142
PAFTOL_019361 0.00000000 0.21966744 0.22048802 0.24263891 0.23373473 0.22076421 0.23399739 0.21993032 0.22857642 0.23796109 0.24456130 0.24733917 0.24924962 0.24019595 0.24591851 0.22926955 0.24003986 0.24760092 0.22672461 0.21947802 0.22034247 0.23708636 0.22970202 0.22637273 0.21125155 0.22842278 0.23533009 0.24211205 0.22438761 0.22744982 0.24101339 0.24580660 0.24635604 0.23394877 0.22801226 0.22055516 0.23936933 0.22153143 0.23063434 0.21744994 0.22732647 0.22022006 0.24430185 0.23983549 0.23112070 0.24647664 0.23607088 0.22017420 0.22914069 0.21049852 0.21953210 0.21184023 0.21013662 0.23716888 0.22081615 0.22621480 0.24435446 0.22451108 0.21846347 0.21016329 0.23977170 0.23350159 0.22923525 0.22782611 0.23127858 0.23070932 0.24752912 0.23378932 0.23388628 0.22998925 0.24527875 0.24451383 0.23317923 0.23239377 0.23591122 0.21142137 0.23625385 0.23599892 0.22777039 0.24396158 0.22801846 0.23321107 0.23561302 0.21724049 0.22918281 0.21584095 0.22580799 0.22225568 0.22584631 0.24540791 0.22273627 0.24590114 0.23789684 0.24380464 0.24704805 0.21919984 0.24287093 0.23224557 0.21863538 0.21906652 0.21235118 0.22174158 0.23265518 0.22063179 0.22238013 0.22478834 0.22231654 0.24344125 0.22350980 0.21267275 0.23490435 0.23279772 0.23178697 0.21526987 0.23086666 0.21776989 0.22312450 0.23973083 0.22012700 0.23255162 0.21698402 0.21557790 0.23095937 0.22820056 0.23144687 0.22020198 0.21134151 0.25618974 0.20931865 0.21899813 0.22593459 0.20921803 0.24460481 0.23136336 0.22830947 0.22404722 0.38711816 0.31603638 0.38115099 0.22501116 0.25480985 0.23056526 
S0055         0.21966744 0.00000000 0.08044773 0.10953823 0.09631426 0.05496188 0.10339387 0.08329534 0.06217707 0.08178061 0.11249526 0.11118299 0.11565481 0.10625328 0.11137148 0.09166446 0.09643677 0.11311820 0.07543120 0.05251821 0.05496726 0.10455209 0.07483424 0.09489638 0.07472049 0.07592049 0.09681173 0.10911703 0.09264797 0.09177679 0.08181096 0.11422505 0.11031851 0.10350256 0.06168912 0.05434275 0.10789343 0.09037080 0.09788503 0.06238354 0.05739209 0.08521338 0.11009259 0.14987942 0.07426850 0.11236986 0.09560401 0.05438630 0.09311760 0.07431056 0.05429836 0.07489541 0.07486777 0.10034009 0.08605328 0.09476075 0.11170738 0.09200770 0.08918853 0.07211389 0.10088670 0.09699122 0.09311218 0.09248137 0.09475091 0.09443254 0.08814297 0.09567643 0.14729762 0.09498634 0.11131345 0.11181763 0.09489498 0.09554928 0.14745659 0.07427309 0.14840856 0.09810954 0.08957516 0.10918514 0.06284484 0.09556252 0.14755137 0.05279016 0.06437230 0.07859535 0.09523602 0.09140421 0.09341617 0.11046172 0.09252723 0.11186387 0.10383252 0.11079186 0.11189876 0.05389804 0.11086443 0.09324936 0.08229771 0.05433019 0.05015804 0.03339313 0.09653686 0.05476710 0.09256557 0.08643203 0.08619438 0.11019293 0.05873755 0.07671879 0.10439444 0.09461674 0.09893222 0.05198147 0.09249243 0.08036845 0.05886711 0.10992531 0.05512231 0.10132359 0.05226010 0.06085281 0.09139976 0.09050958 0.09973367 0.08352248 0.07435170 0.12046579 0.07345037 0.07999200 0.07498105 0.07261782 0.11271871 0.09377894 0.09588264 0.09294123 0.43638234 0.37254929 0.42243302 0.08625087 0.11641185 0.07094664 
S0196sl       0.22048802 0.08044773 0.00000000 0.10394176 0.05869997 0.07924434 0.09886832 0.07565889 0.08413833 0.10274941 0.10809243 0.10301909 0.10727650 0.10090802 0.10329884 0.08559028 0.08971432 0.10403631 0.08651837 0.07663307 0.07920457 0.09837181 0.09078444 0.08849572 0.01780617 0.08894402 0.08769395 0.10034091 0.08747162 0.08640533 0.10031991 0.10606846 0.10069416 0.09816863 0.08717755 0.07797079 0.10217336 0.08444267 0.09253477 0.07806674 0.07904716 0.04288772 0.10134678 0.14905131 0.09112263 0.10368806 0.08918947 0.07868888 0.08696707 0.01717564 0.07884557 0.01774678 0.01800271 0.09478513 0.04444584 0.08833993 0.10306888 0.08554761 0.08384844 0.06367818 0.09649017 0.08691106 0.08758258 0.08680050 0.08831546 0.08794650 0.10747436 0.05578191 0.14489667 0.08878814 0.10174374 0.10351683 0.08964731 0.09115481 0.14549098 0.01725932 0.14643268 0.09303962 0.08190809 0.10131131 0.08874900 0.08892986 0.14497130 0.07696328 0.09007547 0.07018276 0.08916611 0.08473400 0.08682202 0.10220678 0.08718310 0.10696851 0.09564036 0.10249742 0.10308040 0.07820771 0.10227642 0.08855144 0.07501670 0.07874387 0.07337653 0.08320850 0.09013002 0.08024899 0.08735091 0.07858411 0.07846853 0.10460266 0.08409335 0.01965115 0.09813531 0.05497610 0.09271123 0.07615754 0.08579417 0.07249280 0.08352709 0.10518009 0.07990230 0.09550945 0.07682622 0.07586751 0.08649444 0.08471598 0.09316367 0.07669956 0.06586217 0.11760452 0.04470584 0.07293297 0.08610757 0.06406031 0.10461877 0.05475727 0.09008610 0.08842452 0.45474291 0.37829781 0.43895927 0.07903424 0.10365702 0.09379263 
S0278         0.24263891 0.10953823 0.10394176 0.00000000 0.11793903 0.10935899 0.04864571 0.10672469 0.11685317 0.13099157 0.05074161 0.13244193 0.13577574 0.05023486 0.13263932 0.11610982 0.12558796 0.13306928 0.11634382 0.10650486 0.10900382 0.05356864 0.12049212 0.04685914 0.09691522 0.11720756 0.05890332 0.13006758 0.06337069 0.11359839 0.12725336 0.13545149 0.13335943 0.04195284 0.11623432 0.10825412 0.04979965 0.06779779 0.08336641 0.10650381 0.11173882 0.10716338 0.13027974 0.16628401 0.11945566 0.13310867 0.12010473 0.10820655 0.11463649 0.09636176 0.10817375 0.09745774 0.09697591 0.12214674 0.10824565 0.07199412 0.13388735 0.07814106 0.06814462 0.09646901 0.05309764 0.11839373 0.11502922 0.11373089 0.11659059 0.11643228 0.13927788 0.11826630 0.16431284 0.11973789 0.13420993 0.13260721 0.11663237 0.11716065 0.16366036 0.09668708 0.16472481 0.11970923 0.11467231 0.13128565 0.11664538 0.11833369 0.16349894 0.10671761 0.11935663 0.10399456 0.04684454 0.07685935 0.07956679 0.13193254 0.06968572 0.04223864 0.12610457 0.13104840 0.13266609 0.10805066 0.13227165 0.11912377 0.10580895 0.10790064 0.10283985 0.11199508 0.11894632 0.10941927 0.07251753 0.10964178 0.10949445 0.05143346 0.11295301 0.09888761 0.05291546 0.11758057 0.08352230 0.10552238 0.11522702 0.10506190 0.11331672 0.05001558 0.10959918 0.07946245 0.10684089 0.10526082 0.11718420 0.11561901 0.08596461 0.10715111 0.09851361 0.13872891 0.09514661 0.10537808 0.11577655 0.09698653 0.13375355 0.11891992 0.05361193 0.08079517 0.46195948 0.39904454 0.45299967 0.11175423 0.13040906 0.11957271 
S0281         0.23373473 0.09631426 0.05869997 0.11793903 0.00000000 0.09756932 0.11385406 0.09212913 0.10497231 0.11979246 0.12108226 0.11592344 0.11833359 0.11605459 0.11559587 0.10152580 0.10761101 0.11594281 0.10399729 0.09524200 0.09704677 0.11490226 0.10791215 0.10558852 0.05255937 0.10387144 0.10954965 0.11268501 0.10436430 0.10000816 0.11464347 0.11760596 0.11468800 0.11270914 0.10398676 0.09717476 0.11622249 0.10151862 0.10747810 0.09641889 0.10076039 0.05496722 0.11398879 0.16274509 0.10873656 0.11629950 0.10959601 0.09653005 0.10133742 0.05170272 0.09724558 0.05254376 0.05214766 0.10787174 0.05562554 0.10494700 0.11631186 0.10178249 0.09970194 0.08328685 0.11159013 0.10169142 0.10177232 0.10062039 0.10269646 0.10228685 0.12541819 0.06298423 0.15985426 0.10993596 0.11642230 0.11479618 0.10268653 0.10368053 0.15958523 0.05248587 0.16095017 0.10697599 0.10002087 0.11311187 0.10265401 0.10326527 0.15923428 0.09535008 0.10621544 0.08995920 0.10546475 0.10082253 0.10309463 0.11461505 0.10284531 0.11971640 0.10862620 0.11516594 0.11523958 0.09673233 0.11497519 0.10260358 0.09204905 0.09685462 0.09144051 0.09834012 0.10409811 0.09550455 0.10414455 0.09552554 0.09511525 0.11950362 0.10064646 0.05413389 0.11456818 0.06253457 0.10836400 0.09396944 0.10112752 0.09094738 0.10050418 0.11836926 0.09698058 0.11190133 0.09488155 0.09369387 0.10137459 0.10032855 0.10885878 0.09340189 0.08483834 0.12834494 0.06446237 0.09083560 0.10204449 0.08368863 0.11637526 0.06236411 0.10641682 0.10612362 0.44694846 0.38438721 0.43398548 0.09531778 0.12845633 0.10865790 
S0282         0.22076421 0.05496188 0.07924434 0.10935899 0.09756932 0.00000000 0.10379363 0.08338591 0.02447206 0.07127994 0.11237670 0.11150630 0.11542018 0.10668486 0.11097459 0.09316480 0.09772465 0.11214776 0.07467881 0.01544659 0.02246204 0.10511241 0.07437055 0.09468132 0.07398252 0.07565822 0.09800936 0.10853606 0.09230274 0.09255054 0.08156355 0.11425011 0.10866541 0.10380181 0.04208423 0.02186609 0.10736036 0.09026538 0.09796130 0.06138924 0.01917490 0.08477051 0.11010087 0.15100340 0.07422275 0.11203941 0.09584725 0.02674172 0.09385762 0.07339265 0.01744874 0.07396131 0.07411708 0.10110154 0.08590297 0.09448559 0.11183738 0.09187931 0.08908935 0.07223829 0.10120613 0.09644549 0.09386355 0.09339278 0.09561829 0.09500110 0.07847936 0.09597913 0.14818890 0.09411403 0.11127510 0.11151275 0.09613702 0.09717724 0.14814352 0.07361637 0.14925356 0.09909676 0.09031869 0.10886372 0.05773041 0.09639896 0.14838888 0.01721341 0.05287600 0.07901397 0.09500413 0.09109615 0.09368499 0.11025795 0.09244257 0.11194585 0.10378007 0.11060385 0.11112977 0.02143850 0.11088286 0.09509775 0.08277112 0.01964093 0.01985275 0.05794438 0.09656044 0.04951482 0.09282643 0.08665649 0.08635754 0.11036713 0.04669102 0.07581915 0.10439737 0.09497623 0.09903044 0.01551303 0.09276048 0.08096049 0.03156399 0.11022190 0.04112142 0.10153233 0.03944087 0.05869485 0.09304301 0.09205441 0.09936226 0.08364223 0.07451746 0.12059351 0.07244256 0.08073166 0.07432402 0.07244488 0.11156777 0.09490040 0.09605065 0.09242632 0.44448023 0.37459664 0.42628425 0.08587873 0.11558248 0.05034748 
S0289         0.23399739 0.10339387 0.09886832 0.04864571 0.11385406 0.10379363 0.00000000 0.10142245 0.11155634 0.12539942 0.05138779 0.12750687 0.13050629 0.04239008 0.12753936 0.11151503 0.12100786 0.12851022 0.11095143 0.10154558 0.10313513 0.04747842 0.11549656 0.04254604 0.09234898 0.11174229 0.05460695 0.12519973 0.05875154 0.10904494 0.12148205 0.13016512 0.12712855 0.04454925 0.11082299 0.10311693 0.04955706 0.06235413 0.07785493 0.10059549 0.10652889 0.10242793 0.12609809 0.16046581 0.11409245 0.12848755 0.11420759 0.10285961 0.11057981 0.09156878 0.10276864 0.09245075 0.09206788 0.11741674 0.10334543 0.06636025 0.12880760 0.07218211 0.06301542 0.09163941 0.04925571 0.11344150 0.11031730 0.10863428 0.11172593 0.11162584 0.13215589 0.11336154 0.15864761 0.11467080 0.12999069 0.12884225 0.11127802 0.11240604 0.15790348 0.09200028 0.15931686 0.11515089 0.10941335 0.12669640 0.11156009 0.11225226 0.15781097 0.10127344 0.11366741 0.09785555 0.04251818 0.07088395 0.07418385 0.12712659 0.06381714 0.05124993 0.12179027 0.12674884 0.12762592 0.10252981 0.12782071 0.11368081 0.10124148 0.10277800 0.09755412 0.10531418 0.11337409 0.10380866 0.06778835 0.10467078 0.10410703 0.04487637 0.10761840 0.09390958 0.04647273 0.11293636 0.07798282 0.10025864 0.10914043 0.09960387 0.10768419 0.04916602 0.10433691 0.07381676 0.10078467 0.09906179 0.11135057 0.11061272 0.08024684 0.10209916 0.09322826 0.13474090 0.09032205 0.09974836 0.11027386 0.09188581 0.12901752 0.11354823 0.04978072 0.07598250 0.45477642 0.39146273 0.43577139 0.10704805 0.13970086 0.11676188 
S0292         0.21993032 0.08329534 0.07565889 0.10672469 0.09212913 0.08338591 0.10142245 0.00000000 0.09143693 0.10700230 0.10981925 0.11098249 0.11432790 0.10404414 0.11115220 0.07007378 0.07708752 0.11164022 0.09138986 0.08135915 0.08353656 0.10228760 0.09511569 0.09185656 0.07044172 0.09209699 0.09724392 0.10843375 0.09109942 0.07409862 0.10116236 0.11379664 0.11048859 0.10055218 0.09106268 0.08341955 0.10469117 0.08870986 0.09565769 0.08142865 0.08577917 0.08076182 0.10998505 0.15227039 0.09438394 0.11179032 0.09126681 0.08317641 0.07478932 0.06968645 0.08303567 0.07022915 0.07020523 0.08264662 0.08183022 0.09189608 0.11196195 0.08973645 0.08807816 0.05970015 0.09947863 0.09605831 0.07530977 0.07579091 0.07666623 0.07640799 0.11445813 0.09255155 0.14890937 0.09133757 0.11145045 0.11237616 0.07849706 0.07906636 0.14964888 0.06997923 0.14987018 0.08152301 0.06915726 0.10931391 0.09225190 0.04547818 0.14896676 0.08123053 0.09420404 0.06182365 0.09211044 0.08875348 0.09133431 0.11041680 0.08997646 0.10866254 0.10456272 0.11069692 0.11103166 0.08244467 0.11060793 0.07356651 0.01725494 0.08266946 0.07780995 0.08481683 0.04514079 0.08368100 0.09177743 0.02431613 0.01871381 0.10706698 0.08841255 0.07233343 0.10205983 0.09170662 0.09668912 0.08049444 0.04149720 0.05942958 0.08775588 0.10625689 0.08444652 0.09967139 0.08129089 0.07874275 0.07184253 0.06976278 0.09724406 0.06695179 0.06134307 0.11667703 0.06826642 0.05914031 0.09039516 0.06003094 0.11220979 0.09322814 0.09378320 0.09158616 0.44775573 0.37277102 0.42778969 0.06451645 0.08923552 0.09606447 
S0293         0.22857642 0.06217707 0.08413833 0.11685317 0.10497231 0.02447206 0.11155634 0.09143693 0.00000000 0.07854163 0.11914100 0.11917306 0.12366613 0.11348723 0.11842993 0.10118314 0.10312512 0.11939725 0.08060265 0.02201734 0.02980693 0.11152056 0.08058874 0.10163154 0.08136591 0.08282865 0.10178383 0.11637759 0.09975126 0.10037018 0.08918604 0.12157073 0.11466967 0.11152944 0.04931172 0.02857172 0.11503293 0.09739627 0.10523504 0.06900979 0.02583268 0.09235035 0.11826917 0.15880187 0.08174891 0.11993585 0.10235191 0.03414003 0.10128537 0.08072773 0.02446793 0.08112673 0.08118043 0.10914956 0.09335853 0.10152422 0.11963302 0.09875423 0.09633810 0.07946513 0.10604900 0.10373339 0.10135279 0.10086349 0.10259951 0.10284032 0.08485911 0.10293890 0.15657770 0.10140017 0.11759260 0.11898613 0.10405309 0.10508926 0.15612174 0.08029493 0.15738107 0.10688340 0.09779134 0.11638458 0.06443292 0.10454913 0.15639970 0.02447415 0.06018123 0.08634406 0.10239002 0.09817145 0.10044743 0.11837280 0.10043372 0.11962963 0.11113503 0.11817443 0.11868787 0.02879976 0.11889971 0.10277276 0.09026789 0.02725563 0.02717621 0.06562165 0.10536793 0.05631579 0.09920573 0.09430517 0.09390006 0.11779568 0.05367992 0.08276493 0.11103595 0.10174676 0.10581532 0.02278784 0.10020163 0.08823723 0.03882503 0.11785277 0.04805588 0.10836360 0.04661701 0.06572838 0.10039861 0.09930079 0.10669376 0.09076140 0.08175750 0.12696452 0.07942720 0.08823658 0.08057249 0.07985593 0.11891599 0.10188733 0.10351829 0.09730432 0.45565715 0.38222740 0.43740395 0.09437499 0.12304437 0.05601667 
S0294         0.23796109 0.08178061 0.10274941 0.13099157 0.11979246 0.07127994 0.12539942 0.10700230 0.07854163 0.00000000 0.13323798 0.13377026 0.13761155 0.12841829 0.13338493 0.11598257 0.12232846 0.13623910 0.09707868 0.06932504 0.07089626 0.12789920 0.09543176 0.11687229 0.09723870 0.09797154 0.12078097 0.13175360 0.11477012 0.11548931 0.10129616 0.13616928 0.13191133 0.12462766 0.08036930 0.07068449 0.12950080 0.11252343 0.12008029 0.08353416 0.07288296 0.10671604 0.13221599 0.16930395 0.09389909 0.13454768 0.11812034 0.07130160 0.11798683 0.09652867 0.07048462 0.09762106 0.09724433 0.12326702 0.10809649 0.11605511 0.13310848 0.11411192 0.11052114 0.09552684 0.12533932 0.11917611 0.11761559 0.11588447 0.11858917 0.11816004 0.06315952 0.11770626 0.16676074 0.11688932 0.13284186 0.13268524 0.11841704 0.11978928 0.16645945 0.09700274 0.16759665 0.12172689 0.11320571 0.13009318 0.08578269 0.11975236 0.16652381 0.06904663 0.08500141 0.10266662 0.11742900 0.11293086 0.11586640 0.13308657 0.11416361 0.13418407 0.12584336 0.13271039 0.13391606 0.07028163 0.13164985 0.11786615 0.10589652 0.07089829 0.06672546 0.08400833 0.12033636 0.07785366 0.11396463 0.11038717 0.10983435 0.13279736 0.07894198 0.09903410 0.12721418 0.11665220 0.12083347 0.06842681 0.11737159 0.10571460 0.07665455 0.13247557 0.07561143 0.12390828 0.07341066 0.08179815 0.11682426 0.11533558 0.12272558 0.10809121 0.09851695 0.14055266 0.09686808 0.10579184 0.09718216 0.09691989 0.13496953 0.11573870 0.11793854 0.11627596 0.44321707 0.38386507 0.43058689 0.10555787 0.13134532 0.08348108 
S0299         0.24456130 0.11249526 0.10809243 0.05074161 0.12108226 0.11237670 0.05138779 0.10981925 0.11914100 0.13323798 0.00000000 0.13530071 0.13922354 0.05221533 0.13585317 0.11932255 0.12824655 0.13521073 0.11868987 0.10953734 0.11145809 0.05697325 0.12347234 0.05204494 0.10077709 0.12019853 0.06325533 0.13316888 0.06778651 0.11598317 0.12948480 0.13875521 0.13521475 0.04859577 0.11909749 0.11147369 0.05493085 0.07147304 0.08656334 0.11014807 0.11494016 0.11057263 0.13488589 0.16879694 0.12267899 0.13674221 0.12138168 0.11116293 0.11719555 0.10043222 0.11139913 0.10150414 0.10091643 0.12429828 0.11184034 0.07563323 0.13678556 0.08145607 0.07181365 0.10003397 0.05683737 0.12143928 0.11745387 0.11596051 0.11893174 0.11892580 0.14091368 0.12129687 0.16723518 0.12270542 0.13727573 0.13559972 0.11874130 0.11888628 0.16599037 0.10099388 0.16727892 0.12221067 0.11741269 0.13461122 0.11966576 0.12067703 0.16589176 0.10932448 0.12124265 0.10668615 0.05165260 0.08012408 0.08334569 0.13535691 0.07302917 0.05396423 0.12960566 0.13444906 0.13561861 0.11090708 0.13575992 0.12147409 0.10924206 0.11073355 0.10568587 0.11399709 0.12106855 0.11241344 0.07665357 0.11334454 0.11286406 0.05360527 0.11573996 0.10281915 0.05593898 0.12095019 0.08772362 0.10849256 0.11721933 0.10707082 0.11513296 0.05179266 0.11172819 0.08255372 0.10908537 0.10719203 0.11910642 0.11734754 0.08845209 0.10861058 0.10065499 0.13794322 0.09844272 0.10768769 0.11734568 0.09947732 0.13620862 0.12120955 0.05813218 0.08338800 0.47060983 0.40344450 0.45373542 0.11833437 0.13902594 0.12528961 
S0303         0.24733917 0.11118299 0.10301909 0.13244193 0.11592344 0.11150630 0.12750687 0.11098249 0.11917306 0.13377026 0.13530071 0.00000000 0.07155125 0.13028847 0.01906165 0.11937554 0.12562489 0.01731046 0.11756725 0.10924639 0.11063362 0.12889962 0.12261756 0.11836502 0.09668440 0.11813560 0.12280965 0.01623866 0.11703947 0.11867863 0.13068249 0.08168888 0.01805797 0.12697364 0.11862149 0.11070563 0.13151081 0.11462332 0.12181760 0.11018694 0.11462201 0.10535073 0.01709495 0.17235572 0.12324457 0.01482009 0.12200642 0.11059825 0.11951992 0.09625196 0.11107936 0.09717694 0.09665283 0.12612884 0.10617652 0.11919883 0.07990452 0.11618258 0.11372487 0.10013028 0.12586856 0.04483407 0.12003827 0.11819768 0.12084584 0.12064742 0.13971146 0.11311792 0.17094475 0.12285501 0.08050304 0.08205685 0.12129926 0.12230319 0.16998540 0.09654824 0.17050392 0.12497213 0.11784993 0.07825867 0.11791696 0.12258608 0.16978179 0.10925727 0.12032753 0.10653457 0.11921116 0.11520212 0.11664385 0.01777406 0.11571960 0.13473802 0.07421405 0.01844943 0.01763559 0.11023757 0.07869161 0.12114550 0.11079023 0.11086113 0.10510376 0.11333505 0.12323587 0.11017481 0.11724178 0.11371602 0.11371697 0.13399498 0.11502025 0.09867074 0.12742037 0.11234547 0.12233789 0.10817717 0.12016804 0.10909263 0.11583804 0.13304952 0.11231580 0.12425129 0.10898896 0.10846538 0.12011247 0.11918458 0.12307487 0.11181740 0.10204562 0.14484622 0.09607103 0.10944703 0.11776572 0.10096340 0.01941494 0.11203811 0.12061243 0.11979914 0.46188071 0.39487938 0.44057040 0.11240691 0.14980847 0.12241804 
S0308         0.24924962 0.11565481 0.10727650 0.13577574 0.11833359 0.11542018 0.13050629 0.11432790 0.12366613 0.13761155 0.13922354 0.07155125 0.00000000 0.13515899 0.07151924 0.12363580 0.13215535 0.06978548 0.12325673 0.11338484 0.11485489 0.13270690 0.12712735 0.12193453 0.10068206 0.12261832 0.12801602 0.06855612 0.12087094 0.12184968 0.13444581 0.08469890 0.07202080 0.13022913 0.12273092 0.11517535 0.13440438 0.11835225 0.12541335 0.11459478 0.11919128 0.10856358 0.06953350 0.17795015 0.12750602 0.07098131 0.12749887 0.11438260 0.12263479 0.09988569 0.11455469 0.10092925 0.10008612 0.12962342 0.10933598 0.12261344 0.08277069 0.11997235 0.11764064 0.10359161 0.12849548 0.05936242 0.12395731 0.12214420 0.12463724 0.12444576 0.14478943 0.11565815 0.17499225 0.12831436 0.08337143 0.08474851 0.12488025 0.12572196 0.17453865 0.10047859 0.17540460 0.12866491 0.12163242 0.08048869 0.12227384 0.12617875 0.17533572 0.11309302 0.12450161 0.11130127 0.12241280 0.11890459 0.12132644 0.07063448 0.11946867 0.13809324 0.07744555 0.07065931 0.07102683 0.11426075 0.08153792 0.12485818 0.11460222 0.11487054 0.10973066 0.11632427 0.12630125 0.11429370 0.12064297 0.11803676 0.11705037 0.13742880 0.11924151 0.10217894 0.13223167 0.11505264 0.12617709 0.11140346 0.12425727 0.11413868 0.12042122 0.13733920 0.11700993 0.12927471 0.11327067 0.11285736 0.12457031 0.12353556 0.12795456 0.11602849 0.10658216 0.14961755 0.09958883 0.11424546 0.12203878 0.10514417 0.07221274 0.11360798 0.12403977 0.12291015 0.45607354 0.39750783 0.44651255 0.11320230 0.14625355 0.12535829 
S0320         0.24019595 0.10625328 0.10090802 0.05023486 0.11605459 0.10668486 0.04239008 0.10404414 0.11348723 0.12841829 0.05221533 0.13028847 0.13515899 0.00000000 0.13104339 0.11420143 0.12187035 0.13161847 0.11332666 0.10398178 0.10578516 0.04972546 0.11745308 0.04484149 0.09517148 0.11432021 0.05632480 0.12835654 0.06180425 0.11116656 0.12397625 0.13282658 0.12987311 0.04578902 0.11391127 0.10562156 0.05059068 0.06539218 0.08081923 0.10437550 0.10845988 0.10539656 0.12988451 0.16395468 0.11703168 0.13213515 0.11727932 0.10583248 0.11163152 0.09457924 0.10575696 0.09542971 0.09486215 0.11975232 0.10669598 0.06916955 0.13159773 0.07492918 0.06491887 0.09394759 0.05027531 0.11659744 0.11275148 0.11107727 0.11395283 0.11309727 0.13497463 0.11683099 0.16275729 0.11711374 0.13113755 0.13079072 0.11400156 0.11465857 0.16209906 0.09454234 0.16326505 0.11773979 0.11302877 0.12920234 0.11411649 0.11573112 0.16136148 0.10418406 0.11637978 0.10086322 0.04508756 0.07410594 0.07676265 0.13036235 0.06702063 0.05264743 0.12392988 0.12991885 0.13090887 0.10551776 0.13093751 0.11614076 0.10365559 0.10575885 0.10002207 0.10821062 0.11589919 0.10672770 0.07073594 0.10761296 0.10712434 0.04269261 0.11064367 0.09688329 0.04836876 0.11586693 0.08154639 0.10259542 0.11284129 0.10296773 0.11111202 0.05048723 0.10687597 0.07652591 0.10363058 0.10243333 0.11434506 0.11331534 0.08378313 0.10491120 0.09587413 0.13606065 0.09332750 0.10300398 0.11299870 0.09446084 0.13169188 0.11618984 0.05248314 0.07704894 0.45612393 0.39046843 0.44324468 0.10757325 0.13508770 0.11551927 
S0322         0.24591851 0.11137148 0.10329884 0.13263932 0.11559587 0.11097459 0.12753936 0.11115220 0.11842993 0.13338493 0.13585317 0.01906165 0.07151924 0.13104339 0.00000000 0.12008147 0.12577588 0.01571384 0.11754830 0.10909036 0.11054582 0.12853031 0.12269467 0.11843077 0.09674684 0.11841657 0.12321466 0.01630879 0.11701855 0.11895298 0.13012120 0.08176502 0.02084617 0.12640249 0.11839713 0.11062400 0.13126995 0.11490087 0.12188334 0.11014461 0.11429466 0.10547950 0.01383538 0.17232292 0.12361055 0.01774124 0.12317588 0.11041988 0.11941675 0.09605070 0.11079615 0.09687940 0.09660535 0.12621353 0.10631784 0.11873876 0.08012558 0.11602427 0.11335945 0.10016384 0.12570049 0.04466173 0.12066568 0.11837646 0.12160815 0.12052993 0.13945810 0.11298617 0.17009029 0.12346562 0.08056406 0.08239866 0.12164125 0.12234134 0.16977807 0.09670403 0.17060923 0.12527398 0.11808651 0.07833499 0.11827078 0.12265970 0.16998114 0.10902888 0.12045194 0.10689458 0.11944407 0.11499461 0.11748441 0.01748727 0.11561799 0.13501096 0.07431376 0.01882781 0.01809309 0.11017477 0.07848783 0.12116070 0.11110024 0.11089356 0.10508257 0.11336524 0.12328847 0.11070685 0.11740148 0.11413761 0.11376605 0.13425899 0.11499872 0.09852866 0.12887054 0.11243424 0.12285272 0.10758787 0.12062011 0.10949628 0.11603680 0.13339303 0.11262005 0.12462847 0.10899786 0.10899871 0.12006028 0.11934758 0.12358912 0.11191694 0.10229238 0.14466947 0.09594027 0.10991053 0.11812416 0.10119524 0.01969827 0.11207329 0.12034165 0.12070065 0.45779019 0.39607758 0.44080513 0.11082947 0.14676729 0.11929541 
S0335         0.22926955 0.09166446 0.08559028 0.11610982 0.10152580 0.09316480 0.11151503 0.07007378 0.10118314 0.11598257 0.11932255 0.11937554 0.12363580 0.11420143 0.12008147 0.00000000 0.05918042 0.12043750 0.10040122 0.09068962 0.09277675 0.11211935 0.10444445 0.10233331 0.07986541 0.10069629 0.10706899 0.11740634 0.10045350 0.08607271 0.10933251 0.12215633 0.11806968 0.11106497 0.10015034 0.09275371 0.11439310 0.09863965 0.10551406 0.09042228 0.09624303 0.09002532 0.11827021 0.16187489 0.10355749 0.12005140 0.10169867 0.09247159 0.08706829 0.07924091 0.09240624 0.07990059 0.07989990 0.09372089 0.09128929 0.10235181 0.11984792 0.09899568 0.09763298 0.06905553 0.11049715 0.10463273 0.08738355 0.08667146 0.08810981 0.08828889 0.12294149 0.10138824 0.15843038 0.10063347 0.11977098 0.12043374 0.08920871 0.08972573 0.15885584 0.07943591 0.15941142 0.09242349 0.06345440 0.11746458 0.10103201 0.08185384 0.15832941 0.09065752 0.10295681 0.07171926 0.10161271 0.09855242 0.10109370 0.11924148 0.09984598 0.11868344 0.11304890 0.11916214 0.11979912 0.09172600 0.11880074 0.05696772 0.07050563 0.09223717 0.08697233 0.09351906 0.08246409 0.09303255 0.10134235 0.07333346 0.07269827 0.11732331 0.09699451 0.08182425 0.11269203 0.10032591 0.10659669 0.08977907 0.07956969 0.05049374 0.09721480 0.11696335 0.09363835 0.10923791 0.09090875 0.08827816 0.05506103 0.03079041 0.10675989 0.07771261 0.07036010 0.12558124 0.07738801 0.05023841 0.09905240 0.06945483 0.12024630 0.10079293 0.10434788 0.10116967 0.45275743 0.38455031 0.44026439 0.05560597 0.04407384 0.10447050 
S0345         0.24003986 0.09643677 0.08971432 0.12558796 0.10761101 0.09772465 0.12100786 0.07708752 0.10312512 0.12232846 0.12824655 0.12562489 0.13215535 0.12187035 0.12577588 0.05918042 0.00000000 0.12669415 0.10385059 0.09520120 0.09731626 0.11934578 0.10809598 0.11001220 0.08605956 0.10552717 0.11271720 0.12359680 0.10935034 0.09298893 0.11386008 0.12797439 0.12400329 0.11837516 0.10449947 0.09650620 0.12393255 0.10544750 0.11304146 0.09670918 0.09777889 0.09632327 0.12414402 0.16990581 0.10956032 0.12740236 0.10866366 0.09697277 0.09278623 0.08557713 0.09729729 0.08567242 0.08577735 0.10109299 0.09685268 0.10916119 0.12639247 0.10704437 0.10506932 0.07604953 0.11571211 0.11029458 0.09492739 0.09462977 0.09429524 0.09481122 0.12641483 0.10562816 0.16654701 0.10692872 0.12561038 0.12644892 0.09686477 0.09703270 0.16695903 0.08555177 0.16848243 0.10049024 0.07108421 0.12487832 0.10458307 0.08880863 0.16677281 0.09596189 0.10715577 0.07864160 0.10960562 0.10587288 0.10844131 0.12495489 0.10636007 0.12711241 0.11938548 0.12489258 0.12555254 0.09699581 0.12452522 0.03766631 0.07585844 0.09693978 0.09131105 0.09964003 0.08898375 0.09742995 0.10809668 0.07961571 0.07919715 0.12474074 0.10177360 0.08822032 0.11929716 0.10474885 0.11453804 0.09442289 0.08560758 0.05751762 0.10228361 0.12411158 0.09861062 0.11831342 0.09528194 0.09426637 0.03197204 0.05951228 0.11435520 0.08405795 0.07712753 0.13403451 0.08414192 0.05731537 0.10437095 0.07695094 0.12591147 0.10425049 0.11268282 0.10640317 0.46024408 0.38540139 0.44804191 0.06016756 0.07679283 0.10849477 
S0355         0.24760092 0.11311820 0.10403631 0.13306928 0.11594281 0.11214776 0.12851022 0.11164022 0.11939725 0.13623910 0.13521073 0.01731046 0.06978548 0.13161847 0.01571384 0.12043750 0.12669415 0.00000000 0.11785434 0.10933537 0.11131566 0.12882553 0.12439920 0.11928835 0.09768419 0.12005193 0.12309254 0.01480380 0.11711694 0.12042206 0.13207754 0.08189846 0.01984095 0.12778898 0.11969753 0.11159784 0.13275122 0.11447573 0.12254470 0.11055084 0.11516935 0.10652534 0.01408499 0.17481303 0.12522034 0.01670605 0.12399392 0.11121000 0.12184536 0.09681727 0.11139969 0.09821374 0.09735776 0.12807138 0.10714414 0.11915686 0.07987807 0.11614909 0.11386341 0.09997263 0.12538768 0.04312088 0.12148343 0.12068331 0.12191464 0.12254281 0.14154452 0.11317628 0.17254187 0.12455603 0.08126551 0.08180711 0.12330543 0.12387521 0.17253998 0.09719441 0.17277757 0.12690746 0.11880468 0.07787228 0.11984886 0.12424208 0.17241655 0.10926858 0.12198467 0.10761558 0.11985687 0.11547316 0.11737341 0.01641275 0.11652550 0.13644624 0.07431284 0.01711966 0.01624065 0.11081050 0.07876874 0.12223760 0.11157038 0.11184800 0.10593946 0.11511308 0.12486307 0.11196198 0.11776311 0.11417391 0.11417601 0.13496867 0.11651548 0.09930386 0.12938270 0.11241662 0.12298669 0.10857975 0.12060241 0.10884204 0.11555355 0.13364870 0.11241243 0.12514300 0.10952438 0.10805745 0.11999573 0.11926854 0.12350652 0.11154451 0.10132419 0.14531075 0.09549502 0.10860589 0.11804183 0.10072989 0.01849244 0.11220704 0.12059097 0.11981481 0.38658917 0.40177784 0.39936322 0.09670849 0.14788170 0.10815655 
S0376         0.22672461 0.07543120 0.08651837 0.11634382 0.10399729 0.07467881 0.11095143 0.09138986 0.08060265 0.09707868 0.11868987 0.11756725 0.12325673 0.11332666 0.11754830 0.10040122 0.10385059 0.11785434 0.00000000 0.07181751 0.07410343 0.11153046 0.08635521 0.10227914 0.08242020 0.04180332 0.10284686 0.11562272 0.10049508 0.09835464 0.09416536 0.12005012 0.11477968 0.11026122 0.08151477 0.07316295 0.11464408 0.09811386 0.10572636 0.07428772 0.07489701 0.09215834 0.11650235 0.15595205 0.08704629 0.11881310 0.10253802 0.07384920 0.09837839 0.08223377 0.07396052 0.08264995 0.08245916 0.10688872 0.09334759 0.10175287 0.11925273 0.09971968 0.09745074 0.08024690 0.10588342 0.10398759 0.09981594 0.09963191 0.10140053 0.10082407 0.10219525 0.10137999 0.15404465 0.10160529 0.11792864 0.11834005 0.10221865 0.10288722 0.15342604 0.08182221 0.15477140 0.10546890 0.09735994 0.11651597 0.08097340 0.10381176 0.15316531 0.07240517 0.08439711 0.08649095 0.10291369 0.09970398 0.10138968 0.11661553 0.10087490 0.11896377 0.11149921 0.11727976 0.11777912 0.07357749 0.11808282 0.10153583 0.09042301 0.07391595 0.06885979 0.07743191 0.10489070 0.07368685 0.10000512 0.09460793 0.09419184 0.11716778 0.07891988 0.08424576 0.11065903 0.10093786 0.10693210 0.07157915 0.10010660 0.08827452 0.07804336 0.11558054 0.07463417 0.10820023 0.07198447 0.07172409 0.09920550 0.09893369 0.10734653 0.09032138 0.08210196 0.12420871 0.08082279 0.08792454 0.04148699 0.08030347 0.11727795 0.10117623 0.10364651 0.09946169 0.43872631 0.37357878 0.42689198 0.09430483 0.11976607 0.08779621 
S0400         0.21947802 0.05251821 0.07663307 0.10650486 0.09524200 0.01544659 0.10154558 0.08135915 0.02201734 0.06932504 0.10953734 0.10924639 0.11338484 0.10398178 0.10909036 0.09068962 0.09520120 0.10933537 0.07181751 0.00000000 0.01997269 0.10247092 0.07181931 0.09229384 0.07152936 0.07342226 0.09539061 0.10652101 0.09010513 0.09058758 0.07946447 0.11193190 0.10666855 0.10127621 0.03964600 0.01929189 0.10491100 0.08777037 0.09535649 0.05864116 0.01612549 0.08222472 0.10792570 0.14918985 0.07189581 0.10963140 0.09321693 0.02450829 0.09189418 0.07087681 0.01471023 0.07147385 0.07154315 0.09886332 0.08345360 0.09200715 0.10982359 0.08880211 0.08656077 0.07008375 0.09821333 0.09401667 0.09189100 0.09107767 0.09311317 0.09282625 0.07590894 0.09333957 0.14598855 0.09206182 0.10868803 0.10960451 0.09407391 0.09507737 0.14643914 0.07090603 0.14778308 0.09692582 0.08769745 0.10679999 0.05511669 0.09417885 0.14649351 0.01430447 0.05034354 0.07612205 0.09245124 0.08849271 0.09083013 0.10840113 0.09035950 0.10963569 0.10165526 0.10842829 0.10903830 0.01884925 0.10889568 0.09251936 0.08055436 0.01678846 0.01751909 0.05564229 0.09459173 0.04671449 0.09013088 0.08433494 0.08422224 0.10784962 0.04422046 0.07315739 0.10167337 0.09228795 0.09650469 0.01318485 0.08980621 0.07811770 0.02870955 0.10733294 0.03818459 0.09839824 0.03695291 0.05585904 0.09020880 0.08912268 0.09649282 0.08108363 0.07175920 0.11807418 0.06963048 0.07799218 0.07175002 0.06994819 0.10878910 0.09252598 0.09332671 0.08926913 0.44758464 0.37344975 0.42631984 0.08526681 0.11476810 0.04928315 
S0405         0.22034247 0.05496726 0.07920457 0.10900382 0.09704677 0.02246204 0.10313513 0.08353656 0.02980693 0.07089626 0.11145809 0.11063362 0.11485489 0.10578516 0.11054582 0.09277675 0.09731626 0.11131566 0.07410343 0.01997269 0.00000000 0.10400804 0.07380783 0.09401911 0.07380138 0.07547293 0.09746570 0.10787514 0.09204224 0.09215773 0.08134166 0.11346289 0.10807633 0.10294826 0.04221591 0.01800051 0.10651169 0.09003176 0.09736248 0.06098609 0.02351083 0.08429791 0.10945492 0.15017396 0.07381642 0.11125683 0.09535597 0.02698065 0.09364761 0.07298544 0.02184342 0.07368672 0.07383515 0.10098717 0.08544126 0.09398625 0.11103493 0.09114773 0.08861928 0.07226963 0.10056778 0.09603367 0.09377373 0.09299748 0.09528314 0.09454444 0.07771084 0.09535232 0.14742125 0.09377028 0.11004181 0.11083685 0.09578645 0.09700119 0.14710998 0.07322445 0.14853322 0.09871401 0.08993580 0.10777692 0.05738720 0.09644874 0.14744207 0.02035969 0.05293494 0.07841623 0.09430737 0.09073973 0.09303760 0.10967664 0.09198566 0.11152848 0.10321007 0.10996823 0.11051125 0.01809012 0.10990692 0.09477973 0.08273172 0.02275366 0.01637837 0.05804949 0.09670495 0.04916586 0.09257871 0.08665413 0.08647688 0.10984744 0.04693130 0.07537484 0.10395855 0.09444922 0.09848827 0.01992801 0.09251402 0.08057476 0.03160461 0.10916502 0.04071525 0.10051200 0.03964077 0.05837612 0.09254618 0.09164220 0.09875707 0.08353362 0.07429401 0.11961487 0.07216662 0.08037552 0.07396063 0.07255661 0.11103705 0.09475536 0.09556078 0.09226388 0.44520191 0.37116294 0.42294573 0.08613232 0.11580200 0.05091006 
S0407sl       0.23708636 0.10455209 0.09837181 0.05356864 0.11490226 0.10511241 0.04747842 0.10228760 0.11152056 0.12789920 0.05697325 0.12889962 0.13270690 0.04972546 0.12853031 0.11211935 0.11934578 0.12882553 0.11153046 0.10247092 0.10400804 0.00000000 0.11598261 0.04329344 0.09232867 0.11290033 0.05360257 0.12607701 0.05848136 0.11032720 0.12316801 0.13100407 0.12844959 0.04801947 0.11181653 0.10370211 0.05379944 0.06235643 0.07860819 0.10184778 0.10624992 0.10355942 0.12637404 0.16299615 0.11524536 0.12916735 0.11479101 0.10414257 0.11116279 0.09182561 0.10364894 0.09252323 0.09223188 0.11932339 0.10464310 0.06714179 0.12935333 0.07269678 0.06419851 0.09151747 0.04818773 0.11354733 0.11145384 0.11021562 0.11331371 0.11332884 0.13448133 0.11424765 0.16035085 0.11508253 0.12933723 0.12864861 0.11320917 0.11425503 0.16092447 0.09201712 0.16169507 0.11676379 0.11032992 0.12690601 0.11325157 0.11456537 0.16000352 0.10207510 0.11515242 0.09806102 0.04348979 0.07133121 0.07440717 0.12805158 0.06488870 0.05663298 0.12217475 0.12696255 0.12748333 0.10311902 0.12833649 0.11560346 0.10139475 0.10352163 0.09819379 0.10692855 0.11465586 0.10508425 0.06829013 0.10500623 0.10502769 0.05209869 0.10854376 0.09436732 0.02403206 0.11335919 0.07855903 0.10086725 0.11113302 0.10036728 0.10926136 0.05429475 0.10521479 0.07454209 0.10190034 0.10001327 0.11328689 0.11132261 0.08123674 0.10333319 0.09296380 0.13507143 0.09042930 0.10072994 0.11105675 0.09200232 0.12896062 0.11426437 0.05067091 0.07416629 0.46205236 0.39882683 0.44184239 0.10917453 0.13762163 0.11816698 
S0412sl       0.22970202 0.07483424 0.09078444 0.12049212 0.10791215 0.07437055 0.11549656 0.09511569 0.08058874 0.09543176 0.12347234 0.12261756 0.12712735 0.11745308 0.12269467 0.10444445 0.10809598 0.12439920 0.08635521 0.07181931 0.07380783 0.11598261 0.00000000 0.10587813 0.08629937 0.08747236 0.11022979 0.12036483 0.10464336 0.10359650 0.07930474 0.12530461 0.11950495 0.11499128 0.08136798 0.07362522 0.11983341 0.10250317 0.10985416 0.06893776 0.07603522 0.09576162 0.12225926 0.16118276 0.05894252 0.12452662 0.10698509 0.07422816 0.10384230 0.08549912 0.07350370 0.08616036 0.08620985 0.11134307 0.09701438 0.10690454 0.12358036 0.10408433 0.09981586 0.08371335 0.11229609 0.10851767 0.10459237 0.10381613 0.10594226 0.10551371 0.10173896 0.10668701 0.15834566 0.10596004 0.12284835 0.12258012 0.10670249 0.10777264 0.15858258 0.08558496 0.15880939 0.10972256 0.10170771 0.12084685 0.08135652 0.10654447 0.15790192 0.07209010 0.08414841 0.08999560 0.10648395 0.10324051 0.10560810 0.12196871 0.10423993 0.12371406 0.11491826 0.12262634 0.12256162 0.07331383 0.12229654 0.10588983 0.09331973 0.07338789 0.06827301 0.07643853 0.10805631 0.07364632 0.10409505 0.09786181 0.09777168 0.12118119 0.07816138 0.08782578 0.11585510 0.10595524 0.11104863 0.07145364 0.10427912 0.09305518 0.07931749 0.12105604 0.07493648 0.11379499 0.07154391 0.06727990 0.10363776 0.10378289 0.11251056 0.09515228 0.08552119 0.13121037 0.08514521 0.09325462 0.08664517 0.08448300 0.12347170 0.10485495 0.10793952 0.10517691 0.44323680 0.38388834 0.43278568 0.09604727 0.12432186 0.08426532 
S0417         0.22637273 0.09489638 0.08849572 0.04685914 0.10558852 0.09468132 0.04254604 0.09185656 0.10163154 0.11687229 0.05204494 0.11836502 0.12193453 0.04484149 0.11843077 0.10233331 0.11001220 0.11928835 0.10227914 0.09229384 0.09401911 0.04329344 0.10587813 0.00000000 0.08221184 0.10386054 0.04284719 0.11588068 0.04805381 0.10086505 0.11322848 0.12226114 0.11826950 0.04170770 0.10208782 0.09383508 0.04550571 0.05259661 0.06813285 0.09163874 0.09699329 0.09295011 0.11693101 0.15319709 0.10539042 0.11925986 0.10495329 0.09348740 0.10165552 0.08154020 0.09343450 0.08233050 0.08218990 0.10931259 0.09383678 0.05650470 0.11938320 0.06250111 0.05323687 0.08126820 0.04116760 0.10405403 0.10172034 0.10075128 0.10299861 0.10329198 0.12348222 0.10459154 0.15077547 0.10421426 0.11979352 0.11931177 0.10418720 0.10464765 0.15070145 0.08192179 0.15158074 0.10698362 0.10007090 0.11730930 0.10341169 0.10427393 0.15029931 0.09195443 0.10473259 0.08856139 0.03102242 0.06153808 0.06415541 0.11806780 0.05513253 0.04974935 0.11250300 0.11741262 0.11881666 0.09331628 0.11837524 0.10503803 0.09146292 0.09342342 0.08850990 0.09685930 0.10436951 0.09504965 0.05797272 0.09491584 0.09456656 0.04692988 0.09887836 0.08400775 0.04232033 0.10375779 0.06854993 0.09075878 0.10058914 0.09011923 0.09825260 0.04796459 0.09486757 0.06419096 0.09188111 0.08962287 0.10234386 0.10109054 0.06996863 0.09218046 0.08268156 0.12677022 0.07995783 0.09044441 0.10175674 0.08150129 0.11901503 0.10493849 0.03964275 0.06494667 0.44931078 0.38075413 0.43141564 0.09773948 0.13361041 0.10880036 
S0419         0.21125155 0.07472049 0.01780617 0.09691522 0.05255937 0.07398252 0.09234898 0.07044172 0.08136591 0.09723870 0.10077709 0.09668440 0.10068206 0.09517148 0.09674684 0.07986541 0.08605956 0.09768419 0.08242020 0.07152936 0.07380138 0.09232867 0.08629937 0.08221184 0.00000000 0.08349144 0.08499886 0.09423380 0.08059547 0.08040882 0.09448023 0.10022600 0.09607756 0.09143223 0.08198864 0.07362227 0.09512484 0.07832167 0.08569399 0.07212835 0.07630308 0.03721676 0.09571461 0.14101553 0.08563353 0.09766202 0.08425469 0.07374259 0.08122616 0.00782861 0.07338205 0.00834477 0.00868407 0.08864258 0.03861332 0.08183635 0.09781176 0.07963358 0.07795166 0.05854005 0.08945631 0.08180390 0.08124411 0.08130570 0.08292157 0.08223720 0.10386686 0.04967084 0.13720792 0.08345241 0.09745170 0.09780046 0.08433061 0.08518931 0.13817059 0.00844109 0.13907333 0.08764123 0.07706752 0.09512484 0.08331455 0.08311914 0.13784860 0.07182105 0.08506449 0.06490984 0.08291789 0.07868210 0.08113638 0.09617943 0.08044653 0.09992896 0.09041176 0.09645305 0.09700588 0.07281108 0.09683387 0.08313619 0.07004070 0.07365831 0.06857550 0.07757644 0.08445459 0.07498887 0.08114091 0.07363101 0.07332713 0.09853958 0.07902073 0.01021598 0.09227588 0.04922500 0.08655246 0.07101648 0.08002898 0.06726902 0.07796464 0.09776413 0.07452901 0.08918953 0.07193455 0.06991229 0.08092437 0.07905271 0.08665670 0.07094717 0.06016203 0.10975596 0.03967926 0.06712881 0.08110858 0.05874269 0.09773511 0.05065080 0.08333946 0.08218992 0.43552311 0.36636619 0.41846534 0.07383148 0.09886451 0.08790448 
