132
PAFTOL_019361 0.0000000 0.2164523 0.1927567 0.2293773 0.2215527 0.2107907 0.1942888 0.2050533 0.2301867 0.2200896 0.2073145 0.1968169 0.2196546 0.2040916 0.1903867 0.2200821 0.2207922 0.2068934 0.2051799 0.1947034 0.1942045 0.2011393 0.2118148 0.1916878 0.1702523 0.2040165 0.1993904 0.1985113 0.2007885 0.2080765 0.2101331 0.2034558 0.2054967 0.1953931 0.2053934 0.1974655 0.2128705 0.1911205 0.2215475 0.1932850 0.1880484 0.1748784 0.2028851 0.1969422 0.2055969 0.2137102 0.2284821 0.1855917 0.2172186 0.1735777 0.2081994 0.1749272 0.1753039 0.2347927 0.2013172 0.1975455 0.2048080 0.1794089 0.2730130 0.1991030 0.2561455 0.2207282 0.2244437 0.2184375 0.2238955 0.1861713 0.2392429 0.1930878 0.1790102 0.2241926 0.2095183 0.1883145 0.2158497 0.2256305 0.1947735 0.1738071 0.1342579 0.2266936 0.1883101 0.2064602 0.1897066 0.2069000 0.2056796 0.1859092 0.2085614 0.1981583 0.2084613 0.1962611 0.1787985 0.1987480 0.1238354 0.2179742 0.2440948 0.1982703 0.1976277 0.2105876 0.1730140 0.2042527 0.1999359 0.1938355 0.1943395 0.2114611 0.2151327 0.1773782 0.1615154 0.2122698 0.1933080 0.2072852 0.1986077 0.1877767 0.1716669 0.1924449 0.1946370 0.1900872 0.2091686 0.1992214 0.1923624 0.1995839 0.2082636 0.2333260 0.1965203 0.1911042 0.1845114 0.1981040 0.2176589 0.2166185 0.1979194 0.2459987 0.1722252 0.2009182 0.2216543 0.2122817 
S0055         0.2164523 0.0000000 0.0562157 0.1240824 0.0903081 0.0487947 0.1232487 0.0788946 0.0518296 0.0944940 0.1141290 0.0966865 0.1053960 0.1218178 0.0919070 0.1185578 0.0895857 0.0857230 0.0854225 0.0456008 0.0411285 0.1271447 0.1019717 0.1102205 0.0710611 0.0957792 0.1070035 0.0918465 0.0971117 0.0860426 0.0995896 0.0981125 0.1000736 0.1297055 0.0472543 0.0440967 0.1238838 0.1092125 0.1359569 0.0779837 0.0500785 0.0759360 0.0910086 0.1543286 0.0993307 0.1058265 0.1182799 0.0485131 0.0966114 0.0693055 0.0503114 0.0679306 0.0730268 0.1123877 0.0935438 0.1111484 0.1032393 0.1379718 0.1083630 0.0660298 0.0918229 0.0880901 0.0997627 0.0946218 0.0991762 0.0834098 0.0810587 0.0934025 0.1500156 0.1042296 0.1033555 0.0764606 0.0944685 0.1026310 0.1479174 0.0660843 0.1531219 0.1145088 0.0939034 0.0928076 0.0776434 0.1016525 0.1518851 0.0424617 0.0814029 0.0883889 0.1289741 0.1198325 0.0949367 0.0900347 0.1082036 0.1333659 0.1064137 0.0939474 0.0937161 0.0548996 0.0814538 0.0905987 0.0778196 0.0436729 0.0425391 0.0366128 0.0982886 0.0726764 0.1035220 0.0853058 0.0695406 0.1141817 0.0800727 0.0772367 0.1162481 0.0949150 0.1321300 0.0413682 0.0960002 0.0823885 0.0444297 0.1251557 0.0778777 0.1346164 0.0765138 0.0769912 0.0866144 0.0951889 0.1281608 0.0941884 0.0710753 0.1162223 0.0662046 0.0807093 0.0955040 0.0757110 
S0196sl       0.1927567 0.0562157 0.0000000 0.1062425 0.0523181 0.0602729 0.1105911 0.0539207 0.0644416 0.0686999 0.1047802 0.0671234 0.0715975 0.1204048 0.0653522 0.0672136 0.0692645 0.0564183 0.0642976 0.0622314 0.0521070 0.1071067 0.0857134 0.0935856 0.0109283 0.0755387 0.0944034 0.0625802 0.0539852 0.0737408 0.0913897 0.0694333 0.0723452 0.1136525 0.0499981 0.0500723 0.1054224 0.0962389 0.1074126 0.0584426 0.0562282 0.0518882 0.0544158 0.1245527 0.0752703 0.0740347 0.1081674 0.0601668 0.0825232 0.0090626 0.0623395 0.0090997 0.0147151 0.0866031 0.0629205 0.0922697 0.0779399 0.1120422 0.0903301 0.0397624 0.0898138 0.0585323 0.0802249 0.0665467 0.0809381 0.0483450 0.0631939 0.0544931 0.1288095 0.0921209 0.0723400 0.0567322 0.0598974 0.0692737 0.1211199 0.0054096 0.1243907 0.0895918 0.0578297 0.0658125 0.0604142 0.0721409 0.1189860 0.0497516 0.0563888 0.0617708 0.1152943 0.1040439 0.0615694 0.0637603 9.0000000 0.1185392 0.0748985 0.0663953 0.0655353 0.0690150 0.0560595 0.0604688 0.0563908 0.0498288 0.0497793 0.0540685 0.0765511 0.0562246 0.1004262 0.0622411 0.0418016 0.1079081 0.0544531 0.0145761 0.0921255 0.0565490 0.1030810 0.0523640 0.0730316 0.0502881 0.0608118 0.1229205 0.0500362 0.1176437 0.0501191 0.0579457 0.0588849 0.0567335 0.0904985 0.0646477 0.0481320 0.0820841 0.0376916 0.0500615 0.0776117 0.0519245 
S0278         0.2293773 0.1240824 0.1062425 0.0000000 0.1411763 0.1298730 0.0482510 0.1219969 0.1357611 0.1460844 0.0649338 0.1176210 0.1358913 0.0401574 0.1153727 0.1353696 0.1417710 0.1258415 0.1241723 0.1256683 0.1253464 0.0544788 0.1410184 0.0486148 0.1122701 0.1267282 0.0545381 0.1179386 0.0558892 0.1350367 0.1390413 0.1155458 0.1215056 0.0457123 0.1351416 0.1283355 0.0713560 0.0720294 0.0843075 0.1326358 0.1247928 0.1190753 0.1254043 0.1523669 0.1379433 0.1312597 0.1402610 0.1151070 0.1426020 0.1090315 0.1402777 0.1063967 0.1098977 0.1390092 0.1449401 0.0788686 0.1160432 0.0619261 0.1082623 0.1084867 0.0725872 0.1339799 0.1316513 0.1347687 0.1327056 0.1178796 0.1501942 0.1161684 0.1424572 0.1319969 0.1381144 0.0941587 0.1343189 0.1341689 0.1347749 0.1091675 0.1391631 0.1662152 0.1272157 0.1375068 0.1182423 0.1433476 0.1494921 0.1216230 0.1425408 0.1304241 0.0541373 0.0801646 0.0589171 0.1223024 0.0348835 0.0654745 0.1210687 0.1209073 0.1216569 0.1393194 0.1094322 0.1288526 0.1168826 0.1185006 0.1223053 0.1355547 0.1412416 0.1148463 0.0688279 0.1218346 0.1094773 0.0459483 0.1370228 0.1216173 0.0408627 0.1158070 0.0784247 0.1224920 0.1319122 0.1207272 0.1317138 0.0567248 0.1357097 0.0926048 0.1257634 0.1174153 0.1212063 0.1415982 0.0872417 0.1219122 0.1044083 0.1434835 0.1030289 0.1280792 0.1519855 0.1241697 
S0281         0.2215527 0.0903081 0.0523181 0.1411763 0.0000000 0.0857629 0.1266989 0.0697892 0.0779992 0.0886781 0.1360919 0.0788481 0.0931861 0.1294144 0.0740875 0.0971691 0.0871511 0.0642380 0.0864605 0.0854000 0.0754755 0.1282984 0.1147741 0.1007440 0.0553587 0.0970456 0.1159173 0.0704687 0.0983599 0.0893390 0.0986440 0.0806808 0.0832546 0.1296800 0.0823385 0.0722120 0.1279541 0.1087910 0.1221940 0.0790723 0.0718217 0.0506881 0.0652974 0.1542539 0.0973145 0.0876278 0.1141811 0.0802494 0.1018641 0.0570022 0.0891764 0.0557089 0.0587296 0.1103292 0.0669263 0.1021487 0.0937551 0.1301404 0.1084646 0.0651492 0.0972924 0.0767902 0.0999256 0.0942158 0.0976297 0.0830961 0.0786880 0.0520132 0.1557033 0.1036856 0.0948641 0.0677059 0.0908604 0.0950674 0.1517525 0.0538589 0.1562006 0.1035713 0.0931680 0.0742819 0.0868981 0.0906903 0.1519071 0.0735641 0.0872130 0.0875369 0.1324280 0.1134784 0.0852913 0.0679329 0.1277261 0.1330311 0.0884689 0.0686204 0.0742253 0.0908082 0.0769065 0.0865779 0.0670372 0.0627817 0.0754343 0.0853841 0.0908204 0.0782806 0.0976375 0.0760097 0.0586999 0.1247631 0.0809841 0.0615787 0.1099111 0.0534496 0.1227903 0.0759569 0.0903429 0.0732596 0.0826930 0.1352683 0.0802973 0.1361254 0.0756398 0.0814441 0.0739701 0.0854575 0.1226021 0.0907983 0.0734555 0.1040143 0.0430039 0.0717743 0.0988465 0.0715118 
S0282         0.2107907 0.0487947 0.0602729 0.1298730 0.0857629 0.0000000 0.1256499 0.0662979 0.0202584 0.0696989 0.1114540 0.0937738 0.0954906 0.1334339 0.0889721 0.1135339 0.0802675 0.0775837 0.0758729 0.0163699 0.0164355 0.1235837 0.0864233 0.1107768 0.0698391 0.0810656 0.1191472 0.0872079 0.1071467 0.0848516 0.0779008 0.0905922 0.0936164 0.1267861 0.0249364 0.0192313 0.1361247 0.1169833 0.1347343 0.0618257 0.0183822 0.0715060 0.0840472 0.1378797 0.0806163 0.1028881 0.1130911 0.0220184 0.0971010 0.0680820 0.0192381 0.0684377 0.0685912 0.1076000 0.0869749 0.1101810 0.0970964 0.1389189 0.1084561 0.0663519 0.0991204 0.0835040 0.0952102 0.0934501 0.0907136 0.0670726 0.0672461 0.0855145 0.1354458 0.1020852 0.0944192 0.0677122 0.0897958 0.0995715 0.1333192 0.0648542 0.1351904 0.1006123 0.0840664 0.0881838 0.0729051 0.0885849 0.1309551 0.0122287 0.0682734 0.0887481 0.1333274 0.1203326 0.0954983 0.0851429 0.1096631 0.1345298 0.1052737 0.0873893 0.0907951 0.0292632 0.0819177 0.0808825 0.0635507 0.0201652 0.0178026 0.0338218 0.0869680 0.0555044 0.1117173 0.0725773 0.0571119 0.1255810 0.0637570 0.0760333 0.1175180 0.0870249 0.1311438 0.0109349 0.0829372 0.0712349 0.0222069 0.1316021 0.0648864 0.1455267 0.0603713 0.0641626 0.0781419 0.0852726 0.1307559 0.0863597 0.0730580 0.1092878 0.0571095 0.0695963 0.0857054 0.0793208 
S0289         0.1942888 0.1232487 0.1105911 0.0482510 0.1266989 0.1256499 0.0000000 0.1249501 0.1255048 0.1419690 0.0428159 0.1219803 0.1342399 0.0548754 0.1150868 0.1358916 0.1415681 0.1074944 0.1301559 0.1250887 0.1123601 0.0474131 0.1448286 0.0569411 0.1164774 0.1270538 0.0515227 0.1089850 0.0469532 0.1317203 0.1455642 0.1203777 0.1200268 0.0582430 0.1141824 0.1137434 0.0592861 0.0689268 0.0911489 0.1239134 0.1135342 0.1181626 0.1059102 0.1609830 0.1378645 0.1282176 0.1371678 0.1134047 0.1357778 0.1126777 0.1238748 0.1132657 0.1188451 0.1481774 0.1267544 0.0826548 0.1314139 0.0996202 0.0952203 0.1159953 0.0486524 0.1276944 0.1310457 0.1401012 0.1321610 0.1235684 0.1331827 0.1141910 0.1541025 0.1784290 0.1460069 0.1061733 0.1264564 0.1256303 0.1457894 0.1107341 0.1729642 0.1641958 0.1383298 0.1265596 0.1281462 0.1447788 0.1566343 0.1155784 0.1294904 0.1331834 0.0581836 0.0888780 0.0619224 0.1161121 0.0530213 0.0710975 0.1226862 0.1162257 0.1151188 0.1274979 0.1186069 0.1359145 0.1282979 0.1101231 0.1141978 0.1190766 0.1479448 0.1225796 0.0855048 0.1244888 0.1144873 0.0488643 0.1300784 0.1232737 0.0400119 0.1157506 0.0918760 0.1150814 0.1426721 0.1253737 0.1224317 0.0486531 0.1309290 0.0888633 0.1195132 0.1217629 0.1262544 0.1416559 0.0957602 0.1268638 0.1236996 0.1458819 0.1030165 0.1291015 0.1387049 0.1288645 
S0292         0.2050533 0.0788946 0.0539207 0.1219969 0.0697892 0.0662979 0.1249501 0.0000000 0.0690050 0.0709076 0.1111397 0.0810462 0.0831022 0.1290131 0.0763799 0.0780729 0.0714346 0.0716751 0.0706310 0.0709688 0.0614783 0.1211472 0.1015834 0.1102688 0.0457111 0.0822235 0.1070047 0.0760000 0.0927422 0.0743857 0.0843802 0.0797941 0.0804303 0.1294476 0.0693893 0.0614702 0.1330496 0.1104776 0.1298078 0.0648693 0.0692190 0.0595815 0.0790035 0.1366027 0.0870722 0.0864458 0.0896950 0.0677299 0.0862347 0.0486253 0.0745149 0.0488708 0.0489427 0.0893030 0.0761092 0.1095772 0.0857966 0.1333257 0.1199985 0.0531698 0.1112868 0.0711671 0.0827464 0.0758341 0.0820097 0.0497548 0.0694488 0.0648625 0.1378789 0.0948852 0.0850327 0.0697648 0.0739298 0.0783781 0.1320814 0.0455819 0.1329688 0.0897111 0.0640056 0.0856189 0.0659409 0.0452619 0.1337736 0.0596985 0.0663200 0.0684454 0.1343712 0.1150759 0.0874289 0.0738114 0.0938383 0.1373897 0.0872074 0.0760038 0.0781228 0.0760814 0.0596855 0.0595044 0.0151686 0.0582217 0.0629290 0.0709554 0.0453643 0.0629721 0.1006315 0.0177329 0.0123602 0.1211635 0.0618361 0.0561737 0.1041040 0.0663255 0.1262729 0.0617519 0.0442753 0.0564659 0.0682829 0.1346695 0.0629680 0.1463939 0.0584865 0.0687693 0.0600869 0.0630939 0.1222589 0.0759884 0.0610884 0.0840637 0.0412042 0.0534386 0.0854953 0.0607854 
S0293         0.2301867 0.0518296 0.0644416 0.1357611 0.0779992 0.0202584 0.1255048 0.0690050 0.0000000 0.0686053 0.1176357 0.0914678 0.0845812 0.1375361 0.0875350 0.1158363 0.0895250 0.0675320 0.0682223 0.0258749 0.0240405 0.1161272 0.0896277 0.1150567 0.0689412 0.0773557 0.1181707 0.0874393 0.1056819 0.0872037 0.0890865 0.0888971 0.0887098 0.1263421 0.0317576 0.0259433 0.1354624 0.1212242 0.1424850 0.0666208 0.0202631 0.0753265 0.0773280 0.1531737 0.0817407 0.0987905 0.1440683 0.0277801 0.0962776 0.0666194 0.0259162 0.0669174 0.0672805 0.1078814 0.0917139 0.1092160 0.1054061 0.1580195 0.1385865 0.0666529 0.1037297 0.0797536 0.0938884 0.0864764 0.0947390 0.0482505 0.0740373 0.0760145 0.1529393 0.1090320 0.0980305 0.0698322 0.0775501 0.0920867 0.1524368 0.0623592 0.1340619 0.1013874 0.0773332 0.0904685 0.0754186 0.0878499 0.1416971 0.0182676 0.0603725 0.0943845 0.1404417 0.1286233 0.0948620 0.0848284 0.0000010 0.1363860 0.1017439 0.0897129 0.0899837 0.0417819 0.0803752 0.0823822 0.0648885 0.0258966 0.0220229 0.0356361 0.0946184 0.0626420 0.1165012 0.0797009 0.0563958 0.1245768 0.0584340 0.0728916 0.1149618 0.0781695 0.1329251 0.0185326 0.0934053 0.0714919 0.0280654 0.1382699 0.0580668 0.1587117 0.0540578 0.0702282 0.0825827 0.0803852 0.1240030 0.0817586 0.0779877 0.1034533 0.0517383 0.0691545 0.0795110 0.0840200 
S0294         0.2200896 0.0944940 0.0686999 0.1460844 0.0886781 0.0696989 0.1419690 0.0709076 0.0686053 0.0000000 0.1279285 0.1035736 0.1111230 0.1424769 0.0987271 0.0990474 0.0914359 0.0928132 0.0886358 0.0741718 0.0630823 0.1336033 0.1090522 0.1218273 0.0742553 0.0974114 0.1356070 0.0970996 0.1092424 0.0988968 0.0947512 0.0985062 0.1036790 0.1338617 0.0696222 0.0614776 0.1453630 0.1238708 0.1399741 0.0677545 0.0646746 0.0810102 0.0986974 0.1519758 0.0956257 0.1128777 0.1123612 0.0661368 0.1099311 0.0741049 0.0761075 0.0744928 0.0746115 0.1170604 0.0932254 0.1184013 0.1029648 0.1492600 0.1380379 0.0755428 0.1209163 0.0892562 0.1044712 0.1003208 0.1091460 0.0849019 0.0564705 0.0850802 0.1542700 0.1039950 0.1042606 0.0803537 0.1041796 0.1053848 0.1500544 0.0708479 0.1488548 0.1211622 0.0853897 0.1037238 0.0792973 0.0951263 0.1478266 0.0643455 0.0637927 0.0932788 0.1440323 0.1329729 0.1029698 0.0940853 0.1157671 0.1472984 0.1078027 0.0922427 0.0937851 0.0793311 0.0878601 0.0825404 0.0749454 0.0599636 0.0660736 0.0826774 0.0951990 0.0711172 0.1034042 0.0821074 0.0649145 0.1362583 0.0593019 0.0821109 0.1256198 0.0865836 0.1345468 0.0634066 0.0861622 0.0762705 0.0680109 0.1463242 0.0605109 0.1441566 0.0515654 0.0731850 0.0814034 0.0831501 0.1292264 0.0952259 0.0839798 0.1011296 0.0678048 0.0730360 0.1024990 0.0887075 
S0299         0.2073145 0.1141290 0.1047802 0.0649338 0.1360919 0.1114540 0.0428159 0.1111397 0.1176357 0.1279285 0.0000000 0.0981302 0.1154748 0.0506127 0.0926341 0.1384708 0.1658252 0.0963250 0.1258322 0.1116160 0.1081586 0.0596446 0.1232520 0.0593433 0.1048710 0.1220712 0.0536804 0.0951658 0.0625931 0.1237769 0.1212213 0.0966004 0.0987916 0.0535105 0.1145201 0.1110566 0.0793178 0.0596192 0.0932293 0.1086112 0.0838265 0.1207926 0.0959943 0.1662954 0.1202987 0.1080540 0.1331190 0.1044980 0.1279344 0.1078369 0.1222686 0.1055494 0.1118741 0.1238855 0.1356568 0.0721316 0.1307799 0.0645055 0.1001221 0.1073047 0.0831179 0.1237952 0.1205025 0.1309463 0.1214532 0.1100043 0.1171030 0.1179120 0.1561516 0.1296917 0.1331847 0.0769005 0.1235029 0.1304394 0.1449891 0.1079699 0.1239409 0.1277441 0.1204234 0.1293735 0.1199549 0.1352303 0.1557579 0.1046540 0.1245501 0.1260818 0.0704739 0.0829893 0.0614894 0.0991141 0.0467756 0.0795261 0.1111735 0.1005921 0.0986049 0.1214555 0.1021371 0.1380564 0.1123195 0.0998341 0.1080622 0.1209782 0.1292122 0.1042699 0.0623081 0.1172241 0.1081129 0.0592415 0.1255588 0.1202634 0.0479014 0.1175488 0.0844600 0.1053888 0.1175253 0.1227748 0.1174900 0.0565638 0.1307971 0.0767643 0.1210523 0.1007505 0.1271346 0.1447138 0.0961828 0.1236015 0.1065487 0.1247205 0.1056843 0.1237201 0.1370330 0.1227895 
S0303         0.1968169 0.0966865 0.0671234 0.1176210 0.0788481 0.0937738 0.1219803 0.0810462 0.0914678 0.1035736 0.0981302 0.0000000 0.0543325 0.1209755 0.0222546 0.0994183 0.1060253 0.0199264 0.0828337 0.0900217 0.0833400 0.1240069 0.1108542 0.0984869 0.0748772 0.0897865 0.1026221 0.0227144 0.0809300 0.0974861 0.1045942 0.0652931 0.0227463 0.1216306 0.0903040 0.0833277 0.1230571 0.1007371 0.1290508 0.0853666 0.0873944 0.0698599 0.0186360 0.1403869 0.1003288 0.0235903 0.1025101 0.0914886 0.1061578 0.0730870 0.0972306 0.0718194 0.0785007 0.1134480 0.0854113 0.1029841 0.0880287 0.1378867 0.0945554 0.0647337 0.1043627 0.0587776 0.1042107 0.0984752 0.1036601 0.0927738 0.0923967 0.0785613 0.1379303 0.1187731 0.0810926 0.0570628 0.0953499 0.1017534 0.1371191 0.0698150 0.1501425 0.1175998 0.0978711 0.0640926 0.0933137 0.0915541 0.1391647 0.0813787 0.0834204 0.0888045 0.1317552 0.1130217 0.0901262 0.0220137 0.1165671 0.1311487 0.0774755 0.0216560 0.0208626 0.0971221 0.0537849 0.0981433 0.0835909 0.0757549 0.0848350 0.0900058 0.1022880 0.0779760 0.1027725 0.0807879 0.0732048 0.1223853 0.0787923 0.0794619 0.1161476 0.0800568 0.1278748 0.0822236 0.0965534 0.0862860 0.0906944 0.1246851 0.0814687 0.1352635 0.0817020 0.0842621 0.0890234 0.1009130 0.1274605 0.0930905 0.0746300 0.1072878 0.0666330 0.0847863 0.0982861 0.0745042 
S0308         0.2196546 0.1053960 0.0715975 0.1358913 0.0931861 0.0954906 0.1342399 0.0831022 0.0845812 0.1111230 0.1154748 0.0543325 0.0000000 0.1326382 0.0563214 0.1194077 0.1009739 0.0526518 0.0778783 0.0952365 0.0868442 0.1222036 0.1196807 0.1193257 0.0835175 0.0898262 0.1216113 0.0523507 0.1144883 0.0961381 0.1122064 0.0773816 0.0591797 0.1335058 0.0886517 0.0868305 0.1412442 0.1187024 0.1360130 0.0909380 0.0806341 0.0853211 0.0526352 0.1505450 0.1078022 0.0625096 0.1195279 0.0933446 0.1048164 0.0816672 0.1008751 0.0804108 0.0872637 0.1211653 0.0913102 0.1172348 0.0989004 0.1442182 0.1198030 0.0730968 0.1047171 0.0757477 0.1046406 0.0920937 0.1040928 0.0876875 0.0859238 0.0906335 0.1500139 0.1217120 0.0972372 0.0659528 0.0922992 0.1004313 0.1477596 0.0783145 0.1491529 0.1101065 0.0984340 0.0777927 0.1022190 0.0973527 0.1507363 0.0848528 0.0937803 0.0958187 0.1349804 0.1271133 0.0997958 0.0579069 0.1249572 0.1337714 0.0932047 0.0569226 0.0548355 0.1025345 0.0687709 0.0981322 0.0803389 0.0734808 0.0883456 0.0934102 0.1045246 0.0884849 0.1087384 0.0843688 0.0735846 0.1266460 0.0890781 0.0848615 0.1231947 0.0923073 0.1343267 0.0890897 0.0953620 0.0899725 0.0941287 0.1328487 0.0938661 0.1541951 0.0887392 0.0895148 0.0889211 0.1031101 0.1278586 0.0845166 0.0782916 0.1170185 0.0718971 0.0918120 0.0965993 0.0864775 
S0320         0.2040916 0.1218178 0.1204048 0.0401574 0.1294144 0.1334339 0.0548754 0.1290131 0.1375361 0.1424769 0.0506127 0.1209755 0.1326382 0.0000000 0.1100696 0.1215175 0.1573266 0.1156078 0.1287145 0.1328315 0.1198780 0.0585288 0.1572803 0.0556751 0.1186143 0.1311467 0.0495607 0.1039635 0.0505613 0.1321645 0.1539289 0.1183868 0.1226886 0.0491451 0.1240532 0.1254340 0.0562483 0.0743325 0.0914474 0.1314287 0.1359021 0.1207587 0.1129064 0.1805583 0.1440172 0.1327369 0.1331279 0.1230793 0.1381458 0.1147845 0.1335372 0.1153091 0.1210084 0.1440543 0.1369634 0.0694071 0.1242508 0.0943848 0.0677134 0.1217189 0.0570903 0.1279330 0.1314820 0.1424026 0.1308206 0.1215460 0.1396766 0.1281873 0.1761559 0.1858243 0.1410333 0.1111183 0.1287510 0.1318416 0.1601836 0.1128249 0.1799554 0.1607585 0.1443778 0.1352041 0.1263686 0.1451454 0.1761986 0.1231309 0.1331254 0.1356410 0.0567375 0.0824765 0.0570514 0.1128085 0.0348572 0.0647493 0.1194040 0.1110946 0.1101016 0.1390492 0.1153417 0.1419051 0.1279852 0.1272375 0.1217502 0.1291343 0.1464983 0.1307283 0.0787492 0.1249006 0.1163873 0.0308969 0.1355358 0.1235699 0.0525131 0.1297790 0.0922041 0.1208641 0.1450852 0.1306490 0.1265012 0.0520325 0.1235795 0.0687692 0.1194646 0.1275049 0.1321712 0.1429092 0.0905811 0.1384757 0.1222473 0.1441738 0.1090031 0.1290696 0.1410031 0.1347717 
S0322         0.1903867 0.0919070 0.0653522 0.1153727 0.0740875 0.0889721 0.1150868 0.0763799 0.0875350 0.0987271 0.0926341 0.0222546 0.0563214 0.1100696 0.0000000 0.0999540 0.1020326 0.0185273 0.0781578 0.0852627 0.0786246 0.1170827 0.1055295 0.0935275 0.0718219 0.0817463 0.0958690 0.0069178 0.0770669 0.0944667 0.0960216 0.0638298 0.0288418 0.1128943 0.0854683 0.0786132 0.1160051 0.0920230 0.1183558 0.0806200 0.0834544 0.0700233 0.0186973 0.1296283 0.0935396 0.0325023 0.1092734 0.0867288 0.1031197 0.0700450 0.0924035 0.0687684 0.0738133 0.1067847 0.0839967 0.0910540 0.0866913 0.1284409 0.0849157 0.0633894 0.1025887 0.0589127 0.1011818 0.0920928 0.1006010 0.0822652 0.0884264 0.0820429 0.1289552 0.1147236 0.0829505 0.0511396 0.0854686 0.0916683 0.1263837 0.0667877 0.1307780 0.1055740 0.0930873 0.0665922 0.0885359 0.0868690 0.1283825 0.0766929 0.0767660 0.0923306 0.1247318 0.1062164 0.0814443 0.0085967 0.0945486 0.1240720 0.0712303 0.0084635 0.0068001 0.0940413 0.0554904 0.0933458 0.0771027 0.0718706 0.0801180 0.0852475 0.0975046 0.0765586 0.0871821 0.0761378 0.0685752 0.1154664 0.0737740 0.0764002 0.1081307 0.0835460 0.1208140 0.0791253 0.0917611 0.0815699 0.0858977 0.1158628 0.0765133 0.1266996 0.0734846 0.0795793 0.0858824 0.0960511 0.1187477 0.0867720 0.0732870 0.1023332 0.0620567 0.0800717 0.0901318 0.0763931 
S0335         0.2200821 0.1185578 0.0672136 0.1353696 0.0971691 0.1135339 0.1358916 0.0780729 0.1158363 0.0990474 0.1384708 0.0994183 0.1194077 0.1215175 0.0999540 0.0000000 0.0667264 0.0999968 0.0988313 0.1066783 0.1032258 0.1390741 0.1249152 0.1239682 0.0779835 0.0986073 0.1265606 0.1034637 0.1048341 0.1159554 0.1089295 0.0999882 0.0969284 0.1218217 0.1158726 0.1061390 0.1379231 0.1162642 0.1603946 0.0969145 0.0993674 0.0811459 0.1031093 0.1418409 0.1188522 0.1062608 0.1094454 0.0995842 0.1222130 0.0750065 0.1237736 0.0755339 0.0785499 0.1070341 0.1139807 0.1283741 0.1010423 0.1204460 0.1330317 0.0805684 0.1220503 0.0985897 0.1231153 0.1199859 0.1281097 0.1239273 0.0999007 0.0807945 0.1386259 0.0827258 0.0997291 0.0786265 0.1150298 0.1292344 0.1329392 0.0750963 0.1766619 0.1370547 0.0714952 0.0835201 0.0996403 0.1009838 0.1398567 0.0936403 0.0842177 0.0715571 0.1440900 0.1404743 0.1240100 0.0968696 0.1192035 0.1473705 0.1092693 0.0921847 0.0999055 0.1165240 0.0686962 0.0569471 0.0701438 0.0833119 0.1031332 0.1160639 0.1083554 0.0903561 0.1423073 0.0809463 0.0666120 0.1325539 0.0789471 0.0866928 0.1314323 0.0805549 0.1502645 0.0970920 0.0874393 0.0379105 0.1090256 0.1403067 0.0809626 0.1438119 0.0785731 0.0958391 0.0464983 0.0325916 0.1601973 0.1132841 0.0742522 0.1188364 0.0603662 0.0435014 0.1173321 0.0919979 
S0345         0.2207922 0.0895857 0.0692645 0.1417710 0.0871511 0.0802675 0.1415681 0.0714346 0.0895250 0.0914359 0.1658252 0.1060253 0.1009739 0.1573266 0.1020326 0.0667264 0.0000000 0.0884854 0.0958257 0.0892518 0.0784955 0.1427097 0.1195117 0.1281226 0.0738670 0.1058886 0.1224717 0.1022651 0.1057870 0.0905141 0.1039110 0.1040760 0.1111581 0.1418063 0.0801798 0.0763163 0.1469439 0.1297728 0.1463731 0.0831875 0.0875966 0.0847535 0.0961948 0.1533378 0.0960216 0.1161494 0.1188228 0.0848870 0.0997524 0.0714879 0.0894175 0.0718132 0.0700225 0.1141104 0.0942628 0.1323677 0.1154610 0.1647254 0.1451168 0.0692703 0.1271090 0.0988618 0.0996563 0.0872915 0.1052324 0.0602052 0.0807000 0.0852451 0.1582574 0.0989447 0.1060529 0.0927311 0.0782866 0.0928551 0.1556128 0.0671445 0.1665579 0.1071287 0.0576924 0.1051114 0.0876274 0.0883829 0.1536647 0.0758043 0.0720468 0.0816689 0.1467387 0.1424225 0.1033104 0.1004514 0.0000010 0.1462852 0.1095266 0.1023668 0.1046018 0.0967236 0.0927821 0.0221270 0.0720284 0.0759230 0.0758479 0.0784032 0.1017511 0.0874212 0.1130312 0.0822250 0.0565078 0.1463032 0.0700570 0.0778706 0.1218825 0.0874487 0.1393502 0.0744081 0.0939794 0.0480538 0.0880235 0.1498198 0.0741327 0.1815633 0.0612286 0.0868394 0.0280512 0.0499450 0.1331588 0.0918792 0.0829230 0.1003621 0.0563629 0.0459074 0.1075762 0.0847040 
S0355         0.2068934 0.0857230 0.0564183 0.1258415 0.0642380 0.0775837 0.1074944 0.0716751 0.0675320 0.0928132 0.0963250 0.0199264 0.0526518 0.1156078 0.0185273 0.0999968 0.0884854 0.0000000 0.0786365 0.0757331 0.0690586 0.1107674 0.1011118 0.0893523 0.0688346 0.0806450 0.0999984 0.0201870 0.0815971 0.0882278 0.0919364 0.0607316 0.0232771 0.1104700 0.0757951 0.0690486 0.1120618 0.0966892 0.1243027 0.0761389 0.0656479 0.0621675 0.0046195 0.1377597 0.0875254 0.0274433 0.1031072 0.0755330 0.0969760 0.0670310 0.0828727 0.0657164 0.0708497 0.1022296 0.0795024 0.0974932 0.0839915 0.1304923 0.1008796 0.0586923 0.0889547 0.0588828 0.0932575 0.0894397 0.0943747 0.0861079 0.0770850 0.0705603 0.1371235 0.1012846 0.0764563 0.0399252 0.0824915 0.0887685 0.1343974 0.0637148 0.1434412 0.1047693 0.0870388 0.0575574 0.0839873 0.0791788 0.1341765 0.0671516 0.0774765 0.0829644 0.1211391 0.1061533 0.0842365 0.0223039 0.1184133 0.1176604 0.0698941 0.0220257 0.0199908 0.0845251 0.0538173 0.0872262 0.0725895 0.0565506 0.0705767 0.0773677 0.0915473 0.0703822 0.0915415 0.0699179 0.0622281 0.1133750 0.0727541 0.0718321 0.1010121 0.0720804 0.1230764 0.0695073 0.0821331 0.0753222 0.0763045 0.1156676 0.0772141 0.1301045 0.0724727 0.0734589 0.0759509 0.0899029 0.1205654 0.0840241 0.0686825 0.0973843 0.0538578 0.0737961 0.0858229 0.0702116 
S0376         0.2051799 0.0854225 0.0642976 0.1241723 0.0864605 0.0758729 0.1301559 0.0706310 0.0682223 0.0886358 0.1258322 0.0828337 0.0778783 0.1287145 0.0781578 0.0988313 0.0958257 0.0786365 0.0000000 0.0739328 0.0660090 0.1244658 0.1069233 0.1121466 0.0725140 0.0337222 0.1151412 0.0744763 0.0919574 0.0931423 0.0964728 0.0930174 0.0853737 0.1275569 0.0725858 0.0660000 0.1331923 0.1161539 0.1316189 0.0745540 0.0643144 0.0806848 0.0811657 0.1554349 0.0922431 0.0916109 0.1144212 0.0737963 0.1056234 0.0707536 0.0775619 0.0711221 0.0712806 0.1164327 0.0898094 0.1096338 0.0903878 0.1357440 0.0951796 0.0673602 0.1055894 0.0777038 0.1036880 0.0979873 0.1031349 0.0822310 0.0891259 0.0826332 0.1549463 0.1131892 0.0885502 0.0757594 0.0983054 0.1083331 0.1546796 0.0675285 0.1569090 0.1110024 0.0869958 0.0877017 0.0787096 0.0909112 0.1535760 0.0673323 0.0774257 0.0844889 0.1326466 0.1175451 0.0947296 0.0776932 0.1005785 0.1278700 0.0989491 0.0763590 0.0750031 0.0807253 0.0678167 0.0840951 0.0678499 0.0576299 0.0674613 0.0628954 0.0863344 0.0722101 0.1064939 0.0751758 0.0583562 0.1245963 0.0743975 0.0770557 0.1189148 0.0841197 0.1280774 0.0680135 0.0824099 0.0709607 0.0728897 0.1287803 0.0691770 0.1392222 0.0677148 0.0702077 0.0816280 0.0864810 0.1240508 0.0836412 0.0756014 0.0977037 0.0628597 0.0758894 0.0380534 0.0802536 
S0400         0.1947034 0.0456008 0.0622314 0.1256683 0.0854000 0.0163699 0.1250887 0.0709688 0.0258749 0.0741718 0.1116160 0.0900217 0.0952365 0.1328315 0.0852627 0.1066783 0.0892518 0.0757331 0.0739328 0.0000000 0.0163741 0.1211878 0.0880530 0.1102911 0.0679294 0.0807294 0.1117338 0.0834566 0.1024120 0.0844962 0.0826911 0.0935686 0.0896980 0.1261157 0.0277735 0.0191592 0.1335981 0.1146497 0.1341204 0.0584572 0.0164822 0.0712122 0.0817647 0.1354655 0.0821390 0.0990152 0.1163521 0.0233343 0.0966868 0.0661906 0.0191659 0.0665342 0.0666822 0.1071282 0.0902539 0.1114258 0.1033183 0.1343064 0.1142328 0.0629459 0.1012449 0.0831537 0.0948056 0.0930541 0.0941735 0.0714138 0.0738447 0.0851537 0.1367349 0.1086997 0.0943108 0.0675498 0.0894113 0.0991359 0.1346088 0.0645908 0.1343939 0.1040259 0.0855990 0.0902499 0.0726059 0.0934224 0.1342432 0.0121833 0.0679940 0.0883791 0.1307166 0.1162158 0.0915368 0.0831819 0.1013598 0.1338124 0.1048226 0.0871971 0.0870608 0.0306904 0.0832121 0.0840865 0.0666570 0.0220058 0.0177360 0.0366115 0.0917921 0.0599068 0.1084227 0.0772949 0.0617241 0.1231646 0.0634965 0.0757205 0.1210496 0.0866577 0.1268551 0.0108942 0.0877749 0.0743883 0.0192982 0.1310089 0.0646226 0.1398760 0.0601264 0.0608101 0.0813500 0.0885412 0.1264797 0.0843422 0.0727575 0.1108565 0.0568794 0.0727385 0.0853492 0.0757706 
S0405         0.1942045 0.0411285 0.0521070 0.1253464 0.0754755 0.0164355 0.1123601 0.0614783 0.0240405 0.0630823 0.1081586 0.0833400 0.0868442 0.1198780 0.0786246 0.1032258 0.0784955 0.0690586 0.0660090 0.0163741 0.0000000 0.1103781 0.0814148 0.0979605 0.0600686 0.0694392 0.1069263 0.0767324 0.0979560 0.0746820 0.0729278 0.0802112 0.0862224 0.1151024 0.0192528 0.0080778 0.1222593 0.1053791 0.1246801 0.0522526 0.0183976 0.0616877 0.0743688 0.1372077 0.0724479 0.0921818 0.1128102 0.0149531 0.0865910 0.0568170 0.0177821 0.0586744 0.0588027 0.0966627 0.0766525 0.1007502 0.0948307 0.1264175 0.1146075 0.0567029 0.0921266 0.0733341 0.0847635 0.0830528 0.0840415 0.0570772 0.0633690 0.0752591 0.1329848 0.0998370 0.0874218 0.0592539 0.0793390 0.0887610 0.1326674 0.0552291 0.1314249 0.0931798 0.0758210 0.0793663 0.0630799 0.0835379 0.1323069 0.0094425 0.0616562 0.0753947 0.1233920 0.1071875 0.0826639 0.0762373 0.1013598 0.1226145 0.0946108 0.0785559 0.0803908 0.0192086 0.0732068 0.0743269 0.0603288 0.0164464 0.0094584 0.0293394 0.0819387 0.0506321 0.1007179 0.0676936 0.0523778 0.1122991 0.0555807 0.0661475 0.1042405 0.0767508 0.1192816 0.0109377 0.0779031 0.0648045 0.0136926 0.1180947 0.0552536 0.1325848 0.0508133 0.0546481 0.0715844 0.0785762 0.1171844 0.0745967 0.0647590 0.1020523 0.0476492 0.0631922 0.0756006 0.0693525 
S0407sl       0.2011393 0.1271447 0.1071067 0.0544788 0.1282984 0.1235837 0.0474131 0.1211472 0.1161272 0.1336033 0.0596446 0.1240069 0.1222036 0.0585288 0.1170827 0.1390741 0.1427097 0.1107674 0.1244658 0.1211878 0.1103781 0.0000000 0.1456450 0.0687672 0.1091077 0.1286216 0.0601116 0.1109372 0.0581777 0.1362904 0.1425964 0.1163853 0.1220392 0.0554103 0.1157338 0.1158025 0.0659885 0.0799029 0.0972659 0.1248223 0.1124103 0.1183198 0.1138597 0.1663796 0.1392202 0.1320701 0.1419229 0.1135375 0.1396690 0.1088861 0.1236764 0.1112067 0.1168111 0.1506497 0.1306228 0.0901373 0.1335725 0.1024369 0.1132389 0.1139942 0.0593463 0.1201340 0.1379984 0.1461179 0.1411225 0.1190880 0.1237055 0.1220458 0.1617107 0.1737355 0.1465910 0.1051327 0.1419000 0.1450189 0.1550823 0.1069650 0.1685598 0.1575872 0.1325080 0.1287434 0.1259876 0.1463567 0.1576531 0.1100636 0.1303724 0.1288945 0.0618162 0.0898445 0.0658955 0.1183868 0.0290734 0.0786539 0.1265588 0.1201871 0.1170857 0.1254204 0.1130807 0.1374868 0.1280897 0.1043901 0.1122048 0.1247705 0.1407833 0.1245920 0.0835610 0.1171372 0.1144319 0.0507016 0.1255269 0.1193905 0.0329553 0.1236225 0.0924939 0.1130702 0.1389243 0.1236595 0.1167747 0.0632679 0.1209401 0.0894713 0.1133457 0.1158126 0.1217790 0.1344058 0.0946971 0.1320975 0.1216490 0.1428361 0.1026857 0.1257184 0.1365667 0.1231693 
S0412sl       0.2118148 0.1019717 0.0857134 0.1410184 0.1147741 0.0864233 0.1448286 0.1015834 0.0896277 0.1090522 0.1232520 0.1108542 0.1196807 0.1572803 0.1055295 0.1249152 0.1195117 0.1011118 0.1069233 0.0880530 0.0814148 0.1456450 0.0000000 0.1326987 0.0922834 0.1051911 0.1265409 0.1001096 0.1005561 0.1212550 0.0851373 0.1238823 0.1128250 0.1535117 0.0847095 0.0830191 0.1585160 0.1443589 0.1521337 0.0770558 0.0807583 0.1060211 0.1037398 0.1748029 0.0646773 0.1148511 0.1380567 0.0845827 0.1347885 0.0903729 0.0952061 0.0908623 0.0961533 0.1411028 0.1178731 0.1340343 0.1338102 0.1519146 0.1138339 0.0966208 0.1293791 0.1049398 0.1253429 0.1204906 0.1249903 0.1209724 0.1049932 0.1107824 0.1684917 0.1387556 0.1227072 0.0987400 0.1200398 0.1252386 0.1720629 0.0869403 0.1865459 0.1448614 0.1181205 0.1165364 0.1057618 0.1243855 0.1776789 0.0827383 0.0952780 0.1191428 0.1562444 0.1484418 0.1170529 0.1006912 0.1374744 0.1542176 0.1208475 0.1007888 0.1057301 0.0913540 0.1074965 0.1126043 0.0992736 0.0824284 0.0829035 0.0951265 0.1183776 0.0903248 0.1506210 0.1066510 0.0954878 0.1527354 0.0939514 0.0987654 0.1462931 0.1123401 0.1444966 0.0799627 0.1203619 0.1060760 0.0853692 0.1550262 0.0953646 0.1611725 0.0939981 0.0794348 0.1007231 0.1139876 0.1462204 0.1123065 0.1004133 0.1344205 0.0887463 0.1042716 0.1160994 0.1071034 
S0417         0.1916878 0.1102205 0.0935856 0.0486148 0.1007440 0.1107768 0.0569411 0.1102688 0.1150567 0.1218273 0.0593433 0.0984869 0.1193257 0.0556751 0.0935275 0.1239682 0.1281226 0.0893523 0.1121466 0.1102911 0.0979605 0.0687672 0.1326987 0.0000000 0.0966754 0.1090557 0.0472322 0.0894118 0.0395257 0.1155767 0.1254642 0.0968395 0.1034982 0.0510340 0.1032755 0.1032403 0.0629477 0.0492273 0.0764736 0.1107935 0.1026088 0.0928746 0.0860562 0.1696425 0.1188848 0.1079265 0.1200156 0.1048014 0.1216466 0.0930631 0.1108569 0.0917759 0.0988607 0.1342410 0.1077956 0.0543472 0.1177705 0.0795658 0.0726129 0.0942924 0.0576453 0.1003414 0.1226446 0.1229678 0.1183194 0.1024970 0.1232778 0.1023197 0.1668120 0.1584028 0.1243363 0.0891908 0.1122719 0.1095455 0.1560572 0.0912220 0.1715176 0.1421509 0.1195005 0.1150754 0.1102198 0.1201919 0.1648368 0.1011197 0.1205632 0.1239767 0.0520760 0.0690708 0.0438013 0.0952565 0.0410443 0.0684878 0.1067148 0.0956364 0.0952237 0.1143996 0.0952578 0.1154247 0.1093967 0.1001202 0.0997369 0.1102715 0.1295273 0.1049336 0.0513205 0.1116672 0.0984864 0.0509269 0.1155103 0.1014751 0.0663158 0.1038719 0.0733268 0.0987499 0.1255877 0.1068434 0.1076095 0.0555117 0.1071337 0.0643009 0.1019680 0.1115710 0.1040575 0.1206735 0.0750625 0.1178094 0.0961024 0.1212225 0.0896570 0.1087988 0.1203699 0.1065314 
S0419         0.1702523 0.0710611 0.0109283 0.1122701 0.0553587 0.0698391 0.1164774 0.0457111 0.0689412 0.0742553 0.1048710 0.0748772 0.0835175 0.1186143 0.0718219 0.0779835 0.0738670 0.0688346 0.0725140 0.0679294 0.0600686 0.1091077 0.0922834 0.0966754 0.0000000 0.0792993 0.1006505 0.0681930 0.0694632 0.0747399 0.0877705 0.0783790 0.0773991 0.1210514 0.0634192 0.0600609 0.1154973 0.1059970 0.1067231 0.0618454 0.0649923 0.0487558 0.0721982 0.1237902 0.0842570 0.0818873 0.0933456 0.0646578 0.0866513 0.0067506 0.0730902 0.0040426 0.0081345 0.0894169 0.0585179 0.0958822 0.0793811 0.1155796 0.1021475 0.0457413 0.0948647 0.0682061 0.0848235 0.0761948 0.0841020 0.0572957 0.0655696 0.0554268 0.1268126 0.0920228 0.0803633 0.0611733 0.0760957 0.0803329 0.1193127 0.0040323 0.1229040 0.0901679 0.0706935 0.0704210 0.0646797 0.0748247 0.1231185 0.0582949 0.0649039 0.0639329 0.1185219 0.1019431 0.0724296 0.0710128 0.0878977 0.1250045 0.0841939 0.0714902 0.0719542 0.0746564 0.0567313 0.0646728 0.0554036 0.0541196 0.0600383 0.0695397 0.0733813 0.0599252 0.0914876 0.0594525 0.0427889 0.1110294 0.0604188 0.0164140 0.0968217 0.0568762 0.1033041 0.0620251 0.0694123 0.0569106 0.0668588 0.1259335 0.0584417 0.1274365 0.0570760 0.0642352 0.0604909 0.0634872 0.0977574 0.0748298 0.0504766 0.0876161 0.0352079 0.0553309 0.0842080 0.0517714 
S0427         0.2040165 0.0957792 0.0755387 0.1267282 0.0970456 0.0810656 0.1270538 0.0822235 0.0773557 0.0974114 0.1220712 0.0897865 0.0898262 0.1311467 0.0817463 0.0986073 0.1058886 0.0806450 0.0337222 0.0807294 0.0694392 0.1286216 0.1051911 0.1090557 0.0792993 0.0000000 0.1177904 0.0798031 0.0882228 0.0967246 0.1020171 0.0933705 0.0908824 0.1318567 0.0777261 0.0710300 0.1353370 0.1204366 0.1350501 0.0794147 0.0733784 0.0859469 0.0813165 0.1613652 0.0975777 0.0987560 0.1204355 0.0789297 0.1093407 0.0742742 0.0843945 0.0779002 0.0780780 0.1157815 0.1020679 0.1100708 0.0986188 0.1418728 0.1011654 0.0755889 0.1140185 0.0845493 0.1073804 0.1033692 0.1068605 0.0869389 0.1035798 0.0929883 0.1570659 0.1263604 0.0954558 0.0764543 0.1037938 0.1101420 0.1549459 0.0742040 0.1566222 0.1113416 0.0990279 0.0880222 0.0888899 0.1050963 0.1558100 0.0723635 0.0826378 0.0897416 0.1370295 0.1252447 0.1002585 0.0814615 0.0854179 0.1377606 0.1028862 0.0817857 0.0802259 0.0859894 0.0796617 0.0927440 0.0827876 0.0664442 0.0725042 0.0726284 0.1016006 0.0822166 0.1042310 0.0884877 0.0712111 0.1306359 0.0795777 0.0838867 0.1151373 0.0944942 0.1265275 0.0731011 0.0960703 0.0793160 0.0780547 0.1293268 0.0774710 0.1367890 0.0710745 0.0801101 0.0886416 0.0952521 0.1277716 0.0870949 0.0840332 0.1046599 0.0694021 0.0843614 0.0396574 0.0887649 
S0428sl       0.1993904 0.1070035 0.0944034 0.0545381 0.1159173 0.1191472 0.0515227 0.1070047 0.1181707 0.1356070 0.0536804 0.1026221 0.1216113 0.0495607 0.0958690 0.1265606 0.1224717 0.0999984 0.1151412 0.1117338 0.1069263 0.0601116 0.1265409 0.0472322 0.1006505 0.1177904 0.0000000 0.0964242 0.0407928 0.1191113 0.1256515 0.1027601 0.1026106 0.0516202 0.1115995 0.1090746 0.0608981 0.0491938 0.0878861 0.1070770 0.1041658 0.1005933 0.1011895 0.1545571 0.1252976 0.1123403 0.1419937 0.1021661 0.1343790 0.0957893 0.1243828 0.0964307 0.1059276 0.1168185 0.1182716 0.0606515 0.1175574 0.0855007 0.0672879 0.0993451 0.0615648 0.1117306 0.1166874 0.1216587 0.1173726 0.1096050 0.1216946 0.1053855 0.1465908 0.1337964 0.1121797 0.0802658 0.1116141 0.1219755 0.1414030 0.0958765 0.1593887 0.1431875 0.1237915 0.1041717 0.1135328 0.1267370 0.1503939 0.1065857 0.1195136 0.1108625 0.0557323 0.0714771 0.0504078 0.1086443 0.0412353 0.0710868 0.1045514 0.1059065 0.1045563 0.1267200 0.0973560 0.1176888 0.1059189 0.0961876 0.1047523 0.1186768 0.1322494 0.1091559 0.0698595 0.1043782 0.0982072 0.0560057 0.1155630 0.1049739 0.0521952 0.1074209 0.0813562 0.1075918 0.1219264 0.1066214 0.1091747 0.0663267 0.1168670 0.0624574 0.1046051 0.1105165 0.1051299 0.1221336 0.0794743 0.1111822 0.1017448 0.1253120 0.0892763 0.1119615 0.1304689 0.1106649 
S0430         0.1985113 0.0918465 0.0625802 0.1179386 0.0704687 0.0872079 0.1089850 0.0760000 0.0874393 0.0970996 0.0951658 0.0227144 0.0523507 0.1039635 0.0069178 0.1034637 0.1022651 0.0201870 0.0744763 0.0834566 0.0767324 0.1109372 0.1001096 0.0894118 0.0681930 0.0798031 0.0964242 0.0000000 0.0766047 0.0945103 0.0943467 0.0635904 0.0261227 0.1083527 0.0836606 0.0767212 0.1097681 0.0877570 0.1142465 0.0787461 0.0832671 0.0680334 0.0205054 0.1317476 0.0897957 0.0331841 0.1128793 0.0849454 0.1033116 0.0664084 0.0906831 0.0651033 0.0701847 0.1070439 0.0804502 0.0888113 0.0850389 0.1215698 0.0841925 0.0613246 0.0920360 0.0583822 0.1013402 0.0902036 0.1007511 0.0768310 0.0883493 0.0766929 0.1310787 0.1183363 0.0790578 0.0521891 0.0888223 0.0931645 0.1284514 0.0631243 0.1319790 0.1076604 0.0913939 0.0685683 0.0830610 0.0851162 0.1310034 0.0747829 0.0767966 0.0888405 0.1187856 0.1021202 0.0773546 0.0086528 0.1014694 0.1178615 0.0727914 0.0085312 0.0083025 0.0923441 0.0567227 0.0916515 0.0751883 0.0714326 0.0782484 0.0834415 0.0958798 0.0712005 0.0839260 0.0742339 0.0665631 0.1093444 0.0737440 0.0728257 0.1013129 0.0782115 0.1148362 0.0772292 0.0900448 0.0797232 0.0840875 0.1097177 0.0765387 0.1200991 0.0734489 0.0742487 0.0854884 0.0926122 0.1144193 0.0848865 0.0696974 0.1023324 0.0599677 0.0782024 0.0865813 0.0727051 
S0478         0.2007885 0.0971117 0.0539852 0.0558892 0.0983599 0.1071467 0.0469532 0.0927422 0.1056819 0.1092424 0.0625931 0.0809300 0.1144883 0.0505613 0.0770669 0.1048341 0.1057870 0.0815971 0.0919574 0.1024120 0.0979560 0.0581777 0.1005561 0.0395257 0.0694632 0.0882228 0.0407928 0.0766047 0.0000000 0.1020519 0.1146920 0.0777128 0.0932478 0.0504796 0.1051334 0.1062985 0.0620395 0.0455262 0.0655747 0.0977376 0.0818051 0.0812680 0.0811515 0.1172693 0.1094721 0.0971720 0.1198763 0.0854680 0.1065368 0.0656632 0.1156229 0.0662601 0.0664072 0.0953294 0.1076466 0.0552405 0.0951959 0.0306100 0.0446780 0.0768619 0.0495770 0.0807186 0.0939989 0.0894495 0.0957443 0.0895427 0.0992544 0.0891096 0.1047339 0.1002204 0.1010502 0.0644914 0.0834416 0.0920165 0.0965541 0.0657646 0.1105763 0.1250400 0.1007196 0.0885407 0.0818749 0.1080921 0.1014954 0.0934753 0.0980343 0.0884298 0.0652102 0.0503732 0.0304400 0.0770669 0.0482327 0.0650815 0.0981886 0.0783034 0.0770669 0.1111438 0.0717935 0.1004292 0.0865046 0.0764351 0.0938718 0.1008095 0.1126281 0.0935152 0.0599193 0.0931401 0.0734690 0.0469150 0.0950012 0.0730956 0.0595153 0.0891096 0.0511646 0.0943395 0.1003770 0.0846464 0.1096419 0.0541148 0.1019420 0.0765424 0.0981161 0.0880990 0.0895334 0.1016281 0.0618283 0.0896241 0.0803449 0.0978126 0.0659623 0.0892989 0.1093627 0.0841839 
