113
S0055       0.0000000 0.1003301 0.0829066 0.0588962 0.1327037 0.0639108 0.0786621 0.0000010 0.1226658 0.0736788 0.0553059 0.0676965 0.0628378 0.1072543 0.0535124 0.0495898 0.1224562 0.0794640 0.1015720 0.0854917 0.0450247 0.1092029 0.0842189 0.0828270 0.1023000 0.0839924 0.1562965 0.1372577 0.1477004 0.0539507 0.0582178 0.0633126 0.0502539 0.1498444 0.0736928 0.0642101 0.0448972 0.0732356 0.0487590 0.0586295 0.1234909 0.0591166 0.1468923 0.1011161 0.0657273 0.0537524 0.0486623 0.1427625 0.1102057 0.1079864 0.0903359 0.0908865 0.1823471 0.0866550 0.0732536 0.0562517 0.0956358 0.1062110 0.1376474 0.0581354 0.1366361 0.1248281 0.0678924 0.0869588 0.0438392 0.0691917 0.1315037 0.0628466 0.0537415 0.1158994 0.1350652 0.0444587 0.0994172 0.1602273 0.0641259 0.0586061 0.0584499 0.0948683 0.0809986 0.0692688 0.0541640 0.0211046 0.0627813 0.0438392 0.1018842 0.0633319 0.0543581 0.1392566 0.0741655 0.0577197 0.1178403 0.0850911 0.1415199 0.0591592 0.0908865 0.0636582 0.0787673 0.0536866 0.1150926 0.0532196 0.1358155 0.0731017 0.0696891 0.0711748 0.0584263 0.1250776 0.1066337 0.0487797 0.1002910 0.0585362 0.0640489 0.0638343 0.0684927 
S0281       0.1003301 0.0000000 0.0789215 0.0647065 0.1521279 0.0790281 0.0947499 0.0000010 0.1345027 0.0701347 0.0500846 0.0887098 0.0686669 0.1366474 0.0687968 0.0596510 0.1231265 0.1121919 0.1188629 0.1128606 0.0450894 0.1270949 0.0998967 0.0789731 0.1264378 0.0848255 0.1549223 0.1494331 0.1306139 0.0684146 0.0736959 0.0397919 0.0605278 0.1435604 0.0838369 0.0641826 0.0551142 0.0685000 0.0638197 0.0588491 0.1477325 0.0403457 0.1411411 0.0906599 0.0774872 0.0684090 0.0690389 0.1684119 0.1276515 0.1256497 0.0705319 0.0451912 0.1957325 0.0868426 0.0681464 0.0723093 0.1128443 0.1183751 0.1252023 0.0535392 0.1300547 0.1548517 0.0829502 0.0811054 0.0585973 0.0845583 0.1197532 0.0734264 0.0691009 0.1291572 0.1235953 0.0592969 0.1052117 0.1749625 0.0550252 0.0585820 0.0689510 0.0951451 0.0919772 0.0846496 0.0696290 0.0999205 0.0776085 0.0491585 0.1084934 0.0783006 0.0691955 0.1470121 0.0803909 0.0584911 0.1275809 0.0402058 0.1246368 0.0749169 0.0451912 0.0787080 0.0943708 0.0640316 0.1280235 0.0684090 0.1439572 0.0840955 0.0848740 0.0874660 0.0732151 0.1191834 0.1299098 0.0632032 0.0849425 0.0490958 0.0792030 0.0902089 0.0689676 
S0282       0.0829066 0.0789215 0.0000000 0.0682305 0.1315940 0.0733301 0.0437662 0.0000010 0.1329781 0.0733045 0.0647859 0.0828528 0.0720975 0.1225542 0.0343831 0.0347827 0.1218538 0.0940097 0.1172225 0.1052592 0.0542507 0.1294725 0.0988065 0.0775957 0.1180708 0.0833285 0.1603835 0.1374552 0.1399101 0.0678097 0.0388413 0.0628270 0.0645911 0.1662771 0.0780614 0.0632915 0.0445543 0.0827141 0.0299092 0.0728883 0.1443110 0.0637113 0.1444027 0.0945466 0.0763828 0.0629608 0.0627036 0.1643864 0.1364244 0.1280310 0.0847479 0.0839619 0.2099911 0.0914329 0.0671874 0.0655930 0.1156105 0.1264487 0.1537923 0.0673439 0.1526634 0.1512157 0.0772464 0.0803762 0.0528188 0.0787258 0.1421521 0.0432613 0.0533328 0.1149492 0.1327927 0.0535653 0.1103520 0.1647934 0.0446719 0.0678929 0.0435640 0.0989822 0.0806090 0.0788113 0.0393549 0.0825819 0.0720303 0.0345166 0.1120273 0.0726639 0.0585464 0.1266639 0.0638326 0.0724416 0.1240130 0.0783834 0.1339002 0.0394501 0.0839619 0.0730379 0.0883763 0.0532787 0.1251527 0.0528188 0.1403688 0.0725356 0.0840970 0.0864131 0.0676830 0.1344374 0.1269555 0.0578791 0.1047409 0.0628801 0.0734898 0.0732445 0.0681759 
S0288       0.0588962 0.0647065 0.0682305 0.0000000 0.1113111 0.0495910 0.0688998 0.0000010 0.1065686 0.0402256 0.0176365 0.0588636 0.0041846 0.0964411 0.0350235 0.0356163 0.1012970 0.0594841 0.0969771 0.0799958 0.0000027 0.0976563 0.0843040 0.0533693 0.0868319 0.0493370 0.1365900 0.1280232 0.1253437 0.0444732 0.0442289 0.0398543 0.0130966 0.1204060 0.0588712 0.0308645 0.0310308 0.0492968 0.0350235 0.0399816 0.1005330 0.0404094 0.1184441 0.0652022 0.0444742 0.0398172 0.0305769 0.1193993 0.1040210 0.0965814 0.0705260 0.0655568 0.1612910 0.0712907 0.0427263 0.0369075 0.0798415 0.0900998 0.1140953 0.0350351 0.1132700 0.1129889 0.0536444 0.0546521 0.0303107 0.0451612 0.1031557 0.0487708 0.0398043 0.0951071 0.1184264 0.0171770 0.0712379 0.1431853 0.0308242 0.0260137 0.0444061 0.0596537 0.0656116 0.0547282 0.0401158 0.0586707 0.0395265 0.0303107 0.0811975 0.0491465 0.0400903 0.1175066 0.0595055 0.0397434 0.0943854 0.0601637 0.1194245 0.0449379 0.0655568 0.0400712 0.0640611 0.0351934 0.0994403 0.0394237 0.1082773 0.0586597 0.0597373 0.0560009 0.0443889 0.1137993 0.0904533 0.0350398 0.0897635 0.0352715 0.0496975 0.0495314 0.0541167 
S0289       0.1327037 0.1521279 0.1315940 0.1113111 0.0000000 0.1114796 0.1445047 0.0000010 0.0586980 0.1389397 0.1084279 0.1325830 0.1149665 0.1288674 0.1097729 0.1062116 0.0588106 0.1267770 0.0496897 0.1275345 0.0962126 0.1520752 0.1317798 0.1374699 0.0261071 0.1168222 0.0600466 0.0501066 0.0909483 0.1102810 0.1041959 0.1154861 0.1080879 0.1745652 0.1145650 0.1176196 0.0956139 0.1323519 0.1043512 0.1104204 0.1491861 0.1172161 0.0495105 0.1535922 0.0286608 0.0892369 0.1045689 0.1693786 0.1416421 0.1503639 0.1476062 0.1478800 0.2347678 0.1090485 0.1188920 0.1048749 0.1252107 0.1369335 0.1731406 0.1148323 0.1718488 0.1682766 0.0882917 0.1356305 0.0984644 0.1284876 0.1610699 0.1200953 0.1047721 0.0346429 0.1007789 0.0949252 0.0333678 0.0740059 0.1174549 0.1107191 0.1155020 0.1461866 0.1484729 0.1176957 0.0944044 0.1208849 0.1199293 0.0984644 0.0265772 0.1104152 0.0956010 0.0344741 0.1341265 0.1206790 0.0463928 0.1410450 0.0751249 0.1116412 0.1478800 0.1051883 0.1157926 0.1101359 0.0344274 0.0987866 0.0499890 0.1320878 0.1287996 0.1263854 0.1154477 0.0855596 0.1432450 0.0937710 0.1630930 0.1156891 0.1164170 0.0938042 0.1271136 
S0292       0.0639108 0.0790281 0.0733301 0.0495910 0.1114796 0.0000000 0.0740511 0.0000010 0.0951101 0.0641512 0.0312620 0.0535709 0.0489281 0.0849260 0.0443787 0.0403769 0.0897559 0.0745429 0.0854532 0.0801183 0.0264573 0.1085506 0.0835154 0.0684491 0.0869675 0.0692198 0.1256567 0.1064745 0.1060938 0.0394716 0.0444601 0.0440428 0.0362591 0.1370050 0.0583939 0.0354167 0.0357404 0.0534822 0.0397021 0.0441840 0.1069058 0.0446537 0.1066534 0.0847691 0.0498791 0.0259565 0.0443946 0.1253695 0.1096454 0.1073477 0.0755629 0.0698256 0.1749321 0.0655632 0.0575943 0.0516076 0.0799644 0.0902368 0.1305467 0.0392049 0.1353999 0.1079485 0.0484901 0.0645489 0.0349042 0.0400742 0.1250705 0.0488449 0.0445662 0.0952518 0.0957824 0.0263196 0.0712258 0.1374364 0.0546962 0.0304714 0.0492190 0.0785743 0.0703812 0.0218455 0.0401781 0.0636642 0.0346525 0.0349042 0.0705852 0.0171272 0.0085702 0.1176851 0.0645749 0.0439221 0.0945532 0.0644165 0.1005332 0.0498130 0.0698256 0.0305478 0.0586429 0.0445222 0.0893275 0.0350097 0.1085395 0.0587491 0.0543565 0.0607434 0.0393972 0.0966122 0.1010084 0.0302393 0.0838070 0.0394683 0.0445447 0.0496071 0.0489121 
S0293       0.0786621 0.0947499 0.0437662 0.0688998 0.1445047 0.0740511 0.0000000 0.0000010 0.1343281 0.0791363 0.0654339 0.0788882 0.0727959 0.1129111 0.0347107 0.0446118 0.1340860 0.0949446 0.1298696 0.0900873 0.0547847 0.1254331 0.0997870 0.0883230 0.1192810 0.0946170 0.1747101 0.1289854 0.1533213 0.0684707 0.0392119 0.0680768 0.0652353 0.1680220 0.0888607 0.0639105 0.0449906 0.0683137 0.0301929 0.0586904 0.1345529 0.0593232 0.1578661 0.0960674 0.0829290 0.0635735 0.0538053 0.1543508 0.1206723 0.1240253 0.0962566 0.0790875 0.2124755 0.0976494 0.0842328 0.0717393 0.1061142 0.1168793 0.1553944 0.0533970 0.1542442 0.1413348 0.0682377 0.0874594 0.0392595 0.0795046 0.1436305 0.0346454 0.0538497 0.1272999 0.1458470 0.0540872 0.1115670 0.1728275 0.0743048 0.0685555 0.0486705 0.1058013 0.0921049 0.0795923 0.0397342 0.0734910 0.0727272 0.0533259 0.1131682 0.0733729 0.0591189 0.1512852 0.0743096 0.0537630 0.1189565 0.0790875 0.1470820 0.0398313 0.0847212 0.0737538 0.0791718 0.0537936 0.1264010 0.0533259 0.1418114 0.0635416 0.0748438 0.0925432 0.0683416 0.1358163 0.1173483 0.0584389 0.1163957 0.0489655 0.0742146 0.0739646 0.0736205 
S0294       0.0000010 0.0000010 0.0000010 0.0000010 0.0000010 0.0000010 0.0000010 0.0000000 0.0000010 0.0000010 0.0000010 0.0000010 0.0000010 0.0000010 0.0000010 0.0000010 0.0000010 0.0000010 0.0000010 0.0000010 0.0000010 0.0000010 0.0000010 0.0000010 0.0000010 0.9392173 0.0000010 0.0000010 0.0000010 0.0000010 0.0000010 0.0000010 0.0000010 0.0000010 0.0000010 0.0000010 0.0000010 0.0000010 0.0000010 0.0000010 0.0000010 0.0000010 0.0000010 0.0000010 0.0000010 0.0000010 0.0000010 0.0000010 0.0000010 0.0000010 0.0000010 0.0000010 0.0000010 0.0000010 0.0000010 0.0000010 0.0000010 0.0000010 0.0000010 0.0000010 0.0000010 0.0000010 0.0000010 0.0000010 0.0000010 0.0000010 0.0000010 0.0000010 0.0000010 0.0000010 0.0000010 0.0000010 0.0000010 0.0000010 0.0000010 0.0000010 0.0000010 0.0000010 0.0000010 1.2309955 0.0000010 0.0000010 0.0000010 0.0000010 0.0000010 0.0000010 0.0000010 0.0000010 0.0000010 0.0000010 0.0000010 0.0000010 0.0000010 0.0000010 0.0000010 0.0000010 0.0000010 0.0000010 0.0000010 0.0000010 0.0000010 0.0000010 0.0000010 0.0000010 0.0000010 0.0000010 0.0000010 0.0000010 0.0000010 0.0000010 0.0000010 0.0000010 0.0000010 
S0299       0.1226658 0.1345027 0.1329781 0.1065686 0.0586980 0.0951101 0.1343281 0.0000010 0.0000000 0.1288068 0.0969385 0.1156245 0.1102785 0.1301333 0.1000507 0.0963864 0.0491464 0.1224310 0.0591932 0.1175199 0.0855890 0.1378001 0.0989419 0.1274486 0.0404880 0.1120622 0.0492764 0.0497086 0.0795015 0.0941025 0.0945554 0.0941895 0.1032705 0.1551495 0.0983806 0.1060518 0.0858904 0.1154254 0.0946959 0.0942175 0.1351655 0.0955741 0.0535433 0.1408113 0.0189217 0.0737515 0.1000790 0.1675134 0.1273089 0.1362328 0.1317684 0.1246858 0.2446079 0.0976640 0.1076461 0.1001599 0.1123041 0.1178032 0.1629346 0.0986099 0.1801198 0.1540463 0.0830714 0.1168125 0.0889275 0.0995518 0.1565822 0.1052297 0.0897137 0.0492655 0.0778595 0.0902532 0.0186445 0.0638903 0.1126698 0.0994545 0.1056960 0.1337203 0.1369791 0.1010338 0.0798912 0.1110237 0.1035806 0.0889275 0.0174324 0.0942169 0.0797299 0.0688887 0.1181957 0.1042097 0.0247236 0.1182605 0.0642411 0.1070623 0.1246858 0.0891461 0.1052125 0.1003842 0.0351034 0.0892171 0.0546062 0.1112690 0.1117648 0.1263541 0.0889198 0.0491636 0.1292674 0.0782318 0.1396108 0.0993296 0.1057758 0.0842664 0.1103315 
S0308       0.0736788 0.0701347 0.0733045 0.0402256 0.1389397 0.0641512 0.0791363 0.0000010 0.1288068 0.0000000 0.0456666 0.0786817 0.0442886 0.1075432 0.0585167 0.0497550 0.1285794 0.0898134 0.1243405 0.0906300 0.0310555 0.1033315 0.0999548 0.0637021 0.1138165 0.0793925 0.1686954 0.1411540 0.1542836 0.0636332 0.0632846 0.0588370 0.0457213 0.1388046 0.0738749 0.0596722 0.0498583 0.0590395 0.0536895 0.0495206 0.1124493 0.0500554 0.1467788 0.0754014 0.0664424 0.0587796 0.0491081 0.1312107 0.1098299 0.1021871 0.0913551 0.0811888 0.1700919 0.0712376 0.0525599 0.0566306 0.0851709 0.0955555 0.1268191 0.0443732 0.1258876 0.1188200 0.0634165 0.0597404 0.0394845 0.0639441 0.1155312 0.0679666 0.0587693 0.1218884 0.1467507 0.0446813 0.1001773 0.1668800 0.0499892 0.0541407 0.0586453 0.0695410 0.0922727 0.0745911 0.0592343 0.0636663 0.0632082 0.0394845 0.1077805 0.0684944 0.0594483 0.1456263 0.0695873 0.0492209 0.1194375 0.0755151 0.1480005 0.0643161 0.0811888 0.0591594 0.0841935 0.0536643 0.1210316 0.0581928 0.1347129 0.0685879 0.0648624 0.0770574 0.0586216 0.1366625 0.0959333 0.0537114 0.1005544 0.0446769 0.0692771 0.0690435 0.0639789 
S0322       0.0553059 0.0500846 0.0647859 0.0176365 0.1084279 0.0312620 0.0654339 0.0000010 0.0969385 0.0456666 0.0000000 0.0356232 0.0218504 0.0818448 0.0358285 0.0316964 0.0864285 0.0658725 0.0820351 0.0766401 0.0043064 0.0838659 0.0749703 0.0450324 0.0835144 0.0456221 0.1153215 0.1015329 0.0980373 0.0309772 0.0404801 0.0264359 0.0134118 0.1229301 0.0451466 0.0131028 0.0270494 0.0308705 0.0311597 0.0265184 0.0878376 0.0268033 0.1143883 0.0660206 0.0349585 0.0264112 0.0266478 0.1003019 0.0900965 0.0829305 0.0670066 0.0460571 0.1648720 0.0567544 0.0384284 0.0280049 0.0613774 0.0715175 0.1107025 0.0217864 0.1156012 0.0938728 0.0400353 0.0500172 0.0264112 0.0361042 0.1052739 0.0403309 0.0359804 0.0919855 0.0916742 0.0086918 0.0610919 0.1289322 0.0268678 0.0085893 0.0406455 0.0603932 0.0567273 0.0408471 0.0315360 0.0550908 0.0307190 0.0264112 0.0720667 0.0355663 0.0267019 0.1147015 0.0558896 0.0263609 0.0844651 0.0409677 0.0924434 0.0411402 0.0460571 0.0311435 0.0500901 0.0311565 0.0910273 0.0356310 0.1043975 0.0501802 0.0457248 0.0470688 0.0309175 0.0923059 0.0769353 0.0217894 0.0702377 0.0219325 0.0359641 0.0458043 0.0403890 
S0335       0.0676965 0.0887098 0.0828528 0.0588636 0.1325830 0.0535709 0.0788882 0.0000010 0.1156245 0.0786817 0.0356232 0.0000000 0.0628025 0.1067093 0.0534842 0.0495641 0.1100613 0.0842238 0.1058318 0.0952501 0.0400379 0.1137832 0.0831594 0.0878187 0.1077230 0.0839369 0.1477041 0.1270430 0.1342413 0.0484495 0.0581861 0.0438590 0.0551092 0.1675922 0.0676671 0.0538171 0.0448747 0.0626666 0.0487343 0.0532513 0.1228640 0.0491182 0.1387277 0.0896297 0.0601460 0.0438179 0.0535032 0.1420250 0.1152271 0.1125207 0.0960086 0.0744121 0.2040408 0.0652761 0.0620301 0.0562201 0.0951535 0.1056758 0.1489186 0.0481233 0.1538508 0.1293980 0.0575529 0.0744785 0.0438179 0.0586344 0.1432599 0.0579765 0.0537131 0.1158045 0.1272465 0.0444367 0.0928998 0.1599199 0.0640890 0.0485038 0.0584179 0.0836680 0.0801051 0.0587016 0.0493226 0.0730735 0.0526441 0.0438179 0.0958044 0.0530963 0.0442995 0.1276179 0.0741196 0.0433333 0.1054828 0.0689551 0.1283051 0.0591263 0.0744121 0.0533656 0.0679556 0.0536583 0.1095506 0.0531919 0.1356872 0.0680813 0.0636912 0.0703918 0.0388698 0.1174646 0.1060944 0.0390468 0.0735461 0.0484473 0.0536848 0.0591478 0.0580536 
S0355       0.0628378 0.0686669 0.0720975 0.0041846 0.1149665 0.0489281 0.0727959 0.0000010 0.1102785 0.0442886 0.0218504 0.0628025 0.0000000 0.1002383 0.0436487 0.0397064 0.1050442 0.0732707 0.1007936 0.0838744 0.0042253 0.1014918 0.0881215 0.0572902 0.0907358 0.0533285 0.1401223 0.1356923 0.1289691 0.0484764 0.0482149 0.0438840 0.0173101 0.1240885 0.0677008 0.0349580 0.0351475 0.0532866 0.0390520 0.0440236 0.1104568 0.0444899 0.1220910 0.0691857 0.0491436 0.0438428 0.0346372 0.1288043 0.1078438 0.1003874 0.0744955 0.0695580 0.1714769 0.0752947 0.0470138 0.0411310 0.0837155 0.0939049 0.1178063 0.0390643 0.1169648 0.1166842 0.0575831 0.0590114 0.0343378 0.0492188 0.1069514 0.0527237 0.0438308 0.0988702 0.1220724 0.0212865 0.0755236 0.1466791 0.0349138 0.0300842 0.0484045 0.0636361 0.0752382 0.0587327 0.0441693 0.0625993 0.0435265 0.0343378 0.0851220 0.0531250 0.0443249 0.1211390 0.0634804 0.0437630 0.0987789 0.0641723 0.1230879 0.0489794 0.0695580 0.0441200 0.0679895 0.0392396 0.1031431 0.0434150 0.1120266 0.0625871 0.0637242 0.0655651 0.0483867 0.1175068 0.0942693 0.0390695 0.0935538 0.0393259 0.0537140 0.0535365 0.0580842 
S0376       0.1072543 0.1366474 0.1225542 0.0964411 0.1288674 0.0849260 0.1129111 0.0000010 0.1301333 0.1075432 0.0818448 0.1067093 0.1002383 0.0000000 0.0901181 0.0863618 0.1411425 0.0897951 0.1252013 0.0594068 0.0763615 0.1158889 0.1002679 0.1171068 0.1208833 0.1021983 0.1449731 0.1517159 0.1528947 0.0799791 0.0899565 0.0956404 0.0930091 0.1824892 0.0589686 0.0970684 0.0812638 0.0892723 0.0848495 0.0856401 0.1198913 0.0865991 0.1478146 0.1325135 0.0666501 0.0800218 0.0799641 0.1326825 0.1161524 0.1145809 0.1382862 0.1212918 0.2302921 0.1108878 0.1034117 0.1005837 0.0968636 0.1075821 0.1636489 0.0796673 0.1618096 0.1259422 0.0745599 0.1136460 0.0693027 0.0973749 0.1635000 0.0899322 0.0905330 0.1232344 0.1470247 0.0803983 0.1009281 0.1505640 0.1024049 0.0905827 0.0956574 0.1310341 0.1223163 0.0920426 0.0651043 0.0962603 0.0947926 0.0792201 0.1089089 0.0903370 0.0809731 0.1300539 0.1135379 0.0850912 0.1471705 0.1148290 0.1348846 0.0968878 0.1212918 0.0846491 0.0962926 0.0904193 0.1116024 0.0843678 0.1615565 0.0907862 0.0868401 0.1116944 0.0902861 0.1252019 0.1080146 0.0796780 0.1301031 0.0802459 0.0854886 0.0491224 0.1014230 
S0400       0.0535124 0.0687968 0.0343831 0.0350235 0.1097729 0.0443787 0.0347107 0.0000010 0.1000507 0.0585167 0.0358285 0.0534842 0.0436487 0.0901181 0.0000000 0.0171225 0.0998983 0.0636993 0.0956282 0.0740747 0.0262620 0.1017268 0.0683158 0.0674435 0.0856262 0.0634881 0.1366939 0.1065703 0.1173963 0.0394085 0.0125482 0.0439731 0.0357224 0.1305629 0.0582992 0.0350286 0.0172542 0.0533956 0.0041414 0.0441131 0.1107127 0.0445814 0.1218685 0.0693354 0.0494570 0.0348488 0.0347062 0.1291168 0.1080984 0.1006172 0.0645553 0.0639722 0.1740696 0.0654525 0.0521352 0.0412178 0.0838996 0.0941150 0.1189476 0.0391426 0.1180900 0.1169594 0.0484117 0.0644674 0.0255876 0.0493209 0.1079731 0.0167716 0.0258273 0.0938085 0.1107554 0.0259407 0.0760278 0.1411183 0.0445233 0.0394508 0.0212343 0.0737423 0.0702634 0.0493784 0.0127095 0.0533118 0.0436131 0.0255876 0.0800789 0.0439865 0.0305290 0.1158664 0.0445276 0.0438516 0.0926914 0.0587234 0.1116714 0.0127398 0.0639722 0.0442099 0.0585466 0.0258049 0.0931758 0.0255876 0.1066684 0.0439080 0.0542672 0.0606413 0.0393343 0.1011137 0.0944811 0.0301920 0.0836701 0.0348053 0.0444726 0.0443255 0.0488331 
S0405       0.0495898 0.0596510 0.0347827 0.0356163 0.1062116 0.0403769 0.0446118 0.0000010 0.0963864 0.0497550 0.0316964 0.0495641 0.0397064 0.0863618 0.0171225 0.0000000 0.0962400 0.0598087 0.0918993 0.0702291 0.0221223 0.0862251 0.0694709 0.0587376 0.0818036 0.0544627 0.1332390 0.1180361 0.1134731 0.0354088 0.0214923 0.0352007 0.0316022 0.1329410 0.0495704 0.0309827 0.0175385 0.0494809 0.0127661 0.0401327 0.1071318 0.0356885 0.1179932 0.0594768 0.0450530 0.0308210 0.0306930 0.1256376 0.0923088 0.0852910 0.0603441 0.0548835 0.1768032 0.0560747 0.0322374 0.0270320 0.0801361 0.0904290 0.1210921 0.0351669 0.1202048 0.1134028 0.0444875 0.0433294 0.0215483 0.0453320 0.1099101 0.0258531 0.0262496 0.0901303 0.1068388 0.0218489 0.0718366 0.1377304 0.0309949 0.0354465 0.0126747 0.0589691 0.0609596 0.0453862 0.0216955 0.0494015 0.0396742 0.0127210 0.0762309 0.0400173 0.0264502 0.1063381 0.0404962 0.0398928 0.0941070 0.0497311 0.1077319 0.0218288 0.0548835 0.0402228 0.0546402 0.0262257 0.0895168 0.0260021 0.1025099 0.0446332 0.0502974 0.0512896 0.0353411 0.0971205 0.0907851 0.0261551 0.0747624 0.0306426 0.0404643 0.0403287 0.0401465 
S0407sl     0.1224562 0.1231265 0.1218538 0.1012970 0.0588106 0.0897559 0.1340860 0.0000010 0.0491464 0.1285794 0.0864285 0.1100613 0.1050442 0.1411425 0.0998983 0.0962400 0.0000000 0.1222224 0.0544594 0.1286582 0.0805530 0.1485418 0.1096701 0.1112971 0.0407938 0.1178515 0.0702599 0.0406894 0.0753531 0.0888103 0.0944156 0.0888922 0.0979367 0.1761645 0.1036015 0.0955136 0.0857668 0.1098727 0.0945556 0.0889173 0.1456917 0.0901912 0.0591676 0.1411689 0.0339833 0.0686972 0.0999264 0.1785886 0.1380039 0.1468516 0.1315285 0.1188708 0.2446403 0.1030992 0.1133719 0.1001718 0.1225191 0.1280870 0.1683886 0.0932992 0.1862462 0.1648964 0.0779494 0.1289848 0.0888003 0.1059378 0.1625341 0.1047098 0.0949359 0.0493621 0.0849878 0.0851584 0.0336846 0.0858612 0.0967133 0.0891573 0.1055300 0.1340605 0.1141640 0.0955807 0.0899196 0.1108449 0.0982243 0.0888003 0.0266662 0.0889182 0.0745481 0.0690191 0.1237713 0.0988149 0.0254767 0.1125581 0.0701364 0.1068911 0.1188708 0.0839017 0.1105721 0.1002306 0.0393636 0.0890889 0.0553508 0.1163211 0.1061816 0.1147265 0.0937864 0.0701539 0.1397111 0.0731567 0.1336930 0.0939748 0.1002908 0.0946176 0.1048301 
S0412sl     0.0794640 0.1121919 0.0940097 0.0594841 0.1267770 0.0745429 0.0949446 0.0000010 0.1224310 0.0898134 0.0658725 0.0842238 0.0732707 0.0897951 0.0636993 0.0598087 0.1222224 0.0000000 0.1179852 0.0738192 0.0551442 0.1131715 0.0780718 0.0991166 0.1076066 0.0952590 0.1356846 0.1595011 0.1557926 0.0590333 0.0685395 0.0738330 0.0656713 0.1822035 0.0486034 0.0748988 0.0549893 0.0738591 0.0587919 0.0740872 0.1110850 0.0748999 0.1400754 0.1015589 0.0604641 0.0639870 0.0637222 0.1295591 0.1198058 0.1119218 0.1079171 0.1025646 0.2073676 0.0983333 0.0793314 0.0669932 0.0946545 0.1051209 0.1691215 0.0684379 0.1678496 0.1287046 0.0734495 0.0935360 0.0536655 0.0800377 0.1570034 0.0732821 0.0639788 0.1156830 0.1415721 0.0544372 0.0992205 0.1659122 0.0747991 0.0690041 0.0688159 0.1010740 0.0974623 0.0698659 0.0591904 0.0791488 0.0732010 0.0536655 0.1018797 0.0738552 0.0597327 0.1389793 0.0851656 0.0736259 0.1110210 0.0965196 0.1548904 0.0642678 0.1025646 0.0742411 0.0846076 0.0639093 0.1148795 0.0633438 0.1355437 0.0839231 0.0751013 0.0873619 0.0687871 0.1257619 0.1055353 0.0588152 0.1003030 0.0689200 0.0747076 0.0536369 0.0792150 
S0417       0.1015720 0.1188629 0.1172225 0.0969771 0.0496897 0.0854532 0.1298696 0.0000010 0.0591932 0.1243405 0.0820351 0.1058318 0.1007936 0.1252013 0.0956282 0.0918993 0.0544594 0.1179852 0.0000000 0.1079347 0.0761817 0.1385270 0.1054519 0.1116732 0.0412882 0.1135677 0.0599118 0.0588242 0.0761834 0.0848441 0.0901441 0.0846253 0.0880807 0.1654920 0.0888625 0.0912007 0.0814004 0.1056490 0.0902786 0.0951948 0.1415105 0.0858703 0.0499927 0.1423996 0.0242201 0.0644062 0.0904698 0.1744864 0.1279685 0.1369418 0.1272151 0.1145583 0.2397175 0.0824997 0.1078064 0.1060636 0.1182707 0.1238563 0.1578541 0.0890717 0.1756266 0.1607558 0.0737029 0.1231538 0.0845376 0.1016567 0.1453917 0.1004677 0.0848803 0.0305565 0.0757160 0.0808234 0.0336637 0.0651250 0.1029866 0.0848797 0.1012621 0.1352026 0.1266827 0.0912664 0.0751773 0.0957304 0.0889369 0.0845376 0.0269343 0.0846505 0.0702146 0.0493770 0.1131447 0.0945842 0.0586693 0.1082529 0.0607130 0.1020234 0.1145583 0.0796212 0.0839141 0.0959488 0.0446284 0.0848136 0.0660572 0.1120793 0.1018910 0.1050482 0.0895396 0.0709192 0.1355121 0.0688969 0.1294883 0.0897200 0.0960068 0.0798548 0.1005862 
S0427       0.0854917 0.1128606 0.1052592 0.0799958 0.1275345 0.0801183 0.0900873 0.0000010 0.1175199 0.0906300 0.0766401 0.0952501 0.0838744 0.0594068 0.0740747 0.0702291 0.1286582 0.0738192 0.1079347 0.0000000 0.0654748 0.1022924 0.0779824 0.1000179 0.1082737 0.0854803 0.1440495 0.1494828 0.1549345 0.0693032 0.0790410 0.0742475 0.0709970 0.1640592 0.0490141 0.0857672 0.0602771 0.0745125 0.0690193 0.0646262 0.1062944 0.0653364 0.1350773 0.1196475 0.0440619 0.0693361 0.0740996 0.1226609 0.1083753 0.1011716 0.1198998 0.0980068 0.2083930 0.0989233 0.0911075 0.0833646 0.0843517 0.0946253 0.1575642 0.0591305 0.1507457 0.1176120 0.0740953 0.1003994 0.0445794 0.0860411 0.1456121 0.0838886 0.0744059 0.1108424 0.1484755 0.0646210 0.0939654 0.1430299 0.0856513 0.0795839 0.0793634 0.1183333 0.1100384 0.0808550 0.0595177 0.0750346 0.0837901 0.0636913 0.0970004 0.0793714 0.0701439 0.1340135 0.0963318 0.0642249 0.1258555 0.0919955 0.1366632 0.0803612 0.0980068 0.0738980 0.0850915 0.0743194 0.1100728 0.0686331 0.1423239 0.0846749 0.0757777 0.0996414 0.0793291 0.1264256 0.0949953 0.0690448 0.1179060 0.0595461 0.0855446 0.0348846 0.0901048 
S0430       0.0450247 0.0450894 0.0542507 0.0000027 0.0962126 0.0264573 0.0547847 0.0000010 0.0855890 0.0310555 0.0043064 0.0400379 0.0042253 0.0763615 0.0262620 0.0221223 0.0805530 0.0551442 0.0761817 0.0654748 0.0000000 0.0772981 0.0643788 0.0352105 0.0719091 0.0356625 0.1142506 0.0993208 0.1033972 0.0262197 0.0307694 0.0217547 0.0043362 0.1039608 0.0447643 0.0086264 0.0176180 0.0308205 0.0217538 0.0218215 0.0812620 0.0220533 0.1024310 0.0506122 0.0294199 0.0217352 0.0173635 0.0986436 0.0833077 0.0764519 0.0560749 0.0459999 0.1482788 0.0513405 0.0329068 0.0229205 0.0555181 0.0654034 0.0926101 0.0172130 0.0972026 0.0870925 0.0351408 0.0390520 0.0172130 0.0311899 0.0872490 0.0307149 0.0263702 0.0803507 0.0969278 0.0000025 0.0552833 0.1214591 0.0175047 0.0042418 0.0308934 0.0453358 0.0513208 0.0358465 0.0220522 0.0448539 0.0260034 0.0172130 0.0660996 0.0307300 0.0219702 0.1021933 0.0454929 0.0216940 0.0771824 0.0409178 0.0977413 0.0312609 0.0459999 0.0263588 0.0449561 0.0262130 0.0796715 0.0261204 0.0921742 0.0401911 0.0406247 0.0418076 0.0261695 0.0923161 0.0706635 0.0172154 0.0696249 0.0173270 0.0310698 0.0358006 0.0354483 
S0552sl     0.1092029 0.1270949 0.1294725 0.0976563 0.1520752 0.1085506 0.1254331 0.0000010 0.1378001 0.1033315 0.0838659 0.1137832 0.1014918 0.1158889 0.1017268 0.0862251 0.1485418 0.1131715 0.1385270 0.1022924 0.0772981 0.0000000 0.1121668 0.1074099 0.1145130 0.1258754 0.1782290 0.1645788 0.1707725 0.0912741 0.0961275 0.0908976 0.0941953 0.2079421 0.0957258 0.0983001 0.0927787 0.0972042 0.0962717 0.0866959 0.0445467 0.0765448 0.1678787 0.1343220 0.0847887 0.0967306 0.0859508 0.0596537 0.0085630 0.0000010 0.1335434 0.1229213 0.2520732 0.1214812 0.0871348 0.0846480 0.0261628 0.0305025 0.1811211 0.0806300 0.1923443 0.0398100 0.0963188 0.0900031 0.0801705 0.1147298 0.1944799 0.1015117 0.1022073 0.1344548 0.1768121 0.0865424 0.1146699 0.1748773 0.0858731 0.0917067 0.0901896 0.1328011 0.1300683 0.1148491 0.0865010 0.0976455 0.0959646 0.0851106 0.1336622 0.1074954 0.0924256 0.1590690 0.1133929 0.0861334 0.1416555 0.1163465 0.1641302 0.0979483 0.1229213 0.1019310 0.1195218 0.1020709 0.1225291 0.1011205 0.1695458 0.1024964 0.0985811 0.1125930 0.0864402 0.1534581 0.0306149 0.0909257 0.1318440 0.0812230 0.1088105 0.1017795 0.0908328 
S0558       0.0842189 0.0998967 0.0988065 0.0843040 0.1317798 0.0835154 0.0997870 0.0000010 0.0989419 0.0999548 0.0749703 0.0831594 0.0881215 0.1002679 0.0683158 0.0694709 0.1096701 0.0780718 0.1054519 0.0779824 0.0643788 0.1121668 0.0000000 0.1042776 0.1070535 0.1109783 0.1294042 0.0958452 0.1279116 0.0678438 0.0731794 0.0729076 0.0807908 0.1877235 0.0667855 0.0839131 0.0547050 0.0930387 0.0633754 0.0779225 0.1054989 0.0739485 0.1150729 0.0952345 0.0490880 0.0629924 0.0783674 0.1288356 0.1248053 0.1109393 0.0963350 0.1012268 0.2273352 0.0970383 0.0894702 0.0878332 0.0787557 0.0838157 0.1687907 0.0772525 0.1732450 0.1167150 0.0723066 0.0977402 0.0679333 0.0841769 0.1623845 0.0731695 0.0587697 0.1100127 0.1162664 0.0689186 0.0923003 0.1531995 0.0899773 0.0778908 0.0734746 0.0996969 0.1127437 0.0891735 0.0640101 0.0838840 0.0820187 0.0679333 0.0850320 0.0827486 0.0736710 0.1382765 0.0795550 0.0824952 0.1051404 0.0952718 0.1220805 0.0743829 0.1012268 0.0733060 0.0936182 0.0685396 0.1042307 0.0679333 0.1178819 0.0736089 0.0789357 0.1025387 0.0679287 0.1065726 0.0942981 0.0579080 0.0944531 0.0727407 0.0837003 0.0678963 0.0881680 
S0616       0.0828270 0.0789731 0.0775957 0.0533693 0.1374699 0.0684491 0.0883230 0.0000010 0.1274486 0.0637021 0.0450324 0.0878187 0.0572902 0.1171068 0.0674435 0.0587376 0.1112971 0.0991166 0.1116732 0.1000179 0.0352105 0.1074099 0.1042776 0.0000000 0.1019237 0.0778308 0.1586765 0.1164589 0.1471148 0.0726340 0.0722408 0.0535635 0.0402383 0.1590468 0.0829984 0.0490968 0.0588640 0.0680444 0.0625712 0.0584628 0.1112801 0.0448735 0.1516433 0.1006121 0.0707885 0.0677428 0.0579765 0.1298007 0.1139147 0.1062305 0.0802050 0.0803663 0.1900189 0.0915811 0.0728917 0.0659863 0.0794322 0.0843884 0.1521744 0.0531937 0.1510690 0.1175672 0.0723893 0.0756338 0.0482136 0.0837055 0.1406751 0.0769348 0.0677355 0.1154953 0.1397939 0.0347774 0.0984357 0.1533561 0.0351438 0.0438872 0.0580825 0.0995433 0.0913225 0.0787986 0.0682680 0.0776538 0.0768495 0.0482136 0.1015391 0.0775279 0.0685136 0.1440649 0.0787634 0.0581096 0.0991586 0.0747586 0.1409714 0.0636882 0.0803663 0.0730378 0.0934110 0.0676617 0.1197848 0.0670707 0.1352986 0.0776358 0.0790738 0.0865537 0.0724985 0.1351894 0.1053647 0.0625949 0.0995323 0.0535570 0.0784122 0.0781502 0.0538451 
S0624       0.1023000 0.1264378 0.1180708 0.0868319 0.0261071 0.0869675 0.1192810 0.0000010 0.0404880 0.1138165 0.0835144 0.1077230 0.0907358 0.1208833 0.0856262 0.0818036 0.0407938 0.1076066 0.0412882 0.1082737 0.0719091 0.1145130 0.1070535 0.1019237 0.0000000 0.0976767 0.0610370 0.0520996 0.0768127 0.0863361 0.0802436 0.0859654 0.0832505 0.1351912 0.0957704 0.0928327 0.0711251 0.1075338 0.0803627 0.0861352 0.1183281 0.0872493 0.0557146 0.1391432 0.0242215 0.0655185 0.0851902 0.1494797 0.1043033 0.1132333 0.1218403 0.1220786 0.2113290 0.0891811 0.1094297 0.0896498 0.0956118 0.1066323 0.1410326 0.0906286 0.1522722 0.1302431 0.0749741 0.1198169 0.0747608 0.0973704 0.1286058 0.0957832 0.0806866 0.0308973 0.0763376 0.0709483 0.0240091 0.0452853 0.0872780 0.0863738 0.0808409 0.1318994 0.1231449 0.0929002 0.0757262 0.0910527 0.0956623 0.0747608 0.0179279 0.0861367 0.0714468 0.0308376 0.1089787 0.0962502 0.0256022 0.1155540 0.0663263 0.0818768 0.1220786 0.0759179 0.1027052 0.0859152 0.0261206 0.0750033 0.0462838 0.1073212 0.1037288 0.1068290 0.0911122 0.0663081 0.1126166 0.0700835 0.1373125 0.0912999 0.0977227 0.0752377 0.0918115 
S0641       0.0839924 0.0848255 0.0833285 0.0493370 0.1168222 0.0692198 0.0946170 0.9392173 0.1120622 0.0793925 0.0456221 0.0839369 0.0533285 0.1021983 0.0634881 0.0544627 0.1178515 0.0952590 0.1135677 0.0854803 0.0356625 0.1258754 0.1109783 0.0778308 0.0976767 0.0000000 0.1424754 0.0963003 0.1429577 0.0686876 0.0683108 0.0540807 0.0454854 0.1433295 0.0689594 0.0544840 0.0548044 0.0738452 0.0585969 0.0542591 0.1350249 0.0548462 0.1298638 0.0961291 0.0500523 0.0637730 0.0539723 0.1549129 0.1328482 0.1244584 0.0861653 0.0810389 0.1819200 0.0871135 0.0630784 0.0564717 0.1064721 0.1172784 0.1366391 0.0586123 0.1356418 0.1291248 0.0782468 0.0762249 0.0534891 0.0697738 0.1252868 0.0730373 0.0637649 0.1113426 0.1298422 0.0397873 0.0824575 0.1376574 0.0448169 0.0490980 0.0685863 0.0899610 0.0819913 0.0641016 0.0544438 0.0836592 0.0679845 0.0440619 0.0805173 0.0685869 0.0595269 0.1118958 0.0788758 0.0636573 0.1059330 0.0753760 0.1251252 0.0694310 0.0810389 0.0689430 0.0791725 0.0636959 0.1047767 0.0631342 0.1311099 0.0836383 0.0852125 0.0826538 0.0685577 0.1194443 0.1177506 0.0586202 0.1167909 0.0590209 0.0639520 0.0545249 0.0789462 
S0645sl     0.1562965 0.1549223 0.1603835 0.1365900 0.0600466 0.1256567 0.1747101 0.0000010 0.0492764 0.1686954 0.1153215 0.1477041 0.1401223 0.1449731 0.1366939 0.1332390 0.0702599 0.1356846 0.0599118 0.1440495 0.1142506 0.1782290 0.1294042 0.1586765 0.0610370 0.1424754 0.0000000 0.0682802 0.0921560 0.1129336 0.1305782 0.1243804 0.1336185 0.1829839 0.1173044 0.1301734 0.1217765 0.1474383 0.1307856 0.1244262 0.1746224 0.1263039 0.0548080 0.1822279 0.0394886 0.1021999 0.1367157 0.1969748 0.1670889 0.1761076 0.1727948 0.1521909 0.2643241 0.1291992 0.1471911 0.1316503 0.1495728 0.1555704 0.1833959 0.1289374 0.1885042 0.1956452 0.1010853 0.1652129 0.1242428 0.1302335 0.1687674 0.1418213 0.1189414 0.0546760 0.0797345 0.1190027 0.0389462 0.0493554 0.1432767 0.1229110 0.1429759 0.1740559 0.1719910 0.1322576 0.1144236 0.1434117 0.1342435 0.1242428 0.0462376 0.1244166 0.1090280 0.0646466 0.1500754 0.1351209 0.0466007 0.1451107 0.0761061 0.1380340 0.1521909 0.1189489 0.1232778 0.1258821 0.0648800 0.1246782 0.0815865 0.1486260 0.1319836 0.1606558 0.1296538 0.0652192 0.1681449 0.1068673 0.1498041 0.1299372 0.1372581 0.1193429 0.1419651 
S0656sl     0.1372577 0.1494331 0.1374552 0.1280232 0.0501066 0.1064745 0.1289854 0.0000010 0.0497086 0.1411540 0.1015329 0.1270430 0.1356923 0.1517159 0.1065703 0.1180361 0.0406894 0.1595011 0.0588242 0.1494828 0.0993208 0.1645788 0.0958452 0.1164589 0.0520996 0.0963003 0.0682802 0.0000000 0.1072931 0.1269235 0.1065703 0.0961880 0.1110303 0.1488808 0.1352732 0.1281652 0.0903762 0.1378511 0.1065703 0.1055004 0.1608990 0.0971330 0.0499351 0.1380241 0.0172943 0.0967222 0.0873090 0.2086138 0.1527725 0.1628133 0.1088921 0.1420864 0.1466052 0.0603057 0.1148284 0.0911200 0.1495951 0.1480390 0.1484397 0.1155171 0.1478625 0.1708253 0.0767930 0.1148284 0.1057927 0.1412302 0.1620009 0.1065703 0.1063807 0.0495579 0.1168159 0.1054365 0.0256157 0.0874150 0.1075318 0.1161103 0.1180361 0.1256682 0.1313055 0.1296251 0.0965657 0.1164097 0.1054365 0.1054111 0.0239538 0.0958686 0.0976470 0.0769518 0.1264415 0.1155171 0.0498756 0.1420864 0.0776419 0.1065703 0.1420864 0.1051462 0.1169692 0.1162622 0.0324331 0.1057927 0.0600913 0.1071874 0.1178556 0.1350079 0.1368057 0.0883051 0.1585450 0.0956302 0.1352732 0.1057927 0.1285248 0.1059185 0.1266801 
S0673       0.1477004 0.1306139 0.1399101 0.1253437 0.0909483 0.1060938 0.1533213 0.0000010 0.0795015 0.1542836 0.0980373 0.1342413 0.1289691 0.1528947 0.1173963 0.1134731 0.0753531 0.1557926 0.0761834 0.1549345 0.1033972 0.1707725 0.1279116 0.1471148 0.0768127 0.1429577 0.0921560 0.1072931 0.0000000 0.1010548 0.1061276 0.1117483 0.1166189 0.1798543 0.1289572 0.1190982 0.1029136 0.1155519 0.1117974 0.1011820 0.1730568 0.1134384 0.0796562 0.1665191 0.0556135 0.0903295 0.1235859 0.1959064 0.1667218 0.1687623 0.1336168 0.1442324 0.2744565 0.1276495 0.1390268 0.1306824 0.1482834 0.1542168 0.1869371 0.1056444 0.2052452 0.1872866 0.1053407 0.1563335 0.1116274 0.1173864 0.1809391 0.1223501 0.1122590 0.0807101 0.0441179 0.1081289 0.0777559 0.1087032 0.1262318 0.1120916 0.1233244 0.1656518 0.1572392 0.1140079 0.1129283 0.1352312 0.1214030 0.1116274 0.0612456 0.1117804 0.0967882 0.1023081 0.1426648 0.1114301 0.0641369 0.1373765 0.0126054 0.1249599 0.1442324 0.1064863 0.1407295 0.1070349 0.0850965 0.1060394 0.0919160 0.1346118 0.1304277 0.1462207 0.1168742 0.0485438 0.1548703 0.0949140 0.1480099 0.1098495 0.1240600 0.1307705 0.1234254 
S0689       0.0539507 0.0684146 0.0678097 0.0444732 0.1102810 0.0394716 0.0684707 0.0000010 0.0941025 0.0636332 0.0309772 0.0484495 0.0484764 0.0799791 0.0394085 0.0354088 0.0888103 0.0590333 0.0848441 0.0693032 0.0262197 0.0912741 0.0678438 0.0726340 0.0863361 0.0686876 0.1129336 0.1269235 0.1010548 0.0000000 0.0439701 0.0391147 0.0359237 0.1435281 0.0438085 0.0396496 0.0261754 0.0392417 0.0348226 0.0302594 0.1002580 0.0396496 0.1051535 0.0789488 0.0390205 0.0301398 0.0394227 0.1181895 0.0915779 0.0902846 0.0700760 0.0593745 0.1828135 0.0600327 0.0520400 0.0414544 0.0739725 0.0840153 0.1256934 0.0255781 0.1305589 0.1063194 0.0434986 0.0639848 0.0301398 0.0443067 0.1202267 0.0438120 0.0395722 0.0942409 0.0947762 0.0305590 0.0704142 0.1363532 0.0447706 0.0346590 0.0441452 0.0732256 0.0647785 0.0443587 0.0352342 0.0537460 0.0387979 0.0301398 0.0748298 0.0391265 0.0304640 0.1167998 0.0591397 0.0300842 0.0993820 0.0541799 0.1060059 0.0446706 0.0593745 0.0393231 0.0534019 0.0304894 0.0883908 0.0391960 0.1128196 0.0534965 0.0397504 0.0552932 0.0345581 0.0849912 0.0743202 0.0255816 0.0680847 0.0346194 0.0395542 0.0492343 0.0438729 
S0690       0.0582178 0.0736959 0.0388413 0.0442289 0.1041959 0.0444601 0.0392119 0.0000010 0.0945554 0.0632846 0.0404801 0.0581861 0.0482149 0.0899565 0.0125482 0.0214923 0.0944156 0.0685395 0.0901441 0.0790410 0.0307694 0.0961275 0.0731794 0.0722408 0.0802436 0.0683108 0.1305782 0.1065703 0.1061276 0.0439701 0.0000000 0.0485731 0.0403601 0.1303313 0.0630477 0.0395728 0.0216600 0.0580898 0.0083170 0.0487290 0.1050828 0.0492473 0.1160823 0.0742712 0.0493583 0.0393688 0.0392080 0.1231704 0.1023704 0.0950855 0.0694618 0.0688302 0.1737347 0.0704312 0.0571277 0.0459970 0.0786379 0.0887288 0.1187356 0.0436728 0.1178807 0.1006503 0.0530346 0.0697441 0.0299764 0.0540316 0.1077799 0.0210510 0.0302587 0.0884411 0.1160658 0.0303913 0.0703726 0.1349937 0.0491831 0.0440184 0.0255866 0.0786829 0.0752664 0.0540940 0.0170168 0.0579976 0.0481748 0.0299764 0.0747888 0.0485874 0.0304753 0.1101776 0.0491875 0.0484385 0.0864711 0.0635071 0.1005594 0.0170573 0.0688302 0.0488348 0.0633166 0.0302316 0.0878494 0.0299764 0.1010318 0.0485009 0.0590395 0.0655864 0.0438875 0.0955527 0.0890717 0.0346490 0.0886899 0.0393195 0.0491264 0.0489638 0.0534955 
S0720       0.0633126 0.0397919 0.0628270 0.0398543 0.1154861 0.0440428 0.0680768 0.0000010 0.0941895 0.0588370 0.0264359 0.0438590 0.0438840 0.0956404 0.0439731 0.0352007 0.0888922 0.0738330 0.0846253 0.0742475 0.0217547 0.0908976 0.0729076 0.0535635 0.0859654 0.0540807 0.1243804 0.0961880 0.1117483 0.0391147 0.0485731 0.0000000 0.0359201 0.1431844 0.0578554 0.0350932 0.0354107 0.0346293 0.0393406 0.0257484 0.0998507 0.0042114 0.1162058 0.0686686 0.0443068 0.0345899 0.0348931 0.1177031 0.0970405 0.0899154 0.0551617 0.0309985 0.1888235 0.0595669 0.0419381 0.0364614 0.0738353 0.0737358 0.1253853 0.0211623 0.1302426 0.1058847 0.0480503 0.0530214 0.0256482 0.0489452 0.1199297 0.0483987 0.0441569 0.0943283 0.1052383 0.0305558 0.0706247 0.1414466 0.0306227 0.0301970 0.0441482 0.0631640 0.0549769 0.0490015 0.0398083 0.0630705 0.0432901 0.0256482 0.0748996 0.0436569 0.0349635 0.1106128 0.0639647 0.0256007 0.0875371 0.0262692 0.1061054 0.0446733 0.0309985 0.0436610 0.0580999 0.0441144 0.0884719 0.0437348 0.1129265 0.0582041 0.0538506 0.0553939 0.0390416 0.0956624 0.0839977 0.0299696 0.0634775 0.0213001 0.0441361 0.0539410 0.0438759 
S0724sl     0.0502539 0.0605278 0.0645911 0.0130966 0.1080879 0.0362591 0.0652353 0.0000010 0.1032705 0.0457213 0.0134118 0.0551092 0.0173101 0.0930091 0.0357224 0.0316022 0.0979367 0.0656713 0.0880807 0.0709970 0.0043362 0.0941953 0.0807908 0.0402383 0.0832505 0.0454854 0.1336185 0.1110303 0.1166189 0.0359237 0.0403601 0.0359201 0.0000000 0.1032418 0.0600787 0.0177273 0.0269683 0.0407256 0.0310677 0.0313956 0.0927602 0.0364282 0.1210581 0.0665753 0.0403390 0.0358865 0.0265690 0.1108794 0.1006081 0.0931424 0.0617559 0.0617748 0.1636298 0.0675343 0.0434520 0.0325926 0.0661295 0.0763209 0.0972335 0.0265249 0.1092174 0.0988636 0.0498653 0.0499966 0.0263337 0.0508288 0.0990294 0.0449547 0.0358735 0.0917001 0.1152509 0.0043150 0.0611377 0.1402863 0.0266533 0.0130708 0.0405245 0.0608936 0.0674897 0.0508886 0.0361585 0.0500604 0.0449114 0.0263337 0.0717342 0.0453069 0.0362891 0.1143373 0.0557196 0.0312072 0.0834156 0.0563471 0.1162389 0.0410163 0.0617748 0.0455436 0.0603420 0.0312253 0.0961114 0.0308980 0.1106402 0.0549156 0.0559396 0.0576037 0.0405087 0.1105428 0.0817816 0.0310829 0.0863033 0.0312911 0.0458224 0.0456665 0.0503115 
S0735       0.1498444 0.1435604 0.1662771 0.1204060 0.1745652 0.1370050 0.1680220 0.0000010 0.1551495 0.1388046 0.1229301 0.1675922 0.1240885 0.1824892 0.1305629 0.1329410 0.1761645 0.1822035 0.1654920 0.1640592 0.1039608 0.2079421 0.1877235 0.1590468 0.1351912 0.1433295 0.1829839 0.1488808 0.1798543 0.1435281 0.1303313 0.1431844 0.1032418 0.0000000 0.1613517 0.1323797 0.1157985 0.1554431 0.1247374 0.1437630 0.2173899 0.1394131 0.1836409 0.1725004 0.1158028 0.1244300 0.1252637 0.2424157 0.2103595 0.2053860 0.1576628 0.1793352 0.0870136 0.1615811 0.1474649 0.1325638 0.1830245 0.1957585 0.0300466 0.1363983 0.0393932 0.2035105 0.1600469 0.1590131 0.1297544 0.1493186 0.0444344 0.1415324 0.1312063 0.1558234 0.1806834 0.1138031 0.1268628 0.1845421 0.1321851 0.1127424 0.1367495 0.1772863 0.1875973 0.1516911 0.1264059 0.1486740 0.1418186 0.1297544 0.1338806 0.1432256 0.1333195 0.1763091 0.1570507 0.1427681 0.1483418 0.1716809 0.1606683 0.1386107 0.1793352 0.1495778 0.1621185 0.1310059 0.1602425 0.1187255 0.1853531 0.1545424 0.1642326 0.1614871 0.1486392 0.1751249 0.1966441 0.1364162 0.2081224 0.1314418 0.1568305 0.1380171 0.1615954 
