52
S0055       0.0000000 0.1151959 0.1112328 0.0689216 0.1205880 0.0762595 0.0673454 0.0736899 0.1112157 0.1143462 0.0791116 0.1301491 0.0981892 0.1150081 0.1147085 0.1203888 0.1254206 0.1456245 0.1494453 0.1186427 0.0977977 0.0989586 0.1097866 0.1050008 0.1154214 0.1085498 0.0989586 0.0856236 0.0402350 0.1200744 0.1184117 0.1349046 0.1042599 0.0934802 0.1002224 0.1256864 0.1207589 0.0933614 0.1280330 0.0988888 0.1423821 0.0933984 0.0542269 0.1327934 0.0939874 0.0828762 0.0871684 0.1285680 0.0876380 0.0830614 0.0888432 0.0779262 
S0282       0.1151959 0.0000000 0.0911987 0.1039134 0.0403542 0.0935586 0.0678987 0.0999692 0.1295420 0.0448976 0.1111861 0.1383375 0.1099207 0.0356534 0.1312838 0.1380454 0.1372244 0.1540720 0.1555581 0.0536312 0.1198370 0.0130740 0.0450571 0.0314051 0.1272759 0.1094131 0.0130740 0.0318185 0.1114797 0.0404313 0.1148991 0.1302287 0.0402813 0.1044296 0.0313097 0.1321760 0.1269573 0.1095234 0.0504658 0.0219296 0.1758992 0.0447489 0.0739482 0.1452259 0.1268054 0.0991818 0.1045002 0.1457252 0.0987416 0.0937125 0.1100676 0.0833633 
S0355       0.1112328 0.0911987 0.0000000 0.1061926 0.0964627 0.1187526 0.0332435 0.0959275 0.1143960 0.0958940 0.0911594 0.1249344 0.1150127 0.0910417 0.1114909 0.1121829 0.1014687 0.1405526 0.1297489 0.0929701 0.0850939 0.0753987 0.1074333 0.0811435 0.0974141 0.0850939 0.0753987 0.0775021 0.1021032 0.0960669 0.0903885 0.1005750 0.1017983 0.0702274 0.0865713 0.1016857 0.1018842 0.0750461 0.0983174 0.0753456 0.1404464 0.1010556 0.0698364 0.1083763 0.0912329 0.0850297 0.0736346 0.1248681 0.0749514 0.0600172 0.1060794 0.0598774 
S0376       0.0689216 0.1039134 0.1061926 0.0000000 0.1034128 0.1118018 0.0591226 0.0242238 0.0973736 0.1103832 0.0765288 0.0955479 0.1022449 0.1032925 0.1256766 0.1106424 0.1175993 0.1117085 0.1278839 0.1258038 0.0890334 0.0960158 0.1113971 0.1042027 0.1044879 0.1098871 0.0960158 0.0779067 0.0628164 0.1104309 0.1246261 0.1247070 0.1109176 0.0824506 0.1034460 0.1250375 0.1175452 0.0892218 0.0894297 0.0959239 0.1078133 0.0959239 0.0556250 0.1134165 0.0974175 0.0955930 0.0811012 0.0883725 0.0754716 0.0620787 0.0629533 0.0749307 
S0405       0.1205880 0.0403542 0.0964627 0.1034128 0.0000000 0.1162149 0.0783249 0.1052344 0.1291182 0.0496018 0.1165963 0.1376412 0.1265738 0.0402816 0.1305461 0.1430766 0.1269324 0.1532953 0.1676829 0.0587855 0.1252436 0.0264417 0.0546701 0.0360447 0.1328412 0.1252436 0.0264417 0.0365219 0.1169045 0.0545376 0.1309064 0.1525043 0.0497757 0.1097023 0.0359351 0.1272053 0.1434488 0.1148413 0.0553010 0.0264243 0.1824724 0.0494363 0.0789303 0.1510229 0.1323490 0.0986376 0.1100278 0.1635897 0.1198339 0.0988622 0.1154146 0.0884019 
S0412sl     0.0762595 0.0935586 0.1187526 0.1118018 0.1162149 0.0000000 0.0754058 0.0770102 0.1310725 0.1340961 0.0662237 0.1458384 0.0802484 0.1103733 0.1225103 0.1409467 0.1465710 0.1459905 0.1617544 0.1338309 0.1042547 0.0931691 0.1173912 0.1111609 0.1418586 0.1041712 0.0931691 0.1017486 0.0941060 0.1108849 0.1216531 0.1043088 0.1111572 0.1100494 0.1113293 0.1409698 0.1174266 0.1087641 0.1173502 0.1043064 0.1259143 0.1102887 0.0443719 0.1623045 0.1291241 0.1098251 0.1033128 0.1114785 0.0921795 0.0926181 0.0880732 0.0923019 
S0419       0.0673454 0.0678987 0.0332435 0.0591226 0.0783249 0.0754058 0.0000000 0.0475078 0.0613400 0.0833387 0.0629800 0.0678322 0.0653264 0.0729448 0.0623598 0.0575884 0.0424829 0.0823898 0.0734181 0.0671085 0.0373977 0.0523672 0.0786883 0.0629798 0.0530779 0.0277332 0.0523672 0.0586691 0.0631559 0.0676956 0.0373648 0.0518839 0.0732313 0.0045270 0.0679620 0.0375755 0.0426632 0.0326465 0.0849554 0.0573408 0.1017808 0.0726935 0.0277967 0.0634306 0.0477298 0.0374113 0.0290781 0.0714811 0.0325720 0.0183664 0.0573038 0.0136850 
S0427       0.0736899 0.0999692 0.0959275 0.0242238 0.1052344 0.0770102 0.0475078 0.0000000 0.0845507 0.1042932 0.0700689 0.0860120 0.0880309 0.0947911 0.0995492 0.0896514 0.1100320 0.1004297 0.1333352 0.1134089 0.0688834 0.0841410 0.0946873 0.0899477 0.1052646 0.0885681 0.0841410 0.0757357 0.0751421 0.1048004 0.1039719 0.1141756 0.0893168 0.0690424 0.0953989 0.1102639 0.1104783 0.0837212 0.1070444 0.0840821 0.1150775 0.0787596 0.0403636 0.1170288 0.0942384 0.0733221 0.0725609 0.1177074 0.0838062 0.0686803 0.0407799 0.0636816 
S0552sl     0.1112157 0.1295420 0.1143960 0.0973736 0.1291182 0.1310725 0.0613400 0.0845507 0.0000000 0.1408456 0.1072216 0.1321968 0.1296262 0.1354117 0.0378209 0.0185225 0.1118278 0.1479573 0.1185038 0.1341911 0.0895414 0.1176227 0.1122710 0.1244388 0.1078957 0.0784733 0.1176227 0.0981648 0.1131368 0.1350779 0.0945468 0.1052326 0.1240319 0.0843735 0.1244487 0.1120789 0.1077737 0.0843650 0.1436841 0.1175326 0.1595549 0.1230684 0.0788187 0.1027449 0.0960185 0.0524942 0.0826129 0.1192199 0.0948653 0.0683194 0.1004180 0.0629958 
S0643       0.1143462 0.0448976 0.0958940 0.1103832 0.0496018 0.1340961 0.0833387 0.1042932 0.1408456 0.0000000 0.1102217 0.1138180 0.1257834 0.0448175 0.1419214 0.1428067 0.1370173 0.1287505 0.1730167 0.0637771 0.1302404 0.0308902 0.0542130 0.0406055 0.1263199 0.1302404 0.0308902 0.0315939 0.1163240 0.0591614 0.1359440 0.1576418 0.0493631 0.1146299 0.0404812 0.1373119 0.1486052 0.1197929 0.0599937 0.0308699 0.1883068 0.0490293 0.0836875 0.1441125 0.1258558 0.0984607 0.1151940 0.1633502 0.1196734 0.1037117 0.1203916 0.0931809 
S0689       0.0791116 0.1111861 0.0911594 0.0765288 0.1165963 0.0662237 0.0629800 0.0700689 0.1072216 0.1102217 0.0000000 0.1067189 0.0722715 0.0999686 0.1107121 0.1278834 0.1157948 0.1215003 0.1397753 0.1147380 0.0943218 0.0949056 0.1012137 0.1009404 0.1228003 0.0943218 0.0949056 0.0922810 0.0701621 0.1111614 0.1099983 0.1098915 0.1060991 0.0844047 0.1065668 0.1160408 0.1113219 0.0891418 0.1240095 0.0948381 0.1439417 0.0950173 0.0311718 0.1407335 0.1111971 0.0892542 0.0881330 0.1286625 0.0993263 0.0789833 0.0747549 0.0738410 
S0735       0.1301491 0.1383375 0.1249344 0.0955479 0.1376412 0.1458384 0.0678322 0.0860120 0.1321968 0.1138180 0.1067189 0.0000000 0.1461170 0.1374673 0.1298842 0.1315017 0.1303170 0.0120153 0.1721569 0.1195750 0.1070204 0.1293991 0.1466623 0.1387336 0.1318414 0.1298900 0.1293991 0.1175197 0.1300797 0.1376218 0.1376360 0.1451749 0.1381329 0.1066533 0.1237722 0.1460786 0.1459954 0.1069766 0.1467806 0.1218148 0.1489341 0.1369425 0.0995159 0.1250119 0.1313968 0.1294323 0.1241759 0.1298366 0.1296435 0.0998393 0.1151591 0.0993973 
S0742       0.0981892 0.1099207 0.1150127 0.1022449 0.1265738 0.0802484 0.0653264 0.0880309 0.1296262 0.1257834 0.0722715 0.1461170 0.0000000 0.1206790 0.1140631 0.1384673 0.1316415 0.1628335 0.1443390 0.1188557 0.1030866 0.1037540 0.1271818 0.1101548 0.1331595 0.1030866 0.1037540 0.1012423 0.0942182 0.1208496 0.1195375 0.1304015 0.1211563 0.0979710 0.1105260 0.1319347 0.1210366 0.1032059 0.1345323 0.1036771 0.1627238 0.1146931 0.0417604 0.1521211 0.1209007 0.0977816 0.0974611 0.1344347 0.1083196 0.0869999 0.0826515 0.0815969 
S0756       0.1150081 0.0356534 0.0910417 0.1032925 0.0402816 0.1103733 0.0729448 0.0947911 0.1354117 0.0448175 0.0999686 0.1374673 0.1206790 0.0000000 0.1204232 0.1436732 0.1370074 0.1530974 0.1614843 0.0535291 0.1196438 0.0219036 0.0498056 0.0313473 0.1270701 0.1196438 0.0219036 0.0317593 0.1112951 0.0496863 0.1252333 0.1357579 0.0449742 0.1042571 0.0312523 0.1373019 0.1375784 0.1093440 0.0503748 0.0218894 0.1756137 0.0446693 0.0738208 0.1449953 0.1266008 0.0990168 0.1043194 0.1571862 0.1142982 0.0935560 0.1098867 0.0832232 
S0959       0.1147085 0.1312838 0.1114909 0.1256766 0.1305461 0.1225103 0.0623598 0.0995492 0.0378209 0.1419214 0.1107121 0.1298842 0.1140631 0.1204232 0.0000000 0.0543665 0.1151326 0.1300176 0.1043990 0.1359814 0.0934250 0.1145467 0.1257171 0.1208637 0.1109631 0.0780258 0.1145467 0.1070489 0.1110037 0.1362297 0.0930490 0.1030264 0.1315739 0.0885640 0.1208726 0.1153764 0.1053471 0.0835309 0.1447381 0.1144647 0.1544328 0.1255910 0.0736459 0.1117777 0.0997498 0.0585006 0.0827822 0.1116296 0.0983668 0.0685227 0.1096032 0.0635353 
S0960       0.1203888 0.1380454 0.1121829 0.1106424 0.1430766 0.1409467 0.0575884 0.0896514 0.0185225 0.1428067 0.1278834 0.1315017 0.1384673 0.1436732 0.0543665 0.0000000 0.1169656 0.1471720 0.1388703 0.1431121 0.0895216 0.1265892 0.1317884 0.1331905 0.1116493 0.0839422 0.1265892 0.1024776 0.1282215 0.1438463 0.0992941 0.1094771 0.1377485 0.0798581 0.1332024 0.1172171 0.1119866 0.0946256 0.1523782 0.1264967 0.1643706 0.1367296 0.0892606 0.1012197 0.1003574 0.0588411 0.0890332 0.1244827 0.1047938 0.0791487 0.1054406 0.0739943 
S1083       0.1254206 0.1372244 0.1014687 0.1175993 0.1269324 0.1465710 0.0424829 0.1100320 0.1118278 0.1370173 0.1157948 0.1303170 0.1316415 0.1370074 0.1151326 0.1169656 0.0000000 0.1458162 0.1201905 0.1194886 0.0887598 0.1202551 0.1375915 0.1266919 0.1166965 0.0887598 0.1202551 0.1182192 0.1217857 0.1313602 0.1042030 0.1144324 0.1375315 0.0542839 0.1272706 0.0174428 0.0995653 0.0888434 0.1509482 0.1201684 0.1611406 0.1365161 0.0835945 0.1182442 0.0994868 0.0888446 0.0883508 0.1404799 0.0936898 0.0736424 0.1202335 0.0685849 
S1100       0.1456245 0.1540720 0.1405526 0.1117085 0.1532953 0.1459905 0.0823898 0.1004297 0.1479573 0.1287505 0.1215003 0.0120153 0.1628335 0.1530974 0.1300176 0.1471720 0.1458162 0.0000000 0.1723794 0.1363424 0.1218459 0.1447827 0.1626595 0.1545114 0.1475413 0.1453257 0.1447827 0.1329950 0.1455449 0.1532604 0.1532812 0.1609704 0.1538436 0.1214196 0.1392344 0.1619916 0.1618978 0.1217970 0.1628035 0.1370103 0.1413086 0.1525007 0.1141307 0.1406514 0.1470431 0.1448100 0.1396799 0.1299699 0.1450423 0.1145087 0.1302807 0.1139920 
S1201sl     0.1494453 0.1555581 0.1297489 0.1278839 0.1676829 0.1617544 0.0734181 0.1333352 0.1185038 0.1730167 0.1397753 0.1721569 0.1443390 0.1614843 0.1043990 0.1388703 0.1201905 0.1723794 0.0000000 0.1564667 0.1158077 0.1437702 0.1388195 0.1507170 0.1008201 0.1098258 0.1437702 0.1422730 0.1407567 0.1725159 0.1259187 0.1257751 0.1507357 0.1107357 0.1450362 0.1204453 0.1287155 0.0843580 0.1766341 0.1436632 0.1745564 0.1556111 0.1053635 0.1178324 0.0898207 0.1001513 0.1057744 0.1605004 0.1000474 0.0691894 0.1320240 0.0842981 
S1211       0.1186427 0.0536312 0.0929701 0.1258038 0.0587855 0.1338309 0.0671085 0.1134089 0.1341911 0.0637771 0.1147380 0.1195750 0.1188557 0.0535291 0.1359814 0.1431121 0.1194886 0.1363424 0.1564667 0.0000000 0.1060355 0.0382813 0.0694549 0.0490158 0.1259167 0.1124074 0.0382813 0.0444597 0.1146813 0.0383098 0.1183248 0.1410714 0.0640182 0.0960670 0.0483693 0.1254103 0.1371933 0.1069624 0.0647957 0.0382540 0.1426166 0.0635438 0.0798132 0.1392760 0.1131182 0.1068096 0.0896737 0.1257581 0.1067414 0.0901108 0.1244289 0.0791054 
S1214sl     0.0977977 0.1198370 0.0850939 0.0890334 0.1252436 0.1042547 0.0373977 0.0688834 0.0895414 0.1302404 0.0943218 0.1070204 0.1030866 0.1196438 0.0934250 0.0895216 0.0887598 0.1218459 0.1158077 0.1060355 0.0000000 0.1035463 0.1258151 0.1096349 0.0896737 0.0447466 0.1035463 0.1011522 0.0940316 0.1247077 0.0538854 0.0684532 0.1200955 0.0589065 0.1152792 0.0889439 0.0548765 0.0636234 0.1274325 0.1034733 0.1250243 0.1192284 0.0586848 0.1011720 0.0687413 0.0683474 0.0567657 0.0892249 0.0779698 0.0492303 0.0736085 0.0444687 
S1227       0.0989586 0.0130740 0.0753987 0.0960158 0.0264417 0.0931691 0.0523672 0.0841410 0.1176227 0.0308902 0.0949056 0.1293991 0.1037540 0.0219036 0.1145467 0.1265892 0.1202551 0.1447827 0.1437702 0.0382813 0.1035463 0.0000000 0.0356601 0.0176391 0.1105019 0.0934281 0.0000010 0.0178664 0.0951564 0.0264927 0.0987133 0.1191967 0.0309975 0.0885677 0.0175860 0.1153179 0.1102338 0.0935171 0.0360563 0.0086251 0.1560845 0.0307905 0.0590264 0.1277346 0.1100967 0.0834870 0.0878890 0.1275538 0.0883383 0.0782399 0.0939742 0.0682494 
S1235sl     0.1097866 0.0450571 0.1074333 0.1113971 0.0546701 0.1173912 0.0786883 0.0946873 0.1122710 0.0542130 0.1012137 0.1466623 0.1271818 0.0498056 0.1257171 0.1317884 0.1375915 0.1626595 0.1388195 0.0694549 0.1258151 0.0356601 0.0000000 0.0455833 0.1322222 0.1197106 0.0356601 0.0411674 0.1120375 0.0643749 0.1253015 0.1358284 0.0129997 0.1101985 0.0406081 0.1378886 0.1390164 0.1153625 0.0652939 0.0356364 0.1893375 0.0309396 0.0792784 0.1503015 0.1266700 0.0990771 0.1105496 0.1589345 0.1050179 0.0993037 0.1159410 0.0887913 
S1278       0.1050008 0.0314051 0.0811435 0.1042027 0.0360447 0.1111609 0.0629798 0.0899477 0.1244388 0.0406055 0.1009404 0.1387336 0.1101548 0.0313473 0.1208637 0.1331905 0.1266919 0.1545114 0.1507170 0.0490158 0.1096349 0.0176391 0.0455833 0.0000000 0.1168098 0.1096349 0.0176391 0.0274077 0.1012087 0.0454739 0.1151322 0.1362638 0.0407488 0.0944114 0.0269670 0.1269636 0.1272166 0.0941180 0.0461055 0.0176275 0.1572410 0.0404707 0.0643590 0.1344108 0.1163778 0.0892410 0.0888086 0.1460365 0.1043631 0.0838829 0.0999349 0.0689179 
S1332       0.1154214 0.1272759 0.0974141 0.1044879 0.1328412 0.1418586 0.0530779 0.1052646 0.1078957 0.1263199 0.1228003 0.1318414 0.1331595 0.1270701 0.1109631 0.1116493 0.1166965 0.1475413 0.1008201 0.1259167 0.0896737 0.1105019 0.1322222 0.1168098 0.0000000 0.0896737 0.1105019 0.0970213 0.1180877 0.1272381 0.1053034 0.1156581 0.1263836 0.0798035 0.1226346 0.1117057 0.1065713 0.0596213 0.1407110 0.1104223 0.1567974 0.1254599 0.0844463 0.0310829 0.0403923 0.0742212 0.0787507 0.0958296 0.0796340 0.0451553 0.1101420 0.0595823 
S1366       0.1085498 0.1094131 0.0850939 0.1098871 0.1252436 0.1041712 0.0277332 0.0885681 0.0784733 0.1302404 0.0943218 0.1298900 0.1030866 0.1196438 0.0780258 0.0839422 0.0887598 0.1453257 0.1098258 0.1124074 0.0447466 0.0934281 0.1197106 0.1096349 0.0896737 0.0000000 0.0934281 0.0960693 0.1048344 0.1142437 0.0129690 0.0217495 0.1200955 0.0589065 0.1097753 0.0839990 0.0548826 0.0636234 0.1327744 0.1034733 0.1485653 0.1192284 0.0586848 0.1011720 0.0790292 0.0683474 0.0619363 0.0787038 0.0682960 0.0492303 0.0934021 0.0444687 
S1369       0.0989586 0.0130740 0.0753987 0.0960158 0.0264417 0.0931691 0.0523672 0.0841410 0.1176227 0.0308902 0.0949056 0.1293991 0.1037540 0.0219036 0.1145467 0.1265892 0.1202551 0.1447827 0.1437702 0.0382813 0.1035463 0.0000010 0.0356601 0.0176391 0.1105019 0.0934281 0.0000000 0.0178664 0.0951564 0.0264927 0.0987133 0.1191967 0.0309975 0.0885677 0.0175860 0.1153179 0.1102338 0.0935171 0.0360563 0.0086251 0.1560845 0.0307905 0.0590264 0.1277346 0.1100967 0.0834870 0.0878890 0.1275538 0.0883383 0.0782399 0.0939742 0.0682494 
S1370       0.0856236 0.0318185 0.0775021 0.0779067 0.0365219 0.1017486 0.0586691 0.0757357 0.0981648 0.0315939 0.0922810 0.1175197 0.1012423 0.0317593 0.1070489 0.1024776 0.1182192 0.1329950 0.1422730 0.0444597 0.1011522 0.0178664 0.0411674 0.0274077 0.0970213 0.0960693 0.0178664 0.0000000 0.0925314 0.0460816 0.1068434 0.1226564 0.0363467 0.0858420 0.0273227 0.1184762 0.1187141 0.0908996 0.0467313 0.0178545 0.1487040 0.0360977 0.0556996 0.1079496 0.0966591 0.0702183 0.0850148 0.1315339 0.0908203 0.0753103 0.0913547 0.0651256 
S1375       0.0402350 0.1114797 0.1021032 0.0628164 0.1169045 0.0941060 0.0631559 0.0751421 0.1131368 0.1163240 0.0701621 0.1300797 0.0942182 0.1112951 0.1110037 0.1282215 0.1217857 0.1455449 0.1407567 0.1146813 0.0940316 0.0951564 0.1120375 0.1012087 0.1180877 0.1048344 0.0951564 0.0925314 0.0000000 0.1164046 0.1147778 0.1207022 0.1063806 0.0896583 0.0963831 0.1220470 0.1170733 0.0946723 0.1180175 0.0950886 0.1309122 0.0952687 0.0501714 0.1359307 0.1065461 0.0894895 0.0831476 0.1303036 0.0887040 0.0791912 0.0801869 0.0740351 
S1381       0.1200744 0.0404313 0.0960669 0.1104309 0.0545376 0.1108849 0.0676956 0.1048004 0.1350779 0.0591614 0.1111614 0.1376218 0.1208496 0.0496863 0.1362297 0.1438463 0.1313602 0.1532604 0.1725159 0.0383098 0.1247077 0.0264927 0.0643749 0.0454739 0.1272381 0.1142437 0.0264927 0.0460816 0.1164046 0.0000000 0.1197628 0.1409278 0.0593694 0.0989864 0.0453337 0.1263565 0.1319212 0.1143604 0.0651297 0.0355538 0.1752562 0.0589611 0.0739446 0.1451701 0.1317658 0.1090465 0.1041711 0.1394860 0.1089566 0.0984649 0.1149285 0.0880566 
S1422       0.1184117 0.1148991 0.0903885 0.1246261 0.1309064 0.1216531 0.0373648 0.1039719 0.0945468 0.1359440 0.1099983 0.1376360 0.1195375 0.1252333 0.0930490 0.0992941 0.1042030 0.1532812 0.1259187 0.1183248 0.0538854 0.0987133 0.1253015 0.1151322 0.1053034 0.0129690 0.0987133 0.1068434 0.1147778 0.1197628 0.0000000 0.0352475 0.1257069 0.0734755 0.1152816 0.0993586 0.0648509 0.0783019 0.1386130 0.1088590 0.1671226 0.1247937 0.0731948 0.1172961 0.0942681 0.0831291 0.0773055 0.0948389 0.0830607 0.0634885 0.1089040 0.0585711 
S1449       0.1349046 0.1302287 0.1005750 0.1247070 0.1525043 0.1043088 0.0518839 0.1141756 0.1052326 0.1576418 0.1098915 0.1451749 0.1304015 0.1357579 0.1030264 0.1094771 0.1144324 0.1609704 0.1257751 0.1410714 0.0684532 0.1191967 0.1358284 0.1362638 0.1156581 0.0217495 0.1191967 0.1226564 0.1207022 0.1409278 0.0352475 0.0000000 0.1362728 0.0831992 0.1364471 0.1095460 0.0793321 0.0880880 0.1500973 0.1296246 0.1669297 0.1460815 0.0828792 0.1279487 0.1043899 0.0929711 0.0875620 0.1055677 0.0829763 0.0730267 0.1191599 0.0680158 
S1460       0.1042599 0.0402813 0.1017983 0.1109176 0.0497757 0.1111572 0.0732313 0.0893168 0.1240319 0.0493631 0.1060991 0.1381329 0.1211563 0.0449742 0.1315739 0.1377485 0.1375315 0.1538436 0.1507357 0.0640182 0.1200955 0.0309975 0.0129997 0.0407488 0.1263836 0.1200955 0.0309975 0.0363467 0.1063806 0.0593694 0.1257069 0.1362728 0.0000000 0.1046495 0.0406236 0.1378282 0.1381061 0.1097559 0.0602077 0.0309771 0.1757664 0.0263463 0.0740958 0.1441874 0.1209027 0.0936926 0.1047303 0.1524037 0.0995291 0.0939054 0.1103026 0.0835316 
S1462       0.0934802 0.1044296 0.0702274 0.0824506 0.1097023 0.1100494 0.0045270 0.0690424 0.0843735 0.1146299 0.0844047 0.1066533 0.0979710 0.1042571 0.0885640 0.0798581 0.0542839 0.1214196 0.1107357 0.0960670 0.0589065 0.0885677 0.1101985 0.0944114 0.0798035 0.0589065 0.0885677 0.0858420 0.0896583 0.0989864 0.0734755 0.0831992 0.1046495 0.0000000 0.0998824 0.0543933 0.0689543 0.0542792 0.1168242 0.0885060 0.1196117 0.1039009 0.0540656 0.0910360 0.0742214 0.0636585 0.0471577 0.0947282 0.0636118 0.0446640 0.0786440 0.0399413 
S_670       0.1002224 0.0313097 0.0865713 0.1034460 0.0359351 0.1113293 0.0679620 0.0953989 0.1244487 0.0404812 0.1065668 0.1237722 0.1105260 0.0312523 0.1208726 0.1332024 0.1272706 0.1392344 0.1450362 0.0483693 0.1152792 0.0175860 0.0406081 0.0269670 0.1226346 0.1097753 0.0175860 0.0273227 0.0963831 0.0453337 0.1152816 0.1364471 0.0406236 0.0998824 0.0000000 0.1275448 0.1277366 0.0997552 0.0459618 0.0175745 0.1646756 0.0403472 0.0694584 0.1405194 0.1221792 0.0946452 0.0997344 0.1525397 0.1099372 0.0892016 0.1054944 0.0788848 
SRR11470320 0.1256864 0.1321760 0.1016857 0.1250375 0.1272053 0.1409698 0.0375755 0.1102639 0.1120789 0.1373119 0.1160408 0.1460786 0.1319347 0.1373019 0.1153764 0.1172171 0.0174428 0.1619916 0.1204453 0.1254103 0.0889439 0.1153179 0.1378886 0.1269636 0.1117057 0.0839990 0.1153179 0.1184762 0.1220470 0.1263565 0.0993586 0.1095460 0.1378282 0.0543933 0.1275448 0.0000000 0.0947216 0.0890279 0.1512817 0.1204231 0.1615193 0.1368085 0.0837669 0.1294072 0.0952025 0.0890291 0.0885430 0.1351134 0.0889102 0.0737931 0.1204884 0.0687244 
SRR8528336  0.1207589 0.1269573 0.1018842 0.1175452 0.1434488 0.1174266 0.0426632 0.1104783 0.1077737 0.1486052 0.1113219 0.1459954 0.1210366 0.1375784 0.1053471 0.1119866 0.0995653 0.1618978 0.1287155 0.1371933 0.0548765 0.1102338 0.1390164 0.1272166 0.1065713 0.0548826 0.1102338 0.1187141 0.1170733 0.1319212 0.0648509 0.0793321 0.1381061 0.0689543 0.1277366 0.0947216 0.0000000 0.0792072 0.1515978 0.1206592 0.1694042 0.1370829 0.0740347 0.1187397 0.0953847 0.0840925 0.0782427 0.1018337 0.0840222 0.0642100 0.1102006 0.0592321 
SRR8528341  0.0933614 0.1095234 0.0750461 0.0892218 0.1148413 0.1087641 0.0326465 0.0837212 0.0843650 0.1197929 0.0891418 0.1069766 0.1032059 0.1093440 0.0835309 0.0946256 0.0888434 0.1217970 0.0843580 0.1069624 0.0636234 0.0935171 0.1153625 0.0941180 0.0596213 0.0636234 0.0935171 0.0908996 0.0946723 0.1143604 0.0783019 0.0880880 0.1097559 0.0542792 0.0997552 0.0890279 0.0792072 0.0000000 0.1220996 0.0934516 0.1076523 0.1089681 0.0587407 0.0749624 0.0497151 0.0588521 0.0421940 0.0891896 0.0588103 0.0217799 0.0935025 0.0353493 
SRR8528343  0.1280330 0.0504658 0.0983174 0.0894297 0.0553010 0.1173502 0.0849554 0.1070444 0.1436841 0.0599937 0.1240095 0.1467806 0.1345323 0.0503748 0.1447381 0.1523782 0.1509482 0.1628035 0.1766341 0.0647957 0.1274325 0.0360563 0.0652939 0.0461055 0.1407110 0.1327744 0.0360563 0.0467313 0.1180175 0.0651297 0.1386130 0.1500973 0.0602077 0.1168242 0.0459618 0.1512817 0.1515978 0.1220996 0.0000000 0.0360320 0.1690041 0.0597876 0.0852265 0.1595011 0.1401806 0.1113773 0.1175080 0.1727890 0.1221375 0.1056618 0.1174200 0.0949037 
SRR8528350  0.0988888 0.0219296 0.0753456 0.0959239 0.0264243 0.1043064 0.0573408 0.0840821 0.1175326 0.0308699 0.0948381 0.1218148 0.1036771 0.0218894 0.1144647 0.1264967 0.1201684 0.1370103 0.1436632 0.0382540 0.1034733 0.0086251 0.0356364 0.0176275 0.1104223 0.1034733 0.0086251 0.0178545 0.0950886 0.0355538 0.1088590 0.1296246 0.0309771 0.0885060 0.0175745 0.1204231 0.1206592 0.0934516 0.0360320 0.0000000 0.1559582 0.0307703 0.0589864 0.1276404 0.1100178 0.0834290 0.0878248 0.1331154 0.0983001 0.0781860 0.0939081 0.0682030 
SRR8528354  0.1423821 0.1758992 0.1404464 0.1078133 0.1824724 0.1259143 0.1017808 0.1150775 0.1595549 0.1883068 0.1439417 0.1489341 0.1627238 0.1756137 0.1544328 0.1643706 0.1611406 0.1413086 0.1745564 0.1426166 0.1250243 0.1560845 0.1893375 0.1572410 0.1567974 0.1485653 0.1560845 0.1487040 0.1309122 0.1752562 0.1671226 0.1669297 0.1757664 0.1196117 0.1646756 0.1615193 0.1694042 0.1076523 0.1690041 0.1559582 0.0000000 0.1682362 0.1075218 0.1704694 0.1502243 0.1426436 0.1060353 0.1665473 0.1239215 0.1189606 0.1200817 0.1129343 
SRR8528357  0.0933984 0.0447489 0.1010556 0.0959239 0.0494363 0.1102887 0.0726935 0.0787596 0.1230684 0.0490293 0.0950173 0.1369425 0.1146931 0.0446693 0.1255910 0.1367296 0.1365161 0.1525007 0.1556111 0.0635438 0.1192284 0.0307905 0.0309396 0.0404707 0.1254599 0.1192284 0.0307905 0.0360977 0.0952687 0.0589611 0.1247937 0.1460815 0.0263463 0.1039009 0.0403472 0.1368085 0.1370829 0.1089681 0.0597876 0.0307703 0.1682362 0.0000000 0.0639074 0.1431094 0.1200232 0.0930324 0.0983543 0.1512003 0.1090638 0.0932422 0.0992247 0.0829489 
SRR8528359  0.0542269 0.0739482 0.0698364 0.0556250 0.0789303 0.0443719 0.0277967 0.0403636 0.0788187 0.0836875 0.0311718 0.0995159 0.0417604 0.0738208 0.0736459 0.0892606 0.0835945 0.1141307 0.1053635 0.0798132 0.0586848 0.0590264 0.0792784 0.0643590 0.0844463 0.0586848 0.0590264 0.0556996 0.0501714 0.0739446 0.0731948 0.0828792 0.0740958 0.0540656 0.0694584 0.0837669 0.0740347 0.0587407 0.0852265 0.0589864 0.1075218 0.0639074 0.0000000 0.1006945 0.0739436 0.0539641 0.0517106 0.0887165 0.0633788 0.0445032 0.0402642 0.0397985 
SRR8528361  0.1327934 0.1452259 0.1083763 0.1134165 0.1510229 0.1623045 0.0634306 0.1170288 0.1027449 0.1441125 0.1407335 0.1250119 0.1521211 0.1449953 0.1117777 0.1012197 0.1182442 0.1406514 0.1178324 0.1392760 0.1011720 0.1277346 0.1503015 0.1344108 0.0310829 0.1011720 0.1277346 0.1079496 0.1359307 0.1451701 0.1172961 0.1279487 0.1441874 0.0910360 0.1405194 0.1294072 0.1187397 0.0749624 0.1595011 0.1276404 0.1704694 0.1431094 0.1006945 0.0000000 0.0597572 0.0900599 0.0899567 0.1075926 0.0957495 0.0599446 0.1220125 0.0749104 
SRR8528365  0.0939874 0.1268054 0.0912329 0.0974175 0.1323490 0.1291241 0.0477298 0.0942384 0.0960185 0.1258558 0.1111971 0.1313968 0.1209007 0.1266008 0.0997498 0.1003574 0.0994868 0.1470431 0.0898207 0.1131182 0.0687413 0.1100967 0.1266700 0.1163778 0.0403923 0.0790292 0.1100967 0.0966591 0.1065461 0.1317658 0.0942681 0.1043899 0.1209027 0.0742214 0.1221792 0.0952025 0.0953847 0.0497151 0.1401806 0.1100178 0.1502243 0.1200232 0.0739436 0.0597572 0.0000000 0.0639868 0.0625288 0.1066350 0.0692199 0.0356091 0.0990297 0.0496839 
SRR8528372  0.0828762 0.0991818 0.0850297 0.0955930 0.0986376 0.1098251 0.0374113 0.0733221 0.0524942 0.0984607 0.0892542 0.1294323 0.0977816 0.0990168 0.0585006 0.0588411 0.0888446 0.1448100 0.1001513 0.1068096 0.0683474 0.0834870 0.0990771 0.0892410 0.0742212 0.0683474 0.0834870 0.0702183 0.0894895 0.1090465 0.0831291 0.0929711 0.0936926 0.0636585 0.0946452 0.0890291 0.0840925 0.0588521 0.1113773 0.0834290 0.1426436 0.0930324 0.0539641 0.0900599 0.0639868 0.0000000 0.0569435 0.1001011 0.0683563 0.0445847 0.0883894 0.0398703 
SRR8528379  0.0871684 0.1045002 0.0736346 0.0811012 0.1100278 0.1033128 0.0290781 0.0725609 0.0826129 0.1151940 0.0881330 0.1241759 0.0974611 0.1043194 0.0827822 0.0890332 0.0883508 0.1396799 0.1057744 0.0896737 0.0567657 0.0878890 0.1105496 0.0888086 0.0787507 0.0619363 0.0878890 0.0850148 0.0831476 0.1041711 0.0773055 0.0875620 0.1047303 0.0471577 0.0997344 0.0885430 0.0782427 0.0421940 0.1175080 0.0878248 0.1060353 0.0983543 0.0517106 0.0899567 0.0625288 0.0569435 0.0000000 0.0960503 0.0564472 0.0372628 0.0772593 0.0136753 
SRR8528381  0.1285680 0.1457252 0.1248681 0.0883725 0.1635897 0.1114785 0.0714811 0.1177074 0.1192199 0.1633502 0.1286625 0.1298366 0.1344347 0.1571862 0.1116296 0.1244827 0.1404799 0.1299699 0.1605004 0.1257581 0.0892249 0.1275538 0.1589345 0.1460365 0.0958296 0.0787038 0.1275538 0.1315339 0.1303036 0.1394860 0.0948389 0.1055677 0.1524037 0.0947282 0.1525397 0.1351134 0.1018337 0.0891896 0.1727890 0.1331154 0.1665473 0.1512003 0.0887165 0.1075926 0.1066350 0.1001011 0.0960503 0.0000000 0.0892730 0.0836473 0.1221158 0.0781696 
SRR8528384  0.0876380 0.0987416 0.0749514 0.0754716 0.1198339 0.0921795 0.0325720 0.0838062 0.0948653 0.1196734 0.0993263 0.1296435 0.1083196 0.1142982 0.0983668 0.1047938 0.0936898 0.1450423 0.1000474 0.1067414 0.0779698 0.0883383 0.1050179 0.1043631 0.0796340 0.0682960 0.0883383 0.0908203 0.0887040 0.1089566 0.0830607 0.0829763 0.0995291 0.0636118 0.1099372 0.0889102 0.0840222 0.0588103 0.1221375 0.0983001 0.1239215 0.1090638 0.0633788 0.0957495 0.0692199 0.0683563 0.0564472 0.0892730 0.0000000 0.0445559 0.0983534 0.0490487 
SRR8528389  0.0830614 0.0937125 0.0600172 0.0620787 0.0988622 0.0926181 0.0183664 0.0686803 0.0683194 0.1037117 0.0789833 0.0998393 0.0869999 0.0935560 0.0685227 0.0791487 0.0736424 0.1145087 0.0691894 0.0901108 0.0492303 0.0782399 0.0993037 0.0838829 0.0451553 0.0492303 0.0782399 0.0753103 0.0791912 0.0984649 0.0634885 0.0730267 0.0939054 0.0446640 0.0892016 0.0737931 0.0642100 0.0217799 0.1056618 0.0781860 0.1189606 0.0932422 0.0445032 0.0599446 0.0356091 0.0445847 0.0372628 0.0836473 0.0445559 0.0000000 0.0782287 0.0217677 
SRR8528391  0.0888432 0.1100676 0.1060794 0.0629533 0.1154146 0.0880732 0.0573038 0.0407799 0.1004180 0.1203916 0.0747549 0.1151591 0.0826515 0.1098867 0.1096032 0.1054406 0.1202335 0.1302807 0.1320240 0.1244289 0.0736085 0.0939742 0.1159410 0.0999349 0.1101420 0.0934021 0.0939742 0.0913547 0.0801869 0.1149285 0.1089040 0.1191599 0.1103026 0.0786440 0.1054944 0.1204884 0.1102006 0.0935025 0.1174200 0.0939081 0.1200817 0.0992247 0.0402642 0.1220125 0.0990297 0.0883894 0.0772593 0.1221158 0.0983534 0.0782287 0.0000000 0.0731418 
SRR8528400  0.0779262 0.0833633 0.0598774 0.0749307 0.0884019 0.0923019 0.0136850 0.0636816 0.0629958 0.0931809 0.0738410 0.0993973 0.0815969 0.0832232 0.0635353 0.0739943 0.0685849 0.1139920 0.0842981 0.0791054 0.0444687 0.0682494 0.0887913 0.0689179 0.0595823 0.0444687 0.0682494 0.0651256 0.0740351 0.0880566 0.0585711 0.0680158 0.0835316 0.0399413 0.0788848 0.0687244 0.0592321 0.0353493 0.0949037 0.0682030 0.1129343 0.0829489 0.0397985 0.0749104 0.0496839 0.0398703 0.0136753 0.0781696 0.0490487 0.0217677 0.0731418 0.0000000 
