131
PAFTOL_019361 0.0000000 0.1333996 1.1511575 0.1709678 0.1426688 0.1326709 0.1344589 0.1474902 0.1387998 3.1100568 0.1407217 0.1703893 0.1263795 0.1271693 0.1410539 0.1385938 0.1348153 0.1329458 0.0000010 0.1984055 1.4903768 0.1374429 0.1265511 0.1384626 0.1272946 0.1534029 0.1442953 0.1583655 0.2203205 0.1263736 0.1558257 0.1363929 0.1253034 0.1371850 0.0000010 0.1373816 0.1283315 3.1100568 0.1591212 0.1449241 0.1578020 0.1318709 0.1226453 0.1491005 0.1466805 0.1393279 0.1371854 0.1386372 1.1511575 0.1451621 0.1441774 0.1450314 0.1660018 0.1397533 0.1326659 0.1368044 0.1329031 0.1577450 0.1546220 0.1465122 0.1284042 0.1488739 0.1365626 0.1413863 0.1757557 0.1125676 0.1426837 1.1511575 0.1334776 0.1164491 0.1539383 0.1565599 0.1153976 1.1511575 0.1279703 0.1258097 0.1215605 0.1401966 0.1456092 0.1659181 0.1534748 0.1381443 0.1336961 0.1275903 0.1397931 0.1398163 0.1556281 0.1318856 0.1328808 0.1449472 0.1329718 0.0000010 2.8533093 0.1264959 0.1454997 0.1245674 0.1521867 0.1183582 0.1318434 0.1466501 0.1575828 0.1332926 0.1074271 0.1448770 0.1387449 0.1463743 0.1211865 0.1387823 0.1738002 0.1293719 0.1556281 0.1324904 0.1409926 0.1493520 0.1402614 0.1441007 0.1501618 0.1318709 0.1512469 0.1434556 0.1519294 0.1477626 0.1514416 0.1556281 0.1510739 0.1408735 0.1440046 0.1481481 0.1367891 0.1341704 0.1417764 
S0055         0.1333996 0.0000000 0.0702717 0.0828532 0.0798040 0.0390595 0.0930275 0.0697346 0.0563692 0.0688272 0.0689147 0.0840882 0.0909188 0.0839233 0.0861206 0.0999396 0.0789015 0.0652928 0.0937460 0.1140605 0.0831292 0.0464983 0.0419766 0.0791967 0.0441562 0.0807104 0.0574648 0.0605770 0.0983337 0.0919346 0.0770450 0.0775788 0.0576194 0.0962928 0.1032988 0.0848550 0.0467538 0.0551831 0.0857804 0.0645135 0.0542600 0.0420130 0.0650363 0.0932267 0.0989979 0.0547823 0.0965826 0.0449298 0.0705655 0.0621870 0.0402754 0.0606004 0.0728043 0.0756370 0.0666721 0.0708811 0.0820227 0.0660228 0.0596799 0.0529645 0.0765411 0.0687414 0.0703024 0.0764753 0.0707287 0.0631234 0.1074190 0.1084629 0.0724828 0.0821693 0.0721481 0.0686866 0.0883130 0.0720364 0.0911135 0.0655856 0.0863675 0.0881810 0.0603196 0.0675421 0.1125808 0.0404927 0.0526244 0.0613005 0.0825892 0.0627101 0.0641950 0.1116170 0.0553672 0.0808244 0.0782277 0.0819300 0.1164330 0.0374448 0.0894249 0.0770762 0.0628930 0.0483171 0.0435824 0.0332600 0.0724447 0.0436133 0.0364579 0.0609158 0.0594037 0.0859956 0.0435672 0.0622539 0.1061165 0.0843433 0.0660495 0.0422408 0.1039184 0.0622946 0.0744082 0.0435948 0.0868613 0.0374141 0.0768146 0.0514141 0.0438889 0.0792138 0.0670209 0.0645411 0.0718162 0.0546008 0.0922524 0.0596768 0.0711868 0.0545789 0.0547673 
S0196sl       1.1511575 0.0702717 0.0000000 0.0826960 0.0378382 0.0649389 0.0838487 0.0705407 0.0563915 0.0762890 0.0888592 0.0855568 0.0875846 0.0845277 0.0884657 0.0875901 0.0701912 0.0708977 0.1064471 0.0908224 0.0704109 0.0767027 0.0736034 0.0797814 0.0548673 0.0704968 0.0024410 0.0706910 0.0740574 0.0909814 0.0674355 0.0682007 0.0628118 0.0980236 0.0878872 0.0825560 0.0764778 0.0595423 0.0881035 0.0590443 0.0662005 0.0706819 0.0268951 0.0765856 0.1169224 0.0715675 0.0909984 0.0675010 0.0593190 0.0023273 0.0645977 0.0000010 0.0047274 0.0587440 0.0245023 0.0701374 0.0758450 0.0559052 0.0557219 0.0505316 0.0843066 0.0700180 0.0674438 0.0734233 0.0856816 0.0200398 0.1147215 0.1149194 0.0914621 0.1357328 0.0520621 0.0467735 0.1018960 0.0070218 0.1164610 0.0673535 0.0912024 0.0769957 0.0669045 0.0639763 0.1391821 0.0705212 0.0735565 0.0567238 0.0826552 0.0558623 0.0586989 0.0875901 0.0533483 0.0762578 0.0773465 0.0804820 0.0878502 0.0590904 0.0768039 0.0799215 0.0589271 0.0884988 0.0709924 0.0840337 0.0760823 0.0620701 0.0182539 0.0588341 0.0536430 0.0767742 0.0738182 0.0046907 0.1111256 0.0426984 0.0563254 0.0685554 0.0626115 0.0615391 0.0650131 0.0676192 0.0788469 0.0533942 0.0760566 0.0834879 0.0433136 0.0862514 0.0709776 0.0648086 0.0530800 0.0534151 0.1060641 0.0173298 0.0712385 0.0735376 0.0561355 
S0278         0.1709678 0.0828532 0.0826960 0.0000000 0.0990567 0.0779012 0.0952663 0.0248386 0.0758865 0.1030736 0.0951559 0.0461713 0.0982310 0.0875766 0.0437110 0.1074695 0.0346417 0.0914264 0.1279873 0.1202538 0.0981440 0.0846148 0.0844824 0.0350498 0.0853831 0.0377824 0.0758675 0.0886422 0.0566455 0.0918846 0.0540201 0.0869513 0.0920950 0.1101043 0.1007425 0.0247099 0.0795088 0.0931798 0.0423374 0.0675157 0.0855925 0.0812322 0.0876325 0.0953421 0.1319495 0.1009616 0.1040492 0.0778351 0.0858593 0.0771209 0.0810388 0.0754602 0.0835520 0.0812961 0.0873670 0.0791132 0.0927084 0.0670895 0.0712152 0.0756016 0.0987221 0.0826812 0.0810025 0.0909860 0.0936419 0.0824139 0.1414623 0.1409095 0.0846397 0.1043798 0.0761699 0.0706774 0.1263106 0.0900746 0.1240531 0.0792837 0.1086473 0.0954577 0.0944827 0.0888406 0.1442847 0.0828037 0.0915347 0.0727207 0.0317864 0.0637884 0.0652659 0.1266741 0.0648752 0.0260403 0.0958709 0.0799455 0.1186175 0.0726769 0.0866596 0.0989235 0.0822977 0.0867742 0.0830663 0.1018855 0.0855845 0.0794800 0.0551806 0.0750340 0.0758045 0.0339210 0.0862268 0.0772035 0.0508800 0.1023176 0.0671165 0.0765940 0.1192908 0.0803756 0.0918413 0.0776494 0.0374252 0.0710189 0.0833548 0.0904179 0.0704599 0.1007028 0.0972515 0.0640361 0.0857302 0.0741203 0.1170011 0.0779415 0.0884711 0.0874659 0.0776242 
S0281         0.1426688 0.0798040 0.0378382 0.0990567 0.0000000 0.0744394 0.0996193 0.0838137 0.0648123 0.0980258 0.0993159 0.0956573 0.0990601 0.0831164 0.0932933 0.1066033 0.0812122 0.0794028 0.0998494 0.1171898 0.0926493 0.0831233 0.0829962 0.0885639 0.0775787 0.0846781 0.0328324 0.0921048 0.1037057 0.0966733 0.0776629 0.0834673 0.0802347 0.0974174 0.1159971 0.0903380 0.0837757 0.0832054 0.0968536 0.0834117 0.0860910 0.0797491 0.0297182 0.1013493 0.1118219 0.0834946 0.1049361 0.0829662 0.0711608 0.0395558 0.0795593 0.0380561 0.0486925 0.0764349 0.0266729 0.0798988 0.0780779 0.0795704 0.0758479 0.0764151 0.0993348 0.0811938 0.0778587 0.0823941 0.1168424 0.0334285 0.1144936 0.1181876 0.0789846 0.0955750 0.0780470 0.0761373 0.1036975 0.0399946 0.1095883 0.0713758 0.0895747 0.0807553 0.0866074 0.0848167 0.1299911 0.0813198 0.0861628 0.0751869 0.0899888 0.0761041 0.0776274 0.1254169 0.0655300 0.0915560 0.0824949 0.0936532 0.1092704 0.0712125 0.0786832 0.0869055 0.0727425 0.0888172 0.0815781 0.0935080 0.0816859 0.0716501 0.0491180 0.0711094 0.0647433 0.0881425 0.0794166 0.0395994 0.1052394 0.0570974 0.0763030 0.0800737 0.0649986 0.0759766 0.0799756 0.0793906 0.0958557 0.0727720 0.0860480 0.0889095 0.0723611 0.0907526 0.0816472 0.0780579 0.0776868 0.0764289 0.1154402 0.0478216 0.0766910 0.0870079 0.0751809 
S0282         0.1326709 0.0390595 0.0649389 0.0779012 0.0744394 0.0000000 0.0808276 0.0648368 0.0513227 0.0220252 0.0484011 0.0804857 0.0790227 0.0734618 0.0806004 0.0877383 0.0705659 0.0651537 0.0957938 0.0991419 0.0583787 0.0174387 0.0160487 0.0711665 0.0409795 0.0724325 0.0525581 0.0527237 0.0898868 0.0798944 0.0719447 0.0660806 0.0499331 0.0946061 0.1032306 0.0711629 0.0274300 0.0139023 0.0808204 0.0595001 0.0516044 0.0133345 0.0568037 0.0811964 0.1025808 0.0577475 0.0825605 0.0215432 0.0539234 0.0574912 0.0133077 0.0559250 0.0676829 0.0626532 0.0583976 0.0659498 0.0768569 0.0609916 0.0595613 0.0545569 0.0732503 0.0575930 0.0591158 0.0648312 0.0555127 0.0548616 0.1134893 0.1061729 0.0768669 0.0892535 0.0606442 0.0588805 0.0956867 0.0603933 0.0965763 0.0575905 0.0840107 0.0810424 0.0620140 0.0657067 0.1225692 0.0146798 0.0346237 0.0580374 0.0741388 0.0578303 0.0593007 0.1028438 0.0506090 0.0740415 0.0765900 0.0818711 0.0956823 0.0092469 0.0806964 0.0770318 0.0608899 0.0217203 0.0174606 0.0613188 0.0690750 0.0481969 0.0455881 0.0528297 0.0543885 0.0773162 0.0331917 0.0575534 0.0948521 0.0773090 0.0611118 0.0147676 0.0947288 0.0606050 0.0658505 0.0215879 0.0816538 0.0202468 0.0771169 0.0333717 0.0379282 0.0789439 0.0703682 0.0596185 0.0637295 0.0562052 0.0971449 0.0470217 0.0627087 0.0451445 0.0563767 
S0288         0.1344589 0.0930275 0.0838487 0.0952663 0.0996193 0.0808276 0.0000000 0.0865029 0.0687602 0.1017626 0.1032812 0.1024638 0.0121100 0.0577058 0.1039798 0.0067064 0.0943973 0.0737144 0.0973514 0.0224200 0.1132385 0.0858234 0.0858419 0.0915552 0.0850210 0.0951847 0.0759010 0.0971809 0.1069483 0.0094912 0.0889523 0.0785621 0.1000623 0.0802794 0.0203066 0.0956093 0.0896686 0.0917448 0.1042681 0.0828539 0.0908980 0.0825379 0.0852744 0.0094480 0.1332859 0.1008712 0.0134719 0.0857971 0.0687613 0.0838617 0.0823379 0.0821391 0.0901848 0.0717276 0.0888669 0.0882011 0.0659621 0.0858284 0.0834241 0.0737066 0.0346904 0.0730432 0.0695290 0.0810409 0.1132747 0.0835773 0.1414108 0.1262045 0.0805764 0.0798751 0.0681998 0.0648331 0.1268969 0.0835417 0.1274271 0.0678099 0.0973906 0.0635506 0.0973021 0.0804318 0.1486004 0.0841361 0.0892685 0.0638591 0.0931900 0.0856371 0.0855335 0.0184641 0.0679897 0.0894533 0.0577526 0.0079303 0.0203390 0.0754806 0.0701715 0.0855437 0.0720793 0.0933861 0.0895067 0.1036284 0.0821301 0.0810133 0.0717333 0.0717740 0.0653893 0.0914828 0.0842733 0.0822404 0.1121672 0.1034091 0.0874626 0.0813037 0.1226742 0.0765592 0.0808684 0.0877324 0.0954014 0.0736353 0.0983096 0.0919330 0.0764973 0.0911165 0.0821420 0.0841435 0.0761740 0.0755077 0.1306037 0.0796222 0.0811758 0.0916219 0.0721940 
S0289         0.1474902 0.0697346 0.0705407 0.0248386 0.0838137 0.0648368 0.0865029 0.0000000 0.0598880 0.0899429 0.0884765 0.0252487 0.0863804 0.0758207 0.0176377 0.0953421 0.0148136 0.0762804 0.1123841 0.1108845 0.0931955 0.0729608 0.0693931 0.0176971 0.0736163 0.0176569 0.0610538 0.0801116 0.0383880 0.0854942 0.0405527 0.0717902 0.0786017 0.0979787 0.1018533 0.0177573 0.0681816 0.0803180 0.0262827 0.0595141 0.0722537 0.0680618 0.0757405 0.0868353 0.1152877 0.0837143 0.0919961 0.0663550 0.0660304 0.0627156 0.0679035 0.0611144 0.0683253 0.0648405 0.0722133 0.0614331 0.0797873 0.0576751 0.0583939 0.0549941 0.0872239 0.0678312 0.0658979 0.0756089 0.0868226 0.0674474 0.1201934 0.1251998 0.0714513 0.0827105 0.0596639 0.0562291 0.1055697 0.0749975 0.1087367 0.0629711 0.0927190 0.0789727 0.0827309 0.0711981 0.1274981 0.0695986 0.0763731 0.0600454 0.0162588 0.0544645 0.0543964 0.1115945 0.0490788 0.0162688 0.0844649 0.0811657 0.1105275 0.0598199 0.0719709 0.0854994 0.0660969 0.0734836 0.0698187 0.0897093 0.0711232 0.0679718 0.0414242 0.0644346 0.0613876 0.0166415 0.0696748 0.0627837 0.0342181 0.0871770 0.0576983 0.0652401 0.1053236 0.0642963 0.0766012 0.0645760 0.0260266 0.0566533 0.0672256 0.0752082 0.0622347 0.0873720 0.0834682 0.0562184 0.0677651 0.0535453 0.1078048 0.0599348 0.0698470 0.0752382 0.0599557 
S0292         0.1387998 0.0563692 0.0563915 0.0758865 0.0648123 0.0513227 0.0687602 0.0598880 0.0000000 0.0699132 0.0796567 0.0704303 0.0672538 0.0621342 0.0739501 0.0756371 0.0638904 0.0451112 0.0524090 0.0863123 0.0690549 0.0609694 0.0593198 0.0659119 0.0601883 0.0671806 0.0433235 0.0676583 0.0838936 0.0679833 0.0527034 0.0439221 0.0696189 0.0772745 0.0760877 0.0710654 0.0580817 0.0583657 0.0754094 0.0531035 0.0650775 0.0562623 0.0507212 0.0710139 0.1016694 0.0661825 0.0724620 0.0592996 0.0289177 0.0513238 0.0561359 0.0497838 0.0579214 0.0453891 0.0491045 0.0470035 0.0602165 0.0497480 0.0467226 0.0331715 0.0602996 0.0481191 0.0435887 0.0503200 0.0829908 0.0485930 0.1157105 0.0911938 0.0648752 0.0674214 0.0431636 0.0400297 0.0914102 0.0531917 0.0970521 0.0391659 0.0612326 0.0657758 0.0720760 0.0287729 0.1228715 0.0577527 0.0642345 0.0317053 0.0672825 0.0482051 0.0496435 0.0914905 0.0352588 0.0688723 0.0631356 0.0564482 0.0746907 0.0483789 0.0623507 0.0564168 0.0134343 0.0645684 0.0579332 0.0703451 0.0332766 0.0530309 0.0295910 0.0133608 0.0106867 0.0689504 0.0612145 0.0498430 0.0873554 0.0691724 0.0528927 0.0565742 0.0810573 0.0202848 0.0469813 0.0594352 0.0700074 0.0483368 0.0592076 0.0595020 0.0521813 0.0579902 0.0469124 0.0468739 0.0480240 0.0346810 0.0845420 0.0424262 0.0439844 0.0661485 0.0318814 
S0293         3.1100568 0.0688272 0.0762890 0.1030736 0.0980258 0.0220252 0.1017626 0.0899429 0.0699132 0.0000000 0.0717458 0.1002082 0.1018441 0.0993967 0.1021068 0.1098721 0.0941409 0.0922200 0.1086494 0.1000953 0.0704184 0.0367606 0.0366828 0.0953268 0.0677627 0.0892246 0.0746201 0.0784193 0.0804345 0.1061579 0.0966930 0.0830943 0.0722334 0.1428179 0.1141308 0.0945380 0.0456077 0.0158260 0.1048549 0.0751539 0.0675333 0.0324809 0.0917142 0.0924431 0.1262913 0.0800410 0.1046677 0.0365332 0.0562250 0.0786906 0.0280662 0.0764012 0.0852118 0.0818596 0.0894501 0.0938046 0.1108979 0.0723381 0.0770678 0.0741422 0.1090034 0.0742212 0.0768529 0.0775273 0.0825406 0.0816708 0.1344147 0.1141653 0.1372615 0.1654674 0.0691794 0.0669730 0.1223860 0.0745011 0.1239968 0.0792977 0.1099803 0.1147004 0.0929146 0.0839433 0.1460938 0.0323527 0.0548176 0.0821651 0.0975862 0.0745065 0.0770321 0.1391160 0.0789095 0.0949509 0.1152988 0.0921789 0.0954704 0.0280902 0.1163031 0.1029524 0.0817324 0.0454356 0.0389937 0.0951021 0.0918653 0.0766871 0.0824996 0.0765948 0.0745184 0.0951220 0.0597648 0.0814294 0.1202239 0.0980030 0.0799073 0.0326681 0.1250869 0.0837654 0.0877884 0.0345362 0.1043060 0.0390846 0.1044137 0.0554710 0.0532978 0.1009142 0.0927052 0.0825356 0.0739656 0.0791618 0.1453827 0.0705444 0.0876182 0.0741172 0.0767635 
S0294         0.1407217 0.0689147 0.0888592 0.0951559 0.0993159 0.0484011 0.1032812 0.0884765 0.0796567 0.0717458 0.0000000 0.1037530 0.1008854 0.0954331 0.1035110 0.1102643 0.0962144 0.0879042 0.1201622 0.1268405 0.0888147 0.0545471 0.0545229 0.0951679 0.0666011 0.0914676 0.0742836 0.0774527 0.1134855 0.1013719 0.0942290 0.0955992 0.0761181 0.1265001 0.1459455 0.0901379 0.0595824 0.0603526 0.0969619 0.0827350 0.0763688 0.0468988 0.0809230 0.1031827 0.1353574 0.0831308 0.1050749 0.0513741 0.0915612 0.0820655 0.0498200 0.0803837 0.0936830 0.0931763 0.0823875 0.0915149 0.1057949 0.0827833 0.0853669 0.0810853 0.1010289 0.0877901 0.0895317 0.0980091 0.0553031 0.0827796 0.1430323 0.1278631 0.1044914 0.1184816 0.0898224 0.0898497 0.1313517 0.0955786 0.1275543 0.0878863 0.1100844 0.1052186 0.0905603 0.0865391 0.1521172 0.0513996 0.0641227 0.0816575 0.0914636 0.0792897 0.0841054 0.1254608 0.0785902 0.0980996 0.1013931 0.1224358 0.1289008 0.0437484 0.1063816 0.1008247 0.0861509 0.0580453 0.0562088 0.0903009 0.0986308 0.0741324 0.0703527 0.0828229 0.0828624 0.0983910 0.0609477 0.0821531 0.1194447 0.1045111 0.0861308 0.0453679 0.1196938 0.0858833 0.0900008 0.0527228 0.1027499 0.0497081 0.1048850 0.0624944 0.0536240 0.1047312 0.0969512 0.0845751 0.0960937 0.0829108 0.1371182 0.0735057 0.0866490 0.0713189 0.0798643 
S0299         0.1703893 0.0840882 0.0855568 0.0461713 0.0956573 0.0804857 0.1024638 0.0252487 0.0704303 0.1002082 0.1037530 0.0000000 0.1020267 0.0876266 0.0383602 0.1115296 0.0307826 0.0890427 0.1233822 0.1228568 0.0996222 0.0856098 0.0854609 0.0416559 0.0882309 0.0414295 0.0753122 0.0950651 0.0539456 0.0994600 0.0518013 0.0882506 0.0955743 0.1066738 0.0957150 0.0355569 0.0825025 0.0930124 0.0447152 0.0749964 0.0922586 0.0819292 0.0873984 0.1044840 0.1129509 0.0988104 0.1080198 0.0837543 0.0806670 0.0800653 0.0836694 0.0783675 0.0848098 0.0825559 0.0854254 0.0754375 0.0929204 0.0663526 0.0675028 0.0735427 0.0971014 0.0891775 0.0857187 0.0943051 0.1013942 0.0821144 0.1257961 0.1310786 0.0875222 0.0964209 0.0793394 0.0771586 0.1027859 0.0901131 0.1087290 0.0789352 0.1029185 0.0960409 0.0995156 0.0839151 0.1330979 0.0819417 0.0891798 0.0774645 0.0383494 0.0679038 0.0694087 0.1275328 0.0643248 0.0383023 0.0942845 0.0800118 0.1166829 0.0751671 0.0850086 0.0952871 0.0768568 0.0860792 0.0839407 0.1034538 0.0839025 0.0842201 0.0453872 0.0751197 0.0703538 0.0331516 0.0838499 0.0784636 0.0478529 0.1027971 0.0713056 0.0825234 0.1218307 0.0750609 0.0878671 0.0851500 0.0396549 0.0718407 0.0797360 0.0896005 0.0763568 0.1027364 0.0914052 0.0665597 0.0787190 0.0720428 0.1061713 0.0808008 0.0844865 0.0921453 0.0755764 
S0303         0.1263795 0.0909188 0.0875846 0.0982310 0.0990601 0.0790227 0.0121100 0.0863804 0.0672538 0.1018441 0.1008854 0.1020267 0.0000000 0.0613412 0.1050969 0.0146319 0.0939719 0.0754347 0.1074447 0.0321487 0.1133558 0.0826257 0.0839162 0.0930172 0.0781539 0.0930135 0.0741808 0.0984020 0.1132370 0.0120280 0.0936676 0.0819345 0.0962130 0.0784994 0.0204048 0.0985984 0.0876404 0.0920394 0.1036274 0.0827760 0.0890707 0.0791682 0.0833384 0.0201362 0.1302927 0.0952458 0.0119202 0.0855509 0.0695221 0.0819905 0.0804997 0.0803105 0.0902641 0.0752132 0.0868403 0.0862055 0.0645124 0.0839036 0.0799599 0.0720824 0.0388833 0.0746269 0.0680258 0.0825116 0.1103412 0.0833548 0.1360023 0.1260607 0.0747772 0.0696947 0.0701377 0.0683118 0.1210381 0.0840045 0.1245058 0.0650157 0.0971978 0.0638078 0.0901684 0.0786452 0.1471771 0.0822518 0.0872586 0.0657219 0.0927880 0.0837201 0.0836215 0.0268700 0.0680773 0.0894149 0.0564984 0.0079677 0.0179566 0.0738111 0.0670549 0.0888752 0.0739518 0.0912605 0.0874861 0.1031960 0.0819450 0.0843119 0.0658980 0.0702010 0.0641599 0.0965953 0.0823829 0.0804075 0.1153666 0.1046872 0.0854989 0.0794781 0.1216024 0.0748759 0.0809389 0.0857565 0.0949577 0.0737448 0.1012488 0.0898383 0.0748725 0.0910032 0.0839852 0.0825242 0.0761034 0.0738376 0.1207425 0.0778343 0.0812412 0.0916887 0.0706034 
S0308         0.1271693 0.0839233 0.0845277 0.0875766 0.0831164 0.0734618 0.0577058 0.0758207 0.0621342 0.0993967 0.0954331 0.0876266 0.0613412 0.0000000 0.0941801 0.0664153 0.0817879 0.0735098 0.1055324 0.0748433 0.1089510 0.0818150 0.0749782 0.0789392 0.0706492 0.0840546 0.0621431 0.0879414 0.1073508 0.0555789 0.0830393 0.0720641 0.0873496 0.0717098 0.0705431 0.0879143 0.0804823 0.0920058 0.0947565 0.0791206 0.0835798 0.0767774 0.0732080 0.0632941 0.1150925 0.0825378 0.0582751 0.0750601 0.0695916 0.0717665 0.0765949 0.0701052 0.0830671 0.0669981 0.0730844 0.0774209 0.0612006 0.0720158 0.0799994 0.0637637 0.0594603 0.0664571 0.0712592 0.0775257 0.1010481 0.0692730 0.1318635 0.1449092 0.0630683 0.0822025 0.0647895 0.0612424 0.1115283 0.0865786 0.1088473 0.0664504 0.0920135 0.0584580 0.0889789 0.0734914 0.1316775 0.0783471 0.0822005 0.0606128 0.0838606 0.0718558 0.0733831 0.0814580 0.0644873 0.0854511 0.0609025 0.0513414 0.0683385 0.0682758 0.0638134 0.0863802 0.0653898 0.0858010 0.0768616 0.0851169 0.0684977 0.0788279 0.0540410 0.0635297 0.0605308 0.0836259 0.0819872 0.0684992 0.1039768 0.0908398 0.0735987 0.0755327 0.1051423 0.0665975 0.0742808 0.0752396 0.0825373 0.0650739 0.0855785 0.0843306 0.0646295 0.0880408 0.0787000 0.0705026 0.0682589 0.0655009 0.1182307 0.0674445 0.0743751 0.0811660 0.0657061 
S0320         0.1410539 0.0861206 0.0884657 0.0437110 0.0932933 0.0806004 0.1039798 0.0176377 0.0739501 0.1021068 0.1035110 0.0383602 0.1050969 0.0941801 0.0000000 0.1127041 0.0272658 0.0843489 0.1250574 0.1314054 0.1087316 0.0889880 0.0838443 0.0333447 0.0850139 0.0302125 0.0722604 0.0985044 0.0506920 0.1045062 0.0538208 0.0882709 0.0990374 0.1151826 0.1118747 0.0288153 0.0843513 0.0923107 0.0392211 0.0767849 0.0906229 0.0839302 0.0891097 0.1073983 0.1213570 0.0970534 0.1110336 0.0822888 0.0830799 0.0751840 0.0837307 0.0735373 0.0815006 0.0841988 0.0853058 0.0738991 0.0915329 0.0763725 0.0644847 0.0755358 0.1064178 0.0873564 0.0852497 0.0957952 0.1124418 0.0789148 0.1241156 0.1340892 0.0828371 0.0918414 0.0759371 0.0722967 0.1117411 0.0922027 0.1155172 0.0806254 0.1046605 0.0925456 0.1012718 0.0905909 0.1376362 0.0821792 0.0925282 0.0776511 0.0302373 0.0714116 0.0728194 0.1304023 0.0598786 0.0288671 0.0995447 0.0954023 0.1295698 0.0753695 0.0883848 0.0971044 0.0803135 0.0862567 0.0857670 0.1018285 0.0871795 0.0807945 0.0456315 0.0786104 0.0738707 0.0236298 0.0856055 0.0752644 0.0536702 0.0987468 0.0764033 0.0844079 0.1155589 0.0784133 0.0863996 0.0836622 0.0388324 0.0720975 0.0766170 0.0914224 0.0816447 0.1009594 0.0934023 0.0748911 0.0837089 0.0740554 0.1117597 0.0755065 0.0794849 0.0934644 0.0775567 
S0322         0.1385938 0.0999396 0.0875901 0.1074695 0.1066033 0.0877383 0.0067064 0.0953421 0.0756371 0.1098721 0.1102643 0.1115296 0.0146319 0.0664153 0.1127041 0.0000000 0.1030369 0.0840307 0.1078127 0.0264745 0.1218546 0.0930151 0.0927426 0.1021279 0.0869290 0.1021214 0.0829621 0.1041254 0.1157669 0.0120780 0.0992473 0.0906826 0.1053780 0.0855893 0.0333464 0.1061047 0.0965949 0.0998996 0.1130102 0.0916229 0.0981838 0.0894503 0.0922609 0.0120056 0.1405414 0.1044494 0.0174199 0.0944139 0.0768910 0.0907415 0.0892347 0.0890176 0.0995195 0.0821137 0.0958577 0.0951437 0.0728826 0.0927268 0.0906861 0.0805838 0.0390087 0.0831211 0.0763373 0.0913320 0.1174391 0.0906974 0.1465220 0.1349176 0.0876201 0.0866646 0.0787390 0.0751769 0.1331094 0.0916561 0.1348809 0.0732703 0.1064275 0.0706459 0.1025544 0.0873089 0.1578260 0.0910400 0.0961660 0.0740736 0.1018699 0.0925231 0.0924123 0.0211389 0.0765771 0.0984146 0.0631678 0.0203399 0.0221138 0.0823694 0.0770291 0.0943900 0.0808668 0.1003245 0.0964201 0.1126314 0.0890090 0.0897784 0.0739408 0.0786294 0.0724765 0.1024075 0.0911873 0.0891257 0.1252550 0.1104685 0.0943556 0.0882513 0.1295786 0.0833975 0.0897227 0.0946448 0.1039878 0.0806282 0.1069899 0.0988911 0.0835674 0.1000340 0.0911047 0.0913420 0.0846174 0.0823964 0.1383620 0.0848965 0.0900633 0.0990169 0.0790824 
S0327         0.1348153 0.0789015 0.0701912 0.0346417 0.0812122 0.0705659 0.0943973 0.0148136 0.0638904 0.0941409 0.0962144 0.0307826 0.0939719 0.0817879 0.0272658 0.1030369 0.0000000 0.0803928 0.1142216 0.1172953 0.0923373 0.0787267 0.0769771 0.0274080 0.0794306 0.0272657 0.0620582 0.0842881 0.0429723 0.0915973 0.0415852 0.0809460 0.0813671 0.0984955 0.1112663 0.0259728 0.0741720 0.0796077 0.0345992 0.0636152 0.0798869 0.0738054 0.0765039 0.0945041 0.1101577 0.0861995 0.0996708 0.0737071 0.0701863 0.0635862 0.0736337 0.0619978 0.0709168 0.0737775 0.0728986 0.0638558 0.0855577 0.0567202 0.0562081 0.0654332 0.0959973 0.0768549 0.0748572 0.0848723 0.0945404 0.0682832 0.1189557 0.1323394 0.0849478 0.0938889 0.0705173 0.0668507 0.1067636 0.0743426 0.1077878 0.0703327 0.0934819 0.0881870 0.0881828 0.0800300 0.1297524 0.0753425 0.0821607 0.0674327 0.0244027 0.0569328 0.0583805 0.1216935 0.0532498 0.0272631 0.0901822 0.0899162 0.1123360 0.0655067 0.0776495 0.0895494 0.0717015 0.0792889 0.0755788 0.0975493 0.0767217 0.0755811 0.0383032 0.0684194 0.0638234 0.0221119 0.0770335 0.0636544 0.0427463 0.0911934 0.0601584 0.0742209 0.1075936 0.0682723 0.0774795 0.0734793 0.0285399 0.0591989 0.0680403 0.0810244 0.0680112 0.0932881 0.0859461 0.0586883 0.0733499 0.0639786 0.1032528 0.0639396 0.0707709 0.0794185 0.0673495 
S0335         0.1329458 0.0652928 0.0708977 0.0914264 0.0794028 0.0651537 0.0737144 0.0762804 0.0451112 0.0922200 0.0879042 0.0890427 0.0754347 0.0735098 0.0843489 0.0840307 0.0803928 0.0000000 0.0389449 0.0988682 0.0844022 0.0718871 0.0733602 0.0810835 0.0662405 0.0838957 0.0510797 0.0739924 0.1030975 0.0778976 0.0785286 0.0673593 0.0826024 0.0869409 0.0764481 0.0864079 0.0756584 0.0776820 0.0908372 0.0727401 0.0646476 0.0670647 0.0598388 0.0776888 0.1161036 0.0737958 0.0807953 0.0733346 0.0512729 0.0606025 0.0669111 0.0590228 0.0711270 0.0623365 0.0614324 0.0563315 0.0682333 0.0706684 0.0614079 0.0496405 0.0784192 0.0651083 0.0603914 0.0726695 0.1119011 0.0579757 0.1232856 0.1097420 0.0693474 0.0860373 0.0572333 0.0523376 0.1073353 0.0674644 0.1081703 0.0603242 0.0545817 0.0723624 0.0783641 0.0529778 0.1319366 0.0685787 0.0784681 0.0453632 0.0841261 0.0690025 0.0720131 0.1006090 0.0521527 0.0823737 0.0661601 0.0613805 0.0847835 0.0620434 0.0786179 0.0407077 0.0513288 0.0772615 0.0719698 0.0711501 0.0607586 0.0637524 0.0340859 0.0465049 0.0420899 0.0823370 0.0754145 0.0590932 0.0985759 0.0792478 0.0739268 0.0674382 0.0949470 0.0510270 0.0363507 0.0735059 0.0917167 0.0619889 0.0754767 0.0773533 0.0614323 0.0422011 0.0202699 0.0691827 0.0571771 0.0512508 0.0918730 0.0595249 0.0363650 0.0707876 0.0483651 
S0345         0.0000010 0.0937460 0.1064471 0.1279873 0.0998494 0.0957938 0.0973514 0.1123841 0.0524090 0.1086494 0.1201622 0.1233822 0.1074447 0.1055324 0.1250574 0.1078127 0.1142216 0.0389449 0.0000000 0.1047284 0.1029151 0.1062668 0.0998092 0.1210395 0.0896067 0.1049331 0.0723707 0.0932193 0.1187186 0.1064780 0.1018866 0.0842819 0.1119565 0.1457799 0.1167820 0.1242935 0.1057922 0.0845693 0.1173100 0.1007952 0.0858537 0.0970250 0.0890805 0.1044679 0.1419005 0.0819258 0.1083081 0.1083564 0.0719832 0.0891490 0.0900182 0.0862105 0.0933773 0.0863837 0.0864307 0.0836165 0.1151217 0.0902450 0.0815868 0.0604655 0.1141129 0.0769095 0.0833087 0.0860977 0.1576731 0.0823407 0.1330867 0.1402080 0.1014692 0.1207707 0.0736046 0.0659539 0.1399762 0.0949523 0.1377863 0.0833543 0.0615830 0.1027111 0.1041438 0.0575095 0.1501266 0.0995375 0.1086069 0.0574567 0.1187726 0.0931642 0.0993207 0.1462862 0.0723074 0.1154836 0.1108368 0.0995131 0.1061975 0.0902339 0.1238650 0.0311102 0.0576171 0.1156696 0.0969479 0.0927378 0.0723073 0.0866206 0.0478039 0.0603299 0.0496302 0.1052177 0.1092716 0.0895254 0.1361087 0.0995144 0.1030431 0.0944943 0.1083360 0.0633503 0.0500115 0.0991180 0.1237342 0.0930515 0.0961584 0.0994139 0.0855270 0.0260204 0.0444341 0.1002507 0.0770221 0.0631772 0.1266628 0.0787982 0.0552530 0.1058977 0.0635793 
S0355         0.1984055 0.1140605 0.0908224 0.1202538 0.1171898 0.0991419 0.0224200 0.1108845 0.0863123 0.1000953 0.1268405 0.1228568 0.0321487 0.0748433 0.1314054 0.0264745 0.1172953 0.0988682 0.1047284 0.0000000 0.1115946 0.1067241 0.1028462 0.1127832 0.1003779 0.1201078 0.0963315 0.1185775 0.1198296 0.0281286 0.1114011 0.1006018 0.1198509 0.1020218 0.0244885 0.1167700 0.1105384 0.0902542 0.1317690 0.1068467 0.1124145 0.1029270 0.1006368 0.0294463 0.1493210 0.1168739 0.0307287 0.1046003 0.0722772 0.1024635 0.1026663 0.0990030 0.1002827 0.0912439 0.1044160 0.1018756 0.0888125 0.1043797 0.0991140 0.0934581 0.0593832 0.0908613 0.0854187 0.0976245 0.1540509 0.1008033 0.1660637 0.1352509 0.1102536 0.1109510 0.0898743 0.0877499 0.1463258 0.0820384 0.1454473 0.0838931 0.1175174 0.0883885 0.1185212 0.0968565 0.1695228 0.1045960 0.1100225 0.0865703 0.1197939 0.1061334 0.1060004 0.0399122 0.0928392 0.1124559 0.0817058 0.0079303 0.0200912 0.0953733 0.0930824 0.1063411 0.0917078 0.1145263 0.1067391 0.1277746 0.1005966 0.1032865 0.0990836 0.0896057 0.0848582 0.1170058 0.1083414 0.0972664 0.1262286 0.1191963 0.1100361 0.1017244 0.1412543 0.0946046 0.0997188 0.1048674 0.1182086 0.0933721 0.1159989 0.1130429 0.0912407 0.1104213 0.1009271 0.1049515 0.0941216 0.0954005 0.1572533 0.0981719 0.1018657 0.1090137 0.0918892 
S0376         1.4903768 0.0831292 0.0704109 0.0981440 0.0926493 0.0583787 0.1132385 0.0931955 0.0690549 0.0704184 0.0888147 0.0996222 0.1133558 0.1089510 0.1087316 0.1218546 0.0923373 0.0844022 0.1029151 0.1115946 0.0000000 0.0633968 0.0755265 0.1038728 0.0729221 0.0947887 0.0590229 0.0402418 0.0888777 0.1144979 0.0893483 0.0958926 0.0865859 0.1362804 0.1136833 0.1008474 0.0756616 0.0565749 0.1164587 0.0696213 0.0720527 0.0635149 0.0812656 0.1061743 0.1307185 0.0901558 0.1169264 0.0679753 0.0704779 0.0688616 0.0608169 0.0665493 0.0750394 0.0868427 0.0789834 0.0816795 0.1062127 0.0697123 0.0693071 0.0764070 0.1218383 0.0941818 0.0919014 0.0979606 0.1133105 0.0760363 0.1352691 0.1127610 0.1160735 0.1373070 0.0765321 0.0740965 0.1229791 0.0671659 0.1284395 0.0892419 0.1101960 0.1133852 0.0683025 0.0740234 0.1472275 0.0657565 0.0780660 0.0746201 0.1064749 0.0719524 0.0745317 0.1533695 0.0714942 0.0983961 0.1107257 0.0918305 0.1091891 0.0561690 0.1086230 0.0951605 0.0761409 0.0782189 0.0707220 0.0928282 0.0846844 0.0665600 0.0540432 0.0758210 0.0688742 0.0933272 0.0863230 0.0715799 0.1135015 0.0873121 0.0774410 0.0591399 0.1145162 0.0789915 0.0849217 0.0658578 0.1054304 0.0585484 0.0948077 0.0838013 0.0595803 0.0879112 0.0848522 0.0747464 0.0811301 0.0815980 0.1223254 0.0698784 0.0847531 0.0401570 0.0791208 
S0400         0.1374429 0.0464983 0.0767027 0.0846148 0.0831233 0.0174387 0.0858234 0.0729608 0.0609694 0.0367606 0.0545471 0.0856098 0.0826257 0.0818150 0.0889880 0.0930151 0.0787267 0.0718871 0.1062668 0.1067241 0.0633968 0.0000000 0.0229587 0.0794053 0.0470793 0.0806580 0.0606597 0.0510953 0.0982363 0.0850926 0.0801092 0.0741890 0.0530370 0.1033213 0.1033617 0.0761081 0.0317403 0.0241852 0.0892302 0.0656622 0.0562830 0.0092632 0.0650477 0.0879639 0.1079660 0.0642358 0.0877577 0.0285531 0.0635061 0.0653403 0.0146776 0.0637402 0.0778174 0.0706648 0.0666838 0.0723967 0.0852875 0.0690665 0.0660991 0.0623691 0.0788351 0.0654597 0.0638499 0.0714414 0.0666339 0.0648906 0.1172344 0.1147634 0.0791295 0.0915024 0.0687590 0.0653323 0.1022151 0.0748374 0.1020256 0.0621127 0.0946128 0.0896393 0.0620966 0.0706520 0.1282170 0.0133320 0.0419642 0.0659671 0.0824064 0.0657302 0.0672189 0.1085690 0.0568759 0.0787426 0.0849897 0.0819732 0.1063743 0.0160061 0.0891891 0.0840743 0.0707606 0.0217416 0.0244139 0.0678316 0.0723453 0.0512925 0.0455088 0.0624210 0.0606926 0.0840900 0.0390386 0.0654105 0.1021752 0.0845170 0.0690944 0.0147800 0.0987423 0.0685165 0.0726640 0.0272002 0.0900067 0.0272623 0.0820987 0.0407304 0.0454095 0.0860514 0.0772559 0.0624143 0.0701255 0.0640637 0.0919079 0.0564964 0.0694583 0.0467940 0.0642602 
S0405         0.1265511 0.0419766 0.0736034 0.0844824 0.0829962 0.0160487 0.0858419 0.0693931 0.0593198 0.0366828 0.0545229 0.0854609 0.0839162 0.0749782 0.0838443 0.0927426 0.0769771 0.0733602 0.0998092 0.1028462 0.0755265 0.0229587 0.0000000 0.0743904 0.0439416 0.0788916 0.0605573 0.0588240 0.0920003 0.0848453 0.0783569 0.0724569 0.0560239 0.0995922 0.1262641 0.0776339 0.0331407 0.0200124 0.0841039 0.0658615 0.0577347 0.0187944 0.0649534 0.0861412 0.1006534 0.0577948 0.0841665 0.0271100 0.0633539 0.0636756 0.0187561 0.0620849 0.0760239 0.0689587 0.0665867 0.0707047 0.0834703 0.0673690 0.0643477 0.0607162 0.0786963 0.0637911 0.0653323 0.0713359 0.0553557 0.0647780 0.1114699 0.1171392 0.0868522 0.0968222 0.0654046 0.0636087 0.0976662 0.0698993 0.0925688 0.0637883 0.0910444 0.0860811 0.0682485 0.0721558 0.1186720 0.0174021 0.0404365 0.0626846 0.0789697 0.0640541 0.0655370 0.1064122 0.0567862 0.0805216 0.0815280 0.1035164 0.1084978 0.0119287 0.0891967 0.0822874 0.0690517 0.0217048 0.0174607 0.0612731 0.0754758 0.0542380 0.0526795 0.0607663 0.0623637 0.0822700 0.0389881 0.0606379 0.1001990 0.0860275 0.0673962 0.0202743 0.1037706 0.0668342 0.0709384 0.0271670 0.0848833 0.0258195 0.0803587 0.0392004 0.0438472 0.0809244 0.0787464 0.0658909 0.0700029 0.0623987 0.1000042 0.0533043 0.0709424 0.0499041 0.0625897 
S0407sl       0.1384626 0.0791967 0.0797814 0.0350498 0.0885639 0.0711665 0.0915552 0.0176971 0.0659119 0.0953268 0.0951679 0.0416559 0.0930172 0.0789392 0.0333447 0.1021279 0.0274080 0.0810835 0.1210395 0.1127832 0.1038728 0.0794053 0.0743904 0.0000000 0.0837480 0.0232401 0.0690232 0.0900447 0.0473532 0.0920228 0.0480536 0.0744845 0.0867195 0.1027489 0.1291502 0.0233495 0.0744472 0.0855744 0.0334366 0.0722991 0.0805754 0.0744368 0.0821484 0.0918191 0.1124064 0.0936395 0.0953173 0.0743367 0.0759327 0.0704178 0.0723083 0.0687897 0.0780477 0.0693950 0.0784370 0.0675503 0.0879975 0.0687643 0.0663781 0.0674713 0.0907183 0.0723154 0.0671849 0.0785300 0.0963891 0.0772842 0.1176054 0.1396926 0.0804930 0.0962199 0.0679028 0.0642760 0.1075825 0.0799979 0.1047557 0.0658376 0.1012286 0.0855032 0.0943931 0.0822388 0.1267399 0.0759878 0.0812070 0.0644250 0.0261004 0.0654437 0.0669260 0.1187350 0.0535250 0.0260754 0.0892738 0.1076486 0.1219090 0.0660582 0.0814789 0.0903137 0.0721719 0.0799774 0.0729818 0.1017895 0.0806119 0.0794010 0.0502257 0.0689944 0.0674985 0.0325876 0.0796249 0.0673221 0.0432499 0.0971044 0.0687921 0.0748597 0.1118813 0.0703332 0.0766024 0.0757117 0.0390383 0.0597140 0.0700975 0.0799408 0.0704286 0.0941064 0.0883681 0.0672872 0.0740672 0.0660039 0.1092264 0.0660694 0.0747136 0.0817550 0.0694189 
S0412sl       0.1272946 0.0441562 0.0548673 0.0853831 0.0775787 0.0409795 0.0850210 0.0736163 0.0601883 0.0677627 0.0666011 0.0882309 0.0781539 0.0706492 0.0850139 0.0869290 0.0794306 0.0662405 0.0896067 0.1003779 0.0729221 0.0470793 0.0439416 0.0837480 0.0000000 0.0800129 0.0518824 0.0568032 0.1039062 0.0756841 0.0759106 0.0735128 0.0523914 0.0922674 0.0974631 0.0854359 0.0520354 0.0562399 0.0836117 0.0665331 0.0571102 0.0439795 0.0530636 0.0853351 0.1100870 0.0355818 0.0835062 0.0469388 0.0670404 0.0551903 0.0438830 0.0536129 0.0671629 0.0667184 0.0546674 0.0701111 0.0745368 0.0680564 0.0653221 0.0584443 0.0760316 0.0679315 0.0662919 0.0757009 0.0849957 0.0527231 0.1190091 0.1166693 0.0720404 0.0822802 0.0695543 0.0693693 0.0973182 0.0592766 0.1018199 0.0632318 0.0805751 0.0824031 0.0663481 0.0651318 0.1263485 0.0424342 0.0533681 0.0604484 0.0782061 0.0631218 0.0662021 0.1004349 0.0576162 0.0748831 0.0741453 0.0754767 0.0942696 0.0393334 0.0837788 0.0750432 0.0668350 0.0503967 0.0455770 0.0574285 0.0716886 0.0536586 0.0352055 0.0599927 0.0586008 0.0846218 0.0532313 0.0552508 0.1105171 0.0737471 0.0680840 0.0426995 0.0914441 0.0567336 0.0704016 0.0470437 0.0821785 0.0379281 0.0781290 0.0552545 0.0398982 0.0804028 0.0699539 0.0650621 0.0710090 0.0586339 0.0950434 0.0480643 0.0671721 0.0555098 0.0603231 
S0417         0.1534029 0.0807104 0.0704968 0.0377824 0.0846781 0.0724325 0.0951847 0.0176569 0.0671806 0.0892246 0.0914676 0.0414295 0.0930135 0.0840546 0.0302125 0.1021214 0.0272657 0.0838957 0.1049331 0.1201078 0.0947887 0.0806580 0.0788916 0.0232401 0.0800129 0.0000000 0.0669930 0.0878192 0.0488934 0.0923226 0.0507758 0.0829067 0.0850198 0.1022481 0.1024125 0.0289863 0.0760753 0.0796814 0.0303689 0.0672218 0.0833969 0.0756976 0.0785812 0.0969282 0.1124105 0.0931646 0.0987374 0.0788635 0.0702501 0.0667330 0.0706892 0.0668110 0.0759404 0.0756604 0.0749225 0.0687347 0.0821577 0.0636618 0.0592491 0.0687371 0.0947322 0.0755297 0.0767444 0.0850429 0.0992226 0.0684705 0.1135502 0.1266213 0.0755223 0.0919112 0.0640679 0.0621759 0.1024164 0.0766387 0.1045707 0.0721922 0.1023236 0.0833029 0.0939181 0.0801920 0.1246897 0.0772444 0.0789184 0.0707733 0.0161984 0.0635018 0.0618777 0.1187249 0.0517476 0.0260110 0.0870472 0.0861882 0.1105124 0.0673277 0.0778482 0.0946823 0.0734286 0.0812372 0.0774877 0.1010920 0.0801408 0.0773862 0.0432681 0.0702564 0.0671096 0.0324122 0.0776115 0.0684955 0.0474988 0.0896129 0.0668129 0.0745068 0.1059457 0.0715887 0.0843714 0.0769649 0.0359235 0.0641199 0.0777341 0.0829877 0.0683904 0.0984839 0.0928935 0.0653201 0.0749853 0.0657708 0.1170885 0.0657491 0.0775186 0.0829044 0.0690164 
S0419         0.1442953 0.0574648 0.0024410 0.0758675 0.0328324 0.0525581 0.0759010 0.0610538 0.0433235 0.0746201 0.0742836 0.0753122 0.0741808 0.0621431 0.0722604 0.0829621 0.0620582 0.0510797 0.0723707 0.0963315 0.0590229 0.0606597 0.0605573 0.0690232 0.0518824 0.0669930 0.0000000 0.0610023 0.0757583 0.0750127 0.0555694 0.0608771 0.0531977 0.0677009 0.0884138 0.0709511 0.0627286 0.0602070 0.0737473 0.0576520 0.0549671 0.0558645 0.0168929 0.0745999 0.0959052 0.0612172 0.0796541 0.0572782 0.0461449 0.0053849 0.0557367 0.0040297 0.0126361 0.0527034 0.0153889 0.0481247 0.0536885 0.0525779 0.0513004 0.0463457 0.0654927 0.0604491 0.0588297 0.0680410 0.0874058 0.0187114 0.1060162 0.0948560 0.0610132 0.0704459 0.0521893 0.0503028 0.0888835 0.0081890 0.0933453 0.0524131 0.0683138 0.0593379 0.0574767 0.0574751 0.1172028 0.0573833 0.0623608 0.0451768 0.0688078 0.0509144 0.0523919 0.0980323 0.0375944 0.0669006 0.0549942 0.0676526 0.0829594 0.0493721 0.0577430 0.0578483 0.0478433 0.0643252 0.0527713 0.0651605 0.0592104 0.0495747 0.0256582 0.0462989 0.0402376 0.0688192 0.0625011 0.0040238 0.0875944 0.0389465 0.0508877 0.0544210 0.0517156 0.0492896 0.0498157 0.0556111 0.0731056 0.0432051 0.0572144 0.0627641 0.0454574 0.0613583 0.0545242 0.0511018 0.0522685 0.0479778 0.0951303 0.0255195 0.0467224 0.0579320 0.0481264 
S0427         0.1583655 0.0605770 0.0706910 0.0886422 0.0921048 0.0527237 0.0971809 0.0801116 0.0676583 0.0784193 0.0774527 0.0950651 0.0984020 0.0879414 0.0985044 0.1041254 0.0842881 0.0739924 0.0932193 0.1185775 0.0402418 0.0510953 0.0588240 0.0900447 0.0568032 0.0878192 0.0610023 0.0000000 0.0986159 0.0960270 0.0790570 0.0864460 0.0659989 0.1005699 0.1147663 0.0867594 0.0609747 0.0644847 0.0965863 0.0677498 0.0677126 0.0497114 0.0684427 0.0973218 0.1220643 0.0742148 0.0990041 0.0588041 0.0731865 0.0657005 0.0526343 0.0640914 0.0763533 0.0808893 0.0719334 0.0728479 0.0859039 0.0711982 0.0648913 0.0690690 0.0908589 0.0773007 0.0788974 0.0869614 0.0924845 0.0668199 0.1331786 0.1253810 0.0904424 0.1050538 0.0792548 0.0773462 0.1166025 0.0698476 0.1144058 0.0756662 0.0952767 0.0939410 0.0719828 0.0743106 0.1386456 0.0480010 0.0653243 0.0648383 0.0880615 0.0678209 0.0693232 0.1204755 0.0587955 0.0879423 0.0856086 0.1031735 0.1061812 0.0464976 0.0950776 0.0793878 0.0743996 0.0576694 0.0574487 0.0713980 0.0760623 0.0546978 0.0530191 0.0691029 0.0644004 0.0848166 0.0654682 0.0657714 0.1121850 0.0831123 0.0712273 0.0514949 0.1026889 0.0689139 0.0797937 0.0573916 0.0940603 0.0465040 0.0825788 0.0673182 0.0518125 0.0846849 0.0761380 0.0662656 0.0754639 0.0708106 0.1191216 0.0600533 0.0765178 0.0290610 0.0710295 
S0428sl       0.2203205 0.0983337 0.0740574 0.0566455 0.1037057 0.0898868 0.1069483 0.0383880 0.0838936 0.0804345 0.1134855 0.0539456 0.1132370 0.1073508 0.0506920 0.1157669 0.0429723 0.1030975 0.1187186 0.1198296 0.0888777 0.0982363 0.0920003 0.0473532 0.1039062 0.0488934 0.0757583 0.0986159 0.0000000 0.1162358 0.0522147 0.0976079 0.1081267 0.1255732 0.1032997 0.0471147 0.0992150 0.0703892 0.0562215 0.0791338 0.1001677 0.0939420 0.0917267 0.1075845 0.1311356 0.1055816 0.1180775 0.0899771 0.0758946 0.0772445 0.0918189 0.0733735 0.0777826 0.0900855 0.0890498 0.0840139 0.1076596 0.0727397 0.0725430 0.0877180 0.1213453 0.0944984 0.0898860 0.1002648 0.1317673 0.0897626 0.1427820 0.1373503 0.1265308 0.1337430 0.0805728 0.0758307 0.1144062 0.0803244 0.1239025 0.0882895 0.1221400 0.1181267 0.1034317 0.0977871 0.1467427 0.0937940 0.1005702 0.0886758 0.0416608 0.0732072 0.0788064 0.1226867 0.0650817 0.0505986 0.1089076 0.0975462 0.1074350 0.0836589 0.1033604 0.1077173 0.0896301 0.1009858 0.0963848 0.1135498 0.0980466 0.0863518 0.0579599 0.0917134 0.0839450 0.0428605 0.0899713 0.0773425 0.0630073 0.1096033 0.0772412 0.0945966 0.1305294 0.0914605 0.1013378 0.0936126 0.0558878 0.0776081 0.0953803 0.0969584 0.0806684 0.1148256 0.1100472 0.0793196 0.0919660 0.0879423 0.1379798 0.0861596 0.0929302 0.0943622 0.0879516 
S0430         0.1263736 0.0919346 0.0909814 0.0918846 0.0966733 0.0798944 0.0094912 0.0854942 0.0679833 0.1061579 0.1013719 0.0994600 0.0120280 0.0555789 0.1045062 0.0120780 0.0915973 0.0778976 0.1064780 0.0281286 0.1144979 0.0850926 0.0848453 0.0920228 0.0756841 0.0923226 0.0750127 0.0960270 0.1162358 0.0000000 0.0879122 0.0828368 0.0972947 0.0793593 0.0122262 0.0945059 0.0886180 0.0961334 0.1030232 0.0869252 0.0900794 0.0814503 0.0842729 0.0176121 0.1280267 0.0963231 0.0147881 0.0848408 0.0730655 0.0828937 0.0813872 0.0810720 0.0928911 0.0742796 0.0878173 0.0871679 0.0652150 0.0865141 0.0825702 0.0728681 0.0357257 0.0754358 0.0671651 0.0834268 0.1068284 0.0825794 0.1356675 0.1271522 0.0732631 0.0726582 0.0725565 0.0705799 0.1228051 0.0878831 0.1221484 0.0641304 0.0982636 0.0645223 0.0945751 0.0795082 0.1450079 0.0831612 0.0882276 0.0664342 0.0920968 0.0863230 0.0845440 0.0227278 0.0704500 0.0884066 0.0569506 0.0040332 0.0221559 0.0746184 0.0661706 0.0885770 0.0730045 0.0922842 0.0884601 0.1007771 0.0811845 0.0852496 0.0592982 0.0709623 0.0648544 0.0924466 0.0849651 0.0812925 0.1130206 0.1039355 0.0881329 0.0803599 0.1211713 0.0756897 0.0818356 0.0867093 0.0926029 0.0744296 0.0988993 0.0908474 0.0757028 0.0920209 0.0847757 0.0834393 0.0769279 0.0746452 0.1195725 0.0770448 0.0821446 0.0907082 0.0713731 
