134
PAFTOL_019361 0.0000000 0.2070663 0.1964059 0.2222386 0.2392948 0.2122837 0.2102848 0.2275288 0.2225757 0.2146758 0.2362708 0.2621458 0.2366002 0.2292556 0.2348677 0.2310332 0.2259107 0.2402956 0.2183923 0.2337150 0.2108146 0.2065232 0.2196311 0.2197804 0.2237443 0.2167485 0.1954306 0.2107264 0.2074790 0.2258363 0.2187056 0.2199860 0.2335549 0.2594301 0.2336889 0.2011142 0.2181036 0.2110998 0.2290842 0.2042251 0.2273723 0.2125851 0.2037963 0.2103431 0.2313987 0.2484332 0.2295602 0.2352351 0.2190608 0.2133983 0.1982291 0.2113031 0.1941880 0.1963389 0.2461815 0.2157071 0.2095838 0.2363377 0.2228561 0.2090897 0.2011242 0.2052336 0.2210552 0.2190528 0.2203938 0.2215903 0.2141635 0.2360297 0.2305214 0.2243115 0.2170685 0.2349896 0.2552789 0.2276851 0.2316734 0.2375867 0.1958688 0.2404873 0.1971124 0.2351572 0.2152049 0.2312209 0.2122357 0.2211715 0.2319686 0.2111245 0.2254261 0.2107996 0.2179575 0.2153197 0.2200540 0.2317198 0.2209461 0.2333963 0.2415023 0.2270308 0.2265806 0.2165369 0.2317336 0.2296399 0.2226407 0.2125484 0.1980819 0.2131171 0.2302162 0.2004896 0.1981321 0.2199213 0.2195249 0.2287033 0.2181343 0.2005462 0.2200071 0.2296625 0.2237514 0.2027826 0.2322605 0.2151270 0.2181051 0.2366503 0.2036467 0.2325154 0.1895446 0.2118219 0.2335469 0.2485576 0.2311923 0.2247628 0.1975248 0.2322366 0.1962160 0.2186008 0.2100396 0.2014252 
S0055         0.2070663 0.0000000 0.0725159 0.1112540 0.1092757 0.0681197 0.1043365 0.1033671 0.0803296 0.0704643 0.0879932 0.1452122 0.1137845 0.1112689 0.1126500 0.1107663 0.0959271 0.1012611 0.0929210 0.1188626 0.0756371 0.0651022 0.0731134 0.1002160 0.0788771 0.0918219 0.0673668 0.0727298 0.0917035 0.1094638 0.0877789 0.0866297 0.0868996 0.1285667 0.1100951 0.0909149 0.0762436 0.0623961 0.1087281 0.0773164 0.1095819 0.0702391 0.0667402 0.0901306 0.1109031 0.1674000 0.0811277 0.1126574 0.0699513 0.0778000 0.0710301 0.0683363 0.0674437 0.0686398 0.1093845 0.0946410 0.0863182 0.1128348 0.0996973 0.0822646 0.0699278 0.0998768 0.1005301 0.0847102 0.0829983 0.0903782 0.0843441 0.1155031 0.1049579 0.1423190 0.0858841 0.1144022 0.1283499 0.1040131 0.1031287 0.1620513 0.0686921 0.1597945 0.0701052 0.0965351 0.0863593 0.1125271 0.0653272 0.0877015 0.1559247 0.0658471 0.0771185 0.0719493 0.0953333 0.0947359 0.0993117 0.1097013 0.0924227 0.1151335 0.1152688 0.1097151 0.1087399 0.0694096 0.1142161 0.0976274 0.0777228 0.0691213 0.0589619 0.0425126 0.0953401 0.0566555 0.0767405 0.0842519 0.0828525 0.1186221 0.0710286 0.0735588 0.1003458 0.1043810 0.1044670 0.0610459 0.0963870 0.0790588 0.0747397 0.1052139 0.0610846 0.1120995 0.0579319 0.0634248 0.0985689 0.1021831 0.1078720 0.0845646 0.0677185 0.1028774 0.0715462 0.0808557 0.0697346 0.0665055 
S0196sl       0.1964059 0.0725159 0.0000000 0.1015980 0.0702215 0.0710485 0.0966175 0.0923765 0.0777058 0.0730488 0.0890520 0.1354118 0.1034968 0.0975726 0.1034768 0.1016431 0.0921456 0.0943557 0.0851263 0.1087884 0.0765218 0.0694080 0.0766714 0.0915999 0.0860265 0.0826813 0.0213809 0.0772192 0.0811525 0.1009198 0.0832259 0.0789219 0.0918167 0.1239931 0.1000009 0.0811581 0.0781387 0.0695914 0.0994855 0.0677981 0.0951579 0.0778210 0.0677470 0.0451517 0.1012197 0.1570331 0.0877172 0.1043986 0.0716150 0.0715596 0.0257710 0.0685238 0.0213724 0.0225252 0.1062112 0.0459837 0.0741974 0.1069648 0.0869684 0.0724291 0.0583313 0.0913046 0.0915081 0.0763590 0.0768656 0.0816926 0.0763449 0.1149146 0.0635303 0.1326624 0.0757541 0.1041900 0.1231764 0.0963041 0.0972467 0.1524241 0.0217449 0.1479598 0.0688530 0.0915035 0.0736425 0.1031924 0.0734441 0.0815886 0.1435340 0.0687458 0.0859177 0.0622150 0.0845564 0.0835245 0.0895760 0.1015721 0.0821016 0.1013838 0.1050506 0.0984327 0.0974904 0.0718746 0.1030480 0.0902040 0.0744469 0.0702052 0.0602155 0.0834847 0.0895484 0.0669876 0.0614994 0.0767069 0.0775059 0.1068882 0.0788188 0.0262536 0.0891248 0.0630371 0.0914085 0.0652971 0.0881172 0.0715872 0.0801830 0.0934769 0.0654772 0.0963407 0.0626516 0.0697792 0.0910160 0.0934572 0.0975018 0.0747934 0.0570648 0.0948077 0.0395008 0.0709626 0.0714550 0.0599989 
S0278         0.2222386 0.1112540 0.1015980 0.0000000 0.1308173 0.1017157 0.1239402 0.0546863 0.1196539 0.1075545 0.1258375 0.0623213 0.1348236 0.1268318 0.0557091 0.1280648 0.0646295 0.1306478 0.1317947 0.1338418 0.1112141 0.1024029 0.1097298 0.0512591 0.1189835 0.0508980 0.0938722 0.1115955 0.0555745 0.1247457 0.0748594 0.1116771 0.1205116 0.1471452 0.1288201 0.0343534 0.1092631 0.1052835 0.0566693 0.0641852 0.0930593 0.1101232 0.1013248 0.1183751 0.1305139 0.1787645 0.1248689 0.1312596 0.1082870 0.1070055 0.0997168 0.1054498 0.0932798 0.0971012 0.1409408 0.1215363 0.0735554 0.1397580 0.0876880 0.0740399 0.1038950 0.0530731 0.1190359 0.1087468 0.1125612 0.1121452 0.1089378 0.1503125 0.1280061 0.1670428 0.1112832 0.1348357 0.1487251 0.1228939 0.1282524 0.1798460 0.0956030 0.1738595 0.0778456 0.1287224 0.1169263 0.1350526 0.1085463 0.1271714 0.1670124 0.1000819 0.1231531 0.1055391 0.0505447 0.0788674 0.0844125 0.1294980 0.0771926 0.0493526 0.1375329 0.1236581 0.1267357 0.1082481 0.1373855 0.1377965 0.1133725 0.1037867 0.0942173 0.1185294 0.1271529 0.0989086 0.0636449 0.1221023 0.1156307 0.0531209 0.1144138 0.1009308 0.0469240 0.1273745 0.0902397 0.1006502 0.1263572 0.1112853 0.1139861 0.0596640 0.0974357 0.0963927 0.0978845 0.1047130 0.1354334 0.1386845 0.0973626 0.1135745 0.1029941 0.1326278 0.0979411 0.1126886 0.1036852 0.1044278 
S0281         0.2392948 0.1092757 0.0702215 0.1308173 0.0000000 0.1024938 0.1223689 0.1211563 0.1084183 0.1055722 0.1211365 0.1550591 0.1308871 0.1278582 0.1291556 0.1285649 0.1296518 0.1258236 0.1166697 0.1329102 0.1120145 0.1041231 0.1108279 0.1222792 0.1247992 0.1155969 0.0654314 0.1137154 0.1153861 0.1212056 0.1166783 0.1115446 0.1278931 0.1476065 0.1242087 0.1078612 0.1091618 0.1022719 0.1316880 0.0980485 0.1301796 0.1106288 0.1020045 0.0695759 0.1276531 0.1843795 0.1193189 0.1316516 0.1078864 0.1023420 0.0708077 0.1055953 0.0649157 0.0675174 0.1377043 0.0745810 0.1097622 0.1393832 0.1225443 0.1046240 0.0989955 0.1227155 0.1174810 0.1046700 0.1056189 0.1133098 0.1077930 0.1390683 0.0719347 0.1622827 0.1122178 0.1383976 0.1429347 0.1256106 0.1275193 0.1875921 0.0666728 0.1808856 0.1030153 0.1179537 0.1113255 0.1376451 0.1054796 0.1151567 0.1755454 0.1033736 0.1187582 0.1048197 0.1190044 0.1190924 0.1225429 0.1277356 0.1162953 0.1304606 0.1363299 0.1205954 0.1208050 0.1061999 0.1360494 0.1225706 0.1066680 0.1075123 0.0940899 0.1203374 0.1206901 0.0958705 0.0965034 0.1075581 0.1075723 0.1377893 0.1128706 0.0710130 0.1254788 0.0714250 0.1275889 0.0998364 0.1202944 0.1017658 0.1119994 0.1238825 0.0993459 0.1361349 0.0999975 0.1070358 0.1215600 0.1270010 0.1358909 0.1080746 0.0965627 0.1303427 0.0735479 0.1032889 0.1080511 0.0981305 
S0282         0.2122837 0.0681197 0.0710485 0.1017157 0.1024938 0.0000000 0.0998820 0.0970351 0.0807100 0.0199330 0.0897633 0.1283307 0.1094365 0.1058019 0.1029028 0.1075452 0.0981242 0.1008012 0.0941941 0.1118439 0.0727814 0.0146895 0.0265252 0.0894365 0.0781422 0.0861323 0.0645753 0.0736136 0.0846493 0.1048486 0.0877329 0.0829186 0.0887951 0.1260557 0.1087860 0.0810877 0.0384973 0.0198827 0.1041243 0.0720391 0.1065504 0.0678922 0.0163046 0.0823769 0.1081271 0.1563036 0.0790631 0.1083657 0.0243836 0.0740319 0.0681110 0.0182222 0.0640990 0.0666642 0.1111353 0.0851670 0.0839279 0.1083435 0.0946683 0.0790659 0.0652880 0.0975301 0.0957224 0.0795031 0.0809192 0.0846109 0.0784143 0.1212904 0.0975905 0.1362157 0.0789125 0.1105776 0.1247883 0.1016879 0.1021208 0.1614001 0.0658200 0.1522904 0.0803454 0.0946702 0.0817796 0.1096079 0.0489805 0.0917981 0.1460825 0.0166846 0.0654331 0.0718138 0.0910463 0.0901929 0.0959018 0.1060353 0.0918699 0.1068055 0.1112069 0.1033881 0.1019375 0.0239228 0.1077135 0.1004354 0.0779025 0.0190967 0.0197948 0.0735713 0.0956237 0.0420335 0.0689506 0.0830565 0.0806056 0.1063631 0.0566697 0.0682752 0.0944201 0.0970269 0.1012873 0.0112089 0.0893910 0.0771265 0.0310218 0.1027232 0.0301165 0.1101117 0.0349839 0.0614525 0.0980929 0.0981575 0.1105644 0.0817464 0.0631201 0.1033565 0.0671715 0.0788838 0.0659840 0.0638076 
S0288         0.2102848 0.1043365 0.0966175 0.1239402 0.1223689 0.0998820 0.0000000 0.1210802 0.1155874 0.1037895 0.1150257 0.1519325 0.0263383 0.0645622 0.1291672 0.0260363 0.1203063 0.1165964 0.1192039 0.0271128 0.1087580 0.0972039 0.1090252 0.1168739 0.1080511 0.1105596 0.0912577 0.1128090 0.1099926 0.0099781 0.1159689 0.1148226 0.1171002 0.1122406 0.0281159 0.1096921 0.1096481 0.0996164 0.1305738 0.0988711 0.1316168 0.1005855 0.0990375 0.1103182 0.0198334 0.1903616 0.1129886 0.0291278 0.1068981 0.1085376 0.0983089 0.0995759 0.0913667 0.0928954 0.1402596 0.1117170 0.1096589 0.1012473 0.1199673 0.1003927 0.0991896 0.1156298 0.0409176 0.1095086 0.1108775 0.1191400 0.1132472 0.1250642 0.1107786 0.1669765 0.1121799 0.1003304 0.1075105 0.1222897 0.1280255 0.1871562 0.0916673 0.1773588 0.1024758 0.1298363 0.1121682 0.0998970 0.1008945 0.1174690 0.1708650 0.1017408 0.1104721 0.1033372 0.1157743 0.1134521 0.1167123 0.0233098 0.1098541 0.1272323 0.1009029 0.0095756 0.0096126 0.1052289 0.0967318 0.1232309 0.1090094 0.1037547 0.0912478 0.1132722 0.1256202 0.0961929 0.0980161 0.1143112 0.1112191 0.1379063 0.1012103 0.0974425 0.1199508 0.1112607 0.1249558 0.0959861 0.1266178 0.1037760 0.1083116 0.1253131 0.0991076 0.1296983 0.0856636 0.0960382 0.1190514 0.1193420 0.1291383 0.1071427 0.0975410 0.1339322 0.0952733 0.1045843 0.1040973 0.1011459 
S0289         0.2275288 0.1033671 0.0923765 0.0546863 0.1211563 0.0970351 0.1210802 0.0000000 0.1114599 0.1038216 0.1180448 0.0775109 0.1328565 0.1281676 0.0511640 0.1245893 0.0524041 0.1257608 0.1201676 0.1344258 0.1053108 0.0957418 0.1033947 0.0460451 0.1107838 0.0430709 0.0859028 0.1087318 0.0480309 0.1253094 0.0702634 0.1074447 0.1105383 0.1423836 0.1244507 0.0340061 0.1007492 0.0995014 0.0582781 0.0605914 0.0878541 0.1060043 0.0945723 0.1090727 0.1278610 0.1721879 0.1142899 0.1293551 0.1029238 0.1050246 0.0901438 0.0997565 0.0857438 0.0885444 0.1346361 0.1115725 0.0647209 0.1316007 0.0804750 0.0723433 0.0905857 0.0466351 0.1150040 0.1077693 0.1078868 0.1089952 0.1063667 0.1404496 0.1189874 0.1579049 0.1116064 0.1292108 0.1439915 0.1230904 0.1253297 0.1717819 0.0872062 0.1673065 0.0734738 0.1234258 0.1081863 0.1270394 0.1033323 0.1190192 0.1602163 0.0990772 0.1154288 0.0996930 0.0423053 0.0727488 0.0802422 0.1272078 0.0708546 0.0499437 0.1335545 0.1219903 0.1235672 0.1046594 0.1308871 0.1277039 0.1064859 0.1022092 0.0895034 0.1139099 0.1198651 0.0935775 0.0577765 0.1116140 0.1095161 0.0506420 0.1057114 0.0922900 0.0449114 0.1194007 0.0811566 0.0954238 0.1168569 0.1047040 0.1065104 0.0499141 0.0933867 0.0897655 0.0845642 0.0992300 0.1194515 0.1259889 0.0921868 0.1079289 0.0896777 0.1222282 0.0918346 0.1040977 0.0990452 0.0890597 
S0292         0.2225757 0.0803296 0.0777058 0.1196539 0.1084183 0.0807100 0.1155874 0.1114599 0.0000000 0.0841980 0.1013778 0.1491681 0.1263441 0.1180614 0.1178707 0.1225872 0.1086307 0.0993405 0.0860331 0.1301835 0.0858828 0.0766342 0.0849769 0.1057085 0.0982171 0.1002636 0.0725469 0.0831241 0.0992462 0.1202604 0.1024400 0.0892368 0.1008011 0.1349790 0.1217396 0.1019353 0.0898662 0.0776783 0.1162003 0.0818872 0.1128424 0.0840809 0.0768047 0.0954263 0.1236938 0.1822952 0.0993716 0.1235016 0.0827232 0.0791992 0.0751839 0.0813317 0.0730129 0.0737712 0.1113305 0.0978420 0.0911354 0.1218709 0.1039231 0.0935167 0.0697881 0.1065329 0.1110570 0.0882407 0.0840218 0.0905307 0.0849089 0.1353577 0.1077305 0.1541031 0.0869483 0.1276857 0.1407460 0.1066467 0.1096950 0.1772897 0.0733834 0.1728060 0.0832683 0.0969235 0.0816291 0.1267108 0.0812002 0.0440051 0.1677258 0.0796557 0.0949059 0.0716405 0.1038397 0.0991970 0.1044578 0.1227759 0.0988022 0.1206997 0.1196079 0.1184508 0.1178082 0.0829400 0.1181103 0.0949298 0.0162602 0.0820857 0.0710074 0.0908345 0.0431838 0.0762378 0.0827963 0.0213023 0.0170034 0.1205889 0.0875281 0.0787862 0.1038142 0.1071449 0.1084795 0.0743142 0.0454405 0.0762373 0.0855899 0.1116946 0.0757146 0.1182753 0.0797251 0.0792375 0.0945217 0.0967669 0.1164718 0.0878762 0.0680755 0.1084695 0.0756897 0.0776496 0.0758735 0.0681179 
S0293         0.2146758 0.0704643 0.0730488 0.1075545 0.1055722 0.0199330 0.1037895 0.1038216 0.0841980 0.0000000 0.0924117 0.1369850 0.1150526 0.1080501 0.1083621 0.1119979 0.1032052 0.1034117 0.0967356 0.1173684 0.0743562 0.0190640 0.0307242 0.0958302 0.0826037 0.0941017 0.0674864 0.0764937 0.0896277 0.1102565 0.0941032 0.0871587 0.0899602 0.1312682 0.1134773 0.0847193 0.0406276 0.0239541 0.1108517 0.0777823 0.1080661 0.0699270 0.0203330 0.0864810 0.1115610 0.1566954 0.0835337 0.1138451 0.0285228 0.0778139 0.0715126 0.0222602 0.0674625 0.0700470 0.1138626 0.0904067 0.0889565 0.1155870 0.0977594 0.0820167 0.0686032 0.1024697 0.1008698 0.0842037 0.0841746 0.0903738 0.0826423 0.1174483 0.0993198 0.1370788 0.0840053 0.1162300 0.1303951 0.1046932 0.1051720 0.1627115 0.0691966 0.1543757 0.0819298 0.0985670 0.0843087 0.1142550 0.0512311 0.0949060 0.1475801 0.0195119 0.0673742 0.0742357 0.0971688 0.0932691 0.0995019 0.1104678 0.0949341 0.1133099 0.1166866 0.1087565 0.1068403 0.0280420 0.1145088 0.1024329 0.0824477 0.0211428 0.0239150 0.0755337 0.0977947 0.0443513 0.0737896 0.0860667 0.0845654 0.1139222 0.0607851 0.0731457 0.1030501 0.0987519 0.1034335 0.0151825 0.0934986 0.0805658 0.0344121 0.1106160 0.0318398 0.1143119 0.0357439 0.0651864 0.1002401 0.0982542 0.1123333 0.0862263 0.0664195 0.1059964 0.0696082 0.0823344 0.0697671 0.0666349 
S0294         0.2362708 0.0879932 0.0890520 0.1258375 0.1211365 0.0897633 0.1150257 0.1180448 0.1013778 0.0924117 0.0000000 0.1504444 0.1254739 0.1256585 0.1269794 0.1223927 0.1243701 0.1204855 0.1123557 0.1325790 0.0864250 0.0866311 0.0944948 0.1170254 0.0841855 0.1118011 0.0864413 0.0854379 0.1096995 0.1209660 0.1121691 0.1103793 0.0885173 0.1453998 0.1185734 0.1036033 0.0950143 0.0862764 0.1280247 0.0949908 0.1299257 0.0786663 0.0862421 0.1042927 0.1230443 0.1797098 0.0841600 0.1244109 0.0914166 0.1004516 0.0902305 0.0894073 0.0868982 0.0881416 0.1346722 0.1062506 0.1016156 0.1250531 0.1182868 0.1039690 0.0866432 0.1147321 0.1133005 0.1047830 0.1021875 0.1118130 0.1053742 0.0844411 0.1132440 0.1624334 0.1098587 0.1236594 0.1474721 0.1199002 0.1227700 0.1816783 0.0862753 0.1768730 0.0959848 0.1164848 0.1024414 0.1242191 0.0915461 0.1099593 0.1714737 0.0876718 0.1037474 0.0933845 0.1155015 0.1131841 0.1173840 0.1219521 0.1094619 0.1248722 0.1300487 0.1183044 0.1195070 0.0917123 0.1230767 0.1219710 0.0980789 0.0887021 0.0768778 0.1011630 0.1168426 0.0793583 0.0927414 0.1048152 0.0992919 0.1314431 0.0956550 0.0934402 0.1210909 0.1126129 0.1228000 0.0821178 0.1142137 0.0972702 0.0945635 0.1210357 0.0820987 0.1261149 0.0790469 0.0690168 0.1200755 0.1204115 0.1265450 0.1067627 0.0852814 0.1262729 0.0921236 0.0982102 0.0826663 0.0875441 
S0299         0.2621458 0.1452122 0.1354118 0.0623213 0.1550591 0.1283307 0.1519325 0.0775109 0.1491681 0.1369850 0.1504444 0.0000000 0.1618854 0.1558582 0.0775495 0.1552833 0.0890717 0.1598805 0.1576854 0.1626181 0.1397406 0.1307218 0.1382155 0.0804574 0.1519554 0.0811247 0.1273150 0.1431480 0.0839573 0.1506445 0.1005049 0.1505386 0.1480193 0.1797017 0.1584415 0.0560140 0.1382759 0.1325705 0.0791781 0.0889232 0.1213911 0.1405643 0.1292313 0.1505283 0.1587089 0.1984499 0.1522712 0.1586377 0.1405165 0.1451217 0.1335648 0.1356684 0.1272274 0.1296211 0.1739721 0.1521314 0.0974440 0.1641689 0.1138299 0.0963499 0.1332530 0.0750745 0.1467890 0.1475113 0.1452234 0.1522595 0.1488446 0.1601894 0.1567175 0.1888363 0.1428826 0.1571173 0.1721818 0.1565126 0.1602163 0.1932567 0.1297811 0.1873321 0.1014414 0.1618592 0.1478203 0.1593539 0.1378344 0.1604210 0.1802172 0.1294077 0.1554658 0.1324245 0.0801337 0.1060870 0.1141716 0.1571010 0.1030921 0.0710970 0.1642576 0.1505338 0.1520791 0.1367726 0.1619276 0.1677732 0.1407671 0.1346517 0.1199217 0.1500050 0.1625650 0.1307564 0.0896433 0.1501561 0.1451779 0.0704045 0.1454125 0.1329140 0.0701254 0.1560241 0.1166753 0.1295819 0.1538443 0.1439936 0.1456448 0.0832511 0.1255524 0.1216540 0.1255252 0.1329761 0.1645298 0.1650504 0.1254383 0.1456767 0.1322866 0.1502890 0.1317789 0.1413430 0.1342133 0.1317346 
S0303         0.2366002 0.1137845 0.1034968 0.1348236 0.1308871 0.1094365 0.0263383 0.1328565 0.1263441 0.1150526 0.1254739 0.1618854 0.0000000 0.0665644 0.1407442 0.0168583 0.1354028 0.1319040 0.1296304 0.0300820 0.1129378 0.1113719 0.1176106 0.1284683 0.1192124 0.1272703 0.1004263 0.1152530 0.1216961 0.0254444 0.1238379 0.1226531 0.1291361 0.1082771 0.0212315 0.1248489 0.1183821 0.1075026 0.1406226 0.1099791 0.1426228 0.1163743 0.1090126 0.1162276 0.0196756 0.1905737 0.1233801 0.0189050 0.1171820 0.1171814 0.1069493 0.1106791 0.1007897 0.1042482 0.1465901 0.1145929 0.1200755 0.0978442 0.1305614 0.1115768 0.1098880 0.1331817 0.0424973 0.1189704 0.1173896 0.1264560 0.1238299 0.1376898 0.1156658 0.1704326 0.1229205 0.1007281 0.1092668 0.1306087 0.1337561 0.1892079 0.1016759 0.1794081 0.1197957 0.1351985 0.1213757 0.0988263 0.1104571 0.1354972 0.1742272 0.1126328 0.1245560 0.1140338 0.1283785 0.1243439 0.1287584 0.0173970 0.1192266 0.1403941 0.0960866 0.0235021 0.0219328 0.1141083 0.0939262 0.1346739 0.1203861 0.1138173 0.1030245 0.1256545 0.1344080 0.1053172 0.1039448 0.1246070 0.1236089 0.1506919 0.1164461 0.1073424 0.1306961 0.1160767 0.1325901 0.1052989 0.1360851 0.1144236 0.1191469 0.1367205 0.1067748 0.1413417 0.1087161 0.1091805 0.1336819 0.1316602 0.1418424 0.1159659 0.1064994 0.1372662 0.1026682 0.1132460 0.1082096 0.1100180 
S0308         0.2292556 0.1112689 0.0975726 0.1268318 0.1278582 0.1058019 0.0645622 0.1281676 0.1180614 0.1080501 0.1256585 0.1558582 0.0665644 0.0000000 0.1324358 0.0639678 0.1292247 0.1258427 0.1190228 0.0680969 0.1088011 0.1040065 0.1126992 0.1213984 0.1140397 0.1208887 0.0961739 0.1102600 0.1171150 0.0615548 0.1169951 0.1148688 0.1242608 0.1044281 0.0656732 0.1158379 0.1160849 0.1019030 0.1314504 0.1062420 0.1401117 0.1102707 0.1036812 0.1147829 0.0633928 0.1828208 0.1165945 0.0658996 0.1106268 0.1073017 0.1031221 0.1053348 0.0981888 0.1014261 0.1391291 0.1110438 0.1191805 0.0861984 0.1298666 0.1142909 0.1034858 0.1244467 0.0536086 0.1132771 0.1116809 0.1174407 0.1151231 0.1372343 0.1141059 0.1624348 0.1194495 0.0846390 0.1008058 0.1275313 0.1318296 0.1846829 0.1005237 0.1738028 0.1067041 0.1283839 0.1138066 0.0827452 0.1076523 0.1260166 0.1688282 0.1052289 0.1164157 0.1073386 0.1235953 0.1230257 0.1274175 0.0627137 0.1222137 0.1338390 0.0937305 0.0596149 0.0588488 0.1091524 0.0804110 0.1280104 0.1154489 0.1067899 0.0976206 0.1221447 0.1287398 0.0995131 0.1019168 0.1205163 0.1174063 0.1375647 0.1114571 0.1049303 0.1232763 0.1133616 0.1314380 0.0968931 0.1292320 0.1110408 0.1106245 0.1319694 0.0990465 0.1423467 0.0941548 0.1042733 0.1261388 0.1277108 0.1409160 0.1078868 0.1016320 0.1357330 0.0975903 0.1098414 0.1029918 0.1030595 
S0320         0.2348677 0.1126500 0.1034768 0.0557091 0.1291556 0.1029028 0.1291672 0.0511640 0.1178707 0.1083621 0.1269794 0.0775495 0.1407442 0.1324358 0.0000000 0.1372997 0.0643692 0.1326873 0.1292458 0.1451407 0.1132946 0.1037073 0.1105511 0.0511136 0.1195399 0.0503106 0.0933928 0.1146398 0.0556965 0.1353465 0.0723320 0.1169053 0.1180687 0.1526091 0.1364013 0.0393478 0.1093724 0.1060707 0.0633670 0.0641509 0.0926536 0.1075175 0.1012242 0.1185161 0.1390245 0.1816387 0.1224168 0.1394798 0.1101087 0.1090621 0.0986537 0.1057255 0.0926759 0.0960472 0.1439294 0.1205408 0.0724491 0.1382449 0.0854038 0.0758603 0.1043619 0.0458899 0.1239219 0.1137758 0.1136966 0.1178609 0.1153138 0.1471264 0.1269492 0.1674805 0.1137595 0.1350946 0.1491957 0.1293303 0.1307020 0.1810391 0.0956674 0.1726056 0.0734636 0.1350594 0.1145909 0.1358680 0.1120397 0.1237744 0.1656222 0.1041574 0.1230945 0.1027769 0.0481199 0.0790862 0.0861555 0.1380601 0.0771937 0.0518597 0.1439309 0.1338595 0.1329230 0.1107245 0.1353815 0.1386056 0.1116194 0.1078282 0.0960002 0.1196315 0.1282128 0.1019767 0.0652119 0.1215969 0.1152150 0.0501565 0.1132528 0.1003655 0.0507755 0.1263218 0.0874877 0.0998094 0.1248244 0.1105088 0.1152677 0.0595000 0.0989878 0.1029173 0.0888121 0.1073886 0.1356799 0.1364705 0.0953893 0.1146347 0.1019810 0.1298568 0.0964449 0.1104117 0.1060866 0.0995538 
S0322         0.2310332 0.1107663 0.1016431 0.1280648 0.1285649 0.1075452 0.0260363 0.1245893 0.1225872 0.1119979 0.1223927 0.1552833 0.0168583 0.0639678 0.1372997 0.0000000 0.1297614 0.1307961 0.1256246 0.0260346 0.1094535 0.1083944 0.1151427 0.1246671 0.1149218 0.1229841 0.0984650 0.1142588 0.1163869 0.0227120 0.1216425 0.1199836 0.1237702 0.1036307 0.0214412 0.1177336 0.1152123 0.1036194 0.1353605 0.1089541 0.1369406 0.1117244 0.1070845 0.1157666 0.0158926 0.1831633 0.1217768 0.0199549 0.1140895 0.1144489 0.1055116 0.1077176 0.0995074 0.1028520 0.1429128 0.1146959 0.1151521 0.0968823 0.1257729 0.1100527 0.1046252 0.1240591 0.0393894 0.1172592 0.1133375 0.1237119 0.1210600 0.1374174 0.1153424 0.1654210 0.1212714 0.0985985 0.1053355 0.1272808 0.1320667 0.1831876 0.0993489 0.1741355 0.1165456 0.1344315 0.1204354 0.0977374 0.1059001 0.1310041 0.1685976 0.1090212 0.1219870 0.1114976 0.1240962 0.1196516 0.1245385 0.0179931 0.1170771 0.1347368 0.0928561 0.0220016 0.0213120 0.1100854 0.0925824 0.1332076 0.1172412 0.1113040 0.0996879 0.1212727 0.1326012 0.1021892 0.0992743 0.1218659 0.1187819 0.1434086 0.1129301 0.1058944 0.1258199 0.1157492 0.1277325 0.1024136 0.1325914 0.1141984 0.1148168 0.1301737 0.1043826 0.1357141 0.1072134 0.1045838 0.1322214 0.1305794 0.1365639 0.1147965 0.1013120 0.1367386 0.1023722 0.1135171 0.1063255 0.1058212 
S0327         0.2259107 0.0959271 0.0921456 0.0646295 0.1296518 0.0981242 0.1203063 0.0524041 0.1086307 0.1032052 0.1243701 0.0890717 0.1354028 0.1292247 0.0643692 0.1297614 0.0000000 0.1201419 0.1153771 0.1336772 0.1043097 0.0962286 0.1059113 0.0521765 0.1121218 0.0540252 0.0854840 0.1067335 0.0464762 0.1278326 0.0601967 0.1102934 0.1132797 0.1471183 0.1286563 0.0488748 0.1032166 0.0979896 0.0638915 0.0581865 0.0779303 0.1061283 0.0952001 0.1100564 0.1314171 0.1747213 0.1163984 0.1324047 0.1018890 0.1035216 0.0906390 0.1005262 0.0853273 0.0880999 0.1363917 0.1123983 0.0612589 0.1374334 0.0689420 0.0712043 0.0921567 0.0454620 0.1150268 0.1067530 0.1071712 0.1101618 0.1075000 0.1448767 0.1237436 0.1602075 0.1050224 0.1355133 0.1433564 0.1270639 0.1291952 0.1728026 0.0877213 0.1673661 0.0646027 0.1229480 0.1046998 0.1357521 0.1000235 0.1156798 0.1603832 0.0980953 0.1089226 0.0947061 0.0487129 0.0637399 0.0706178 0.1314979 0.0699546 0.0633908 0.1331602 0.1261433 0.1258607 0.1025182 0.1352262 0.1239782 0.1048056 0.1011900 0.0882299 0.1054921 0.1194843 0.0971095 0.0580540 0.1112805 0.1080705 0.0634265 0.1045413 0.0934001 0.0505783 0.1231242 0.0717836 0.0939437 0.1163027 0.1023317 0.1063146 0.0607062 0.0940929 0.0892182 0.0903719 0.0955198 0.1223258 0.1213782 0.0826871 0.1082178 0.0912543 0.1260974 0.0870348 0.1017211 0.0998246 0.0906279 
S0335         0.2402956 0.1012611 0.0943557 0.1306478 0.1258236 0.1008012 0.1165964 0.1257608 0.0993405 0.1034117 0.1204855 0.1598805 0.1319040 0.1258427 0.1326873 0.1307961 0.1201419 0.0000000 0.0627365 0.1335055 0.1005228 0.0974140 0.1060614 0.1229695 0.1106985 0.1179243 0.0881299 0.1005686 0.1115353 0.1284811 0.1134771 0.1030209 0.1137149 0.1492547 0.1289419 0.1090012 0.1104414 0.0991677 0.1292332 0.0975018 0.1250868 0.1076787 0.0957543 0.1106449 0.1303246 0.1978677 0.1087567 0.1294801 0.1045706 0.0928051 0.0953146 0.1007485 0.0905071 0.0927146 0.1214508 0.1151474 0.1099486 0.1351451 0.1167486 0.1054691 0.0841606 0.1261045 0.1165922 0.0974532 0.0935368 0.1034988 0.1001365 0.1516085 0.1249896 0.1709141 0.1030204 0.1347162 0.1541402 0.1117446 0.1148934 0.1927416 0.0913341 0.1866845 0.1009001 0.1058865 0.0738910 0.1359420 0.0981752 0.1063779 0.1815799 0.0985300 0.1134633 0.0871087 0.1140429 0.1116629 0.1169420 0.1296030 0.1110005 0.1298291 0.1346773 0.1252847 0.1255082 0.1047225 0.1335980 0.0650553 0.0965718 0.1001920 0.0912796 0.1137622 0.1103374 0.0980933 0.0956890 0.1013832 0.0998611 0.1363725 0.1078371 0.0975607 0.1205497 0.1248621 0.1206358 0.0945366 0.1115301 0.0583386 0.1087074 0.1294606 0.0955047 0.1310115 0.0934693 0.0982721 0.0652641 0.0319373 0.1245829 0.0985588 0.0841890 0.1295001 0.0932527 0.0569171 0.0977844 0.0860357 
S0345         0.2183923 0.0929210 0.0851263 0.1317947 0.1166697 0.0941941 0.1192039 0.1201676 0.0860331 0.0967356 0.1123557 0.1576854 0.1296304 0.1190228 0.1292458 0.1256246 0.1153771 0.0627365 0.0000000 0.1299172 0.0960571 0.0891515 0.1011747 0.1167092 0.1067028 0.1130157 0.0799898 0.0990541 0.1083966 0.1207709 0.1103681 0.0986745 0.1133748 0.1435710 0.1260843 0.1109093 0.1024215 0.0930011 0.1261753 0.0946805 0.1266226 0.0957587 0.0928067 0.1007021 0.1261842 0.1859513 0.1048121 0.1270354 0.0980221 0.0866702 0.0874232 0.0924588 0.0815059 0.0837809 0.1182743 0.1044690 0.1045004 0.1300528 0.1178635 0.0978147 0.0806435 0.1184364 0.1114664 0.0935572 0.0938359 0.1019111 0.0930171 0.1410720 0.1136813 0.1632338 0.0947854 0.1259807 0.1490943 0.1069803 0.1109958 0.1763637 0.0829037 0.1730677 0.0945180 0.1048655 0.0722043 0.1249188 0.0929955 0.0975072 0.1689011 0.0934920 0.1096189 0.0766378 0.1140689 0.1124045 0.1168650 0.1268203 0.1061457 0.1292632 0.1322263 0.1197470 0.1198962 0.0986954 0.1295955 0.0362610 0.0830525 0.0945448 0.0831888 0.1060126 0.1018059 0.0876352 0.0933777 0.0886878 0.0875322 0.1313824 0.1053248 0.0892359 0.1174416 0.1135614 0.1200355 0.0867532 0.1023962 0.0587545 0.1021338 0.1266523 0.0867206 0.1285020 0.0824277 0.0902745 0.0354282 0.0589282 0.1225029 0.0926984 0.0787148 0.1214092 0.0849167 0.0559983 0.0941614 0.0810979 
S0355         0.2337150 0.1188626 0.1087884 0.1338418 0.1329102 0.1118439 0.0271128 0.1344258 0.1301835 0.1173684 0.1325790 0.1626181 0.0300820 0.0680969 0.1451407 0.0260346 0.1336772 0.1335055 0.1299172 0.0000000 0.1189870 0.1116718 0.1205475 0.1309375 0.1213451 0.1294885 0.1061833 0.1223345 0.1197254 0.0248213 0.1227166 0.1248399 0.1331650 0.1107959 0.0290076 0.1256509 0.1216678 0.1089095 0.1438717 0.1143012 0.1422200 0.1166390 0.1113538 0.1229346 0.0223630 0.1938870 0.1272379 0.0294629 0.1184432 0.1193719 0.1120417 0.1130048 0.1066095 0.1084876 0.1479532 0.1222846 0.1217058 0.1013379 0.1319119 0.1165785 0.1125895 0.1295699 0.0437510 0.1226362 0.1193280 0.1275533 0.1260564 0.1344581 0.1195475 0.1726514 0.1284234 0.0991360 0.1074730 0.1338419 0.1348421 0.1897604 0.1080780 0.1825624 0.1189628 0.1382284 0.1261365 0.0977242 0.1112372 0.1348451 0.1775297 0.1134417 0.1280794 0.1131364 0.1316068 0.1252450 0.1317389 0.0245998 0.1275155 0.1424649 0.0967880 0.0228808 0.0192818 0.1153878 0.0970099 0.1380994 0.1248232 0.1151017 0.1023719 0.1285496 0.1398469 0.1059266 0.1051301 0.1299279 0.1257630 0.1506397 0.1214911 0.1124502 0.1308009 0.1199545 0.1323440 0.1065404 0.1395669 0.1188880 0.1176243 0.1367904 0.1072704 0.1444812 0.1038647 0.1124541 0.1374717 0.1344926 0.1417673 0.1186063 0.1107204 0.1475582 0.1083566 0.1181947 0.1122322 0.1127322 
S0376         0.2108146 0.0756371 0.0765218 0.1112141 0.1120145 0.0727814 0.1087580 0.1053108 0.0858828 0.0743562 0.0864250 0.1397406 0.1129378 0.1088011 0.1132946 0.1094535 0.1043097 0.1005228 0.0960571 0.1189870 0.0000000 0.0712134 0.0768253 0.1051493 0.0793042 0.0970457 0.0737709 0.0431789 0.0918337 0.1128507 0.0964532 0.0890749 0.0887078 0.1349886 0.1116302 0.0920968 0.0816219 0.0684535 0.1117822 0.0814668 0.1125928 0.0735867 0.0696065 0.0925550 0.1122038 0.1702749 0.0816761 0.1124270 0.0745947 0.0800767 0.0773923 0.0734089 0.0742083 0.0749636 0.1095414 0.0923925 0.0946149 0.1155937 0.1016237 0.0890259 0.0719244 0.1033364 0.1015874 0.0836822 0.0813668 0.0898637 0.0865801 0.1209169 0.1029509 0.1462188 0.0877255 0.1137180 0.1338450 0.1058247 0.1076084 0.1652377 0.0736506 0.1600803 0.0849086 0.0987170 0.0850097 0.1132834 0.0732702 0.0932999 0.1550952 0.0703791 0.0871627 0.0760028 0.0983075 0.0986915 0.1032713 0.1104014 0.0952886 0.1127500 0.1190132 0.1103689 0.1094282 0.0735836 0.1147891 0.1016344 0.0836651 0.0737360 0.0602030 0.0846694 0.1016251 0.0651439 0.0787280 0.0874349 0.0844283 0.1187465 0.0794957 0.0795178 0.1052428 0.1023756 0.1078690 0.0669833 0.1022836 0.0809858 0.0764405 0.1103240 0.0668989 0.1166436 0.0731102 0.0690061 0.1012468 0.1011342 0.1139879 0.0867546 0.0706247 0.1102908 0.0755631 0.0804178 0.0337553 0.0712995 
S0400         0.2065232 0.0651022 0.0694080 0.1024029 0.1041231 0.0146895 0.0972039 0.0957418 0.0766342 0.0190640 0.0866311 0.1307218 0.1113719 0.1040065 0.1037073 0.1083944 0.0962286 0.0974140 0.0891515 0.1116718 0.0712134 0.0000000 0.0236206 0.0900480 0.0760768 0.0873403 0.0639735 0.0716042 0.0823121 0.1046883 0.0888620 0.0826506 0.0876312 0.1258368 0.1086063 0.0803407 0.0361949 0.0174450 0.1025531 0.0702552 0.1034830 0.0658838 0.0127009 0.0832091 0.1079612 0.1525442 0.0784543 0.1076660 0.0214724 0.0738577 0.0674970 0.0181790 0.0634990 0.0660560 0.1098487 0.0865868 0.0811957 0.1099104 0.0917165 0.0763099 0.0637498 0.0970580 0.0935299 0.0792459 0.0804800 0.0853570 0.0782281 0.1153624 0.0972477 0.1321780 0.0771381 0.1105696 0.1238603 0.1003002 0.0997448 0.1555964 0.0652143 0.1479092 0.0768381 0.0927260 0.0777786 0.1090832 0.0462899 0.0885304 0.1417299 0.0150635 0.0642970 0.0701764 0.0927099 0.0877271 0.0934341 0.1068917 0.0904411 0.1070727 0.1092555 0.1037224 0.1017797 0.0218434 0.1091489 0.0956128 0.0769006 0.0174578 0.0173200 0.0724213 0.0924836 0.0405104 0.0671923 0.0805162 0.0790150 0.1065893 0.0547039 0.0690949 0.0956796 0.0966864 0.0987469 0.0111818 0.0882353 0.0745691 0.0297037 0.1033264 0.0275807 0.1075060 0.0362398 0.0598901 0.0928160 0.0938244 0.1069130 0.0810029 0.0620384 0.1026288 0.0665414 0.0762587 0.0640052 0.0622710 
S0405         0.2196311 0.0731134 0.0766714 0.1097298 0.1108279 0.0265252 0.1090252 0.1033947 0.0849769 0.0307242 0.0944948 0.1382155 0.1176106 0.1126992 0.1105511 0.1151427 0.1059113 0.1060614 0.1011747 0.1205475 0.0768253 0.0236206 0.0000000 0.0971286 0.0840866 0.0947240 0.0701822 0.0781158 0.0926134 0.1133503 0.0954569 0.0882201 0.0934081 0.1341519 0.1155419 0.0869076 0.0442779 0.0195454 0.1104909 0.0790803 0.1113215 0.0745826 0.0261280 0.0893067 0.1147023 0.1609514 0.0882151 0.1158516 0.0277668 0.0798631 0.0746996 0.0289068 0.0701380 0.0732122 0.1156884 0.0921529 0.0904587 0.1182903 0.0992582 0.0862246 0.0692013 0.1066830 0.1043144 0.0857630 0.0862550 0.0909118 0.0822833 0.1267047 0.1059060 0.1427493 0.0873239 0.1182133 0.1359638 0.1063416 0.1077719 0.1639933 0.0714277 0.1566168 0.0880472 0.1005781 0.0877608 0.1173755 0.0544894 0.0983160 0.1496812 0.0261132 0.0704244 0.0786572 0.1002282 0.0953002 0.1016571 0.1135432 0.0974522 0.1153840 0.1175752 0.1124001 0.1104361 0.0239943 0.1172269 0.1062765 0.0842680 0.0286148 0.0206948 0.0795630 0.1006436 0.0482961 0.0749565 0.0889088 0.0874027 0.1170460 0.0615135 0.0759035 0.1013671 0.1053231 0.1048219 0.0225160 0.0952046 0.0820318 0.0340464 0.1099922 0.0348688 0.1175769 0.0405190 0.0668949 0.1030543 0.1034127 0.1148877 0.0884959 0.0680169 0.1082858 0.0702620 0.0842759 0.0712892 0.0678114 
S0407sl       0.2197804 0.1002160 0.0915999 0.0512591 0.1222792 0.0894365 0.1168739 0.0460451 0.1057085 0.0958302 0.1170254 0.0804574 0.1284683 0.1213984 0.0511136 0.1246671 0.0521765 0.1229695 0.1167092 0.1309375 0.1051493 0.0900480 0.0971286 0.0000000 0.1092304 0.0382510 0.0837577 0.1044045 0.0448387 0.1223439 0.0637541 0.1065702 0.1086559 0.1435287 0.1241248 0.0332502 0.0956621 0.0918380 0.0530197 0.0579147 0.0846452 0.0956759 0.0890633 0.1089888 0.1258158 0.1671228 0.1131397 0.1278416 0.0981300 0.0979256 0.0888955 0.0949790 0.0831291 0.0863891 0.1301494 0.1108207 0.0612483 0.1272770 0.0764214 0.0686831 0.0918068 0.0464919 0.1112514 0.1022163 0.1049440 0.1069392 0.1044657 0.1416320 0.1191446 0.1598024 0.1038359 0.1279495 0.1379308 0.1160949 0.1189211 0.1720957 0.0853981 0.1646722 0.0686556 0.1197616 0.1045868 0.1276318 0.0968548 0.1138308 0.1591776 0.0924297 0.1120908 0.0954908 0.0396725 0.0702881 0.0767264 0.1263884 0.0717867 0.0507243 0.1304722 0.1185994 0.1216568 0.0972974 0.1255948 0.1261416 0.1028372 0.0949735 0.0831261 0.1092462 0.1170775 0.0898103 0.0570429 0.1089262 0.1047058 0.0524754 0.1010812 0.0895514 0.0284831 0.1185356 0.0798621 0.0883352 0.1128927 0.1040458 0.1022127 0.0510387 0.0864915 0.0866199 0.0848975 0.0911521 0.1240152 0.1243636 0.0859877 0.1062101 0.0899574 0.1249301 0.0874598 0.1029474 0.0946145 0.0902308 
S0412sl       0.2237443 0.0788771 0.0860265 0.1189835 0.1247992 0.0781422 0.1080511 0.1107838 0.0982171 0.0826037 0.0841855 0.1519554 0.1192124 0.1140397 0.1195399 0.1149218 0.1121218 0.1106985 0.1067028 0.1213451 0.0793042 0.0760768 0.0840866 0.1092304 0.0000000 0.1029813 0.0826455 0.0818898 0.0981615 0.1141921 0.1009291 0.1013764 0.0863377 0.1325318 0.1172543 0.0952174 0.0858276 0.0762486 0.1204057 0.0825725 0.1196123 0.0692631 0.0768380 0.1042755 0.1160502 0.1804305 0.0555314 0.1180600 0.0801294 0.0912181 0.0863735 0.0797960 0.0816636 0.0843263 0.1277474 0.1063889 0.0980344 0.1192881 0.1116800 0.0943162 0.0793536 0.1098795 0.1035630 0.0979777 0.0954217 0.1016058 0.0972817 0.1185409 0.1117709 0.1572184 0.0948195 0.1223613 0.1403583 0.1200931 0.1188875 0.1805753 0.0839225 0.1689434 0.0912854 0.1120265 0.1025152 0.1208546 0.0832780 0.1070561 0.1638933 0.0772682 0.0905645 0.0862187 0.1071249 0.1049160 0.1107213 0.1150691 0.1038282 0.1195278 0.1234132 0.1113668 0.1123097 0.0829579 0.1184722 0.1122479 0.0909415 0.0773418 0.0686069 0.0907900 0.1130593 0.0756457 0.0819917 0.0999795 0.0956179 0.1263132 0.0808908 0.0895168 0.1098052 0.1111782 0.1139016 0.0747135 0.1096622 0.0945086 0.0854072 0.1176688 0.0744743 0.1224221 0.0784479 0.0619015 0.1103808 0.1093091 0.1186909 0.1006576 0.0785104 0.1152302 0.0848918 0.0963282 0.0756298 0.0797410 
S0417         0.2167485 0.0918219 0.0826813 0.0508980 0.1155969 0.0861323 0.1105596 0.0430709 0.1002636 0.0941017 0.1118011 0.0811247 0.1272703 0.1208887 0.0503106 0.1229841 0.0540252 0.1179243 0.1130157 0.1294885 0.0970457 0.0873403 0.0947240 0.0382510 0.1029813 0.0000000 0.0750178 0.0972808 0.0420728 0.1195964 0.0676512 0.0952437 0.1047600 0.1410417 0.1200308 0.0352184 0.0944498 0.0885332 0.0527057 0.0508223 0.0837998 0.0924226 0.0858405 0.1007515 0.1239984 0.1644209 0.1076704 0.1256765 0.0947583 0.0892518 0.0795814 0.0911519 0.0739450 0.0766545 0.1259609 0.1036883 0.0575736 0.1232374 0.0736966 0.0650683 0.0831700 0.0465389 0.1100244 0.0944314 0.0952366 0.0961101 0.0959434 0.1375721 0.1147314 0.1486334 0.0952235 0.1217400 0.1344320 0.1112862 0.1109142 0.1680971 0.0767380 0.1582842 0.0678289 0.1094191 0.1010502 0.1213593 0.0947638 0.1089581 0.1520277 0.0886116 0.1040515 0.0857980 0.0315452 0.0675154 0.0725202 0.1220048 0.0653429 0.0516419 0.1292734 0.1179417 0.1182727 0.0934375 0.1219646 0.1186074 0.0958438 0.0921221 0.0801580 0.1008650 0.1122150 0.0869740 0.0511687 0.1027615 0.0975609 0.0560456 0.0943356 0.0802063 0.0378434 0.1141317 0.0795758 0.0850268 0.1055853 0.0949726 0.0982518 0.0528549 0.0816656 0.0838231 0.0840878 0.0886459 0.1180742 0.1205197 0.0846863 0.0964661 0.0822815 0.1166014 0.0788351 0.0963805 0.0875923 0.0821232 
S0419         0.1954306 0.0673668 0.0213809 0.0938722 0.0654314 0.0645753 0.0912577 0.0859028 0.0725469 0.0674864 0.0864413 0.1273150 0.1004263 0.0961739 0.0933928 0.0984650 0.0854840 0.0881299 0.0799898 0.1061833 0.0737709 0.0639735 0.0701822 0.0837577 0.0826455 0.0750178 0.0000000 0.0720991 0.0754088 0.0958289 0.0809635 0.0722755 0.0855821 0.1172588 0.0962548 0.0743759 0.0744974 0.0641418 0.0935502 0.0626736 0.0916744 0.0725765 0.0623344 0.0395078 0.0986613 0.1528479 0.0843140 0.1008408 0.0670237 0.0640955 0.0095142 0.0657954 0.0053023 0.0064351 0.0990517 0.0420269 0.0690854 0.1031580 0.0835470 0.0663949 0.0551951 0.0862261 0.0866568 0.0688514 0.0692924 0.0740222 0.0682366 0.1151220 0.0550536 0.1301062 0.0733574 0.1012084 0.1226211 0.0898251 0.0917282 0.1500416 0.0056770 0.1431378 0.0655153 0.0830559 0.0677510 0.0992104 0.0697520 0.0802437 0.1386960 0.0637363 0.0817641 0.0584845 0.0783998 0.0792135 0.0842422 0.0990155 0.0782433 0.0952821 0.1033389 0.0944530 0.0934989 0.0681884 0.1003098 0.0843689 0.0712898 0.0665403 0.0561377 0.0796879 0.0832719 0.0639738 0.0586509 0.0716196 0.0723900 0.0970457 0.0756099 0.0091570 0.0827085 0.0545755 0.0878969 0.0603074 0.0829470 0.0643152 0.0741308 0.0866813 0.0596063 0.0930190 0.0605800 0.0655645 0.0826383 0.0866855 0.0924780 0.0687978 0.0543814 0.0935090 0.0344783 0.0637152 0.0673114 0.0560122 
S0427         0.2107264 0.0727298 0.0772192 0.1115955 0.1137154 0.0736136 0.1128090 0.1087318 0.0831241 0.0764937 0.0854379 0.1431480 0.1152530 0.1102600 0.1146398 0.1142588 0.1067335 0.1005686 0.0990541 0.1223345 0.0431789 0.0716042 0.0781158 0.1044045 0.0818898 0.0972808 0.0720991 0.0000000 0.0926205 0.1151541 0.0995276 0.0860047 0.0899673 0.1336026 0.1125388 0.0909097 0.0822912 0.0706388 0.1132606 0.0822670 0.1163108 0.0743504 0.0713242 0.0924010 0.1155375 0.1690514 0.0822362 0.1151610 0.0778533 0.0774938 0.0775433 0.0737990 0.0734425 0.0737404 0.1106425 0.0947804 0.0925305 0.1132931 0.1053800 0.0893395 0.0730780 0.1035968 0.1033942 0.0816015 0.0813642 0.0872673 0.0820559 0.1191357 0.1046061 0.1483229 0.0887571 0.1145426 0.1391709 0.1043920 0.1061399 0.1699151 0.0737967 0.1631677 0.0853543 0.0952278 0.0842218 0.1125690 0.0729434 0.0925809 0.1587911 0.0716617 0.0841154 0.0778014 0.0973915 0.1009059 0.1055019 0.1155125 0.0981704 0.1150104 0.1184250 0.1126762 0.1127828 0.0761339 0.1120071 0.1025077 0.0815046 0.0750267 0.0641879 0.0889508 0.0987364 0.0679379 0.0806102 0.0856255 0.0836341 0.1161231 0.0775091 0.0787404 0.1055172 0.1040318 0.1096083 0.0691901 0.0994176 0.0822071 0.0791173 0.1112915 0.0677262 0.1190196 0.0723850 0.0702498 0.1046015 0.1016698 0.1152538 0.0875866 0.0717798 0.1111980 0.0771241 0.0816375 0.0373189 0.0702070 
S0428sl       0.2074790 0.0917035 0.0811525 0.0555745 0.1153861 0.0846493 0.1099926 0.0480309 0.0992462 0.0896277 0.1096995 0.0839573 0.1216961 0.1171150 0.0556965 0.1163869 0.0464762 0.1115353 0.1083966 0.1197254 0.0918337 0.0823121 0.0926134 0.0448387 0.0981615 0.0420728 0.0754088 0.0926205 0.0000000 0.1168587 0.0598270 0.0977449 0.1020656 0.1371444 0.1176152 0.0372750 0.0902606 0.0864254 0.0558992 0.0504193 0.0769450 0.0924110 0.0827047 0.0999247 0.1191126 0.1558844 0.1014971 0.1191372 0.0901592 0.0903768 0.0800701 0.0881072 0.0758023 0.0765117 0.1219235 0.1006325 0.0557452 0.1218545 0.0698953 0.0622270 0.0771504 0.0443134 0.1028215 0.0947616 0.0945481 0.0980253 0.0943755 0.1333872 0.1123149 0.1396648 0.0946845 0.1189094 0.1298657 0.1112514 0.1124235 0.1541247 0.0771777 0.1486747 0.0649661 0.1094745 0.0953566 0.1177047 0.0910133 0.1069067 0.1441504 0.0850842 0.1050587 0.0858935 0.0422576 0.0632942 0.0696299 0.1169872 0.0640679 0.0508842 0.1176068 0.1154417 0.1153582 0.0893558 0.1196735 0.1145195 0.0958765 0.0876080 0.0775121 0.1001429 0.1109689 0.0845110 0.0482745 0.1017530 0.0965823 0.0565641 0.0947089 0.0826739 0.0453390 0.1117141 0.0730928 0.0824323 0.1076832 0.0923923 0.0924654 0.0554990 0.0820236 0.0809816 0.0876583 0.0870183 0.1142764 0.1122353 0.0807108 0.0959348 0.0762626 0.1162416 0.0780788 0.0932122 0.0863755 0.0766161 
