135
PAFTOL_019361 0.0000000 0.1679033 0.1661580 0.1891181 0.2385272 0.1515303 0.1927464 0.1804178 0.1661661 0.1718009 0.1714452 0.2035916 0.2207666 0.2483046 0.1750957 0.2298280 0.1836535 0.1638975 0.1701804 0.1491067 0.1425207 0.1423037 0.1742610 0.1604157 0.1767770 0.1472230 0.1473743 0.1496362 0.2069613 0.1651403 0.1466028 0.1641707 0.2094173 0.2195998 0.1728957 0.1588491 0.1460850 0.1815458 0.1673953 0.1636218 0.1304898 0.1485904 0.1490398 0.2041123 0.2016079 0.1606863 0.2092961 0.1600566 0.1424355 0.1652824 0.1474717 0.1435837 0.1458747 0.1443218 0.1705488 0.1557275 0.1670690 0.1842684 0.1576821 0.1919220 0.1441801 0.1884601 0.1814319 0.1462913 0.1713386 0.1526335 0.1592812 0.1399790 0.1797054 0.1783046 0.1442615 0.1645514 0.1953625 0.1631029 0.1769570 0.1884732 0.1461541 0.1937386 0.1489590 0.1819718 0.1753159 0.1782762 0.1502155 0.1746339 0.2021137 0.1411688 0.1516471 0.1507183 0.1651936 0.1547850 0.1646123 0.2313781 0.1670104 0.1886135 0.1857640 0.2132200 0.2011127 0.1439191 0.1745112 0.1768679 0.1631642 0.1481056 0.1370867 0.1665070 0.1852416 0.1336227 0.1572323 0.2002879 0.1547876 0.1957834 0.1514151 0.1495619 0.1703517 0.1834177 0.1647954 0.1413555 0.1843133 0.1841975 0.1630332 0.1522915 0.1817176 0.1523559 0.1878350 0.1445367 0.1466464 0.1808704 0.1640574 0.1612149 0.1548258 0.1484437 0.2107270 0.1608319 0.1592365 0.1512763 0.1414538 
S0055         0.1679033 0.0000000 0.0795067 0.1099330 0.1472245 0.0654424 0.1108979 0.0985760 0.0787584 0.0739324 0.0906962 0.1093115 0.1232601 0.1444241 0.1102430 0.1237949 0.0912956 0.0902010 0.0929267 0.0802271 0.0540434 0.0568400 0.1037381 0.0482019 0.0987904 0.0735049 0.0723407 0.0994736 0.1214558 0.0844728 0.0778854 0.0458553 0.1121309 0.1079748 0.0910233 0.0652365 0.0581614 0.1094056 0.0952420 0.0806902 0.0445501 0.0591507 0.0901099 0.1122600 0.1406290 0.0441917 0.1150035 0.0993820 0.0559297 0.0902296 0.0754918 0.0569006 0.0690875 0.0686527 0.0986203 0.0878420 0.0875474 0.1034477 0.0744247 0.1077283 0.0791338 0.0976835 0.1014223 0.0789271 0.0869664 0.0768154 0.0759332 0.0768188 0.1175465 0.1209270 0.0673450 0.0966788 0.1104488 0.0926313 0.1011421 0.1242513 0.0721859 0.1328070 0.0728039 0.1046666 0.1023303 0.1044661 0.0597224 0.1009700 0.1421252 0.0568466 0.0693084 0.0752503 0.0953371 0.0762295 0.0810565 0.1326790 0.0835335 0.1063896 0.0981702 0.1238624 0.1088568 0.0588152 0.0974411 0.1087161 0.0828344 0.0599399 0.0549741 0.0251281 0.1099055 0.0584305 0.0957956 0.1013087 0.0742749 0.1181437 0.0751034 0.0721143 0.0897803 0.1034012 0.0822587 0.0541686 0.1216428 0.1022236 0.0892746 0.0591220 0.1000134 0.0788222 0.1079537 0.0674350 0.0475640 0.1000062 0.0923534 0.0887706 0.0713625 0.0866436 0.1100830 0.0827030 0.0856145 0.0737603 0.0771573 
S0196sl       0.1661580 0.0795067 0.0000000 0.1129616 0.1074172 0.0788626 0.1125568 0.1006775 0.0695771 0.0976954 0.0862169 0.1250688 0.1166435 0.1503205 0.1185288 0.1302863 0.0987790 0.0866282 0.0803705 0.0722867 0.0717560 0.0706201 0.1076883 0.0887216 0.1004346 0.0162077 0.0653775 0.0853858 0.1213716 0.0880956 0.0662981 0.0874307 0.1121923 0.1207178 0.0979523 0.0795629 0.0733128 0.1064573 0.1038059 0.0949124 0.0816994 0.0699014 0.0442033 0.1077405 0.1507665 0.0879870 0.1230658 0.0983282 0.0706370 0.0771688 0.0197273 0.0737911 0.0135082 0.0136027 0.0937784 0.0485388 0.0906993 0.1069342 0.0852295 0.1197982 0.0666044 0.1046916 0.0962839 0.0730569 0.0744578 0.0673852 0.0695606 0.0817161 0.0831352 0.1420299 0.0571603 0.0903068 0.0990175 0.0844310 0.1000217 0.1310003 0.0143916 0.1384602 0.0824123 0.0930215 0.0998291 0.0972707 0.0670619 0.0863372 0.1462640 0.0706525 0.0802647 0.0852168 0.0961919 0.0881779 0.0960499 0.1293273 0.0950833 0.1126447 0.1015022 0.1308780 0.1155428 0.0727489 0.0939486 0.0939245 0.0706405 0.0784809 0.0683580 0.0862440 0.1012237 0.0568520 0.1064905 0.0843100 0.0648409 0.1133130 0.0830392 0.0169775 0.0921382 0.0794111 0.0896486 0.0674261 0.0907074 0.0861997 0.0774881 0.0754597 0.1109292 0.0825259 0.1126147 0.0614052 0.0793245 0.0914348 0.0866940 0.0894708 0.0616985 0.0743970 0.1057699 0.0525238 0.0773873 0.0618569 0.0613620 
S0278         0.1891181 0.1099330 0.1129616 0.0000000 0.1589277 0.1090662 0.1372599 0.0371070 0.1187801 0.1188286 0.1180654 0.0588811 0.1524606 0.1761335 0.0527229 0.1549461 0.0570039 0.1201252 0.1174746 0.1076716 0.0979625 0.1022045 0.0495156 0.1198244 0.0564297 0.1028600 0.0978716 0.0490931 0.1353464 0.0565415 0.0916997 0.1147094 0.1317542 0.1548336 0.0394533 0.1012023 0.1003379 0.0379002 0.0713880 0.0694205 0.0926141 0.1046222 0.1161396 0.1315832 0.1468512 0.1207196 0.1434111 0.1216474 0.1022139 0.1097620 0.1072113 0.1011948 0.1000622 0.0976404 0.1112022 0.1136735 0.0690156 0.1324135 0.0685671 0.0797137 0.1062216 0.0506340 0.1291575 0.0999883 0.1065857 0.0875189 0.0971478 0.0925410 0.1213865 0.1494890 0.1010231 0.1275031 0.1367392 0.1039603 0.1128950 0.1266840 0.1012903 0.1380891 0.0825915 0.1264109 0.1316407 0.1305738 0.1032739 0.1266759 0.1496891 0.1022223 0.1162340 0.1115872 0.0402883 0.0699131 0.0747603 0.1536310 0.0714439 0.0427871 0.1346600 0.1400768 0.1348451 0.1045785 0.1260333 0.1253860 0.1122521 0.1038426 0.0987093 0.1092173 0.1381553 0.0909510 0.0753763 0.1415213 0.1083767 0.0500724 0.1166703 0.1011011 0.0438707 0.1196776 0.0745475 0.0991463 0.1445762 0.1388148 0.1112198 0.1084122 0.0361577 0.1143017 0.0960977 0.1009166 0.1039336 0.1273247 0.1200875 0.0797593 0.1031600 0.1099656 0.1288381 0.1034572 0.1104216 0.1122043 0.0998376 
S0281         0.2385272 0.1472245 0.1074172 0.1589277 0.0000000 0.1428629 0.1559178 0.1546919 0.1506058 0.1590058 0.1549770 0.1799634 0.1699749 0.1740225 0.1611863 0.1685952 0.1588790 0.1476652 0.1617348 0.1289320 0.1347504 0.1346190 0.1556248 0.1376566 0.1777600 0.0986171 0.1252191 0.1499053 0.1609239 0.1512461 0.1290540 0.1394433 0.1614545 0.1912314 0.1557060 0.1437458 0.1375586 0.1544048 0.1529616 0.1510147 0.1371474 0.1353217 0.0881248 0.1468978 0.2072388 0.1504606 0.1597901 0.1727187 0.1312180 0.1357220 0.1029341 0.1345545 0.0948389 0.0944485 0.1471634 0.0903429 0.1457464 0.1632747 0.1412452 0.1663268 0.1334171 0.1648945 0.1494805 0.1435903 0.1364865 0.1278288 0.1353208 0.1282795 0.1060122 0.1999001 0.1265320 0.1521814 0.1737517 0.1421636 0.1591068 0.1862798 0.0970773 0.1974353 0.1465415 0.1440512 0.1685484 0.1598211 0.1284930 0.1493670 0.2068432 0.1357933 0.1480213 0.1417925 0.1606757 0.1421010 0.1504527 0.1739961 0.1483030 0.1696959 0.1471993 0.1665030 0.1578619 0.1372853 0.1532450 0.1643240 0.1429400 0.1424679 0.1284205 0.1528029 0.1730779 0.1137071 0.1683551 0.1630635 0.1372034 0.1681863 0.1472631 0.0947559 0.1475953 0.1048254 0.1454345 0.1301304 0.1178104 0.1656156 0.1458252 0.1389306 0.1624662 0.1491283 0.1620319 0.1282749 0.1410366 0.1573869 0.1571206 0.1424554 0.1193698 0.1430788 0.1682554 0.1012333 0.1482422 0.1269354 0.1297395 
S0282         0.1515303 0.0654424 0.0788626 0.1090662 0.1428629 0.0000000 0.1101110 0.1082542 0.0791623 0.0273629 0.0736898 0.1257019 0.1260453 0.1455097 0.1242513 0.1258546 0.1000471 0.0897354 0.0846591 0.0750369 0.0118111 0.0175279 0.1122432 0.0621675 0.1162532 0.0656336 0.0644152 0.1123925 0.1226113 0.0883021 0.0756702 0.0726068 0.1178622 0.1175765 0.1028112 0.0340469 0.0185367 0.1193973 0.0953926 0.0869773 0.0603484 0.0196086 0.0724316 0.1116131 0.1286833 0.0699949 0.1171859 0.0872736 0.0167131 0.0913355 0.0695337 0.0175449 0.0603882 0.0608669 0.1055013 0.0733255 0.0937705 0.1016106 0.0779485 0.1058801 0.0696683 0.1102212 0.1027614 0.0841286 0.0871842 0.0726542 0.0776606 0.0658638 0.1058760 0.1237234 0.0674551 0.0923391 0.1118800 0.0889879 0.1087007 0.1177580 0.0643711 0.1267703 0.0745713 0.1037059 0.1015039 0.1000755 0.0566944 0.0929783 0.1331697 0.0158952 0.0351766 0.0714605 0.1059819 0.0783694 0.0834459 0.1350695 0.0945801 0.1184892 0.0980091 0.1253710 0.1067463 0.0175548 0.0904533 0.0953489 0.0801506 0.0217459 0.0159064 0.0651159 0.1049437 0.0441313 0.1015337 0.0996141 0.0716614 0.1260715 0.0407994 0.0662345 0.1048333 0.0993929 0.0821926 0.0151099 0.1207107 0.0930543 0.0855711 0.0243385 0.1123393 0.0627364 0.1172834 0.0498231 0.0632160 0.0943194 0.0897995 0.0823838 0.0676108 0.0728751 0.1193662 0.0683598 0.0819433 0.0678936 0.0667260 
S0288         0.1927464 0.1108979 0.1125568 0.1372599 0.1559178 0.1101110 0.0000000 0.1248025 0.1095566 0.1311688 0.1299763 0.1460309 0.0285045 0.0948258 0.1363378 0.0311022 0.1327953 0.1191635 0.1226273 0.1087018 0.0958083 0.1016445 0.1224886 0.1086539 0.1438929 0.0956731 0.0932613 0.1565693 0.0183895 0.1143466 0.1031472 0.1094468 0.0744820 0.0287010 0.1274132 0.1071671 0.0967271 0.1368130 0.1160294 0.1117609 0.1012354 0.1002270 0.0950643 0.0169034 0.1598571 0.1106401 0.0194311 0.1349057 0.0992701 0.1203920 0.0990888 0.1029194 0.0928041 0.0924302 0.1255401 0.1006407 0.1187628 0.0804257 0.1089967 0.1371648 0.1124992 0.1434294 0.0467986 0.1155091 0.1149063 0.1016647 0.1087092 0.1143764 0.1171297 0.1476021 0.0956530 0.0738571 0.0840797 0.1125570 0.1274236 0.1554741 0.0951958 0.1617758 0.1296013 0.1320011 0.1423361 0.0818901 0.0975876 0.1153794 0.1683385 0.1005777 0.1182792 0.1137469 0.1253464 0.1126799 0.1196765 0.0288797 0.1131869 0.1378381 0.0657888 0.0229787 0.0091633 0.1018784 0.0760077 0.1286257 0.1102172 0.1065028 0.0948506 0.1073902 0.1331541 0.0943496 0.1295369 0.1341760 0.1011485 0.1318903 0.1210126 0.0949812 0.1197292 0.1142220 0.1152832 0.0985546 0.1289306 0.1232723 0.1128149 0.1071312 0.1338157 0.1162133 0.1272314 0.0936015 0.1037254 0.1271838 0.1215876 0.1219638 0.1032776 0.1203349 0.1539703 0.1065399 0.1124538 0.0985887 0.1063051 
S0289         0.1804178 0.0985760 0.1006775 0.0371070 0.1546919 0.1082542 0.1248025 0.0000000 0.1084391 0.1175767 0.1197006 0.0572957 0.1377822 0.1560849 0.0408390 0.1407357 0.0519303 0.1105768 0.1157745 0.1043477 0.0970506 0.0991757 0.0415152 0.1093447 0.0529198 0.0938836 0.0944327 0.0467517 0.1233762 0.0534778 0.0864763 0.1076700 0.1186405 0.1397427 0.0343000 0.1037413 0.0995359 0.0388529 0.0675168 0.0701917 0.0903062 0.1014468 0.1081549 0.1194868 0.1573669 0.1062466 0.1291207 0.1235255 0.0981391 0.1011220 0.0981808 0.0992682 0.0911707 0.0886143 0.1099413 0.1089484 0.0614921 0.1225647 0.0643557 0.0784913 0.0940424 0.0519209 0.1139834 0.0980104 0.1063549 0.0885868 0.0951710 0.0934880 0.1170630 0.1549923 0.0910557 0.1193569 0.1208372 0.0948273 0.1034785 0.1318306 0.0923705 0.1438571 0.0732405 0.1166665 0.1315510 0.1201169 0.0989345 0.1186387 0.1556579 0.0992728 0.1145241 0.1050121 0.0404975 0.0647449 0.0695284 0.1389965 0.0658068 0.0448411 0.1239335 0.1269501 0.1208597 0.1026752 0.1188833 0.1212955 0.1043031 0.1063018 0.0967681 0.0943653 0.1346519 0.0864806 0.0695539 0.1317789 0.0982078 0.0467007 0.1149582 0.0899997 0.0377793 0.1149268 0.0693290 0.0972015 0.1401001 0.1281941 0.1044996 0.1043314 0.0382027 0.1097886 0.0891569 0.0935982 0.0982139 0.1215680 0.1133510 0.0754181 0.0963021 0.1021804 0.1300984 0.0934018 0.1026970 0.1033660 0.0930790 
S0292         0.1661661 0.0787584 0.0695771 0.1187801 0.1506058 0.0791623 0.1095566 0.1084391 0.0000000 0.0925804 0.1006848 0.1274628 0.1266621 0.1530768 0.1191273 0.1272132 0.0978690 0.0509226 0.0488276 0.0739625 0.0690484 0.0709132 0.1111554 0.0797629 0.1092543 0.0634823 0.0654401 0.1093899 0.1188320 0.0925090 0.0609619 0.0826891 0.1106584 0.1209297 0.1062212 0.0778526 0.0704279 0.1136635 0.1063549 0.0926857 0.0687645 0.0691618 0.0831563 0.1114595 0.1461262 0.0825501 0.1156975 0.0910307 0.0670844 0.0741151 0.0663611 0.0700402 0.0611964 0.0606965 0.0835203 0.0824708 0.0962869 0.0984675 0.0848083 0.1112970 0.0447144 0.1120132 0.0909020 0.0642526 0.0730249 0.0593661 0.0652671 0.0809609 0.1122223 0.1313912 0.0645887 0.0847950 0.1083833 0.0772642 0.0925871 0.1297420 0.0622382 0.1366086 0.0755609 0.0836341 0.0625839 0.0941295 0.0769045 0.0381863 0.1435133 0.0699728 0.0823180 0.0496439 0.1012484 0.0856827 0.0917115 0.1289359 0.0975836 0.1152786 0.0935960 0.1257598 0.1047827 0.0710505 0.0861155 0.0649789 0.0134343 0.0772179 0.0640084 0.0764759 0.0510944 0.0608279 0.1004849 0.0381225 0.0118115 0.1206031 0.0850199 0.0640897 0.0978446 0.1074240 0.0928918 0.0662010 0.1221316 0.0411333 0.0479520 0.0704769 0.1103046 0.0790097 0.1147525 0.0556914 0.0782346 0.0596047 0.0528160 0.0856498 0.0541394 0.0513319 0.1106337 0.0765817 0.0451824 0.0679317 0.0411145 
S0293         0.1718009 0.0739324 0.0976954 0.1188286 0.1590058 0.0273629 0.1311688 0.1175767 0.0925804 0.0000000 0.0905244 0.1424181 0.1495226 0.1619073 0.1331175 0.1583546 0.1091907 0.1041104 0.1035095 0.0876146 0.0220920 0.0282013 0.1233105 0.0697418 0.1279864 0.0779485 0.0766902 0.1245677 0.1429415 0.1029305 0.0837253 0.0799195 0.1278386 0.1402798 0.1180071 0.0469809 0.0273371 0.1289649 0.1093999 0.0994669 0.0665498 0.0310244 0.0837937 0.1303842 0.1433867 0.0825236 0.1306120 0.0999024 0.0251858 0.1005141 0.0790898 0.0262101 0.0725774 0.0721014 0.1171545 0.0794307 0.1042340 0.1231101 0.0913935 0.1205699 0.0791382 0.1282533 0.1181742 0.0911397 0.1018656 0.0825108 0.0848578 0.0868383 0.1233541 0.1401036 0.0748292 0.1094361 0.1225545 0.1035911 0.1257244 0.1286022 0.0763393 0.1434716 0.0771677 0.1213402 0.1097878 0.1167888 0.0653254 0.1054522 0.1446396 0.0250882 0.0482470 0.0744102 0.1154922 0.0918957 0.0957195 0.1557929 0.1008225 0.1289146 0.1082316 0.1488863 0.1320038 0.0272260 0.1066009 0.1098258 0.0924493 0.0323623 0.0272192 0.0725100 0.1195906 0.0548624 0.1126371 0.1186590 0.0818049 0.1431851 0.0459676 0.0788388 0.1156146 0.1050391 0.0967886 0.0241648 0.1383336 0.1104785 0.1006208 0.0367890 0.1252797 0.0767482 0.1274871 0.0616067 0.0725258 0.1088648 0.1027973 0.0931979 0.0738872 0.0867351 0.1235991 0.0826563 0.0975479 0.0760014 0.0757316 
S0294         0.1714452 0.0906962 0.0862169 0.1180654 0.1549770 0.0736898 0.1299763 0.1197006 0.1006848 0.0905244 0.0000000 0.1198654 0.1451083 0.1707299 0.1280073 0.1451148 0.1099731 0.1054253 0.1093641 0.0791362 0.0679856 0.0688979 0.1193494 0.0969245 0.1197249 0.0784205 0.0782450 0.1035422 0.1401738 0.0995877 0.0883091 0.0916080 0.1328800 0.1371691 0.1155095 0.0713771 0.0713627 0.1194788 0.1135456 0.0986482 0.0846981 0.0722333 0.0855906 0.1297574 0.1536365 0.0961375 0.1391329 0.0979186 0.0669603 0.1015338 0.0824873 0.0669737 0.0738702 0.0734605 0.1190413 0.0874609 0.1040574 0.1270661 0.0905861 0.1184070 0.0843640 0.1213787 0.1105644 0.0937667 0.0960618 0.0862229 0.0884103 0.0585694 0.1146556 0.1429409 0.0736467 0.1062070 0.1296143 0.1126086 0.1253876 0.1378965 0.0770507 0.1459611 0.0821579 0.1128287 0.1151998 0.1196661 0.0696948 0.1168352 0.1587141 0.0669749 0.0824580 0.0926205 0.1150141 0.0887783 0.0950414 0.1536341 0.1036398 0.1220987 0.1195818 0.1396647 0.1224490 0.0709751 0.1061872 0.1123857 0.0987510 0.0672173 0.0658174 0.0902055 0.1322762 0.0643368 0.1132442 0.1205043 0.0918766 0.1353927 0.0838048 0.0789788 0.1101643 0.1171346 0.0914650 0.0660654 0.1286299 0.1205453 0.1012704 0.0744210 0.1157533 0.0896957 0.1281771 0.0686635 0.0887621 0.1147291 0.1031123 0.0976234 0.0768994 0.0920872 0.1194136 0.0791293 0.0947223 0.0746338 0.0843838 
S0299         0.2035916 0.1093115 0.1250688 0.0588811 0.1799634 0.1257019 0.1460309 0.0572957 0.1274628 0.1424181 0.1198654 0.0000000 0.1668118 0.1707353 0.0665149 0.1665096 0.0707075 0.1361105 0.1425349 0.1135790 0.1167087 0.1200930 0.0671239 0.1216938 0.0737880 0.1196897 0.1045954 0.0680686 0.1494720 0.0748330 0.1058119 0.1210659 0.1461737 0.1581256 0.0513800 0.1239445 0.1192638 0.0587058 0.0814981 0.0870564 0.0969581 0.1217175 0.1326949 0.1489598 0.1573288 0.1184919 0.1553352 0.1238123 0.1178552 0.1225608 0.1219922 0.1167794 0.1142747 0.1141250 0.1214792 0.1234784 0.0748360 0.1385354 0.0796015 0.0875333 0.1148549 0.0724735 0.1336799 0.1134010 0.1185839 0.1050219 0.1097529 0.0904176 0.1407005 0.1597417 0.1076870 0.1281001 0.1452622 0.1045959 0.1157839 0.1347090 0.1179617 0.1504395 0.0815859 0.1271620 0.1519987 0.1340332 0.1121387 0.1373984 0.1581183 0.1189481 0.1316755 0.1245151 0.0625846 0.0814778 0.0875049 0.1625261 0.0679010 0.0459338 0.1449738 0.1528938 0.1394767 0.1214453 0.1329627 0.1489458 0.1290584 0.1219160 0.1160757 0.1084677 0.1545096 0.1041533 0.0821525 0.1527419 0.1200665 0.0693969 0.1346532 0.1131241 0.0535214 0.1344158 0.0886919 0.1168916 0.1600662 0.1454474 0.1257974 0.1234036 0.0438484 0.1289647 0.1067003 0.1072108 0.1115125 0.1442582 0.1360301 0.0891983 0.1068855 0.1198265 0.1366564 0.1182691 0.1243155 0.1134983 0.1108998 
S0303         0.2207666 0.1232601 0.1166435 0.1524606 0.1699749 0.1260453 0.0285045 0.1377822 0.1266621 0.1495226 0.1451083 0.1668118 0.0000000 0.1103540 0.1549758 0.0364102 0.1456170 0.1398323 0.1410195 0.1235306 0.1124643 0.1182863 0.1424828 0.1229430 0.1602331 0.1115769 0.1068880 0.1580371 0.0312110 0.1342125 0.1157628 0.1212639 0.0875431 0.0197326 0.1440078 0.1227208 0.1145944 0.1525636 0.1412507 0.1262259 0.1089675 0.1009869 0.1146592 0.0208250 0.1821219 0.1219233 0.0199534 0.1435087 0.1148612 0.1333230 0.1162523 0.1184351 0.1085519 0.1071173 0.1418137 0.1146295 0.1379996 0.0977803 0.1203181 0.1589101 0.1290269 0.1502228 0.0644169 0.1331238 0.1303191 0.1150772 0.1176103 0.1096843 0.1379974 0.1786878 0.1077677 0.0912441 0.1018399 0.1269421 0.1409856 0.1812306 0.1110192 0.1968889 0.1258305 0.1470355 0.1664460 0.0975460 0.1181833 0.1348456 0.2003466 0.1159741 0.1319207 0.1326788 0.1400430 0.1242775 0.1312046 0.0385303 0.1310972 0.1540911 0.0833018 0.0306748 0.0249738 0.1185675 0.0944339 0.1509299 0.1268294 0.1224380 0.1113027 0.1207382 0.1546362 0.1067210 0.1522565 0.1463081 0.1223183 0.1538767 0.1360534 0.1107653 0.1366475 0.1388027 0.1252969 0.1139738 0.1488216 0.1459118 0.1308532 0.1230838 0.1486335 0.1296518 0.1511991 0.1076309 0.1146419 0.1469298 0.1385966 0.1297898 0.1153903 0.1371223 0.1618126 0.1202035 0.1303246 0.1135144 0.1196062 
S0308         0.2483046 0.1444241 0.1503205 0.1761335 0.1740225 0.1455097 0.0948258 0.1560849 0.1530768 0.1619073 0.1707299 0.1707353 0.1103540 0.0000000 0.1640828 0.0950227 0.1543397 0.1626796 0.1668882 0.1386042 0.1353569 0.1398523 0.1615466 0.1456671 0.1768055 0.1331932 0.1319950 0.1920851 0.1016574 0.1434372 0.1343233 0.1360490 0.1069349 0.1206168 0.1515367 0.1438614 0.1368033 0.1672379 0.1492162 0.1469285 0.1217453 0.1389729 0.1280033 0.0930899 0.1995130 0.1378574 0.1033365 0.1798703 0.1306550 0.1507905 0.1367418 0.1376807 0.1275664 0.1286819 0.1524528 0.1221288 0.1427631 0.1083461 0.1428277 0.1550839 0.1456788 0.1749380 0.0873768 0.1483122 0.1414514 0.1383303 0.1336705 0.1393392 0.1626146 0.1974465 0.1361129 0.1016897 0.1150451 0.1348021 0.1512858 0.1867364 0.1290666 0.1972098 0.1594151 0.1518315 0.1868782 0.1150105 0.1294909 0.1604409 0.2144935 0.1375406 0.1517038 0.1550279 0.1583074 0.1470688 0.1539990 0.1076119 0.1374478 0.1606749 0.1016521 0.1016680 0.0886516 0.1365883 0.0914240 0.1686592 0.1542185 0.1465967 0.1364181 0.1398831 0.1724535 0.1236643 0.1569434 0.1792167 0.1406762 0.1630586 0.1587739 0.1299797 0.1520650 0.1616955 0.1498152 0.1316461 0.1669170 0.1610469 0.1628739 0.1423799 0.1587618 0.1466410 0.1532108 0.1229655 0.1353107 0.1640983 0.1652028 0.1589905 0.1265332 0.1511887 0.1886538 0.1345599 0.1594896 0.1316738 0.1420773 
S0320         0.1750957 0.1102430 0.1185288 0.0527229 0.1611863 0.1242513 0.1363378 0.0408390 0.1191273 0.1331175 0.1280073 0.0665149 0.1549758 0.1640828 0.0000000 0.1607255 0.0623367 0.1241875 0.1273419 0.1115098 0.1108533 0.1163829 0.0531020 0.1165309 0.0580193 0.1092478 0.1024163 0.0580303 0.1361000 0.0581506 0.0948812 0.1184541 0.1300058 0.1621019 0.0471136 0.1190634 0.1145135 0.0424991 0.0734662 0.0840914 0.0961825 0.1138742 0.1229166 0.1379267 0.1619004 0.1153376 0.1442179 0.1294122 0.1119729 0.1120707 0.1114749 0.1131272 0.1063542 0.1039256 0.1118181 0.1192859 0.0733160 0.1366710 0.0755997 0.0861598 0.1086828 0.0548285 0.1209215 0.1061722 0.1162633 0.0969478 0.1047344 0.0975490 0.1378441 0.1563014 0.1046679 0.1257247 0.1372272 0.0999801 0.1075793 0.1399673 0.1076178 0.1493118 0.0874372 0.1198425 0.1466187 0.1276145 0.1028220 0.1307102 0.1640411 0.1131336 0.1255251 0.1142308 0.0512930 0.0782402 0.0831211 0.1542987 0.0705598 0.0509696 0.1339251 0.1425037 0.1308563 0.1154775 0.1301631 0.1333384 0.1149433 0.1226546 0.1105256 0.1059477 0.1393687 0.0965024 0.0793026 0.1457517 0.1087199 0.0571530 0.1260087 0.1050420 0.0449317 0.1294253 0.0842742 0.1110251 0.1545628 0.1442472 0.1163585 0.1184198 0.0453524 0.1242893 0.0958414 0.1060241 0.1079983 0.1320168 0.1253580 0.0810887 0.1045674 0.1159499 0.1353089 0.1099191 0.1155158 0.1080163 0.1012245 
S0322         0.2298280 0.1237949 0.1302863 0.1549461 0.1685952 0.1258546 0.0311022 0.1407357 0.1272132 0.1583546 0.1451148 0.1665096 0.0364102 0.0950227 0.1607255 0.0000000 0.1478755 0.1407443 0.1458312 0.1205415 0.1155810 0.1210239 0.1441415 0.1274769 0.1644475 0.1093854 0.1170722 0.1933848 0.0360331 0.1338272 0.1179975 0.1162976 0.0788788 0.0451365 0.1521801 0.1198878 0.1164366 0.1654474 0.1366603 0.1289881 0.1108573 0.1210303 0.1102732 0.0175954 0.1813609 0.1250902 0.0354190 0.1610273 0.1182707 0.1338451 0.1132623 0.1211222 0.1076517 0.1072365 0.1401218 0.1191868 0.1331754 0.0749376 0.1264105 0.1591150 0.1297731 0.1745325 0.0532921 0.1336095 0.1235742 0.1138592 0.1192406 0.1323669 0.1336219 0.1651957 0.1148473 0.0804961 0.0996425 0.1240045 0.1426819 0.1756022 0.1090433 0.1861051 0.1514571 0.1392978 0.1662229 0.0789544 0.1183574 0.1404653 0.1954171 0.1224767 0.1353890 0.1355415 0.1461062 0.1277911 0.1385164 0.0413184 0.1279129 0.1583599 0.0671227 0.0354223 0.0276808 0.1226854 0.0688781 0.1481313 0.1277402 0.1280400 0.1157882 0.1246806 0.1526320 0.1070896 0.1519745 0.1550021 0.1192304 0.1555354 0.1418293 0.1101210 0.1475326 0.1341428 0.1333723 0.1188389 0.1377999 0.1342981 0.1319837 0.1244025 0.1573692 0.1348218 0.1479183 0.1077625 0.1142444 0.1422052 0.1420403 0.1383733 0.1163824 0.1346512 0.1667296 0.1188077 0.1343531 0.1122058 0.1222275 
S0327         0.1836535 0.0912956 0.0987790 0.0570039 0.1588790 0.1000471 0.1327953 0.0519303 0.0978690 0.1091907 0.1099731 0.0707075 0.1456170 0.1543397 0.0623367 0.1478755 0.0000000 0.1074697 0.1006222 0.0959327 0.0904527 0.0914962 0.0577289 0.0988627 0.0524269 0.0885914 0.0895502 0.0543092 0.1301725 0.0457911 0.0841479 0.0953726 0.1274458 0.1518463 0.0468882 0.0972779 0.0938408 0.0526313 0.0670470 0.0618145 0.0759117 0.0968498 0.1056056 0.1272513 0.1601969 0.0986065 0.1378312 0.1179544 0.0895037 0.0972427 0.0927485 0.0925882 0.0838749 0.0835286 0.1030990 0.0995699 0.0596468 0.1276531 0.0521400 0.0675341 0.0857429 0.0679777 0.1163981 0.0920802 0.0974405 0.0866071 0.0930280 0.0827682 0.1187890 0.1496467 0.0888188 0.1099111 0.1270357 0.0983743 0.1095527 0.1280637 0.0871489 0.1411887 0.0671938 0.1119280 0.1164663 0.1183136 0.0892474 0.1104343 0.1520418 0.0914174 0.1065179 0.0954192 0.0411209 0.0553711 0.0580012 0.1493770 0.0577953 0.0536423 0.1214474 0.1377458 0.1260227 0.0947703 0.1122308 0.1154639 0.0927947 0.0982218 0.0900544 0.0858779 0.1277360 0.0819433 0.0666586 0.1174930 0.0870583 0.0703266 0.1046109 0.0859907 0.0539810 0.1194368 0.0597745 0.0895132 0.1416136 0.1186525 0.0999123 0.0974948 0.0486962 0.1021281 0.0789370 0.0873778 0.0883588 0.1133713 0.1074358 0.0656821 0.0868025 0.0912562 0.1218066 0.0935091 0.0981916 0.0955714 0.0837156 
S0335         0.1638975 0.0902010 0.0866282 0.1201252 0.1476652 0.0897354 0.1191635 0.1105768 0.0509226 0.1041104 0.1054253 0.1361105 0.1398323 0.1626796 0.1241875 0.1407443 0.1074697 0.0000000 0.0380995 0.0788948 0.0769991 0.0810068 0.1096163 0.0939442 0.1152022 0.0757078 0.0733230 0.1121722 0.1296625 0.0988285 0.0641334 0.0941554 0.1198632 0.1449912 0.1079326 0.0882029 0.0799619 0.1166947 0.1097796 0.0935079 0.0738395 0.0809025 0.0796088 0.1192126 0.1537020 0.0945304 0.1280578 0.1020007 0.0770251 0.0794064 0.0777282 0.0821375 0.0732443 0.0728040 0.0884275 0.0791624 0.1020392 0.1029246 0.0876283 0.1179622 0.0543208 0.1198468 0.1022873 0.0714529 0.0762929 0.0615240 0.0704300 0.0919436 0.1058556 0.1459104 0.0774744 0.1024470 0.1175728 0.0879694 0.1049754 0.1415896 0.0743523 0.1509452 0.0842245 0.0896038 0.0503681 0.1057836 0.0859406 0.0644586 0.1529883 0.0800361 0.0921827 0.0449793 0.1104344 0.0881075 0.0920565 0.1434626 0.1002085 0.1226281 0.1065413 0.1342198 0.1206314 0.0811706 0.0953589 0.0432679 0.0491752 0.0855421 0.0736129 0.0898547 0.0782647 0.0677237 0.1085081 0.0762538 0.0426383 0.1292632 0.0947746 0.0762790 0.0927036 0.0959727 0.0932520 0.0771156 0.1172179 0.0652393 0.0234665 0.0806112 0.1140446 0.0792755 0.1216347 0.0659459 0.0817186 0.0450182 0.0166447 0.0881658 0.0642311 0.0612105 0.1201509 0.0765007 0.0191919 0.0737821 0.0503687 
S0345         0.1701804 0.0929267 0.0803705 0.1174746 0.1617348 0.0846591 0.1226273 0.1157745 0.0488276 0.1035095 0.1093641 0.1425349 0.1410195 0.1668882 0.1273419 0.1458312 0.1006222 0.0380995 0.0000000 0.0837705 0.0732437 0.0798155 0.1127173 0.1004674 0.1197728 0.0730646 0.0738124 0.1078187 0.1264423 0.0959717 0.0691977 0.1019501 0.1259756 0.1502493 0.1163311 0.0905857 0.0789459 0.1285252 0.1124337 0.0975848 0.0813910 0.0778989 0.0862539 0.1149747 0.1532134 0.0960028 0.1296764 0.0993050 0.0770894 0.0842115 0.0729930 0.0798832 0.0699419 0.0692193 0.0895069 0.0891860 0.0995976 0.0979067 0.0915111 0.1123387 0.0569720 0.1196131 0.1055320 0.0752082 0.0745489 0.0623422 0.0700519 0.0962939 0.1061169 0.1410918 0.0777415 0.0941886 0.1277333 0.0851882 0.1108012 0.1327315 0.0711265 0.1492048 0.0874462 0.0869216 0.0488240 0.0929804 0.0808926 0.0676489 0.1473867 0.0796182 0.0903774 0.0544604 0.1123449 0.0921879 0.0957606 0.1516129 0.0947886 0.1251473 0.1072522 0.1312767 0.1254528 0.0813432 0.0901974 0.0271049 0.0476183 0.0839553 0.0728791 0.0924627 0.0777746 0.0723919 0.1074168 0.0808276 0.0429118 0.1324137 0.0954286 0.0738173 0.1019538 0.0921561 0.0989831 0.0787794 0.1146083 0.0577483 0.0357082 0.0815218 0.1155009 0.0800755 0.1220585 0.0639558 0.0840994 0.0203962 0.0402796 0.0879106 0.0603087 0.0622161 0.1261638 0.0847430 0.0332804 0.0772514 0.0521105 
S0376         0.1491067 0.0802271 0.0722867 0.1076716 0.1289320 0.0750369 0.1087018 0.1043477 0.0739625 0.0876146 0.0791362 0.1135790 0.1235306 0.1386042 0.1115098 0.1205415 0.0959327 0.0788948 0.0837705 0.0000000 0.0647319 0.0686634 0.1030803 0.0771374 0.0983696 0.0581706 0.0270736 0.1030366 0.1157368 0.0902032 0.0619065 0.0807259 0.1089136 0.1131816 0.0946617 0.0711795 0.0670033 0.1076355 0.0943000 0.0766135 0.0659183 0.0683748 0.0700181 0.1031683 0.1439469 0.0861265 0.1145346 0.0882636 0.0645405 0.0745288 0.0614805 0.0667107 0.0561315 0.0565579 0.0807339 0.0711402 0.0894921 0.0957844 0.0730868 0.1043848 0.0607169 0.1088173 0.0912752 0.0701199 0.0725971 0.0623822 0.0674719 0.0683515 0.0991046 0.1320237 0.0623078 0.0914656 0.1022667 0.0732405 0.0878506 0.1345783 0.0582311 0.1435703 0.0743035 0.0852085 0.0976028 0.0921068 0.0615205 0.0835432 0.1461084 0.0676801 0.0784844 0.0707280 0.0897275 0.0735784 0.0820470 0.1270116 0.0821624 0.1109356 0.0936193 0.1190882 0.1007853 0.0688005 0.0855417 0.0959303 0.0729477 0.0655190 0.0634916 0.0794442 0.0978244 0.0479778 0.1039853 0.0941471 0.0667749 0.1143744 0.0820682 0.0581733 0.0932867 0.0947730 0.0799228 0.0647662 0.1109611 0.0884453 0.0757552 0.0689730 0.1044516 0.0659012 0.0982857 0.0418949 0.0705053 0.0921551 0.0795610 0.0830165 0.0597783 0.0680508 0.1031807 0.0667644 0.0764822 0.0314520 0.0576174 
S0400         0.1425207 0.0540434 0.0717560 0.0979625 0.1347504 0.0118111 0.0958083 0.0970506 0.0690484 0.0220920 0.0679856 0.1167087 0.1124643 0.1353569 0.1108533 0.1155810 0.0904527 0.0769991 0.0732437 0.0647319 0.0000000 0.0100972 0.1021805 0.0529477 0.1021911 0.0582475 0.0559649 0.1046633 0.1093687 0.0780421 0.0659908 0.0608487 0.1050066 0.1063443 0.0916831 0.0276835 0.0109963 0.1078227 0.0868759 0.0743087 0.0500029 0.0119403 0.0648570 0.0989402 0.1244189 0.0593160 0.1043175 0.0867130 0.0093103 0.0810887 0.0620377 0.0101068 0.0531939 0.0536090 0.0946465 0.0675846 0.0853439 0.0932612 0.0657772 0.0981888 0.0599762 0.1020088 0.0923717 0.0751982 0.0780184 0.0622162 0.0670329 0.0599076 0.0981590 0.1150957 0.0600308 0.0848986 0.0977479 0.0798719 0.0981964 0.1124478 0.0570500 0.1197022 0.0684357 0.0935665 0.0870450 0.0931547 0.0483201 0.0821943 0.1252801 0.0085229 0.0286214 0.0597792 0.0934725 0.0661208 0.0709834 0.1237800 0.0860693 0.1058604 0.0873885 0.1140000 0.0963768 0.0101120 0.0799522 0.0847780 0.0698878 0.0141300 0.0085287 0.0537810 0.0946719 0.0379851 0.0950790 0.0884397 0.0617693 0.1142850 0.0322760 0.0588689 0.0937566 0.0938475 0.0721255 0.0077523 0.1125150 0.0842861 0.0740979 0.0166030 0.0994869 0.0533204 0.1031844 0.0427654 0.0540371 0.0823839 0.0770517 0.0730360 0.0570326 0.0669957 0.1071164 0.0628104 0.0706786 0.0583703 0.0571450 
S0405         0.1423037 0.0568400 0.0706201 0.1022045 0.1346190 0.0175279 0.1016445 0.0991757 0.0709132 0.0282013 0.0688979 0.1200930 0.1182863 0.1398523 0.1163829 0.1210239 0.0914962 0.0810068 0.0798155 0.0686634 0.0100972 0.0000000 0.1054711 0.0576624 0.1054209 0.0582179 0.0587212 0.1094970 0.1150659 0.0820769 0.0708359 0.0637055 0.1105646 0.1134648 0.0938270 0.0302227 0.0085955 0.1133338 0.0921306 0.0721429 0.0518661 0.0143758 0.0648217 0.1044546 0.1207239 0.0621169 0.1098848 0.0890506 0.0116759 0.0861243 0.0601095 0.0124796 0.0531694 0.0535829 0.0977924 0.0675460 0.0862909 0.0997802 0.0628238 0.1013354 0.0599105 0.1070969 0.0977004 0.0801741 0.0830195 0.0650583 0.0718307 0.0586916 0.0959620 0.1104754 0.0628246 0.0910291 0.1031926 0.0870605 0.1035053 0.1079419 0.0570216 0.1138841 0.0670804 0.0988080 0.0901677 0.0984778 0.0473519 0.0831498 0.1215546 0.0108827 0.0286199 0.0635481 0.0966412 0.0651573 0.0700089 0.1296567 0.0871240 0.1102327 0.0905591 0.1196979 0.1029396 0.0077387 0.0831569 0.0888827 0.0717763 0.0149266 0.0061713 0.0547147 0.0966607 0.0388705 0.0950559 0.0861640 0.0636230 0.1174965 0.0322726 0.0588390 0.0980278 0.0914092 0.0711465 0.0101109 0.1102114 0.0862458 0.0780851 0.0190361 0.1027147 0.0542075 0.1031569 0.0436286 0.0596680 0.0874510 0.0800922 0.0742711 0.0617483 0.0669199 0.1093934 0.0637118 0.0746134 0.0629970 0.0570830 
S0407sl       0.1742610 0.1037381 0.1076883 0.0495156 0.1556248 0.1122432 0.1224886 0.0415152 0.1111554 0.1233105 0.1193494 0.0671239 0.1424828 0.1615466 0.0531020 0.1441415 0.0577289 0.1096163 0.1127173 0.1030803 0.1021805 0.1054711 0.0000000 0.1134982 0.0606709 0.0957624 0.0852795 0.0585343 0.1260424 0.0615909 0.0945315 0.1069526 0.1274297 0.1491888 0.0428010 0.1089143 0.1031455 0.0468733 0.0791836 0.0756707 0.0860596 0.1063143 0.1067820 0.1256692 0.1575470 0.1110541 0.1322862 0.1181547 0.1032893 0.1098216 0.1001085 0.1044370 0.0930083 0.0916210 0.1123922 0.1087056 0.0731507 0.1219421 0.0676285 0.0925446 0.0949594 0.0671313 0.1131108 0.1054430 0.1070808 0.0945484 0.1013648 0.0938950 0.1214103 0.1487347 0.0952885 0.1220330 0.1308385 0.1031999 0.1131259 0.1361075 0.0919930 0.1493528 0.0865676 0.1188078 0.1245728 0.1232148 0.1032981 0.1225869 0.1618623 0.1044423 0.1222948 0.1000426 0.0499566 0.0681508 0.0740347 0.1470327 0.0734241 0.0518497 0.1231865 0.1356713 0.1260693 0.1079129 0.1127797 0.1197461 0.1044658 0.1071675 0.1018795 0.1019142 0.1385804 0.0904381 0.0783284 0.1324919 0.1019537 0.0665482 0.1203208 0.0940483 0.0235476 0.1164769 0.0738208 0.1012817 0.1424003 0.1346770 0.1041427 0.1096267 0.0516020 0.1111242 0.1043713 0.0955220 0.0962303 0.1171421 0.1091020 0.0807696 0.1026393 0.1008982 0.1376005 0.0996406 0.1011811 0.0997559 0.0965723 
S0412sl       0.1604157 0.0482019 0.0887216 0.1198244 0.1376566 0.0621675 0.1086539 0.1093447 0.0797629 0.0697418 0.0969245 0.1216938 0.1229430 0.1456671 0.1165309 0.1274769 0.0988627 0.0939442 0.1004674 0.0771374 0.0529477 0.0576624 0.1134982 0.0000000 0.1092531 0.0775176 0.0712788 0.1227944 0.1191977 0.0952827 0.0768887 0.0502716 0.1140340 0.1154194 0.0997690 0.0624141 0.0571048 0.1183399 0.1008371 0.0929808 0.0450255 0.0580888 0.0935181 0.1077697 0.1469308 0.0486150 0.1103209 0.1027940 0.0548544 0.0871838 0.0795500 0.0577257 0.0729757 0.0725599 0.0996177 0.0918024 0.0988083 0.1055753 0.0849440 0.1170039 0.0751282 0.1145631 0.1034124 0.0831540 0.0877239 0.0751338 0.0761627 0.0877863 0.1218136 0.1353057 0.0700189 0.1001088 0.1151978 0.0932609 0.1055602 0.1348619 0.0741535 0.1424747 0.0834495 0.1022934 0.1082011 0.1062707 0.0645813 0.0981629 0.1514675 0.0557819 0.0696821 0.0742527 0.0982290 0.0879958 0.0919182 0.1247450 0.0937018 0.1184721 0.0975047 0.1182654 0.1057048 0.0577708 0.0955705 0.1139679 0.0818389 0.0608170 0.0538888 0.0463378 0.1128155 0.0559211 0.1056046 0.1004783 0.0742168 0.1279567 0.0719309 0.0740710 0.0978232 0.1122550 0.0942401 0.0549575 0.1266201 0.1015419 0.0908706 0.0609706 0.1067507 0.0733607 0.1099907 0.0611020 0.0521808 0.1073794 0.0906688 0.0941514 0.0712125 0.0826453 0.1155585 0.0869585 0.0871263 0.0736117 0.0751395 
S0417         0.1767770 0.0987904 0.1004346 0.0564297 0.1777600 0.1162532 0.1438929 0.0529198 0.1092543 0.1279864 0.1197249 0.0737880 0.1602331 0.1768055 0.0580193 0.1644475 0.0524269 0.1152022 0.1197728 0.0983696 0.1021911 0.1054209 0.0606709 0.1092531 0.0000000 0.0973111 0.0916409 0.0432828 0.1453636 0.0608652 0.0975310 0.1062062 0.1380993 0.1667311 0.0413264 0.1117933 0.1057344 0.0535790 0.0755607 0.0723932 0.0869622 0.1066812 0.1194676 0.1403984 0.1653322 0.1087258 0.1469450 0.1185758 0.1032795 0.1136336 0.0994613 0.1022581 0.0945804 0.0931951 0.1146424 0.1145078 0.0700947 0.1320481 0.0620464 0.0868979 0.0970269 0.0602899 0.1223538 0.1082066 0.1097481 0.0962339 0.1039521 0.0859406 0.1327529 0.1569992 0.0926135 0.1194160 0.1298261 0.1081448 0.1170006 0.1400404 0.0957846 0.1515867 0.0763445 0.1251439 0.1284926 0.1229977 0.1040626 0.1270331 0.1581054 0.1044112 0.1138486 0.1045020 0.0260568 0.0644161 0.0691654 0.1615553 0.0674585 0.0556872 0.1292789 0.1526929 0.1473659 0.1066838 0.1227944 0.1254800 0.1050400 0.1070855 0.1018956 0.0975750 0.1333335 0.0912495 0.0766708 0.1312014 0.1024113 0.0628424 0.1143528 0.0956812 0.0521514 0.1322648 0.0712496 0.1023481 0.1592504 0.1347642 0.1120046 0.1084258 0.0545280 0.1088365 0.0933865 0.0924668 0.0990382 0.1215846 0.1175324 0.0774817 0.0982491 0.1028828 0.1345636 0.1066873 0.1079525 0.0988575 0.0933206 
S0419         0.1472230 0.0735049 0.0162077 0.1028600 0.0986171 0.0656336 0.0956731 0.0938836 0.0634823 0.0779485 0.0784205 0.1196897 0.1115769 0.1331932 0.1092478 0.1093854 0.0885914 0.0757078 0.0730646 0.0581706 0.0582475 0.0582179 0.0957624 0.0775176 0.0973111 0.0000000 0.0546168 0.0868605 0.1024978 0.0810600 0.0560480 0.0751713 0.0973506 0.1105250 0.0928449 0.0669286 0.0595627 0.0943796 0.0907366 0.0808015 0.0669848 0.0624994 0.0346310 0.0931408 0.1332530 0.0757784 0.1043389 0.0874382 0.0572557 0.0679152 0.0046159 0.0611015 0.0046297 0.0038790 0.0816563 0.0367229 0.0817860 0.0935842 0.0744016 0.1030620 0.0554485 0.0985186 0.0819603 0.0630756 0.0656018 0.0571569 0.0600576 0.0739049 0.0700571 0.1269960 0.0461261 0.0783136 0.0863596 0.0766530 0.0918222 0.1168805 0.0054143 0.1231445 0.0777010 0.0819067 0.0885451 0.0860931 0.0567605 0.0785049 0.1329844 0.0572705 0.0688190 0.0701811 0.0836143 0.0760007 0.0830342 0.1190083 0.0834655 0.1016360 0.0867838 0.1121465 0.0945968 0.0602163 0.0818642 0.0845194 0.0622499 0.0642092 0.0552497 0.0763410 0.0898926 0.0453153 0.0951407 0.0871057 0.0570618 0.1065119 0.0692042 0.0085447 0.0852786 0.0661890 0.0772230 0.0554355 0.0788675 0.0752489 0.0694408 0.0624581 0.1022183 0.0707435 0.1015318 0.0480267 0.0669145 0.0821458 0.0767309 0.0770362 0.0500968 0.0623867 0.0888117 0.0421176 0.0693575 0.0533661 0.0489388 
S0427         0.1473743 0.0723407 0.0653775 0.0978716 0.1252191 0.0644152 0.0932613 0.0944327 0.0654401 0.0766902 0.0782450 0.1045954 0.1068880 0.1319950 0.1024163 0.1170722 0.0895502 0.0733230 0.0738124 0.0270736 0.0559649 0.0587212 0.0852795 0.0712788 0.0916409 0.0546168 0.0000000 0.0981105 0.1015469 0.0842611 0.0605043 0.0758778 0.1044980 0.1087292 0.0859756 0.0671760 0.0600621 0.0948767 0.0914632 0.0692191 0.0609853 0.0591152 0.0635320 0.0922105 0.1336844 0.0748855 0.0999261 0.0885962 0.0568460 0.0720561 0.0564967 0.0587843 0.0505470 0.0509400 0.0817607 0.0680341 0.0819224 0.0876702 0.0659730 0.1032119 0.0561282 0.0923748 0.0839440 0.0635381 0.0704279 0.0597769 0.0627586 0.0647682 0.0984922 0.1184920 0.0575400 0.0884574 0.0989951 0.0692842 0.0827618 0.1230909 0.0534423 0.1289509 0.0590534 0.0759058 0.0848481 0.0936661 0.0615322 0.0753598 0.1413279 0.0587285 0.0716174 0.0640428 0.0851214 0.0663021 0.0743292 0.1143112 0.0793611 0.1016206 0.0888972 0.1082351 0.0961541 0.0607100 0.0804817 0.0908485 0.0658721 0.0580735 0.0539187 0.0708568 0.0939815 0.0449633 0.0963305 0.0785018 0.0589257 0.1121588 0.0761540 0.0533924 0.0793671 0.0931139 0.0723264 0.0579153 0.1106910 0.0838587 0.0674315 0.0629202 0.0946762 0.0571598 0.0990910 0.0357405 0.0622694 0.0848235 0.0740429 0.0816192 0.0571150 0.0630522 0.1015345 0.0614045 0.0640195 0.0265677 0.0514780 
S0428sl       0.1496362 0.0994736 0.0853858 0.0490931 0.1499053 0.1123925 0.1565693 0.0467517 0.1093899 0.1245677 0.1035422 0.0680686 0.1580371 0.1920851 0.0580303 0.1933848 0.0543092 0.1121722 0.1078187 0.1030366 0.1046633 0.1094970 0.0585343 0.1227944 0.0432828 0.0868605 0.0981105 0.0000000 0.1495467 0.0580333 0.0755454 0.1217845 0.1268015 0.1749919 0.0440598 0.1157578 0.1098251 0.0439537 0.0667932 0.0774319 0.1019838 0.1097739 0.1067309 0.1486834 0.1563236 0.1175755 0.1666795 0.1049743 0.1078667 0.0928287 0.0883434 0.0995957 0.0813625 0.0789101 0.1016975 0.1098913 0.0632775 0.1505841 0.0668366 0.0776770 0.1010535 0.0519450 0.1197680 0.0782975 0.0981550 0.0806671 0.0869890 0.0785602 0.1254257 0.1440048 0.0926976 0.1311069 0.1350525 0.0971613 0.1022714 0.1289959 0.0812579 0.1406159 0.0762382 0.1192339 0.1149914 0.1374918 0.1025068 0.1280350 0.1498461 0.1044670 0.1187532 0.1132134 0.0382898 0.0712309 0.0745423 0.1675890 0.0586368 0.0436219 0.1268871 0.1679879 0.1601581 0.1096876 0.1366155 0.1146287 0.1031255 0.1102328 0.1043651 0.0948819 0.1429017 0.0909357 0.0654761 0.1249590 0.0961323 0.0554726 0.1142815 0.0797008 0.0514097 0.1109760 0.0756653 0.0963089 0.1525884 0.1445401 0.0966550 0.1122251 0.0449413 0.1152861 0.0905288 0.0964145 0.1037004 0.1186497 0.1069758 0.0827855 0.0948526 0.1063613 0.1288952 0.0997183 0.1000482 0.1008330 0.0962961 
S0430         0.2069613 0.1214558 0.1213716 0.1353464 0.1609239 0.1226113 0.0183895 0.1233762 0.1188320 0.1429415 0.1401738 0.1494720 0.0312110 0.1016574 0.1361000 0.0360331 0.1301725 0.1296625 0.1264423 0.1157368 0.1093687 0.1150659 0.1260424 0.1191977 0.1453636 0.1024978 0.1015469 0.1495467 0.0000000 0.1221372 0.1117719 0.1199638 0.0791359 0.0339529 0.1277344 0.1206001 0.1114578 0.1326693 0.1246069 0.1149912 0.1103940 0.1080121 0.1054987 0.0205711 0.1704497 0.1183168 0.0229803 0.1551570 0.1117121 0.1263391 0.1070014 0.1129202 0.0996331 0.0993120 0.1347989 0.1099250 0.1252786 0.0844340 0.1131663 0.1441487 0.1210487 0.1436651 0.0558101 0.1262976 0.1231887 0.1076366 0.1123546 0.1176196 0.1309541 0.1689074 0.1011391 0.0736958 0.0909664 0.1160938 0.1309303 0.1672755 0.1008753 0.1837253 0.1305973 0.1417787 0.1528698 0.0812122 0.1090852 0.1212478 0.1876098 0.1082617 0.1296059 0.1205720 0.1290046 0.1171743 0.1251082 0.0304289 0.1161289 0.1400287 0.0706654 0.0212296 0.0186492 0.1153333 0.0803684 0.1365893 0.1171648 0.1179713 0.1082329 0.1193869 0.1438871 0.1023727 0.1341674 0.1422297 0.1081703 0.1266305 0.1287184 0.1017727 0.1224538 0.1279941 0.1230066 0.1096852 0.1431575 0.1316424 0.1220923 0.1173992 0.1325158 0.1210602 0.1332673 0.1024081 0.1100960 0.1352203 0.1296094 0.1305713 0.1074594 0.1288011 0.1557447 0.1096659 0.1218001 0.1022728 0.1103650 
