54
S0055      0.0000000 0.0493917 0.0268762 0.1136445 0.0626704 0.0645486 0.0563498 0.0587068 0.0558648 0.0704862 0.0831481 0.1940491 0.0326221 0.0932411 0.0746641 0.0945261 0.1645841 0.0503175 0.0640233 0.1006484 0.0214034 0.0507848 0.0709693 0.0147426 0.0268762 0.1173620 0.0326961 0.0439314 0.0619410 0.1024605 0.0872447 0.1011615 0.0385635 0.0812403 0.0741588 0.0380491 0.0961057 0.0904852 0.0330321 0.0707441 0.0384029 0.0647053 0.0214034 0.0442734 0.1097758 0.0941290 0.0778780 0.0567531 0.0619909 0.1606411 0.0506756 0.0825208 0.0630176 0.0562225 
S0196sl    0.0493917 0.0000000 0.0274948 0.0734957 0.0204155 0.0512748 0.0273793 0.0652755 0.0501566 0.0419038 0.0920265 0.1739403 0.0274948 0.0573316 0.0493214 0.0425704 0.1183798 0.0204155 0.0431029 0.0811908 0.0346725 0.0663771 0.0350610 0.0374697 0.0274948 0.0897021 0.0423514 0.0346725 0.0806355 0.0657568 0.0652250 0.0657568 0.0576010 0.0067415 0.0493214 0.0346160 0.0737217 0.0840798 0.0421456 0.0650450 0.0419748 0.0287013 0.0346725 0.0499535 0.1077849 0.0571936 0.0427134 0.0274948 0.0346160 0.1402123 0.0204757 0.0742242 0.0353459 0.0346160 
S0282      0.0268762 0.0274948 0.0000000 0.0811690 0.0331121 0.0459879 0.0303919 0.0462373 0.0383593 0.0398096 0.0517482 0.1709018 0.0052729 0.0687576 0.0445397 0.0629759 0.1273348 0.0216825 0.0338080 0.0688612 0.0052508 0.0331957 0.0458711 0.0072381 0.0000010 0.0837390 0.0160375 0.0159787 0.0441812 0.0700570 0.0685897 0.0691939 0.0216183 0.0505922 0.0442473 0.0105460 0.0639982 0.0584016 0.0161999 0.0519866 0.0215251 0.0401534 0.0052508 0.0161023 0.0767654 0.0627178 0.0522528 0.0275023 0.0327724 0.1529711 0.0331194 0.0513818 0.0332928 0.0272450 
S0292      0.1136445 0.0734957 0.0811690 0.0000000 0.1094508 0.1202822 0.0571214 0.1203773 0.1146534 0.1248844 0.1093121 0.2378860 0.0880543 0.1093519 0.1089435 0.1449833 0.2141147 0.0802760 0.1262544 0.0426752 0.0875756 0.1235662 0.1416329 0.0713984 0.0811690 0.1292990 0.0882533 0.0946397 0.1354335 0.0375756 0.0371314 0.0317899 0.1013622 0.1300685 0.1081659 0.0938406 0.0432897 0.1159304 0.0953801 0.1395665 0.1079279 0.1198232 0.0875756 0.0815078 0.1216000 0.0799482 0.1501733 0.1028713 0.0950040 0.2265627 0.1094253 0.1149359 0.1100747 0.1018955 
S0376      0.0626704 0.0204155 0.0331121 0.1094508 0.0000000 0.0653177 0.0365216 0.0707289 0.0755839 0.0579195 0.0918462 0.1721598 0.0390935 0.0815398 0.0565575 0.0756480 0.1357686 0.0453380 0.0454204 0.0962487 0.0389078 0.0705169 0.0710154 0.0145889 0.0331121 0.1131032 0.0509884 0.0507902 0.0820845 0.0980140 0.0958833 0.0967473 0.0572945 0.0628407 0.0561797 0.0446696 0.0915534 0.0858053 0.0515343 0.0706073 0.0570604 0.0650839 0.0389078 0.0511946 0.0987299 0.0896355 0.0779446 0.0391031 0.0503998 0.1695849 0.0448592 0.0778067 0.0330753 0.0387360 
S0427      0.0645486 0.0512748 0.0459879 0.1202822 0.0653177 0.0000000 0.0592055 0.0889733 0.0706763 0.0737525 0.1015137 0.2064057 0.0523841 0.0919965 0.0785789 0.0996486 0.1643613 0.0655623 0.0877141 0.0996883 0.0400442 0.0591407 0.0956273 0.0311137 0.0459879 0.1241008 0.0525080 0.0647096 0.0715528 0.1151264 0.1060287 0.0930004 0.0523252 0.0923753 0.0780178 0.0581835 0.1083189 0.0955120 0.0466957 0.0673473 0.0587744 0.0746570 0.0400442 0.0652410 0.1159873 0.0992255 0.1034499 0.0726836 0.0653215 0.1858036 0.0462421 0.0869827 0.0587043 0.0719698 
S0552sl    0.0563498 0.0273793 0.0303919 0.0571214 0.0365216 0.0592055 0.0000000 0.0567022 0.0635166 0.0559857 0.0806470 0.1819996 0.0369487 0.0703713 0.0497563 0.0773839 0.1420844 0.0241588 0.0508290 0.0706482 0.0367561 0.0646851 0.0568587 0.0220252 0.0303919 0.1088245 0.0435602 0.0431035 0.0844267 0.0717069 0.0703379 0.0639776 0.0569979 0.0562054 0.0560640 0.0430951 0.0719028 0.0800986 0.0438107 0.0769395 0.0501081 0.0447285 0.0367561 0.0372086 0.1013854 0.0636784 0.0640463 0.0435695 0.0303992 0.1454519 0.0500016 0.0715554 0.0434298 0.0431167 
S0558      0.0587068 0.0652755 0.0462373 0.1203773 0.0707289 0.0889733 0.0567022 0.0000000 0.0654522 0.0870390 0.0926299 0.2215209 0.0526663 0.1120799 0.0845771 0.0988292 0.1729636 0.0723436 0.0800615 0.1212005 0.0402631 0.0730875 0.0876891 0.0382609 0.0462373 0.1325250 0.0527913 0.0584980 0.0850540 0.1235643 0.1067143 0.1218749 0.0593381 0.0981932 0.0839745 0.0584922 0.1166321 0.0867727 0.0533774 0.0739634 0.0590888 0.0668438 0.0402631 0.0516290 0.1242033 0.1074530 0.0952429 0.0719456 0.0712472 0.1665565 0.0654265 0.0945349 0.0787323 0.0712472 
S0641      0.0558648 0.0501566 0.0383593 0.1146534 0.0755839 0.0706763 0.0635166 0.0654522 0.0000000 0.0839527 0.0970214 0.2126788 0.0443538 0.1013876 0.0752970 0.1022882 0.1662101 0.0627283 0.0645726 0.1015309 0.0327300 0.0450601 0.0845541 0.0302774 0.0383593 0.1111175 0.0444548 0.0386596 0.0746697 0.1033771 0.1011557 0.1020534 0.0505629 0.0886518 0.0747826 0.0498781 0.0969607 0.1047116 0.0449209 0.0842685 0.0503561 0.0715418 0.0327300 0.0564370 0.1043940 0.0949485 0.0917918 0.0694819 0.0747399 0.1699949 0.0573440 0.0962660 0.0624116 0.0688285 
S0645sl    0.0704862 0.0419038 0.0398096 0.1248844 0.0579195 0.0737525 0.0559857 0.0870390 0.0839527 0.0000000 0.1011971 0.1651020 0.0460563 0.0900995 0.0641310 0.0780578 0.1215455 0.0581777 0.0659519 0.1111983 0.0458278 0.0788314 0.0468130 0.0220935 0.0398096 0.1144993 0.0584124 0.0581792 0.0907245 0.1132959 0.1107856 0.1056204 0.0649927 0.0754993 0.0636897 0.0397146 0.1066158 0.1007955 0.0590576 0.0333732 0.0647254 0.0411400 0.0458278 0.0586538 0.1210856 0.0982268 0.0533395 0.0584138 0.0644374 0.1925858 0.0586779 0.0922378 0.0582469 0.0520906 
S0689      0.0831481 0.0920265 0.0517482 0.1093121 0.0918462 0.1015137 0.0806470 0.0926299 0.0970214 0.1011971 0.0000000 0.2389281 0.0582161 0.1053102 0.1049104 0.1271943 0.1891999 0.0713462 0.0939704 0.1172547 0.0579172 0.0920101 0.1086267 0.0636129 0.0517482 0.1454265 0.0708794 0.0705950 0.0904145 0.1194647 0.1168285 0.1178841 0.0710055 0.1123727 0.1041461 0.0640083 0.0987687 0.1061084 0.0716727 0.1157600 0.0773582 0.0803602 0.0579172 0.0451172 0.1447988 0.0969334 0.1166553 0.0792551 0.0774937 0.1989749 0.0918349 0.1142415 0.0923827 0.0713510 
S0735      0.1940491 0.1739403 0.1709018 0.2378860 0.1721598 0.2064057 0.1819996 0.2215209 0.2126788 0.1651020 0.2389281 0.0000000 0.1800186 0.1956104 0.1858176 0.1645848 0.0340872 0.1733855 0.2003425 0.2215083 0.1787647 0.2094675 0.2104485 0.1685824 0.1709018 0.1814591 0.1880458 0.1952628 0.2208589 0.2261967 0.2223631 0.1958916 0.1685629 0.1911076 0.1843744 0.1863190 0.2183381 0.2167195 0.1986173 0.1605541 0.1886656 0.1788856 0.1787647 0.1811741 0.1644505 0.2001556 0.2136990 0.1797715 0.1868588 0.2912719 0.1808456 0.2040826 0.1726158 0.1714867 
S0756      0.0326221 0.0274948 0.0052729 0.0880543 0.0390935 0.0523841 0.0369487 0.0526663 0.0443538 0.0460563 0.0582161 0.1800186 0.0000000 0.0754094 0.0507071 0.0695492 0.1261497 0.0274173 0.0399245 0.0755219 0.0106189 0.0391894 0.0522528 0.0072381 0.0052729 0.0908814 0.0216284 0.0215472 0.0502942 0.0768524 0.0752266 0.0758933 0.0273339 0.0569000 0.0503699 0.0159969 0.0706924 0.0650531 0.0218490 0.0584858 0.0272169 0.0464575 0.0106189 0.0217150 0.0837307 0.0692607 0.0588007 0.0333921 0.0386855 0.1619494 0.0391009 0.0577963 0.0393088 0.0330780 
S0771      0.0932411 0.0573316 0.0687576 0.1093519 0.0815398 0.0919965 0.0703713 0.1120799 0.1013876 0.0900995 0.1053102 0.1956104 0.0754094 0.0000000 0.0686541 0.0752572 0.1741136 0.0824047 0.0966340 0.1094833 0.0750124 0.1098852 0.0970140 0.0372320 0.0687576 0.1126789 0.0882335 0.0818365 0.1079789 0.1115137 0.1090805 0.1100602 0.0951637 0.0877205 0.0681914 0.0811517 0.1049497 0.0992166 0.0892167 0.1037284 0.0948062 0.0776429 0.0750124 0.0758859 0.1050407 0.1027335 0.1044520 0.0629122 0.0814091 0.1778290 0.0694218 0.0908333 0.0819954 0.0689768 
S1083      0.0746641 0.0493214 0.0445397 0.1089435 0.0565575 0.0785789 0.0497563 0.0845771 0.0752970 0.0641310 0.1049104 0.1858176 0.0507071 0.0686541 0.0000000 0.0751798 0.1492450 0.0510283 0.0703278 0.0958317 0.0504589 0.0829441 0.0835540 0.0454627 0.0445397 0.1265579 0.0628470 0.0567786 0.0817601 0.0975780 0.0954697 0.0963249 0.0693228 0.0624771 0.0000022 0.0563160 0.0911591 0.0988426 0.0576155 0.0769789 0.0690478 0.0645311 0.0504589 0.0630998 0.1186853 0.0892610 0.0906952 0.0389036 0.0621182 0.1441459 0.0565627 0.0905020 0.0568690 0.0502389 
S1129sl    0.0945261 0.0425704 0.0629759 0.1449833 0.0756480 0.0996486 0.0773839 0.0988292 0.1022882 0.0780578 0.1271943 0.1645848 0.0695492 0.0752572 0.0751798 0.0000000 0.1432483 0.0764584 0.0905170 0.1310093 0.0691871 0.1036996 0.0908662 0.0543046 0.0629759 0.1353195 0.0822869 0.0819610 0.1155286 0.1335053 0.1305496 0.1174640 0.0891507 0.0692957 0.0746673 0.0752949 0.1267077 0.1069149 0.0832038 0.0843399 0.0888097 0.0847681 0.0691871 0.0826197 0.1272034 0.1099792 0.0982134 0.0571464 0.0755368 0.1712523 0.0514161 0.0982407 0.0700834 0.0631774 
S1148      0.1645841 0.1183798 0.1273348 0.2141147 0.1357686 0.1643613 0.1420844 0.1729636 0.1662101 0.1215455 0.1891999 0.0340872 0.1261497 0.1741136 0.1492450 0.1432483 0.0000000 0.1368229 0.1537022 0.1904226 0.1347008 0.1622056 0.1628437 0.0998688 0.1273348 0.1677127 0.1430879 0.1500281 0.1664627 0.2022901 0.1984724 0.1732916 0.1256367 0.1546889 0.1481056 0.1418309 0.1945994 0.1763992 0.1525508 0.1182772 0.1435275 0.1331685 0.1347008 0.1364604 0.1508668 0.1618583 0.1653045 0.1431694 0.1500583 0.2463211 0.1439738 0.1649589 0.1361681 0.1353543 
S1201sl    0.0503175 0.0204155 0.0216825 0.0802760 0.0453380 0.0655623 0.0241588 0.0723436 0.0627283 0.0581777 0.0713462 0.1733855 0.0274173 0.0824047 0.0510283 0.0764584 0.1368229 0.0000000 0.0587457 0.0681089 0.0272924 0.0576183 0.0717965 0.0145889 0.0216825 0.0699592 0.0389251 0.0387759 0.0689872 0.0692779 0.0678426 0.0684342 0.0449797 0.0635152 0.0567784 0.0328943 0.0632877 0.0577501 0.0393333 0.0709187 0.0447924 0.0530579 0.0272924 0.0390817 0.0759033 0.0620357 0.0788042 0.0395285 0.0448559 0.1713844 0.0453452 0.0508206 0.0455905 0.0391540 
S1211      0.0640233 0.0431029 0.0338080 0.1262544 0.0454204 0.0877141 0.0508290 0.0800615 0.0645726 0.0659519 0.0939704 0.2003425 0.0399245 0.0966340 0.0703278 0.0905170 0.1537022 0.0587457 0.0000000 0.1123949 0.0397296 0.0518846 0.0726098 0.0227567 0.0338080 0.1145030 0.0520857 0.0518789 0.0839027 0.1145404 0.1119745 0.1130050 0.0585400 0.0769980 0.0698403 0.0456169 0.1077775 0.1018950 0.0526559 0.0792216 0.0582964 0.0594519 0.0397296 0.0523007 0.0987201 0.1054384 0.0797169 0.0520881 0.0638220 0.1907877 0.0581110 0.0932151 0.0584358 0.0515876 
S1214sl    0.1006484 0.0811908 0.0688612 0.0426752 0.0962487 0.0996883 0.0706482 0.1212005 0.1015309 0.1111983 0.1172547 0.2215083 0.0755219 0.1094833 0.0958317 0.1310093 0.1904226 0.0681089 0.1123949 0.0000000 0.0751238 0.1100409 0.1273347 0.0712788 0.0688612 0.1157678 0.0883613 0.0819568 0.1021577 0.0376228 0.0371775 0.0318298 0.0885164 0.1164379 0.0951542 0.0812703 0.0211853 0.1102972 0.0825784 0.1116344 0.0949420 0.1125686 0.0751238 0.0887172 0.1082947 0.0736529 0.1355799 0.0898196 0.0822520 0.2015919 0.0962344 0.1017682 0.0967980 0.0889642 
S1227      0.0214034 0.0346725 0.0052508 0.0875756 0.0389078 0.0400442 0.0367561 0.0402631 0.0327300 0.0458278 0.0579172 0.1787647 0.0106189 0.0750124 0.0504589 0.0691871 0.1347008 0.0272924 0.0397296 0.0751238 0.0000000 0.0275338 0.0461206 0.0072920 0.0052508 0.0903691 0.0106431 0.0214520 0.0384817 0.0764389 0.0748314 0.0754910 0.0161396 0.0566153 0.0501252 0.0159277 0.0703174 0.0647100 0.0107499 0.0459890 0.0160692 0.0401534 0.0000010 0.0216183 0.0832695 0.0689018 0.0525370 0.0332359 0.0385039 0.1456186 0.0274689 0.0575013 0.0391210 0.0329248 
S1235sl    0.0507848 0.0663771 0.0331957 0.1235662 0.0705169 0.0591407 0.0646851 0.0730875 0.0450601 0.0788314 0.0920101 0.2094675 0.0391894 0.1098852 0.0829441 0.1036996 0.1622056 0.0576183 0.0518846 0.1100409 0.0275338 0.0000000 0.0721694 0.0389261 0.0331957 0.1201695 0.0392801 0.0509063 0.0696595 0.0981790 0.1096354 0.1106241 0.0453971 0.0898330 0.0823633 0.0447751 0.1054905 0.0997283 0.0396959 0.0791318 0.0334299 0.0662993 0.0275338 0.0513121 0.1058706 0.1032509 0.0654144 0.0643714 0.0697224 0.1715166 0.0580513 0.0912878 0.0709183 0.0637546 
S1245      0.0709693 0.0350610 0.0458711 0.1416329 0.0710154 0.0956273 0.0568587 0.0876891 0.0845541 0.0468130 0.1086267 0.2104485 0.0522528 0.0970140 0.0835540 0.0908662 0.1628437 0.0717965 0.0726098 0.1273347 0.0461206 0.0721694 0.0000000 0.0000010 0.0458711 0.1312400 0.0588021 0.0645557 0.0913880 0.1214115 0.1268713 0.1280459 0.0654365 0.0905135 0.0829645 0.0457607 0.1228640 0.1169422 0.0594568 0.0534141 0.0583518 0.0470197 0.0461206 0.0650850 0.1380918 0.1201463 0.0052879 0.0648164 0.0709165 0.1944954 0.0590716 0.1077241 0.0714230 0.0583741 
S1246      0.0147426 0.0374697 0.0072381 0.0713984 0.0145889 0.0311137 0.0220252 0.0382609 0.0302774 0.0220935 0.0636129 0.1685824 0.0072381 0.0372320 0.0454627 0.0543046 0.0998688 0.0145889 0.0227567 0.0712788 0.0072920 0.0389261 0.0000010 0.0000000 0.0072381 0.0798969 0.0148592 0.0146152 0.0457864 0.0630522 0.0625000 0.0630522 0.0303688 0.0455988 0.0454627 0.0145889 0.0716359 0.0641081 0.0147823 0.0381043 0.0147234 0.0000022 0.0072920 0.0301461 0.0989862 0.0456748 0.0072296 0.0221245 0.0297320 0.1012743 0.0222574 0.0634038 0.0381040 0.0297320 
S1278      0.0268762 0.0274948 0.0000010 0.0811690 0.0331121 0.0459879 0.0303919 0.0462373 0.0383593 0.0398096 0.0517482 0.1709018 0.0052729 0.0687576 0.0445397 0.0629759 0.1273348 0.0216825 0.0338080 0.0688612 0.0052508 0.0331957 0.0458711 0.0072381 0.0000000 0.0837390 0.0160375 0.0159787 0.0441812 0.0700570 0.0685897 0.0691939 0.0216183 0.0505922 0.0442473 0.0105460 0.0639982 0.0584016 0.0161999 0.0519866 0.0215251 0.0401534 0.0052508 0.0161023 0.0767654 0.0627178 0.0522528 0.0275023 0.0327724 0.1529711 0.0331194 0.0513818 0.0332928 0.0272450 
S1332      0.1173620 0.0897021 0.0837390 0.1292990 0.1131032 0.1241008 0.1088245 0.1325250 0.1111175 0.1144993 0.1454265 0.1814591 0.0908814 0.1126789 0.1265579 0.1353195 0.1677127 0.0699592 0.1145030 0.1157678 0.0903691 0.1201695 0.1312400 0.0798969 0.0837390 0.0000000 0.1044783 0.0969730 0.1254203 0.1179205 0.1161891 0.1163813 0.1118875 0.1344871 0.1256161 0.0835314 0.1113228 0.0456279 0.1056976 0.1149624 0.1042733 0.1244997 0.0903691 0.0977992 0.0277030 0.1095537 0.1397998 0.1062789 0.1117027 0.2315186 0.1130732 0.0390477 0.1137675 0.1052418 
S1369      0.0326961 0.0423514 0.0160375 0.0882533 0.0509884 0.0525080 0.0435602 0.0527913 0.0444548 0.0584124 0.0708794 0.1880458 0.0216284 0.0882335 0.0628470 0.0822869 0.1430879 0.0389251 0.0520857 0.0883613 0.0106431 0.0392801 0.0588021 0.0148592 0.0160375 0.1044783 0.0000000 0.0327716 0.0504087 0.0899428 0.0880253 0.0888060 0.0273967 0.0692579 0.0624238 0.0270318 0.0836567 0.0780014 0.0218994 0.0586235 0.0272792 0.0526443 0.0106431 0.0330278 0.0970725 0.0819417 0.0655139 0.0451564 0.0504437 0.1623243 0.0391912 0.0703543 0.0452465 0.0447313 
S1370      0.0439314 0.0346725 0.0159787 0.0946397 0.0507902 0.0647096 0.0431035 0.0584980 0.0386596 0.0581792 0.0705950 0.1952628 0.0215472 0.0818365 0.0567786 0.0819610 0.1500281 0.0387759 0.0518789 0.0819568 0.0214520 0.0509063 0.0645557 0.0146152 0.0159787 0.0969730 0.0327716 0.0000000 0.0620890 0.0834129 0.0816406 0.0823647 0.0386535 0.0689862 0.0563992 0.0269306 0.0771868 0.0776850 0.0331092 0.0709214 0.0384922 0.0586879 0.0214520 0.0329022 0.0966788 0.0756133 0.0713337 0.0449813 0.0502497 0.1658856 0.0507966 0.0700742 0.0510711 0.0445593 
S1375      0.0619410 0.0806355 0.0441812 0.1354335 0.0820845 0.0715528 0.0844267 0.0850540 0.0746697 0.0907245 0.0904145 0.2208589 0.0502942 0.1079789 0.0817601 0.1155286 0.1664627 0.0689872 0.0839027 0.1021577 0.0384817 0.0696595 0.0913880 0.0457864 0.0441812 0.1254203 0.0504087 0.0620890 0.0000000 0.1241269 0.1214304 0.1225076 0.0566298 0.1015364 0.0811966 0.0558582 0.1175154 0.0979682 0.0451740 0.0910700 0.0564007 0.0716310 0.0384817 0.0625784 0.1176282 0.1150337 0.0987854 0.0758944 0.0811555 0.1700915 0.0695191 0.0897184 0.0825462 0.0751796 
S1376      0.1024605 0.0657568 0.0700570 0.0375756 0.0980140 0.1151264 0.0717069 0.1235643 0.1033771 0.1132959 0.1194647 0.2261967 0.0768524 0.1115137 0.0975780 0.1335053 0.2022901 0.0692779 0.1145404 0.0376228 0.0764389 0.0981790 0.1214115 0.0630522 0.0700570 0.1179205 0.0899428 0.0834129 0.1241269 0.0000000 0.0320620 0.0266840 0.0901035 0.1186187 0.0968761 0.0827005 0.0265146 0.1123588 0.0758275 0.1279408 0.0833607 0.1147172 0.0764389 0.0903112 0.1102833 0.0814319 0.1296159 0.0914544 0.0898926 0.2227922 0.0979981 0.1036249 0.0985830 0.0905697 
S1422      0.0872447 0.0652250 0.0685897 0.0371314 0.0958833 0.1060287 0.0703379 0.1067143 0.1011557 0.1107856 0.1168285 0.2223631 0.0752266 0.1090805 0.0954697 0.1305496 0.1984724 0.0678426 0.1119745 0.0371775 0.0748314 0.1096354 0.1268713 0.0625000 0.0685897 0.1161891 0.0880253 0.0816406 0.1214304 0.0320620 0.0000000 0.0263736 0.0881794 0.1160153 0.0947967 0.0809586 0.0377081 0.1098902 0.0822578 0.1250797 0.0945857 0.1121478 0.0748314 0.0883790 0.1086854 0.0797415 0.1350924 0.0894738 0.0819335 0.2002975 0.0958694 0.1013912 0.0964292 0.0886239 
S1449      0.1011615 0.0657568 0.0691939 0.0317899 0.0967473 0.0930004 0.0639776 0.1218749 0.1020534 0.1056204 0.1178841 0.1958916 0.0758933 0.1100602 0.0963249 0.1174640 0.1732916 0.0684342 0.1130050 0.0318298 0.0754910 0.1106241 0.1280459 0.0630522 0.0691939 0.1163813 0.0888060 0.0823647 0.1225076 0.0266840 0.0263736 0.0000000 0.0818267 0.1170593 0.0956399 0.0816713 0.0322816 0.1108831 0.0829944 0.1189848 0.0954256 0.1131797 0.0754910 0.0891653 0.1088595 0.0679985 0.1363514 0.0902799 0.0826635 0.2194698 0.0967325 0.1022936 0.0973022 0.0894166 
S1460      0.0385635 0.0576010 0.0216183 0.1013622 0.0572945 0.0523252 0.0569979 0.0593381 0.0505629 0.0649927 0.0710055 0.1685629 0.0273339 0.0951637 0.0693228 0.0891507 0.1256367 0.0449797 0.0585400 0.0885164 0.0161396 0.0453971 0.0654365 0.0303688 0.0216183 0.1118875 0.0273967 0.0386535 0.0566298 0.0901035 0.0881794 0.0818267 0.0000000 0.0758745 0.0688505 0.0327930 0.0838060 0.0849689 0.0276798 0.0576356 0.0330980 0.0528637 0.0161396 0.0389574 0.1043176 0.0820851 0.0723116 0.0513704 0.0566728 0.1638581 0.0452964 0.0770831 0.0576147 0.0508849 
S1462      0.0812403 0.0067415 0.0505922 0.1300685 0.0628407 0.0923753 0.0562054 0.0981932 0.0886518 0.0754993 0.1123727 0.1911076 0.0569000 0.0877205 0.0624771 0.0692957 0.1546889 0.0635152 0.0769980 0.1164379 0.0566153 0.0898330 0.0905135 0.0455988 0.0505922 0.1344871 0.0692579 0.0689862 0.1015364 0.1186187 0.1160153 0.1170593 0.0758745 0.0000000 0.0620581 0.0625639 0.1119729 0.1062267 0.0700146 0.0884724 0.0755767 0.0844301 0.0566153 0.0695373 0.1264145 0.1095895 0.0978406 0.0448860 0.0684463 0.1770160 0.0508040 0.0976104 0.0573308 0.0563687 
S1498      0.0741588 0.0493214 0.0442473 0.1081659 0.0561797 0.0780178 0.0560640 0.0839745 0.0747826 0.0636897 0.1041461 0.1843744 0.0503699 0.0681914 0.0000022 0.0746673 0.1481056 0.0567784 0.0698403 0.0951542 0.0501252 0.0823633 0.0829645 0.0454627 0.0442473 0.1256161 0.0624238 0.0563992 0.0811966 0.0968761 0.0947967 0.0956399 0.0688505 0.0620581 0.0000000 0.0559418 0.0905058 0.0981224 0.0572236 0.0764419 0.0685791 0.0704970 0.0501252 0.0626731 0.1178112 0.0886337 0.0900465 0.0386486 0.0617042 0.1430325 0.0561850 0.0898576 0.0564879 0.0499080 
S_670      0.0380491 0.0346160 0.0105460 0.0938406 0.0446696 0.0581835 0.0430951 0.0584922 0.0498781 0.0397146 0.0640083 0.1863190 0.0159969 0.0811517 0.0563160 0.0752949 0.1418309 0.0328943 0.0456169 0.0812703 0.0159277 0.0447751 0.0457607 0.0145889 0.0105460 0.0835314 0.0270318 0.0269306 0.0558582 0.0827005 0.0809586 0.0816713 0.0327930 0.0625639 0.0559418 0.0000000 0.0765302 0.0709244 0.0273073 0.0518610 0.0326550 0.0400568 0.0159277 0.0271392 0.0896400 0.0749831 0.0521256 0.0389479 0.0442015 0.1684022 0.0446767 0.0635436 0.0449149 0.0385839 
SRR8528336 0.0961057 0.0737217 0.0639982 0.0432897 0.0915534 0.1083189 0.0719028 0.1166321 0.0969607 0.1066158 0.0987687 0.2183381 0.0706924 0.1049497 0.0911591 0.1267077 0.1945994 0.0632877 0.1077775 0.0211853 0.0703174 0.1054905 0.1228640 0.0716359 0.0639982 0.1113228 0.0836567 0.0771868 0.1175154 0.0265146 0.0377081 0.0322816 0.0838060 0.1119729 0.0905058 0.0765302 0.0000000 0.1057411 0.0697539 0.1070398 0.0902992 0.1079550 0.0703174 0.0840004 0.1037869 0.0689189 0.1311793 0.0850571 0.0835970 0.1980543 0.0915423 0.0971872 0.0920858 0.0842316 
SRR8528341 0.0904852 0.0840798 0.0584016 0.1159304 0.0858053 0.0955120 0.0800986 0.0867727 0.1047116 0.1007955 0.1061084 0.2167195 0.0650531 0.0992166 0.0988426 0.1069149 0.1763992 0.0577501 0.1018950 0.1102972 0.0647100 0.0997283 0.1169422 0.0641081 0.0584016 0.0456279 0.0780014 0.0776850 0.0979682 0.1123588 0.1098902 0.1108831 0.0849689 0.1062267 0.0981224 0.0709244 0.1057411 0.0000000 0.0788883 0.1011974 0.0778281 0.1103182 0.0647100 0.0574089 0.0394191 0.0832057 0.1252168 0.0793129 0.0847872 0.1965661 0.0857980 0.0163484 0.0863090 0.0785348 
SRR8528343 0.0330321 0.0421456 0.0161999 0.0953801 0.0515343 0.0466957 0.0438107 0.0533774 0.0449209 0.0590576 0.0716727 0.1986173 0.0218490 0.0892167 0.0576155 0.0832038 0.1525508 0.0393333 0.0526559 0.0825784 0.0107499 0.0396959 0.0594568 0.0147823 0.0161999 0.1056976 0.0218994 0.0331092 0.0451740 0.0758275 0.0822578 0.0829944 0.0276798 0.0700146 0.0572236 0.0273073 0.0697539 0.0788883 0.0000000 0.0592735 0.0275597 0.0532266 0.0107499 0.0333705 0.0981909 0.0828508 0.0662538 0.0456373 0.0448603 0.1644262 0.0396053 0.0711353 0.0518244 0.0452035 
SRR8528347 0.0707441 0.0650450 0.0519866 0.1395665 0.0706073 0.0673473 0.0769395 0.0739634 0.0842685 0.0333732 0.1157600 0.1605541 0.0584858 0.1037284 0.0769789 0.0843399 0.1182772 0.0709187 0.0792216 0.1116344 0.0459890 0.0791318 0.0534141 0.0381043 0.0519866 0.1149624 0.0586235 0.0709214 0.0910700 0.1279408 0.1250797 0.1189848 0.0576356 0.0884724 0.0764419 0.0518610 0.1070398 0.1011974 0.0592735 0.0000000 0.0649620 0.0474207 0.0459890 0.0715029 0.1215779 0.1047333 0.0601167 0.0712067 0.0773547 0.1606688 0.0588910 0.0925964 0.0710094 0.0646717 
SRR8528350 0.0384029 0.0419748 0.0215251 0.1079279 0.0570604 0.0587744 0.0501081 0.0590888 0.0503561 0.0647254 0.0773582 0.1886656 0.0272169 0.0948062 0.0690478 0.0888097 0.1435275 0.0447924 0.0582964 0.0949420 0.0160692 0.0334299 0.0583518 0.0147234 0.0215251 0.1042733 0.0272792 0.0384922 0.0564007 0.0833607 0.0945857 0.0954256 0.0330980 0.0755767 0.0685791 0.0326550 0.0902992 0.0778281 0.0275597 0.0649620 0.0000000 0.0589225 0.0160692 0.0273885 0.0968762 0.0757472 0.0650117 0.0511576 0.0564433 0.1705360 0.0451065 0.0701953 0.0573783 0.0506756 
SRR8528354 0.0647053 0.0287013 0.0401534 0.1198232 0.0650839 0.0746570 0.0447285 0.0668438 0.0715418 0.0411400 0.0803602 0.1788856 0.0464575 0.0776429 0.0645311 0.0847681 0.1331685 0.0530579 0.0594519 0.1125686 0.0401534 0.0662993 0.0470197 0.0000022 0.0401534 0.1244997 0.0526443 0.0586879 0.0716310 0.1147172 0.1121478 0.1131797 0.0528637 0.0844301 0.0704970 0.0400568 0.1079550 0.1103182 0.0532266 0.0474207 0.0589225 0.0000000 0.0401534 0.0591707 0.1224107 0.0991621 0.0535757 0.0589265 0.0650022 0.1750551 0.0528832 0.1012910 0.0654581 0.0525452 
SRR8528357 0.0214034 0.0346725 0.0052508 0.0875756 0.0389078 0.0400442 0.0367561 0.0402631 0.0327300 0.0458278 0.0579172 0.1787647 0.0106189 0.0750124 0.0504589 0.0691871 0.1347008 0.0272924 0.0397296 0.0751238 0.0000010 0.0275338 0.0461206 0.0072920 0.0052508 0.0903691 0.0106431 0.0214520 0.0384817 0.0764389 0.0748314 0.0754910 0.0161396 0.0566153 0.0501252 0.0159277 0.0703174 0.0647100 0.0107499 0.0459890 0.0160692 0.0401534 0.0000000 0.0216183 0.0832695 0.0689018 0.0525370 0.0332359 0.0385039 0.1456186 0.0274689 0.0575013 0.0391210 0.0329248 
SRR8528359 0.0442734 0.0499535 0.0161023 0.0815078 0.0511946 0.0652410 0.0372086 0.0516290 0.0564370 0.0586538 0.0451172 0.1811741 0.0217150 0.0758859 0.0630998 0.0826197 0.1364604 0.0390817 0.0523007 0.0887172 0.0216183 0.0513121 0.0650850 0.0301461 0.0161023 0.0977992 0.0330278 0.0329022 0.0625784 0.0903112 0.0883790 0.0891653 0.0389574 0.0695373 0.0626731 0.0271392 0.0840004 0.0574089 0.0333705 0.0715029 0.0273885 0.0591707 0.0216183 0.0000000 0.0905084 0.0696994 0.0719232 0.0453394 0.0506456 0.1711148 0.0512009 0.0641400 0.0514797 0.0449111 
SRR8528361 0.1097758 0.1077849 0.0767654 0.1216000 0.0987299 0.1159873 0.1013854 0.1242033 0.1043940 0.1210856 0.1447988 0.1644505 0.0837307 0.1050407 0.1186853 0.1272034 0.1508668 0.0759033 0.0987201 0.1082947 0.0832695 0.1058706 0.1380918 0.0989862 0.0767654 0.0277030 0.0970725 0.0966788 0.1176282 0.1102833 0.1086854 0.1088595 0.1043176 0.1264145 0.1178112 0.0896400 0.1037869 0.0394191 0.0981909 0.1215779 0.0968762 0.1224107 0.0832695 0.0905084 0.0000000 0.1021568 0.1467795 0.0987250 0.1041326 0.2210157 0.1053933 0.0330512 0.1060316 0.0977646 
SRR8528365 0.0941290 0.0571936 0.0627178 0.0799482 0.0896355 0.0992255 0.0636784 0.1074530 0.0949485 0.0982268 0.0969334 0.2001556 0.0692607 0.1027335 0.0892610 0.1099792 0.1618583 0.0620357 0.1054384 0.0736529 0.0689018 0.1032509 0.1201463 0.0456748 0.0627178 0.1095537 0.0819417 0.0756133 0.1150337 0.0814319 0.0797415 0.0679985 0.0820851 0.1095895 0.0886337 0.0749831 0.0689189 0.0832057 0.0828508 0.1047333 0.0757472 0.0991621 0.0689018 0.0696994 0.1021568 0.0000000 0.1282375 0.0832854 0.0885953 0.1933457 0.0896259 0.0755110 0.0901466 0.0824914 
SRR8528370 0.0778780 0.0427134 0.0522528 0.1501733 0.0779446 0.1034499 0.0640463 0.0952429 0.0917918 0.0533395 0.1166553 0.2136990 0.0588007 0.1044520 0.0906952 0.0982134 0.1653045 0.0788042 0.0797169 0.1355799 0.0525370 0.0654144 0.0052879 0.0072296 0.0522528 0.1397998 0.0655139 0.0713337 0.0987854 0.1296159 0.1350924 0.1363514 0.0723116 0.0978406 0.0900465 0.0521256 0.1311793 0.1252168 0.0662538 0.0601167 0.0650117 0.0535757 0.0525370 0.0719232 0.1467795 0.1282375 0.0000000 0.0716229 0.0778219 0.2048906 0.0658194 0.1156644 0.0783959 0.0650336 
SRR8528372 0.0567531 0.0274948 0.0275023 0.1028713 0.0391031 0.0726836 0.0435695 0.0719456 0.0694819 0.0584138 0.0792551 0.1797715 0.0333921 0.0629122 0.0389036 0.0571464 0.1431694 0.0395285 0.0520881 0.0898196 0.0332359 0.0643714 0.0648164 0.0221245 0.0275023 0.1062789 0.0451564 0.0449813 0.0758944 0.0914544 0.0894738 0.0902799 0.0513704 0.0448860 0.0386486 0.0389479 0.0850571 0.0793129 0.0456373 0.0712067 0.0511576 0.0589265 0.0332359 0.0453394 0.0987250 0.0832854 0.0716229 0.0000000 0.0446371 0.1381130 0.0391105 0.0715094 0.0393184 0.0330884 
SRR8528379 0.0619909 0.0346160 0.0327724 0.0950040 0.0503998 0.0653215 0.0303992 0.0712472 0.0747399 0.0644374 0.0774937 0.1868588 0.0386855 0.0814091 0.0621182 0.0755368 0.1500583 0.0448559 0.0638220 0.0822520 0.0385039 0.0697224 0.0709165 0.0297320 0.0327724 0.1117027 0.0504437 0.0502497 0.0811555 0.0898926 0.0819335 0.0826635 0.0566728 0.0684463 0.0617042 0.0442015 0.0835970 0.0847872 0.0448603 0.0773547 0.0564433 0.0650022 0.0385039 0.0506456 0.1041326 0.0885953 0.0778219 0.0446371 0.0000000 0.1578598 0.0383489 0.0769100 0.0388643 0.0105323 
SRR8528381 0.1606411 0.1402123 0.1529711 0.2265627 0.1695849 0.1858036 0.1454519 0.1665565 0.1699949 0.1925858 0.1989749 0.2912719 0.1619494 0.1778290 0.1441459 0.1712523 0.2463211 0.1713844 0.1907877 0.2015919 0.1456186 0.1715166 0.1944954 0.1012743 0.1529711 0.2315186 0.1623243 0.1658856 0.1700915 0.2227922 0.2002975 0.2194698 0.1638581 0.1770160 0.1430325 0.1684022 0.1980543 0.1965661 0.1644262 0.1606688 0.1705360 0.1750551 0.1456186 0.1711148 0.2210157 0.1933457 0.2048906 0.1381130 0.1578598 0.0000000 0.1368801 0.1842827 0.1705974 0.1429732 
SRR8528384 0.0506756 0.0204757 0.0331194 0.1094253 0.0448592 0.0462421 0.0500016 0.0654265 0.0573440 0.0586779 0.0918349 0.1808456 0.0391009 0.0694218 0.0565627 0.0514161 0.1439738 0.0453452 0.0581110 0.0962344 0.0274689 0.0580513 0.0590716 0.0222574 0.0331194 0.1130732 0.0391912 0.0507966 0.0695191 0.0979981 0.0958694 0.0967325 0.0452964 0.0508040 0.0561850 0.0446767 0.0915423 0.0857980 0.0396053 0.0588910 0.0451065 0.0528832 0.0274689 0.0512009 0.1053933 0.0896259 0.0658194 0.0391105 0.0383489 0.1368801 0.0000000 0.0778041 0.0393933 0.0270765 
SRR8528389 0.0825208 0.0742242 0.0513818 0.1149359 0.0778067 0.0869827 0.0715554 0.0945349 0.0962660 0.0922378 0.1142415 0.2040826 0.0577963 0.0908333 0.0905020 0.0982407 0.1649589 0.0508206 0.0932151 0.1017682 0.0575013 0.0912878 0.1077241 0.0634038 0.0513818 0.0390477 0.0703543 0.0700742 0.0897184 0.1036249 0.1013912 0.1022936 0.0770831 0.0976104 0.0898576 0.0635436 0.0971872 0.0163484 0.0711353 0.0925964 0.0701953 0.1012910 0.0575013 0.0641400 0.0330512 0.0755110 0.1156644 0.0715094 0.0769100 0.1842827 0.0778041 0.0000000 0.0782555 0.0708182 
SRR8528391 0.0630176 0.0353459 0.0332928 0.1100747 0.0330753 0.0587043 0.0434298 0.0787323 0.0624116 0.0582469 0.0923827 0.1726158 0.0393088 0.0819954 0.0568690 0.0700834 0.1361681 0.0455905 0.0584358 0.0967980 0.0391210 0.0709183 0.0714230 0.0381040 0.0332928 0.1137675 0.0452465 0.0510711 0.0825462 0.0985830 0.0964292 0.0973022 0.0576147 0.0573308 0.0564879 0.0449149 0.0920858 0.0863090 0.0518244 0.0710094 0.0573783 0.0654581 0.0391210 0.0514797 0.1060316 0.0901466 0.0783959 0.0393184 0.0388643 0.1705974 0.0393933 0.0782555 0.0000000 0.0274316 
SRR8528400 0.0562225 0.0346160 0.0272450 0.1018955 0.0387360 0.0719698 0.0431167 0.0712472 0.0688285 0.0520906 0.0713510 0.1714867 0.0330780 0.0689768 0.0502389 0.0631774 0.1353543 0.0391540 0.0515876 0.0889642 0.0329248 0.0637546 0.0583741 0.0297320 0.0272450 0.1052418 0.0447313 0.0445593 0.0751796 0.0905697 0.0886239 0.0894166 0.0508849 0.0563687 0.0499080 0.0385839 0.0842316 0.0785348 0.0452035 0.0646717 0.0506756 0.0525452 0.0329248 0.0449111 0.0977646 0.0824914 0.0650336 0.0330884 0.0105323 0.1429732 0.0270765 0.0708182 0.0274316 0.0000000 
