92
S0055      0.0000000 0.0576022 0.0811727 0.0645801 0.0336448 0.0638783 0.0618237 0.0288753 0.0504729 0.0878180 0.0769989 0.0736592 0.0751118 0.0704393 0.0448891 0.0320127 0.0320127 0.0474482 0.0552246 0.0566412 0.0385657 0.0622606 0.0501210 0.0555633 0.0434272 0.0689171 0.0500996 0.0557200 0.0436838 0.0513879 0.0375835 0.0632487 0.0279042 0.0636660 0.0393825 0.0340280 0.0552246 0.0115416 0.0705487 0.0625004 0.0821375 0.0961806 0.0847084 0.0757380 0.0748901 0.0632256 0.0508660 0.0830598 0.0748138 0.1031587 0.0223269 0.0506693 0.0685604 0.0740090 0.0554988 0.0552246 0.0287191 0.1003564 0.0804467 0.0502608 0.0055980 0.0438197 0.0449581 0.0683504 0.0269922 0.0826841 0.0567476 0.0560173 0.0871241 0.0266361 0.0765121 0.0461807 0.0618223 0.0378936 0.0755434 0.0627189 0.0686204 0.0747526 0.0320306 0.0499490 0.0211547 0.0547672 0.0638751 0.0755435 0.0621126 0.0561728 0.0362501 0.1250358 0.0624908 0.0560173 0.0437247 0.0806185 
S0196sl    0.0576022 0.0000000 0.0642019 0.0388719 0.0668151 0.0460660 0.0266364 0.0625738 0.0782622 0.0768066 0.0639173 0.0570318 0.0382860 0.0359538 0.0746143 0.0570594 0.0570594 0.0572353 0.0565011 0.0000010 0.0718539 0.0380637 0.0717182 0.0626095 0.0697469 0.0579407 0.0392986 0.0449550 0.0576559 0.0799464 0.0631869 0.0052104 0.0474893 0.0052416 0.0382041 0.0290922 0.0388954 0.0180686 0.0333499 0.0446556 0.0443887 0.0626912 0.0932663 0.0385804 0.0381703 0.0052080 0.0399008 0.0444745 0.0381375 0.0688707 0.0542786 0.0858207 0.0576419 0.0631779 0.0390885 0.0388954 0.0299228 0.0893864 0.0495786 0.0158821 0.0427631 0.0704389 0.0842918 0.0323714 0.0586922 0.0715301 0.0215027 0.0212420 0.0761996 0.0647124 0.0159678 0.0410441 0.0510210 0.0637547 0.0329430 0.0269948 0.0922195 0.0638258 0.0513086 0.0391782 0.0515030 0.0628086 0.0158907 0.0385009 0.0452543 0.0265227 0.0116748 0.1121611 0.0329056 0.0323079 0.0567393 0.0511244 
S0278      0.0811727 0.0642019 0.0000000 0.0902869 0.0711554 0.0514976 0.0498783 0.0677908 0.0895535 0.0375378 0.0631272 0.0261842 0.0626694 0.0496089 0.0968489 0.0679121 0.0679121 0.0740802 0.0552287 0.0631148 0.1028692 0.0807860 0.0687938 0.0800353 0.0807041 0.0440527 0.0501136 0.0434035 0.0686258 0.1043329 0.0617481 0.0699188 0.0520571 0.0703867 0.0887423 0.0403854 0.0433013 0.0363922 0.0768011 0.0745099 0.0822175 0.1027488 0.0776568 0.0758011 0.0749504 0.0698940 0.0570405 0.0958013 0.0748739 0.1095725 0.0657660 0.0947133 0.0616990 0.0491506 0.0435114 0.0433013 0.0353738 0.0373041 0.0746015 0.0502750 0.0611214 0.0679121 0.1255178 0.0683956 0.0685904 0.0565784 0.0567715 0.0560397 0.0872172 0.0758494 0.0761785 0.0221442 0.0492467 0.0747305 0.0756058 0.0627531 0.1017033 0.0496368 0.0804376 0.0499627 0.0807942 0.0736250 0.0639122 0.0698000 0.0494661 0.0684338 0.0493859 0.1252973 0.0625245 0.0682363 0.0734528 0.0681360 
S0281      0.0645801 0.0388719 0.0902869 0.0000000 0.0881600 0.0718215 0.0620076 0.0773590 0.0992878 0.0907622 0.0880308 0.0822731 0.0753448 0.0706800 0.0916834 0.0767425 0.0767425 0.0760750 0.0821373 0.0382475 0.0657024 0.0748878 0.0779771 0.0889083 0.0902479 0.0843342 0.0583058 0.0634750 0.0644593 0.1087110 0.0832155 0.0443478 0.0739321 0.0446297 0.0498966 0.0479954 0.0629452 0.0434561 0.0644237 0.0755282 0.0695586 0.0823334 0.1083773 0.0696515 0.0751217 0.0443301 0.0651583 0.0626747 0.0750450 0.0956282 0.0682728 0.0727242 0.0637855 0.0764349 0.0632693 0.0629452 0.0560758 0.1037967 0.0803086 0.0504072 0.0566061 0.0841618 0.0921335 0.0562891 0.0647883 0.0992532 0.0569168 0.0561820 0.0900504 0.0779930 0.0566982 0.0540325 0.0698637 0.0839988 0.0698414 0.0629082 0.1063489 0.0904600 0.0707749 0.0639216 0.0771403 0.0759378 0.0572540 0.0757792 0.0702090 0.0617053 0.0424330 0.1354551 0.0568967 0.0624554 0.0696522 0.0904558 
S0282      0.0336448 0.0668151 0.0711554 0.0881600 0.0000000 0.0599037 0.0583098 0.0000024 0.0225790 0.0778476 0.0741837 0.0637192 0.0720032 0.0595431 0.0470557 0.0053684 0.0053684 0.0409722 0.0515335 0.0656404 0.0585645 0.0711900 0.0462080 0.0279739 0.0163914 0.0655920 0.0461883 0.0520119 0.0514356 0.0462209 0.0108069 0.0727458 0.0000030 0.0732517 0.0536589 0.0294329 0.0335727 0.0182865 0.0736187 0.0651325 0.0721796 0.0863254 0.0722106 0.0721212 0.0713978 0.0727196 0.0529869 0.0860193 0.0651751 0.0800631 0.0000028 0.0526524 0.0526010 0.0709059 0.0337407 0.0335727 0.0302825 0.0905858 0.0779272 0.0463413 0.0000023 0.0165364 0.0725929 0.0524017 0.0460831 0.0797979 0.0530069 0.0400687 0.0844573 0.0224210 0.0869673 0.0483033 0.0520431 0.0221101 0.0594273 0.0591839 0.0403069 0.0651261 0.0392584 0.0460447 0.0335122 0.0571441 0.0538244 0.0724332 0.0585901 0.0524495 0.0378653 0.1054666 0.0589633 0.0522999 0.0638735 0.0777312 
S0289      0.0638783 0.0460660 0.0514976 0.0718215 0.0599037 0.0000000 0.0450537 0.0488445 0.0654959 0.0577761 0.0242379 0.0447541 0.0579091 0.0510705 0.0760290 0.0510177 0.0510177 0.0492591 0.0387208 0.0452987 0.0711381 0.0635667 0.0712131 0.0688661 0.0635117 0.0396784 0.0334647 0.0390781 0.0456297 0.0726176 0.0570661 0.0517321 0.0473195 0.0520736 0.0516459 0.0231151 0.0329320 0.0243762 0.0591598 0.0446515 0.0646843 0.0847138 0.0864281 0.0579944 0.0577304 0.0517117 0.0399905 0.0643440 0.0514762 0.0914265 0.0479137 0.0715135 0.0515631 0.0449619 0.0330933 0.0329320 0.0236465 0.0566481 0.0636476 0.0335674 0.0428659 0.0641341 0.0921466 0.0513714 0.0709933 0.0524575 0.0398005 0.0392891 0.0443456 0.0521133 0.0647237 0.0229361 0.0391010 0.0575733 0.0519435 0.0457015 0.0915588 0.0394170 0.0570481 0.0333629 0.0512793 0.0388227 0.0462023 0.0582479 0.0452589 0.0451892 0.0241217 0.1047381 0.0278054 0.0512580 0.0446229 0.0450939 
S0292      0.0618237 0.0266364 0.0498783 0.0620076 0.0583098 0.0450537 0.0000000 0.0477040 0.0693706 0.0559418 0.0561123 0.0433781 0.0207984 0.0172994 0.0806618 0.0494149 0.0494149 0.0465929 0.0489481 0.0262266 0.0880474 0.0368283 0.0688733 0.0666785 0.0614803 0.0501438 0.0324310 0.0378685 0.0499075 0.0770112 0.0552615 0.0319105 0.0460055 0.0321053 0.0549367 0.0223760 0.0375436 0.0237414 0.0322436 0.0431655 0.0374096 0.0548375 0.0704688 0.0318581 0.0315327 0.0318974 0.0327690 0.0554005 0.0315074 0.0607346 0.0463267 0.0885110 0.0559221 0.0552477 0.0377236 0.0375436 0.0171409 0.0676927 0.0424610 0.0102153 0.0414156 0.0620625 0.1031225 0.0260092 0.0686695 0.0629831 0.0155510 0.0153692 0.0676078 0.0565390 0.0434786 0.0280146 0.0436477 0.0557367 0.0317860 0.0208204 0.0884688 0.0557970 0.0494432 0.0323347 0.0558445 0.0549429 0.0211810 0.0317973 0.0438392 0.0260239 0.0172760 0.1164000 0.0317512 0.0259611 0.0548161 0.0492723 
S0293      0.0288753 0.0625738 0.0677908 0.0773590 0.0000024 0.0488445 0.0477040 0.0000000 0.0233664 0.0747213 0.0615192 0.0601466 0.0614087 0.0472242 0.0485463 0.0055461 0.0055461 0.0339518 0.0471047 0.0614412 0.0543604 0.0739772 0.0415853 0.0289402 0.0169436 0.0539790 0.0415695 0.0475538 0.0410696 0.0553811 0.0111668 0.0686941 0.0000028 0.0691862 0.0557696 0.0240365 0.0347897 0.0124878 0.0695423 0.0609473 0.0681411 0.0826195 0.0705783 0.0685745 0.0677535 0.0686679 0.0423405 0.0827280 0.0610879 0.0903481 0.0000026 0.0481578 0.0610945 0.0669028 0.0349696 0.0347897 0.0244934 0.0879589 0.0809592 0.0414884 0.0000021 0.0170987 0.0609908 0.0542938 0.0353030 0.0679335 0.0484904 0.0353140 0.0670556 0.0231973 0.0750119 0.0430792 0.0539940 0.0112788 0.0616205 0.0548259 0.0417441 0.0676271 0.0345826 0.0414352 0.0347450 0.0529698 0.0555145 0.0617277 0.0542603 0.0479651 0.0316507 0.1031827 0.0546190 0.0478257 0.0598707 0.0672523 
S0294      0.0504729 0.0782622 0.0895535 0.0992878 0.0225790 0.0654959 0.0693706 0.0233664 0.0000000 0.0964866 0.0795513 0.0816160 0.0832722 0.0650353 0.0675606 0.0159718 0.0159718 0.0653739 0.0624484 0.0768957 0.0700110 0.0760051 0.0572626 0.0388269 0.0270874 0.0768453 0.0507677 0.0630258 0.0443277 0.0648947 0.0214321 0.0841250 0.0168153 0.0847049 0.0653290 0.0408375 0.0503429 0.0302194 0.0772908 0.0763194 0.0758242 0.0842603 0.1000507 0.0839918 0.0830236 0.0840977 0.0645339 0.1047720 0.0829338 0.0985313 0.0169298 0.0512256 0.0701121 0.0820159 0.0505951 0.0503429 0.0354602 0.1094829 0.0958855 0.0574277 0.0174361 0.0273280 0.0769386 0.0634973 0.0571014 0.0778898 0.0642213 0.0633703 0.0885027 0.0216888 0.0848756 0.0598367 0.0693676 0.0328838 0.0706951 0.0704079 0.0513775 0.0828576 0.0439389 0.0570585 0.0445075 0.0682714 0.0652021 0.0837617 0.0697069 0.0635541 0.0504209 0.1263182 0.0640356 0.0633703 0.0752094 0.0889094 
S0299      0.0878180 0.0768066 0.0375378 0.0907622 0.0778476 0.0577761 0.0559418 0.0747213 0.0964866 0.0000000 0.0625835 0.0431183 0.0690279 0.0563937 0.1122267 0.0742709 0.0742709 0.0644382 0.0613185 0.0754887 0.1163836 0.0873998 0.0957652 0.0733043 0.0873050 0.0500212 0.0562043 0.0618951 0.0750649 0.1034239 0.0805252 0.0825700 0.0719427 0.0831291 0.0955944 0.0342610 0.0613376 0.0495604 0.0770229 0.0810243 0.0759161 0.1099104 0.0981264 0.0760170 0.0815064 0.0825433 0.0633506 0.1028179 0.0814205 0.1168483 0.0724662 0.1016248 0.0679408 0.0487901 0.0616461 0.0613376 0.0416812 0.0483038 0.0941342 0.0563907 0.0679233 0.0742709 0.1331818 0.0557189 0.0954399 0.0628324 0.0557351 0.0622280 0.0865083 0.0824901 0.0889656 0.0220734 0.0681188 0.0812586 0.0822245 0.0560056 0.1087615 0.0556633 0.0870113 0.0560346 0.0873974 0.0800422 0.0704071 0.0763578 0.0554733 0.0748519 0.0561379 0.1395142 0.0688625 0.0746311 0.0798545 0.0745216 
S0320      0.0769989 0.0639173 0.0631272 0.0880308 0.0741837 0.0242379 0.0561123 0.0615192 0.0795513 0.0625835 0.0000000 0.0558208 0.0638828 0.0495277 0.1038266 0.0698517 0.0698517 0.0677646 0.0556156 0.0639173 0.1166437 0.0631133 0.0936172 0.0901109 0.0842691 0.0426963 0.0498916 0.0561940 0.0706777 0.0872988 0.0767723 0.0715172 0.0659168 0.0720503 0.0934340 0.0386102 0.0556345 0.0409540 0.0724386 0.0556757 0.0784968 0.0863026 0.1119049 0.0710248 0.0704986 0.0714893 0.0573352 0.0938103 0.0704199 0.1089164 0.0666282 0.1084919 0.0564779 0.0297707 0.0556345 0.0556345 0.0393649 0.0420332 0.0772182 0.0433265 0.0610895 0.0700320 0.1249807 0.0494588 0.0932648 0.0297221 0.0504095 0.0430889 0.0295469 0.0710760 0.0648742 0.0316329 0.0630498 0.0775481 0.0711851 0.0497230 0.1009233 0.0563168 0.0839552 0.0497235 0.0771757 0.0762610 0.0504661 0.0641202 0.0493814 0.0633227 0.0341399 0.1163738 0.0638158 0.0562974 0.0760606 0.0630183 
S0327      0.0736592 0.0570318 0.0261842 0.0822731 0.0637192 0.0447541 0.0433781 0.0601466 0.0816160 0.0431183 0.0558208 0.0000000 0.0557011 0.0426681 0.0882277 0.0608768 0.0608768 0.0637404 0.0486360 0.0560892 0.0945080 0.0733138 0.0739332 0.0726572 0.0732460 0.0498155 0.0435816 0.0490756 0.0614964 0.0958139 0.0668441 0.0626268 0.0516559 0.0630362 0.0809036 0.0338415 0.0370941 0.0296187 0.0692465 0.0672252 0.0745773 0.0943834 0.0829361 0.0683650 0.0676156 0.0626040 0.0501939 0.0876891 0.0675494 0.1009856 0.0583942 0.1011612 0.0676529 0.0548905 0.0372690 0.0370941 0.0288066 0.0543377 0.0796958 0.0437160 0.0537028 0.0739518 0.1162679 0.0612947 0.0737122 0.0568840 0.0499619 0.0493331 0.0671670 0.0684105 0.0757517 0.0278262 0.0549953 0.0674270 0.0681942 0.0557725 0.0934649 0.0554332 0.0730123 0.0434522 0.0733313 0.0664561 0.0567842 0.0681983 0.0552446 0.0613287 0.0421790 0.1305815 0.0555788 0.0493183 0.0663024 0.0610692 
S0335      0.0751118 0.0382860 0.0626694 0.0753448 0.0720032 0.0579091 0.0207984 0.0614087 0.0832722 0.0690279 0.0638828 0.0557011 0.0000000 0.0235897 0.0896814 0.0620499 0.0620499 0.0732527 0.0614508 0.0376806 0.1026909 0.0485945 0.0826590 0.0799294 0.0746811 0.0630016 0.0444106 0.0500101 0.0626947 0.0914919 0.0681396 0.0436806 0.0591586 0.0439545 0.0677248 0.0281338 0.0495675 0.0366719 0.0441493 0.0554210 0.0493865 0.0676163 0.0693586 0.0379452 0.0431512 0.0436633 0.0511710 0.0683286 0.0431138 0.0737565 0.0595825 0.1032507 0.0689809 0.0681349 0.0498125 0.0495675 0.0293886 0.0812186 0.0544813 0.0209543 0.0548216 0.0754165 0.1187378 0.0373617 0.0823943 0.0765734 0.0265919 0.0262726 0.0811060 0.0697691 0.0558251 0.0403260 0.0560505 0.0687467 0.0435069 0.0320476 0.0896989 0.0688221 0.0744376 0.0442767 0.0688726 0.0677363 0.0326127 0.0313463 0.0563099 0.0373827 0.0296234 0.1335502 0.0434565 0.0372880 0.0675767 0.0618634 
S0345      0.0704393 0.0359538 0.0496089 0.0706800 0.0595431 0.0510705 0.0172994 0.0472242 0.0650353 0.0563937 0.0495277 0.0426681 0.0235897 0.0000000 0.0882078 0.0561306 0.0561306 0.0660658 0.0555313 0.0359538 0.1008861 0.0355245 0.0787007 0.0758339 0.0699931 0.0426441 0.0303711 0.0429389 0.0567713 0.0877686 0.0628212 0.0426140 0.0517574 0.0429119 0.0624003 0.0252796 0.0425211 0.0269526 0.0431241 0.0486151 0.0489714 0.0558362 0.0808030 0.0423342 0.0420387 0.0425951 0.0437968 0.0625949 0.0419988 0.0762317 0.0523080 0.0930844 0.0563706 0.0556116 0.0425211 0.0425211 0.0193090 0.0695616 0.0418433 0.0174432 0.0466188 0.0632539 0.1088382 0.0356154 0.0784250 0.0296945 0.0236511 0.0173540 0.0699958 0.0644819 0.0364532 0.0251178 0.0495438 0.0634384 0.0424252 0.0297039 0.1014519 0.0430354 0.0697423 0.0366467 0.0631511 0.0624104 0.0116575 0.0360599 0.0432503 0.0356378 0.0266873 0.1170131 0.0358996 0.0293630 0.0622471 0.0629110 
S0376      0.0448891 0.0746143 0.0968489 0.0916834 0.0470557 0.0760290 0.0806618 0.0485463 0.0675606 0.1122267 0.1038266 0.0882277 0.0896814 0.0882078 0.0000000 0.0511444 0.0511444 0.0504741 0.0799263 0.0746143 0.0315751 0.0885237 0.0673214 0.0659552 0.0652499 0.0801862 0.0672757 0.0807981 0.0660485 0.0610449 0.0579635 0.0828672 0.0394543 0.0835230 0.0613359 0.0542357 0.0730918 0.0279898 0.0997761 0.0891922 0.1061095 0.1054846 0.1277989 0.0742626 0.0736898 0.0828360 0.0825590 0.1155727 0.0967797 0.1159996 0.0466967 0.0666049 0.0963635 0.0949870 0.0730918 0.0730918 0.0560312 0.1274529 0.1028504 0.0667321 0.0336403 0.0583708 0.0599798 0.0887758 0.0599222 0.0792978 0.0748108 0.0663350 0.1121218 0.0523852 0.0911460 0.0691552 0.0884224 0.0585453 0.0979132 0.0820736 0.0903139 0.0960994 0.0650120 0.0658551 0.0313527 0.0719971 0.0748883 0.0900335 0.0814655 0.0739100 0.0506807 0.1506432 0.0745181 0.0663350 0.0516210 0.1037226 
S0400      0.0320127 0.0570594 0.0679121 0.0767425 0.0053684 0.0510177 0.0494149 0.0055461 0.0159718 0.0742709 0.0698517 0.0608768 0.0620499 0.0561306 0.0511444 0.0000000 0.0000010 0.0384703 0.0431772 0.0561168 0.0556058 0.0675473 0.0380895 0.0211201 0.0103255 0.0560743 0.0380774 0.0435540 0.0433100 0.0505750 0.0051088 0.0626516 0.0000027 0.0630609 0.0509007 0.0221558 0.0319291 0.0115346 0.0633554 0.0556996 0.0621892 0.0752288 0.0768702 0.0625502 0.0618662 0.0626288 0.0445441 0.0816711 0.0618072 0.0757723 0.0000024 0.0440612 0.0499181 0.0611570 0.0320803 0.0319291 0.0227580 0.0864028 0.0738589 0.0381925 0.0000026 0.0104113 0.0688096 0.0438605 0.0379960 0.0691533 0.0443387 0.0437827 0.0737046 0.0158666 0.0757665 0.0397125 0.0494151 0.0156591 0.0503029 0.0501090 0.0325513 0.0617650 0.0317558 0.0379642 0.0318932 0.0542941 0.0449827 0.0624020 0.0496360 0.0438985 0.0298003 0.1091085 0.0499390 0.0437827 0.0606724 0.0674763 
S0405      0.0320127 0.0570594 0.0679121 0.0767425 0.0053684 0.0510177 0.0494149 0.0055461 0.0159718 0.0742709 0.0698517 0.0608768 0.0620499 0.0561306 0.0511444 0.0000010 0.0000000 0.0384703 0.0431772 0.0561168 0.0556058 0.0675473 0.0380895 0.0211201 0.0103255 0.0560743 0.0380774 0.0435540 0.0433100 0.0505750 0.0051088 0.0626516 0.0000027 0.0630609 0.0509007 0.0221558 0.0319291 0.0115346 0.0633554 0.0556996 0.0621892 0.0752288 0.0768702 0.0625502 0.0618662 0.0626288 0.0445441 0.0816711 0.0618072 0.0757723 0.0000024 0.0440612 0.0499181 0.0611570 0.0320803 0.0319291 0.0227580 0.0864028 0.0738589 0.0381925 0.0000026 0.0104113 0.0688096 0.0438605 0.0379960 0.0691533 0.0443387 0.0437827 0.0737046 0.0158666 0.0757665 0.0397125 0.0494151 0.0156591 0.0503029 0.0501090 0.0325513 0.0617650 0.0317558 0.0379642 0.0318932 0.0542941 0.0449827 0.0624020 0.0496360 0.0438985 0.0298003 0.1091085 0.0499390 0.0437827 0.0606724 0.0674763 
S0412sl    0.0474482 0.0572353 0.0740802 0.0760750 0.0409722 0.0492591 0.0465929 0.0339518 0.0653739 0.0644382 0.0677646 0.0637404 0.0732527 0.0660658 0.0504741 0.0384703 0.0384703 0.0000000 0.0467481 0.0558884 0.0748497 0.0640291 0.0561363 0.0465892 0.0552325 0.0659179 0.0472251 0.0557542 0.0644997 0.0574976 0.0465892 0.0652518 0.0318126 0.0562419 0.0567301 0.0329024 0.0465319 0.0082531 0.0557026 0.0555897 0.0554683 0.0929121 0.1183070 0.0477724 0.0473744 0.0652184 0.0395530 0.0739384 0.0642149 0.0739375 0.0319682 0.0938178 0.0746465 0.0556850 0.0468557 0.0465319 0.0339853 0.0921427 0.0904738 0.0387833 0.0163848 0.0471187 0.0961164 0.0467481 0.0469134 0.0765650 0.0385177 0.0467481 0.0555897 0.0481103 0.0843423 0.0409069 0.0557542 0.0307884 0.0738470 0.0385177 0.0739110 0.0640685 0.0467624 0.0384236 0.0471739 0.0633804 0.0573681 0.0738486 0.0556369 0.0469255 0.0443809 0.1585080 0.0556273 0.0467481 0.0555335 0.0636871 
S0417      0.0552246 0.0565011 0.0552287 0.0821373 0.0515335 0.0387208 0.0489481 0.0471047 0.0624484 0.0613185 0.0556156 0.0486360 0.0614508 0.0555313 0.0799263 0.0431772 0.0431772 0.0467481 0.0000000 0.0555767 0.0806868 0.0668989 0.0620083 0.0600747 0.0433161 0.0437866 0.0377201 0.0431452 0.0552737 0.0757623 0.0488841 0.0620412 0.0395386 0.0624428 0.0619328 0.0278848 0.0427764 0.0234457 0.0627314 0.0551668 0.0680345 0.0812559 0.0891053 0.0619416 0.0612706 0.0620187 0.0441166 0.0808624 0.0612125 0.0809434 0.0398097 0.0811025 0.0613086 0.0374577 0.0429806 0.0427764 0.0286461 0.0730642 0.0731451 0.0378328 0.0348505 0.0554318 0.0952290 0.0550948 0.0618330 0.0562199 0.0439155 0.0433698 0.0608682 0.0499911 0.0750152 0.0219618 0.0489484 0.0492955 0.0617896 0.0496292 0.0810609 0.0493336 0.0547583 0.0376087 0.0549960 0.0602385 0.0505225 0.0617965 0.0491650 0.0321584 0.0294934 0.1223398 0.0432544 0.0549759 0.0600998 0.0548958 
S0419      0.0566412 0.0000010 0.0631148 0.0382475 0.0656404 0.0452987 0.0262266 0.0614412 0.0768957 0.0754887 0.0639173 0.0560892 0.0376806 0.0359538 0.0746143 0.0561168 0.0561168 0.0558884 0.0555767 0.0000000 0.0706064 0.0374653 0.0704756 0.0615778 0.0685722 0.0569680 0.0386607 0.0442239 0.0566927 0.0785200 0.0621357 0.0051321 0.0466743 0.0051624 0.0376016 0.0286036 0.0382702 0.0177540 0.0328140 0.0439339 0.0436760 0.0616554 0.0915816 0.0379653 0.0375683 0.0051298 0.0392430 0.0437590 0.0375367 0.0677249 0.0533319 0.0842957 0.0566795 0.0621260 0.0384571 0.0382702 0.0294061 0.0878383 0.0487878 0.0156394 0.0420086 0.0692401 0.0828192 0.0318667 0.0576950 0.0702934 0.0211690 0.0209163 0.0749031 0.0636091 0.0157226 0.0403485 0.0501837 0.0626841 0.0324202 0.0265737 0.0905735 0.0627529 0.0504623 0.0385441 0.0506502 0.0617699 0.0212915 0.0378887 0.0504118 0.0261155 0.0114776 0.1260500 0.0323840 0.0318053 0.0558070 0.0502842 
S0427      0.0385657 0.0718539 0.1028692 0.0657024 0.0585645 0.0711381 0.0880474 0.0543604 0.0700110 0.1163836 0.1166437 0.0945080 0.1026909 0.1008861 0.0315751 0.0556058 0.0556058 0.0748497 0.0806868 0.0706064 0.0000000 0.0813292 0.0639966 0.0685664 0.0679297 0.0960602 0.0697526 0.0814482 0.0624218 0.0577694 0.0615632 0.0776947 0.0462362 0.0782272 0.0526082 0.0525319 0.0747659 0.0300953 0.0905881 0.0816673 0.1104906 0.0948680 0.1141335 0.1036018 0.1023918 0.0776683 0.0765846 0.0913028 0.1022725 0.1271560 0.0466334 0.0449092 0.0952787 0.1011264 0.0751542 0.0747659 0.0609826 0.1297150 0.1075205 0.0758180 0.0291823 0.0685844 0.0649463 0.0952294 0.0512230 0.1112540 0.0830180 0.0818961 0.1154019 0.0567800 0.0918385 0.0653763 0.0880384 0.0621012 0.0897965 0.0893963 0.0821909 0.1021580 0.0498844 0.0753131 0.0384254 0.0675756 0.0842480 0.1032915 0.0884926 0.0759791 0.0492482 0.1592173 0.0633908 0.0818961 0.0497477 0.0948742 
S0552sl    0.0622606 0.0380637 0.0807860 0.0748878 0.0711900 0.0635667 0.0368283 0.0739772 0.0760051 0.0873998 0.0631133 0.0733138 0.0485945 0.0355245 0.0885237 0.0675473 0.0675473 0.0640291 0.0668989 0.0374653 0.0813292 0.0000000 0.0883651 0.0854460 0.0802484 0.0685866 0.0382354 0.0554564 0.0682526 0.0770449 0.0736585 0.0434281 0.0649308 0.0436991 0.0553139 0.0401809 0.0549654 0.0362473 0.0157506 0.0374093 0.0319517 0.0377106 0.1041576 0.0375550 0.0371661 0.0434110 0.0505114 0.0437152 0.0371361 0.0669737 0.0653952 0.1009411 0.0680773 0.0736594 0.0552374 0.0549654 0.0351939 0.0998854 0.0598087 0.0261453 0.0476179 0.0810409 0.1039359 0.0426187 0.0818881 0.0694845 0.0318503 0.0314691 0.0867122 0.0754209 0.0437708 0.0520506 0.0615296 0.0743158 0.0488498 0.0373191 0.1090187 0.0743968 0.0739915 0.0497122 0.0562343 0.0732247 0.0379741 0.0488603 0.0618171 0.0426424 0.0231710 0.1398601 0.0487935 0.0314691 0.0488585 0.0673437 
S0558      0.0501210 0.0717182 0.0687938 0.0779771 0.0462080 0.0712131 0.0688733 0.0415853 0.0572626 0.0957652 0.0936172 0.0739332 0.0826590 0.0787007 0.0673214 0.0380895 0.0380895 0.0561363 0.0620083 0.0704756 0.0639966 0.0883651 0.0000000 0.0567346 0.0498464 0.0762828 0.0568273 0.0625776 0.0622019 0.0705602 0.0323910 0.0775494 0.0280646 0.0780806 0.0710283 0.0344565 0.0554262 0.0237852 0.0844883 0.0757642 0.0899669 0.0984056 0.0928546 0.0833673 0.0824134 0.0775231 0.0640643 0.0903173 0.0823255 0.1117541 0.0344162 0.0633331 0.0824452 0.0814211 0.0557023 0.0554262 0.0416882 0.0950983 0.0820187 0.0570181 0.0292968 0.0503089 0.0900997 0.0756403 0.0326332 0.0905777 0.0637569 0.0629174 0.0949866 0.0448097 0.0916684 0.0529969 0.0688704 0.0441825 0.0831465 0.0698961 0.0566693 0.0822509 0.0496952 0.0566542 0.0499150 0.0737163 0.0712080 0.0831415 0.0692055 0.0630984 0.0566978 0.1349674 0.0696298 0.0629174 0.0807254 0.0882575 
S0641      0.0555633 0.0626095 0.0800353 0.0889083 0.0279739 0.0688661 0.0666785 0.0289402 0.0388269 0.0733043 0.0901109 0.0726572 0.0799294 0.0758339 0.0659552 0.0211201 0.0211201 0.0465892 0.0600747 0.0615778 0.0685664 0.0854460 0.0567346 0.0000000 0.0322275 0.0737871 0.0550473 0.0606077 0.0676870 0.0762335 0.0265655 0.0681754 0.0165347 0.0686195 0.0621654 0.0279213 0.0429901 0.0233663 0.0816360 0.0733016 0.0801196 0.0937455 0.0886246 0.0805902 0.0796997 0.0681516 0.0619995 0.1003811 0.0796185 0.0944138 0.0223755 0.0689142 0.0673626 0.0787735 0.0431973 0.0429901 0.0406677 0.1049402 0.0919899 0.0552250 0.0230377 0.0325125 0.0958113 0.0610416 0.0565768 0.0875083 0.0553912 0.0609253 0.0918122 0.0385588 0.0813754 0.0514058 0.0666762 0.0380295 0.0678982 0.0676335 0.0509098 0.0795507 0.0550905 0.0548839 0.0553319 0.0724492 0.0626157 0.0803812 0.0669883 0.0610942 0.0483144 0.1300730 0.0673863 0.0609253 0.0781257 0.0853469 
S0643      0.0434272 0.0697469 0.0807041 0.0902479 0.0163914 0.0635117 0.0614803 0.0169436 0.0270874 0.0873050 0.0842691 0.0732460 0.0746811 0.0699931 0.0652499 0.0103255 0.0103255 0.0552325 0.0433161 0.0685722 0.0679297 0.0802484 0.0498464 0.0322275 0.0000000 0.0685250 0.0498254 0.0554138 0.0550930 0.0629476 0.0155838 0.0754191 0.0108536 0.0759206 0.0633563 0.0338394 0.0433161 0.0235059 0.0762851 0.0680669 0.0748575 0.0823734 0.0904141 0.0752999 0.0744619 0.0753937 0.0566956 0.0951073 0.0743864 0.0890942 0.0109251 0.0560672 0.0621165 0.0613640 0.0435263 0.0433161 0.0347728 0.0997642 0.0867928 0.0499847 0.0112415 0.0211809 0.0817785 0.0558130 0.0497149 0.0821982 0.0564301 0.0557079 0.0739628 0.0269051 0.0890807 0.0458481 0.0614790 0.0265465 0.0626110 0.0623653 0.0441766 0.0743262 0.0430694 0.0496763 0.0432565 0.0662928 0.0572631 0.0691824 0.0617658 0.0558616 0.0425355 0.1245114 0.0621401 0.0557079 0.0729865 0.0801569 
S0645sl    0.0689171 0.0579407 0.0440527 0.0843342 0.0655920 0.0396784 0.0501438 0.0539790 0.0768453 0.0500212 0.0426963 0.0498155 0.0630016 0.0426441 0.0801862 0.0560743 0.0560743 0.0659179 0.0437866 0.0569680 0.0960602 0.0685866 0.0762828 0.0737871 0.0685250 0.0000000 0.0386274 0.0441875 0.0566496 0.0911203 0.0620908 0.0636225 0.0529106 0.0640450 0.0761700 0.0285761 0.0437995 0.0303579 0.0643492 0.0624444 0.0697829 0.0897343 0.0769994 0.0635181 0.0628123 0.0635992 0.0452075 0.0829909 0.0627514 0.0964031 0.0532882 0.0820783 0.0500258 0.0378898 0.0440143 0.0437995 0.0293772 0.0616453 0.0750126 0.0387462 0.0414018 0.0560743 0.0948938 0.0564621 0.0760454 0.0322569 0.0449956 0.0444228 0.0748543 0.0635626 0.0698003 0.0165570 0.0501439 0.0626386 0.0633581 0.0508592 0.0965374 0.0382651 0.0683048 0.0385111 0.0686092 0.0617254 0.0517971 0.0576153 0.0503718 0.0564942 0.0302883 0.1155297 0.0506835 0.0563367 0.0615798 0.0443430 
S0656sl    0.0500996 0.0392986 0.0501136 0.0583058 0.0461883 0.0334647 0.0324310 0.0415695 0.0507677 0.0562043 0.0498916 0.0435816 0.0444106 0.0303711 0.0672757 0.0380774 0.0380774 0.0472251 0.0377201 0.0386607 0.0697526 0.0382354 0.0568273 0.0550473 0.0498254 0.0386274 0.0000000 0.0267986 0.0384480 0.0705168 0.0437962 0.0448333 0.0341695 0.0451211 0.0567620 0.0110817 0.0265729 0.0117528 0.0335029 0.0440217 0.0388636 0.0513354 0.0708027 0.0447582 0.0442761 0.0448152 0.0274003 0.0631257 0.0442370 0.0509223 0.0344057 0.0759339 0.0443117 0.0437784 0.0266986 0.0265729 0.0113271 0.0680039 0.0442758 0.0214843 0.0292893 0.0502873 0.0900293 0.0383255 0.0566689 0.0510221 0.0272746 0.0269387 0.0557898 0.0447915 0.0573315 0.0223263 0.0324319 0.0441660 0.0446506 0.0328748 0.0758925 0.0383801 0.0438731 0.0213602 0.0498939 0.0435464 0.0276659 0.0446621 0.0325693 0.0383476 0.0177115 0.1022659 0.0327720 0.0269387 0.0434451 0.0498145 
S0673      0.0557200 0.0449550 0.0434035 0.0634750 0.0520119 0.0390781 0.0378685 0.0475538 0.0630258 0.0618951 0.0561940 0.0490756 0.0500101 0.0429389 0.0807981 0.0435540 0.0435540 0.0557542 0.0431452 0.0442239 0.0814482 0.0554564 0.0625776 0.0606077 0.0554138 0.0441875 0.0267986 0.0000000 0.0439814 0.0764846 0.0493145 0.0504873 0.0336960 0.0508126 0.0625002 0.0166350 0.0319125 0.0116599 0.0510445 0.0495744 0.0563892 0.0753414 0.0768013 0.0504036 0.0498603 0.0504677 0.0329079 0.0632086 0.0498153 0.0817107 0.0401747 0.0818720 0.0435546 0.0492982 0.0320636 0.0319125 0.0112969 0.0614898 0.0615694 0.0268758 0.0351766 0.0559311 0.0961619 0.0438407 0.0623987 0.0567515 0.0327575 0.0323536 0.0614351 0.0504413 0.0631338 0.0279310 0.0155118 0.0497332 0.0502821 0.0383892 0.0818300 0.0497870 0.0552442 0.0267202 0.0554871 0.0490326 0.0390816 0.0502926 0.0155723 0.0438657 0.0235698 0.1088386 0.0382664 0.0437500 0.0489188 0.0554024 
S0689      0.0436838 0.0576559 0.0686258 0.0644593 0.0514356 0.0456297 0.0499075 0.0410696 0.0443277 0.0750649 0.0706777 0.0614964 0.0626947 0.0567713 0.0660485 0.0433100 0.0433100 0.0644997 0.0552737 0.0566927 0.0624218 0.0682526 0.0622019 0.0676870 0.0550930 0.0566496 0.0384480 0.0439814 0.0000000 0.0561105 0.0490344 0.0633095 0.0396662 0.0637277 0.0637827 0.0223715 0.0435972 0.0176777 0.0640288 0.0621428 0.0694368 0.0892727 0.0641307 0.0632060 0.0621905 0.0632863 0.0449920 0.0825692 0.0560583 0.0959029 0.0340054 0.0563183 0.0625458 0.0617833 0.0438100 0.0435972 0.0229856 0.0873465 0.0746429 0.0385657 0.0289414 0.0556038 0.0690491 0.0561917 0.0500157 0.0698939 0.0447819 0.0442146 0.0744860 0.0381195 0.0765932 0.0341518 0.0499076 0.0494480 0.0630477 0.0506158 0.0813139 0.0624035 0.0549256 0.0383326 0.0494638 0.0265489 0.0515447 0.0630542 0.0501331 0.0562235 0.0301344 0.0940112 0.0446603 0.0560676 0.0437604 0.0681798 
S0742      0.0513879 0.0799464 0.1043329 0.1087110 0.0462209 0.0726176 0.0770112 0.0553811 0.0648947 0.1034239 0.0872988 0.0958139 0.0914919 0.0877686 0.0610449 0.0505750 0.0505750 0.0574976 0.0757623 0.0785200 0.0577694 0.0770449 0.0705602 0.0762335 0.0629476 0.0911203 0.0705168 0.0764846 0.0561105 0.0000000 0.0565663 0.0859335 0.0471382 0.0865377 0.0598576 0.0539496 0.0757623 0.0302150 0.0792596 0.0639019 0.0991934 0.1145193 0.1057560 0.0923068 0.0831857 0.0859055 0.0714993 0.0774949 0.0823788 0.1220643 0.0474753 0.0701073 0.0903753 0.0824093 0.0761613 0.0757623 0.0555244 0.1100010 0.1044844 0.0647260 0.0296430 0.0635584 0.0860465 0.0705167 0.0642289 0.1063710 0.0718135 0.0708357 0.0961526 0.0516509 0.1006868 0.0738226 0.0831131 0.0570644 0.0920515 0.0708788 0.0768722 0.0972977 0.0568220 0.0702985 0.0276110 0.0682911 0.0797056 0.0920390 0.0761857 0.0710495 0.0437916 0.1322587 0.0709705 0.0708357 0.0630160 0.0972351 
S0756      0.0375835 0.0631869 0.0617481 0.0832155 0.0108069 0.0570661 0.0552615 0.0111668 0.0214321 0.0805252 0.0767723 0.0668441 0.0681396 0.0628212 0.0579635 0.0051088 0.0051088 0.0465892 0.0488841 0.0621357 0.0615632 0.0736585 0.0323910 0.0265655 0.0155838 0.0620908 0.0437962 0.0493145 0.0490344 0.0565663 0.0000000 0.0688051 0.0053663 0.0692574 0.0569313 0.0278781 0.0374866 0.0174207 0.0695843 0.0616767 0.0682961 0.0815719 0.0703612 0.0686952 0.0679392 0.0687810 0.0504428 0.0881003 0.0678726 0.0821601 0.0054019 0.0498910 0.0558275 0.0671542 0.0376660 0.0374866 0.0286389 0.0799862 0.0676315 0.0439319 0.0055566 0.0157148 0.0750454 0.0496647 0.0323143 0.0754243 0.0502087 0.0495742 0.0799048 0.0212898 0.0821509 0.0456921 0.0552611 0.0210090 0.0562636 0.0560453 0.0382224 0.0678222 0.0372786 0.0436658 0.0374400 0.0600992 0.0509421 0.0685269 0.0555127 0.0497077 0.0360131 0.1017661 0.0558497 0.0495742 0.0666143 0.0735781 
S0760      0.0632487 0.0052104 0.0699188 0.0443478 0.0727458 0.0517321 0.0319105 0.0686941 0.0841250 0.0825700 0.0715172 0.0626268 0.0436806 0.0426140 0.0828672 0.0626516 0.0626516 0.0652518 0.0620412 0.0051321 0.0776947 0.0434281 0.0775494 0.0681754 0.0754191 0.0636225 0.0448333 0.0504873 0.0633095 0.0859335 0.0688051 0.0000000 0.0533252 0.0104660 0.0435847 0.0348495 0.0443762 0.0240451 0.0328140 0.0501543 0.0498519 0.0682724 0.0992976 0.0440169 0.0435503 0.0103990 0.0455215 0.0499483 0.0435124 0.0744770 0.0601932 0.0917680 0.0632927 0.0619870 0.0445966 0.0443762 0.0358405 0.0951737 0.0549901 0.0211411 0.0487772 0.0761696 0.0901416 0.0377033 0.0644411 0.0773503 0.0268332 0.0265082 0.0819154 0.0704674 0.0212547 0.0468236 0.0565904 0.0694243 0.0383677 0.0323403 0.0981750 0.0695012 0.0569057 0.0446970 0.0571208 0.0683940 0.0269887 0.0439242 0.0568551 0.0317719 0.0174792 0.1350774 0.0383235 0.0376282 0.0623028 0.0567008 
S0763      0.0279042 0.0474893 0.0520571 0.0739321 0.0000030 0.0473195 0.0460055 0.0000028 0.0168153 0.0719427 0.0659168 0.0516559 0.0591586 0.0517574 0.0394543 0.0000027 0.0000027 0.0318126 0.0395386 0.0466743 0.0462362 0.0649308 0.0280646 0.0165347 0.0108536 0.0529106 0.0341695 0.0336960 0.0396662 0.0471382 0.0053663 0.0533252 0.0000000 0.0536885 0.0474574 0.0172780 0.0220450 0.0060120 0.0604645 0.0525385 0.0592967 0.0729163 0.0745899 0.0596579 0.0589735 0.0533036 0.0408499 0.0730182 0.0589154 0.0801674 0.0000027 0.0464705 0.0526674 0.0582659 0.0221530 0.0220450 0.0178141 0.0846596 0.0715271 0.0342764 0.0000028 0.0109479 0.0662032 0.0462483 0.0279971 0.0665498 0.0406521 0.0341031 0.0713688 0.0166987 0.0667616 0.0357081 0.0396584 0.0109075 0.0530965 0.0466812 0.0281651 0.0588748 0.0276710 0.0340626 0.0277968 0.0511559 0.0472468 0.0595116 0.0398374 0.0402290 0.0249329 0.0990586 0.0465174 0.0401187 0.0577833 0.0648601 
S0770      0.0636660 0.0052416 0.0703867 0.0446297 0.0732517 0.0520736 0.0321053 0.0691862 0.0847049 0.0831291 0.0720503 0.0630362 0.0439545 0.0429119 0.0835230 0.0630609 0.0630609 0.0562419 0.0624428 0.0051624 0.0782272 0.0436991 0.0780806 0.0686195 0.0759206 0.0640450 0.0451211 0.0508126 0.0637277 0.0865377 0.0692574 0.0104660 0.0536885 0.0000000 0.0438573 0.0350820 0.0446589 0.0242112 0.0390893 0.0504754 0.0501691 0.0687184 0.1000046 0.0442943 0.0438227 0.0104612 0.0458189 0.0502667 0.0437844 0.0749665 0.0606094 0.0924108 0.0637106 0.0692538 0.0448822 0.0446589 0.0360864 0.0958232 0.0553377 0.0212695 0.0491187 0.0766815 0.0835609 0.0379366 0.0588864 0.0778784 0.0269979 0.0266699 0.0824654 0.0709418 0.0213846 0.0469210 0.0511845 0.0698850 0.0386091 0.0325403 0.0988649 0.0699628 0.0572772 0.0449837 0.0574951 0.0630111 0.0271567 0.0442010 0.0572264 0.0319649 0.0175962 0.1361238 0.0385644 0.0378605 0.0627078 0.0570696 
S0795      0.0393825 0.0382041 0.0887423 0.0498966 0.0536589 0.0516459 0.0549367 0.0557696 0.0653290 0.0955944 0.0934340 0.0809036 0.0677248 0.0624003 0.0613359 0.0509007 0.0509007 0.0567301 0.0619328 0.0376016 0.0526082 0.0553139 0.0710283 0.0621654 0.0633563 0.0761700 0.0567620 0.0625002 0.0637827 0.0598576 0.0569313 0.0435847 0.0474574 0.0438573 0.0000000 0.0408397 0.0619328 0.0177352 0.0631413 0.0619846 0.0744685 0.0879763 0.0990642 0.0682734 0.0675269 0.0435675 0.0576513 0.0617193 0.0674609 0.0930064 0.0477991 0.0657799 0.0757645 0.0812959 0.0622466 0.0619328 0.0420037 0.1084425 0.0795734 0.0436775 0.0299774 0.0639751 0.0585118 0.0612217 0.0581424 0.0904221 0.0499120 0.0492850 0.0948197 0.0519906 0.0556917 0.0593194 0.0687782 0.0574358 0.0623374 0.0557112 0.0912979 0.0821223 0.0452079 0.0565894 0.0276190 0.0623416 0.0502029 0.0681074 0.0691120 0.0431443 0.0296340 0.1506358 0.0382681 0.0553243 0.0501626 0.0821200 
S0827      0.0340280 0.0290922 0.0403854 0.0479954 0.0294329 0.0231151 0.0223760 0.0240365 0.0408375 0.0342610 0.0386102 0.0338415 0.0281338 0.0252796 0.0542357 0.0221558 0.0221558 0.0329024 0.0278848 0.0286036 0.0525319 0.0401809 0.0344565 0.0279213 0.0338394 0.0285761 0.0110817 0.0166350 0.0223715 0.0539496 0.0278781 0.0348495 0.0172780 0.0350820 0.0408397 0.0000000 0.0164901 0.0000027 0.0352471 0.0341929 0.0408762 0.0532216 0.0474471 0.0347874 0.0343987 0.0286036 0.0170215 0.0472248 0.0343687 0.0665816 0.0175338 0.0531716 0.0344311 0.0339991 0.0165706 0.0164901 0.0000021 0.0587723 0.0402928 0.0111131 0.0119460 0.0341542 0.0669064 0.0283456 0.0404337 0.0411487 0.0110589 0.0167256 0.0462541 0.0285189 0.0475838 0.0114352 0.0223768 0.0281153 0.0347014 0.0226912 0.0530310 0.0284332 0.0337376 0.0110475 0.0338923 0.0278781 0.0231194 0.0282964 0.0224728 0.0283629 0.0122692 0.0932841 0.0226207 0.0282880 0.0337352 0.0401436 
S0894      0.0552246 0.0388954 0.0433013 0.0629452 0.0335727 0.0329320 0.0375436 0.0347897 0.0503429 0.0613376 0.0556345 0.0370941 0.0495675 0.0425211 0.0730918 0.0319291 0.0319291 0.0465319 0.0427764 0.0382702 0.0747659 0.0549654 0.0554262 0.0429901 0.0433161 0.0437995 0.0265729 0.0319125 0.0435972 0.0757623 0.0374866 0.0443762 0.0220450 0.0446589 0.0619328 0.0164901 0.0000000 0.0115346 0.0505833 0.0491391 0.0496726 0.0680250 0.0693144 0.0440468 0.0494204 0.0443585 0.0326224 0.0683080 0.0378530 0.0809434 0.0280153 0.0811025 0.0379173 0.0488678 0.0000023 0.0000010 0.0169355 0.0730874 0.0492079 0.0266486 0.0288443 0.0437068 0.0952290 0.0434588 0.0552763 0.0562374 0.0324745 0.0320775 0.0608870 0.0499911 0.0567399 0.0276847 0.0264408 0.0377952 0.0498346 0.0380552 0.0616805 0.0378358 0.0547583 0.0264948 0.0549960 0.0372771 0.0387357 0.0498451 0.0377042 0.0434834 0.0234525 0.0937188 0.0379347 0.0433698 0.0484966 0.0549125 
S0899      0.0115416 0.0180686 0.0363922 0.0434561 0.0182865 0.0243762 0.0237414 0.0124878 0.0302194 0.0495604 0.0409540 0.0296187 0.0366719 0.0269526 0.0279898 0.0115346 0.0115346 0.0082531 0.0234457 0.0177540 0.0300953 0.0362473 0.0237852 0.0233663 0.0235059 0.0303579 0.0117528 0.0116599 0.0176777 0.0302150 0.0174207 0.0240451 0.0060120 0.0242112 0.0177352 0.0000027 0.0115346 0.0000000 0.0375055 0.0299120 0.0434752 0.0568894 0.0582424 0.0306273 0.0302663 0.0240334 0.0179815 0.0363074 0.0299634 0.0632821 0.0060183 0.0431429 0.0365832 0.0360965 0.0115346 0.0115346 0.0000024 0.0557617 0.0428154 0.0117873 0.0000027 0.0237314 0.0497921 0.0300976 0.0237259 0.0303479 0.0179857 0.0177439 0.0427044 0.0117142 0.0369617 0.0121397 0.0237423 0.0116345 0.0304471 0.0240967 0.0428287 0.0364948 0.0174156 0.0117142 0.0174995 0.0234935 0.0243801 0.0369020 0.0238507 0.0176980 0.0063875 0.0903875 0.0178437 0.0238031 0.0295577 0.0362126 
S0956      0.0705487 0.0333499 0.0768011 0.0644237 0.0736187 0.0591598 0.0322436 0.0695423 0.0772908 0.0770229 0.0724386 0.0692465 0.0441493 0.0431241 0.0997761 0.0633554 0.0633554 0.0557026 0.0627314 0.0328140 0.0905881 0.0157506 0.0844883 0.0816360 0.0762851 0.0643492 0.0335029 0.0510445 0.0640288 0.0792596 0.0695843 0.0328140 0.0604645 0.0390893 0.0631413 0.0352471 0.0505833 0.0375055 0.0000000 0.0327624 0.0103813 0.0446891 0.1005308 0.0327332 0.0325450 0.0388256 0.0459306 0.0448689 0.0325179 0.0628010 0.0609077 0.0973586 0.0638632 0.0631254 0.0508386 0.0505833 0.0300300 0.0963041 0.0555857 0.0213596 0.0492460 0.0770537 0.1146644 0.0324490 0.0778812 0.0782630 0.0271156 0.0267840 0.0747520 0.0712856 0.0510833 0.0473627 0.0572213 0.0702181 0.0443865 0.0326824 0.1055669 0.0630575 0.0699064 0.0451872 0.0642308 0.0691640 0.0332699 0.0443980 0.0574924 0.0381241 0.0239409 0.1369372 0.0443340 0.0267840 0.0562961 0.0631608 
S0959      0.0625004 0.0446556 0.0745099 0.0755282 0.0651325 0.0446515 0.0431655 0.0609473 0.0763194 0.0810243 0.0556757 0.0672252 0.0554210 0.0486151 0.0891922 0.0556996 0.0556996 0.0555897 0.0551668 0.0439339 0.0816673 0.0374093 0.0757642 0.0733016 0.0680669 0.0624444 0.0440217 0.0495744 0.0621428 0.0639019 0.0616767 0.0501543 0.0525385 0.0504754 0.0619846 0.0341929 0.0491391 0.0299120 0.0327624 0.0000000 0.0498871 0.0557543 0.0973606 0.0440436 0.0435762 0.0501348 0.0445904 0.0436950 0.0435382 0.0873179 0.0529110 0.0881477 0.0619879 0.0675406 0.0493802 0.0491391 0.0291110 0.0794158 0.0669916 0.0321673 0.0415718 0.0687255 0.1044156 0.0491923 0.0694428 0.0758872 0.0381163 0.0376468 0.0670066 0.0631295 0.0627151 0.0459396 0.0555614 0.0622175 0.0557230 0.0437597 0.0958819 0.0682168 0.0619532 0.0438900 0.0501683 0.0671490 0.0445444 0.0557320 0.0558163 0.0435801 0.0236017 0.1322642 0.0491782 0.0490889 0.0546898 0.0681712 
S0960      0.0821375 0.0443887 0.0822175 0.0695586 0.0721796 0.0646843 0.0374096 0.0681411 0.0758242 0.0759161 0.0784968 0.0745773 0.0493865 0.0489714 0.1061095 0.0621892 0.0621892 0.0554683 0.0680345 0.0436760 0.1104906 0.0319517 0.0899669 0.0801196 0.0748575 0.0697829 0.0388636 0.0563892 0.0694368 0.0991934 0.0682961 0.0498519 0.0592967 0.0501691 0.0744685 0.0408762 0.0496726 0.0434752 0.0103813 0.0498871 0.0000000 0.0377139 0.0904747 0.0324966 0.0377596 0.0498327 0.0577177 0.0626553 0.0377278 0.0681125 0.0597229 0.1111049 0.0758758 0.0749361 0.0499186 0.0496726 0.0358147 0.1017009 0.0607955 0.0265541 0.0548390 0.0755969 0.1270980 0.0320163 0.0896667 0.0837686 0.0323576 0.0319633 0.0800302 0.0767600 0.0623194 0.0529626 0.0625761 0.0689062 0.0496517 0.0379177 0.1034868 0.0756985 0.0813851 0.0505426 0.0757489 0.0744837 0.0385934 0.0496622 0.0628742 0.0433264 0.0296330 0.1244030 0.0495924 0.0319633 0.0743068 0.0684952 
S0964      0.0961806 0.0626912 0.1027488 0.0823334 0.0863254 0.0847138 0.0548375 0.0826195 0.0842603 0.1099104 0.0863026 0.0943834 0.0676163 0.0558362 0.1054846 0.0752288 0.0752288 0.0929121 0.0812559 0.0616554 0.0948680 0.0377106 0.0984056 0.0937455 0.0823734 0.0897343 0.0513354 0.0753414 0.0892727 0.1145193 0.0815719 0.0682724 0.0729163 0.0687184 0.0879763 0.0532216 0.0680250 0.0568894 0.0446891 0.0557543 0.0377139 0.0000000 0.1118013 0.0559783 0.0553749 0.0682485 0.0771656 0.0761411 0.0553237 0.0816961 0.0734543 0.1203476 0.0960571 0.0948534 0.0683732 0.0680250 0.0552978 0.1231936 0.0725325 0.0435898 0.0687178 0.0893604 0.1435742 0.0611173 0.1041674 0.0909757 0.0498163 0.0491910 0.1089879 0.0907715 0.0688443 0.0655570 0.0818681 0.0823248 0.0679941 0.0556100 0.1102531 0.0958264 0.0952689 0.0692464 0.0895237 0.0942368 0.0566161 0.0558342 0.0822849 0.0553753 0.0355953 0.1487342 0.0679068 0.0491910 0.0940117 0.0880018 
