128
PAFTOL_019361 0.0000000 0.2698838 0.3735086 0.2937220 0.2666276 0.2910964 0.2568741 0.2828924 0.4715273 0.2814628 0.3077214 0.2995888 0.2766794 0.3587725 0.2339708 0.2881585 0.3585161 0.2542047 0.2431225 0.2706493 0.2539369 0.2674704 0.2655748 0.2788047 0.2183317 0.2063373 0.3587725 0.2495508 0.3312625 0.3504577 0.2852160 0.2828465 0.2542767 0.2839196 0.2655772 0.2684538 0.2333235 0.2547969 0.2815800 0.3429739 0.3005665 0.2347312 0.3406868 0.2797549 0.2822246 0.2764410 0.2661276 0.3111326 0.2943585 0.2533265 0.2492981 0.2656936 0.3748329 0.2661391 0.2377103 0.2414734 0.3676138 0.3495351 0.2729027 0.3237643 0.2105398 0.2443210 0.2462087 0.3074149 0.3274437 0.2557092 0.3382885 0.3592710 0.2899627 0.2500050 0.2654483 0.2869273 0.2704613 0.2809080 0.3273197 0.2683424 0.3318908 0.2490269 0.2731970 0.2938349 0.2717444 0.3064353 0.2427153 0.2987820 0.2488558 0.2362476 0.3587725 0.2484278 0.2983154 0.3370061 0.3501767 0.2529403 0.3325565 0.2384687 0.2518418 0.2743151 0.2358385 0.2697960 0.3074251 0.1970189 0.2376889 0.2967674 0.2575910 0.3089783 0.2868915 0.2405078 0.3075126 0.2754483 0.2512093 0.3059130 0.2732171 0.2306133 0.2731090 0.2652233 0.2987059 0.2775236 0.2690796 0.2297320 0.2520916 0.3057682 0.3053132 0.2637400 0.2569607 0.2612234 0.2852452 0.2182404 0.2527828 0.2486880 
S0055         0.2698838 0.0000000 0.1269611 0.1337206 0.1249025 0.0808328 0.1288621 0.1040121 0.0740152 0.1020284 0.1570780 0.1654205 0.1310562 0.1697342 0.1314738 0.1168834 0.1686745 0.0685961 0.0697755 0.0740663 0.1339936 0.0654646 0.1265724 0.0857994 0.0715557 0.0841863 0.1679353 0.1067454 0.1035503 0.1772630 0.1277943 0.0863685 0.0697379 0.1371794 0.1109399 0.1341820 0.0537360 0.0710092 0.1064417 0.1706201 0.1844960 0.0870511 0.1617797 0.0844658 0.1231398 0.0809610 0.0798407 0.0861317 0.0861665 0.1293828 0.1085428 0.1063671 0.1636290 0.1289703 0.1095813 0.0946989 0.1512248 0.1373846 0.0919205 0.1032037 0.0809489 0.0965097 0.0985054 0.1304777 0.1875706 0.1029059 0.1627212 0.1587030 0.1101314 0.1105290 0.1829670 0.0880529 0.1760434 0.1661815 0.1280327 0.1025935 0.1558888 0.0929058 0.0991646 0.1817942 0.0755740 0.0956967 0.1006627 0.1252552 0.1178703 0.1453329 0.1660867 0.1096096 0.1325552 0.1604972 0.1687018 0.0638113 0.1617290 0.1321863 0.0997698 0.0755471 0.0477653 0.0409801 0.1080871 0.0764855 0.1219517 0.1154377 0.1012553 0.0821755 0.0860784 0.1482241 0.1251146 0.1472281 0.0604176 0.1255539 0.1084051 0.0824612 0.0785906 0.1443374 0.0781373 0.1152392 0.0802169 0.0561056 0.1184449 0.1164388 0.1494129 0.1045115 0.0928248 0.1112773 0.0869313 0.0637751 0.0798905 0.0988508 
S0196sl       0.3735086 0.1269611 0.0000000 0.1294947 0.0838255 0.1254425 0.1055261 0.0920637 0.0559291 0.1583326 0.1575184 0.1144157 0.1253815 0.1341364 0.1281394 0.1153532 0.1267977 0.1102330 0.1180166 0.1254126 0.1221853 0.1357355 0.1179399 0.0292342 0.1285017 0.6243637 0.1232028 0.0992951 0.1617072 0.1438010 0.1575937 0.1355714 0.1214014 0.1473581 0.0931428 0.1143179 0.0854407 0.1240485 0.0737348 0.1312188 0.2135765 0.1430536 0.1266142 0.1351973 0.1089028 0.0272883 0.1185658 0.0362281 0.0247229 0.1109196 0.0724216 0.0953882 0.1215006 0.1149959 0.1003919 0.0894235 0.1035429 0.1084193 0.0959610 0.1084287 0.0783551 0.1054959 0.1428059 0.1028559 0.2132065 0.1087571 0.1325870 0.1330657 0.1002280 0.1014537 0.2083624 0.0267986 0.2099738 0.2910647 0.1289995 0.1115125 0.1239044 0.1450383 0.1065799 0.2190330 0.1183101 0.1500957 0.0863058 0.1239648 0.0962572 0.1045035 0.1230820 0.0999728 0.1303194 0.1307057 0.1240131 0.1116294 0.1329111 0.1237275 0.0922046 0.1184282 0.0882901 0.1063533 0.1094935 0.1280698 0.1140380 0.1009337 0.0977341 0.1399606 0.0245174 0.1341408 0.0934838 0.0998382 0.1130945 0.0935263 0.1008538 0.0761378 0.1185923 0.1298752 0.1215216 0.1092617 0.1360370 0.1004557 0.1145263 0.1274775 0.1269117 0.1220376 0.0987188 0.1602007 0.0621479 0.0681614 0.1416182 0.0895947 
S0278         0.2937220 0.1337206 0.1294947 0.0000000 0.0939343 0.1440261 0.0403380 0.1087625 0.1075788 0.1481325 0.0473221 0.1403324 0.0386072 0.1457178 0.0532341 0.1213455 0.1401874 0.1261655 0.1239456 0.1386788 0.0441896 0.1265426 0.0473421 0.1025267 0.1245220 0.0263549 0.1395958 0.1121248 0.1411653 0.1715005 0.0526258 0.1469659 0.1335093 0.0512162 0.0705038 0.0748194 0.1064399 0.1292573 0.1061037 0.1517310 0.2147122 0.1414920 0.1406469 0.1453807 0.1149957 0.0981807 0.1431042 0.1063448 0.0988608 0.1196320 0.1081541 0.0761005 0.1431086 0.0659318 0.0764567 0.0933166 0.0626003 0.1140893 0.1027185 0.1054845 0.0888019 0.1043755 0.1488072 0.1430149 0.2135198 0.1187453 0.1563046 0.1548653 0.1056504 0.1040026 0.2115854 0.1028442 0.2097348 0.0829505 0.1234929 0.1165897 0.1496786 0.1357289 0.1111645 0.2121486 0.1280634 0.1499655 0.0981986 0.0559954 0.0611894 0.0926969 0.1400184 0.0651386 0.0260092 0.1603076 0.1424732 0.1258502 0.1625248 0.1080760 0.1070588 0.1357220 0.1116719 0.1171496 0.1140211 0.1332726 0.0858974 0.1023940 0.1085805 0.1427077 0.1001262 0.0584386 0.1331352 0.0764041 0.1279470 0.1328338 0.1157601 0.0919758 0.1343832 0.0436782 0.1341029 0.0931672 0.1372629 0.1198040 0.1164809 0.1280621 0.0892878 0.1176645 0.0960033 0.1482525 0.0868582 0.0802250 0.1413019 0.0997501 
S0281         0.2666276 0.1249025 0.0838255 0.0939343 0.0000000 0.1347948 0.0847437 0.0939913 0.1199014 0.1448447 0.1292900 0.1222116 0.0980404 0.1110852 0.1027225 0.1042445 0.1057688 0.1188466 0.1173959 0.1231508 0.0919182 0.1201971 0.0907946 0.0639497 0.1269053 0.0694444 0.1013003 0.0942806 0.1415208 0.1306818 0.1173155 0.1381259 0.1223954 0.1115877 0.0842876 0.0940687 0.0912398 0.1222511 0.0679227 0.1121531 0.2040711 0.1467663 0.1084950 0.1384788 0.1078271 0.0597379 0.1295724 0.0734785 0.0622777 0.1152747 0.0736123 0.0903044 0.1132567 0.0866422 0.0932317 0.0771840 0.1054987 0.0810548 0.0941590 0.0937383 0.0815371 0.0970860 0.1625540 0.0868434 0.1875546 0.0990161 0.1132763 0.1213381 0.0965182 0.0972129 0.1946683 0.0679576 0.1941046 0.0995537 0.1219889 0.1011228 0.1074734 0.1305050 0.0875974 0.1908642 0.1223855 0.1385746 0.0814927 0.0931929 0.0814946 0.1110752 0.1084454 0.0829805 0.0946864 0.1120390 0.1038202 0.1125435 0.1127150 0.0995844 0.0898008 0.1245988 0.1027384 0.1119165 0.1008953 0.1145574 0.1043265 0.0877371 0.0938599 0.1316167 0.0657065 0.1128766 0.0849076 0.0842582 0.1142343 0.0825872 0.0944973 0.0748989 0.1253880 0.0988881 0.1253258 0.1000736 0.1301784 0.1060332 0.0952528 0.1086320 0.1025767 0.0977094 0.0817295 0.1191899 0.0707003 0.0651619 0.1420194 0.0774508 
S0282         0.2910964 0.0808328 0.1254425 0.1440261 0.1347948 0.0000000 0.1289483 0.1077858 0.0301206 0.0798937 0.1595248 0.1558359 0.1437464 0.1741520 0.1433900 0.1255536 0.1621773 0.0782021 0.0227797 0.0279560 0.1519815 0.0838540 0.1248400 0.0958467 0.0837393 0.0960355 0.1643350 0.1200196 0.1002522 0.1794172 0.1370465 0.0478645 0.0194329 0.1479549 0.1179260 0.1353430 0.0593702 0.0282175 0.1119397 0.1699654 0.2088580 0.1039129 0.1661703 0.0351609 0.1348038 0.0955913 0.0313373 0.0983108 0.0962606 0.1340320 0.1167990 0.1199890 0.1538493 0.1324244 0.1190153 0.1092601 0.1609101 0.1409230 0.1046710 0.1182584 0.1003233 0.1115651 0.0732272 0.1518615 0.2037794 0.1177537 0.1620751 0.1564170 0.1158794 0.1113998 0.2008480 0.0958264 0.1933967 0.1426660 0.1366316 0.1165155 0.1555784 0.0831048 0.1079850 0.1998523 0.0278184 0.0660635 0.1050628 0.1280453 0.1235766 0.1566036 0.1654592 0.1211594 0.1476147 0.1605825 0.1650783 0.0194093 0.1556662 0.1363195 0.1121557 0.0278076 0.0147897 0.0743039 0.1267989 0.0610443 0.1345805 0.1194828 0.1142305 0.0513681 0.0961592 0.1660144 0.1437126 0.1506159 0.0179021 0.1466700 0.1197332 0.0858344 0.0280923 0.1469475 0.0405146 0.1298264 0.0333655 0.0573312 0.1226108 0.1258485 0.1540613 0.1166141 0.1073591 0.1364534 0.1018685 0.0694258 0.0899323 0.1068280 
S0289         0.2568741 0.1288621 0.1055261 0.0403380 0.0847437 0.1289483 0.0000000 0.0993809 0.1039405 0.1446653 0.0570356 0.1282400 0.0317095 0.1311575 0.0246987 0.0966631 0.1258087 0.1162287 0.1097953 0.1241116 0.0424369 0.1150746 0.0279032 0.0932620 0.1169798 0.0504825 0.1224129 0.0985000 0.1412918 0.1539957 0.0573652 0.1423019 0.1191003 0.0440036 0.0533379 0.0658718 0.0931327 0.1189101 0.0836996 0.1339165 0.2060874 0.1268444 0.1260194 0.1326583 0.1076071 0.0909219 0.1233268 0.0970652 0.0936617 0.1027922 0.0875079 0.0625294 0.1224419 0.0566995 0.0565974 0.0757277 0.0403781 0.1045195 0.0936872 0.1028055 0.0792717 0.0905739 0.1508421 0.1331137 0.2017526 0.0986706 0.1414424 0.1447640 0.0961025 0.0899523 0.2086843 0.0955538 0.2040858 0.0662037 0.1165606 0.0918404 0.1349051 0.1339626 0.0996620 0.2035970 0.1138540 0.1351587 0.0805216 0.0469978 0.0503549 0.0850836 0.1256553 0.0500142 0.0406118 0.1408199 0.1251460 0.1116884 0.1375267 0.0881154 0.0935736 0.1212734 0.0950476 0.1125718 0.0998663 0.1208688 0.0840570 0.1018693 0.0951005 0.1305561 0.0909130 0.0569304 0.1233783 0.0694334 0.1135405 0.1230984 0.1019941 0.0677979 0.1220333 0.0383983 0.1244482 0.0671269 0.1197719 0.1084204 0.0920560 0.1030408 0.0797026 0.0989692 0.0782081 0.1398357 0.0819020 0.0623642 0.1357746 0.0779731 
S0292         0.2828924 0.1040121 0.0920637 0.1087625 0.0939913 0.1077858 0.0993809 0.0000000 0.1079218 0.1440687 0.1441319 0.1307109 0.1041573 0.1302670 0.1056786 0.0711492 0.1271110 0.1082548 0.1001369 0.1096738 0.1053773 0.1050075 0.0972015 0.0774303 0.1050339 0.0803449 0.1245189 0.0736096 0.1363827 0.1460778 0.1255086 0.1262481 0.1048066 0.1174972 0.0878335 0.0975563 0.0770539 0.1042504 0.0909157 0.1292825 0.1995782 0.1256642 0.1215377 0.1241914 0.0819214 0.0772322 0.1117019 0.0772435 0.0777495 0.0963189 0.0944203 0.0937873 0.1342855 0.0951128 0.0924980 0.0579928 0.1119676 0.1187372 0.0621033 0.0784172 0.0587137 0.0751874 0.1394442 0.1077073 0.1972378 0.0959697 0.1433552 0.1423283 0.0833817 0.0841053 0.1942038 0.0795662 0.1919763 0.1121641 0.0956046 0.0743978 0.1371577 0.1227877 0.0510869 0.1871611 0.1048544 0.1413728 0.0773451 0.1003031 0.0897049 0.1213785 0.1227634 0.0905768 0.1117602 0.1290907 0.1227871 0.0955925 0.1314935 0.0893608 0.0242674 0.1042936 0.0858289 0.1004987 0.0586362 0.1162420 0.1072094 0.0294928 0.0225127 0.1268886 0.0753387 0.1171249 0.1009781 0.1117145 0.0993543 0.0985856 0.0529882 0.0497102 0.1098266 0.1098013 0.1116794 0.1011801 0.1124276 0.0872463 0.0750628 0.0788815 0.1213851 0.0906861 0.0565082 0.1239901 0.0664181 0.0387896 0.1164061 0.0599645 
S0293         0.4715273 0.0740152 0.0559291 0.1075788 0.1199014 0.0301206 0.1039405 0.1079218 0.0000000 0.0494056 0.1210753 0.1112176 0.1178739 0.1330303 0.1412877 0.1183482 0.1065717 0.0694533 0.0124640 0.0168075 0.1434789 0.0795474 0.1150646 0.0593189 0.0843392 0.4715273 0.1180013 0.0983264 0.0886939 0.1521864 0.1131891 0.0432611 0.0168891 0.1647580 0.0970730 0.1308189 0.0535999 0.0173151 0.0845785 0.1274964 0.1680436 0.1152155 0.1264118 0.0213334 0.1149386 0.0593189 0.0257439 0.0643090 0.0593189 0.1201168 0.0911991 0.1071504 0.1063036 0.1246240 0.1234804 0.1139094 0.1287701 0.1015272 0.0867974 0.0855412 0.0917711 0.0987495 0.0483744 0.1493697 0.1815594 0.0882754 0.1248834 0.1085794 0.0871819 0.0953059 0.1766274 0.0692482 0.1625645 0.5034936 0.1033429 0.1064730 0.1211103 0.0906014 0.1324878 0.1719744 0.0212158 0.0488979 0.0895166 0.0952383 0.1191055 0.1160890 0.1071148 0.1157053 0.1131406 0.1349044 0.1174236 0.0168626 0.1317525 0.1346550 0.1070978 0.0167266 0.0125858 0.0538933 0.1022200 0.0742740 0.1453135 0.1267639 0.1131218 0.0397675 0.0643090 0.1517593 0.1159720 0.1375275 0.0126140 0.1229471 0.1143870 0.0901893 0.0257259 0.1322490 0.0252707 0.1199258 0.0212158 0.0533560 0.1341172 0.1233406 0.1347334 0.1072635 0.1082152 0.1598550 0.0699539 0.0798671 0.0886769 0.1075680 
S0294         0.2814628 0.1020284 0.1583326 0.1481325 0.1448447 0.0798937 0.1446653 0.1440687 0.0494056 0.0000000 0.1687119 0.1635165 0.1505098 0.1799859 0.1499341 0.1438847 0.1676447 0.0962210 0.0714922 0.0757927 0.1543833 0.1103819 0.1392343 0.1198443 0.1026360 0.0825332 0.1729078 0.1391926 0.1128508 0.1881724 0.1564867 0.0975864 0.0714537 0.1712778 0.1319761 0.1509273 0.0846521 0.0768079 0.1404859 0.1780973 0.2317368 0.1219379 0.1661669 0.0778645 0.1548597 0.1195114 0.0771168 0.1218705 0.1203858 0.1579650 0.1463243 0.1362966 0.1731891 0.1506952 0.1442096 0.1290114 0.1723184 0.1569303 0.1253531 0.1292630 0.1147699 0.1241513 0.0615397 0.1743824 0.2220661 0.1329568 0.1792785 0.1782972 0.1306223 0.1276056 0.2217999 0.1172634 0.2145102 0.1597569 0.1468910 0.1320153 0.1721531 0.1040164 0.1322391 0.2235716 0.0733788 0.1105575 0.1270511 0.1481993 0.1388162 0.1588068 0.1615926 0.1316279 0.1516929 0.1717951 0.1788738 0.0651706 0.1720215 0.1550582 0.1322320 0.0733526 0.0535497 0.0986300 0.1503978 0.0778167 0.1631418 0.1518922 0.1413711 0.0903051 0.1195617 0.1685293 0.1692468 0.1694300 0.0661830 0.1688376 0.1368959 0.1068774 0.0652770 0.1580470 0.0842763 0.1506508 0.0821973 0.0807097 0.1476170 0.1432851 0.1733772 0.1394222 0.1337568 0.1546883 0.1215129 0.0944200 0.1071600 0.1311669 
S0299         0.3077214 0.1570780 0.1575184 0.0473221 0.1292900 0.1595248 0.0570356 0.1441319 0.1210753 0.1687119 0.0000000 0.1775357 0.0454130 0.1782179 0.0604721 0.1526202 0.1720590 0.1508048 0.1456639 0.1516617 0.0576806 0.1461226 0.0585669 0.1283710 0.1493367 0.0554326 0.1713093 0.1338098 0.1694700 0.1998012 0.0585322 0.1702949 0.1464049 0.0640859 0.0971768 0.1165895 0.1332154 0.1510820 0.1254767 0.1849811 0.2379747 0.1570522 0.1731163 0.1660522 0.1438357 0.1257357 0.1610933 0.1323959 0.1289472 0.1551543 0.1306410 0.1031005 0.1794124 0.1044862 0.0911663 0.1242139 0.0767739 0.1649272 0.1280358 0.1311166 0.1099113 0.1256707 0.1669352 0.1723780 0.2381409 0.1339414 0.1893038 0.1810046 0.1272380 0.1318808 0.2461944 0.1309379 0.2409067 0.1267141 0.1466324 0.1454633 0.1826014 0.1555398 0.1363088 0.2380476 0.1474852 0.1661307 0.1164354 0.0700464 0.0987748 0.1297346 0.1718482 0.0895978 0.0566407 0.1916316 0.1721676 0.1429264 0.1962226 0.1336988 0.1381302 0.1556208 0.1262833 0.1439448 0.1434717 0.1468194 0.1093456 0.1463842 0.1396310 0.1562363 0.1257212 0.0694700 0.1616213 0.1181906 0.1453655 0.1612421 0.1474926 0.1175097 0.1541471 0.0621759 0.1504719 0.1039844 0.1600020 0.1424174 0.1448603 0.1527039 0.1321998 0.1390992 0.1223146 0.1656186 0.1249405 0.1073956 0.1671816 0.1259999 
S0308         0.2995888 0.1654205 0.1144157 0.1403324 0.1222116 0.1558359 0.1282400 0.1307109 0.1112176 0.1635165 0.1775357 0.0000000 0.1509876 0.0795814 0.1380267 0.1303924 0.0751412 0.1557480 0.1328860 0.1457750 0.1439826 0.1592553 0.1371282 0.1143054 0.1588311 0.1901196 0.0748355 0.1372297 0.1717167 0.0977032 0.1795309 0.1722013 0.1426601 0.1592570 0.1153126 0.1236145 0.1264669 0.1406025 0.1270235 0.0818589 0.2175346 0.1758254 0.0805509 0.1594308 0.1551440 0.1097829 0.1453798 0.1270911 0.1123452 0.1576507 0.1294345 0.1328683 0.0752761 0.1180506 0.1232786 0.1276428 0.1286526 0.0861132 0.1322397 0.1482589 0.1156923 0.1411054 0.1747238 0.1519567 0.2104414 0.1553043 0.0904466 0.0874324 0.1374265 0.1367198 0.2211321 0.1211499 0.2195144 0.1750904 0.1653859 0.1427369 0.0866303 0.1654486 0.1403700 0.2113403 0.1427128 0.1506973 0.1127383 0.1362621 0.1052368 0.1371017 0.0750501 0.1207331 0.1510605 0.0900494 0.0791254 0.1324209 0.0900003 0.1309904 0.1329516 0.1472165 0.1252016 0.1426714 0.1363237 0.1386724 0.1512818 0.1298083 0.1326995 0.1566866 0.1141440 0.1649087 0.1464744 0.1140238 0.1370707 0.1436555 0.1382657 0.1183962 0.1458989 0.1441532 0.1536042 0.1273619 0.1478144 0.1415561 0.1336084 0.1419719 0.1325542 0.1489540 0.1254133 0.1789710 0.1158759 0.0924413 0.1770094 0.1237069 
S0320         0.2766794 0.1310562 0.1253815 0.0386072 0.0980404 0.1437464 0.0317095 0.1041573 0.1178739 0.1505098 0.0454130 0.1509876 0.0000000 0.1532948 0.0350432 0.1186526 0.1475526 0.1323038 0.1282168 0.1386002 0.0443384 0.1241149 0.0367563 0.1086629 0.1287767 0.0437572 0.1469186 0.1051469 0.1386166 0.1613210 0.0532812 0.1494774 0.1333596 0.0422362 0.0709912 0.0903753 0.1087085 0.1355055 0.1059383 0.1621023 0.2156770 0.1414510 0.1481531 0.1453940 0.1144464 0.1061864 0.1430855 0.1125785 0.1091407 0.1198148 0.1102134 0.0766302 0.1483463 0.0787999 0.0667615 0.0924174 0.0534611 0.1261259 0.0999393 0.1049274 0.0837208 0.0968983 0.1521656 0.1523872 0.2201754 0.1148648 0.1516440 0.1511526 0.1077016 0.1059897 0.2181536 0.1090063 0.2184923 0.0898105 0.1238647 0.1091166 0.1452508 0.1410877 0.1038807 0.2157292 0.1300300 0.1453742 0.0931742 0.0581607 0.0737447 0.1046136 0.1473720 0.0637042 0.0405319 0.1513745 0.1499119 0.1255992 0.1512491 0.1012273 0.1027069 0.1378348 0.1112255 0.1146964 0.1162323 0.1255771 0.0913675 0.1112277 0.1042599 0.1408127 0.1061751 0.0566466 0.1449253 0.0818447 0.1277209 0.1445890 0.1157513 0.0847669 0.1364849 0.0458526 0.1306791 0.0812926 0.1371633 0.1153227 0.1073862 0.1231420 0.0966688 0.1056513 0.0905871 0.1436758 0.0946211 0.0771404 0.1504973 0.0982976 
S0322         0.3587725 0.1697342 0.1341364 0.1457178 0.1110852 0.1741520 0.1311575 0.1302670 0.1330303 0.1799859 0.1782179 0.0795814 0.1532948 0.0000000 0.1405856 0.1344758 0.0177719 0.1638547 0.1497624 0.1586894 0.1430837 0.1580560 0.1372601 0.1187955 0.1700134 0.1234940 0.0127442 0.1471452 0.1739645 0.0896453 0.1828326 0.1930150 0.1601274 0.1756951 0.1135752 0.1407198 0.1324927 0.1559221 0.1103217 0.0144216 0.2324130 0.1779589 0.0145975 0.1716805 0.1621251 0.1184733 0.1606848 0.1337938 0.1193198 0.1685201 0.1163388 0.1261302 0.0901383 0.1364259 0.1274982 0.1299743 0.1382123 0.0696222 0.1421329 0.1613616 0.1273680 0.1485295 0.1710139 0.1381698 0.2089476 0.1460661 0.0872056 0.0885018 0.1516397 0.1538565 0.2279305 0.1256100 0.2260682 0.1356111 0.1786757 0.1492767 0.0834530 0.1659409 0.1353421 0.2228187 0.1601060 0.1736706 0.1149229 0.1449975 0.1276070 0.1508088 0.0161165 0.1234711 0.1540980 0.0768778 0.0263877 0.1517498 0.0959691 0.1462470 0.1352314 0.1624863 0.1420243 0.1486034 0.1365112 0.1610674 0.1451406 0.1398852 0.1351224 0.1722777 0.1185220 0.1683815 0.1305783 0.1377247 0.1466172 0.1302841 0.1333389 0.1237933 0.1574834 0.1509238 0.1610192 0.1301175 0.1692730 0.1424056 0.1337433 0.1390103 0.1500440 0.1495302 0.1278634 0.1811119 0.1131205 0.0973925 0.1814842 0.1282248 
S0327         0.2339708 0.1314738 0.1281394 0.0532341 0.1027225 0.1433900 0.0246987 0.1056786 0.1412877 0.1499341 0.0604721 0.1380267 0.0350432 0.1405856 0.0000000 0.1052111 0.1351513 0.1219540 0.1256452 0.1337653 0.0386617 0.1154542 0.0348607 0.1045192 0.1142776 0.0438397 0.1369322 0.1023949 0.1436234 0.1614447 0.0515447 0.1474714 0.1307392 0.0437952 0.0548532 0.0675097 0.0949826 0.1328325 0.1033127 0.1434296 0.2190276 0.1291119 0.1362541 0.1423901 0.1115741 0.1020734 0.1426352 0.1063023 0.1049753 0.1024225 0.0997281 0.0546548 0.1326626 0.0587241 0.0526216 0.0796019 0.0373344 0.1216157 0.0972686 0.1095955 0.0808871 0.0941831 0.1616220 0.1472228 0.2150946 0.1162871 0.1494599 0.1562270 0.1028820 0.0964944 0.2215212 0.1069100 0.2163816 0.0608886 0.1227790 0.0963207 0.1430788 0.1344122 0.1090132 0.2136208 0.1274527 0.1419338 0.0827548 0.0467846 0.0561082 0.0851704 0.1373509 0.0442413 0.0440878 0.1516325 0.1375328 0.1230553 0.1433322 0.0844608 0.0999899 0.1351818 0.1065284 0.1124421 0.1140514 0.1252641 0.0792031 0.1112913 0.1043214 0.1373810 0.1020627 0.0490296 0.1371338 0.0798664 0.1228300 0.1368191 0.1071820 0.0720612 0.1313759 0.0494485 0.1303575 0.0628964 0.1344887 0.1056030 0.0938813 0.1032415 0.0832325 0.1057133 0.0801917 0.1310460 0.0905687 0.0644254 0.1326341 0.0856616 
S0335         0.2881585 0.1168834 0.1153532 0.1213455 0.1042445 0.1255536 0.0966631 0.0711492 0.1183482 0.1438847 0.1526202 0.1303924 0.1186526 0.1344758 0.1052111 0.0000000 0.1312739 0.1191970 0.1105810 0.1248894 0.1270739 0.1111906 0.0986045 0.0914929 0.1155624 0.0810873 0.1286529 0.0851871 0.1387833 0.1451575 0.1438957 0.1417513 0.1198054 0.1233083 0.0851592 0.1019755 0.0868715 0.1175986 0.0969123 0.1379923 0.2184735 0.1187168 0.1279511 0.1400125 0.0977233 0.0892046 0.1291407 0.0873143 0.0918781 0.1092514 0.1002467 0.0991102 0.1337818 0.0996757 0.0897235 0.0450731 0.1311470 0.1117196 0.0853670 0.1044826 0.0706992 0.0873557 0.1550976 0.1188384 0.2105051 0.1065343 0.1411794 0.1536925 0.1021503 0.1026400 0.2155208 0.0937344 0.2136802 0.1075157 0.1141045 0.0608115 0.1347441 0.1383051 0.0736588 0.2143727 0.1199147 0.1568526 0.0653943 0.1086522 0.0982549 0.1288077 0.1268962 0.0939534 0.1238765 0.1394086 0.1313961 0.1101982 0.1310535 0.0769754 0.0713576 0.1220784 0.0959514 0.1088566 0.0876841 0.1270891 0.1152762 0.0814834 0.0771766 0.1421870 0.0893018 0.1319304 0.1118708 0.1163209 0.1143019 0.1114501 0.0835955 0.0326105 0.1251319 0.1154049 0.1269589 0.1025108 0.1231731 0.0996006 0.0669955 0.0325518 0.1197663 0.0993683 0.0507441 0.1276213 0.0763073 0.0311388 0.1274911 0.0542009 
S0355         0.3585161 0.1686745 0.1267977 0.1401874 0.1057688 0.1621773 0.1258087 0.1271110 0.1065717 0.1676447 0.1720590 0.0751412 0.1475526 0.0177719 0.1351513 0.1312739 0.0000000 0.1601751 0.1386921 0.1472414 0.1397215 0.1522385 0.1348096 0.1137622 0.1689001 0.1234940 0.0143359 0.1437625 0.1677777 0.0915420 0.1766118 0.1803795 0.1486867 0.1695809 0.1063894 0.1328541 0.1242085 0.1467811 0.1078382 0.0229627 0.2209393 0.1804591 0.0180557 0.1658854 0.1585407 0.1134566 0.1491944 0.1285408 0.1142591 0.1708100 0.1090650 0.1187164 0.0853212 0.1308236 0.1225629 0.1268272 0.1345515 0.0652294 0.1388203 0.1583757 0.1241169 0.1450570 0.1558485 0.1424360 0.1982919 0.1459786 0.0826679 0.0838840 0.1458981 0.1481598 0.2166447 0.1204613 0.2147991 0.1356111 0.1748082 0.1436516 0.0789604 0.1518429 0.1300140 0.2116592 0.1486692 0.1617269 0.1099320 0.1416664 0.1222789 0.1479810 0.0143740 0.1160215 0.1483937 0.0702134 0.0245128 0.1406402 0.0912714 0.1407612 0.1268598 0.1509770 0.1309368 0.1428741 0.1311262 0.1495411 0.1368490 0.1344841 0.1298043 0.1660003 0.1135028 0.1684253 0.1347692 0.1322812 0.1407104 0.1344649 0.1302385 0.1184140 0.1519495 0.1452940 0.1494995 0.1225364 0.1574432 0.1337086 0.1327543 0.1358752 0.1419813 0.1496689 0.1247396 0.1805014 0.1081455 0.0924204 0.1802789 0.1250900 
S0376         0.2542047 0.0685961 0.1102330 0.1261655 0.1188466 0.0782021 0.1162287 0.1082548 0.0694533 0.0962210 0.1508048 0.1557480 0.1323038 0.1638547 0.1219540 0.1191970 0.1601751 0.0000000 0.0693751 0.0755374 0.1227886 0.0779833 0.1140193 0.0904372 0.0369688 0.1202392 0.1572307 0.1047633 0.1029831 0.1615467 0.1265978 0.0908622 0.0693381 0.1274666 0.1010344 0.1219633 0.0577078 0.0743589 0.0939025 0.1571800 0.1985116 0.0842884 0.1596769 0.0865755 0.1255519 0.0901955 0.0753761 0.0949132 0.0908284 0.1068549 0.0929110 0.0941249 0.1528529 0.1242937 0.1058733 0.0926516 0.1327558 0.1421740 0.0919548 0.1076411 0.0918578 0.1006863 0.0883203 0.1227959 0.1975603 0.0941771 0.1636114 0.1663477 0.1078742 0.1082242 0.1956520 0.0927370 0.1881695 0.1563540 0.1201337 0.1131908 0.1595643 0.0884401 0.1062690 0.1945261 0.0712516 0.1003660 0.1104688 0.1118692 0.1156741 0.1434934 0.1553977 0.0973309 0.1272173 0.1558391 0.1556270 0.0634474 0.1600800 0.1329941 0.1085118 0.0712261 0.0534126 0.0618467 0.1251854 0.0719776 0.1205464 0.1206650 0.1127290 0.0846535 0.0907340 0.1397291 0.1175851 0.1378353 0.0640862 0.1179931 0.1106244 0.0845075 0.0721114 0.1288463 0.0819995 0.1101767 0.0797510 0.0538064 0.1119800 0.1252657 0.1423829 0.1162820 0.0928123 0.1245411 0.0916413 0.0706329 0.0439305 0.0923579 
S0400         0.2431225 0.0697755 0.1180166 0.1239456 0.1173959 0.0227797 0.1097953 0.1001369 0.0124640 0.0714922 0.1456639 0.1328860 0.1282168 0.1497624 0.1256452 0.1105810 0.1386921 0.0693751 0.0000000 0.0143391 0.1351232 0.0790431 0.1120173 0.0848395 0.0704338 0.0757586 0.1434994 0.1049610 0.0862624 0.1549690 0.1221739 0.0348425 0.0094550 0.1366727 0.0994116 0.1220165 0.0511811 0.0128684 0.0977836 0.1457234 0.1873393 0.0944314 0.1447665 0.0228123 0.1189076 0.0846170 0.0192392 0.0891747 0.0851991 0.1190151 0.0999694 0.1034132 0.1301175 0.1168873 0.1067838 0.0972365 0.1473411 0.1179901 0.0863772 0.1014242 0.0839015 0.0908001 0.0659882 0.1386631 0.1876943 0.0990052 0.1433134 0.1467681 0.0989597 0.0946703 0.1797045 0.0870634 0.1729104 0.1302144 0.1161439 0.1041526 0.1367776 0.0680060 0.0918430 0.1760210 0.0142701 0.0538258 0.0912313 0.1104239 0.1064266 0.1379045 0.1394737 0.1022668 0.1294904 0.1417603 0.1441311 0.0062696 0.1324632 0.1232311 0.0958342 0.0142644 0.0064549 0.0654812 0.1053141 0.0510005 0.1212136 0.1069413 0.0978277 0.0396140 0.0851127 0.1518020 0.1256821 0.1346307 0.0047295 0.1284430 0.1029520 0.0764589 0.0193981 0.1288026 0.0351364 0.1106193 0.0228129 0.0457119 0.1121250 0.1145025 0.1355855 0.1000731 0.0953841 0.1249822 0.0859636 0.0605754 0.0847372 0.0950900 
S0405         0.2706493 0.0740663 0.1254126 0.1386788 0.1231508 0.0279560 0.1241116 0.1096738 0.0168075 0.0757927 0.1516617 0.1457750 0.1386002 0.1586894 0.1337653 0.1248894 0.1472414 0.0755374 0.0143391 0.0000000 0.1438859 0.0834348 0.1218823 0.0832795 0.0789678 0.0828269 0.1521847 0.1080660 0.0891740 0.1614270 0.1322659 0.0402481 0.0143318 0.1472467 0.1088013 0.1200640 0.0551115 0.0212428 0.1006549 0.1545776 0.1947811 0.0969341 0.1506726 0.0279953 0.1222446 0.0870472 0.0243033 0.0916612 0.0876494 0.1198404 0.1029271 0.1108255 0.1378550 0.1249295 0.1118629 0.1066185 0.1527389 0.1231270 0.0912411 0.1044936 0.0844016 0.0913353 0.0657485 0.1392988 0.1900083 0.1127649 0.1472496 0.1427381 0.1020412 0.0976271 0.1817300 0.0854277 0.1748597 0.1503568 0.1194782 0.1137888 0.1406161 0.0744616 0.1011348 0.1806450 0.0192270 0.0596819 0.1004568 0.1179839 0.1141027 0.1465026 0.1480831 0.1097133 0.1398381 0.1456345 0.1480456 0.0110871 0.1380461 0.1334013 0.1052339 0.0192193 0.0097378 0.0696886 0.1195431 0.0530777 0.1267569 0.1167116 0.1072771 0.0452755 0.0875599 0.1606216 0.1361011 0.1372940 0.0079481 0.1389783 0.1126247 0.0856175 0.0228071 0.1437648 0.0370475 0.1182597 0.0279963 0.0477124 0.1219523 0.1244097 0.1487985 0.1050435 0.1047319 0.1307170 0.0951111 0.0692921 0.0891964 0.1044029 
S0407sl       0.2539369 0.1339936 0.1221853 0.0441896 0.0919182 0.1519815 0.0424369 0.1053773 0.1434789 0.1543833 0.0576806 0.1439826 0.0443384 0.1430837 0.0386617 0.1270739 0.1397215 0.1227886 0.1351232 0.1438859 0.0000000 0.1284185 0.0365371 0.1053879 0.1215457 0.0435441 0.1395237 0.1039611 0.1436179 0.1576736 0.0483447 0.1502248 0.1406049 0.0498789 0.0642643 0.0782205 0.1005211 0.1361546 0.1109018 0.1518520 0.2092764 0.1422586 0.1430818 0.1559346 0.1061814 0.1007405 0.1508761 0.1050119 0.1014835 0.1062846 0.1061045 0.0660260 0.1284210 0.0701008 0.0598859 0.0947390 0.0524501 0.1254799 0.1006885 0.1152916 0.0835691 0.0978915 0.1693805 0.1410272 0.2016541 0.1140757 0.1395992 0.1322775 0.0968301 0.1020529 0.2154120 0.1078918 0.2070120 0.0721552 0.1300204 0.1146506 0.1327731 0.1461942 0.1101606 0.2037491 0.1347099 0.1451230 0.0912861 0.0475344 0.0592895 0.0861535 0.1423694 0.0526646 0.0425025 0.1516944 0.1416237 0.1323326 0.1490888 0.0952673 0.1125775 0.1429133 0.1197588 0.1138661 0.1173397 0.1327653 0.0775509 0.1058880 0.1074268 0.1455859 0.1028158 0.0205136 0.1306129 0.0821043 0.1346848 0.1303002 0.1104553 0.0887634 0.1439417 0.0500138 0.1403387 0.0749560 0.1496019 0.1119116 0.0973129 0.1295442 0.0908744 0.1112048 0.0975890 0.1399052 0.0817298 0.0786527 0.1368109 0.0972746 
S0412sl       0.2674704 0.0654646 0.1357355 0.1265426 0.1201971 0.0838540 0.1150746 0.1050075 0.0795474 0.1103819 0.1461226 0.1592553 0.1241149 0.1580560 0.1154542 0.1111906 0.1522385 0.0779833 0.0790431 0.0834348 0.1284185 0.0000000 0.1085775 0.0974980 0.0837319 0.0818607 0.1515827 0.1151280 0.1012631 0.1724917 0.1247640 0.0944531 0.0750835 0.1284533 0.1052070 0.1200237 0.0591679 0.0844722 0.0980496 0.1572268 0.2038876 0.0629098 0.1477692 0.0967369 0.1267823 0.0972386 0.0892740 0.0956961 0.0979178 0.1186715 0.0980597 0.1029235 0.1539028 0.1148783 0.1059254 0.0928468 0.1485156 0.1233374 0.0958731 0.1069102 0.0934004 0.1027017 0.0914377 0.1364331 0.2015922 0.1007977 0.1583977 0.1453215 0.1114880 0.1096388 0.2105004 0.0998234 0.2033120 0.1272121 0.1318859 0.0951054 0.1516764 0.0839879 0.0893025 0.2094506 0.0763775 0.1131928 0.1040927 0.1185143 0.1044626 0.1252793 0.1497614 0.1082665 0.1284723 0.1507188 0.1522587 0.0729736 0.1526407 0.1149480 0.1028417 0.0808509 0.0571171 0.0674853 0.1047372 0.0753211 0.1230583 0.1048954 0.1043437 0.0993124 0.0956370 0.1421050 0.1310065 0.1389606 0.0737155 0.1314661 0.1008077 0.0811982 0.0880839 0.1270209 0.0830808 0.1100290 0.0855840 0.0651855 0.1126084 0.1156448 0.1376476 0.1033874 0.0910083 0.1307599 0.0950892 0.0629341 0.0836617 0.0907289 
S0417         0.2655748 0.1265724 0.1179399 0.0473421 0.0907946 0.1248400 0.0279032 0.0972015 0.1150646 0.1392343 0.0585669 0.1371282 0.0367563 0.1372601 0.0348607 0.0986045 0.1348096 0.1140193 0.1120173 0.1218823 0.0365371 0.1085775 0.0000000 0.0952563 0.1147895 0.0158929 0.1342368 0.1003234 0.1389666 0.1480736 0.0516553 0.1446051 0.1125705 0.0491285 0.0513094 0.0734169 0.0911304 0.1212216 0.0921751 0.1400577 0.1970570 0.1184871 0.1351779 0.1304297 0.1094530 0.0929019 0.1262096 0.0949863 0.0956652 0.1000698 0.0984426 0.0641922 0.1271067 0.0641454 0.0604114 0.0817185 0.0504685 0.1136619 0.0952358 0.1048583 0.0809936 0.0924297 0.1416394 0.1345102 0.2018704 0.0960331 0.1385352 0.1402371 0.0981621 0.0919487 0.2047124 0.0975612 0.2001565 0.0555654 0.1182312 0.0917848 0.1320503 0.1339931 0.0913266 0.1970932 0.1116929 0.1350806 0.0844887 0.0466286 0.0556976 0.0867514 0.1346456 0.0516805 0.0457328 0.1450559 0.1370903 0.1095375 0.1393260 0.0900631 0.0873822 0.1190661 0.0931834 0.1125074 0.1044280 0.1182859 0.0837695 0.0955607 0.0927436 0.1281577 0.0928928 0.0565979 0.1247948 0.0769992 0.1113501 0.1245124 0.0977778 0.0697136 0.1198105 0.0435667 0.1218134 0.0727743 0.1248489 0.1060388 0.0920751 0.1050049 0.0895225 0.0968457 0.0842743 0.1363734 0.0816343 0.0623275 0.1289835 0.0840192 
S0419         0.2788047 0.0857994 0.0292342 0.1025267 0.0639497 0.0958467 0.0932620 0.0774303 0.0593189 0.1198443 0.1283710 0.1143054 0.1086629 0.1187955 0.1045192 0.0914929 0.1137622 0.0904372 0.0848395 0.0832795 0.1053879 0.0974980 0.0952563 0.0000000 0.0981321 0.0745518 0.1132938 0.0837758 0.1247134 0.1341064 0.1215649 0.1046903 0.0847945 0.1219506 0.0784311 0.0967193 0.0625230 0.0884184 0.0588890 0.1177464 0.1803102 0.1111893 0.1116566 0.1028087 0.0947891 0.0126873 0.0891455 0.0158208 0.0062516 0.1101502 0.0601585 0.0842548 0.1120719 0.0895255 0.0848074 0.0679154 0.0971911 0.0939888 0.0737568 0.0827318 0.0650753 0.0839190 0.1123102 0.0765683 0.1699269 0.0833221 0.1110125 0.1183868 0.0817061 0.0844924 0.1741083 0.0078207 0.1673797 0.1570890 0.1050044 0.0930775 0.1049372 0.1044175 0.0795583 0.1644330 0.0847933 0.1057796 0.0718052 0.0919368 0.0821343 0.1140703 0.1115534 0.0810616 0.1075894 0.1104828 0.1158929 0.0762284 0.1146967 0.0993033 0.0757648 0.0848550 0.0665528 0.0769409 0.0897972 0.0853049 0.0946565 0.0855234 0.0792430 0.1011008 0.0078227 0.1195239 0.0746615 0.0975888 0.0775070 0.0724785 0.0876631 0.0614282 0.0899129 0.1054964 0.0793317 0.0894521 0.0939584 0.0805911 0.0910193 0.0957043 0.1051984 0.0891754 0.0741315 0.1188314 0.0511798 0.0481789 0.1089047 0.0739101 
S0427         0.2183317 0.0715557 0.1285017 0.1245220 0.1269053 0.0837393 0.1169798 0.1050339 0.0843392 0.1026360 0.1493367 0.1588311 0.1287767 0.1700134 0.1142776 0.1155624 0.1689001 0.0369688 0.0704338 0.0789678 0.1215457 0.0837319 0.1147895 0.0981321 0.0000000 0.0836664 0.1658984 0.1013617 0.0910724 0.1676808 0.1345017 0.0937904 0.0707002 0.1215328 0.0998430 0.1136387 0.0574736 0.0820424 0.1080921 0.1600068 0.2025539 0.0879676 0.1627976 0.0898699 0.1174179 0.0978695 0.0847277 0.1026821 0.0985578 0.1035082 0.1028472 0.1017402 0.1561089 0.1135749 0.1025034 0.0874459 0.1389079 0.1376127 0.0887909 0.1042589 0.0840449 0.0951744 0.0931761 0.1362731 0.2044803 0.1087429 0.1704137 0.1612751 0.1022862 0.1027107 0.1943461 0.1004751 0.1873711 0.1312192 0.1208449 0.1096813 0.1634978 0.0915588 0.1033579 0.1986280 0.0765415 0.1076740 0.0984653 0.1086478 0.1076102 0.1371722 0.1640696 0.0986254 0.1211871 0.1621769 0.1666466 0.0686900 0.1611351 0.1246240 0.1047724 0.0765145 0.0568035 0.0651516 0.1214436 0.0754565 0.1172206 0.1170023 0.1089064 0.0898114 0.0984541 0.1314515 0.1256833 0.1330607 0.0652599 0.1261199 0.1079045 0.0813907 0.0774628 0.1271596 0.0872911 0.1088614 0.0848723 0.0518150 0.1043229 0.1215384 0.1386336 0.1057470 0.0917240 0.1214876 0.0860226 0.0652651 0.0365493 0.0914400 
S0428sl       0.2063373 0.0841863 0.6243637 0.0263549 0.0694444 0.0960355 0.0504825 0.0803449 0.4715273 0.0825332 0.0554326 0.1901196 0.0437572 0.1234940 0.0438397 0.0810873 0.1234940 0.1202392 0.0757586 0.0828269 0.0435441 0.0818607 0.0158929 0.0745518 0.0836664 0.0000000 0.1234940 0.0880955 0.0570468 0.1806601 0.0265055 0.1119575 0.0828269 0.0690589 0.0441009 0.0680805 0.0696526 0.0828269 0.0755776 0.1571758 0.1662562 0.0854201 0.1246136 0.0838222 0.0945379 0.0939718 0.1038396 0.0808153 0.0808992 0.1099615 0.0845916 0.0689776 0.1542614 0.0445833 0.0683560 0.0685017 0.0000010 0.1164152 0.0751380 0.0809581 0.0755407 0.0751380 0.1088831 0.1100797 0.1599190 0.0767807 0.1519923 0.2023741 0.0774422 0.0700948 0.1845161 0.0745518 0.1585818 0.0551009 0.1008916 0.0884687 0.1530560 0.0887496 0.0813968 0.1483912 0.0896591 0.0978949 0.0694233 0.0551019 0.0497009 0.1232461 0.1318580 0.0500583 0.0321091 0.1781344 0.1307620 0.0821560 0.1737820 0.0874634 0.0750485 0.0896591 0.0907960 0.0906220 0.1017299 0.0777312 0.0485851 0.0808660 0.0739179 0.1058674 0.0808992 0.0617553 0.1032371 0.0886425 0.0839613 0.1023851 0.0878022 0.0738656 0.0895628 0.0500591 0.0821101 0.0625438 0.0894968 0.0751612 0.0809861 0.0684784 0.0816126 0.0559803 0.0753214 0.0763409 0.0838487 0.0481269 0.1133694 0.0883120 
S0430         0.3587725 0.1679353 0.1232028 0.1395958 0.1013003 0.1643350 0.1224129 0.1245189 0.1180013 0.1729078 0.1713093 0.0748355 0.1469186 0.0127442 0.1369322 0.1286529 0.0143359 0.1572307 0.1434994 0.1521847 0.1395237 0.1515827 0.1342368 0.1132938 0.1658984 0.1234940 0.0000000 0.1410215 0.1671248 0.0892206 0.1758425 0.1857302 0.1536228 0.1688434 0.1081264 0.1346330 0.1266178 0.1494027 0.1073940 0.0212122 0.2240832 0.1773403 0.0179950 0.1710831 0.1510637 0.1129905 0.1541502 0.1280101 0.1137870 0.1677642 0.1108112 0.1204533 0.0828489 0.1303229 0.1199297 0.1242431 0.1372103 0.0649579 0.1361270 0.1528851 0.1214415 0.1422478 0.1622993 0.1396916 0.2012423 0.1453485 0.0783475 0.0815138 0.1452683 0.1475284 0.2197432 0.1199630 0.2178953 0.1356111 0.1717443 0.1430405 0.0746784 0.1592872 0.1251199 0.2147297 0.1536037 0.1620464 0.1094786 0.1410458 0.1217583 0.1473344 0.0127118 0.1177781 0.1477609 0.0722225 0.0193221 0.1454580 0.0888540 0.1401730 0.1293666 0.1559358 0.1330275 0.1423995 0.1305749 0.1545112 0.1387047 0.1339215 0.1292632 0.1653590 0.1130363 0.1652973 0.1320998 0.1317208 0.1455990 0.1318029 0.1296941 0.1179001 0.1569463 0.1446777 0.1497893 0.1242956 0.1567315 0.1363038 0.1279607 0.1376151 0.1415904 0.1420621 0.1221689 0.1770967 0.1076987 0.0920215 0.1771632 0.1181241 
S0552sl       0.2495508 0.1067454 0.0992951 0.1121248 0.0942806 0.1200196 0.0985000 0.0736096 0.0983264 0.1391926 0.1338098 0.1372297 0.1051469 0.1471452 0.1023949 0.0851871 0.1437625 0.1047633 0.1049610 0.1080660 0.1039611 0.1151280 0.1003234 0.0837758 0.1013617 0.0880955 0.1410215 0.0000000 0.1191810 0.1608303 0.1173956 0.1267459 0.1096410 0.1133702 0.0864112 0.0944517 0.0823358 0.1138925 0.0854115 0.1556193 0.2024994 0.1133686 0.1452002 0.1246497 0.0362404 0.0815418 0.1206979 0.0895495 0.0841261 0.0760950 0.0888201 0.0923355 0.1447844 0.0962277 0.0783826 0.0733945 0.1201376 0.1217017 0.0273553 0.0643109 0.0048776 0.0145429 0.1426473 0.1190578 0.1913510 0.1050670 0.1469771 0.1575457 0.0539668 0.0569142 0.1957084 0.0859682 0.1887577 0.1269935 0.0791624 0.0845811 0.1427563 0.1165117 0.0835543 0.1972117 0.1159296 0.1370963 0.0719412 0.0942136 0.0907292 0.1141764 0.1369732 0.0891516 0.1130296 0.1454302 0.1416330 0.1004090 0.1461205 0.0918302 0.0777465 0.1116673 0.0910558 0.1011498 0.1069340 0.1101647 0.0991146 0.0880532 0.0777539 0.1318326 0.0816305 0.1053638 0.1120894 0.1179879 0.1042366 0.1095977 0.0943175 0.0596522 0.1145555 0.1104911 0.1194195 0.0951598 0.1172899 0.0922446 0.0832840 0.0952307 0.1181356 0.0705256 0.0677881 0.1375317 0.0725246 0.0483919 0.1127370 0.0675884 
S0558         0.3312625 0.1035503 0.1617072 0.1411653 0.1415208 0.1002522 0.1412918 0.1363827 0.0886939 0.1128508 0.1694700 0.1717167 0.1386166 0.1739645 0.1436234 0.1387833 0.1677777 0.1029831 0.0862624 0.0891740 0.1436179 0.1012631 0.1389666 0.1247134 0.0910724 0.0570468 0.1671248 0.1191810 0.0000000 0.1792716 0.1412131 0.1037163 0.0906697 0.1553453 0.1159746 0.1377205 0.0834068 0.0941093 0.1250484 0.1768402 0.2082969 0.1047993 0.1638847 0.1027041 0.1361193 0.1264634 0.0991880 0.1265959 0.1250752 0.1396808 0.1223881 0.1092583 0.1638179 0.1350520 0.1193870 0.1196669 0.1859730 0.1505233 0.1039495 0.1266839 0.0953679 0.1024149 0.1250069 0.1568780 0.1915587 0.1299706 0.1657742 0.1808503 0.1226630 0.1206032 0.2038159 0.1227123 0.1898734 0.1388422 0.1520815 0.1295853 0.1617178 0.1067872 0.1229087 0.2015853 0.0967038 0.1206382 0.1049406 0.1307747 0.1284318 0.1644968 0.1605072 0.1100445 0.1448369 0.1662013 0.1629080 0.0844895 0.1784904 0.1449335 0.1418936 0.0966712 0.0729260 0.0855915 0.1423893 0.0945747 0.1305151 0.1420206 0.1365143 0.1065315 0.1265163 0.1556982 0.1503504 0.1476333 0.0830994 0.1460724 0.1231394 0.1032290 0.0973987 0.1494269 0.1025963 0.1212228 0.1046590 0.0772011 0.1331279 0.1266736 0.1517741 0.1307520 0.1177504 0.1627129 0.1117579 0.0929622 0.0998298 0.1171638 
S0616         0.3504577 0.1772630 0.1438010 0.1715005 0.1306818 0.1794172 0.1539957 0.1460778 0.1521864 0.1881724 0.1998012 0.0977032 0.1613210 0.0896453 0.1614447 0.1451575 0.0915420 0.1615467 0.1549690 0.1614270 0.1576736 0.1724917 0.1480736 0.1341064 0.1676808 0.1806601 0.0892206 0.1608303 0.1792716 0.0000000 0.1903028 0.1908829 0.1628616 0.1778459 0.1387457 0.1566946 0.1487260 0.1663032 0.1298382 0.0946440 0.2441222 0.1895534 0.0915034 0.1782913 0.1799286 0.1382136 0.1648839 0.1497485 0.1392332 0.1879718 0.1314923 0.1478245 0.0909156 0.1525101 0.1402623 0.1435919 0.1307415 0.1003001 0.1530228 0.1773743 0.1350337 0.1466210 0.1827014 0.1519568 0.2443243 0.1725593 0.0819863 0.0947140 0.1691082 0.1762792 0.2452303 0.1412628 0.2433546 0.1442213 0.1873801 0.1641080 0.0739471 0.1847810 0.1346669 0.2340516 0.1602511 0.1850384 0.1263958 0.1590146 0.1431248 0.1719109 0.0829982 0.1356524 0.1778724 0.0602654 0.0896341 0.1518697 0.0843804 0.1440650 0.1489569 0.1626336 0.1422539 0.1577344 0.1461177 0.1644353 0.1702297 0.1539162 0.1537240 0.1871146 0.1337892 0.1775646 0.1464765 0.1485582 0.1494514 0.1436587 0.1495680 0.1287118 0.1662155 0.1651370 0.1661258 0.1485015 0.1670351 0.1453782 0.1382995 0.1592056 0.1687741 0.1665736 0.1407422 0.1941391 0.1382899 0.1091550 0.1854302 0.1411456 
