110
PAFTOL_019361 0.0000000 0.1406872 0.1497143 0.2146179 0.1902256 0.1941629 0.1774854 0.1424176 0.1904081 0.1524428 0.1909820 0.2047867 0.1801133 0.1869912 0.1408291 0.1956729 0.1686258 0.1703694 0.2030767 0.1497143 0.1666465 0.1560243 0.1692414 0.2389188 0.1787569 0.1723387 0.1946315 0.1774646 0.1875515 0.1524225 0.1514872 0.1496694 0.1849314 0.2082584 0.1493454 0.1865803 0.1722942 0.1514872 0.1487515 0.1682855 0.2578566 0.1808913 0.1977890 0.1810844 0.1897124 0.1653997 0.1866552 0.1480100 0.1475335 0.1909589 0.1784763 0.1343786 0.2754022 0.2006891 0.1680332 0.1972427 0.1570491 0.1909761 0.1076014 0.1676450 0.2271631 0.2060655 0.1398704 0.1935879 0.1510542 0.1976357 0.1403582 0.2058074 0.1709808 0.1852672 0.2045899 0.1792487 0.1904413 0.2310015 0.1941629 0.2066730 0.1978321 0.2620246 0.1320321 0.1255340 0.1643583 0.1880092 0.1343982 0.1412374 0.1722390 0.1699955 0.1157722 0.1238997 0.1782713 0.1543685 0.1811433 0.1966957 0.1545868 0.1738052 0.1161572 0.1702127 0.1692986 0.1702161 0.2085594 0.1885824 0.1355422 0.1578211 0.1860678 0.1577795 0.1573014 0.1789308 0.1333088 0.1262050 0.1248740 0.1447561 
S0055         0.1406872 0.0000000 0.0671831 0.1430450 0.0678141 0.1279179 0.1287451 0.0605602 0.0677235 0.0532876 0.1384013 0.1184080 0.1344579 0.1209420 0.0604543 0.1264808 0.0824442 0.0529603 0.1031179 0.0671831 0.0816555 0.0525242 0.0754866 0.1375088 0.1064458 0.0536115 0.0690570 0.0757155 0.0987117 0.0540502 0.0525766 0.0495045 0.0726926 0.1030745 0.0462565 0.0784797 0.0608818 0.0525766 0.0640028 0.0677794 0.1276149 0.0922013 0.0916346 0.1077588 0.1072222 0.0598221 0.1086310 0.0526956 0.0613375 0.1238111 0.1135490 0.0803425 0.1307973 0.0923262 0.0678008 0.1219214 0.0576502 0.0728076 0.0342724 0.0775002 0.1201909 0.0670282 0.0596113 0.1018014 0.0528480 0.0603009 0.0598069 0.1378179 0.0916269 0.0976990 0.1369388 0.1066122 0.1234132 0.1224217 0.1279179 0.1382632 0.0744768 0.1292858 0.0740826 0.0464139 0.0613689 0.0698996 0.0330867 0.0532959 0.0608824 0.0689893 0.0526875 0.0458828 0.0459765 0.0740441 0.1154221 0.1064955 0.0401993 0.0624566 0.0528570 0.0674855 0.0984380 0.0612958 0.1156613 0.0985093 0.0763062 0.0749020 0.0980321 0.0601136 0.0907059 0.1016704 0.0532974 0.0535076 0.0902253 0.0931872 
S0196sl       0.1497143 0.0671831 0.0000000 0.1181467 0.0990134 0.1251725 0.1135714 0.0457003 0.0989452 0.0614565 0.1144253 0.1069840 0.1099312 0.1091792 0.0745101 0.1147033 0.0822080 0.0828521 0.0943577 0.0000010 0.0814232 0.0523551 0.0824204 0.1250233 0.0835183 0.0838562 0.1009579 0.0600501 0.0760378 0.0681514 0.0676805 0.0201506 0.0893712 0.1001098 0.0668983 0.1046028 0.0917525 0.0821843 0.0065395 0.0255066 0.1080815 0.0695150 0.0685488 0.0970145 0.0915780 0.0596344 0.0927547 0.0389293 0.0828213 0.1057649 0.1190193 0.0724643 0.1348371 0.0769949 0.0534359 0.1022222 0.0077006 0.0944728 0.0203875 0.0924015 0.1085437 0.0531631 0.0734722 0.1228924 0.0826411 0.0907936 0.0596194 0.1139535 0.0618828 0.0752885 0.1339568 0.0836218 0.0996911 0.1400166 0.1251725 0.1352234 0.1059300 0.1254485 0.0802811 0.0321706 0.0842939 0.0860309 0.0687413 0.0741615 0.0838675 0.0761761 0.0383591 0.0318149 0.0604261 0.1088803 0.0977987 0.0835483 0.0772629 0.0920625 0.0671256 0.0985904 0.0758498 0.0827950 0.0764386 0.1056710 0.0760779 0.0892547 0.0606025 0.0460584 0.0824182 0.0767055 0.0318149 0.0753849 0.0752406 0.0929254 
S0278         0.2146179 0.1430450 0.1181467 0.0000000 0.1828496 0.1472400 0.0493301 0.1272079 0.1636144 0.1453522 0.0833208 0.1423637 0.0478325 0.1399992 0.1517146 0.1453891 0.1614984 0.1631479 0.0606911 0.1181467 0.1596166 0.1244427 0.1620794 0.1761276 0.0259965 0.1650562 0.1870634 0.0690411 0.0610937 0.1453401 0.1614686 0.0836352 0.1221569 0.1593884 0.1424032 0.1193162 0.1748079 0.1614686 0.1169226 0.1109461 0.1564772 0.0623458 0.0766337 0.1333393 0.1555523 0.1171732 0.1578348 0.1089167 0.1612870 0.1849626 0.1494943 0.1013874 0.1875722 0.1575093 0.1273778 0.1311513 0.1084057 0.1345306 0.0751306 0.1674445 0.1948289 0.1632113 0.1330194 0.1557032 0.1440246 0.1536787 0.1334855 0.0532555 0.0619764 0.0682095 0.1567266 0.0612745 0.0257402 0.2049925 0.1472400 0.1582745 0.1904505 0.1765717 0.1472968 0.1105989 0.1366550 0.1670648 0.1286037 0.1343265 0.1654528 0.0772221 0.1011687 0.1091707 0.1355717 0.0770304 0.1751461 0.0683708 0.1486877 0.1750450 0.1187432 0.1823282 0.0328209 0.1630032 0.0692455 0.1707936 0.1216197 0.1602481 0.0837285 0.1096945 0.1707402 0.1303507 0.1179133 0.1290224 0.1710526 0.1776543 
S0282         0.1902256 0.0678141 0.0990134 0.1828496 0.0000000 0.1777711 0.1407891 0.0770197 0.0470137 0.0746328 0.1765084 0.1462062 0.1559299 0.1598063 0.0616871 0.1649943 0.0754521 0.0324315 0.1209506 0.0990134 0.0893114 0.0977356 0.0928978 0.1777460 0.1420984 0.0328381 0.0398771 0.1088560 0.1175776 0.0779853 0.0322122 0.0806782 0.1093701 0.1587398 0.0764999 0.1182403 0.0397668 0.0322122 0.1059572 0.0999413 0.1756619 0.1191372 0.1264092 0.1438984 0.1107762 0.1060680 0.1287754 0.0831242 0.1166596 0.1092424 0.1717963 0.0982502 0.1892674 0.1272328 0.0999126 0.1905599 0.0944070 0.1345213 0.0575151 0.0859497 0.1623602 0.0459785 0.0824117 0.1741055 0.0323712 0.0615268 0.0760147 0.1757137 0.1101750 0.1162982 0.1680227 0.1259639 0.1607750 0.1816627 0.1777711 0.1767955 0.0388296 0.1643012 0.1081719 0.0546164 0.0400750 0.0264902 0.0627831 0.0841006 0.0464647 0.1187420 0.0684825 0.0613391 0.0468961 0.0901692 0.1009716 0.1257993 0.0263841 0.1109789 0.0687082 0.0462805 0.1333585 0.0609724 0.1524888 0.1083713 0.0939221 0.0764464 0.1167264 0.0913505 0.1250818 0.1298859 0.0847734 0.0695997 0.0981148 0.1121789 
S0288         0.1941629 0.1279179 0.1251725 0.1472400 0.1777711 0.0000000 0.1257296 0.1020638 0.1779090 0.1481042 0.1423110 0.0942892 0.1383560 0.0332960 0.1268769 0.0195567 0.1390151 0.1578585 0.1200442 0.1251725 0.1374223 0.1257827 0.1568167 0.1123588 0.1093681 0.1597513 0.1819249 0.0998343 0.1101185 0.1398844 0.1562213 0.0992668 0.0224846 0.1890288 0.1370129 0.0000010 0.1695945 0.1389842 0.1222622 0.1195071 0.1192578 0.1034145 0.1188474 0.0612783 0.1879156 0.1364388 0.1908352 0.1193445 0.1432603 0.1762489 0.1726119 0.1401001 0.1291587 0.1700046 0.1385849 0.1784459 0.1142410 0.1539370 0.0826694 0.1468734 0.1104856 0.1757126 0.1361065 0.1751871 0.1385911 0.1497503 0.1280247 0.1416930 0.1027385 0.1089309 0.0062158 0.1184277 0.1268897 0.1231050 0.0000010 0.0062681 0.1854983 0.1207967 0.1288649 0.1017598 0.1398928 0.1711669 0.1229608 0.1374685 0.1782032 0.1103757 0.1005569 0.1004681 0.1484211 0.1472576 0.1665877 0.1182808 0.1315801 0.1416426 0.1179609 0.1772383 0.1099549 0.1577177 0.1460567 0.1852992 0.1128200 0.1368469 0.1093256 0.1287451 0.1548817 0.1371720 0.1171425 0.1281268 0.1483842 0.1723816 
S0289         0.1774854 0.1287451 0.1135714 0.0493301 0.1407891 0.1257296 0.0000000 0.0978885 0.1225711 0.1308132 0.0624732 0.1321166 0.0000023 0.1242919 0.1112219 0.1241173 0.1228940 0.1221605 0.0378185 0.1135714 0.1215157 0.1116792 0.1323994 0.1631400 0.0199762 0.1236749 0.1439196 0.0636835 0.0556420 0.1158002 0.1209979 0.0780840 0.1063181 0.1554371 0.1134249 0.0924319 0.1328145 0.1129124 0.1120577 0.1061908 0.1628919 0.0568135 0.0714020 0.1206763 0.1242720 0.1126195 0.1344882 0.0959909 0.1575335 0.1439924 0.1258748 0.0947763 0.1841925 0.1443626 0.1143485 0.1177876 0.1015460 0.1209035 0.0600692 0.1433668 0.1691217 0.1391250 0.1123354 0.1426846 0.1043693 0.1215359 0.1043833 0.0402439 0.0564704 0.0629019 0.1257296 0.0413518 0.0340338 0.1778143 0.1257296 0.1364713 0.1483345 0.1839250 0.1129354 0.0890015 0.1069137 0.1361472 0.1231903 0.1054183 0.1238380 0.0719655 0.0805064 0.0884741 0.1124340 0.0139675 0.1345958 0.0630503 0.0977661 0.1443794 0.0892662 0.1402717 0.0269025 0.1238874 0.0626911 0.1321268 0.0900057 0.1193570 0.0786527 0.1049706 0.1405132 0.1092248 0.0970437 0.0989122 0.1320495 0.1462214 
S0292         0.1424176 0.0605602 0.0457003 0.1272079 0.0770197 0.1020638 0.0978885 0.0000000 0.0769296 0.0692193 0.1231360 0.0847408 0.1027738 0.1020638 0.0536547 0.0922568 0.0468850 0.0614704 0.1037314 0.0457003 0.0464666 0.0596803 0.0611640 0.1018912 0.0916889 0.0622388 0.0784921 0.0676181 0.0840753 0.0472110 0.0610017 0.0416851 0.0814031 0.1095880 0.0463475 0.0680764 0.0698409 0.0610017 0.0558673 0.0460927 0.1010448 0.0775191 0.0921297 0.0754774 0.0924566 0.0671397 0.1012664 0.0460317 0.0909127 0.0837435 0.1047906 0.0653376 0.1275610 0.0851305 0.0609306 0.1283824 0.0574357 0.0873604 0.0205290 0.0770381 0.1014799 0.0910229 0.0529038 0.1158653 0.0613301 0.0691420 0.0393372 0.1226219 0.0770450 0.0832299 0.1105313 0.0767632 0.1082328 0.1155384 0.1020638 0.1033974 0.0838993 0.1022852 0.0656845 0.0127331 0.0625657 0.0713035 0.0619667 0.0534058 0.0769853 0.0842208 0.0189847 0.0125944 0.0685554 0.0936819 0.0760494 0.0917254 0.0555859 0.0554292 0.0464927 0.0766524 0.0838574 0.0614300 0.1005788 0.0836563 0.0547542 0.0680068 0.0835033 0.0533507 0.0762469 0.0774539 0.0389484 0.0542455 0.0541363 0.0706883 
S0293         0.1904081 0.0677235 0.0989452 0.1636144 0.0470137 0.1779090 0.1225711 0.0769296 0.0000000 0.0840320 0.1683528 0.1470205 0.1374957 0.1598815 0.0761793 0.1650854 0.0913942 0.0327824 0.1135813 0.0989452 0.0904883 0.0976664 0.0928206 0.1778852 0.1246085 0.0331984 0.0551521 0.1088007 0.1165286 0.0778941 0.0325579 0.0982538 0.1306272 0.1588108 0.0764103 0.1305128 0.0402162 0.0325579 0.1140245 0.0998736 0.1565134 0.1099033 0.1263892 0.1439235 0.1097750 0.1060102 0.1191467 0.0678780 0.1166191 0.1265258 0.1719152 0.0881000 0.1894524 0.1083295 0.0998449 0.1907520 0.1054200 0.1345206 0.0574188 0.1013969 0.1765955 0.0605104 0.0827604 0.1742287 0.0327206 0.0614348 0.0759256 0.1493502 0.1091855 0.1152720 0.1681252 0.1088541 0.1425739 0.1818188 0.1779090 0.1900368 0.0536523 0.1480297 0.1081126 0.0545255 0.0405324 0.0484450 0.0774810 0.0840160 0.0470008 0.1187052 0.0683909 0.0612472 0.0468099 0.0740441 0.1179097 0.1246800 0.0266688 0.1109271 0.0686164 0.0468117 0.1161715 0.0690830 0.1344881 0.1088945 0.0938454 0.0912838 0.1156921 0.0912730 0.1250591 0.1298730 0.0846887 0.0695069 0.0994586 0.1121279 
S0294         0.1524428 0.0532876 0.0614565 0.1453522 0.0746328 0.1481042 0.1308132 0.0692193 0.0840320 0.0000000 0.1405497 0.1281247 0.1365969 0.1309385 0.0912943 0.1364353 0.0994980 0.0684134 0.0953416 0.0614565 0.0984910 0.0823206 0.0922974 0.1479914 0.1080351 0.0692575 0.0781920 0.0850373 0.1001728 0.0774745 0.0536649 0.0655403 0.0917867 0.1301239 0.0760077 0.0977184 0.0692193 0.0678835 0.0732859 0.0767161 0.1464453 0.0935685 0.0929866 0.1169751 0.1259084 0.0903284 0.1276421 0.0680401 0.0699125 0.1097238 0.1418881 0.0983801 0.1587562 0.1102871 0.0841184 0.1598293 0.0587758 0.1067184 0.0348955 0.1107070 0.1112678 0.0831368 0.0899898 0.1451979 0.0682518 0.0761533 0.0755284 0.1238427 0.0854150 0.0991269 0.1576664 0.1082090 0.1253139 0.1513213 0.1481042 0.1490131 0.0835749 0.1484486 0.1074333 0.0545527 0.0697889 0.0637934 0.0475238 0.0835622 0.0840972 0.0937065 0.0609415 0.0539094 0.0610611 0.1086616 0.1014312 0.1080871 0.0626414 0.1102575 0.0835359 0.0837308 0.0998893 0.0927371 0.1174296 0.1165752 0.0933101 0.1067708 0.0994712 0.0759253 0.1074650 0.1123054 0.0758676 0.0846476 0.0765381 0.1114387 
S0299         0.1909820 0.1384013 0.1144253 0.0833208 0.1765084 0.1423110 0.0624732 0.1231360 0.1683528 0.1405497 0.0000000 0.1334259 0.0606092 0.1353110 0.1467423 0.1405830 0.1397153 0.1576234 0.0517180 0.1144253 0.1223085 0.1052081 0.1566356 0.1616119 0.0525442 0.1594178 0.1804136 0.0820224 0.0818352 0.1405443 0.1560707 0.0892193 0.1183069 0.1643250 0.1377997 0.1056162 0.1687504 0.1560707 0.1217643 0.1074570 0.1613860 0.0754533 0.0896346 0.1215070 0.1435427 0.1060461 0.1455742 0.0904613 0.1559116 0.1611417 0.1369977 0.1059291 0.1620180 0.1195034 0.0999403 0.1194743 0.0953703 0.1311638 0.0728767 0.1616620 0.1794485 0.1576873 0.1287976 0.1518458 0.1393095 0.1485732 0.1136324 0.0525442 0.0750059 0.0810381 0.1514013 0.0893356 0.0671072 0.1883740 0.1423110 0.1528443 0.1838412 0.1811632 0.1420906 0.1071386 0.1426156 0.1728036 0.1244412 0.1300244 0.1597658 0.0903037 0.0980838 0.1058023 0.1311806 0.0279728 0.1519846 0.0892540 0.1351774 0.1606658 0.1149879 0.1760024 0.0596940 0.1574899 0.1060224 0.1665449 0.1099210 0.1549481 0.0966494 0.0914427 0.1483259 0.1338331 0.1142053 0.1248286 0.1486243 0.1540360 
S0308         0.2047867 0.1184080 0.1069840 0.1423637 0.1462062 0.0942892 0.1321166 0.0847408 0.1470205 0.1281247 0.1334259 0.0000000 0.1362514 0.0942892 0.1267911 0.0847334 0.1117624 0.1293290 0.1231098 0.1069840 0.1105637 0.1164746 0.1364726 0.1030386 0.1167920 0.1309032 0.1321171 0.0911771 0.1010195 0.1202769 0.1280899 0.0824076 0.0804436 0.1477521 0.1178760 0.0681787 0.1400737 0.1280899 0.1134746 0.1012575 0.1010520 0.0943809 0.1094898 0.0682960 0.1657258 0.1074382 0.1681958 0.1011202 0.1455710 0.1434007 0.1321445 0.1002457 0.1275606 0.1486785 0.1191951 0.1481179 0.1147999 0.1146114 0.0739111 0.1492987 0.1014873 0.1462764 0.1080691 0.1455154 0.1206669 0.1120035 0.1093633 0.1328545 0.0937791 0.0999581 0.1026242 0.1091078 0.1228637 0.1155418 0.0942892 0.1035929 0.1367166 0.0947696 0.1400042 0.0844915 0.1217701 0.1226430 0.1132242 0.1261372 0.1482359 0.1012667 0.0908284 0.0834571 0.1110260 0.1534117 0.1345802 0.1089835 0.1240108 0.1314569 0.1183787 0.1474810 0.1084756 0.1276339 0.1183915 0.1448889 0.1227741 0.1366932 0.1169242 0.1099631 0.1529239 0.1110184 0.0992885 0.1286078 0.1205044 0.1505691 
S0320         0.1801133 0.1344579 0.1099312 0.0478325 0.1559299 0.1383560 0.0000023 0.1027738 0.1374957 0.1365969 0.0606092 0.1362514 0.0000000 0.1311513 0.1265520 0.1366293 0.1272305 0.1370635 0.0443926 0.1099312 0.1258333 0.1081573 0.1362141 0.1666217 0.0193987 0.1387128 0.1594140 0.0617506 0.0539779 0.1200450 0.1357305 0.0754833 0.1124522 0.1501287 0.1176519 0.1091333 0.1479934 0.1357305 0.1082671 0.1027708 0.1663611 0.0550805 0.0692194 0.1249781 0.1295560 0.1090419 0.1396979 0.0929745 0.1523608 0.1485479 0.1315776 0.0916048 0.1778077 0.1395139 0.1106589 0.1138777 0.0985052 0.1167984 0.0585817 0.1478891 0.1850506 0.1541304 0.1087734 0.1379467 0.1189451 0.1448270 0.1010782 0.0390775 0.0547589 0.0610163 0.1476500 0.0401209 0.0330321 0.1945693 0.1383560 0.1490975 0.1634326 0.1868840 0.1201698 0.0867860 0.1218289 0.1516617 0.1201122 0.1098452 0.1389499 0.0697512 0.0779878 0.0856931 0.1270419 0.0135005 0.1393147 0.0611547 0.1124854 0.1482926 0.0946431 0.1554093 0.0261184 0.1369497 0.0608176 0.1359478 0.0968941 0.1347936 0.0762497 0.1016300 0.1358920 0.1136948 0.0939591 0.1042003 0.1361919 0.1412236 
S0322         0.1869912 0.1209420 0.1091792 0.1399992 0.1598063 0.0332960 0.1242919 0.1020638 0.1598815 0.1309385 0.1353110 0.0942892 0.1311513 0.0000000 0.1085816 0.0259561 0.1390151 0.1403906 0.1239526 0.1091792 0.1374223 0.1189219 0.1394947 0.1123588 0.1024011 0.1421123 0.1634787 0.0845974 0.0943131 0.1228945 0.1389842 0.0929969 0.0226791 0.1706507 0.1203874 0.0326389 0.1516701 0.1291276 0.1163297 0.1033565 0.1192578 0.0875853 0.1027724 0.0612783 0.1695897 0.1199165 0.1721842 0.1032138 0.1388674 0.1584322 0.1617319 0.1221465 0.1126453 0.1520804 0.1217639 0.1603985 0.1072916 0.1361058 0.0668052 0.1527314 0.0996311 0.1579257 0.1196187 0.1574939 0.1217453 0.1497503 0.1116590 0.1347222 0.0870261 0.0933214 0.0403627 0.1024096 0.1198295 0.1231050 0.0332960 0.0407244 0.1674973 0.1207967 0.1111654 0.0861834 0.1228734 0.1530856 0.1063171 0.1208214 0.1601203 0.0945574 0.0851854 0.0851049 0.1312503 0.1572834 0.1490201 0.1022980 0.1257163 0.1519697 0.1129120 0.1489720 0.0941797 0.1402703 0.1291905 0.1672613 0.0963368 0.1179614 0.0936458 0.1122845 0.1280956 0.1205349 0.1013071 0.1232176 0.1483842 0.1436437 
S0335         0.1408291 0.0604543 0.0745101 0.1517146 0.0616871 0.1268769 0.1112219 0.0536547 0.0761793 0.0912943 0.1467423 0.1267911 0.1265520 0.1085816 0.0000000 0.1254622 0.0609131 0.0609097 0.0942123 0.0745101 0.0746102 0.0458142 0.0755109 0.1462938 0.1144269 0.0616634 0.0777080 0.0983024 0.0913408 0.0613248 0.0604508 0.0572315 0.0908914 0.1373429 0.0601974 0.0982240 0.0691732 0.0528692 0.0719199 0.0751769 0.1447980 0.0925264 0.1150128 0.1158377 0.0847127 0.0670160 0.1012885 0.0597734 0.0984292 0.0921028 0.1402723 0.0806447 0.1568512 0.1002174 0.0751902 0.1578940 0.0859321 0.1141234 0.0348471 0.0474068 0.1237120 0.0753785 0.0667772 0.1435855 0.0607725 0.0831153 0.0529922 0.1461186 0.0842880 0.0904130 0.1182544 0.0991530 0.1316727 0.1630810 0.1268769 0.1371285 0.0830667 0.1467438 0.0558417 0.0327176 0.0697419 0.0786681 0.0692783 0.0674073 0.0762334 0.1076377 0.0459527 0.0392011 0.0679153 0.1104464 0.0842224 0.0990511 0.0479619 0.0699836 0.0461009 0.0759075 0.1063010 0.0608701 0.1238468 0.0985320 0.0527045 0.0124288 0.0907157 0.0673416 0.0984818 0.1098287 0.0609006 0.0537655 0.0830043 0.0857047 
S0355         0.1956729 0.1264808 0.1147033 0.1453891 0.1649943 0.0195567 0.1241173 0.0922568 0.1650854 0.1364353 0.1405830 0.0847334 0.1366293 0.0259561 0.1254622 0.0000000 0.1276889 0.1458005 0.1299436 0.1147033 0.1262796 0.1243969 0.1378662 0.0849094 0.1080544 0.1475421 0.1687310 0.0903067 0.1000471 0.1284898 0.1443511 0.0991243 0.0224497 0.1757473 0.1259120 0.0158987 0.1498333 0.1276587 0.1220924 0.1090424 0.0991258 0.0866652 0.0912643 0.0530811 0.1746907 0.1254169 0.1773237 0.1088954 0.1442215 0.1636046 0.1597322 0.1280671 0.1081726 0.1574042 0.1089922 0.1655992 0.1140571 0.1417105 0.0730882 0.1508717 0.0909690 0.1630985 0.1251132 0.1626489 0.1273155 0.1379499 0.1172620 0.1399799 0.0843605 0.0923522 0.0263369 0.1080668 0.1253405 0.1021706 0.0195567 0.0265693 0.1654529 0.1003172 0.1297706 0.0919865 0.1284779 0.1584353 0.1121152 0.1263460 0.1653347 0.1002924 0.0909326 0.0908504 0.1367438 0.1461430 0.1542975 0.1012071 0.1313979 0.1287974 0.1185641 0.1573360 0.0999057 0.1456764 0.1346272 0.1723285 0.1133936 0.1352858 0.0993477 0.1179075 0.1431031 0.1260609 0.1069219 0.1288293 0.1366980 0.1594739 
S0376         0.1686258 0.0824442 0.0822080 0.1614984 0.0754521 0.1390151 0.1228940 0.0468850 0.0913942 0.0994980 0.1397153 0.1117624 0.1272305 0.1390151 0.0609131 0.1276889 0.0000000 0.0674932 0.1308297 0.0822080 0.0325836 0.0669100 0.0833332 0.1219447 0.1231023 0.0683159 0.0919133 0.1066105 0.0995640 0.0536148 0.0669785 0.0727486 0.1095616 0.1299725 0.0676192 0.0988601 0.0758737 0.0669785 0.0877898 0.0829542 0.1207999 0.1008650 0.1237539 0.1087203 0.0851466 0.0745315 0.1018890 0.0530811 0.1142547 0.1012558 0.1255076 0.0735259 0.1421996 0.0931172 0.0683288 0.1504064 0.0945717 0.1066415 0.0421667 0.0848609 0.1213358 0.0820011 0.0673894 0.1363319 0.0673366 0.0918133 0.0463081 0.1554236 0.0924061 0.0985301 0.1483842 0.1075528 0.1408031 0.1373869 0.1390151 0.1498494 0.0969779 0.1032189 0.0724437 0.0467503 0.0764960 0.0930327 0.0770756 0.0666228 0.0829348 0.1162493 0.0530731 0.0462118 0.0910379 0.0901692 0.0931046 0.1074329 0.0545275 0.0711274 0.0678520 0.0825786 0.1147832 0.0744745 0.1244875 0.0682589 0.0769253 0.0754959 0.0988703 0.0605670 0.0914701 0.1186675 0.0684160 0.0762176 0.0321780 0.0785391 
S0400         0.1703694 0.0529603 0.0828521 0.1631479 0.0324315 0.1578585 0.1221605 0.0614704 0.0327824 0.0684134 0.1576234 0.1293290 0.1370635 0.1403906 0.0609097 0.1458005 0.0674932 0.0000000 0.1217635 0.0828521 0.0668699 0.0818337 0.0766858 0.1577702 0.1242110 0.0127633 0.0399107 0.0920584 0.1161451 0.0622346 0.0125244 0.0810946 0.1101051 0.1394947 0.0610712 0.1191258 0.0193188 0.0125244 0.0964048 0.0836110 0.1560516 0.1095306 0.1088661 0.1257727 0.1094035 0.0897988 0.1187507 0.0676274 0.0996735 0.1089612 0.1517025 0.0821461 0.1688133 0.1096360 0.0836125 0.1699625 0.0950137 0.1157775 0.0420332 0.0848675 0.1567535 0.0387737 0.0678894 0.1547016 0.0125830 0.0466942 0.0606925 0.1569318 0.1088167 0.1148961 0.1484638 0.1084862 0.1421430 0.1613050 0.1578585 0.1693260 0.0388611 0.1371015 0.0903646 0.0399360 0.0194629 0.0333818 0.0619158 0.0684124 0.0257980 0.1013967 0.0534477 0.0465305 0.0326700 0.0740441 0.1006982 0.1242818 0.0064050 0.0938887 0.0536223 0.0256996 0.1157911 0.0389177 0.1340686 0.0928047 0.0775325 0.0754976 0.1153138 0.0754668 0.1077366 0.1118074 0.0689334 0.0542938 0.0750025 0.0845301 
S0417         0.2030767 0.1031179 0.0943577 0.0606911 0.1209506 0.1200442 0.0378185 0.1037314 0.1135813 0.0953416 0.0517180 0.1231098 0.0443926 0.1239526 0.0942123 0.1299436 0.1308297 0.1217635 0.0000000 0.0943577 0.1379913 0.0930601 0.1305702 0.1748799 0.0285436 0.1233730 0.1348166 0.0680424 0.0437069 0.1029135 0.1205313 0.0772301 0.1175676 0.1676382 0.1110701 0.1146109 0.1331158 0.1205313 0.1041404 0.0866123 0.1515883 0.0521165 0.0763480 0.1196358 0.1247562 0.0928242 0.1246453 0.0849700 0.1115209 0.1210760 0.1456411 0.1009515 0.1550879 0.1245325 0.1038563 0.1350532 0.1042190 0.1363164 0.0728739 0.1076143 0.1629680 0.1131337 0.1102322 0.1426175 0.1119336 0.1107196 0.1106499 0.0140828 0.0445006 0.0513898 0.1108880 0.0595682 0.0438441 0.1922844 0.1200442 0.1298596 0.1397117 0.1730800 0.1103685 0.0776078 0.1148622 0.1266079 0.0951879 0.1114107 0.1235456 0.0769896 0.0851832 0.0851832 0.1033618 0.0278148 0.1118313 0.0513898 0.1046583 0.1348065 0.0857714 0.1410686 0.0360665 0.1026782 0.0852419 0.1595873 0.1062947 0.1027347 0.0595097 0.0942053 0.1297035 0.1140159 0.0941492 0.0958094 0.1496648 0.1557974 
S0419         0.1497143 0.0671831 0.0000010 0.1181467 0.0990134 0.1251725 0.1135714 0.0457003 0.0989452 0.0614565 0.1144253 0.1069840 0.1099312 0.1091792 0.0745101 0.1147033 0.0822080 0.0828521 0.0943577 0.0000000 0.0814232 0.0523551 0.0824204 0.1250233 0.0835183 0.0838562 0.1009579 0.0600501 0.0760378 0.0681514 0.0676805 0.0201506 0.0893712 0.1001098 0.0668983 0.1046028 0.0917525 0.0821843 0.0065395 0.0255066 0.1080815 0.0695150 0.0685488 0.0970145 0.0915780 0.0596344 0.0927547 0.0389293 0.0828213 0.1057649 0.1190193 0.0724643 0.1348371 0.0769949 0.0534359 0.1022222 0.0077006 0.0944728 0.0203875 0.0924015 0.1085437 0.0531631 0.0734722 0.1228924 0.0826411 0.0907936 0.0596194 0.1139535 0.0618828 0.0752885 0.1339568 0.0836218 0.0996911 0.1400166 0.1251725 0.1352234 0.1059300 0.1254485 0.0802811 0.0321706 0.0842939 0.0860309 0.0687413 0.0741615 0.0838675 0.0761761 0.0383591 0.0318149 0.0604261 0.1088803 0.0977987 0.0835483 0.0772629 0.0920625 0.0671256 0.0985904 0.0758498 0.0827950 0.0764386 0.1056710 0.0760779 0.0892547 0.0606025 0.0460584 0.0824182 0.0767055 0.0318149 0.0753849 0.0752406 0.0929254 
S0427         0.1666465 0.0816555 0.0814232 0.1596166 0.0893114 0.1374223 0.1215157 0.0464666 0.0904883 0.0984910 0.1223085 0.1105637 0.1258333 0.1374223 0.0746102 0.1262796 0.0325836 0.0668699 0.1379913 0.0814232 0.0000000 0.0662983 0.0825243 0.1205843 0.1218006 0.0676777 0.0909975 0.1055219 0.1139289 0.0617112 0.0663655 0.0796082 0.1094188 0.1285133 0.0669937 0.0987235 0.0751507 0.0663655 0.0945811 0.0821534 0.1194720 0.1074491 0.1224357 0.1075870 0.0920683 0.0738341 0.1008276 0.0526090 0.1130757 0.1077929 0.1240661 0.0727837 0.1208927 0.0847786 0.0606373 0.1486222 0.0944467 0.1054783 0.0417761 0.0991710 0.1199959 0.0958097 0.0667694 0.1348066 0.0667167 0.0908996 0.0459011 0.1536946 0.1067653 0.1127324 0.1466495 0.1064434 0.1392515 0.1357444 0.1374223 0.1480789 0.0960260 0.1021323 0.0816584 0.0463359 0.0757610 0.0920944 0.0835688 0.0669902 0.0821350 0.1150247 0.0526008 0.0458066 0.0901397 0.1072629 0.0996446 0.1218670 0.0540284 0.0551565 0.0672216 0.0817855 0.1135914 0.0737785 0.1231522 0.0768472 0.0689990 0.0893586 0.1131315 0.0531528 0.0905599 0.1173857 0.0677754 0.0754866 0.0394863 0.0777590 
S0552sl       0.1560243 0.0525242 0.0523551 0.1244427 0.0977356 0.1257827 0.1116792 0.0596803 0.0976664 0.0823206 0.1052081 0.1164746 0.1081573 0.1189219 0.0458142 0.1243969 0.0669100 0.0818337 0.0930601 0.0523551 0.0662983 0.0000000 0.0814151 0.1018107 0.0897972 0.0828138 0.0996230 0.0745800 0.0823482 0.0673498 0.0811860 0.0415776 0.0987955 0.1104301 0.0661269 0.1066739 0.0905837 0.0811860 0.0486866 0.0528068 0.1018128 0.0759171 0.0902176 0.1060565 0.0755972 0.0320079 0.0765327 0.0253810 0.0893014 0.1062495 0.1126344 0.0639435 0.1111579 0.0615043 0.0391670 0.1128498 0.0662593 0.0880303 0.0202636 0.0763130 0.1181996 0.0818914 0.0726165 0.1167466 0.0816302 0.0896527 0.0453304 0.1200551 0.0754632 0.0815387 0.1346216 0.0899148 0.1059552 0.1335650 0.1257827 0.1359022 0.1045480 0.1191860 0.0797864 0.0457539 0.0913382 0.1008325 0.0679249 0.0732896 0.0828228 0.0831366 0.0519409 0.0452381 0.0743939 0.1067310 0.0982389 0.0898315 0.0617021 0.0760566 0.0663484 0.0973220 0.0821405 0.0817792 0.0907190 0.0893656 0.0751556 0.0597131 0.0817991 0.0321638 0.0893183 0.0921607 0.0529047 0.0744795 0.0743384 0.0766867 
S0558         0.1692414 0.0754866 0.0824204 0.1620794 0.0928978 0.1568167 0.1323994 0.0611640 0.0928206 0.0922974 0.1566356 0.1364726 0.1362141 0.1394947 0.0755109 0.1378662 0.0833332 0.0766858 0.1305702 0.0824204 0.0825243 0.0814151 0.0000000 0.1495505 0.1234848 0.0776363 0.0947348 0.1069212 0.1154780 0.0545814 0.0760692 0.0806452 0.1108434 0.1474482 0.0535726 0.1199780 0.0704176 0.0760692 0.0958546 0.0831710 0.1461739 0.0932524 0.1173494 0.1250266 0.1166652 0.0893269 0.1261384 0.0672908 0.1145960 0.1253631 0.1506958 0.0892964 0.1584557 0.1090091 0.0765884 0.1687957 0.0956724 0.1237416 0.0423633 0.0850896 0.1468248 0.1071943 0.0744446 0.1537069 0.0764938 0.0999335 0.0603943 0.1559539 0.1002728 0.0988073 0.1665111 0.1078704 0.1412709 0.1540176 0.1568167 0.1681683 0.0846127 0.1481697 0.0898460 0.0468510 0.0862871 0.0959233 0.0771997 0.0607687 0.0928999 0.1166043 0.0531902 0.0463099 0.0839406 0.0920083 0.1168320 0.1077494 0.0709333 0.0698495 0.0680158 0.0772935 0.1151285 0.0620411 0.1332583 0.0917710 0.0771239 0.0904802 0.1146565 0.0750811 0.1071304 0.1028849 0.0685828 0.0764122 0.0912271 0.0942654 
S0616         0.2389188 0.1375088 0.1250233 0.1761276 0.1777460 0.1123588 0.1631400 0.1018912 0.1778852 0.1479914 0.1616119 0.1030386 0.1666217 0.1123588 0.1462938 0.0849094 0.1219447 0.1577702 0.1748799 0.1250233 0.1205843 0.1018107 0.1495505 0.0000000 0.1439104 0.1596677 0.1819149 0.1161940 0.1272152 0.1397535 0.1561296 0.1096598 0.1096622 0.1524929 0.1298586 0.0986474 0.1622007 0.1561296 0.1250929 0.1193472 0.0864889 0.1134576 0.1174762 0.0844878 0.1695360 0.1035349 0.1721385 0.1030400 0.1559615 0.1583455 0.1542558 0.1492466 0.0780167 0.1355156 0.1031456 0.1603166 0.1367982 0.1359629 0.0673938 0.1633275 0.0868675 0.1756804 0.1440695 0.1502113 0.1384586 0.1496408 0.1114905 0.1781600 0.1103051 0.1189255 0.1211651 0.1170654 0.1629610 0.0815950 0.1123588 0.1223377 0.1782337 0.0875329 0.1621031 0.1015875 0.1310329 0.1618062 0.1228012 0.1455105 0.1781792 0.1274800 0.1079736 0.1002973 0.1379681 0.1704751 0.1489091 0.1286932 0.1436243 0.1400603 0.1375061 0.1699038 0.1350088 0.1576291 0.1204690 0.1672008 0.1427249 0.1568282 0.1262725 0.0959722 0.1562776 0.1370382 0.1169826 0.1485306 0.1310526 0.1539799 
S0624         0.1787569 0.1064458 0.0835183 0.0259965 0.1420984 0.1093681 0.0199762 0.0916889 0.1246085 0.1080351 0.0525442 0.1167920 0.0193987 0.1024011 0.1144269 0.1080544 0.1231023 0.1242110 0.0285436 0.0835183 0.1218006 0.0897972 0.1234848 0.1439104 0.0000000 0.1256808 0.1451245 0.0391737 0.0321156 0.1080594 0.1230734 0.0500409 0.0814840 0.1282737 0.1059824 0.0768381 0.1344578 0.1230734 0.0805583 0.0766345 0.1437710 0.0327480 0.0460953 0.0978279 0.1169746 0.0905098 0.1185575 0.0753592 0.1230016 0.1435029 0.1108795 0.0817593 0.1542888 0.1185090 0.0917771 0.0943247 0.0673027 0.0966699 0.0499297 0.1275211 0.1613675 0.1242817 0.0975907 0.1172441 0.1070919 0.1158142 0.0979207 0.0252379 0.0325702 0.0387375 0.1179114 0.0322110 0.0125837 0.1692383 0.1093681 0.1190238 0.1493283 0.1628596 0.1073732 0.0764518 0.1095932 0.1376835 0.0926474 0.0985242 0.1258467 0.0464408 0.0681771 0.0755281 0.0993431 0.0136673 0.1346313 0.0388121 0.1103701 0.1347676 0.0839487 0.1416016 0.0062208 0.1241141 0.0533816 0.1314890 0.0858694 0.1222893 0.0527660 0.0834067 0.1314349 0.0938302 0.0833510 0.0929072 0.1317226 0.1364082 
S0641         0.1723387 0.0536115 0.0838562 0.1650562 0.0328381 0.1597513 0.1236749 0.0622388 0.0331984 0.0692575 0.1594178 0.1309032 0.1387128 0.1421123 0.0616634 0.1475421 0.0683159 0.0127633 0.1233730 0.0838562 0.0676777 0.0828138 0.0776363 0.1596677 0.1256808 0.0000000 0.0404173 0.0931844 0.1175346 0.0546241 0.0126825 0.0821477 0.1116614 0.1411950 0.0618297 0.1209093 0.0195661 0.0126825 0.0976277 0.0846322 0.1579039 0.1108640 0.1101876 0.1272747 0.1107348 0.0908707 0.1201968 0.0684532 0.1008785 0.1102863 0.1403764 0.0743622 0.1708323 0.1109684 0.0846322 0.1720040 0.0964206 0.1172484 0.0425925 0.0859167 0.1586198 0.0392525 0.0687202 0.1565257 0.0127425 0.0472794 0.0614422 0.1587120 0.1101340 0.1162560 0.1502577 0.1097997 0.1340938 0.1632642 0.1597513 0.1713555 0.0393420 0.1387479 0.0915421 0.0404436 0.0197141 0.0338116 0.0626939 0.0692558 0.0261246 0.1026413 0.0541115 0.0471125 0.0330832 0.0740441 0.1019297 0.1257541 0.0064887 0.0950506 0.0542901 0.0260240 0.1171704 0.0539717 0.1356569 0.0939453 0.0785014 0.0764174 0.1166839 0.0763873 0.1090343 0.1131934 0.0697898 0.0549774 0.0759128 0.0959866 
S0643         0.1946315 0.0690570 0.1009579 0.1870634 0.0398771 0.1819249 0.1439196 0.0784921 0.0551521 0.0781920 0.1804136 0.1321171 0.1594140 0.1634787 0.0777080 0.1687310 0.0919133 0.0399107 0.1348166 0.1009579 0.0909975 0.0996230 0.0947348 0.1819149 0.1451245 0.0404173 0.0000000 0.1110691 0.1366262 0.0794950 0.0396285 0.0916287 0.1233521 0.1623556 0.0779508 0.1337746 0.0475995 0.0396285 0.1165081 0.1019241 0.1797052 0.1298527 0.1290714 0.1470034 0.1297007 0.1081557 0.1398388 0.0847012 0.1190477 0.1022930 0.1758616 0.0919057 0.1937874 0.1299180 0.1018903 0.1951404 0.1079328 0.1375416 0.0586234 0.1035095 0.1713285 0.0681654 0.0839620 0.1780726 0.0398313 0.0701870 0.0774465 0.1795804 0.1289564 0.1350670 0.1718962 0.1286073 0.1643118 0.1859955 0.1819249 0.1838003 0.0261904 0.1679902 0.1105095 0.0556142 0.0479802 0.0202551 0.0790638 0.0857154 0.0544904 0.1212234 0.0697536 0.0624653 0.0550065 0.0936681 0.0940481 0.1452276 0.0338329 0.1132716 0.0699878 0.0542660 0.1361590 0.0620845 0.1558188 0.0996737 0.0957990 0.0931278 0.1355969 0.0931197 0.1276881 0.1156407 0.0864172 0.0709143 0.1000196 0.1145371 
S0656sl       0.1774646 0.0757155 0.0600501 0.0690411 0.1088560 0.0998343 0.0636835 0.0676181 0.1088007 0.0850373 0.0820224 0.0911771 0.0617506 0.0845974 0.0983024 0.0903067 0.1066105 0.0920584 0.0680424 0.0600501 0.1055219 0.0745800 0.1069212 0.1161940 0.0391737 0.0931844 0.1110691 0.0000000 0.0324182 0.0918994 0.0912831 0.0277405 0.0462050 0.1010754 0.0901558 0.0669259 0.1013941 0.0912831 0.0560436 0.0540887 0.1161592 0.0330626 0.0193353 0.0739573 0.1003820 0.0751684 0.1017031 0.0604986 0.0912704 0.1170186 0.1013108 0.0811392 0.1257374 0.1017344 0.0761885 0.0852848 0.0401390 0.0711438 0.0420706 0.1180897 0.1326821 0.0921222 0.0969031 0.0990381 0.0761379 0.0842656 0.0823826 0.0668215 0.0328814 0.0391046 0.1080753 0.0325145 0.0533766 0.1488834 0.0998343 0.1090746 0.1159502 0.1338129 0.1079486 0.0533051 0.0776786 0.1035060 0.0621676 0.0978253 0.0932228 0.0127830 0.0595592 0.0526910 0.0687870 0.0590560 0.1086710 0.0391808 0.0784098 0.1175979 0.0904959 0.1084045 0.0323579 0.1074437 0.0539062 0.1147059 0.0937293 0.1072438 0.0532786 0.0681962 0.1236355 0.0619228 0.0671272 0.0917081 0.1149244 0.1189044 
S0673         0.1875515 0.0987117 0.0760378 0.0610937 0.1175776 0.1101185 0.0556420 0.0840753 0.1165286 0.1001728 0.0818352 0.1010195 0.0539779 0.0943131 0.0913408 0.1000471 0.0995640 0.1161451 0.0437069 0.0760378 0.1139289 0.0823482 0.1154780 0.1272152 0.0321156 0.1175346 0.1366262 0.0324182 0.0000000 0.1002017 0.1151014 0.0354960 0.0637436 0.1281608 0.0982824 0.0773446 0.1261861 0.1151014 0.0645718 0.0700694 0.1271433 0.0128844 0.0392369 0.0828992 0.1009823 0.0830021 0.1105619 0.0680446 0.1150468 0.1286551 0.1199589 0.0976510 0.1372376 0.1103837 0.0841501 0.1029851 0.0582409 0.0965254 0.0498188 0.1108052 0.1443422 0.1004733 0.1050796 0.1171188 0.0993007 0.1078910 0.0903375 0.0591728 0.0063622 0.0126167 0.1187248 0.0255890 0.0459389 0.1618437 0.1101185 0.1198518 0.1410145 0.1456351 0.1171948 0.0690245 0.1016113 0.1292166 0.0775734 0.1060836 0.1176637 0.0395318 0.0753779 0.0681970 0.0916388 0.0279048 0.1199107 0.0061875 0.1023266 0.1265049 0.0986644 0.1333119 0.0254686 0.1160560 0.0463884 0.1313849 0.1022106 0.1001887 0.0257690 0.0759419 0.1233474 0.0762594 0.0758840 0.1080145 0.1236288 0.1279853 
S0689         0.1524225 0.0540502 0.0681514 0.1453401 0.0779853 0.1398844 0.1158002 0.0472110 0.0778941 0.0774745 0.1405443 0.1202769 0.1200450 0.1228945 0.0613248 0.1284898 0.0536148 0.0622346 0.1029135 0.0681514 0.0617112 0.0673498 0.0545814 0.1397535 0.1080594 0.0546241 0.0794950 0.0918994 0.1002017 0.0000000 0.0617537 0.0494286 0.0729262 0.1307951 0.0329544 0.0787473 0.0707209 0.0617537 0.0638988 0.0687651 0.1181188 0.0936011 0.1086100 0.1094113 0.1012140 0.0676647 0.1103165 0.0534407 0.0916542 0.1096325 0.1232670 0.0661246 0.1340960 0.0859157 0.0687858 0.1401068 0.0578458 0.0893240 0.0280334 0.0854229 0.1302328 0.0921503 0.0533112 0.1285723 0.0620902 0.0849916 0.0466259 0.1399424 0.0930083 0.0991564 0.1493002 0.0926970 0.1174179 0.1457119 0.1398844 0.1507800 0.0849434 0.1196242 0.0492668 0.0332137 0.0713159 0.0804998 0.0552523 0.0325124 0.0779517 0.1011846 0.0395969 0.0328344 0.0694038 0.0740441 0.1013320 0.1081105 0.0562926 0.0639340 0.0539942 0.0776107 0.0999183 0.0475544 0.1174470 0.0612284 0.0626088 0.0759926 0.0995002 0.0609746 0.0842908 0.0874181 0.0544531 0.0620248 0.0609202 0.0790740 
S0690         0.1514872 0.0525766 0.0676805 0.1614686 0.0322122 0.1562213 0.1209979 0.0610017 0.0325579 0.0536649 0.1560707 0.1280899 0.1357305 0.1389842 0.0604508 0.1443511 0.0669785 0.0125244 0.1205313 0.0676805 0.0663655 0.0811860 0.0760692 0.1561296 0.1230734 0.0126825 0.0396285 0.0912831 0.1151014 0.0617537 0.0000000 0.0804001 0.1089638 0.1381097 0.0606090 0.1177769 0.0191934 0.0124466 0.0798498 0.0829301 0.1544579 0.1085514 0.1078979 0.1246050 0.1084264 0.0890666 0.1176534 0.0671106 0.0837177 0.1079900 0.1501209 0.0814350 0.1670059 0.1086566 0.0829329 0.1681291 0.0758711 0.1146740 0.0345926 0.0841648 0.1380665 0.0385083 0.0673687 0.1531396 0.0125045 0.0463582 0.0602365 0.1553945 0.1001945 0.1138771 0.1469586 0.1075249 0.1407734 0.1595921 0.1562213 0.1675069 0.0385945 0.1357705 0.0895602 0.0396533 0.0193353 0.0263899 0.0614401 0.0678829 0.0256272 0.1005093 0.0530559 0.0461964 0.0324462 0.0897226 0.0998226 0.1231421 0.0063650 0.0930832 0.0532278 0.0255299 0.1147549 0.0529219 0.1327973 0.0920173 0.0769020 0.0749033 0.1142859 0.0748722 0.1067904 0.1107817 0.0683948 0.0538886 0.0601793 0.0939707 
S0720         0.1496694 0.0495045 0.0201506 0.0836352 0.0806782 0.0992668 0.0780840 0.0416851 0.0982538 0.0655403 0.0892193 0.0824076 0.0754833 0.0929969 0.0572315 0.0991243 0.0727486 0.0810946 0.0772301 0.0201506 0.0796082 0.0415776 0.0806452 0.1096598 0.0500409 0.0821477 0.0916287 0.0277405 0.0354960 0.0494286 0.0804001 0.0000000 0.0728448 0.0825546 0.0566101 0.0856282 0.0905684 0.0804001 0.0272877 0.0066886 0.0909488 0.0435148 0.0509577 0.0809329 0.0741573 0.0414989 0.0741031 0.0345066 0.0719187 0.0641814 0.0930185 0.0614945 0.1106825 0.0740511 0.0498240 0.0835926 0.0235481 0.0742307 0.0217256 0.0752870 0.1003216 0.0575044 0.0635895 0.0894867 0.0727251 0.0813027 0.0564413 0.0806487 0.0361261 0.0429250 0.1080964 0.0507743 0.0658936 0.1346808 0.0992668 0.1083564 0.0970989 0.1087854 0.0446632 0.0273627 0.0742747 0.0839111 0.0424454 0.0642276 0.0821556 0.0432607 0.0339720 0.0270418 0.0496177 0.0924088 0.0565099 0.0429250 0.0745090 0.0748248 0.0643927 0.0978775 0.0424769 0.0731064 0.0590904 0.0969402 0.0583424 0.0573722 0.0507253 0.0420290 0.0891599 0.0509650 0.0270418 0.0731439 0.0886966 0.0918043 
S0724sl       0.1849314 0.0726926 0.0893712 0.1221569 0.1093701 0.0224846 0.1063181 0.0814031 0.1306272 0.0917867 0.1183069 0.0804436 0.1124522 0.0226791 0.0908914 0.0224497 0.1095616 0.1101051 0.1175676 0.0893712 0.1094188 0.0987955 0.1108434 0.1096622 0.0814840 0.1116614 0.1233521 0.0462050 0.0637436 0.0729262 0.1089638 0.0728448 0.0000000 0.1291673 0.0910252 0.0237122 0.1217190 0.0909377 0.0993739 0.0825637 0.1072501 0.0734175 0.0731082 0.0537720 0.1309257 0.0985253 0.1308022 0.0901924 0.1092278 0.1196779 0.1438672 0.0987323 0.0722674 0.1207360 0.1094987 0.1525051 0.0846795 0.0997641 0.0675693 0.1251802 0.0896919 0.1196483 0.0990675 0.1083418 0.1000339 0.0989211 0.0994643 0.1170729 0.0649999 0.0722926 0.0303229 0.0720973 0.1003825 0.1115728 0.0224846 0.0304111 0.1287879 0.1087632 0.0784704 0.0640188 0.1024274 0.1143264 0.0736040 0.0810137 0.1308066 0.0642883 0.0631324 0.0631324 0.0911529 0.1282591 0.1099353 0.0722926 0.0923485 0.1133429 0.1005909 0.1300685 0.0725604 0.1011646 0.1106533 0.1293237 0.0838830 0.1013334 0.0814840 0.0898397 0.1099889 0.0916349 0.0981535 0.1005909 0.1286712 0.1459992 
S0735         0.2082584 0.1030745 0.1001098 0.1593884 0.1587398 0.1890288 0.1554371 0.1095880 0.1588108 0.1301239 0.1643250 0.1477521 0.1501287 0.1706507 0.1373429 0.1757473 0.1299725 0.1394947 0.1676382 0.1001098 0.1285133 0.1104301 0.1474482 0.1524929 0.1282737 0.1411950 0.1623556 0.1010754 0.1281608 0.1307951 0.1381097 0.0825546 0.1291673 0.0000000 0.1281340 0.1279598 0.1506673 0.1381097 0.1066600 0.1010573 0.1508304 0.1309614 0.1204355 0.1439144 0.1407461 0.1032669 0.1428041 0.0949364 0.1464731 0.1648390 0.0729751 0.1205527 0.1636480 0.1425941 0.1130362 0.0888662 0.0944366 0.0330838 0.0676692 0.1609143 0.1515216 0.1382750 0.1352735 0.0608846 0.1390030 0.1303963 0.1032185 0.1620254 0.1300496 0.1361957 0.1995000 0.1285258 0.1468353 0.1500083 0.1890288 0.2015532 0.1663699 0.1529620 0.1494536 0.0936085 0.1315706 0.1430457 0.1233229 0.1366184 0.1405115 0.0949458 0.0999995 0.0924342 0.0957070 0.1474067 0.1554423 0.1366631 0.1254272 0.1600978 0.1112702 0.1582101 0.1195685 0.1482754 0.1297866 0.1388904 0.1407253 0.1546237 0.1451508 0.0879081 0.1469936 0.1585812 0.0767011 0.1020126 0.1391407 0.1443945 
S0742         0.1493454 0.0462565 0.0668983 0.1424032 0.0764999 0.1370129 0.1134249 0.0463475 0.0764103 0.0760077 0.1377997 0.1178760 0.1176519 0.1203874 0.0601974 0.1259120 0.0676192 0.0610712 0.1110701 0.0668983 0.0669937 0.0661269 0.0535726 0.1298586 0.1059824 0.0618297 0.0779508 0.0901558 0.0982824 0.0329544 0.0606090 0.0566101 0.0910252 0.1281340 0.0000000 0.0983771 0.0693736 0.0606090 0.0711525 0.0674897 0.1270376 0.0917957 0.1065097 0.0911861 0.0992552 0.0595703 0.1081477 0.0524749 0.0827013 0.1074878 0.1308110 0.0723652 0.1301918 0.0828805 0.0675113 0.1393994 0.0759530 0.0969591 0.0274989 0.0837906 0.1196438 0.0903994 0.0456363 0.1181538 0.0609329 0.0833783 0.0321027 0.1372212 0.0912264 0.0972780 0.1462089 0.0909226 0.1228707 0.1426005 0.1370129 0.1385010 0.0833297 0.1286932 0.0658069 0.0326133 0.0699456 0.0789183 0.0472604 0.0325145 0.0764651 0.0992299 0.0388870 0.0322476 0.0681058 0.0740441 0.0993655 0.1060314 0.0552220 0.0621827 0.0530074 0.0690766 0.0980117 0.0398451 0.1084398 0.0606105 0.0614336 0.0745826 0.0976080 0.0598594 0.0755052 0.0857068 0.0534507 0.0608700 0.0751403 0.0775435 
