119
PAFTOL_019361 0.0000000 0.2024661 0.1911041 0.1911087 0.1849747 0.2435580 0.2107880 0.2005886 0.1850966 0.1911331 0.1952837 0.2020665 0.2221786 0.2024313 0.1783832 0.1940410 0.2161064 0.2075548 0.1817870 0.2206475 0.2254228 0.1867302 0.2305024 0.2117796 0.1869161 0.2219957 0.1818736 0.1964581 0.1984497 0.2280519 0.1966980 0.1921591 0.2366904 0.2160489 0.1927549 0.2070859 0.1950819 0.1985441 0.1762141 0.1985600 0.1878309 0.2422493 0.2146960 0.1877190 0.2235178 0.1967055 0.1829326 0.1808887 0.2056449 0.1894991 0.1981613 0.2099859 0.1918767 0.1796390 0.1989580 0.2020178 0.2053696 0.1857584 0.2052415 0.1936807 0.2047891 0.1994335 0.1916452 0.2037504 0.1732983 0.1829790 0.1840085 0.2042154 0.2217587 0.2145478 0.2214286 0.2065040 0.1879242 0.2129862 0.2107127 0.1970841 0.1911971 0.2086673 0.2063019 0.2046921 0.1867176 0.2303488 0.1986714 0.2285850 0.1888299 0.2265688 0.1981380 0.2142965 0.2368822 0.2080252 0.1997644 0.1902031 0.2213068 0.1966212 0.2013254 0.2151117 0.1978091 0.1953377 0.2091958 0.2042420 0.2267001 0.2306669 0.1809122 0.2247773 0.2213849 0.2176533 0.2279444 0.2046063 0.2043126 0.2055415 0.2122482 0.2148279 0.1993999 0.2111020 0.2159041 0.1758583 0.1841348 0.2134776 0.2007945 
S0055         0.2024661 0.0000000 0.0663209 0.0704555 0.0618364 0.0492420 0.0922767 0.0670843 0.0827728 0.0682457 0.0987015 0.0981116 0.0771546 0.0989781 0.0609480 0.0772831 0.1177381 0.0969696 0.0602515 0.0376595 0.0461825 0.0636593 0.0955064 0.0704710 0.0575093 0.0889916 0.0811850 0.0672286 0.0609833 0.0821313 0.0927743 0.0610804 0.0488753 0.0348130 0.0672073 0.0797407 0.0576715 0.0702462 0.0696829 0.0958053 0.1191221 0.0959591 0.0430695 0.0606558 0.0432156 0.0669005 0.0581881 0.0636595 0.0894252 0.0895150 0.0609149 0.0634111 0.0605536 0.0922104 0.0523147 0.0525237 0.0672863 0.0883764 0.0733665 0.1165887 0.1122138 0.0909398 0.0495791 0.0614163 0.1204772 0.0669329 0.1158016 0.0551154 0.0884045 0.0995603 0.0428159 0.0893824 0.1217030 0.0375411 0.0433109 0.0760841 0.0609694 0.0635786 0.0670979 0.0763212 0.0764355 0.1206925 0.0958515 0.0344856 0.0923493 0.1102659 0.0965583 0.0401979 0.0241721 0.0965922 0.0317942 0.0701665 0.1035838 0.0951763 0.0674045 0.0432354 0.0735554 0.0606502 0.0763952 0.0575555 0.0436335 0.1301975 0.0704131 0.0474723 0.0870106 0.0287568 0.1025451 0.0289898 0.0667619 0.1064772 0.0621998 0.0640079 0.0547103 0.0635260 0.0812407 0.0526168 0.0730165 0.0935932 0.0543171 
S0196sl       0.1911041 0.0663209 0.0000000 0.0537221 0.0398665 0.0818929 0.0726307 0.0478591 0.0565701 0.0457696 0.0777201 0.0764375 0.0571387 0.0803254 0.0366484 0.0602770 0.0863418 0.0721894 0.0449220 0.0664573 0.0755829 0.0475680 0.0820742 0.0566741 0.0150802 0.0748773 0.0567496 0.0451298 0.0597403 0.0749698 0.0684611 0.0394754 0.0811818 0.0663235 0.0423185 0.0566741 0.0507273 0.0657506 0.0506919 0.0773501 0.0930906 0.0814506 0.0749400 0.0151260 0.0752542 0.0256208 0.0657936 0.0392317 0.0655789 0.0656162 0.0481540 0.0563259 0.0449540 0.0741691 0.0569961 0.0630493 0.0718241 0.0809697 0.0593820 0.1002195 0.0989038 0.0727782 0.0514725 0.0601559 0.0911683 0.0203865 0.0933148 0.0625856 0.0711879 0.0877089 0.0713836 0.0745023 0.1081824 0.0661212 0.0693350 0.0493250 0.0449303 0.0564277 0.0597710 0.0651922 0.0594159 0.1012933 0.0713420 0.0722771 0.0707328 0.0844423 0.0689562 0.0688649 0.0738384 0.0689814 0.0628685 0.0479093 0.0783383 0.0680313 0.0481164 0.0753048 0.0284605 0.0420989 0.0622449 0.0506302 0.0760064 0.0878582 0.0452150 0.0809240 0.0573365 0.0717042 0.0837497 0.0598083 0.0538015 0.0780592 0.0488319 0.0567963 0.0566042 0.0564230 0.0860516 0.0397492 0.0506570 0.0729628 0.0475767 
S0278         0.1911087 0.0704555 0.0537221 0.0000000 0.0516047 0.0896340 0.0755876 0.0283826 0.0629330 0.0289205 0.0846417 0.0802458 0.0452013 0.0872716 0.0284583 0.0602878 0.0867172 0.0758756 0.0509875 0.0736876 0.0861164 0.0308273 0.0974091 0.0393345 0.0450579 0.0846946 0.0385361 0.0422783 0.0665529 0.0853759 0.0691712 0.0176910 0.0888367 0.0735356 0.0313373 0.0570022 0.0506996 0.0663924 0.0596990 0.0842325 0.0932163 0.0858843 0.0823835 0.0393892 0.0795050 0.0510660 0.0662684 0.0477360 0.0684539 0.0720356 0.0537956 0.0630936 0.0336465 0.0747232 0.0548999 0.0636887 0.0632764 0.0822134 0.0658015 0.1075410 0.1070134 0.0733469 0.0576461 0.0665024 0.0975899 0.0450211 0.0964653 0.0656318 0.0717998 0.0916502 0.0818455 0.0874295 0.1157727 0.0764604 0.0766434 0.0621017 0.0336306 0.0563951 0.0597351 0.0651534 0.0361958 0.0990047 0.0780861 0.0796711 0.0646846 0.0948349 0.0756664 0.0700397 0.0882382 0.0817989 0.0633207 0.0568737 0.0817789 0.0686134 0.0366221 0.0827976 0.0600948 0.0255779 0.0687256 0.0506017 0.0835836 0.0821225 0.0513244 0.0888304 0.0424935 0.0790245 0.0836955 0.0667514 0.0633721 0.0787398 0.0604138 0.0567625 0.0634166 0.0632073 0.0899215 0.0486321 0.0568625 0.0828886 0.0540494 
S0281         0.1849747 0.0618364 0.0398665 0.0516047 0.0000000 0.0768541 0.0669365 0.0456977 0.0514830 0.0434307 0.0728724 0.0713272 0.0576362 0.0755146 0.0343970 0.0521923 0.0720409 0.0672253 0.0427414 0.0643988 0.0765655 0.0454166 0.0703031 0.0514064 0.0343573 0.0728413 0.0515933 0.0457114 0.0669357 0.0859411 0.0695567 0.0372427 0.0762421 0.0642669 0.0401065 0.0544748 0.0457146 0.0637313 0.0259381 0.0725218 0.0905675 0.0864216 0.0696006 0.0344688 0.0732839 0.0458403 0.0702476 0.0152623 0.0575072 0.0695534 0.0487962 0.0575069 0.0427719 0.0662794 0.0581748 0.0579807 0.0733440 0.0754702 0.0511716 0.0881730 0.0905530 0.0587288 0.0614502 0.0705002 0.0949132 0.0402213 0.0938154 0.0605528 0.0631504 0.0858876 0.0701276 0.0754269 0.0988891 0.0671466 0.0709728 0.0473163 0.0427496 0.0514257 0.0547400 0.0631836 0.0544353 0.0996030 0.0664872 0.0702771 0.0687060 0.0727011 0.0545716 0.0668443 0.0687920 0.0667508 0.0643298 0.0456579 0.0732034 0.0601137 0.0459462 0.0739846 0.0490363 0.0398961 0.0540077 0.0456265 0.0708162 0.0693703 0.0401225 0.0789475 0.0580806 0.0667000 0.0819068 0.0577121 0.0578729 0.0729445 0.0565068 0.0546991 0.0607557 0.0605555 0.0977920 0.0403383 0.0372453 0.0739874 0.0514244 
S0282         0.2435580 0.0492420 0.0818929 0.0896340 0.0768541 0.0000000 0.1057436 0.0828607 0.0920839 0.0875405 0.1148678 0.1116697 0.0905097 0.1220134 0.0764495 0.0910760 0.1045355 0.1033416 0.0755611 0.0150940 0.0283705 0.0761581 0.1029742 0.0929645 0.0758024 0.0944237 0.0984154 0.0827468 0.0797738 0.0951752 0.1097289 0.0797290 0.0420370 0.0178083 0.0830136 0.0961046 0.0798478 0.0830706 0.0917344 0.1187128 0.1317708 0.1055439 0.0284235 0.0760702 0.0202062 0.0698169 0.0701057 0.0853949 0.1062113 0.1030823 0.0834003 0.0722535 0.0729232 0.1156666 0.0707454 0.0769853 0.0864619 0.0960831 0.0887418 0.1361340 0.1306454 0.1186226 0.0643329 0.0765481 0.1332733 0.0759037 0.1283964 0.0797990 0.1055522 0.1137369 0.0604084 0.1119807 0.1416431 0.0203787 0.0511489 0.0928217 0.0795754 0.0861239 0.0900350 0.0918677 0.0992145 0.1389711 0.1119909 0.0230268 0.1133894 0.1146309 0.1030893 0.0255432 0.0511440 0.1096802 0.0519384 0.0860749 0.1167997 0.1120829 0.0897431 0.0513271 0.0896558 0.0763813 0.0918537 0.0796752 0.0177823 0.1386822 0.0795005 0.0319652 0.1038452 0.0341680 0.1122637 0.0338325 0.0824443 0.1030820 0.0809689 0.0798216 0.0672568 0.0723889 0.1048884 0.0674942 0.0851523 0.1063523 0.0629572 
S0288         0.2107880 0.0922767 0.0726307 0.0755876 0.0669365 0.1057436 0.0000000 0.0726101 0.0626561 0.0539281 0.0167167 0.0618599 0.0868670 0.0167167 0.0595462 0.0769917 0.0931920 0.0197458 0.0727083 0.0877771 0.0982620 0.0623663 0.1451538 0.0830568 0.0626104 0.0699220 0.0724521 0.0631129 0.0948671 0.1016648 0.0569517 0.0628069 0.1127906 0.0838006 0.0595570 0.0829693 0.0726300 0.0907796 0.0726640 0.0138907 0.1225061 0.1022981 0.1053189 0.0628443 0.0873689 0.0626685 0.0802076 0.0657020 0.0930389 0.0567220 0.0799529 0.0762097 0.0625053 0.0470004 0.0878961 0.0805065 0.1016304 0.1223121 0.0821700 0.1232347 0.1085366 0.0483690 0.0769967 0.0871270 0.1280187 0.0592031 0.1189024 0.0832662 0.0796286 0.0949816 0.0979838 0.0900212 0.1326180 0.0878646 0.0876780 0.0813598 0.0691077 0.0828733 0.0835516 0.0786896 0.0791982 0.0601888 0.0110744 0.0944509 0.0620443 0.0941631 0.0733722 0.0869987 0.1239499 0.0762079 0.0910276 0.0692721 0.0760211 0.0759514 0.0730482 0.0945943 0.0801751 0.0657789 0.0854594 0.0694407 0.0989909 0.1007383 0.0593289 0.0966412 0.0766188 0.1054757 0.0962941 0.0872911 0.0702412 0.0900143 0.0438503 0.0796633 0.0871976 0.0761564 0.1350370 0.0567741 0.0685907 0.0917550 0.0692511 
S0289         0.2005886 0.0670843 0.0478591 0.0283826 0.0456977 0.0828607 0.0726101 0.0000000 0.0568712 0.0261098 0.0812855 0.0737244 0.0366794 0.0839070 0.0230513 0.0606044 0.0825380 0.0725855 0.0423067 0.0672248 0.0794300 0.0202102 0.0949463 0.0310108 0.0423052 0.0750854 0.0356046 0.0366214 0.0631146 0.0850023 0.0719070 0.0177294 0.0821332 0.0670873 0.0258521 0.0539814 0.0393455 0.0601660 0.0566647 0.0808948 0.0934982 0.0792987 0.0758092 0.0424434 0.0761299 0.0482615 0.0665444 0.0420048 0.0688142 0.0719027 0.0423016 0.0569522 0.0281868 0.0745714 0.0548062 0.0541061 0.0697454 0.0945555 0.0655216 0.0942214 0.1001661 0.0695854 0.0578840 0.0667806 0.0978929 0.0482853 0.0967602 0.0594819 0.0655982 0.0851762 0.0753183 0.0748233 0.1020386 0.0699716 0.0763072 0.0499043 0.0281742 0.0448759 0.0480378 0.0561724 0.0363729 0.1018679 0.0748079 0.0731156 0.0650284 0.0881541 0.0693326 0.0696554 0.0803055 0.0753653 0.0603534 0.0509335 0.0787714 0.0624793 0.0310758 0.0761829 0.0572254 0.0202599 0.0684322 0.0392723 0.0769007 0.0995556 0.0454538 0.0819037 0.0368036 0.0725296 0.0713435 0.0604839 0.0572651 0.0690999 0.0437000 0.0451619 0.0572375 0.0570518 0.0900910 0.0427852 0.0509243 0.0762990 0.0480964 
S0292         0.1850966 0.0827728 0.0565701 0.0629330 0.0514830 0.0920839 0.0626561 0.0568712 0.0000000 0.0431583 0.0690189 0.0649027 0.0625928 0.0716285 0.0425734 0.0482115 0.0668856 0.0633435 0.0481521 0.0761670 0.0885666 0.0565170 0.0956909 0.0659823 0.0508951 0.0689128 0.0603748 0.0539365 0.0696608 0.0756249 0.0662716 0.0482434 0.0942767 0.0760113 0.0454709 0.0688675 0.0570001 0.0661647 0.0625583 0.0686922 0.1035099 0.0819491 0.0917503 0.0510647 0.0851880 0.0509381 0.0664250 0.0506467 0.0718397 0.0597758 0.0630572 0.0567642 0.0538628 0.0630442 0.0669115 0.0726509 0.0792680 0.0825048 0.0624036 0.1076950 0.0835104 0.0638573 0.0578482 0.0667357 0.1016526 0.0509631 0.1003490 0.0752071 0.0561358 0.0754343 0.0911483 0.0395105 0.1159421 0.0728373 0.0728900 0.0491236 0.0538326 0.0656904 0.0691969 0.0654275 0.0687798 0.0959019 0.0627744 0.0821313 0.0530468 0.0686724 0.0202955 0.0785664 0.0930931 0.0257010 0.0760877 0.0566549 0.0284455 0.0230710 0.0542248 0.0817622 0.0662747 0.0509120 0.0652880 0.0597096 0.0821705 0.0404670 0.0308702 0.0873558 0.0665775 0.0883004 0.0748677 0.0757851 0.0662825 0.0505732 0.0319237 0.0598110 0.0542151 0.0626572 0.1073014 0.0427176 0.0417964 0.0829557 0.0506811 
S0299         0.1911331 0.0682457 0.0457696 0.0289205 0.0434307 0.0875405 0.0539281 0.0261098 0.0431583 0.0000000 0.0642722 0.0626495 0.0346905 0.0669257 0.0207870 0.0555945 0.0575491 0.0585988 0.0430362 0.0714879 0.0805438 0.0206207 0.1022377 0.0235169 0.0345563 0.0733187 0.0393267 0.0318223 0.0671466 0.0833431 0.0580923 0.0128318 0.0867547 0.0713386 0.0208549 0.0519379 0.0428934 0.0611521 0.0546559 0.0639641 0.0824411 0.0774750 0.0767571 0.0402900 0.0806068 0.0461588 0.0707492 0.0398685 0.0669251 0.0578503 0.0489488 0.0608712 0.0233724 0.0607818 0.0583588 0.0643476 0.0735763 0.0890948 0.0573183 0.0862448 0.0817179 0.0588699 0.0618881 0.0710053 0.0866792 0.0461820 0.0856699 0.0634387 0.0577643 0.0675044 0.0766129 0.0670201 0.0972812 0.0681440 0.0744674 0.0507353 0.0233618 0.0487412 0.0549111 0.0574926 0.0316033 0.0843075 0.0580030 0.0775182 0.0625202 0.0739747 0.0552450 0.0739459 0.0929701 0.0611687 0.0613740 0.0487407 0.0584148 0.0487056 0.0262490 0.0806656 0.0552046 0.0153965 0.0602071 0.0457681 0.0814397 0.0881084 0.0404582 0.0866775 0.0348097 0.0768834 0.0759926 0.0645302 0.0582805 0.0644598 0.0331232 0.0519243 0.0611843 0.0609811 0.0951937 0.0378088 0.0459666 0.0776971 0.0517810 
S0303         0.1952837 0.0987015 0.0777201 0.0846417 0.0728724 0.1148678 0.0167167 0.0812855 0.0690189 0.0642722 0.0000000 0.0678796 0.0982214 0.0176213 0.0660659 0.0859860 0.1064035 0.0232475 0.0779744 0.0981458 0.1078955 0.0717532 0.1599561 0.0910781 0.0686731 0.0907338 0.0856231 0.0812995 0.1081441 0.1112019 0.0632048 0.0721077 0.1213889 0.0943873 0.0691907 0.0872379 0.0814638 0.0946971 0.0806004 0.0150656 0.1199584 0.1118415 0.1144444 0.0689104 0.1044067 0.0687315 0.0917118 0.0716467 0.0968912 0.0720527 0.0847797 0.0841877 0.0743506 0.0481119 0.0987104 0.0950750 0.1153135 0.1399140 0.0932316 0.1142924 0.1006691 0.0585350 0.0920034 0.1015917 0.1249144 0.0687642 0.1234343 0.0904367 0.0848420 0.0886812 0.1071871 0.0976852 0.1260058 0.0874471 0.1011924 0.0909713 0.0779825 0.0906626 0.0945691 0.0803798 0.0909885 0.0821203 0.0099797 0.1043282 0.0683113 0.0984532 0.0790584 0.1004773 0.1383817 0.0850292 0.0980457 0.0745995 0.0885301 0.0876564 0.0817376 0.1076071 0.0850117 0.0748595 0.0963131 0.0810897 0.1086302 0.1429017 0.0659050 0.1103197 0.0882429 0.1107671 0.0966798 0.0976483 0.0813946 0.0944815 0.0434186 0.0844151 0.0980031 0.0876225 0.1394360 0.0632484 0.0745048 0.0987807 0.0807356 
S0308         0.2020665 0.0981116 0.0764375 0.0802458 0.0713272 0.1116697 0.0618599 0.0737244 0.0649027 0.0626495 0.0678796 0.0000000 0.0838961 0.0645086 0.0614889 0.0778376 0.1068069 0.0561306 0.0641211 0.0979077 0.1112371 0.0642000 0.1392588 0.0799471 0.0672264 0.0735947 0.0773974 0.0646803 0.0840119 0.1073491 0.0404427 0.0675895 0.1107216 0.0976986 0.0582133 0.0766118 0.0677070 0.0831798 0.0862569 0.0615368 0.1093504 0.1004056 0.1070557 0.0674632 0.1043438 0.0647444 0.0977285 0.0731985 0.0862215 0.0646674 0.0739175 0.0834939 0.0735869 0.0491781 0.0810736 0.0829625 0.0973343 0.1141347 0.0832292 0.1100864 0.0891227 0.0567045 0.0915027 0.0980207 0.1141911 0.0739467 0.1095532 0.0929212 0.0802047 0.0710265 0.1072066 0.0760297 0.1326752 0.0942550 0.1044381 0.0798241 0.0699236 0.0768335 0.0771147 0.0792601 0.0897003 0.0744171 0.0555570 0.1042633 0.0574578 0.0943637 0.0812093 0.1003059 0.1384660 0.0804292 0.0904732 0.0641027 0.0847281 0.0769982 0.0773001 0.1076350 0.0838486 0.0703861 0.0863358 0.0705208 0.1086877 0.1172407 0.0647154 0.1071436 0.0845304 0.1075905 0.0990068 0.0901908 0.0766903 0.0844464 0.0438327 0.0837252 0.0739137 0.0901042 0.1277357 0.0651097 0.0705161 0.0883059 0.0737846 
S0320         0.2221786 0.0771546 0.0571387 0.0452013 0.0576362 0.0905097 0.0868670 0.0366794 0.0625928 0.0346905 0.0982214 0.0838961 0.0000000 0.1008808 0.0368936 0.0699802 0.0985693 0.0892033 0.0538563 0.0774620 0.0900913 0.0310358 0.0955439 0.0255713 0.0456672 0.0846391 0.0540056 0.0426977 0.0826337 0.0824022 0.0883414 0.0258708 0.0928372 0.0773004 0.0399047 0.0694969 0.0568358 0.0729027 0.0722516 0.0977358 0.1012740 0.0889692 0.0862706 0.0515777 0.0866450 0.0576305 0.0859476 0.0567448 0.0850726 0.0820294 0.0600264 0.0756146 0.0366489 0.0910537 0.0765617 0.0792959 0.0924035 0.0889008 0.0815547 0.1118463 0.0906193 0.0899539 0.0707576 0.0800108 0.1058825 0.0576589 0.1046354 0.0781655 0.0747688 0.0760727 0.0887065 0.0875867 0.1202732 0.0802648 0.0837340 0.0651484 0.0366310 0.0626529 0.0661104 0.0681059 0.0367418 0.1200759 0.0913577 0.0835326 0.0849329 0.0949155 0.0752436 0.0862365 0.0940469 0.0881531 0.0731470 0.0662468 0.0853633 0.0746949 0.0396912 0.0867113 0.0669580 0.0284538 0.0845925 0.0567243 0.0875436 0.1128461 0.0571778 0.0857432 0.0458564 0.0858455 0.0867965 0.0703722 0.0634361 0.0913752 0.0432659 0.0630694 0.0634345 0.0757588 0.1044394 0.0549378 0.0627721 0.0892836 0.0633283 
S0322         0.2024313 0.0989781 0.0803254 0.0872716 0.0755146 0.1220134 0.0167167 0.0839070 0.0716285 0.0669257 0.0176213 0.0645086 0.1008808 0.0000000 0.0686750 0.0886553 0.1098774 0.0178833 0.0745760 0.1049844 0.1149008 0.0743553 0.1511764 0.0937153 0.0712723 0.0842877 0.0883713 0.0839208 0.1042045 0.1008176 0.0599662 0.0747229 0.1286391 0.1011262 0.0718070 0.0898556 0.0840894 0.0910617 0.0870177 0.0024608 0.1159065 0.1079740 0.1215599 0.0715184 0.1113365 0.0713326 0.1008205 0.0742468 0.0995175 0.0718400 0.0874150 0.0807142 0.0806469 0.0507381 0.0916875 0.0913132 0.1112628 0.1240384 0.0958459 0.1102879 0.1033903 0.0523477 0.0882778 0.0977419 0.1207525 0.0713661 0.1193332 0.0867867 0.0874773 0.0913404 0.1141433 0.0939105 0.1286958 0.0940277 0.1080723 0.0872831 0.0805942 0.0932886 0.0972150 0.0768937 0.0873151 0.0794657 0.0074289 0.1112546 0.0710046 0.1011168 0.0817033 0.1073010 0.1395122 0.0876709 0.1048781 0.0771987 0.0849594 0.0902849 0.0843720 0.1145948 0.0876540 0.0774675 0.0989263 0.0837049 0.1156902 0.1346615 0.0685074 0.1140952 0.0908887 0.1110798 0.1023460 0.1044491 0.0849075 0.0971240 0.0549315 0.0870386 0.1006599 0.0870754 0.1421813 0.0599416 0.0771001 0.1015754 0.0773167 
S0327         0.1783832 0.0609480 0.0366484 0.0284583 0.0343970 0.0764495 0.0595462 0.0230513 0.0425734 0.0207870 0.0660659 0.0614889 0.0368936 0.0686750 0.0000000 0.0459970 0.0795810 0.0575737 0.0339991 0.0610727 0.0730935 0.0229184 0.0831182 0.0311895 0.0312398 0.0631170 0.0358960 0.0283806 0.0602512 0.0726826 0.0570467 0.0152131 0.0757845 0.0609486 0.0206683 0.0425088 0.0282594 0.0514131 0.0451548 0.0657541 0.0808513 0.0663988 0.0695682 0.0313394 0.0698613 0.0369510 0.0604610 0.0338521 0.0568918 0.0570481 0.0366989 0.0510820 0.0256538 0.0596893 0.0516903 0.0543547 0.0664699 0.0820584 0.0537420 0.0847232 0.0869132 0.0580388 0.0519090 0.0606737 0.0849817 0.0369696 0.0840110 0.0568963 0.0510228 0.0726220 0.0691213 0.0658016 0.0953399 0.0638008 0.0639493 0.0439652 0.0256426 0.0392608 0.0423357 0.0476188 0.0338158 0.0857163 0.0598712 0.0668887 0.0556144 0.0726027 0.0544772 0.0635150 0.0747449 0.0603123 0.0575419 0.0395864 0.0635406 0.0480428 0.0285196 0.0699064 0.0455968 0.0177469 0.0565790 0.0337491 0.0705617 0.0815861 0.0315294 0.0753479 0.0342156 0.0663566 0.0652210 0.0545020 0.0485369 0.0633273 0.0321785 0.0395076 0.0513327 0.0511689 0.0835047 0.0315878 0.0368751 0.0670433 0.0423856 
S0335         0.1940410 0.0772831 0.0602770 0.0602878 0.0521923 0.0910760 0.0769917 0.0606044 0.0482115 0.0555945 0.0859860 0.0778376 0.0699802 0.0886553 0.0459970 0.0000000 0.0791998 0.0740818 0.0544557 0.0778736 0.0905810 0.0602184 0.1054826 0.0699303 0.0544846 0.0733392 0.0707130 0.0576026 0.0729284 0.0765886 0.0792950 0.0517896 0.0923365 0.0777102 0.0489623 0.0697433 0.0607426 0.0643064 0.0603017 0.0855636 0.1014031 0.0873854 0.0836849 0.0546696 0.0838027 0.0550854 0.0732149 0.0542150 0.0691716 0.0760934 0.0669436 0.0574040 0.0575227 0.0788092 0.0671726 0.0728292 0.0757315 0.0828928 0.0758866 0.0989942 0.1018733 0.0807341 0.0643813 0.0734788 0.0993888 0.0516364 0.0982214 0.0724556 0.0337138 0.0865698 0.0863738 0.0746550 0.1138757 0.0806919 0.0811118 0.0557240 0.0574895 0.0696152 0.0732276 0.0759081 0.0661319 0.1103919 0.0793105 0.0839803 0.0753409 0.0666512 0.0544539 0.0834071 0.0958220 0.0662486 0.0676106 0.0635461 0.0695472 0.0657701 0.0609395 0.0838241 0.0702475 0.0484237 0.0789094 0.0634977 0.0807489 0.0869865 0.0370219 0.0896313 0.0705766 0.0863026 0.0954262 0.0736884 0.0673113 0.0633529 0.0323332 0.0671782 0.0569604 0.0700607 0.1011338 0.0461555 0.0398033 0.0903701 0.0575893 
S0345         0.2161064 0.1177381 0.0863418 0.0867172 0.0720409 0.1045355 0.0931920 0.0825380 0.0668856 0.0575491 0.1064035 0.1068069 0.0985693 0.1098774 0.0795810 0.0791998 0.0000000 0.0869434 0.0827869 0.0959972 0.1079701 0.0745454 0.1378568 0.0907802 0.0788099 0.1074527 0.0673584 0.0911281 0.1130306 0.1259678 0.0954280 0.0750443 0.1067414 0.0958447 0.0751616 0.1070757 0.0993322 0.1080603 0.0779618 0.1059900 0.1268650 0.1397512 0.1079444 0.0829328 0.1040455 0.0829984 0.1212531 0.0740908 0.1105790 0.0871164 0.1032994 0.0987210 0.0676903 0.0904038 0.1126060 0.1210876 0.1301597 0.1149121 0.0851193 0.1233802 0.0985122 0.0972440 0.1132868 0.1262116 0.1143149 0.0868701 0.1359822 0.1151574 0.0970596 0.1070307 0.1169111 0.0976851 0.1472209 0.1013168 0.1126987 0.0896426 0.0784464 0.1019420 0.1163654 0.1098025 0.0982476 0.1037172 0.1020374 0.1041551 0.0977675 0.0910284 0.0786342 0.0916057 0.1259681 0.0827617 0.1091970 0.0944325 0.0862532 0.0858447 0.0786117 0.1213835 0.0957306 0.0710779 0.0888059 0.1028529 0.1042163 0.0950900 0.0632137 0.1014870 0.0949529 0.1043166 0.1236474 0.0950593 0.1083835 0.0250105 0.0840788 0.1036374 0.1036023 0.1156819 0.1343337 0.0838663 0.0707272 0.1087685 0.0944979 
S0355         0.2075548 0.0969696 0.0721894 0.0758756 0.0672253 0.1033416 0.0197458 0.0725855 0.0633435 0.0585988 0.0232475 0.0561306 0.0892033 0.0178833 0.0575737 0.0740818 0.0869434 0.0000000 0.0693426 0.0931642 0.1029535 0.0632218 0.1389503 0.0822157 0.0631947 0.0790122 0.0764521 0.0726001 0.0958907 0.0956070 0.0547356 0.0635299 0.1164994 0.0894175 0.0606410 0.0784858 0.0727479 0.0857516 0.0787253 0.0152891 0.1207618 0.1026160 0.1095324 0.0634124 0.0994612 0.0573961 0.0891514 0.0660947 0.0880016 0.0635299 0.0791555 0.0754703 0.0693942 0.0484206 0.0862815 0.0859982 0.1028876 0.1176686 0.0844253 0.1184236 0.0974824 0.0499074 0.0830459 0.0925199 0.1257632 0.0632794 0.1242636 0.0888186 0.0821152 0.0827621 0.0990735 0.0950284 0.1374503 0.0896111 0.0888691 0.0818323 0.0693513 0.0818414 0.0856377 0.0777750 0.0821375 0.0771719 0.0127004 0.0993842 0.0625291 0.0831316 0.0732365 0.0955446 0.1277353 0.0788993 0.0930667 0.0689831 0.0826243 0.0818120 0.0729896 0.0951603 0.0793697 0.0662751 0.0874735 0.0719251 0.1036618 0.1228085 0.0574359 0.1052868 0.0793842 0.1058537 0.0970983 0.0926863 0.0795955 0.0793675 0.0438569 0.0756731 0.0859631 0.0818118 0.1262912 0.0606212 0.0659655 0.0962125 0.0720983 
S0376         0.1817870 0.0602515 0.0449220 0.0509875 0.0427414 0.0755611 0.0727083 0.0423067 0.0481521 0.0430362 0.0779744 0.0641211 0.0538563 0.0745760 0.0339991 0.0544557 0.0827869 0.0693426 0.0000000 0.0603734 0.0722493 0.0420510 0.0691934 0.0477961 0.0394184 0.0391175 0.0449562 0.0396205 0.0538276 0.0595316 0.0686992 0.0368095 0.0749109 0.0602524 0.0396367 0.0567267 0.0451375 0.0508558 0.0536293 0.0776021 0.0963974 0.0628431 0.0718450 0.0395461 0.0690587 0.0397289 0.0597761 0.0420577 0.0656419 0.0686963 0.0481752 0.0449277 0.0422702 0.0654687 0.0482537 0.0537440 0.0598717 0.0612397 0.0509267 0.1002034 0.0754345 0.0699080 0.0456426 0.0541999 0.0911538 0.0453196 0.0963231 0.0562609 0.0595096 0.0708091 0.0713863 0.0685983 0.1081645 0.0630718 0.0663474 0.0410263 0.0422485 0.0507710 0.0540354 0.0561222 0.0566614 0.0982960 0.0715757 0.0661215 0.0617944 0.0847520 0.0602534 0.0627926 0.0681495 0.0661565 0.0598685 0.0479538 0.0572043 0.0533418 0.0454006 0.0721918 0.0541572 0.0394312 0.0537480 0.0450516 0.0697429 0.0882421 0.0425157 0.0776753 0.0573710 0.0656020 0.0681521 0.0478639 0.0453014 0.0751974 0.0487051 0.0510999 0.0451419 0.0450014 0.0858233 0.0398627 0.0450491 0.0397076 0.0364634 
S0400         0.2206475 0.0376595 0.0664573 0.0736876 0.0643988 0.0150940 0.0877771 0.0672248 0.0761670 0.0714879 0.0981458 0.0979077 0.0774620 0.1049844 0.0610727 0.0778736 0.0959972 0.0931642 0.0603734 0.0000000 0.0177663 0.0608473 0.0902915 0.0768830 0.0605705 0.0785585 0.0846274 0.0704155 0.0671549 0.0853467 0.0929854 0.0642053 0.0283672 0.0075117 0.0673483 0.0861610 0.0703258 0.0673969 0.0758817 0.1017916 0.1177087 0.0890841 0.0230203 0.0607792 0.0099450 0.0606225 0.0578918 0.0697671 0.0960071 0.0897161 0.0737521 0.0572387 0.0577585 0.0988108 0.0583643 0.0645810 0.0735871 0.0828724 0.0729642 0.1218646 0.1160618 0.1012841 0.0491653 0.0611520 0.1190324 0.0606522 0.1144337 0.0671761 0.0890794 0.0999680 0.0514840 0.0953154 0.1264706 0.0100287 0.0400837 0.0762534 0.0640873 0.0764569 0.0802070 0.0821234 0.0860339 0.1209865 0.0953115 0.0125902 0.0960253 0.1106405 0.0865938 0.0150844 0.0403931 0.0929588 0.0375392 0.0764124 0.0997654 0.0953924 0.0737770 0.0400139 0.0737136 0.0610194 0.0759761 0.0701780 0.0100322 0.1248782 0.0640318 0.0209603 0.0872069 0.0286431 0.1019624 0.0204374 0.0669007 0.0929456 0.0619853 0.0703034 0.0579536 0.0573394 0.0911734 0.0523915 0.0695770 0.0897417 0.0483349 
S0405         0.2254228 0.0461825 0.0755829 0.0861164 0.0765655 0.0283705 0.0982620 0.0794300 0.0885666 0.0805438 0.1078955 0.1112371 0.0900913 0.1149008 0.0730935 0.0905810 0.1079701 0.1029535 0.0722493 0.0177663 0.0000000 0.0728175 0.1021648 0.0894080 0.0724805 0.0909118 0.0980264 0.0765410 0.0702103 0.0979587 0.1059787 0.0763316 0.0391454 0.0100396 0.0795761 0.0989166 0.0826201 0.0796313 0.0882321 0.1116506 0.1244265 0.1018693 0.0256683 0.0727341 0.0229343 0.0725427 0.0668255 0.0819594 0.1090460 0.0995061 0.0861915 0.0689889 0.0696237 0.1118756 0.0703703 0.0767844 0.0860001 0.0952891 0.0852642 0.1286752 0.1300202 0.1147138 0.0611002 0.0731877 0.1226245 0.0725772 0.1211081 0.0793744 0.1018743 0.1132064 0.0630988 0.1051407 0.1340000 0.0231317 0.0513957 0.0891564 0.0761864 0.0889076 0.0928447 0.0946438 0.0987591 0.1348619 0.1050409 0.0151459 0.1094888 0.1208629 0.0994130 0.0228382 0.0507794 0.1028185 0.0488630 0.0888564 0.1129653 0.1083388 0.0862206 0.0513086 0.0828894 0.0730287 0.0883455 0.0824412 0.0231423 0.1375488 0.0761161 0.0291015 0.1001340 0.0368068 0.1150952 0.0310217 0.0790358 0.1059132 0.0746948 0.0825930 0.0698720 0.0691161 0.1011534 0.0642230 0.0817294 0.1037731 0.0598034 
S0407sl       0.1867302 0.0636593 0.0475680 0.0308273 0.0454166 0.0761581 0.0623663 0.0202102 0.0565170 0.0206207 0.0717532 0.0642000 0.0310358 0.0743553 0.0229184 0.0602184 0.0745454 0.0632218 0.0420510 0.0608473 0.0728175 0.0000000 0.0951942 0.0255152 0.0365387 0.0745992 0.0354598 0.0309883 0.0658875 0.0844390 0.0626414 0.0125066 0.0754986 0.0607242 0.0257013 0.0508753 0.0391101 0.0569199 0.0563123 0.0714138 0.0898988 0.0817204 0.0693101 0.0421862 0.0636407 0.0479646 0.0661172 0.0417534 0.0655252 0.0683892 0.0420462 0.0565968 0.0176092 0.0652804 0.0572736 0.0599347 0.0721799 0.0882613 0.0651072 0.0969479 0.0898501 0.0637336 0.0575166 0.0663493 0.0941987 0.0479882 0.0931170 0.0591106 0.0651829 0.0754580 0.0748288 0.0743407 0.1045305 0.0635650 0.0758045 0.0495878 0.0227628 0.0446056 0.0477436 0.0530771 0.0307808 0.0914117 0.0654815 0.0666397 0.0616126 0.0875668 0.0660261 0.0632812 0.0805079 0.0748754 0.0599710 0.0477446 0.0721416 0.0620869 0.0255681 0.0756818 0.0568655 0.0099463 0.0679975 0.0390377 0.0702948 0.0998127 0.0451757 0.0718307 0.0365834 0.0661126 0.0708751 0.0600993 0.0569047 0.0719718 0.0430486 0.0448871 0.0568771 0.0566950 0.0894767 0.0425240 0.0506114 0.0757972 0.0478015 
S0412sl       0.2305024 0.0955064 0.0820742 0.0974091 0.0703031 0.1029742 0.1451538 0.0949463 0.0956909 0.1022377 0.1599561 0.1392588 0.0955439 0.1511764 0.0831182 0.1054826 0.1378568 0.1389503 0.0691934 0.0902915 0.1021648 0.0951942 0.0000000 0.0880227 0.0762216 0.0931759 0.0973980 0.1009062 0.1011792 0.0509289 0.1079674 0.0901981 0.1027050 0.0895885 0.1040449 0.1169426 0.0957687 0.0352980 0.0951420 0.1511764 0.1426171 0.0353479 0.0958944 0.0827710 0.1095289 0.0950532 0.0887979 0.0826322 0.1229802 0.1221699 0.1019362 0.0877425 0.0893387 0.1355197 0.0892457 0.1238585 0.1090693 0.0611951 0.1064822 0.1439106 0.0876323 0.1215555 0.1029709 0.1239226 0.1379892 0.0829645 0.1440953 0.1235118 0.1166890 0.0871826 0.1093120 0.1384258 0.1651197 0.0965798 0.0896264 0.1079494 0.0951451 0.0957687 0.1087079 0.1008660 0.1165029 0.1856678 0.1441222 0.0967379 0.1575699 0.1221280 0.1159380 0.1021034 0.0888732 0.1258650 0.0718575 0.1014755 0.1177436 0.1215202 0.0967928 0.0959520 0.0960842 0.0829164 0.1126707 0.1022775 0.1112468 0.1404572 0.0830863 0.1043225 0.1095865 0.0828860 0.1213822 0.0833447 0.0352679 0.1024676 0.0000010 0.0829855 0.0889418 0.0944160 0.1091531 0.0650306 0.0824876 0.0880859 0.0817402 
S0417         0.2117796 0.0704710 0.0566741 0.0393345 0.0514064 0.0929645 0.0830568 0.0310108 0.0659823 0.0235169 0.0910781 0.0799471 0.0255713 0.0937153 0.0311895 0.0699303 0.0907802 0.0822157 0.0477961 0.0768830 0.0894080 0.0255152 0.0880227 0.0000000 0.0453017 0.0778533 0.0446898 0.0395429 0.0787593 0.0910378 0.0814340 0.0204177 0.0921337 0.0736239 0.0341068 0.0514335 0.0450965 0.0723709 0.0657395 0.0906341 0.0972216 0.0883028 0.0856240 0.0511596 0.0859925 0.0571572 0.0790379 0.0506240 0.0662600 0.0814247 0.0481311 0.0690048 0.0309862 0.0841201 0.0698544 0.0725605 0.0853472 0.0872477 0.0688714 0.1045027 0.0964487 0.0828983 0.0701554 0.0793220 0.1017134 0.0571851 0.1005279 0.0715398 0.0749165 0.0817042 0.0880436 0.0783780 0.1126613 0.0796647 0.0831030 0.0621087 0.0309717 0.0507248 0.0539859 0.0560716 0.0364932 0.1123375 0.0843944 0.0829047 0.0809232 0.0981856 0.0788489 0.0793003 0.0749436 0.0850295 0.0726111 0.0483946 0.0822457 0.0716973 0.0339266 0.0860579 0.0663973 0.0229670 0.0718161 0.0450107 0.0868768 0.1002435 0.0542813 0.0922391 0.0425891 0.0852045 0.0681658 0.0698566 0.0629822 0.0882313 0.0615381 0.0510532 0.0693639 0.0691320 0.0970825 0.0515784 0.0598517 0.0822922 0.0598196 
S0419         0.1869161 0.0575093 0.0150802 0.0450579 0.0343573 0.0758024 0.0626104 0.0423052 0.0508951 0.0345563 0.0686731 0.0672264 0.0456672 0.0712723 0.0312398 0.0544846 0.0788099 0.0631947 0.0394184 0.0605705 0.0724805 0.0365387 0.0762216 0.0453017 0.0000000 0.0689378 0.0475641 0.0340821 0.0597623 0.0690228 0.0596249 0.0285883 0.0751485 0.0604487 0.0368236 0.0537743 0.0451357 0.0599318 0.0451023 0.0683495 0.0869459 0.0753992 0.0689925 0.0049420 0.0692802 0.0150668 0.0599686 0.0338140 0.0626125 0.0626141 0.0425649 0.0506786 0.0339486 0.0652538 0.0512767 0.0572406 0.0659227 0.0747957 0.0536798 0.0939457 0.0828327 0.0637063 0.0457941 0.0543775 0.0911954 0.0099912 0.0871568 0.0568192 0.0653424 0.0722550 0.0655172 0.0745269 0.1017340 0.0602639 0.0634225 0.0497087 0.0339324 0.0507685 0.0540325 0.0594243 0.0480023 0.0916346 0.0624596 0.0663339 0.0615849 0.0815368 0.0630773 0.0629950 0.0682331 0.0690053 0.0570762 0.0450807 0.0598146 0.0622374 0.0369543 0.0693238 0.0177483 0.0311822 0.0565122 0.0450498 0.0699684 0.0819561 0.0396743 0.0746952 0.0515804 0.0658121 0.0777186 0.0540639 0.0481529 0.0720714 0.0431311 0.0510974 0.0509244 0.0507631 0.0891323 0.0370324 0.0450736 0.0698507 0.0420575 
S0427         0.2219957 0.0889916 0.0748773 0.0846946 0.0728413 0.0944237 0.0699220 0.0750854 0.0689128 0.0733187 0.0907338 0.0735947 0.0846391 0.0842877 0.0631170 0.0733392 0.1074527 0.0790122 0.0391175 0.0785585 0.0909118 0.0745992 0.0931759 0.0778533 0.0689378 0.0000000 0.0767697 0.0602368 0.0785834 0.0652486 0.0787728 0.0691164 0.1006562 0.0783984 0.0662158 0.0877168 0.0752515 0.0655262 0.0844150 0.0873962 0.1275079 0.0655803 0.0973691 0.0691767 0.0813023 0.0630948 0.0782624 0.0746185 0.1007652 0.0726110 0.0816551 0.0566645 0.0720458 0.0815634 0.0726822 0.0814094 0.0851548 0.0925894 0.0718154 0.1248655 0.0985833 0.0801923 0.0695525 0.0786321 0.1221888 0.0690293 0.1205899 0.0839511 0.0784266 0.0900173 0.0976336 0.0810490 0.1372438 0.0812970 0.0847819 0.0717011 0.0749590 0.0843241 0.0818486 0.0831815 0.0845457 0.1094662 0.0812063 0.0844953 0.0878311 0.1120973 0.0756828 0.0809302 0.1124687 0.0880954 0.0854138 0.0812584 0.0786206 0.0807537 0.0755010 0.0908374 0.0853263 0.0718596 0.0747747 0.0780280 0.0884257 0.1220869 0.0629653 0.0971207 0.0920643 0.0945343 0.1026079 0.0716061 0.0539787 0.0976114 0.0434096 0.0781679 0.0752932 0.0626134 0.1201397 0.0661950 0.0684161 0.0540040 0.0593226 
S0428sl       0.1818736 0.0811850 0.0567496 0.0385361 0.0515933 0.0984154 0.0724521 0.0356046 0.0603748 0.0393267 0.0856231 0.0773974 0.0540056 0.0883713 0.0358960 0.0707130 0.0673584 0.0764521 0.0449562 0.0846274 0.0980264 0.0354598 0.0973980 0.0446898 0.0475641 0.0767697 0.0000000 0.0448685 0.0735128 0.0905907 0.0725357 0.0271021 0.0939627 0.0844411 0.0329115 0.0568345 0.0476511 0.0765818 0.0601819 0.0851902 0.0949197 0.0910364 0.0905553 0.0446145 0.0875235 0.0539475 0.0800487 0.0445461 0.0693721 0.0659300 0.0479758 0.0729886 0.0385394 0.0722257 0.0644199 0.0733064 0.0773656 0.0809308 0.0602920 0.1097128 0.0806313 0.0671167 0.0643050 0.0740286 0.0963071 0.0539752 0.1017293 0.0756538 0.0759097 0.0864927 0.0932666 0.0764070 0.1146427 0.0875708 0.0811411 0.0525472 0.0356439 0.0536156 0.0537566 0.0625674 0.0474610 0.1003153 0.0787578 0.0910477 0.0588299 0.0938923 0.0706356 0.0871458 0.0813921 0.0735670 0.0732733 0.0475418 0.0736826 0.0602008 0.0417606 0.0910431 0.0635389 0.0327344 0.0633387 0.0477688 0.0953752 0.0817419 0.0511751 0.0932612 0.0448735 0.0902604 0.0784459 0.0738673 0.0702932 0.0900117 0.0695463 0.0541721 0.0639089 0.0699613 0.0954901 0.0483420 0.0570026 0.0743435 0.0632246 
S0478         0.1964581 0.0672286 0.0451298 0.0422783 0.0457114 0.0827468 0.0631129 0.0366214 0.0539365 0.0318223 0.0812995 0.0646803 0.0426977 0.0839208 0.0283806 0.0576026 0.0911281 0.0726001 0.0396205 0.0704155 0.0765410 0.0309883 0.1009062 0.0395429 0.0340821 0.0602368 0.0448685 0.0000000 0.0575712 0.0852438 0.0659138 0.0231429 0.0854310 0.0702708 0.0370128 0.0598198 0.0449182 0.0661217 0.0566791 0.0809089 0.0874130 0.0763415 0.0729531 0.0397296 0.0731782 0.0399140 0.0696992 0.0449752 0.0688288 0.0659121 0.0479387 0.0599915 0.0284215 0.0745858 0.0548015 0.0572887 0.0697341 0.0878948 0.0539006 0.1007941 0.0967096 0.0670730 0.0578990 0.0667957 0.0916921 0.0455303 0.0843576 0.0628785 0.0626698 0.0819149 0.0785349 0.0717464 0.1088128 0.0731733 0.0699746 0.0528357 0.0284086 0.0505223 0.0537675 0.0591321 0.0422113 0.1018800 0.0748223 0.0763479 0.0648491 0.0849412 0.0662738 0.0728415 0.0918116 0.0722629 0.0667154 0.0509475 0.0663134 0.0653849 0.0313366 0.0792460 0.0514593 0.0257109 0.0567448 0.0448332 0.0801925 0.0745636 0.0426022 0.0822121 0.0427670 0.0757324 0.0773257 0.0635830 0.0574369 0.0753619 0.0383005 0.0508472 0.0574525 0.0542453 0.0932628 0.0426773 0.0480440 0.0733826 0.0454014 
S0552sl       0.1984497 0.0609833 0.0597403 0.0665529 0.0669357 0.0797738 0.0948671 0.0631146 0.0696608 0.0671466 0.1081441 0.0840119 0.0826337 0.1042045 0.0602512 0.0729284 0.1130306 0.0958907 0.0538276 0.0671549 0.0702103 0.0658875 0.1011792 0.0787593 0.0597623 0.0785834 0.0735128 0.0575712 0.0000000 0.0818432 0.0853159 0.0633370 0.0820514 0.0609835 0.0664328 0.0787198 0.0633581 0.0755348 0.0785624 0.1010361 0.1114016 0.0981541 0.0788945 0.0599657 0.0699049 0.0632650 0.0601182 0.0659651 0.0882694 0.0853042 0.0666575 0.0593196 0.0691818 0.0911275 0.0074873 0.0453135 0.0202855 0.0814896 0.0725164 0.1153410 0.1177171 0.0864251 0.0402122 0.0487076 0.0995370 0.0661648 0.1081553 0.0480624 0.0908938 0.1082316 0.0754454 0.0698510 0.1309198 0.0699002 0.0763112 0.0688189 0.0632223 0.0693193 0.0729128 0.0815234 0.0786105 0.1237850 0.1010846 0.0669295 0.0780285 0.1023850 0.0828044 0.0695850 0.0745385 0.0768502 0.0665814 0.0692787 0.0927211 0.0816496 0.0727632 0.0792863 0.0727020 0.0660735 0.0755089 0.0632292 0.0768226 0.0965825 0.0665131 0.0788387 0.0797473 0.0663972 0.1077844 0.0604214 0.0756871 0.0953145 0.0672310 0.0759270 0.0368499 0.0536381 0.0824779 0.0574216 0.0690873 0.0766915 0.0448978 
S0558         0.2280519 0.0821313 0.0749698 0.0853759 0.0859411 0.0951752 0.1016648 0.0850023 0.0756249 0.0833431 0.1112019 0.1073491 0.0824022 0.1008176 0.0726826 0.0765886 0.1259678 0.0956070 0.0595316 0.0853467 0.0979587 0.0844390 0.0509289 0.0910378 0.0690228 0.0652486 0.0905907 0.0852438 0.0818432 0.0000000 0.1083267 0.0788643 0.1079267 0.0851708 0.0758902 0.0886101 0.0851889 0.0566427 0.0913219 0.1040571 0.1390805 0.0620643 0.1045602 0.0692623 0.0881225 0.0631727 0.0875083 0.0844637 0.0950860 0.1016921 0.0918153 0.0744299 0.0849082 0.1045778 0.0758996 0.0852566 0.0790592 0.0424603 0.0902204 0.1364167 0.1205003 0.1070018 0.0605562 0.0694603 0.1337203 0.0660434 0.1356541 0.0880513 0.0938655 0.1109559 0.0974991 0.1015418 0.1529767 0.0881168 0.0917033 0.0813089 0.0848510 0.0945144 0.0985039 0.0808371 0.0914624 0.1384041 0.1041072 0.0913915 0.0948398 0.1122401 0.0889651 0.0940542 0.0865981 0.0984683 0.0853077 0.0851285 0.0957535 0.0913815 0.0887453 0.0908445 0.0854334 0.0779518 0.0932852 0.0880145 0.0954653 0.1301729 0.0658366 0.1011713 0.0995472 0.0912466 0.1068148 0.0849171 0.0450743 0.0984314 0.0677673 0.0881775 0.0748624 0.0745690 0.1160442 0.0667796 0.0712980 0.0750343 0.0651815 
S0616         0.1966980 0.0927743 0.0684611 0.0691712 0.0695567 0.1097289 0.0569517 0.0719070 0.0662716 0.0580923 0.0632048 0.0404427 0.0883414 0.0599662 0.0570467 0.0792950 0.0954280 0.0547356 0.0686992 0.0929854 0.1059787 0.0626414 0.1079674 0.0814340 0.0596249 0.0787728 0.0725357 0.0659138 0.0853159 0.1083267 0.0000000 0.0629436 0.1087270 0.0927903 0.0600823 0.0777484 0.0720667 0.0758473 0.0809840 0.0570886 0.1130361 0.1089498 0.1019387 0.0598270 0.0927362 0.0659823 0.0920058 0.0683960 0.0871631 0.0542570 0.0750243 0.0753293 0.0687498 0.0423242 0.0762695 0.0852599 0.0920511 0.0878637 0.0780797 0.1139166 0.0904355 0.0464867 0.0828879 0.0923436 0.1178370 0.0660140 0.1164513 0.0878217 0.0843570 0.0753408 0.0948824 0.0816005 0.1325438 0.0894399 0.0960460 0.0810303 0.0652455 0.0810668 0.0779223 0.0776307 0.0842986 0.0424544 0.0513047 0.0991935 0.0589584 0.1017297 0.0792103 0.0953625 0.0984912 0.0854247 0.0888712 0.0653773 0.0857017 0.0781173 0.0723037 0.1024758 0.0754661 0.0656632 0.0810849 0.0748298 0.1034601 0.0814882 0.0631711 0.1050797 0.0854233 0.0983680 0.0969159 0.0793183 0.0788371 0.0886445 0.0744711 0.0816259 0.0819411 0.0754723 0.1213920 0.0605088 0.0688291 0.0992926 0.0719642 
S0624         0.1921591 0.0610804 0.0394754 0.0176910 0.0372427 0.0797290 0.0628069 0.0177294 0.0482434 0.0128318 0.0721077 0.0675895 0.0258708 0.0747229 0.0152131 0.0517896 0.0750443 0.0635299 0.0368095 0.0642053 0.0763316 0.0125066 0.0901981 0.0204177 0.0285883 0.0691164 0.0271021 0.0231429 0.0633370 0.0788643 0.0629436 0.0000000 0.0790313 0.0640743 0.0179140 0.0454095 0.0366047 0.0572422 0.0480684 0.0717647 0.0774625 0.0761329 0.0727537 0.0285246 0.0730618 0.0398033 0.0635582 0.0337832 0.0599253 0.0629430 0.0395299 0.0540622 0.0151173 0.0655957 0.0547104 0.0573848 0.0696231 0.0895289 0.0567361 0.0910581 0.0869412 0.0640468 0.0549431 0.0637831 0.0815067 0.0398233 0.0805828 0.0565922 0.0568045 0.0726414 0.0722845 0.0718135 0.0987844 0.0669456 0.0671027 0.0469732 0.0151111 0.0421006 0.0452224 0.0505333 0.0229889 0.0921347 0.0657990 0.0700651 0.0555436 0.0787783 0.0603707 0.0666442 0.0814272 0.0662854 0.0574178 0.0424517 0.0635555 0.0537687 0.0178214 0.0731108 0.0485410 0.0074709 0.0595948 0.0365372 0.0737987 0.0754608 0.0370488 0.0786999 0.0286205 0.0695045 0.0683086 0.0575419 0.0515120 0.0693453 0.0374681 0.0423674 0.0543305 0.0541555 0.0799804 0.0344043 0.0424456 0.0702264 0.0452767 
S0641         0.2366904 0.0488753 0.0811818 0.0888367 0.0762421 0.0420370 0.1127906 0.0821332 0.0942767 0.0867547 0.1213889 0.1107216 0.0928372 0.1286391 0.0757845 0.0923365 0.1067414 0.1164994 0.0749109 0.0283672 0.0391454 0.0754986 0.1027050 0.0921337 0.0751485 0.1006562 0.0939627 0.0854310 0.0820514 0.1079267 0.1087270 0.0790313 0.0000000 0.0283133 0.0822833 0.1016473 0.0820938 0.0823390 0.0878542 0.1253036 0.1269930 0.1119851 0.0389478 0.0754124 0.0363344 0.0819011 0.0823429 0.0816123 0.1085546 0.1053480 0.0856381 0.0782036 0.0722948 0.1146105 0.0730702 0.0794982 0.0887175 0.0958150 0.0949555 0.1342491 0.1295301 0.1107755 0.0733868 0.0826418 0.1354044 0.0819395 0.1305286 0.0759438 0.0970168 0.1159718 0.0657439 0.1067100 0.1474112 0.0366525 0.0602226 0.0847103 0.0788808 0.0883380 0.0922436 0.1045322 0.1014841 0.1376532 0.1185036 0.0309229 0.1020470 0.1222828 0.1052516 0.0361792 0.0455047 0.0986806 0.0513446 0.0915672 0.1188960 0.1078540 0.0825947 0.0570119 0.0826155 0.0757175 0.0980995 0.0819172 0.0310324 0.1290190 0.0817546 0.0431409 0.0923010 0.0363757 0.1255209 0.0335639 0.0817239 0.1117801 0.0857416 0.0827031 0.0664840 0.0783533 0.1070991 0.0673421 0.0851409 0.1022843 0.0687736 
