136
PAFTOL_019361 0.0000000 0.2566875 0.2589890 0.2819936 0.2948645 0.2654028 0.3650556 0.2904285 0.2866130 0.2643910 0.3203483 0.2667515 0.3286087 0.3058612 0.2829233 0.3260197 0.2933275 0.2904954 0.2329450 0.3267350 0.3189439 0.2704898 0.2776330 0.2727248 0.2912696 0.2751264 0.2600982 0.2950161 0.2863040 0.3278116 0.2785098 0.2717751 0.3082075 0.3329045 0.2519586 0.2940033 0.2999408 0.2700105 0.2908433 0.2791362 0.2864123 0.2888546 0.2794929 0.2686396 0.3268652 0.2898418 0.2832327 0.3289799 0.3061990 0.2808455 0.2644945 0.2628414 0.2796866 0.2692070 0.2621856 0.2788377 0.2731540 0.2724921 0.3038978 0.2791638 0.2785630 0.2743123 0.2680993 0.3165475 0.2871984 0.2924542 0.2808858 0.2895651 0.2952307 0.2940431 0.2912286 0.2993067 0.3076586 0.3326116 0.2831096 0.2746091 0.2721642 0.2666661 0.2627988 0.2634680 0.2969455 0.2965175 0.3229286 0.3051544 0.2963360 0.2677334 0.2697365 0.2809380 0.2704070 0.2723448 0.2673951 0.2893334 0.3127444 0.2609270 0.3184089 0.3316888 0.3382349 0.3333826 0.2717192 0.3336666 0.3041743 0.2679271 0.2789116 0.2555604 0.2706657 0.2999862 0.2860197 0.2972016 0.2749964 0.2983459 0.2803163 0.2818738 0.2652763 0.2748701 0.2899788 0.2777688 0.2784174 0.2956072 0.2962936 0.2821722 0.2866513 0.2800730 0.2722778 0.2857962 0.2773374 0.2822634 0.2581042 0.2944835 0.2732479 0.2631075 0.2726299 0.3367771 0.2699927 0.2909958 0.3047126 0.2607354 
S0055         0.2566875 0.0000000 0.0717785 0.0856865 0.0973601 0.0476017 0.1286867 0.0923538 0.0767152 0.0478865 0.0677178 0.1138243 0.1248896 0.1117491 0.0930358 0.1261735 0.0910014 0.0926041 0.0819611 0.1207134 0.1245620 0.0436486 0.0483803 0.0890999 0.0585485 0.0739696 0.0746166 0.1022914 0.0831384 0.1211258 0.0782477 0.0772840 0.0595201 0.1201859 0.1002881 0.0940175 0.0502358 0.0399185 0.0964801 0.0830661 0.0828588 0.0495934 0.0487815 0.0686021 0.1293893 0.1488168 0.0501774 0.1230422 0.0978567 0.0370354 0.0858957 0.0746284 0.0473948 0.0809732 0.0747924 0.0997119 0.0665281 0.0810656 0.1122224 0.0788890 0.0864558 0.0630946 0.0809468 0.1055866 0.0842384 0.1003051 0.0912019 0.0996577 0.0688260 0.0967686 0.1457980 0.1034694 0.1032973 0.1115186 0.0962669 0.0923367 0.1369459 0.0788261 0.1353691 0.0710761 0.1049759 0.0826139 0.1169379 0.0513736 0.0896032 0.1353364 0.0389124 0.0406947 0.0676174 0.0828017 0.0769483 0.0938905 0.1231509 0.0712415 0.1012419 0.1172543 0.1348646 0.1304691 0.0389692 0.1143620 0.0971697 0.0693051 0.0455235 0.0344840 0.0191959 0.0867033 0.0401255 0.0891359 0.0751982 0.0931800 0.0914723 0.0360662 0.0829139 0.0887075 0.0932067 0.0831791 0.0502402 0.0989823 0.0795420 0.0835256 0.0419025 0.0915227 0.0391334 0.0921751 0.0344274 0.0409041 0.0727008 0.0991034 0.0776023 0.0851904 0.0642817 0.1392685 0.0713818 0.0864975 0.1108994 0.0534674 
S0196sl       0.2589890 0.0717785 0.0000000 0.0883075 0.0541762 0.0874665 0.1275286 0.0916641 0.0738852 0.0838806 0.1145111 0.0936343 0.1183212 0.1076794 0.0869320 0.1151903 0.0823348 0.0838769 0.0806052 0.1157624 0.1099432 0.0786234 0.0893014 0.0836549 0.0879611 0.0725264 0.0101559 0.0897676 0.0842962 0.1168380 0.0754848 0.0725613 0.1021944 0.1221677 0.1004332 0.0835955 0.0845253 0.0796128 0.0874498 0.0741188 0.0721601 0.0875009 0.0893534 0.0444112 0.1233624 0.1596767 0.0870976 0.1221952 0.0821215 0.0730232 0.0870808 0.0110302 0.0915651 0.0145267 0.0127678 0.1036846 0.0416061 0.0743021 0.0975579 0.0678711 0.0762662 0.0614947 0.0876822 0.1019189 0.0829512 0.1035054 0.0845721 0.0980461 0.0978205 0.0660628 0.1602065 0.0831497 0.0814166 0.1154238 0.0985097 0.0939990 0.1430770 0.0145155 0.1414053 0.0746486 0.0981900 0.0775155 0.1007768 0.0975644 0.0879612 0.1437969 0.0806487 0.0875187 0.0647160 0.0803636 0.0640393 0.0852992 0.1166900 0.0681381 0.0982888 0.1145107 0.1254083 0.1244735 0.0774484 0.1017325 0.1024665 0.0683403 0.0873449 0.0691170 0.0783437 0.0900858 0.0905260 0.0803087 0.0797142 0.0936260 0.0846908 0.0854625 0.0180180 0.0810632 0.0679162 0.0722155 0.0880168 0.0692969 0.0726847 0.0771958 0.0843503 0.0865963 0.0867454 0.0844002 0.0781893 0.0752187 0.0723937 0.0946240 0.0678650 0.0826145 0.0616853 0.1267574 0.0424565 0.0781008 0.1038757 0.0534527 
S0278         0.2819936 0.0856865 0.0883075 0.0000000 0.1048897 0.1099414 0.1420141 0.0600223 0.0990501 0.1072625 0.1259661 0.0609191 0.1401939 0.1163633 0.0508799 0.1352930 0.0522733 0.1105862 0.1010094 0.1386839 0.1514941 0.0996749 0.1003418 0.0543319 0.1143754 0.0482601 0.0896707 0.1150463 0.0589090 0.1295584 0.0612664 0.1017705 0.1207603 0.1354889 0.1182099 0.0509396 0.1060938 0.0984810 0.0486154 0.0752174 0.0794693 0.1070956 0.1032775 0.0848331 0.1410599 0.1706530 0.1093156 0.1389783 0.1085243 0.0966954 0.1149899 0.0885031 0.1106470 0.0947215 0.0909645 0.1293592 0.0938104 0.0765109 0.1289768 0.0690176 0.0797322 0.0920961 0.0491872 0.1209863 0.1099336 0.1267537 0.1173392 0.1269519 0.1207033 0.1175068 0.1788278 0.1095062 0.1156717 0.1258301 0.1263307 0.1229830 0.1621074 0.0934015 0.1655836 0.0745378 0.1335455 0.1129218 0.1305624 0.1111748 0.1150459 0.1640682 0.1008355 0.1058442 0.0874053 0.0497067 0.0684250 0.0730141 0.1380976 0.0772180 0.0501423 0.1274793 0.1421008 0.1460015 0.0995807 0.1282013 0.1233774 0.0940674 0.1070711 0.0890171 0.0850327 0.1110919 0.1044829 0.0858520 0.0995067 0.1053679 0.0466424 0.0947431 0.0907324 0.0551058 0.1107902 0.0718987 0.1059209 0.1188853 0.0986041 0.1109958 0.1034678 0.0521139 0.1011208 0.0841199 0.1006375 0.0974922 0.0963819 0.1202617 0.0704704 0.1123691 0.0909681 0.1339002 0.0835057 0.1136295 0.1333156 0.0838928 
S0281         0.2948645 0.0973601 0.0541762 0.1048897 0.0000000 0.1076068 0.1423489 0.1101920 0.0913288 0.1062051 0.1401697 0.1163726 0.1369588 0.1251651 0.1041930 0.1338156 0.0975452 0.1137426 0.0974386 0.1276760 0.1271469 0.1020146 0.1142856 0.1030924 0.1090878 0.0969822 0.0536913 0.1115004 0.1123982 0.1361855 0.0890649 0.0960078 0.1301718 0.1519029 0.1173195 0.1034843 0.1099286 0.1028122 0.1031672 0.0949658 0.1031265 0.1088594 0.1137711 0.0556197 0.1411361 0.1782729 0.1179537 0.1400007 0.0992972 0.0980153 0.1112338 0.0538241 0.1140798 0.0598019 0.0548319 0.1274462 0.0579757 0.0963375 0.1186503 0.0963333 0.0985139 0.0826707 0.1106736 0.1207099 0.1045461 0.1266336 0.1045137 0.1198327 0.1262090 0.0705559 0.1811742 0.1120874 0.1159826 0.1213217 0.1245679 0.1145046 0.1689601 0.0568381 0.1670639 0.1102131 0.1224338 0.0986146 0.1270085 0.1180130 0.1062586 0.1618499 0.1027960 0.1054336 0.0840217 0.1001652 0.0899203 0.1102652 0.1376704 0.0839057 0.1134540 0.1431068 0.1377574 0.1411305 0.1016228 0.1253779 0.1164156 0.0909247 0.1098930 0.0944138 0.0984763 0.1047734 0.1111706 0.1041963 0.0908399 0.1106553 0.1022978 0.1044748 0.0585852 0.0998551 0.0692622 0.0986849 0.1059723 0.0715742 0.0937521 0.0971576 0.1063843 0.1048234 0.1090592 0.1024770 0.1062170 0.0986365 0.0945397 0.1222019 0.0941356 0.1056875 0.0778011 0.1565275 0.0661278 0.0982968 0.1192160 0.0735019 
S0282         0.2654028 0.0476017 0.0874665 0.1099414 0.1076068 0.0000000 0.1553706 0.1101945 0.0923972 0.0234004 0.0862413 0.1268542 0.1505711 0.1330717 0.1185902 0.1467383 0.1060116 0.1073218 0.1033958 0.1451488 0.1326548 0.0180550 0.0337047 0.1133459 0.0799585 0.1030270 0.0888570 0.1135109 0.1083463 0.1428850 0.0971507 0.0967419 0.0783713 0.1420217 0.1359135 0.1131498 0.0550335 0.0231457 0.1122196 0.1015251 0.0994990 0.0670659 0.0201522 0.0831771 0.1506513 0.1666703 0.0684589 0.1485688 0.1166493 0.0362689 0.1123142 0.0887432 0.0196614 0.0952451 0.0909768 0.1336115 0.0836825 0.1060107 0.1314267 0.0930386 0.1107585 0.0789358 0.1096023 0.1296255 0.1066520 0.1239705 0.1078583 0.1251204 0.0890270 0.1140714 0.1771168 0.1219498 0.1182065 0.1305215 0.1191978 0.1148050 0.1598320 0.0930422 0.1581188 0.0933262 0.1291802 0.0997993 0.1329208 0.0677533 0.1108525 0.1592884 0.0154921 0.0470168 0.0764458 0.1065229 0.0922244 0.1107241 0.1404009 0.0950354 0.1274025 0.1343420 0.1582028 0.1514322 0.0240006 0.1340221 0.1144655 0.0835529 0.0214450 0.0189867 0.0607055 0.1057171 0.0592125 0.1081264 0.0942951 0.1075692 0.1144566 0.0463053 0.0950629 0.1084187 0.1104772 0.1027248 0.0214091 0.1164698 0.0992621 0.0972994 0.0428424 0.1163200 0.0474892 0.1090419 0.0419702 0.0568847 0.0884500 0.1148186 0.0926759 0.0992366 0.0778810 0.1527716 0.0788578 0.1029263 0.1170929 0.0722048 
S0288         0.3650556 0.1286867 0.1275286 0.1420141 0.1423489 0.1553706 0.0000000 0.1730542 0.1369272 0.1611508 0.1936479 0.1639411 0.0217515 0.0904528 0.1633981 0.0344572 0.1453009 0.1472093 0.1173275 0.0218883 0.1523972 0.1535669 0.1532403 0.1692747 0.1449401 0.1544469 0.1284645 0.1449378 0.1694801 0.0265796 0.1332325 0.1249697 0.1798353 0.0923043 0.0285056 0.1546086 0.1525315 0.1448912 0.1614150 0.1518147 0.1561531 0.1582259 0.1557360 0.1165897 0.0431288 0.2459829 0.1539224 0.0184650 0.1741670 0.1316857 0.1347773 0.1266272 0.1651174 0.1360507 0.1255013 0.1667124 0.1239381 0.1468348 0.0845076 0.1506880 0.1600694 0.1176880 0.1533531 0.0638770 0.1441538 0.1643278 0.1457592 0.1422997 0.1636520 0.1407422 0.2424508 0.1832439 0.1019556 0.0906914 0.1666332 0.1592355 0.2403329 0.1296907 0.2345247 0.1594836 0.1719018 0.1465503 0.0988351 0.1648927 0.1369898 0.2310551 0.1462073 0.1500637 0.1276163 0.1562990 0.1399497 0.1716616 0.0346317 0.1227395 0.1592364 0.0901957 0.0211861 0.0252469 0.1447688 0.0910470 0.1727786 0.1306191 0.1519209 0.1354746 0.1469739 0.1395932 0.1486210 0.1587810 0.1452501 0.1485993 0.1623782 0.1496688 0.1364099 0.1554514 0.1356612 0.1517160 0.1513061 0.1420399 0.1378084 0.1405794 0.1404331 0.1685405 0.1466955 0.1512642 0.1447422 0.1408049 0.1282080 0.1494428 0.1407814 0.1487297 0.1182286 0.2024572 0.1239165 0.1451911 0.1586621 0.1150876 
S0289         0.2904285 0.0923538 0.0916641 0.0600223 0.1101920 0.1101945 0.1730542 0.0000000 0.1050122 0.1075502 0.1387540 0.0663823 0.1578305 0.1391455 0.0532964 0.1500687 0.0608047 0.1211711 0.1036757 0.1505226 0.1438429 0.1032619 0.1061583 0.0588119 0.1119441 0.0471544 0.0937828 0.1116406 0.0548022 0.1509330 0.0672391 0.0968764 0.1257784 0.1616679 0.1345417 0.0597028 0.1182410 0.1012435 0.0522790 0.0773643 0.0762320 0.1149371 0.1089758 0.0873730 0.1591892 0.1731254 0.1151879 0.1622942 0.1091089 0.1030837 0.1138964 0.0915276 0.1092967 0.0958631 0.0949412 0.1279405 0.0908741 0.0805724 0.1339254 0.0680904 0.0815263 0.0896360 0.0575203 0.1423989 0.0985331 0.1202096 0.1142329 0.1183228 0.1253162 0.1205704 0.1756280 0.1182863 0.1295982 0.1494340 0.1299153 0.1242928 0.1658593 0.0970609 0.1657707 0.0808144 0.1311279 0.1166258 0.1448579 0.1230938 0.1110122 0.1658675 0.1007605 0.1039098 0.0981092 0.0459801 0.0622176 0.0837804 0.1522673 0.0761668 0.0687328 0.1557995 0.1592936 0.1610785 0.1021420 0.1381801 0.1241390 0.0971551 0.1087795 0.0905547 0.0952292 0.1143429 0.1089625 0.0936916 0.1016016 0.1096669 0.0534965 0.0985081 0.0949343 0.0492424 0.1146617 0.0712406 0.1097943 0.1185930 0.1046233 0.1019885 0.1106066 0.0577251 0.1070819 0.0873210 0.1026929 0.1022021 0.1032198 0.1265819 0.0640835 0.1047996 0.0898810 0.1540462 0.0932592 0.1063603 0.1279439 0.0858256 
S0292         0.2866130 0.0767152 0.0738852 0.0990501 0.0913288 0.0923972 0.1369272 0.1050122 0.0000000 0.0944326 0.1225177 0.1134865 0.1300048 0.1168313 0.0997786 0.1235781 0.0930268 0.0836829 0.0869526 0.1219880 0.1234974 0.0856675 0.0952840 0.1001290 0.0984472 0.0876795 0.0736249 0.1017540 0.0936301 0.1182653 0.0872416 0.0795116 0.1186034 0.1282294 0.1086452 0.1032226 0.0932254 0.0887876 0.0999447 0.0873442 0.0873481 0.0968121 0.0901025 0.0727357 0.1312267 0.1634355 0.0916690 0.1294710 0.0915829 0.0820986 0.0877195 0.0747145 0.0951101 0.0799022 0.0768319 0.1105243 0.0708689 0.0874741 0.1160216 0.0801227 0.0938319 0.0596970 0.0991739 0.1103602 0.0893877 0.0998946 0.0926000 0.1046024 0.1133227 0.1020756 0.1623650 0.1051658 0.1032585 0.1180480 0.0990137 0.0935369 0.1492698 0.0766570 0.1465991 0.0848431 0.1018259 0.0627138 0.1141305 0.1115663 0.0860479 0.1465821 0.0836048 0.0945730 0.0495474 0.0880093 0.0762916 0.0961370 0.1237431 0.0776976 0.1085393 0.1213167 0.1353214 0.1294069 0.0857138 0.1180711 0.0906754 0.0130470 0.0911324 0.0773472 0.0801691 0.0795142 0.0949366 0.0987760 0.0307608 0.0333690 0.0990052 0.0943668 0.0828113 0.0964724 0.1007748 0.0824216 0.0886675 0.1055059 0.0670233 0.0709643 0.0930568 0.1014880 0.0913827 0.0943242 0.0864607 0.0836841 0.0719225 0.0841169 0.0811198 0.0836131 0.0608327 0.1444146 0.0714535 0.0750564 0.1125654 0.0551630 
S0293         0.2643910 0.0478865 0.0838806 0.1072625 0.1062051 0.0234004 0.1611508 0.1075502 0.0944326 0.0000000 0.0771351 0.1249215 0.1473685 0.1266137 0.1113174 0.1431272 0.1017624 0.1001368 0.1033950 0.1418248 0.1283711 0.0188184 0.0333588 0.1107349 0.0684985 0.0976943 0.0854074 0.1053063 0.1008107 0.1394707 0.0920655 0.0946450 0.0788205 0.1381984 0.1275863 0.1070725 0.0556318 0.0250919 0.1054107 0.0972369 0.0918485 0.0661770 0.0219782 0.0777062 0.1445971 0.1590319 0.0655918 0.1454867 0.1138256 0.0341543 0.1116205 0.0852949 0.0250469 0.0920066 0.0875967 0.1179413 0.0769261 0.1008266 0.1281178 0.0864308 0.1067758 0.0786551 0.1042449 0.1280507 0.1062983 0.1197861 0.1076756 0.1243409 0.0834794 0.1081411 0.1713602 0.1171998 0.1217024 0.1315175 0.1128436 0.1073524 0.1541120 0.0883656 0.1500433 0.0853303 0.1242765 0.0969415 0.1387205 0.0647785 0.1074734 0.1514398 0.0197067 0.0466170 0.0769652 0.1001645 0.0844372 0.0909550 0.1394146 0.0923921 0.1229938 0.1353023 0.1564957 0.1467947 0.0259897 0.1338694 0.1119168 0.0876053 0.0260277 0.0207342 0.0616502 0.1042446 0.0580050 0.1017447 0.0876410 0.1092470 0.1082811 0.0474988 0.0907455 0.1045744 0.1044543 0.0941285 0.0259816 0.1082746 0.0937904 0.0967413 0.0390612 0.1111799 0.0477806 0.1095517 0.0391057 0.0608329 0.0861438 0.1112940 0.0861383 0.0985327 0.0788508 0.1462195 0.0773184 0.0988726 0.1126085 0.0716381 
S0294         0.3203483 0.0677178 0.1145111 0.1259661 0.1401697 0.0862413 0.1936479 0.1387540 0.1225177 0.0771351 0.0000000 0.1595092 0.1742753 0.1651481 0.1392554 0.1763056 0.1386984 0.1426003 0.1302881 0.1756816 0.1622596 0.0821352 0.0833025 0.1360335 0.1034445 0.1152494 0.1151820 0.1504613 0.1356355 0.1761416 0.1233731 0.1217732 0.0935299 0.1782358 0.1503344 0.1350958 0.0915120 0.0756944 0.1317979 0.1222544 0.1202133 0.0828970 0.0859113 0.1146036 0.1828986 0.2043900 0.0827765 0.1772992 0.1497843 0.0739399 0.1354930 0.1163571 0.0872352 0.1235400 0.1178606 0.1520050 0.1123643 0.1271537 0.1609207 0.1193396 0.1297441 0.1069698 0.1200082 0.1641474 0.1325390 0.1400329 0.1373260 0.1443855 0.0452078 0.1494150 0.2046758 0.1477422 0.1421726 0.1667049 0.1456833 0.1412897 0.1936206 0.1223909 0.1943690 0.1124432 0.1482809 0.1234110 0.1615416 0.0937198 0.1442762 0.1958680 0.0786875 0.0838939 0.1087904 0.1272740 0.1161624 0.1317772 0.1718856 0.1086343 0.1511632 0.1690333 0.1916827 0.1828830 0.0766761 0.1583222 0.1491696 0.1150408 0.0863404 0.0728511 0.0808024 0.1374949 0.0840292 0.1306099 0.1216942 0.1430256 0.1421688 0.0695198 0.1197108 0.1371909 0.1451416 0.1231348 0.0893427 0.1480445 0.1275792 0.1279589 0.0775505 0.1330732 0.0760621 0.1379836 0.0798765 0.0816863 0.1187554 0.1504149 0.1188196 0.1196711 0.1056951 0.1892000 0.1136816 0.1301442 0.1576122 0.0981111 
S0299         0.2667515 0.1138243 0.0936343 0.0609191 0.1163726 0.1268542 0.1639411 0.0663823 0.1134865 0.1249215 0.1595092 0.0000000 0.1562833 0.1450568 0.0564031 0.1530416 0.0690721 0.1242028 0.1155511 0.1549439 0.1443947 0.1209192 0.1255420 0.0667052 0.1338835 0.0550462 0.0989548 0.1196992 0.0712196 0.1525861 0.0771152 0.1146303 0.1494876 0.1588528 0.1423892 0.0633062 0.1377943 0.1182074 0.0589429 0.0811957 0.0914182 0.1281987 0.1283544 0.0980048 0.1572243 0.1755672 0.1360340 0.1645487 0.1226058 0.1192766 0.1267055 0.0980815 0.1261500 0.1015072 0.1016046 0.1453676 0.1030845 0.0804804 0.1329744 0.0867256 0.0876483 0.1048378 0.0645202 0.1512191 0.1212376 0.1377026 0.1280008 0.1389101 0.1381648 0.1241300 0.1795594 0.1123959 0.1313990 0.1457914 0.1403342 0.1381565 0.1722881 0.1038213 0.1712733 0.0833888 0.1463624 0.1254594 0.1435048 0.1416663 0.1235787 0.1711262 0.1193344 0.1356425 0.1033788 0.0626358 0.0792560 0.1015775 0.1559957 0.0801884 0.0633947 0.1570948 0.1611222 0.1610005 0.1216517 0.1401333 0.1329803 0.1074800 0.1266557 0.1128880 0.1202205 0.1219162 0.1315767 0.0972605 0.1100893 0.1155712 0.0572327 0.1269643 0.0995698 0.0646699 0.1178947 0.0858663 0.1276369 0.1217542 0.1137683 0.1139881 0.1284736 0.0622842 0.1194645 0.0926999 0.1295473 0.1240542 0.1105676 0.1306389 0.0810577 0.1207733 0.1014891 0.1376290 0.1118860 0.1204379 0.1255153 0.0950147 
S0303         0.3286087 0.1248896 0.1183212 0.1401939 0.1369588 0.1505711 0.0217515 0.1578305 0.1300048 0.1473685 0.1742753 0.1562833 0.0000000 0.0883840 0.1532410 0.0272629 0.1418361 0.1484455 0.1238227 0.0170176 0.1449089 0.1437561 0.1434549 0.1515300 0.1377919 0.1412728 0.1199824 0.1280737 0.1514384 0.0230656 0.1294501 0.1188271 0.1681500 0.0927684 0.0228658 0.1445029 0.1416451 0.1401497 0.1469197 0.1404982 0.1447218 0.1397436 0.1452617 0.1135822 0.0308578 0.2067348 0.1445480 0.0186822 0.1570614 0.1241448 0.1245509 0.1212571 0.1508065 0.1268288 0.1215507 0.1499868 0.1182300 0.1394376 0.0833838 0.1380101 0.1452593 0.1171732 0.1418805 0.0665666 0.1304617 0.1510933 0.1329454 0.1365811 0.1503877 0.1377520 0.1991627 0.1661655 0.0910857 0.0910954 0.1509613 0.1455079 0.1921741 0.1247878 0.1901247 0.1419786 0.1481139 0.1425245 0.0899770 0.1461843 0.1364172 0.1824683 0.1399859 0.1439504 0.1205478 0.1448744 0.1281300 0.1532691 0.0273285 0.1191897 0.1525395 0.0912371 0.0252224 0.0255573 0.1388222 0.0911590 0.1608066 0.1281944 0.1440153 0.1260065 0.1310362 0.1426193 0.1361568 0.1368642 0.1341516 0.1461335 0.1492944 0.1425535 0.1282488 0.1409138 0.1292782 0.1391103 0.1421522 0.1350006 0.1278893 0.1382714 0.1308832 0.1527862 0.1388684 0.1437534 0.1375480 0.1298306 0.1255321 0.1505798 0.1322299 0.1320993 0.1186155 0.1887462 0.1194577 0.1428043 0.1363017 0.1178414 
S0308         0.3058612 0.1117491 0.1076794 0.1163633 0.1251651 0.1330717 0.0904528 0.1391455 0.1168313 0.1266137 0.1651481 0.1450568 0.0883840 0.0000000 0.1335582 0.0908517 0.1197916 0.1313467 0.0960550 0.0860000 0.1510191 0.1247691 0.1281117 0.1264971 0.1351127 0.1163878 0.1186361 0.1285091 0.1239264 0.0852938 0.1226895 0.1110431 0.1509120 0.0866419 0.0853785 0.1285397 0.1230900 0.1207087 0.1280992 0.1294923 0.1300768 0.1332937 0.1296813 0.1046232 0.0985801 0.1845831 0.1343735 0.0908716 0.1359778 0.1165673 0.1182834 0.1174223 0.1285685 0.1221433 0.1165100 0.1496272 0.1044454 0.1297574 0.0757301 0.1242019 0.1337803 0.1102881 0.1151682 0.0730906 0.1200479 0.1453109 0.1244700 0.1299754 0.1444771 0.1335273 0.1891812 0.1408792 0.0706851 0.0911274 0.1416366 0.1372051 0.1742533 0.1220400 0.1669233 0.1199113 0.1334575 0.1269001 0.0777622 0.1293487 0.1238440 0.1643778 0.1220782 0.1258414 0.1109217 0.1209771 0.1167676 0.1407770 0.0907602 0.1096086 0.1385038 0.0849791 0.0944880 0.0958506 0.1209784 0.0845498 0.1434467 0.1166144 0.1259580 0.1101886 0.1158701 0.1281056 0.1241927 0.1254714 0.1236969 0.1339914 0.1237674 0.1268461 0.1219943 0.1226468 0.1284646 0.1213634 0.1246752 0.1382528 0.1205751 0.1221489 0.1208172 0.1304564 0.1262584 0.1326971 0.1217910 0.1199542 0.1052653 0.1225980 0.1189751 0.1259360 0.1095674 0.1778812 0.1082295 0.1230102 0.1305776 0.0987121 
S0320         0.2829233 0.0930358 0.0869320 0.0508799 0.1041930 0.1185902 0.1633981 0.0532964 0.0997786 0.1113174 0.1392554 0.0564031 0.1532410 0.1335582 0.0000000 0.1450776 0.0490301 0.1144780 0.0970058 0.1468279 0.1345473 0.1092286 0.1092562 0.0505812 0.1129185 0.0417050 0.0872565 0.1054057 0.0539111 0.1423543 0.0560796 0.1062036 0.1278039 0.1476245 0.1290246 0.0481453 0.1155671 0.1046811 0.0453810 0.0679909 0.0705036 0.1131922 0.1152412 0.0880975 0.1538733 0.1710574 0.1158103 0.1538609 0.1047331 0.1035495 0.1145857 0.0861403 0.1153413 0.0893842 0.0883914 0.1383385 0.0939901 0.0672374 0.1286251 0.0646625 0.0698797 0.0858011 0.0551427 0.1367356 0.1107714 0.1248214 0.1198839 0.1243807 0.1229367 0.1165745 0.1749202 0.1115140 0.1239579 0.1408091 0.1244057 0.1177040 0.1666960 0.0904775 0.1673140 0.0712142 0.1284681 0.1082217 0.1355707 0.1168417 0.1147403 0.1646887 0.1066654 0.1124701 0.0897073 0.0422883 0.0579360 0.0779888 0.1487832 0.0656753 0.0565751 0.1444981 0.1580298 0.1578203 0.1056046 0.1367351 0.1144235 0.0941301 0.1148438 0.0949826 0.1008895 0.1102158 0.1092524 0.0871498 0.0967580 0.1086857 0.0387240 0.1058283 0.0895577 0.0492869 0.1106340 0.0658167 0.1158722 0.1155932 0.1063706 0.1037189 0.1099366 0.0480442 0.1059888 0.0776673 0.1069203 0.1038110 0.0947911 0.1225744 0.0571161 0.1087357 0.0870606 0.1444377 0.0922994 0.1080917 0.1178893 0.0830470 
S0322         0.3260197 0.1261735 0.1151903 0.1352930 0.1338156 0.1467383 0.0344572 0.1500687 0.1235781 0.1431272 0.1763056 0.1530416 0.0272629 0.0908517 0.1450776 0.0000000 0.1363512 0.1435762 0.1223880 0.0245554 0.1491071 0.1413607 0.1413878 0.1443361 0.1428546 0.1317770 0.1204167 0.1265922 0.1451015 0.0237738 0.1314933 0.1094788 0.1605611 0.0971657 0.0326122 0.1389087 0.1368546 0.1338685 0.1388764 0.1371496 0.1302289 0.1411609 0.1426850 0.1107194 0.0212445 0.2067465 0.1461574 0.0325455 0.1506761 0.1222955 0.1154973 0.1191887 0.1453415 0.1212083 0.1194741 0.1396730 0.1174888 0.1408184 0.0873959 0.1249615 0.1452970 0.1110544 0.1371895 0.0677629 0.1212987 0.1424285 0.1256038 0.1322786 0.1504829 0.1352876 0.1980328 0.1565154 0.0929568 0.0889236 0.1415010 0.1404675 0.1962550 0.1226760 0.1915661 0.1384126 0.1394903 0.1357919 0.0925516 0.1440598 0.1272496 0.1890605 0.1374402 0.1461143 0.1151343 0.1370861 0.1166144 0.1394213 0.0213703 0.1171324 0.1461380 0.0946347 0.0338610 0.0270994 0.1351934 0.0945992 0.1564283 0.1223715 0.1414082 0.1227476 0.1324612 0.1368412 0.1363410 0.1358833 0.1272286 0.1389369 0.1406222 0.1422870 0.1238078 0.1341979 0.1269304 0.1270182 0.1384745 0.1325782 0.1281892 0.1338341 0.1274366 0.1451533 0.1402489 0.1380531 0.1365619 0.1286790 0.1221060 0.1434125 0.1225552 0.1284896 0.1156314 0.1806068 0.1165924 0.1384482 0.1358797 0.1101239 
S0327         0.2933275 0.0910014 0.0823348 0.0522733 0.0975452 0.1060116 0.1453009 0.0608047 0.0930268 0.1017624 0.1386984 0.0690721 0.1418361 0.1197916 0.0490301 0.1363512 0.0000000 0.1139197 0.1069253 0.1370028 0.1297104 0.1014358 0.1031202 0.0493169 0.1107569 0.0401533 0.0835739 0.1036176 0.0511337 0.1353712 0.0472925 0.0987588 0.1304343 0.1431597 0.1218669 0.0494315 0.1052904 0.0956581 0.0443790 0.0669994 0.0686222 0.1110665 0.1046953 0.0833939 0.1448626 0.1578281 0.1113803 0.1458930 0.1032729 0.0907564 0.1072939 0.0824895 0.1062857 0.0888748 0.0846779 0.1322455 0.0871814 0.0692055 0.1252863 0.0607849 0.0728808 0.0865373 0.0481786 0.1248326 0.1022782 0.1180632 0.1099155 0.1176361 0.1198770 0.1127016 0.1718002 0.1145218 0.1163644 0.1335404 0.1273240 0.1206987 0.1561383 0.0854229 0.1602844 0.0643683 0.1218212 0.1075670 0.1338538 0.1178543 0.1125292 0.1577165 0.0968982 0.1059859 0.0855542 0.0423668 0.0552297 0.0769028 0.1399317 0.0667964 0.0548593 0.1424959 0.1451868 0.1487978 0.0968835 0.1299762 0.1295650 0.0875019 0.1046816 0.0868840 0.0961483 0.1128205 0.1068946 0.0822704 0.0942688 0.1028458 0.0552007 0.1027909 0.0867557 0.0471109 0.1068924 0.0647691 0.1045785 0.1150889 0.1003963 0.1004655 0.0942986 0.0587338 0.0984889 0.0756125 0.0984468 0.0999711 0.0952434 0.1200678 0.0560947 0.0999467 0.0847812 0.1576613 0.0831256 0.1037575 0.1170916 0.0764117 
S0335         0.2904954 0.0926041 0.0838769 0.1105862 0.1137426 0.1073218 0.1472093 0.1211711 0.0836829 0.1001368 0.1426003 0.1242028 0.1484455 0.1313467 0.1144780 0.1435762 0.1139197 0.0000000 0.0656539 0.1387912 0.1419538 0.0995102 0.1068880 0.1192485 0.1100040 0.1109239 0.0884436 0.1235893 0.1139195 0.1339878 0.1105148 0.0890920 0.1245503 0.1394478 0.1266595 0.1200934 0.1029445 0.0971329 0.1230982 0.1130084 0.1032427 0.1156600 0.1106891 0.0885245 0.1445503 0.2004355 0.1145527 0.1472194 0.1094039 0.0990805 0.1015713 0.0860493 0.1057574 0.0938026 0.0875382 0.1247060 0.0867256 0.1163778 0.1190834 0.0979481 0.1225842 0.0784692 0.1184249 0.1287794 0.1004524 0.1168556 0.1045147 0.1162439 0.1266474 0.1066460 0.1972789 0.1175495 0.1091440 0.1329679 0.1186397 0.1132383 0.1831790 0.0916143 0.1851304 0.1044722 0.1188901 0.0782190 0.1195025 0.1169272 0.1022900 0.1850673 0.0959146 0.1037008 0.0745859 0.1057025 0.0906388 0.1127009 0.1461180 0.0994714 0.1264385 0.1371249 0.1531219 0.1491198 0.0959213 0.1207440 0.0796615 0.0783166 0.1005922 0.0889063 0.0968487 0.0978188 0.1075634 0.1156645 0.0898516 0.1040551 0.1160161 0.1065188 0.0957471 0.1182478 0.1031438 0.1025613 0.1058761 0.1101417 0.1023346 0.0542086 0.1037692 0.1192159 0.1026855 0.1228470 0.0955391 0.1050805 0.0564298 0.0316839 0.0990309 0.1015699 0.0806728 0.1584934 0.0873379 0.0550933 0.1324835 0.0727519 
S0345         0.2329450 0.0819611 0.0806052 0.1010094 0.0974386 0.1033958 0.1173275 0.1036757 0.0869526 0.1033950 0.1302881 0.1155511 0.1238227 0.0960550 0.0970058 0.1223880 0.1069253 0.0656539 0.0000000 0.1213854 0.1286731 0.0928047 0.0912390 0.1043679 0.1129898 0.0926440 0.0812977 0.1054698 0.1055516 0.1136656 0.0989476 0.0975262 0.1139265 0.1304475 0.1307656 0.1148805 0.0922761 0.0911875 0.1080284 0.0951526 0.0925614 0.1014463 0.0989329 0.0808520 0.1217558 0.1544728 0.1114330 0.1302496 0.1078072 0.0926292 0.1098596 0.0811568 0.1015482 0.0855735 0.0814964 0.1247031 0.0834053 0.1028625 0.1216538 0.0865111 0.0986288 0.0830479 0.1042058 0.1079670 0.1155322 0.1282887 0.1166802 0.1242384 0.1313654 0.0974233 0.1533115 0.0979030 0.0932619 0.1061609 0.1210559 0.1138575 0.1503404 0.0884846 0.1479738 0.0992221 0.1151365 0.0746800 0.1073709 0.0984264 0.0903144 0.1480483 0.0929268 0.0957103 0.0672661 0.0961687 0.0812133 0.0868386 0.1216023 0.0931052 0.1140832 0.1147643 0.1220588 0.1272546 0.0946059 0.1083972 0.0439523 0.0848347 0.1001815 0.0819067 0.0781991 0.0912084 0.0986881 0.0992223 0.0915616 0.1059636 0.0883014 0.0971037 0.0894254 0.0994021 0.0970329 0.0895373 0.0986723 0.1033422 0.1045622 0.0553037 0.0914257 0.1004157 0.0935301 0.1036386 0.0901336 0.0914009 0.0205299 0.0724648 0.0852946 0.1041706 0.0807716 0.1329348 0.0803371 0.0500687 0.1130293 0.0713237 
S0355         0.3267350 0.1207134 0.1157624 0.1386839 0.1276760 0.1451488 0.0218883 0.1505226 0.1219880 0.1418248 0.1756816 0.1549439 0.0170176 0.0860000 0.1468279 0.0245554 0.1370028 0.1387912 0.1213854 0.0000000 0.1450528 0.1362581 0.1357071 0.1462254 0.1372641 0.1357812 0.1175456 0.1271149 0.1446421 0.0196643 0.1284670 0.1113744 0.1677055 0.0903098 0.0277146 0.1371354 0.1330675 0.1338675 0.1406928 0.1402914 0.1406453 0.1369574 0.1397144 0.1104569 0.0274546 0.2045086 0.1405325 0.0222195 0.1467852 0.1207443 0.1183053 0.1188094 0.1443620 0.1231200 0.1190951 0.1419756 0.1160368 0.1392514 0.0833663 0.1329373 0.1425098 0.1106341 0.1394955 0.0644170 0.1229023 0.1447965 0.1265647 0.1306046 0.1561906 0.1340585 0.1944058 0.1595119 0.0864107 0.0874596 0.1395077 0.1365712 0.1941732 0.1223111 0.1893261 0.1394424 0.1391921 0.1291077 0.0867601 0.1447418 0.1256738 0.1856610 0.1334504 0.1420149 0.1124657 0.1388440 0.1253867 0.1490388 0.0274818 0.1167182 0.1456572 0.0866249 0.0251830 0.0229632 0.1325699 0.0908767 0.1470400 0.1219166 0.1373901 0.1199523 0.1259986 0.1317280 0.1323287 0.1335316 0.1234537 0.1395395 0.1436121 0.1404840 0.1257476 0.1359683 0.1256690 0.1350928 0.1358517 0.1313405 0.1220158 0.1262666 0.1269543 0.1484357 0.1374174 0.1389011 0.1298591 0.1271407 0.1167470 0.1420291 0.1282026 0.1268029 0.1120421 0.1836266 0.1103714 0.1307556 0.1351874 0.1076419 
S0376         0.3189439 0.1245620 0.1099432 0.1514941 0.1271469 0.1326548 0.1523972 0.1438429 0.1234974 0.1283711 0.1622596 0.1443947 0.1449089 0.1510191 0.1345473 0.1491071 0.1297104 0.1419538 0.1286731 0.1450528 0.0000000 0.1289040 0.1364657 0.1384499 0.1341382 0.1279465 0.1089482 0.0428520 0.1371862 0.1435089 0.1211902 0.1211515 0.1685356 0.1617240 0.1206277 0.1303612 0.1347956 0.1267460 0.1345531 0.1253065 0.1305795 0.1392637 0.1282706 0.1101426 0.1470947 0.2066391 0.1408801 0.1453376 0.1445250 0.1213964 0.1249210 0.1112901 0.1334606 0.1174156 0.1137696 0.1562192 0.1116712 0.1198867 0.1327273 0.1242066 0.1341192 0.1112419 0.1414545 0.1358382 0.1267664 0.1461091 0.1338407 0.1445513 0.1521501 0.1375266 0.2031075 0.1549834 0.1296024 0.1378242 0.1405131 0.1317129 0.1918706 0.1160155 0.1876325 0.1373086 0.1499710 0.1322564 0.1411914 0.1506280 0.1336756 0.1875426 0.1190033 0.1390836 0.1126937 0.1254373 0.1190990 0.1434365 0.1429133 0.1123050 0.1574775 0.1547092 0.1614419 0.1533978 0.1227441 0.1477370 0.1552901 0.1142205 0.1276645 0.1173725 0.1323831 0.1403584 0.1381429 0.1257089 0.1301447 0.1434099 0.1348106 0.1380105 0.1182958 0.1308108 0.1301631 0.1276954 0.1295625 0.1402937 0.1271444 0.1324032 0.1265472 0.1349134 0.1242549 0.1363109 0.1289932 0.1261610 0.1226841 0.1495260 0.1210081 0.1306023 0.1126530 0.1833449 0.1114397 0.1332700 0.0538080 0.1048962 
S0400         0.2704898 0.0436486 0.0786234 0.0996749 0.1020146 0.0180550 0.1535669 0.1032619 0.0856675 0.0188184 0.0821352 0.1209192 0.1437561 0.1247691 0.1092286 0.1413607 0.1014358 0.0995102 0.0928047 0.1362581 0.1289040 0.0000000 0.0291633 0.1039228 0.0714243 0.0941783 0.0835181 0.1075779 0.1004502 0.1364967 0.0918380 0.0910549 0.0741009 0.1320728 0.1238598 0.1039739 0.0511692 0.0196774 0.1063484 0.0960032 0.0928884 0.0639771 0.0182814 0.0791358 0.1426983 0.1597641 0.0595871 0.1431463 0.1141189 0.0308681 0.1052626 0.0834127 0.0179658 0.0898092 0.0855385 0.1226913 0.0794185 0.0982642 0.1248396 0.0865476 0.1018354 0.0717624 0.0987169 0.1223658 0.1009601 0.1178692 0.1035037 0.1179492 0.0806853 0.1071591 0.1664707 0.1135376 0.1129373 0.1254702 0.1121397 0.1078185 0.1512538 0.0863453 0.1483299 0.0794668 0.1194931 0.0964554 0.1313986 0.0636938 0.1032999 0.1494709 0.0129518 0.0416755 0.0692451 0.0987080 0.0857311 0.1038410 0.1386602 0.0873919 0.1189870 0.1280707 0.1482633 0.1423018 0.0205228 0.1289954 0.1074366 0.0832513 0.0179868 0.0147161 0.0546861 0.0999203 0.0542407 0.1044330 0.0844840 0.1016203 0.1051671 0.0416178 0.0896398 0.1005385 0.1036415 0.0960582 0.0196556 0.1095094 0.0904751 0.0910304 0.0390918 0.1080630 0.0454874 0.1054769 0.0364547 0.0531144 0.0818559 0.1068740 0.0875027 0.0949235 0.0719315 0.1399524 0.0716215 0.0939833 0.1134887 0.0651406 
S0405         0.2776330 0.0483803 0.0893014 0.1003418 0.1142856 0.0337047 0.1532403 0.1061583 0.0952840 0.0333588 0.0833025 0.1255420 0.1434549 0.1281117 0.1092562 0.1413878 0.1031202 0.1068880 0.0912390 0.1357071 0.1364657 0.0291633 0.0000000 0.1063649 0.0765336 0.0945004 0.0906230 0.1145159 0.0996745 0.1365231 0.0917670 0.0930490 0.0772735 0.1392450 0.1234328 0.1031698 0.0541182 0.0248222 0.1053134 0.1010961 0.0967883 0.0670036 0.0302961 0.0894979 0.1451684 0.1665371 0.0664016 0.1428455 0.1196604 0.0370986 0.1083993 0.0905067 0.0335349 0.0970196 0.0927456 0.1263564 0.0898218 0.1023437 0.1249001 0.0914886 0.1043447 0.0778233 0.0968805 0.1236750 0.1051618 0.1210816 0.1055009 0.1211082 0.0794526 0.1158538 0.1763067 0.1199571 0.1164642 0.1241880 0.1175626 0.1131994 0.1578707 0.0948127 0.1561870 0.0917668 0.1252022 0.1015438 0.1314026 0.0686392 0.1085056 0.1549158 0.0248130 0.0499753 0.0781969 0.0979509 0.0885777 0.1069232 0.1386871 0.0904344 0.1191756 0.1327239 0.1472964 0.1432638 0.0247513 0.1324935 0.1134913 0.0886589 0.0309715 0.0206684 0.0617435 0.1074521 0.0581891 0.1031916 0.0888807 0.1093604 0.1074455 0.0481252 0.0968338 0.1010009 0.1122541 0.0989459 0.0335663 0.1160845 0.0986610 0.0962082 0.0436835 0.1071897 0.0510852 0.1086636 0.0418781 0.0598926 0.0849171 0.1143513 0.0894093 0.0982378 0.0780081 0.1565788 0.0784190 0.0979518 0.1194113 0.0719303 
S0407sl       0.2727248 0.0890999 0.0836549 0.0543319 0.1030924 0.1133459 0.1692747 0.0588119 0.1001290 0.1107349 0.1360335 0.0667052 0.1515300 0.1264971 0.0505812 0.1443361 0.0493169 0.1192485 0.1043679 0.1462254 0.1384499 0.1039228 0.1063649 0.0000000 0.1077782 0.0379156 0.0859368 0.1029327 0.0452915 0.1401641 0.0534314 0.1043862 0.1314349 0.1483835 0.1185262 0.0535399 0.1119111 0.1015736 0.0430593 0.0657587 0.0727521 0.1065900 0.1070513 0.0885395 0.1498405 0.1637958 0.1071497 0.1546068 0.1071642 0.0967364 0.1131682 0.0860313 0.1113994 0.0879647 0.0883300 0.1331629 0.0928705 0.0667429 0.1312825 0.0645393 0.0707758 0.0890656 0.0431976 0.1367659 0.1076222 0.1259153 0.1174985 0.1259270 0.1162363 0.1178535 0.1707768 0.1188787 0.1241353 0.1355299 0.1271550 0.1236149 0.1578666 0.0883527 0.1591169 0.0670507 0.1305566 0.1087474 0.1376321 0.1250582 0.1187979 0.1552460 0.1002292 0.1098402 0.0906520 0.0403164 0.0596049 0.0625087 0.1450624 0.0641111 0.0637541 0.1482810 0.1554215 0.1546306 0.1024929 0.1389120 0.1257983 0.0933083 0.1095777 0.0928349 0.0977200 0.1143161 0.1049165 0.0829712 0.0936070 0.1118666 0.0507901 0.1031231 0.0894341 0.0323072 0.1127629 0.0677253 0.1083281 0.1179738 0.1022235 0.1029414 0.0994582 0.0500903 0.1020654 0.0766603 0.1053294 0.0994813 0.0986359 0.1171196 0.0625564 0.1079223 0.0869770 0.1496526 0.0925621 0.1059323 0.1105414 0.0795131 
S0412sl       0.2912696 0.0585485 0.0879611 0.1143754 0.1090878 0.0799585 0.1449401 0.1119441 0.0984472 0.0684985 0.1034445 0.1338835 0.1377919 0.1351127 0.1129185 0.1428546 0.1107569 0.1100040 0.1129898 0.1372641 0.1341382 0.0714243 0.0765336 0.1077782 0.0000000 0.1031026 0.0882153 0.1125213 0.1087677 0.1363237 0.0965208 0.0875497 0.0863464 0.1416595 0.1246147 0.1156713 0.0829358 0.0694518 0.1147788 0.1061289 0.1048694 0.0681765 0.0787935 0.0790017 0.1461768 0.1769690 0.0577818 0.1383736 0.1153938 0.0693218 0.1005570 0.0893865 0.0775167 0.0938448 0.0916639 0.1112929 0.0761414 0.1027234 0.1342483 0.1011888 0.1101577 0.0848222 0.1226119 0.1232306 0.0977800 0.1220263 0.0993498 0.1185582 0.0966480 0.1121344 0.1749795 0.1209770 0.1208481 0.1382979 0.1137665 0.1062597 0.1626778 0.0937687 0.1607301 0.1000010 0.1152448 0.1063707 0.1396496 0.0857953 0.1023306 0.1583314 0.0693017 0.0735607 0.0821561 0.1057498 0.0975163 0.1169627 0.1360967 0.0949146 0.1310974 0.1388539 0.1493448 0.1458828 0.0683628 0.1390582 0.1141841 0.0914724 0.0755528 0.0605737 0.0664871 0.1020345 0.0719481 0.1139842 0.0916496 0.1060112 0.1085500 0.0724086 0.0958277 0.1102546 0.1084883 0.1096247 0.0775128 0.1156766 0.0874988 0.1000229 0.0769426 0.1093725 0.0737165 0.1134968 0.0666581 0.0629686 0.0946156 0.1197613 0.0980816 0.1007089 0.0860779 0.1552632 0.0791785 0.1032233 0.1193296 0.0764538 
S0417         0.2751264 0.0739696 0.0725264 0.0482601 0.0969822 0.1030270 0.1544469 0.0471544 0.0876795 0.0976943 0.1152494 0.0550462 0.1412728 0.1163878 0.0417050 0.1317770 0.0401533 0.1109239 0.0926440 0.1357812 0.1279465 0.0941783 0.0945004 0.0379156 0.1031026 0.0000000 0.0774083 0.0953500 0.0352726 0.1325308 0.0456865 0.0867055 0.1107977 0.1352340 0.1130541 0.0391490 0.0983862 0.0898752 0.0361945 0.0542983 0.0580162 0.0955348 0.0987919 0.0795424 0.1402017 0.1643301 0.0958465 0.1394527 0.0938714 0.0843709 0.0975539 0.0763471 0.1000497 0.0826205 0.0765127 0.1160445 0.0817970 0.0544315 0.1186456 0.0531636 0.0569025 0.0752542 0.0381031 0.1199069 0.0911408 0.1094383 0.1025190 0.1080919 0.1046562 0.1103608 0.1643624 0.1018590 0.1082773 0.1282397 0.1152543 0.1141984 0.1556221 0.0804974 0.1565948 0.0517651 0.1140331 0.1010720 0.1238624 0.1038683 0.1049629 0.1540436 0.0917878 0.0951967 0.0797599 0.0264642 0.0486570 0.0686546 0.1301168 0.0518937 0.0462666 0.1337733 0.1422179 0.1447899 0.0907571 0.1235951 0.1204014 0.0821908 0.0995077 0.0818839 0.0805833 0.1016215 0.0898819 0.0721536 0.0859061 0.0998719 0.0397196 0.0900323 0.0785511 0.0368226 0.1034606 0.0543034 0.1004944 0.1104679 0.0949191 0.0934087 0.0881926 0.0397041 0.0859242 0.0643719 0.0899471 0.0868078 0.0869022 0.1080613 0.0504201 0.0904798 0.0754537 0.1411836 0.0803618 0.0976175 0.1084168 0.0713323 
S0419         0.2600982 0.0746166 0.0101559 0.0896707 0.0536913 0.0888570 0.1284645 0.0937828 0.0736249 0.0854074 0.1151820 0.0989548 0.1199824 0.1186361 0.0872565 0.1204167 0.0835739 0.0884436 0.0812977 0.1175456 0.1089482 0.0835181 0.0906230 0.0859368 0.0882153 0.0774083 0.0000000 0.0949579 0.0854988 0.1175458 0.0751538 0.0786407 0.1115493 0.1309001 0.0981940 0.0858551 0.0927801 0.0832563 0.0908723 0.0759805 0.0811577 0.0855624 0.0920745 0.0436807 0.1241972 0.1535876 0.0946118 0.1237521 0.0814014 0.0766809 0.0936831 0.0055677 0.0936094 0.0104365 0.0071844 0.1070482 0.0410395 0.0751972 0.1047428 0.0750090 0.0790848 0.0587952 0.0860329 0.1080042 0.0896161 0.1038396 0.0918327 0.1028552 0.0970797 0.0701399 0.1537829 0.0880246 0.0952621 0.1211245 0.1009788 0.0955737 0.1366659 0.0088017 0.1377560 0.0787021 0.1063476 0.0792228 0.1086938 0.1014163 0.0932036 0.1388671 0.0831872 0.0909618 0.0657955 0.0807154 0.0691659 0.0907318 0.1147469 0.0674862 0.1011618 0.1226017 0.1278831 0.1246343 0.0791596 0.1099222 0.1039051 0.0673564 0.0907036 0.0741589 0.0833756 0.0898582 0.0912280 0.0829088 0.0800782 0.0989850 0.0885352 0.0877968 0.0120578 0.0834346 0.0688878 0.0782072 0.0892258 0.0721480 0.0775420 0.0777092 0.0854394 0.0886714 0.0888560 0.0868946 0.0819960 0.0789214 0.0765565 0.0992819 0.0740132 0.0847871 0.0589669 0.1326853 0.0493124 0.0807909 0.1065550 0.0512384 
S0427         0.2950161 0.1022914 0.0897676 0.1150463 0.1115004 0.1135109 0.1449378 0.1116406 0.1017540 0.1053063 0.1504613 0.1196992 0.1280737 0.1285091 0.1054057 0.1265922 0.1036176 0.1235893 0.1054698 0.1271149 0.0428520 0.1075779 0.1145159 0.1029327 0.1125213 0.0953500 0.0949579 0.0000000 0.1079448 0.1246348 0.0980108 0.1011799 0.1291156 0.1412385 0.0982312 0.1059625 0.1141993 0.1045625 0.1050925 0.1072701 0.1058232 0.1162170 0.1084535 0.0883794 0.1283810 0.1813942 0.1144037 0.1297342 0.1175186 0.1043016 0.1058840 0.0938312 0.1118338 0.0994536 0.0960995 0.1253367 0.0895314 0.1106785 0.1240148 0.0967685 0.1162700 0.0931703 0.1081085 0.1165583 0.1044887 0.1238439 0.1126530 0.1239566 0.1319847 0.1146343 0.1794139 0.1304797 0.1082686 0.1189717 0.1179639 0.1113704 0.1688959 0.0981856 0.1638356 0.1064243 0.1234684 0.1127648 0.1245973 0.1270048 0.1083195 0.1599519 0.0985765 0.1181525 0.0950834 0.0977669 0.0930838 0.1152140 0.1243698 0.0951501 0.1233386 0.1356432 0.1392132 0.1393012 0.1030163 0.1337404 0.1338569 0.0982722 0.1064785 0.0959620 0.1115904 0.1133895 0.1125102 0.1061540 0.1088865 0.1185399 0.1019874 0.1158051 0.1003041 0.1018432 0.1102708 0.1047690 0.1072303 0.1162556 0.1026495 0.1115364 0.1101940 0.1058940 0.1032472 0.1111872 0.1028318 0.1034430 0.1024771 0.1321341 0.0972950 0.1101525 0.0964879 0.1584208 0.0909573 0.1168971 0.0401049 0.0915722 
S0428sl       0.2863040 0.0831384 0.0842962 0.0589090 0.1123982 0.1083463 0.1694801 0.0548022 0.0936301 0.1008107 0.1356355 0.0712196 0.1514384 0.1239264 0.0539111 0.1451015 0.0511337 0.1139195 0.1055516 0.1446421 0.1371862 0.1004502 0.0996745 0.0452915 0.1087677 0.0352726 0.0854988 0.1079448 0.0000000 0.1425095 0.0588941 0.0926571 0.1195235 0.1487208 0.1252848 0.0511823 0.1082620 0.0960317 0.0492037 0.0697852 0.0695213 0.1033185 0.1048079 0.0887165 0.1527790 0.1676929 0.1035306 0.1520588 0.1025194 0.0938649 0.1069058 0.0853904 0.1052976 0.0918167 0.0875956 0.1318097 0.0856436 0.0719726 0.1272762 0.0636106 0.0747596 0.0822087 0.0504800 0.1249865 0.1004468 0.1150987 0.1121238 0.1212511 0.1143520 0.1180268 0.1656500 0.1142211 0.1194896 0.1369617 0.1285882 0.1226034 0.1602414 0.0896401 0.1599331 0.0668083 0.1262703 0.1095428 0.1362683 0.1168923 0.1125120 0.1573700 0.0948197 0.1008040 0.0858034 0.0377781 0.0570657 0.0786249 0.1453022 0.0684649 0.0647738 0.1437097 0.1502234 0.1549778 0.0959073 0.1333293 0.1279512 0.0871239 0.1047739 0.0880016 0.0889120 0.1125575 0.1047199 0.0809095 0.0907448 0.1048013 0.0508829 0.0955604 0.0917158 0.0440524 0.1131345 0.0646920 0.1057681 0.1203200 0.1023730 0.1016332 0.1010552 0.0547174 0.0953335 0.0804706 0.0975418 0.0941179 0.0946885 0.1152251 0.0577121 0.1020877 0.0824286 0.1574760 0.0870925 0.1059086 0.1226361 0.0742331 
