133
PAFTOL_019361 0.0000000 0.2022235 0.2322846 0.2180008 0.2098648 0.2039196 0.2028822 0.2078876 0.2052030 0.2143563 0.2131073 0.2216813 0.2266843 0.2106461 0.2114153 0.2085483 0.2020345 0.2134816 0.2223579 0.2025346 0.1971280 0.1994045 0.2068915 0.2141369 0.1968323 0.1961020 0.2016453 0.2211660 0.2004883 0.1981905 0.1927857 0.2130517 0.2085166 0.2351643 0.2206493 0.2143089 0.2037495 0.2118958 0.2229734 0.2006721 0.2095113 0.1994051 0.2028643 0.2246060 0.2019018 0.2007257 0.2059079 0.2349874 0.1952566 0.1898073 0.2010698 0.1970126 0.2116458 0.2043831 0.1965634 0.1985619 0.2045534 0.1949531 0.1900656 0.2273130 0.1974348 0.2132716 0.2040175 0.2143474 0.2081561 0.1894156 0.2011668 0.2399704 0.2175199 0.2175508 0.2105427 0.1996801 0.2000300 0.2290592 0.2036948 0.2162345 0.2015954 0.2168750 0.2074828 0.1977138 0.2020666 0.1997222 0.2193519 0.1874667 0.2035472 0.2009875 0.1960926 0.1966293 0.2022314 0.2095880 0.1986024 0.2146518 0.2031024 0.2236151 0.2021401 0.2014129 0.1968513 0.2171405 0.2324386 0.1920802 0.1979450 0.1972363 0.2055727 0.1994415 0.1917446 0.1999419 0.2026653 0.2096328 0.1928518 0.2009419 0.2279336 0.2042820 0.2050540 0.1925750 0.2043086 0.2083785 0.2037943 0.1978091 0.2165383 0.1995782 0.1995615 0.2092256 0.2034480 0.2090785 0.2103675 0.1971899 0.1964737 0.1924865 0.2301211 0.1936060 0.2007536 0.1976752 0.1902487 
S0055         0.2022235 0.0000000 0.0595197 0.0810288 0.0668995 0.0434131 0.0714700 0.0742583 0.0642219 0.0525319 0.0627361 0.0789499 0.0716854 0.0717564 0.0769146 0.0743883 0.0619625 0.0746257 0.0734017 0.0531334 0.0408000 0.0414214 0.0741338 0.0481809 0.0586935 0.0574763 0.0547749 0.0609675 0.0687781 0.0552859 0.0645753 0.0558147 0.0778478 0.0761092 0.0789849 0.0492381 0.0472487 0.0673978 0.0725791 0.0577354 0.0517602 0.0573881 0.0727409 0.1133276 0.0532795 0.0720382 0.0418603 0.0782415 0.0541968 0.0383596 0.0582400 0.0568772 0.0762510 0.0580650 0.0542680 0.0685314 0.0588240 0.0553215 0.0522624 0.0630811 0.0664808 0.0731768 0.0686690 0.0769533 0.0716447 0.0519580 0.0633699 0.1108905 0.0861604 0.0756141 0.0718186 0.0675407 0.0707952 0.1102201 0.0548072 0.1052498 0.0710832 0.0818773 0.0726244 0.0657600 0.0433119 0.0657166 0.1053744 0.0472937 0.0497866 0.0666824 0.0571362 0.0559496 0.0572533 0.0770449 0.0533453 0.0759274 0.0689719 0.0828466 0.0734277 0.0419409 0.0672799 0.0722743 0.0733255 0.0429671 0.0400770 0.0251847 0.0660739 0.0426017 0.0586808 0.0590299 0.0610685 0.0757242 0.0436707 0.0587865 0.0826527 0.0653857 0.0597183 0.0347779 0.0666574 0.0640995 0.0647574 0.0449116 0.0776083 0.0456683 0.0573633 0.0442501 0.0497297 0.0688492 0.0747766 0.0544742 0.0674352 0.0510945 0.0858267 0.0537966 0.0587417 0.0553899 0.0561708 
S0196sl       0.2322846 0.0595197 0.0000000 0.0864649 0.0397814 0.0674696 0.0749297 0.0803623 0.0462614 0.0697227 0.0784722 0.0833049 0.0749286 0.0745517 0.0836285 0.0739744 0.0615656 0.0624743 0.0718385 0.0669194 0.0605298 0.0615668 0.0751812 0.0711539 0.0636337 0.0156878 0.0687856 0.0518556 0.0740176 0.0503502 0.0548522 0.0877642 0.0708828 0.0772774 0.0839486 0.0738827 0.0594994 0.0726020 0.0544732 0.0610287 0.0667959 0.0247725 0.0748690 0.1186948 0.0783947 0.0728220 0.0688994 0.0613444 0.0112107 0.0561791 0.0112207 0.0121429 0.0572929 0.0257454 0.0523185 0.0668573 0.0549692 0.0549359 0.0480998 0.0701725 0.0696071 0.0605379 0.0581059 0.0671855 0.0614665 0.0954150 0.0382108 0.1106933 0.0850271 0.0685510 0.0764758 0.0542068 0.0554501 0.1132638 0.0103887 0.1113868 0.0627473 0.0670524 0.0628165 0.0630642 0.0704616 0.0448495 0.1073960 0.0689105 0.0796191 0.0424639 0.0672566 0.0570019 0.0559817 0.0726377 0.0531449 0.0811420 0.0684483 0.0805520 0.0739551 0.0594116 0.0701026 0.0573011 0.0463554 0.0643762 0.0583636 0.0631415 0.0470152 0.0595440 0.0565083 0.0373643 0.0433695 0.0852541 0.0689878 0.0157416 0.0716606 0.0382866 0.0591271 0.0541235 0.0392076 0.0529719 0.0513732 0.0687063 0.0828578 0.0725081 0.0512797 0.0665764 0.0592865 0.0543949 0.0586677 0.0631611 0.0480886 0.0501205 0.0910664 0.0303491 0.0440249 0.0670854 0.0484384 
S0278         0.2180008 0.0810288 0.0864649 0.0000000 0.0838930 0.0817746 0.0735163 0.0537941 0.0798869 0.0939805 0.0911379 0.0379957 0.0821474 0.0798042 0.0476026 0.0826498 0.0499431 0.0862356 0.0783138 0.0774627 0.0793395 0.0802396 0.0453598 0.0871185 0.0374755 0.0742397 0.0730301 0.0413438 0.0723193 0.0638700 0.0759504 0.0906442 0.0817707 0.0890637 0.0419125 0.0856587 0.0843941 0.0439078 0.0825356 0.0714170 0.0736526 0.0752964 0.0763339 0.1257329 0.0843745 0.0796747 0.0805812 0.0890425 0.0707255 0.0763255 0.0743781 0.0715858 0.0885153 0.0748524 0.0630740 0.0760943 0.0720569 0.0623418 0.0645766 0.0434321 0.0700195 0.0870243 0.0805373 0.0909849 0.0848480 0.0822053 0.0771528 0.1235006 0.0942640 0.0880431 0.0747925 0.0842153 0.0863844 0.1201287 0.0804975 0.1165292 0.0843097 0.0906342 0.0849884 0.0756192 0.0815509 0.0797806 0.1173345 0.0839919 0.0887357 0.0783525 0.0372938 0.0689063 0.0696445 0.0828162 0.0654100 0.0359226 0.0796889 0.0867673 0.0763363 0.0785272 0.0769152 0.0849448 0.0896830 0.0803957 0.0791417 0.0741563 0.0806464 0.0811270 0.0655727 0.0745114 0.0773324 0.0443184 0.0812090 0.0737153 0.0551806 0.0792816 0.0702444 0.0730932 0.0792799 0.0798068 0.0773550 0.0839741 0.0360551 0.0830445 0.0680681 0.0824051 0.0721298 0.0794882 0.0855691 0.0719516 0.0780063 0.0654394 0.0970622 0.0648439 0.0691264 0.0799713 0.0669354 
S0281         0.2098648 0.0668995 0.0397814 0.0838930 0.0000000 0.0711479 0.0726998 0.0793214 0.0585534 0.0811121 0.0844869 0.0806891 0.0774101 0.0730709 0.0769001 0.0723113 0.0630550 0.0704406 0.0764412 0.0680318 0.0669171 0.0690618 0.0824767 0.0769566 0.0629724 0.0351616 0.0688213 0.0654313 0.0694030 0.0600144 0.0526334 0.0768892 0.0689063 0.0850397 0.0816207 0.0736930 0.0762428 0.0704775 0.0751277 0.0592087 0.0715660 0.0339061 0.0734001 0.1138143 0.0759992 0.0732987 0.0707658 0.0692611 0.0298074 0.0648808 0.0357905 0.0333906 0.0630701 0.0351605 0.0553592 0.0711048 0.0598251 0.0583531 0.0514520 0.0824037 0.0633154 0.0614406 0.0564999 0.0645501 0.0608904 0.0790585 0.0492888 0.1182635 0.0880403 0.0781465 0.0695675 0.0560087 0.0573160 0.1087537 0.0354816 0.1115200 0.0677978 0.0666844 0.0663871 0.0668645 0.0692911 0.0621231 0.1108583 0.0733338 0.0772660 0.0610505 0.0644821 0.0556406 0.0587969 0.0796883 0.0593305 0.0774517 0.0627807 0.0827466 0.0695120 0.0682542 0.0678413 0.0659257 0.0721190 0.0699667 0.0667633 0.0643709 0.0572336 0.0670145 0.0571531 0.0516280 0.0554648 0.0775388 0.0681546 0.0357659 0.0860708 0.0499909 0.0606119 0.0603530 0.0499880 0.0566096 0.0612620 0.0714785 0.0810725 0.0737596 0.0616262 0.0705680 0.0629809 0.0632673 0.0675891 0.0619075 0.0528218 0.0502237 0.0885867 0.0417347 0.0571637 0.0651092 0.0528734 
S0282         0.2039196 0.0434131 0.0674696 0.0817746 0.0711479 0.0000000 0.0725219 0.0787860 0.0620023 0.0247706 0.0657218 0.0813156 0.0756486 0.0767670 0.0766238 0.0748337 0.0662395 0.0758905 0.0762702 0.0547091 0.0116945 0.0205926 0.0748796 0.0452324 0.0590533 0.0615302 0.0550217 0.0629166 0.0711349 0.0568967 0.0655482 0.0503307 0.0790268 0.0803345 0.0782607 0.0344674 0.0276490 0.0691690 0.0767014 0.0626683 0.0571578 0.0626478 0.0731736 0.1121898 0.0478475 0.0737610 0.0255519 0.0831879 0.0582733 0.0155219 0.0624057 0.0596147 0.0793899 0.0640737 0.0584890 0.0674648 0.0611649 0.0594862 0.0533227 0.0730885 0.0689071 0.0763701 0.0690187 0.0791896 0.0734901 0.0522190 0.0657542 0.1138867 0.0899741 0.0805644 0.0763984 0.0698627 0.0712376 0.1113602 0.0617230 0.1052986 0.0739047 0.0823159 0.0732922 0.0692231 0.0451722 0.0667275 0.1069326 0.0238178 0.0323887 0.0644566 0.0607178 0.0582401 0.0595625 0.0775081 0.0550505 0.0781716 0.0723478 0.0841528 0.0731761 0.0199650 0.0656636 0.0749513 0.0696960 0.0227252 0.0177244 0.0414639 0.0652349 0.0414884 0.0584495 0.0574768 0.0588507 0.0749283 0.0244733 0.0603559 0.0839351 0.0671194 0.0640897 0.0133077 0.0684046 0.0649537 0.0673191 0.0255757 0.0762904 0.0303056 0.0609691 0.0278763 0.0517618 0.0681551 0.0787220 0.0543173 0.0670677 0.0525496 0.0887357 0.0565667 0.0624653 0.0571055 0.0565322 
S0288         0.2028822 0.0714700 0.0749297 0.0735163 0.0726998 0.0725219 0.0000000 0.0778188 0.0729186 0.0797408 0.0896208 0.0812338 0.0047003 0.0402231 0.0840059 0.0132799 0.0701419 0.0812483 0.0090524 0.0656547 0.0708232 0.0722884 0.0758395 0.0784405 0.0629952 0.0662918 0.0720264 0.0677279 0.0068447 0.0667346 0.0704887 0.0783036 0.0544185 0.0120815 0.0830209 0.0798349 0.0755793 0.0709474 0.0773346 0.0665855 0.0722503 0.0621938 0.0100102 0.1097489 0.0784377 0.0121380 0.0733566 0.0839249 0.0629095 0.0685928 0.0664138 0.0656823 0.0791916 0.0609579 0.0616916 0.0456838 0.0657877 0.0596634 0.0620570 0.0779269 0.0265818 0.0785682 0.0730048 0.0815083 0.0777125 0.0792221 0.0717370 0.1132693 0.0872675 0.0594657 0.0491569 0.0746290 0.0753148 0.1075415 0.0693704 0.0973600 0.0751202 0.0870985 0.0804495 0.0473651 0.0737982 0.0742406 0.0988146 0.0740372 0.0798126 0.0702830 0.0646635 0.0614462 0.0641155 0.0160082 0.0633770 0.0783829 0.0498792 0.0146310 0.0062693 0.0707449 0.0450432 0.0809173 0.0856794 0.0706057 0.0673332 0.0696633 0.0773187 0.0681909 0.0641554 0.0670800 0.0723180 0.0808701 0.0724729 0.0651024 0.0886987 0.0723268 0.0673349 0.0655721 0.0738065 0.0749368 0.0724759 0.0733113 0.0813717 0.0738296 0.0647065 0.0770679 0.0680265 0.0767870 0.0827990 0.0633084 0.0725095 0.0621760 0.0883236 0.0623281 0.0658945 0.0711626 0.0655192 
S0289         0.2078876 0.0742583 0.0803623 0.0537941 0.0793214 0.0787860 0.0778188 0.0000000 0.0734312 0.0936730 0.0877802 0.0498424 0.0845337 0.0807636 0.0419243 0.0855125 0.0448826 0.0842912 0.0843173 0.0758733 0.0750770 0.0766556 0.0371115 0.0778866 0.0368944 0.0686374 0.0705932 0.0386962 0.0745267 0.0599472 0.0743170 0.0895354 0.0851538 0.0955351 0.0511901 0.0820047 0.0827699 0.0440232 0.0760253 0.0648058 0.0729557 0.0684625 0.0796552 0.1251061 0.0814840 0.0825252 0.0782539 0.0886421 0.0646118 0.0706955 0.0700539 0.0674207 0.0847094 0.0712108 0.0584852 0.0817023 0.0659937 0.0582818 0.0645844 0.0378223 0.0729366 0.0852044 0.0774706 0.0898140 0.0808985 0.0853159 0.0750543 0.1240568 0.0976452 0.0916358 0.0807157 0.0771134 0.0771895 0.1195366 0.0723724 0.1149838 0.0764458 0.0904471 0.0809593 0.0778149 0.0766926 0.0759841 0.1165223 0.0775424 0.0807641 0.0733897 0.0349095 0.0615610 0.0650252 0.0883816 0.0581318 0.0531549 0.0805521 0.0903892 0.0791825 0.0756756 0.0763994 0.0817605 0.0899408 0.0727371 0.0741453 0.0709902 0.0770277 0.0763189 0.0635847 0.0701457 0.0722210 0.0417156 0.0749554 0.0700073 0.0465655 0.0771652 0.0649054 0.0695580 0.0784863 0.0745491 0.0742125 0.0788342 0.0494166 0.0832922 0.0627478 0.0789203 0.0676106 0.0758132 0.0852786 0.0653649 0.0736559 0.0633285 0.0943083 0.0627669 0.0686851 0.0751353 0.0667178 
S0292         0.2052030 0.0642219 0.0462614 0.0798869 0.0585534 0.0620023 0.0729186 0.0734312 0.0000000 0.0741128 0.0794750 0.0794177 0.0772380 0.0733299 0.0777062 0.0752201 0.0602913 0.0519866 0.0759628 0.0600774 0.0591309 0.0644530 0.0684575 0.0653625 0.0581251 0.0456410 0.0603699 0.0566247 0.0702880 0.0521529 0.0461946 0.0721014 0.0738554 0.0820069 0.0735594 0.0698641 0.0705385 0.0687923 0.0703384 0.0618950 0.0676214 0.0449051 0.0735687 0.1196567 0.0710702 0.0754507 0.0661060 0.0590625 0.0419050 0.0583568 0.0433279 0.0438625 0.0583205 0.0468019 0.0545533 0.0734873 0.0612304 0.0555501 0.0464590 0.0706192 0.0654330 0.0536552 0.0482110 0.0591973 0.0544180 0.0771968 0.0556731 0.1197808 0.0904641 0.0812279 0.0724584 0.0495938 0.0508681 0.1163188 0.0447612 0.1078899 0.0665990 0.0624903 0.0532561 0.0699047 0.0684062 0.0257210 0.1065764 0.0659738 0.0701481 0.0462365 0.0604193 0.0595628 0.0602196 0.0798200 0.0530017 0.0764497 0.0704323 0.0830087 0.0715899 0.0629913 0.0717262 0.0528992 0.0317866 0.0632713 0.0609488 0.0609109 0.0222542 0.0636622 0.0563617 0.0105221 0.0099815 0.0737369 0.0634122 0.0450789 0.0799109 0.0569805 0.0634497 0.0538973 0.0582214 0.0226272 0.0463806 0.0647290 0.0751691 0.0710814 0.0601570 0.0674068 0.0589042 0.0488114 0.0576942 0.0618844 0.0476061 0.0425705 0.0838889 0.0390664 0.0431315 0.0591770 0.0489085 
S0293         0.2143563 0.0525319 0.0697227 0.0939805 0.0811121 0.0247706 0.0797408 0.0936730 0.0741128 0.0000000 0.0732006 0.0984341 0.0764055 0.0844795 0.0872309 0.0837215 0.0801065 0.0898323 0.0847788 0.0654028 0.0203716 0.0311947 0.0978998 0.0517169 0.0741193 0.0703563 0.0627959 0.0671338 0.0772902 0.0615013 0.0722136 0.0614611 0.0854979 0.0816428 0.0917082 0.0456688 0.0386213 0.0798814 0.0781403 0.0759529 0.0703212 0.0700381 0.0806437 0.1200364 0.0544679 0.0805275 0.0340119 0.0922572 0.0685451 0.0238913 0.0714023 0.0703014 0.0871877 0.0718133 0.0671942 0.0754294 0.0750814 0.0711448 0.0588166 0.0765319 0.0770781 0.0852945 0.0780875 0.0843845 0.0789028 0.0656412 0.0738282 0.1119697 0.0978560 0.0904314 0.0856817 0.0808158 0.0827330 0.1183273 0.0611294 0.1189804 0.0723161 0.0936845 0.0818729 0.0757115 0.0523835 0.0806508 0.1160158 0.0303807 0.0384015 0.0738920 0.0728587 0.0728519 0.0721590 0.0872250 0.0652790 0.0909762 0.0832850 0.0933200 0.0816680 0.0281658 0.0747812 0.0892321 0.0863810 0.0288893 0.0260118 0.0507486 0.0766760 0.0515229 0.0696006 0.0689862 0.0716626 0.0895758 0.0296790 0.0738553 0.1006687 0.0754680 0.0762280 0.0238879 0.0771859 0.0744807 0.0795492 0.0354612 0.0904882 0.0379298 0.0704694 0.0377228 0.0617610 0.0812805 0.0919389 0.0660857 0.0756983 0.0610740 0.1010626 0.0630006 0.0732247 0.0614199 0.0687547 
S0294         0.2131073 0.0627361 0.0784722 0.0911379 0.0844869 0.0657218 0.0896208 0.0877802 0.0794750 0.0732006 0.0000000 0.0928211 0.0980495 0.0886751 0.0902125 0.0901185 0.0713402 0.0904264 0.0929501 0.0694975 0.0615373 0.0628412 0.0760629 0.0692899 0.0716520 0.0702259 0.0700677 0.0735771 0.0849025 0.0705448 0.0771427 0.0761228 0.0938021 0.1029910 0.0884928 0.0674204 0.0677510 0.0796250 0.0914301 0.0742343 0.0685032 0.0727178 0.0889455 0.1291209 0.0689112 0.0909019 0.0633025 0.0929547 0.0668075 0.0582215 0.0704867 0.0703363 0.0928480 0.0735989 0.0727651 0.0793198 0.0749174 0.0718027 0.0662435 0.0814638 0.0803930 0.0889903 0.0813237 0.0907346 0.0832667 0.0337634 0.0772975 0.1284623 0.0954433 0.0892724 0.0833007 0.0835838 0.0850251 0.1208895 0.0757133 0.1153416 0.0818838 0.0915797 0.0904608 0.0774379 0.0675813 0.0818068 0.1170874 0.0645783 0.0736149 0.0814250 0.0672907 0.0723891 0.0737850 0.0934227 0.0718510 0.0929677 0.0849766 0.1015698 0.0883228 0.0593846 0.0766988 0.0879390 0.0844504 0.0606352 0.0619534 0.0602592 0.0810106 0.0645612 0.0710551 0.0746966 0.0774948 0.0883403 0.0651809 0.0710563 0.0958137 0.0794317 0.0744395 0.0550676 0.0807644 0.0818126 0.0827385 0.0646448 0.0868670 0.0649556 0.0732710 0.0625949 0.0621374 0.0809468 0.0942165 0.0721108 0.0772609 0.0651388 0.0995973 0.0649485 0.0749790 0.0722199 0.0704113 
S0299         0.2216813 0.0789499 0.0833049 0.0379957 0.0806891 0.0813156 0.0812338 0.0498424 0.0794177 0.0984341 0.0928211 0.0000000 0.0876453 0.0799349 0.0441646 0.0891964 0.0465411 0.0871955 0.0860607 0.0769437 0.0781534 0.0809479 0.0454892 0.0851276 0.0369110 0.0709184 0.0724553 0.0415269 0.0778607 0.0644422 0.0759904 0.0898981 0.0865964 0.0978881 0.0413553 0.0823008 0.0784090 0.0410539 0.0760399 0.0682067 0.0750191 0.0707766 0.0840035 0.1256911 0.0818304 0.0852090 0.0826856 0.0914496 0.0673877 0.0736769 0.0723753 0.0689468 0.0873368 0.0709642 0.0617971 0.0792711 0.0715139 0.0599818 0.0646329 0.0427338 0.0753499 0.0869896 0.0797494 0.0910798 0.0815799 0.0861997 0.0760890 0.1233365 0.0995072 0.0942088 0.0764772 0.0809244 0.0829494 0.1192554 0.0755934 0.1151532 0.0797649 0.0907284 0.0840041 0.0827277 0.0815679 0.0804903 0.1146341 0.0849471 0.0856668 0.0751807 0.0374061 0.0677366 0.0684606 0.0907716 0.0614134 0.0348336 0.0833549 0.0921299 0.0826436 0.0785364 0.0774002 0.0782106 0.0937316 0.0791298 0.0785308 0.0764576 0.0803338 0.0799834 0.0656723 0.0726219 0.0754761 0.0414641 0.0793223 0.0710578 0.0456014 0.0769023 0.0696822 0.0724382 0.0782494 0.0759577 0.0739297 0.0813299 0.0360696 0.0859739 0.0666539 0.0821401 0.0682252 0.0783714 0.0866364 0.0715266 0.0774877 0.0662966 0.0968919 0.0655583 0.0677461 0.0759076 0.0656411 
S0303         0.2266843 0.0716854 0.0749286 0.0821474 0.0774101 0.0756486 0.0047003 0.0845337 0.0772380 0.0764055 0.0980495 0.0876453 0.0000000 0.0380573 0.0916751 0.0108546 0.0751488 0.0906754 0.0070765 0.0659580 0.0715467 0.0750478 0.0864433 0.0780016 0.0709456 0.0717411 0.0749637 0.0677688 0.0074260 0.0731179 0.0755738 0.0804695 0.0512771 0.0127912 0.0923693 0.0859741 0.0799805 0.0778074 0.0656732 0.0685706 0.0769678 0.0665200 0.0094705 0.1130538 0.0799002 0.0101629 0.0767527 0.0837597 0.0689964 0.0724374 0.0681839 0.0708896 0.0814568 0.0656750 0.0608694 0.0456163 0.0646602 0.0615421 0.0671650 0.0779571 0.0287516 0.0839384 0.0786748 0.0880004 0.0814337 0.0891998 0.0763254 0.1160642 0.0909202 0.0531500 0.0526530 0.0797914 0.0808045 0.1099022 0.0668851 0.1037144 0.0736831 0.0943900 0.0889542 0.0429621 0.0743776 0.0768487 0.1036609 0.0756477 0.0842803 0.0728368 0.0696686 0.0645024 0.0634462 0.0101671 0.0630178 0.0865736 0.0478247 0.0118629 0.0067472 0.0715474 0.0428239 0.0824982 0.0834183 0.0738723 0.0699459 0.0724697 0.0827563 0.0666090 0.0638891 0.0703965 0.0764562 0.0901548 0.0747510 0.0710779 0.0927462 0.0761972 0.0703190 0.0673376 0.0772302 0.0813319 0.0772874 0.0773133 0.0899053 0.0754594 0.0623360 0.0807015 0.0688683 0.0811698 0.0946385 0.0669223 0.0762282 0.0699483 0.0926614 0.0655885 0.0679229 0.0703363 0.0723447 
S0308         0.2106461 0.0717564 0.0745517 0.0798042 0.0730709 0.0767670 0.0402231 0.0807636 0.0733299 0.0844795 0.0886751 0.0799349 0.0380573 0.0000000 0.0835425 0.0421593 0.0692434 0.0815839 0.0384649 0.0652768 0.0725080 0.0738967 0.0769243 0.0791839 0.0679596 0.0640440 0.0717058 0.0667340 0.0405481 0.0642978 0.0741130 0.0824578 0.0514962 0.0413765 0.0843133 0.0814534 0.0770320 0.0753357 0.0846852 0.0703390 0.0725800 0.0624735 0.0408330 0.1139023 0.0767475 0.0406644 0.0782207 0.0858449 0.0619304 0.0682705 0.0641639 0.0634374 0.0832396 0.0640099 0.0652836 0.0440232 0.0669597 0.0638395 0.0616931 0.0819142 0.0352973 0.0823492 0.0760918 0.0865978 0.0799243 0.0824389 0.0707630 0.1209297 0.0921150 0.0528062 0.0468664 0.0776253 0.0790313 0.1102066 0.0658917 0.1011386 0.0766066 0.0901789 0.0818663 0.0421653 0.0742801 0.0785278 0.1027056 0.0769718 0.0848481 0.0738398 0.0696434 0.0658782 0.0665475 0.0469818 0.0660376 0.0817393 0.0486932 0.0487134 0.0414317 0.0724397 0.0420636 0.0768876 0.0861152 0.0741412 0.0716108 0.0693150 0.0770471 0.0686208 0.0645106 0.0686849 0.0727272 0.0795357 0.0768772 0.0653917 0.0927791 0.0700636 0.0704373 0.0664571 0.0714425 0.0753148 0.0749201 0.0761850 0.0821777 0.0780801 0.0672515 0.0755471 0.0696007 0.0765143 0.0853852 0.0656412 0.0741686 0.0638482 0.0924523 0.0639963 0.0687899 0.0692169 0.0663906 
S0320         0.2114153 0.0769146 0.0836285 0.0476026 0.0769001 0.0766238 0.0840059 0.0419243 0.0777062 0.0872309 0.0902125 0.0441646 0.0916751 0.0835425 0.0000000 0.0905000 0.0461158 0.0832379 0.0906260 0.0751793 0.0729500 0.0750929 0.0363724 0.0813524 0.0368595 0.0698983 0.0729128 0.0426115 0.0807033 0.0596401 0.0790414 0.0878398 0.0881064 0.1042148 0.0493250 0.0805924 0.0799139 0.0444421 0.0770296 0.0667163 0.0742615 0.0717508 0.0858640 0.1250975 0.0807906 0.0888005 0.0733187 0.0974503 0.0651852 0.0680696 0.0706341 0.0665614 0.0881246 0.0732332 0.0602595 0.0843099 0.0679989 0.0599961 0.0625583 0.0333105 0.0763505 0.0893919 0.0806647 0.0905947 0.0865106 0.0860099 0.0761572 0.1227328 0.1005240 0.0926929 0.0806411 0.0811713 0.0826562 0.1210856 0.0729949 0.1172449 0.0773498 0.0937597 0.0826920 0.0800735 0.0761589 0.0795659 0.1180434 0.0786664 0.0801765 0.0768478 0.0348124 0.0642866 0.0656368 0.0934199 0.0599698 0.0425558 0.0833827 0.0949107 0.0853963 0.0728277 0.0803681 0.0826888 0.0917395 0.0725303 0.0707501 0.0742934 0.0771371 0.0756601 0.0640601 0.0723724 0.0751680 0.0320511 0.0728754 0.0705872 0.0410016 0.0782704 0.0661962 0.0674522 0.0782686 0.0753465 0.0757001 0.0760796 0.0439076 0.0804869 0.0645030 0.0781424 0.0681399 0.0779166 0.0799660 0.0692888 0.0777315 0.0653912 0.0952134 0.0653556 0.0688347 0.0758118 0.0653943 
S0322         0.2085483 0.0743883 0.0739744 0.0826498 0.0723113 0.0748337 0.0132799 0.0855125 0.0752201 0.0837215 0.0901185 0.0891964 0.0108546 0.0421593 0.0905000 0.0000000 0.0763072 0.0829217 0.0109352 0.0685849 0.0731064 0.0751989 0.0861304 0.0820820 0.0703569 0.0685232 0.0758107 0.0706884 0.0117060 0.0708313 0.0748088 0.0820249 0.0571257 0.0113495 0.0889119 0.0807272 0.0799309 0.0792314 0.0837274 0.0728604 0.0744859 0.0656390 0.0089767 0.1103770 0.0816635 0.0121836 0.0776001 0.0823757 0.0651009 0.0722757 0.0617809 0.0679085 0.0844858 0.0643882 0.0676228 0.0477294 0.0644572 0.0649516 0.0656233 0.0821284 0.0289546 0.0765070 0.0787984 0.0852569 0.0821082 0.0845576 0.0766460 0.1134683 0.0910684 0.0555449 0.0524058 0.0789894 0.0796875 0.1117081 0.0671711 0.1014065 0.0720399 0.0925382 0.0850280 0.0499807 0.0775934 0.0779266 0.1021435 0.0763517 0.0821828 0.0753512 0.0720396 0.0676040 0.0633960 0.0094724 0.0693215 0.0842635 0.0525790 0.0157204 0.0138310 0.0730252 0.0463914 0.0844230 0.0811160 0.0728802 0.0716385 0.0719582 0.0809358 0.0710473 0.0675911 0.0706111 0.0759215 0.0858972 0.0747653 0.0673248 0.0961286 0.0772415 0.0728682 0.0677988 0.0787562 0.0778715 0.0762143 0.0762233 0.0878155 0.0754582 0.0708239 0.0801574 0.0695931 0.0782991 0.0885533 0.0682172 0.0768292 0.0670655 0.0936647 0.0664030 0.0693307 0.0740911 0.0695588 
S0327         0.2020345 0.0619625 0.0615656 0.0499431 0.0630550 0.0662395 0.0701419 0.0448826 0.0602913 0.0801065 0.0713402 0.0465411 0.0751488 0.0692434 0.0461158 0.0763072 0.0000000 0.0739800 0.0721653 0.0645264 0.0627324 0.0660456 0.0466664 0.0719203 0.0313797 0.0542852 0.0619064 0.0343719 0.0675143 0.0483112 0.0626626 0.0785233 0.0740825 0.0817017 0.0478819 0.0687947 0.0710673 0.0365992 0.0655839 0.0566490 0.0614425 0.0534041 0.0701833 0.1124597 0.0734024 0.0747257 0.0682939 0.0759126 0.0498342 0.0587376 0.0531547 0.0524654 0.0713318 0.0541803 0.0476277 0.0685600 0.0578353 0.0485800 0.0511210 0.0404420 0.0640832 0.0724656 0.0638714 0.0749896 0.0679334 0.0690197 0.0589309 0.1153092 0.0825137 0.0782170 0.0705856 0.0654237 0.0674462 0.1061586 0.0577772 0.1031401 0.0622340 0.0763262 0.0728231 0.0657376 0.0662277 0.0629410 0.1046854 0.0684241 0.0735412 0.0593778 0.0301057 0.0543253 0.0555764 0.0790810 0.0473449 0.0467300 0.0713992 0.0828730 0.0714689 0.0638315 0.0654486 0.0669553 0.0747542 0.0656793 0.0631745 0.0594335 0.0641333 0.0569806 0.0518141 0.0552366 0.0559575 0.0465103 0.0657965 0.0531190 0.0503406 0.0609172 0.0573785 0.0562134 0.0621743 0.0601854 0.0634179 0.0670508 0.0467932 0.0673902 0.0529670 0.0677162 0.0580653 0.0623776 0.0727298 0.0578885 0.0621111 0.0491602 0.0846506 0.0487499 0.0574912 0.0626871 0.0511508 
S0335         0.2134816 0.0746257 0.0624743 0.0862356 0.0704406 0.0758905 0.0812483 0.0842912 0.0519866 0.0898323 0.0904264 0.0871955 0.0906754 0.0815839 0.0832379 0.0829217 0.0739800 0.0000000 0.0856527 0.0737133 0.0715368 0.0744465 0.0782213 0.0830609 0.0673125 0.0518000 0.0735583 0.0822578 0.0799403 0.0648815 0.0537739 0.0849560 0.0832766 0.0943277 0.0869974 0.0798260 0.0817048 0.0804259 0.0819597 0.0719535 0.0769210 0.0553149 0.0805888 0.1252746 0.0802925 0.0825068 0.0741927 0.0707939 0.0510123 0.0714924 0.0543458 0.0530559 0.0728661 0.0567878 0.0642482 0.0811481 0.0733112 0.0678687 0.0564636 0.0895883 0.0704250 0.0632671 0.0609127 0.0643703 0.0647132 0.0853329 0.0652499 0.1268321 0.0998861 0.0911126 0.0764435 0.0622098 0.0629200 0.1226018 0.0539781 0.1156577 0.0664083 0.0725078 0.0427596 0.0786106 0.0768056 0.0528657 0.1151407 0.0795146 0.0801297 0.0518754 0.0682166 0.0709031 0.0721963 0.0869346 0.0638357 0.0834536 0.0798337 0.0937249 0.0793305 0.0749187 0.0771565 0.0484882 0.0726029 0.0759876 0.0714827 0.0701459 0.0489676 0.0736217 0.0687458 0.0446877 0.0483068 0.0842245 0.0702126 0.0548945 0.0898815 0.0660022 0.0755458 0.0668328 0.0672751 0.0532874 0.0338387 0.0742623 0.0870883 0.0839969 0.0679075 0.0800914 0.0713223 0.0433447 0.0273236 0.0725651 0.0590341 0.0539028 0.0962353 0.0476015 0.0312323 0.0723667 0.0564788 
S0355         0.2223579 0.0734017 0.0718385 0.0783138 0.0764412 0.0762702 0.0090524 0.0843173 0.0759628 0.0847788 0.0929501 0.0860607 0.0070765 0.0384649 0.0906260 0.0109352 0.0721653 0.0856527 0.0000000 0.0651457 0.0734821 0.0742510 0.0745871 0.0830680 0.0676809 0.0688951 0.0774017 0.0695648 0.0109959 0.0685771 0.0754488 0.0814708 0.0503609 0.0102339 0.0898808 0.0831031 0.0730205 0.0776560 0.0756464 0.0696121 0.0729646 0.0650931 0.0078276 0.1048654 0.0834775 0.0078170 0.0764439 0.0841311 0.0650315 0.0725033 0.0690873 0.0644249 0.0834085 0.0636241 0.0615187 0.0468115 0.0700281 0.0605303 0.0642869 0.0828239 0.0248184 0.0813907 0.0808295 0.0875810 0.0831108 0.0812005 0.0784036 0.1173083 0.0876939 0.0595360 0.0457010 0.0795381 0.0793718 0.1039022 0.0713283 0.0956185 0.0801685 0.0949979 0.0866012 0.0479481 0.0770466 0.0750031 0.0948840 0.0765511 0.0839947 0.0728435 0.0718352 0.0666460 0.0697306 0.0115517 0.0641751 0.0824789 0.0508127 0.0193147 0.0102926 0.0719653 0.0457265 0.0845972 0.0832672 0.0709838 0.0703989 0.0706289 0.0787596 0.0651924 0.0628122 0.0692115 0.0745245 0.0901550 0.0761744 0.0668003 0.0803912 0.0775830 0.0703702 0.0672796 0.0793163 0.0743658 0.0755566 0.0755232 0.0864619 0.0744970 0.0651715 0.0816637 0.0665263 0.0803599 0.0906877 0.0695603 0.0755464 0.0635661 0.0896572 0.0651777 0.0671335 0.0730247 0.0659080 
S0376         0.2025346 0.0531334 0.0669194 0.0774627 0.0680318 0.0547091 0.0656547 0.0758733 0.0600774 0.0654028 0.0694975 0.0769437 0.0659580 0.0652768 0.0751793 0.0685849 0.0645264 0.0737133 0.0651457 0.0000000 0.0513604 0.0553052 0.0706362 0.0584358 0.0604685 0.0573008 0.0310406 0.0584439 0.0668106 0.0563428 0.0624799 0.0590311 0.0665246 0.0711137 0.0734138 0.0606054 0.0513896 0.0707373 0.0669830 0.0603947 0.0591738 0.0590865 0.0656513 0.1097638 0.0606514 0.0688456 0.0556842 0.0717427 0.0558247 0.0519005 0.0555323 0.0573536 0.0764616 0.0578560 0.0551440 0.0639726 0.0629415 0.0557355 0.0539322 0.0642190 0.0588218 0.0692003 0.0666687 0.0770893 0.0678680 0.0617920 0.0653461 0.1142499 0.0849508 0.0708234 0.0664026 0.0674477 0.0688090 0.1086870 0.0569154 0.1024952 0.0618512 0.0795441 0.0664432 0.0604690 0.0542850 0.0635154 0.1035661 0.0576672 0.0613027 0.0586354 0.0621984 0.0612499 0.0613156 0.0725982 0.0542419 0.0742912 0.0623934 0.0754516 0.0663300 0.0538777 0.0614567 0.0700095 0.0680239 0.0562203 0.0486704 0.0498075 0.0635609 0.0514681 0.0597977 0.0569095 0.0575069 0.0710308 0.0542922 0.0580062 0.0729744 0.0674331 0.0639070 0.0468726 0.0654648 0.0587228 0.0596779 0.0531450 0.0753253 0.0585755 0.0610876 0.0595417 0.0505391 0.0616544 0.0717951 0.0603885 0.0647954 0.0511104 0.0825615 0.0541279 0.0562216 0.0334329 0.0552433 
S0400         0.1971280 0.0408000 0.0605298 0.0793395 0.0669171 0.0116945 0.0708232 0.0750770 0.0591309 0.0203716 0.0615373 0.0781534 0.0715467 0.0725080 0.0729500 0.0731064 0.0627324 0.0715368 0.0734821 0.0513604 0.0000000 0.0171677 0.0695833 0.0420291 0.0568691 0.0580776 0.0517263 0.0551652 0.0679895 0.0534609 0.0633987 0.0477397 0.0725458 0.0759562 0.0729316 0.0308152 0.0252111 0.0641784 0.0735809 0.0591587 0.0543342 0.0579672 0.0714691 0.1095292 0.0434015 0.0714492 0.0220673 0.0798100 0.0542424 0.0121885 0.0582898 0.0555573 0.0756218 0.0587039 0.0544404 0.0605830 0.0577644 0.0573037 0.0493666 0.0662548 0.0647212 0.0741187 0.0674491 0.0769277 0.0712876 0.0497382 0.0615490 0.1079049 0.0879814 0.0733297 0.0705058 0.0676828 0.0690442 0.1068819 0.0562164 0.1011067 0.0662266 0.0792999 0.0689765 0.0623815 0.0414195 0.0637606 0.1027148 0.0203498 0.0293746 0.0609751 0.0578871 0.0548949 0.0561981 0.0757552 0.0510754 0.0737734 0.0680263 0.0829545 0.0714713 0.0171198 0.0600906 0.0712267 0.0679345 0.0187244 0.0143265 0.0388475 0.0616912 0.0377351 0.0556382 0.0546648 0.0554262 0.0712375 0.0215577 0.0588369 0.0807159 0.0628877 0.0599222 0.0100143 0.0641524 0.0607973 0.0631024 0.0220878 0.0726071 0.0267269 0.0575412 0.0248960 0.0478519 0.0639134 0.0743135 0.0510229 0.0642458 0.0492129 0.0849338 0.0525516 0.0583436 0.0536989 0.0525194 
S0405         0.1994045 0.0414214 0.0615668 0.0802396 0.0690618 0.0205926 0.0722884 0.0766556 0.0644530 0.0311947 0.0628412 0.0809479 0.0750478 0.0738967 0.0750929 0.0751989 0.0660456 0.0744465 0.0742510 0.0553052 0.0171677 0.0000000 0.0705563 0.0439240 0.0601769 0.0600725 0.0556086 0.0608148 0.0715543 0.0566852 0.0667873 0.0490459 0.0747332 0.0813649 0.0773407 0.0331817 0.0229394 0.0676589 0.0777382 0.0617955 0.0550228 0.0605452 0.0735861 0.1097698 0.0447082 0.0741721 0.0237797 0.0828421 0.0568604 0.0160586 0.0609595 0.0581915 0.0812309 0.0626209 0.0582676 0.0647917 0.0597641 0.0599268 0.0537506 0.0682124 0.0661095 0.0782542 0.0715072 0.0797915 0.0753907 0.0520214 0.0642073 0.1109741 0.0923261 0.0789552 0.0721366 0.0723675 0.0737511 0.1086827 0.0607086 0.1028195 0.0747310 0.0828549 0.0730471 0.0664095 0.0432539 0.0672417 0.1036467 0.0243840 0.0329253 0.0643074 0.0605300 0.0568636 0.0588178 0.0777768 0.0548430 0.0758617 0.0694591 0.0852595 0.0742765 0.0149604 0.0635589 0.0747210 0.0700810 0.0226825 0.0138404 0.0400902 0.0657111 0.0383252 0.0569854 0.0592416 0.0612876 0.0746599 0.0238306 0.0608972 0.0815104 0.0662345 0.0625715 0.0154558 0.0675126 0.0673694 0.0651919 0.0237738 0.0747896 0.0279129 0.0595249 0.0271953 0.0478571 0.0679463 0.0779253 0.0535889 0.0676601 0.0536331 0.0909369 0.0557494 0.0616099 0.0562633 0.0569199 
S0407sl       0.2068915 0.0741338 0.0751812 0.0453598 0.0824767 0.0748796 0.0758395 0.0371115 0.0684575 0.0978998 0.0760629 0.0454892 0.0864433 0.0769243 0.0363724 0.0861304 0.0466664 0.0782213 0.0745871 0.0706362 0.0695833 0.0705563 0.0000000 0.0766124 0.0290092 0.0668874 0.0733797 0.0338641 0.0737975 0.0609761 0.0691872 0.0895316 0.0793318 0.0903311 0.0456165 0.0775778 0.0664015 0.0408523 0.0760186 0.0597026 0.0670576 0.0707771 0.0756182 0.1139142 0.0793519 0.0777200 0.0743408 0.0775665 0.0611764 0.0663579 0.0671883 0.0586079 0.0786624 0.0728317 0.0578186 0.0753112 0.0660286 0.0554780 0.0596557 0.0305733 0.0698605 0.0778813 0.0742505 0.0858302 0.0754992 0.0812675 0.0780118 0.1238289 0.0869479 0.0895969 0.0652038 0.0727471 0.0738006 0.1164080 0.0721175 0.1065614 0.0634814 0.0804505 0.0705419 0.0767482 0.0706767 0.0726068 0.1066157 0.0710567 0.0770058 0.0653714 0.0312578 0.0626960 0.0628526 0.0830307 0.0548774 0.0451499 0.0811031 0.0870623 0.0738559 0.0723631 0.0716233 0.0730444 0.0726068 0.0634229 0.0682735 0.0634550 0.0695480 0.0703146 0.0654140 0.0618984 0.0656509 0.0433554 0.0761646 0.0689800 0.0219893 0.0771154 0.0627289 0.0607581 0.0801360 0.0671750 0.0622106 0.0713612 0.0489892 0.0775049 0.0576247 0.0782172 0.0614808 0.0658244 0.0788178 0.0682703 0.0628223 0.0550065 0.0876269 0.0561373 0.0554134 0.0754726 0.0608381 
S0412sl       0.2141369 0.0481809 0.0711539 0.0871185 0.0769566 0.0452324 0.0784405 0.0778866 0.0653625 0.0517169 0.0692899 0.0851276 0.0780016 0.0791839 0.0813524 0.0820820 0.0719203 0.0830609 0.0830680 0.0584358 0.0420291 0.0439240 0.0766124 0.0000000 0.0626891 0.0676906 0.0569577 0.0643830 0.0744026 0.0625881 0.0719639 0.0508306 0.0811735 0.0818469 0.0812161 0.0507620 0.0503670 0.0723311 0.0833848 0.0639157 0.0588789 0.0682172 0.0803608 0.1143018 0.0444908 0.0809528 0.0461031 0.0859323 0.0637325 0.0383547 0.0679409 0.0665224 0.0846436 0.0702952 0.0634540 0.0740737 0.0663809 0.0652495 0.0594572 0.0689685 0.0739059 0.0823247 0.0773727 0.0858060 0.0806446 0.0604703 0.0706524 0.1118905 0.0942378 0.0872138 0.0798662 0.0750197 0.0763643 0.1147903 0.0659040 0.1085309 0.0702755 0.0896405 0.0795103 0.0762409 0.0495034 0.0682932 0.1086846 0.0485507 0.0502943 0.0713861 0.0638147 0.0646603 0.0654908 0.0848065 0.0624532 0.0800474 0.0726073 0.0924450 0.0804221 0.0431741 0.0729454 0.0811652 0.0752988 0.0460405 0.0418982 0.0461167 0.0684362 0.0461135 0.0626021 0.0603864 0.0616137 0.0786091 0.0406830 0.0684925 0.0887047 0.0727231 0.0693215 0.0353756 0.0727220 0.0673718 0.0716041 0.0448506 0.0806682 0.0524810 0.0685148 0.0455468 0.0572031 0.0742676 0.0846692 0.0619925 0.0714285 0.0593945 0.0912236 0.0607645 0.0679273 0.0601467 0.0620612 
S0417         0.1968323 0.0586935 0.0636337 0.0374755 0.0629724 0.0590533 0.0629952 0.0368944 0.0581251 0.0741193 0.0716520 0.0369110 0.0709456 0.0679596 0.0368595 0.0703569 0.0313797 0.0673125 0.0676809 0.0604685 0.0568691 0.0601769 0.0290092 0.0626891 0.0000000 0.0516002 0.0579451 0.0220166 0.0596337 0.0431526 0.0548592 0.0708640 0.0688172 0.0809402 0.0407932 0.0621672 0.0655616 0.0339341 0.0621368 0.0501628 0.0574522 0.0508449 0.0655765 0.1026296 0.0626125 0.0675245 0.0611847 0.0670853 0.0477647 0.0560807 0.0510800 0.0491692 0.0647642 0.0521867 0.0443182 0.0652840 0.0494099 0.0445389 0.0470926 0.0281604 0.0607862 0.0632680 0.0580743 0.0683361 0.0607595 0.0666922 0.0581089 0.0989339 0.0788788 0.0741341 0.0679068 0.0595855 0.0596492 0.0966259 0.0546673 0.0936195 0.0555663 0.0702511 0.0648269 0.0636871 0.0590554 0.0597004 0.0944830 0.0625166 0.0675943 0.0560416 0.0194630 0.0472172 0.0478497 0.0730990 0.0428560 0.0350384 0.0667620 0.0753987 0.0630356 0.0579476 0.0633591 0.0635470 0.0698686 0.0566811 0.0579815 0.0535482 0.0600115 0.0579769 0.0467060 0.0530730 0.0556899 0.0360181 0.0605794 0.0516704 0.0393375 0.0588421 0.0508729 0.0510740 0.0601010 0.0592777 0.0531465 0.0612415 0.0373395 0.0672477 0.0477223 0.0624884 0.0540328 0.0570493 0.0654449 0.0508056 0.0544075 0.0457879 0.0757497 0.0442578 0.0504295 0.0613119 0.0472210 
S0419         0.1961020 0.0574763 0.0156878 0.0742397 0.0351616 0.0615302 0.0662918 0.0686374 0.0456410 0.0703563 0.0702259 0.0709184 0.0717411 0.0640440 0.0698983 0.0685232 0.0542852 0.0518000 0.0688951 0.0573008 0.0580776 0.0600725 0.0668874 0.0676906 0.0516002 0.0000000 0.0574580 0.0521480 0.0642956 0.0440821 0.0430026 0.0723992 0.0654630 0.0761729 0.0719817 0.0668052 0.0668134 0.0648290 0.0673043 0.0553244 0.0639985 0.0198850 0.0656639 0.1074706 0.0661168 0.0675109 0.0623740 0.0572541 0.0078522 0.0542023 0.0105622 0.0100123 0.0556495 0.0221456 0.0494508 0.0622658 0.0558968 0.0528574 0.0413486 0.0702625 0.0571392 0.0502502 0.0467900 0.0540031 0.0505126 0.0737921 0.0319534 0.1033604 0.0789974 0.0682058 0.0652738 0.0481572 0.0482166 0.1028456 0.0103392 0.0963791 0.0562293 0.0578060 0.0556873 0.0587004 0.0616925 0.0476678 0.0986255 0.0630515 0.0693194 0.0478158 0.0551108 0.0518145 0.0549693 0.0730370 0.0515794 0.0701042 0.0620994 0.0787016 0.0650676 0.0593092 0.0616351 0.0558547 0.0587098 0.0616151 0.0571660 0.0548689 0.0449348 0.0556295 0.0518548 0.0396310 0.0438517 0.0707137 0.0598836 0.0116282 0.0788079 0.0325864 0.0562478 0.0516777 0.0337413 0.0461656 0.0475506 0.0630249 0.0715658 0.0652786 0.0537334 0.0629879 0.0554686 0.0524624 0.0543652 0.0553810 0.0438251 0.0358488 0.0783889 0.0289815 0.0424938 0.0556886 0.0408797 
S0427         0.2016453 0.0547749 0.0687856 0.0730301 0.0688213 0.0550217 0.0720264 0.0705932 0.0603699 0.0627959 0.0700677 0.0724553 0.0749637 0.0717058 0.0729128 0.0758107 0.0619064 0.0735583 0.0774017 0.0310406 0.0517263 0.0556086 0.0733797 0.0569577 0.0579451 0.0574580 0.0000000 0.0595486 0.0706339 0.0565962 0.0624673 0.0627840 0.0725222 0.0816603 0.0705744 0.0575681 0.0615313 0.0686189 0.0749538 0.0617032 0.0592386 0.0579092 0.0734820 0.1148591 0.0589024 0.0760332 0.0585076 0.0780776 0.0547656 0.0521269 0.0569731 0.0574787 0.0746200 0.0566369 0.0580070 0.0672646 0.0629710 0.0579909 0.0560583 0.0672761 0.0659629 0.0724763 0.0643037 0.0753788 0.0696040 0.0613531 0.0640677 0.1125840 0.0848358 0.0761924 0.0715323 0.0658447 0.0686534 0.1092067 0.0584226 0.1047170 0.0703217 0.0790383 0.0695855 0.0643349 0.0536691 0.0658252 0.1056308 0.0592247 0.0628993 0.0632130 0.0577709 0.0600388 0.0613796 0.0798289 0.0558231 0.0728456 0.0705325 0.0850248 0.0720723 0.0554429 0.0655381 0.0705096 0.0734265 0.0565446 0.0497513 0.0516253 0.0640087 0.0521969 0.0593931 0.0576931 0.0570560 0.0704207 0.0547484 0.0581521 0.0818882 0.0661087 0.0645492 0.0485154 0.0648216 0.0613743 0.0635133 0.0535865 0.0682193 0.0574086 0.0630935 0.0578710 0.0504099 0.0635562 0.0751103 0.0604343 0.0628142 0.0532195 0.0883059 0.0515904 0.0588259 0.0322067 0.0535873 
S0428sl       0.2211660 0.0609675 0.0518556 0.0413438 0.0654313 0.0629166 0.0677279 0.0386962 0.0566247 0.0671338 0.0735771 0.0415269 0.0677688 0.0667340 0.0426115 0.0706884 0.0343719 0.0822578 0.0695648 0.0584439 0.0551652 0.0608148 0.0338641 0.0643830 0.0220166 0.0521480 0.0595486 0.0000000 0.0635719 0.0482558 0.0562771 0.0768855 0.0693125 0.0721181 0.0433635 0.0625305 0.0550638 0.0332287 0.0528738 0.0527438 0.0590131 0.0591683 0.0676120 0.1153370 0.0710192 0.0677334 0.0609218 0.0654289 0.0477091 0.0509619 0.0477738 0.0438217 0.0568110 0.0621934 0.0441936 0.0621450 0.0502535 0.0488048 0.0492069 0.0281581 0.0588604 0.0585619 0.0578686 0.0748393 0.0596774 0.0886120 0.0639248 0.1120242 0.0668928 0.0615087 0.0597551 0.0538557 0.0569759 0.1119034 0.0439818 0.1107210 0.0416616 0.0701702 0.0660239 0.0601183 0.0671654 0.0609355 0.1065579 0.0649388 0.0635926 0.0487480 0.0230453 0.0558752 0.0472557 0.0662275 0.0466643 0.0453293 0.0688779 0.0720876 0.0662214 0.0509063 0.0623740 0.0654551 0.0566975 0.0576504 0.0564332 0.0514356 0.0624649 0.0612341 0.0482339 0.0481856 0.0510530 0.0482748 0.0610945 0.0578620 0.0305817 0.0625076 0.0543715 0.0480183 0.0655172 0.0606830 0.0559953 0.0537959 0.0467793 0.0684585 0.0481050 0.0552602 0.0452541 0.0613337 0.0730083 0.0584427 0.0483533 0.0466084 0.0854089 0.0453268 0.0499545 0.0627459 0.0511549 
S0430         0.2004883 0.0687781 0.0740176 0.0723193 0.0694030 0.0711349 0.0068447 0.0745267 0.0702880 0.0772902 0.0849025 0.0778607 0.0074260 0.0405481 0.0807033 0.0117060 0.0675143 0.0799403 0.0109959 0.0668106 0.0679895 0.0715543 0.0737975 0.0744026 0.0596337 0.0642956 0.0706339 0.0635719 0.0000000 0.0660089 0.0684776 0.0756052 0.0542461 0.0150089 0.0802641 0.0797982 0.0762414 0.0676457 0.0773092 0.0645809 0.0702910 0.0601952 0.0117068 0.1071036 0.0750974 0.0116907 0.0719806 0.0822875 0.0609105 0.0686194 0.0622915 0.0636833 0.0757133 0.0589562 0.0602983 0.0441419 0.0616305 0.0588984 0.0614354 0.0750388 0.0273596 0.0763567 0.0710187 0.0795318 0.0763935 0.0767495 0.0684542 0.1083173 0.0878909 0.0552088 0.0495616 0.0726390 0.0726694 0.1077743 0.0657160 0.0975110 0.0689917 0.0851341 0.0799824 0.0464571 0.0717636 0.0722268 0.0982696 0.0713679 0.0771492 0.0697173 0.0613855 0.0594302 0.0599907 0.0138862 0.0619943 0.0763923 0.0484407 0.0124748 0.0068492 0.0680761 0.0434821 0.0789519 0.0819210 0.0679420 0.0672145 0.0675710 0.0753188 0.0687197 0.0621588 0.0650809 0.0703304 0.0782087 0.0698125 0.0631001 0.0859647 0.0690463 0.0659525 0.0641697 0.0705180 0.0736097 0.0711334 0.0712914 0.0780688 0.0724470 0.0645917 0.0738454 0.0659996 0.0747524 0.0821629 0.0612979 0.0685938 0.0615484 0.0856962 0.0609538 0.0651667 0.0704142 0.0641596 
