134
PAFTOL_019361 0.0000000 0.1403841 0.1099244 0.1681878 0.1431144 0.1292055 0.1420462 0.1509953 0.1325254 0.1303449 0.1162115 0.1624529 0.1482734 0.1609310 0.1533686 0.1430881 0.1714002 0.1321537 0.1382853 0.1460672 0.1445252 0.1284680 0.1293159 0.1425174 0.1449576 0.1362367 0.1299078 0.1532593 0.1352497 0.1412770 0.1500176 0.1393078 0.1457099 0.1527823 0.1542296 0.1398562 0.1307030 0.1662893 0.1501294 0.1580340 0.1333053 0.1753599 0.1380668 0.1403443 0.1621146 0.1629846 0.1412770 0.1336010 0.1261091 0.1417611 0.1298130 0.1327555 0.1256132 0.1250581 0.1332848 0.1388240 0.1497359 0.1347164 0.1527588 0.1420909 0.1221729 0.1407922 0.1316226 0.1555743 0.1424250 0.1414863 0.1392405 0.1363672 0.1762777 0.1223737 0.1499691 0.1563834 0.1423676 0.1347717 0.1545744 0.1278563 0.1597638 0.1573153 0.1476409 0.1362210 0.1521981 0.1509277 0.1354567 0.1579405 0.1335750 0.1419835 0.1386641 0.1438468 0.1507391 0.1510472 0.1415729 0.1444019 0.1641297 0.1495882 0.1462291 0.1417541 0.1289084 0.1444489 0.1406650 0.1292929 0.1343358 0.1212833 0.1374065 0.1489221 0.1429047 0.1454168 0.1404195 0.1376067 0.1650906 0.1373356 0.1282635 0.1591253 0.1383075 0.1482832 0.1333470 0.1271963 0.1418385 0.1314570 0.1344011 0.1402128 0.1312187 0.1445713 0.1259614 0.1328126 0.1668801 0.1348337 0.1504679 0.1373019 0.1245240 0.0988462 0.1214054 0.1267449 0.1443225 0.1310716 
S0055         0.1403841 0.0000000 0.0608628 0.0977599 0.0838089 0.0326004 0.0752983 0.0816057 0.0795459 0.0390793 0.0343291 0.0869345 0.0718546 0.0832861 0.0857443 0.0730149 0.0815872 0.0766041 0.0775027 0.0774724 0.0759598 0.0316347 0.0351995 0.0914448 0.0614398 0.1038066 0.0551902 0.0718221 0.0821020 0.0776838 0.0831587 0.0658669 0.0615677 0.0894188 0.0770844 0.0439087 0.0294153 0.0821008 0.0669681 0.0768144 0.0425326 0.0472537 0.0687363 0.0733962 0.0903324 0.0599427 0.0755474 0.0818149 0.0326174 0.0698377 0.0570152 0.0367756 0.0550884 0.0564445 0.0811686 0.0689599 0.0792474 0.0622997 0.0732084 0.0699014 0.0593723 0.0595472 0.0671894 0.0783747 0.0679036 0.0712820 0.0402148 0.0768201 0.1466032 0.0660247 0.0774319 0.0920155 0.0829933 0.0777000 0.0879778 0.0571477 0.0969656 0.0750771 0.0801333 0.0732797 0.0784009 0.0533312 0.0842913 0.0951892 0.0360544 0.0430617 0.0659648 0.0773373 0.0708945 0.0710053 0.0734823 0.0707015 0.0960615 0.0831975 0.0756179 0.0829647 0.0334416 0.0685312 0.0849678 0.0769225 0.0195878 0.0310262 0.0272551 0.0884885 0.0423690 0.0773325 0.0786180 0.0814466 0.0894403 0.0386425 0.0571234 0.0898434 0.0768445 0.0760291 0.0327671 0.0782268 0.0816818 0.0684724 0.0395911 0.0889320 0.0368406 0.0953638 0.0310611 0.0413504 0.0929338 0.0759349 0.0781832 0.0664428 0.0610970 0.0515676 0.0606472 0.0614820 0.0665259 0.0657153 
S0196sl       0.1099244 0.0608628 0.0000000 0.0843868 0.0419061 0.0478487 0.0775537 0.0676341 0.0537143 0.0518493 0.0410701 0.0733007 0.0739134 0.0797937 0.0713540 0.0761255 0.0687503 0.0613524 0.0668019 0.0787853 0.0564407 0.0467758 0.0450168 0.0757682 0.0713780 0.0878329 0.0126082 0.0553956 0.0672115 0.0814102 0.0736987 0.0376178 0.0623634 0.0890753 0.0582739 0.0594629 0.0429100 0.0678474 0.0466128 0.0645316 0.0512450 0.0556839 0.0287298 0.0752313 0.0795332 0.0696647 0.0777744 0.0522095 0.0427039 0.0407022 0.0125790 0.0510513 0.0134723 0.0126322 0.0517806 0.0307925 0.0604481 0.0654077 0.0656509 0.0494133 0.0339155 0.0541159 0.0388442 0.0534758 0.0396498 0.0409384 0.0546344 0.0377547 0.1400326 0.0507971 0.0775426 0.0835556 0.0516578 0.0465346 0.0752845 0.0135228 0.0813178 0.0611285 0.0512303 0.0565906 0.0786517 0.0765896 0.0590847 0.0794404 0.0469074 0.0707244 0.0466432 0.0694620 0.0589573 0.0590603 0.0778637 0.0507657 0.0782638 0.0798281 0.0766848 0.0864461 0.0459721 0.0706554 0.0727021 0.0498297 0.0293938 0.0483305 0.0571305 0.0627094 0.0630682 0.0596559 0.0516961 0.0525871 0.0776028 0.0617249 0.0153311 0.0767478 0.0377277 0.0634759 0.0481416 0.0375494 0.0591584 0.0463007 0.0531553 0.0778471 0.0540941 0.0781934 0.0498427 0.0509938 0.0796190 0.0566736 0.0645827 0.0334566 0.0346502 0.0350755 0.0208396 0.0420720 0.0539101 0.0375867 
S0278         0.1681878 0.0977599 0.0843868 0.0000000 0.1016310 0.0911414 0.1098152 0.0471502 0.0914386 0.0998466 0.0823008 0.0490631 0.0960065 0.1040685 0.0541540 0.1065608 0.0515040 0.1065561 0.1111416 0.1087399 0.1073082 0.0862115 0.0878671 0.0538600 0.1182806 0.0468690 0.0802208 0.1033367 0.0459769 0.1085178 0.0593501 0.0899176 0.1135989 0.1119529 0.0567090 0.0934522 0.0825725 0.0466198 0.0576243 0.0824714 0.0930518 0.1052156 0.0866866 0.1058536 0.0984665 0.0984250 0.1073202 0.1045446 0.0866470 0.0934765 0.0824062 0.0933027 0.0810648 0.0793923 0.1059045 0.0829129 0.0619584 0.0950816 0.0826580 0.0604305 0.0868969 0.0882277 0.0927362 0.1020183 0.0984980 0.0957085 0.0941464 0.0992612 0.1573041 0.0937048 0.1129269 0.1162007 0.1040205 0.0984751 0.0945051 0.0826218 0.1051807 0.0749449 0.1000361 0.1067751 0.1129077 0.1087173 0.1078708 0.1016060 0.0962377 0.1060954 0.0987410 0.0719081 0.0787085 0.0776735 0.1059822 0.0533700 0.0345254 0.1037462 0.1060671 0.1104561 0.0851310 0.1002612 0.1271316 0.0905015 0.0690404 0.0889485 0.0983503 0.1096461 0.0986974 0.0543760 0.0942243 0.0951505 0.0587293 0.0972157 0.0834751 0.0508724 0.1005091 0.0800808 0.0913486 0.1073072 0.1030927 0.0991199 0.0942210 0.0520401 0.0918578 0.0800307 0.0873232 0.0937603 0.1224357 0.1022372 0.0847401 0.0924136 0.0864689 0.0723147 0.0896827 0.0937793 0.0927955 0.0900904 
S0281         0.1431144 0.0838089 0.0419061 0.1016310 0.0000000 0.0685647 0.0954181 0.0842820 0.0695198 0.0697492 0.0618878 0.0908884 0.0901455 0.0985094 0.0872619 0.0910120 0.0871074 0.0816277 0.0898159 0.0954537 0.0864962 0.0675394 0.0669501 0.0932132 0.0870328 0.1017440 0.0406809 0.0832379 0.0632562 0.0967944 0.0876598 0.0590300 0.0943127 0.1072422 0.0809186 0.0764321 0.0644244 0.0871744 0.0649200 0.0843127 0.0767378 0.0794890 0.0470219 0.0901554 0.0883690 0.0952791 0.0934296 0.0876166 0.0648176 0.0629009 0.0414622 0.0715675 0.0414044 0.0408295 0.0732869 0.0489928 0.0815721 0.0804307 0.0852715 0.0719596 0.0596026 0.0707883 0.0602894 0.0780414 0.0628650 0.0632974 0.0708978 0.0602630 0.1463538 0.0736299 0.0923563 0.0982256 0.0722326 0.0692009 0.0845733 0.0424322 0.0949129 0.0783584 0.0738229 0.0821619 0.0913533 0.0977501 0.0782115 0.0914510 0.0726871 0.0909215 0.0698809 0.0868316 0.0780791 0.0782025 0.0935258 0.0749810 0.0988542 0.0931222 0.0934428 0.1024579 0.0706153 0.0889905 0.0890698 0.0686668 0.0551481 0.0737008 0.0771387 0.0829476 0.0809146 0.0768172 0.0724228 0.0712180 0.0948022 0.0783856 0.0441721 0.0935309 0.0584320 0.0833119 0.0680924 0.0595038 0.0782364 0.0704683 0.0704319 0.0950776 0.0744321 0.0933787 0.0731328 0.0726069 0.1018094 0.0768645 0.0833801 0.0605861 0.0594505 0.0538749 0.0413082 0.0664029 0.0769113 0.0631550 
S0282         0.1292055 0.0326004 0.0478487 0.0911414 0.0685647 0.0000000 0.0661195 0.0741104 0.0682774 0.0210769 0.0286102 0.0795113 0.0693612 0.0800082 0.0771716 0.0658964 0.0741823 0.0751979 0.0724806 0.0692513 0.0655639 0.0109092 0.0181791 0.0841216 0.0516555 0.0862819 0.0467174 0.0607047 0.0745150 0.0694361 0.0775435 0.0578155 0.0553040 0.0866498 0.0686694 0.0280492 0.0126231 0.0730000 0.0567097 0.0684880 0.0360631 0.0188029 0.0560037 0.0653025 0.0844201 0.0530020 0.0673750 0.0738193 0.0173614 0.0588873 0.0474946 0.0157295 0.0447674 0.0468880 0.0700478 0.0552672 0.0716572 0.0631252 0.0677350 0.0645052 0.0470042 0.0525737 0.0563046 0.0698391 0.0606989 0.0630057 0.0339509 0.0695235 0.1349163 0.0595603 0.0760818 0.0855217 0.0718314 0.0667619 0.0841136 0.0467171 0.0926956 0.0654776 0.0717840 0.0708227 0.0770432 0.0538638 0.0726242 0.0909489 0.0157611 0.0492795 0.0596287 0.0728219 0.0636736 0.0637715 0.0664717 0.0614399 0.0855514 0.0766459 0.0664188 0.0745438 0.0165401 0.0703679 0.0769067 0.0675594 0.0110223 0.0158755 0.0314606 0.0803757 0.0349939 0.0670739 0.0701705 0.0682156 0.0829152 0.0410924 0.0484685 0.0801721 0.0695453 0.0686381 0.0141985 0.0710090 0.0769451 0.0593205 0.0256620 0.0789093 0.0331755 0.0885462 0.0276099 0.0359305 0.0868910 0.0724286 0.0688233 0.0555590 0.0486857 0.0445399 0.0528046 0.0553235 0.0593445 0.0522528 
S0288         0.1420462 0.0752983 0.0775537 0.1098152 0.0954181 0.0661195 0.0000000 0.0889732 0.0941587 0.0796598 0.0575159 0.1001310 0.0060802 0.0648936 0.0944241 0.0094988 0.0908496 0.0963047 0.1031534 0.0126415 0.0889866 0.0651031 0.0680983 0.0975520 0.0887515 0.1045881 0.0672492 0.0845831 0.0944488 0.0070362 0.0884835 0.0834308 0.0969179 0.0716931 0.0791527 0.0776395 0.0649233 0.0864332 0.0738842 0.0885904 0.0692185 0.0805127 0.0786032 0.0102155 0.0939987 0.0878105 0.0054488 0.0937146 0.0682203 0.0876691 0.0680352 0.0710666 0.0650759 0.0675075 0.0937365 0.0787346 0.0861797 0.0506431 0.0898266 0.0809599 0.0640839 0.0284230 0.0848569 0.0941213 0.0876168 0.0873646 0.0769557 0.0841903 0.1590861 0.0856632 0.0601729 0.0783013 0.0892401 0.0837680 0.0936414 0.0672483 0.1043870 0.0920437 0.0986262 0.0971729 0.0611012 0.0939024 0.1004250 0.1007895 0.0673736 0.0971329 0.0827719 0.1006906 0.0856431 0.0835262 0.0046674 0.0769209 0.1029097 0.0628930 0.0093933 0.0118323 0.0672732 0.0578866 0.0999084 0.0953962 0.0493161 0.0672515 0.0739052 0.1030603 0.0811837 0.0814646 0.0960974 0.0971850 0.1034283 0.0873416 0.0691163 0.0992973 0.0842179 0.0908201 0.0665888 0.0941971 0.1002959 0.0855766 0.0763750 0.0990926 0.0757299 0.1007292 0.0747136 0.0719063 0.1093641 0.0934124 0.0930654 0.0842933 0.0677524 0.0625418 0.0729751 0.0820596 0.0829500 0.0744376 
S0289         0.1509953 0.0816057 0.0676341 0.0471502 0.0842820 0.0741104 0.0889732 0.0000000 0.0836108 0.0859598 0.0633917 0.0432814 0.0832978 0.0864263 0.0244066 0.0854604 0.0361139 0.0834021 0.0954793 0.0871179 0.0910440 0.0740298 0.0715590 0.0250985 0.1000168 0.0390484 0.0635157 0.0868944 0.0245128 0.0892467 0.0415096 0.0738539 0.0982203 0.0951736 0.0360379 0.0833846 0.0662109 0.0296878 0.0354260 0.0716636 0.0784739 0.0991770 0.0736550 0.0858457 0.0862388 0.0882050 0.0881151 0.0889844 0.0695535 0.0758527 0.0643036 0.0791929 0.0632402 0.0628103 0.0897496 0.0716737 0.0409481 0.0720416 0.0667501 0.0407401 0.0667299 0.0668942 0.0742958 0.0937515 0.0759463 0.0752266 0.0770656 0.0872725 0.1497608 0.0781958 0.0904153 0.0973122 0.0862814 0.0808549 0.0824825 0.0653983 0.0927366 0.0683311 0.0873109 0.0824506 0.0894156 0.0968688 0.0898210 0.0893032 0.0764088 0.0947877 0.0737302 0.0627955 0.0647404 0.0638775 0.0871641 0.0382725 0.0378089 0.0853044 0.0861113 0.0959028 0.0703028 0.0787264 0.1006958 0.0758135 0.0531147 0.0702496 0.0790036 0.0924099 0.0875875 0.0339024 0.0816756 0.0814377 0.0394506 0.0850838 0.0663153 0.0319182 0.0873013 0.0657768 0.0754329 0.0915392 0.0880641 0.0752633 0.0787313 0.0334534 0.0755027 0.0531141 0.0739605 0.0732965 0.1048215 0.0808633 0.0728354 0.0773899 0.0674632 0.0605497 0.0691782 0.0719538 0.0801061 0.0712609 
S0292         0.1325254 0.0795459 0.0537143 0.0914386 0.0695198 0.0682774 0.0941587 0.0836108 0.0000000 0.0785614 0.0627241 0.0868357 0.0835551 0.0970887 0.0891099 0.0917955 0.0887685 0.0714755 0.0734552 0.0952654 0.0848844 0.0641004 0.0674760 0.0905361 0.0899089 0.0991885 0.0500630 0.0858016 0.0858128 0.0955360 0.0893241 0.0521204 0.0915241 0.1056660 0.0735903 0.0780378 0.0603764 0.0798488 0.0638073 0.0820099 0.0696828 0.0840434 0.0577443 0.0909327 0.0885124 0.0852509 0.0921918 0.0827217 0.0644453 0.0558753 0.0518112 0.0720809 0.0517376 0.0512250 0.0689632 0.0607857 0.0760884 0.0842538 0.0840066 0.0726881 0.0573654 0.0734463 0.0533118 0.0736532 0.0576597 0.0571066 0.0715708 0.0663299 0.1533631 0.0710418 0.0942061 0.0991587 0.0647565 0.0636705 0.0881861 0.0528226 0.0986168 0.0790022 0.0744810 0.0695489 0.0952218 0.0939843 0.0366942 0.0951246 0.0722003 0.0855691 0.0606170 0.0783479 0.0786846 0.0788086 0.0922854 0.0695977 0.0848315 0.1001289 0.0922040 0.1011667 0.0664385 0.0909161 0.0720753 0.0101143 0.0455419 0.0658680 0.0749286 0.0351339 0.0774826 0.0755221 0.0148936 0.0140805 0.0857120 0.0783374 0.0545927 0.0898405 0.0663506 0.0829726 0.0677224 0.0698397 0.0358651 0.0534744 0.0713882 0.0872130 0.0750421 0.1014341 0.0709272 0.0730812 0.0820088 0.0624914 0.0832163 0.0547121 0.0542630 0.0564571 0.0542864 0.0524976 0.0802347 0.0569759 
S0293         0.1303449 0.0390793 0.0518493 0.0998466 0.0697492 0.0210769 0.0796598 0.0859598 0.0785614 0.0000000 0.0331718 0.0871268 0.0787374 0.0815322 0.0877602 0.0754662 0.0803152 0.0880820 0.0804438 0.0800717 0.0678816 0.0175947 0.0198759 0.1001666 0.0615025 0.1088554 0.0521350 0.0692002 0.0806318 0.0831105 0.0863185 0.0666205 0.0574909 0.1017062 0.0704344 0.0338456 0.0164982 0.0877260 0.0581693 0.0777577 0.0417451 0.0192174 0.0573698 0.0743881 0.0984504 0.0620287 0.0800772 0.0677811 0.0221655 0.0693890 0.0519740 0.0222156 0.0505689 0.0520791 0.0870738 0.0534583 0.0726946 0.0743954 0.0764260 0.0626942 0.0510120 0.0646642 0.0683075 0.0752412 0.0693951 0.0700071 0.0417273 0.0754191 0.1565316 0.0610459 0.0861080 0.0980829 0.0794340 0.0737317 0.0933563 0.0521161 0.0965646 0.0795538 0.0839423 0.0853516 0.0861028 0.0540954 0.0904282 0.0968269 0.0210352 0.0606915 0.0712668 0.0827395 0.0733573 0.0735167 0.0787797 0.0647452 0.0998386 0.0899216 0.0772744 0.0861413 0.0233339 0.0814264 0.0933407 0.0774799 0.0108771 0.0222266 0.0387558 0.0888732 0.0377270 0.0731382 0.0770633 0.0783125 0.0867398 0.0501664 0.0545065 0.0983055 0.0753491 0.0753257 0.0177196 0.0784992 0.0916022 0.0714233 0.0292938 0.0996772 0.0339148 0.0900209 0.0353170 0.0476276 0.0931961 0.0852758 0.0782829 0.0658836 0.0572133 0.0527403 0.0594116 0.0644400 0.0698021 0.0609193 
S0294         0.1162115 0.0343291 0.0410701 0.0823008 0.0618878 0.0286102 0.0575159 0.0633917 0.0627241 0.0331718 0.0000000 0.0773949 0.0524277 0.0666120 0.0668230 0.0562541 0.0649119 0.0649408 0.0631707 0.0588812 0.0568419 0.0267497 0.0314081 0.0726910 0.0408173 0.0725432 0.0408982 0.0518038 0.0657919 0.0610731 0.0673665 0.0497589 0.0431373 0.0726378 0.0576791 0.0369421 0.0243072 0.0690247 0.0500832 0.0663681 0.0286954 0.0390304 0.0489418 0.0567576 0.0632573 0.0390107 0.0589185 0.0585265 0.0241836 0.0537279 0.0407926 0.0340822 0.0397843 0.0410581 0.0637917 0.0509693 0.0620748 0.0545745 0.0665507 0.0567108 0.0412975 0.0448454 0.0510248 0.0622292 0.0527742 0.0530579 0.0277626 0.0600575 0.1167739 0.0469355 0.0670452 0.0800257 0.0625193 0.0573274 0.0615969 0.0408873 0.0701138 0.0662379 0.0632451 0.0623064 0.0670354 0.0505706 0.0675716 0.0683842 0.0277873 0.0437270 0.0514792 0.0673610 0.0602223 0.0603222 0.0568963 0.0552639 0.0825178 0.0643864 0.0569172 0.0664325 0.0267748 0.0624273 0.0719433 0.0589343 0.0236102 0.0254134 0.0350056 0.0726102 0.0361650 0.0562086 0.0608005 0.0627007 0.0770902 0.0379467 0.0427472 0.0729045 0.0600777 0.0654319 0.0260389 0.0595049 0.0681508 0.0553438 0.0297171 0.0715463 0.0341683 0.0766859 0.0290237 0.0267534 0.0784004 0.0602038 0.0667089 0.0515589 0.0421430 0.0387578 0.0454991 0.0511123 0.0524181 0.0478460 
S0299         0.1624529 0.0869345 0.0733007 0.0490631 0.0908884 0.0795113 0.1001310 0.0432814 0.0868357 0.0871268 0.0773949 0.0000000 0.0896630 0.0972321 0.0398235 0.0995512 0.0489126 0.0917523 0.1118307 0.0991073 0.0937995 0.0754656 0.0730567 0.0507932 0.0962625 0.0445119 0.0704367 0.0908945 0.0499592 0.1004358 0.0627985 0.0735342 0.1072340 0.1085171 0.0241425 0.0758868 0.0674496 0.0397947 0.0514314 0.0792835 0.0877473 0.0983854 0.0800182 0.0986817 0.1023780 0.0891502 0.0973385 0.0938037 0.0695313 0.0787698 0.0701983 0.0793725 0.0687926 0.0681201 0.0879895 0.0802393 0.0551461 0.0839323 0.0730049 0.0546956 0.0747775 0.0774726 0.0738090 0.0860053 0.0803666 0.0791300 0.0918136 0.0871351 0.1535136 0.0842616 0.1011352 0.1016869 0.0937444 0.0878794 0.0965645 0.0688490 0.1073013 0.0819148 0.0849740 0.0907944 0.0995519 0.0932356 0.0941242 0.1037064 0.0809384 0.0958959 0.0797550 0.0552295 0.0687741 0.0689167 0.0974712 0.0480092 0.0429351 0.0941402 0.1001602 0.0992062 0.0717208 0.0813087 0.1122496 0.0832060 0.0623165 0.0718668 0.0835527 0.1117380 0.0903296 0.0442436 0.0870480 0.0896214 0.0404877 0.0849654 0.0741838 0.0430279 0.0871792 0.0687782 0.0772090 0.0882662 0.0967269 0.0767661 0.0772958 0.0442805 0.0821459 0.0714175 0.0848017 0.0849125 0.1244465 0.0831329 0.0713015 0.0755538 0.0731450 0.0611895 0.0742155 0.0793229 0.0851298 0.0796059 
S0303         0.1482734 0.0718546 0.0739134 0.0960065 0.0901455 0.0693612 0.0060802 0.0832978 0.0835551 0.0787374 0.0524277 0.0896630 0.0000000 0.0601702 0.0885073 0.0104688 0.0867378 0.0908281 0.0927437 0.0122161 0.0860123 0.0671394 0.0684916 0.0907371 0.0878867 0.1025033 0.0651622 0.0832541 0.0743994 0.0077827 0.0819316 0.0775871 0.0966933 0.0663075 0.0783702 0.0755974 0.0638803 0.0812938 0.0693020 0.0843550 0.0707301 0.0884808 0.0779479 0.0095411 0.0979194 0.0914473 0.0060241 0.0881592 0.0686470 0.0800636 0.0671543 0.0760349 0.0671209 0.0677303 0.0921199 0.0770163 0.0795775 0.0453639 0.0834924 0.0771095 0.0617618 0.0247269 0.0780226 0.0917461 0.0800197 0.0812150 0.0785241 0.0818080 0.1565447 0.0784822 0.0510775 0.0762856 0.0873125 0.0824150 0.0975497 0.0695376 0.1082306 0.0882714 0.0963505 0.0929562 0.0519850 0.0850506 0.0890419 0.1046551 0.0717907 0.0888278 0.0811856 0.0920824 0.0800752 0.0789854 0.0051600 0.0736112 0.0901048 0.0589943 0.0086459 0.0131136 0.0665519 0.0531750 0.0959038 0.0825913 0.0533356 0.0682839 0.0714174 0.0978052 0.0780662 0.0777992 0.0882215 0.0903366 0.0944050 0.0795391 0.0705482 0.0936746 0.0818376 0.0858418 0.0688248 0.0896660 0.0889929 0.0803755 0.0753784 0.0899276 0.0757846 0.0940599 0.0682351 0.0694240 0.1036441 0.0899659 0.0882701 0.0806710 0.0657897 0.0619003 0.0716573 0.0776466 0.0794270 0.0730642 
S0308         0.1609310 0.0832861 0.0797937 0.1040685 0.0985094 0.0800082 0.0648936 0.0864263 0.0970887 0.0815322 0.0666120 0.0972321 0.0601702 0.0000000 0.0899071 0.0635590 0.0883156 0.0983558 0.0996884 0.0651034 0.0975748 0.0770292 0.0774839 0.0946373 0.1019950 0.1011905 0.0752135 0.0930783 0.0863931 0.0662376 0.0869353 0.0876412 0.1043419 0.0757168 0.0892916 0.0880932 0.0760092 0.0885507 0.0737171 0.0922053 0.0765769 0.0898592 0.0889570 0.0640217 0.1033634 0.0996417 0.0642101 0.0934039 0.0754164 0.0918965 0.0740701 0.0809884 0.0720394 0.0745058 0.0966583 0.0902630 0.0838331 0.0529079 0.0927362 0.0795865 0.0718479 0.0422930 0.0891589 0.1073187 0.0928454 0.0915019 0.0770995 0.0989081 0.1622967 0.0911321 0.0632124 0.0823796 0.0984815 0.0909114 0.1029110 0.0761692 0.1155408 0.0896510 0.1064218 0.0976691 0.0641381 0.0990828 0.1012468 0.1119178 0.0813571 0.1055258 0.0830392 0.1028072 0.0872914 0.0874296 0.0633166 0.0787806 0.0975927 0.0639291 0.0623559 0.0722270 0.0782902 0.0593525 0.1033722 0.0961472 0.0647859 0.0782039 0.0790616 0.1048937 0.0895593 0.0803078 0.0940906 0.0990660 0.0945599 0.0955804 0.0761366 0.0936918 0.0989411 0.0887668 0.0806513 0.1057224 0.1041731 0.0895365 0.0817278 0.0995569 0.0828736 0.0963226 0.0787953 0.0821021 0.1087931 0.0921825 0.0969703 0.0874231 0.0774508 0.0624969 0.0819247 0.0840264 0.0934044 0.0813011 
S0320         0.1533686 0.0857443 0.0713540 0.0541540 0.0872619 0.0771716 0.0944241 0.0244066 0.0891099 0.0877602 0.0668230 0.0398235 0.0885073 0.0899071 0.0000000 0.0878867 0.0370998 0.0879211 0.1015811 0.0936641 0.0928318 0.0751437 0.0736102 0.0353292 0.0982173 0.0407729 0.0695765 0.0914085 0.0288118 0.0959681 0.0472672 0.0779577 0.0963574 0.0998975 0.0339825 0.0815616 0.0682352 0.0347063 0.0388865 0.0708841 0.0796989 0.1017193 0.0779040 0.0913412 0.0969480 0.0896252 0.0936659 0.0917060 0.0706541 0.0820703 0.0703656 0.0812855 0.0692701 0.0688793 0.0912652 0.0759331 0.0416822 0.0766726 0.0671338 0.0400419 0.0698693 0.0711819 0.0774328 0.0942988 0.0813513 0.0816757 0.0820889 0.0918332 0.1581845 0.0801001 0.0908725 0.0999389 0.0897680 0.0842558 0.0929981 0.0714941 0.1036593 0.0689231 0.0899622 0.0910072 0.0918878 0.1013387 0.0966320 0.1000894 0.0775384 0.0942402 0.0756160 0.0690211 0.0640679 0.0630986 0.0927016 0.0384045 0.0416971 0.0908986 0.0915486 0.1016272 0.0723391 0.0854598 0.1031832 0.0810758 0.0541352 0.0715392 0.0840714 0.0991556 0.0917896 0.0364691 0.0859926 0.0878279 0.0394282 0.0825159 0.0714631 0.0336480 0.0918638 0.0669302 0.0776566 0.0952259 0.0956622 0.0785030 0.0808484 0.0400238 0.0788046 0.0526752 0.0770455 0.0764309 0.1111990 0.0831464 0.0701426 0.0778120 0.0715692 0.0682028 0.0734096 0.0771726 0.0835047 0.0754131 
S0322         0.1430881 0.0730149 0.0761255 0.1065608 0.0910120 0.0658964 0.0094988 0.0854604 0.0917955 0.0754662 0.0562541 0.0995512 0.0104688 0.0635590 0.0878867 0.0000000 0.0834787 0.0917128 0.0979416 0.0086116 0.0867040 0.0648834 0.0659832 0.0924205 0.0863932 0.1027333 0.0641221 0.0853190 0.0915186 0.0094192 0.0830954 0.0811720 0.0923837 0.0713553 0.0779336 0.0744850 0.0618696 0.0827643 0.0697545 0.0873013 0.0680328 0.0785991 0.0763802 0.0038794 0.0974576 0.0875031 0.0086144 0.0880077 0.0661002 0.0853696 0.0659223 0.0708238 0.0648565 0.0653869 0.0923926 0.0765075 0.0819775 0.0504712 0.0865496 0.0776650 0.0638654 0.0265738 0.0826405 0.0917598 0.0853189 0.0849637 0.0766897 0.0829388 0.1545831 0.0811736 0.0619544 0.0798973 0.0879303 0.0824981 0.0970918 0.0670199 0.1077141 0.0909580 0.0972810 0.0913147 0.0628857 0.0928318 0.0979909 0.1041584 0.0690392 0.0937240 0.0813683 0.0959010 0.0843709 0.0822687 0.0078267 0.0745266 0.0995426 0.0635462 0.0126101 0.0142951 0.0651605 0.0588911 0.0971908 0.0930187 0.0484012 0.0644689 0.0716407 0.1016273 0.0821182 0.0772294 0.0949050 0.0947978 0.1004384 0.0840573 0.0688811 0.0959074 0.0829663 0.0875328 0.0663617 0.0901787 0.0958260 0.0821592 0.0732196 0.0953839 0.0725937 0.0954966 0.0725227 0.0697608 0.1065377 0.0899141 0.0887454 0.0820302 0.0675205 0.0624213 0.0708181 0.0777236 0.0817229 0.0741806 
S0327         0.1714002 0.0815872 0.0687503 0.0515040 0.0871074 0.0741823 0.0908496 0.0361139 0.0887685 0.0803152 0.0649119 0.0489126 0.0867378 0.0883156 0.0370998 0.0834787 0.0000000 0.0938256 0.0952467 0.0879926 0.0925176 0.0721951 0.0697518 0.0411170 0.0997867 0.0447465 0.0674446 0.0871203 0.0314265 0.0922194 0.0428831 0.0778014 0.0938328 0.1016767 0.0446991 0.0823408 0.0654173 0.0382791 0.0385851 0.0679340 0.0755957 0.0815600 0.0747077 0.0857517 0.1082985 0.0842994 0.0899820 0.0890407 0.0677784 0.0819401 0.0682219 0.0772727 0.0671536 0.0667541 0.0916542 0.0738055 0.0448751 0.0792356 0.0651872 0.0428542 0.0709726 0.0679663 0.0792343 0.0905559 0.0818918 0.0824520 0.0786908 0.0912102 0.1578723 0.0837729 0.0922606 0.1014144 0.0914266 0.0859589 0.0988425 0.0682622 0.1096033 0.0659269 0.0903925 0.0917063 0.0932627 0.0928027 0.0948801 0.1077801 0.0764491 0.0918672 0.0798100 0.0684574 0.0622520 0.0603156 0.0890389 0.0376845 0.0477875 0.0896856 0.0879924 0.0977242 0.0685208 0.0868520 0.0995915 0.0808529 0.0581912 0.0682612 0.0799795 0.0986512 0.0845309 0.0380166 0.0858397 0.0865118 0.0478380 0.0813499 0.0711798 0.0379066 0.0912401 0.0651711 0.0767080 0.0946664 0.0939839 0.0803488 0.0739006 0.0412448 0.0748415 0.0563263 0.0721066 0.0743250 0.1080642 0.0859366 0.0681246 0.0803385 0.0726468 0.0639810 0.0730940 0.0770498 0.0794238 0.0764601 
S0335         0.1321537 0.0766041 0.0613524 0.1065561 0.0816277 0.0751979 0.0963047 0.0834021 0.0714755 0.0880820 0.0649408 0.0917523 0.0908281 0.0983558 0.0879211 0.0917128 0.0938256 0.0000000 0.0626365 0.0953422 0.0913993 0.0712592 0.0743316 0.0996475 0.0926120 0.1057509 0.0563785 0.0843778 0.0847653 0.0966605 0.0913971 0.0672850 0.0912381 0.0970257 0.0871882 0.0834974 0.0691764 0.0857580 0.0746215 0.0904020 0.0687464 0.1007344 0.0692636 0.0909629 0.0937142 0.0954525 0.0929882 0.0917729 0.0673395 0.0703607 0.0592402 0.0793272 0.0591539 0.0586758 0.0780921 0.0695178 0.0896659 0.0823030 0.0874234 0.0827306 0.0618708 0.0693268 0.0695856 0.0859169 0.0703008 0.0716783 0.0666501 0.0793154 0.1488142 0.0796002 0.0955447 0.1044559 0.0799263 0.0748586 0.0898546 0.0584458 0.1003088 0.0793482 0.0814792 0.0532021 0.0945081 0.1000514 0.0726988 0.0968089 0.0743294 0.0956928 0.0564310 0.0680404 0.0827442 0.0850639 0.0943853 0.0818239 0.0969045 0.0909395 0.0943122 0.1002826 0.0713553 0.0858133 0.0649362 0.0679352 0.0424018 0.0747532 0.0761663 0.0790772 0.0859475 0.0866453 0.0705641 0.0695305 0.1023416 0.0878969 0.0602789 0.0984390 0.0793413 0.0878262 0.0719323 0.0834696 0.0716160 0.0459378 0.0764184 0.0950816 0.0794214 0.1100215 0.0757958 0.0764548 0.0767835 0.0273220 0.0876497 0.0641336 0.0616619 0.0513544 0.0629172 0.0396245 0.0875551 0.0643309 
S0345         0.1382853 0.0775027 0.0668019 0.1111416 0.0898159 0.0724806 0.1031534 0.0954793 0.0734552 0.0804438 0.0631707 0.1118307 0.0927437 0.0996884 0.1015811 0.0979416 0.0952467 0.0626365 0.0000000 0.1029788 0.0843972 0.0703221 0.0707395 0.1036029 0.0970243 0.1155197 0.0638119 0.0862566 0.1025186 0.1046309 0.0984643 0.0704759 0.0800928 0.1058682 0.0930006 0.0810407 0.0649781 0.0940419 0.0740867 0.0807944 0.0731948 0.0900383 0.0735530 0.0972025 0.1078891 0.0895627 0.1020503 0.0905262 0.0672198 0.0717263 0.0669973 0.0735397 0.0668890 0.0664207 0.0842814 0.0770356 0.0879926 0.0855133 0.0885634 0.0774212 0.0644216 0.0783057 0.0719650 0.0885315 0.0737074 0.0731151 0.0806852 0.0812531 0.1643326 0.0777784 0.0997417 0.1086111 0.0817842 0.0795796 0.1036341 0.0681962 0.1093704 0.0871136 0.0862403 0.0562820 0.1008666 0.1019970 0.0788032 0.1076583 0.0736189 0.0911331 0.0661752 0.0773812 0.0818550 0.0806404 0.1009848 0.0820242 0.1132454 0.1065433 0.1007512 0.1109665 0.0716971 0.0938622 0.0346258 0.0694578 0.0516132 0.0691886 0.0756905 0.0767298 0.0840332 0.0894934 0.0734912 0.0722717 0.1110232 0.0828250 0.0690662 0.1051223 0.0822719 0.0817890 0.0730357 0.0837843 0.0767641 0.0494238 0.0794370 0.1063133 0.0736024 0.1085869 0.0736666 0.0759855 0.0326582 0.0560885 0.0898451 0.0735000 0.0674731 0.0636299 0.0698962 0.0395975 0.0848725 0.0683609 
S0355         0.1460672 0.0774724 0.0787853 0.1087399 0.0954537 0.0692513 0.0126415 0.0871179 0.0952654 0.0800717 0.0588812 0.0991073 0.0122161 0.0651034 0.0936641 0.0086116 0.0879926 0.0953422 0.1029788 0.0000000 0.0888619 0.0682327 0.0693426 0.0938132 0.0899114 0.1029964 0.0703875 0.0864783 0.0884915 0.0133460 0.0886249 0.0845957 0.0990903 0.0747246 0.0797606 0.0788271 0.0652601 0.0856605 0.0742663 0.0916892 0.0703418 0.0810757 0.0817518 0.0077567 0.1000170 0.0909173 0.0117245 0.0936346 0.0673595 0.0888112 0.0711644 0.0741989 0.0700822 0.0706560 0.0958500 0.0818867 0.0854987 0.0520606 0.0909455 0.0811545 0.0672545 0.0289757 0.0860857 0.0952276 0.0887586 0.0872159 0.0794418 0.0883942 0.1597758 0.0846467 0.0643307 0.0822891 0.0913621 0.0859008 0.0996367 0.0722802 0.1103897 0.0934103 0.1006080 0.0992990 0.0652615 0.0922464 0.1004522 0.1067905 0.0724156 0.0982196 0.0859553 0.0996854 0.0887490 0.0866308 0.0109363 0.0771534 0.1006159 0.0659468 0.0157319 0.0174204 0.0685239 0.0593802 0.1030812 0.0964976 0.0534677 0.0669919 0.0770313 0.1061953 0.0835772 0.0808219 0.0983827 0.0982722 0.1013732 0.0884818 0.0741510 0.0974765 0.0884231 0.0909413 0.0697401 0.0960925 0.0993169 0.0867435 0.0753972 0.0960236 0.0769291 0.0980538 0.0759333 0.0731282 0.1125122 0.0924888 0.0941667 0.0854514 0.0709108 0.0650329 0.0748981 0.0832412 0.0828957 0.0775831 
S0376         0.1445252 0.0759598 0.0564407 0.1073082 0.0864962 0.0655639 0.0889866 0.0910440 0.0848844 0.0678816 0.0568419 0.0937995 0.0860123 0.0975748 0.0928318 0.0867040 0.0925176 0.0913993 0.0843972 0.0888619 0.0000000 0.0626989 0.0638282 0.0999091 0.0910568 0.1075125 0.0638987 0.0265689 0.0843627 0.0903779 0.0865004 0.0747732 0.0859938 0.0980882 0.0866969 0.0715869 0.0596095 0.0905639 0.0713678 0.0851648 0.0677850 0.0756364 0.0709846 0.0868916 0.0980570 0.0856639 0.0881282 0.0753303 0.0598584 0.0777559 0.0646799 0.0704885 0.0636237 0.0641411 0.0867648 0.0682227 0.0858594 0.0790262 0.0844544 0.0802012 0.0586606 0.0697061 0.0761770 0.0917239 0.0787558 0.0772020 0.0579372 0.0821291 0.1488357 0.0719556 0.0903915 0.0990307 0.0895650 0.0841238 0.0941178 0.0657672 0.1047375 0.0766896 0.0887159 0.0899909 0.0934183 0.0936541 0.0952125 0.1011824 0.0684619 0.0889057 0.0811141 0.0907532 0.0771751 0.0772972 0.0871771 0.0759932 0.1043903 0.0921209 0.0870554 0.0959173 0.0629466 0.0868504 0.0978259 0.0821667 0.0486326 0.0661169 0.0752482 0.0960104 0.0789748 0.0788224 0.0861405 0.0870375 0.0997333 0.0794420 0.0676158 0.0971680 0.0810704 0.0812282 0.0639081 0.0864836 0.0933032 0.0786785 0.0695359 0.1021671 0.0715344 0.1004817 0.0604380 0.0675304 0.1078972 0.0886294 0.0836730 0.0755597 0.0630235 0.0587022 0.0689468 0.0733797 0.0265306 0.0639346 
S0400         0.1284680 0.0316347 0.0467758 0.0862115 0.0675394 0.0109092 0.0651031 0.0740298 0.0641004 0.0175947 0.0267497 0.0754656 0.0671394 0.0770292 0.0751437 0.0648834 0.0721951 0.0712592 0.0703221 0.0682327 0.0626989 0.0000000 0.0149073 0.0830065 0.0523686 0.0829386 0.0440234 0.0578852 0.0743841 0.0684144 0.0736077 0.0541287 0.0552412 0.0804268 0.0697173 0.0246598 0.0093976 0.0749435 0.0547783 0.0656347 0.0334220 0.0099806 0.0550327 0.0642991 0.0840073 0.0519067 0.0663625 0.0717273 0.0141005 0.0579127 0.0448008 0.0140836 0.0420978 0.0441842 0.0671671 0.0552084 0.0675615 0.0610128 0.0639573 0.0625773 0.0469729 0.0497659 0.0562480 0.0678739 0.0597191 0.0620119 0.0328906 0.0666210 0.1369992 0.0575595 0.0750384 0.0813996 0.0708180 0.0657694 0.0837038 0.0440233 0.0922396 0.0627879 0.0698079 0.0697904 0.0759967 0.0501081 0.0744274 0.0905019 0.0133081 0.0464485 0.0558617 0.0698414 0.0599532 0.0600451 0.0654617 0.0604230 0.0817612 0.0706072 0.0654098 0.0735007 0.0117035 0.0663297 0.0770387 0.0643070 0.0068225 0.0131475 0.0296871 0.0783452 0.0315001 0.0651128 0.0680445 0.0670380 0.0815486 0.0383628 0.0457628 0.0781247 0.0666417 0.0648530 0.0125557 0.0688755 0.0759004 0.0564898 0.0222872 0.0781146 0.0297159 0.0874202 0.0250107 0.0366503 0.0857993 0.0695026 0.0650273 0.0546035 0.0486525 0.0435500 0.0500724 0.0525385 0.0565540 0.0522179 
S0405         0.1293159 0.0351995 0.0450168 0.0878671 0.0669501 0.0181791 0.0680983 0.0715590 0.0674760 0.0198759 0.0314081 0.0730567 0.0684916 0.0774839 0.0736102 0.0659832 0.0697518 0.0743316 0.0707395 0.0693426 0.0638282 0.0149073 0.0000000 0.0791576 0.0563217 0.0823570 0.0469223 0.0589772 0.0644148 0.0695279 0.0709732 0.0553359 0.0582798 0.0870679 0.0676914 0.0272612 0.0102382 0.0732200 0.0522482 0.0669198 0.0370272 0.0203150 0.0580865 0.0653877 0.0844329 0.0566808 0.0674635 0.0700061 0.0157734 0.0591626 0.0477036 0.0181740 0.0467281 0.0452420 0.0675348 0.0572592 0.0672127 0.0634087 0.0689812 0.0601365 0.0490381 0.0519002 0.0556428 0.0682508 0.0591290 0.0614269 0.0360328 0.0679416 0.1317140 0.0559445 0.0745477 0.0838818 0.0712172 0.0661357 0.0841263 0.0487031 0.0927094 0.0670879 0.0711633 0.0711444 0.0755105 0.0520760 0.0738987 0.0909624 0.0173953 0.0502144 0.0598953 0.0683156 0.0611982 0.0612925 0.0665589 0.0587763 0.0834557 0.0770091 0.0665050 0.0746438 0.0141524 0.0688449 0.0784631 0.0676961 0.0152500 0.0114249 0.0340401 0.0827023 0.0341971 0.0645383 0.0674882 0.0674139 0.0773439 0.0419964 0.0504694 0.0756469 0.0679629 0.0659514 0.0182689 0.0692990 0.0772955 0.0577298 0.0248637 0.0775838 0.0332319 0.0835476 0.0293453 0.0385499 0.0882960 0.0708487 0.0700802 0.0540002 0.0516161 0.0456173 0.0494460 0.0528215 0.0586904 0.0534016 
S0407sl       0.1425174 0.0914448 0.0757682 0.0538600 0.0932132 0.0841216 0.0975520 0.0250985 0.0905361 0.1001666 0.0726910 0.0507932 0.0907371 0.0946373 0.0353292 0.0924205 0.0411170 0.0996475 0.1036029 0.0938132 0.0999091 0.0830065 0.0791576 0.0000000 0.1111960 0.0440222 0.0718934 0.0974037 0.0378758 0.0989286 0.0492171 0.0803858 0.0981751 0.1047629 0.0408432 0.0914364 0.0742602 0.0258664 0.0401420 0.0678815 0.0853174 0.1222247 0.0837427 0.0948996 0.0915117 0.0968487 0.0941160 0.0933257 0.0767931 0.0825371 0.0727598 0.0877905 0.0715446 0.0688975 0.0949630 0.0781841 0.0462149 0.0805298 0.0692359 0.0493749 0.0758351 0.0727627 0.0795640 0.1032207 0.0839776 0.0821639 0.0827390 0.0993343 0.1700444 0.0849462 0.0989911 0.1061652 0.0946035 0.0917680 0.0913618 0.0740142 0.1040178 0.0641801 0.0946326 0.0962665 0.0978654 0.1142792 0.0977433 0.0996101 0.0879704 0.1077170 0.0848739 0.0740723 0.0648909 0.0626472 0.0953047 0.0426004 0.0536460 0.0923909 0.0940378 0.1060329 0.0788033 0.0920235 0.1099295 0.0815481 0.0617204 0.0733725 0.0942161 0.1014801 0.0971464 0.0411827 0.0868938 0.0845397 0.0421164 0.0976957 0.0761107 0.0192737 0.0993714 0.0648711 0.0835920 0.0955520 0.0967933 0.0856932 0.0884057 0.0404287 0.0893299 0.0633632 0.0852536 0.0840205 0.1162119 0.0895027 0.0725625 0.0855390 0.0779221 0.0701716 0.0817463 0.0829912 0.0897532 0.0811135 
S0412sl       0.1449576 0.0614398 0.0713780 0.1182806 0.0870328 0.0516555 0.0887515 0.1000168 0.0899089 0.0615025 0.0408173 0.0962625 0.0878867 0.1019950 0.0982173 0.0863932 0.0997867 0.0926120 0.0970243 0.0899114 0.0910568 0.0523686 0.0563217 0.1111960 0.0000000 0.1142677 0.0701357 0.0866524 0.0950232 0.0891027 0.1015639 0.0826471 0.0607651 0.1069992 0.0968305 0.0620556 0.0501663 0.1026536 0.0840986 0.0870783 0.0476244 0.0635038 0.0766517 0.0855716 0.0912343 0.0487640 0.0878802 0.0944077 0.0489341 0.0869328 0.0670760 0.0571603 0.0698249 0.0704090 0.0917887 0.0799910 0.0958586 0.0896365 0.0904229 0.0897006 0.0748227 0.0761941 0.0841531 0.0961749 0.0858532 0.0896145 0.0541548 0.0934682 0.1510123 0.0815352 0.1015822 0.1068295 0.0908075 0.0873483 0.0913108 0.0710652 0.0978180 0.0836576 0.0938211 0.0940059 0.1040025 0.0767072 0.0931043 0.0960553 0.0533890 0.0692256 0.0796634 0.0999493 0.0848272 0.0849648 0.0858929 0.0840896 0.1075900 0.0994035 0.0839032 0.0924052 0.0543859 0.0972256 0.0998995 0.0841402 0.0438996 0.0523230 0.0591321 0.1046751 0.0615805 0.0907506 0.0900052 0.0908904 0.1091317 0.0601990 0.0739798 0.1056588 0.0924692 0.0871419 0.0537476 0.0971522 0.0986142 0.0803561 0.0545348 0.1103053 0.0555526 0.1132623 0.0533124 0.0466592 0.1113060 0.0904997 0.0924534 0.0834204 0.0755032 0.0674090 0.0697270 0.0770894 0.0851583 0.0813937 
S0417         0.1362367 0.1038066 0.0878329 0.0468690 0.1017440 0.0862819 0.1045881 0.0390484 0.0991885 0.1088554 0.0725432 0.0445119 0.1025033 0.1011905 0.0407729 0.1027333 0.0447465 0.1057509 0.1155197 0.1029964 0.1075125 0.0829386 0.0823570 0.0440222 0.1142677 0.0000000 0.0799017 0.0996216 0.0364808 0.1083874 0.0539168 0.0885482 0.1176394 0.1130213 0.0370065 0.0937155 0.0795988 0.0337417 0.0437860 0.0821734 0.0951494 0.1315855 0.0920077 0.1041262 0.0863090 0.0958795 0.1056923 0.1087969 0.0810419 0.0930451 0.0807794 0.0911448 0.0762374 0.0768126 0.1013784 0.0862462 0.0529945 0.0906653 0.0836605 0.0512214 0.0790414 0.0809851 0.0899923 0.1083822 0.0942289 0.0961806 0.0909279 0.1081789 0.1768641 0.0935953 0.1080659 0.1104326 0.1036467 0.0995026 0.0861688 0.0798984 0.0988501 0.0851063 0.1069528 0.0947258 0.1092480 0.1181339 0.1022314 0.0944405 0.0890312 0.1185481 0.0846581 0.0704302 0.0779684 0.0755764 0.1045865 0.0463205 0.0415214 0.1001763 0.1019371 0.1146326 0.0817171 0.0999555 0.1144121 0.0909083 0.0543844 0.0802650 0.1005586 0.1056007 0.1033109 0.0470094 0.0942046 0.0940370 0.0376937 0.1091465 0.0809597 0.0408631 0.1082205 0.0776547 0.0879611 0.1049834 0.1026779 0.0900504 0.0929309 0.0461582 0.0963080 0.0670053 0.0913899 0.0936392 0.1262509 0.0964317 0.0835569 0.0913620 0.0800971 0.0768708 0.0865227 0.0884172 0.0943956 0.0822683 
S0419         0.1299078 0.0551902 0.0126082 0.0802208 0.0406809 0.0467174 0.0672492 0.0635157 0.0500630 0.0521350 0.0408982 0.0704367 0.0651622 0.0752135 0.0695765 0.0641221 0.0674446 0.0563785 0.0638119 0.0703875 0.0638987 0.0440234 0.0469223 0.0718934 0.0701357 0.0799017 0.0000000 0.0599697 0.0698097 0.0705763 0.0669275 0.0368834 0.0681595 0.0810696 0.0593717 0.0568901 0.0418653 0.0642024 0.0465011 0.0631106 0.0478514 0.0543980 0.0249879 0.0645502 0.0752420 0.0625433 0.0675278 0.0597788 0.0423635 0.0404396 0.0038463 0.0504070 0.0054050 0.0046594 0.0464345 0.0276226 0.0621154 0.0611406 0.0603592 0.0524748 0.0372648 0.0461427 0.0379466 0.0505955 0.0404174 0.0406986 0.0549163 0.0336105 0.1260270 0.0536517 0.0722805 0.0786466 0.0472525 0.0427611 0.0716444 0.0062044 0.0815828 0.0517276 0.0486872 0.0533931 0.0732339 0.0726879 0.0547187 0.0782546 0.0478108 0.0676458 0.0418483 0.0631636 0.0564097 0.0564960 0.0675943 0.0518412 0.0760780 0.0711387 0.0675401 0.0747797 0.0459669 0.0675120 0.0659997 0.0475684 0.0329583 0.0470427 0.0528550 0.0597098 0.0580890 0.0575990 0.0492019 0.0500355 0.0719471 0.0588476 0.0077674 0.0720627 0.0336200 0.0621661 0.0452885 0.0330466 0.0565780 0.0435300 0.0506051 0.0733710 0.0503803 0.0799304 0.0490090 0.0476734 0.0737866 0.0505137 0.0594383 0.0332078 0.0361731 0.0351172 0.0181785 0.0398778 0.0549740 0.0387489 
S0427         0.1532593 0.0718221 0.0553956 0.1033367 0.0832379 0.0607047 0.0845831 0.0868944 0.0858016 0.0692002 0.0518038 0.0908945 0.0832541 0.0930783 0.0914085 0.0853190 0.0871203 0.0843778 0.0862566 0.0864783 0.0265689 0.0578852 0.0589772 0.0974037 0.0866524 0.0996216 0.0599697 0.0000000 0.0897403 0.0869744 0.0851538 0.0706863 0.0836798 0.0947841 0.0804693 0.0703823 0.0557069 0.0869203 0.0691574 0.0838469 0.0656914 0.0722290 0.0718681 0.0845258 0.0942653 0.0814458 0.0857448 0.0868807 0.0549152 0.0755454 0.0607501 0.0664552 0.0569703 0.0592660 0.0834808 0.0671977 0.0845123 0.0748675 0.0811793 0.0769492 0.0555201 0.0626758 0.0739705 0.0863604 0.0746750 0.0759775 0.0611773 0.0779626 0.1533360 0.0760127 0.0870164 0.0979217 0.0842951 0.0809036 0.0903781 0.0581212 0.1008995 0.0872479 0.0824075 0.0863470 0.0880012 0.0892919 0.0925995 0.0973767 0.0616952 0.0868452 0.0778564 0.0916584 0.0759127 0.0760322 0.0848013 0.0727230 0.1004474 0.0876982 0.0866216 0.0924346 0.0579720 0.0795263 0.0950614 0.0841110 0.0467785 0.0616058 0.0692925 0.0936127 0.0748182 0.0748192 0.0858185 0.0867121 0.0943285 0.0784096 0.0608654 0.0949922 0.0779108 0.0799365 0.0607777 0.0805957 0.0929500 0.0762050 0.0664717 0.0975190 0.0693874 0.0955684 0.0631894 0.0635635 0.1049888 0.0869685 0.0843133 0.0714714 0.0591017 0.0575629 0.0649788 0.0709563 0.0231423 0.0590687 
S0428sl       0.1352497 0.0821020 0.0672115 0.0459769 0.0632562 0.0745150 0.0944488 0.0245128 0.0858128 0.0806318 0.0657919 0.0499592 0.0743994 0.0863931 0.0288118 0.0915186 0.0314265 0.0847653 0.1025186 0.0884915 0.0843627 0.0743841 0.0644148 0.0378758 0.0950232 0.0364808 0.0698097 0.0897403 0.0000000 0.0927509 0.0346617 0.0650074 0.0933556 0.0860992 0.0250665 0.0713568 0.0653785 0.0290398 0.0299662 0.0553652 0.0836767 0.1177242 0.0715088 0.0904587 0.0921771 0.0817164 0.0887366 0.0777313 0.0645042 0.0668979 0.0694922 0.0761345 0.0676117 0.0631819 0.0782988 0.0684646 0.0300352 0.0642765 0.0540249 0.0313917 0.0666878 0.0598846 0.0635376 0.0810864 0.0702143 0.0620499 0.0636265 0.0823913 0.1432382 0.0641516 0.0775141 0.0884356 0.0789264 0.0768597 0.0893834 0.0676861 0.0963534 0.0693354 0.0759027 0.0873973 0.0794470 0.0848443 0.0893203 0.0939657 0.0765135 0.0924418 0.0626293 0.0626047 0.0506637 0.0489850 0.0888965 0.0242899 0.0450447 0.0749744 0.0887149 0.0946559 0.0710990 0.0653367 0.1069287 0.0771888 0.0580974 0.0678876 0.0781959 0.1010351 0.0794979 0.0240730 0.0803720 0.0817153 0.0431841 0.0849725 0.0712259 0.0317053 0.0805666 0.0506212 0.0769944 0.0788152 0.0837052 0.0813773 0.0714996 0.0444304 0.0778183 0.0408087 0.0709302 0.0729849 0.1290320 0.0862646 0.0587251 0.0647012 0.0682090 0.0468708 0.0675173 0.0776027 0.0751099 0.0716789 
