133
S0055       0.0000000 0.1144376 0.1344748 0.1131973 0.0733913 0.1470844 0.1336475 0.0822196 0.0750227 0.1074824 0.1184578 0.1553812 0.1511844 0.1212466 0.1641167 0.1002218 0.0956978 0.1228829 0.1678152 0.0775656 0.0649063 0.0770059 0.1179717 0.0714270 0.1097460 0.0941239 0.0843762 0.0900070 0.1638103 0.1039089 0.0899702 0.0798658 0.1707915 0.1146223 0.0817340 0.0736784 0.1278582 0.0988361 0.1053228 0.0590971 0.0734882 0.1010270 0.1359192 0.1777220 0.0883046 0.1687808 0.1096008 0.0730148 0.0873487 0.0938771 0.0674726 0.0913202 0.0930508 0.0887902 0.1007092 0.0967127 0.1566261 0.0975405 0.1099050 0.0718573 0.1170848 0.1438776 0.0961445 0.0863264 0.0873535 0.0938850 0.1155722 0.1104544 0.1774935 0.1120400 0.1941405 0.1481593 0.0924272 0.0890201 0.1652656 0.0984669 0.1739203 0.1071766 0.0979925 0.0971372 0.0737180 0.0958856 0.1786194 0.0692139 0.0936312 0.0796906 0.1036743 0.0984152 0.1011357 0.1526663 0.0954840 0.1606372 0.1455904 0.1551982 0.1727279 0.0710026 0.1707810 0.0928530 0.0877777 0.0743698 0.0596468 0.0551122 0.0956529 0.0729126 0.1065203 0.0860569 0.0885676 0.1190449 0.0760269 0.0962356 0.1173411 0.1124826 0.1062830 0.0681620 0.1190538 0.0916184 0.0820084 0.0754650 0.1364479 0.0675192 0.1099928 0.0705866 0.0745658 0.0987791 0.0984938 0.1120128 0.0760975 0.0723821 0.1495510 0.0822900 0.0775698 0.0837105 0.0793454 
S0196sl     0.1144376 0.0000000 0.1488117 0.0839186 0.1192452 0.2712904 0.1250102 0.1065003 0.1304430 0.1561253 0.1118876 0.1535499 0.1452777 0.1119288 0.1597557 0.0945461 0.1233786 0.0886499 0.1569988 0.1056474 0.1129472 0.1210923 0.1205145 0.1185963 0.1065742 0.0256915 0.1213889 0.0990743 0.1828174 0.1003562 0.1188117 0.1205802 0.1800514 0.1053292 0.1255791 0.1180979 0.1201557 0.0935293 0.1014221 0.0950554 0.1116080 0.0635265 0.0000010 0.1645800 0.1243926 0.1634401 0.1413800 0.1177149 0.1234541 0.0230151 0.1114861 0.0243698 0.0204088 0.1196311 0.0548460 0.0981182 0.1534234 0.0947453 0.1059636 0.0841356 0.1138318 0.1346552 0.1235449 0.1084723 0.1183045 0.1139898 0.1756611 0.0752334 0.1910331 0.1261862 0.1687977 0.1495016 0.1194744 0.1213569 0.1543147 0.0269945 0.1649347 0.1039530 0.1260971 0.1110238 0.1191229 0.1191006 0.1750401 0.1112631 0.1397597 0.1018823 0.1006996 0.0930530 0.0998566 0.1383122 0.1029361 0.1486848 0.1352191 0.1730329 0.1605333 0.1098851 0.1434380 0.1136227 0.1114626 0.1181679 0.1109453 0.1375409 0.1151660 0.1138207 0.1025411 0.1099200 0.1199976 0.1121087 0.1316557 0.0298027 0.1226649 0.0767766 0.1082119 0.1142381 0.0828430 0.1071673 0.1062473 0.1176016 0.1448673 0.1121327 0.1021240 0.1319270 0.1223590 0.1246312 0.1212428 0.1148721 0.1019440 0.0823756 0.1971445 0.0574916 0.1062501 0.1087526 0.0795261 
S0278       0.1344748 0.1488117 0.0000000 0.1571946 0.1467549 0.2169203 0.0866185 0.1383167 0.1672810 0.1923561 0.0745100 0.2129517 0.2051342 0.0764920 0.2223441 0.0659166 0.1699264 0.1920583 0.2156921 0.1444101 0.1406488 0.1481970 0.0795149 0.1510203 0.0652771 0.1374787 0.1598134 0.0811176 0.2095421 0.0982531 0.1533421 0.1685400 0.2294932 0.0546697 0.1622666 0.1457448 0.0692124 0.0995947 0.0975912 0.1407494 0.1404505 0.1434746 0.2533467 0.2180694 0.1638274 0.2172737 0.1748949 0.1518622 0.1463511 0.1370993 0.1417526 0.1362097 0.1342851 0.1569581 0.1439639 0.0939002 0.2076313 0.0937373 0.1109757 0.1299924 0.0863981 0.2003230 0.1589034 0.1486909 0.1440476 0.1492221 0.1941907 0.1575879 0.2187143 0.1577141 0.2264148 0.2042967 0.1492848 0.1434516 0.1984535 0.1429660 0.2173680 0.0991516 0.1600041 0.1713530 0.1536458 0.1498021 0.2202236 0.1460925 0.1700401 0.1400673 0.0663111 0.0916248 0.0973285 0.2180850 0.0999809 0.0833980 0.1893710 0.2238393 0.2183174 0.1412861 0.2067619 0.1640113 0.1418220 0.1523197 0.1339903 0.1590921 0.1531289 0.1515044 0.1046360 0.1399886 0.1432505 0.0785127 0.1528123 0.1440124 0.0821768 0.1602301 0.1041754 0.1379656 0.1665110 0.1496963 0.1531284 0.1492059 0.0837520 0.1524791 0.1160535 0.1591107 0.1529144 0.1658362 0.1719208 0.1060622 0.1351497 0.1299981 0.2107374 0.1292495 0.1475075 0.1507166 0.1383844 
S0281       0.1131973 0.0839186 0.1571946 0.0000000 0.1252565 0.1774478 0.1422696 0.1149704 0.1293669 0.1511170 0.1256334 0.1638942 0.1686737 0.1297610 0.1696067 0.1192072 0.1271580 0.1432669 0.1739797 0.1058989 0.1187164 0.1235524 0.1369615 0.1231296 0.1285769 0.0584797 0.1228904 0.1066561 0.1841740 0.1314930 0.1232172 0.1409878 0.1774136 0.1295297 0.1290305 0.1260207 0.1463570 0.1275418 0.1204456 0.1072755 0.1214712 0.0673411 0.1326190 0.1935944 0.1423533 0.1750393 0.1526556 0.1268236 0.1233645 0.0592704 0.1188633 0.0592268 0.0550739 0.1260943 0.0679147 0.1165407 0.1635013 0.1116666 0.1335759 0.1032050 0.1406414 0.1615723 0.1319728 0.1226174 0.1204861 0.1246608 0.1642213 0.0817735 0.1928655 0.1342108 0.1980150 0.1696638 0.1297342 0.1281135 0.1809473 0.0642156 0.1881243 0.1246033 0.1338385 0.1326119 0.1228579 0.1326547 0.1931055 0.1180002 0.1341592 0.1144430 0.1228933 0.1144168 0.1176946 0.1515055 0.1191332 0.1653341 0.1585482 0.1672047 0.1787841 0.1171384 0.1755000 0.1255710 0.1229331 0.1247635 0.1081653 0.1303129 0.1243720 0.1255325 0.1236473 0.1151289 0.1220477 0.1392647 0.1233517 0.0662054 0.1369308 0.0836565 0.1243648 0.1162085 0.0899220 0.1239352 0.1221753 0.1250577 0.1409797 0.1222246 0.1355838 0.1306698 0.1292828 0.1267113 0.1330198 0.1237069 0.1165901 0.1012571 0.1812973 0.0811326 0.1170715 0.1128959 0.1050559 
S0282       0.0733913 0.1192452 0.1467549 0.1252565 0.0000000 0.1674307 0.1367787 0.0890298 0.0251949 0.1073623 0.1140718 0.1695349 0.1695643 0.1206120 0.1751685 0.1079904 0.1025833 0.1298478 0.1789316 0.0791626 0.0176201 0.0329752 0.1231356 0.0760754 0.1169364 0.1026104 0.0914660 0.0870308 0.1802921 0.1142203 0.1010770 0.0851108 0.1874412 0.1169171 0.0487070 0.0315108 0.1265006 0.1121191 0.1134413 0.0736316 0.0223212 0.1053440 0.1635691 0.1862941 0.0918373 0.1832624 0.1298349 0.0339190 0.1012920 0.1023409 0.0198852 0.1042703 0.0997233 0.1037164 0.1050443 0.1031891 0.1758219 0.1039362 0.1215782 0.0787077 0.1283835 0.1600589 0.1055234 0.0975641 0.0966021 0.1023072 0.1203485 0.1267949 0.1932177 0.1186551 0.2132625 0.1656708 0.1048034 0.1023081 0.1750708 0.1079271 0.1888021 0.1117520 0.1115980 0.1092232 0.0673713 0.1059459 0.1915015 0.0237154 0.0965135 0.0884198 0.1033391 0.1038951 0.1077148 0.1664385 0.1089584 0.1653373 0.1593733 0.1776239 0.1784259 0.0298981 0.1810312 0.1004024 0.1023559 0.0290847 0.0262681 0.0816503 0.1074239 0.0698316 0.1114259 0.0895103 0.0992468 0.1217287 0.0804869 0.1120745 0.1255499 0.1288995 0.1145936 0.0193375 0.1375996 0.1016624 0.0919457 0.0377817 0.1449703 0.0674395 0.1244592 0.0748001 0.0864745 0.1063942 0.1034454 0.1203816 0.0849992 0.0818436 0.1677118 0.0881195 0.0856518 0.0861837 0.0890069 
S0288       0.1470844 0.2712904 0.2169203 0.1774478 0.1674307 0.0000000 0.2038130 0.1680618 0.1702126 0.2062984 0.1938585 0.0246275 0.1272655 0.1881009 0.0271642 0.1737831 0.1816678 0.2756495 0.0199874 0.1651634 0.1597790 0.1653977 0.1849871 0.1705241 0.1938678 0.1502490 0.1778875 0.1561015 0.0000025 0.1913293 0.1587248 0.1929389 0.1331027 0.2012917 0.1871878 0.1676590 0.2038646 0.1837741 0.1842568 0.1556101 0.1822078 0.1426396 0.0255898 0.2862163 0.2134040 0.0199703 0.1805308 0.1749094 0.1654539 0.1494766 0.1575219 0.1535103 0.1532888 0.1684752 0.1493206 0.1735070 0.1423026 0.1794799 0.1993145 0.1484221 0.1943864 0.0729737 0.1624268 0.1724898 0.1579450 0.1630405 0.2054444 0.1685678 0.2425057 0.1741327 0.1674820 0.1314795 0.1672711 0.1643634 0.2770540 0.1589038 0.2858009 0.2056010 0.1825188 0.1733758 0.1565407 0.1789386 0.2872853 0.1555750 0.1950846 0.1776436 0.1806569 0.1792923 0.1825764 0.0308403 0.1707140 0.2607122 0.1176482 0.0067549 0.0261663 0.1661289 0.1511926 0.1933339 0.1704471 0.1629212 0.1425400 0.1811801 0.1902003 0.1685184 0.1774461 0.1735822 0.1703226 0.1905938 0.1736104 0.1575282 0.1852035 0.1685702 0.1840050 0.1562834 0.1768132 0.1694700 0.1886042 0.1804197 0.2082370 0.1826469 0.1984051 0.1758141 0.1755067 0.1764875 0.1824120 0.1920197 0.1568447 0.1525875 0.2346663 0.1345639 0.1804962 0.1640041 0.1676693 
S0289       0.1336475 0.1250102 0.0866185 0.1422696 0.1367787 0.2038130 0.0000000 0.1341984 0.1596043 0.1697414 0.0740020 0.1957218 0.1923977 0.0566199 0.2028258 0.0593036 0.1548725 0.1744418 0.2003552 0.1346137 0.1301505 0.1329821 0.0663046 0.1359389 0.0662272 0.1270532 0.1425715 0.0648846 0.2058738 0.0836099 0.1440231 0.1539062 0.2130071 0.0600962 0.1491603 0.1385666 0.0755158 0.0903628 0.0856860 0.1281300 0.1348018 0.1383219 0.2288100 0.2058578 0.1603421 0.2061482 0.1712289 0.1387525 0.1360829 0.1267088 0.1331028 0.1268782 0.1239690 0.1420830 0.1344249 0.0846937 0.1960340 0.0801554 0.1010549 0.1172561 0.0832282 0.1890562 0.1497847 0.1385203 0.1322215 0.1406898 0.1798491 0.1474609 0.2028126 0.1437325 0.2324065 0.1953722 0.1454734 0.1410945 0.1907595 0.1316812 0.2041493 0.0880225 0.1466739 0.1569605 0.1375586 0.1444353 0.2046517 0.1331761 0.1571890 0.1321191 0.0571881 0.0800493 0.0853386 0.2003556 0.0905714 0.1228695 0.1792202 0.2164883 0.2064038 0.1333453 0.1979426 0.1507411 0.1395232 0.1389990 0.1226725 0.1465994 0.1435945 0.1375970 0.0942311 0.1303855 0.1382424 0.0714050 0.1356796 0.1323486 0.0702437 0.1509676 0.0873761 0.1274600 0.1563855 0.1424190 0.1425307 0.1375523 0.0837897 0.1429068 0.1014668 0.1433320 0.1409605 0.1525965 0.1568009 0.0938727 0.1235607 0.1171399 0.2044857 0.1230925 0.1383687 0.1424056 0.1294243 
S0292       0.0822196 0.1065003 0.1383167 0.1149704 0.0890298 0.1680618 0.1341984 0.0000000 0.0935348 0.1251113 0.1080859 0.1642218 0.1637001 0.1177279 0.1749173 0.1044156 0.0864262 0.1080460 0.1739371 0.0853382 0.0810526 0.0891778 0.1175171 0.0940251 0.1135003 0.0919960 0.0946513 0.0849700 0.1728481 0.1065432 0.0873610 0.1015295 0.1651531 0.1122397 0.1016330 0.0867318 0.1284274 0.1003632 0.1088396 0.0742651 0.0835704 0.1073406 0.1599575 0.1771935 0.1059879 0.1750392 0.1126358 0.0922750 0.0863806 0.0917537 0.0828769 0.0882665 0.0909249 0.0884520 0.1102362 0.0956006 0.1604618 0.1036764 0.1078163 0.0612033 0.1159825 0.1482765 0.0917539 0.0831024 0.0837892 0.0876506 0.1303064 0.1188886 0.1796094 0.1032883 0.1882781 0.1458642 0.0955431 0.0919647 0.1666472 0.0963676 0.1782830 0.1101325 0.1001294 0.0890006 0.0902997 0.0461609 0.1785798 0.0829352 0.1149703 0.0730055 0.1034801 0.1045643 0.1056505 0.1648994 0.0965038 0.1586237 0.1434695 0.1780542 0.1756230 0.0811726 0.1667988 0.0854441 0.0278005 0.0900574 0.0740569 0.0971635 0.0435438 0.0912862 0.1064151 0.0269148 0.0255766 0.1192389 0.0963903 0.0950325 0.1218567 0.1230099 0.1126015 0.0783725 0.1278977 0.0356871 0.0738171 0.0966065 0.1378706 0.0887722 0.1107793 0.0968575 0.0912403 0.0850833 0.0874677 0.1173491 0.0760328 0.0642792 0.1495615 0.0892238 0.0703530 0.0908132 0.0680309 
S0293       0.0750227 0.1304430 0.1672810 0.1293669 0.0251949 0.1702126 0.1596043 0.0935348 0.0000000 0.1036162 0.1292960 0.1578666 0.1518356 0.1420234 0.1795604 0.1244435 0.1078115 0.1420470 0.1809395 0.0854677 0.0185569 0.0344771 0.1431789 0.0666431 0.1324822 0.1041699 0.0912467 0.0999978 0.1377275 0.1260743 0.1092827 0.0856949 0.1697896 0.1303131 0.0655695 0.0381406 0.1389323 0.1223795 0.1169834 0.0776941 0.0286195 0.1128543 0.1628884 0.1912184 0.0920196 0.1800667 0.1382586 0.0334697 0.1031592 0.1079805 0.0219333 0.1108605 0.1053599 0.1053314 0.1028102 0.1126375 0.1602888 0.1098832 0.1323728 0.0840570 0.1390264 0.1500674 0.1145927 0.1044285 0.1077984 0.1082477 0.1150782 0.1130652 0.1993321 0.1269696 0.1901886 0.1696366 0.1060466 0.1036630 0.1752122 0.1120504 0.1967076 0.1310018 0.1178301 0.1208606 0.0779444 0.1142511 0.1990335 0.0241934 0.0892684 0.1013048 0.1201386 0.1113065 0.1140339 0.1725835 0.1186377 0.1957534 0.1675576 0.1339035 0.1875124 0.0276025 0.1673891 0.1069907 0.1088900 0.0287227 0.0291655 0.0888267 0.1181301 0.0722969 0.1147741 0.0936939 0.1042449 0.1336217 0.0853542 0.1139179 0.1401646 0.1161492 0.1186824 0.0198096 0.1261621 0.1063529 0.0987380 0.0381955 0.1596309 0.0713444 0.1325942 0.0708789 0.0992090 0.1121832 0.1078802 0.1292534 0.0963571 0.0848998 0.1733046 0.0944263 0.0923701 0.0879408 0.0918972 
S0294       0.1074824 0.1561253 0.1923561 0.1511170 0.1073623 0.2062984 0.1697414 0.1251113 0.1036162 0.0000000 0.1600259 0.2112532 0.2043523 0.1632700 0.2217667 0.1468887 0.1393646 0.1701927 0.2247183 0.1089589 0.0990685 0.1100222 0.1670907 0.1055655 0.1619159 0.1356381 0.1241009 0.1262189 0.2138951 0.1578132 0.1366404 0.1173112 0.2205406 0.1610138 0.1231813 0.1096644 0.1776314 0.1502747 0.1542828 0.0989131 0.1033352 0.1458499 0.2086457 0.2192869 0.1313902 0.2240473 0.1716703 0.1088331 0.1343293 0.1352687 0.1009745 0.1373846 0.1343918 0.1344024 0.1483756 0.1441019 0.2108128 0.1467984 0.1576012 0.1175546 0.1748533 0.1963599 0.1474929 0.1330576 0.1318294 0.1343686 0.0718183 0.1607836 0.2208272 0.1612317 0.2482635 0.2034674 0.1417314 0.1364220 0.2093133 0.1403532 0.2199513 0.1532832 0.1447467 0.1370813 0.1133388 0.1386729 0.2287654 0.0992802 0.1299685 0.1274230 0.1480437 0.1467186 0.1527624 0.2119362 0.1471029 0.2227265 0.1879392 0.2283592 0.2304595 0.1065846 0.2194519 0.1350739 0.1313288 0.1048416 0.0964219 0.1176114 0.1403817 0.1152825 0.1485043 0.1232804 0.1321860 0.1677704 0.1144269 0.1439546 0.1744185 0.1641691 0.1520536 0.1003170 0.1717563 0.1320080 0.1247448 0.1097972 0.1836477 0.1083914 0.1615803 0.1096230 0.1103781 0.1405890 0.1441478 0.1611076 0.1230681 0.1193344 0.1893784 0.1219305 0.1218011 0.1196222 0.1210639 
S0299       0.1184578 0.1118876 0.0745100 0.1256334 0.1140718 0.1938585 0.0740020 0.1080859 0.1292960 0.1600259 0.0000000 0.1841577 0.1839958 0.0616293 0.1824265 0.0475976 0.1351363 0.1195526 0.1949269 0.1108709 0.1092080 0.1133122 0.0633058 0.1172035 0.0474703 0.0981872 0.1247288 0.0531296 0.1913925 0.0657324 0.1187860 0.1311031 0.2020479 0.0551081 0.1275280 0.1132201 0.0637886 0.0674443 0.0773852 0.1107106 0.1097040 0.1073685 0.5030729 0.1857278 0.1320918 0.1975936 0.1323531 0.1183267 0.1149778 0.0956947 0.1142994 0.0969722 0.0945722 0.1209660 0.1057579 0.0695195 0.1867014 0.0725787 0.0763836 0.0938876 0.0576993 0.1658253 0.1249566 0.1122462 0.1077701 0.1128124 0.1656695 0.1201506 0.1909994 0.1211162 0.2100246 0.1728263 0.1211285 0.1212451 0.1721270 0.0992194 0.1948767 0.0724779 0.1218261 0.1243298 0.1125754 0.1155852 0.1953951 0.1090732 0.1378609 0.1053522 0.0475033 0.0723567 0.0760809 0.1940633 0.0672948 0.0872352 0.1498589 0.2167244 0.1876932 0.1091647 0.1828021 0.1262955 0.1140843 0.1192137 0.1040111 0.1232019 0.1105509 0.1102792 0.0803205 0.1069491 0.1127792 0.0618803 0.1208550 0.1044720 0.0717038 0.1217622 0.0819703 0.1056601 0.1357819 0.1083436 0.1114346 0.1143512 0.0796441 0.1176380 0.0845047 0.1210839 0.1262676 0.1255122 0.1335270 0.0854498 0.0975171 0.0901468 0.1958344 0.0993841 0.1111907 0.1182152 0.1006554 
S0303       0.1553812 0.1535499 0.2129517 0.1638942 0.1695349 0.0246275 0.1957218 0.1642218 0.1578666 0.2112532 0.1841577 0.0000000 0.1170819 0.1843103 0.0151715 0.1675652 0.1820663 0.2190260 0.0133732 0.1637280 0.1612264 0.1655967 0.1908224 0.1745511 0.1819014 0.1307869 0.1803255 0.1437783 0.0035380 0.1703715 0.1615458 0.1826959 0.1390673 0.1882474 0.1772202 0.1658972 0.1977613 0.1737708 0.1701931 0.1534542 0.1715749 0.1373935 0.0100768 0.2432584 0.1921832 0.0117034 0.1864413 0.1659641 0.1666680 0.1316089 0.1612910 0.1305469 0.1293052 0.1731187 0.1377763 0.1721658 0.1390969 0.1652055 0.1784879 0.1508813 0.1847646 0.0648069 0.1696845 0.1722475 0.1625755 0.1592592 0.2276795 0.1596135 0.2404713 0.1855398 0.1555904 0.1165109 0.1739568 0.1752798 0.2300198 0.1337724 0.2448782 0.1794024 0.1821442 0.1664480 0.1530475 0.1798236 0.2425800 0.1571429 0.1893515 0.1683876 0.1712531 0.1649660 0.1683952 0.0124842 0.1727868 0.2359657 0.1101212 0.0084612 0.0150101 0.1566165 0.1324810 0.1852615 0.1723903 0.1622037 0.1508416 0.1775344 0.1851832 0.1613638 0.1680641 0.1615874 0.1684105 0.1857061 0.1773359 0.1331772 0.1900124 0.1593186 0.1757928 0.1572015 0.1710276 0.1679951 0.1771773 0.1676734 0.2083419 0.1676999 0.1828049 0.1693576 0.1740257 0.1759802 0.1815106 0.1819375 0.1555876 0.1536490 0.2343184 0.1278783 0.1734482 0.1658442 0.1610485 
S0308       0.1511844 0.1452777 0.2051342 0.1686737 0.1695643 0.1272655 0.1923977 0.1637001 0.1518356 0.2043523 0.1839958 0.1170819 0.0000000 0.1771386 0.1165958 0.1668891 0.1749860 0.1955266 0.1244741 0.1617345 0.1590780 0.1643328 0.1760445 0.1739605 0.1737378 0.1334626 0.1762105 0.1404975 0.1357346 0.1648346 0.1667841 0.1877815 0.1504525 0.1782988 0.1815354 0.1681477 0.1931565 0.1647884 0.1683829 0.1536052 0.1642347 0.1418977 0.0817393 0.2442076 0.1916378 0.1240878 0.1845025 0.1675820 0.1625472 0.1330716 0.1602652 0.1332511 0.1321919 0.1744849 0.1406761 0.1692482 0.1405997 0.1594766 0.1760300 0.1414437 0.1851371 0.0946190 0.1742167 0.1772616 0.1669923 0.1617243 0.2141903 0.1605629 0.2504359 0.1773930 0.1677251 0.1276319 0.1689146 0.1690248 0.2309939 0.1360896 0.2420659 0.1750473 0.1863836 0.1706683 0.1605357 0.1844649 0.2445856 0.1617542 0.1878557 0.1650437 0.1586172 0.1581982 0.1620504 0.0901683 0.1633071 0.2212818 0.1143688 0.1309452 0.1270473 0.1598642 0.1490524 0.1723047 0.1748464 0.1671051 0.1519967 0.1734921 0.1797453 0.1646981 0.1595365 0.1674550 0.1716324 0.1806882 0.1734380 0.1377953 0.1770584 0.1606426 0.1681444 0.1556704 0.1735001 0.1765198 0.1695271 0.1673371 0.2069256 0.1732108 0.1727665 0.1657881 0.1712608 0.1737429 0.1797067 0.1757427 0.1602686 0.1418219 0.2283294 0.1255511 0.1650986 0.1641775 0.1511483 
S0320       0.1212466 0.1119288 0.0764920 0.1297610 0.1206120 0.1881009 0.0566199 0.1177279 0.1420234 0.1632700 0.0616293 0.1843103 0.1771386 0.0000000 0.1840643 0.0483360 0.1358428 0.1542074 0.1847050 0.1167196 0.1169514 0.1215954 0.0552498 0.1228960 0.0533897 0.1079192 0.1283004 0.0560821 0.1967900 0.0737205 0.1311543 0.1392508 0.1929731 0.0541987 0.1390623 0.1250684 0.0667649 0.0811140 0.0766087 0.1168822 0.1222982 0.1183311 0.2018103 0.1986854 0.1414191 0.1912848 0.1519577 0.1292023 0.1282612 0.1076329 0.1198136 0.1077741 0.1049962 0.1285540 0.1175448 0.0743047 0.1777158 0.0720316 0.0908816 0.1000147 0.0754158 0.1673345 0.1377855 0.1270200 0.1206744 0.1316011 0.1709533 0.1285100 0.1984118 0.1318218 0.2076051 0.1775102 0.1338011 0.1294209 0.1812917 0.1133053 0.1941678 0.0777911 0.1406212 0.1349768 0.1229767 0.1285358 0.1992403 0.1199751 0.1450981 0.1140321 0.0462067 0.0719377 0.0769607 0.1777519 0.0812907 0.1125786 0.1579415 0.2106090 0.1823908 0.1200285 0.1758795 0.1355835 0.1210311 0.1255671 0.1078133 0.1328416 0.1261737 0.1258857 0.0815203 0.1178480 0.1188345 0.0617361 0.1254648 0.1108689 0.0594277 0.1318187 0.0790903 0.1142330 0.1358272 0.1198298 0.1252954 0.1251738 0.0735324 0.1302774 0.0944249 0.1318836 0.1285143 0.1349226 0.1426762 0.0852891 0.1132357 0.1007100 0.1971987 0.1062631 0.1192157 0.1240133 0.1108137 
S0322       0.1641167 0.1597557 0.2223441 0.1696067 0.1751685 0.0271642 0.2028258 0.1749173 0.1795604 0.2217667 0.1824265 0.0151715 0.1165958 0.1840643 0.0000000 0.1697968 0.1842110 0.2022260 0.0085716 0.1671943 0.1719029 0.1742304 0.1896495 0.1819877 0.1847707 0.1381409 0.1824073 0.1546728 0.0024219 0.1845421 0.1654413 0.1928172 0.1395368 0.1935007 0.1956261 0.1809063 0.1996933 0.1748875 0.1818374 0.1565287 0.1745909 0.1482015 0.0394188 0.2669235 0.2056680 0.0147756 0.1941569 0.1816785 0.1724544 0.1388606 0.1705947 0.1414028 0.1389265 0.1792331 0.1469544 0.1642086 0.1448112 0.1776400 0.1894202 0.1523230 0.1887598 0.0641017 0.1710932 0.1810180 0.1690088 0.1669084 0.2295079 0.1624930 0.2611497 0.1793352 0.1424876 0.1295157 0.1792993 0.1764910 0.2545913 0.1436854 0.2695279 0.1907837 0.1924939 0.1717168 0.1689126 0.1808972 0.2702223 0.1689217 0.1894242 0.1787400 0.1751228 0.1762116 0.1811218 0.0162299 0.1734373 0.2244559 0.1228768 0.0208255 0.0117406 0.1734922 0.1322813 0.1892165 0.1733745 0.1769177 0.1591851 0.1893168 0.1855199 0.1723888 0.1728834 0.1728805 0.1739904 0.1866194 0.1819587 0.1454965 0.1942213 0.1624956 0.1878026 0.1689554 0.1730054 0.1714515 0.1833333 0.1802544 0.2131210 0.1773494 0.1872365 0.1740406 0.1827782 0.1823547 0.1834750 0.1886227 0.1654671 0.1542765 0.2418737 0.1384669 0.1795298 0.1688251 0.1648089 
S0327       0.1002218 0.0945461 0.0659166 0.1192072 0.1079904 0.1737831 0.0593036 0.1044156 0.1244435 0.1468887 0.0475976 0.1675652 0.1668891 0.0483360 0.1697968 0.0000000 0.1304419 0.1484441 0.1709768 0.1031912 0.1026595 0.1110908 0.0435910 0.1094485 0.0362701 0.0933416 0.1164240 0.0376176 0.1702809 0.0573257 0.1146134 0.1236470 0.1836279 0.0426068 0.1241101 0.1104815 0.0556760 0.0568239 0.0591241 0.0939357 0.1027798 0.1060055 0.2013890 0.1788629 0.1272660 0.1730473 0.1323763 0.1144654 0.1114384 0.0930966 0.1054337 0.0949939 0.0905211 0.1175690 0.1058791 0.0467505 0.1644121 0.0547950 0.0677222 0.0855274 0.0540810 0.1510833 0.1208654 0.1095142 0.1042928 0.1139429 0.1543838 0.1143565 0.1711002 0.1172652 0.1866576 0.1644680 0.1196550 0.1153553 0.1652749 0.1004003 0.1771807 0.0537018 0.1244415 0.1224285 0.1084689 0.1169730 0.1807801 0.1082579 0.1318396 0.0989019 0.0316658 0.0547256 0.0592079 0.1683110 0.0575343 0.0982018 0.1500790 0.1853520 0.1685492 0.1046949 0.1587227 0.1257168 0.1075555 0.1139136 0.0934953 0.1132571 0.1173580 0.1067027 0.0638572 0.1073373 0.1080550 0.0492966 0.1138550 0.1017519 0.0471926 0.1175411 0.0632799 0.0979340 0.1244127 0.1113189 0.1127653 0.1105734 0.0669136 0.1138890 0.0712212 0.1134793 0.1034038 0.1278607 0.1324934 0.0659126 0.0963401 0.0861120 0.1751155 0.0897491 0.1077655 0.1068790 0.0949626 
S0335       0.0956978 0.1233786 0.1699264 0.1271580 0.1025833 0.1816678 0.1548725 0.0864262 0.1078115 0.1393646 0.1351363 0.1820663 0.1749860 0.1358428 0.1842110 0.1304419 0.0000000 0.0795405 0.1885455 0.0965889 0.0935007 0.1037688 0.1463519 0.1052690 0.1389968 0.1124131 0.1091527 0.1108952 0.2019202 0.1353184 0.0955913 0.1188923 0.1974773 0.1361620 0.1132984 0.1048000 0.1464938 0.1292738 0.1292355 0.0890580 0.0943920 0.1248088 0.1767248 0.1941945 0.1120104 0.1903509 0.1330671 0.1076240 0.0959823 0.1111846 0.0953798 0.1104291 0.1103404 0.0966315 0.1270488 0.1226427 0.1864422 0.1191801 0.1382569 0.0812354 0.1420192 0.1705555 0.1009408 0.0894815 0.0893496 0.0986361 0.1408425 0.1356055 0.2011889 0.1233782 0.2186241 0.1733067 0.1022732 0.0996621 0.1797995 0.1168597 0.1876786 0.1288155 0.1029129 0.0791506 0.1045181 0.1106930 0.1957547 0.0979566 0.1239510 0.0823319 0.1277054 0.1200141 0.1233943 0.1732812 0.1250736 0.1873336 0.1660120 0.1912218 0.1957721 0.1009855 0.1919192 0.0508179 0.0967922 0.1025603 0.0889648 0.1103645 0.1064926 0.1073645 0.1313822 0.0927930 0.0957363 0.1417024 0.1089151 0.1183463 0.1529226 0.1377714 0.1302472 0.0945005 0.1489021 0.0987857 0.0671777 0.1066370 0.1641931 0.1049997 0.1403357 0.1112692 0.1066327 0.0529967 0.0336296 0.1340762 0.0815935 0.0818337 0.1662620 0.1084039 0.0620709 0.1039911 0.0888578 
S0345       0.1228829 0.0886499 0.1920583 0.1432669 0.1298478 0.2756495 0.1744418 0.1080460 0.1420470 0.1701927 0.1195526 0.2190260 0.1955266 0.1542074 0.2022260 0.1484441 0.0795405 0.0000000 0.2184960 0.1187306 0.1215706 0.1348215 0.1586294 0.1232338 0.1504262 0.1276735 0.1382632 0.0884921 0.2180136 0.1471332 0.1137516 0.1487626 0.2256550 0.1599276 0.1306527 0.1236518 0.1674073 0.1316582 0.1545532 0.1160872 0.1298345 0.1338165 0.2555759 0.2202272 0.1335743 0.2162398 0.1553174 0.1322000 0.1119582 0.1255195 0.1217509 0.1224623 0.1208901 0.1258315 0.1348460 0.1086010 0.1966232 0.1472690 0.1456780 0.0959340 0.1571218 0.1952109 0.1178864 0.1137585 0.1123633 0.1174708 0.1906871 0.1525153 0.2396439 0.1584360 0.2009511 0.2064730 0.1228314 0.1235745 0.1963917 0.1290110 0.2086625 0.1040423 0.1387412 0.1097163 0.1363061 0.1226411 0.2188479 0.1265193 0.1282993 0.1059935 0.1439577 0.1522215 0.1590698 0.1906290 0.1335521 0.1891016 0.1870758 0.2456320 0.1878554 0.1249670 0.1759224 0.0572532 0.1156954 0.1364007 0.1187241 0.1303585 0.1214471 0.1362054 0.1415830 0.1034827 0.1097949 0.1667397 0.1215116 0.1311936 0.1797606 0.1541976 0.1611920 0.1191430 0.1684078 0.1109983 0.0958614 0.1300266 0.1892282 0.1194873 0.1489862 0.1194967 0.1279636 0.0540991 0.0722814 0.1625843 0.0978904 0.0953514 0.1938781 0.1249491 0.0910818 0.1343757 0.1065919 
S0355       0.1678152 0.1569988 0.2156921 0.1739797 0.1789316 0.0199874 0.2003552 0.1739371 0.1809395 0.2247183 0.1949269 0.0133732 0.1244741 0.1847050 0.0085716 0.1709768 0.1885455 0.2184960 0.0000000 0.1719064 0.1726520 0.1757471 0.1915095 0.1844480 0.1854604 0.1376505 0.1867316 0.1564428 0.0080057 0.1831685 0.1732190 0.1950959 0.1456575 0.1906932 0.1902360 0.1771649 0.2004685 0.1762900 0.1811514 0.1598595 0.1810886 0.1454794 0.0251201 0.2551091 0.2065366 0.0146172 0.1971257 0.1794323 0.1755347 0.1382144 0.1714815 0.1403726 0.1373231 0.1886275 0.1452674 0.1745783 0.1409499 0.1756405 0.1889099 0.1563332 0.1958480 0.0658122 0.1800987 0.1862532 0.1743033 0.1743947 0.2321883 0.1647036 0.2513504 0.1855310 0.1544967 0.1249777 0.1836582 0.1829736 0.2378239 0.1432626 0.2572069 0.1900948 0.1976726 0.1761037 0.1701373 0.1861698 0.2579593 0.1702301 0.1970272 0.1778296 0.1752891 0.1752497 0.1787696 0.0114037 0.1733825 0.2311353 0.1155040 0.0167278 0.0136117 0.1699807 0.1370936 0.1907170 0.1787523 0.1781508 0.1606743 0.1893163 0.1900269 0.1710188 0.1756965 0.1757077 0.1777684 0.1865502 0.1848590 0.1459965 0.1928041 0.1647055 0.1848520 0.1683476 0.1780166 0.1782522 0.1871068 0.1799660 0.2166267 0.1809530 0.1913931 0.1775435 0.1803996 0.1836913 0.1866805 0.1914841 0.1676343 0.1568537 0.2494838 0.1319408 0.1813436 0.1736906 0.1663752 
S0376       0.0775656 0.1056474 0.1444101 0.1058989 0.0791626 0.1651634 0.1346137 0.0853382 0.0854677 0.1089589 0.1108709 0.1637280 0.1617345 0.1167196 0.1671943 0.1031912 0.0965889 0.1187306 0.1719064 0.0000000 0.0706001 0.0726028 0.1191934 0.0731190 0.1149491 0.0890265 0.0409597 0.0878981 0.1740937 0.1142305 0.0890097 0.0921080 0.1724686 0.1158003 0.0904899 0.0726797 0.1290211 0.1035740 0.1156696 0.0650214 0.0699062 0.0976846 0.1632008 0.1777879 0.0969086 0.1708694 0.1176802 0.0813989 0.0890848 0.0913869 0.0723572 0.0932607 0.0905688 0.0953014 0.1030448 0.0946456 0.1625372 0.1041334 0.1147425 0.0730175 0.1198044 0.1468080 0.0977763 0.0886264 0.0874264 0.0910180 0.1180275 0.1218807 0.1744330 0.1155796 0.1957796 0.1462082 0.0936756 0.0946450 0.1689874 0.0959392 0.1708078 0.1049281 0.1037822 0.0953859 0.0717699 0.1012544 0.1765180 0.0724451 0.0977843 0.0794187 0.1031862 0.1050112 0.1079224 0.1582755 0.1023567 0.1610494 0.1478609 0.1762271 0.1691929 0.0708004 0.1653106 0.0935178 0.0930409 0.0767830 0.0578474 0.0867622 0.1017351 0.0734541 0.1086420 0.0882358 0.0927291 0.1207690 0.0862053 0.0972593 0.1236005 0.1239570 0.1148116 0.0706367 0.1307043 0.0939218 0.0827772 0.0761587 0.1379480 0.0802358 0.1166563 0.0875104 0.0724958 0.0967820 0.1038523 0.1187949 0.0778296 0.0718492 0.1591351 0.0905314 0.0818332 0.0306005 0.0831760 
S0400       0.0649063 0.1129472 0.1406488 0.1187164 0.0176201 0.1597790 0.1301505 0.0810526 0.0185569 0.0990685 0.1092080 0.1612264 0.1590780 0.1169514 0.1719029 0.1026595 0.0935007 0.1215706 0.1726520 0.0706001 0.0000000 0.0268263 0.1166592 0.0678586 0.1105490 0.0955267 0.0817409 0.0888530 0.1694432 0.1061028 0.0937589 0.0763764 0.1789653 0.1096148 0.0422994 0.0237965 0.1181559 0.1030495 0.1053256 0.0641758 0.0114592 0.1000872 0.1423088 0.1754049 0.0830157 0.1758222 0.1209278 0.0276807 0.0938956 0.0952768 0.0124113 0.0971751 0.0926869 0.0963672 0.1014912 0.0974789 0.1661705 0.0959694 0.1123563 0.0717907 0.1203827 0.1497927 0.0990331 0.0912554 0.0893454 0.0949504 0.1107302 0.1163588 0.1829519 0.1129214 0.2049456 0.1562678 0.0954694 0.0929285 0.1655148 0.1007852 0.1778501 0.1092646 0.1059108 0.1000740 0.0606495 0.1014480 0.1804750 0.0169073 0.0875740 0.0804854 0.0979701 0.0959320 0.0995643 0.1546833 0.1007523 0.1612846 0.1456543 0.1627215 0.1777101 0.0214719 0.1767359 0.0941351 0.0950535 0.0214371 0.0178402 0.0763765 0.1011489 0.0614253 0.1006472 0.0841346 0.0919551 0.1134510 0.0726150 0.1039224 0.1197830 0.1184080 0.1064484 0.0125197 0.1269287 0.0943579 0.0803722 0.0299581 0.1401097 0.0590597 0.1151908 0.0663219 0.0768989 0.0972307 0.0943525 0.1121466 0.0779759 0.0748389 0.1650266 0.0838720 0.0742441 0.0774908 0.0819534 
S0405       0.0770059 0.1210923 0.1481970 0.1235524 0.0329752 0.1653977 0.1329821 0.0891778 0.0344771 0.1100222 0.1133122 0.1655967 0.1643328 0.1215954 0.1742304 0.1110908 0.1037688 0.1348215 0.1757471 0.0726028 0.0268263 0.0000000 0.1216301 0.0734633 0.1164008 0.0982509 0.0864787 0.0967841 0.1693643 0.1136831 0.1004455 0.0879731 0.1820349 0.1172851 0.0520438 0.0285010 0.1212090 0.1106428 0.1126603 0.0720521 0.0336361 0.1039183 0.1459496 0.1825919 0.0883940 0.1768303 0.1313361 0.0387190 0.1003610 0.0997752 0.0291544 0.1016949 0.0971656 0.1029117 0.1062283 0.1036232 0.1647872 0.1024681 0.1219616 0.0796271 0.1268957 0.1547413 0.1085373 0.1005396 0.0986622 0.1044075 0.1203405 0.1288426 0.1887508 0.1158987 0.2023091 0.1615492 0.1060264 0.1044254 0.1768916 0.1035353 0.1861172 0.1148753 0.1117190 0.1093145 0.0666312 0.1051641 0.1856070 0.0314834 0.0975375 0.0903963 0.1045631 0.1024276 0.1052847 0.1621937 0.1093411 0.1632856 0.1531360 0.1721774 0.1804952 0.0284389 0.1710090 0.1044800 0.1007421 0.0369786 0.0240294 0.0888512 0.1057882 0.0692889 0.1117731 0.0904978 0.0985243 0.1174413 0.0841777 0.1094600 0.1230346 0.1297577 0.1119866 0.0294619 0.1397017 0.0998683 0.0930749 0.0378960 0.1474166 0.0718332 0.1229602 0.0767072 0.0876486 0.1057683 0.1055314 0.1149653 0.0869694 0.0810370 0.1682688 0.0935245 0.0885015 0.0795503 0.0899497 
S0407sl     0.1179717 0.1205145 0.0795149 0.1369615 0.1231356 0.1849871 0.0663046 0.1175171 0.1431789 0.1670907 0.0633058 0.1908224 0.1760445 0.0552498 0.1896495 0.0435910 0.1463519 0.1586294 0.1915095 0.1191934 0.1166592 0.1216301 0.0000000 0.1203290 0.0478730 0.1106855 0.1267973 0.0533081 0.1865032 0.0671063 0.1292076 0.1381578 0.2009203 0.0494378 0.1369496 0.1219891 0.0671024 0.0707500 0.0732153 0.1104952 0.1170104 0.1221695 0.1958898 0.1883943 0.1412134 0.1948499 0.1516673 0.1289619 0.1239667 0.1122348 0.1165182 0.1113452 0.1095606 0.1341754 0.1203807 0.0655680 0.1741225 0.0678426 0.0810016 0.1044038 0.0627340 0.1696007 0.1337284 0.1276714 0.1213489 0.1295488 0.1788005 0.1332778 0.1873886 0.1334568 0.2031087 0.1770735 0.1337379 0.1264138 0.1767874 0.1152486 0.1890205 0.0759202 0.1361818 0.1440351 0.1225244 0.1213690 0.1937970 0.1224644 0.1481658 0.1158549 0.0439622 0.0669038 0.0709213 0.1883925 0.0690858 0.1112244 0.1620464 0.1948043 0.1954846 0.1178890 0.1784858 0.1437655 0.1198419 0.1283307 0.1083388 0.1305841 0.1258871 0.1235755 0.0806347 0.1204458 0.1205054 0.0562063 0.1282603 0.1194928 0.0274575 0.1366489 0.0756866 0.1138254 0.1438481 0.1235465 0.1300432 0.1256212 0.0760070 0.1311996 0.0839271 0.1316019 0.1233723 0.1446184 0.1506556 0.0802479 0.1148028 0.1032966 0.1866465 0.1085765 0.1247882 0.1249097 0.1114057 
S0412sl     0.0714270 0.1185963 0.1510203 0.1231296 0.0760754 0.1705241 0.1359389 0.0940251 0.0666431 0.1055655 0.1172035 0.1745511 0.1739605 0.1228960 0.1819877 0.1094485 0.1052690 0.1232338 0.1844480 0.0731190 0.0678586 0.0734633 0.1203290 0.0000000 0.1203320 0.0972013 0.0877528 0.0913341 0.1718814 0.1135505 0.0999489 0.0811112 0.1881452 0.1221564 0.0862282 0.0725538 0.1331831 0.1082715 0.1181251 0.0696088 0.0685892 0.1065551 0.1601895 0.1737878 0.0543226 0.1891589 0.1185221 0.0801914 0.1001989 0.0988314 0.0661677 0.0961203 0.0979453 0.1008108 0.1102697 0.1013848 0.1754341 0.1106041 0.1153183 0.0789933 0.1262649 0.1579936 0.1056341 0.0953726 0.0932147 0.0993107 0.1212894 0.1198316 0.1666461 0.1137533 0.2114961 0.1628696 0.1028592 0.0970177 0.1657803 0.0952480 0.1749376 0.1090314 0.1121613 0.1038730 0.0772084 0.1091982 0.1806469 0.0688982 0.0988361 0.0912755 0.1094542 0.1104869 0.1117713 0.1762034 0.1008170 0.1751698 0.1571967 0.1674451 0.1873258 0.0680714 0.1907184 0.1045625 0.1004776 0.0725852 0.0568964 0.0780971 0.1069519 0.0810589 0.1073915 0.0953133 0.1002326 0.1181463 0.0794539 0.1012966 0.1261770 0.1220473 0.1176993 0.0686786 0.1283370 0.0978742 0.0941189 0.0755766 0.1411353 0.0826400 0.1173033 0.0848475 0.0845105 0.1058983 0.1073194 0.1223319 0.0848513 0.0785234 0.1392529 0.0930686 0.0892357 0.0807103 0.0890008 
S0417       0.1097460 0.1065742 0.0652771 0.1285769 0.1169364 0.1938678 0.0662272 0.1135003 0.1324822 0.1619159 0.0474703 0.1819014 0.1737378 0.0533897 0.1847707 0.0362701 0.1389968 0.1504262 0.1854604 0.1149491 0.1105490 0.1164008 0.0478730 0.1203320 0.0000000 0.1056321 0.1258279 0.0389559 0.1978570 0.0577170 0.1219341 0.1290912 0.1965091 0.0418778 0.1314994 0.1148304 0.0600488 0.0653840 0.0670152 0.1046838 0.1135306 0.1167338 0.2225846 0.1839143 0.1339194 0.1842690 0.1440973 0.1215716 0.1178280 0.1062334 0.1133794 0.1063731 0.1035928 0.1240152 0.1168427 0.0539462 0.1718076 0.0617436 0.0766812 0.0949927 0.0552937 0.1651813 0.1282836 0.1158239 0.1132576 0.1211098 0.1687950 0.1245269 0.1842979 0.1227095 0.1912629 0.1701392 0.1269745 0.1208099 0.1700491 0.1110321 0.1857745 0.0618245 0.1296041 0.1355603 0.1161677 0.1223718 0.1894595 0.1143996 0.1416696 0.1107249 0.0323301 0.0616643 0.0655358 0.1795074 0.0644823 0.0982243 0.1636238 0.2121202 0.1787695 0.1117478 0.1665013 0.1324673 0.1149461 0.1182976 0.1013763 0.1201403 0.1228743 0.1162923 0.0735154 0.1145627 0.1163992 0.0495267 0.1251910 0.1133555 0.0500253 0.1278187 0.0704206 0.1078070 0.1367107 0.1186370 0.1217457 0.1196116 0.0672010 0.1239368 0.0750200 0.1235738 0.1140928 0.1342350 0.1422182 0.0739325 0.1050454 0.0929910 0.1782806 0.1037097 0.1166154 0.1206014 0.1028256 
S0419       0.0941239 0.0256915 0.1374787 0.0584797 0.1026104 0.1502490 0.1270532 0.0919960 0.1041699 0.1356381 0.0981872 0.1307869 0.1334626 0.1079192 0.1381409 0.0933416 0.1124131 0.1276735 0.1376505 0.0890265 0.0955267 0.0982509 0.1106855 0.0972013 0.1056321 0.0000000 0.1035052 0.0795871 0.1466714 0.1004391 0.1009874 0.1174475 0.1533032 0.1080521 0.1064048 0.1013955 0.1220571 0.0939642 0.0918030 0.0792004 0.1028121 0.0458351 0.1435771 0.1711599 0.1169406 0.1404575 0.1236575 0.1023747 0.1060625 0.0108981 0.0956421 0.0108904 0.0086862 0.1071070 0.0427046 0.0789992 0.1346348 0.0871809 0.1039658 0.0742142 0.1118130 0.1226172 0.1091062 0.1031431 0.1009946 0.1038255 0.1474206 0.0585879 0.1722294 0.1032465 0.1613699 0.1331768 0.1068145 0.1024099 0.1568228 0.0145779 0.1660185 0.0954686 0.1158264 0.1090693 0.1021827 0.1106960 0.1737623 0.0957289 0.1207482 0.0910006 0.0975691 0.0879855 0.0905733 0.1263900 0.0950911 0.1386099 0.1202179 0.1501042 0.1396249 0.0931146 0.1326926 0.1069842 0.0988094 0.1020918 0.0865390 0.1100051 0.1073547 0.1020755 0.0959330 0.0948525 0.1030626 0.1104216 0.1074580 0.0168798 0.1117111 0.0603263 0.0972243 0.0947331 0.0687739 0.1014155 0.0970499 0.1031656 0.1329043 0.1008091 0.1040198 0.1070572 0.1001644 0.1092714 0.1123458 0.1012238 0.0912733 0.0721901 0.1537866 0.0496406 0.0944013 0.0883678 0.0757849 
S0427       0.0843762 0.1213889 0.1598134 0.1228904 0.0914660 0.1778875 0.1425715 0.0946513 0.0912467 0.1241009 0.1247288 0.1803255 0.1762105 0.1283004 0.1824073 0.1164240 0.1091527 0.1382632 0.1867316 0.0409597 0.0817409 0.0864787 0.1267973 0.0877528 0.1258279 0.1035052 0.0000000 0.0960734 0.1944646 0.1240691 0.1033999 0.1008839 0.1837633 0.1292726 0.1009821 0.0839345 0.1393337 0.1168464 0.1274727 0.0821238 0.0843261 0.1109957 0.1723453 0.1841745 0.1081723 0.1890049 0.1268470 0.0884517 0.1027912 0.1059146 0.0835715 0.1069347 0.1050742 0.1035524 0.1136423 0.1064599 0.1783697 0.1155300 0.1284135 0.0858928 0.1348923 0.1595362 0.1107194 0.1020199 0.1000074 0.1046139 0.1277515 0.1271658 0.1859496 0.1286934 0.2154095 0.1643588 0.1052356 0.1062384 0.1770304 0.1134538 0.1832607 0.1161902 0.1166944 0.1129336 0.0864660 0.1082320 0.1892985 0.0845359 0.1143557 0.0910192 0.1125578 0.1164309 0.1196335 0.1723041 0.1167007 0.1807205 0.1546515 0.1886504 0.1883667 0.0811343 0.1815658 0.1060914 0.0987216 0.0871537 0.0677058 0.1022484 0.1114130 0.0865597 0.1202291 0.0984090 0.1040936 0.1315129 0.0987298 0.1100888 0.1307674 0.1292912 0.1265938 0.0844955 0.1369037 0.1032096 0.0943270 0.0865038 0.1557969 0.0941730 0.1303984 0.0947448 0.0944599 0.1114288 0.1150471 0.1295314 0.0880906 0.0839089 0.1732180 0.1049705 0.0933435 0.0482757 0.0946346 
S0428sl     0.0900070 0.0990743 0.0811176 0.1066561 0.0870308 0.1561015 0.0648846 0.0849700 0.0999978 0.1262189 0.0531296 0.1437783 0.1404975 0.0560821 0.1546728 0.0376176 0.1108952 0.0884921 0.1564428 0.0878981 0.0888530 0.0967841 0.0533081 0.0913341 0.0389559 0.0795871 0.0960734 0.0000000 0.1280329 0.0517375 0.1002241 0.0948379 0.1527577 0.0502011 0.1150683 0.0932943 0.0602684 0.0492693 0.0588050 0.0836110 0.0827502 0.0906757 0.5030729 0.1744853 0.0998641 0.1572960 0.1115929 0.0932620 0.0967646 0.0750461 0.0905690 0.0766212 0.0750461 0.0970032 0.0932470 0.0462499 0.1469866 0.0515239 0.0574991 0.0676729 0.0551969 0.1312346 0.1033733 0.0954932 0.0893085 0.0927156 0.1286227 0.0979034 0.1688317 0.0943928 0.1832311 0.1518100 0.0987977 0.1003141 0.1641119 0.0750900 0.1844682 0.0521227 0.1028075 0.1031058 0.0917758 0.1007301 0.1769980 0.0887576 0.1178912 0.0963311 0.0348987 0.0514420 0.0529947 0.1668209 0.0489590 0.0885048 0.1240681 0.1604783 0.1509590 0.0860204 0.1494733 0.1082013 0.0885413 0.0936080 0.0802944 0.1030719 0.0921489 0.0968767 0.0544685 0.0846659 0.0921158 0.0548518 0.1057282 0.0782384 0.0584699 0.0998678 0.0604365 0.0839628 0.1078829 0.0923888 0.0917215 0.0903277 0.0650482 0.0944655 0.0593196 0.0983899 0.1092480 0.1095288 0.1114145 0.0589403 0.0767646 0.0669158 0.1577420 0.0766611 0.0932836 0.0937113 0.0765328 
S0430       0.1638103 0.1828174 0.2095421 0.1841740 0.1802921 0.0000025 0.2058738 0.1728481 0.1377275 0.2138951 0.1913925 0.0035380 0.1357346 0.1967900 0.0024219 0.1702809 0.2019202 0.2180136 0.0080057 0.1740937 0.1694432 0.1693643 0.1865032 0.1718814 0.1978570 0.1466714 0.1944646 0.1280329 0.0000000 0.1854624 0.1738192 0.2078038 0.1357421 0.2076972 0.1719596 0.1682011 0.2139937 0.1605753 0.1730125 0.1646306 0.1703353 0.1390653 0.0000025 0.2294266 0.2022490 0.0096696 0.1849054 0.1769445 0.1838672 0.1390603 0.1690344 0.1391953 0.1348537 0.1844608 0.1437820 0.1650143 0.1399114 0.1710344 0.1684427 0.1647833 0.1986961 0.0660887 0.1805484 0.1791775 0.1672838 0.1709956 0.2206888 0.1779494 0.2297377 0.1952165 0.1728159 0.1119723 0.1750172 0.1725613 0.2237371 0.1415829 0.2293131 0.1754332 0.1878641 0.1790194 0.1593959 0.1991772 0.2397173 0.1668876 0.2124086 0.1758739 0.1796334 0.1701194 0.1754559 0.0000027 0.1576970 0.2380466 0.0991822 0.0065980 0.0020522 0.1611503 0.1373634 0.1968469 0.1906014 0.1667981 0.1610440 0.1911166 0.1982332 0.1715376 0.1679465 0.1804297 0.1899642 0.1921838 0.1832846 0.1492670 0.1827572 0.1754863 0.1773961 0.1646278 0.1860370 0.1958169 0.2013142 0.1680376 0.2230277 0.1822233 0.1786189 0.1782619 0.1665721 0.1942481 0.1922454 0.1828122 0.1606548 0.1691104 0.2429151 0.1146705 0.1950344 0.1801329 0.1775448 
