135
PAFTOL_019361 0.0000000 0.2143892 0.1992481 0.2316441 0.2288909 0.2191799 0.2524703 0.2388390 0.2179103 0.2252689 0.2293838 0.2352573 0.2722127 0.2439122 0.2327428 0.2627306 0.2080159 0.2237621 0.2246680 0.2604457 0.2165922 0.2255567 0.2212534 0.2221172 0.2064258 0.2123325 0.1973479 0.2301607 0.2196071 0.2535065 0.2122097 0.2252590 0.2242532 0.2631208 0.2650040 0.2466051 0.2244948 0.2206103 0.2357573 0.2140692 0.2268308 0.1984842 0.2234992 0.1980542 0.2665680 0.3107008 0.2239600 0.2824361 0.1884056 0.2210705 0.2396058 0.2012606 0.2264334 0.2001905 0.2054197 0.2353777 0.1993713 0.1945017 0.2433297 0.1989271 0.2034996 0.2021490 0.2276112 0.2300311 0.2282733 0.2265635 0.2281701 0.2373221 0.2348133 0.2510251 0.2145327 0.2296792 0.2372063 0.2722935 0.2370249 0.2374739 0.2845555 0.1998399 0.2875729 0.1916417 0.2463605 0.2146243 0.2389503 0.2357356 0.2611042 0.2870601 0.2277215 0.2273451 0.2221714 0.2105004 0.2093576 0.2620546 0.2205663 0.2443628 0.2413564 0.2568207 0.2589136 0.2230113 0.2230036 0.2346994 0.2030985 0.2271077 0.2240273 0.2198565 0.2417699 0.2188528 0.2146035 0.2164076 0.2273745 0.2231209 0.2211658 0.2109982 0.2363631 0.2520621 0.2132581 0.2175741 0.2472036 0.2491795 0.2143215 0.2246123 0.2319571 0.2265300 0.2234745 0.2243511 0.2018112 0.2150510 0.2207080 0.2170601 0.2016243 0.2052640 0.3366797 0.2024418 0.2150645 0.2304588 0.1976779 
S0055         0.2143892 0.0000000 0.0954713 0.1227662 0.1237510 0.0709117 0.1423685 0.1275602 0.1077114 0.0700294 0.0918373 0.1121970 0.1650776 0.1580754 0.1318497 0.1476425 0.1060674 0.1088017 0.0938166 0.1483169 0.0841126 0.0739198 0.0763804 0.1231600 0.0944067 0.1155334 0.0931121 0.0872983 0.1113101 0.1472262 0.1117537 0.1194895 0.1046535 0.1662439 0.1584344 0.1313016 0.0825309 0.0722962 0.1444466 0.1103612 0.1244608 0.0886223 0.0733414 0.0892429 0.1538859 0.2325064 0.0990468 0.1664557 0.1058261 0.0728157 0.1310318 0.0945554 0.0751995 0.0938702 0.0974841 0.1181723 0.0854083 0.1079885 0.1473693 0.1076727 0.1130186 0.0957094 0.1048210 0.1158347 0.1160524 0.1063945 0.1209885 0.1285487 0.0992753 0.1120976 0.1716568 0.1298116 0.1379899 0.1669661 0.1196083 0.1202102 0.2099782 0.0924671 0.2127405 0.0956307 0.1265336 0.1073928 0.1418877 0.0724353 0.1493354 0.2176354 0.0707794 0.0806327 0.1092583 0.1125097 0.1108932 0.1491696 0.1271675 0.1352983 0.1332970 0.1415111 0.1483504 0.0739363 0.1429634 0.1058785 0.0868527 0.0718756 0.0745934 0.0508471 0.1383940 0.0701132 0.1202560 0.1023638 0.1137167 0.1260316 0.0676900 0.1025465 0.1346413 0.1144685 0.1188719 0.0695024 0.1142247 0.1366071 0.1025874 0.0797365 0.1245413 0.0802845 0.1264121 0.0783246 0.0817406 0.0978968 0.1104380 0.1234736 0.0996956 0.0975264 0.2161130 0.0935567 0.1031969 0.0790316 0.0982040 
S0196sl       0.1992481 0.0954713 0.0000000 0.0934648 0.0843723 0.0832606 0.1352751 0.1047263 0.0707032 0.0849836 0.1060981 0.0977143 0.1557168 0.1505553 0.0959905 0.1411745 0.0754892 0.0818658 0.0935878 0.1376866 0.0916362 0.0830714 0.0817423 0.0904741 0.0876838 0.0792223 0.0066812 0.0908563 0.0948040 0.1415565 0.0806863 0.0781932 0.1027507 0.1627454 0.1548979 0.0983856 0.0908091 0.0814475 0.1094290 0.0869140 0.0900713 0.0734392 0.0825958 0.0404787 0.1464459 0.2093967 0.0865087 0.1589549 0.0712637 0.0839282 0.0897734 0.0066343 0.0878607 0.0056042 0.0092329 0.0753603 0.0389793 0.0782246 0.1333817 0.0738814 0.0829779 0.0595847 0.0837953 0.1131338 0.0801145 0.0720865 0.0845377 0.0862695 0.1007002 0.0930918 0.1416625 0.0990961 0.1241616 0.1550773 0.0807085 0.0804667 0.1876426 0.0076594 0.1860046 0.0725774 0.0899074 0.0761877 0.1276804 0.0901341 0.1131594 0.1872315 0.0851783 0.0942064 0.0756107 0.0864613 0.0733978 0.1396245 0.0941444 0.1054830 0.1351261 0.1379045 0.1388382 0.0811429 0.1254970 0.0987865 0.0591471 0.0849696 0.0844368 0.0943008 0.1013529 0.0811063 0.0847849 0.0694904 0.0807185 0.0972419 0.0832533 0.0152809 0.1056622 0.0940042 0.0864398 0.0798684 0.0880455 0.0989463 0.0675732 0.0903476 0.1016505 0.0882050 0.0982052 0.0888394 0.0688428 0.0803045 0.0808121 0.0912839 0.0616956 0.0569525 0.1917219 0.0476382 0.0673269 0.0931891 0.0576505 
S0278         0.2316441 0.1227662 0.0934648 0.0000000 0.1433076 0.1089397 0.1662841 0.0605256 0.1030598 0.1095325 0.1251070 0.0470044 0.1891667 0.1799443 0.0537792 0.1742397 0.0470660 0.1120970 0.1132582 0.1705788 0.1211065 0.1102673 0.1086576 0.0654735 0.1047056 0.0487508 0.0910910 0.1166770 0.0620958 0.1719982 0.0540327 0.1218161 0.1205704 0.1950768 0.1858300 0.0462936 0.1147404 0.1061268 0.0597108 0.0658185 0.0744854 0.1024832 0.1061409 0.1012813 0.1828432 0.2147418 0.1114839 0.1920451 0.0986025 0.1064431 0.1306574 0.0925631 0.1151837 0.0912045 0.0947817 0.1137776 0.1036864 0.0601042 0.1700437 0.0625477 0.0636536 0.0942078 0.0485528 0.1480785 0.1222032 0.1012768 0.1159393 0.1284627 0.1279205 0.1438227 0.1585846 0.1258553 0.1636566 0.1902489 0.1160822 0.1185315 0.1959093 0.0911323 0.1923676 0.0758952 0.1130118 0.1049593 0.1660617 0.1168306 0.1365635 0.1982841 0.1094644 0.1231804 0.1106358 0.0492335 0.0646375 0.1678792 0.0739170 0.0402609 0.1658715 0.1671491 0.1706451 0.1121065 0.1605183 0.1324640 0.0880541 0.1092272 0.1114896 0.1221989 0.1336480 0.1075565 0.0595533 0.1033694 0.1090285 0.0527422 0.1123800 0.1013874 0.0778255 0.1474244 0.0712290 0.1038204 0.1424223 0.1272438 0.1011957 0.1134466 0.0454485 0.1136554 0.0787858 0.1100690 0.0982026 0.1093437 0.1138866 0.0712006 0.0970657 0.0898787 0.2047512 0.0989956 0.0997224 0.1197542 0.0967445 
S0281         0.2288909 0.1237510 0.0843723 0.1433076 0.0000000 0.1332349 0.1432234 0.1626789 0.1169506 0.1374968 0.1573247 0.1469335 0.1663861 0.1512914 0.1515264 0.1474121 0.1305969 0.1188390 0.1163045 0.1435826 0.1298060 0.1317508 0.1332990 0.1470322 0.1435335 0.1397609 0.0828527 0.1330887 0.1473911 0.1467835 0.1378695 0.1346511 0.1387263 0.1662055 0.1596818 0.1592185 0.1359491 0.1326470 0.1730325 0.1448939 0.1477375 0.1235919 0.1332653 0.0748981 0.1503120 0.2559937 0.1406933 0.1644200 0.1297171 0.1356228 0.1491534 0.0836857 0.1405389 0.0830103 0.0852144 0.1273068 0.0708236 0.1399526 0.1375836 0.1306282 0.1396897 0.1163693 0.1357289 0.1239895 0.1361318 0.1298115 0.1333246 0.1388387 0.1485750 0.0892132 0.1921660 0.1603797 0.1317512 0.1545455 0.1272078 0.1276317 0.2406154 0.0856035 0.2360838 0.1180860 0.1463181 0.1214864 0.1346582 0.1217964 0.1609394 0.2383981 0.1384963 0.1395531 0.1274496 0.1376118 0.1293729 0.1463111 0.1545071 0.1593742 0.1397873 0.1396242 0.1418826 0.1356053 0.1291119 0.1180734 0.1086008 0.1388675 0.1349442 0.1203701 0.1422541 0.1212935 0.1487772 0.1179608 0.1298103 0.1582070 0.1264242 0.0909405 0.1584925 0.0974529 0.1409948 0.1295778 0.0870828 0.1464758 0.1170544 0.1408399 0.1572017 0.1322952 0.1597140 0.1372366 0.1242501 0.1079993 0.1206260 0.1451813 0.1235613 0.1158687 0.2439009 0.0924270 0.1230179 0.1324449 0.1184598 
S0282         0.2191799 0.0709117 0.0832606 0.1089397 0.1332349 0.0000000 0.1450487 0.1233598 0.0968293 0.0167429 0.0557343 0.1019071 0.1656164 0.1682539 0.1155288 0.1505335 0.0930936 0.1003491 0.0929055 0.1512154 0.0853801 0.0150272 0.0177639 0.1096679 0.0800553 0.0964006 0.0803666 0.0915043 0.1094316 0.1525055 0.0951940 0.1011237 0.0895742 0.1660007 0.1650924 0.1143084 0.0314873 0.0129387 0.1254040 0.0926936 0.1029040 0.0716974 0.0135209 0.0913772 0.1608296 0.2284519 0.0883096 0.1719078 0.0840222 0.0155888 0.1139837 0.0810744 0.0182556 0.0819195 0.0860645 0.1018878 0.0883946 0.0904155 0.1484965 0.0928840 0.0942954 0.0842440 0.0984828 0.1232617 0.0998759 0.0965244 0.1055738 0.1086159 0.0583918 0.1234185 0.1615226 0.1171218 0.1388158 0.1696130 0.1034987 0.1062904 0.1995634 0.0825397 0.2044429 0.0839651 0.1116983 0.0929107 0.1433110 0.0658655 0.1438247 0.2135810 0.0156548 0.0537740 0.0989178 0.0954364 0.0929060 0.1501012 0.1094712 0.1175151 0.1304741 0.1460091 0.1512057 0.0149988 0.1388451 0.1039044 0.0791004 0.0188646 0.0155375 0.0705987 0.1284007 0.0642035 0.0974818 0.0920650 0.1010776 0.1174768 0.0471852 0.0908899 0.1214336 0.1220403 0.1009127 0.0097592 0.1263875 0.1270417 0.0895073 0.0232165 0.1109467 0.0536291 0.1062601 0.0480723 0.0706882 0.0944460 0.1042745 0.1090061 0.0838896 0.0827995 0.2075262 0.0865890 0.0864825 0.0798864 0.0893557 
S0288         0.2524703 0.1423685 0.1352751 0.1662841 0.1432234 0.1450487 0.0000000 0.1865650 0.1444439 0.1447378 0.1712638 0.1587715 0.0213712 0.0794327 0.1731883 0.0110001 0.1560675 0.1441094 0.1265812 0.0088597 0.1337412 0.1449623 0.1443234 0.1709607 0.1451259 0.1606526 0.1310592 0.1414781 0.1543619 0.0041408 0.1601105 0.1598426 0.1533356 0.1006814 0.0277384 0.1753544 0.1541855 0.1436523 0.1850688 0.1674433 0.1610859 0.1406068 0.1447866 0.1328772 0.0180337 0.2920435 0.1577755 0.0276768 0.1537389 0.1462468 0.1650627 0.1333751 0.1509141 0.1310644 0.1344703 0.1466623 0.1265304 0.1590787 0.0769986 0.1485933 0.1527576 0.1398617 0.1509289 0.0465793 0.1547395 0.1418923 0.1608251 0.1579123 0.1737366 0.1300961 0.2103561 0.1755172 0.0782732 0.1080135 0.1528443 0.1549532 0.2567625 0.1287471 0.2564553 0.1363687 0.1700801 0.1410555 0.0800742 0.1374008 0.1919562 0.2733643 0.1437437 0.1558574 0.1474853 0.1594819 0.1521923 0.0093756 0.1757995 0.1797367 0.0944386 0.0057279 0.0051655 0.1466419 0.0701698 0.1348812 0.1277702 0.1440890 0.1425060 0.1330321 0.1768294 0.1296261 0.1692957 0.1399756 0.1481655 0.1726952 0.1420591 0.1421185 0.1828686 0.1359210 0.1584254 0.1388233 0.1387847 0.1757790 0.1379229 0.1452248 0.1668533 0.1553226 0.1763164 0.1548856 0.1408534 0.1270192 0.1435718 0.1640854 0.1499270 0.1403512 0.2679943 0.1297030 0.1385842 0.1332756 0.1397865 
S0289         0.2388390 0.1275602 0.1047263 0.0605256 0.1626789 0.1233598 0.1865650 0.0000000 0.1192587 0.1220228 0.1377328 0.0598903 0.2048910 0.1959821 0.0564687 0.1913941 0.0547333 0.1253670 0.1293324 0.1917771 0.1160090 0.1276444 0.1220590 0.0675674 0.1180590 0.0574169 0.1009376 0.1172224 0.0669820 0.1907421 0.0660901 0.1307667 0.1262284 0.2083072 0.2087658 0.0700275 0.1312955 0.1225319 0.0749980 0.0776566 0.0847127 0.1110647 0.1218101 0.1107762 0.1991023 0.2268006 0.1255674 0.2148810 0.1126574 0.1192787 0.1389355 0.1030631 0.1298621 0.1016666 0.1060587 0.1222547 0.1116050 0.0677138 0.1783920 0.0746986 0.0730601 0.1041511 0.0527079 0.1612086 0.1256058 0.1084449 0.1296053 0.1373657 0.1363234 0.1558129 0.1711688 0.1306627 0.1725245 0.1985622 0.1242303 0.1239645 0.2058645 0.1029702 0.2082685 0.0802470 0.1169172 0.1132551 0.1766551 0.1241956 0.1428181 0.2091320 0.1229476 0.1278535 0.1158028 0.0592604 0.0721117 0.1884758 0.0811887 0.0692100 0.1798801 0.1870107 0.1935643 0.1251572 0.1700682 0.1399834 0.1019887 0.1226569 0.1281471 0.1338914 0.1470381 0.1119336 0.0732450 0.1212382 0.1217204 0.0591830 0.1197598 0.1060710 0.0817068 0.1589407 0.0806775 0.1194662 0.1575863 0.1426799 0.1174994 0.1276876 0.0581758 0.1202142 0.0886984 0.1221523 0.1078509 0.1204195 0.1258265 0.0819611 0.1049366 0.1037685 0.2209848 0.1116118 0.1150279 0.1224140 0.1078319 
S0292         0.2179103 0.1077114 0.0707032 0.1030598 0.1169506 0.0968293 0.1444439 0.1192587 0.0000000 0.0968622 0.1167936 0.1127918 0.1641550 0.1670817 0.1110197 0.1515671 0.0874351 0.0777267 0.0851650 0.1443652 0.1066814 0.0952130 0.0980292 0.1055448 0.1003122 0.0932100 0.0697502 0.1103725 0.1037591 0.1482267 0.0947710 0.0850981 0.1044596 0.1596032 0.1655892 0.1085065 0.1006141 0.0929336 0.1172181 0.1014347 0.1042346 0.0898411 0.0954543 0.0841850 0.1546736 0.2199923 0.1053314 0.1711280 0.0799857 0.0961407 0.0943747 0.0699619 0.1000215 0.0680649 0.0726799 0.0888710 0.0861012 0.0894300 0.1486948 0.0924499 0.0929688 0.0676401 0.1046830 0.1276831 0.0882800 0.0791636 0.0898401 0.0927891 0.1191938 0.1179787 0.1609952 0.1088740 0.1435791 0.1725730 0.0885767 0.0882832 0.1984432 0.0698579 0.1929447 0.0883907 0.0977678 0.0767202 0.1463658 0.1035794 0.0711573 0.1973883 0.0973253 0.1108923 0.0792613 0.0943179 0.0882367 0.1487858 0.1097676 0.1100831 0.1469650 0.1451706 0.1487392 0.0979561 0.1391451 0.0868764 0.0156235 0.0966114 0.0966710 0.1030654 0.0565228 0.0948639 0.0958993 0.0198157 0.0230160 0.1060823 0.1016563 0.0772683 0.1218282 0.1174683 0.0978474 0.0883575 0.1240703 0.0488523 0.0701427 0.1034914 0.1114710 0.1028123 0.1119096 0.1012221 0.0822312 0.0695134 0.0764331 0.1056836 0.0729504 0.0681596 0.2109404 0.0738311 0.0697955 0.1089177 0.0687952 
S0293         0.2252689 0.0700294 0.0849836 0.1095325 0.1374968 0.0167429 0.1447378 0.1220228 0.0968622 0.0000000 0.0590703 0.1025413 0.1637829 0.1667185 0.1176122 0.1514372 0.0928613 0.1008889 0.0969261 0.1501059 0.0858677 0.0188681 0.0216694 0.1095943 0.0805120 0.0969565 0.0820716 0.0892001 0.1109329 0.1522482 0.0957382 0.1008053 0.0908780 0.1676960 0.1632399 0.1156758 0.0362538 0.0173060 0.1271803 0.0975117 0.1018763 0.0728191 0.0184771 0.0907978 0.1606298 0.2293697 0.0896247 0.1717880 0.0873286 0.0189247 0.1127279 0.0827748 0.0227278 0.0836297 0.0864715 0.1022224 0.0885964 0.0944836 0.1513663 0.0918225 0.0962008 0.0870256 0.1001799 0.1246585 0.0995519 0.0968387 0.1052664 0.1083168 0.0618138 0.1244308 0.1671514 0.1202125 0.1397858 0.1692420 0.1025568 0.1052538 0.1993921 0.0842553 0.2068695 0.0862558 0.1106355 0.0935505 0.1436263 0.0674219 0.1445666 0.2135799 0.0189711 0.0564441 0.0973676 0.0946385 0.0911768 0.1514168 0.1132846 0.1182488 0.1292824 0.1456301 0.1509395 0.0183118 0.1423507 0.1059885 0.0781882 0.0210955 0.0210207 0.0715331 0.1286248 0.0625878 0.0994114 0.0927443 0.1011394 0.1169794 0.0499228 0.0933926 0.1202226 0.1275418 0.1005706 0.0135257 0.1279395 0.1257011 0.0900265 0.0272519 0.1129290 0.0526675 0.1068645 0.0482699 0.0699321 0.0914738 0.0991973 0.1079869 0.0821133 0.0847010 0.2028815 0.0885423 0.0883131 0.0823615 0.0920191 
S0294         0.2293838 0.0918373 0.1060981 0.1251070 0.1573247 0.0557343 0.1712638 0.1377328 0.1167936 0.0590703 0.0000000 0.1175416 0.1852573 0.1859404 0.1347742 0.1780360 0.1123208 0.1193502 0.1149314 0.1748547 0.1102206 0.0562989 0.0571299 0.1291709 0.0984547 0.1146470 0.1025117 0.1073363 0.1269956 0.1793433 0.1124301 0.1245991 0.1059650 0.1911337 0.1901025 0.1329479 0.0684050 0.0546225 0.1424213 0.1134500 0.1241614 0.0932137 0.0560698 0.1138383 0.1844627 0.2478397 0.1066463 0.1973963 0.1100779 0.0550937 0.1384868 0.1046383 0.0605910 0.1046538 0.1084436 0.1240635 0.1065681 0.1162116 0.1762879 0.1127922 0.1126888 0.1030826 0.1170703 0.1467458 0.1257051 0.1207944 0.1287252 0.1323155 0.0539531 0.1525887 0.1844701 0.1454541 0.1655369 0.1976750 0.1290777 0.1327804 0.2205004 0.1053092 0.2240316 0.1009734 0.1397012 0.1094469 0.1674737 0.0858650 0.1653196 0.2307654 0.0578602 0.0784917 0.1201946 0.1192153 0.1125968 0.1749455 0.1294885 0.1344822 0.1573732 0.1723360 0.1787368 0.0555883 0.1603372 0.1237784 0.1004009 0.0603012 0.0592649 0.0919623 0.1422477 0.0843682 0.1235577 0.1131840 0.1219139 0.1385807 0.0687724 0.1139915 0.1382036 0.1550298 0.1210702 0.0520336 0.1530008 0.1500887 0.1143607 0.0614625 0.1263576 0.0795032 0.1245373 0.0714874 0.0891077 0.1164189 0.1260694 0.1224847 0.1066600 0.1019705 0.2176514 0.1135097 0.1132890 0.1028400 0.1103248 
S0299         0.2352573 0.1121970 0.0977143 0.0470044 0.1469335 0.1019071 0.1587715 0.0598903 0.1127918 0.1025413 0.1175416 0.0000000 0.1783942 0.1697062 0.0535856 0.1662701 0.0472073 0.1020295 0.1089516 0.1632391 0.1098924 0.1047325 0.1002713 0.0672413 0.1130377 0.0455526 0.0953381 0.1065763 0.0708942 0.1634056 0.0555220 0.1166487 0.1123354 0.1785573 0.1806428 0.0597025 0.1086425 0.0998285 0.0659845 0.0709746 0.0773877 0.0998619 0.1015415 0.1014741 0.1747813 0.2182585 0.1190169 0.1866376 0.1002870 0.1004183 0.1295953 0.0961886 0.1082861 0.0947896 0.0991784 0.1078397 0.1008880 0.0630124 0.1570652 0.0649752 0.0714508 0.1022017 0.0507666 0.1302422 0.1155694 0.0941662 0.1132272 0.1240075 0.1196019 0.1391370 0.1543193 0.1228532 0.1517398 0.1764866 0.1122545 0.1173483 0.1927948 0.0953185 0.1916449 0.0772242 0.1091466 0.1018654 0.1548369 0.1127492 0.1421128 0.2023783 0.1024774 0.1124870 0.1155953 0.0529966 0.0678161 0.1600828 0.0756920 0.0583316 0.1426537 0.1585935 0.1624608 0.1024007 0.1459003 0.1196840 0.0943397 0.1029549 0.1031510 0.1176555 0.1418474 0.0962340 0.0696481 0.1140598 0.1164454 0.0518554 0.1001841 0.1032135 0.0800288 0.1399734 0.0753006 0.0975340 0.1428847 0.1366707 0.1037212 0.1065950 0.0469594 0.1080360 0.0825307 0.1061604 0.0931414 0.1082097 0.1042003 0.0759455 0.0925790 0.0976444 0.2099118 0.1011771 0.1051211 0.1055283 0.1031303 
S0303         0.2722127 0.1650776 0.1557168 0.1891667 0.1663861 0.1656164 0.0213712 0.2048910 0.1641550 0.1637829 0.1852573 0.1783942 0.0000000 0.0957887 0.1958212 0.0268667 0.1764521 0.1670255 0.1370101 0.0274259 0.1560403 0.1655155 0.1649739 0.1968733 0.1694909 0.1823659 0.1507617 0.1619317 0.1720733 0.0218401 0.1818247 0.1795606 0.1744537 0.1146198 0.0302908 0.1953378 0.1734500 0.1641888 0.2054069 0.1892211 0.1820132 0.1639605 0.1655017 0.1510952 0.0313724 0.3146016 0.1816264 0.0390702 0.1699196 0.1677405 0.1857809 0.1536869 0.1726153 0.1512745 0.1548742 0.1660728 0.1452699 0.1806804 0.0947449 0.1688356 0.1738961 0.1613705 0.1713120 0.0632237 0.1753278 0.1615836 0.1798883 0.1809913 0.1892038 0.1489514 0.2343183 0.1980272 0.0959096 0.1226419 0.1773738 0.1797365 0.2768051 0.1488536 0.2785478 0.1504150 0.1899925 0.1603677 0.0981660 0.1599305 0.2111826 0.2962536 0.1654455 0.1810623 0.1706570 0.1827628 0.1738041 0.0223266 0.1983474 0.2025073 0.1109623 0.0264151 0.0245540 0.1672713 0.0875521 0.1563216 0.1466586 0.1657470 0.1650103 0.1557707 0.1904510 0.1506075 0.1897905 0.1599644 0.1651597 0.1962254 0.1656967 0.1640782 0.2056766 0.1550233 0.1792150 0.1591616 0.1579992 0.1938490 0.1568012 0.1658199 0.1872061 0.1754862 0.1964239 0.1768363 0.1612717 0.1462064 0.1554006 0.1851876 0.1683031 0.1602512 0.2890019 0.1459161 0.1575765 0.1535788 0.1630405 
S0308         0.2439122 0.1580754 0.1505553 0.1799443 0.1512914 0.1682539 0.0794327 0.1959821 0.1670817 0.1667185 0.1859404 0.1697062 0.0957887 0.0000000 0.1863236 0.0903359 0.1656678 0.1555174 0.1350130 0.0850650 0.1516373 0.1686230 0.1663175 0.1928264 0.1666841 0.1728168 0.1471876 0.1648186 0.1766026 0.0811870 0.1782850 0.1795440 0.1742667 0.1143240 0.0998666 0.1899347 0.1806744 0.1658972 0.1970078 0.1786473 0.1778088 0.1584544 0.1655809 0.1429174 0.0901076 0.3092409 0.1779927 0.0990834 0.1694111 0.1700653 0.1891810 0.1486871 0.1758957 0.1494362 0.1530772 0.1583421 0.1359310 0.1776970 0.0950413 0.1614975 0.1754899 0.1555826 0.1572716 0.0666913 0.1764711 0.1644889 0.1801969 0.1818656 0.1870329 0.1432199 0.2264125 0.1881948 0.0940340 0.1172677 0.1758446 0.1762326 0.2737515 0.1509335 0.2707455 0.1461906 0.1887388 0.1654358 0.0958509 0.1522312 0.2082562 0.2860073 0.1698754 0.1771839 0.1673531 0.1760636 0.1675852 0.0845179 0.1943375 0.1876137 0.1074778 0.0836738 0.0823748 0.1703756 0.0907496 0.1454131 0.1492622 0.1692611 0.1714493 0.1451823 0.1929446 0.1480187 0.1845288 0.1615937 0.1655980 0.1803959 0.1695624 0.1562900 0.1967210 0.1477923 0.1732646 0.1620677 0.1383604 0.1922072 0.1573793 0.1710285 0.1823049 0.1875680 0.1954477 0.1830350 0.1557097 0.1419476 0.1484853 0.1817246 0.1604324 0.1594470 0.2740620 0.1411006 0.1580231 0.1550999 0.1577938 
S0320         0.2327428 0.1318497 0.0959905 0.0537792 0.1515264 0.1155288 0.1731883 0.0564687 0.1110197 0.1176122 0.1347742 0.0535856 0.1958212 0.1863236 0.0000000 0.1840117 0.0476183 0.1150525 0.1143488 0.1780987 0.1208106 0.1175954 0.1145087 0.0665024 0.1136408 0.0545080 0.0936342 0.1183595 0.0655701 0.1804557 0.0592807 0.1210427 0.1257097 0.1939737 0.1937577 0.0678293 0.1178988 0.1147182 0.0610135 0.0668816 0.0750898 0.1035678 0.1148886 0.1044693 0.1888915 0.2096534 0.1191026 0.2018561 0.1036737 0.1108902 0.1292417 0.0937235 0.1225970 0.0923635 0.0952633 0.1097356 0.1062060 0.0579640 0.1717538 0.0649697 0.0654383 0.1014770 0.0520493 0.1478139 0.1174909 0.1004764 0.1206479 0.1260112 0.1296584 0.1479491 0.1573273 0.1222231 0.1559737 0.1870980 0.1145256 0.1175121 0.1904906 0.0936166 0.1916630 0.0735056 0.1129007 0.1075361 0.1600011 0.1216943 0.1420202 0.1912087 0.1161066 0.1263187 0.1122770 0.0550493 0.0633354 0.1761868 0.0738319 0.0540153 0.1657873 0.1781871 0.1811781 0.1165793 0.1618209 0.1274164 0.0929153 0.1143694 0.1180666 0.1323819 0.1378132 0.1120557 0.0650131 0.1104817 0.1140086 0.0510040 0.1185963 0.1002551 0.0808231 0.1523934 0.0697682 0.1117399 0.1479205 0.1319318 0.1104223 0.1232501 0.0508334 0.1163489 0.0779493 0.1210765 0.0971262 0.1130778 0.1211110 0.0730514 0.0980344 0.0963446 0.2067238 0.1031067 0.1089528 0.1223818 0.1030753 
S0322         0.2627306 0.1476425 0.1411745 0.1742397 0.1474121 0.1505335 0.0110001 0.1913941 0.1515671 0.1514372 0.1780360 0.1662701 0.0268667 0.0903359 0.1840117 0.0000000 0.1633753 0.1533695 0.1303577 0.0168499 0.1406420 0.1504441 0.1506366 0.1782906 0.1558997 0.1658970 0.1371214 0.1445072 0.1641249 0.0130956 0.1671690 0.1658640 0.1591513 0.1057514 0.0328650 0.1842695 0.1581008 0.1475884 0.1911141 0.1757283 0.1657642 0.1439968 0.1514788 0.1358146 0.0246242 0.2939597 0.1679494 0.0333345 0.1600662 0.1525462 0.1710937 0.1392500 0.1572469 0.1369252 0.1403643 0.1494549 0.1301499 0.1645548 0.0841449 0.1517614 0.1600677 0.1467641 0.1588508 0.0544880 0.1635510 0.1485007 0.1668820 0.1655721 0.1760715 0.1338923 0.2124726 0.1852065 0.0857166 0.1130718 0.1618693 0.1649629 0.2608120 0.1345937 0.2564640 0.1430438 0.1754499 0.1508572 0.0877998 0.1436217 0.1985956 0.2753430 0.1502558 0.1635576 0.1550392 0.1681195 0.1601214 0.0141542 0.1794750 0.1878792 0.0998165 0.0153244 0.0136065 0.1521285 0.0778490 0.1466534 0.1340342 0.1505858 0.1479822 0.1398036 0.1825547 0.1326503 0.1737843 0.1463008 0.1561106 0.1796490 0.1493040 0.1489699 0.1878198 0.1389655 0.1647290 0.1443031 0.1418405 0.1840819 0.1449391 0.1483228 0.1757084 0.1620110 0.1836601 0.1608085 0.1483512 0.1360143 0.1477123 0.1704499 0.1541852 0.1457074 0.2774294 0.1349276 0.1439078 0.1400604 0.1483139 
S0327         0.2080159 0.1060674 0.0754892 0.0470660 0.1305969 0.0930936 0.1560675 0.0547333 0.0874351 0.0928613 0.1123208 0.0472073 0.1764521 0.1656678 0.0476183 0.1633753 0.0000000 0.0956284 0.1015786 0.1591813 0.1018869 0.0958342 0.0914263 0.0509434 0.0907407 0.0343098 0.0731612 0.1047061 0.0421864 0.1625175 0.0348504 0.0960374 0.0978189 0.1730569 0.1761606 0.0565717 0.1026524 0.0905495 0.0573933 0.0486069 0.0552245 0.0835335 0.0912922 0.0858568 0.1688134 0.1876746 0.0938842 0.1841455 0.0832768 0.0907257 0.1085092 0.0740766 0.0993059 0.0727591 0.0762050 0.0912305 0.0846390 0.0423789 0.1532991 0.0480236 0.0428977 0.0773883 0.0374391 0.1259812 0.0967244 0.0806283 0.0951633 0.1052080 0.1105654 0.1319557 0.1335883 0.1079301 0.1466878 0.1747311 0.0955182 0.0995380 0.1678763 0.0733613 0.1693028 0.0574361 0.0951671 0.0884780 0.1480575 0.1025163 0.1242984 0.1750152 0.0942401 0.1108021 0.0921144 0.0326504 0.0478893 0.1565025 0.0546428 0.0528562 0.1443715 0.1578086 0.1613218 0.0921469 0.1416862 0.1179352 0.0746714 0.0925109 0.0935708 0.1043176 0.1165504 0.0905346 0.0437742 0.0897740 0.0943068 0.0494820 0.0984565 0.0816346 0.0644276 0.1382294 0.0539892 0.0872457 0.1314340 0.1129725 0.0881334 0.0991241 0.0470643 0.0953721 0.0586276 0.1006643 0.0763193 0.1031474 0.0976330 0.0558069 0.0769360 0.0725373 0.2016357 0.0809091 0.0894067 0.1035182 0.0780834 
S0335         0.2237621 0.1088017 0.0818658 0.1120970 0.1188390 0.1003491 0.1441094 0.1253670 0.0777267 0.1008889 0.1193502 0.1020295 0.1670255 0.1555174 0.1150525 0.1533695 0.0956284 0.0000000 0.0669642 0.1496607 0.1072410 0.0994449 0.1013594 0.1122520 0.1026494 0.0983790 0.0788077 0.1106129 0.1156522 0.1531863 0.1011527 0.0976613 0.1054690 0.1653538 0.1654498 0.1207800 0.1076573 0.1005599 0.1284034 0.1097140 0.1070792 0.0941094 0.0969094 0.0870871 0.1579565 0.2288226 0.1066596 0.1722107 0.0920495 0.0994582 0.1108250 0.0803530 0.1072551 0.0797148 0.0818569 0.0939246 0.0864328 0.0980478 0.1397608 0.0947713 0.1065475 0.0741599 0.1050730 0.1258901 0.0985235 0.0931747 0.0994251 0.1058209 0.1210731 0.1192005 0.1701406 0.1210268 0.1332463 0.1638186 0.1024416 0.1014001 0.2050403 0.0816075 0.1996897 0.0916223 0.1021384 0.0648078 0.1396856 0.1011486 0.1168415 0.2088700 0.0999684 0.1088675 0.0823669 0.1039709 0.0924727 0.1519521 0.1126107 0.1149491 0.1273432 0.1468095 0.1492873 0.1029012 0.1317503 0.0645397 0.0663942 0.1020082 0.1029629 0.1059123 0.1016114 0.0958388 0.1058556 0.0737208 0.0809171 0.1188163 0.1014719 0.0886570 0.1300312 0.1230718 0.1034466 0.0954479 0.1187720 0.1060473 0.0544612 0.1092494 0.1179423 0.1028849 0.1178101 0.1042617 0.0918990 0.0566858 0.0424442 0.1055238 0.0827057 0.0703884 0.1981266 0.0757405 0.0546763 0.1051155 0.0746897 
S0345         0.2246680 0.0938166 0.0935878 0.1132582 0.1163045 0.0929055 0.1265812 0.1293324 0.0851650 0.0969261 0.1149314 0.1089516 0.1370101 0.1350130 0.1143488 0.1303577 0.1015786 0.0669642 0.0000000 0.1283461 0.1000026 0.0955565 0.0921555 0.1171959 0.1058099 0.1080031 0.0913651 0.1079627 0.1174305 0.1272759 0.0978846 0.1030528 0.1044294 0.1228301 0.1353642 0.1188486 0.1002675 0.0960093 0.1296409 0.1082645 0.1155579 0.0851649 0.0951416 0.1013130 0.1353609 0.2198504 0.1138338 0.1458344 0.1030909 0.0981530 0.1148687 0.0916829 0.0990493 0.0908904 0.0954016 0.0973740 0.0959841 0.1040564 0.1238828 0.0980571 0.1049321 0.0857858 0.1116104 0.1066442 0.1079596 0.0964423 0.1069691 0.1057921 0.1176631 0.1039165 0.1525524 0.1234662 0.1257233 0.1353641 0.1057007 0.0990676 0.2020874 0.0907053 0.2179586 0.1053898 0.1184403 0.0684759 0.1278219 0.0964114 0.1219406 0.2118062 0.0976583 0.1121219 0.0981615 0.1063306 0.1031111 0.1298390 0.1145492 0.1258124 0.1073135 0.1235482 0.1305574 0.0988551 0.1142067 0.0367757 0.0775736 0.0947708 0.0991224 0.0929503 0.1072050 0.0895753 0.0956252 0.0838379 0.0929817 0.1180394 0.0987454 0.0995933 0.1194838 0.1072752 0.1090455 0.0889511 0.0997287 0.1130362 0.0667328 0.1028976 0.1150098 0.1061438 0.1115700 0.1099503 0.0917525 0.0241216 0.0613407 0.1123630 0.0887718 0.0855370 0.2408459 0.0888290 0.0636194 0.1022444 0.0893104 
S0355         0.2604457 0.1483169 0.1376866 0.1705788 0.1435826 0.1512154 0.0088597 0.1917771 0.1443652 0.1501059 0.1748547 0.1632391 0.0274259 0.0850650 0.1780987 0.0168499 0.1591813 0.1496607 0.1283461 0.0000000 0.1390294 0.1499595 0.1477435 0.1744605 0.1508544 0.1641099 0.1344099 0.1417304 0.1581498 0.0125633 0.1623544 0.1632934 0.1582939 0.1004270 0.0292848 0.1804993 0.1620183 0.1486539 0.1888664 0.1705458 0.1641075 0.1452416 0.1498231 0.1345919 0.0173374 0.2960818 0.1651811 0.0297581 0.1536164 0.1516765 0.1668686 0.1357881 0.1559760 0.1334855 0.1368845 0.1490088 0.1289582 0.1624452 0.0797286 0.1510487 0.1562549 0.1457111 0.1544047 0.0512459 0.1596971 0.1460233 0.1642932 0.1638094 0.1756558 0.1323972 0.2126940 0.1779881 0.0823791 0.1088948 0.1593521 0.1596420 0.2609370 0.1311763 0.2605521 0.1393483 0.1720217 0.1451534 0.0841144 0.1408710 0.1952859 0.2774582 0.1513389 0.1595028 0.1531691 0.1645253 0.1545082 0.0146633 0.1787487 0.1810967 0.0957612 0.0115290 0.0098616 0.1516456 0.0723014 0.1422849 0.1310874 0.1516674 0.1490468 0.1370371 0.1751898 0.1323356 0.1698075 0.1422898 0.1488455 0.1761956 0.1473479 0.1453449 0.1847779 0.1374364 0.1598632 0.1438108 0.1406951 0.1766688 0.1410877 0.1525956 0.1720371 0.1607170 0.1776578 0.1583019 0.1459040 0.1301051 0.1466835 0.1663190 0.1509383 0.1461917 0.2734355 0.1279504 0.1417620 0.1368180 0.1491599 
S0376         0.2165922 0.0841126 0.0916362 0.1211065 0.1298060 0.0853801 0.1337412 0.1160090 0.1066814 0.0858677 0.1102206 0.1098924 0.1560403 0.1516373 0.1208106 0.1406420 0.1018869 0.1072410 0.1000026 0.1390294 0.0000000 0.0859991 0.0856819 0.1232374 0.0913675 0.1092941 0.0905905 0.0489943 0.1144683 0.1394681 0.1153398 0.1167603 0.0945947 0.1581364 0.1528339 0.1287552 0.0942524 0.0848642 0.1418801 0.1118395 0.1248012 0.0840926 0.0853845 0.1000116 0.1451506 0.2353417 0.1004418 0.1598391 0.1036873 0.0839782 0.1272040 0.0913959 0.0899714 0.0907101 0.0949957 0.1076234 0.0973513 0.1059092 0.1377827 0.1092764 0.1102933 0.0941026 0.1066792 0.1199867 0.1133103 0.1057017 0.1183369 0.1231417 0.1046030 0.1211323 0.1709475 0.1227375 0.1321289 0.1525575 0.1194835 0.1185252 0.2124330 0.0933341 0.2133097 0.0956725 0.1239711 0.0985276 0.1350036 0.0853323 0.1432118 0.2225492 0.0864680 0.0947049 0.1093186 0.1077911 0.1104071 0.1374473 0.1233725 0.1313010 0.1346797 0.1327665 0.1390614 0.0864686 0.1332006 0.1083062 0.0878408 0.0862552 0.0872604 0.0865160 0.1383636 0.0780568 0.1147980 0.1026103 0.1086732 0.1235640 0.0870736 0.0993541 0.1323266 0.1242274 0.1161301 0.0819205 0.1243401 0.1309077 0.1005998 0.0911061 0.1165995 0.0869860 0.1207705 0.0863499 0.0857230 0.0978513 0.1093216 0.1224001 0.1019473 0.0939564 0.2143785 0.0927690 0.0975480 0.0448684 0.0959611 
S0400         0.2255567 0.0739198 0.0830714 0.1102673 0.1317508 0.0150272 0.1449623 0.1276444 0.0952130 0.0188681 0.0562989 0.1047325 0.1655155 0.1686230 0.1175954 0.1504441 0.0958342 0.0994449 0.0955565 0.1499595 0.0859991 0.0000000 0.0182952 0.1110233 0.0811080 0.0984014 0.0814817 0.0934798 0.1124696 0.1524151 0.0971791 0.0997010 0.0928530 0.1630193 0.1649909 0.1131063 0.0325339 0.0134627 0.1315020 0.0954488 0.1049486 0.0716544 0.0145942 0.0909403 0.1607321 0.2276347 0.0874228 0.1718013 0.0844618 0.0177137 0.1125088 0.0808911 0.0166454 0.0817338 0.0858678 0.0988743 0.0902129 0.0945632 0.1488087 0.0949332 0.0978034 0.0848767 0.1010023 0.1229019 0.0991388 0.0962055 0.1041274 0.1071558 0.0614623 0.1271382 0.1609837 0.1161460 0.1376116 0.1699795 0.1039267 0.1052578 0.1988919 0.0823525 0.2037610 0.0866190 0.1120633 0.0926748 0.1413254 0.0669439 0.1426419 0.2119434 0.0172528 0.0530430 0.1000108 0.0974274 0.0942362 0.1508369 0.1132602 0.1209700 0.1308631 0.1459224 0.1519216 0.0165813 0.1391782 0.1042883 0.0775886 0.0204752 0.0171232 0.0742436 0.1280555 0.0640461 0.1008539 0.0911568 0.0974089 0.1185297 0.0459016 0.0906738 0.1235587 0.1287159 0.1029385 0.0113227 0.1293385 0.1267319 0.0892794 0.0248462 0.1150816 0.0522880 0.1099667 0.0485392 0.0700310 0.0928384 0.1026273 0.1110721 0.0836187 0.0812929 0.2050641 0.0850526 0.0862626 0.0829481 0.0893453 
S0405         0.2212534 0.0763804 0.0817423 0.1086576 0.1332990 0.0177639 0.1443234 0.1220590 0.0980292 0.0216694 0.0571299 0.1002713 0.1649739 0.1663175 0.1145087 0.1506366 0.0914263 0.1013594 0.0921555 0.1477435 0.0856819 0.0182952 0.0000000 0.1080253 0.0843452 0.0940503 0.0801397 0.0892131 0.1092735 0.1518118 0.0942366 0.0960429 0.0940276 0.1677659 0.1648740 0.1126001 0.0361292 0.0140543 0.1268805 0.0953167 0.1040009 0.0719655 0.0173433 0.0909456 0.1605830 0.2287147 0.0894176 0.1717387 0.0843768 0.0204877 0.1101847 0.0795563 0.0204975 0.0803988 0.0845480 0.0973031 0.0873888 0.0938395 0.1445294 0.0932034 0.0954957 0.0868681 0.0954495 0.1214317 0.0947374 0.0947195 0.1018011 0.1062315 0.0617748 0.1231350 0.1630869 0.1177894 0.1334019 0.1676267 0.1030947 0.1063660 0.1994549 0.0810213 0.2036391 0.0832720 0.1098353 0.0931867 0.1379302 0.0652498 0.1429295 0.2119462 0.0200328 0.0528062 0.1007527 0.0951591 0.0937741 0.1506130 0.1106733 0.1185925 0.1326217 0.1456606 0.1484749 0.0166240 0.1365222 0.1048281 0.0801675 0.0232944 0.0177349 0.0733021 0.1271500 0.0630450 0.0999258 0.0939016 0.1008960 0.1150609 0.0444350 0.0894547 0.1193405 0.1254747 0.1019920 0.0140114 0.1260813 0.1277583 0.0864099 0.0277211 0.1110705 0.0543942 0.1091287 0.0487712 0.0703676 0.0923844 0.1024913 0.1101395 0.0801570 0.0810823 0.2024786 0.0828520 0.0841034 0.0821996 0.0920771 
S0407sl       0.2221172 0.1231600 0.0904741 0.0654735 0.1470322 0.1096679 0.1709607 0.0675674 0.1055448 0.1095943 0.1291709 0.0672413 0.1968733 0.1928264 0.0665024 0.1782906 0.0509434 0.1122520 0.1171959 0.1744605 0.1232374 0.1110233 0.1080253 0.0000000 0.1128426 0.0510636 0.0866984 0.1172994 0.0659662 0.1758147 0.0559689 0.1145742 0.1266071 0.2046078 0.1966891 0.0701268 0.1202831 0.1047257 0.0762369 0.0671573 0.0734151 0.0938348 0.1076797 0.1032455 0.1832970 0.2291318 0.1104003 0.2026134 0.0918028 0.1088963 0.1234941 0.0882065 0.1146242 0.0868394 0.0911152 0.1072287 0.1026078 0.0599183 0.1723847 0.0623934 0.0626822 0.0937716 0.0531636 0.1508974 0.1131157 0.0975283 0.1123320 0.1246891 0.1258391 0.1480585 0.1553054 0.1192195 0.1565838 0.1931364 0.1158196 0.1175965 0.2096680 0.0887857 0.2000731 0.0772584 0.1098159 0.0997248 0.1618751 0.1221742 0.1384860 0.2084572 0.1111672 0.1239228 0.1016778 0.0492091 0.0625769 0.1721783 0.0716075 0.0731988 0.1675374 0.1735383 0.1771110 0.1101886 0.1658548 0.1316595 0.0864522 0.1124629 0.1095163 0.1266240 0.1346489 0.1072394 0.0653637 0.1066554 0.1141677 0.0648464 0.1124197 0.0933799 0.0282982 0.1512793 0.0707029 0.1024142 0.1491471 0.1301287 0.1051128 0.1145534 0.0640217 0.1126184 0.0750851 0.1102901 0.0916200 0.1138853 0.1137816 0.0713562 0.0896195 0.0901531 0.2094213 0.0935788 0.1059032 0.1189514 0.0945918 
S0412sl       0.2064258 0.0944067 0.0876838 0.1047056 0.1435335 0.0800553 0.1451259 0.1180590 0.1003122 0.0805120 0.0984547 0.1130377 0.1694909 0.1666841 0.1136408 0.1558997 0.0907407 0.1026494 0.1058099 0.1508544 0.0913675 0.0811080 0.0843452 0.1128426 0.0000000 0.0962566 0.0846670 0.0982912 0.1085912 0.1516971 0.0974896 0.1028169 0.0875988 0.1796239 0.1689887 0.1193019 0.0840158 0.0807981 0.1295907 0.0990028 0.1095570 0.0716392 0.0790987 0.1025803 0.1612086 0.2253286 0.0511575 0.1738627 0.0931098 0.0785152 0.1161258 0.0861333 0.0852637 0.0854602 0.0896592 0.1033454 0.1018367 0.0920233 0.1535261 0.0917876 0.0968004 0.0857229 0.1041370 0.1286492 0.1033397 0.0931779 0.1068608 0.1124864 0.1021692 0.1382806 0.1592762 0.1237185 0.1407896 0.1716649 0.1079808 0.1084230 0.1987535 0.0847548 0.2052165 0.0916549 0.1127042 0.0972996 0.1441829 0.0884735 0.1414503 0.2071098 0.0832082 0.0953460 0.1001284 0.0986072 0.0938239 0.1477893 0.1127337 0.1192994 0.1562153 0.1470645 0.1496532 0.0830902 0.1418765 0.1131033 0.0792451 0.0843147 0.0825614 0.0938001 0.1305818 0.0793477 0.0999622 0.0975688 0.1003300 0.1168218 0.0853849 0.0926782 0.1254256 0.1420638 0.0997961 0.0773042 0.1401978 0.1248933 0.0925991 0.0868438 0.1095834 0.0787937 0.1144518 0.0829277 0.0720547 0.0985974 0.1067139 0.1065081 0.0914437 0.0855502 0.2160227 0.0954985 0.0917818 0.0844170 0.0886815 
S0417         0.2123325 0.1155334 0.0792223 0.0487508 0.1397609 0.0964006 0.1606526 0.0574169 0.0932100 0.0969565 0.1146470 0.0455526 0.1823659 0.1728168 0.0545080 0.1658970 0.0343098 0.0983790 0.1080031 0.1641099 0.1092941 0.0984014 0.0940503 0.0510636 0.0962566 0.0000000 0.0762581 0.1076662 0.0490757 0.1663153 0.0423485 0.1046083 0.1071995 0.1827383 0.1820354 0.0530024 0.1057948 0.0936711 0.0605621 0.0488888 0.0583767 0.0855922 0.0922007 0.0895551 0.1736202 0.2117130 0.0994547 0.1890424 0.0827188 0.0956380 0.1154372 0.0758300 0.0990772 0.0758043 0.0798340 0.1005283 0.0904373 0.0409581 0.1611966 0.0483210 0.0468384 0.0838386 0.0349067 0.1273120 0.1046596 0.0888210 0.1027824 0.1129477 0.1126657 0.1374174 0.1438474 0.1089453 0.1500734 0.1791659 0.1057452 0.1088232 0.1916814 0.0751103 0.1842823 0.0581170 0.1005482 0.0977388 0.1543448 0.1059090 0.1282363 0.1931256 0.0984842 0.1136190 0.0940722 0.0326641 0.0487544 0.1618718 0.0558983 0.0549731 0.1534575 0.1613221 0.1665996 0.0968287 0.1520602 0.1237611 0.0791453 0.0980466 0.0989058 0.1156149 0.1226597 0.0949600 0.0485013 0.0949891 0.1004363 0.0510145 0.1032535 0.0830695 0.0609638 0.1390644 0.0565958 0.0908694 0.1418274 0.1186294 0.0941477 0.1017102 0.0467895 0.1022666 0.0604256 0.1001204 0.0818302 0.1048220 0.1030422 0.0558704 0.0805226 0.0790142 0.2005851 0.0823090 0.0919424 0.1043946 0.0853317 
S0419         0.1973479 0.0931121 0.0066812 0.0910910 0.0828527 0.0803666 0.1310592 0.1009376 0.0697502 0.0820716 0.1025117 0.0953381 0.1507617 0.1471876 0.0936342 0.1371214 0.0731612 0.0788077 0.0913651 0.1344099 0.0905905 0.0814817 0.0801397 0.0866984 0.0846670 0.0762581 0.0000000 0.0880311 0.0909229 0.1374910 0.0790261 0.0765208 0.0996505 0.1593190 0.1507170 0.0966799 0.0905676 0.0798501 0.1048948 0.0825734 0.0850918 0.0690894 0.0790007 0.0365800 0.1431201 0.2010497 0.0834921 0.1543637 0.0676730 0.0810321 0.0875280 0.0051163 0.0849557 0.0040863 0.0077146 0.0717581 0.0362505 0.0745831 0.1302709 0.0702229 0.0792021 0.0573285 0.0810124 0.1092470 0.0777738 0.0691731 0.0828506 0.0845852 0.0984487 0.0888787 0.1336965 0.0933083 0.1194328 0.1487498 0.0763830 0.0767908 0.1795210 0.0061438 0.1762793 0.0684502 0.0848034 0.0726339 0.1237458 0.0873113 0.1106459 0.1792221 0.0822599 0.0919453 0.0720557 0.0834662 0.0690871 0.1355776 0.0903702 0.1010069 0.1321415 0.1353821 0.1355497 0.0782592 0.1229803 0.0963427 0.0608072 0.0813933 0.0828466 0.0908135 0.0981867 0.0753710 0.0817875 0.0685350 0.0797405 0.0941824 0.0809827 0.0137379 0.1010434 0.0904834 0.0821523 0.0782753 0.0859051 0.0964633 0.0653123 0.0880853 0.0972138 0.0851709 0.0939934 0.0843124 0.0665447 0.0799222 0.0771924 0.0856270 0.0588517 0.0553136 0.1880031 0.0460182 0.0663999 0.0896740 0.0573040 
S0427         0.2301607 0.0872983 0.0908563 0.1166770 0.1330887 0.0915043 0.1414781 0.1172224 0.1103725 0.0892001 0.1073363 0.1065763 0.1619317 0.1648186 0.1183595 0.1445072 0.1047061 0.1106129 0.1079627 0.1417304 0.0489943 0.0934798 0.0892131 0.1172994 0.0982912 0.1076662 0.0880311 0.0000000 0.1147613 0.1456700 0.1115720 0.1199288 0.1050415 0.1688812 0.1607581 0.1290061 0.1004986 0.0909953 0.1375131 0.1087779 0.1184002 0.0849123 0.0922326 0.0998748 0.1514023 0.2283990 0.1114235 0.1633954 0.1045404 0.0887966 0.1324046 0.0908410 0.0947913 0.0894849 0.0923955 0.1132402 0.0997800 0.1042268 0.1516081 0.1044637 0.1084260 0.0964013 0.1103462 0.1260136 0.1186743 0.1144687 0.1222223 0.1275270 0.1030866 0.1240321 0.1688284 0.1306282 0.1443587 0.1667521 0.1268006 0.1272068 0.2087144 0.0894353 0.2087647 0.1018029 0.1290163 0.1009151 0.1479068 0.0899168 0.1459883 0.2150361 0.0899393 0.0940770 0.1130884 0.1077277 0.1064652 0.1420687 0.1150858 0.1266973 0.1412024 0.1389658 0.1436704 0.0919779 0.1469262 0.1121072 0.0960163 0.0881839 0.0933925 0.0882842 0.1338890 0.0773476 0.1160121 0.1100956 0.1167323 0.1236509 0.0850807 0.0973625 0.1254740 0.1308331 0.1143562 0.0880075 0.1268444 0.1347542 0.1045984 0.0966610 0.1136651 0.0908983 0.1167690 0.0899501 0.0887300 0.1010749 0.1098232 0.1182270 0.1049740 0.0976213 0.2196126 0.0979565 0.1035663 0.0497191 0.1031107 
S0428sl       0.2196071 0.1113101 0.0948040 0.0620958 0.1473911 0.1094316 0.1543619 0.0669820 0.1037591 0.1109329 0.1269956 0.0708942 0.1720733 0.1766026 0.0655701 0.1641249 0.0421864 0.1156522 0.1174305 0.1581498 0.1144683 0.1124696 0.1092735 0.0659662 0.1085912 0.0490757 0.0909229 0.1147613 0.0000000 0.1583143 0.0478138 0.1193603 0.1153394 0.1671435 0.1744184 0.0690247 0.1195861 0.1054713 0.0717613 0.0678029 0.0683552 0.0912460 0.1113329 0.1037700 0.1654204 0.2126407 0.1106552 0.1818551 0.0995745 0.1086269 0.1319787 0.0932122 0.1147685 0.0917471 0.0962140 0.1125233 0.1052588 0.0574503 0.1515107 0.0587969 0.0638721 0.0939151 0.0496093 0.1289782 0.1204925 0.0936016 0.1171745 0.1274974 0.1262551 0.1429013 0.1457641 0.1161313 0.1453073 0.1764112 0.1221680 0.1274587 0.1921729 0.0916068 0.2006633 0.0716226 0.1142132 0.1054446 0.1467780 0.1128704 0.1407769 0.1992310 0.1106725 0.1182931 0.1037769 0.0438082 0.0584407 0.1574921 0.0749297 0.0661467 0.1475540 0.1531286 0.1599257 0.1107250 0.1429362 0.1306649 0.0921211 0.1074611 0.1122644 0.1187362 0.1269280 0.1053111 0.0662403 0.1045572 0.1106713 0.0687687 0.1080052 0.1000994 0.0794127 0.1493668 0.0641091 0.1046889 0.1437300 0.1276223 0.1051158 0.1137227 0.0618902 0.1117073 0.0773201 0.1099046 0.0880440 0.1131416 0.1092504 0.0675358 0.0956068 0.0893414 0.2168262 0.0981938 0.1014231 0.1155046 0.0938433 
