120
S0055      0.0000000 0.1079652 0.1177507 0.1344875 0.0588297 0.0963094 0.0854903 0.0828669 0.0595535 0.0838135 0.0697877 0.1001102 0.1181655 0.0886011 0.1196924 0.0835085 0.0665838 0.1040709 0.0752582 0.0507020 0.0616153 0.0928156 0.0807024 0.0986876 0.1020983 0.0853997 0.1090091 0.1002498 0.0992842 0.0972501 0.0931464 0.1359405 0.1098747 0.0479456 0.0735133 0.1070221 0.1611695 0.0520435 0.0566375 0.1122475 0.1058794 0.1362725 0.0592782 0.1051398 0.0645229 0.1123473 0.0619140 0.1102901 0.1045372 0.1162647 0.1105203 0.1073437 0.0968407 0.1161444 0.0941668 0.0917782 0.0903959 0.1058762 0.1090337 0.0645522 0.1043983 0.1195714 0.0639264 0.1137517 0.0847980 0.0885597 0.1519405 0.1049133 0.1320143 0.0719467 0.0885530 0.0539922 0.0879847 0.1317458 0.0616401 0.0623568 0.0723420 0.0962465 0.1043423 0.1116018 0.0846443 0.0821665 0.1026207 0.1469666 0.0997632 0.0958061 0.0672854 0.1090554 0.0650433 0.0541439 0.0223521 0.1092012 0.0530240 0.0482237 0.0818019 0.0753527 0.0907252 0.0631562 0.1051122 0.1053617 0.1244338 0.0561786 0.0789541 0.0777437 0.0560852 0.1001472 0.0622396 0.1026032 0.0536463 0.0685335 0.0912147 0.0680950 0.1229258 0.0855243 0.0849154 0.1231602 0.0892336 0.0757594 0.1045969 0.0899170 
S0196sl    0.1079652 0.0000000 0.1229702 0.0915908 0.0977861 0.0900420 0.0969027 0.0915588 0.1151898 0.1247472 0.1177190 0.1012891 0.1184390 0.0946810 0.1189154 0.0817692 0.0869601 0.1046298 0.1108702 0.0885735 0.0942809 0.0851629 0.1005994 0.0907976 0.0119755 0.1228312 0.1094557 0.0895226 0.1251223 0.1277409 0.0936656 0.1356997 0.0981252 0.1100171 0.1115603 0.0889194 0.1366600 0.0679846 0.0956703 0.0557366 0.1102339 0.1345422 0.1016076 0.1054442 0.1043664 0.0194398 0.1015124 0.0196415 0.1183972 0.0589353 0.0958206 0.0941559 0.0898221 0.0908309 0.1066887 0.1267934 0.1295410 0.1354391 0.1356229 0.1044115 0.0658879 0.1148512 0.1047968 0.1045651 0.1141163 0.1078538 0.1498489 0.0143734 0.1366037 0.0891441 0.1210351 0.1036800 0.1178735 0.1296319 0.1010181 0.1150423 0.1029972 0.0887876 0.0911567 0.0982675 0.0889103 0.0776368 0.0858009 0.1448599 0.0973305 0.0999579 0.0977075 0.0949423 0.1054499 0.0893232 0.0902171 0.1369428 0.1011667 0.0429345 0.1001459 0.0931353 0.0892664 0.1165700 0.0143957 0.0607621 0.1155161 0.1012962 0.1068794 0.0772887 0.0946771 0.0923749 0.1148359 0.0853170 0.0952393 0.0978588 0.0903107 0.0762347 0.1189110 0.1216692 0.0971452 0.1312003 0.0617058 0.0815492 0.1473538 0.0950109 
S0278      0.1177507 0.1229702 0.0000000 0.1399822 0.1103067 0.1422409 0.0837426 0.1203458 0.1282622 0.1419470 0.0401762 0.1502963 0.1678295 0.0582196 0.1657287 0.0932740 0.1151949 0.1544574 0.1053354 0.1008897 0.1135658 0.0804294 0.1246300 0.1022478 0.1298136 0.1355044 0.1605878 0.1034745 0.1763860 0.1377124 0.1454346 0.1756131 0.0879226 0.1003305 0.1180342 0.0895244 0.1377752 0.0871688 0.1082590 0.1444810 0.1502985 0.1884895 0.0977918 0.1504954 0.1170697 0.1373490 0.1141875 0.1301182 0.1515653 0.1456866 0.1214289 0.1304256 0.1171119 0.1033316 0.1594775 0.1736525 0.1499309 0.1797434 0.1800273 0.1171186 0.1198948 0.1640186 0.1324435 0.1571808 0.1275623 0.1376633 0.2104342 0.1327246 0.1794806 0.1108609 0.1455653 0.1143569 0.1544427 0.1719413 0.1136236 0.1250756 0.1243601 0.1003436 0.1272917 0.1351318 0.1374967 0.0942023 0.0902023 0.1848395 0.1425110 0.1459475 0.1202671 0.1574040 0.1213960 0.1024879 0.0957850 0.1790541 0.1018627 0.0780114 0.1257426 0.1213122 0.0808757 0.1303349 0.1329856 0.1281100 0.1320460 0.1139402 0.1414492 0.1244346 0.1071328 0.0668041 0.1176505 0.1143389 0.1108813 0.1197991 0.1459459 0.0972210 0.1492784 0.1458174 0.1226488 0.1624617 0.1216358 0.1227958 0.1465908 0.1218855 
S0281      0.1344875 0.0915908 0.1399822 0.0000000 0.1368104 0.1140051 0.1518813 0.1381362 0.1457675 0.1661628 0.0951571 0.1254282 0.1321323 0.1538963 0.1406217 0.1438016 0.1359065 0.1260246 0.1199390 0.1263626 0.1331401 0.1521189 0.1405550 0.1598797 0.0858798 0.1257262 0.1315150 0.1573556 0.1412167 0.1628084 0.1096269 0.1526795 0.1488845 0.1189867 0.1457168 0.1524151 0.2221868 0.1106508 0.1348619 0.0733188 0.1278886 0.1819527 0.1238243 0.1264324 0.1369197 0.0916115 0.1411367 0.0935266 0.1554574 0.0738667 0.1617324 0.1686559 0.1509705 0.1693378 0.1357557 0.1484125 0.1500451 0.1574137 0.1521709 0.1442141 0.0724208 0.1682422 0.1043028 0.1409309 0.1225428 0.1292552 0.1782942 0.0886381 0.1798108 0.1173275 0.1506106 0.1226730 0.1513962 0.1794285 0.1404019 0.1418724 0.1304378 0.1634875 0.1651958 0.1743169 0.1089708 0.1331101 0.1422395 0.1768060 0.1186581 0.1211692 0.1442852 0.1351127 0.1445189 0.1235867 0.1223071 0.1907277 0.1027266 0.0673478 0.1505437 0.1358580 0.1431953 0.1406379 0.0888020 0.0728668 0.1708162 0.1408111 0.1396986 0.1248118 0.1334126 0.1437913 0.1559864 0.1477864 0.1300592 0.1373522 0.1205731 0.1232676 0.1840125 0.1573005 0.1481496 0.1800601 0.0993945 0.1306936 0.1360976 0.1436287 
S0282      0.0588297 0.0977861 0.1103067 0.1368104 0.0000000 0.1214966 0.0818549 0.0761784 0.0168471 0.0328456 0.0811168 0.1255555 0.1270197 0.0789030 0.1457230 0.0827805 0.0689417 0.1298364 0.0834335 0.0047337 0.0168225 0.0772229 0.0714549 0.0884731 0.0920270 0.0937827 0.1232044 0.0782797 0.1152623 0.1027628 0.1211471 0.1656269 0.0934018 0.0344118 0.0219692 0.0906195 0.1671116 0.0301842 0.0071827 0.1001633 0.1284217 0.1448740 0.0535042 0.1304243 0.0144075 0.1019652 0.0070836 0.0998636 0.1104490 0.1040469 0.1065279 0.0974931 0.1028640 0.0896132 0.1210830 0.1073439 0.1021925 0.1182862 0.1116654 0.0144146 0.1066913 0.1256775 0.0691513 0.1160736 0.1037880 0.0911618 0.1607053 0.0948017 0.1405385 0.0624656 0.0917795 0.0588339 0.0782376 0.1402545 0.0070554 0.0483028 0.0719096 0.0804624 0.0945593 0.1015523 0.1097156 0.0727388 0.0865785 0.1739127 0.1225329 0.1133665 0.0168534 0.1017852 0.0119429 0.0096465 0.0380788 0.1082242 0.0525255 0.0535085 0.0752132 0.0689397 0.0868106 0.0407345 0.0949782 0.1014020 0.1140603 0.0070720 0.0754483 0.0744861 0.0071150 0.0871948 0.0427757 0.1048667 0.0244414 0.0458374 0.0846512 0.0592820 0.1154444 0.0816853 0.0694512 0.1091116 0.0886733 0.0695582 0.1065886 0.0739430 
S0288      0.0963094 0.0900420 0.1422409 0.1140051 0.1214966 0.0000000 0.1398042 0.1186816 0.1193209 0.1506840 0.1256400 0.0049184 0.0614783 0.1374403 0.0175140 0.1183122 0.1035179 0.0073808 0.1085600 0.1115413 0.1211071 0.1325787 0.1326018 0.1216282 0.0837766 0.1024323 0.0049668 0.1342313 0.1340850 0.1404542 0.0358499 0.0216598 0.1349128 0.1080813 0.1366715 0.1449443 0.1527892 0.0926617 0.1152143 0.0953412 0.0075269 0.1544223 0.1058665 0.0073425 0.1215940 0.0935986 0.1256679 0.0914335 0.1292991 0.0960973 0.1347324 0.1236344 0.1210886 0.1434145 0.0293235 0.1320370 0.1202053 0.1415881 0.1451714 0.1248501 0.0950070 0.1493684 0.1204800 0.0469896 0.1182668 0.1185526 0.1635145 0.0865562 0.1527909 0.0924503 0.1343190 0.1028364 0.1406641 0.1524646 0.1250168 0.1267141 0.1101408 0.1330151 0.1203916 0.1284294 0.0024924 0.1206991 0.1380761 0.0710565 0.0000029 0.0024901 0.1320677 0.1313311 0.1266079 0.1132709 0.0936405 0.1615435 0.0896802 0.0838224 0.1241586 0.1235191 0.1163039 0.1247368 0.0867172 0.0992613 0.1476041 0.1253810 0.1282537 0.1164501 0.1181447 0.1321757 0.1290726 0.1213723 0.1078428 0.1222816 0.1139680 0.1044750 0.1447352 0.1188750 0.1142041 0.1333187 0.0969980 0.1218349 0.1280363 0.1162031 
S0289      0.0854903 0.0969027 0.0837426 0.1518813 0.0818549 0.1398042 0.0000000 0.0903701 0.0919616 0.1099871 0.0572406 0.1442123 0.1464311 0.0379206 0.1607204 0.0659921 0.0827192 0.1401797 0.0903936 0.0729841 0.0787429 0.0515124 0.0973851 0.0550323 0.1003311 0.1087188 0.1549776 0.0576140 0.1286567 0.1351692 0.1345347 0.1765769 0.0633280 0.0845736 0.0981778 0.0579110 0.1193544 0.0657963 0.0796760 0.1117076 0.1476657 0.1302187 0.0880384 0.1445281 0.0848001 0.1106803 0.0853553 0.1005669 0.1194422 0.1158153 0.0749449 0.0705914 0.0753287 0.0650724 0.1397804 0.1267892 0.1213399 0.1318034 0.1319799 0.0881835 0.1162417 0.1145461 0.0718271 0.1383245 0.1163920 0.1098309 0.1420714 0.1031814 0.1295206 0.0799089 0.1106114 0.1107559 0.1047143 0.1226422 0.0849499 0.0944828 0.0999184 0.0605556 0.0678106 0.0741616 0.1237932 0.0409649 0.0721478 0.2071269 0.1404045 0.1319672 0.0911586 0.1113221 0.0890475 0.0770514 0.0674189 0.1299783 0.0841871 0.0305844 0.0857127 0.0887719 0.0424262 0.0989957 0.1033790 0.1173542 0.0926473 0.0789897 0.0935687 0.0791761 0.0788592 0.0668627 0.0949184 0.0715203 0.0885210 0.0847976 0.1040845 0.0722837 0.0910894 0.1173161 0.0833558 0.1293961 0.0980562 0.0740722 0.1222437 0.0883997 
S0292      0.0828669 0.0915588 0.1203458 0.1381362 0.0761784 0.1186816 0.0903701 0.0000000 0.0895453 0.1000484 0.1046021 0.1224879 0.1218763 0.0913771 0.1431196 0.0890349 0.0411471 0.1271990 0.0790436 0.0672176 0.0792071 0.0895717 0.0795200 0.0938130 0.0856644 0.0896585 0.1327625 0.0863325 0.0966368 0.1183964 0.1152650 0.1491646 0.0958242 0.0726163 0.0853053 0.1061326 0.1561783 0.0594584 0.0739667 0.1103740 0.1291098 0.1312809 0.0728837 0.1278554 0.0791020 0.0957612 0.0766787 0.0969185 0.0856686 0.1063930 0.1168357 0.1067517 0.1061839 0.1042850 0.1145562 0.0934893 0.0778161 0.1062420 0.1063689 0.0824377 0.0991081 0.1236603 0.0630153 0.1156380 0.0697857 0.0697543 0.1539929 0.0885115 0.1456773 0.0542716 0.0744298 0.0764333 0.0560834 0.1453729 0.0792428 0.0829290 0.0611185 0.0919633 0.1036877 0.1110953 0.1065733 0.0739134 0.1016580 0.1829370 0.1235408 0.1187794 0.0822803 0.0677678 0.0861777 0.0741518 0.0656372 0.0619020 0.0731370 0.0499272 0.0273414 0.0171238 0.0892552 0.0871468 0.0886802 0.0934981 0.1210740 0.0794568 0.0468791 0.0517108 0.0732070 0.0993774 0.0737222 0.1149343 0.0643169 0.0793323 0.0500073 0.0300052 0.1292477 0.0792028 0.0521109 0.0992368 0.0849685 0.0468537 0.0993421 0.0559310 
S0293      0.0595535 0.1151898 0.1282622 0.1457675 0.0168471 0.1193209 0.0919616 0.0895453 0.0000000 0.0439070 0.0952251 0.1233907 0.1396797 0.0953162 0.1483304 0.0929332 0.0846447 0.1276798 0.0997782 0.0170284 0.0296444 0.0932240 0.0812715 0.1054351 0.1092348 0.1108502 0.1244816 0.0945429 0.1231377 0.1138022 0.1298413 0.1673624 0.1103767 0.0427114 0.0351454 0.1075104 0.1604154 0.0439988 0.0144980 0.1114304 0.1262283 0.1466688 0.0625415 0.1283138 0.0271534 0.1197268 0.0194123 0.1176987 0.1215342 0.1155203 0.1174109 0.1048701 0.1040891 0.1068220 0.1268503 0.1149309 0.1065597 0.1230978 0.1194300 0.0271667 0.1244120 0.1339241 0.0826264 0.1251943 0.1112642 0.0983211 0.1627561 0.1120840 0.1457743 0.0752446 0.0992852 0.0680202 0.0844911 0.1454757 0.0193323 0.0570587 0.0846512 0.0966735 0.1018659 0.1091060 0.1116431 0.0765636 0.1030803 0.1824904 0.1195341 0.1111152 0.0297028 0.1195194 0.0220207 0.0197674 0.0466236 0.1227847 0.0618252 0.0665185 0.0883819 0.0846430 0.1033850 0.0493571 0.1122992 0.1190513 0.1219436 0.0144154 0.0884344 0.0841861 0.0195021 0.1038447 0.0569499 0.1092688 0.0377016 0.0547053 0.0980325 0.0742676 0.1265584 0.0981956 0.0823880 0.1273419 0.1023647 0.0792204 0.1242994 0.0873382 
S0294      0.0838135 0.1247472 0.1419470 0.1661628 0.0328456 0.1506840 0.1099871 0.1000484 0.0439070 0.0000000 0.1093177 0.1503810 0.1657071 0.1073762 0.1769538 0.1139169 0.0989988 0.1600915 0.1148769 0.0276321 0.0408300 0.1049358 0.1016338 0.1211919 0.1185909 0.1232247 0.1664251 0.1095246 0.1403304 0.1294302 0.1498322 0.2019221 0.1261824 0.0600736 0.0467049 0.1198034 0.1750054 0.0562228 0.0305108 0.1275458 0.1458542 0.1657950 0.0813541 0.1600902 0.0382515 0.1247530 0.0303940 0.1308389 0.1262770 0.1319465 0.1265747 0.1161728 0.1225621 0.1188762 0.1504553 0.1314576 0.1285840 0.1435370 0.1363685 0.0328851 0.1378042 0.1509539 0.0961108 0.1499649 0.1340014 0.1167931 0.1827298 0.1215254 0.1665821 0.0890568 0.1178763 0.0840535 0.0985489 0.1696412 0.0355233 0.0725631 0.0908514 0.1116191 0.1130613 0.1206887 0.1372282 0.0903999 0.1183557 0.1909778 0.1528492 0.1512571 0.0329030 0.1280990 0.0412739 0.0333032 0.0617418 0.1275520 0.0782236 0.0816640 0.0997595 0.0897377 0.1156673 0.0646184 0.1217660 0.1323268 0.1340433 0.0328449 0.1018651 0.0888412 0.0302113 0.1050411 0.0696172 0.1211321 0.0463077 0.0672047 0.1166740 0.0878447 0.1392423 0.1102604 0.0997785 0.1516027 0.1180456 0.0837919 0.1324333 0.1053845 
S0299      0.0697877 0.1177190 0.0401762 0.0951571 0.0811168 0.1256400 0.0572406 0.1046021 0.0952251 0.1093177 0.0000000 0.1120017 0.1413126 0.0349902 0.1300450 0.0799012 0.0757410 0.1191334 0.0734671 0.0700469 0.0753312 0.0676744 0.0811301 0.0702720 0.1177190 0.0822802 0.1289782 0.0691331 0.1180863 0.0694130 0.1122879 0.1142550 0.0745759 0.0750628 0.0811168 0.0563920 0.6524549 0.0708645 0.0889192 0.1056319 0.0857603 0.1224437 0.0701958 0.1202417 0.0869546 0.1094828 0.0882755 0.1135537 0.0875985 0.1050492 0.0937564 0.0804953 0.0870641 0.0749010 0.1272562 0.1149904 0.0950820 0.1193408 0.1180863 0.0811168 0.0958830 0.1048016 0.1045444 0.1183013 0.0973886 0.0958482 0.1296788 0.1242435 0.1152019 0.0905771 0.0853399 0.0876682 0.1258450 0.1071983 0.0811168 0.0761931 0.1012254 0.0955054 0.0804953 0.0871602 0.1100767 0.0481568 0.0565045 0.6524549 0.1073549 0.1276142 0.0872703 0.1019293 0.0933635 0.0811168 0.0582531 0.1419583 0.0592168 0.0662770 0.1121759 0.1038378 0.0624160 0.0890730 0.1247362 0.0778864 0.0990359 0.0815365 0.0971618 0.0825714 0.0811168 0.0293332 0.0689956 0.0749585 0.0758185 0.0817233 0.0899617 0.0874983 0.0754694 0.0828601 0.1025350 0.1610002 0.1024917 0.0893069 0.1224624 0.1060012 
S0303      0.1001102 0.1012891 0.1502963 0.1254282 0.1255555 0.0049184 0.1442123 0.1224879 0.1233907 0.1503810 0.1120017 0.0000000 0.0583616 0.1418560 0.0073628 0.1188076 0.1071371 0.0098862 0.1083597 0.1151758 0.1251507 0.1367947 0.1298875 0.1210599 0.0953269 0.0990153 0.0074854 0.1385142 0.1427427 0.1448954 0.0386833 0.0276230 0.1356064 0.1119792 0.1409565 0.1486274 0.1660098 0.0998434 0.1192113 0.0989726 0.0100157 0.1591861 0.1031983 0.0000028 0.1256570 0.1056610 0.1297995 0.1035143 0.1297988 0.1000379 0.1433026 0.1201681 0.1212599 0.1524578 0.0351272 0.1367740 0.1239903 0.1504346 0.1541077 0.1289488 0.0987417 0.1505171 0.1074403 0.0498826 0.1220759 0.1186747 0.1684504 0.0981959 0.1574852 0.0960426 0.1349278 0.1034833 0.1379438 0.1571461 0.1291213 0.1308901 0.1141314 0.1327595 0.1169461 0.1248924 0.0000022 0.1248256 0.1321888 0.0699563 0.0050199 0.0075926 0.1362625 0.1355016 0.1307756 0.1172880 0.0938756 0.1700081 0.0935216 0.0779575 0.1279753 0.1276616 0.1203496 0.1248521 0.0983850 0.1028110 0.1437488 0.1295003 0.1324960 0.1201735 0.1221660 0.1364752 0.1321495 0.1218094 0.1111240 0.1263756 0.1219655 0.1018407 0.1398230 0.1223712 0.1182637 0.1326541 0.1013847 0.1260127 0.1277885 0.1243912 
S0308      0.1181655 0.1184390 0.1678295 0.1321323 0.1270197 0.0614783 0.1464311 0.1218763 0.1396797 0.1657071 0.1413126 0.0583616 0.0000000 0.1479128 0.0753174 0.1337116 0.1182245 0.0580989 0.1085552 0.1160180 0.1301418 0.1482913 0.1446812 0.1378683 0.1123147 0.1042061 0.0651454 0.1482201 0.1548811 0.1654115 0.0623167 0.0943905 0.1420866 0.1100944 0.1426766 0.1546164 0.1644704 0.1148108 0.1244703 0.1056438 0.0623490 0.1718194 0.1236431 0.0630067 0.1219340 0.1231475 0.1313375 0.1210892 0.1480179 0.1064935 0.1453845 0.1433145 0.1316520 0.1669380 0.0694234 0.1546077 0.1416238 0.1583483 0.1624817 0.1308043 0.1053761 0.1573161 0.1139013 0.0617715 0.1284274 0.1286382 0.1814586 0.1152414 0.1703290 0.1138671 0.1550736 0.1067701 0.1389045 0.1699568 0.1306412 0.1365426 0.1365901 0.1469715 0.1399888 0.1484633 0.0468769 0.1199926 0.1494609 0.0913552 0.0597882 0.0565089 0.1378958 0.1386054 0.1323374 0.1221370 0.0976510 0.1746449 0.0866815 0.0904484 0.1310139 0.1231295 0.1337770 0.1263687 0.1154687 0.1063869 0.1612565 0.1310301 0.1253509 0.1339535 0.1235801 0.1466594 0.1340365 0.1229463 0.1245240 0.1230963 0.1302898 0.1189094 0.1471334 0.1335203 0.1318388 0.1579281 0.1191197 0.1353868 0.1252714 0.1387753 
S0320      0.0886011 0.0946810 0.0582196 0.1538963 0.0789030 0.1374403 0.0379206 0.0913771 0.0953162 0.1073762 0.0349902 0.1418560 0.1479128 0.0000000 0.1584659 0.0550155 0.0838534 0.1378121 0.0874921 0.0700823 0.0758135 0.0381761 0.0943334 0.0525152 0.0981229 0.1196580 0.1526238 0.0640677 0.1379442 0.1206117 0.1254582 0.1785909 0.0584595 0.0845467 0.0951001 0.0524285 0.1370385 0.0660998 0.0767091 0.1120702 0.1416742 0.1481140 0.0820168 0.1422198 0.0818325 0.1051503 0.0823670 0.1011476 0.1315301 0.1161946 0.0983171 0.0936457 0.0896616 0.0596196 0.1412460 0.1358917 0.1368642 0.1411705 0.1413686 0.0851863 0.1142372 0.1274864 0.1117519 0.1270234 0.1147272 0.1180106 0.1605434 0.1009950 0.1472805 0.0911296 0.1156504 0.1041219 0.1152262 0.1401476 0.0819773 0.0978408 0.0982893 0.0613547 0.0906667 0.0977252 0.1250531 0.0561707 0.0671090 0.1669194 0.1375649 0.1380821 0.0881465 0.1264246 0.0860196 0.0740874 0.0712341 0.1427778 0.0809193 0.0539213 0.1002634 0.0962136 0.0402902 0.1052599 0.1011899 0.1120908 0.1114805 0.0821986 0.1118122 0.0923250 0.0759239 0.0472819 0.0918623 0.0915304 0.0855101 0.0818296 0.1121590 0.0732424 0.1117828 0.1209964 0.0939715 0.1383267 0.0877012 0.0871744 0.1408233 0.0994242 
S0322      0.1196924 0.1189154 0.1657287 0.1406217 0.1457230 0.0175140 0.1607204 0.1431196 0.1483304 0.1769538 0.1300450 0.0073628 0.0753174 0.1584659 0.0000000 0.1308316 0.1270106 0.0226273 0.1202319 0.1349817 0.1452532 0.1527822 0.1432305 0.1369733 0.1129262 0.1108343 0.0203098 0.1547110 0.1643806 0.1664248 0.0516493 0.0420645 0.1591139 0.1317120 0.1618221 0.1649175 0.1811215 0.1154588 0.1438069 0.1110598 0.0177619 0.1744716 0.1111936 0.0072392 0.1458421 0.1235248 0.1502156 0.1215162 0.1542882 0.1154162 0.1586845 0.1388401 0.1339184 0.1689478 0.0460838 0.1540401 0.1370007 0.1723280 0.1761253 0.1492223 0.1173746 0.1659523 0.1334213 0.0580410 0.1426605 0.1426202 0.1839196 0.1157881 0.1729925 0.1159602 0.1562669 0.1193962 0.1592628 0.1726243 0.1494180 0.1514931 0.1274058 0.1570754 0.1355606 0.1438659 0.0126035 0.1413614 0.1442803 0.0819921 0.0178827 0.0206094 0.1568131 0.1495209 0.1513411 0.1374808 0.1133007 0.1862891 0.1063742 0.0806588 0.1485677 0.1481875 0.1361515 0.1454069 0.1160114 0.1181894 0.1631232 0.1498611 0.1457803 0.1403872 0.1422407 0.1527931 0.1524886 0.1398787 0.1310487 0.1421922 0.1350683 0.1211937 0.1602045 0.1430370 0.1335451 0.1517537 0.1149028 0.1467738 0.1368535 0.1415445 
S0327      0.0835085 0.0817692 0.0932740 0.1438016 0.0827805 0.1183122 0.0659921 0.0890349 0.0929332 0.1139169 0.0799012 0.1188076 0.1337116 0.0550155 0.1308316 0.0000000 0.0749714 0.1265793 0.0981721 0.0740957 0.0797327 0.0426535 0.1000435 0.0499787 0.0881029 0.1034202 0.1319709 0.0569773 0.1198988 0.1205345 0.1140534 0.1567893 0.0680184 0.0828348 0.0987547 0.0596154 0.0994682 0.0763477 0.0806563 0.1019970 0.1251276 0.1253814 0.0839232 0.1161405 0.0889370 0.0978599 0.0862105 0.0925657 0.1190967 0.1092131 0.0934610 0.0764597 0.0687138 0.0678978 0.1250408 0.1152027 0.1134726 0.1265169 0.1231272 0.0889757 0.1130712 0.1131633 0.1036295 0.1273096 0.0949172 0.0985860 0.1369521 0.0908450 0.1278646 0.0886342 0.1125829 0.1017122 0.1021205 0.1210915 0.0858103 0.0994111 0.0758266 0.0511071 0.0736434 0.0801364 0.1100136 0.0492612 0.0740849 0.1578846 0.1185671 0.1220102 0.0918863 0.1085559 0.0868110 0.0751415 0.0754697 0.1231110 0.0899252 0.0474112 0.0912900 0.0874837 0.0512387 0.1101857 0.0910119 0.1077748 0.0989409 0.0860372 0.0947424 0.0903786 0.0798484 0.0626453 0.0989548 0.0865638 0.0893086 0.0928603 0.0918158 0.0712754 0.0931445 0.1024025 0.0883981 0.1344903 0.0957536 0.0884759 0.1263849 0.0935385 
S0335      0.0665838 0.0869601 0.1151949 0.1359065 0.0689417 0.1035179 0.0827192 0.0411471 0.0846447 0.0989988 0.0757410 0.1071371 0.1182245 0.0838534 0.1270106 0.0749714 0.0000000 0.1115167 0.0606954 0.0602843 0.0718671 0.0760738 0.0781574 0.0831276 0.0811895 0.0763720 0.1166512 0.0850633 0.0866449 0.1021481 0.1100705 0.1308162 0.0937982 0.0657193 0.0806371 0.0910086 0.1655770 0.0529571 0.0667360 0.1018345 0.1131586 0.1206919 0.0659588 0.1124568 0.0749390 0.0910169 0.0722300 0.0888224 0.0819013 0.0980280 0.1116460 0.0958948 0.0881522 0.0968160 0.0992340 0.0854791 0.0742452 0.0960076 0.0961168 0.0749731 0.0946857 0.1082743 0.0573491 0.1035595 0.0636615 0.0693483 0.1428056 0.0839819 0.1263436 0.0510765 0.0614238 0.0783523 0.0643424 0.1260850 0.0718980 0.0756102 0.0466672 0.0777737 0.0929281 0.0999813 0.0917130 0.0793740 0.0937647 0.1853882 0.1040485 0.1032028 0.0778334 0.0497122 0.0785344 0.0641654 0.0500986 0.0801068 0.0721142 0.0314214 0.0460069 0.0352112 0.0817291 0.0796130 0.0841386 0.0891615 0.1033659 0.0720874 0.0523900 0.0458149 0.0660659 0.0787331 0.0694687 0.1068913 0.0576257 0.0719768 0.0469057 0.0169319 0.1063686 0.0724712 0.0490212 0.0890017 0.0714540 0.0437421 0.0887627 0.0527360 
S0355      0.1040709 0.1046298 0.1544574 0.1260246 0.1298364 0.0073808 0.1401797 0.1271990 0.1276798 0.1600915 0.1191334 0.0098862 0.0580989 0.1378121 0.0226273 0.1265793 0.1115167 0.0000000 0.1123816 0.1196229 0.1294145 0.1412660 0.1329565 0.1244091 0.0986361 0.1063587 0.0099362 0.1387827 0.1474813 0.1496283 0.0387324 0.0390105 0.1440092 0.1160626 0.1455114 0.1533052 0.1750439 0.1002879 0.1234138 0.1031567 0.0151285 0.1634995 0.1138655 0.0122968 0.1299425 0.1090664 0.1297027 0.1069360 0.1306730 0.1039896 0.1435987 0.1343267 0.1296111 0.1574540 0.0351704 0.1451876 0.1283109 0.1552959 0.1590282 0.1332792 0.1026306 0.1547968 0.1142457 0.0467017 0.1264165 0.1267306 0.1728999 0.1015164 0.1617386 0.1000400 0.1433799 0.1107730 0.1498395 0.1613886 0.1334582 0.1270461 0.1183186 0.1347553 0.1310167 0.1393477 0.0050038 0.1291775 0.1472291 0.0764682 0.0074968 0.0075145 0.1407116 0.1405409 0.1351833 0.1215086 0.0972334 0.1752027 0.0899145 0.0776788 0.1257798 0.1320355 0.1166054 0.1210376 0.1017128 0.1070765 0.1519460 0.1338541 0.1369877 0.1247648 0.1264004 0.1373449 0.1365195 0.1253294 0.1157977 0.1306962 0.1266516 0.1123317 0.1523742 0.1270881 0.1225328 0.1367643 0.0972466 0.1304233 0.1321751 0.1292045 
S0376      0.0752582 0.1108702 0.1053354 0.1199390 0.0834335 0.1085600 0.0903936 0.0790436 0.0997782 0.1148769 0.0734671 0.1083597 0.1085552 0.0874921 0.1202319 0.0981721 0.0606954 0.1123816 0.0000000 0.0746749 0.0805757 0.0857569 0.0896650 0.0960492 0.1049966 0.0327110 0.1174339 0.0921694 0.1129870 0.1226584 0.1070431 0.1353284 0.1154498 0.0629060 0.0934753 0.0983308 0.1481404 0.0613018 0.0812968 0.1166987 0.1076255 0.1385375 0.0657019 0.1092990 0.0834941 0.1152915 0.0868970 0.1068062 0.0979320 0.1208182 0.1167590 0.1086144 0.1066872 0.1109010 0.1156630 0.1114019 0.0958804 0.1229207 0.1230769 0.0837588 0.0822413 0.1224829 0.0766384 0.1124930 0.0790262 0.0911988 0.1431671 0.1078122 0.1307704 0.0721628 0.0952762 0.0722614 0.1020027 0.1305067 0.0806116 0.0726909 0.0792621 0.1081270 0.1056518 0.1128306 0.0968590 0.0841276 0.1010491 0.1366262 0.1041584 0.1083829 0.0866648 0.0958007 0.0874486 0.0728494 0.0614754 0.1201225 0.0629396 0.0536974 0.0872424 0.0776968 0.0984417 0.0759339 0.1080164 0.0829707 0.1192462 0.0808255 0.0765404 0.0835480 0.0804763 0.0889341 0.0685967 0.1010675 0.0660681 0.0710590 0.0825355 0.0622940 0.1270250 0.1010447 0.0877094 0.1080508 0.0899550 0.0816106 0.0435000 0.0957827 
S0400      0.0507020 0.0885735 0.1008897 0.1263626 0.0047337 0.1115413 0.0729841 0.0672176 0.0170284 0.0276321 0.0700469 0.1151758 0.1160180 0.0700823 0.1349817 0.0740957 0.0602843 0.1196229 0.0746749 0.0000000 0.0095270 0.0686047 0.0629316 0.0792329 0.0828785 0.0847175 0.1248537 0.0695332 0.1056285 0.0935662 0.1114619 0.1498156 0.0841733 0.0293327 0.0169908 0.0816243 0.1523287 0.0250099 0.0023805 0.0907088 0.1177740 0.1347533 0.0454497 0.1204008 0.0095513 0.0925956 0.0071582 0.0904432 0.1010076 0.0944660 0.0972188 0.0885701 0.0936609 0.0804491 0.1109200 0.0979614 0.0930550 0.1086221 0.1021205 0.0095561 0.0973705 0.1158172 0.0582846 0.1051465 0.0944973 0.0819040 0.1502176 0.0856325 0.1305553 0.0537980 0.0826582 0.0507071 0.0694965 0.1302924 0.0071293 0.0403090 0.0633326 0.0717553 0.0856789 0.0924741 0.0998473 0.0640592 0.0777563 0.1584404 0.1122297 0.1114450 0.0119706 0.0924294 0.0120704 0.0047952 0.0301836 0.0987367 0.0442343 0.0426276 0.0663743 0.0604256 0.0779545 0.0354391 0.0857903 0.0918533 0.1047631 0.0071463 0.0667378 0.0657413 0.0023580 0.0783011 0.0349083 0.0957186 0.0194012 0.0405116 0.0755683 0.0510843 0.1057541 0.0726547 0.0608701 0.1058768 0.0796073 0.0609598 0.0972737 0.0649482 
S0405      0.0616153 0.0942809 0.1135658 0.1331401 0.0168225 0.1211071 0.0787429 0.0792071 0.0296444 0.0408300 0.0753312 0.1251507 0.1301418 0.0758135 0.1452532 0.0797327 0.0718671 0.1294145 0.0805757 0.0095270 0.0000000 0.0742074 0.0743849 0.0852889 0.0885662 0.0908345 0.1348468 0.0752173 0.1121502 0.0963449 0.1207690 0.1654936 0.0871005 0.0421843 0.0194853 0.0843436 0.1811551 0.0328248 0.0145062 0.0965575 0.1211574 0.1483932 0.0562618 0.1300088 0.0218206 0.0983856 0.0193835 0.0900598 0.1073946 0.1003792 0.1097476 0.0943370 0.1060453 0.0803235 0.1206863 0.1043057 0.1053505 0.1151673 0.1085786 0.0168802 0.0969691 0.1290985 0.0635071 0.1121158 0.0946161 0.0882144 0.1568716 0.0913231 0.1440079 0.0624899 0.0917264 0.0533768 0.0812473 0.1437157 0.0143926 0.0456637 0.0748592 0.0774103 0.0914225 0.0983337 0.1093605 0.0697090 0.0746359 0.1724473 0.1221268 0.1212687 0.0144141 0.1017275 0.0194953 0.0096497 0.0407733 0.1115076 0.0470811 0.0479040 0.0781999 0.0718647 0.0836955 0.0407493 0.0914920 0.0917016 0.1107421 0.0144272 0.0725983 0.0774399 0.0143687 0.0809988 0.0401734 0.1019023 0.0320833 0.0540004 0.0877178 0.0620923 0.1120788 0.0847352 0.0724001 0.1057075 0.0852555 0.0725133 0.1035717 0.0769827 
S0407sl    0.0928156 0.0851629 0.0804294 0.1521189 0.0772229 0.1325787 0.0515124 0.0895717 0.0932240 0.1049358 0.0676744 0.1367947 0.1482913 0.0381761 0.1527822 0.0426535 0.0760738 0.1412660 0.0857569 0.0686047 0.0742074 0.0000000 0.1003634 0.0495773 0.0886278 0.1171043 0.1470135 0.0513737 0.1313355 0.1357446 0.1277266 0.1697557 0.0664375 0.0889624 0.0930166 0.0513396 0.1194456 0.0617130 0.0750656 0.1093088 0.1365126 0.1321157 0.0901424 0.1372389 0.0833172 0.0952602 0.0805969 0.0888318 0.1215184 0.1133000 0.0715951 0.0765016 0.0783720 0.0558661 0.1361167 0.1294346 0.1270878 0.1344731 0.1346540 0.0833541 0.1201594 0.1165654 0.0898044 0.1316478 0.1058457 0.1021908 0.1438991 0.0913866 0.1314108 0.0828055 0.1096049 0.1049316 0.1027527 0.1245791 0.0802240 0.0997263 0.0826876 0.0432605 0.0736816 0.0801833 0.1206300 0.0492844 0.0655181 0.1744964 0.1295395 0.1368043 0.0862447 0.1168216 0.0841523 0.0724970 0.0756312 0.1239061 0.0924564 0.0361190 0.0888881 0.0880008 0.0454759 0.1105449 0.0915557 0.1148344 0.0929605 0.0804359 0.0953162 0.0846555 0.0743124 0.0516216 0.0869654 0.0863831 0.0836633 0.0810029 0.0956003 0.0659712 0.0932104 0.1162407 0.0826309 0.1281805 0.0933576 0.0826989 0.1307124 0.0876108 
S0412sl    0.0807024 0.1005994 0.1246300 0.1405550 0.0714549 0.1326018 0.0973851 0.0795200 0.0812715 0.1016338 0.0811301 0.1298875 0.1446812 0.0943334 0.1432305 0.1000435 0.0781574 0.1329565 0.0896650 0.0629316 0.0743849 0.1003634 0.0000000 0.1086818 0.1010257 0.1045087 0.1474204 0.1003129 0.1234475 0.0990974 0.1319256 0.1699378 0.1112952 0.0625881 0.0831660 0.1137349 0.1576793 0.0557314 0.0692700 0.1128513 0.1396705 0.1557596 0.0378822 0.1348925 0.0715059 0.1114651 0.0747607 0.1093587 0.1179023 0.1088578 0.1123053 0.1028229 0.1021598 0.1279524 0.1362326 0.1152062 0.0996509 0.1304514 0.1337978 0.0775010 0.0979892 0.1386991 0.0765204 0.1169448 0.1006638 0.1008832 0.1567402 0.1038972 0.1471192 0.0816652 0.1025882 0.0689131 0.0984745 0.1399901 0.0744172 0.0716925 0.0881967 0.1069504 0.0997971 0.1070696 0.1168259 0.0795311 0.0965721 0.1989668 0.1294628 0.1330977 0.0803634 0.0924019 0.0781119 0.0667066 0.0672110 0.1265646 0.0562557 0.0539395 0.0754919 0.0721386 0.0930686 0.0784032 0.1040978 0.0991705 0.1169083 0.0746128 0.0950102 0.0719474 0.0685760 0.1069637 0.0690150 0.1042134 0.0601135 0.0840551 0.0737398 0.0624794 0.1183655 0.1007556 0.0818451 0.1062124 0.0892471 0.0699177 0.1214991 0.0835760 
S0417      0.0986876 0.0907976 0.1022478 0.1598797 0.0884731 0.1216282 0.0550323 0.0938130 0.1054351 0.1211919 0.0702720 0.1210599 0.1378683 0.0525152 0.1369733 0.0499787 0.0831276 0.1244091 0.0960492 0.0792329 0.0852889 0.0495773 0.1086818 0.0000000 0.0974802 0.1112399 0.1311826 0.0556107 0.1210307 0.1544453 0.1195139 0.1503589 0.0702664 0.0976102 0.1051957 0.0613594 0.1190522 0.0755928 0.0863121 0.1192423 0.1238639 0.1344351 0.1009665 0.1221246 0.0949056 0.1077897 0.0920795 0.1023138 0.1212633 0.1234793 0.0893696 0.0541659 0.0701878 0.0535874 0.1362646 0.1127965 0.1154596 0.1241362 0.1242972 0.0949475 0.1202554 0.1043816 0.0792700 0.1292222 0.0994116 0.0969888 0.1427857 0.1003324 0.1266731 0.0839473 0.1180652 0.1112708 0.1039684 0.1198029 0.0916360 0.0940891 0.0940627 0.0524226 0.0514552 0.0541782 0.1165979 0.0591422 0.0761517 0.1769545 0.1219143 0.1291672 0.0979793 0.1188345 0.0958869 0.0836642 0.0710569 0.1254471 0.0881634 0.0153223 0.0854408 0.0850280 0.0406599 0.1056566 0.1005246 0.1144840 0.0774351 0.0918869 0.1002969 0.0951089 0.0854198 0.0673516 0.0974126 0.0750012 0.0950765 0.0914734 0.1076927 0.0756253 0.0695024 0.1073017 0.0837322 0.1319477 0.0982291 0.0934534 0.1278977 0.0885799 
S0419      0.1020983 0.0119755 0.1298136 0.0858798 0.0920270 0.0837766 0.1003311 0.0856644 0.1092348 0.1185909 0.1177190 0.0953269 0.1123147 0.0981229 0.1129262 0.0881029 0.0811895 0.0986361 0.1049966 0.0828785 0.0885662 0.0886278 0.1010257 0.0974802 0.0000000 0.1167769 0.1033517 0.0960983 0.1189514 0.1215764 0.0880001 0.1238697 0.0985308 0.1041919 0.1056445 0.0954429 0.1515443 0.0624208 0.0898735 0.0503236 0.1040854 0.1283400 0.0957848 0.0995685 0.0985448 0.0071312 0.0956956 0.0096445 0.1154034 0.0534657 0.0994481 0.1007015 0.0964194 0.0975068 0.1005773 0.1206882 0.1234414 0.1292001 0.1293724 0.0985881 0.0604994 0.1081122 0.1047968 0.0983968 0.1080654 0.1018288 0.1434986 0.0023439 0.1304478 0.0832245 0.1149221 0.0978983 0.1117712 0.1301793 0.0952304 0.1090966 0.0970923 0.0952993 0.0976614 0.1049432 0.0830163 0.0840418 0.0952477 0.1390602 0.0912553 0.0939000 0.0919504 0.0890108 0.0995697 0.0835807 0.0874529 0.1306160 0.0983430 0.0429345 0.1005680 0.0873225 0.0925794 0.1105412 0.0023474 0.0553657 0.1225369 0.0954932 0.1009112 0.0716205 0.0889389 0.0989766 0.1088979 0.0917401 0.0894662 0.0920950 0.0844995 0.0706494 0.1259883 0.1155187 0.0912535 0.1317749 0.0562196 0.0757670 0.1411104 0.0890767 
S0427      0.0853997 0.1228312 0.1355044 0.1257262 0.0937827 0.1024323 0.1087188 0.0896585 0.1108502 0.1232247 0.0822802 0.0990153 0.1042061 0.1196580 0.1108343 0.1034202 0.0763720 0.1063587 0.0327110 0.0847175 0.0908345 0.1171043 0.1045087 0.1112399 0.1167769 0.0000000 0.1113039 0.1103594 0.1139361 0.1277072 0.0981094 0.1250192 0.1206086 0.0724914 0.1043071 0.1211095 0.1812880 0.0710121 0.0916651 0.1188559 0.0980859 0.1326292 0.0782189 0.0968258 0.0938526 0.1275397 0.0974270 0.1188432 0.1060034 0.1266670 0.1285701 0.1166723 0.1146467 0.1304319 0.1195970 0.1130878 0.1037286 0.1271527 0.1241213 0.0909809 0.0897857 0.1132030 0.0705282 0.1055303 0.0885870 0.0990127 0.1408266 0.1196651 0.1293197 0.0795711 0.1030132 0.0822851 0.1102763 0.1290554 0.0908771 0.0827853 0.0928687 0.1194112 0.1136249 0.1210988 0.0907418 0.1019769 0.1133621 0.1518808 0.1014926 0.1020913 0.0971628 0.1008352 0.0980591 0.0829669 0.0682390 0.1324105 0.0729668 0.0601971 0.0948521 0.0880872 0.1106672 0.0831108 0.1198982 0.0906047 0.1341683 0.0911239 0.0839366 0.0971042 0.0907233 0.1142241 0.0783842 0.1120030 0.0758146 0.0870160 0.0933479 0.0777448 0.1358422 0.1092214 0.0983680 0.1227904 0.1074011 0.0952483 0.0462216 0.1038521 
S0430      0.1090091 0.1094557 0.1605878 0.1315150 0.1232044 0.0049668 0.1549776 0.1327625 0.1244816 0.1664251 0.1289782 0.0074854 0.0651454 0.1526238 0.0203098 0.1319709 0.1166512 0.0099362 0.1174339 0.1248537 0.1348468 0.1470135 0.1474204 0.1311826 0.1033517 0.1113039 0.0000000 0.1401939 0.1536049 0.1509889 0.0419927 0.0336264 0.1499151 0.1176236 0.1513845 0.1593667 0.1767425 0.1051156 0.1287432 0.1080271 0.0101366 0.1698975 0.1190124 0.0099302 0.1354052 0.1140359 0.1265282 0.1119077 0.1435820 0.1089143 0.1494802 0.1329161 0.1351909 0.1637569 0.0386287 0.1511717 0.1338130 0.1616088 0.1654325 0.1350930 0.1074692 0.1610789 0.1235493 0.0536579 0.1281745 0.1284979 0.1795733 0.1062794 0.1680324 0.1047004 0.1493953 0.1158613 0.1509796 0.1676635 0.1302621 0.1409605 0.1236081 0.1475182 0.1295695 0.1379776 0.0050823 0.1347243 0.1531870 0.0771735 0.0025116 0.0000027 0.1464271 0.1465078 0.1319463 0.1268544 0.1025668 0.1820247 0.1024663 0.0859521 0.1383684 0.1376218 0.1300128 0.1347629 0.1064886 0.1120653 0.1579434 0.1306489 0.1427476 0.1301780 0.1317830 0.1469024 0.1421167 0.1262323 0.1209248 0.1362075 0.1321846 0.1173762 0.1550168 0.1326592 0.1279450 0.1345380 0.1098287 0.1360514 0.1341560 0.1348950 
S0478      0.1002498 0.0895226 0.1034745 0.1573556 0.0782797 0.1342313 0.0576140 0.0863325 0.0945429 0.1095246 0.0691331 0.1385142 0.1482201 0.0640677 0.1547110 0.0569773 0.0850633 0.1387827 0.0921694 0.0695332 0.0752173 0.0513737 0.1003129 0.0556107 0.0960983 0.1103594 0.1401939 0.0000000 0.1272533 0.1446897 0.1292587 0.1606106 0.0721565 0.0991698 0.0943307 0.0572473 0.1321352 0.0714742 0.0760997 0.1174887 0.1374483 0.1391680 0.0841391 0.1389316 0.0783368 0.1062386 0.0817112 0.1008355 0.1153106 0.1216452 0.0817016 0.0622550 0.0754815 0.0650435 0.1378584 0.1188915 0.1167888 0.1303629 0.1305341 0.0845083 0.1215806 0.1168561 0.0843305 0.1368984 0.1118765 0.1054327 0.1438308 0.0989105 0.1317436 0.0796907 0.1129230 0.1126805 0.1070775 0.1248903 0.0813270 0.1041718 0.1022481 0.0543286 0.0595122 0.0656898 0.1257813 0.0466553 0.0656364 0.2011093 0.1269897 0.1342675 0.0874434 0.1133078 0.0853286 0.0764124 0.0826566 0.1251843 0.0911718 0.0256305 0.0949840 0.0910970 0.0596689 0.1121669 0.0990973 0.1161976 0.0838111 0.0815453 0.0994609 0.0877201 0.0753258 0.0660836 0.0911220 0.0776356 0.0908392 0.0871112 0.0932140 0.0746138 0.0781456 0.1056851 0.0857145 0.1167224 0.1075380 0.0796073 0.1237477 0.0907923 
S0552sl    0.0992842 0.1251223 0.1763860 0.1412167 0.1152623 0.1340850 0.1286567 0.0966368 0.1231377 0.1403304 0.1180863 0.1427427 0.1548811 0.1379442 0.1643806 0.1198988 0.0866449 0.1474813 0.1129870 0.1056285 0.1121502 0.1313355 0.1234475 0.1210307 0.1189514 0.1139361 0.1536049 0.1272533 0.0000000 0.1595897 0.1269057 0.1823282 0.1587913 0.1079834 0.1219992 0.1590930 0.2014971 0.0979296 0.1132126 0.1334379 0.1465405 0.1712004 0.1060872 0.1477414 0.1153521 0.1264236 0.1192619 0.1279338 0.0770033 0.1291821 0.1555433 0.1358209 0.1349083 0.1382542 0.1428575 0.0247196 0.0638493 0.0120014 0.0071103 0.1222486 0.1239817 0.1532365 0.0882929 0.1439556 0.0550090 0.0584783 0.1806127 0.1218924 0.1697477 0.0609386 0.1175015 0.1225005 0.1064293 0.1693858 0.1186615 0.1096184 0.0793669 0.1422462 0.1325434 0.1408090 0.1189602 0.1145459 0.1500145 0.1697853 0.1439818 0.1357375 0.1189309 0.0965472 0.1225008 0.0999789 0.0841541 0.1144116 0.0993523 0.0809668 0.0953650 0.0825333 0.1203791 0.1045849 0.1221343 0.1185095 0.1516153 0.1121937 0.0923529 0.0854077 0.1120166 0.1478763 0.1192775 0.1450568 0.1057614 0.1164832 0.0691275 0.0790394 0.1536279 0.0772635 0.0959008 0.1253047 0.1079606 0.0898007 0.1243265 0.0905500 
S0558      0.0972501 0.1277409 0.1377124 0.1628084 0.1027628 0.1404542 0.1351692 0.1183964 0.1138022 0.1294302 0.0694130 0.1448954 0.1654115 0.1206117 0.1664248 0.1205345 0.1021481 0.1496283 0.1226584 0.0935662 0.0963449 0.1357446 0.0990974 0.1544453 0.1215764 0.1277072 0.1509889 0.1446897 0.1595897 0.0000000 0.1469545 0.2002385 0.1434129 0.0867847 0.1135476 0.1450808 0.2291906 0.0710722 0.1006961 0.1270050 0.1449509 0.1792221 0.0942646 0.1498428 0.1093450 0.1325975 0.1065103 0.1237635 0.1574651 0.1313864 0.1684539 0.1558576 0.1567477 0.1527435 0.1517111 0.1615902 0.1514173 0.1668612 0.1709656 0.0999397 0.1162043 0.1611630 0.1213738 0.1506733 0.1311522 0.1463670 0.1923034 0.1245112 0.1735884 0.1092895 0.1367110 0.0975331 0.1395151 0.1732168 0.0998287 0.1073418 0.1302443 0.1433863 0.1524925 0.1612138 0.1280746 0.1279662 0.1298170 0.2071180 0.1384800 0.1411825 0.1062220 0.1526680 0.1040238 0.0888155 0.0869162 0.1676118 0.1011105 0.0982782 0.1273029 0.1131687 0.1405254 0.1119882 0.1247579 0.1176703 0.1719210 0.1001012 0.1246070 0.1027783 0.0996612 0.1202908 0.0875709 0.1386908 0.0907794 0.1243470 0.1249934 0.1045973 0.1725393 0.1453814 0.1242447 0.1607260 0.1228995 0.1009260 0.1564529 0.1307348 
S0616      0.0931464 0.0936656 0.1454346 0.1096269 0.1211471 0.0358499 0.1345347 0.1152650 0.1298413 0.1498322 0.1122879 0.0386833 0.0623167 0.1254582 0.0516493 0.1140534 0.1100705 0.0387324 0.1070431 0.1114619 0.1207690 0.1277266 0.1319256 0.1195139 0.0880001 0.0981094 0.0419927 0.1292587 0.1269057 0.1469545 0.0000000 0.0660148 0.1235132 0.1144542 0.1358935 0.1403128 0.1547363 0.0898574 0.1191405 0.0919373 0.0422585 0.1640024 0.1059382 0.0406158 0.1212415 0.0977263 0.1252015 0.0956265 0.1392271 0.0926404 0.1297261 0.1215062 0.1199629 0.1355627 0.0454271 0.1250476 0.1164886 0.1341252 0.1375732 0.1244086 0.0948676 0.1502309 0.1151957 0.0396826 0.1142329 0.1144982 0.1730698 0.0907347 0.1626478 0.0964940 0.1438419 0.1029891 0.1364505 0.1623077 0.1245704 0.1328621 0.1169377 0.1316296 0.1183982 0.1260743 0.0256282 0.1133964 0.1300680 0.0250187 0.0396286 0.0340842 0.1314250 0.1306272 0.1261123 0.1131426 0.0877841 0.1566845 0.0870538 0.0729865 0.1206006 0.1134719 0.1188796 0.1270117 0.0909009 0.0957290 0.1306677 0.1249236 0.1248647 0.1162353 0.1178863 0.1276304 0.1274915 0.1129923 0.1217934 0.1243177 0.1179103 0.1045824 0.1416263 0.1189525 0.1095948 0.1419879 0.0935191 0.1214662 0.1247895 0.1155190 
S0620      0.1359405 0.1356997 0.1756131 0.1526795 0.1656269 0.0216598 0.1765769 0.1491646 0.1673624 0.2019221 0.1142550 0.0276230 0.0943905 0.1785909 0.0420645 0.1567893 0.1308162 0.0390105 0.1353284 0.1498156 0.1654936 0.1697557 0.1699378 0.1503589 0.1238697 0.1250192 0.0336264 0.1606106 0.1823282 0.2002385 0.0660148 0.0000000 0.1667597 0.1499175 0.1841556 0.1875067 0.2268833 0.1345530 0.1531615 0.1266806 0.0368677 0.1721384 0.1382246 0.0329962 0.1657791 0.1321756 0.1654422 0.1335918 0.1575685 0.1234374 0.1665766 0.1519180 0.1549478 0.1862789 0.0574531 0.1783970 0.1464939 0.1967676 0.1955699 0.1695943 0.1381508 0.1641018 0.1180648 0.0778920 0.1517393 0.1474131 0.1889785 0.1270052 0.1807188 0.1202278 0.1644937 0.1478837 0.1773525 0.1803040 0.1698340 0.1687367 0.1432628 0.1639969 0.1483008 0.1528557 0.0249980 0.1550081 0.1704229 0.1706894 0.0310390 0.0280948 0.1782613 0.1689214 0.1756025 0.1594036 0.1262298 0.2112133 0.1291975 0.0725382 0.1592490 0.1624717 0.1490069 0.1659652 0.1272742 0.1396796 0.1796155 0.1703949 0.1624578 0.1501377 0.1616996 0.1719649 0.1658156 0.1457966 0.1453340 0.1560449 0.1496667 0.1359317 0.1722916 0.1494783 0.1519974 0.1502600 0.1406735 0.1611170 0.1496406 0.1517371 
S0624      0.1098747 0.0981252 0.0879226 0.1488845 0.0934018 0.1349128 0.0633280 0.0958242 0.1103767 0.1261824 0.0745759 0.1356064 0.1420866 0.0584595 0.1591139 0.0680184 0.0937982 0.1440092 0.1154498 0.0841733 0.0871005 0.0664375 0.1112952 0.0702664 0.0985308 0.1206086 0.1499151 0.0721565 0.1587913 0.1434129 0.1235132 0.1667597 0.0000000 0.1022220 0.1035682 0.0625343 0.1706404 0.0681829 0.0912913 0.1133680 0.1423132 0.1576766 0.0933598 0.1398278 0.0963944 0.1086541 0.0970258 0.1065838 0.1476938 0.1142690 0.1039804 0.0919254 0.0932775 0.0707644 0.1460951 0.1493810 0.1447099 0.1620605 0.1623009 0.0998739 0.1044249 0.1310916 0.0960444 0.1414124 0.1222233 0.1112858 0.1664850 0.1013278 0.1390285 0.0824410 0.1150456 0.1020810 0.1280207 0.1320607 0.0965613 0.1136183 0.1157770 0.0539630 0.0890051 0.0959050 0.1227591 0.0701766 0.0573971 0.1986038 0.1366699 0.1354705 0.0996777 0.1088573 0.1008522 0.0850837 0.0889046 0.1509234 0.0965666 0.0362339 0.0942317 0.1008010 0.0747685 0.1184475 0.1015183 0.1054228 0.1093540 0.0968236 0.1198285 0.1035269 0.0903574 0.0628805 0.1002994 0.1023890 0.0936365 0.0963939 0.1233500 0.0899577 0.1002085 0.1334383 0.0986088 0.1390474 0.1066017 0.0987027 0.1414265 0.1038455 
