129
PAFTOL_019361 0.0000000 0.2370783 0.2302282 0.1917041 0.2270446 0.2013843 0.1983769 0.2137554 0.2355042 0.3133716 0.2209706 0.2103652 0.2373462 0.2543744 0.2228239 0.2216765 0.1894067 0.2205892 0.2182546 0.2330570 0.2244412 0.2000992 0.2054868 0.1896653 0.2464951 0.1853109 0.1950204 0.2581274 0.2125622 0.2197498 0.1767181 0.2192025 0.2561206 0.2396178 0.2264164 0.2173773 0.2150086 0.2051618 0.1971998 0.2194260 0.2018134 0.2089372 0.2322366 0.1943159 0.2395335 0.2175546 0.2125751 0.2030449 0.2042127 0.2080259 0.2082982 0.1941706 0.2014330 0.2337916 0.1909094 0.2055127 0.2236439 0.2828329 0.2371341 0.2450894 0.2344122 0.2457557 0.2629512 0.2142124 0.1605260 0.2188991 0.2270034 0.2231369 0.2239984 0.1924663 0.1992646 0.1875978 0.2034096 0.2199014 0.2358773 0.2430387 0.2182239 0.2366779 0.1844065 0.2056543 0.2538661 0.2113737 0.2037297 0.1888591 0.1893910 0.2152687 0.1874032 0.2165534 0.2480825 0.2305986 0.2140875 0.1989762 0.2301346 0.2456803 0.2234712 0.1947906 0.2139829 0.2313922 0.2401490 0.2192009 0.1775523 0.2258732 0.2309608 0.2153033 0.2283512 0.2112315 0.2031168 0.2284519 0.1793031 0.2007452 0.2355719 0.2527066 0.2401563 0.2081872 0.2226978 0.2134359 0.2230900 0.2393589 0.2231681 0.2552048 0.2323042 0.1863458 0.2191114 0.2052744 0.2106988 0.1928466 0.2319636 0.2328427 0.1942752 
S0055         0.2370783 0.0000000 0.0466950 0.0755806 0.0565769 0.0372727 0.0736316 0.0640034 0.0609289 0.0564677 0.0546200 0.0746359 0.0661707 0.0652404 0.0688606 0.0505758 0.0488876 0.0528678 0.0508070 0.0522117 0.0527848 0.0352531 0.0410352 0.0568824 0.0548570 0.0523908 0.0410448 0.0722936 0.0534229 0.0543976 0.0505987 0.0524314 0.0783324 0.0759106 0.0548334 0.0369264 0.0687992 0.0529231 0.0650474 0.0342418 0.0356691 0.0589150 0.0564603 0.1124060 0.0543523 0.0485044 0.0407652 0.0320569 0.0317815 0.0341600 0.0625623 0.0591773 0.0488350 0.0488845 0.0595419 0.0584931 0.0337863 0.0596268 0.0581693 0.0547036 0.0566470 0.0705864 0.0621877 0.0472367 0.1017083 0.0859576 0.0624829 0.0509685 0.0523765 0.1196874 0.0410395 0.1036580 0.0547305 0.0699664 0.0545738 0.0741470 0.0481820 0.0633791 0.1260990 0.0354906 0.0488790 0.0511315 0.0484767 0.0571523 0.0572456 0.0547726 0.0530439 0.0696966 0.0663185 0.0546173 0.0699487 0.0336230 0.0697779 0.0491620 0.0646593 0.0357427 0.0408385 0.0317320 0.0629640 0.0318394 0.0379196 0.0591734 0.0711597 0.0730899 0.0391554 0.0356181 0.0624148 0.0513109 0.0500732 0.0317823 0.0636108 0.0641325 0.0508517 0.0442165 0.0707074 0.0430019 0.0527189 0.0594447 0.0446704 0.0553795 0.0545172 0.0612479 0.0557719 0.0265919 0.0906648 0.0283647 0.0413590 0.0609948 0.0285245 
S0196sl       0.2302282 0.0466950 0.0000000 0.0986782 0.0524134 0.0465655 0.1040586 0.0917416 0.0633139 0.0368879 0.0603716 0.0877439 0.0594475 0.0703630 0.0758739 0.0527374 0.0561012 0.0624881 0.0369222 0.0440980 0.0752261 0.0460494 0.0498358 0.0621731 0.0811365 0.0686844 0.0189195 0.0897613 0.0517957 0.0492506 0.0559417 0.0618139 0.1340387 0.0748064 0.0663467 0.0427632 0.0893648 0.0656741 0.0562056 0.0642888 0.0344271 0.0428601 0.0625390 0.1250928 0.0909303 0.0461359 0.0494495 0.0189135 0.0400555 0.0219144 0.0615836 0.0497856 0.0620492 0.0662772 0.0462077 0.0762783 0.0369173 0.0718017 0.0649282 0.0699720 0.0654645 0.0723237 0.0540480 0.0364542 0.1027454 0.0965030 0.0688790 0.0593992 0.0516142 0.1211320 0.0161419 0.1101639 0.0472960 0.0771772 0.0599439 0.0813429 0.0624113 0.0627756 0.1172698 0.0429793 0.0561392 0.0595143 0.0615973 0.0495265 0.0495265 0.0532555 0.0729557 0.0748567 0.0659033 0.0563523 0.0673168 0.0494903 0.0815248 0.0568691 0.0636252 0.0471276 0.0460780 0.0585957 0.0629300 0.0493600 0.0305416 0.0636894 0.0703898 0.0916890 0.0431326 0.0189087 0.0746487 0.0367498 0.0461311 0.0399378 0.0529860 0.0652181 0.0568335 0.0460023 0.0797586 0.0499810 0.0686339 0.0603724 0.0776242 0.0608206 0.0627551 0.0596521 0.0589086 0.0308903 0.1076926 0.0309307 0.0468907 0.0891131 0.0310507 
S0278         0.1917041 0.0755806 0.0986782 0.0000000 0.0969056 0.0766978 0.0872814 0.0462978 0.0928812 0.1195559 0.0978109 0.0547420 0.0946003 0.1006470 0.0438051 0.0837274 0.0488203 0.0929191 0.0998181 0.0886814 0.0749233 0.0788609 0.0749112 0.0513640 0.0939621 0.0473466 0.0668855 0.0954131 0.0500073 0.0796416 0.0511997 0.0747259 0.1232476 0.0920420 0.0494664 0.0852524 0.0436547 0.0729888 0.0759146 0.0739013 0.0717152 0.0890628 0.0903760 0.1392325 0.0880026 0.0771805 0.0772278 0.0688781 0.0749284 0.0776613 0.0674579 0.0809443 0.0709644 0.0847746 0.0743653 0.0672144 0.0707833 0.0885733 0.0788918 0.0863952 0.0794054 0.0859102 0.1326978 0.0887480 0.1158161 0.0918641 0.0899852 0.0690269 0.0710289 0.1449418 0.0629050 0.1297800 0.0548063 0.0839942 0.0840920 0.1077529 0.0798430 0.0821499 0.1419320 0.0794335 0.0955858 0.0937652 0.0413377 0.0717619 0.0718826 0.0823156 0.0564468 0.0418582 0.0970530 0.0898956 0.0867944 0.0792612 0.0919247 0.0867083 0.0861336 0.0800519 0.0835325 0.0897911 0.0929175 0.0754894 0.0521916 0.0888585 0.0998449 0.0492809 0.0879529 0.0688566 0.0567522 0.0907031 0.0622168 0.0708747 0.1013808 0.0949625 0.0883460 0.0891990 0.0527666 0.0798392 0.0751753 0.1040313 0.0901441 0.0826760 0.0923905 0.0719956 0.0852166 0.0624756 0.1119563 0.0644961 0.0775631 0.0877725 0.0590066 
S0281         0.2270446 0.0565769 0.0524134 0.0969056 0.0000000 0.0564210 0.0831739 0.0913273 0.0662363 0.0763884 0.0746484 0.0990368 0.0799542 0.0751124 0.0939490 0.0637962 0.0741621 0.0728408 0.0727163 0.0658239 0.0822899 0.0560591 0.0605140 0.0712796 0.0776177 0.0784515 0.0403571 0.0915570 0.0807851 0.0677546 0.0715747 0.0616741 0.1007697 0.0811637 0.0897117 0.0638622 0.0959904 0.0667565 0.0766546 0.0595039 0.0608593 0.0578618 0.0699211 0.1340378 0.0809825 0.0616040 0.0639897 0.0350273 0.0542546 0.0424948 0.0782920 0.0561840 0.0624213 0.0645653 0.0710801 0.0725132 0.0523185 0.0700115 0.0675343 0.0746837 0.0640120 0.0762148 0.0963750 0.0479751 0.1159754 0.1009759 0.0741104 0.0605346 0.0619952 0.1392402 0.0439443 0.1248195 0.0775638 0.0836362 0.0785982 0.0821690 0.0641110 0.0658577 0.1488695 0.0545223 0.0746153 0.0708640 0.0781877 0.0685568 0.0686697 0.0662058 0.0688607 0.0933747 0.0653007 0.0680344 0.0807356 0.0581396 0.0736472 0.0729307 0.0745916 0.0549264 0.0622557 0.0656397 0.0722094 0.0527819 0.0533766 0.0665047 0.0765445 0.1007496 0.0623477 0.0385626 0.0792323 0.0538053 0.0633829 0.0542559 0.0640227 0.0698248 0.0746181 0.0676176 0.0963303 0.0709803 0.0625430 0.0807212 0.0688230 0.0797974 0.0765167 0.0727870 0.0773424 0.0446056 0.0974089 0.0424726 0.0643831 0.0819870 0.0467748 
S0282         0.2013843 0.0372727 0.0465655 0.0766978 0.0564210 0.0000000 0.0703764 0.0713025 0.0646929 0.0379553 0.0318334 0.0762286 0.0679923 0.0711144 0.0720605 0.0523588 0.0603462 0.0585064 0.0510620 0.0539998 0.0608698 0.0111303 0.0161800 0.0627731 0.0604783 0.0658999 0.0445996 0.0764608 0.0653961 0.0561906 0.0579553 0.0540955 0.0790453 0.0749609 0.0700824 0.0228708 0.0804994 0.0584516 0.0689676 0.0360511 0.0145980 0.0587515 0.0582624 0.1168830 0.0523008 0.0502756 0.0160836 0.0355431 0.0079225 0.0394571 0.0663212 0.0590123 0.0542872 0.0563089 0.0634333 0.0640643 0.0372815 0.0730633 0.0598353 0.0646572 0.0583233 0.0722677 0.0595480 0.0411366 0.1065925 0.0925870 0.0581344 0.0588061 0.0580806 0.1185930 0.0445939 0.1080531 0.0650982 0.0713144 0.0582458 0.0776369 0.0406590 0.0711981 0.1298257 0.0144783 0.0300402 0.0551438 0.0618007 0.0609962 0.0610962 0.0565774 0.0604793 0.0714591 0.0740779 0.0564177 0.0671938 0.0095536 0.0692181 0.0566527 0.0684389 0.0162947 0.0161121 0.0479288 0.0707282 0.0247522 0.0415900 0.0629369 0.0750085 0.0803763 0.0178214 0.0391313 0.0726515 0.0468841 0.0558516 0.0079227 0.0549543 0.0722185 0.0583255 0.0193267 0.0803327 0.0213740 0.0582241 0.0269717 0.0411796 0.0630437 0.0601518 0.0672518 0.0655286 0.0300131 0.0931228 0.0318028 0.0486421 0.0670716 0.0319836 
S0288         0.1983769 0.0736316 0.1040586 0.0872814 0.0831739 0.0703764 0.0000000 0.0857820 0.0883435 0.1511660 0.0850732 0.0678135 0.0107829 0.0501856 0.0864445 0.0107801 0.0710612 0.0709289 0.0667863 0.0228441 0.0806487 0.0632267 0.0738811 0.0746150 0.0930903 0.0670344 0.0461285 0.0970543 0.0627073 0.0136423 0.0636062 0.0668029 0.1012024 0.0590788 0.0754253 0.0704911 0.0942913 0.0819256 0.0819115 0.0745616 0.0684661 0.0662921 0.0135693 0.1280949 0.0813745 0.0163196 0.0732842 0.0430420 0.0599667 0.0427453 0.0603560 0.0561533 0.0819950 0.0698092 0.0755397 0.0820704 0.0633672 0.0502817 0.0806575 0.0712040 0.0672405 0.0815114 0.1349923 0.0626213 0.1218983 0.0595964 0.0666161 0.0682944 0.0693706 0.1413354 0.0461185 0.1245663 0.0677849 0.0824415 0.0750784 0.0738631 0.0808195 0.0781109 0.1460931 0.0670524 0.1006608 0.0543771 0.0813276 0.0748011 0.0750144 0.0136195 0.0858238 0.0907630 0.0534339 0.0136268 0.0026567 0.0703431 0.0646269 0.0683223 0.0816438 0.0671841 0.0808617 0.0848809 0.0902809 0.0709660 0.0535805 0.0748213 0.0914318 0.0964379 0.0812738 0.0492219 0.0782285 0.0662903 0.0658880 0.0634243 0.0626075 0.0854946 0.0781622 0.0766547 0.0790984 0.0813311 0.0853938 0.0904321 0.0733329 0.0724544 0.0671943 0.0747422 0.0591617 0.0598833 0.0891088 0.0495556 0.0747423 0.0877122 0.0536628 
S0289         0.2137554 0.0640034 0.0917416 0.0462978 0.0913273 0.0713025 0.0857820 0.0000000 0.0765738 0.1043430 0.0827883 0.0466184 0.0819119 0.0926987 0.0326280 0.0693474 0.0456893 0.0788100 0.0830415 0.0713032 0.0710167 0.0712913 0.0782849 0.0451786 0.0916355 0.0361748 0.0634564 0.0967556 0.0401206 0.0714395 0.0398967 0.0698648 0.1165368 0.0864043 0.0421434 0.0775873 0.0436530 0.0552249 0.0619500 0.0732382 0.0684272 0.0828064 0.0757149 0.1275490 0.0801343 0.0650534 0.0695811 0.0594940 0.0673945 0.0680495 0.0657698 0.0789514 0.0470444 0.0817573 0.0623579 0.0532356 0.0590092 0.0877958 0.0739699 0.0793220 0.0743672 0.0852682 0.1101994 0.0788929 0.1193925 0.0895698 0.0849318 0.0683784 0.0680357 0.1356680 0.0594832 0.1180981 0.0427466 0.0817295 0.0681507 0.1072831 0.0783148 0.0709521 0.1429753 0.0718089 0.0872247 0.0762085 0.0376993 0.0599020 0.0580352 0.0738542 0.0517428 0.0484833 0.0913037 0.0778984 0.0691651 0.0695783 0.0911716 0.0645583 0.0723073 0.0723660 0.0757956 0.0757781 0.0745874 0.0678963 0.0342009 0.0706335 0.0811854 0.0360328 0.0802115 0.0594752 0.0501124 0.0836182 0.0546596 0.0633922 0.0951076 0.0784171 0.0660376 0.0815070 0.0574916 0.0728213 0.0573607 0.0977873 0.0781165 0.0608679 0.0703001 0.0620979 0.0756777 0.0510012 0.1069420 0.0552401 0.0578367 0.0818430 0.0494474 
S0292         0.2355042 0.0609289 0.0633139 0.0928812 0.0662363 0.0646929 0.0883435 0.0765738 0.0000000 0.0866823 0.0772139 0.0924756 0.0828032 0.0820871 0.0875036 0.0663927 0.0682834 0.0523323 0.0233754 0.0665055 0.0765923 0.0603621 0.0689387 0.0774622 0.0771225 0.0744555 0.0561747 0.0975232 0.0765499 0.0665074 0.0658046 0.0676762 0.1022946 0.0886032 0.0772851 0.0683383 0.0901013 0.0706856 0.0726745 0.0620052 0.0633628 0.0792698 0.0684929 0.1181915 0.0835622 0.0641572 0.0684574 0.0504905 0.0585302 0.0585828 0.0639393 0.0796279 0.0664113 0.0670089 0.0711418 0.0766250 0.0565569 0.0735706 0.0736436 0.0684696 0.0720279 0.0843788 0.0970369 0.0605161 0.1113087 0.1020873 0.0829373 0.0565021 0.0576892 0.1256500 0.0561529 0.1092594 0.0736990 0.0752798 0.0520864 0.0829123 0.0709347 0.0279729 0.1274978 0.0627396 0.0755225 0.0755207 0.0742241 0.0686164 0.0667546 0.0689540 0.0689669 0.0873117 0.0767412 0.0707068 0.0817987 0.0566181 0.0804744 0.0388982 0.0193832 0.0632127 0.0684567 0.0605989 0.0334978 0.0607218 0.0576313 0.0095131 0.0211244 0.0921888 0.0687614 0.0504749 0.0818840 0.0608750 0.0653577 0.0545779 0.0735639 0.0303945 0.0521589 0.0681651 0.0858486 0.0694921 0.0665586 0.0874882 0.0755278 0.0450247 0.0539508 0.0728482 0.0637229 0.0486788 0.0924242 0.0446036 0.0427218 0.0826501 0.0490192 
S0293         0.3133716 0.0564677 0.0368879 0.1195559 0.0763884 0.0379553 0.1511660 0.1043430 0.0866823 0.0000000 0.0534051 0.1126046 0.0818430 0.0831842 0.0888277 0.0654422 0.0826058 0.0720603 0.0570935 0.0645194 0.0923456 0.0375627 0.0351717 0.0840259 0.0801809 0.0884742 0.0624998 0.0989765 0.0826939 0.0712629 0.0855040 0.0711504 0.1190998 0.0870838 0.1002507 0.0406822 0.1212953 0.0756405 0.0871369 0.0546435 0.0323770 0.0666632 0.0717374 0.1374618 0.0827872 0.0619208 0.0406479 0.0532718 0.0320150 0.0568667 0.0994751 0.0770458 0.0754261 0.0727189 0.0768591 0.1000706 0.0467528 0.0990498 0.0741810 0.0821535 0.0713875 0.0881013 0.0576245 0.0600340 0.1226606 0.1520853 0.0749037 0.0827438 0.0722733 0.1335522 0.0593889 0.1227846 0.0804725 0.1059158 0.0727169 0.0973887 0.0493697 0.0834963 0.1325821 0.0290595 0.0436949 0.0654572 0.0879123 0.0766526 0.0766526 0.0726357 0.0971452 0.1066935 0.0753320 0.0690986 0.1225176 0.0406805 0.0868995 0.0761836 0.0942337 0.0386062 0.0290708 0.0679990 0.0895142 0.0318384 0.0619812 0.0871910 0.0977656 0.1235853 0.0348483 0.0532586 0.0977622 0.0668701 0.0761667 0.0290649 0.0847561 0.0930082 0.0794145 0.0375266 0.1104120 0.0410559 0.0820069 0.0498994 0.0670560 0.0770588 0.0819007 0.0908816 0.0814475 0.0408154 0.1176633 0.0438293 0.0660348 0.0913407 0.0440787 
S0294         0.2209706 0.0546200 0.0603716 0.0978109 0.0746484 0.0318334 0.0850732 0.0827883 0.0772139 0.0534051 0.0000000 0.0952283 0.0833465 0.0911593 0.0860005 0.0668196 0.0687243 0.0753150 0.0584023 0.0689814 0.0786375 0.0280994 0.0390939 0.0780055 0.0755433 0.0729392 0.0566205 0.0927712 0.0792552 0.0668750 0.0641660 0.0707414 0.0919554 0.0924852 0.0883019 0.0426705 0.1017349 0.0690680 0.0727859 0.0497508 0.0338963 0.0652778 0.0729525 0.1379194 0.0727450 0.0645666 0.0317391 0.0490129 0.0264688 0.0532477 0.0816649 0.0699642 0.0627584 0.0738045 0.0712692 0.0685230 0.0508277 0.0889558 0.0768394 0.0752915 0.0752037 0.0859533 0.0691644 0.0526510 0.1319421 0.1093957 0.0794047 0.0738182 0.0669473 0.1443233 0.0585490 0.1328996 0.0790634 0.0824423 0.0690320 0.0938220 0.0620014 0.0777671 0.1466873 0.0336034 0.0467559 0.0659268 0.0743481 0.0687365 0.0688507 0.0673460 0.0692349 0.0962919 0.0875359 0.0711657 0.0794824 0.0298977 0.0868556 0.0693753 0.0771178 0.0357585 0.0352764 0.0636827 0.0842671 0.0447620 0.0562260 0.0711097 0.0839461 0.0899777 0.0372334 0.0489976 0.0888385 0.0548177 0.0678537 0.0264240 0.0692781 0.0839579 0.0751708 0.0351251 0.1015094 0.0412414 0.0668502 0.0513096 0.0569603 0.0783492 0.0791867 0.0751394 0.0765787 0.0431017 0.0990864 0.0449961 0.0668830 0.0824537 0.0452657 
S0299         0.2103652 0.0746359 0.0877439 0.0547420 0.0990368 0.0762286 0.0678135 0.0466184 0.0924756 0.1126046 0.0952283 0.0000000 0.0878815 0.0984508 0.0367789 0.0769856 0.0440741 0.0948124 0.0816602 0.0810718 0.0774974 0.0762456 0.0855764 0.0405592 0.0956256 0.0475650 0.0661896 0.0991093 0.0463861 0.0728714 0.0478777 0.0790232 0.1372257 0.0874403 0.0404428 0.0801467 0.0420975 0.0700446 0.0690083 0.0844393 0.0712955 0.0857800 0.0834610 0.1366735 0.0944652 0.0724957 0.0807698 0.0702646 0.0741767 0.0750449 0.0709517 0.0756584 0.0612234 0.0847862 0.0674190 0.0638760 0.0656539 0.0858080 0.0854185 0.0910391 0.0836005 0.0884798 0.1191362 0.0839712 0.1174738 0.0843633 0.0924502 0.0817150 0.0816695 0.1374219 0.0621447 0.1246998 0.0559687 0.0906375 0.0815168 0.1083035 0.0809249 0.0975085 0.1395549 0.0788830 0.0943733 0.0885142 0.0399476 0.0648616 0.0649710 0.0755051 0.0646493 0.0505470 0.0902211 0.0858843 0.0735957 0.0786380 0.0945295 0.0820380 0.0815626 0.0795076 0.0849472 0.0846506 0.0927772 0.0722017 0.0469266 0.0819934 0.0996719 0.0460431 0.0875454 0.0702424 0.0436027 0.0907936 0.0574965 0.0700541 0.0980750 0.0942197 0.0873421 0.0803715 0.0405994 0.0821522 0.0704385 0.1005639 0.0965360 0.0826426 0.0921451 0.0629670 0.0768655 0.0573831 0.1053931 0.0617864 0.0764591 0.0911940 0.0537992 
S0303         0.2373462 0.0661707 0.0594475 0.0946003 0.0799542 0.0679923 0.0107829 0.0819119 0.0828032 0.0818430 0.0833465 0.0878815 0.0000000 0.0581313 0.0874297 0.0227909 0.0706839 0.0781656 0.0638112 0.0218102 0.0842654 0.0655778 0.0722479 0.0731821 0.0795573 0.0783171 0.0481873 0.1096197 0.0694771 0.0161161 0.0681330 0.0675303 0.1227376 0.0666140 0.0769600 0.0676652 0.1006983 0.0727195 0.0770581 0.0733266 0.0569140 0.0703475 0.0279867 0.1383031 0.0911534 0.0177019 0.0717459 0.0500393 0.0579808 0.0519953 0.0661840 0.0607768 0.0702125 0.0618462 0.0693155 0.0744556 0.0598589 0.0276387 0.0734787 0.0765181 0.0700024 0.0762241 0.0947303 0.0700783 0.1202110 0.0848021 0.0676484 0.0606688 0.0618668 0.1485883 0.0481811 0.1314103 0.0730059 0.0841842 0.0744368 0.0812391 0.0763100 0.0791787 0.1411243 0.0621254 0.0894806 0.0588799 0.0780544 0.0689202 0.0690341 0.0162203 0.0727605 0.0912075 0.0635388 0.0161734 0.0187699 0.0678150 0.0648188 0.0688749 0.0750339 0.0606293 0.0718775 0.0819254 0.0808365 0.0661717 0.0494681 0.0769279 0.0914188 0.0985251 0.0741118 0.0537690 0.0705054 0.0724441 0.0657104 0.0618203 0.0723440 0.0867480 0.0785841 0.0754070 0.0895998 0.0748978 0.0765023 0.0776649 0.0828300 0.0674800 0.0717892 0.0731724 0.0653609 0.0519640 0.1016041 0.0478636 0.0682525 0.0988547 0.0485793 
S0308         0.2543744 0.0652404 0.0703630 0.1006470 0.0751124 0.0711144 0.0501856 0.0926987 0.0820871 0.0831842 0.0911593 0.0984508 0.0581313 0.0000000 0.0903456 0.0428857 0.0799839 0.0711400 0.0732601 0.0462891 0.0850473 0.0646493 0.0713375 0.0869940 0.0910570 0.0807270 0.0623329 0.0993712 0.0813023 0.0484524 0.0753028 0.0706060 0.1217536 0.0671972 0.0840185 0.0748179 0.1002257 0.0863527 0.0925054 0.0623691 0.0718589 0.0777142 0.0485916 0.1414041 0.0885619 0.0390743 0.0708918 0.0527037 0.0647838 0.0585669 0.0815329 0.0780576 0.0816191 0.0545731 0.0917038 0.0924207 0.0627619 0.0483200 0.0766940 0.0737333 0.0752025 0.0879003 0.1029125 0.0733704 0.1275526 0.0866115 0.0687828 0.0616722 0.0625174 0.1494201 0.0584343 0.1319196 0.0835314 0.0787213 0.0730601 0.0762402 0.0839210 0.0742494 0.1537563 0.0691178 0.0888525 0.0678334 0.0813982 0.0888637 0.0890162 0.0467404 0.0862597 0.0972879 0.0563834 0.0468540 0.0528335 0.0709264 0.0598672 0.0718864 0.0886436 0.0696476 0.0709677 0.0792317 0.0780856 0.0673304 0.0671253 0.0802805 0.0951208 0.1024281 0.0732852 0.0526873 0.0938909 0.0758125 0.0835094 0.0647853 0.0872412 0.0796245 0.0796548 0.0786843 0.0869132 0.0740733 0.0840164 0.0950924 0.0800340 0.0746241 0.0767969 0.0886640 0.0723846 0.0546748 0.1124400 0.0504634 0.0691631 0.0889287 0.0550624 
S0320         0.2228239 0.0688606 0.0758739 0.0438051 0.0939490 0.0720605 0.0864445 0.0326280 0.0875036 0.0888277 0.0860005 0.0367789 0.0874297 0.0903456 0.0000000 0.0747620 0.0471820 0.0857346 0.0900397 0.0793058 0.0716778 0.0720494 0.0748582 0.0437006 0.0836863 0.0374986 0.0623708 0.0944350 0.0436295 0.0707928 0.0450941 0.0746913 0.1166573 0.0849059 0.0358788 0.0782615 0.0396497 0.0706455 0.0631273 0.0739879 0.0652373 0.0860985 0.0810271 0.1307219 0.0787442 0.0684458 0.0723766 0.0643239 0.0682064 0.0688601 0.0668683 0.0757411 0.0619644 0.0824030 0.0660444 0.0586488 0.0661962 0.0792676 0.0808486 0.0840234 0.0792163 0.0837469 0.1145134 0.0773616 0.1098404 0.0974000 0.0855094 0.0732440 0.0706643 0.1362561 0.0584700 0.1214976 0.0484922 0.0865969 0.0730004 0.1074818 0.0749038 0.0818997 0.1383215 0.0700850 0.0811170 0.0753698 0.0375739 0.0635528 0.0636585 0.0710307 0.0590491 0.0481245 0.0875589 0.0833860 0.0862748 0.0703633 0.0873660 0.0795999 0.0790790 0.0731195 0.0743301 0.0846905 0.0836726 0.0725966 0.0438088 0.0815377 0.0923891 0.0377615 0.0808533 0.0643041 0.0487190 0.0819812 0.0563371 0.0641388 0.0957550 0.0875925 0.0828171 0.0780585 0.0449293 0.0735727 0.0684258 0.0981998 0.0828960 0.0777705 0.0874232 0.0637582 0.0787001 0.0580741 0.1026215 0.0600537 0.0723381 0.0819685 0.0546451 
S0322         0.2216765 0.0505758 0.0527374 0.0837274 0.0637962 0.0523588 0.0107801 0.0693474 0.0663927 0.0654422 0.0668196 0.0769856 0.0227909 0.0428857 0.0747620 0.0000000 0.0625205 0.0620507 0.0500370 0.0065129 0.0734010 0.0464406 0.0563698 0.0629386 0.0752781 0.0660720 0.0443569 0.0872356 0.0610390 0.0127862 0.0562593 0.0482815 0.1083932 0.0530680 0.0646603 0.0521089 0.0833430 0.0605947 0.0687302 0.0572433 0.0528853 0.0545613 0.0047221 0.1238216 0.0764633 0.0078940 0.0521997 0.0353511 0.0428492 0.0334752 0.0581949 0.0529017 0.0582480 0.0498293 0.0611359 0.0662415 0.0446515 0.0351270 0.0539081 0.0565259 0.0523876 0.0640749 0.0783607 0.0543261 0.1106111 0.0665555 0.0483427 0.0471384 0.0480507 0.1313326 0.0443512 0.1148529 0.0602986 0.0653528 0.0584126 0.0667930 0.0680698 0.0628402 0.1382947 0.0467482 0.0727168 0.0472263 0.0658502 0.0607902 0.0608896 0.0128684 0.0626013 0.0803787 0.0462794 0.0128319 0.0138315 0.0522263 0.0529446 0.0530229 0.0707388 0.0470880 0.0560905 0.0618210 0.0605950 0.0505826 0.0434641 0.0607244 0.0745826 0.0854213 0.0581826 0.0389193 0.0687141 0.0565160 0.0575710 0.0465226 0.0669778 0.0678419 0.0623843 0.0595515 0.0768425 0.0549135 0.0603972 0.0741614 0.0684687 0.0515624 0.0598334 0.0649186 0.0499840 0.0371738 0.0882983 0.0333581 0.0525551 0.0773987 0.0374268 
S0327         0.1894067 0.0488876 0.0561012 0.0488203 0.0741621 0.0603462 0.0710612 0.0456893 0.0682834 0.0826058 0.0687243 0.0440741 0.0706839 0.0799839 0.0471820 0.0625205 0.0000000 0.0668319 0.0659846 0.0642467 0.0531868 0.0560115 0.0645018 0.0303746 0.0715530 0.0282650 0.0431740 0.0768374 0.0225479 0.0586821 0.0230400 0.0663817 0.1032175 0.0762243 0.0339014 0.0597630 0.0430343 0.0428220 0.0546382 0.0553024 0.0473232 0.0687883 0.0686767 0.1220853 0.0728742 0.0564703 0.0563200 0.0487430 0.0543095 0.0568013 0.0587346 0.0631222 0.0410099 0.0714059 0.0530827 0.0470071 0.0483568 0.0681644 0.0683953 0.0668206 0.0708834 0.0771965 0.0891025 0.0645550 0.1018700 0.0809511 0.0723306 0.0564266 0.0560570 0.1274254 0.0394936 0.1104261 0.0399811 0.0761246 0.0608684 0.0914709 0.0602955 0.0668486 0.1243737 0.0584249 0.0732519 0.0691108 0.0298884 0.0507981 0.0508804 0.0610562 0.0414106 0.0411369 0.0746929 0.0707837 0.0706425 0.0583073 0.0784705 0.0651229 0.0583802 0.0588612 0.0602869 0.0638574 0.0689272 0.0544162 0.0300268 0.0646314 0.0767124 0.0428892 0.0663494 0.0487278 0.0327757 0.0664007 0.0417949 0.0505243 0.0819818 0.0746289 0.0668320 0.0676873 0.0372783 0.0611928 0.0526389 0.0850556 0.0729123 0.0655374 0.0727114 0.0487275 0.0661045 0.0407783 0.0912772 0.0447505 0.0568003 0.0652767 0.0374357 
S0335         0.2205892 0.0528678 0.0624881 0.0929191 0.0728408 0.0585064 0.0709289 0.0788100 0.0523323 0.0720603 0.0753150 0.0948124 0.0781656 0.0711400 0.0857346 0.0620507 0.0668319 0.0000000 0.0232725 0.0663225 0.0717629 0.0561993 0.0587290 0.0816258 0.0818938 0.0680248 0.0582733 0.0835106 0.0678196 0.0659987 0.0683111 0.0599985 0.1116058 0.0840032 0.0773940 0.0660140 0.0946762 0.0729828 0.0865002 0.0555225 0.0610624 0.0774362 0.0681556 0.1232561 0.0832531 0.0598699 0.0661288 0.0487792 0.0563135 0.0545526 0.0700137 0.0797986 0.0685305 0.0673463 0.0849689 0.0767320 0.0524092 0.0759202 0.0697811 0.0688984 0.0643486 0.0785793 0.0915556 0.0630449 0.1176040 0.0940175 0.0790256 0.0629614 0.0623141 0.1308352 0.0582657 0.1142040 0.0811014 0.0803184 0.0424212 0.0895518 0.0706073 0.0565050 0.1376274 0.0604666 0.0753401 0.0696371 0.0723516 0.0822267 0.0802923 0.0664572 0.0708613 0.0896480 0.0726991 0.0662699 0.0732021 0.0583711 0.0807013 0.0334636 0.0537835 0.0609182 0.0599555 0.0661463 0.0581556 0.0562976 0.0559232 0.0506162 0.0621457 0.0945306 0.0684462 0.0525390 0.0882333 0.0634228 0.0769079 0.0563149 0.0763305 0.0613813 0.0350895 0.0638286 0.0859372 0.0691700 0.0746208 0.0830599 0.0710058 0.0391289 0.0127886 0.0867147 0.0676143 0.0446833 0.0977163 0.0410322 0.0262864 0.0736470 0.0449923 
S0345         0.2182546 0.0508070 0.0369222 0.0998181 0.0727163 0.0510620 0.0667863 0.0830415 0.0233754 0.0570935 0.0584023 0.0816602 0.0638112 0.0732601 0.0900397 0.0500370 0.0659846 0.0232725 0.0000000 0.0427323 0.0642914 0.0435954 0.0576860 0.0659902 0.1045961 0.0510724 0.0436181 0.0792958 0.0501484 0.0500370 0.0578694 0.0708853 0.1237362 0.0572589 0.0680455 0.0430733 0.0738955 0.1027223 0.0752118 0.0735557 0.0381693 0.0436594 0.0645188 0.1385404 0.0796491 0.0433438 0.0571203 0.0370114 0.0503294 0.0370114 0.0865993 0.0518174 0.1042710 0.0794487 0.0589155 0.1227540 0.0571684 1.6295233 0.0928765 0.0737663 0.0709798 0.0869521 0.0509730 0.0571247 0.1134927 0.0644883 0.0707426 0.0832543 0.0551568 0.1387403 0.0370114 0.1243484 0.0592380 0.0987571 0.0300529 0.0716526 0.0646168 0.0360406 0.1385404 0.0435954 0.0511344 0.0785413 0.0576440 0.0667433 0.0667433 0.0510845 0.1151710 0.1040040 0.0582245 0.0726446 0.0568549 0.0442165 0.0749547 0.0113482 0.0173803 0.0447485 0.0641702 0.0503289 0.0365439 0.0507400 0.0435926 0.0175772 0.0297557 0.1102466 0.0506640 0.0370114 0.0704364 0.0580087 0.0586846 0.0435954 0.0571296 0.0301233 0.0297985 0.0570453 0.0834007 0.0578665 0.1045102 0.0503338 0.0796491 0.0297118 0.0296345 0.0914837 0.0439738 0.0434115 0.1061929 0.0369869 0.0236322 0.0933429 0.0367534 
S0355         0.2330570 0.0522117 0.0440980 0.0886814 0.0658239 0.0539998 0.0228441 0.0713032 0.0665055 0.0645194 0.0689814 0.0810718 0.0218102 0.0462891 0.0793058 0.0065129 0.0642467 0.0663225 0.0427323 0.0000000 0.0799199 0.0497923 0.0581525 0.0646887 0.0777483 0.0678948 0.0457171 0.0924155 0.0557066 0.0115065 0.0577888 0.0516203 0.1099987 0.0568577 0.0688544 0.0537345 0.0853644 0.0602645 0.0685990 0.0609925 0.0545590 0.0539546 0.0115285 0.1229906 0.0810545 0.0081502 0.0557785 0.0364224 0.0441703 0.0365453 0.0600378 0.0544424 0.0578644 0.0476088 0.0563261 0.0683666 0.0440320 0.0342463 0.0575508 0.0583191 0.0559951 0.0681536 0.0698748 0.0560361 0.1094373 0.0775680 0.0499027 0.0486182 0.0473141 0.1283081 0.0457110 0.1138033 0.0639389 0.0655266 0.0622677 0.0690186 0.0702533 0.0648631 0.1353693 0.0461781 0.0726856 0.0426727 0.0676619 0.0604638 0.0605652 0.0116002 0.0665150 0.0826960 0.0496564 0.0115662 0.0242133 0.0538589 0.0526459 0.0547058 0.0730351 0.0465230 0.0578543 0.0616325 0.0645581 0.0521675 0.0465083 0.0626697 0.0749397 0.0878682 0.0577972 0.0401044 0.0706875 0.0583078 0.0571616 0.0479623 0.0691504 0.0720260 0.0643767 0.0614218 0.0814765 0.0543119 0.0623210 0.0742979 0.0683317 0.0532099 0.0639892 0.0646925 0.0534632 0.0363776 0.0890852 0.0343598 0.0542087 0.0820829 0.0347092 
S0376         0.2244412 0.0527848 0.0752261 0.0749233 0.0822899 0.0608698 0.0806487 0.0710167 0.0765923 0.0923456 0.0786375 0.0774974 0.0842654 0.0850473 0.0716778 0.0734010 0.0531868 0.0717629 0.0642914 0.0799199 0.0000000 0.0584693 0.0588701 0.0678950 0.0747062 0.0648535 0.0526132 0.0391126 0.0645825 0.0692930 0.0609163 0.0691086 0.1141057 0.0860559 0.0697693 0.0683477 0.0680417 0.0674442 0.0807046 0.0554340 0.0533916 0.0720703 0.0800142 0.1271819 0.0754811 0.0689346 0.0606904 0.0526229 0.0564817 0.0611069 0.0677516 0.0683565 0.0651583 0.0716700 0.0797514 0.0694689 0.0526087 0.0846953 0.0733453 0.0765744 0.0737068 0.0783148 0.1026812 0.0677318 0.1104800 0.0860047 0.0759192 0.0702134 0.0651360 0.1351811 0.0486947 0.1176562 0.0762877 0.0929672 0.0714840 0.0966472 0.0607832 0.0815241 0.1372492 0.0608930 0.0764808 0.0768230 0.0566112 0.0769749 0.0771103 0.0674541 0.0615125 0.0754199 0.0845045 0.0822643 0.0783923 0.0567134 0.0838238 0.0697422 0.0699921 0.0613754 0.0628368 0.0584337 0.0830844 0.0507115 0.0458073 0.0747326 0.0878077 0.0789117 0.0691868 0.0526060 0.0741499 0.0722202 0.0691534 0.0526251 0.0790541 0.0823732 0.0716016 0.0664806 0.0763749 0.0720236 0.0673753 0.0838559 0.0691466 0.0745081 0.0734856 0.0815585 0.0668740 0.0445866 0.0836359 0.0427240 0.0630822 0.0274254 0.0429281 
S0400         0.2000992 0.0352531 0.0460494 0.0788609 0.0560591 0.0111303 0.0632267 0.0712913 0.0603621 0.0375627 0.0280994 0.0762456 0.0655778 0.0646493 0.0720494 0.0464406 0.0560115 0.0561993 0.0435954 0.0497923 0.0584693 0.0000000 0.0177369 0.0603996 0.0581454 0.0635145 0.0424899 0.0760536 0.0649776 0.0539265 0.0536987 0.0500909 0.0742068 0.0685740 0.0700716 0.0210483 0.0764163 0.0561457 0.0645432 0.0340169 0.0128608 0.0564318 0.0521945 0.1182880 0.0500876 0.0480931 0.0143473 0.0335418 0.0062829 0.0373933 0.0639153 0.0566804 0.0520455 0.0581840 0.0590810 0.0616966 0.0352620 0.0727895 0.0557405 0.0622626 0.0542257 0.0679402 0.0589368 0.0372671 0.1080625 0.0859243 0.0599549 0.0564834 0.0557223 0.1199881 0.0424845 0.1094839 0.0625690 0.0713032 0.0559510 0.0795670 0.0386092 0.0666015 0.1265331 0.0127565 0.0281149 0.0528595 0.0594723 0.0567139 0.0568059 0.0542946 0.0562419 0.0714479 0.0676297 0.0541423 0.0611780 0.0111053 0.0711126 0.0543648 0.0640529 0.0145356 0.0143734 0.0421790 0.0643224 0.0228947 0.0394102 0.0586235 0.0704790 0.0803637 0.0160587 0.0370875 0.0700931 0.0428969 0.0516119 0.0062830 0.0527423 0.0697734 0.0598589 0.0175603 0.0803202 0.0195532 0.0559300 0.0303499 0.0390992 0.0606578 0.0616797 0.0628419 0.0593374 0.0280897 0.0903225 0.0298567 0.0501875 0.0646331 0.0300242 
S0405         0.2054868 0.0410352 0.0498358 0.0749112 0.0605140 0.0161800 0.0738811 0.0782849 0.0689387 0.0351717 0.0390939 0.0855764 0.0722479 0.0713375 0.0748582 0.0563698 0.0645018 0.0587290 0.0576860 0.0581525 0.0588701 0.0177369 0.0000000 0.0651072 0.0607104 0.0680200 0.0484734 0.0809834 0.0719633 0.0602610 0.0620432 0.0562985 0.0745756 0.0792734 0.0769226 0.0298243 0.0812890 0.0606273 0.0732966 0.0305407 0.0213870 0.0629046 0.0623739 0.1195408 0.0540110 0.0542407 0.0228348 0.0392843 0.0144602 0.0432853 0.0647024 0.0631851 0.0583315 0.0564973 0.0677036 0.0682672 0.0410434 0.0764572 0.0602353 0.0689026 0.0605884 0.0746946 0.0626715 0.0449662 0.1092223 0.0960403 0.0704613 0.0610941 0.0601436 0.1212566 0.0484671 0.1106323 0.0672344 0.0756674 0.0604206 0.0799828 0.0408050 0.0734465 0.1278990 0.0212085 0.0372451 0.0553539 0.0659476 0.0652027 0.0653104 0.0585797 0.0646475 0.0784565 0.0743675 0.0605073 0.0730191 0.0194769 0.0674286 0.0607623 0.0727300 0.0213777 0.0195003 0.0518264 0.0750675 0.0283056 0.0456527 0.0671695 0.0794278 0.0875279 0.0246472 0.0429245 0.0751588 0.0508153 0.0600280 0.0144605 0.0571474 0.0766645 0.0624432 0.0261316 0.0874761 0.0283521 0.0623358 0.0360596 0.0410308 0.0672851 0.0642910 0.0715705 0.0697221 0.0336506 0.0914874 0.0354690 0.0526014 0.0713785 0.0356739 
S0407sl       0.1896653 0.0568824 0.0621731 0.0513640 0.0712796 0.0627731 0.0746150 0.0451786 0.0774622 0.0840259 0.0780055 0.0405592 0.0731821 0.0869940 0.0437006 0.0629386 0.0303746 0.0816258 0.0659902 0.0646887 0.0678950 0.0603996 0.0651072 0.0000000 0.0783364 0.0355022 0.0528733 0.0861869 0.0337232 0.0649785 0.0339600 0.0605062 0.1119311 0.0768262 0.0379621 0.0621615 0.0430096 0.0490549 0.0530801 0.0658714 0.0555543 0.0692554 0.0691421 0.1232005 0.0734601 0.0587668 0.0587743 0.0528621 0.0566451 0.0571789 0.0565934 0.0675492 0.0431413 0.0740958 0.0495926 0.0549677 0.0524392 0.0842625 0.0644915 0.0713917 0.0648992 0.0710847 0.0840405 0.0694108 0.1036870 0.0855825 0.0774948 0.0570333 0.0584426 0.1285986 0.0490653 0.1141472 0.0443807 0.0761960 0.0691291 0.0944105 0.0627393 0.0760084 0.1311328 0.0608275 0.0778946 0.0675540 0.0335933 0.0473394 0.0474154 0.0632705 0.0512579 0.0457813 0.0768692 0.0712656 0.0598901 0.0626098 0.0833220 0.0695473 0.0711094 0.0593097 0.0647231 0.0722407 0.0729554 0.0567725 0.0320965 0.0715906 0.0820261 0.0428740 0.0688630 0.0528457 0.0098944 0.0759079 0.0422253 0.0528089 0.0873583 0.0793030 0.0713030 0.0701983 0.0489617 0.0616646 0.0549406 0.0879035 0.0796706 0.0676682 0.0772437 0.0493892 0.0681040 0.0425963 0.0919488 0.0487757 0.0630574 0.0761736 0.0431614 
S0412sl       0.2464951 0.0548570 0.0811365 0.0939621 0.0776177 0.0604783 0.0930903 0.0916355 0.0771225 0.0801809 0.0755433 0.0956256 0.0795573 0.0910570 0.0836863 0.0752781 0.0715530 0.0818938 0.1045961 0.0777483 0.0747062 0.0581454 0.0607104 0.0783364 0.0000000 0.0813122 0.0549239 0.1024421 0.0796025 0.0693014 0.0709598 0.0812408 0.0672129 0.0872950 0.0865455 0.0640847 0.0954624 0.0656619 0.0850603 0.0421065 0.0532684 0.0800968 0.0817414 0.1408634 0.0446228 0.0708131 0.0602921 0.0587915 0.0544290 0.0632531 0.0820584 0.0679829 0.0631721 0.0719471 0.0792850 0.0673314 0.0567782 0.0857284 0.0875279 0.0886684 0.0860592 0.0927095 0.1135348 0.0636541 0.1281240 0.1035874 0.0924322 0.0803262 0.0731853 0.1488420 0.0587732 0.1314201 0.0882905 0.0948284 0.0794768 0.0988160 0.0607283 0.0839574 0.1485214 0.0546984 0.0733583 0.0655512 0.0750357 0.0765957 0.0767264 0.0697920 0.0597346 0.0812897 0.0796709 0.0776270 0.0860547 0.0563455 0.0792591 0.0772829 0.0707849 0.0529827 0.0604039 0.0623235 0.0911356 0.0528322 0.0561366 0.0774398 0.0878774 0.0932302 0.0625661 0.0587732 0.0892259 0.0700452 0.0712520 0.0544303 0.0812965 0.0852763 0.0816455 0.0600386 0.0931965 0.0691223 0.0653103 0.0852469 0.0487669 0.0850436 0.0855814 0.0764286 0.0810410 0.0488669 0.0965601 0.0508023 0.0711050 0.0852232 0.0454656 
S0417         0.1853109 0.0523908 0.0686844 0.0473466 0.0784515 0.0658999 0.0670344 0.0361748 0.0744555 0.0884742 0.0729392 0.0475650 0.0783171 0.0807270 0.0374986 0.0660720 0.0282650 0.0680248 0.0510724 0.0678948 0.0648535 0.0635145 0.0680200 0.0355022 0.0813122 0.0000000 0.0503421 0.0890177 0.0206217 0.0622205 0.0335355 0.0660076 0.1079326 0.0819970 0.0393186 0.0652630 0.0446150 0.0578473 0.0585571 0.0590231 0.0567880 0.0744068 0.0722645 0.1190737 0.0724101 0.0599844 0.0637989 0.0522160 0.0597763 0.0583856 0.0584065 0.0667094 0.0518032 0.0748879 0.0570052 0.0542537 0.0518031 0.0819993 0.0719698 0.0710175 0.0704784 0.0747080 0.0953728 0.0685318 0.0989969 0.0804895 0.0825939 0.0606337 0.0581507 0.1242321 0.0466048 0.1123292 0.0400796 0.0777924 0.0599603 0.1019720 0.0560980 0.0689882 0.1281769 0.0639609 0.0789387 0.0705893 0.0297441 0.0546690 0.0547574 0.0646261 0.0508222 0.0508894 0.0823878 0.0743855 0.0672871 0.0618489 0.0821191 0.0642960 0.0638859 0.0644384 0.0676738 0.0674116 0.0725269 0.0560735 0.0317117 0.0686861 0.0789178 0.0484697 0.0719757 0.0521999 0.0400969 0.0729610 0.0476468 0.0559506 0.0862082 0.0761986 0.0699213 0.0732808 0.0505230 0.0648337 0.0599633 0.0910292 0.0764787 0.0648927 0.0717863 0.0548415 0.0698984 0.0441737 0.0970248 0.0481863 0.0599123 0.0728982 0.0408376 
S0419         0.1950204 0.0410448 0.0189195 0.0668855 0.0403571 0.0445996 0.0461285 0.0634564 0.0561747 0.0624998 0.0566205 0.0661896 0.0481873 0.0623329 0.0623708 0.0443569 0.0431740 0.0582733 0.0436181 0.0457171 0.0526132 0.0424899 0.0484734 0.0528733 0.0549239 0.0503421 0.0000000 0.0782729 0.0471903 0.0371612 0.0410248 0.0479578 0.0922805 0.0668466 0.0527431 0.0517717 0.0705563 0.0487851 0.0486107 0.0417265 0.0358614 0.0442400 0.0500431 0.1118773 0.0563316 0.0387781 0.0481504 0.0110601 0.0389532 0.0176994 0.0447265 0.0389909 0.0429079 0.0519839 0.0470550 0.0448481 0.0335750 0.0481528 0.0535457 0.0504136 0.0520339 0.0578710 0.0817390 0.0331687 0.0920861 0.0613112 0.0634182 0.0486199 0.0477307 0.1191215 0.0062707 0.1031715 0.0417284 0.0586367 0.0504450 0.0669557 0.0522381 0.0524546 0.1139374 0.0427793 0.0643078 0.0469290 0.0501747 0.0448609 0.0449323 0.0392215 0.0432615 0.0613616 0.0576247 0.0482481 0.0493323 0.0426173 0.0588426 0.0488374 0.0488767 0.0430870 0.0482380 0.0519666 0.0543382 0.0428540 0.0262206 0.0525937 0.0622064 0.0704472 0.0502509 0.0142924 0.0622096 0.0350866 0.0379916 0.0389542 0.0444873 0.0574542 0.0542857 0.0516486 0.0664440 0.0545527 0.0504127 0.0674909 0.0525431 0.0550049 0.0560914 0.0450000 0.0478650 0.0264298 0.0793713 0.0228321 0.0447530 0.0627840 0.0248814 
S0427         0.2581274 0.0722936 0.0897613 0.0954131 0.0915570 0.0764608 0.0970543 0.0967556 0.0975232 0.0989765 0.0927712 0.0991093 0.1096197 0.0993712 0.0944350 0.0872356 0.0768374 0.0835106 0.0792958 0.0924155 0.0391126 0.0760536 0.0809834 0.0861869 0.1024421 0.0890177 0.0782729 0.0000000 0.0924143 0.0959760 0.0766137 0.0801622 0.1428025 0.1048189 0.0945960 0.0795506 0.0995423 0.0836289 0.0994736 0.0752460 0.0815898 0.0841750 0.0940541 0.1497441 0.0967931 0.0847281 0.0742874 0.0679967 0.0720834 0.0768901 0.0947274 0.0889320 0.0810589 0.0912430 0.1032800 0.0851487 0.0679784 0.1113086 0.0843033 0.0951677 0.0850199 0.0983049 0.1093189 0.0817015 0.1379915 0.1139975 0.0902384 0.0841098 0.0809445 0.1580729 0.0741080 0.1399304 0.0996157 0.1074821 0.0941116 0.1168644 0.0823519 0.1021216 0.1658425 0.0766132 0.0895806 0.0954200 0.0825143 0.1002183 0.1003976 0.0941067 0.0860049 0.0986580 0.0959844 0.0939392 0.0954678 0.0784688 0.1056490 0.0924958 0.1016586 0.0772249 0.0786008 0.0775369 0.1034785 0.0660376 0.0633002 0.0956518 0.1093082 0.1044627 0.0805250 0.0679752 0.0976896 0.0864263 0.0922161 0.0679965 0.1031121 0.1061014 0.0897531 0.0802397 0.0934713 0.0861250 0.0812460 0.1035215 0.0946544 0.0957026 0.0875033 0.1050896 0.0933121 0.0596123 0.1171360 0.0576919 0.0808670 0.0247088 0.0620474 
S0428sl       0.2125622 0.0534229 0.0517957 0.0500073 0.0807851 0.0653961 0.0627073 0.0401206 0.0765499 0.0826939 0.0792552 0.0463861 0.0694771 0.0813023 0.0436295 0.0610390 0.0225479 0.0678196 0.0501484 0.0557066 0.0645825 0.0649776 0.0719633 0.0337232 0.0796025 0.0206217 0.0471903 0.0924143 0.0000000 0.0570710 0.0334376 0.0676197 0.1196039 0.0754321 0.0318725 0.0690589 0.0430653 0.0510575 0.0597690 0.0645813 0.0538664 0.0677711 0.0674005 0.1239860 0.0766520 0.0547940 0.0652835 0.0530762 0.0590713 0.0574122 0.0554692 0.0642228 0.0447988 0.0747620 0.0558578 0.0469905 0.0526357 0.0666366 0.0739132 0.0706233 0.0723515 0.0764974 0.0846828 0.0704236 0.1025810 0.0770863 0.0828557 0.0660884 0.0611855 0.1296111 0.0433011 0.1145647 0.0423645 0.0780294 0.0658619 0.0933037 0.0633588 0.0750374 0.1264259 0.0654581 0.0791589 0.0744390 0.0313627 0.0556704 0.0557649 0.0595143 0.0476607 0.0459372 0.0737751 0.0695785 0.0634044 0.0632273 0.0820438 0.0683467 0.0637542 0.0659737 0.0715761 0.0713557 0.0745149 0.0571536 0.0276442 0.0704624 0.0812784 0.0453016 0.0739186 0.0530591 0.0384970 0.0751204 0.0482818 0.0570090 0.0891837 0.0784397 0.0743396 0.0752797 0.0495333 0.0663984 0.0612410 0.0941493 0.0809838 0.0711557 0.0697018 0.0558551 0.0717240 0.0446094 0.1029859 0.0488316 0.0636349 0.0752273 0.0411062 
S0430         0.2197498 0.0543976 0.0492506 0.0796416 0.0677546 0.0561906 0.0136423 0.0714395 0.0665074 0.0712629 0.0668750 0.0728714 0.0161161 0.0484524 0.0707928 0.0127862 0.0586821 0.0659987 0.0500370 0.0115065 0.0692930 0.0539265 0.0602610 0.0649785 0.0693014 0.0622205 0.0371612 0.0959760 0.0570710 0.0000000 0.0525089 0.0558090 0.1087182 0.0568472 0.0607903 0.0559219 0.0813537 0.0645560 0.0608752 0.0592525 0.0491253 0.0623300 0.0177777 0.1285660 0.0806173 0.0079007 0.0598498 0.0389526 0.0465592 0.0408247 0.0525720 0.0529451 0.0621578 0.0499495 0.0572637 0.0584854 0.0483796 0.0278160 0.0615588 0.0643464 0.0600551 0.0641107 0.0840948 0.0581865 0.1084207 0.0614000 0.0540174 0.0509434 0.0499986 0.1361761 0.0371565 0.1195014 0.0582156 0.0715642 0.0623508 0.0708419 0.0641810 0.0649096 0.1359942 0.0505179 0.0744769 0.0510387 0.0620123 0.0569405 0.0570332 0.0015803 0.0587957 0.0762893 0.0537567 0.0128393 0.0187065 0.0560475 0.0529881 0.0549185 0.0648596 0.0508878 0.0599590 0.0696753 0.0685028 0.0544026 0.0415548 0.0627752 0.0767232 0.0813341 0.0599016 0.0425602 0.0708413 0.0604185 0.0498602 0.0502726 0.0710375 0.0719960 0.0663532 0.0634374 0.0728494 0.0605217 0.0643426 0.0783571 0.0685250 0.0554622 0.0637407 0.0571205 0.0482143 0.0408001 0.0841531 0.0369147 0.0564025 0.0857823 0.0374571 
