127
PAFTOL_019361 0.0000000 0.2372528 0.2615105 0.2824309 0.2560590 0.2298882 0.2105002 0.2665183 0.2475028 0.2507540 0.2624833 0.2256616 0.2337957 0.3058111 0.2391215 0.2468219 0.2695739 0.2118631 0.3001250 0.2266251 0.2308925 0.2674571 0.2293651 0.2750606 0.2335436 0.2628913 0.2166748 0.2468119 0.2371389 0.2433798 0.2196809 0.2612012 0.2302666 0.2317724 0.2578889 0.2563903 0.2249790 0.2251020 0.2430017 0.2170876 0.2893561 0.2236814 0.2311880 0.2999963 0.2301641 0.2290913 0.2230551 0.2315689 0.2335418 0.2520160 0.2350338 0.2649907 0.2555130 0.2383703 0.4131600 0.2346671 0.2516653 0.2597250 0.2557872 0.2574888 0.2577559 0.2729209 0.2603588 0.1930189 0.2455860 0.2407493 0.2528718 0.2477861 0.2504255 0.2308094 0.2553018 0.2728419 0.2760124 0.2169006 0.2208863 0.2549064 0.2583494 0.2266787 0.2301392 0.2393708 0.2682652 0.2493214 0.2511957 0.2218323 0.2410545 0.2703881 0.2315461 0.1655375 0.2386679 0.2306194 0.2540328 0.2647472 0.2578085 0.2244512 0.2217595 0.2206379 0.2482432 0.2248986 0.2454369 0.2577549 0.2449189 0.2796825 0.2275508 0.2296030 0.3095991 0.2689511 0.2848778 0.2042929 0.2737692 0.2560921 0.2611843 0.2392839 0.2809700 0.2392943 0.2568181 0.2189898 0.2223661 0.2669987 0.2588196 0.2501121 0.2397242 0.2513503 0.3307740 0.2202989 0.2634186 0.2357909 0.2436221 
S0055         0.2372528 0.0000000 0.0854339 0.1411446 0.0986346 0.0460776 0.0822546 0.1329701 0.0834227 0.0846661 0.1515192 0.0838603 0.0875777 0.1546807 0.0899914 0.1209021 0.0899604 0.0774842 0.1054402 0.0440050 0.0481233 0.1200714 0.0672221 0.1286238 0.0774909 0.0877527 0.0790318 0.0747440 0.0783940 0.0925526 0.0900206 0.1298705 0.0627317 0.0444342 0.1379224 0.1088856 0.0627500 0.0420076 0.0767873 0.0780164 0.1867546 0.0783067 0.0887567 0.1011889 0.0591995 0.0723685 0.0458342 0.0741648 0.0814067 0.0847531 0.0749292 0.1147341 0.1122434 0.0674718 0.1467906 0.0804467 0.0844859 0.0864635 0.0814554 0.0854949 0.0800285 0.1087143 0.1556161 0.0772402 0.0823360 0.1147667 0.0890265 0.0904542 0.1589678 0.0743771 0.1583907 0.0929133 0.0862862 0.0866819 0.0539762 0.0943671 0.1564658 0.0457928 0.0570934 0.0716049 0.1268536 0.1178447 0.1077057 0.0851959 0.0893608 0.1368240 0.0856582 0.0487890 0.0958028 0.0460185 0.1063638 0.0815512 0.0844728 0.0476429 0.0428667 0.0316173 0.0879166 0.0450001 0.1107833 0.0908085 0.0840463 0.1365522 0.0525435 0.0771909 0.1342675 0.1086476 0.1461915 0.0391526 0.1063601 0.0886185 0.0766224 0.0551645 0.1346444 0.0551290 0.1171807 0.0421758 0.0596818 0.0901200 0.0825823 0.1250638 0.0778864 0.0743227 0.1855629 0.0617655 0.0828000 0.0877093 0.0697127 
S0196sl       0.2615105 0.0854339 0.0000000 0.1343788 0.0605575 0.0742082 0.0842874 0.1163860 0.0770421 0.0998790 0.1379618 0.0804125 0.1051814 0.1161656 0.0901830 0.0991667 0.0873402 0.0782945 0.1507447 0.0716713 0.0764457 0.1172493 0.0913536 0.1141625 0.0148673 0.1214472 0.0913742 0.0769160 0.1025934 0.0892685 0.0800823 0.1093603 0.1049324 0.0726537 0.1201475 0.0969629 0.0841908 0.0718617 0.0609426 0.0867610 0.1769925 0.0940021 0.0810918 0.1266564 0.0916545 0.0131238 0.0819279 0.0131757 0.0217060 0.1053063 0.0647949 0.1099140 0.1144746 0.0641899 0.0922900 0.0742588 0.0867803 0.0835852 0.0822658 0.0926492 0.1107286 0.0754576 0.1543132 0.0735933 0.0738126 0.1033955 0.0900168 0.0926395 0.1568884 0.0131520 0.1581367 0.0978413 0.0868327 0.0681958 0.0767050 0.0785604 0.1563724 0.0740061 0.0765971 0.0682150 0.1072289 0.0923409 0.0860506 0.0894763 0.0855811 0.1266236 0.0866247 0.0558459 0.1176057 0.0736223 0.1144276 0.0804886 0.0709659 0.0843453 0.0677136 0.0684564 0.0741617 0.0805260 0.0901793 0.0880154 0.0725508 0.1242247 0.0662237 0.0182006 0.1283873 0.0754576 0.1074754 0.0728548 0.0797185 0.0799981 0.0680159 0.0908940 0.1193093 0.0910125 0.1052550 0.0700981 0.0841252 0.0977927 0.0770574 0.1071873 0.0743948 0.0721300 0.1767829 0.0451524 0.0803958 0.1040221 0.0659937 
S0278         0.2824309 0.1411446 0.1343788 0.0000000 0.1525536 0.1374096 0.1449272 0.0530742 0.1476083 0.1669815 0.0846756 0.1365350 0.1458771 0.0807426 0.1516504 0.0684317 0.1647734 0.1301117 0.1680567 0.1357852 0.1419119 0.0618968 0.1541863 0.0679070 0.1210287 0.1506658 0.1421002 0.1435820 0.1627700 0.1594046 0.1376272 0.0505482 0.1534380 0.1315867 0.0656980 0.0954001 0.1443454 0.1381929 0.1295761 0.1400138 0.2031198 0.1636016 0.1456748 0.1795332 0.1510349 0.1176397 0.1381573 0.1155101 0.1257891 0.1416987 0.1286432 0.1033145 0.1837926 0.1311714 0.0690746 0.1350566 0.1487813 0.1502472 0.1514042 0.1557535 0.1694471 0.1580606 0.1703979 0.1192923 0.1662311 0.1602165 0.1356475 0.1413737 0.1766103 0.1199526 0.1759566 0.1652236 0.1512068 0.1582457 0.1460905 0.1640044 0.1743507 0.1368787 0.1422194 0.1370312 0.0490555 0.1213840 0.1023729 0.1439496 0.0867033 0.0435299 0.1493878 0.0967244 0.1617987 0.1422277 0.1738763 0.1588197 0.1500126 0.1359355 0.1358519 0.1391059 0.1565912 0.1374994 0.0989377 0.1563550 0.1449726 0.0546251 0.1356196 0.1230227 0.0764556 0.1580214 0.1463288 0.1257169 0.1501804 0.1513919 0.1453907 0.1499893 0.0572706 0.1493644 0.1057659 0.1322285 0.1357109 0.1538509 0.1502813 0.1224245 0.1350020 0.1393786 0.2251739 0.1106003 0.1502238 0.1500540 0.1311468 
S0281         0.2560590 0.0986346 0.0605575 0.1525536 0.0000000 0.1041026 0.0888815 0.1384683 0.1034761 0.1334233 0.1638655 0.0914370 0.1043135 0.1730231 0.0976787 0.1292184 0.1201423 0.0880054 0.1302814 0.1036865 0.1039440 0.1320841 0.1152067 0.1413639 0.0568802 0.1217066 0.0917216 0.0969011 0.1167425 0.1135112 0.0911782 0.1402442 0.1169433 0.1018762 0.1384374 0.1177080 0.1079765 0.1050326 0.0636057 0.0879440 0.2108754 0.1292254 0.0917320 0.1345566 0.1198655 0.0539203 0.1027510 0.0546855 0.0585833 0.1049451 0.0658911 0.1226406 0.1279804 0.0962299 0.1821343 0.0945945 0.1059137 0.1005129 0.1050687 0.1090817 0.1295212 0.0772222 0.1782663 0.0830296 0.1005036 0.1124463 0.1011149 0.1007046 0.1791807 0.0539822 0.1801517 0.1147751 0.1196409 0.1040684 0.1084658 0.1069448 0.1828725 0.1004872 0.1136796 0.0986942 0.1371422 0.1235618 0.1133918 0.0961015 0.1044448 0.1442714 0.1075206 0.0682055 0.1048134 0.1094353 0.1234032 0.1057317 0.1027729 0.1088469 0.1011007 0.0989080 0.1156118 0.1039638 0.1229739 0.1128235 0.1042930 0.1346544 0.1075101 0.0585053 0.1513955 0.0772092 0.1505248 0.0944665 0.0761163 0.1065687 0.1007652 0.1162152 0.1399499 0.1137045 0.1272211 0.0994652 0.1077582 0.1186159 0.1086969 0.1326548 0.1011339 0.1005310 0.2223660 0.0654775 0.1094476 0.1162780 0.0994901 
S0282         0.2298882 0.0460776 0.0742082 0.1374096 0.1041026 0.0000000 0.0804748 0.1259488 0.0803896 0.0705001 0.1385937 0.0789158 0.0892173 0.1520965 0.0906870 0.1166744 0.0945761 0.0758019 0.0947306 0.0170355 0.0283136 0.1142155 0.0659632 0.1240047 0.0717449 0.0819000 0.0784830 0.0761456 0.0745739 0.0979682 0.0820217 0.1251136 0.0456739 0.0214132 0.1363805 0.1092326 0.0578284 0.0169494 0.0738880 0.0774473 0.1901022 0.0773699 0.0870268 0.1086354 0.0379244 0.0667014 0.0178951 0.0681052 0.0756157 0.0840281 0.0761306 0.1161719 0.1115209 0.0716782 0.1821881 0.0777879 0.0827474 0.0887008 0.0809382 0.0867370 0.0767612 0.1071336 0.1623119 0.0634258 0.0894269 0.1108595 0.0913122 0.0919258 0.1632927 0.0686809 0.1591885 0.0996249 0.0895936 0.0878891 0.0512297 0.0957000 0.1607451 0.0220828 0.0459482 0.0798021 0.1221203 0.1155947 0.1015744 0.0868509 0.0875466 0.1312652 0.0899243 0.0399423 0.0988730 0.0246700 0.1074953 0.0902541 0.0825221 0.0254856 0.0232040 0.0444392 0.0892272 0.0422462 0.1052693 0.0931175 0.0821064 0.1269727 0.0433002 0.0714691 0.1241846 0.1070677 0.1410818 0.0155928 0.0990323 0.0889044 0.0749517 0.0359540 0.1310463 0.0413973 0.1132435 0.0333456 0.0559011 0.0989650 0.0838834 0.1155599 0.0750267 0.0796098 0.1949412 0.0619561 0.0801225 0.0857707 0.0718528 
S0288         0.2105002 0.0822546 0.0842874 0.1449272 0.0888815 0.0804748 0.0000000 0.1188806 0.0853135 0.1046065 0.1462452 0.0107331 0.0424903 0.1510803 0.0095116 0.1196303 0.0972626 0.0051764 0.0964409 0.0769431 0.0830309 0.1134121 0.0927748 0.1234712 0.0738773 0.0912859 0.0051153 0.0806713 0.0989776 0.0598359 0.0064976 0.1260173 0.0901252 0.0757249 0.1273249 0.1081831 0.0750117 0.0818376 0.0721589 0.0043542 0.1634768 0.0923430 0.0119378 0.1043696 0.0927461 0.0685358 0.0770119 0.0711719 0.0749051 0.0933834 0.0732774 0.1130272 0.0883869 0.0708609 0.1928007 0.0398460 0.0877917 0.0949159 0.0879476 0.0932120 0.1016484 0.0951912 0.1479175 0.0608198 0.0653045 0.0842813 0.0934995 0.0950402 0.1417978 0.0706310 0.1398000 0.1070639 0.0892675 0.0530113 0.0877003 0.0978032 0.1393857 0.0779670 0.0866999 0.0827510 0.1171748 0.1166397 0.1005530 0.0077236 0.0918063 0.1242934 0.0605110 0.0019387 0.0179966 0.0845126 0.0792965 0.0910594 0.0865672 0.0821895 0.0750428 0.0731067 0.0953696 0.0845118 0.1114588 0.0989346 0.0872494 0.1268371 0.0839428 0.0735774 0.1260258 0.0964849 0.1385877 0.0706857 0.0973769 0.0920469 0.0845018 0.0879342 0.1270854 0.0836037 0.1248529 0.0727609 0.0789676 0.0955456 0.0913882 0.1278632 0.0848647 0.0823180 0.1924681 0.0665911 0.0890536 0.0860427 0.0740930 
S0289         0.2665183 0.1329701 0.1163860 0.0530742 0.1384683 0.1259488 0.1188806 0.0000000 0.1311232 0.1521611 0.0621703 0.1134618 0.1272766 0.0676137 0.1279528 0.0566253 0.1423136 0.1085361 0.1626447 0.1244011 0.1268447 0.0438436 0.1369196 0.0551522 0.1066766 0.1370241 0.1178825 0.1306408 0.1545804 0.1414889 0.1132020 0.0499281 0.1432050 0.1209207 0.0597642 0.0828061 0.1293358 0.1247155 0.1150241 0.1177802 0.2116539 0.1542807 0.1217616 0.1580413 0.1410835 0.1034080 0.1245180 0.1033203 0.1109521 0.1318275 0.1162574 0.0922948 0.1619556 0.1185137 0.0786213 0.1204539 0.1370899 0.1371814 0.1382670 0.1425342 0.1511839 0.1412531 0.1779463 0.0991394 0.1473320 0.1476285 0.1287393 0.1315025 0.1807307 0.1056328 0.1782937 0.1480572 0.1353821 0.1343521 0.1342731 0.1458354 0.1765447 0.1232881 0.1317737 0.1200830 0.0391693 0.1010244 0.0879947 0.1226364 0.0789435 0.0462565 0.1333121 0.0691408 0.1396394 0.1295600 0.1494416 0.1431003 0.1327439 0.1234628 0.1198919 0.1253411 0.1398785 0.1271656 0.0899330 0.1395498 0.1260494 0.0479306 0.1286304 0.1077454 0.0605250 0.1412200 0.1285682 0.1135439 0.1336647 0.1366827 0.1239992 0.1390332 0.0593827 0.1414792 0.0955131 0.1209579 0.1208039 0.1400407 0.1272330 0.1087136 0.1255972 0.1183670 0.2265159 0.1025034 0.1311157 0.1296515 0.1126509 
S0292         0.2475028 0.0834227 0.0770421 0.1476083 0.1034761 0.0803896 0.0853135 0.1311232 0.0000000 0.1183397 0.1432465 0.0782783 0.0949770 0.1641016 0.0877837 0.1263388 0.0727682 0.0781320 0.1196846 0.0811515 0.0870642 0.1191168 0.0974432 0.1231282 0.0755504 0.1045189 0.0818220 0.0862395 0.0901169 0.1027755 0.0774140 0.1249568 0.1000793 0.0782369 0.1333021 0.1097188 0.0872565 0.0825977 0.0793217 0.0811100 0.2029820 0.1118566 0.0873266 0.1075754 0.0982324 0.0744976 0.0832154 0.0722594 0.0794784 0.0919305 0.0774431 0.1142591 0.1166271 0.0498694 0.1706489 0.0871886 0.0941217 0.0903732 0.0909926 0.0979437 0.1201147 0.1107308 0.1675454 0.0590742 0.0978779 0.1100252 0.0929733 0.0977556 0.1719083 0.0745872 0.1702390 0.1021882 0.0751865 0.0884826 0.0908814 0.0437968 0.1703132 0.0821557 0.0866472 0.0564727 0.1270551 0.1173703 0.1043280 0.0849844 0.0910961 0.1319268 0.0955110 0.0418860 0.1015185 0.0813587 0.1120839 0.0733381 0.0153696 0.0872303 0.0803358 0.0775887 0.0465327 0.0865502 0.1160493 0.0212838 0.0153362 0.1255546 0.0787681 0.0795755 0.1343049 0.1106737 0.1470840 0.0711068 0.1058164 0.0375652 0.0555737 0.0945362 0.1354874 0.0957100 0.1212760 0.0810468 0.0868710 0.0753657 0.0650771 0.1231583 0.0782289 0.0562286 0.2075092 0.0650068 0.0613969 0.1149703 0.0489058 
S0294         0.2507540 0.0846661 0.0998790 0.1669815 0.1334233 0.0705001 0.1046065 0.1521611 0.1183397 0.0000000 0.1688919 0.1044109 0.1165017 0.1764349 0.1187966 0.1498177 0.1253712 0.1032436 0.1462854 0.0673871 0.0751070 0.1372354 0.0954420 0.1517659 0.1035700 0.1170558 0.1022863 0.1131548 0.1065766 0.1311810 0.1032687 0.1474649 0.0864718 0.0675157 0.1577900 0.1412786 0.0941716 0.0725748 0.1066187 0.1017561 0.2230007 0.1081689 0.1162742 0.1371673 0.0806241 0.1000571 0.0671788 0.1009172 0.1098331 0.1260702 0.1067561 0.1442393 0.1470617 0.1006463 0.1919983 0.1083902 0.1202778 0.1148132 0.1204888 0.1257137 0.0774184 0.1349191 0.1873911 0.0848593 0.1187477 0.1382853 0.1236357 0.1256056 0.1862472 0.1022376 0.1914600 0.1303689 0.1257935 0.1205187 0.0806155 0.1287031 0.1889906 0.0711834 0.0754893 0.1095073 0.1514874 0.1461448 0.1321787 0.1088611 0.1220561 0.1585087 0.1248155 0.0620546 0.1238180 0.0753717 0.1452223 0.1285701 0.1205620 0.0693585 0.0683289 0.0742013 0.1240056 0.0704344 0.1352883 0.1301601 0.1153145 0.1534932 0.0756638 0.1072871 0.1509590 0.1348331 0.1707631 0.0594536 0.1290673 0.1244011 0.1159701 0.0791265 0.1583733 0.0754003 0.1488851 0.0624240 0.0922872 0.1323423 0.1175895 0.1532954 0.1163871 0.1099860 0.2214590 0.0982385 0.1185399 0.1151039 0.1029747 
S0299         0.2624833 0.1515192 0.1379618 0.0846756 0.1638655 0.1385937 0.1462452 0.0621703 0.1432465 0.1688919 0.0000000 0.1327413 0.1415400 0.0929235 0.1564296 0.0682085 0.1590555 0.1370380 0.1772898 0.1399327 0.1436758 0.0638754 0.1570349 0.0826753 0.1211481 0.1518042 0.1434015 0.1413720 0.1786558 0.1646325 0.1376865 0.0843501 0.1560519 0.1365981 0.0866087 0.1039174 0.1542184 0.1469977 0.1320042 0.1425572 0.2317317 0.1686087 0.1534558 0.1390854 0.1558414 0.1211625 0.1399432 0.1170787 0.1306097 0.1464912 0.1301922 0.1111457 0.1802890 0.1312591 0.0947146 0.1471788 0.1465917 0.1441679 0.1484849 0.1524586 0.1716387 0.1592522 0.1971263 0.1011844 0.1558782 0.1539171 0.1366456 0.1356072 0.1959759 0.1228571 0.2004868 0.1666717 0.1533913 0.1514321 0.1525639 0.1569715 0.1846337 0.1411670 0.1579771 0.1395030 0.0593205 0.1374684 0.1052524 0.1541482 0.0998499 0.0733732 0.1530058 0.0873486 0.1586058 0.1453979 0.1689592 0.1585347 0.1394157 0.1398908 0.1383920 0.1393888 0.1501142 0.1417591 0.1107890 0.1528220 0.1401435 0.0722412 0.1556825 0.1273027 0.0873399 0.1591981 0.1641221 0.1291470 0.1466477 0.1461071 0.1358891 0.1528810 0.0824612 0.1624593 0.1209154 0.1430279 0.1444778 0.1570067 0.1425824 0.1433246 0.1321148 0.1342513 0.2421091 0.1221023 0.1425234 0.1492734 0.1307850 
S0303         0.2256616 0.0838603 0.0804125 0.1365350 0.0914370 0.0789158 0.0107331 0.1134618 0.0782783 0.1044109 0.1327413 0.0000000 0.0437154 0.1426332 0.0078181 0.1064928 0.1001350 0.0088254 0.1066086 0.0732337 0.0801947 0.1123818 0.0948955 0.1130471 0.0763999 0.0919904 0.0078155 0.0864456 0.1006139 0.0612245 0.0092174 0.1134801 0.0906116 0.0714717 0.1193992 0.1052298 0.0789342 0.0783628 0.0714925 0.0080217 0.1753759 0.1036931 0.0050999 0.1119268 0.0932339 0.0709888 0.0763969 0.0735274 0.0793833 0.0971159 0.0705767 0.1078179 0.0884986 0.0721547 0.1700112 0.0381783 0.0924741 0.0987661 0.0927832 0.0991984 0.1048346 0.0956720 0.1565312 0.0612677 0.0619391 0.0812147 0.0972359 0.1009780 0.1529849 0.0731104 0.1522872 0.1085967 0.0911915 0.0539463 0.0882478 0.0955039 0.1545961 0.0772375 0.0874339 0.0831865 0.1124205 0.1131250 0.1056417 0.0095201 0.0867347 0.1198574 0.0568040 0.0079873 0.0259833 0.0817986 0.0819271 0.0997853 0.0805301 0.0804346 0.0722874 0.0775263 0.0910733 0.0838113 0.1092167 0.0907419 0.0824148 0.1225103 0.0821588 0.0760868 0.1265251 0.0958903 0.1361300 0.0690682 0.0957066 0.0851051 0.0818236 0.0903900 0.1197129 0.0828732 0.1195670 0.0730170 0.0806287 0.1006057 0.0909543 0.1226906 0.0822393 0.0805633 0.1926741 0.0597768 0.0863692 0.0951599 0.0723391 
S0308         0.2337957 0.0875777 0.1051814 0.1458771 0.1043135 0.0892173 0.0424903 0.1272766 0.0949770 0.1165017 0.1415400 0.0437154 0.0000000 0.1592182 0.0512777 0.1142400 0.1097446 0.0374012 0.1255033 0.0846251 0.0939502 0.1209451 0.1098571 0.1258831 0.0866135 0.1054251 0.0433543 0.1002148 0.1164881 0.0696805 0.0408171 0.1291011 0.1039258 0.0869424 0.1347550 0.1128621 0.0929821 0.0901729 0.0797804 0.0454961 0.1679122 0.1146909 0.0490138 0.1138664 0.1011881 0.0812884 0.0856828 0.0809154 0.0886411 0.1066305 0.0788937 0.1210435 0.0827667 0.0803749 0.1949341 0.0530934 0.1093988 0.1115046 0.1072092 0.1103353 0.1264195 0.1104070 0.1550219 0.0689341 0.0677470 0.0833125 0.1094159 0.1098923 0.1467320 0.0833728 0.1459860 0.1237178 0.1083779 0.0625416 0.1029022 0.1076002 0.1462470 0.0855976 0.0931692 0.0890042 0.1289485 0.1168759 0.0997796 0.0490483 0.0959267 0.1309224 0.0633614 0.0378295 0.0593480 0.0921665 0.0829446 0.1080691 0.0936261 0.0897381 0.0858087 0.0807847 0.1050704 0.0928101 0.1217047 0.1029411 0.0955732 0.1335862 0.0894776 0.0850469 0.1356155 0.1105078 0.1393182 0.0764654 0.1057541 0.1012776 0.0928367 0.0997633 0.1343040 0.0941169 0.1269859 0.0835112 0.0934118 0.1115037 0.0994783 0.1283800 0.0975876 0.0885547 0.2051028 0.0712864 0.0993831 0.1053482 0.0783791 
S0320         0.3058111 0.1546807 0.1161656 0.0807426 0.1730231 0.1520965 0.1510803 0.0676137 0.1641016 0.1764349 0.0929235 0.1426332 0.1592182 0.0000000 0.1624854 0.0831211 0.1767486 0.1414210 0.1979710 0.1496878 0.1546484 0.0766622 0.1610375 0.0744383 0.1436199 0.1758612 0.1509646 0.1560922 0.1778977 0.1691515 0.1325151 0.0779020 0.1745837 0.1460507 0.0837780 0.1164335 0.1640666 0.1468245 0.1519755 0.1470545 0.2490279 0.1675551 0.1515587 0.1615137 0.1633752 0.1392129 0.1512930 0.1359891 0.1495937 0.1609081 0.1510779 0.1222294 0.1876772 0.1504402 0.0482782 0.1488937 0.1640903 0.1677233 0.1636771 0.1717029 0.1840626 0.1776339 0.2279914 0.1437646 0.1693310 0.1771440 0.1548294 0.1583957 0.2282267 0.1422313 0.2262439 0.1793715 0.1712444 0.1671656 0.1607122 0.1719683 0.2166835 0.1497025 0.1500443 0.1545700 0.0670940 0.1367629 0.1238170 0.1567289 0.1094658 0.0716053 0.1622502 0.1162398 0.1745964 0.1528905 0.1686111 0.1762363 0.1657122 0.1485567 0.1429223 0.1467406 0.1576769 0.1491409 0.1274286 0.1699592 0.1622179 0.0563176 0.1429560 0.1431005 0.0818850 0.1794004 0.1479453 0.1390266 0.1740634 0.1677368 0.1610183 0.1655359 0.0645737 0.1562412 0.1322766 0.1412710 0.1542327 0.1611887 0.1677528 0.1470139 0.1574716 0.1530204 0.2440309 0.1359321 0.1642439 0.1652577 0.1461415 
S0322         0.2391215 0.0899914 0.0901830 0.1516504 0.0976787 0.0906870 0.0095116 0.1279528 0.0877837 0.1187966 0.1564296 0.0078181 0.0512777 0.1624854 0.0000000 0.1266205 0.1094448 0.0094414 0.1044399 0.0859271 0.0931833 0.1226781 0.1030561 0.1303186 0.0836475 0.1002745 0.0084512 0.0917877 0.1067828 0.0665164 0.0076687 0.1361926 0.1035161 0.0861658 0.1354963 0.1184668 0.0872057 0.0907487 0.0798073 0.0051599 0.1808623 0.1110710 0.0091504 0.1187644 0.1062269 0.0782474 0.0860208 0.0803181 0.0877601 0.1022279 0.0788231 0.1237254 0.0992892 0.0763885 0.1981679 0.0474469 0.0999084 0.1070821 0.1000856 0.1055317 0.1181181 0.1006784 0.1606965 0.0724600 0.0664299 0.0848524 0.1035534 0.1038378 0.1559678 0.0803621 0.1551053 0.1147937 0.1003756 0.0578844 0.1012549 0.1003002 0.1567800 0.0847889 0.1013861 0.0891450 0.1284862 0.1290058 0.1111057 0.0110107 0.1012415 0.1346210 0.0681303 0.0119113 0.0223730 0.0947313 0.0883596 0.1043038 0.0912204 0.0910939 0.0863119 0.0850767 0.0982380 0.0944931 0.1216583 0.1001634 0.0907375 0.1348919 0.0951560 0.0833085 0.1342571 0.1019735 0.1527230 0.0807634 0.1017901 0.0944137 0.0940835 0.1002125 0.1377484 0.0947618 0.1330428 0.0835069 0.0921102 0.1063708 0.0990469 0.1409127 0.0928846 0.0825456 0.2019429 0.0690515 0.0976206 0.1002012 0.0796030 
S0327         0.2468219 0.1209021 0.0991667 0.0684317 0.1292184 0.1166744 0.1196303 0.0566253 0.1263388 0.1498177 0.0682085 0.1064928 0.1142400 0.0831211 0.1266205 0.0000000 0.1415436 0.1100566 0.1574841 0.1138775 0.1181661 0.0592580 0.1245429 0.0596638 0.0996886 0.1331576 0.1197390 0.1238937 0.1446172 0.1253733 0.1057522 0.0631796 0.1366745 0.1119623 0.0690248 0.0859407 0.1217611 0.1182365 0.1100376 0.1186209 0.1957489 0.1408435 0.1217947 0.1564921 0.1287174 0.0974467 0.1161614 0.0921581 0.1074909 0.1250185 0.1116025 0.0991386 0.1471648 0.1125195 0.0548231 0.1200892 0.1302919 0.1308418 0.1314691 0.1369065 0.1462416 0.1397302 0.1666561 0.0887687 0.1279450 0.1386751 0.1220387 0.1212126 0.1678498 0.0996856 0.1645268 0.1375375 0.1325404 0.1341946 0.1253893 0.1432854 0.1609881 0.1149496 0.1259904 0.1184912 0.0534523 0.1027401 0.0865958 0.1214906 0.0753159 0.0599475 0.1243922 0.0747864 0.1412449 0.1162104 0.1404604 0.1418652 0.1262453 0.1162134 0.1074777 0.1153765 0.1337425 0.1198989 0.0890207 0.1334771 0.1246038 0.0582794 0.1216864 0.1017955 0.0749720 0.1381155 0.1243173 0.1029561 0.1320598 0.1317496 0.1231999 0.1316294 0.0636911 0.1324046 0.1080577 0.1115762 0.1181775 0.1392899 0.1272790 0.1119049 0.1183826 0.1205154 0.2118323 0.0984811 0.1282242 0.1291861 0.1134276 
S0335         0.2695739 0.0899604 0.0873402 0.1647734 0.1201423 0.0945761 0.0972626 0.1423136 0.0727682 0.1253712 0.1590555 0.1001350 0.1097446 0.1767486 0.1094448 0.1415436 0.0000000 0.0927021 0.1360165 0.0908958 0.0993565 0.1321431 0.1079149 0.1468800 0.0928995 0.1109339 0.1000078 0.0979387 0.1028614 0.1215017 0.0999207 0.1423750 0.1142819 0.0893471 0.1505650 0.1228877 0.0951101 0.0879706 0.0889863 0.0972822 0.2089035 0.1147677 0.1073412 0.1140635 0.1024095 0.0917824 0.0940311 0.0913562 0.0959608 0.1059337 0.0870860 0.1290082 0.1319221 0.0629630 0.1542926 0.1003566 0.1062021 0.1011919 0.1029630 0.1101138 0.1234391 0.1207395 0.1793665 0.0747473 0.1156279 0.1266802 0.1022408 0.1044497 0.1812921 0.0909061 0.1845829 0.1170203 0.0659523 0.1102949 0.0954994 0.0847549 0.1782815 0.0929429 0.0988507 0.0669839 0.1426913 0.1341064 0.1157472 0.1032939 0.1046844 0.1533653 0.1137499 0.0706150 0.1189354 0.0954560 0.1329913 0.0619297 0.0698866 0.0971245 0.0842698 0.0833152 0.0843687 0.0941425 0.1268416 0.0779722 0.0693489 0.1454534 0.0918188 0.0920692 0.1484484 0.1196161 0.1628608 0.0838960 0.1137355 0.0788706 0.0495396 0.1041074 0.1501423 0.1057938 0.1325863 0.0897897 0.0894120 0.0671205 0.0274049 0.1386628 0.0946570 0.0696669 0.2122299 0.0735629 0.0552066 0.1143461 0.0602218 
S0355         0.2118631 0.0774842 0.0782945 0.1301117 0.0880054 0.0758019 0.0051764 0.1085361 0.0781320 0.1032436 0.1370380 0.0088254 0.0374012 0.1414210 0.0094414 0.1100566 0.0927021 0.0000000 0.0913474 0.0712667 0.0781994 0.1024164 0.0921287 0.1138903 0.0710642 0.0905035 0.0025322 0.0831762 0.1001605 0.0562783 0.0038027 0.1122061 0.0915943 0.0698969 0.1179105 0.0992641 0.0766311 0.0743234 0.0693624 0.0017211 0.1688979 0.0967823 0.0092235 0.0943035 0.0910284 0.0658176 0.0704254 0.0662031 0.0740836 0.0935488 0.0673655 0.1051828 0.0832508 0.0680933 0.1887565 0.0348645 0.0879719 0.0883829 0.0893037 0.0924203 0.1006946 0.0900282 0.1454332 0.0521891 0.0579670 0.0749272 0.0913900 0.0917316 0.1443806 0.0678766 0.1423727 0.1045828 0.0874595 0.0475521 0.0860941 0.0959215 0.1433167 0.0723615 0.0853268 0.0796610 0.1102421 0.1079611 0.0900309 0.0094190 0.0842574 0.1150218 0.0530310 0.0038643 0.0160681 0.0808206 0.0733538 0.0935824 0.0814964 0.0765079 0.0714227 0.0673929 0.0949521 0.0828965 0.1028782 0.0902980 0.0810676 0.1178168 0.0792260 0.0697815 0.1168637 0.0912871 0.1303449 0.0671588 0.0888724 0.0889146 0.0774191 0.0862718 0.1167018 0.0819858 0.1121603 0.0722631 0.0793315 0.0958027 0.0838799 0.1197921 0.0820675 0.0783447 0.1839957 0.0609625 0.0838975 0.0883317 0.0691785 
S0376         0.3001250 0.1054402 0.1507447 0.1680567 0.1302814 0.0947306 0.0964409 0.1626447 0.1196846 0.1462854 0.1772898 0.1066086 0.1255033 0.1979710 0.1044399 0.1574841 0.1360165 0.0913474 0.0000000 0.0929959 0.1068391 0.1563361 0.1154869 0.1648417 0.1097488 0.0576855 0.0924472 0.1173735 0.1196288 0.1321024 0.0988961 0.1664419 0.1214473 0.0954681 0.1616880 0.1348420 0.1163426 0.1013670 0.1030867 0.0944997 0.2318795 0.1341321 0.1074621 0.1670837 0.1130836 0.1083563 0.1001962 0.1132112 0.1156909 0.1203349 0.1019041 0.1390921 0.1646121 0.1071945 0.1906385 0.1132457 0.1254208 0.1259156 0.1259645 0.1285572 0.1564148 0.1398508 0.1918391 0.1227189 0.1315418 0.1482167 0.1341930 0.1334399 0.1976245 0.1099186 0.1914211 0.1378061 0.1257172 0.1258028 0.1083151 0.1313122 0.1860792 0.0971857 0.1133576 0.1244557 0.1531324 0.1624689 0.1488381 0.1040847 0.1126539 0.1622474 0.1310164 0.0702029 0.0991122 0.1062136 0.1487936 0.1406557 0.1225290 0.0985170 0.0959597 0.0990964 0.1386021 0.1101645 0.1320926 0.1295731 0.1206933 0.1580850 0.1109779 0.1110996 0.1901328 0.1398088 0.1915424 0.0865327 0.1348367 0.1284016 0.1274165 0.1129345 0.1608708 0.1133359 0.1457656 0.1014037 0.1138539 0.1453120 0.1253897 0.1678279 0.1187578 0.1214343 0.2364688 0.0971483 0.1278296 0.0706647 0.1160206 
S0400         0.2266251 0.0440050 0.0716713 0.1357852 0.1036865 0.0170355 0.0769431 0.1244011 0.0811515 0.0673871 0.1399327 0.0732337 0.0846251 0.1496878 0.0859271 0.1138775 0.0908958 0.0712667 0.0929959 0.0000000 0.0255863 0.1113059 0.0608426 0.1233525 0.0733472 0.0774304 0.0739788 0.0727581 0.0712016 0.0952596 0.0770290 0.1235803 0.0437179 0.0195401 0.1291825 0.1053519 0.0576210 0.0101935 0.0716887 0.0739818 0.1917793 0.0749168 0.0824492 0.1075796 0.0342023 0.0683012 0.0153438 0.0677965 0.0772154 0.0815026 0.0727194 0.1121798 0.1121173 0.0693100 0.1706187 0.0734163 0.0792834 0.0831926 0.0774919 0.0832196 0.0730445 0.1032189 0.1639753 0.0671430 0.0874406 0.1067855 0.0886704 0.0892309 0.1649535 0.0702812 0.1585032 0.0938293 0.0839822 0.0851845 0.0499985 0.0919633 0.1600262 0.0178028 0.0412190 0.0773323 0.1206025 0.1130036 0.0975322 0.0821873 0.0849203 0.1285750 0.0863578 0.0465531 0.0938194 0.0203378 0.1038316 0.0886342 0.0821921 0.0219846 0.0205344 0.0414854 0.0865814 0.0402397 0.1038265 0.0927377 0.0817797 0.1268730 0.0386109 0.0730658 0.1204885 0.1031560 0.1382374 0.0121930 0.0975841 0.0863258 0.0763903 0.0358299 0.1279557 0.0358841 0.1103494 0.0314261 0.0537307 0.0962466 0.0803345 0.1118930 0.0725847 0.0761626 0.1913285 0.0587675 0.0795903 0.0802823 0.0694772 
S0405         0.2308925 0.0481233 0.0764457 0.1419119 0.1039440 0.0283136 0.0830309 0.1268447 0.0870642 0.0751070 0.1436758 0.0801947 0.0939502 0.1546484 0.0931833 0.1181661 0.0993565 0.0781994 0.1068391 0.0255863 0.0000000 0.1109335 0.0661198 0.1259449 0.0792544 0.0844362 0.0808658 0.0805535 0.0809558 0.0995604 0.0807268 0.1294384 0.0452294 0.0180013 0.1382198 0.1109992 0.0609214 0.0258520 0.0794273 0.0810456 0.1922835 0.0818000 0.0894248 0.1105555 0.0407822 0.0740591 0.0282399 0.0736022 0.0832217 0.0916506 0.0796172 0.1181775 0.1130621 0.0760393 0.1864963 0.0832584 0.0872390 0.0923883 0.0854114 0.0902656 0.0788719 0.1143376 0.1654403 0.0714324 0.0894541 0.1042918 0.0927482 0.0936121 0.1664264 0.0760956 0.1622746 0.1023131 0.0912089 0.0879714 0.0553058 0.0993324 0.1636795 0.0282154 0.0508239 0.0823226 0.1253009 0.1190497 0.1030980 0.0892149 0.0902524 0.1356548 0.0946145 0.0487574 0.1004508 0.0230871 0.1074949 0.0969838 0.0894010 0.0282483 0.0224385 0.0480724 0.0894737 0.0479836 0.1138062 0.1001326 0.0899318 0.1314779 0.0481330 0.0789441 0.1163718 0.1115054 0.1438060 0.0207980 0.1106999 0.0935658 0.0791721 0.0425312 0.1353991 0.0443404 0.1238737 0.0388233 0.0579572 0.0975769 0.0875212 0.1235602 0.0824273 0.0841043 0.1920327 0.0633198 0.0846538 0.0851053 0.0742761 
S0407sl       0.2674571 0.1200714 0.1172493 0.0618968 0.1320841 0.1142155 0.1134121 0.0438436 0.1191168 0.1372354 0.0638754 0.1123818 0.1209451 0.0766622 0.1226781 0.0592580 0.1321431 0.1024164 0.1563361 0.1113059 0.1109335 0.0000000 0.1217589 0.0550444 0.0965797 0.1356194 0.1147504 0.1213508 0.1456326 0.1348343 0.1035975 0.0514929 0.1306662 0.1103846 0.0657464 0.0900219 0.1206212 0.1209427 0.1084117 0.1109129 0.1792612 0.1374595 0.1144389 0.1528604 0.1290212 0.0964449 0.1136793 0.0988437 0.1032384 0.1289842 0.1085721 0.0926257 0.1501453 0.1050692 0.0504371 0.1118205 0.1294129 0.1343022 0.1282919 0.1351539 0.1477188 0.1227853 0.1481942 0.0943248 0.1250971 0.1422925 0.1155904 0.1184497 0.1515727 0.0987714 0.1548688 0.1355889 0.1260506 0.1228376 0.1215340 0.1353372 0.1546412 0.1120759 0.1261333 0.1124182 0.0369693 0.1001186 0.0911001 0.1182378 0.0739835 0.0544059 0.1249694 0.0751373 0.1296459 0.1175122 0.1409317 0.1339003 0.1205415 0.1122298 0.1083742 0.1120035 0.1218833 0.1171668 0.0901153 0.1276149 0.1175489 0.0574783 0.1179550 0.1020771 0.0179427 0.1215891 0.1252178 0.1034513 0.1163105 0.1226327 0.1158066 0.1332476 0.0602946 0.1275526 0.0996090 0.1122193 0.1131966 0.1289240 0.1177659 0.1127786 0.1128936 0.1104970 0.2008685 0.0953230 0.1220833 0.1303322 0.1037895 
S0412sl       0.2293651 0.0672221 0.0913536 0.1541863 0.1152067 0.0659632 0.0927748 0.1369196 0.0974432 0.0954420 0.1570349 0.0948955 0.1098571 0.1610375 0.1030561 0.1245429 0.1079149 0.0921287 0.1154869 0.0608426 0.0661198 0.1217589 0.0000000 0.1306411 0.0882741 0.1030784 0.0959707 0.0884747 0.0769737 0.1045211 0.0996022 0.1322516 0.0786393 0.0620556 0.1436376 0.1221154 0.0648572 0.0670026 0.0883686 0.0965523 0.1985057 0.0646267 0.1011398 0.1161069 0.0740417 0.0829424 0.0627708 0.0807377 0.0892897 0.1000078 0.0865988 0.1285831 0.1285039 0.0771042 0.1705901 0.0974709 0.0975996 0.1058582 0.0977655 0.1038163 0.0961821 0.1224981 0.1705303 0.0747950 0.1013309 0.1233179 0.1056167 0.1074693 0.1679057 0.0850294 0.1685310 0.1132912 0.1027620 0.0913792 0.0676682 0.1013553 0.1617702 0.0664701 0.0698921 0.0852271 0.1280803 0.1301249 0.1100140 0.1023569 0.1001583 0.1442242 0.0988726 0.0557536 0.1170875 0.0677551 0.1128871 0.1030717 0.0977411 0.0637406 0.0541867 0.0614181 0.0958813 0.0630368 0.1216701 0.1064571 0.0962200 0.1390818 0.0699158 0.0869408 0.1352724 0.1202474 0.1531299 0.0578262 0.1200336 0.1009107 0.0945288 0.0747637 0.1394879 0.0747108 0.1332347 0.0572167 0.0647231 0.1103300 0.0979262 0.1363807 0.0895509 0.0832189 0.2021806 0.0768276 0.0990176 0.0965569 0.0792605 
S0417         0.2750606 0.1286238 0.1141625 0.0679070 0.1413639 0.1240047 0.1234712 0.0551522 0.1231282 0.1517659 0.0826753 0.1130471 0.1258831 0.0744383 0.1303186 0.0596638 0.1468800 0.1138903 0.1648417 0.1233525 0.1259449 0.0550444 0.1306411 0.0000000 0.1078290 0.1435776 0.1207162 0.1318646 0.1486602 0.1425173 0.1135703 0.0531950 0.1445905 0.1149139 0.0659856 0.0901749 0.1306327 0.1214027 0.1164415 0.1185554 0.2098523 0.1518041 0.1228769 0.1543584 0.1357750 0.1045194 0.1245801 0.1019792 0.1146180 0.1368073 0.1144023 0.0928887 0.1604046 0.1176147 0.0668092 0.1201072 0.1395106 0.1370212 0.1407042 0.1450559 0.1551417 0.1489479 0.1850875 0.1082318 0.1431219 0.1491537 0.1310946 0.1341289 0.1863526 0.1067726 0.1853905 0.1506999 0.1359179 0.1405208 0.1344002 0.1421509 0.1820049 0.1233392 0.1307540 0.1248501 0.0454950 0.1064759 0.0932690 0.1257603 0.0793839 0.0556325 0.1306210 0.0783641 0.1381908 0.1296120 0.1567616 0.1456216 0.1291319 0.1235155 0.1199094 0.1221214 0.1364039 0.1237127 0.0914065 0.1310796 0.1227107 0.0608620 0.1220295 0.1099589 0.0742034 0.1489118 0.1358498 0.1135255 0.1446411 0.1330950 0.1270111 0.1374943 0.0589011 0.1409739 0.1049644 0.1199143 0.1244523 0.1419073 0.1349190 0.1131957 0.1245849 0.1243428 0.2427770 0.1023704 0.1342806 0.1415571 0.1118767 
S0419         0.2335436 0.0774909 0.0148673 0.1210287 0.0568802 0.0717449 0.0738773 0.1066766 0.0755504 0.1035700 0.1211481 0.0763999 0.0866135 0.1436199 0.0836475 0.0996886 0.0928995 0.0710642 0.1097488 0.0733472 0.0792544 0.0965797 0.0882741 0.1078290 0.0000000 0.0946821 0.0769633 0.0765031 0.0969485 0.0924320 0.0737447 0.1106978 0.0933109 0.0722393 0.1184152 0.0919262 0.0834275 0.0759037 0.0478985 0.0761299 0.1794476 0.0969866 0.0772859 0.0964491 0.0861015 0.0039586 0.0743872 0.0058154 0.0096029 0.0840067 0.0497765 0.1016415 0.1120263 0.0577626 0.1302079 0.0772796 0.0841544 0.0794103 0.0821202 0.0869125 0.1078594 0.0721583 0.1450971 0.0605168 0.0833562 0.1091331 0.0803228 0.0776887 0.1492659 0.0039627 0.1460003 0.0910476 0.0875281 0.0814036 0.0849825 0.0844872 0.1471799 0.0704849 0.0877379 0.0673826 0.1035270 0.0977191 0.0812374 0.0811490 0.0776925 0.1166732 0.0845134 0.0460098 0.0881496 0.0783768 0.1101754 0.0865972 0.0747467 0.0802253 0.0706166 0.0699712 0.0863260 0.0805467 0.0948126 0.0859664 0.0741738 0.1087205 0.0828610 0.0087825 0.1144442 0.0711697 0.1256393 0.0664688 0.0710429 0.0788088 0.0683486 0.0877914 0.1130284 0.0914984 0.1009346 0.0732770 0.0801132 0.0937879 0.0758148 0.1067970 0.0704609 0.0661171 0.1832811 0.0403476 0.0762767 0.0888243 0.0625439 
S0427         0.2628913 0.0877527 0.1214472 0.1506658 0.1217066 0.0819000 0.0912859 0.1370241 0.1045189 0.1170558 0.1518042 0.0919904 0.1054251 0.1758612 0.1002745 0.1331576 0.1109339 0.0905035 0.0576855 0.0774304 0.0844362 0.1356194 0.1030784 0.1435776 0.0946821 0.0000000 0.0897912 0.0963716 0.1109661 0.1175874 0.1060615 0.1428318 0.1022859 0.0761025 0.1481941 0.1240525 0.0946251 0.0772637 0.0900046 0.0924497 0.2024034 0.1078248 0.1003945 0.1309014 0.0964815 0.0928027 0.0804455 0.0976915 0.1023982 0.1099487 0.0921208 0.1302053 0.1338124 0.0926191 0.1728524 0.0960300 0.1041213 0.1064237 0.1012154 0.1082973 0.1239054 0.1176543 0.1770643 0.1045927 0.1119262 0.1185047 0.1118516 0.1121375 0.1717278 0.0949408 0.1713813 0.1132293 0.1068802 0.0964548 0.0919772 0.1095729 0.1647467 0.0803675 0.0891677 0.1053477 0.1338101 0.1377818 0.1229553 0.0950762 0.1070269 0.1434652 0.1065619 0.0750275 0.1114063 0.0837534 0.1219428 0.1154152 0.1011808 0.0843999 0.0747429 0.0849797 0.1126138 0.0897203 0.1293303 0.1158095 0.1006229 0.1428755 0.0872353 0.0958486 0.1612493 0.1176299 0.1649042 0.0696515 0.1159870 0.1097359 0.0959068 0.0908078 0.1481490 0.0939999 0.1337355 0.0814579 0.0904427 0.1144833 0.0987173 0.1448632 0.0949477 0.1020250 0.2138269 0.0791940 0.1034490 0.0534421 0.0948736 
S0430         0.2166748 0.0790318 0.0913742 0.1421002 0.0917216 0.0784830 0.0051153 0.1178825 0.0818220 0.1022863 0.1434015 0.0078155 0.0433543 0.1509646 0.0084512 0.1197390 0.1000078 0.0025322 0.0924472 0.0739788 0.0808658 0.1147504 0.0959707 0.1207162 0.0769633 0.0897912 0.0000000 0.0845623 0.0984809 0.0611511 0.0089330 0.1226068 0.0952897 0.0724500 0.1283782 0.1049988 0.0772715 0.0766957 0.0731024 0.0042513 0.1742092 0.1004100 0.0099722 0.1074346 0.0946070 0.0717001 0.0751499 0.0734102 0.0799795 0.0960265 0.0722068 0.1123319 0.0890848 0.0718360 0.2037696 0.0415967 0.0915528 0.0986905 0.0917120 0.0969998 0.1032593 0.0934671 0.1535321 0.0530306 0.0674731 0.0787774 0.0963179 0.0990682 0.1512991 0.0737638 0.1492630 0.1045419 0.0931556 0.0544319 0.0864267 0.0971842 0.1465160 0.0760661 0.0889412 0.0835518 0.1184417 0.1160135 0.1026968 0.0066942 0.0916886 0.1244552 0.0589145 0.0000020 0.0193036 0.0823274 0.0803547 0.0983290 0.0840359 0.0801821 0.0741737 0.0742251 0.0953209 0.0834687 0.1097086 0.0950798 0.0836996 0.1271326 0.0839166 0.0766569 0.1339655 0.0947190 0.1412887 0.0700144 0.0933576 0.0895197 0.0862859 0.0888559 0.1287153 0.0846008 0.1216298 0.0739678 0.0830866 0.1004009 0.0899121 0.1253361 0.0857036 0.0810004 0.1932153 0.0657944 0.0907476 0.0908816 0.0750808 
S0552sl       0.2468119 0.0747440 0.0769160 0.1435820 0.0969011 0.0761456 0.0806713 0.1306408 0.0862395 0.1131548 0.1413720 0.0864456 0.1002148 0.1560922 0.0917877 0.1238937 0.0979387 0.0831762 0.1173735 0.0727581 0.0805535 0.1213508 0.0884747 0.1318646 0.0765031 0.0963716 0.0845623 0.0000000 0.0913495 0.1019334 0.0841404 0.1299652 0.0943123 0.0715210 0.1389698 0.1086903 0.0796824 0.0648523 0.0751703 0.0829884 0.1878661 0.0961709 0.0913805 0.1054165 0.0884526 0.0754476 0.0747624 0.0759908 0.0806402 0.0387876 0.0764227 0.1162804 0.1304658 0.0667750 0.1320481 0.0867078 0.0113023 0.0395524 0.0064003 0.0137378 0.1195473 0.1119065 0.1577069 0.0749254 0.1048317 0.1159344 0.0467260 0.0458232 0.1631638 0.0755384 0.1595572 0.0502240 0.0944824 0.0999822 0.0810894 0.0879455 0.1531162 0.0727730 0.0881907 0.0787779 0.1234496 0.1236144 0.1122516 0.0870100 0.0903444 0.1324989 0.0949770 0.0465753 0.1045580 0.0809664 0.1197139 0.0849393 0.0833048 0.0767537 0.0718896 0.0741649 0.0864140 0.0770374 0.1118804 0.0979730 0.0848480 0.1366546 0.0862603 0.0773877 0.1454606 0.1118837 0.1485075 0.0688345 0.1081952 0.0876436 0.0777285 0.0912861 0.1381581 0.0909802 0.1230085 0.0755785 0.0773670 0.0952914 0.0840494 0.1260847 0.0388770 0.0705855 0.1794239 0.0629359 0.0829303 0.0919498 0.0667816 
S0558         0.2371389 0.0783940 0.1025934 0.1627700 0.1167425 0.0745739 0.0989776 0.1545804 0.0901169 0.1065766 0.1786558 0.1006139 0.1164881 0.1778977 0.1067828 0.1446172 0.1028614 0.1001605 0.1196288 0.0712016 0.0809558 0.1456326 0.0769737 0.1486602 0.0969485 0.1109661 0.0984809 0.0913495 0.0000000 0.1127978 0.1147979 0.1466449 0.0884746 0.0730066 0.1499780 0.1325105 0.0703801 0.0680984 0.0972830 0.1000675 0.2133734 0.0804984 0.1047792 0.1297620 0.0878308 0.0915131 0.0730082 0.0954049 0.0990032 0.1005390 0.0953549 0.1387681 0.1359955 0.0784892 0.1648707 0.1011017 0.1012247 0.1022673 0.0973199 0.1033171 0.1037902 0.1301802 0.1765701 0.0951562 0.1166108 0.1288663 0.1075811 0.1069596 0.1787883 0.0936379 0.1793493 0.1216681 0.1047601 0.1070138 0.0806429 0.1059329 0.1770250 0.0760103 0.0781825 0.0918286 0.1393537 0.1351075 0.1256188 0.1028311 0.1134144 0.1537707 0.1123504 0.0657135 0.1170597 0.0761965 0.1285840 0.1038661 0.0944386 0.0770856 0.0664805 0.0748135 0.0961976 0.0783336 0.1323455 0.1029487 0.0926902 0.1535857 0.0772865 0.0945407 0.1611194 0.1290275 0.1619260 0.0672078 0.1251480 0.0965437 0.0948502 0.0843175 0.1568386 0.0830211 0.1400602 0.0680934 0.0711966 0.1115988 0.0918929 0.1421508 0.0954171 0.0865582 0.2070513 0.0803651 0.1003125 0.1050812 0.0833795 
S0616         0.2433798 0.0925526 0.0892685 0.1594046 0.1135112 0.0979682 0.0598359 0.1414889 0.1027755 0.1311810 0.1646325 0.0612245 0.0696805 0.1691515 0.0665164 0.1253733 0.1215017 0.0562783 0.1321024 0.0952596 0.0995604 0.1348343 0.1045211 0.1425173 0.0924320 0.1175874 0.0611511 0.1019334 0.1127978 0.0000000 0.0608729 0.1421755 0.1161105 0.0937163 0.1480807 0.1216227 0.0936671 0.1003929 0.0894574 0.0609188 0.1911592 0.1071642 0.0645248 0.1320678 0.1133151 0.0900309 0.0973825 0.0917194 0.0954910 0.1085673 0.0877872 0.1265457 0.1013118 0.0898930 0.2065701 0.0697508 0.1054402 0.1088790 0.1090781 0.1131001 0.1288466 0.1196793 0.1624315 0.0768891 0.0823848 0.0958563 0.1148968 0.1107172 0.1603200 0.0901428 0.1593017 0.1273276 0.1085896 0.0662242 0.1043222 0.1102713 0.1598308 0.0952635 0.1019425 0.0977074 0.1424794 0.1328549 0.1190652 0.0660653 0.1006535 0.1425164 0.0457811 0.0358710 0.0766475 0.0947457 0.0929731 0.1135261 0.1007634 0.0964279 0.0891293 0.0925273 0.1102826 0.0966358 0.1255955 0.1151673 0.1023119 0.1479346 0.0989798 0.0930655 0.1452017 0.1210343 0.1548766 0.0890809 0.1196841 0.1038348 0.0984597 0.1055021 0.1410895 0.0998984 0.1371881 0.0931000 0.0993523 0.1122044 0.1098694 0.1398773 0.1002036 0.0982259 0.2061457 0.0778889 0.1029918 0.1207825 0.0888509 
S0620         0.2196809 0.0900206 0.0800823 0.1376272 0.0911782 0.0820217 0.0064976 0.1132020 0.0774140 0.1032687 0.1376865 0.0092174 0.0408171 0.1325151 0.0076687 0.1057522 0.0999207 0.0038027 0.0988961 0.0770290 0.0807268 0.1035975 0.0996022 0.1135703 0.0737447 0.1060615 0.0089330 0.0841404 0.1147979 0.0608729 0.0000000 0.1127453 0.0959679 0.0765967 0.1227504 0.0938244 0.0787167 0.0821922 0.0711227 0.0051136 0.1613254 0.1043099 0.0061669 0.1145751 0.0957445 0.0690276 0.0757045 0.0694624 0.0812451 0.0993765 0.0725851 0.1004615 0.1015076 0.0722194 0.1745251 0.0400017 0.0898223 0.0989784 0.0885798 0.0931265 0.1072096 0.0955391 0.1397998 0.0505775 0.0587067 0.0675963 0.0946183 0.0992357 0.1373419 0.0720962 0.1403048 0.1018899 0.0864085 0.0520362 0.0933501 0.0846398 0.1417961 0.0770273 0.0965612 0.0864940 0.1100285 0.1156042 0.0921796 0.0089788 0.0835802 0.1213560 0.0545992 0.0049659 0.0284079 0.0820313 0.0952469 0.0898088 0.0809508 0.0818781 0.0772699 0.0801545 0.0868401 0.0931629 0.0952621 0.0922313 0.0835230 0.1209157 0.0854643 0.0732936 0.1088689 0.0953518 0.1442669 0.0759112 0.0918495 0.0828095 0.0797361 0.0979574 0.1219231 0.0883542 0.0965074 0.0785139 0.0812248 0.0997584 0.0822370 0.1227986 0.0788577 0.0784356 0.1975601 0.0572023 0.0895636 0.0963508 0.0690139 
