130
PAFTOL_019361 0.0000000 0.1954609 0.1952367 0.2393105 0.2359547 0.1868144 0.2361492 0.2209619 0.2010352 0.1958479 0.2146870 0.2363398 0.2152450 0.2256612 0.2391350 0.2083508 0.1816160 0.2489173 0.2218599 0.1830839 0.1819993 0.2775442 0.2157673 0.2281850 0.1763776 0.2021673 0.2352613 0.2420388 0.2488618 0.1949126 0.2088124 0.2433979 0.1928481 0.2179595 0.2077020 0.1942282 0.2448351 0.2160808 0.2033317 0.1976506 0.2021594 0.2420388 0.2040602 0.2262787 0.2484616 0.1876377 0.1820944 0.1981562 0.1710868 0.1880297 0.1932171 0.1968153 0.2228793 0.2242001 0.2159095 0.2233622 0.1879725 0.2243427 0.1879571 0.2101781 0.2453319 0.1997862 0.2128204 0.1960632 0.2019656 0.2512745 0.2180716 0.2578759 0.1965224 0.1985292 0.2213436 0.1762952 0.2096584 0.3108167 0.2063827 0.2307408 0.2320422 0.1927490 0.1702747 0.2101698 0.1972606 0.2291512 0.1944451 0.1962540 0.2159095 0.2159095 0.2825792 0.2197476 0.2317684 0.2370174 0.2543908 0.2407937 0.1996659 0.2253425 0.2083411 0.2075948 0.1940287 0.1922287 0.2036254 0.2110749 0.1687653 0.2375103 0.1955884 0.2039049 0.2422582 0.2211542 0.1722181 0.2096886 0.2020398 0.2317085 0.1995170 0.2015224 0.2067357 0.1753259 0.2047284 0.2279748 0.1879737 0.2078353 0.1752223 0.1804952 0.2008550 0.1961597 0.2653852 0.2226471 0.1870784 0.2668388 0.1637746 0.1927376 0.2088327 0.1995497 
S0055         0.1954609 0.0000000 0.0457468 0.1090188 0.0776548 0.0461201 0.1164132 0.1041248 0.0719759 0.0271789 0.0427968 0.1089862 0.0782801 0.1035859 0.1038778 0.0924089 0.0696664 0.1127611 0.0843526 0.0162720 0.0291962 0.1235743 0.0942781 0.1015528 0.0541152 0.0639230 0.0945475 0.1032176 0.0934433 0.0617678 0.0734477 0.1020364 0.0969377 0.0956931 0.0331139 0.0291069 0.0986601 0.0812484 0.0471205 0.0220002 0.0576472 0.1058303 0.0855679 0.0848938 0.1011465 0.0233855 0.0511002 0.0205247 0.0586072 0.0554193 0.0696104 0.0578506 0.0992634 0.1029063 0.0748315 0.0951132 0.0450898 0.0791501 0.0636118 0.0592051 0.0787382 0.0627736 0.0785248 0.0636414 0.0885657 0.0808213 0.0746606 0.1377562 0.0741197 0.0670211 0.1040333 0.0482100 0.0889579 0.0968858 0.0697967 0.0837100 0.0812557 0.0529283 0.0705429 0.0893953 0.0241097 0.0553176 0.0674820 0.0899275 0.0794600 0.0748315 0.1356717 0.1042616 0.1143063 0.0880738 0.1249110 0.1169808 0.0271107 0.1030551 0.0770203 0.0705076 0.0271860 0.0462410 0.0163527 0.0799670 0.0349650 0.0954637 0.0761951 0.0817606 0.1169882 0.0451166 0.0584033 0.1060364 0.0657231 0.0817823 0.0272508 0.0932551 0.0768227 0.0630265 0.0312978 0.1036526 0.0291973 0.0926890 0.0536554 0.0350189 0.0833233 0.0744655 0.0910308 0.0609616 0.0448529 0.0974262 0.0429534 0.0652028 0.0617700 0.0510507 
S0196sl       0.1952367 0.0457468 0.0000000 0.0753087 0.0642865 0.0600955 0.1107038 0.0835718 0.0562093 0.0473653 0.0614269 0.0733323 0.0840294 0.0683000 0.1064111 0.0700437 0.0798536 0.1068127 0.0602379 0.0371611 0.0475886 0.0873391 0.0974550 0.0728231 0.0116843 0.0612352 0.0600414 0.1012211 0.0687531 0.0610584 0.0815582 0.1036923 0.1085493 0.0738184 0.0499674 0.0495314 0.0723582 0.0683123 0.0565010 0.0394796 0.0299656 0.1095828 0.0809977 0.0901732 0.1044112 0.0428696 0.0116076 0.0403512 0.0137304 0.0175992 0.0673084 0.0278832 0.0823769 0.1058976 0.0592307 0.0755198 0.0432253 0.0849797 0.0630921 0.0609657 0.0670332 0.0596804 0.0934091 0.0404917 0.0808640 0.0747840 0.0824888 0.1418587 0.0550912 0.0616198 0.0944450 0.0098209 0.0848880 0.0678003 0.0726689 0.0746948 0.0898576 0.0676975 0.0636993 0.0853691 0.0354596 0.0613165 0.0582446 0.0610414 0.0640634 0.0592307 0.0755915 0.0968184 0.0808214 0.0896600 0.1153352 0.1196821 0.0450193 0.1060531 0.0708139 0.0683916 0.0473513 0.0558105 0.0351973 0.0618613 0.0520653 0.0779839 0.0606562 0.0590543 0.0867108 0.0589571 0.0218018 0.0639245 0.0426228 0.0664952 0.0388713 0.0732016 0.0721587 0.0649400 0.0523884 0.0749507 0.0454020 0.0749552 0.0789173 0.0475686 0.0754221 0.0829477 0.0664003 0.0599974 0.0429766 0.0918474 0.0195798 0.0584543 0.0498499 0.0476327 
S0278         0.2393105 0.1090188 0.0753087 0.0000000 0.1346274 0.1323365 0.1676265 0.0297266 0.1093425 0.1019811 0.1163284 0.0330348 0.1330609 0.0292296 0.1444485 0.0544091 0.1167722 0.1683486 0.0928792 0.0910756 0.0968391 0.0559633 0.1549431 0.0425618 0.0867630 0.1009829 0.0452806 0.1528828 0.0579742 0.1024188 0.1264512 0.1869682 0.1927906 0.0237248 0.1066020 0.1054589 0.0442243 0.0843261 0.1154297 0.0960381 0.0921187 0.1606787 0.1326836 0.1390399 0.1564161 0.0981832 0.0830396 0.0980953 0.0942139 0.0854871 0.0975395 0.0947953 0.0819862 0.1632026 0.0738114 0.0757082 0.0921724 0.1336233 0.1095855 0.0979459 0.1094607 0.1019406 0.1683054 0.0984717 0.1444070 0.1401304 0.1406325 0.1874084 0.0957479 0.0972228 0.1393034 0.0781714 0.1440763 0.0921318 0.1165021 0.1292743 0.1483799 0.1302903 0.1128216 0.1371511 0.1015815 0.1228941 0.1132226 0.0423565 0.0783664 0.0738114 0.1149649 0.0896580 0.0488216 0.1430706 0.1335852 0.1659091 0.1027008 0.1643560 0.1076138 0.1108856 0.1030330 0.0825456 0.1062408 0.1030048 0.1130291 0.0758196 0.1116706 0.1179789 0.0386770 0.1159700 0.0916592 0.0421703 0.1007183 0.0827535 0.1011908 0.1227499 0.1169913 0.1132885 0.1089105 0.0366522 0.1104217 0.0775889 0.1311451 0.1006428 0.1295358 0.1296954 0.0804117 0.1068238 0.0942569 0.1322837 0.0846184 0.1158104 0.1012310 0.1036877 
S0281         0.2359547 0.0776548 0.0642865 0.1346274 0.0000000 0.1170621 0.1423220 0.1173269 0.1100356 0.0647517 0.1047377 0.1355280 0.1006999 0.1235477 0.1276293 0.1277440 0.1183112 0.1411155 0.1239990 0.0746097 0.0802639 0.1962429 0.1376410 0.1338065 0.0684100 0.1006564 0.1298576 0.1295179 0.1100744 0.0976832 0.1179692 0.1354788 0.1319096 0.1207229 0.0810292 0.0771556 0.1231842 0.1114413 0.1012970 0.0784928 0.0634083 0.1335341 0.1388254 0.1274861 0.1331923 0.0768178 0.0668743 0.0772293 0.0622810 0.0607779 0.1004916 0.0609947 0.1195585 0.1396148 0.1083415 0.1272023 0.0837138 0.1199577 0.1042565 0.0866100 0.1069728 0.0969785 0.1194040 0.0663281 0.1309133 0.1406804 0.1055823 0.1798043 0.0906210 0.0905691 0.1568177 0.0619704 0.1425970 0.1678835 0.1035219 0.1340359 0.1096537 0.1076252 0.1041830 0.1357371 0.0786684 0.1201395 0.1067803 0.1230702 0.1086786 0.1083415 0.1467926 0.1630361 0.1477891 0.1088813 0.1739012 0.1441315 0.0865329 0.1284083 0.1189281 0.1177868 0.0835633 0.1034407 0.0921844 0.0809686 0.0868567 0.1360042 0.1064449 0.1105315 0.1370260 0.1086900 0.0685809 0.1245863 0.0694534 0.1199887 0.0801236 0.0724920 0.1046674 0.1103066 0.0814274 0.1303819 0.0764568 0.1237456 0.0807250 0.0809190 0.1202964 0.1190234 0.1391681 0.0972881 0.0834664 0.1061162 0.0665338 0.1069348 0.0943443 0.0967170 
S0282         0.1868144 0.0461201 0.0600955 0.1323365 0.1170621 0.0000000 0.1266603 0.1238624 0.0877887 0.0319105 0.0554148 0.1280677 0.1029675 0.1223652 0.1195305 0.1169894 0.0933587 0.1275714 0.0540809 0.0255736 0.0363334 0.1641571 0.1068964 0.1227939 0.0660960 0.0706073 0.1113500 0.1162503 0.1029643 0.0752279 0.0946701 0.1407091 0.1371277 0.1191554 0.0388249 0.0363911 0.1164896 0.0961421 0.0553737 0.0279873 0.0679414 0.1139971 0.1040781 0.1009339 0.1168924 0.0295766 0.0623991 0.0285913 0.0740980 0.0674706 0.0873011 0.0678120 0.1091634 0.1341358 0.0910629 0.0981073 0.0702960 0.0990125 0.0696564 0.0774653 0.0899300 0.0787620 0.1002981 0.0775359 0.0910382 0.0950907 0.1048413 0.1463521 0.0931474 0.0896146 0.1059056 0.0591036 0.1040265 0.0703272 0.0853096 0.0990468 0.1131663 0.0667581 0.0751993 0.1087718 0.0327887 0.0700504 0.0772070 0.1054300 0.0912065 0.0910629 0.1082153 0.1363698 0.1268449 0.1149918 0.1023499 0.1271959 0.0362004 0.1368433 0.0965111 0.0861072 0.0318545 0.0130961 0.0495462 0.0728982 0.0500499 0.1102264 0.0930985 0.0970005 0.1388703 0.0603577 0.0737904 0.1242207 0.0800357 0.0969240 0.0341238 0.1108211 0.0913700 0.0793598 0.0390540 0.1224398 0.0433185 0.0955057 0.0708592 0.0502746 0.1014752 0.0968350 0.1108809 0.0742267 0.0698488 0.1097338 0.0597794 0.0820250 0.0679419 0.0700757 
S0288         0.2361492 0.1164132 0.1107038 0.1676265 0.1423220 0.1266603 0.0000000 0.1490805 0.1222583 0.1008676 0.1253964 0.1597727 0.0869919 0.1556045 0.0091592 0.1548715 0.1381546 0.0307607 0.1360324 0.1024721 0.1106936 0.1826820 0.1707454 0.1688677 0.1123969 0.1126821 0.1539882 0.0290038 0.1516047 0.1146944 0.1474643 0.1008796 0.0270224 0.1521526 0.1156011 0.1129921 0.1572447 0.1504128 0.1077549 0.1032101 0.1285009 0.0289124 0.1641956 0.1624901 0.0271896 0.1101028 0.1176091 0.1076328 0.1173675 0.1157781 0.1269951 0.1262295 0.1587894 0.1044229 0.1480249 0.1503513 0.1112494 0.0595850 0.1239562 0.1196998 0.1366932 0.1245560 0.1531046 0.1255549 0.1553198 0.1424964 0.0793617 0.1470064 0.1228404 0.1193393 0.1715878 0.1156275 0.1682814 0.1475417 0.1322885 0.1547190 0.0832011 0.1341214 0.1254783 0.1692147 0.1017419 0.1495677 0.1244609 0.1491009 0.1538133 0.1480249 0.0212444 0.1798288 0.1569946 0.0838952 0.0411882 0.0052948 0.1100930 0.1095294 0.1403908 0.1312374 0.1128447 0.1047588 0.1080084 0.1165456 0.1206094 0.1578191 0.1223785 0.1216145 0.1678947 0.1363812 0.1249805 0.1508427 0.1279987 0.1566946 0.1104411 0.1487469 0.1431541 0.1270048 0.1166573 0.1605890 0.1230412 0.1508575 0.1340191 0.1079884 0.1496883 0.1333005 0.1649211 0.1188673 0.1127553 0.1549205 0.1074839 0.1224703 0.1160492 0.1154887 
S0289         0.2209619 0.1041248 0.0835718 0.0297266 0.1173269 0.1238624 0.1490805 0.0000000 0.1027253 0.0964190 0.1138655 0.0375823 0.1254257 0.0318017 0.1361154 0.0457344 0.1129605 0.1557158 0.1029521 0.0860308 0.0917292 0.0455278 0.1400963 0.0415502 0.0884167 0.0915652 0.0422789 0.1403445 0.0573704 0.1003678 0.1146380 0.1654479 0.1640725 0.0241961 0.0994852 0.0959825 0.0452723 0.0796199 0.1036948 0.0907434 0.0871424 0.1456745 0.1193832 0.1370282 0.1437884 0.0932784 0.0845888 0.0927086 0.0960379 0.0827513 0.0976733 0.0898169 0.0815291 0.1509566 0.0710547 0.0751349 0.0898140 0.1237806 0.1076601 0.0936665 0.1115287 0.0974329 0.1510136 0.0912735 0.1229986 0.1340545 0.1238177 0.1787599 0.0888133 0.0950657 0.1295103 0.0778020 0.1309091 0.1095384 0.1101494 0.1207655 0.1337698 0.1305432 0.1063778 0.1238421 0.0962655 0.1088164 0.0979753 0.0374577 0.0756620 0.0710547 0.1302989 0.0849123 0.0458861 0.1285070 0.1459869 0.1473120 0.0866459 0.1515938 0.0967896 0.1041990 0.0981489 0.0920310 0.1033937 0.1168152 0.1081900 0.0774465 0.1028235 0.1113484 0.0336972 0.1063434 0.0934232 0.0431650 0.0935254 0.0801078 0.0962765 0.1209162 0.1149753 0.1069452 0.1040189 0.0374853 0.1032187 0.0792491 0.1295341 0.0957479 0.1187222 0.1282636 0.0870178 0.1069626 0.0892986 0.1212996 0.0774339 0.1094820 0.0962965 0.0941773 
S0292         0.2010352 0.0719759 0.0562093 0.1093425 0.1100356 0.0877887 0.1222583 0.1027253 0.0000000 0.0631796 0.0850017 0.1029763 0.1044997 0.0977432 0.1150754 0.0949449 0.0630371 0.1209366 0.0673547 0.0594576 0.0670806 0.1197717 0.1120230 0.1022920 0.0617275 0.0779013 0.0976224 0.1208104 0.0994716 0.0562445 0.0950547 0.1357425 0.1075216 0.0991956 0.0736347 0.0689610 0.0972673 0.0931377 0.0736661 0.0598483 0.0737470 0.1235350 0.1302662 0.1261903 0.1187179 0.0645265 0.0667733 0.0610684 0.0663231 0.0691671 0.0678357 0.0737707 0.1115888 0.1228475 0.0910430 0.1049090 0.0547068 0.1003217 0.0624848 0.0600861 0.0677853 0.0611496 0.1285120 0.0820196 0.1225673 0.0748521 0.1005148 0.1581172 0.0551855 0.0610860 0.1192428 0.0641592 0.1339469 0.0924882 0.0705104 0.0653627 0.1074901 0.0955476 0.0407219 0.1346344 0.0582066 0.0919766 0.0365094 0.0907962 0.0958337 0.0910430 0.1374716 0.1181279 0.1104864 0.1051358 0.1261106 0.1306298 0.0646208 0.1230305 0.0568950 0.0124836 0.0688600 0.0607905 0.0663962 0.0304132 0.0756062 0.1034786 0.0069957 0.0143086 0.1151118 0.0849927 0.0745808 0.0974400 0.0841688 0.0982324 0.0607511 0.1106829 0.0291122 0.0441388 0.0696428 0.1043662 0.0692924 0.1003753 0.0992820 0.0670515 0.0590324 0.0656051 0.1077542 0.0554154 0.0544175 0.0930271 0.0563779 0.0421980 0.0690256 0.0587160 
S0293         0.1958479 0.0271789 0.0473653 0.1019811 0.0647517 0.0319105 0.1008676 0.0964190 0.0631796 0.0000000 0.0372758 0.0970832 0.0788564 0.0984597 0.0953936 0.0962733 0.0723389 0.1002919 0.0673070 0.0056667 0.0190946 0.1244916 0.0936168 0.0986631 0.0487323 0.0570180 0.0863965 0.0928807 0.0844037 0.0526380 0.0714541 0.1047559 0.0968035 0.0925658 0.0210660 0.0209655 0.0932394 0.0755227 0.0436271 0.0133871 0.0571097 0.0955615 0.0828158 0.0818668 0.0907140 0.0150688 0.0499656 0.0117104 0.0578755 0.0523520 0.0630719 0.0550119 0.0964703 0.1072738 0.0732141 0.0920800 0.0480674 0.0774491 0.0545845 0.0524784 0.0600157 0.0555278 0.0588806 0.0635414 0.0792665 0.0722720 0.0823633 0.1401951 0.0650513 0.0578175 0.1005297 0.0467910 0.0864821 0.0895476 0.0680017 0.0703500 0.0869712 0.0477291 0.0660523 0.0869430 0.0134908 0.0543016 0.0563375 0.0864415 0.0779542 0.0732141 0.0708282 0.1124362 0.1096609 0.0944843 0.1101642 0.1073236 0.0189297 0.1103960 0.0705785 0.0618392 0.0170394 0.0327467 0.0317714 0.0731179 0.0289151 0.0926334 0.0655601 0.0710116 0.1127290 0.0436557 0.0598871 0.1007409 0.0657536 0.0805835 0.0170832 0.0951152 0.0636831 0.0560966 0.0192008 0.0936898 0.0249862 0.0871429 0.0549374 0.0353187 0.0773692 0.0702826 0.0881316 0.0493483 0.0457211 0.0894773 0.0435561 0.0585029 0.0525004 0.0479655 
S0294         0.2146870 0.0427968 0.0614269 0.1163284 0.1047377 0.0554148 0.1253964 0.1138655 0.0850017 0.0372758 0.0000000 0.1186644 0.0962044 0.1131196 0.1058055 0.1105344 0.0846068 0.1216081 0.0813497 0.0275216 0.0386996 0.1459942 0.1056663 0.1131413 0.0664685 0.0744751 0.1061501 0.1119330 0.1029270 0.0722556 0.0840812 0.1303638 0.1068808 0.1052387 0.0427333 0.0385807 0.1055017 0.0925143 0.0591544 0.0314795 0.0683100 0.1145994 0.1171080 0.0957247 0.1098527 0.0326986 0.0654194 0.0301603 0.0733185 0.0699479 0.0802045 0.0662922 0.1060511 0.1116057 0.0859334 0.1018696 0.0636528 0.0923273 0.0741073 0.0695537 0.0857367 0.0734459 0.0811481 0.0787439 0.1095705 0.0986368 0.0921423 0.1532746 0.0851481 0.0777929 0.1181044 0.0582333 0.1207305 0.1000085 0.0757490 0.0993283 0.0961846 0.0713469 0.0858504 0.1213470 0.0337217 0.0697120 0.0823326 0.1034840 0.0907259 0.0859334 0.1342178 0.1224281 0.1217441 0.1061310 0.1284839 0.1263864 0.0365036 0.1165091 0.0923909 0.0857761 0.0366067 0.0488272 0.0456168 0.0835476 0.0525526 0.1048719 0.0893411 0.0929127 0.1269979 0.0591554 0.0730572 0.1206735 0.0809024 0.0931273 0.0366937 0.1097436 0.0900884 0.0756798 0.0389488 0.1054203 0.0349495 0.0973081 0.0680882 0.0508612 0.0943459 0.0896736 0.1002653 0.0718462 0.0633085 0.1037849 0.0569537 0.0779429 0.0702635 0.0676142 
S0299         0.2363398 0.1089862 0.0733323 0.0330348 0.1355280 0.1280677 0.1597727 0.0375823 0.1029763 0.0970832 0.1186644 0.0000000 0.1381656 0.0254846 0.1523145 0.0567817 0.1055166 0.1575327 0.0830581 0.0910358 0.0968012 0.0472528 0.1466069 0.0387247 0.0844108 0.1015475 0.0394363 0.1556512 0.0627167 0.1006347 0.1266768 0.1847181 0.1686959 0.0294028 0.1021139 0.1054246 0.0502019 0.0801325 0.1154007 0.0958050 0.0920796 0.1604131 0.1258048 0.1385996 0.1592229 0.0981463 0.0895267 0.0980568 0.0918040 0.0920264 0.0979837 0.0947567 0.0905185 0.1607627 0.0738097 0.0819846 0.0926782 0.1337362 0.1078049 0.0940020 0.1072500 0.0979534 0.1653850 0.0984348 0.1374050 0.1433398 0.1357764 0.1837707 0.0893706 0.0999834 0.1316538 0.0850403 0.1370926 0.0977978 0.1147314 0.1272978 0.1434531 0.1324458 0.1107639 0.1302006 0.0922805 0.1156609 0.1068601 0.0365986 0.0783664 0.0738097 0.1355036 0.0864437 0.0388513 0.1431992 0.1552580 0.1660687 0.1026656 0.1645267 0.1057401 0.1137956 0.1029979 0.0911136 0.1085942 0.0954573 0.1104598 0.0753126 0.1074856 0.1114569 0.0425597 0.1043570 0.0984007 0.0341517 0.1006823 0.0827548 0.0966126 0.1281033 0.1199507 0.1135999 0.1088778 0.0348275 0.1103900 0.0860577 0.1289055 0.1006068 0.1180072 0.1201754 0.0873813 0.1097031 0.0921527 0.1378885 0.0845779 0.1068824 0.1017986 0.0992841 
S0308         0.2152450 0.0782801 0.0840294 0.1330609 0.1006999 0.1029675 0.0869919 0.1254257 0.1044997 0.0788564 0.0962044 0.1381656 0.0000000 0.1296322 0.0675511 0.1316924 0.1095654 0.0859310 0.1228049 0.0721316 0.0800743 0.1399778 0.1454546 0.1321781 0.0855529 0.0891743 0.1226870 0.0770688 0.1241381 0.0913412 0.1116679 0.0980899 0.0804788 0.1212267 0.0870552 0.0842317 0.1264162 0.1152742 0.0860738 0.0702877 0.0911127 0.0750902 0.1359625 0.1190739 0.0750882 0.0729447 0.0818890 0.0716117 0.0906327 0.0822941 0.1019301 0.0889980 0.1325907 0.0796490 0.1106478 0.1199301 0.0797123 0.0615469 0.0932406 0.0861044 0.1069364 0.0924908 0.1206357 0.0907175 0.1316828 0.1191646 0.0618534 0.1274267 0.0979554 0.0928683 0.1481086 0.0793409 0.1398246 0.1430536 0.0976160 0.1202562 0.0682373 0.0981886 0.0999655 0.1405742 0.0732713 0.1160664 0.1041878 0.1195087 0.1158731 0.1106478 0.0690902 0.1358010 0.1362637 0.0814940 0.0848614 0.0831397 0.0816484 0.0820573 0.1123363 0.1057690 0.0775143 0.1001023 0.0747067 0.1113275 0.0775772 0.1213644 0.1045993 0.1156488 0.1414053 0.1038886 0.0858886 0.1299675 0.0929562 0.1184854 0.0821079 0.1160583 0.1027000 0.1019380 0.0806516 0.1197010 0.0845003 0.1178686 0.1075049 0.0709544 0.1225750 0.1028160 0.1288236 0.0845127 0.0812999 0.1301051 0.0770934 0.1045303 0.0913431 0.0845098 
S0320         0.2256612 0.1035859 0.0683000 0.0292296 0.1235477 0.1223652 0.1556045 0.0318017 0.0977432 0.0984597 0.1131196 0.0254846 0.1296322 0.0000000 0.1405208 0.0464942 0.1122493 0.1538416 0.0834075 0.0859363 0.0938398 0.0497314 0.1435564 0.0367731 0.0794236 0.0985551 0.0393617 0.1489957 0.0537482 0.0999286 0.1215904 0.1666198 0.1723723 0.0255934 0.0968335 0.1001415 0.0403913 0.0752922 0.1099115 0.0907908 0.0870216 0.1566792 0.1097037 0.1378937 0.1524588 0.0930124 0.0845301 0.0927140 0.0866543 0.0869727 0.0950905 0.0896308 0.0813906 0.1514626 0.0690743 0.0751583 0.0896288 0.1300418 0.1070383 0.0978140 0.1070313 0.0972567 0.1564373 0.0888674 0.1212491 0.1345701 0.1346141 0.1920270 0.0842730 0.0947338 0.1276181 0.0800094 0.1204953 0.0780808 0.1139083 0.1291056 0.1422127 0.1293289 0.1079318 0.1138360 0.0870962 0.1169877 0.0993240 0.0365961 0.0733930 0.0690743 0.1105637 0.0918247 0.0370431 0.1393676 0.1410106 0.1617802 0.0930039 0.1576491 0.1051906 0.1061194 0.0977628 0.0820178 0.1007719 0.0888381 0.1075932 0.0774115 0.1021757 0.1060050 0.0405909 0.1106048 0.0908843 0.0301943 0.0910553 0.0799324 0.0914732 0.1176010 0.1117661 0.1107341 0.1034825 0.0347640 0.1004536 0.0791694 0.1331569 0.0954209 0.1174268 0.1271300 0.0845661 0.1042569 0.0891272 0.1295552 0.0796940 0.1040823 0.0987971 0.0983218 
S0322         0.2391350 0.1038778 0.1064111 0.1444485 0.1276293 0.1195305 0.0091592 0.1361154 0.1150754 0.0953936 0.1058055 0.1523145 0.0675511 0.1405208 0.0000000 0.1398763 0.1258964 0.0319589 0.1429200 0.0897626 0.0955564 0.1529158 0.1620220 0.1511568 0.1068964 0.0975743 0.1332731 0.0242983 0.1289547 0.0998856 0.1354795 0.0856940 0.0280888 0.1342893 0.1031327 0.1005200 0.1344709 0.1301802 0.0952879 0.0924893 0.1161017 0.0242564 0.1499850 0.1510725 0.0224285 0.0976567 0.1027540 0.0946339 0.1119781 0.1008503 0.1146635 0.1135426 0.1407326 0.0969561 0.1277932 0.1349956 0.0986970 0.0512167 0.1065025 0.1048887 0.1229663 0.1095062 0.1428473 0.1156790 0.1410741 0.1280369 0.0712413 0.1232731 0.1175607 0.1065542 0.1597461 0.1046454 0.1542006 0.1553797 0.1149916 0.1421693 0.0751942 0.1268557 0.1130641 0.1550932 0.0959329 0.1373455 0.1197821 0.1315542 0.1334714 0.1277932 0.0220254 0.1570600 0.1499975 0.0758360 0.0450315 0.0073714 0.0976474 0.0994995 0.1281710 0.1165576 0.1003853 0.1037085 0.0925949 0.1229084 0.1109227 0.1396064 0.1151920 0.1168638 0.1479199 0.1240331 0.1098206 0.1401845 0.1181632 0.1363048 0.1003681 0.1392298 0.1283521 0.1149676 0.1040973 0.1429113 0.1059096 0.1328392 0.1242186 0.0955007 0.1454392 0.1238311 0.1475004 0.1005892 0.1003043 0.1400851 0.0950399 0.1152806 0.1012714 0.1034339 
S0327         0.2083508 0.0924089 0.0700437 0.0544091 0.1277440 0.1169894 0.1548715 0.0457344 0.0949449 0.0962733 0.1105344 0.0567817 0.1316924 0.0464942 0.1398763 0.0000000 0.1051036 0.1556944 0.0998432 0.0810594 0.0913206 0.0644119 0.1382442 0.0464474 0.0814726 0.0961958 0.0433705 0.1407447 0.0581190 0.0929608 0.1211370 0.1629616 0.1665708 0.0469963 0.0921455 0.0954629 0.0461479 0.0711486 0.1027881 0.0861417 0.0785275 0.1482715 0.1297068 0.1302041 0.1440962 0.0884368 0.0757589 0.0879548 0.0864834 0.0824438 0.0948184 0.0764879 0.0812368 0.1494960 0.0649793 0.0750173 0.0806823 0.1246334 0.0977703 0.0953040 0.1090403 0.0857721 0.1524563 0.0933842 0.1337306 0.1229385 0.1288672 0.1764973 0.0902848 0.0895846 0.1385736 0.0711402 0.1372628 0.0883509 0.1001309 0.1192946 0.1386023 0.1074227 0.0957318 0.1341589 0.0914395 0.1076684 0.0970845 0.0385672 0.0693899 0.0649793 0.1256411 0.0847136 0.0567852 0.1390769 0.1487659 0.1561239 0.0928240 0.1564869 0.0932161 0.0983273 0.0931172 0.0791056 0.0932332 0.0960025 0.0932863 0.0797016 0.0950318 0.1054657 0.0586161 0.0966157 0.0840157 0.0542131 0.0955957 0.0757324 0.0912954 0.1224965 0.1068217 0.1014478 0.0987204 0.0522734 0.0935997 0.0769582 0.1183601 0.0842290 0.1148168 0.1196766 0.0799698 0.0996831 0.0802361 0.1149875 0.0710730 0.0993792 0.0964314 0.0914090 
S0335         0.1816160 0.0696664 0.0798536 0.1167722 0.1183112 0.0933587 0.1381546 0.1129605 0.0630371 0.0723389 0.0846068 0.1055166 0.1095654 0.1122493 0.1258964 0.1051036 0.0000000 0.1391196 0.0898509 0.0616655 0.0693205 0.1383388 0.1239489 0.1076586 0.0835816 0.0849388 0.1076882 0.1290614 0.1024967 0.0651085 0.0990182 0.1380743 0.1330835 0.1067685 0.0717902 0.0733027 0.1025198 0.0962236 0.0823098 0.0620724 0.0829501 0.1318682 0.1237025 0.1159454 0.1242187 0.0667334 0.0777001 0.0630913 0.0843307 0.0802130 0.0724568 0.0829760 0.1240212 0.1288931 0.0984416 0.1171564 0.0636255 0.1008504 0.0756974 0.0580775 0.0823023 0.0682504 0.1185924 0.0885932 0.1233197 0.0883996 0.1038556 0.1585891 0.0817366 0.0745542 0.1250141 0.0752518 0.1347733 0.1137031 0.0726080 0.0742275 0.1109442 0.0911187 0.0616181 0.1280043 0.0668707 0.0939855 0.0626983 0.0912049 0.1033664 0.0984416 0.1396819 0.1228072 0.1204240 0.1077983 0.1369859 0.1392610 0.0708892 0.1211421 0.0566918 0.0636643 0.0711039 0.0760091 0.0639610 0.0726366 0.0734895 0.1035156 0.0712217 0.0742992 0.1257949 0.0785343 0.0790433 0.1147405 0.0907741 0.1058301 0.0690368 0.1178054 0.0720206 0.0482689 0.0719155 0.1097628 0.0735306 0.1146035 0.0969277 0.0692899 0.0565982 0.0177974 0.1132193 0.0709127 0.0632815 0.1096968 0.0629236 0.0562604 0.0804409 0.0698526 
S0355         0.2489173 0.1127611 0.1068127 0.1683486 0.1411155 0.1275714 0.0307607 0.1557158 0.1209366 0.1002919 0.1216081 0.1575327 0.0859310 0.1538416 0.0319589 0.1556944 0.1391196 0.0000000 0.1379743 0.0990479 0.1118648 0.1730407 0.1745402 0.1669107 0.1087911 0.1114792 0.1551798 0.0195477 0.1559364 0.1159222 0.1336755 0.1038470 0.0078482 0.1530098 0.1119840 0.1141459 0.1580468 0.1461783 0.1183802 0.0997474 0.1270851 0.0158013 0.1668166 0.1579099 0.0177698 0.1066004 0.1163394 0.1068670 0.1136710 0.1145257 0.1304579 0.1248407 0.1568281 0.0969216 0.1438307 0.1485175 0.1124218 0.0630049 0.1202274 0.1208000 0.1354325 0.1186708 0.1524980 0.1290658 0.1579590 0.1459200 0.0807266 0.1509320 0.1190481 0.1204924 0.1833608 0.1143974 0.1708886 0.1453802 0.1332950 0.1581690 0.0846985 0.1352319 0.1316755 0.1718315 0.0958424 0.1504468 0.1255481 0.1499686 0.1494990 0.1438307 0.0547280 0.1695887 0.1609956 0.0875849 0.0406144 0.0367035 0.1112632 0.1016258 0.1417191 0.1322619 0.1092848 0.1236526 0.1044679 0.1255026 0.1172107 0.1558551 0.1210542 0.1251628 0.1739056 0.1373659 0.1235957 0.1490899 0.1315027 0.1523213 0.1046003 0.1556213 0.1390417 0.1329404 0.1129933 0.1613659 0.1192919 0.1490108 0.1382580 0.1138818 0.1479879 0.1346677 0.1634388 0.1249613 0.1139089 0.1581880 0.1110037 0.1259770 0.1220104 0.1169346 
S0376         0.2218599 0.0843526 0.0602379 0.0928792 0.1239990 0.0540809 0.1360324 0.1029521 0.0673547 0.0673070 0.0813497 0.0830581 0.1228049 0.0834075 0.1429200 0.0998432 0.0898509 0.1379743 0.0000000 0.0593404 0.0737475 0.1456785 0.1210187 0.1104335 0.0632781 0.0495433 0.1029745 0.1349924 0.1101745 0.0899910 0.1117088 0.1628326 0.1413614 0.0882545 0.0678852 0.0765900 0.1027808 0.0903726 0.0807930 0.0622862 0.0745597 0.1385661 0.0861311 0.1256860 0.1315542 0.0640884 0.0739223 0.0608705 0.0763079 0.0775090 0.0892135 0.0777594 0.1144549 0.1380790 0.0841300 0.1010271 0.0773955 0.1081067 0.0830168 0.0798204 0.1042880 0.0842835 0.1499564 0.0835945 0.0797970 0.0992697 0.1221418 0.1529357 0.0748853 0.0895768 0.0919788 0.0699942 0.0989735 0.0776148 0.0961224 0.0992144 0.1252548 0.0969740 0.0774202 0.0929381 0.0570339 0.0830531 0.0705010 0.0897273 0.0874707 0.0841300 0.1095650 0.1688179 0.0908326 0.1441859 0.1157341 0.1440375 0.0701015 0.1370460 0.0809515 0.0711140 0.0673339 0.0586971 0.0699093 0.0747044 0.0738630 0.0874192 0.0736349 0.0748595 0.1056634 0.0770422 0.0893439 0.0940481 0.0867746 0.0876776 0.0616609 0.1233221 0.0801928 0.0758202 0.0778997 0.0931221 0.0742208 0.0968113 0.1088459 0.0802603 0.0871318 0.0971159 0.0914002 0.0874314 0.0767738 0.1242611 0.0709692 0.0699872 0.0435023 0.0716127 
S0400         0.1830839 0.0162720 0.0371611 0.0910756 0.0746097 0.0255736 0.1024721 0.0860308 0.0594576 0.0056667 0.0275216 0.0910358 0.0721316 0.0859363 0.0897626 0.0810594 0.0616655 0.0990479 0.0593404 0.0000000 0.0106954 0.1097744 0.0810713 0.0859747 0.0419172 0.0475057 0.0785316 0.0897585 0.0713507 0.0453975 0.0609871 0.0947524 0.0873886 0.0781799 0.0143745 0.0106632 0.0853478 0.0683748 0.0314455 0.0035808 0.0435543 0.0922748 0.0821251 0.0766736 0.0877127 0.0052730 0.0391926 0.0018216 0.0482741 0.0433397 0.0552179 0.0416193 0.0792759 0.0940490 0.0643587 0.0773931 0.0353716 0.0664940 0.0472256 0.0493804 0.0582767 0.0482794 0.0597264 0.0534822 0.0752253 0.0722535 0.0709732 0.1332066 0.0591523 0.0523104 0.0924619 0.0361203 0.0854879 0.0800373 0.0617808 0.0707311 0.0775611 0.0410091 0.0579571 0.0859062 0.0054322 0.0412812 0.0551335 0.0747616 0.0688553 0.0643587 0.1133764 0.0907872 0.0938242 0.0771902 0.1081295 0.1032708 0.0088290 0.0941832 0.0642465 0.0599818 0.0088523 0.0238074 0.0222653 0.0711453 0.0235947 0.0800998 0.0635670 0.0666002 0.0989609 0.0333663 0.0481087 0.0917326 0.0555213 0.0711140 0.0070833 0.0823104 0.0640835 0.0508503 0.0125869 0.0836008 0.0143297 0.0750870 0.0415665 0.0256269 0.0704089 0.0663461 0.0801293 0.0464890 0.0351874 0.0818832 0.0313095 0.0529469 0.0454485 0.0391607 
S0405         0.1819993 0.0291962 0.0475886 0.0968391 0.0802639 0.0363334 0.1106936 0.0917292 0.0670806 0.0190946 0.0386996 0.0968012 0.0800743 0.0938398 0.0955564 0.0913206 0.0693205 0.1118648 0.0737475 0.0106954 0.0000000 0.1159700 0.0933220 0.0938478 0.0515462 0.0591638 0.0845317 0.1024048 0.0752893 0.0570573 0.0727285 0.1042655 0.1037521 0.0904914 0.0252693 0.0177669 0.0931984 0.0805950 0.0407661 0.0143896 0.0531262 0.1049931 0.0881402 0.0844644 0.1003498 0.0123006 0.0486200 0.0128109 0.0580412 0.0528635 0.0647779 0.0511786 0.0893155 0.1093445 0.0742324 0.0852558 0.0448719 0.0809167 0.0629901 0.0589146 0.0687250 0.0579731 0.0651784 0.0631499 0.0845480 0.0821676 0.0855441 0.1471269 0.0690499 0.0621346 0.1031271 0.0457183 0.0915211 0.0920411 0.0694495 0.0785232 0.0923163 0.0503776 0.0677277 0.0919685 0.0163434 0.0507526 0.0626944 0.0822555 0.0788192 0.0742324 0.1180473 0.0965283 0.1063447 0.0898375 0.1199687 0.1115544 0.0158879 0.1095039 0.0719774 0.0676716 0.0177407 0.0234104 0.0336100 0.0764615 0.0346379 0.0880300 0.0712175 0.0743761 0.1090834 0.0407616 0.0578412 0.1001751 0.0652144 0.0811206 0.0195757 0.0924989 0.0718371 0.0583457 0.0197732 0.0891528 0.0251895 0.0829203 0.0531336 0.0291334 0.0781662 0.0740913 0.0902860 0.0563294 0.0446372 0.0897940 0.0406012 0.0604717 0.0529912 0.0468088 
S0407sl       0.2775442 0.1235743 0.0873391 0.0559633 0.1962429 0.1641571 0.1826820 0.0455278 0.1197717 0.1244916 0.1459942 0.0472528 0.1399778 0.0497314 0.1529158 0.0644119 0.1383388 0.1730407 0.1456785 0.1097744 0.1159700 0.0000000 0.1775710 0.0323749 0.1126997 0.1223852 0.0302795 0.1574804 0.0344638 0.1144149 0.1410322 0.2267052 0.1662630 0.0327854 0.1204999 0.1257785 0.0434628 0.0976842 0.1332625 0.1075292 0.1163749 0.1730407 0.1980883 0.1730114 0.1554428 0.1179070 0.0985391 0.1079775 0.1204237 0.1057636 0.1241566 0.1125189 0.0997672 0.1691163 0.0879747 0.0869458 0.1124495 0.1368294 0.1295089 0.1330221 0.1228948 0.1236200 0.2376743 0.1301543 0.2271547 0.1511334 0.1525681 0.1908761 0.1215612 0.1234366 0.1718728 0.0968225 0.2070202 0.0775669 0.1407047 0.1430769 0.1600244 0.1561947 0.1342810 0.2004020 0.1159075 0.1468471 0.1352156 0.0350035 0.0950654 0.0879747 0.7215612 0.0776779 0.0647454 0.1367565 0.1829493 0.1799568 0.1147057 0.1748494 0.1454378 0.1216996 0.1148257 0.1157576 0.1224557 0.1164449 0.1295295 0.0974925 0.1300957 0.1286540 0.0527266 0.1396416 0.1129444 0.0391146 0.1301543 0.0949271 0.1122238 0.1791184 0.1337998 0.1328425 0.1221681 0.0406779 0.1300337 0.0936277 0.1749098 0.1110075 0.1563005 0.1507248 0.0982852 0.1141157 0.1118233 0.1540369 0.1007261 0.1330830 0.1237783 0.1160114 
S0412sl       0.2157673 0.0942781 0.0974550 0.1549431 0.1376410 0.1068964 0.1707454 0.1400963 0.1120230 0.0936168 0.1056663 0.1466069 0.1454546 0.1435564 0.1620220 0.1382442 0.1239489 0.1745402 0.1210187 0.0810713 0.0933220 0.1775710 0.0000000 0.1378408 0.1018170 0.1124894 0.1435040 0.1583381 0.1497171 0.1057720 0.1131969 0.1346857 0.1637416 0.1474176 0.0981392 0.0886130 0.1426264 0.1258604 0.0937235 0.0836626 0.1176334 0.1721278 0.1465539 0.1107041 0.1613873 0.0860535 0.1048312 0.0805819 0.1075102 0.1093159 0.1164108 0.1154537 0.1458878 0.1630509 0.1187844 0.1310432 0.1033082 0.1403540 0.1076565 0.1100083 0.1231231 0.1053391 0.1255479 0.1242632 0.1310125 0.1319917 0.1310881 0.1859719 0.1180660 0.1148768 0.1606581 0.1005625 0.1503840 0.1270580 0.1220784 0.1299222 0.1359057 0.1164890 0.1172704 0.1511766 0.0844796 0.1129083 0.1186984 0.1346921 0.1240745 0.1187844 0.1661838 0.1769019 0.1549891 0.1458499 0.1885833 0.1779153 0.0861846 0.1571909 0.1199027 0.1252428 0.0906932 0.1063741 0.0934509 0.1296422 0.0953950 0.1394612 0.1234595 0.1303306 0.1473538 0.1055197 0.1119360 0.1473919 0.1266386 0.1313983 0.0909107 0.1568535 0.1242000 0.1038586 0.0962307 0.1532480 0.0912648 0.1409583 0.1112069 0.0888555 0.1224548 0.1297810 0.1419400 0.1154436 0.1027187 0.1486432 0.0932400 0.1061325 0.1168783 0.1097871 
S0417         0.2281850 0.1015528 0.0728231 0.0425618 0.1338065 0.1227939 0.1688677 0.0415502 0.1022920 0.0986631 0.1131413 0.0387247 0.1321781 0.0367731 0.1511568 0.0464474 0.1076586 0.1669107 0.1104335 0.0859747 0.0938478 0.0323749 0.1378408 0.0000000 0.0860905 0.0979346 0.0352897 0.1541772 0.0405612 0.0954880 0.1261921 0.1691358 0.1733599 0.0293507 0.0968749 0.1001828 0.0402250 0.0755456 0.1099554 0.0908309 0.0917538 0.1619397 0.1320918 0.1401552 0.1577014 0.0930517 0.0802315 0.0925658 0.0911925 0.0870099 0.0944929 0.0896707 0.0815570 0.1543240 0.0693057 0.0753119 0.0872890 0.1349851 0.1025170 0.1021965 0.1092597 0.0949409 0.1585206 0.0980834 0.1398961 0.1325767 0.1370105 0.1860548 0.0951905 0.0968543 0.1415808 0.0734917 0.1361944 0.0988773 0.1184244 0.1243433 0.1446444 0.1199889 0.1100890 0.1365329 0.0960393 0.1172730 0.1061489 0.0288782 0.0737846 0.0693057 0.1516313 0.0756744 0.0527748 0.1347249 0.1648381 0.1702562 0.0974924 0.1603332 0.1073314 0.1058282 0.0978033 0.0921850 0.0985180 0.1067382 0.1053165 0.0800177 0.1067661 0.1131449 0.0482955 0.1082202 0.0886805 0.0378909 0.1003214 0.0781097 0.0959754 0.1276149 0.1076715 0.1018557 0.0989572 0.0345909 0.1004958 0.0793308 0.1283029 0.0910238 0.1291885 0.1247448 0.0806330 0.1022101 0.0868019 0.1368674 0.0754639 0.1086781 0.0988388 0.0917123 
S0419         0.1763776 0.0541152 0.0116843 0.0867630 0.0684100 0.0660960 0.1123969 0.0884167 0.0617275 0.0487323 0.0664685 0.0844108 0.0855529 0.0794236 0.1068964 0.0814726 0.0835816 0.1087911 0.0632781 0.0419172 0.0515462 0.1126997 0.1018170 0.0860905 0.0000000 0.0663156 0.0741681 0.1036199 0.0740777 0.0640920 0.0849863 0.1025785 0.1112745 0.0825168 0.0516697 0.0534143 0.0833642 0.0770450 0.0618750 0.0441677 0.0370545 0.1113491 0.0799529 0.0903313 0.1065775 0.0471396 0.0070755 0.0449793 0.0107997 0.0088655 0.0698543 0.0351021 0.0858099 0.1036690 0.0686646 0.0815767 0.0495327 0.0840938 0.0639408 0.0659829 0.0693920 0.0651425 0.0903420 0.0528846 0.0763581 0.0876083 0.0865884 0.1396394 0.0613969 0.0694503 0.0972913 0.0071829 0.0833458 0.0776742 0.0768476 0.0862567 0.0934541 0.0767881 0.0706218 0.0837577 0.0403939 0.0728573 0.0634803 0.0726939 0.0732240 0.0686646 0.0929848 0.1031019 0.0893723 0.0883242 0.1189620 0.1206695 0.0511591 0.1082878 0.0799739 0.0731283 0.0513105 0.0617953 0.0464263 0.0682191 0.0598697 0.0864933 0.0617824 0.0643106 0.0968082 0.0641985 0.0162775 0.0801588 0.0549004 0.0755138 0.0434559 0.0819266 0.0787945 0.0719289 0.0560173 0.0880497 0.0556440 0.0814578 0.0807019 0.0535766 0.0839904 0.0864708 0.0868462 0.0655929 0.0511949 0.0929101 0.0272328 0.0657082 0.0535928 0.0536300 
S0427         0.2021673 0.0639230 0.0612352 0.1009829 0.1006564 0.0706073 0.1126821 0.0915652 0.0779013 0.0570180 0.0744751 0.1015475 0.0891743 0.0985551 0.0975743 0.0961958 0.0849388 0.1114792 0.0495433 0.0475057 0.0591638 0.1223852 0.1124894 0.0979346 0.0663156 0.0000000 0.0938772 0.1005451 0.1003125 0.0653027 0.0903793 0.1146774 0.1041010 0.0929118 0.0574028 0.0589771 0.1000860 0.0804317 0.0676463 0.0497934 0.0678342 0.1046309 0.1130942 0.1012419 0.1006052 0.0526560 0.0630186 0.0508030 0.0731490 0.0653889 0.0692289 0.0658306 0.1004046 0.1113757 0.0783749 0.0938508 0.0612586 0.0895392 0.0691733 0.0653849 0.0779232 0.0621860 0.0993538 0.0760453 0.1056496 0.0934724 0.0969285 0.1433140 0.0691214 0.0662827 0.1132311 0.0603290 0.1166775 0.0897769 0.0782883 0.0946856 0.1039036 0.0829862 0.0740628 0.1172689 0.0543647 0.0923801 0.0754121 0.0913936 0.0830100 0.0783749 0.1181589 0.1179520 0.1044038 0.0986333 0.1066978 0.1135579 0.0566905 0.1115384 0.0812730 0.0809919 0.0526587 0.0611016 0.0585441 0.0830788 0.0696598 0.0967220 0.0821506 0.0833417 0.1071696 0.0789988 0.0728901 0.1020841 0.0781784 0.0853342 0.0530142 0.1038823 0.0741184 0.0733298 0.0575004 0.0983353 0.0632918 0.0914637 0.0859690 0.0632684 0.0854142 0.0900311 0.0945828 0.0714592 0.0609298 0.0992996 0.0507035 0.0734544 0.0309638 0.0653215 
S0428sl       0.2352613 0.0945475 0.0600414 0.0452806 0.1298576 0.1113500 0.1539882 0.0422789 0.0976224 0.0863965 0.1061501 0.0394363 0.1226870 0.0393617 0.1332731 0.0433705 0.1076882 0.1551798 0.1029745 0.0785316 0.0845317 0.0302795 0.1435040 0.0352897 0.0741681 0.0938772 0.0000000 0.1372843 0.0432409 0.0928452 0.1169193 0.1698799 0.1588720 0.0317899 0.0875501 0.0887200 0.0390056 0.0620547 0.1053286 0.0814444 0.0821101 0.1475738 0.1484098 0.1304047 0.1406805 0.0838675 0.0664549 0.0784315 0.0791384 0.0687852 0.0991357 0.0778142 0.0765010 0.1519559 0.0601761 0.0721743 0.0824568 0.1209398 0.0999509 0.0950764 0.1065770 0.0922483 0.1591986 0.0888471 0.1486987 0.1235714 0.1276784 0.1747412 0.0904039 0.0896859 0.1396942 0.0637853 0.1522908 0.0907627 0.1068423 0.1144344 0.1350173 0.1177299 0.1077009 0.1531029 0.0844590 0.1127039 0.1015424 0.0313152 0.0646151 0.0601761 0.1371273 0.0710521 0.0556988 0.1273290 0.1389592 0.1529031 0.0860909 0.1561472 0.1026897 0.1011409 0.0864340 0.0721872 0.0934874 0.0958985 0.1028670 0.0792653 0.1021410 0.1055096 0.0491135 0.1035518 0.0766884 0.0344430 0.0910844 0.0689268 0.0867283 0.1182571 0.1075166 0.1016014 0.0942067 0.0351897 0.0912444 0.0762292 0.1213216 0.0862584 0.1247426 0.1202417 0.0756346 0.0974476 0.0819904 0.1324938 0.0685392 0.1040846 0.0918933 0.0869215 
S0430         0.2420388 0.1032176 0.1012211 0.1528828 0.1295179 0.1162503 0.0290038 0.1403445 0.1208104 0.0928807 0.1119330 0.1556512 0.0770688 0.1489957 0.0242983 0.1407447 0.1290614 0.0195477 0.1349924 0.0897585 0.1024048 0.1574804 0.1583381 0.1541772 0.1036199 0.1005451 0.1372843 0.0000000 0.1361795 0.1070627 0.1330641 0.0900949 0.0104736 0.1379327 0.1003940 0.1046435 0.1430493 0.1314330 0.1088281 0.0925645 0.1121161 0.0141328 0.1544730 0.1462093 0.0052410 0.0972924 0.1018500 0.0947064 0.1084246 0.1000384 0.1230706 0.1099294 0.1417477 0.0943893 0.1291395 0.1337191 0.1029082 0.0547672 0.1113357 0.1111938 0.1281371 0.1142109 0.1396459 0.1140731 0.1458731 0.1357591 0.0720482 0.1352519 0.1223298 0.1137785 0.1697156 0.0996658 0.1584483 0.1461112 0.1234073 0.1476412 0.0738287 0.1251774 0.1241633 0.1593098 0.0957394 0.1400722 0.1254175 0.1352279 0.1346005 0.1291395 0.0376572 0.1577381 0.1560403 0.0762772 0.0294510 0.0273131 0.1018587 0.0968012 0.1340447 0.1223015 0.0998936 0.1135835 0.0950074 0.1294582 0.1099298 0.1406738 0.1209278 0.1250306 0.1584604 0.1272894 0.1086069 0.1466006 0.1164284 0.1373237 0.0977745 0.1430115 0.1289828 0.1230800 0.1034254 0.1486171 0.1096593 0.1341536 0.1314118 0.1044070 0.1478319 0.1270891 0.1480725 0.1149800 0.1044278 0.1420637 0.0967609 0.1258455 0.1101382 0.1075345 
S0478         0.2488618 0.0934433 0.0687531 0.0579742 0.1100744 0.1029643 0.1516047 0.0573704 0.0994716 0.0844037 0.1029270 0.0627167 0.1241381 0.0537482 0.1289547 0.0581190 0.1024967 0.1559364 0.1101745 0.0713507 0.0752893 0.0344638 0.1497171 0.0405612 0.0740777 0.1003125 0.0432409 0.1361795 0.0000000 0.0991449 0.1233415 0.1560512 0.1419847 0.0430273 0.0784797 0.0751112 0.0467126 0.0863688 0.1004153 0.0740638 0.0805110 0.1421084 0.1188952 0.1369961 0.1393740 0.0772408 0.0680924 0.0684610 0.0769236 0.0731337 0.1036412 0.0758505 0.0716776 0.1450962 0.0793452 0.0767428 0.0826605 0.1244283 0.1071779 0.1016575 0.1091606 0.0987819 0.1236630 0.0921089 0.1262199 0.1217753 0.1241455 0.1852110 0.0990708 0.0984005 0.1303526 0.0696785 0.1300638 0.1106317 0.1068405 0.1185486 0.1320532 0.1106073 0.1080317 0.1154939 0.0770989 0.1097696 0.1037288 0.0488423 0.0820770 0.0793452 0.1669959 0.0634871 0.0677264 0.1270185 0.1544028 0.1475180 0.0796122 0.1462017 0.0970080 0.1024534 0.0798549 0.0819812 0.0918204 0.0923318 0.0952358 0.0818149 0.1019344 0.1050632 0.0691663 0.0951647 0.0767004 0.0438085 0.0945473 0.0846457 0.0776397 0.0970032 0.1002296 0.0990045 0.0830600 0.0532428 0.0848442 0.0766238 0.0878046 0.0848087 0.1157691 0.1212629 0.0971607 0.0993214 0.0847443 0.1186060 0.0675337 0.1038854 0.0931631 0.0852307 
S0552sl       0.1949126 0.0617678 0.0610584 0.1024188 0.0976832 0.0752279 0.1146944 0.1003678 0.0562445 0.0526380 0.0722556 0.1006347 0.0913412 0.0999286 0.0998856 0.0929608 0.0651085 0.1159222 0.0899910 0.0453975 0.0570573 0.1144149 0.1057720 0.0954880 0.0640920 0.0653027 0.0928452 0.1070627 0.0991449 0.0000000 0.0973826 0.1103381 0.1000495 0.0944846 0.0634538 0.0568777 0.0904239 0.0694140 0.0696803 0.0498053 0.0697484 0.1090291 0.1125591 0.1007095 0.1049955 0.0546188 0.0607889 0.0528401 0.0687283 0.0631308 0.0441885 0.0677442 0.1022611 0.1159430 0.0674063 0.0957159 0.0488390 0.0915618 0.0123659 0.0309686 0.0153205 0.0143792 0.1101312 0.0758309 0.1051576 0.0728645 0.0918291 0.1586759 0.0356074 0.0295299 0.1169482 0.0580726 0.1161221 0.1034403 0.0445131 0.0633964 0.0986809 0.0805688 0.0548220 0.1167075 0.0523093 0.0855966 0.0540264 0.0841892 0.0718700 0.0674063 0.1333186 0.0895803 0.1080683 0.0938973 0.1270523 0.1155848 0.0586677 0.1114985 0.0674058 0.0589810 0.0588419 0.0669376 0.0605879 0.0729351 0.0674854 0.0986703 0.0622724 0.0673686 0.1084917 0.0745223 0.0705363 0.0995882 0.0779568 0.0716227 0.0589831 0.0988339 0.0648402 0.0500812 0.0595068 0.0975396 0.0611604 0.0933251 0.0790891 0.0529705 0.0694084 0.0676878 0.0830483 0.0356650 0.0485823 0.0777646 0.0505253 0.0561406 0.0653793 0.0507900 
