126
S0055      0.0000000 0.1199850 0.1126684 0.1622336 0.0676339 0.1343309 0.1057676 0.1124991 0.0908628 0.1022192 0.1017721 0.1114380 0.1615856 0.0926509 0.1200832 0.0852503 0.1251921 0.1275732 0.0906080 0.0676976 0.0715150 0.0987408 0.1007119 0.0967858 0.1027691 0.0973808 0.1538962 0.1342615 0.1075466 0.1028866 0.1062020 0.1166479 0.0777870 0.0824243 0.0612003 0.1013624 0.1233141 0.1193580 0.0617554 0.0786157 0.1170813 0.1091890 0.1298980 0.1045927 0.1159778 0.1164428 0.0637728 0.1019536 0.0704725 0.1018217 0.1034831 0.1128499 0.1087950 0.2100353 0.1144773 0.1184682 0.1050156 0.0854084 0.0968017 0.1547099 0.1246266 0.1114455 0.1949279 0.1195770 0.1677513 0.1035415 0.1537551 0.1195691 0.1328823 0.1152364 0.0998307 0.1196824 0.0984506 0.1742962 0.1155755 0.1112502 0.1253420 0.0969495 0.1244080 0.0751848 0.0672991 0.0899824 0.0979726 0.1060947 0.1304789 0.1171934 0.1056998 0.1304965 0.1345309 0.1318530 0.0607859 0.1179748 0.1129223 0.1143589 0.0704972 0.0782612 0.1240324 0.0727323 0.0787758 0.1100512 0.1103337 0.1060809 0.0956788 0.1103437 0.0990630 0.1004426 0.1271306 0.0846380 0.1197970 0.1043030 0.0696401 0.1133788 0.0829132 0.1190731 0.1072018 0.0795237 0.1152114 0.1098861 0.1089383 0.1092134 0.1013042 0.1181682 0.0942767 0.1046532 0.1011333 0.0798345 
S0196sl    0.1199850 0.0000000 0.0713309 0.0928659 0.1126748 0.0912148 0.0770937 0.1018106 0.1774256 0.1733460 0.0845074 0.0874780 0.1134310 0.0678019 0.0843123 0.0670157 0.1080309 0.1026444 0.1338621 0.1084781 0.1177427 0.0603100 0.1397751 0.0599701 0.0107194 0.1256222 0.0950412 0.0911680 0.0756650 0.0769381 0.1278781 0.1073225 0.0532514 0.1312730 0.1050531 0.0947175 0.0825719 0.0716209 0.1020012 0.1263523 0.0536687 0.0833459 0.1009993 0.1047343 0.0890863 0.0941667 0.1211701 0.0133911 0.1157448 0.0106363 0.0163279 0.1216095 0.0468614 0.1006827 0.0872778 0.0676883 0.0687714 0.0682200 0.0620692 0.0953817 0.0947277 0.1071829 0.1750594 0.0975206 0.1782658 0.0405751 0.1099216 0.0967948 0.0954527 0.1012895 0.1006041 0.0973144 0.0079445 0.1116135 0.1010828 0.1075573 0.0916545 0.1178234 0.1103462 0.0554512 0.1081568 0.1674292 0.0615617 0.0702347 0.0807129 0.0836359 0.0761648 0.1045509 0.0905393 0.0885168 0.1128254 0.0906567 0.0827429 0.1163269 0.1118794 0.1157548 0.1080674 0.1265197 0.0548124 0.1031454 0.0956879 0.0812876 0.1479468 0.0162598 0.0680258 0.0406576 0.0786864 0.1330145 0.1064386 0.0850397 0.1195743 0.0541127 0.1090211 0.0939955 0.1769969 0.1043420 0.1005438 0.1000612 0.0837937 0.1066298 0.0764476 0.0845692 0.0723003 0.0817745 0.1422170 0.0400349 
S0278      0.1126684 0.0713309 0.0000000 0.1039540 0.1032019 0.1004165 0.0460288 0.1169839 0.1606757 0.1858155 0.0425784 0.0811354 0.1261371 0.0518044 0.0793137 0.0425000 0.0961268 0.1044983 0.1153504 0.1104992 0.1151898 0.0454566 0.1514304 0.0375473 0.0687699 0.1151816 0.0807816 0.1003665 0.0716825 0.0890388 0.1399075 0.0946226 0.0328680 0.1209712 0.1031656 0.0683554 0.0762347 0.0793055 0.1099329 0.1233400 0.0931955 0.0775736 0.1202234 0.1545737 0.0825211 0.0968684 0.1154984 0.0715222 0.1133322 0.0681748 0.0692258 0.1208834 0.0856858 0.1129219 0.0976923 0.0713734 0.0594177 0.0858227 0.0466271 0.1135438 0.1097261 0.1160224 0.1825968 0.1155847 0.3150222 0.0681920 0.1266426 0.1046450 0.1056104 0.0975064 0.0958111 0.1052951 0.0650853 0.1294199 0.1046801 0.1151959 0.0985815 0.1073805 0.1078308 0.0667180 0.1098097 0.1508350 0.0536721 0.0682930 0.0900496 0.0611418 0.0208788 0.1081096 0.0996929 0.0978600 0.1216314 0.0903439 0.0816252 0.1281108 0.1133763 0.0902605 0.1194912 0.1344207 0.0582614 0.1063160 0.1148396 0.0616303 0.1417962 0.0719775 0.0519524 0.0715969 0.0792411 0.1296768 0.1199405 0.0842801 0.1137512 0.0429552 0.1036106 0.0962848 0.1853429 0.1059572 0.0912435 0.0785278 0.0841726 0.1068822 0.0945455 0.1036655 0.0929060 0.0845492 0.1305398 0.0600956 
S0281      0.1622336 0.0928659 0.1039540 0.0000000 0.1605606 0.1299915 0.1135725 0.1261758 0.2193964 0.2388301 0.1194346 0.1134994 0.1462704 0.1083305 0.1176379 0.1323683 0.1323323 0.1307497 0.1429004 0.1606975 0.1707426 0.1198884 0.1675894 0.1133075 0.0994840 0.1426470 0.1588093 0.1221126 0.1217704 0.1164389 0.1826255 0.1469587 0.0824752 0.1682920 0.1605002 0.1436958 0.1349858 0.1319448 0.1444743 0.1759012 0.0980168 0.1148149 0.1989035 0.1591001 0.1155077 0.1500850 0.1699606 0.0992281 0.1474080 0.0985428 0.0968856 0.1333960 0.0902928 0.1980215 0.1341388 0.1326787 0.1137253 0.1258728 0.1031305 0.1458077 0.1346227 0.1339198 0.2072859 0.1377006 0.3015932 0.0760924 0.2288564 0.1425016 0.1556618 0.1274839 0.1324948 0.1905819 0.0950924 0.2491702 0.1394424 0.1496680 0.1433091 0.1479245 0.1146906 0.1077722 0.1596290 0.1846665 0.1013099 0.1180390 0.1199408 0.1162354 0.0983312 0.1532049 0.1197961 0.1200869 0.1818272 0.1297271 0.0951912 0.1340850 0.1636439 0.1246018 0.1190951 0.1640922 0.1016513 0.1168013 0.1202920 0.1138938 0.1761020 0.1062660 0.1296257 0.0761136 0.1318338 0.1912403 0.1258621 0.1142818 0.1680910 0.0937301 0.1710723 0.1340962 0.2259369 0.1578547 0.0905894 0.1131407 0.1366308 0.1378742 0.1308298 0.1417947 0.1304629 0.1142817 0.1554967 0.0938449 
S0282      0.0676339 0.1126748 0.1032019 0.1605606 0.0000000 0.1487959 0.0894255 0.1264306 0.0502863 0.0874550 0.0987119 0.1276694 0.1539130 0.0841090 0.1268167 0.0823666 0.1203390 0.1518322 0.0861703 0.0150590 0.0205650 0.0900499 0.0984222 0.0949598 0.1031350 0.0888653 0.1342654 0.1487197 0.1034594 0.1137850 0.1002860 0.1481490 0.0892465 0.0369646 0.0099447 0.0997740 0.1117371 0.1272911 0.0853522 0.0178431 0.1294305 0.1254824 0.1450660 0.1202028 0.1299916 0.1071315 0.0178115 0.1059397 0.0175417 0.1021839 0.1038514 0.1372726 0.1121125 0.2023306 0.1301819 0.1263351 0.0934673 0.0888321 0.0880672 0.1544922 0.1322379 0.1336091 0.2103188 0.1424342 0.1328360 0.0974581 0.1634731 0.1249664 0.1313643 0.1283213 0.1374980 0.1287594 0.0988104 0.1743791 0.1304802 0.0984461 0.1272534 0.0866157 0.1507471 0.0686904 0.0149821 0.0557303 0.1007782 0.1136785 0.1424096 0.1132193 0.0946776 0.1290127 0.1485804 0.1463925 0.0228875 0.1337746 0.1008728 0.1285768 0.0175460 0.0389059 0.1388760 0.0563879 0.0865531 0.1286807 0.1319936 0.1107438 0.0536861 0.1065189 0.0903374 0.1013239 0.1352001 0.0283130 0.1444423 0.0974287 0.0233959 0.1012683 0.0436868 0.1139580 0.0699965 0.0951337 0.1235843 0.1127849 0.1241790 0.1165329 0.1120415 0.1119217 0.1094218 0.0977531 0.0922109 0.0687447 
S0288      0.1343309 0.0912148 0.1004165 0.1299915 0.1487959 0.0000000 0.0979659 0.1176620 0.2047199 0.2112229 0.1104931 0.0340564 0.0687770 0.0955693 0.0256024 0.1193956 0.1001572 0.0230156 0.1363428 0.1489174 0.1542788 0.0877674 0.1773186 0.1117078 0.0805979 0.1361186 0.1293547 0.0048837 0.0923880 0.0878284 0.1498023 0.0855238 0.0797070 0.1682447 0.1410778 0.1188863 0.1185950 0.1082644 0.1171370 0.1630790 0.0951160 0.0371142 0.1626470 0.1785220 0.0345944 0.1318156 0.1575771 0.0804253 0.1516972 0.0798932 0.0876802 0.1329819 0.0837350 0.1532617 0.1016093 0.1039475 0.0946083 0.0794039 0.0970915 0.0318006 0.1082316 0.1089255 0.1775245 0.1071205 0.3048234 0.0861244 0.1997034 0.1258761 0.1167970 0.1004665 0.0983817 0.1510396 0.0767483 0.1883854 0.1116072 0.1156066 0.1130077 0.1247608 0.1263657 0.0879784 0.1479728 0.1591020 0.0878608 0.0958089 0.0100218 0.1099145 0.0959655 0.0655274 0.0099271 0.0024526 0.1607999 0.0978035 0.0975056 0.1401050 0.1517550 0.1286840 0.1254644 0.1245461 0.0881148 0.1198153 0.1228735 0.1111404 0.1766160 0.0906423 0.0958844 0.0832039 0.1081755 0.1656598 0.1479000 0.1062825 0.1649022 0.0950275 0.1431192 0.1018991 0.2047067 0.1177402 0.1231908 0.0902161 0.1129990 0.1159476 0.0840784 0.1338816 0.0960843 0.1066260 0.1482543 0.0611303 
S0289      0.1057676 0.0770937 0.0460288 0.1135725 0.0894255 0.0979659 0.0000000 0.1007763 0.1389711 0.1715602 0.0458451 0.0877523 0.1048528 0.0369797 0.0948650 0.0426846 0.0933693 0.0998519 0.1042433 0.0962919 0.1005819 0.0393465 0.1271512 0.0377000 0.0709248 0.1041086 0.0624453 0.0979183 0.0489781 0.0948751 0.1200236 0.1028022 0.0388807 0.1053252 0.0893982 0.0614137 0.0624575 0.0783665 0.1018324 0.1082037 0.1005800 0.0808945 0.1187254 0.1421606 0.0960291 0.0920815 0.1008661 0.0736458 0.0990438 0.0703162 0.0713904 0.1267737 0.0887583 0.0850469 0.0922317 0.0714382 0.0320564 0.0748610 0.0461122 0.1036594 0.1156729 0.1148713 0.1842790 0.1179579 0.2845567 0.0748572 0.1472621 0.1033601 0.1039361 0.1049006 0.1077807 0.1039960 0.0672489 0.1555318 0.1105259 0.1014356 0.1002397 0.1108961 0.1064998 0.0472974 0.0957154 0.1296493 0.0504274 0.0644070 0.0920223 0.0592003 0.0411524 0.1020387 0.0972782 0.0954593 0.1067651 0.0994366 0.0827623 0.1109676 0.0990807 0.0705297 0.1176983 0.1174199 0.0543734 0.0977246 0.0985603 0.0341767 0.1246678 0.0741107 0.0427112 0.0783576 0.0850332 0.1143009 0.1107612 0.0832713 0.1023151 0.0420417 0.0834118 0.0684028 0.1532032 0.0941673 0.1001450 0.0769972 0.0831891 0.1093151 0.0787779 0.1074584 0.0856968 0.0835342 0.1259739 0.0462692 
S0292      0.1124991 0.1018106 0.1169839 0.1261758 0.1264306 0.1176620 0.1007763 0.0000000 0.1865633 0.1971173 0.1118450 0.1105334 0.1440270 0.1010576 0.1146587 0.0836821 0.1038559 0.1186137 0.1232296 0.1227852 0.1277562 0.0941645 0.1458876 0.0956942 0.0907149 0.1267566 0.1314116 0.1176025 0.1021578 0.0596253 0.1401907 0.1307560 0.0795918 0.1411085 0.1151866 0.1192866 0.1134136 0.1011884 0.1161409 0.1362324 0.1005998 0.0983728 0.1448323 0.0973327 0.1161823 0.1249691 0.1140163 0.0934687 0.1293909 0.0899064 0.0949158 0.1037778 0.0962339 0.1398799 0.1299442 0.1017104 0.1022435 0.0745111 0.1027013 0.1335233 0.0888158 0.0714608 0.1441355 0.0811075 0.2229990 0.1025161 0.1417904 0.1439481 0.1468209 0.0711314 0.0898304 0.1436300 0.0866773 0.1384754 0.0886917 0.1028236 0.1426422 0.1196974 0.0545789 0.1303142 0.1220044 0.1545540 0.0777148 0.0890578 0.1187041 0.1107078 0.1114621 0.1344199 0.1175025 0.1189909 0.1343125 0.1334574 0.1000802 0.0315513 0.1256895 0.1456307 0.0515184 0.1085567 0.0913735 0.0312648 0.0176233 0.1039164 0.1476920 0.1010654 0.1027322 0.1028862 0.1084370 0.1426714 0.0592871 0.0648921 0.1417695 0.0978571 0.1260922 0.1075771 0.1628911 0.1122203 0.1059102 0.0932501 0.1059703 0.0719896 0.0926825 0.1389335 0.0879185 0.0650941 0.1163788 0.0693511 
S0293      0.0908628 0.1774256 0.1606757 0.2193964 0.0502863 0.2047199 0.1389711 0.1865633 0.0000000 0.1262636 0.1503672 0.1777218 0.2079657 0.1333073 0.1794862 0.1341198 0.1570996 0.1996556 0.1275574 0.0442490 0.0574406 0.1439058 0.1276149 0.1504227 0.1651398 0.1227673 0.1383587 0.1998350 0.1593546 0.1666629 0.1318469 0.1940649 0.1380703 0.0732056 0.0443030 0.1521071 0.1658399 0.1896064 0.1113522 0.0602818 0.1873420 0.1757360 0.1741242 0.1951998 0.1810857 0.1555221 0.0539380 0.1645429 0.0530221 0.1553112 0.1663737 0.1782817 0.1746974 0.3238472 0.1835003 0.1793287 0.1415624 0.1398107 0.1423453 0.2090542 0.1879679 0.1833780 0.2120844 0.2042104 0.2140983 0.1489177 0.2359243 0.1727115 0.1797062 0.1791441 0.1994470 0.1651780 0.1594357 0.2398411 0.1899244 0.1526133 0.1749744 0.1218584 0.2152883 0.0904304 0.0440027 0.0915956 0.1531756 0.1619811 0.1925945 0.1651274 0.1429711 0.1690205 0.2044179 0.2024867 0.0528200 0.1875329 0.1544812 0.1899765 0.0469358 0.0325322 0.2013988 0.0905401 0.1279408 0.1739992 0.1937866 0.1564402 0.0829994 0.1604071 0.1443926 0.1535875 0.1806266 0.0660387 0.2098677 0.1457297 0.0443116 0.1493541 0.0856642 0.1733225 0.0863870 0.1359890 0.1722258 0.1486082 0.1710320 0.1738558 0.1683418 0.1593646 0.1739933 0.1462603 0.1342255 0.1158429 
S0294      0.1022192 0.1733460 0.1858155 0.2388301 0.0874550 0.2112229 0.1715602 0.1971173 0.1262636 0.0000000 0.1719743 0.1827513 0.2282809 0.1358091 0.1905782 0.1522164 0.1796991 0.2213481 0.1258996 0.0805850 0.0926761 0.1674167 0.1256225 0.1720027 0.1614019 0.1324546 0.1987656 0.2165448 0.1671453 0.1590383 0.1435156 0.2017160 0.1417912 0.0979003 0.0806905 0.1576117 0.1778431 0.1812577 0.1111357 0.0992615 0.2032765 0.1901173 0.1703344 0.1561549 0.1911860 0.1623643 0.0867999 0.1643381 0.0835720 0.1597363 0.1626132 0.1727115 0.1896976 0.2703985 0.1911968 0.1913294 0.1505558 0.1451578 0.1407474 0.2157277 0.1881419 0.1927420 0.2635343 0.1915501 0.0970449 0.1752950 0.1928475 0.1751324 0.2168913 0.1901831 0.1812835 0.1650739 0.1557443 0.2052611 0.1776018 0.1651230 0.2117034 0.1278929 0.2075243 0.1254109 0.0801045 0.1066764 0.1717202 0.1788167 0.2041676 0.1767123 0.1699229 0.1885389 0.2163394 0.2078953 0.0842147 0.1885314 0.1705483 0.1964074 0.0833946 0.1370544 0.2024274 0.0856712 0.1370887 0.1922793 0.1953829 0.1686067 0.1049477 0.1532044 0.1641586 0.1717043 0.1811032 0.1012109 0.2027365 0.1630243 0.0899542 0.1684563 0.0999896 0.1857277 0.1428505 0.1420059 0.1790867 0.1581779 0.1822842 0.1861995 0.1743413 0.1578999 0.1835460 0.1636287 0.1401638 0.1207115 
S0299      0.1017721 0.0845074 0.0425784 0.1194346 0.0987119 0.1104931 0.0458451 0.1118450 0.1503672 0.1719743 0.0000000 0.0883404 0.1201044 0.0456725 0.1002707 0.0327528 0.1010767 0.1075668 0.1049555 0.1058880 0.1104596 0.0510311 0.1452936 0.0427285 0.0776599 0.1048190 0.0864783 0.1104376 0.0617176 0.0816497 0.1062645 0.1006058 0.0409708 0.1173831 0.0986785 0.0541677 0.0747925 0.0780401 0.0851353 0.1184609 0.1011493 0.0814285 0.1182203 0.1317775 0.0966905 0.0959679 0.1064406 0.0804013 0.1087025 0.0769824 0.0740018 0.1156537 0.0933626 0.0908561 0.0969417 0.0702659 0.0557646 0.0783153 0.0523526 0.1166850 0.1018223 0.1109364 0.1722479 0.1041670 0.3028015 0.0752520 0.1317728 0.1000810 0.1047906 0.0977865 0.1004433 0.1077268 0.0738508 0.1396431 0.0969979 0.1070402 0.1010591 0.1220881 0.1101867 0.0750197 0.1052341 0.1279080 0.0498727 0.0672356 0.1043609 0.0611345 0.0288258 0.1146790 0.1055053 0.1079730 0.1168356 0.0931242 0.0878210 0.1151434 0.1016513 0.0852943 0.1142212 0.1134378 0.0608726 0.0944076 0.1096878 0.0604261 0.1306321 0.0809176 0.0576799 0.0723049 0.0779777 0.1247390 0.1146168 0.0771223 0.1123911 0.0542706 0.0950117 0.0856848 0.1682351 0.0820046 0.1004712 0.0807971 0.0729273 0.1054946 0.0936874 0.1080713 0.0897486 0.0773647 0.1322775 0.0691201 
S0303      0.1114380 0.0874780 0.0811354 0.1134994 0.1276694 0.0340564 0.0877523 0.1105334 0.1777218 0.1827513 0.0883404 0.0000000 0.0880890 0.0753151 0.0230107 0.1023846 0.0998388 0.0315006 0.1209999 0.1353110 0.1404529 0.0875758 0.1671887 0.0892829 0.0836689 0.1208209 0.1328501 0.0340434 0.0914467 0.0945611 0.1402489 0.0908490 0.0652474 0.1540573 0.1276207 0.1040477 0.1202602 0.1070933 0.0964188 0.1490588 0.0949038 0.0099697 0.1563105 0.1649267 0.0100209 0.1355452 0.1360510 0.0834859 0.1305860 0.0829353 0.0908071 0.1361152 0.0841296 0.1888371 0.0934968 0.1028426 0.0833811 0.0824551 0.0764869 0.0492018 0.1152770 0.1228668 0.1752740 0.1106049 0.2685567 0.0763981 0.1975526 0.1296062 0.1151047 0.1025559 0.1036521 0.1449881 0.0797747 0.2148765 0.1186969 0.1243110 0.1113810 0.1105474 0.1227963 0.0660969 0.1344540 0.1451641 0.0869580 0.0948225 0.0287861 0.0893792 0.0765679 0.0814019 0.0371034 0.0343859 0.1469712 0.0898380 0.0892707 0.1286434 0.1381737 0.1056562 0.1176306 0.1185553 0.0903122 0.1071932 0.1155831 0.0953425 0.1660957 0.0937733 0.0956685 0.0735214 0.1070063 0.1554546 0.1401159 0.1029514 0.1428407 0.0815556 0.1332695 0.1014180 0.1889976 0.0964567 0.1089382 0.0866885 0.1117845 0.1195440 0.0872074 0.1411589 0.0995655 0.1032829 0.1399581 0.0644693 
S0308      0.1615856 0.1134310 0.1261371 0.1462704 0.1539130 0.0687770 0.1048528 0.1440270 0.2079657 0.2282809 0.1201044 0.0880890 0.0000000 0.1136298 0.0755811 0.1239497 0.1017933 0.0865770 0.1351035 0.1536453 0.1679172 0.1050414 0.1728049 0.1306403 0.1092595 0.1348788 0.1424474 0.0687455 0.1214659 0.0953580 0.1629770 0.1173786 0.1001480 0.1742139 0.1538533 0.1332105 0.1288531 0.1337858 0.1342710 0.1612566 0.1069124 0.0822523 0.1682904 0.1805257 0.0896094 0.1507752 0.1713356 0.1089629 0.1649877 0.1082185 0.1010326 0.1372851 0.0914939 0.1577096 0.1110189 0.1289583 0.0964521 0.0898180 0.1155268 0.0658998 0.1207939 0.1216223 0.1928557 0.1268679 0.3319736 0.1092848 0.2128475 0.1402309 0.1269168 0.1196744 0.1251094 0.1596911 0.1047158 0.2135127 0.1248511 0.1244803 0.1229573 0.1470102 0.1446920 0.0999402 0.1526422 0.1609193 0.1072971 0.1199249 0.0659339 0.1205008 0.1258344 0.0778723 0.0719163 0.0695016 0.1746815 0.1070245 0.1169697 0.1695937 0.1565585 0.1480112 0.1527059 0.1420562 0.0950405 0.1401607 0.1500879 0.1230558 0.1742656 0.1049262 0.1140302 0.1061951 0.1257185 0.1798563 0.1737207 0.1032907 0.1787918 0.1202776 0.1571150 0.1153571 0.2229930 0.1419356 0.1363725 0.0916645 0.1308433 0.1232416 0.1094779 0.1412405 0.1121924 0.1036354 0.1497037 0.0735580 
S0320      0.0926509 0.0678019 0.0518044 0.1083305 0.0841090 0.0955693 0.0369797 0.1010576 0.1333073 0.1358091 0.0456725 0.0753151 0.1136298 0.0000000 0.0857462 0.0486812 0.1047329 0.1008867 0.0985496 0.0909839 0.0952338 0.0308234 0.1216521 0.0492380 0.0623718 0.0984282 0.0793501 0.0952116 0.0592199 0.0926803 0.1066670 0.1052059 0.0184653 0.1037742 0.0840844 0.0400930 0.0633750 0.0688090 0.0993127 0.1028491 0.0885442 0.0752098 0.1166143 0.1571996 0.0834306 0.0898603 0.0955145 0.0651117 0.0869711 0.0618391 0.0627809 0.1144682 0.0768057 0.1003767 0.0735920 0.0682712 0.0263489 0.0790569 0.0152006 0.1012408 0.1132107 0.1149041 0.1676363 0.1194722 0.2097656 0.0697993 0.1357386 0.0942232 0.0982021 0.1062501 0.1092027 0.1018095 0.0588019 0.1533576 0.1084409 0.1059547 0.0945220 0.0957687 0.1152814 0.0468407 0.0904345 0.1240541 0.0471413 0.0583593 0.0895870 0.0346170 0.0440011 0.0959264 0.0948955 0.0930340 0.1014706 0.0800481 0.0905220 0.1112662 0.0938074 0.0636916 0.1103906 0.0912305 0.0582849 0.0980033 0.0988421 0.0402615 0.1266847 0.0720081 0.0339702 0.0668425 0.0753047 0.1090036 0.1035546 0.0878133 0.0965754 0.0393304 0.0811160 0.0497693 0.1341222 0.0882538 0.1052392 0.0877198 0.0672952 0.1147298 0.0945929 0.1052882 0.0870123 0.0880952 0.1276429 0.0503163 
S0322      0.1200832 0.0843123 0.0793137 0.1176379 0.1268167 0.0256024 0.0948650 0.1146587 0.1794862 0.1905782 0.1002707 0.0230107 0.0755811 0.0857462 0.0000000 0.1118453 0.0870491 0.0342792 0.1149474 0.1343917 0.1394794 0.0913411 0.1576811 0.1051578 0.0810345 0.1220173 0.1297161 0.0255932 0.0999859 0.0847803 0.1318531 0.0925039 0.0730910 0.1529537 0.1267690 0.1155962 0.1229397 0.1124555 0.1055626 0.1402356 0.0953730 0.0205145 0.1511625 0.1659515 0.0233662 0.1324981 0.1351202 0.0808598 0.1297133 0.0803229 0.0881534 0.1296310 0.0839589 0.1867000 0.0917204 0.1080544 0.0913392 0.0798288 0.0871031 0.0406530 0.1050769 0.1127537 0.1737345 0.1108704 0.2698660 0.0767615 0.1945564 0.1225557 0.1135621 0.1027915 0.0940197 0.1397785 0.0771631 0.1915816 0.1084379 0.1122577 0.1097968 0.1131085 0.1159652 0.0665920 0.1335472 0.1441459 0.0917995 0.0997678 0.0204583 0.1051526 0.0844545 0.0720762 0.0312217 0.0258449 0.1459486 0.0880276 0.0784424 0.1331206 0.1372347 0.1054988 0.1261244 0.1252141 0.0922585 0.1131292 0.1198206 0.1078985 0.1648597 0.0911278 0.0995941 0.0738710 0.1123629 0.1543528 0.1405094 0.0964849 0.1418363 0.0852631 0.1286071 0.1126439 0.1968097 0.1003825 0.1022674 0.0774027 0.1171756 0.1127369 0.0845331 0.1311260 0.0966046 0.0967943 0.1337673 0.0583976 
S0327      0.0852503 0.0670157 0.0425000 0.1323683 0.0823666 0.1193956 0.0426846 0.0836821 0.1341198 0.1522164 0.0327528 0.1023846 0.1239497 0.0486812 0.1118453 0.0000000 0.1144281 0.1200972 0.1056883 0.0860311 0.0904339 0.0391382 0.1274763 0.0361112 0.0586562 0.1056545 0.0593658 0.1193310 0.0552888 0.0844822 0.1303970 0.0941437 0.0431092 0.0829507 0.0788222 0.0520978 0.0723935 0.0667529 0.0889747 0.0949340 0.0818062 0.0947106 0.0963342 0.1407432 0.1113871 0.0943626 0.0943828 0.0615021 0.0925636 0.0581387 0.0622804 0.1100885 0.0810970 0.0921788 0.0929215 0.0589209 0.0628754 0.0659120 0.0526251 0.1169275 0.0989675 0.1039642 0.1789855 0.1006012 0.2650728 0.0771183 0.1108648 0.0928505 0.0968517 0.0951347 0.1011307 0.0846780 0.0550076 0.1209841 0.0964723 0.0868297 0.0929864 0.1033409 0.1151460 0.0459254 0.0854843 0.1131135 0.0406686 0.0557677 0.1165799 0.0594799 0.0334335 0.1086676 0.1184505 0.1167287 0.0932962 0.0964098 0.1058274 0.1178313 0.0890147 0.0722584 0.1210615 0.1018564 0.0535801 0.1035566 0.0958277 0.0580466 0.1069510 0.0588490 0.0457971 0.0773801 0.0736174 0.1048908 0.1055209 0.0832903 0.1033993 0.0579587 0.0833257 0.0816766 0.1491277 0.0812882 0.1165809 0.0953690 0.0586274 0.0907958 0.0846936 0.1028483 0.0628783 0.0835724 0.1213205 0.0463110 
S0335      0.1251921 0.1080309 0.0961268 0.1323323 0.1203390 0.1001572 0.0933693 0.1038559 0.1570996 0.1796991 0.1010767 0.0998388 0.1017933 0.1047329 0.0870491 0.1144281 0.0000000 0.1057760 0.0855104 0.1204400 0.1252942 0.0967489 0.1334920 0.1002148 0.0989591 0.0920957 0.1241007 0.1001089 0.1123209 0.0683461 0.1259200 0.1339989 0.0919512 0.1383695 0.1129880 0.1125523 0.1196433 0.1128512 0.0897537 0.1336010 0.1063224 0.0890013 0.1350847 0.1307622 0.0981912 0.1173635 0.1137240 0.0987142 0.1232542 0.0980555 0.0949245 0.1197534 0.0974218 0.1495899 0.1398638 0.1085513 0.0997402 0.0853092 0.0994653 0.1054772 0.0877721 0.0966550 0.1488062 0.0934774 0.2481142 0.0936160 0.1253049 0.1256998 0.1603762 0.0872813 0.1036922 0.1240794 0.0947265 0.1330848 0.0844047 0.0735397 0.1561082 0.1052732 0.0950423 0.0983551 0.1196866 0.1403795 0.0960036 0.1072555 0.0975100 0.1182814 0.1019792 0.1071505 0.0994583 0.1012339 0.1242531 0.1355261 0.0651500 0.1141668 0.1233026 0.1308659 0.1137088 0.1186021 0.0774701 0.0970956 0.1016651 0.1101809 0.1403358 0.1024361 0.1050808 0.0973063 0.1127605 0.1319637 0.1250612 0.0642268 0.1351458 0.0776622 0.1156128 0.1169298 0.1752470 0.1058079 0.0687331 0.0230531 0.1245057 0.0913001 0.0962251 0.1364504 0.1079391 0.0644247 0.0868635 0.0692096 
S0355      0.1275732 0.1026444 0.1044983 0.1307497 0.1518322 0.0230156 0.0998519 0.1186137 0.1996556 0.2213481 0.1075668 0.0315006 0.0865770 0.1008867 0.0342792 0.1200972 0.1057760 0.0000000 0.1391005 0.1599179 0.1655862 0.0996466 0.1936720 0.1159666 0.0908810 0.1465711 0.1434526 0.0230075 0.1037589 0.0952825 0.1648109 0.0860184 0.0802673 0.1801751 0.1517740 0.1249922 0.1306594 0.1203828 0.1219711 0.1747511 0.1024773 0.0318269 0.1717376 0.1943086 0.0376609 0.1441734 0.1608203 0.0906703 0.1547799 0.0868130 0.0982331 0.1451796 0.0913835 0.1830763 0.1057711 0.1158404 0.0993785 0.0830634 0.1025279 0.0501507 0.1161694 0.1166341 0.1788572 0.1184592 0.3226506 0.0898535 0.2245853 0.1306399 0.1285325 0.1116182 0.1058476 0.1598962 0.0868374 0.2124994 0.1196167 0.1291266 0.1246093 0.1389130 0.1237535 0.0821993 0.1588794 0.1623986 0.0993377 0.1073068 0.0288845 0.1106861 0.1037177 0.0764804 0.0258674 0.0232337 0.1722588 0.1018939 0.1065814 0.1373757 0.1628005 0.1223160 0.1261937 0.1426131 0.0993549 0.1171264 0.1238738 0.1153747 0.1846324 0.1012423 0.1083024 0.0869070 0.1202835 0.1773410 0.1530714 0.1175118 0.1638462 0.1003029 0.1580011 0.1145089 0.2132714 0.1112423 0.1278252 0.0989433 0.1177979 0.1204763 0.0878646 0.1500412 0.1003380 0.1178979 0.1592171 0.0680871 
S0376      0.0906080 0.1338621 0.1153504 0.1429004 0.0861703 0.1363428 0.1042433 0.1232296 0.1275574 0.1258996 0.1049555 0.1209999 0.1351035 0.0985496 0.1149474 0.1056883 0.0855104 0.1391005 0.0000000 0.0862465 0.0859156 0.1116654 0.0864125 0.1045612 0.1135170 0.0282357 0.1433214 0.1362732 0.1152420 0.0808689 0.1060834 0.1437270 0.0994971 0.0914142 0.0795168 0.1171102 0.1375318 0.1494672 0.0969595 0.0945408 0.1246894 0.1188170 0.1466213 0.0875980 0.1231580 0.1131853 0.0820229 0.1250292 0.0889966 0.1210256 0.1177261 0.1209575 0.1315035 0.2230499 0.1470082 0.1405107 0.1178147 0.0850383 0.0991780 0.1391632 0.1130004 0.1084705 0.1697986 0.1117918 0.1856266 0.1233270 0.1915382 0.1235749 0.1730102 0.0966500 0.0977093 0.1414482 0.1174761 0.1972667 0.1092433 0.1160110 0.1685325 0.0803154 0.1162055 0.0751308 0.0857349 0.0936218 0.1155085 0.1349750 0.1300462 0.1229532 0.1104465 0.1285276 0.1327372 0.1339004 0.0964770 0.1425009 0.0962090 0.1328586 0.0890291 0.0854602 0.1161452 0.0724036 0.0935978 0.1161296 0.1286255 0.1299896 0.0927280 0.1259106 0.1118764 0.1201103 0.1493440 0.1038124 0.1328449 0.0932421 0.0988973 0.1084123 0.0768682 0.1249463 0.1266143 0.0997207 0.1003457 0.0787948 0.1343556 0.1047440 0.1114431 0.1353211 0.1336911 0.0935498 0.0392932 0.0725564 
S0400      0.0676976 0.1084781 0.1104992 0.1606975 0.0150590 0.1489174 0.0962919 0.1227852 0.0442490 0.0805850 0.1058880 0.1353110 0.1536453 0.0909839 0.1343917 0.0860311 0.1204400 0.1599179 0.0862465 0.0000000 0.0153061 0.0901290 0.0777935 0.0950433 0.1032223 0.0790685 0.1343783 0.1488411 0.1035471 0.1029675 0.0932417 0.1482711 0.0965885 0.0314454 0.0049352 0.1070359 0.1045301 0.1198388 0.0818209 0.0126490 0.1333740 0.1331629 0.1290897 0.1070310 0.1377802 0.1002518 0.0178300 0.1060284 0.0124380 0.1022699 0.1039398 0.1297290 0.1231620 0.1858095 0.1302915 0.1189440 0.1006668 0.0822765 0.0950403 0.1546211 0.1248277 0.1261096 0.2010887 0.1349358 0.1131911 0.0975427 0.1479455 0.1326143 0.1238194 0.1209893 0.1299515 0.1212009 0.0988942 0.1583579 0.1231799 0.0950551 0.1197805 0.0763421 0.1472468 0.0688277 0.0000021 0.0556527 0.0937414 0.1065421 0.1381747 0.1208466 0.0947634 0.1291209 0.1487014 0.1460867 0.0176695 0.1338873 0.1082114 0.1251551 0.0024414 0.0330758 0.1312619 0.0443178 0.0797260 0.1213295 0.1247531 0.1181875 0.0445719 0.0994284 0.0904168 0.1014114 0.1197381 0.0229932 0.1285865 0.0866960 0.0180217 0.1013559 0.0379347 0.1140552 0.0604920 0.0952173 0.1236896 0.1128804 0.1169197 0.1093938 0.1050002 0.0907306 0.1047335 0.0869804 0.0757907 0.0625315 
S0405      0.0715150 0.1177427 0.1151898 0.1707426 0.0205650 0.1542788 0.1005819 0.1277562 0.0574406 0.0926761 0.1104596 0.1404529 0.1679172 0.0952338 0.1394794 0.0904339 0.1252942 0.1655862 0.0859156 0.0153061 0.0000000 0.0943261 0.0873489 0.1065263 0.1028371 0.0819944 0.1395825 0.1502939 0.0992100 0.1112438 0.1047688 0.1536974 0.1011847 0.0376174 0.0101053 0.1116731 0.1127631 0.1324831 0.0897912 0.0235329 0.1328828 0.1383116 0.1348377 0.1412938 0.1430440 0.1046253 0.0234885 0.1104693 0.0231234 0.1066304 0.1083953 0.1348226 0.1280451 0.2307298 0.1432719 0.1314742 0.1014771 0.0862815 0.0993865 0.1602452 0.1297835 0.1311380 0.2036509 0.1400492 0.1610900 0.1090293 0.1718600 0.1377362 0.1366646 0.1258556 0.1350495 0.1222454 0.1031935 0.1834716 0.1243323 0.0994095 0.1324607 0.0871865 0.1564149 0.0535590 0.0152269 0.0620097 0.1054164 0.1185126 0.1478001 0.1258482 0.1066089 0.1242460 0.1501513 0.1479509 0.0232721 0.1469743 0.1129088 0.1338457 0.0178345 0.0327115 0.1364185 0.0476110 0.0909128 0.1339539 0.1334049 0.1230432 0.0508029 0.1110830 0.0946307 0.1130723 0.1405612 0.0260469 0.1419401 0.0948687 0.0263943 0.1129958 0.0444891 0.1188190 0.0637902 0.0995740 0.1287019 0.1175731 0.1292039 0.1140213 0.1095221 0.1094038 0.1141444 0.0951868 0.0852719 0.0661568 
S0407sl    0.0987408 0.0603100 0.0454566 0.1198884 0.0900499 0.0877674 0.0393465 0.0941645 0.1439058 0.1674167 0.0510311 0.0875758 0.1050414 0.0308234 0.0913411 0.0391382 0.0967489 0.0996466 0.1116654 0.0901290 0.0943261 0.0000000 0.1201429 0.0429187 0.0495816 0.0974580 0.0657237 0.0877255 0.0648180 0.0851413 0.1164325 0.1007044 0.0212194 0.1027639 0.0833023 0.0398363 0.0595957 0.0625313 0.0983574 0.1018559 0.0840832 0.0807328 0.1082777 0.1456987 0.0890777 0.0957372 0.1015734 0.0522721 0.0997281 0.0491731 0.0498969 0.1096624 0.0726641 0.0740951 0.0792231 0.0552964 0.0376517 0.0655632 0.0312490 0.0999946 0.1055022 0.1152196 0.1750422 0.1113080 0.2486919 0.0689780 0.1133267 0.1001820 0.0798799 0.0983840 0.1010678 0.0938851 0.0462626 0.1209166 0.1005880 0.0947331 0.0764298 0.0912665 0.1033350 0.0598125 0.0895899 0.1303746 0.0412277 0.0523458 0.0885075 0.0403717 0.0406353 0.0950015 0.0806686 0.0852415 0.1005038 0.0823900 0.0861412 0.1076530 0.0929278 0.0831479 0.1070917 0.0937705 0.0483906 0.0945620 0.0919057 0.0461204 0.1177501 0.0587659 0.0049249 0.0724261 0.0689183 0.1009232 0.1038746 0.0741431 0.1030400 0.0334455 0.0836790 0.0621759 0.1372428 0.0834737 0.1041973 0.0866855 0.0674523 0.0996152 0.0733864 0.1042420 0.0629577 0.0743757 0.1190151 0.0409303 
S0412sl    0.1007119 0.1397751 0.1514304 0.1675894 0.0984222 0.1773186 0.1271512 0.1458876 0.1276149 0.1256225 0.1452936 0.1671887 0.1728049 0.1216521 0.1576811 0.1274763 0.1334920 0.1936720 0.0864125 0.0777935 0.0873489 0.1201429 0.0000000 0.1339761 0.1395227 0.0731423 0.1591508 0.1772288 0.1273067 0.1085274 0.1131587 0.1884221 0.1230039 0.0966430 0.0846205 0.1378575 0.1546898 0.1561977 0.1069891 0.0931182 0.1569841 0.1584459 0.1278526 0.0695700 0.1702717 0.1485329 0.0939775 0.1423831 0.0943629 0.1381528 0.1405335 0.1406664 0.1459022 0.2244106 0.1498936 0.1430380 0.1438957 0.1157467 0.1299414 0.1787858 0.1341062 0.1355682 0.2015534 0.1289740 0.1963017 0.1418082 0.1971739 0.1538782 0.1635108 0.1201849 0.1310175 0.1342869 0.1344404 0.1960419 0.1342967 0.1144965 0.1590789 0.1019257 0.1395119 0.0756583 0.0773287 0.0998347 0.1330430 0.1490480 0.1660643 0.1465128 0.1295297 0.1608306 0.1775795 0.1750284 0.0951018 0.1535997 0.1132835 0.1486618 0.0806137 0.0848189 0.1569306 0.0798753 0.1067128 0.1447319 0.1404059 0.1305257 0.0915027 0.1354068 0.1258466 0.1426979 0.1480200 0.1025411 0.1335959 0.0987099 0.1044502 0.1168387 0.0819508 0.1469823 0.1211635 0.1117056 0.1132448 0.1297612 0.1440907 0.1251085 0.1454266 0.1366601 0.1397856 0.0990334 0.0930447 0.1022329 
S0417      0.0967858 0.0599701 0.0375473 0.1133075 0.0949598 0.1117078 0.0377000 0.0956942 0.1504227 0.1720027 0.0427285 0.0892829 0.1306403 0.0492380 0.1051578 0.0361112 0.1002148 0.1159666 0.1045612 0.0950433 0.1065263 0.0429187 0.1339761 0.0000000 0.0583860 0.1044256 0.0836933 0.1116511 0.0585570 0.0896414 0.1200642 0.1092435 0.0390200 0.1154486 0.0949288 0.0657312 0.0564973 0.0735652 0.0962738 0.1071296 0.0949779 0.0889296 0.1115635 0.1220998 0.0977436 0.0957362 0.0974482 0.0610823 0.0978460 0.0578980 0.0587614 0.1201816 0.0872925 0.1003550 0.0984982 0.0657827 0.0506557 0.0714586 0.0440278 0.1254486 0.1104709 0.1113439 0.1839433 0.1058161 0.2745733 0.0630663 0.1342919 0.0984256 0.1064896 0.0881056 0.0973377 0.1064180 0.0549306 0.1456592 0.1053812 0.1120667 0.1026933 0.1055988 0.0966833 0.0608492 0.0944644 0.1409410 0.0481049 0.0627097 0.1055123 0.0563632 0.0324962 0.1236818 0.1108823 0.1091679 0.1128560 0.1018511 0.0820390 0.1021879 0.0978830 0.0845602 0.1049437 0.1096919 0.0450214 0.0895626 0.0903084 0.0590248 0.1359678 0.0614574 0.0493772 0.0664676 0.0802747 0.1206484 0.0967213 0.0881204 0.1083875 0.0373132 0.0994788 0.0983895 0.1614912 0.0999258 0.0985695 0.0861760 0.0785109 0.0989887 0.0794733 0.0972629 0.0788473 0.0884043 0.1117873 0.0533074 
S0419      0.1027691 0.0107194 0.0687699 0.0994840 0.1031350 0.0805979 0.0709248 0.0907149 0.1651398 0.1614019 0.0776599 0.0836689 0.1092595 0.0623718 0.0810345 0.0586562 0.0989591 0.0908810 0.1135170 0.1032223 0.1028371 0.0495816 0.1395227 0.0583860 0.0000000 0.1063311 0.0905049 0.0805603 0.0728647 0.0680650 0.1206038 0.0916178 0.0489569 0.1197847 0.0962201 0.0800755 0.0725981 0.0627245 0.0899980 0.1108882 0.0438110 0.0769454 0.0960182 0.1183357 0.0850909 0.0832368 0.1107833 0.0074036 0.1059728 0.0049018 0.0100171 0.1079668 0.0439340 0.1064732 0.0853794 0.0592140 0.0600844 0.0569902 0.0570608 0.0971068 0.0840465 0.0992179 0.1514948 0.0866640 0.2313341 0.0374922 0.1158960 0.0855610 0.0930647 0.0900690 0.0926939 0.0895215 0.0024419 0.1176742 0.0863311 0.0955038 0.0894901 0.1042579 0.0981273 0.0467349 0.1026008 0.1484192 0.0506993 0.0585289 0.0812684 0.0701696 0.0734385 0.0890200 0.0800573 0.0780739 0.1067977 0.0885694 0.0801513 0.1035977 0.1060126 0.0976411 0.0961936 0.1037558 0.0505075 0.0955741 0.0885051 0.0747023 0.1397434 0.0125358 0.0563762 0.0404840 0.0691377 0.1215182 0.0984788 0.0794328 0.1167177 0.0528923 0.0998210 0.0795102 0.1523649 0.0888826 0.0958921 0.0917534 0.0739261 0.0947526 0.0641894 0.0845523 0.0605759 0.0796807 0.1208156 0.0342542 
S0427      0.0973808 0.1256222 0.1151816 0.1426470 0.0888653 0.1361186 0.1041086 0.1267566 0.1227673 0.1324546 0.1048190 0.1208209 0.1348788 0.0984282 0.1220173 0.1056545 0.0920957 0.1465711 0.0282357 0.0790685 0.0819944 0.0974580 0.0731423 0.1044256 0.1063311 0.0000000 0.1352622 0.1360493 0.1079491 0.0915320 0.1018407 0.1434759 0.1031286 0.0839590 0.0756915 0.1166344 0.1296562 0.1413737 0.0998457 0.0904141 0.1285942 0.1186424 0.1506751 0.0811590 0.1229703 0.1090034 0.0846976 0.1176010 0.0916751 0.1136859 0.1104317 0.1207737 0.1275479 0.2346605 0.1467473 0.1251069 0.1183778 0.0849519 0.0990545 0.1389264 0.1128404 0.1155057 0.1742063 0.1188437 0.2011820 0.1231384 0.1947004 0.1266841 0.1644642 0.1036956 0.1119685 0.1455293 0.1101978 0.2183715 0.1090944 0.1122454 0.1600819 0.0731749 0.1307803 0.0671703 0.0818270 0.0963275 0.1117534 0.1272680 0.1298391 0.1198336 0.1102882 0.1283222 0.1325236 0.1300016 0.0923733 0.1422548 0.1031964 0.1403145 0.0850702 0.0774737 0.1232948 0.0624592 0.0900459 0.1232796 0.1322165 0.1222359 0.0851030 0.1184208 0.1025315 0.1199303 0.1335593 0.0927538 0.1326213 0.0931356 0.1016417 0.1012114 0.0666452 0.1175164 0.1144559 0.0885215 0.1074123 0.0787216 0.1304176 0.1117154 0.1112890 0.1275756 0.1293529 0.0934423 0.0422678 0.0724955 
S0428sl    0.1538962 0.0950412 0.0807816 0.1588093 0.1342654 0.1293547 0.0624453 0.1314116 0.1383587 0.1987656 0.0864783 0.1328501 0.1424474 0.0793501 0.1297161 0.0593658 0.1241007 0.1434526 0.1433214 0.1343783 0.1395825 0.0657237 0.1591508 0.0836933 0.0905049 0.1352622 0.0000000 0.1252981 0.0903135 0.1184382 0.1740164 0.1204801 0.0699027 0.1400724 0.1265835 0.0977809 0.0955912 0.1017436 0.1473307 0.1483055 0.1292717 0.1247498 0.1391551 0.1895364 0.1313613 0.1252335 0.1478175 0.0933366 0.1449871 0.0896758 0.0948222 0.1555305 0.1193337 0.1005895 0.1318429 0.0981030 0.0812994 0.0987365 0.0840830 0.1285537 0.1372912 0.1429807 0.1681129 0.1440289 0.3352554 0.1070393 0.1432693 0.1440490 0.1332653 0.1373833 0.1411168 0.1194111 0.0863569 0.1535348 0.1334806 0.1201928 0.1290906 0.1405243 0.1475281 0.0916231 0.1335150 0.1819077 0.0785737 0.0934922 0.1229404 0.1001070 0.0719615 0.1185565 0.1283578 0.1268258 0.1383721 0.1354802 0.1205533 0.1603252 0.1372857 0.0770813 0.1540088 0.1506746 0.0732988 0.1440640 0.1414321 0.0765777 0.1729869 0.0939670 0.0731361 0.1111072 0.1090219 0.1547963 0.1496911 0.1054971 0.1423580 0.0825117 0.1275940 0.0998679 0.1731895 0.1275541 0.1405176 0.1056610 0.1033396 0.1364424 0.1192979 0.1386733 0.1144389 0.1058542 0.1514684 0.0670124 
S0430      0.1342615 0.0911680 0.1003665 0.1221126 0.1487197 0.0048837 0.0979183 0.1176025 0.1998350 0.2165448 0.1104376 0.0340434 0.0687455 0.0952116 0.0255932 0.1193310 0.1001089 0.0230075 0.1362732 0.1488411 0.1502939 0.0877255 0.1772288 0.1116511 0.0805603 0.1360493 0.1252981 0.0000000 0.0994003 0.0877865 0.1536901 0.0820413 0.0796675 0.1681578 0.1410056 0.1188257 0.1185331 0.1156853 0.1170748 0.1629949 0.0950697 0.0370998 0.1625631 0.1878278 0.0345810 0.1317488 0.1574962 0.0803879 0.1516199 0.0798563 0.0876384 0.1329139 0.0836958 0.1616224 0.1015595 0.1112436 0.0945611 0.0793674 0.0970433 0.0348031 0.1078245 0.1088714 0.1728159 0.1070683 0.3166110 0.0860842 0.2093867 0.1258117 0.1167383 0.1004178 0.0983337 0.1509612 0.0767131 0.1977075 0.1046301 0.1155491 0.1129512 0.1246974 0.1263024 0.0804111 0.1478974 0.1590199 0.0949517 0.1028883 0.0100186 0.1098580 0.0959169 0.0622753 0.0049196 0.0000024 0.1607177 0.0977560 0.0974584 0.1400317 0.1516777 0.1134819 0.1254005 0.1244814 0.0882919 0.1197536 0.1228104 0.1110842 0.1765236 0.0905991 0.0958374 0.0831652 0.1155903 0.1655751 0.1478229 0.1062311 0.1642263 0.0949814 0.1430451 0.1018490 0.1998026 0.1176808 0.1231291 0.0901733 0.1203681 0.1158897 0.0840388 0.1338127 0.0960371 0.1065743 0.1481784 0.0611036 
S0478      0.1075466 0.0756650 0.0716825 0.1217704 0.1034594 0.0923880 0.0489781 0.1021578 0.1593546 0.1671453 0.0617176 0.0914467 0.1214659 0.0592199 0.0999859 0.0552888 0.1123209 0.1037589 0.1152420 0.1035471 0.0992100 0.0648180 0.1273067 0.0585570 0.0728647 0.1079491 0.0903135 0.0994003 0.0000000 0.0844940 0.1312501 0.1063102 0.0616436 0.1128771 0.0965227 0.0899944 0.0688806 0.0717500 0.1087917 0.1157635 0.1075781 0.0807309 0.1225844 0.1292456 0.0998744 0.0801465 0.1154286 0.0755463 0.1063042 0.0722468 0.0733369 0.1275786 0.0996731 0.1007586 0.1070102 0.0649943 0.0630866 0.0737076 0.0634376 0.1010849 0.1011868 0.1113236 0.1668037 0.1106173 0.2672889 0.0911517 0.1229441 0.0961632 0.1150859 0.0977737 0.1042939 0.1110004 0.0692116 0.1335127 0.1033538 0.1133938 0.1112663 0.1317014 0.1169755 0.0803806 0.1029220 0.1200225 0.0473240 0.0612015 0.0934144 0.0867441 0.0635491 0.0922502 0.0984655 0.0933952 0.1142118 0.1103575 0.1012425 0.1123423 0.1063442 0.1041522 0.1156560 0.1214633 0.0502665 0.1025792 0.0928930 0.0647534 0.1266342 0.0760176 0.0721079 0.0881586 0.0782813 0.1219014 0.1029045 0.0830235 0.1170920 0.0775911 0.0968911 0.0789980 0.1588250 0.0907994 0.1067678 0.0913479 0.0701696 0.1089556 0.0880101 0.0985527 0.0842501 0.0832837 0.1300268 0.0521818 
S0552sl    0.1028866 0.0769381 0.0890388 0.1164389 0.1137850 0.0878284 0.0948751 0.0596253 0.1666629 0.1590383 0.0816497 0.0945611 0.0953580 0.0926803 0.0847803 0.0844822 0.0683461 0.0952825 0.0808689 0.1029675 0.1112438 0.0851413 0.1085274 0.0896414 0.0680650 0.0915320 0.1184382 0.0877865 0.0844940 0.0000000 0.1183494 0.0940607 0.0823908 0.1276181 0.0993825 0.1050973 0.1097945 0.0929609 0.0840749 0.1192974 0.0820422 0.0837631 0.1008030 0.1042836 0.0996071 0.0855818 0.1144879 0.0707917 0.1167090 0.0674819 0.0718617 0.0501859 0.0780716 0.1408275 0.1200078 0.0889393 0.0972124 0.0432862 0.0943955 0.0938799 0.0126241 0.0266117 0.0558284 0.0152339 0.2696993 0.0769486 0.1313941 0.0998448 0.1361150 0.0288481 0.0296598 0.1015380 0.0644252 0.1100367 0.0260335 0.0715293 0.1321100 0.0915778 0.0492571 0.0760063 0.1023305 0.1292596 0.0734105 0.0846251 0.0845893 0.1124058 0.0877231 0.0844465 0.0877263 0.0887695 0.1139298 0.1086465 0.0689739 0.0803060 0.1058335 0.0855474 0.0704797 0.0906815 0.0615595 0.0697486 0.0665247 0.1097960 0.1329408 0.0680423 0.0890089 0.0740478 0.0894262 0.1256066 0.0706336 0.0393524 0.1243816 0.0889801 0.1142051 0.1026748 0.1523248 0.0811056 0.0746224 0.0682599 0.0908293 0.0291494 0.0655301 0.0865375 0.0761517 0.0394666 0.0879687 0.0504044 
S0558      0.1062020 0.1278781 0.1399075 0.1826255 0.1002860 0.1498023 0.1200236 0.1401907 0.1318469 0.1435156 0.1062645 0.1402489 0.1629770 0.1066670 0.1318531 0.1303970 0.1259200 0.1648109 0.1060834 0.0932417 0.1047688 0.1164325 0.1131587 0.1200642 0.1206038 0.1018407 0.1740164 0.1536901 0.1312501 0.1183494 0.0000000 0.1912357 0.1040658 0.1318228 0.0933638 0.1144510 0.1383682 0.1550854 0.0870187 0.1125307 0.1406493 0.1340518 0.1449647 0.0791283 0.1390026 0.1103053 0.0890898 0.1199615 0.1031435 0.1194675 0.1162130 0.1501566 0.1265103 0.1910010 0.1534082 0.1420065 0.1201415 0.1091274 0.1236719 0.1676531 0.1449987 0.1444998 0.2253826 0.1515750 0.1808769 0.1185219 0.1476185 0.1366401 0.1650246 0.1348509 0.1293154 0.1481470 0.1159689 0.1500355 0.1432781 0.1326440 0.1606257 0.1281814 0.1572087 0.1274819 0.0926825 0.0973453 0.1244845 0.1402130 0.1430784 0.1235354 0.1273267 0.1680745 0.1492343 0.1514126 0.1110182 0.1571344 0.1221154 0.1406930 0.0892638 0.1076646 0.1569497 0.0910304 0.0964477 0.1386393 0.1381787 0.1394967 0.1031378 0.1167671 0.1220606 0.1153516 0.1469543 0.1186895 0.1590920 0.1045786 0.0991869 0.1131300 0.1010685 0.1439754 0.1395333 0.0933770 0.1380373 0.1111586 0.1430689 0.1358124 0.1264078 0.1125838 0.1234541 0.1049311 0.1211721 0.0888093 
