133
S0055       0.0000000 0.0723344 0.1273681 0.0965298 0.0654696 0.1145638 0.1013858 0.0921448 0.0757433 0.0963757 0.1209993 0.1024719 0.1237963 0.1214192 0.1141429 0.1027306 0.1032922 0.1154247 0.0849253 0.0642628 0.0726313 0.1146877 0.0806828 0.0956021 0.0710435 0.0875888 0.1105044 0.1082995 0.1098261 0.1190917 0.0871399 0.1134615 0.1139409 0.1047706 0.0752763 0.0728273 0.1171906 0.0986006 0.1102718 0.0656928 0.0745155 0.0848267 0.1136165 0.1599127 0.0797504 0.1131481 0.1159806 0.0761111 0.1351365 0.0746586 0.0673949 0.0725762 0.0736687 0.1221609 0.0913096 0.1050385 0.1134638 0.1008189 0.0983744 0.0772099 0.1063889 0.0888140 0.1219565 0.1080036 0.1148094 0.1345072 0.0917992 0.0928779 0.1505097 0.0840734 0.0977703 0.1030678 0.1151217 0.1233439 0.1578656 0.0710125 0.1547939 0.1189908 0.1092516 0.1004754 0.0746034 0.0979253 0.1557609 0.0672972 0.0797292 0.0737760 0.1081311 0.1061595 0.1044170 0.1122485 0.1076681 0.1249321 0.1062842 0.1185462 0.1144010 0.0722345 0.1065403 0.1183607 0.1103020 0.0704299 0.0696587 0.0313255 0.1239850 0.0509986 0.1099982 0.0896293 0.1005902 0.1203435 0.0671639 0.0746183 0.1086357 0.0858064 0.1044167 0.0667399 0.0950417 0.0947587 0.0971263 0.0810436 0.1136682 0.0608330 0.1179688 0.0725338 0.0719273 0.1083893 0.1051806 0.1072801 0.0907101 0.0825177 0.1041161 0.0707799 0.0872449 0.0867073 0.0778535 
S0196sl     0.0723344 0.0000000 0.1124333 0.0708656 0.0686073 0.1077545 0.0827060 0.0816214 0.0821036 0.1033422 0.1106390 0.1074847 0.1071867 0.1127740 0.0946388 0.0714952 0.0892292 0.1096917 0.0826484 0.0687719 0.0798203 0.0952452 0.0778637 0.0799381 0.0121293 0.0879997 0.0992957 0.1050228 0.0955756 0.1120516 0.0875910 0.1026631 0.1065864 0.0858308 0.0882236 0.0769572 0.1007962 0.0956321 0.0956312 0.0717642 0.0767281 0.0495632 0.1096561 0.1507382 0.0786571 0.1073593 0.1047091 0.0792357 0.1203709 0.0127614 0.0722232 0.0109077 0.0134794 0.1171232 0.0563212 0.1028709 0.1023091 0.0791676 0.0991209 0.0607757 0.0923252 0.0750377 0.1130025 0.0991156 0.1128863 0.1215435 0.1062466 0.0620081 0.1470015 0.0704809 0.0843404 0.1009593 0.1077314 0.1164124 0.1503693 0.0108839 0.1418697 0.1088891 0.0852775 0.0880049 0.0878481 0.0879517 0.1451075 0.0706141 0.0830329 0.0692458 0.0928837 0.0915432 0.0821733 0.1020459 0.1094954 0.1087966 0.0906296 0.1119862 0.1094096 0.0730075 0.0976377 0.0963103 0.0940028 0.0724631 0.0701537 0.0760311 0.1127863 0.0577668 0.1073105 0.0729452 0.0898426 0.1005854 0.0715973 0.0127785 0.0875981 0.0574219 0.0879563 0.0729191 0.0649055 0.0757633 0.0693486 0.0827994 0.0959378 0.0725337 0.1092407 0.0811390 0.0719830 0.0876780 0.0778265 0.0870195 0.0791465 0.0596909 0.0890178 0.0465899 0.0607809 0.0845494 0.0603869 
S0278       0.1273681 0.1124333 0.0000000 0.1200648 0.1136022 0.1562203 0.0394200 0.1312320 0.1238731 0.1537596 0.1572655 0.1460331 0.0538392 0.1527533 0.0553901 0.1362911 0.1668016 0.1527805 0.1286146 0.1138495 0.1232004 0.0502097 0.1139761 0.0406758 0.1099992 0.1316064 0.0527699 0.1495448 0.0711039 0.1345002 0.1380080 0.1385593 0.1529104 0.0395030 0.1278248 0.1223455 0.0484095 0.0812661 0.0793532 0.1199538 0.1196690 0.1180006 0.1524993 0.1782603 0.1176371 0.1505070 0.1497319 0.1275811 0.1530038 0.1141381 0.1133820 0.1129964 0.1152128 0.1389100 0.1209413 0.0866062 0.1549693 0.0710179 0.0790660 0.1147674 0.0464208 0.1177729 0.1382713 0.1226885 0.1359113 0.1552115 0.1536337 0.1373147 0.1857893 0.1126070 0.1363624 0.1408031 0.1299599 0.1350083 0.1849862 0.1143264 0.1760582 0.1353208 0.1397059 0.1390701 0.1277666 0.1269176 0.1819345 0.1092920 0.1255224 0.1113875 0.0501547 0.0753816 0.0687394 0.1496450 0.0881740 0.0414464 0.1268000 0.1535125 0.1548229 0.1131792 0.1415077 0.1504872 0.1373006 0.1135491 0.1135510 0.1210106 0.1585749 0.1046434 0.0801700 0.1200374 0.1431508 0.0472903 0.1149203 0.1171375 0.0467181 0.1323649 0.0794803 0.1127039 0.1384450 0.1301222 0.1215141 0.1299228 0.0477506 0.1216710 0.0940823 0.1254011 0.1253727 0.1396204 0.1339344 0.0858488 0.1169020 0.1171705 0.1323718 0.1089063 0.1137096 0.1352042 0.1080307 
S0281       0.0965298 0.0708656 0.1200648 0.0000000 0.0919976 0.1222509 0.0965965 0.1051521 0.1039395 0.1386729 0.1188042 0.1155769 0.1148771 0.1225549 0.1062052 0.1001054 0.0833882 0.1111534 0.1025046 0.0938620 0.1010928 0.1130955 0.1127554 0.0996212 0.0714310 0.1103038 0.1212264 0.1145665 0.1164050 0.1150354 0.1078727 0.1166362 0.1125071 0.0976093 0.1022135 0.1022842 0.1121022 0.1091749 0.1205253 0.0922987 0.1034795 0.0765071 0.1150994 0.1731644 0.1045972 0.1124393 0.1285213 0.1088921 0.1264006 0.0738344 0.0960634 0.0731827 0.0717314 0.1182006 0.0822317 0.1125882 0.1265172 0.1079572 0.1037684 0.0965498 0.1007630 0.1002406 0.1135833 0.1095746 0.1150529 0.1253064 0.1483768 0.0758423 0.1627939 0.1068246 0.1138858 0.1156444 0.1165824 0.1198797 0.1734534 0.0737767 0.1706451 0.1183215 0.1062367 0.1120574 0.1136757 0.1043624 0.1737779 0.0909661 0.1027693 0.0843883 0.1107032 0.1164546 0.1052615 0.1130054 0.1228252 0.1220188 0.1099595 0.1262563 0.1221872 0.0922762 0.1227354 0.1066149 0.1148854 0.0948196 0.0962404 0.0928927 0.1239095 0.0829454 0.1167951 0.0958291 0.1133956 0.1155606 0.0943729 0.0738878 0.1125450 0.0707603 0.1154718 0.0927833 0.0765734 0.1003141 0.0955102 0.1116372 0.1082506 0.0973955 0.1134033 0.1084922 0.0943791 0.0940161 0.1000274 0.1148201 0.0919726 0.0972184 0.1213761 0.0768309 0.0861742 0.1108684 0.0950796 
S0282       0.0654696 0.0686073 0.1136022 0.0919976 0.0000000 0.1001190 0.0915238 0.0890375 0.0177938 0.0780390 0.1052409 0.0961061 0.1022248 0.1025427 0.1013926 0.0929686 0.0804632 0.0999195 0.0769028 0.0100343 0.0187401 0.0992780 0.0675382 0.0819649 0.0657671 0.0780149 0.0982817 0.0948711 0.0962839 0.1039849 0.0781148 0.0994323 0.0969908 0.0879119 0.0408372 0.0175892 0.1041831 0.0917643 0.0992786 0.0498543 0.0175974 0.0821750 0.0990281 0.1481210 0.0637426 0.0961609 0.1138682 0.0241927 0.1223774 0.0693081 0.0105549 0.0672627 0.0676093 0.1060949 0.0841768 0.0944981 0.0995800 0.0890429 0.0839760 0.0684746 0.0951907 0.0727100 0.1085741 0.0956345 0.1091404 0.1237700 0.0796773 0.0895679 0.1452793 0.0764399 0.0815861 0.0898178 0.1068774 0.1099977 0.1481880 0.0657388 0.1477075 0.1074723 0.0934305 0.0849037 0.0656020 0.0923954 0.1456360 0.0094133 0.0352696 0.0700525 0.0952907 0.0913043 0.0944737 0.0953190 0.1001519 0.1123679 0.0890901 0.1059050 0.1028198 0.0134999 0.0930073 0.1158535 0.1006465 0.0140136 0.0146269 0.0570118 0.1072747 0.0411503 0.1101128 0.0785685 0.0964754 0.1063917 0.0231365 0.0701396 0.0913311 0.0840341 0.0899652 0.0119619 0.0916963 0.0899061 0.0838624 0.0284351 0.0988888 0.0396652 0.1059571 0.0279938 0.0497324 0.0938453 0.0943424 0.0906941 0.0778813 0.0693938 0.0893418 0.0612111 0.0738367 0.0748946 0.0651405 
S0288       0.1145638 0.1077545 0.1562203 0.1222509 0.1001190 0.0000000 0.1254546 0.1283462 0.1115090 0.1392249 0.0230521 0.0762063 0.1387942 0.0209702 0.1419273 0.1193363 0.1050529 0.0216741 0.1117385 0.0979955 0.1087955 0.1365456 0.1126236 0.1265777 0.1000275 0.1172330 0.1296845 0.0074341 0.1293256 0.1423354 0.1252260 0.0955367 0.0170800 0.1239647 0.1198443 0.1098899 0.1524165 0.1323251 0.1461897 0.1035192 0.0992346 0.1171195 0.0202934 0.1929923 0.1080823 0.0151418 0.1387347 0.1105381 0.1480391 0.1035723 0.1023334 0.1010540 0.1041390 0.1430428 0.1207439 0.1391432 0.0900499 0.1269180 0.1131293 0.1062145 0.1299917 0.0573242 0.1388055 0.1351675 0.1404563 0.1543654 0.1461430 0.1162293 0.1890789 0.1180510 0.0791593 0.0940823 0.1387032 0.1401508 0.1888114 0.1016882 0.1897972 0.1389207 0.1227965 0.0832918 0.1200793 0.1368322 0.1885436 0.1006432 0.1117340 0.1010691 0.1385936 0.1309369 0.1245168 0.0099891 0.1332834 0.1482965 0.0900601 0.0105935 0.0118912 0.1021990 0.0828778 0.1322268 0.1405295 0.1020909 0.0965021 0.1057734 0.1489119 0.0881371 0.1338255 0.1136528 0.1346946 0.1476925 0.0998253 0.1055892 0.1388438 0.1147973 0.1336068 0.1011193 0.1167922 0.1273524 0.1170555 0.1191896 0.1416448 0.1057781 0.1500380 0.1133037 0.0993218 0.1124166 0.1151872 0.1375426 0.1217025 0.1078762 0.1336922 0.0956880 0.1060839 0.1149094 0.1013802 
S0289       0.1013858 0.0827060 0.0394200 0.0965965 0.0915238 0.1254546 0.0000000 0.1091007 0.1027378 0.1234058 0.1221124 0.1122047 0.0339950 0.1193127 0.0456912 0.1135557 0.1282454 0.1173426 0.1040100 0.0935366 0.0998414 0.0407629 0.0947774 0.0295713 0.0841235 0.1081122 0.0457703 0.1171767 0.0540687 0.1163104 0.1095351 0.1206101 0.1202902 0.0331135 0.1088814 0.1029530 0.0384006 0.0690731 0.0696378 0.1020118 0.0970134 0.0954733 0.1187929 0.1588532 0.0938997 0.1205958 0.1228190 0.1043693 0.1352430 0.0872181 0.0913664 0.0860553 0.0865057 0.1179048 0.1000340 0.0727522 0.1213620 0.0589458 0.0667332 0.0893538 0.0317099 0.0896039 0.1233411 0.1024204 0.1200499 0.1356427 0.1286539 0.1107780 0.1605050 0.0947653 0.1095462 0.1148753 0.1162352 0.1218577 0.1630085 0.0851117 0.1562989 0.1134275 0.1186081 0.1122007 0.1038570 0.1086876 0.1596386 0.0875562 0.1048918 0.0924647 0.0347597 0.0647890 0.0551078 0.1159757 0.0750860 0.0415370 0.1082151 0.1227505 0.1241067 0.0936442 0.1147725 0.1258535 0.1158279 0.0915563 0.0900468 0.0980720 0.1373136 0.0811468 0.0672536 0.0996877 0.1195932 0.0326119 0.0949221 0.0892056 0.0346785 0.1071125 0.0653474 0.0891800 0.1108419 0.1135098 0.1054632 0.1077053 0.0321960 0.0983031 0.0810861 0.1029870 0.0983946 0.1155213 0.1099465 0.0661206 0.0984791 0.0916932 0.1105516 0.0856902 0.0971811 0.1105478 0.0867289 
S0292       0.0921448 0.0816214 0.1312320 0.1051521 0.0890375 0.1283462 0.1091007 0.0000000 0.0938940 0.1149508 0.1310125 0.1079440 0.1308853 0.1311371 0.1300196 0.0816996 0.0796541 0.1258489 0.1033163 0.0878537 0.0977639 0.1221095 0.1026473 0.1069335 0.0779289 0.1131077 0.1185015 0.1216548 0.1154797 0.0883656 0.1033152 0.1185382 0.1255081 0.1129633 0.1046839 0.0955581 0.1239658 0.1113078 0.1116021 0.0846546 0.0965894 0.0921881 0.1276747 0.1640212 0.0975353 0.1220933 0.1123924 0.1030804 0.0937105 0.0808946 0.0895684 0.0775699 0.0765446 0.0919033 0.0973631 0.1150686 0.1124346 0.1022698 0.1076050 0.0755412 0.1188225 0.0900212 0.0904672 0.0803106 0.0827909 0.0924607 0.1192581 0.1065924 0.1666248 0.0916752 0.1036089 0.1161862 0.0885744 0.0936936 0.1674949 0.0788181 0.1629153 0.0855701 0.0921875 0.1039080 0.1062664 0.0483879 0.1616105 0.0901700 0.1056971 0.0666509 0.1221958 0.1095103 0.1046343 0.1222841 0.1096034 0.1337161 0.1027425 0.1317869 0.1276251 0.0892849 0.1095102 0.1048236 0.0210378 0.0936157 0.0911529 0.0914193 0.0639474 0.0765134 0.1218073 0.0177139 0.0215627 0.1218861 0.0911556 0.0790967 0.1162149 0.0999959 0.1063799 0.0937871 0.1080102 0.0434504 0.0717664 0.1039951 0.1188375 0.0906960 0.1272741 0.1016713 0.0890175 0.0965561 0.0848488 0.1053427 0.0717005 0.0768350 0.0990918 0.0878825 0.0649724 0.1109503 0.0737192 
S0293       0.0757433 0.0821036 0.1238731 0.1039395 0.0177938 0.1115090 0.1027378 0.0938940 0.0000000 0.0919838 0.1222731 0.1062897 0.1124239 0.1185633 0.1150672 0.1048839 0.1001943 0.1164345 0.0894196 0.0209345 0.0311260 0.1154171 0.0778433 0.0969818 0.0765774 0.0906638 0.1133106 0.1092615 0.1092326 0.1159142 0.0902321 0.1134768 0.1115914 0.0947478 0.0525792 0.0289429 0.1173625 0.1017470 0.1147916 0.0627236 0.0233353 0.0946137 0.1133927 0.1638709 0.0746635 0.1106743 0.1209912 0.0352441 0.1350709 0.0804036 0.0220903 0.0773441 0.0777686 0.1182660 0.0944709 0.1047572 0.1119360 0.1008811 0.0936285 0.0767102 0.1077002 0.0832641 0.1234859 0.1053881 0.1189706 0.1396564 0.0931243 0.1042200 0.1642085 0.0935469 0.0964043 0.1018993 0.1126344 0.1196613 0.1642768 0.0765469 0.1592515 0.1199442 0.1072107 0.1000010 0.0745195 0.1027878 0.1624096 0.0226744 0.0459135 0.0792876 0.1109051 0.1040548 0.1080628 0.1105896 0.1151585 0.1268125 0.1014673 0.1193221 0.1179977 0.0260406 0.1046539 0.1289643 0.1063951 0.0240277 0.0265641 0.0685251 0.1163910 0.0489092 0.1208920 0.0835065 0.1002552 0.1147630 0.0347961 0.0813211 0.1074963 0.0996301 0.1037556 0.0210738 0.1031462 0.1014888 0.0952661 0.0384634 0.1108094 0.0498080 0.1135972 0.0366827 0.0604452 0.1096819 0.1047601 0.1051917 0.0886381 0.0769790 0.1035062 0.0706216 0.0850890 0.0847352 0.0728175 
S0294       0.0963757 0.1033422 0.1537596 0.1386729 0.0780390 0.1392249 0.1234058 0.1149508 0.0919838 0.0000000 0.1466588 0.1294855 0.1505735 0.1446270 0.1448396 0.1280506 0.1329135 0.1390377 0.1023498 0.0790408 0.0860646 0.1449037 0.1069176 0.1273862 0.1007567 0.1077460 0.1375419 0.1342752 0.1347903 0.1387217 0.1141651 0.1489342 0.1387137 0.1240303 0.0847174 0.0833557 0.1451687 0.1349138 0.1438926 0.0836096 0.0898086 0.1168909 0.1405547 0.1805312 0.0969033 0.1377648 0.1482013 0.0878404 0.1580322 0.1062565 0.0800411 0.1040001 0.0992893 0.1379173 0.1198145 0.1394736 0.1351562 0.1268052 0.1306824 0.1012174 0.1327940 0.1093816 0.1467781 0.1263794 0.1409777 0.1594002 0.0574697 0.1192114 0.1754590 0.1114227 0.1136573 0.1363973 0.1364559 0.1428570 0.1819605 0.1022263 0.1740250 0.1351315 0.1328217 0.1180568 0.1066533 0.1234153 0.1735912 0.0785044 0.0943559 0.1020591 0.1399714 0.1311411 0.1327932 0.1362422 0.1392810 0.1509139 0.1333588 0.1406105 0.1397966 0.0829609 0.1272014 0.1486049 0.1301861 0.0847126 0.0818504 0.0913788 0.1402059 0.0733844 0.1425558 0.1117319 0.1244748 0.1471083 0.0782661 0.1057172 0.1325679 0.1157101 0.1326034 0.0824376 0.1243536 0.1215460 0.1217782 0.0881849 0.1363573 0.0783847 0.1442725 0.0840355 0.0887873 0.1337097 0.1269369 0.1366287 0.1153446 0.1067729 0.1206519 0.0974981 0.1105689 0.1039947 0.0997338 
S0303       0.1209993 0.1106390 0.1572655 0.1188042 0.1052409 0.0230521 0.1221124 0.1310125 0.1222731 0.1466588 0.0000000 0.0836421 0.1408960 0.0254355 0.1402556 0.1235486 0.1101539 0.0206395 0.1108456 0.1050328 0.1185046 0.1342172 0.1189804 0.1261414 0.1055090 0.1168425 0.1364250 0.0219784 0.1322644 0.1443491 0.1278153 0.1004447 0.0199887 0.1217773 0.1257988 0.1147308 0.1461858 0.1381920 0.1449304 0.1087208 0.1159411 0.1235660 0.0151995 0.1955086 0.1155440 0.0188255 0.1474712 0.1171764 0.1520863 0.1087478 0.1104740 0.1088809 0.1101725 0.1439393 0.1268214 0.1399444 0.1021690 0.1303507 0.1211956 0.1130676 0.1281970 0.0598541 0.1400025 0.1390291 0.1364831 0.1515072 0.1522223 0.1270104 0.1924307 0.1199047 0.0882083 0.0970659 0.1441481 0.1423293 0.1933017 0.1070742 0.1930162 0.1403269 0.1301479 0.0912003 0.1269040 0.1377440 0.1917130 0.1057039 0.1184772 0.1075565 0.1334080 0.1337244 0.1251911 0.0213449 0.1405041 0.1470321 0.0941612 0.0293604 0.0268797 0.1088705 0.0940379 0.1400373 0.1387811 0.1086532 0.1052103 0.1108300 0.1485329 0.0957061 0.1449161 0.1155754 0.1371948 0.1445815 0.1102642 0.1121845 0.1363024 0.1213560 0.1293445 0.1087660 0.1248898 0.1292056 0.1227044 0.1249489 0.1340599 0.1124279 0.1540182 0.1187735 0.1018374 0.1212157 0.1235144 0.1350285 0.1203996 0.1146022 0.1314651 0.1023155 0.1111875 0.1197508 0.1102275 
S0308       0.1024719 0.1074847 0.1460331 0.1155769 0.0961061 0.0762063 0.1122047 0.1079440 0.1062897 0.1294855 0.0836421 0.0000000 0.1337652 0.0813023 0.1300101 0.1200840 0.1086281 0.0768106 0.1147286 0.0973264 0.1051906 0.1298083 0.1083179 0.1174028 0.1044806 0.1198492 0.1172519 0.0726677 0.1208497 0.1173095 0.1178725 0.0951893 0.0754662 0.1169330 0.1109505 0.1055929 0.1334143 0.1238779 0.1269201 0.0960839 0.1033561 0.1138608 0.0753076 0.1742641 0.1090304 0.0705112 0.1345991 0.1043004 0.1389102 0.1069616 0.0966873 0.1013584 0.1027252 0.1283991 0.1158110 0.1297227 0.0912469 0.1131852 0.1131141 0.0928244 0.1228882 0.0464795 0.1254307 0.1107368 0.1204694 0.1326977 0.1327700 0.1141700 0.1726692 0.1062874 0.0808743 0.0846193 0.1301707 0.1384984 0.1781685 0.1011391 0.1688652 0.1212744 0.1223601 0.0834238 0.1126089 0.1086308 0.1696964 0.0965637 0.1111595 0.0893050 0.1248497 0.1209709 0.1134665 0.0730317 0.1272864 0.1400097 0.0837388 0.0807790 0.0771748 0.0965576 0.0855224 0.1327914 0.1193442 0.0970905 0.0938398 0.1007382 0.1262532 0.0842053 0.1194280 0.0941928 0.1168862 0.1266741 0.1008414 0.1046015 0.1303054 0.1079711 0.1143227 0.1033423 0.1129952 0.1122859 0.1181877 0.1148270 0.1273860 0.0961294 0.1389649 0.1043705 0.0991464 0.1201721 0.1196316 0.1219022 0.1011714 0.0941555 0.1179009 0.0931316 0.1075811 0.1171023 0.0912574 
S0320       0.1237963 0.1071867 0.0538392 0.1148771 0.1022248 0.1387942 0.0339950 0.1308853 0.1124239 0.1505735 0.1408960 0.1337652 0.0000000 0.1392134 0.0590774 0.1308656 0.1490385 0.1353233 0.1233921 0.1051811 0.1117286 0.0582191 0.1125043 0.0385216 0.1046274 0.1176092 0.0625786 0.1369961 0.0662982 0.1348213 0.1301580 0.1322152 0.1406136 0.0442625 0.1202756 0.1139544 0.0487559 0.0828428 0.0796287 0.1126914 0.1097110 0.1171976 0.1368617 0.1832258 0.1122050 0.1361813 0.1442968 0.1182937 0.1479324 0.1094304 0.1053730 0.1098516 0.1112560 0.1366315 0.1228794 0.0826768 0.1438229 0.0758558 0.0763031 0.1094467 0.0470298 0.1125407 0.1380895 0.1209588 0.1346186 0.1542696 0.1458596 0.1309778 0.1847104 0.1098396 0.1242656 0.1312123 0.1290970 0.1361693 0.1902486 0.1096097 0.1811523 0.1343341 0.1400037 0.1277431 0.1200957 0.1313369 0.1778732 0.0998965 0.1170097 0.1106800 0.0511469 0.0809670 0.0748021 0.1348071 0.0875270 0.0521198 0.1177922 0.1382559 0.1403929 0.1061708 0.1317733 0.1451299 0.1367290 0.1040053 0.1024379 0.1156637 0.1595377 0.0981497 0.0839307 0.1257677 0.1420405 0.0409893 0.1102788 0.1131903 0.0496884 0.1273359 0.0809076 0.1026398 0.1320027 0.1306216 0.1270485 0.1250352 0.0520473 0.1125891 0.0940848 0.1185502 0.1137026 0.1353086 0.1295604 0.0812004 0.1144652 0.1120371 0.1255953 0.1021209 0.1183316 0.1224797 0.1039599 
S0322       0.1214192 0.1127740 0.1527533 0.1225549 0.1025427 0.0209702 0.1193127 0.1311371 0.1185633 0.1446270 0.0254355 0.0813023 0.1392134 0.0000000 0.1380407 0.1265095 0.0964089 0.0206107 0.1125203 0.1023232 0.1141447 0.1331380 0.1160269 0.1245237 0.1090059 0.1177707 0.1332622 0.0171269 0.1252941 0.1387298 0.1242619 0.0988227 0.0242070 0.1200596 0.1205394 0.1108926 0.1445660 0.1324124 0.1437802 0.1082900 0.1115798 0.1213870 0.0175668 0.1920690 0.1135044 0.0218231 0.1471853 0.1130869 0.1488412 0.1106952 0.1061997 0.1108309 0.1121402 0.1411715 0.1238410 0.1383081 0.1007357 0.1236873 0.1147556 0.1095431 0.1276095 0.0585904 0.1373929 0.1320871 0.1387945 0.1503978 0.1477115 0.1213674 0.1886366 0.1134162 0.0848258 0.1009204 0.1456813 0.1450659 0.1917342 0.1105882 0.1868236 0.1379372 0.1288707 0.0885954 0.1248432 0.1343044 0.1882926 0.1045343 0.1148514 0.1046413 0.1338469 0.1311893 0.1227057 0.0171869 0.1304678 0.1441258 0.0970730 0.0261763 0.0243645 0.1061201 0.0933784 0.1396527 0.1409492 0.1059370 0.1025132 0.1130338 0.1469656 0.0952405 0.1388434 0.1165027 0.1320010 0.1425086 0.1035707 0.1125608 0.1363953 0.1158111 0.1297254 0.1047379 0.1192910 0.1313682 0.1208555 0.1216628 0.1324529 0.1089308 0.1549418 0.1123858 0.1058258 0.1198529 0.1228394 0.1292629 0.1160513 0.1111183 0.1291151 0.0995655 0.1109028 0.1187287 0.1051833 
S0327       0.1141429 0.0946388 0.0553901 0.1062052 0.1013926 0.1419273 0.0456912 0.1300196 0.1150672 0.1448396 0.1402556 0.1300101 0.0590774 0.1380407 0.0000000 0.1254201 0.1469413 0.1389058 0.1080757 0.1026486 0.1121298 0.0539717 0.1099790 0.0396756 0.0952872 0.1113662 0.0509353 0.1362816 0.0533001 0.1315516 0.1262045 0.1316544 0.1327971 0.0420695 0.1159975 0.1144923 0.0543270 0.0765767 0.0775399 0.1103902 0.1094223 0.1018186 0.1351958 0.1728545 0.1086416 0.1330040 0.1398334 0.1128334 0.1470680 0.0954030 0.1026678 0.0995487 0.1008563 0.1334859 0.1061211 0.0797954 0.1418389 0.0698571 0.0768035 0.1026578 0.0487907 0.1081054 0.1334998 0.1214550 0.1359905 0.1468874 0.1455479 0.1229337 0.1718625 0.1038073 0.1235515 0.1301539 0.1297143 0.1342916 0.1758798 0.0977992 0.1694017 0.1366622 0.1301380 0.1270250 0.1198612 0.1218823 0.1690536 0.0972826 0.1147620 0.1062961 0.0437522 0.0754800 0.0695148 0.1348429 0.0844527 0.0631434 0.1193374 0.1420684 0.1417443 0.1050569 0.1318809 0.1407959 0.1378358 0.1008918 0.0992385 0.1063749 0.1549146 0.0886574 0.0736443 0.1213786 0.1367476 0.0574395 0.1016349 0.1004178 0.0469212 0.1182511 0.0790249 0.0978471 0.1236190 0.1262587 0.1212897 0.1150942 0.0543485 0.1101218 0.0924812 0.1092929 0.1093505 0.1293865 0.1251714 0.0758510 0.1095626 0.1010458 0.1204656 0.0973584 0.1108384 0.1158164 0.0974879 
S0335       0.1027306 0.0714952 0.1362911 0.1001054 0.0929686 0.1193363 0.1135557 0.0816996 0.1048839 0.1280506 0.1235486 0.1200840 0.1308656 0.1265095 0.1254201 0.0000000 0.0611870 0.1176487 0.1151709 0.0932112 0.1032820 0.1224923 0.1104048 0.1100052 0.0745469 0.1132460 0.1299546 0.1159246 0.1215384 0.0927527 0.1096189 0.1212825 0.1216148 0.1209353 0.1101592 0.1056622 0.1260681 0.1141732 0.1157196 0.0955547 0.1005891 0.0957372 0.1194058 0.1860912 0.1058216 0.1198535 0.1264461 0.1041985 0.1009955 0.0789017 0.0973113 0.0763423 0.0751120 0.1008582 0.0994966 0.1118801 0.1231470 0.1061587 0.1041401 0.0839379 0.1271526 0.0960231 0.0978083 0.0943217 0.0934869 0.1071295 0.1275477 0.1049910 0.1832928 0.0917124 0.1092597 0.1181081 0.0967994 0.1009490 0.1908645 0.0747507 0.1841637 0.0990382 0.0700693 0.1133076 0.1117693 0.0802416 0.1766708 0.0956692 0.1078344 0.0749337 0.1243914 0.1153885 0.1124836 0.1181390 0.1187058 0.1318189 0.1050618 0.1258795 0.1188007 0.0956570 0.1151587 0.0745543 0.0913579 0.1000142 0.0935602 0.1008950 0.0982173 0.0819070 0.1249500 0.0727910 0.0894386 0.1231596 0.0980278 0.0786370 0.1207118 0.1009198 0.1173539 0.1022415 0.1074542 0.0743266 0.0534148 0.1086932 0.1285673 0.1002425 0.1256175 0.1067284 0.0891507 0.0642174 0.0277263 0.1114571 0.0820820 0.0846988 0.1013298 0.0862247 0.0458115 0.1135714 0.0829933 
S0345       0.1032922 0.0892292 0.1668016 0.0833882 0.0804632 0.1050529 0.1282454 0.0796541 0.1001943 0.1329135 0.1101539 0.1086281 0.1490385 0.0964089 0.1469413 0.0611870 0.0000000 0.1001961 0.0931616 0.0788494 0.0991605 0.1381499 0.0972353 0.1174303 0.0765913 0.1003691 0.1467893 0.0948474 0.1291412 0.0830747 0.1055434 0.1083504 0.0923246 0.1380225 0.1071782 0.1037275 0.1475501 0.1389653 0.1335081 0.0890284 0.0822075 0.0945370 0.0971604 0.1996152 0.0965770 0.0911925 0.1142111 0.0889614 0.0893109 0.0796313 0.0834152 0.0784190 0.0805051 0.0922779 0.1029688 0.1357340 0.1121830 0.1061695 0.1306555 0.0835311 0.1304270 0.0844075 0.0946591 0.0869983 0.0904421 0.0860175 0.1184793 0.1039858 0.2046710 0.0831295 0.0928952 0.1270836 0.0968819 0.1045407 0.2030450 0.0799109 0.2020265 0.0939384 0.0716724 0.0996685 0.0976498 0.0915957 0.1981205 0.0896367 0.0880710 0.0730118 0.1397448 0.1109209 0.1126231 0.0903929 0.1324800 0.1648947 0.0902122 0.1030281 0.0975061 0.0882054 0.1043661 0.0499508 0.0914494 0.0885977 0.0887557 0.1064380 0.0993605 0.0650361 0.1350370 0.0656282 0.0863510 0.1443543 0.0815394 0.0803528 0.1349333 0.0965687 0.1210239 0.0800282 0.1053016 0.0763111 0.0667726 0.1010057 0.1344546 0.0935196 0.1557890 0.0925621 0.1017454 0.0277766 0.0638191 0.1007392 0.0835844 0.0798918 0.0990440 0.0724922 0.0531129 0.1047573 0.0781473 
S0355       0.1154247 0.1096917 0.1527805 0.1111534 0.0999195 0.0216741 0.1173426 0.1258489 0.1164345 0.1390377 0.0206395 0.0768106 0.1353233 0.0206107 0.1389058 0.1176487 0.1001961 0.0000000 0.1113824 0.1012085 0.1114345 0.1314864 0.1165459 0.1236993 0.1048370 0.1155063 0.1342017 0.0171631 0.1272854 0.1391042 0.1230756 0.0984682 0.0218833 0.1200682 0.1201680 0.1090884 0.1398458 0.1343693 0.1415683 0.1066379 0.1104383 0.1195864 0.0164730 0.1930179 0.1123725 0.0195090 0.1467341 0.1119375 0.1497023 0.1096174 0.1050994 0.1063329 0.1076037 0.1432477 0.1211414 0.1348771 0.0966179 0.1261786 0.1160273 0.1084734 0.1259066 0.0523747 0.1380579 0.1340865 0.1366013 0.1503000 0.1471276 0.1190779 0.1890130 0.1124677 0.0853149 0.0962190 0.1417663 0.1399694 0.1908099 0.1045453 0.1886537 0.1378703 0.1285285 0.0883580 0.1207218 0.1324353 0.1892391 0.1019009 0.1144461 0.1030880 0.1309182 0.1320118 0.1251773 0.0189288 0.1375271 0.1449044 0.0925485 0.0262328 0.0231643 0.1019591 0.0893117 0.1340532 0.1346947 0.1040133 0.0983847 0.1085583 0.1452191 0.0928992 0.1410022 0.1120222 0.1319379 0.1416455 0.1037437 0.1096074 0.1355437 0.1135876 0.1292658 0.1046278 0.1170289 0.1260401 0.1200113 0.1212530 0.1323948 0.1086458 0.1503960 0.1155952 0.1000694 0.1161874 0.1195403 0.1321524 0.1196617 0.1092296 0.1307536 0.0985241 0.1096830 0.1175686 0.1018020 
S0376       0.0849253 0.0826484 0.1286146 0.1025046 0.0769028 0.1117385 0.1040100 0.1033163 0.0894196 0.1023498 0.1108456 0.1147286 0.1233921 0.1125203 0.1080757 0.1151709 0.0931616 0.1113824 0.0000000 0.0763470 0.0822670 0.1116313 0.0841026 0.0932428 0.0815606 0.0372177 0.1075515 0.1056791 0.1083859 0.1253549 0.0929800 0.1118412 0.1026956 0.0967011 0.0858523 0.0839865 0.1166044 0.1094558 0.1134917 0.0736738 0.0842803 0.0905829 0.1069223 0.1577640 0.0740696 0.1051922 0.1279051 0.0860807 0.1398508 0.0831042 0.0789043 0.0864255 0.0899310 0.1313109 0.0912483 0.1119037 0.1170320 0.1087864 0.1011969 0.0891069 0.1099479 0.0889227 0.1246118 0.1145454 0.1216014 0.1327653 0.1037763 0.0940821 0.1601273 0.1030715 0.0960232 0.1149578 0.1210846 0.1237905 0.1599994 0.0862401 0.1529534 0.1212873 0.1143511 0.1001977 0.0775214 0.1127102 0.1569102 0.0780823 0.0803536 0.0893483 0.1118507 0.1111117 0.1089552 0.1065300 0.1248521 0.1269563 0.1000098 0.1150869 0.1116061 0.0778266 0.1117587 0.1167483 0.1130235 0.0792507 0.0759772 0.0727793 0.1274797 0.0518126 0.1238240 0.0985601 0.1104517 0.1179648 0.0726813 0.0880455 0.1090297 0.0899363 0.1102001 0.0764369 0.0995090 0.1026632 0.1027999 0.0871864 0.1167637 0.0742070 0.1265205 0.0768037 0.0780924 0.0982774 0.1114806 0.1107990 0.0906081 0.0902415 0.1020544 0.0810627 0.0926476 0.0437501 0.0853242 
S0400       0.0642628 0.0687719 0.1138495 0.0938620 0.0100343 0.0979955 0.0935366 0.0878537 0.0209345 0.0790408 0.1050328 0.0973264 0.1051811 0.1023232 0.1026486 0.0932112 0.0788494 0.1012085 0.0763470 0.0000000 0.0205814 0.1028243 0.0677655 0.0852397 0.0658964 0.0798169 0.0988255 0.0930975 0.0967199 0.1035821 0.0791441 0.1006520 0.0959875 0.0900053 0.0442235 0.0182690 0.1062109 0.0929286 0.1012602 0.0506977 0.0194303 0.0816440 0.1003090 0.1488817 0.0653094 0.0951564 0.1103055 0.0254971 0.1227840 0.0680616 0.0117317 0.0673950 0.0677429 0.1064852 0.0836436 0.0964465 0.1006554 0.0893577 0.0859468 0.0693922 0.0971710 0.0721431 0.1106935 0.0959832 0.1095473 0.1241713 0.0825740 0.0897010 0.1441052 0.0757999 0.0826706 0.0925812 0.1064738 0.1104056 0.1505674 0.0672581 0.1482976 0.1062748 0.0930744 0.0860064 0.0665013 0.0927470 0.1470353 0.0134296 0.0354180 0.0716628 0.0995179 0.0923561 0.0955512 0.0950714 0.1021689 0.1118982 0.0894359 0.1041285 0.1002705 0.0152898 0.0916950 0.1117812 0.1002688 0.0140661 0.0146856 0.0571477 0.1084906 0.0419860 0.1050769 0.0780183 0.0968203 0.1091951 0.0220313 0.0702776 0.0948773 0.0841582 0.0918606 0.0120024 0.0918327 0.0908508 0.0816948 0.0285200 0.1002856 0.0423246 0.1064415 0.0317869 0.0512240 0.0940638 0.0938346 0.0925960 0.0774382 0.0703189 0.0879987 0.0628465 0.0717414 0.0752705 0.0653559 
S0405       0.0726313 0.0798203 0.1232004 0.1010928 0.0187401 0.1087955 0.0998414 0.0977639 0.0311260 0.0860646 0.1185046 0.1051906 0.1117286 0.1141447 0.1121298 0.1032820 0.0991605 0.1114345 0.0822670 0.0205814 0.0000000 0.1100383 0.0738921 0.0904156 0.0732033 0.0862935 0.1054781 0.1062158 0.1045493 0.1103093 0.0879511 0.1097167 0.1092235 0.0946920 0.0542087 0.0213593 0.1108219 0.1006366 0.1068320 0.0582176 0.0266769 0.0886162 0.1120542 0.1580193 0.0695219 0.1075975 0.1226555 0.0341813 0.1321862 0.0782617 0.0204637 0.0761610 0.0765633 0.1155463 0.0907004 0.1027334 0.1076903 0.0979684 0.0914073 0.0773212 0.1028081 0.0809872 0.1206715 0.1047309 0.1139030 0.1316226 0.0903875 0.0969406 0.1516764 0.0842837 0.0911793 0.0984925 0.1155501 0.1187492 0.1568741 0.0760043 0.1554566 0.1162035 0.0994829 0.0937324 0.0721771 0.1036244 0.1556561 0.0192726 0.0457186 0.0789666 0.1066057 0.1017455 0.1027586 0.1067284 0.1076406 0.1187947 0.0987706 0.1168605 0.1136777 0.0188239 0.1002417 0.1265842 0.1105045 0.0229058 0.0158031 0.0654242 0.1160086 0.0473217 0.1149158 0.0878382 0.1054078 0.1164897 0.0311645 0.0777094 0.1019835 0.0912435 0.0987988 0.0213833 0.0976084 0.0987621 0.0933704 0.0385785 0.1090440 0.0476019 0.1130111 0.0407431 0.0600007 0.1054834 0.1016107 0.0980479 0.0844668 0.0782934 0.0961761 0.0679116 0.0844435 0.0832623 0.0752957 
S0407sl     0.1146877 0.0952452 0.0502097 0.1130955 0.0992780 0.1365456 0.0407629 0.1221095 0.1154171 0.1449037 0.1342172 0.1298083 0.0582191 0.1331380 0.0539717 0.1224923 0.1381499 0.1314864 0.1116313 0.1028243 0.1100383 0.0000000 0.1067012 0.0310717 0.0957968 0.1160727 0.0431832 0.1285132 0.0652191 0.1349049 0.1345625 0.1275729 0.1337358 0.0369877 0.1172624 0.1147811 0.0512172 0.0866135 0.0750879 0.1127559 0.1073145 0.1095049 0.1324617 0.1746862 0.1066662 0.1340090 0.1389912 0.1133994 0.1486172 0.1005105 0.1005617 0.0993609 0.1007028 0.1363930 0.1142197 0.0882871 0.1420986 0.0701016 0.0829011 0.1049490 0.0422874 0.1040392 0.1384587 0.1133859 0.1323867 0.1497557 0.1465112 0.1258624 0.1754175 0.1063558 0.1242446 0.1262067 0.1299341 0.1345514 0.1714430 0.0991442 0.1709518 0.1256724 0.1307612 0.1271127 0.1133044 0.1199255 0.1680066 0.0966810 0.1183741 0.1053432 0.0387932 0.0736796 0.0662739 0.1287488 0.0956004 0.0559269 0.1117619 0.1364131 0.1339240 0.1029435 0.1270103 0.1388263 0.1271367 0.1000253 0.0999803 0.1126996 0.1452443 0.0923107 0.0734002 0.1109575 0.1320024 0.0525580 0.1063208 0.1026188 0.0299259 0.1210956 0.0702598 0.1007085 0.1257147 0.1160003 0.1115493 0.1191623 0.0453970 0.1043292 0.1015774 0.1151189 0.1097022 0.1300300 0.1235140 0.0748237 0.1088900 0.1048599 0.1205258 0.0949996 0.1028667 0.1225822 0.0981360 
S0412sl     0.0806828 0.0778637 0.1139761 0.1127554 0.0675382 0.1126236 0.0947774 0.1026473 0.0778433 0.1069176 0.1189804 0.1083179 0.1125043 0.1160269 0.1099790 0.1104048 0.0972353 0.1165459 0.0841026 0.0677655 0.0738921 0.1067012 0.0000000 0.0907761 0.0755330 0.0818916 0.1075701 0.1086857 0.1017696 0.1166691 0.0775766 0.1136572 0.1118429 0.0986796 0.0876020 0.0781656 0.1116983 0.1036088 0.1031333 0.0738316 0.0734858 0.0864169 0.1123826 0.1568372 0.0439870 0.1085748 0.1165933 0.0795167 0.1299840 0.0792068 0.0694402 0.0764105 0.0781721 0.1216798 0.0906924 0.1077106 0.1127544 0.0869387 0.0958031 0.0667397 0.1000242 0.0882780 0.1126305 0.1049664 0.1151146 0.1302378 0.1138587 0.0955065 0.1558810 0.0851158 0.0984406 0.1020768 0.1084079 0.1170140 0.1589587 0.0762525 0.1549625 0.1163943 0.1065663 0.1027198 0.0657156 0.1042004 0.1537790 0.0700567 0.0838535 0.0807676 0.1057574 0.0958385 0.0939569 0.1101986 0.1123874 0.1195601 0.1023347 0.1167593 0.1153164 0.0727779 0.1032692 0.1271570 0.1099091 0.0739866 0.0666649 0.0735086 0.1266754 0.0432808 0.1075415 0.0932678 0.1093104 0.1048052 0.0694897 0.0779464 0.1018646 0.0897903 0.0963117 0.0694886 0.0999972 0.1000435 0.0917949 0.0852598 0.1061987 0.0689066 0.1235064 0.0755763 0.0767126 0.0994181 0.1054791 0.0912580 0.0859174 0.0706635 0.0970770 0.0735465 0.0827612 0.0781749 0.0704673 
S0417       0.0956021 0.0799381 0.0406758 0.0996212 0.0819649 0.1265777 0.0295713 0.1069335 0.0969818 0.1273862 0.1261414 0.1174028 0.0385216 0.1245237 0.0396756 0.1100052 0.1174303 0.1236993 0.0932428 0.0852397 0.0904156 0.0310717 0.0907761 0.0000000 0.0800712 0.1021963 0.0384381 0.1203678 0.0445675 0.1161210 0.1133164 0.1116025 0.1234732 0.0239832 0.1010351 0.0949263 0.0335645 0.0659913 0.0582016 0.0919809 0.0901024 0.0955016 0.1223200 0.1547987 0.0875222 0.1220764 0.1183027 0.0950314 0.1311398 0.0845189 0.0832098 0.0833777 0.0853141 0.1165233 0.0974546 0.0694877 0.1212870 0.0507212 0.0644067 0.0844189 0.0284943 0.0905109 0.1192381 0.0990393 0.1186023 0.1303140 0.1211522 0.1053656 0.1563788 0.0855653 0.1063052 0.1139420 0.1163451 0.1223488 0.1519576 0.0832024 0.1491530 0.1110506 0.1153070 0.1089197 0.0982264 0.1056447 0.1510401 0.0781557 0.0970901 0.0890817 0.0303406 0.0562490 0.0491706 0.1201813 0.0733966 0.0422146 0.1004208 0.1260761 0.1252718 0.0853344 0.1097446 0.1298087 0.1128948 0.0833993 0.0841191 0.0926620 0.1341300 0.0767811 0.0659434 0.0986120 0.1156490 0.0378373 0.0899581 0.0864405 0.0236117 0.1012320 0.0563064 0.0814017 0.1078499 0.1025832 0.1021941 0.1020497 0.0333406 0.0874083 0.0815015 0.0974980 0.0946750 0.1135044 0.1058706 0.0626561 0.0926929 0.0842248 0.1002359 0.0794414 0.0909488 0.1052367 0.0806067 
S0419       0.0710435 0.0121293 0.1099992 0.0714310 0.0657671 0.1000275 0.0841235 0.0779289 0.0765774 0.1007567 0.1055090 0.1044806 0.1046274 0.1090059 0.0952872 0.0745469 0.0765913 0.1048370 0.0815606 0.0658964 0.0732033 0.0957968 0.0755330 0.0800712 0.0000000 0.0879211 0.0960070 0.0981457 0.0954441 0.1071434 0.0834659 0.1007277 0.1018289 0.0840048 0.0875157 0.0718103 0.1016422 0.0924955 0.0922497 0.0652425 0.0718741 0.0444587 0.1046509 0.1446840 0.0747849 0.1017608 0.0956715 0.0779086 0.1205906 0.0054885 0.0677016 0.0083323 0.0112181 0.1103428 0.0518671 0.0976864 0.0968679 0.0816367 0.0891416 0.0596420 0.0915763 0.0739645 0.1092479 0.0972376 0.1063804 0.1165030 0.1052763 0.0580319 0.1399404 0.0707123 0.0824968 0.1000185 0.1000031 0.1092985 0.1466700 0.0105719 0.1366147 0.1015436 0.0828772 0.0858533 0.0848717 0.0837777 0.1413462 0.0662512 0.0815381 0.0602535 0.0934825 0.0957218 0.0868821 0.1001897 0.1035638 0.1082569 0.0883303 0.1068899 0.1037910 0.0674980 0.0943586 0.0985989 0.0908079 0.0673040 0.0664903 0.0715005 0.1065440 0.0545098 0.1048827 0.0673308 0.0869360 0.1040237 0.0699963 0.0106057 0.0887300 0.0538608 0.0874212 0.0694862 0.0633863 0.0734340 0.0675208 0.0828598 0.0955167 0.0692990 0.1038551 0.0779326 0.0678112 0.0889479 0.0760757 0.0860533 0.0733438 0.0620743 0.0847781 0.0425585 0.0589032 0.0840735 0.0622743 
S0427       0.0875888 0.0879997 0.1316064 0.1103038 0.0780149 0.1172330 0.1081122 0.1131077 0.0906638 0.1077460 0.1168425 0.1198492 0.1176092 0.1177707 0.1113662 0.1132460 0.1003691 0.1155063 0.0372177 0.0798169 0.0862935 0.1160727 0.0818916 0.1021963 0.0879211 0.0000000 0.1159227 0.1098485 0.1116605 0.1345367 0.1008664 0.1156910 0.1131920 0.0969715 0.0900482 0.0879817 0.1170163 0.1095617 0.1156284 0.0787499 0.0866399 0.0961532 0.1112951 0.1704428 0.0741688 0.1131160 0.1390667 0.0871127 0.1441700 0.0894885 0.0800120 0.0921122 0.0940441 0.1420505 0.1025129 0.1054151 0.1222953 0.1082275 0.0981297 0.0935300 0.1129454 0.0976713 0.1360465 0.1235395 0.1353457 0.1420481 0.1078194 0.1028199 0.1759599 0.1084148 0.1039837 0.1142412 0.1296359 0.1309278 0.1719597 0.0919139 0.1673977 0.1335090 0.1222474 0.1082109 0.0821726 0.1225116 0.1729552 0.0799122 0.0815514 0.0933798 0.1134581 0.1136147 0.1099451 0.1084016 0.1176671 0.1335873 0.1019301 0.1214583 0.1185760 0.0813324 0.1146076 0.1173589 0.1227163 0.0847215 0.0793598 0.0778470 0.1412279 0.0541371 0.1241156 0.1088811 0.1182201 0.1184458 0.0736192 0.0922493 0.1165328 0.0976477 0.1107454 0.0794361 0.1074315 0.1119037 0.1079246 0.0910229 0.1223536 0.0767375 0.1234712 0.0832623 0.0823403 0.1017503 0.1168208 0.1073116 0.1023770 0.0934017 0.1083117 0.0837190 0.1002378 0.0408766 0.0878011 
S0428sl     0.1105044 0.0992957 0.0527699 0.1212264 0.0982817 0.1296845 0.0457703 0.1185015 0.1133106 0.1375419 0.1364250 0.1172519 0.0625786 0.1332622 0.0509353 0.1299546 0.1467893 0.1342017 0.1075515 0.0988255 0.1054781 0.0431832 0.1075701 0.0384381 0.0960070 0.1159227 0.0000000 0.1273557 0.0588772 0.1277883 0.1272467 0.1253004 0.1292677 0.0386795 0.1143549 0.1071967 0.0541790 0.0695907 0.0647183 0.1002500 0.1035816 0.1075649 0.1336762 0.1713705 0.1018355 0.1267517 0.1261391 0.1127526 0.1481193 0.0987357 0.0970298 0.0945366 0.0968391 0.1320082 0.1088181 0.0759352 0.1282879 0.0664443 0.0708156 0.0991539 0.0495465 0.0940016 0.1274364 0.1117787 0.1377262 0.1527127 0.1464222 0.1157045 0.1722980 0.1011324 0.1140398 0.1245654 0.1227855 0.1273233 0.1720592 0.0951288 0.1682875 0.1265477 0.1337429 0.1177987 0.1112436 0.1209442 0.1679291 0.0936591 0.1156808 0.0967661 0.0472797 0.0727783 0.0670082 0.1300547 0.0828576 0.0579319 0.1093360 0.1338530 0.1354188 0.0977867 0.1223697 0.1435092 0.1297346 0.0968623 0.0954837 0.1015910 0.1469776 0.0818248 0.0757111 0.1096249 0.1273773 0.0547324 0.1040346 0.0989604 0.0414746 0.1129360 0.0689261 0.0969003 0.1195132 0.1208617 0.1201288 0.1154665 0.0546098 0.1033858 0.0872677 0.1105413 0.1074256 0.1289235 0.1239965 0.0707458 0.1024020 0.0996108 0.1131746 0.0892852 0.1075761 0.1211161 0.0910686 
S0430       0.1082995 0.1050228 0.1495448 0.1145665 0.0948711 0.0074341 0.1171767 0.1216548 0.1092615 0.1342752 0.0219784 0.0726677 0.1369961 0.0171269 0.1362816 0.1159246 0.0948474 0.0171631 0.1056791 0.0930975 0.1062158 0.1285132 0.1086857 0.1203678 0.0981457 0.1098485 0.1273557 0.0000000 0.1246620 0.1329354 0.1171183 0.0905347 0.0124462 0.1152270 0.1112606 0.1036290 0.1412892 0.1276326 0.1402006 0.1003125 0.1036647 0.1140439 0.0177216 0.1807079 0.1036261 0.0107234 0.1363963 0.1051472 0.1442003 0.1013290 0.0984747 0.0999041 0.1011348 0.1375459 0.1164140 0.1307553 0.0924676 0.1239342 0.1100206 0.1025603 0.1233368 0.0511595 0.1322875 0.1273969 0.1339018 0.1477243 0.1392130 0.1159905 0.1784210 0.1082924 0.0794088 0.0950146 0.1354022 0.1344452 0.1804138 0.0996883 0.1792831 0.1306306 0.1201109 0.0831498 0.1137641 0.1265365 0.1779931 0.0968476 0.1091517 0.0980075 0.1278447 0.1281107 0.1213272 0.0095997 0.1300775 0.1414229 0.0854374 0.0089556 0.0072571 0.0975446 0.0852214 0.1303944 0.1303581 0.0973774 0.0925735 0.1003662 0.1379093 0.0849085 0.1374985 0.1064263 0.1260941 0.1393632 0.0954761 0.1031356 0.1320938 0.1105185 0.1254112 0.0973329 0.1139519 0.1198386 0.1149156 0.1143126 0.1314771 0.1011036 0.1419881 0.1063308 0.0982796 0.1106465 0.1177210 0.1297956 0.1127334 0.1040684 0.1276761 0.0911721 0.1036338 0.1109629 0.0982600 
S0478       0.1098261 0.0955756 0.0711039 0.1164050 0.0962839 0.1293256 0.0540687 0.1154797 0.1092326 0.1347903 0.1322644 0.1208497 0.0662982 0.1252941 0.0533001 0.1215384 0.1291412 0.1272854 0.1083859 0.0967199 0.1045493 0.0652191 0.1017696 0.0445675 0.0954441 0.1116605 0.0588772 0.1246620 0.0000000 0.1208057 0.1261789 0.1215824 0.1252318 0.0480815 0.1178913 0.1048262 0.0609199 0.0744661 0.0588445 0.1026541 0.1041794 0.1021984 0.1259186 0.1725092 0.0963678 0.1242858 0.1246150 0.1106829 0.1342123 0.0977881 0.0957765 0.0971613 0.1000444 0.1257749 0.1065142 0.0744995 0.1306055 0.0540991 0.0694904 0.0916240 0.0595649 0.0949138 0.1231494 0.1091529 0.1270558 0.1385270 0.1401935 0.1208384 0.1688255 0.0966959 0.1143515 0.1202274 0.1231396 0.1281352 0.1715741 0.0962117 0.1681139 0.1249342 0.1178847 0.1203799 0.1106766 0.1127264 0.1677539 0.0922308 0.1141693 0.1001180 0.0554810 0.0603548 0.0571767 0.1227482 0.0819076 0.0709338 0.1138500 0.1304351 0.1296202 0.0975908 0.1207638 0.1440720 0.1245287 0.0964868 0.0955246 0.1022308 0.1371965 0.0806611 0.0805583 0.1069116 0.1229405 0.0662893 0.1012857 0.0995621 0.0573756 0.1154192 0.0622951 0.0920630 0.1183369 0.1131915 0.1103261 0.1108995 0.0626436 0.1028352 0.0911038 0.1052481 0.1080687 0.1291015 0.1153314 0.0645854 0.1002421 0.0969802 0.1133937 0.0890114 0.0995104 0.1133638 0.0856256 
