87
PAFTOL_019361 0.0000000 0.1122907 0.1949888 0.1511628 0.1931510 0.1973062 0.1571397 0.1722234 0.2021725 0.1485205 0.1850934 0.1786892 0.2063977 0.1654418 0.1866661 0.1254110 0.2192721 0.1522650 0.1589966 0.1553199 0.1522650 0.1223886 0.2434134 0.1819175 0.1257767 0.1925219 0.6780472 0.1464508 0.1465707 0.1579544 0.1658837 0.1656727 0.1472418 0.1647162 0.1665102 0.1698548 0.1619290 0.1744560 0.2239873 0.0921988 0.2172558 0.1818616 0.1373153 0.1901696 0.1693102 0.1846014 0.1845466 0.1819175 0.2005883 0.1656165 0.1070040 0.1662077 0.1170461 0.1824134 0.1880482 0.1384062 0.1691172 0.1625022 0.1865865 0.1582670 0.2007664 0.1600979 0.1673739 0.2243236 0.1952991 0.1108031 0.1676549 0.1783031 0.6780472 0.1768557 0.2096068 0.1657654 0.1710105 0.2125957 0.2077365 0.1557129 0.1724527 0.1658368 0.1852549 0.1990318 0.1854415 0.1796304 0.1591858 0.1446487 0.1488135 0.1470722 0.1548384 
S0196sl       0.1122907 0.0000000 0.0825311 0.0381567 0.0905377 0.0874874 0.0649671 0.0822835 0.0898843 0.0616077 0.0838179 0.0804129 0.0754846 0.0724980 0.0884284 0.0438235 0.1065346 0.0669688 0.0810083 0.0951940 0.0669688 0.0180601 0.1355275 0.0824642 0.0116177 0.0904090 0.3265328 0.0305357 0.0793175 0.0576505 0.0654669 0.0821569 0.0752801 0.0793813 0.0525133 0.0810925 0.0649839 0.0807315 0.1193579 0.0000010 0.1162343 0.0850107 0.0579367 0.0662561 0.0807141 0.1162052 0.0835513 0.0824642 0.0890502 0.0871939 0.0322401 0.0974693 0.0522343 0.0826815 0.0962758 0.0576179 0.0620089 0.0673695 0.0921163 0.0828654 0.0810119 0.0732554 0.0725179 0.1019920 0.0916533 0.0000022 0.0452803 0.0963695 0.3265328 0.0522403 0.1119481 0.0789798 0.0743628 0.1081355 0.0795155 0.0576194 0.0750707 0.0579376 0.0719534 0.1077232 0.1028362 0.0659155 0.0579410 0.0444882 0.0580933 0.0370225 0.0432616 
S0278         0.1949888 0.0825311 0.0000000 0.1088339 0.1045995 0.0369585 0.0653528 0.0885634 0.0798888 0.1053844 0.0978406 0.0115882 0.1085316 0.0878331 0.0961505 0.0830463 0.0370460 0.0731288 0.0237470 0.1238798 0.0731288 0.0791032 0.1994299 0.0962690 0.0886827 0.1044293 0.6780472 0.0940087 0.0663510 0.0658630 0.0880826 0.0915302 0.0836180 0.0728546 0.1189547 0.1183032 0.0735245 0.0899325 0.1718176 0.0687434 0.1762036 0.1052960 0.0872552 0.0804627 0.0812014 0.1669232 0.0975397 0.0962690 0.0363986 0.0813543 0.0191723 0.0240244 0.1104213 0.0965192 0.1059888 0.0511369 0.0846132 0.0808446 0.1088685 0.0833750 0.1168127 0.0665067 0.0729510 0.0243825 0.1058665 0.0824208 0.1101581 0.0904365 0.6780472 0.1184299 0.1126140 0.0879519 0.0879165 0.0375294 0.0997775 0.0444352 0.0887332 0.0982292 0.1112839 0.0967525 0.0881686 0.0811052 0.0817565 0.0998789 0.0664269 0.0834758 0.0670243 
S0281         0.1511628 0.0381567 0.1088339 0.0000000 0.0801615 0.0887907 0.0588700 0.0956022 0.0912472 0.0994617 0.0736731 0.1060430 0.0822551 0.0879651 0.0789485 0.0797794 0.1081374 0.0800443 0.1160945 0.1083670 0.0800443 0.0388355 0.1131080 0.0645390 0.0243132 0.0800624 0.0000010 0.0447082 0.0955953 0.0515866 0.0728723 0.0834125 0.0993452 0.1112945 0.0590931 0.0966463 0.0659577 0.0819503 0.0979337 0.0709368 0.0954980 0.0789709 0.0808689 0.0648263 0.0744921 0.1205254 0.0734406 0.0645390 0.0903923 0.0799543 0.0550613 0.1248807 0.0991536 0.0727026 0.0977128 0.0737188 0.0614138 0.0655253 0.0990071 0.0765161 0.0792374 0.0744956 0.0663795 0.1035845 0.0728060 0.0247815 0.0591245 0.0889040 0.0000010 0.0587945 0.1056197 0.0801508 0.0800443 0.0972417 0.0759795 0.0647723 0.0654572 0.0705879 0.0730265 0.1093524 0.0953709 0.0575371 0.0659661 0.0520959 0.0589685 0.0501418 0.0506403 
S0282         0.1931510 0.0905377 0.1045995 0.0801615 0.0000000 0.0709831 0.0565671 0.0235973 0.0876724 0.0757517 0.0176154 0.1019760 0.0577646 0.0729488 0.0453423 0.0966797 0.1039385 0.0234325 0.1116505 0.0930161 0.0234325 0.0720988 0.0981561 0.0294413 0.0795968 0.0115147 0.0000010 0.0848968 0.1217111 0.0661908 0.0655554 0.0831559 0.0834819 0.0955043 0.0879785 0.0822394 0.0657392 0.0816993 0.0832655 0.0901937 0.0812129 0.0787319 0.0815921 0.0353432 0.0715664 0.1054821 0.0175562 0.0294413 0.1020000 0.1048163 0.0540816 0.1201143 0.1177547 0.0174034 0.0986140 0.0708499 0.0059454 0.0114903 0.0641224 0.0734553 0.0639662 0.0715719 0.0637836 0.0913555 0.0361911 0.0660906 0.0880859 0.1147922 0.0000010 0.0875715 0.1015744 0.0959830 0.0234325 0.1141646 0.0705613 0.0653317 0.0233743 0.0432996 0.0885816 0.0895189 0.1119344 0.0573440 0.0897892 0.0968243 0.0739973 0.0499698 0.0649561 
S0289         0.1973062 0.0874874 0.0369585 0.0887907 0.0709831 0.0000000 0.0362796 0.1007921 0.0493403 0.1286199 0.0789504 0.0236069 0.0819248 0.0635054 0.0845369 0.0954888 0.0303181 0.0852414 0.0362936 0.0877724 0.0852414 0.0693146 0.1537934 0.0777279 0.0707029 0.0852606 0.0000010 0.0759714 0.0643065 0.0583046 0.0565163 0.0649492 0.0796216 0.0706374 0.0979734 0.1146224 0.0499699 0.0646129 0.1284927 0.1106802 0.1334209 0.0714932 0.0630887 0.0631542 0.0500460 0.1618180 0.0787076 0.0777279 0.0236115 0.0502186 0.0250133 0.0367312 0.1233372 0.0779247 0.0720106 0.0495783 0.0662536 0.0707875 0.0887557 0.0513791 0.0962238 0.0500627 0.0429554 0.0183744 0.0863848 0.0721404 0.0981177 0.0579309 0.0000010 0.0975247 0.0781513 0.0564126 0.0852414 0.0308648 0.0804882 0.0299034 0.0707099 0.0649684 0.0773466 0.0503328 0.0565069 0.0636663 0.0737378 0.0805814 0.0368760 0.0730518 0.0504627 
S0292         0.1571397 0.0649671 0.0653528 0.0588700 0.0565671 0.0362796 0.0000000 0.0707722 0.0372466 0.0922053 0.0503754 0.0500778 0.0657149 0.0511930 0.0537975 0.0724208 0.0579226 0.0565030 0.0641668 0.0795828 0.0565030 0.0495169 0.1346573 0.0496107 0.0496631 0.0565150 0.0000010 0.0550316 0.0659478 0.0309827 0.0442807 0.0523485 0.0669052 0.0724309 0.0743179 0.0977442 0.0377403 0.0520980 0.1185259 0.0696084 0.1154297 0.0435584 0.0508481 0.0426685 0.0113852 0.1424601 0.0502131 0.0496107 0.0500883 0.0514744 0.0257016 0.0649995 0.0979646 0.0497364 0.0738724 0.0112976 0.0380000 0.0431090 0.0658521 0.0116851 0.0729681 0.0113958 0.0055928 0.0455978 0.0572296 0.0506401 0.0743856 0.0594142 0.0000010 0.0739546 0.0355586 0.0441909 0.0565030 0.0590284 0.0724533 0.0436160 0.0430753 0.0574306 0.0649653 0.0515948 0.0579216 0.0513182 0.0517314 0.0583426 0.0247317 0.0512892 0.0304313 
S0293         0.1722234 0.0822835 0.0885634 0.0956022 0.0235973 0.1007921 0.0707722 0.0000000 0.1034772 0.0529655 0.0300653 0.0863307 0.0785818 0.0802724 0.0523154 0.0809615 0.1204938 0.0114556 0.0954622 0.1086653 0.0114556 0.0793289 0.1431252 0.0421858 0.0949376 0.0235828 0.6780472 0.1001558 0.1048923 0.0812992 0.0805043 0.0992720 0.0758810 0.0799994 0.1037951 0.0914869 0.0807426 0.0975472 0.1269173 0.0512725 0.1235988 0.0939779 0.0891258 0.0482212 0.0865791 0.1154946 0.0299662 0.0421858 0.1182446 0.1214782 0.0395849 0.1034772 0.1006490 0.0296971 0.1152374 0.0566463 0.0182880 0.0174001 0.0787640 0.0888375 0.0785335 0.0719994 0.0783355 0.0992332 0.0493992 0.0733277 0.0956611 0.1320529 0.6780472 0.1033369 0.1177704 0.1121979 0.0233136 0.1223104 0.0853109 0.0802244 0.0358909 0.0707815 0.1045536 0.1217847 0.1288017 0.0717042 0.1059937 0.1131596 0.0895176 0.0567149 0.0797700 
S0335         0.2021725 0.0898843 0.0798888 0.0912472 0.0876724 0.0493403 0.0372466 0.1034772 0.0000000 0.1231280 0.0811065 0.0638161 0.0909734 0.0652209 0.0869835 0.0980937 0.0721562 0.0875339 0.0784524 0.1057756 0.0875339 0.0711617 0.1766380 0.0798238 0.0726144 0.0875541 0.0000010 0.0779811 0.0806151 0.0599264 0.0580422 0.0667443 0.0818089 0.0871503 0.1006907 0.1345806 0.0513238 0.0663862 0.1471567 0.0696084 0.1548373 0.0734466 0.0647846 0.0648568 0.0514088 0.1849373 0.0808528 0.0798238 0.0496126 0.0655907 0.0393819 0.0794888 0.1266801 0.0800299 0.0888940 0.0509149 0.0681178 0.0727084 0.0912192 0.0528096 0.0823185 0.0514254 0.0441105 0.0598296 0.0887338 0.0741263 0.1008481 0.0740167 0.0000010 0.1002249 0.0649497 0.0579344 0.0875339 0.0735535 0.0981409 0.0571687 0.0726257 0.0814646 0.0794205 0.0114666 0.0721672 0.0653920 0.0758057 0.0828124 0.0310931 0.0750809 0.0518441 
S0376         0.1485205 0.0616077 0.1053844 0.0994617 0.0757517 0.1286199 0.0922053 0.0529655 0.1231280 0.0000000 0.0690233 0.1121102 0.0693115 0.0843384 0.0896348 0.0612734 0.1521316 0.0458648 0.1122306 0.0818514 0.0458648 0.0856085 0.1590715 0.0754560 0.0745394 0.0677425 0.6780472 0.0999401 0.1015645 0.0854693 0.0845916 0.1046394 0.0798255 0.0840338 0.0836598 0.0949815 0.0848564 0.1027396 0.1417229 0.0314297 0.1377974 0.1067934 0.0769910 0.0673817 0.1103761 0.1290960 0.0687944 0.0754560 0.1490796 0.1187944 0.0502498 0.1226549 0.0791028 0.0680790 0.1481794 0.0762551 0.0559385 0.0531359 0.0860050 0.1133869 0.0601333 0.0939316 0.0922053 0.1257512 0.0845477 0.0531082 0.0756081 0.1297766 0.6780472 0.0832523 0.1457075 0.1182425 0.0674089 0.1467226 0.0735883 0.0842813 0.0680633 0.0589597 0.1356707 0.1349226 0.1367713 0.0829032 0.0860005 0.1108021 0.0850853 0.0310548 0.0760718 
S0405         0.1850934 0.0838179 0.0978406 0.0736731 0.0176154 0.0789504 0.0503754 0.0300653 0.0811065 0.0690233 0.0000000 0.0953574 0.0577134 0.0664686 0.0315352 0.0899768 0.0894488 0.0176017 0.1048953 0.0792123 0.0176017 0.0656961 0.1098724 0.0235912 0.0731471 0.0176051 0.0000010 0.0785339 0.1147829 0.0597079 0.0591341 0.0764162 0.0767284 0.0888829 0.0814084 0.1010550 0.0592984 0.0750623 0.0943138 0.1163475 0.0919015 0.0651479 0.0749894 0.0295013 0.0651842 0.1174744 0.0117201 0.0235912 0.0953798 0.0980429 0.0474280 0.1132460 0.1106722 0.0116184 0.1077183 0.0645360 0.0000020 0.0057521 0.0578225 0.0669305 0.0576932 0.0651939 0.0575173 0.0845075 0.0302108 0.0596312 0.0814957 0.1078505 0.0000010 0.0810211 0.0949715 0.0893217 0.0298525 0.1072383 0.0642791 0.0589333 0.0175575 0.0437359 0.0972626 0.0982958 0.1051354 0.0510878 0.0830755 0.0901174 0.0674230 0.0438178 0.0585888 
S0417         0.1786892 0.0804129 0.0115882 0.1060430 0.1019760 0.0236069 0.0500778 0.0863307 0.0638161 0.1121102 0.0953574 0.0000000 0.1057499 0.0712531 0.0935642 0.0809049 0.0298622 0.0712777 0.0113831 0.1047922 0.0712777 0.0771351 0.1945282 0.0938543 0.0864502 0.1018178 0.6780472 0.0916914 0.0508498 0.0738013 0.0714587 0.0807143 0.0732081 0.0571442 0.1158967 0.1152799 0.0646296 0.0802483 0.1674338 0.0687434 0.1718309 0.0874544 0.0707838 0.0784360 0.0647933 0.1627435 0.0950684 0.0938543 0.0232679 0.0649668 0.0123431 0.0115086 0.1075494 0.0940940 0.0880564 0.0367253 0.0823933 0.0787984 0.1060663 0.0665217 0.1138392 0.0509340 0.0571757 0.0180995 0.1031925 0.0803072 0.1073029 0.0733064 0.6780472 0.1153888 0.0944051 0.0713393 0.0857109 0.0239634 0.0972146 0.0433092 0.0864941 0.0957365 0.0933598 0.0794885 0.0714875 0.0790536 0.0902535 0.0973136 0.0508973 0.0813183 0.0653008 
S0427         0.2063977 0.0754846 0.1085316 0.0822551 0.0577646 0.0819248 0.0657149 0.0785818 0.0909734 0.0693115 0.0577134 0.1057499 0.0000000 0.0833416 0.0454887 0.0912422 0.1078368 0.0639154 0.1145644 0.0954076 0.0639154 0.0659583 0.1567824 0.0568278 0.0589296 0.0639293 0.0000010 0.0644455 0.1262341 0.0762185 0.0755259 0.0785592 0.0947859 0.1070754 0.0751230 0.1287952 0.0609231 0.0771384 0.1399453 0.0901937 0.1361699 0.0816668 0.0993352 0.0365965 0.0816757 0.1648524 0.0575288 0.0568278 0.1057756 0.1087633 0.0552753 0.1245560 0.1110453 0.0569725 0.1360685 0.0808156 0.0453936 0.0501756 0.0516729 0.0838735 0.0663882 0.0816737 0.0733655 0.1032809 0.0647521 0.0526653 0.0751939 0.1191325 0.0000010 0.0747534 0.1132916 0.0995975 0.0639154 0.1184787 0.0512934 0.0827572 0.0501326 0.0517632 0.1243559 0.1020421 0.1161049 0.0595809 0.0766635 0.0760219 0.0768464 0.0244273 0.0601113 
S0552sl       0.1654418 0.0724980 0.0878331 0.0879651 0.0729488 0.0635054 0.0511930 0.0802724 0.0652209 0.0843384 0.0664686 0.0712531 0.0833416 0.0000000 0.0623667 0.0720241 0.0877944 0.0652773 0.0862549 0.0869648 0.0652773 0.0787061 0.1430880 0.0654210 0.0700744 0.0728644 0.0000027 0.0936416 0.0702987 0.0577751 0.0056767 0.0368289 0.0238263 0.0233149 0.0970462 0.1049609 0.0236474 0.0301272 0.1176112 0.0674003 0.1234761 0.0430417 0.0489289 0.0648906 0.0662425 0.1413798 0.0662547 0.0654210 0.0788551 0.0632877 0.0186979 0.0874089 0.0974120 0.0655911 0.0857602 0.0581680 0.0535645 0.0581708 0.0912600 0.0680389 0.0793716 0.0662516 0.0584482 0.0753842 0.0738345 0.0639944 0.0966043 0.0713850 0.0000027 0.0966041 0.0964591 0.0559157 0.0652773 0.0890047 0.0645511 0.0422133 0.0584373 0.0643821 0.0766601 0.0812410 0.0776035 0.0361589 0.0730563 0.0798399 0.0365475 0.0572204 0.0500117 
S0558         0.1866661 0.0884284 0.0961505 0.0789485 0.0453423 0.0845369 0.0537975 0.0523154 0.0869835 0.0896348 0.0315352 0.0935642 0.0454887 0.0623667 0.0000000 0.1043541 0.0959430 0.0382426 0.1036139 0.0920332 0.0382426 0.0776919 0.1346867 0.0383272 0.0783516 0.0382426 0.0000027 0.0840378 0.1140504 0.0639777 0.0550883 0.0740075 0.0728989 0.0778316 0.0873111 0.1345914 0.0559644 0.0726092 0.1081754 0.0962578 0.1144516 0.0621546 0.0961398 0.0313701 0.0697692 0.1233378 0.0388068 0.0383272 0.1023284 0.1053543 0.0421618 0.1124302 0.1275627 0.0384290 0.1336990 0.0611723 0.0330088 0.0315361 0.0530851 0.0717524 0.0616741 0.0697764 0.0537975 0.0995675 0.0458916 0.0712732 0.0868771 0.1160733 0.0000027 0.0868771 0.1018721 0.0958834 0.0382426 0.1146314 0.0539480 0.0785152 0.0316815 0.0610484 0.1215590 0.1056434 0.1129850 0.0473729 0.0892383 0.0967846 0.0723187 0.0465050 0.0626979 
S0616         0.1254110 0.0438235 0.0830463 0.0797794 0.0966797 0.0954888 0.0724208 0.0809615 0.0980937 0.0612734 0.0899768 0.0809049 0.0912422 0.0720241 0.1043541 0.0000000 0.1059637 0.0658289 0.0967330 0.1023045 0.0658289 0.0587453 0.1421908 0.0885352 0.0558216 0.0965344 0.6780472 0.0718578 0.0733405 0.0649193 0.0722340 0.0902137 0.0674899 0.0717880 0.0873296 0.0733440 0.0724411 0.0820358 0.1259410 0.0151517 0.1226423 0.0927793 0.0715456 0.0803330 0.0886311 0.1145338 0.0896976 0.0885352 0.1129884 0.0885709 0.0256659 0.0804433 0.0308025 0.0887659 0.0943496 0.0579566 0.0767876 0.0733801 0.1087101 0.0811717 0.0955641 0.0572093 0.0801706 0.1108159 0.0978576 0.0431911 0.0722147 0.0978862 0.6780472 0.0794601 0.1205650 0.0802355 0.0803668 0.1169319 0.0948819 0.0572141 0.0811197 0.0645096 0.0848398 0.1164448 0.0889926 0.0718710 0.0652614 0.0800209 0.0654235 0.0504946 0.0500974 
S0624         0.2192721 0.1065346 0.0370460 0.1081374 0.1039385 0.0303181 0.0579226 0.1204938 0.0721562 0.1521316 0.0894488 0.0298622 0.1078368 0.0877944 0.0959430 0.1059637 0.0000000 0.1037462 0.0428331 0.0989247 0.1037462 0.0863605 0.1786687 0.0956481 0.0880977 0.1037710 0.0000010 0.0934097 0.0889472 0.0752371 0.0801299 0.0802547 0.0955770 0.0955718 0.1182096 0.1536367 0.0567797 0.0717772 0.1518665 0.1302138 0.1565579 0.0816150 0.0872164 0.0799202 0.0733103 0.1870621 0.0969061 0.0956481 0.0298681 0.0734768 0.0388886 0.0433575 0.1456049 0.0958959 0.0888533 0.0725587 0.0762335 0.0882673 0.1081692 0.0752814 0.1160843 0.0653522 0.0653209 0.0248112 0.1051946 0.0899774 0.1184426 0.0822517 0.0000010 0.1176880 0.1040375 0.0800034 0.1037462 0.0374853 0.0991237 0.0441023 0.0881464 0.0822492 0.0941993 0.0885411 0.0801874 0.0652112 0.0920405 0.0992247 0.0588779 0.0911119 0.0665466 
S0643         0.1522650 0.0669688 0.0731288 0.0800443 0.0234325 0.0852414 0.0565030 0.0114556 0.0875339 0.0458648 0.0176017 0.0712777 0.0639154 0.0652773 0.0382426 0.0658289 0.1037462 0.0000000 0.0798803 0.0928646 0.0000010 0.0645324 0.1250270 0.0294164 0.0794818 0.0234183 0.6780472 0.0847694 0.0887206 0.0661055 0.0654712 0.0830255 0.0605693 0.0650671 0.0878390 0.0756000 0.0656555 0.0815747 0.1092915 0.0512725 0.1064899 0.0786190 0.0736291 0.0353119 0.0714706 0.0986779 0.0175425 0.0294164 0.1018178 0.1046199 0.0257026 0.0874906 0.0841867 0.0173900 0.1144028 0.0429837 0.0120084 0.0056593 0.0640431 0.0733534 0.0638877 0.0574686 0.0637054 0.0911995 0.0361581 0.0585613 0.0800290 0.1145551 0.6780472 0.0874336 0.1013941 0.0958180 0.0231527 0.1052694 0.0704691 0.0652496 0.0233557 0.0565532 0.1037989 0.1048871 0.1117126 0.0572779 0.0896412 0.0966556 0.0738930 0.0430630 0.0648753 
S0645sl       0.1589966 0.0810083 0.0237470 0.1160945 0.1116505 0.0362936 0.0641668 0.0954622 0.0784524 0.1122306 0.1048953 0.0113831 0.1145644 0.0862549 0.1036139 0.0967330 0.0428331 0.0798803 0.0000000 0.1135009 0.0798803 0.0776887 0.2075979 0.1032218 0.0870775 0.1114580 0.6780472 0.0923421 0.0506194 0.0893940 0.0864965 0.0965190 0.0886683 0.0715374 0.1250557 0.1328012 0.0794441 0.0959209 0.1798873 0.0687434 0.1841115 0.1033910 0.0712968 0.0872627 0.0797178 0.1747712 0.1045790 0.1032218 0.0357532 0.0646730 0.0253384 0.0114602 0.1083524 0.1034874 0.1040667 0.0502057 0.0906156 0.0876841 0.1149285 0.0818246 0.1241188 0.0652819 0.0716264 0.0309369 0.1129830 0.0809014 0.1162675 0.0729720 0.6780472 0.1245211 0.1105896 0.0863687 0.0947748 0.0368451 0.1057867 0.0570451 0.0956402 0.1041625 0.1093052 0.0950034 0.0711674 0.0879406 0.1067268 0.1139391 0.0652067 0.0894657 0.0803000 
S0689         0.1553199 0.0951940 0.1238798 0.1083670 0.0930161 0.0877724 0.0795828 0.1086653 0.1057756 0.0818514 0.0792123 0.1047922 0.0954076 0.0869648 0.0920332 0.1023045 0.0989247 0.0928646 0.1135009 0.0000000 0.0928646 0.1035172 0.1380453 0.0852207 0.0842645 0.0928857 0.0000010 0.1088775 0.1033743 0.0865079 0.0793745 0.1045846 0.1049494 0.0946684 0.0853089 0.1467769 0.0870035 0.1039183 0.1222991 0.1252149 0.1191870 0.0852862 0.0647636 0.0773683 0.0961129 0.1274213 0.0862991 0.0852207 0.1048174 0.0874779 0.0695885 0.1233646 0.1221650 0.0702913 0.1284256 0.0950850 0.0668338 0.0781950 0.0879588 0.0896748 0.0703818 0.0960987 0.0874644 0.1023068 0.0941138 0.0710089 0.0854050 0.0966666 0.0000010 0.0849207 0.1284620 0.0940381 0.0928646 0.1102541 0.0832610 0.0640664 0.0781018 0.0420315 0.1174433 0.1161484 0.1031335 0.0923851 0.0804663 0.0947829 0.0725210 0.0623671 0.0706386 
S0690         0.1522650 0.0669688 0.0731288 0.0800443 0.0234325 0.0852414 0.0565030 0.0114556 0.0875339 0.0458648 0.0176017 0.0712777 0.0639154 0.0652773 0.0382426 0.0658289 0.1037462 0.0000010 0.0798803 0.0928646 0.0000000 0.0645324 0.1250270 0.0294164 0.0794818 0.0234183 0.6780472 0.0847694 0.0887206 0.0661055 0.0654712 0.0830255 0.0605693 0.0650671 0.0878390 0.0756000 0.0656555 0.0815747 0.1092915 0.0512725 0.1064899 0.0786190 0.0736291 0.0353119 0.0714706 0.0986779 0.0175425 0.0294164 0.1018178 0.1046199 0.0257026 0.0874906 0.0841867 0.0173900 0.1144028 0.0429837 0.0120084 0.0056593 0.0640431 0.0733534 0.0638877 0.0574686 0.0637054 0.0911995 0.0361581 0.0585613 0.0800290 0.1145551 0.6780472 0.0874336 0.1013941 0.0958180 0.0231527 0.1052694 0.0704691 0.0652496 0.0233557 0.0565532 0.1037989 0.1048871 0.1117126 0.0572779 0.0896412 0.0966556 0.0738930 0.0430630 0.0648753 
S0720         0.1223886 0.0180601 0.0791032 0.0388355 0.0720988 0.0693146 0.0495169 0.0793289 0.0711617 0.0856085 0.0656961 0.0771351 0.0659583 0.0787061 0.0776919 0.0587453 0.0863605 0.0645324 0.0776887 0.1035172 0.0645324 0.0000000 0.1363930 0.0646729 0.0179082 0.0720176 0.0000027 0.0000022 0.0798183 0.0586473 0.0645839 0.0820699 0.0893588 0.0936237 0.0534920 0.0973667 0.0649290 0.0660595 0.1200764 0.0510698 0.1169079 0.0864436 0.0640648 0.0573696 0.0640478 0.1347538 0.0654868 0.0646729 0.0705142 0.0724502 0.0385062 0.0869496 0.0681477 0.0648390 0.0810447 0.0562641 0.0452372 0.0575165 0.0817215 0.0586229 0.0901619 0.0640580 0.0565277 0.0815792 0.0729646 0.0180015 0.0539018 0.0810946 0.0000027 0.0539018 0.0933216 0.0646354 0.0645324 0.0951370 0.0884996 0.0568434 0.0577780 0.0652793 0.0578186 0.0873201 0.0790791 0.0658584 0.0661698 0.0522578 0.0580501 0.0511926 0.0507939 
S0735         0.2434134 0.1355275 0.1994299 0.1131080 0.0981561 0.1537934 0.1346573 0.1431252 0.1766380 0.1590715 0.1098724 0.1945282 0.1567824 0.1430880 0.1346867 0.1421908 0.1786687 0.1250270 0.2075979 0.1380453 0.1250270 0.1363930 0.0000000 0.1149036 0.1218480 0.1250588 0.0000010 0.1507137 0.1708945 0.1254809 0.1429285 0.1444015 0.1677566 0.1800119 0.1706401 0.0820749 0.1434052 0.1532013 0.0117254 0.2443587 0.0114786 0.1405700 0.1438601 0.1404081 0.1332985 0.0298495 0.1178531 0.1149036 0.1945839 0.1515309 0.1355439 0.2193484 0.1676481 0.0991127 0.1839942 0.1533205 0.1057969 0.1083930 0.1528672 0.1481903 0.1492703 0.1551045 0.1442304 0.1857014 0.1253586 0.1160716 0.1711573 0.1635095 0.0000010 0.1700027 0.1694541 0.1606905 0.1421121 0.2007625 0.1572730 0.1237278 0.1246968 0.0973081 0.1703180 0.1804704 0.1704864 0.1312562 0.1438115 0.1620143 0.1352690 0.1214847 0.1230324 
S0756         0.1819175 0.0824642 0.0962690 0.0645390 0.0294413 0.0777279 0.0496107 0.0421858 0.0798238 0.0754560 0.0235912 0.0938543 0.0568278 0.0654210 0.0383272 0.0885352 0.0956481 0.0294164 0.1032218 0.0852207 0.0294164 0.0646729 0.1149036 0.0000000 0.0720043 0.0294221 0.0000010 0.0773280 0.0960124 0.0587640 0.0582067 0.0751717 0.0754767 0.0874736 0.0801203 0.0982224 0.0583661 0.0738577 0.0995542 0.1331749 0.0970505 0.0711963 0.0737916 0.0290751 0.0641722 0.1223945 0.0235132 0.0112981 0.0938760 0.0803260 0.0466539 0.1114246 0.1088314 0.0233068 0.1221367 0.0635442 0.0181122 0.0173139 0.0569327 0.0658700 0.0568089 0.0641823 0.0566367 0.0909781 0.0173492 0.0586911 0.0802024 0.0893074 0.0000010 0.0797428 0.0934775 0.0804811 0.0294164 0.0963800 0.0564268 0.0580126 0.0173039 0.0496741 0.1112678 0.0967114 0.0870809 0.0503043 0.0817347 0.0886726 0.0663463 0.0431547 0.0576777 
S0760         0.1257767 0.0116177 0.0886827 0.0243132 0.0795968 0.0707029 0.0496631 0.0949376 0.0726144 0.0745394 0.0731471 0.0864502 0.0589296 0.0700744 0.0783516 0.0558216 0.0880977 0.0794818 0.0870775 0.0842645 0.0794818 0.0179082 0.1218480 0.0720043 0.0000000 0.0794997 0.0000010 0.0175260 0.0852945 0.0428435 0.0561444 0.0653418 0.0800698 0.0916937 0.0375993 0.0936086 0.0496726 0.0642325 0.1064311 0.0314460 0.1037552 0.0687434 0.0560017 0.0506494 0.0642143 0.1293524 0.0729172 0.0720043 0.0719446 0.0704643 0.0458992 0.1035753 0.0646646 0.0721889 0.0787939 0.0635865 0.0523928 0.0650595 0.0743298 0.0659111 0.0644785 0.0642244 0.0566850 0.0832834 0.0805531 0.0000022 0.0376000 0.0788367 0.0000010 0.0374012 0.0934798 0.0628812 0.0794818 0.0976299 0.0632854 0.0488218 0.0649929 0.0490804 0.0562482 0.0890871 0.0850988 0.0503868 0.0430354 0.0303627 0.0431622 0.0299257 0.0295496 
S0763         0.1925219 0.0904090 0.1044293 0.0800624 0.0115147 0.0852606 0.0565150 0.0235828 0.0875541 0.0677425 0.0176051 0.1018178 0.0639293 0.0728644 0.0382426 0.0965344 0.1037710 0.0234183 0.1114580 0.0928857 0.0234183 0.0720176 0.1250588 0.0294221 0.0794997 0.0000000 0.0000010 0.0847883 0.1214782 0.0661203 0.0654857 0.0830451 0.0833703 0.0953641 0.0878593 0.1077795 0.0656701 0.0815937 0.1093189 0.0901937 0.1065159 0.0786366 0.0814873 0.0353188 0.0714865 0.1326989 0.0175459 0.0294221 0.1018417 0.1046451 0.0540294 0.1198892 0.1175310 0.0173933 0.0984599 0.0707722 0.0059419 0.0114839 0.0640571 0.0733701 0.0639015 0.0714919 0.0495151 0.0912215 0.0361653 0.0660201 0.0879653 0.1145835 0.0000010 0.0874537 0.1014179 0.0958405 0.0234183 0.1139582 0.0704845 0.0652640 0.0233602 0.0565651 0.0884597 0.1049123 0.1117396 0.0572902 0.0896624 0.0966785 0.0739099 0.0499281 0.0648896 
S0765         0.6780472 0.3265328 0.6780472 0.0000010 0.0000010 0.0000010 0.0000010 0.6780472 0.0000010 0.6780472 0.0000010 0.6780472 0.0000010 0.0000027 0.0000027 0.6780472 0.0000010 0.6780472 0.6780472 0.0000010 0.6780472 0.0000027 0.0000010 0.0000010 0.0000010 0.0000010 0.0000000 0.0000010 0.6780472 0.0000010 0.0000010 0.0000010 1.5876464 0.6780472 0.0000010 0.6780472 0.0000010 0.0000010 0.0000010 0.6780472 0.0000010 0.0000010 0.0000027 0.0000010 0.0000010 0.6780472 0.0000010 0.0000010 0.0000010 0.0000010 0.6780472 0.6780472 0.6780472 0.0000010 0.0000010 0.6780472 0.0000010 0.0000027 0.0000010 0.0000010 0.0000010 0.2141050 0.0000010 0.0000010 0.0000010 0.0000027 0.0000027 0.0000010 0.0000010 0.0000010 0.0000010 0.0000010 0.2361084 0.0000027 0.0000010 0.0000010 0.0000010 0.0000010 0.0000010 0.0000010 0.0000010 0.0000010 0.0000010 0.0000010 0.0000010 0.0000027 0.0000010 
S0795         0.1464508 0.0305357 0.0940087 0.0447082 0.0848968 0.0759714 0.0550316 0.1001558 0.0779811 0.0999401 0.0785339 0.0916914 0.0644455 0.0936416 0.0840378 0.0718578 0.0934097 0.0847694 0.0923421 0.1088775 0.0847694 0.0000022 0.1507137 0.0773280 0.0175260 0.0847883 0.0000010 0.0000000 0.0948544 0.0643126 0.0786024 0.0892796 0.1051355 0.1168690 0.0522428 0.1193060 0.0717447 0.0729938 0.1343655 0.0696084 0.1308394 0.0918529 0.0784116 0.0560929 0.0695664 0.1585784 0.0782942 0.0773280 0.0772784 0.0793853 0.0528564 0.1021772 0.0818168 0.0775222 0.0881611 0.0688903 0.0580031 0.0704478 0.0798042 0.0642885 0.0880294 0.0695730 0.0620315 0.0887874 0.0858960 0.0178506 0.0529335 0.0882305 0.0000010 0.0526366 0.0986721 0.0714232 0.0847694 0.1029755 0.0864334 0.0704752 0.0703714 0.0708615 0.0645414 0.0944318 0.0860542 0.0727533 0.0646470 0.0510645 0.0648066 0.0503140 0.0496631 
S0894         0.1465707 0.0793175 0.0663510 0.0955953 0.1217111 0.0643065 0.0659478 0.1048923 0.0806151 0.1015645 0.1147829 0.0508498 0.1262341 0.0702987 0.1140504 0.0733405 0.0889472 0.0887206 0.0506194 0.1033743 0.0887206 0.0798183 0.1708945 0.0960124 0.0852945 0.1214782 0.6780472 0.0948544 0.0000000 0.0727829 0.0704997 0.0796105 0.0722041 0.0563740 0.1062260 0.0967132 0.0637556 0.0648468 0.1538713 0.0483533 0.1497082 0.0862736 0.0698401 0.0963508 0.0819522 0.1411047 0.1144370 0.0960124 0.0798716 0.0114213 0.0188783 0.0450088 0.0991887 0.1132171 0.0868640 0.0515978 0.1014196 0.0968393 0.1266727 0.0764620 0.1122935 0.0671211 0.0736188 0.0764003 0.1055902 0.0792141 0.0989767 0.0175404 0.6780472 0.1069049 0.1136416 0.0566094 0.1041334 0.0740372 0.1034685 0.0558763 0.1050843 0.0944445 0.0776255 0.0976406 0.0233443 0.0779921 0.0890060 0.0959845 0.0502005 0.0802025 0.0644091 
S0906         0.1579544 0.0576505 0.0658630 0.0515866 0.0661908 0.0583046 0.0309827 0.0812992 0.0599264 0.0854693 0.0597079 0.0738013 0.0762185 0.0577751 0.0639777 0.0649193 0.0752371 0.0661055 0.0893940 0.0865079 0.0661055 0.0586473 0.1254809 0.0587640 0.0428435 0.0661203 0.0000010 0.0643126 0.0727829 0.0000000 0.0507635 0.0526869 0.0673231 0.0792758 0.0666206 0.0895691 0.0374951 0.0517720 0.1095919 0.0683084 0.1067583 0.0499399 0.0573878 0.0513293 0.0449028 0.1331975 0.0595118 0.0587640 0.0738181 0.0580960 0.0330109 0.0906319 0.0897118 0.0589181 0.0808539 0.0444774 0.0467669 0.0518830 0.0764013 0.0461421 0.0654047 0.0449216 0.0377440 0.0613347 0.0508927 0.0436758 0.0666687 0.0662372 0.0000010 0.0662885 0.0734758 0.0506650 0.0661055 0.0845069 0.0649480 0.0368465 0.0518369 0.0503324 0.0717034 0.0761193 0.0726108 0.0442534 0.0172946 0.0511239 0.0310120 0.0442343 0.0114188 
S0956         0.1658837 0.0654669 0.0880826 0.0728723 0.0655554 0.0565163 0.0442807 0.0805043 0.0580422 0.0845916 0.0591341 0.0714587 0.0755259 0.0056767 0.0550883 0.0722340 0.0801299 0.0654712 0.0864965 0.0793745 0.0654712 0.0645839 0.1429285 0.0582067 0.0561444 0.0654857 0.0000010 0.0786024 0.0704997 0.0507635 0.0000000 0.0303342 0.0177538 0.0233872 0.0814408 0.1052529 0.0175377 0.0302273 0.1174509 0.0496941 0.1233178 0.0364722 0.0425581 0.0577372 0.0589262 0.1507837 0.0589415 0.0582067 0.0714745 0.0563188 0.0187611 0.0876571 0.0976896 0.0583581 0.0782774 0.0583435 0.0459004 0.0513965 0.0832650 0.0605325 0.0719187 0.0589395 0.0513608 0.0677311 0.0663482 0.0503897 0.0815287 0.0641569 0.0000010 0.0810527 0.0885414 0.0491469 0.0654712 0.0817043 0.0574289 0.0357832 0.0513510 0.0572907 0.0625571 0.0736370 0.0703377 0.0297938 0.0656469 0.0651353 0.0301122 0.0505594 0.0432626 
S0959         0.1656727 0.0821569 0.0915302 0.0834125 0.0831559 0.0649492 0.0523485 0.0992720 0.0667443 0.1046394 0.0764162 0.0807143 0.0785592 0.0368289 0.0740075 0.0902137 0.0802547 0.0830255 0.0965190 0.1045846 0.0830255 0.0820699 0.1444015 0.0751717 0.0653418 0.0830451 0.0000010 0.0892796 0.0796105 0.0526869 0.0303342 0.0000000 0.0368913 0.0569091 0.0926212 0.1260516 0.0175356 0.0302364 0.1280158 0.1119307 0.1246353 0.0361203 0.0639335 0.0599381 0.0519171 0.1522943 0.0590560 0.0751717 0.0807329 0.0647225 0.0255318 0.0978592 0.1181577 0.0753723 0.0878202 0.0671154 0.0545970 0.0678997 0.0690207 0.0696992 0.0746913 0.0678273 0.0597997 0.0772527 0.0841949 0.0666924 0.0927490 0.0730576 0.0000010 0.0921806 0.0810523 0.0571498 0.0830255 0.0917804 0.0596092 0.0502809 0.0678237 0.0739331 0.0784370 0.0832315 0.0794237 0.0308587 0.0681983 0.0751546 0.0373159 0.0524658 0.0448632 
S0960         0.1472418 0.0752801 0.0836180 0.0993452 0.0834819 0.0796216 0.0669052 0.0758810 0.0818089 0.0798255 0.0767284 0.0732081 0.0947859 0.0238263 0.0728989 0.0674899 0.0955770 0.0605693 0.0886683 0.1049494 0.0605693 0.0893588 0.1677566 0.0754767 0.0800698 0.0833703 1.5876464 0.1051355 0.0722041 0.0673231 0.0177538 0.0368913 0.0000000 0.0238867 0.1090750 0.1010735 0.0298910 0.0432791 0.1404870 0.0511036 0.1463227 0.0578136 0.0638417 0.0748436 0.0831896 0.1473432 0.0764785 0.0754767 0.0961842 0.0793522 0.0125003 0.0898877 0.0933179 0.0756784 0.1034686 0.0597647 0.0633227 0.0677890 0.1032006 0.0854606 0.0901711 0.0681136 0.0747053 0.0933244 0.0845266 0.0737764 0.1085823 0.0882169 1.5876464 0.1085824 0.1154256 0.0713771 0.0753075 0.1074853 0.0744521 0.0504996 0.0681091 0.0742300 0.0934684 0.0991412 0.0946362 0.0441797 0.0836154 0.0906956 0.0508906 0.0666361 0.0589641 
S0964         0.1647162 0.0793813 0.0728546 0.1112945 0.0955043 0.0706374 0.0724309 0.0799994 0.0871503 0.0840338 0.0888829 0.0571442 0.1070754 0.0233149 0.0778316 0.0717880 0.0955718 0.0650671 0.0715374 0.0946684 0.0650671 0.0936237 0.1800119 0.0874736 0.0916937 0.0953641 0.6780472 0.1168690 0.0563740 0.0792758 0.0233872 0.0569091 0.0238867 0.0000000 0.1211183 0.1045747 0.0426012 0.0566364 0.1528930 0.0483273 0.1584610 0.0632931 0.0623539 0.0867638 0.0886063 0.1497572 0.0886086 0.0874736 0.0863607 0.0703995 0.0123012 0.0724757 0.0970569 0.0876991 0.1084901 0.0579856 0.0758449 0.0725172 0.1154992 0.0909511 0.1020629 0.0737107 0.0801659 0.0831792 0.0966562 0.0783148 0.1126045 0.0787498 0.6780472 0.1206066 0.1204323 0.0766744 0.0794177 0.0892372 0.0863405 0.0487958 0.0801543 0.0860640 0.0985268 0.1043434 0.0849951 0.0558202 0.0956569 0.1026122 0.0564285 0.0713166 0.0707589 
S1083         0.1665102 0.0525133 0.1189547 0.0590931 0.0879785 0.0979734 0.0743179 0.1037951 0.1006907 0.0836598 0.0814084 0.1158967 0.0751230 0.0970462 0.0873111 0.0873296 0.1182096 0.0878390 0.1250557 0.0853089 0.0878390 0.0534920 0.1706401 0.0801203 0.0375993 0.0878593 0.0000010 0.0522428 0.1062260 0.0666206 0.0814408 0.0926212 0.1090750 0.1211183 0.0000000 0.1421749 0.0743385 0.0832356 0.1537346 0.0314460 0.1496014 0.0951436 0.0887280 0.0580972 0.0909660 0.1787235 0.0811539 0.0801203 0.0997499 0.0898642 0.0626503 0.1235349 0.1061077 0.0803273 0.0992480 0.0899784 0.0612873 0.0729970 0.0752991 0.0749224 0.0723470 0.0909561 0.0822701 0.0957456 0.0890436 0.0314731 0.0056741 0.0993531 0.0000010 0.0056476 0.1236745 0.0813836 0.0878390 0.1293939 0.0640695 0.0729825 0.0729135 0.0496782 0.0741499 0.1195255 0.1059733 0.0727051 0.0751532 0.0528926 0.0671499 0.0436599 0.0513949 
S1100         0.1698548 0.0810925 0.1183032 0.0966463 0.0822394 0.1146224 0.0977442 0.0914869 0.1345806 0.0949815 0.1010550 0.1152799 0.1287952 0.1049609 0.1345914 0.0733440 0.1536367 0.0756000 0.1328012 0.1467769 0.0756000 0.0973667 0.0820749 0.0982224 0.0936086 0.1077795 0.6780472 0.1193060 0.0967132 0.0895691 0.1052529 0.1260516 0.1010735 0.1045747 0.1421749 0.0000000 0.1055838 0.1239040 0.0599563 0.0696726 0.0660112 0.1193035 0.1042838 0.1225992 0.1156401 0.0589537 0.1007399 0.0982224 0.1507041 0.1129197 0.0636138 0.1347195 0.0991777 0.0996626 0.1413424 0.0820318 0.0875401 0.0835514 0.1560648 0.1186735 0.1397095 0.0995201 0.1062169 0.1408787 0.1079982 0.0799903 0.1331441 0.1231479 0.6780472 0.1416012 0.1501190 0.1211292 0.1064889 0.1453633 0.1300993 0.0883731 0.1074694 0.0889415 0.1296569 0.1374744 0.1297781 0.1138824 0.1057465 0.1221556 0.0980353 0.0885825 0.0878751 
S1128         0.1619290 0.0649839 0.0735245 0.0659577 0.0657392 0.0499699 0.0377403 0.0807426 0.0513238 0.0848564 0.0592984 0.0646296 0.0609231 0.0236474 0.0559644 0.0724411 0.0567797 0.0656555 0.0794441 0.0870035 0.0656555 0.0649290 0.1434052 0.0583661 0.0496726 0.0656701 0.0000010 0.0717447 0.0637556 0.0374951 0.0175377 0.0175356 0.0298910 0.0426012 0.0743385 0.1055838 0.0000000 0.0114332 0.1270663 0.0664023 0.1237196 0.0302152 0.0492039 0.0442490 0.0520894 0.1512821 0.0591047 0.0583661 0.0646437 0.0497906 0.0122136 0.0805049 0.0979959 0.0585182 0.0713890 0.0515827 0.0464406 0.0515328 0.0683956 0.0535238 0.0579818 0.0521060 0.0446933 0.0606310 0.0665376 0.0506502 0.0744072 0.0574300 0.0000010 0.0739760 0.0813072 0.0427678 0.0656555 0.0745141 0.0440016 0.0358662 0.0514868 0.0574437 0.0628335 0.0666090 0.0636081 0.0176001 0.0517422 0.0583564 0.0239485 0.0373562 0.0304333 
S1129sl       0.1744560 0.0807315 0.0899325 0.0819503 0.0816993 0.0646129 0.0520980 0.0975472 0.0663862 0.1027396 0.0750623 0.0802483 0.0771384 0.0301272 0.0726092 0.0820358 0.0717772 0.0815747 0.0959209 0.1039183 0.0815747 0.0660595 0.1532013 0.0738577 0.0642325 0.0815937 0.0000010 0.0729938 0.0648468 0.0517720 0.0302273 0.0302364 0.0432791 0.0566364 0.0832356 0.1239040 0.0114332 0.0000000 0.1365570 0.0674003 0.1329135 0.0437779 0.0636090 0.0588954 0.0674467 0.1612018 0.0748209 0.0738577 0.0802666 0.0506291 0.0123861 0.0905189 0.1090428 0.0740520 0.0726257 0.0667529 0.0618939 0.0667075 0.0850615 0.0618030 0.0733904 0.0674552 0.0594934 0.0767943 0.0827064 0.0655390 0.0843205 0.0584170 0.0000010 0.0838133 0.0982591 0.0434774 0.0815747 0.0912059 0.0585762 0.0494457 0.0666348 0.0726580 0.0638948 0.0827339 0.0646946 0.0303488 0.0669956 0.0738415 0.0371684 0.0515599 0.0441000 
S1148         0.2239873 0.1193579 0.1718176 0.0979337 0.0832655 0.1284927 0.1185259 0.1269173 0.1471567 0.1417229 0.0943138 0.1674338 0.1399453 0.1176112 0.1081754 0.1259410 0.1518665 0.1092915 0.1798873 0.1222991 0.1092915 0.1200764 0.0117254 0.0995542 0.1064311 0.1093189 0.0000010 0.1343655 0.1538713 0.1095919 0.1174509 0.1280158 0.1404870 0.1528930 0.1537346 0.0599563 0.1270663 0.1365570 0.0000000 0.2130370 0.0000026 0.1245152 0.1275086 0.1244434 0.1173491 0.0177023 0.1021471 0.0995542 0.1674806 0.1350193 0.1183637 0.1909515 0.1503220 0.0841028 0.1664970 0.1366993 0.0897601 0.0930199 0.1363879 0.1313544 0.1330757 0.1382957 0.1278278 0.1576834 0.1095483 0.1005166 0.1541546 0.1465101 0.0000010 0.1531233 0.1526433 0.1439753 0.1259909 0.1727704 0.1409301 0.1080542 0.1089988 0.0825502 0.1533456 0.1503971 0.1534989 0.1155337 0.1273638 0.1452036 0.1189911 0.1061105 0.1074328 
S1177         0.0921988 0.0000010 0.0687434 0.0709368 0.0901937 0.1106802 0.0696084 0.0512725 0.0696084 0.0314297 0.1163475 0.0687434 0.0901937 0.0674003 0.0962578 0.0151517 0.1302138 0.0512725 0.0687434 0.1252149 0.0512725 0.0510698 0.2443587 0.1331749 0.0314460 0.0901937 0.6780472 0.0696084 0.0483533 0.0683084 0.0496941 0.1119307 0.0511036 0.0483273 0.0314460 0.0696726 0.0664023 0.0674003 0.2130370 0.0000000 0.2090443 0.1090121 0.0312954 0.0901937 0.0916931 0.1576713 0.1154199 0.1331749 0.1088721 0.0851016 0.0161142 0.0687434 0.0323281 0.1122061 0.0652194 0.0329455 0.0750827 0.0706600 0.1408716 0.0947224 0.0873816 0.0513018 0.0696084 0.1124783 0.1628483 0.0153530 0.0153530 0.1090805 0.6780472 0.0314460 0.0916931 0.0870969 0.0695676 0.1161272 0.1075713 0.0656431 0.1121344 0.0656431 0.0480383 0.0696084 0.1058998 0.0664023 0.0875690 0.0722576 0.0672400 0.0487023 0.0683084 
S1180         0.2172558 0.1162343 0.1762036 0.0954980 0.0812129 0.1334209 0.1154297 0.1235988 0.1548373 0.1377974 0.0919015 0.1718309 0.1361699 0.1234761 0.1144516 0.1226423 0.1565579 0.1064899 0.1841115 0.1191870 0.1064899 0.1169079 0.0114786 0.0970505 0.1037552 0.1065159 0.0000010 0.1308394 0.1497082 0.1067583 0.1233178 0.1246353 0.1463227 0.1584610 0.1496014 0.0660112 0.1237196 0.1329135 0.0000026 0.2090443 0.0000000 0.1212903 0.1241489 0.1212368 0.1143160 0.0173274 0.0995232 0.0970505 0.1718781 0.1314432 0.1150771 0.1950340 0.1461740 0.0820139 0.1618920 0.1330552 0.0873904 0.0906677 0.1327801 0.1277984 0.1296134 0.1345711 0.1244492 0.1624465 0.1067282 0.0979588 0.1499886 0.1425372 0.0000010 0.1490127 0.1485605 0.1401318 0.1227141 0.1771928 0.1372460 0.1052954 0.1062119 0.0805322 0.1492083 0.1581952 0.1493538 0.1125864 0.1239894 0.1413068 0.1158584 0.1034493 0.1047020 
S1189         0.1818616 0.0850107 0.1052960 0.0789709 0.0787319 0.0714932 0.0435584 0.0939779 0.0734466 0.1067934 0.0651479 0.0874544 0.0816668 0.0430417 0.0621546 0.0927793 0.0816150 0.0786190 0.1033910 0.0852862 0.0786190 0.0864436 0.1405700 0.0711963 0.0687434 0.0786366 0.0000010 0.0918529 0.0862736 0.0499399 0.0364722 0.0361203 0.0578136 0.0632931 0.0951436 0.1193035 0.0302152 0.0437779 0.1245152 0.1090121 0.1212903 0.0000000 0.0703852 0.0636264 0.0579538 0.1483228 0.0627941 0.0711963 0.0874745 0.0712498 0.0392799 0.1048218 0.1197580 0.0713779 0.0945815 0.0573904 0.0447169 0.0643041 0.0894292 0.0595114 0.0778314 0.0579674 0.0505200 0.0842925 0.0796727 0.0701053 0.0952741 0.0797416 0.0000010 0.0947138 0.0870924 0.0635656 0.0786190 0.0988169 0.0632975 0.0627344 0.0642384 0.0631367 0.0850160 0.0901490 0.0860736 0.0431399 0.0716191 0.0782863 0.0436117 0.0564162 0.0490500 
S1201sl       0.1373153 0.0579367 0.0872552 0.0808689 0.0815921 0.0630887 0.0508481 0.0891258 0.0647846 0.0769910 0.0749894 0.0707838 0.0993352 0.0489289 0.0961398 0.0715456 0.0872164 0.0736291 0.0712968 0.0647636 0.0736291 0.0640648 0.1438601 0.0737916 0.0560017 0.0814873 0.0000027 0.0784116 0.0698401 0.0573878 0.0425581 0.0639335 0.0638417 0.0623539 0.0887280 0.1042838 0.0492039 0.0636090 0.1275086 0.0312954 0.1241489 0.0703852 0.0000000 0.0731852 0.0657914 0.1421365 0.0747494 0.0737916 0.0783375 0.0628733 0.0316709 0.0868344 0.0741179 0.0739848 0.0852045 0.0577772 0.0610452 0.0662941 0.0996224 0.0675667 0.0733268 0.0658008 0.0580538 0.0748643 0.0825924 0.0499888 0.0883151 0.0709133 0.0000027 0.0883149 0.0807255 0.0555518 0.0736291 0.0670714 0.0865309 0.0419425 0.0666006 0.0570395 0.0761667 0.0733214 0.0770996 0.0565831 0.0725642 0.0793102 0.0363097 0.0644184 0.0496816 
S1211         0.1901696 0.0662561 0.0804627 0.0648263 0.0353432 0.0631542 0.0426685 0.0482212 0.0648568 0.0673817 0.0295013 0.0784360 0.0365965 0.0648906 0.0313701 0.0803330 0.0799202 0.0353119 0.0872627 0.0773683 0.0353119 0.0573696 0.1404081 0.0290751 0.0506494 0.0353188 0.0000010 0.0560929 0.0963508 0.0513293 0.0577372 0.0599381 0.0748436 0.0867638 0.0580972 0.1225992 0.0442490 0.0588954 0.1244434 0.0901937 0.1212368 0.0636264 0.0731852 0.0000000 0.0567591 0.1481149 0.0294057 0.0290751 0.0784535 0.0806207 0.0393432 0.0950363 0.0998453 0.0291464 0.1050883 0.0562184 0.0241636 0.0230983 0.0366488 0.0582604 0.0365969 0.0567730 0.0494856 0.0749728 0.0357320 0.0445484 0.0581267 0.0896317 0.0000010 0.0578070 0.0709416 0.0725181 0.0353119 0.0890949 0.0428227 0.0575452 0.0230848 0.0427402 0.0949263 0.0808241 0.0873931 0.0367994 0.0591993 0.0659193 0.0517256 0.0238299 0.0371363 
S1214sl       0.1693102 0.0807141 0.0812014 0.0744921 0.0715664 0.0500460 0.0113852 0.0865791 0.0514088 0.1103761 0.0651842 0.0647933 0.0816757 0.0662425 0.0697692 0.0886311 0.0733103 0.0714706 0.0797178 0.0961129 0.0714706 0.0640478 0.1332985 0.0641722 0.0642143 0.0714865 0.0000010 0.0695664 0.0819522 0.0449028 0.0589262 0.0519171 0.0831896 0.0886063 0.0909660 0.1156401 0.0520894 0.0674467 0.1173491 0.0916931 0.1143160 0.0579538 0.0657914 0.0567591 0.0000000 0.1410183 0.0649770 0.0641722 0.0648076 0.0666247 0.0327834 0.0807907 0.1160629 0.0643366 0.0904112 0.0233416 0.0524820 0.0573616 0.0652948 0.0241613 0.0733728 0.0235535 0.0173310 0.0607755 0.0724236 0.0655206 0.0910866 0.0752330 0.0000010 0.0905367 0.0228702 0.0588162 0.0714706 0.0747563 0.0886726 0.0580257 0.0573075 0.0726409 0.0807178 0.0667897 0.0733226 0.0664195 0.0669764 0.0738237 0.0384093 0.0663626 0.0440795 
