69
S0055      0.0000000 0.1121065 0.0524174 0.0938038 0.0986170 0.0845293 0.1126650 0.0900553 0.0668318 0.0478525 0.0582626 0.0387836 0.0975198 0.0334482 0.0977838 0.0486698 0.0927998 0.0868974 0.1007997 0.1202659 0.1273074 0.0996684 0.1012608 0.1166313 0.0577184 0.1218381 0.1063889 0.1113127 0.1053821 0.0798382 0.0613414 0.1122886 0.0449773 0.0693435 0.0895474 0.1103904 0.0555641 0.1230865 0.0890594 0.0413762 0.0445485 0.0196098 0.0977004 0.0492131 0.0867363 0.0928010 0.0487050 0.0919681 0.1268472 0.1489106 0.0277131 0.1207347 0.0851679 0.0483754 0.1450494 0.0515496 0.1068597 0.0405001 0.0417736 0.0810555 0.0886244 0.1352789 0.0893570 0.0694586 0.1170264 0.1118600 0.0811254 0.1139175 0.0830454 
S0281      0.1121065 0.0000000 0.1251603 0.0745855 0.1118957 0.1049668 0.1227023 0.0891177 0.0973578 0.1104128 0.1140959 0.1218849 0.1312794 0.1104897 0.0415681 0.1272661 0.0377267 0.0870877 0.0302959 0.0850867 0.1210224 0.1143551 0.1162429 0.1066732 0.1100778 0.0413411 0.1162727 0.1214048 0.0987651 0.0938692 0.1284209 0.0873477 0.1275592 0.1369416 0.0894519 0.0965615 0.1207367 0.0998807 0.0705379 0.1102666 0.1210733 0.1227317 0.0698406 0.1070435 0.0782864 0.0925518 0.1254472 0.0374623 0.0450991 0.1463221 0.0956882 0.1096969 0.0926567 0.1318043 0.1473920 0.1158839 0.1404762 0.1105218 0.0834455 0.0811850 0.0799388 0.1683483 0.1212827 0.0661354 0.1065786 0.0745530 0.0881276 0.1257542 0.0800810 
S0282      0.0524174 0.1251603 0.0000000 0.0925965 0.1101529 0.1055175 0.1359349 0.1098708 0.1006762 0.0410626 0.0888763 0.0240006 0.1141185 0.0162172 0.1217129 0.0303277 0.1162744 0.1107150 0.1113166 0.1179146 0.1327804 0.1294493 0.1316554 0.1317170 0.0833155 0.1376571 0.1373478 0.1377458 0.1337626 0.0925435 0.0780652 0.1020183 0.0268273 0.0740587 0.0897355 0.1153429 0.0370289 0.1270333 0.1071417 0.0164754 0.0265730 0.0482828 0.1066978 0.0533525 0.1038398 0.0981620 0.0529224 0.1110248 0.1428895 0.1800637 0.0170159 0.1486961 0.1145671 0.0301327 0.1819416 0.0445295 0.1499034 0.0409171 0.0739955 0.0936062 0.1089276 0.1868953 0.1185882 0.0844721 0.1323446 0.1174909 0.1195196 0.1409395 0.0884424 
S0292      0.0938038 0.0745855 0.0925965 0.0000000 0.1066374 0.1040736 0.1021848 0.0781960 0.0919234 0.0882957 0.0802366 0.0994910 0.1229822 0.0895962 0.0742501 0.1097246 0.0697872 0.0820563 0.0693803 0.0959505 0.1116927 0.0902449 0.0916519 0.0828125 0.0862400 0.0909387 0.0907376 0.0952808 0.0922087 0.0542857 0.0828926 0.0374095 0.1051459 0.1157129 0.0585933 0.1077545 0.1127956 0.1028346 0.0618138 0.0893977 0.0992843 0.0931499 0.0371365 0.0874387 0.0342214 0.0265753 0.0837699 0.0692210 0.0954119 0.1291004 0.0799696 0.0683161 0.0529053 0.1042266 0.1365733 0.1122623 0.1216480 0.0805887 0.0658657 0.0585662 0.0711145 0.1302001 0.0925361 0.0529780 0.0772705 0.0824325 0.0568345 0.1202308 0.0501577 
S0376      0.0986170 0.1118957 0.1101529 0.1066374 0.0000000 0.1113743 0.1233041 0.0726116 0.1161533 0.0862079 0.0977169 0.0999872 0.1279445 0.0862806 0.1043545 0.1054685 0.0993670 0.0731996 0.0903260 0.1021835 0.1499238 0.0769751 0.0863526 0.0970507 0.1112606 0.1191803 0.0887899 0.0934157 0.0831082 0.0881415 0.1029340 0.1021292 0.1010908 0.1130998 0.0884791 0.1289139 0.1090797 0.1125844 0.1017225 0.0926608 0.1000860 0.1023458 0.0959946 0.1012531 0.1066207 0.0967882 0.0966986 0.0901059 0.1240528 0.1467674 0.0859924 0.1106184 0.1009447 0.1003858 0.1553421 0.1038642 0.1442058 0.0862918 0.0823000 0.0991114 0.1012344 0.1483525 0.0706875 0.0687804 0.0957653 0.0992963 0.1055691 0.0410714 0.0695662 
S0412sl    0.0845293 0.1049668 0.1055175 0.1040736 0.1113743 0.0000000 0.1375239 0.1106415 0.0662559 0.0783568 0.0440148 0.0853046 0.0639655 0.0727714 0.0961710 0.0925594 0.0833705 0.0879296 0.0829371 0.1297707 0.1960998 0.1007775 0.1218993 0.1182142 0.0778931 0.1227337 0.1153272 0.1286649 0.1369025 0.0844356 0.0765060 0.1390341 0.0928967 0.1046700 0.0919908 0.1303235 0.0975318 0.1407459 0.1045041 0.0725314 0.0915939 0.0835569 0.1242914 0.0648699 0.1033988 0.0975473 0.0839716 0.0826624 0.1295796 0.1771858 0.0627419 0.1511648 0.0913228 0.0848478 0.1704705 0.0784352 0.1590128 0.0786032 0.0479277 0.0804944 0.0839212 0.1585912 0.1166181 0.0708144 0.1516598 0.1143766 0.1042370 0.1177850 0.0962979 
S0417      0.1126650 0.1227023 0.1359349 0.1021848 0.1233041 0.1375239 0.0000000 0.1046429 0.1165864 0.1131771 0.1016212 0.1200227 0.1334782 0.1081168 0.0980842 0.1304290 0.1000372 0.1025448 0.0993597 0.1235013 0.0416334 0.1102191 0.1131615 0.1089348 0.1449902 0.1146587 0.1208150 0.1261871 0.1105771 0.0976729 0.1207925 0.1217588 0.1254467 0.1312565 0.1024895 0.1275101 0.1344052 0.1264900 0.0919194 0.1078904 0.1240974 0.1167253 0.1155094 0.1151674 0.1015722 0.1108293 0.1087139 0.0991024 0.1196494 0.0523793 0.0983527 0.1402789 0.0869756 0.1297751 0.0336889 0.1283547 0.0412936 0.1032425 0.0900599 0.0986553 0.0966471 0.0593836 0.1020463 0.0819032 0.1096609 0.1036744 0.0823723 0.1376235 0.0808123 
S0552sl    0.0900553 0.0891177 0.1098708 0.0781960 0.0726116 0.1106415 0.1046429 0.0000000 0.1105243 0.0904245 0.0796213 0.0906043 0.1212071 0.0860248 0.0829917 0.1051903 0.0783667 0.0377416 0.0698489 0.1011505 0.1207895 0.0377138 0.0456138 0.0466534 0.0832075 0.1056250 0.0538991 0.0625572 0.0458918 0.0712833 0.0924095 0.0953673 0.1008154 0.0967320 0.0794354 0.1326700 0.1128604 0.1034753 0.0787046 0.0915002 0.0998135 0.0937749 0.0901494 0.0740502 0.0864284 0.0774012 0.0903761 0.0777097 0.1103239 0.1319133 0.0766985 0.1119862 0.0817518 0.1046538 0.1502424 0.1076834 0.1295814 0.0817724 0.0650627 0.0892313 0.0654326 0.1433533 0.0494225 0.0596933 0.0983375 0.0905738 0.0860618 0.0933246 0.0570267 
S0558      0.0668318 0.0973578 0.1006762 0.0919234 0.1161533 0.0662559 0.1165864 0.1105243 0.0000000 0.0919524 0.0532453 0.0969541 0.0745540 0.0874876 0.0821701 0.1069447 0.0775862 0.0894851 0.0771219 0.1291634 0.1369942 0.1122786 0.1100075 0.1189189 0.0556956 0.0960251 0.1152379 0.1202846 0.1164364 0.0882831 0.0909483 0.1099012 0.1025123 0.1126944 0.1028643 0.1127546 0.1089546 0.1373090 0.0736312 0.0872957 0.1014837 0.0705593 0.0957279 0.0690041 0.1025614 0.0955091 0.0867898 0.0769414 0.1005983 0.1466677 0.0780750 0.1298205 0.0831666 0.1063979 0.1336341 0.1007536 0.1376736 0.0831721 0.0411077 0.0660864 0.0829512 0.1419380 0.1163859 0.0836629 0.1200841 0.1038852 0.0875705 0.1300552 0.0914491 
S0641      0.0478525 0.1104128 0.0410626 0.0882957 0.0862079 0.0783568 0.1131771 0.0904245 0.0919524 0.0000000 0.0663510 0.0312002 0.0984277 0.0229416 0.1123278 0.0374600 0.1070636 0.1001663 0.1022477 0.1182781 0.1278904 0.1087361 0.1105007 0.1171391 0.0934624 0.1278838 0.1052561 0.1101011 0.1025618 0.0801694 0.0602708 0.0990041 0.0338903 0.0687137 0.0852924 0.1252014 0.0442256 0.1359343 0.0981158 0.0303903 0.0335688 0.0513076 0.0975614 0.0525910 0.0896364 0.0891633 0.0440089 0.1019847 0.1329932 0.1599076 0.0204992 0.1262282 0.0850544 0.0339202 0.1559731 0.0475683 0.1361010 0.0230812 0.0569590 0.0899750 0.0889976 0.1571233 0.0980362 0.0527233 0.1225210 0.1172341 0.0895674 0.1096500 0.0751054 
S0689      0.0582626 0.1140959 0.0888763 0.0802366 0.0977169 0.0440148 0.1016212 0.0796213 0.0532453 0.0663510 0.0000000 0.0742455 0.0579645 0.0663462 0.0935566 0.0804978 0.0926526 0.0766235 0.0836355 0.1165869 0.1338607 0.0778067 0.0917974 0.0891190 0.0345404 0.1214683 0.1010712 0.1058570 0.0885745 0.0669514 0.0576136 0.0979508 0.0802327 0.0896341 0.0804506 0.1085728 0.0920212 0.1193379 0.0662851 0.0616767 0.0794280 0.0659695 0.0925396 0.0571353 0.0887125 0.0793985 0.0705181 0.0918275 0.1264315 0.1503102 0.0566682 0.1109506 0.0538786 0.0839876 0.1375535 0.0871741 0.1314259 0.0622769 0.0301745 0.0544644 0.0580988 0.1454792 0.0848193 0.0485614 0.1068987 0.1063751 0.0665777 0.1021856 0.0701771 
S0690      0.0387836 0.1218849 0.0240006 0.0994910 0.0999872 0.0853046 0.1200227 0.0906043 0.0969541 0.0312002 0.0742455 0.0000000 0.1085890 0.0065659 0.1136343 0.0134670 0.1080874 0.0960552 0.1030211 0.1132533 0.1357919 0.1098191 0.1167372 0.1187053 0.0749870 0.1243029 0.1172467 0.1226214 0.1186316 0.0779971 0.0638624 0.0933829 0.0100495 0.0639882 0.0794501 0.1276380 0.0201782 0.1243390 0.1036117 0.0135307 0.0099519 0.0385013 0.1080502 0.0356511 0.0841926 0.0940940 0.0391716 0.1027427 0.1296023 0.1580853 0.0033543 0.1159705 0.0994497 0.0133728 0.1660286 0.0384056 0.1340961 0.0310922 0.0598080 0.0949796 0.0786470 0.1714163 0.1035282 0.0640706 0.1297273 0.1077100 0.0978721 0.1204806 0.0737026 
S0742      0.0975198 0.1312794 0.1141185 0.1229822 0.1279445 0.0639655 0.1334782 0.1212071 0.0745540 0.0984277 0.0579645 0.1085890 0.0000000 0.0937969 0.1134775 0.1049652 0.1171973 0.1076618 0.1074145 0.1490716 0.1634610 0.1227872 0.1199255 0.1370561 0.0858536 0.1291813 0.1456042 0.1386817 0.1225097 0.1075929 0.1019766 0.1333975 0.1094630 0.1069391 0.1233625 0.1309007 0.1220110 0.1628747 0.0944835 0.0891155 0.1083434 0.1018547 0.1270035 0.0915346 0.1186712 0.1125087 0.1071757 0.1071344 0.1343376 0.1765373 0.0883999 0.1421001 0.1036625 0.1134671 0.1723288 0.0968232 0.1721070 0.0893256 0.0564927 0.1034105 0.0992463 0.1647393 0.1219654 0.0856434 0.1481152 0.1226872 0.1125918 0.1424354 0.1019312 
S0756      0.0334482 0.1104897 0.0162172 0.0895962 0.0862806 0.0727714 0.1081168 0.0860248 0.0874876 0.0229416 0.0663462 0.0065659 0.0937969 0.0000000 0.1075049 0.0129239 0.1023345 0.0867032 0.0975953 0.1134118 0.1226400 0.1040980 0.1057725 0.1122469 0.0664851 0.1228462 0.1109680 0.1159695 0.1073780 0.0699016 0.0568240 0.0930613 0.0096466 0.0569140 0.0711190 0.1107958 0.0193636 0.1175135 0.0934916 0.0064050 0.0095566 0.0332193 0.0976369 0.0340397 0.0798732 0.0846465 0.0337681 0.0973471 0.1278887 0.1542306 0.0000028 0.1212540 0.0895807 0.0128369 0.1503384 0.0296988 0.1211716 0.0228690 0.0530231 0.0854275 0.0844904 0.1556837 0.0934125 0.0611930 0.1175373 0.1033737 0.0941536 0.1144046 0.0708248 
S0760      0.0977838 0.0415681 0.1217129 0.0742501 0.1043545 0.0961710 0.0980842 0.0829917 0.0821701 0.1123278 0.0935566 0.1136343 0.1134775 0.1075049 0.0000000 0.1094437 0.0095568 0.0853657 0.0228444 0.0841843 0.1023791 0.0857478 0.0999364 0.0866103 0.1291851 0.0338260 0.0999471 0.1046812 0.0967311 0.0888641 0.1021829 0.0913090 0.1239894 0.1256703 0.0843155 0.0827707 0.1223820 0.0904069 0.0534158 0.1072892 0.1227162 0.1104663 0.0698918 0.0956750 0.0841097 0.0921149 0.1080725 0.0161395 0.0374625 0.1149386 0.0981802 0.1050191 0.0837815 0.1281071 0.1270902 0.1078122 0.1081539 0.1028552 0.0691849 0.0581775 0.0703167 0.1262218 0.0959752 0.0614463 0.0908273 0.0568697 0.0750207 0.1088130 0.0738951 
S0763      0.0486698 0.1272661 0.0303277 0.1097246 0.1054685 0.0925594 0.1304290 0.1051903 0.1069447 0.0374600 0.0804978 0.0134670 0.1049652 0.0129239 0.1094437 0.0000000 0.1131924 0.1060024 0.1082333 0.1352494 0.1459276 0.1244567 0.1265521 0.1338203 0.0837364 0.1243355 0.1187144 0.1375978 0.1184766 0.0881053 0.0738991 0.1035491 0.0095173 0.0699303 0.0897216 0.1276155 0.0264519 0.1394559 0.1094929 0.0163076 0.0163189 0.0483158 0.1180641 0.0495384 0.0991346 0.1043267 0.0491393 0.1079483 0.1294416 0.1677992 0.0065974 0.1234533 0.1054388 0.0197319 0.1755875 0.0371995 0.1387692 0.0373297 0.0698788 0.0906446 0.0905929 0.1806100 0.1136355 0.0668038 0.1395663 0.1143824 0.1145301 0.1255918 0.0893463 
S0770      0.0927998 0.0377267 0.1162744 0.0697872 0.0993670 0.0833705 0.1000372 0.0783667 0.0775862 0.1070636 0.0926526 0.1080874 0.1171973 0.1023345 0.0095568 0.1131924 0.0000000 0.0807827 0.0194015 0.0838104 0.1081679 0.0853599 0.0950395 0.0862142 0.1272253 0.0336880 0.0950463 0.0996695 0.0918301 0.0840590 0.0971341 0.0865431 0.1184349 0.1200082 0.0795939 0.0823939 0.1169127 0.0899937 0.0529584 0.1021242 0.1172266 0.1053071 0.0655143 0.0908434 0.0794106 0.0785650 0.1028746 0.0127946 0.0373086 0.1212215 0.0882638 0.1086455 0.0829952 0.1224902 0.1297066 0.1026272 0.1141661 0.0977725 0.0648561 0.0582770 0.0696810 0.1326419 0.0911125 0.0608755 0.0860877 0.0527801 0.0705025 0.1037411 0.0694619 
S0771      0.0868974 0.0870877 0.1107150 0.0820563 0.0731996 0.0879296 0.1025448 0.0377416 0.0894851 0.1001663 0.0766235 0.0960552 0.1076618 0.0867032 0.0853657 0.1060024 0.0807827 0.0000000 0.0802994 0.0953748 0.1182723 0.0517411 0.0486616 0.0654851 0.0820601 0.0986326 0.0625335 0.0658997 0.0607678 0.0699556 0.0818878 0.0993577 0.1016012 0.1068943 0.0695056 0.1208035 0.1137111 0.0975229 0.0692630 0.0865134 0.1005870 0.0861762 0.0940604 0.0726884 0.0851796 0.0812202 0.1001042 0.0801122 0.1031540 0.1196812 0.0773374 0.1073920 0.0856087 0.1054612 0.1272704 0.1084979 0.1176005 0.0912212 0.0479461 0.0875106 0.0689323 0.1209675 0.0524536 0.0635287 0.0938935 0.0888750 0.0899505 0.0849192 0.0560220 
S0795      0.1007997 0.0302959 0.1113166 0.0693803 0.0903260 0.0829371 0.0993597 0.0698489 0.0771219 0.1022477 0.0836355 0.1030211 0.1074145 0.0975953 0.0228444 0.1082333 0.0194015 0.0802994 0.0000000 0.0754163 0.1074214 0.0848396 0.0944343 0.0775453 0.1246253 0.0333779 0.0944405 0.0990210 0.0742869 0.0835324 0.1011082 0.0778213 0.1133759 0.1148563 0.0791036 0.0818904 0.1119272 0.0812833 0.0526742 0.0973901 0.1122236 0.1046036 0.0730301 0.0863890 0.0707655 0.0785025 0.0981112 0.0127398 0.0369596 0.1203270 0.0879042 0.0993384 0.0824828 0.1173820 0.1287404 0.0978744 0.1225731 0.0931047 0.0644892 0.0579502 0.0692749 0.1316571 0.0905358 0.0605162 0.0774115 0.0450962 0.0781654 0.0945786 0.0690596 
S0888      0.1202659 0.0850867 0.1179146 0.0959505 0.1021835 0.1297707 0.1235013 0.1011505 0.1291634 0.1182781 0.1165869 0.1132533 0.1490716 0.1134118 0.0841843 0.1352494 0.0838104 0.0953748 0.0754163 0.0000000 0.1334690 0.0817334 0.1054056 0.0831681 0.1567266 0.0932573 0.0979849 0.1059365 0.1207984 0.1119340 0.1218782 0.0961245 0.1201383 0.1474053 0.0840869 0.0573859 0.1390933 0.0198436 0.0957874 0.1131899 0.1290505 0.1310272 0.0992917 0.1055329 0.0996967 0.1062287 0.1282670 0.0752445 0.0976652 0.1599322 0.1083771 0.1231193 0.1152564 0.1346078 0.1513094 0.1331661 0.1514689 0.1134462 0.1002937 0.1018157 0.1050674 0.1612612 0.1064613 0.0651324 0.0970515 0.1033863 0.1041320 0.1247519 0.0727593 
S0899      0.1273074 0.1210224 0.1327804 0.1116927 0.1499238 0.1960998 0.0416334 0.1207895 0.1369942 0.1278904 0.1338607 0.1357919 0.1634610 0.1226400 0.1023791 0.1459276 0.1081679 0.1182723 0.1074214 0.1334690 0.0000000 0.1326208 0.1296610 0.1246575 0.1435771 0.1242627 0.1386421 0.1494933 0.1272569 0.1296536 0.1414660 0.1095825 0.1408015 0.1517428 0.1243045 0.1378439 0.1484610 0.1420727 0.1058466 0.1224050 0.1392892 0.1313732 0.1037653 0.1295957 0.1230665 0.1329909 0.1220424 0.1071401 0.1293775 0.0722807 0.1078764 0.1475537 0.1344206 0.1452388 0.0695028 0.1322560 0.0516908 0.1175862 0.1053449 0.1183160 0.1282283 0.0921665 0.1246911 0.1027918 0.1354290 0.1117791 0.1290044 0.1652526 0.0933112 
S0956      0.0996684 0.1143551 0.1294493 0.0902449 0.0769751 0.1007775 0.1102191 0.0377138 0.1122786 0.1087361 0.0778067 0.1098191 0.1227872 0.1040980 0.0857478 0.1244567 0.0853599 0.0517411 0.0848396 0.0817334 0.1326208 0.0000000 0.0335699 0.0200261 0.1104174 0.1034868 0.0579462 0.0651820 0.0524441 0.0779638 0.0905597 0.1078620 0.1198984 0.1052125 0.0860730 0.0997408 0.1323085 0.0835379 0.0880551 0.1038913 0.1187040 0.1080328 0.0939843 0.0806069 0.0986217 0.0893183 0.0985911 0.0846389 0.1080746 0.1307818 0.0950006 0.1247092 0.0937974 0.1238658 0.1302424 0.1267607 0.1218235 0.0898752 0.0756371 0.0897855 0.0803058 0.1251464 0.0411550 0.0712955 0.0982836 0.1059278 0.0898777 0.0803739 0.0635294 
S0959      0.1012608 0.1162429 0.1316554 0.0916519 0.0863526 0.1218993 0.1131615 0.0456138 0.1100075 0.1105007 0.0917974 0.1167372 0.1199255 0.1057725 0.0999364 0.1265521 0.0950395 0.0486616 0.0944343 0.1054056 0.1296610 0.0335699 0.0000000 0.0421122 0.1110536 0.1234629 0.0663075 0.0696752 0.0529329 0.0741452 0.0951071 0.1095993 0.1219062 0.1012546 0.0874080 0.1197199 0.1233388 0.1078306 0.0808033 0.1055614 0.1206738 0.1010409 0.1039978 0.0863700 0.1001744 0.0906958 0.1001432 0.0942031 0.1283532 0.1330325 0.0965639 0.1267443 0.0952581 0.1259471 0.1388991 0.1288686 0.1385222 0.0912684 0.0726196 0.0828394 0.0866294 0.1322795 0.0448861 0.0685495 0.0998286 0.0985198 0.0997578 0.1065707 0.0644454 
S0960      0.1166313 0.1066732 0.1317170 0.0828125 0.0970507 0.1182142 0.1089348 0.0466534 0.1189189 0.1171391 0.0891190 0.1187053 0.1370561 0.1122469 0.0866103 0.1338203 0.0862142 0.0654851 0.0775453 0.0831681 0.1246575 0.0200261 0.0421122 0.0000000 0.1227008 0.1045710 0.0725048 0.0759804 0.0622481 0.0847558 0.1120832 0.1003151 0.1290264 0.1118325 0.0830815 0.1007885 0.1420156 0.0810416 0.0808084 0.1120276 0.1276996 0.1163293 0.0949453 0.0865737 0.0970716 0.0965772 0.1063532 0.0854769 0.1092190 0.1300731 0.1029834 0.1172610 0.1012952 0.1331872 0.1295216 0.1360987 0.1304079 0.0971931 0.0865091 0.0824051 0.0870784 0.1337666 0.0536326 0.0690787 0.0967258 0.0985406 0.0966596 0.0989022 0.0612386 
S1052sl    0.0577184 0.1100778 0.0833155 0.0862400 0.1112606 0.0778931 0.1449902 0.0832075 0.0556956 0.0934624 0.0345404 0.0749870 0.0858536 0.0664851 0.1291851 0.0837364 0.1272253 0.0820601 0.1246253 0.1567266 0.1435771 0.1104174 0.1110536 0.1227008 0.0000000 0.1479927 0.1229108 0.1479504 0.0936053 0.1073784 0.0769965 0.0939845 0.0749870 0.1058961 0.0866483 0.1847635 0.1105496 0.1684205 0.0749713 0.0739553 0.0832380 0.0577184 0.0764971 0.0584949 0.0844903 0.0922061 0.0751260 0.1246253 0.1479927 0.2001489 0.0589901 0.1233836 0.0846379 0.0939271 0.2142091 0.1027144 0.1796234 0.0667964 0.0493557 0.0842949 0.0837048 0.2221697 0.0860504 0.0899079 0.1343616 0.1135570 0.0846379 0.1397994 0.0749713 
S1083      0.1218381 0.0413411 0.1376571 0.0909387 0.1191803 0.1227337 0.1146587 0.1056250 0.0960251 0.1278838 0.1214683 0.1243029 0.1291813 0.1228462 0.0338260 0.1243355 0.0336880 0.0986326 0.0333779 0.0932573 0.1242627 0.1034868 0.1234629 0.1045710 0.1479927 0.0000000 0.1139067 0.1188823 0.1019428 0.1122512 0.1165375 0.0994944 0.1298025 0.1521617 0.0953593 0.0836621 0.1281136 0.1084162 0.0777148 0.1226205 0.1284676 0.1349919 0.0863623 0.1190061 0.1014385 0.1096579 0.1328557 0.0334591 0.0031396 0.1277721 0.1133567 0.1222991 0.1107830 0.1339675 0.1211568 0.1231959 0.1307647 0.1179923 0.0819379 0.0840128 0.0872238 0.1392733 0.1194626 0.0747124 0.1138436 0.0773813 0.0973244 0.1141727 0.0873603 
S1128      0.1063889 0.1162727 0.1373478 0.0907376 0.0887899 0.1153272 0.1208150 0.0538991 0.1152379 0.1052561 0.1010712 0.1172467 0.1456042 0.1109680 0.0999471 0.1187144 0.0950463 0.0625335 0.0944405 0.0979849 0.1386421 0.0579462 0.0663075 0.0725048 0.1229108 0.1139067 0.0000000 0.0239660 0.0848461 0.0751843 0.0905624 0.1148281 0.1142344 0.1132843 0.0873747 0.1389890 0.1401961 0.1002501 0.0918862 0.1045193 0.1261402 0.1102262 0.1090803 0.0865380 0.1052176 0.0955681 0.1005585 0.0859226 0.1186779 0.1509502 0.0955878 0.1231237 0.1002114 0.1276406 0.1481910 0.1298087 0.1320878 0.1026001 0.0691677 0.1024797 0.0862158 0.1529542 0.0718095 0.0735190 0.1157283 0.1195730 0.1047828 0.1202453 0.0742017 
S1129sl    0.1113127 0.1214048 0.1377458 0.0952808 0.0934157 0.1286649 0.1261871 0.0625572 0.1202846 0.1101011 0.1058570 0.1226214 0.1386817 0.1159695 0.1046812 0.1375978 0.0996695 0.0658997 0.0990210 0.1059365 0.1494933 0.0651820 0.0696752 0.0759804 0.1479504 0.1188823 0.0239660 0.0000000 0.0841025 0.0795521 0.0951023 0.1198733 0.1328106 0.1070563 0.0871033 0.1380501 0.1457558 0.1083918 0.0965011 0.1110001 0.1314566 0.1151779 0.1139659 0.0910216 0.1100546 0.1002205 0.1053139 0.0903664 0.1237434 0.1623742 0.1068440 0.1282647 0.1049508 0.1330342 0.1592051 0.1277922 0.1427656 0.1074749 0.0733356 0.1073419 0.0906859 0.1641571 0.0752563 0.0823200 0.1208170 0.1246806 0.1096016 0.1254086 0.0784908 
S1189      0.1053821 0.0987651 0.1337626 0.0922087 0.0831082 0.1369025 0.1105771 0.0458918 0.1164364 0.1025618 0.0885745 0.1186316 0.1225097 0.1073780 0.0967311 0.1184766 0.0918301 0.0607678 0.0742869 0.1207984 0.1272569 0.0524441 0.0529329 0.0622481 0.0936053 0.1019428 0.0848461 0.0841025 0.0000000 0.0794704 0.1015688 0.1056594 0.1238275 0.1085706 0.0886891 0.1167277 0.1366712 0.1175192 0.0862007 0.1071628 0.1225585 0.1161841 0.0955043 0.0963159 0.1007977 0.0912394 0.0969374 0.0910197 0.1066389 0.1404105 0.0932603 0.1275918 0.0958394 0.1279369 0.1574363 0.1257873 0.1407876 0.0970896 0.0777870 0.0879366 0.0923004 0.1602931 0.0568134 0.0693767 0.1091434 0.0953542 0.1003761 0.1040406 0.0693667 
S1201sl    0.0798382 0.0938692 0.0925435 0.0542857 0.0881415 0.0844356 0.0976729 0.0712833 0.0882831 0.0801694 0.0669514 0.0779971 0.1075929 0.0699016 0.0888641 0.0881053 0.0840590 0.0699556 0.0835324 0.1119340 0.1296536 0.0779638 0.0741452 0.0847558 0.1073784 0.1122512 0.0751843 0.0795521 0.0794704 0.0000000 0.0706976 0.0689969 0.0838764 0.0908873 0.0662224 0.1079872 0.0911388 0.1018672 0.0756384 0.0697350 0.0786677 0.0836268 0.0611004 0.0660247 0.0621472 0.0537503 0.0750486 0.0833291 0.1171119 0.1189816 0.0603352 0.0909659 0.0578112 0.0876247 0.1383427 0.0974507 0.1272870 0.0715478 0.0534961 0.0678781 0.0671071 0.1307139 0.0799012 0.0574083 0.1023559 0.0974893 0.0618678 0.1067880 0.0543181 
S1211      0.0613414 0.1284209 0.0780652 0.0828926 0.1029340 0.0765060 0.1207925 0.0924095 0.0909483 0.0602708 0.0576136 0.0638624 0.1019766 0.0568240 0.1021829 0.0738991 0.0971341 0.0818878 0.1011082 0.1218782 0.1414660 0.0905597 0.0951071 0.1120832 0.0769965 0.1165375 0.0905624 0.0951023 0.1015688 0.0706976 0.0000000 0.1073330 0.0698728 0.0618180 0.0888189 0.1144404 0.0811895 0.1247860 0.0929939 0.0566820 0.0691890 0.0641535 0.0970191 0.0519123 0.0878665 0.0881726 0.0521951 0.0922648 0.1214505 0.1523997 0.0514523 0.1247937 0.0921803 0.0692388 0.1525824 0.0766442 0.1300743 0.0565447 0.0563686 0.0804906 0.0785119 0.1282020 0.0803554 0.0700545 0.1211158 0.1069373 0.0881517 0.1165477 0.0824797 
S1214sl    0.1122886 0.0873477 0.1020183 0.0374095 0.1021292 0.1390341 0.1217588 0.0953673 0.1099012 0.0990041 0.0979508 0.0933829 0.1333975 0.0930613 0.0913090 0.1035491 0.0865431 0.0993577 0.0778213 0.0961245 0.1095825 0.1078620 0.1095993 0.1003151 0.0939845 0.0994944 0.1148281 0.1198733 0.1056594 0.0689969 0.1073330 0.0000000 0.0990882 0.1313968 0.0616138 0.1128283 0.1076749 0.1006415 0.0782169 0.0928603 0.0944024 0.1161885 0.0228246 0.1011683 0.0454675 0.0452045 0.1037648 0.0776374 0.1040734 0.1265529 0.0742132 0.0489052 0.0646109 0.1030050 0.1578383 0.1273305 0.1423085 0.0991022 0.0824838 0.0797887 0.0793937 0.1465623 0.1018572 0.0611666 0.0960088 0.0913182 0.0686845 0.1107150 0.0683822 
S1227      0.0449773 0.1275592 0.0268273 0.1051459 0.1010908 0.0928967 0.1254467 0.1008154 0.1025123 0.0338903 0.0802327 0.0100495 0.1094630 0.0096466 0.1239894 0.0095173 0.1184349 0.1016012 0.1133759 0.1201383 0.1408015 0.1198984 0.1219062 0.1290264 0.0749870 0.1298025 0.1142344 0.1328106 0.1238275 0.0838764 0.0698728 0.0990882 0.0000000 0.0700237 0.0854042 0.1279104 0.0230359 0.1282232 0.1091343 0.0129824 0.0129926 0.0446534 0.1134584 0.0457820 0.0947072 0.0998263 0.0454125 0.1130733 0.1349957 0.1624639 0.0032819 0.1281037 0.1050905 0.0163637 0.1701723 0.0409411 0.1391158 0.0337745 0.0658862 0.1007168 0.0902920 0.1752889 0.1090544 0.0709627 0.1243587 0.1196974 0.1099193 0.1209723 0.0850461 
S1235sl    0.0693435 0.1369416 0.0740587 0.1157129 0.1130998 0.1046700 0.1312565 0.0967320 0.1126944 0.0687137 0.0896341 0.0639882 0.1069391 0.0569140 0.1256703 0.0699303 0.1200082 0.1068943 0.1148563 0.1474053 0.1517428 0.1052125 0.1012546 0.1118325 0.1058961 0.1521617 0.1132843 0.1070563 0.1085706 0.0908873 0.0618180 0.1313968 0.0700237 0.0000000 0.1044347 0.1243656 0.0733159 0.1511278 0.1125707 0.0576142 0.0693352 0.0692497 0.1292690 0.0688206 0.1106922 0.1101312 0.0378433 0.1145449 0.1576980 0.1673512 0.0515252 0.1403041 0.1144504 0.0736502 0.1771957 0.0561918 0.1379396 0.0523885 0.0745907 0.0994838 0.1099165 0.1780614 0.0944105 0.0791912 0.1275601 0.1213088 0.1194179 0.1163663 0.1035491 
S1238sl    0.0895474 0.0894519 0.0897355 0.0585933 0.0884791 0.0919908 0.1024895 0.0794354 0.1028643 0.0852924 0.0804506 0.0794501 0.1233625 0.0711190 0.0843155 0.0897216 0.0795939 0.0695056 0.0791036 0.0840869 0.1243045 0.0860730 0.0874080 0.0830815 0.0866483 0.0953593 0.0873747 0.0871033 0.0886891 0.0662224 0.0888189 0.0616138 0.0854042 0.1044347 0.0000000 0.1097786 0.0974087 0.0840310 0.0712718 0.0709478 0.0845393 0.0798667 0.0619594 0.0740318 0.0659031 0.0662260 0.0898796 0.0789134 0.0998951 0.1404217 0.0614046 0.0958392 0.0710981 0.0892273 0.1291256 0.1029918 0.1325630 0.0853788 0.0660295 0.0683766 0.0712973 0.1467216 0.0882446 0.0407807 0.0931014 0.0928491 0.0668567 0.1108839 0.0580081 
S1260      0.1103904 0.0965615 0.1153429 0.1077545 0.1289139 0.1303235 0.1275101 0.1326700 0.1127546 0.1252014 0.1085728 0.1276380 0.1309007 0.1107958 0.0827707 0.1276155 0.0823939 0.1208035 0.0818904 0.0573859 0.1378439 0.0997408 0.1197199 0.1007885 0.1847635 0.0836621 0.1389890 0.1380501 0.1167277 0.1079872 0.1144404 0.1128283 0.1279104 0.1243656 0.1097786 0.0000000 0.1367062 0.0707972 0.0905353 0.1105721 0.1265635 0.1230605 0.1069995 0.1124335 0.1100803 0.1187358 0.1134957 0.0736195 0.0880974 0.1491812 0.1056177 0.1438359 0.1333553 0.1321635 0.1461283 0.1208738 0.1118827 0.1081653 0.1018029 0.0823488 0.1235230 0.1563137 0.1118802 0.0751502 0.1134912 0.0975043 0.1188185 0.1262322 0.0928106 
S1278      0.0555641 0.1207367 0.0370289 0.1127956 0.1090797 0.0975318 0.1344052 0.1128604 0.1089546 0.0442256 0.0920212 0.0201782 0.1220110 0.0193636 0.1223820 0.0264519 0.1169127 0.1137111 0.1119272 0.1390933 0.1484610 0.1323085 0.1233388 0.1420156 0.1105496 0.1281136 0.1401961 0.1457558 0.1366712 0.0911388 0.0811895 0.1076749 0.0230359 0.0733159 0.0974087 0.1367062 0.0000000 0.1432811 0.1118933 0.0265845 0.0161517 0.0551560 0.1210794 0.0565421 0.1022026 0.1073957 0.0486383 0.1116324 0.1332353 0.1718755 0.0168096 0.1371391 0.1031093 0.0262818 0.1796896 0.0441149 0.1481746 0.0440683 0.0771419 0.1035500 0.0846093 0.1846202 0.1216046 0.0831560 0.1329325 0.1181421 0.1078470 0.1201414 0.0970069 
S1315      0.1230865 0.0998807 0.1270333 0.1028346 0.1125844 0.1407459 0.1264900 0.1034753 0.1373090 0.1359343 0.1193379 0.1243390 0.1628747 0.1175135 0.0904069 0.1394559 0.0899937 0.0975229 0.0812833 0.0198436 0.1420727 0.0835379 0.1078306 0.0810416 0.1684205 0.1084162 0.1002501 0.1083918 0.1175192 0.1018672 0.1247860 0.1006415 0.1282232 0.1511278 0.0840310 0.0707972 0.1432811 0.0000000 0.1026387 0.1172915 0.1332214 0.1341506 0.1052497 0.1079608 0.1019507 0.1086948 0.1249692 0.0810916 0.1130758 0.1640287 0.1079577 0.1331297 0.1229415 0.1388097 0.1550987 0.1462107 0.1552779 0.1256131 0.1025758 0.1089893 0.1074831 0.1653017 0.1089382 0.0804061 0.1030658 0.1104377 0.1179077 0.1423620 0.0921458 
S1332      0.0890594 0.0705379 0.1071417 0.0618138 0.1017225 0.1045041 0.0919194 0.0787046 0.0736312 0.0981158 0.0662851 0.1036117 0.0944835 0.0934916 0.0534158 0.1094929 0.0529584 0.0692630 0.0526742 0.0957874 0.1058466 0.0880551 0.0808033 0.0808084 0.0749713 0.0777148 0.0918862 0.0965011 0.0862007 0.0756384 0.0929939 0.0782169 0.1091343 0.1125707 0.0712718 0.0905353 0.1118933 0.1026387 0.0000000 0.0932895 0.1080180 0.0840227 0.0733930 0.0873086 0.0754399 0.0789051 0.0917576 0.0525610 0.0819947 0.1149412 0.0839906 0.0922901 0.0576046 0.1131363 0.1269539 0.1120222 0.1162461 0.0830235 0.0536535 0.0298577 0.0462009 0.1299426 0.0850779 0.0442117 0.0788733 0.0654738 0.0621231 0.1083128 0.0615363 
S1369      0.0413762 0.1102666 0.0164754 0.0893977 0.0926608 0.0725314 0.1078904 0.0915002 0.0872957 0.0303903 0.0616767 0.0135307 0.0891155 0.0064050 0.1072892 0.0163076 0.1021242 0.0865134 0.0973901 0.1131899 0.1224050 0.1038913 0.1055614 0.1120276 0.0739553 0.1226205 0.1045193 0.1110001 0.1071628 0.0697350 0.0566820 0.0928603 0.0129824 0.0576142 0.0709478 0.1105721 0.0265845 0.1172915 0.0932895 0.0000000 0.0163948 0.0410804 0.0974312 0.0339458 0.0796884 0.0844544 0.0377958 0.0971427 0.1276612 0.1539939 0.0066692 0.1210312 0.0793812 0.0198267 0.1501002 0.0338107 0.1209389 0.0302881 0.0528880 0.0852335 0.0842989 0.1554532 0.0932105 0.0660181 0.1173138 0.1031612 0.0837563 0.1161565 0.0706546 
S1370      0.0445485 0.1210733 0.0265730 0.0992843 0.1000860 0.0915939 0.1240974 0.0998135 0.1014837 0.0335688 0.0794280 0.0099519 0.1083434 0.0095566 0.1227162 0.0163189 0.1172266 0.1005870 0.1122236 0.1290505 0.1392892 0.1187040 0.1206738 0.1276996 0.0832380 0.1284676 0.1261402 0.1314566 0.1225585 0.0786677 0.0691890 0.0944024 0.0129926 0.0693352 0.0845393 0.1265635 0.0161517 0.1332214 0.1080180 0.0163948 0.0000000 0.0442308 0.1074775 0.0453390 0.0891433 0.0941174 0.0449760 0.1119272 0.1336068 0.1607212 0.0066328 0.1230097 0.0992452 0.0162099 0.1683462 0.0405542 0.1376313 0.0334553 0.0652408 0.0996814 0.0893709 0.1734572 0.1079384 0.0702167 0.1333045 0.1184634 0.1039665 0.1197541 0.0841879 
S1375      0.0196098 0.1227317 0.0482828 0.0931499 0.1023458 0.0835569 0.1167253 0.0937749 0.0705593 0.0513076 0.0659695 0.0385013 0.1018547 0.0332193 0.1104663 0.0483158 0.1053071 0.0861762 0.1046036 0.1310272 0.1313732 0.1080328 0.1010409 0.1163293 0.0577184 0.1349919 0.1102262 0.1151779 0.1161841 0.0836268 0.0641535 0.1161885 0.0446534 0.0692497 0.0798667 0.1230605 0.0551560 0.1341506 0.0840227 0.0410804 0.0442308 0.0000000 0.1103370 0.0488510 0.0821581 0.0921627 0.0486641 0.1043379 0.1401010 0.1469224 0.0275186 0.1246005 0.0890155 0.0480252 0.1491447 0.0511772 0.1202937 0.0404741 0.0452963 0.0757052 0.0828047 0.1490729 0.0978174 0.0686303 0.1071225 0.1157376 0.0935500 0.1225383 0.0868005 
S1376      0.0977004 0.0698406 0.1066978 0.0371365 0.0959946 0.1242914 0.1155094 0.0901494 0.0957279 0.0975614 0.0925396 0.1080502 0.1270035 0.0976369 0.0698918 0.1180641 0.0655143 0.0940604 0.0730301 0.0992917 0.1037653 0.0939843 0.1039978 0.0949453 0.0764971 0.0863623 0.1090803 0.1139659 0.0955043 0.0611004 0.0970191 0.0228246 0.1134584 0.1292690 0.0619594 0.1069995 0.1210794 0.1052497 0.0733930 0.0974312 0.1074775 0.1103370 0.0000000 0.0997170 0.0525354 0.0522410 0.0975020 0.0649922 0.0907676 0.1209206 0.0835699 0.0638314 0.0640827 0.1174759 0.1506171 0.1162265 0.1258034 0.0976568 0.0775556 0.0748449 0.0831196 0.1396670 0.0963748 0.0607083 0.0991782 0.0861713 0.0525515 0.1097045 0.0638692 
S1381      0.0492131 0.1070435 0.0533525 0.0874387 0.1012531 0.0648699 0.1151674 0.0740502 0.0690041 0.0525910 0.0571353 0.0356511 0.0915346 0.0340397 0.0956750 0.0495384 0.0908434 0.0726884 0.0863890 0.1055329 0.1295957 0.0806069 0.0863700 0.0865737 0.0584949 0.1190061 0.0865380 0.0910216 0.0963159 0.0660247 0.0519123 0.1011683 0.0457820 0.0688206 0.0740318 0.1124335 0.0565421 0.1079608 0.0873086 0.0339458 0.0453390 0.0488510 0.0997170 0.0000000 0.0866742 0.0826388 0.0525828 0.0861804 0.1238550 0.1499064 0.0281318 0.1181842 0.0791067 0.0492351 0.1516421 0.0524539 0.1280872 0.0523935 0.0445754 0.0794866 0.0774565 0.1514140 0.0838870 0.0687055 0.1145483 0.0922278 0.0834645 0.1190308 0.0692138 
S1422      0.0867363 0.0782864 0.1038398 0.0342214 0.1066207 0.1033988 0.1015722 0.0864284 0.1025614 0.0896364 0.0887125 0.0841926 0.1186712 0.0798732 0.0841097 0.0991346 0.0794106 0.0851796 0.0707655 0.0996967 0.1230665 0.0986217 0.1001744 0.0970716 0.0844903 0.1014385 0.1052176 0.1100546 0.1007977 0.0621472 0.0878665 0.0454675 0.0947072 0.1106922 0.0659031 0.1100803 0.1022026 0.1019507 0.0754399 0.0796884 0.0891433 0.0821581 0.0525354 0.0866742 0.0000000 0.0340565 0.0895883 0.0705995 0.1061066 0.1389339 0.0699836 0.0683508 0.0605537 0.0986041 0.1260038 0.1017502 0.1208463 0.0807188 0.0738938 0.0809422 0.0702023 0.1354281 0.0836063 0.0566847 0.0869635 0.0872847 0.0645626 0.1201843 0.0657461 
S1449      0.0928010 0.0925518 0.0981620 0.0265753 0.0967882 0.0975473 0.1108293 0.0774012 0.0955091 0.0891633 0.0793985 0.0940940 0.1125087 0.0846465 0.0921149 0.1043267 0.0785650 0.0812202 0.0785025 0.1062287 0.1329909 0.0893183 0.0906958 0.0965772 0.0922061 0.1096579 0.0955681 0.1002205 0.0912394 0.0537503 0.0881726 0.0452045 0.0998263 0.1101312 0.0662260 0.1187358 0.1073957 0.1086948 0.0789051 0.0844544 0.0941174 0.0921627 0.0522410 0.0826388 0.0340565 0.0000000 0.0840438 0.0783154 0.1144024 0.1382764 0.0702720 0.0679846 0.0523969 0.1037764 0.1456440 0.1069042 0.1305894 0.0802816 0.0652076 0.0756483 0.0703868 0.1347949 0.0831638 0.0608396 0.0768903 0.0921244 0.0642116 0.1099971 0.0653841 
S1460      0.0487050 0.1254472 0.0529224 0.0837699 0.0966986 0.0839716 0.1087139 0.0903761 0.0867898 0.0440089 0.0705181 0.0391716 0.1071757 0.0337681 0.1080725 0.0491393 0.1028746 0.1001042 0.0981112 0.1282670 0.1220424 0.0985911 0.1001432 0.1063532 0.0751260 0.1328557 0.1005585 0.1053139 0.0969374 0.0750486 0.0521951 0.1037648 0.0454125 0.0378433 0.0898796 0.1134957 0.0486383 0.1249692 0.0917576 0.0377958 0.0449760 0.0486641 0.0975020 0.0525828 0.0895883 0.0840438 0.0000000 0.0892283 0.1380182 0.1463786 0.0278983 0.1169510 0.0941240 0.0449830 0.1511352 0.0484097 0.1218267 0.0298119 0.0569472 0.0838558 0.0889499 0.1509143 0.0880381 0.0696917 0.1047828 0.1039248 0.0987504 0.1045354 0.0833477 
S1462      0.0919681 0.0374623 0.1110248 0.0692210 0.0901059 0.0826624 0.0991024 0.0777097 0.0769414 0.1019847 0.0918275 0.1027427 0.1071344 0.0973471 0.0161395 0.1079483 0.0127946 0.0801122 0.0127398 0.0752445 0.1071401 0.0846389 0.0942031 0.0854769 0.1246253 0.0334591 0.0859226 0.0903664 0.0910197 0.0833291 0.0922648 0.0776374 0.1130733 0.1145449 0.0789134 0.0736195 0.1116324 0.0810916 0.0525610 0.0971427 0.1119272 0.1043379 0.0649922 0.0861804 0.0705995 0.0783154 0.0892283 0.0000000 0.0370507 0.1199949 0.0876777 0.0990905 0.0822847 0.1170684 0.1283849 0.0976249 0.1130484 0.0928705 0.0643448 0.0578209 0.0691159 0.1220041 0.0820481 0.0603743 0.0772295 0.0450020 0.0699236 0.0943456 0.0689019 
S1498      0.1268472 0.0450991 0.1428895 0.0954119 0.1240528 0.1295796 0.1196494 0.1103239 0.1005983 0.1329932 0.1264315 0.1296023 0.1343376 0.1278887 0.0374625 0.1294416 0.0373086 0.1031540 0.0369596 0.0976652 0.1293775 0.1080746 0.1283532 0.1092190 0.1479927 0.0031396 0.1186779 0.1237434 0.1066389 0.1171119 0.1214505 0.1040734 0.1349957 0.1576980 0.0998951 0.0880974 0.1332353 0.1130758 0.0819947 0.1276612 0.1336068 0.1401010 0.0907676 0.1238550 0.1061066 0.1144024 0.1380182 0.0370507 0.0000000 0.1330667 0.1184620 0.1271622 0.1155725 0.1391995 0.1261393 0.1282515 0.1360304 0.1229708 0.0862766 0.0884600 0.0916783 0.1445780 0.1243475 0.0792418 0.1186277 0.0816304 0.1019546 0.1189794 0.0918117 
S1539      0.1489106 0.1463221 0.1800637 0.1291004 0.1467674 0.1771858 0.0523793 0.1319133 0.1466677 0.1599076 0.1503102 0.1580853 0.1765373 0.1542306 0.1149386 0.1677992 0.1212215 0.1196812 0.1203270 0.1599322 0.0722807 0.1307818 0.1330325 0.1300731 0.2001489 0.1277721 0.1509502 0.1623742 0.1404105 0.1189816 0.1523997 0.1265529 0.1624639 0.1673512 0.1404217 0.1491812 0.1718755 0.1640287 0.1149412 0.1539939 0.1607212 0.1469224 0.1209206 0.1499064 0.1389339 0.1382764 0.1463786 0.1199949 0.1330667 0.0000000 0.1396081 0.1484930 0.1383561 0.1670707 0.0864023 0.1661509 0.0650120 0.1403555 0.1159204 0.1322727 0.1334582 0.0643213 0.1310892 0.1130915 0.1316465 0.1305782 0.1328988 0.1427375 0.1072297 
S_670      0.0277131 0.0956882 0.0170159 0.0799696 0.0859924 0.0627419 0.0983527 0.0766985 0.0780750 0.0204992 0.0566682 0.0033543 0.0883999 0.0000028 0.0981802 0.0065974 0.0882638 0.0773374 0.0879042 0.1083771 0.1078764 0.0950006 0.0965639 0.1029834 0.0589901 0.1133567 0.0955878 0.1068440 0.0932603 0.0603352 0.0514523 0.0742132 0.0032819 0.0515252 0.0614046 0.1056177 0.0168096 0.1079577 0.0839906 0.0066692 0.0066328 0.0275186 0.0835699 0.0281318 0.0699836 0.0702720 0.0278983 0.0876777 0.1184620 0.1396081 0.0000000 0.1019537 0.0799737 0.0100262 0.1413390 0.0311909 0.1117165 0.0240049 0.0434265 0.0757518 0.0703795 0.1465513 0.0836242 0.0549792 0.1074376 0.0890946 0.0846094 0.1046700 0.0652657 
SRR8528336 0.1207347 0.1096969 0.1486961 0.0683161 0.1106184 0.1511648 0.1402789 0.1119862 0.1298205 0.1262282 0.1109506 0.1159705 0.1421001 0.1212540 0.1050191 0.1234533 0.1086455 0.1073920 0.0993384 0.1231193 0.1475537 0.1247092 0.1267443 0.1172610 0.1233836 0.1222991 0.1231237 0.1282647 0.1275918 0.0909659 0.1247937 0.0489052 0.1281037 0.1403041 0.0958392 0.1438359 0.1371391 0.1331297 0.0922901 0.1210312 0.1230097 0.1246005 0.0638314 0.1181842 0.0683508 0.0679846 0.1169510 0.0990905 0.1271622 0.1484930 0.1019537 0.0000000 0.0934044 0.1272049 0.1669488 0.1454165 0.1458365 0.1164611 0.0903759 0.0972839 0.0868446 0.1555719 0.1190180 0.0689134 0.0955314 0.1190833 0.0830933 0.1197516 0.0845776 
SRR8528341 0.0851679 0.0926567 0.1145671 0.0529053 0.1009447 0.0913228 0.0869756 0.0817518 0.0831666 0.0850544 0.0538786 0.0994497 0.1036625 0.0895807 0.0837815 0.1054388 0.0829952 0.0856087 0.0824828 0.1152564 0.1344206 0.0937974 0.0952581 0.1012952 0.0846379 0.1107830 0.1002114 0.1049508 0.0958394 0.0578112 0.0921803 0.0646109 0.1050905 0.1144504 0.0710981 0.1333553 0.1031093 0.1229415 0.0576046 0.0793812 0.0992452 0.0890155 0.0640827 0.0791067 0.0605537 0.0523969 0.0941240 0.0822847 0.1155725 0.1383561 0.0799737 0.0934044 0.0000000 0.1090872 0.1259425 0.1121869 0.1319786 0.0851401 0.0615222 0.0622574 0.0496984 0.1340287 0.0925714 0.0481346 0.0905419 0.0962367 0.0162426 0.1142299 0.0695881 
SRR8528343 0.0483754 0.1318043 0.0301327 0.1042266 0.1003858 0.0848478 0.1297751 0.1046538 0.1063979 0.0339202 0.0839876 0.0133728 0.1134671 0.0128369 0.1281071 0.0197319 0.1224902 0.1054612 0.1173820 0.1346078 0.1452388 0.1238658 0.1259471 0.1331872 0.0939271 0.1339675 0.1276406 0.1330342 0.1279369 0.0876247 0.0692388 0.1030050 0.0163637 0.0736502 0.0892273 0.1321635 0.0262818 0.1388097 0.1131363 0.0198267 0.0162099 0.0480252 0.1174759 0.0492351 0.0986041 0.1037764 0.0449830 0.1170684 0.1391995 0.1670707 0.0100262 0.1272049 0.1090872 0.0000000 0.1748470 0.0442921 0.1435108 0.0299394 0.0694773 0.0992449 0.0941667 0.1682519 0.1130577 0.0703512 0.1389173 0.1238025 0.1139472 0.1249914 0.0888553 
SRR8528347 0.1450494 0.1473920 0.1819416 0.1365733 0.1553421 0.1704705 0.0336889 0.1502424 0.1336341 0.1559731 0.1375535 0.1660286 0.1723288 0.1503384 0.1270902 0.1755875 0.1297066 0.1272704 0.1287404 0.1513094 0.0695028 0.1302424 0.1388991 0.1295216 0.2142091 0.1211568 0.1481910 0.1592051 0.1574363 0.1383427 0.1525824 0.1578383 0.1701723 0.1771957 0.1291256 0.1461283 0.1796896 0.1550987 0.1269539 0.1501002 0.1683462 0.1491447 0.1506171 0.1516421 0.1260038 0.1456440 0.1511352 0.1283849 0.1261393 0.0864023 0.1413390 0.1669488 0.1259425 0.1748470 0.0000000 0.1621598 0.0648971 0.1449118 0.1243781 0.1397121 0.1368352 0.0596478 0.1502343 0.1220670 0.1208163 0.1486920 0.1207681 0.1707427 0.1182360 
SRR8528350 0.0515496 0.1158839 0.0445295 0.1122623 0.1038642 0.0784352 0.1283547 0.1076834 0.1007536 0.0475683 0.0871741 0.0384056 0.0968232 0.0296988 0.1078122 0.0371995 0.1026272 0.1084979 0.0978744 0.1331661 0.1322560 0.1267607 0.1288686 0.1360987 0.1027144 0.1231959 0.1298087 0.1277922 0.1257873 0.0974507 0.0766442 0.1273305 0.0409411 0.0561918 0.1029918 0.1208738 0.0441149 0.1462107 0.1120222 0.0338107 0.0405542 0.0511772 0.1162265 0.0524539 0.1017502 0.1069042 0.0484097 0.0976249 0.1282515 0.1661509 0.0311909 0.1454165 0.1121869 0.0442921 0.1621598 0.0000000 0.1365658 0.0402681 0.0726614 0.0943157 0.1067023 0.1776879 0.1161147 0.0783200 0.1374152 0.0948109 0.1170108 0.1286705 0.0920361 
