123
S0055      0.0000000 0.0670696 0.1283215 0.0700103 0.0603502 0.0919203 0.1497168 0.0770772 0.0636870 0.0524413 0.1379681 0.1003888 0.1092067 0.1179573 0.1006259 0.1216835 0.0793455 0.0650717 0.0818361 0.0574550 0.0540505 0.1276491 0.0566346 0.1126238 0.0606919 0.0767427 0.0894486 0.0914727 0.0815409 0.0959644 0.1400616 0.0598790 0.0535700 0.1198764 0.0903977 0.1079336 0.0701105 0.0663429 0.0770174 0.0925393 0.1445658 0.0530239 0.0854239 0.0562916 0.0773981 0.0713203 0.0566407 0.0575606 0.0674651 0.1011672 0.0734758 0.1033413 0.1126783 0.0886920 0.1212899 0.0738495 0.1004547 0.1027513 0.0746860 0.0865230 0.1140618 0.0641914 0.1293275 0.0843372 0.1106326 0.1317933 0.0608877 0.1361292 0.0314974 0.0942950 0.1128478 0.0745179 0.0826918 0.1450482 0.0599321 0.0693990 0.0741538 0.1236059 0.0882976 0.0916044 0.1010109 0.1320538 0.1485955 0.0965017 0.1009316 0.0889937 0.0566827 0.0916633 0.0877262 0.0829724 0.0634823 0.0506061 0.0567009 0.0875308 0.0464494 0.1219540 0.0799757 0.0763615 0.1586992 0.0465982 0.0647060 0.1316156 0.0792623 0.1123278 0.0598802 0.0870166 0.0694425 0.0632965 0.1404328 0.0592800 0.1018574 0.0533870 0.0499254 0.0636515 0.1075379 0.0846955 0.0733251 0.0708087 0.0828058 0.0593696 0.0805301 0.0810203 0.0638044 
S0196sl    0.0670696 0.0000000 0.0936525 0.0393661 0.0578036 0.0880145 0.1134527 0.0710977 0.0782290 0.0414999 0.0975619 0.0953785 0.0812465 0.0869351 0.0905941 0.0916843 0.0925115 0.0696592 0.0706088 0.0585543 0.0587367 0.0966700 0.0572022 0.0900225 0.0085848 0.0661263 0.0767824 0.0856673 0.0828657 0.0714867 0.1120636 0.0611480 0.0543627 0.0931223 0.0720424 0.0824992 0.0642383 0.0645253 0.0390458 0.0800262 0.1093059 0.0638041 0.0727037 0.0572816 0.0747316 0.0145174 0.0576629 0.0114948 0.0085848 0.1087052 0.0327012 0.0774183 0.0798234 0.0638951 0.0919160 0.0532285 0.0841080 0.1126924 0.0720271 0.0464342 0.0797618 0.0433262 0.1039635 0.0516748 0.0972840 0.0972348 0.0144362 0.1074206 0.0329757 0.0802758 0.0877796 0.0841617 0.0666828 0.1118076 0.0612053 0.0679247 0.0500009 0.0967813 0.0635583 0.0668547 0.0921006 0.0884552 0.1165656 0.0718926 0.0965000 0.0763706 0.0577086 0.0673886 0.0732250 0.0810379 0.0650339 0.0579244 0.0836777 0.0708097 0.0571841 0.0911963 0.0638048 0.0636973 0.1181755 0.0468671 0.0175346 0.0968502 0.0398056 0.0823327 0.0611496 0.0745758 0.0557101 0.0577046 0.1096336 0.0598983 0.0726230 0.0577855 0.0499464 0.0706450 0.0865781 0.0600506 0.0741103 0.0536549 0.0645258 0.0489237 0.0698563 0.0745360 0.0466965 
S0278      0.1283215 0.0936525 0.0000000 0.1052673 0.1222838 0.1366520 0.0527792 0.1310431 0.1362976 0.0970430 0.0452013 0.1421518 0.1453810 0.0406360 0.1459312 0.0491316 0.1510229 0.1232521 0.1556292 0.1287529 0.1153136 0.0402271 0.1026143 0.0313071 0.0936876 0.1442183 0.1296598 0.1477498 0.1393789 0.1227379 0.0507795 0.1231406 0.1230692 0.0280803 0.0637092 0.0772697 0.1264413 0.1257103 0.0923249 0.1329831 0.1606536 0.1141455 0.1248663 0.1183783 0.1297428 0.0977061 0.1266968 0.0973107 0.0972763 0.1662655 0.0929860 0.0651243 0.1491617 0.0565533 0.0849505 0.1180261 0.1354034 0.1603281 0.1305701 0.1219125 0.1323131 0.1071334 0.1735498 0.1311840 0.1625679 0.1436943 0.1010874 0.1569668 0.0764767 0.1488721 0.1547140 0.1485171 0.1210141 0.1748402 0.1308425 0.1329374 0.1214465 0.0369283 0.0596347 0.0627266 0.1470527 0.0444264 0.0529968 0.1159436 0.1416371 0.1289613 0.1267777 0.1289780 0.1443108 0.1416957 0.1355555 0.1272897 0.1406426 0.1296148 0.1290641 0.0862892 0.1306897 0.1212338 0.0672281 0.1135938 0.0979646 0.0401349 0.1138774 0.0873574 0.1307469 0.1244379 0.1237439 0.1350792 0.0533956 0.1041540 0.0708101 0.1066240 0.1130794 0.1375067 0.1309633 0.0626502 0.1450666 0.1147123 0.1074418 0.1037297 0.1373420 0.1587034 0.1096957 
S0281      0.0700103 0.0393661 0.1052673 0.0000000 0.0799610 0.0905965 0.1250021 0.0755466 0.0786344 0.0533898 0.1094067 0.0948863 0.0920223 0.0948512 0.0902941 0.0993376 0.0895197 0.0729766 0.0814438 0.0769536 0.0771785 0.1043423 0.0522362 0.0978453 0.0316004 0.0807255 0.0770197 0.0964753 0.0938999 0.0790067 0.1197139 0.0654304 0.0725239 0.1008610 0.0801793 0.0761374 0.0684179 0.0794478 0.0343850 0.0801374 0.1369436 0.0548006 0.0730956 0.0753173 0.0815070 0.0441678 0.0758039 0.0346119 0.0377329 0.1151350 0.0313389 0.0856014 0.0878985 0.0719719 0.0998966 0.0547604 0.0735979 0.1041307 0.0825437 0.0571750 0.0951096 0.0516440 0.0957363 0.0706063 0.1081487 0.1123239 0.0376728 0.1270233 0.0351084 0.0840056 0.0804944 0.0984656 0.0710519 0.1356661 0.0793877 0.0826866 0.0709968 0.0973727 0.0716460 0.0748875 0.0961754 0.1002428 0.1199483 0.0794435 0.0998097 0.0766221 0.0758588 0.0683032 0.0814663 0.0784664 0.0833186 0.0761398 0.0868699 0.0713215 0.0676282 0.1004797 0.0687263 0.0717445 0.1216546 0.0582464 0.0410525 0.0974395 0.0506264 0.0946444 0.0793206 0.0825444 0.0603722 0.0830552 0.1171863 0.0675209 0.0843836 0.0722631 0.0542047 0.0750802 0.0876074 0.0681692 0.0845616 0.0517483 0.0727334 0.0501383 0.0668390 0.0961910 0.0543280 
S0282      0.0603502 0.0578036 0.1222838 0.0799610 0.0000000 0.0912107 0.1436099 0.0825147 0.0242950 0.0399766 0.1208893 0.1161208 0.1093319 0.1118736 0.1164072 0.1161641 0.0887493 0.0629752 0.0952331 0.0140265 0.0140677 0.1175279 0.0511197 0.1106842 0.0624907 0.0827400 0.0971364 0.0978995 0.0763307 0.0878768 0.1383273 0.0227375 0.0110530 0.1180053 0.0878372 0.0907760 0.0582791 0.0193590 0.0762248 0.1003577 0.1221602 0.0609642 0.0928552 0.0139230 0.0864280 0.0663610 0.0082214 0.0658804 0.0624907 0.1168979 0.0695097 0.0935879 0.1041971 0.0793780 0.1035349 0.0760545 0.1091332 0.1240402 0.0836732 0.0959298 0.0926298 0.0661059 0.1250231 0.0755380 0.1167167 0.1099626 0.0693653 0.1214998 0.0289753 0.0939934 0.1163776 0.0658293 0.0779918 0.1301313 0.0166921 0.0510719 0.0729064 0.1217704 0.0789745 0.0822724 0.1093672 0.1220054 0.1385250 0.0954617 0.1011932 0.0966230 0.0167300 0.0944401 0.0934293 0.0922859 0.0196379 0.0138960 0.0792720 0.0828280 0.0574483 0.1073147 0.0823530 0.0744660 0.1495407 0.0351594 0.0734140 0.1103671 0.0883498 0.0949729 0.0166775 0.0859528 0.0714807 0.0198259 0.1229834 0.0443991 0.0889956 0.0227865 0.0447828 0.0789307 0.0953699 0.0754129 0.0855757 0.0729272 0.0853462 0.0675810 0.0829382 0.0866102 0.0656955 
S0288      0.0919203 0.0880145 0.1366520 0.0905965 0.0912107 0.0000000 0.1550423 0.0978094 0.1078418 0.0702411 0.1387179 0.0202557 0.0695188 0.1256354 0.0142143 0.1137125 0.1176981 0.1092891 0.1019978 0.0924535 0.0881884 0.1359001 0.0719209 0.1199108 0.0748490 0.0888648 0.0173072 0.0972433 0.1184277 0.0711731 0.1495133 0.0875162 0.0874736 0.1236417 0.0956747 0.0948428 0.0946243 0.0910828 0.0859110 0.0201771 0.1360434 0.0787525 0.0113210 0.0903752 0.1010430 0.0865576 0.0909885 0.0784245 0.0822547 0.1294243 0.0784499 0.1018749 0.0659983 0.0826751 0.1067359 0.0783564 0.0322865 0.1381669 0.1029743 0.1030644 0.1081160 0.0673641 0.0845813 0.0536589 0.1350784 0.1146250 0.0821207 0.1295216 0.0474427 0.1115944 0.0813962 0.1246472 0.0970184 0.1342894 0.0948842 0.0969391 0.0901192 0.1316386 0.0822875 0.0857272 0.0027969 0.1265128 0.1537415 0.0860966 0.0056451 0.0172224 0.0838264 0.0619646 0.1119250 0.1081915 0.0992099 0.0914142 0.1021988 0.0927959 0.0900285 0.1163702 0.1019663 0.0897239 0.1698257 0.0715323 0.0789606 0.1361075 0.0951248 0.0983965 0.0948036 0.1024897 0.0917938 0.0915279 0.1188474 0.0888411 0.1002418 0.0826722 0.0783766 0.1052087 0.1152040 0.0785617 0.0883786 0.0751366 0.0868858 0.0693431 0.1044085 0.1003055 0.0673298 
S0289      0.1497168 0.1134527 0.0527792 0.1250021 0.1436099 0.1550423 0.0000000 0.1383882 0.1480460 0.1132801 0.0511386 0.1596569 0.1715063 0.0564376 0.1641181 0.0616858 0.1668909 0.1439351 0.1679708 0.1507896 0.1450012 0.0464151 0.1186382 0.0467085 0.1127877 0.1572466 0.1466964 0.1521822 0.1757031 0.1352269 0.0599411 0.1446399 0.1445457 0.0525070 0.0771168 0.0874504 0.1480858 0.1471470 0.1111394 0.1500625 0.1691695 0.1350157 0.1416403 0.1395061 0.1510182 0.1251069 0.1404520 0.1165713 0.1165302 0.1947471 0.1119385 0.0789901 0.1668010 0.0695973 0.0991822 0.1342550 0.1151552 0.1833101 0.1571383 0.1382177 0.1447624 0.1230376 0.1923225 0.1382067 0.1923479 0.1563474 0.1205522 0.1596949 0.0923383 0.1550248 0.1726812 0.1764622 0.1334066 0.1732653 0.1527071 0.1546820 0.1329157 0.0523077 0.0727496 0.0759126 0.1702426 0.0600615 0.0620856 0.1327775 0.1562038 0.1458995 0.1484117 0.1377901 0.1613663 0.1636118 0.1577557 0.1490297 0.1633103 0.1560461 0.1506128 0.0927895 0.1435008 0.1247900 0.0636014 0.1343465 0.1173675 0.0524403 0.1298586 0.1014916 0.1446720 0.1234783 0.1304050 0.1571824 0.0771473 0.1406082 0.0845250 0.1354452 0.1337353 0.1544654 0.1423122 0.0758173 0.1581044 0.1308747 0.1351590 0.1190680 0.1475578 0.1757788 0.1255395 
S0292      0.0770772 0.0710977 0.1310431 0.0755466 0.0825147 0.0978094 0.1383882 0.0000000 0.0761311 0.0556486 0.1222346 0.1065239 0.1075429 0.1104725 0.1067820 0.1243503 0.0664424 0.0561624 0.0894985 0.0721305 0.0752368 0.1163121 0.0606386 0.1232295 0.0573952 0.0835446 0.0881341 0.0753206 0.0930437 0.0905214 0.1410812 0.0684577 0.0750870 0.1219666 0.0917545 0.1062206 0.0774734 0.0752431 0.0749399 0.0912931 0.1532404 0.0632762 0.0840356 0.0778529 0.0747087 0.0643451 0.0783518 0.0576553 0.0641140 0.1003217 0.0647781 0.0954954 0.1110209 0.0867355 0.1197483 0.0616597 0.0937299 0.1040468 0.0794191 0.0829767 0.1091121 0.0451227 0.1279075 0.0772051 0.0977103 0.1271073 0.0609914 0.1341058 0.0316413 0.0694230 0.1111915 0.0966767 0.0433961 0.1431043 0.0819280 0.0920671 0.0617393 0.1244558 0.0863425 0.0896965 0.0987931 0.1209851 0.1435861 0.0871056 0.1072588 0.0876758 0.0784076 0.0897553 0.0669481 0.0285331 0.0858590 0.0755837 0.0932957 0.0475392 0.0705792 0.1107445 0.0345070 0.0082029 0.1623282 0.0673053 0.0648209 0.1302439 0.0757692 0.1014556 0.0818593 0.0469624 0.0498600 0.0855879 0.1395242 0.0806684 0.1000383 0.0711599 0.0635147 0.0637975 0.0676302 0.0826957 0.0742780 0.0586085 0.0688031 0.0416220 0.0631228 0.1036893 0.0547295 
S0293      0.0636870 0.0782290 0.1362976 0.0786344 0.0242950 0.1078418 0.1480460 0.0761311 0.0000000 0.0582688 0.1303216 0.1337346 0.1153104 0.1218442 0.1289416 0.1146442 0.0900580 0.0631138 0.0876186 0.0206764 0.0136113 0.1244029 0.0644745 0.1266473 0.0789614 0.0776791 0.1094934 0.1015438 0.0875288 0.1031112 0.1316130 0.0244079 0.0170674 0.1308375 0.0923902 0.0972010 0.0682395 0.0276159 0.0873894 0.1135204 0.1531182 0.0638714 0.1039798 0.0279124 0.0903619 0.0791260 0.0135875 0.0789614 0.0834570 0.1139363 0.0705449 0.0967006 0.1276880 0.0917414 0.1120113 0.0830252 0.0972294 0.1086876 0.1007587 0.1016378 0.1200911 0.0703861 0.1329108 0.0904507 0.1026198 0.1308177 0.0834358 0.1527551 0.0277050 0.1014157 0.1221417 0.0650488 0.0808216 0.1644817 0.0240935 0.0642034 0.0792408 0.1344609 0.0917414 0.0917414 0.1251960 0.1302231 0.1425194 0.0982465 0.1092761 0.1087746 0.0241607 0.1100252 0.1001977 0.0944325 0.0241925 0.0171044 0.0861982 0.0783022 0.0592920 0.1067559 0.0864904 0.0767021 0.1552640 0.0476940 0.0834622 0.1157053 0.0969302 0.1076231 0.0170711 0.0815815 0.0777265 0.0316852 0.1369742 0.0516548 0.0938906 0.0244939 0.0517785 0.0736712 0.1008650 0.0871773 0.0901103 0.0742765 0.0899912 0.0684094 0.0875020 0.0967527 0.0700417 
S0294      0.0524413 0.0414999 0.0970430 0.0533898 0.0399766 0.0702411 0.1132801 0.0556486 0.0582688 0.0000000 0.1013181 0.0952265 0.0887943 0.0831083 0.0915563 0.0915427 0.0797875 0.0507437 0.0748850 0.0440443 0.0441823 0.0965187 0.0296601 0.0858840 0.0363801 0.0664983 0.0687666 0.0819263 0.0500877 0.0712536 0.1070164 0.0399803 0.0402220 0.0929765 0.0643661 0.0601749 0.0461860 0.0495228 0.0529486 0.0719582 0.1058393 0.0390986 0.0725890 0.0431115 0.0674868 0.0431541 0.0433929 0.0363801 0.0396248 0.1096752 0.0495231 0.0690703 0.0872573 0.0562376 0.0793328 0.0566919 0.0817804 0.0964806 0.0646223 0.0643386 0.0759577 0.0396917 0.0912573 0.0548663 0.0934796 0.0977309 0.0396070 0.1092862 0.0191201 0.0764156 0.0832623 0.0681513 0.0518033 0.1178659 0.0467478 0.0531359 0.0601217 0.0966298 0.0562376 0.0594674 0.0796785 0.0961833 0.1169805 0.0676835 0.0795142 0.0684025 0.0434284 0.0705703 0.0659075 0.0621218 0.0503250 0.0403020 0.0712037 0.0526963 0.0427406 0.0754690 0.0558636 0.0518775 0.1215741 0.0397436 0.0396257 0.0966985 0.0572728 0.0632565 0.0467049 0.0659579 0.0519162 0.0501742 0.1049777 0.0528259 0.0684093 0.0400788 0.0330099 0.0630820 0.0703867 0.0528256 0.0633716 0.0535724 0.0573463 0.0456082 0.0627162 0.0777036 0.0466250 
S0299      0.1379681 0.0975619 0.0452013 0.1094067 0.1208893 0.1387179 0.0511386 0.1222346 0.1303216 0.1013181 0.0000000 0.1434702 0.1431571 0.0454922 0.1521102 0.0445015 0.1467964 0.1246932 0.1396093 0.1263842 0.1184482 0.0386829 0.1070767 0.0454828 0.0973202 0.1426729 0.1305380 0.1313172 0.1468889 0.1160048 0.0524025 0.1217747 0.1217014 0.0385534 0.0627090 0.0767051 0.1274411 0.1244682 0.0880924 0.1339724 0.1495616 0.1191746 0.1255741 0.1168158 0.1352290 0.1015195 0.1254902 0.1010932 0.1010564 0.1605690 0.0816886 0.0630727 0.1471941 0.0553404 0.0846367 0.1184905 0.1027305 0.1618470 0.1411837 0.1268160 0.1294952 0.1072395 0.1760276 0.1230609 0.1543034 0.1412119 0.1050342 0.1405022 0.0711138 0.1236266 0.1564837 0.1578958 0.1215763 0.1540374 0.1298151 0.1354421 0.1015261 0.0415161 0.0585197 0.0617101 0.1539194 0.0494783 0.0619363 0.1123910 0.1481793 0.1298111 0.1255741 0.1298073 0.1326142 0.1429673 0.1347322 0.1261035 0.1460208 0.1354103 0.1269600 0.0820264 0.1144678 0.1131889 0.0664697 0.1152065 0.1017971 0.0418953 0.1184214 0.0835576 0.1297154 0.1246380 0.1192026 0.1342373 0.0559063 0.1218990 0.0632856 0.1079263 0.1146634 0.1386343 0.1264289 0.0616327 0.1374005 0.1061410 0.1110293 0.1004845 0.1363890 0.1494047 0.1098843 
S0303      0.1003888 0.0953785 0.1421518 0.0948863 0.1161208 0.0202557 0.1596569 0.1065239 0.1337346 0.0952265 0.1434702 0.0000000 0.0738582 0.1264022 0.0168238 0.1147075 0.1188320 0.1168499 0.1135904 0.1130515 0.1085917 0.1364357 0.0925166 0.1252165 0.0835672 0.1081886 0.0196418 0.1056623 0.1399957 0.0799030 0.1497528 0.1077775 0.1077199 0.1244422 0.0931572 0.1000844 0.1069691 0.1153672 0.0903093 0.0224312 0.1527359 0.0881079 0.0166862 0.1105303 0.1167251 0.0953088 0.1112681 0.0871280 0.0909651 0.1373534 0.0865187 0.1024859 0.0663665 0.0842660 0.1152592 0.0863428 0.0357514 0.1343549 0.1232428 0.1149005 0.1205053 0.0760694 0.0850092 0.0625961 0.1435668 0.1310267 0.0908223 0.1465440 0.0537618 0.1231037 0.0783525 0.1416597 0.1056806 0.1638433 0.1152705 0.1129387 0.0982917 0.1322667 0.0838803 0.0872530 0.0258155 0.1407509 0.1538802 0.0948224 0.0287696 0.0195487 0.1040063 0.0631497 0.1137441 0.1167734 0.1197772 0.1117837 0.1108282 0.1131130 0.1095693 0.1223759 0.1106799 0.1022441 0.1648875 0.0872688 0.0877131 0.1366385 0.1069734 0.1156761 0.1151809 0.1112431 0.1003622 0.1119144 0.1341332 0.1087090 0.1087372 0.0985426 0.0904791 0.1065638 0.1281017 0.0871360 0.1035442 0.0831930 0.0988455 0.0738891 0.1162271 0.1202997 0.0754094 
S0308      0.1092067 0.0812465 0.1453810 0.0920223 0.1093319 0.0695188 0.1715063 0.1075429 0.1153104 0.0887943 0.1431571 0.0738582 0.0000000 0.1383061 0.0740258 0.1341376 0.1224543 0.1094198 0.1114314 0.1063239 0.1066189 0.1481749 0.0971390 0.1369697 0.0740492 0.1061539 0.0573571 0.1140102 0.1416004 0.0809137 0.1663859 0.1013041 0.1012530 0.1444311 0.1088738 0.1196475 0.1044375 0.1086355 0.0876091 0.0603197 0.1594201 0.0997243 0.0538314 0.1040125 0.1175587 0.0851371 0.1046912 0.0774404 0.0810686 0.1404277 0.0772865 0.1112088 0.0708945 0.0997479 0.1335514 0.0871943 0.0761300 0.1500909 0.1283208 0.1192017 0.1270735 0.0817288 0.0885073 0.0515719 0.1523580 0.1375793 0.0809430 0.1610006 0.0663434 0.1202873 0.0740166 0.1300556 0.1029999 0.1705175 0.1085478 0.1064488 0.0917755 0.1406378 0.0993057 0.1026825 0.0784870 0.1406097 0.1656801 0.0881640 0.0818829 0.0570737 0.0976645 0.0558761 0.1060668 0.1176060 0.1087692 0.1051641 0.1285178 0.1096822 0.0957479 0.1343038 0.0997162 0.1033336 0.1641812 0.0815970 0.0850719 0.1483753 0.1113756 0.1242195 0.1084631 0.1078252 0.0973692 0.1016283 0.1459919 0.0914632 0.1062380 0.0955638 0.0883963 0.1060650 0.1284005 0.0955921 0.1045901 0.0841222 0.0971128 0.0717540 0.1127153 0.1271802 0.0765151 
S0320      0.1179573 0.0869351 0.0406360 0.0948512 0.1118736 0.1256354 0.0564376 0.1104725 0.1218442 0.0831083 0.0454922 0.1264022 0.1383061 0.0000000 0.1345243 0.0463571 0.1392826 0.1085565 0.1397434 0.1180881 0.0998034 0.0371304 0.0924788 0.0378233 0.0835233 0.1336423 0.1142561 0.1320456 0.1215923 0.1078051 0.0409812 0.1126584 0.1125960 0.0342994 0.0541690 0.0606691 0.1126421 0.1152922 0.0895950 0.1175601 0.1499202 0.1038528 0.1096680 0.1080132 0.1266539 0.0910106 0.1162015 0.0870865 0.0870552 0.1587139 0.0902405 0.0514291 0.1298979 0.0409102 0.0748938 0.1032816 0.1175286 0.1571641 0.1282904 0.1059013 0.1177272 0.0926164 0.1532933 0.1155886 0.1458412 0.1272797 0.0907836 0.1332356 0.0734007 0.1367391 0.1351479 0.1318130 0.1051779 0.1503344 0.1202854 0.1150007 0.0993970 0.0308422 0.0439093 0.0469191 0.1360794 0.0480155 0.0601029 0.1048385 0.1307912 0.1136408 0.1162775 0.1107284 0.1214937 0.1134373 0.1248988 0.1167460 0.1221052 0.1105145 0.1112192 0.0760685 0.1069781 0.1013782 0.0712186 0.1033513 0.0876718 0.0435571 0.0982050 0.0704345 0.1126760 0.1085162 0.1090345 0.1244626 0.0606799 0.0982866 0.0610763 0.1079721 0.1028780 0.1093718 0.1104226 0.0468643 0.1221315 0.1000060 0.0998934 0.0897001 0.1254472 0.1399664 0.0952471 
S0322      0.1006259 0.0905941 0.1459312 0.0902941 0.1164072 0.0142143 0.1641181 0.1067820 0.1289416 0.0915563 0.1521102 0.0168238 0.0740258 0.1345243 0.0000000 0.1224471 0.1191244 0.1171415 0.1138657 0.1133322 0.1088586 0.1446097 0.0927397 0.1332604 0.0792032 0.1084466 0.0196819 0.1131804 0.1305626 0.0800901 0.1583576 0.1080405 0.1079825 0.1324409 0.0973340 0.1076301 0.1112791 0.1156508 0.0858356 0.0224772 0.1429436 0.0883183 0.0138011 0.1107991 0.1170075 0.0906922 0.1115402 0.0827003 0.0864571 0.1356293 0.0821253 0.1110003 0.0742674 0.0914825 0.1196848 0.0865456 0.0307769 0.1423986 0.1235475 0.1098967 0.1115278 0.0762461 0.0889552 0.0627398 0.1473001 0.1218601 0.0863209 0.1446910 0.0534018 0.1275178 0.0822268 0.1420188 0.1059338 0.1538433 0.1155536 0.1132113 0.1019847 0.1403738 0.0910654 0.0944757 0.0197325 0.1354297 0.1623899 0.0905083 0.0226185 0.0195885 0.1042602 0.0632894 0.1140206 0.1170558 0.1200734 0.1120574 0.1110987 0.1133868 0.1098336 0.1304469 0.1109495 0.1024899 0.1784203 0.0874751 0.0832497 0.1448144 0.1021250 0.1159612 0.1154637 0.1115155 0.1005994 0.1121889 0.1324029 0.1089691 0.1131212 0.0987786 0.0945202 0.1068224 0.1284214 0.0873416 0.1037884 0.0833879 0.0990827 0.0740556 0.1165074 0.1205912 0.0755832 
S0327      0.1216835 0.0916843 0.0491316 0.0993376 0.1161641 0.1137125 0.0616858 0.1243503 0.1146442 0.0915427 0.0445015 0.1147075 0.1341376 0.0463571 0.1224471 0.0000000 0.1323549 0.1129355 0.1359729 0.1223497 0.1099614 0.0491153 0.0970559 0.0309774 0.0881547 0.1300891 0.1104288 0.1204037 0.1454772 0.1049630 0.0442058 0.1169617 0.1168971 0.0367873 0.0526152 0.0591953 0.1201812 0.1195148 0.0868981 0.1136353 0.1528187 0.1082622 0.1060182 0.1123661 0.1268757 0.0994270 0.1204363 0.0916647 0.0916327 0.1545393 0.0875081 0.0538293 0.1330731 0.0399464 0.0726813 0.1076783 0.0903559 0.1566686 0.1323421 0.1076216 0.1294864 0.0971956 0.1513121 0.1157828 0.1579655 0.1448262 0.0953136 0.1526476 0.0747923 0.1257336 0.1337889 0.1551430 0.1147240 0.1699624 0.1244592 0.1192231 0.1038525 0.0366548 0.0428741 0.0398569 0.1195813 0.0469089 0.0590882 0.1061129 0.1188649 0.1098507 0.1205132 0.1142509 0.1249391 0.1347310 0.1290152 0.1209885 0.1334397 0.1123040 0.1185630 0.0737887 0.1240323 0.1149254 0.0695439 0.1077491 0.0922672 0.0425824 0.1076216 0.0723502 0.1243673 0.1032214 0.1062076 0.1285722 0.0563741 0.1218585 0.0593026 0.1086246 0.1072683 0.1263326 0.1242195 0.0457594 0.1336241 0.1044688 0.1083867 0.0941976 0.1221352 0.1515476 0.0997444 
S0335      0.0793455 0.0925115 0.1510229 0.0895197 0.0887493 0.1176981 0.1668909 0.0664424 0.0900580 0.0797875 0.1467964 0.1188320 0.1224543 0.1392826 0.1191244 0.1323549 0.0000000 0.0618475 0.0968213 0.0823976 0.0856953 0.1492285 0.0667144 0.1468772 0.0771358 0.0960082 0.1071432 0.1134733 0.1011687 0.1087528 0.1489748 0.0779572 0.0846410 0.1414654 0.1065160 0.1213796 0.0958878 0.0848196 0.0956963 0.1103568 0.1736042 0.0693164 0.1027601 0.0839875 0.1009244 0.0811244 0.0845221 0.0805416 0.0841945 0.1082369 0.0850791 0.1201492 0.1189137 0.1082885 0.1433151 0.0751555 0.1011084 0.1257562 0.1140963 0.1242229 0.1357452 0.0645592 0.1361443 0.0832262 0.1328042 0.1375848 0.0840648 0.1703596 0.0374954 0.0628599 0.1190935 0.1097190 0.0656371 0.1759065 0.0915562 0.0880373 0.0706862 0.1493941 0.1078061 0.1041191 0.1140679 0.1462423 0.1530863 0.1088157 0.1319901 0.1065805 0.0812366 0.0971132 0.0704025 0.0692794 0.0955754 0.0883114 0.0961323 0.0740251 0.0896581 0.1289479 0.0599535 0.0628621 0.1679271 0.0596395 0.0882337 0.1540366 0.1162332 0.1237002 0.0914825 0.0560599 0.0465042 0.0849929 0.1477689 0.0834209 0.1226555 0.0772664 0.0804084 0.0662834 0.0668901 0.1039772 0.1079540 0.0720641 0.0859934 0.0702211 0.0595658 0.1057018 0.0745486 
S0345      0.0650717 0.0696592 0.1232521 0.0729766 0.0629752 0.1092891 0.1439351 0.0561624 0.0631138 0.0507437 0.1246932 0.1168499 0.1094198 0.1085565 0.1171415 0.1129355 0.0618475 0.0000000 0.0670856 0.0570545 0.0639696 0.1272395 0.0584176 0.1190996 0.0589001 0.0693721 0.0976729 0.0845855 0.0813980 0.0922647 0.1350329 0.0526636 0.0595777 0.1222157 0.0879132 0.0944267 0.0735450 0.0562701 0.0693084 0.1009222 0.1297591 0.0648131 0.0933499 0.0624191 0.0766820 0.0697389 0.0628252 0.0557005 0.0658113 0.0945649 0.0557862 0.0975126 0.1052390 0.0829898 0.1156314 0.0589272 0.1124194 0.1060203 0.0821904 0.0710129 0.0947784 0.0493700 0.1221451 0.0790751 0.0954961 0.1088785 0.0590942 0.1192333 0.0361552 0.0583135 0.1054142 0.0673501 0.0615830 0.1237992 0.0663294 0.0695856 0.0462938 0.1260351 0.0826132 0.0791074 0.1135580 0.1141151 0.1408221 0.1000169 0.1184013 0.0971524 0.0628731 0.0917069 0.0453160 0.0556532 0.0701327 0.0564559 0.0917130 0.0459700 0.0549123 0.1081590 0.0591576 0.0522670 0.1491948 0.0585847 0.0629800 0.1185726 0.0638499 0.1020597 0.0662710 0.0660788 0.0418994 0.0699144 0.1320863 0.0679272 0.0923932 0.0629573 0.0552993 0.0358605 0.0772578 0.0790037 0.0692991 0.0593934 0.0739041 0.0484921 0.0552433 0.0844652 0.0524236 
S0376      0.0818361 0.0706088 0.1556292 0.0814438 0.0952331 0.1019978 0.1679708 0.0894985 0.0876186 0.0748850 0.1396093 0.1135904 0.1114314 0.1397434 0.1138657 0.1359729 0.0968213 0.0670856 0.0000000 0.0921993 0.0924635 0.1497213 0.0903585 0.1350430 0.0750800 0.0256320 0.0950198 0.0861968 0.1191322 0.0979069 0.1500641 0.0944570 0.0800618 0.1459319 0.1139755 0.1249584 0.0975768 0.0984910 0.0852889 0.0981801 0.1522594 0.0854026 0.0908432 0.0902008 0.0813377 0.0863526 0.0907909 0.0718293 0.0822115 0.1128868 0.0748947 0.1205428 0.1117764 0.1045834 0.1392448 0.0782808 0.0938179 0.1180960 0.0905394 0.0948717 0.1283750 0.0720808 0.1321125 0.0787017 0.1158088 0.1390009 0.0753339 0.1547478 0.0454704 0.0848912 0.1152190 0.1154643 0.0993468 0.1597771 0.0945449 0.0979716 0.0649498 0.1498879 0.1041165 0.1004573 0.1151420 0.1508671 0.1594615 0.1128807 0.1150567 0.0945268 0.0838875 0.0934973 0.0897104 0.0955555 0.0987109 0.0801989 0.1008767 0.0886336 0.0751949 0.1319556 0.0965676 0.0886475 0.1790977 0.0723720 0.0794373 0.1499240 0.0873742 0.1296542 0.0944674 0.0928407 0.0670107 0.0874537 0.1520725 0.0887233 0.1113280 0.0902097 0.0750793 0.0930588 0.1085181 0.1003211 0.0806680 0.0750364 0.0946620 0.0669063 0.0706737 0.0547542 0.0716346 
S0400      0.0574550 0.0585543 0.1287529 0.0769536 0.0140265 0.0924535 0.1507896 0.0721305 0.0206764 0.0440443 0.1263842 0.1130515 0.1063239 0.1180881 0.1133322 0.1223497 0.0823976 0.0570545 0.0921993 0.0000000 0.0112720 0.1238222 0.0553395 0.1168041 0.0595003 0.0797566 0.0940517 0.0985266 0.0733292 0.0848452 0.1454509 0.0141512 0.0083015 0.1243336 0.0932596 0.0962472 0.0548801 0.0139407 0.0732259 0.0972890 0.1243667 0.0580407 0.0897858 0.0169040 0.0869679 0.0633479 0.0110886 0.0628882 0.0595003 0.1098553 0.0665089 0.0983904 0.1048859 0.0844784 0.1094662 0.0730585 0.1029628 0.1210482 0.0841968 0.0965517 0.0942602 0.0564548 0.1219435 0.0724408 0.1137116 0.1119127 0.0663675 0.1236793 0.0291990 0.0840070 0.1133042 0.0628391 0.0683922 0.1324988 0.0139312 0.0481645 0.0631741 0.1282040 0.0840438 0.0874247 0.1062737 0.1286172 0.1495568 0.0924222 0.0981063 0.0935521 0.0139630 0.0914271 0.0834986 0.0824704 0.0168587 0.0111328 0.0726472 0.0730300 0.0545393 0.1133646 0.0726069 0.0689434 0.1569557 0.0322885 0.0703933 0.1164626 0.0889134 0.1005942 0.0139190 0.0761481 0.0619386 0.0229285 0.1372597 0.0479509 0.0945113 0.0199704 0.0418796 0.0759533 0.0887984 0.0803748 0.0826101 0.0699221 0.0822812 0.0581633 0.0731283 0.0836150 0.0627087 
S0405      0.0540505 0.0587367 0.1153136 0.0771785 0.0140677 0.0881884 0.1450012 0.0752368 0.0136113 0.0441823 0.1184482 0.1085917 0.1066189 0.0998034 0.1088586 0.1099614 0.0856953 0.0639696 0.0924635 0.0112720 0.0000000 0.1091578 0.0555036 0.1043983 0.0596776 0.0799865 0.0898493 0.0988033 0.0698510 0.0850916 0.1216106 0.0199875 0.0083265 0.1075372 0.0850499 0.0880142 0.0554946 0.0196879 0.0734407 0.0930607 0.1289717 0.0582108 0.0856627 0.0169543 0.0833882 0.0599344 0.0111216 0.0630754 0.0596776 0.1054292 0.0667062 0.0861715 0.1051830 0.0766116 0.1007651 0.0732728 0.0980179 0.1171465 0.0844402 0.0968282 0.0985346 0.0632894 0.1222794 0.0726603 0.1098673 0.1163481 0.0665638 0.1282485 0.0292964 0.0912507 0.1136215 0.0553962 0.0708867 0.1371941 0.0139725 0.0483074 0.0701076 0.1060571 0.0762182 0.0795289 0.1018799 0.1192344 0.1397890 0.0887365 0.0938419 0.0893744 0.0140036 0.0916880 0.0906985 0.0848796 0.0169087 0.0111667 0.0725730 0.0755297 0.0546993 0.1090762 0.0750973 0.0714523 0.1468747 0.0323853 0.0706021 0.1076333 0.0891710 0.0922076 0.0139603 0.0708821 0.0687291 0.0229968 0.1234965 0.0447785 0.0861809 0.0170551 0.0420038 0.0761733 0.0874214 0.0726518 0.0828464 0.0701282 0.0786538 0.0648419 0.0801783 0.0838554 0.0628951 
S0407sl    0.1276491 0.0966700 0.0402271 0.1043423 0.1175279 0.1359001 0.0464151 0.1163121 0.1244029 0.0965187 0.0386829 0.1364357 0.1481749 0.0371304 0.1446097 0.0491153 0.1492285 0.1272395 0.1497213 0.1238222 0.1091578 0.0000000 0.1020697 0.0406156 0.0928831 0.1434645 0.1242000 0.1335772 0.1470835 0.1137433 0.0470134 0.1183438 0.1182770 0.0370529 0.0636827 0.0772327 0.1257678 0.1209198 0.0915430 0.1274807 0.1591884 0.1135404 0.1195293 0.1136789 0.1364765 0.1004523 0.1218626 0.0964704 0.0964366 0.1689305 0.0921931 0.0576192 0.1433440 0.0565319 0.0849068 0.1129183 0.1085968 0.1672926 0.1382265 0.1208052 0.1353327 0.1022190 0.1671572 0.1216544 0.1687110 0.1510111 0.1002082 0.1502768 0.0836110 0.1381896 0.1487428 0.1417301 0.1115194 0.1676730 0.1259423 0.1322380 0.1162816 0.0335528 0.0596114 0.0627011 0.1462595 0.0475196 0.0560087 0.1035099 0.1408754 0.1235378 0.1218785 0.1236830 0.1354576 0.1346999 0.1305676 0.1224279 0.1398878 0.1275879 0.1283850 0.0792850 0.1160282 0.1071566 0.0740883 0.1129934 0.0971136 0.0403061 0.1128563 0.0873119 0.1258489 0.1217508 0.1185881 0.1301136 0.0635208 0.1149808 0.0707789 0.1057893 0.1124834 0.1320077 0.1200872 0.0626248 0.1394427 0.1096532 0.1062651 0.0990146 0.1351905 0.1578687 0.1047771 
S0412sl    0.0566346 0.0572022 0.1026143 0.0522362 0.0511197 0.0719209 0.1186382 0.0606386 0.0644745 0.0296601 0.1070767 0.0925166 0.0971390 0.0924788 0.0927397 0.0970559 0.0667144 0.0584176 0.0903585 0.0553395 0.0555036 0.1020697 0.0000000 0.0915174 0.0480508 0.0781984 0.0745199 0.0935336 0.0613205 0.0765636 0.1174947 0.0448490 0.0514248 0.0985587 0.0697745 0.0658849 0.0515563 0.0541528 0.0582442 0.0776707 0.1316548 0.0254981 0.0705819 0.0541998 0.0859521 0.0583078 0.0545420 0.0512607 0.0546300 0.1159134 0.0548402 0.0748747 0.0894032 0.0618938 0.0921674 0.0589511 0.0799008 0.1120112 0.0793964 0.0731064 0.0895569 0.0484163 0.1011207 0.0636803 0.1128743 0.1069309 0.0545420 0.1184776 0.0218770 0.0706519 0.0854453 0.0688303 0.0500870 0.1271001 0.0578765 0.0580066 0.0755722 0.1021845 0.0616117 0.0648043 0.0774640 0.1018950 0.1175913 0.0843153 0.0895654 0.0741312 0.0545834 0.0692022 0.0739293 0.0605404 0.0614671 0.0547767 0.0615020 0.0607857 0.0501190 0.0808109 0.0541706 0.0533855 0.1194818 0.0382472 0.0515889 0.1022509 0.0660381 0.0756360 0.0578261 0.0672789 0.0475839 0.0612847 0.1105049 0.0604335 0.0772731 0.0512463 0.0381978 0.0669987 0.0827890 0.0582204 0.0851085 0.0558812 0.0662356 0.0541102 0.0579775 0.0936938 0.0584769 
S0417      0.1126238 0.0900225 0.0313071 0.0978453 0.1106842 0.1199108 0.0467085 0.1232295 0.1266473 0.0858840 0.0454828 0.1252165 0.1369697 0.0378233 0.1332604 0.0309774 0.1468772 0.1190996 0.1350430 0.1168041 0.1043983 0.0406156 0.0915174 0.0000000 0.0864986 0.1247072 0.1131883 0.1274366 0.1346116 0.1108414 0.0416804 0.1114528 0.1113921 0.0284105 0.0505041 0.0635480 0.1146969 0.1140665 0.0852428 0.1164652 0.1521685 0.1027601 0.1086492 0.1068695 0.1258060 0.0979353 0.1149572 0.0900625 0.0900304 0.1573522 0.0858525 0.0550233 0.1286833 0.0437345 0.0708299 0.1063040 0.1163960 0.1560829 0.1306526 0.1141272 0.1284437 0.0918656 0.1518346 0.1110922 0.1664139 0.1355151 0.0937650 0.1478688 0.0723511 0.1357796 0.1338732 0.1406802 0.1057338 0.1653275 0.1189912 0.1211608 0.1096584 0.0283089 0.0467315 0.0497385 0.1302127 0.0446984 0.0501983 0.1120817 0.1250741 0.1125833 0.1150329 0.1097206 0.1319823 0.1337890 0.1235446 0.1154907 0.1199828 0.1221832 0.1173770 0.0688339 0.1229101 0.1136670 0.0608462 0.1022681 0.0906650 0.0342542 0.1062475 0.0770713 0.1189001 0.1168570 0.1120189 0.1231173 0.0571037 0.1083883 0.0572711 0.1031147 0.1018039 0.1252564 0.1230979 0.0496803 0.1326706 0.1030390 0.0985349 0.0926488 0.1245705 0.1384347 0.0982527 
S0419      0.0606919 0.0085848 0.0936876 0.0316004 0.0624907 0.0748490 0.1127877 0.0573952 0.0789614 0.0363801 0.0973202 0.0835672 0.0740492 0.0835233 0.0792032 0.0881547 0.0771358 0.0589001 0.0750800 0.0595003 0.0596776 0.0928831 0.0480508 0.0864986 0.0000000 0.0706373 0.0662054 0.0817054 0.0750652 0.0614555 0.1074715 0.0619874 0.0554482 0.0894823 0.0693130 0.0793471 0.0649634 0.0686900 0.0313533 0.0692820 0.1202226 0.0507348 0.0624488 0.0582550 0.0713202 0.0110288 0.0586279 0.0027030 0.0054381 0.1033904 0.0283401 0.0743638 0.0763637 0.0614985 0.0882983 0.0477848 0.0788269 0.1034952 0.0722249 0.0476226 0.0837549 0.0318929 0.0914877 0.0425741 0.1003918 0.1005928 0.0054294 0.1149086 0.0249478 0.0693402 0.0764853 0.0841451 0.0600513 0.1232304 0.0620436 0.0685166 0.0542844 0.0929866 0.0612199 0.0643894 0.0763300 0.0849320 0.1119219 0.0617847 0.0882275 0.0658669 0.0586725 0.0576878 0.0598662 0.0666640 0.0657361 0.0588843 0.0833922 0.0638700 0.0545647 0.0833782 0.0507371 0.0538935 0.1133630 0.0482003 0.0082386 0.0930535 0.0412365 0.0751343 0.0619891 0.0639830 0.0435001 0.0655361 0.1052309 0.0541145 0.0733228 0.0552525 0.0446733 0.0570489 0.0751162 0.0578538 0.0673231 0.0448231 0.0512794 0.0405976 0.0564545 0.0856278 0.0383413 
S0427      0.0767427 0.0661263 0.1442183 0.0807255 0.0827400 0.0888648 0.1572466 0.0835446 0.0776791 0.0664983 0.1426729 0.1081886 0.1061539 0.1336423 0.1084466 0.1300891 0.0960082 0.0693721 0.0256320 0.0797566 0.0799865 0.1434645 0.0781984 0.1247072 0.0706373 0.0000000 0.0900302 0.0950163 0.1127076 0.0998598 0.1533017 0.0786338 0.0753026 0.1397508 0.1085415 0.1192970 0.0851000 0.0890391 0.0873308 0.0931419 0.1458610 0.0769857 0.0859721 0.0780700 0.0869520 0.0816194 0.0785713 0.0740053 0.0776007 0.1186112 0.0704644 0.1148522 0.1026318 0.0994387 0.1331743 0.0737736 0.1043228 0.1279459 0.0923665 0.0930570 0.1225127 0.0676772 0.1180590 0.0780188 0.1257362 0.1329442 0.0774796 0.1450234 0.0519347 0.0844710 0.1019443 0.1091445 0.0943777 0.1542061 0.0821518 0.0854421 0.0645446 0.1436223 0.0989985 0.0954201 0.1016855 0.1388900 0.1486324 0.1075174 0.1053019 0.0895693 0.0719290 0.0886031 0.0849085 0.0974927 0.0860872 0.0789168 0.0962361 0.0806049 0.0702786 0.1305414 0.0881434 0.0797348 0.1721093 0.0610203 0.0815581 0.1436638 0.0857075 0.1238598 0.0820833 0.0920640 0.0664613 0.0790123 0.1450001 0.0768064 0.1059082 0.0780762 0.0637084 0.0881892 0.1116098 0.0952932 0.0899782 0.0743689 0.0865763 0.0690848 0.0737144 0.0474461 0.0672653 
S0430      0.0894486 0.0767824 0.1296598 0.0770197 0.0971364 0.0173072 0.1466964 0.0881341 0.1094934 0.0687666 0.1305380 0.0196418 0.0573571 0.1142561 0.0196819 0.1104288 0.1071432 0.0976729 0.0950198 0.0940517 0.0898493 0.1242000 0.0745199 0.1131883 0.0662054 0.0900302 0.0000000 0.0944426 0.1201320 0.0626798 0.1368596 0.0891776 0.0891347 0.1124837 0.0858447 0.0924645 0.0881585 0.0965001 0.0727500 0.0027093 0.1367319 0.0772413 0.0027287 0.0919769 0.0981218 0.0773596 0.0925884 0.0696386 0.0732922 0.1253126 0.0691446 0.0915748 0.0575402 0.0735246 0.1003429 0.0724004 0.0129185 0.1298451 0.1040726 0.0961194 0.1053692 0.0590573 0.0715109 0.0460332 0.1312195 0.1157366 0.0731738 0.1385585 0.0429290 0.1083295 0.0649940 0.1215293 0.0874377 0.1476577 0.0964229 0.0944596 0.0836721 0.1201363 0.0731859 0.0764976 0.0228770 0.1246487 0.1370376 0.0769480 0.0258135 0.0000022 0.0855474 0.0471988 0.1022757 0.0981731 0.1006839 0.0930141 0.0993614 0.0946061 0.0911807 0.1103139 0.0920944 0.0840898 0.1563340 0.0697309 0.0701018 0.1243981 0.0885238 0.0967526 0.0963430 0.0925490 0.0825543 0.0931276 0.1218309 0.0904467 0.0938750 0.0805390 0.0765293 0.0952331 0.1086302 0.0696284 0.0857006 0.0692931 0.0807917 0.0573921 0.0976982 0.1015853 0.0618580 
S0552sl    0.0914727 0.0856673 0.1477498 0.0964753 0.0978995 0.0972433 0.1521822 0.0753206 0.1015438 0.0819263 0.1313172 0.1056623 0.1140102 0.1320456 0.1131804 0.1204037 0.1134733 0.0845855 0.0861968 0.0985266 0.0988033 0.1335772 0.0935336 0.1274366 0.0817054 0.0950163 0.0944426 0.0000000 0.1213229 0.0904821 0.1558267 0.0936798 0.0936347 0.1382350 0.1027222 0.0947625 0.1075803 0.0903212 0.0848393 0.0975875 0.1518955 0.0997015 0.0902929 0.0963997 0.0344982 0.0931676 0.0970257 0.0784305 0.0889344 0.0771880 0.0779243 0.1089252 0.0984737 0.0831416 0.1148550 0.0890788 0.1013905 0.0602586 0.0479860 0.0909886 0.1120325 0.0790680 0.1064097 0.0778788 0.0737427 0.1260291 0.0819847 0.1218292 0.0217844 0.1126431 0.0983227 0.1218509 0.1027053 0.1298198 0.1008049 0.1068412 0.0860013 0.1421487 0.0827645 0.0860959 0.1143828 0.1420665 0.1481197 0.0978389 0.1064027 0.0939540 0.0934811 0.0854045 0.0989126 0.0885260 0.1050170 0.0873112 0.1083610 0.0889566 0.0811537 0.1171101 0.0888130 0.0712731 0.1540823 0.0887969 0.0861804 0.1387864 0.0909886 0.1062465 0.1007245 0.0963296 0.0905774 0.1009975 0.1313563 0.0943099 0.1073283 0.0932918 0.0914374 0.1034398 0.1089488 0.0859818 0.0463277 0.0859401 0.1019240 0.0735807 0.0987134 0.1026454 0.0740313 
S0558      0.0815409 0.0828657 0.1393789 0.0938999 0.0763307 0.1184277 0.1757031 0.0930437 0.0875288 0.0500877 0.1468889 0.1399957 0.1416004 0.1215923 0.1305626 0.1454772 0.1011687 0.0813980 0.1191322 0.0733292 0.0698510 0.1470835 0.0613205 0.1346116 0.0750652 0.1127076 0.1201320 0.1213229 0.0000000 0.1229241 0.1655376 0.0685533 0.0689828 0.1392739 0.1154316 0.1060159 0.0800071 0.0826277 0.0887170 0.1234002 0.1414450 0.0669514 0.1155254 0.0717765 0.1021849 0.0719796 0.0722389 0.0718155 0.0750652 0.1279461 0.0893503 0.1178046 0.1312689 0.1018527 0.1266485 0.1024781 0.1207193 0.1290586 0.1072250 0.1109850 0.1097155 0.0755712 0.1370302 0.0897715 0.1183258 0.1333023 0.0753188 0.1377941 0.0384201 0.1121485 0.1281401 0.0798546 0.0770184 0.1470393 0.0687328 0.0718288 0.0910065 0.1472476 0.1013398 0.1047868 0.1229954 0.1529182 0.1743116 0.1155119 0.1204739 0.1194931 0.0722917 0.1086320 0.0974359 0.0847544 0.0725087 0.0658711 0.0902936 0.0821651 0.0678407 0.1281042 0.0859986 0.0921591 0.1802749 0.0607460 0.0794209 0.1519119 0.1031329 0.1092037 0.0690145 0.0958535 0.0812323 0.0794118 0.1630235 0.0716289 0.1202868 0.0618278 0.0684035 0.0889107 0.1093317 0.0975428 0.0980267 0.0992256 0.0748206 0.0791125 0.0929903 0.0994349 0.0913458 
S0616      0.0959644 0.0714867 0.1227379 0.0790067 0.0878768 0.0711731 0.1352269 0.0905214 0.1031112 0.0712536 0.1160048 0.0799030 0.0809137 0.1078051 0.0800901 0.1049630 0.1087528 0.0922647 0.0979069 0.0848452 0.0850916 0.1137433 0.0765636 0.1108414 0.0614555 0.0998598 0.0626798 0.0904821 0.1229241 0.0000000 0.1339124 0.0802468 0.0802118 0.1060549 0.0841181 0.0836589 0.0941461 0.0873096 0.0686522 0.0657468 0.1383623 0.0792321 0.0589733 0.0830169 0.1039452 0.0722285 0.0835586 0.0647863 0.0683177 0.1369797 0.0717279 0.0896869 0.0799505 0.0690461 0.0956173 0.0788149 0.0793449 0.1262853 0.1099964 0.0978770 0.1122881 0.0653859 0.0913212 0.0525508 0.1285260 0.1226700 0.0682087 0.1416352 0.0426573 0.1062726 0.0835892 0.1117293 0.0892889 0.1507507 0.0872421 0.0862282 0.0855678 0.1176470 0.0687312 0.0719765 0.0809790 0.1096399 0.1304796 0.0250496 0.0771439 0.0623599 0.0767494 0.0642937 0.0963944 0.1040979 0.0913073 0.0839335 0.1065872 0.1012654 0.0895007 0.1080123 0.0829830 0.0864915 0.1364612 0.0758155 0.0652075 0.1103631 0.0903773 0.0877563 0.0871692 0.0975113 0.0844425 0.0840347 0.1106085 0.0850169 0.0919615 0.0720443 0.0785136 0.1005415 0.1061260 0.0652597 0.0993305 0.0757071 0.0912527 0.0595449 0.0994062 0.1128347 0.0681553 
S0624      0.1400616 0.1120636 0.0507795 0.1197139 0.1383273 0.1495133 0.0599411 0.1410812 0.1316130 0.1070164 0.0524025 0.1497528 0.1663859 0.0409812 0.1583576 0.0442058 0.1489748 0.1350329 0.1500641 0.1454509 0.1216106 0.0470134 0.1174947 0.0416804 0.1074715 0.1533017 0.1368596 0.1558267 0.1655376 0.1339124 0.0000000 0.1393312 0.1392414 0.0380096 0.0684248 0.0823850 0.1348704 0.1418970 0.1099761 0.1402542 0.1783457 0.1297014 0.1318770 0.1342037 0.1498909 0.1155494 0.1430444 0.1112742 0.1112346 0.1710423 0.1107812 0.0656830 0.1615726 0.0610157 0.0903339 0.1289626 0.1088924 0.1825470 0.1518796 0.1373607 0.1530827 0.1176698 0.1826590 0.1328097 0.1820982 0.1696692 0.1152645 0.1781283 0.0943299 0.1507156 0.1631276 0.1597120 0.1306149 0.1925696 0.1474441 0.1415552 0.1200565 0.0285075 0.0641760 0.0608742 0.1602106 0.0587092 0.0671645 0.1309255 0.1544582 0.1361076 0.1431337 0.1402971 0.1562327 0.1519447 0.1524961 0.1437356 0.1533093 0.1366406 0.1453930 0.0737531 0.1406757 0.1308599 0.0829075 0.1290512 0.1027171 0.0537787 0.1288834 0.0927439 0.1473417 0.1171972 0.1177651 0.1416603 0.0618910 0.1309530 0.0757604 0.1256791 0.1284549 0.1492562 0.1174851 0.0672619 0.1449900 0.1255493 0.1254045 0.1065355 0.1346741 0.1706606 0.1202346 
S0641      0.0598790 0.0611480 0.1231406 0.0654304 0.0227375 0.0875162 0.1446399 0.0684577 0.0244079 0.0399803 0.1217747 0.1077775 0.1013041 0.1126584 0.1080405 0.1169617 0.0779572 0.0526636 0.0944570 0.0141512 0.0199875 0.1183438 0.0448490 0.1114528 0.0619874 0.0786338 0.0891776 0.0936798 0.0685533 0.0802468 0.1393312 0.0000000 0.0168220 0.1188279 0.0884335 0.0837890 0.0448399 0.0168513 0.0618804 0.0923681 0.1272841 0.0475400 0.0850259 0.0195418 0.0892363 0.0658231 0.0196597 0.0653503 0.0619874 0.1087058 0.0554139 0.0942393 0.0912474 0.0799052 0.1042525 0.0723749 0.0904813 0.1117152 0.0865050 0.0910307 0.0932677 0.0559053 0.1044150 0.0713612 0.1045948 0.1107217 0.0688064 0.1223454 0.0221583 0.0863121 0.0962807 0.0583620 0.0574207 0.1310468 0.0225825 0.0506719 0.0656467 0.1226202 0.0794969 0.0828168 0.1011127 0.1228800 0.1394424 0.0876533 0.0931387 0.0887094 0.0226343 0.0867200 0.0784535 0.0780255 0.0256214 0.0197398 0.0648685 0.0617170 0.0503950 0.1047960 0.0608823 0.0647563 0.1355482 0.0348869 0.0728172 0.1111317 0.0836257 0.0956205 0.0225628 0.0718008 0.0643771 0.0255545 0.1314592 0.0504489 0.0896069 0.0226128 0.0380567 0.0782991 0.0840973 0.0759095 0.0848942 0.0692679 0.0814360 0.0542402 0.0755113 0.0859132 0.0651680 
