128
S0055      0.0000000 0.0971063 0.1148246 0.1343579 0.0671014 0.1288364 0.1043748 0.1165123 0.0679323 0.0832571 0.1120157 0.1303520 0.1408479 0.1140029 0.1361447 0.0987633 0.1206455 0.1787672 0.1311058 0.0734868 0.0645055 0.0499187 0.1116990 0.1314095 0.1026442 0.1100904 0.0782614 0.1066450 0.1370925 0.1066096 0.1367629 0.0911367 0.1357990 0.1011544 0.1084236 0.0695045 0.0560391 0.1247502 0.0992866 0.0669601 0.0686502 0.1164887 0.1317813 0.1434266 0.1294665 0.1332386 0.1058497 0.0543902 0.1233065 0.1045085 0.0697917 0.1064592 0.1044589 0.1480705 0.1227774 0.0974110 0.1426409 0.0904265 0.0851569 0.1023449 0.1174134 0.1161257 0.1245378 0.1452178 0.1408484 0.0864457 0.1278685 0.1532198 0.1042397 0.1352095 0.1088652 0.1389647 0.1426612 0.1470283 0.1057683 0.1510753 0.0992351 0.1374980 0.1183931 0.1357580 0.0709700 0.1330908 0.1474857 0.0695947 0.0726761 0.0981713 0.0987426 0.1276883 0.0962012 0.1135914 0.1285110 0.1388015 0.1276780 0.0670597 0.1416765 0.1254548 0.1192050 0.0734523 0.0646031 0.0443076 0.1341992 0.0481098 0.0919558 0.1334740 0.1260306 0.1215938 0.0727396 0.1088211 0.1130060 0.1203751 0.0674198 0.1268328 0.1170615 0.0728083 0.1277215 0.0590355 0.1006320 0.0607186 0.0724312 0.1212910 0.1304174 0.1226156 0.0914353 0.1176402 0.0934396 0.1160655 0.0799515 0.0913525 
S0196sl    0.0971063 0.0000000 0.1053157 0.0575446 0.0963364 0.1131882 0.0917345 0.0773566 0.1003343 0.1112002 0.1071127 0.1191373 0.1205249 0.1012811 0.1239434 0.0891542 0.1026048 0.1378129 0.1208539 0.1002993 0.0962870 0.0803867 0.0996742 0.0674438 0.0882152 0.0116670 0.1014307 0.0939761 0.1203286 0.0896208 0.1150322 0.1307334 0.1193978 0.0953565 0.0917647 0.1086948 0.0870031 0.1086792 0.0931280 0.0932041 0.1009840 0.0392841 0.1217359 0.1339903 0.0635170 0.1203753 0.0851850 0.0933659 0.1006558 0.0066095 0.1003184 0.0105489 0.0082911 0.1245336 0.0423294 0.0889381 0.1209915 0.0894748 0.0590603 0.0949126 0.1053788 0.0942108 0.0990324 0.1218605 0.1160349 0.1248908 0.0574407 0.1508570 0.0785419 0.1179940 0.1043636 0.1161638 0.1185060 0.1369754 0.0082874 0.1429927 0.0972833 0.1082392 0.0931316 0.1186252 0.1087566 0.1070513 0.1398907 0.0984864 0.1166660 0.0801953 0.0884899 0.1146001 0.0850144 0.0989317 0.1100833 0.1269143 0.1132396 0.0966312 0.1197301 0.1036396 0.0844112 0.1030108 0.0949329 0.1005920 0.1033246 0.0915975 0.0827883 0.0922075 0.0826179 0.1064679 0.1148174 0.0128356 0.1003976 0.0516312 0.0947282 0.0971865 0.0893214 0.1113920 0.1152868 0.0997489 0.0995386 0.0957691 0.0949829 0.0933653 0.1104984 0.0928384 0.0629064 0.1205479 0.0322324 0.0914055 0.0937879 0.0661345 
S0278      0.1148246 0.1053157 0.0000000 0.1379225 0.1199892 0.1257133 0.0404508 0.1192110 0.1191618 0.1392281 0.0498636 0.1350354 0.1436487 0.0507962 0.1367394 0.0505476 0.1444784 0.2004848 0.1334333 0.1247596 0.1179528 0.1049904 0.0488922 0.1388783 0.0448572 0.1149669 0.1285830 0.0595391 0.1355719 0.0588169 0.1395359 0.1351451 0.1435389 0.1172637 0.0415650 0.1216469 0.1067130 0.0584230 0.0792860 0.1111224 0.1196784 0.1233616 0.1324494 0.1547879 0.1285437 0.1323127 0.1220824 0.1062172 0.1213609 0.1093409 0.1206649 0.1122423 0.1080259 0.1537087 0.1312947 0.0764287 0.1463615 0.0743787 0.0908314 0.0470074 0.1242608 0.1140387 0.1322021 0.1409184 0.1343983 0.1398845 0.1450101 0.1713313 0.1151403 0.1475695 0.1207254 0.1481655 0.1588316 0.1570927 0.1099793 0.1601559 0.0706992 0.1435951 0.1298356 0.1473543 0.1301311 0.1385252 0.1579941 0.1224249 0.1298314 0.1176754 0.0486910 0.1275658 0.0683603 0.0486337 0.1356504 0.1363410 0.1254771 0.1206566 0.1495811 0.1511425 0.1263676 0.1269414 0.1149197 0.1227821 0.1426591 0.1049832 0.0698268 0.1375218 0.1280743 0.0529109 0.1309146 0.1139465 0.0541453 0.1382395 0.1208250 0.1309985 0.1347997 0.1242295 0.0547884 0.1181845 0.0874938 0.1113885 0.1142705 0.1408827 0.1538805 0.1292580 0.0943720 0.1280894 0.0987711 0.1359228 0.1216696 0.0986731 
S0281      0.1343579 0.0575446 0.1379225 0.0000000 0.1356032 0.1469735 0.1228964 0.1126796 0.1364994 0.1514847 0.1357886 0.1518865 0.1548238 0.1349714 0.1579718 0.1279962 0.1346039 0.1709114 0.1560575 0.1462861 0.1333382 0.1181656 0.1355984 0.0960629 0.1258695 0.0691686 0.1399657 0.1317826 0.1566716 0.1290208 0.1414985 0.1571959 0.1536260 0.1230954 0.1303560 0.1407331 0.1245447 0.1456864 0.1301731 0.1326979 0.1403492 0.0651938 0.1548908 0.1758833 0.0933516 0.1536095 0.1151215 0.1253754 0.1283554 0.0623073 0.1375329 0.0679230 0.0653911 0.1602703 0.0701329 0.1287380 0.1580232 0.1264180 0.0960469 0.1280241 0.1382597 0.1247533 0.1337018 0.1522049 0.1470856 0.1634990 0.0778600 0.1938550 0.1132209 0.1574092 0.1290566 0.1449213 0.1502985 0.1771320 0.0653618 0.1829211 0.1261791 0.1394342 0.1354229 0.1600409 0.1434073 0.1405340 0.1790576 0.1361117 0.1472615 0.1116455 0.1238254 0.1492435 0.1245431 0.1257556 0.1496510 0.1612066 0.1463529 0.1360571 0.1557573 0.1334101 0.1183228 0.1394001 0.1308225 0.1329369 0.1393800 0.1208142 0.1220085 0.1306176 0.1207614 0.1419567 0.1467213 0.0680024 0.1395373 0.0714377 0.1340438 0.1315267 0.1296215 0.1486972 0.1524815 0.1363924 0.1355203 0.1286630 0.1353992 0.1247829 0.1418479 0.1269038 0.0981240 0.1494672 0.0735793 0.1322842 0.1354200 0.1016901 
S0282      0.0671014 0.0963364 0.1199892 0.1356032 0.0000000 0.1324274 0.1115536 0.1169998 0.0200645 0.0807782 0.1176802 0.1384820 0.1464244 0.1157788 0.1413320 0.1032811 0.1272171 0.1523478 0.1400402 0.0849356 0.0162773 0.0152563 0.1132006 0.1309217 0.1035634 0.1088867 0.0833916 0.1061829 0.1410706 0.1140218 0.1405071 0.0927624 0.1419920 0.1120666 0.1129638 0.0740424 0.0179450 0.1347114 0.1055977 0.0719924 0.0179876 0.1124276 0.1368982 0.1442206 0.1211168 0.1397209 0.1068886 0.0314119 0.1277113 0.1022149 0.0189460 0.1056907 0.1047662 0.1569619 0.1199528 0.1027659 0.1451828 0.1023131 0.0847017 0.1046942 0.1213721 0.1213688 0.1329682 0.1487346 0.1428791 0.0870055 0.1276386 0.1621185 0.1102904 0.1415542 0.1172398 0.1468445 0.1528007 0.1481942 0.1047683 0.1532758 0.0891618 0.1392064 0.1215464 0.1445142 0.0722520 0.1374128 0.1511924 0.0178636 0.0736716 0.1059541 0.1036255 0.1315996 0.1006469 0.1163477 0.1327120 0.1447881 0.1301189 0.0211863 0.1458741 0.1300190 0.1197611 0.0226500 0.0217126 0.0737500 0.1387936 0.0498421 0.0984150 0.1334626 0.1217152 0.1293182 0.0768484 0.1071773 0.1187917 0.1203596 0.0153015 0.1215184 0.1150245 0.0490350 0.1294766 0.0703996 0.1075248 0.0641699 0.0716980 0.1220088 0.1326484 0.1265511 0.0888872 0.1163721 0.0897790 0.1155524 0.0825971 0.0899774 
S0288      0.1288364 0.1131882 0.1257133 0.1469735 0.1324274 0.0000000 0.1143860 0.1282478 0.1326595 0.1481308 0.1255984 0.0133869 0.1132588 0.1224291 0.0211159 0.1135595 0.1394204 0.1768156 0.0169224 0.1385779 0.1279927 0.1161530 0.1222731 0.1435596 0.1172155 0.1278634 0.1376068 0.1154030 0.0255153 0.1158383 0.1539118 0.1490426 0.0768453 0.0247555 0.1221426 0.1349472 0.1211312 0.1371613 0.1225385 0.1282204 0.1372990 0.1289670 0.0195393 0.1596503 0.1415097 0.0106436 0.1208534 0.1199282 0.1430818 0.1183259 0.1340626 0.1227809 0.1211917 0.1701970 0.1403295 0.1189626 0.1081768 0.1169320 0.0993898 0.1182054 0.0366618 0.1334099 0.1445710 0.1570225 0.1577412 0.1573455 0.1372139 0.1796566 0.1269120 0.1083073 0.0870492 0.1588592 0.1634371 0.1601252 0.1225601 0.1704465 0.1076759 0.1584471 0.1325060 0.1094824 0.1389530 0.1478924 0.1667442 0.1368295 0.1376802 0.1209055 0.1137569 0.0172535 0.1178160 0.1273192 0.0678741 0.0233917 0.0092194 0.1358241 0.1067894 0.1457555 0.1340353 0.1408287 0.1279062 0.1293155 0.1513875 0.1139660 0.1106924 0.1421179 0.1375702 0.1338914 0.1372627 0.1220662 0.1275763 0.1355914 0.1326831 0.1438884 0.1315210 0.1422943 0.1396667 0.1270924 0.1208420 0.1198852 0.1270392 0.1375471 0.1528190 0.1394132 0.1036555 0.1337362 0.1054610 0.1298578 0.1396595 0.1039158 
S0289      0.1043748 0.0917345 0.0404508 0.1228964 0.1115536 0.1143860 0.0000000 0.1064893 0.1124373 0.1278856 0.0415712 0.1193922 0.1316964 0.0370447 0.1211393 0.0394273 0.1311791 0.1802882 0.1186779 0.1125551 0.1099516 0.0910390 0.0349126 0.1221554 0.0355494 0.1019999 0.1114811 0.0488464 0.1185633 0.0460465 0.1289609 0.1239857 0.1324553 0.1008211 0.0338494 0.1112715 0.0984637 0.0501459 0.0654934 0.1038894 0.1120304 0.1064009 0.1171380 0.1417385 0.1244863 0.1176198 0.1106967 0.1012056 0.1119097 0.0951446 0.1118701 0.0999796 0.0964600 0.1419968 0.1141464 0.0623337 0.1332240 0.0627748 0.0802591 0.0374733 0.1099126 0.1085757 0.1216398 0.1324652 0.1279263 0.1259295 0.1200883 0.1610518 0.1004561 0.1319665 0.1101384 0.1348359 0.1438969 0.1433703 0.0977660 0.1495226 0.0629785 0.1322792 0.1151646 0.1318662 0.1141910 0.1215003 0.1479657 0.1144171 0.1204561 0.1061390 0.0360389 0.1112405 0.0526762 0.0333070 0.1227441 0.1229274 0.1118578 0.1117716 0.1377766 0.1344344 0.1128788 0.1182053 0.1081775 0.1112405 0.1266299 0.0983633 0.0544454 0.1219308 0.1136164 0.0407043 0.1194658 0.1016397 0.0446777 0.1164925 0.1127803 0.1204090 0.1206749 0.1213948 0.0494410 0.1064955 0.0677238 0.0998899 0.1036907 0.1227419 0.1361722 0.1111741 0.0846099 0.1134361 0.0856386 0.1212207 0.1089639 0.0889719 
S0292      0.1165123 0.0773566 0.1192110 0.1126796 0.1169998 0.1282478 0.1064893 0.0000000 0.1173451 0.1365183 0.1115979 0.1313868 0.1323666 0.1129173 0.1356033 0.1068665 0.1004786 0.1225455 0.1371996 0.1189774 0.1155972 0.0967723 0.1125165 0.1107311 0.1044788 0.0891426 0.1182474 0.1063953 0.1368288 0.1006895 0.1039461 0.1379886 0.1296426 0.1060446 0.1091343 0.1210150 0.1050419 0.1292527 0.1072240 0.1116769 0.1202185 0.0979367 0.1314615 0.1571563 0.1063999 0.1332019 0.0941174 0.1092078 0.0873823 0.0844543 0.1195012 0.0865117 0.0838133 0.1152932 0.1020040 0.1051254 0.1386208 0.0976712 0.0686838 0.1057548 0.1179188 0.0841987 0.0947531 0.1089180 0.1041811 0.1383509 0.1107606 0.1712688 0.0933051 0.1329742 0.1071164 0.1062609 0.1064165 0.1601964 0.0850677 0.1624480 0.1045881 0.1010061 0.0973104 0.1335253 0.1230396 0.0604842 0.1594815 0.1175703 0.1257041 0.0887759 0.1041425 0.1280897 0.1027436 0.1163221 0.1259297 0.1370974 0.1288426 0.1129181 0.1364688 0.1055526 0.0233663 0.1207687 0.1103010 0.1172879 0.0542934 0.1006513 0.0934483 0.0358804 0.0176741 0.1186405 0.1333158 0.0880615 0.1164432 0.1029865 0.1155419 0.0595755 0.0870566 0.1264886 0.1261765 0.1137753 0.1122373 0.1103293 0.1116132 0.0964718 0.1062449 0.0889973 0.0708429 0.1210380 0.0712404 0.0910918 0.1176256 0.0778356 
S0293      0.0679323 0.1003343 0.1191618 0.1364994 0.0200645 0.1326595 0.1124373 0.1173451 0.0000000 0.0798810 0.1172382 0.1373056 0.1489621 0.1137415 0.1415802 0.0989575 0.1239509 0.1476946 0.1381261 0.0846257 0.0195363 0.0169666 0.1112538 0.1340238 0.1032756 0.1111495 0.0830355 0.1089669 0.1391512 0.1108275 0.1418700 0.0944789 0.1432004 0.1093680 0.1125925 0.0718659 0.0207933 0.1292170 0.1037223 0.0716473 0.0219514 0.1140390 0.1371360 0.1466794 0.1227940 0.1385557 0.1071954 0.0326616 0.1275029 0.1057409 0.0227883 0.1079354 0.1069998 0.1569802 0.1223202 0.0997444 0.1463936 0.1018504 0.0849348 0.1044733 0.1237189 0.1202678 0.1303495 0.1487092 0.1426921 0.0860616 0.1307166 0.1637352 0.1099296 0.1391554 0.1233380 0.1483412 0.1513000 0.1528893 0.1070021 0.1543094 0.0908505 0.1405708 0.1191301 0.1421115 0.0744761 0.1370916 0.1530023 0.0206172 0.0763671 0.1047085 0.1032418 0.1304176 0.0994420 0.1134533 0.1324033 0.1435509 0.1296659 0.0266859 0.1448869 0.1267548 0.1194741 0.0254748 0.0239814 0.0765966 0.1376865 0.0494163 0.0966567 0.1337416 0.1212647 0.1280325 0.0784010 0.1081151 0.1177282 0.1233754 0.0185591 0.1210864 0.1138346 0.0520748 0.1266463 0.0700495 0.1070699 0.0632074 0.0707460 0.1195189 0.1279707 0.1263529 0.0884813 0.1138669 0.0912845 0.1144788 0.0822292 0.0902290 
S0294      0.0832571 0.1112002 0.1392281 0.1514847 0.0807782 0.1481308 0.1278856 0.1365183 0.0798810 0.0000000 0.1371838 0.1555725 0.1679389 0.1316978 0.1559652 0.1122724 0.1366377 0.1687034 0.1553981 0.0951574 0.0782893 0.0625135 0.1285247 0.1495892 0.1174307 0.1239413 0.0954022 0.1265702 0.1592926 0.1250831 0.1665959 0.1086462 0.1571960 0.1297773 0.1287399 0.0877277 0.0696507 0.1491001 0.1179803 0.0819152 0.0805156 0.1296303 0.1527641 0.1533409 0.1358914 0.1543357 0.1177987 0.0712279 0.1508113 0.1185712 0.0818388 0.1229954 0.1171278 0.1764554 0.1393342 0.1142538 0.1658571 0.1120847 0.0971512 0.1256229 0.1378517 0.1418245 0.1555172 0.1773715 0.1657947 0.0505884 0.1463750 0.1709375 0.1209887 0.1583019 0.1363101 0.1646667 0.1702377 0.1605752 0.1205967 0.1646281 0.1088242 0.1595320 0.1321834 0.1581533 0.0957653 0.1591723 0.1599786 0.0803522 0.0892557 0.1234571 0.1142841 0.1494350 0.1106276 0.1329997 0.1523776 0.1603700 0.1484335 0.0809876 0.1645302 0.1387734 0.1377718 0.0863144 0.0782652 0.0902465 0.1531992 0.0693302 0.1106068 0.1482975 0.1391970 0.1430552 0.0913697 0.1216589 0.1320732 0.1389473 0.0773359 0.1443135 0.1333380 0.0918367 0.1491009 0.0837006 0.1185489 0.0776788 0.0692849 0.1356486 0.1429065 0.1486949 0.1030334 0.1368037 0.1041249 0.1300777 0.0975580 0.1073933 
S0299      0.1120157 0.1071127 0.0498636 0.1357886 0.1176802 0.1255984 0.0415712 0.1115979 0.1172382 0.1371838 0.0000000 0.1347983 0.1470527 0.0398295 0.1391884 0.0511703 0.1439539 0.1974426 0.1359982 0.1154884 0.1153946 0.1005566 0.0485979 0.1280438 0.0462990 0.1163708 0.1172023 0.0607945 0.1348951 0.0543205 0.1354573 0.1242076 0.1482086 0.1122831 0.0406634 0.1181886 0.1054751 0.0562387 0.0804135 0.1091365 0.1153195 0.1173005 0.1331076 0.1494512 0.1347226 0.1321756 0.1213029 0.1054049 0.1203794 0.1089862 0.1204053 0.1142653 0.1104117 0.1524471 0.1254291 0.0743673 0.1489089 0.0759891 0.0928280 0.0495878 0.1235446 0.1154885 0.1327506 0.1412877 0.1359240 0.1372983 0.1364487 0.1684986 0.1195192 0.1433761 0.1279924 0.1448987 0.1487117 0.1500306 0.1118263 0.1575223 0.0814725 0.1458272 0.1234102 0.1446916 0.1157077 0.1330345 0.1550133 0.1201207 0.1225027 0.1166840 0.0429570 0.1271963 0.0653637 0.0394360 0.1381048 0.1372400 0.1247658 0.1188910 0.1524699 0.1446703 0.1192841 0.1234231 0.1110992 0.1168255 0.1358083 0.0967622 0.0631420 0.1305189 0.1201013 0.0498049 0.1221032 0.1153551 0.0523692 0.1309803 0.1182759 0.1279127 0.1267211 0.1260482 0.0512503 0.1127374 0.0806528 0.1030866 0.1120610 0.1328159 0.1476206 0.1262404 0.0989926 0.1215488 0.0970532 0.1292817 0.1177336 0.1018756 
S0303      0.1303520 0.1191373 0.1350354 0.1518865 0.1384820 0.0133869 0.1193922 0.1313868 0.1373056 0.1555725 0.1347983 0.0000000 0.1164064 0.1288351 0.0212178 0.1205469 0.1416863 0.1854412 0.0153875 0.1442259 0.1346768 0.1221909 0.1278916 0.1494680 0.1228867 0.1308471 0.1407755 0.1231610 0.0256175 0.1198754 0.1579494 0.1572729 0.0771614 0.0244774 0.1299658 0.1406872 0.1272311 0.1453927 0.1218471 0.1304747 0.1455103 0.1328390 0.0169221 0.1666562 0.1459847 0.0117105 0.1221558 0.1260656 0.1477842 0.1221048 0.1393823 0.1266099 0.1250002 0.1743360 0.1427734 0.1196572 0.1048721 0.1170669 0.1044800 0.1272163 0.0390283 0.1373492 0.1484170 0.1612204 0.1571937 0.1591049 0.1406070 0.1836617 0.1277347 0.1117615 0.0934606 0.1638481 0.1693011 0.1671284 0.1263807 0.1759889 0.1116791 0.1611930 0.1358054 0.1129467 0.1475678 0.1504484 0.1739021 0.1407041 0.1461521 0.1269244 0.1192040 0.0162275 0.1200489 0.1323898 0.0706074 0.0283680 0.0161189 0.1419722 0.1050182 0.1475100 0.1355271 0.1436867 0.1340043 0.1332755 0.1532667 0.1206985 0.1143060 0.1485826 0.1416505 0.1413028 0.1470474 0.1258876 0.1354396 0.1394880 0.1388723 0.1464362 0.1338805 0.1516060 0.1458496 0.1335221 0.1224270 0.1287070 0.1300840 0.1376230 0.1551460 0.1418025 0.1059463 0.1416577 0.1091351 0.1320793 0.1441936 0.1061617 
S0308      0.1408479 0.1205249 0.1436487 0.1548238 0.1464244 0.1132588 0.1316964 0.1323666 0.1489621 0.1679389 0.1470527 0.1164064 0.0000000 0.1397249 0.1178692 0.1317670 0.1455779 0.2242388 0.1166676 0.1510025 0.1459867 0.1316993 0.1401976 0.1469110 0.1326499 0.1317573 0.1522111 0.1411928 0.1185871 0.1368755 0.1764637 0.1647454 0.1116326 0.1016219 0.1374710 0.1505038 0.1335843 0.1569863 0.1377081 0.1418687 0.1493578 0.1390133 0.1154967 0.1842320 0.1448043 0.1154629 0.1364548 0.1339850 0.1508877 0.1251274 0.1469352 0.1273910 0.1264329 0.1770828 0.1439124 0.1337394 0.1283015 0.1301108 0.1165095 0.1430126 0.1024389 0.1483276 0.1617176 0.1750178 0.1789435 0.1697425 0.1512334 0.1979298 0.1391904 0.1286874 0.1010627 0.1766619 0.1780631 0.1818321 0.1264360 0.1898349 0.1455282 0.1736877 0.1421772 0.1308441 0.1571160 0.1594485 0.1877915 0.1494842 0.1528513 0.1356644 0.1301177 0.1081703 0.1339439 0.1428469 0.1078818 0.1188390 0.1121457 0.1466608 0.1276066 0.1552971 0.1411586 0.1551291 0.1399308 0.1476404 0.1595236 0.1308899 0.1294745 0.1557512 0.1389439 0.1480890 0.1569889 0.1282577 0.1426357 0.1460174 0.1471134 0.1571445 0.1494075 0.1549693 0.1482538 0.1435887 0.1363152 0.1394079 0.1411513 0.1470913 0.1515110 0.1466646 0.1166988 0.1505336 0.1122731 0.1504746 0.1499941 0.1196843 
S0320      0.1140029 0.1012811 0.0507962 0.1349714 0.1157788 0.1224291 0.0370447 0.1129173 0.1137415 0.1316978 0.0398295 0.1288351 0.1397249 0.0000000 0.1312912 0.0459061 0.1404327 0.1831250 0.1294062 0.1244430 0.1122329 0.0971765 0.0424936 0.1284461 0.0443735 0.1095769 0.1198641 0.0523574 0.1281025 0.0502970 0.1337629 0.1280458 0.1353626 0.1121013 0.0335436 0.1161632 0.1030129 0.0607202 0.0714808 0.1121644 0.1158109 0.1107423 0.1250131 0.1509275 0.1270599 0.1284425 0.1161835 0.1039116 0.1183962 0.1049148 0.1154596 0.1071027 0.1055447 0.1535037 0.1205442 0.0699936 0.1436734 0.0680757 0.0901056 0.0494885 0.1149541 0.1160918 0.1311314 0.1397296 0.1339113 0.1348827 0.1380338 0.1688278 0.1122097 0.1428264 0.1221770 0.1452215 0.1511818 0.1532040 0.1055468 0.1576879 0.0717711 0.1428627 0.1236087 0.1432848 0.1197096 0.1337374 0.1544820 0.1172627 0.1247197 0.1122498 0.0396344 0.1188432 0.0633622 0.0302037 0.1275770 0.1288572 0.1209596 0.1161712 0.1453025 0.1457812 0.1158297 0.1210729 0.1112312 0.1195401 0.1324664 0.0990965 0.0612047 0.1266903 0.1173675 0.0334432 0.1283410 0.1094449 0.0481881 0.1316195 0.1148794 0.1240608 0.1290775 0.1261407 0.0395585 0.1091436 0.0740770 0.1054251 0.1112887 0.1358265 0.1495386 0.1259478 0.0943458 0.1204499 0.0911771 0.1288483 0.1187196 0.0966299 
S0322      0.1361447 0.1239434 0.1367394 0.1579718 0.1413320 0.0211159 0.1211393 0.1356033 0.1415802 0.1559652 0.1391884 0.0212178 0.1178692 0.1312912 0.0000000 0.1222802 0.1482043 0.1800037 0.0157419 0.1456435 0.1375248 0.1236592 0.1302975 0.1506858 0.1245403 0.1370215 0.1453009 0.1300660 0.0209967 0.1253948 0.1619519 0.1617135 0.0797816 0.0276294 0.1332164 0.1447839 0.1286545 0.1468139 0.1262751 0.1346596 0.1457941 0.1386256 0.0100234 0.1709416 0.1504483 0.0230845 0.1318914 0.1292267 0.1518832 0.1273402 0.1437233 0.1318678 0.1302466 0.1782980 0.1485885 0.1254529 0.1129372 0.1214488 0.1114801 0.1298143 0.0386005 0.1416439 0.1517512 0.1644367 0.1642243 0.1617222 0.1454754 0.1883524 0.1340395 0.1172981 0.0978492 0.1654842 0.1724915 0.1714064 0.1316296 0.1818886 0.1115683 0.1651195 0.1421932 0.1184765 0.1497123 0.1524605 0.1781910 0.1457776 0.1504671 0.1303087 0.1225185 0.0128555 0.1258154 0.1373226 0.0702977 0.0209980 0.0260628 0.1440734 0.1122122 0.1541224 0.1375030 0.1498308 0.1361331 0.1385187 0.1549878 0.1251202 0.1192700 0.1520476 0.1458852 0.1445651 0.1508143 0.1328308 0.1377817 0.1431438 0.1417275 0.1467745 0.1411596 0.1529370 0.1473881 0.1375458 0.1259306 0.1323528 0.1336384 0.1457231 0.1591558 0.1452880 0.1129211 0.1456291 0.1140770 0.1394209 0.1463901 0.1125036 
S0327      0.0987633 0.0891542 0.0505476 0.1279962 0.1032811 0.1135595 0.0394273 0.1068665 0.0989575 0.1122724 0.0511703 0.1205469 0.1317670 0.0459061 0.1222802 0.0000000 0.1291206 0.1858352 0.1206735 0.1091394 0.1013181 0.0855411 0.0397219 0.1245693 0.0341662 0.1032443 0.1093213 0.0449359 0.1219187 0.0395077 0.1313340 0.1249715 0.1270312 0.0944024 0.0405667 0.1079021 0.0914495 0.0554501 0.0603972 0.1004729 0.1034873 0.1088286 0.1182531 0.1352743 0.1187690 0.1187802 0.1058099 0.0921310 0.1153806 0.0984259 0.1036687 0.1012214 0.0977703 0.1480514 0.1183837 0.0569912 0.1343241 0.0549198 0.0784505 0.0391203 0.1114769 0.1123808 0.1242477 0.1356100 0.1312366 0.1191766 0.1307577 0.1523898 0.1017682 0.1343662 0.1065222 0.1432259 0.1498270 0.1368130 0.0983778 0.1432489 0.0550102 0.1379330 0.1112280 0.1341734 0.1143924 0.1256927 0.1401962 0.1040429 0.1149541 0.1020567 0.0362042 0.1140784 0.0499714 0.0445908 0.1214165 0.1240255 0.1130492 0.1015204 0.1364882 0.1295415 0.1124617 0.1070190 0.0981079 0.1061420 0.1332390 0.0879451 0.0523516 0.1220389 0.1145687 0.0495416 0.1162492 0.1028444 0.0407170 0.1235914 0.1002454 0.1220668 0.1143822 0.1134215 0.0554207 0.0961365 0.0656597 0.0935227 0.0975270 0.1214176 0.1352837 0.1171198 0.0850592 0.1127426 0.0833829 0.1149517 0.1076252 0.0857942 
S0335      0.1206455 0.1026048 0.1444784 0.1346039 0.1272171 0.1394204 0.1311791 0.1004786 0.1239509 0.1366377 0.1439539 0.1416863 0.1455779 0.1404327 0.1482043 0.1291206 0.0000000 0.0677914 0.1449141 0.1312216 0.1269367 0.1086777 0.1349831 0.1345953 0.1303801 0.1116756 0.1337278 0.1345932 0.1460358 0.1270843 0.1279036 0.1477164 0.1457164 0.1153692 0.1382776 0.1357785 0.1167947 0.1497378 0.1263424 0.1291001 0.1306145 0.1242034 0.1437191 0.1700306 0.1307244 0.1443577 0.1201696 0.1136280 0.1134811 0.1060939 0.1290969 0.1049369 0.1067269 0.1329159 0.1292309 0.1220778 0.1498660 0.1151248 0.0952897 0.1346949 0.1308115 0.1087268 0.1161115 0.1372154 0.1314414 0.1487134 0.1334090 0.1826313 0.1142812 0.1516612 0.1231163 0.1249879 0.1263209 0.1704866 0.1067292 0.1757571 0.1187309 0.1254861 0.0705966 0.1522113 0.1387196 0.1183826 0.1728844 0.1283893 0.1441325 0.1066076 0.1246751 0.1390444 0.1219324 0.1370896 0.1435610 0.1460750 0.1406386 0.1269748 0.1490075 0.0543645 0.1058753 0.1345464 0.1203961 0.1273785 0.1175240 0.1151827 0.1169353 0.1176381 0.1100629 0.1431842 0.1428393 0.1079628 0.1418102 0.1244351 0.1257101 0.1150105 0.0572721 0.1401751 0.1564947 0.1315488 0.1297883 0.1249712 0.1285732 0.0503805 0.0288008 0.1186173 0.0962120 0.1278537 0.0991631 0.0569117 0.1309811 0.0943864 
S0345      0.1787672 0.1378129 0.2004848 0.1709114 0.1523478 0.1768156 0.1802882 0.1225455 0.1476946 0.1687034 0.1974426 0.1854412 0.2242388 0.1831250 0.1800037 0.1858352 0.0677914 0.0000000 0.1805462 0.1837534 0.1451986 0.1407044 0.1751672 0.1653106 0.1716340 0.1521120 0.1894356 0.1922670 0.1739992 0.1844333 0.1777993 0.1818439 0.1892232 0.0716959 0.1901314 0.1913991 0.1547950 0.2051968 0.1780027 0.1614102 0.1477465 0.1486891 0.1765881 0.1962924 0.1712414 0.1826247 0.1433608 0.1373058 0.1511338 0.1481489 0.1548828 0.1423992 0.1442314 0.1642162 0.1547372 0.1732049 0.2044349 0.1741865 0.1261028 0.1757445 0.1553374 0.1531363 0.1455717 0.1696480 0.1796253 0.1814980 0.1646960 0.2243662 0.1373893 0.2270376 0.1983234 0.1507356 0.1478918 0.1962002 0.1424164 0.1967220 0.1805306 0.1621164 0.0717672 0.2313728 0.1655916 0.1273975 0.1879540 0.1527543 0.1869839 0.1216305 0.1799529 0.1683341 0.1805658 0.1576290 0.1717953 0.1741603 0.1824720 0.1600358 0.1956703 0.0381230 0.1277998 0.1647224 0.1453288 0.1814700 0.1439974 0.1430746 0.1544414 0.1243921 0.1243033 0.1921201 0.1831579 0.1547722 0.1883946 0.1492229 0.1487585 0.1339464 0.0687313 0.1626409 0.2130846 0.1851089 0.1864001 0.1616407 0.1675289 0.0295695 0.0614760 0.1467400 0.1272810 0.1774767 0.1268003 0.0661753 0.1894991 0.1190338 
S0355      0.1311058 0.1208539 0.1334333 0.1560575 0.1400402 0.0169224 0.1186779 0.1371996 0.1381261 0.1553981 0.1359982 0.0153875 0.1166676 0.1294062 0.0157419 0.1206735 0.1449141 0.1805462 0.0000000 0.1407898 0.1337854 0.1215984 0.1286906 0.1515782 0.1245761 0.1354747 0.1422313 0.1275711 0.0220674 0.1230649 0.1613116 0.1579710 0.0800185 0.0269198 0.1306414 0.1445178 0.1273926 0.1466235 0.1243044 0.1343548 0.1439579 0.1352026 0.0157363 0.1664977 0.1506613 0.0178090 0.1290150 0.1256760 0.1485626 0.1258311 0.1409426 0.1303402 0.1287266 0.1768483 0.1451046 0.1227714 0.1130987 0.1194566 0.1095414 0.1276718 0.0391864 0.1386130 0.1503562 0.1630144 0.1628180 0.1581540 0.1423949 0.1842822 0.1327832 0.1167610 0.0957103 0.1648441 0.1710483 0.1669643 0.1301053 0.1773351 0.1156744 0.1644779 0.1385094 0.1179405 0.1506030 0.1554651 0.1736522 0.1427081 0.1499308 0.1286341 0.1200583 0.0139415 0.1238305 0.1348103 0.0704945 0.0231687 0.0207361 0.1420110 0.1123716 0.1512532 0.1407733 0.1477643 0.1348477 0.1361509 0.1555099 0.1231200 0.1173485 0.1529504 0.1467119 0.1402797 0.1516355 0.1296178 0.1347752 0.1393356 0.1396827 0.1501376 0.1378591 0.1508592 0.1447653 0.1372605 0.1261121 0.1303518 0.1323702 0.1426348 0.1572375 0.1430440 0.1109872 0.1460327 0.1135281 0.1357531 0.1443293 0.1105567 
S0376      0.0734868 0.1002993 0.1247596 0.1462861 0.0849356 0.1385779 0.1125551 0.1189774 0.0846257 0.0951574 0.1154884 0.1442259 0.1510025 0.1244430 0.1456435 0.1091394 0.1312216 0.1837534 0.1407898 0.0000000 0.0815470 0.0661941 0.1186878 0.1426236 0.1122330 0.1209807 0.0514485 0.1167900 0.1445748 0.1166763 0.1439539 0.1039928 0.1489302 0.1090960 0.1187411 0.0821592 0.0751101 0.1351983 0.1175513 0.0770398 0.0873062 0.1243149 0.1425971 0.1555492 0.1322753 0.1442664 0.1159616 0.0730262 0.1268961 0.1152032 0.0878825 0.1188315 0.1137473 0.1531341 0.1303956 0.1136033 0.1536392 0.1050075 0.0883487 0.1095377 0.1334128 0.1195019 0.1305780 0.1484407 0.1460792 0.1010664 0.1364622 0.1685549 0.1204961 0.1504537 0.1256845 0.1438839 0.1487048 0.1562404 0.1164963 0.1630274 0.1004713 0.1383360 0.1271333 0.1509123 0.0912401 0.1382201 0.1578707 0.0876263 0.0902740 0.1163225 0.1082430 0.1366706 0.1070111 0.1221613 0.1446794 0.1469048 0.1393055 0.0850199 0.1526948 0.1355794 0.1234071 0.0910893 0.0822675 0.0782726 0.1459681 0.0661753 0.1042244 0.1375289 0.1277700 0.1333348 0.0918738 0.1174772 0.1240315 0.1297373 0.0835057 0.1323184 0.1211102 0.0903324 0.1364295 0.0752388 0.1158748 0.0681430 0.0776219 0.1290711 0.1359312 0.1284276 0.0954813 0.1259387 0.1032431 0.1237760 0.0703354 0.0969869 
S0400      0.0645055 0.0962870 0.1179528 0.1333382 0.0162773 0.1279927 0.1099516 0.1155972 0.0195363 0.0782893 0.1153946 0.1346768 0.1459867 0.1122329 0.1375248 0.1013181 0.1269367 0.1451986 0.1337854 0.0815470 0.0000000 0.0131071 0.1111895 0.1304545 0.1023683 0.1088354 0.0793523 0.1085981 0.1372603 0.1119631 0.1430674 0.0870125 0.1360435 0.1099329 0.1073524 0.0713987 0.0157801 0.1308909 0.1029204 0.0681256 0.0131256 0.1130118 0.1331658 0.1471187 0.1187032 0.1359374 0.1040540 0.0295981 0.1297547 0.1034653 0.0142299 0.1043353 0.1047170 0.1565886 0.1191997 0.0982366 0.1418189 0.0989698 0.0820595 0.1034201 0.1185620 0.1248400 0.1326715 0.1498963 0.1447647 0.0831311 0.1282193 0.1649857 0.1074313 0.1338537 0.1179870 0.1465859 0.1495888 0.1518686 0.1047191 0.1562757 0.0879350 0.1411047 0.1185974 0.1367599 0.0702826 0.1329160 0.1526528 0.0162965 0.0747654 0.1024833 0.1016652 0.1285966 0.0993776 0.1134795 0.1262313 0.1401789 0.1265219 0.0222241 0.1412328 0.1297095 0.1177208 0.0200016 0.0195874 0.0730631 0.1370697 0.0462290 0.0951798 0.1310083 0.1202859 0.1249144 0.0786060 0.1045084 0.1153513 0.1209371 0.0106321 0.1206210 0.1139164 0.0465932 0.1250652 0.0674053 0.1055133 0.0598670 0.0672811 0.1217349 0.1316208 0.1248448 0.0862224 0.1147830 0.0884857 0.1139698 0.0785755 0.0866334 
S0405      0.0499187 0.0803867 0.1049904 0.1181656 0.0152563 0.1161530 0.0910390 0.0967723 0.0169666 0.0625135 0.1005566 0.1221909 0.1316993 0.0971765 0.1236592 0.0855411 0.1086777 0.1407044 0.1215984 0.0661941 0.0131071 0.0000000 0.0930117 0.1148659 0.0823605 0.0929770 0.0621939 0.0880167 0.1233421 0.0950530 0.1250658 0.0768690 0.1220277 0.0897051 0.0926749 0.0551656 0.0058462 0.1151455 0.0868735 0.0529183 0.0152535 0.0979536 0.1200494 0.1283411 0.1065116 0.1235208 0.0870775 0.0219266 0.1122303 0.0882851 0.0169231 0.0903523 0.0888709 0.1427070 0.1061960 0.0832535 0.1288224 0.0824019 0.0677495 0.0864116 0.1074716 0.1063747 0.1164820 0.1334859 0.1275445 0.0658199 0.1113606 0.1467584 0.0874668 0.1225524 0.1020168 0.1300851 0.1352825 0.1331594 0.0895501 0.1366897 0.0761304 0.1262550 0.1035358 0.1246972 0.0543084 0.1157149 0.1329866 0.0131156 0.0588828 0.0882756 0.0832363 0.1149913 0.0820692 0.0966225 0.1133700 0.1262932 0.1150598 0.0104743 0.1289204 0.1128754 0.0996635 0.0180000 0.0126927 0.0601512 0.1190231 0.0343751 0.0779866 0.1139182 0.1034491 0.1097644 0.0601181 0.0912653 0.0976224 0.1054510 0.0131603 0.1028855 0.0967328 0.0378995 0.1112995 0.0512796 0.0897207 0.0471564 0.0528712 0.1055823 0.1185579 0.1094922 0.0706056 0.0982963 0.0742374 0.0967802 0.0639544 0.0735144 
S0407sl    0.1116990 0.0996742 0.0488922 0.1355984 0.1132006 0.1222731 0.0349126 0.1125165 0.1112538 0.1285247 0.0485979 0.1278916 0.1401976 0.0424936 0.1302975 0.0397219 0.1349831 0.1751672 0.1286906 0.1186878 0.1111895 0.0930117 0.0000000 0.1351099 0.0364728 0.1095679 0.1189062 0.0483983 0.1285466 0.0427460 0.1381864 0.1357416 0.1397616 0.1111230 0.0388632 0.1195676 0.0977181 0.0519237 0.0684313 0.1105856 0.1124099 0.1145192 0.1254416 0.1510823 0.1224810 0.1281546 0.1129147 0.1041592 0.1221132 0.1033641 0.1121742 0.1053536 0.1039913 0.1487782 0.1220577 0.0641702 0.1502130 0.0632686 0.0827569 0.0391942 0.1174131 0.1163149 0.1306457 0.1447989 0.1386460 0.1303619 0.1365497 0.1661757 0.1035160 0.1460195 0.1202131 0.1488859 0.1558858 0.1511460 0.1039934 0.1571030 0.0648104 0.1424747 0.1175866 0.1467517 0.1270690 0.1296312 0.1549387 0.1130853 0.1261329 0.1110599 0.0341563 0.1199249 0.0574768 0.0387378 0.1297024 0.1306878 0.1211885 0.1114875 0.1517106 0.1425347 0.1195695 0.1174850 0.1085947 0.1201513 0.1373093 0.0997025 0.0576340 0.1306308 0.1212852 0.0465375 0.1244725 0.1063031 0.0247344 0.1284042 0.1110467 0.1243477 0.1184226 0.1180241 0.0525476 0.1101555 0.0723178 0.1066256 0.1076522 0.1270594 0.1436228 0.1225349 0.0856399 0.1192048 0.0860980 0.1190222 0.1170003 0.0914168 
S0412sl    0.1314095 0.0674438 0.1388783 0.0960629 0.1309217 0.1435596 0.1221554 0.1107311 0.1340238 0.1495892 0.1280438 0.1494680 0.1469110 0.1284461 0.1506858 0.1245693 0.1345953 0.1653106 0.1515782 0.1426236 0.1304545 0.1148659 0.1351099 0.0000000 0.1230346 0.0769345 0.1420726 0.1273314 0.1523050 0.1270909 0.1416591 0.1486750 0.1476284 0.1293900 0.1287126 0.1403626 0.1238743 0.1504230 0.1283879 0.1272441 0.1366403 0.0721413 0.1483473 0.1612578 0.0632305 0.1503056 0.1125469 0.1201293 0.1260832 0.0699667 0.1370220 0.0744029 0.0687368 0.1493968 0.0802193 0.1224238 0.1545782 0.1236197 0.0895865 0.1260288 0.1314704 0.1214421 0.1276330 0.1476621 0.1490225 0.1569370 0.0990179 0.1873284 0.1076868 0.1478565 0.1290542 0.1402242 0.1435770 0.1627954 0.0723989 0.1676727 0.1238686 0.1425985 0.1278859 0.1504041 0.1482112 0.1286610 0.1630419 0.1328341 0.1482066 0.1024088 0.1216050 0.1437308 0.1215726 0.1260618 0.1400887 0.1520853 0.1423017 0.1313652 0.1552953 0.1344673 0.1152776 0.1396974 0.1265723 0.1317083 0.1263846 0.1175592 0.1167193 0.1286589 0.1185764 0.1396605 0.1508396 0.0777301 0.1392479 0.0921507 0.1299441 0.1178731 0.1197542 0.1415925 0.1411950 0.1380474 0.1339363 0.1279377 0.1262374 0.1269762 0.1426951 0.1183345 0.0916485 0.1358396 0.0682030 0.1222665 0.1371942 0.0980065 
S0417      0.1026442 0.0882152 0.0448572 0.1258695 0.1035634 0.1172155 0.0355494 0.1044788 0.1032756 0.1174307 0.0462990 0.1228867 0.1326499 0.0443735 0.1245403 0.0341662 0.1303801 0.1716340 0.1245761 0.1122330 0.1023683 0.0823605 0.0364728 0.1230346 0.0000000 0.1015634 0.1139490 0.0425669 0.1271862 0.0438715 0.1339686 0.1273235 0.1324474 0.1048462 0.0350440 0.1073784 0.0902857 0.0479180 0.0640738 0.0973372 0.1039313 0.1051109 0.1219626 0.1422799 0.1176632 0.1232787 0.1040834 0.0951633 0.1138950 0.0948106 0.1053612 0.0982598 0.0948243 0.1492482 0.1140194 0.0597768 0.1386493 0.0608134 0.0771108 0.0367957 0.1132048 0.1094831 0.1260884 0.1342618 0.1331949 0.1194465 0.1299213 0.1617755 0.1011566 0.1370129 0.1087448 0.1428385 0.1503473 0.1445210 0.0960989 0.1489405 0.0646503 0.1380786 0.1110025 0.1368150 0.1143225 0.1273020 0.1467786 0.1051092 0.1145351 0.0992841 0.0302962 0.1177415 0.0562308 0.0436483 0.1252761 0.1293204 0.1161945 0.1032595 0.1408230 0.1295186 0.1114724 0.1094248 0.0997715 0.1107149 0.1306973 0.0901676 0.0546076 0.1216339 0.1124071 0.0491586 0.1126728 0.0998699 0.0387108 0.1213407 0.1034973 0.1205851 0.1148753 0.1167322 0.0504259 0.1026048 0.0685732 0.0959205 0.0961008 0.1206161 0.1361586 0.1122905 0.0818383 0.1108242 0.0811166 0.1134058 0.1086691 0.0847316 
S0419      0.1100904 0.0116670 0.1149669 0.0691686 0.1088867 0.1278634 0.1019999 0.0891426 0.1111495 0.1239413 0.1163708 0.1308471 0.1317573 0.1095769 0.1370215 0.1032443 0.1116756 0.1521120 0.1354747 0.1209807 0.1088354 0.0929770 0.1095679 0.0769345 0.1015634 0.0000000 0.1149113 0.1028733 0.1323951 0.1017871 0.1261782 0.1415571 0.1277542 0.1014210 0.1067377 0.1213909 0.1011492 0.1249783 0.1021342 0.1082068 0.1137504 0.0487872 0.1355681 0.1467220 0.0751753 0.1343037 0.0954127 0.1052414 0.1111629 0.0085052 0.1126430 0.0110604 0.0100253 0.1379097 0.0528629 0.1019535 0.1357399 0.0997089 0.0689850 0.1046226 0.1167021 0.1064764 0.1130688 0.1339143 0.1280793 0.1380874 0.0675627 0.1642724 0.0855500 0.1344050 0.1102229 0.1328749 0.1349849 0.1511700 0.0090093 0.1551612 0.1025285 0.1211207 0.1099443 0.1358543 0.1270798 0.1166027 0.1523252 0.1094692 0.1273583 0.0899232 0.0978702 0.1248290 0.0991250 0.1089038 0.1203009 0.1366977 0.1278594 0.1098100 0.1336013 0.1146877 0.0949335 0.1151457 0.1062609 0.1132718 0.1159560 0.1026964 0.0941571 0.1069985 0.0949613 0.1168407 0.1279510 0.0136476 0.1124778 0.0627582 0.1080191 0.1081308 0.1046019 0.1266536 0.1285281 0.1117816 0.1096799 0.1076850 0.1123331 0.1052335 0.1218523 0.1061102 0.0713100 0.1291131 0.0425780 0.1051992 0.1105827 0.0756605 
S0427      0.0782614 0.1014307 0.1285830 0.1399657 0.0833916 0.1376068 0.1114811 0.1182474 0.0830355 0.0954022 0.1172023 0.1407755 0.1522111 0.1198641 0.1453009 0.1093213 0.1337278 0.1894356 0.1422313 0.0514485 0.0793523 0.0621939 0.1189062 0.1420726 0.1139490 0.1149113 0.0000000 0.1147858 0.1441074 0.1147072 0.1447508 0.1047019 0.1465666 0.1036755 0.1170575 0.0825663 0.0734520 0.1366850 0.1096546 0.0761469 0.0828297 0.1187321 0.1422766 0.1459224 0.1342118 0.1449676 0.1145974 0.0714809 0.1298705 0.1105609 0.0855721 0.1141357 0.1104524 0.1557153 0.1272704 0.1096799 0.1605590 0.1025110 0.0878343 0.1066363 0.1334369 0.1285302 0.1342234 0.1557155 0.1505860 0.1038017 0.1349918 0.1603013 0.1173645 0.1485161 0.1203405 0.1437700 0.1494432 0.1503504 0.1118393 0.1567260 0.0996120 0.1472573 0.1267589 0.1500244 0.0893565 0.1386448 0.1507430 0.0822549 0.0864034 0.1137628 0.1098025 0.1344720 0.1075792 0.1238739 0.1430649 0.1470963 0.1354057 0.0828552 0.1598779 0.1323838 0.1252275 0.0875076 0.0781477 0.0805723 0.1422215 0.0678661 0.1021658 0.1358402 0.1264457 0.1306696 0.0887898 0.1127988 0.1227480 0.1297063 0.0825087 0.1287556 0.1232633 0.0880535 0.1382442 0.0747928 0.1140853 0.0697601 0.0754584 0.1258810 0.1418880 0.1326839 0.0934701 0.1239813 0.0968043 0.1218448 0.0665409 0.0956261 
S0428sl    0.1066450 0.0939761 0.0595391 0.1317826 0.1061829 0.1154030 0.0488464 0.1063953 0.1089669 0.1265702 0.0607945 0.1231610 0.1411928 0.0523574 0.1300660 0.0449359 0.1345932 0.1922670 0.1275711 0.1167900 0.1085981 0.0880167 0.0483983 0.1273314 0.0425669 0.1028733 0.1147858 0.0000000 0.1282686 0.0454643 0.1400115 0.1302182 0.1295481 0.0990718 0.0449024 0.1129984 0.0959951 0.0634221 0.0664626 0.1019097 0.1076824 0.1120276 0.1231301 0.1385403 0.1208622 0.1221091 0.1045794 0.0969122 0.1231136 0.0990829 0.1119973 0.1022361 0.0982903 0.1595408 0.1188715 0.0596044 0.1372654 0.0605708 0.0849065 0.0522851 0.1136985 0.1185223 0.1327687 0.1494889 0.1404345 0.1254453 0.1344670 0.1605640 0.1074975 0.1334830 0.1074116 0.1566168 0.1585144 0.1417598 0.0997839 0.1444888 0.0613605 0.1465578 0.1160164 0.1350851 0.1199586 0.1241339 0.1445054 0.1094248 0.1179610 0.1057481 0.0405667 0.1177086 0.0561349 0.0562682 0.1244154 0.1296755 0.1148416 0.1086321 0.1378857 0.1381164 0.1142948 0.1142192 0.1085824 0.1150136 0.1354407 0.0969525 0.0563859 0.1194820 0.1144117 0.0599964 0.1129541 0.1040708 0.0516094 0.1272005 0.1082004 0.1247472 0.1212969 0.1193591 0.0675113 0.1087709 0.0696272 0.1051767 0.1051241 0.1230545 0.1434616 0.1230260 0.0920118 0.1214456 0.0848172 0.1224394 0.1112887 0.0952686 
S0430      0.1370925 0.1203286 0.1355719 0.1566716 0.1410706 0.0255153 0.1185633 0.1368288 0.1391512 0.1592926 0.1348951 0.0256175 0.1185871 0.1281025 0.0209967 0.1219187 0.1460358 0.1739992 0.0220674 0.1445748 0.1372603 0.1233421 0.1285466 0.1523050 0.1271862 0.1323951 0.1441074 0.1282686 0.0000000 0.1250493 0.1581360 0.1609127 0.0797409 0.0292816 0.1343192 0.1457736 0.1299057 0.1492326 0.1258426 0.1351084 0.1474063 0.1337496 0.0199355 0.1697917 0.1524251 0.0258244 0.1322818 0.1289205 0.1489969 0.1228310 0.1434751 0.1273012 0.1270696 0.1796694 0.1447921 0.1249265 0.1138359 0.1216833 0.1087459 0.1304120 0.0421038 0.1376284 0.1528920 0.1639518 0.1618824 0.1619032 0.1441265 0.1896509 0.1326373 0.1170513 0.0982217 0.1652257 0.1723425 0.1702565 0.1256423 0.1817707 0.1192134 0.1611831 0.1419381 0.1182335 0.1537071 0.1566559 0.1789078 0.1455330 0.1507320 0.1331153 0.1227828 0.0071478 0.1229475 0.1353939 0.0738602 0.0131026 0.0283985 0.1431487 0.1138043 0.1531342 0.1404099 0.1480790 0.1336557 0.1375433 0.1558452 0.1276162 0.1172230 0.1530619 0.1461053 0.1419859 0.1529488 0.1282469 0.1367691 0.1426266 0.1414718 0.1498654 0.1399687 0.1539934 0.1470442 0.1389389 0.1246097 0.1319116 0.1340403 0.1428751 0.1579407 0.1448616 0.1119087 0.1414579 0.1143084 0.1406590 0.1457857 0.1115428 
S0478      0.1066096 0.0896208 0.0588169 0.1290208 0.1140218 0.1158383 0.0460465 0.1006895 0.1108275 0.1250831 0.0543205 0.1198754 0.1368755 0.0502970 0.1253948 0.0395077 0.1270843 0.1844333 0.1230649 0.1166763 0.1119631 0.0950530 0.0427460 0.1270909 0.0438715 0.1017871 0.1147072 0.0454643 0.1250493 0.0000000 0.1323428 0.1408029 0.1308237 0.0993719 0.0483414 0.1160266 0.1004569 0.0628451 0.0602910 0.1073298 0.1125205 0.1069263 0.1191063 0.1410918 0.1229377 0.1225603 0.1065914 0.1067977 0.1166119 0.0982991 0.1137396 0.1011591 0.0976287 0.1502123 0.1151330 0.0550154 0.1416827 0.0540516 0.0799207 0.0470385 0.1111114 0.1113830 0.1277532 0.1395477 0.1321415 0.1300139 0.1287607 0.1603443 0.1008900 0.1398710 0.1165140 0.1438155 0.1488285 0.1426162 0.0982499 0.1470671 0.0560906 0.1418987 0.1119766 0.1403437 0.1257573 0.1239056 0.1454664 0.1141302 0.1212890 0.0992642 0.0402290 0.1156587 0.0525728 0.0489511 0.1228679 0.1257785 0.1153213 0.1136879 0.1431942 0.1350411 0.1105114 0.1194157 0.1100029 0.1138080 0.1306069 0.0993291 0.0466795 0.1175263 0.1105444 0.0560216 0.1187947 0.1028175 0.0509223 0.1229333 0.1131818 0.1147053 0.1119250 0.1235551 0.0633806 0.1058732 0.0668947 0.1045534 0.1074900 0.1205309 0.1391133 0.1190696 0.0852514 0.1212010 0.0809880 0.1116735 0.1149449 0.0889156 
