127
S0055       0.0000000 0.0919280 0.1319939 0.0687352 0.1118860 0.1060523 0.1170915 0.0739308 0.0817482 0.1377607 0.1154628 0.1236138 0.1198378 0.1145225 0.1048923 0.1260003 0.1187502 0.1105769 0.0637550 0.0567179 0.1364256 0.0919569 0.1099062 0.1221225 0.1001143 0.1285513 0.1062926 0.1011755 0.1407257 0.1131059 0.1184327 0.1197134 0.1108766 0.0802288 0.0625642 0.1328375 0.1177174 0.0764861 0.0610176 0.0938545 0.1119573 0.1517156 0.0742369 0.1225814 0.1010203 0.0625796 0.0883091 0.0619159 0.0824930 0.0910776 0.1324327 0.1070070 0.1043413 0.1183295 0.1269987 0.1077030 0.0997218 0.1422399 0.1111026 0.1380602 0.1561858 0.1527765 0.1056325 0.1147696 0.1831316 0.0927509 0.1079866 0.1164931 0.1600105 0.1685426 0.1620423 0.0834221 0.1680666 0.1038940 0.1415834 0.1138629 0.0646550 0.1466538 0.1628642 0.0560397 0.0819176 0.1001234 0.1107237 0.1157238 0.1260546 0.1035148 0.1305898 0.1260456 0.1036457 0.1060164 0.1075178 0.1234229 0.1380670 0.1238942 0.0670140 0.0542608 0.0436585 0.1492439 0.0580479 0.1008665 0.1060972 0.1304480 0.1279966 0.0717938 0.1298994 0.1244821 0.1176573 0.1240152 0.0633226 0.1177496 0.1357737 0.1130061 0.0636221 0.1382128 0.0733260 0.1028100 0.0607434 0.1034982 0.1308814 0.1238184 0.1249013 0.1216141 0.0976950 0.1346273 0.0847353 0.1074053 0.0887316 
S0196sl     0.0919280 0.0000000 0.1223445 0.0927266 0.0909196 0.1075014 0.0977614 0.1068024 0.1128300 0.1292213 0.1019699 0.0962356 0.1243299 0.0930020 0.1160503 0.0960791 0.1039179 0.1120914 0.0904018 0.0874756 0.1396931 0.1280549 0.0980732 0.0446208 0.1184550 0.1202597 0.0876183 0.1017376 0.1220162 0.1376936 0.1051394 0.1005939 0.0974531 0.1109391 0.0825496 0.1212554 0.1198732 0.0959079 0.0863762 0.0479729 0.0893517 0.1678348 0.1017663 0.1060978 0.0838961 0.0992090 0.0188601 0.0975616 0.0152093 0.0205512 0.1174700 0.0619347 0.1038148 0.0946829 0.1265718 0.1003973 0.0836475 0.1037476 0.0847924 0.1255981 0.1314958 0.1321487 0.1884533 0.0573235 0.1915045 0.0742019 0.0820175 0.1072063 0.1227400 0.1290011 0.1607109 0.0152730 0.1724141 0.1098642 0.1333452 0.0864235 0.0884463 0.1311340 0.1722264 0.0843361 0.0970068 0.0781638 0.1045125 0.1088953 0.1196069 0.0892172 0.1262584 0.1168778 0.0990479 0.0841533 0.0854187 0.0981098 0.1163160 0.1105183 0.0913501 0.0897464 0.0981966 0.1316449 0.0910980 0.1236709 0.1105947 0.1077264 0.1234367 0.1003982 0.0586981 0.1277440 0.0571502 0.1194072 0.0890741 0.0666041 0.1209635 0.0896039 0.0914125 0.1346895 0.1132527 0.1113464 0.0943934 0.1472984 0.1218833 0.1102879 0.1174498 0.0845295 0.0761620 0.1182288 0.0659865 0.1181008 0.0805551 
S0278       0.1319939 0.1223445 0.0000000 0.1420098 0.1443247 0.0409363 0.1378767 0.1426002 0.1451686 0.0608807 0.1572403 0.1648940 0.0605518 0.1557848 0.0701457 0.1430405 0.1542907 0.1737206 0.1272730 0.1274140 0.0729534 0.1472149 0.0675217 0.1531786 0.1677529 0.0614114 0.1430821 0.0612781 0.1596368 0.1714577 0.1645729 0.1570046 0.0458236 0.1481498 0.1311403 0.0498852 0.1016545 0.1262977 0.1313361 0.1255496 0.1543550 0.1582660 0.1321784 0.1625375 0.1351997 0.1343433 0.1133759 0.1344284 0.1097170 0.1175857 0.1448476 0.1397134 0.0802904 0.1469097 0.1084575 0.0714366 0.1278052 0.0781509 0.1490364 0.1526857 0.1735112 0.1625121 0.1698810 0.1411288 0.1775517 0.1225640 0.1426387 0.1526870 0.1672519 0.1714620 0.1679435 0.1103345 0.1778136 0.0967502 0.1726350 0.1493096 0.1249993 0.1483321 0.1765003 0.1290742 0.1485449 0.1260533 0.0585564 0.0978986 0.1083184 0.1403094 0.0956400 0.0551481 0.1366424 0.1440237 0.1431779 0.1546091 0.1667925 0.1519751 0.1356166 0.1240944 0.1334389 0.1569761 0.1336153 0.0775408 0.1397625 0.1577723 0.0641863 0.1543486 0.1637580 0.0677038 0.1451973 0.0986515 0.1352611 0.1470279 0.1489849 0.1425489 0.1306728 0.0649561 0.1546489 0.0854456 0.1379210 0.1619373 0.1653131 0.1570428 0.1122131 0.1339841 0.1207035 0.1760428 0.1217493 0.1701279 0.1228953 
S0282       0.0687352 0.0927266 0.1420098 0.0000000 0.1224164 0.1096058 0.1288168 0.0273087 0.0762787 0.1493876 0.1265627 0.1276529 0.1249037 0.1221972 0.1222617 0.1322569 0.1304686 0.1275849 0.0218533 0.0209296 0.1476230 0.0984533 0.1150234 0.1289683 0.1222614 0.1447744 0.1205615 0.1089802 0.1655627 0.1310351 0.1363416 0.1323457 0.1206884 0.0566134 0.0212815 0.1365437 0.1247044 0.0801157 0.0196038 0.1026878 0.1206546 0.1768850 0.0866376 0.1360178 0.1174897 0.0310932 0.0961180 0.0210073 0.0901008 0.1012900 0.1450665 0.1185086 0.1126352 0.1321897 0.1356780 0.1193462 0.1096041 0.1398796 0.1196863 0.1539177 0.1758209 0.1665443 0.1121055 0.1173023 0.2000912 0.1086518 0.1195079 0.1264782 0.1799611 0.1811512 0.1901186 0.0910604 0.1927506 0.0972696 0.1562059 0.1243989 0.0691882 0.1572149 0.1871645 0.0203122 0.0882604 0.1090017 0.1166504 0.1214131 0.1320455 0.1163382 0.1439927 0.1319417 0.1178852 0.1159110 0.1231411 0.1355686 0.1528089 0.1379141 0.0230803 0.0212269 0.0758987 0.1550562 0.0643805 0.1242837 0.1163770 0.1384087 0.1328333 0.0814896 0.1360655 0.1347193 0.1191347 0.1341155 0.0222254 0.1174217 0.1463391 0.1303632 0.0274610 0.1447298 0.0784077 0.1179592 0.0682582 0.1094537 0.1456981 0.1376908 0.1298010 0.1300989 0.1046113 0.1445809 0.0907387 0.1235246 0.0964483 
S0288       0.1118860 0.0909196 0.1443247 0.1224164 0.0000000 0.1200909 0.1253246 0.1144162 0.1288109 0.1586153 0.0227923 0.0689810 0.1346386 0.0190562 0.1321518 0.1245279 0.0253474 0.1496046 0.1083795 0.1030923 0.1549275 0.1318795 0.1174055 0.1287912 0.1406516 0.1307404 0.0046812 0.1138175 0.1554486 0.1593499 0.0952941 0.0218555 0.1302155 0.1236120 0.1116600 0.1430487 0.1366213 0.1133770 0.1053434 0.0967858 0.0185390 0.1629676 0.1297345 0.0255608 0.1079838 0.1117100 0.0950331 0.1122780 0.0880651 0.0944103 0.1493352 0.1064596 0.1290393 0.0698171 0.1511279 0.1168454 0.1048438 0.1413408 0.0345613 0.1390565 0.1670556 0.1670858 0.1606722 0.1158909 0.1907499 0.1029755 0.0710259 0.0841431 0.1674574 0.1778598 0.1706838 0.0913252 0.1795150 0.1000475 0.1556556 0.0742098 0.1103806 0.1533597 0.1754186 0.1041885 0.1355265 0.1038108 0.1234887 0.1303135 0.1404209 0.0067939 0.1427034 0.1458474 0.0754135 0.0033364 0.0080679 0.0793210 0.1514533 0.1333457 0.1126497 0.1007582 0.1161314 0.1605793 0.1085348 0.1308275 0.1217988 0.1392188 0.1453981 0.1292973 0.1300459 0.1513002 0.1176009 0.1377000 0.1064552 0.1202866 0.1426121 0.1190856 0.1066768 0.1514513 0.1361189 0.1308080 0.1111989 0.1473767 0.1477545 0.1359400 0.1453075 0.1258828 0.0944927 0.1663838 0.1013409 0.1369973 0.0984771 
S0289       0.1060523 0.1075014 0.0409363 0.1096058 0.1200909 0.0000000 0.1137553 0.1031108 0.1157218 0.0503417 0.1275648 0.1298098 0.0337189 0.1212291 0.0402537 0.1093264 0.1227882 0.1286532 0.0935722 0.0929307 0.0465126 0.1159917 0.0447271 0.1250080 0.1223236 0.0498913 0.1180866 0.0356820 0.1356219 0.1301257 0.1366824 0.1266153 0.0302523 0.1093269 0.0976483 0.0361205 0.0714052 0.0971611 0.0973751 0.0940537 0.1265469 0.1315480 0.1175973 0.1344514 0.1074952 0.0987475 0.0861836 0.0984250 0.0808747 0.0913608 0.1109371 0.1101983 0.0532652 0.1081880 0.0719571 0.0398140 0.1020848 0.0480339 0.1139437 0.1189609 0.1535676 0.1350130 0.1282838 0.1184762 0.1557696 0.0954622 0.1065333 0.1245165 0.1376830 0.1398900 0.1461620 0.0833808 0.1507574 0.0623148 0.1409891 0.1141422 0.0899830 0.1266294 0.1516249 0.0935736 0.1199268 0.0966797 0.0363651 0.0666059 0.0741221 0.1144293 0.0558323 0.0479044 0.1069060 0.1175195 0.1149849 0.1200193 0.1459100 0.1286600 0.0972888 0.0885489 0.1077866 0.1294135 0.0956944 0.0589291 0.1151923 0.1320795 0.0464472 0.1186290 0.1362263 0.0410913 0.1210571 0.0669369 0.0995169 0.1128630 0.1228745 0.1134789 0.0934620 0.0496746 0.1257523 0.0484541 0.1065297 0.1145941 0.1418095 0.1230116 0.0735521 0.1009283 0.0925025 0.1340002 0.0827450 0.1262551 0.0845884 
S0292       0.1170915 0.0977614 0.1378767 0.1288168 0.1253246 0.1137553 0.0000000 0.1340117 0.1380542 0.1499510 0.1317173 0.1384225 0.1289924 0.1219655 0.1294216 0.1229750 0.1308635 0.1591240 0.1168129 0.1170398 0.1450378 0.1389013 0.1235956 0.1354573 0.1448949 0.1723528 0.1205643 0.1229824 0.1330802 0.1611987 0.1396535 0.1277512 0.1191922 0.1443045 0.1169836 0.1425058 0.1299783 0.1306938 0.1178513 0.1071098 0.1213302 0.1836861 0.1435901 0.1307517 0.1188178 0.1225159 0.1002204 0.1208585 0.0922538 0.0971584 0.1369520 0.1155619 0.1321881 0.1364601 0.1470412 0.1245340 0.1070884 0.1510106 0.1190962 0.1327140 0.1431715 0.1381669 0.1657166 0.1232908 0.2226019 0.1053188 0.1277747 0.1333302 0.1486026 0.1531469 0.1921191 0.0964360 0.2005897 0.1099001 0.1380306 0.1329207 0.1153409 0.0769626 0.1988223 0.1160913 0.1342806 0.0979108 0.1282002 0.1246106 0.1379916 0.1209135 0.1505555 0.1324730 0.1256250 0.1202020 0.1203387 0.1400601 0.1387605 0.0292615 0.1259292 0.1088802 0.1203266 0.0822898 0.1165675 0.1210905 0.0330546 0.0366273 0.1380364 0.1304237 0.1387752 0.1367702 0.1292882 0.1314723 0.1213007 0.1280738 0.0688958 0.1155621 0.1187975 0.1473508 0.1397330 0.1356998 0.1211430 0.1623650 0.1334449 0.1339792 0.1376715 0.1209092 0.1007211 0.1615784 0.0989218 0.1432493 0.1020342 
S0293       0.0739308 0.1068024 0.1426002 0.0273087 0.1144162 0.1031108 0.1340117 0.0000000 0.0820003 0.1581553 0.1220184 0.1295455 0.1234558 0.1144243 0.1261908 0.1293582 0.1220476 0.1316423 0.0232896 0.0213598 0.1390511 0.0967852 0.1199921 0.1297977 0.1288337 0.1361908 0.1157174 0.1059144 0.1642247 0.1377600 0.1201585 0.1254490 0.1231211 0.0506519 0.0205914 0.1457064 0.1213914 0.0805163 0.0222746 0.0980372 0.1157453 0.1741703 0.0934176 0.1325800 0.1223807 0.0316410 0.0951934 0.0214091 0.0881034 0.1011151 0.1316087 0.1112096 0.1172786 0.1284107 0.1303862 0.1172994 0.1002894 0.1397799 0.1136277 0.1468188 0.1783699 0.1660220 0.1079432 0.1196694 0.2023668 0.1141322 0.1162088 0.1199083 0.1700162 0.1744084 0.1906195 0.0904564 0.1883735 0.0895684 0.1555474 0.1265669 0.0662389 0.1560504 0.1864509 0.0197523 0.0936481 0.1097386 0.1175210 0.1171005 0.1269816 0.1080684 0.1459046 0.1384442 0.1138321 0.1140663 0.1185661 0.1347098 0.1515938 0.1378933 0.0256127 0.0208124 0.0761101 0.1546863 0.0609455 0.1317712 0.1240302 0.1358864 0.1320474 0.0803968 0.1324044 0.1352866 0.1183583 0.1290040 0.0237442 0.1149994 0.1420049 0.1273295 0.0263457 0.1457316 0.0740075 0.1153733 0.0684164 0.0926653 0.1415043 0.1370192 0.1271558 0.1236450 0.0947949 0.1390237 0.0840736 0.1190297 0.0887934 
S0294       0.0817482 0.1128300 0.1451686 0.0762787 0.1288109 0.1157218 0.1380542 0.0820003 0.0000000 0.1511092 0.1340557 0.1319640 0.1367100 0.1281742 0.1214817 0.1354825 0.1390620 0.1366524 0.0741085 0.0689506 0.1530492 0.1062632 0.1183413 0.1427667 0.1273340 0.1495548 0.1260020 0.1132828 0.1758083 0.1377206 0.1377121 0.1369768 0.1290818 0.0859746 0.0695832 0.1485998 0.1323137 0.0887939 0.0708053 0.1189871 0.1265431 0.1712635 0.0929723 0.1421264 0.1270106 0.0731210 0.1067292 0.0752631 0.0987019 0.1092289 0.1647862 0.1305177 0.1219951 0.1409861 0.1415668 0.1205945 0.1108934 0.1467200 0.1299903 0.1550913 0.1875263 0.1830778 0.0682616 0.1331080 0.2094416 0.1152733 0.1334203 0.1397085 0.1899810 0.1921571 0.1896452 0.1006814 0.1902403 0.0929171 0.1613573 0.1341432 0.0804623 0.1688838 0.1817557 0.0717468 0.0917139 0.1200672 0.1244851 0.1265431 0.1334132 0.1232608 0.1416146 0.1436909 0.1285334 0.1227736 0.1287237 0.1445439 0.1598096 0.1431490 0.0770061 0.0673154 0.0935351 0.1679684 0.0701913 0.1412163 0.1258399 0.1506575 0.1451335 0.0837253 0.1423004 0.1455889 0.1364074 0.1389987 0.0737803 0.1332197 0.1582058 0.1294806 0.0761416 0.1590849 0.0973587 0.1245579 0.0843577 0.1199792 0.1620337 0.1402671 0.1435578 0.1360938 0.1059045 0.1541468 0.0988858 0.1331331 0.1053351 
S0299       0.1377607 0.1292213 0.0608807 0.1493876 0.1586153 0.0503417 0.1499510 0.1581553 0.1511092 0.0000000 0.1622714 0.1739255 0.0670091 0.1605018 0.0755647 0.1512371 0.1600865 0.1780400 0.1346626 0.1346627 0.0830711 0.1527337 0.0802936 0.1624662 0.1652840 0.0878762 0.1552626 0.0772153 0.1629011 0.1646084 0.1722864 0.1607402 0.0442074 0.1618120 0.1435268 0.0497515 0.1099870 0.1417855 0.1341882 0.1295581 0.1586853 0.1608570 0.1422120 0.1652608 0.1442438 0.1427235 0.1249969 0.1409513 0.1200238 0.1283647 0.1467774 0.1408887 0.0894784 0.1596352 0.1173371 0.0831661 0.1329819 0.0869353 0.1568245 0.1563041 0.1736076 0.1676116 0.1799422 0.1516912 0.1882269 0.1263670 0.1497512 0.1681729 0.1609583 0.1548215 0.1779967 0.1218065 0.1857589 0.0967871 0.1729122 0.1542765 0.1346063 0.1546375 0.1834001 0.1373973 0.1526264 0.1431498 0.0707082 0.1055677 0.1150717 0.1534308 0.1048974 0.0620817 0.1481622 0.1539010 0.1583429 0.1639177 0.1761661 0.1622291 0.1433138 0.1353881 0.1396272 0.1595231 0.1317298 0.1036740 0.1543161 0.1667081 0.0679733 0.1557706 0.1674338 0.0760410 0.1540444 0.1103832 0.1377483 0.1534739 0.1487567 0.1471689 0.1385277 0.0668119 0.1567238 0.0886609 0.1450600 0.1715954 0.1752583 0.1662824 0.1221142 0.1354099 0.1306161 0.1742489 0.1242160 0.1667367 0.1263706 
S0303       0.1154628 0.1019699 0.1572403 0.1265627 0.0227923 0.1275648 0.1317173 0.1220184 0.1340557 0.1622714 0.0000000 0.0779069 0.1455340 0.0232787 0.1365147 0.1287237 0.0262106 0.1492512 0.1125808 0.1072756 0.1654658 0.1352880 0.1234143 0.1295968 0.1413861 0.1583161 0.0214284 0.1194886 0.1617684 0.1568468 0.0939029 0.0116436 0.1311317 0.1278306 0.1153107 0.1543746 0.1377178 0.1163616 0.1108330 0.0971305 0.0219769 0.1596302 0.1349612 0.0145594 0.1129196 0.1153037 0.0995710 0.1169377 0.0944118 0.1002895 0.1534974 0.1076033 0.1318296 0.0754033 0.1493637 0.1252152 0.1054864 0.1471987 0.0427980 0.1446591 0.1686988 0.1735402 0.1643081 0.1226722 0.2066751 0.1080250 0.0781549 0.0874718 0.1669201 0.1815509 0.1644646 0.0974947 0.1732919 0.1090257 0.1572976 0.0813233 0.1168265 0.1541786 0.1730828 0.1095207 0.1376112 0.1058811 0.1321818 0.1292919 0.1422738 0.0227266 0.1466573 0.1449398 0.0759845 0.0199651 0.0244045 0.0826558 0.1449512 0.1432191 0.1163537 0.1057958 0.1209182 0.1673356 0.1137928 0.1373517 0.1239381 0.1468872 0.1532464 0.1342880 0.1301232 0.1603982 0.1281440 0.1439009 0.1127574 0.1280012 0.1436564 0.1187340 0.1101416 0.1574080 0.1417106 0.1332924 0.1188421 0.1515624 0.1448478 0.1414375 0.1478039 0.1304731 0.0983262 0.1685874 0.1049332 0.1324680 0.1007185 
S0308       0.1236138 0.0962356 0.1648940 0.1276529 0.0689810 0.1298098 0.1384225 0.1295455 0.1319640 0.1739255 0.0779069 0.0000000 0.1500940 0.0676575 0.1432715 0.1346225 0.0735010 0.1593456 0.1177377 0.1140669 0.1692642 0.1444153 0.1341790 0.1246048 0.1472452 0.1690060 0.0661839 0.1249614 0.1632509 0.1648358 0.0988578 0.0725713 0.1445518 0.1322674 0.1193628 0.1664732 0.1447113 0.1170832 0.1166907 0.0971648 0.0674402 0.1629606 0.1353659 0.0755124 0.1157423 0.1220781 0.0924468 0.1173465 0.0854718 0.0938674 0.1567200 0.1084170 0.1324917 0.0755121 0.1552909 0.1241400 0.1122253 0.1637513 0.0574297 0.1497130 0.1644479 0.1782732 0.1699744 0.1215302 0.1908681 0.1116518 0.0633319 0.0852059 0.1746146 0.1853456 0.1682777 0.0895955 0.1730352 0.1122299 0.1593437 0.0703536 0.1111618 0.1605396 0.1708285 0.1121191 0.1480177 0.1072398 0.1344741 0.1316709 0.1421353 0.0668000 0.1473642 0.1532379 0.0815758 0.0626073 0.0695726 0.0833201 0.1561536 0.1403262 0.1226614 0.1070876 0.1260233 0.1686688 0.1112731 0.1466533 0.1333521 0.1514160 0.1528566 0.1365233 0.1266267 0.1564575 0.1232668 0.1431402 0.1200125 0.1176861 0.1481313 0.1264940 0.1152091 0.1678036 0.1381353 0.1319735 0.1223024 0.1483049 0.1513159 0.1464650 0.1402002 0.1282243 0.1073533 0.1653916 0.1089113 0.1438507 0.1041156 
S0320       0.1198378 0.1243299 0.0605518 0.1249037 0.1346386 0.0337189 0.1289924 0.1234558 0.1367100 0.0670091 0.1455340 0.1500940 0.0000000 0.1392034 0.0697542 0.1295520 0.1393284 0.1629218 0.1108768 0.1088337 0.0760522 0.1282675 0.0678000 0.1414112 0.1539012 0.0658599 0.1356959 0.0564446 0.1615267 0.1543584 0.1512315 0.1444598 0.0416162 0.1314261 0.1174692 0.0540731 0.0957125 0.1218924 0.1164885 0.1149160 0.1444900 0.1433272 0.1193044 0.1505588 0.1203307 0.1195991 0.1024563 0.1163818 0.0973595 0.1046016 0.1335555 0.1282212 0.0773262 0.1422262 0.1021667 0.0634418 0.1192572 0.0623335 0.1391741 0.1467094 0.1841707 0.1572362 0.1539538 0.1341451 0.1745619 0.1140722 0.1301818 0.1465625 0.1680025 0.1692580 0.1565535 0.0997507 0.1616307 0.0778480 0.1666554 0.1364918 0.1083766 0.1492797 0.1613894 0.1143544 0.1433867 0.1167084 0.0580148 0.0890145 0.0985444 0.1298743 0.0852850 0.0652850 0.1239029 0.1324194 0.1331420 0.1498782 0.1677759 0.1395473 0.1162219 0.1040784 0.1176702 0.1589534 0.1127119 0.0800981 0.1354225 0.1466222 0.0628650 0.1400289 0.1434298 0.0586077 0.1360844 0.0867026 0.1191624 0.1291334 0.1464029 0.1356841 0.1132526 0.0657264 0.1395925 0.0761077 0.1270864 0.1346016 0.1616599 0.1466940 0.1009731 0.1228699 0.1138561 0.1501600 0.0996396 0.1558453 0.1087921 
S0322       0.1145225 0.0930020 0.1557848 0.1221972 0.0190562 0.1212291 0.1219655 0.1144243 0.1281742 0.1605018 0.0232787 0.0676575 0.1392034 0.0000000 0.1390249 0.1260498 0.0244418 0.1524700 0.1100498 0.1083999 0.1564910 0.1328617 0.1219398 0.1278243 0.1462409 0.1467945 0.0170583 0.1192380 0.1564731 0.1583938 0.0978503 0.0236591 0.1325853 0.1249237 0.1137571 0.1518990 0.1355784 0.1168692 0.1081043 0.0982875 0.0112927 0.1624386 0.1346805 0.0266803 0.1101745 0.1152334 0.0968124 0.1139468 0.0880671 0.0944870 0.1492788 0.1070085 0.1318392 0.0735274 0.1543060 0.1199874 0.1084461 0.1422895 0.0365023 0.1379437 0.1626595 0.1643951 0.1591129 0.1199880 0.1932999 0.1070288 0.0740938 0.0845255 0.1626693 0.1773846 0.1688402 0.0921913 0.1784963 0.1007991 0.1562973 0.0772126 0.1083164 0.1470220 0.1762982 0.1067499 0.1372995 0.1015029 0.1300728 0.1312021 0.1434969 0.0201069 0.1429619 0.1458669 0.0773179 0.0170504 0.0220082 0.0830588 0.1491247 0.1308184 0.1143230 0.1024096 0.1200977 0.1502780 0.1120642 0.1411909 0.1224443 0.1359080 0.1464559 0.1321296 0.1236552 0.1537360 0.1236333 0.1408161 0.1092091 0.1257737 0.1373535 0.1214978 0.1094871 0.1548971 0.1398905 0.1356244 0.1147689 0.1500156 0.1437120 0.1387547 0.1402541 0.1245705 0.0988911 0.1631045 0.1048902 0.1323608 0.0993120 
S0327       0.1048923 0.1160503 0.0701457 0.1222617 0.1321518 0.0402537 0.1294216 0.1261908 0.1214817 0.0755647 0.1365147 0.1432715 0.0697542 0.1390249 0.0000000 0.1249812 0.1347992 0.1454012 0.1098834 0.1053926 0.0699312 0.1278064 0.0557422 0.1395951 0.1375369 0.0642344 0.1327534 0.0481462 0.1577793 0.1448949 0.1374864 0.1382486 0.0503217 0.1324074 0.1088487 0.0632399 0.0889995 0.1083743 0.1109646 0.1013475 0.1374833 0.1508115 0.1254084 0.1423797 0.1144791 0.1127953 0.1014703 0.1081860 0.0942777 0.1007863 0.1352922 0.1162475 0.0530983 0.1263366 0.0882333 0.0568938 0.1071839 0.0817471 0.1308143 0.1386311 0.1711994 0.1662501 0.1456445 0.1260858 0.1727273 0.0977520 0.1224718 0.1343714 0.1657679 0.1645091 0.1607181 0.0975946 0.1659911 0.0623056 0.1604169 0.1282507 0.1055434 0.1450064 0.1647615 0.1069531 0.1249762 0.1148306 0.0494862 0.0788458 0.0876472 0.1297770 0.0718378 0.0697735 0.1144866 0.1281898 0.1292465 0.1297171 0.1445225 0.1416904 0.1161925 0.1069536 0.1133724 0.1551783 0.1074709 0.0455916 0.1258479 0.1490311 0.0711154 0.1207448 0.1395599 0.0613430 0.1302774 0.0818786 0.1142384 0.1277639 0.1401080 0.1209158 0.1066892 0.0747223 0.1292300 0.0573642 0.1109436 0.1429408 0.1459796 0.1329003 0.0946224 0.1260923 0.1022113 0.1633340 0.0916391 0.1440739 0.0988060 
S0335       0.1260003 0.0960791 0.1430405 0.1322569 0.1245279 0.1093264 0.1229750 0.1293582 0.1354825 0.1512371 0.1287237 0.1346225 0.1295520 0.1260498 0.1249812 0.0000000 0.1295555 0.1580149 0.1177372 0.1157434 0.1457631 0.1354662 0.1268414 0.1297245 0.1544198 0.1315651 0.1218649 0.1142721 0.1273638 0.1472213 0.1410404 0.1308572 0.1201767 0.1452691 0.1194723 0.1390551 0.1378415 0.1275297 0.1196671 0.1034064 0.1225725 0.1804689 0.1336136 0.1339051 0.1203618 0.1244079 0.0922963 0.1226689 0.0897792 0.0988176 0.1346234 0.1134510 0.1239663 0.1290646 0.1466543 0.1196806 0.0983804 0.1295567 0.1257183 0.1167102 0.1280948 0.1355635 0.1674154 0.1198800 0.2054701 0.1136762 0.1250958 0.1393530 0.1445175 0.1473047 0.1936421 0.0938890 0.1934619 0.1087135 0.1325231 0.1324819 0.1187578 0.1256207 0.1875634 0.1173774 0.1370014 0.1032981 0.1218412 0.1293690 0.1406476 0.1174483 0.1446375 0.1418529 0.1264948 0.1172207 0.1189156 0.1410909 0.0891772 0.1209614 0.1228306 0.1129225 0.1170901 0.1233580 0.1198053 0.1448146 0.1134320 0.1285029 0.1391526 0.1287849 0.1400450 0.1421160 0.1249454 0.1374253 0.1220790 0.1248834 0.1234103 0.0846458 0.1214793 0.1480301 0.1383719 0.1195939 0.1236515 0.1615742 0.0948070 0.0401956 0.1503323 0.1008379 0.0900756 0.1594969 0.0973986 0.1465989 0.0920906 
S0355       0.1187502 0.1039179 0.1542907 0.1304686 0.0253474 0.1227882 0.1308635 0.1220476 0.1390620 0.1600865 0.0262106 0.0735010 0.1393284 0.0244418 0.1347992 0.1295555 0.0000000 0.1557098 0.1162652 0.1117307 0.1596630 0.1457322 0.1249711 0.1304591 0.1472900 0.1652912 0.0241056 0.1173311 0.1594918 0.1599883 0.0950218 0.0258244 0.1325761 0.1288473 0.1223457 0.1486554 0.1416102 0.1217925 0.1152440 0.1035674 0.0245973 0.1604182 0.1351236 0.0288884 0.1116489 0.1224461 0.0992858 0.1211773 0.0922296 0.0987831 0.1596401 0.1103967 0.1312932 0.0750511 0.1580222 0.1161449 0.1133789 0.1490848 0.0402041 0.1448963 0.1697669 0.1765785 0.1625601 0.1259045 0.1891695 0.1125880 0.0730098 0.0843706 0.1736066 0.1863703 0.1668055 0.0964111 0.1720054 0.1085722 0.1635950 0.0761379 0.1163714 0.1589875 0.1708787 0.1138448 0.1448848 0.1058087 0.1310041 0.1378343 0.1501740 0.0250678 0.1431137 0.1472750 0.0764273 0.0219216 0.0269418 0.0828478 0.1508610 0.1389202 0.1204968 0.1095183 0.1253626 0.1667517 0.1191783 0.1433465 0.1243127 0.1466725 0.1447755 0.1396393 0.1295118 0.1528230 0.1297966 0.1499576 0.1165362 0.1295939 0.1500745 0.1201353 0.1166102 0.1582816 0.1449556 0.1341798 0.1195855 0.1527485 0.1484330 0.1397080 0.1557982 0.1301127 0.1055904 0.1657674 0.1092103 0.1351811 0.1068720 
S0376       0.1105769 0.1120914 0.1737206 0.1275849 0.1496046 0.1286532 0.1591240 0.1316423 0.1366524 0.1780400 0.1492512 0.1593456 0.1629218 0.1524700 0.1454012 0.1580149 0.1557098 0.0000000 0.1132281 0.1148387 0.1789326 0.1263106 0.1465229 0.1491927 0.0680601 0.1619776 0.1458462 0.1439071 0.1717608 0.1437393 0.1412917 0.1552570 0.1489335 0.1339177 0.1217603 0.1654146 0.1530723 0.1359708 0.1136755 0.1198180 0.1509485 0.2027944 0.1320920 0.1592680 0.1273794 0.1176178 0.1174797 0.1207141 0.1109449 0.1169142 0.1766470 0.1387453 0.1454920 0.1501610 0.1547495 0.1434758 0.1299430 0.1436201 0.1502036 0.1704279 0.1834390 0.1841994 0.1739938 0.1172948 0.2410930 0.1234874 0.1491277 0.1501900 0.1993394 0.1942993 0.2171031 0.1118851 0.2257276 0.1338912 0.1735029 0.1531604 0.1084764 0.1806307 0.2234080 0.1120970 0.1197651 0.1266663 0.1432093 0.1524630 0.1631944 0.1415553 0.1682635 0.1548133 0.1366192 0.1427035 0.1470337 0.1597984 0.1604606 0.1653735 0.1243279 0.1108434 0.1177402 0.1838788 0.1075547 0.1453514 0.1345729 0.1760326 0.1687677 0.1145162 0.1531859 0.1611417 0.1215291 0.1555320 0.1157859 0.1320434 0.1705643 0.1444842 0.1207628 0.1702154 0.1159396 0.1501426 0.1043186 0.1676625 0.1617501 0.1608844 0.1648965 0.1589471 0.1274057 0.1650758 0.1268039 0.0733140 0.1189629 
S0400       0.0637550 0.0904018 0.1272730 0.0218533 0.1083795 0.0935722 0.1168129 0.0232896 0.0741085 0.1346626 0.1125808 0.1177377 0.1108768 0.1100498 0.1098834 0.1177372 0.1162652 0.1132281 0.0000000 0.0147422 0.1307246 0.0860796 0.1044448 0.1228066 0.1096809 0.1243332 0.1074161 0.0989627 0.1532574 0.1226649 0.1224247 0.1160669 0.1118112 0.0496103 0.0141125 0.1232561 0.1132522 0.0752186 0.0120474 0.0920862 0.1055446 0.1664438 0.0802066 0.1208585 0.1072136 0.0239651 0.0865643 0.0154817 0.0815778 0.0905852 0.1340977 0.1062001 0.1016632 0.1184254 0.1189197 0.1079967 0.0996533 0.1299500 0.1057723 0.1376158 0.1633517 0.1539315 0.0978591 0.1088506 0.1864584 0.1030765 0.1103503 0.1125864 0.1643394 0.1690852 0.1759701 0.0825863 0.1809800 0.0905540 0.1414618 0.1174763 0.0595716 0.1485379 0.1756352 0.0134203 0.0821008 0.0984772 0.1039628 0.1067638 0.1161949 0.1030987 0.1320834 0.1238311 0.1027655 0.1041079 0.1080688 0.1216778 0.1395241 0.1265623 0.0168981 0.0142526 0.0739390 0.1475963 0.0580306 0.1094583 0.1133118 0.1282300 0.1213352 0.0729649 0.1300522 0.1272421 0.1087784 0.1223785 0.0129227 0.1066489 0.1366202 0.1207963 0.0204058 0.1354345 0.0725899 0.1070557 0.0599273 0.1022948 0.1312184 0.1240213 0.1190997 0.1203042 0.0910816 0.1412461 0.0830398 0.1127686 0.0893751 
S0405       0.0567179 0.0874756 0.1274140 0.0209296 0.1030923 0.0929307 0.1170398 0.0213598 0.0689506 0.1346627 0.1072756 0.1140669 0.1088337 0.1083999 0.1053926 0.1157434 0.1117307 0.1148387 0.0147422 0.0000000 0.1272209 0.0847114 0.1037825 0.1152390 0.1047952 0.1275050 0.1012057 0.0923150 0.1492606 0.1178228 0.1169548 0.1144644 0.1055026 0.0458483 0.0107806 0.1223353 0.1116452 0.0682718 0.0132824 0.0881017 0.1049481 0.1594667 0.0792012 0.1191697 0.0995013 0.0208669 0.0827731 0.0139683 0.0770683 0.0875146 0.1292460 0.1018188 0.0957101 0.1135612 0.1177073 0.1026739 0.0937005 0.1389839 0.1051614 0.1360425 0.1581274 0.1492482 0.0912550 0.1052400 0.1839055 0.0951265 0.1036910 0.1089505 0.1593139 0.1639663 0.1698725 0.0788991 0.1736078 0.0926433 0.1374335 0.1107329 0.0579720 0.1443331 0.1693003 0.0105880 0.0768627 0.0934832 0.1016467 0.1055143 0.1147356 0.0961862 0.1271258 0.1211099 0.1005680 0.0989054 0.1036813 0.1167213 0.1384292 0.1266752 0.0174016 0.0113417 0.0679062 0.1429884 0.0525703 0.1047220 0.1121466 0.1291563 0.1174659 0.0662988 0.1255257 0.1222907 0.1061998 0.1206083 0.0149920 0.1042663 0.1346058 0.1161047 0.0180898 0.1323030 0.0649504 0.1016781 0.0545529 0.0935681 0.1313775 0.1247732 0.1165365 0.1167909 0.0889939 0.1348994 0.0767259 0.1124510 0.0854605 
S0407sl     0.1364256 0.1396931 0.0729534 0.1476230 0.1549275 0.0465126 0.1450378 0.1390511 0.1530492 0.0830711 0.1654658 0.1692642 0.0760522 0.1564910 0.0699312 0.1457631 0.1596630 0.1789326 0.1307246 0.1272209 0.0000000 0.1491455 0.0720457 0.1631830 0.1703273 0.0714527 0.1572645 0.0617167 0.1776247 0.1562295 0.1682751 0.1650354 0.0539330 0.1382806 0.1290263 0.0617703 0.1001612 0.1252267 0.1308896 0.1318365 0.1598844 0.1669948 0.1422572 0.1716637 0.1387688 0.1332423 0.1231740 0.1295897 0.1173740 0.1252312 0.1508487 0.1445057 0.0819570 0.1564420 0.1108318 0.0722533 0.1285410 0.0843877 0.1599793 0.1676224 0.1939282 0.1741156 0.1659586 0.1671745 0.1826043 0.1257145 0.1468959 0.1648273 0.1905100 0.1874518 0.1832348 0.1200727 0.1897276 0.0815874 0.1959048 0.1551571 0.1290820 0.1613518 0.1911537 0.1270926 0.1545834 0.1304872 0.0656957 0.0972537 0.1073756 0.1508639 0.0894101 0.0791624 0.1453863 0.1538093 0.1527763 0.1647983 0.1744757 0.1597274 0.1359080 0.1238126 0.1362731 0.1715976 0.1338378 0.0786762 0.1427689 0.1644478 0.0748445 0.1519819 0.1712756 0.0240780 0.1723559 0.1033447 0.1364612 0.1603146 0.1588756 0.1478782 0.1302983 0.0766127 0.1548825 0.0805747 0.1346054 0.1404288 0.1781360 0.1621796 0.1118166 0.1426268 0.1188670 0.1828530 0.1158111 0.1677426 0.1135639 
S0412sl     0.0919569 0.1280549 0.1472149 0.0984533 0.1318795 0.1159917 0.1389013 0.0967852 0.1062632 0.1527337 0.1352880 0.1444153 0.1282675 0.1328617 0.1278064 0.1354662 0.1457322 0.1263106 0.0860796 0.0847114 0.1491455 0.0000000 0.1301744 0.1469762 0.1212039 0.1495475 0.1309694 0.1133950 0.1646912 0.1175823 0.1405880 0.1433486 0.1260659 0.1054029 0.0897692 0.1477132 0.1375121 0.0999149 0.0892075 0.1135102 0.1361365 0.1754617 0.0930419 0.1462790 0.1189867 0.0888128 0.1086231 0.0867395 0.1017224 0.1102436 0.1462521 0.1231912 0.1183446 0.1363037 0.1410496 0.1225470 0.1031029 0.1480846 0.1369107 0.1467243 0.1765902 0.1588221 0.1270768 0.1169514 0.2141363 0.1040688 0.1391304 0.1400771 0.1673923 0.1840652 0.1841964 0.1028427 0.1921249 0.1037969 0.1614367 0.1420223 0.0918797 0.1609367 0.1875338 0.0852225 0.0983318 0.1153133 0.1221716 0.1278734 0.1380142 0.1302964 0.1355455 0.1326586 0.1246728 0.1325778 0.1363166 0.1477619 0.1454354 0.1527411 0.0913113 0.0790283 0.0943436 0.1690207 0.0839785 0.1269356 0.1287486 0.1517224 0.1331507 0.0880976 0.1392639 0.1491147 0.1183463 0.1451752 0.0887787 0.1156726 0.1540345 0.1294034 0.0869118 0.1494030 0.1007944 0.1142199 0.0866550 0.1139663 0.1328209 0.1335763 0.1436758 0.1345309 0.0979548 0.1607153 0.0958374 0.1214540 0.0994503 
S0417       0.1099062 0.0980732 0.0675217 0.1150234 0.1174055 0.0447271 0.1235956 0.1199921 0.1183413 0.0802936 0.1234143 0.1341790 0.0678000 0.1219398 0.0557422 0.1268414 0.1249711 0.1465229 0.1044448 0.1037825 0.0720457 0.1301744 0.0000000 0.1268027 0.1417144 0.0559419 0.1170082 0.0522005 0.1543892 0.1398203 0.1405306 0.1233438 0.0531104 0.1261589 0.1066452 0.0626879 0.0735079 0.1027517 0.1045256 0.1031198 0.1192892 0.1461178 0.1165026 0.1271880 0.1117101 0.1100663 0.0953241 0.1073915 0.0902229 0.0947455 0.1406822 0.1198680 0.0524312 0.1265049 0.0832752 0.0569555 0.1060339 0.0644470 0.1212006 0.1387476 0.1631014 0.1596842 0.1474535 0.1259469 0.1573003 0.1026858 0.1187204 0.1348967 0.1647509 0.1702198 0.1594581 0.0915746 0.1624399 0.0563324 0.1557668 0.1209650 0.1009453 0.1387395 0.1601329 0.1043161 0.1292936 0.1096871 0.0546553 0.0714242 0.0810477 0.1131221 0.0744856 0.0625452 0.1168929 0.1148299 0.1181884 0.1289076 0.1480718 0.1379563 0.1122905 0.1033817 0.1189686 0.1432646 0.1024932 0.0623908 0.1191251 0.1430695 0.0653141 0.1239818 0.1439574 0.0659339 0.1309534 0.0773388 0.1084777 0.1293120 0.1347317 0.1223498 0.1059229 0.0758160 0.1291250 0.0632517 0.1105797 0.1324621 0.1497209 0.1381139 0.0937136 0.1224644 0.0983727 0.1581201 0.0914456 0.1384888 0.0938460 
S0419       0.1221225 0.0446208 0.1531786 0.1289683 0.1287912 0.1250080 0.1354573 0.1297977 0.1427667 0.1624662 0.1295968 0.1246048 0.1414112 0.1278243 0.1395951 0.1297245 0.1304591 0.1491927 0.1228066 0.1152390 0.1631830 0.1469762 0.1268027 0.0000000 0.1427904 0.1672996 0.1261271 0.1220962 0.1590209 0.1667305 0.1450418 0.1335442 0.1333503 0.1353513 0.1238011 0.1505473 0.1402991 0.1183942 0.1217214 0.0678497 0.1305347 0.1750180 0.1370179 0.1375783 0.1123410 0.1234464 0.0404369 0.1258856 0.0358252 0.0395041 0.1523188 0.0797869 0.1272545 0.1220994 0.1469063 0.1206478 0.1036814 0.1475816 0.1202535 0.1573897 0.1668864 0.1687367 0.1807831 0.0894277 0.2096051 0.1080539 0.1161879 0.1356692 0.1696869 0.1765900 0.1775234 0.0366288 0.1883791 0.1196315 0.1687156 0.1221745 0.1133202 0.1632687 0.1883145 0.1203042 0.1369201 0.1047849 0.1378093 0.1312972 0.1432644 0.1213980 0.1443176 0.1456775 0.1277730 0.1197145 0.1264590 0.1253572 0.1554261 0.1509307 0.1290616 0.1159208 0.1240049 0.1677425 0.1185519 0.1317241 0.1345574 0.1515054 0.1556061 0.1324942 0.0805090 0.1520192 0.0959509 0.1332880 0.1264622 0.1009549 0.1553228 0.1198327 0.1240902 0.1511001 0.1442314 0.1292863 0.1221144 0.1469675 0.1544902 0.1416295 0.1432397 0.1253509 0.0997040 0.1465050 0.0944462 0.1393823 0.0980518 
S0427       0.1001143 0.1184550 0.1677529 0.1222614 0.1406516 0.1223236 0.1448949 0.1288337 0.1273340 0.1652840 0.1413861 0.1472452 0.1539012 0.1462409 0.1375369 0.1544198 0.1472900 0.0680601 0.1096809 0.1047952 0.1703273 0.1212039 0.1417144 0.1427904 0.0000000 0.1624130 0.1385100 0.1344438 0.1516857 0.1269302 0.1353554 0.1450232 0.1415961 0.1302559 0.1109395 0.1624661 0.1510964 0.1317836 0.1110544 0.1166420 0.1452147 0.1875471 0.1355936 0.1502047 0.1294649 0.1091078 0.1093724 0.1140058 0.1012922 0.1078049 0.1639999 0.1275398 0.1343776 0.1432881 0.1600253 0.1374574 0.1276912 0.1684294 0.1448448 0.1624767 0.1680228 0.1724270 0.1542408 0.1066584 0.2190456 0.1208226 0.1348089 0.1412449 0.1862506 0.1856084 0.2002692 0.1032846 0.2026880 0.1230058 0.1713920 0.1418376 0.0939680 0.1626587 0.2036494 0.1053921 0.1141064 0.1234409 0.1445230 0.1465696 0.1586794 0.1391344 0.1545507 0.1501371 0.1295909 0.1372593 0.1402473 0.1468826 0.1530621 0.1484540 0.1181914 0.1013116 0.1007197 0.1714460 0.0962435 0.1414426 0.1250305 0.1526454 0.1582491 0.1079525 0.1326951 0.1559339 0.1115504 0.1507295 0.1092168 0.1181949 0.1522690 0.1448782 0.1141674 0.1654030 0.1100927 0.1346839 0.1027427 0.1617354 0.1485257 0.1463142 0.1533952 0.1416397 0.1234835 0.1562637 0.1156868 0.0693745 0.1242797 
S0428sl     0.1285513 0.1202597 0.0614114 0.1447744 0.1307404 0.0498913 0.1723528 0.1361908 0.1495548 0.0878762 0.1583161 0.1690060 0.0658599 0.1467945 0.0642344 0.1315651 0.1652912 0.1619776 0.1243332 0.1275050 0.0714527 0.1495475 0.0559419 0.1672996 0.1624130 0.0000000 0.1439100 0.0417629 0.1726061 0.1511680 0.1662865 0.1539467 0.0539380 0.1363150 0.1255250 0.0699185 0.1034993 0.1267287 0.1287304 0.1085961 0.1493315 0.1798995 0.1283972 0.1688305 0.1027391 0.1400528 0.1116897 0.1314265 0.1113511 0.1207129 0.1491969 0.1260221 0.0563241 0.1495481 0.0842227 0.0534052 0.1196335 0.0678484 0.1458799 0.1603748 0.1897933 0.1807420 0.1938071 0.1404984 0.2044907 0.0982770 0.1270252 0.1687942 0.1878870 0.1872627 0.1988116 0.1089535 0.1996487 0.0642136 0.1870282 0.1373848 0.1367868 0.1763791 0.2001715 0.1285341 0.1649905 0.1309473 0.0429745 0.0826173 0.0914257 0.1382425 0.0713280 0.0713617 0.1521877 0.1433903 0.1339911 0.1546912 0.1678334 0.1728862 0.1248078 0.1243462 0.1377272 0.1812229 0.1136318 0.0825490 0.1411324 0.1902393 0.0721843 0.1542649 0.1724938 0.0600697 0.1350994 0.0819886 0.1259138 0.1181968 0.1800210 0.1441945 0.1222377 0.0708867 0.1621057 0.0508300 0.1543263 0.1263273 0.1589270 0.1363643 0.1012002 0.1234330 0.1087909 0.1494102 0.1119324 0.1705833 0.1104089 
S0430       0.1062926 0.0876183 0.1430821 0.1205615 0.0046812 0.1180866 0.1205643 0.1157174 0.1260020 0.1552626 0.0214284 0.0661839 0.1356959 0.0170583 0.1327534 0.1218649 0.0241056 0.1458462 0.1074161 0.1012057 0.1572645 0.1309694 0.1170082 0.1261271 0.1385100 0.1439100 0.0000000 0.1111453 0.1537277 0.1517679 0.0913142 0.0205594 0.1263145 0.1227243 0.1095374 0.1436216 0.1313749 0.1097521 0.1054855 0.0939122 0.0165192 0.1558837 0.1259729 0.0228286 0.1083044 0.1107743 0.0932346 0.1113408 0.0853808 0.0917597 0.1453818 0.1014408 0.1249013 0.0659640 0.1467838 0.1159395 0.1039871 0.1375526 0.0317873 0.1349769 0.1661377 0.1610295 0.1562886 0.1140866 0.1907666 0.0992035 0.0663186 0.0776306 0.1617953 0.1770335 0.1625379 0.0886303 0.1744702 0.0988004 0.1505159 0.0695958 0.1046293 0.1468093 0.1703436 0.1023024 0.1294591 0.1016306 0.1239924 0.1250106 0.1372872 0.0040845 0.1420840 0.1395558 0.0690859 0.0020097 0.0067499 0.0754195 0.1412884 0.1280360 0.1117124 0.1006150 0.1135373 0.1540098 0.1076193 0.1275611 0.1146669 0.1329239 0.1401412 0.1236674 0.1252327 0.1489419 0.1167646 0.1348928 0.1044069 0.1212168 0.1352678 0.1161920 0.1068627 0.1516850 0.1343142 0.1288606 0.1074539 0.1443538 0.1427276 0.1325839 0.1404688 0.1260565 0.0953653 0.1596997 0.0995717 0.1276633 0.0957728 
S0478       0.1011755 0.1017376 0.0612781 0.1089802 0.1138175 0.0356820 0.1229824 0.1059144 0.1132828 0.0772153 0.1194886 0.1249614 0.0564446 0.1192380 0.0481462 0.1142721 0.1173311 0.1439071 0.0989627 0.0923150 0.0617167 0.1133950 0.0522005 0.1220962 0.1344438 0.0417629 0.1111453 0.0000000 0.1380005 0.1281171 0.1329323 0.1223151 0.0487098 0.1134438 0.0976829 0.0593619 0.0771740 0.0962229 0.0992614 0.0908505 0.1167628 0.1381195 0.1112440 0.1262776 0.0958013 0.1028547 0.0863506 0.0989540 0.0805654 0.0876581 0.1218782 0.1030181 0.0506667 0.1178842 0.0853708 0.0466743 0.0905685 0.0557113 0.1153445 0.1256295 0.1527426 0.1378063 0.1353418 0.1092114 0.1557012 0.0891394 0.1053766 0.1213820 0.1479089 0.1563617 0.1471607 0.0827042 0.1564381 0.0421107 0.1469463 0.1121114 0.0907912 0.1318560 0.1550373 0.0936799 0.1162081 0.0961022 0.0441359 0.0716286 0.0801523 0.1112823 0.0704048 0.0621288 0.1085989 0.1101908 0.1116382 0.1191967 0.1343139 0.1278201 0.1031869 0.0897463 0.1070321 0.1479261 0.0967755 0.0608885 0.1137867 0.1389781 0.0650110 0.1149583 0.1260537 0.0616926 0.1120917 0.0733198 0.1020908 0.1146783 0.1362110 0.1098142 0.0969859 0.0664954 0.1184316 0.0564087 0.1015436 0.1297859 0.1344914 0.1268840 0.0860227 0.1091595 0.0841916 0.1473635 0.0807539 0.1315308 0.0809279 
S0552sl     0.1407257 0.1220162 0.1596368 0.1655627 0.1554486 0.1356219 0.1330802 0.1642247 0.1758083 0.1629011 0.1617684 0.1632509 0.1615267 0.1564731 0.1577793 0.1273638 0.1594918 0.1717608 0.1532574 0.1492606 0.1776247 0.1646912 0.1543892 0.1590209 0.1516857 0.1726061 0.1537277 0.1380005 0.0000000 0.1642704 0.1552403 0.1585545 0.1392120 0.1730091 0.1516176 0.1601589 0.1525044 0.1603378 0.1523610 0.1218639 0.1548667 0.2103918 0.1652379 0.1636062 0.1411292 0.1547275 0.1206692 0.1585379 0.1146973 0.1200839 0.0726605 0.1303304 0.1516305 0.1598407 0.1609784 0.1478089 0.1374741 0.1618589 0.1525118 0.0544675 0.0388859 0.0488639 0.2109912 0.1462372 0.2517420 0.1314897 0.1554590 0.1567522 0.0767120 0.0824877 0.2186104 0.1194033 0.2287334 0.1260180 0.0830180 0.1613724 0.1393586 0.1238047 0.2274601 0.1509548 0.1659414 0.1241666 0.1551684 0.1439750 0.1536154 0.1507127 0.1729717 0.1558852 0.1450249 0.1512401 0.1538564 0.1639390 0.1489325 0.1362922 0.1632652 0.1394874 0.1494728 0.1316294 0.1450446 0.1750187 0.1003079 0.1368619 0.1576564 0.1603715 0.1608073 0.1599048 0.1469975 0.1465335 0.1602661 0.1477732 0.1251740 0.1226382 0.1525777 0.1624662 0.1644041 0.1488907 0.1481292 0.1968238 0.1403828 0.1393011 0.1598909 0.0925382 0.1335800 0.1800017 0.1278168 0.1484661 0.1298305 
S0558       0.1131059 0.1376936 0.1714577 0.1310351 0.1593499 0.1301257 0.1611987 0.1377600 0.1377206 0.1646084 0.1568468 0.1648358 0.1543584 0.1583938 0.1448949 0.1472213 0.1599883 0.1437393 0.1226649 0.1178228 0.1562295 0.1175823 0.1398203 0.1667305 0.1269302 0.1511680 0.1517679 0.1281171 0.1642704 0.0000000 0.1643602 0.1642494 0.1453646 0.1388435 0.1232453 0.1648232 0.1576326 0.1197566 0.1216339 0.1291249 0.1505667 0.1914366 0.1195274 0.1691164 0.1464783 0.1254976 0.1251640 0.1222233 0.1197442 0.1243914 0.1600553 0.1414731 0.1461401 0.1572825 0.1686171 0.1442002 0.1398674 0.1475776 0.1548506 0.1625192 0.1841422 0.1772264 0.1604309 0.1379764 0.2334804 0.1415195 0.1564580 0.1580967 0.1773687 0.1877038 0.2119438 0.1229864 0.2115402 0.1242254 0.1741796 0.1640728 0.0963080 0.1641651 0.2069834 0.1166481 0.1300058 0.1322628 0.1448598 0.1532795 0.1642658 0.1557506 0.1542083 0.1504699 0.1477471 0.1519639 0.1591596 0.1611925 0.1576546 0.1738451 0.1247531 0.1126073 0.1224322 0.1664785 0.1186351 0.1449548 0.1364680 0.1678734 0.1553085 0.1196928 0.1670297 0.1547362 0.1393313 0.1563248 0.1210006 0.1456588 0.1617581 0.1504658 0.1272845 0.1656270 0.1245848 0.1430527 0.1158548 0.1479001 0.1465270 0.1510613 0.1707381 0.1478564 0.1334635 0.1754100 0.1208854 0.1346438 0.1249915 
S0616       0.1184327 0.1051394 0.1645729 0.1363416 0.0952941 0.1366824 0.1396535 0.1201585 0.1377121 0.1722864 0.0939029 0.0988578 0.1512315 0.0978503 0.1374864 0.1410404 0.0950218 0.1412917 0.1224247 0.1169548 0.1682751 0.1405880 0.1405306 0.1450418 0.1353554 0.1662865 0.0913142 0.1329323 0.1552403 0.1643602 0.0000000 0.0991491 0.1483479 0.1379954 0.1114657 0.1710650 0.1503545 0.1252189 0.1206022 0.1135195 0.0951786 0.1765674 0.1300403 0.1027618 0.1239841 0.1226145 0.1064829 0.1256813 0.1001478 0.1054805 0.1523867 0.1240452 0.1416690 0.0988982 0.1625587 0.1319380 0.1192435 0.1642136 0.0886728 0.1480388 0.1650443 0.1685448 0.1732884 0.1230594 0.2161354 0.1160831 0.0877941 0.0895186 0.1726870 0.1831089 0.1853264 0.1031589 0.1866253 0.1176062 0.1506798 0.0907216 0.1233789 0.1579466 0.1813594 0.1191423 0.1357360 0.1107406 0.1440273 0.1446857 0.1588519 0.0888520 0.1623827 0.1579874 0.0433229 0.0867411 0.0938377 0.1032716 0.1419513 0.1469404 0.1270790 0.1112674 0.1211815 0.1670052 0.1085331 0.1496292 0.1284189 0.1491885 0.1586419 0.1262929 0.1532235 0.1587755 0.1263723 0.1540556 0.1194379 0.1221931 0.1525658 0.1325500 0.1196052 0.1640284 0.1409749 0.1401442 0.1208317 0.1535026 0.1373580 0.1472416 0.1604781 0.1248624 0.1181191 0.1822054 0.1190902 0.1308948 0.1166661 
