108
S0055      0.0000000 0.0596186 0.0775885 0.1187951 0.1183899 0.1169040 0.0696773 0.0896889 0.1244799 0.1040993 0.1191654 0.1165669 0.0911404 0.1063098 0.0542639 0.0582219 0.0582144 0.0717113 0.1047389 0.0587124 0.0477706 0.1288151 0.0910144 0.1037580 0.1156003 0.1020047 0.0525360 0.0520928 0.0972388 0.0932051 0.0576832 0.0583490 0.1156886 0.1427465 0.0720715 0.1305376 0.0577329 0.1031761 0.0641394 0.0635276 0.0583490 0.0583490 0.1017869 0.0586535 0.1238905 0.1287173 0.0777725 0.1201524 0.0920343 0.0979835 0.1251995 0.1245316 0.1158440 0.0894876 0.1657325 0.1461230 0.1273078 0.1186367 0.0975205 0.1308657 0.0642697 0.1451505 0.1037037 0.1029896 0.0729723 0.1114636 0.1585222 0.0643678 0.0701472 0.1241131 0.0719840 0.0908459 0.1288151 0.1312083 0.0980449 0.1054597 0.1372710 0.0576832 0.1349128 0.1448459 0.0704438 0.0520928 0.0307236 0.1120612 0.0714919 0.1130649 0.1129270 0.1154224 0.0656352 0.0971602 0.0831626 0.1413428 0.0697386 0.1134571 0.0699598 0.1005077 0.0472658 0.1089854 0.0359092 0.1498348 0.1431602 0.1123564 0.0894383 0.0576335 0.0655351 0.1122817 0.0474501 0.0523497 
S0281      0.0596186 0.0000000 0.1131891 0.1353731 0.1279177 0.1709864 0.1036236 0.1266471 0.1333592 0.1199391 0.1217218 0.1328276 0.0902795 0.1147517 0.0875353 0.0979107 0.0909376 0.0730828 0.1205752 0.0416518 0.0925973 0.1380713 0.1120857 0.1214701 0.1193239 0.1100533 0.0780344 0.0838592 0.1186379 0.0875437 0.0900525 0.0524946 0.1245954 0.1511326 0.0668787 0.1399464 0.0777442 0.1276625 0.0469281 0.0966092 0.0413983 0.0413983 0.1258942 0.0527651 0.1189268 0.1386440 0.0979024 0.1220507 0.1126835 0.0932688 0.1518664 0.1445608 0.1413161 0.0830155 0.1749454 0.1254915 0.1364348 0.1078884 0.0869424 0.1391496 0.0470240 0.1537056 0.1183889 0.0962425 0.1087585 0.1623929 0.1672821 0.0979107 0.0846918 0.1408139 0.0918535 0.1118713 0.1380713 0.1255203 0.1129554 0.1346662 0.1468668 0.0900525 0.1450008 0.1292256 0.1047504 0.0838592 0.0849177 0.1383394 0.0785352 0.1806901 0.1646732 0.1314924 0.0801556 0.1401554 0.0768049 0.1509109 0.1037208 0.1221516 0.1040380 0.1158120 0.0724491 0.1182811 0.0416608 0.1420468 0.1372688 0.1280544 0.1065421 0.0776033 0.0594433 0.1208869 0.0919475 0.0656839 
S0282      0.0775885 0.1131891 0.0000000 0.1599374 0.1435825 0.1698228 0.0256555 0.0978320 0.1269536 0.1436053 0.1428263 0.1412975 0.1066779 0.1371870 0.0866374 0.0205577 0.0312077 0.1060849 0.1128049 0.0849621 0.0916521 0.1620058 0.1200824 0.1340924 0.1321552 0.1118624 0.0655459 0.0202383 0.1267697 0.1230481 0.0150651 0.0970441 0.1480045 0.1869486 0.0928774 0.1642334 0.0254885 0.1403059 0.0907273 0.0202810 0.0844123 0.0844123 0.1320271 0.0975936 0.1411705 0.1541644 0.0919302 0.1225885 0.1221427 0.1364927 0.1397794 0.1421040 0.1113858 0.1466250 0.2321061 0.1563756 0.1684748 0.1596027 0.1279211 0.1747442 0.0909124 0.1902305 0.1489522 0.1487804 0.1073624 0.1527830 0.2044422 0.0098325 0.0719111 0.1351133 0.0993498 0.1057211 0.1620058 0.1489497 0.1210256 0.1276832 0.1714398 0.0254671 0.1606419 0.1809660 0.0149003 0.0202383 0.0907474 0.1730790 0.0980974 0.1873761 0.1712988 0.1398631 0.0669260 0.1344710 0.1253694 0.1506915 0.0256773 0.1459221 0.0365922 0.1240956 0.0842908 0.1356030 0.0717421 0.1858905 0.1621196 0.1216337 0.1262605 0.0828424 0.0927726 0.1444460 0.0780591 0.0895839 
S0288      0.1187951 0.1353731 0.1599374 0.0000000 0.1439115 0.1695136 0.1641134 0.1606617 0.1515437 0.0264971 0.0864781 0.1423779 0.1107516 0.0264058 0.1374757 0.1489834 0.1574281 0.1954377 0.1187451 0.1251074 0.1277756 0.0050241 0.1203075 0.1251216 0.2154682 0.1402772 0.1266528 0.1400168 0.1286532 0.1705831 0.1473962 0.1101462 0.0153843 0.1940954 0.1776960 0.0154837 0.1327310 0.1243684 0.1314878 0.1553593 0.1242303 0.1242303 0.1313717 0.1108161 0.1249140 0.1047083 0.1235051 0.1059033 0.0884787 0.1291261 0.1340806 0.1482654 0.2110429 0.1404759 0.2416932 0.1492679 0.0900819 0.1370221 0.1286421 0.1903201 0.1237798 0.1976303 0.1508663 0.1512062 0.1517247 0.1710169 0.2124143 0.1575543 0.1653806 0.1410003 0.1169601 0.1351454 0.0050241 0.1310675 0.1338202 0.1046010 0.0102110 0.1473962 0.1137671 0.1918044 0.1659127 0.1400168 0.1354575 0.1399310 0.1492610 0.1716699 0.1650998 0.1408545 0.1611840 0.1427630 0.1562852 0.1837910 0.1642865 0.1454968 0.1647689 0.1216872 0.1350436 0.1162245 0.1170878 0.1968993 0.1893503 0.1774832 0.1334135 0.1398733 0.1328305 0.1362014 0.1268168 0.1190166 
S0289      0.1183899 0.1279177 0.1435825 0.1439115 0.0000000 0.1135445 0.1326850 0.1456150 0.0665300 0.1355539 0.1439113 0.0362372 0.0544012 0.1521303 0.1379613 0.1096359 0.1265520 0.1335817 0.0364116 0.1049413 0.1362057 0.1472002 0.0478596 0.1222821 0.2012866 0.0476978 0.0962378 0.1112620 0.0600864 0.1457586 0.1179005 0.1101784 0.1482912 0.1392016 0.0926721 0.1645910 0.1047062 0.1298454 0.1108865 0.1249946 0.1042486 0.1042486 0.1134861 0.1038840 0.0722168 0.1453980 0.0714259 0.0545492 0.1429474 0.1362723 0.1545091 0.1507213 0.1808182 0.1175539 0.1774563 0.1660260 0.1678692 0.1445274 0.1214591 0.1275653 0.0974383 0.1414966 0.1305566 0.0985289 0.1610303 0.1020535 0.1545586 0.1266845 0.1313478 0.0472968 0.0782256 0.0660024 0.1472002 0.0725042 0.0480040 0.1427224 0.1563079 0.1179005 0.1371017 0.1163967 0.1341036 0.1112620 0.1043454 0.1180977 0.1346358 0.1244240 0.1242728 0.0410577 0.1333711 0.0353338 0.1248576 0.1244823 0.1257290 0.0949009 0.1332049 0.0667083 0.1011736 0.0542279 0.1030969 0.1315703 0.1103342 0.1035535 0.0991081 0.1045086 0.1271867 0.0938756 0.1344541 0.0834007 
S0292      0.1169040 0.1709864 0.1698228 0.1695136 0.1135445 0.0000000 0.1572161 0.1824415 0.1351651 0.1916908 0.1743013 0.1020928 0.1113550 0.1697620 0.1456092 0.1394497 0.1497403 0.1620599 0.1029228 0.1360876 0.1263807 0.1621216 0.1206466 0.1177955 0.2091214 0.1118759 0.1193555 0.1406902 0.1136860 0.1988859 0.1406902 0.1424565 0.1633855 0.2126653 0.1522438 0.1808121 0.1333705 0.1256081 0.1350354 0.1485731 0.1351064 0.1351064 0.0956657 0.1424570 0.1253744 0.1902265 0.1246417 0.1156931 0.1727643 0.1664846 0.1505193 0.1544661 0.1877353 0.1486756 0.2625846 0.2252401 0.2006581 0.1757141 0.1500391 0.2000021 0.1353038 0.2073849 0.1612297 0.1117274 0.1628673 0.0371763 0.2134045 0.1506845 0.1393493 0.1090652 0.1180568 0.1363904 0.1621216 0.1331457 0.0958721 0.1720790 0.1719473 0.1481039 0.1804556 0.1263805 0.1589560 0.1406902 0.1502034 0.0519662 0.1461131 0.0260074 0.0153539 0.1167971 0.1781296 0.1112255 0.1486208 0.1852425 0.1482575 0.1336824 0.1575977 0.1227068 0.1584424 0.1180978 0.1577264 0.1236417 0.1277665 0.1350236 0.1109328 0.1330977 0.1424565 0.1322218 0.1336765 0.1339623 
S0293      0.0696773 0.1036236 0.0256555 0.1641134 0.1326850 0.1572161 0.0000000 0.0958298 0.1168523 0.1479034 0.1397919 0.1306245 0.0973686 0.1413649 0.0847240 0.0149086 0.0251479 0.0968245 0.1185688 0.0766586 0.0896535 0.1660389 0.1102480 0.1311231 0.1292915 0.1082755 0.0581046 0.0146818 0.1166892 0.1129097 0.0097146 0.0883161 0.1521792 0.1736241 0.0841456 0.1682897 0.0197240 0.1372142 0.0822419 0.0147122 0.0761765 0.0761765 0.1218312 0.0888000 0.1305130 0.1426533 0.0833124 0.1268915 0.1053431 0.1258637 0.1459535 0.1389452 0.1090897 0.1358308 0.2163962 0.1388317 0.1564601 0.1480057 0.1177187 0.1616801 0.0824072 0.1765913 0.1379409 0.1377808 0.0979653 0.1414079 0.1903568 0.0149086 0.0641841 0.1246407 0.0903705 0.0965076 0.1660389 0.1379449 0.1110903 0.1262631 0.1754256 0.0097146 0.1489278 0.1606666 0.0200820 0.0146818 0.0822590 0.1601647 0.0892520 0.1744269 0.1590030 0.1293304 0.0592992 0.1240485 0.1154162 0.1474678 0.0198650 0.1348025 0.0303324 0.1138625 0.0760713 0.1240131 0.0640393 0.1656061 0.1502510 0.1116353 0.1162252 0.0747993 0.0717993 0.1334451 0.0763740 0.0812329 
S0294      0.0896889 0.1266471 0.0978320 0.1606617 0.1456150 0.1824415 0.0958298 0.0000000 0.1338367 0.1597401 0.1656590 0.1395687 0.1126036 0.1369134 0.0987252 0.0834775 0.0772747 0.1404188 0.1272159 0.0909833 0.0917396 0.1783251 0.1051307 0.1487569 0.1373494 0.1238368 0.0649595 0.0766480 0.1190447 0.1124436 0.0826777 0.0967881 0.1639493 0.1719153 0.1075456 0.1726467 0.0827524 0.1478798 0.1032780 0.0890442 0.0967881 0.0967881 0.1458455 0.0899622 0.1474089 0.1601681 0.1113779 0.1440313 0.1423914 0.1283137 0.1731284 0.1571822 0.0656402 0.1040839 0.2142113 0.1644630 0.1521209 0.1509788 0.1199657 0.1600502 0.1034872 0.1748320 0.1486865 0.1398147 0.1120683 0.1797335 0.1884878 0.0834775 0.0964998 0.1334316 0.1124374 0.1258835 0.1783251 0.1407975 0.1200667 0.1210715 0.1882184 0.0826777 0.1589835 0.2138030 0.0899730 0.0766480 0.0696590 0.1635098 0.1049960 0.2115567 0.1948305 0.1381607 0.0920804 0.1366591 0.0974279 0.1060729 0.0959181 0.1606409 0.0962126 0.1373899 0.0761691 0.1424993 0.0715146 0.2006381 0.1900993 0.1354881 0.1463276 0.1076769 0.1056160 0.1590446 0.0769045 0.0893365 
S0299      0.1244799 0.1333592 0.1269536 0.1515437 0.0665300 0.1351651 0.1168523 0.1338367 0.0000000 0.1584216 0.1577136 0.0538461 0.0540974 0.1747993 0.1221258 0.1110476 0.1109152 0.1495487 0.0486913 0.0972199 0.1489548 0.1699835 0.0534005 0.1158309 0.1891233 0.0413572 0.1109951 0.0964640 0.0660671 0.1359429 0.1028203 0.1161565 0.1712693 0.1757342 0.1209863 0.1800638 0.0901872 0.1220290 0.1096118 0.1095786 0.1030526 0.1030526 0.1203263 0.1098367 0.0718069 0.1601184 0.0770795 0.0676053 0.1641014 0.1388923 0.1460677 0.1535978 0.1700317 0.1102389 0.2191437 0.1484080 0.1754940 0.1473101 0.1237979 0.1636792 0.0963251 0.1787675 0.1369284 0.0968401 0.1597907 0.1164801 0.1926844 0.1110476 0.1461747 0.0600889 0.0777850 0.0716508 0.1699835 0.0781391 0.0416183 0.1648336 0.1796346 0.1028203 0.1515481 0.1157568 0.1181041 0.0964640 0.1182659 0.1392956 0.1563066 0.1472368 0.1470683 0.0533389 0.1271203 0.0716370 0.1173685 0.1407124 0.1102048 0.0809039 0.1173122 0.0737047 0.1322879 0.0603311 0.1155096 0.1208477 0.1146028 0.1114745 0.1145346 0.1033084 0.1256923 0.0800155 0.1259295 0.0975401 
S0303      0.1040993 0.1199391 0.1436053 0.0264971 0.1355539 0.1916908 0.1479034 0.1597401 0.1584216 0.0000000 0.0952635 0.1491359 0.1347984 0.0263945 0.1375238 0.1332447 0.1413555 0.1777237 0.1435059 0.1102706 0.1278122 0.0210314 0.1124906 0.1275029 0.2156532 0.1321556 0.1116387 0.1246906 0.1428221 0.1536717 0.1318397 0.0958850 0.0211569 0.1759496 0.1527420 0.0212953 0.1176337 0.1267229 0.1165227 0.1395181 0.1095075 0.1095075 0.1338587 0.0964552 0.1498794 0.1047234 0.1187567 0.1288331 0.0884824 0.1166876 0.1366615 0.1358914 0.1929339 0.1179389 0.2213278 0.1484216 0.0900866 0.1244887 0.1162548 0.1719270 0.1023036 0.1791158 0.1383204 0.1503397 0.1470044 0.1925433 0.1936246 0.1414906 0.1490375 0.1476955 0.1121510 0.1270290 0.0210314 0.1562837 0.1363908 0.1046161 0.0267277 0.1318397 0.1283721 0.1906938 0.1495407 0.1246906 0.1200134 0.1585659 0.1368312 0.1932845 0.1865053 0.1475426 0.1447083 0.1344824 0.1403172 0.1709290 0.1480569 0.1197567 0.1485019 0.0996604 0.1196586 0.1249584 0.1026159 0.1957777 0.1882634 0.1525798 0.1359733 0.1245649 0.1177017 0.1112652 0.1268523 0.1042916 
S0308      0.1191654 0.1217218 0.1428263 0.0864781 0.1439113 0.1743013 0.1397919 0.1656590 0.1577136 0.0952635 0.0000000 0.1570594 0.1175779 0.1040651 0.1233636 0.1337405 0.1336090 0.1534301 0.1337196 0.1056459 0.1283961 0.0762501 0.1268194 0.1471948 0.1605929 0.1326075 0.1191338 0.1180291 0.1501009 0.1449591 0.1247559 0.1182747 0.0648434 0.2087053 0.1304458 0.0771982 0.1113848 0.1534496 0.1116187 0.1319594 0.1049455 0.1049455 0.1442865 0.1189699 0.1387420 0.0937431 0.1163156 0.1297553 0.0917006 0.1594707 0.1636343 0.1563047 0.1975449 0.1478095 0.2175960 0.1483266 0.0997486 0.1769650 0.1520319 0.1787533 0.1045650 0.1940553 0.1656435 0.1583119 0.1424166 0.1856940 0.2080763 0.1260186 0.1408107 0.1542720 0.1242334 0.1411370 0.0762501 0.1463757 0.1336222 0.0985134 0.0830258 0.1247559 0.1063768 0.2086150 0.1334009 0.1180291 0.1342573 0.1713797 0.1323494 0.2049231 0.1883185 0.1554445 0.1366217 0.1500181 0.1484533 0.1722032 0.1399293 0.1622545 0.1403355 0.1179083 0.1269320 0.1094137 0.1102848 0.2134165 0.1883191 0.1589517 0.1419328 0.0916822 0.1174698 0.1606361 0.1274740 0.1126231 
S0320      0.1165669 0.1328276 0.1412975 0.1423779 0.0362372 0.1020928 0.1306245 0.1395687 0.0538461 0.1491359 0.1570594 0.0000000 0.0422711 0.1654767 0.1357478 0.1079791 0.1245826 0.1491212 0.0252664 0.1033354 0.1239647 0.1606485 0.0417252 0.1203477 0.2062224 0.0470029 0.1033836 0.1095609 0.0477464 0.1507053 0.1160939 0.1085041 0.1618449 0.1627567 0.1131260 0.1784484 0.1031087 0.1277787 0.1091943 0.1230701 0.1026626 0.1026626 0.1117178 0.1023053 0.0478727 0.1587278 0.0703676 0.0433542 0.1634189 0.1341057 0.1519913 0.1483134 0.1661602 0.1157521 0.2037508 0.1559739 0.1815014 0.1422106 0.1195500 0.1509951 0.0959636 0.1654854 0.1300067 0.1040871 0.1584051 0.0916126 0.1789267 0.1247146 0.1291600 0.0251759 0.0770526 0.0650206 0.1606485 0.0537350 0.0420240 0.1558103 0.1700058 0.1160939 0.1357035 0.1143854 0.1320059 0.1095609 0.1111626 0.0991374 0.1325163 0.1126617 0.1125240 0.0096971 0.1414910 0.0463638 0.1229315 0.1323298 0.1237829 0.0934199 0.1311310 0.0657078 0.1241528 0.0284066 0.1079099 0.1194191 0.1058804 0.1019874 0.0975852 0.1029169 0.1251972 0.0924204 0.1323421 0.0902524 
S0327      0.0911404 0.0902795 0.1066779 0.1107516 0.0544012 0.1113550 0.0973686 0.1126036 0.0540974 0.1347984 0.1175779 0.0422711 0.0000000 0.1367965 0.1011425 0.0916990 0.0915709 0.1138051 0.0255835 0.0762453 0.1132564 0.1278186 0.0366558 0.1059339 0.1655600 0.0472167 0.0785970 0.0778972 0.0368517 0.1150891 0.0840151 0.0878332 0.1287192 0.1522766 0.0867045 0.1439212 0.0718561 0.1119282 0.0817963 0.0904770 0.0757682 0.0757682 0.0968159 0.0819438 0.0358584 0.1223379 0.0410812 0.0372042 0.1351008 0.0975894 0.1348318 0.1420409 0.1553570 0.1007872 0.1931406 0.1343159 0.1519516 0.1256916 0.1042069 0.1402592 0.0754840 0.1548767 0.1091672 0.0823922 0.1198526 0.0933550 0.1684993 0.0916990 0.1111708 0.0482516 0.0469748 0.0479944 0.1278186 0.0413916 0.0475977 0.1278319 0.1362056 0.0840151 0.1145861 0.1002246 0.0984352 0.0778972 0.0979601 0.0841215 0.1034946 0.1148582 0.1147171 0.0418776 0.1068092 0.0594872 0.1012396 0.1033687 0.0974592 0.0805217 0.0977612 0.0737860 0.0982067 0.0343428 0.0832718 0.1052837 0.1011092 0.0851328 0.0918110 0.0839383 0.0835858 0.0796403 0.1058167 0.0783092 
S0355      0.1063098 0.1147517 0.1371870 0.0264058 0.1521303 0.1697620 0.1413649 0.1369134 0.1747993 0.0263945 0.1040651 0.1654767 0.1367965 0.0000000 0.1164399 0.1274422 0.1203935 0.1693980 0.1525574 0.1122543 0.1077826 0.0308204 0.1214128 0.1346355 0.1938976 0.1484306 0.0931335 0.1193554 0.1436203 0.1311711 0.1261545 0.0983535 0.0310010 0.1684114 0.1617483 0.0311963 0.1126402 0.1338472 0.1182739 0.1334386 0.1115060 0.1115060 0.1550655 0.0989179 0.1653147 0.0800011 0.1212495 0.1293714 0.0717501 0.1187145 0.1582862 0.1574642 0.1838216 0.1266853 0.2111233 0.1637102 0.0725518 0.1334476 0.1253523 0.1644429 0.1185142 0.1713145 0.1468750 0.1499547 0.1411602 0.1822035 0.1851711 0.1352536 0.1424043 0.1542507 0.1148577 0.1363725 0.0308204 0.1736392 0.1448995 0.0731823 0.0365319 0.1261545 0.1009936 0.2001509 0.1428761 0.1193554 0.1216768 0.1447871 0.1380536 0.2016521 0.1764406 0.1637592 0.1381943 0.1583062 0.1334710 0.1700109 0.1415054 0.1631862 0.1419184 0.1163733 0.1144974 0.1416624 0.0983742 0.1874040 0.1976736 0.1615748 0.1444833 0.1260321 0.1113640 0.1537761 0.1070120 0.1064980 
S0376      0.0542639 0.0875353 0.0866374 0.1374757 0.1379613 0.1456092 0.0847240 0.0987252 0.1221258 0.1375238 0.1233636 0.1357478 0.1011425 0.1164399 0.0000000 0.0791336 0.0790119 0.1010057 0.1232463 0.0670005 0.0482937 0.1401522 0.1070685 0.0990457 0.1197702 0.1124273 0.0786130 0.0658329 0.1212332 0.0892626 0.0717988 0.0850831 0.1264749 0.1646464 0.0803804 0.1344921 0.0718638 0.1049841 0.0788726 0.0780724 0.0726754 0.0726754 0.1193375 0.0850831 0.1356265 0.1402685 0.1000226 0.1166703 0.1012684 0.1094527 0.1274508 0.1205700 0.1260603 0.0992658 0.1901884 0.1591489 0.1318485 0.1314608 0.1089016 0.1523236 0.0790363 0.1757394 0.1216678 0.1281061 0.0875742 0.1304236 0.1816459 0.0791336 0.0853203 0.1439270 0.0873050 0.1008113 0.1401522 0.1433856 0.1154447 0.1081173 0.1491056 0.0717988 0.1467044 0.1667257 0.0856684 0.0658329 0.0603462 0.1415948 0.1000663 0.1565588 0.1412495 0.1343586 0.0661627 0.1289112 0.0925996 0.1696483 0.0848022 0.1091683 0.0850718 0.1106813 0.0729932 0.1285546 0.0727086 0.1717734 0.1550772 0.1309087 0.1135808 0.0717339 0.0806581 0.1169278 0.0418790 0.0661759 
S0400      0.0582219 0.0979107 0.0205577 0.1489834 0.1096359 0.1394497 0.0149086 0.0834775 0.1110476 0.1332447 0.1337405 0.1079791 0.0916990 0.1274422 0.0791336 0.0000000 0.0201468 0.0911757 0.0964522 0.0712322 0.0774570 0.1513104 0.0973951 0.1165170 0.1231771 0.1026095 0.0469470 0.0098030 0.1036941 0.1070206 0.0048649 0.0763002 0.1377060 0.1550901 0.0785902 0.1533546 0.0148143 0.1236886 0.0768052 0.0098234 0.0707838 0.0707838 0.1088249 0.0767108 0.1246096 0.1285685 0.0712973 0.1208709 0.0990513 0.1032076 0.1320976 0.1156178 0.0963630 0.1224371 0.1952212 0.1469505 0.1421104 0.1238777 0.0957488 0.1433570 0.0769610 0.1576778 0.1243364 0.1318012 0.0853395 0.1251080 0.1710074 0.0099555 0.0588859 0.1022677 0.0780766 0.0840799 0.1513104 0.1319645 0.0963872 0.1127758 0.1603484 0.0148022 0.1347544 0.1616789 0.0150860 0.0098030 0.0703900 0.1433046 0.0771060 0.1563947 0.1416701 0.1069392 0.0539652 0.1017694 0.1025498 0.1334403 0.0149208 0.1287141 0.0253105 0.0987750 0.0643844 0.1175071 0.0526996 0.1666259 0.1439965 0.0968510 0.0945636 0.0695035 0.0785003 0.1274013 0.0646392 0.0695195 
S0405      0.0582144 0.0909376 0.0312077 0.1574281 0.1265520 0.1497403 0.0251479 0.0772747 0.1109152 0.1413555 0.1336090 0.1245826 0.0915709 0.1203935 0.0790119 0.0201468 0.0000000 0.0843441 0.1125550 0.0711185 0.0839774 0.1595418 0.1043573 0.1250530 0.1230400 0.1024800 0.0524821 0.0097797 0.1107611 0.0931091 0.0147683 0.0827186 0.1457347 0.1503346 0.0784696 0.1617107 0.0147804 0.1311320 0.0766880 0.0198801 0.0706710 0.0706710 0.1293555 0.0831704 0.1244776 0.1285885 0.0776928 0.1207353 0.1196137 0.1197721 0.1397598 0.1327974 0.1032520 0.1224526 0.1906077 0.1468251 0.1348289 0.1417287 0.1117375 0.1384308 0.0768435 0.1528762 0.1318260 0.1101300 0.0857957 0.1351492 0.1663515 0.0201468 0.0587839 0.1323379 0.0846520 0.0907535 0.1595418 0.1318337 0.1051548 0.1059654 0.1688154 0.0147683 0.1347783 0.1615578 0.0254416 0.0097797 0.0703846 0.1371170 0.0775156 0.1678442 0.1525263 0.1233461 0.0538673 0.1180437 0.1025552 0.1412029 0.0251688 0.1285801 0.0252556 0.1077993 0.0705742 0.1086211 0.0526911 0.1505726 0.1438662 0.1056720 0.1103157 0.0693936 0.0783798 0.1272678 0.0708556 0.0757464 
S0412sl    0.0717113 0.0730828 0.1060849 0.1954377 0.1335817 0.1620599 0.0968245 0.1404188 0.1495487 0.1777237 0.1534301 0.1491212 0.1138051 0.1693980 0.1010057 0.0911757 0.0843441 0.0000000 0.1364962 0.0920782 0.1060494 0.1965266 0.1274746 0.1360561 0.1030689 0.1251398 0.0886803 0.0774396 0.1342824 0.1242854 0.0835307 0.1044194 0.1817115 0.1877158 0.0481493 0.1992961 0.0836068 0.1423659 0.0979481 0.0899641 0.0914732 0.0914732 0.1255908 0.1050221 0.1267890 0.1614184 0.1269616 0.1277519 0.1523583 0.1281584 0.1675316 0.1600026 0.1401618 0.1408887 0.2149612 0.1570598 0.1781440 0.1610848 0.1444031 0.1754389 0.0981490 0.1824727 0.1578929 0.1421367 0.1207398 0.1541905 0.1883398 0.0911757 0.0954347 0.1575185 0.1353485 0.1422160 0.1965266 0.1495887 0.1355737 0.1761301 0.2069559 0.0835307 0.1679367 0.1540067 0.0978827 0.0774396 0.0847037 0.1571792 0.0924738 0.1634612 0.1305784 0.1475937 0.0846640 0.1279332 0.1335723 0.2013016 0.0969146 0.1549740 0.0972140 0.1472952 0.0831243 0.1357040 0.0719665 0.1706958 0.1725168 0.1602170 0.1205241 0.0769715 0.1001824 0.1358982 0.0986266 0.0883622 
S0417      0.1047389 0.1205752 0.1128049 0.1187451 0.0364116 0.1029228 0.1185688 0.1272159 0.0486913 0.1435059 0.1337196 0.0252664 0.0255835 0.1525574 0.1232463 0.0964522 0.1125550 0.1364962 0.0000000 0.0917067 0.1279372 0.1367030 0.0366681 0.1056307 0.1922696 0.0367018 0.0917458 0.0978817 0.0370773 0.1379913 0.1043273 0.0969082 0.1376869 0.1495655 0.1077576 0.1533462 0.0915164 0.1127407 0.0975414 0.1111836 0.0911083 0.0911083 0.0974921 0.0907693 0.0417947 0.1458158 0.0524052 0.0433929 0.1506483 0.1188907 0.1358555 0.1326002 0.1715665 0.1105245 0.1895676 0.1433262 0.1683258 0.1266232 0.1049481 0.1377153 0.0907692 0.1520822 0.1271028 0.0982685 0.1347722 0.0923182 0.1654880 0.1126895 0.1332586 0.0307704 0.0586031 0.0598827 0.1367030 0.0474936 0.0359086 0.1431290 0.1453940 0.1043273 0.1375014 0.1181417 0.1198497 0.0978817 0.1118732 0.1082669 0.1174977 0.1135686 0.1134298 0.0250400 0.1290224 0.0413867 0.1110254 0.1173434 0.1118269 0.0880577 0.1190395 0.0605274 0.1121448 0.0347319 0.0963809 0.1232930 0.1093017 0.0968059 0.0839927 0.0913465 0.1131030 0.0870967 0.1201337 0.0788395 
S0419      0.0587124 0.0416518 0.0849621 0.1251074 0.1049413 0.1360876 0.0766586 0.0909833 0.0972199 0.1102706 0.1056459 0.1033354 0.0762453 0.1122543 0.0670005 0.0712322 0.0711185 0.0920782 0.0917067 0.0000000 0.0660190 0.1287091 0.0889803 0.0858861 0.1245541 0.0826298 0.0707658 0.0585160 0.0902502 0.0990587 0.0642655 0.0097155 0.1155952 0.1485678 0.0793387 0.1217646 0.0528402 0.0917187 0.0048250 0.0702934 0.0000021 0.0000021 0.0904665 0.0097608 0.0904776 0.1277054 0.0833512 0.0992035 0.1026733 0.0848983 0.1133483 0.1066614 0.1042766 0.0412216 0.1718559 0.1168924 0.1127148 0.0860350 0.0602118 0.1367499 0.0048350 0.1510610 0.0837486 0.0704090 0.1063743 0.1294904 0.1644243 0.0712322 0.0771856 0.0975752 0.0770465 0.0965593 0.1287091 0.0971600 0.0847626 0.1046954 0.1371547 0.0642655 0.1267818 0.1064587 0.0775058 0.0585160 0.0774254 0.1285251 0.0912455 0.1460554 0.1312544 0.1023281 0.0726617 0.1100798 0.0357528 0.1333308 0.0767274 0.0863880 0.0769703 0.0868988 0.0773005 0.0942481 0.0523337 0.1114918 0.1209448 0.0985067 0.0787576 0.0527485 0.0359946 0.0854554 0.0655682 0.0588114 
S0427      0.0477706 0.0925973 0.0916521 0.1277756 0.1362057 0.1263807 0.0896535 0.0917396 0.1489548 0.1278122 0.1283961 0.1239647 0.1132564 0.1077826 0.0482937 0.0774570 0.0839774 0.1060494 0.1279372 0.0660190 0.0000000 0.1306614 0.1131150 0.1105346 0.1176881 0.1245289 0.0713883 0.0707635 0.1197242 0.1159057 0.0767172 0.0656006 0.1173383 0.1866019 0.0928293 0.1324307 0.0767861 0.1099109 0.0716147 0.0829891 0.0656006 0.0656006 0.1242604 0.0659531 0.1482107 0.1384561 0.0987973 0.1292340 0.1003024 0.1207153 0.1323779 0.1316786 0.1098722 0.0980567 0.2135874 0.1721317 0.1368961 0.1429021 0.1201025 0.1743975 0.0717627 0.1898777 0.1204695 0.1203220 0.0940209 0.1203768 0.2040891 0.0841004 0.0765079 0.1341760 0.0926973 0.1128969 0.1306614 0.1415749 0.1145810 0.1142242 0.1392669 0.0767172 0.1374329 0.1531483 0.0906339 0.0707635 0.0664439 0.1215145 0.0920554 0.1363032 0.1219869 0.1389157 0.0858145 0.1335385 0.0914758 0.1523209 0.0897357 0.1376033 0.0824051 0.1238170 0.0658855 0.1339826 0.0656353 0.1581189 0.1513501 0.1220782 0.1111490 0.0766485 0.0732108 0.1362009 0.0308355 0.0711299 
S0430      0.1288151 0.1380713 0.1620058 0.0050241 0.1472002 0.1621216 0.1660389 0.1783251 0.1699835 0.0210314 0.0762501 0.1606485 0.1278186 0.0308204 0.1401522 0.1513104 0.1595418 0.1965266 0.1367030 0.1287091 0.1306614 0.0000000 0.1376268 0.1351236 0.2159763 0.1435806 0.1295437 0.1425541 0.1469308 0.1723850 0.1497449 0.1140152 0.0097430 0.2148740 0.1792932 0.0098031 0.1354512 0.1343310 0.1349414 0.1575058 0.1278289 0.1278289 0.1262889 0.1146936 0.1499041 0.1081068 0.1264197 0.1239085 0.0921045 0.1320030 0.1440478 0.1580027 0.2116630 0.1437787 0.2635993 0.1828952 0.0937291 0.1404705 0.1322472 0.2114954 0.1273807 0.2187333 0.1539853 0.1543235 0.1540189 0.1737244 0.2334094 0.1596627 0.1672823 0.1577405 0.1200405 0.1378462 0.0000010 0.1579120 0.1519127 0.1079482 0.0048510 0.1497449 0.1170039 0.2050026 0.1678016 0.1425541 0.1454121 0.1430305 0.1589703 0.1927546 0.1679762 0.1589636 0.1632322 0.1534374 0.1592491 0.1850957 0.1662090 0.1582331 0.1666808 0.1254373 0.1377434 0.1358675 0.1201620 0.2099110 0.2024171 0.1790838 0.1368705 0.1431692 0.1269527 0.1488126 0.1297096 0.1227605 
S0478      0.0910144 0.1120857 0.1200824 0.1203075 0.0478596 0.1206466 0.1102480 0.1051307 0.0534005 0.1124906 0.1268194 0.0417252 0.0366558 0.1214128 0.1070685 0.0973951 0.1043573 0.1274746 0.0366681 0.0889803 0.1131150 0.1376268 0.0000000 0.1137380 0.1812996 0.0525035 0.0784812 0.0901692 0.0479711 0.1288777 0.0964450 0.0961121 0.1241913 0.1433986 0.0930736 0.1289078 0.0839723 0.1130791 0.1025463 0.1031034 0.0961121 0.0961121 0.0982653 0.0900239 0.0534724 0.1226311 0.0475593 0.0490383 0.0973520 0.1152915 0.1363143 0.1355809 0.1470776 0.0961161 0.1830745 0.1484653 0.1218524 0.1374546 0.1147070 0.1314687 0.0895271 0.1458241 0.1212727 0.1164356 0.1297888 0.1157136 0.1592573 0.1044890 0.1244979 0.0417611 0.0472502 0.0536658 0.1376268 0.0594245 0.0426315 0.1068146 0.1463908 0.0964450 0.1288239 0.1377661 0.1114378 0.0901692 0.0908495 0.1237483 0.1057928 0.1388970 0.1387347 0.0413412 0.1202369 0.0587294 0.1029370 0.0925829 0.1036888 0.0926853 0.1106854 0.0611004 0.0980752 0.0346092 0.0831538 0.1427863 0.1284255 0.0849852 0.1132141 0.0963559 0.0982226 0.0916977 0.1056798 0.0781939 
S0552sl    0.1037580 0.1214701 0.1340924 0.1251216 0.1222821 0.1177955 0.1311231 0.1487569 0.1158309 0.1275029 0.1471948 0.1203477 0.1059339 0.1346355 0.0990457 0.1165170 0.1250530 0.1360561 0.1056307 0.0858861 0.1105346 0.1351236 0.1137380 0.0000000 0.1905305 0.1063258 0.1043229 0.1099528 0.1055692 0.1780620 0.1165170 0.0981154 0.1360854 0.1914326 0.1286605 0.1440409 0.1034702 0.0000021 0.0982078 0.1235283 0.0917187 0.0917187 0.0468864 0.0986773 0.1052444 0.1692913 0.1113484 0.1022410 0.1434035 0.0664754 0.0149508 0.0197798 0.1641731 0.1131449 0.2364720 0.1668961 0.1395557 0.0730515 0.0673760 0.1793835 0.0918575 0.1863046 0.0666060 0.1289691 0.1317526 0.1082262 0.1920588 0.1251855 0.1461673 0.1108651 0.0985562 0.1149004 0.1351236 0.1259622 0.1059339 0.1524696 0.1436972 0.1165170 0.1682999 0.1439575 0.1325149 0.1099528 0.1187388 0.1336923 0.1252568 0.1238086 0.1236583 0.1191338 0.1420571 0.1137371 0.1130896 0.1664358 0.1312499 0.0908484 0.1316334 0.1245122 0.1252904 0.1053975 0.1247712 0.1491313 0.1422219 0.1416837 0.0365593 0.1032769 0.1045546 0.0898351 0.1097654 0.0910687 
S0558      0.1156003 0.1193239 0.1321552 0.2154682 0.2012866 0.2091214 0.1292915 0.1373494 0.1891233 0.2156532 0.1605929 0.2062224 0.1655600 0.1938976 0.1197702 0.1231771 0.1230400 0.1030689 0.1922696 0.1245541 0.1176881 0.2159763 0.1812996 0.1905305 0.0000000 0.1612703 0.1219601 0.1075454 0.1798902 0.1450096 0.1142912 0.1380748 0.2002463 0.2081584 0.0961745 0.2191605 0.1144028 0.1974358 0.1229992 0.1214932 0.1236854 0.1236854 0.1875547 0.1389381 0.1894581 0.1924128 0.1550669 0.1860883 0.1662691 0.1765362 0.2195186 0.2110056 0.1291328 0.1791839 0.2375651 0.1534756 0.1960824 0.2028137 0.1754813 0.1956756 0.1311721 0.2119343 0.1986112 0.2079527 0.1491449 0.2123662 0.2267287 0.1154696 0.1225745 0.2161044 0.1644810 0.1685268 0.2159763 0.1973455 0.1737145 0.1925750 0.2273179 0.1142912 0.1993351 0.2261125 0.1228450 0.1075454 0.1309329 0.1953840 0.1330010 0.2090505 0.1920216 0.2039610 0.1109905 0.1983352 0.1709995 0.2019500 0.1294204 0.2134597 0.1219971 0.1876293 0.1088785 0.1960465 0.1015412 0.2411737 0.2333132 0.1921782 0.1722403 0.1141954 0.1260920 0.2113500 0.1168253 0.1144671 
S0624      0.1020047 0.1100533 0.1118624 0.1402772 0.0476978 0.1118759 0.1082755 0.1238368 0.0413572 0.1321556 0.1326075 0.0470029 0.0472167 0.1484306 0.1124273 0.1026095 0.1024800 0.1251398 0.0367018 0.0826298 0.1245289 0.1435806 0.0525035 0.1063258 0.1612703 0.0000000 0.0770683 0.0885620 0.0587344 0.1265039 0.0947284 0.0944046 0.1446191 0.1482817 0.1048928 0.1604781 0.0824734 0.1123462 0.0882544 0.1012666 0.0821085 0.0821085 0.1108051 0.0884191 0.0642886 0.1418480 0.0579176 0.0600564 0.1466112 0.1284375 0.1353697 0.1283525 0.1373779 0.0887387 0.1879410 0.1309728 0.1637501 0.1364927 0.1139528 0.1364960 0.0758476 0.1507626 0.1266534 0.0888985 0.1415681 0.1075512 0.1640844 0.1026095 0.1222610 0.0529816 0.0642323 0.0527069 0.1435806 0.0703678 0.0416151 0.1392919 0.1524212 0.0947284 0.1337806 0.1002167 0.1094304 0.0885620 0.1089382 0.1152750 0.1314262 0.1152990 0.1151571 0.0465718 0.1180413 0.0526974 0.0953569 0.1037409 0.1018326 0.0728142 0.1087001 0.0541908 0.1091988 0.0524800 0.0939033 0.1052838 0.1058188 0.0897348 0.0921353 0.0823252 0.1029553 0.0720176 0.1037607 0.0767904 
S0641      0.0525360 0.0780344 0.0655459 0.1266528 0.0962378 0.1193555 0.0581046 0.0649595 0.1109951 0.1116387 0.1191338 0.1033836 0.0785970 0.0931335 0.0786130 0.0469470 0.0524821 0.0886803 0.0917458 0.0707658 0.0713883 0.1295437 0.0784812 0.1043229 0.1219601 0.0770683 0.0000000 0.0520735 0.0845565 0.0858103 0.0465161 0.0703222 0.1163442 0.1192589 0.0777810 0.1312831 0.0465557 0.1037351 0.0763104 0.0521791 0.0703222 0.0703222 0.0896633 0.0706974 0.1104790 0.1073959 0.0656963 0.0975936 0.0857294 0.0985200 0.1258907 0.1116701 0.1027407 0.0833475 0.1558591 0.1245593 0.1066479 0.1192924 0.0980519 0.1075476 0.0764645 0.1212301 0.1042682 0.1035472 0.0923317 0.1280440 0.1341796 0.0528722 0.0686772 0.0976187 0.0723728 0.0783376 0.1295437 0.1103630 0.0852494 0.0988075 0.1380554 0.0576624 0.1134232 0.1280990 0.0587539 0.0520735 0.0644895 0.1142473 0.0775690 0.1443763 0.1297697 0.1023751 0.0642378 0.1101338 0.0771089 0.1133952 0.0581551 0.1140896 0.0699361 0.0874055 0.0462801 0.1020805 0.0524319 0.1353237 0.1360591 0.0990650 0.0899180 0.0576128 0.0779868 0.1129037 0.0591433 0.0404372 
S0643      0.0520928 0.0838592 0.0202383 0.1400168 0.1112620 0.1406902 0.0146818 0.0766480 0.0964640 0.1246906 0.1180291 0.1095609 0.0778972 0.1193554 0.0658329 0.0098030 0.0097797 0.0774396 0.0978817 0.0585160 0.0707635 0.1425541 0.0901692 0.1099528 0.1075454 0.0885620 0.0520735 0.0000000 0.0963345 0.0923217 0.0047914 0.0697149 0.1292159 0.1489523 0.0653856 0.1444599 0.0047952 0.1158607 0.0639234 0.0096745 0.0581551 0.0581551 0.1143075 0.0700839 0.1094739 0.1203812 0.0647547 0.1055319 0.1046271 0.1047419 0.1240090 0.1173234 0.0892166 0.1146954 0.1887595 0.1308038 0.1336528 0.1257233 0.0971616 0.1371413 0.0640528 0.1514500 0.1164586 0.1163189 0.0783439 0.1193484 0.1648059 0.0098030 0.0467799 0.1169390 0.0713242 0.0772031 0.1425541 0.1164750 0.0908419 0.1050630 0.1513104 0.0047914 0.1264631 0.1442611 0.0148543 0.0000010 0.0639357 0.1358484 0.0704433 0.1504360 0.1357637 0.1084933 0.0419101 0.1032640 0.0952731 0.1252436 0.0146937 0.1130222 0.0147456 0.0931163 0.0580789 0.1010559 0.0466807 0.1492354 0.1275463 0.0912816 0.0959447 0.0571288 0.0653093 0.1118546 0.0583061 0.0631551 
S0645sl    0.0972388 0.1186379 0.1267697 0.1286532 0.0600864 0.1136860 0.1166892 0.1190447 0.0660671 0.1428221 0.1501009 0.0477464 0.0368517 0.1436203 0.1212332 0.1036941 0.1107611 0.1342824 0.0370773 0.0902502 0.1197242 0.1469308 0.0479711 0.1055692 0.1798902 0.0587344 0.0845565 0.0963345 0.0000000 0.1357406 0.1026810 0.0896693 0.1480139 0.1469049 0.1134110 0.1642301 0.0900672 0.1049682 0.0835034 0.1094283 0.0896693 0.0896693 0.0901994 0.0836582 0.0537443 0.1266172 0.0478044 0.0490897 0.1418411 0.1268099 0.1274149 0.1408186 0.1476498 0.1100865 0.1861273 0.1410146 0.1589651 0.1347587 0.1222853 0.1352061 0.0961958 0.1493438 0.1189455 0.0967095 0.1341570 0.1020023 0.1625544 0.1108934 0.1311384 0.0538257 0.0539996 0.0597005 0.1469308 0.0597224 0.0543303 0.1344979 0.1559905 0.1026810 0.1189113 0.1161834 0.1179377 0.0963345 0.1041647 0.1097897 0.1191830 0.1171985 0.1170532 0.0473013 0.1269358 0.0651628 0.1033840 0.1055953 0.1167999 0.0936530 0.1039425 0.0802247 0.1044208 0.0470988 0.0891906 0.1212788 0.1075110 0.0833142 0.0909755 0.0899021 0.1112911 0.0926497 0.1121614 0.0719790 
S0689      0.0932051 0.0875437 0.1230481 0.1705831 0.1457586 0.1988859 0.1129097 0.1124436 0.1359429 0.1536717 0.1449591 0.1507053 0.1150891 0.1311711 0.0892626 0.1070206 0.0931091 0.1242854 0.1379913 0.0990587 0.1159057 0.1723850 0.1288777 0.1780620 0.1450096 0.1265039 0.0858103 0.0923217 0.1357406 0.0000000 0.0987496 0.1115788 0.1579996 0.1473242 0.0870939 0.1747971 0.0988430 0.1847578 0.1049965 0.1055754 0.0984041 0.0984041 0.1821431 0.1043490 0.1505645 0.1550614 0.1138187 0.1397834 0.1295285 0.1569558 0.2129515 0.2047139 0.1560486 0.1338160 0.1712406 0.1662108 0.1508665 0.1658859 0.1560675 0.1351456 0.1052115 0.1577557 0.1858252 0.1277846 0.1095233 0.1788633 0.1636204 0.1070206 0.0932695 0.1591753 0.1218957 0.1147208 0.1723850 0.1429942 0.1299073 0.1455140 0.1822137 0.0987496 0.1615863 0.1737742 0.1141482 0.0923217 0.0983835 0.1573445 0.1091916 0.2295282 0.2118200 0.1491524 0.0887038 0.1356736 0.1266185 0.1517916 0.1062503 0.1633714 0.0999878 0.1085895 0.0747470 0.1459167 0.0603103 0.1552232 0.1521769 0.1313496 0.1606024 0.0986564 0.1074038 0.1617352 0.0990552 0.0734549 
S0690      0.0576832 0.0900525 0.0150651 0.1473962 0.1179005 0.1406902 0.0097146 0.0826777 0.1028203 0.1318397 0.1247559 0.1160939 0.0840151 0.1261545 0.0717988 0.0048649 0.0147683 0.0835307 0.1043273 0.0642655 0.0767172 0.1497449 0.0964450 0.1165170 0.1142912 0.0947284 0.0465161 0.0047914 0.1026810 0.0987496 0.0000000 0.0755809 0.1362803 0.1564838 0.0713115 0.1517502 0.0096546 0.1224673 0.0697149 0.0048013 0.0638675 0.0638675 0.1077689 0.0759842 0.1159998 0.1272564 0.0706199 0.1121629 0.0980721 0.1113037 0.1307774 0.1240090 0.0954307 0.1212378 0.1970748 0.1376513 0.1406599 0.1325900 0.1035681 0.1446612 0.0698554 0.1591159 0.1231029 0.1229569 0.0845064 0.1261619 0.1725614 0.0048649 0.0523265 0.1102607 0.0773258 0.0832703 0.1497449 0.1231156 0.0971683 0.1116472 0.1586700 0.0096469 0.1333824 0.1515701 0.0098294 0.0047914 0.0697280 0.1433046 0.0763722 0.1577597 0.1428953 0.1149596 0.0474633 0.1097262 0.1015561 0.1320930 0.0097224 0.1197661 0.0197926 0.0995918 0.0637826 0.1081813 0.0522130 0.1565095 0.1345351 0.0976393 0.1022690 0.0627344 0.0712288 0.1185421 0.0640328 0.0688735 
S0720      0.0583490 0.0524946 0.0970441 0.1101462 0.1101784 0.1424565 0.0883161 0.0967881 0.1161565 0.0958850 0.1182747 0.1085041 0.0878332 0.0983535 0.0850831 0.0763002 0.0827186 0.1044194 0.0969082 0.0097155 0.0656006 0.1140152 0.0961121 0.0981154 0.1380748 0.0944046 0.0703222 0.0697149 0.0896693 0.1115788 0.0755809 0.0000000 0.1148058 0.1399082 0.0914038 0.1155238 0.0639234 0.0975629 0.0145987 0.0817575 0.0096594 0.0096594 0.0962386 0.0000021 0.1025830 0.1130945 0.0828207 0.1117814 0.1101665 0.0838681 0.1194256 0.1187771 0.1101944 0.0356116 0.1623613 0.1161221 0.1053556 0.0849818 0.0594740 0.1356886 0.0146279 0.1422299 0.0771379 0.0818985 0.1056628 0.1355726 0.1553862 0.0828394 0.0889236 0.1027581 0.0770455 0.0959350 0.1140152 0.1094452 0.0903999 0.0911184 0.1220605 0.0755809 0.1122819 0.1192351 0.0892718 0.0697149 0.0709555 0.1349158 0.0906514 0.1522846 0.1374111 0.1074533 0.0845054 0.1152677 0.0409242 0.1324268 0.0883960 0.1052826 0.0886681 0.0926560 0.0768100 0.1077788 0.0520159 0.1241982 0.1340955 0.1042698 0.0839283 0.0638118 0.0466640 0.1041883 0.0651549 0.0584469 
S0724sl    0.1156886 0.1245954 0.1480045 0.0153843 0.1482912 0.1633855 0.1521792 0.1639493 0.1712693 0.0211569 0.0648434 0.1618449 0.1287192 0.0310010 0.1264749 0.1377060 0.1457347 0.1817115 0.1376869 0.1155952 0.1173383 0.0097430 0.1241913 0.1360854 0.2002463 0.1446191 0.1163442 0.1292159 0.1480139 0.1579996 0.1362803 0.1148058 0.0000000 0.2166483 0.1648271 0.0098573 0.1222394 0.1352820 0.1217804 0.1438749 0.1148058 0.1148058 0.1271685 0.1154938 0.1509884 0.1088565 0.1135133 0.1247974 0.0799889 0.1329631 0.1450914 0.1443163 0.1966722 0.1448202 0.2659408 0.1842754 0.0943614 0.1415065 0.1332085 0.2042426 0.1143895 0.2205712 0.1551279 0.1554703 0.1401356 0.1750647 0.2353720 0.1458650 0.1533233 0.1588935 0.1072084 0.1388462 0.0097430 0.1590684 0.1382625 0.1086958 0.0148433 0.1362803 0.1321652 0.2066756 0.1538233 0.1292159 0.1464766 0.1441511 0.1451958 0.1942849 0.1692777 0.1601355 0.1491214 0.1545734 0.1454687 0.1706702 0.1523336 0.1594364 0.1527796 0.1120994 0.1243066 0.1289700 0.1073396 0.2116076 0.2040501 0.1646446 0.1378565 0.1297938 0.1140028 0.1499260 0.1164805 0.1096831 
S0735      0.1427465 0.1511326 0.1869486 0.1940954 0.1392016 0.2126653 0.1736241 0.1719153 0.1757342 0.1759496 0.2087053 0.1627567 0.1522766 0.1684114 0.1646464 0.1550901 0.1503346 0.1877158 0.1495655 0.1485678 0.1866019 0.2148740 0.1433986 0.1914326 0.2081584 0.1482817 0.1192589 0.1489523 0.1469049 0.1473242 0.1564838 0.1399082 0.2166483 0.0000000 0.1430064 0.2180316 0.1415148 0.2008386 0.1467095 0.1646324 0.1475058 0.1475058 0.1979036 0.1329435 0.1703501 0.1505545 0.1344784 0.1811191 0.1821499 0.1673625 0.2309518 0.2166737 0.2179616 0.1561532 0.0260536 0.1592816 0.1761297 0.1845832 0.1777292 0.0100149 0.1554706 0.0049457 0.1853470 0.1834655 0.1885108 0.2360084 0.0098587 0.1669638 0.1662006 0.1716720 0.1434484 0.1439816 0.2148740 0.1636295 0.1336878 0.1581952 0.2261545 0.1564838 0.1571502 0.2266846 0.1755229 0.1489523 0.1270424 0.2065309 0.1857549 0.2104372 0.2333150 0.1460107 0.1781165 0.1372211 0.1636114 0.1999931 0.1656855 0.1955633 0.1654151 0.1289057 0.1398307 0.1555336 0.1317705 0.2222717 0.2048444 0.1399039 0.1709230 0.1336674 0.1589379 0.1936072 0.1769634 0.1340418 
S0742      0.0720715 0.0668787 0.0928774 0.1776960 0.0926721 0.1522438 0.0841456 0.1075456 0.1209863 0.1527420 0.1304458 0.1131260 0.0867045 0.1617483 0.0803804 0.0785902 0.0784696 0.0481493 0.1077576 0.0793387 0.0928293 0.1792932 0.0930736 0.1286605 0.0961745 0.1048928 0.0777810 0.0653856 0.1134110 0.0870939 0.0713115 0.0914038 0.1648271 0.1430064 0.0000000 0.1817988 0.0713757 0.1349065 0.0851095 0.0775419 0.0788232 0.0788232 0.1185088 0.0845860 0.1062766 0.1388591 0.0991767 0.1094481 0.1295511 0.1232532 0.1595641 0.1521548 0.1306814 0.1056362 0.1660944 0.1495444 0.1623871 0.1459126 0.1226145 0.1310864 0.0724279 0.1454231 0.1356396 0.1501600 0.0846593 0.1284621 0.1588437 0.0785902 0.0844168 0.1207734 0.1068371 0.1066460 0.1792932 0.1127546 0.1150454 0.1529941 0.1892630 0.0713115 0.1452164 0.1736404 0.0850790 0.0653856 0.0703558 0.1570157 0.0733801 0.1719067 0.1561876 0.1119922 0.0735759 0.0913872 0.1127921 0.1574705 0.0842228 0.1390227 0.0844893 0.1104455 0.0589485 0.1125625 0.0658584 0.1875250 0.1520407 0.1227365 0.1134454 0.0773526 0.0870405 0.1375963 0.0715230 0.0774973 
S0748      0.1305376 0.1399464 0.1642334 0.0154837 0.1645910 0.1808121 0.1682897 0.1726467 0.1800638 0.0212953 0.0771982 0.1784484 0.1439212 0.0311963 0.1344921 0.1533546 0.1617107 0.1992961 0.1533462 0.1217646 0.1324307 0.0098031 0.1289078 0.1440409 0.2191605 0.1604781 0.1312831 0.1444599 0.1642301 0.1747971 0.1517502 0.1155238 0.0098573 0.2180316 0.1817988 0.0000000 0.1372597 0.1431844 0.1367378 0.1596238 0.1295262 0.1295262 0.1348700 0.1162197 0.1669467 0.1095459 0.1280866 0.1402029 0.0847735 0.1263754 0.1532739 0.1524633 0.2059764 0.1382324 0.2676783 0.1853956 0.0883126 0.1348073 0.1266237 0.2146652 0.1290693 0.2219969 0.1483569 0.1719542 0.1561370 0.1924992 0.2368698 0.1618312 0.1695637 0.1751573 0.1132684 0.1546557 0.0098031 0.1753599 0.1539707 0.1093829 0.0149355 0.1517502 0.1330001 0.2256882 0.1700917 0.1444599 0.1398154 0.1613481 0.1611281 0.2125556 0.1866915 0.1765430 0.1654920 0.1709680 0.1536797 0.1876614 0.1684641 0.1681666 0.1689449 0.1271482 0.1396090 0.1458641 0.1217475 0.2305019 0.2227876 0.1815822 0.1535357 0.1450874 0.1286298 0.1584250 0.1314551 0.1244072 
