72
S0055       0.0000000 0.0437680 0.0854593 0.0546492 0.0564159 0.0840632 0.0870294 0.1136682 0.0874209 0.1141850 0.0548401 0.0268116 0.1414235 0.0613275 0.0865409 0.0590117 0.0000025 0.1200331 0.0268114 0.0590901 0.0882868 0.0854593 0.1016214 0.0281291 0.0590117 0.1292642 0.0840632 0.0564159 0.0268114 0.0268114 0.1201544 0.0649485 0.0928874 0.0736371 0.0551821 0.1011374 0.0560817 0.1460062 0.0854593 0.1376846 0.0919495 0.0590901 0.0663153 0.1201544 0.0846174 0.0587533 0.0564162 0.0000026 0.0546492 0.0585535 0.1162047 0.0854593 0.0854593 0.0961134 0.0551821 0.0590901 0.0582242 0.0874209 0.0300638 0.1309417 0.0874209 0.1297421 0.0585535 0.0274171 0.0548401 0.1224248 0.0928874 0.2471170 0.0268116 0.0558843 0.0577083 0.0928874 
S0196sl     0.0437680 0.0000000 0.0000010 0.0000010 0.0917215 0.0872609 0.0000010 0.0864960 0.0433914 0.0872609 0.0421494 0.0000010 0.0495666 0.0917215 0.1425733 0.0000010 0.0437680 0.1473669 0.0000010 0.0995086 0.0917215 0.0000010 0.0995086 0.0456337 0.0000010 0.1665771 0.0872609 0.0917215 0.0000010 0.0000010 0.0872609 0.1172646 0.1620978 0.1425733 0.0425722 0.1665771 0.0907253 0.1193403 0.0000010 0.1665771 0.1026720 0.0995086 0.1172646 0.0872609 0.0881722 0.0456337 0.0917215 0.0437680 0.0419058 0.0477900 0.0419058 0.0419058 0.0000010 0.1106267 0.0425722 0.0995086 0.0425722 0.0433914 0.0000025 0.1696222 0.0433914 0.0991849 0.0477900 0.0437680 0.0421494 0.0449360 0.1620978 0.1767424 0.0000010 0.0903224 0.0995086 0.1620978 
S0278       0.0854593 0.0000010 0.0000000 0.0809900 0.0796287 0.1058932 0.0251358 0.0756613 0.0514165 0.1347675 0.0797923 0.0530055 0.2019537 0.1145853 0.1083974 0.0841351 0.0796287 0.1406521 0.0838440 0.0833075 0.1415068 0.0247420 0.1260720 0.0529610 0.0841351 0.1513511 0.1058932 0.0796287 0.0507971 0.0507971 0.1415657 0.1278441 0.1160314 0.1134141 0.0782402 0.2032821 0.0791452 0.1323964 0.0503655 0.2416962 0.0849158 0.0833075 0.0927715 0.1415657 0.1066000 0.0865716 0.0831938 0.0895627 0.0775979 0.0543694 0.0769248 0.0789214 0.0503655 0.0884325 0.0782402 0.0855986 0.0893279 0.0514165 0.0276414 0.1523993 0.0806025 0.1189449 0.0543694 0.0516776 0.0778169 0.0803794 0.1160314 0.2815992 0.0530055 0.0824237 0.0880574 0.1160314 
S0281       0.0546492 0.0000010 0.0809900 0.0000000 0.1140854 0.0797426 0.0823992 0.1077476 0.0827582 0.0509034 0.0533689 0.0254803 0.1325812 0.1236883 0.1455672 0.0558106 0.0532825 0.1815704 0.0254803 0.1200755 0.1485122 0.0809900 0.1715349 0.0854593 0.0558106 0.1952559 0.0797426 0.1140854 0.0254803 0.0254803 0.1135578 0.1319454 0.1570457 0.1554126 0.0523770 0.1698796 0.1132625 0.1805536 0.0809900 0.1292068 0.1220526 0.1200755 0.1347829 0.1135578 0.0802343 0.1188426 0.1140850 0.0572068 0.0518906 0.0877892 0.0516272 0.0809900 0.0809900 0.1274798 0.0523770 0.1237419 0.0551108 0.0827582 0.0596603 0.1974040 0.0827582 0.1610857 0.0877892 0.0831938 0.0520658 0.1155680 0.1570457 0.3365492 0.0254803 0.1130064 0.1208664 0.1570457 
S0282       0.0564159 0.0917215 0.0796287 0.1140854 0.0000000 0.1394981 0.0809900 0.1700803 0.0813391 0.1704419 0.1123785 0.0839783 0.2491239 0.0263043 0.0251721 0.1510053 0.0525945 0.0521320 0.1182404 0.0276829 0.0526220 0.1110199 0.0627217 0.0262254 0.1510053 0.1922048 0.1394981 0.0000010 0.0803487 0.0803487 0.1798243 0.0635104 0.0576227 0.0348621 0.1099406 0.2054407 0.0523084 0.1334600 0.0796287 0.2441972 0.0852196 0.0276829 0.0308298 0.1798243 0.1405631 0.0277886 0.0000025 0.0591411 0.1091429 0.0544365 0.1081511 0.1110199 0.0796287 0.0887855 0.1099406 0.0284072 0.1607221 0.0813391 0.0279000 0.0565175 0.1134335 0.1196935 0.0544365 0.0256062 0.1093914 0.1134720 0.0576227 0.1940325 0.0839783 0.0544561 0.0937689 0.0576227 
S0288       0.0840632 0.0872609 0.1058932 0.0797426 0.1394981 0.0000000 0.1077003 0.1320885 0.0836088 0.0241528 0.0249500 0.0522417 0.1491854 0.1507854 0.1706215 0.1123278 0.0784255 0.2065921 0.0825042 0.1469141 0.2072824 0.1382224 0.2003870 0.1115818 0.1123278 0.1723886 0.0000010 0.1394981 0.0500977 0.0500977 0.0251050 0.2032072 0.1840235 0.1126419 0.0770825 0.1832654 0.0794168 0.1571326 0.1058932 0.2179650 0.1488272 0.1469141 0.1642988 0.0251050 0.0500678 0.1519583 0.1457999 0.0880241 0.0764565 0.1144402 0.1347675 0.1382224 0.1058932 0.1216849 0.0770825 0.1513753 0.1191571 0.0836088 0.0875408 0.1741871 0.1411171 0.1195141 0.1144402 0.1086438 0.0243891 0.1415657 0.1840235 0.3901191 0.0522417 0.1444173 0.1552415 0.1589581 
S0289       0.0870294 0.0000010 0.0251358 0.0823992 0.0809900 0.1077003 0.0000000 0.1072104 0.0522661 0.1371177 0.0811613 0.0539088 0.2062953 0.1167281 0.1102911 0.1142709 0.0809900 0.0805753 0.0853528 0.0848089 0.1440817 0.0525357 0.1286574 0.0538635 0.1142709 0.1941689 0.1077003 0.0809900 0.0516272 0.0516272 0.1441831 0.1305053 0.1182240 0.1134141 0.0795516 0.2416962 0.0804876 0.1352402 0.0000025 0.2816800 0.0864613 0.0848089 0.0946361 0.1441831 0.1084353 0.0881806 0.0846782 0.0912852 0.0788916 0.0553191 0.0781968 0.0802583 0.0000025 0.0901099 0.0795516 0.0871871 0.1213588 0.0522661 0.0281325 0.1553878 0.0819957 0.1212419 0.0553191 0.0525357 0.0791159 0.0254832 0.1182240 0.2894475 0.0539088 0.0838810 0.1262478 0.1182240 
S0292       0.1136682 0.0864960 0.0756613 0.1077476 0.1700803 0.1320885 0.1072104 0.0000000 0.1370763 0.1615043 0.1062032 0.0792905 0.2348301 0.1840154 0.2024478 0.1118201 0.1059318 0.2405107 0.1114833 0.1797656 0.2409945 0.1054115 0.2392214 0.1416340 0.1118201 0.1130653 0.1320885 0.1700803 0.0760299 0.0760299 0.1699181 0.2424878 0.2192421 0.1998673 0.1040360 0.1578701 0.1687009 0.2511634 0.1343057 0.1932545 0.1814910 0.1797656 0.2014934 0.1699181 0.1330336 0.1854362 0.1777806 0.1190353 0.1032926 0.1451830 0.1027956 0.1054115 0.1343057 0.1894563 0.1040360 0.1855114 0.1186248 0.1370763 0.1183891 0.2608677 0.1719869 0.2245695 0.1451830 0.1377580 0.1035287 0.1731215 0.2192421 0.4502688 0.0792905 0.1760911 0.1174608 0.2192421 
S0299       0.0874209 0.0433914 0.0514165 0.0827582 0.0813391 0.0836088 0.0522661 0.1370763 0.0000000 0.1136011 0.0815121 0.0541674 0.1610392 0.1171780 0.1107052 0.1168179 0.0813391 0.1436483 0.0857320 0.0851872 0.1445166 0.0806025 0.1291563 0.0541220 0.1168179 0.2310995 0.0836088 0.0813391 0.0518665 0.0518665 0.1195141 0.1310116 0.1186798 0.1599641 0.0798904 0.2469885 0.0808327 0.1357601 0.0514165 0.2874758 0.0868477 0.0851872 0.0950838 0.1195141 0.1088413 0.0885795 0.0850529 0.0917060 0.0792273 0.0555897 0.0785268 0.0806025 0.0514165 0.0905220 0.0798904 0.0875830 0.1242030 0.0000010 0.0282850 0.1162955 0.0823511 0.1217096 0.0555897 0.0527823 0.0545335 0.0821322 0.1186798 0.2886466 0.0541674 0.0842497 0.1621823 0.0550994 
S0303       0.1141850 0.0872609 0.1347675 0.0509034 0.1704419 0.0241528 0.1371177 0.1615043 0.1136011 0.0000000 0.0508315 0.0797426 0.1822433 0.1843299 0.2026359 0.1429431 0.1064156 0.2404333 0.1119906 0.1801016 0.2409140 0.1688834 0.2391435 0.1421023 0.1429431 0.2050313 0.0241528 0.1704419 0.0764565 0.0764565 0.0512518 0.2423804 0.2193265 0.1545324 0.1045098 0.2179650 0.1078584 0.1928039 0.1347675 0.1784793 0.1818144 0.1801016 0.2017215 0.0512518 0.0764918 0.1857443 0.1781180 0.1195703 0.1037649 0.1456502 0.1032657 0.1688834 0.1347675 0.1550045 0.1045098 0.1858263 0.1516834 0.1136011 0.1189222 0.2070297 0.1723423 0.1527366 0.1456502 0.1382224 0.0496479 0.1734794 0.2193265 0.4492239 0.0797426 0.1764344 0.1906991 0.1952184 
S0308       0.0548401 0.0421494 0.0797923 0.0533689 0.1123785 0.0249500 0.0811613 0.1062032 0.0815121 0.0508315 0.0000000 0.0261965 0.1671366 0.1217207 0.1434508 0.0847755 0.0524830 0.1790003 0.0552623 0.1181853 0.1798294 0.1113287 0.1687104 0.0841340 0.0847755 0.1447942 0.0249500 0.1123785 0.0251055 0.0251055 0.0530221 0.1712155 0.1546063 0.0727640 0.0516044 0.1542446 0.0531152 0.1265602 0.0797923 0.1889601 0.1201321 0.1181853 0.1324601 0.0530221 0.0250654 0.1226687 0.1176117 0.0574122 0.0511294 0.0863994 0.1084383 0.1113287 0.0797923 0.0919390 0.0516044 0.1181853 0.0900560 0.0815121 0.0586670 0.1944898 0.1137611 0.0900020 0.0863994 0.0819358 0.0513013 0.1138037 0.1546063 0.3530052 0.0261965 0.1164674 0.1211404 0.1546063 
S0335       0.0268116 0.0000010 0.0530055 0.0254803 0.0839783 0.0522417 0.0539088 0.0792905 0.0541674 0.0797426 0.0261965 0.0000000 0.0976701 0.0910489 0.1143434 0.0273776 0.0261646 0.1485122 0.0000025 0.0881026 0.1166267 0.0530055 0.1341354 0.0558843 0.0273776 0.1596148 0.0522417 0.0839783 0.0000025 0.0000025 0.0834599 0.0966959 0.1228996 0.1134141 0.0257417 0.1331974 0.0834341 0.1412353 0.0530055 0.1698796 0.0898487 0.0881026 0.0987185 0.0834599 0.0525270 0.0874209 0.0839784 0.0280580 0.0254803 0.0574458 0.0809900 0.0530055 0.0530055 0.0937823 0.0257417 0.0906725 0.0270608 0.0541674 0.0292516 0.1615094 0.0541674 0.1261302 0.0574458 0.0544561 0.0255782 0.0848417 0.1228996 0.2850043 0.0000010 0.0831932 0.0885528 0.1228996 
S0345       0.1414235 0.0495666 0.2019537 0.1325812 0.2491239 0.1491854 0.2062953 0.2348301 0.1610392 0.1822433 0.1671366 0.0976701 0.0000000 0.2734963 0.2894029 0.0643346 0.1663282 0.3379368 0.1298221 0.2683320 0.1700847 0.2263896 0.3552502 0.2152170 0.0643346 0.2676472 0.1491854 0.2491239 0.1270359 0.1270359 0.1930568 0.3434544 0.3200987 0.2606373 0.1625247 0.1979350 0.2465036 0.2682372 0.2019537 0.2422292 0.2682372 0.2683320 0.2334059 0.1930568 0.1996505 0.1434730 0.2202702 0.1494806 0.1615866 0.2211093 0.2399186 0.2263896 0.2019537 0.2822470 0.1625247 0.2795422 0.1770604 0.1610392 0.1901892 0.2051812 0.2318832 0.3291092 0.2211093 0.2077659 0.1170474 0.2566891 0.3200987 0.4311626 0.0976701 0.2178560 0.2411058 0.2630951 
S0400       0.0613275 0.0917215 0.1145853 0.1236883 0.0263043 0.1507854 0.1167281 0.1840154 0.1171780 0.1843299 0.1217207 0.0910489 0.2734963 0.0000000 0.0538840 0.1641857 0.0568562 0.0841010 0.1285304 0.0595644 0.0848336 0.1505247 0.1022973 0.0563555 0.1641857 0.2097281 0.1507854 0.0263043 0.0868315 0.0868315 0.1954589 0.1038218 0.0934911 0.0348621 0.1188341 0.2252842 0.0843467 0.1854972 0.1145853 0.2679992 0.1235584 0.0595644 0.0668787 0.1954589 0.1520540 0.0599226 0.0275056 0.0645369 0.1179565 0.0883046 0.1464410 0.1505247 0.1145853 0.1292538 0.1188341 0.0612859 0.1755949 0.1171780 0.0602200 0.0915295 0.1539510 0.1644189 0.0883046 0.0548963 0.1182213 0.1547221 0.0934911 0.2647624 0.0910489 0.0881026 0.1025681 0.0934911 
S0405       0.0865409 0.1425733 0.1083974 0.1455672 0.0251721 0.1706215 0.1102911 0.2024478 0.1107052 0.2026359 0.1434508 0.1143434 0.2894029 0.0538840 0.0000000 0.1847644 0.0805782 0.0548262 0.1508583 0.0565175 0.0805254 0.1415988 0.0959848 0.0536229 0.1847644 0.2285444 0.1706215 0.0251721 0.1093914 0.1093914 0.2143261 0.0635104 0.0609114 0.0718235 0.1401124 0.2441371 0.0800826 0.1713390 0.1083974 0.2842438 0.0900411 0.0565175 0.0308298 0.2143261 0.1720260 0.0568303 0.0262680 0.0907389 0.1392658 0.0835833 0.1379905 0.1415988 0.1083974 0.0940309 0.1401124 0.0580532 0.1966697 0.1107052 0.0570927 0.0864969 0.1197793 0.1534501 0.0835833 0.0523084 0.1394981 0.1451459 0.0609114 0.2393090 0.1143434 0.0834341 0.1278143 0.0882304 
S0419       0.0590117 0.0000010 0.0841351 0.0558106 0.1510053 0.1123278 0.1142709 0.1118201 0.1168179 0.1429431 0.0847755 0.0273776 0.0643346 0.1641857 0.1847644 0.0000000 0.0845833 0.2240760 0.0548896 0.1598520 0.0862491 0.0931564 0.2200776 0.1208953 0.0000010 0.1262472 0.1123278 0.1510053 0.0538821 0.0538821 0.1123278 0.1997497 0.2006923 0.1134141 0.0830163 0.0927313 0.1497583 0.2318702 0.1142709 0.1259713 0.1618554 0.1598520 0.1804629 0.1123278 0.1131341 0.0598385 0.1234506 0.0619949 0.0823130 0.1242030 0.1455514 0.1265712 0.1142709 0.1694029 0.0830163 0.1651773 0.0846159 0.1168179 0.0952442 0.2192759 0.1296411 0.1584089 0.1242030 0.1174440 0.0825500 0.1535851 0.2006923 0.1889905 0.0273776 0.1221952 0.0962421 0.2006923 
S0427       0.0000025 0.0437680 0.0796287 0.0532825 0.0525945 0.0784255 0.0809900 0.1059318 0.0813391 0.1064156 0.0524830 0.0261646 0.1663282 0.0568562 0.0805782 0.0845833 0.0000000 0.1114861 0.0551682 0.0548963 0.1123045 0.1110199 0.0934911 0.0262254 0.0845833 0.1194604 0.0784255 0.0525945 0.0250766 0.0250766 0.1115395 0.0947552 0.0860150 0.0736371 0.0515251 0.1275751 0.0523084 0.1334600 0.0796287 0.1624622 0.0852196 0.0548963 0.0610837 0.1115395 0.0788988 0.0571739 0.0549606 0.0000026 0.0510523 0.0544365 0.1081511 0.1110199 0.0796287 0.0887855 0.0515251 0.0563556 0.0898300 0.0813391 0.0279000 0.1209271 0.1134335 0.1196935 0.0544365 0.0256062 0.0512231 0.1134720 0.0860150 0.2365345 0.0261646 0.0544561 0.0577082 0.0860150 
S0558       0.1200331 0.1473669 0.1406521 0.1815704 0.0521320 0.2065921 0.0805753 0.2405107 0.1436483 0.2404333 0.1790003 0.1485122 0.3379368 0.0841010 0.0548262 0.2240760 0.1114861 0.0000000 0.1882676 0.0879729 0.1112632 0.1764670 0.1331606 0.0835015 0.2240760 0.2716509 0.2065921 0.0521320 0.1419746 0.1419746 0.2552880 0.0970132 0.0570704 0.0736371 0.1744249 0.2903304 0.1107052 0.2159920 0.0792273 0.3326648 0.0844081 0.0879729 0.0627865 0.2552880 0.2084383 0.0885795 0.0544561 0.1259700 0.1736025 0.1160115 0.1719869 0.1764670 0.0792273 0.0879052 0.1744249 0.0905066 0.2388088 0.1436483 0.0890618 0.1197271 0.1123693 0.1926928 0.1160115 0.0813391 0.1737782 0.1128775 0.0570704 0.2942608 0.1485122 0.1155034 0.1666239 0.1222206 
S0616       0.0268114 0.0000010 0.0838440 0.0254803 0.1182404 0.0825042 0.0853528 0.1114833 0.0857320 0.1119906 0.0552623 0.0000025 0.1298221 0.1285304 0.1508583 0.0548896 0.0551682 0.1882676 0.0000000 0.1247123 0.1456638 0.0833411 0.1788552 0.0886315 0.0548896 0.2029220 0.0825042 0.1182404 0.0263590 0.0263590 0.1177051 0.1371116 0.1632447 0.1134141 0.0541962 0.1660896 0.1173494 0.1885730 0.0838440 0.2031762 0.1267704 0.1247123 0.1405815 0.1177051 0.0830344 0.0874209 0.0839783 0.0280580 0.0536807 0.0911230 0.1139245 0.0833411 0.0838440 0.1326111 0.0541962 0.1286758 0.0264025 0.0857320 0.0620201 0.2051812 0.0852196 0.1675661 0.0911230 0.0861972 0.0538657 0.1198737 0.1632447 0.2850043 0.0000025 0.0831938 0.0885528 0.1632447 
S0641       0.0590901 0.0995086 0.0833075 0.1200755 0.0276829 0.1469141 0.0848089 0.1797656 0.0851872 0.1801016 0.1181853 0.0881026 0.2683320 0.0595644 0.0565175 0.1598520 0.0548963 0.0879729 0.1247123 0.0000000 0.0887487 0.1166574 0.0282914 0.0273202 0.1598520 0.2048529 0.1469141 0.0276829 0.0841010 0.0841010 0.1908719 0.0285663 0.0261268 0.0821017 0.1154430 0.2200776 0.0545805 0.1421049 0.0833075 0.2628186 0.0895019 0.0000010 0.0000026 0.1908719 0.1481270 0.0277886 0.0290090 0.0620958 0.1145853 0.0569208 0.1134857 0.1166574 0.0833075 0.0934721 0.1154430 0.0000010 0.1708823 0.0851872 0.0291457 0.0959848 0.1193315 0.1264678 0.0569208 0.0266473 0.1148470 0.1194507 0.0261268 0.1371116 0.0881026 0.0569320 0.0563685 0.0261268 
S0643       0.0882868 0.0917215 0.1415068 0.1485122 0.0526220 0.2072824 0.1440817 0.2409945 0.1445166 0.2409140 0.1798294 0.1166267 0.1700847 0.0848336 0.0805254 0.0862491 0.1123045 0.1112632 0.1456638 0.0887487 0.0000000 0.1563045 0.1341576 0.0842217 0.0862491 0.1911003 0.2072824 0.0526220 0.1428362 0.1428362 0.2556787 0.1093156 0.1231316 0.0348621 0.1752421 0.1303985 0.1115144 0.2167829 0.1415068 0.1660896 0.1523452 0.0887487 0.0993337 0.2556787 0.2091258 0.0000026 0.0267409 0.0926562 0.1744249 0.1168783 0.1728071 0.1563045 0.1415068 0.1591027 0.1752421 0.0913177 0.1893061 0.1445166 0.0898555 0.0939114 0.1598866 0.1935398 0.1168783 0.0820291 0.1745980 0.1824333 0.1231316 0.1492269 0.1166267 0.0850529 0.1306603 0.1231316 
S0645sl     0.0854593 0.0000010 0.0247420 0.0809900 0.1110199 0.1382224 0.0525357 0.1054115 0.0806025 0.1688834 0.1113287 0.0530055 0.2263896 0.1505247 0.1415988 0.0931564 0.1110199 0.1764670 0.0833411 0.1166574 0.1563045 0.0000000 0.1660360 0.0831603 0.0931564 0.1902741 0.1382224 0.1110199 0.0796287 0.0796287 0.1780869 0.0937549 0.1523973 0.1134141 0.1089393 0.2281579 0.1102467 0.1745182 0.0789214 0.2713453 0.1185695 0.1166574 0.1305053 0.1780869 0.1392658 0.0865716 0.0831938 0.0895627 0.1081511 0.0853726 0.1071766 0.0516776 0.0789214 0.1236884 0.1089393 0.1201066 0.0887966 0.0806025 0.0579852 0.1914587 0.0527823 0.1562217 0.0853726 0.0810165 0.1083974 0.1123951 0.1523973 0.2815992 0.0530055 0.0824237 0.0880574 0.1523973 
S0656sl     0.1016214 0.0995086 0.1260720 0.1715349 0.0627217 0.2003870 0.1286574 0.2392214 0.1291563 0.2391435 0.1687104 0.1341354 0.3552502 0.1022973 0.0959848 0.2200776 0.0934911 0.1331606 0.1788552 0.0282914 0.1341576 0.1660360 0.0000000 0.0621770 0.2200776 0.2756410 0.2003870 0.0627217 0.1274166 0.1274166 0.2563593 0.0651046 0.0589373 0.0821017 0.1638928 0.2981458 0.0927951 0.2097346 0.1260720 0.3490278 0.1370043 0.0282914 0.0315845 0.2563593 0.2024247 0.0631236 0.0660595 0.1074188 0.1629282 0.0976557 0.1611962 0.1660360 0.1260720 0.1439904 0.1638928 0.0290486 0.2370593 0.1291563 0.0668785 0.1463623 0.1700946 0.1834319 0.0976557 0.0604066 0.1631553 0.1713863 0.0589373 0.1999200 0.1341354 0.0973306 0.0960837 0.0589373 
S0689       0.0281291 0.0456337 0.0529610 0.0854593 0.0262254 0.1115818 0.0538635 0.1416340 0.0541220 0.1421023 0.0841340 0.0558843 0.2152170 0.0563555 0.0536229 0.1208953 0.0262254 0.0835015 0.0886315 0.0273202 0.0842217 0.0831603 0.0621770 0.0000000 0.1208953 0.1605658 0.1115818 0.0262254 0.0534389 0.0534389 0.1497327 0.0629589 0.0571160 0.0763158 0.0823976 0.1719718 0.0260986 0.0997285 0.0529610 0.2104856 0.0566161 0.0273202 0.0303981 0.1497327 0.0819358 0.0285201 0.0274170 0.0295036 0.0817006 0.0271043 0.0809552 0.0831603 0.0529610 0.0589788 0.0823976 0.0280284 0.1288192 0.0541220 0.0000026 0.0907741 0.0850206 0.0893573 0.0271043 0.0000025 0.0819358 0.0848089 0.0571160 0.1402065 0.0558843 0.0271667 0.0934074 0.0571160 
S0720       0.0590117 0.0000010 0.0841351 0.0558106 0.1510053 0.1123278 0.1142709 0.1118201 0.1168179 0.1429431 0.0847755 0.0273776 0.0643346 0.1641857 0.1847644 0.0000010 0.0845833 0.2240760 0.0548896 0.1598520 0.0862491 0.0931564 0.2200776 0.1208953 0.0000000 0.1262472 0.1123278 0.1510053 0.0538821 0.0538821 0.1123278 0.1997497 0.2006923 0.1134141 0.0830163 0.0927313 0.1497583 0.2318702 0.1142709 0.1259713 0.1618554 0.1598520 0.1804629 0.1123278 0.1131341 0.0598385 0.1234506 0.0619949 0.0823130 0.1242030 0.1455514 0.1265712 0.1142709 0.1694029 0.0830163 0.1651773 0.0846159 0.1168179 0.0952442 0.2192759 0.1296411 0.1584089 0.1242030 0.1174440 0.0825500 0.1535851 0.2006923 0.1889905 0.0273776 0.1221952 0.0962421 0.2006923 
S0735       0.1292642 0.1665771 0.1513511 0.1952559 0.1922048 0.1723886 0.1941689 0.1130653 0.2310995 0.2050313 0.1447942 0.1596148 0.2676472 0.2097281 0.2285444 0.1262472 0.1194604 0.2716509 0.2029220 0.2048529 0.1911003 0.1902741 0.2756410 0.1605658 0.1262472 0.0000000 0.1723886 0.1922048 0.1521676 0.1521676 0.2171368 0.2795716 0.2501407 0.1164819 0.1870110 0.0267783 0.1437495 0.1974252 0.2262830 0.0545294 0.2465766 0.2048529 0.2327120 0.2171368 0.1738359 0.1310297 0.2017635 0.1360935 0.1861788 0.2021838 0.2637248 0.2706033 0.2262830 0.1939584 0.1870110 0.2123527 0.2175625 0.2310995 0.1724767 0.2734010 0.2760711 0.2362871 0.2021838 0.1556108 0.1863313 0.2819776 0.2501407 0.3834096 0.1596148 0.1996704 0.1343843 0.2501407 
S0748       0.0840632 0.0872609 0.1058932 0.0797426 0.1394981 0.0000010 0.1077003 0.1320885 0.0836088 0.0241528 0.0249500 0.0522417 0.1491854 0.1507854 0.1706215 0.1123278 0.0784255 0.2065921 0.0825042 0.1469141 0.2072824 0.1382224 0.2003870 0.1115818 0.1123278 0.1723886 0.0000000 0.1394981 0.0500977 0.0500977 0.0251050 0.2032072 0.1840235 0.1126419 0.0770825 0.1832654 0.0794168 0.1571326 0.1058932 0.2179650 0.1488272 0.1469141 0.1642988 0.0251050 0.0500678 0.1519583 0.1457999 0.0880241 0.0764565 0.1144402 0.1347675 0.1382224 0.1058932 0.1216849 0.0770825 0.1513753 0.1191571 0.0836088 0.0875408 0.1741871 0.1411171 0.1195141 0.1144402 0.1086438 0.0243891 0.1415657 0.1840235 0.3901191 0.0522417 0.1444173 0.1552415 0.1589581 
S0756       0.0564159 0.0917215 0.0796287 0.1140854 0.0000010 0.1394981 0.0809900 0.1700803 0.0813391 0.1704419 0.1123785 0.0839783 0.2491239 0.0263043 0.0251721 0.1510053 0.0525945 0.0521320 0.1182404 0.0276829 0.0526220 0.1110199 0.0627217 0.0262254 0.1510053 0.1922048 0.1394981 0.0000000 0.0803487 0.0803487 0.1798243 0.0635104 0.0576227 0.0348621 0.1099406 0.2054407 0.0523084 0.1334600 0.0796287 0.2441972 0.0852196 0.0276829 0.0308298 0.1798243 0.1405631 0.0277886 0.0000025 0.0591411 0.1091429 0.0544365 0.1081511 0.1110199 0.0796287 0.0887855 0.1099406 0.0284072 0.1607221 0.0813391 0.0279000 0.0565175 0.1134335 0.1196935 0.0544365 0.0256062 0.1093914 0.1134720 0.0576227 0.1940325 0.0839783 0.0544561 0.0937689 0.0576227 
S0760       0.0268114 0.0000010 0.0507971 0.0254803 0.0803487 0.0500977 0.0516272 0.0760299 0.0518665 0.0764565 0.0251055 0.0000025 0.1270359 0.0868315 0.1093914 0.0538821 0.0250766 0.1419746 0.0263590 0.0841010 0.1428362 0.0796287 0.1274166 0.0534389 0.0538821 0.1521676 0.0500977 0.0803487 0.0000000 0.0000010 0.0798591 0.1292267 0.1171780 0.1134141 0.0246879 0.1624622 0.0798554 0.1338700 0.0507971 0.1987395 0.0857320 0.0841010 0.0937526 0.0798591 0.0503580 0.0874209 0.0839783 0.0280580 0.0244466 0.0548722 0.0775979 0.0796287 0.0507971 0.0893174 0.0246879 0.0864371 0.0571256 0.0518665 0.0279000 0.1539303 0.0813391 0.1201443 0.0548722 0.0521320 0.0245376 0.0811175 0.1171780 0.2850043 0.0000025 0.0831938 0.0885528 0.1171780 
S0770       0.0268114 0.0000010 0.0507971 0.0254803 0.0803487 0.0500977 0.0516272 0.0760299 0.0518665 0.0764565 0.0251055 0.0000025 0.1270359 0.0868315 0.1093914 0.0538821 0.0250766 0.1419746 0.0263590 0.0841010 0.1428362 0.0796287 0.1274166 0.0534389 0.0538821 0.1521676 0.0500977 0.0803487 0.0000010 0.0000000 0.0798591 0.1292267 0.1171780 0.1134141 0.0246879 0.1624622 0.0798554 0.1338700 0.0507971 0.1987395 0.0857320 0.0841010 0.0937526 0.0798591 0.0503580 0.0874209 0.0839783 0.0280580 0.0244466 0.0548722 0.0775979 0.0796287 0.0507971 0.0893174 0.0246879 0.0864371 0.0571256 0.0518665 0.0279000 0.1539303 0.0813391 0.1201443 0.0548722 0.0521320 0.0245376 0.0811175 0.1171780 0.2850043 0.0000025 0.0831938 0.0885528 0.1171780 
S0888       0.1201544 0.0872609 0.1415657 0.1135578 0.1798243 0.0251050 0.1441831 0.1699181 0.1195141 0.0512518 0.0530221 0.0834599 0.1930568 0.1954589 0.2143261 0.1123278 0.1115395 0.2552880 0.1177051 0.1908719 0.2556787 0.1780869 0.2563593 0.1497327 0.1123278 0.2171368 0.0251050 0.1798243 0.0798591 0.0798591 0.0000000 0.2600138 0.2335003 0.1126419 0.1094261 0.1832654 0.1131485 0.2053197 0.1415657 0.2179650 0.1925647 0.1908719 0.2155625 0.0000010 0.0799092 0.1970341 0.1884098 0.1261503 0.1086286 0.1536632 0.1734794 0.1780869 0.1415657 0.1641865 0.1094261 0.1974382 0.1191571 0.1195141 0.1254285 0.2193265 0.1819199 0.0828651 0.1536632 0.1453814 0.0517302 0.1834050 0.2335003 0.3034535 0.0834599 0.1865256 0.2030237 0.2081420 
S0899       0.0649485 0.1172646 0.1278441 0.1319454 0.0635104 0.2032072 0.1305053 0.2424878 0.1310116 0.2423804 0.1712155 0.0966959 0.3434544 0.1038218 0.0635104 0.1997497 0.0947552 0.0970132 0.1371116 0.0285663 0.1093156 0.0937549 0.0651046 0.0629589 0.1997497 0.2795716 0.2032072 0.0635104 0.1292267 0.1292267 0.2600138 0.0000000 0.0285663 0.0936328 0.1662450 0.2818861 0.0940362 0.2135014 0.1278441 0.3366605 0.0990528 0.0285663 0.0305609 0.2600138 0.2053012 0.0303746 0.0318284 0.0685821 0.1652742 0.0990528 0.1634973 0.0937549 0.1278441 0.1039293 0.1662450 0.0293400 0.1900119 0.1310116 0.0677961 0.1486767 0.0611391 0.1864162 0.0990528 0.0611391 0.1654983 0.1739974 0.0285663 0.1527750 0.0966959 0.0623464 0.0616594 0.0596279 
S0959       0.0928874 0.1620978 0.1160314 0.1570457 0.0576227 0.1840235 0.1182240 0.2192421 0.1186798 0.2193265 0.1546063 0.1228996 0.3200987 0.0934911 0.0609114 0.2006923 0.0860150 0.0570704 0.1632447 0.0261268 0.1231316 0.1523973 0.0589373 0.0571160 0.2006923 0.2501407 0.1840235 0.0576227 0.1171780 0.1171780 0.2335003 0.0285663 0.0000000 0.1306378 0.1506256 0.2689219 0.0854368 0.1882204 0.1160314 0.3143236 0.0576983 0.0261268 0.0000026 0.2335003 0.1857108 0.0579504 0.0604519 0.0977597 0.1497133 0.0895019 0.1482333 0.1523973 0.1160314 0.0601622 0.1506256 0.0267725 0.2149018 0.1186798 0.0610837 0.1334427 0.0867723 0.1666466 0.0895019 0.0556180 0.1499491 0.1567136 0.0000010 0.1805839 0.1228996 0.0892861 0.0882569 0.0543824 
S1052sl     0.0736371 0.1425733 0.1134141 0.1554126 0.0348621 0.1126419 0.1134141 0.1998673 0.1599641 0.1545324 0.0727640 0.1134141 0.2606373 0.0348621 0.0718235 0.1134141 0.0736371 0.0736371 0.1134141 0.0821017 0.0348621 0.1134141 0.0821017 0.0763158 0.1134141 0.1164819 0.1126419 0.0348621 0.1134141 0.1134141 0.1126419 0.0936328 0.1306378 0.0000000 0.1565829 0.1164819 0.0354000 0.1882315 0.1134141 0.1599090 0.1726368 0.0821017 0.0964705 0.1126419 0.1137409 0.0366673 0.0348621 0.0783096 0.1554126 0.1214640 0.1998673 0.1554126 0.1134141 0.1328829 0.1565829 0.0821017 0.1565829 0.1599641 0.0835018 0.0821017 0.1599641 0.0774926 0.1214640 0.0736371 0.1557039 0.1673639 0.1306378 0.2009451 0.1134141 0.1134141 0.0821017 0.1306378 
S1083       0.0551821 0.0425722 0.0782402 0.0523770 0.1099406 0.0770825 0.0795516 0.1040360 0.0798904 0.1045098 0.0516044 0.0257417 0.1625247 0.1188341 0.1401124 0.0830163 0.0515251 0.1744249 0.0541962 0.1154430 0.1752421 0.1089393 0.1638928 0.0823976 0.0830163 0.1870110 0.0770825 0.1099406 0.0246879 0.0246879 0.1094261 0.1662450 0.1506256 0.1565829 0.0000000 0.1995572 0.1091862 0.1721318 0.0782402 0.2370996 0.1173264 0.1154430 0.1289492 0.1094261 0.0775369 0.1197294 0.1149283 0.0577833 0.0502221 0.0845677 0.1061750 0.1089393 0.0782402 0.1223233 0.0000010 0.1188075 0.0279360 0.0798904 0.0574605 0.1890211 0.1112632 0.1543556 0.0845677 0.0802969 0.0503877 0.1112761 0.1506256 0.3359901 0.0257417 0.1138395 0.1217842 0.1506256 
S1180       0.1011374 0.1665771 0.2032821 0.1698796 0.2054407 0.1832654 0.2416962 0.1578701 0.2469885 0.2179650 0.1542446 0.1331974 0.1979350 0.2252842 0.2441371 0.0927313 0.1275751 0.2903304 0.1660896 0.2200776 0.1303985 0.2281579 0.2981458 0.1719718 0.0927313 0.0267783 0.1832654 0.2054407 0.1624622 0.1624622 0.1832654 0.2818861 0.2689219 0.1164819 0.1995572 0.0000000 0.1530009 0.2118632 0.2416962 0.0266711 0.2647662 0.2200776 0.2519859 0.1832654 0.1849188 0.1026497 0.1760122 0.1068315 0.1987395 0.2169683 0.2816800 0.2713453 0.2416962 0.2076515 0.1995572 0.2287614 0.2039835 0.2469885 0.1854976 0.2950456 0.2775409 0.1985798 0.2169683 0.1663086 0.1988592 0.3026711 0.2689219 0.2682098 0.1331974 0.1740559 0.1486087 0.2689219 
S1201sl     0.0560817 0.0907253 0.0791452 0.1132625 0.0523084 0.0794168 0.0804876 0.1687009 0.0808327 0.1078584 0.0531152 0.0834341 0.2465036 0.0843467 0.0800826 0.1497583 0.0523084 0.1107052 0.1173494 0.0545805 0.1115144 0.1102467 0.0927951 0.0260986 0.1497583 0.1437495 0.0794168 0.0523084 0.0798554 0.0798554 0.1131485 0.0940362 0.0854368 0.0354000 0.1091862 0.1530009 0.0000000 0.0886015 0.0791452 0.1870909 0.0846543 0.0545805 0.0606838 0.1131485 0.0799052 0.0568303 0.0546455 0.0587706 0.1083974 0.0541259 0.1074208 0.1102467 0.0791452 0.0573819 0.1091862 0.0560209 0.1592908 0.0808327 0.0277559 0.1199935 0.1126234 0.0560649 0.0541259 0.0254857 0.1086438 0.1126521 0.0854368 0.2336010 0.0834341 0.0541474 0.1240198 0.0854368 
S1211       0.1460062 0.1193403 0.1323964 0.1805536 0.1334600 0.1571326 0.1352402 0.2511634 0.1357601 0.1928039 0.1265602 0.1412353 0.2682372 0.1854972 0.1713390 0.2318702 0.1334600 0.2159920 0.1885730 0.1421049 0.2167829 0.1745182 0.2097346 0.0997285 0.2318702 0.1974252 0.1571326 0.1334600 0.1338700 0.1338700 0.2053197 0.2135014 0.1882204 0.1882315 0.1721318 0.2118632 0.0886015 0.0000000 0.1323964 0.2536678 0.0928836 0.1421049 0.1108706 0.2053197 0.1585471 0.1482342 0.1408672 0.1548399 0.1711490 0.0592993 0.1692595 0.1745182 0.1323964 0.0568782 0.1721318 0.1474416 0.2504898 0.1357601 0.0661856 0.2387990 0.1789225 0.0877498 0.0592993 0.0966098 0.1713642 0.1805608 0.1882204 0.4838102 0.1412353 0.1392303 0.2554895 0.1882204 
S1214sl     0.0854593 0.0000010 0.0503655 0.0809900 0.0796287 0.1058932 0.0000025 0.1343057 0.0514165 0.1347675 0.0797923 0.0530055 0.2019537 0.1145853 0.1083974 0.1142709 0.0796287 0.0792273 0.0838440 0.0833075 0.1415068 0.0789214 0.1260720 0.0529610 0.1142709 0.2262830 0.1058932 0.0796287 0.0507971 0.0507971 0.1415657 0.1278441 0.1160314 0.1134141 0.0782402 0.2416962 0.0791452 0.1323964 0.0000000 0.2816800 0.0849158 0.0833075 0.0927715 0.1415657 0.1066000 0.0865716 0.0831938 0.0895627 0.0775979 0.0543694 0.0769248 0.0789214 0.0000010 0.0884325 0.0782402 0.0855986 0.1213588 0.0514165 0.0276414 0.1523993 0.0806025 0.1189449 0.0543694 0.0516776 0.0778169 0.0250787 0.1160314 0.2815992 0.0530055 0.0824237 0.1584065 0.1160314 
S1223       0.1376846 0.1665771 0.2416962 0.1292068 0.2441972 0.2179650 0.2816800 0.1932545 0.2874758 0.1784793 0.1889601 0.1698796 0.2422292 0.2679992 0.2842438 0.1259713 0.1624622 0.3326648 0.2031762 0.2628186 0.1660896 0.2713453 0.3490278 0.2104856 0.1259713 0.0545294 0.2179650 0.2441972 0.1987395 0.1987395 0.2179650 0.3366605 0.3143236 0.1599090 0.2370996 0.0266711 0.1870909 0.2536678 0.2816800 0.0000000 0.3091336 0.2628186 0.3012544 0.2179650 0.2200497 0.1396598 0.2154024 0.1454167 0.2365284 0.2588264 0.2351702 0.3162922 0.2816800 0.2476002 0.2370996 0.2737185 0.2422819 0.2874758 0.2270417 0.3440071 0.3229162 0.2368801 0.2588264 0.2032821 0.2365020 0.3487414 0.3143236 0.3229584 0.1698796 0.2130496 0.1908020 0.3143236 
S1235sl     0.0919495 0.1026720 0.0849158 0.1220526 0.0852196 0.1488272 0.0864613 0.1814910 0.0868477 0.1818144 0.1201321 0.0898487 0.2682372 0.1235584 0.0900411 0.1618554 0.0852196 0.0844081 0.1267704 0.0895019 0.1523452 0.1185695 0.1370043 0.0566161 0.1618554 0.2465766 0.1488272 0.0852196 0.0857320 0.0857320 0.1925647 0.0990528 0.0576983 0.1726368 0.1173264 0.2647662 0.0846543 0.0928836 0.0849158 0.3091336 0.0000000 0.0895019 0.0636251 0.1925647 0.1500572 0.0932308 0.0893152 0.0967158 0.1164625 0.0257371 0.1153409 0.1185695 0.0849158 0.0000025 0.1173264 0.0921738 0.1729174 0.0868477 0.0282850 0.1650729 0.0566353 0.0838881 0.0257371 0.0551458 0.1167246 0.1214371 0.0576983 0.3157210 0.0898487 0.0884263 0.1725333 0.1252242 
S1245       0.0590901 0.0995086 0.0833075 0.1200755 0.0276829 0.1469141 0.0848089 0.1797656 0.0851872 0.1801016 0.1181853 0.0881026 0.2683320 0.0595644 0.0565175 0.1598520 0.0548963 0.0879729 0.1247123 0.0000010 0.0887487 0.1166574 0.0282914 0.0273202 0.1598520 0.2048529 0.1469141 0.0276829 0.0841010 0.0841010 0.1908719 0.0285663 0.0261268 0.0821017 0.1154430 0.2200776 0.0545805 0.1421049 0.0833075 0.2628186 0.0895019 0.0000000 0.0000026 0.1908719 0.1481270 0.0277886 0.0290090 0.0620958 0.1145853 0.0569208 0.1134857 0.1166574 0.0833075 0.0934721 0.1154430 0.0000010 0.1708823 0.0851872 0.0291457 0.0959848 0.1193315 0.1264678 0.0569208 0.0266473 0.1148470 0.1194507 0.0261268 0.1371116 0.0881026 0.0569320 0.0563685 0.0261268 
S1250sl     0.0663153 0.1172646 0.0927715 0.1347829 0.0308298 0.1642988 0.0946361 0.2014934 0.0950838 0.2017215 0.1324601 0.0987185 0.2334059 0.0668787 0.0308298 0.1804629 0.0610837 0.0627865 0.1405815 0.0000026 0.0993337 0.1305053 0.0315845 0.0303981 0.1804629 0.2327120 0.1642988 0.0308298 0.0937526 0.0937526 0.2155625 0.0305609 0.0000026 0.0964705 0.1289492 0.2519859 0.0606838 0.1108706 0.0927715 0.3012544 0.0636251 0.0000026 0.0000000 0.2155625 0.1658639 0.0309681 0.0324793 0.0701062 0.1279719 0.0636251 0.1266096 0.1305053 0.0927715 0.0666383 0.1289492 0.0000026 0.1944297 0.0950838 0.0309948 0.1083970 0.0956545 0.1431948 0.0636251 0.0295661 0.1282549 0.1341862 0.0000026 0.1566190 0.0987185 0.0636029 0.0628847 0.0289218 
S1315       0.1201544 0.0872609 0.1415657 0.1135578 0.1798243 0.0251050 0.1441831 0.1699181 0.1195141 0.0512518 0.0530221 0.0834599 0.1930568 0.1954589 0.2143261 0.1123278 0.1115395 0.2552880 0.1177051 0.1908719 0.2556787 0.1780869 0.2563593 0.1497327 0.1123278 0.2171368 0.0251050 0.1798243 0.0798591 0.0798591 0.0000010 0.2600138 0.2335003 0.1126419 0.1094261 0.1832654 0.1131485 0.2053197 0.1415657 0.2179650 0.1925647 0.1908719 0.2155625 0.0000000 0.0799092 0.1970341 0.1884098 0.1261503 0.1086286 0.1536632 0.1734794 0.1780869 0.1415657 0.1641865 0.1094261 0.1974382 0.1191571 0.1195141 0.1254285 0.2193265 0.1819199 0.0828651 0.1536632 0.1453814 0.0517302 0.1834050 0.2335003 0.3034535 0.0834599 0.1865256 0.2030237 0.2081420 
S1332       0.0846174 0.0881722 0.1066000 0.0802343 0.1405631 0.0500678 0.1084353 0.1330336 0.1088413 0.0764918 0.0250654 0.0525270 0.1996505 0.1520540 0.1720260 0.1131341 0.0788988 0.2084383 0.0830344 0.1481270 0.2091258 0.1392658 0.2024247 0.0819358 0.1131341 0.1738359 0.0500678 0.1405631 0.0503580 0.0503580 0.0799092 0.2053012 0.1857108 0.1137409 0.0775369 0.1849188 0.0799052 0.1585471 0.1066000 0.2200497 0.1500572 0.1481270 0.1658639 0.0799092 0.0000000 0.1532495 0.1469745 0.0886389 0.0769040 0.1152821 0.1357549 0.1392658 0.1066000 0.1226543 0.0775369 0.1526798 0.1200791 0.1088413 0.0881480 0.2260358 0.1422076 0.1204558 0.1152821 0.1093914 0.0771202 0.1426806 0.1857108 0.3410595 0.0525270 0.1455672 0.1566252 0.1857108 
S1369       0.0587533 0.0456337 0.0865716 0.1188426 0.0277886 0.1519583 0.0881806 0.1854362 0.0885795 0.1857443 0.1226687 0.0874209 0.1434730 0.0599226 0.0568303 0.0598385 0.0571739 0.0885795 0.0874209 0.0277886 0.0000026 0.0865716 0.0631236 0.0285201 0.0598385 0.1310297 0.1519583 0.0277886 0.0874209 0.0874209 0.1970341 0.0303746 0.0579504 0.0366673 0.1197294 0.1026497 0.0568303 0.1482342 0.0865716 0.1396598 0.0932308 0.0277886 0.0309681 0.1970341 0.1532495 0.0000000 0.0277887 0.0617104 0.1188426 0.0593706 0.1176745 0.0865716 0.0865716 0.0975043 0.1197294 0.0285201 0.1269078 0.0885795 0.0305095 0.0670792 0.0885795 0.1315568 0.0593706 0.0277886 0.1191092 0.1240519 0.0579504 0.1011904 0.0874209 0.0566281 0.0899322 0.0579504 
S1370       0.0564162 0.0917215 0.0831938 0.1140850 0.0000025 0.1457999 0.0846782 0.1777806 0.0850529 0.1781180 0.1176117 0.0839784 0.2202702 0.0275056 0.0262680 0.1234506 0.0549606 0.0544561 0.0839783 0.0290090 0.0267409 0.0831938 0.0660595 0.0274170 0.1234506 0.2017635 0.1457999 0.0000025 0.0839783 0.0839783 0.1884098 0.0318284 0.0604519 0.0348621 0.1149283 0.1760122 0.0546455 0.1408672 0.0831938 0.2154024 0.0893152 0.0290090 0.0324793 0.1884098 0.1469745 0.0277887 0.0000000 0.0591411 0.1140854 0.0569800 0.1130066 0.0831938 0.0831938 0.0932308 0.1149283 0.0298058 0.1215295 0.0850529 0.0292516 0.0592377 0.0850529 0.1256922 0.0569800 0.0267409 0.1143434 0.1188454 0.0604519 0.1940325 0.0839784 0.0544561 0.0937692 0.0604519 
S1375       0.0000026 0.0437680 0.0895627 0.0572068 0.0591411 0.0880241 0.0912852 0.1190353 0.0917060 0.1195703 0.0574122 0.0280580 0.1494806 0.0645369 0.0907389 0.0619949 0.0000026 0.1259700 0.0280580 0.0620958 0.0926562 0.0895627 0.1074188 0.0295036 0.0619949 0.1360935 0.0880241 0.0591411 0.0280580 0.0280580 0.1261503 0.0685821 0.0977597 0.0783096 0.0577833 0.1068315 0.0587706 0.1548399 0.0895627 0.1454167 0.0967158 0.0620958 0.0701062 0.1261503 0.0886389 0.0617104 0.0591411 0.0000000 0.0572068 0.0615010 0.1217946 0.0895627 0.0895627 0.1013190 0.0577833 0.0620958 0.0611232 0.0917060 0.0316365 0.1379156 0.0917060 0.1367769 0.0615010 0.0287212 0.0574122 0.1286664 0.0977597 0.2043316 0.0280580 0.0585575 0.0605765 0.0977597 
S1376       0.0546492 0.0419058 0.0775979 0.0518906 0.1091429 0.0764565 0.0788916 0.1032926 0.0792273 0.1037649 0.0511294 0.0254803 0.1615866 0.1179565 0.1392658 0.0823130 0.0510523 0.1736025 0.0536807 0.1145853 0.1744249 0.1081511 0.1629282 0.0817006 0.0823130 0.1861788 0.0764565 0.1091429 0.0244466 0.0244466 0.1086286 0.1652742 0.1497133 0.1554126 0.0502221 0.1987395 0.1083974 0.1711490 0.0775979 0.2365284 0.1164625 0.1145853 0.1279719 0.1086286 0.0769040 0.1188426 0.1140854 0.0572068 0.0000000 0.0838440 0.1054115 0.1081511 0.0775979 0.1214143 0.0502221 0.1179165 0.0872904 0.0792273 0.0568890 0.1881939 0.1104544 0.1534295 0.0838440 0.0796287 0.0499336 0.0816067 0.1497133 0.3365492 0.0254803 0.1130066 0.1208664 0.1497133 
S1381       0.0585535 0.0477900 0.0543694 0.0877892 0.0544365 0.1144402 0.0553191 0.1451830 0.0555897 0.1456502 0.0863994 0.0574458 0.2211093 0.0883046 0.0835833 0.1242030 0.0544365 0.1160115 0.0911230 0.0569208 0.1168783 0.0853726 0.0976557 0.0271043 0.1242030 0.2021838 0.1144402 0.0544365 0.0548722 0.0548722 0.1536632 0.0990528 0.0895019 0.1214640 0.0845677 0.2169683 0.0541259 0.0592993 0.0543694 0.2588264 0.0257371 0.0569208 0.0636251 0.1536632 0.1152821 0.0593706 0.0569800 0.0615010 0.0838440 0.0000000 0.0830611 0.0853726 0.0543694 0.0267058 0.0845677 0.0585001 0.1325214 0.0555897 0.0000025 0.1263007 0.0873237 0.0536808 0.0000010 0.0264420 0.0840869 0.0871213 0.0895019 0.2536141 0.0574458 0.0564362 0.1309582 0.0895019 
S1422       0.1162047 0.0419058 0.0769248 0.0516272 0.1081511 0.1347675 0.0781968 0.1027956 0.0785268 0.1032657 0.1084383 0.0809900 0.2399186 0.1464410 0.1379905 0.1455514 0.1081511 0.1719869 0.1139245 0.1134857 0.1728071 0.1071766 0.1611962 0.0809552 0.1455514 0.2637248 0.1347675 0.1081511 0.0775979 0.0775979 0.1734794 0.1634973 0.1482333 0.1998673 0.1061750 0.2816800 0.1074208 0.1692595 0.0769248 0.2351702 0.1153409 0.1134857 0.1266096 0.1734794 0.1357549 0.1176745 0.1130066 0.1217946 0.1054115 0.0830611 0.0000000 0.0503655 0.0769248 0.1201993 0.1061750 0.1167500 0.1546371 0.0785268 0.0563479 0.1863313 0.1094411 0.1518852 0.0830611 0.0789214 0.1056523 0.1094342 0.1482333 0.3327576 0.0809900 0.1119473 0.1947845 0.1482333 
S1449       0.0854593 0.0419058 0.0789214 0.0809900 0.1110199 0.1382224 0.0802583 0.1054115 0.0806025 0.1688834 0.1113287 0.0530055 0.2263896 0.1505247 0.1415988 0.1265712 0.1110199 0.1764670 0.0833411 0.1166574 0.1563045 0.0516776 0.1660360 0.0831603 0.1265712 0.2706033 0.1382224 0.1110199 0.0796287 0.0796287 0.1780869 0.0937549 0.1523973 0.1554126 0.1089393 0.2713453 0.1102467 0.1745182 0.0789214 0.3162922 0.1185695 0.1166574 0.1305053 0.1780869 0.1392658 0.0865716 0.0831938 0.0895627 0.1081511 0.0853726 0.0503655 0.0000000 0.0789214 0.1236884 0.1089393 0.1201066 0.1209136 0.0806025 0.0579852 0.1914587 0.0527823 0.1562217 0.0853726 0.0810165 0.1083974 0.1123951 0.1523973 0.2815992 0.0530055 0.0824237 0.1584065 0.1523973 
S1451       0.0854593 0.0000010 0.0503655 0.0809900 0.0796287 0.1058932 0.0000025 0.1343057 0.0514165 0.1347675 0.0797923 0.0530055 0.2019537 0.1145853 0.1083974 0.1142709 0.0796287 0.0792273 0.0838440 0.0833075 0.1415068 0.0789214 0.1260720 0.0529610 0.1142709 0.2262830 0.1058932 0.0796287 0.0507971 0.0507971 0.1415657 0.1278441 0.1160314 0.1134141 0.0782402 0.2416962 0.0791452 0.1323964 0.0000010 0.2816800 0.0849158 0.0833075 0.0927715 0.1415657 0.1066000 0.0865716 0.0831938 0.0895627 0.0775979 0.0543694 0.0769248 0.0789214 0.0000000 0.0884325 0.0782402 0.0855986 0.1213588 0.0514165 0.0276414 0.1523993 0.0806025 0.1189449 0.0543694 0.0516776 0.0778169 0.0250787 0.1160314 0.2815992 0.0530055 0.0824237 0.1584065 0.1160314 
S1460       0.0961134 0.1106267 0.0884325 0.1274798 0.0887855 0.1216849 0.0901099 0.1894563 0.0905220 0.1550045 0.0919390 0.0937823 0.2822470 0.1292538 0.0940309 0.1694029 0.0887855 0.0879052 0.1326111 0.0934721 0.1591027 0.1236884 0.1439904 0.0589788 0.1694029 0.1939584 0.1216849 0.0887855 0.0893174 0.0893174 0.1641865 0.1039293 0.0601622 0.1328829 0.1223233 0.2076515 0.0573819 0.0568782 0.0884325 0.2476002 0.0000025 0.0934721 0.0666383 0.1641865 0.1226543 0.0975043 0.0932308 0.1013190 0.1214143 0.0267058 0.1201993 0.1236884 0.0884325 0.0000000 0.1223233 0.0964011 0.1814886 0.0905220 0.0294597 0.1730148 0.0589825 0.0568782 0.0267058 0.0573819 0.1216849 0.1268694 0.0601622 0.3373532 0.0937823 0.0922633 0.1814655 0.1310615 
