68
S0055      0.0000000 0.0505490 0.0627466 0.0570811 0.0456815 0.0875527 0.1110516 0.0614631 0.0498631 0.0447083 0.0610859 0.0676620 0.0554860 0.0959255 0.0739290 0.0795584 0.0858975 0.0818343 0.0574332 0.0415756 0.1438613 0.0838466 0.0615506 0.0555654 0.0557345 0.1102477 0.1417796 0.1589006 0.0729013 0.0500553 0.0750186 0.0504611 0.0451798 0.0807550 0.0305722 0.0795106 0.0621187 0.0389737 0.0637262 0.0565954 0.0498376 0.0445834 0.0281048 0.0505252 0.0754078 0.0617281 0.0621490 0.0345287 0.0557957 0.0943739 0.0353225 0.0574816 0.0508247 0.0392414 0.0938424 0.0392679 0.0765898 0.0555940 0.0460227 0.0577062 0.0448857 0.0748749 0.0738438 0.0675778 0.0498877 0.0564302 0.0861436 0.0501289 
S0282      0.0505490 0.0000000 0.0986923 0.0812052 0.0192674 0.1147574 0.1384795 0.0982308 0.0236827 0.0341324 0.0613198 0.0975680 0.0552621 0.1099585 0.0848010 0.0615625 0.1240218 0.1055100 0.0624185 0.0112030 0.1802169 0.0954227 0.0446483 0.0553410 0.0288693 0.1375391 0.1775589 0.1741287 0.0901031 0.0742638 0.0927107 0.0289469 0.0555414 0.0986864 0.0655389 0.1040990 0.0855345 0.0235652 0.0931683 0.0949372 0.0285943 0.0287514 0.0734559 0.0691772 0.1057091 0.1005466 0.0952118 0.0340830 0.0555699 0.1205867 0.0194994 0.0884842 0.0786605 0.0237243 0.1120137 0.0551074 0.1080708 0.0442876 0.0510262 0.0866147 0.0796293 0.0994867 0.0732576 0.0912864 0.0659375 0.0847136 0.1037441 0.0719354 
S0289      0.0627466 0.0986923 0.0000000 0.0817395 0.0935663 0.0935575 0.0649005 0.0795831 0.0972152 0.0791951 0.0792640 0.0239883 0.0780646 0.0915371 0.0852622 0.1191336 0.0398149 0.0816465 0.0748542 0.0742880 0.1616545 0.0696939 0.1112495 0.0665053 0.1043446 0.1172415 0.1547167 0.1366456 0.0852915 0.0983986 0.0725416 0.1046159 0.0731003 0.0993061 0.0257624 0.0901802 0.0724992 0.0843459 0.0685361 0.0955508 0.1033210 0.0792856 0.0936828 0.1017624 0.0818679 0.1076534 0.1085250 0.0626112 0.0785104 0.0865425 0.0760671 0.0890655 0.0670984 0.0849410 0.0447806 0.0499111 0.0644434 0.0856240 0.0628354 0.0689970 0.0619629 0.0781908 0.0976420 0.0795460 0.0552752 0.0729470 0.0859532 0.0778861 
S0292      0.0570811 0.0812052 0.0817395 0.0000000 0.0751362 0.0899941 0.1245392 0.0748494 0.0860158 0.0869813 0.0874358 0.0804647 0.0500919 0.0794159 0.0737705 0.1003808 0.0865575 0.0818076 0.0572959 0.0689950 0.1711877 0.0714277 0.0996366 0.0556082 0.0929196 0.1018255 0.1600238 0.1837410 0.0748078 0.0800950 0.0296226 0.0870859 0.0734610 0.0748479 0.0426243 0.0791329 0.0618264 0.0734822 0.0348559 0.0190447 0.0859920 0.0741737 0.0687124 0.0953071 0.0756827 0.0346159 0.0294328 0.0689912 0.0558391 0.0808614 0.0640782 0.0354420 0.0509297 0.0740044 0.0948564 0.0501636 0.0822126 0.0682656 0.0406179 0.0508052 0.0572486 0.0745149 0.0742262 0.0568190 0.0395362 0.0565491 0.0739592 0.0613182 
S0293      0.0456815 0.0192674 0.0935663 0.0751362 0.0000000 0.1094583 0.1243297 0.0931311 0.0141588 0.0242934 0.0564328 0.0924963 0.0558453 0.1176512 0.0798069 0.0399927 0.1188038 0.1003444 0.0518169 0.0113586 0.1742272 0.0828824 0.0345994 0.0614824 0.0191767 0.1234449 0.1795244 0.1670272 0.0851191 0.0692407 0.0804536 0.0141375 0.0449656 0.0935603 0.0607248 0.0920869 0.0740253 0.0140884 0.0808556 0.0823912 0.0189927 0.0190994 0.0684823 0.0583164 0.1005376 0.0878903 0.0885594 0.0293287 0.0617414 0.1078503 0.0096680 0.0761537 0.0736997 0.0141838 0.0996531 0.0502946 0.1027883 0.0395228 0.0402120 0.0745414 0.0682634 0.0874454 0.0799535 0.0862454 0.0610990 0.0797231 0.0986494 0.0670507 
S0294      0.0875527 0.1147574 0.0935575 0.0899941 0.1094583 0.0000000 0.1335021 0.0968101 0.1129608 0.0981299 0.1088810 0.0944323 0.0986026 0.1107386 0.1043898 0.1365055 0.1137319 0.1102297 0.0953533 0.0764366 0.1750894 0.0821607 0.1280110 0.0921547 0.1206306 0.0814929 0.1867758 0.1905202 0.1115485 0.1226750 0.1003812 0.1209451 0.0934710 0.1291296 0.0546022 0.1310046 0.1111133 0.0992108 0.0817564 0.1184346 0.1194299 0.0939653 0.0880311 0.1328802 0.1157193 0.1313299 0.1324868 0.0764302 0.0991841 0.1122965 0.0910628 0.1114343 0.0733048 0.0999254 0.1070695 0.0507930 0.1179118 0.1007318 0.0824101 0.0938695 0.0785107 0.1264011 0.1197739 0.1130408 0.0986275 0.0792859 0.0861416 0.0923050 
S0299      0.1110516 0.1384795 0.0649005 0.1245392 0.1243297 0.1335021 0.0000000 0.1165551 0.1361746 0.1155509 0.1478803 0.0716939 0.1213324 0.1446467 0.1303386 0.1606007 0.0651118 0.1167839 0.1257888 0.1108412 0.2095568 0.1159800 0.1527547 0.1077596 0.1371932 0.1859413 0.2105894 0.1967656 0.1445924 0.1466319 0.1304023 0.1450283 0.1153618 0.1535482 0.0447502 0.1144552 0.1014094 0.1211447 0.1111823 0.1487284 0.1431862 0.1226686 0.1041418 0.1591295 0.0966265 0.1566330 0.1581473 0.1037651 0.1220740 0.1251233 0.1124499 0.1436117 0.1221747 0.1220357 0.0755313 0.0820650 0.1121125 0.1230194 0.1143040 0.1114833 0.1026534 0.1018562 0.1596399 0.1294412 0.1006824 0.1293087 0.1311980 0.1211026 
S0335      0.0614631 0.0982308 0.0795831 0.0748494 0.0931311 0.0968101 0.1165551 0.0000000 0.0967687 0.0833105 0.0986373 0.0904955 0.0771284 0.1071866 0.0714704 0.1317965 0.0909011 0.0993240 0.0739314 0.0820020 0.1770200 0.0870421 0.1041712 0.0712527 0.1038521 0.1224722 0.1672281 0.1569959 0.0665507 0.1053091 0.0801379 0.1041209 0.0781927 0.0980669 0.0530560 0.0968307 0.0787789 0.0839749 0.0560804 0.0882090 0.1028382 0.0907641 0.0974852 0.1222952 0.0928779 0.0937250 0.0944468 0.0738009 0.0775639 0.0975930 0.0758156 0.0758579 0.0439478 0.0845647 0.1051715 0.0602134 0.0943797 0.0909296 0.0620684 0.0612979 0.0233954 0.0922558 0.0788925 0.0727889 0.0603818 0.0492838 0.0758083 0.0604494 
S0400      0.0498631 0.0236827 0.0972152 0.0860158 0.0141588 0.1129608 0.1361746 0.0967687 0.0000000 0.0286605 0.0604746 0.0961247 0.0653406 0.1209377 0.0835788 0.0552287 0.1220965 0.1039102 0.0559782 0.0167052 0.1846921 0.0939642 0.0388650 0.0654325 0.0235722 0.1352886 0.1820123 0.1785678 0.0888008 0.0731982 0.0913360 0.0236350 0.0547862 0.0972095 0.0649897 0.1025389 0.0842920 0.0184786 0.0917814 0.0934999 0.0233510 0.0234784 0.0724121 0.0624511 0.1041043 0.0990187 0.0997874 0.0336396 0.0657035 0.1186922 0.0143246 0.0871596 0.0775407 0.0186013 0.1102955 0.0543640 0.1063924 0.0437033 0.0503263 0.0853423 0.0784827 0.0979883 0.0837272 0.0899512 0.0650330 0.0834936 0.1021941 0.0709333 
S0405      0.0447083 0.0341324 0.0791951 0.0869813 0.0242934 0.0981299 0.1155509 0.0833105 0.0286605 0.0000000 0.0726581 0.0783199 0.0660513 0.1152931 0.0711275 0.0558371 0.1030469 0.1050623 0.0566030 0.0110373 0.1617598 0.0866154 0.0392885 0.0601723 0.0339656 0.1225456 0.1593977 0.1562940 0.0819263 0.0740151 0.0923521 0.0340567 0.0553858 0.0982881 0.0531985 0.0910256 0.0731973 0.0186746 0.0846543 0.0945571 0.0336413 0.0237301 0.0669906 0.0569451 0.0924296 0.1001300 0.1009163 0.0340048 0.0664216 0.0977948 0.0144823 0.0881467 0.0709431 0.0187999 0.1043842 0.0441528 0.0882692 0.0441765 0.0508866 0.0784099 0.0658954 0.0864319 0.0970200 0.0660679 0.0657375 0.0767261 0.0948813 0.0717050 
S0412sl    0.0610859 0.0613198 0.0792640 0.0874358 0.0564328 0.1088810 0.1478803 0.0986373 0.0604746 0.0726581 0.0000000 0.0844131 0.0662813 0.1103828 0.0780067 0.0915677 0.1114556 0.1003736 0.0616759 0.0676659 0.2021826 0.0758897 0.0845283 0.0663756 0.0665802 0.1241324 0.1834367 0.1908085 0.0962985 0.0838210 0.0911469 0.0667552 0.0733706 0.1051489 0.0533166 0.1105958 0.0917369 0.0601639 0.0935670 0.0934636 0.0659359 0.0552996 0.0845131 0.0989516 0.1133793 0.1053170 0.1061504 0.0450810 0.0666543 0.1141646 0.0515809 0.0856732 0.0790129 0.0605798 0.0985567 0.0501079 0.1086628 0.0664074 0.0566799 0.0869962 0.0799881 0.0912586 0.0836888 0.0975637 0.0716827 0.0850838 0.0918364 0.0781651 
S0417      0.0676620 0.0975680 0.0239883 0.0804647 0.0924963 0.0944323 0.0716939 0.0904955 0.0961247 0.0783199 0.0844131 0.0000000 0.0710225 0.0901341 0.0895733 0.1177467 0.0449455 0.0860650 0.0792764 0.0744727 0.1709122 0.0762943 0.1099734 0.0598489 0.1031592 0.1205045 0.1452725 0.1423907 0.0962837 0.0965149 0.0848847 0.1034251 0.0722988 0.0977586 0.0256558 0.1028318 0.0845167 0.0834170 0.0740561 0.0936730 0.1021556 0.0784099 0.0861160 0.1069297 0.0805906 0.1055529 0.1063902 0.0619217 0.0714198 0.0993321 0.0752009 0.0873152 0.0654814 0.0839998 0.0560446 0.0442844 0.0689850 0.0782219 0.0672942 0.0734391 0.0725332 0.0904027 0.1088666 0.0838895 0.0651899 0.0711785 0.0846341 0.0770378 
S0419      0.0554860 0.0552621 0.0780646 0.0500919 0.0558453 0.0986026 0.1213324 0.0771284 0.0653406 0.0660513 0.0662813 0.0710225 0.0000000 0.0765540 0.0649813 0.0962687 0.0948136 0.0781312 0.0493917 0.0470115 0.1307720 0.0801532 0.0775644 0.0090518 0.0715069 0.1193158 0.1347527 0.1464180 0.0715917 0.0778575 0.0609621 0.0716932 0.0593508 0.0658853 0.0469120 0.0603509 0.0548121 0.0540132 0.0553442 0.0563581 0.0708210 0.0599138 0.0785012 0.0925737 0.0782820 0.0614725 0.0618906 0.0549794 0.0090845 0.0736599 0.0508780 0.0507513 0.0593662 0.0543816 0.1031434 0.0482003 0.0794782 0.0491169 0.0337136 0.0497075 0.0600724 0.0668809 0.0653723 0.0490043 0.0328595 0.0649133 0.0709916 0.0430516 
S0427      0.0959255 0.1099585 0.0915371 0.0794159 0.1176512 0.1107386 0.1446467 0.1071866 0.1209377 0.1152931 0.1103828 0.0901341 0.0765540 0.0000000 0.0893749 0.1302675 0.0843191 0.1043176 0.0786854 0.0958884 0.1774380 0.0816370 0.1359110 0.0766611 0.1285779 0.1279996 0.1514656 0.1413821 0.1157653 0.1036335 0.0974276 0.1289009 0.0957999 0.1097621 0.0530934 0.1022309 0.0959272 0.1072865 0.0914962 0.1057037 0.1273385 0.1021623 0.0959437 0.1266241 0.0913887 0.1178234 0.1187879 0.0849372 0.0769836 0.1054862 0.0995760 0.0991734 0.1016654 0.1080352 0.0981914 0.0595174 0.1056786 0.0822999 0.0726090 0.0975249 0.0886495 0.1101685 0.1021020 0.0956134 0.0822258 0.1080502 0.0552065 0.0943791 
S0558      0.0739290 0.0848010 0.0852622 0.0737705 0.0798069 0.1043898 0.1303386 0.0714704 0.0835788 0.0711275 0.0780067 0.0895733 0.0649813 0.0893749 0.0000000 0.1168545 0.0963141 0.0920020 0.0443033 0.0471485 0.1681571 0.0670543 0.0905385 0.0592008 0.0902697 0.1146499 0.1503058 0.1554147 0.0828110 0.0619580 0.0855051 0.0905040 0.0833684 0.0789855 0.0648966 0.0724807 0.0556214 0.0714143 0.0663792 0.0869272 0.0893944 0.0778228 0.0742489 0.0883056 0.0921787 0.0923720 0.0930729 0.0672209 0.0653404 0.0787796 0.0688161 0.0735203 0.0647710 0.0719099 0.1111960 0.0597841 0.0936578 0.0551060 0.0394645 0.0605392 0.0655423 0.0678917 0.0765298 0.0722565 0.0595440 0.0704053 0.0541557 0.0711645 
S0641      0.0795584 0.0615625 0.1191336 0.1003808 0.0399927 0.1365055 0.1606007 0.1317965 0.0552287 0.0558371 0.0915677 0.1177467 0.0962687 0.1302675 0.1168545 0.0000000 0.1457892 0.1263648 0.0730326 0.0479095 0.2135662 0.0931535 0.0671516 0.0964036 0.0612270 0.1607736 0.1941622 0.1724204 0.1071319 0.1058132 0.1123447 0.0558380 0.0609574 0.1324673 0.0711804 0.1380982 0.1178641 0.0441430 0.1265574 0.0951998 0.0606331 0.0333995 0.1046436 0.0942644 0.1401995 0.1145874 0.1218401 0.0503806 0.0968259 0.1425380 0.0299633 0.1082243 0.1101121 0.0444467 0.1319026 0.0725393 0.1208855 0.0722673 0.0736255 0.1193439 0.0974715 0.1334968 0.1306733 0.1240433 0.0958026 0.1036264 0.1242536 0.1024835 
S0645sl    0.0858975 0.1240218 0.0398149 0.0865575 0.1188038 0.1137319 0.0651118 0.0909011 0.1220965 0.1030469 0.1114556 0.0449455 0.0948136 0.0843191 0.0963141 0.1457892 0.0000000 0.0864544 0.0919818 0.0968302 0.2033853 0.0824503 0.1372257 0.0828247 0.1298172 0.1445250 0.1755043 0.1649788 0.1095264 0.1250031 0.1050855 0.1301452 0.0907109 0.1173034 0.0258095 0.0970800 0.0789670 0.1083078 0.0723770 0.1137235 0.1285587 0.1031426 0.0922845 0.1278796 0.0744485 0.1261666 0.1272347 0.0857599 0.0953561 0.0935005 0.1005635 0.1069899 0.0901117 0.1090688 0.0513667 0.0603599 0.0814945 0.1028995 0.0794944 0.0858975 0.0848355 0.0924916 0.1226241 0.0966023 0.0709928 0.0963279 0.0906901 0.1013545 
S0656sl    0.0818343 0.1055100 0.0816465 0.0818076 0.1003444 0.1102297 0.1167839 0.0993240 0.1039102 0.1050623 0.1003736 0.0860650 0.0781312 0.1043176 0.0920020 0.1263648 0.0864544 0.0000000 0.0749229 0.0908831 0.1826531 0.0903937 0.1049954 0.0782417 0.1112199 0.1255217 0.1565429 0.1537402 0.1116580 0.0996067 0.1003237 0.1115075 0.0731678 0.0857420 0.0486485 0.0985922 0.0802182 0.0907521 0.0816185 0.0956130 0.1101289 0.0856463 0.1076085 0.1069720 0.0622926 0.1077044 0.1011386 0.0687124 0.0785767 0.1017917 0.0825802 0.0891315 0.0795770 0.0913941 0.0788016 0.0671376 0.0287042 0.0854408 0.0629032 0.0752571 0.0805637 0.0939582 0.1046545 0.0919276 0.0723842 0.0856853 0.0924811 0.0843787 
S0689      0.0574332 0.0624185 0.0748542 0.0572959 0.0518169 0.0953533 0.1257888 0.0739314 0.0559782 0.0566030 0.0616759 0.0792764 0.0493917 0.0786854 0.0443033 0.0730326 0.0919818 0.0749229 0.0000000 0.0421167 0.1408430 0.0401766 0.0680929 0.0494616 0.0620732 0.1098261 0.1307554 0.1362025 0.0721739 0.0629934 0.0686893 0.0622404 0.0669425 0.0679834 0.0256014 0.0793495 0.0619678 0.0447268 0.0572819 0.0698451 0.0614630 0.0441115 0.0691506 0.0709432 0.0625465 0.0695041 0.0700031 0.0510901 0.0496625 0.0942141 0.0412103 0.0571096 0.0558478 0.0450386 0.1004450 0.0443097 0.0694484 0.0504245 0.0193358 0.0514353 0.0565318 0.0747128 0.0719155 0.0615050 0.0441265 0.0615028 0.0616405 0.0605708 
S0690      0.0415756 0.0112030 0.0742880 0.0689950 0.0113586 0.0764366 0.1108412 0.0820020 0.0167052 0.0110373 0.0676659 0.0744727 0.0470115 0.0958884 0.0471485 0.0479095 0.0968302 0.0908831 0.0421167 0.0000000 0.1561830 0.0699910 0.0168078 0.0407620 0.0167382 0.1182918 0.1561666 0.1616710 0.0662896 0.0553453 0.0758648 0.0227649 0.0474452 0.0905154 0.0436995 0.0745740 0.0608738 0.0054186 0.0687342 0.0859481 0.0224360 0.0110509 0.0546216 0.0425190 0.0836227 0.0925691 0.0851773 0.0223672 0.0473186 0.0824674 0.0000021 0.0784209 0.0599864 0.0000010 0.0978464 0.0406808 0.1013219 0.0225191 0.0356132 0.0685051 0.0677010 0.0759572 0.0820129 0.0750933 0.0530743 0.0667338 0.0671135 0.0536396 
S0735      0.1438613 0.1802169 0.1616545 0.1711877 0.1742272 0.1750894 0.2095568 0.1770200 0.1846921 0.1617598 0.2021826 0.1709122 0.1307720 0.1774380 0.1681571 0.2135662 0.2033853 0.1826531 0.1408430 0.1561830 0.0000000 0.1997916 0.1840011 0.1304041 0.1944194 0.1812699 0.0288373 0.0613180 0.1939074 0.1523017 0.1852987 0.1870352 0.1754803 0.1878427 0.1185855 0.1594038 0.1517733 0.1676531 0.1729115 0.1625305 0.1847198 0.1770021 0.1755406 0.1718790 0.1661416 0.1554477 0.1699933 0.1714848 0.1456900 0.1714723 0.1607821 0.1813902 0.1605688 0.1688758 0.1823518 0.1511038 0.1564958 0.1694689 0.1565930 0.1644978 0.1613569 0.1696297 0.1686800 0.1696293 0.1588815 0.1529107 0.1774768 0.1590296 
S0742      0.0838466 0.0954227 0.0696939 0.0714277 0.0828824 0.0821607 0.1159800 0.0870421 0.0939642 0.0866154 0.0758897 0.0762943 0.0801532 0.0816370 0.0670543 0.0931535 0.0824503 0.0903937 0.0401766 0.0699910 0.1997916 0.0000000 0.1082301 0.0740201 0.0946467 0.1283995 0.1839410 0.1642934 0.0729256 0.0957443 0.0756633 0.1014759 0.0695666 0.0948071 0.0259061 0.0928888 0.0807403 0.0808840 0.0638972 0.0916130 0.1001848 0.0680880 0.0905450 0.1126054 0.0969869 0.1033259 0.1041681 0.0646732 0.0806228 0.0876669 0.0723032 0.0900148 0.0679450 0.0814700 0.0882300 0.0457968 0.0909069 0.0818978 0.0511382 0.0696719 0.0687899 0.0946436 0.0989585 0.0944170 0.0742351 0.0738790 0.0626922 0.0863974 
S0756      0.0615506 0.0446483 0.1112495 0.0996366 0.0345994 0.1280110 0.1527547 0.1041712 0.0388650 0.0392885 0.0845283 0.1099734 0.0775644 0.1359110 0.0905385 0.0671516 0.1372257 0.1049954 0.0680929 0.0168078 0.1840011 0.1082301 0.0000000 0.0776740 0.0444216 0.1515444 0.1922428 0.1886240 0.0958632 0.0861128 0.1051039 0.0445402 0.0666134 0.1112419 0.0781783 0.1167075 0.0976201 0.0284830 0.0977166 0.1076091 0.0439953 0.0337852 0.0851736 0.0750094 0.1184941 0.1133068 0.1142334 0.0444816 0.0780046 0.1339260 0.0245587 0.1009640 0.0904500 0.0286757 0.1390134 0.0660839 0.1075269 0.0549271 0.0621584 0.0911770 0.0915621 0.1121260 0.1035658 0.1035015 0.0771936 0.0966891 0.1163126 0.0834184 
S0760      0.0555654 0.0553410 0.0665053 0.0556082 0.0614824 0.0921547 0.1077596 0.0712527 0.0654325 0.0601723 0.0663756 0.0598489 0.0090518 0.0766611 0.0592008 0.0964036 0.0828247 0.0782417 0.0494616 0.0407620 0.1304041 0.0740201 0.0776740 0.0000000 0.0716078 0.1261802 0.1208715 0.1322712 0.0658033 0.0779678 0.0666489 0.0717946 0.0594338 0.0659786 0.0413637 0.0657822 0.0601594 0.0540887 0.0552132 0.0620487 0.0709203 0.0599982 0.0786126 0.0927070 0.0783935 0.0672129 0.0676785 0.0550575 0.0090967 0.0732548 0.0509520 0.0563416 0.0538739 0.0544581 0.0906972 0.0482670 0.0795928 0.0491860 0.0337600 0.0495919 0.0545122 0.0724752 0.0654642 0.0490731 0.0329045 0.0593169 0.0652538 0.0431111 
S0763      0.0557345 0.0288693 0.1043446 0.0929196 0.0191767 0.1206306 0.1371932 0.1038521 0.0235722 0.0339656 0.0665802 0.1031592 0.0715069 0.1285779 0.0902697 0.0612270 0.1298172 0.1112199 0.0620732 0.0167382 0.1944194 0.0946467 0.0444216 0.0716078 0.0000000 0.1277938 0.1915909 0.1879892 0.0955778 0.0797250 0.0983227 0.0288082 0.0607354 0.0981542 0.0716363 0.0833572 0.0777373 0.0234559 0.0988012 0.1006626 0.0284590 0.0286146 0.0788610 0.0687800 0.1114254 0.1062808 0.1071295 0.0390593 0.0719091 0.1111704 0.0194064 0.0941586 0.0840714 0.0236134 0.1177737 0.0602591 0.1139146 0.0493320 0.0506696 0.0921858 0.0851011 0.0910229 0.0904272 0.0968252 0.0711670 0.0901783 0.1093744 0.0772398 
S1052sl    0.1102477 0.1375391 0.1172415 0.1018255 0.1234449 0.0814929 0.1859413 0.1224722 0.1352886 0.1225456 0.1241324 0.1205045 0.1193158 0.1279996 0.1146499 0.1607736 0.1445250 0.1255217 0.1098261 0.1182918 0.1812699 0.1283995 0.1515444 0.1261802 0.1277938 0.0000000 0.1900479 0.1788857 0.1364620 0.1309726 0.1208204 0.1439729 0.1145004 0.1381728 0.0966642 0.1197068 0.1001346 0.1205075 0.1082330 0.1237333 0.1421742 0.1150895 0.1313933 0.1569685 0.1391655 0.1366674 0.1378805 0.0966697 0.1267597 0.1169226 0.1127650 0.1166967 0.0869305 0.1213828 0.1468416 0.0750937 0.1271131 0.1148108 0.0962598 0.0872680 0.1021333 0.1150462 0.1145105 0.1214513 0.1125657 0.0932483 0.1152663 0.1127430 
S1100      0.1417796 0.1775589 0.1547167 0.1600238 0.1795244 0.1867758 0.2105894 0.1672281 0.1820123 0.1593977 0.1834367 0.1452725 0.1347527 0.1514656 0.1503058 0.1941622 0.1755043 0.1565429 0.1307554 0.1561666 0.0288373 0.1839410 0.1922428 0.1208715 0.1915909 0.1900479 0.0000000 0.0445141 0.1835994 0.1419818 0.2019340 0.1843048 0.1580838 0.1760611 0.1033047 0.1669272 0.1591583 0.1652239 0.1692435 0.1517297 0.1820380 0.1594836 0.1721314 0.1697475 0.1553692 0.1521463 0.1663976 0.1539923 0.1355681 0.1639616 0.1507111 0.1775493 0.1582331 0.1664193 0.1752010 0.1349397 0.1385370 0.1584593 0.1458640 0.1609972 0.1590018 0.1774062 0.1662246 0.1585940 0.1483524 0.1506850 0.1514965 0.1567278 
S1148      0.1589006 0.1741287 0.1366456 0.1837410 0.1670272 0.1905202 0.1967656 0.1569959 0.1785678 0.1562940 0.1908085 0.1423907 0.1464180 0.1413821 0.1554147 0.1724204 0.1649788 0.1537402 0.1362025 0.1616710 0.0613180 0.1642934 0.1886240 0.1322712 0.1879892 0.1788857 0.0445141 0.0000000 0.1573472 0.1747715 0.1979644 0.1884495 0.1388441 0.1809532 0.1101428 0.1639336 0.1562851 0.1620497 0.1745180 0.1858055 0.1861548 0.1563806 0.2078732 0.1963626 0.1684919 0.1862478 0.2019822 0.1509387 0.1472961 0.1609655 0.1476426 0.1941284 0.1483253 0.1632134 0.1464823 0.1322712 0.1359645 0.1707004 0.1510458 0.1662200 0.1330686 0.1742278 0.1560506 0.1637626 0.1534082 0.1410160 0.1566316 0.1536948 
S1201sl    0.0729013 0.0901031 0.0852915 0.0748078 0.0851191 0.1115485 0.1445924 0.0665507 0.0888008 0.0819263 0.0962985 0.0962837 0.0715917 0.1157653 0.0828110 0.1071319 0.1095264 0.1116580 0.0721739 0.0662896 0.1939074 0.0729256 0.0958632 0.0658033 0.0955778 0.1364620 0.1835994 0.1573472 0.0000000 0.1248958 0.0862448 0.0958232 0.0960738 0.1044652 0.0517741 0.0974403 0.0911554 0.0765121 0.0730231 0.0945598 0.0946573 0.0754736 0.1101694 0.1187278 0.1188740 0.1001337 0.1009202 0.0779429 0.0719948 0.0921155 0.0741064 0.0881481 0.0490494 0.0770402 0.1244118 0.0831207 0.1059901 0.0714264 0.0678486 0.0784099 0.0606657 0.1053008 0.0909175 0.0732470 0.0494759 0.0544564 0.0952763 0.0660648 
S1211      0.0500553 0.0742638 0.0983986 0.0800950 0.0692407 0.1226750 0.1466319 0.1053091 0.0731982 0.0740151 0.0838210 0.0965149 0.0778575 0.1036335 0.0619580 0.1058132 0.1250031 0.0996067 0.0629934 0.0553453 0.1523017 0.0957443 0.0861128 0.0779678 0.0797250 0.1309726 0.1419818 0.1747715 0.1248958 0.0000000 0.0981464 0.0740980 0.0671500 0.0993034 0.0591636 0.1045394 0.0859329 0.0612668 0.0874225 0.0794058 0.0731722 0.0675127 0.0611717 0.0404452 0.0997971 0.0720698 0.0725713 0.0569102 0.0783006 0.1210584 0.0582827 0.0806555 0.0852470 0.0616973 0.1180338 0.0666130 0.1020110 0.0561841 0.0509058 0.0809677 0.0863015 0.0854824 0.0977363 0.0918723 0.0778838 0.0914375 0.0736909 0.0784429 
S1214sl    0.0750186 0.0927107 0.0725416 0.0296226 0.0804536 0.1003812 0.1304023 0.0801379 0.0913360 0.0923521 0.0911469 0.0848847 0.0609621 0.0974276 0.0855051 0.1123447 0.1050855 0.1003237 0.0686893 0.0758648 0.1852987 0.0756633 0.1051039 0.0666489 0.0983227 0.1208204 0.2019340 0.1979644 0.0862448 0.0981464 0.0000000 0.0985798 0.0787652 0.0748340 0.0537436 0.0829960 0.0658620 0.0786834 0.0454499 0.0454613 0.0973565 0.0853780 0.0941928 0.1235333 0.0877057 0.0569999 0.0573885 0.0801937 0.0669296 0.0977174 0.0762982 0.0462140 0.0616503 0.0792389 0.0848655 0.0606294 0.1021858 0.0798807 0.0515091 0.0618347 0.0624081 0.0713849 0.0794726 0.0681019 0.0501176 0.0674163 0.0917995 0.0663926 
S1227      0.0504611 0.0289469 0.1046159 0.0870859 0.0141375 0.1209451 0.1450283 0.1041209 0.0236350 0.0340567 0.0667552 0.1034251 0.0716932 0.1289009 0.0905040 0.0558380 0.1301452 0.1115075 0.0622404 0.0227649 0.1870352 0.1014759 0.0445402 0.0717946 0.0288082 0.1439729 0.1843048 0.1884495 0.0958232 0.0740980 0.0985798 0.0000000 0.0608960 0.1046095 0.0656481 0.1100266 0.0912829 0.0235181 0.0990602 0.0946757 0.0091010 0.0286909 0.0732948 0.0632238 0.1117138 0.1002578 0.1010465 0.0391637 0.0720973 0.1267884 0.0194600 0.0944098 0.0842910 0.0236764 0.1180767 0.0604173 0.1142144 0.0494623 0.0564213 0.0924285 0.0853248 0.1054467 0.0906628 0.0970761 0.0713518 0.0904118 0.1096545 0.0774403 
S1235sl    0.0451798 0.0555414 0.0731003 0.0734610 0.0449656 0.0934710 0.1153618 0.0781927 0.0547862 0.0553858 0.0733706 0.0722988 0.0593508 0.0957999 0.0833684 0.0609574 0.0907109 0.0731678 0.0669425 0.0474452 0.1754803 0.0695666 0.0666134 0.0594338 0.0607354 0.1145004 0.1580838 0.1388441 0.0960738 0.0671500 0.0787652 0.0608960 0.0000000 0.0903183 0.0417788 0.0955793 0.0777489 0.0437894 0.0733027 0.0744422 0.0601497 0.0390280 0.0796018 0.0812940 0.0850019 0.0919999 0.0926956 0.0291379 0.0596762 0.0986133 0.0349973 0.0744376 0.0601644 0.0440886 0.0726909 0.0385256 0.0807430 0.0605808 0.0554794 0.0672435 0.0493625 0.0910442 0.0832770 0.0832968 0.0647380 0.0657915 0.0837911 0.0540646 
S1238sl    0.0807550 0.0986864 0.0993061 0.0748479 0.0935603 0.1291296 0.1535482 0.0980669 0.0972095 0.0982881 0.1051489 0.0977586 0.0658853 0.1097621 0.0789855 0.1324673 0.1173034 0.0857420 0.0679834 0.0905154 0.1878427 0.0948071 0.1112419 0.0659786 0.0981542 0.1381728 0.1760611 0.1809532 0.1044652 0.0993034 0.0748340 0.1046095 0.0903183 0.0000000 0.0788373 0.0916823 0.0795102 0.0843399 0.0805436 0.0882280 0.1033148 0.0911702 0.1062501 0.1159418 0.0995542 0.0937541 0.0944775 0.0859719 0.0662544 0.1138123 0.0821618 0.0819172 0.0730186 0.0849351 0.1267043 0.0775622 0.0931986 0.0790886 0.0451116 0.0742571 0.0795103 0.0931451 0.0972445 0.0664926 0.0603661 0.0789796 0.0976059 0.0708705 
S1239      0.0305722 0.0655389 0.0257624 0.0426243 0.0607248 0.0546022 0.0447502 0.0530560 0.0649897 0.0531985 0.0533166 0.0256558 0.0469120 0.0530934 0.0648966 0.0711804 0.0258095 0.0486485 0.0256014 0.0436995 0.1185855 0.0259061 0.0781783 0.0413637 0.0716363 0.0966642 0.1033047 0.1101428 0.0517741 0.0591636 0.0537436 0.0656481 0.0417788 0.0788373 0.0000000 0.0650701 0.0475864 0.0528148 0.0426576 0.0607519 0.0647874 0.0410213 0.0471965 0.0664200 0.0428260 0.0664896 0.0669829 0.0368040 0.0471836 0.0476437 0.0433022 0.0611973 0.0415389 0.0532029 0.0256816 0.0200465 0.0488651 0.0590877 0.0369813 0.0483049 0.0360993 0.0536243 0.0717585 0.0654868 0.0468564 0.0471965 0.0533139 0.0527179 
S1245      0.0795106 0.1040990 0.0901802 0.0791329 0.0920869 0.1310046 0.1144552 0.0968307 0.1025389 0.0910256 0.1105958 0.1028318 0.0603509 0.1022309 0.0724807 0.1380982 0.0970800 0.0985922 0.0793495 0.0745740 0.1594038 0.0928888 0.1167075 0.0657822 0.0833572 0.1197068 0.1669272 0.1639336 0.0974403 0.1045394 0.0829960 0.1100266 0.0955793 0.0916823 0.0650701 0.0000000 0.0136390 0.0895601 0.0847737 0.0924632 0.1086780 0.0964673 0.0988179 0.1355719 0.0861766 0.0979270 0.0986786 0.0912939 0.0660561 0.0287390 0.0875892 0.0861936 0.0837386 0.0901873 0.1031921 0.0710304 0.1003948 0.0785009 0.0561737 0.0785191 0.0785294 0.0234343 0.0900682 0.0669161 0.0601915 0.0898205 0.0906089 0.0657279 
S1246      0.0621187 0.0855345 0.0724992 0.0618264 0.0740253 0.1111133 0.1014094 0.0787789 0.0842920 0.0731973 0.0917369 0.0845167 0.0548121 0.0959272 0.0556214 0.1178641 0.0789670 0.0802182 0.0619678 0.0608738 0.1517733 0.0807403 0.0976201 0.0601594 0.0777373 0.1001346 0.1591583 0.1562851 0.0911554 0.0859329 0.0658620 0.0912829 0.0777489 0.0795102 0.0475864 0.0136390 0.0000000 0.0720190 0.0672708 0.0743630 0.0901566 0.0784871 0.0803902 0.1149795 0.0683798 0.0796740 0.0802526 0.0733739 0.0604075 0.0237307 0.0694230 0.0683970 0.0664354 0.0725221 0.0848252 0.0545147 0.0816370 0.0613325 0.0453011 0.0613476 0.0613498 0.0091616 0.0724291 0.0611916 0.0546661 0.0722208 0.0844729 0.0711355 
S1278      0.0389737 0.0235652 0.0843459 0.0734822 0.0140884 0.0992108 0.1211447 0.0839749 0.0184786 0.0186746 0.0601639 0.0834170 0.0540132 0.1072865 0.0714143 0.0441430 0.1083078 0.0907521 0.0447268 0.0054186 0.1676531 0.0808840 0.0284830 0.0540887 0.0234559 0.1205075 0.1652239 0.1620497 0.0765121 0.0612668 0.0786834 0.0235181 0.0437894 0.0843399 0.0528148 0.0895601 0.0720190 0.0000000 0.0790704 0.0805416 0.0232368 0.0137709 0.0606186 0.0508142 0.0909251 0.0859159 0.0865532 0.0234779 0.0543074 0.1047923 0.0046644 0.0744583 0.0656282 0.0090925 0.1097028 0.0434611 0.0928764 0.0332190 0.0393171 0.0729116 0.0664186 0.0850216 0.0832895 0.0774946 0.0537619 0.0713400 0.0892610 0.0593876 
S1332      0.0637262 0.0931683 0.0685361 0.0348559 0.0808556 0.0817564 0.1111823 0.0560804 0.0917814 0.0846543 0.0935670 0.0740561 0.0553442 0.0914962 0.0663792 0.1265574 0.0723770 0.0816185 0.0572819 0.0687342 0.1729115 0.0638972 0.0977166 0.0552132 0.0988012 0.1082330 0.1692435 0.1745180 0.0730231 0.0874225 0.0454499 0.0990602 0.0733027 0.0805436 0.0426576 0.0847737 0.0672708 0.0790704 0.0000000 0.0575143 0.0978274 0.0857977 0.0757296 0.1032975 0.0695834 0.0627243 0.0631596 0.0688435 0.0611836 0.0854398 0.0766907 0.0462537 0.0392468 0.0796306 0.0880060 0.0500693 0.0830846 0.0738328 0.0459019 0.0234901 0.0397186 0.0801814 0.0739683 0.0622544 0.0391320 0.0445608 0.0609301 0.0556637 
S1366      0.0565954 0.0949372 0.0955508 0.0190447 0.0823912 0.1184346 0.1487284 0.0882090 0.0934999 0.0945571 0.0934636 0.0936730 0.0563581 0.1057037 0.0869272 0.0951998 0.1137235 0.0956130 0.0698451 0.0859481 0.1625305 0.0916130 0.1076091 0.0620487 0.1006626 0.1237333 0.1517297 0.1858055 0.0945598 0.0794058 0.0454613 0.0946757 0.0744422 0.0882280 0.0607519 0.0924632 0.0743630 0.0805416 0.0575143 0.0000000 0.0934780 0.0813094 0.0800723 0.0944580 0.1022216 0.0293255 0.0345437 0.0760414 0.0623119 0.1017541 0.0649706 0.0351426 0.0689063 0.0811206 0.1231421 0.0679405 0.0896126 0.0752154 0.0523729 0.0628585 0.0697703 0.0878182 0.0874599 0.0692378 0.0509370 0.0630291 0.0999047 0.0679503 
S1369      0.0498376 0.0285943 0.1033210 0.0859920 0.0189927 0.1194299 0.1431862 0.1028382 0.0233510 0.0336413 0.0659359 0.1021556 0.0708210 0.1273385 0.0893944 0.0606331 0.1285587 0.1101289 0.0614630 0.0224360 0.1847198 0.1001848 0.0439953 0.0709203 0.0284590 0.1421742 0.1820380 0.1861548 0.0946573 0.0731722 0.0973565 0.0091010 0.0601497 0.1033148 0.0647874 0.1086780 0.0901566 0.0232368 0.0978274 0.0934780 0.0000000 0.0283444 0.0723871 0.0624241 0.1103316 0.0989988 0.0997676 0.0386859 0.0712161 0.1252142 0.0192183 0.0932177 0.0832575 0.0233915 0.1166194 0.0596822 0.1127757 0.0488616 0.0557176 0.0912781 0.0842694 0.1041360 0.0895502 0.0958838 0.0704871 0.0893044 0.1083135 0.0764984 
S1370      0.0445834 0.0287514 0.0792856 0.0741737 0.0190994 0.0939653 0.1226686 0.0907641 0.0234784 0.0237301 0.0552996 0.0784099 0.0599138 0.1021623 0.0778228 0.0333995 0.1031426 0.0856463 0.0441115 0.0110509 0.1770021 0.0680880 0.0337852 0.0599982 0.0286146 0.1150895 0.1594836 0.1563806 0.0754736 0.0675127 0.0853780 0.0286909 0.0390280 0.0911702 0.0410213 0.0964673 0.0784871 0.0137709 0.0857977 0.0813094 0.0283444 0.0000000 0.0667895 0.0568619 0.0979449 0.0928767 0.0935853 0.0188315 0.0602449 0.0995478 0.0047070 0.0811626 0.0718815 0.0138621 0.1044809 0.0387354 0.0865750 0.0385951 0.0449891 0.0794667 0.0727546 0.0919065 0.0900137 0.0840801 0.0596322 0.0777425 0.0842275 0.0654237 
S1375      0.0281048 0.0734559 0.0936828 0.0687124 0.0684823 0.0880311 0.1041418 0.0974852 0.0724121 0.0669906 0.0845131 0.0861160 0.0785012 0.0959437 0.0742489 0.1046436 0.0922845 0.1076085 0.0691506 0.0546216 0.1755406 0.0905450 0.0851736 0.0786126 0.0788610 0.1313933 0.1721314 0.2078732 0.1101694 0.0611717 0.0941928 0.0732948 0.0796018 0.1062501 0.0471965 0.0988179 0.0803902 0.0606186 0.0757296 0.0800723 0.0723871 0.0667895 0.0000000 0.0562399 0.0878031 0.0854200 0.0860501 0.0562980 0.0789514 0.1150464 0.0576413 0.0813409 0.0859610 0.0610403 0.1142136 0.0499814 0.1023190 0.0669131 0.0573060 0.0816576 0.0790645 0.0807436 0.1115862 0.0917430 0.0724402 0.0922027 0.0861538 0.0847835 
S1381      0.0505252 0.0691772 0.1017624 0.0953071 0.0583164 0.1328802 0.1591295 0.1222952 0.0624511 0.0569451 0.0989516 0.1069297 0.0925737 0.1266241 0.0883056 0.0942644 0.1278796 0.1069720 0.0709432 0.0425190 0.1718790 0.1126054 0.0750094 0.0927070 0.0687800 0.1569685 0.1697475 0.1963626 0.1187278 0.0404452 0.1235333 0.0632238 0.0812940 0.1159418 0.0664200 0.1355719 0.1149795 0.0508142 0.1032975 0.0944580 0.0624241 0.0568619 0.0562399 0.0000000 0.1165056 0.1000406 0.1008276 0.0574629 0.0931204 0.1545731 0.0474488 0.0888238 0.1006808 0.0511737 0.1282495 0.0806106 0.1028087 0.0682994 0.0704912 0.0963646 0.1019582 0.1308592 0.1278978 0.1004437 0.0861149 0.1073077 0.1013464 0.0932863 
S1405      0.0754078 0.1057091 0.0818679 0.0756827 0.1005376 0.1157193 0.0966265 0.0928779 0.1041043 0.0924296 0.1133793 0.0805906 0.0782820 0.0913887 0.0921787 0.1401995 0.0744485 0.0622926 0.0625465 0.0836227 0.1661416 0.0969869 0.1184941 0.0783935 0.1114254 0.1391655 0.1553692 0.1684919 0.1188740 0.0997971 0.0877057 0.1117138 0.0850019 0.0995542 0.0428260 0.0861766 0.0683798 0.0909251 0.0695834 0.1022216 0.1103316 0.0979449 0.0878031 0.1165056 0.0000000 0.1079089 0.1087830 0.0806062 0.0787297 0.1015495 0.0889821 0.0893086 0.0797327 0.0915691 0.0685472 0.0556518 0.0642317 0.0856063 0.0630304 0.0754078 0.0744597 0.0815255 0.1048505 0.0797692 0.0725250 0.0858515 0.0799114 0.0845410 
S1422      0.0617281 0.1005466 0.1076534 0.0346159 0.0878903 0.1313299 0.1566330 0.0937250 0.0990187 0.1001300 0.1053170 0.1055529 0.0614725 0.1178234 0.0923720 0.1145874 0.1261666 0.1077044 0.0695041 0.0925691 0.1554477 0.1033259 0.1133068 0.0672129 0.1062808 0.1366674 0.1521463 0.1862478 0.1001337 0.0720698 0.0569999 0.1002578 0.0919999 0.0937541 0.0664896 0.0979270 0.0796740 0.0859159 0.0627243 0.0293255 0.0989988 0.0928767 0.0854200 0.1000406 0.1079089 0.0000000 0.0288059 0.0876049 0.0674984 0.1139792 0.0770865 0.0401436 0.0741990 0.0865302 0.1359963 0.0790056 0.1025097 0.0805820 0.0515932 0.0680869 0.0751244 0.0933152 0.0929306 0.0745533 0.0560149 0.0746185 0.1119224 0.0731769 
S1449      0.0621490 0.0952118 0.1085250 0.0294328 0.0885594 0.1324868 0.1581473 0.0944468 0.0997874 0.1009163 0.1061504 0.1063902 0.0618906 0.1187879 0.0930729 0.1218401 0.1272347 0.1011386 0.0700031 0.0851773 0.1699933 0.1041681 0.1142334 0.0676785 0.1071295 0.1378805 0.1663976 0.2019822 0.1009202 0.0725713 0.0573885 0.1010465 0.0926956 0.0944775 0.0669829 0.0986786 0.0802526 0.0865532 0.0631596 0.0345437 0.0997676 0.0935853 0.0860501 0.1008276 0.1087830 0.0288059 0.0000000 0.0882697 0.0679682 0.1149159 0.0844100 0.0404019 0.0631344 0.0871769 0.1371952 0.0795743 0.1030363 0.0811741 0.0519408 0.0685651 0.0756706 0.0940310 0.0936396 0.0750910 0.0563906 0.0690502 0.1128258 0.0736948 
S1460      0.0345287 0.0340830 0.0626112 0.0689912 0.0293287 0.0764302 0.1037651 0.0738009 0.0336396 0.0340048 0.0450810 0.0619217 0.0549794 0.0849372 0.0672209 0.0503806 0.0857599 0.0687124 0.0510901 0.0223672 0.1714848 0.0646732 0.0444816 0.0550575 0.0390593 0.0966697 0.1539923 0.1509387 0.0779429 0.0569102 0.0801937 0.0391637 0.0291379 0.0859719 0.0368040 0.0912939 0.0733739 0.0234779 0.0688435 0.0760414 0.0386859 0.0188315 0.0562980 0.0574629 0.0806062 0.0876049 0.0882697 0.0000000 0.0552842 0.0942414 0.0144551 0.0699251 0.0557429 0.0236359 0.0868825 0.0238853 0.0762407 0.0337898 0.0400187 0.0627675 0.0564245 0.0866773 0.0671427 0.0789614 0.0547193 0.0613895 0.0675621 0.0496644 
S1462      0.0557957 0.0555699 0.0785104 0.0558391 0.0617414 0.0991841 0.1220740 0.0775639 0.0657035 0.0664216 0.0666543 0.0714198 0.0090845 0.0769836 0.0653404 0.0968259 0.0953561 0.0785767 0.0496625 0.0473186 0.1456900 0.0806228 0.0780046 0.0090967 0.0719091 0.1267597 0.1355681 0.1472961 0.0719948 0.0783006 0.0669296 0.0720973 0.0596762 0.0662544 0.0471836 0.0660561 0.0604075 0.0543074 0.0611836 0.0623119 0.0712161 0.0602449 0.0789514 0.0931204 0.0787297 0.0674984 0.0679682 0.0552842 0.0000000 0.0797623 0.0511652 0.0565783 0.0596916 0.0546797 0.1037451 0.0484584 0.0799397 0.0493845 0.0338930 0.0554093 0.0604053 0.0727838 0.0657354 0.0492708 0.0330306 0.0652718 0.0713884 0.0432804 
S1539      0.0943739 0.1205867 0.0865425 0.0808614 0.1078503 0.1122965 0.1251233 0.0975930 0.1186922 0.0977948 0.1141646 0.0993321 0.0736599 0.1054862 0.0787796 0.1425380 0.0935005 0.1017917 0.0942141 0.0824674 0.1714723 0.0876669 0.1339260 0.0732548 0.1111704 0.1169226 0.1639616 0.1609655 0.0921155 0.1210584 0.0977174 0.1267884 0.0986133 0.1138123 0.0476437 0.0287390 0.0237307 0.1047923 0.0854398 0.1017541 0.1252142 0.0995478 0.1150464 0.1545731 0.1015495 0.1139792 0.1149159 0.0942414 0.0797623 0.0000000 0.0968164 0.1015680 0.0785710 0.1055426 0.0996897 0.0732548 0.1102233 0.0931469 0.0756051 0.0791337 0.0791445 0.0342804 0.1053981 0.0808276 0.0734652 0.0846084 0.0794174 0.0912550 
S_670      0.0353225 0.0194994 0.0760671 0.0640782 0.0096680 0.0910628 0.1124499 0.0758156 0.0143246 0.0144823 0.0515809 0.0752009 0.0508780 0.0995760 0.0688161 0.0299633 0.1005635 0.0825802 0.0412103 0.0000021 0.1607821 0.0723032 0.0245587 0.0509520 0.0194064 0.1127650 0.1507111 0.1476426 0.0741064 0.0582827 0.0762982 0.0194600 0.0349973 0.0821618 0.0433022 0.0875892 0.0694230 0.0046644 0.0766907 0.0649706 0.0192183 0.0047070 0.0576413 0.0474488 0.0889821 0.0770865 0.0844100 0.0144551 0.0511652 0.0968164 0.0000000 0.0718768 0.0628389 0.0046960 0.1019134 0.0347298 0.0898785 0.0294621 0.0356428 0.0703192 0.0636269 0.0828560 0.0810991 0.0750973 0.0506320 0.0628389 0.0811659 0.0564232 
SRR8528336 0.0574816 0.0884842 0.0890655 0.0354420 0.0761537 0.1114343 0.1436117 0.0758579 0.0871596 0.0881467 0.0856732 0.0873152 0.0507513 0.0991734 0.0735203 0.1082243 0.1069899 0.0891315 0.0571096 0.0784209 0.1813902 0.0900148 0.1009640 0.0563416 0.0941586 0.1166967 0.1775493 0.1941284 0.0881481 0.0806555 0.0462140 0.0944098 0.0744376 0.0819172 0.0611973 0.0861936 0.0683970 0.0744583 0.0462537 0.0351426 0.0932177 0.0811626 0.0813409 0.0888238 0.0893086 0.0401436 0.0404019 0.0699251 0.0565783 0.1015680 0.0718768 0.0000000 0.0573056 0.0749928 0.1161502 0.0621208 0.0907740 0.0691801 0.0466818 0.0514833 0.0580223 0.0815427 0.0554448 0.0633056 0.0454133 0.0631036 0.0934493 0.0565098 
SRR8528341 0.0508247 0.0786605 0.0670984 0.0509297 0.0736997 0.0733048 0.1221747 0.0439478 0.0775407 0.0709431 0.0790129 0.0654814 0.0593662 0.1016654 0.0647710 0.1101121 0.0901117 0.0795770 0.0558478 0.0599864 0.1605688 0.0679450 0.0904500 0.0538739 0.0840714 0.0869305 0.1582331 0.1483253 0.0490494 0.0852470 0.0616503 0.0842910 0.0601644 0.0730186 0.0415389 0.0837386 0.0664354 0.0656282 0.0392468 0.0689063 0.0832575 0.0718815 0.0859610 0.1006808 0.0797327 0.0741990 0.0631344 0.0557429 0.0596916 0.0785710 0.0628389 0.0573056 0.0000000 0.0660823 0.0915341 0.0488484 0.0809735 0.0720127 0.0447545 0.0442337 0.0285351 0.0791845 0.0607068 0.0607144 0.0435847 0.0044786 0.0706431 0.0436276 
SRR8528343 0.0392414 0.0237243 0.0849410 0.0740044 0.0141838 0.0999254 0.1220357 0.0845647 0.0186013 0.0187999 0.0605798 0.0839998 0.0543816 0.1080352 0.0719099 0.0444467 0.1090688 0.0913941 0.0450386 0.0000010 0.1688758 0.0814700 0.0286757 0.0544581 0.0236134 0.1213828 0.1664193 0.1632134 0.0770402 0.0616973 0.0792389 0.0236764 0.0440886 0.0849351 0.0532029 0.0901873 0.0725221 0.0090925 0.0796306 0.0811206 0.0233915 0.0138621 0.0610403 0.0511737 0.0915691 0.0865302 0.0871769 0.0236359 0.0546797 0.1055426 0.0046960 0.0749928 0.0660823 0.0000000 0.1104808 0.0437559 0.0935468 0.0334427 0.0395899 0.0734264 0.0668827 0.0856249 0.0838703 0.0721442 0.0541271 0.0718347 0.0837954 0.0542953 
SRR8528347 0.0938424 0.1120137 0.0447806 0.0948564 0.0996531 0.1070695 0.0755313 0.1051715 0.1102955 0.1043842 0.0985567 0.0560446 0.1031434 0.0981914 0.1111960 0.1319026 0.0513667 0.0788016 0.1004450 0.0978464 0.1823518 0.0882300 0.1390134 0.0906972 0.1177737 0.1468416 0.1752010 0.1464823 0.1244118 0.1180338 0.0848655 0.1180767 0.0726909 0.1267043 0.0256816 0.1031921 0.0848252 0.1097028 0.0880060 0.1231421 0.1166194 0.1044809 0.1142136 0.1282495 0.0685472 0.1359963 0.1371952 0.0868825 0.1037451 0.0996897 0.1019134 0.1161502 0.0915341 0.1104808 0.0000000 0.0613088 0.0808461 0.1113485 0.0874658 0.0941141 0.0733096 0.0907278 0.1110795 0.1051204 0.0969713 0.0978463 0.0989954 0.1029362 
SRR8528350 0.0392679 0.0551074 0.0499111 0.0501636 0.0502946 0.0507930 0.0820650 0.0602134 0.0543640 0.0441528 0.0501079 0.0442844 0.0482003 0.0595174 0.0597841 0.0725393 0.0603599 0.0671376 0.0443097 0.0406808 0.1511038 0.0457968 0.0660839 0.0482670 0.0602591 0.0750937 0.1349397 0.1322712 0.0831207 0.0666130 0.0606294 0.0604173 0.0385256 0.0775622 0.0200465 0.0710304 0.0545147 0.0434611 0.0500693 0.0679405 0.0596822 0.0387354 0.0499814 0.0806106 0.0556518 0.0790056 0.0795743 0.0238853 0.0484584 0.0732548 0.0347298 0.0621208 0.0488484 0.0437559 0.0613088 0.0000000 0.0622679 0.0491860 0.0337600 0.0554159 0.0439792 0.0665157 0.0709551 0.0597220 0.0533769 0.0542312 0.0491603 0.0431111 
SRR8528354 0.0765898 0.1080708 0.0644434 0.0822126 0.1027883 0.1179118 0.1121125 0.0943797 0.1063924 0.0882692 0.1086628 0.0689850 0.0794782 0.1056786 0.0936578 0.1208855 0.0814945 0.0287042 0.0694484 0.1013219 0.1564958 0.0909069 0.1075269 0.0795928 0.1139146 0.1271131 0.1385370 0.1359645 0.1059901 0.1020110 0.1021858 0.1142144 0.0807430 0.0931986 0.0488651 0.1003948 0.0816370 0.0928764 0.0830846 0.0896126 0.1127757 0.0865750 0.1023190 0.1028087 0.0642317 0.1025097 0.1030363 0.0762407 0.0799397 0.1102233 0.0898785 0.0907740 0.0809735 0.0935468 0.0808461 0.0622679 0.0000000 0.0874425 0.0639855 0.0765898 0.0756125 0.0956853 0.0939573 0.0750842 0.0736189 0.0809735 0.1003754 0.0858568 
