125
PAFTOL_019361 0.0000000 0.2583332 0.2651822 0.2790701 0.3241791 0.2635146 0.2952231 0.2622976 0.2503037 0.2562224 0.2742178 0.3013172 0.3575332 0.2859926 0.2808129 0.2781579 0.2752981 0.3293709 0.2728835 0.2627788 0.2523600 0.2766142 0.2706819 0.2698545 0.2677041 0.2541309 0.2807679 0.3539239 0.2726683 0.2715587 0.2673893 0.3466880 0.2733946 0.2548060 0.2670771 0.2954312 0.2551274 0.3037802 0.2605163 0.2530062 0.2924906 0.3306168 0.4433599 0.2582632 0.3925589 0.2585391 0.2788532 0.2679009 0.2459694 0.2690583 0.2469610 0.3111640 0.2317523 0.2231132 0.3416472 0.2836933 0.2660037 0.2646162 0.2980960 0.2606269 0.2925441 0.2717200 0.2891147 0.2694815 0.3190729 0.4034571 0.2694220 0.3361874 0.2797106 0.4445486 0.2563941 0.4054296 0.3004585 0.2802775 0.3411607 0.2940265 0.2853045 0.4308987 0.2593050 0.2866827 0.2624706 0.2769726 0.2568352 0.2720871 0.2821303 0.3124062 0.3223804 0.3554376 0.2579216 0.3201790 0.2837628 0.2467011 0.2749170 0.2545904 0.2865874 0.2714166 0.2903956 0.2642230 0.2692772 0.2690699 0.2926304 0.2691314 0.2844063 0.2723517 0.3139487 0.2878218 0.2406472 0.2512826 0.2759470 0.2678169 0.3057124 0.2770906 0.3007358 0.2578346 0.2772888 0.2658797 0.2757136 0.2721853 0.2578440 0.2671278 0.3779710 0.2890734 0.2678202 0.2508213 0.2681117 
S0055         0.2583332 0.0000000 0.0960058 0.0955509 0.1674794 0.0885106 0.1516615 0.1030759 0.0929271 0.0860780 0.1124049 0.1243894 0.2223159 0.1201228 0.0970895 0.0919030 0.0923287 0.2025789 0.0908762 0.0890783 0.0876114 0.1023533 0.0988941 0.0908483 0.1036893 0.0867850 0.0970404 0.2334447 0.0995408 0.1213329 0.0846036 0.2016616 0.0986702 0.0859290 0.0899288 0.1153072 0.0798097 0.1231093 0.0664687 0.0838538 0.1081779 0.2006586 0.3065012 0.0764650 0.2411128 0.0870419 0.1302919 0.1007786 0.0827293 0.0990294 0.0876997 0.1418858 0.0685841 0.0724241 0.2150080 0.1046469 0.0903259 0.0879175 0.1641657 0.1135408 0.1341644 0.1210694 0.1327790 0.1248969 0.1793164 0.2738800 0.1043513 0.1824781 0.1365518 0.3076474 0.0855679 0.2851125 0.1392109 0.1008494 0.1895187 0.0851888 0.1147939 0.3042404 0.0881611 0.0968123 0.0817011 0.1027372 0.0961167 0.1041016 0.0974011 0.1098900 0.1812805 0.2334445 0.0875480 0.2074118 0.0829186 0.0878494 0.0945963 0.0884609 0.0344734 0.1147834 0.0755707 0.0884665 0.0937703 0.1053606 0.1272968 0.0863079 0.1092718 0.1033871 0.1719154 0.1105810 0.0788087 0.0987436 0.0814295 0.0866291 0.1234468 0.0966168 0.1160400 0.0901675 0.0773401 0.0739963 0.0996788 0.0994720 0.0889157 0.0884615 0.2459818 0.0995637 0.0771163 0.0705744 0.0836225 
S0196sl       0.2651822 0.0960058 0.0000000 0.0837044 0.1085621 0.0999945 0.1434406 0.0898563 0.0866001 0.0929752 0.1128644 0.1020671 0.1928782 0.1047506 0.0865574 0.0840857 0.0815072 0.1774371 0.0856691 0.0892285 0.0927483 0.0827258 0.1007091 0.0810152 0.0127433 0.0888788 0.0950821 0.1973829 0.0869829 0.0923937 0.0907580 0.1701260 0.0810033 0.0958674 0.0938688 0.1062857 0.0690076 0.1195220 0.0820298 0.0844740 0.0772303 0.1801202 0.3279049 0.0857270 0.2012383 0.0923485 0.1044053 0.0166296 0.0876670 0.0141311 0.0119531 0.1176490 0.0375239 0.0602480 0.1915383 0.0959629 0.0843186 0.0800181 0.1335181 0.0940666 0.1185431 0.0951326 0.1132226 0.1152699 0.1204881 0.2837161 0.1049052 0.1562411 0.1208703 0.3382108 0.0058028 0.3000857 0.1191365 0.0875030 0.1619410 0.1073266 0.1129455 0.3192829 0.0917840 0.1079435 0.0889619 0.0887042 0.0883925 0.1015136 0.0955497 0.1013241 0.1517881 0.1888690 0.0876988 0.1756572 0.0799685 0.0862502 0.0940932 0.0921742 0.1069649 0.1017553 0.1007195 0.0841158 0.0939032 0.0970264 0.1063877 0.0919014 0.0162361 0.0901670 0.1187409 0.1046382 0.0834932 0.0898051 0.0843139 0.1043714 0.1141548 0.1060757 0.1177801 0.0865976 0.0991429 0.0644043 0.0812357 0.0846416 0.0814816 0.0807504 0.2243039 0.0711846 0.0826912 0.0737913 0.0802464 
S0278         0.2790701 0.0955509 0.0837044 0.0000000 0.1586838 0.1039055 0.1490241 0.0331734 0.0869191 0.1044684 0.1196479 0.0488638 0.2237219 0.0475608 0.0486489 0.0934991 0.0923016 0.1950669 0.1039187 0.0989817 0.1013159 0.0386019 0.1255350 0.0385709 0.0936936 0.1064985 0.0517446 0.2311456 0.0446743 0.1182848 0.0963178 0.1987242 0.0363524 0.1074685 0.0963714 0.0486760 0.0438514 0.0958471 0.0897594 0.0957659 0.1117018 0.1948375 0.3064762 0.1036318 0.2428215 0.0992963 0.1244750 0.0880929 0.0946214 0.0934131 0.0848062 0.1385296 0.0660967 0.0233354 0.2183728 0.0851995 0.0518148 0.0949478 0.1660055 0.1203615 0.1239384 0.1245647 0.1339086 0.1214400 0.1482825 0.2792798 0.1315547 0.1806201 0.1309693 0.3191364 0.0763934 0.2869491 0.1405288 0.1091183 0.1853586 0.1067937 0.1201369 0.2994592 0.1003038 0.1222870 0.0894996 0.0511267 0.0751612 0.0896315 0.0613316 0.0483524 0.1776201 0.2284878 0.0968337 0.2004560 0.0991613 0.0942951 0.1019376 0.1021876 0.1062166 0.1200317 0.0993473 0.0555495 0.0985535 0.1033471 0.0470537 0.0983767 0.1007559 0.0419525 0.1464748 0.0932414 0.0908474 0.0913239 0.0971232 0.1126416 0.0491416 0.1201071 0.0814808 0.0969029 0.1116141 0.0836361 0.1033491 0.0734629 0.0878611 0.0954071 0.2410988 0.0806680 0.0939795 0.0863226 0.0951016 
S0281         0.3241791 0.1674794 0.1085621 0.1586838 0.0000000 0.1760809 0.1245709 0.1472093 0.1470036 0.1708476 0.1687810 0.1551166 0.1679527 0.1604734 0.1411966 0.1461796 0.1532458 0.1577490 0.1624811 0.1714632 0.1675414 0.1451876 0.1714449 0.1418395 0.1131233 0.1450752 0.1523758 0.1816107 0.1476768 0.1303582 0.1616601 0.1440918 0.1499729 0.1708424 0.1713412 0.1802819 0.1212520 0.1761503 0.1547660 0.1618091 0.1096327 0.1460459 0.3435083 0.1760903 0.1782465 0.1681774 0.1395282 0.1166455 0.1639210 0.1131024 0.1010986 0.1499757 0.0661230 0.1077582 0.1448255 0.1580203 0.1354667 0.1422856 0.1174349 0.1309019 0.1640671 0.1361855 0.1547951 0.1484802 0.1110151 0.3020688 0.1665583 0.1309226 0.1165846 0.3433675 0.0989106 0.3076282 0.1534225 0.1610113 0.1304703 0.1646873 0.1570261 0.3267770 0.1665510 0.1670454 0.1519825 0.1584790 0.1512689 0.1725949 0.1475362 0.1615277 0.1342030 0.1707011 0.1756746 0.1281540 0.1503691 0.1532899 0.1735600 0.1681008 0.1671792 0.1457181 0.1632730 0.1584542 0.1482099 0.1581667 0.1427586 0.1477337 0.1222576 0.1514570 0.1062094 0.1764434 0.1608947 0.1364579 0.1600698 0.1798875 0.1646290 0.1687777 0.1804131 0.1556452 0.1736830 0.1252317 0.1498326 0.1517307 0.1264351 0.1472212 0.2232328 0.1175206 0.1529469 0.1442105 0.1434122 
S0282         0.2635146 0.0885106 0.0999945 0.1039055 0.1760809 0.0000000 0.1386760 0.1054986 0.0896834 0.0308805 0.0471517 0.1157175 0.2109127 0.1096091 0.0973258 0.1039980 0.0987955 0.1933371 0.0820556 0.0281554 0.0248822 0.1017258 0.1018805 0.0904114 0.1019542 0.0795289 0.0959706 0.2093075 0.0946628 0.1335917 0.0794459 0.1916715 0.0933522 0.0508438 0.0235712 0.1181509 0.0845088 0.1213552 0.0820572 0.0188547 0.1283600 0.1806022 0.3183960 0.0793195 0.2223392 0.0283984 0.1313910 0.0975976 0.0177630 0.0989655 0.0918122 0.1417870 0.0878175 0.0688446 0.2006477 0.1090409 0.0886582 0.0928603 0.1461058 0.1250996 0.1408931 0.1330478 0.1518138 0.0596171 0.1715961 0.2721132 0.1024833 0.1636276 0.1232507 0.3194960 0.0851778 0.2902610 0.1398213 0.1093681 0.1629219 0.0895891 0.1191994 0.3117781 0.0200418 0.0938358 0.0970719 0.0981236 0.1004632 0.1116096 0.0944680 0.1182731 0.1665729 0.2117837 0.0259783 0.1846176 0.0981821 0.0863726 0.0260295 0.0247367 0.1062836 0.1123875 0.0797975 0.0998505 0.0906553 0.0965783 0.1202552 0.0788317 0.1076786 0.1093676 0.1681666 0.1150827 0.0193397 0.0993367 0.1021277 0.0355918 0.1209516 0.0859968 0.1094151 0.0586690 0.0977741 0.0873325 0.1093157 0.1012267 0.0984892 0.0934612 0.2226907 0.1023966 0.0961644 0.0707685 0.0914191 
S0288         0.2952231 0.1516615 0.1434406 0.1490241 0.1245709 0.1386760 0.0000000 0.1262976 0.1387240 0.1361994 0.1268780 0.1361896 0.0684048 0.1389439 0.1086117 0.1452890 0.1455795 0.0201489 0.1392739 0.1352380 0.1342619 0.1311366 0.1508226 0.1182473 0.1435110 0.1209662 0.1391684 0.0139092 0.1240974 0.1463433 0.1280222 0.0761223 0.1356511 0.1268630 0.1354141 0.1555556 0.1144844 0.1573432 0.1461682 0.1258284 0.1275245 0.0158297 0.3134534 0.1477470 0.0179490 0.1270461 0.1483192 0.1385397 0.1294960 0.1416095 0.1291796 0.1658813 0.0879577 0.0965985 0.0916471 0.1549489 0.1074987 0.1206383 0.0744180 0.1475270 0.1548818 0.1479429 0.1640182 0.0923682 0.1129586 0.2879990 0.1736262 0.0652771 0.0497870 0.3043933 0.1434406 0.3122448 0.1640296 0.1601375 0.0717037 0.1400335 0.1550398 0.3352016 0.1322113 0.1485088 0.1338603 0.1378963 0.1377642 0.1599109 0.1289523 0.1544084 0.0643260 0.0138775 0.1392295 0.0523084 0.1427071 0.1304926 0.1423167 0.1410239 0.1556470 0.1309028 0.1242499 0.1268409 0.1356658 0.1466174 0.1663350 0.1411363 0.1488489 0.1363891 0.1076971 0.1536279 0.1185689 0.1495257 0.1483836 0.1419813 0.1413078 0.1324048 0.1556588 0.1384867 0.1527094 0.1142440 0.1330314 0.1310159 0.1417525 0.1241975 0.2101676 0.1340467 0.1486121 0.1256180 0.1183939 
S0289         0.2622976 0.1030759 0.0898563 0.0331734 0.1472093 0.1054986 0.1262976 0.0000000 0.0938659 0.1029041 0.1132604 0.0402615 0.2119953 0.0422352 0.0413954 0.0912582 0.0933574 0.1666642 0.1105344 0.1028435 0.1002244 0.0380792 0.1106283 0.0366357 0.1016382 0.1036482 0.0498314 0.2155270 0.0404058 0.1105221 0.1004672 0.1818590 0.0305060 0.1088668 0.1009735 0.0402402 0.0483406 0.1022718 0.0891589 0.0989313 0.1173215 0.1691772 0.2775366 0.1078798 0.2241017 0.1040990 0.1165255 0.0973806 0.0977702 0.0965683 0.0895843 0.1346439 0.0657558 0.0193126 0.1977254 0.0855468 0.0554305 0.0919107 0.1535028 0.1130945 0.1229720 0.1164301 0.1273336 0.1245604 0.1462107 0.2464668 0.1282673 0.1626494 0.1062588 0.2887244 0.0807484 0.2625042 0.1393923 0.1040078 0.1752749 0.1098214 0.1158877 0.2748858 0.1005251 0.1275279 0.0869906 0.0480779 0.0766934 0.0964244 0.0622979 0.0394598 0.1625150 0.2158983 0.0970041 0.1868996 0.0959867 0.1022574 0.1066664 0.1024382 0.1145280 0.1145184 0.1025406 0.0535950 0.1021878 0.1087853 0.0384500 0.1001155 0.1058814 0.0411596 0.1443821 0.0980820 0.0952424 0.0933259 0.0980934 0.1157926 0.0377526 0.1173578 0.0822514 0.0971951 0.1140040 0.0815356 0.1076716 0.0791154 0.0874939 0.0921518 0.2208374 0.0865715 0.0948254 0.0964480 0.0947866 
S0292         0.2503037 0.0929271 0.0866001 0.0869191 0.1470036 0.0896834 0.1387240 0.0938659 0.0000000 0.0947327 0.1093412 0.1098114 0.2139312 0.1025791 0.0955638 0.0902070 0.0934853 0.1994254 0.0983966 0.0946091 0.0900934 0.0830310 0.1150798 0.0804210 0.0920183 0.0932708 0.0975878 0.2235133 0.0874923 0.1124027 0.0860438 0.1901014 0.0920523 0.0915721 0.0880767 0.1127142 0.0769437 0.1132619 0.0845740 0.0820296 0.0994934 0.1956539 0.3148390 0.0946279 0.2348748 0.0924399 0.1174997 0.0889239 0.0836201 0.0903458 0.0803412 0.1259569 0.0662781 0.0584066 0.1936415 0.1005935 0.0838627 0.0901008 0.1523339 0.1052333 0.1172051 0.1168577 0.1287703 0.1270899 0.1602585 0.2746924 0.1078345 0.1583646 0.1261524 0.3170835 0.0748202 0.2890740 0.1362865 0.0982748 0.1650013 0.0927273 0.0585935 0.3029511 0.0878402 0.0977929 0.0828839 0.0910347 0.0931006 0.1043139 0.0852684 0.1007445 0.1673323 0.2254168 0.0883792 0.1794673 0.0913766 0.0055869 0.0944261 0.0895530 0.0983593 0.0573831 0.0860161 0.0867640 0.0240334 0.0203873 0.1132086 0.0883814 0.0977917 0.0927088 0.1601342 0.1046233 0.0781578 0.0377209 0.0906308 0.1027343 0.1093209 0.1040470 0.1016334 0.0900449 0.0913811 0.0789312 0.0907940 0.0910764 0.0852672 0.0889989 0.2313272 0.0950352 0.0863026 0.0772823 0.0871572 
S0293         0.2562224 0.0860780 0.0929752 0.1044684 0.1708476 0.0308805 0.1361994 0.1029041 0.0947327 0.0000000 0.0500621 0.1224005 0.2087941 0.1109475 0.0963300 0.1078688 0.0951493 0.1993926 0.0756916 0.0244893 0.0238507 0.1009183 0.1014543 0.0881559 0.0955757 0.0692505 0.0949480 0.2202645 0.0909089 0.1198164 0.0827295 0.1844467 0.0954730 0.0524781 0.0272730 0.1156039 0.0915405 0.1237546 0.0824858 0.0212063 0.1215768 0.1882036 0.3249391 0.0756461 0.2211144 0.0322038 0.1243877 0.0911658 0.0190559 0.0925300 0.0853323 0.1460348 0.0821031 0.0677094 0.2053292 0.1099645 0.0892015 0.0902330 0.1482518 0.1167504 0.1394071 0.1230928 0.1445971 0.0604996 0.1673608 0.2786408 0.1063970 0.1698175 0.1227886 0.3225865 0.0813436 0.2974657 0.1446870 0.1078744 0.1739978 0.0931101 0.1141201 0.3190171 0.0236354 0.0915324 0.0932646 0.0957833 0.1013185 0.1125657 0.0978384 0.1173000 0.1716437 0.2167033 0.0273333 0.1870061 0.0960485 0.0912669 0.0321677 0.0284589 0.1012396 0.1132689 0.0845892 0.0998109 0.0955604 0.1016020 0.1192613 0.0765865 0.1012686 0.1084123 0.1639390 0.1127566 0.0159445 0.0967612 0.1000077 0.0407615 0.1215604 0.0764833 0.1161387 0.0590610 0.0920931 0.0836886 0.1102333 0.1034610 0.0993005 0.0893947 0.2267720 0.0986333 0.0969484 0.0618175 0.0889611 
S0294         0.2742178 0.1124049 0.1128644 0.1196479 0.1687810 0.0471517 0.1268780 0.1132604 0.1093412 0.0500621 0.0000000 0.1238423 0.1804079 0.1274102 0.1181674 0.1328835 0.1196158 0.1768276 0.1034115 0.0513652 0.0474539 0.1141121 0.1207797 0.1121505 0.1142132 0.0892242 0.1189078 0.1898491 0.1124018 0.1370761 0.1008045 0.1745715 0.1126931 0.0727514 0.0457951 0.1259341 0.1039733 0.1346065 0.1022899 0.0430924 0.1351545 0.1662146 0.2922885 0.1032289 0.1990318 0.0511850 0.1406900 0.1082776 0.0419754 0.1096892 0.1005283 0.1425278 0.0873613 0.0854552 0.1947040 0.1230595 0.1021213 0.1089907 0.1372931 0.1349857 0.1556353 0.1378601 0.1536928 0.0558953 0.1536768 0.2561421 0.1347069 0.1574882 0.1208757 0.2914749 0.1015581 0.2635234 0.1552516 0.1374219 0.1537262 0.1115204 0.1385693 0.2904719 0.0444392 0.1107351 0.1208093 0.1189312 0.1171298 0.1334997 0.1132885 0.1341001 0.1603051 0.1883274 0.0471854 0.1647977 0.1214330 0.1085181 0.0499400 0.0471239 0.1211653 0.1351222 0.1023344 0.1093245 0.1068796 0.1098930 0.1306846 0.0960475 0.1201671 0.1241193 0.1503114 0.1366570 0.0429669 0.1159597 0.1307136 0.0573601 0.1276779 0.1092499 0.1365035 0.0799543 0.1107451 0.1075819 0.1343745 0.1218244 0.1147099 0.1069402 0.1938368 0.1145662 0.1242223 0.0882142 0.1060836 
S0299         0.3013172 0.1243894 0.1020671 0.0488638 0.1551166 0.1157175 0.1361896 0.0402615 0.1098114 0.1224005 0.1238423 0.0000000 0.2211958 0.0588145 0.0622596 0.1140320 0.1020471 0.1759263 0.1273392 0.1226363 0.1175636 0.0560815 0.1441823 0.0585274 0.1099035 0.1245810 0.0778462 0.2252219 0.0639003 0.1303076 0.1229341 0.2109322 0.0485319 0.1189437 0.1123820 0.0666835 0.0589156 0.1141375 0.1141608 0.1116630 0.1335235 0.1802231 0.2967655 0.1260470 0.2401653 0.1138495 0.1285616 0.1043909 0.1105269 0.1031839 0.0982570 0.1405063 0.0784507 0.0326894 0.2226600 0.0997754 0.0626479 0.1086076 0.1687967 0.1295030 0.1289031 0.1328061 0.1486369 0.1186249 0.1606143 0.2827135 0.1457199 0.1909401 0.1133595 0.3132734 0.0925998 0.2836815 0.1437978 0.1295896 0.1938538 0.1204123 0.1374325 0.2992882 0.1116059 0.1375707 0.1055997 0.0695302 0.0853567 0.1022658 0.0736687 0.0497213 0.1889405 0.2232568 0.1129198 0.2075697 0.1142295 0.1169329 0.1149736 0.1152648 0.1307704 0.1254891 0.1151247 0.0691910 0.1164825 0.1264185 0.0550559 0.1216979 0.1156213 0.0604626 0.1587686 0.1109093 0.1054711 0.1102075 0.1193785 0.1245769 0.0491813 0.1463013 0.0988327 0.1129859 0.1285884 0.1025999 0.1210837 0.0871859 0.1008525 0.1125464 0.2038374 0.0940280 0.1160231 0.1128017 0.1104696 
S0308         0.3575332 0.2223159 0.1928782 0.2237219 0.1679527 0.2109127 0.0684048 0.2119953 0.2139312 0.2087941 0.1804079 0.2211958 0.0000000 0.2239210 0.2064927 0.2178167 0.2285255 0.0975285 0.2005722 0.2133398 0.2114148 0.2188187 0.2077719 0.2032644 0.2060597 0.1922440 0.2271530 0.0868476 0.2116864 0.2228429 0.2048081 0.1110705 0.2076015 0.2114239 0.2135423 0.2393571 0.2115476 0.2318988 0.2063525 0.1922261 0.1785846 0.0826395 0.4174381 0.2097576 0.0998632 0.2041807 0.2176145 0.2043143 0.2033306 0.1977685 0.1872043 0.2020418 0.1283704 0.1661614 0.1257112 0.2177108 0.1786572 0.2137616 0.0935311 0.2220641 0.2273563 0.2200259 0.2299808 0.1915277 0.1409492 0.3742985 0.2478745 0.1047795 0.0740397 0.4302198 0.1864375 0.3972741 0.2498177 0.2410436 0.1055280 0.2024553 0.2239420 0.4092559 0.2025101 0.2049853 0.2193906 0.2205162 0.2170269 0.2318125 0.1975807 0.2344517 0.1059925 0.0849309 0.2161996 0.0896918 0.2154390 0.2168814 0.2085618 0.2099702 0.2138970 0.2084480 0.1997698 0.1906786 0.2219548 0.2209241 0.2303066 0.2086997 0.2094525 0.2336947 0.1394177 0.2357671 0.1914359 0.2164909 0.2303389 0.2182990 0.2264084 0.2253255 0.2310269 0.2092208 0.2347637 0.1973466 0.1955474 0.2158241 0.2156418 0.2118545 0.2738919 0.1932622 0.2288876 0.2018185 0.2088433 
S0320         0.2859926 0.1201228 0.1047506 0.0475608 0.1604734 0.1096091 0.1389439 0.0422352 0.1025791 0.1109475 0.1274102 0.0588145 0.2239210 0.0000000 0.0625537 0.1083574 0.1080922 0.1872098 0.1077472 0.1042965 0.1071307 0.0460035 0.1270916 0.0431754 0.1119164 0.1113976 0.0590896 0.2449098 0.0547691 0.1267637 0.1117487 0.2011340 0.0406518 0.1152941 0.1043057 0.0604278 0.0599125 0.1043809 0.0997534 0.1005633 0.1284030 0.1921445 0.2996093 0.1170267 0.2560818 0.1028538 0.1228373 0.1174010 0.0972954 0.1139264 0.1063006 0.1398493 0.0794498 0.0317951 0.2214557 0.0892839 0.0686259 0.1030512 0.1641096 0.1147915 0.1375609 0.1288898 0.1351895 0.1286007 0.1644439 0.2633628 0.1324275 0.1869509 0.1211764 0.3155659 0.0937571 0.2875797 0.1496893 0.1185264 0.1822867 0.1103942 0.1328322 0.2856083 0.1006408 0.1218674 0.0994074 0.0578824 0.0826384 0.0962671 0.0743770 0.0502563 0.1868674 0.2458711 0.1031899 0.2189918 0.1113242 0.1088494 0.1113486 0.1075243 0.1308448 0.1284804 0.1096920 0.0743541 0.1161511 0.1160891 0.0517997 0.1047651 0.1204656 0.0534751 0.1622775 0.1052686 0.0955826 0.1055514 0.1132506 0.1202073 0.0409906 0.1219057 0.0967943 0.0980745 0.1234348 0.0933217 0.1133575 0.0821998 0.0975057 0.1034870 0.2214111 0.0958399 0.1084721 0.1028704 0.1012539 
S0327         0.2808129 0.0970895 0.0865574 0.0486489 0.1411966 0.0973258 0.1086117 0.0413954 0.0955638 0.0963300 0.1181674 0.0622596 0.2064927 0.0625537 0.0000000 0.0971901 0.0903407 0.1612680 0.1035054 0.0964057 0.0918206 0.0491700 0.1125214 0.0343949 0.0965773 0.1026974 0.0557147 0.2053659 0.0420138 0.1174156 0.0949530 0.1731562 0.0382956 0.0986680 0.0925093 0.0623761 0.0493728 0.1040294 0.0901681 0.0894016 0.1147206 0.1678295 0.2852087 0.1038742 0.2310141 0.0913635 0.1214482 0.0936305 0.0882629 0.0933511 0.0849606 0.1328673 0.0655977 0.0311911 0.1938877 0.0875093 0.0583338 0.0931210 0.1493468 0.1169920 0.1268198 0.1216589 0.1372192 0.1120489 0.1490005 0.2612172 0.1194437 0.1636523 0.1126177 0.3055077 0.0777268 0.2679254 0.1374252 0.1118244 0.1726919 0.1063588 0.1255582 0.2855012 0.0909162 0.1245086 0.0891925 0.0482182 0.0803526 0.0968426 0.0622116 0.0595026 0.1674674 0.1979580 0.0918276 0.1907469 0.1015665 0.0965733 0.0967868 0.0928695 0.1111302 0.1152485 0.0982290 0.0643094 0.1036339 0.1099332 0.0603595 0.1002686 0.1021626 0.0530865 0.1472005 0.1014437 0.0873116 0.0935707 0.1023211 0.1069342 0.0651525 0.1111817 0.0905320 0.0975214 0.1124408 0.0859657 0.1102415 0.0716522 0.0869166 0.0875450 0.2321346 0.0842596 0.0991455 0.0857932 0.0932705 
S0335         0.2781579 0.0919030 0.0840857 0.0934991 0.1461796 0.1039980 0.1452890 0.0912582 0.0902070 0.1078688 0.1328835 0.1140320 0.2178167 0.1083574 0.0971901 0.0000000 0.0503875 0.1798093 0.0981011 0.1027504 0.1002020 0.0827890 0.1198441 0.0845687 0.0939120 0.0978007 0.0865787 0.2249899 0.0884619 0.1079534 0.0973241 0.1941432 0.0960359 0.0972504 0.0968665 0.1100712 0.0926569 0.1198363 0.0843805 0.0891180 0.1066786 0.1807469 0.3272005 0.0991856 0.2239019 0.0980034 0.1097274 0.0927614 0.0921884 0.0938161 0.0841474 0.1332129 0.0638634 0.0639849 0.2077464 0.1040082 0.0944176 0.0807209 0.1461032 0.1010311 0.1178485 0.1046011 0.1188089 0.1474069 0.1589325 0.2817725 0.1088074 0.1722616 0.1205622 0.3326790 0.0754596 0.3030685 0.1234811 0.0742427 0.1783398 0.1003660 0.1133143 0.3199935 0.0977176 0.1118475 0.0800192 0.0858495 0.0939074 0.1074413 0.0985656 0.1084014 0.1750239 0.2203831 0.0970992 0.1826538 0.0498589 0.0867164 0.0985985 0.0920257 0.1039686 0.1120469 0.1022858 0.0878708 0.0909840 0.0954291 0.1156007 0.1013631 0.0993409 0.0876362 0.1518902 0.1171434 0.0911607 0.0970601 0.0448395 0.1051144 0.1173677 0.1071648 0.1197482 0.0997365 0.1047299 0.0383873 0.0474863 0.0934712 0.0762174 0.0840425 0.2662130 0.0932908 0.0439068 0.0831937 0.0793349 
S0345         0.2752981 0.0923287 0.0815072 0.0923016 0.1532458 0.0987955 0.1455795 0.0933574 0.0934853 0.0951493 0.1196158 0.1020471 0.2285255 0.1080922 0.0903407 0.0503875 0.0000000 0.1887742 0.0960742 0.0955056 0.0900836 0.0875002 0.1113921 0.0817509 0.0900475 0.0842216 0.0836824 0.2347701 0.0821242 0.1099999 0.0983540 0.1980069 0.0948400 0.0875417 0.0942491 0.1038322 0.0854797 0.1306720 0.0806722 0.0853893 0.1156424 0.1897163 0.3152569 0.0923316 0.2332305 0.0956272 0.1165772 0.0899113 0.0883460 0.0896944 0.0800357 0.1402822 0.0686119 0.0568036 0.2090022 0.1091329 0.0842440 0.0836344 0.1577144 0.1114120 0.1222533 0.1066465 0.1225370 0.1164948 0.1579440 0.2736225 0.1028658 0.1787373 0.1171785 0.3184933 0.0729628 0.2916721 0.1194060 0.0787081 0.1842032 0.1031135 0.1183683 0.3082876 0.0921396 0.1130610 0.0894965 0.0878357 0.1005277 0.1131862 0.0946449 0.1104832 0.1853962 0.2259259 0.0889715 0.1914820 0.0413611 0.0915438 0.0958771 0.0886159 0.0966620 0.1127230 0.1016320 0.0836354 0.0939759 0.1047842 0.1181588 0.0962646 0.0954738 0.0937649 0.1508923 0.1180744 0.0875139 0.0976459 0.0503472 0.1011947 0.1227782 0.1029691 0.1142754 0.0929237 0.0918047 0.0274909 0.0652317 0.0993455 0.0837383 0.0872994 0.2371009 0.0893776 0.0502569 0.0781842 0.0839572 
S0355         0.3293709 0.2025789 0.1774371 0.1950669 0.1577490 0.1933371 0.0201489 0.1666642 0.1994254 0.1993926 0.1768276 0.1759263 0.0975285 0.1872098 0.1612680 0.1798093 0.1887742 0.0000000 0.1967458 0.1982896 0.1894489 0.1796795 0.2236465 0.1645548 0.1800861 0.1847063 0.1966401 0.0265386 0.1759932 0.1834576 0.1723673 0.1143543 0.1866625 0.1903912 0.1929779 0.2103225 0.1815391 0.2149461 0.1938765 0.1843172 0.1807679 0.0261131 0.3989152 0.2069689 0.0426752 0.1881564 0.1841105 0.1721346 0.1879494 0.1768599 0.1616408 0.2097580 0.1239450 0.1441326 0.1166759 0.2143949 0.1546330 0.1712358 0.0959504 0.1838158 0.2134804 0.1846512 0.2026261 0.1640729 0.1394214 0.3740680 0.2194662 0.1052155 0.0766939 0.3904410 0.1771795 0.3988472 0.2246664 0.2020904 0.1083043 0.1828670 0.2046502 0.4089729 0.1851185 0.2032241 0.1906232 0.1879507 0.1984982 0.2193859 0.1875547 0.1939160 0.0944334 0.0279673 0.1871643 0.0746270 0.1878992 0.1876749 0.1947448 0.1951804 0.2022249 0.1852267 0.1765445 0.1735713 0.1947565 0.2068366 0.1944833 0.1933112 0.1821169 0.1874026 0.1349367 0.2107391 0.1734087 0.1969272 0.1898372 0.1992190 0.1815169 0.2124261 0.2175157 0.1945023 0.2146204 0.1588141 0.1715082 0.1973908 0.1873580 0.1781568 0.2547670 0.1849317 0.1874860 0.1822665 0.1687245 
S0376         0.2728835 0.0908762 0.0856691 0.1039187 0.1624811 0.0820556 0.1392739 0.1105344 0.0983966 0.0756916 0.1034115 0.1273392 0.2005722 0.1077472 0.1035054 0.0981011 0.0960742 0.1967458 0.0000000 0.0775611 0.0739919 0.0990176 0.1196847 0.0975217 0.0934598 0.0559018 0.1000014 0.2233566 0.0972791 0.1308545 0.0874341 0.1822166 0.1013275 0.0899952 0.0809664 0.1151876 0.0923791 0.1265395 0.0891246 0.0663853 0.1190202 0.1965647 0.3226369 0.0927255 0.2226529 0.0750040 0.1333718 0.0919706 0.0737747 0.0947233 0.0860247 0.1314121 0.0769666 0.0740980 0.2047908 0.1112530 0.0931473 0.0902748 0.1458489 0.1200007 0.1286448 0.1299382 0.1418981 0.1126069 0.1678962 0.2810179 0.1090584 0.1730486 0.1329959 0.3263679 0.0817222 0.2952602 0.1343224 0.1018802 0.1797088 0.0905869 0.1221644 0.3114565 0.0763881 0.1026248 0.0898327 0.1035810 0.0986727 0.1097091 0.1091404 0.1211182 0.1766434 0.2114087 0.0825304 0.1819714 0.0983831 0.0960173 0.0811996 0.0750060 0.1092724 0.1114537 0.0852699 0.0998130 0.0966170 0.1027981 0.1214323 0.0930019 0.1021269 0.1031049 0.1621871 0.1202841 0.0682923 0.1058480 0.0960583 0.0924023 0.1153632 0.0933569 0.1218796 0.0842890 0.1051719 0.0871473 0.1001540 0.1029502 0.0958167 0.0920985 0.2383043 0.0953706 0.0948991 0.0563755 0.0887976 
S0400         0.2627788 0.0890783 0.0892285 0.0989817 0.1714632 0.0281554 0.1352380 0.1028435 0.0946091 0.0244893 0.0513652 0.1226363 0.2133398 0.1042965 0.0964057 0.1027504 0.0955056 0.1982896 0.0775611 0.0000000 0.0244603 0.0999115 0.1013088 0.0889771 0.0954810 0.0764067 0.0864934 0.2231380 0.0936437 0.1284588 0.0729316 0.1865924 0.0903069 0.0484159 0.0255858 0.1133758 0.0865795 0.1185741 0.0811913 0.0191993 0.1218466 0.1885586 0.3056836 0.0788267 0.2263697 0.0257107 0.1206354 0.0968950 0.0143133 0.0963028 0.0884373 0.1364849 0.0872022 0.0702688 0.2060346 0.1059862 0.0953722 0.0889198 0.1447103 0.1201228 0.1347473 0.1228026 0.1439206 0.0633431 0.1734097 0.2673507 0.1037910 0.1700732 0.1188531 0.3136604 0.0771292 0.2988436 0.1370152 0.1022149 0.1730142 0.0899122 0.1215514 0.3040990 0.0242228 0.0941259 0.0980557 0.0940526 0.1000937 0.1120844 0.0949432 0.1131095 0.1694293 0.2290139 0.0256467 0.1964018 0.0950689 0.0911945 0.0294835 0.0243058 0.1051356 0.1168654 0.0808272 0.0993427 0.0958055 0.0988776 0.1103782 0.0765608 0.1016126 0.1095981 0.1658034 0.1171046 0.0146698 0.1003428 0.0991868 0.0374103 0.1143531 0.0813300 0.1163408 0.0552168 0.0910074 0.0812649 0.1082664 0.1040324 0.0932785 0.0876880 0.2346324 0.0977503 0.0912854 0.0647489 0.0890699 
S0405         0.2523600 0.0876114 0.0927483 0.1013159 0.1675414 0.0248822 0.1342619 0.1002244 0.0900934 0.0238507 0.0474539 0.1175636 0.2114148 0.1071307 0.0918206 0.1002020 0.0900836 0.1894489 0.0739919 0.0244603 0.0000000 0.0964048 0.1020029 0.0865058 0.0951944 0.0704821 0.0899157 0.2155860 0.0892425 0.1231313 0.0768327 0.1876314 0.0909492 0.0447383 0.0144523 0.1139536 0.0851500 0.1203639 0.0796036 0.0166554 0.1198462 0.1770967 0.3227656 0.0796485 0.2165000 0.0249560 0.1195540 0.0907995 0.0155601 0.0921578 0.0849873 0.1455672 0.0792769 0.0645726 0.1961233 0.1051421 0.0876098 0.0862275 0.1440573 0.1163686 0.1366001 0.1226282 0.1410118 0.0603041 0.1603400 0.2760403 0.1000650 0.1607576 0.1194664 0.3240753 0.0783851 0.2971163 0.1357613 0.1029485 0.1681326 0.0870656 0.1182282 0.3186335 0.0155196 0.0852100 0.0901756 0.0940768 0.0961966 0.1089966 0.0947896 0.1156051 0.1676140 0.2121435 0.0190961 0.1829377 0.0915123 0.0867579 0.0261284 0.0178915 0.1024314 0.1133400 0.0786910 0.0987226 0.0910570 0.0970103 0.1128497 0.0720304 0.1008619 0.1035030 0.1569637 0.1153888 0.0147389 0.0983403 0.0954334 0.0370021 0.1154531 0.0747969 0.1133916 0.0511538 0.0894808 0.0792317 0.1052980 0.1000435 0.0918020 0.0851017 0.2304974 0.0955065 0.0895522 0.0630141 0.0848033 
S0407sl       0.2766142 0.1023533 0.0827258 0.0386019 0.1451876 0.1017258 0.1311366 0.0380792 0.0830310 0.1009183 0.1141121 0.0560815 0.2188187 0.0460035 0.0491700 0.0827890 0.0875002 0.1796795 0.0990176 0.0999115 0.0964048 0.0000000 0.1115513 0.0341270 0.0955340 0.1014898 0.0425018 0.2305820 0.0401429 0.1179137 0.0962571 0.1940245 0.0373679 0.1036603 0.0925214 0.0559788 0.0510180 0.0878929 0.0923730 0.0910622 0.1103642 0.1861257 0.2920910 0.1055279 0.2330084 0.0959271 0.1202225 0.0911253 0.0899371 0.0923345 0.0839218 0.1423287 0.0603576 0.0230501 0.2144538 0.0736473 0.0523809 0.0887819 0.1573769 0.1157316 0.1251804 0.1203473 0.1291140 0.1252686 0.1575783 0.2565396 0.1244132 0.1742412 0.1153044 0.3032071 0.0769316 0.2717693 0.1326109 0.1017231 0.1793207 0.1101957 0.1186515 0.2872820 0.0954625 0.1199563 0.0896176 0.0451594 0.0625249 0.0780396 0.0617577 0.0532217 0.1790083 0.2249250 0.0920554 0.1980872 0.0900368 0.0871931 0.1015749 0.0968051 0.1112914 0.1132030 0.0984204 0.0531768 0.0941639 0.0974747 0.0579224 0.0983577 0.1010565 0.0259520 0.1557413 0.0887421 0.0890253 0.0872305 0.0876989 0.1089048 0.0524237 0.1145026 0.0827113 0.0908178 0.1064009 0.0763600 0.0923102 0.0667744 0.0844458 0.0879677 0.2208513 0.0779932 0.0851177 0.0861889 0.0889209 
S0412sl       0.2706819 0.0988941 0.1007091 0.1255350 0.1714449 0.1018805 0.1508226 0.1106283 0.1150798 0.1014543 0.1207797 0.1441823 0.2077719 0.1270916 0.1125214 0.1198441 0.1113921 0.2236465 0.1196847 0.1013088 0.1020029 0.1115513 0.0000000 0.1036583 0.1092692 0.1081231 0.1137071 0.2283257 0.1055336 0.1264440 0.0938199 0.1833134 0.1103530 0.1040188 0.1046749 0.1392587 0.0903869 0.1241199 0.0871337 0.1015141 0.1227488 0.2153727 0.3572790 0.0655703 0.2291825 0.1087262 0.1335820 0.1112408 0.1003216 0.1091077 0.0997167 0.1437258 0.0819603 0.0758471 0.1965061 0.1147637 0.1001062 0.1006052 0.1629337 0.1308775 0.1584434 0.1372712 0.1461203 0.1098420 0.1814129 0.2967375 0.1268435 0.1757505 0.1428901 0.3545849 0.1001003 0.3221006 0.1447081 0.1309014 0.1779968 0.1195042 0.1192982 0.3534014 0.1018731 0.1260467 0.1072386 0.1103974 0.1027319 0.1153517 0.1099414 0.1401395 0.1776888 0.2222778 0.1040314 0.1900744 0.1109122 0.1065646 0.1110037 0.1081239 0.1107549 0.1214180 0.1146363 0.1060977 0.1129163 0.1175389 0.1440310 0.1088070 0.1174474 0.1138174 0.1771844 0.1153510 0.0956121 0.1139451 0.1168235 0.1149251 0.1478290 0.1195711 0.1325376 0.1174631 0.0984588 0.0957440 0.1272780 0.1036212 0.1055075 0.0973738 0.2368047 0.1117381 0.1116917 0.0983009 0.0987312 
S0417         0.2698545 0.0908483 0.0810152 0.0385709 0.1418395 0.0904114 0.1182473 0.0366357 0.0804210 0.0881559 0.1121505 0.0585274 0.2032644 0.0431754 0.0343949 0.0845687 0.0817509 0.1645548 0.0975217 0.0889771 0.0865058 0.0341270 0.1036583 0.0000000 0.0912365 0.0971211 0.0388029 0.2167650 0.0342669 0.1075637 0.0882134 0.1814767 0.0358583 0.0951098 0.0874184 0.0518083 0.0386201 0.0888459 0.0804156 0.0813782 0.1043080 0.1691853 0.2995212 0.0925359 0.2220097 0.0860828 0.1141292 0.0868154 0.0802507 0.0880225 0.0782619 0.1208311 0.0577636 0.0189662 0.1996423 0.0699618 0.0484759 0.0793387 0.1496967 0.1069456 0.1139112 0.1143970 0.1216746 0.1163905 0.1487691 0.2668200 0.1070269 0.1673415 0.1084862 0.3109377 0.0710619 0.2756632 0.1312663 0.0988073 0.1721774 0.0990517 0.1098225 0.2912594 0.0856660 0.1136727 0.0799503 0.0327448 0.0643078 0.0801361 0.0564856 0.0530402 0.1611376 0.2112165 0.0836567 0.1868017 0.0860480 0.0844738 0.0903486 0.0874079 0.1039179 0.1044331 0.0904026 0.0532180 0.0900774 0.0961130 0.0574938 0.0880181 0.0967155 0.0372739 0.1469717 0.0847661 0.0806043 0.0803765 0.0868612 0.1003114 0.0575575 0.1060582 0.0798115 0.0849184 0.1042597 0.0736836 0.0909536 0.0586907 0.0777724 0.0798064 0.2238445 0.0721839 0.0838668 0.0832764 0.0794602 
S0419         0.2677041 0.1036893 0.0127433 0.0936936 0.1131233 0.1019542 0.1435110 0.1016382 0.0920183 0.0955757 0.1142132 0.1099035 0.2060597 0.1119164 0.0965773 0.0939120 0.0900475 0.1800861 0.0934598 0.0954810 0.0951944 0.0955340 0.1092692 0.0912365 0.0000000 0.0972955 0.1086200 0.2113783 0.0970127 0.0995798 0.0976833 0.1844255 0.0894234 0.0974721 0.0960848 0.1156366 0.0796222 0.1216224 0.0862228 0.0870625 0.0827817 0.1824020 0.3501662 0.0908308 0.2161514 0.0946262 0.1074113 0.0099700 0.0901324 0.0076917 0.0066991 0.1191418 0.0422370 0.0726991 0.1952936 0.0991050 0.0869514 0.0829572 0.1362587 0.0960022 0.1295159 0.1036570 0.1195964 0.1169191 0.1163766 0.3032720 0.1033224 0.1631580 0.1174529 0.3565592 0.0033526 0.3177392 0.1232646 0.1008639 0.1642532 0.1070162 0.1178671 0.3381315 0.0939472 0.1104647 0.0988265 0.0987544 0.0889701 0.1014050 0.1038629 0.1125947 0.1630829 0.2068830 0.0916218 0.1799020 0.0915685 0.0916958 0.0978679 0.0947410 0.1142662 0.1064744 0.1020912 0.0959324 0.0975150 0.1020291 0.1178887 0.0945448 0.0097660 0.1008299 0.1147386 0.1088914 0.0877453 0.0908066 0.0895641 0.1061423 0.1265437 0.1074641 0.1286290 0.0905185 0.1020780 0.0766597 0.0911530 0.0868106 0.0867368 0.0867661 0.2206787 0.0816574 0.0898209 0.0798026 0.0860434 
S0427         0.2541309 0.0867850 0.0888788 0.1064985 0.1450752 0.0795289 0.1209662 0.1036482 0.0932708 0.0692505 0.0892242 0.1245810 0.1922440 0.1113976 0.1026974 0.0978007 0.0842216 0.1847063 0.0559018 0.0764067 0.0704821 0.1014898 0.1081231 0.0971211 0.0972955 0.0000000 0.0975848 0.1982110 0.0940572 0.1176787 0.0891000 0.1635451 0.1005165 0.0783887 0.0753759 0.1115054 0.0884905 0.1266393 0.0773746 0.0696336 0.1128648 0.1681847 0.2921161 0.0923681 0.1985741 0.0724029 0.1193969 0.0973223 0.0685180 0.0956039 0.0858931 0.1398531 0.0686638 0.0654148 0.1841103 0.1084428 0.0877917 0.0869330 0.1248827 0.1120473 0.1348013 0.1184734 0.1252826 0.0887324 0.1513890 0.2631376 0.1094485 0.1466718 0.1208115 0.3038670 0.0846706 0.2661347 0.1308509 0.1000289 0.1539252 0.0904163 0.1187642 0.2835841 0.0710244 0.0981398 0.0921121 0.1019775 0.0981476 0.1134673 0.0990438 0.1253167 0.1478337 0.2018315 0.0755438 0.1739086 0.0851412 0.0928494 0.0811396 0.0739731 0.0966271 0.1108790 0.0867134 0.0947785 0.0958387 0.1002422 0.1255215 0.0832068 0.1057590 0.1031158 0.1460552 0.1199389 0.0644952 0.1018995 0.0874127 0.0848651 0.1195333 0.0784600 0.1200328 0.0758133 0.0986673 0.0756686 0.1029852 0.1049301 0.0911202 0.0890298 0.2320368 0.0918680 0.0858541 0.0466666 0.0855159 
S0428sl       0.2807679 0.0970404 0.0950821 0.0517446 0.1523758 0.0959706 0.1391684 0.0498314 0.0975878 0.0949480 0.1189078 0.0778462 0.2271530 0.0590896 0.0557147 0.0865787 0.0836824 0.1966401 0.1000014 0.0864934 0.0899157 0.0425018 0.1137071 0.0388029 0.1086200 0.0975848 0.0000000 0.2321412 0.0427294 0.1246113 0.0867356 0.1904242 0.0504418 0.0929691 0.0896610 0.0655122 0.0513611 0.0872631 0.0889987 0.0876725 0.1176942 0.1935610 0.3067460 0.1053510 0.2251448 0.0913531 0.1304459 0.1021903 0.0833727 0.1018001 0.0927771 0.1421666 0.0724863 0.0325549 0.2103161 0.0843271 0.0591011 0.0842626 0.1584435 0.1212349 0.1305901 0.1274939 0.1408962 0.1195948 0.1638519 0.2641912 0.1160159 0.1689298 0.1122071 0.3100093 0.0916868 0.2708275 0.1348922 0.1042851 0.1752802 0.1141935 0.1216673 0.2975305 0.0894050 0.1128741 0.0952351 0.0508732 0.0733937 0.0891919 0.0663542 0.0683594 0.1683360 0.2281803 0.0870229 0.1881135 0.0849107 0.0927803 0.0937602 0.0857098 0.1118527 0.1161956 0.1029593 0.0655261 0.1001748 0.1087567 0.0746766 0.0914325 0.1147880 0.0471521 0.1580135 0.0976220 0.0788616 0.0937262 0.0828651 0.1006375 0.0689467 0.1059537 0.0909128 0.0900835 0.0983995 0.0686762 0.0962412 0.0702939 0.0961531 0.0830348 0.2285817 0.0921427 0.0783686 0.0886884 0.0826849 
S0430         0.3539239 0.2334447 0.1973829 0.2311456 0.1816107 0.2093075 0.0139092 0.2155270 0.2235133 0.2202645 0.1898491 0.2252219 0.0868476 0.2449098 0.2053659 0.2249899 0.2347701 0.0265386 0.2233566 0.2231380 0.2155860 0.2305820 0.2283257 0.2167650 0.2113783 0.1982110 0.2321412 0.0000000 0.2221584 0.2177761 0.2065294 0.1190869 0.2217495 0.2146191 0.2155665 0.2518529 0.2015873 0.2521978 0.2213939 0.2007616 0.2016314 0.0302394 0.4370969 0.2227217 0.0392104 0.2039883 0.2192232 0.2116969 0.2052511 0.2095491 0.2003775 0.2276848 0.1444754 0.1751620 0.1199075 0.2447524 0.1856550 0.2188794 0.0979217 0.2317274 0.2433156 0.2290222 0.2422184 0.1958466 0.1467566 0.3902637 0.2622090 0.0972382 0.0745712 0.4421727 0.1867256 0.4297192 0.2643054 0.2491234 0.0974331 0.2126233 0.2243870 0.4342304 0.2062796 0.2211637 0.2274614 0.2308681 0.2352164 0.2532474 0.2131994 0.2427538 0.0997208 0.0259359 0.2201619 0.0887249 0.2265924 0.2247491 0.2124404 0.2119616 0.2240937 0.2151868 0.1991436 0.2224251 0.2261175 0.2322513 0.2399348 0.2191872 0.2115687 0.2444087 0.1416564 0.2481891 0.2006234 0.2229865 0.2379148 0.2116009 0.2226447 0.2380493 0.2398074 0.2188035 0.2347457 0.2010998 0.2188213 0.2290851 0.2301945 0.2209151 0.2779691 0.2080382 0.2348370 0.2075189 0.2181297 
S0478         0.2726683 0.0995408 0.0869829 0.0446743 0.1476768 0.0946628 0.1240974 0.0404058 0.0874923 0.0909089 0.1124018 0.0639003 0.2116864 0.0547691 0.0420138 0.0884619 0.0821242 0.1759932 0.0972791 0.0936437 0.0892425 0.0401429 0.1055336 0.0342669 0.0970127 0.0940572 0.0427294 0.2221584 0.0000000 0.1136192 0.0964355 0.1803520 0.0434035 0.0993286 0.0883071 0.0583583 0.0421671 0.0878805 0.0894402 0.0868882 0.1102814 0.1796304 0.2853150 0.1025242 0.2358750 0.0916867 0.1123718 0.0939818 0.0857614 0.0938159 0.0853961 0.1326792 0.0631108 0.0163331 0.2037013 0.0747667 0.0457448 0.0874455 0.1501324 0.1085144 0.1167269 0.1160545 0.1247436 0.1136044 0.1504611 0.2499671 0.1167722 0.1721010 0.1045755 0.2987603 0.0783204 0.2637887 0.1238084 0.0999793 0.1757718 0.1017175 0.1171423 0.2795152 0.0883748 0.1183489 0.0797302 0.0415124 0.0665796 0.0808426 0.0563670 0.0583268 0.1612424 0.2201937 0.0878334 0.1891789 0.0902345 0.0928750 0.0972872 0.0898481 0.1054060 0.1088802 0.0975255 0.0530715 0.0970783 0.1032277 0.0660559 0.0953784 0.0997366 0.0422544 0.1486555 0.0870423 0.0817086 0.0859169 0.0892888 0.1017465 0.0627241 0.1118723 0.0798059 0.0920860 0.1057217 0.0778183 0.0924468 0.0639546 0.0786684 0.0879632 0.2097739 0.0861260 0.0866952 0.0832781 0.0875822 
S0552sl       0.2715587 0.1213329 0.0923937 0.1182848 0.1303582 0.1335917 0.1463433 0.1105221 0.1124027 0.1198164 0.1370761 0.1303076 0.2228429 0.1267637 0.1174156 0.1079534 0.1099999 0.1834576 0.1308545 0.1284588 0.1231313 0.1179137 0.1264440 0.1075637 0.0995798 0.1176787 0.1246113 0.2177761 0.1136192 0.0000000 0.1198646 0.2054823 0.1188234 0.1230046 0.1271631 0.1386350 0.1090127 0.1394659 0.1096175 0.1200712 0.1222312 0.1807478 0.3157585 0.1149447 0.2214185 0.1271876 0.0372218 0.1061137 0.1205717 0.1025327 0.0937901 0.0876970 0.0705716 0.0859488 0.2037453 0.1235544 0.1158095 0.1113784 0.1664149 0.0352005 0.0750050 0.0200579 0.0356030 0.1464456 0.1706921 0.2840588 0.1319241 0.1719617 0.1226022 0.3271360 0.0862211 0.2897072 0.0753414 0.1238161 0.1822644 0.1253085 0.1241141 0.3109768 0.1234012 0.1461685 0.1181931 0.1263595 0.1110829 0.1273383 0.1238677 0.1391705 0.1761499 0.2175562 0.1246721 0.1845402 0.1103686 0.1212868 0.1308546 0.1287196 0.1265824 0.1121391 0.1183698 0.1119960 0.1178588 0.1304552 0.1282586 0.1205357 0.1083878 0.1267452 0.1688039 0.1254947 0.1184065 0.1093043 0.1148413 0.1358977 0.1437260 0.1417379 0.1549420 0.1243134 0.1239767 0.0921912 0.1179671 0.1147461 0.0661501 0.1088692 0.2421032 0.1112808 0.1102242 0.1033661 0.1084777 
S0558         0.2673893 0.0846036 0.0907580 0.0963178 0.1616601 0.0794459 0.1280222 0.1004672 0.0860438 0.0827295 0.1008045 0.1229341 0.2048081 0.1117487 0.0949530 0.0973241 0.0983540 0.1723673 0.0874341 0.0729316 0.0768327 0.0962571 0.0938199 0.0882134 0.0976833 0.0891000 0.0867356 0.2065294 0.0964355 0.1198646 0.0000000 0.1728006 0.1000186 0.0841271 0.0805779 0.1170708 0.0717346 0.1100431 0.0781127 0.0732476 0.1252010 0.1721484 0.3208363 0.0714597 0.2135140 0.0791102 0.1185167 0.0979677 0.0735340 0.0991753 0.0891827 0.1259688 0.0794331 0.0670868 0.1861960 0.0899209 0.0852669 0.0965866 0.1455408 0.1174441 0.1314950 0.1176015 0.1292328 0.0990345 0.1630865 0.2666999 0.1157212 0.1592067 0.1199129 0.3168320 0.0882605 0.2883180 0.1308205 0.1155549 0.1647161 0.0822292 0.1105412 0.3093898 0.0762174 0.0978278 0.0948704 0.0983264 0.0841766 0.0917606 0.0850785 0.1171056 0.1565013 0.1971017 0.0808911 0.1763014 0.0950678 0.0843228 0.0824095 0.0773953 0.0994295 0.1088252 0.0791570 0.0890974 0.0886201 0.0941186 0.1149207 0.0854649 0.1061812 0.1033699 0.1576891 0.1043669 0.0695198 0.0983669 0.1001181 0.0903782 0.1172178 0.0956465 0.1064571 0.0884506 0.1052816 0.0858231 0.1010216 0.0908644 0.0905607 0.0959966 0.2396908 0.0969675 0.0974571 0.0815999 0.0965456 
