122
S0055       0.0000000 0.0741159 0.0501326 0.0912201 0.1041656 0.0969796 0.0616365 0.0665202 0.0918743 0.0647786 0.1194963 0.1001438 0.0781978 0.0591426 0.1214271 0.0730222 0.0503234 0.0508755 0.0620853 0.0904442 0.0862253 0.0703250 0.0481920 0.0785456 0.0774770 0.0744296 0.0767156 0.0977837 0.0712500 0.1001930 0.0702817 0.0544760 0.1017908 0.0735391 0.0622230 0.0633027 0.0784358 0.0824801 0.1620661 0.0608523 0.0820205 0.0584618 0.0826271 0.0862586 0.0501146 0.0737617 0.0819277 0.0831442 0.0659132 0.0782116 0.0903140 0.0918868 0.0441976 0.0503030 0.0896964 0.0781600 0.0793113 0.0701689 0.1097718 0.0914806 0.1415232 0.0795589 0.0614789 0.0711301 0.0624716 0.1740322 0.0775279 0.1716962 0.0909061 0.0703637 0.0973755 0.0624554 0.0938008 0.1716962 0.0705484 0.0702781 0.0574265 0.0875851 0.0922563 0.1062292 0.0699695 0.0788046 0.0852746 0.0772069 0.0746791 0.0826636 0.0501209 0.0913367 0.0822491 0.0666553 0.0583854 0.0271540 0.0935878 0.0496964 0.0674111 0.0829059 0.0799091 0.0899374 0.0579001 0.0821084 0.0952824 0.0872687 0.0957770 0.0394038 0.0914806 0.0827753 0.0568733 0.0506798 0.0989538 0.0663273 0.0859346 0.0630909 0.0527675 0.0582423 0.0466932 0.0959715 0.0666010 0.0427018 0.0774324 0.0497004 0.0795850 0.0507479 
S0281       0.0741159 0.0000000 0.0841039 0.1059411 0.1405551 0.1213680 0.0968079 0.1033970 0.1312873 0.0837991 0.1263904 0.1114632 0.1095910 0.0977794 0.1286537 0.1059027 0.0844591 0.0854291 0.1066085 0.1249964 0.0652634 0.1006837 0.0654459 0.1110318 0.1126133 0.0982057 0.0949926 0.1164483 0.0901273 0.1362577 0.1068137 0.0892550 0.1223283 0.1150333 0.0980269 0.0892384 0.0536393 0.1143410 0.1982455 0.0860607 0.0961618 0.0977156 0.1119652 0.0652874 0.0801810 0.0612115 0.0612338 0.1169470 0.0383427 0.1008124 0.0873600 0.1210223 0.0838487 0.0792016 0.0824993 0.1110070 0.1036620 0.1036284 0.1129974 0.0652760 0.1857390 0.0927597 0.0704372 0.0948129 0.0913694 0.2117461 0.0571429 0.2033195 0.1059329 0.0784596 0.0895102 0.0988622 0.1276325 0.2033195 0.1072204 0.1064176 0.0803589 0.1317429 0.1215326 0.1173537 0.1056533 0.1078349 0.1183850 0.0909899 0.1068828 0.1056552 0.0840829 0.0869213 0.1006918 0.1029872 0.0936309 0.0774301 0.1186695 0.0790140 0.1133586 0.1059996 0.1121225 0.1242584 0.0835342 0.0613632 0.1238659 0.0613732 0.1251293 0.0726887 0.0652760 0.1238255 0.0783627 0.0753473 0.1438921 0.1024629 0.1198436 0.1085247 0.0948334 0.0752268 0.0835313 0.1119083 0.0889757 0.0791730 0.0698587 0.0580809 0.0925790 0.0799427 
S0282       0.0501326 0.0841039 0.0000000 0.1023173 0.0857872 0.0985439 0.0235506 0.0314331 0.0949998 0.0698630 0.1181775 0.0930493 0.0886704 0.0773112 0.1183298 0.0930822 0.0133421 0.0100667 0.0427400 0.0820725 0.0885117 0.0672258 0.0657395 0.0939485 0.0907668 0.0762750 0.0652060 0.0957491 0.0724312 0.0778745 0.0308467 0.0134099 0.0922124 0.0734979 0.0590886 0.0205951 0.0672383 0.1018771 0.1391877 0.0582528 0.0841060 0.0237311 0.0795904 0.0885469 0.0132930 0.0756878 0.0840865 0.0885700 0.0628092 0.0700657 0.0974925 0.1018858 0.0486505 0.0510857 0.0919267 0.0751126 0.0813069 0.0761527 0.0764099 0.0884800 0.1289833 0.0835064 0.0629327 0.0596147 0.0548960 0.1505284 0.0795523 0.1540090 0.0879173 0.0622293 0.0999005 0.0467918 0.0953314 0.1540090 0.0238783 0.0465165 0.0540993 0.0793495 0.1023041 0.1161253 0.0933377 0.0705921 0.0756055 0.0790961 0.0898777 0.0882664 0.0132945 0.1034256 0.0700391 0.0239137 0.0202948 0.0575043 0.0951121 0.0240289 0.0630844 0.0842197 0.0852685 0.0857300 0.0314978 0.0799323 0.0994225 0.0842434 0.1058662 0.0066767 0.0884800 0.0926131 0.0500034 0.0134311 0.0850134 0.0349777 0.0696790 0.0427277 0.0572926 0.0590504 0.0634217 0.1060860 0.0634679 0.0510685 0.0744092 0.0503774 0.0764936 0.0515442 
S0288       0.0912201 0.1059411 0.1023173 0.0000000 0.1595097 0.1436394 0.1156047 0.1083078 0.1366086 0.0268424 0.1254549 0.1443402 0.0203010 0.1230154 0.1489544 0.0104881 0.1027697 0.0988152 0.1161281 0.1522705 0.1341740 0.1088967 0.1176743 0.0170914 0.1457517 0.1154720 0.1051230 0.0802855 0.0246534 0.1594232 0.1263193 0.1169625 0.1809274 0.1294535 0.1165939 0.1066483 0.1151055 0.0204052 0.1867715 0.1092272 0.0203077 0.1259383 0.1289602 0.1342321 0.1022754 0.1198783 0.1291839 0.1510877 0.0965476 0.1353766 0.0816137 0.1623221 0.1023875 0.0964194 0.0458629 0.1196236 0.1213238 0.1255967 0.1479297 0.1157199 0.1744300 0.1214109 0.0741878 0.1275173 0.1200425 0.1998386 0.1239895 0.1967720 0.1404605 0.1049847 0.0852294 0.1114831 0.1251735 0.1967720 0.1204738 0.1195086 0.1134418 0.1529941 0.1630412 0.1530485 0.0135120 0.1267768 0.1260784 0.0646278 0.0136506 0.0135112 0.1111689 0.0730845 0.1316697 0.1224119 0.1216771 0.0945244 0.1203467 0.0958976 0.1377174 0.1274179 0.1235378 0.1589791 0.0959383 0.1246404 0.1688393 0.1202474 0.1615502 0.0993999 0.1248449 0.1217834 0.1003060 0.1125435 0.1694848 0.1217013 0.1392461 0.1170596 0.0996407 0.1003226 0.1076248 0.1670543 0.1219005 0.0834566 0.1088895 0.0955355 0.1153028 0.0973466 
S0289       0.1041656 0.1405551 0.0857872 0.1595097 0.0000000 0.1472779 0.0981809 0.1037886 0.0654333 0.1407963 0.1859607 0.0199971 0.1605512 0.1191502 0.1624570 0.1537058 0.0944578 0.0912812 0.0916788 0.0569590 0.1255162 0.1098411 0.0538404 0.1575285 0.0703556 0.1132842 0.0996462 0.1437525 0.1289446 0.0385402 0.0995251 0.0992689 0.0395304 0.0697563 0.1064014 0.1053562 0.1297200 0.1661185 0.1932932 0.0966425 0.1452919 0.0987259 0.1206278 0.1349957 0.0940273 0.1249091 0.1348453 0.1154852 0.1151154 0.0623409 0.1339064 0.0849091 0.0612719 0.1062512 0.1391213 0.1105583 0.1175349 0.1081173 0.1505238 0.1398793 0.1508577 0.1245480 0.1090152 0.0992460 0.0959928 0.1956845 0.1295421 0.1933898 0.1293351 0.1025147 0.1489512 0.1041716 0.1484024 0.1933898 0.0952878 0.1133975 0.0990790 0.0469080 0.0852540 0.1035355 0.1563645 0.0589634 0.0392184 0.1295146 0.1480846 0.1358937 0.0940409 0.1355584 0.1199979 0.0912457 0.1036244 0.1122475 0.1488877 0.0988149 0.0631016 0.1353191 0.1366974 0.0349215 0.1040311 0.1302333 0.0421879 0.1351258 0.0975151 0.0779569 0.1304476 0.1395749 0.0868270 0.0948032 0.0494019 0.1082459 0.0699063 0.1050000 0.1029123 0.0935946 0.1028578 0.0860647 0.0983578 0.1062100 0.1053007 0.0875128 0.1294719 0.1068964 
S0292       0.0969796 0.1213680 0.0985439 0.1436394 0.1472779 0.0000000 0.1028748 0.1090756 0.1330879 0.1251414 0.1804043 0.1435479 0.1378535 0.1019444 0.1375988 0.1352592 0.0947665 0.0958951 0.1124842 0.1313139 0.1209880 0.1049942 0.0914021 0.1347437 0.1184777 0.1084568 0.1001048 0.1134722 0.1274146 0.1429303 0.1132289 0.1040719 0.1454098 0.1256320 0.0992761 0.1085861 0.1113158 0.1430103 0.1873837 0.1110103 0.1283333 0.1128924 0.1207688 0.1205549 0.0985036 0.1115197 0.1156606 0.1216838 0.0973453 0.1220691 0.1329274 0.1364963 0.0932604 0.0611582 0.1337437 0.1066796 0.1235822 0.0993016 0.1590190 0.1302693 0.1854376 0.1201389 0.1036000 0.0993547 0.1055458 0.2004889 0.1156136 0.2034807 0.1207336 0.0911327 0.1345900 0.1133412 0.0572049 0.2034807 0.1229120 0.1217126 0.0946307 0.1382907 0.1370837 0.1536474 0.1338007 0.1230801 0.1190839 0.1003380 0.1354060 0.1338068 0.0985187 0.1322485 0.1080318 0.1185268 0.1086713 0.1003208 0.0531703 0.0930819 0.1010277 0.0238092 0.0349036 0.1211554 0.0976486 0.1210089 0.1565931 0.1256043 0.1479630 0.0868079 0.1302693 0.0610394 0.0907983 0.0997276 0.1361480 0.1179122 0.1213420 0.1192347 0.1002755 0.0744654 0.0971129 0.1436574 0.1031019 0.0574140 0.1051041 0.0780218 0.1155961 0.0617011 
S0293       0.0616365 0.0968079 0.0235506 0.1156047 0.0981809 0.1028748 0.0000000 0.0461717 0.0993392 0.0833415 0.1515301 0.0978968 0.1015262 0.0814926 0.1282657 0.1066449 0.0133588 0.0238794 0.0618501 0.0861170 0.1013324 0.0834057 0.0716447 0.1070771 0.0948929 0.0847901 0.0862652 0.1173961 0.0849561 0.0818818 0.0343983 0.0237191 0.0964138 0.0773168 0.0710594 0.0385609 0.0794442 0.1151052 0.1632650 0.0700438 0.0968091 0.0343157 0.0836936 0.1013734 0.0166759 0.0881492 0.0967680 0.1014132 0.0748259 0.0698844 0.1117400 0.1020024 0.0485202 0.0628162 0.0961136 0.0709872 0.0941429 0.0719645 0.0942502 0.0926717 0.1428614 0.0834347 0.0714109 0.0758634 0.0719197 0.1753518 0.0920698 0.1787381 0.0836562 0.0661344 0.1133568 0.0583218 0.0996892 0.1787381 0.0417865 0.0579701 0.0665814 0.0958846 0.1024215 0.1162604 0.1063646 0.0704082 0.0796846 0.0915445 0.0985349 0.1010636 0.0235455 0.1179972 0.0739981 0.0382861 0.0308158 0.0691306 0.0994598 0.0420811 0.0670446 0.0883786 0.0894882 0.0897824 0.0425196 0.0969911 0.1036257 0.0969532 0.1059860 0.0168971 0.1012951 0.0968324 0.0537701 0.0237919 0.0890282 0.0460364 0.0694996 0.0540836 0.0688661 0.0629781 0.0674107 0.1062063 0.0756340 0.0627944 0.0866378 0.0541740 0.0932080 0.0633889 
S0294       0.0665202 0.1033970 0.0314331 0.1083078 0.1037886 0.1090756 0.0461717 0.0000000 0.1113474 0.0762081 0.1295726 0.1108173 0.0942797 0.0917124 0.1456237 0.0990660 0.0352103 0.0354591 0.0587982 0.0957086 0.0985455 0.0801386 0.0927269 0.0997512 0.1048096 0.0946304 0.0789369 0.1014528 0.0826699 0.0913234 0.0466727 0.0391271 0.1065400 0.0867003 0.0559408 0.0473848 0.0849003 0.1078347 0.1462365 0.0751739 0.0895865 0.0465543 0.0979132 0.0985858 0.0350697 0.0852527 0.0939456 0.1030525 0.0801264 0.0832299 0.0895071 0.1167739 0.0615808 0.0678159 0.0932438 0.0931229 0.0954725 0.0944639 0.0775940 0.0985087 0.1356243 0.0805325 0.0638700 0.0809727 0.0820188 0.1579660 0.0892169 0.1614716 0.1066720 0.0765080 0.0968713 0.0593173 0.1012945 0.1614716 0.0430536 0.0549031 0.0670870 0.0922913 0.1172648 0.1385907 0.0990870 0.0838718 0.0892679 0.0802082 0.0955925 0.0938443 0.0350739 0.1001956 0.0888923 0.0431252 0.0428794 0.0741737 0.1056298 0.0464380 0.0761636 0.1028759 0.1042292 0.0994443 0.0393608 0.0892169 0.1138595 0.0941264 0.1208692 0.0245631 0.0985087 0.1027743 0.0703168 0.0354569 0.0985878 0.0428931 0.0827617 0.0587973 0.0659177 0.0762451 0.0723851 0.1167732 0.0767966 0.0677918 0.0837753 0.0668438 0.0857880 0.0684473 
S0299       0.0918743 0.1312873 0.0949998 0.1366086 0.0654333 0.1330879 0.0993392 0.1113474 0.0000000 0.1242706 0.1818837 0.0425047 0.1306853 0.0942963 0.1648612 0.1226228 0.0954192 0.0965462 0.1099105 0.0816140 0.1218345 0.1005287 0.0481954 0.1264700 0.0650933 0.1032132 0.1101463 0.1440392 0.1154809 0.0616455 0.0963224 0.1004998 0.0542390 0.0733164 0.0976835 0.0957507 0.1198313 0.1359841 0.1872964 0.1012261 0.1201616 0.1093388 0.1016062 0.1316332 0.0949608 0.1167156 0.1263886 0.1267479 0.1058665 0.0697052 0.1271307 0.0890880 0.0512937 0.0966463 0.1295879 0.0971737 0.1123352 0.1073168 0.1192790 0.1264113 0.1578724 0.0969110 0.0883416 0.0988801 0.0899628 0.1897114 0.1209997 0.1924374 0.1162868 0.0921281 0.1289921 0.1005909 0.1397675 0.1924374 0.0960062 0.1164951 0.0938498 0.0574805 0.0894678 0.0942241 0.1264650 0.0702401 0.0415514 0.1149651 0.1183894 0.1219258 0.0949753 0.1287213 0.1006201 0.0917629 0.0998951 0.1001536 0.1396721 0.1004901 0.0665801 0.1259977 0.1283351 0.0406196 0.1060290 0.1267087 0.0612266 0.1215961 0.1023693 0.0783485 0.1168571 0.1261531 0.0863859 0.0961462 0.0520073 0.1092334 0.0688294 0.1161231 0.0951144 0.0837540 0.0837057 0.0846238 0.0981461 0.0924946 0.1053596 0.0777795 0.1208689 0.0976171 
S0303       0.0647786 0.0837991 0.0698630 0.0268424 0.1407963 0.1251414 0.0833415 0.0762081 0.1242706 0.0000000 0.1156099 0.1444566 0.0265701 0.0971165 0.1226308 0.0157541 0.0701751 0.0657893 0.0940792 0.1287320 0.1134937 0.0880430 0.1103949 0.0189457 0.1272232 0.1038048 0.0885604 0.0811362 0.0226663 0.1399295 0.0938068 0.0843596 0.1485894 0.1177784 0.0895589 0.0704374 0.0974006 0.0267242 0.1647238 0.0924310 0.0187967 0.0935157 0.1136092 0.1135456 0.0698338 0.0985413 0.1082959 0.1306854 0.0834180 0.1188880 0.0809956 0.1426386 0.0884328 0.0797243 0.0471275 0.1034465 0.1099743 0.1098610 0.0809411 0.0988611 0.1520844 0.0946666 0.0743789 0.1058337 0.0909756 0.1783794 0.1029319 0.1756618 0.1137944 0.0780397 0.0817330 0.0847824 0.1103041 0.1756618 0.0784465 0.1035846 0.0851798 0.1199291 0.1433226 0.1479843 0.0189468 0.1149213 0.1112810 0.0636221 0.0152598 0.0189457 0.0788303 0.0712719 0.0917031 0.0797121 0.0791954 0.0731139 0.1002225 0.0740566 0.1099705 0.1129820 0.1038758 0.1330445 0.0837437 0.1035006 0.1508262 0.1036578 0.1473302 0.0664584 0.1085298 0.1068588 0.0786219 0.0798496 0.1444561 0.0947354 0.1171995 0.0896561 0.0918171 0.0744522 0.0905766 0.1476894 0.0947485 0.0749625 0.1074340 0.0786007 0.0944538 0.0805551 
S0308       0.1194963 0.1263904 0.1181775 0.1254549 0.1859607 0.1804043 0.1515301 0.1295726 0.1818837 0.1156099 0.0000000 0.1728589 0.1199642 0.1376321 0.2061413 0.1119107 0.1377579 0.1345449 0.1430757 0.1784612 0.1514943 0.1360760 0.1277117 0.1215822 0.1436946 0.1224023 0.1375430 0.1094519 0.1099723 0.1919681 0.1636741 0.1385888 0.1900872 0.1617359 0.1431374 0.1274750 0.1411837 0.1187076 0.1838016 0.1437909 0.1060773 0.1531194 0.1318220 0.1515629 0.1370379 0.1412399 0.1462075 0.1496264 0.1211146 0.1632288 0.0931934 0.1763323 0.1287618 0.1166172 0.0966116 0.1378543 0.1237417 0.1283976 0.1653027 0.1517593 0.1947786 0.1574000 0.0890375 0.1351932 0.1175968 0.1969286 0.1406746 0.1818899 0.1385094 0.1266524 0.1003330 0.1439128 0.1722984 0.1818899 0.1541910 0.1579669 0.1315633 0.1662409 0.1718466 0.1845141 0.1159462 0.1595369 0.1669560 0.0877926 0.1173228 0.1159495 0.1370615 0.0983977 0.1553152 0.1495680 0.1486513 0.1138355 0.1564611 0.1213650 0.1559613 0.1619515 0.1698485 0.1773493 0.1358108 0.1414496 0.1799765 0.1468334 0.1703596 0.1248251 0.1517593 0.1568337 0.1245010 0.1388321 0.1786930 0.1486737 0.1672331 0.1505546 0.1150526 0.1309365 0.1215414 0.1812566 0.1391315 0.1165705 0.1325551 0.1147572 0.1337943 0.1177911 
S0320       0.1001438 0.1114632 0.0930493 0.1443402 0.0199971 0.1435479 0.0978968 0.1108173 0.0425047 0.1444566 0.1728589 0.0000000 0.1511132 0.1054995 0.1754564 0.1427162 0.0935081 0.0943306 0.1114904 0.0504889 0.1115532 0.1050186 0.0313093 0.1462782 0.0602194 0.0923380 0.0990290 0.1381009 0.1282726 0.0201088 0.1041074 0.0991776 0.0207646 0.0651963 0.1013569 0.0938727 0.1048768 0.1574475 0.1999710 0.1004864 0.1337186 0.1039752 0.0957767 0.1222965 0.0881138 0.1059786 0.1165682 0.1063028 0.0897191 0.0610908 0.1166579 0.0767716 0.0543169 0.1011715 0.1222019 0.0908361 0.1019196 0.0918021 0.1020214 0.1168409 0.1606727 0.1120240 0.0811155 0.0874822 0.0822689 0.2029468 0.1107094 0.1992204 0.1062854 0.0801981 0.1199314 0.0943005 0.1506556 0.1992204 0.0937208 0.1159329 0.0858256 0.0424787 0.0771372 0.0817238 0.1462682 0.0567833 0.0248645 0.1113782 0.1370251 0.1284583 0.0881514 0.1170281 0.1056970 0.0889931 0.0934903 0.1095912 0.1453513 0.0986425 0.0616685 0.1351550 0.1377573 0.0204092 0.1043142 0.1168945 0.0375265 0.1115534 0.0914578 0.0744427 0.1063510 0.1346212 0.0893806 0.0943069 0.0372003 0.1161837 0.0602268 0.1111857 0.0984814 0.0864391 0.0974077 0.0779965 0.0811200 0.1011259 0.1000870 0.0795757 0.1283662 0.1023336 
S0322       0.0781978 0.1095910 0.0886704 0.0203010 0.1605512 0.1378535 0.1015262 0.0942797 0.1306853 0.0265701 0.1199642 0.1511132 0.0000000 0.1174895 0.1425346 0.0068963 0.0890495 0.0848595 0.1065649 0.1532468 0.1285587 0.1038154 0.1110088 0.0169371 0.1400324 0.1101899 0.1051144 0.0799245 0.0172853 0.1555528 0.1117110 0.1026911 0.1742309 0.1284875 0.1112503 0.0928637 0.1187591 0.0133610 0.1898388 0.0955657 0.0132987 0.1073099 0.1234543 0.1286134 0.0886351 0.1145281 0.1236683 0.1354331 0.1001742 0.1390594 0.0766172 0.1560601 0.1016333 0.0915209 0.0492287 0.1142872 0.1158906 0.1200991 0.1314001 0.1193927 0.1677739 0.1159732 0.0657679 0.1219127 0.1138481 0.2028732 0.1185859 0.2000288 0.1346712 0.0999543 0.0804379 0.1014775 0.1238095 0.2000288 0.1013789 0.1099696 0.1083601 0.1468989 0.1567428 0.1568954 0.0066368 0.1354409 0.1310962 0.0604074 0.0135268 0.0133917 0.0972318 0.0682135 0.1261943 0.1078629 0.1072203 0.0897471 0.1190436 0.0865482 0.1276734 0.1219973 0.1222095 0.1529032 0.0909348 0.1191983 0.1699454 0.1239174 0.1603566 0.0856727 0.1285120 0.1116636 0.0953662 0.0984088 0.1631953 0.1072443 0.1335323 0.1114939 0.0947413 0.0953806 0.1024312 0.1607136 0.1164272 0.0787819 0.1124935 0.0906978 0.1100325 0.0923893 
S0335       0.0591426 0.0977794 0.0773112 0.1230154 0.1191502 0.1019444 0.0814926 0.0917124 0.0942963 0.0971165 0.1376321 0.1054995 0.1174895 0.0000000 0.1305969 0.1084707 0.0776389 0.0742767 0.0864300 0.1041534 0.0976281 0.0855312 0.0744756 0.1088495 0.0841366 0.0907675 0.0837181 0.1109474 0.1015652 0.1100081 0.0813948 0.0779734 0.1216411 0.0944053 0.0824647 0.0867428 0.0983866 0.1162433 0.1710016 0.0851164 0.1075584 0.0909341 0.0901719 0.0972840 0.0772806 0.0887277 0.0927055 0.1086417 0.0847957 0.0864401 0.1092227 0.1028979 0.0585471 0.0632795 0.1023446 0.0854385 0.0962014 0.0770389 0.1225435 0.1021570 0.1590616 0.0904315 0.0802530 0.0824495 0.0783653 0.1838707 0.0926811 0.1918869 0.0988898 0.0677510 0.1110156 0.0819496 0.1096399 0.1918869 0.1004545 0.1041454 0.0727042 0.1056304 0.1033250 0.1126098 0.1081119 0.0866997 0.0927834 0.0889842 0.1048695 0.1134243 0.0772918 0.1150209 0.0883998 0.0961807 0.0868079 0.0713841 0.0943459 0.0765872 0.0791072 0.0977411 0.0948008 0.1035594 0.0809910 0.0976511 0.1187417 0.0977669 0.1131858 0.0657539 0.1021570 0.1064276 0.0626679 0.0782231 0.1085790 0.0956824 0.0992247 0.0967196 0.0799235 0.0594336 0.0206362 0.1134285 0.0818241 0.0594876 0.0970468 0.0506877 0.0860398 0.0638613 
S0345       0.1214271 0.1286537 0.1183298 0.1489544 0.1624570 0.1375988 0.1282657 0.1456237 0.1648612 0.1226308 0.2061413 0.1754564 0.1425346 0.1305969 0.0000000 0.1291222 0.1239613 0.1201850 0.1343031 0.1558064 0.1386287 0.1242822 0.1691630 0.1391654 0.1301409 0.1419513 0.1182881 0.1554666 0.1257001 0.1694436 0.1404751 0.1299409 0.1656431 0.1439534 0.1295042 0.1299635 0.1323476 0.1427315 0.2020969 0.1227141 0.1267456 0.1394134 0.1446895 0.1439021 0.1232823 0.1273776 0.1382558 0.1620929 0.1164219 0.1348761 0.1483474 0.1644093 0.1088657 0.1061397 0.1269749 0.1329765 0.1490917 0.1358081 0.1903014 0.1489875 0.1883887 0.1021820 0.1201114 0.1358601 0.1399080 0.2169529 0.1324407 0.2196372 0.1431972 0.0913084 0.1551246 0.1301737 0.1504446 0.2196372 0.1410526 0.1447700 0.1205674 0.1573069 0.1652099 0.1859689 0.1374580 0.1205009 0.1379822 0.1302117 0.1341538 0.1381008 0.1233043 0.1376363 0.0956657 0.1361617 0.1352655 0.1249997 0.1500659 0.1070488 0.1284105 0.1252803 0.1319079 0.1440661 0.1221049 0.1324407 0.1735603 0.1437345 0.1633109 0.1098422 0.1489875 0.1401060 0.0863755 0.1194478 0.1664897 0.1458766 0.1492980 0.1234517 0.1246945 0.0685323 0.1075294 0.1630563 0.1289339 0.1015805 0.1353197 0.0769979 0.1258433 0.1068343 
S0355       0.0730222 0.1059027 0.0930822 0.0104881 0.1537058 0.1352592 0.1066449 0.0990660 0.1226228 0.0157541 0.1119107 0.1427162 0.0068963 0.1084707 0.1291222 0.0000000 0.0935021 0.0894386 0.1073257 0.1462449 0.1199362 0.0955013 0.1042045 0.0069495 0.1327743 0.1065043 0.0913379 0.0753767 0.0107775 0.1588029 0.1174761 0.1079320 0.1677542 0.1255705 0.1075746 0.0975037 0.1107553 0.0069323 0.1686923 0.0958068 0.0068987 0.1118223 0.1202911 0.1199888 0.0930432 0.1056291 0.1149579 0.1377259 0.0961594 0.1315902 0.0714022 0.1439136 0.0966384 0.0871968 0.0400319 0.1107711 0.1123901 0.1112602 0.1375696 0.1160572 0.1566533 0.1124744 0.0687604 0.1186118 0.1105122 0.1816736 0.1098029 0.1790564 0.1319158 0.0959438 0.0753332 0.0977799 0.1163733 0.1790564 0.1115968 0.1057485 0.0987677 0.1395462 0.1439136 0.1443620 0.0000023 0.1271796 0.1189175 0.0552362 0.0034678 0.0034577 0.1021140 0.0623956 0.1231838 0.1134368 0.1127288 0.0811764 0.1114543 0.0823572 0.1186094 0.1188119 0.1094162 0.1459099 0.0913220 0.1103824 0.1634568 0.1207620 0.1534977 0.0899807 0.1255405 0.1085834 0.0911999 0.1034135 0.1514345 0.1127550 0.1307227 0.1082194 0.0862304 0.0912133 0.0932116 0.1538537 0.1129283 0.0740245 0.1044242 0.0863864 0.0972086 0.0880569 
S0400       0.0503234 0.0844591 0.0133421 0.1027697 0.0944578 0.0947665 0.0133588 0.0352103 0.0954192 0.0701751 0.1377579 0.0935081 0.0890495 0.0776389 0.1239613 0.0935021 0.0000000 0.0135270 0.0504958 0.0824094 0.0888893 0.0714145 0.0661640 0.0943586 0.0911476 0.0765936 0.0738565 0.1047896 0.0727321 0.0781909 0.0309565 0.0168992 0.0926063 0.0737922 0.0593228 0.0277987 0.0675104 0.1023255 0.1592741 0.0584804 0.0844612 0.0238148 0.0799218 0.0889248 0.0066128 0.0760009 0.0844408 0.0889485 0.0630594 0.0703458 0.0979543 0.0927163 0.0488435 0.0512839 0.0838644 0.0714652 0.0816536 0.0724545 0.0811948 0.0803995 0.1389247 0.0838557 0.0632000 0.0639165 0.0636492 0.1713052 0.0798833 0.1747282 0.0842304 0.0624749 0.1003477 0.0469701 0.0915143 0.1747282 0.0310737 0.0466926 0.0543227 0.0836702 0.0930920 0.1062183 0.0937420 0.0708770 0.0759176 0.0794230 0.0902677 0.0886418 0.0133393 0.1039267 0.0703197 0.0311216 0.0203651 0.0577258 0.0913027 0.0312889 0.0633367 0.0805216 0.0815210 0.0860830 0.0316122 0.0846328 0.0998482 0.0845993 0.0966362 0.0066991 0.0888563 0.0889024 0.0578649 0.0134770 0.0853600 0.0351054 0.0699564 0.0428880 0.0575122 0.0592844 0.0636773 0.0968339 0.0637237 0.0512666 0.0747112 0.0505700 0.0808507 0.0517462 
S0405       0.0508755 0.0854291 0.0100667 0.0988152 0.0912812 0.0958951 0.0238794 0.0354591 0.0965462 0.0657893 0.1345449 0.0943306 0.0848595 0.0742767 0.1201850 0.0894386 0.0135270 0.0000000 0.0471889 0.0833324 0.0899127 0.0592475 0.0729727 0.0904264 0.0921766 0.0774753 0.0620456 0.0887916 0.0689118 0.0743488 0.0312842 0.0136015 0.0936688 0.0746101 0.0517854 0.0244743 0.0682750 0.0983864 0.1504712 0.0591290 0.0806260 0.0240659 0.0808336 0.0899490 0.0134765 0.0768680 0.0854089 0.0899741 0.0637674 0.0711304 0.0849097 0.0946825 0.0494039 0.0518566 0.0886562 0.0762751 0.0826046 0.0773484 0.0769896 0.0898791 0.1304048 0.0848111 0.0596413 0.0564843 0.0641620 0.1622730 0.0807938 0.1657444 0.0893000 0.0593198 0.0836557 0.0394887 0.0877401 0.1657444 0.0240288 0.0431975 0.0549656 0.0751229 0.0950744 0.1086081 0.0898374 0.0716730 0.0722781 0.0680296 0.0863440 0.0847907 0.0134780 0.0908672 0.0672069 0.0278347 0.0205797 0.0583580 0.0875364 0.0278762 0.0640508 0.0814637 0.0778227 0.0870441 0.0281654 0.0807938 0.1009827 0.0855712 0.0986879 0.0067694 0.0898791 0.0852365 0.0545987 0.0136193 0.0863050 0.0354848 0.0707322 0.0394020 0.0581396 0.0560744 0.0644001 0.0988942 0.0644472 0.0440371 0.0755489 0.0511271 0.0682452 0.0523292 
S0412sl     0.0620853 0.1066085 0.0427400 0.1161281 0.0916788 0.1124842 0.0618501 0.0587982 0.1099105 0.0940792 0.1430757 0.1114904 0.1065649 0.0864300 0.1343031 0.1073257 0.0504958 0.0471889 0.0000000 0.0737566 0.0834019 0.0715863 0.0792259 0.1077388 0.0900012 0.0893510 0.0611832 0.1048932 0.0949300 0.0875441 0.0705310 0.0546647 0.1008008 0.0818940 0.0630314 0.0557608 0.0925563 0.1203947 0.1607807 0.0500999 0.1017541 0.0583408 0.0926320 0.0918951 0.0502855 0.0884928 0.0971634 0.1020007 0.0793546 0.0784463 0.1068657 0.1204042 0.0528290 0.0591140 0.1010116 0.0879506 0.0946796 0.0803549 0.1156335 0.0962629 0.1255718 0.1009945 0.0534657 0.0765792 0.0718108 0.1729559 0.0924354 0.1605944 0.0970791 0.0841088 0.1145238 0.0717568 0.1093321 0.1605944 0.0627855 0.0706726 0.0580839 0.0786729 0.1209089 0.1424274 0.1070160 0.0664197 0.0857580 0.0963520 0.1035644 0.1062855 0.0502919 0.1130159 0.0882808 0.0589286 0.0585891 0.0734742 0.1090782 0.0544167 0.0714293 0.0974782 0.0987358 0.0944182 0.0628969 0.0928899 0.0945646 0.0919878 0.1244898 0.0395377 0.0962629 0.1017081 0.0617575 0.0508545 0.0992584 0.0665618 0.0780090 0.0592058 0.0615900 0.0713773 0.0719998 0.1247546 0.0677553 0.0630973 0.0869676 0.0622266 0.0853417 0.0596530 
S0417       0.0904442 0.1249964 0.0820725 0.1522705 0.0569590 0.1313139 0.0861170 0.0957086 0.0816140 0.1287320 0.1784612 0.0504889 0.1532468 0.1041534 0.1558064 0.1462449 0.0824094 0.0833324 0.0737566 0.0000000 0.1093185 0.1045855 0.0259235 0.1502155 0.0650979 0.0982834 0.0813401 0.1369561 0.1223404 0.0535262 0.0911530 0.0870614 0.0581877 0.0613062 0.0880668 0.0927703 0.1191822 0.1586406 0.1755949 0.0996044 0.1383888 0.0825899 0.1015310 0.1183000 0.0820411 0.1149508 0.1241245 0.1111533 0.1050746 0.0540297 0.1165339 0.0926800 0.0407515 0.0879531 0.1237629 0.0927647 0.1024053 0.0894280 0.1626305 0.1289869 0.1540656 0.1142663 0.0929743 0.0852346 0.0719825 0.1882303 0.1190221 0.1808145 0.1103042 0.0928296 0.1180983 0.0917900 0.1232299 0.1808145 0.0914953 0.1007763 0.0795359 0.0497917 0.0930559 0.1118557 0.1491318 0.0503623 0.0508719 0.1141014 0.1409955 0.1432838 0.0820526 0.1129629 0.1014032 0.0874587 0.0829095 0.0983071 0.1375209 0.0866627 0.0470990 0.1064526 0.1170092 0.0532243 0.0916721 0.1244237 0.0563265 0.1243755 0.0966040 0.0664754 0.1198345 0.1287862 0.0859979 0.0830043 0.0650869 0.0998907 0.0614348 0.0968148 0.0771382 0.0841755 0.0931176 0.0981047 0.0887030 0.0879205 0.0996964 0.0784363 0.1151194 0.0845118 
S0419       0.0862253 0.0652634 0.0885117 0.1341740 0.1255162 0.1209880 0.1013324 0.0985455 0.1218345 0.1134937 0.1514943 0.1115532 0.1285587 0.0976281 0.1386287 0.1199362 0.0888893 0.0899127 0.0834019 0.1093185 0.0000000 0.0919119 0.0782532 0.1247525 0.1021149 0.1080260 0.0819635 0.1262426 0.1132577 0.1215230 0.1025858 0.0937560 0.1116030 0.1100220 0.0806232 0.0981071 0.0495597 0.1292049 0.1965022 0.0918478 0.1144924 0.0977236 0.1112484 0.0066014 0.0884776 0.0100277 0.0100309 0.1211995 0.0417931 0.0960454 0.1019804 0.1405676 0.0744225 0.0708207 0.1000350 0.1062635 0.0999142 0.1019894 0.1316968 0.0573861 0.1790199 0.1017726 0.0709365 0.0902025 0.0859389 0.2098442 0.0066327 0.2015258 0.0971267 0.0827417 0.1034015 0.0944537 0.0996746 0.2015258 0.0941975 0.1019786 0.0666532 0.1110676 0.1411724 0.1528248 0.1191223 0.0977739 0.1041398 0.1001706 0.1159897 0.1101771 0.0884906 0.1014657 0.1048264 0.0900384 0.0981805 0.0948246 0.1134593 0.0788540 0.0949211 0.1056826 0.1117780 0.1146451 0.0793832 0.0100500 0.1040539 0.0535607 0.1447781 0.0728483 0.0573861 0.1100229 0.0782057 0.0714208 0.1242622 0.0980483 0.1147511 0.1082598 0.0780621 0.0750767 0.0829145 0.1360676 0.0721243 0.0707956 0.0615071 0.0579781 0.0932658 0.0714747 
S0427       0.0703250 0.1006837 0.0672258 0.1088967 0.1098411 0.1049942 0.0834057 0.0801386 0.1005287 0.0880430 0.1360760 0.1050186 0.1038154 0.0855312 0.1242822 0.0955013 0.0714145 0.0592475 0.0715863 0.1045855 0.0919119 0.0000000 0.0911658 0.0962761 0.1014216 0.0896159 0.0648257 0.1110226 0.0889834 0.1002570 0.0888235 0.0759753 0.1167833 0.0992313 0.0670943 0.0761258 0.0870232 0.1084354 0.1702908 0.0746088 0.0907112 0.0841642 0.0929045 0.0919483 0.0710975 0.0790819 0.0874799 0.1022427 0.0741681 0.0957676 0.0950895 0.1054825 0.0653780 0.0467427 0.1038335 0.0797589 0.0894078 0.0810938 0.1283300 0.0920206 0.1489107 0.0967132 0.0793328 0.0895667 0.0858769 0.1723267 0.0829346 0.1699750 0.1015321 0.0778391 0.1024733 0.0664093 0.0977154 0.1699750 0.0850850 0.0798947 0.0757543 0.0824480 0.1059145 0.1198999 0.0956587 0.0965151 0.0850121 0.0855111 0.0967489 0.0999466 0.0711073 0.1001767 0.0776128 0.0810038 0.0801821 0.0775156 0.0929149 0.0663314 0.0887106 0.0906703 0.0962524 0.0956077 0.0587088 0.0824521 0.1141178 0.0877788 0.1095239 0.0555886 0.0920206 0.0782838 0.0696841 0.0719364 0.1046319 0.0886981 0.1037507 0.0896227 0.0735164 0.0655918 0.0752342 0.1113774 0.0846500 0.0504770 0.0738610 0.0613888 0.0274057 0.0471556 
S0428sl     0.0481920 0.0654459 0.0657395 0.1176743 0.0538404 0.0914021 0.0716447 0.0927269 0.0481954 0.1103949 0.1277117 0.0313093 0.1110088 0.0744756 0.1691630 0.1042045 0.0661640 0.0729727 0.0792259 0.0259235 0.0782532 0.0911658 0.0000000 0.1117505 0.0370122 0.0612684 0.0932767 0.1030409 0.0911124 0.0425504 0.0852259 0.0784808 0.0322941 0.0484934 0.0733340 0.0664966 0.0767899 0.1181327 0.1826095 0.0836238 0.0974373 0.0721062 0.0727232 0.0844578 0.0598587 0.0719010 0.0779963 0.0661713 0.0649774 0.0425551 0.0937763 0.0612597 0.0386487 0.0538390 0.0844699 0.0608147 0.0796103 0.0676383 0.0930047 0.0782468 0.1715218 0.0723447 0.0521238 0.0662533 0.0396570 0.2022803 0.0775478 0.1740824 0.0852896 0.0602171 0.0964228 0.0728818 0.0864853 0.1740824 0.0725688 0.0988676 0.0577133 0.0487737 0.0616202 0.0672715 0.1051390 0.0437781 0.0322071 0.0841378 0.1003984 0.1117497 0.0657735 0.0923479 0.0847738 0.0667197 0.0661466 0.0591736 0.0926852 0.0662222 0.0378537 0.0913513 0.0999326 0.0367929 0.0854475 0.0844578 0.0423462 0.0782468 0.0736529 0.0549206 0.0782468 0.0920699 0.0538871 0.0660537 0.0540875 0.0847161 0.0481964 0.0936006 0.0708181 0.0605919 0.0742451 0.0685883 0.0605932 0.0596234 0.0653977 0.0481710 0.1063487 0.0541122 
S0430       0.0785456 0.1110318 0.0939485 0.0170914 0.1575285 0.1347437 0.1070771 0.0997512 0.1264700 0.0189457 0.1215822 0.1462782 0.0169371 0.1088495 0.1391654 0.0069495 0.0943586 0.0904264 0.1077388 0.1502155 0.1247525 0.0962761 0.1117505 0.0000000 0.1369911 0.1057378 0.0971819 0.0808882 0.0211572 0.1624874 0.1175563 0.1083274 0.1712535 0.1347334 0.1079802 0.0982288 0.1093497 0.0170239 0.1773165 0.0965737 0.0169427 0.1172048 0.1188938 0.1248056 0.0939104 0.1107514 0.1198761 0.1402311 0.1014666 0.1359392 0.0776439 0.1529935 0.1023664 0.0882332 0.0462057 0.1098134 0.1113459 0.1102772 0.1381958 0.1209932 0.1654165 0.1127200 0.0751562 0.1172618 0.1094958 0.1901402 0.1148155 0.1874687 0.1299452 0.0967073 0.0814633 0.1029705 0.1164893 0.1874687 0.1118689 0.1156915 0.1036506 0.1437688 0.1536693 0.1525728 0.0101102 0.1322754 0.1236480 0.0611150 0.0102130 0.0101458 0.1026923 0.0691206 0.1230760 0.1136521 0.1129674 0.0865141 0.1117315 0.0877685 0.1287022 0.1188468 0.1149733 0.1498779 0.0922272 0.1154083 0.1670001 0.1255881 0.1573298 0.0909568 0.1302550 0.1133561 0.0921085 0.1039558 0.1602280 0.1129918 0.1398251 0.1131713 0.0915017 0.0921218 0.0940753 0.1576834 0.1118530 0.0754571 0.1139590 0.0874374 0.1023455 0.0890758 
S0478       0.0774770 0.1126133 0.0907668 0.1457517 0.0703556 0.1184777 0.0948929 0.1048096 0.0650933 0.1272232 0.1436946 0.0602194 0.1400324 0.0841366 0.1301409 0.1327743 0.0911476 0.0921766 0.0900012 0.0650979 0.1021149 0.1014216 0.0370122 0.1369911 0.0000000 0.0975684 0.0934569 0.1071657 0.1158167 0.0747971 0.0956700 0.0874949 0.0510470 0.0538560 0.0913869 0.0959369 0.1115399 0.1451245 0.1674137 0.0989563 0.1258805 0.0998473 0.0961355 0.1107429 0.0907314 0.1074593 0.1162649 0.1144300 0.0980274 0.0466176 0.0994949 0.0667656 0.0368451 0.0815505 0.1074323 0.0914994 0.0930445 0.1014433 0.1374988 0.1075872 0.1561915 0.0789014 0.0782561 0.0886157 0.0755618 0.1795937 0.1113948 0.1771599 0.1047860 0.0779703 0.1107833 0.0950804 0.1192711 0.1771599 0.1005039 0.1040484 0.0830456 0.0581364 0.0670267 0.0782983 0.1314444 0.0504641 0.0473760 0.0943468 0.1330250 0.1305439 0.0907445 0.1006116 0.0943052 0.0963985 0.1003068 0.0807560 0.1197346 0.0899368 0.0396920 0.1079149 0.1051394 0.0538391 0.0899893 0.1165353 0.0576806 0.1032757 0.0705240 0.0748853 0.0990242 0.1033109 0.0767304 0.0918111 0.0503533 0.1090795 0.0539671 0.1102428 0.0885012 0.0698078 0.0742812 0.0755355 0.0920485 0.0815214 0.0929130 0.0646257 0.1115504 0.0822998 
S0552sl     0.0744296 0.0982057 0.0762750 0.1154720 0.1132842 0.1084568 0.0847901 0.0946304 0.1032132 0.1038048 0.1224023 0.0923380 0.1101899 0.0907675 0.1419513 0.1065043 0.0765936 0.0774753 0.0893510 0.0982834 0.1080260 0.0896159 0.0612684 0.1057378 0.0975684 0.0000000 0.0925569 0.0956838 0.0948783 0.0996028 0.0986752 0.0761010 0.0861758 0.0878155 0.0810080 0.0904135 0.0972722 0.1149727 0.1786551 0.0790913 0.0966744 0.0896873 0.0307911 0.1126347 0.0762453 0.0987771 0.1077909 0.0620878 0.0847679 0.0885645 0.0925757 0.1184265 0.0617031 0.0593729 0.0875062 0.0461279 0.0240046 0.0274864 0.1498233 0.1125450 0.1769284 0.0993310 0.0496196 0.0506300 0.0370344 0.1916070 0.1028353 0.1888932 0.0577493 0.0723574 0.0952498 0.0814089 0.1144524 0.1888932 0.0990556 0.0980868 0.0369403 0.0944880 0.1189329 0.1286893 0.1062295 0.0849582 0.1025759 0.0748139 0.1027986 0.1062316 0.0722526 0.0983928 0.0972926 0.0850088 0.0856194 0.0739926 0.1141851 0.0713126 0.0867992 0.0935568 0.0993862 0.0893706 0.0804318 0.1080487 0.1221064 0.1080057 0.1133348 0.0648723 0.1125450 0.1110717 0.0583980 0.0771623 0.1071879 0.0943589 0.0922704 0.0953665 0.0784189 0.0719349 0.0809577 0.1184255 0.0464741 0.0593523 0.0970239 0.0627000 0.0998787 0.0599161 
S0558       0.0767156 0.0949926 0.0652060 0.1051230 0.0996462 0.1001048 0.0862652 0.0789369 0.1101463 0.0885604 0.1375430 0.0990290 0.1051144 0.0837181 0.1182881 0.0913379 0.0738565 0.0620456 0.0611832 0.0813401 0.0819635 0.0648257 0.0932767 0.0971819 0.0934569 0.0925569 0.0000000 0.0995940 0.0846069 0.1044711 0.0869351 0.0785955 0.1110408 0.0855565 0.0738784 0.0796353 0.0860184 0.1099894 0.1291966 0.0644690 0.0913121 0.0784339 0.0870594 0.0863102 0.0735171 0.0774819 0.0768439 0.1011283 0.0810499 0.0770332 0.0902875 0.0950321 0.0628669 0.0564485 0.0864107 0.0910528 0.0929176 0.0837355 0.1195406 0.0951708 0.1139668 0.1005656 0.0772488 0.0836619 0.0792312 0.1405547 0.0814449 0.1338216 0.1048573 0.0782544 0.0936277 0.0780282 0.0929535 0.1338216 0.0832918 0.0911539 0.0690816 0.0921229 0.0954275 0.1100178 0.0965258 0.0734107 0.0926484 0.0864016 0.0933510 0.1010425 0.0735276 0.0959952 0.0870144 0.0785749 0.0829589 0.0802507 0.0973086 0.0683933 0.0790057 0.0956304 0.1016252 0.0986922 0.0692906 0.0818440 0.1030624 0.0907711 0.1042021 0.0613278 0.0951708 0.0960957 0.0637989 0.0695571 0.1037978 0.0873468 0.0900715 0.0925831 0.0715073 0.0737008 0.0782756 0.1051576 0.0787014 0.0564607 0.0889840 0.0681384 0.0781920 0.0569727 
S0616       0.0977837 0.1164483 0.0957491 0.0802855 0.1437525 0.1134722 0.1173961 0.1014528 0.1440392 0.0811362 0.1094519 0.1381009 0.0799245 0.1109474 0.1554666 0.0753767 0.1047896 0.0887916 0.1048932 0.1369561 0.1262426 0.1110226 0.1030409 0.0808882 0.1071657 0.0956838 0.0995940 0.0000000 0.0701756 0.1479115 0.1188680 0.1098399 0.1562466 0.1265358 0.1186353 0.0999397 0.1166447 0.0841091 0.2003774 0.1157321 0.0678989 0.1185208 0.1172994 0.1262953 0.1042939 0.1124903 0.1214521 0.1289534 0.0984274 0.1225770 0.0543860 0.1495097 0.0957718 0.0989086 0.0491974 0.1182869 0.1010182 0.1139669 0.1331998 0.1172550 0.1678426 0.1236874 0.0648556 0.1066275 0.1132232 0.2137605 0.1164770 0.1952568 0.1325194 0.0902219 0.0633313 0.1147314 0.1238811 0.1952568 0.1193117 0.1320218 0.1021950 0.1349992 0.1501544 0.1560121 0.0762610 0.1150044 0.1310448 0.0235427 0.0770882 0.0762605 0.1043097 0.0504322 0.1244284 0.1150574 0.1143812 0.0926738 0.1101654 0.0948059 0.1025189 0.0988316 0.0959892 0.1410453 0.1079315 0.1170668 0.1479549 0.1128246 0.1537353 0.0928431 0.1172550 0.1072732 0.0898931 0.1007690 0.1415092 0.1054874 0.1223453 0.1157200 0.1061535 0.0901043 0.1006674 0.1540721 0.1103388 0.0948434 0.1105267 0.0936468 0.1173630 0.0998455 
S0620       0.0712500 0.0901273 0.0724312 0.0246534 0.1289446 0.1274146 0.0849561 0.0826699 0.1154809 0.0226663 0.1099723 0.1282726 0.0172853 0.1015652 0.1257001 0.0107775 0.0727321 0.0689118 0.0949300 0.1223404 0.1132577 0.0889834 0.0911124 0.0211572 0.1158167 0.0948783 0.0846069 0.0701756 0.0000000 0.1336673 0.0946754 0.0859174 0.1415066 0.0988395 0.0907465 0.0729834 0.1036063 0.0173760 0.1584049 0.0842764 0.0033971 0.0903909 0.1080516 0.1133057 0.0724031 0.0993716 0.1084340 0.1141207 0.0852800 0.1087256 0.0651436 0.1245083 0.0763273 0.0810958 0.0356886 0.0987896 0.1003808 0.1045824 0.1073458 0.1041555 0.1469942 0.0997494 0.0590436 0.0919286 0.0780845 0.1706789 0.1034495 0.1734523 0.1133005 0.0801687 0.0659013 0.0903199 0.1091815 0.1734523 0.0720918 0.0943973 0.0822583 0.1156829 0.1250482 0.1362697 0.0103547 0.1050570 0.1020727 0.0505447 0.0140206 0.0174169 0.0807667 0.0610511 0.0966215 0.0731552 0.0854102 0.0873230 0.1044396 0.0715787 0.0972652 0.1116542 0.1077531 0.1220911 0.0804015 0.1039811 0.1380708 0.1086516 0.1287355 0.0693008 0.1132152 0.0972554 0.0760530 0.0817345 0.1318620 0.0955423 0.1073096 0.0908355 0.0835976 0.0806021 0.0912615 0.1290186 0.0956552 0.0767031 0.0975993 0.0760343 0.0949141 0.0818731 
S0624       0.1001930 0.1362577 0.0778745 0.1594232 0.0385402 0.1429303 0.0818818 0.0913234 0.0616455 0.1399295 0.1919681 0.0201088 0.1555528 0.1100081 0.1694436 0.1588029 0.0781909 0.0743488 0.0875441 0.0535262 0.1215230 0.1002570 0.0425504 0.1624874 0.0747971 0.0996028 0.1044711 0.1479115 0.1336673 0.0000000 0.0778745 0.0827738 0.0398204 0.0700002 0.0923583 0.0969721 0.1208844 0.1711131 0.1939398 0.0884330 0.1500741 0.0909241 0.1028836 0.1309675 0.0778450 0.1165867 0.1259140 0.1126650 0.1065365 0.0625595 0.1389942 0.0938980 0.0573792 0.0977896 0.1343512 0.1028238 0.1128924 0.0994837 0.1466093 0.1308625 0.1508687 0.1158096 0.0903475 0.0907379 0.0916790 0.1963485 0.1207196 0.1933247 0.1209723 0.1028971 0.1439579 0.0822049 0.1445809 0.1933247 0.0871521 0.0963042 0.0948076 0.0502075 0.0942843 0.1134468 0.1612771 0.0629008 0.0394304 0.1248350 0.1529731 0.1454214 0.0778558 0.1407223 0.1209260 0.0831470 0.0869757 0.1082561 0.1395038 0.0823956 0.0555331 0.1263512 0.1281103 0.0314570 0.0873184 0.1262225 0.0538472 0.1261730 0.1067609 0.0624057 0.1215563 0.1305722 0.0955657 0.0787537 0.0384963 0.0914285 0.0622127 0.0920028 0.0947363 0.0939411 0.1032438 0.0951943 0.0899216 0.0977522 0.1056242 0.0878295 0.1196943 0.0987425 
S0641       0.0702817 0.1068137 0.0308467 0.1263193 0.0995251 0.1132289 0.0343983 0.0466727 0.0963224 0.0938068 0.1636741 0.1041074 0.1117110 0.0813948 0.1404751 0.1174761 0.0309565 0.0312842 0.0705310 0.0911530 0.1025858 0.0888235 0.0852259 0.1175563 0.0956700 0.0986752 0.0869351 0.1188680 0.0946754 0.0778745 0.0000000 0.0310738 0.1017645 0.0821369 0.0677876 0.0464653 0.0888443 0.1257648 0.1653849 0.0751827 0.1068141 0.0419674 0.0932371 0.1026269 0.0308363 0.0892130 0.0935623 0.1115865 0.0840197 0.0745927 0.1131942 0.1014977 0.0530867 0.0716497 0.1149131 0.0885245 0.0995541 0.0897877 0.1048074 0.0925647 0.1446545 0.0886790 0.0810740 0.0852217 0.0862090 0.1776895 0.0931836 0.1763252 0.1018907 0.0749869 0.1194685 0.0630852 0.1100651 0.1763252 0.0422302 0.0586187 0.0760484 0.1011945 0.1019126 0.1156669 0.1167500 0.0707213 0.0846946 0.0926470 0.1087634 0.1111966 0.0308399 0.1195645 0.0830784 0.0422995 0.0383854 0.0779536 0.1190600 0.0500548 0.0675585 0.0981170 0.0993913 0.0948672 0.0429788 0.0981819 0.1090587 0.0883000 0.1054651 0.0205670 0.0925647 0.1068312 0.0700805 0.0311686 0.0897337 0.0541699 0.0783782 0.0625328 0.0696413 0.0678875 0.0764791 0.1014985 0.0849594 0.0716240 0.0876639 0.0626311 0.0989482 0.0723183 
S0643       0.0544760 0.0892550 0.0134099 0.1169625 0.0992689 0.1040719 0.0237191 0.0391271 0.1004998 0.0843596 0.1385888 0.0991776 0.1026911 0.0779734 0.1299409 0.1079320 0.0168992 0.0136015 0.0546647 0.0870614 0.0937560 0.0759753 0.0784808 0.1083274 0.0874949 0.0761010 0.0785955 0.1098399 0.0859174 0.0827738 0.0310738 0.0000000 0.0975053 0.0615129 0.0556993 0.0315915 0.0720208 0.1164515 0.1602246 0.0627841 0.0979105 0.0274880 0.0846261 0.0937939 0.0168358 0.0806561 0.0892284 0.0938237 0.0674735 0.0580899 0.1034229 0.1027821 0.0368264 0.0555243 0.0971983 0.0800362 0.0864827 0.0811632 0.0817177 0.0892376 0.1445809 0.0838063 0.0631675 0.0681357 0.0593251 0.1723448 0.0845825 0.1757791 0.0931202 0.0668422 0.1055259 0.0511123 0.1008584 0.1757791 0.0348723 0.0508061 0.0588543 0.0884078 0.1032079 0.1172150 0.1075973 0.0624425 0.0805695 0.0840930 0.1041344 0.1022184 0.0168377 0.1095585 0.0747984 0.0309541 0.0239965 0.0619656 0.1006238 0.0314546 0.0597034 0.0893740 0.0905106 0.0907664 0.0354842 0.0894342 0.1047942 0.0849604 0.1067998 0.0101493 0.0892376 0.0979334 0.0580972 0.0170140 0.0817802 0.0390104 0.0655594 0.0469439 0.0617318 0.0636588 0.0681476 0.1070237 0.0681957 0.0555052 0.0792719 0.0547432 0.0856225 0.0560306 
