134
PAFTOL_019361 0.0000000 0.1881118 0.1751030 0.2060859 0.1674039 0.1923710 0.2097668 0.1974374 0.1828043 0.1969992 0.1699166 0.2127880 0.1963028 0.1969248 0.1960662 0.1930544 0.1863837 0.1599182 0.1804627 0.2016934 0.1866054 0.1855065 0.1790900 0.1965395 0.2223505 0.1899453 0.1354324 0.1744614 0.1966441 0.1859377 0.2090897 0.1843058 0.1875073 0.2323455 0.1932633 0.2203970 0.1821601 0.2080492 0.1970207 0.1960746 0.1808773 0.1863950 0.1770141 0.1799355 0.2183254 0.2012087 0.1860280 0.1848857 0.1901889 0.1899787 0.1401590 0.1827505 0.1518037 0.1536451 0.1797340 0.1680834 0.1972062 0.1983040 0.1996763 0.1910209 0.1676753 0.1897946 0.1699332 0.1778202 0.1912567 0.1861674 0.1818509 0.1856109 0.1947653 0.2019520 0.2013792 0.2004842 0.2348191 0.1952838 0.1692060 0.2042767 0.1389694 0.2069611 0.1927003 0.1877365 0.2023736 0.2019008 0.1924010 0.2085446 0.1828540 0.1857357 0.1606387 0.2128550 0.1926129 0.2025104 0.1893805 0.1972588 0.2020996 0.2375774 0.1938957 0.2133208 0.1845787 0.1971599 0.1914380 0.1713606 0.1752386 0.1663860 0.1956945 0.1646950 0.1908790 0.1831078 0.1692097 0.1766305 0.2028109 0.1711354 0.1513975 0.1882760 0.1970051 0.2161916 0.1769095 0.2102164 0.1782430 0.1752681 0.1803910 0.1993010 0.1843416 0.2150042 0.1963670 0.1778871 0.1880778 0.1793912 0.1938699 0.1879387 0.1629431 0.2248665 0.1712065 0.1827891 0.1897141 0.1618669 
S0055         0.1881118 0.0000000 0.0747344 0.0907010 0.0711776 0.0353941 0.0786776 0.0860043 0.0610166 0.0433745 0.0448661 0.1017176 0.0777986 0.0882376 0.0962799 0.0695986 0.0787844 0.0693635 0.0697732 0.0790783 0.0404185 0.0370231 0.0293215 0.0929470 0.0708106 0.0835416 0.0286065 0.0501362 0.0865399 0.0673201 0.0869647 0.0703255 0.0503317 0.1063391 0.0921459 0.0570685 0.0321899 0.0907656 0.0786587 0.0772987 0.0486430 0.0371149 0.0587047 0.0681020 0.1331567 0.0532020 0.0684708 0.0901787 0.0486074 0.0534625 0.0345152 0.0352965 0.0420168 0.0464535 0.0708644 0.0530564 0.0773036 0.0880238 0.0806203 0.0783100 0.0549895 0.0863071 0.0603852 0.0634988 0.0682963 0.0707556 0.0655711 0.0558044 0.0718552 0.1175528 0.0940819 0.0998188 0.1149150 0.0732770 0.0583807 0.1305833 0.0342718 0.1309027 0.0753170 0.0806789 0.0965290 0.0484831 0.0771639 0.1160838 0.0323032 0.0324625 0.0619428 0.0901597 0.0791557 0.0844084 0.0665519 0.0702434 0.0879588 0.1061805 0.0736422 0.0741907 0.0337423 0.1032823 0.0752315 0.0459458 0.0306675 0.0280377 0.0246444 0.0510037 0.0341322 0.0777625 0.0506973 0.0553297 0.0906197 0.0262141 0.0471657 0.0795614 0.0771459 0.0941103 0.0323227 0.0701169 0.0500357 0.0619233 0.0417709 0.0841449 0.0370838 0.0842803 0.0384124 0.0340644 0.0748944 0.0772488 0.0790600 0.0655529 0.0692121 0.1327282 0.0585783 0.0729052 0.0554100 0.0623353 
S0196sl       0.1751030 0.0747344 0.0000000 0.0927360 0.0641140 0.0675891 0.0651928 0.0856892 0.0594682 0.0745325 0.0679127 0.1029034 0.0547331 0.0794178 0.0927014 0.0503813 0.0710826 0.0761397 0.0651011 0.0498587 0.0661063 0.0567870 0.0574747 0.0929664 0.1048961 0.0879961 0.0070344 0.0740028 0.0886959 0.0554141 0.0928574 0.0660896 0.0912066 0.0877175 0.0886003 0.0796056 0.0542826 0.0897473 0.0927193 0.0787631 0.0634002 0.0493588 0.0466906 0.0499136 0.1343929 0.0787285 0.0496214 0.0842428 0.0709726 0.0445339 0.0092333 0.0565256 0.0224174 0.0232362 0.0669219 0.0425337 0.0895258 0.0795592 0.0761394 0.0840498 0.0490471 0.0914930 0.0324749 0.0606475 0.0572460 0.0589547 0.0565889 0.0578118 0.0829615 0.1175386 0.0754966 0.0817865 0.0732647 0.0631854 0.0562525 0.1248284 0.0114870 0.1250123 0.0625072 0.0723352 0.0881265 0.0814680 0.0652906 0.1159587 0.0542326 0.0705313 0.0545201 0.0927156 0.0737162 0.0736330 0.0524704 0.0797047 0.0890841 0.0638534 0.0556366 0.0581366 0.0541884 0.0804317 0.0858125 0.0445351 0.0539835 0.0400094 0.0679407 0.0413980 0.0624475 0.0691941 0.0484832 0.0490415 0.0862091 0.0598511 0.0138023 0.0820910 0.0829615 0.0733014 0.0516544 0.0776457 0.0487633 0.0618785 0.0599471 0.0916803 0.0546401 0.0945728 0.0757698 0.0543260 0.0737830 0.0733344 0.0826204 0.0644991 0.0492979 0.1078625 0.0595016 0.0710055 0.0832772 0.0517759 
S0278         0.2060859 0.0907010 0.0927360 0.0000000 0.0923855 0.0904412 0.1070935 0.0339570 0.0984580 0.1020872 0.0900718 0.0370298 0.0971603 0.1040222 0.0324580 0.0928530 0.0662808 0.0899641 0.0884125 0.0946913 0.0912908 0.0849883 0.0815603 0.0554150 0.1291333 0.0290723 0.0433000 0.0918612 0.0421728 0.0877663 0.0425816 0.1005222 0.0968705 0.1176220 0.0325368 0.1113992 0.0827208 0.0358936 0.0360216 0.0773479 0.0876565 0.0873143 0.0889430 0.0909122 0.1602214 0.1018085 0.0927497 0.1135654 0.0972405 0.0981526 0.0473573 0.0864199 0.0629914 0.0616073 0.1050442 0.0773538 0.0375966 0.0914020 0.0735562 0.0428538 0.0852702 0.0358677 0.0648140 0.0979872 0.1009119 0.1020982 0.0982098 0.0991009 0.1082285 0.1348217 0.1214461 0.1070324 0.1110188 0.1133620 0.0868030 0.1576954 0.0487953 0.1624966 0.1023623 0.1092304 0.1038541 0.1023610 0.1122103 0.1452693 0.0830297 0.0952260 0.0905977 0.0387903 0.0720877 0.0754479 0.0925056 0.0410179 0.0293121 0.1084634 0.0871537 0.0943778 0.0845830 0.0914998 0.0993643 0.0850989 0.0772940 0.0691240 0.0912305 0.0794785 0.0914016 0.0345547 0.0878085 0.0916093 0.0490208 0.0818667 0.0607852 0.0466312 0.1101038 0.0849403 0.0830902 0.1009422 0.1021783 0.0943444 0.0908730 0.0276491 0.0849816 0.0488908 0.0904572 0.0854650 0.0928525 0.0931933 0.0720809 0.1013419 0.0869495 0.1506591 0.0762389 0.1029290 0.1021965 0.0869009 
S0281         0.1674039 0.0711776 0.0641140 0.0923855 0.0000000 0.0769801 0.0978430 0.0819075 0.0375738 0.0902824 0.0624207 0.1019027 0.0884287 0.0877927 0.0968272 0.0795926 0.0749829 0.0598564 0.0657017 0.0897289 0.0757124 0.0790021 0.0698417 0.0921844 0.1183784 0.0808639 0.0228694 0.0801189 0.0876238 0.0809922 0.0964783 0.0411518 0.0891429 0.1089813 0.0958223 0.0938316 0.0729956 0.0900495 0.0890779 0.0885058 0.0821991 0.0734876 0.0303295 0.0819364 0.1344313 0.0927648 0.0817043 0.0896300 0.0833437 0.0307366 0.0256956 0.0749259 0.0321006 0.0399195 0.0470704 0.0244584 0.0899161 0.0891650 0.0862347 0.0871090 0.0694844 0.0915894 0.0642446 0.0328349 0.0429306 0.0396584 0.0398365 0.0743198 0.0406272 0.1112473 0.1030021 0.0912143 0.0978701 0.0363784 0.0321872 0.1217440 0.0255087 0.1306251 0.0474474 0.0755456 0.0920084 0.0785961 0.0492480 0.1154296 0.0732767 0.0718126 0.0712712 0.0958442 0.0847959 0.0922076 0.0835988 0.0787457 0.0856903 0.0941558 0.0902530 0.0708239 0.0748712 0.0909872 0.0718128 0.0344130 0.0711869 0.0576247 0.0774561 0.0303547 0.0755555 0.0823870 0.0302308 0.0355043 0.0938500 0.0665633 0.0459377 0.0782962 0.0456160 0.1028511 0.0696283 0.0490966 0.0318383 0.0600715 0.0750858 0.0891670 0.0754961 0.0918790 0.0825190 0.0737303 0.0676973 0.0735836 0.0882883 0.0439414 0.0677788 0.1060512 0.0508358 0.0734097 0.0860136 0.0619871 
S0282         0.1923710 0.0353941 0.0675891 0.0904412 0.0769801 0.0000000 0.0690749 0.0820227 0.0642037 0.0238259 0.0381164 0.0955762 0.0669275 0.0903153 0.0941801 0.0591046 0.0714091 0.0661537 0.0640856 0.0682357 0.0486364 0.0127504 0.0113966 0.0869302 0.0585453 0.0796924 0.0236779 0.0519953 0.0829794 0.0601892 0.0830116 0.0761032 0.0517287 0.1041342 0.0924739 0.0425583 0.0142194 0.0867625 0.0783213 0.0753670 0.0356206 0.0202995 0.0623106 0.0626405 0.1287477 0.0433612 0.0579277 0.0879070 0.0295128 0.0541629 0.0328676 0.0171509 0.0421616 0.0447957 0.0746457 0.0566524 0.0734924 0.0846218 0.0802809 0.0744400 0.0535114 0.0860608 0.0531440 0.0691552 0.0755760 0.0747595 0.0677001 0.0404438 0.0828905 0.1140421 0.0920003 0.1000391 0.0954551 0.0767436 0.0639370 0.1197453 0.0326357 0.1200367 0.0805006 0.0751756 0.0967416 0.0466791 0.0846421 0.1088966 0.0112931 0.0356536 0.0583062 0.0881116 0.0788212 0.0840525 0.0578604 0.0685519 0.0820512 0.0986587 0.0630761 0.0615147 0.0156822 0.0938916 0.0713598 0.0527066 0.0127729 0.0144234 0.0357510 0.0492206 0.0325005 0.0695452 0.0577508 0.0622245 0.0885590 0.0293595 0.0421250 0.0736931 0.0883417 0.0899578 0.0142770 0.0828764 0.0582413 0.0550153 0.0231937 0.0837908 0.0201764 0.0839254 0.0385313 0.0262066 0.0694361 0.0757681 0.0787264 0.0743837 0.0554051 0.1272442 0.0621779 0.0657033 0.0573274 0.0570725 
S0288         0.2097668 0.0786776 0.0651928 0.1070935 0.0978430 0.0690749 0.0000000 0.0952895 0.0918759 0.0718243 0.0789757 0.1062142 0.0200254 0.0850325 0.1083514 0.0139002 0.0904291 0.0749547 0.0734533 0.0183215 0.0845409 0.0710777 0.0619393 0.1051443 0.1202415 0.0907647 0.0397195 0.0830161 0.0916175 0.0106675 0.0963167 0.1013290 0.0861676 0.0868529 0.1051581 0.0874078 0.0651318 0.0986132 0.0912934 0.0883969 0.0830065 0.0715362 0.0826277 0.0138946 0.1563276 0.0886338 0.0168503 0.1032576 0.0791157 0.0677261 0.0442001 0.0649316 0.0621188 0.0611183 0.1076164 0.0766213 0.0882914 0.0709282 0.0956485 0.0814811 0.0766516 0.0973954 0.0229008 0.0908380 0.0961103 0.0999640 0.0919117 0.0901144 0.1047392 0.1273890 0.1096192 0.0804865 0.0753139 0.0862378 0.0848794 0.1464913 0.0438386 0.1535288 0.0928059 0.0909169 0.0810482 0.0882761 0.1024239 0.1353890 0.0633280 0.0809856 0.0741245 0.0996997 0.0924590 0.0999286 0.0105886 0.0809855 0.0951602 0.0679301 0.0122185 0.0153718 0.0614572 0.0746578 0.0883900 0.0760623 0.0612936 0.0529415 0.0792649 0.0763955 0.0752068 0.0793533 0.0764609 0.0848921 0.0937986 0.0731468 0.0582442 0.0903457 0.1109185 0.1001792 0.0615537 0.1047418 0.0639543 0.0783602 0.0732141 0.0972635 0.0658829 0.0955454 0.0847483 0.0732905 0.0925317 0.0849805 0.0922929 0.0968072 0.0764730 0.1097079 0.0789585 0.0846020 0.0869174 0.0688072 
S0289         0.1974374 0.0860043 0.0856892 0.0339570 0.0819075 0.0820227 0.0952895 0.0000000 0.0864545 0.0943436 0.0813965 0.0321879 0.0865598 0.0905143 0.0278896 0.0804148 0.0621890 0.0773551 0.0801694 0.0878078 0.0847724 0.0803434 0.0733965 0.0548630 0.1200392 0.0318215 0.0374393 0.0870296 0.0414785 0.0790815 0.0390373 0.0884920 0.0942295 0.0999513 0.0325994 0.0964021 0.0745749 0.0293916 0.0373241 0.0747814 0.0830541 0.0807558 0.0790914 0.0841326 0.1495990 0.0905146 0.0823696 0.1065791 0.0885859 0.0767515 0.0434040 0.0781561 0.0606295 0.0575340 0.0929321 0.0695106 0.0419422 0.0887403 0.0745961 0.0394745 0.0808895 0.0342036 0.0588316 0.0856936 0.0888358 0.0899039 0.0861471 0.0916470 0.0899190 0.1250894 0.1143350 0.0987212 0.1062083 0.1010769 0.0807409 0.1372387 0.0449464 0.1441289 0.0987287 0.1024679 0.0914619 0.0955789 0.0997292 0.1365560 0.0748495 0.0886011 0.0860751 0.0322535 0.0679258 0.0764766 0.0821570 0.0358882 0.0184813 0.0955695 0.0821659 0.0841425 0.0763751 0.0832020 0.0890130 0.0769401 0.0728397 0.0580053 0.0774260 0.0677329 0.0811864 0.0254964 0.0756678 0.0835418 0.0454723 0.0756062 0.0564812 0.0425686 0.0955431 0.0840625 0.0749016 0.0830316 0.0855015 0.0861593 0.0842364 0.0290427 0.0751314 0.0452067 0.0840081 0.0748943 0.0795859 0.0850849 0.0680175 0.0893426 0.0825442 0.1308192 0.0738683 0.0944376 0.0914950 0.0789646 
S0292         0.1828043 0.0610166 0.0594682 0.0984580 0.0375738 0.0642037 0.0918759 0.0864545 0.0000000 0.0705609 0.0689899 0.1055924 0.0828489 0.0889732 0.1027824 0.0763961 0.0801373 0.0539141 0.0576596 0.0841209 0.0728323 0.0660502 0.0613879 0.0971625 0.0992206 0.0816731 0.0124017 0.0710199 0.0884771 0.0757618 0.0945743 0.0220268 0.0815750 0.1095703 0.0979506 0.0877682 0.0643967 0.0945829 0.0858146 0.0842740 0.0764935 0.0701984 0.0248947 0.0764789 0.1451956 0.0791664 0.0767346 0.0777190 0.0833073 0.0085603 0.0151869 0.0678945 0.0179837 0.0285846 0.0247139 0.0207386 0.0882715 0.0907718 0.0876856 0.0812763 0.0541096 0.0897762 0.0618171 0.0160248 0.0159060 0.0236265 0.0205984 0.0701917 0.0329366 0.1198911 0.0893907 0.0965694 0.1018892 0.0296222 0.0103617 0.1355834 0.0135409 0.1382747 0.0279889 0.0634880 0.0972197 0.0791773 0.0233831 0.1262468 0.0607891 0.0724971 0.0508172 0.0961284 0.0844189 0.0916191 0.0766768 0.0772349 0.0918361 0.1000222 0.0845463 0.0723526 0.0661519 0.0965954 0.0603513 0.0071453 0.0626986 0.0481097 0.0667324 0.0073700 0.0649805 0.0812768 0.0058534 0.0070360 0.0980627 0.0632951 0.0323160 0.0834180 0.0376688 0.1016920 0.0628696 0.0361547 0.0087892 0.0505880 0.0718486 0.0952745 0.0666759 0.0917222 0.0755508 0.0668244 0.0529564 0.0652320 0.0860865 0.0186876 0.0594435 0.1144347 0.0373031 0.0577706 0.0788912 0.0474565 
S0293         0.1969992 0.0433745 0.0745325 0.1020872 0.0902824 0.0238259 0.0718243 0.0943436 0.0705609 0.0000000 0.0535162 0.1068656 0.0810250 0.1034985 0.1037089 0.0711014 0.0797756 0.0752918 0.0728219 0.0823413 0.0524147 0.0238699 0.0240686 0.0958092 0.0684002 0.0944049 0.0383325 0.0576078 0.0956791 0.0721413 0.0922783 0.0868113 0.0625690 0.1193741 0.1042181 0.0560877 0.0270227 0.1000995 0.0792338 0.0824953 0.0521231 0.0318164 0.0738914 0.0711200 0.1489395 0.0534601 0.0713694 0.1000660 0.0404061 0.0609338 0.0463078 0.0268660 0.0542898 0.0553654 0.0834590 0.0680586 0.0840595 0.0992280 0.0857486 0.0869842 0.0662822 0.0952133 0.0607797 0.0794486 0.0785304 0.0854508 0.0817737 0.0541492 0.0923158 0.1300600 0.1046872 0.1121775 0.1070137 0.0814856 0.0704869 0.1341652 0.0459635 0.1389318 0.0880334 0.0870081 0.1083472 0.0588689 0.0924719 0.1284050 0.0206319 0.0417807 0.0674577 0.0968658 0.0861398 0.0897334 0.0712816 0.0804312 0.0943889 0.1071296 0.0746495 0.0697382 0.0254942 0.1074048 0.0778091 0.0549924 0.0222267 0.0274316 0.0471550 0.0604379 0.0453031 0.0806985 0.0639510 0.0702428 0.1000276 0.0366776 0.0561491 0.0810908 0.0961373 0.0977973 0.0238556 0.0922024 0.0537940 0.0673375 0.0335218 0.0987406 0.0334507 0.0930182 0.0499829 0.0382707 0.0811177 0.0899422 0.0860261 0.0831477 0.0720009 0.1305112 0.0736285 0.0789591 0.0633544 0.0717889 
S0294         0.1699166 0.0448661 0.0679127 0.0900718 0.0624207 0.0381164 0.0789757 0.0813965 0.0689899 0.0535162 0.0000000 0.0953169 0.0708832 0.0861626 0.0902507 0.0623689 0.0742514 0.0661507 0.0586432 0.0740592 0.0467874 0.0415145 0.0334777 0.0884870 0.0522827 0.0789933 0.0243157 0.0485232 0.0882793 0.0618046 0.0822079 0.0730705 0.0347561 0.1017821 0.0883225 0.0574779 0.0332396 0.0862750 0.0793642 0.0740436 0.0435512 0.0402644 0.0629729 0.0701147 0.1258180 0.0381454 0.0649650 0.0793718 0.0519973 0.0535982 0.0304040 0.0396909 0.0420969 0.0444657 0.0757709 0.0569813 0.0762946 0.0838240 0.0717220 0.0696174 0.0554037 0.0855545 0.0526542 0.0641406 0.0728883 0.0697292 0.0718170 0.0134104 0.0824342 0.1083548 0.0877010 0.0939364 0.1027621 0.0714179 0.0626101 0.1231248 0.0302564 0.1234182 0.0800416 0.0666869 0.0922412 0.0519115 0.0824266 0.1155312 0.0365781 0.0435998 0.0552608 0.0858593 0.0720383 0.0791880 0.0666448 0.0674502 0.0834556 0.0973365 0.0724675 0.0774124 0.0380678 0.0874090 0.0683403 0.0563898 0.0348574 0.0288979 0.0470316 0.0507377 0.0402568 0.0702716 0.0581681 0.0628833 0.0920086 0.0369148 0.0435426 0.0747681 0.0862529 0.0889618 0.0334244 0.0844172 0.0582927 0.0535890 0.0448213 0.0814327 0.0366930 0.0759329 0.0449196 0.0384447 0.0640272 0.0726939 0.0736875 0.0754959 0.0591182 0.1148537 0.0610760 0.0645801 0.0556720 0.0556964 
S0299         0.2127880 0.1017176 0.1029034 0.0370298 0.1019027 0.0955762 0.1062142 0.0321879 0.1055924 0.1068656 0.0953169 0.0000000 0.0946580 0.1045219 0.0341257 0.0942117 0.0679347 0.0932322 0.0941596 0.0997120 0.1002668 0.0938411 0.0866317 0.0499474 0.1282110 0.0382934 0.0502133 0.1026960 0.0481881 0.0891159 0.0424989 0.1006200 0.1020401 0.1211570 0.0308856 0.1149284 0.0877684 0.0359217 0.0441116 0.0709399 0.0967388 0.0943440 0.0999241 0.0961387 0.1618428 0.0933335 0.0940837 0.1192056 0.1044325 0.0958814 0.0578659 0.0915014 0.0756699 0.0703697 0.1041439 0.0882100 0.0520813 0.0951134 0.0767251 0.0395552 0.0960458 0.0310678 0.0681873 0.1010309 0.1032645 0.1051455 0.1053184 0.1101085 0.1117427 0.1431375 0.1293177 0.1137717 0.1177906 0.1076689 0.0922802 0.1606231 0.0592793 0.1654421 0.1067621 0.1148907 0.1066376 0.1097237 0.1111781 0.1534402 0.0880953 0.0987720 0.0970419 0.0387168 0.0716881 0.0786284 0.0938369 0.0443004 0.0244727 0.1090459 0.0943942 0.0899396 0.0896494 0.0971499 0.1044559 0.0940802 0.0859635 0.0740943 0.1001986 0.0885472 0.0986337 0.0307629 0.0970950 0.0985899 0.0454645 0.0851574 0.0695928 0.0444418 0.1176875 0.0863035 0.0881603 0.1107352 0.1095909 0.1015672 0.0979299 0.0305791 0.0900706 0.0522045 0.0923439 0.0900405 0.0978664 0.1005057 0.0714480 0.1084468 0.0977450 0.1548553 0.0887926 0.1080317 0.1074789 0.0940156 
S0303         0.1963028 0.0777986 0.0547331 0.0971603 0.0884287 0.0669275 0.0200254 0.0865598 0.0828489 0.0810250 0.0708832 0.0946580 0.0000000 0.0712041 0.1007111 0.0147194 0.0780158 0.0669983 0.0693738 0.0144644 0.0779328 0.0688157 0.0601805 0.0953456 0.0991775 0.0821335 0.0323449 0.0745244 0.0872056 0.0146236 0.0871834 0.0878018 0.0794974 0.0800658 0.0933272 0.0804698 0.0632088 0.0913657 0.0843189 0.0836395 0.0765833 0.0692345 0.0708599 0.0177850 0.1523175 0.0799242 0.0174553 0.0952433 0.0802311 0.0624182 0.0384212 0.0649594 0.0571972 0.0542087 0.0975087 0.0686231 0.0797196 0.0621064 0.0886665 0.0752313 0.0670206 0.0904682 0.0170126 0.0821453 0.0870485 0.0863054 0.0826101 0.0650470 0.0947618 0.1206244 0.0994841 0.0708059 0.0718212 0.0798870 0.0783698 0.1404115 0.0397298 0.1496800 0.0877713 0.0803558 0.0732217 0.0831840 0.0926175 0.1300082 0.0634430 0.0784016 0.0721313 0.0925621 0.0854262 0.0924434 0.0144731 0.0728628 0.0883852 0.0652975 0.0178541 0.0236823 0.0615680 0.0636555 0.0800097 0.0662791 0.0615036 0.0466895 0.0749990 0.0666555 0.0728325 0.0735271 0.0722324 0.0764419 0.0889260 0.0709854 0.0480459 0.0780214 0.1005040 0.0969043 0.0634864 0.0968754 0.0672743 0.0687850 0.0689350 0.0881379 0.0639001 0.0885505 0.0798566 0.0690990 0.0800253 0.0730250 0.0834240 0.0875198 0.0686491 0.0964171 0.0709178 0.0745379 0.0787004 0.0615029 
S0308         0.1969248 0.0882376 0.0794178 0.1040222 0.0877927 0.0903153 0.0850325 0.0905143 0.0889732 0.1034985 0.0861626 0.1045219 0.0712041 0.0000000 0.1059959 0.0703721 0.0894625 0.0736997 0.0865922 0.0742732 0.0934023 0.0885930 0.0814489 0.0937407 0.1164331 0.0865534 0.0392016 0.0890722 0.0906972 0.0696296 0.0939795 0.0977353 0.0990425 0.0923974 0.0936601 0.1093811 0.0826082 0.1001538 0.0913779 0.0949563 0.0830951 0.0872894 0.0865328 0.0703689 0.1562721 0.1045413 0.0706796 0.1058090 0.1007403 0.0783066 0.0417380 0.0863012 0.0581905 0.0521248 0.1036339 0.0790378 0.0915115 0.0684779 0.0983979 0.0872399 0.0767616 0.0971005 0.0505795 0.0884913 0.0915413 0.0925819 0.0869528 0.0870593 0.0905244 0.1333862 0.1175891 0.0772429 0.1011039 0.0958447 0.0872622 0.1498702 0.0448007 0.1545037 0.1046782 0.0950063 0.0760636 0.1005365 0.0988727 0.1455671 0.0829162 0.0934225 0.0918505 0.0992547 0.0913018 0.0984174 0.0704974 0.0827367 0.0923654 0.0922375 0.0782494 0.0767246 0.0809114 0.0719266 0.0967919 0.0759687 0.0808213 0.0672286 0.0905574 0.0808126 0.0847749 0.0818527 0.0767491 0.0824914 0.0974806 0.0819590 0.0565321 0.0803535 0.0960902 0.1049619 0.0794208 0.0946694 0.0723141 0.0824228 0.0844155 0.0946805 0.0855280 0.0992771 0.0923970 0.0809042 0.0929940 0.0852488 0.0911471 0.0954613 0.0802207 0.1170769 0.0790899 0.0848280 0.0952554 0.0792246 
S0320         0.1960662 0.0962799 0.0927014 0.0324580 0.0968272 0.0941801 0.1083514 0.0278896 0.1027824 0.1037089 0.0902507 0.0341257 0.1007111 0.1059959 0.0000000 0.0944730 0.0612247 0.0919793 0.0940678 0.1019243 0.0915518 0.0886784 0.0852266 0.0537788 0.1153736 0.0400226 0.0520492 0.0932654 0.0469610 0.0912618 0.0443073 0.1049387 0.1028406 0.1113495 0.0294992 0.1054272 0.0844555 0.0343989 0.0426542 0.0773761 0.0914027 0.0868788 0.0947197 0.0926151 0.1651164 0.0924010 0.0962554 0.1195522 0.1010822 0.0925417 0.0543144 0.0901079 0.0703578 0.0668013 0.1055881 0.0848959 0.0456658 0.0877566 0.0735845 0.0430084 0.0945397 0.0296246 0.0684010 0.1024203 0.1052846 0.1065995 0.1026541 0.0932082 0.1063532 0.1460249 0.1187457 0.1009670 0.1129463 0.1171387 0.0974417 0.1599533 0.0557364 0.1722185 0.1107408 0.1131194 0.0978050 0.1046014 0.1122648 0.1525598 0.0866961 0.0974195 0.0998245 0.0372829 0.0704129 0.0754762 0.0960014 0.0444773 0.0324033 0.1105963 0.0887664 0.0934180 0.0843268 0.0858648 0.0972339 0.0927395 0.0808949 0.0722709 0.0931143 0.0794431 0.0913632 0.0327394 0.0918731 0.0995375 0.0422889 0.0821087 0.0662153 0.0515539 0.1082241 0.0849678 0.0851707 0.0992230 0.1019687 0.1000615 0.0946286 0.0354252 0.0847231 0.0474708 0.0885492 0.0891781 0.0913346 0.0970470 0.0721093 0.1056679 0.0962408 0.1443054 0.0854249 0.1025935 0.1020827 0.0925126 
S0322         0.1930544 0.0695986 0.0503813 0.0928530 0.0795926 0.0591046 0.0139002 0.0804148 0.0763961 0.0711014 0.0623689 0.0942117 0.0147194 0.0703721 0.0944730 0.0000000 0.0754307 0.0641015 0.0624670 0.0101704 0.0717735 0.0609672 0.0523866 0.0910328 0.0971537 0.0778731 0.0276683 0.0703022 0.0827086 0.0088115 0.0828739 0.0850896 0.0729783 0.0736018 0.0891130 0.0723669 0.0554402 0.0851396 0.0796023 0.0770097 0.0683854 0.0613919 0.0700280 0.0118433 0.1481187 0.0755487 0.0101959 0.0884273 0.0703198 0.0580118 0.0319981 0.0589226 0.0525911 0.0497787 0.0911385 0.0641968 0.0753984 0.0629480 0.0820289 0.0711133 0.0626831 0.0861829 0.0139876 0.0757303 0.0806653 0.0817842 0.0760522 0.0631397 0.0864151 0.1205974 0.0928256 0.0699735 0.0678312 0.0732231 0.0719575 0.1342603 0.0334069 0.1409013 0.0775160 0.0773474 0.0723068 0.0770787 0.0862195 0.1235378 0.0556471 0.0722633 0.0678142 0.0863751 0.0786550 0.0857685 0.0072467 0.0683925 0.0841048 0.0586972 0.0119015 0.0150312 0.0538008 0.0645163 0.0748821 0.0620337 0.0537451 0.0421626 0.0670241 0.0619762 0.0649087 0.0686960 0.0657604 0.0701934 0.0826914 0.0648751 0.0434110 0.0772474 0.0921138 0.0901547 0.0556855 0.0862149 0.0627399 0.0678935 0.0647114 0.0838658 0.0560521 0.0842630 0.0737356 0.0630002 0.0770254 0.0700194 0.0768155 0.0813132 0.0643221 0.0956445 0.0665689 0.0737427 0.0741582 0.0571759 
S0327         0.1863837 0.0787844 0.0710826 0.0662808 0.0749829 0.0714091 0.0904291 0.0621890 0.0801373 0.0797756 0.0742514 0.0679347 0.0780158 0.0894625 0.0612247 0.0754307 0.0000000 0.0799647 0.0783158 0.0829645 0.0774492 0.0697617 0.0681632 0.0476877 0.1081920 0.0500208 0.0359018 0.0685426 0.0577671 0.0726850 0.0618129 0.0825228 0.0886045 0.0941999 0.0614980 0.0884370 0.0711779 0.0538548 0.0596352 0.0629058 0.0796542 0.0754810 0.0732675 0.0736559 0.1439463 0.0846217 0.0736294 0.0961657 0.0886108 0.0598414 0.0365705 0.0747324 0.0479939 0.0505876 0.0865803 0.0658331 0.0543606 0.0777877 0.0629092 0.0569656 0.0736426 0.0488907 0.0482815 0.0755592 0.0823904 0.0753734 0.0756172 0.0840123 0.0869525 0.1286677 0.1046256 0.0886815 0.0943600 0.0834142 0.0705501 0.1267068 0.0380131 0.1375452 0.0885122 0.0872715 0.0912281 0.0825644 0.0914966 0.1318273 0.0714400 0.0830571 0.0770090 0.0645228 0.0649293 0.0682371 0.0773462 0.0580918 0.0591217 0.0842331 0.0738042 0.0742860 0.0692628 0.0853240 0.0951953 0.0674192 0.0694545 0.0598826 0.0773241 0.0586062 0.0734856 0.0546936 0.0694441 0.0738561 0.0522986 0.0702425 0.0515426 0.0418095 0.0887179 0.0738882 0.0714894 0.0837573 0.0708705 0.0771311 0.0786689 0.0622940 0.0711240 0.0609189 0.0748569 0.0737088 0.0867021 0.0851309 0.0645486 0.0887143 0.0752792 0.1124729 0.0650299 0.0835158 0.0780915 0.0700033 
S0335         0.1599182 0.0693635 0.0761397 0.0899641 0.0598564 0.0661537 0.0749547 0.0773551 0.0539141 0.0752918 0.0661507 0.0932322 0.0669983 0.0736997 0.0919793 0.0641015 0.0799647 0.0000000 0.0279652 0.0702501 0.0720916 0.0680623 0.0593289 0.0861442 0.0749405 0.0751974 0.0208351 0.0706867 0.0812328 0.0637366 0.0803914 0.0651109 0.0791904 0.0898890 0.0837253 0.0940048 0.0623962 0.0805496 0.0765801 0.0837096 0.0686198 0.0664353 0.0531980 0.0661050 0.1439599 0.0698895 0.0665211 0.0727371 0.0796049 0.0568108 0.0251978 0.0638452 0.0381383 0.0340412 0.0747854 0.0457735 0.0760912 0.0730544 0.0871633 0.0713851 0.0533614 0.0857098 0.0461276 0.0600007 0.0644431 0.0657148 0.0621760 0.0521278 0.0740893 0.1179027 0.0929259 0.0845210 0.1140402 0.0772628 0.0545784 0.1336844 0.0233962 0.1384421 0.0625720 0.0345077 0.0810603 0.0768153 0.0695788 0.1272732 0.0605566 0.0736878 0.0513459 0.0870795 0.0855342 0.0886220 0.0664344 0.0704454 0.0793751 0.1053796 0.0702771 0.0827949 0.0641768 0.0714579 0.0379187 0.0490032 0.0586249 0.0526235 0.0718945 0.0454458 0.0664907 0.0692253 0.0505516 0.0500570 0.0841619 0.0627469 0.0311207 0.0705606 0.0795533 0.1013341 0.0605990 0.0778188 0.0556793 0.0377997 0.0682452 0.0867778 0.0648275 0.0830827 0.0770478 0.0645126 0.0313836 0.0144232 0.0837171 0.0585900 0.0553963 0.1307927 0.0533392 0.0446560 0.0768341 0.0467468 
S0345         0.1804627 0.0697732 0.0651011 0.0884125 0.0657017 0.0640856 0.0734533 0.0801694 0.0576596 0.0728219 0.0586432 0.0941596 0.0693738 0.0865922 0.0940678 0.0624670 0.0783158 0.0279652 0.0000000 0.0724119 0.0659994 0.0642059 0.0571454 0.0890147 0.0854962 0.0737101 0.0249232 0.0704120 0.0845781 0.0642557 0.0806078 0.0693091 0.0753296 0.0925721 0.0807441 0.0883782 0.0602749 0.0864988 0.0690829 0.0823247 0.0589508 0.0638967 0.0531186 0.0647505 0.1388530 0.0713748 0.0653293 0.0666552 0.0759390 0.0531121 0.0276292 0.0617571 0.0376553 0.0367016 0.0732753 0.0471695 0.0744000 0.0834770 0.0839268 0.0677707 0.0515917 0.0837022 0.0528771 0.0639612 0.0684476 0.0715384 0.0658619 0.0616131 0.0746461 0.1233502 0.0804375 0.0878023 0.0938224 0.0747895 0.0583668 0.1299392 0.0257462 0.1391659 0.0662258 0.0355897 0.0819677 0.0677048 0.0758211 0.1286024 0.0584105 0.0699657 0.0459001 0.0854997 0.0843163 0.0876603 0.0651534 0.0653102 0.0834917 0.0922932 0.0711910 0.0642680 0.0620834 0.0875210 0.0352730 0.0487060 0.0564544 0.0484860 0.0688390 0.0467671 0.0645721 0.0643694 0.0559363 0.0534354 0.0843156 0.0605992 0.0373047 0.0705143 0.0783711 0.1002118 0.0584513 0.0661750 0.0459280 0.0354836 0.0678814 0.0812041 0.0608957 0.0813074 0.0679029 0.0591194 0.0305360 0.0324565 0.0801903 0.0695144 0.0532320 0.1127088 0.0514849 0.0425016 0.0762065 0.0427765 
S0355         0.2016934 0.0790783 0.0498587 0.0946913 0.0897289 0.0682357 0.0183215 0.0878078 0.0841209 0.0823413 0.0740592 0.0997120 0.0144644 0.0742732 0.1019243 0.0101704 0.0829645 0.0702501 0.0724119 0.0000000 0.0792150 0.0701206 0.0615103 0.0947467 0.1097174 0.0798790 0.0320952 0.0742504 0.0848625 0.0130597 0.0886453 0.0927867 0.0807715 0.0833992 0.0965922 0.0874878 0.0645226 0.0905494 0.0836600 0.0849076 0.0778755 0.0723429 0.0774343 0.0115814 0.1506336 0.0812022 0.0174192 0.0967536 0.0834576 0.0548714 0.0363798 0.0680250 0.0548854 0.0538919 0.0987249 0.0717439 0.0809956 0.0667251 0.0899110 0.0764503 0.0649068 0.0917084 0.0184403 0.0813446 0.0883117 0.0895292 0.0839048 0.0773219 0.0959974 0.1236944 0.1010636 0.0736653 0.0645538 0.0699608 0.0760524 0.1453220 0.0377471 0.1501234 0.0890187 0.0852259 0.0760995 0.0844469 0.0938603 0.1288959 0.0647603 0.0796877 0.0717348 0.0937965 0.0866870 0.0936765 0.0158641 0.0741671 0.0896283 0.0557524 0.0146738 0.0149560 0.0628878 0.0682637 0.0848618 0.0694668 0.0628221 0.0480539 0.0762996 0.0697744 0.0722024 0.0689995 0.0735745 0.0777215 0.0901742 0.0722905 0.0494913 0.0811215 0.1017176 0.0980597 0.0648045 0.0981059 0.0594192 0.0735509 0.0739055 0.0858034 0.0670997 0.0916446 0.0811342 0.0704081 0.0848804 0.0778548 0.0865454 0.0906221 0.0665214 0.0944208 0.0722224 0.0793572 0.0833993 0.0627585 
S0376         0.1866054 0.0404185 0.0661063 0.0912908 0.0757124 0.0486364 0.0845409 0.0847724 0.0728323 0.0524147 0.0467874 0.1002668 0.0779328 0.0934023 0.0915518 0.0717735 0.0774492 0.0720916 0.0659994 0.0792150 0.0000000 0.0454560 0.0404947 0.0897438 0.0727710 0.0840718 0.0340085 0.0357911 0.0893875 0.0710083 0.0875278 0.0827099 0.0571986 0.1111530 0.0914589 0.0608234 0.0436226 0.0876983 0.0752451 0.0856702 0.0577231 0.0475083 0.0662208 0.0699386 0.1330151 0.0584442 0.0720449 0.0932797 0.0592353 0.0577979 0.0382572 0.0468732 0.0462169 0.0469335 0.0830854 0.0605361 0.0759615 0.0945549 0.0853282 0.0750686 0.0643500 0.0868623 0.0568497 0.0738267 0.0805316 0.0756832 0.0759675 0.0506516 0.0842880 0.1245807 0.0975009 0.1064110 0.0949945 0.0703737 0.0666683 0.1304106 0.0379839 0.1350300 0.0811943 0.0792116 0.1090076 0.0570978 0.0898525 0.1230934 0.0437796 0.0408130 0.0661573 0.0889342 0.0857354 0.0873539 0.0736634 0.0709742 0.0885244 0.0960860 0.0740712 0.0691954 0.0452492 0.1003676 0.0776072 0.0587447 0.0420364 0.0360647 0.0440214 0.0588897 0.0441868 0.0744245 0.0623197 0.0667453 0.0873497 0.0327367 0.0459867 0.0782140 0.0860616 0.0991951 0.0406355 0.0863065 0.0543728 0.0696390 0.0469211 0.0882764 0.0488138 0.0794248 0.0469208 0.0456913 0.0788207 0.0874070 0.0856253 0.0774836 0.0677742 0.1221904 0.0683709 0.0774035 0.0440030 0.0683575 
S0400         0.1855065 0.0370231 0.0567870 0.0849883 0.0790021 0.0127504 0.0710777 0.0803434 0.0660502 0.0238699 0.0415145 0.0938411 0.0688157 0.0885930 0.0886784 0.0609672 0.0697617 0.0680623 0.0642059 0.0701206 0.0454560 0.0000000 0.0114260 0.0815119 0.0586087 0.0780298 0.0253765 0.0520883 0.0776245 0.0620394 0.0813114 0.0780573 0.0501668 0.1062984 0.0869874 0.0410437 0.0127881 0.0850488 0.0729786 0.0773006 0.0357649 0.0173445 0.0641382 0.0609818 0.1352411 0.0418331 0.0597487 0.0880655 0.0248849 0.0568865 0.0329302 0.0157102 0.0405668 0.0448779 0.0765586 0.0584767 0.0718328 0.0829197 0.0786059 0.0745748 0.0536139 0.0806965 0.0514888 0.0710694 0.0775149 0.0749058 0.0732321 0.0355944 0.0848762 0.1203761 0.0938454 0.0963716 0.0986004 0.0795605 0.0658683 0.1261515 0.0326976 0.1264594 0.0824611 0.0753099 0.0949847 0.0483876 0.0866404 0.1151924 0.0098749 0.0341416 0.0600930 0.0864023 0.0771443 0.0751258 0.0596790 0.0668987 0.0803700 0.1016876 0.0614062 0.0616819 0.0142461 0.0921600 0.0732567 0.0544893 0.0113452 0.0144609 0.0373982 0.0527695 0.0309992 0.0658240 0.0596163 0.0640506 0.0831308 0.0263405 0.0438841 0.0701764 0.0866294 0.0863933 0.0128398 0.0848633 0.0584049 0.0567820 0.0202311 0.0821053 0.0187218 0.0840741 0.0370201 0.0247309 0.0713165 0.0777117 0.0770527 0.0762881 0.0588934 0.1305306 0.0622887 0.0675532 0.0557319 0.0588636 
S0405         0.1790900 0.0293215 0.0574747 0.0815603 0.0698417 0.0113966 0.0619393 0.0733965 0.0613879 0.0240686 0.0334777 0.0866317 0.0601805 0.0814489 0.0852266 0.0523866 0.0681632 0.0593289 0.0571454 0.0615103 0.0404947 0.0114260 0.0000000 0.0780993 0.0559498 0.0711579 0.0171990 0.0456034 0.0742449 0.0535208 0.0742763 0.0691941 0.0437836 0.0966980 0.0835418 0.0328728 0.0070563 0.0779488 0.0695982 0.0685249 0.0311550 0.0129508 0.0557423 0.0558655 0.1251328 0.0356132 0.0513484 0.0807649 0.0219672 0.0468351 0.0247404 0.0099303 0.0356921 0.0366382 0.0678710 0.0500498 0.0666897 0.0758735 0.0734023 0.0655517 0.0452542 0.0773165 0.0464425 0.0623311 0.0687165 0.0674755 0.0644083 0.0332496 0.0759209 0.1104654 0.0864277 0.0905922 0.0902893 0.0668352 0.0570153 0.1161481 0.0245693 0.1164314 0.0736026 0.0683556 0.0876830 0.0404125 0.0776425 0.1053229 0.0070814 0.0280134 0.0518526 0.0793167 0.0702161 0.0753667 0.0512889 0.0600959 0.0734158 0.0882418 0.0562533 0.0515735 0.0084899 0.0849694 0.0646163 0.0462223 0.0056349 0.0056742 0.0296148 0.0459976 0.0249237 0.0603200 0.0510113 0.0556614 0.0797150 0.0218544 0.0373125 0.0649743 0.0812953 0.0848100 0.0070854 0.0759032 0.0509267 0.0486073 0.0158266 0.0751289 0.0128737 0.0769894 0.0308848 0.0187838 0.0644162 0.0688936 0.0701373 0.0676367 0.0503608 0.1162210 0.0556196 0.0590828 0.0491961 0.0505935 
S0407sl       0.1965395 0.0929470 0.0929664 0.0554150 0.0921844 0.0869302 0.1051443 0.0548630 0.0971625 0.0958092 0.0884870 0.0499474 0.0953456 0.0937407 0.0537788 0.0910328 0.0476877 0.0861442 0.0890147 0.0947467 0.0897438 0.0815119 0.0780993 0.0000000 0.1095563 0.0402631 0.0450659 0.0825254 0.0405033 0.0859908 0.0512341 0.0992300 0.0994509 0.1152972 0.0488998 0.1076950 0.0792753 0.0543293 0.0495252 0.0652144 0.0781593 0.0838027 0.0855315 0.0871963 0.1489148 0.0871090 0.0909639 0.1018275 0.0916597 0.0864645 0.0456562 0.0829484 0.0596114 0.0582991 0.1042704 0.0758136 0.0543751 0.0882767 0.0667383 0.0499812 0.0780854 0.0542932 0.0612320 0.0966744 0.0996169 0.1007911 0.0968950 0.0907134 0.1029614 0.1365976 0.1139211 0.1053638 0.1142762 0.1029411 0.0897305 0.1469910 0.0490098 0.1516363 0.1012765 0.1017106 0.1061499 0.1008082 0.1065516 0.1419054 0.0795715 0.0936739 0.0870577 0.0469171 0.0635049 0.0685907 0.0907243 0.0531395 0.0499029 0.1076453 0.0892642 0.0969716 0.0811231 0.0941227 0.1054625 0.0856267 0.0774971 0.0676354 0.0934932 0.0780304 0.0898523 0.0470627 0.0862406 0.0903143 0.0558041 0.0803310 0.0611182 0.0159272 0.1008585 0.0779038 0.0796285 0.1036289 0.0904133 0.0871943 0.0836167 0.0485300 0.0815059 0.0647887 0.0910932 0.0814761 0.0971631 0.0934153 0.0634572 0.1038531 0.0797484 0.1277373 0.0785880 0.0895894 0.0926926 0.0761603 
S0412sl       0.2223505 0.0708106 0.1048961 0.1291333 0.1183784 0.0585453 0.1202415 0.1200392 0.0992206 0.0684002 0.0522827 0.1282110 0.0991775 0.1164331 0.1153736 0.0971537 0.1081920 0.0749405 0.0854962 0.1097174 0.0727710 0.0586087 0.0559498 0.1095563 0.0000000 0.1128398 0.0505950 0.0734731 0.1154628 0.0995686 0.0941215 0.1238739 0.0642273 0.1253868 0.1286348 0.1008461 0.0585279 0.1275403 0.0999003 0.1053100 0.0587597 0.0699967 0.0949079 0.1034216 0.1595748 0.0561259 0.0982428 0.1100866 0.0786958 0.1141681 0.0608080 0.0560573 0.0722456 0.0751934 0.1113497 0.0931808 0.0984238 0.1167172 0.1104622 0.1064513 0.0793206 0.1205359 0.0850702 0.1041116 0.1121170 0.1163590 0.1101751 0.0645100 0.1185722 0.1452735 0.1122712 0.1325193 0.1641131 0.1537711 0.0951289 0.1658164 0.0629968 0.1557744 0.1203362 0.0898389 0.1363081 0.0851428 0.1213125 0.1531101 0.0586246 0.0702836 0.0739930 0.1157257 0.1112717 0.1139928 0.0976296 0.0898867 0.1169331 0.1450268 0.1091413 0.1357862 0.0616242 0.1262063 0.0867877 0.0950390 0.0559498 0.0515586 0.0703147 0.0924384 0.0706748 0.0965621 0.0919062 0.0889866 0.1242300 0.0675095 0.0702343 0.0979802 0.1216033 0.1278133 0.0616816 0.1044115 0.1242195 0.0783578 0.0671571 0.1204296 0.0676564 0.1065271 0.0761149 0.0539965 0.0930403 0.0904160 0.1084551 0.1104552 0.0877696 0.1679251 0.0939512 0.0819263 0.0797566 0.0730978 
S0417         0.1899453 0.0835416 0.0879961 0.0290723 0.0808639 0.0796924 0.0907647 0.0318215 0.0816731 0.0944049 0.0789933 0.0382934 0.0821335 0.0865534 0.0400226 0.0778731 0.0500208 0.0751974 0.0737101 0.0798790 0.0840718 0.0780298 0.0711579 0.0402631 0.1128398 0.0000000 0.0304587 0.0735639 0.0260872 0.0732496 0.0324961 0.0836103 0.0897042 0.0991461 0.0338238 0.1015067 0.0723379 0.0291708 0.0293060 0.0620561 0.0787308 0.0784256 0.0729802 0.0779543 0.1454500 0.0893073 0.0780424 0.0918340 0.0897230 0.0762147 0.0329568 0.0758778 0.0495862 0.0450951 0.0920826 0.0618107 0.0369672 0.0789012 0.0619094 0.0344413 0.0659911 0.0354210 0.0493714 0.0810228 0.0819264 0.0848703 0.0812026 0.0854099 0.0852279 0.1293121 0.1054490 0.0953860 0.1085746 0.0972613 0.0740811 0.1404560 0.0343947 0.1470100 0.0900373 0.0900896 0.0885218 0.0910518 0.0946482 0.1326414 0.0726026 0.0841803 0.0710213 0.0260005 0.0570740 0.0636967 0.0778439 0.0294659 0.0273772 0.0866253 0.0798388 0.0784256 0.0741166 0.0844808 0.0864662 0.0690183 0.0706220 0.0592293 0.0821808 0.0634463 0.0786379 0.0289471 0.0692609 0.0753735 0.0418109 0.0731857 0.0458530 0.0328888 0.0907381 0.0709253 0.0726527 0.0856391 0.0820791 0.0780411 0.0782616 0.0243382 0.0744593 0.0401613 0.0778940 0.0748690 0.0768304 0.0768029 0.0570771 0.0881213 0.0675950 0.1295568 0.0626637 0.0860084 0.0812974 0.0675595 
S0419         0.1354324 0.0286065 0.0070344 0.0433000 0.0228694 0.0236779 0.0397195 0.0374393 0.0124017 0.0383325 0.0243157 0.0502133 0.0323449 0.0392016 0.0520492 0.0276683 0.0359018 0.0208351 0.0249232 0.0320952 0.0340085 0.0253765 0.0171990 0.0450659 0.0505950 0.0304587 0.0000000 0.0324163 0.0375922 0.0273012 0.0433467 0.0173559 0.0354783 0.0566642 0.0450554 0.0411362 0.0187338 0.0397672 0.0381851 0.0393995 0.0272731 0.0221648 0.0091915 0.0277333 0.0901687 0.0372357 0.0288197 0.0432214 0.0374976 0.0046166 0.0000029 0.0203576 0.0015319 0.0000025 0.0234944 0.0046225 0.0357938 0.0408699 0.0427532 0.0396400 0.0153990 0.0429938 0.0163517 0.0124573 0.0156404 0.0157601 0.0157711 0.0266295 0.0272458 0.0682196 0.0507298 0.0513831 0.0503064 0.0180318 0.0079806 0.0804304 0.0000020 0.0886580 0.0187799 0.0339729 0.0518144 0.0389537 0.0271777 0.0747448 0.0188043 0.0323229 0.0235044 0.0449436 0.0394300 0.0445450 0.0286570 0.0275778 0.0375308 0.0351934 0.0329511 0.0235595 0.0203582 0.0480277 0.0321705 0.0061534 0.0187456 0.0108501 0.0255116 0.0063197 0.0237735 0.0281061 0.0047144 0.0060754 0.0429509 0.0238624 0.0015254 0.0316799 0.0322759 0.0500954 0.0204128 0.0306422 0.0071487 0.0234403 0.0270360 0.0427601 0.0237708 0.0445189 0.0337208 0.0220902 0.0268942 0.0254464 0.0375261 0.0154250 0.0186519 0.0689802 0.0123250 0.0319387 0.0378817 0.0154877 
S0427         0.1744614 0.0501362 0.0740028 0.0918612 0.0801189 0.0519953 0.0830161 0.0870296 0.0710199 0.0576078 0.0485232 0.1026960 0.0745244 0.0890722 0.0932654 0.0703022 0.0685426 0.0706867 0.0704120 0.0742504 0.0357911 0.0520883 0.0456034 0.0825254 0.0734731 0.0735639 0.0324163 0.0000000 0.0843280 0.0695502 0.0898345 0.0808287 0.0554908 0.1003321 0.0929491 0.0646560 0.0452815 0.0861396 0.0813235 0.0781512 0.0576152 0.0538470 0.0685013 0.0702889 0.1346964 0.0601891 0.0706011 0.0847403 0.0639150 0.0525175 0.0383936 0.0518433 0.0462724 0.0504411 0.0851894 0.0627864 0.0818421 0.0961682 0.0813058 0.0809024 0.0576274 0.0910466 0.0533958 0.0719868 0.0786694 0.0777234 0.0741098 0.0535331 0.0763874 0.1182461 0.1008795 0.1040690 0.0930967 0.0651771 0.0669204 0.1274855 0.0381186 0.1277990 0.0836861 0.0794725 0.1025435 0.0678475 0.0821648 0.1168179 0.0487169 0.0540223 0.0610405 0.0912448 0.0798159 0.0869722 0.0722226 0.0731126 0.0908227 0.0874493 0.0744449 0.0668179 0.0501948 0.0981338 0.0819661 0.0586295 0.0469318 0.0394982 0.0539191 0.0568780 0.0538013 0.0763920 0.0603667 0.0649833 0.0876727 0.0471502 0.0496065 0.0726464 0.0799609 0.0966897 0.0472257 0.0783374 0.0488687 0.0660494 0.0517065 0.0869398 0.0538444 0.0853107 0.0550567 0.0539624 0.0831751 0.0821716 0.0815625 0.0756629 0.0630389 0.1035662 0.0647548 0.0736982 0.0171935 0.0612881 
S0428sl       0.1966441 0.0865399 0.0886959 0.0421728 0.0876238 0.0829794 0.0916175 0.0414785 0.0884771 0.0956791 0.0882793 0.0481881 0.0872056 0.0906972 0.0469610 0.0827086 0.0577671 0.0812328 0.0845781 0.0848625 0.0893875 0.0776245 0.0742449 0.0405033 0.1154628 0.0260872 0.0375922 0.0843280 0.0000000 0.0780829 0.0425358 0.0904771 0.0993144 0.1068719 0.0388215 0.1034328 0.0754318 0.0455665 0.0360305 0.0611806 0.0840500 0.0777851 0.0774463 0.0790870 0.1624524 0.0968537 0.0829767 0.1116894 0.0913971 0.0854990 0.0436470 0.0790597 0.0573576 0.0577151 0.0954228 0.0678824 0.0489571 0.0813772 0.0612121 0.0397594 0.0757160 0.0454775 0.0572765 0.0878945 0.0870075 0.0918712 0.0880930 0.0958262 0.0941184 0.1375910 0.1135740 0.0942726 0.1136334 0.1096631 0.0828035 0.1467606 0.0450856 0.1538498 0.0973711 0.0974190 0.0911464 0.1002717 0.0976143 0.1406031 0.0757133 0.0915610 0.0850079 0.0419395 0.0597476 0.0630211 0.0827606 0.0442338 0.0367049 0.0961393 0.0810295 0.0850402 0.0772560 0.0892013 0.0933990 0.0754550 0.0736755 0.0602769 0.0869887 0.0700778 0.0877648 0.0377201 0.0739765 0.0819209 0.0423599 0.0783150 0.0587109 0.0346805 0.0959348 0.0721292 0.0757672 0.0947176 0.0830093 0.0851419 0.0833777 0.0369734 0.0740003 0.0521501 0.0890105 0.0775792 0.0929539 0.0867433 0.0562570 0.0950508 0.0815221 0.1437079 0.0740774 0.0931660 0.0944175 0.0814770 
