134
S0055       0.0000000 0.0683127 0.0945740 0.0696535 0.0480073 0.1008847 0.1065678 0.0707321 0.0523006 0.0592788 0.0925105 0.0995418 0.0916014 0.0873751 0.0960910 0.0901725 0.0943306 0.0794626 0.0952883 0.0643443 0.0430055 0.0382212 0.0973596 0.0728168 0.0862176 0.0674888 0.0758071 0.0953035 0.1025087 0.0983489 0.0831426 0.0901394 0.0971825 0.0971354 0.0461290 0.0401966 0.1142237 0.1016510 0.0986953 0.0434811 0.0403633 0.0867818 0.0942341 0.1584792 0.0691155 0.0983025 0.0839047 0.0362573 0.0936675 0.0622506 0.0549118 0.0663643 0.0613306 0.0958966 0.0957608 0.1071434 0.1095585 0.0820558 0.0949925 0.0568580 0.0897546 0.0866224 0.1022801 0.0947709 0.0945625 0.0956757 0.0492764 0.0794555 0.1472451 0.1285160 0.1047712 0.0954728 0.1041019 0.0896696 0.1605446 0.0663727 0.1658090 0.0981382 0.1022656 0.0919977 0.1091556 0.0511287 0.0863761 0.1564005 0.0392044 0.0532036 0.0633016 0.0893250 0.0829517 0.0820295 0.1024458 0.0957129 0.0852686 0.0775151 0.1013117 0.0963962 0.0410862 0.1080856 0.0806741 0.0720530 0.0462209 0.0375969 0.0400214 0.0811466 0.0360390 0.1078736 0.0615195 0.0757637 0.1010322 0.0483876 0.0642983 0.0963416 0.0804720 0.0976516 0.0440527 0.0781820 0.0796902 0.0690404 0.0392398 0.1038173 0.0441714 0.1042486 0.0401985 0.0499401 0.0864273 0.0767824 0.1269730 0.0894906 0.0612049 0.0991618 0.0717089 0.0713859 0.0684313 0.0624056 
S0196sl     0.0683127 0.0000000 0.1071008 0.0431777 0.0772521 0.0887396 0.1146349 0.0705543 0.0821051 0.0853210 0.1016420 0.0843737 0.0830128 0.0874054 0.0808315 0.0881341 0.0945710 0.0797204 0.0801363 0.0816944 0.0716085 0.0673736 0.0974737 0.0813502 0.0906995 0.0153950 0.0726840 0.0810531 0.0906159 0.1060602 0.0959296 0.0767938 0.0841203 0.0961317 0.0752335 0.0695497 0.1150281 0.0950272 0.0994414 0.0569407 0.0728643 0.0363941 0.0811830 0.1640972 0.0852990 0.0831645 0.0784555 0.0619113 0.0984952 0.0089684 0.0870705 0.0117012 0.0080890 0.1009981 0.0463808 0.1009226 0.0944840 0.0821223 0.0861508 0.0520151 0.0887663 0.0743894 0.1066482 0.1019413 0.1034398 0.1011237 0.0795110 0.0375022 0.1524300 0.1136448 0.0906511 0.0833962 0.1081618 0.1006532 0.1639746 0.0126165 0.1698601 0.0897374 0.1167012 0.0811193 0.0939611 0.0794485 0.0852065 0.1686791 0.0695366 0.0743756 0.0566645 0.0918055 0.0854324 0.0833009 0.0848993 0.0859129 0.0968130 0.0672715 0.0859188 0.0833767 0.0704598 0.0951724 0.0861031 0.0731335 0.0785990 0.0647033 0.0715344 0.0823533 0.0654790 0.1095736 0.0664455 0.0747349 0.1040999 0.0702582 0.0089726 0.0942512 0.0374928 0.0983580 0.0716920 0.0364280 0.0794896 0.0624237 0.0780161 0.1125313 0.0664563 0.0976588 0.0651467 0.0647714 0.0884834 0.0808285 0.1232951 0.0932278 0.0535644 0.0951968 0.0355522 0.0647693 0.0692982 0.0516849 
S0278       0.0945740 0.1071008 0.0000000 0.1093114 0.1184276 0.1310754 0.0370317 0.1077289 0.1121277 0.1261324 0.0364547 0.1267402 0.1245456 0.0296039 0.1265374 0.0326388 0.1397667 0.1094823 0.1206444 0.1208776 0.1091196 0.1054076 0.0411325 0.1239553 0.0362923 0.1075651 0.1291426 0.1214101 0.0696290 0.1356355 0.1386832 0.1244543 0.1241940 0.0378328 0.1122939 0.1056657 0.0494646 0.0622346 0.0812273 0.0948636 0.1019460 0.1220352 0.1177231 0.1572924 0.1076558 0.1250611 0.1214191 0.1064693 0.1335913 0.1000747 0.1222590 0.1000708 0.0979145 0.1287072 0.1302481 0.0700386 0.1327729 0.0624097 0.0650150 0.0942396 0.0378052 0.1147276 0.1400420 0.1273379 0.1364054 0.1388357 0.1069047 0.1181022 0.1492229 0.1426138 0.1374758 0.1229564 0.1386914 0.1210200 0.1592026 0.0976715 0.1628213 0.0860999 0.1359563 0.1300817 0.1455288 0.1208560 0.1305517 0.1619243 0.1052017 0.1217785 0.1010901 0.0328066 0.0612321 0.0601519 0.1314260 0.0618940 0.0240971 0.1105876 0.1287001 0.1256184 0.1066814 0.1333063 0.1190928 0.1156222 0.1146495 0.1003286 0.1060036 0.1171715 0.1074778 0.0644459 0.1048281 0.1138674 0.0309436 0.1210164 0.1000954 0.0380522 0.1179428 0.0786352 0.1044224 0.1164659 0.1229028 0.1039902 0.1103191 0.0381146 0.1132529 0.0658460 0.1118305 0.0950377 0.1231519 0.1157057 0.1023245 0.1335041 0.0992688 0.1226751 0.0991222 0.1040113 0.1159644 0.1017553 
S0281       0.0696535 0.0431777 0.1093114 0.0000000 0.0826044 0.1051656 0.1225189 0.0803068 0.0877781 0.0920083 0.1059471 0.1034527 0.0973904 0.0948024 0.1010354 0.0934174 0.1033337 0.0827847 0.0991064 0.0808277 0.0792062 0.0728529 0.0981762 0.0874651 0.0938357 0.0459684 0.0812276 0.0980171 0.0926224 0.1135465 0.0922072 0.0881558 0.1024758 0.1038072 0.0796991 0.0750279 0.1158305 0.1039304 0.1080923 0.0625552 0.0775458 0.0551119 0.0945972 0.1664890 0.0898961 0.1021801 0.0909754 0.0684828 0.1060883 0.0409375 0.0969637 0.0419522 0.0381665 0.1064942 0.0645532 0.1108140 0.1068348 0.0907449 0.0960237 0.0668841 0.0909125 0.0900113 0.1139711 0.1076127 0.1122454 0.1090346 0.0843242 0.0591315 0.1586219 0.1311602 0.1004511 0.0969708 0.1079876 0.1037510 0.1711892 0.0429361 0.1740898 0.1037519 0.1162594 0.0900014 0.1059883 0.0872747 0.0962688 0.1713686 0.0750038 0.0818254 0.0639576 0.0981936 0.0927726 0.0918373 0.1018677 0.0956556 0.0961232 0.0776675 0.1029120 0.0989043 0.0750075 0.1063328 0.0904349 0.0860307 0.0851717 0.0691255 0.0738993 0.0904550 0.0708598 0.1134700 0.0741218 0.0822124 0.1117560 0.0798292 0.0409571 0.0952019 0.0591165 0.1081939 0.0792837 0.0579561 0.0864464 0.0721353 0.0834964 0.1119318 0.0718760 0.1052519 0.0728041 0.0714607 0.0930404 0.0884262 0.1294010 0.0985742 0.0693942 0.1106084 0.0551376 0.0734793 0.0726804 0.0664304 
S0282       0.0480073 0.0772521 0.1184276 0.0826044 0.0000000 0.0999463 0.1259660 0.0814908 0.0271086 0.0471904 0.1082869 0.0919702 0.0984669 0.0985597 0.0952053 0.1014479 0.1090618 0.0864741 0.0943553 0.0764903 0.0158661 0.0268974 0.1086035 0.0881148 0.0963382 0.0782969 0.0803517 0.0943600 0.1085695 0.1157652 0.0886953 0.0927839 0.0962567 0.1087131 0.0462675 0.0306583 0.1274806 0.1134666 0.1147891 0.0545448 0.0251769 0.1014868 0.0922196 0.1698347 0.0883010 0.0973713 0.0928482 0.0324725 0.1145336 0.0707986 0.0305776 0.0739755 0.0708954 0.1132431 0.1111164 0.1165754 0.1185124 0.0988294 0.1056231 0.0642267 0.0969437 0.0932088 0.1187383 0.1109234 0.1131953 0.1132728 0.0393841 0.0863676 0.1593960 0.1369270 0.1088197 0.1008051 0.1206895 0.1066289 0.1719249 0.0770858 0.1735901 0.1107371 0.1150019 0.1000727 0.1144194 0.0600743 0.0975584 0.1704343 0.0241323 0.0523231 0.0696260 0.1027431 0.0997272 0.0987972 0.1015057 0.1024605 0.1012791 0.0789947 0.1003729 0.0954629 0.0306386 0.1169753 0.0960828 0.0833432 0.0308045 0.0261461 0.0568098 0.0945692 0.0449237 0.1231533 0.0752922 0.0876735 0.1139161 0.0495688 0.0728976 0.1075699 0.0874016 0.1142139 0.0177004 0.0850500 0.0863576 0.0796147 0.0390941 0.1215704 0.0502364 0.1136545 0.0374081 0.0631279 0.0962574 0.0896078 0.1373981 0.1121431 0.0695745 0.1114522 0.0805136 0.0820558 0.0781414 0.0697664 
S0288       0.1008847 0.0887396 0.1310754 0.1051656 0.0999463 0.0000000 0.1421090 0.1035195 0.1040338 0.1109900 0.1341857 0.0164166 0.0535691 0.1159881 0.0154635 0.1190853 0.1210583 0.0972038 0.0154908 0.1061309 0.0938083 0.0913950 0.1307114 0.1193390 0.1223065 0.0873862 0.1129111 0.0081930 0.1291374 0.1249915 0.1237406 0.0726929 0.0182804 0.1270381 0.1092806 0.0962814 0.1430779 0.1309115 0.1354616 0.0874260 0.0962990 0.1096011 0.0145652 0.1858756 0.1166389 0.0163873 0.1027869 0.0913616 0.1203969 0.0848868 0.1113501 0.0871704 0.0805905 0.1281367 0.1180899 0.1394086 0.0897611 0.1152613 0.1212591 0.0823616 0.1144965 0.0425913 0.1231093 0.1289263 0.1290453 0.1184016 0.0987399 0.1080491 0.1786948 0.1364511 0.0844228 0.0793458 0.1298177 0.1175943 0.1892521 0.0860898 0.1876369 0.1190651 0.1336924 0.1141841 0.0921815 0.1071522 0.1146449 0.1884217 0.0937232 0.1043749 0.0897824 0.1193536 0.1177237 0.1166106 0.0136562 0.1263563 0.1198248 0.0600570 0.0127287 0.0090189 0.0995105 0.0883099 0.1120071 0.1042236 0.0998787 0.0921628 0.1052834 0.1138563 0.0958109 0.1376139 0.0981234 0.1076074 0.1280938 0.1011540 0.0849298 0.1309335 0.1080190 0.1281402 0.0973205 0.1065785 0.1081188 0.1016054 0.0994670 0.1403196 0.0931900 0.1311195 0.0963425 0.0934665 0.1083829 0.1071436 0.1612408 0.1236098 0.0827929 0.1274592 0.0927564 0.1019665 0.1076091 0.0841465 
S0289       0.1065678 0.1146349 0.0370317 0.1225189 0.1259660 0.1421090 0.0000000 0.1152065 0.1272799 0.1331316 0.0421464 0.1379685 0.1306106 0.0378349 0.1353596 0.0426521 0.1495835 0.1239869 0.1306666 0.1312754 0.1195477 0.1114598 0.0496674 0.1363676 0.0432184 0.1156782 0.1325860 0.1335656 0.0763252 0.1461280 0.1464628 0.1311395 0.1387396 0.0367724 0.1213743 0.1116850 0.0503982 0.0773213 0.0865568 0.1039205 0.1107640 0.1350662 0.1295252 0.1701034 0.1289334 0.1377678 0.1329524 0.1088645 0.1464194 0.1099683 0.1308840 0.1112349 0.1067203 0.1452773 0.1456218 0.0770911 0.1494573 0.0700195 0.0791325 0.1058880 0.0443335 0.1222421 0.1515865 0.1399861 0.1489750 0.1494098 0.1192135 0.1348743 0.1633998 0.1642587 0.1450250 0.1399802 0.1485708 0.1334058 0.1735261 0.1101467 0.1789294 0.0882890 0.1513910 0.1368253 0.1511366 0.1268803 0.1310669 0.1681411 0.1125242 0.1330456 0.1075684 0.0436965 0.0698850 0.0689583 0.1426307 0.0714825 0.0399936 0.1214890 0.1413681 0.1357539 0.1126711 0.1515671 0.1298132 0.1226569 0.1189449 0.1090486 0.1200641 0.1262629 0.1097855 0.0834800 0.1095669 0.1233225 0.0391232 0.1296867 0.1100247 0.0487443 0.1348356 0.0863405 0.1128078 0.1332540 0.1264199 0.1093866 0.1147868 0.0428598 0.1188333 0.0773705 0.1151090 0.1043845 0.1330538 0.1264501 0.1062809 0.1434611 0.1056015 0.1410399 0.1102760 0.1132879 0.1228491 0.1118230 
S0292       0.0707321 0.0705543 0.1077289 0.0803068 0.0814908 0.1035195 0.1152065 0.0000000 0.0829834 0.0906321 0.1019596 0.0999106 0.0949309 0.0875642 0.0986599 0.0882373 0.0780806 0.0650273 0.0943647 0.0820072 0.0769416 0.0707056 0.0985557 0.0933026 0.0861328 0.0707951 0.0822751 0.0954486 0.0917238 0.0917950 0.1057586 0.0947526 0.0986676 0.0936695 0.0849070 0.0728398 0.1139417 0.1002828 0.1060650 0.0607555 0.0742579 0.0903002 0.0966018 0.1592443 0.0864995 0.0985729 0.0785704 0.0641686 0.0892003 0.0654571 0.0889968 0.0706133 0.0635360 0.0949323 0.1003442 0.1073417 0.1050291 0.0866880 0.0948896 0.0508008 0.0806085 0.0878026 0.0935182 0.0902394 0.0935036 0.0925840 0.0744609 0.0838612 0.1503171 0.1193974 0.0992612 0.0913289 0.0996388 0.0889840 0.1573033 0.0706494 0.1644679 0.0983506 0.0955037 0.0716303 0.1025172 0.0893282 0.0509698 0.1609227 0.0707640 0.0869389 0.0479589 0.0862465 0.0867247 0.0890106 0.1039071 0.0948382 0.0998339 0.0820596 0.1026686 0.0989177 0.0750254 0.1046519 0.0702734 0.0224699 0.0796283 0.0681264 0.0801707 0.0402749 0.0710790 0.1075789 0.0243701 0.0213790 0.0967021 0.0819979 0.0654889 0.0964714 0.0837615 0.1003049 0.0770006 0.0825622 0.0426838 0.0536197 0.0811523 0.1083351 0.0796114 0.1031151 0.0728355 0.0672910 0.0768580 0.0622222 0.1299510 0.0848482 0.0531461 0.1064314 0.0656618 0.0568447 0.0768619 0.0503493 
S0293       0.0523006 0.0821051 0.1121277 0.0877781 0.0271086 0.1040338 0.1272799 0.0829834 0.0000000 0.0514683 0.1101689 0.0900809 0.1003273 0.0986608 0.0968566 0.1027914 0.1106292 0.0914018 0.0948866 0.0758616 0.0193892 0.0309962 0.1094117 0.0911664 0.0974801 0.0819645 0.0854452 0.0925553 0.1077514 0.1081740 0.0933677 0.0899227 0.1005042 0.1127647 0.0545771 0.0339886 0.1286162 0.1039600 0.1142224 0.0591263 0.0301850 0.1050231 0.0926693 0.1473493 0.0925289 0.0980164 0.0916417 0.0388732 0.1052050 0.0728092 0.0339133 0.0772607 0.0751893 0.1040762 0.1151233 0.1135846 0.1136232 0.0976292 0.0985296 0.0682031 0.0999202 0.0949824 0.1075930 0.1032200 0.1102367 0.1031696 0.0428747 0.0833688 0.1397840 0.1340940 0.1107376 0.1016897 0.1162827 0.0987989 0.1508198 0.0794292 0.1563844 0.1003166 0.1097449 0.1033176 0.1166036 0.0640815 0.0905282 0.1492234 0.0280806 0.0558135 0.0694252 0.1041605 0.0985644 0.0974902 0.1010858 0.1015898 0.0997715 0.0803192 0.0999115 0.0960368 0.0349832 0.1157263 0.0981919 0.0800465 0.0350974 0.0332296 0.0594659 0.0979542 0.0470068 0.1190786 0.0776265 0.0860822 0.1158832 0.0539135 0.0761295 0.1082933 0.0845199 0.1123309 0.0213174 0.0820956 0.0870217 0.0846088 0.0438437 0.1199881 0.0515623 0.1094955 0.0462029 0.0649497 0.0995296 0.0926254 0.1338814 0.1092163 0.0705941 0.1092936 0.0843360 0.0826413 0.0820086 0.0684916 
S0294       0.0592788 0.0853210 0.1261324 0.0920083 0.0471904 0.1109900 0.1331316 0.0906321 0.0514683 0.0000000 0.1215157 0.1024872 0.1158610 0.1083594 0.1068837 0.1045439 0.1179158 0.0964640 0.1049617 0.0891472 0.0412234 0.0364245 0.1154915 0.1016113 0.1074243 0.0874408 0.0960502 0.1050802 0.1152363 0.1199312 0.1061040 0.1090432 0.1070482 0.1189093 0.0565066 0.0394262 0.1286797 0.1238870 0.1206228 0.0609820 0.0395426 0.1112839 0.1027701 0.1778255 0.0963775 0.1069175 0.0990753 0.0431814 0.1227431 0.0797283 0.0570701 0.0829942 0.0787790 0.1234733 0.1200732 0.1257526 0.1301702 0.1029759 0.1120921 0.0749892 0.1027512 0.1082216 0.1194887 0.1188341 0.1185450 0.1196584 0.0483522 0.0968539 0.1659040 0.1467021 0.1273259 0.1141298 0.1276330 0.1131956 0.1726240 0.0840718 0.1771646 0.1125241 0.1312943 0.1098022 0.1320097 0.0749928 0.1072314 0.1714751 0.0393270 0.0577058 0.0774870 0.1089814 0.1049914 0.1040541 0.1101070 0.1125303 0.1124221 0.0951195 0.1112010 0.1061015 0.0412930 0.1272136 0.1066345 0.0850338 0.0443502 0.0376861 0.0674604 0.0985374 0.0583600 0.1301249 0.0833577 0.0916250 0.1171538 0.0569327 0.0795797 0.1156199 0.0957402 0.1174722 0.0432461 0.0954714 0.0959650 0.0890262 0.0480898 0.1270720 0.0616224 0.1201862 0.0502556 0.0686986 0.1082832 0.1025021 0.1379239 0.1200681 0.0805516 0.1122811 0.0863261 0.0893925 0.0915668 0.0797074 
S0299       0.0925105 0.1016420 0.0364547 0.1059471 0.1082869 0.1341857 0.0421464 0.1019596 0.1101689 0.1215157 0.0000000 0.1303753 0.1221572 0.0368360 0.1301715 0.0419138 0.1363577 0.1081427 0.1216210 0.1194703 0.1030169 0.0970671 0.0461487 0.1126471 0.0362791 0.1030584 0.1185546 0.1254298 0.0697531 0.1314579 0.1329679 0.1265271 0.1283298 0.0440223 0.1071283 0.0995984 0.0522987 0.0704895 0.0787367 0.0917503 0.0999757 0.1208037 0.1243671 0.1623937 0.1106880 0.1289767 0.1202880 0.0980573 0.1315611 0.0970929 0.1141836 0.0971215 0.0937522 0.1349177 0.1287707 0.0734467 0.1477372 0.0605443 0.0722035 0.0926728 0.0368168 0.1193289 0.1386866 0.1235650 0.1361663 0.1350563 0.1022233 0.1187218 0.1528885 0.1495786 0.1449029 0.1251478 0.1413217 0.1243439 0.1674492 0.0971010 0.1663861 0.0782108 0.1348509 0.1219575 0.1528061 0.1145007 0.1175313 0.1653038 0.0993212 0.1152774 0.0975672 0.0389603 0.0604612 0.0594297 0.1335976 0.0656485 0.0372407 0.1172811 0.1338393 0.1292801 0.1021971 0.1496962 0.1162942 0.1089743 0.1072607 0.0957831 0.1036293 0.1081516 0.1002906 0.0736380 0.0973846 0.1042303 0.0435444 0.1119705 0.0971448 0.0451805 0.1186872 0.0784464 0.0961543 0.1171180 0.1135597 0.1018076 0.1055734 0.0453071 0.1058073 0.0705590 0.1010703 0.0922283 0.1203437 0.1091094 0.0968343 0.1271911 0.0936558 0.1279166 0.1009070 0.1032402 0.1096991 0.0962648 
S0303       0.0995418 0.0843737 0.1267402 0.1034527 0.0919702 0.0164166 0.1379685 0.0999106 0.0900809 0.1024872 0.1303753 0.0000000 0.0527623 0.1119258 0.0113773 0.1135350 0.1237912 0.0938206 0.0105120 0.1057540 0.0882960 0.0862540 0.1234499 0.1175574 0.1154062 0.0842513 0.1053584 0.0088344 0.1197621 0.1219689 0.1203993 0.0723769 0.0134630 0.1212260 0.1019320 0.0875934 0.1379408 0.1308747 0.1304490 0.0866265 0.0886188 0.1078472 0.0096266 0.1818917 0.1183694 0.0113778 0.1026802 0.0828231 0.1173756 0.0807986 0.1028616 0.0829845 0.0767642 0.1264107 0.1160218 0.1340744 0.0883357 0.1111047 0.1215013 0.0795523 0.1070011 0.0392638 0.1226091 0.1296896 0.1217775 0.1170218 0.0867846 0.1056142 0.1762738 0.1405138 0.0826388 0.0788703 0.1338903 0.1186428 0.1879254 0.0829944 0.1851956 0.1160732 0.1316745 0.1123070 0.0889818 0.1080630 0.1119682 0.1843709 0.0872793 0.1005946 0.0831041 0.1160274 0.1134652 0.1125139 0.0150453 0.1216074 0.1162031 0.0590423 0.0141408 0.0114030 0.0906208 0.0869304 0.1125873 0.1053456 0.0920611 0.0846799 0.1052863 0.1073935 0.0902982 0.1360810 0.0946614 0.1074930 0.1210621 0.0964055 0.0808381 0.1248031 0.1055856 0.1247042 0.0884366 0.1042001 0.1020166 0.0991372 0.0926486 0.1354258 0.0896741 0.1272838 0.0907130 0.0947028 0.1092677 0.1055344 0.1564087 0.1203642 0.0799871 0.1239851 0.0896030 0.1006521 0.1051653 0.0812829 
S0308       0.0916014 0.0830128 0.1245456 0.0973904 0.0984669 0.0535691 0.1306106 0.0949309 0.1003273 0.1158610 0.1221572 0.0527623 0.0000000 0.1052710 0.0517075 0.1101375 0.1174450 0.0855309 0.0508365 0.1019020 0.0979769 0.0904458 0.1176645 0.1119208 0.1097047 0.0829240 0.1082139 0.0493431 0.1139941 0.1283565 0.1107279 0.0734125 0.0479324 0.1097390 0.1021110 0.0916773 0.1318135 0.1202321 0.1084070 0.0756608 0.0974742 0.1063761 0.0498175 0.1782272 0.1087747 0.0516236 0.0988053 0.0902344 0.1253076 0.0794947 0.1128723 0.0826845 0.0724163 0.1288632 0.1144512 0.1269161 0.0846830 0.0923031 0.1158805 0.0718494 0.1002605 0.0372435 0.1298514 0.1277193 0.1210640 0.1245870 0.0928683 0.1028146 0.1740081 0.1383184 0.0781832 0.0733782 0.1343594 0.1226900 0.1842020 0.0816770 0.1814892 0.1110781 0.1333152 0.1104840 0.0834011 0.1046461 0.1069535 0.1832372 0.0947890 0.1080810 0.0788518 0.1093069 0.0934884 0.0936088 0.0560580 0.1125995 0.1140676 0.0570435 0.0549996 0.0518322 0.0981927 0.0790606 0.1030133 0.0978541 0.1018372 0.0889842 0.1016911 0.1044636 0.0924383 0.1208115 0.0898464 0.0991665 0.1137803 0.1027968 0.0795335 0.1178555 0.1039968 0.1095811 0.0970482 0.1027212 0.1003106 0.0920423 0.0970484 0.1281871 0.0927651 0.1214170 0.0948869 0.0929974 0.1042937 0.1017151 0.1395828 0.1183207 0.0742781 0.1220361 0.0860494 0.0934347 0.1033901 0.0755354 
S0320       0.0873751 0.0874054 0.0296039 0.0948024 0.0985597 0.1159881 0.0378349 0.0875642 0.0986608 0.1083594 0.0368360 0.1119258 0.1052710 0.0000000 0.1094957 0.0232020 0.1179440 0.0953346 0.1076046 0.1045590 0.0937849 0.0872729 0.0297624 0.1075715 0.0253472 0.0915482 0.1069539 0.1075459 0.0559086 0.1206468 0.1222457 0.1079565 0.1134047 0.0243452 0.0953721 0.0874418 0.0463300 0.0522970 0.0671054 0.0779150 0.0844509 0.1121351 0.1040398 0.1513872 0.1069048 0.1095596 0.1070129 0.0859971 0.1195310 0.0837806 0.1086948 0.0849354 0.0807190 0.1227857 0.1204645 0.0543015 0.1251702 0.0515788 0.0536714 0.0785834 0.0276296 0.1016991 0.1247576 0.1110522 0.1217572 0.1203676 0.0968932 0.1067116 0.1427349 0.1395129 0.1246539 0.1139168 0.1268057 0.1140564 0.1547096 0.0839107 0.1586514 0.0674186 0.1176086 0.1087020 0.1304564 0.1057768 0.1120436 0.1519817 0.0884290 0.1049693 0.0779767 0.0241572 0.0504558 0.0495511 0.1161222 0.0481758 0.0312926 0.1010219 0.1149444 0.1109157 0.0907115 0.1304714 0.1059543 0.0954451 0.0967607 0.0848193 0.0952656 0.1057357 0.0901563 0.0635752 0.0834003 0.0950333 0.0330998 0.1017959 0.0838221 0.0270190 0.1066825 0.0669431 0.0874461 0.1052781 0.0997950 0.0858448 0.0960242 0.0406817 0.0952734 0.0525203 0.0884824 0.0795906 0.0997552 0.1005400 0.0932483 0.1193600 0.0808849 0.1163321 0.0863191 0.0883274 0.0990952 0.0843123 
S0322       0.0960910 0.0808315 0.1265374 0.1010354 0.0952053 0.0154635 0.1353596 0.0986599 0.0968566 0.1068837 0.1301715 0.0113773 0.0517075 0.1094957 0.0000000 0.1133722 0.1190344 0.0960160 0.0096125 0.1067454 0.0925299 0.0915393 0.1221153 0.1137417 0.1163492 0.0787340 0.1108908 0.0079319 0.1218354 0.1228482 0.1193661 0.0691806 0.0125347 0.1210483 0.1019644 0.0918371 0.1389318 0.1318715 0.1302564 0.0854297 0.0928694 0.1041220 0.0087306 0.1854888 0.1170537 0.0104779 0.1025112 0.0870048 0.1183073 0.0773891 0.1072328 0.0795496 0.0733893 0.1272798 0.1122017 0.1338548 0.0871252 0.1109447 0.1224936 0.0783780 0.1080975 0.0401452 0.1234854 0.1282660 0.1203504 0.1179410 0.0951653 0.1043401 0.1798163 0.1403959 0.0814538 0.0766292 0.1324418 0.1209231 0.1915384 0.0795592 0.1887950 0.1187391 0.1315047 0.1098718 0.0877736 0.1092468 0.1128684 0.1880185 0.0915067 0.1028038 0.0843179 0.1158604 0.1133013 0.1123513 0.0141261 0.1214121 0.1161319 0.0579230 0.0132254 0.0105001 0.0959562 0.0857291 0.1112957 0.1039912 0.0963488 0.0889128 0.1040000 0.1049520 0.0914238 0.1358792 0.0934288 0.1062148 0.1220131 0.0986015 0.0774267 0.1223152 0.1043120 0.1245208 0.0937469 0.1029348 0.1040459 0.0978869 0.0969199 0.1352246 0.0907966 0.1282625 0.0928557 0.0934824 0.1079884 0.1042737 0.1573860 0.1212347 0.0788195 0.1225801 0.0883985 0.0982905 0.1049935 0.0801072 
S0327       0.0901725 0.0881341 0.0326388 0.0934174 0.1014479 0.1190853 0.0426521 0.0882373 0.1027914 0.1045439 0.0419138 0.1135350 0.1101375 0.0232020 0.1133722 0.0000000 0.1198268 0.0945266 0.1092247 0.1098608 0.0912264 0.0890395 0.0296901 0.1106618 0.0224786 0.0900228 0.1052479 0.1091797 0.0546523 0.1222095 0.1235253 0.1107889 0.1150302 0.0308686 0.0971442 0.0892114 0.0442955 0.0510004 0.0667177 0.0773134 0.0862264 0.1103941 0.1056637 0.1595323 0.1051709 0.1133781 0.1075346 0.0877510 0.1213749 0.0823162 0.1104605 0.0844944 0.0813508 0.1231884 0.1176379 0.0559884 0.1302216 0.0503126 0.0532934 0.0780496 0.0226959 0.1077177 0.1275001 0.1208486 0.1233266 0.1254169 0.0963221 0.1050875 0.1494814 0.1407390 0.1259558 0.1154295 0.1298173 0.1156124 0.1615961 0.0855677 0.1668643 0.0732429 0.1298051 0.1114725 0.1317299 0.1052512 0.1091892 0.1602171 0.0901966 0.1067480 0.0807924 0.0231828 0.0511921 0.0502913 0.1177321 0.0488842 0.0334186 0.1014288 0.1165574 0.1125285 0.0901267 0.1296922 0.1075574 0.0926503 0.0985370 0.0855118 0.0958815 0.1016646 0.0909704 0.0622725 0.0808332 0.0934458 0.0349912 0.1035794 0.0833875 0.0278182 0.1047977 0.0655517 0.0891828 0.1036689 0.1002478 0.0864285 0.0999417 0.0433558 0.0958523 0.0542160 0.0924062 0.0802022 0.1044117 0.1021564 0.0913138 0.1186164 0.0814837 0.1212156 0.0847893 0.0900126 0.0950789 0.0825962 
S0335       0.0943306 0.0945710 0.1397667 0.1033337 0.1090618 0.1210583 0.1495835 0.0780806 0.1106292 0.1179158 0.1363577 0.1237912 0.1174450 0.1179440 0.1190344 0.1198268 0.0000000 0.0616130 0.1179561 0.1039308 0.1008600 0.0953886 0.1323523 0.1172504 0.1206803 0.0929228 0.1100348 0.1184268 0.1270837 0.1107695 0.1300503 0.1129786 0.1218725 0.1284880 0.1094066 0.0975433 0.1446578 0.1306732 0.1334688 0.0879359 0.1003672 0.1138246 0.1204321 0.1876661 0.1184955 0.1224521 0.1057916 0.0938429 0.1019533 0.0916724 0.1170682 0.0949681 0.0875539 0.1100380 0.1257145 0.1353373 0.1274580 0.1168963 0.1215450 0.0775666 0.1127086 0.1111263 0.1091083 0.1122982 0.1002074 0.1037142 0.1012928 0.1148889 0.1806939 0.1558230 0.1231757 0.1165266 0.1163758 0.1098780 0.1932396 0.0949648 0.1967746 0.1370834 0.1213536 0.0804083 0.1289636 0.1142086 0.0946350 0.1956327 0.0941808 0.1079131 0.0789879 0.1166641 0.1180580 0.1194174 0.1258146 0.1240277 0.1301547 0.1061441 0.1246203 0.1204890 0.1021533 0.1293154 0.0600286 0.0819759 0.0990212 0.0927347 0.1020716 0.0896148 0.0940573 0.1403151 0.0708456 0.0842758 0.1333855 0.1027656 0.0917177 0.1313537 0.1148575 0.1318324 0.1031322 0.1123178 0.0870012 0.0686032 0.1053592 0.1354689 0.1035686 0.1309730 0.0998727 0.0947588 0.0723528 0.0382445 0.1627230 0.0989162 0.0787979 0.1345470 0.0897587 0.0700293 0.0998488 0.0779961 
S0345       0.0794626 0.0797204 0.1094823 0.0827847 0.0864741 0.0972038 0.1239869 0.0650273 0.0914018 0.0964640 0.1081427 0.0938206 0.0855309 0.0953346 0.0960160 0.0945266 0.0616130 0.0000000 0.0928574 0.0899641 0.0805635 0.0749316 0.1059727 0.0979981 0.0974232 0.0791473 0.0887292 0.0916738 0.1005521 0.0782029 0.1068705 0.0913251 0.0985272 0.1042773 0.0902063 0.0771410 0.1138520 0.1001017 0.1127936 0.0717557 0.0796266 0.0944433 0.0939567 0.1451180 0.0949477 0.0960219 0.0931366 0.0768312 0.0730774 0.0757292 0.0956945 0.0790779 0.0714206 0.0850576 0.1017365 0.1152554 0.1032171 0.0920470 0.0971577 0.0558262 0.0949698 0.0869047 0.0756214 0.0813619 0.0819975 0.0746574 0.0870639 0.0824498 0.1391744 0.1264616 0.1065027 0.0945156 0.0891377 0.0766477 0.1509096 0.0779805 0.1569816 0.1141232 0.0891936 0.0656602 0.1123436 0.0936372 0.0731812 0.1525784 0.0748279 0.0890380 0.0648076 0.0972761 0.0955183 0.0931764 0.0978013 0.1003100 0.1038224 0.0812037 0.0967417 0.0940017 0.0827500 0.1031258 0.0353402 0.0683057 0.0831104 0.0711678 0.0863106 0.0779589 0.0761867 0.1156526 0.0597979 0.0669886 0.1090093 0.0849220 0.0757681 0.1047814 0.0848142 0.1043020 0.0827888 0.0834641 0.0739475 0.0482120 0.0883929 0.1126748 0.0842096 0.1071273 0.0783105 0.0722099 0.0205646 0.0425343 0.1332566 0.0821593 0.0614715 0.1113081 0.0771477 0.0462450 0.0793052 0.0583448 
S0355       0.0952883 0.0801363 0.1206444 0.0991064 0.0943553 0.0154908 0.1306666 0.0943647 0.0948866 0.1049617 0.1216210 0.0105120 0.0508365 0.1076046 0.0096125 0.1092247 0.1179561 0.0928574 0.0000000 0.1035696 0.0906443 0.0896534 0.1201903 0.1128025 0.1109682 0.0821921 0.1078267 0.0070571 0.1161524 0.1220067 0.1184885 0.0703416 0.0116506 0.1168008 0.1022193 0.0899454 0.1345899 0.1286543 0.1270798 0.0824643 0.0909771 0.1035118 0.0078648 0.1786218 0.1139834 0.0096136 0.0994635 0.0840505 0.1174140 0.0767028 0.1053229 0.0788691 0.0726904 0.1264505 0.1116168 0.1307727 0.0862434 0.1078524 0.1180211 0.0754257 0.1037225 0.0373545 0.1226475 0.1222563 0.1218166 0.1170966 0.0930362 0.1034664 0.1718076 0.1356526 0.0805734 0.0747303 0.1304123 0.1189242 0.1833064 0.0788786 0.1819071 0.1135699 0.1330278 0.1066113 0.0868957 0.1061732 0.1060020 0.1797431 0.0896215 0.1008798 0.0801008 0.1116937 0.1101990 0.1092475 0.0132559 0.1183804 0.1127051 0.0559439 0.0123553 0.0096342 0.0940634 0.0848499 0.1060404 0.1005833 0.0944486 0.0870187 0.1020921 0.1013479 0.0905520 0.1315676 0.0891663 0.1018671 0.1177300 0.0966781 0.0767403 0.1203876 0.1034385 0.1213599 0.0918577 0.1020629 0.0995871 0.0935863 0.0950284 0.1309035 0.0878113 0.1240071 0.0909637 0.0905039 0.1071222 0.0986670 0.1540174 0.1178823 0.0758862 0.1181117 0.0854296 0.0974412 0.1019585 0.0771612 
S0376       0.0643443 0.0816944 0.1208776 0.0808277 0.0764903 0.1061309 0.1312754 0.0820072 0.0758616 0.0891472 0.1194703 0.1057540 0.1019020 0.1045590 0.1067454 0.1098608 0.1039308 0.0899641 0.1035696 0.0000000 0.0707648 0.0675969 0.1151913 0.0874591 0.1030829 0.0829843 0.0618972 0.0999885 0.1089362 0.1258322 0.1021608 0.0999981 0.1020171 0.1138531 0.0765924 0.0677470 0.1299898 0.1189360 0.1196077 0.0568487 0.0688301 0.0954002 0.1034162 0.1777537 0.0857753 0.1042385 0.0846087 0.0610477 0.1194482 0.0761727 0.0820866 0.0816462 0.0741176 0.1047928 0.1098860 0.1190219 0.1120127 0.1001925 0.1069540 0.0639173 0.1067380 0.0917681 0.1263560 0.1163398 0.1196552 0.1215694 0.0700606 0.0931349 0.1641604 0.1351689 0.1113653 0.1112535 0.1268288 0.1162389 0.1766331 0.0805904 0.1815650 0.1090097 0.1247733 0.1037675 0.1160842 0.0808408 0.1022667 0.1789619 0.0642285 0.0822382 0.0685849 0.1075177 0.1011456 0.0989460 0.1076182 0.1076683 0.1058634 0.0897978 0.1074465 0.1033507 0.0687132 0.1114418 0.0960378 0.0878587 0.0723483 0.0637557 0.0794938 0.0923538 0.0610686 0.1260355 0.0744870 0.0837488 0.1142890 0.0758419 0.0772524 0.1131974 0.0918858 0.1137399 0.0687970 0.0917338 0.0990403 0.0765449 0.0665620 0.1154367 0.0686929 0.1168913 0.0686909 0.0648960 0.1019166 0.0908143 0.1473905 0.1082314 0.0695500 0.1138630 0.0775768 0.0792032 0.0511962 0.0718739 
S0400       0.0430055 0.0716085 0.1091196 0.0792062 0.0158661 0.0938083 0.1195477 0.0769416 0.0193892 0.0412234 0.1030169 0.0882960 0.0979769 0.0937849 0.0925299 0.0912264 0.1008600 0.0805635 0.0906443 0.0707648 0.0000000 0.0222209 0.1039039 0.0807886 0.0904362 0.0727777 0.0748054 0.0906111 0.1035756 0.1072911 0.0862951 0.0890966 0.0902617 0.1059600 0.0422143 0.0259226 0.1221803 0.1060748 0.1086366 0.0493903 0.0205017 0.0955849 0.0885334 0.1626188 0.0826689 0.0936329 0.0870727 0.0277194 0.1030465 0.0654047 0.0249358 0.0685296 0.0654937 0.1049076 0.1061137 0.1104173 0.1122915 0.0929348 0.0983622 0.0608810 0.0896678 0.0906354 0.1102368 0.1026365 0.1021515 0.1024342 0.0340637 0.0806446 0.1524112 0.1348830 0.1049737 0.0947627 0.1132911 0.0984899 0.1646929 0.0715956 0.1688110 0.1046735 0.1090917 0.0963436 0.1105099 0.0559714 0.0917520 0.1619411 0.0194941 0.0472226 0.0651837 0.0968153 0.0938302 0.0929048 0.0976891 0.0989099 0.0947759 0.0755000 0.0955121 0.0917378 0.0259059 0.1107966 0.0903194 0.0774942 0.0260449 0.0223820 0.0516859 0.0886713 0.0408868 0.1168533 0.0688131 0.0820245 0.1077083 0.0444879 0.0674707 0.1028783 0.0816649 0.1080417 0.0122713 0.0793627 0.0839574 0.0740607 0.0342459 0.1152623 0.0451760 0.1075183 0.0344666 0.0578865 0.0917165 0.0849575 0.1318891 0.1016173 0.0642133 0.1026100 0.0749549 0.0764445 0.0726354 0.0643886 
S0405       0.0382212 0.0673736 0.1054076 0.0728529 0.0268974 0.0913950 0.1114598 0.0707056 0.0309962 0.0364245 0.0970671 0.0862540 0.0904458 0.0872729 0.0915393 0.0890395 0.0953886 0.0749316 0.0896534 0.0675969 0.0222209 0.0000000 0.0972448 0.0785941 0.0850592 0.0686378 0.0716804 0.0896100 0.0959072 0.0994170 0.0776273 0.0900949 0.0902330 0.0981436 0.0336827 0.0149974 0.1129690 0.1004344 0.1009870 0.0435216 0.0196023 0.0912196 0.0875449 0.1536417 0.0774005 0.0926402 0.0805214 0.0231492 0.0973352 0.0613394 0.0353136 0.0644334 0.0614233 0.0982428 0.1016292 0.1037174 0.1099918 0.0853364 0.0927209 0.0558227 0.0850593 0.0874283 0.1023465 0.0970924 0.0965408 0.0992533 0.0309694 0.0774695 0.1425247 0.1245428 0.1027030 0.0925854 0.1053785 0.0908926 0.1557049 0.0674741 0.1584084 0.0950236 0.1045960 0.0919862 0.1095732 0.0481637 0.0852958 0.1527699 0.0186002 0.0423699 0.0580386 0.0902786 0.0862326 0.0841448 0.0953916 0.0923795 0.0898127 0.0754305 0.0955661 0.0907455 0.0158975 0.1085100 0.0850037 0.0666212 0.0251363 0.0123928 0.0449767 0.0809894 0.0341712 0.1111607 0.0636566 0.0685402 0.0998248 0.0396448 0.0622423 0.0962280 0.0784843 0.0990843 0.0240964 0.0762044 0.0739911 0.0710443 0.0296121 0.1083869 0.0442223 0.1008300 0.0316700 0.0519533 0.0863677 0.0798626 0.1223191 0.0939684 0.0601688 0.0899908 0.0655881 0.0734060 0.0685048 0.0603324 
S0407sl     0.0973596 0.0974737 0.0411325 0.0981762 0.1086035 0.1307114 0.0496674 0.0985557 0.1094117 0.1154915 0.0461487 0.1234499 0.1176645 0.0297624 0.1221153 0.0296901 0.1323523 0.1059727 0.1201903 0.1151913 0.1039039 0.0972448 0.0000000 0.1225852 0.0281966 0.1002374 0.1124837 0.1202421 0.0649573 0.1326439 0.1303670 0.1182476 0.1263857 0.0385799 0.1044772 0.0974353 0.0512953 0.0614961 0.0744306 0.0855326 0.0944051 0.1188865 0.1165120 0.1634455 0.1124215 0.1244234 0.1099522 0.0959094 0.1311270 0.0923178 0.1191955 0.0911762 0.0892168 0.1261677 0.1263101 0.0654016 0.1407315 0.0576571 0.0660437 0.0882427 0.0295771 0.1140988 0.1367980 0.1250167 0.1339849 0.1346824 0.0968011 0.1112052 0.1572980 0.1472388 0.1390135 0.1255630 0.1352583 0.1219821 0.1668217 0.0924622 0.1708773 0.0711495 0.1294891 0.1191592 0.1449741 0.1138940 0.1236131 0.1627187 0.0984350 0.1140507 0.0922442 0.0315898 0.0595286 0.0586196 0.1289812 0.0590840 0.0430302 0.1101612 0.1277726 0.1221559 0.0986082 0.1401645 0.1173391 0.1036380 0.1070229 0.0937493 0.1054034 0.1149606 0.1002694 0.0728728 0.0943088 0.1061808 0.0407965 0.1108367 0.0923637 0.0131865 0.1111747 0.0742849 0.0952454 0.1097472 0.1098658 0.0979669 0.1061966 0.0514770 0.1042869 0.0636184 0.0963576 0.0892807 0.1152669 0.1104519 0.0976728 0.1239090 0.0916920 0.1257678 0.0949011 0.0995042 0.1045396 0.0941754 
S0412sl     0.0728168 0.0813502 0.1239553 0.0874651 0.0881148 0.1193390 0.1363676 0.0933026 0.0911664 0.1016113 0.1126471 0.1175574 0.1119208 0.1075715 0.1137417 0.1106618 0.1172504 0.0979981 0.1128025 0.0874591 0.0807886 0.0785941 0.1225852 0.0000000 0.1111461 0.0802239 0.0868975 0.1130216 0.1193336 0.1182734 0.0841259 0.1146323 0.1124498 0.1238396 0.0812669 0.0764972 0.1353756 0.1180373 0.1199819 0.0577799 0.0800073 0.0956354 0.1139716 0.1799804 0.0606884 0.1161390 0.0969689 0.0751322 0.1130138 0.0756268 0.0949018 0.0824503 0.0723305 0.1170583 0.1094332 0.1218244 0.1302063 0.1035171 0.1019020 0.0738143 0.1084520 0.1038531 0.1228075 0.1214084 0.1140275 0.1182499 0.0887616 0.0861655 0.1658138 0.1449791 0.1257985 0.1215979 0.1320771 0.1170548 0.1802058 0.0813572 0.1867566 0.1176057 0.1335473 0.1083490 0.1320427 0.0905704 0.1069500 0.1764379 0.0785200 0.0909007 0.0743220 0.1131777 0.1033358 0.1010279 0.1172969 0.1091347 0.1114594 0.1055796 0.1169600 0.1140498 0.0809359 0.1323805 0.1056720 0.0922277 0.0870051 0.0701843 0.0786820 0.1045175 0.0685799 0.1255181 0.0873700 0.0987286 0.1209276 0.0865591 0.0790316 0.1190041 0.0872720 0.1190554 0.0822166 0.0836244 0.0938080 0.0900639 0.0843566 0.1315209 0.0707896 0.1199449 0.0822436 0.0607426 0.1071330 0.1021064 0.1365584 0.1193401 0.0785961 0.1194206 0.0825867 0.0927990 0.0833176 0.0786248 
S0417       0.0862176 0.0906995 0.0362923 0.0938357 0.0963382 0.1223065 0.0432184 0.0861328 0.0974801 0.1074243 0.0362791 0.1154062 0.1097047 0.0253472 0.1163492 0.0224786 0.1206803 0.0974232 0.1109682 0.1030829 0.0904362 0.0850592 0.0281966 0.1111461 0.0000000 0.0936270 0.1011153 0.1121086 0.0573786 0.1241980 0.1164252 0.1102974 0.1181238 0.0322123 0.0942065 0.0852259 0.0398937 0.0547123 0.0667409 0.0743692 0.0843385 0.1074764 0.1084898 0.1576893 0.1012766 0.1163557 0.1102870 0.0859232 0.1259146 0.0846792 0.1053851 0.0869195 0.0826470 0.1240678 0.1136263 0.0568325 0.1335965 0.0500557 0.0571439 0.0804539 0.0208488 0.1038603 0.1283551 0.1204098 0.1241580 0.1262417 0.0886250 0.0999029 0.1487071 0.1447240 0.1295276 0.1151694 0.1308524 0.1186789 0.1572979 0.0858816 0.1625272 0.0680705 0.1271508 0.1132865 0.1354361 0.1002434 0.1132406 0.1570684 0.0862218 0.1050884 0.0843020 0.0225539 0.0499987 0.0490848 0.1208213 0.0496347 0.0370623 0.1008758 0.1196217 0.1143363 0.0873375 0.1330569 0.1045957 0.0904734 0.0934041 0.0803338 0.0918672 0.0998236 0.0877093 0.0630817 0.0808755 0.0936412 0.0344536 0.1018808 0.0857897 0.0282222 0.1010114 0.0633630 0.0840385 0.0984935 0.0983987 0.0865212 0.0938683 0.0411322 0.0929804 0.0549890 0.0873339 0.0772128 0.1074662 0.1004888 0.0884818 0.1204846 0.0827660 0.1221056 0.0872277 0.0889789 0.0954604 0.0862422 
S0419       0.0674888 0.0153950 0.1075651 0.0459684 0.0782969 0.0873862 0.1156782 0.0707951 0.0819645 0.0874408 0.1030584 0.0842513 0.0829240 0.0915482 0.0787340 0.0900228 0.0929228 0.0791473 0.0821921 0.0829843 0.0727777 0.0686378 0.1002374 0.0802239 0.0936270 0.0000000 0.0716065 0.0810107 0.0924331 0.1070949 0.0932860 0.0790407 0.0840017 0.0977447 0.0763261 0.0717940 0.1173082 0.0990224 0.1033167 0.0584930 0.0742190 0.0374379 0.0811384 0.1617839 0.0840673 0.0830718 0.0792884 0.0632924 0.0983140 0.0114047 0.0878874 0.0158784 0.0105532 0.1036542 0.0491149 0.1036187 0.0951601 0.0851917 0.0891898 0.0556153 0.0906419 0.0747195 0.1054996 0.1033534 0.1012627 0.1023291 0.0805408 0.0393975 0.1529196 0.1178336 0.0880265 0.0876194 0.1081272 0.0996519 0.1651103 0.0167802 0.1691323 0.0965216 0.1164609 0.0809092 0.0933607 0.0816056 0.0829567 0.1664042 0.0717618 0.0786783 0.0561769 0.0957784 0.0884383 0.0875136 0.0868650 0.0888905 0.0972388 0.0688756 0.0869120 0.0822103 0.0715703 0.0958296 0.0857615 0.0732593 0.0806467 0.0660361 0.0696644 0.0767710 0.0668087 0.1109584 0.0657687 0.0737826 0.1055402 0.0746363 0.0131904 0.0959733 0.0403362 0.1022550 0.0728604 0.0383406 0.0783785 0.0626426 0.0790392 0.1137597 0.0677435 0.1004230 0.0676108 0.0660843 0.0881689 0.0795791 0.1256834 0.0958766 0.0551397 0.1003381 0.0374270 0.0649258 0.0725434 0.0533045 
S0427       0.0758071 0.0726840 0.1291426 0.0812276 0.0803517 0.1129111 0.1325860 0.0822751 0.0854452 0.0960502 0.1185546 0.1053584 0.1082139 0.1069539 0.1108908 0.1052479 0.1100348 0.0887292 0.1078267 0.0618972 0.0748054 0.0716804 0.1124837 0.0868975 0.1011153 0.0716065 0.0000000 0.1068603 0.1112137 0.1182660 0.0983567 0.1036580 0.1086576 0.1182970 0.0835853 0.0748515 0.1310851 0.1160224 0.1158918 0.0615603 0.0742001 0.0880303 0.1089001 0.1795602 0.0879483 0.1108966 0.0924742 0.0672759 0.1133859 0.0674418 0.0878644 0.0736338 0.0685421 0.1089434 0.1002676 0.1192275 0.1252235 0.0983489 0.1071631 0.0702057 0.1020807 0.1031525 0.1211057 0.1153209 0.1170352 0.1178923 0.0735102 0.0892794 0.1664129 0.1396482 0.1189584 0.1069566 0.1229071 0.1103745 0.1764938 0.0746791 0.1831235 0.1157641 0.1194497 0.1029985 0.1235462 0.0901583 0.0974507 0.1819345 0.0717437 0.0869735 0.0713695 0.1065947 0.1005335 0.0996059 0.1119426 0.1065002 0.1133133 0.0954288 0.1140911 0.1076065 0.0760066 0.1224326 0.0981401 0.0834533 0.0806259 0.0648810 0.0875573 0.0920765 0.0675874 0.1284584 0.0731839 0.0863532 0.1215258 0.0797436 0.0694916 0.1117305 0.0903147 0.1113702 0.0697385 0.0879509 0.0917922 0.0828767 0.0788527 0.1239563 0.0748580 0.1149671 0.0706139 0.0692014 0.0996421 0.0971731 0.1441271 0.1036536 0.0734594 0.1234405 0.0719948 0.0832469 0.0372804 0.0724842 
S0430       0.0953035 0.0810531 0.1214101 0.0980171 0.0943600 0.0081930 0.1335656 0.0954486 0.0925553 0.1050802 0.1254298 0.0088344 0.0493431 0.1075459 0.0079319 0.1091797 0.1184268 0.0916738 0.0070571 0.0999885 0.0906111 0.0896100 0.1202421 0.1130216 0.1121086 0.0810107 0.1068603 0.0000000 0.1176591 0.1195935 0.1187561 0.0689906 0.0099439 0.1168224 0.1023071 0.0898120 0.1347751 0.1249747 0.1256244 0.0823470 0.0909473 0.1024684 0.0061638 0.1830214 0.1129560 0.0079197 0.0950029 0.0850391 0.1148467 0.0764433 0.1054434 0.0786039 0.0734951 0.1226528 0.1106392 0.1282728 0.0828838 0.1074886 0.1156206 0.0761332 0.1035272 0.0357695 0.1202455 0.1250701 0.1193641 0.1146712 0.0891703 0.1046540 0.1773200 0.1360525 0.0772786 0.0721868 0.1279334 0.1177040 0.1891315 0.0786135 0.1863657 0.1101392 0.1295653 0.1045963 0.0836301 0.1051480 0.1099472 0.1842116 0.0895767 0.0997244 0.0822450 0.1116710 0.1075947 0.1077378 0.0061745 0.1158695 0.1108160 0.0555516 0.0052856 0.0026251 0.0940648 0.0803610 0.1072528 0.1006389 0.0944544 0.0869476 0.1008641 0.1052826 0.0894189 0.1316435 0.0891589 0.1030439 0.1151874 0.0955906 0.0764569 0.1204413 0.1045260 0.1197534 0.0907622 0.1032296 0.1021093 0.0958526 0.0939555 0.1297459 0.0865864 0.1214891 0.0898244 0.0892993 0.1061168 0.0991171 0.1526175 0.1189323 0.0765932 0.1181352 0.0851228 0.0971743 0.1019469 0.0778830 
S0478       0.1025087 0.0906159 0.0696290 0.0926224 0.1085695 0.1291374 0.0763252 0.0917238 0.1077514 0.1152363 0.0697531 0.1197621 0.1139941 0.0559086 0.1218354 0.0546523 0.1270837 0.1005521 0.1161524 0.1089362 0.1035756 0.0959072 0.0649573 0.1193336 0.0573786 0.0924331 0.1112137 0.1176591 0.0000000 0.1282027 0.1331075 0.1204434 0.1248560 0.0645098 0.1064607 0.0971137 0.0749911 0.0631262 0.0761009 0.0840713 0.0974166 0.1085865 0.1150796 0.1597201 0.1154534 0.1218415 0.1158079 0.0934411 0.1240835 0.0867638 0.1188130 0.0879259 0.0826590 0.1258812 0.1181117 0.0710920 0.1365295 0.0602906 0.0698447 0.0890221 0.0531325 0.1092818 0.1311838 0.1214014 0.1295011 0.1281676 0.1015730 0.1098397 0.1537035 0.1500013 0.1350682 0.1241969 0.1311218 0.1182480 0.1634309 0.0911271 0.1661811 0.0719090 0.1345511 0.1116160 0.1383085 0.1136131 0.1134084 0.1619632 0.0992497 0.1140108 0.0883332 0.0578224 0.0601933 0.0592890 0.1227817 0.0607739 0.0677629 0.1111709 0.1251482 0.1209949 0.1027462 0.1394736 0.1101277 0.0984150 0.1078347 0.0944159 0.1050803 0.1061802 0.1001233 0.0722698 0.0906627 0.0970146 0.0672059 0.1107975 0.0846797 0.0599410 0.1098097 0.0738464 0.1014616 0.1083920 0.1049864 0.0923070 0.1047912 0.0758684 0.1017580 0.0663056 0.1015121 0.0952356 0.1138637 0.1055422 0.0971968 0.1232814 0.0870391 0.1153203 0.0882345 0.0971182 0.1044376 0.0894215 
