134
PAFTOL_019361 0.0000000 0.1786776 0.1640865 0.2060243 0.1908648 0.1927337 0.1721288 0.1829009 0.1627302 0.2041552 0.1713248 0.1926443 0.1823405 0.1779337 0.1849886 0.1897903 0.2068688 0.1660962 0.1826029 0.1851151 0.1604723 0.1958224 0.1883507 0.1942974 0.1536514 0.1834777 0.1643486 0.1731239 0.1861248 0.1923753 0.1732973 0.1854345 0.1657770 0.1868402 0.1969522 0.1732608 0.1939595 0.1974557 0.1687919 0.1535079 0.1725438 0.2022622 0.1611376 0.1883705 0.1639352 0.1841937 0.1958504 0.1896204 0.1873903 0.1878369 0.1671572 0.1966816 0.1668907 0.1602390 0.1675394 0.1579363 0.1869718 0.1831143 0.1504000 0.1800755 0.1636731 0.1771083 0.2546647 0.2000410 0.1831902 0.1838010 0.1600033 0.1894732 0.1536448 0.1662143 0.1728810 0.1958570 0.1902604 0.1964118 0.1536346 0.1632032 0.1595754 0.1796375 0.1922345 0.1704602 0.1693096 0.1789718 0.1570320 0.1570958 0.1860916 0.1704052 0.1635653 0.1907703 0.1504000 0.1664052 0.2491775 0.1678693 0.1923340 0.1884479 0.1888485 0.2392973 0.1921726 0.1699216 0.1488557 0.1668180 0.1854563 0.1738244 0.1680304 0.1823971 0.1717800 0.1847122 0.1665238 0.1674419 0.1900497 0.1827889 0.1602390 0.2253220 0.1889635 0.1545242 0.1854309 0.1920075 0.1867624 0.1499532 0.1747358 0.1947207 0.1666168 0.1764293 0.1730873 0.1768670 0.1742187 0.1666946 0.1460391 0.1665593 0.1671417 0.1759765 0.1588580 0.1528443 0.1707818 0.1621042 
S0055         0.1786776 0.0000000 0.0506069 0.0743788 0.0669052 0.0324688 0.0989687 0.0677223 0.0461461 0.0405757 0.0492710 0.0604012 0.0727716 0.0786886 0.0725908 0.1134331 0.0729890 0.0532883 0.0482193 0.0901966 0.0517293 0.0325390 0.0351040 0.0725432 0.0497135 0.0621413 0.0458178 0.0557967 0.0719477 0.0934791 0.0698931 0.0625109 0.0548010 0.0963776 0.0714802 0.0218446 0.0310609 0.0707416 0.0609903 0.0701685 0.0501749 0.0442989 0.0579565 0.0885617 0.1141015 0.0542822 0.0903987 0.0637506 0.0294974 0.0688013 0.0464006 0.0285543 0.0535314 0.0479363 0.0602393 0.0593084 0.0659449 0.0717545 0.0715174 0.0608235 0.0432188 0.0839732 0.0779685 0.0706282 0.0573443 0.0588432 0.0589696 0.0592461 0.1137594 0.0519214 0.0724766 0.0977432 0.0562808 0.0576382 0.1127002 0.0476508 0.1079308 0.0908431 0.0557803 0.0503241 0.0728624 0.0401924 0.0508434 0.1082250 0.0271579 0.0296154 0.0514318 0.0665064 0.0746884 0.0717310 0.0980229 0.0592291 0.0811537 0.0909660 0.0918566 0.0994181 0.0337484 0.0768238 0.0422423 0.0508255 0.0299282 0.0450405 0.0084588 0.0580197 0.0268831 0.0705457 0.0549626 0.0504968 0.0678140 0.0217145 0.0490731 0.0982573 0.0576497 0.0751045 0.0259340 0.0604703 0.0611162 0.0404250 0.0334971 0.0651063 0.0204944 0.0706732 0.0255581 0.0431516 0.0530642 0.0459292 0.0606638 0.0529064 0.0459389 0.0714467 0.0378235 0.0390904 0.0530449 0.0419484 
S0196sl       0.1640865 0.0506069 0.0000000 0.0791985 0.0267745 0.0585351 0.0797241 0.0710609 0.0369949 0.0638382 0.0786904 0.0667231 0.0717913 0.0785950 0.0730242 0.1034065 0.0733314 0.0518528 0.0469435 0.0816198 0.0529330 0.0600726 0.0640820 0.0784977 0.0602868 0.0638050 0.0052794 0.0703543 0.0802167 0.0847430 0.0699755 0.0668196 0.0689229 0.0949032 0.0732680 0.0526084 0.0694677 0.0785778 0.0602161 0.0667509 0.0627914 0.0751571 0.0254016 0.0800633 0.1152222 0.0642406 0.0850178 0.0621874 0.0609281 0.0724995 0.0104366 0.0583283 0.0092737 0.0069273 0.0535105 0.0291691 0.0650958 0.0765513 0.0638055 0.0556545 0.0397546 0.0845030 0.0758414 0.0748893 0.0637596 0.0632936 0.0844104 0.0253927 0.1125407 0.0478275 0.0815547 0.0935322 0.0563638 0.0563965 0.1102467 0.0045775 0.1087645 0.0800408 0.0617147 0.0477297 0.0803928 0.0719077 0.0498701 0.1074358 0.0555439 0.0528361 0.0434874 0.0682689 0.0668210 0.0654135 0.0906007 0.0585809 0.0826019 0.0880736 0.0817169 0.0920132 0.0613405 0.0816507 0.0427146 0.0427737 0.0618273 0.0787719 0.0443472 0.0569338 0.0540802 0.0737648 0.0536927 0.0425066 0.0725979 0.0550358 0.0080578 0.1012160 0.0240441 0.0670972 0.0557354 0.0290645 0.0568265 0.0327968 0.0640080 0.0703803 0.0508972 0.0664963 0.0551881 0.0598751 0.0479384 0.0477269 0.0591109 0.0504277 0.0424005 0.0777224 0.0276838 0.0302589 0.0647473 0.0371704 
S0278         0.2060243 0.0743788 0.0791985 0.0000000 0.0965687 0.0830030 0.1005658 0.0328291 0.0712802 0.0786994 0.1062486 0.0319246 0.1105225 0.0962752 0.0267603 0.1291781 0.0305251 0.0818247 0.0544110 0.1016751 0.0906050 0.0862167 0.0875338 0.0332809 0.0764868 0.0242000 0.0696696 0.0887017 0.0396186 0.1050295 0.0498677 0.0879721 0.1015281 0.1060938 0.0216207 0.0762860 0.0886456 0.0265053 0.0473840 0.0625191 0.0870661 0.0906705 0.0902064 0.0969026 0.1311940 0.0876184 0.1055199 0.0753059 0.0777681 0.1074564 0.0806862 0.0829923 0.0823878 0.0745145 0.0934352 0.0916255 0.0543803 0.0904352 0.0568210 0.0528977 0.0727215 0.0427499 0.0965316 0.1044678 0.0937601 0.0946914 0.1015041 0.0942408 0.1294644 0.0775286 0.1046681 0.1103732 0.0827791 0.0792064 0.1318635 0.0743856 0.1269662 0.0655965 0.0899308 0.0787938 0.1035123 0.0837590 0.0816306 0.1273172 0.0766530 0.0797262 0.0722613 0.0266209 0.0597701 0.0583845 0.1169711 0.0487777 0.0332750 0.1036308 0.1002439 0.1182984 0.0890478 0.0926715 0.0672637 0.0752600 0.0805657 0.0997094 0.0651804 0.0869779 0.0764387 0.0635550 0.0856951 0.0747620 0.0240938 0.0773386 0.0774784 0.0518097 0.0907605 0.0642469 0.0798999 0.0985280 0.0815826 0.0650410 0.0765454 0.0330689 0.0698849 0.0489900 0.0744860 0.0805040 0.0782652 0.0753378 0.0611391 0.0847596 0.0724121 0.0977354 0.0637660 0.0650232 0.0904001 0.0714364 
S0281         0.1908648 0.0669052 0.0267745 0.0965687 0.0000000 0.0819149 0.0914327 0.0939819 0.0540676 0.0804717 0.1022191 0.0877036 0.0861300 0.0942095 0.0945760 0.1252827 0.0934369 0.0671471 0.0615790 0.0990535 0.0801796 0.0806005 0.0834562 0.0955664 0.0800712 0.0830293 0.0236573 0.0888777 0.1046990 0.0992591 0.0929389 0.0828804 0.0884187 0.1103491 0.0933541 0.0741766 0.0871524 0.0920321 0.0825228 0.0894084 0.0804778 0.0955828 0.0457846 0.0973872 0.1361304 0.0831948 0.0980235 0.0844999 0.0817388 0.0874215 0.0293155 0.0773251 0.0293851 0.0268274 0.0610530 0.0498390 0.0863200 0.0919326 0.0862013 0.0774916 0.0568323 0.1003655 0.0899214 0.0830555 0.0780510 0.0790268 0.1086730 0.0374131 0.1342285 0.0686973 0.0989948 0.1134114 0.0630396 0.0644072 0.1291607 0.0241644 0.1276152 0.0918619 0.0755020 0.0626794 0.0978265 0.0851487 0.0606890 0.1262549 0.0755573 0.0760304 0.0609679 0.0878491 0.0895054 0.0864748 0.1052882 0.0787615 0.0986104 0.1032179 0.0960611 0.1022276 0.0849348 0.0990087 0.0574715 0.0572983 0.0809769 0.0968974 0.0675130 0.0708940 0.0720947 0.0916165 0.0688238 0.0552229 0.0875513 0.0782089 0.0254099 0.1230072 0.0359528 0.0863907 0.0758314 0.0411650 0.0679529 0.0522024 0.0880711 0.0919364 0.0736690 0.0894801 0.0783716 0.0757183 0.0629575 0.0641628 0.0809881 0.0595564 0.0596467 0.0897503 0.0439792 0.0494773 0.0874352 0.0527318 
S0282         0.1927337 0.0324688 0.0585351 0.0830030 0.0819149 0.0000000 0.1063702 0.0776078 0.0568793 0.0209234 0.0633555 0.0728300 0.0813333 0.0885341 0.0811563 0.1261306 0.0785024 0.0684984 0.0676072 0.1003434 0.0582535 0.0165901 0.0239730 0.0825366 0.0675211 0.0719524 0.0563632 0.0715595 0.0846773 0.1036921 0.0768816 0.0834422 0.0724659 0.1015219 0.0815448 0.0317819 0.0216978 0.0833454 0.0712494 0.0755417 0.0700204 0.0284113 0.0689208 0.0986763 0.1138665 0.0665497 0.1001616 0.0739443 0.0292396 0.0889790 0.0600230 0.0128885 0.0644291 0.0601321 0.0809761 0.0702870 0.0764186 0.0799480 0.0754012 0.0709663 0.0554154 0.0929088 0.0950897 0.0895057 0.0795653 0.0810280 0.0787226 0.0768255 0.1126125 0.0686698 0.0871359 0.1098811 0.0719711 0.0719001 0.1119426 0.0583668 0.1072068 0.1090227 0.0758824 0.0594492 0.0859667 0.0509004 0.0632711 0.1074972 0.0129010 0.0400045 0.0621517 0.0796432 0.0785891 0.0800934 0.1045338 0.0653005 0.0914907 0.0946156 0.1020394 0.1059009 0.0177456 0.0851422 0.0543032 0.0647197 0.0179186 0.0359747 0.0343582 0.0721858 0.0384000 0.0869412 0.0719503 0.0614666 0.0758825 0.0369792 0.0598268 0.1050103 0.0750165 0.0790248 0.0093046 0.0809783 0.0705049 0.0522572 0.0317754 0.0775538 0.0254314 0.0782117 0.0279146 0.0567510 0.0653502 0.0608525 0.0689732 0.0668816 0.0582186 0.0763076 0.0496407 0.0495292 0.0731791 0.0569952 
S0288         0.1721288 0.0989687 0.0797241 0.1005658 0.0914327 0.1063702 0.0000000 0.1082646 0.0813335 0.1084272 0.0968217 0.0964178 0.0000010 0.0345892 0.0983850 0.0313156 0.1006701 0.0922054 0.0990002 0.0089412 0.0972712 0.0995617 0.0992629 0.1105973 0.1069103 0.0920515 0.0811249 0.1027615 0.1209870 0.0074511 0.0939739 0.1029709 0.0935242 0.0531578 0.1025674 0.0993427 0.1163451 0.1046890 0.0743893 0.0959388 0.0970283 0.0971681 0.0813883 0.0074262 0.1370243 0.0969598 0.0120173 0.1074328 0.1032907 0.1163754 0.0797148 0.0998121 0.0819424 0.0756738 0.1004438 0.0902211 0.0826813 0.0453845 0.0881427 0.0820953 0.0773918 0.0889387 0.1089535 0.1164425 0.1092552 0.1047660 0.0994751 0.0967918 0.1347471 0.0936353 0.0569145 0.0681600 0.0988630 0.0970336 0.1406555 0.0736290 0.1339844 0.0945850 0.1061350 0.0935705 0.0552131 0.1218828 0.0784470 0.1321306 0.1016298 0.1009382 0.0792949 0.1043900 0.0879908 0.0904708 0.0258684 0.0747775 0.1008273 0.0506103 0.0059357 0.0208915 0.1036243 0.0510161 0.0784295 0.0820159 0.1027545 0.1034394 0.0783598 0.0982708 0.1042123 0.0968407 0.0855971 0.0814531 0.1001187 0.1024773 0.0755616 0.1476662 0.0938873 0.0924607 0.0976956 0.0986501 0.0969849 0.0754916 0.1047811 0.1035778 0.1026268 0.0938438 0.1028007 0.1012227 0.0817462 0.0858211 0.0918417 0.0790731 0.0834154 0.0823851 0.0639640 0.0717272 0.0971490 0.0813528 
S0289         0.1829009 0.0677223 0.0710609 0.0328291 0.0939819 0.0776078 0.1082646 0.0000000 0.0673233 0.0750103 0.1008831 0.0315985 0.0924659 0.0936064 0.0314354 0.1148340 0.0379926 0.0776000 0.0564030 0.0959521 0.0781871 0.0777874 0.0805468 0.0327564 0.0776626 0.0213439 0.0641780 0.0851674 0.0374847 0.0992229 0.0520204 0.0899181 0.0911250 0.1118527 0.0263720 0.0710855 0.0830634 0.0326012 0.0512745 0.0632747 0.0820747 0.0888672 0.0817135 0.0912870 0.1282404 0.0820185 0.1027893 0.0745136 0.0725339 0.1006708 0.0739585 0.0762399 0.0756023 0.0712122 0.0888818 0.0830999 0.0587261 0.0879979 0.0605743 0.0523845 0.0677226 0.0489886 0.0909767 0.1027070 0.0911228 0.0875488 0.0966109 0.0886770 0.1255441 0.0723900 0.0988769 0.1047975 0.0814566 0.0812895 0.1287391 0.0678444 0.1239135 0.0650622 0.0884471 0.0775199 0.0977263 0.0814184 0.0773519 0.1242517 0.0714211 0.0683123 0.0683868 0.0263086 0.0635387 0.0621510 0.1161472 0.0463757 0.0368351 0.1031192 0.0945445 0.1174690 0.0805535 0.0886890 0.0618571 0.0725840 0.0781378 0.0947689 0.0601995 0.0830758 0.0684433 0.0642499 0.0784175 0.0706939 0.0237651 0.0692867 0.0708490 0.0564756 0.0867790 0.0667070 0.0701872 0.0928905 0.0788759 0.0612558 0.0683672 0.0340937 0.0648602 0.0588524 0.0665081 0.0785668 0.0745726 0.0713878 0.0632438 0.0746020 0.0705997 0.1013323 0.0575960 0.0584958 0.0823637 0.0664544 
S0292         0.1627302 0.0461461 0.0369949 0.0712802 0.0540676 0.0568793 0.0813335 0.0673233 0.0000000 0.0618845 0.0828291 0.0591946 0.0708692 0.0706697 0.0666921 0.1051963 0.0699186 0.0394050 0.0234167 0.0781460 0.0596096 0.0570067 0.0610658 0.0702372 0.0688829 0.0546631 0.0353215 0.0680306 0.0780934 0.0812210 0.0605678 0.0508319 0.0688538 0.0812120 0.0651215 0.0508107 0.0647401 0.0678881 0.0570037 0.0638304 0.0623572 0.0702605 0.0507301 0.0766140 0.1069343 0.0610533 0.0814819 0.0579932 0.0577341 0.0632957 0.0382987 0.0540964 0.0396986 0.0331917 0.0396046 0.0550557 0.0617876 0.0655399 0.0623162 0.0525226 0.0368120 0.0706084 0.0610514 0.0583826 0.0479216 0.0503634 0.0884844 0.0524203 0.1016187 0.0434280 0.0750602 0.0882345 0.0382472 0.0382105 0.1067847 0.0342786 0.1021637 0.0841964 0.0445933 0.0352781 0.0739009 0.0670098 0.0229991 0.1024346 0.0511156 0.0563429 0.0300062 0.0589515 0.0653133 0.0639126 0.0848584 0.0517262 0.0779379 0.0751358 0.0796988 0.0862714 0.0596609 0.0685322 0.0253754 0.0092853 0.0572504 0.0786395 0.0427912 0.0304376 0.0509754 0.0676535 0.0264424 0.0128549 0.0649128 0.0533305 0.0355971 0.0969803 0.0508379 0.0699534 0.0512894 0.0563361 0.0266546 0.0213020 0.0590418 0.0683639 0.0464658 0.0632599 0.0479134 0.0609139 0.0328724 0.0327338 0.0591201 0.0327436 0.0368291 0.0742580 0.0289682 0.0212966 0.0653384 0.0341219 
S0293         0.2041552 0.0405757 0.0638382 0.0786994 0.0804717 0.0209234 0.1084272 0.0750103 0.0618845 0.0000000 0.0747826 0.0720828 0.0854698 0.0936821 0.0816828 0.1378709 0.0741913 0.0725818 0.0697860 0.1042082 0.0672872 0.0248637 0.0300887 0.0815825 0.0704347 0.0692509 0.0634124 0.0741942 0.0857488 0.1060836 0.0761013 0.0899954 0.0816799 0.1071050 0.0789881 0.0372576 0.0303722 0.0808530 0.0718415 0.0780002 0.0709784 0.0373909 0.0697648 0.1024672 0.1239396 0.0738250 0.1063108 0.0804280 0.0383866 0.0981437 0.0623806 0.0209121 0.0669782 0.0624993 0.0809736 0.0681123 0.0738104 0.0846323 0.0762137 0.0715477 0.0589041 0.0842771 0.0953643 0.0931353 0.0842956 0.0873925 0.0874294 0.0749232 0.1243091 0.0683044 0.0955147 0.1121656 0.0732974 0.0762503 0.1205105 0.0591184 0.1189279 0.1174698 0.0805230 0.0620164 0.0943115 0.0566236 0.0674302 0.1192671 0.0183899 0.0457390 0.0645447 0.0770626 0.0795007 0.0810513 0.1025829 0.0637912 0.0890935 0.0979005 0.1059811 0.1040165 0.0286765 0.0901101 0.0577951 0.0670208 0.0237781 0.0439903 0.0384397 0.0765646 0.0467234 0.0878882 0.0762707 0.0636297 0.0732631 0.0452246 0.0621692 0.0993849 0.0730719 0.0799534 0.0171067 0.0761543 0.0765495 0.0570812 0.0410767 0.0702885 0.0316805 0.0790153 0.0369588 0.0613388 0.0708500 0.0661102 0.0711792 0.0692276 0.0618307 0.0782803 0.0529252 0.0542237 0.0759194 0.0605634 
S0294         0.1713248 0.0492710 0.0786904 0.1062486 0.1022191 0.0633555 0.0968217 0.1008831 0.0828291 0.0747826 0.0000000 0.0971987 0.1382818 0.1103096 0.1091088 0.1536214 0.1047635 0.0889162 0.0639533 0.1236417 0.0813079 0.0678882 0.0706295 0.1128645 0.0468287 0.1012741 0.0795000 0.0875777 0.1171533 0.1239135 0.1003071 0.1085676 0.0965248 0.1190803 0.1069466 0.0513345 0.0730789 0.1085679 0.0959171 0.1068688 0.0875517 0.0801208 0.0934169 0.1218448 0.1473089 0.0902987 0.1258708 0.1020765 0.0654276 0.1154178 0.0801048 0.0617094 0.0850349 0.0804477 0.0989246 0.0948653 0.0977398 0.1065366 0.1016055 0.0938506 0.0766013 0.1208043 0.1254735 0.1226212 0.0989681 0.1025732 0.0636688 0.0989241 0.1403587 0.0878973 0.1132940 0.1349377 0.0915913 0.0980534 0.1435833 0.0784516 0.1384980 0.0965704 0.1022068 0.0891659 0.1121299 0.0781127 0.0888865 0.1388923 0.0588699 0.0587437 0.0871137 0.1080169 0.1047334 0.1086129 0.1528274 0.1015768 0.1195505 0.1198289 0.1254788 0.1540300 0.0690984 0.1123690 0.0753978 0.0835409 0.0621627 0.0617138 0.0504200 0.0891292 0.0642828 0.1038049 0.0897971 0.0829797 0.1057900 0.0580059 0.0800252 0.1386640 0.0969003 0.1090601 0.0619111 0.1015932 0.0930672 0.0763564 0.0657305 0.0989973 0.0538353 0.1019506 0.0609140 0.0756471 0.0886559 0.0794294 0.0913987 0.0939323 0.0829857 0.1033377 0.0691363 0.0734114 0.0861249 0.0771654 
S0299         0.1926443 0.0604012 0.0667231 0.0319246 0.0877036 0.0728300 0.0964178 0.0315985 0.0591946 0.0720828 0.0971987 0.0000000 0.0912089 0.0860628 0.0279855 0.1171551 0.0343888 0.0678699 0.0467877 0.0865776 0.0815850 0.0729969 0.0726611 0.0317712 0.0775023 0.0254174 0.0592454 0.0803504 0.0345441 0.0929113 0.0469718 0.0826598 0.0880091 0.0994175 0.0280868 0.0681723 0.0765891 0.0291298 0.0459504 0.0624823 0.0776856 0.0774636 0.0777119 0.0851020 0.1266761 0.0804815 0.0964046 0.0703200 0.0663802 0.1007532 0.0652321 0.0638332 0.0697634 0.0654346 0.0760197 0.0790968 0.0546055 0.0777074 0.0581090 0.0471311 0.0592605 0.0514585 0.0937945 0.0938456 0.0853611 0.0863133 0.0994420 0.0782259 0.1264424 0.0698008 0.0928223 0.0971782 0.0773913 0.0757624 0.1271681 0.0608265 0.1223495 0.0652271 0.0798434 0.0691395 0.0916634 0.0803841 0.0688123 0.1226833 0.0652623 0.0684994 0.0630530 0.0305203 0.0610659 0.0596784 0.1010839 0.0442274 0.0374752 0.0909711 0.0883006 0.1024506 0.0741961 0.0797719 0.0566940 0.0642129 0.0717861 0.0916716 0.0572755 0.0759665 0.0670462 0.0575034 0.0713799 0.0609882 0.0227919 0.0635031 0.0651020 0.0628992 0.0764088 0.0656406 0.0669876 0.0793130 0.0685787 0.0559928 0.0680097 0.0357796 0.0604770 0.0520758 0.0636368 0.0711795 0.0691544 0.0631407 0.0579837 0.0721222 0.0620772 0.0858238 0.0533753 0.0532563 0.0775780 0.0580008 
S0303         0.1823405 0.0727716 0.0717913 0.1105225 0.0861300 0.0813333 0.0000010 0.0924659 0.0708692 0.0854698 0.1382818 0.0912089 0.0000000 0.0386036 0.0923382 0.0024035 0.1103789 0.0811229 0.0000010 0.0072778 0.0877727 0.0850866 0.0753062 0.1120673 0.0819116 0.0886901 0.0790608 0.0909616 0.0872708 0.0072577 0.1063671 0.0817736 0.0885756 0.0655346 0.1034721 0.0709482 0.0926431 0.1049958 0.0874067 0.1063899 0.1096034 0.1024895 0.0959494 0.0048255 0.1011326 0.0788745 0.0000010 0.1136884 0.0714689 0.0811804 0.0686380 0.0756791 0.0809846 0.0786343 0.0835708 0.0883129 0.0983718 0.0414687 0.0989646 0.0898138 0.0712844 0.1256754 0.1076304 0.1024739 0.0813701 0.0837104 0.1573537 0.0950950 0.1055617 0.0785026 0.0475807 0.0779661 0.0749596 0.0742368 0.0978699 0.0748345 0.0982044 0.1082466 0.0831726 0.0592877 0.0478169 0.0831252 0.0807588 0.0984055 0.0785935 0.0817187 0.0741640 0.0990687 0.1065078 0.0954168 0.0024154 0.0799228 0.1264900 0.0744117 0.0072949 0.0048304 0.0853681 0.0501067 0.0693070 0.0816751 0.0843139 0.1551588 0.0550282 0.0912036 0.0719674 0.1081597 0.0814528 0.0809543 0.1095081 0.0806429 0.0749067 0.1288100 0.0913205 0.1000542 0.0785436 0.0948400 0.0820538 0.0617489 0.0745807 0.0932584 0.0679256 0.0860793 0.0747962 0.0815248 0.0742869 0.0745113 0.0884034 0.0707960 0.0709404 0.1054656 0.0596837 0.0588432 0.0915099 0.0623538 
S0308         0.1779337 0.0786886 0.0785950 0.0962752 0.0942095 0.0885341 0.0345892 0.0936064 0.0706697 0.0936821 0.1103096 0.0860628 0.0386036 0.0000000 0.0913661 0.0495327 0.0895949 0.0857378 0.0782103 0.0351457 0.0921777 0.0903687 0.0885282 0.0989238 0.0841555 0.0834084 0.0796623 0.0958097 0.1056343 0.0377592 0.0932434 0.0996574 0.0988575 0.0560591 0.0948855 0.0788817 0.0991839 0.0923248 0.0816890 0.0950513 0.0919971 0.1009771 0.0915439 0.0338454 0.1419572 0.0916623 0.0365930 0.1040972 0.0894046 0.1106485 0.0770466 0.0840076 0.0817551 0.0772893 0.0952961 0.0913333 0.0868536 0.0352231 0.0886604 0.0798863 0.0705923 0.1012516 0.1120233 0.1029000 0.0996234 0.1006752 0.1120759 0.0936162 0.1428523 0.0912078 0.0465811 0.0637048 0.0898383 0.0915286 0.1383469 0.0753609 0.1334074 0.0962192 0.0873995 0.0844411 0.0480942 0.0998268 0.0789359 0.1337776 0.0837080 0.0885527 0.0731710 0.0928823 0.0919671 0.0904582 0.0615738 0.0818129 0.1003300 0.0543166 0.0364576 0.0630523 0.0932040 0.0393884 0.0714161 0.0746111 0.0872075 0.1094449 0.0710406 0.0851166 0.0866898 0.0949205 0.0789295 0.0741206 0.0892243 0.0844449 0.0768909 0.1259469 0.0896279 0.0958021 0.0840114 0.0946738 0.0808806 0.0676758 0.0907865 0.0900605 0.0829436 0.0933636 0.0768005 0.0792625 0.0814120 0.0811271 0.0880277 0.0721021 0.0734898 0.0892537 0.0607839 0.0648407 0.0928444 0.0709113 
S0320         0.1849886 0.0725908 0.0730242 0.0267603 0.0945760 0.0811563 0.0983850 0.0314354 0.0666921 0.0816828 0.1091088 0.0279855 0.0923382 0.0913661 0.0000000 0.1151669 0.0342571 0.0799962 0.0604622 0.0931192 0.0902894 0.0828299 0.0871465 0.0329588 0.0837838 0.0202291 0.0663340 0.0898969 0.0341505 0.0963741 0.0526305 0.0926999 0.0957605 0.1064868 0.0215249 0.0759529 0.0882488 0.0290880 0.0485972 0.0665552 0.0871910 0.0927220 0.0852957 0.0884714 0.1311090 0.0841025 0.0999185 0.0835503 0.0774282 0.1066759 0.0759322 0.0796462 0.0775993 0.0731582 0.0868629 0.0866997 0.0573179 0.0856592 0.0593334 0.0483509 0.0681106 0.0343415 0.1060425 0.1055633 0.0968776 0.0977992 0.1044661 0.0893372 0.1343058 0.0790195 0.0981933 0.1058631 0.0854520 0.0837689 0.1350003 0.0697405 0.1300843 0.0647748 0.0910406 0.0769912 0.0970321 0.0864831 0.0735064 0.1304444 0.0763167 0.0824511 0.0706116 0.0265030 0.0622948 0.0609069 0.1069860 0.0487291 0.0291724 0.1010351 0.0917125 0.1083458 0.0841466 0.0847367 0.0641652 0.0720982 0.0798109 0.1015684 0.0619011 0.0805481 0.0731862 0.0550681 0.0808445 0.0700926 0.0188848 0.0771013 0.0727821 0.0477812 0.0874205 0.0683126 0.0765913 0.0935846 0.0784390 0.0577830 0.0791493 0.0342416 0.0666479 0.0516910 0.0712746 0.0786825 0.0769135 0.0736656 0.0591491 0.0799673 0.0710077 0.0974139 0.0606924 0.0577674 0.0905404 0.0668345 
S0322         0.1897903 0.1134331 0.1034065 0.1291781 0.1252827 0.1261306 0.0313156 0.1148340 0.1051963 0.1378709 0.1536214 0.1171551 0.0024035 0.0495327 0.1151669 0.0000000 0.1339180 0.1205421 0.1739228 0.0205210 0.0965704 0.1314592 0.1219891 0.1277656 0.1294848 0.1087956 0.1139013 0.1223605 0.0931968 0.0220517 0.1267210 0.1190751 0.1194156 0.0796787 0.1222754 0.1073962 0.1390364 0.1229531 0.1132091 0.1311706 0.1331834 0.1447223 0.1253529 0.0189931 0.1483479 0.1090325 0.0251689 0.1560560 0.1205375 0.0985594 0.1034109 0.1225437 0.1092929 0.1055850 0.1174890 0.1229945 0.1249383 0.0656953 0.1241968 0.1122782 0.1058392 0.1414668 0.1490297 0.1333289 0.1228634 0.1266795 0.1680824 0.1257696 0.1487031 0.1209649 0.0759642 0.0891785 0.1164214 0.1217442 0.1481861 0.1030263 0.1441902 0.1082466 0.1218034 0.1160292 0.0742564 0.1337837 0.1089080 0.1446951 0.1219492 0.1210238 0.1047768 0.1236291 0.1290618 0.1243581 0.0515719 0.1180513 0.1337478 0.0805476 0.0205503 0.0510547 0.1286499 0.0697073 0.1029708 0.1106011 0.1280761 0.1800048 0.1057084 0.1234330 0.1130652 0.1309132 0.1078551 0.1099866 0.1233962 0.1179925 0.0991695 0.1175818 0.1200588 0.1297270 0.1225445 0.1248545 0.1223696 0.0872035 0.1225094 0.1184448 0.1101319 0.1182514 0.1124872 0.1106012 0.1123101 0.1096102 0.1190732 0.1030910 0.1096064 0.1244798 0.0898368 0.0871733 0.1233975 0.1019585 
S0327         0.2068688 0.0729890 0.0733314 0.0305251 0.0934369 0.0785024 0.1006701 0.0379926 0.0699186 0.0741913 0.1047635 0.0343888 0.1103789 0.0895949 0.0342571 0.1339180 0.0000000 0.0814358 0.0545844 0.1001897 0.0849597 0.0816743 0.0859962 0.0382111 0.0839484 0.0240703 0.0614389 0.0843399 0.0429704 0.1013228 0.0500298 0.0916574 0.0904237 0.1036500 0.0291209 0.0689087 0.0825172 0.0355821 0.0446089 0.0593700 0.0780676 0.0878316 0.0841668 0.0954317 0.1265974 0.0890184 0.1038764 0.0753563 0.0762808 0.1083856 0.0748001 0.0784902 0.0764661 0.0720211 0.0919980 0.0855731 0.0491440 0.0845348 0.0551101 0.0459915 0.0713558 0.0479295 0.0973554 0.1028669 0.0958467 0.0967752 0.1016280 0.0831349 0.1278920 0.0809378 0.1016000 0.1063254 0.0842021 0.0777145 0.1270938 0.0686075 0.1222284 0.0816419 0.0883951 0.0803454 0.1004405 0.0823546 0.0802186 0.1225651 0.0722353 0.0752708 0.0738694 0.0291318 0.0580263 0.0551970 0.1166453 0.0425746 0.0439571 0.0981044 0.0987606 0.1179706 0.0844852 0.0867015 0.0673776 0.0753376 0.0790450 0.0998332 0.0607946 0.0846612 0.0780946 0.0592961 0.0842800 0.0733824 0.0264808 0.0729547 0.0716501 0.0624867 0.0812697 0.0610618 0.0754345 0.0873401 0.0816654 0.0665243 0.0781015 0.0371237 0.0685254 0.0537219 0.0701274 0.0716950 0.0739942 0.0769652 0.0580059 0.0833602 0.0742884 0.0913767 0.0638331 0.0636865 0.0845217 0.0700711 
S0335         0.1660962 0.0532883 0.0518528 0.0818247 0.0671471 0.0684984 0.0922054 0.0776000 0.0394050 0.0725818 0.0889162 0.0678699 0.0811229 0.0857378 0.0799962 0.1205421 0.0814358 0.0000000 0.0303930 0.0944193 0.0759195 0.0657096 0.0669879 0.0779739 0.0618185 0.0691009 0.0507853 0.0793504 0.0838861 0.0976780 0.0738923 0.0596249 0.0754121 0.0899485 0.0754216 0.0608043 0.0767559 0.0797176 0.0672093 0.0755424 0.0716727 0.0826470 0.0607409 0.0927964 0.1219231 0.0771717 0.0949216 0.0600830 0.0651157 0.0689526 0.0532137 0.0656291 0.0547096 0.0506011 0.0518642 0.0620687 0.0722206 0.0806846 0.0724259 0.0683858 0.0437698 0.0949296 0.0736498 0.0673026 0.0565892 0.0590646 0.0980681 0.0639482 0.1102544 0.0532360 0.0833636 0.1023448 0.0479501 0.0492406 0.1186337 0.0462981 0.1138962 0.0851712 0.0515244 0.0394839 0.0821999 0.0730616 0.0480509 0.1142034 0.0625012 0.0578834 0.0405053 0.0751460 0.0755270 0.0712068 0.0994092 0.0645687 0.0918116 0.0909341 0.0960683 0.1007891 0.0684101 0.0858497 0.0304063 0.0425885 0.0660809 0.0898090 0.0513391 0.0536115 0.0582134 0.0887967 0.0492759 0.0409579 0.0780822 0.0521226 0.0503518 0.1052046 0.0622682 0.0753838 0.0627180 0.0651273 0.0550674 0.0315001 0.0668245 0.0788149 0.0574777 0.0783880 0.0634156 0.0701720 0.0326845 0.0200610 0.0691733 0.0461056 0.0477226 0.0828940 0.0395029 0.0289734 0.0765680 0.0411670 
S0345         0.1826029 0.0482193 0.0469435 0.0544110 0.0615790 0.0676072 0.0990002 0.0564030 0.0234167 0.0697860 0.0639533 0.0467877 0.0000010 0.0782103 0.0604622 0.1739228 0.0545844 0.0303930 0.0000000 0.0882626 0.0606533 0.0646220 0.0642254 0.0544156 0.0725549 0.0489581 0.0366911 0.0729018 0.0873985 0.0948784 0.0570113 0.0688370 0.0807779 0.0809530 0.0486701 0.0617876 0.0679602 0.0574107 0.0524872 0.0575203 0.0636255 0.0616233 0.0493863 0.0882626 0.1233785 0.0666106 0.1045100 0.0626554 0.0727933 0.1061601 0.0416266 0.0558222 0.0445306 0.0389495 0.0467155 0.0579108 0.0556201 0.0710693 0.0577234 0.0525284 0.0411021 0.0499248 0.0629268 0.0625867 0.0657707 0.0653319 0.0671544 0.0585485 0.1118066 0.0433508 0.0781823 0.0948855 0.0464564 0.0520154 0.1299582 0.0388309 0.1199686 0.0000010 0.0565973 0.0459837 0.0786042 0.0725226 0.0261917 0.1203704 0.0584224 0.0578781 0.0280588 0.0542968 0.0575799 0.0636959 0.1296746 0.0535873 0.0604273 0.0658160 0.0912071 0.1276317 0.0639857 0.0718322 0.0044802 0.0260380 0.0621965 0.0628992 0.0521105 0.0362268 0.0613683 0.0656225 0.0335642 0.0259276 0.0488885 0.0581217 0.0414383 0.0929224 0.0585215 0.0633819 0.0532487 0.0610144 0.0388653 0.0306334 0.0760400 0.0549760 0.0579696 0.0720176 0.0580485 0.0725878 0.0089743 0.0229609 0.0632376 0.0355252 0.0437808 0.0596393 0.0333333 0.0281790 0.0668302 0.0464535 
S0355         0.1851151 0.0901966 0.0816198 0.1016751 0.0990535 0.1003434 0.0089412 0.0959521 0.0781460 0.1042082 0.1236417 0.0865776 0.0072778 0.0351457 0.0931192 0.0205210 0.1001897 0.0944193 0.0882626 0.0000000 0.1005769 0.1005842 0.0953113 0.1007175 0.1008129 0.0866186 0.0830587 0.1019917 0.1096809 0.0068768 0.0981021 0.0982301 0.0974491 0.0578190 0.1002651 0.0901587 0.1081695 0.0976080 0.0816982 0.0999562 0.1050451 0.1117833 0.0945779 0.0034128 0.1327802 0.0952751 0.0092362 0.1038327 0.0979582 0.1105452 0.0800556 0.0940060 0.0848111 0.0803086 0.0970695 0.0979996 0.0900447 0.0446827 0.0934737 0.0844764 0.0797054 0.1032681 0.1005851 0.1108087 0.1030124 0.1023581 0.1246469 0.0983439 0.1370002 0.0976624 0.0551897 0.0681116 0.0915889 0.0963576 0.1344320 0.0783497 0.1295407 0.1199919 0.0983149 0.0891273 0.0540150 0.1121082 0.0867564 0.1298976 0.0936615 0.0968872 0.0795810 0.0994024 0.0968336 0.0936347 0.0201145 0.0797737 0.1091809 0.0570800 0.0057180 0.0216847 0.1002182 0.0490656 0.0793420 0.0836514 0.0973197 0.1272334 0.0774764 0.0966312 0.0953062 0.0997375 0.0865637 0.0830973 0.0912893 0.0943388 0.0798945 0.1300747 0.0942689 0.0973739 0.0940099 0.0993931 0.0954822 0.0721141 0.0976838 0.0954681 0.0926759 0.0919332 0.0913786 0.0932156 0.0864528 0.0861464 0.0912848 0.0795069 0.0826830 0.0945327 0.0665637 0.0692435 0.0994939 0.0784192 
S0376         0.1604723 0.0517293 0.0529330 0.0906050 0.0801796 0.0582535 0.0972712 0.0781871 0.0596096 0.0672872 0.0813079 0.0815850 0.0877727 0.0921777 0.0902894 0.0965704 0.0849597 0.0759195 0.0606533 0.1005769 0.0000000 0.0662791 0.0640931 0.0946112 0.0456967 0.0804145 0.0530044 0.0139846 0.0742271 0.1004003 0.0851443 0.0745910 0.0766628 0.1069911 0.0866865 0.0447738 0.0629136 0.0984520 0.0775379 0.0723973 0.0580456 0.0712415 0.0686896 0.0983915 0.1213401 0.0700918 0.1027631 0.0834428 0.0501588 0.0739901 0.0585638 0.0643018 0.0603342 0.0547330 0.0756330 0.0686168 0.0819329 0.0808481 0.0701944 0.0748216 0.0601929 0.1060242 0.0968078 0.0952346 0.0740940 0.0716408 0.0797281 0.0726771 0.1141211 0.0643414 0.0859084 0.1019031 0.0717991 0.0712646 0.1101619 0.0545708 0.1104088 0.0748845 0.0837594 0.0641862 0.0861996 0.0667117 0.0625198 0.1108078 0.0545231 0.0544259 0.0596478 0.0863916 0.0726328 0.0741240 0.1219486 0.0738261 0.1071158 0.1017547 0.1007658 0.1205678 0.0659930 0.0835445 0.0646855 0.0640154 0.0600160 0.0871214 0.0482543 0.0783986 0.0508222 0.0987014 0.0696946 0.0636598 0.0922608 0.0537181 0.0527884 0.0992709 0.0704515 0.0706080 0.0584901 0.0762514 0.0744094 0.0503188 0.0448944 0.0761321 0.0469276 0.0781605 0.0541017 0.0506472 0.0677186 0.0675706 0.0682875 0.0733997 0.0638233 0.0939901 0.0453158 0.0485254 0.0140529 0.0565136 
S0400         0.1958224 0.0325390 0.0600726 0.0862167 0.0806005 0.0165901 0.0995617 0.0777874 0.0570067 0.0248637 0.0678882 0.0729969 0.0850866 0.0903687 0.0828299 0.1314592 0.0816743 0.0657096 0.0646220 0.1005842 0.0662791 0.0000000 0.0240228 0.0796456 0.0653401 0.0721184 0.0617682 0.0746317 0.0889921 0.1039421 0.0769605 0.0852595 0.0706656 0.1087113 0.0817364 0.0359008 0.0242389 0.0820525 0.0714153 0.0771871 0.0701806 0.0284720 0.0690789 0.0989125 0.1146711 0.0663327 0.1025919 0.0872657 0.0293013 0.0956919 0.0601587 0.0153936 0.0645758 0.0602683 0.0811651 0.0704483 0.0735143 0.0772039 0.0770436 0.0711309 0.0555392 0.0949786 0.0995663 0.0913353 0.0813388 0.0828111 0.0784368 0.0770046 0.1150541 0.0688269 0.0873406 0.1101502 0.0736884 0.0736148 0.1159966 0.0584980 0.1112586 0.0967118 0.0776159 0.0655690 0.0861691 0.0509501 0.0666677 0.1115593 0.0153283 0.0372136 0.0594218 0.0798291 0.0802525 0.0787731 0.1025910 0.0631421 0.0917096 0.0979132 0.1022848 0.1017818 0.0177131 0.0853410 0.0544249 0.0648678 0.0204180 0.0311383 0.0329645 0.0723529 0.0384825 0.0871451 0.0707503 0.0616058 0.0760573 0.0316982 0.0599616 0.1074218 0.0751904 0.0806985 0.0117534 0.0811672 0.0755819 0.0523737 0.0344062 0.0777331 0.0280050 0.0814266 0.0279732 0.0598044 0.0641608 0.0609890 0.0705680 0.0656061 0.0583492 0.0828921 0.0497502 0.0496392 0.0733477 0.0571232 
S0405         0.1883507 0.0351040 0.0640820 0.0875338 0.0834562 0.0239730 0.0992629 0.0805468 0.0610658 0.0300887 0.0706295 0.0726611 0.0753062 0.0885282 0.0871465 0.1219891 0.0859962 0.0669879 0.0642254 0.0953113 0.0640931 0.0240228 0.0000000 0.0809490 0.0637023 0.0763394 0.0647844 0.0730615 0.0884931 0.0986064 0.0843396 0.0879962 0.0784620 0.1000773 0.0860613 0.0396724 0.0254705 0.0847280 0.0726269 0.0798948 0.0729953 0.0336616 0.0687600 0.0936708 0.1178380 0.0711030 0.0941695 0.0780653 0.0305152 0.0951520 0.0598832 0.0202717 0.0672135 0.0628915 0.0839750 0.0701230 0.0809312 0.0782902 0.0797461 0.0753707 0.0595841 0.1026142 0.0950455 0.0943007 0.0841298 0.0840047 0.0839143 0.0797059 0.1134702 0.0686648 0.0793594 0.1079939 0.0762367 0.0762833 0.1160431 0.0611013 0.1113005 0.1204578 0.0803825 0.0639286 0.0781855 0.0607345 0.0708676 0.1116023 0.0201850 0.0467011 0.0663700 0.0841228 0.0815744 0.0785065 0.0975004 0.0716638 0.0961450 0.0944007 0.0969791 0.0988915 0.0202271 0.0834413 0.0556214 0.0675164 0.0229048 0.0422971 0.0383170 0.0764901 0.0409324 0.0898647 0.0717823 0.0642294 0.0819627 0.0422437 0.0625717 0.1112042 0.0778759 0.0834319 0.0190233 0.0807893 0.0782808 0.0563656 0.0343352 0.0819788 0.0305164 0.0858092 0.0330303 0.0610802 0.0637782 0.0621756 0.0732317 0.0726130 0.0624171 0.0810008 0.0495744 0.0536102 0.0718112 0.0611923 
S0407sl       0.1942974 0.0725432 0.0784977 0.0332809 0.0955664 0.0825366 0.1105973 0.0327564 0.0702372 0.0815825 0.1128645 0.0317712 0.1120673 0.0989238 0.0329588 0.1277656 0.0382111 0.0779739 0.0544156 0.1007175 0.0946112 0.0796456 0.0809490 0.0000000 0.0858605 0.0226463 0.0642500 0.0913052 0.0426320 0.1040346 0.0493877 0.0916909 0.0941079 0.1070613 0.0264409 0.0788915 0.0881368 0.0330069 0.0453818 0.0630736 0.0820744 0.0909846 0.0893926 0.0959957 0.1319234 0.0915577 0.1045159 0.0744063 0.0744238 0.1089730 0.0769508 0.0764977 0.0816540 0.0771927 0.0905226 0.0927481 0.0511131 0.0915277 0.0590525 0.0480422 0.0692361 0.0509056 0.0934196 0.1044080 0.0958220 0.0953314 0.1129663 0.0933780 0.1277036 0.0753664 0.1057493 0.1093170 0.0845414 0.0828791 0.1325925 0.0737347 0.1277214 0.0857016 0.0900678 0.0760936 0.1045999 0.0832913 0.0822659 0.1280723 0.0762291 0.0759660 0.0715372 0.0276467 0.0619965 0.0578451 0.1203774 0.0478239 0.0426038 0.1047367 0.0993001 0.1242035 0.0855310 0.0937673 0.0695563 0.0724857 0.0801120 0.1034651 0.0694615 0.0879805 0.0761153 0.0598503 0.0794432 0.0721412 0.0277139 0.0740163 0.0767964 0.0359077 0.0914407 0.0647843 0.0765030 0.0944345 0.0806369 0.0654935 0.0761230 0.0411282 0.0695081 0.0557400 0.0711967 0.0741174 0.0808220 0.0775476 0.0617098 0.0820384 0.0721281 0.0981424 0.0646149 0.0627021 0.0884704 0.0708142 
S0412sl       0.1536514 0.0497135 0.0602868 0.0764868 0.0800712 0.0675211 0.1069103 0.0776626 0.0688829 0.0704347 0.0468287 0.0775023 0.0819116 0.0841555 0.0837838 0.1294848 0.0839484 0.0618185 0.0725549 0.1008129 0.0456967 0.0653401 0.0637023 0.0858605 0.0000000 0.0760330 0.0538102 0.0582477 0.0983418 0.1030511 0.0724894 0.0889228 0.0494490 0.0887347 0.0859077 0.0454677 0.0734462 0.0835465 0.0765291 0.0786276 0.0530643 0.0742858 0.0674991 0.0987333 0.1342865 0.0488024 0.1035421 0.0723292 0.0647010 0.0880180 0.0584463 0.0614975 0.0640580 0.0583570 0.0803860 0.0733651 0.0809323 0.0755891 0.0748542 0.0745703 0.0595228 0.0778454 0.0977513 0.0940917 0.0798349 0.0806739 0.0497944 0.0757214 0.1216069 0.0615621 0.0829223 0.0988300 0.0770337 0.0773848 0.1295585 0.0564933 0.1273663 0.0914914 0.0845915 0.0673742 0.0811952 0.0670869 0.0678346 0.1255743 0.0636247 0.0455571 0.0649457 0.0836288 0.0747313 0.0765275 0.1112034 0.0733391 0.0913405 0.0976888 0.1008252 0.1103955 0.0685408 0.0760689 0.0561903 0.0677617 0.0569605 0.0650110 0.0352526 0.0784408 0.0579485 0.0932134 0.0712826 0.0670936 0.0850373 0.0502850 0.0582731 0.1156876 0.0755798 0.0828508 0.0599533 0.0792959 0.0768862 0.0543462 0.0610946 0.0762518 0.0486672 0.0880011 0.0554251 0.0565372 0.0670717 0.0632342 0.0687912 0.0742038 0.0649945 0.0798312 0.0507129 0.0543279 0.0549342 0.0543035 
S0417         0.1834777 0.0621413 0.0638050 0.0242000 0.0830293 0.0719524 0.0920515 0.0213439 0.0546631 0.0692509 0.1012741 0.0254174 0.0886901 0.0834084 0.0202291 0.1087956 0.0240703 0.0691009 0.0489581 0.0866186 0.0804145 0.0721184 0.0763394 0.0226463 0.0760330 0.0000000 0.0543461 0.0807153 0.0261704 0.0898039 0.0386938 0.0778958 0.0830276 0.0979500 0.0177925 0.0639738 0.0772934 0.0240339 0.0375997 0.0536177 0.0730844 0.0799289 0.0742343 0.0820599 0.1215537 0.0793692 0.0900971 0.0682394 0.0669742 0.0948615 0.0652254 0.0690399 0.0668148 0.0625215 0.0724729 0.0774197 0.0459506 0.0779144 0.0466919 0.0388960 0.0577256 0.0313342 0.0846440 0.0857493 0.0834511 0.0830274 0.0975343 0.0779315 0.1188631 0.0636203 0.0944912 0.0970461 0.0710514 0.0694662 0.1220214 0.0592789 0.1172513 0.0655097 0.0735832 0.0673124 0.0933321 0.0757637 0.0644563 0.1175689 0.0658485 0.0656230 0.0573670 0.0069578 0.0495148 0.0481749 0.1086425 0.0384799 0.0293083 0.0895298 0.0852297 0.1099890 0.0748692 0.0799871 0.0537894 0.0596806 0.0708094 0.0938406 0.0531441 0.0743802 0.0657490 0.0505633 0.0680747 0.0578392 0.0165093 0.0623422 0.0622051 0.0444247 0.0761212 0.0552554 0.0660803 0.0820741 0.0686923 0.0501787 0.0686208 0.0241179 0.0594145 0.0476866 0.0582365 0.0668562 0.0661408 0.0630465 0.0491790 0.0645463 0.0605250 0.0876277 0.0478506 0.0475001 0.0779299 0.0564704 
S0419         0.1643486 0.0458178 0.0052794 0.0696696 0.0236573 0.0563632 0.0811249 0.0641780 0.0353215 0.0634124 0.0795000 0.0592454 0.0790608 0.0796623 0.0663340 0.1139013 0.0614389 0.0507853 0.0366911 0.0830587 0.0530044 0.0617682 0.0647844 0.0642500 0.0538102 0.0543461 0.0000000 0.0699328 0.0723775 0.0849632 0.0631501 0.0645103 0.0653548 0.0962523 0.0649075 0.0500361 0.0674067 0.0655866 0.0553803 0.0580179 0.0594049 0.0747638 0.0206180 0.0795695 0.1088970 0.0632646 0.0869816 0.0568722 0.0595629 0.0766367 0.0066133 0.0531844 0.0052921 0.0039599 0.0525480 0.0248775 0.0589911 0.0741969 0.0579013 0.0518020 0.0338343 0.0771983 0.0742790 0.0739932 0.0660813 0.0637547 0.0886298 0.0220071 0.1094609 0.0398919 0.0728900 0.0913686 0.0526154 0.0542687 0.1053924 0.0026181 0.1036948 0.0642007 0.0604184 0.0428250 0.0750122 0.0667441 0.0436103 0.1021669 0.0548614 0.0518400 0.0427291 0.0593840 0.0613026 0.0597059 0.0972369 0.0507880 0.0753624 0.0871039 0.0814640 0.0989265 0.0613960 0.0800216 0.0401600 0.0387953 0.0638192 0.0822380 0.0464881 0.0548875 0.0549322 0.0674995 0.0495892 0.0385852 0.0642339 0.0512419 0.0065905 0.0797831 0.0205223 0.0632599 0.0500812 0.0247279 0.0531084 0.0305506 0.0663713 0.0578954 0.0496593 0.0607992 0.0544093 0.0544021 0.0462608 0.0460232 0.0510438 0.0490512 0.0384037 0.0730543 0.0261632 0.0291024 0.0614630 0.0370109 
S0427         0.1731239 0.0557967 0.0703543 0.0887017 0.0888777 0.0715595 0.1027615 0.0851674 0.0680306 0.0741942 0.0875777 0.0803504 0.0909616 0.0958097 0.0898969 0.1223605 0.0843399 0.0793504 0.0729018 0.1019917 0.0139846 0.0746317 0.0730615 0.0913052 0.0582477 0.0807153 0.0699328 0.0000000 0.0875605 0.1053132 0.0853934 0.0811428 0.0785057 0.1059773 0.0907931 0.0606884 0.0768675 0.0961197 0.0800416 0.0828545 0.0582171 0.0855664 0.0811774 0.1003382 0.1435817 0.0788298 0.1056602 0.0887387 0.0662248 0.0833463 0.0732773 0.0730996 0.0749346 0.0705046 0.0801322 0.0813695 0.0833607 0.0870369 0.0796165 0.0765853 0.0635718 0.0984992 0.0917768 0.0979400 0.0771681 0.0788828 0.0823825 0.0768370 0.1408137 0.0749686 0.0980319 0.1127931 0.0745657 0.0778629 0.1399217 0.0657664 0.1349179 0.0853728 0.0863117 0.0757887 0.0968723 0.0700155 0.0780077 0.1352968 0.0654897 0.0636630 0.0695102 0.0852643 0.0814436 0.0843547 0.1176430 0.0761108 0.1041964 0.1019706 0.1036743 0.1189524 0.0744607 0.0923546 0.0704817 0.0748370 0.0656686 0.0839553 0.0454678 0.0780291 0.0580811 0.0973033 0.0791718 0.0743441 0.0882853 0.0631423 0.0701417 0.1115400 0.0750265 0.0846852 0.0685802 0.0839757 0.0781537 0.0650492 0.0619402 0.0836171 0.0548569 0.0871358 0.0617348 0.0579149 0.0761687 0.0743331 0.0763820 0.0784835 0.0664249 0.0940753 0.0553316 0.0622211 0.0177371 0.0625223 
S0428sl       0.1861248 0.0719477 0.0802167 0.0396186 0.1046990 0.0846773 0.1209870 0.0374847 0.0780934 0.0857488 0.1171533 0.0345441 0.0872708 0.1056343 0.0341505 0.0931968 0.0429704 0.0838861 0.0873985 0.1096809 0.0742271 0.0889921 0.0884931 0.0426320 0.0983418 0.0261704 0.0723775 0.0875605 0.0000000 0.1094972 0.0559874 0.0909833 0.0967141 0.1138403 0.0311199 0.0719072 0.0935259 0.0392651 0.0455700 0.0625961 0.0964605 0.0887949 0.0921621 0.1034863 0.1155940 0.0902553 0.1123118 0.0855380 0.0739735 0.0879817 0.0840130 0.0848720 0.0859080 0.0801638 0.0938712 0.0920661 0.0603336 0.1040123 0.0590660 0.0541552 0.0747059 0.0458771 0.1223191 0.1051941 0.0957983 0.0994925 0.1243154 0.0969511 0.1147312 0.0863404 0.1119814 0.1161588 0.0938095 0.0931194 0.1140066 0.0779377 0.1101534 0.0499147 0.0917404 0.0875683 0.1121261 0.0858222 0.0838267 0.1105306 0.0805597 0.0783169 0.0815748 0.0292806 0.0629378 0.0591311 0.1464031 0.0601346 0.0447629 0.1026050 0.1058352 0.1447237 0.0846875 0.1071011 0.0694414 0.0851397 0.0865783 0.1235010 0.0667585 0.0991604 0.0725956 0.0681146 0.0843752 0.0826734 0.0324644 0.0661948 0.0781188 0.0478155 0.0944444 0.0609270 0.0809315 0.1003356 0.0961554 0.0642571 0.0800676 0.0360514 0.0685450 0.0567770 0.0704157 0.0800448 0.0821120 0.0758950 0.0589220 0.0917863 0.0783219 0.1036908 0.0684296 0.0624678 0.0906954 0.0728541 
