133
PAFTOL_019361 0.0000000 0.1854928 0.1696373 0.2136277 0.2049084 0.1866535 0.2201627 0.1968817 0.1877314 0.2012548 0.1992274 0.2134351 0.2118313 0.2136134 0.2029055 0.2131716 0.2125906 0.1994034 0.2035229 0.2152300 0.1648250 0.1923787 0.1914351 0.2081537 0.2100216 0.1991201 0.1754271 0.1928641 0.2069924 0.2040865 0.1892007 0.1854905 0.1978325 0.1995385 0.1977359 0.1933719 0.2085920 0.2193809 0.1499773 0.1913363 0.1866975 0.1935642 0.1851516 0.2143376 0.2341233 0.2024578 0.2135754 0.2133806 0.1852835 0.1891032 0.1774931 0.1979204 0.1787779 0.1839162 0.2017717 0.1878044 0.1729303 0.2194000 0.1827040 0.1512301 0.1880220 0.2037324 0.1958489 0.1950253 0.1926349 0.1927105 0.2102249 0.1898820 0.2081438 0.1981943 0.1779940 0.2157460 0.1990629 0.2157128 0.2007405 0.1800398 0.2295778 0.1793617 0.1981290 0.2103529 0.1897406 0.2023390 0.2065343 0.2349834 0.1868267 0.1987273 0.1882792 0.1912446 0.1882670 0.1924276 0.1911851 0.1882638 0.2024002 0.1930632 0.2129182 0.2083109 0.1876482 0.2157907 0.2064807 0.1857058 0.1954463 0.1870050 0.2007993 0.2078248 0.1990814 0.1961542 0.1873602 0.1866585 0.2146795 0.2016471 0.1807989 0.2144734 0.1886839 0.1960141 0.1909580 0.2040892 0.1647725 0.1912758 0.2044309 0.1969015 0.1622866 0.1990735 0.1938288 0.2135513 0.1843690 0.1903020 0.1822590 0.1867850 0.2121303 0.1790945 0.1960201 0.1905327 0.1883562 
S0055         0.1854928 0.0000000 0.0812813 0.1005443 0.1157364 0.0395642 0.1015806 0.0903503 0.0674036 0.0604131 0.0579163 0.0985125 0.0971518 0.0985472 0.0907374 0.0973256 0.0924650 0.0900704 0.0794442 0.0982847 0.0582894 0.0447008 0.0477369 0.0943220 0.0626232 0.0860676 0.0664140 0.0660061 0.0861950 0.0957732 0.0822144 0.0810238 0.0576569 0.0970256 0.0919194 0.0546397 0.0475689 0.1006175 0.0638987 0.0934774 0.0488873 0.0492962 0.0913773 0.0974611 0.1511000 0.0563152 0.1012387 0.0973600 0.0419986 0.0834494 0.0676822 0.0453927 0.0658161 0.0708219 0.0827732 0.0905125 0.0709409 0.1098522 0.0841349 0.0632846 0.0535512 0.0831800 0.0817178 0.0858891 0.0785042 0.0792652 0.0751597 0.0931847 0.1355239 0.0869934 0.1096731 0.1002056 0.0827838 0.0868310 0.1202059 0.0677191 0.1431986 0.0735062 0.0910589 0.0953680 0.0925655 0.0548583 0.0810376 0.1411858 0.0406972 0.0608724 0.0693623 0.0854796 0.0845755 0.0846116 0.0945419 0.0796412 0.0934315 0.0969802 0.1029332 0.0944955 0.0430711 0.1036456 0.0889224 0.0721977 0.0414884 0.0368130 0.0211346 0.0857945 0.0461269 0.0835845 0.0726433 0.0720684 0.1072716 0.0596683 0.0681357 0.0975812 0.0901376 0.0868595 0.0409941 0.0777045 0.0501862 0.0484554 0.0965652 0.0466248 0.0700433 0.0340047 0.0495046 0.0863675 0.0803064 0.0923330 0.0676486 0.0553623 0.1069865 0.0673348 0.0774258 0.0602151 0.0623327 
S0196sl       0.1696373 0.0812813 0.0000000 0.0971586 0.0837074 0.0823358 0.0838179 0.0891957 0.0704728 0.0876874 0.1013970 0.0988306 0.0859702 0.0926422 0.0936361 0.0919383 0.0957557 0.0861565 0.0763572 0.0893309 0.0908609 0.0843963 0.0901683 0.0936388 0.0958803 0.0874746 0.0165091 0.0913715 0.0799067 0.0848528 0.0706984 0.0806063 0.1017451 0.1076150 0.0857760 0.1087607 0.0927300 0.1087615 0.0764079 0.0923777 0.0799041 0.0870266 0.0487344 0.0891748 0.1587448 0.0865578 0.0913596 0.0750951 0.0942490 0.0869600 0.0188441 0.0924521 0.0181191 0.0212383 0.0933902 0.0485695 0.0737776 0.1201299 0.0870993 0.0703665 0.0586010 0.0807156 0.0806488 0.0892985 0.0778027 0.0769158 0.0931561 0.0591616 0.1364375 0.0966089 0.1208217 0.1131835 0.0828647 0.0926358 0.1288143 0.0157327 0.1571167 0.0664857 0.0976009 0.1019071 0.0967519 0.1021251 0.0839886 0.1570050 0.0844328 0.1022397 0.0724364 0.0844544 0.0901028 0.0873422 0.0877504 0.0859289 0.0981169 0.0981312 0.0904991 0.0893471 0.0854261 0.1136186 0.0848659 0.0774073 0.0902806 0.0781654 0.0843927 0.0944674 0.0949496 0.0929148 0.0812310 0.0761953 0.0957935 0.0991151 0.0187951 0.0988172 0.0554297 0.0895414 0.0851845 0.0750425 0.0614695 0.0943516 0.0980368 0.0923180 0.0764428 0.0901640 0.0790497 0.0830834 0.0824730 0.0968113 0.0733230 0.0595063 0.1166361 0.0481522 0.0835087 0.0870820 0.0681752 
S0278         0.2136277 0.1005443 0.0971586 0.0000000 0.1405687 0.1088125 0.1182075 0.0517174 0.0961946 0.1304820 0.1279900 0.0561441 0.1147062 0.1200078 0.0495176 0.1129234 0.0501653 0.1140199 0.1020000 0.1125388 0.1080599 0.1118577 0.1154015 0.0546854 0.1250108 0.0470990 0.0953568 0.1197117 0.0517349 0.1099063 0.0658649 0.1091817 0.1137506 0.1146601 0.0431504 0.1305305 0.1157983 0.0509436 0.0664769 0.0888146 0.1107791 0.1090431 0.1260964 0.1116680 0.1616844 0.1187227 0.1133280 0.1105507 0.1082192 0.1134857 0.0954438 0.1135850 0.0961668 0.0954588 0.1192803 0.1259353 0.0656709 0.1373916 0.0797136 0.0575569 0.0896040 0.1048064 0.1086559 0.1147800 0.1064837 0.1047296 0.1478986 0.1223263 0.1463885 0.1105555 0.1269701 0.1251111 0.1068672 0.1146485 0.1347035 0.0948797 0.1599142 0.0747335 0.1181698 0.1257311 0.1119653 0.1197652 0.1122638 0.1582504 0.1088857 0.1333127 0.0994123 0.0448248 0.0783460 0.0814299 0.1119022 0.0764098 0.0414905 0.1065086 0.1183868 0.1108187 0.1125605 0.1281121 0.1209294 0.1006886 0.1114275 0.1060567 0.1031252 0.1202492 0.1158346 0.0798380 0.0978389 0.1017498 0.0575381 0.1309108 0.0983692 0.0520646 0.1193672 0.0805811 0.1079318 0.1036170 0.0834524 0.1152209 0.0497873 0.1159745 0.0630248 0.1056830 0.1130386 0.1082179 0.1098512 0.0890354 0.0957085 0.0902892 0.1404866 0.0952535 0.1023257 0.1171076 0.0944744 
S0281         0.2049084 0.1157364 0.0837074 0.1405687 0.0000000 0.1251173 0.1251924 0.1264603 0.1084716 0.1524592 0.1455861 0.1399733 0.1220142 0.1304053 0.1304064 0.1216411 0.1308038 0.1143672 0.1027332 0.1206965 0.1202999 0.1334347 0.1308228 0.1319519 0.1321059 0.1312079 0.0642737 0.1301139 0.1291087 0.1173796 0.1178842 0.1174458 0.1308871 0.1310591 0.1321325 0.1437649 0.1391868 0.1380395 0.1025486 0.1359475 0.1254118 0.1292454 0.0666628 0.1211327 0.1916936 0.1307843 0.1256857 0.1354265 0.1280581 0.1196644 0.0680540 0.1340207 0.0674999 0.0681924 0.1247765 0.0628398 0.1175995 0.1486953 0.1313367 0.1059714 0.0968999 0.1153933 0.1187702 0.1232401 0.1113898 0.1146167 0.1597721 0.0951038 0.1714720 0.1266475 0.1348752 0.1391521 0.1192424 0.1254858 0.1556877 0.0680767 0.1931324 0.1127405 0.1320451 0.1316178 0.1132224 0.1397796 0.1168107 0.1902263 0.1280530 0.1491930 0.1114907 0.1253416 0.1324811 0.1332666 0.1187497 0.1265686 0.1298152 0.1264861 0.1285691 0.1226511 0.1281802 0.1375419 0.1166065 0.1051973 0.1287812 0.1206820 0.1180610 0.1260408 0.1310126 0.1327112 0.1163898 0.1105136 0.1367016 0.1490751 0.0691145 0.1369508 0.0920176 0.1336932 0.1261939 0.1212617 0.0914020 0.1334177 0.1333016 0.1287830 0.1093269 0.1278025 0.1291600 0.1095461 0.1140780 0.1395390 0.1092077 0.0945202 0.1433888 0.0958484 0.1162770 0.1275453 0.1108385 
S0282         0.1866535 0.0395642 0.0823358 0.1088125 0.1251173 0.0000000 0.1069515 0.0969974 0.0735264 0.0292031 0.0494077 0.1084876 0.1044493 0.1102796 0.1046715 0.1095264 0.1001403 0.0949930 0.0849374 0.1085033 0.0639023 0.0118201 0.0205390 0.1015437 0.0739012 0.0911239 0.0717021 0.0750923 0.0922431 0.1053588 0.0827047 0.0870276 0.0697776 0.1094669 0.1002759 0.0423899 0.0201771 0.1081152 0.0703457 0.0971231 0.0536483 0.0193287 0.0980080 0.1083185 0.1578143 0.0672008 0.1092366 0.0995292 0.0299857 0.0900988 0.0717646 0.0138688 0.0706283 0.0760539 0.0902759 0.0985254 0.0769773 0.1252783 0.0854515 0.0739476 0.0618083 0.0951045 0.0877898 0.0911361 0.0857856 0.0856127 0.0620581 0.1009889 0.1391542 0.0906438 0.1224047 0.1180876 0.0894731 0.0942656 0.1287710 0.0712209 0.1524655 0.0797865 0.1021296 0.1026980 0.1000631 0.0504883 0.0928797 0.1557928 0.0088219 0.0483013 0.0751162 0.0894624 0.0858074 0.0870787 0.1033241 0.0879470 0.1029386 0.1045624 0.1100680 0.1027377 0.0174098 0.1227392 0.0987562 0.0781202 0.0128747 0.0145524 0.0438269 0.0948363 0.0403207 0.0900105 0.0805534 0.0797324 0.1111517 0.0436330 0.0727999 0.1057457 0.0986665 0.0905990 0.0083770 0.0861411 0.0578214 0.0348267 0.1086497 0.0342679 0.0763967 0.0321090 0.0553364 0.0939073 0.0907265 0.0960715 0.0766379 0.0629951 0.1164510 0.0706645 0.0869255 0.0698735 0.0707241 
S0288         0.2201627 0.1015806 0.0838179 0.1182075 0.1251924 0.1069515 0.0000000 0.1095253 0.0934904 0.1092034 0.1241908 0.1213896 0.0182732 0.0661618 0.1184328 0.0301793 0.1112039 0.1108312 0.0972556 0.0286086 0.1205883 0.1148068 0.1142656 0.1134883 0.1242620 0.1052724 0.0850745 0.1275357 0.0941980 0.0160764 0.0986876 0.1081164 0.1246317 0.0736038 0.1105395 0.1279864 0.1116219 0.1301614 0.0923704 0.1253935 0.1112197 0.1105685 0.1131594 0.0274216 0.1784730 0.1200230 0.0203843 0.1044467 0.1127013 0.1093738 0.0870945 0.1159666 0.0865275 0.0883114 0.1139024 0.1131866 0.1028821 0.0835351 0.1185654 0.0893004 0.0856480 0.0436999 0.1042036 0.1141971 0.1047258 0.1022268 0.1286200 0.1114390 0.1632283 0.1114457 0.0866915 0.0870616 0.1061241 0.1128466 0.1484881 0.0863656 0.1753444 0.0912842 0.1166279 0.1177151 0.0713104 0.1218646 0.1064316 0.1733326 0.1110607 0.1366205 0.0899286 0.1072706 0.1157772 0.1199628 0.0219378 0.1102701 0.1182071 0.0712380 0.0180808 0.0166104 0.1112462 0.0809948 0.1143974 0.0984287 0.1116748 0.1065769 0.1069267 0.1099291 0.1224448 0.1079958 0.1039893 0.1003165 0.1240780 0.1306565 0.0888211 0.1094854 0.1078028 0.1199139 0.1099392 0.1075053 0.0783217 0.1167518 0.1199350 0.1171115 0.0953323 0.1053905 0.1139694 0.1060828 0.1089012 0.1241442 0.0960033 0.0876674 0.1319285 0.0893484 0.0958883 0.1205345 0.0925144 
S0289         0.1968817 0.0903503 0.0891957 0.0517174 0.1264603 0.0969974 0.1095253 0.0000000 0.0899564 0.1193018 0.1118487 0.0516696 0.1024386 0.1060320 0.0507644 0.1054885 0.0437075 0.0991470 0.0864512 0.1031575 0.0978180 0.0954616 0.1014586 0.0489152 0.1153148 0.0383907 0.0841351 0.1071820 0.0407419 0.1012099 0.0603091 0.0963634 0.1082192 0.1030562 0.0431005 0.1122300 0.1050884 0.0525563 0.0549810 0.0824976 0.0980000 0.0987980 0.1130769 0.1042311 0.1563501 0.1056017 0.1031804 0.1003944 0.0942153 0.1013628 0.0848423 0.1049013 0.0842170 0.0893884 0.1035781 0.1102539 0.0570438 0.1249458 0.0721803 0.0505042 0.0791369 0.0909173 0.0963830 0.1011193 0.0937034 0.0921374 0.1341404 0.1142933 0.1454804 0.0985771 0.1131798 0.1193016 0.1000213 0.1050617 0.1341424 0.0842763 0.1545558 0.0744850 0.1035201 0.1091319 0.1006660 0.1081487 0.1037438 0.1565490 0.0983464 0.1180704 0.0832632 0.0351098 0.0703349 0.0727778 0.0998827 0.0685219 0.0459325 0.1006114 0.1078157 0.0985852 0.0986097 0.1202073 0.1048592 0.0913583 0.0995242 0.0932861 0.0911119 0.1073109 0.1029131 0.0631239 0.0936400 0.0925159 0.0449295 0.1151376 0.0865273 0.0478053 0.1119437 0.0749343 0.0979414 0.0994800 0.0741284 0.0982339 0.0455091 0.0972681 0.0577583 0.0918047 0.1024669 0.0915321 0.0945264 0.0800631 0.0886928 0.0804128 0.1256228 0.0824488 0.0900029 0.1040298 0.0846357 
S0292         0.1877314 0.0674036 0.0704728 0.0961946 0.1084716 0.0735264 0.0934904 0.0899564 0.0000000 0.0919147 0.0968492 0.0991721 0.0860223 0.0926206 0.0933319 0.0871923 0.0867429 0.0622505 0.0506212 0.0860232 0.0776454 0.0798467 0.0792265 0.0890645 0.0901812 0.0770948 0.0563194 0.0841601 0.0816177 0.0855797 0.0755336 0.0666081 0.0850762 0.0900104 0.0832589 0.0918991 0.0825865 0.0965537 0.0693542 0.0876765 0.0756220 0.0779681 0.0794225 0.0866356 0.1518443 0.0867945 0.0880609 0.0819477 0.0792725 0.0708631 0.0576156 0.0807654 0.0570014 0.0606214 0.0775701 0.0773280 0.0741917 0.1108514 0.0811012 0.0645901 0.0447017 0.0739924 0.0679317 0.0744457 0.0648393 0.0665872 0.1063339 0.0808572 0.1372853 0.0771099 0.1109100 0.0988530 0.0669484 0.0730446 0.1266459 0.0582228 0.1476501 0.0737033 0.0837277 0.0753022 0.0907473 0.0907534 0.0404077 0.1495407 0.0729834 0.1026781 0.0516318 0.0796535 0.0821969 0.0834754 0.0839283 0.0845520 0.0939636 0.0871628 0.0926695 0.0856092 0.0774402 0.1037219 0.0610662 0.0119697 0.0757512 0.0728661 0.0750873 0.0480919 0.0826285 0.0838268 0.0155086 0.0139800 0.1002738 0.0964822 0.0603765 0.0889283 0.0797147 0.0845125 0.0730356 0.0345650 0.0392897 0.0852374 0.0944609 0.0806630 0.0698222 0.0698899 0.0770649 0.0571524 0.0559647 0.0878444 0.0563711 0.0458411 0.0980899 0.0566901 0.0547968 0.0780605 0.0542271 
S0293         0.2012548 0.0604131 0.0876874 0.1304820 0.1524592 0.0292031 0.1092034 0.1193018 0.0919147 0.0000000 0.0710208 0.1260730 0.1213522 0.1302085 0.1278592 0.1259148 0.1223626 0.1114107 0.1077500 0.1268051 0.0883404 0.0298084 0.0405523 0.1192099 0.0922308 0.1142877 0.0976807 0.0956893 0.1070231 0.1234267 0.1006036 0.1060085 0.0918879 0.1299611 0.1214551 0.0664675 0.0349770 0.1296156 0.0956986 0.1122206 0.0717167 0.0444740 0.1218029 0.1275098 0.1798058 0.0872483 0.1262636 0.1090105 0.0534268 0.1135125 0.0977817 0.0369663 0.0964296 0.0999694 0.1091033 0.1234663 0.0996400 0.1492801 0.1022932 0.0949010 0.0831868 0.1150966 0.1054302 0.1133014 0.1019986 0.1081125 0.0701398 0.1218868 0.1636767 0.1077370 0.1471525 0.1378154 0.1129135 0.1153251 0.1513280 0.0957345 0.1742308 0.0966051 0.1254339 0.1278370 0.1247793 0.0701135 0.1052997 0.1746482 0.0315649 0.0688627 0.0973589 0.1122165 0.1022765 0.1044274 0.1216100 0.1095621 0.1218093 0.1236448 0.1278052 0.1210648 0.0357043 0.1423403 0.1169956 0.0999664 0.0351811 0.0362484 0.0658498 0.1122766 0.0583761 0.1093775 0.0977128 0.0953687 0.1365235 0.0627756 0.0968964 0.1292057 0.1202343 0.1048175 0.0300345 0.1042831 0.0739272 0.0591019 0.1303963 0.0544950 0.0947420 0.0515144 0.0736098 0.1141180 0.1047601 0.1178669 0.0973681 0.0839499 0.1367402 0.0930515 0.1084083 0.0889991 0.0937053 
S0294         0.1992274 0.0579163 0.1013970 0.1279900 0.1455861 0.0494077 0.1241908 0.1118487 0.0968492 0.0710208 0.0000000 0.1267288 0.1202922 0.1191655 0.1246116 0.1239794 0.1200300 0.1178975 0.1118504 0.1222560 0.0873151 0.0518382 0.0589517 0.1226186 0.0974925 0.1154295 0.0925691 0.0940903 0.1152221 0.1196257 0.1083166 0.1087567 0.0935071 0.1241486 0.1194589 0.0649768 0.0568187 0.1287545 0.0841362 0.1207735 0.0733787 0.0607495 0.1183325 0.1227160 0.1715417 0.0875150 0.1230175 0.1211427 0.0536699 0.1097998 0.0945775 0.0554492 0.0932043 0.0971230 0.1172780 0.1181596 0.0938651 0.1390294 0.1097043 0.0894042 0.0841937 0.1074630 0.1089396 0.1127529 0.1067365 0.1062333 0.0520510 0.1151736 0.1530317 0.1109125 0.1357371 0.1326953 0.1093143 0.1145370 0.1426004 0.0940065 0.1617204 0.1180981 0.1172612 0.1202665 0.1138217 0.0730782 0.1136735 0.1628858 0.0505686 0.0756916 0.0959896 0.1090410 0.1070773 0.1090340 0.1164087 0.1033039 0.1211267 0.1197825 0.1247794 0.1167600 0.0547235 0.1332959 0.1212997 0.1018067 0.0519751 0.0482541 0.0652214 0.1170981 0.0643450 0.1095787 0.1043539 0.1040492 0.1324021 0.0718118 0.0937604 0.1234136 0.1128533 0.1136625 0.0526705 0.1101799 0.0801467 0.0574302 0.1248948 0.0578400 0.0924372 0.0565571 0.0740003 0.1142512 0.1114126 0.1190882 0.0972497 0.0842616 0.1343278 0.0920427 0.1108491 0.0865887 0.0909310 
S0299         0.2134351 0.0985125 0.0988306 0.0561441 0.1399733 0.1084876 0.1213896 0.0516696 0.0991721 0.1260730 0.1267288 0.0000000 0.1137229 0.1223251 0.0559463 0.1175975 0.0530860 0.1130054 0.0918714 0.1177832 0.1063895 0.1115836 0.1144629 0.0549469 0.1266632 0.0522213 0.0884230 0.1195969 0.0555863 0.1122929 0.0725059 0.1075138 0.1138919 0.1116605 0.0522151 0.1239122 0.1142336 0.0636083 0.0670858 0.0926422 0.1130896 0.1119520 0.1159693 0.1168859 0.1565430 0.1163970 0.1151569 0.1128995 0.1048945 0.1144472 0.0897654 0.1172915 0.0904789 0.0943342 0.1168767 0.1151196 0.0656755 0.1345437 0.0848370 0.0566018 0.0846195 0.1059128 0.1078888 0.1110819 0.1067512 0.1053861 0.1438447 0.1149539 0.1460687 0.1041891 0.1247498 0.1232482 0.1105379 0.1137937 0.1362431 0.0879652 0.1549557 0.0850276 0.1179286 0.1204705 0.1086390 0.1235374 0.1143056 0.1540025 0.1105378 0.1296829 0.0945435 0.0442023 0.0834855 0.0859953 0.1173742 0.0760849 0.0484712 0.1062442 0.1174331 0.1118853 0.1114152 0.1264668 0.1144144 0.0991587 0.1111223 0.1023617 0.1079762 0.1198936 0.1147135 0.0760000 0.1028374 0.1027975 0.0556342 0.1247618 0.0914457 0.0592641 0.1126307 0.0856250 0.1101305 0.1072499 0.0831439 0.1103804 0.0495459 0.1101753 0.0646589 0.0995495 0.1136930 0.1066047 0.1047450 0.0903205 0.0972612 0.0859041 0.1332585 0.0935344 0.1001603 0.1165406 0.0931326 
S0303         0.2118313 0.0971518 0.0859702 0.1147062 0.1220142 0.1044493 0.0182732 0.1024386 0.0860223 0.1213522 0.1202922 0.1137229 0.0000000 0.0530666 0.1102277 0.0212419 0.1028119 0.1042465 0.0917752 0.0186701 0.1124947 0.1100210 0.1095066 0.1062834 0.1192200 0.0977737 0.0798535 0.1187957 0.0973812 0.0099431 0.0911133 0.1016557 0.1154843 0.0639770 0.1015412 0.1240851 0.1186766 0.1198855 0.0819431 0.1148279 0.1063126 0.1065418 0.1072773 0.0186406 0.1713938 0.1132105 0.0104167 0.1066591 0.1102820 0.1056477 0.0817791 0.1111100 0.0812340 0.0850096 0.1057638 0.1064302 0.0937288 0.0760519 0.1096289 0.0779715 0.0791566 0.0339278 0.0973643 0.1075398 0.0978692 0.0952656 0.1406667 0.1050936 0.1556762 0.1049644 0.0747716 0.0763065 0.0978341 0.1054351 0.1426865 0.0810885 0.1661245 0.0964936 0.1098702 0.1081207 0.0564990 0.1169231 0.1001805 0.1673820 0.1064590 0.1318831 0.0813202 0.0984194 0.1065461 0.1104810 0.0103760 0.1014436 0.1110375 0.0634378 0.0127642 0.0104431 0.1100616 0.0717352 0.1081653 0.0906026 0.1076776 0.1041608 0.1022977 0.1034686 0.1168194 0.1012054 0.0937985 0.0923827 0.1177225 0.1294857 0.0828339 0.1024375 0.1020784 0.1110651 0.1047586 0.0990835 0.0732616 0.1105464 0.1117921 0.1117309 0.0854758 0.0993057 0.1081758 0.0997355 0.1003280 0.1158850 0.0904692 0.0810008 0.1189059 0.0813619 0.0920120 0.1128732 0.0868883 
S0308         0.2136134 0.0985472 0.0926422 0.1200078 0.1304053 0.1102796 0.0661618 0.1060320 0.0926206 0.1302085 0.1191655 0.1223251 0.0530666 0.0000000 0.1192692 0.0532155 0.1097320 0.1128731 0.0940195 0.0563751 0.1061608 0.1141221 0.1133372 0.1114116 0.1233434 0.1050035 0.0818271 0.1166159 0.1032794 0.0534663 0.1012367 0.1083517 0.1129206 0.0761785 0.1087670 0.1259244 0.1207040 0.1238194 0.0853384 0.1221664 0.1055353 0.1111218 0.1155478 0.0526663 0.1671302 0.1112973 0.0558202 0.1110725 0.1106681 0.1086598 0.0845566 0.1138891 0.0859535 0.0885755 0.1130568 0.1132478 0.0969326 0.0870206 0.1171543 0.0866191 0.0886778 0.0484200 0.1075357 0.1162203 0.1061752 0.1061638 0.1412028 0.1169497 0.1589110 0.1115601 0.0865269 0.0819753 0.1037176 0.1097356 0.1389565 0.0859653 0.1638749 0.0889259 0.1165613 0.1109876 0.0643935 0.1191855 0.1079242 0.1609486 0.1096890 0.1331985 0.0908305 0.1023650 0.1157963 0.1178747 0.0526296 0.1017260 0.1176235 0.0715397 0.0574174 0.0553666 0.1154925 0.0793232 0.1109112 0.0953664 0.1102453 0.1090799 0.1028644 0.1113153 0.1153553 0.1109396 0.1015552 0.0986923 0.1242137 0.1275902 0.0863761 0.1154626 0.1138466 0.1191771 0.1106544 0.1067155 0.0796163 0.1125042 0.1144070 0.1137737 0.0859714 0.1025886 0.1106726 0.1047553 0.1117644 0.1225311 0.0974564 0.0874486 0.1329638 0.0880696 0.1024077 0.1106809 0.0921351 
S0320         0.2029055 0.0907374 0.0936361 0.0495176 0.1304064 0.1046715 0.1184328 0.0507644 0.0933319 0.1278592 0.1246116 0.0559463 0.1102277 0.1192692 0.0000000 0.1136882 0.0515046 0.1118385 0.0987767 0.1127182 0.1119139 0.1089689 0.1111362 0.0538480 0.1261644 0.0489388 0.0872464 0.1159371 0.0531922 0.1069022 0.0721023 0.1089027 0.1114997 0.1093203 0.0503141 0.1213705 0.1147091 0.0566214 0.0687738 0.0885840 0.1094896 0.1085470 0.1181029 0.1098660 0.1639761 0.1167931 0.1116574 0.1097383 0.1057433 0.1113134 0.0879563 0.1133081 0.0886616 0.0904282 0.1135369 0.1152227 0.0682033 0.1352503 0.0805233 0.0605755 0.0847791 0.1030740 0.1082154 0.1124844 0.1049310 0.1028724 0.1409293 0.1170777 0.1421656 0.1070992 0.1260235 0.1164327 0.1090869 0.1122866 0.1383071 0.0860273 0.1600694 0.0917386 0.1174579 0.1252668 0.1068815 0.1166180 0.1099809 0.1622248 0.1066595 0.1263852 0.0959399 0.0443504 0.0817335 0.0848572 0.1091554 0.0777170 0.0535387 0.1015773 0.1116705 0.1071381 0.1103150 0.1284174 0.1164347 0.0992143 0.1052730 0.1024926 0.0994179 0.1137243 0.1094459 0.0790314 0.1000254 0.1003497 0.0472343 0.1240604 0.0908533 0.0522792 0.1147093 0.0840136 0.1055409 0.1024236 0.0854286 0.1112197 0.0567053 0.1076331 0.0649696 0.0968911 0.1108456 0.1062132 0.1075974 0.0893386 0.0955243 0.0847278 0.1353145 0.0925028 0.1010788 0.1118421 0.0922599 
S0322         0.2131716 0.0973256 0.0919383 0.1129234 0.1216411 0.1095264 0.0301793 0.1054885 0.0871923 0.1259148 0.1239794 0.1175975 0.0212419 0.0532155 0.1136882 0.0000000 0.1051581 0.1027735 0.0901016 0.0123781 0.1153922 0.1144751 0.1152684 0.1059436 0.1200091 0.1013898 0.0851496 0.1224529 0.1005032 0.0174657 0.0922536 0.1062348 0.1198298 0.0664995 0.1018083 0.1257432 0.1245236 0.1208716 0.0842324 0.1152038 0.1073830 0.1104127 0.1101246 0.0093298 0.1709056 0.1181358 0.0227116 0.1046031 0.1126139 0.1092840 0.0864598 0.1142904 0.0846274 0.0878539 0.1089745 0.1093285 0.0934459 0.0770706 0.1101296 0.0819702 0.0809146 0.0368261 0.1037925 0.1085890 0.1049286 0.1024716 0.1414933 0.1098423 0.1569854 0.1086504 0.0763883 0.0801725 0.0996107 0.1071899 0.1438267 0.0864372 0.1683211 0.1019456 0.1122409 0.1072222 0.0600807 0.1199389 0.1019158 0.1695789 0.1096176 0.1377436 0.0849439 0.1001259 0.1075845 0.1114981 0.0221073 0.1031709 0.1114489 0.0666329 0.0248670 0.0205941 0.1132290 0.0755741 0.1099004 0.0924007 0.1102085 0.1079030 0.1026235 0.1032433 0.1197961 0.1034764 0.0944449 0.0941262 0.1205764 0.1331477 0.0875063 0.1047946 0.1068629 0.1120577 0.1079406 0.1003454 0.0758094 0.1131071 0.1145999 0.1140273 0.0861097 0.1036341 0.1117624 0.1012994 0.1034940 0.1140048 0.0932911 0.0834280 0.1243222 0.0874429 0.0925433 0.1165108 0.0881019 
S0327         0.2125906 0.0924650 0.0957557 0.0501653 0.1308038 0.1001403 0.1112039 0.0437075 0.0867429 0.1223626 0.1200300 0.0530860 0.1028119 0.1097320 0.0515046 0.1051581 0.0000000 0.1022499 0.0925179 0.1047654 0.0979655 0.1030918 0.1058778 0.0423333 0.1160914 0.0338272 0.0823575 0.1105244 0.0366291 0.1009624 0.0585539 0.0984392 0.1109671 0.1068322 0.0433912 0.1164266 0.1105630 0.0531324 0.0558217 0.0784231 0.1020378 0.1033802 0.1105180 0.1039253 0.1546285 0.1113370 0.1029028 0.1049502 0.0994738 0.1045954 0.0824307 0.1079761 0.0831183 0.0856462 0.1063932 0.1090478 0.0524584 0.1295545 0.0701470 0.0470207 0.0762931 0.0914821 0.0993546 0.0990238 0.0959069 0.0972727 0.1377223 0.1131368 0.1420360 0.0986346 0.1203837 0.1133668 0.1007773 0.1056984 0.1328895 0.0818769 0.1535886 0.0701754 0.1045899 0.1134031 0.1052912 0.1141835 0.1045211 0.1537952 0.1008409 0.1253647 0.0881770 0.0327601 0.0690215 0.0714152 0.1005335 0.0624015 0.0465971 0.1027906 0.1073596 0.0978477 0.1050432 0.1251923 0.1074257 0.0880348 0.1007411 0.0946702 0.0989970 0.1122676 0.1060806 0.0681613 0.0902371 0.0903896 0.0542456 0.1227953 0.0852876 0.0421310 0.1108286 0.0717457 0.1003696 0.0956037 0.0725138 0.1048607 0.0518528 0.0996190 0.0555120 0.0951460 0.1004582 0.0997795 0.0988471 0.0743611 0.0874313 0.0775349 0.1302433 0.0826766 0.0900280 0.1041735 0.0845043 
S0335         0.1994034 0.0900704 0.0861565 0.1140199 0.1143672 0.0949930 0.1108312 0.0991470 0.0622505 0.1114107 0.1178975 0.1130054 0.1042465 0.1128731 0.1118385 0.1027735 0.1022499 0.0000000 0.0517518 0.1004044 0.0951734 0.0990103 0.1022297 0.1055908 0.1096420 0.0959734 0.0764363 0.1058997 0.0987427 0.1023863 0.0896922 0.0827005 0.1018526 0.1110402 0.1030307 0.1124601 0.1109966 0.1113584 0.0820222 0.1069743 0.0966877 0.0992507 0.0936963 0.1028393 0.1657231 0.1024327 0.1062580 0.0972993 0.1000433 0.0887735 0.0765038 0.1046712 0.0758513 0.0784723 0.0945777 0.0910296 0.0927067 0.1311196 0.1014808 0.0840721 0.0614887 0.0966200 0.0841177 0.0886967 0.0802706 0.0817924 0.1285184 0.1009341 0.1546324 0.0936260 0.1284023 0.1227841 0.0861452 0.0906730 0.1407268 0.0771469 0.1661143 0.0905698 0.0972449 0.0922771 0.1064746 0.1066978 0.0815390 0.1703550 0.0969602 0.1223129 0.0690086 0.0995761 0.1029964 0.1004910 0.1021119 0.0986022 0.1079295 0.1074064 0.1085075 0.1043331 0.1011024 0.1264082 0.0650133 0.0619793 0.0987121 0.0951592 0.0926301 0.0829715 0.1046997 0.1040946 0.0685263 0.0684105 0.1122340 0.1173559 0.0793417 0.1058805 0.0985734 0.1027668 0.0952033 0.0751261 0.0464934 0.1042907 0.1070628 0.1060712 0.0876157 0.0945942 0.0936910 0.0617479 0.0366914 0.1098565 0.0738471 0.0609635 0.1152842 0.0767970 0.0606244 0.0995548 0.0729113 
S0345         0.2035229 0.0794442 0.0763572 0.1020000 0.1027332 0.0849374 0.0972556 0.0864512 0.0506212 0.1077500 0.1118504 0.0918714 0.0917752 0.0940195 0.0987767 0.0901016 0.0925179 0.0517518 0.0000000 0.0887218 0.0831960 0.0932486 0.0920738 0.0917957 0.1011420 0.0844235 0.0677979 0.0930849 0.0901334 0.0924433 0.0828219 0.0739329 0.0964561 0.0933581 0.0886573 0.0972335 0.0924969 0.0975137 0.0724780 0.0965626 0.0907539 0.0840907 0.0888618 0.0911075 0.1565799 0.0945989 0.0942083 0.0845047 0.0902105 0.0784060 0.0659935 0.0931741 0.0677914 0.0687958 0.0795812 0.0877822 0.0797557 0.0996612 0.0907208 0.0611145 0.0527732 0.0834695 0.0756687 0.0812038 0.0766506 0.0731035 0.1204633 0.0866570 0.1367591 0.0877286 0.0976468 0.0990065 0.0813904 0.0848100 0.1358108 0.0668911 0.1583306 0.0767789 0.0876621 0.0765297 0.0944895 0.0953831 0.0600893 0.1588251 0.0876157 0.1026287 0.0582373 0.0887963 0.0923660 0.0941129 0.0911531 0.0848642 0.0950934 0.0820877 0.0910727 0.0931953 0.0930649 0.1023354 0.0270285 0.0510798 0.0882180 0.0951611 0.0866548 0.0676585 0.0932166 0.0869277 0.0585604 0.0552043 0.0950329 0.0979406 0.0709888 0.0956245 0.0859930 0.0962652 0.0842634 0.0577767 0.0332837 0.0924172 0.0909069 0.0960121 0.0762588 0.0832120 0.0893621 0.0226427 0.0407305 0.0992382 0.0715710 0.0551742 0.1127857 0.0709862 0.0463502 0.0847943 0.0653339 
S0355         0.2152300 0.0982847 0.0893309 0.1125388 0.1206965 0.1085033 0.0286086 0.1031575 0.0860232 0.1268051 0.1222560 0.1177832 0.0186701 0.0563751 0.1127182 0.0123781 0.1047654 0.1004044 0.0887218 0.0000000 0.1168618 0.1121630 0.1142411 0.1074856 0.1187494 0.0997476 0.0841305 0.1214170 0.1001145 0.0170160 0.0917585 0.1071995 0.1174536 0.0677072 0.1020363 0.1253680 0.1215484 0.1225301 0.0844710 0.1148014 0.1057118 0.1108714 0.1084470 0.0098604 0.1687918 0.1164570 0.0201333 0.1078216 0.1109384 0.1088944 0.0854396 0.1132603 0.0848967 0.0856163 0.1085794 0.1069772 0.0956565 0.0773959 0.1104528 0.0821547 0.0805365 0.0352968 0.1027499 0.1082313 0.1037992 0.1028984 0.1409742 0.1094785 0.1552247 0.1056520 0.0775646 0.0789801 0.1004663 0.1080823 0.1417406 0.0847355 0.1672667 0.1069173 0.1105589 0.1074870 0.0612595 0.1193394 0.1019986 0.1685230 0.1098678 0.1354237 0.0833427 0.1009921 0.1078382 0.1117607 0.0204972 0.1040427 0.1081957 0.0666578 0.0232911 0.0190894 0.1122023 0.0745054 0.1080762 0.0911673 0.1111061 0.1076093 0.1034995 0.1033057 0.1200738 0.1045543 0.0944591 0.0929500 0.1209666 0.1307717 0.0864881 0.1051482 0.1065477 0.1123235 0.1069647 0.0998265 0.0746109 0.1133677 0.1157634 0.1136805 0.0883456 0.1026114 0.1101150 0.0995815 0.1036893 0.1164725 0.0928847 0.0830125 0.1239801 0.0857918 0.0914365 0.1154790 0.0864414 
S0376         0.1648250 0.0582894 0.0908609 0.1080599 0.1202999 0.0639023 0.1205883 0.0978180 0.0776454 0.0883404 0.0873151 0.1063895 0.1124947 0.1061608 0.1119139 0.1153922 0.0979655 0.0951734 0.0831960 0.1168618 0.0000000 0.0706476 0.0737660 0.1045700 0.0823623 0.0936697 0.0725004 0.0435869 0.0986275 0.1118127 0.0862763 0.0948384 0.0848200 0.1150531 0.0925640 0.0849541 0.0804647 0.1161730 0.0788650 0.0967945 0.0678083 0.0745460 0.0951091 0.1164505 0.1611113 0.0763987 0.1139025 0.1126404 0.0707927 0.0941315 0.0718308 0.0747508 0.0726979 0.0774014 0.1038072 0.0931121 0.0780563 0.1320285 0.0896092 0.0677182 0.0692903 0.1000105 0.0940309 0.0995858 0.0954207 0.0935070 0.1058443 0.1036231 0.1436297 0.1014222 0.1347072 0.1287469 0.0999879 0.1050055 0.1390338 0.0742859 0.1594964 0.0910243 0.1032753 0.1085412 0.1126596 0.0829533 0.0938161 0.1589538 0.0662012 0.0870957 0.0841332 0.0923517 0.0904163 0.0881406 0.1127199 0.0918099 0.1047264 0.1138099 0.1177541 0.1115220 0.0729693 0.1241803 0.0984674 0.0795431 0.0707794 0.0648074 0.0737205 0.1099603 0.0762135 0.0948463 0.0843237 0.0817412 0.1100977 0.0897203 0.0761973 0.1101119 0.1006435 0.0906686 0.0678368 0.0879108 0.0621140 0.0749867 0.1036608 0.0747739 0.0778476 0.0677938 0.0639630 0.0950240 0.0963373 0.1015760 0.0826087 0.0700881 0.1262667 0.0753038 0.0940711 0.0374171 0.0798225 
S0400         0.1923787 0.0447008 0.0843963 0.1118577 0.1334347 0.0118201 0.1148068 0.0954616 0.0798467 0.0298084 0.0518382 0.1115836 0.1100210 0.1141221 0.1089689 0.1144751 0.1030918 0.0990103 0.0932486 0.1121630 0.0706476 0.0000000 0.0258004 0.1051715 0.0784449 0.0927076 0.0797388 0.0794792 0.0970961 0.1109133 0.0877335 0.0936249 0.0742336 0.1129608 0.1038622 0.0475528 0.0257960 0.1112191 0.0697087 0.1032683 0.0583611 0.0236037 0.1062404 0.1132547 0.1599273 0.0715720 0.1141960 0.1060619 0.0338093 0.0979522 0.0804204 0.0179800 0.0792642 0.0848199 0.0945650 0.1067580 0.0827183 0.1305998 0.0914216 0.0772947 0.0649046 0.0998426 0.0944150 0.0977437 0.0923609 0.0936299 0.0636285 0.1078430 0.1417531 0.0947559 0.1280445 0.1273645 0.0967422 0.1010528 0.1298711 0.0798703 0.1552567 0.0885951 0.1096312 0.1069647 0.1069512 0.0540351 0.0976542 0.1586208 0.0148623 0.0528899 0.0814014 0.0915230 0.0916883 0.0929824 0.1077600 0.0930980 0.1052501 0.1088790 0.1151818 0.1076144 0.0226028 0.1290889 0.1020490 0.0838982 0.0190225 0.0197629 0.0495422 0.0996272 0.0448398 0.0939320 0.0869814 0.0861296 0.1141776 0.0470303 0.0802656 0.1081512 0.1055322 0.0965869 0.0134347 0.0921099 0.0634775 0.0387182 0.1130703 0.0397688 0.0803717 0.0370400 0.0606569 0.0985360 0.0946852 0.1022122 0.0829708 0.0666900 0.1229182 0.0768966 0.0928646 0.0743010 0.0763574 
S0405         0.1914351 0.0477369 0.0901683 0.1154015 0.1308228 0.0205390 0.1142656 0.1014586 0.0792265 0.0405523 0.0589517 0.1144629 0.1095066 0.1133372 0.1111362 0.1152684 0.1058778 0.1022297 0.0920738 0.1142411 0.0737660 0.0258004 0.0000000 0.1099311 0.0811629 0.0991625 0.0755331 0.0840467 0.0995242 0.1116990 0.0925175 0.0944391 0.0736530 0.1100750 0.1072929 0.0499921 0.0278015 0.1168278 0.0780415 0.1007598 0.0626879 0.0312520 0.1035689 0.1132877 0.1630963 0.0740887 0.1136747 0.1078416 0.0360716 0.0993361 0.0773929 0.0279868 0.0756374 0.0811443 0.0990285 0.1027980 0.0828324 0.1279928 0.0903635 0.0774122 0.0667586 0.0993463 0.0945964 0.0971140 0.0937950 0.0937305 0.0709079 0.1045724 0.1416247 0.0935044 0.1256624 0.1253927 0.0981966 0.1031914 0.1320727 0.0750518 0.1568590 0.0828759 0.1092085 0.1106474 0.1080197 0.0558668 0.0971797 0.1588002 0.0205529 0.0577100 0.0801822 0.0949848 0.0900293 0.0900929 0.1092607 0.0953656 0.1093889 0.1070132 0.1145535 0.1077467 0.0210953 0.1256402 0.1063218 0.0838775 0.0222158 0.0182430 0.0508446 0.1004510 0.0443899 0.0968366 0.0851106 0.0855023 0.1175407 0.0535244 0.0772341 0.1126281 0.1035395 0.0936699 0.0206834 0.0941289 0.0640722 0.0405492 0.1160133 0.0426366 0.0824572 0.0404339 0.0614505 0.1012613 0.0972668 0.1037348 0.0837300 0.0679667 0.1224406 0.0763959 0.0935390 0.0762411 0.0776889 
S0407sl       0.2081537 0.0943220 0.0936388 0.0546854 0.1319519 0.1015437 0.1134883 0.0489152 0.0890645 0.1192099 0.1226186 0.0549469 0.1062834 0.1114116 0.0538480 0.1059436 0.0423333 0.1055908 0.0917957 0.1074856 0.1045700 0.1051715 0.1099311 0.0000000 0.1189657 0.0393149 0.0869032 0.1124397 0.0431102 0.1051299 0.0616619 0.0999268 0.1121301 0.1038134 0.0468347 0.1198769 0.1138300 0.0570356 0.0566444 0.0817189 0.1073381 0.1062417 0.1126697 0.1059787 0.1567718 0.1130825 0.1077288 0.1094924 0.1047643 0.1068484 0.0869813 0.1100899 0.0876814 0.0894392 0.1082448 0.1118729 0.0554187 0.1311160 0.0715414 0.0501222 0.0795529 0.0967539 0.1026868 0.1039902 0.0992951 0.0978582 0.1415890 0.1179076 0.1433377 0.1028120 0.1208334 0.1191774 0.1002188 0.1052314 0.1351160 0.0864236 0.1546546 0.0783136 0.1113797 0.1156215 0.1109562 0.1159960 0.1016676 0.1566293 0.1020876 0.1256849 0.0927844 0.0392998 0.0715364 0.0757644 0.1036003 0.0660403 0.0524136 0.1006247 0.1097202 0.1032449 0.1071343 0.1249002 0.1082632 0.0891876 0.1040788 0.0986583 0.1029919 0.1111235 0.1096973 0.0718586 0.0919465 0.0921110 0.0561918 0.1193409 0.0898639 0.0201986 0.1156124 0.0743102 0.1031796 0.0965441 0.0756730 0.1097882 0.0549011 0.1063520 0.0560020 0.0991028 0.1063344 0.1005697 0.0996462 0.0776525 0.0912423 0.0808099 0.1254253 0.0874001 0.0934379 0.1097693 0.0898024 
S0412sl       0.2100216 0.0626232 0.0958803 0.1250108 0.1321059 0.0739012 0.1242620 0.1153148 0.0901812 0.0922308 0.0974925 0.1266632 0.1192200 0.1233434 0.1261644 0.1200091 0.1160914 0.1096420 0.1011420 0.1187494 0.0823623 0.0784449 0.0811629 0.1189657 0.0000000 0.1116758 0.0894996 0.0900270 0.1062540 0.1176665 0.1065794 0.1056621 0.0726370 0.1218264 0.1144990 0.0904680 0.0787472 0.1271386 0.0961980 0.1239658 0.0706831 0.0807618 0.1129868 0.1200524 0.1781961 0.0627954 0.1213053 0.1210021 0.0785752 0.1127198 0.0894476 0.0805536 0.0882467 0.0910116 0.1150436 0.1136952 0.0992242 0.1434499 0.1125842 0.0924922 0.0797470 0.1102250 0.1049366 0.1025324 0.1002076 0.1052260 0.1161361 0.1159361 0.1621709 0.1074650 0.1447914 0.1321481 0.1099927 0.1123797 0.1440590 0.0896568 0.1730653 0.1117567 0.1175794 0.1121102 0.1181681 0.0913260 0.1041809 0.1719695 0.0745578 0.0996843 0.0940173 0.1092477 0.1133339 0.1133813 0.1165016 0.1131868 0.1227022 0.1210339 0.1273931 0.1163468 0.0746661 0.1369960 0.1148154 0.0931745 0.0743363 0.0682358 0.0664542 0.1126289 0.0805456 0.1096258 0.0963100 0.0967680 0.1333091 0.0947640 0.0906495 0.1193018 0.1129420 0.1146791 0.0720699 0.0984735 0.0700419 0.0838085 0.1240531 0.0813831 0.1000421 0.0696405 0.0724378 0.1095543 0.1034330 0.1222366 0.0887410 0.0797862 0.1375744 0.0860291 0.1042004 0.0827435 0.0912897 
S0417         0.1991201 0.0860676 0.0874746 0.0470990 0.1312079 0.0911239 0.1052724 0.0383907 0.0770948 0.1142877 0.1154295 0.0522213 0.0977737 0.1050035 0.0489388 0.1013898 0.0338272 0.0959734 0.0844235 0.0997476 0.0936697 0.0927076 0.0991625 0.0393149 0.1116758 0.0000000 0.0770594 0.1051024 0.0312791 0.0966195 0.0520347 0.0917246 0.1078953 0.1028187 0.0393180 0.1105820 0.0993440 0.0498774 0.0496975 0.0730057 0.0945790 0.0921927 0.1064008 0.1001714 0.1518129 0.1045159 0.0991508 0.1016834 0.0916513 0.0971826 0.0777325 0.0974219 0.0784052 0.0802924 0.0987080 0.1036402 0.0502984 0.1214922 0.0630629 0.0426387 0.0681072 0.0897202 0.0911810 0.0952393 0.0885285 0.0883476 0.1272315 0.1070674 0.1346083 0.0923468 0.1142704 0.1103485 0.0934108 0.0988604 0.1283458 0.0771842 0.1444411 0.0643210 0.1000748 0.1093103 0.0997885 0.1053132 0.0950260 0.1441534 0.0924184 0.1161438 0.0802333 0.0298987 0.0632693 0.0656142 0.0966419 0.0579216 0.0416739 0.0961017 0.1016232 0.0947790 0.0964702 0.1155790 0.0988495 0.0808740 0.0947580 0.0875334 0.0917134 0.1003084 0.0994972 0.0611991 0.0811497 0.0819095 0.0494474 0.1123770 0.0805554 0.0388924 0.1047568 0.0640705 0.0894849 0.0890762 0.0672230 0.0981596 0.0469267 0.0938175 0.0478502 0.0887059 0.0963498 0.0908942 0.0928111 0.0726026 0.0800938 0.0693137 0.1200670 0.0767561 0.0839659 0.1024679 0.0749576 
S0419         0.1754271 0.0664140 0.0165091 0.0953568 0.0642737 0.0717021 0.0850745 0.0841351 0.0563194 0.0976807 0.0925691 0.0884230 0.0798535 0.0818271 0.0872464 0.0851496 0.0823575 0.0764363 0.0677979 0.0841305 0.0725004 0.0797388 0.0755331 0.0869032 0.0894996 0.0770594 0.0000000 0.0848928 0.0781934 0.0787042 0.0699475 0.0680137 0.0871858 0.0900094 0.0826355 0.0943128 0.0849309 0.0998400 0.0619570 0.0853465 0.0738848 0.0766556 0.0371509 0.0833702 0.1458216 0.0854163 0.0843440 0.0780359 0.0792801 0.0733965 0.0068450 0.0806370 0.0063564 0.0098308 0.0769188 0.0338284 0.0681132 0.1060453 0.0794153 0.0608634 0.0458195 0.0711532 0.0692795 0.0768035 0.0660767 0.0661944 0.1049245 0.0461025 0.1270286 0.0758612 0.1026567 0.0949710 0.0737937 0.0794645 0.1165515 0.0068469 0.1434372 0.0598140 0.0841120 0.0866346 0.0804087 0.0894797 0.0741044 0.1416598 0.0753074 0.0989346 0.0574220 0.0756124 0.0799150 0.0793675 0.0800872 0.0785240 0.0919281 0.0830756 0.0875839 0.0825261 0.0766499 0.1015273 0.0758349 0.0607792 0.0762826 0.0703278 0.0748062 0.0831960 0.0832285 0.0815289 0.0655387 0.0624129 0.0940357 0.0940998 0.0083106 0.0895121 0.0442476 0.0809721 0.0747595 0.0677574 0.0483694 0.0838803 0.0898222 0.0799803 0.0667790 0.0761526 0.0731822 0.0726397 0.0729438 0.0888454 0.0599944 0.0446846 0.0993288 0.0402513 0.0703564 0.0733076 0.0542880 
S0427         0.1928641 0.0660061 0.0913715 0.1197117 0.1301139 0.0750923 0.1275357 0.1071820 0.0841601 0.0956893 0.0940903 0.1195969 0.1187957 0.1166159 0.1159371 0.1224529 0.1105244 0.1058997 0.0930849 0.1214170 0.0435869 0.0794792 0.0840467 0.1124397 0.0900270 0.1051024 0.0848928 0.0000000 0.1018479 0.1181391 0.0972391 0.0972486 0.0880832 0.1200796 0.1086956 0.0940594 0.0831932 0.1209181 0.0855227 0.1095984 0.0771749 0.0827015 0.1078877 0.1184743 0.1800651 0.0870210 0.1208598 0.1096550 0.0802368 0.1022670 0.0849692 0.0823001 0.0844220 0.0894642 0.1042704 0.1049139 0.0916176 0.1379925 0.1029246 0.0815094 0.0744828 0.1080253 0.0974251 0.1007439 0.0945343 0.0947580 0.1148848 0.1062157 0.1530458 0.1025681 0.1328547 0.1248449 0.1005794 0.1054167 0.1495294 0.0850221 0.1736558 0.0920467 0.1090710 0.1071439 0.1050026 0.0890686 0.1031966 0.1734139 0.0775300 0.0952709 0.0865452 0.1013030 0.1050452 0.1044449 0.1166413 0.1053996 0.1167135 0.1157940 0.1231890 0.1168389 0.0796280 0.1252359 0.1048352 0.0894605 0.0772398 0.0737952 0.0777768 0.1118919 0.0834389 0.1053419 0.0926529 0.0911501 0.1252733 0.0961509 0.0872443 0.1132261 0.1045222 0.1080504 0.0781988 0.0963491 0.0748790 0.0880707 0.1124225 0.0787821 0.0873376 0.0771606 0.0752735 0.1029045 0.0996074 0.1142000 0.0884162 0.0745200 0.1245544 0.0846027 0.1016606 0.0421054 0.0863725 
S0428sl       0.2069924 0.0861950 0.0799067 0.0517349 0.1291087 0.0922431 0.0941980 0.0407419 0.0816177 0.1070231 0.1152221 0.0555863 0.0973812 0.1032794 0.0531922 0.1005032 0.0366291 0.0987427 0.0901334 0.1001145 0.0986275 0.0970961 0.0995242 0.0431102 0.1062540 0.0312791 0.0781934 0.1018479 0.0000000 0.0970891 0.0507695 0.0922154 0.1075000 0.1018064 0.0456250 0.1064787 0.0987479 0.0565632 0.0519094 0.0697513 0.0919125 0.0938171 0.1097835 0.0999083 0.1551405 0.1030480 0.0984939 0.0969775 0.0907645 0.0997462 0.0775880 0.0993796 0.0789523 0.0827185 0.1046587 0.1043200 0.0514349 0.1224598 0.0651218 0.0481796 0.0718787 0.0862901 0.0921731 0.0991043 0.0907585 0.0898057 0.1213677 0.1059997 0.1379421 0.0991494 0.1164384 0.1063590 0.0988478 0.1039075 0.1296210 0.0760140 0.1472838 0.0639864 0.1010362 0.1096327 0.1033548 0.1047285 0.0959723 0.1468501 0.0923021 0.1118612 0.0857946 0.0288253 0.0639849 0.0667590 0.0965575 0.0592959 0.0479410 0.0962971 0.1003645 0.0932407 0.0956145 0.1177906 0.1058877 0.0831971 0.0936004 0.0878781 0.0880206 0.1042089 0.0963781 0.0579443 0.0870635 0.0867456 0.0522890 0.1094276 0.0787292 0.0379228 0.1024034 0.0663754 0.0910830 0.0899359 0.0703383 0.0929441 0.0535949 0.0953966 0.0524894 0.0850649 0.0979342 0.0931873 0.0944882 0.0728782 0.0855551 0.0733809 0.1237069 0.0770592 0.0857369 0.1028083 0.0774546 
