114
PAFTOL_019361 0.0000000 0.2486059 0.2569659 0.2840327 0.2774783 0.2488404 0.2665918 0.2400397 0.2770649 0.2757756 0.2869368 0.2836182 0.2612886 0.2580295 0.2441291 0.2599449 0.2445905 0.2449156 0.2792193 0.2579662 0.2593187 0.2554202 0.2473279 0.2417785 0.2533283 0.2670154 0.2767465 0.2776057 0.2460841 0.2456936 0.2777391 0.2573487 0.2399132 0.2365514 0.2478611 0.2736837 0.3262422 0.2690132 0.2642386 0.2554745 0.2555063 0.2572723 0.2482886 0.2572914 0.2580363 0.2847601 0.2726074 0.2659506 0.2378003 0.2498511 0.2365261 0.2709818 0.2476402 0.2682282 0.2804068 0.2670202 0.2826669 0.2771648 0.2763964 0.2576868 0.2675935 0.2984835 0.2488138 0.3158498 0.2222517 0.2707154 0.2672198 0.2485173 0.2561610 0.2412392 0.2555769 0.2357251 0.2756845 0.2350954 0.2371768 0.2697036 0.2735774 0.2617523 0.2447032 0.2585072 0.2512029 0.2444055 0.2338335 0.2598132 0.2484420 0.2552815 0.2519100 0.2581415 0.2553720 0.2851324 0.2469879 0.2584128 0.2582387 0.2783190 0.2406461 0.2470067 0.2587063 0.2752013 0.2473699 0.2535665 0.2648093 0.2465725 0.2665930 0.2453676 0.2418150 0.2497741 0.2479582 0.2505378 0.2580457 0.2340434 0.2395289 0.2455480 0.2484924 0.2350185 
S0055         0.2486059 0.0000000 0.0924693 0.1491869 0.1137543 0.0621287 0.1470403 0.0890776 0.0753267 0.1015708 0.1557752 0.1450512 0.1272044 0.1116123 0.1157635 0.0963543 0.0599111 0.0617994 0.1530357 0.0841835 0.1294760 0.0938993 0.0921514 0.1083960 0.1179657 0.1089959 0.1011001 0.1473599 0.0638861 0.0615359 0.1528984 0.1215386 0.1067127 0.0619256 0.0604296 0.1032289 0.2439286 0.0926586 0.1127171 0.0689077 0.1024903 0.0950494 0.0646752 0.0941440 0.0949463 0.1300794 0.1043231 0.1330261 0.1137723 0.1181306 0.0849196 0.1337239 0.0917352 0.1079787 0.1137908 0.1135011 0.1023961 0.1105332 0.1132259 0.1100503 0.1156198 0.2046018 0.0953878 0.2218564 0.1054276 0.1142718 0.1067114 0.0736146 0.1076399 0.0624654 0.0682882 0.0901403 0.1410530 0.1083953 0.1089893 0.1458555 0.1405930 0.0673310 0.0583471 0.1107048 0.0964534 0.0660966 0.0555216 0.0458830 0.1102980 0.0673820 0.1125349 0.1053707 0.0969487 0.1482479 0.0601079 0.0959140 0.1359680 0.1076863 0.1151687 0.0644260 0.0955474 0.1133326 0.0942659 0.0726471 0.1398881 0.0691830 0.1378340 0.0654793 0.0679279 0.1068060 0.0985337 0.1165461 0.1025771 0.0810182 0.0893681 0.0939839 0.0863016 0.0827870 
S0196sl       0.2569659 0.0924693 0.0000000 0.1366239 0.0580720 0.0927992 0.1355480 0.0872874 0.1040073 0.1197119 0.1507436 0.1268492 0.1186446 0.1031965 0.1050031 0.1141884 0.0891125 0.0908482 0.1357649 0.1039348 0.1137998 0.0148482 0.1153589 0.1033001 0.1097644 0.1068705 0.1186783 0.1281905 0.0937714 0.0915359 0.1353110 0.1101382 0.1021550 0.0825068 0.0911731 0.0537934 0.2568931 0.1117814 0.1070336 0.0981827 0.1016771 0.0153131 0.0946325 0.0135433 0.0148418 0.1257572 0.0541412 0.1149440 0.1037191 0.1115955 0.0813183 0.1186328 0.0909263 0.1084862 0.1075269 0.1124657 0.1305280 0.0550375 0.1192480 0.1026105 0.1094381 0.2232293 0.0143804 0.2312573 0.0912266 0.1098375 0.1021784 0.1046528 0.1004823 0.0914437 0.1036533 0.0935128 0.1237522 0.1011834 0.1006148 0.1309051 0.1276078 0.0859774 0.0871378 0.1062627 0.0929027 0.0953858 0.0862615 0.1133845 0.1010049 0.1008878 0.1071796 0.1039279 0.0960915 0.1393753 0.0930719 0.0157378 0.1268606 0.0535839 0.1051009 0.0938957 0.0463146 0.1129921 0.0873914 0.0970625 0.1339784 0.0974208 0.1287284 0.0942426 0.0900457 0.0980553 0.0950615 0.1022877 0.0952013 0.0775498 0.0717392 0.0847233 0.0994460 0.0812171 
S0278         0.2840327 0.1491869 0.1366239 0.0000000 0.1725244 0.1369504 0.0655833 0.1314936 0.1542582 0.1556564 0.0660544 0.0707392 0.0741140 0.1444400 0.1348263 0.1626263 0.1332759 0.1339994 0.0779127 0.1594775 0.0644050 0.1341428 0.1643809 0.0661441 0.0797246 0.1374635 0.1659627 0.0712586 0.1419676 0.1354054 0.0670633 0.0867697 0.0843122 0.1356737 0.1329543 0.1540447 0.2821581 0.1620568 0.1583214 0.1441243 0.1393578 0.1373477 0.1360462 0.1343898 0.1347057 0.1600966 0.1557357 0.0940467 0.0832097 0.0881239 0.1299494 0.0634715 0.1224768 0.1483403 0.1532937 0.1442198 0.1652522 0.1557814 0.1715610 0.1419278 0.1446271 0.2528030 0.1381307 0.2664297 0.0750892 0.1539186 0.1468055 0.1556004 0.1436699 0.1350245 0.1574138 0.1414289 0.0638983 0.0820210 0.0814575 0.1069968 0.0569285 0.1314055 0.1316015 0.1517091 0.1355717 0.1413466 0.1313433 0.1704575 0.1409824 0.1483796 0.0842413 0.1436024 0.1388979 0.0679901 0.1502966 0.1375024 0.0667634 0.1546864 0.0836090 0.1342614 0.1428012 0.1476737 0.1373160 0.1433404 0.0667253 0.1474400 0.0992701 0.1436109 0.1384422 0.1425208 0.1333991 0.0880358 0.1380392 0.1290828 0.1405337 0.1340106 0.1555198 0.1289759 
S0281         0.2774783 0.1137543 0.0580720 0.1725244 0.0000000 0.1236992 0.1723651 0.1122168 0.1365656 0.1474618 0.1806773 0.1646728 0.1512934 0.1247872 0.1269301 0.1367874 0.1149774 0.1197441 0.1662226 0.1353734 0.1504021 0.0569572 0.1332708 0.1283900 0.1447483 0.1285859 0.1404054 0.1663062 0.1195086 0.1187127 0.1656649 0.1423871 0.1376117 0.1085916 0.1185444 0.0719887 0.2839880 0.1347645 0.1310883 0.1245304 0.1219138 0.0565369 0.1226197 0.0551204 0.0549242 0.1468163 0.0711797 0.1449021 0.1384279 0.1342698 0.1050952 0.1485844 0.1128364 0.1335805 0.1347357 0.1320180 0.1567068 0.0735489 0.1408509 0.1239958 0.1323017 0.2450969 0.0558942 0.2610306 0.1210686 0.1323491 0.1156731 0.1255568 0.1257985 0.1184142 0.1243777 0.1219757 0.1546582 0.1370548 0.1363708 0.1661716 0.1560642 0.1093648 0.1164920 0.1256359 0.1158364 0.1194626 0.1164138 0.1360299 0.1221829 0.1245098 0.1403427 0.1248693 0.1167056 0.1671376 0.1195693 0.0568642 0.1644911 0.0720794 0.1398878 0.1213158 0.0653473 0.1340074 0.1136311 0.1254403 0.1684749 0.1200408 0.1598773 0.1161417 0.1192349 0.1197284 0.1137387 0.1412131 0.1182947 0.1037778 0.0958914 0.1096035 0.1174392 0.1048603 
S0282         0.2488404 0.0621287 0.0927992 0.1369504 0.1236992 0.0000000 0.1371095 0.0878374 0.0363445 0.1031369 0.1446788 0.1336439 0.1235789 0.0985196 0.1079734 0.0979440 0.0190250 0.0231397 0.1360887 0.0746164 0.1144086 0.0912557 0.0962658 0.1094411 0.1126129 0.1050830 0.0972570 0.1343847 0.0350893 0.0217163 0.1375777 0.1105629 0.1016730 0.0566893 0.0209575 0.1067888 0.2382319 0.0877261 0.1072361 0.0376255 0.0975548 0.0935299 0.0230365 0.0936271 0.0928146 0.1192609 0.1057971 0.1204559 0.1042195 0.1092339 0.0819637 0.1249923 0.0888095 0.1070457 0.1108582 0.1094153 0.1057666 0.1132978 0.1163931 0.0997063 0.1079007 0.2080613 0.0916537 0.2220361 0.0911893 0.1097167 0.0945367 0.0638833 0.1048912 0.0212254 0.0602945 0.0899226 0.1265324 0.1001182 0.1006818 0.1302372 0.1263957 0.0967342 0.0198970 0.1077299 0.0903315 0.0252269 0.0206228 0.0820503 0.1029300 0.0575629 0.1049636 0.0991527 0.0926874 0.1405514 0.0513160 0.0953794 0.1185408 0.1128528 0.1051503 0.0240424 0.0982536 0.1079515 0.0864585 0.0390340 0.1293982 0.0526416 0.1199949 0.0446358 0.0651693 0.0992485 0.0860809 0.1060726 0.0956500 0.0786667 0.0884259 0.0866833 0.0847213 0.0794730 
S0289         0.2665918 0.1470403 0.1355480 0.0655833 0.1723651 0.1371095 0.0000000 0.1321195 0.1615482 0.1508059 0.0653721 0.0541581 0.0752497 0.1474056 0.1452272 0.1628517 0.1323763 0.1331644 0.0720824 0.1576868 0.0659170 0.1312525 0.1680607 0.0630750 0.0767246 0.1257402 0.1710697 0.0648511 0.1353475 0.1375016 0.0685107 0.0851527 0.0793077 0.1328972 0.1335244 0.1504609 0.2749777 0.1598569 0.1540633 0.1415795 0.1311820 0.1339332 0.1340598 0.1315204 0.1311260 0.1496595 0.1504596 0.0933240 0.0786802 0.0850436 0.1265166 0.0530222 0.1176606 0.1374253 0.1448922 0.1418301 0.1603201 0.1539447 0.1700805 0.1329220 0.1363424 0.2436347 0.1315241 0.2592519 0.0719502 0.1382227 0.1505949 0.1521168 0.1371611 0.1321007 0.1536999 0.1367003 0.0599376 0.0768019 0.0773678 0.1050822 0.0617141 0.1275514 0.1307465 0.1490148 0.1360685 0.1369621 0.1316426 0.1606857 0.1389107 0.1466221 0.0815014 0.1452100 0.1378536 0.0504188 0.1473025 0.1341539 0.0593234 0.1541057 0.0832188 0.1294350 0.1440247 0.1534083 0.1399833 0.1423371 0.0596458 0.1413729 0.0980014 0.1439402 0.1389789 0.1372098 0.1389684 0.0819289 0.1302987 0.1271332 0.1367377 0.1358075 0.1465138 0.1275825 
S0292         0.2400397 0.0890776 0.0872874 0.1314936 0.1122168 0.0878374 0.1321195 0.0000000 0.1053439 0.1134079 0.1403999 0.1252661 0.1097748 0.0743166 0.0826573 0.1081485 0.0838614 0.0827308 0.1311351 0.1003876 0.1131104 0.0889356 0.1088949 0.1034914 0.1030205 0.0880347 0.1154186 0.1264940 0.0900423 0.0844563 0.1313002 0.1047415 0.0970285 0.0750878 0.0836668 0.1058772 0.2450752 0.1062603 0.0904127 0.0903364 0.0799930 0.0889768 0.0885525 0.0875701 0.0888975 0.1010490 0.1076787 0.1103249 0.0990057 0.1017975 0.0647514 0.1143727 0.0689318 0.0911796 0.0922355 0.0872924 0.1198340 0.1067759 0.1033882 0.0876445 0.0910740 0.2148880 0.0893077 0.2261486 0.0899753 0.0923439 0.0812744 0.0982658 0.0651006 0.0843758 0.0975159 0.0703580 0.1241273 0.0987492 0.0987774 0.1287917 0.1184843 0.1017882 0.0788175 0.0806516 0.0290930 0.0872839 0.0799514 0.0998948 0.0649837 0.0918421 0.1047204 0.0389967 0.0315211 0.1323880 0.0903569 0.0882780 0.1215600 0.1063391 0.1003323 0.0862361 0.0968906 0.0676357 0.0642988 0.0899524 0.1262980 0.0907081 0.1208709 0.0859499 0.0811017 0.0758853 0.0663777 0.0991595 0.0701077 0.0581111 0.0744463 0.0604559 0.0924018 0.0597387 
S0293         0.2770649 0.0753267 0.1040073 0.1542582 0.1365656 0.0363445 0.1615482 0.1053439 0.0000000 0.1199324 0.1688146 0.1503740 0.1411805 0.1183283 0.1142443 0.1153962 0.0347020 0.0364816 0.1564297 0.0900463 0.1319160 0.1069986 0.1093967 0.1166478 0.1287703 0.1245305 0.1119861 0.1539686 0.0489090 0.0352873 0.1588627 0.1245013 0.1143001 0.0701076 0.0355317 0.1191747 0.2610466 0.1007805 0.1256376 0.0528509 0.1180705 0.1096750 0.0403638 0.1086915 0.1089479 0.1458376 0.1199826 0.1357006 0.1171309 0.1246116 0.0980015 0.1424345 0.1103598 0.1241380 0.1287624 0.1335547 0.1303908 0.1304058 0.1326901 0.1226479 0.1322828 0.2263433 0.1082263 0.2415602 0.1144902 0.1298684 0.1162525 0.0751895 0.1213062 0.0352107 0.0733164 0.1058611 0.1476583 0.1138129 0.1138487 0.1501760 0.1439677 0.1076620 0.0332400 0.1266568 0.1076213 0.0382525 0.0336531 0.0966399 0.1212184 0.0658451 0.1211054 0.1193355 0.1080707 0.1588277 0.0628159 0.1112059 0.1422577 0.1271896 0.1173671 0.0374909 0.1137098 0.1287501 0.1075524 0.0544295 0.1525012 0.0698782 0.1396067 0.0574617 0.0814340 0.1193112 0.1051367 0.1165295 0.1183948 0.0943407 0.1044234 0.1064558 0.1034174 0.0976726 
S0294         0.2757756 0.1015708 0.1197119 0.1556564 0.1474618 0.1031369 0.1508059 0.1134079 0.1199324 0.0000000 0.1629514 0.1544437 0.1437572 0.1261981 0.1273112 0.1166658 0.1000352 0.1039946 0.1571882 0.1165622 0.1372857 0.1191100 0.1194540 0.1254814 0.1360159 0.1210210 0.1199512 0.1566332 0.1060649 0.1006506 0.1604958 0.1360039 0.1289602 0.1008012 0.1015700 0.1331959 0.2474203 0.1227071 0.1358677 0.1083452 0.1184849 0.1223706 0.1046948 0.1176637 0.1203920 0.1491366 0.1332333 0.1413558 0.1344801 0.1321544 0.1084173 0.1392336 0.1074264 0.1308891 0.1291650 0.1312561 0.0693934 0.1394598 0.1450099 0.1226802 0.1238265 0.2179928 0.1237431 0.2203146 0.1189991 0.1312858 0.1225286 0.1126181 0.1269208 0.1033371 0.1143669 0.1143139 0.1482822 0.1304299 0.1297644 0.1561463 0.1482514 0.1244719 0.0998324 0.1266731 0.1165803 0.1080130 0.0956366 0.1139410 0.1334640 0.1048052 0.1243207 0.1251347 0.1202892 0.1607790 0.1027288 0.1225652 0.1435284 0.1377872 0.1353725 0.1043420 0.1180714 0.1398659 0.1168999 0.1110413 0.1502722 0.1087723 0.1497158 0.1092281 0.0981823 0.1171772 0.1158429 0.1360775 0.1166858 0.1133792 0.1162296 0.1140073 0.1054803 0.1043523 
S0299         0.2869368 0.1557752 0.1507436 0.0660544 0.1806773 0.1446788 0.0653721 0.1403999 0.1688146 0.1629514 0.0000000 0.0747398 0.0902989 0.1565191 0.1520759 0.1669925 0.1408150 0.1406109 0.0811445 0.1637744 0.0830022 0.1466334 0.1704437 0.0653674 0.0927228 0.1406625 0.1834790 0.0793323 0.1481024 0.1461386 0.0800726 0.1004118 0.0950858 0.1468261 0.1436693 0.1644375 0.2852648 0.1651129 0.1720793 0.1520340 0.1415098 0.1487103 0.1416061 0.1448895 0.1452028 0.1617599 0.1661542 0.1094957 0.0951563 0.1014110 0.1402373 0.0674379 0.1256362 0.1470395 0.1538996 0.1504417 0.1739092 0.1674416 0.1788815 0.1415896 0.1443677 0.2487733 0.1469769 0.2716790 0.0755054 0.1535311 0.1525602 0.1651372 0.1468928 0.1447269 0.1587951 0.1468683 0.0748880 0.0938892 0.0932948 0.1239422 0.0750836 0.1365646 0.1400613 0.1591977 0.1436295 0.1487713 0.1419238 0.1690406 0.1505943 0.1585521 0.0994927 0.1529884 0.1464678 0.0741108 0.1558251 0.1475885 0.0746073 0.1662698 0.0984907 0.1390098 0.1567801 0.1560393 0.1466436 0.1537643 0.0674975 0.1525880 0.1135177 0.1515156 0.1464445 0.1455385 0.1462145 0.0997420 0.1425317 0.1397103 0.1501487 0.1425445 0.1554614 0.1360543 
S0320         0.2836182 0.1450512 0.1268492 0.0707392 0.1646728 0.1336439 0.0541581 0.1252661 0.1503740 0.1544437 0.0747398 0.0000000 0.0655096 0.1427188 0.1277460 0.1493096 0.1293866 0.1290312 0.0714478 0.1528303 0.0646737 0.1227520 0.1579311 0.0492969 0.0742347 0.1269549 0.1668724 0.0568618 0.1335917 0.1314798 0.0621662 0.0771216 0.0755693 0.1278919 0.1290079 0.1472456 0.2745722 0.1574971 0.1548055 0.1388238 0.1293142 0.1246793 0.1309186 0.1235651 0.1221308 0.1536886 0.1475776 0.0825869 0.0744312 0.0800775 0.1224132 0.0606084 0.1150390 0.1373705 0.1424563 0.1385354 0.1722570 0.1493488 0.1608034 0.1311820 0.1341339 0.2456135 0.1231311 0.2553710 0.0643846 0.1408588 0.1437471 0.1493250 0.1369053 0.1299256 0.1477154 0.1321317 0.0610284 0.0728252 0.0732954 0.0984940 0.0571334 0.1137942 0.1248165 0.1461620 0.1296360 0.1349385 0.1268587 0.1568426 0.1346628 0.1410374 0.0756886 0.1374581 0.1327232 0.0498906 0.1416811 0.1237026 0.0615885 0.1488631 0.0785283 0.1271943 0.1372366 0.1517038 0.1331830 0.1362875 0.0580379 0.1414035 0.0888493 0.1381971 0.1317379 0.1348147 0.1274565 0.0812861 0.1267458 0.1215509 0.1327588 0.1299302 0.1428432 0.1247697 
S0327         0.2612886 0.1272044 0.1186446 0.0741140 0.1512934 0.1235789 0.0752497 0.1097748 0.1411805 0.1437572 0.0902989 0.0655096 0.0000000 0.1280752 0.1295472 0.1392162 0.1175174 0.1168931 0.0712851 0.1348108 0.0517716 0.1173330 0.1437648 0.0528321 0.0603608 0.1237861 0.1457306 0.0671812 0.1236791 0.1215627 0.0753556 0.0632950 0.0641704 0.1142480 0.1166286 0.1290743 0.2888777 0.1405842 0.1371939 0.1272710 0.1202562 0.1192713 0.1197139 0.1175654 0.1165375 0.1446119 0.1350185 0.0693170 0.0618585 0.0677989 0.1082822 0.0694021 0.1074152 0.1258688 0.1328091 0.1289064 0.1615682 0.1358714 0.1477050 0.1308956 0.1306436 0.2505548 0.1196201 0.2621528 0.0570404 0.1329490 0.1291475 0.1387140 0.1211788 0.1188031 0.1362096 0.1161510 0.0584276 0.0601093 0.0600760 0.0811108 0.0656866 0.1270801 0.1159310 0.1318227 0.1161560 0.1228006 0.1167156 0.1462087 0.1285135 0.1309593 0.0649765 0.1244681 0.1185330 0.0770089 0.1281189 0.1188792 0.0639921 0.1373340 0.0663342 0.1150641 0.1261013 0.1392288 0.1132216 0.1231057 0.0684234 0.1230171 0.0753082 0.1239852 0.1213398 0.1183804 0.1148654 0.0677534 0.1184748 0.1060266 0.1181367 0.1118165 0.1246045 0.1053477 
S0335         0.2580295 0.1116123 0.1031965 0.1444400 0.1247872 0.0985196 0.1474056 0.0743166 0.1183283 0.1261981 0.1565191 0.1427188 0.1280752 0.0000000 0.0760777 0.1202878 0.0964839 0.0974689 0.1464180 0.1200317 0.1231401 0.1020153 0.1206140 0.1147566 0.1240480 0.1003161 0.1344022 0.1469780 0.1017052 0.0993497 0.1410547 0.1255101 0.1152862 0.0947291 0.0975803 0.1227541 0.2581754 0.1280576 0.1089471 0.1066878 0.0924005 0.1043960 0.1014694 0.1015633 0.1014386 0.1110934 0.1220621 0.1295939 0.1163678 0.1202373 0.0812081 0.1195689 0.0823803 0.1053482 0.0998709 0.1038294 0.1388673 0.1190057 0.1178510 0.0915156 0.0972773 0.2223721 0.1029758 0.2350134 0.1044475 0.1035894 0.0788310 0.1149170 0.0876178 0.1010468 0.1101925 0.0829953 0.1352219 0.1172083 0.1183868 0.1456445 0.1405582 0.0919027 0.0933953 0.0799561 0.0803977 0.1049527 0.0947414 0.1241414 0.0922935 0.1101563 0.1147248 0.0891619 0.0801853 0.1446560 0.1047821 0.1029606 0.1344354 0.1185645 0.1171925 0.0974927 0.1083497 0.0994097 0.0584560 0.1047312 0.1384837 0.1085772 0.1334710 0.1020715 0.1004742 0.0708584 0.0287956 0.1189856 0.0850179 0.0785269 0.0895889 0.0576881 0.0999093 0.0768713 
S0345         0.2441291 0.1157635 0.1050031 0.1348263 0.1269301 0.1079734 0.1452272 0.0826573 0.1142443 0.1273112 0.1520759 0.1277460 0.1295472 0.0760777 0.0000000 0.1146664 0.1083287 0.1090728 0.1480533 0.1107369 0.1228828 0.1050767 0.1127369 0.0973268 0.1196350 0.0903694 0.1298652 0.1462531 0.1110059 0.1102558 0.1412915 0.1252595 0.1087766 0.1000794 0.1077732 0.1185137 0.2471068 0.1254700 0.1143326 0.1097684 0.0899942 0.1067674 0.1100456 0.1039156 0.1020110 0.1190602 0.1188565 0.1341302 0.1123498 0.1194417 0.0855149 0.1301298 0.0769137 0.1078952 0.0985746 0.1024606 0.1339187 0.1170842 0.1182109 0.1011155 0.1007984 0.2064543 0.1042565 0.2227923 0.1202550 0.1111150 0.0776744 0.1081748 0.0952790 0.1092815 0.1132465 0.0895710 0.1343561 0.1081667 0.1104150 0.1408949 0.1200561 0.0782598 0.1023809 0.0573310 0.0858181 0.1124813 0.1051356 0.1231331 0.0933488 0.1103187 0.1205279 0.0932239 0.0950554 0.1367802 0.1063247 0.1034671 0.1370498 0.1164877 0.1150004 0.1046705 0.1081192 0.1008418 0.0675642 0.1092404 0.1366345 0.1145159 0.1414395 0.1083870 0.1033253 0.0477730 0.0673401 0.1122044 0.0859434 0.0817259 0.0898410 0.0659538 0.0943978 0.0840019 
S0376         0.2599449 0.0963543 0.1141884 0.1626263 0.1367874 0.0979440 0.1628517 0.1081485 0.1153962 0.1166658 0.1669925 0.1493096 0.1392162 0.1202878 0.1146664 0.0000000 0.0932034 0.0931345 0.1655803 0.1003812 0.1382630 0.1146797 0.0654560 0.1255617 0.1287658 0.1182380 0.1173564 0.1572528 0.0932472 0.0915488 0.1633114 0.1293115 0.1250099 0.0808955 0.0933484 0.1203724 0.2534321 0.1065555 0.1297300 0.0984792 0.1129205 0.1165534 0.0952145 0.1138381 0.1146279 0.1421224 0.1246007 0.1361574 0.1259010 0.1303749 0.1013165 0.1518232 0.1048485 0.1194453 0.1242402 0.1245393 0.1146845 0.1306987 0.1324429 0.1172095 0.1204281 0.2145078 0.1162070 0.2322440 0.1172662 0.1284422 0.1119021 0.1008978 0.1242896 0.0953322 0.1026825 0.1027395 0.1537113 0.1256649 0.1256001 0.1544487 0.1519883 0.0995050 0.0924959 0.1177446 0.1129214 0.0976922 0.0876439 0.1104859 0.1251934 0.0940956 0.1266413 0.1214896 0.1097007 0.1639448 0.0988533 0.1156219 0.1484130 0.1290511 0.1279480 0.0962640 0.1202151 0.1330255 0.1060973 0.1004265 0.1551605 0.0955217 0.1447517 0.0932377 0.0848624 0.1146712 0.1086704 0.1313687 0.1134315 0.1015847 0.1098480 0.1061882 0.0576580 0.0997156 
S0400         0.2445905 0.0599111 0.0891125 0.1332759 0.1149774 0.0190250 0.1323763 0.0838614 0.0347020 0.1000352 0.1408150 0.1293866 0.1175174 0.0964839 0.1083287 0.0932034 0.0000000 0.0177907 0.1325544 0.0732709 0.1082289 0.0883304 0.0944158 0.1029927 0.1065648 0.1025363 0.0920509 0.1305609 0.0308374 0.0168481 0.1326601 0.1059706 0.0946476 0.0525426 0.0113241 0.0985805 0.2344215 0.0837252 0.1038819 0.0333611 0.0966907 0.0889772 0.0168531 0.0885501 0.0882928 0.1184550 0.0976458 0.1152819 0.0982408 0.1043496 0.0813074 0.1196746 0.0869697 0.1033709 0.1093506 0.1047474 0.1038435 0.1088415 0.1159710 0.0980442 0.1046439 0.2037709 0.0876702 0.2179851 0.0903186 0.1076791 0.0934787 0.0611363 0.1000152 0.0163796 0.0580707 0.0847546 0.1189582 0.0947471 0.0947740 0.1268506 0.1239096 0.0930000 0.0150761 0.1039354 0.0884193 0.0207377 0.0157233 0.0776387 0.1009583 0.0539370 0.0988058 0.0972338 0.0891948 0.1367521 0.0469008 0.0902967 0.1151966 0.1072904 0.0996969 0.0177849 0.0923050 0.1052063 0.0857755 0.0351997 0.1263982 0.0486283 0.1161292 0.0407830 0.0615546 0.0973268 0.0846928 0.1022297 0.0937240 0.0764900 0.0853935 0.0832668 0.0791063 0.0747286 
S0405         0.2449156 0.0617994 0.0908482 0.1339994 0.1197441 0.0231397 0.1331644 0.0827308 0.0364816 0.1039946 0.1406109 0.1290312 0.1168931 0.0974689 0.1090728 0.0931345 0.0177907 0.0000000 0.1312483 0.0741718 0.1099069 0.0899889 0.0916941 0.1108806 0.1082566 0.1038492 0.0955599 0.1291612 0.0319608 0.0169379 0.1330302 0.1046971 0.0951289 0.0548653 0.0192756 0.1007693 0.2369191 0.0852390 0.1044988 0.0359267 0.0968666 0.0906431 0.0231538 0.0902133 0.0899503 0.1199452 0.0992708 0.1144934 0.0976527 0.1055229 0.0834055 0.1218045 0.0870113 0.1046045 0.1118913 0.1070637 0.1075015 0.1090497 0.1170723 0.1023246 0.1096162 0.2078467 0.0893192 0.2211258 0.0908680 0.1089423 0.0935586 0.0635479 0.0994161 0.0199932 0.0604584 0.0851654 0.1194788 0.0952265 0.0952537 0.1285698 0.1246894 0.0959611 0.0151541 0.1056893 0.0878138 0.0244356 0.0162445 0.0812676 0.0996840 0.0567475 0.0992343 0.0967455 0.0880742 0.1351759 0.0500813 0.0919709 0.1157999 0.1055001 0.0985537 0.0218984 0.0941063 0.1047351 0.0868795 0.0354357 0.1263319 0.0513245 0.1176902 0.0429329 0.0618191 0.0990514 0.0836190 0.1016510 0.0943511 0.0790592 0.0859839 0.0853915 0.0781867 0.0744840 
S0407sl       0.2792193 0.1530357 0.1357649 0.0779127 0.1662226 0.1360887 0.0720824 0.1311351 0.1564297 0.1571882 0.0811445 0.0714478 0.0712851 0.1464180 0.1480533 0.1655803 0.1325544 0.1312483 0.0000000 0.1598090 0.0665882 0.1324975 0.1655838 0.0602845 0.0750710 0.1409178 0.1740593 0.0705315 0.1382472 0.1341341 0.0802807 0.0815545 0.0770748 0.1360471 0.1313187 0.1540989 0.2952648 0.1667543 0.1603293 0.1398040 0.1391759 0.1347597 0.1341425 0.1341641 0.1331031 0.1593202 0.1529442 0.0903685 0.0758462 0.0853721 0.1234077 0.0703597 0.1252530 0.1503145 0.1582979 0.1531356 0.1817030 0.1572520 0.1667904 0.1487422 0.1502257 0.2662581 0.1356115 0.2797253 0.0682136 0.1556529 0.1472525 0.1552752 0.1442195 0.1337809 0.1524935 0.1380327 0.0642570 0.0729559 0.0722975 0.1048476 0.0704317 0.1359655 0.1300595 0.1591851 0.1360412 0.1393382 0.1280293 0.1664566 0.1426670 0.1457895 0.0769361 0.1472105 0.1405594 0.0764417 0.1459699 0.1350615 0.0428504 0.1567286 0.0770640 0.1302864 0.1420576 0.1575193 0.1326967 0.1387514 0.0679092 0.1439898 0.0955150 0.1415213 0.1404741 0.1443942 0.1366927 0.0804928 0.1395730 0.1204048 0.1315053 0.1312987 0.1447966 0.1225396 
S0412sl       0.2579662 0.0841835 0.1039348 0.1594775 0.1353734 0.0746164 0.1576868 0.1003876 0.0900463 0.1165622 0.1637744 0.1528303 0.1348108 0.1200317 0.1107369 0.1003812 0.0732709 0.0741718 0.1598090 0.0000000 0.1333828 0.1063416 0.0987066 0.1250568 0.1271173 0.1188776 0.0964816 0.1501829 0.0788468 0.0727753 0.1607426 0.1265715 0.1179755 0.0672901 0.0735010 0.1206196 0.2533811 0.0674406 0.1222952 0.0818427 0.1080852 0.1087281 0.0778361 0.1077500 0.1074162 0.1365318 0.1206961 0.1363418 0.1187278 0.1183935 0.0959820 0.1404423 0.1019262 0.1210112 0.1208731 0.1210436 0.1165932 0.1244635 0.1307950 0.1162034 0.1169446 0.2194403 0.1101240 0.2334948 0.1200419 0.1291504 0.1122733 0.0917140 0.1155634 0.0741989 0.0836806 0.0966212 0.1439237 0.1149452 0.1149794 0.1453794 0.1452106 0.0709724 0.0694660 0.1227642 0.1058612 0.0760093 0.0666152 0.0947649 0.1187727 0.0888697 0.1164792 0.1149699 0.1078843 0.1608467 0.0823321 0.1084085 0.1435860 0.1240099 0.1214458 0.0765633 0.1119353 0.1234439 0.1040618 0.0822935 0.1450886 0.0784750 0.1407547 0.0799586 0.0669147 0.1120436 0.1110119 0.1254547 0.1065454 0.0941115 0.1039489 0.1003366 0.0864981 0.0935423 
S0417         0.2593187 0.1294760 0.1137998 0.0644050 0.1504021 0.1144086 0.0659170 0.1131104 0.1319160 0.1372857 0.0830022 0.0646737 0.0517716 0.1231401 0.1228828 0.1382630 0.1082289 0.1099069 0.0665882 0.1333828 0.0000000 0.1120310 0.1409388 0.0548282 0.0614354 0.1273320 0.1487090 0.0633467 0.1177102 0.1107277 0.0655706 0.0642788 0.0641195 0.1124832 0.1076717 0.1310721 0.2756063 0.1398426 0.1322931 0.1187993 0.1217191 0.1127420 0.1109222 0.1110708 0.1097092 0.1481170 0.1308072 0.0717027 0.0620935 0.0662900 0.1075328 0.0612303 0.1131281 0.1352758 0.1388708 0.1345432 0.1576658 0.1360571 0.1430844 0.1354873 0.1349648 0.2433969 0.1135467 0.2550417 0.0490179 0.1423087 0.1251656 0.1359491 0.1253751 0.1094632 0.1289060 0.1173397 0.0494619 0.0600233 0.0595024 0.0863552 0.0649674 0.1179459 0.1067262 0.1337952 0.1175202 0.1130768 0.1078364 0.1476257 0.1241490 0.1212960 0.0583717 0.1269963 0.1189742 0.0724157 0.1256017 0.1135136 0.0533140 0.1361934 0.0645045 0.1065874 0.1206098 0.1414442 0.1132180 0.1198244 0.0655548 0.1254064 0.0756244 0.1155432 0.1142539 0.1236755 0.1134317 0.0655396 0.1217314 0.1044785 0.1151921 0.1107706 0.1282472 0.1049841 
S0419         0.2554202 0.0938993 0.0148482 0.1341428 0.0569572 0.0912557 0.1312525 0.0889356 0.1069986 0.1191100 0.1466334 0.1227520 0.1173330 0.1020153 0.1050767 0.1146797 0.0883304 0.0899889 0.1324975 0.1063416 0.1120310 0.0000000 0.1156231 0.0941636 0.1060177 0.1076937 0.1193812 0.1253821 0.0929069 0.0906514 0.1325328 0.1055000 0.0987739 0.0832021 0.0902975 0.0519025 0.2533418 0.1110230 0.1085713 0.0970665 0.1026270 0.0120883 0.0941460 0.0099842 0.0108013 0.1257772 0.0521879 0.1100933 0.1002102 0.1057728 0.0815852 0.1163487 0.0881259 0.1099626 0.1115007 0.1129198 0.1255730 0.0501660 0.1203504 0.1039926 0.1105943 0.2197281 0.0120571 0.2288909 0.0867176 0.1093321 0.0991835 0.1037648 0.1006619 0.0921620 0.1019844 0.0921581 0.1203924 0.0971655 0.0965715 0.1276763 0.1291704 0.0797900 0.0869645 0.1082745 0.0942770 0.0964891 0.0866866 0.1134277 0.1025542 0.1021758 0.1053018 0.1037926 0.0984291 0.1345523 0.0921773 0.0129199 0.1238811 0.0497377 0.1033507 0.0929062 0.0423731 0.1148538 0.0877936 0.0989361 0.1302156 0.0951293 0.1256120 0.0937895 0.0908856 0.1001668 0.0935274 0.1018957 0.0923895 0.0777724 0.0665159 0.0857650 0.0975135 0.0807721 
S0427         0.2473279 0.0921514 0.1153589 0.1643809 0.1332708 0.0962658 0.1680607 0.1088949 0.1093967 0.1194540 0.1704437 0.1579311 0.1437648 0.1206140 0.1127369 0.0654560 0.0944158 0.0916941 0.1655838 0.0987066 0.1409388 0.1156231 0.0000000 0.1308325 0.1379459 0.1153386 0.1190105 0.1608502 0.0960216 0.0927714 0.1658537 0.1353327 0.1261541 0.0825868 0.0935573 0.1211849 0.2512207 0.1004505 0.1319805 0.0991938 0.1041589 0.1169289 0.0973418 0.1142288 0.1161525 0.1350617 0.1235444 0.1393005 0.1262501 0.1301957 0.1025971 0.1469760 0.0973168 0.1182934 0.1205679 0.1199407 0.1193683 0.1335501 0.1416018 0.1146940 0.1178886 0.2127067 0.1182765 0.2280532 0.1130590 0.1297177 0.1197411 0.0947772 0.1270066 0.0954561 0.0960922 0.1106861 0.1545140 0.1268515 0.1279298 0.1528706 0.1585682 0.0938961 0.0921273 0.1240819 0.1109098 0.0988787 0.0878462 0.1113969 0.1257438 0.0904811 0.1296886 0.1206951 0.1101202 0.1694115 0.0891769 0.1171424 0.1566842 0.1319222 0.1303009 0.0990784 0.1171756 0.1311615 0.1087075 0.0972435 0.1556106 0.0926474 0.1464153 0.0911203 0.0879979 0.1115714 0.1107078 0.1327292 0.1080089 0.1030278 0.1080154 0.1105312 0.0542566 0.1035513 
S0428sl       0.2417785 0.1083960 0.1033001 0.0661441 0.1283900 0.1094411 0.0630750 0.1034914 0.1166478 0.1254814 0.0653674 0.0492969 0.0528321 0.1147566 0.0973268 0.1255617 0.1029927 0.1108806 0.0602845 0.1250568 0.0548282 0.0941636 0.1308325 0.0000000 0.0515197 0.1152326 0.1333200 0.0550494 0.1158149 0.1143952 0.0676466 0.0537810 0.0468979 0.1051680 0.1014757 0.1224416 0.2464533 0.1187521 0.1127367 0.1192339 0.1195393 0.1004668 0.1045095 0.0993765 0.1004996 0.1357535 0.1209776 0.0699558 0.0444081 0.0525675 0.0923592 0.0633850 0.1103667 0.1134898 0.1193779 0.1257902 0.1398481 0.1290127 0.1257561 0.1252920 0.1076965 0.2081682 0.1018328 0.2185734 0.0535844 0.1323471 0.1025372 0.1324570 0.1082288 0.1061720 0.1211539 0.1025466 0.0441414 0.0495141 0.0468653 0.0789758 0.0654884 0.1371539 0.1025618 0.1076030 0.1055795 0.1106222 0.1057212 0.1398568 0.1170071 0.1166831 0.0450269 0.1123563 0.1090464 0.0710178 0.1143952 0.1002554 0.0539552 0.1306183 0.0505627 0.1035212 0.1170589 0.1156773 0.1051517 0.1083617 0.0585844 0.1054935 0.0617285 0.1125102 0.1097964 0.1086957 0.1038870 0.0536289 0.1087176 0.0969696 0.1051468 0.1027680 0.1126679 0.0920814 
S0478         0.2533283 0.1179657 0.1097644 0.0797246 0.1447483 0.1126129 0.0767246 0.1030205 0.1287703 0.1360159 0.0927228 0.0742347 0.0603608 0.1240480 0.1196350 0.1287658 0.1065648 0.1082566 0.0750710 0.1271173 0.0614354 0.1060177 0.1379459 0.0515197 0.0000000 0.1217703 0.1437883 0.0709589 0.1119603 0.1083393 0.0776040 0.0536190 0.0510638 0.1060167 0.1065553 0.1305934 0.2700419 0.1350352 0.1272373 0.1141464 0.1209628 0.1084257 0.1087133 0.1067576 0.1065296 0.1443019 0.1300181 0.0616201 0.0490258 0.0584293 0.1001008 0.0680150 0.1033814 0.1273083 0.1300487 0.1264327 0.1457921 0.1317228 0.1362567 0.1253551 0.1263547 0.2290417 0.1075192 0.2433154 0.0460480 0.1259274 0.1208808 0.1318030 0.1183031 0.1089669 0.1278823 0.1096603 0.0662841 0.0470421 0.0465425 0.0739346 0.0751725 0.1008838 0.1039475 0.1264316 0.1080144 0.1143314 0.1055234 0.1371482 0.1169293 0.1230059 0.0558608 0.1166292 0.1097165 0.0817132 0.1234407 0.1092228 0.0681673 0.1318554 0.0539690 0.1072673 0.1195570 0.1310257 0.1104509 0.1159413 0.0762791 0.1152897 0.0672603 0.1146515 0.1083198 0.1244671 0.1101998 0.0526768 0.1174068 0.0998584 0.1099492 0.1059416 0.1194568 0.0963823 
S0552sl       0.2670154 0.1089959 0.1068705 0.1374635 0.1285859 0.1050830 0.1257402 0.0880347 0.1245305 0.1210210 0.1406625 0.1269549 0.1237861 0.1003161 0.0903694 0.1182380 0.1025363 0.1038492 0.1409178 0.1188776 0.1273320 0.1076937 0.1153386 0.1152326 0.1217703 0.0000000 0.1271765 0.1360918 0.1050603 0.1049859 0.1338388 0.1280854 0.1139224 0.0962271 0.1036005 0.1230879 0.2570767 0.1263892 0.1157035 0.1093329 0.0263942 0.1089743 0.1068262 0.1067470 0.1087715 0.0692709 0.1243428 0.1346779 0.1203445 0.1300270 0.0852504 0.1198995 0.0214090 0.0615073 0.0428874 0.0300330 0.1287455 0.1263598 0.1284275 0.0595051 0.0592313 0.2226574 0.1103251 0.2363285 0.1031175 0.0628161 0.1012163 0.1092943 0.0947593 0.1036083 0.1104206 0.0938693 0.1340229 0.1200224 0.1206320 0.1528997 0.1262403 0.1076360 0.0971201 0.1082315 0.0884456 0.1082666 0.0991675 0.1210287 0.0924267 0.1098936 0.1239663 0.0982499 0.0924682 0.1312802 0.1010397 0.1103179 0.1293771 0.1264969 0.1203913 0.1037681 0.1138255 0.0964026 0.0912070 0.1100997 0.1324104 0.1118552 0.1482570 0.1050232 0.1024209 0.0989681 0.0963404 0.1247228 0.0606144 0.0831122 0.0968913 0.0870179 0.1023142 0.0872679 
S0558         0.2767465 0.1011001 0.1186783 0.1659627 0.1404054 0.0972570 0.1710697 0.1154186 0.1119861 0.1199512 0.1834790 0.1668724 0.1457306 0.1344022 0.1298652 0.1173564 0.0920509 0.0955599 0.1740593 0.0964816 0.1487090 0.1193812 0.1190105 0.1333200 0.1437883 0.1271765 0.0000000 0.1616401 0.1004456 0.0926599 0.1716966 0.1530127 0.1359574 0.0860367 0.0942990 0.1292189 0.2608960 0.0981327 0.1357531 0.1061448 0.1232562 0.1207698 0.0986034 0.1169145 0.1172643 0.1497587 0.1331961 0.1556174 0.1412587 0.1450168 0.1160119 0.1559766 0.1134323 0.1202232 0.1247318 0.1326170 0.1263476 0.1419392 0.1469576 0.1237785 0.1229780 0.2238035 0.1211156 0.2409528 0.1225773 0.1334991 0.1260243 0.1136412 0.1319998 0.0976589 0.1079816 0.1244440 0.1598981 0.1388558 0.1395713 0.1661984 0.1589601 0.1265650 0.0911735 0.1386530 0.1191518 0.1014022 0.0860712 0.1071701 0.1338919 0.1027638 0.1375354 0.1276453 0.1240012 0.1685874 0.0983835 0.1196074 0.1536101 0.1400764 0.1355805 0.0975938 0.1165983 0.1343354 0.1221746 0.1032559 0.1617424 0.0995283 0.1558971 0.1052117 0.0841835 0.1293832 0.1275278 0.1436768 0.1176969 0.1081640 0.1214074 0.1183254 0.1047149 0.1080860 
S0624         0.2776057 0.1473599 0.1281905 0.0712586 0.1663062 0.1343847 0.0648511 0.1264940 0.1539686 0.1566332 0.0793323 0.0568618 0.0671812 0.1469780 0.1462531 0.1572528 0.1305609 0.1291612 0.0705315 0.1501829 0.0633467 0.1253821 0.1608502 0.0550494 0.0709589 0.1360918 0.1616401 0.0000000 0.1284101 0.1321890 0.0635323 0.0743757 0.0712295 0.1252348 0.1301606 0.1454499 0.2916871 0.1589137 0.1494515 0.1374730 0.1360366 0.1273496 0.1307526 0.1269022 0.1239921 0.1631102 0.1477107 0.0829310 0.0695360 0.0783409 0.1254359 0.0642881 0.1234326 0.1387169 0.1501626 0.1486241 0.1707561 0.1495047 0.1621052 0.1452641 0.1495742 0.2567266 0.1263290 0.2693446 0.0660496 0.1459454 0.1437835 0.1506989 0.1445847 0.1305053 0.1469057 0.1338042 0.0563033 0.0682807 0.0682836 0.0971143 0.0619406 0.1497415 0.1268642 0.1522691 0.1309030 0.1352986 0.1270450 0.1525753 0.1422883 0.1435268 0.0679527 0.1454697 0.1325640 0.0724582 0.1426724 0.1275779 0.0617581 0.1490111 0.0723318 0.1267222 0.1392354 0.1545529 0.1347785 0.1365323 0.0626609 0.1404960 0.0904718 0.1341387 0.1332040 0.1412900 0.1351092 0.0727010 0.1358285 0.1260571 0.1337700 0.1332828 0.1392321 0.1248012 
S0641         0.2460841 0.0638861 0.0937714 0.1419676 0.1195086 0.0350893 0.1353475 0.0900423 0.0489090 0.1060649 0.1481024 0.1335917 0.1236791 0.1017052 0.1110059 0.0932472 0.0308374 0.0319608 0.1382472 0.0788468 0.1177102 0.0929069 0.0960216 0.1158149 0.1119603 0.1050603 0.1004456 0.1284101 0.0000000 0.0309052 0.1388849 0.1071706 0.1026040 0.0598528 0.0320201 0.1049959 0.2369399 0.0896593 0.1096808 0.0389622 0.0973014 0.0919424 0.0355729 0.0931417 0.0928665 0.1209435 0.1051060 0.1215189 0.1051746 0.1103233 0.0829206 0.1272926 0.0878579 0.1028613 0.1071157 0.1094260 0.1076446 0.1139697 0.1191037 0.0959692 0.1037267 0.2021473 0.0933084 0.2193833 0.0907294 0.1080097 0.1016854 0.0629188 0.1042021 0.0321966 0.0598966 0.0885961 0.1271267 0.1015699 0.1021506 0.1331612 0.1271977 0.0895586 0.0298870 0.1089034 0.0918760 0.0359131 0.0312303 0.0818364 0.1016520 0.0575542 0.1050925 0.1019815 0.0953806 0.1430481 0.0547758 0.0949129 0.1238491 0.1123852 0.1061336 0.0343355 0.0964815 0.1091624 0.0917103 0.0398613 0.1336153 0.0520521 0.1240487 0.0474932 0.0660411 0.1055665 0.0910835 0.1057609 0.1002207 0.0823024 0.0936022 0.0918560 0.0833477 0.0836284 
S0643         0.2456936 0.0615359 0.0915359 0.1354054 0.1187127 0.0217163 0.1375016 0.0844563 0.0352873 0.1006506 0.1461386 0.1314798 0.1215627 0.0993497 0.1102558 0.0915488 0.0168481 0.0169379 0.1341341 0.0727753 0.1107277 0.0906514 0.0927714 0.1143952 0.1083393 0.1049859 0.0926599 0.1321890 0.0309052 0.0000000 0.1342087 0.1085371 0.0975840 0.0541528 0.0178769 0.1026516 0.2341440 0.0854758 0.1064711 0.0325722 0.0974652 0.0913052 0.0217295 0.0908775 0.0906125 0.1221975 0.1011453 0.1153768 0.1001100 0.1062671 0.0825362 0.1235789 0.0882023 0.1058312 0.1124478 0.1082765 0.1056534 0.1113296 0.1168215 0.1030248 0.1097259 0.2013870 0.0899833 0.2166885 0.0886545 0.1095796 0.0960691 0.0622578 0.1036639 0.0185999 0.0591849 0.0870523 0.1221137 0.0965910 0.0966185 0.1300836 0.1260502 0.0930818 0.0142338 0.1064966 0.0890292 0.0230035 0.0105193 0.0793613 0.1022710 0.0540555 0.1012840 0.0985352 0.0903245 0.1377158 0.0484185 0.0926281 0.1178386 0.1097696 0.1015809 0.0209357 0.0942148 0.1071053 0.0865090 0.0343644 0.1296459 0.0487269 0.1196548 0.0413359 0.0601289 0.0981111 0.0854710 0.1041345 0.0943498 0.0787213 0.0861176 0.0850300 0.0776227 0.0758070 
S0645sl       0.2777391 0.1528984 0.1353110 0.0670633 0.1656649 0.1375777 0.0685107 0.1313002 0.1588627 0.1604958 0.0800726 0.0621662 0.0753556 0.1410547 0.1412915 0.1633114 0.1326601 0.1330302 0.0802807 0.1607426 0.0655706 0.1325328 0.1658537 0.0676466 0.0776040 0.1338388 0.1716966 0.0635323 0.1388849 0.1342087 0.0000000 0.0790138 0.0812776 0.1353647 0.1316978 0.1569268 0.2771742 0.1601094 0.1551063 0.1422547 0.1346500 0.1325142 0.1344216 0.1327857 0.1312813 0.1540569 0.1525348 0.0856652 0.0796524 0.0849377 0.1287401 0.0696226 0.1203542 0.1472240 0.1506082 0.1409474 0.1732072 0.1589847 0.1673242 0.1394542 0.1434689 0.2492834 0.1322275 0.2649955 0.0747098 0.1486732 0.1449238 0.1581253 0.1422563 0.1340011 0.1555479 0.1394315 0.0626343 0.0789869 0.0794634 0.1038204 0.0657227 0.1540282 0.1285818 0.1533231 0.1320386 0.1403417 0.1294118 0.1671281 0.1389949 0.1495418 0.0828569 0.1480791 0.1383203 0.0690354 0.1508344 0.1334984 0.0684521 0.1585229 0.0815396 0.1318383 0.1444200 0.1489182 0.1363710 0.1413810 0.0719301 0.1441180 0.0945209 0.1432401 0.1376357 0.1423335 0.1328709 0.0864713 0.1324301 0.1294720 0.1392490 0.1342430 0.1473930 0.1329456 
S0656sl       0.2573487 0.1215386 0.1101382 0.0867697 0.1423871 0.1105629 0.0851527 0.1047415 0.1245013 0.1360039 0.1004118 0.0771216 0.0632950 0.1255101 0.1252595 0.1293115 0.1059706 0.1046971 0.0815545 0.1265715 0.0642788 0.1055000 0.1353327 0.0537810 0.0536190 0.1280854 0.1530127 0.0743757 0.1071706 0.1085371 0.0790138 0.0000000 0.0545098 0.1052494 0.1053752 0.1311960 0.2701582 0.1342488 0.1286202 0.1130426 0.1242000 0.1081351 0.1081480 0.1064393 0.1056161 0.1496207 0.1293415 0.0281178 0.0529709 0.0269279 0.1020944 0.0789943 0.1096005 0.1285026 0.1356195 0.1332245 0.1518712 0.1313910 0.1366874 0.1242328 0.1291508 0.2307075 0.1072204 0.2435264 0.0480525 0.1329211 0.1259085 0.1304439 0.1197051 0.1046158 0.1242288 0.1128087 0.0668056 0.0503018 0.0498098 0.0425353 0.0835248 0.1234734 0.1044321 0.1364550 0.1116821 0.1102052 0.1055549 0.1373914 0.1185442 0.1215849 0.0437756 0.1234868 0.1116919 0.0903002 0.1224242 0.1089368 0.0734486 0.1315267 0.0590315 0.1049301 0.1206375 0.1318763 0.1133075 0.1123473 0.0803530 0.1152178 0.0380081 0.1100018 0.1101176 0.1273262 0.1137145 0.0561990 0.1204054 0.0978397 0.1075986 0.1103012 0.1192851 0.0967340 
S0673         0.2399132 0.1067127 0.1021550 0.0843122 0.1376117 0.1016730 0.0793077 0.0970285 0.1143001 0.1289602 0.0950858 0.0755693 0.0641704 0.1152862 0.1087766 0.1250099 0.0946476 0.0951289 0.0770748 0.1179755 0.0641195 0.0987739 0.1261541 0.0468979 0.0510638 0.1139224 0.1359574 0.0712295 0.1026040 0.0975840 0.0812776 0.0545098 0.0000000 0.0996136 0.0956198 0.1210984 0.2587548 0.1307823 0.1228099 0.1025358 0.1111815 0.1010981 0.0977529 0.0989412 0.0992687 0.1353577 0.1188466 0.0635207 0.0172303 0.0573158 0.0933578 0.0727444 0.0990835 0.1195571 0.1264588 0.1224288 0.1362013 0.1234255 0.1257027 0.1208207 0.1240524 0.2243202 0.1008022 0.2327635 0.0428859 0.1267886 0.1115117 0.1181678 0.1122893 0.0969560 0.1120260 0.1018535 0.0681364 0.0193577 0.0197797 0.0768387 0.0759860 0.0930787 0.0916310 0.1218082 0.1023673 0.1009809 0.0934517 0.1253388 0.1169634 0.1118150 0.0545984 0.1131589 0.1016113 0.0846134 0.1047456 0.1024377 0.0711329 0.1229770 0.0211366 0.0952533 0.1094000 0.1292664 0.1009601 0.1033407 0.0786893 0.1068051 0.0711650 0.1030490 0.1000655 0.1102213 0.1054297 0.0310070 0.1120598 0.0888397 0.0980159 0.0970117 0.1067455 0.0878268 
S0689         0.2365514 0.0619256 0.0825068 0.1356737 0.1085916 0.0566893 0.1328972 0.0750878 0.0701076 0.1008012 0.1468261 0.1278919 0.1142480 0.0947291 0.1000794 0.0808955 0.0525426 0.0548653 0.1360471 0.0672901 0.1124832 0.0832021 0.0825868 0.1051680 0.1060167 0.0962271 0.0860367 0.1252348 0.0598528 0.0541528 0.1353647 0.1052494 0.0996136 0.0000000 0.0530543 0.0938215 0.2351745 0.0692307 0.1003357 0.0609528 0.0879314 0.0843782 0.0587437 0.0838835 0.0831730 0.1169477 0.0967204 0.1108812 0.1010640 0.1029462 0.0740122 0.1210617 0.0802823 0.1012145 0.0963308 0.1010752 0.0980929 0.1037338 0.1061690 0.0974842 0.1034216 0.2002517 0.0857216 0.2142545 0.0984968 0.1050141 0.0945568 0.0702120 0.0947828 0.0560489 0.0665447 0.0810323 0.1251529 0.0952933 0.0953208 0.1242928 0.1245442 0.0759665 0.0524860 0.1069013 0.0790523 0.0610926 0.0507557 0.0767762 0.0985368 0.0640856 0.0983657 0.0896684 0.0843912 0.1364234 0.0623481 0.0862446 0.1221165 0.1021745 0.0984793 0.0555015 0.0873162 0.1038614 0.0809654 0.0599510 0.1283283 0.0579569 0.1146855 0.0567415 0.0399013 0.0970131 0.0840629 0.1062710 0.0895607 0.0712658 0.0819879 0.0800171 0.0747586 0.0758542 
