129
PAFTOL_019361 0.0000000 0.2971100 0.3003582 0.3110194 0.2919657 0.3047562 0.3252897 0.3154259 0.3007694 0.3327514 0.3320081 0.3310253 0.3217974 0.3553123 0.2793419 0.3464272 0.2795325 0.3252344 0.3403061 0.3056660 0.2936433 0.3069513 0.3350930 0.2988685 0.3067465 0.3258680 0.2839317 0.3494663 0.2737852 0.3307283 0.3560229 0.3646179 0.3025416 0.2964547 0.3033754 0.2994514 0.2999834 0.2844247 0.3137932 0.3122424 0.3218292 0.3426003 0.3302681 0.3446930 0.3510522 0.3107495 0.3024188 0.3348475 0.3064485 0.3060936 0.3029136 0.3060451 0.3306943 0.3117342 0.3142407 0.3585952 0.2790065 0.2767623 0.3543498 0.3267221 0.3105739 0.3515954 0.3333612 0.3159511 0.3356573 0.2704722 0.3302365 0.3255370 0.3754617 0.3144965 0.2777263 0.3336912 0.3015605 0.3374058 0.3299235 0.2792688 0.3642759 0.2967550 0.3442204 0.3423919 0.3044552 0.2952858 0.2862549 0.2888413 0.2737981 0.2812400 0.3540653 0.3009233 0.2732603 0.3514306 0.3466860 0.3417117 0.3095300 0.3668067 0.3423981 0.2914049 0.3110837 0.2970899 0.2884925 0.3606880 0.3000856 0.2826901 0.3234011 0.3063875 0.3489837 0.3116641 0.3095150 0.3137411 0.3353699 0.2844548 0.3033759 0.3467109 0.3601743 0.3148441 0.3322905 0.3155569 0.2949170 0.3064036 0.2997219 0.3077728 0.3338691 0.3301649 0.2984664 0.3105551 0.3305550 0.2963641 0.3139233 0.3379255 0.2925952 
S0055         0.2971100 0.0000000 0.0819809 0.1269951 0.1157143 0.0733743 0.1118183 0.1308316 0.0834165 0.0978650 0.0899621 0.1522072 0.1065184 0.1328119 0.1163049 0.1139418 0.1033542 0.1327824 0.1135749 0.0856153 0.0746945 0.0777063 0.0996471 0.1116443 0.0924964 0.1013747 0.1309309 0.1167180 0.0968777 0.1013979 0.1233741 0.1355370 0.1216907 0.0629851 0.0694146 0.1181331 0.1070956 0.1031782 0.0789890 0.0841814 0.1035613 0.1120565 0.1576104 0.0998484 0.1194301 0.0933045 0.0723522 0.0980639 0.0766122 0.0823432 0.0766248 0.0850024 0.1121297 0.1055900 0.1070384 0.1361535 0.0982699 0.0773212 0.1393337 0.1059500 0.0893116 0.0991629 0.0957358 0.0804910 0.1202629 0.1245679 0.0961490 0.1071245 0.1387762 0.1055008 0.0826207 0.1595870 0.0821253 0.1652537 0.1063192 0.0894128 0.1283049 0.0629910 0.1096514 0.1601790 0.0734753 0.0592933 0.0751496 0.1193582 0.0978665 0.1057512 0.1187251 0.1178454 0.1199948 0.1260886 0.1173545 0.1134569 0.0781362 0.1382279 0.1028392 0.0704630 0.0763304 0.0698782 0.0553959 0.1176243 0.0713538 0.0973196 0.0799629 0.0924037 0.1464196 0.0695785 0.0881190 0.1218085 0.1189024 0.1045158 0.0682854 0.1214332 0.1167846 0.0948269 0.0895648 0.1305394 0.0716152 0.1119656 0.0500766 0.0833228 0.1019154 0.1110561 0.1089250 0.0959609 0.1325010 0.0778229 0.0848982 0.1231756 0.0888512 
S0196sl       0.3003582 0.0819809 0.0000000 0.1307141 0.0810058 0.0984733 0.1150748 0.1259661 0.0955000 0.1205953 0.1162075 0.1498761 0.1108172 0.1322877 0.1174581 0.1163906 0.0950715 0.1426376 0.1111181 0.0857796 0.0971264 0.1051984 0.1120832 0.1037943 0.0350123 0.1129220 0.1210984 0.1145072 0.0893415 0.1135570 0.1359471 0.1506566 0.1196919 0.0923617 0.0968046 0.1156735 0.0982087 0.1086526 0.1033598 0.1099618 0.0524869 0.1111392 0.1636458 0.1201663 0.1159459 0.0853797 0.0988037 0.1068576 0.0281962 0.1061966 0.0269744 0.0308752 0.1187836 0.0557223 0.1018096 0.1463081 0.1049158 0.0816102 0.1547505 0.1046246 0.0971936 0.1159752 0.1128213 0.1030343 0.0685733 0.1302942 0.0966023 0.1106159 0.1437219 0.1217761 0.1001822 0.1591807 0.0270163 0.1701245 0.1239686 0.0992662 0.1455354 0.0925613 0.1261442 0.1662872 0.1002625 0.1004059 0.0756688 0.1109269 0.1029085 0.1116721 0.1167075 0.1187671 0.1245144 0.1369825 0.1224787 0.1128147 0.1039363 0.1504465 0.1202557 0.0840031 0.0990305 0.0973555 0.1069097 0.1345564 0.1045643 0.0989792 0.0962629 0.1038894 0.1518798 0.1049709 0.0336247 0.1218524 0.0671484 0.1098134 0.0971050 0.0713414 0.1384059 0.0950689 0.1096524 0.1268538 0.0922119 0.1202981 0.0845110 0.1064767 0.1180338 0.1291814 0.1132292 0.1041807 0.1478576 0.0552322 0.0876897 0.1180523 0.0990759 
S0278         0.3110194 0.1269951 0.1307141 0.0000000 0.1356986 0.1385865 0.1716703 0.0717695 0.1271416 0.1573581 0.1705427 0.0855495 0.1742754 0.1886463 0.0485494 0.1769623 0.0614864 0.1647073 0.1763473 0.1274915 0.1388503 0.1378176 0.1397854 0.0757950 0.1517624 0.1492349 0.1029123 0.1816761 0.0874832 0.1440280 0.1681604 0.2003906 0.0738162 0.1362498 0.1336995 0.0729383 0.0901586 0.0993664 0.1501030 0.1461416 0.1579849 0.1745631 0.1957958 0.1614763 0.1779620 0.1349290 0.1347416 0.1530189 0.1420085 0.1486198 0.1421827 0.1474014 0.1650838 0.1638989 0.1035220 0.1904414 0.0872898 0.0754247 0.1800241 0.1563993 0.1370442 0.1517929 0.1476296 0.1512327 0.1678719 0.1606942 0.1544525 0.1753193 0.1944840 0.1486074 0.1340312 0.1968896 0.1440666 0.1981016 0.1568462 0.1396936 0.1947846 0.1297617 0.1410669 0.1996679 0.1308286 0.1379048 0.1237193 0.0764547 0.0870400 0.0873442 0.1826729 0.1093320 0.0737450 0.1952627 0.1819997 0.1761492 0.1343397 0.1942631 0.1380964 0.1154517 0.1342836 0.1365447 0.1306158 0.1615388 0.1446343 0.0966339 0.1278479 0.1383391 0.0890930 0.1458196 0.1397242 0.0794057 0.1663816 0.0891465 0.1312344 0.1716655 0.1506955 0.1328528 0.1560900 0.0766808 0.1322484 0.0994389 0.1336720 0.1643786 0.1453709 0.1568314 0.0850943 0.1590172 0.1776621 0.1447422 0.1286558 0.1621201 0.1476319 
S0281         0.2919657 0.1157143 0.0810058 0.1356986 0.0000000 0.1109704 0.1425291 0.1419234 0.1168731 0.1378462 0.1418952 0.1574884 0.1380540 0.1602608 0.1312072 0.1468781 0.1155486 0.1459235 0.1462752 0.1088165 0.1163678 0.1168784 0.1223494 0.1240178 0.0808992 0.1214739 0.1201276 0.1502345 0.1197063 0.1240792 0.1576283 0.1734308 0.1267119 0.1182033 0.1086435 0.1242397 0.1132420 0.1205703 0.1206081 0.1234242 0.0839683 0.1496852 0.1719857 0.1216294 0.1496654 0.1111547 0.1114861 0.1206911 0.0730813 0.1279244 0.0731600 0.0762773 0.1131729 0.0861040 0.1331102 0.1574909 0.1136458 0.0994770 0.1528963 0.1372202 0.1081575 0.1267428 0.1178028 0.1312924 0.0875586 0.1444388 0.1378533 0.1392275 0.1739765 0.1120258 0.0941669 0.1755739 0.0761160 0.1776247 0.1375054 0.1216013 0.1594094 0.1104778 0.1314387 0.1724004 0.1178629 0.1149600 0.1036341 0.1345138 0.1138102 0.1193460 0.1487056 0.1383076 0.1303361 0.1643934 0.1545212 0.1444955 0.1168015 0.1616312 0.1363202 0.1125976 0.1195181 0.1092411 0.1280326 0.1582382 0.1228960 0.1278448 0.1126509 0.1383050 0.1514660 0.1071833 0.0795228 0.1357578 0.0861560 0.1212252 0.1101434 0.0949633 0.1550894 0.1324033 0.1179023 0.1363206 0.1073497 0.1377989 0.1159446 0.1379767 0.1238050 0.1310821 0.1288718 0.1191835 0.1499308 0.0970601 0.1166759 0.1421832 0.1082092 
S0282         0.3047562 0.0733743 0.0984733 0.1385865 0.1109704 0.0000000 0.1200067 0.1246670 0.0899068 0.0318084 0.1059822 0.1535858 0.1160110 0.1316423 0.1248467 0.1196962 0.1029217 0.1431118 0.1227354 0.0968168 0.0199397 0.0234356 0.1034174 0.1078355 0.1037351 0.0971598 0.1395312 0.1228385 0.0979964 0.1105000 0.1258731 0.1433784 0.1167707 0.0591953 0.0225723 0.1250494 0.1025001 0.1011576 0.0797763 0.0307724 0.1121996 0.1241681 0.1643756 0.1016725 0.1271320 0.1039690 0.0210604 0.1106822 0.0886344 0.0270750 0.0915378 0.0959130 0.1199574 0.1114175 0.1105545 0.1458441 0.0988148 0.0798166 0.1539796 0.1075712 0.0930617 0.1162816 0.1079232 0.0991424 0.1276341 0.1362079 0.1088371 0.1260659 0.1392506 0.1067184 0.0988665 0.1696814 0.0930322 0.1713342 0.1233140 0.0982403 0.1458859 0.0498638 0.1213471 0.1695303 0.0256616 0.0643496 0.0788394 0.1139222 0.0988030 0.1081661 0.1264595 0.1166808 0.1287104 0.1329092 0.1236795 0.1195971 0.0270449 0.1512120 0.1159356 0.0832808 0.0268793 0.0200377 0.0768967 0.1340488 0.0658637 0.0997032 0.0904989 0.1034341 0.1426405 0.0642057 0.0978395 0.1289974 0.1262612 0.0995037 0.0154254 0.1279041 0.1319106 0.1074621 0.0355006 0.1300713 0.0540211 0.1220633 0.0435261 0.0890456 0.1097761 0.1232107 0.1114095 0.0966329 0.1472023 0.0858208 0.0942468 0.1221461 0.1043428 
S0288         0.3252897 0.1118183 0.1150748 0.1716703 0.1425291 0.1200067 0.0000000 0.1632096 0.1288468 0.1508214 0.1438780 0.1947925 0.0145614 0.0664012 0.1438726 0.0168322 0.1204972 0.1791218 0.0131393 0.1192221 0.1234420 0.1187056 0.1529560 0.1364563 0.1206444 0.1334602 0.1625695 0.0118960 0.1084303 0.1450503 0.1619322 0.1045510 0.1543973 0.1291024 0.1196942 0.1498388 0.1197189 0.1360036 0.1307383 0.1393627 0.1323497 0.0143546 0.1823514 0.1467085 0.0168059 0.1148732 0.1254189 0.1356812 0.1078813 0.1334624 0.1080136 0.1115904 0.1457844 0.1367602 0.1410122 0.0886322 0.1267530 0.1116902 0.2022498 0.0345834 0.1241907 0.1493557 0.1441098 0.1394017 0.1542125 0.1483154 0.1320295 0.0738164 0.0820756 0.1412545 0.1255111 0.1827180 0.1064302 0.1896598 0.1569530 0.1250943 0.0813167 0.1120978 0.1665127 0.1834328 0.1230934 0.1323393 0.1101599 0.1447851 0.1261660 0.1372996 0.0156395 0.1405273 0.1492518 0.0835882 0.0171616 0.0106963 0.1238942 0.0887826 0.1506684 0.1223434 0.1266690 0.1209564 0.1292598 0.1819969 0.1277902 0.1243895 0.1315764 0.1342205 0.1838637 0.1408495 0.1170126 0.1523894 0.1544033 0.1322236 0.1202259 0.1576749 0.1926437 0.1352455 0.1366865 0.1786070 0.1232970 0.1455187 0.1178757 0.1301972 0.1397160 0.1631220 0.1427641 0.1369165 0.1781417 0.1032420 0.1239158 0.1529201 0.1219055 
S0289         0.3154259 0.1308316 0.1259661 0.0717695 0.1419234 0.1246670 0.1632096 0.0000000 0.1303129 0.1412839 0.1612941 0.0866038 0.1659465 0.1920035 0.0454371 0.1728855 0.0652693 0.1666152 0.1723538 0.1286612 0.1233646 0.1238309 0.1476053 0.0676022 0.1429277 0.1427243 0.0949482 0.1776878 0.0720421 0.1507606 0.1530921 0.1995577 0.0603141 0.1268256 0.1195566 0.0741175 0.0761302 0.0842106 0.1518564 0.1366471 0.1461194 0.1722786 0.1781322 0.1595600 0.1756683 0.1264946 0.1223757 0.1585436 0.1304084 0.1354615 0.1290493 0.1340795 0.1576196 0.1519097 0.0885782 0.1970725 0.0780687 0.0575971 0.1882832 0.1553807 0.1404763 0.1551877 0.1617463 0.1421652 0.1590620 0.1408619 0.1538749 0.1666621 0.1942470 0.1403986 0.1360777 0.1825731 0.1324183 0.1854728 0.1719318 0.1326772 0.1973353 0.1182445 0.1455716 0.1853166 0.1216273 0.1255614 0.1118744 0.0616293 0.0791524 0.0835422 0.1786813 0.0992394 0.0729852 0.1925390 0.1751214 0.1720867 0.1233475 0.2019393 0.1440452 0.1215123 0.1249586 0.1210550 0.1293287 0.1637725 0.1333881 0.0800489 0.1310930 0.1435383 0.0818674 0.1353007 0.1328078 0.0629050 0.1592458 0.0796258 0.1158757 0.1605940 0.1544116 0.1356977 0.1455570 0.0749402 0.1299221 0.0850427 0.1208074 0.1567342 0.1431117 0.1653469 0.0728906 0.1447313 0.1820877 0.1236652 0.1252034 0.1661734 0.1409461 
S0292         0.3007694 0.0834165 0.0955000 0.1271416 0.1168731 0.0899068 0.1288468 0.1303129 0.0000000 0.1113274 0.1160077 0.1562852 0.1246050 0.1504150 0.1208752 0.1282968 0.1051420 0.1390127 0.1248542 0.0759482 0.0942131 0.0959422 0.1185502 0.1101820 0.1088756 0.0993834 0.1426219 0.1279846 0.1078073 0.1000714 0.1350596 0.1616260 0.1191467 0.0903711 0.0875548 0.1167553 0.1036265 0.1107473 0.1064163 0.0931028 0.1092705 0.1277369 0.1579446 0.1241208 0.1292866 0.1052884 0.0930631 0.0969193 0.0963136 0.0950140 0.0964171 0.1009627 0.1028589 0.1131013 0.1147720 0.1638670 0.1095511 0.0864095 0.1400993 0.1212000 0.0891009 0.0969933 0.0990065 0.1026022 0.1356002 0.1273583 0.1111889 0.1346632 0.1582037 0.0990650 0.0783859 0.1620159 0.1007553 0.1638172 0.1153584 0.0972533 0.1606151 0.0889245 0.0688249 0.1636878 0.0942099 0.0885042 0.0767768 0.1168017 0.1109504 0.1157259 0.1316802 0.1244239 0.1208668 0.1536360 0.1335411 0.1261624 0.0962161 0.1654744 0.1191045 0.0208260 0.0972696 0.0892142 0.0834572 0.0757548 0.0969602 0.1109740 0.0307120 0.0355262 0.1506394 0.0946775 0.0981734 0.1384119 0.1340870 0.1087735 0.0819425 0.1327577 0.0816036 0.0992902 0.0978771 0.1260499 0.0928980 0.1249854 0.0803038 0.1160871 0.1152405 0.1153533 0.1209682 0.0946592 0.1297197 0.0891870 0.0890549 0.1273151 0.0934672 
S0293         0.3327514 0.0978650 0.1205953 0.1573581 0.1378462 0.0318084 0.1508214 0.1412839 0.1113274 0.0000000 0.1319360 0.1736402 0.1472846 0.1647238 0.1464617 0.1530581 0.1209536 0.1598867 0.1563688 0.1234647 0.0402802 0.0440357 0.1282909 0.1214105 0.1256213 0.1176990 0.1553177 0.1565086 0.1125645 0.1387260 0.1469805 0.1708626 0.1326319 0.0814056 0.0421531 0.1336217 0.1243794 0.1234306 0.1036163 0.0533737 0.1332453 0.1579047 0.1917635 0.1308830 0.1578560 0.1313815 0.0428132 0.1413504 0.1110575 0.0468177 0.1112737 0.1188640 0.1444458 0.1325347 0.1259150 0.1805154 0.1166245 0.1061109 0.1752806 0.1398348 0.1192500 0.1434950 0.1387022 0.1197635 0.1472419 0.1613217 0.1362725 0.1593487 0.1628733 0.1222826 0.1119051 0.1977005 0.1157871 0.2011006 0.1472455 0.1205989 0.1809038 0.0712358 0.1452112 0.1983703 0.0462774 0.0831052 0.0981061 0.1327075 0.1166094 0.1280647 0.1605814 0.1439430 0.1475353 0.1616617 0.1530799 0.1529335 0.0492390 0.1829692 0.1329074 0.1080220 0.0476220 0.0416771 0.1038488 0.1538792 0.0899488 0.1236701 0.1121040 0.1259880 0.1560833 0.0852991 0.1210250 0.1463177 0.1456123 0.1219178 0.0366569 0.1507410 0.1565921 0.1302210 0.0583989 0.1515630 0.0774626 0.1431972 0.0681973 0.1159128 0.1313201 0.1497140 0.1331336 0.1169719 0.1678771 0.1113233 0.1190228 0.1430780 0.1326256 
S0294         0.3320081 0.0899621 0.1162075 0.1705427 0.1418952 0.1059822 0.1438780 0.1612941 0.1160077 0.1319360 0.0000000 0.1919031 0.1442536 0.1674563 0.1530354 0.1544889 0.1444025 0.1682632 0.1523317 0.1072474 0.1119423 0.1123625 0.1259517 0.1478255 0.1301071 0.1176325 0.1615365 0.1573200 0.1284633 0.1401804 0.1595723 0.1830086 0.1529796 0.0933211 0.1033296 0.1678934 0.1344496 0.1431140 0.1174452 0.1169126 0.1296437 0.1522689 0.2020227 0.1298253 0.1570558 0.1291961 0.1107679 0.1456058 0.1151955 0.1147128 0.1137924 0.1201914 0.1611127 0.1334314 0.1412142 0.1794856 0.1425855 0.1018244 0.1752921 0.1390391 0.1168458 0.1533755 0.1407522 0.0660842 0.1579091 0.1569444 0.1380284 0.1553554 0.1707996 0.1407425 0.1133610 0.2044646 0.1214816 0.2106096 0.1588387 0.1291893 0.1814097 0.0903138 0.1411864 0.2068745 0.1061671 0.0882542 0.1086766 0.1599211 0.1419639 0.1467475 0.1581622 0.1350496 0.1554465 0.1700728 0.1519300 0.1521033 0.1064453 0.1835511 0.1329835 0.1031103 0.1109155 0.1052639 0.1153983 0.1625658 0.0981637 0.1247382 0.1137857 0.1263143 0.1763415 0.0858645 0.1267741 0.1717995 0.1596639 0.1414133 0.0976417 0.1623407 0.1492188 0.1341250 0.1273559 0.1679038 0.1086537 0.1402666 0.0911272 0.1242965 0.1370915 0.1498421 0.1492618 0.1393119 0.1752527 0.1138623 0.1256291 0.1427788 0.1262212 
S0299         0.3310253 0.1522072 0.1498761 0.0855495 0.1574884 0.1535858 0.1947925 0.0866038 0.1562852 0.1736402 0.1919031 0.0000000 0.1885404 0.2105933 0.0726023 0.1888682 0.0868218 0.1956862 0.1923827 0.1530561 0.1522270 0.1521624 0.1629173 0.1004211 0.1720035 0.1606103 0.1064441 0.1967200 0.0984312 0.1703313 0.1832068 0.2132307 0.0820698 0.1567798 0.1464978 0.0941183 0.1197787 0.1068446 0.1625733 0.1665708 0.1627033 0.1903858 0.2197399 0.1803104 0.1967120 0.1265132 0.1508885 0.1616859 0.1529268 0.1675866 0.1471442 0.1610800 0.1814418 0.1692294 0.1069705 0.2119560 0.0980486 0.0874834 0.2006085 0.1846646 0.1596584 0.1649835 0.1770020 0.1760878 0.1815907 0.1922673 0.1737541 0.1797184 0.2185887 0.1504776 0.1566059 0.2216906 0.1524956 0.2245920 0.1793340 0.1542599 0.2274482 0.1423535 0.1743978 0.2155062 0.1480155 0.1544037 0.1388757 0.1018869 0.0992409 0.1065430 0.2018106 0.1275932 0.0712817 0.2047761 0.2041291 0.1969522 0.1562854 0.2256334 0.1630661 0.1464037 0.1539338 0.1512143 0.1660992 0.1855117 0.1641349 0.1072281 0.1668879 0.1642134 0.1016067 0.1590261 0.1570517 0.0837425 0.1831406 0.1155028 0.1479194 0.1925588 0.1798197 0.1604647 0.1721294 0.0843552 0.1505734 0.1103609 0.1453009 0.1773440 0.1753019 0.1800210 0.1001345 0.1737763 0.1906831 0.1505648 0.1557656 0.1732664 0.1766175 
S0303         0.3217974 0.1065184 0.1108172 0.1742754 0.1380540 0.1160110 0.0145614 0.1659465 0.1246050 0.1472846 0.1442536 0.1885404 0.0000000 0.0647497 0.1466921 0.0129616 0.1234651 0.1744695 0.0093569 0.1204172 0.1209337 0.1163220 0.1486156 0.1390902 0.1150089 0.1309692 0.1512560 0.0093887 0.1131619 0.1391686 0.1626425 0.0999286 0.1589761 0.1267274 0.1141361 0.1526216 0.1219426 0.1334393 0.1249320 0.1348464 0.1265902 0.0105415 0.1861621 0.1474876 0.0117753 0.1193764 0.1181129 0.1279586 0.1011208 0.1323369 0.1012406 0.1062525 0.1400559 0.1289636 0.1380559 0.0859289 0.1264501 0.1048195 0.1939686 0.0340418 0.1186869 0.1414532 0.1364180 0.1348112 0.1495869 0.1481510 0.1329143 0.0679958 0.0799462 0.1330666 0.1191313 0.1825165 0.1029594 0.1896099 0.1542975 0.1228245 0.0802521 0.1114854 0.1628064 0.1816712 0.1224515 0.1264978 0.1065622 0.1476125 0.1291294 0.1368739 0.0142533 0.1411136 0.1535441 0.0779323 0.0132406 0.0081976 0.1218350 0.0844643 0.1477955 0.1156714 0.1238878 0.1153105 0.1234512 0.1742796 0.1242829 0.1236561 0.1272329 0.1372094 0.1750560 0.1382303 0.1099061 0.1494008 0.1478113 0.1335281 0.1162174 0.1495512 0.1811029 0.1301017 0.1289562 0.1811689 0.1208422 0.1423848 0.1155130 0.1276341 0.1353992 0.1547270 0.1403738 0.1324853 0.1706703 0.1011935 0.1182167 0.1496786 0.1178538 
S0308         0.3553123 0.1328119 0.1322877 0.1886463 0.1602608 0.1316423 0.0664012 0.1920035 0.1504150 0.1647238 0.1674563 0.2105933 0.0647497 0.0000000 0.1620664 0.0681637 0.1486416 0.2079603 0.0653461 0.1544846 0.1381340 0.1397495 0.1824983 0.1574484 0.1436651 0.1617208 0.1756464 0.0679238 0.1485903 0.1687803 0.1942804 0.1374878 0.1800884 0.1469503 0.1355908 0.1672463 0.1569878 0.1623418 0.1484833 0.1553700 0.1571106 0.0666224 0.2089348 0.1797925 0.0718680 0.1498924 0.1384964 0.1497913 0.1308576 0.1511936 0.1295381 0.1330679 0.1708421 0.1613405 0.1677945 0.1059393 0.1473659 0.1399420 0.2160592 0.0627404 0.1456260 0.1659723 0.1635876 0.1714927 0.1723391 0.1703588 0.1551407 0.1035238 0.1125191 0.1733607 0.1458149 0.2092650 0.1294077 0.2069096 0.1739522 0.1473290 0.1128199 0.1373773 0.1704865 0.2009256 0.1408839 0.1488502 0.1298712 0.1713706 0.1467162 0.1556706 0.0709803 0.1719643 0.1771037 0.1075791 0.0695040 0.0639435 0.1422883 0.1106534 0.1685619 0.1350918 0.1397619 0.1357704 0.1559503 0.1928168 0.1472959 0.1486463 0.1484627 0.1549421 0.2140000 0.1571386 0.1347834 0.1654340 0.1708069 0.1499171 0.1318963 0.1762931 0.1899197 0.1570576 0.1529021 0.1947854 0.1415678 0.1708558 0.1312636 0.1533840 0.1632944 0.1815171 0.1615950 0.1587466 0.1976511 0.1309607 0.1506812 0.1811269 0.1387657 
S0320         0.2793419 0.1163049 0.1174581 0.0485494 0.1312072 0.1248467 0.1438726 0.0454371 0.1208752 0.1464617 0.1530354 0.0726023 0.1466921 0.1620664 0.0000000 0.1544438 0.0511190 0.1702811 0.1506519 0.1150372 0.1250821 0.1240099 0.1418784 0.0559698 0.1374754 0.1357798 0.0826205 0.1573280 0.0699578 0.1329492 0.1506102 0.1771422 0.0490326 0.1224786 0.1154999 0.0608632 0.0718497 0.0818417 0.1410729 0.1337107 0.1452396 0.1505913 0.1804369 0.1614653 0.1554246 0.1143946 0.1209598 0.1414414 0.1263880 0.1377840 0.1265407 0.1316630 0.1525429 0.1527016 0.0845952 0.1673078 0.0714714 0.0566149 0.1710673 0.1330623 0.1305706 0.1413341 0.1465576 0.1279052 0.1565575 0.1435187 0.1372210 0.1511516 0.1706703 0.1435739 0.1295512 0.1789083 0.1268639 0.1809082 0.1504776 0.1268860 0.1756599 0.1189284 0.1317545 0.1807563 0.1232812 0.1241014 0.1085587 0.0529231 0.0725629 0.0768759 0.1581865 0.0911219 0.0617711 0.1715115 0.1607061 0.1520136 0.1210204 0.1719505 0.1331968 0.1105284 0.1266305 0.1227232 0.1320445 0.1455997 0.1297241 0.0790964 0.1231360 0.1338331 0.0784062 0.1365489 0.1287552 0.0575944 0.1550577 0.0732183 0.1145344 0.1587374 0.1419129 0.1276435 0.1433237 0.0686691 0.1214726 0.0767903 0.1169941 0.1425621 0.1353300 0.1504111 0.0732544 0.1444576 0.1703727 0.1215002 0.1174652 0.1622707 0.1355116 
S0322         0.3464272 0.1139418 0.1163906 0.1769623 0.1468781 0.1196962 0.0168322 0.1728855 0.1282968 0.1530581 0.1544889 0.1888682 0.0129616 0.0681637 0.1544438 0.0000000 0.1296958 0.1824613 0.0087095 0.1319383 0.1243874 0.1214538 0.1644438 0.1432425 0.1225102 0.1365838 0.1622425 0.0166588 0.1222695 0.1524823 0.1663617 0.1114421 0.1662118 0.1318732 0.1187468 0.1597796 0.1352752 0.1482023 0.1332097 0.1374679 0.1335927 0.0076069 0.1921354 0.1570313 0.0200491 0.1320315 0.1246766 0.1395606 0.1091296 0.1366603 0.1092540 0.1140766 0.1596680 0.1374652 0.1534166 0.0928844 0.1375685 0.1212643 0.1948292 0.0378643 0.1275045 0.1526684 0.1459092 0.1484673 0.1557365 0.1448731 0.1364171 0.0792704 0.0827044 0.1456433 0.1222476 0.1959531 0.1108767 0.1979810 0.1664135 0.1273299 0.0888714 0.1217858 0.1681335 0.1907406 0.1255493 0.1333065 0.1143618 0.1547034 0.1401359 0.1508195 0.0190148 0.1561795 0.1593475 0.0874824 0.0193096 0.0121275 0.1252285 0.0886903 0.1520152 0.1179556 0.1288653 0.1205684 0.1315654 0.1808832 0.1306152 0.1326505 0.1326220 0.1417864 0.1899837 0.1445929 0.1176077 0.1546845 0.1542573 0.1464207 0.1198976 0.1611376 0.1906852 0.1377045 0.1367702 0.1870437 0.1311456 0.1595679 0.1209185 0.1404145 0.1427242 0.1643797 0.1497947 0.1408990 0.1742737 0.1062425 0.1291006 0.1566429 0.1283316 
S0327         0.2795325 0.1033542 0.0950715 0.0614864 0.1155486 0.1029217 0.1204972 0.0652693 0.1051420 0.1209536 0.1444025 0.0868218 0.1234651 0.1486416 0.0511190 0.1296958 0.0000000 0.1524328 0.1262625 0.1098453 0.1017160 0.1020388 0.1317854 0.0503675 0.1112142 0.1185821 0.0822885 0.1309715 0.0585224 0.1242488 0.1361827 0.1572195 0.0642673 0.1066889 0.0950004 0.0579335 0.0566375 0.0738041 0.1230502 0.1165605 0.1184570 0.1277094 0.1674739 0.1373938 0.1292531 0.0996580 0.1006030 0.1251663 0.0984691 0.1145470 0.0985763 0.1031846 0.1406878 0.1220690 0.0682742 0.1549709 0.0601457 0.0493086 0.1688666 0.1150376 0.1143467 0.1355174 0.1277939 0.1134966 0.1346432 0.1335469 0.1205999 0.1299785 0.1451486 0.1311635 0.1115937 0.1645595 0.1015716 0.1784879 0.1362964 0.1145570 0.1548125 0.1033723 0.1229166 0.1749837 0.1042796 0.1055804 0.0991000 0.0551976 0.0574493 0.0614437 0.1316466 0.0784278 0.0720950 0.1438840 0.1336258 0.1261289 0.1048113 0.1597664 0.1196087 0.0981904 0.1073528 0.0980158 0.1089517 0.1415327 0.1115005 0.0725150 0.1068403 0.1190536 0.0862439 0.1165749 0.1036656 0.0577648 0.1332341 0.0668947 0.0988728 0.1366074 0.1407244 0.1040722 0.1219558 0.0759198 0.1038817 0.0773884 0.0971265 0.1241337 0.1187044 0.1384887 0.0734685 0.1257681 0.1638058 0.1011175 0.0963853 0.1376826 0.1159543 
S0335         0.3252344 0.1327824 0.1426376 0.1647073 0.1459235 0.1431118 0.1791218 0.1666152 0.1390127 0.1598867 0.1682632 0.1956862 0.1744695 0.2079603 0.1702811 0.1824613 0.1524328 0.0000000 0.1765135 0.1397060 0.1460221 0.1503910 0.1457713 0.1544423 0.1629089 0.1462488 0.1772983 0.1813061 0.1335873 0.1495159 0.1726452 0.2061595 0.1629958 0.1408218 0.1463505 0.1716276 0.1574207 0.1595745 0.1445410 0.1542071 0.1590236 0.1833532 0.2224237 0.1514949 0.1756758 0.1637325 0.1453532 0.1431081 0.1507438 0.1512491 0.1527581 0.1564047 0.1372912 0.1658539 0.1723384 0.2120270 0.1584458 0.1243571 0.1690232 0.1702951 0.1341699 0.1645855 0.1487694 0.1580630 0.1621461 0.1772427 0.1665077 0.1859795 0.1988977 0.1157082 0.0963586 0.2215612 0.1562205 0.2258884 0.1645037 0.1063250 0.2095897 0.1386682 0.1609929 0.2219392 0.1428833 0.1434570 0.1248562 0.1640961 0.1601920 0.1635681 0.1864887 0.1783143 0.1730502 0.1959205 0.1868634 0.1777755 0.1440495 0.2093045 0.1125629 0.1291153 0.1534158 0.1456337 0.1406375 0.1738078 0.1442277 0.1564802 0.1387938 0.1530745 0.1933851 0.1430850 0.1623025 0.1843759 0.1606599 0.1534391 0.1383321 0.1692481 0.1539179 0.1299044 0.1723348 0.1759830 0.1341004 0.1722222 0.1427921 0.1663231 0.1076420 0.0864116 0.1666789 0.1344139 0.1689632 0.1505084 0.1211803 0.1481702 0.1314718 
S0355         0.3403061 0.1135749 0.1111181 0.1763473 0.1462752 0.1227354 0.0131393 0.1723538 0.1248542 0.1563688 0.1523317 0.1923827 0.0093569 0.0653461 0.1506519 0.0087095 0.1262625 0.1765135 0.0000000 0.1295341 0.1274627 0.1245112 0.1638655 0.1411594 0.1221049 0.1375997 0.1616276 0.0143590 0.1233790 0.1487581 0.1674178 0.1100640 0.1639705 0.1314377 0.1218262 0.1592327 0.1346905 0.1461513 0.1363767 0.1391253 0.1331459 0.0075871 0.1898022 0.1565611 0.0154653 0.1274798 0.1277602 0.1360237 0.1087764 0.1383307 0.1089000 0.1137045 0.1558635 0.1370018 0.1528931 0.0884110 0.1371714 0.1177198 0.2012408 0.0353711 0.1240512 0.1488064 0.1422855 0.1479430 0.1552023 0.1443600 0.1390609 0.0760725 0.0824586 0.1433282 0.1193492 0.1917705 0.1134670 0.1963402 0.1608038 0.1299835 0.0872075 0.1213897 0.1642376 0.1926518 0.1286245 0.1328572 0.1125099 0.1557809 0.1365792 0.1471373 0.0166858 0.1556287 0.1571557 0.0875973 0.0169425 0.0109775 0.1268968 0.0870304 0.1514653 0.1110162 0.1319695 0.1236338 0.1332070 0.1802674 0.1301837 0.1306342 0.1291090 0.1381904 0.1911906 0.1441098 0.1172213 0.1508377 0.1537282 0.1427121 0.1229433 0.1638968 0.1865297 0.1388979 0.1399645 0.1863850 0.1276618 0.1573329 0.1190357 0.1414836 0.1422397 0.1653802 0.1476658 0.1373305 0.1770240 0.1059169 0.1286752 0.1576563 0.1249085 
S0376         0.3056660 0.0856153 0.0857796 0.1274915 0.1088165 0.0968168 0.1192221 0.1286612 0.0759482 0.1234647 0.1072474 0.1530561 0.1204172 0.1544846 0.1150372 0.1319383 0.1098453 0.1397060 0.1295341 0.0000000 0.0987753 0.0969536 0.1143107 0.1017541 0.1043377 0.0435451 0.1347476 0.1308692 0.1085019 0.0961193 0.1253347 0.1706861 0.1271615 0.0888817 0.0866485 0.1193978 0.1059696 0.1190574 0.1042411 0.0992426 0.0983202 0.1313185 0.1756131 0.1182255 0.1387979 0.0891392 0.0953721 0.0974974 0.0892618 0.1108652 0.0894076 0.0945912 0.1260404 0.1077765 0.1104952 0.1643700 0.1142889 0.0851861 0.1384152 0.1139458 0.0839790 0.1083070 0.1007558 0.1107685 0.1237631 0.1407764 0.1034114 0.1278709 0.1519475 0.1031508 0.0739675 0.1784606 0.0962903 0.1922619 0.1168255 0.0961132 0.1625182 0.0903469 0.1082410 0.1944322 0.0939117 0.0968993 0.0797362 0.1112799 0.1152570 0.1248351 0.1278445 0.1220027 0.1216096 0.1548351 0.1321420 0.1252987 0.1011048 0.1713044 0.1018099 0.0727172 0.0994084 0.0910151 0.0866222 0.1330276 0.1019399 0.1077270 0.0884664 0.1066536 0.1540848 0.0972510 0.0970725 0.1333420 0.1220925 0.1130952 0.0903849 0.1193678 0.1318064 0.0874260 0.1062684 0.1367735 0.0949795 0.1242911 0.0865329 0.1114510 0.1007540 0.1227171 0.1222196 0.0906816 0.1369899 0.0892529 0.0839392 0.0846433 0.0841314 
S0400         0.2936433 0.0746945 0.0971264 0.1388503 0.1163678 0.0199397 0.1234420 0.1233646 0.0942131 0.0402802 0.1119423 0.1522270 0.1209337 0.1381340 0.1250821 0.1243874 0.1017160 0.1460221 0.1274627 0.0987753 0.0000000 0.0234014 0.1051611 0.1066202 0.1067542 0.0987987 0.1377510 0.1275707 0.0993948 0.1169728 0.1207222 0.1437037 0.1185084 0.0592855 0.0225389 0.1252807 0.1027911 0.0985034 0.0826157 0.0307261 0.1152821 0.1289091 0.1648276 0.1080447 0.1319046 0.1004661 0.0245398 0.1158884 0.0901318 0.0294863 0.0944345 0.0988495 0.1266418 0.1145101 0.1078791 0.1495873 0.0989844 0.0841828 0.1559478 0.1092221 0.0959749 0.1217109 0.1142869 0.1008005 0.1314571 0.1313612 0.1045228 0.1294766 0.1405449 0.1134110 0.0992176 0.1635496 0.0959438 0.1735774 0.1231200 0.0970119 0.1493765 0.0536290 0.1260737 0.1701915 0.0256243 0.0669886 0.0789666 0.1141264 0.0989725 0.1083574 0.1312522 0.1216052 0.1319333 0.1316112 0.1285013 0.1242847 0.0270051 0.1517717 0.1187091 0.0894353 0.0268401 0.0200080 0.0768302 0.1354596 0.0685552 0.0998760 0.0948371 0.1065654 0.1414580 0.0682022 0.0980076 0.1260374 0.1300696 0.1024915 0.0176527 0.1347845 0.1368089 0.1090842 0.0354741 0.1333576 0.0580928 0.1253200 0.0472111 0.0865018 0.1162711 0.1216166 0.1116086 0.0982230 0.1491096 0.0886659 0.0986117 0.1210538 0.1088296 
S0405         0.3069513 0.0777063 0.1051984 0.1378176 0.1168784 0.0234356 0.1187056 0.1238309 0.0959422 0.0440357 0.1123625 0.1521624 0.1163220 0.1397495 0.1240099 0.1214538 0.1020388 0.1503910 0.1245112 0.0969536 0.0234014 0.0000000 0.1054739 0.1069635 0.1100085 0.1061849 0.1322493 0.1246162 0.0982595 0.1141057 0.1281626 0.1489628 0.1174562 0.0633286 0.0214538 0.1242299 0.0957192 0.1016973 0.0856744 0.0296476 0.1139019 0.1259512 0.1710737 0.1055519 0.1289316 0.0928353 0.0234698 0.1159522 0.0946536 0.0331387 0.0975387 0.1020875 0.1252157 0.1131245 0.1096930 0.1564555 0.0993357 0.0830663 0.1553941 0.1121507 0.0960833 0.1155356 0.1129105 0.1040252 0.1349782 0.1428130 0.1137433 0.1335190 0.1463952 0.1068354 0.0967421 0.1731551 0.0990663 0.1799957 0.1251357 0.1001752 0.1548733 0.0513236 0.1266436 0.1781408 0.0268618 0.0671851 0.0832601 0.1101636 0.0993238 0.1087495 0.1282656 0.1190852 0.1308971 0.1384013 0.1254922 0.1213532 0.0259306 0.1586978 0.1256602 0.0912900 0.0280881 0.0189331 0.0800145 0.1359774 0.0687867 0.1017153 0.0965807 0.1112844 0.1356761 0.0697437 0.1039937 0.1264865 0.1335799 0.1000322 0.0165809 0.1352920 0.1388914 0.1109460 0.0379741 0.1288512 0.0608424 0.1242636 0.0510543 0.0905820 0.1166979 0.1330006 0.1120153 0.1041305 0.1454901 0.0873615 0.1003755 0.1303833 0.1088582 
S0412sl       0.3350930 0.0996471 0.1120832 0.1397854 0.1223494 0.1034174 0.1529560 0.1476053 0.1185502 0.1282909 0.1259517 0.1629173 0.1486156 0.1824983 0.1418784 0.1644438 0.1317854 0.1457713 0.1638655 0.1143107 0.1051611 0.1054739 0.0000000 0.1355233 0.1256935 0.1269835 0.1458458 0.1657318 0.1304432 0.1285405 0.1351553 0.1800516 0.1391509 0.1042667 0.1013019 0.1408988 0.1319484 0.1351579 0.1088479 0.1117304 0.1303282 0.1620895 0.1954497 0.0799919 0.1580807 0.1269002 0.1053266 0.1226200 0.1169656 0.1141047 0.1202139 0.1220863 0.1300695 0.1378720 0.1399754 0.1734691 0.1346265 0.1047233 0.1649395 0.1482387 0.1095544 0.1219309 0.1218569 0.1244764 0.1401992 0.1586139 0.1353350 0.1566774 0.1812603 0.1293810 0.0992252 0.2045449 0.1249800 0.2039315 0.1354653 0.1301215 0.1783182 0.0819944 0.1431349 0.2001644 0.1067708 0.1045160 0.1122237 0.1352128 0.1324383 0.1367081 0.1683094 0.1505583 0.1443008 0.1675539 0.1672979 0.1619087 0.1093428 0.1830168 0.1345794 0.1157831 0.1098476 0.0998750 0.1043729 0.1554052 0.0957478 0.1257517 0.1204373 0.1367707 0.1563678 0.1024395 0.1222997 0.1450835 0.1388026 0.1302372 0.0966235 0.1487768 0.1535238 0.1264682 0.1202279 0.1527222 0.0958000 0.1440519 0.1019682 0.1220406 0.1290762 0.1420341 0.1318711 0.1257108 0.1553665 0.1183777 0.1154358 0.1325453 0.1270010 
S0417         0.2988685 0.1116443 0.1037943 0.0757950 0.1240178 0.1078355 0.1364563 0.0676022 0.1101820 0.1214105 0.1478255 0.1004211 0.1390902 0.1574484 0.0559698 0.1432425 0.0503675 0.1544423 0.1411594 0.1017541 0.1066202 0.1069635 0.1355233 0.0000000 0.1209937 0.1277695 0.0803572 0.1444315 0.0633368 0.1283896 0.1424627 0.1707920 0.0676582 0.1075431 0.1041927 0.0691937 0.0672568 0.0747873 0.1240663 0.1159073 0.1238192 0.1395083 0.1710400 0.1447250 0.1426218 0.1104279 0.1041036 0.1291721 0.1078070 0.1182638 0.1079281 0.1126833 0.1433212 0.1259390 0.0776575 0.1606417 0.0647645 0.0580918 0.1733101 0.1231976 0.1165648 0.1360592 0.1302491 0.1263303 0.1409901 0.1446820 0.1279477 0.1498827 0.1606182 0.1357093 0.1148029 0.1747637 0.1124497 0.1807752 0.1466918 0.1212005 0.1723118 0.1087656 0.1293263 0.1806259 0.1077709 0.1098891 0.1002573 0.0569878 0.0673546 0.0743930 0.1430175 0.0940742 0.0725275 0.1587306 0.1474429 0.1393561 0.1112497 0.1688953 0.1326035 0.1021900 0.1108923 0.1057283 0.1193798 0.1377194 0.1171079 0.0790786 0.1108102 0.1275953 0.0909430 0.1222575 0.1132196 0.0580956 0.1395544 0.0706057 0.1009113 0.1430164 0.1479723 0.1144794 0.1272491 0.0838992 0.1074842 0.0845961 0.1048289 0.1309730 0.1235089 0.1442510 0.0802669 0.1296229 0.1725944 0.1108187 0.1063684 0.1497864 0.1251008 
S0419         0.3067465 0.0924964 0.0350123 0.1517624 0.0808992 0.1037351 0.1206444 0.1429277 0.1088756 0.1256213 0.1301071 0.1720035 0.1150089 0.1436651 0.1374754 0.1225102 0.1112142 0.1629089 0.1221049 0.1043377 0.1067542 0.1100085 0.1256935 0.1209937 0.0000000 0.1174942 0.1403468 0.1252357 0.1090168 0.1243630 0.1536925 0.1686256 0.1350150 0.1024430 0.1040951 0.1290472 0.1186223 0.1244722 0.1104455 0.1174935 0.0495655 0.1235610 0.1669402 0.1265068 0.1265730 0.1125077 0.1041495 0.1171206 0.0166154 0.1168157 0.0155095 0.0201034 0.1284601 0.0535266 0.1240973 0.1627300 0.1159657 0.0951675 0.1612950 0.1200971 0.1077528 0.1299673 0.1275217 0.1221104 0.0733160 0.1314336 0.1136353 0.1355419 0.1516629 0.1305103 0.1046797 0.1761668 0.0189343 0.1765876 0.1394219 0.1093517 0.1629687 0.0998611 0.1343817 0.1697225 0.1111288 0.1072441 0.0839589 0.1341187 0.1154740 0.1189183 0.1242787 0.1373200 0.1394112 0.1523058 0.1313611 0.1203955 0.1106830 0.1633774 0.1289125 0.0970788 0.1128993 0.1030162 0.1154002 0.1510798 0.1054808 0.1180649 0.1065948 0.1106380 0.1726830 0.1164265 0.0236591 0.1341084 0.0736461 0.1177288 0.1024713 0.0804674 0.1565167 0.1105386 0.1173231 0.1513597 0.1041217 0.1386046 0.0978021 0.1156401 0.1245874 0.1446311 0.1254015 0.1093836 0.1510521 0.0592895 0.0984660 0.1353074 0.1025182 
S0427         0.3258680 0.1013747 0.1129220 0.1492349 0.1214739 0.0971598 0.1334602 0.1427243 0.0993834 0.1176990 0.1176325 0.1606103 0.1309692 0.1617208 0.1357798 0.1365838 0.1185821 0.1462488 0.1375997 0.0435451 0.0987987 0.1061849 0.1269835 0.1277695 0.1174942 0.0000000 0.1442083 0.1424480 0.1139252 0.1259982 0.1402790 0.1646411 0.1423673 0.1060740 0.0928253 0.1408143 0.1161019 0.1369312 0.1063378 0.1063267 0.1158571 0.1407141 0.1858869 0.1328936 0.1423286 0.1114537 0.1017543 0.1266899 0.1018103 0.1142793 0.1005382 0.1060728 0.1342521 0.1223738 0.1360445 0.1750531 0.1285334 0.0962220 0.1426839 0.1274791 0.1138054 0.1285245 0.1267598 0.1292344 0.1312344 0.1449964 0.1183328 0.1436531 0.1594502 0.1190080 0.1009591 0.1882780 0.1063113 0.1959105 0.1385467 0.1017936 0.1713769 0.0973159 0.1335948 0.1922880 0.1044622 0.1029085 0.0979083 0.1354354 0.1295625 0.1393079 0.1415395 0.1354057 0.1380038 0.1568638 0.1453259 0.1359469 0.1035827 0.1741245 0.1093193 0.0911966 0.1103995 0.0993357 0.1074032 0.1408105 0.1098267 0.1217458 0.1013938 0.1131013 0.1620638 0.1106002 0.1156908 0.1425054 0.1298496 0.1274281 0.0915617 0.1325789 0.1442484 0.1150223 0.1092481 0.1550070 0.1013074 0.1373100 0.0979285 0.1224773 0.1147574 0.1355552 0.1334472 0.1114918 0.1412346 0.1005445 0.1016569 0.0855150 0.0976323 
S0428sl       0.2839317 0.1309309 0.1210984 0.1029123 0.1201276 0.1395312 0.1625695 0.0949482 0.1426219 0.1553177 0.1615365 0.1064441 0.1512560 0.1756464 0.0826205 0.1622425 0.0822885 0.1772983 0.1616276 0.1347476 0.1377510 0.1322493 0.1458458 0.0803572 0.1403468 0.1442083 0.0000000 0.1641269 0.0850891 0.1468636 0.1461762 0.2103050 0.0980104 0.1273543 0.1277015 0.0942995 0.0852729 0.1044562 0.1335964 0.1653481 0.1416670 0.1616123 0.1963077 0.1452528 0.1704650 0.1076591 0.1378400 0.1434673 0.1232674 0.1549584 0.1182698 0.1285593 0.1681037 0.1379545 0.0987353 0.1823893 0.0880409 0.0808596 0.2243558 0.1576023 0.1357508 0.1308563 0.1491072 0.1485105 0.1506029 0.1785335 0.1526581 0.1293152 0.1880933 0.1452151 0.1439134 0.1898190 0.1158579 0.1953391 0.1620360 0.1266103 0.1775925 0.1245950 0.1753099 0.1921891 0.1423819 0.1295358 0.1264037 0.0961586 0.0895280 0.1015827 0.1683790 0.1150897 0.0971063 0.2018315 0.1738599 0.1623659 0.1325861 0.1881399 0.1457269 0.1442836 0.1535395 0.1257907 0.1531422 0.2071026 0.1440796 0.0972667 0.1573686 0.1659701 0.1131237 0.1414212 0.1289775 0.0672930 0.1418635 0.0947251 0.1326303 0.1448068 0.2021660 0.1458116 0.1467258 0.1142779 0.1320601 0.1062774 0.1336449 0.1348974 0.1645407 0.1853433 0.0971894 0.1374806 0.2173512 0.1182863 0.1252821 0.1572731 0.1589883 
S0430         0.3494663 0.1167180 0.1145072 0.1816761 0.1502345 0.1228385 0.0118960 0.1776878 0.1279846 0.1565086 0.1573200 0.1967200 0.0093887 0.0679238 0.1573280 0.0166588 0.1309715 0.1813061 0.0143590 0.1308692 0.1275707 0.1246162 0.1657318 0.1444315 0.1252357 0.1424480 0.1641269 0.0000000 0.1281116 0.1520744 0.1709034 0.1130750 0.1657917 0.1315503 0.1219299 0.1626350 0.1379976 0.1462632 0.1396122 0.1423973 0.1363588 0.0154783 0.1952193 0.1616650 0.0166139 0.1331916 0.1278687 0.1391528 0.1117836 0.1384501 0.1119116 0.1167566 0.1560036 0.1387730 0.1540039 0.0926687 0.1404152 0.1256858 0.2031725 0.0377815 0.1286647 0.1524500 0.1471768 0.1512985 0.1603512 0.1481894 0.1422739 0.0825885 0.0882037 0.1471079 0.1191719 0.1972508 0.1165129 0.2018529 0.1693351 0.1317131 0.0875913 0.1214915 0.1710168 0.1981238 0.1287333 0.1345013 0.1139372 0.1591570 0.1398069 0.1504606 0.0132678 0.1590542 0.1621952 0.0904696 0.0134712 0.0076382 0.1284370 0.0912760 0.1527828 0.1178605 0.1320820 0.1237384 0.1318113 0.1856442 0.1302952 0.1354239 0.1322729 0.1414119 0.1966108 0.1442357 0.1203104 0.1597736 0.1588664 0.1444438 0.1230467 0.1657995 0.1920168 0.1390204 0.1400856 0.1865612 0.1262127 0.1624708 0.1210751 0.1446985 0.1435195 0.1649372 0.1494192 0.1405529 0.1788354 0.1088892 0.1287843 0.1628302 0.1280192 
S0478         0.2737852 0.0968777 0.0893415 0.0874832 0.1197063 0.0979964 0.1084303 0.0720421 0.1078073 0.1125645 0.1284633 0.0984312 0.1131619 0.1485903 0.0699578 0.1222695 0.0585224 0.1335873 0.1233790 0.1085019 0.0993948 0.0982595 0.1304432 0.0633368 0.1090168 0.1139252 0.0850891 0.1281116 0.0000000 0.1253408 0.1249476 0.1466546 0.0724190 0.1032655 0.0969820 0.0727116 0.0554916 0.0723155 0.1140223 0.1116216 0.1118192 0.1233303 0.1493721 0.1203791 0.1263686 0.1034591 0.0941475 0.1261070 0.0947028 0.1125117 0.0933844 0.1008988 0.1391322 0.1169926 0.0682681 0.1455042 0.0497865 0.0437956 0.1650104 0.1037698 0.1110422 0.1404156 0.1289152 0.1173988 0.1318849 0.1173202 0.1063676 0.1243953 0.1449674 0.1269971 0.1171183 0.1516344 0.0963927 0.1622334 0.1409858 0.1052908 0.1453238 0.0984055 0.1353292 0.1621020 0.0978928 0.1081231 0.0838505 0.0684508 0.0483713 0.0574480 0.1287850 0.0773543 0.0752375 0.1435797 0.1312320 0.1216949 0.1012582 0.1502816 0.1192500 0.0988651 0.1009698 0.0971948 0.1101179 0.1472859 0.1048806 0.0578689 0.1114505 0.1217078 0.1029450 0.1067678 0.1028319 0.0782158 0.1304492 0.0654947 0.0952484 0.1332556 0.1485782 0.0998690 0.1166608 0.0904921 0.1007035 0.0682635 0.0992476 0.1133491 0.1089096 0.1287862 0.0694771 0.1206339 0.1610449 0.0959157 0.0922642 0.1377034 0.1177335 
S0552sl       0.3307283 0.1013979 0.1135570 0.1440280 0.1240792 0.1105000 0.1450503 0.1507606 0.1000714 0.1387260 0.1401804 0.1703313 0.1391686 0.1687803 0.1329492 0.1524823 0.1242488 0.1495159 0.1487581 0.0961193 0.1169728 0.1141057 0.1285405 0.1283896 0.1243630 0.1259982 0.1468636 0.1520744 0.1253408 0.0000000 0.1514527 0.1880790 0.1359744 0.1126579 0.1144459 0.1353152 0.1272972 0.1384664 0.1295364 0.1206112 0.1368888 0.1502800 0.1790208 0.1378531 0.1481003 0.1168343 0.1080333 0.0272113 0.1198940 0.1226534 0.1200316 0.1234900 0.0829532 0.1459975 0.1223270 0.1832893 0.1341223 0.1003977 0.1392361 0.1371729 0.0609068 0.0326915 0.0259802 0.1310226 0.1351910 0.1531238 0.1387602 0.1488601 0.1769016 0.0609593 0.0454067 0.1871633 0.1217370 0.1897204 0.0735326 0.1129412 0.1750212 0.1096095 0.1284863 0.1912634 0.1127110 0.1068266 0.0811602 0.1320307 0.1274695 0.1346196 0.1528840 0.1370444 0.1378087 0.1692848 0.1502925 0.1469242 0.1174929 0.1840322 0.1400479 0.0888841 0.1158893 0.1074275 0.1139293 0.1297911 0.1198683 0.1277857 0.1007482 0.1110058 0.1663989 0.1249789 0.1254713 0.1422890 0.1322749 0.1288381 0.1083120 0.1371045 0.1343828 0.1039924 0.1258750 0.1436303 0.1120945 0.1423483 0.1078109 0.1390032 0.1230222 0.1313104 0.1477743 0.0664245 0.1297687 0.1139206 0.1080677 0.1501549 0.1007390 
