117
S0055      0.0000000 0.1206018 0.1188615 0.0692500 0.1115921 0.1072596 0.1242848 0.0726512 0.0616089 0.1297136 0.1663236 0.1235235 0.1736320 0.1289697 0.1097457 0.0761221 0.0613887 0.0572536 0.1199511 0.1244315 0.1092592 0.1102763 0.0959784 0.1356208 0.1066481 0.1016655 0.1292397 0.1520922 0.1284837 0.0726863 0.0695326 0.1367605 0.1224529 0.1287785 0.1230606 0.0643896 0.1126583 0.1601801 0.1064614 0.1313411 0.0559388 0.0914552 0.1054406 0.0663607 0.1023491 0.1028505 0.1174919 0.1097312 0.1458215 0.1190116 0.1007505 0.1497367 0.1208337 0.1221575 0.0941226 0.1052306 0.1015957 0.1252851 0.1719878 0.1502497 0.0802415 0.0808282 0.0930023 0.0968655 0.1304647 0.0948036 0.1441352 0.1543157 0.0863911 0.1089945 0.0644041 0.1006468 0.1167700 0.1067346 0.1167984 0.1530396 0.1095185 0.1196826 0.1311264 0.1349250 0.1392433 0.0671825 0.1435771 0.1396045 0.0903231 0.0748517 0.0620066 0.0272959 0.1251621 0.0572701 0.1095113 0.1197645 0.1332698 0.1000587 0.1087182 0.1367369 0.1252851 0.1268917 0.0587430 0.1048806 0.1304446 0.0705587 0.1337169 0.0903920 0.1253759 0.0803299 0.0967772 0.1143111 0.1114549 0.1262349 0.0814594 0.1068420 0.1475522 0.1015791 0.1085332 0.0716541 0.0959145 
S0196sl    0.1206018 0.0000000 0.0766617 0.0811967 0.0000010 0.1410764 0.1073023 0.1017561 0.0612189 0.1271824 0.1497933 0.1393626 0.1402227 0.1635318 0.1245921 0.0981372 0.0959987 0.0862958 0.1292700 0.0810403 0.1339817 0.0160742 0.1082165 0.1212753 0.0961105 0.1205227 0.1250658 0.1630121 0.1641326 0.1010560 0.1059240 0.1638890 0.0929053 0.1229585 0.1316145 0.0968011 0.0701619 0.1447734 0.0928388 0.1202867 0.0902011 0.1007826 0.0117187 0.1062558 0.0116980 0.0077615 0.1248316 0.0654566 0.1441001 0.1096821 0.0848414 0.1183580 0.1235023 0.1374599 0.1194037 0.1280946 0.1134886 0.0816449 0.0953585 0.1365421 0.1178157 0.1181322 0.0685174 0.0158160 0.1244159 0.1021586 0.1434835 0.1372520 0.1208195 0.1026080 0.1029371 0.1290497 0.1260723 0.1309070 0.1202512 0.1125879 0.0744267 0.1347088 0.1321696 0.1142671 0.1341010 0.1026557 0.1596355 0.1198222 0.0586978 0.1136657 0.0969502 0.1258749 0.1091220 0.1036188 0.0816343 0.0883250 0.1055579 0.1234410 0.0157877 0.1603916 0.0767305 0.1400654 0.0958062 0.1093440 0.1082656 0.0915541 0.1696956 0.1288911 0.1435446 0.1071140 0.0772198 0.1135325 0.1060444 0.1268138 0.0865460 0.1127566 0.1895527 0.0598060 0.1026871 0.1069596 0.1076783 
S0281      0.1188615 0.0766617 0.0000000 0.0894585 0.0426447 0.0959057 0.1148597 0.0988857 0.0744748 0.0977691 0.1361172 0.1434374 0.1366853 0.1047189 0.1177866 0.0801994 0.0921247 0.0799294 0.1135793 0.0849248 0.1036024 0.0593882 0.0979084 0.1094878 0.0868715 0.1064207 0.1339392 0.1228138 0.1027907 0.0994422 0.0954683 0.1204381 0.1235753 0.1076163 0.1027821 0.1003104 0.0566343 0.1287147 0.1031057 0.1024124 0.0859769 0.1018828 0.0590676 0.0974572 0.0564279 0.0566809 0.1158426 0.0592232 0.1167844 0.1145871 0.1018602 0.1464229 0.1295272 0.1655386 0.1020168 0.1169281 0.1393557 0.0512324 0.1636321 0.1231997 0.0967351 0.1009954 0.0933387 0.0592668 0.1465126 0.1036312 0.1278941 0.1265433 0.1107231 0.1099010 0.1014268 0.1238407 0.1086217 0.0898172 0.0935055 0.1380343 0.1057140 0.1087183 0.1043122 0.1089464 0.1128161 0.0987222 0.1248121 0.1387596 0.0911448 0.1129495 0.0930896 0.1099551 0.1332808 0.0800873 0.0783760 0.1178432 0.1313978 0.1105945 0.0618049 0.1559016 0.0512324 0.1120209 0.0891775 0.1185081 0.1159929 0.0968051 0.1123277 0.1071264 0.1359446 0.1080987 0.0709813 0.1224115 0.1099669 0.0868552 0.0856665 0.1105713 0.1417131 0.0774918 0.0976733 0.0793750 0.1001141 
S0282      0.0692500 0.0811967 0.0894585 0.0000000 0.0623216 0.0926269 0.0998276 0.0242005 0.0274688 0.0897057 0.1320113 0.1206885 0.1370850 0.1077339 0.1105677 0.0778324 0.0150383 0.0130921 0.0949584 0.0909562 0.0863848 0.0757662 0.0918092 0.1167041 0.0750981 0.0826877 0.0856678 0.1286729 0.1005045 0.0707418 0.0309820 0.1173892 0.0943038 0.1093078 0.0837447 0.0180965 0.0896142 0.1298039 0.0796000 0.1095422 0.0149707 0.0645760 0.0718968 0.0194109 0.0691587 0.0694741 0.0860588 0.0813722 0.1256112 0.0952742 0.0814629 0.1205426 0.1193232 0.1203712 0.0818606 0.0920211 0.0654922 0.0920141 0.1386841 0.1295038 0.0645502 0.0649214 0.0675768 0.0721447 0.0941984 0.0769891 0.1282215 0.1308875 0.0715486 0.0887239 0.0263961 0.0569483 0.0984983 0.0919622 0.0952776 0.1304818 0.0828376 0.0958424 0.1183247 0.1161300 0.1200583 0.0241721 0.1296700 0.1377307 0.0659996 0.0309629 0.0196610 0.0578562 0.1003818 0.0487305 0.0758076 0.0874595 0.1080913 0.0515201 0.0747533 0.1277183 0.0920141 0.1077698 0.0128346 0.0910690 0.1064509 0.0313751 0.1150371 0.0561910 0.1114046 0.0382902 0.0613682 0.1007219 0.1031936 0.1067939 0.0638103 0.0870856 0.1353358 0.0717698 0.0888209 0.0689168 0.0796653 
S0288      0.1115921 0.0000010 0.0426447 0.0623216 0.0000000 0.0628183 0.0702149 0.0570190 0.0396802 0.0552613 0.0291001 0.0000010 0.0363899 0.0561022 0.0641146 0.0652456 0.0629518 0.0654541 0.0555603 0.0944058 0.0561305 0.0499333 0.0734374 0.0000010 0.0560405 0.0361038 0.0848390 0.0568394 0.0629272 0.1019256 0.0715719 0.0494376 0.0552613 0.0812901 0.0694679 0.0697752 0.0490179 0.0233249 0.0806387 0.0056072 0.0557705 0.0490045 0.0495813 0.0557705 0.0429334 0.0500207 0.0732461 0.0490179 0.0296533 0.0563567 0.0362479 0.4116090 0.0000010 0.0000010 0.0555309 0.0561692 0.4116090 0.0358319 0.4116090 0.0622663 0.0431196 0.0374778 0.0000010 0.0429334 0.0000010 0.0557095 0.0500444 0.0232336 0.0848401 0.0557668 0.0767075 0.1119034 0.0492736 0.0566733 0.0777474 0.0000010 0.0773440 0.0711550 0.0710174 0.0056367 0.0000010 0.0774126 0.0494918 0.1103874 0.0699609 0.0908488 0.0708842 0.0717468 0.0931927 0.0518839 0.0508590 0.0625230 0.0852020 0.0940374 0.0495726 0.0549178 0.0358319 0.0641132 0.0560616 0.0627991 0.0623485 0.0798699 0.0555526 0.0773737 0.0648941 0.0927071 0.0772861 0.0834020 0.0636438 0.0632029 0.0425529 0.0423211 0.0727481 0.0556880 0.0421053 0.0365266 0.0423998 
S0289      0.1072596 0.1410764 0.0959057 0.0926269 0.0628183 0.0000000 0.1161622 0.0949918 0.0761833 0.0435875 0.1539024 0.0304155 0.1581830 0.0562834 0.1082281 0.1080457 0.0940029 0.0899079 0.0426214 0.0966086 0.0238290 0.0786788 0.1202473 0.1273856 0.0516524 0.0938063 0.1471977 0.1553407 0.0437990 0.1210060 0.0974350 0.0484906 0.0747406 0.0801286 0.1147707 0.1023530 0.0856269 0.1519078 0.1122447 0.1233531 0.0876989 0.0854934 0.0845858 0.0994563 0.0816856 0.0820727 0.0882246 0.0828756 0.1399391 0.0787335 0.0962526 0.0653335 0.1422629 0.1379703 0.0893422 0.1037979 0.1431197 0.0812760 0.1801081 0.1377368 0.0809066 0.0816780 0.0627649 0.0820153 0.0951672 0.0880693 0.1289668 0.1425135 0.1134296 0.1010313 0.1035413 0.1329783 0.0290746 0.0728541 0.0755853 0.1711789 0.0645250 0.0386633 0.1194177 0.1304702 0.1309592 0.1007750 0.1585335 0.1351912 0.0792141 0.1153460 0.0917294 0.0976500 0.1155378 0.0871434 0.0456848 0.1116009 0.1123610 0.1191549 0.0758276 0.0618001 0.0812760 0.0734978 0.0909826 0.1073415 0.1071295 0.0897610 0.0578285 0.1154953 0.0825361 0.0973924 0.1031053 0.1105971 0.1065957 0.0783077 0.0687309 0.0964468 0.1067326 0.0818816 0.0980862 0.1004880 0.0972320 
S0292      0.1242848 0.1073023 0.1148597 0.0998276 0.0702149 0.1161622 0.0000000 0.1129549 0.0786488 0.1143833 0.1522517 0.1398009 0.1575631 0.1185393 0.0926618 0.1151217 0.1023324 0.1019975 0.1302732 0.1096758 0.1150072 0.0961104 0.1312529 0.1234214 0.0983437 0.0911230 0.1436335 0.1561176 0.1167542 0.1199579 0.1214775 0.1322787 0.1230049 0.1284970 0.1329817 0.1055979 0.1011528 0.1394243 0.1107130 0.1263373 0.0991519 0.0894921 0.0915972 0.1112638 0.0885977 0.0826328 0.1068483 0.0982793 0.1413788 0.1238191 0.0869473 0.1572855 0.1389977 0.1259515 0.0872706 0.1010374 0.1533486 0.0909476 0.1347084 0.1544119 0.0873541 0.0917888 0.0784366 0.0854725 0.1434261 0.0908388 0.1146370 0.1263585 0.1182147 0.0383032 0.1127523 0.1404637 0.1191052 0.1122256 0.1182514 0.1566464 0.0881611 0.1231051 0.1390220 0.1259680 0.1301592 0.1051775 0.1609810 0.1162496 0.0180054 0.1244374 0.1068418 0.1132391 0.0684834 0.0922634 0.0956695 0.0316778 0.0219447 0.1265695 0.0947568 0.1711551 0.0909476 0.1265759 0.0993860 0.0384897 0.1041635 0.1108547 0.1328963 0.1255708 0.1351061 0.1219425 0.1078847 0.0855247 0.0850372 0.1139328 0.0740167 0.0993974 0.1160440 0.0981895 0.0799776 0.1044599 0.0838314 
S0293      0.0726512 0.1017561 0.0988857 0.0242005 0.0570190 0.0949918 0.1129549 0.0000000 0.0276864 0.0977615 0.1341245 0.1293220 0.1401594 0.1166183 0.1150697 0.0780628 0.0173997 0.0154670 0.1036913 0.1066669 0.0942646 0.0870972 0.0920932 0.1185399 0.0881766 0.0920506 0.0774639 0.1323996 0.1092060 0.0742379 0.0289524 0.1205184 0.1088596 0.1247869 0.0928629 0.0253307 0.1020861 0.1446154 0.0881352 0.1171952 0.0173212 0.0792403 0.0863586 0.0218374 0.0834731 0.0838657 0.0898530 0.0935285 0.1241233 0.1096220 0.0818372 0.1285515 0.1295799 0.1210100 0.0911107 0.1018121 0.0698261 0.1016736 0.1494382 0.1188843 0.0825580 0.0803126 0.0748798 0.0838078 0.1123397 0.0805700 0.1362048 0.1264599 0.0750094 0.0953925 0.0289620 0.0648443 0.1010361 0.1058519 0.1096705 0.1365711 0.0967059 0.1041944 0.1280094 0.1179476 0.1219589 0.0267069 0.1313283 0.1494421 0.0721148 0.0336028 0.0221233 0.0611239 0.1046519 0.0493150 0.0836314 0.0963317 0.1154208 0.0540921 0.0893900 0.1343520 0.1016736 0.1166626 0.0151589 0.0921387 0.1195983 0.0314538 0.1180390 0.0593402 0.1268857 0.0410772 0.0670717 0.1108278 0.1133532 0.1217970 0.0724954 0.0909463 0.1334996 0.0807431 0.0984586 0.0691138 0.0826303 
S0294      0.0616089 0.0612189 0.0744748 0.0274688 0.0396802 0.0761833 0.0786488 0.0276864 0.0000000 0.0796587 0.0832702 0.1050174 0.1073932 0.1062524 0.0876417 0.0503966 0.0248340 0.0198016 0.0844044 0.0636242 0.0820104 0.0564483 0.0475030 0.0782408 0.0689015 0.0522096 0.0678946 0.0963201 0.0896109 0.0474956 0.0273782 0.0997649 0.0837902 0.0929433 0.0619729 0.0344359 0.0684713 0.0986015 0.0566653 0.0810466 0.0170771 0.0475580 0.0531141 0.0299305 0.0529167 0.0531837 0.0612185 0.0626024 0.0885415 0.0785183 0.0580404 0.1067902 0.0816082 0.0724300 0.0579168 0.0613791 0.0426500 0.0708103 0.1063335 0.0828713 0.0534108 0.0509099 0.0446565 0.0501173 0.0899233 0.0497532 0.0996572 0.0907527 0.0411118 0.0589435 0.0302636 0.0482412 0.0921978 0.0743652 0.0767464 0.0938412 0.0605911 0.0927673 0.0861753 0.0780332 0.0782408 0.0303221 0.1018747 0.1095285 0.0423856 0.0382251 0.0196420 0.0450792 0.0803058 0.0331987 0.0621598 0.0750587 0.0817845 0.0421410 0.0589341 0.1142566 0.0708103 0.0943984 0.0222394 0.0647128 0.0930972 0.0146568 0.0986568 0.0335385 0.0853745 0.0275303 0.0470342 0.0711044 0.0837264 0.0910422 0.0470975 0.0636503 0.0817187 0.0585478 0.0739027 0.0471306 0.0613277 
S0299      0.1297136 0.1271824 0.0977691 0.0897057 0.0552613 0.0435875 0.1143833 0.0977615 0.0796587 0.0000000 0.1228955 0.0615958 0.1304071 0.0562282 0.1125104 0.1166746 0.0967422 0.0959228 0.0450929 0.0993476 0.0481493 0.0874360 0.1290527 0.1118140 0.0564337 0.1063836 0.1325583 0.1414005 0.0490156 0.1152358 0.1060569 0.0506300 0.0862094 0.0857278 0.1173097 0.1056815 0.0855057 0.1310523 0.1182192 0.1074514 0.0903923 0.1012585 0.0900446 0.1022111 0.0871050 0.0875201 0.1081116 0.0827597 0.1302512 0.0898945 0.1049636 0.0321655 0.1321015 0.1619274 0.1043125 0.1141192 0.1492817 0.0771484 0.1558894 0.1311504 0.0937360 0.0976827 0.0781530 0.0903713 0.0894300 0.0913588 0.1263816 0.1329091 0.1286827 0.1055691 0.1063401 0.1325878 0.0433670 0.0727744 0.0755006 0.1373101 0.0644222 0.0432119 0.1127807 0.1112625 0.1191223 0.1035673 0.1510405 0.1300705 0.0907639 0.1181911 0.0944730 0.1164943 0.1115670 0.0932090 0.0562028 0.1034777 0.1140527 0.1188179 0.0874098 0.0751604 0.0771484 0.0789394 0.0937020 0.1090440 0.1060127 0.0925198 0.0602438 0.1122490 0.0918822 0.0953446 0.1054242 0.1023250 0.1049678 0.0779768 0.0857207 0.1111942 0.1210192 0.0852745 0.0932523 0.1060772 0.0962870 
S0308      0.1663236 0.1497933 0.1361172 0.1320113 0.0291001 0.1539024 0.1522517 0.1341245 0.0832702 0.1228955 0.0000000 0.1804905 0.0767915 0.1542310 0.1412750 0.1514580 0.1353471 0.1287621 0.1555096 0.1326018 0.1396074 0.1308651 0.1582009 0.0639765 0.1278473 0.1256910 0.1565365 0.0916541 0.1422750 0.1385708 0.1334423 0.1506094 0.1529708 0.1687738 0.1590949 0.1464541 0.1393483 0.0773575 0.1539407 0.0630060 0.1282029 0.1243561 0.1195107 0.1411449 0.1223041 0.1229130 0.1436333 0.1300527 0.0836734 0.1498750 0.1334317 0.1752394 0.0631508 0.1798835 0.1372961 0.1511628 0.1861698 0.1223807 0.1680311 0.0944618 0.1306475 0.1353109 0.0856863 0.1260212 0.1908199 0.1282193 0.1421143 0.0750470 0.1488931 0.1337056 0.1429856 0.1723936 0.1423960 0.1343787 0.1342172 0.0899520 0.1190650 0.1477082 0.0878237 0.0636895 0.0698574 0.1430732 0.0988914 0.1568925 0.1213262 0.1557135 0.1285890 0.1565918 0.1450335 0.1282920 0.1334158 0.1351595 0.1496811 0.1710780 0.1227567 0.1826603 0.1223807 0.1563481 0.1319689 0.1262160 0.1409594 0.1260421 0.1483166 0.1557462 0.1393846 0.1470859 0.1487088 0.1211296 0.1328549 0.1442387 0.1211381 0.1464014 0.1816618 0.1283906 0.1234791 0.1347954 0.1445876 
S0320      0.1235235 0.1393626 0.1434374 0.1206885 0.0000010 0.0304155 0.1398009 0.1293220 0.1050174 0.0615958 0.1804905 0.0000000 0.1822034 0.0750078 0.1555356 0.1490573 0.1336158 0.1290923 0.0521996 0.1380347 0.0300003 0.1157750 0.1717524 0.1602153 0.0611736 0.1343593 0.2044033 0.1962543 0.0523298 0.1261000 0.1272979 0.0653008 0.0568897 0.1073204 0.1658671 0.1343972 0.1238044 0.1921855 0.1552396 0.1573366 0.1272985 0.1084062 0.1210932 0.1442828 0.1208546 0.1158396 0.0993125 0.1186560 0.1711048 0.0839249 0.1387719 0.0525332 0.1177006 0.1456296 0.1254000 0.1479825 0.1321614 0.1054074 0.1697031 0.1323966 0.1136619 0.1254173 0.0620008 0.1272507 0.1017402 0.1114110 0.1856254 0.1616443 0.1563563 0.1478154 0.1304817 0.1755995 0.0342376 0.0906852 0.0861052 0.1553545 0.0594801 0.0474060 0.1561567 0.1584795 0.1671812 0.1354187 0.2068242 0.1627093 0.0914037 0.1414399 0.1231130 0.1418431 0.1441612 0.1264315 0.0541447 0.1523259 0.1464895 0.1697466 0.1147804 0.0839547 0.1005470 0.1019080 0.1333328 0.1434562 0.1485668 0.1237402 0.0686869 0.1772833 0.0799163 0.1469515 0.1421803 0.1325239 0.1410087 0.0945205 0.1024810 0.1687401 0.1872203 0.1184376 0.1433273 0.1409158 0.1592195 
S0322      0.1736320 0.1402227 0.1366853 0.1370850 0.0363899 0.1581830 0.1575631 0.1401594 0.1073932 0.1304071 0.0767915 0.1822034 0.0000000 0.1688897 0.1559992 0.1596148 0.1419205 0.1339252 0.1301287 0.1451683 0.1420807 0.1219719 0.1680939 0.0392084 0.1396371 0.1371520 0.1697177 0.0901757 0.1735207 0.1594416 0.1503536 0.1574946 0.1233894 0.1705686 0.1583793 0.1502330 0.1337766 0.0382355 0.1457677 0.0275575 0.1335383 0.1347980 0.1162511 0.1449207 0.1160967 0.1167585 0.1525473 0.1303163 0.0879650 0.1286045 0.1390344 0.1648444 0.0651123 0.2000220 0.1516580 0.1510124 0.2202861 0.1128509 0.1789178 0.0919160 0.1464623 0.1434715 0.0913944 0.1202934 0.1746350 0.1470194 0.1423040 0.0807728 0.1485228 0.1304414 0.1509204 0.1785538 0.1480752 0.1610140 0.1643921 0.0402062 0.1087150 0.1593502 0.0954985 0.0390154 0.0418960 0.1548882 0.0952059 0.1903281 0.1080506 0.1619138 0.1475191 0.1613606 0.1376617 0.1304237 0.1239472 0.1309074 0.1554196 0.1656615 0.1236930 0.2024611 0.1128509 0.1714398 0.1379587 0.1293164 0.1392277 0.1566320 0.1761895 0.1699140 0.1303103 0.1662919 0.1557182 0.1615139 0.1422480 0.1653562 0.1325393 0.1499402 0.1843151 0.1128518 0.1311634 0.1439259 0.1516745 
S0327      0.1289697 0.1635318 0.1047189 0.1077339 0.0561022 0.0562834 0.1185393 0.1166183 0.1062524 0.0562282 0.1542310 0.0750078 0.1688897 0.0000000 0.1380309 0.1201765 0.1153675 0.1082988 0.0614404 0.1179986 0.0481153 0.1025155 0.1398541 0.1421167 0.0489450 0.1158814 0.1635769 0.1767553 0.0461538 0.1333603 0.1252318 0.0532593 0.0805223 0.0746402 0.1338007 0.1252660 0.0942695 0.1661957 0.1274207 0.1365254 0.1085756 0.1106928 0.1052012 0.1210493 0.1021167 0.1026161 0.1177449 0.0972034 0.1576048 0.0842671 0.1046238 0.0738089 0.1702220 0.1836781 0.1077051 0.1267753 0.1777571 0.0984760 0.2085299 0.1650895 0.1030339 0.1071692 0.0995743 0.1055951 0.1050382 0.1036989 0.1431024 0.1602058 0.1389196 0.1156323 0.1255672 0.1634405 0.0541993 0.0649474 0.0676212 0.2030588 0.0728700 0.0590338 0.1416059 0.1448266 0.1458796 0.1226948 0.1772532 0.1575455 0.0969922 0.1379890 0.1130834 0.1231948 0.1278529 0.1057006 0.0560847 0.1209286 0.1181903 0.1485328 0.1024853 0.0904922 0.0984760 0.0681650 0.1121365 0.1104318 0.1305713 0.1172980 0.0609442 0.1407769 0.1002455 0.1294134 0.1183690 0.1196854 0.1295453 0.0754075 0.0919019 0.1117107 0.1358550 0.1089432 0.1136488 0.1100331 0.1038391 
S0335      0.1097457 0.1245921 0.1177866 0.1105677 0.0641146 0.1082281 0.0926618 0.1150697 0.0876417 0.1125104 0.1412750 0.1555356 0.1559992 0.1380309 0.0000000 0.0989679 0.1078150 0.1008384 0.1242204 0.1249798 0.1170368 0.1010887 0.1270396 0.1147440 0.0999991 0.0994184 0.1314297 0.1557238 0.1234096 0.1159195 0.1235567 0.1282645 0.1261589 0.1170143 0.1414105 0.1135028 0.1074219 0.1424869 0.1275340 0.1150600 0.1012677 0.0978643 0.0906860 0.1133554 0.0934745 0.0939270 0.1187018 0.1045050 0.1286812 0.1192899 0.0894964 0.1460505 0.1433269 0.1410192 0.0955812 0.1100323 0.1685704 0.0937116 0.1388260 0.1485165 0.0859814 0.0869640 0.1021737 0.0906908 0.1627989 0.1021615 0.0730846 0.1351680 0.1345762 0.0791069 0.1148619 0.1412930 0.1108042 0.1040231 0.1175375 0.1529785 0.0947775 0.1249289 0.1270200 0.1136188 0.1252792 0.1148663 0.1436593 0.0587893 0.0727327 0.1207764 0.1089709 0.0969182 0.0888667 0.0924300 0.1054002 0.0822863 0.0951181 0.1273195 0.0996717 0.1556837 0.0937116 0.1199981 0.1046923 0.0904654 0.0629102 0.1068701 0.1318613 0.1329721 0.1206143 0.1200779 0.1131773 0.0477687 0.0239604 0.1209488 0.0759374 0.0895628 0.1362324 0.0913717 0.0403354 0.1035235 0.0965571 
S0376      0.0761221 0.0981372 0.0801994 0.0778324 0.0652456 0.1080457 0.1151217 0.0780628 0.0503966 0.1166746 0.1514580 0.1490573 0.1596148 0.1201765 0.0989679 0.0000000 0.0697442 0.0629694 0.1208882 0.0921291 0.1100548 0.0834636 0.0243642 0.1216541 0.0956305 0.0854658 0.0964529 0.1458840 0.1231811 0.0695092 0.0781584 0.1313738 0.1205997 0.1224913 0.1062560 0.0820222 0.0928711 0.1388265 0.0743273 0.1141132 0.0640883 0.0802831 0.0853726 0.0748324 0.0824441 0.0828383 0.1139985 0.0958344 0.1210774 0.1134181 0.0700338 0.1529625 0.1440978 0.1087443 0.0789830 0.0951727 0.1123469 0.0924996 0.1564637 0.1383733 0.0844628 0.0852774 0.0693924 0.0827800 0.1424012 0.0795534 0.1191857 0.1271330 0.0994206 0.0914347 0.0783625 0.1045727 0.1217776 0.1060429 0.1100687 0.1507370 0.0973695 0.1205722 0.1093902 0.1210306 0.1251787 0.0757749 0.1291076 0.1268587 0.0759811 0.0892404 0.0704569 0.0734369 0.1146587 0.0639119 0.0933339 0.1074844 0.1144944 0.0920783 0.0884479 0.1467308 0.0924996 0.1269351 0.0670090 0.1034806 0.1096317 0.0679983 0.1318293 0.0776259 0.1198761 0.0844839 0.0732529 0.1036584 0.1034499 0.1100994 0.0712958 0.0814073 0.1285949 0.1004925 0.0914221 0.0291993 0.0760967 
S0400      0.0613887 0.0959987 0.0921247 0.0150383 0.0629518 0.0940029 0.1023324 0.0173997 0.0248340 0.0967422 0.1353471 0.1336158 0.1419205 0.1153675 0.1078150 0.0697442 0.0000000 0.0064709 0.1025439 0.1025812 0.0932901 0.0840572 0.0834265 0.1199042 0.0816369 0.0794319 0.0774564 0.1350130 0.1080272 0.0627017 0.0240701 0.1192104 0.0982284 0.1170886 0.0919182 0.0157531 0.0952189 0.1394030 0.0848756 0.1126502 0.0084589 0.0670760 0.0799851 0.0127955 0.0771788 0.0775353 0.0827359 0.0868722 0.1288815 0.1024723 0.0730469 0.1325406 0.1235880 0.1043089 0.0786441 0.0885985 0.0650632 0.1006268 0.1430474 0.1204501 0.0701787 0.0679663 0.0748798 0.0774817 0.1063966 0.0738220 0.1282904 0.1341844 0.0661717 0.0887511 0.0195747 0.0567907 0.0999749 0.0988445 0.1025188 0.1348567 0.0897782 0.1030951 0.1244249 0.1193114 0.1232958 0.0173807 0.1297401 0.1411651 0.0659377 0.0240556 0.0129589 0.0500396 0.1004192 0.0412952 0.0826412 0.0931145 0.1081369 0.0513766 0.0829241 0.1421804 0.1006268 0.1154103 0.0063451 0.0910979 0.1123077 0.0243729 0.1167845 0.0486132 0.1120745 0.0263510 0.0612019 0.1037497 0.1062329 0.1143353 0.0608266 0.0785029 0.1320314 0.0745137 0.0917314 0.0610961 0.0737425 
S0405      0.0572536 0.0862958 0.0799294 0.0130921 0.0654541 0.0899079 0.1019975 0.0154670 0.0198016 0.0959228 0.1287621 0.1290923 0.1339252 0.1082988 0.1008384 0.0629694 0.0064709 0.0000000 0.1017836 0.0859969 0.0924167 0.0802089 0.0768111 0.1132668 0.0805768 0.0787297 0.0736021 0.1315831 0.0973097 0.0586575 0.0152505 0.1187732 0.0975368 0.1127582 0.0824694 0.0136923 0.0858026 0.1295667 0.0753415 0.1060536 0.0064421 0.0661079 0.0734128 0.0108288 0.0733317 0.0736747 0.0818756 0.0802059 0.1151105 0.0987431 0.0751320 0.1288918 0.1151740 0.1067541 0.0779318 0.0880841 0.0614947 0.0911187 0.1344693 0.1170573 0.0720017 0.0667440 0.0681904 0.0736226 0.1018284 0.0730060 0.1211981 0.1276527 0.0596329 0.0821510 0.0176759 0.0501517 0.0992076 0.0980670 0.0984848 0.1212773 0.0856502 0.1023807 0.1177426 0.1127009 0.1166532 0.0108815 0.1199506 0.1340614 0.0616876 0.0222170 0.0064903 0.0457496 0.0967398 0.0370631 0.0813497 0.0893196 0.1044739 0.0447763 0.0791116 0.1403996 0.0911187 0.1149083 0.0042954 0.0846316 0.1087375 0.0225153 0.1163129 0.0445496 0.1120764 0.0269206 0.0521200 0.1000874 0.0993467 0.1107274 0.0597480 0.0807621 0.1245598 0.0677479 0.0879782 0.0546063 0.0732165 
S0407sl    0.1199511 0.1292700 0.1135793 0.0949584 0.0555603 0.0426214 0.1302732 0.1036913 0.0844044 0.0450929 0.1555096 0.0521996 0.1301287 0.0614404 0.1242204 0.1208882 0.1025439 0.1017836 0.0000000 0.0987518 0.0348374 0.0856517 0.1379799 0.1269168 0.0594493 0.1023085 0.1586967 0.1569995 0.0483297 0.1240861 0.1190316 0.0444917 0.0757460 0.0962516 0.1149851 0.1087702 0.0997410 0.1482599 0.1154028 0.1232907 0.0957273 0.0934138 0.0923573 0.1083670 0.0892419 0.0896912 0.1182743 0.0967580 0.1374628 0.0826823 0.1049013 0.0522428 0.1500422 0.1546594 0.1040801 0.1070372 0.1421084 0.0915813 0.1824924 0.1577433 0.0981870 0.0989403 0.0781931 0.0927117 0.1000785 0.0961529 0.1401506 0.1449819 0.1370447 0.1101936 0.1128451 0.1504464 0.0322594 0.0821276 0.0850530 0.1717479 0.0652033 0.0372746 0.1259516 0.1230644 0.1351452 0.1066928 0.1601605 0.1434969 0.0870509 0.1255246 0.1001520 0.1101133 0.1298668 0.1054384 0.0591158 0.1039462 0.1284859 0.1399427 0.0956417 0.0346582 0.0857426 0.0888301 0.0992862 0.1205526 0.1161696 0.1078791 0.0545246 0.1206878 0.0874276 0.1156321 0.1121141 0.1091281 0.1127347 0.0879640 0.0845600 0.1114616 0.1406057 0.0873276 0.0999104 0.1095542 0.0957763 
S0412sl    0.1244315 0.0810403 0.0849248 0.0909562 0.0944058 0.0966086 0.1096758 0.1066669 0.0636242 0.0993476 0.1326018 0.1380347 0.1451683 0.1179986 0.1249798 0.0921291 0.1025812 0.0859969 0.0987518 0.0000000 0.1036345 0.0776732 0.0959915 0.1165049 0.0834210 0.1002603 0.1111366 0.1346503 0.1183950 0.1139807 0.1151076 0.1057229 0.0880963 0.1372022 0.1048502 0.1030152 0.0584336 0.1159025 0.0480776 0.1024884 0.0942651 0.0900999 0.0622403 0.1021778 0.0689457 0.0693589 0.1069363 0.0618184 0.1370493 0.0850396 0.0901937 0.1363411 0.1124324 0.1341361 0.1035647 0.1007194 0.1141334 0.0767305 0.1510554 0.1552327 0.0829398 0.0826027 0.0517764 0.0652511 0.1341614 0.0880906 0.1288619 0.1416131 0.1071309 0.0955381 0.1064152 0.0962970 0.0994764 0.1155903 0.1193926 0.1277964 0.0803430 0.1082771 0.1019578 0.1161292 0.1258559 0.1105727 0.1338034 0.1307200 0.0641137 0.1176578 0.1079112 0.1244179 0.1160246 0.0984008 0.0879365 0.0917209 0.1203125 0.0879305 0.0763073 0.1277074 0.0767305 0.1301762 0.0948322 0.1193854 0.1229094 0.1053481 0.1144494 0.1090823 0.1002773 0.1077956 0.0912396 0.1191637 0.1149753 0.1117455 0.0773334 0.0826254 0.1083553 0.0839849 0.1028207 0.0941087 0.0824461 
S0417      0.1092592 0.1339817 0.1036024 0.0863848 0.0561305 0.0238290 0.1150072 0.0942646 0.0820104 0.0481493 0.1396074 0.0300003 0.1420807 0.0481153 0.1170368 0.1100548 0.0932901 0.0924167 0.0348374 0.1036345 0.0000000 0.0813823 0.1222185 0.1142463 0.0435779 0.0879222 0.1395482 0.1505060 0.0409928 0.1159300 0.1024742 0.0454233 0.0605119 0.0763500 0.1074594 0.1015355 0.0933038 0.1374007 0.1113619 0.1100699 0.0870412 0.0797189 0.0839551 0.0987021 0.0810783 0.0814599 0.0911205 0.0905291 0.1288406 0.0644115 0.0955270 0.0644445 0.1351108 0.1306089 0.0891283 0.1035523 0.1359216 0.0832932 0.1720100 0.1371046 0.0776955 0.0784299 0.0620008 0.0842553 0.0942739 0.0936244 0.1252862 0.1251609 0.1281250 0.1002536 0.1027468 0.1414340 0.0287908 0.0640219 0.0666553 0.1521275 0.0558771 0.0358017 0.1184091 0.1168653 0.1176737 0.1000014 0.1498294 0.1380734 0.0759072 0.1144560 0.0910313 0.0971893 0.1146232 0.0896469 0.0507271 0.1078489 0.1112523 0.1274223 0.0752685 0.0457711 0.0832932 0.0699025 0.0902950 0.1036866 0.1031778 0.0948108 0.0497351 0.1104896 0.0708890 0.1062497 0.1051001 0.1000225 0.1092691 0.0665152 0.0766397 0.1015645 0.1151744 0.0817796 0.0942875 0.0997190 0.0879743 
S0419      0.1102763 0.0160742 0.0593882 0.0757662 0.0499333 0.0786788 0.0961104 0.0870972 0.0564483 0.0874360 0.1308651 0.1157750 0.1219719 0.1025155 0.1010887 0.0834636 0.0840572 0.0802089 0.0856517 0.0776732 0.0813823 0.0000000 0.0951367 0.0945945 0.0726948 0.0843162 0.1181436 0.1320613 0.1043900 0.1061985 0.0987155 0.1061216 0.0864275 0.0955399 0.1000456 0.0857676 0.0488944 0.1130585 0.0862414 0.0879053 0.0780565 0.0798301 0.0107125 0.0893307 0.0085304 0.0085642 0.1008625 0.0464392 0.1086681 0.0876320 0.0642855 0.1238536 0.1109963 0.1228309 0.0834565 0.0938707 0.1088250 0.0512890 0.1315437 0.1191704 0.0813509 0.0793949 0.0775254 0.0107449 0.1227612 0.0877882 0.1150102 0.1111959 0.1099251 0.0849859 0.0931622 0.1149434 0.0845312 0.0873195 0.0903415 0.1113614 0.0731275 0.0901899 0.1011481 0.0941357 0.0977687 0.0904844 0.1191049 0.1208373 0.0671392 0.1045162 0.0812576 0.1005473 0.1078625 0.0812046 0.0592376 0.0863121 0.0984555 0.1019627 0.0129284 0.1177909 0.0512890 0.0999646 0.0778987 0.0970219 0.1004525 0.0768832 0.1163370 0.1013180 0.1065872 0.0966289 0.0768487 0.1028795 0.0938497 0.0902546 0.0625644 0.0808732 0.1219863 0.0534743 0.0795407 0.0823488 0.0676134 
S0427      0.0959784 0.1082165 0.0979084 0.0918092 0.0734374 0.1202473 0.1312529 0.0920932 0.0475030 0.1290527 0.1582009 0.1717524 0.1680939 0.1398541 0.1270396 0.0243642 0.0834265 0.0768111 0.1379799 0.0959915 0.1222185 0.0951367 0.0000000 0.1316384 0.1074426 0.0886054 0.1020935 0.1635466 0.1360530 0.0836282 0.0836011 0.1378446 0.1367837 0.1392195 0.1154821 0.0968443 0.1080081 0.1492949 0.0860295 0.1238192 0.0749063 0.0835835 0.0969958 0.0886561 0.0939664 0.0944232 0.1128879 0.1110864 0.1348688 0.1256935 0.0756325 0.1742233 0.1541117 0.1084947 0.0876855 0.0984526 0.1269979 0.1137098 0.1826005 0.1421263 0.0898397 0.0877677 0.0841526 0.0943577 0.1593162 0.0825183 0.1390793 0.1307975 0.1144899 0.0976593 0.0924472 0.1138514 0.1344789 0.1216089 0.1259191 0.1609609 0.1036238 0.1331242 0.1255124 0.1309558 0.1352737 0.0897919 0.1395296 0.1570299 0.0905155 0.1036994 0.0842907 0.0905878 0.1270859 0.0744631 0.1028826 0.1231557 0.1301138 0.1010186 0.0969480 0.1626202 0.1137098 0.1436292 0.0805671 0.1153974 0.1239439 0.0752144 0.1380061 0.0920254 0.1323517 0.0956960 0.0872109 0.1313230 0.1250923 0.1259554 0.0797554 0.0956667 0.1350299 0.1157504 0.1123654 0.0314815 0.0845008 
S0430      0.1356208 0.1212753 0.1094878 0.1167041 0.0000010 0.1273856 0.1234214 0.1185399 0.0782408 0.1118140 0.0639765 0.1602153 0.0392084 0.1421167 0.1147440 0.1216541 0.1199042 0.1132668 0.1269168 0.1165049 0.1142463 0.0945945 0.1316384 0.0000000 0.1130620 0.1062380 0.1436136 0.0896581 0.1417732 0.1223365 0.1236388 0.1338908 0.1298747 0.1430890 0.1387414 0.1305198 0.1122539 0.0314452 0.1322464 0.0175139 0.1130923 0.1047321 0.0901818 0.1255622 0.0872358 0.0876524 0.1328888 0.1093345 0.0646566 0.1238557 0.1119233 0.1635530 0.0598715 0.1717531 0.1185479 0.1237535 0.1961324 0.0930538 0.1892650 0.0750943 0.1035840 0.1041111 0.0868694 0.0874257 0.1710000 0.1120233 0.1274878 0.0564198 0.1372799 0.1060210 0.1271886 0.1590929 0.1191313 0.1302153 0.1366884 0.0210496 0.0968135 0.1319311 0.0710628 0.0042032 0.0063503 0.1272560 0.0789135 0.1339683 0.0937963 0.1395207 0.1212022 0.1295352 0.1226289 0.1078703 0.1058930 0.1023450 0.1334462 0.1444209 0.0932825 0.1661641 0.0930538 0.1475050 0.1166684 0.1011060 0.1134459 0.1221345 0.1375593 0.1325746 0.1232807 0.1263847 0.1309057 0.1164339 0.1082757 0.1410734 0.0972870 0.1306181 0.1518251 0.0900992 0.0926995 0.1097154 0.1161111 
S0478      0.1066481 0.0961105 0.0868715 0.0750981 0.0560405 0.0516524 0.0983437 0.0881766 0.0689015 0.0564337 0.1278473 0.0611736 0.1396371 0.0489450 0.0999991 0.0956305 0.0816369 0.0805768 0.0594493 0.0834210 0.0435779 0.0726948 0.1074426 0.1130620 0.0000000 0.0785639 0.1323134 0.1546313 0.0574074 0.0927886 0.0904746 0.0591408 0.0523271 0.0658234 0.1062123 0.0950738 0.0699699 0.1251126 0.0954915 0.1056070 0.0756606 0.0736778 0.0752148 0.0869106 0.0724285 0.0727630 0.0947935 0.0673720 0.1310636 0.0534999 0.0833835 0.0603977 0.1228452 0.1132139 0.0777687 0.0878996 0.1203859 0.0742709 0.1398290 0.1419319 0.0751030 0.0758115 0.0773366 0.0754778 0.0649557 0.0763626 0.1060974 0.1265117 0.1129157 0.0871718 0.0876224 0.1205604 0.0489112 0.0540003 0.0565694 0.1496930 0.0447089 0.0519593 0.1218221 0.1156535 0.1164446 0.0880352 0.1423049 0.1125245 0.0694139 0.0988621 0.0824912 0.0946546 0.0984793 0.0755344 0.0405101 0.1006670 0.0890117 0.1135806 0.0726729 0.0880525 0.0742709 0.0649397 0.0787602 0.0966880 0.0961521 0.0829494 0.0716537 0.1007134 0.0704442 0.0940444 0.0928670 0.0781881 0.0928507 0.0616336 0.0627271 0.0835446 0.1179091 0.0729500 0.0786964 0.0857593 0.0815574 
S0552sl    0.1016655 0.1205227 0.1064207 0.0826877 0.0361038 0.0938063 0.0911230 0.0920506 0.0522096 0.1063836 0.1256910 0.1343593 0.1371520 0.1158814 0.0994184 0.0854658 0.0794319 0.0787297 0.1023085 0.1002603 0.0879222 0.0843162 0.0886054 0.1062380 0.0785639 0.0000000 0.1235089 0.1468003 0.1151274 0.1105621 0.0944220 0.1128594 0.1012383 0.1240645 0.1072959 0.0930614 0.0821605 0.1183120 0.0918314 0.1030176 0.0795755 0.0064600 0.0838440 0.0907450 0.0809724 0.0813529 0.0620702 0.0849848 0.1060887 0.1115094 0.0684582 0.1429898 0.1387071 0.0140722 0.0217417 0.0195390 0.1321632 0.0780497 0.1522274 0.1209207 0.0367969 0.0371123 0.0847062 0.0841433 0.1351390 0.0311336 0.1021161 0.1027139 0.1105380 0.0784083 0.0917092 0.1283705 0.0965233 0.0997991 0.1054194 0.1556997 0.0817909 0.1007459 0.1156461 0.1057157 0.1095268 0.0919037 0.1174508 0.1301241 0.0690080 0.1028736 0.0864100 0.0923894 0.1065130 0.0793399 0.0826565 0.0934984 0.0968044 0.1151157 0.0868573 0.1367426 0.0780497 0.1222695 0.0826677 0.1017909 0.0988439 0.0899812 0.1240365 0.0991031 0.1024146 0.0900762 0.0843103 0.1013198 0.0923275 0.1026258 0.0337880 0.0738821 0.1144770 0.0811648 0.0842403 0.0815709 0.0665891 
S0558      0.1292397 0.1250658 0.1339392 0.0856678 0.0848390 0.1471977 0.1436335 0.0774639 0.0678946 0.1325583 0.1565365 0.2044033 0.1697177 0.1635769 0.1314297 0.0964529 0.0774564 0.0736021 0.1586967 0.1111366 0.1395482 0.1181436 0.1020935 0.1436136 0.1323134 0.1235089 0.0000000 0.1810188 0.1516992 0.1290870 0.0860311 0.1532161 0.1500901 0.1688363 0.1435970 0.0903028 0.1320985 0.1644523 0.1120618 0.1356864 0.0716674 0.1158612 0.1171124 0.0825978 0.1139324 0.1144968 0.1347061 0.1353323 0.1553147 0.1499579 0.0992551 0.1723086 0.1632859 0.1442044 0.1129843 0.1380080 0.1076757 0.1406379 0.1685908 0.1522481 0.1135584 0.1113060 0.0751398 0.1144202 0.1538276 0.1108692 0.1405958 0.1472479 0.1140859 0.1261547 0.0917807 0.0995983 0.1461029 0.1488716 0.1537081 0.1579513 0.1270119 0.1496449 0.1634951 0.1428795 0.1517828 0.0770942 0.1673470 0.1623014 0.1045018 0.0972842 0.0782489 0.1069134 0.1412497 0.0825106 0.1148757 0.1303806 0.1395733 0.0874813 0.1143508 0.1727006 0.1406379 0.1662709 0.0746657 0.1346901 0.1328412 0.0752706 0.1616161 0.0899449 0.1494031 0.0730975 0.1114134 0.1392689 0.1294317 0.1606107 0.1078702 0.1157245 0.1506910 0.1143582 0.1170109 0.0916152 0.1053298 
S0616      0.1520922 0.1630121 0.1228138 0.1286729 0.0568394 0.1553407 0.1561176 0.1323996 0.0963201 0.1414005 0.0916541 0.1962543 0.0901757 0.1767553 0.1557238 0.1458840 0.1350130 0.1315831 0.1569995 0.1346503 0.1505060 0.1320613 0.1635466 0.0896581 0.1546313 0.1468003 0.1810188 0.0000000 0.1679372 0.1455076 0.1389978 0.1716080 0.1692489 0.1780196 0.1807835 0.1502821 0.1426634 0.1070333 0.1749964 0.0886694 0.1277681 0.1456487 0.1265666 0.1408956 0.1232385 0.1238689 0.1528824 0.1395275 0.0979863 0.1482201 0.1580967 0.2208800 0.0781039 0.2204944 0.1489000 0.1629301 0.1795677 0.1318813 0.1865526 0.0816042 0.1486539 0.1491024 0.1119406 0.1270658 0.1865901 0.1424875 0.1601043 0.0910827 0.1518590 0.1370500 0.1458119 0.1685508 0.1632736 0.1579593 0.1626491 0.1091726 0.1269393 0.1718080 0.0441350 0.0892226 0.0955261 0.1428491 0.1043301 0.1679616 0.1253010 0.1587865 0.1365119 0.1415252 0.1478957 0.1382722 0.1388201 0.1386708 0.1581341 0.1699971 0.1301312 0.1952290 0.1318813 0.1785195 0.1315867 0.1358217 0.1506719 0.1363474 0.1702079 0.1603966 0.1593089 0.1517932 0.1535482 0.1436063 0.1468728 0.1612837 0.1336264 0.1691199 0.1839458 0.1290167 0.1302188 0.1437066 0.1671167 
S0624      0.1284837 0.1641326 0.1027907 0.1005045 0.0629272 0.0437990 0.1167542 0.1092060 0.0896109 0.0490156 0.1422750 0.0523298 0.1735207 0.0461538 0.1234096 0.1231811 0.1080272 0.0973097 0.0483297 0.1183950 0.0409928 0.1043900 0.1360530 0.1417732 0.0574074 0.1151274 0.1516992 0.1679372 0.0000000 0.1246161 0.1106667 0.0406188 0.0846750 0.0773985 0.1301788 0.1175507 0.0993274 0.1687311 0.1228787 0.1385335 0.1012970 0.1061942 0.1071272 0.1137237 0.1039763 0.1044942 0.1129170 0.0964366 0.1524136 0.0884304 0.1065302 0.0662092 0.1619356 0.1839559 0.1068351 0.1233162 0.1519076 0.0914221 0.1706636 0.1548431 0.1013494 0.1024914 0.0860237 0.1075361 0.1196403 0.1055462 0.1387709 0.1603871 0.1437688 0.1056138 0.1243991 0.1639145 0.0465167 0.0673499 0.0700356 0.2000510 0.0710579 0.0462559 0.1339518 0.1460788 0.1501439 0.1081349 0.1658281 0.1453183 0.0923450 0.1305863 0.0915673 0.1155548 0.1174638 0.1068189 0.0534956 0.1124660 0.1206228 0.1486966 0.1043589 0.0695640 0.0914221 0.0645720 0.1048176 0.1118667 0.1224440 0.1115465 0.0475850 0.1369630 0.0934392 0.1225863 0.1205973 0.1085553 0.1152784 0.0730955 0.0907750 0.1200596 0.1424279 0.0993783 0.1057291 0.1182488 0.1118271 
S0641      0.0726863 0.1010560 0.0994422 0.0707418 0.1019256 0.1210060 0.1199579 0.0742379 0.0474956 0.1152358 0.1385708 0.1261000 0.1594416 0.1333603 0.1159195 0.0695092 0.0627017 0.0586575 0.1240861 0.1139807 0.1159300 0.1061985 0.0836282 0.1223365 0.0927886 0.1105621 0.1290870 0.1455076 0.1246161 0.0000000 0.0710370 0.1329943 0.1252956 0.1305500 0.1020552 0.0745642 0.1052583 0.1476028 0.0906311 0.1195315 0.0571222 0.1059932 0.1013921 0.0677820 0.0982862 0.0987729 0.1167985 0.0964233 0.1476622 0.1154959 0.0997782 0.1282657 0.1108427 0.1310215 0.1093802 0.1143369 0.1037650 0.1009387 0.1271381 0.1301439 0.0927063 0.0942885 0.1054113 0.0954296 0.1629094 0.1008056 0.1418821 0.1420321 0.0964223 0.1003071 0.0712247 0.0965329 0.1169866 0.1147590 0.1223747 0.1343749 0.1047920 0.1268652 0.1301317 0.1217199 0.1258100 0.0686389 0.1470925 0.1153581 0.0855007 0.0820541 0.0633461 0.0670869 0.1230033 0.0634930 0.1039588 0.1111297 0.1236930 0.0932757 0.1046792 0.1481212 0.1009387 0.1350171 0.0599945 0.1123928 0.1141326 0.0666033 0.1218589 0.0698838 0.1290806 0.0772627 0.0864079 0.1018794 0.1185346 0.1244346 0.0894195 0.1059539 0.1533097 0.1050917 0.0931816 0.0647085 0.1008006 
S0643      0.0695326 0.1059240 0.0954683 0.0309820 0.0715719 0.0974350 0.1214775 0.0289524 0.0273782 0.1060569 0.1334423 0.1272979 0.1503536 0.1252318 0.1235567 0.0781584 0.0240701 0.0152505 0.1190316 0.1151076 0.1024742 0.0987155 0.0836011 0.1236388 0.0904746 0.0944220 0.0860311 0.1389978 0.1106667 0.0710370 0.0000000 0.1292527 0.1022012 0.1228914 0.1068156 0.0300630 0.1103336 0.1467860 0.0996800 0.1222393 0.0194576 0.0844266 0.0915979 0.0285576 0.0913328 0.0917646 0.0891695 0.1016670 0.1227654 0.1030653 0.0930000 0.1419849 0.1228496 0.1099239 0.0934612 0.0983528 0.0732068 0.1158991 0.1523713 0.1212865 0.0821420 0.0768324 0.0825455 0.0917023 0.1164863 0.0940186 0.1386840 0.1318776 0.0719256 0.1034792 0.0358547 0.0676686 0.1094066 0.1081461 0.1053504 0.1340290 0.0962448 0.1066508 0.1344942 0.1230225 0.1270822 0.0241013 0.1309221 0.1450329 0.0800284 0.0405577 0.0196036 0.0634318 0.1096521 0.0514509 0.0830819 0.1082559 0.1177164 0.0645227 0.0916504 0.1508213 0.1158991 0.1189808 0.0217856 0.0943969 0.1218579 0.0337720 0.1203291 0.0591341 0.1262407 0.0384329 0.0746734 0.1043415 0.1217096 0.1178611 0.0748356 0.0988486 0.1316298 0.0885710 0.1065970 0.0640043 0.0939138 
S0645sl    0.1367605 0.1638890 0.1204381 0.1173892 0.0494376 0.0484906 0.1322787 0.1205184 0.0997649 0.0506300 0.1506094 0.0653008 0.1574946 0.0532593 0.1282645 0.1313738 0.1192104 0.1187732 0.0444917 0.1057229 0.0454233 0.1061216 0.1378446 0.1338908 0.0591408 0.1128594 0.1532161 0.1716080 0.0406188 0.1329943 0.1292527 0.0000000 0.0895337 0.0891410 0.1371528 0.1294676 0.1011682 0.1583183 0.1274249 0.1336888 0.1122845 0.1041085 0.1088406 0.1249718 0.1057038 0.1062267 0.1216972 0.0982916 0.1476783 0.0932051 0.1083772 0.0597255 0.1724565 0.1613346 0.1113754 0.1208431 0.1849182 0.0962294 0.1905266 0.1533439 0.1088466 0.1130889 0.0615397 0.1061541 0.1097227 0.1007454 0.1474073 0.1551049 0.1530690 0.1164288 0.1296011 0.1691977 0.0358099 0.0756060 0.0785049 0.2021414 0.0764161 0.0429946 0.1355493 0.1365631 0.1419897 0.1266897 0.1700705 0.1554796 0.1000464 0.1422266 0.1134359 0.1206194 0.1217161 0.1157640 0.0644105 0.1164526 0.1318726 0.1539032 0.1060903 0.0641735 0.0962294 0.0791554 0.1159193 0.1263036 0.1296816 0.1176782 0.0574535 0.1375791 0.0895094 0.1291816 0.1320259 0.1226242 0.1262728 0.0840390 0.1012356 0.1280555 0.1440316 0.1099301 0.1197658 0.1200870 0.1151973 
S0656sl    0.1224529 0.0929053 0.1235753 0.0943038 0.0552613 0.0747406 0.1230049 0.1088596 0.0837902 0.0862094 0.1529708 0.0568897 0.1233894 0.0805223 0.1261589 0.1205997 0.0982284 0.0975368 0.0757460 0.0880963 0.0605119 0.0864275 0.1367837 0.1298747 0.0523271 0.1012383 0.1500901 0.1692489 0.0846750 0.1252956 0.1022012 0.0895337 0.0000000 0.0855044 0.1356027 0.0858299 0.1048886 0.1395915 0.1212306 0.1253233 0.0950406 0.0931269 0.0777354 0.1041800 0.0860945 0.0865123 0.1031023 0.1019750 0.1522794 0.0344387 0.1008578 0.1110898 0.1585111 0.1473736 0.1001654 0.1054564 0.1509292 0.1058975 0.1983176 0.1571756 0.0914908 0.0923946 0.0693406 0.0894123 0.0799057 0.1050752 0.1485671 0.1548981 0.1359735 0.1045584 0.1115097 0.1454125 0.0718296 0.0748347 0.0749800 0.1837850 0.0253769 0.0726692 0.1428774 0.1325786 0.1335342 0.1086668 0.1729169 0.1441140 0.0893667 0.1237012 0.1027123 0.1165785 0.1193185 0.1017190 0.0604756 0.1123777 0.1129982 0.1374830 0.0864012 0.1071132 0.1028371 0.0812138 0.0984666 0.1080795 0.1253404 0.1033053 0.0998309 0.1261980 0.0493248 0.1055885 0.1183691 0.1023390 0.1243556 0.0774764 0.0780020 0.1010665 0.1580215 0.0956959 0.1085280 0.1126957 0.1019729 
