115
PAFTOL_019361 0.0000000 0.1708919 0.1569201 0.2061696 0.1798168 0.2210997 0.2204039 0.2096801 0.2614858 0.2287695 0.2496839 0.2050188 0.2449923 0.2350328 0.2165436 0.1929141 0.1690702 0.1705803 0.2116870 0.1983281 0.2068600 0.2273050 0.2001723 0.1759072 0.2089152 0.2801464 0.2214314 0.1873058 0.1745021 0.2368825 0.1735369 0.2160315 0.2065825 0.1691655 0.2330012 0.1976736 0.1851950 0.2188301 0.1894674 0.1818361 0.2048090 0.1748269 0.2048976 0.1979652 0.1997559 0.2445015 0.1844525 0.2473058 0.2095427 0.1753739 0.1990637 0.2276508 0.1734435 0.2007256 0.1943705 0.1769871 0.2203769 0.1881485 0.2217393 0.2094435 0.1587918 0.1774017 0.1762085 0.1995342 0.2091648 0.2067221 0.2429104 0.2592978 0.1806640 0.1899400 0.1967123 0.1741322 0.1944775 0.1656146 0.2095427 0.2174367 0.1649544 0.2490266 0.2863701 0.1748269 0.2370986 0.2115526 0.2084509 0.1792287 0.1672829 0.1710940 0.2063927 0.1642353 0.2188702 0.1976200 0.2171206 0.2059512 0.2075483 0.2131604 0.2088244 0.2203769 0.1552532 0.2470259 0.1525023 0.2231150 0.1768926 0.2114884 0.1736443 0.1948151 0.1631593 0.1833604 0.2003813 0.2129650 0.2159104 0.1726053 0.2263088 0.2010115 0.2236436 0.2193252 0.1909116 
S0055         0.1708919 0.0000000 0.0589861 0.1012578 0.0673433 0.1189464 0.0871262 0.0917922 0.0465483 0.0971286 0.0975590 0.1292717 0.0930266 0.0840438 0.0879812 0.0774716 0.0507381 0.0516977 0.0964858 0.0827962 0.0842839 0.0902094 0.0761424 0.1062946 0.0800334 0.1023514 0.1033077 0.0663313 0.0570019 0.1121059 0.0782026 0.0788386 0.0594895 0.0491390 0.0798838 0.0742263 0.1176222 0.1100881 0.0572291 0.1061245 0.0803323 0.0537484 0.0841049 0.0734676 0.1205871 0.0893401 0.0715202 0.1145698 0.0657593 0.0789083 0.0886317 0.0821037 0.0860718 0.1176386 0.1015618 0.0766539 0.1032888 0.1496741 0.0784504 0.0906425 0.0952147 0.0982623 0.1414787 0.0762946 0.1345088 0.1042079 0.0930372 0.1133874 0.0604160 0.1044838 0.1392537 0.0506673 0.0791071 0.0957893 0.0657593 0.0692119 0.0812520 0.1196629 0.1321908 0.0541848 0.1011857 0.1002965 0.0888077 0.0564182 0.0454352 0.0496534 0.0934257 0.0477521 0.0668498 0.0919676 0.0898124 0.0834019 0.0628731 0.0872217 0.1015506 0.1032888 0.0431539 0.1245409 0.0960398 0.0829795 0.0597403 0.0925002 0.0414799 0.0836695 0.0416874 0.0599694 0.0976983 0.0783169 0.0881233 0.0959618 0.0843920 0.0685480 0.0797389 0.0808082 0.0793374 
S0196sl       0.1569201 0.0589861 0.0000000 0.0244606 0.0750184 0.7721418 0.0693737 0.0658046 0.0000010 0.0787732 0.0763981 0.1196922 0.0778699 0.0915372 0.0673650 0.0755445 0.0587575 0.0668243 0.0536767 0.0454614 0.0853594 0.0922269 0.0306215 0.0741067 0.1306811 0.1037823 0.0692631 0.0591825 0.0648808 0.0755762 0.0373287 0.0513685 0.0814698 0.0658551 0.0392310 0.0648447 0.1233124 0.0915372 0.0899632 0.0676399 0.0313592 0.0662810 0.0242982 0.0180728 0.0972504 0.0465024 0.0373287 0.0950481 0.0376070 0.0453208 0.0458378 0.0754276 0.0588295 0.0845370 0.0753590 0.0611759 0.0532106 0.1055195 0.0775532 0.0937245 0.1020950 0.0989125 0.1356396 0.0182141 0.1223705 0.0838268 0.0760745 0.0754598 0.0740808 0.0830850 0.1145343 0.0587575 0.1386371 0.0385171 0.0376070 0.0376070 0.0441761 0.0775427 0.1239284 0.0662810 0.0846629 0.1080336 0.0735533 0.0658551 0.0587575 0.0872047 0.0755564 0.0731314 0.0520561 0.0740253 0.0740358 0.0688464 0.0936680 0.0311365 0.0541272 0.0532106 0.0530486 0.0779520 0.0777340 0.0680836 0.0988579 0.0537598 0.0659379 0.0439376 0.0588129 0.0838231 0.0941547 0.0591353 0.0378101 0.0446729 0.0674705 0.0379403 0.0844518 0.0677631 0.0315241 
S0281         0.2061696 0.1012578 0.0244606 0.0000000 0.1059258 0.1501291 0.1045761 0.0756024 0.1252273 0.1232941 0.1100083 0.1575939 0.1071140 0.1058999 0.0804491 0.1148126 0.0799771 0.0913038 0.0831933 0.0918309 0.1171151 0.1127763 0.0789921 0.0861593 0.1186937 0.1142471 0.0991277 0.0956588 0.0935963 0.1235363 0.0745581 0.0910055 0.1152874 0.0854082 0.0423879 0.0779186 0.1300929 0.1354203 0.0961442 0.0799546 0.0276892 0.0833677 0.0305153 0.0223317 0.1082830 0.0508798 0.0771388 0.1326401 0.0714816 0.0892757 0.0874634 0.0933408 0.0817739 0.1050653 0.0898228 0.1079494 0.0364124 0.1332978 0.0864679 0.1008819 0.0958078 0.0922296 0.1420650 0.0304769 0.1397780 0.1081884 0.1080808 0.1120254 0.0940575 0.0822837 0.1403038 0.0831350 0.1164679 0.0698584 0.0714816 0.0679921 0.0902335 0.1279709 0.1379457 0.0840968 0.1078268 0.0996563 0.0877404 0.0860386 0.0774918 0.0931248 0.0864838 0.0765925 0.0692915 0.0785589 0.0785335 0.0971401 0.0940745 0.0331505 0.0908863 0.0364124 0.0753951 0.0517626 0.0769602 0.0790262 0.1001057 0.0983826 0.0752863 0.0771690 0.0761611 0.1041340 0.1048740 0.0750576 0.0782479 0.0780133 0.0819985 0.0569486 0.0793655 0.1172818 0.0694446 
S0282         0.1798168 0.0673433 0.0750184 0.1059258 0.0000000 0.0891587 0.1137137 0.0860176 0.0245042 0.1207017 0.0982114 0.1258969 0.1130229 0.0878104 0.0958601 0.0858852 0.0173227 0.0281056 0.1051322 0.1007491 0.0915687 0.0908101 0.0870521 0.1061641 0.0857231 0.1124473 0.1134581 0.0507670 0.0331561 0.1260414 0.1018664 0.0958122 0.0792833 0.0126626 0.0883151 0.0602112 0.1231235 0.1119669 0.0663435 0.0998803 0.0812597 0.0250832 0.0850814 0.0743078 0.1280393 0.0981395 0.0945932 0.1151719 0.0819291 0.1079553 0.0954237 0.0759833 0.0928731 0.1182319 0.1087914 0.0730434 0.1009249 0.1353215 0.0794924 0.0919412 0.1023626 0.0987479 0.1398525 0.0849822 0.1328535 0.1168141 0.1025600 0.1178259 0.0392058 0.1051760 0.1230930 0.0198736 0.0685517 0.0961850 0.0819291 0.0856549 0.1085586 0.1419803 0.1428322 0.0305452 0.1053869 0.0977073 0.0888450 0.0250320 0.0254451 0.0626306 0.0945075 0.0358800 0.0879132 0.0794200 0.0903927 0.1095383 0.0745593 0.0882332 0.1088005 0.1009249 0.0097878 0.1142344 0.0775209 0.0944524 0.0719691 0.1192354 0.0362293 0.1010201 0.0445728 0.0726739 0.1051644 0.0729290 0.1055067 0.1000004 0.0881180 0.0758103 0.1005636 0.1027297 0.0927238 
S0288         0.2210997 0.1189464 0.7721418 0.1501291 0.0891587 0.0000000 0.1200508 0.0912746 0.1008467 0.1504918 0.0449113 0.0693414 0.1167918 0.0398734 0.1202855 0.1362854 0.0764474 0.0890833 0.1055672 0.1100384 0.1425002 0.0349165 0.1200538 0.1268227 0.1046126 0.0826731 0.1436559 0.1061821 0.0817373 0.1627360 0.1170391 0.1446151 0.1306249 0.0743387 0.1067372 0.0000021 0.1414046 0.0123122 0.0966704 0.1132668 0.0962582 0.0764474 0.1112784 0.0966916 0.1366466 0.1119022 0.1152783 0.0820387 0.1181891 0.1052066 0.1427295 0.0268110 0.0923947 0.1319890 0.1116197 0.0916429 0.1090151 0.1347552 0.0785049 0.0527566 0.1120861 0.1144510 0.1499355 0.1051002 0.1416516 0.1010286 0.1193376 0.0779422 0.0882896 0.1042818 0.1460151 0.0817373 0.0975614 0.5295559 0.1181891 0.1256869 0.1225576 0.1552337 0.0935266 0.0883154 0.0498237 0.1056896 0.1017804 0.0764995 0.0779755 0.0833920 0.0866016 0.0707419 0.1081449 0.0750342 0.0923738 0.1245551 0.1079946 0.1095354 0.1258159 0.1090151 0.0666650 0.1041653 0.0824410 0.0881097 0.1085699 0.1419006 0.0595387 0.1097029 0.0912733 0.0930296 0.1197485 0.0815345 0.1324006 0.1417425 0.1068761 0.0918453 0.0871245 0.1397017 0.1038247 
S0289         0.2204039 0.0871262 0.0693737 0.1045761 0.1137137 0.1200508 0.0000000 0.0892682 0.1031228 0.0443741 0.1104720 0.1395432 0.0381680 0.1048996 0.0931360 0.0900000 0.0869938 0.0986940 0.0382963 0.0276778 0.1034845 0.1011045 0.0571627 0.1087104 0.1277476 0.1069310 0.0333020 0.1008350 0.0973918 0.0476572 0.0421555 0.0539849 0.1180807 0.0927174 0.0909578 0.0854537 0.1465020 0.1309471 0.1060089 0.1018133 0.0870787 0.0840594 0.0909621 0.0800401 0.1125187 0.1007769 0.0391260 0.1404948 0.0478831 0.0460706 0.0899114 0.0930320 0.0889874 0.1093851 0.1046043 0.0980778 0.1110762 0.1497532 0.0928306 0.0962876 0.0908692 0.0944133 0.1751420 0.0874789 0.1567764 0.1019124 0.1056395 0.1318146 0.0946001 0.0984161 0.1608967 0.0902192 0.1210450 0.0547548 0.0478831 0.0510596 0.0535104 0.0524931 0.1221850 0.0978314 0.1120277 0.1111977 0.0926486 0.0902561 0.0877433 0.0943655 0.0942681 0.0860340 0.0454141 0.0831063 0.0872543 0.0275652 0.1250581 0.0941272 0.0416252 0.1110762 0.0784699 0.1269458 0.0923701 0.0824513 0.1130908 0.0300306 0.0822241 0.0473994 0.0918682 0.1004565 0.1175778 0.0853451 0.0600086 0.0924825 0.0808154 0.0657140 0.0866381 0.0974642 0.0854711 
S0292         0.2096801 0.0917922 0.0658046 0.0756024 0.0860176 0.0912746 0.0892682 0.0000000 0.0667696 0.1101863 0.0906412 0.1129992 0.0885988 0.0869928 0.0533057 0.1120013 0.0685477 0.0790957 0.0741120 0.0804017 0.1181273 0.0898657 0.0681898 0.0884305 0.1170548 0.0984177 0.0986479 0.0913815 0.0752566 0.1138915 0.0729147 0.0749496 0.1083354 0.0702500 0.0830961 0.0646687 0.1208903 0.1136985 0.0824514 0.0788125 0.0657739 0.0717401 0.0692366 0.0594073 0.0925209 0.0862483 0.0665216 0.1080973 0.0621401 0.0777853 0.0545422 0.0694642 0.0789922 0.0987689 0.0780863 0.0868398 0.0640951 0.1293344 0.0609140 0.0864459 0.0693336 0.0751862 0.1442230 0.0691555 0.1301629 0.0880403 0.0596676 0.1036602 0.0817691 0.0333646 0.1348916 0.0715473 0.1090517 0.0853573 0.0621401 0.0655090 0.0789360 0.1213844 0.1268932 0.0723407 0.0894754 0.0587495 0.0221239 0.0776036 0.0660114 0.0885886 0.0330291 0.0653694 0.0751694 0.0247918 0.0223202 0.0854040 0.0979177 0.0721875 0.0845876 0.0640951 0.0609691 0.0818647 0.0322642 0.0616932 0.0909417 0.1008028 0.0674164 0.0723467 0.0709086 0.1011989 0.0659721 0.0434378 0.0718792 0.0758149 0.0506334 0.0610854 0.0583052 0.1111559 0.0467381 
S0293         0.2614858 0.0465483 0.0000010 0.1252273 0.0245042 0.1008467 0.1031228 0.0667696 0.0000000 0.1400618 0.0923866 0.1398051 0.0923550 0.0767363 0.0698180 0.0866947 0.0118757 0.0120453 0.1008510 0.0981118 0.1018369 0.0839206 0.0858110 0.1072692 0.0897912 0.1138145 0.1087148 0.0602752 0.0118863 0.1104830 0.1075213 0.0806171 0.0914479 0.0127943 0.0850253 0.0596458 0.1078247 0.1296643 0.0902108 0.0952271 0.0788513 0.0179889 0.0995006 0.0788513 0.0917345 0.1021545 0.0981118 0.1207103 0.0660477 0.1194124 0.0984875 0.0728333 0.0847673 0.1053618 0.1026402 0.1051532 0.1073166 0.1511112 0.0719267 0.1008024 0.0931838 0.1035790 0.1322122 0.0972584 0.1322122 0.1116410 0.0861526 0.1375571 0.0457738 0.0932302 0.1531373 0.0179889 0.0650809 0.6857229 0.0660477 0.0745291 0.1244335 0.1542413 0.1413195 0.0183114 0.0994605 0.0682028 0.0826046 0.0242177 0.0123113 0.0394473 0.0685630 0.0378082 0.0708721 0.0672191 0.0689832 0.1022288 0.0883282 0.0972584 0.0911204 0.1073166 0.0120278 0.1298129 0.0501879 0.0853062 0.0889909 0.1180970 0.0245972 0.1139836 0.0657725 0.0907478 0.1020252 0.0663444 0.1132444 0.0990045 0.0621749 0.0821317 0.0753691 0.0954114 0.0741230 
S0299         0.2287695 0.0971286 0.0787732 0.1232941 0.1207017 0.1504918 0.0443741 0.1101863 0.1400618 0.0000000 0.1330223 0.1606245 0.0359946 0.1269575 0.1113445 0.1018773 0.0999707 0.1084918 0.0583800 0.0472130 0.1150119 0.1226894 0.0766124 0.1352363 0.1359281 0.1376268 0.0450277 0.1136771 0.1107081 0.0598066 0.0662280 0.0793262 0.1218916 0.0994169 0.1125460 0.1079606 0.1611234 0.1543817 0.1057114 0.1208592 0.1083365 0.0970024 0.1125712 0.1007544 0.1355348 0.1228829 0.0629339 0.1691131 0.0602094 0.0710274 0.1013744 0.1112585 0.1068222 0.1361398 0.1307176 0.1170265 0.1341819 0.1734174 0.1030693 0.1145252 0.1098541 0.1167568 0.1910175 0.1086737 0.1718064 0.1242750 0.1142532 0.1521535 0.1079061 0.1134301 0.1720316 0.1032740 0.1326253 0.0625554 0.0602094 0.0636045 0.0653919 0.0568916 0.1467193 0.1112059 0.1382926 0.1268367 0.1137616 0.1033163 0.0966092 0.1009541 0.1073484 0.0988544 0.0669506 0.1037366 0.1000986 0.0302748 0.1289332 0.1158837 0.0622374 0.1341819 0.0913865 0.1466385 0.1146206 0.0928453 0.1274399 0.0332744 0.0983372 0.0716687 0.0982976 0.1105913 0.1266352 0.1026302 0.0728493 0.1075520 0.0916624 0.0727342 0.1077497 0.1060385 0.0962676 
S0303         0.2496839 0.0975590 0.0763981 0.1100083 0.0982114 0.0449113 0.1104720 0.0906412 0.0923866 0.1330223 0.0000000 0.0788159 0.1075250 0.0222454 0.1082628 0.1329392 0.0829371 0.0943625 0.0902871 0.0974393 0.1306482 0.0197590 0.0903977 0.1089803 0.1159568 0.0627427 0.1164063 0.1006573 0.0901644 0.1277599 0.0893222 0.1077068 0.1036312 0.0850778 0.0921279 0.0025964 0.1549915 0.0592969 0.0889005 0.1091840 0.0849566 0.0800412 0.0888530 0.0778869 0.1236085 0.0954226 0.0885481 0.0473133 0.0866971 0.0950032 0.1045853 0.0257496 0.0953534 0.1315311 0.1080991 0.0943579 0.0959674 0.1547813 0.0857276 0.0535067 0.1118104 0.1082890 0.1788240 0.0822513 0.1624058 0.0989625 0.1039520 0.0475924 0.0857762 0.0965753 0.1698715 0.0861076 0.1153037 0.1214378 0.0866971 0.0870587 0.0958688 0.1264253 0.0722014 0.0935479 0.0359896 0.1037882 0.0939694 0.0925079 0.0836434 0.0934899 0.0891877 0.0795288 0.0881894 0.0872627 0.0915542 0.1127971 0.1103729 0.0920424 0.1018522 0.0959674 0.0718457 0.1050193 0.0869796 0.0828727 0.1061214 0.1156370 0.0815168 0.0885836 0.0848095 0.0970417 0.1129307 0.0754239 0.0990933 0.1090389 0.0971503 0.0760316 0.0898102 0.1365437 0.0921573 
S0308         0.2050188 0.1292717 0.1196922 0.1575939 0.1258969 0.0693414 0.1395432 0.1129992 0.1398051 0.1606245 0.0788159 0.0000000 0.1243428 0.0690558 0.1433406 0.1615348 0.1087439 0.1286822 0.1205262 0.1214151 0.1701265 0.0688697 0.1316528 0.1188829 0.1342410 0.1153055 0.1344227 0.1274599 0.1092198 0.1572545 0.1091861 0.1365099 0.1460748 0.1116928 0.1411708 0.0457995 0.1758751 0.0808210 0.1239943 0.1220446 0.1250173 0.1193765 0.1336602 0.1208106 0.1259437 0.1374984 0.1081965 0.0941986 0.1203374 0.1024473 0.1278368 0.0490775 0.1183922 0.1422907 0.1184350 0.1176568 0.1418660 0.1656280 0.1193187 0.0807060 0.1069625 0.1222101 0.1839207 0.1262980 0.1836609 0.1294355 0.1260388 0.0868530 0.1244140 0.1212813 0.1834892 0.1121675 0.1673131 0.1416856 0.1203374 0.1248370 0.1162302 0.1606194 0.1127957 0.1275135 0.0634358 0.1421165 0.1165822 0.1122144 0.1129616 0.1134950 0.1034679 0.1117171 0.1296294 0.1132067 0.1248575 0.1383416 0.1578095 0.1371562 0.1264134 0.1418660 0.1074750 0.1428209 0.1180000 0.1230102 0.1328411 0.1412960 0.1067941 0.1150219 0.1211378 0.1194705 0.1496825 0.1167184 0.1256591 0.1331737 0.1168368 0.1217659 0.1269667 0.1587360 0.1218205 
S0320         0.2449923 0.0930266 0.0778699 0.1071140 0.1130229 0.1167918 0.0381680 0.0885988 0.0923550 0.0359946 0.1075250 0.1243428 0.0000000 0.1023361 0.0959106 0.1063664 0.0928846 0.1047565 0.0462359 0.0409059 0.1195655 0.0984816 0.0510754 0.1222066 0.1310925 0.1230694 0.0333123 0.1063184 0.1033796 0.0502575 0.0533647 0.0536980 0.1249593 0.0921665 0.0969172 0.0796941 0.1572727 0.1205835 0.1019665 0.1016525 0.0929827 0.0899504 0.0969264 0.0858601 0.1190219 0.1067859 0.0502827 0.1366466 0.0420374 0.0576446 0.0859565 0.0947053 0.0952184 0.1237590 0.1111491 0.0977899 0.1171028 0.1649382 0.0957308 0.1018756 0.0975466 0.1008383 0.1867540 0.0932479 0.1678209 0.1116747 0.0810196 0.1213539 0.1005984 0.0976555 0.1722181 0.0961279 0.1210599 0.0619317 0.0420374 0.0451169 0.0591824 0.0388122 0.1346830 0.1038430 0.1018874 0.1105374 0.0983454 0.0961670 0.0936842 0.1003026 0.0935459 0.0918604 0.0539326 0.0824848 0.0929969 0.0248632 0.1243057 0.1001025 0.0497364 0.1171028 0.0811725 0.1288340 0.0873617 0.0785078 0.1198322 0.0273135 0.0817613 0.0586523 0.0913456 0.1069188 0.1099880 0.0816297 0.0537725 0.0987678 0.0770876 0.0653581 0.0925075 0.1105009 0.0755966 
S0322         0.2350328 0.0840438 0.0915372 0.1058999 0.0878104 0.0398734 0.1048996 0.0869928 0.0767363 0.1269575 0.0222454 0.0690558 0.1023361 0.0000000 0.1077432 0.1245684 0.0731458 0.0841098 0.0824343 0.0954097 0.1261839 0.0071538 0.0898534 0.1013054 0.1017281 0.0594584 0.1071822 0.0868385 0.0767631 0.1308899 0.0951502 0.1070426 0.0997033 0.0750074 0.0882862 0.0000022 0.1389072 0.0387142 0.0852220 0.1014843 0.0812300 0.0764479 0.0850518 0.0742789 0.1157771 0.0915384 0.0880263 0.0505170 0.0861803 0.1009978 0.0973576 0.0282736 0.0884547 0.1232838 0.1040825 0.0971013 0.0920520 0.1462772 0.0785352 0.0465078 0.1008132 0.1076189 0.1573667 0.0849527 0.1461597 0.1046940 0.1065958 0.0478350 0.0821326 0.1057344 0.1531540 0.0762377 0.1028790 0.1168279 0.0861803 0.0865366 0.1017402 0.1205233 0.0658107 0.0833933 0.0389946 0.1064261 0.0902760 0.0824811 0.0737605 0.0860338 0.0792460 0.0698546 0.0876552 0.0836653 0.0878604 0.1072059 0.0997811 0.0882040 0.0902917 0.0920520 0.0652411 0.1046877 0.0799224 0.0856487 0.0957136 0.1099878 0.0719094 0.0975234 0.0751041 0.0931943 0.1156077 0.0719524 0.1049860 0.1116423 0.0903924 0.0758325 0.0862394 0.1266172 0.0884358 
S0335         0.2165436 0.0879812 0.0673650 0.0804491 0.0958601 0.1202855 0.0931360 0.0533057 0.0698180 0.1113445 0.1082628 0.1433406 0.0959106 0.1077432 0.0000000 0.1119494 0.0768505 0.0848033 0.0838523 0.0824208 0.1182448 0.1072833 0.0730413 0.1069123 0.1307375 0.0953149 0.1114671 0.0974785 0.0868476 0.1219491 0.0837013 0.0923332 0.1030289 0.0757657 0.0882496 0.0841052 0.1151620 0.1331926 0.0959862 0.0827655 0.0802243 0.0802123 0.0839890 0.0733725 0.1077304 0.0944556 0.0800905 0.1195729 0.0757863 0.0855909 0.0622133 0.0822642 0.0781256 0.1082238 0.0923187 0.0892547 0.0965684 0.1309904 0.0895908 0.0959169 0.0899114 0.0863687 0.1328274 0.0805854 0.1243567 0.0889579 0.0640086 0.1253897 0.0973210 0.0665345 0.1329445 0.0737618 0.1269125 0.0949371 0.0757863 0.0794284 0.0900014 0.1296524 0.1284874 0.0809113 0.1061458 0.0449485 0.0620781 0.0800214 0.0731336 0.0936804 0.0630540 0.0796979 0.0801790 0.0622816 0.0599912 0.0830203 0.1112888 0.0871000 0.0871619 0.0965684 0.0722347 0.1117409 0.0596284 0.0567860 0.1136817 0.0984872 0.0755383 0.0830295 0.0854883 0.1009878 0.0578457 0.0305340 0.0857821 0.0748737 0.0517532 0.0684634 0.0541987 0.1213749 0.0562014 
S0376         0.1929141 0.0774716 0.0755445 0.1148126 0.0858852 0.1362854 0.0900000 0.1120013 0.0866947 0.1018773 0.1329392 0.1615348 0.1063664 0.1245684 0.1119494 0.0000000 0.0669211 0.0677862 0.0953084 0.0842853 0.0181757 0.1241797 0.0836994 0.1155971 0.1154175 0.1234453 0.1073357 0.0838991 0.0805169 0.1221896 0.0798872 0.0806290 0.1127810 0.0669490 0.1049706 0.0919481 0.1438195 0.1334620 0.0866758 0.1119486 0.0921583 0.0639730 0.0963237 0.0846412 0.1223283 0.1157409 0.0796578 0.1545261 0.0733859 0.0927894 0.0934994 0.1016922 0.0875066 0.1245132 0.1109730 0.0776912 0.1216253 0.1662841 0.1056105 0.1104800 0.0899968 0.0895915 0.1625414 0.0962097 0.1545816 0.1182573 0.1197713 0.1411652 0.0713419 0.1176022 0.1516828 0.0700985 0.1134974 0.0938433 0.0733859 0.0771712 0.0967631 0.1357896 0.1563228 0.0773935 0.1270967 0.1143697 0.1157433 0.0701278 0.0639351 0.0780768 0.1179765 0.0633945 0.0823000 0.1052584 0.1100975 0.0873972 0.1052275 0.0962019 0.0963715 0.1216253 0.0550482 0.1455380 0.1059206 0.0999860 0.0907923 0.1026210 0.0598267 0.0927821 0.0760663 0.0882499 0.1212174 0.0867880 0.0909186 0.0907757 0.0951165 0.0795483 0.0995005 0.0467506 0.1011778 
S0400         0.1690702 0.0507381 0.0587575 0.0799771 0.0173227 0.0764474 0.0869938 0.0685477 0.0118757 0.0999707 0.0829371 0.1087439 0.0928846 0.0731458 0.0768505 0.0669211 0.0000000 0.0121463 0.0794134 0.0817237 0.0730132 0.0760282 0.0690065 0.0801770 0.0782016 0.0953361 0.0932079 0.0303511 0.0145008 0.1151435 0.0770786 0.0773651 0.0562266 0.0048676 0.0639179 0.0494249 0.1013572 0.0959354 0.0529283 0.0805050 0.0575410 0.0071333 0.0609234 0.0512877 0.1073171 0.0730079 0.0705093 0.0985967 0.0587787 0.0821591 0.0846029 0.0617823 0.0745719 0.0909705 0.0827446 0.0525871 0.0817103 0.1204391 0.0617464 0.0801607 0.0927956 0.0893633 0.1235374 0.0608497 0.1101287 0.1029139 0.0831112 0.1079055 0.0249211 0.0861074 0.1144833 0.0023552 0.0616768 0.0789777 0.0587787 0.0620753 0.0832440 0.1194653 0.1245948 0.0120593 0.0896822 0.0821573 0.0712754 0.0071198 0.0072312 0.0492572 0.0728481 0.0220138 0.0636465 0.0686825 0.0724509 0.0896281 0.0616926 0.0638592 0.0827485 0.0817103 0.0024003 0.1011380 0.0698058 0.0757882 0.0553806 0.0987915 0.0222188 0.0764671 0.0327066 0.0502188 0.0938706 0.0560794 0.0803469 0.0811486 0.0698207 0.0531044 0.0754344 0.0769462 0.0684751 
S0405         0.1705803 0.0516977 0.0668243 0.0913038 0.0281056 0.0890833 0.0986940 0.0790957 0.0120453 0.1084918 0.0943625 0.1286822 0.1047565 0.0841098 0.0848033 0.0677862 0.0121463 0.0000000 0.0906387 0.0929383 0.0775865 0.0870819 0.0796393 0.0915225 0.0825243 0.1007188 0.1086902 0.0445595 0.0172692 0.1168648 0.0878928 0.0850894 0.0625095 0.0150756 0.0744840 0.0633078 0.1141837 0.1079339 0.0597250 0.0919206 0.0677792 0.0146658 0.0713689 0.0611933 0.1195461 0.0839427 0.0809840 0.1110012 0.0687856 0.0934358 0.0929403 0.0753023 0.0853589 0.1029281 0.0941306 0.0527158 0.0933353 0.1342293 0.0685580 0.0876881 0.1009380 0.0935414 0.1255136 0.0712835 0.1235226 0.1117910 0.0912830 0.1170900 0.0360213 0.0976571 0.1281295 0.0146317 0.0687890 0.0875489 0.0687856 0.0722830 0.0909123 0.1248139 0.1419021 0.0147714 0.1014332 0.0901939 0.0818903 0.0196578 0.0098415 0.0556956 0.0803737 0.0275637 0.0738992 0.0792511 0.0732627 0.1013647 0.0688056 0.0744147 0.0941367 0.0933353 0.0098419 0.1139208 0.0737575 0.0835932 0.0622159 0.1108475 0.0278267 0.0871775 0.0386807 0.0569468 0.1024889 0.0630242 0.0913376 0.0846459 0.0806006 0.0628895 0.0832011 0.0881802 0.0759107 
S0407sl       0.2116870 0.0964858 0.0536767 0.0831933 0.1051322 0.1055672 0.0382963 0.0741120 0.1008510 0.0583800 0.0902871 0.1205262 0.0462359 0.0824343 0.0838523 0.0953084 0.0794134 0.0906387 0.0000000 0.0247981 0.1018285 0.0757768 0.0594120 0.0992532 0.1227634 0.1007184 0.0388466 0.0923491 0.0894629 0.0504353 0.0278952 0.0570172 0.1095295 0.0847874 0.0810211 0.0626961 0.1228478 0.1029286 0.0979292 0.0926366 0.0700315 0.0765416 0.0736161 0.0634625 0.1101973 0.0906359 0.0251605 0.1181269 0.0508387 0.0312739 0.0835715 0.0810900 0.0867077 0.0998399 0.0953673 0.0857014 0.0955233 0.1286787 0.0816975 0.0804088 0.0917850 0.0919283 0.1486992 0.0702068 0.1322935 0.0957979 0.0858965 0.1035656 0.0867178 0.0823327 0.1392452 0.0825466 0.1131155 0.0477907 0.0508387 0.0540637 0.0386318 0.0617597 0.1229907 0.0898615 0.0920226 0.1011191 0.0833403 0.0825798 0.0800845 0.0893461 0.0785383 0.0785571 0.0511557 0.0682940 0.0781060 0.0464260 0.1096200 0.0766433 0.0072163 0.0955233 0.0710508 0.1065296 0.0727335 0.0674704 0.1119889 0.0380987 0.0749023 0.0276901 0.0842643 0.0922885 0.1033337 0.0735888 0.0629892 0.0867614 0.0694192 0.0476143 0.0718075 0.0995691 0.0618688 
S0417         0.1983281 0.0827962 0.0454614 0.0918309 0.1007491 0.1100384 0.0276778 0.0804017 0.0981118 0.0472130 0.0974393 0.1214151 0.0409059 0.0954097 0.0824208 0.0842853 0.0817237 0.0929383 0.0247981 0.0000000 0.0974999 0.0887802 0.0444443 0.1100146 0.1146425 0.1077804 0.0303097 0.0946072 0.0879602 0.0449073 0.0251286 0.0533042 0.1117200 0.0807643 0.0897332 0.0768985 0.1139525 0.1170258 0.0936423 0.0999561 0.0784903 0.0788701 0.0821575 0.0718037 0.1072215 0.0994152 0.0249363 0.1259118 0.0472876 0.0284004 0.0808274 0.0816419 0.0812495 0.1140792 0.1059620 0.0849502 0.0900795 0.1352244 0.0776074 0.0809511 0.0831799 0.0895014 0.1463332 0.0758770 0.1266198 0.0998728 0.0959491 0.1109930 0.0890202 0.0889208 0.1333147 0.0848430 0.1152928 0.0351372 0.0472876 0.0504180 0.0357242 0.0619070 0.1192540 0.0921476 0.0991062 0.0984315 0.0805512 0.0848768 0.0824088 0.0894803 0.0850173 0.0777841 0.0419905 0.0744969 0.0783678 0.0329311 0.1184589 0.0851998 0.0277818 0.0900795 0.0734231 0.1060495 0.0836039 0.0652798 0.1108461 0.0301407 0.0771937 0.0301511 0.0865186 0.0884982 0.1042450 0.0769378 0.0564415 0.0874884 0.0755986 0.0526067 0.0749176 0.0917816 0.0830111 
S0427         0.2068600 0.0842839 0.0853594 0.1171151 0.0915687 0.1425002 0.1034845 0.1181273 0.1018369 0.1150119 0.1306482 0.1701265 0.1195655 0.1261839 0.1182448 0.0181757 0.0730132 0.0775865 0.1018285 0.0974999 0.0000000 0.1302340 0.1011030 0.1253601 0.1177397 0.1296471 0.1092133 0.0828692 0.0862513 0.1356774 0.0929760 0.0990671 0.1046764 0.0718540 0.1114189 0.0948022 0.1495146 0.1468006 0.0903126 0.1217938 0.0880357 0.0701686 0.0991970 0.0878236 0.1367728 0.1219313 0.0927147 0.1637826 0.0904944 0.1022537 0.1114804 0.1082385 0.1040191 0.1342252 0.1207519 0.0769762 0.1237489 0.1713997 0.1120854 0.1208704 0.1031856 0.0996854 0.1632429 0.0990848 0.1600561 0.1279023 0.1259060 0.1385114 0.0737606 0.1177373 0.1572679 0.0760974 0.1209518 0.1040136 0.0904944 0.0908763 0.1097632 0.1489415 0.1695086 0.0832322 0.1330443 0.1205420 0.1217882 0.0761279 0.0736996 0.0882292 0.1201682 0.0661003 0.0957359 0.1115437 0.1125301 0.1005682 0.1084783 0.1024514 0.1140067 0.1237489 0.0615419 0.1468617 0.1131275 0.1027444 0.1006133 0.1158355 0.0667885 0.0992025 0.0799014 0.0944676 0.1273610 0.0966427 0.1083792 0.1047274 0.1060246 0.0862310 0.1059833 0.0564775 0.1075228 
S0430         0.2273050 0.0902094 0.0922269 0.1127763 0.0908101 0.0349165 0.1011045 0.0898657 0.0839206 0.1226894 0.0197590 0.0688697 0.0984816 0.0071538 0.1072833 0.1241797 0.0760282 0.0870819 0.0757768 0.0887802 0.1302340 0.0000000 0.0896008 0.0977379 0.1039226 0.0593248 0.1142604 0.0898023 0.0796785 0.1265694 0.0885451 0.1067362 0.1027065 0.0779641 0.0948784 0.0000022 0.1422759 0.0359228 0.0818954 0.0979063 0.0876911 0.0731751 0.0883618 0.0806006 0.1121553 0.0981716 0.0877839 0.0475749 0.0859397 0.0941524 0.1036454 0.0255526 0.0850978 0.1194835 0.1005069 0.0868613 0.0987335 0.1420616 0.0815160 0.0435044 0.1005248 0.1006816 0.1608355 0.0850022 0.1495380 0.1010934 0.1030224 0.0508304 0.0788291 0.1021946 0.1566061 0.0791308 0.1058916 0.1099643 0.0859397 0.0897636 0.0950284 0.1163123 0.0686189 0.0863402 0.0361804 0.1094465 0.0931622 0.0853950 0.0766669 0.0860579 0.0821479 0.0727159 0.0874067 0.0865205 0.0942033 0.1034185 0.1027879 0.0915327 0.0865418 0.0987335 0.0650608 0.1078403 0.0793150 0.0885560 0.0986843 0.1061866 0.0747430 0.0878189 0.0779539 0.0897393 0.1187134 0.0747866 0.0982205 0.1015725 0.0933740 0.0725906 0.0891811 0.1334381 0.0913555 
S0478         0.2001723 0.0761424 0.0306215 0.0789921 0.0870521 0.1200538 0.0571627 0.0681898 0.0858110 0.0766124 0.0903977 0.1316528 0.0510754 0.0898534 0.0730413 0.0836994 0.0690065 0.0796393 0.0594120 0.0444443 0.1011030 0.0896008 0.0000000 0.1029750 0.1041122 0.0978125 0.0600410 0.0851873 0.0819365 0.0691439 0.0494453 0.0445969 0.1019131 0.0677749 0.0769102 0.0697414 0.1260905 0.1214408 0.0807737 0.0793809 0.0662144 0.0662092 0.0697046 0.0598000 0.1032535 0.0863326 0.0435900 0.1112660 0.0333758 0.0535070 0.0641458 0.0780018 0.0746075 0.1072016 0.0920277 0.0855672 0.0876729 0.1319739 0.0680487 0.0959902 0.0859490 0.0820027 0.1500855 0.0696226 0.1356166 0.0994262 0.0766787 0.1133890 0.0729897 0.0750403 0.1402844 0.0720273 0.1095040 0.0558547 0.0333758 0.0362990 0.0494981 0.0799637 0.1124183 0.0789736 0.0985506 0.0854561 0.0773120 0.0781266 0.0695761 0.0889691 0.0724609 0.0654317 0.0365481 0.0683233 0.0720679 0.0539260 0.0978976 0.0695279 0.0633601 0.0876729 0.0613825 0.1073943 0.0768810 0.0660509 0.0940357 0.0623594 0.0678601 0.0546072 0.0709758 0.0948791 0.0973387 0.0590693 0.0532836 0.0774694 0.0595537 0.0440270 0.0717111 0.0974688 0.0619383 
S0552sl       0.1759072 0.1062946 0.0741067 0.0861593 0.1061641 0.1268227 0.1087104 0.0884305 0.1072692 0.1352363 0.1089803 0.1188829 0.1222066 0.1013054 0.1069123 0.1155971 0.0801770 0.0915225 0.0992532 0.1100146 0.1253601 0.0977379 0.1029750 0.0000000 0.1131812 0.1124299 0.1302991 0.0901828 0.0804996 0.1395451 0.0883669 0.1073812 0.1121511 0.0856215 0.0915206 0.0702020 0.1355880 0.1146310 0.0996328 0.0333335 0.0763273 0.0835734 0.0800018 0.0696203 0.0538217 0.0947881 0.0944252 0.0957368 0.0928690 0.0931166 0.0775613 0.0852911 0.0465505 0.0306204 0.0199686 0.0728762 0.0986980 0.1362723 0.1040011 0.0829954 0.0546403 0.0582443 0.1551639 0.0736879 0.1531102 0.0569128 0.1079298 0.1050371 0.0843045 0.0884109 0.1470891 0.0833397 0.1303529 0.0940779 0.0928690 0.0968061 0.1018402 0.1516157 0.1347348 0.0907324 0.0868928 0.1097290 0.0849744 0.0862469 0.0744312 0.0881337 0.0933528 0.0767859 0.1044553 0.0846794 0.0992580 0.1188914 0.1108773 0.0768051 0.1073985 0.0986980 0.0755912 0.1154580 0.0873430 0.0954387 0.0935224 0.1247626 0.0754749 0.0913200 0.0857155 0.0944810 0.1190059 0.0872733 0.0935380 0.0565959 0.0726138 0.0787660 0.0956369 0.1257534 0.0820860 
S0558         0.2089152 0.0800334 0.1306811 0.1186937 0.0857231 0.1046126 0.1277476 0.1170548 0.0897912 0.1359281 0.1159568 0.1342410 0.1310925 0.1017281 0.1307375 0.1154175 0.0782016 0.0825243 0.1227634 0.1146425 0.1177397 0.1039226 0.1041122 0.1131812 0.0000000 0.1226022 0.1219961 0.0906222 0.0884555 0.1414616 0.1090808 0.1148129 0.0787183 0.0676833 0.0983287 0.0848783 0.1629928 0.1314039 0.0726882 0.1241537 0.0945903 0.0847312 0.1029337 0.0943599 0.1325956 0.1016493 0.1016173 0.1304407 0.1065010 0.1114909 0.1209785 0.0989193 0.0968619 0.1476916 0.1124181 0.0944389 0.1152487 0.1891861 0.1064327 0.1061513 0.0961630 0.1099117 0.1722208 0.1058437 0.1821466 0.1174052 0.1314909 0.1186327 0.0855898 0.1166442 0.1635003 0.0812825 0.0785021 0.1733053 0.1065010 0.1106650 0.1092585 0.1455367 0.1282716 0.0917636 0.1096658 0.1338011 0.1132158 0.0813148 0.0788522 0.0917654 0.1227129 0.0720019 0.1032300 0.1172683 0.1213950 0.1274802 0.0713979 0.1062114 0.1286415 0.1152487 0.0700639 0.1375993 0.1136294 0.1082002 0.0783809 0.1233276 0.0649355 0.1081653 0.0590959 0.0721596 0.1272474 0.1091699 0.1113652 0.1243689 0.1159105 0.0819979 0.1114356 0.1179087 0.1172693 
S0616         0.2801464 0.1023514 0.1037823 0.1142471 0.1124473 0.0826731 0.1069310 0.0984177 0.1138145 0.1376268 0.0627427 0.1153055 0.1230694 0.0594584 0.0953149 0.1234453 0.0953361 0.1007188 0.1007184 0.1077804 0.1296471 0.0593248 0.0978125 0.1124299 0.1226022 0.0000000 0.1206990 0.1141812 0.1030666 0.1344082 0.1025479 0.1087576 0.1127341 0.0911285 0.1037717 0.0463161 0.1691212 0.1027273 0.1030851 0.1095774 0.1032959 0.0989605 0.1006785 0.0957163 0.1378750 0.1071835 0.0952085 0.0815040 0.0939950 0.1035140 0.1025819 0.0520654 0.0956757 0.1197212 0.1068340 0.1017463 0.1190343 0.1828264 0.0789260 0.0624127 0.1123712 0.1085222 0.1768464 0.1073983 0.1687208 0.1129156 0.0921887 0.0860706 0.0982809 0.1107739 0.1859466 0.0951999 0.1370288 0.1296341 0.0939950 0.0980023 0.1092995 0.1465884 0.0492486 0.1066436 0.0688582 0.1086302 0.1047824 0.1018872 0.0961770 0.1107486 0.0970713 0.0917035 0.0852250 0.0949228 0.1030295 0.1246086 0.1206911 0.1039814 0.1090222 0.1190343 0.0874513 0.1416369 0.0848172 0.0978907 0.1198120 0.1345943 0.0871899 0.1016893 0.0906234 0.1013008 0.1219831 0.0733442 0.1133124 0.1094208 0.0980796 0.0864122 0.1008919 0.1478570 0.0930199 
S0624         0.2214314 0.1033077 0.0692631 0.0991277 0.1134581 0.1436559 0.0333020 0.0986479 0.1087148 0.0450277 0.1164063 0.1344227 0.0333123 0.1071822 0.1114671 0.1073357 0.0932079 0.1086902 0.0388466 0.0303097 0.1092133 0.1142604 0.0600410 0.1302991 0.1219961 0.1206990 0.0000000 0.1067091 0.1072513 0.0426817 0.0421774 0.0568315 0.1244899 0.0924947 0.0971031 0.0917561 0.1469163 0.1449757 0.1123839 0.1161780 0.0896642 0.0936426 0.0971125 0.0860137 0.1337372 0.1069999 0.0363453 0.1549544 0.0506733 0.0427976 0.0963403 0.1028300 0.1090995 0.1311522 0.1258901 0.1081658 0.1086582 0.1586810 0.0995876 0.1063241 0.1031552 0.1067237 0.1700580 0.0970040 0.1572261 0.1265009 0.1089546 0.1307098 0.1009624 0.1040287 0.1613678 0.0964668 0.1321377 0.0546720 0.0506733 0.0508591 0.0535426 0.0540006 0.1326170 0.1077341 0.1255236 0.1213150 0.1086351 0.0965062 0.0974396 0.1055544 0.0998391 0.0955265 0.0509881 0.0924015 0.0996688 0.0359845 0.1354438 0.1002973 0.0422362 0.1086582 0.0880338 0.1299832 0.1031285 0.0931089 0.1307774 0.0223215 0.0915869 0.0474256 0.1014171 0.1101950 0.1280286 0.0914340 0.0659743 0.1128044 0.0869811 0.0686287 0.1027258 0.1114894 0.0915690 
S0641         0.1873058 0.0663313 0.0591825 0.0956588 0.0507670 0.1061821 0.1008350 0.0913815 0.0602752 0.1136771 0.1006573 0.1274599 0.1063184 0.0868385 0.0974785 0.0838991 0.0303511 0.0445595 0.0923491 0.0946072 0.0828692 0.0898023 0.0851873 0.0901828 0.0906222 0.1141812 0.1067091 0.0000000 0.0411801 0.1261907 0.0833139 0.0917000 0.0688269 0.0338168 0.0869130 0.0630784 0.1201876 0.1108531 0.0684226 0.0872622 0.0766567 0.0384444 0.0803482 0.0699198 0.1177670 0.0965605 0.0830895 0.1175985 0.0720191 0.0955195 0.1094489 0.0783162 0.0908835 0.1013771 0.0998019 0.0623884 0.1028329 0.1361522 0.0780231 0.0946247 0.0927506 0.0962894 0.1354608 0.0802550 0.1296147 0.1141666 0.1075305 0.1232974 0.0443080 0.1039739 0.1342489 0.0330033 0.0878591 0.0787488 0.0720191 0.0755728 0.0963535 0.1306804 0.1369086 0.0442142 0.1078083 0.1028112 0.0941823 0.0383633 0.0361813 0.0551401 0.0963805 0.0380318 0.0786525 0.0915554 0.0958151 0.1029650 0.0776775 0.0834219 0.1038519 0.1028329 0.0309671 0.1239009 0.1024365 0.0994048 0.0646456 0.1123308 0.0411272 0.0831220 0.0468210 0.0715835 0.1155997 0.0687739 0.0948264 0.0978286 0.0931214 0.0651079 0.0989533 0.0840718 0.0912727 
S0643         0.1745021 0.0570019 0.0648808 0.0935963 0.0331561 0.0817373 0.0973918 0.0752566 0.0118863 0.1107081 0.0901644 0.1092198 0.1033796 0.0767631 0.0868476 0.0805169 0.0145008 0.0172692 0.0894629 0.0879602 0.0862513 0.0796785 0.0819365 0.0804996 0.0884555 0.1030666 0.1072513 0.0411801 0.0000000 0.1264412 0.0901222 0.0842601 0.0684978 0.0200704 0.0768337 0.0592554 0.1127465 0.1065114 0.0649803 0.0872061 0.0701445 0.0170212 0.0737334 0.0635678 0.1077657 0.0737248 0.0832286 0.0996342 0.0710826 0.0956900 0.0919882 0.0716676 0.0876157 0.0979136 0.0899485 0.0621510 0.0956624 0.1325126 0.0681032 0.0807438 0.0931791 0.0967401 0.1276091 0.0736466 0.1219417 0.1033498 0.0903611 0.1090433 0.0410864 0.0934059 0.1264802 0.0169816 0.0709105 0.0877050 0.0710826 0.0745810 0.0965221 0.1309441 0.1403807 0.0171434 0.0905950 0.0892946 0.0780208 0.0219978 0.0097393 0.0616616 0.0735629 0.0325172 0.0764982 0.0815395 0.0855854 0.1000337 0.0741015 0.0767633 0.0929112 0.0956624 0.0122769 0.1162014 0.0801654 0.0890698 0.0674453 0.1093925 0.0328267 0.0893940 0.0437460 0.0622127 0.1014388 0.0683214 0.0873083 0.0944984 0.0766719 0.0652118 0.0886600 0.0904959 0.0751736 
S0645sl       0.2368825 0.1121059 0.0755762 0.1235363 0.1260414 0.1627360 0.0476572 0.1138915 0.1104830 0.0598066 0.1277599 0.1572545 0.0502575 0.1308899 0.1219491 0.1221896 0.1151435 0.1168648 0.0504353 0.0449073 0.1356774 0.1265694 0.0691439 0.1395451 0.1414616 0.1344082 0.0426817 0.1261907 0.1264412 0.0000000 0.0513673 0.0638505 0.1452219 0.1080056 0.1125512 0.1120168 0.1654485 0.1585861 0.1214049 0.1230124 0.1120757 0.1120928 0.1163710 0.1043996 0.1428500 0.1228823 0.0482590 0.1691393 0.0633616 0.0556520 0.1157891 0.1196650 0.1210436 0.1404871 0.1349613 0.1209913 0.1382724 0.1689165 0.1117976 0.1165559 0.1171430 0.1160789 0.1827244 0.1124305 0.1764789 0.1322101 0.1173748 0.1354333 0.1133747 0.1242507 0.1812118 0.1185862 0.1453573 0.0758863 0.0633616 0.0668113 0.0600314 0.0725001 0.1539357 0.1270146 0.1383281 0.1222057 0.1243213 0.1186355 0.1161687 0.1168514 0.1158936 0.1039737 0.0574750 0.1001452 0.1151660 0.0504699 0.1375522 0.1197079 0.0541423 0.1382724 0.1039664 0.1508663 0.1111072 0.0997828 0.1404730 0.0474050 0.0998519 0.0567331 0.1027561 0.1223037 0.1250382 0.1062425 0.0761529 0.1213295 0.1054230 0.0822227 0.1150378 0.1189561 0.1098927 
S0656sl       0.1735369 0.0782026 0.0373287 0.0745581 0.1018664 0.1170391 0.0421555 0.0729147 0.1075213 0.0662280 0.0893222 0.1091861 0.0533647 0.0951502 0.0837013 0.0798872 0.0770786 0.0878928 0.0278952 0.0251286 0.0929760 0.0885451 0.0494453 0.0883669 0.1090808 0.1025479 0.0421774 0.0833139 0.0901222 0.0513673 0.0000000 0.0442759 0.1031369 0.0822204 0.0756449 0.0727594 0.1100440 0.1166792 0.0859269 0.0882140 0.0620609 0.0742928 0.0654348 0.0558401 0.1054855 0.0849022 0.0095879 0.1167978 0.0385182 0.0123926 0.0759787 0.0739965 0.0793124 0.0952343 0.0813541 0.0776977 0.0826630 0.1143445 0.0764854 0.0819462 0.0783024 0.0780896 0.1440326 0.0594958 0.1260387 0.0982366 0.0844508 0.1024338 0.0811753 0.0809585 0.1272958 0.0801109 0.1245729 0.0559194 0.0385182 0.0414900 0.0196136 0.0759470 0.1103373 0.0871623 0.0910509 0.0994094 0.0760189 0.0801422 0.0777106 0.0745459 0.0772410 0.0675335 0.0415088 0.0671962 0.0768230 0.0505853 0.1096482 0.0683335 0.0310071 0.0826630 0.0695807 0.0980255 0.0754747 0.0673293 0.0924054 0.0475133 0.0699298 0.0144911 0.0789474 0.0776748 0.1051281 0.0724085 0.0472671 0.0793597 0.0710165 0.0462300 0.0674697 0.0869414 0.0666272 
S0673         0.2160315 0.0788386 0.0513685 0.0910055 0.0958122 0.1446151 0.0539849 0.0749496 0.0806171 0.0793262 0.1077068 0.1365099 0.0536980 0.1070426 0.0923332 0.0806290 0.0773651 0.0850894 0.0570172 0.0533042 0.0990671 0.1067362 0.0445969 0.1073812 0.1148129 0.1087576 0.0568315 0.0917000 0.0842601 0.0638505 0.0442759 0.0000000 0.1158695 0.0769195 0.0859007 0.0915404 0.1418129 0.1438560 0.0907688 0.1005859 0.0778093 0.0745664 0.0814353 0.0711942 0.1140852 0.0890575 0.0412242 0.1298149 0.0144959 0.0510989 0.0816555 0.0916050 0.0937012 0.1185402 0.0962052 0.1029724 0.1034865 0.1416454 0.0844881 0.1068336 0.0865930 0.0863512 0.1592969 0.0813432 0.1518883 0.1035888 0.0869192 0.1147252 0.0796769 0.0866109 0.1567862 0.0804124 0.1184093 0.0780456 0.0144959 0.0170699 0.0584116 0.0826860 0.1343186 0.0808421 0.1092604 0.0988196 0.0843004 0.0865636 0.0748438 0.0860621 0.0794500 0.0718289 0.0418102 0.0812066 0.0852323 0.0565513 0.1086495 0.0844470 0.0570683 0.1034865 0.0667967 0.1241197 0.0764635 0.0881812 0.1011414 0.0591540 0.0742626 0.0522741 0.0774513 0.1085520 0.1113765 0.0772239 0.0273574 0.0971820 0.0665946 0.0527903 0.0842504 0.0986632 0.0621937 
S0689         0.2065825 0.0594895 0.0814698 0.1152874 0.0792833 0.1306249 0.1180807 0.1083354 0.0914479 0.1218916 0.1036312 0.1460748 0.1249593 0.0997033 0.1030289 0.1127810 0.0562266 0.0625095 0.1095295 0.1117200 0.1046764 0.1027065 0.1019131 0.1121511 0.0787183 0.1127341 0.1244899 0.0688269 0.0684978 0.1452219 0.1031369 0.1158695 0.0000000 0.0606463 0.0974236 0.0839742 0.1364197 0.1322046 0.0628334 0.1107430 0.0833438 0.0592743 0.0941605 0.0831482 0.1483930 0.1073403 0.0959570 0.1199662 0.0947862 0.1053527 0.1208487 0.0870995 0.1083711 0.1200634 0.1181350 0.0610788 0.1107594 0.1575048 0.0877801 0.1117772 0.1239102 0.1266683 0.1524101 0.0940542 0.1419065 0.1333212 0.1149270 0.1374256 0.0720583 0.1045708 0.1426857 0.0591187 0.0787279 0.1098661 0.0947862 0.0987080 0.1032968 0.1470359 0.1433194 0.0656412 0.1175812 0.1083077 0.1111745 0.0649596 0.0566786 0.0706730 0.1101364 0.0647154 0.0852644 0.1085344 0.1131598 0.1214481 0.0715996 0.0973346 0.1217723 0.1107594 0.0515860 0.1325526 0.1081157 0.0993540 0.0712554 0.1242576 0.0523556 0.0959949 0.0470332 0.0502779 0.1144457 0.0800544 0.1124782 0.1127712 0.1008176 0.0718294 0.0924603 0.1120948 0.0952500 
S0690         0.1691655 0.0491390 0.0658551 0.0854082 0.0126626 0.0743387 0.0927174 0.0702500 0.0127943 0.0994169 0.0850778 0.1116928 0.0921665 0.0750074 0.0757657 0.0669490 0.0048676 0.0150756 0.0847874 0.0807643 0.0718540 0.0779641 0.0677749 0.0856215 0.0676833 0.0911285 0.0924947 0.0338168 0.0200704 0.1080056 0.0822204 0.0769195 0.0606463 0.0000000 0.0654424 0.0505483 0.1008133 0.0948394 0.0454598 0.0794982 0.0621088 0.0123364 0.0656390 0.0556066 0.1024536 0.0747603 0.0753901 0.1012467 0.0637415 0.0876012 0.0836815 0.0633570 0.0734685 0.0968835 0.0882484 0.0538011 0.0838636 0.1203793 0.0601211 0.0752892 0.0855469 0.0820940 0.1160624 0.0655587 0.1098007 0.0957576 0.0821682 0.1039375 0.0228934 0.0883347 0.1142669 0.0073301 0.0546873 0.0862816 0.0637415 0.0672122 0.0886051 0.1193829 0.1280554 0.0175257 0.0920195 0.0812046 0.0730426 0.0123120 0.0125117 0.0474945 0.0746974 0.0199660 0.0684357 0.0703909 0.0742787 0.0888344 0.0572250 0.0686723 0.0922325 0.0838636 0.0049639 0.1039211 0.0689549 0.0746951 0.0508878 0.0982152 0.0201557 0.0815503 0.0280789 0.0513643 0.0931704 0.0516756 0.0862963 0.0801840 0.0685936 0.0574002 0.0806141 0.0822854 0.0733509 
