117
S0055      0.0000000 0.1034398 0.1635811 0.0774405 0.1660936 0.1354960 0.1052294 0.0859601 0.1600948 0.1647508 0.1374607 0.1495250 0.1492791 0.1287793 0.1413561 0.1479503 0.0866281 0.0774915 0.0741502 0.1174554 0.1263186 0.0943054 0.0860750 0.0995103 0.1502386 0.1231716 0.0999106 0.1251258 0.1594848 0.1338497 0.0905344 0.0660617 0.1503764 0.1132923 0.1126594 0.1179528 0.0763428 0.1023972 0.1626165 0.1005342 0.1523534 0.0709552 0.1045244 0.0921330 0.0792562 0.0896980 0.0960758 0.0874022 0.1002215 0.1231610 0.1631174 0.1148172 0.1002210 0.1175347 0.1039751 0.1020610 0.1066219 0.1086854 0.1291780 0.1068141 0.1677306 0.1473082 0.1391518 0.0855821 0.0876366 0.0938293 0.0880907 0.1116917 0.1442655 0.0904775 0.1250397 0.0724648 0.1028297 0.1086243 0.1243955 0.1106258 0.1104617 0.1439491 0.1063182 0.1527844 0.1575640 0.1720281 0.1366925 0.0684885 0.1291418 0.1008517 0.0795469 0.0655223 0.0706047 0.1109910 0.0635701 0.1108978 0.1075492 0.1438569 0.0878130 0.0964443 0.1439617 0.1007527 0.1324963 0.0703149 0.1012921 0.1056940 0.0741394 0.1508078 0.0924219 0.1144967 0.0997780 0.1010608 0.1416933 0.1269415 0.1252283 0.0851085 0.0935866 0.0889448 0.1072358 0.0894719 0.0910600 
S0196sl    0.1034398 0.0000000 0.1206579 0.0763602 0.1287460 0.0941380 0.1046475 0.0982213 0.1399354 0.1283711 0.1185215 0.1119574 0.0930600 0.1315468 0.1337826 0.1169758 0.1259834 0.0814875 0.0920240 0.1370763 0.0837678 0.0145391 0.1427292 0.0872948 0.1160321 0.0942660 0.1146826 0.1266847 0.1315273 0.0993937 0.0872195 0.0836951 0.1047004 0.0859370 0.0887680 0.1262517 0.0850021 0.0590657 0.1273040 0.1109243 0.1198317 0.0722530 0.1130522 0.0167037 0.0867609 0.0105553 0.0145742 0.0955895 0.0566399 0.0855896 0.1260667 0.0937096 0.1108028 0.0767199 0.1152648 0.1140083 0.1219507 0.1213083 0.1729470 0.0732715 0.1572319 0.1223389 0.0979195 0.0909715 0.0914100 0.0166721 0.0965193 0.1088581 0.1127485 0.1369347 0.1234050 0.0877234 0.1307641 0.1174292 0.0872250 0.0813591 0.0780721 0.1172714 0.0844911 0.1160805 0.1256478 0.1422957 0.1170795 0.0865073 0.1107443 0.1014480 0.0929576 0.0868945 0.1323288 0.1092360 0.0919177 0.1104198 0.0988592 0.1036204 0.1139955 0.0190462 0.1250410 0.0760902 0.1009636 0.0847758 0.1108008 0.1003092 0.0819584 0.1069192 0.1059235 0.0909141 0.0991279 0.1182388 0.1255659 0.1151601 0.0990338 0.1075739 0.1158590 0.0557464 0.1056939 0.1257376 0.1010640 
S0278      0.1635811 0.1206579 0.0000000 0.1255463 0.1754696 0.0634634 0.1377000 0.1542627 0.0656728 0.1925650 0.0628390 0.1644681 0.0642981 0.1709062 0.2056652 0.1647243 0.1645667 0.1406272 0.1498044 0.1591375 0.0592511 0.1272862 0.1640701 0.0556104 0.1601288 0.0731007 0.1643219 0.1442777 0.1643856 0.0422763 0.1506560 0.1377445 0.0455895 0.0861990 0.0896572 0.1821025 0.1432950 0.1509842 0.1772634 0.1493557 0.1678583 0.1368480 0.1543663 0.1223775 0.1548279 0.1252236 0.1227824 0.1713089 0.1435422 0.0946199 0.1691450 0.0877255 0.1392658 0.1349620 0.1563451 0.1712077 0.1676606 0.1726115 0.2068342 0.1599079 0.1940428 0.1511421 0.1458331 0.1562244 0.1562799 0.1243856 0.1573639 0.1700516 0.1483014 0.1766538 0.1614710 0.1394809 0.1981345 0.1760953 0.0607229 0.0857331 0.0862078 0.1575712 0.1007803 0.0773847 0.1583015 0.1781438 0.1574714 0.1439484 0.1799060 0.1382229 0.1440309 0.1382774 0.1983588 0.1701646 0.1380798 0.1522094 0.1507934 0.0630881 0.1766735 0.1255398 0.0709238 0.1497867 0.1036743 0.1440073 0.1436091 0.1584987 0.1451150 0.0813370 0.1695361 0.1046772 0.1465522 0.1573903 0.1907423 0.1676667 0.0879385 0.1482166 0.1359658 0.1182627 0.1680197 0.1724917 0.1388461 
S0282      0.0774405 0.0763602 0.1255463 0.0000000 0.1370017 0.1045032 0.0915053 0.0281675 0.1358337 0.1494211 0.1069144 0.1142729 0.1135464 0.1221173 0.1528096 0.1174463 0.0995030 0.0204916 0.0299019 0.0979047 0.0965779 0.0739335 0.0953444 0.0866794 0.1188263 0.0822199 0.1083344 0.1035454 0.1341434 0.1034398 0.0511332 0.0208852 0.1184481 0.0787624 0.0880377 0.0974936 0.0179434 0.0981016 0.1328550 0.0755035 0.1262455 0.0222554 0.1090909 0.0736646 0.0234968 0.0712984 0.0738629 0.1006578 0.0924548 0.0919881 0.1331687 0.0788024 0.0995781 0.0950578 0.1146647 0.1126598 0.1235502 0.1214729 0.1213578 0.1010792 0.1290393 0.1246957 0.1043363 0.1013145 0.1034579 0.0753110 0.1035119 0.1059148 0.1198950 0.0774689 0.1056651 0.0204520 0.0977425 0.1055089 0.0892210 0.0861514 0.0868302 0.1136801 0.0857117 0.1081494 0.1293625 0.1381291 0.1072122 0.0250771 0.1200015 0.0849927 0.0234530 0.0191626 0.0932507 0.1078919 0.0473865 0.1046721 0.0975100 0.1127526 0.0797633 0.0780655 0.1472759 0.0933210 0.1028704 0.0179093 0.0950728 0.0999629 0.0221459 0.1064705 0.0597341 0.0934919 0.0552810 0.0780771 0.1310384 0.1162527 0.0954074 0.1005178 0.0949832 0.0798543 0.1074835 0.0877147 0.0831317 
S0288      0.1660936 0.1287460 0.1754696 0.1370017 0.0000000 0.1715376 0.1873053 0.1596090 0.1827429 0.1377817 0.1755282 0.0117124 0.1723913 0.2128744 0.2576268 0.0153162 0.1911920 0.1554311 0.1663585 0.2053777 0.1671433 0.1322112 0.2047825 0.1338163 0.0097618 0.1739185 0.2046318 0.1935344 0.1236955 0.1733077 0.1721739 0.1398896 0.1951152 0.1402293 0.1606633 0.1892693 0.1406601 0.1642790 0.0274735 0.1745178 0.0153207 0.1507875 0.1920268 0.1203355 0.1706275 0.1207945 0.1234125 0.1929199 0.1685965 0.1406064 0.1217347 0.1494758 0.1880612 0.0561360 0.2016092 0.2067962 0.2018439 0.2165800 0.2096239 0.1525713 0.2268232 0.0958401 0.1099026 0.1757406 0.1838268 0.1231301 0.1907119 0.2145869 0.0958711 0.1917911 0.1991999 0.1410157 0.2181173 0.1887017 0.1629166 0.1586913 0.1506354 0.0114456 0.1575058 0.1858352 0.1247758 0.0215570 0.0233064 0.1559326 0.2222573 0.1685573 0.1493669 0.1456395 0.1652579 0.1735445 0.1448625 0.2012794 0.2049125 0.1811591 0.1899088 0.1270470 0.2103124 0.1409423 0.1723877 0.1404678 0.1902111 0.1885100 0.1471735 0.1820477 0.1777985 0.1550385 0.1687806 0.1660487 0.2326943 0.1989516 0.1739317 0.1689568 0.1874971 0.1270223 0.1949639 0.2003183 0.1668800 
S0289      0.1354960 0.0941380 0.0634634 0.1045032 0.1715376 0.0000000 0.1108397 0.1319463 0.0595003 0.1622727 0.0507594 0.1488213 0.0606357 0.1380208 0.1700875 0.1494154 0.1541158 0.1235602 0.1208336 0.1600547 0.0469148 0.0986343 0.1451721 0.0512044 0.1472636 0.0663034 0.1491570 0.1518820 0.1437603 0.0387611 0.1275726 0.1056423 0.0488705 0.0877897 0.0698310 0.1607146 0.1191219 0.1254768 0.1531628 0.1366153 0.1570149 0.1139260 0.1424781 0.0981831 0.1255304 0.0979309 0.0984699 0.1472620 0.1190339 0.0858504 0.1585780 0.0776583 0.1232623 0.1240691 0.1465030 0.1654691 0.1510356 0.1586522 0.1915180 0.1374020 0.1834195 0.1414267 0.1238627 0.1351475 0.1356156 0.0980125 0.1484672 0.1505248 0.1341042 0.1516211 0.1269586 0.1166002 0.1545902 0.1547729 0.0351762 0.0647972 0.0680054 0.1450149 0.0908223 0.0575705 0.1482762 0.1693671 0.1496454 0.1180179 0.1436489 0.1109017 0.1205646 0.1130262 0.1716138 0.1378990 0.1098658 0.1192547 0.1234966 0.0483143 0.1462752 0.1030551 0.0700150 0.1285754 0.0781675 0.1187392 0.1134694 0.1297695 0.1238942 0.0496430 0.1453922 0.0910160 0.1293416 0.1387663 0.1621768 0.1316016 0.0780435 0.1292888 0.1201206 0.1044635 0.1337771 0.1495512 0.1183868 
S0292      0.1052294 0.1046475 0.1377000 0.0915053 0.1873053 0.1108397 0.0000000 0.1127888 0.1425961 0.1598399 0.1272973 0.1590073 0.1177769 0.1134142 0.1142551 0.1571763 0.1230346 0.1016197 0.1058749 0.1363039 0.1098921 0.1000449 0.1167736 0.0792894 0.1597834 0.0990541 0.1058549 0.1344028 0.1582108 0.1036113 0.1131701 0.0935243 0.1229850 0.1089310 0.0963251 0.1355812 0.0988956 0.1154878 0.1699934 0.1197366 0.1617119 0.0870613 0.1004334 0.0997161 0.1034545 0.0978737 0.1038203 0.0863435 0.1114923 0.1069274 0.1590125 0.1025186 0.0751722 0.1256532 0.1075844 0.1074986 0.1089610 0.1190739 0.1617905 0.1420063 0.1685461 0.1416464 0.1293763 0.0923036 0.0964199 0.0958714 0.0884805 0.1073801 0.1345384 0.1239858 0.0513598 0.0897739 0.1440212 0.1102564 0.0927099 0.0949212 0.0954183 0.1508639 0.0958489 0.1187460 0.1553285 0.1851360 0.1521718 0.0956747 0.1045388 0.0235049 0.0972140 0.0946092 0.1330951 0.0421178 0.0851519 0.0312833 0.0173629 0.1131863 0.1235107 0.1067566 0.1398957 0.1298693 0.1031233 0.0964520 0.0496746 0.0864940 0.0981933 0.1243595 0.1216698 0.1005066 0.1028460 0.1196946 0.1109759 0.1144668 0.1056273 0.0867808 0.0691604 0.0888118 0.0998626 0.1110790 0.0656567 
S0293      0.0859601 0.0982213 0.1542627 0.0281675 0.1596090 0.1319463 0.1127888 0.0000000 0.1682246 0.1860644 0.1353167 0.1476759 0.1474916 0.1376015 0.1528051 0.1532727 0.1074331 0.0282218 0.0418701 0.0931534 0.1318344 0.0938210 0.1052748 0.0966516 0.1558622 0.1190947 0.1224110 0.1152503 0.1730881 0.1289981 0.0655577 0.0303825 0.1506894 0.1109650 0.1217067 0.1078653 0.0239437 0.1102321 0.1713075 0.0845632 0.1556329 0.0318778 0.1212134 0.0934517 0.0314678 0.0911492 0.0937253 0.1179085 0.1041279 0.1263514 0.1690205 0.1194447 0.1164548 0.1252959 0.1293810 0.1292050 0.1392199 0.1369250 0.1353838 0.1110934 0.1561471 0.1562810 0.1344480 0.1063127 0.1086245 0.0952351 0.1169056 0.1199439 0.1535441 0.0861934 0.1178987 0.0315618 0.1108337 0.1212613 0.1191859 0.1195211 0.1224478 0.1490131 0.1109373 0.1454686 0.1645619 0.1724882 0.1414209 0.0365119 0.1400901 0.1052761 0.0381912 0.0301427 0.1043715 0.1317232 0.0521353 0.1189758 0.1195819 0.1438452 0.0929740 0.0982745 0.1710891 0.1027429 0.1272946 0.0255406 0.1024510 0.1174306 0.0333720 0.1410325 0.0709900 0.1235298 0.0681465 0.0805941 0.1514274 0.1314560 0.1308699 0.1094689 0.1092988 0.0945973 0.1235063 0.0974568 0.1047440 
S0299      0.1600948 0.1399354 0.0656728 0.1358337 0.1827429 0.0595003 0.1425961 0.1682246 0.0000000 0.1929049 0.0605032 0.1632354 0.0856949 0.1711586 0.1939246 0.1610337 0.1585463 0.1586542 0.1559712 0.1800373 0.0578444 0.1294609 0.1556513 0.0678035 0.1589765 0.0840790 0.1697553 0.1662896 0.1694968 0.0561504 0.1592330 0.1380011 0.0679604 0.0996773 0.0986970 0.1889125 0.1544950 0.1721657 0.1710443 0.1656963 0.1691894 0.1476899 0.1649559 0.1333726 0.1660059 0.1317423 0.1338251 0.1727522 0.1693746 0.1001627 0.1767524 0.0994852 0.1373557 0.1443108 0.1666739 0.1861682 0.1693712 0.1782572 0.1920507 0.1651167 0.2086682 0.1536970 0.1484881 0.1625574 0.1664694 0.1354300 0.1623812 0.1766222 0.1508349 0.1678536 0.1617624 0.1454178 0.1781896 0.1831688 0.0630393 0.0899921 0.0885269 0.1589351 0.1110112 0.0760357 0.1659211 0.1847417 0.1588364 0.1547402 0.1858723 0.1431391 0.1500479 0.1417971 0.1997570 0.1632736 0.1276715 0.1579613 0.1509342 0.0728216 0.1757106 0.1367216 0.1019884 0.1547464 0.1061655 0.1526889 0.1484898 0.1661972 0.1517209 0.0749040 0.1797482 0.1148971 0.1527085 0.1763964 0.1976126 0.1640155 0.1110681 0.1617524 0.1302889 0.1295649 0.1707867 0.1756525 0.1422327 
S0308      0.1647508 0.1283711 0.1925650 0.1494211 0.1377817 0.1622727 0.1598399 0.1860644 0.1929049 0.0000000 0.1891501 0.1153959 0.1764474 0.1989633 0.3010892 0.1149092 0.1990728 0.1590672 0.1642844 0.2330235 0.1647744 0.1278693 0.2137378 0.1569284 0.1139272 0.1564018 0.1893621 0.1960358 0.1440405 0.1691645 0.1668435 0.1523141 0.1860684 0.1541454 0.1589802 0.1925857 0.1628622 0.1496555 0.1242562 0.1738053 0.1237419 0.1561277 0.1755713 0.1213193 0.1635074 0.1217498 0.1131014 0.1756936 0.1597851 0.1495287 0.1187548 0.1441153 0.1823705 0.0766901 0.1823890 0.1992745 0.1839236 0.1986654 0.2355621 0.1644858 0.2291066 0.1146782 0.1111561 0.1876306 0.1894299 0.1231086 0.1677700 0.2130257 0.1080635 0.1986444 0.1776356 0.1570691 0.2000993 0.1818606 0.1506757 0.1554870 0.1572655 0.1151404 0.1535151 0.1804756 0.1416409 0.1400967 0.1145059 0.1543386 0.2032807 0.1523792 0.1569022 0.1557622 0.1978224 0.1706905 0.1528814 0.1646940 0.1647934 0.1833859 0.1827875 0.1289399 0.2195860 0.1553179 0.1726713 0.1575575 0.1669090 0.1833569 0.1596234 0.1806573 0.1768889 0.1619661 0.1635460 0.1809919 0.2021868 0.1900641 0.1723640 0.1677140 0.1762364 0.1248953 0.1949091 0.1977902 0.1652896 
S0320      0.1374607 0.1185215 0.0628390 0.1069144 0.1755282 0.0507594 0.1272973 0.1353167 0.0605032 0.1891501 0.0000000 0.1586929 0.0725051 0.1412702 0.1797664 0.1537910 0.1507538 0.1242930 0.1288920 0.1626335 0.0521917 0.1117953 0.1513761 0.0614215 0.1564771 0.0798030 0.1614286 0.1452959 0.1588978 0.0464048 0.1426556 0.1134254 0.0507436 0.0921244 0.0905744 0.1828079 0.1186358 0.1500531 0.1639786 0.1374835 0.1618644 0.1170075 0.1559725 0.1108985 0.1340180 0.1140184 0.1140327 0.1618916 0.1387859 0.0965797 0.1692465 0.0983477 0.1230526 0.1303906 0.1689745 0.1778848 0.1647584 0.1708702 0.1789168 0.1501907 0.1790619 0.1443233 0.1528830 0.1591362 0.1607709 0.1157679 0.1524872 0.1665533 0.1413212 0.1643190 0.1491868 0.1188501 0.1743417 0.1662536 0.0499001 0.0813513 0.0794835 0.1542263 0.1055483 0.0692463 0.1557920 0.1755648 0.1541217 0.1254676 0.1597545 0.1257519 0.1259773 0.1142501 0.1660338 0.1513476 0.1158849 0.1477218 0.1383594 0.0515175 0.1591338 0.1169071 0.0739529 0.1416392 0.0957588 0.1244082 0.1313056 0.1342149 0.1246142 0.0717168 0.1527789 0.1031675 0.1311798 0.1544294 0.1843608 0.1549032 0.1042584 0.1458050 0.1149602 0.1163233 0.1472159 0.1609877 0.1172407 
S0322      0.1495250 0.1119574 0.1644681 0.1142729 0.0117124 0.1488213 0.1590073 0.1476759 0.1632354 0.1153959 0.1586929 0.0000000 0.1485214 0.1875926 0.2474763 0.0057890 0.1738840 0.1274104 0.1384322 0.1940704 0.1415978 0.1142297 0.1843547 0.1287816 0.0014705 0.1418117 0.1742920 0.1588738 0.1029824 0.1507918 0.1377545 0.1159072 0.1699371 0.1243684 0.1346544 0.1590141 0.1249699 0.1410399 0.0132696 0.1555121 0.0087609 0.1235367 0.1635690 0.1077244 0.1357537 0.1036485 0.1080369 0.1629711 0.1444647 0.1210600 0.1026931 0.1265552 0.1678214 0.0418347 0.1745941 0.1757449 0.1808013 0.1856549 0.2003378 0.1337321 0.1848411 0.0823446 0.0851885 0.1636198 0.1688582 0.1056342 0.1619344 0.1724033 0.0817941 0.1693411 0.1663936 0.1252535 0.1773941 0.1679634 0.1346308 0.1312185 0.1317285 0.0028867 0.1351786 0.1551817 0.0990953 0.0138898 0.0117046 0.1228519 0.1942297 0.1445107 0.1271952 0.1198449 0.1486281 0.1639041 0.1318656 0.1650386 0.1687000 0.1571568 0.1589044 0.1126986 0.2202266 0.1251910 0.1519748 0.1157357 0.1559033 0.1691900 0.1235106 0.1522735 0.1428694 0.1345544 0.1394143 0.1415325 0.2034374 0.1739993 0.1490327 0.1589289 0.1642132 0.1067714 0.1733976 0.1638358 0.1490414 
S0327      0.1492791 0.0930600 0.0642981 0.1135464 0.1723913 0.0606357 0.1177769 0.1474916 0.0856949 0.1764474 0.0725051 0.1485214 0.0000000 0.1438171 0.1571897 0.1534644 0.1627795 0.1286740 0.1301816 0.1762194 0.0581545 0.0973050 0.1641124 0.0393669 0.1491533 0.0615911 0.1560143 0.1597709 0.1511786 0.0527110 0.1371098 0.1175075 0.0543871 0.0787027 0.0702003 0.1662233 0.1286669 0.1262355 0.1641481 0.1526163 0.1588908 0.1187662 0.1538505 0.0993494 0.1348867 0.0994085 0.0996382 0.1525179 0.1168971 0.0728825 0.1559576 0.0708367 0.1295698 0.1189456 0.1621605 0.1686093 0.1725394 0.1700506 0.2038477 0.1398091 0.1910733 0.1431636 0.1331019 0.1512432 0.1517706 0.1011189 0.1463767 0.1426540 0.1358162 0.1628117 0.1377844 0.1217379 0.1904853 0.1502938 0.0510374 0.0669924 0.0684249 0.1449461 0.0854947 0.0738191 0.1535443 0.1762023 0.1492616 0.1231400 0.1557838 0.1178406 0.1257146 0.1181693 0.1756855 0.1374515 0.1198159 0.1282561 0.1305467 0.0663564 0.1649663 0.1064870 0.0648686 0.1310329 0.0837997 0.1257531 0.1307094 0.1351248 0.1269913 0.0725237 0.1528300 0.0874474 0.1295997 0.1541195 0.1705432 0.1373734 0.0739460 0.1349735 0.1264329 0.1115644 0.1434291 0.1633278 0.1225696 
S0335      0.1287793 0.1315468 0.1709062 0.1221173 0.2128744 0.1380208 0.1134142 0.1376015 0.1711586 0.1989633 0.1412702 0.1875926 0.1438171 0.0000000 0.0951457 0.1854920 0.1545955 0.1284219 0.1353242 0.1587976 0.1341913 0.1218644 0.1340501 0.1316508 0.1892697 0.1352833 0.1334393 0.1455103 0.1987814 0.1323750 0.1417274 0.1263949 0.1483068 0.1401288 0.1234537 0.1625483 0.1282166 0.1519788 0.1956322 0.1466518 0.1930283 0.1232967 0.1325129 0.1214044 0.1325420 0.1216510 0.1259559 0.1414944 0.1473509 0.1374282 0.1889006 0.1247810 0.1070407 0.1503038 0.1387757 0.1568305 0.1455488 0.1531427 0.2048383 0.1563707 0.1896036 0.1710563 0.1736253 0.1383049 0.1356925 0.1170987 0.1240779 0.1092795 0.1653812 0.1544146 0.1205965 0.1261943 0.1622726 0.1402645 0.1196404 0.1257856 0.1284744 0.1834355 0.1370533 0.1402607 0.1899642 0.2175616 0.1844973 0.1260034 0.0829302 0.1044421 0.1302658 0.1229857 0.1561309 0.1266845 0.1145814 0.1125497 0.1178266 0.1402203 0.1439944 0.1293838 0.1585484 0.1469977 0.1368592 0.1259220 0.1006293 0.0663274 0.1195793 0.1516716 0.1451317 0.1294079 0.1385992 0.1398717 0.0850878 0.0355515 0.1374345 0.1272493 0.1109808 0.1312630 0.0661933 0.1679150 0.1027032 
S0345      0.1413561 0.1337826 0.2056652 0.1528096 0.2576268 0.1700875 0.1142551 0.1528051 0.1939246 0.3010892 0.1797664 0.2474763 0.1571897 0.0951457 0.0000000 0.2493157 0.1688971 0.1465618 0.1621175 0.1805218 0.1602442 0.1277302 0.1820062 0.1329982 0.2499246 0.1897992 0.1753392 0.1472113 0.2590023 0.1583014 0.1480640 0.1718969 0.1548737 0.1534310 0.1383397 0.1651670 0.1346430 0.1280287 0.2568949 0.1380994 0.2571008 0.1424874 0.1691249 0.1277302 0.1541799 0.1277302 0.1335797 0.1375782 0.1036194 0.1593368 0.2305948 0.1650813 0.1240425 0.2005402 0.1926045 0.1777950 0.1734314 0.1763208 0.2160299 0.1234513 0.2499551 0.2170674 0.2633912 0.1340064 0.1418836 0.1402904 0.1475682 0.1367002 0.2178045 0.1498496 0.1279028 0.1390882 0.1506567 0.1758145 0.1432359 0.1521570 0.1521570 0.2588300 0.1507630 0.1649855 0.2445775 0.2785660 0.2571008 0.1676747 0.0246963 0.1044228 0.1450289 0.1611895 0.1489102 0.1164247 0.1086758 0.1334937 0.1089233 0.1728930 0.1601317 0.1347772 0.1897684 0.1234513 0.1439255 0.1640166 0.1379611 0.0726527 0.1483359 0.1881550 0.1539776 0.1382995 0.1319842 0.1446628 0.0336196 0.0985871 0.1517708 0.1295219 0.1366892 0.1691777 0.0777322 0.1640297 0.1119534 
S0355      0.1479503 0.1169758 0.1647243 0.1174463 0.0153162 0.1494154 0.1571763 0.1532727 0.1610337 0.1149092 0.1537910 0.0057890 0.1534644 0.1854920 0.2493157 0.0000000 0.1765590 0.1283221 0.1412657 0.1948607 0.1423356 0.1173592 0.1842539 0.1281059 0.0072793 0.1453116 0.1768279 0.1637110 0.1083237 0.1539969 0.1426870 0.1193115 0.1700947 0.1259412 0.1355157 0.1594881 0.1305870 0.1396653 0.0189386 0.1540839 0.0144323 0.1268538 0.1685806 0.1090473 0.1365001 0.1050628 0.1093578 0.1683927 0.1450914 0.1250495 0.1063968 0.1280971 0.1657500 0.0475167 0.1746532 0.1849938 0.1812666 0.1880146 0.2076257 0.1366793 0.1894291 0.0860997 0.0869919 0.1639080 0.1690377 0.1069920 0.1644348 0.1747390 0.0837857 0.1649820 0.1718830 0.1282803 0.1750795 0.1716363 0.1376275 0.1321500 0.1326923 0.0085608 0.1366130 0.1556508 0.1044780 0.0198156 0.0173528 0.1259073 0.1944497 0.1451838 0.1301895 0.1229698 0.1470637 0.1617520 0.1309007 0.1630671 0.1666222 0.1575803 0.1570977 0.1161974 0.2185868 0.1262171 0.1553436 0.1191927 0.1541562 0.1675794 0.1265720 0.1527950 0.1413613 0.1380232 0.1422882 0.1443724 0.2034735 0.1722439 0.1474346 0.1593139 0.1622465 0.1084317 0.1739869 0.1686020 0.1474629 
S0376      0.0866281 0.1259834 0.1645667 0.0995030 0.1911920 0.1541158 0.1230346 0.1074331 0.1585463 0.1990728 0.1507538 0.1738840 0.1627795 0.1545955 0.1688971 0.1765590 0.0000000 0.0998837 0.0943877 0.1347584 0.1363841 0.1129097 0.0520993 0.1124322 0.1799446 0.1330267 0.1173420 0.1451577 0.1898082 0.1519212 0.1009392 0.0855520 0.1629090 0.1285759 0.1326158 0.1214537 0.0972019 0.1297893 0.1960475 0.1201402 0.1815368 0.0889030 0.1225474 0.1135358 0.0999191 0.1133867 0.1180047 0.1117618 0.1287905 0.1262115 0.1875151 0.1366554 0.1121486 0.1533052 0.1293896 0.1315919 0.1347997 0.1282143 0.1419938 0.1196035 0.1770041 0.1810890 0.1647094 0.1124064 0.1149558 0.1153952 0.1106848 0.1215385 0.1798826 0.1124676 0.1357220 0.0943564 0.1158722 0.1228334 0.1414809 0.1260619 0.1287261 0.1744987 0.1206696 0.1617418 0.1705517 0.1974906 0.1685267 0.0996127 0.1465565 0.1129444 0.1022124 0.0867509 0.1023849 0.1233302 0.0810749 0.1332831 0.1256462 0.1555434 0.1021935 0.1191591 0.1644671 0.1176209 0.1463300 0.0947535 0.1174937 0.1265624 0.0982852 0.1620252 0.1008999 0.1277124 0.1022930 0.1184630 0.1525234 0.1627221 0.1469283 0.1116752 0.1008732 0.1140287 0.1335748 0.0665644 0.1071484 
S0400      0.0774915 0.0814875 0.1406272 0.0204916 0.1554311 0.1235602 0.1016197 0.0282218 0.1586542 0.1590672 0.1242930 0.1274104 0.1286740 0.1284219 0.1465618 0.1283221 0.0998837 0.0000000 0.0299231 0.1005314 0.1149089 0.0903006 0.0993359 0.0897529 0.1342851 0.1035100 0.1063521 0.1096181 0.1489077 0.1222699 0.0564590 0.0209133 0.1338571 0.0903101 0.1018854 0.0976115 0.0134270 0.0962900 0.1442616 0.0796879 0.1367061 0.0222851 0.1072221 0.0826590 0.0174993 0.0803738 0.0828850 0.0967703 0.0906622 0.1099114 0.1467879 0.1018422 0.1034181 0.1051892 0.1126488 0.1086537 0.1194430 0.1194161 0.1266831 0.1030555 0.1462845 0.1401114 0.1212651 0.0993838 0.1015136 0.0843269 0.0996871 0.1040745 0.1350480 0.0794212 0.1124793 0.0204701 0.1030243 0.0996837 0.1072509 0.0999219 0.1015828 0.1285822 0.0957709 0.1315543 0.1439308 0.1502438 0.1218026 0.0251100 0.1194267 0.0948129 0.0234738 0.0207128 0.0956772 0.1147879 0.0457550 0.1092075 0.1078322 0.1319366 0.0835065 0.0872535 0.1653991 0.0952580 0.1214316 0.0148105 0.1013931 0.0999638 0.0206479 0.1211914 0.0564038 0.1055086 0.0587877 0.0818111 0.1308470 0.1224038 0.1097877 0.0986035 0.0987558 0.0800517 0.1074839 0.0878785 0.0905219 
S0405      0.0741502 0.0920240 0.1498044 0.0299019 0.1663585 0.1208336 0.1058749 0.0418701 0.1559712 0.1642844 0.1288920 0.1384322 0.1301816 0.1353242 0.1621175 0.1412657 0.0943877 0.0299231 0.0000000 0.1119500 0.1103833 0.0924026 0.0939381 0.1038996 0.1433498 0.1037219 0.1080390 0.1199660 0.1547528 0.1236967 0.0566279 0.0162810 0.1345590 0.0968415 0.0982812 0.1057374 0.0291942 0.0946358 0.1577933 0.0912187 0.1455995 0.0270152 0.1116089 0.0883612 0.0346090 0.0861231 0.0886053 0.0990823 0.0890159 0.1083068 0.1511169 0.1002456 0.1076916 0.1113725 0.1190629 0.1110452 0.1219192 0.1170606 0.1282249 0.1014073 0.1489446 0.1422920 0.1206988 0.1010444 0.1057626 0.0900466 0.1039140 0.1084481 0.1371934 0.0796223 0.1170958 0.0300051 0.1058850 0.1078335 0.1047937 0.0963303 0.0978005 0.1373143 0.0941551 0.1329798 0.1445111 0.1623638 0.1303520 0.0204918 0.1246154 0.0989382 0.0331193 0.0145846 0.0978955 0.1203552 0.0473883 0.1155561 0.1121795 0.1333464 0.0874086 0.0930897 0.1681641 0.0936226 0.1138129 0.0227531 0.1094891 0.1004784 0.0268811 0.1267241 0.0546798 0.1039132 0.0624086 0.0872816 0.1331970 0.1291175 0.1060745 0.0989442 0.1029389 0.0833890 0.1098924 0.0845404 0.0945724 
S0412sl    0.1174554 0.1370763 0.1591375 0.0979047 0.2053777 0.1600547 0.1363039 0.0931534 0.1800373 0.2330235 0.1626335 0.1940704 0.1762194 0.1587976 0.1805218 0.1948607 0.1347584 0.1005314 0.1119500 0.0000000 0.1595745 0.1275661 0.1159222 0.1400968 0.1929007 0.1487838 0.1642016 0.1196575 0.2229345 0.1446203 0.1244513 0.1077404 0.1752564 0.1430667 0.1437879 0.1338490 0.1041534 0.1441596 0.2066549 0.0607262 0.1981081 0.1062184 0.1475673 0.1187254 0.1185479 0.1218220 0.1269476 0.1507169 0.1410007 0.1514422 0.2048540 0.1425594 0.1545859 0.1622272 0.1549545 0.1674762 0.1576966 0.1689326 0.1241030 0.1397061 0.1924818 0.2019539 0.1843153 0.1423942 0.1550422 0.1241867 0.1512261 0.1705020 0.1990901 0.1124411 0.1530633 0.1028099 0.1258599 0.1495002 0.1639357 0.1380046 0.1393421 0.1891586 0.1594903 0.1649761 0.2040279 0.2017450 0.1845268 0.1160014 0.1594293 0.1271137 0.1127552 0.0965401 0.1410470 0.1407547 0.0810996 0.1405015 0.1373593 0.1596444 0.1186271 0.1280295 0.1863461 0.1307161 0.1458706 0.1069848 0.1416129 0.1413538 0.1032150 0.1644838 0.1320524 0.1484795 0.1087128 0.1250106 0.1679087 0.1675567 0.1484549 0.1420165 0.1482178 0.1387800 0.1579439 0.1407785 0.1357275 
S0417      0.1263186 0.0837678 0.0592511 0.0965779 0.1671433 0.0469148 0.1098921 0.1318344 0.0578444 0.1647744 0.0521917 0.1415978 0.0581545 0.1341913 0.1602442 0.1423356 0.1363841 0.1149089 0.1103833 0.1595745 0.0000000 0.0991675 0.1496358 0.0508885 0.1370911 0.0565689 0.1468688 0.1359952 0.1486859 0.0464569 0.1215882 0.1001063 0.0532398 0.0751716 0.0633484 0.1526087 0.1082233 0.1312266 0.1550213 0.1332711 0.1520124 0.1036524 0.1426881 0.0968934 0.1208824 0.0965187 0.0971726 0.1418421 0.1245231 0.0676106 0.1500749 0.0708949 0.1160343 0.1146398 0.1518265 0.1593045 0.1518070 0.1538045 0.1851715 0.1312796 0.1738860 0.1321773 0.1198074 0.1363911 0.1368550 0.0986478 0.1366874 0.1451911 0.1250627 0.1474238 0.1211199 0.1023047 0.1633914 0.1458750 0.0315618 0.0584517 0.0594657 0.1382974 0.0797792 0.0633446 0.1487885 0.1687067 0.1382147 0.1097175 0.1414391 0.1012332 0.1060898 0.1009083 0.1563816 0.1258431 0.1040748 0.1222712 0.1204941 0.0444065 0.1440150 0.1039249 0.0705993 0.1226785 0.0766436 0.1100476 0.1204602 0.1319709 0.1112501 0.0530153 0.1388529 0.0820664 0.1091106 0.1450816 0.1616352 0.1292869 0.0715535 0.1305626 0.1130351 0.0992227 0.1402769 0.1445625 0.1112438 
S0419      0.0943054 0.0145391 0.1272862 0.0739335 0.1322112 0.0986343 0.1000449 0.0938210 0.1294609 0.1278693 0.1117953 0.1142297 0.0973050 0.1218644 0.1277302 0.1173592 0.1129097 0.0903006 0.0924026 0.1275661 0.0991675 0.0000000 0.1226041 0.0745968 0.1167057 0.0880255 0.1128859 0.1314218 0.1374157 0.0995050 0.0963257 0.0825378 0.1095726 0.0975597 0.0880011 0.1240885 0.0875905 0.0600562 0.1265366 0.0988380 0.1213765 0.0799954 0.1090082 0.0159336 0.0957939 0.0147058 0.0189490 0.1054670 0.0601977 0.0935508 0.1194918 0.0876994 0.1162471 0.0807847 0.1137968 0.1110804 0.1249086 0.1219665 0.1486050 0.0696177 0.1441938 0.1087230 0.1038833 0.1041587 0.1044915 0.0173956 0.0884264 0.1150913 0.1023226 0.1238526 0.1173789 0.0851688 0.1203945 0.1098573 0.0892753 0.0828713 0.0793412 0.1136510 0.0952956 0.1163235 0.1355056 0.1398531 0.1129722 0.0863454 0.1135660 0.0937690 0.0906120 0.0798157 0.1258033 0.1031536 0.0818477 0.1092104 0.1041738 0.1068875 0.1106895 0.0206067 0.1171867 0.0659589 0.1026777 0.0834006 0.0997824 0.0985488 0.0868781 0.1158029 0.1056926 0.0988504 0.0998616 0.1108357 0.1310217 0.1172491 0.0993998 0.0996841 0.1054763 0.0588344 0.1061523 0.1262153 0.0950694 
S0427      0.0860750 0.1427292 0.1640701 0.0953444 0.2047825 0.1451721 0.1167736 0.1052748 0.1556513 0.2137378 0.1513761 0.1843547 0.1641124 0.1340501 0.1820062 0.1842539 0.0520993 0.0993359 0.0939381 0.1159222 0.1496358 0.1226041 0.0000000 0.1187428 0.1877502 0.1307233 0.1119117 0.1377840 0.1928660 0.1481924 0.1140393 0.0892622 0.1585655 0.1413497 0.1409807 0.1262283 0.1006155 0.1339201 0.2030658 0.1204671 0.1891047 0.0906064 0.1167383 0.1181284 0.0973864 0.1120753 0.1224680 0.1095315 0.1313647 0.1409536 0.1984990 0.1427290 0.1004935 0.1638919 0.1154268 0.1174039 0.1203103 0.1221324 0.1328916 0.1363813 0.1736739 0.1887562 0.1707185 0.0999027 0.1002189 0.1159675 0.1021867 0.1124877 0.1851586 0.0990995 0.1328764 0.0958600 0.1235835 0.1239151 0.1434529 0.1345786 0.1404972 0.1775941 0.1272158 0.1491896 0.1884615 0.2004781 0.1717615 0.0990145 0.1430257 0.1113530 0.1034314 0.0904181 0.1147010 0.1182952 0.0754224 0.1264634 0.1151600 0.1451876 0.1154688 0.1228128 0.1747622 0.1319375 0.1612261 0.0923917 0.1155763 0.1238759 0.0958175 0.1601787 0.1141385 0.1372907 0.1135303 0.1142289 0.1508217 0.1460859 0.1476995 0.1055925 0.0919601 0.1229989 0.1235440 0.0566548 0.0961528 
S0428sl    0.0995103 0.0872948 0.0556104 0.0866794 0.1338163 0.0512044 0.0792894 0.0966516 0.0678035 0.1569284 0.0614215 0.1287816 0.0393669 0.1316508 0.1329982 0.1281059 0.1124322 0.0897529 0.1038996 0.1400968 0.0508885 0.0745968 0.1187428 0.0000000 0.1291287 0.0477913 0.1240965 0.1250606 0.1430175 0.0400261 0.1040259 0.0977854 0.0449610 0.0507092 0.0555000 0.1179969 0.0838619 0.1009696 0.1436513 0.1124739 0.1315673 0.0872168 0.1208529 0.0713005 0.1089937 0.0686108 0.0712994 0.1209305 0.0843157 0.0565626 0.1369118 0.0557997 0.0741318 0.0973728 0.1406901 0.1344787 0.1271998 0.1326827 0.1720923 0.0994955 0.1752393 0.1020159 0.1261543 0.1145690 0.1147272 0.0801779 0.1055124 0.1199611 0.1052905 0.1196627 0.1177079 0.0833379 0.1432205 0.1242551 0.0397182 0.0532978 0.0502609 0.1285360 0.0649626 0.0646354 0.1207606 0.1408898 0.1281059 0.0996719 0.1278208 0.0855845 0.0953629 0.0942202 0.1196646 0.1093515 0.0760590 0.1034289 0.0911881 0.0586206 0.1306020 0.0716179 0.0650407 0.0994955 0.0534289 0.0979788 0.1005171 0.1033209 0.0934074 0.0563454 0.1206973 0.0647751 0.0971905 0.1137797 0.1380208 0.1157350 0.0587444 0.0969559 0.0829738 0.0963456 0.1129837 0.1244188 0.0771407 
S0430      0.1502386 0.1160321 0.1601288 0.1188263 0.0097618 0.1472636 0.1597834 0.1558622 0.1589765 0.1139272 0.1564771 0.0014705 0.1491533 0.1892697 0.2499246 0.0072793 0.1799446 0.1342851 0.1433498 0.1929007 0.1370911 0.1167057 0.1877502 0.1291287 0.0000000 0.1447176 0.1752638 0.1642254 0.1094558 0.1519419 0.1404538 0.1207626 0.1707815 0.1249515 0.1374380 0.1643647 0.1324050 0.1417091 0.0148022 0.1539603 0.0058353 0.1282504 0.1644723 0.1082045 0.1406190 0.1041155 0.1085199 0.1659913 0.1473123 0.1216208 0.1012154 0.1271502 0.1686557 0.0436565 0.1730368 0.1782601 0.1822471 0.1842491 0.2031772 0.1343504 0.1981824 0.0808650 0.0856309 0.1644216 0.1696916 0.1061026 0.1672751 0.1750342 0.0803220 0.1701229 0.1696783 0.1299778 0.1758547 0.1716121 0.1374525 0.1339828 0.1343601 0.0014454 0.1358283 0.1559490 0.1055044 0.0107934 0.0102571 0.1275324 0.1976664 0.1452038 0.1319405 0.1245227 0.1493425 0.1638031 0.1327318 0.1658447 0.1695321 0.1579259 0.1573833 0.1155121 0.2130953 0.1278576 0.1549607 0.1206631 0.1566591 0.1706215 0.1282248 0.1480405 0.1478531 0.1372815 0.1444457 0.1465933 0.2078001 0.1778626 0.1474727 0.1597047 0.1650208 0.1095499 0.1748666 0.1692407 0.1497593 
S0478      0.1231716 0.0942660 0.0731007 0.0822199 0.1739185 0.0663034 0.0990541 0.1190947 0.0840790 0.1564018 0.0798030 0.1418117 0.0615911 0.1352833 0.1897992 0.1453116 0.1330267 0.1035100 0.1037219 0.1487838 0.0565689 0.0880255 0.1307233 0.0477913 0.1447176 0.0000000 0.1377378 0.1418484 0.1294298 0.0601893 0.1033584 0.0916274 0.0673218 0.0594663 0.0543037 0.1467680 0.0968791 0.1227814 0.1576820 0.1317437 0.1549877 0.0928446 0.1336334 0.0858764 0.1092675 0.0875784 0.0861161 0.1277589 0.1163110 0.0610553 0.1461273 0.0508357 0.1055436 0.1140504 0.1424029 0.1454732 0.1568004 0.1545621 0.1690396 0.1249345 0.1539220 0.1293037 0.1212323 0.1280164 0.1348700 0.0875796 0.1257585 0.1224416 0.1223759 0.1286664 0.1186018 0.0934215 0.1585111 0.1263973 0.0547061 0.0525785 0.0533190 0.1412847 0.0638216 0.0782726 0.1379623 0.1646262 0.1382485 0.0973337 0.1414533 0.0965526 0.0970962 0.0925155 0.1528487 0.1199991 0.0935038 0.1064989 0.1111623 0.0685472 0.1428077 0.0906182 0.0914916 0.1165777 0.0666681 0.0965732 0.1084138 0.1140270 0.0999553 0.0820227 0.1277456 0.0591858 0.0964473 0.1309617 0.1508072 0.1261681 0.0584887 0.1101777 0.1026996 0.0944660 0.1238847 0.1353914 0.0871066 
S0552sl    0.0999106 0.1146826 0.1643219 0.1083344 0.2046318 0.1491570 0.1058549 0.1224110 0.1697553 0.1893621 0.1614286 0.1742920 0.1560143 0.1334393 0.1753392 0.1768279 0.1173420 0.1063521 0.1080390 0.1642016 0.1468688 0.1128859 0.1119117 0.1240965 0.1752638 0.1377378 0.0000000 0.1471074 0.1780266 0.1421714 0.1146805 0.0956298 0.1607397 0.1430551 0.1359772 0.1294960 0.0998598 0.1284639 0.1886890 0.1358225 0.1816513 0.0955872 0.0162079 0.1111360 0.1082164 0.1043523 0.1154292 0.0516182 0.1259325 0.1495136 0.1734529 0.1435213 0.1000319 0.1424080 0.0208012 0.0543034 0.0287427 0.0221718 0.1543388 0.1356613 0.1880451 0.1626945 0.1524359 0.0483816 0.0481973 0.1051006 0.0606076 0.1267872 0.1594067 0.1184237 0.1249329 0.1048483 0.1415352 0.1093193 0.1464250 0.1371023 0.1422704 0.1701898 0.1273254 0.1629967 0.1721910 0.2076361 0.1644261 0.1002270 0.1316507 0.1012374 0.1086701 0.0989815 0.1241381 0.1077157 0.1014747 0.1030482 0.1135193 0.1638789 0.1192616 0.1185862 0.1640711 0.1227978 0.1525019 0.1014851 0.1134098 0.1205058 0.1047969 0.1711138 0.1192656 0.1465827 0.1227911 0.1178635 0.1240543 0.1351748 0.1459374 0.0464179 0.0934468 0.1037180 0.1251779 0.1167046 0.0889615 
S0558      0.1251258 0.1266847 0.1442777 0.1035454 0.1935344 0.1518820 0.1344028 0.1152503 0.1662896 0.1960358 0.1452959 0.1588738 0.1597709 0.1455103 0.1472113 0.1637110 0.1451577 0.1096181 0.1199660 0.1196575 0.1359952 0.1314218 0.1377840 0.1250606 0.1642254 0.1418484 0.1471074 0.0000000 0.1851642 0.1348572 0.1122170 0.1055345 0.1499447 0.1233345 0.1414211 0.1147470 0.1128312 0.1353708 0.1710006 0.1070096 0.1683830 0.1007144 0.1345249 0.1227137 0.1174450 0.1227421 0.1312020 0.1337148 0.1291142 0.1292861 0.1971212 0.1268637 0.1381333 0.1422255 0.1403148 0.1468294 0.1478551 0.1487999 0.1774613 0.1498389 0.1899345 0.1846563 0.1502490 0.1294655 0.1341002 0.1264902 0.1297967 0.1345401 0.1787113 0.1263421 0.1262677 0.1179419 0.1405319 0.1458831 0.1342412 0.1329611 0.1387970 0.1594979 0.1300614 0.1576160 0.1772149 0.1902728 0.1540672 0.1112148 0.1478602 0.1226106 0.1218337 0.1004198 0.1381749 0.1346406 0.0988275 0.1381439 0.1369838 0.1398786 0.1378256 0.1324862 0.1890836 0.1409180 0.1494806 0.1107199 0.1130679 0.1371367 0.1078307 0.1533349 0.1300658 0.1380857 0.1069935 0.1194464 0.1583752 0.1487054 0.1558791 0.1336047 0.1390792 0.1213561 0.1410799 0.1403462 0.1256138 
S0616      0.1594848 0.1315273 0.1643856 0.1341434 0.1236955 0.1437603 0.1582108 0.1730881 0.1694968 0.1440405 0.1588978 0.1029824 0.1511786 0.1987814 0.2590023 0.1083237 0.1898082 0.1489077 0.1547528 0.2229345 0.1486859 0.1374157 0.1928660 0.1430175 0.1094558 0.1294298 0.1780266 0.1851642 0.0000000 0.1530961 0.1583824 0.1344017 0.1578968 0.1457663 0.1465360 0.1824874 0.1432806 0.1555728 0.1193251 0.1885169 0.1169584 0.1340026 0.1711702 0.1326692 0.1541316 0.1333172 0.1330688 0.1608115 0.1517147 0.1388774 0.1078680 0.1434255 0.1806655 0.0867454 0.1784579 0.1878759 0.1873426 0.1865825 0.2196971 0.1798670 0.2108853 0.0951837 0.1122340 0.1718433 0.1796595 0.1344958 0.1633149 0.1857597 0.0889390 0.1889616 0.1870640 0.1434670 0.2114061 0.1915770 0.1430580 0.1399940 0.1352406 0.1045927 0.1393112 0.1569738 0.0467797 0.1281050 0.1020026 0.1387370 0.2025595 0.1580813 0.1433729 0.1391913 0.1971783 0.1706690 0.1575545 0.1664367 0.1677366 0.1589101 0.1985943 0.1406651 0.2129617 0.1703200 0.1675084 0.1407530 0.1537540 0.1759751 0.1459151 0.1637989 0.1772573 0.1535712 0.1629407 0.1586710 0.2030519 0.1913869 0.1557556 0.1637527 0.1722587 0.1341373 0.1884602 0.1779811 0.1547133 
S0624      0.1338497 0.0993937 0.0422763 0.1034398 0.1733077 0.0387611 0.1036113 0.1289981 0.0561504 0.1691645 0.0464048 0.1507918 0.0527110 0.1323750 0.1583014 0.1539969 0.1519212 0.1222699 0.1236967 0.1446203 0.0464569 0.0995050 0.1481924 0.0400261 0.1519419 0.0601893 0.1421714 0.1348572 0.1530961 0.0000000 0.1243252 0.1111453 0.0412588 0.0772931 0.0709326 0.1599963 0.1178488 0.1273985 0.1568143 0.1355410 0.1594455 0.1107246 0.1356755 0.0972208 0.1283905 0.0972168 0.0975019 0.1456240 0.1208325 0.0772455 0.1579138 0.0765166 0.1170547 0.1255813 0.1422865 0.1591136 0.1493745 0.1513884 0.1897888 0.1445504 0.1784579 0.1385843 0.1287352 0.1380015 0.1384761 0.0989816 0.1373859 0.1329259 0.1313469 0.1456976 0.1265297 0.1153983 0.1503745 0.1365982 0.0395995 0.0676921 0.0673126 0.1498678 0.0822673 0.0618234 0.1532045 0.1792987 0.1497806 0.1208727 0.1334716 0.1076460 0.1193179 0.1118607 0.1718877 0.1258657 0.1051186 0.1118009 0.1140179 0.0496819 0.1512221 0.1042836 0.0574457 0.1356628 0.0787298 0.1195161 0.1120255 0.1135211 0.1225968 0.0550443 0.1503155 0.0817788 0.1230585 0.1414856 0.1458053 0.1262532 0.0711401 0.1285352 0.1181003 0.0994983 0.1131604 0.1583848 0.1162839 
S0641      0.0905344 0.0872195 0.1506560 0.0511332 0.1721739 0.1275726 0.1131701 0.0655577 0.1592330 0.1668435 0.1426556 0.1377545 0.1371098 0.1417274 0.1480640 0.1426870 0.1009392 0.0564590 0.0566279 0.1244513 0.1215882 0.0963257 0.1140393 0.1040259 0.1404538 0.1033584 0.1146805 0.1122170 0.1583824 0.1243252 0.0000000 0.0471623 0.1381939 0.0977789 0.1010666 0.1102990 0.0529607 0.1063553 0.1527854 0.0946784 0.1521409 0.0484500 0.1182285 0.0922258 0.0598023 0.0884444 0.0924829 0.1106717 0.1025367 0.1053114 0.1675389 0.0992445 0.1225010 0.1188199 0.1231342 0.1179183 0.1373512 0.1260357 0.1301604 0.1053590 0.1658380 0.1551526 0.1277326 0.1029102 0.1092013 0.0939228 0.1084919 0.1165889 0.1498581 0.0787864 0.1224136 0.0513223 0.0990974 0.1112158 0.1092300 0.0972030 0.0967529 0.1387426 0.0992802 0.1464398 0.1533485 0.1614173 0.1317799 0.0545974 0.1229354 0.1009288 0.0546205 0.0416172 0.1013345 0.1190113 0.0578623 0.1229496 0.1156737 0.1318907 0.0811356 0.0970484 0.1648431 0.1013260 0.1124270 0.0493389 0.1031853 0.1059018 0.0515391 0.1364548 0.0523466 0.1067465 0.0498823 0.1013157 0.1382009 0.1353660 0.1109857 0.1047954 0.1174541 0.0989417 0.1096246 0.1000629 0.1042160 
S0643      0.0660617 0.0836951 0.1377445 0.0208852 0.1398896 0.1056423 0.0935243 0.0303825 0.1380011 0.1523141 0.1134254 0.1159072 0.1175075 0.1263949 0.1718969 0.1193115 0.0855520 0.0209133 0.0162810 0.1077404 0.1001063 0.0825378 0.0892622 0.0977854 0.1207626 0.0916274 0.0956298 0.1055345 0.1344017 0.1111453 0.0471623 0.0000000 0.1266977 0.0866508 0.0900145 0.0935895 0.0183170 0.0921754 0.1350064 0.0848010 0.1234641 0.0164431 0.0964120 0.0785734 0.0239820 0.0779296 0.0787899 0.0886140 0.0865140 0.0941168 0.1356815 0.0881557 0.0972440 0.0964252 0.1037208 0.1024303 0.1085524 0.1085335 0.1188026 0.0989930 0.1315237 0.1270633 0.1051347 0.0873136 0.0912752 0.0802573 0.0916081 0.0998146 0.1221502 0.0679447 0.1035762 0.0209693 0.0956944 0.0954453 0.0907020 0.0861891 0.0891228 0.1154831 0.0855126 0.1222984 0.1295452 0.1404825 0.1088041 0.0102047 0.1180026 0.0867060 0.0240486 0.0043705 0.0856442 0.1102323 0.0395822 0.1030617 0.0996804 0.1207164 0.0775437 0.0831494 0.1542554 0.0911573 0.1092601 0.0135874 0.0951940 0.0900038 0.0163610 0.1115806 0.0504898 0.0936814 0.0493714 0.0739587 0.1285787 0.1158722 0.0973420 0.0884897 0.0886276 0.0718066 0.0993171 0.0779431 0.0844488 
S0645sl    0.1503764 0.1047004 0.0455895 0.1184481 0.1951152 0.0488705 0.1229850 0.1506894 0.0679604 0.1860684 0.0507436 0.1699371 0.0543871 0.1483068 0.1548737 0.1700947 0.1629090 0.1338571 0.1345590 0.1752564 0.0532398 0.1095726 0.1585655 0.0449610 0.1707815 0.0673218 0.1607397 0.1499447 0.1578968 0.0412588 0.1381939 0.1266977 0.0000000 0.0923273 0.0819136 0.1789052 0.1339972 0.1409486 0.1741199 0.1420432 0.1805318 0.1262004 0.1595093 0.1111231 0.1415051 0.1113992 0.1114513 0.1517069 0.1341218 0.0900336 0.1720549 0.0876973 0.1309962 0.1385069 0.1636536 0.1689008 0.1692747 0.1725340 0.1971266 0.1537267 0.1886396 0.1520107 0.1465587 0.1548181 0.1553634 0.1129177 0.1443065 0.1593737 0.1444860 0.1615858 0.1413439 0.1309010 0.1797276 0.1626296 0.0444200 0.0786214 0.0787257 0.1658523 0.0996803 0.0676742 0.1570195 0.1946946 0.1657610 0.1365388 0.1496302 0.1211057 0.1349683 0.1272813 0.1878671 0.1368664 0.1314724 0.1355393 0.1340112 0.0498843 0.1594072 0.1185793 0.0710656 0.1446346 0.0905333 0.1356929 0.1235455 0.1342839 0.1385335 0.0709491 0.1629723 0.0993468 0.1348827 0.1606477 0.1609119 0.1377183 0.0858466 0.1383048 0.1256927 0.1135259 0.1382996 0.1575331 0.1258753 
