111
S0055       0.0000000 0.0767659 0.0515471 0.0726926 0.0703540 0.0455487 0.0785025 0.0882134 0.0884937 0.0454483 0.0587720 0.0574378 0.0626763 0.0631322 0.0587720 0.0571019 0.0389813 0.0458949 0.0563411 0.0446946 0.0646083 0.0595747 0.0788175 0.0455293 0.0581802 0.0393348 0.0452369 0.0639454 0.0574059 0.0332840 0.0633400 0.0664348 0.0999574 0.0451444 0.0789592 0.0453949 0.0571921 0.0514898 0.0643337 0.0633400 0.0701306 0.0633756 0.0506769 0.0507845 0.0390617 0.0643147 0.0584592 0.0416332 0.0798582 0.0799930 0.0880716 0.0525710 0.1157126 0.0628607 0.0595595 0.0679891 0.0585588 0.0717012 0.1251467 0.0571921 0.1247760 0.1015964 0.0692104 0.0595595 0.0267840 0.0636288 0.1348285 0.0518066 0.0689484 0.0628785 0.0568108 0.0573931 0.0388903 0.0707444 0.0871863 0.0591576 0.0329978 0.0795983 0.0715687 0.0518066 0.0512905 0.0532084 0.0569863 0.0304925 0.0449791 0.0508596 0.0508596 0.0542433 0.0618807 0.0570319 0.0523278 0.0572293 0.0395201 0.0703935 0.0515330 0.0634864 0.0389813 0.0702312 0.0573927 0.0565714 0.0514227 0.0381707 0.0721563 0.0780633 0.0505471 0.0439195 0.0564970 0.0504756 0.0634864 0.0505471 0.0625566 
S0281       0.0767659 0.0000000 0.0843612 0.0519694 0.0270756 0.0649595 0.0586318 0.0721200 0.0728555 0.0329272 0.0573930 0.0509227 0.0442965 0.0441710 0.0573930 0.0621178 0.0577192 0.0654491 0.0758710 0.0385354 0.0696698 0.0577327 0.0847629 0.0648981 0.0580444 0.0709371 0.0645020 0.0632736 0.0755920 0.0641808 0.0208683 0.0648279 0.0988375 0.0643619 0.0702946 0.0647294 0.0155466 0.0712123 0.0211513 0.0208683 0.0510844 0.0208785 0.0367128 0.0685950 0.0443842 0.0510844 0.0576591 0.0229379 0.0793910 0.0860140 0.0897412 0.0160356 0.1143854 0.0769926 0.0581422 0.0471720 0.0710290 0.0775784 0.1236804 0.0155466 0.1233197 0.0937382 0.0504436 0.0581422 0.0562262 0.0326115 0.1332215 0.0716700 0.0893158 0.0444266 0.0747953 0.0755741 0.0578809 0.0515134 0.0850044 0.0577599 0.0642432 0.0394008 0.0395485 0.0716700 0.0709214 0.0804108 0.0386665 0.0507381 0.0626765 0.0269296 0.0269296 0.0481035 0.0689663 0.0211513 0.0159685 0.0753508 0.0651868 0.0265282 0.0328039 0.0326107 0.0577192 0.0511506 0.0709251 0.0496823 0.0784525 0.0564623 0.0651320 0.0583212 0.0561154 0.0512398 0.0384313 0.0321724 0.0326107 0.0682604 0.0560423 
S0282       0.0515471 0.0843612 0.0000000 0.0803994 0.0777669 0.0156722 0.0862878 0.0965498 0.0801422 0.0586514 0.0659950 0.0644594 0.0697301 0.0641117 0.0659950 0.0579855 0.0210725 0.0270951 0.0498884 0.0512795 0.0517187 0.0669048 0.0866479 0.0391903 0.0721600 0.0212489 0.0267199 0.0711752 0.0514354 0.0396117 0.0704911 0.0740205 0.0914109 0.0518094 0.0868063 0.0268092 0.0641809 0.0209853 0.0716247 0.0704911 0.0775146 0.0705317 0.0583635 0.0449448 0.0455325 0.0712354 0.0656196 0.0488319 0.0878008 0.0879521 0.1164537 0.0664626 0.0998014 0.0788077 0.0669021 0.0685091 0.0725791 0.0792816 0.1154542 0.0641809 0.1151314 0.1102644 0.0764718 0.0669021 0.0270441 0.0708149 0.1246590 0.0158435 0.0761778 0.0699645 0.0509060 0.0514243 0.0591183 0.0782088 0.0954302 0.0664350 0.0266259 0.0801928 0.0791301 0.0158435 0.0322993 0.0464887 0.0575739 0.0303339 0.0516183 0.0576397 0.0576397 0.0544379 0.0688213 0.0639948 0.0661421 0.0512795 0.0157167 0.0711398 0.0584224 0.0644769 0.0210725 0.0776304 0.0379402 0.0634631 0.0384040 0.0444725 0.0733248 0.0708169 0.0447381 0.0777900 0.0573612 0.0571948 0.0644769 0.0572782 0.0635173 
S0289       0.0726926 0.0519694 0.0803994 0.0000000 0.0529249 0.0605873 0.0391369 0.0825678 0.0743935 0.0106382 0.0665706 0.0330587 0.0393236 0.0458273 0.0665706 0.0641487 0.0532691 0.0610607 0.0718317 0.0338370 0.0793651 0.0669877 0.0794553 0.0454554 0.0273049 0.0667138 0.0601493 0.0331327 0.0581914 0.0598440 0.0394330 0.0742166 0.0951445 0.0600158 0.0734413 0.0603679 0.0335678 0.0534230 0.0400245 0.0394330 0.0590286 0.0332388 0.0599084 0.0514809 0.0397935 0.0590286 0.0729012 0.0290886 0.0581827 0.0706855 0.1223258 0.0347095 0.0885335 0.0547739 0.0674927 0.0624453 0.0800791 0.0869499 0.1117473 0.0335678 0.1114309 0.0813653 0.0582543 0.0674927 0.0518625 0.0464073 0.1211086 0.0674171 0.0781538 0.0394382 0.0575811 0.0581783 0.0468746 0.0334263 0.0812522 0.0670173 0.0599028 0.0539993 0.0452518 0.0674171 0.0599028 0.0616247 0.0400016 0.0528597 0.0394066 0.0399344 0.0399344 0.0168529 0.0648201 0.0334809 0.0345525 0.0580102 0.0608031 0.0458908 0.0339312 0.0395262 0.0532691 0.0461351 0.0732774 0.0514809 0.0743290 0.0395435 0.0540251 0.0512810 0.0454809 0.0592219 0.0456370 0.0389712 0.0395262 0.0641409 0.0640515 
S0292       0.0703540 0.0270756 0.0777669 0.0529249 0.0000000 0.0586327 0.0515815 0.0649612 0.0656146 0.0335005 0.0508070 0.0508070 0.0442022 0.0383959 0.0508070 0.0560945 0.0515870 0.0590780 0.0695508 0.0328140 0.0634218 0.0511015 0.0845160 0.0585870 0.0518825 0.0645631 0.0582220 0.0571245 0.0692942 0.0579366 0.0447636 0.0579342 0.0847943 0.0580970 0.0710544 0.0584274 0.0389001 0.0648073 0.0454351 0.0447636 0.0509680 0.0447876 0.0300760 0.0624510 0.0385832 0.0509680 0.0575204 0.0168251 0.0791645 0.0857590 0.0736034 0.0402157 0.0996360 0.0618598 0.0514555 0.0467121 0.0636188 0.0699517 0.1083785 0.0389001 0.1080840 0.0853357 0.0503303 0.0514555 0.0502675 0.0266849 0.1173927 0.0652201 0.0827691 0.0383573 0.0685701 0.0692790 0.0517335 0.0513947 0.0775392 0.0511275 0.0579914 0.0393668 0.0394667 0.0652201 0.0645460 0.0736737 0.0210558 0.0440636 0.0565902 0.0156623 0.0156623 0.0412908 0.0627892 0.0387986 0.0400343 0.0690765 0.0588343 0.0512795 0.0271011 0.0388854 0.0515870 0.0510337 0.0645518 0.0438761 0.0718857 0.0504748 0.0587934 0.0581793 0.0501671 0.0511225 0.0383546 0.0383477 0.0388854 0.0621513 0.0559114 
S0293       0.0455487 0.0649595 0.0156722 0.0605873 0.0586327 0.0000000 0.0664540 0.0756372 0.0603874 0.0402175 0.0596300 0.0582557 0.0512837 0.0516494 0.0596300 0.0579112 0.0051680 0.0106305 0.0326301 0.0335076 0.0516552 0.0604546 0.0799817 0.0219563 0.0530469 0.0158502 0.0104824 0.0523143 0.0582238 0.0337530 0.0518156 0.0674259 0.0716857 0.0338396 0.0668302 0.0105179 0.0457382 0.0051469 0.0526213 0.0518156 0.0584466 0.0518444 0.0380546 0.0514999 0.0337177 0.0584466 0.0593061 0.0361126 0.0744873 0.0811903 0.0996517 0.0473319 0.0859641 0.0718034 0.0604407 0.0556163 0.0661364 0.0727509 0.0942541 0.0457382 0.0940158 0.0889431 0.0576881 0.0604407 0.0215142 0.0520565 0.1028417 0.0051749 0.0699208 0.0514428 0.0576120 0.0582108 0.0405383 0.0589549 0.0885068 0.0600262 0.0104469 0.0673570 0.0596520 0.0051749 0.0158400 0.0344177 0.0395009 0.0118704 0.0456134 0.0395447 0.0395447 0.0355371 0.0506416 0.0456134 0.0471108 0.0580421 0.0000026 0.0522718 0.0462419 0.0519387 0.0051680 0.0585271 0.0212701 0.0452512 0.0215195 0.0386957 0.0601428 0.0520912 0.0393024 0.0586359 0.0451946 0.0511820 0.0519387 0.0512555 0.0634343 
S0299       0.0785025 0.0586318 0.0862878 0.0391369 0.0515815 0.0664540 0.0000000 0.0814647 0.0734251 0.0273709 0.0657283 0.0395319 0.0331682 0.0455992 0.0657283 0.0697831 0.0590301 0.0669647 0.0775657 0.0393947 0.0851815 0.0661346 0.0867038 0.0510189 0.0327072 0.0725556 0.0659764 0.0516639 0.0638284 0.0656410 0.0579939 0.0736986 0.0930291 0.0595744 0.0793090 0.0662134 0.0518423 0.0592023 0.0589045 0.0579939 0.0522370 0.0513444 0.0590811 0.0570504 0.0516823 0.0522370 0.0656964 0.0228227 0.0515077 0.0707687 0.1003081 0.0536599 0.1084329 0.0486303 0.0666263 0.0619378 0.0579911 0.0642917 0.1175899 0.0518423 0.1172529 0.0655610 0.0515681 0.0666263 0.0574713 0.0519364 0.1270076 0.0733225 0.0848708 0.0272593 0.0631604 0.0638139 0.0591982 0.0399853 0.0801836 0.0661642 0.0657057 0.0535796 0.0389519 0.0733225 0.0725400 0.0686369 0.0454864 0.0592850 0.0511807 0.0394662 0.0394662 0.0290149 0.0643498 0.0516979 0.0534070 0.0636287 0.0666923 0.0649878 0.0461410 0.0458521 0.0590301 0.0397050 0.0791274 0.0635388 0.0802630 0.0450902 0.0537437 0.0448448 0.0573562 0.0524003 0.0392861 0.0451924 0.0458521 0.0697621 0.0572796 
S0303       0.0882134 0.0721200 0.0965498 0.0825678 0.0649612 0.0756372 0.0814647 0.0000000 0.0457144 0.0601194 0.0268901 0.0724322 0.0648828 0.0720276 0.0268901 0.0862595 0.0676707 0.0762325 0.0803164 0.0525130 0.0952546 0.0212787 0.1039521 0.0613430 0.0740354 0.0743916 0.0750713 0.0714401 0.0867595 0.0746684 0.0650548 0.0330675 0.0647367 0.0748965 0.0158503 0.0753496 0.0587259 0.0823614 0.0661058 0.0650548 0.0726795 0.0650924 0.0444434 0.0791230 0.0597597 0.0726795 0.0813096 0.0494325 0.0983488 0.0899720 0.0925334 0.0540714 0.0930674 0.0863815 0.0513722 0.0345354 0.0888336 0.0959857 0.0789390 0.0587259 0.0864072 0.0982833 0.0716879 0.0513722 0.0657970 0.0582516 0.0949153 0.0829272 0.0926383 0.0651014 0.0857842 0.0867384 0.0601047 0.0595601 0.0714655 0.0270534 0.0747474 0.0589992 0.0742262 0.0829272 0.0819997 0.0926781 0.0516375 0.0689765 0.0728019 0.0455058 0.0455058 0.0632614 0.0854592 0.0585563 0.0605363 0.0864608 0.0686397 0.0663317 0.0523931 0.0657546 0.0676707 0.0655920 0.0889403 0.0721646 0.0902860 0.0654566 0.0666060 0.0809891 0.0656633 0.0729380 0.0584593 0.0647473 0.0657546 0.0649666 0.0776229 
S0308       0.0884937 0.0728555 0.0801422 0.0743935 0.0656146 0.0603874 0.0734251 0.0457144 0.0000000 0.0602973 0.0331195 0.0731736 0.0655349 0.0727607 0.0331195 0.0797446 0.0530942 0.0608582 0.0873654 0.0530405 0.0800324 0.0391206 0.0971181 0.0671008 0.0662822 0.0526535 0.0599520 0.0656871 0.0870282 0.0674549 0.0657105 0.0396235 0.0718254 0.0532010 0.0520561 0.0601694 0.0593168 0.0667576 0.0667830 0.0657105 0.0734259 0.0593168 0.0310350 0.0793545 0.0599131 0.0734259 0.0747571 0.0426376 0.0820130 0.0888853 0.1228621 0.0614637 0.0861319 0.0777937 0.0332917 0.0350886 0.0821707 0.0892590 0.0944415 0.0593168 0.0942012 0.0976159 0.0532656 0.0332917 0.0659729 0.0588327 0.0949086 0.0671960 0.1020038 0.0657583 0.0860456 0.0870066 0.0680553 0.0601676 0.0716620 0.0273422 0.0597071 0.0341167 0.0664409 0.0671960 0.0664800 0.0699356 0.0521476 0.0610813 0.0730073 0.0459541 0.0459541 0.0566829 0.0798079 0.0591436 0.0611634 0.0867272 0.0538154 0.0730818 0.0529183 0.0664245 0.0530942 0.0592634 0.0730417 0.0723656 0.0597032 0.0662742 0.0827955 0.0730107 0.0658385 0.0736903 0.0590446 0.0653966 0.0664245 0.0725336 0.0784048 
S0320       0.0454483 0.0329272 0.0586514 0.0106382 0.0335005 0.0402175 0.0273709 0.0601194 0.0602973 0.0000000 0.0459237 0.0272860 0.0213795 0.0330420 0.0459237 0.0447581 0.0337086 0.0405296 0.0511768 0.0160854 0.0579386 0.0461937 0.0717423 0.0333699 0.0160428 0.0460273 0.0399391 0.0273463 0.0387244 0.0397525 0.0214312 0.0530513 0.0721160 0.0398563 0.0522295 0.0400809 0.0159624 0.0337968 0.0217312 0.0214312 0.0392414 0.0159624 0.0377074 0.0326444 0.0273629 0.0392414 0.0519142 0.0171658 0.0455702 0.0645823 0.0826115 0.0164774 0.0865225 0.0487329 0.0465180 0.0415803 0.0584540 0.0648258 0.0948999 0.0159624 0.0946562 0.0661215 0.0387613 0.0465180 0.0328753 0.0275504 0.1035804 0.0464754 0.0638070 0.0214341 0.0383406 0.0387170 0.0338087 0.0275853 0.0592110 0.0462192 0.0337086 0.0342975 0.0332197 0.0464754 0.0460086 0.0477478 0.0217243 0.0311809 0.0271036 0.0216878 0.0216878 0.0171105 0.0448017 0.0159249 0.0164078 0.0386133 0.0403490 0.0272594 0.0161283 0.0214819 0.0337086 0.0273988 0.0521359 0.0385541 0.0528310 0.0214932 0.0403386 0.0390491 0.0328067 0.0393524 0.0271236 0.0212012 0.0214819 0.0443569 0.0443029 
S0322       0.0587720 0.0573930 0.0659950 0.0665706 0.0508070 0.0596300 0.0657283 0.0268901 0.0331195 0.0459237 0.0000000 0.0454488 0.0507461 0.0573321 0.0000010 0.0575881 0.0524387 0.0600902 0.0707285 0.0390574 0.0651717 0.0051186 0.0726893 0.0595811 0.0588737 0.0529438 0.0592049 0.0508638 0.0578973 0.0464376 0.0508717 0.0051764 0.0576786 0.0590754 0.0323579 0.0594173 0.0449109 0.0659208 0.0516458 0.0508717 0.0578239 0.0508994 0.0300231 0.0512132 0.0393892 0.0578239 0.0525563 0.0353680 0.0736598 0.0737839 0.0911671 0.0464456 0.0850573 0.0561089 0.0214116 0.0164128 0.0591952 0.0656616 0.0787498 0.0449109 0.0785700 0.0951747 0.0570805 0.0214116 0.0391649 0.0445726 0.0867108 0.0663487 0.0639418 0.0509016 0.0572921 0.0578844 0.0525898 0.0455184 0.0390396 0.0000026 0.0589659 0.0451229 0.0590034 0.0663487 0.0656499 0.0682180 0.0384419 0.0519415 0.0453577 0.0326753 0.0326753 0.0482222 0.0699402 0.0447909 0.0462329 0.0577177 0.0531427 0.0518344 0.0330828 0.0513881 0.0524387 0.0579024 0.0721292 0.0570485 0.0731487 0.0451526 0.0592903 0.0653702 0.0509715 0.0580087 0.0447225 0.0388379 0.0513881 0.0509715 0.0506537 
S0327       0.0574378 0.0509227 0.0644594 0.0330587 0.0508070 0.0582557 0.0395319 0.0724322 0.0731736 0.0272860 0.0454488 0.0000000 0.0267140 0.0502361 0.0454488 0.0563089 0.0512648 0.0586959 0.0691091 0.0326206 0.0636755 0.0457134 0.0647750 0.0582121 0.0391571 0.0517453 0.0578513 0.0319666 0.0442270 0.0454059 0.0503925 0.0524897 0.0913380 0.0577280 0.0705919 0.0580541 0.0444927 0.0514067 0.0511523 0.0503925 0.0448214 0.0504197 0.0504863 0.0380638 0.0385466 0.0448214 0.0332960 0.0290112 0.0523976 0.0657328 0.0902561 0.0459978 0.1064383 0.0487278 0.0460310 0.0536930 0.0518238 0.0453314 0.1153931 0.0444927 0.1150702 0.0720589 0.0324395 0.0460310 0.0383325 0.0445726 0.1246053 0.0647959 0.0695351 0.0267840 0.0437880 0.0442174 0.0514096 0.0211991 0.0585815 0.0457389 0.0576237 0.0459300 0.0334666 0.0647959 0.0641308 0.0665767 0.0384419 0.0506506 0.0325101 0.0326753 0.0326753 0.0166467 0.0623975 0.0443750 0.0457884 0.0440989 0.0584555 0.0570114 0.0330828 0.0270242 0.0512648 0.0328649 0.0704432 0.0557940 0.0714122 0.0268553 0.0584155 0.0393352 0.0498634 0.0449518 0.0325335 0.0269081 0.0270242 0.0498634 0.0382098 
S0335       0.0626763 0.0442965 0.0697301 0.0393236 0.0442022 0.0512837 0.0331682 0.0648828 0.0655349 0.0213795 0.0507461 0.0267140 0.0000000 0.0437185 0.0507461 0.0614482 0.0445939 0.0516672 0.0619931 0.0266282 0.0688888 0.0510398 0.0700632 0.0512543 0.0328630 0.0570424 0.0509337 0.0380002 0.0493826 0.0506931 0.0438498 0.0578639 0.0833075 0.0508281 0.0632791 0.0511100 0.0381144 0.0447127 0.0444927 0.0438498 0.0383911 0.0438728 0.0431380 0.0431885 0.0380183 0.0383911 0.0507513 0.0227040 0.0517460 0.0710813 0.0887577 0.0393752 0.0978362 0.0617814 0.0513928 0.0405093 0.0571230 0.0633341 0.1063717 0.0381144 0.1060901 0.0645671 0.0379321 0.0513928 0.0434908 0.0381828 0.1151721 0.0576007 0.0746911 0.0209943 0.0488956 0.0493727 0.0447201 0.0269998 0.0639211 0.0510654 0.0507391 0.0393176 0.0391372 0.0576007 0.0570245 0.0655514 0.0322697 0.0432726 0.0376645 0.0266701 0.0266701 0.0168442 0.0555266 0.0380173 0.0392008 0.0492396 0.0514527 0.0502090 0.0327022 0.0325094 0.0445939 0.0268210 0.0631555 0.0491689 0.0639987 0.0320095 0.0514262 0.0217002 0.0434043 0.0384967 0.0265584 0.0320740 0.0325094 0.0549788 0.0433529 
S0345       0.0631322 0.0441710 0.0641117 0.0458273 0.0383959 0.0516494 0.0455992 0.0720276 0.0727607 0.0330420 0.0573321 0.0502361 0.0437185 0.0000000 0.0573321 0.0373533 0.0449023 0.0520396 0.0624379 0.0267974 0.0438133 0.0576709 0.0698483 0.0516191 0.0451605 0.0574542 0.0512953 0.0503519 0.0622096 0.0510511 0.0441476 0.0647517 0.0839577 0.0511881 0.0637445 0.0514741 0.0383691 0.0576624 0.0447999 0.0441476 0.0503932 0.0441710 0.0501958 0.0556178 0.0382713 0.0380209 0.0633261 0.0110769 0.0781963 0.0847024 0.0973212 0.0396477 0.0834786 0.0624543 0.0580792 0.0468994 0.0699999 0.0764369 0.1072664 0.0383691 0.1069788 0.0922692 0.0497707 0.0580792 0.0437833 0.0443465 0.1161685 0.0580214 0.0752469 0.0438448 0.0615744 0.0621952 0.0450302 0.0508099 0.0848830 0.0576980 0.0510977 0.0520651 0.0390261 0.0580214 0.0448527 0.0527100 0.0382506 0.0369102 0.0498915 0.0211818 0.0211818 0.0411964 0.0559154 0.0382706 0.0394714 0.0620201 0.0518221 0.0505599 0.0387752 0.0322018 0.0449023 0.0504573 0.0636185 0.0376308 0.0644752 0.0439576 0.0161200 0.0575037 0.0320295 0.0505438 0.0263140 0.0436363 0.0322018 0.0553596 0.0429379 
S0355       0.0587720 0.0573930 0.0659950 0.0665706 0.0508070 0.0596300 0.0657283 0.0268901 0.0331195 0.0459237 0.0000010 0.0454488 0.0507461 0.0573321 0.0000000 0.0575881 0.0524387 0.0600902 0.0707285 0.0390574 0.0651717 0.0051186 0.0726893 0.0595811 0.0588737 0.0529438 0.0592049 0.0508638 0.0578973 0.0464376 0.0508717 0.0051764 0.0576786 0.0590754 0.0323579 0.0594173 0.0449109 0.0659208 0.0516458 0.0508717 0.0578239 0.0508994 0.0300231 0.0512132 0.0393892 0.0578239 0.0525563 0.0353680 0.0736598 0.0737839 0.0911671 0.0464456 0.0850573 0.0561089 0.0214116 0.0164128 0.0591952 0.0656616 0.0787498 0.0449109 0.0785700 0.0951747 0.0570805 0.0214116 0.0391649 0.0445726 0.0867108 0.0663487 0.0639418 0.0509016 0.0572921 0.0578844 0.0525898 0.0455184 0.0390396 0.0000026 0.0589659 0.0451229 0.0590034 0.0663487 0.0656499 0.0682180 0.0384419 0.0519415 0.0453577 0.0326753 0.0326753 0.0482222 0.0699402 0.0447909 0.0462329 0.0577177 0.0531427 0.0518344 0.0330828 0.0513881 0.0524387 0.0579024 0.0721292 0.0570485 0.0731487 0.0451526 0.0592903 0.0653702 0.0509715 0.0580087 0.0447225 0.0388379 0.0513881 0.0509715 0.0506537 
S0376       0.0571019 0.0621178 0.0579855 0.0641487 0.0560945 0.0579112 0.0697831 0.0862595 0.0797446 0.0447581 0.0575881 0.0563089 0.0614482 0.0373533 0.0575881 0.0000000 0.0509687 0.0583452 0.0687025 0.0380197 0.0266329 0.0583575 0.0771499 0.0512102 0.0567878 0.0514443 0.0575106 0.0626647 0.0562782 0.0451452 0.0620837 0.0650468 0.0843403 0.0573887 0.0772855 0.0514443 0.0560727 0.0640035 0.0630357 0.0620837 0.0687102 0.0501333 0.0502875 0.0498114 0.0383332 0.0555266 0.0572898 0.0284674 0.0709499 0.0710649 0.1141128 0.0579838 0.0838569 0.0685972 0.0583409 0.0665359 0.0638523 0.0702151 0.1077694 0.0560727 0.1074788 0.0993083 0.0678290 0.0583409 0.0381214 0.0623613 0.1167199 0.0644060 0.0691231 0.0616414 0.0557072 0.0562656 0.0511120 0.0629329 0.0852741 0.0579572 0.0572858 0.0778944 0.0504795 0.0644060 0.0637490 0.0533534 0.0558762 0.0434871 0.0441264 0.0379129 0.0379129 0.0538448 0.0620370 0.0559193 0.0577173 0.0500327 0.0581075 0.0689608 0.0505300 0.0493842 0.0509687 0.0688062 0.0575426 0.0433753 0.0709768 0.0498838 0.0570525 0.0694114 0.0380439 0.0689370 0.0430277 0.0495151 0.0493842 0.0265584 0.0487090 
S0400       0.0389813 0.0577192 0.0210725 0.0532691 0.0515870 0.0051680 0.0590301 0.0676707 0.0530942 0.0337086 0.0524387 0.0512648 0.0445939 0.0449023 0.0524387 0.0509687 0.0000000 0.0052071 0.0266271 0.0273230 0.0449083 0.0531547 0.0721132 0.0161208 0.0460952 0.0103527 0.0051354 0.0454656 0.0512367 0.0275177 0.0450413 0.0598524 0.0642185 0.0275854 0.0593497 0.0051526 0.0391394 0.0103804 0.0457206 0.0450413 0.0514286 0.0450656 0.0309446 0.0447752 0.0274915 0.0514286 0.0521742 0.0294007 0.0666865 0.0731902 0.0893402 0.0404718 0.0779647 0.0636874 0.0531312 0.0482629 0.0587510 0.0651567 0.0858710 0.0391394 0.0856659 0.0805993 0.0507796 0.0531312 0.0158015 0.0452472 0.0940749 0.0104374 0.0626816 0.0447258 0.0507115 0.0512257 0.0339729 0.0518623 0.0802010 0.0527804 0.0051185 0.0597989 0.0524667 0.0104374 0.0103456 0.0280500 0.0331233 0.0057999 0.0390366 0.0331591 0.0331591 0.0289421 0.0440527 0.0390366 0.0402879 0.0510821 0.0051822 0.0454238 0.0395623 0.0451465 0.0000010 0.0514957 0.0156278 0.0387378 0.0158057 0.0324669 0.0528890 0.0452879 0.0329607 0.0515862 0.0386921 0.0445083 0.0451465 0.0445701 0.0564087 
S0405       0.0458949 0.0654491 0.0270951 0.0610607 0.0590780 0.0106305 0.0669647 0.0762325 0.0608582 0.0405296 0.0600902 0.0586959 0.0516672 0.0520396 0.0600902 0.0583452 0.0052071 0.0000000 0.0328725 0.0337640 0.0520454 0.0609262 0.0639750 0.0221258 0.0534565 0.0159697 0.0105618 0.0527139 0.0586625 0.0340131 0.0522083 0.0679521 0.0722237 0.0341010 0.0673468 0.0105978 0.0460871 0.0160150 0.0530257 0.0522083 0.0588895 0.0522375 0.0383819 0.0518868 0.0339771 0.0588895 0.0449123 0.0294007 0.0586536 0.0649116 0.1005565 0.0477042 0.0866080 0.0723909 0.0609129 0.0560651 0.0511897 0.0573414 0.0949645 0.0460871 0.0947213 0.0792680 0.0581197 0.0609129 0.0216772 0.0524524 0.1036177 0.0161057 0.0704346 0.0518289 0.0580426 0.0586501 0.0408550 0.0594051 0.0891871 0.0604920 0.0105257 0.0678818 0.0601118 0.0161057 0.0159593 0.0346875 0.0398023 0.0119719 0.0459604 0.0398468 0.0398468 0.0358233 0.0510166 0.0459604 0.0474798 0.0584780 0.0106606 0.0526712 0.0465980 0.0523330 0.0052071 0.0589712 0.0214295 0.0455929 0.0216825 0.0389842 0.0606097 0.0524869 0.0396010 0.0590818 0.0455354 0.0515650 0.0523330 0.0516386 0.0639023 
S0412sl     0.0563411 0.0758710 0.0498884 0.0718317 0.0695508 0.0326301 0.0775657 0.0803164 0.0873654 0.0511768 0.0707285 0.0691091 0.0619931 0.0624379 0.0707285 0.0687025 0.0266271 0.0328725 0.0000000 0.0442383 0.0624426 0.0716772 0.0778717 0.0326278 0.0517232 0.0381146 0.0324161 0.0510263 0.0690702 0.0445618 0.0505522 0.0787209 0.0918805 0.0446780 0.0780099 0.0325259 0.0565737 0.0382367 0.0636099 0.0626405 0.0569951 0.0626752 0.0501493 0.0622565 0.0445101 0.0693331 0.0703223 0.0291110 0.0725116 0.0790190 0.0963699 0.0585190 0.1070722 0.0766701 0.0658966 0.0671747 0.0644407 0.0708651 0.1160873 0.0565737 0.1157601 0.0722917 0.0684357 0.0658966 0.0319828 0.0629227 0.1253602 0.0384605 0.0681799 0.0621901 0.0683516 0.0690541 0.0515753 0.0699316 0.0998065 0.0711891 0.0323001 0.0720925 0.0707362 0.0384605 0.0380974 0.0454215 0.0502698 0.0235161 0.0564174 0.0503253 0.0503253 0.0468794 0.0494364 0.0564174 0.0582479 0.0688542 0.0327292 0.0631929 0.0571852 0.0627836 0.0266271 0.0694309 0.0438358 0.0559679 0.0443816 0.0492466 0.0713091 0.0629406 0.0500198 0.0571737 0.0558953 0.0618702 0.0627836 0.0619592 0.0740872 
S0417       0.0446946 0.0385354 0.0512795 0.0338370 0.0328140 0.0335076 0.0393947 0.0525130 0.0530405 0.0160854 0.0390574 0.0326206 0.0266282 0.0267974 0.0390574 0.0380197 0.0273230 0.0337640 0.0442383 0.0000000 0.0506761 0.0392795 0.0638602 0.0335043 0.0274877 0.0391461 0.0332817 0.0326927 0.0440757 0.0331316 0.0268732 0.0457957 0.0577685 0.0332152 0.0451099 0.0214930 0.0213520 0.0392756 0.0272531 0.0268732 0.0327196 0.0268868 0.0238955 0.0379370 0.0213112 0.0327196 0.0448608 0.0112041 0.0585571 0.0647917 0.0807702 0.0220442 0.0712188 0.0489229 0.0395457 0.0346086 0.0511198 0.0572514 0.0788989 0.0213520 0.0787181 0.0717803 0.0323331 0.0395457 0.0266704 0.0269945 0.0868858 0.0395123 0.0502682 0.0266978 0.0436398 0.0440670 0.0274038 0.0212324 0.0648369 0.0393027 0.0331591 0.0398559 0.0333531 0.0395123 0.0391283 0.0467152 0.0212952 0.0241942 0.0324032 0.0158379 0.0158379 0.0228886 0.0323905 0.0213009 0.0219492 0.0318475 0.0336129 0.0328147 0.0215741 0.0269363 0.0273230 0.0327554 0.0390315 0.0321652 0.0456144 0.0267695 0.0336095 0.0391995 0.0210943 0.0328053 0.0211284 0.0265810 0.0269363 0.0320805 0.0377281 
S0427       0.0646083 0.0696698 0.0517187 0.0793651 0.0634218 0.0516552 0.0851815 0.0952546 0.0800324 0.0579386 0.0651717 0.0636755 0.0688888 0.0438133 0.0651717 0.0266329 0.0449083 0.0520454 0.0624426 0.0506761 0.0000000 0.0660599 0.0855323 0.0516248 0.0712593 0.0453201 0.0513010 0.0702978 0.0636396 0.0456652 0.0696303 0.0730690 0.1070151 0.0514515 0.0856866 0.0514799 0.0634035 0.0576677 0.0707351 0.0696303 0.0765529 0.0696698 0.0502875 0.0568699 0.0449982 0.0627572 0.0648080 0.0348139 0.0866559 0.0868033 0.1159376 0.0656286 0.1063690 0.0771406 0.0522968 0.0747792 0.0716668 0.0782767 0.1327507 0.0634035 0.1323465 0.1087738 0.0694309 0.0522968 0.0387811 0.0699466 0.1333814 0.0580267 0.0837434 0.0691169 0.0629741 0.0636252 0.0583940 0.0772295 0.0941613 0.0586487 0.0511034 0.0716301 0.0645019 0.0580267 0.0574416 0.0400947 0.0568877 0.0239987 0.0510072 0.0444912 0.0444912 0.0537575 0.0760697 0.0632222 0.0653164 0.0634408 0.0518279 0.0702622 0.0577160 0.0563618 0.0449083 0.0766655 0.0636232 0.0501056 0.0511014 0.0569519 0.0645274 0.0699505 0.0565991 0.0768205 0.0496889 0.0565177 0.0563618 0.0385221 0.0555631 
S0430       0.0595747 0.0577327 0.0669048 0.0669877 0.0511015 0.0604546 0.0661346 0.0212787 0.0391206 0.0461937 0.0051186 0.0457134 0.0510398 0.0576709 0.0051186 0.0583575 0.0531547 0.0609262 0.0716772 0.0392795 0.0660599 0.0000000 0.0736900 0.0604031 0.0592308 0.0536735 0.0600184 0.0572305 0.0586750 0.0470753 0.0511669 0.0104769 0.0642657 0.0598855 0.0266732 0.0602362 0.0451679 0.0668289 0.0519508 0.0511669 0.0581687 0.0511950 0.0304596 0.0518960 0.0399179 0.0581687 0.0532745 0.0355798 0.0746842 0.0748116 0.0918928 0.0467219 0.0923523 0.0564681 0.0270931 0.0221573 0.0600076 0.0665618 0.0859521 0.0451679 0.0857464 0.0965041 0.0574161 0.0270931 0.0396886 0.0448264 0.0941718 0.0672681 0.0643259 0.0511973 0.0580547 0.0586626 0.0533094 0.0457837 0.0451768 0.0051485 0.0597730 0.0453830 0.0593627 0.0672681 0.0665507 0.0691870 0.0386567 0.0527333 0.0459670 0.0328548 0.0328548 0.0485203 0.0703623 0.0450473 0.0465065 0.0584904 0.0538776 0.0521411 0.0332680 0.0516886 0.0531547 0.0582483 0.0731159 0.0578045 0.0741629 0.0454136 0.0596528 0.0657720 0.0516476 0.0583550 0.0449782 0.0390566 0.0516886 0.0516476 0.0509462 
S0552sl     0.0788175 0.0847629 0.0866479 0.0794553 0.0845160 0.0799817 0.0867038 0.1039521 0.0971181 0.0717423 0.0726893 0.0647750 0.0700632 0.0698483 0.0726893 0.0771499 0.0721132 0.0639750 0.0778717 0.0638602 0.0855323 0.0736900 0.0000000 0.0798733 0.0725141 0.0728415 0.0793991 0.0715212 0.0775792 0.0658898 0.0708312 0.0733351 0.1235191 0.0733366 0.0872283 0.0796844 0.0772898 0.0865540 0.0851649 0.0837835 0.0515045 0.0838331 0.0736347 0.0703760 0.0522453 0.0778865 0.0269322 0.0288381 0.0334044 0.0215291 0.1281081 0.0800853 0.1297654 0.0937559 0.0677509 0.0755628 0.0215067 0.0271020 0.1395960 0.0772898 0.1391642 0.0795577 0.0626861 0.0677509 0.0576737 0.0774227 0.1496374 0.0871326 0.0963471 0.0702998 0.0767410 0.0775609 0.0663268 0.0785869 0.1027630 0.0731766 0.0790650 0.0804884 0.0795149 0.0871326 0.0720345 0.0748578 0.0703917 0.0739022 0.0584931 0.0639964 0.0639964 0.0764194 0.0969303 0.0770557 0.0796895 0.0773249 0.0802796 0.0914866 0.0648788 0.0709959 0.0721132 0.0780034 0.0929672 0.0705587 0.0943397 0.0704741 0.0792930 0.0862026 0.0569752 0.0652071 0.0636813 0.0574736 0.0709959 0.0700233 0.0699236 
S0558       0.0455293 0.0648981 0.0391903 0.0454554 0.0585870 0.0219563 0.0510189 0.0613430 0.0671008 0.0333699 0.0595811 0.0582121 0.0512543 0.0516191 0.0595811 0.0512102 0.0161208 0.0221258 0.0326278 0.0335043 0.0516248 0.0604031 0.0798733 0.0000000 0.0387594 0.0274846 0.0218103 0.0522822 0.0581793 0.0337494 0.0517848 0.0673554 0.0873606 0.0338359 0.0532777 0.0218860 0.0457184 0.0275697 0.0525884 0.0517848 0.0584014 0.0452748 0.0380450 0.0514699 0.0337142 0.0584014 0.0592583 0.0290924 0.0581706 0.0514157 0.0815889 0.0409043 0.1027128 0.0548950 0.0603891 0.0555751 0.0660709 0.0726663 0.1031750 0.0457184 0.1114754 0.0887991 0.0576452 0.0603891 0.0215192 0.0520251 0.1211501 0.0277320 0.0698474 0.0514129 0.0575693 0.0581664 0.0338739 0.0589081 0.0883649 0.0599761 0.0217324 0.0672869 0.0447992 0.0277320 0.0274694 0.0281752 0.0394905 0.0118771 0.0455939 0.0395343 0.0395343 0.0286435 0.0506137 0.0455939 0.0470881 0.0579982 0.0220225 0.0522398 0.0462211 0.0519075 0.0161208 0.0584816 0.0331978 0.0452324 0.0336099 0.0386866 0.0527239 0.0381121 0.0392924 0.0585901 0.0451760 0.0511528 0.0519075 0.0389147 0.0633782 
S0624       0.0581802 0.0580444 0.0721600 0.0273049 0.0518825 0.0530469 0.0327072 0.0740354 0.0662822 0.0160428 0.0588737 0.0391571 0.0328630 0.0451605 0.0588737 0.0567878 0.0460952 0.0534565 0.0517232 0.0274877 0.0712593 0.0592308 0.0725141 0.0387594 0.0000000 0.0590013 0.0526729 0.0276407 0.0451494 0.0524155 0.0334955 0.0665313 0.0862709 0.0525598 0.0654687 0.0528610 0.0393695 0.0462226 0.0459884 0.0453011 0.0396646 0.0389873 0.0516822 0.0445940 0.0392657 0.0451788 0.0650232 0.0055490 0.0391324 0.0575868 0.1100426 0.0404836 0.1013961 0.0545180 0.0538544 0.0548920 0.0590863 0.0655233 0.1103251 0.0393695 0.1100183 0.0668466 0.0510662 0.0538544 0.0449163 0.0455100 0.1195295 0.0596002 0.0772559 0.0329538 0.0446921 0.0451401 0.0462293 0.0396016 0.0728892 0.0592591 0.0524645 0.0407705 0.0385878 0.0596002 0.0589832 0.0606497 0.0392441 0.0448933 0.0388884 0.0333560 0.0333560 0.0168449 0.0573796 0.0392656 0.0402997 0.0450158 0.0532283 0.0518988 0.0397968 0.0454083 0.0460952 0.0393268 0.0653342 0.0507860 0.0599399 0.0330426 0.0531979 0.0444197 0.0448245 0.0336656 0.0389162 0.0447620 0.0454083 0.0567948 0.0567198 
S0641       0.0393348 0.0709371 0.0212489 0.0667138 0.0645631 0.0158502 0.0725556 0.0743916 0.0526535 0.0460273 0.0529438 0.0517453 0.0570424 0.0574542 0.0529438 0.0514443 0.0103527 0.0159697 0.0381146 0.0391461 0.0453201 0.0536735 0.0728415 0.0274846 0.0590013 0.0000000 0.0157484 0.0581944 0.0517166 0.0277605 0.0576413 0.0604494 0.0777259 0.0395377 0.0729729 0.0158015 0.0515230 0.0212254 0.0585414 0.0576413 0.0643584 0.0576735 0.0444574 0.0451844 0.0335138 0.0643584 0.0526729 0.0421894 0.0738152 0.0739397 0.0890900 0.0533193 0.0921704 0.0643625 0.0536504 0.0618738 0.0593242 0.0658016 0.1006099 0.0515230 0.1003480 0.0798715 0.0635173 0.0536504 0.0159328 0.0579067 0.1093302 0.0213454 0.0632762 0.0572231 0.0511821 0.0517064 0.0463923 0.0649202 0.0810403 0.0532921 0.0156946 0.0735567 0.0656819 0.0213454 0.0211516 0.0342053 0.0452028 0.0178370 0.0393910 0.0452532 0.0452532 0.0415174 0.0563224 0.0513804 0.0530693 0.0515598 0.0158957 0.0581531 0.0458497 0.0577764 0.0103527 0.0510821 0.0266247 0.0509687 0.0269386 0.0271654 0.0662226 0.0579334 0.0449763 0.0645720 0.0509032 0.0449132 0.0577764 0.0449763 0.0569352 
S0643       0.0452369 0.0645020 0.0267199 0.0601493 0.0582220 0.0104824 0.0659764 0.0750713 0.0599520 0.0399391 0.0592049 0.0578513 0.0509337 0.0512953 0.0592049 0.0575106 0.0051354 0.0105618 0.0324161 0.0332817 0.0513010 0.0600184 0.0793991 0.0218103 0.0526729 0.0157484 0.0000000 0.0519498 0.0578188 0.0335237 0.0514589 0.0669330 0.0711768 0.0336092 0.0663468 0.0104505 0.0454238 0.0157924 0.0522523 0.0514589 0.0508406 0.0514873 0.0377643 0.0511469 0.0334892 0.0580394 0.0588865 0.0358508 0.0739397 0.0805915 0.0987554 0.0404718 0.0853399 0.0712490 0.0600039 0.0552050 0.0656632 0.0722271 0.0935561 0.0454238 0.0933211 0.0882755 0.0572907 0.0600039 0.0213738 0.0516956 0.1020649 0.0158807 0.0694369 0.0510905 0.0572155 0.0512257 0.0402557 0.0585394 0.0727617 0.0595957 0.0103804 0.0668654 0.0592272 0.0158807 0.0157383 0.0341797 0.0392324 0.0117848 0.0329368 0.0392756 0.0392756 0.0352835 0.0503006 0.0453008 0.0402879 0.0576397 0.0105116 0.0519075 0.0459208 0.0515803 0.0051354 0.0581185 0.0211329 0.0449448 0.0213791 0.0384384 0.0597112 0.0517305 0.0390366 0.0582256 0.0448891 0.0508335 0.0515803 0.0509060 0.0629988 
S0645sl     0.0639454 0.0632736 0.0711752 0.0331327 0.0571245 0.0523143 0.0516639 0.0714401 0.0656871 0.0273463 0.0508638 0.0319666 0.0380002 0.0503519 0.0508638 0.0626647 0.0454656 0.0527139 0.0510263 0.0326927 0.0702978 0.0572305 0.0715212 0.0522822 0.0276407 0.0581944 0.0519498 0.0000000 0.0448755 0.0517000 0.0387334 0.0579982 0.0767942 0.0518397 0.0632499 0.0521332 0.0445944 0.0455895 0.0512726 0.0505091 0.0391257 0.0505364 0.0509011 0.0440046 0.0387383 0.0510250 0.0641424 0.0230946 0.0527943 0.0725801 0.1165446 0.0400590 0.0910424 0.0687974 0.0459209 0.0467667 0.0582776 0.0646289 0.0993542 0.0445944 0.0990999 0.0659158 0.0562294 0.0459209 0.0443186 0.0507382 0.1079428 0.0587763 0.0697043 0.0381067 0.0498290 0.0503244 0.0455965 0.0323099 0.0640668 0.0511845 0.0517468 0.0461688 0.0580925 0.0587763 0.0581763 0.0669422 0.0444488 0.0442119 0.0383711 0.0385698 0.0385698 0.0224127 0.0625451 0.0444762 0.0398789 0.0501865 0.0524912 0.0571466 0.0450729 0.0506262 0.0454656 0.0445430 0.0644439 0.0501133 0.0653231 0.0382063 0.0585575 0.0643481 0.0442290 0.0450557 0.0440794 0.0499077 0.0506262 0.0560453 0.0618299 
S0673       0.0574059 0.0755920 0.0514354 0.0581914 0.0692942 0.0582238 0.0638284 0.0867595 0.0870282 0.0387244 0.0578973 0.0442270 0.0493826 0.0622096 0.0578973 0.0562782 0.0512367 0.0586625 0.0690702 0.0440757 0.0636396 0.0586750 0.0775792 0.0581793 0.0451494 0.0517166 0.0578188 0.0448755 0.0000000 0.0453811 0.0624107 0.0654071 0.0983055 0.0576957 0.0777164 0.0580215 0.0563653 0.0513784 0.0633732 0.0624107 0.0617906 0.0624452 0.0573556 0.0157160 0.0385264 0.0617906 0.0575952 0.0412207 0.0648945 0.0787189 0.1156435 0.0513202 0.1137237 0.0765966 0.0586588 0.0600267 0.0641984 0.0705995 0.1229308 0.0563653 0.1225758 0.0852148 0.0681872 0.0586588 0.0383126 0.0626911 0.1323802 0.0588985 0.0765274 0.0495289 0.0104014 0.0104976 0.0513814 0.0566853 0.0588506 0.0582705 0.0575916 0.0580275 0.0704717 0.0588985 0.0640943 0.0665374 0.0561665 0.0439356 0.0324935 0.0501402 0.0501402 0.0410930 0.0746881 0.0562102 0.0510889 0.0104718 0.0584223 0.0693319 0.0507933 0.0625530 0.0512367 0.0562906 0.0704027 0.0557640 0.0586254 0.0381018 0.0710405 0.0768514 0.0378774 0.0693077 0.0556919 0.0497676 0.0625530 0.0498369 0.0616522 
S0689       0.0332840 0.0641808 0.0396117 0.0598440 0.0579366 0.0337530 0.0656410 0.0746684 0.0674549 0.0397525 0.0464376 0.0454059 0.0506931 0.0510511 0.0464376 0.0451452 0.0275177 0.0340131 0.0445618 0.0331316 0.0456652 0.0470753 0.0658898 0.0337494 0.0524155 0.0277605 0.0335237 0.0517000 0.0453811 0.0000000 0.0512130 0.0399620 0.0863836 0.0274431 0.0660071 0.0336412 0.0452108 0.0395670 0.0519990 0.0512130 0.0577557 0.0512412 0.0444424 0.0390347 0.0275752 0.0577557 0.0462144 0.0354408 0.0667695 0.0668804 0.0887734 0.0467666 0.1015659 0.0571272 0.0404799 0.0549208 0.0526925 0.0590358 0.1020178 0.0452108 0.1102260 0.0777093 0.0509727 0.0404799 0.0158875 0.0514484 0.1189307 0.0398072 0.0507820 0.0444340 0.0449182 0.0453718 0.0400658 0.0582513 0.0737766 0.0464376 0.0333992 0.0594559 0.0451932 0.0398072 0.0394174 0.0344644 0.0450605 0.0242179 0.0333319 0.0390953 0.0390953 0.0486476 0.0442137 0.0450891 0.0465509 0.0452459 0.0338599 0.0579595 0.0396004 0.0513333 0.0275177 0.0578340 0.0453735 0.0447356 0.0395669 0.0269558 0.0594107 0.0652845 0.0388585 0.0579398 0.0446805 0.0388053 0.0513333 0.0330792 0.0506009 
S0720       0.0633400 0.0208683 0.0704911 0.0394330 0.0447636 0.0518156 0.0579939 0.0650548 0.0657105 0.0214312 0.0508717 0.0503925 0.0438498 0.0441476 0.0508717 0.0620837 0.0450413 0.0522083 0.0505522 0.0268732 0.0696303 0.0511669 0.0708312 0.0517848 0.0334955 0.0576413 0.0514589 0.0387334 0.0624107 0.0512130 0.0000000 0.0580128 0.0842573 0.0513510 0.0571264 0.0516379 0.0050660 0.0578511 0.0103335 0.0101995 0.0387655 0.0102043 0.0432531 0.0557923 0.0383848 0.0505507 0.0635347 0.0170681 0.0654883 0.0718718 0.0972493 0.0052213 0.0990030 0.0694190 0.0459252 0.0406327 0.0577234 0.0640116 0.1076830 0.0050660 0.1073926 0.0791233 0.0499239 0.0459252 0.0439149 0.0267890 0.1166342 0.0582125 0.0755018 0.0439769 0.0617711 0.0623964 0.0451689 0.0509702 0.0776601 0.0511927 0.0512599 0.0394888 0.0515543 0.0582125 0.0576233 0.0662806 0.0326625 0.0437531 0.0500457 0.0326089 0.0326089 0.0413289 0.0560918 0.0103335 0.0052006 0.0622199 0.0519894 0.0155530 0.0269448 0.0322941 0.0450413 0.0506153 0.0638296 0.0496559 0.0646925 0.0440904 0.0519617 0.0576908 0.0438268 0.0388725 0.0380507 0.0318646 0.0322941 0.0555322 0.0554609 
S0724sl     0.0664348 0.0648279 0.0740205 0.0742166 0.0579342 0.0674259 0.0736986 0.0330675 0.0396235 0.0530513 0.0051764 0.0524897 0.0578639 0.0647517 0.0051764 0.0650468 0.0598524 0.0679521 0.0787209 0.0457957 0.0730690 0.0104769 0.0733351 0.0673554 0.0665313 0.0604494 0.0669330 0.0579982 0.0654071 0.0399620 0.0580128 0.0000000 0.0651520 0.0667818 0.0386877 0.0671773 0.0518475 0.0739366 0.0589267 0.0580128 0.0653245 0.0580455 0.0370194 0.0584132 0.0398994 0.0653245 0.0599822 0.0421385 0.0820700 0.0744486 0.1023176 0.0536688 0.0860228 0.0641276 0.0274270 0.0224347 0.0669141 0.0736268 0.0721584 0.0518475 0.0794549 0.0858630 0.0644558 0.0274270 0.0459247 0.0514414 0.0877150 0.0744310 0.0646284 0.0513294 0.0647029 0.0653920 0.0533080 0.0525693 0.0457684 0.0052067 0.0666534 0.0520915 0.0522224 0.0744310 0.0736222 0.0765828 0.0450501 0.0602076 0.0459549 0.0390827 0.0390827 0.0557752 0.0778189 0.0517028 0.0534150 0.0651962 0.0606827 0.0591355 0.0395878 0.0586214 0.0598524 0.0654183 0.0803370 0.0578110 0.0815135 0.0521334 0.0670199 0.0732814 0.0581263 0.0655459 0.0516202 0.0455326 0.0586214 0.0581263 0.0577531 
S0735       0.0999574 0.0988375 0.0914109 0.0951445 0.0847943 0.0716857 0.0930291 0.0647367 0.0718254 0.0721160 0.0576786 0.0913380 0.0833075 0.0839577 0.0576786 0.0843403 0.0642185 0.0722237 0.0918805 0.0577685 0.1070151 0.0642657 0.1235191 0.0873606 0.0862709 0.0777259 0.0711768 0.0767942 0.0983055 0.0863836 0.0842573 0.0651520 0.0000000 0.0866485 0.0704443 0.0648445 0.0777062 0.0780358 0.0856592 0.0842573 0.0916541 0.0843077 0.0745037 0.0905320 0.0584347 0.0916541 0.1001578 0.0622634 0.1180550 0.1253679 0.1099104 0.0737716 0.0211782 0.1174631 0.0860618 0.0604373 0.0997204 0.1068232 0.0158218 0.0777062 0.0158019 0.1178760 0.0903773 0.0860618 0.0771225 0.0846453 0.0215320 0.0785432 0.0912164 0.0699096 0.0972070 0.0982821 0.0795328 0.0714416 0.1092602 0.0580489 0.0708866 0.1026558 0.0936001 0.0785432 0.0777121 0.1049595 0.0773844 0.0672322 0.0842370 0.0708310 0.0708310 0.0688865 0.0841610 0.0774688 0.0734077 0.0909720 0.0650881 0.0859139 0.0785854 0.0844516 0.0642185 0.0917992 0.0585029 0.0705743 0.0854644 0.0838072 0.0869303 0.1005007 0.0642170 0.0920034 0.0766851 0.0831301 0.0844516 0.0769722 0.0963157 
S0742       0.0451444 0.0643619 0.0518094 0.0600158 0.0580970 0.0338396 0.0595744 0.0748965 0.0532010 0.0398563 0.0590754 0.0577280 0.0508281 0.0511881 0.0590754 0.0573887 0.0275854 0.0341010 0.0446780 0.0332152 0.0514515 0.0598855 0.0733366 0.0338359 0.0525598 0.0395377 0.0336092 0.0518397 0.0576957 0.0274431 0.0513510 0.0667818 0.0866485 0.0000000 0.0603561 0.0337273 0.0453296 0.0396701 0.0521407 0.0513510 0.0579152 0.0513792 0.0377950 0.0510403 0.0334218 0.0579152 0.0530426 0.0293156 0.0678318 0.0744470 0.0890243 0.0468947 0.1018926 0.0562053 0.0463460 0.0550803 0.0597368 0.0662531 0.1109013 0.0453296 0.1105898 0.0880673 0.0512232 0.0463460 0.0269189 0.0515876 0.1114470 0.0399117 0.0501653 0.0509841 0.0570949 0.0576829 0.0401717 0.0584129 0.0876380 0.0526296 0.0334841 0.0528076 0.0590978 0.0399117 0.0395196 0.0278840 0.0451783 0.0180230 0.0452071 0.0391957 0.0391957 0.0487867 0.0323337 0.0452071 0.0466778 0.0575174 0.0339470 0.0581203 0.0458245 0.0514719 0.0275854 0.0579940 0.0454932 0.0448527 0.0334847 0.0383619 0.0595798 0.0654710 0.0389576 0.0581006 0.0447973 0.0507283 0.0514719 0.0449521 0.0628656 
S0748       0.0789592 0.0702946 0.0868063 0.0734413 0.0710544 0.0668302 0.0793090 0.0158503 0.0520561 0.0522295 0.0323579 0.0705919 0.0632791 0.0637445 0.0323579 0.0772855 0.0593497 0.0673468 0.0780099 0.0451099 0.0856866 0.0266732 0.0872283 0.0532777 0.0654687 0.0729729 0.0663468 0.0632499 0.0777164 0.0660071 0.0571264 0.0386877 0.0704443 0.0603561 0.0000000 0.0665866 0.0510631 0.0732654 0.0580111 0.0571264 0.0708263 0.0571580 0.0509312 0.0704985 0.0519475 0.0708263 0.0660625 0.0486454 0.0817279 0.0739998 0.0902527 0.0463995 0.0989876 0.0932302 0.0572338 0.0404112 0.0730689 0.0798135 0.0847863 0.0510631 0.0923205 0.1109977 0.0698870 0.0572338 0.0577722 0.0642510 0.1009467 0.0737498 0.0834095 0.0634857 0.0768752 0.0776980 0.0522262 0.0580782 0.0776095 0.0325544 0.0660727 0.0650746 0.0722928 0.0737498 0.0729574 0.0828131 0.0575322 0.0596432 0.0644179 0.0513405 0.0513405 0.0622216 0.0765825 0.0509232 0.0525822 0.0774611 0.0601645 0.0582148 0.0583800 0.0641058 0.0593497 0.0709292 0.0795910 0.0638793 0.0807426 0.0636451 0.0584382 0.0788611 0.0576559 0.0710698 0.0570332 0.0631506 0.0641058 0.0570712 0.0756688 
