128
PAFTOL_019361 0.0000000 0.1721580 0.1868722 0.2000503 0.2307505 0.1694668 0.2409238 0.1887020 0.1550860 0.1752796 0.1922249 0.2135998 0.2029626 0.1441219 0.2165875 0.1712787 0.1683106 0.2131196 0.2245919 0.2253612 0.1533394 0.1620914 0.2554859 0.1430808 0.2152725 0.1906450 0.2001059 0.2251680 0.1812807 0.1806599 0.1901433 0.2152175 0.1598485 0.1573574 0.1880317 0.1743125 0.1788662 0.1690207 0.1444826 0.2006057 0.2253630 0.2431032 0.1637140 0.2207268 0.1843442 0.1768156 0.1739547 0.1930253 0.1557110 0.2443992 0.1988954 0.1961514 0.1959031 0.1939691 0.1897997 0.2008858 0.1838286 0.2141331 0.1848292 0.1912896 0.1786473 0.2172625 0.2110381 0.2231019 0.2138290 0.2016886 0.2197933 0.2012994 0.2030789 0.2411990 0.2065781 0.2197606 0.1868878 0.1984328 0.2084478 0.1863540 0.1770027 0.2354133 0.1694236 0.1668581 0.2122329 0.1776023 0.1829428 0.1925976 0.1996371 0.1625241 0.1998672 0.2149428 0.2186427 0.2186555 0.1529607 0.1800020 0.1887001 0.1490157 0.1469640 0.1439231 0.1679411 0.1806000 0.1602579 0.2207304 0.1532375 0.1713175 0.2009397 0.1460216 0.1962301 0.2480403 0.2096345 0.1682150 0.1600959 0.2249941 0.1767047 0.1703430 0.1672523 0.2010490 0.1765666 0.1941102 0.1638516 0.1718561 0.1951634 0.1684329 0.1752308 0.1722985 0.1807043 0.2413002 0.1716545 0.1675990 0.2016962 0.1897811 
S0055         0.1721580 0.0000000 0.0815939 0.0840058 0.1188725 0.0429580 0.1301108 0.0866555 0.0852416 0.0461424 0.0867166 0.0960725 0.1086151 0.0830940 0.1371367 0.0626077 0.1045132 0.1026636 0.1129558 0.0711884 0.0340707 0.0425649 0.1325382 0.0783217 0.0983202 0.0943013 0.0775097 0.1159981 0.0630596 0.0927069 0.0954353 0.1298516 0.0385082 0.0385144 0.0748199 0.0771046 0.0816055 0.0432178 0.0397603 0.0908993 0.1210246 0.1811515 0.0743864 0.1153942 0.0905888 0.0513989 0.0991413 0.0916930 0.0340052 0.1290838 0.0965231 0.0961702 0.1035352 0.0902567 0.1114743 0.1021512 0.0844176 0.1094439 0.1060488 0.0960575 0.0907240 0.0887129 0.1058497 0.1660257 0.1139723 0.1095447 0.1374611 0.0987001 0.1016356 0.1709447 0.1021717 0.1515706 0.0905077 0.1013960 0.1136693 0.0558463 0.0894849 0.1741556 0.0430165 0.0466537 0.1124218 0.0672476 0.0825545 0.0876093 0.1043049 0.0544482 0.1010274 0.1094330 0.1132760 0.1132937 0.0319294 0.0977858 0.1005426 0.0779357 0.0417930 0.0307707 0.0458620 0.1001282 0.0471987 0.1011542 0.0793076 0.1068763 0.0912768 0.0343713 0.0942236 0.0777106 0.1056541 0.0765852 0.0364147 0.1113113 0.0797363 0.0818873 0.0409666 0.0909909 0.0534356 0.0945066 0.0494699 0.0469035 0.1120787 0.0823303 0.0864335 0.0876441 0.0897206 0.1749826 0.0832899 0.0795704 0.0893945 0.0916524 
S0196sl       0.1868722 0.0815939 0.0000000 0.1066023 0.0636435 0.0898550 0.1412484 0.1048961 0.0815872 0.1065812 0.1106374 0.0997487 0.1044002 0.0998892 0.1147060 0.0784874 0.1072878 0.0934135 0.1239647 0.1313072 0.0808045 0.0703640 0.1445787 0.1051215 0.1152203 0.0088472 0.1230572 0.1212537 0.0756081 0.0905375 0.1295198 0.1096616 0.0815534 0.0817698 0.0930073 0.0873530 0.0959191 0.0812578 0.0805362 0.0387549 0.1267331 0.1412098 0.0883537 0.1147680 0.0959436 0.0950702 0.0901703 0.0044021 0.0808695 0.0399570 0.0088506 0.0936304 0.0449483 0.1019775 0.0881320 0.1166299 0.1013542 0.1110910 0.0854575 0.0997381 0.0905564 0.1205884 0.0615723 0.1523846 0.0999122 0.1070679 0.1195103 0.1057259 0.1039925 0.1352920 0.0134453 0.1239557 0.0821944 0.1045024 0.1084727 0.1067272 0.0837254 0.1462665 0.0903917 0.0862095 0.1000768 0.0865310 0.1002809 0.1035041 0.1009080 0.0869526 0.1289559 0.1007556 0.1195926 0.1182124 0.0729477 0.0876640 0.1023577 0.0681748 0.0764115 0.0718500 0.1007412 0.1044847 0.0896323 0.1125671 0.0700101 0.1057048 0.1137456 0.0642428 0.0111602 0.0843110 0.0671202 0.0899831 0.0785863 0.0658374 0.0780558 0.0894189 0.0880743 0.1171652 0.0838829 0.1107037 0.0906521 0.0833110 0.1091225 0.0964366 0.1047465 0.0870802 0.0812491 0.1422530 0.0451977 0.0840286 0.1287175 0.0953373 
S0278         0.2000503 0.0840058 0.1066023 0.0000000 0.1402039 0.0880776 0.1265205 0.0625252 0.0920823 0.0764769 0.0555892 0.0930246 0.1072809 0.0620440 0.0854814 0.0533954 0.1249784 0.1435170 0.1069969 0.0839058 0.0732994 0.0854415 0.1039977 0.0764990 0.0671427 0.1135009 0.0910250 0.1097385 0.0582348 0.1096275 0.1225606 0.1258737 0.0881313 0.0881349 0.0423290 0.0790677 0.0937624 0.0818508 0.0705391 0.1065720 0.1145261 0.1998863 0.0952343 0.1067649 0.0927151 0.0897603 0.1149393 0.1107728 0.0781097 0.1421647 0.1157568 0.1083459 0.1158616 0.0895391 0.1233238 0.1046415 0.0818278 0.1034846 0.1182472 0.1080773 0.1076661 0.1360783 0.1312335 0.1852029 0.1282922 0.1167330 0.1417666 0.1113593 0.1194878 0.1829216 0.1165504 0.1629882 0.0970666 0.1253330 0.1153770 0.1001251 0.0986819 0.1744318 0.0857502 0.0919506 0.1174530 0.0624155 0.0871382 0.0895285 0.0845684 0.0678852 0.0643000 0.1090925 0.1016574 0.1070987 0.0758152 0.1126639 0.1128055 0.0871141 0.0715721 0.0781887 0.1052881 0.1040434 0.0861848 0.0882823 0.0883015 0.1277956 0.0577290 0.0711520 0.1134069 0.0537493 0.1370644 0.0809785 0.0761305 0.1364431 0.0888923 0.1012654 0.0858086 0.0534435 0.0926398 0.1039192 0.0839962 0.0879144 0.1221066 0.1018226 0.0933150 0.0944243 0.1088199 0.1528413 0.1072540 0.0988635 0.1163166 0.1164945 
S0281         0.2307505 0.1188725 0.0636435 0.1402039 0.0000000 0.1214528 0.1509855 0.1233107 0.1149418 0.1114545 0.1284431 0.1274687 0.1284973 0.1372652 0.1236611 0.1017052 0.1593437 0.1176094 0.1324432 0.1197342 0.1095653 0.1049697 0.1689366 0.1544178 0.1472725 0.0725600 0.1272520 0.1327633 0.0912801 0.1119670 0.1551461 0.1359859 0.1121858 0.1079255 0.1211707 0.1184937 0.1187797 0.1116003 0.1125029 0.0564816 0.1357775 0.1993258 0.1199890 0.1268348 0.1522533 0.1258109 0.0998328 0.0700365 0.1068260 0.1052525 0.0747841 0.1232059 0.0788689 0.1335357 0.1254794 0.1209593 0.1347864 0.1240743 0.1263439 0.1230632 0.1145971 0.1699031 0.0877320 0.1805893 0.1444296 0.1258538 0.1294765 0.1412062 0.1333881 0.1836965 0.0801828 0.1642890 0.1166924 0.1513135 0.1300609 0.1266250 0.1327538 0.1879373 0.1157453 0.1118874 0.1427352 0.1115737 0.1136656 0.1193259 0.1212843 0.1116518 0.1465170 0.1241890 0.1135891 0.1272570 0.0993003 0.1122353 0.1456682 0.1065828 0.1167454 0.1000442 0.1287250 0.1278478 0.1237487 0.1441572 0.1130734 0.1252456 0.1307388 0.1035176 0.0776587 0.0848398 0.0906438 0.1156345 0.1104607 0.0980847 0.1190757 0.1273783 0.1167088 0.1328889 0.1091905 0.1476560 0.1190699 0.1125837 0.1530984 0.1307160 0.1117770 0.1194907 0.1200649 0.1955034 0.0959164 0.1300552 0.1411088 0.1444074 
S0282         0.1694668 0.0429580 0.0898550 0.0880776 0.1214528 0.0000000 0.1214752 0.0889786 0.0777393 0.0246814 0.0866622 0.0898895 0.1079239 0.0859645 0.1133809 0.0578598 0.0995626 0.0913350 0.1122513 0.0659898 0.0116312 0.0298591 0.1263850 0.0733818 0.0982569 0.0937352 0.0770578 0.1151908 0.0604760 0.0902833 0.0924042 0.1238597 0.0320424 0.0258799 0.0766603 0.0770576 0.0914892 0.0472776 0.0103940 0.0960859 0.1202446 0.1767433 0.0694347 0.1146727 0.0978776 0.0341743 0.0933707 0.0911462 0.0136383 0.1255181 0.0959431 0.0811610 0.1028943 0.0825915 0.1057834 0.0992569 0.0820120 0.1010428 0.1004629 0.0906279 0.0854012 0.0818334 0.1076572 0.1565472 0.1060786 0.0989032 0.1310390 0.0962013 0.0991126 0.1612581 0.1015483 0.1447549 0.0851994 0.0941493 0.1030060 0.0602062 0.0819452 0.1643886 0.0197994 0.0297583 0.1012925 0.0624207 0.0872263 0.0923367 0.0965883 0.0609407 0.0961567 0.1037544 0.1098512 0.1100407 0.0196027 0.0950163 0.0932011 0.0705911 0.0133723 0.0181264 0.0436512 0.0946774 0.0426784 0.1060560 0.0720193 0.1030241 0.0912190 0.0304799 0.0936588 0.0720309 0.1074587 0.0811398 0.0136937 0.1097780 0.0746622 0.0749203 0.0281578 0.0909334 0.0445881 0.0891823 0.0406496 0.0466502 0.1044870 0.0776099 0.0910919 0.0824044 0.0821585 0.1891573 0.0827943 0.0726316 0.0841629 0.0816838 
S0288         0.2409238 0.1301108 0.1412484 0.1265205 0.1509855 0.1214752 0.0000000 0.1167648 0.1329672 0.1217898 0.1237423 0.0307010 0.0758259 0.1439004 0.0377104 0.0942137 0.1447453 0.0788829 0.0258323 0.0938066 0.1098145 0.1076448 0.1547185 0.1648445 0.1285638 0.1293104 0.1374417 0.0279454 0.0954566 0.1253874 0.1479721 0.0962386 0.1190899 0.1157886 0.1100375 0.0953913 0.1249298 0.1165159 0.1384916 0.1355172 0.0243003 0.2028836 0.1342623 0.0299121 0.1479892 0.1339067 0.1250135 0.1238201 0.1071260 0.1426337 0.1290399 0.1231474 0.1317799 0.1217483 0.0728363 0.1064772 0.1082808 0.0642358 0.1335716 0.1309110 0.1200470 0.1982779 0.1037490 0.1908483 0.1361289 0.0808050 0.1097480 0.1417714 0.1320046 0.1990216 0.1299577 0.1685790 0.1300605 0.1389211 0.0847251 0.1314642 0.1241207 0.2179948 0.1122550 0.1146370 0.1274756 0.1073326 0.1204612 0.1231948 0.0146134 0.1085797 0.1376828 0.0853047 0.0275434 0.0238259 0.1022266 0.0672155 0.1278879 0.1247104 0.1430049 0.1055735 0.1341495 0.1266491 0.1212628 0.1285510 0.1179790 0.1808241 0.1294821 0.1468154 0.1265944 0.0770235 0.1092759 0.1031188 0.1081803 0.1060102 0.1186490 0.1191448 0.1189223 0.1245803 0.1172780 0.1327169 0.1184506 0.1232101 0.1315807 0.1194953 0.1243020 0.1189893 0.1238101 0.2562810 0.1254276 0.1216720 0.1571117 0.1326577 
S0289         0.1887020 0.0866555 0.1048961 0.0625252 0.1233107 0.0889786 0.1167648 0.0000000 0.0759502 0.0904293 0.0603522 0.0831814 0.0995331 0.0408774 0.1064466 0.0407360 0.0973333 0.0970373 0.1050826 0.0955667 0.0740312 0.0765098 0.0739602 0.0734087 0.0651546 0.0962936 0.0936679 0.1104352 0.0410139 0.0984190 0.1147182 0.1173405 0.0791834 0.0791368 0.0406629 0.0634722 0.0725996 0.0705415 0.0709417 0.1069650 0.1127551 0.1901009 0.0765260 0.1074127 0.0816583 0.0832858 0.0932289 0.0936843 0.0761698 0.1338964 0.0985100 0.0940027 0.1055533 0.0780866 0.1134887 0.0794744 0.0752579 0.1147032 0.1056017 0.0956624 0.0903576 0.1270767 0.1154788 0.1699838 0.1180786 0.1030881 0.1482794 0.1013193 0.1041750 0.1754867 0.0991717 0.1477560 0.0807291 0.0973310 0.1068469 0.0952546 0.0848087 0.1684323 0.0891177 0.0807539 0.0993755 0.0495208 0.0615869 0.0661802 0.0855705 0.0546982 0.0582840 0.1017231 0.1077900 0.1053225 0.0715490 0.1030785 0.0946722 0.0687834 0.0762007 0.0665418 0.0904923 0.0823885 0.0864208 0.0789398 0.0724903 0.1011650 0.0445898 0.0680257 0.1015738 0.0367663 0.1184900 0.0582945 0.0742612 0.1232983 0.0682945 0.0796704 0.0792125 0.0470202 0.0882120 0.0870065 0.0797267 0.0720441 0.1058286 0.0772387 0.0696084 0.0855173 0.0868265 0.1558246 0.0869960 0.0820122 0.1089295 0.0970915 
S0292         0.1550860 0.0852416 0.0815872 0.0920823 0.1149418 0.0777393 0.1329672 0.0759502 0.0000000 0.0803692 0.0877507 0.0892173 0.1053648 0.0674357 0.1012476 0.0541334 0.0515417 0.0728192 0.1148738 0.1125833 0.0698708 0.0655793 0.1165469 0.0790533 0.0967306 0.0768639 0.1048510 0.1183728 0.0613013 0.0629723 0.0979323 0.1322799 0.0749818 0.0681296 0.0661160 0.0687389 0.0778006 0.0610727 0.0562384 0.0808033 0.1235418 0.1659243 0.0747738 0.1178356 0.0540909 0.0867883 0.0572373 0.0743968 0.0674844 0.1051633 0.0790232 0.0608357 0.0805624 0.0812427 0.0978975 0.0851567 0.0806856 0.1051498 0.0631940 0.0657458 0.0537343 0.1245721 0.0969724 0.1651855 0.0900750 0.1012851 0.1203608 0.0705141 0.0687954 0.1685405 0.0843112 0.1470549 0.0583263 0.0699880 0.1025517 0.0918349 0.0320033 0.1535890 0.0777079 0.0674104 0.0575044 0.0676334 0.0735512 0.0785148 0.0850506 0.0594319 0.0974796 0.0980607 0.1103938 0.1131647 0.0652164 0.0823626 0.0658566 0.0077873 0.0577215 0.0555521 0.0841953 0.0364822 0.0797847 0.0964639 0.0197066 0.0270642 0.0851324 0.0535302 0.0745552 0.0779560 0.0998111 0.0658545 0.0703993 0.1074945 0.0257903 0.0362546 0.0756677 0.0801242 0.0793519 0.0982637 0.0708684 0.0628162 0.0736696 0.0366567 0.0751670 0.0558469 0.0540427 0.1505437 0.0637344 0.0383551 0.1103080 0.0607895 
S0293         0.1752796 0.0461424 0.1065812 0.0764769 0.1114545 0.0246814 0.1217898 0.0904293 0.0803692 0.0000000 0.0935528 0.0874866 0.1062004 0.1096528 0.1274531 0.0630587 0.0966391 0.0959549 0.1114470 0.0440399 0.0175934 0.0337927 0.1462147 0.0767490 0.1064547 0.1100346 0.0721589 0.1178984 0.0662178 0.1034921 0.0851393 0.1275688 0.0410796 0.0291674 0.0874538 0.0824940 0.0933645 0.0513384 0.0221913 0.1049896 0.1237282 0.1925800 0.0761926 0.1173734 0.1029280 0.0410349 0.0987896 0.1069853 0.0199066 0.1319032 0.1070407 0.0901526 0.1115385 0.0861989 0.1158020 0.1060060 0.0847773 0.1016612 0.1009434 0.1039465 0.0947488 0.0963492 0.1064873 0.1603325 0.1031456 0.1023789 0.1423507 0.0985791 0.0986834 0.1669172 0.1192497 0.1505544 0.0944545 0.0987255 0.1039029 0.0554736 0.0877866 0.1671377 0.0246831 0.0336657 0.1098589 0.0684084 0.0968746 0.1030261 0.1007582 0.0644620 0.0983727 0.1049084 0.1104305 0.1120368 0.0267270 0.1004065 0.0945852 0.0747658 0.0209388 0.0204127 0.0471064 0.0938704 0.0410577 0.1033167 0.0737181 0.1108099 0.1042489 0.0472441 0.1070839 0.0653584 0.1094805 0.0899298 0.0176742 0.1155641 0.0822910 0.0796032 0.0293927 0.0901638 0.0409033 0.0877072 0.0384432 0.0529993 0.1103096 0.0774358 0.1014399 0.0887195 0.0935704 0.2144724 0.0945457 0.0770137 0.0828102 0.0987546 
S0299         0.1922249 0.0867166 0.1106374 0.0555892 0.1284431 0.0866622 0.1237423 0.0603522 0.0877507 0.0935528 0.0000000 0.0891939 0.1109158 0.0552765 0.1057391 0.0536462 0.1201838 0.1430560 0.1150443 0.0956991 0.0717921 0.0811151 0.0835373 0.0772843 0.0676607 0.1040826 0.1009036 0.1128251 0.0516089 0.1052295 0.1231982 0.1259329 0.0766875 0.0838863 0.0428000 0.0679176 0.0794374 0.0799270 0.0628016 0.1148910 0.1203698 0.1880771 0.0934076 0.1147903 0.0855362 0.0856446 0.1156645 0.1014083 0.0739275 0.1426427 0.1063274 0.0989477 0.1161781 0.0748483 0.1220947 0.0900181 0.0681782 0.1234295 0.1137880 0.1036475 0.1032538 0.1165757 0.1180107 0.1768738 0.1257388 0.1108608 0.1374456 0.1042590 0.1097434 0.1803292 0.1070515 0.1518032 0.0927153 0.1233162 0.1120425 0.0957122 0.0993069 0.1661892 0.0843167 0.0830938 0.1147069 0.0535706 0.0729210 0.0751023 0.0846713 0.0591647 0.0647519 0.1041384 0.1129692 0.1101547 0.0761808 0.1104536 0.1158085 0.0828075 0.0722923 0.0762705 0.1058286 0.0972106 0.0861060 0.0836466 0.0840435 0.1289268 0.0577129 0.0718636 0.1039971 0.0536101 0.1236664 0.0672148 0.0746328 0.1264510 0.0846069 0.0992598 0.0815660 0.0581419 0.0906017 0.0892514 0.0867976 0.0743546 0.1278126 0.0998075 0.0740840 0.1000100 0.0965990 0.1503843 0.1028588 0.1017009 0.1192600 0.1071429 
S0303         0.2135998 0.0960725 0.0997487 0.0930246 0.1274687 0.0898895 0.0307010 0.0831814 0.0892173 0.0874866 0.0891939 0.0000000 0.0646323 0.0943588 0.0279794 0.0673189 0.1056274 0.0675728 0.0149538 0.0879484 0.0764827 0.0768283 0.1387510 0.1221265 0.0982735 0.0896755 0.1187143 0.0333553 0.0647112 0.1002657 0.1353389 0.0905854 0.0851001 0.0767928 0.0797989 0.0654954 0.0870803 0.0871695 0.0924067 0.1054251 0.0341675 0.1912434 0.1181704 0.0279273 0.1277047 0.1048590 0.0912196 0.0833408 0.0762893 0.0973682 0.0863432 0.0971585 0.1046682 0.0933933 0.0655593 0.0847344 0.0811179 0.0528040 0.1061337 0.1071263 0.0902000 0.1493759 0.0904492 0.1764309 0.1076233 0.0688791 0.1035096 0.0963525 0.0875971 0.1882487 0.0867377 0.1699015 0.0966398 0.1000083 0.0738274 0.1014948 0.0899318 0.1981877 0.0827287 0.0852188 0.0885379 0.0795737 0.0878391 0.0910630 0.0288325 0.0778178 0.1091934 0.0753598 0.0246333 0.0280332 0.0704153 0.0638617 0.0937853 0.0800443 0.0979502 0.0669261 0.1004567 0.1062846 0.0894311 0.0844500 0.0797121 0.1164838 0.1086099 0.0974166 0.0835248 0.0709668 0.0973176 0.0711317 0.0799457 0.0940001 0.0862758 0.0743484 0.0834323 0.0997272 0.0822519 0.1101848 0.0862429 0.0920404 0.1004893 0.0862235 0.0895750 0.0863674 0.0862369 0.1761140 0.0902328 0.0773296 0.1214143 0.0999161 
S0308         0.2029626 0.1086151 0.1044002 0.1072809 0.1284973 0.1079239 0.0758259 0.0995331 0.1053648 0.1062004 0.1109158 0.0646323 0.0000000 0.1236802 0.0767463 0.0840655 0.1267045 0.0706394 0.0654338 0.0931501 0.0941727 0.0919851 0.1484338 0.1160748 0.1096744 0.0993120 0.1247759 0.0632008 0.0871990 0.1131358 0.1332887 0.0774187 0.0983588 0.0948546 0.0921043 0.0929523 0.1026719 0.1061001 0.1192440 0.0967732 0.0594112 0.1889950 0.1093942 0.0675654 0.1438958 0.1151485 0.1032210 0.0943778 0.0939041 0.1246739 0.0993582 0.1059478 0.0958613 0.1120656 0.0635659 0.0944875 0.1085677 0.0658219 0.1100154 0.1074616 0.1019019 0.1710877 0.0820420 0.1828354 0.1282694 0.0735167 0.0864281 0.1257540 0.1236954 0.1748326 0.1000468 0.1472885 0.1000461 0.1240708 0.0777688 0.1100423 0.1078365 0.1943327 0.1030009 0.0988225 0.1254770 0.0966044 0.0925563 0.0953268 0.0474354 0.0906971 0.1235225 0.0515881 0.0626749 0.0585075 0.0865929 0.0571700 0.1016369 0.0997730 0.1228566 0.0865220 0.1121121 0.1124486 0.1001378 0.1152478 0.0994144 0.1364276 0.1156488 0.1133104 0.1025266 0.0690970 0.0873288 0.0897636 0.0948279 0.0830367 0.0966146 0.1046369 0.1007049 0.1033508 0.0891125 0.0995540 0.1056655 0.1045850 0.1114202 0.1017005 0.1048733 0.1045362 0.1075688 0.1909837 0.0905470 0.1021498 0.1403527 0.1214325 
S0320         0.1441219 0.0830940 0.0998892 0.0620440 0.1372652 0.0859645 0.1439004 0.0408774 0.0674357 0.1096528 0.0552765 0.0943588 0.1236802 0.0000000 0.1107905 0.0406697 0.0996920 1.2611728 0.1277817 1.2946988 0.0738044 0.0739666 0.0369030 0.0765812 0.0482636 0.0933035 0.1076488 0.1274624 0.0372490 0.0746137 0.0950600 0.1221031 0.0748133 0.0827384 0.0407166 0.0521654 0.0593619 0.0624995 0.0745316 0.1017721 0.1274624 0.1470132 0.0657944 0.1317224 0.0847472 0.0779684 0.1041465 0.0894111 0.0776175 0.1542089 0.0934147 0.0869221 0.1070104 0.0599262 0.1116304 0.0584780 0.0637357 0.1402455 0.0875051 0.0789344 0.0826982 0.1410762 0.1516365 0.1529293 0.1313628 0.1017707 0.1374321 0.1045180 0.1154527 0.1505610 0.0938892 0.1135320 0.0750890 0.1080091 0.1084609 0.0977610 0.0744096 0.1473299 0.0863921 0.0892666 0.1156658 0.0333616 0.0447442 0.0452193 0.1153776 0.0517801 0.0631061 0.1111259 0.1436598 0.1274624 0.0738373 0.1024423 0.0957917 0.0674931 0.0753219 0.0703870 0.0949663 0.0704004 0.0860071 0.0731441 0.0590308 0.1252095 0.0476314 0.0672525 0.0979342 0.0000010 0.1614334 0.0553243 0.0779303 0.1442211 0.0588360 0.0822930 0.0872906 0.0440328 0.0980556 0.0787328 0.0917134 0.0585458 0.1052810 0.0837896 0.0516802 0.0944843 0.0752643 0.1631379 0.0917866 0.0822930 0.1241729 0.0660582 
S0322         0.2165875 0.1371367 0.1147060 0.0854814 0.1236611 0.1133809 0.0377104 0.1064466 0.1012476 0.1274531 0.1057391 0.0279794 0.0767463 0.1107905 0.0000000 0.0855662 0.1348341 0.0000010 0.0161447 0.0000010 0.1070085 0.1022074 0.0956089 0.1257464 0.1059222 0.1050620 0.1347117 0.0160710 0.0901528 0.0855056 0.1607019 0.0701056 0.1057682 0.1082222 0.0850672 0.0863330 0.1237548 0.1121481 0.1076379 0.1076636 0.0160710 0.1839997 0.1014658 0.0160637 0.1249339 0.1181913 0.1085825 0.1000681 0.1019106 0.1217806 0.1052227 0.0807043 0.1080851 0.0858878 0.0463506 0.0988230 0.1088701 0.0341711 0.0962361 0.0956508 0.0909722 0.1626588 0.1129403 0.1759538 0.1366462 0.0426163 0.0860597 0.1068111 0.1038635 0.1758371 0.1059044 0.1686238 0.0960654 0.1426262 0.0510152 0.1182801 0.1058401 0.2001633 0.0953655 0.1124173 0.0928896 0.1002353 0.1132178 0.1127330 0.0122842 0.1004978 0.1348617 0.0630461 0.0135567 0.0160710 0.0967970 0.0433290 0.1192374 0.1016973 0.1131975 0.0967970 0.1187823 0.0949827 0.1023261 0.1018211 0.0959286 0.2393120 0.1051248 0.1075528 0.1111341 0.0000010 0.1242700 0.1014870 0.1019106 0.1083137 0.0955099 0.1072642 0.1087175 0.0957783 0.1018437 0.1238727 0.1150316 0.1122580 0.1026088 0.1122872 0.1012654 0.1059591 0.0910483 0.1844308 0.0974657 0.1021539 0.1761653 0.1062873 
S0327         0.1712787 0.0626077 0.0784874 0.0533954 0.1017052 0.0578598 0.0942137 0.0407360 0.0541334 0.0630587 0.0536462 0.0673189 0.0840655 0.0406697 0.0855662 0.0000000 0.0815879 0.0664353 0.0858081 0.0699263 0.0443484 0.0530303 0.0816740 0.0613194 0.0578665 0.0738816 0.0856324 0.0859955 0.0237174 0.0658162 0.0841321 0.0992418 0.0575679 0.0554138 0.0320236 0.0403416 0.0515109 0.0427120 0.0590996 0.0773025 0.0901552 0.1523146 0.0619831 0.0856324 0.0692335 0.0686883 0.0699665 0.0714558 0.0463827 0.1021595 0.0760144 0.0661360 0.0798664 0.0450088 0.0868608 0.0573552 0.0468600 0.0837413 0.0753177 0.0660566 0.0612363 0.1157985 0.0960870 0.1431742 0.0892836 0.0829824 0.1246800 0.0781358 0.0760678 0.1462986 0.0812030 0.1187753 0.0588872 0.0841120 0.0843793 0.0686690 0.0604108 0.1439298 0.0579418 0.0592292 0.0722742 0.0297422 0.0474294 0.0519596 0.0630874 0.0279297 0.0646713 0.0807820 0.0819943 0.0812445 0.0442618 0.0789948 0.0772400 0.0474510 0.0567007 0.0455798 0.0681646 0.0628986 0.0599271 0.0589728 0.0511795 0.0806810 0.0491705 0.0563702 0.0738212 0.0364781 0.1013789 0.0403062 0.0510888 0.0985142 0.0471273 0.0581560 0.0580748 0.0493443 0.0617477 0.0602802 0.0579420 0.0466350 0.0853576 0.0607048 0.0512774 0.0585689 0.0650183 0.1452211 0.0677979 0.0626127 0.0953065 0.0719144 
S0335         0.1683106 0.1045132 0.1072878 0.1249784 0.1593437 0.0995626 0.1447453 0.0973333 0.0515417 0.0966391 0.1201838 0.1056274 0.1267045 0.0996920 0.1348341 0.0815879 0.0000000 0.0668918 0.1319061 0.1126958 0.0887566 0.0843625 0.1492027 0.1078578 0.1237391 0.1032974 0.1282767 0.1322177 0.0846685 0.0837477 0.1060195 0.1379480 0.0893187 0.0845961 0.0922933 0.0806635 0.0972560 0.0825343 0.0899237 0.1122302 0.1378096 0.1777267 0.1035787 0.1316038 0.0873041 0.1065099 0.0816210 0.0982305 0.0862423 0.1357262 0.1030882 0.0841573 0.1101210 0.0958832 0.1106581 0.0995590 0.0851352 0.1187038 0.0888504 0.0868030 0.0790224 0.1580335 0.1281176 0.1917555 0.1093237 0.1195856 0.1626691 0.0992886 0.0898326 0.1894648 0.1088156 0.1650365 0.0765107 0.0694347 0.1231738 0.1138833 0.0514790 0.1741221 0.0973793 0.0861434 0.0819861 0.0986395 0.0929387 0.0981701 0.1049407 0.0855557 0.1280276 0.1161008 0.1336172 0.1268393 0.0838797 0.1024312 0.0698353 0.0516927 0.0942427 0.0743082 0.1012153 0.0586216 0.1016025 0.1193995 0.0513716 0.0762978 0.1148776 0.0935717 0.1007834 0.0961139 0.1312278 0.0847265 0.0894436 0.1360902 0.0513991 0.0380411 0.0926814 0.1146071 0.1035201 0.1210198 0.0918870 0.0859970 0.0749941 0.0279665 0.0896563 0.0761588 0.0744247 0.1756290 0.0849745 0.0401326 0.1417463 0.0814960 
S0345         0.2131196 0.1026636 0.0934135 0.1435170 0.1176094 0.0913350 0.0788829 0.0970373 0.0728192 0.0959549 0.1430560 0.0675728 0.0706394 1.2611728 0.0000010 0.0664353 0.0668918 0.0000000 0.0727003 0.1023863 0.0781270 0.0785456 0.2283461 0.0000010 0.1195629 0.0916072 0.1157044 0.0849347 0.0673785 0.0924502 0.1025279 0.0929281 0.0892941 0.0722213 0.1032463 0.0791113 0.0923688 0.0745929 0.0000010 0.0983455 0.0892746 0.2213210 0.1206126 0.0727889 0.0000010 0.1146218 0.0574069 0.0852155 0.0777512 0.0916355 0.0909910 0.0746987 0.1062955 0.0854981 0.0872290 0.1044143 0.0902101 0.0801917 0.0899859 0.0919153 0.0729961 0.0000010 0.0838327 0.1922601 0.0918285 0.0920705 0.0000010 0.1042200 0.0727273 0.2064085 0.1040312 0.1976685 0.0792656 0.0505534 0.0916221 0.0964278 0.0506871 0.2048696 0.0909614 0.0832440 0.0563079 0.0966478 0.0935951 0.1049619 0.0457717 0.0750258 0.1346539 0.0933053 0.0739740 0.0733212 0.0721475 0.0754845 0.0143704 0.0449050 0.0000010 0.0592646 0.1068136 0.0670128 0.0906453 0.1141963 0.0445767 0.0603812 0.1304736 0.0000010 0.0789678 0.0908827 0.0910770 0.0621396 0.0848063 0.1091098 0.0729394 0.0399647 0.0842979 0.1380956 0.0776923 0.1029112 0.0889263 0.0893985 0.0297024 0.0499731 0.1040727 0.0564189 0.0552377 0.0000010 0.0848065 0.0452067 0.1164853 0.0733320 
S0355         0.2245919 0.1129558 0.1239647 0.1069969 0.1324432 0.1122513 0.0258323 0.1050826 0.1148738 0.1114470 0.1150443 0.0149538 0.0654338 0.1277817 0.0161447 0.0858081 0.1319061 0.0727003 0.0000000 0.0818555 0.1010227 0.0965634 0.1467380 0.1427558 0.1163516 0.1122863 0.1258496 0.0175578 0.0845688 0.1107822 0.1465953 0.0877814 0.1027799 0.0993980 0.0962837 0.0868589 0.1103893 0.0974881 0.1271398 0.1168551 0.0138494 0.1990544 0.1170698 0.0155116 0.1356952 0.1193257 0.1094667 0.1070539 0.0984238 0.1295929 0.1120561 0.1111473 0.1143605 0.1130208 0.0613463 0.0942091 0.1022404 0.0488859 0.1212823 0.1187085 0.1051222 0.1781005 0.0929253 0.1803775 0.1230417 0.0663349 0.0960338 0.1270980 0.1195198 0.1885469 0.1128291 0.1618537 0.1153363 0.1237687 0.0702508 0.1094334 0.1096888 0.2067718 0.1033984 0.0960827 0.1238216 0.0984814 0.1060123 0.1088516 0.0205936 0.0947649 0.1304297 0.0722154 0.0102388 0.0135849 0.0912404 0.0578566 0.1159475 0.1070702 0.1358396 0.0892756 0.1166821 0.1146726 0.0997108 0.1165710 0.1008576 0.1608952 0.1249286 0.1260423 0.1072428 0.0647424 0.0982728 0.0943306 0.0993717 0.0953848 0.1014122 0.1048834 0.1023315 0.1150814 0.0961466 0.1204777 0.1019330 0.1040057 0.1168025 0.1077540 0.1098471 0.1047514 0.1094228 0.2277704 0.1084098 0.1049461 0.1360074 0.1178321 
S0376         0.2253612 0.0711884 0.1313072 0.0839058 0.1197342 0.0659898 0.0938066 0.0955667 0.1125833 0.0440399 0.0956991 0.0879484 0.0931501 1.2946988 0.0000010 0.0699263 0.1126958 0.1023863 0.0818555 0.0000000 0.0490977 0.0704763 0.2493172 0.0000010 0.1237657 0.1078756 0.0287951 0.0940941 0.0601608 0.1292661 0.1020039 0.1020735 0.0594048 0.0540504 0.0944808 0.0824706 0.1071315 0.0728674 0.0000010 0.1331118 0.0987773 0.2172735 0.1240032 0.0876068 0.0000010 0.0656421 0.1114349 0.1131300 0.0488790 0.1199458 0.1190880 0.1106250 0.1288250 0.1071160 0.1160464 0.1191488 0.0880393 0.0962121 0.1212965 0.1171092 0.1155939 0.0000010 0.1073400 0.1662729 0.0900666 0.1025540 0.0000010 0.0916078 0.1010183 0.2026659 0.1328939 0.1761012 0.1146038 0.1009877 0.1020553 0.0655661 0.1068350 0.1628987 0.0601923 0.0698821 0.1075380 0.0714014 0.1026095 0.1197623 0.0814051 0.0729880 0.1001765 0.0902241 0.0775620 0.0825466 0.0539994 0.1040531 0.1013022 0.1001411 0.0000010 0.0358415 0.0856171 0.1143154 0.0712095 0.1062841 0.0935274 0.1229898 0.1331087 0.0000010 0.1064966 0.0774967 0.1075493 0.0822819 0.0496814 0.1310486 0.1072340 0.0947269 0.0546091 0.1087545 0.0593642 0.1016049 0.0591809 0.0764049 0.1276461 0.0943506 0.1187600 0.0900168 0.1056971 0.0000010 0.1074666 0.1005324 0.0600641 0.1270090 
S0400         0.1533394 0.0340707 0.0808045 0.0732994 0.1095653 0.0116312 0.1098145 0.0740312 0.0698708 0.0175934 0.0717921 0.0764827 0.0941727 0.0738044 0.1070085 0.0443484 0.0887566 0.0781270 0.1010227 0.0490977 0.0000000 0.0214638 0.1092982 0.0611653 0.0829901 0.0832097 0.0670597 0.1038330 0.0467797 0.0797221 0.0818065 0.1071920 0.0235543 0.0175628 0.0622851 0.0626013 0.0764228 0.0382651 0.0068492 0.0847252 0.1085165 0.1599617 0.0597575 0.1033784 0.0929620 0.0256123 0.0821150 0.0807186 0.0057315 0.1131646 0.0853673 0.0708309 0.0918991 0.0677715 0.0946617 0.0815105 0.0673139 0.0892732 0.0895454 0.0800190 0.0750008 0.0821350 0.0963072 0.1412165 0.0941780 0.0879461 0.1254576 0.0853505 0.0881287 0.1455949 0.0907247 0.1291992 0.0702456 0.0858581 0.0919993 0.0508408 0.0740082 0.1485937 0.0116452 0.0213934 0.0922344 0.0487071 0.0722478 0.0771118 0.0844208 0.0471328 0.0809332 0.0902666 0.0979662 0.0988552 0.0115324 0.0840746 0.0848163 0.0629327 0.0099176 0.0098685 0.0346110 0.0840237 0.0338553 0.0900983 0.0644088 0.0980798 0.0762062 0.0267889 0.0831417 0.0534385 0.0961358 0.0666155 0.0057538 0.1017451 0.0647462 0.0671746 0.0197111 0.0759720 0.0357503 0.0741975 0.0318646 0.0377655 0.0956788 0.0675292 0.0760996 0.0721649 0.0741971 0.1729018 0.0725007 0.0649447 0.0739366 0.0761127 
S0405         0.1620914 0.0425649 0.0703640 0.0854415 0.1049697 0.0298591 0.1076448 0.0765098 0.0655793 0.0337927 0.0811151 0.0768283 0.0919851 0.0739666 0.1022074 0.0530303 0.0843625 0.0785456 0.0965634 0.0704763 0.0214638 0.0000000 0.1142853 0.0651272 0.0948903 0.0788808 0.0740574 0.0993467 0.0534036 0.0800066 0.0891410 0.1099780 0.0256172 0.0156063 0.0669495 0.0672914 0.0766911 0.0425947 0.0138280 0.0849568 0.1039267 0.1713117 0.0621446 0.0989128 0.0850756 0.0359438 0.0774102 0.0764102 0.0194404 0.1136118 0.0810374 0.0757217 0.0874564 0.0795086 0.0901917 0.0845479 0.0789584 0.0869143 0.0898705 0.0803057 0.0752663 0.0823324 0.0942523 0.1546710 0.0971540 0.0857943 0.1170023 0.0808071 0.0835511 0.1536364 0.0863400 0.1429619 0.0726800 0.0815036 0.0898590 0.0530882 0.0673655 0.1623832 0.0298976 0.0315341 0.0925885 0.0618676 0.0725011 0.0773850 0.0741418 0.0559483 0.0952580 0.0881807 0.0931346 0.0943948 0.0174559 0.0819147 0.0780137 0.0586850 0.0200856 0.0139134 0.0411079 0.0796515 0.0359891 0.1025869 0.0579693 0.0912562 0.0833074 0.0233931 0.0788170 0.0709643 0.0965172 0.0668436 0.0216121 0.0997283 0.0605164 0.0629219 0.0258630 0.0830499 0.0378858 0.0859943 0.0381940 0.0441350 0.0911591 0.0632541 0.0763656 0.0724176 0.0744568 0.1733496 0.0704002 0.0607014 0.0810565 0.0763787 
S0407sl       0.2554859 0.1325382 0.1445787 0.1039977 0.1689366 0.1263850 0.1547185 0.0739602 0.1165469 0.1462147 0.0835373 0.1387510 0.1484338 0.0369030 0.0956089 0.0816740 0.1492027 0.2283461 0.1467380 0.2493172 0.1092982 0.1142853 0.0000000 0.0651823 0.0966659 0.1312358 0.1421719 0.1528414 0.0774807 0.1393106 0.1577002 0.1610908 0.1203113 0.1203625 0.0767578 0.1002920 0.1137619 0.1075813 0.0509763 0.1521129 0.1497077 0.2228451 0.1144013 0.1465965 0.0731694 0.1196170 0.1432283 0.1282828 0.1116021 0.1790485 0.1336180 0.1255585 0.1415069 0.1111110 0.1398868 0.1314726 0.1031975 0.1575402 0.1453444 0.1349030 0.1308948 0.1212953 0.1501549 0.2058738 0.1650518 0.1296621 0.1336113 0.1494101 0.1500492 0.2092396 0.1282828 0.1812117 0.1192925 0.1412894 0.1365869 0.1418340 0.1235333 0.2044121 0.1266084 0.1193035 0.1366814 0.0868977 0.1015570 0.1094198 0.1482736 0.0957486 0.0993351 0.1470109 0.1529361 0.1470981 0.1064362 0.1360898 0.1360984 0.1032149 0.0565727 0.1039709 0.1366893 0.1214070 0.1197020 0.1150412 0.1017162 0.1703815 0.0809867 0.0562437 0.1311237 0.0677083 0.1594097 0.0972505 0.1096674 0.1591225 0.1102082 0.1261634 0.1204879 0.0887835 0.1304273 0.1241124 0.1266095 0.1088551 0.1492405 0.1278837 0.1074592 0.1299425 0.1230450 0.1498648 0.1291815 0.1288109 0.1598352 0.1283602 
S0412sl       0.1430808 0.0783217 0.1051215 0.0764990 0.1544178 0.0733818 0.1648445 0.0734087 0.0790533 0.0767490 0.0772843 0.1221265 0.1160748 0.0765812 0.1257464 0.0613194 0.1078578 0.0000010 0.1427558 0.0000010 0.0611653 0.0651272 0.0651823 0.0000000 0.0860793 0.1024819 0.0821430 0.1328739 0.0654991 0.0948545 0.0890140 0.1323779 0.0777895 0.0700178 0.0613966 0.0741186 0.0650094 0.0653345 0.0685969 0.0776027 0.1328739 0.1621689 0.0454911 0.1373258 0.0990029 0.0731299 0.1087819 0.0983376 0.0650216 0.1681971 0.1026119 0.0914973 0.0985364 0.0827128 0.1169954 0.0821824 0.0868725 0.1307480 0.1006040 0.0950855 0.0953200 0.1350824 0.1369094 0.1847582 0.1503839 0.1156982 0.1379326 0.1103361 0.1158811 0.1662835 0.1031636 0.1349072 0.0820922 0.1182510 0.1272672 0.0842569 0.0772792 0.1637940 0.0737523 0.0728922 0.1378020 0.0685587 0.0659977 0.0667439 0.1205228 0.0572094 0.0899186 0.1118034 0.1381896 0.1328739 0.0573644 0.0982205 0.1014715 0.0791228 0.0696307 0.0616282 0.0823545 0.0781170 0.0727350 0.1024451 0.0739052 0.1584074 0.0766113 0.0614605 0.1074867 0.0000010 0.1362678 0.0773566 0.0652916 0.1291781 0.0736441 0.0948957 0.0745382 0.0646966 0.0775611 0.0765134 0.0789513 0.0611803 0.1111303 0.0917706 0.0694088 0.1033485 0.0917036 0.1584726 0.0875566 0.0866363 0.1067819 0.0902202 
S0417         0.2152725 0.0983202 0.1152203 0.0671427 0.1472725 0.0982569 0.1285638 0.0651546 0.0967306 0.1064547 0.0676607 0.0982735 0.1096744 0.0482636 0.1059222 0.0578665 0.1237391 0.1195629 0.1163516 0.1237657 0.0829901 0.0948903 0.0966659 0.0860793 0.0000000 0.1105108 0.1189703 0.1193034 0.0582847 0.1062506 0.1248773 0.1321908 0.0876997 0.0929257 0.0585024 0.0766469 0.0962721 0.0864742 0.0798985 0.1161994 0.1269873 0.1855727 0.0998284 0.1212444 0.0986990 0.1002550 0.1108314 0.1078145 0.0851421 0.1386673 0.1127514 0.1049521 0.1201956 0.0848719 0.1221547 0.1045060 0.0795006 0.1128388 0.1172008 0.1073958 0.1043008 0.1491044 0.1351850 0.1758282 0.1193026 0.1073206 0.1431329 0.1181806 0.1211523 0.1785768 0.1111483 0.1538586 0.0991935 0.1144345 0.1134829 0.1124212 0.0983933 0.1732395 0.0960393 0.0991800 0.1062256 0.0581245 0.0848803 0.0850194 0.0953859 0.0725930 0.0697851 0.1112285 0.1140233 0.1166174 0.0804480 0.1116761 0.1039914 0.0844473 0.0806127 0.0824948 0.1095396 0.1087644 0.0955187 0.0857103 0.0880472 0.1176454 0.0647234 0.0801288 0.1104203 0.0714380 0.1437755 0.0833904 0.0832501 0.1403118 0.0886351 0.1032959 0.0961441 0.0603960 0.0968021 0.1016174 0.0911611 0.0782931 0.1071022 0.1040253 0.0958115 0.0961495 0.0932760 0.1655909 0.1060950 0.1057363 0.1216182 0.0987874 
S0419         0.1906450 0.0943013 0.0088472 0.1135009 0.0725600 0.0937352 0.1293104 0.0962936 0.0768639 0.1100346 0.1040826 0.0896755 0.0993120 0.0933035 0.1050620 0.0738816 0.1032974 0.0916072 0.1122863 0.1078756 0.0832097 0.0788808 0.1312358 0.1024819 0.1105108 0.0000000 0.1094412 0.1125440 0.0714739 0.0914864 0.1202933 0.1108193 0.0860936 0.0815304 0.0865545 0.0843548 0.0967961 0.0793190 0.0794305 0.0389859 0.1149755 0.1467129 0.0872703 0.1070898 0.0893751 0.1005667 0.0922458 0.0038085 0.0807538 0.0339428 0.0076515 0.0944748 0.0474242 0.1019632 0.0920931 0.1048697 0.0990366 0.1082172 0.0968909 0.0972293 0.0891424 0.1179490 0.0551438 0.1411399 0.0977815 0.1004976 0.1110764 0.1024740 0.1004114 0.1407682 0.0116030 0.1253820 0.0841229 0.1011198 0.1017615 0.1033437 0.0879978 0.1445386 0.0915816 0.0853768 0.0947849 0.0904865 0.0925001 0.0977025 0.0948889 0.0847197 0.1165800 0.0960262 0.1126781 0.1074259 0.0738823 0.0868169 0.0967780 0.0652118 0.0800461 0.0710634 0.1006162 0.0984288 0.0934347 0.1055498 0.0689086 0.1027027 0.1062257 0.0641476 0.0096362 0.0785715 0.0621670 0.0838337 0.0838439 0.0607418 0.0738743 0.0855922 0.0869708 0.1066555 0.0857411 0.1145833 0.0868425 0.0782507 0.1055090 0.0915451 0.0963713 0.0861323 0.0811068 0.1471758 0.0452409 0.0832851 0.1145948 0.0906464 
S0427         0.2001059 0.0775097 0.1230572 0.0910250 0.1272520 0.0770578 0.1374417 0.0936679 0.1048510 0.0721589 0.1009036 0.1187143 0.1247759 0.1076488 0.1347117 0.0856324 0.1282767 0.1157044 0.1258496 0.0287951 0.0670597 0.0740574 0.1421719 0.0821430 0.1189703 0.1094412 0.0000000 0.1261437 0.0840549 0.1160046 0.1105682 0.1267620 0.0696272 0.0698351 0.0883489 0.0983894 0.1119703 0.0726435 0.0674108 0.1204551 0.1288106 0.1936383 0.0958809 0.1307028 0.1116765 0.0767289 0.1234531 0.1116522 0.0647093 0.1434446 0.1166781 0.1115299 0.1294273 0.1152609 0.1161688 0.1171598 0.1092933 0.1267813 0.1266765 0.1163065 0.1158565 0.1175395 0.1129636 0.1652399 0.1351813 0.1199761 0.1278924 0.1174076 0.1194799 0.1772063 0.1227034 0.1543093 0.1074150 0.1260500 0.1160105 0.0841157 0.1117027 0.1715412 0.0722081 0.0737814 0.1369972 0.0955747 0.1027910 0.1078300 0.1198554 0.0798919 0.1059672 0.1042568 0.1185862 0.1208569 0.0624715 0.1002562 0.1138835 0.0997126 0.0726703 0.0552445 0.0763778 0.1203705 0.0677464 0.1193561 0.0984174 0.1442926 0.1055369 0.0645325 0.1143094 0.0656052 0.1127524 0.1009403 0.0630667 0.1262446 0.1039384 0.1067171 0.0699411 0.1012646 0.0673356 0.1221213 0.0699495 0.0786778 0.1394138 0.1122695 0.1059669 0.1073414 0.1114122 0.2018579 0.1081144 0.1042818 0.0516989 0.1173073 
S0430         0.2251680 0.1159981 0.1212537 0.1097385 0.1327633 0.1151908 0.0279454 0.1104352 0.1183728 0.1178984 0.1128251 0.0333553 0.0632008 0.1274624 0.0160710 0.0859955 0.1322177 0.0849347 0.0175578 0.0940941 0.1038330 0.0993467 0.1528414 0.1328739 0.1193034 0.1125440 0.1261437 0.0000000 0.0896057 0.1086025 0.1433399 0.0831053 0.1006230 0.1022150 0.0915971 0.0870510 0.1055199 0.1052204 0.1222713 0.1171919 0.0158823 0.2090402 0.1223857 0.0215119 0.1319528 0.1223141 0.1126404 0.1072978 0.1012074 0.1299166 0.1123127 0.1114048 0.1146279 0.1132818 0.0637646 0.0944537 0.1024726 0.0514478 0.1215657 0.1189854 0.1084918 0.1721849 0.0931269 0.1899509 0.1237038 0.0688124 0.0872600 0.1273980 0.1198004 0.2009473 0.1130893 0.1675613 0.1156027 0.1268916 0.0704026 0.1121920 0.1099396 0.2133960 0.1062277 0.1036901 0.1241289 0.1036697 0.1062566 0.1091038 0.0086808 0.0949778 0.1335298 0.0676008 0.0081740 0.0038213 0.0939642 0.0602891 0.1162167 0.1104521 0.1310437 0.0920634 0.1193399 0.1181635 0.1074693 0.1194522 0.1041163 0.1705626 0.1227000 0.1213689 0.1099440 0.0772697 0.0984876 0.0945417 0.1021883 0.0980845 0.1046955 0.1051224 0.1051860 0.1155526 0.1037608 0.1207573 0.1047745 0.1117949 0.1170758 0.1080010 0.1100986 0.1049897 0.1096724 0.2158651 0.1112209 0.1051854 0.1417656 0.1208321 
S0478         0.1812807 0.0630596 0.0756081 0.0582348 0.0912801 0.0604760 0.0954566 0.0410139 0.0613013 0.0662178 0.0516089 0.0647112 0.0871990 0.0372490 0.0901528 0.0237174 0.0846685 0.0673785 0.0845688 0.0601608 0.0467797 0.0534036 0.0774807 0.0654991 0.0582847 0.0714739 0.0840549 0.0896057 0.0000000 0.0732280 0.0920494 0.1001095 0.0579768 0.0558065 0.0343796 0.0451332 0.0494755 0.0432606 0.0551148 0.0772612 0.0939188 0.1592009 0.0669385 0.0892203 0.0735276 0.0669729 0.0779938 0.0668251 0.0488328 0.1021380 0.0713340 0.0713727 0.0800568 0.0542005 0.0876074 0.0572602 0.0540779 0.0872451 0.0807247 0.0759409 0.0709438 0.1171983 0.0917077 0.1468189 0.0923221 0.0860418 0.1254437 0.0836291 0.0863282 0.1477223 0.0764334 0.1253145 0.0661991 0.0823894 0.0898578 0.0669538 0.0631711 0.1453284 0.0605629 0.0596471 0.0724724 0.0236598 0.0432389 0.0499073 0.0665514 0.0388477 0.0628808 0.0767345 0.0882247 0.0847556 0.0466872 0.0773056 0.0779405 0.0544522 0.0530781 0.0437302 0.0709041 0.0657042 0.0603550 0.0711984 0.0537943 0.0890929 0.0539442 0.0490790 0.0691594 0.0370001 0.0969714 0.0427655 0.0492790 0.0944627 0.0497007 0.0631469 0.0584909 0.0518703 0.0621870 0.0701041 0.0627950 0.0426946 0.0885419 0.0634816 0.0492512 0.0658353 0.0678474 0.1458552 0.0752964 0.0654014 0.0911471 0.0724410 
S0552sl       0.1806599 0.0927069 0.0905375 0.1096275 0.1119670 0.0902833 0.1253874 0.0984190 0.0629723 0.1034921 0.1052295 0.1002657 0.1131358 0.0746137 0.0855056 0.0658162 0.0837477 0.0924502 0.1107822 0.1292661 0.0797221 0.0800066 0.1393106 0.0948545 0.1062506 0.0914864 0.1160046 0.1086025 0.0732280 0.0000000 0.1135003 0.1249148 0.0798306 0.0827014 0.0807443 0.0761679 0.0927002 0.0688507 0.0677956 0.0881662 0.1160118 0.1887307 0.0991379 0.1105378 0.0737865 0.0947745 0.0250170 0.0889067 0.0772550 0.1229769 0.0936917 0.0340206 0.0956842 0.0841921 0.1007593 0.0944512 0.0934510 0.1057402 0.0449412 0.0258660 0.0196042 0.1337883 0.1073286 0.1746346 0.0925880 0.0919263 0.1054538 0.0611270 0.0522795 0.1838613 0.0992655 0.1559778 0.0339559 0.0892594 0.0932756 0.1026682 0.0651590 0.1770806 0.0878547 0.0865955 0.0876089 0.0800582 0.0855007 0.0906247 0.0782804 0.0693724 0.1201363 0.1007116 0.1084162 0.1058941 0.0795499 0.0873248 0.0844971 0.0586243 0.0727273 0.0699108 0.0965457 0.0658088 0.0899908 0.1074281 0.0605089 0.0984988 0.1018442 0.0722936 0.0914100 0.0997915 0.1153703 0.0800629 0.0827000 0.1125531 0.0605396 0.0580699 0.0858300 0.0972732 0.0842337 0.1039592 0.0856366 0.0770347 0.0871624 0.0632730 0.0895712 0.0320351 0.0608200 0.1399109 0.0807080 0.0647125 0.1213378 0.0749312 
