127
PAFTOL_019361 0.0000000 0.2858422 0.2895615 0.2994511 0.2918052 0.3247912 0.3208324 0.2980194 0.3159421 0.3011097 0.3038560 0.3067109 0.2803535 0.3146729 0.2981129 0.2948607 0.3112457 0.3521693 0.2928613 0.3087533 0.3032086 0.3111955 0.3189950 0.2660840 0.2963264 0.3150936 0.3196396 0.3049485 0.3142290 0.3031686 0.3315445 0.2944096 0.2928857 0.2972071 0.3450955 0.3089479 0.3036732 0.3010964 0.3145996 0.3316652 0.3259849 0.3727578 0.3205678 0.3203864 0.3223581 0.2975264 0.2954277 0.3108493 0.2921817 0.3195149 0.3523584 0.3098894 0.3440445 0.2980223 0.2879097 0.3218947 0.2930126 0.3272013 0.2970131 0.3044163 0.2859935 0.3001840 0.3576598 0.3540263 0.3070268 0.3089271 0.3309595 0.3402933 0.3571150 0.2904460 0.3512674 0.3130019 0.3182821 0.2803385 0.3285058 0.3094240 0.2980359 0.3480903 0.3149433 0.2861209 0.2713600 0.2824252 0.2835943 0.3033974 0.3090254 0.2996425 0.2876443 0.3380941 0.3085610 0.3104822 0.2913014 0.3557726 0.2993860 0.2963788 0.2833924 0.3087841 0.3013259 0.3016716 0.3202004 0.2903657 0.3195941 0.3156516 0.2996903 0.2868763 0.3121393 0.3084786 0.3578931 0.3056087 0.2953071 0.3033888 0.2742792 0.2990849 0.2795890 0.3044254 0.3149433 0.2937998 0.3074358 0.2867358 0.2918593 0.3079240 0.2826188 0.3073572 0.3326737 0.3256553 0.2820949 0.2744469 0.3058816 
S0055         0.2858422 0.0000000 0.0891869 0.0728664 0.0473699 0.0768314 0.0782759 0.0636113 0.0390946 0.0800076 0.0901551 0.0913167 0.0844241 0.0956706 0.0765808 0.0893744 0.0723258 0.1121735 0.0370194 0.0299692 0.0471626 0.0976848 0.0700453 0.0513587 0.0831141 0.0576818 0.0870790 0.0768540 0.1014904 0.0683307 0.0804292 0.0749859 0.0497512 0.0510317 0.0970392 0.0749556 0.0800505 0.0404081 0.0446139 0.1057076 0.0846667 0.1667675 0.0905841 0.0918417 0.0368309 0.0710017 0.0886767 0.0447412 0.0838445 0.0765590 0.1169874 0.0641090 0.1026872 0.0735988 0.0718036 0.0848181 0.0755854 0.0811845 0.0742959 0.0841913 0.0711896 0.0799864 0.1305023 0.2013062 0.1026396 0.0767827 0.0718259 0.0771781 0.1967958 0.0857483 0.1825359 0.0612742 0.0829441 0.0577458 0.0846951 0.0387878 0.0835327 0.1668192 0.0446989 0.0445179 0.0750160 0.0581708 0.0576537 0.0746806 0.0844468 0.0791052 0.0760649 0.1072085 0.0752858 0.0757405 0.0416185 0.0961138 0.0648215 0.0724489 0.0396906 0.0443146 0.0179017 0.0767624 0.0542872 0.0571705 0.0952826 0.0755401 0.0855433 0.0397391 0.0949801 0.0903736 0.1238017 0.0765380 0.0395016 0.0817513 0.0556688 0.0442253 0.0778174 0.0294546 0.0725174 0.0349115 0.0393393 0.0567512 0.0906592 0.0764750 0.0681285 0.0748630 0.1201731 0.0937420 0.0722710 0.0393455 0.0719189 
S0196sl       0.2895615 0.0891869 0.0000000 0.0781027 0.1100948 0.0608699 0.0781291 0.0865553 0.0921266 0.0802605 0.0609282 0.0779909 0.0812502 0.0635583 0.0838226 0.1046033 0.1048299 0.0815528 0.1051043 0.0877580 0.1032188 0.1006012 0.1355757 0.0599679 0.0110460 0.1179242 0.0780273 0.0485812 0.1131659 0.0896291 0.0605341 0.0893479 0.0943062 0.1056023 0.0819894 0.0782630 0.0874191 0.1049508 0.1058834 0.0522186 0.0609241 0.1940616 0.0617058 0.0999625 0.1027088 0.0865176 0.0088083 0.1062090 0.0088678 0.1046486 0.0653168 0.0833743 0.0770708 0.0672450 0.0876857 0.1115143 0.0834225 0.0626197 0.0833968 0.0945778 0.0867567 0.0961326 0.0754801 0.2159179 0.0922749 0.0495617 0.0997028 0.0992600 0.2075453 0.0065757 0.2095188 0.0831853 0.0961456 0.0753462 0.0644971 0.1102467 0.0861382 0.2015863 0.1066351 0.0896141 0.0776593 0.0558167 0.0597553 0.0716753 0.0584196 0.0814492 0.0754552 0.0783593 0.0466266 0.0523130 0.0959328 0.0823342 0.0941865 0.0967545 0.0965431 0.0994771 0.0867849 0.0823744 0.1178307 0.0600964 0.0919155 0.0991124 0.0858376 0.0823973 0.0179380 0.0906621 0.0698031 0.0820498 0.0995330 0.0876187 0.0776759 0.0987917 0.0946727 0.0839567 0.0773718 0.0941143 0.0955412 0.0889225 0.1182760 0.0844988 0.0925481 0.0911340 0.1130329 0.0405091 0.0954614 0.0959531 0.0846778 
S0278         0.2994511 0.0728664 0.0781027 0.0000000 0.0954200 0.0831449 0.0348940 0.0582389 0.0899084 0.0476186 0.0879688 0.0991991 0.0382144 0.0969100 0.0532751 0.0861226 0.0774702 0.1136227 0.0723418 0.0823386 0.0919192 0.0516467 0.1157744 0.0193524 0.0779397 0.0930087 0.0503683 0.0713076 0.0781030 0.0610452 0.0804837 0.0369227 0.0828670 0.0932621 0.0619224 0.0535792 0.0703630 0.0747952 0.0914398 0.0882895 0.0852220 0.1919669 0.0827113 0.0951698 0.0878533 0.0636934 0.0776528 0.0851516 0.0782639 0.0802399 0.1022576 0.0556622 0.1117427 0.0508133 0.0483986 0.0912418 0.0486961 0.0900981 0.0751869 0.0737990 0.0610830 0.0671910 0.1136873 0.2011860 0.0867478 0.0786909 0.0700677 0.0761651 0.1862033 0.0748039 0.1902826 0.0585045 0.0729758 0.0851670 0.0893291 0.0837304 0.0807479 0.1793648 0.0921045 0.0812594 0.0639553 0.0239574 0.0434951 0.0515122 0.0877293 0.0597916 0.0276843 0.0987819 0.0755481 0.0728681 0.0849043 0.1010599 0.0762412 0.0762489 0.0824110 0.0844638 0.0850552 0.0826935 0.0879329 0.0245585 0.0751513 0.0693074 0.0396070 0.0740583 0.0867637 0.0487014 0.1072842 0.0565006 0.0853051 0.0778069 0.0639302 0.0841721 0.0373348 0.0614481 0.0480449 0.0774873 0.0729512 0.0678392 0.0919670 0.0619599 0.0712320 0.0752751 0.1177100 0.0676125 0.0810132 0.0777278 0.0723407 
S0282         0.2918052 0.0473699 0.1100948 0.0954200 0.0000000 0.1057832 0.1012446 0.0826407 0.0175811 0.1035637 0.1215849 0.1089712 0.0983653 0.1245775 0.0981215 0.0955795 0.0796641 0.1377721 0.0534447 0.0189057 0.0253446 0.1225866 0.0871455 0.0707063 0.1035034 0.0812384 0.1121682 0.1074427 0.1219030 0.0819799 0.1102814 0.1006170 0.0478972 0.0309171 0.1178924 0.0982062 0.1000589 0.0568720 0.0228426 0.1209917 0.1125821 0.1959556 0.1188849 0.1168878 0.0550444 0.0848137 0.1094593 0.0205469 0.1103851 0.0937573 0.1364698 0.0891833 0.1247815 0.0928616 0.0991278 0.1025424 0.0941964 0.1115576 0.0977464 0.0983463 0.0850509 0.0944815 0.1353300 0.2130570 0.1125535 0.1097721 0.0820581 0.0846673 0.2213313 0.1063049 0.2058213 0.0862025 0.0976516 0.0717024 0.1059677 0.0552756 0.1032371 0.1950206 0.0204099 0.0402948 0.0796616 0.0777043 0.0787349 0.0922509 0.1118212 0.0953343 0.0921860 0.1296372 0.1025587 0.0986780 0.0203335 0.1115602 0.0700396 0.0859503 0.0156823 0.0227834 0.0583010 0.0971424 0.0717123 0.0678272 0.1108633 0.0925789 0.1089221 0.0354765 0.1223356 0.1117682 0.1285150 0.0920525 0.0134935 0.1025053 0.0629255 0.0690305 0.1039239 0.0479680 0.0981829 0.0483469 0.0531448 0.0729632 0.0969826 0.0992212 0.0842334 0.0894380 0.1578679 0.1159843 0.0803498 0.0637419 0.0859305 
S0288         0.3247912 0.0768314 0.0608699 0.0831449 0.1057832 0.0000000 0.0898371 0.0804361 0.1078665 0.0861749 0.0312854 0.0648299 0.0873467 0.0396304 0.0923466 0.1102835 0.1001114 0.0455156 0.0930311 0.1005754 0.1101359 0.1041589 0.1219200 0.0679474 0.0700226 0.0973732 0.1036945 0.0267824 0.1070184 0.0895321 0.0523909 0.0956850 0.0992433 0.1167699 0.1042746 0.1005470 0.0969981 0.0978875 0.1089195 0.0690707 0.0210823 0.1878510 0.0317069 0.1100811 0.1045749 0.0927523 0.0669837 0.1052526 0.0641769 0.1100158 0.0744263 0.1025082 0.0674367 0.0803129 0.0826735 0.1123436 0.0814820 0.0422897 0.0896702 0.0913738 0.0900601 0.0997154 0.0907253 0.2047711 0.1089374 0.0419738 0.1044646 0.1039410 0.1666855 0.0638640 0.1833794 0.0762910 0.1035100 0.0841430 0.0580836 0.1100653 0.0794982 0.1796101 0.1046115 0.0967059 0.1009741 0.0672777 0.0714666 0.0816556 0.0260015 0.0984145 0.0936355 0.0609791 0.0183237 0.0128537 0.1049847 0.0674567 0.0890695 0.1021110 0.0977433 0.1091753 0.0673112 0.0884748 0.1051045 0.0661147 0.0995625 0.0976766 0.0845199 0.0954122 0.0733770 0.0971364 0.0839976 0.0830866 0.0979636 0.0788500 0.0826382 0.1036421 0.0924911 0.0737290 0.0861793 0.1060543 0.1004150 0.0919068 0.1158633 0.0939433 0.0864321 0.1044750 0.0950228 0.0638205 0.0897522 0.0923856 0.0895958 
S0289         0.3208324 0.0782759 0.0781291 0.0348940 0.1012446 0.0898371 0.0000000 0.0634009 0.0962587 0.0398664 0.0905949 0.1181009 0.0433850 0.0994567 0.0611263 0.0946872 0.0827865 0.1162470 0.0776174 0.0889578 0.0976773 0.0545089 0.1147435 0.0243761 0.0722421 0.0894689 0.0613517 0.0709382 0.0867663 0.0771986 0.0890383 0.0450362 0.0883511 0.1027906 0.0650294 0.0557820 0.0816091 0.0835623 0.0971675 0.0970237 0.0879224 0.2101280 0.0912748 0.1073782 0.0874594 0.0799491 0.0776780 0.0974665 0.0782902 0.0856901 0.1082219 0.0612491 0.1272488 0.0561702 0.0512776 0.1036754 0.0551203 0.1040680 0.0864708 0.0908378 0.0718946 0.0779235 0.1159366 0.2272584 0.0968788 0.1005058 0.0837652 0.0871876 0.2146889 0.0748273 0.2154435 0.0639563 0.0838797 0.0883974 0.1057720 0.0865489 0.0809967 0.2053038 0.0978680 0.0867802 0.0774186 0.0264563 0.0487791 0.0569540 0.0903468 0.0567574 0.0382004 0.1126061 0.0781825 0.0753078 0.0905099 0.1133031 0.0877300 0.0847296 0.0880037 0.0874017 0.0786796 0.0881333 0.0843920 0.0296428 0.0894092 0.0807370 0.0424319 0.0795614 0.0867960 0.0515170 0.1095291 0.0704116 0.0909388 0.0870374 0.0720048 0.0837925 0.0475253 0.0727331 0.0528928 0.0797018 0.0750606 0.0732335 0.1016279 0.0729210 0.0765251 0.0835275 0.1305723 0.0730035 0.0894989 0.0748187 0.0806204 
S0292         0.2980194 0.0636113 0.0865553 0.0582389 0.0826407 0.0804361 0.0634009 0.0000000 0.0798671 0.0683684 0.0729491 0.0944345 0.0692417 0.0884230 0.0829886 0.0603277 0.0474870 0.1074379 0.0635065 0.0750633 0.0793167 0.0848244 0.0889924 0.0398274 0.0805142 0.0834981 0.0803658 0.0675673 0.0909868 0.0417168 0.0624748 0.0627787 0.0792305 0.0873162 0.0818926 0.0718621 0.0930799 0.0797497 0.0789084 0.0937638 0.0738485 0.2042378 0.0795426 0.0947913 0.0755775 0.0441803 0.0860580 0.0791478 0.0867462 0.0542277 0.1078033 0.0827189 0.0994540 0.0668192 0.0835250 0.0695804 0.0792490 0.0728840 0.0547099 0.0531160 0.0417398 0.0420977 0.1106472 0.2125615 0.0908255 0.0819464 0.0503356 0.0501179 0.2021105 0.0831420 0.2003033 0.0664485 0.0473051 0.0490694 0.0875090 0.0688499 0.0395454 0.1941596 0.0794878 0.0664620 0.0475881 0.0469985 0.0564438 0.0652975 0.0759598 0.0931683 0.0720694 0.0893917 0.0608621 0.0667889 0.0673825 0.0959846 0.0536488 0.0252473 0.0702536 0.0759110 0.0699219 0.0429357 0.0806758 0.0511035 0.0373261 0.0226083 0.0678123 0.0647633 0.0979593 0.0782227 0.1042796 0.0820097 0.0730329 0.0370853 0.0421534 0.0746626 0.0683244 0.0638304 0.0659070 0.0735782 0.0746494 0.0355960 0.0663532 0.0870926 0.0514382 0.0547995 0.1280958 0.0813571 0.0554972 0.0659657 0.0494944 
S0293         0.3159421 0.0390946 0.0921266 0.0899084 0.0175811 0.1078665 0.0962587 0.0798671 0.0000000 0.0929851 0.1106677 0.1023405 0.1006852 0.1204420 0.0861684 0.0840247 0.0765344 0.1288126 0.0454787 0.0159510 0.0203329 0.1237890 0.0740635 0.0642244 0.0923176 0.0726281 0.1066530 0.0943779 0.1009902 0.0824112 0.0887584 0.0894324 0.0422389 0.0255390 0.1062821 0.0901804 0.0922829 0.0476389 0.0176223 0.1152406 0.1053291 0.1844137 0.1116372 0.1044195 0.0530294 0.0855599 0.0987359 0.0150146 0.0958292 0.0924330 0.1247636 0.0775333 0.1078820 0.0845279 0.0812461 0.0946626 0.0885537 0.1004690 0.0960227 0.0984476 0.0858257 0.0888252 0.1242060 0.1951822 0.1090365 0.0987764 0.0900279 0.0895816 0.1804560 0.0953457 0.1838609 0.0803123 0.0936192 0.0633470 0.0944415 0.0532766 0.0884982 0.1714996 0.0147700 0.0393149 0.0768281 0.0772660 0.0690928 0.0836450 0.1042767 0.0906158 0.0897351 0.1125624 0.0930720 0.0974580 0.0174715 0.1040723 0.0658619 0.0866839 0.0174416 0.0201535 0.0449878 0.0950220 0.0653898 0.0690470 0.0993612 0.0871795 0.1084717 0.0339876 0.1057095 0.1157299 0.1168008 0.0765305 0.0098813 0.0875701 0.0582108 0.0654387 0.0993325 0.0421360 0.0903610 0.0455792 0.0447369 0.0686246 0.0917556 0.0878097 0.0787613 0.0871152 0.1287405 0.1087523 0.0706853 0.0507226 0.0866145 
S0299         0.3011097 0.0800076 0.0802605 0.0476186 0.1035637 0.0861749 0.0398664 0.0683684 0.0929851 0.0000000 0.0893373 0.1145384 0.0533566 0.1012905 0.0718741 0.0999230 0.0909867 0.1138576 0.0857569 0.0922006 0.0999879 0.0648207 0.1182392 0.0345129 0.0800934 0.0947141 0.0607997 0.0797670 0.0921035 0.0765522 0.0789632 0.0501942 0.0868368 0.1055755 0.0815359 0.0579163 0.0723291 0.0859657 0.0994676 0.0993165 0.0901912 0.2113177 0.0931543 0.0881470 0.0897404 0.0792798 0.0798003 0.0997723 0.0804282 0.0908373 0.1138032 0.0580476 0.1179736 0.0533515 0.0573425 0.1090974 0.0718918 0.0970129 0.0794723 0.0779590 0.0660336 0.0830466 0.1281336 0.2272528 0.0926720 0.0957645 0.0898581 0.0894621 0.2103741 0.0769497 0.2186462 0.0636432 0.0890613 0.0814157 0.1043086 0.0886006 0.0822187 0.2085233 0.0962775 0.0890493 0.0825160 0.0260648 0.0460064 0.0540896 0.0956505 0.0622026 0.0480520 0.1046346 0.0804587 0.0806132 0.0927945 0.1158969 0.0870046 0.0872311 0.0902957 0.0962927 0.0867660 0.0817318 0.1042882 0.0344705 0.0886548 0.0858860 0.0496528 0.0846932 0.0914341 0.0560871 0.1215527 0.0640945 0.0932324 0.0830528 0.0742511 0.0886631 0.0524322 0.0774158 0.0607243 0.0815056 0.0835786 0.0754443 0.1004588 0.0639444 0.0714590 0.0917896 0.1402111 0.0810053 0.0862251 0.0852460 0.0857556 
S0303         0.3038560 0.0901551 0.0609282 0.0879688 0.1215849 0.0312854 0.0905949 0.0729491 0.1106677 0.0893373 0.0000000 0.0700656 0.0822330 0.0252305 0.1057850 0.1117521 0.0971397 0.0455147 0.0993107 0.1037329 0.1143855 0.1012361 0.1220348 0.0635812 0.0632038 0.1024644 0.0973128 0.0178880 0.1199526 0.0933548 0.0462286 0.0961535 0.1051111 0.1235274 0.1011550 0.0903383 0.1058895 0.1124049 0.1171170 0.0717039 0.0189108 0.2042529 0.0227269 0.1133969 0.1039449 0.0962580 0.0605771 0.1174835 0.0610365 0.1086382 0.0823496 0.1072643 0.0695241 0.0909460 0.0883028 0.1180563 0.0884758 0.0418195 0.0781980 0.1011377 0.0848336 0.1004458 0.0975214 0.2271150 0.0999546 0.0471288 0.1036363 0.1031726 0.2171761 0.0578862 0.2142750 0.0866329 0.1036721 0.0913074 0.0531551 0.1084443 0.0838389 0.2082237 0.1179485 0.1058771 0.0966901 0.0646284 0.0798318 0.0896236 0.0275552 0.0964399 0.0975485 0.0585780 0.0137135 0.0210911 0.1039329 0.0674826 0.0891684 0.0918246 0.1073644 0.1104359 0.0810476 0.0833986 0.1100854 0.0731557 0.0934636 0.0910847 0.0859807 0.0985000 0.0715590 0.0916647 0.0914043 0.1011498 0.1104836 0.0884243 0.0805030 0.0999698 0.0956854 0.0793192 0.0810943 0.1049033 0.0993689 0.0870275 0.1193113 0.1059088 0.1020565 0.1039101 0.1211492 0.0616080 0.0954526 0.0992848 0.0906307 
S0308         0.3067109 0.0913167 0.0779909 0.0991991 0.1089712 0.0648299 0.1181009 0.0944345 0.1023405 0.1145384 0.0700656 0.0000000 0.1075899 0.0760336 0.1089109 0.1066983 0.1010791 0.0916490 0.0941801 0.0987052 0.1095664 0.1306094 0.1138270 0.0754866 0.0802990 0.1074336 0.1138561 0.0611108 0.1328342 0.1003119 0.0584237 0.1109945 0.1054364 0.1107667 0.1232116 0.1130223 0.1042736 0.1198269 0.1123096 0.0765963 0.0647265 0.2329224 0.0651315 0.1240171 0.1106328 0.1032800 0.0775426 0.1126635 0.0781523 0.1159681 0.0872176 0.1191385 0.0630393 0.1005926 0.0915979 0.1189263 0.1067011 0.0588355 0.1032242 0.1188385 0.1035804 0.1201323 0.0967112 0.2474763 0.1188363 0.0470549 0.1108999 0.1168897 0.2325083 0.0747003 0.2337045 0.0968568 0.1201709 0.0850769 0.0507392 0.1128814 0.1059765 0.2269089 0.1098066 0.1011560 0.1009960 0.0856406 0.0892035 0.0989260 0.0589813 0.1193749 0.1030119 0.0737991 0.0524735 0.0556265 0.1019364 0.0631638 0.0934368 0.1116255 0.0993951 0.1056504 0.0976351 0.0968183 0.1206721 0.0845830 0.1121478 0.1074567 0.1232311 0.0997250 0.0891388 0.1201861 0.0906519 0.1047853 0.1057019 0.0979584 0.0755503 0.1157264 0.1187584 0.0973709 0.1060389 0.1065421 0.1031667 0.0940295 0.1195814 0.1172150 0.1124762 0.1084330 0.1467101 0.0725508 0.0845143 0.1036246 0.1005328 
S0320         0.2803535 0.0844241 0.0812502 0.0382144 0.0983653 0.0873467 0.0433850 0.0692417 0.1006852 0.0533566 0.0822330 0.1075899 0.0000000 0.0973196 0.0731268 0.0954728 0.0810560 0.1066727 0.0842731 0.0935237 0.0948361 0.0546422 0.1191464 0.0273473 0.0810795 0.0938439 0.0648482 0.0675064 0.0833940 0.0750090 0.0909074 0.0537569 0.0886212 0.1035480 0.0766917 0.0648305 0.0787917 0.0905959 0.0943415 0.1015382 0.0794417 0.2254955 0.0830819 0.1038808 0.0973884 0.0777592 0.0807809 0.0946312 0.0781349 0.0893993 0.1129002 0.0613321 0.1191744 0.0587487 0.0511971 0.1036007 0.0620386 0.0965399 0.0842569 0.0818464 0.0697032 0.0815398 0.1233216 0.2178067 0.1038774 0.0857090 0.0875369 0.0871496 0.2195741 0.0779020 0.2218012 0.0641705 0.0875966 0.0915602 0.0976062 0.0899743 0.0869149 0.2096956 0.0950235 0.0840689 0.0719457 0.0214739 0.0513798 0.0600727 0.0754822 0.0662423 0.0409339 0.1058047 0.0698667 0.0672115 0.0877528 0.1098653 0.0769105 0.0911025 0.0852560 0.0911959 0.0971003 0.0887791 0.0944525 0.0380123 0.0897586 0.0869624 0.0424499 0.0768664 0.0925273 0.0431609 0.1167750 0.0676926 0.0881675 0.0877811 0.0663960 0.0935379 0.0483110 0.0762853 0.0559938 0.0774829 0.0849952 0.0680021 0.1024612 0.0701895 0.0861341 0.0877025 0.1246988 0.0768836 0.0835510 0.0779963 0.0842722 
S0322         0.3146729 0.0956706 0.0635583 0.0969100 0.1245775 0.0396304 0.0994567 0.0884230 0.1204420 0.1012905 0.0252305 0.0760336 0.0973196 0.0000000 0.1091761 0.1219824 0.0975887 0.0402333 0.0899764 0.1096315 0.1202842 0.1073787 0.1344696 0.0787607 0.0688907 0.0987146 0.1134009 0.0260084 0.1153203 0.0989141 0.0519249 0.1084149 0.1109118 0.1296329 0.1105870 0.0966721 0.1125657 0.1117343 0.1230218 0.0772988 0.0164270 0.2030562 0.0204954 0.1261400 0.1065508 0.1018448 0.0662162 0.1234065 0.0667254 0.1084921 0.0850776 0.1075496 0.0754442 0.0973235 0.0884089 0.1205986 0.0993739 0.0470476 0.0890828 0.1094861 0.0959700 0.1120048 0.1003720 0.2279727 0.1125655 0.0530499 0.1061504 0.1088653 0.2103826 0.0634702 0.2114485 0.0901040 0.1120334 0.0984574 0.0561296 0.1141710 0.0988310 0.2089966 0.1238868 0.1115934 0.1064920 0.0763134 0.0864933 0.0930077 0.0325471 0.1068322 0.1040915 0.0695619 0.0162289 0.0236553 0.1065405 0.0704406 0.0960372 0.1085278 0.1131492 0.1128485 0.0864444 0.0906127 0.1158945 0.0820100 0.1058702 0.1076306 0.0977601 0.1042141 0.0774229 0.0976307 0.0942075 0.1046496 0.1133906 0.0990018 0.0866343 0.1025470 0.1078807 0.0903550 0.0871110 0.1106980 0.0987913 0.0936468 0.1298416 0.1066724 0.1077017 0.1032993 0.1242452 0.0669236 0.1019226 0.1017254 0.0930579 
S0327         0.2981129 0.0765808 0.0838226 0.0532751 0.0981215 0.0923466 0.0611263 0.0829886 0.0861684 0.0718741 0.1057850 0.1089109 0.0731268 0.1091761 0.0000000 0.0969116 0.0901590 0.1229950 0.0748670 0.0931418 0.1017761 0.0737839 0.1105049 0.0482819 0.0778335 0.0956518 0.0646403 0.0913144 0.0638720 0.0809064 0.0856216 0.0503327 0.1016629 0.1075351 0.0642892 0.0646497 0.0733323 0.0781407 0.1012396 0.1025657 0.1005148 0.1898848 0.0972914 0.1168639 0.0860921 0.0833288 0.0833413 0.1015536 0.0840041 0.0921153 0.1170476 0.0617116 0.1084535 0.0615793 0.0485151 0.1002130 0.0642160 0.0981964 0.0903725 0.1000632 0.0864606 0.0868233 0.1216910 0.2056381 0.1155994 0.0821169 0.0998721 0.1025553 0.1902567 0.0804470 0.1944367 0.0621377 0.0954988 0.0968198 0.1033632 0.0876341 0.0914676 0.1882398 0.0947855 0.0906325 0.0742406 0.0502605 0.0511848 0.0652555 0.0965564 0.0421868 0.0616716 0.1059575 0.0843303 0.0817306 0.0944488 0.1088706 0.0877763 0.0996449 0.0850359 0.0980126 0.0881645 0.1043115 0.0910707 0.0375058 0.1100913 0.0914126 0.0794519 0.0833465 0.0926167 0.0705629 0.1152157 0.0671611 0.0949010 0.0844600 0.0685891 0.0824029 0.0661591 0.0763564 0.0455732 0.0898733 0.0765290 0.0842651 0.1010898 0.0677792 0.0886430 0.0900928 0.1218357 0.0755749 0.0803191 0.0716964 0.0774936 
S0335         0.2948607 0.0893744 0.1046033 0.0861226 0.0955795 0.1102835 0.0946872 0.0603277 0.0840247 0.0999230 0.1117521 0.1066983 0.0954728 0.1219824 0.0969116 0.0000000 0.0603434 0.1336904 0.0862333 0.0724426 0.0920708 0.1150437 0.1149862 0.0562080 0.0982115 0.1044502 0.0954163 0.1074786 0.1252513 0.0714438 0.0983593 0.0937318 0.0972737 0.0908797 0.1057782 0.0778204 0.1088730 0.1015855 0.0915897 0.1096890 0.1104603 0.2088992 0.1102488 0.1080056 0.1051008 0.0741466 0.1040068 0.0918716 0.1014992 0.0691007 0.1210930 0.0863662 0.1214630 0.0929961 0.0969336 0.0850999 0.0983353 0.0990643 0.0859662 0.0872340 0.0714899 0.0774765 0.1329575 0.2212269 0.0970758 0.1035184 0.0760540 0.0757179 0.2063110 0.1009417 0.2044733 0.0894902 0.0750110 0.0572883 0.1006642 0.0924208 0.0799202 0.2025048 0.0922565 0.0869151 0.0630473 0.0664076 0.0851989 0.0944118 0.1055809 0.0963794 0.0954921 0.1156714 0.0933136 0.0936634 0.0850399 0.1155785 0.0592511 0.0700651 0.0825419 0.0884566 0.0951160 0.0794808 0.1069165 0.0573201 0.0773368 0.0655033 0.0990729 0.0853833 0.1165183 0.1047210 0.1262433 0.1031120 0.0854420 0.0694290 0.0425050 0.1038460 0.0912734 0.0866905 0.0858187 0.0917795 0.0925548 0.0482619 0.0398086 0.1006118 0.0766475 0.0748638 0.1587579 0.0904389 0.0559620 0.0829171 0.0691213 
S0345         0.3112457 0.0723258 0.1048299 0.0774702 0.0796641 0.1001114 0.0827865 0.0474870 0.0765344 0.0909867 0.0971397 0.1010791 0.0810560 0.0975887 0.0901590 0.0603434 0.0000000 0.1144364 0.0665822 0.0793147 0.0830431 0.0966315 0.0998612 0.0478227 0.0984275 0.0813204 0.0927081 0.0942039 0.1085381 0.0632014 0.0866627 0.0879085 0.0885815 0.0912611 0.0840343 0.0746770 0.0939123 0.0706564 0.0826119 0.1028529 0.0922018 0.2062249 0.0923864 0.1049457 0.0846865 0.0658448 0.1042316 0.0828647 0.1050934 0.0633210 0.1170404 0.0834919 0.1117513 0.0840963 0.0904394 0.0791348 0.0862918 0.0905709 0.0773340 0.0784700 0.0632406 0.0690453 0.1270208 0.2145141 0.0916234 0.0891700 0.0619277 0.0672435 0.2040843 0.1011617 0.2022757 0.0836241 0.0719054 0.0403268 0.0943541 0.0748712 0.0681477 0.1911334 0.0765492 0.0727650 0.0576847 0.0637501 0.0677524 0.0797598 0.0938490 0.0999816 0.0895602 0.1067500 0.0757020 0.0788623 0.0708324 0.1058617 0.0381426 0.0595486 0.0674220 0.0765119 0.0807412 0.0766111 0.0865594 0.0627122 0.0692371 0.0527486 0.0902225 0.0682259 0.1167619 0.0899266 0.1203823 0.0845373 0.0766300 0.0644449 0.0401791 0.0836617 0.0829066 0.0779778 0.0829631 0.0772088 0.0724791 0.0158518 0.0636328 0.0939880 0.0683060 0.0609728 0.1475760 0.0906442 0.0559694 0.0747071 0.0608967 
S0355         0.3521693 0.1121735 0.0815528 0.1136227 0.1377721 0.0455156 0.1162470 0.1074379 0.1288126 0.1138576 0.0455147 0.0916490 0.1066727 0.0402333 0.1229950 0.1336904 0.1144364 0.0000000 0.1121096 0.1226527 0.1383579 0.1309654 0.1571382 0.0922934 0.0838803 0.1153886 0.1321783 0.0374481 0.1432181 0.1156032 0.0691819 0.1221320 0.1285346 0.1484979 0.1264530 0.1074135 0.1301115 0.1255796 0.1411569 0.0844228 0.0339815 0.2346647 0.0379412 0.1255889 0.1299478 0.1186653 0.0810804 0.1416032 0.0817272 0.1256998 0.0953896 0.1246174 0.0811145 0.1141106 0.0956343 0.1387053 0.1031386 0.0607727 0.1051612 0.1224915 0.1125314 0.1294365 0.1234367 0.2652255 0.1275282 0.0643091 0.1097661 0.1061336 0.2543457 0.0781896 0.2509681 0.1092206 0.1294872 0.1059250 0.0647439 0.1281959 0.1122082 0.2452542 0.1339647 0.1289688 0.1171298 0.0854486 0.1059867 0.1159537 0.0452486 0.1142861 0.1274490 0.0847020 0.0336610 0.0261916 0.1299549 0.0791149 0.1099625 0.1226769 0.1307598 0.1304531 0.1024318 0.1166935 0.1336239 0.0929032 0.1291215 0.1278109 0.1142296 0.1214626 0.0928750 0.1205239 0.1168729 0.1203250 0.1340832 0.1112142 0.0899859 0.1255477 0.1249885 0.1066791 0.1032239 0.1283019 0.1154563 0.1068284 0.1372600 0.1239384 0.1247968 0.1203604 0.1425632 0.0764520 0.1054636 0.1152091 0.1094763 
S0376         0.2928613 0.0370194 0.1051043 0.0723418 0.0534447 0.0930311 0.0776174 0.0635065 0.0454787 0.0857569 0.0993107 0.0941801 0.0842731 0.0899764 0.0748670 0.0862333 0.0665822 0.1121096 0.0000000 0.0362452 0.0454977 0.1000921 0.0742653 0.0540192 0.0986860 0.0393295 0.0873234 0.0870637 0.1013772 0.0682171 0.0802245 0.0773134 0.0531936 0.0545877 0.0998437 0.0778046 0.0855571 0.0457051 0.0479286 0.1056577 0.0842323 0.1777911 0.0846746 0.1021661 0.0473952 0.0708827 0.1045043 0.0480688 0.1053704 0.0767695 0.1200448 0.0722062 0.1056774 0.0759605 0.0678397 0.0780788 0.0860526 0.0870317 0.0799272 0.0870200 0.0738388 0.0798473 0.1168879 0.2065085 0.1069613 0.0916155 0.0809882 0.0835650 0.1941993 0.1014267 0.1945659 0.0701450 0.0773858 0.0700830 0.0908422 0.0545455 0.0863976 0.1786131 0.0506670 0.0478252 0.0719402 0.0609099 0.0656586 0.0770774 0.0872389 0.0818905 0.0729934 0.1070892 0.0752401 0.0755176 0.0399070 0.0991566 0.0681609 0.0755344 0.0454957 0.0400058 0.0448639 0.0803216 0.0628001 0.0540771 0.0920369 0.0725334 0.0879746 0.0429484 0.1170664 0.0902089 0.1104271 0.0818603 0.0426861 0.0761200 0.0502764 0.0551166 0.0831694 0.0447450 0.0695712 0.0455456 0.0369242 0.0594041 0.0900033 0.0788948 0.0789973 0.0718878 0.1407058 0.0896725 0.0689843 0.0340356 0.0656266 
S0400         0.3087533 0.0299692 0.0877580 0.0823386 0.0189057 0.1005754 0.0889578 0.0750633 0.0159510 0.0922006 0.1037329 0.0987052 0.0935237 0.1096315 0.0931418 0.0724426 0.0793147 0.1226527 0.0362452 0.0000000 0.0160526 0.1130124 0.0723198 0.0610964 0.0879529 0.0644821 0.1104338 0.0816658 0.0980928 0.0777596 0.0910197 0.0884535 0.0389844 0.0215104 0.1076131 0.0892354 0.0951565 0.0452938 0.0132426 0.1155395 0.0978605 0.1851276 0.1081793 0.0926739 0.0413734 0.0810557 0.0946683 0.0105280 0.0916113 0.0918156 0.1218390 0.0758890 0.1040834 0.0832601 0.0791758 0.0904941 0.0844140 0.0931152 0.0883960 0.0944462 0.0813198 0.0844711 0.1253520 0.1940943 0.1054968 0.0983125 0.0892665 0.0852362 0.1827626 0.0911252 0.1820620 0.0753527 0.0894329 0.0567438 0.0859392 0.0444563 0.0956278 0.1731705 0.0158604 0.0359256 0.0718825 0.0716945 0.0708119 0.0822924 0.0935775 0.0896607 0.0821713 0.1161438 0.0882971 0.0894420 0.0131227 0.1000884 0.0603004 0.0821740 0.0160061 0.0159007 0.0359299 0.0908441 0.0506365 0.0594491 0.0954861 0.0826795 0.1017589 0.0303189 0.0947143 0.1057232 0.1174849 0.0793110 0.0051925 0.0864874 0.0524556 0.0539725 0.0921807 0.0329378 0.0894238 0.0305251 0.0357827 0.0632249 0.0694247 0.0867236 0.0739682 0.0787216 0.1224620 0.1050643 0.0617833 0.0419198 0.0821180 
S0405         0.3032086 0.0471626 0.1032188 0.0919192 0.0253446 0.1101359 0.0976773 0.0793167 0.0203329 0.0999879 0.1143855 0.1095664 0.0948361 0.1202842 0.1017761 0.0920708 0.0830431 0.1383579 0.0454977 0.0160526 0.0000000 0.1187178 0.0766844 0.0673136 0.0967790 0.0694397 0.1085412 0.0960313 0.1226243 0.0786874 0.0989527 0.0970771 0.0450804 0.0258606 0.1184469 0.0946744 0.0966326 0.0599242 0.0251335 0.1182385 0.1055421 0.2023573 0.1117075 0.1072051 0.0496342 0.0814891 0.1026229 0.0252048 0.1034783 0.0933704 0.1337268 0.0857593 0.1220303 0.0893785 0.0911383 0.0989288 0.0996064 0.1045804 0.0911147 0.0987370 0.0817146 0.0910165 0.1326024 0.2149803 0.1055621 0.1103933 0.0884471 0.0880524 0.2193359 0.0995334 0.2151478 0.0884407 0.0884630 0.0716634 0.0995147 0.0496406 0.1038226 0.1967669 0.0228891 0.0375715 0.0763782 0.0743043 0.0787503 0.0886939 0.1048287 0.0915534 0.0887304 0.1222314 0.0955618 0.0990830 0.0133601 0.1088240 0.0668012 0.0888572 0.0228306 0.0157162 0.0553566 0.0935599 0.0686026 0.0644699 0.1039377 0.0891042 0.1053078 0.0328013 0.1152343 0.1080484 0.1257966 0.0956245 0.0203493 0.0930737 0.0598459 0.0633082 0.1003370 0.0451457 0.0882637 0.0454996 0.0449215 0.0696903 0.0934220 0.0956541 0.0809336 0.0860104 0.1535700 0.1088684 0.0770406 0.0607264 0.0797243 
S0407sl       0.3111955 0.0976848 0.1006012 0.0516467 0.1225866 0.1041589 0.0545089 0.0848244 0.1237890 0.0648207 0.1012361 0.1306094 0.0546422 0.1073787 0.0737839 0.1150437 0.0966315 0.1309654 0.1000921 0.1130124 0.1187178 0.0000000 0.1428383 0.0466626 0.1003798 0.1194324 0.0746981 0.0839287 0.0852121 0.0846762 0.1111838 0.0648226 0.1087988 0.1286256 0.0815262 0.0768140 0.0850531 0.1007875 0.1180819 0.1113013 0.0919712 0.2005651 0.1021036 0.1091395 0.1080751 0.0875216 0.1000182 0.1184532 0.1008503 0.1053861 0.1228217 0.0707576 0.1327586 0.0676131 0.0613346 0.1250835 0.0733519 0.1157978 0.0974926 0.1008161 0.0877853 0.1004262 0.1279661 0.2136158 0.1024645 0.1058124 0.1077196 0.1072349 0.1979578 0.0969424 0.2022008 0.0789018 0.0996805 0.1166160 0.1214521 0.1034786 0.1066130 0.1920066 0.1155390 0.1067553 0.0966349 0.0402578 0.0573639 0.0631860 0.1004780 0.0705895 0.0496195 0.1254377 0.0847433 0.0856448 0.1049290 0.1368174 0.1047470 0.1085279 0.1082609 0.1146889 0.1110480 0.1055976 0.1136694 0.0498417 0.1063759 0.1066965 0.0533169 0.0993388 0.1099293 0.0258342 0.1280237 0.0714766 0.1114011 0.1044510 0.0908487 0.1040102 0.0702621 0.0949553 0.0674807 0.1031122 0.0947437 0.0833272 0.1182017 0.0795134 0.0954782 0.1065034 0.1473340 0.0801142 0.1022944 0.1027350 0.1000915 
S0412sl       0.3189950 0.0700453 0.1355757 0.1157744 0.0871455 0.1219200 0.1147435 0.0889924 0.0740635 0.1182392 0.1220348 0.1138270 0.1191464 0.1344696 0.1105049 0.1149862 0.0998612 0.1571382 0.0742653 0.0723198 0.0766844 0.1428383 0.0000000 0.0892856 0.1282162 0.1027484 0.1115421 0.1136235 0.1416798 0.1083606 0.1106111 0.1056012 0.0927849 0.0824274 0.1293150 0.1223237 0.1318250 0.0827724 0.0836411 0.1370987 0.1193604 0.2279278 0.1134331 0.1392183 0.0802207 0.1115102 0.1347718 0.0839082 0.1320848 0.1181581 0.1494237 0.1230416 0.1376693 0.1268715 0.1125851 0.1291104 0.1382767 0.1156371 0.1262449 0.1247473 0.1118534 0.1225337 0.1435939 0.2458541 0.1248009 0.1194709 0.1066663 0.1128693 0.2583136 0.1312795 0.2452543 0.1151860 0.1257881 0.0918536 0.1253265 0.0759786 0.1120306 0.2215462 0.0837961 0.0863301 0.1021870 0.0906235 0.1076783 0.1229591 0.1163461 0.1118812 0.1197631 0.1389953 0.0993495 0.1095441 0.0770107 0.1331316 0.0913046 0.0992496 0.0806051 0.0830876 0.0788016 0.1045712 0.0949660 0.0998000 0.1227171 0.0995242 0.1337011 0.0807767 0.1490522 0.1261494 0.1363007 0.1324711 0.0706641 0.1100405 0.0801904 0.0892723 0.1186572 0.0673692 0.0960786 0.0870982 0.0676625 0.0855977 0.1158686 0.1359911 0.1043983 0.1165621 0.1807754 0.1301785 0.0931098 0.0862259 0.1096770 
S0417         0.2660840 0.0513587 0.0599679 0.0193524 0.0707063 0.0679474 0.0243761 0.0398274 0.0642244 0.0345129 0.0635812 0.0754866 0.0273473 0.0787607 0.0482819 0.0562080 0.0478227 0.0922934 0.0540192 0.0610964 0.0673136 0.0466626 0.0892856 0.0000000 0.0567285 0.0716945 0.0417180 0.0466299 0.0704916 0.0481043 0.0590113 0.0344901 0.0611839 0.0719716 0.0405224 0.0405328 0.0605517 0.0588487 0.0669462 0.0723589 0.0627344 0.1789069 0.0732453 0.0772028 0.0575407 0.0508109 0.0595972 0.0639008 0.0596943 0.0538395 0.0838933 0.0510638 0.0866324 0.0432281 0.0418853 0.0701252 0.0314245 0.0686558 0.0513244 0.0608344 0.0401780 0.0486725 0.0889188 0.1819521 0.0681302 0.0634098 0.0578502 0.0546728 0.1669781 0.0567285 0.1703256 0.0429785 0.0517479 0.0582766 0.0681758 0.0623261 0.0596927 0.1595096 0.0674798 0.0571590 0.0426204 0.0149781 0.0355422 0.0438494 0.0634134 0.0538425 0.0297929 0.0761870 0.0504176 0.0505528 0.0606053 0.0802167 0.0573721 0.0604419 0.0580325 0.0638601 0.0600789 0.0639719 0.0629365 0.0180978 0.0624371 0.0507132 0.0395774 0.0468813 0.0684458 0.0408149 0.0825483 0.0491944 0.0609007 0.0573326 0.0401960 0.0541716 0.0372268 0.0377216 0.0429011 0.0556315 0.0517195 0.0352160 0.0683694 0.0519917 0.0505421 0.0541675 0.1068264 0.0492329 0.0541486 0.0537467 0.0513679 
S0419         0.2963264 0.0831141 0.0110460 0.0779397 0.1035034 0.0700226 0.0722421 0.0805142 0.0923176 0.0800934 0.0632038 0.0802990 0.0810795 0.0688907 0.0778335 0.0982115 0.0984275 0.0838803 0.0986860 0.0879529 0.0967790 0.1003798 0.1282162 0.0567285 0.0000000 0.1112413 0.0868166 0.0453465 0.1065181 0.0894382 0.0600663 0.0832682 0.0941010 0.0989980 0.0759746 0.0723620 0.0872324 0.0983808 0.0994175 0.0545569 0.0632910 0.2039817 0.0640071 0.0997483 0.0963074 0.0863347 0.0065556 0.0997215 0.0065995 0.0982606 0.0676451 0.0774076 0.0794209 0.0671074 0.0806932 0.1048304 0.0760586 0.0648648 0.0832218 0.0943713 0.0865736 0.0898775 0.0777949 0.2153551 0.0987138 0.0518974 0.0933599 0.0929467 0.2070081 0.0043502 0.2089789 0.0772373 0.0898851 0.0690833 0.0668916 0.1037691 0.0801321 0.2010631 0.1001270 0.0835140 0.0718061 0.0557015 0.0596338 0.0715242 0.0606954 0.0816224 0.0752984 0.0806747 0.0489475 0.0546546 0.0896928 0.0846828 0.0878925 0.0904440 0.0902666 0.0931378 0.0807341 0.0821984 0.1111524 0.0570826 0.0917200 0.0927968 0.0856576 0.0763483 0.0155757 0.0904669 0.0721092 0.0818756 0.0931977 0.0814962 0.0718305 0.0925044 0.0885139 0.0779512 0.0715451 0.0878456 0.0893290 0.0827016 0.1115802 0.0843193 0.0863891 0.0849314 0.1063861 0.0427767 0.0892586 0.0897163 0.0815316 
S0427         0.3150936 0.0576818 0.1179242 0.0930087 0.0812384 0.0973732 0.0894689 0.0834981 0.0726281 0.0947141 0.1024644 0.1074336 0.0938439 0.0987146 0.0956518 0.1044502 0.0813204 0.1153886 0.0393295 0.0644821 0.0694397 0.1194324 0.1027484 0.0716945 0.1112413 0.0000000 0.1023040 0.0941264 0.1204726 0.0942593 0.0896545 0.0981677 0.0808551 0.0800445 0.1286362 0.0921733 0.0973391 0.0645174 0.0751148 0.1256407 0.0934261 0.2010580 0.0905822 0.1280053 0.0718327 0.0971196 0.1172529 0.0753398 0.1149762 0.1031247 0.1372511 0.0863671 0.1144550 0.1000915 0.0954101 0.0991379 0.1094374 0.0900623 0.0942734 0.0953034 0.0943269 0.1008029 0.1430805 0.2196665 0.1205400 0.0984779 0.1022261 0.1049077 0.2186329 0.1140627 0.2072162 0.0938881 0.0952007 0.0924439 0.0876889 0.0736736 0.1037568 0.1909767 0.0781440 0.0749691 0.0925201 0.0725767 0.0862867 0.0984690 0.1000543 0.0941171 0.1058307 0.1103486 0.0877484 0.0880782 0.0662158 0.1094887 0.0800220 0.0965316 0.0725465 0.0664095 0.0662312 0.1078427 0.0685911 0.0750764 0.1138820 0.0932792 0.1031529 0.0698255 0.1302802 0.1121563 0.1361982 0.1001736 0.0693699 0.0915415 0.0694061 0.0744366 0.0861358 0.0660584 0.0901055 0.0618625 0.0573883 0.0768039 0.1118855 0.1021921 0.0885833 0.0833942 0.1478926 0.1051671 0.0893102 0.0389249 0.0855869 
S0428sl       0.3196396 0.0870790 0.0780273 0.0503683 0.1121682 0.1036945 0.0613517 0.0803658 0.1066530 0.0607997 0.0973128 0.1138561 0.0648482 0.1134009 0.0646403 0.0954163 0.0927081 0.1321783 0.0873234 0.1104338 0.1085412 0.0746981 0.1115421 0.0417180 0.0868166 0.1023040 0.0000000 0.0909780 0.0656553 0.0778451 0.0963678 0.0584645 0.1046397 0.1080951 0.0714903 0.0704233 0.0892143 0.0885589 0.1074445 0.0917074 0.1018239 0.1992547 0.1021261 0.1096912 0.1100200 0.0807098 0.0839053 0.1144529 0.0812696 0.0924341 0.1002025 0.0675214 0.1237997 0.0734588 0.0584247 0.1046982 0.0664691 0.1091813 0.0840336 0.0913645 0.0778990 0.0871389 0.1122259 0.2084630 0.0999031 0.0891950 0.0886765 0.0882679 0.1859707 0.0808977 0.1964971 0.0760950 0.0877568 0.0847758 0.1106455 0.0989000 0.0860210 0.1937992 0.1115330 0.1026682 0.0837273 0.0411585 0.0625729 0.0745766 0.1007048 0.0693093 0.0590585 0.1121141 0.0876448 0.0881572 0.1038577 0.1257591 0.0851843 0.0938212 0.1008833 0.1076745 0.1067428 0.0981563 0.1062523 0.0424509 0.0857923 0.0930459 0.0747186 0.0951102 0.0899485 0.0651812 0.1056050 0.0803030 0.1043747 0.0909331 0.0780149 0.1026405 0.0695406 0.0818153 0.0559867 0.1021044 0.0968060 0.0850557 0.1124729 0.0831267 0.0923846 0.0871684 0.1230667 0.0705355 0.0935156 0.0923834 0.0840152 
S0430         0.3049485 0.0768540 0.0485812 0.0713076 0.1074427 0.0267824 0.0709382 0.0675673 0.0943779 0.0797670 0.0178880 0.0611108 0.0675064 0.0260084 0.0913144 0.1074786 0.0942039 0.0374481 0.0870637 0.0816658 0.0960313 0.0839287 0.1136235 0.0466299 0.0453465 0.0941264 0.0909780 0.0000000 0.0934192 0.0865473 0.0396821 0.0835481 0.0926295 0.1059924 0.0811700 0.0772215 0.0980126 0.0965827 0.0985970 0.0527613 0.0104570 0.1925257 0.0180083 0.1053703 0.0846418 0.0897560 0.0454183 0.1030421 0.0457959 0.0999697 0.0644468 0.0962253 0.0582352 0.0780319 0.0729120 0.1033102 0.0749230 0.0367065 0.0763938 0.0876526 0.0801584 0.0940289 0.0770472 0.1978200 0.1012127 0.0360058 0.0881450 0.0809811 0.2123565 0.0425253 0.2091409 0.0733848 0.0901122 0.0765098 0.0519188 0.0868045 0.0769909 0.2022226 0.0968901 0.0837626 0.0906980 0.0447531 0.0688272 0.0741780 0.0126590 0.0902057 0.0883002 0.0552324 0.0051121 0.0078095 0.0881684 0.0618773 0.0821066 0.0883022 0.0952716 0.0954228 0.0705818 0.0824206 0.0982630 0.0636909 0.0933633 0.0877511 0.0665884 0.0819266 0.0572590 0.0778328 0.0705969 0.0888305 0.0954885 0.0816699 0.0696610 0.0805337 0.0829083 0.0679478 0.0610473 0.0889674 0.0867351 0.0816435 0.1158941 0.0983264 0.0927728 0.0912109 0.0960724 0.0457032 0.0828210 0.0840984 0.0775586 
S0478         0.3142290 0.1014904 0.1131659 0.0781030 0.1219030 0.1070184 0.0867663 0.0909868 0.1009902 0.0921035 0.1199526 0.1328342 0.0833940 0.1153203 0.0638720 0.1252513 0.1085381 0.1432181 0.1013772 0.0980928 0.1226243 0.0852121 0.1416798 0.0704916 0.1065181 0.1204726 0.0656553 0.0934192 0.0000000 0.0970998 0.1106284 0.0719161 0.1257917 0.1250473 0.0737849 0.0901920 0.1100505 0.0940981 0.1185553 0.1217032 0.1067461 0.1751634 0.1210434 0.1259981 0.1061778 0.1058383 0.1125149 0.1189291 0.1134708 0.1058859 0.1265212 0.0896295 0.1428727 0.0962350 0.0777328 0.1190315 0.0887813 0.1143711 0.0975254 0.1103088 0.0973906 0.1040810 0.1318244 0.2047318 0.1264789 0.1037359 0.1142126 0.1169911 0.1954670 0.1093363 0.1933334 0.0874767 0.1060396 0.1119753 0.1374625 0.1073708 0.0952557 0.1978683 0.1182617 0.1008513 0.1027832 0.0629676 0.0847282 0.0922330 0.1049775 0.0717679 0.0841660 0.1312414 0.1030884 0.1034892 0.1022166 0.1322444 0.1095580 0.1117192 0.1017754 0.1185256 0.1184262 0.1115497 0.1217948 0.0591289 0.1148190 0.1070658 0.1036859 0.0967352 0.1188959 0.0758706 0.1250624 0.0935998 0.1184292 0.1047201 0.0933418 0.0958169 0.0832216 0.0992748 0.0751387 0.1132605 0.1050694 0.0990381 0.1328109 0.1095601 0.1113956 0.1008826 0.1255555 0.0954771 0.1090223 0.1039275 0.0974797 
S0552sl       0.3031686 0.0683307 0.0896291 0.0610452 0.0819799 0.0895321 0.0771986 0.0417168 0.0824112 0.0765522 0.0933548 0.1003119 0.0750090 0.0989141 0.0809064 0.0714438 0.0632014 0.1156032 0.0682171 0.0777596 0.0786874 0.0846762 0.1083606 0.0481043 0.0894382 0.0942593 0.0778451 0.0865473 0.0970998 0.0000000 0.0829865 0.0792922 0.0782458 0.0809363 0.0823039 0.0697682 0.0790278 0.0736254 0.0782849 0.0969339 0.0843209 0.2139139 0.0907750 0.0949091 0.0803443 0.0064568 0.0891147 0.0785207 0.0898314 0.0388312 0.1110325 0.0748734 0.1059647 0.0641216 0.0706498 0.0632028 0.0761050 0.0842851 0.0200004 0.0444281 0.0130687 0.0177406 0.1193558 0.2167773 0.0967184 0.0885910 0.0445675 0.0443780 0.2062278 0.0861728 0.2043931 0.0640572 0.0391272 0.0606500 0.0963478 0.0821539 0.0654013 0.1982957 0.0788563 0.0687381 0.0506040 0.0471543 0.0566570 0.0650323 0.0844867 0.0910916 0.0693401 0.1073807 0.0725905 0.0783561 0.0721298 0.1024301 0.0594013 0.0584065 0.0697062 0.0694228 0.0801025 0.0587713 0.0944368 0.0539212 0.0601150 0.0575264 0.0706639 0.0643762 0.1011200 0.0753125 0.1128814 0.0761794 0.0724620 0.0580608 0.0526007 0.0851551 0.0797201 0.0685645 0.0744005 0.0787916 0.0687800 0.0510452 0.0777657 0.0787131 0.0457735 0.0546351 0.1518351 0.0759250 0.0665003 0.0762689 0.0438314 
S0616         0.3315445 0.0804292 0.0605341 0.0804837 0.1102814 0.0523909 0.0890383 0.0624748 0.0887584 0.0789632 0.0462286 0.0584237 0.0909074 0.0519249 0.0856216 0.0983593 0.0866627 0.0691819 0.0802245 0.0910197 0.0989527 0.1111838 0.1106111 0.0590113 0.0600663 0.0896545 0.0963678 0.0396821 0.1106284 0.0829865 0.0000000 0.0769745 0.0986437 0.1116715 0.0868548 0.0863064 0.0911999 0.1092826 0.1021344 0.0689795 0.0420755 0.1856173 0.0523792 0.1010643 0.0877370 0.0860496 0.0601564 0.1059832 0.0606490 0.1022063 0.0833898 0.1063707 0.0465290 0.0782282 0.0765963 0.1156979 0.0825774 0.0295183 0.0762884 0.0955460 0.0797998 0.0836433 0.0741671 0.2255606 0.1001597 0.0338018 0.1008198 0.1003299 0.1959992 0.0572581 0.1879290 0.0801656 0.0974390 0.0853620 0.0454043 0.0998947 0.0858418 0.1899849 0.0946943 0.0841159 0.0807388 0.0706192 0.0665097 0.0670137 0.0488077 0.0998198 0.0939014 0.0223475 0.0303542 0.0389640 0.0851136 0.0495943 0.0813251 0.0826571 0.0953155 0.0914790 0.0703290 0.0731139 0.1106100 0.0759183 0.0836755 0.0782971 0.0943022 0.0857113 0.0660897 0.1076824 0.0679922 0.0752595 0.0986124 0.0806148 0.0697878 0.0865745 0.0890979 0.0805808 0.0766079 0.0926279 0.0892610 0.0717318 0.1092090 0.0914182 0.0922620 0.0944901 0.1124227 0.0611267 0.0857294 0.0833889 0.0863170 
