129
PAFTOL_019361 0.0000000 0.1866508 0.2313190 0.2342679 0.1868499 0.1950995 0.2464346 0.2200245 0.2107698 0.2547948 0.1960929 0.2221270 0.2235746 0.2502965 0.2375938 0.2354399 0.2091367 0.2130107 0.2355490 0.2279945 0.2063114 0.1935016 0.1961887 0.2265495 0.2249362 0.2191983 0.2042293 0.2159566 0.2369438 0.2219230 0.2211068 0.2139097 0.2062362 0.2455232 0.2188420 0.2039943 0.1941473 0.2125887 0.2181146 0.1988949 0.2082436 0.2354640 0.2061460 0.2164207 0.2452599 0.2107964 0.2239713 0.1991144 0.2042189 0.2020207 0.1908013 0.2070582 0.1980274 0.2497755 0.2050835 0.2287491 0.2382926 0.1869906 0.2190977 0.2319243 0.2278689 0.2043692 0.2123777 0.2216931 0.2167880 0.2091335 0.2036448 0.2345897 0.2227023 0.2272828 0.2296877 0.2207250 0.2041802 0.2201441 0.2039379 0.2211300 0.2019145 0.2198296 0.2253469 0.1932179 0.2101624 0.1921827 0.2126174 0.1930057 0.1939833 0.2143651 0.2267298 0.2388041 0.2244776 0.2214807 0.2190142 0.2001940 0.2262576 0.1968372 0.1929362 0.1898037 0.1849921 0.1792519 0.1959643 0.1862408 0.2159892 0.2049313 0.2135499 0.2664956 0.1957904 0.1988515 0.2230876 0.2135703 0.1996105 0.1910885 0.2073182 0.1985946 0.2125956 0.2082041 0.2054076 0.1955985 0.2224037 0.1948867 0.1830494 0.2154838 0.2179472 0.2067790 0.2132078 0.2123393 0.2677914 0.1988271 0.2057385 0.2199661 0.2071011 
S0055         0.1866508 0.0000000 0.0639002 0.1076361 0.0552731 0.0273657 0.1124160 0.0962480 0.0753569 0.0626060 0.0444414 0.0999552 0.0986891 0.1056778 0.1015063 0.1062499 0.0754570 0.0726059 0.0859898 0.0935473 0.0683099 0.0262262 0.0342710 0.1028617 0.0622299 0.0765550 0.0629545 0.0657523 0.0807126 0.0937954 0.0855052 0.0828301 0.0565316 0.0922052 0.0921115 0.0332213 0.0297034 0.0978756 0.0753590 0.0698562 0.0529894 0.0402605 0.0707788 0.0904924 0.1292976 0.0674382 0.0925388 0.0624385 0.0315688 0.0604364 0.0251333 0.0671122 0.0631852 0.0880613 0.0696983 0.0882207 0.0829384 0.0670430 0.0724262 0.0906966 0.0798525 0.0782956 0.0795210 0.0682092 0.0668713 0.1211907 0.0781083 0.0755730 0.0865297 0.0803739 0.0831628 0.1161696 0.0616536 0.1202983 0.0630954 0.0797111 0.0597268 0.0963779 0.1208954 0.0229607 0.0399557 0.0533970 0.0703534 0.0649873 0.0683601 0.0935978 0.0813734 0.1203672 0.0790807 0.0980459 0.0923479 0.0387255 0.0791133 0.0766019 0.0731178 0.0261558 0.0332265 0.0210375 0.0782473 0.0396051 0.0801253 0.0685319 0.0825818 0.1099214 0.0352157 0.0645097 0.0900767 0.0666803 0.0671847 0.0251093 0.0606058 0.0642307 0.0674937 0.0364051 0.0895349 0.0295195 0.0830031 0.0294580 0.0421329 0.0809643 0.0682090 0.0762838 0.0642562 0.0559278 0.1161214 0.0628215 0.0597854 0.0570232 0.0556293 
S0196sl       0.2313190 0.0639002 0.0000000 0.0983417 0.0446454 0.0618101 0.0797490 0.0891739 0.0669978 0.0467651 0.0815677 0.1060581 0.0748966 0.1092944 0.0888791 0.0910500 0.0722600 0.0721783 0.0658375 0.0861236 0.0777455 0.0614092 0.0656988 0.1016000 0.0730516 0.0785818 0.0134505 0.0781315 0.0705808 0.0813770 0.0864241 0.0844799 0.0812272 0.0888261 0.0938977 0.0677962 0.0658410 0.0977900 0.0765212 0.0676345 0.0675872 0.0557296 0.0542944 0.0809808 0.1323370 0.0958042 0.0816486 0.0665006 0.0591422 0.0100182 0.0593623 0.0117918 0.0100736 0.1138167 0.0544819 0.0911790 0.0899884 0.0592778 0.0644522 0.0764027 0.0822046 0.0845648 0.0690148 0.1054538 0.0408336 0.1138534 0.0793424 0.0849467 0.0945867 0.0879359 0.0854321 0.1120071 0.0100182 0.1222082 0.0429966 0.0808783 0.0730708 0.0914136 0.1183248 0.0531922 0.0718875 0.0526488 0.0727236 0.0598521 0.0737816 0.0768659 0.0773161 0.1292170 0.0735815 0.0862038 0.0767406 0.0742540 0.0954760 0.0656502 0.0722261 0.0570662 0.0631705 0.0719099 0.0771689 0.0528265 0.0839568 0.0624817 0.0707615 0.0936775 0.0697641 0.0169401 0.0896224 0.0446145 0.0635590 0.0572813 0.0389424 0.0669048 0.0553252 0.0673202 0.0846302 0.0738107 0.0639126 0.0631883 0.0593273 0.0683562 0.0697833 0.0696122 0.0657035 0.0596074 0.1129859 0.0257669 0.0571610 0.0657301 0.0587765 
S0278         0.2342679 0.1076361 0.0983417 0.0000000 0.0889024 0.1071126 0.1417389 0.0623717 0.1078927 0.1497710 0.1333104 0.0523838 0.1257861 0.1302533 0.0705202 0.1355550 0.0645563 0.1150389 0.1178623 0.1234889 0.1010228 0.1064273 0.1183004 0.0711505 0.1151380 0.0629356 0.1027548 0.1048211 0.0687715 0.1169079 0.0755281 0.1214836 0.1076418 0.1328597 0.0526700 0.1179493 0.1148786 0.0538684 0.0795242 0.0768234 0.1082978 0.1351135 0.1048715 0.1218516 0.1641896 0.1160479 0.1190253 0.0965976 0.1125284 0.0985216 0.1026792 0.1044474 0.1017953 0.1401435 0.1037538 0.0841619 0.1184707 0.0739881 0.0882226 0.1174075 0.1115927 0.1131455 0.1161570 0.1369229 0.0988586 0.1475873 0.1061919 0.1142255 0.1169166 0.1211680 0.1279747 0.1561161 0.1012412 0.1595094 0.1050771 0.1132037 0.1135765 0.1244717 0.1586976 0.1068263 0.1206895 0.1021320 0.0593582 0.0744576 0.0766374 0.1119940 0.0822765 0.0570074 0.1140644 0.1234951 0.1191021 0.1192006 0.1166036 0.1106806 0.1071557 0.1052054 0.1059680 0.1005284 0.1169520 0.0985157 0.0963701 0.1039526 0.1156888 0.0699109 0.1155930 0.1075439 0.0700820 0.0985535 0.0797203 0.1067721 0.0928542 0.1037650 0.0981279 0.1123707 0.0602974 0.1135536 0.0897714 0.1034145 0.1009641 0.1119966 0.1101575 0.0786346 0.1071900 0.1004260 0.1284204 0.0943978 0.1007521 0.1068058 0.0992638 
S0281         0.1868499 0.0552731 0.0446454 0.0889024 0.0000000 0.0571814 0.1005007 0.0832488 0.0713183 0.0906285 0.0675133 0.0885751 0.0860414 0.0974502 0.0970894 0.0955925 0.0639460 0.0721335 0.0775774 0.0868012 0.0549315 0.0594799 0.0613043 0.0919507 0.0650132 0.0648208 0.0390856 0.0649472 0.0728518 0.0776436 0.0722763 0.0763515 0.0726975 0.0810428 0.0862659 0.0614044 0.0574682 0.0835081 0.0663509 0.0569903 0.0682945 0.0700204 0.0460991 0.0824711 0.1231978 0.0800875 0.0815515 0.0628026 0.0594067 0.0368157 0.0546993 0.0427270 0.0392203 0.0928701 0.0461958 0.0706503 0.0700987 0.0543923 0.0659058 0.0789105 0.0722414 0.0732553 0.0691330 0.0838501 0.0447283 0.1048017 0.0707668 0.0704546 0.0777151 0.0764768 0.0791878 0.1084436 0.0379260 0.1139444 0.0646083 0.0706175 0.0691502 0.0863784 0.1158996 0.0546660 0.0698766 0.0524189 0.0651785 0.0547206 0.0591908 0.0811578 0.0679800 0.1020736 0.0710293 0.0854995 0.0786880 0.0674086 0.0701175 0.0653457 0.0728912 0.0557292 0.0537675 0.0542663 0.0740628 0.0520897 0.0768286 0.0647120 0.0720405 0.1039425 0.0645991 0.0392778 0.0764347 0.0446087 0.0582750 0.0546408 0.0390595 0.0619963 0.0585670 0.0683845 0.0772051 0.0630735 0.0681839 0.0581364 0.0559020 0.0742894 0.0680539 0.0603846 0.0572255 0.0561933 0.1033173 0.0434417 0.0570900 0.0649786 0.0520569 
S0282         0.1950995 0.0273657 0.0618101 0.1071126 0.0571814 0.0000000 0.1137231 0.0912627 0.0693467 0.0459083 0.0430757 0.0992468 0.0968056 0.1055756 0.0979396 0.1120940 0.0760662 0.0749848 0.0876292 0.0948108 0.0632591 0.0141553 0.0217407 0.1020419 0.0589533 0.0784521 0.0651188 0.0661427 0.0763552 0.0919694 0.0835662 0.0833787 0.0596347 0.0930531 0.0957692 0.0293912 0.0174334 0.0956108 0.0733919 0.0652159 0.0524330 0.0270333 0.0726412 0.0931284 0.1300611 0.0681014 0.0920734 0.0656858 0.0215237 0.0625948 0.0100435 0.0680422 0.0653568 0.0891333 0.0715686 0.0873990 0.0840170 0.0624888 0.0719455 0.0889280 0.0791354 0.0789966 0.0775131 0.0612301 0.0651859 0.1249226 0.0830195 0.0758455 0.0864934 0.0754849 0.0781970 0.1183786 0.0638137 0.1210809 0.0676186 0.0806372 0.0528940 0.0941830 0.1231206 0.0121271 0.0283296 0.0554578 0.0697287 0.0604535 0.0637774 0.0917300 0.0806237 0.1177796 0.0785318 0.0935281 0.0905131 0.0260403 0.0799032 0.0791380 0.0749147 0.0131328 0.0196496 0.0275662 0.0788841 0.0345574 0.0778015 0.0679607 0.0776926 0.1120107 0.0249361 0.0666868 0.0906052 0.0650010 0.0628518 0.0090163 0.0589880 0.0651847 0.0614597 0.0248836 0.0847147 0.0324498 0.0809274 0.0183481 0.0465371 0.0820219 0.0746099 0.0714942 0.0637077 0.0590847 0.1234031 0.0625187 0.0578071 0.0551128 0.0564718 
S0288         0.2464346 0.1124160 0.0797490 0.1417389 0.1005007 0.1137231 0.0000000 0.1268849 0.1105219 0.1758723 0.1277781 0.1300436 0.0246893 0.0851845 0.1481200 0.0309218 0.1074368 0.1195565 0.1013925 0.0222900 0.1079606 0.1150087 0.1129412 0.1354024 0.1290850 0.1118194 0.1005184 0.1117544 0.0969757 0.0211983 0.1204427 0.1145024 0.1230263 0.0955594 0.1302996 0.1240960 0.1109618 0.1208648 0.1059241 0.1049503 0.1172486 0.1133047 0.1071164 0.0180214 0.1672488 0.1198154 0.0223215 0.0879043 0.1175507 0.0976089 0.1134981 0.1055223 0.0981496 0.1319504 0.1071254 0.1137288 0.0985067 0.0979516 0.1042155 0.0592735 0.1155943 0.1109009 0.1095710 0.1193061 0.1047254 0.1625193 0.1231890 0.0584711 0.0949808 0.1192963 0.1195948 0.1550266 0.0989908 0.1571955 0.0989668 0.0852417 0.1180148 0.1340562 0.1514238 0.1134097 0.1182556 0.1042214 0.1077252 0.1012508 0.1065575 0.0206578 0.1052834 0.1578336 0.0929929 0.0256545 0.0181465 0.1149534 0.0898711 0.1237171 0.1139811 0.1102857 0.1120954 0.1085724 0.1161866 0.0995538 0.1216653 0.1023587 0.1168813 0.1484756 0.1181335 0.1024870 0.1196087 0.1031398 0.1028942 0.1133501 0.0977812 0.1053661 0.1079060 0.1241323 0.1247725 0.1173342 0.1143300 0.1156235 0.1049602 0.1189348 0.1159509 0.1127873 0.0969107 0.1003539 0.1665564 0.0956935 0.1044611 0.1151908 0.0851423 
S0289         0.2200245 0.0962480 0.0891739 0.0623717 0.0832488 0.0912627 0.1268849 0.0000000 0.0920790 0.1233291 0.1173702 0.0554316 0.1066148 0.1142084 0.0612670 0.1198322 0.0490652 0.1037240 0.1057130 0.1072683 0.0836457 0.0951622 0.1003317 0.0540973 0.0993944 0.0474231 0.0856885 0.0824043 0.0545755 0.1011057 0.0541817 0.1028254 0.0955748 0.1175597 0.0437810 0.1042272 0.0986039 0.0488330 0.0673499 0.0645704 0.0940042 0.1189280 0.0954894 0.1069865 0.1524661 0.0999296 0.1030371 0.0867461 0.0992310 0.0804597 0.0924746 0.0872345 0.0847273 0.1238928 0.0957315 0.0792703 0.1057342 0.0582821 0.0672941 0.0971210 0.0991710 0.0967831 0.0991756 0.1222160 0.0879015 0.1392941 0.1039894 0.1186639 0.1174598 0.1044603 0.1075013 0.1383721 0.0817385 0.1406474 0.0878079 0.1087239 0.1015651 0.1068664 0.1427597 0.0910309 0.1049950 0.0829803 0.0361210 0.0586380 0.0632009 0.1017966 0.0752781 0.0782528 0.1007428 0.1072732 0.1015662 0.1040640 0.1095654 0.0982300 0.0953906 0.0921514 0.0955888 0.0854468 0.0964832 0.0811128 0.0776559 0.0936641 0.0990063 0.0621509 0.1020655 0.0861218 0.0538955 0.0876388 0.0672671 0.0936890 0.0822015 0.0878478 0.0912037 0.1004087 0.0472510 0.1028819 0.0796950 0.0905500 0.0868714 0.0972961 0.0977009 0.0649923 0.0899679 0.0810498 0.1388483 0.0846031 0.0911026 0.0907239 0.0737026 
S0292         0.2107698 0.0753569 0.0669978 0.1078927 0.0713183 0.0693467 0.1105219 0.0920790 0.0000000 0.1157120 0.1002072 0.1023612 0.1008373 0.1116037 0.1076137 0.1094895 0.0772244 0.0731719 0.0630898 0.0943298 0.0720378 0.0720593 0.0737637 0.0972798 0.0935172 0.0799956 0.0687127 0.0811508 0.0838916 0.0972601 0.0804759 0.0768657 0.0840118 0.1004218 0.0979807 0.0832834 0.0805504 0.0897199 0.0771240 0.0703533 0.0823932 0.0880969 0.0729380 0.0953521 0.1479513 0.0946864 0.0960278 0.0649113 0.0799617 0.0674015 0.0694720 0.0713978 0.0702153 0.0956572 0.0729375 0.0899377 0.0899453 0.0663498 0.0753873 0.0945619 0.0749773 0.0725085 0.0726379 0.0979022 0.0744221 0.1374892 0.0824821 0.0819313 0.0940198 0.0747350 0.0774584 0.1348844 0.0686334 0.1393642 0.0563181 0.0877976 0.0874044 0.0577401 0.1385097 0.0709696 0.0844060 0.0606412 0.0724280 0.0667653 0.0689335 0.0960323 0.0805420 0.1199115 0.0840831 0.0975110 0.0958592 0.0874731 0.0914501 0.0706917 0.0236708 0.0720715 0.0724975 0.0694187 0.0451696 0.0703977 0.0774193 0.0193074 0.0301619 0.1061359 0.0829968 0.0690478 0.0904526 0.0742060 0.0669388 0.0706615 0.0705412 0.0332873 0.0567618 0.0867316 0.0908831 0.0851626 0.0814396 0.0756493 0.0746061 0.0696900 0.0712586 0.0742402 0.0580877 0.0643646 0.1195512 0.0636787 0.0540922 0.0803301 0.0590051 
S0293         0.2547948 0.0626060 0.0467651 0.1497710 0.0906285 0.0459083 0.1758723 0.1233291 0.1157120 0.0000000 0.0898956 0.1406862 0.1509842 0.1516304 0.1209254 0.1193878 0.0979097 0.1014717 0.1612062 0.1469916 0.0591765 0.0456752 0.0549343 0.1763906 0.0783632 0.0998460 0.0898472 0.1009705 0.0537367 0.1400794 0.1135961 0.1329488 0.0963267 0.1295581 0.1322062 0.0598443 0.0494159 0.1294996 0.1036722 0.0952679 0.0819932 0.0491536 0.1012417 0.1409807 0.1733416 0.1007970 0.1451904 0.1128133 0.0541844 0.0860134 0.0425392 0.0965522 0.0922345 0.1402912 0.0996895 0.1146025 0.1100411 0.0909043 0.0953274 0.1311390 0.1217455 0.1284671 0.1162520 0.0827817 0.1013207 0.1768771 0.1191738 0.0701234 0.1326328 0.1119443 0.1187238 0.1629788 0.0878666 0.1716306 0.1099537 0.1148539 0.0807799 0.1459707 0.1721890 0.0441311 0.0671120 0.0941713 0.0919423 0.0874063 0.0889492 0.1452863 0.1145621 0.1502549 0.1099667 0.1428545 0.1389573 0.0563587 0.1104094 0.1070291 0.1250604 0.0457463 0.0496696 0.0556536 0.1258788 0.0645629 0.1150594 0.1129132 0.1266282 0.1550741 0.0611801 0.0921644 0.1177658 0.1008829 0.0895455 0.0424295 0.0875827 0.1061938 0.0989319 0.0562281 0.1212905 0.0625731 0.1065428 0.0559059 0.0743358 0.1188523 0.1044207 0.0953971 0.1090679 0.1022921 0.1702301 0.0991908 0.0934393 0.0879476 0.0897914 
S0294         0.1960929 0.0444414 0.0815677 0.1333104 0.0675133 0.0430757 0.1277781 0.1173702 0.1002072 0.0898956 0.0000000 0.1217592 0.1146043 0.1233875 0.1216547 0.1317817 0.0952932 0.0956267 0.1040285 0.1152644 0.0693503 0.0453075 0.0492336 0.1211292 0.0803143 0.0947104 0.0835476 0.0794976 0.0996022 0.1093878 0.1063128 0.1006944 0.0791695 0.1063952 0.1178817 0.0574918 0.0432881 0.1191497 0.0925633 0.0862741 0.0755664 0.0561689 0.0823698 0.1108073 0.1446151 0.0864664 0.1080949 0.0855298 0.0464132 0.0808615 0.0395833 0.0880849 0.0838623 0.1032906 0.0825547 0.1062000 0.0983054 0.0832878 0.0923732 0.1088948 0.1002393 0.0989724 0.0987893 0.0583383 0.0784296 0.1407936 0.0958090 0.0883189 0.1017069 0.0991433 0.1034437 0.1278843 0.0821473 0.1334732 0.0865326 0.0945936 0.0733055 0.1198387 0.1356533 0.0406904 0.0515947 0.0698714 0.0926467 0.0812582 0.0846789 0.1079021 0.0990159 0.1432660 0.0931503 0.1124675 0.1050560 0.0539653 0.0921878 0.0919914 0.1006990 0.0417406 0.0446997 0.0485793 0.1015649 0.0571031 0.1045922 0.0940987 0.1064336 0.1356573 0.0501711 0.0852951 0.1138918 0.0781999 0.0825027 0.0406718 0.0730733 0.0866039 0.0843205 0.0549739 0.1088688 0.0546632 0.1021328 0.0452040 0.0664428 0.1032479 0.0960087 0.0929673 0.0849702 0.0775052 0.1354204 0.0731448 0.0829546 0.0729073 0.0785173 
S0299         0.2221270 0.0999552 0.1060581 0.0523838 0.0885751 0.0992468 0.1300436 0.0554316 0.1023612 0.1406862 0.1217592 0.0000000 0.1166682 0.1265282 0.0603051 0.1247096 0.0546385 0.1069318 0.1177871 0.1116031 0.0872347 0.1018443 0.1100939 0.0508189 0.1023423 0.0531075 0.0982675 0.0926413 0.0656228 0.1080936 0.0649129 0.1057988 0.0976675 0.1209503 0.0485397 0.1111902 0.1068122 0.0435857 0.0747958 0.0681340 0.0990484 0.1202471 0.1030496 0.1142515 0.1531364 0.1039212 0.1101173 0.0935127 0.1032038 0.0927716 0.0963148 0.0983513 0.0957276 0.1226361 0.1016971 0.0845263 0.1080492 0.0641489 0.0761257 0.1056929 0.1050414 0.0982297 0.1051675 0.1349049 0.0942928 0.1266256 0.0980613 0.1146871 0.1141447 0.1086674 0.1151608 0.1422599 0.0967801 0.1495495 0.0951228 0.1059784 0.1056019 0.1061602 0.1487153 0.1003737 0.1119533 0.0920089 0.0411175 0.0633168 0.0667228 0.1075432 0.0804121 0.0626816 0.1067885 0.1127986 0.1088936 0.1076927 0.1090730 0.1059378 0.1016015 0.1015108 0.0977012 0.0899491 0.1045369 0.0909281 0.0870424 0.0984447 0.1081046 0.0655527 0.1089343 0.0987821 0.0591780 0.0953728 0.0709094 0.0975477 0.0884357 0.0910141 0.0986716 0.1048586 0.0470095 0.1083319 0.0875943 0.0970707 0.0933048 0.0979533 0.1068257 0.0710841 0.0979724 0.0856427 0.1256802 0.0873660 0.0953874 0.0941543 0.0859894 
S0303         0.2235746 0.0986891 0.0748966 0.1257861 0.0860414 0.0968056 0.0246893 0.1066148 0.1008373 0.1509842 0.1146043 0.1166682 0.0000000 0.0742783 0.1235787 0.0207041 0.0941760 0.1037966 0.1039032 0.0163166 0.0867409 0.0993534 0.1005748 0.1065450 0.1059614 0.1008000 0.0888811 0.0926320 0.0949886 0.0142080 0.1059807 0.1058579 0.1042685 0.0864361 0.1184447 0.1062619 0.0973950 0.1064823 0.0940489 0.0916881 0.0977740 0.1156582 0.0934194 0.0143564 0.1510981 0.1068298 0.0131837 0.0901428 0.1020965 0.0861522 0.0966259 0.0935168 0.0866076 0.1207529 0.0934283 0.1013557 0.0878401 0.0851152 0.0881184 0.0500586 0.1067748 0.0953547 0.0981626 0.1188841 0.0921369 0.1448940 0.1037242 0.0590670 0.0899388 0.1056045 0.1072160 0.1394045 0.0874553 0.1399700 0.0910414 0.0743532 0.1126706 0.1245555 0.1345257 0.0965565 0.1034914 0.0909940 0.0915068 0.0882772 0.0931762 0.0113710 0.0944700 0.1406805 0.0801036 0.0152758 0.0102014 0.1014128 0.0811950 0.1109220 0.1027046 0.0950186 0.0984680 0.0920430 0.1076774 0.0877587 0.1118219 0.0918709 0.1028254 0.1363280 0.1022738 0.0906791 0.1037784 0.0892417 0.0877697 0.0965087 0.0840819 0.0973619 0.0954490 0.1078688 0.1100845 0.1003332 0.1018632 0.0987020 0.0862705 0.1058279 0.1032633 0.0962996 0.0890592 0.0858035 0.1446131 0.0856489 0.0935835 0.0970709 0.0757384 
S0308         0.2502965 0.1056778 0.1092944 0.1302533 0.0974502 0.1055756 0.0851845 0.1142084 0.1116037 0.1516304 0.1233875 0.1265282 0.0742783 0.0000000 0.1383630 0.0818677 0.1042385 0.1171550 0.1210828 0.0701827 0.1049200 0.1081727 0.1095263 0.1233175 0.1198267 0.1067909 0.1018370 0.1099730 0.1229431 0.0686922 0.1169564 0.1232245 0.1061523 0.1031686 0.1263375 0.1139606 0.1061529 0.1154914 0.1130040 0.1020722 0.1125128 0.1319592 0.1121087 0.0708837 0.1761416 0.1190690 0.0714114 0.1005956 0.1104502 0.0989854 0.1053757 0.1053450 0.1008834 0.1394613 0.1137755 0.1129648 0.1017890 0.0948290 0.1043487 0.0663598 0.1224696 0.1158888 0.1157522 0.1314766 0.1024631 0.1565038 0.1180519 0.0795702 0.0983907 0.1224977 0.1242441 0.1503773 0.1003391 0.1569037 0.1069098 0.0879197 0.1109236 0.1367181 0.1560820 0.1052977 0.1127481 0.1041932 0.1028883 0.1008281 0.0977557 0.0679300 0.1103944 0.1467261 0.0884315 0.0714481 0.0659535 0.1160170 0.0969129 0.1201850 0.1109323 0.1037051 0.1064242 0.1014532 0.1192065 0.0935569 0.1175581 0.1022470 0.1164985 0.1495962 0.1056020 0.1037717 0.1132711 0.0994480 0.0982274 0.1052450 0.0982055 0.1038478 0.1102147 0.1164559 0.1172151 0.1118856 0.1094453 0.1074508 0.1009010 0.1149193 0.1155270 0.1110381 0.1007387 0.1028637 0.1584888 0.0962274 0.1054456 0.1086236 0.0881688 
S0320         0.2375938 0.1015063 0.0888791 0.0705202 0.0970894 0.0979396 0.1481200 0.0612670 0.1076137 0.1209254 0.1216547 0.0603051 0.1235787 0.1383630 0.0000000 0.1243369 0.0673165 0.1138678 0.1344028 0.1259540 0.0832470 0.0991602 0.1012460 0.0814599 0.0963500 0.0628562 0.1034769 0.0960322 0.0516640 0.1192081 0.0714103 0.1189866 0.1051340 0.1372448 0.0616300 0.1052156 0.1055454 0.0575322 0.0857751 0.0800701 0.0979026 0.1041978 0.1156327 0.1258301 0.1639643 0.1110794 0.1213864 0.1047373 0.1031004 0.0977880 0.0963813 0.1052061 0.1023813 0.1403105 0.1113765 0.1017000 0.1256219 0.0784498 0.0854665 0.1198884 0.1134741 0.1089340 0.0987289 0.1150500 0.1064549 0.1533155 0.1052517 0.1087722 0.1286325 0.1154476 0.1222176 0.1512191 0.1019317 0.1586097 0.1101377 0.1228363 0.1104587 0.1279811 0.1577854 0.0948841 0.1107171 0.1013847 0.0492554 0.0789626 0.0785564 0.1202358 0.0972855 0.0779879 0.1176901 0.1259605 0.1182481 0.1069205 0.1270588 0.1187886 0.1128040 0.0960339 0.0982057 0.0946688 0.1126787 0.0944965 0.0984738 0.1064586 0.1150218 0.0727900 0.1062273 0.1054790 0.0770909 0.1061165 0.0817146 0.0976315 0.0960241 0.1001713 0.1096039 0.1044932 0.0638679 0.1085512 0.0935517 0.0984807 0.0979315 0.1193192 0.1152284 0.0805726 0.1060370 0.0959918 0.1520744 0.0977079 0.1047027 0.1035468 0.0952717 
S0322         0.2354399 0.1062499 0.0910500 0.1355550 0.0955925 0.1120940 0.0309218 0.1198322 0.1094895 0.1193878 0.1317817 0.1247096 0.0207041 0.0818677 0.1243369 0.0000000 0.1026620 0.1129672 0.1038734 0.0106036 0.0969376 0.1133717 0.1128107 0.1131494 0.1109714 0.1100283 0.1015215 0.1042939 0.1076949 0.0172458 0.1159846 0.1184744 0.1186640 0.0831421 0.1276214 0.1177778 0.1083289 0.1185035 0.1064295 0.1034679 0.1070494 0.1235463 0.1078541 0.0129106 0.1470956 0.1198884 0.0183766 0.1027193 0.1146168 0.0985422 0.1118681 0.1052350 0.0989834 0.1288171 0.1079861 0.1114382 0.0908346 0.0963261 0.0993372 0.0530747 0.1164041 0.1116395 0.1027913 0.1304400 0.1051141 0.1461189 0.1146794 0.0624755 0.0899909 0.1156877 0.1174548 0.1349291 0.0999566 0.1371462 0.0968630 0.0777823 0.1233196 0.1317555 0.1314541 0.1103074 0.1178999 0.1021039 0.1012092 0.0998313 0.1051061 0.0142642 0.1086963 0.1444029 0.0792230 0.0217445 0.0130062 0.1156836 0.0864879 0.1198035 0.1100403 0.1100663 0.1109382 0.1039855 0.1141024 0.0977514 0.1207474 0.0998287 0.1100650 0.1464126 0.1117353 0.1035426 0.1115651 0.1019337 0.1042240 0.1117201 0.0963693 0.1014061 0.1030248 0.1208796 0.1237482 0.1129115 0.1097833 0.1140422 0.0989506 0.1140673 0.1123113 0.1070701 0.0989797 0.0968891 0.1519980 0.0938256 0.1009793 0.1094601 0.0844711 
S0327         0.2091367 0.0754570 0.0722600 0.0645563 0.0639460 0.0760662 0.1074368 0.0490652 0.0772244 0.0979097 0.0952932 0.0546385 0.0941760 0.1042385 0.0673165 0.1026620 0.0000000 0.0795021 0.0857784 0.0918148 0.0774158 0.0759279 0.0799819 0.0430399 0.0831603 0.0259184 0.0702992 0.0717370 0.0347402 0.0907095 0.0422181 0.0927925 0.0739473 0.1032275 0.0502480 0.0830426 0.0803181 0.0480413 0.0549627 0.0430578 0.0722461 0.0921430 0.0796294 0.0929391 0.1353895 0.0851331 0.0907843 0.0673434 0.0784840 0.0652801 0.0733840 0.0717468 0.0693210 0.1128547 0.0798283 0.0590117 0.0887343 0.0394859 0.0483942 0.0867730 0.0827049 0.0883769 0.0895777 0.0927001 0.0757582 0.1157434 0.0791068 0.0929155 0.0958089 0.0933305 0.0962669 0.1187776 0.0689669 0.1241478 0.0734393 0.0865486 0.0862765 0.1007245 0.1232619 0.0745933 0.0868608 0.0606084 0.0239074 0.0397188 0.0429436 0.0890728 0.0576598 0.0749453 0.0854162 0.0948887 0.0892253 0.0885501 0.0884629 0.0816253 0.0831036 0.0731860 0.0762583 0.0678064 0.0913495 0.0692064 0.0599200 0.0748289 0.0867998 0.0651461 0.0824473 0.0703870 0.0399205 0.0755376 0.0455223 0.0745574 0.0690696 0.0786113 0.0792101 0.0825750 0.0516553 0.0807186 0.0566607 0.0742119 0.0684089 0.0793938 0.0790712 0.0467729 0.0738748 0.0674815 0.1201740 0.0640062 0.0749655 0.0736640 0.0617882 
S0335         0.2130107 0.0726059 0.0721783 0.1150389 0.0721335 0.0749848 0.1195565 0.1037240 0.0731719 0.1014717 0.0956267 0.1069318 0.1037966 0.1171550 0.1138678 0.1129672 0.0795021 0.0000000 0.0629138 0.1072879 0.0799537 0.0774208 0.0795818 0.1019765 0.0866484 0.0884554 0.0701517 0.0892428 0.0870104 0.1029215 0.0893366 0.0824506 0.0911485 0.1022086 0.1084150 0.0822986 0.0792310 0.0948796 0.0854857 0.0759758 0.0819473 0.0897472 0.0832448 0.1056018 0.1423977 0.0928171 0.1003043 0.0836416 0.0837922 0.0688312 0.0697862 0.0756959 0.0716684 0.0928330 0.0821629 0.0959884 0.0857441 0.0731031 0.0786903 0.0958238 0.0817801 0.0781054 0.0697633 0.1066254 0.0768539 0.1297927 0.0827550 0.0939826 0.0948856 0.0758944 0.0757402 0.1216204 0.0676129 0.1368916 0.0596153 0.0882201 0.0882196 0.0826835 0.1360287 0.0722399 0.0791702 0.0605728 0.0807491 0.0735687 0.0707499 0.1017828 0.0890226 0.1238076 0.0881178 0.1013344 0.1001964 0.0831072 0.0849125 0.0590056 0.0787768 0.0708416 0.0699019 0.0651385 0.0782484 0.0703363 0.0931697 0.0677084 0.0818701 0.1229641 0.0774533 0.0730304 0.0952884 0.0766301 0.0735859 0.0722052 0.0729525 0.0649793 0.0526581 0.0801567 0.0996583 0.0864658 0.0849909 0.0734260 0.0716880 0.0516322 0.0269047 0.0796125 0.0705126 0.0630648 0.1210335 0.0666211 0.0512235 0.0773275 0.0653332 
S0345         0.2355490 0.0859898 0.0658375 0.1178623 0.0775774 0.0876292 0.1013925 0.1057130 0.0630898 0.1612062 0.1040285 0.1177871 0.1039032 0.1210828 0.1344028 0.1038734 0.0857784 0.0629138 0.0000000 0.1036364 0.0954305 0.0889732 0.0840550 0.0766875 0.1121924 0.0934153 0.0789776 0.1058957 0.0948780 0.1016078 0.0922690 0.0866994 0.0924155 0.1073639 0.1152997 0.0955774 0.0878204 0.1023968 0.0840777 0.0723448 0.0968961 0.0923180 0.0894610 0.0990544 0.1648589 0.1040094 0.1000060 0.0698591 0.0870112 0.0753941 0.0834685 0.0810916 0.0772618 0.1072845 0.0914025 0.1025311 0.1097607 0.0707944 0.0853050 0.0970717 0.0789844 0.0838559 0.0843010 0.1292029 0.0779690 0.1548107 0.0912327 0.1030582 0.1039879 0.0859148 0.0859775 0.1482913 0.0771051 0.1647039 0.0543011 0.0991289 0.1017043 0.0896381 0.1613442 0.0816905 0.0900499 0.0617143 0.0844619 0.0692594 0.0744970 0.0948768 0.0906116 0.1408396 0.0982433 0.0980409 0.0978789 0.0987084 0.1054427 0.0302157 0.0667175 0.0798396 0.0850486 0.0870114 0.0810253 0.0869427 0.1021439 0.0609996 0.0680227 0.1167187 0.0801342 0.0791001 0.0899662 0.0795238 0.0750118 0.0853834 0.0779680 0.0641064 0.0652605 0.0902619 0.0980184 0.0888625 0.0917330 0.0852828 0.0908046 0.0316959 0.0575321 0.0802933 0.0711017 0.0708882 0.1365100 0.0720927 0.0597983 0.0910584 0.0739911 
S0355         0.2279945 0.0935473 0.0861236 0.1234889 0.0868012 0.0948108 0.0222900 0.1072683 0.0943298 0.1469916 0.1152644 0.1116031 0.0163166 0.0701827 0.1259540 0.0106036 0.0918148 0.1072879 0.1036364 0.0000000 0.0909185 0.0987192 0.1012946 0.1050165 0.1111802 0.0956914 0.0922269 0.0960214 0.0924440 0.0100312 0.1039100 0.1079905 0.1076589 0.0819526 0.1129249 0.1041453 0.0981249 0.1030565 0.0908054 0.0885068 0.0984294 0.1179992 0.0954599 0.0060078 0.1455065 0.1074374 0.0110633 0.0880892 0.1055012 0.0894893 0.0959881 0.0955443 0.0899614 0.1157151 0.0954687 0.0980023 0.0835765 0.0820173 0.0890762 0.0439903 0.1061241 0.0990724 0.1018983 0.1136683 0.0955090 0.1397517 0.1060569 0.0554218 0.0801581 0.1067939 0.1084099 0.1325037 0.0907946 0.1346213 0.0878476 0.0713729 0.1105202 0.1203206 0.1292458 0.0972841 0.1016630 0.0917424 0.0891858 0.0851215 0.0899710 0.0082133 0.0927550 0.1345583 0.0767788 0.0141581 0.0070685 0.1021256 0.0768574 0.1088235 0.0974827 0.0957511 0.0991921 0.0900874 0.1028145 0.0885152 0.1068915 0.0895814 0.1016923 0.1317301 0.1002218 0.0940445 0.0971204 0.0926004 0.0891027 0.0972362 0.0887263 0.0910223 0.0921867 0.1085519 0.1079608 0.1009745 0.0998235 0.0994171 0.0896121 0.1023207 0.1021618 0.0956756 0.0872034 0.0865730 0.1442255 0.0851643 0.0903618 0.1004801 0.0739885 
S0376         0.2063114 0.0683099 0.0777455 0.1010228 0.0549315 0.0632591 0.1079606 0.0836457 0.0720378 0.0591765 0.0693503 0.0872347 0.0867409 0.1049200 0.0832470 0.0969376 0.0774158 0.0799537 0.0954305 0.0909185 0.0000000 0.0695171 0.0616106 0.0844006 0.0671753 0.0818789 0.0690450 0.0322582 0.0791564 0.0801298 0.0843679 0.0719141 0.0566930 0.1031088 0.0904838 0.0718075 0.0639606 0.0760358 0.0757260 0.0815826 0.0609458 0.0780327 0.0768503 0.0850656 0.1312068 0.0744613 0.0820728 0.0768168 0.0691954 0.0670424 0.0613186 0.0715339 0.0650907 0.0913649 0.0771498 0.0845935 0.0876318 0.0748740 0.0743345 0.0812568 0.0795572 0.0764543 0.0613464 0.0790754 0.0690905 0.1224367 0.0778522 0.0793972 0.0954310 0.0651011 0.0648331 0.1115690 0.0690305 0.1049378 0.0689937 0.0733253 0.0711658 0.0962634 0.1098364 0.0572968 0.0732151 0.0591569 0.0758297 0.0736364 0.0811904 0.0761932 0.0779884 0.1082731 0.0971368 0.0882635 0.0798804 0.0739642 0.0860525 0.0834275 0.0682752 0.0590356 0.0641073 0.0607065 0.0778513 0.0491445 0.0738834 0.0655231 0.0822421 0.1169376 0.0754750 0.0674739 0.0936027 0.0669952 0.0835319 0.0612162 0.0649288 0.0649970 0.0635191 0.0716588 0.0816468 0.0756207 0.0766463 0.0672057 0.0510425 0.1038838 0.0831060 0.0746152 0.0590579 0.0618737 0.1127453 0.0652911 0.0633744 0.0412561 0.0652329 
S0400         0.1935016 0.0262262 0.0614092 0.1064273 0.0594799 0.0141553 0.1150087 0.0951622 0.0720593 0.0456752 0.0453075 0.1018443 0.0993534 0.1081727 0.0991602 0.1133717 0.0759279 0.0774208 0.0889732 0.0987192 0.0695171 0.0000000 0.0238536 0.1072021 0.0613260 0.0783091 0.0662303 0.0684979 0.0719247 0.0944780 0.0834104 0.0871532 0.0619465 0.0965657 0.0969631 0.0303342 0.0195195 0.0968029 0.0771116 0.0675855 0.0584978 0.0294585 0.0750340 0.0943199 0.1312673 0.0692497 0.0945851 0.0653765 0.0236151 0.0637024 0.0120744 0.0704196 0.0664722 0.0943251 0.0739622 0.0899199 0.0878246 0.0648363 0.0744014 0.0914140 0.0802736 0.0827717 0.0812671 0.0653318 0.0675464 0.1216599 0.0855338 0.0754299 0.0899433 0.0791907 0.0819311 0.1195920 0.0649225 0.1222683 0.0702885 0.0830747 0.0577341 0.0971500 0.1243142 0.0141746 0.0326965 0.0577746 0.0696034 0.0628060 0.0661332 0.0942977 0.0827605 0.1190203 0.0810449 0.0987095 0.0930454 0.0281733 0.0823539 0.0802839 0.0764034 0.0151810 0.0217573 0.0297393 0.0803999 0.0413503 0.0845172 0.0693942 0.0763068 0.1132455 0.0270619 0.0678052 0.0904334 0.0673542 0.0664450 0.0120631 0.0613174 0.0665950 0.0677666 0.0248425 0.0885664 0.0346042 0.0817486 0.0204231 0.0452979 0.0871689 0.0757694 0.0738946 0.0660531 0.0614184 0.1212101 0.0636250 0.0640445 0.0574143 0.0612206 
S0405         0.1961887 0.0342710 0.0656988 0.1183004 0.0613043 0.0217407 0.1129412 0.1003317 0.0737637 0.0549343 0.0492336 0.1100939 0.1005748 0.1095263 0.1012460 0.1128107 0.0799819 0.0795818 0.0840550 0.1012946 0.0616106 0.0238536 0.0000000 0.1074564 0.0673048 0.0843691 0.0706865 0.0654831 0.0807622 0.0942900 0.0879928 0.0863695 0.0608910 0.0946443 0.1035957 0.0361860 0.0153172 0.1020238 0.0805037 0.0733242 0.0615328 0.0360233 0.0755261 0.0968442 0.1301384 0.0711966 0.0957323 0.0706692 0.0249076 0.0680999 0.0195729 0.0749952 0.0709486 0.1008349 0.0742844 0.0934285 0.0927978 0.0704848 0.0765369 0.0925120 0.0846803 0.0804840 0.0821210 0.0674659 0.0653684 0.1270423 0.0892054 0.0781787 0.0843433 0.0800132 0.0827875 0.1184635 0.0693456 0.1197217 0.0722788 0.0839988 0.0580769 0.1032076 0.1217504 0.0174435 0.0341238 0.0568078 0.0741703 0.0684408 0.0680961 0.0940608 0.0893461 0.1222886 0.0844637 0.0999148 0.0941836 0.0238401 0.0871944 0.0847502 0.0793180 0.0163639 0.0196220 0.0344620 0.0814868 0.0428837 0.0850907 0.0707942 0.0865220 0.1120790 0.0306365 0.0695041 0.0942311 0.0627514 0.0684130 0.0195533 0.0579419 0.0707594 0.0709949 0.0305534 0.0935945 0.0416750 0.0857000 0.0282348 0.0516307 0.0842026 0.0778758 0.0772522 0.0667625 0.0591213 0.1229512 0.0680160 0.0672049 0.0592076 0.0616042 
S0407sl       0.2265495 0.1028617 0.1016000 0.0711505 0.0919507 0.1020419 0.1354024 0.0540973 0.0972798 0.1763906 0.1211292 0.0508189 0.1065450 0.1233175 0.0814599 0.1131494 0.0430399 0.1019765 0.0766875 0.1050165 0.0844006 0.1072021 0.1074564 0.0000000 0.1042811 0.0391670 0.0916011 0.0861259 0.0435082 0.1076629 0.0589059 0.1053947 0.0882103 0.1163059 0.0488788 0.1105915 0.1098320 0.0546821 0.0750597 0.0642315 0.0972441 0.1464057 0.0988174 0.1090312 0.1354690 0.0992701 0.1005837 0.0746018 0.1043118 0.0895196 0.1002251 0.1007721 0.0937467 0.1229327 0.0988661 0.0773227 0.1014935 0.0582350 0.0760470 0.1098710 0.1002929 0.0995681 0.1031542 0.1187209 0.0888431 0.1275395 0.0963767 0.1070672 0.1034997 0.1094863 0.1144462 0.1329000 0.0958029 0.1205227 0.0993999 0.0984360 0.0977622 0.1101609 0.1256370 0.1071080 0.1195263 0.0800369 0.0355809 0.0567848 0.0641931 0.1028728 0.0773215 0.0709561 0.0923317 0.1117844 0.1051266 0.1198481 0.1034620 0.1055812 0.0896387 0.1042868 0.0936596 0.0798008 0.1029870 0.0882043 0.0813587 0.0931241 0.0996530 0.0671827 0.1103816 0.0943161 0.0230461 0.0863454 0.0725163 0.1025451 0.0860200 0.0974047 0.1026126 0.1117704 0.0528251 0.1094184 0.0871699 0.1002691 0.0861230 0.0991414 0.1014674 0.0688726 0.0824449 0.0867049 0.1242657 0.0915975 0.0937306 0.0927480 0.0839220 
S0412sl       0.2249362 0.0622299 0.0730516 0.1151380 0.0650132 0.0589533 0.1290850 0.0993944 0.0935172 0.0783632 0.0803143 0.1023423 0.1059614 0.1198267 0.0963500 0.1109714 0.0831603 0.0866484 0.1121924 0.1111802 0.0671753 0.0613260 0.0673048 0.1042811 0.0000000 0.0822474 0.0773129 0.0710727 0.0836240 0.1052261 0.0935845 0.0961566 0.0589121 0.1107059 0.0975225 0.0636091 0.0645078 0.1029597 0.0836991 0.0739566 0.0590619 0.0726005 0.0826611 0.1094614 0.1546667 0.0663554 0.1053396 0.0860364 0.0588177 0.0746277 0.0539696 0.0803345 0.0748625 0.1141137 0.0815555 0.0943860 0.0920022 0.0710428 0.0796710 0.1033134 0.0995465 0.0969132 0.0843103 0.0963525 0.0800217 0.1438821 0.0807616 0.0872417 0.1040237 0.0962633 0.0978652 0.1326099 0.0759169 0.1423095 0.0820489 0.0916308 0.0689618 0.1129671 0.1414391 0.0590398 0.0721151 0.0686975 0.0748696 0.0715040 0.0763110 0.1053023 0.0872868 0.1253725 0.0938297 0.1051721 0.1012851 0.0749379 0.0895225 0.0998712 0.0914629 0.0589210 0.0620822 0.0537004 0.0946544 0.0560156 0.0806613 0.0878663 0.0942633 0.1205190 0.0668378 0.0777066 0.1007010 0.0784951 0.0740897 0.0563220 0.0734363 0.0887758 0.0836770 0.0708535 0.0929252 0.0653172 0.0876292 0.0562768 0.0539605 0.1003273 0.0892744 0.0792609 0.0791335 0.0767819 0.1330957 0.0733047 0.0766908 0.0655412 0.0710508 
S0417         0.2191983 0.0765550 0.0785818 0.0629356 0.0648208 0.0784521 0.1118194 0.0474231 0.0799956 0.0998460 0.0947104 0.0531075 0.1008000 0.1067909 0.0628562 0.1100283 0.0259184 0.0884554 0.0934153 0.0956914 0.0818789 0.0783091 0.0843691 0.0391670 0.0822474 0.0000000 0.0686472 0.0693557 0.0379871 0.0958947 0.0431412 0.0943541 0.0794751 0.1072351 0.0466621 0.0854676 0.0840425 0.0491245 0.0572583 0.0462497 0.0749651 0.0986474 0.0753671 0.0968672 0.1334916 0.0862250 0.0946653 0.0716353 0.0795721 0.0636774 0.0757559 0.0700766 0.0676726 0.1154931 0.0755536 0.0650024 0.0912528 0.0426545 0.0530397 0.0932474 0.0790489 0.0899283 0.0907636 0.1075200 0.0752957 0.1182546 0.0868481 0.1028576 0.0983677 0.0958837 0.0988383 0.1199246 0.0673296 0.1224388 0.0745754 0.0877228 0.0861193 0.1060050 0.1243991 0.0769676 0.0892964 0.0695204 0.0237719 0.0429060 0.0461271 0.0946098 0.0599798 0.0732691 0.0905071 0.0988049 0.0944827 0.0910010 0.0909730 0.0831894 0.0806808 0.0780680 0.0786499 0.0701796 0.0898376 0.0690768 0.0637240 0.0763099 0.0866303 0.0622702 0.0848538 0.0702421 0.0396802 0.0750779 0.0498939 0.0769306 0.0686547 0.0784606 0.0816784 0.0849862 0.0527551 0.0818029 0.0589840 0.0740237 0.0682802 0.0835451 0.0867039 0.0499943 0.0775725 0.0685577 0.1272213 0.0624166 0.0774035 0.0760448 0.0680829 
S0419         0.2042293 0.0629545 0.0134505 0.1027548 0.0390856 0.0651188 0.1005184 0.0856885 0.0687127 0.0898472 0.0835476 0.0982675 0.0888811 0.1018370 0.1034769 0.1015215 0.0702992 0.0701517 0.0789776 0.0922269 0.0690450 0.0662303 0.0706865 0.0916011 0.0773129 0.0686472 0.0000000 0.0738276 0.0732755 0.0854736 0.0791920 0.0803963 0.0744904 0.0876272 0.0913917 0.0695373 0.0691585 0.0889804 0.0727021 0.0630969 0.0663373 0.0779096 0.0506348 0.0852654 0.1346609 0.0813825 0.0868943 0.0630742 0.0683729 0.0039480 0.0625438 0.0090138 0.0059656 0.0984871 0.0507540 0.0809690 0.0756550 0.0592169 0.0648388 0.0813311 0.0750091 0.0760593 0.0718996 0.1096516 0.0439462 0.1216496 0.0766420 0.0766984 0.0876004 0.0741752 0.0768742 0.1224767 0.0049424 0.1251477 0.0574569 0.0723689 0.0672044 0.0879887 0.1242757 0.0625043 0.0795464 0.0551323 0.0665711 0.0595777 0.0641293 0.0879792 0.0743964 0.1165506 0.0734962 0.0909055 0.0827473 0.0757444 0.0756753 0.0716995 0.0677884 0.0635845 0.0640445 0.0573227 0.0781112 0.0536540 0.0809058 0.0621741 0.0694471 0.1117924 0.0740087 0.0100187 0.0778851 0.0426824 0.0644152 0.0624749 0.0382463 0.0633804 0.0613550 0.0738645 0.0835439 0.0699138 0.0696630 0.0660717 0.0539282 0.0719765 0.0661255 0.0692693 0.0636450 0.0602086 0.1201081 0.0354668 0.0574550 0.0704594 0.0547814 
S0427         0.2159566 0.0657523 0.0781315 0.1048211 0.0649472 0.0661427 0.1117544 0.0824043 0.0811508 0.1009705 0.0794976 0.0926413 0.0926320 0.1099730 0.0960322 0.1042939 0.0717370 0.0892428 0.1058957 0.0960214 0.0322582 0.0684979 0.0654831 0.0861259 0.0710727 0.0693557 0.0738276 0.0000000 0.0711250 0.0918015 0.0889171 0.0880745 0.0684500 0.0987320 0.0907001 0.0638528 0.0652756 0.0878338 0.0753820 0.0686448 0.0636985 0.0863340 0.0768262 0.0942840 0.1406173 0.0799482 0.0905800 0.0847408 0.0672610 0.0712385 0.0623592 0.0781548 0.0741002 0.1005096 0.0782707 0.0880394 0.0854564 0.0646907 0.0753829 0.0847755 0.0916312 0.0823371 0.0847215 0.1100949 0.0780576 0.1294425 0.0896818 0.0790072 0.0964921 0.0826475 0.0854459 0.1240587 0.0724836 0.1270728 0.0792720 0.0754736 0.0744293 0.1031884 0.1290736 0.0584400 0.0764285 0.0616654 0.0642463 0.0675326 0.0721885 0.0904233 0.0813022 0.1144039 0.0869423 0.0944580 0.0890228 0.0755173 0.0754914 0.0875000 0.0787758 0.0571412 0.0652376 0.0596912 0.0850425 0.0558275 0.0771815 0.0742953 0.0844903 0.1072561 0.0713370 0.0742316 0.0860777 0.0753217 0.0700475 0.0610920 0.0729023 0.0742407 0.0728982 0.0723342 0.0863319 0.0722456 0.0803192 0.0646271 0.0561863 0.0931542 0.0887669 0.0750173 0.0755255 0.0669755 0.1199738 0.0699629 0.0728402 0.0336159 0.0677297 
S0428sl       0.2369438 0.0807126 0.0705808 0.0687715 0.0728518 0.0763552 0.0969757 0.0545755 0.0838916 0.0537367 0.0996022 0.0656228 0.0949886 0.1229431 0.0516640 0.1076949 0.0347402 0.0870104 0.0948780 0.0924440 0.0791564 0.0719247 0.0807622 0.0435082 0.0836240 0.0379871 0.0732755 0.0711250 0.0000000 0.0972178 0.0573742 0.1024544 0.0875936 0.1165570 0.0540254 0.0779843 0.0805071 0.0548501 0.0625846 0.0547171 0.0758474 0.0718468 0.0796337 0.0943355 0.1548309 0.0902579 0.0975341 0.0819152 0.0818128 0.0692155 0.0738720 0.0672911 0.0675811 0.1222753 0.0799067 0.0774001 0.1062776 0.0545520 0.0518612 0.0846875 0.0951884 0.0981622 0.0800105 0.1124383 0.0704522 0.1281584 0.0906783 0.0999052 0.1232871 0.1094654 0.1068766 0.1402934 0.0692155 0.1536280 0.0713649 0.1010808 0.0935272 0.1033349 0.1523573 0.0696745 0.0796693 0.0732755 0.0295291 0.0532186 0.0565363 0.0915396 0.0650707 0.0832518 0.1020033 0.1020319 0.0929980 0.0907262 0.1111218 0.0778983 0.0789638 0.0735101 0.0816032 0.0838331 0.0877347 0.0790006 0.0748780 0.0817837 0.0895546 0.0521851 0.0816633 0.0736437 0.0480763 0.0743374 0.0530674 0.0737656 0.0665504 0.0791099 0.0800649 0.0798758 0.0529360 0.0919720 0.0553645 0.0731177 0.0777469 0.0850019 0.0822070 0.0583812 0.0781015 0.0766234 0.1248278 0.0612567 0.0798643 0.0711582 0.0775981 
S0430         0.2219230 0.0937954 0.0813770 0.1169079 0.0776436 0.0919694 0.0211983 0.1011057 0.0972601 0.1400794 0.1093878 0.1080936 0.0142080 0.0686922 0.1192081 0.0172458 0.0907095 0.1029215 0.1016078 0.0100312 0.0801298 0.0944780 0.0942900 0.1076629 0.1052261 0.0958947 0.0854736 0.0918015 0.0972178 0.0000000 0.0995815 0.1022966 0.0988784 0.0765982 0.1098820 0.0998410 0.0925224 0.0969802 0.0879662 0.0857150 0.0982588 0.1115891 0.0886107 0.0080687 0.1437113 0.1017785 0.0090090 0.0879923 0.0998310 0.0827924 0.0918015 0.0900112 0.0832247 0.1094253 0.0886196 0.0924378 0.0782555 0.0792802 0.0862255 0.0427717 0.1004807 0.0934776 0.0962584 0.1141932 0.0886556 0.1379821 0.0975682 0.0535087 0.0800412 0.1010975 0.1026783 0.1308009 0.0840748 0.1329017 0.0850308 0.0662761 0.1089243 0.1158453 0.1275473 0.0917369 0.0987639 0.0863027 0.0863634 0.0823427 0.0871624 0.0061196 0.0898811 0.1312630 0.0728736 0.0120773 0.0050241 0.0964689 0.0716520 0.1043821 0.0975181 0.0902359 0.0935885 0.0872689 0.1030632 0.0844183 0.1052911 0.0884630 0.1019369 0.1284236 0.0973369 0.0859403 0.1000986 0.0858160 0.0862889 0.0903810 0.0820068 0.0899016 0.0880031 0.1026328 0.1017500 0.0980992 0.0968809 0.0938675 0.0855113 0.1007292 0.0996568 0.0928074 0.0806058 0.0812009 0.1439363 0.0785743 0.0862206 0.0960005 0.0688583 
