130
PAFTOL_019361 0.0000000 0.1233103 0.2328883 0.1626869 0.1687261 0.1451456 0.1576775 0.1664095 0.1508127 0.2298146 0.1733283 0.1854662 0.1639942 0.1805581 0.1705983 0.1691915 0.1641542 0.1749198 0.1303367 0.1689844 0.1704155 0.1537654 0.1477069 0.2000045 0.1877636 0.1616530 0.1570903 0.1660124 0.1626534 0.1670730 0.1537624 0.1867159 0.1904152 0.1844302 0.1612334 0.1455474 0.1684766 0.1686432 0.1523291 0.1354011 0.1359337 0.1650431 0.1694229 0.1819674 0.1572548 0.1730965 0.1465131 0.1396309 0.1576397 0.1587772 0.1579967 0.1610086 0.1486318 0.1551422 0.1922263 0.1554144 0.1474593 0.1323405 0.1767424 0.1333796 0.1539444 0.1545077 0.1503624 0.1894097 0.1633629 0.2046147 0.1565694 0.1705619 0.1589861 0.1673085 0.1606070 0.1770994 0.1354521 0.1715981 0.1693684 0.1689445 0.1719702 0.1766532 0.1401498 0.1456869 0.1801394 0.1453549 0.1586897 0.1299490 0.1634214 0.1473782 0.1456354 0.1643946 0.1569375 0.1759607 0.1786190 0.1616826 0.1490639 0.1674744 0.1587797 0.1522902 0.1428485 0.1388503 0.1326251 0.1530725 0.1289721 0.1799666 0.1636013 0.1506749 0.1632249 0.1469490 0.1613645 0.1677107 0.1611563 0.1497512 0.1379843 0.1608165 0.1529138 0.1386013 0.1472349 0.1994903 0.1643419 0.1568591 0.1451910 0.1364770 0.1578937 0.1508001 0.1582793 0.1583405 0.1322464 0.1870741 0.1346815 0.1582604 0.1621354 0.1272539 
S0055         0.1233103 0.0000000 0.0000010 0.0594266 0.0458848 0.0346892 0.0729442 0.0605223 0.0426520 0.1406574 0.0483891 0.0539873 0.0691899 0.0769266 0.0453394 0.0726198 0.0628159 0.0510494 0.0451520 0.0727817 0.0319132 0.0445162 0.0399545 0.0523782 0.0639344 0.0512538 0.0429677 0.0373986 0.0716032 0.0594696 0.0457551 0.0430763 0.0954706 0.0695796 0.0463778 0.0346892 0.0778038 0.0470934 0.0483120 0.0218337 0.0562030 0.0512496 0.0728200 0.0950868 0.0520030 0.0759392 0.0427696 0.0512088 0.0404037 0.0377436 0.0404920 0.0432937 0.0460807 0.0456677 0.0953405 0.0465246 0.0429711 0.0345557 0.0689716 0.0454838 0.0483582 0.0429697 0.0484054 0.0540044 0.0489372 0.1029288 0.0423421 0.0748995 0.0401295 0.0534066 0.0435667 0.0918247 0.0429677 0.0861432 0.0000010 0.0575297 0.0485280 0.0749504 0.0348226 0.0403858 0.0892704 0.0320677 0.0454543 0.0241673 0.0539706 0.0460701 0.0455253 0.0542854 0.0425984 0.0482968 0.0955001 0.0734556 0.0346892 0.0758840 0.0486666 0.0427175 0.0320677 0.0296114 0.0119492 0.0374627 0.0246751 0.0779156 0.0399729 0.0400626 0.0536615 0.0429396 0.0488720 0.0769916 0.0463462 0.0513197 0.0374070 0.0517433 0.0487983 0.0373888 0.0372924 0.0795039 0.0423875 0.0598013 0.0292110 0.0323947 0.0456118 0.0345347 0.0479726 0.0491627 0.0295733 0.0628716 0.0293927 0.0511788 0.0370245 0.0323448 
S0196sl       0.2328883 0.0000010 0.0000000 0.0966715 0.0823108 0.0676000 0.1168149 0.1094777 0.0836711 0.0613355 0.1427684 0.1853413 0.1092352 0.1298885 0.1310334 0.0920782 0.0946527 0.1253604 0.0000010 0.1087097 0.0836213 0.0608931 0.0669917 0.1209538 0.0959667 0.1131962 0.0216659 0.1139796 0.1087097 0.0957825 0.0944378 0.1580461 0.1000497 0.1046434 0.0677444 0.0748082 0.0814174 0.0000010 0.0964707 0.0978943 0.0000010 0.0407002 0.1074147 0.1750550 0.1145356 0.0844633 0.0682582 0.0000010 0.0160884 0.0832707 0.0160884 0.0160884 0.0967063 0.0344788 0.0978713 0.0889838 0.1193910 0.0899590 0.1326798 0.0426846 0.0794244 0.1027999 0.0814748 0.1032690 0.0800486 0.1982548 0.1043294 0.8575107 0.1079670 0.1037835 0.1058825 0.1413385 0.0000010 0.1463595 0.0776565 0.0732007 0.0827105 0.1367525 0.0741469 0.0820384 0.1657489 0.0675140 0.0855509 0.0839505 0.1107619 0.0821822 0.0817370 0.1143718 0.1095386 0.1286457 0.4564965 0.0987795 0.0765176 0.0930185 0.0892895 0.0934799 0.0743257 0.0687495 0.0833924 0.0716668 0.0744428 0.1019720 0.1074590 0.0758184 0.1034423 0.0855509 0.0160884 0.1190302 0.0800486 0.0740036 0.0608931 0.0800486 0.0674971 0.0679735 0.0682582 0.1303308 0.0807696 0.0950616 0.0750597 0.0835419 0.0906931 0.1060626 0.1112241 0.0828626 0.0827587 0.1579093 0.0657883 0.0891669 0.0924749 0.1162682 
S0278         0.1626869 0.0594266 0.0966715 0.0000000 0.0785613 0.0768341 0.0988855 0.0388157 0.0753405 0.1096048 0.0960347 0.0431645 0.0730667 0.1014076 0.0345622 0.0884607 0.0555145 0.0984066 0.0458600 0.0953789 0.0797139 0.0606213 0.0724287 0.0338912 0.1026676 0.0271108 0.0769122 0.0910848 0.0961958 0.0597298 0.0807305 0.1022388 0.1121471 0.0387122 0.0798623 0.0687428 0.0362832 0.0468906 0.0523332 0.0600245 0.0566197 0.0765844 0.0885632 0.1276842 0.0914945 0.0911116 0.0794113 0.0745120 0.0771431 0.0802056 0.0772781 0.0795142 0.0844716 0.0769415 0.1142781 0.0593422 0.0443143 0.0644978 0.0979334 0.0717658 0.0833095 0.0831106 0.0789943 0.0936314 0.0879131 0.1333485 0.0858792 0.1155824 0.0646852 0.0919565 0.0806198 0.1172119 0.0745850 0.1106118 0.0629750 0.0856837 0.0760847 0.1006697 0.0725318 0.0695572 0.1126936 0.0705997 0.0795054 0.0668453 0.0217428 0.0529504 0.0563227 0.1227655 0.0441599 0.0364696 0.1212469 0.0694084 0.0711547 0.0989425 0.0817996 0.0736664 0.0726553 0.0647957 0.0655220 0.0671722 0.0608680 0.0621414 0.0803239 0.0730285 0.0340855 0.0797895 0.0838860 0.0349568 0.0859942 0.0523732 0.0707586 0.0901035 0.0825664 0.0711207 0.0749777 0.0541694 0.0738327 0.0537446 0.0661530 0.0599832 0.0802902 0.0774776 0.0685305 0.0946540 0.0626158 0.1004439 0.0593251 0.0865309 0.0862279 0.0759879 
S0281         0.1687261 0.0458848 0.0823108 0.0785613 0.0000000 0.0637364 0.0616369 0.0820983 0.0548159 0.1084036 0.0805716 0.0954060 0.0730268 0.0736902 0.0744456 0.0575948 0.0972518 0.0841007 0.0720378 0.0621304 0.0708286 0.0583768 0.0635800 0.0912075 0.0873784 0.0742150 0.0447388 0.0729077 0.0660243 0.0855834 0.0701420 0.1071921 0.0737047 0.0842394 0.0640948 0.0597478 0.0953759 0.0799115 0.0797801 0.0575051 0.0622850 0.0466507 0.0619457 0.1187947 0.0764520 0.0620155 0.0662733 0.0679881 0.0408444 0.0669604 0.0448739 0.0429693 0.0703606 0.0468666 0.0851789 0.0782229 0.0749561 0.0620874 0.0658054 0.0536688 0.0613577 0.0747277 0.0637557 0.0942353 0.0441180 0.1253064 0.0705024 0.0721922 0.0654016 0.0751476 0.0681473 0.1060067 0.0345069 0.0965874 0.0642543 0.0680740 0.0642079 0.0749890 0.0682265 0.0615976 0.1011479 0.0574153 0.0733819 0.0535145 0.0853578 0.0713108 0.0752524 0.0590522 0.0833645 0.0833601 0.0960478 0.0759535 0.0621780 0.0715503 0.0707522 0.0641497 0.0553629 0.0537284 0.0585705 0.0536393 0.0601966 0.0931989 0.0664528 0.0550005 0.0807392 0.0714206 0.0470522 0.0895332 0.0422679 0.0729487 0.0596699 0.0461053 0.0683757 0.0593211 0.0618126 0.0997855 0.0768997 0.0927218 0.0635962 0.0666968 0.0634686 0.0657144 0.0841668 0.0788466 0.0578350 0.0988391 0.0380703 0.0747872 0.0709464 0.0741510 
S0282         0.1451456 0.0346892 0.0676000 0.0768341 0.0637364 0.0000000 0.0858171 0.0722499 0.0600790 0.0484645 0.0460455 0.0981586 0.0788446 0.0858717 0.0711165 0.0852000 0.0727093 0.0728018 0.0712976 0.0900663 0.0441434 0.0046196 0.0147161 0.0887100 0.0602845 0.0732790 0.0583944 0.0540534 0.0894394 0.0765537 0.0661471 0.0786458 0.1042623 0.0763661 0.0202702 0.0113998 0.0733954 0.0671511 0.0558624 0.0328496 0.0092926 0.0583315 0.0852996 0.1283431 0.0625907 0.0899032 0.0147844 0.0751756 0.0545380 0.0149144 0.0546264 0.0566977 0.0647839 0.0523050 0.0971468 0.0669509 0.0709256 0.0438660 0.0870383 0.0526846 0.0598402 0.0644100 0.0554722 0.0433942 0.0777278 0.1366281 0.0532089 0.1051875 0.0736493 0.0721693 0.0655225 0.1153324 0.0599631 0.1127761 0.0360835 0.0688121 0.0621383 0.0933699 0.0382390 0.0560602 0.1203044 0.0080835 0.0462904 0.0441116 0.0748442 0.0604340 0.0598239 0.0829403 0.0724940 0.0792458 0.1235934 0.0813569 0.0114643 0.0923543 0.0619742 0.0626127 0.0097260 0.0098477 0.0312712 0.0505825 0.0292619 0.0751764 0.0600945 0.0579320 0.0747728 0.0445171 0.0607808 0.0895221 0.0758220 0.0619239 0.0064583 0.0756825 0.0620138 0.0498756 0.0114082 0.0995511 0.0516329 0.0769416 0.0324654 0.0404860 0.0561676 0.0538406 0.0658192 0.0644038 0.0422314 0.0770161 0.0402835 0.0619354 0.0460235 0.0484783 
S0288         0.1576775 0.0729442 0.1168149 0.0988855 0.0616369 0.0858171 0.0000000 0.0906611 0.0767380 0.1360483 0.1060352 0.1156148 0.0046533 0.0423387 0.0915311 0.0167203 0.1136953 0.1017967 0.0816702 0.0149625 0.0900752 0.0796257 0.0858613 0.1236860 0.1113597 0.0878417 0.0658979 0.0950843 0.0098551 0.1038261 0.0917801 0.1168850 0.0350494 0.1022624 0.0916236 0.0841873 0.0947115 0.1282775 0.0925694 0.0772776 0.0809672 0.0720439 0.0202163 0.1334613 0.0888377 0.0202330 0.0866651 0.0921741 0.0660970 0.0920316 0.0682342 0.0684135 0.0855161 0.0682099 0.0445768 0.1097860 0.1002667 0.0815602 0.0270607 0.0753759 0.0804722 0.0968671 0.0833478 0.1035741 0.0710057 0.1506015 0.0860456 0.0365612 0.0434376 0.0928634 0.0836834 0.1226852 0.0578189 0.1177037 0.0971081 0.0874357 0.0859754 0.0402403 0.0772781 0.0794660 0.1230251 0.0816574 0.0896534 0.0752533 0.0923311 0.1041099 0.0981953 0.0192434 0.1018234 0.1015854 0.0420740 0.0142323 0.0868590 0.0368290 0.0874696 0.0794352 0.0838367 0.0779554 0.0806243 0.0727374 0.0710937 0.1058953 0.0863276 0.0700721 0.0832325 0.0826983 0.0706230 0.0869916 0.0691255 0.0984134 0.0816524 0.0731034 0.0795607 0.0810265 0.0863400 0.1042249 0.0947584 0.1161282 0.0809777 0.0889594 0.0904635 0.0831988 0.1064093 0.0956448 0.0755148 0.1098766 0.0566032 0.0971680 0.0833678 0.0872196 
S0289         0.1664095 0.0605223 0.1094777 0.0388157 0.0820983 0.0722499 0.0906611 0.0000000 0.0743604 0.1239543 0.1058756 0.0498265 0.0813898 0.1061853 0.0352556 0.0832813 0.0653302 0.0976909 0.0736470 0.0922610 0.0862080 0.0721005 0.0765149 0.0473541 0.0961709 0.0311291 0.0760641 0.0980782 0.0930596 0.0655729 0.0830234 0.1051493 0.1090439 0.0487726 0.0797980 0.0727211 0.0425696 0.0546806 0.0599733 0.0615378 0.0633718 0.0847162 0.0833787 0.1283844 0.0919117 0.0879682 0.0793366 0.0730270 0.0762960 0.0801493 0.0764309 0.0786949 0.0845186 0.0806883 0.1058597 0.0693722 0.0532459 0.0652413 0.0948214 0.0758812 0.0833282 0.0759395 0.0743488 0.1078130 0.0917063 0.1384172 0.0874495 0.1125525 0.0758778 0.0965337 0.0897852 0.1219482 0.0722162 0.1106525 0.0433203 0.0900592 0.0838229 0.1022507 0.0766297 0.0706449 0.1199874 0.0703209 0.0792890 0.0657739 0.0311515 0.0624392 0.0641658 0.1047269 0.0554337 0.0570481 0.1115679 0.0844507 0.0752388 0.0913726 0.0764617 0.0677331 0.0724238 0.0617275 0.0627948 0.0663348 0.0643985 0.0682765 0.0717921 0.0720257 0.0384887 0.0795788 0.0831226 0.0494468 0.0897476 0.0663748 0.0703163 0.0939529 0.0846334 0.0700940 0.0747994 0.0528120 0.0850809 0.0676583 0.0677344 0.0654064 0.0739870 0.0765218 0.0763400 0.0861206 0.0614999 0.0941196 0.0563927 0.0834956 0.0904919 0.0726669 
S0292         0.1508127 0.0426520 0.0836711 0.0753405 0.0548159 0.0600790 0.0767380 0.0743604 0.0000000 0.1162014 0.0870456 0.0964150 0.0797701 0.0900361 0.0712164 0.0721631 0.0841772 0.0383729 0.0354064 0.0768013 0.0584401 0.0632183 0.0620971 0.0807184 0.0765139 0.0751231 0.0612379 0.0689766 0.0762766 0.0779851 0.0446252 0.0820460 0.0948574 0.0753777 0.0675394 0.0563241 0.0775595 0.0605890 0.0690371 0.0444694 0.0933571 0.0653671 0.0722462 0.1164636 0.0719785 0.0766630 0.0624375 0.0484844 0.0573032 0.0630477 0.0573975 0.0595175 0.0446974 0.0591172 0.0969190 0.0765661 0.0587138 0.0441955 0.0781836 0.0373481 0.0387625 0.0487626 0.0405096 0.1028010 0.0645198 0.1341542 0.0576907 0.0852656 0.0805590 0.0514509 0.0428040 0.1082447 0.0545621 0.1035499 0.0356524 0.0465176 0.0327344 0.0843821 0.0522681 0.0237616 0.1109023 0.0541456 0.0606866 0.0237717 0.0706269 0.0697153 0.0689879 0.0757282 0.0669021 0.0777568 0.0993636 0.0759631 0.0585878 0.0855073 0.0346282 0.0081886 0.0561043 0.0506590 0.0473052 0.0221918 0.0487408 0.0915413 0.0202720 0.0081463 0.0746526 0.0588614 0.0636935 0.0848082 0.0626641 0.0711919 0.0542497 0.0665718 0.0294297 0.0200979 0.0582633 0.0849500 0.0666037 0.0796260 0.0461122 0.0467838 0.0327968 0.0253522 0.0817541 0.0511745 0.0368608 0.0882241 0.0424939 0.0308969 0.0645191 0.0488535 
S0293         0.2298146 0.1406574 0.0613355 0.1096048 0.1084036 0.0484645 0.1360483 0.1239543 0.1162014 0.0000000 0.1068876 0.1511712 0.0942223 0.1392275 0.1175596 0.1310089 0.1194848 0.1269398 0.1099893 0.1403067 0.0896821 0.0169452 0.0564022 0.1557882 0.1134437 0.1144887 0.1009213 0.0990104 0.1308229 0.1303401 0.1109590 0.1391890 0.1505593 0.1368302 0.0635885 0.0538527 0.1135871 3.5939705 0.1033257 0.0804131 0.0094143 0.0997335 0.1312313 0.2034848 0.1054828 0.1354247 0.0568455 0.1661421 0.0913856 0.0541065 0.0982603 0.0938923 0.1131770 0.0904847 0.1431744 0.1173765 0.1225847 0.0990128 0.1342333 0.0846361 0.1083236 0.1082885 0.0975207 0.0649739 0.1274077 0.2186197 0.0954688 0.2134866 0.0920655 0.1221198 0.1177606 0.1881860 0.1431319 0.1721025 0.0299980 0.1085720 0.1130579 0.1489463 0.0825293 0.1051259 0.1848114 0.0484398 0.0868514 0.0933407 0.1164605 0.1069415 0.1032771 0.1385681 0.1220195 0.1331448 0.2288136 0.0968166 0.0543249 0.1431974 0.1082094 0.1177380 0.0510529 0.0488139 0.0819608 0.0981241 0.0838945 0.1063813 0.1087094 0.1121579 0.1161408 0.0872847 0.0951662 0.1013257 0.1237784 0.0989846 0.0459821 0.1274790 0.1119766 0.0991305 0.0513015 0.1518981 0.1057763 0.1336287 0.0798584 0.0845832 0.1102458 0.1056408 0.1144648 0.1135744 0.0870098 0.1304603 0.0809563 0.1157845 0.0933476 0.1041908 
S0294         0.1733283 0.0483891 0.1427684 0.0960347 0.0805716 0.0460455 0.1060352 0.1058756 0.0870456 0.1068876 0.0000000 0.1069359 0.1034695 0.1105745 0.0856944 0.1052414 0.1098372 0.1012387 0.0881581 0.1105432 0.0777543 0.0490380 0.0478942 0.1145894 0.0981847 0.0902694 0.0849348 0.0847710 0.1051295 0.1048957 0.0867781 0.1058294 0.1162439 0.1006452 0.0505560 0.0480172 0.1020073 0.0609650 0.0888906 0.0649731 0.0400331 0.0805591 0.1053691 0.1554104 0.0876980 0.1103387 0.0482197 0.0847978 0.0807680 0.0525557 0.0809128 0.0832144 0.0791732 0.0739925 0.1181967 0.0927928 0.0899504 0.0730911 0.1071230 0.0726994 0.0800211 0.0917457 0.0816825 0.0509489 0.0972067 0.1617031 0.0712152 0.0999280 0.1044447 0.0932178 0.0840030 0.1358477 0.0690386 0.1330870 0.1057974 0.0899818 0.0848517 0.0997223 0.0585995 0.0777310 0.1412130 0.0441188 0.0826820 0.0631551 0.0940914 0.0897955 0.0845236 0.1003739 0.0958994 0.0887095 0.1251860 0.1025987 0.0483213 0.1105741 0.0828793 0.0900556 0.0422542 0.0427723 0.0635478 0.0702952 0.0610545 0.0911412 0.0892742 0.0825835 0.0894630 0.0807882 0.0877098 0.1158484 0.0952158 0.0889619 0.0461292 0.0950333 0.0869853 0.0756286 0.0480601 0.1184717 0.0838096 0.0963479 0.0642333 0.0695961 0.0871997 0.0800335 0.0914411 0.0944418 0.0672247 0.0933109 0.0647527 0.0933577 0.0842452 0.0765992 
S0299         0.1854662 0.0539873 0.1853413 0.0431645 0.0954060 0.0981586 0.1156148 0.0498265 0.0964150 0.1511712 0.1069359 0.0000000 0.1078246 0.1101813 0.0394589 0.1011811 0.0833665 0.1074379 0.0680023 0.1114196 0.0986187 0.0997311 0.0979171 0.0525440 0.1283619 0.0413703 0.0983047 0.1186113 0.1092984 0.0837652 0.0950760 0.1162098 0.1249996 0.0560522 0.0986000 0.0939753 0.0492921 0.0473925 0.0714869 0.0840722 0.0797216 0.1023622 0.0967423 0.1475505 0.1074029 0.1062415 0.0935229 0.0722556 0.0986187 0.1021914 0.0988091 0.1012900 0.0969769 0.0983342 0.1271926 0.0793520 0.0680992 0.0888105 0.1144269 0.0880114 0.0957359 0.0977595 0.0930158 0.1347758 0.1056275 0.1592123 0.1032796 0.1108807 0.0948564 0.1027548 0.0955861 0.1355996 0.0756856 0.1286421 0.1049996 0.1052551 0.1020182 0.1124720 0.0959667 0.0902740 0.1361189 0.0913300 0.1012428 0.0870641 0.0411599 0.0743112 0.0735049 0.1305864 0.0655141 0.0516306 0.1164898 0.0966352 0.0967853 0.1035244 0.1034787 0.0947028 0.0935776 0.0873444 0.0744748 0.0829029 0.0830134 0.0796802 0.0998790 0.0938169 0.0353789 0.1016301 0.1061092 0.0569022 0.1035925 0.0758124 0.0915519 0.1080050 0.1025344 0.0917802 0.0931674 0.0578890 0.1049296 0.0810505 0.0863566 0.0885405 0.1020018 0.0942256 0.0734548 0.1080517 0.0799860 0.1169059 0.0722573 0.1087634 0.1103407 0.0972937 
S0303         0.1639942 0.0691899 0.1092352 0.0730667 0.0730268 0.0788446 0.0046533 0.0813898 0.0797701 0.0942223 0.1034695 0.1078246 0.0000000 0.0488401 0.0809726 0.0219290 0.0930285 0.1050983 0.0816702 0.0168392 0.0753077 0.0728294 0.0756983 0.1056073 0.1123767 0.0674178 0.0673448 0.0752278 0.0070272 0.0891704 0.0858621 0.1026960 0.0352791 0.0969193 0.0835479 0.0759120 0.0766083 0.0000010 0.0699546 0.0761445 0.0809672 0.0754149 0.0270973 0.1523374 0.0865941 0.0244753 0.0796555 0.0877131 0.0674204 0.0901589 0.0707632 0.0674204 0.0906717 0.0701319 0.0437813 0.0904432 0.0932606 0.0762606 0.0293436 0.0655707 0.0765917 0.0961807 0.0760555 0.0930670 0.0817814 0.1596915 0.0854384 0.0384194 0.0437149 0.0919526 0.0866332 0.1319927 0.0592165 0.1284835 0.0891252 0.0831665 0.0863427 0.0432054 0.0635570 0.0758809 0.1313621 0.0757839 0.0800749 0.0734394 0.0734160 0.0833606 0.0772489 0.0219704 0.0854250 0.0920002 0.0624740 0.0143149 0.0798045 0.0354160 0.0851564 0.0805795 0.0788006 0.0794893 0.0749039 0.0737781 0.0674465 0.0869681 0.0861613 0.0733212 0.0732228 0.0735138 0.0709458 0.0876082 0.0817814 0.0766543 0.0730309 0.0879211 0.0767421 0.0792655 0.0792410 0.0897173 0.0959742 0.1025140 0.0725916 0.0803852 0.0930674 0.0918858 0.0885935 0.0973093 0.0671547 0.0926800 0.0603878 0.0955943 0.0695863 0.0903378 
S0308         0.1805581 0.0769266 0.1298885 0.1014076 0.0736902 0.0858717 0.0423387 0.1061853 0.0900361 0.1392275 0.1105745 0.1101813 0.0488401 0.0000000 0.1006850 0.0384411 0.1042887 0.1022703 0.0837807 0.0441885 0.0969976 0.0859287 0.0969497 0.1142122 0.1201678 0.0864863 0.0771991 0.1090016 0.0421059 0.1111778 0.1010810 0.1304265 0.0522587 0.1033542 0.0955143 0.0930438 0.1047444 0.1166385 0.0966529 0.0883479 0.0754592 0.0838064 0.0385400 0.1561039 0.1102513 0.0422987 0.0949495 0.1000472 0.0774379 0.1011615 0.0796710 0.0798833 0.0923807 0.0770985 0.0562038 0.1163760 0.0969492 0.0884101 0.0328412 0.0865959 0.0894445 0.1063499 0.0946612 0.1082827 0.0826735 0.1606333 0.1042192 0.0504026 0.0548994 0.0997966 0.0902430 0.1346937 0.0681159 0.1336655 0.0874470 0.0987827 0.0996808 0.0498465 0.0819354 0.0885311 0.1480158 0.0860478 0.1026097 0.0842979 0.1039504 0.1053914 0.1023504 0.0457449 0.1007455 0.0996187 0.0590992 0.0372665 0.0936456 0.0466545 0.0891904 0.0884996 0.0882509 0.0867610 0.0874885 0.0793017 0.0756679 0.1077767 0.0977654 0.0830691 0.0857715 0.1006428 0.0843924 0.0948135 0.0807402 0.1048832 0.0881656 0.0848649 0.0952652 0.0857067 0.0901824 0.1198467 0.1064964 0.1102772 0.0900174 0.0932054 0.0953214 0.0924567 0.1014834 0.1039797 0.0867380 0.1132255 0.0693358 0.0976164 0.0990209 0.0968501 
S0320         0.1705983 0.0453394 0.1310334 0.0345622 0.0744456 0.0711165 0.0915311 0.0352556 0.0712164 0.1175596 0.0856944 0.0394589 0.0809726 0.1006850 0.0000000 0.0875895 0.0643357 0.0938720 0.0508477 0.0945903 0.0802845 0.0672689 0.0709486 0.0433776 0.1010892 0.0255267 0.0711865 0.0917536 0.0930482 0.0621680 0.0809337 0.1008422 0.1068591 0.0368040 0.0767085 0.0691885 0.0364913 0.0345796 0.0589934 0.0629552 0.0509604 0.0769613 0.0876924 0.1319760 0.0880063 0.0923415 0.0695032 0.0627313 0.0714003 0.0743780 0.0715240 0.0737357 0.0737996 0.0731756 0.1068219 0.0636725 0.0524149 0.0644159 0.0927261 0.0675279 0.0818692 0.0790009 0.0752047 0.1015252 0.0870391 0.1415234 0.0815476 0.0898765 0.0882314 0.0806439 0.0737633 0.1242007 0.0543405 0.1128720 0.0711928 0.0890617 0.0803376 0.1001214 0.0733308 0.0694195 0.1199442 0.0649305 0.0733777 0.0627284 0.0236179 0.0591114 0.0585095 0.1216078 0.0564509 0.0403798 0.0947676 0.0835511 0.0696531 0.0915844 0.0794845 0.0741555 0.0669709 0.0611946 0.0597838 0.0550751 0.0593019 0.0626337 0.0760105 0.0735085 0.0235646 0.0736383 0.0780691 0.0378956 0.0850959 0.0630563 0.0650762 0.0892558 0.0810014 0.0669474 0.0692571 0.0425719 0.0816021 0.0687323 0.0646509 0.0670680 0.0759782 0.0732294 0.0687471 0.0903201 0.0585533 0.0938278 0.0562747 0.0841704 0.0868536 0.0717245 
S0322         0.1691915 0.0726198 0.0920782 0.0884607 0.0575948 0.0852000 0.0167203 0.0832813 0.0721631 0.1310089 0.1052414 0.1011811 0.0219290 0.0384411 0.0875895 0.0000000 0.1084955 0.0967973 0.0885492 0.0081504 0.0873218 0.0797650 0.0874238 0.1102464 0.0993344 0.0868775 0.0659971 0.0944789 0.0132394 0.0988051 0.0775229 0.1105422 0.0275881 0.0944976 0.0909518 0.0835800 0.0913647 0.1168409 0.0832409 0.0746687 0.0937030 0.0675656 0.0032109 0.1296853 0.0835133 0.0032133 0.0904171 0.0845879 0.0661974 0.0913542 0.0683383 0.0685182 0.0736342 0.0660265 0.0422145 0.1019359 0.0952570 0.0768825 0.0269456 0.0680185 0.0711486 0.0844761 0.0736112 0.1114662 0.0693944 0.1465110 0.0855475 0.0470233 0.0408818 0.0813465 0.0722877 0.1218647 0.0670280 0.1169212 0.0729460 0.0755066 0.0834375 0.0400621 0.0726657 0.0748198 0.1272292 0.0810719 0.0891886 0.0727831 0.0864034 0.0942625 0.0886212 0.0191188 0.0968187 0.0965970 0.0554989 0.0168509 0.0862274 0.0344334 0.0806608 0.0747899 0.0832342 0.0774358 0.0757367 0.0652497 0.0665660 0.1030174 0.0815612 0.0656219 0.0775863 0.0872396 0.0728509 0.0826756 0.0675066 0.0910436 0.0810674 0.0714960 0.0770148 0.0763881 0.0857157 0.1030563 0.0920879 0.1108864 0.0763397 0.0808146 0.0856451 0.0829213 0.0966867 0.0830403 0.0730315 0.1074001 0.0566843 0.0922468 0.0806957 0.0848432 
S0327         0.1641542 0.0628159 0.0946527 0.0555145 0.0972518 0.0727093 0.1136953 0.0653302 0.0841772 0.1194848 0.1098372 0.0833665 0.0930285 0.1042887 0.0643357 0.1084955 0.0000000 0.1035184 0.0674810 0.1159551 0.0733756 0.0695410 0.0807905 0.0652932 0.1029941 0.0539143 0.0834968 0.0824554 0.1108263 0.0480508 0.0875691 0.1052621 0.1219508 0.0799065 0.0820231 0.0770680 0.0637895 0.0403498 0.0538615 0.0662275 0.0749340 0.0791268 0.1086260 0.1455799 0.1033814 0.1135814 0.0836085 0.0815531 0.0794055 0.0844477 0.0795456 0.0818018 0.0892517 0.0812298 0.1238842 0.0586028 0.0461005 0.0749988 0.1081519 0.0763387 0.0876762 0.0856109 0.0856779 0.1071015 0.0991024 0.1538605 0.0947758 0.1234780 0.0704513 0.0967951 0.0898529 0.1310841 0.0782811 0.1311336 0.0617816 0.0949206 0.0892146 0.1047575 0.0789387 0.0804879 0.1391171 0.0746844 0.0768566 0.0691917 0.0497357 0.0501068 0.0517862 0.1250473 0.0496479 0.0539724 0.1294361 0.0879503 0.0795752 0.1115465 0.0885880 0.0849059 0.0767599 0.0709289 0.0674899 0.0786724 0.0711122 0.0598430 0.0849189 0.0817762 0.0614454 0.0796459 0.0862095 0.0857310 0.0971544 0.0538187 0.0748537 0.1013588 0.0847558 0.0714980 0.0791189 0.0755442 0.0828940 0.0593356 0.0701735 0.0710720 0.0843262 0.0841773 0.0699961 0.0918405 0.0689796 0.1090559 0.0613097 0.0779468 0.0841484 0.0827078 
S0335         0.1749198 0.0510494 0.1253604 0.0984066 0.0841007 0.0728018 0.1017967 0.0976909 0.0383729 0.1269398 0.1012387 0.1074379 0.1050983 0.1022703 0.0938720 0.0967973 0.1035184 0.0000000 0.0400965 0.1018813 0.0711636 0.0754018 0.0749086 0.1087639 0.0844952 0.0937011 0.0761183 0.0772542 0.1011592 0.0915672 0.0648336 0.0916214 0.1090130 0.0963269 0.0836023 0.0708782 0.0942983 0.0751067 0.0798037 0.0649755 0.0749067 0.0784271 0.0924794 0.1354784 0.0855180 0.1016956 0.0753343 0.0571303 0.0720353 0.0740450 0.0721607 0.0743961 0.0608136 0.0738768 0.1119110 0.0927046 0.0784366 0.0582209 0.0934541 0.0553081 0.0584898 0.0651660 0.0583565 0.1165510 0.0911138 0.1465091 0.0621018 0.0913223 0.0978664 0.0660137 0.0572897 0.1147655 0.0603413 0.1194563 0.0565779 0.0734765 0.0418408 0.1005040 0.0687312 0.0422280 0.1272371 0.0625964 0.0824738 0.0366517 0.0931844 0.0854122 0.0777538 0.1116766 0.0872779 0.0966277 0.1026946 0.0982690 0.0693463 0.0994593 0.0479594 0.0405654 0.0646156 0.0630844 0.0597204 0.0408463 0.0671106 0.1083569 0.0440554 0.0364330 0.0930911 0.0805834 0.0787755 0.0993906 0.0891667 0.0800360 0.0688477 0.0889996 0.0484024 0.0344853 0.0709487 0.0988996 0.0798623 0.1030270 0.0621303 0.0676400 0.0422847 0.0217840 0.0925410 0.0678603 0.0524558 0.0931716 0.0628319 0.0477830 0.0773852 0.0587801 
S0345         0.1303367 0.0451520 0.0000010 0.0458600 0.0720378 0.0712976 0.0816702 0.0736470 0.0354064 0.1099893 0.0881581 0.0680023 0.0816702 0.0837807 0.0508477 0.0885492 0.0674810 0.0400965 0.0000000 0.0832802 0.0551949 0.0713916 0.0766802 0.0000010 0.1444813 0.0612765 0.0511741 0.0502102 0.0756559 0.0778071 0.0359538 0.0717386 0.0995540 0.0783686 0.0838474 0.0713916 0.0776404 0.0000010 0.0614802 0.0507240 0.0824973 0.0607583 0.0889955 0.1217767 0.0898551 0.0885492 0.0883030 0.0362380 0.0461930 0.0840212 0.0516218 0.0461930 0.0363200 0.0507020 0.1073793 0.0728466 0.0412286 0.0447351 0.0756788 0.0307020 0.0458086 0.0310902 0.0358180 0.0869926 0.0608659 0.1289782 0.0657966 0.0825127 0.0555896 0.0444471 0.0450524 0.1162643 0.0514085 0.1041956 0.0000010 0.0610272 0.0360039 0.0876640 0.0553373 0.0261309 0.1036465 0.0713916 0.0606453 0.0170356 0.0512306 0.0612753 0.0618266 0.0000010 0.0359436 0.0558716 0.1195209 0.0756559 0.0713916 0.0894236 0.0168039 0.0308512 0.0713916 0.0767740 0.0519676 0.0263327 0.0624500 0.0829858 0.0259950 0.0307364 0.0557515 0.0609358 0.0518555 0.0720403 0.0608659 0.0666768 0.0717404 0.0712092 0.0410589 0.0168093 0.0767740 0.0858041 0.0767738 0.0615178 0.0554866 0.0623741 0.0264915 0.0214775 0.0655894 0.0413097 0.0360890 0.0650015 0.0406790 0.0303860 0.0503137 0.0453054 
S0355         0.1689844 0.0727817 0.1087097 0.0953789 0.0621304 0.0900663 0.0149625 0.0922610 0.0768013 0.1403067 0.1105432 0.1114196 0.0168392 0.0441885 0.0945903 0.0081504 0.1159551 0.1018813 0.0832802 0.0000000 0.0922171 0.0834384 0.0923291 0.1181469 0.1087338 0.0938048 0.0705416 0.0995187 0.0115188 0.1060328 0.0871600 0.1104406 0.0331407 0.1016590 0.0913417 0.0884470 0.0983947 0.1250958 0.0901543 0.0793699 0.0949975 0.0721026 0.0114958 0.1318888 0.0885046 0.0115046 0.0954131 0.0919636 0.0707577 0.0964109 0.0729393 0.0731326 0.0831644 0.0682659 0.0502833 0.1094380 0.1024788 0.0836720 0.0323566 0.0752172 0.0805378 0.0944253 0.0831402 0.1078731 0.0739452 0.1487774 0.0904363 0.0496809 0.0409866 0.0860579 0.0769329 0.1212665 0.0671776 0.1163512 0.0891252 0.0850764 0.0882939 0.0458096 0.0773425 0.0795323 0.1265985 0.0858799 0.0942143 0.0774651 0.0932881 0.1015557 0.0957145 0.0162482 0.1040285 0.1037837 0.0582363 0.0167952 0.0911646 0.0421674 0.0854367 0.0791223 0.0880778 0.0822215 0.0805197 0.0697288 0.0711525 0.1104537 0.0864000 0.0701298 0.0842733 0.0871691 0.0775438 0.0893264 0.0720382 0.0982013 0.0858757 0.0760827 0.0817663 0.0810934 0.0906177 0.1103549 0.0970823 0.1183991 0.0810445 0.0856038 0.0905390 0.0877418 0.1038869 0.0930239 0.0749890 0.1127385 0.0609920 0.0972489 0.0854786 0.0868518 
S0376         0.1704155 0.0319132 0.0836213 0.0797139 0.0708286 0.0441434 0.0900752 0.0862080 0.0584401 0.0896821 0.0777543 0.0986187 0.0753077 0.0969976 0.0802845 0.0873218 0.0733756 0.0711636 0.0551949 0.0922171 0.0000000 0.0402586 0.0498487 0.0900103 0.0635403 0.0782802 0.0590086 0.0254591 0.0913657 0.0731147 0.0624978 0.0721732 0.1007723 0.0858558 0.0571917 0.0461015 0.0828007 0.0608412 0.0600355 0.0406517 0.0567713 0.0650294 0.0831098 0.1166734 0.0610904 0.0897970 0.0501118 0.0630689 0.0589591 0.0505904 0.0591865 0.0613098 0.0631660 0.0608560 0.1038377 0.0696827 0.0651527 0.0501516 0.0889565 0.0510643 0.0523395 0.0646998 0.0541222 0.0762318 0.0737615 0.1435221 0.0577439 0.1051319 0.0668615 0.0725694 0.0658915 0.1143043 0.0517006 0.1060780 0.0437245 0.0604406 0.0545428 0.0909906 0.0458406 0.0544197 0.1134927 0.0422288 0.0606147 0.0424738 0.0750681 0.0630418 0.0644414 0.0943108 0.0690482 0.0759102 0.1230935 0.0719151 0.0463923 0.0878365 0.0645605 0.0609631 0.0441084 0.0406900 0.0352803 0.0428320 0.0405635 0.0865357 0.0604783 0.0562958 0.0797713 0.0587918 0.0653439 0.0906922 0.0716995 0.0645357 0.0442225 0.0758917 0.0624105 0.0501898 0.0461424 0.1030734 0.0560826 0.0861017 0.0420563 0.0467237 0.0625266 0.0560903 0.0769585 0.0654586 0.0446102 0.0757439 0.0444522 0.0643726 0.0217404 0.0569067 
S0400         0.1537654 0.0445162 0.0608931 0.0606213 0.0583768 0.0046196 0.0796257 0.0721005 0.0632183 0.0169452 0.0490380 0.0997311 0.0728294 0.0859287 0.0672689 0.0797650 0.0695410 0.0754018 0.0713916 0.0834384 0.0402586 0.0000000 0.0069558 0.0893347 0.0689038 0.0644456 0.0493244 0.0456838 0.0790335 0.0725831 0.0631234 0.0765657 0.0891384 0.0812336 0.0119584 0.0046280 0.0639370 0.0000010 0.0460348 0.0347831 0.0046113 0.0487848 0.0798977 0.1393363 0.0575554 0.0829043 0.0093808 0.0772312 0.0437543 0.0119148 0.0467379 0.0437543 0.0639956 0.0405543 0.0933620 0.0576211 0.0697566 0.0454919 0.0821216 0.0411782 0.0602029 0.0634869 0.0512200 0.0433708 0.0695000 0.1540562 0.0479863 0.1112382 0.0706393 0.0688046 0.0669297 0.1310425 0.0501805 0.1160993 0.0297845 0.0636890 0.0604039 0.0917725 0.0318173 0.0539362 0.1232713 0.0022998 0.0377497 0.0431825 0.0666892 0.0488351 0.0489664 0.0739733 0.0628535 0.0787115 0.1417997 0.0753399 0.0046652 0.0934004 0.0567237 0.0640215 0.0046172 0.0046501 0.0300643 0.0438492 0.0323196 0.0605965 0.0630205 0.0599411 0.0665178 0.0378481 0.0468558 0.0832584 0.0695000 0.0486200 0.0000022 0.0695385 0.0629746 0.0485050 0.0046373 0.0942354 0.0514266 0.0724551 0.0267609 0.0325604 0.0548360 0.0541854 0.0595143 0.0639829 0.0348515 0.0753719 0.0323303 0.0659110 0.0404258 0.0548068 
S0405         0.1477069 0.0399545 0.0669917 0.0724287 0.0635800 0.0147161 0.0858613 0.0765149 0.0620971 0.0564022 0.0478942 0.0979171 0.0756983 0.0969497 0.0709486 0.0874238 0.0807905 0.0749086 0.0766802 0.0923291 0.0498487 0.0069558 0.0000000 0.0883619 0.0675291 0.0731057 0.0582584 0.0560325 0.0916846 0.0763743 0.0659923 0.0765795 0.1066219 0.0805428 0.0202251 0.0097390 0.0774997 0.0672361 0.0618726 0.0346869 0.0092926 0.0581958 0.0875262 0.1163744 0.0646379 0.0921619 0.0164771 0.0752172 0.0544110 0.0166224 0.0544990 0.0565651 0.0646317 0.0521840 0.0994597 0.0690326 0.0707586 0.0515456 0.0892632 0.0487987 0.0597013 0.0642588 0.0574420 0.0406163 0.0754048 0.1317083 0.0551539 0.1088749 0.0763752 0.0720003 0.0653663 0.1083227 0.0599957 0.1013021 0.0360376 0.0686496 0.0641693 0.0956261 0.0438111 0.0580526 0.1086083 0.0097293 0.0501729 0.0422655 0.0746682 0.0624651 0.0618319 0.0866031 0.0723242 0.0790586 0.1209068 0.0810374 0.0097938 0.0946309 0.0682493 0.0646616 0.0113812 0.0098477 0.0368409 0.0525568 0.0310804 0.0791473 0.0641451 0.0599318 0.0745971 0.0483899 0.0566714 0.0891612 0.0735089 0.0599889 0.0114073 0.0692543 0.0640404 0.0537795 0.0130774 0.0993079 0.0439619 0.0809125 0.0342800 0.0423799 0.0622120 0.0558112 0.0741429 0.0686846 0.0403929 0.0791483 0.0401920 0.0700170 0.0538004 0.0563963 
S0407sl       0.2000045 0.0523782 0.1209538 0.0338912 0.0912075 0.0887100 0.1236860 0.0473541 0.0807184 0.1557882 0.1145894 0.0525440 0.1056073 0.1142122 0.0433776 0.1102464 0.0652932 0.1087639 0.0000010 0.1181469 0.0900103 0.0893347 0.0883619 0.0000000 0.0935777 0.0248877 0.1028498 0.1117820 0.1189499 0.0520432 0.1021013 0.1205342 0.1299649 0.0339356 0.0892205 0.0856645 0.0308476 0.0351116 0.0674013 0.0707724 0.0000010 0.1026854 0.1025464 0.1472355 0.1063815 0.1187777 0.0855176 0.0780000 0.1066818 0.0897394 0.1030556 0.1114904 0.1046769 0.1035865 0.1368146 0.0756083 0.0659744 0.0845606 0.1258752 0.0915269 0.0807514 0.1061051 0.0920448 0.1375844 0.1068919 0.1518022 0.0988939 0.1694059 0.0910048 0.1074335 0.0987345 0.1156905 0.1000170 0.1248259 0.0556056 0.0913745 0.0954021 0.1303965 0.0966723 0.0817887 0.1370571 0.0815685 0.0973331 0.0809405 0.0247337 0.0719931 0.0703443 0.1200434 0.0702199 0.0341866 0.1303394 0.0825162 0.0900338 0.1117811 0.0989398 0.0848985 0.0850884 0.0717394 0.0792086 0.0827895 0.0708137 0.0634310 0.0969432 0.0803660 0.0395200 0.0976064 0.1140813 0.0216095 0.1032594 0.0708338 0.0816183 0.1032594 0.0965462 0.0734828 0.0855176 0.0496445 0.0992861 0.0761716 0.0847551 0.0847551 0.0955311 0.0955896 0.0896776 0.1148326 0.0815849 0.1306149 0.0761141 0.0912096 0.1128535 0.0933912 
S0412sl       0.1877636 0.0639344 0.0959667 0.1026676 0.0873784 0.0602845 0.1113597 0.0961709 0.0765139 0.1134437 0.0981847 0.1283619 0.1123767 0.1201678 0.1010892 0.0993344 0.1029941 0.0844952 0.1444813 0.1087338 0.0635403 0.0689038 0.0675291 0.0935777 0.0000000 0.1004858 0.0807657 0.0839585 0.1109617 0.0893722 0.0761710 0.0914221 0.1244650 0.0989699 0.0773821 0.0628716 0.1038825 0.0662900 0.0782382 0.0557263 0.1235180 0.0821002 0.0939278 0.1524689 0.0539839 0.1052423 0.0679733 0.0888392 0.0759395 0.0659157 0.0760979 0.0759918 0.0797725 0.0818082 0.1144391 0.0846225 0.0900573 0.0583224 0.1106111 0.0646675 0.0709060 0.0766430 0.0655744 0.1189520 0.1011264 0.1670019 0.0779572 0.1256429 0.1197251 0.0943002 0.0861313 0.1361051 0.0799057 0.1392688 0.0238461 0.0843512 0.0788487 0.1158829 0.0628577 0.0689923 0.1495069 0.0557230 0.0810089 0.0558721 0.1027039 0.0765241 0.0833007 0.0989628 0.1000313 0.0924674 0.1408295 0.1039376 0.0582058 0.1004571 0.0739544 0.0798820 0.0580552 0.0538560 0.0335044 0.0545311 0.0532865 0.1121250 0.0739643 0.0737444 0.1000298 0.0759643 0.0808945 0.1208029 0.0987669 0.0810213 0.0556404 0.1011744 0.0814995 0.0660433 0.0629427 0.1286383 0.0728037 0.1140907 0.0597788 0.0584431 0.0711664 0.0685860 0.0961255 0.0798913 0.0586622 0.1002776 0.0629016 0.0865010 0.0757245 0.0644732 
S0417         0.1616530 0.0512538 0.1131962 0.0271108 0.0742150 0.0732790 0.0878417 0.0311291 0.0751231 0.1144887 0.0902694 0.0413703 0.0674178 0.0864863 0.0255267 0.0868775 0.0539143 0.0937011 0.0612765 0.0938048 0.0782802 0.0644456 0.0731057 0.0248877 0.1004858 0.0000000 0.0686074 0.0874521 0.0902050 0.0541345 0.0834831 0.1032619 0.1059230 0.0365273 0.0762620 0.0693863 0.0290028 0.0346145 0.0528120 0.0605758 0.0573459 0.0811228 0.0869786 0.1289842 0.0923855 0.0915787 0.0716701 0.0687360 0.0688113 0.0765921 0.0689286 0.0711058 0.0828728 0.0773223 0.1080511 0.0597596 0.0442955 0.0643177 0.0875931 0.0697367 0.0795696 0.0815338 0.0774071 0.0983904 0.0835383 0.1370712 0.0816004 0.0997529 0.0745944 0.0903942 0.0834332 0.1179205 0.0568849 0.1090536 0.0488391 0.0839270 0.0844510 0.0969656 0.0732118 0.0714664 0.1159862 0.0630063 0.0779103 0.0586478 0.0199855 0.0552615 0.0547014 0.1115542 0.0502187 0.0403890 0.1049598 0.0703204 0.0698040 0.0929028 0.0773741 0.0693283 0.0629736 0.0633074 0.0639916 0.0673451 0.0612612 0.0585614 0.0800878 0.0728196 0.0234470 0.0781898 0.0753749 0.0322686 0.0816314 0.0567915 0.0672068 0.0857023 0.0831192 0.0709177 0.0714150 0.0385280 0.0814638 0.0580218 0.0645519 0.0646348 0.0758522 0.0731108 0.0630280 0.0930557 0.0584671 0.0958556 0.0497115 0.0862739 0.0848182 0.0716085 
S0419         0.1570903 0.0429677 0.0216659 0.0769122 0.0447388 0.0583944 0.0658979 0.0760641 0.0612379 0.1009213 0.0849348 0.0983047 0.0673448 0.0771991 0.0711865 0.0659971 0.0834968 0.0761183 0.0511741 0.0705416 0.0590086 0.0493244 0.0582584 0.1028498 0.0807657 0.0686074 0.0000000 0.0715120 0.0700627 0.0745921 0.0623558 0.0915531 0.0839509 0.0841920 0.0635341 0.0565210 0.0839801 0.0883875 0.0706396 0.0507822 0.0513198 0.0307700 0.0703345 0.1122067 0.0695085 0.0704145 0.0607431 0.0573197 0.0032124 0.0613374 0.0064652 0.0048450 0.0610530 0.0218521 0.0854108 0.0783629 0.0669174 0.0524404 0.0678185 0.0469229 0.0580236 0.0604519 0.0585015 0.0837411 0.0464343 0.1310464 0.0624438 0.0764932 0.0621849 0.0701614 0.0635018 0.1122399 0.0000010 0.1077055 0.0629136 0.0647303 0.0606277 0.0777154 0.0543230 0.0530825 0.1152619 0.0524618 0.0632589 0.0449269 0.0768804 0.0714987 0.0685088 0.0722947 0.0705903 0.0751663 0.0961549 0.0698695 0.0568896 0.0726772 0.0674879 0.0575688 0.0544205 0.0450304 0.0492161 0.0497621 0.0449256 0.0858194 0.0633183 0.0530151 0.0683903 0.0614131 0.0081295 0.0829451 0.0446364 0.0706947 0.0545666 0.0483720 0.0633479 0.0527990 0.0565739 0.0965516 0.0618595 0.0811879 0.0501637 0.0572661 0.0613526 0.0588219 0.0811729 0.0636038 0.0448866 0.0817411 0.0289205 0.0692868 0.0589691 0.0574023 
S0427         0.1660124 0.0373986 0.1139796 0.0910848 0.0729077 0.0540534 0.0950843 0.0980782 0.0689766 0.0990104 0.0847710 0.1186113 0.0752278 0.1090016 0.0917536 0.0944789 0.0824554 0.0772542 0.0502102 0.0995187 0.0254591 0.0456838 0.0560325 0.1117820 0.0839585 0.0874521 0.0715120 0.0000000 0.0988159 0.0747357 0.0752655 0.0811857 0.1082382 0.0976809 0.0678204 0.0560916 0.0900044 0.0830552 0.0644376 0.0485420 0.0454943 0.0735669 0.0945907 0.1347950 0.0805179 0.0993376 0.0602765 0.0724138 0.0674911 0.0567897 0.0676059 0.0697963 0.0760856 0.0692694 0.1114233 0.0736691 0.0718563 0.0584292 0.0919278 0.0574196 0.0646501 0.0713885 0.0664677 0.0761495 0.0827732 0.1470798 0.0600623 0.1056560 0.0639527 0.0771741 0.0704779 0.1223481 0.0603912 0.1188021 0.0643552 0.0690121 0.0627481 0.0916500 0.0557674 0.0648050 0.1265258 0.0520668 0.0692514 0.0446894 0.0862180 0.0669526 0.0689473 0.1112393 0.0778685 0.0893136 0.1175405 0.0777198 0.0564544 0.0950444 0.0753133 0.0716722 0.0501530 0.0505547 0.0450099 0.0547943 0.0503901 0.0925987 0.0710838 0.0667269 0.0955106 0.0694006 0.0699318 0.1037033 0.0808399 0.0649829 0.0541533 0.0849659 0.0730710 0.0603652 0.0561436 0.1109435 0.0624611 0.0933043 0.0518499 0.0568655 0.0732093 0.0664780 0.0748833 0.0785259 0.0463871 0.0847808 0.0544414 0.0729776 0.0308229 0.0676200 
S0430         0.1626534 0.0716032 0.1087097 0.0961958 0.0660243 0.0894394 0.0098551 0.0930596 0.0762766 0.1308229 0.1051295 0.1092984 0.0070272 0.0421059 0.0930482 0.0132394 0.1108263 0.1011592 0.0756559 0.0115188 0.0913657 0.0790335 0.0916846 0.1189499 0.1109617 0.0902050 0.0700627 0.0988159 0.0000000 0.0966157 0.0890309 0.1127679 0.0312112 0.1046831 0.0953014 0.0878289 0.0968742 0.1355238 0.0899330 0.0788225 0.0858826 0.0716160 0.0166741 0.1350518 0.0901480 0.0166874 0.0903213 0.0914350 0.0701176 0.0957228 0.0724405 0.0726312 0.0828333 0.0678052 0.0443290 0.1068862 0.0996357 0.0810635 0.0268645 0.0749195 0.0778695 0.0960457 0.0828087 0.1027657 0.0777407 0.1521604 0.0898043 0.0414989 0.0405359 0.0901325 0.0810131 0.1242949 0.0665367 0.1193237 0.0891252 0.0847378 0.0876780 0.0400213 0.0768102 0.0789834 0.1296955 0.0852838 0.0935427 0.0769313 0.0897053 0.1012929 0.0954733 0.0134118 0.0960592 0.1009505 0.0496108 0.0070089 0.0905220 0.0384777 0.0848472 0.0789528 0.0874649 0.0816488 0.0773399 0.0742917 0.0706660 0.1030751 0.0857969 0.0696569 0.0827275 0.0865547 0.0768334 0.0834023 0.0756644 0.0979517 0.0852792 0.0798883 0.0790770 0.0805368 0.0899829 0.1088635 0.0963993 0.1132314 0.0804883 0.0904789 0.0899057 0.0871338 0.1005313 0.0972603 0.0771993 0.1146220 0.0605908 0.0965639 0.0848880 0.0889572 
S0478         0.1670730 0.0594696 0.0957825 0.0597298 0.0855834 0.0765537 0.1038261 0.0655729 0.0779851 0.1303401 0.1048957 0.0837652 0.0891704 0.1111778 0.0621680 0.0988051 0.0480508 0.0915672 0.0778071 0.1060328 0.0731147 0.0725831 0.0763743 0.0520432 0.0893722 0.0541345 0.0745921 0.0747357 0.0966157 0.0000000 0.0813924 0.1008129 0.1173633 0.0689226 0.0822615 0.0746294 0.0640533 0.0282244 0.0480543 0.0645346 0.0749435 0.0720710 0.0989223 0.1373095 0.0939355 0.1037230 0.0791184 0.0816645 0.0705984 0.0799068 0.0707190 0.0729016 0.0802223 0.0724028 0.1168508 0.0567420 0.0406328 0.0664714 0.0983601 0.0697117 0.0788301 0.0752414 0.0795103 0.1068660 0.0950172 0.1456106 0.0794397 0.1154201 0.0809945 0.0853586 0.0763208 0.1282000 0.0714140 0.1289048 0.0631691 0.0906973 0.0780848 0.1056170 0.0704495 0.0736677 0.1361488 0.0703451 0.0835429 0.0607706 0.0538580 0.0504723 0.0460976 0.1145056 0.0422644 0.0561032 0.1210748 0.0887883 0.0751312 0.1044236 0.0773123 0.0786576 0.0723923 0.0689007 0.0612301 0.0722065 0.0647850 0.0659983 0.0801576 0.0756346 0.0616974 0.0816737 0.0771784 0.0825748 0.0930717 0.0480906 0.0705028 0.0972589 0.0821992 0.0690300 0.0747042 0.0804228 0.0785781 0.0494103 0.0659177 0.0692682 0.0754818 0.0753468 0.0599573 0.0879832 0.0605834 0.1046909 0.0614762 0.0794050 0.0794889 0.0738500 
