134
PAFTOL_019361 0.0000000 0.2976965 0.2964198 0.3023669 0.2874114 0.2898464 0.3226958 0.3075767 0.2882304 0.3018932 0.3507119 0.2859113 0.3249994 0.3500922 0.3154593 0.3355585 0.2921819 0.2591710 0.2562747 0.3146012 0.2723700 0.2950216 0.2707393 0.3176940 0.3549470 0.2877495 0.2851181 0.2786140 0.2932520 0.3227126 0.2478626 0.3275328 0.3643588 0.3256895 0.3366559 0.2981907 0.3106560 0.2777334 0.3164268 0.2756108 0.2691307 0.3146808 0.2668778 0.2606029 0.3150940 0.3343243 0.3014421 0.3177189 0.3518949 0.2871750 0.3053558 0.2725764 0.2900531 0.2840340 0.2733182 0.3588737 0.2529470 0.2517536 0.3114532 0.2557300 0.2850384 0.2893892 0.2960824 0.3082750 0.3157898 0.3159228 0.3022157 0.3403606 0.3327306 0.2974542 0.3424692 0.3268968 0.3224022 0.3241376 0.3275026 0.3284175 0.2776308 0.3261219 0.2884897 0.3501954 0.2912603 0.3470419 0.2912905 0.3272974 0.3408112 0.2842143 0.2900585 0.2975353 0.3047136 0.2567060 0.2850340 0.3313940 0.2761231 0.3101820 0.3291831 0.0000010 0.3322333 0.2870450 0.3151002 0.2964219 0.3104797 0.2894804 0.2484887 0.2981524 0.3185028 0.2725308 0.2559500 0.3028820 0.2891910 0.3234358 0.2728558 0.2835942 0.2895566 0.2938412 0.2806784 0.2839388 0.2834642 0.2556361 0.3018680 0.3041646 0.2878466 0.2860820 0.2780240 0.3042460 0.2970777 0.2694294 0.2617894 0.2843648 0.2946223 0.4879293 0.2772409 0.2643224 0.2880280 0.2849405 
S0055         0.2976965 0.0000000 0.0764103 0.1204821 0.0889169 0.0585274 0.1312731 0.1221837 0.0924301 0.0697551 0.0980389 0.1241328 0.1279280 0.1378155 0.1166668 0.1242304 0.1013256 0.0992098 0.1220506 0.1297912 0.0782907 0.0552955 0.0605616 0.1200190 0.0883264 0.1103130 0.0744292 0.0842313 0.1123667 0.1371673 0.0858061 0.1050932 0.0930977 0.1160074 0.1295008 0.1146835 0.0659865 0.0593186 0.1149125 0.0871561 0.0926614 0.0585052 0.0649002 0.0812003 0.1328155 0.1599411 0.0672987 0.1286998 0.1306430 0.0603202 0.1118606 0.0729723 0.0613500 0.0729903 0.0699901 0.1198191 0.0817837 0.0932927 0.1101469 0.0890136 0.0923911 0.0705380 0.1278389 0.1078920 0.1106469 0.1056865 0.1016888 0.1058235 0.0988740 0.0924314 0.1746222 0.1010857 0.1182195 0.1160453 0.1120780 0.1563816 0.0715042 0.1459438 0.0942913 0.1170929 0.0999996 0.1111623 0.0755378 0.1140748 0.1575563 0.0603859 0.0666376 0.0977868 0.1140645 0.0875475 0.0939698 0.1284232 0.0951789 0.1276243 0.1134575 0.1168170 0.1255050 0.0608104 0.1211565 0.1097703 0.1042070 0.0591112 0.0495421 0.0351645 0.1228525 0.0650029 0.0972950 0.1008079 0.0967059 0.1232741 0.0574286 0.0752628 0.1138569 0.0934893 0.0935428 0.0591916 0.1004919 0.0871416 0.0675228 0.1124535 0.0575890 0.1054054 0.0552614 0.0540239 0.1057000 0.1010591 0.0975443 0.0948661 0.0716808 0.1939901 0.0756809 0.0905607 0.0807064 0.0742128 
S0196sl       0.2964198 0.0764103 0.0000000 0.1081827 0.0545070 0.0755036 0.1170956 0.1139804 0.0843635 0.0855205 0.1176307 0.1112895 0.1135204 0.1212053 0.1125925 0.1125522 0.1047429 0.0812083 0.1068188 0.1159947 0.0896178 0.0732907 0.0748096 0.1136115 0.1044976 0.1096910 0.0195193 0.0940750 0.1075329 0.1253123 0.0829751 0.0927722 0.1084691 0.1030382 0.1174481 0.1080430 0.0856001 0.0678389 0.1114377 0.0847997 0.0958270 0.0756296 0.0783962 0.0470840 0.1167522 0.1520636 0.0893941 0.1171737 0.1207205 0.0737337 0.0959318 0.0173049 0.0766095 0.0159754 0.0137312 0.1001945 0.0497535 0.0919901 0.0993306 0.0919994 0.0932927 0.0564175 0.1172340 0.0971545 0.0942388 0.0913412 0.0892074 0.0928777 0.1293815 0.0592847 0.1638121 0.0879861 0.1110288 0.0966985 0.0920016 0.1419384 0.0168595 0.1337338 0.0994793 0.1031099 0.0900910 0.1042433 0.0864302 0.1075270 0.1463948 0.0765112 0.0790897 0.0801019 0.1109930 0.0914762 0.0958468 0.1151113 0.0942421 0.1157049 0.1000367 0.1057257 0.1123868 0.0789983 0.1146254 0.0921538 0.0936841 0.0751438 0.0669869 0.0743339 0.1106728 0.0787375 0.0947947 0.0894902 0.0859453 0.1147141 0.0706614 0.0199626 0.1015387 0.0582196 0.0956862 0.0756691 0.0932865 0.0745533 0.0832001 0.1113082 0.0724103 0.1023716 0.0713813 0.0714156 0.0910505 0.0826884 0.0971719 0.0770552 0.0577113 0.1840238 0.0433709 0.0740403 0.0870207 0.0621580 
S0278         0.3023669 0.1204821 0.1081827 0.0000000 0.1207986 0.1172087 0.1467843 0.0639478 0.1219392 0.1276339 0.1554618 0.0610268 0.1450966 0.1587353 0.0583378 0.1466355 0.0709203 0.1225418 0.1567383 0.1463872 0.1295493 0.1162314 0.1167495 0.0736368 0.1379861 0.0691702 0.1063969 0.1352887 0.0577365 0.1529816 0.0730730 0.1273038 0.1439195 0.1440483 0.1486078 0.0599202 0.1304195 0.1145626 0.0587033 0.0769529 0.0931857 0.1136617 0.1274224 0.1089925 0.1503390 0.1660879 0.1277325 0.1494398 0.1508261 0.1165081 0.1315595 0.1026084 0.1193918 0.1044439 0.1035432 0.1400469 0.1134439 0.0866469 0.1369807 0.0881796 0.0880321 0.1068122 0.0683703 0.1268808 0.1311195 0.1278208 0.1260270 0.1321531 0.1721314 0.1193790 0.1800676 0.1306691 0.1480920 0.1399632 0.1316956 0.1561830 0.1037471 0.1430296 0.0869387 0.1370134 0.1297105 0.1428263 0.1194505 0.1463903 0.1578423 0.1167390 0.1176090 0.1292388 0.0650771 0.0870526 0.0914429 0.1433068 0.0827108 0.0505321 0.1386674 0.1378999 0.1412997 0.1188450 0.1433107 0.1399236 0.1307015 0.1136361 0.1043426 0.1165749 0.1436223 0.1184496 0.0882864 0.1273380 0.1240629 0.0585474 0.1093793 0.1089581 0.0614210 0.1208548 0.0891098 0.1121638 0.1252811 0.1148969 0.1224447 0.0615671 0.1099658 0.1035749 0.1058373 0.1149191 0.1371457 0.1223513 0.0919242 0.1200201 0.1064846 0.1949039 0.1059076 0.1171452 0.1259136 0.1106109 
S0281         0.2874114 0.0889169 0.0545070 0.1207986 0.0000000 0.0857834 0.1205931 0.1075915 0.0888776 0.1005191 0.1217327 0.1139461 0.1182864 0.1306873 0.1160503 0.1221724 0.1053230 0.0849012 0.1125039 0.1246881 0.0990490 0.0836593 0.0880639 0.1199769 0.1053330 0.1120895 0.0495444 0.0997846 0.1142759 0.1279985 0.0926116 0.0991033 0.1172686 0.1165502 0.1226213 0.1126734 0.0898296 0.0851136 0.1205460 0.0944340 0.0982714 0.0832738 0.0944665 0.0512665 0.1203235 0.1587175 0.0916349 0.1223603 0.1300909 0.0822991 0.1047267 0.0468249 0.0877985 0.0477850 0.0431554 0.1007032 0.0524200 0.1017366 0.1101959 0.0935732 0.0983142 0.0717383 0.1261417 0.1069078 0.1020936 0.1001454 0.0989844 0.1003423 0.1330475 0.0662205 0.1669499 0.1025555 0.1223175 0.1074708 0.1025396 0.1549306 0.0458864 0.1456229 0.1028317 0.1116441 0.0932442 0.1113663 0.0935203 0.1086287 0.1546721 0.0866643 0.0888884 0.0864448 0.1122788 0.0935074 0.0991670 0.1247491 0.0985233 0.1304040 0.1105619 0.1103878 0.1174919 0.0875832 0.1231182 0.0975437 0.0980981 0.0854848 0.0758090 0.0850638 0.1082134 0.0881965 0.0995596 0.0987623 0.0944633 0.1195467 0.0814641 0.0490868 0.1157594 0.0662643 0.0968570 0.0864796 0.0958013 0.0821610 0.0930364 0.1142193 0.0834175 0.1102008 0.0822820 0.0805041 0.0947097 0.0859789 0.0997170 0.0855097 0.0728892 0.2024509 0.0542831 0.0825794 0.0945259 0.0777636 
S0282         0.2898464 0.0585274 0.0755036 0.1172087 0.0857834 0.0000000 0.1262970 0.1144238 0.0953178 0.0249306 0.1000182 0.1116073 0.1231711 0.1360706 0.1113989 0.1220319 0.1020491 0.0979299 0.1222443 0.1246250 0.0684336 0.0162393 0.0287653 0.1166396 0.0815307 0.1064834 0.0741929 0.0801684 0.1102118 0.1283498 0.0870860 0.1036387 0.0884090 0.1170620 0.1246500 0.1121629 0.0469572 0.0267339 0.1119119 0.0876731 0.0986739 0.0564636 0.0251513 0.0825062 0.1274427 0.1553943 0.0680885 0.1232253 0.1377408 0.0305950 0.1070177 0.0699456 0.0203644 0.0700272 0.0688185 0.1138767 0.0849992 0.0963998 0.1058849 0.0920188 0.0980511 0.0707931 0.1213355 0.1046086 0.1069534 0.1031161 0.1022294 0.1046756 0.0982945 0.0953364 0.1663549 0.0988493 0.1242475 0.1126898 0.1061807 0.1515785 0.0708753 0.1361870 0.0978898 0.1171300 0.1001881 0.1120629 0.0614819 0.1113018 0.1472614 0.0220042 0.0600446 0.0902108 0.1087531 0.0905118 0.0975477 0.1272838 0.0947638 0.1224349 0.1100699 0.1124350 0.1205618 0.0307922 0.1193428 0.1064819 0.1055652 0.0211945 0.0236981 0.0554412 0.1207090 0.0517741 0.0954629 0.1047451 0.0997119 0.1118913 0.0527549 0.0732321 0.1059815 0.0939265 0.0968279 0.0199686 0.1045253 0.0878810 0.0393057 0.1101752 0.0479460 0.1108850 0.0474102 0.0515031 0.1051582 0.0988179 0.0981062 0.0891905 0.0705109 0.1888221 0.0707746 0.0893742 0.0767315 0.0744363 
S0288         0.3226958 0.1312731 0.1170956 0.1467843 0.1205931 0.1262970 0.0000000 0.1518080 0.1251923 0.1408484 0.1588257 0.1489445 0.0118759 0.0926307 0.1475924 0.0135222 0.1422490 0.1179283 0.1420540 0.0170967 0.1347009 0.1224639 0.1221582 0.1599702 0.1428449 0.1410409 0.1102719 0.1427453 0.1405966 0.0144363 0.1281634 0.1335055 0.1515309 0.0893606 0.0116107 0.1484201 0.1325984 0.1231663 0.1504495 0.1213538 0.1379994 0.1207721 0.1319077 0.1221504 0.0107219 0.1799417 0.1371156 0.0102768 0.1494060 0.1225233 0.1392100 0.1096118 0.1269386 0.1118736 0.1100598 0.1387761 0.1242923 0.1330749 0.0846607 0.1379628 0.1342371 0.1106321 0.1468751 0.0420204 0.1342283 0.1283273 0.1325898 0.1328610 0.1728305 0.1121657 0.1892215 0.1346952 0.0891573 0.1426069 0.1355163 0.1726579 0.1112457 0.1607990 0.1255349 0.1398677 0.1249946 0.0901535 0.1326493 0.1484800 0.1725899 0.1224502 0.1283260 0.1291803 0.1521166 0.1366602 0.1418990 0.0161895 0.1256757 0.1641877 0.0812922 0.0072473 0.0058396 0.1274937 0.0931019 0.1271995 0.1351781 0.1223406 0.1128380 0.1236364 0.1514698 0.1266030 0.1313942 0.1312084 0.1286172 0.1577002 0.1214923 0.1156517 0.1420029 0.1116740 0.1373590 0.1236272 0.1305069 0.1121850 0.1329267 0.1488657 0.1244132 0.1392299 0.1207953 0.1170548 0.1256761 0.1191072 0.1371053 0.1219426 0.1108645 0.2060012 0.1162515 0.1112551 0.1305453 0.1105935 
S0289         0.3075767 0.1221837 0.1139804 0.0639478 0.1075915 0.1144238 0.1518080 0.0000000 0.1248519 0.1299574 0.1478640 0.0637893 0.1503253 0.1628262 0.0513074 0.1467035 0.0721004 0.1234197 0.1558570 0.1538512 0.1269514 0.1143927 0.1172483 0.0720461 0.1359842 0.0556709 0.1082932 0.1289977 0.0610625 0.1561347 0.0749885 0.1337553 0.1408948 0.1406309 0.1503195 0.0551995 0.1296459 0.1152462 0.0587561 0.0748086 0.0900954 0.1135953 0.1313935 0.1129360 0.1521356 0.1657317 0.1227965 0.1541522 0.1530926 0.1101936 0.1390163 0.1048091 0.1189418 0.1054453 0.1046050 0.1401518 0.1164652 0.0830984 0.1402908 0.0853198 0.0820199 0.1125373 0.0664222 0.1274715 0.1384678 0.1303903 0.1358029 0.1355363 0.1599314 0.1221071 0.1783698 0.1365599 0.1555695 0.1421400 0.1385770 0.1639293 0.1064399 0.1421577 0.0857354 0.1461649 0.1262726 0.1467055 0.1215385 0.1446579 0.1547719 0.1166994 0.1185102 0.1238060 0.0575424 0.0838098 0.0882715 0.1521855 0.0767649 0.0670620 0.1407388 0.1362916 0.1449348 0.1167983 0.1517579 0.1408342 0.1285133 0.1131966 0.1041722 0.1121837 0.1449705 0.1166517 0.0874487 0.1316662 0.1269195 0.0624679 0.1130234 0.1075396 0.0641323 0.1236918 0.0857235 0.1140337 0.1286496 0.1155434 0.1264289 0.0623074 0.1107088 0.0975107 0.1071510 0.1095491 0.1358915 0.1246029 0.0894349 0.1200188 0.1123288 0.1899447 0.1062360 0.1180312 0.1242276 0.1164935 
S0292         0.2882304 0.0924301 0.0843635 0.1219392 0.0888776 0.0953178 0.1251923 0.1248519 0.0000000 0.1068792 0.1347858 0.1196561 0.1247903 0.1333707 0.1234963 0.1235736 0.1102452 0.0775691 0.1084487 0.1291199 0.1005770 0.0911251 0.0920722 0.1256928 0.1182438 0.1223196 0.0782868 0.1089344 0.1191826 0.1313719 0.0981646 0.0959850 0.1190352 0.1213592 0.1244701 0.1189918 0.1050974 0.0916674 0.1200469 0.0968850 0.1070504 0.0879481 0.1031221 0.0825635 0.1274860 0.1616732 0.1012670 0.1270068 0.1200419 0.0876737 0.0964245 0.0787885 0.0938170 0.0783398 0.0762341 0.1003186 0.0825761 0.1029415 0.1170519 0.1029317 0.1039161 0.0715588 0.1341125 0.1092821 0.0982835 0.0916319 0.0906673 0.0926016 0.1393379 0.0932562 0.1718942 0.0970824 0.1316080 0.0998039 0.0939449 0.1605348 0.0787979 0.1453604 0.1126363 0.1029559 0.0874422 0.1210818 0.0962559 0.0664673 0.1552709 0.0931112 0.0992324 0.0819765 0.1207772 0.1018511 0.1065047 0.1300302 0.0980318 0.1283377 0.1129415 0.1106362 0.1202165 0.0966319 0.1293815 0.0904450 0.0251904 0.0915286 0.0809226 0.0881164 0.0712509 0.0936658 0.1070212 0.0230401 0.0201838 0.1303171 0.0898813 0.0802569 0.1166908 0.0927760 0.1052406 0.0935115 0.0545849 0.0667060 0.0976318 0.1203023 0.0911601 0.1148721 0.0882177 0.0858697 0.0873537 0.0756186 0.1104101 0.0786219 0.0737025 0.1994655 0.0757641 0.0674880 0.1005982 0.0776334 
S0293         0.3018932 0.0697551 0.0855205 0.1276339 0.1005191 0.0249306 0.1408484 0.1299574 0.1068792 0.0000000 0.1120730 0.1214388 0.1389177 0.1508408 0.1216739 0.1388373 0.1130799 0.1081519 0.1329082 0.1416655 0.0833827 0.0249067 0.0385290 0.1254679 0.0904670 0.1168834 0.0867571 0.0970211 0.1199644 0.1409169 0.0988442 0.1156642 0.1034061 0.1275816 0.1409090 0.1218182 0.0572368 0.0367187 0.1237676 0.0944445 0.1111873 0.0705761 0.0310560 0.0949138 0.1429367 0.1634705 0.0816310 0.1386789 0.1516705 0.0406393 0.1148313 0.0831447 0.0284710 0.0821695 0.0808942 0.1272870 0.0970055 0.1051714 0.1173754 0.1000894 0.1078413 0.0815380 0.1282121 0.1156005 0.1203565 0.1150411 0.1129946 0.1173855 0.1095248 0.1070828 0.1742295 0.1107924 0.1353956 0.1277847 0.1200386 0.1597074 0.0831553 0.1371946 0.0994615 0.1306883 0.1142886 0.1239369 0.0760615 0.1220338 0.1491789 0.0306702 0.0709286 0.0990494 0.1214524 0.1017703 0.1059229 0.1425392 0.1093644 0.1321543 0.1247956 0.1245544 0.1379245 0.0406230 0.1310038 0.1185426 0.1170189 0.0307225 0.0322431 0.0699491 0.1316679 0.0673708 0.1062677 0.1165820 0.1100784 0.1178238 0.0626049 0.0840585 0.1049468 0.1055693 0.1097997 0.0289439 0.1142160 0.0980036 0.0494751 0.1227311 0.0559008 0.1187846 0.0562620 0.0636412 0.1156617 0.1097097 0.1094063 0.1020918 0.0832295 0.1971618 0.0831090 0.1016914 0.0889845 0.0855336 
S0294         0.3507119 0.0980389 0.1176307 0.1554618 0.1217327 0.1000182 0.1588257 0.1478640 0.1347858 0.1120730 0.0000000 0.1543592 0.1565295 0.1614185 0.1429200 0.1570423 0.1372138 0.1342081 0.1637849 0.1602891 0.1165089 0.0991696 0.0978449 0.1508638 0.1189426 0.1434723 0.1112240 0.1250687 0.1467066 0.1647521 0.1238306 0.1457597 0.1311553 0.1533644 0.1605966 0.1455182 0.1089523 0.0950463 0.1519571 0.1178271 0.1320261 0.0935918 0.1079616 0.1193895 0.1609333 0.1895536 0.1075365 0.1583884 0.1718377 0.0987339 0.1515669 0.1085979 0.1009145 0.1101276 0.1067370 0.1555643 0.1234875 0.1271886 0.1376452 0.1238239 0.1258303 0.1125101 0.1695229 0.1365062 0.1507978 0.1468549 0.1454581 0.1466480 0.0747765 0.1301900 0.1999386 0.1390304 0.1595294 0.1551543 0.1508575 0.1797161 0.1064334 0.1675903 0.1363757 0.1571627 0.1381681 0.1494898 0.1112683 0.1493383 0.1825054 0.1003777 0.1027626 0.1328657 0.1502368 0.1220526 0.1270212 0.1599894 0.1288196 0.1572368 0.1477981 0.1462281 0.1558300 0.0971976 0.1521866 0.1474537 0.1427856 0.0975699 0.0847989 0.0976815 0.1620566 0.0987689 0.1302248 0.1423925 0.1385845 0.1516705 0.0962030 0.1097693 0.1438137 0.1286591 0.1267130 0.1006235 0.1417107 0.1256829 0.1098065 0.1387845 0.0980382 0.1425810 0.0945410 0.0870033 0.1469617 0.1337256 0.1312197 0.1338649 0.1130694 0.2079002 0.1143170 0.1280009 0.1128482 0.1148341 
S0299         0.2859113 0.1241328 0.1112895 0.0610268 0.1139461 0.1116073 0.1489445 0.0637893 0.1196561 0.1214388 0.1543592 0.0000000 0.1475364 0.1599833 0.0716834 0.1504924 0.0711591 0.1189409 0.1580051 0.1491168 0.1171653 0.1106557 0.1167601 0.0833581 0.1269828 0.0673343 0.1014346 0.1269782 0.0691585 0.1451824 0.0790606 0.1353086 0.1418124 0.1478966 0.1488358 0.0610337 0.1281936 0.1152621 0.0706240 0.0839986 0.0960587 0.1151573 0.1294855 0.1079198 0.1529688 0.1566535 0.1258867 0.1524382 0.1466780 0.1127514 0.1370142 0.1008506 0.1141422 0.1054843 0.1019117 0.1413019 0.1107098 0.0926045 0.1350449 0.0920849 0.0954980 0.1047327 0.0706743 0.1331679 0.1404271 0.1302973 0.1322276 0.1332962 0.1658410 0.1230909 0.1654739 0.1345445 0.1473838 0.1400970 0.1308925 0.1477687 0.1015105 0.1454446 0.0909533 0.1392603 0.1255697 0.1386908 0.1171731 0.1338959 0.1633500 0.1132865 0.1149422 0.1210913 0.0657672 0.0939997 0.0983267 0.1486863 0.0900409 0.0709134 0.1386955 0.1376889 0.1430116 0.1158263 0.1443913 0.1301518 0.1249089 0.1112403 0.1049615 0.1168157 0.1327073 0.1126912 0.0881832 0.1233254 0.1189244 0.0675695 0.1101863 0.1066740 0.0678581 0.1233398 0.0965767 0.1079021 0.1239155 0.1133516 0.1234477 0.0637709 0.1059335 0.1059561 0.1090888 0.1095226 0.1298546 0.1214852 0.0976394 0.1170574 0.1045814 0.1827255 0.1038626 0.1123869 0.1241848 0.1077942 
S0303         0.3249994 0.1279280 0.1135204 0.1450966 0.1182864 0.1231711 0.0118759 0.1503253 0.1247903 0.1389177 0.1565295 0.1475364 0.0000000 0.0928169 0.1461137 0.0130615 0.1409618 0.1191099 0.1467879 0.0160508 0.1327709 0.1184657 0.1181220 0.1593297 0.1460495 0.1453103 0.1066898 0.1386756 0.1434266 0.0157695 0.1244628 0.1300693 0.1464031 0.0858195 0.0091951 0.1464654 0.1310694 0.1202289 0.1478857 0.1190229 0.1346950 0.1146169 0.1341456 0.1187251 0.0095718 0.1772025 0.1312897 0.0095503 0.1527915 0.1192043 0.1350613 0.1059411 0.1243177 0.1075925 0.1058619 0.1380320 0.1212593 0.1313761 0.0821159 0.1346605 0.1319607 0.1075484 0.1530962 0.0396054 0.1303054 0.1278963 0.1291127 0.1289329 0.1667873 0.1108244 0.1882101 0.1296611 0.0853632 0.1385978 0.1316995 0.1706293 0.1075684 0.1573238 0.1280779 0.1365855 0.1248177 0.0873371 0.1300572 0.1477218 0.1680503 0.1200336 0.1252127 0.1276914 0.1511199 0.1334259 0.1396003 0.0156543 0.1233147 0.1608929 0.0777595 0.0081247 0.0073315 0.1244402 0.0928818 0.1298985 0.1361545 0.1193902 0.1083201 0.1216643 0.1480593 0.1219596 0.1314678 0.1311379 0.1286311 0.1550752 0.1175394 0.1112103 0.1441915 0.1103496 0.1343988 0.1206086 0.1272944 0.1139124 0.1308513 0.1468232 0.1198371 0.1405235 0.1181564 0.1125245 0.1261356 0.1202470 0.1319700 0.1163091 0.1088096 0.2138379 0.1147320 0.1115478 0.1271788 0.1090495 
S0308         0.3500922 0.1378155 0.1212053 0.1587353 0.1306873 0.1360706 0.0926307 0.1628262 0.1333707 0.1508408 0.1614185 0.1599833 0.0928169 0.0000000 0.1588883 0.0941520 0.1503351 0.1299906 0.1597675 0.0959023 0.1386318 0.1307106 0.1325221 0.1703415 0.1511137 0.1605837 0.1167027 0.1514068 0.1600881 0.1000120 0.1378563 0.1301512 0.1636260 0.1000064 0.0938054 0.1626466 0.1445022 0.1315134 0.1612528 0.1306868 0.1455361 0.1228297 0.1474800 0.1309977 0.0924399 0.1926475 0.1394723 0.0931440 0.1707087 0.1346228 0.1355265 0.1143740 0.1397001 0.1163976 0.1146606 0.1467615 0.1352800 0.1420089 0.0957536 0.1417468 0.1407001 0.1152413 0.1724835 0.0868472 0.1344981 0.1332023 0.1307856 0.1348408 0.1766801 0.1250264 0.2052351 0.1465283 0.0977998 0.1426171 0.1350321 0.1906093 0.1147207 0.1793748 0.1429354 0.1432915 0.1373222 0.0958768 0.1387248 0.1558805 0.1903644 0.1359088 0.1361942 0.1339123 0.1631980 0.1410090 0.1468664 0.0984405 0.1360496 0.1682085 0.0885714 0.0817971 0.0879796 0.1356500 0.1025736 0.1426387 0.1404319 0.1333452 0.1202799 0.1278169 0.1546841 0.1298199 0.1403979 0.1380705 0.1353043 0.1747216 0.1315085 0.1186141 0.1612952 0.1221903 0.1430284 0.1355708 0.1387170 0.1278457 0.1443465 0.1570214 0.1344313 0.1525634 0.1308597 0.1187010 0.1395719 0.1274892 0.1454982 0.1259092 0.1158515 0.2108071 0.1186937 0.1298946 0.1358823 0.1178904 
S0320         0.3154593 0.1166668 0.1125925 0.0583378 0.1160503 0.1113989 0.1475924 0.0513074 0.1234963 0.1216739 0.1429200 0.0716834 0.1461137 0.1588883 0.0000000 0.1434815 0.0677717 0.1202454 0.1459267 0.1491766 0.1174465 0.1098709 0.1109939 0.0621332 0.1336350 0.0548100 0.1065011 0.1274021 0.0513772 0.1516593 0.0684430 0.1255825 0.1426659 0.1437611 0.1453279 0.0492452 0.1237425 0.1111227 0.0535300 0.0737445 0.0893496 0.1089001 0.1185030 0.1128445 0.1471629 0.1648351 0.1232337 0.1480128 0.1435852 0.1084419 0.1337850 0.1060376 0.1128593 0.1046768 0.1038416 0.1411666 0.1167864 0.0788492 0.1383341 0.0783388 0.0777687 0.1064528 0.0718080 0.1243574 0.1355814 0.1291119 0.1311701 0.1307293 0.1570271 0.1234711 0.1733313 0.1331456 0.1518907 0.1392076 0.1350552 0.1601313 0.1035418 0.1441681 0.0734565 0.1432586 0.1289023 0.1446853 0.1205044 0.1451384 0.1542130 0.1111299 0.1178832 0.1219815 0.0520285 0.0804154 0.0848064 0.1450465 0.0808399 0.0624740 0.1395170 0.1365332 0.1417014 0.1122335 0.1480711 0.1325888 0.1300208 0.1099055 0.0984919 0.1109927 0.1405419 0.1139517 0.0835673 0.1331789 0.1246764 0.0621591 0.1118882 0.1077805 0.0576594 0.1234792 0.0842418 0.1089744 0.1264086 0.1134967 0.1209626 0.0619536 0.1066060 0.0966561 0.1045964 0.1086173 0.1303111 0.1200268 0.0883699 0.1210350 0.1078395 0.1908885 0.1091468 0.1144227 0.1211130 0.1114349 
S0322         0.3355585 0.1242304 0.1125522 0.1466355 0.1221724 0.1220319 0.0135222 0.1467035 0.1235736 0.1388373 0.1570423 0.1504924 0.0130615 0.0941520 0.1434815 0.0000000 0.1370534 0.1224663 0.1504843 0.0065105 0.1299949 0.1187551 0.1207277 0.1594382 0.1401399 0.1443160 0.1097962 0.1379960 0.1395544 0.0188479 0.1245916 0.1300136 0.1446962 0.0869061 0.0101067 0.1442488 0.1306862 0.1230570 0.1454207 0.1167986 0.1323566 0.1156355 0.1366643 0.1207061 0.0096059 0.1762123 0.1314475 0.0096155 0.1605942 0.1237840 0.1339938 0.1080236 0.1251957 0.1090529 0.1089652 0.1398458 0.1229597 0.1302820 0.0825138 0.1340271 0.1297447 0.1080982 0.1552324 0.0461759 0.1307109 0.1269887 0.1268158 0.1268003 0.1667269 0.1136001 0.1860915 0.1326316 0.0909900 0.1391798 0.1314813 0.1670343 0.1108524 0.1551189 0.1324167 0.1359248 0.1257029 0.0925757 0.1274946 0.1481432 0.1696888 0.1203969 0.1228625 0.1302272 0.1501603 0.1326163 0.1387970 0.0109727 0.1216612 0.1585679 0.0790270 0.0101976 0.0085326 0.1271567 0.0927769 0.1338557 0.1392301 0.1191943 0.1104234 0.1231814 0.1482116 0.1225366 0.1283224 0.1299286 0.1277055 0.1543947 0.1157211 0.1148746 0.1426357 0.1113729 0.1339677 0.1203694 0.1270038 0.1141762 0.1334708 0.1451303 0.1171448 0.1391085 0.1157086 0.1147766 0.1285137 0.1223944 0.1306172 0.1176341 0.1085107 0.2239022 0.1169212 0.1127116 0.1272043 0.1123252 
S0327         0.2921819 0.1013256 0.1047429 0.0709203 0.1053230 0.1020491 0.1422490 0.0721004 0.1102452 0.1130799 0.1372138 0.0711591 0.1409618 0.1503351 0.0677717 0.1370534 0.0000000 0.1105142 0.1399320 0.1416534 0.1099250 0.0992479 0.1011557 0.0744244 0.1221675 0.0611111 0.0995053 0.1176715 0.0586137 0.1472447 0.0556998 0.1178203 0.1282760 0.1331677 0.1433289 0.0656852 0.1135404 0.0988304 0.0682832 0.0554710 0.0733776 0.0969281 0.1132413 0.0994622 0.1419674 0.1592956 0.1078763 0.1435123 0.1433010 0.0994484 0.1237025 0.0974297 0.1025224 0.0969228 0.0941997 0.1279228 0.1029828 0.0610659 0.1317611 0.0648968 0.0613304 0.0932832 0.0667565 0.1212757 0.1225008 0.1182463 0.1175828 0.1212282 0.1551553 0.1102635 0.1664478 0.1181878 0.1425119 0.1321492 0.1238283 0.1558734 0.0959547 0.1354345 0.0699669 0.1275190 0.1116819 0.1306706 0.1099495 0.1284939 0.1470284 0.1008202 0.1032867 0.1102967 0.0640114 0.0641001 0.0706891 0.1425136 0.0637216 0.0710129 0.1281335 0.1235996 0.1351473 0.1012531 0.1363992 0.1226611 0.1189357 0.0990917 0.0864321 0.0972892 0.1292688 0.1010505 0.0702927 0.1194762 0.1104780 0.0651527 0.0967977 0.0990009 0.0649477 0.1097608 0.0677719 0.0970481 0.1173711 0.1055307 0.1067004 0.0669232 0.0978602 0.0787441 0.0950739 0.0962222 0.1193550 0.1114675 0.0717028 0.1047015 0.0930031 0.1865979 0.0921591 0.1059596 0.1133448 0.0946235 
S0335         0.2591710 0.0992098 0.0812083 0.1225418 0.0849012 0.0979299 0.1179283 0.1234197 0.0775691 0.1081519 0.1342081 0.1189409 0.1191099 0.1299906 0.1202454 0.1224663 0.1105142 0.0000000 0.0531505 0.1242678 0.0988401 0.0946469 0.0931472 0.1292431 0.1241399 0.1215959 0.0764084 0.1084028 0.1196953 0.1267848 0.0962771 0.0913602 0.1301708 0.1124012 0.1183991 0.1216316 0.1082180 0.0948336 0.1259467 0.0967902 0.1034083 0.0939838 0.1039996 0.0830710 0.1221612 0.1553373 0.1069925 0.1213647 0.1269202 0.0910453 0.0942489 0.0744531 0.0978780 0.0750322 0.0705051 0.0958351 0.0856134 0.1030305 0.1065363 0.1011326 0.1049304 0.0728926 0.1257845 0.1035738 0.0957568 0.0928796 0.0907768 0.0910610 0.1440678 0.0897511 0.1657701 0.0969246 0.1164894 0.0963776 0.0924622 0.1555320 0.0739818 0.1418453 0.1057282 0.1004486 0.0632372 0.1087348 0.1078670 0.0974347 0.1513628 0.0946231 0.0994298 0.0873925 0.1216006 0.1000132 0.1056994 0.1246090 0.0998363 0.1306254 0.1072918 0.1109045 0.1152941 0.0987611 0.1196316 0.0451705 0.0858071 0.0940697 0.0857054 0.0908982 0.1011553 0.0964367 0.1003630 0.0827061 0.0798208 0.1283198 0.0940235 0.0773310 0.1156827 0.0873277 0.1039395 0.0959081 0.0823736 0.0507769 0.1042930 0.1231279 0.0937892 0.1130086 0.0927411 0.0883024 0.0431166 0.0215709 0.1066744 0.0780494 0.0750334 0.1924608 0.0767179 0.0520573 0.1043656 0.0784994 
S0345         0.2562747 0.1220506 0.1068188 0.1567383 0.1125039 0.1222443 0.1420540 0.1558570 0.1084487 0.1329082 0.1637849 0.1580051 0.1467879 0.1597675 0.1459267 0.1504843 0.1399320 0.0531505 0.0000000 0.1530316 0.1262476 0.1205502 0.1197603 0.1554134 0.1442935 0.1428833 0.1039469 0.1371601 0.1321092 0.1540543 0.1224267 0.1219812 0.1580234 0.1400278 0.1436131 0.1462179 0.1308599 0.1196909 0.1541308 0.1207727 0.1329056 0.1218223 0.1197261 0.1119969 0.1471465 0.1892084 0.1331179 0.1469639 0.1330163 0.1156676 0.1259293 0.0998419 0.1242474 0.0993065 0.0963693 0.1267704 0.1116831 0.1253955 0.1374816 0.1299468 0.1277096 0.1003199 0.1492262 0.1296664 0.1268444 0.1229547 0.1189366 0.1215986 0.1752252 0.1178163 0.1981701 0.1291805 0.1406952 0.1253230 0.1191347 0.1876897 0.1010125 0.1711570 0.1135368 0.1327090 0.0879042 0.1371705 0.1292140 0.1247602 0.1827312 0.1206148 0.1265356 0.1086126 0.1516798 0.1285009 0.1356630 0.1526843 0.1259944 0.1589161 0.1388421 0.1415424 0.1403610 0.1217916 0.1395637 0.0433879 0.1179084 0.1205520 0.1099225 0.1196622 0.1238316 0.1219554 0.1251662 0.1122709 0.1119868 0.1606308 0.1201378 0.1038601 0.1330761 0.1130487 0.1324227 0.1226891 0.1054401 0.0718894 0.1279369 0.1475908 0.1198322 0.1359728 0.1189833 0.1124242 0.0451347 0.0568579 0.1342529 0.1040140 0.1016964 0.2156334 0.1031859 0.0733776 0.1303992 0.1057814 
S0355         0.3146012 0.1297912 0.1159947 0.1463872 0.1246881 0.1246250 0.0170967 0.1538512 0.1291199 0.1416655 0.1602891 0.1491168 0.0160508 0.0959023 0.1491766 0.0065105 0.1416534 0.1242678 0.1530316 0.0000000 0.1318716 0.1218661 0.1220898 0.1640717 0.1467648 0.1502047 0.1112249 0.1404509 0.1448199 0.0220475 0.1264578 0.1329774 0.1459222 0.0872764 0.0140361 0.1487772 0.1337065 0.1244978 0.1505660 0.1200837 0.1354740 0.1186848 0.1390737 0.1239114 0.0121887 0.1786399 0.1347119 0.0126269 0.1657613 0.1257001 0.1375724 0.1105596 0.1272062 0.1122881 0.1109398 0.1408276 0.1261495 0.1334773 0.0861169 0.1384347 0.1335206 0.1124379 0.1533360 0.0498639 0.1336525 0.1305232 0.1292483 0.1292160 0.1740343 0.1162635 0.1863835 0.1374283 0.0943320 0.1395996 0.1332327 0.1686208 0.1128261 0.1566910 0.1366202 0.1376739 0.1273752 0.0945372 0.1336046 0.1505494 0.1722940 0.1230739 0.1265484 0.1290041 0.1559869 0.1369979 0.1431951 0.0104260 0.1259472 0.1637089 0.0812002 0.0129897 0.0111880 0.1285225 0.0959380 0.1356282 0.1416690 0.1218048 0.1125755 0.1269546 0.1521648 0.1250665 0.1315469 0.1342342 0.1314398 0.1595943 0.1188498 0.1168381 0.1466838 0.1152296 0.1377721 0.1229788 0.1307055 0.1165739 0.1366834 0.1521218 0.1201916 0.1454091 0.1199543 0.1178558 0.1301490 0.1243006 0.1344181 0.1212191 0.1115735 0.2201841 0.1193731 0.1151070 0.1271871 0.1141791 
S0376         0.2723700 0.0782907 0.0896178 0.1295493 0.0990490 0.0684336 0.1347009 0.1269514 0.1005770 0.0833827 0.1165089 0.1171653 0.1327709 0.1386318 0.1174465 0.1299949 0.1099250 0.0988401 0.1262476 0.1318716 0.0000000 0.0693911 0.0703762 0.1226004 0.1113795 0.1209819 0.0815700 0.0500076 0.1182992 0.1364312 0.1011557 0.1092906 0.1086358 0.1249953 0.1357929 0.1165880 0.0826485 0.0680587 0.1233227 0.0989933 0.1063310 0.0737441 0.0783689 0.0943730 0.1326285 0.1621414 0.0909211 0.1326608 0.1341792 0.0747875 0.1104127 0.0800169 0.0742128 0.0805898 0.0787165 0.1166929 0.0987518 0.1060733 0.1179209 0.0998066 0.1049621 0.0751232 0.1396267 0.1121923 0.1120546 0.1043885 0.1081074 0.1089201 0.1165284 0.1022767 0.1754987 0.1107363 0.1387431 0.1193095 0.1109607 0.1601921 0.0805244 0.1433100 0.1140264 0.1171810 0.1039143 0.1209014 0.0828695 0.1159129 0.1518862 0.0706357 0.0816277 0.1031263 0.1245026 0.1014750 0.1084680 0.1330236 0.1075146 0.1293021 0.1137813 0.1230764 0.1267950 0.0742454 0.1247074 0.1119804 0.1104511 0.0711939 0.0639354 0.0769673 0.1216525 0.0799573 0.1057429 0.1106037 0.1043014 0.1227354 0.0763391 0.0826857 0.1198247 0.1039486 0.1065703 0.0713655 0.1086952 0.0935188 0.0812999 0.1239659 0.0748272 0.1129522 0.0713568 0.0715640 0.1085664 0.0972397 0.1089366 0.0995209 0.0743162 0.1727546 0.0814907 0.0951321 0.0497621 0.0802405 
S0400         0.2950216 0.0552955 0.0732907 0.1162314 0.0836593 0.0162393 0.1224639 0.1143927 0.0911251 0.0249067 0.0991696 0.1106557 0.1184657 0.1307106 0.1098709 0.1187551 0.0992479 0.0946469 0.1205502 0.1218661 0.0693911 0.0000000 0.0249506 0.1152570 0.0785959 0.1019261 0.0693410 0.0786521 0.1071752 0.1239550 0.0819472 0.1007554 0.0839958 0.1121924 0.1203971 0.1085831 0.0437779 0.0237272 0.1110487 0.0839205 0.0948747 0.0540322 0.0219189 0.0770049 0.1231109 0.1526143 0.0646612 0.1190927 0.1325537 0.0279405 0.1045760 0.0669807 0.0158150 0.0675373 0.0649641 0.1124904 0.0794883 0.0926655 0.1019459 0.0868030 0.0941847 0.0663551 0.1203910 0.0988291 0.1050425 0.0983195 0.0993684 0.1005302 0.0956615 0.0896468 0.1622340 0.0970496 0.1194081 0.1118948 0.1054556 0.1493919 0.0669886 0.1340727 0.0922835 0.1151898 0.0969991 0.1064885 0.0608296 0.1105488 0.1443553 0.0186424 0.0562877 0.0879821 0.1077531 0.0863199 0.0927931 0.1239647 0.0934830 0.1203139 0.1051661 0.1051751 0.1170395 0.0273450 0.1141237 0.1041229 0.1028222 0.0174391 0.0186189 0.0530272 0.1178288 0.0503446 0.0927003 0.0989470 0.0949704 0.1115052 0.0481646 0.0697913 0.1039275 0.0882640 0.0936700 0.0162451 0.0991676 0.0851924 0.0357113 0.1082871 0.0451857 0.1074770 0.0442284 0.0500143 0.1013096 0.0964682 0.0938278 0.0879654 0.0675373 0.1911519 0.0677971 0.0871684 0.0755954 0.0700181 
S0405         0.2707393 0.0605616 0.0748096 0.1167495 0.0880639 0.0287653 0.1221582 0.1172483 0.0920722 0.0385290 0.0978449 0.1167601 0.1181220 0.1325221 0.1109939 0.1207277 0.1011557 0.0931472 0.1197603 0.1220898 0.0703762 0.0249506 0.0000000 0.1173203 0.0798751 0.1057170 0.0715199 0.0804989 0.1114853 0.1240162 0.0862170 0.1004210 0.0878691 0.1134846 0.1200574 0.1112199 0.0461624 0.0209168 0.1136949 0.0858269 0.0983190 0.0566044 0.0331537 0.0813029 0.1222362 0.1576095 0.0677081 0.1187008 0.1300432 0.0293821 0.1052920 0.0691372 0.0291787 0.0697821 0.0667145 0.1105230 0.0838020 0.0941368 0.1073681 0.0911986 0.0971467 0.0691617 0.1241148 0.0975888 0.1042103 0.0994371 0.0990279 0.1008929 0.0954609 0.0936727 0.1686932 0.0975816 0.1208726 0.1090670 0.1050854 0.1518164 0.0692252 0.1379432 0.0955782 0.1107446 0.0935361 0.1098833 0.0654738 0.1116937 0.1449425 0.0266637 0.0583509 0.0864179 0.1089869 0.0897461 0.0963005 0.1248111 0.0949657 0.1203605 0.1050797 0.1068281 0.1172321 0.0232964 0.1187017 0.1017572 0.1038250 0.0258782 0.0174421 0.0597472 0.1196131 0.0551558 0.0946844 0.1004663 0.0948330 0.1113952 0.0519291 0.0720571 0.1055452 0.0922619 0.0955229 0.0262951 0.1027758 0.0848533 0.0393466 0.1108475 0.0475908 0.1073746 0.0475535 0.0539201 0.1020435 0.0981286 0.0961479 0.0871685 0.0693453 0.1875095 0.0685257 0.0857727 0.0764988 0.0713979 
S0407sl       0.3176940 0.1200190 0.1136115 0.0736368 0.1199769 0.1166396 0.1599702 0.0720461 0.1256928 0.1254679 0.1508638 0.0833581 0.1593297 0.1703415 0.0621332 0.1594382 0.0744244 0.1292431 0.1554134 0.1640717 0.1226004 0.1152570 0.1173203 0.0000000 0.1352085 0.0677568 0.1104709 0.1324256 0.0685043 0.1663873 0.0740468 0.1369666 0.1508915 0.1498977 0.1594292 0.0672332 0.1239195 0.1154669 0.0669805 0.0769714 0.0933366 0.1124459 0.1197777 0.1167152 0.1609800 0.1771440 0.1240899 0.1599995 0.1548587 0.1129053 0.1433204 0.1094694 0.1192357 0.1084750 0.1065896 0.1477547 0.1201231 0.0860689 0.1455551 0.0847461 0.0855737 0.1086689 0.0844835 0.1381005 0.1438202 0.1351936 0.1404032 0.1432207 0.1651168 0.1225509 0.1916327 0.1375956 0.1571079 0.1520094 0.1436097 0.1732024 0.1078029 0.1591145 0.0782343 0.1500448 0.1309102 0.1504438 0.1237836 0.1451390 0.1755145 0.1163859 0.1244822 0.1247380 0.0635928 0.0870105 0.0883652 0.1614952 0.0869390 0.0781341 0.1421010 0.1444152 0.1537190 0.1185726 0.1555807 0.1420240 0.1299965 0.1134559 0.1031181 0.1157988 0.1471843 0.1160229 0.0894223 0.1338289 0.1270633 0.0692575 0.1173883 0.1094341 0.0432016 0.1228984 0.0899358 0.1137009 0.1312775 0.1243616 0.1224686 0.0742792 0.1154375 0.1013452 0.1120605 0.1131293 0.1404344 0.1279942 0.0956585 0.1269283 0.1089840 0.1927818 0.1077624 0.1242783 0.1257281 0.1132839 
S0412sl       0.3549470 0.0883264 0.1044976 0.1379861 0.1053330 0.0815307 0.1428449 0.1359842 0.1182438 0.0904670 0.1189426 0.1269828 0.1460495 0.1511137 0.1336350 0.1401399 0.1221675 0.1241399 0.1442935 0.1467648 0.1113795 0.0785959 0.0798751 0.1352085 0.0000000 0.1287588 0.0966897 0.1111136 0.1315443 0.1453585 0.1070182 0.1350506 0.0802674 0.1382351 0.1472316 0.1311055 0.0872097 0.0820001 0.1339908 0.1098717 0.1193168 0.0806905 0.0903834 0.0981045 0.1493719 0.1802473 0.0536841 0.1458262 0.1642985 0.0795099 0.1388768 0.0944321 0.0809789 0.0958639 0.0924351 0.1410016 0.0999724 0.1188414 0.1317172 0.1142794 0.1214953 0.0984990 0.1341040 0.1261919 0.1397088 0.1276862 0.1329157 0.1356906 0.1211426 0.1161515 0.1929731 0.1259465 0.1526800 0.1420248 0.1361438 0.1754710 0.0926587 0.1605305 0.1282116 0.1408957 0.1264473 0.1358527 0.0961918 0.1319204 0.1702288 0.0809064 0.0843386 0.1219916 0.1309614 0.1134468 0.1194348 0.1500867 0.1126730 0.1451906 0.1347943 0.1315290 0.1433777 0.0843872 0.1385883 0.1337438 0.1291009 0.0801341 0.0628148 0.0739345 0.1352532 0.0840050 0.1153045 0.1251307 0.1230521 0.1267669 0.0792336 0.0987171 0.1314156 0.1137963 0.1177397 0.0805303 0.1274675 0.1193229 0.0945740 0.1317129 0.0729913 0.1282756 0.0770311 0.0739859 0.1258071 0.1279689 0.1158975 0.1155955 0.0959057 0.1997685 0.0945495 0.1191584 0.1062012 0.1022365 
S0417         0.2877495 0.1103130 0.1096910 0.0691702 0.1120895 0.1064834 0.1410409 0.0556709 0.1223196 0.1168834 0.1434723 0.0673343 0.1453103 0.1605837 0.0548100 0.1443160 0.0611111 0.1215959 0.1428833 0.1502047 0.1209819 0.1019261 0.1057170 0.0677568 0.1287588 0.0000000 0.1028934 0.1269363 0.0473823 0.1517390 0.0629992 0.1268904 0.1372895 0.1374592 0.1479806 0.0541497 0.1204154 0.1033207 0.0579678 0.0673850 0.0832650 0.1040645 0.1149660 0.1089851 0.1483899 0.1690665 0.1166625 0.1487199 0.1491420 0.1055530 0.1320815 0.1011982 0.1085185 0.1003966 0.0995712 0.1402594 0.1146875 0.0718849 0.1365470 0.0769248 0.0779896 0.1011588 0.0630036 0.1227597 0.1311310 0.1222023 0.1240279 0.1280438 0.1555701 0.1187760 0.1808808 0.1285850 0.1526451 0.1400922 0.1336302 0.1667878 0.0997520 0.1495795 0.0750005 0.1386773 0.1221457 0.1415548 0.1124078 0.1468573 0.1575121 0.1062554 0.1141188 0.1174182 0.0401256 0.0764797 0.0814531 0.1491692 0.0761156 0.0689475 0.1332499 0.1324343 0.1408516 0.1056790 0.1377648 0.1336413 0.1272443 0.1045232 0.0935893 0.1069443 0.1444940 0.1064741 0.0773904 0.1293611 0.1227558 0.0627752 0.1080613 0.1045296 0.0586499 0.1193089 0.0774702 0.1020238 0.1270261 0.1132440 0.1155626 0.0628311 0.1053007 0.0910723 0.1024966 0.1010562 0.1309052 0.1208447 0.0846327 0.1135467 0.1024873 0.1909778 0.0995701 0.1158355 0.1229618 0.1041881 
S0419         0.2851181 0.0744292 0.0195193 0.1063969 0.0495444 0.0741929 0.1102719 0.1082932 0.0782868 0.0867571 0.1112240 0.1014346 0.1066898 0.1167027 0.1065011 0.1097962 0.0995053 0.0764084 0.1039469 0.1112249 0.0815700 0.0693410 0.0715199 0.1104709 0.0966897 0.1028934 0.0000000 0.0894032 0.1006622 0.1163264 0.0785160 0.0898470 0.1043659 0.1021717 0.1091378 0.1033865 0.0814718 0.0712086 0.1101955 0.0850664 0.0919633 0.0685203 0.0819714 0.0440941 0.1086393 0.1446962 0.0827029 0.1103816 0.1212665 0.0689039 0.0931433 0.0105616 0.0746380 0.0142038 0.0113594 0.0970312 0.0474004 0.0920069 0.0960681 0.0876010 0.0926745 0.0562723 0.1172541 0.0926981 0.0925969 0.0880300 0.0876016 0.0903742 0.1172002 0.0524731 0.1562448 0.0844306 0.1034132 0.0955576 0.0897891 0.1392714 0.0137838 0.1296208 0.0969128 0.0992953 0.0838724 0.0967509 0.0831158 0.1020552 0.1423649 0.0736797 0.0798644 0.0754549 0.1061887 0.0866255 0.0911095 0.1116956 0.0902901 0.1150635 0.0944022 0.0976516 0.1054329 0.0750016 0.1078866 0.0877304 0.0880818 0.0724192 0.0629495 0.0697452 0.1040417 0.0746422 0.0886624 0.0853051 0.0810932 0.1096734 0.0722508 0.0162035 0.1037149 0.0538469 0.0903993 0.0728951 0.0872958 0.0704353 0.0816522 0.1057757 0.0708268 0.1017086 0.0712294 0.0656824 0.0862128 0.0778333 0.0916473 0.0745753 0.0560615 0.1906060 0.0390490 0.0703860 0.0802670 0.0601109 
S0427         0.2786140 0.0842313 0.0940750 0.1352887 0.0997846 0.0801684 0.1427453 0.1289977 0.1089344 0.0970211 0.1250687 0.1269782 0.1386756 0.1514068 0.1274021 0.1379960 0.1176715 0.1084028 0.1371601 0.1404509 0.0500076 0.0786521 0.0804989 0.1324256 0.1111136 0.1269363 0.0894032 0.0000000 0.1285142 0.1461318 0.1068738 0.1163212 0.1159544 0.1325989 0.1418891 0.1264620 0.0946836 0.0810658 0.1269710 0.1041161 0.1104312 0.0825060 0.0914710 0.1016882 0.1403723 0.1656577 0.0944065 0.1437305 0.1475990 0.0813814 0.1178644 0.0869214 0.0846719 0.0884663 0.0856917 0.1252925 0.1032310 0.1124917 0.1250519 0.1059698 0.1140998 0.0865984 0.1408750 0.1204232 0.1191792 0.1162010 0.1134169 0.1153137 0.1226977 0.1102929 0.1799368 0.1159702 0.1440881 0.1230141 0.1195256 0.1602841 0.0864402 0.1456675 0.1192022 0.1277265 0.1149406 0.1315899 0.0895780 0.1283805 0.1547183 0.0817566 0.0879970 0.1115332 0.1290383 0.1043462 0.1121787 0.1388992 0.1076905 0.1390977 0.1261583 0.1331605 0.1342170 0.0831334 0.1361543 0.1184192 0.1175731 0.0799334 0.0748496 0.0801780 0.1304799 0.0810523 0.1132595 0.1176782 0.1120563 0.1275889 0.0798251 0.0913112 0.1271359 0.1103699 0.1129099 0.0814598 0.1162912 0.1044412 0.0863946 0.1280066 0.0808364 0.1194593 0.0786654 0.0813956 0.1152505 0.1087518 0.1140882 0.1048194 0.0863005 0.1906383 0.0892274 0.1043522 0.0505602 0.0923756 
S0428sl       0.2932520 0.1123667 0.1075329 0.0577365 0.1142759 0.1102118 0.1405966 0.0610625 0.1191826 0.1199644 0.1467066 0.0691585 0.1434266 0.1600881 0.0513772 0.1395544 0.0586137 0.1196953 0.1321092 0.1448199 0.1182992 0.1071752 0.1114853 0.0685043 0.1315443 0.0473823 0.1006622 0.1285142 0.0000000 0.1538339 0.0559294 0.1264254 0.1392381 0.1386579 0.1452566 0.0523712 0.1243536 0.1095581 0.0558950 0.0695559 0.0834081 0.1038173 0.1122311 0.1052636 0.1463631 0.1609491 0.1146179 0.1484059 0.1486634 0.1070816 0.1290866 0.0990708 0.1118994 0.0976100 0.0979287 0.1396222 0.1082504 0.0733145 0.1380728 0.0742652 0.0735891 0.1019342 0.0613414 0.1259282 0.1289462 0.1244581 0.1247023 0.1269801 0.1540416 0.1169716 0.1762480 0.1298760 0.1532359 0.1351762 0.1314378 0.1622901 0.0991409 0.1454283 0.0703277 0.1389351 0.1254349 0.1423069 0.1129103 0.1434506 0.1541586 0.1095482 0.1144881 0.1187729 0.0405845 0.0760273 0.0788673 0.1430086 0.0758739 0.0639506 0.1299786 0.1301834 0.1372553 0.1123045 0.1361796 0.1321190 0.1285916 0.1071481 0.0965568 0.1065090 0.1444105 0.1102098 0.0757137 0.1279358 0.1206243 0.0605831 0.1072041 0.1018256 0.0600539 0.1185836 0.0779846 0.1062712 0.1256247 0.1145359 0.1167352 0.0601309 0.1057891 0.0951500 0.1039958 0.1045423 0.1275308 0.1180382 0.0838573 0.1165697 0.1027601 0.2011411 0.0985089 0.1165175 0.1225268 0.1056762 
