131
PAFTOL_019361 0.0000000 0.2007455 0.1808260 0.1918903 0.5234903 0.1778877 0.2151104 0.2073240 0.1890008 0.0000010 0.2545677 0.1971504 0.2100996 0.1882280 0.5234903 0.2386035 0.1898779 0.2111475 0.0000010 0.2210045 0.2055633 0.1702218 0.1951621 0.2212388 0.2279540 0.1837952 0.2337834 0.2370971 0.1717489 0.1895963 0.2515231 0.2152866 0.2018394 0.2389709 0.2094645 0.1714230 0.2135259 0.1757923 0.1893549 0.1877938 0.1712005 0.1954202 0.2287673 0.1726654 0.2203027 0.2421843 0.0000010 0.1857748 0.2057208 0.1778517 0.1900950 0.2249093 0.1771659 0.2124683 0.1993814 0.2357109 0.1974136 0.1985743 0.1837590 0.1843380 0.1977129 0.1688073 0.1969059 0.2048141 0.1822257 0.0000010 0.2283485 0.1700565 0.2150918 0.2085736 0.2060728 0.1678154 0.1768820 0.0000010 0.1970386 0.1850324 0.1681904 0.1828861 0.2126914 0.2232711 0.1989293 0.1823954 0.1702218 0.1925706 0.1738622 0.1907762 0.1976683 0.1827298 0.0000010 0.1939067 0.2198560 0.2064783 0.2283674 0.2214379 0.1863765 0.2098845 0.1975197 0.1815811 0.1702218 0.1687711 0.1889160 0.2045641 0.2040333 0.1711397 0.1966633 0.1870737 0.2118199 0.2000515 0.1970386 0.2305937 0.5234903 0.1952271 0.1625490 0.1978813 0.1825164 0.1927183 0.2371022 0.1913091 0.1937724 0.2498277 0.2066612 0.1980442 0.2181966 0.1685749 0.2023453 0.1625261 0.1759665 0.1895466 0.1889915 0.2440452 0.1628333 
S0055         0.2007455 0.0000000 0.1011059 0.1122221 0.0833739 0.0806067 0.1285343 0.1120560 0.0958391 0.0892579 0.1080022 0.1175524 0.1318936 0.1527023 0.1119393 0.1413601 0.1170091 0.1297703 0.0625419 0.1212454 0.0798166 0.0756037 0.0880712 0.1095677 0.0860828 0.1067151 0.0839931 0.1359041 0.0881056 0.1110760 0.1029681 0.1456863 0.1007023 0.1145229 0.0978773 0.0768551 0.1098814 0.1171766 0.1197152 0.0707823 0.0839028 0.0838071 0.1432992 0.1648090 0.0914824 0.1438549 0.1181027 0.0844644 0.0965514 0.0770532 0.1050482 0.1047294 0.1106896 0.1007366 0.1018347 0.1562630 0.1120246 0.1181500 0.1145715 0.0837388 0.1272368 0.1201678 0.1079295 0.0872563 0.1121948 0.1113452 0.1190260 0.1525500 0.1347235 0.1303576 0.1346800 0.0918597 0.1129285 0.1250501 0.1012058 0.1556121 0.0921498 0.1141220 0.1452449 0.0886492 0.1044762 0.1509350 0.0756116 0.0840034 0.0997108 0.0965897 0.1069605 0.1062032 0.1211268 0.1130691 0.1128853 0.1287407 0.1372528 0.1399066 0.0880127 0.1492985 0.1132471 0.1009222 0.0755567 0.0706155 0.0463339 0.1207372 0.0807095 0.1252490 0.0947405 0.1010626 0.1165079 0.0836980 0.1014767 0.1057259 0.1257938 0.1196880 0.0714581 0.1027073 0.0967353 0.0942224 0.1219995 0.0713823 0.1137955 0.0807094 0.0852996 0.1238312 0.1218542 0.1113334 0.1076312 0.0812662 0.1489769 0.0969293 0.1091629 0.0837885 0.0849618 
S0196sl       0.1808260 0.1011059 0.0000000 0.1261170 0.0513307 0.1015241 0.1409432 0.1186171 0.0772417 0.1200629 0.1204809 0.1344631 0.1396201 0.1402776 0.1372781 0.1440857 0.1112862 0.1093677 0.0677308 0.1363388 0.1039725 0.0948196 0.1082392 0.1116631 0.0919179 0.1011858 0.0979966 0.1445701 0.0968468 0.1094052 0.1168173 0.1418657 0.1102621 0.1339681 0.1162623 0.0939256 0.1095459 0.1264473 0.1252128 0.0933764 0.0985456 0.0352849 0.1462568 0.1537611 0.1196303 0.1521033 0.1219124 0.1054006 0.0231012 0.1002343 0.0270780 0.0269816 0.1041821 0.0568180 0.1097577 0.1579393 0.1234795 0.1305144 0.1231318 0.1036662 0.1288108 0.0879101 0.0892820 0.0940969 0.1011920 0.1182032 0.0534749 0.1367788 0.1298928 0.1102327 0.0962485 0.0807041 0.1100448 0.1445865 0.0217414 0.1426695 0.0956268 0.0969821 0.1385089 0.1132055 0.0918791 0.1461999 0.0964796 0.0996930 0.0853726 0.1026404 0.1185725 0.1175712 0.1201345 0.1196861 0.1251105 0.1060723 0.1434409 0.1536535 0.1033411 0.1421044 0.0947679 0.0793992 0.0980189 0.0931329 0.0841459 0.0993874 0.0986314 0.1205756 0.0819836 0.0901199 0.1317753 0.0992535 0.0257592 0.1200922 0.0663879 0.1258183 0.0969562 0.0809469 0.0887426 0.1040089 0.1270601 0.0967837 0.1221167 0.1002652 0.1009273 0.1066832 0.1123203 0.1124075 0.0905807 0.0881399 0.1297623 0.0520447 0.0964415 0.1077822 0.0844686 
S0278         0.1918903 0.1122221 0.1261170 0.0000000 0.1133192 0.1080789 0.1411596 0.0675309 0.0981035 0.1193634 0.1371363 0.0619971 0.1431781 0.1561101 0.0711501 0.1549866 0.0674330 0.1300919 0.0839120 0.1377159 0.1236185 0.1074116 0.1177308 0.0640241 0.1034218 0.0583605 0.1235766 0.1504322 0.0582678 0.1265517 0.1229991 0.1610212 0.1273590 0.0571784 0.1274162 0.1088823 0.0591172 0.0930675 0.0944075 0.1201779 0.1160591 0.0961085 0.1590060 0.1692389 0.1149531 0.1613986 0.1320513 0.1111438 0.1177134 0.1106574 0.1244870 0.1228207 0.1207293 0.1155041 0.0766754 0.1546675 0.0872086 0.0961369 0.1135340 0.0433357 0.1282157 0.1230558 0.1142538 0.1109247 0.1130598 0.1482655 0.1269224 0.1560740 0.1497709 0.1066893 0.0873536 0.1007130 0.1210894 0.1316224 0.1216370 0.1572756 0.1069096 0.1121168 0.1445533 0.1114672 0.1162337 0.1546064 0.1037862 0.1080073 0.1186969 0.0587913 0.0837311 0.0818608 0.1475469 0.0870258 0.0650499 0.1306541 0.1532147 0.1559012 0.1124431 0.1527482 0.1175167 0.1025729 0.1061680 0.0973368 0.1058126 0.1212656 0.1067870 0.0813579 0.0977123 0.1021340 0.0648125 0.1053089 0.1194643 0.0583198 0.1484828 0.0970875 0.1059864 0.1060094 0.1104430 0.1184569 0.0682319 0.0980005 0.0930186 0.1109163 0.1200562 0.1251112 0.1229550 0.0866853 0.1161124 0.0959615 0.1463105 0.1147991 0.1196778 0.1258128 0.0911424 
S0281         0.5234903 0.0833739 0.0513307 0.1133192 0.0000000 0.0920559 0.1065381 0.1019586 0.0727629 0.0964339 0.1050951 0.1050014 0.1023632 0.1350969 0.0960006 0.1087351 0.1098601 0.1017264 0.0394125 0.0999814 0.0968359 0.0919499 0.0972472 0.0909782 0.0900483 0.0951621 0.0978333 0.1063197 0.0793564 0.0889230 0.1144972 0.1231671 0.0645734 0.1073595 0.1071298 0.0953837 0.0867113 0.0916158 0.1036771 0.0881522 0.1058093 0.0175875 0.1140501 0.1260414 0.1072209 0.1143479 0.1007865 0.0943632 0.0338087 0.0957941 0.0365476 0.0324434 0.0886082 0.0341927 0.0735977 0.1303542 0.0937465 0.0921058 0.1140437 0.0675109 0.1058681 0.0863269 0.0803317 0.0659005 0.0823438 0.0879559 0.0490910 0.1286306 0.1372022 0.0815135 0.5234903 0.0678515 0.0881947 0.0812756 0.0351644 0.1145932 0.0768663 0.0856788 0.1166833 0.0917231 0.0710517 0.1143359 0.0922660 0.0966278 0.0729165 0.0834014 0.0921590 0.0899143 0.0848586 0.0867201 0.0938293 0.0967547 0.1049337 0.1178016 0.1006128 0.1219679 0.0899537 0.0723406 0.0953067 0.0767984 0.0820275 0.0899959 0.0842013 0.1124103 0.0682065 0.0713050 0.1078297 0.0975623 0.0366178 0.0923596 0.0520132 0.1056907 0.0910684 0.0656776 0.0823529 0.1022301 0.0939432 0.0797311 0.0880241 0.0826359 0.0938234 0.1006030 0.1061969 0.1013145 0.0762325 0.0772569 0.1395125 0.0338949 0.0962577 0.0886274 0.0711516 
S0282         0.1778877 0.0806067 0.1015241 0.1080789 0.0920559 0.0000000 0.1343710 0.1056241 0.0922286 0.0221778 0.0985761 0.1168060 0.1409180 0.1452254 0.1088072 0.1436809 0.1050115 0.1312976 0.0750702 0.1246599 0.0894357 0.0143923 0.0255482 0.1043082 0.0783967 0.0964702 0.0883300 0.1407617 0.0817097 0.1077016 0.1010681 0.1456398 0.1070194 0.1107811 0.0409124 0.0189015 0.0985889 0.1187048 0.1140187 0.0722307 0.0186557 0.0869247 0.1390844 0.1617942 0.0886594 0.1513447 0.1209939 0.0254763 0.0993951 0.0154602 0.1030704 0.1015568 0.1070869 0.1060741 0.0978697 0.1501321 0.1089205 0.1096988 0.1081363 0.0877538 0.1272794 0.1079645 0.1085239 0.0909188 0.1077193 0.1232316 0.1181990 0.1537527 0.1399374 0.1196169 0.1146652 0.0916131 0.1103114 0.1164820 0.0968840 0.1543648 0.0925489 0.1134412 0.1449139 0.0670461 0.1050502 0.1536593 0.0134495 0.0593590 0.1019205 0.0948034 0.1064894 0.1019677 0.1362259 0.1064970 0.1139398 0.1352497 0.1369920 0.1473731 0.0254889 0.1458133 0.1038350 0.1005431 0.0153934 0.0137056 0.0772307 0.1194194 0.0585072 0.1172787 0.0897697 0.0947229 0.1050112 0.0577158 0.0971737 0.0978070 0.1313731 0.1177818 0.0155215 0.1011203 0.1028786 0.0315471 0.1164690 0.0399037 0.1121523 0.0560514 0.0755668 0.1278713 0.1308564 0.1119189 0.1072599 0.0809758 0.1342827 0.0988256 0.1167025 0.0860538 0.0809370 
S0288         0.2151104 0.1285343 0.1409432 0.1411596 0.1065381 0.1343710 0.0000000 0.1303948 0.1190125 0.1434413 0.1552374 0.1349064 0.0299960 0.1082792 0.1291501 0.0173126 0.1412801 0.1373028 0.0678631 0.0126482 0.1325820 0.1351951 0.1383432 0.1262515 0.1340658 0.1232717 0.1431624 0.0146504 0.1097434 0.1293351 0.1579364 0.0871409 0.0266250 0.1309879 0.1468853 0.1378490 0.1222974 0.1384715 0.1296837 0.1242126 0.1369662 0.1159087 0.0293053 0.1820314 0.1538237 0.0247138 0.1192832 0.1416391 0.1391629 0.1388613 0.1339525 0.1403725 0.1222206 0.1412039 0.1265835 0.1074976 0.1230615 0.1600674 0.1380581 0.1051716 0.0524932 0.1421452 0.1111265 0.1035132 0.1325788 0.1551425 0.1374607 0.1719839 0.1553360 0.0880979 0.0902733 0.1009104 0.1210746 0.1072784 0.1372831 0.1731587 0.1039378 0.1261642 0.1072559 0.1349126 0.1253195 0.1686914 0.1339800 0.1356011 0.1237970 0.1181807 0.1198783 0.1174449 0.0307172 0.1377647 0.1320404 0.0714117 0.0146186 0.0158970 0.1413794 0.1146887 0.1302012 0.1208622 0.1336986 0.1246781 0.1210049 0.1321527 0.1298079 0.1644852 0.1081218 0.1180561 0.1314550 0.1429849 0.1308161 0.1234858 0.1512358 0.1318477 0.1328958 0.1194262 0.1255149 0.1530582 0.1164586 0.1244405 0.1376355 0.1417087 0.1266111 0.1379039 0.1439456 0.1162638 0.1170186 0.0982987 0.1575053 0.1273383 0.1320901 0.1335117 0.0952219 
S0289         0.2073240 0.1120560 0.1186171 0.0675309 0.1019586 0.1056241 0.1303948 0.0000000 0.1004586 0.1119964 0.1398629 0.0630337 0.1359883 0.1419632 0.0712470 0.1486365 0.0633393 0.1369965 0.0827632 0.1324267 0.1098046 0.1061614 0.1136911 0.0642853 0.1076587 0.0563881 0.1168418 0.1456270 0.0620415 0.1209285 0.1318510 0.1451870 0.1203458 0.0636955 0.1188400 0.1045582 0.0539279 0.0922726 0.1045913 0.1150629 0.1109733 0.0860096 0.1496205 0.1558350 0.1138283 0.1481459 0.1140650 0.1133315 0.1082456 0.1081012 0.1159647 0.1156110 0.1147667 0.1048300 0.0712246 0.1467900 0.0972769 0.0922772 0.1091377 0.0501444 0.1224121 0.1212098 0.1126310 0.1117669 0.1102336 0.1412166 0.1134887 0.1450946 0.1459471 0.1215008 0.0972532 0.0956918 0.1203562 0.1367967 0.1084246 0.1506863 0.0994437 0.1106185 0.1425284 0.1126186 0.1138970 0.1407269 0.1052314 0.1074623 0.1169170 0.0546955 0.0949129 0.0917846 0.1495911 0.0873419 0.0632796 0.1342594 0.1483490 0.1523320 0.1095443 0.1489799 0.1196698 0.1017209 0.1075978 0.0953018 0.1022765 0.1137936 0.1143391 0.0869358 0.0991135 0.1044557 0.0570976 0.1085798 0.1098918 0.0620950 0.1298369 0.1010707 0.1047440 0.0972437 0.1132687 0.1187368 0.0642382 0.0989850 0.0869347 0.1129981 0.1207325 0.1314144 0.1332732 0.0931812 0.1056224 0.0923153 0.1441837 0.1118990 0.1249792 0.1215522 0.0899310 
S0292         0.1890008 0.0958391 0.0772417 0.0981035 0.0727629 0.0922286 0.1190125 0.1004586 0.0000000 0.1030710 0.1213309 0.1103617 0.1223767 0.1187712 0.1139072 0.1329052 0.0955232 0.0830153 0.0682771 0.1144847 0.1046082 0.0881722 0.0952973 0.0942206 0.1020516 0.0917985 0.1159831 0.1278000 0.0797457 0.0649268 0.1214143 0.1336123 0.1001368 0.1081053 0.1045712 0.0876888 0.0923436 0.1009281 0.0978429 0.0994082 0.0957415 0.0629331 0.1319665 0.1562923 0.1125784 0.1393151 0.1103424 0.0926813 0.0775303 0.0934778 0.0798466 0.0796121 0.0649249 0.0826144 0.0906248 0.1259381 0.0894934 0.1027095 0.0958550 0.0790332 0.1106203 0.0721307 0.0622690 0.0560872 0.0679203 0.1383349 0.0903369 0.1386016 0.1183841 0.0784790 0.0561434 0.0477629 0.0646412 0.1146395 0.0762854 0.1468694 0.0605995 0.0661130 0.1156606 0.0992899 0.0502922 0.1456937 0.0884027 0.0953460 0.0592091 0.0876781 0.0871781 0.0841717 0.1219728 0.0960946 0.0988782 0.1106026 0.1253794 0.1316461 0.0928346 0.1150981 0.0808229 0.0245419 0.0918563 0.0750372 0.0864492 0.0635427 0.0947200 0.1139530 0.0232495 0.0234225 0.1021052 0.0904512 0.0742401 0.0917159 0.1047417 0.0976969 0.0890150 0.0398698 0.0591809 0.1013996 0.1077581 0.0825277 0.1017412 0.0972910 0.1015664 0.0882664 0.0748719 0.0876925 0.0536786 0.0700363 0.1302999 0.0761640 0.0693184 0.1085917 0.0666604 
S0293         0.0000010 0.0892579 0.1200629 0.1193634 0.0964339 0.0221778 0.1434413 0.1119964 0.1030710 0.0000000 0.1063319 0.1231168 0.1419558 0.1567913 0.1092938 0.1422964 0.1129967 0.1462615 0.0820526 0.1332088 0.1114117 0.0208049 0.0285920 0.1059716 0.0872423 0.1054203 0.1019974 0.1442682 0.0904757 0.1215054 0.1082638 0.1572573 0.0962679 0.1169425 0.0471580 0.0268340 0.1049772 0.1349588 0.1249007 0.0933442 0.0303183 0.1050489 0.1477925 0.1636859 0.1046765 0.1493149 0.1288710 0.0311488 0.1108831 0.0183763 0.1205961 0.1093236 0.1174266 0.1264063 0.1021344 0.1584805 0.1165402 0.1213138 0.1308112 0.0970072 0.1351459 0.1286016 0.1212427 0.0933724 0.1169789 0.1211157 0.1324737 0.1729840 0.1594951 0.1132251 0.0000010 0.1004076 0.1235871 0.1197141 0.1093923 0.1626396 0.1054808 0.1279560 0.1528464 0.0722605 0.1167854 0.1614071 0.0221175 0.0667173 0.1218209 0.0982112 0.1133820 0.1107854 0.1402770 0.1161873 0.1169777 0.1442306 0.1462731 0.1562262 0.0324072 0.1617492 0.1185448 0.1108536 0.0246228 0.0225114 0.0916211 0.1354562 0.0680682 0.1367027 0.0952729 0.1045749 0.1066791 0.0660440 0.1113182 0.1054461 0.1377210 0.1246465 0.0184726 0.1066291 0.1187566 0.0418274 0.1192932 0.0471629 0.1202600 0.0565775 0.0860531 0.1433658 0.1381932 0.1238311 0.1247360 0.0952447 0.1573284 0.1156926 0.1354304 0.0964991 0.0876619 
S0294         0.2545677 0.1080022 0.1204809 0.1371363 0.1050951 0.0985761 0.1552374 0.1398629 0.1213309 0.1063319 0.0000000 0.1518671 0.1635272 0.1631257 0.1265260 0.1656907 0.1299893 0.1566446 0.0625968 0.1443227 0.1084300 0.0982378 0.1105761 0.1328472 0.1006003 0.1188775 0.1152705 0.1650922 0.1106787 0.1310618 0.1236550 0.1762800 0.1276431 0.1414461 0.1137419 0.1006804 0.1296166 0.1501122 0.1367075 0.0976302 0.1079399 0.1121483 0.1654439 0.1927610 0.1153395 0.1743972 0.1257498 0.1056988 0.1331185 0.1027409 0.1370965 0.1340882 0.1357435 0.1298337 0.1237288 0.1784973 0.1300102 0.1473841 0.1472235 0.1268062 0.1520797 0.1368244 0.1265166 0.1254142 0.1369674 0.0617035 0.1417189 0.1810148 0.1618000 0.1386248 0.1814164 0.1168270 0.1385684 0.1358312 0.1329449 0.1843711 0.1104355 0.1427809 0.1609073 0.1124324 0.1333182 0.1811060 0.1011313 0.1150993 0.1247909 0.1167599 0.1261853 0.1212898 0.1542175 0.1358161 0.1474767 0.1642038 0.1638426 0.1720572 0.1106299 0.1710622 0.1343360 0.1241838 0.1022987 0.0898385 0.0987925 0.1396119 0.1064644 0.1561839 0.1159273 0.1272806 0.1415147 0.1141124 0.1307805 0.1330648 0.1370557 0.1435196 0.0981052 0.1246363 0.1282264 0.1130965 0.1478118 0.0929310 0.1360319 0.0974485 0.1068258 0.1494467 0.1521516 0.1321622 0.1324009 0.1113586 0.1688171 0.1298486 0.1413320 0.1075714 0.1088814 
S0299         0.1971504 0.1175524 0.1344631 0.0619971 0.1050014 0.1168060 0.1349064 0.0630337 0.1103617 0.1231168 0.1518671 0.0000000 0.1335097 0.1532555 0.0634219 0.1468886 0.0819295 0.1354995 0.0752919 0.1224140 0.1155355 0.1130199 0.1174075 0.0716114 0.1122628 0.0675534 0.1313784 0.1439223 0.0683383 0.1265720 0.1390724 0.1601408 0.1198741 0.0629233 0.1319686 0.1139156 0.0595555 0.0803471 0.1042963 0.1244787 0.1221793 0.0997388 0.1448953 0.1597231 0.1287873 0.1492328 0.1293972 0.1222305 0.1210236 0.1184862 0.1180130 0.1257952 0.1215963 0.1182451 0.0801092 0.1587045 0.0951231 0.1029642 0.1268598 0.0514578 0.1286448 0.1297611 0.1313705 0.1130198 0.1251436 0.1309227 0.1226110 0.1466793 0.1377013 0.1108373 0.0959178 0.1087455 0.1282420 0.0944149 0.1196067 0.1491851 0.0998539 0.1218775 0.1498391 0.1309267 0.1314879 0.1446216 0.1099234 0.1306659 0.1234142 0.0690301 0.0922959 0.0900280 0.1249875 0.0915583 0.0611991 0.1149758 0.1451584 0.1472864 0.1188756 0.1643882 0.1380002 0.1182318 0.1096979 0.0987663 0.1064752 0.1288857 0.1299902 0.0891459 0.1102411 0.1139724 0.0613049 0.1309066 0.1164602 0.0615587 0.1467508 0.1099560 0.1124305 0.1209062 0.1248557 0.1285078 0.0624811 0.1082283 0.0914028 0.1319474 0.1299454 0.1420078 0.1297819 0.1012236 0.1107451 0.1012002 0.1382383 0.1205813 0.1313923 0.1340642 0.1046316 
S0303         0.2100996 0.1318936 0.1396201 0.1431781 0.1023632 0.1409180 0.0299960 0.1359883 0.1223767 0.1419558 0.1635272 0.1335097 0.0000000 0.1091959 0.1350237 0.0327232 0.1325250 0.1438409 0.0736673 0.0252125 0.1375382 0.1400403 0.1470496 0.1274929 0.1353833 0.1245115 0.1497467 0.0253752 0.1104851 0.1347299 0.1601706 0.0897995 0.0237429 0.1392242 0.1442068 0.1392298 0.1181598 0.1446154 0.1314953 0.1297968 0.1471835 0.1141297 0.0256813 0.1880021 0.1588348 0.0334910 0.1234469 0.1452554 0.1382459 0.1445085 0.1392305 0.1404666 0.1247544 0.1392454 0.1261334 0.1088295 0.1234452 0.1553862 0.1406342 0.1030895 0.0545524 0.1392345 0.1197407 0.1110816 0.1332522 0.1532155 0.1489373 0.1814516 0.1596585 0.1000585 0.1150015 0.1087533 0.1305786 0.1381580 0.1355179 0.1749202 0.1172252 0.1325434 0.1029513 0.1331574 0.1326536 0.1741372 0.1390923 0.1391020 0.1278769 0.1137959 0.1224699 0.1201962 0.0264614 0.1365590 0.1379198 0.0806272 0.0324490 0.0314480 0.1481731 0.1045111 0.1332909 0.1252192 0.1415844 0.1320786 0.1263505 0.1343481 0.1341910 0.1599832 0.1148365 0.1229193 0.1285894 0.1394786 0.1346017 0.1266127 0.1533850 0.1328895 0.1371517 0.1215235 0.1279365 0.1558216 0.1264493 0.1286136 0.1325167 0.1435369 0.1380375 0.1364450 0.1463583 0.1242523 0.1264260 0.1085312 0.1662731 0.1252658 0.1399946 0.1410328 0.1024286 
S0308         0.1882280 0.1527023 0.1402776 0.1561101 0.1350969 0.1452254 0.1082792 0.1419632 0.1187712 0.1567913 0.1631257 0.1532555 0.1091959 0.0000000 0.1603242 0.1143685 0.1489313 0.1600267 0.1145102 0.1080880 0.1474051 0.1416535 0.1486440 0.1427439 0.1548849 0.1383567 0.1640595 0.1090855 0.1314577 0.1419170 0.1716258 0.1212717 0.0834860 0.1563901 0.1518486 0.1406613 0.1366149 0.1558346 0.1504765 0.1435137 0.1487214 0.1196115 0.1178138 0.2082927 0.1665173 0.1190688 0.1604611 0.1484791 0.1489026 0.1451772 0.1499103 0.1511979 0.1299302 0.1442814 0.1388374 0.1015585 0.1375017 0.1598115 0.1393439 0.1263363 0.1064358 0.1297262 0.1204314 0.1050619 0.1344741 0.1834426 0.1507052 0.1957006 0.1727753 0.0748792 0.0583691 0.1210119 0.1411845 0.1581711 0.1460436 0.1931518 0.1173725 0.1373674 0.0829007 0.1487717 0.1186096 0.1891467 0.1406893 0.1486141 0.1349565 0.1380472 0.1378343 0.1365825 0.1313164 0.1464460 0.1580155 0.0959833 0.1116218 0.1128310 0.1487548 0.0962084 0.1471820 0.1203582 0.1420065 0.1307884 0.1457272 0.1331176 0.1378129 0.1609351 0.1158652 0.1178194 0.1486217 0.1504639 0.1449416 0.1430739 0.1749713 0.1461290 0.1375615 0.1181576 0.1268042 0.1602009 0.1474339 0.1378118 0.1491953 0.1533581 0.1518851 0.1483169 0.1528974 0.1352868 0.1296617 0.1162035 0.1794216 0.1414656 0.1364288 0.1580525 0.1123941 
S0320         0.5234903 0.1119393 0.1372781 0.0711501 0.0960006 0.1088072 0.1291501 0.0712470 0.1139072 0.1092938 0.1265260 0.0634219 0.1350237 0.1603242 0.0000000 0.1478985 0.0831212 0.1418446 0.1029634 0.1351269 0.1232853 0.1096228 0.1154928 0.0599518 0.0974651 0.0596053 0.1098226 0.1426213 0.0608986 0.1342914 0.1107212 0.1549959 0.1137608 0.0638835 0.1269906 0.1094530 0.0693915 0.1155100 0.1155290 0.1086232 0.1206119 0.1047809 0.1456490 0.1673127 0.1193700 0.1493521 0.1231563 0.1137281 0.1145089 0.1104344 0.1294937 0.1210662 0.1249696 0.1259994 0.0857677 0.1692585 0.1059484 0.1043174 0.1222153 0.0582545 0.1368609 0.1407791 0.1230149 0.1151037 0.1204400 0.1420624 0.1290836 0.1475516 0.1620693 0.1501852 0.5234903 0.1040132 0.1318382 0.1439007 0.1211095 0.1573046 0.1056081 0.1220579 0.1564049 0.1138959 0.1184565 0.1497275 0.1050747 0.1172231 0.1201007 0.0559271 0.1014053 0.1004473 0.1457376 0.0971224 0.0682883 0.1507075 0.1478968 0.1528114 0.1155701 0.1664411 0.1183139 0.1090650 0.1080613 0.0967320 0.1058606 0.1271266 0.1095625 0.0958833 0.1090721 0.1154434 0.0619939 0.1155038 0.1199967 0.0610801 0.1293958 0.1157696 0.1044100 0.1141797 0.1169896 0.1233801 0.0768451 0.0974282 0.1032227 0.1033259 0.1170094 0.1334485 0.1332439 0.1039963 0.1209942 0.0981956 0.1536313 0.1221546 0.1335748 0.1084316 0.0935627 
S0322         0.2386035 0.1413601 0.1440857 0.1549866 0.1087351 0.1436809 0.0173126 0.1486365 0.1329052 0.1422964 0.1656907 0.1468886 0.0327232 0.1143685 0.1478985 0.0000000 0.1433148 0.1507198 0.0610964 0.0274333 0.1460163 0.1427760 0.1459105 0.1369007 0.1399721 0.1354528 0.1543805 0.0214587 0.1183952 0.1511613 0.1605065 0.1016039 0.0327233 0.1461666 0.1495165 0.1429048 0.1323619 0.1540535 0.1440214 0.1327129 0.1486846 0.1276277 0.0378625 0.1925298 0.1691738 0.0315645 0.1356218 0.1493535 0.1414905 0.1473149 0.1438080 0.1424381 0.1392345 0.1488210 0.1357419 0.1113963 0.1356435 0.1700753 0.1579134 0.1067226 0.0649192 0.1542695 0.1288749 0.1088719 0.1493753 0.1469665 0.1524594 0.1930123 0.1705377 0.0963905 0.1206096 0.1189542 0.1413456 0.1384774 0.1412824 0.1853376 0.1276190 0.1383248 0.1018188 0.1426585 0.1422428 0.1856939 0.1418214 0.1446924 0.1360547 0.1256467 0.1321028 0.1334743 0.0329617 0.1448651 0.1532784 0.0893235 0.0244258 0.0275014 0.1479791 0.1131983 0.1323236 0.1347023 0.1430778 0.1386311 0.1388136 0.1468659 0.1383839 0.1713741 0.1213136 0.1306773 0.1421096 0.1435986 0.1391003 0.1360200 0.1564298 0.1439972 0.1385486 0.1269684 0.1335838 0.1587973 0.1361443 0.1350932 0.1450834 0.1437325 0.1435367 0.1432324 0.1532882 0.1338038 0.1384514 0.1188899 0.1734736 0.1359173 0.1459361 0.1454834 0.1125865 
S0327         0.1898779 0.1170091 0.1112862 0.0674330 0.1098601 0.1050115 0.1412801 0.0633393 0.0955232 0.1129967 0.1299893 0.0819295 0.1325250 0.1489313 0.0831212 0.1433148 0.0000000 0.1283395 0.0820361 0.1312245 0.1227521 0.1058032 0.1119555 0.0678344 0.0943095 0.0531778 0.1238676 0.1404077 0.0539203 0.1153722 0.1302377 0.1525944 0.1081717 0.0772613 0.1166656 0.1042937 0.0562385 0.0818697 0.0942763 0.1258938 0.1118438 0.0917665 0.1453649 0.1576777 0.1134714 0.1483642 0.1258126 0.1128531 0.1085926 0.1074621 0.1162613 0.1159090 0.1111610 0.1120632 0.0687518 0.1552760 0.0860160 0.0917123 0.1084875 0.0533739 0.1282155 0.1157264 0.1108839 0.1067458 0.1072783 0.1614393 0.1190252 0.1427846 0.1359024 0.1167882 0.0958087 0.0950432 0.1136082 0.1197375 0.1111696 0.1489077 0.0952326 0.1155189 0.1427481 0.1150556 0.1124421 0.1465731 0.1036971 0.1069216 0.1075551 0.0481215 0.0837162 0.0807552 0.1460226 0.0800497 0.0698517 0.1341502 0.1430818 0.1469983 0.1107334 0.1468991 0.1243290 0.0967212 0.1060511 0.0923905 0.1007463 0.1106572 0.1140433 0.0848478 0.0941990 0.0981574 0.0732305 0.1073409 0.1102428 0.0690341 0.1342746 0.0929279 0.1031654 0.0955217 0.1041828 0.1207513 0.0767689 0.0951227 0.0842997 0.1117202 0.1176723 0.1240423 0.1253864 0.0866868 0.1069138 0.0919414 0.1520300 0.1088802 0.1131401 0.1249176 0.0883723 
S0335         0.2111475 0.1297703 0.1093677 0.1300919 0.1017264 0.1312976 0.1373028 0.1369965 0.0830153 0.1462615 0.1566446 0.1354995 0.1438409 0.1600267 0.1418446 0.1507198 0.1283395 0.0000000 0.0266048 0.1297088 0.1384766 0.1242013 0.1386889 0.1248567 0.1376084 0.1255822 0.1451327 0.1483162 0.1090175 0.1003352 0.1534121 0.1587920 0.1023745 0.1379395 0.1512072 0.1286658 0.1266329 0.1257492 0.1256499 0.1197188 0.1358056 0.0969888 0.1565508 0.1853189 0.1511753 0.1550291 0.1387760 0.1370352 0.1093990 0.1326741 0.1107172 0.1115668 0.0963263 0.1175288 0.1218097 0.1631398 0.1207959 0.1401974 0.1348339 0.0905405 0.1368590 0.1031846 0.0877138 0.0794231 0.0961927 0.1584626 0.1180725 0.1724974 0.1559907 0.1016213 0.0835742 0.0788141 0.0996530 0.1238347 0.1080173 0.1641619 0.0925027 0.0822298 0.1560922 0.1350844 0.0876006 0.1715410 0.1270221 0.1427267 0.0905509 0.1226172 0.1183793 0.1136546 0.1347179 0.1281570 0.1307387 0.1246453 0.1483852 0.1550067 0.1371949 0.1672669 0.0854942 0.0829043 0.1294609 0.1174475 0.1273777 0.0947394 0.1354293 0.1580467 0.0783667 0.0833847 0.1349343 0.1405210 0.1059027 0.1246402 0.1309610 0.1309981 0.1292445 0.0809655 0.0701667 0.1450386 0.1364272 0.1243846 0.1300786 0.1356375 0.1281826 0.0612762 0.0446527 0.1253065 0.0881903 0.0976898 0.1560232 0.1063468 0.0794342 0.1436728 0.0953008 
S0345         0.0000010 0.0625419 0.0677308 0.0839120 0.0394125 0.0750702 0.0678631 0.0827632 0.0682771 0.0820526 0.0625968 0.0752919 0.0736673 0.1145102 0.1029634 0.0610964 0.0820361 0.0266048 0.0000000 0.0731312 0.0679693 0.0684168 0.0806887 0.0693467 0.0745110 0.0825851 0.0685381 0.0670761 0.0752190 0.0676165 0.0742245 0.0996808 0.0731214 0.0761542 0.1013362 0.0684168 0.0812851 0.0759177 0.1230199 0.0387480 0.0822803 0.0398820 0.0670761 0.1139562 0.0954621 0.0731214 0.0854304 0.0741268 0.0616045 0.0751303 0.0616045 0.0679170 0.0620185 0.0549752 0.0690100 0.1079045 0.1019124 1.2424717 1.9977147 0.0624924 0.0667714 0.0735601 0.0795631 0.0620203 0.0616413 0.0622975 0.0796613 0.1088902 0.0488612 0.1129748 0.0000010 0.0673234 0.0739436 0.1123054 0.0804196 0.1083946 0.0676165 0.0679756 0.1005620 0.0675301 0.0619372 0.1088585 0.0812171 0.0495679 0.0560289 0.0694347 0.1032505 0.1013017 0.0614392 0.0967234 0.0876185 0.0493884 0.0731312 0.0736773 0.0805265 0.1083526 0.0380813 0.0682779 0.0810410 0.0684168 0.0752728 0.0612513 0.0676038 0.0000010 0.0494848 0.0734253 0.0890238 0.0501479 0.0680531 0.0693467 0.0856202 0.0953653 0.0744438 0.0611272 0.0556486 0.0745671 0.0884285 0.0500652 0.0949074 0.0555279 0.0496853 0.0268578 0.0436295 0.1019883 0.0562350 0.0553903 0.0996626 0.0560271 0.0553667 0.0801300 0.0434172 
S0355         0.2210045 0.1212454 0.1363388 0.1377159 0.0999814 0.1246599 0.0126482 0.1324267 0.1144847 0.1332088 0.1443227 0.1224140 0.0252125 0.1080880 0.1351269 0.0274333 0.1312245 0.1297088 0.0731312 0.0000000 0.1289476 0.1280806 0.1362346 0.1248466 0.1271978 0.1218387 0.1379999 0.0169363 0.1073272 0.1243719 0.1511582 0.0836522 0.0242567 0.1295439 0.1400920 0.1269095 0.1205011 0.1369995 0.1273304 0.1188792 0.1323342 0.1093955 0.0200862 0.1829658 0.1512895 0.0230866 0.1245513 0.1331914 0.1309381 0.1296956 0.1332903 0.1332293 0.1156332 0.1343317 0.1180918 0.1030029 0.1163807 0.1446451 0.1328925 0.1017080 0.0509758 0.1316153 0.1080555 0.0985968 0.1228866 0.1411859 0.1419009 0.1744730 0.1503911 0.0958776 0.0953195 0.1013940 0.1214055 0.1364835 0.1307419 0.1663478 0.1087917 0.1208230 0.0983729 0.1265407 0.1212175 0.1685984 0.1270941 0.1312398 0.1176936 0.1107728 0.1166631 0.1144914 0.0172950 0.1296325 0.1381425 0.0787305 0.0210165 0.0210229 0.1345257 0.1022237 0.1188872 0.1160473 0.1296225 0.1232268 0.1154573 0.1184499 0.1265889 0.1511774 0.1003282 0.1134865 0.1260745 0.1298804 0.1285170 0.1252521 0.1526494 0.1287116 0.1249187 0.1122724 0.1133685 0.1439573 0.1250477 0.1178128 0.1285298 0.1302166 0.1276213 0.1234550 0.1348670 0.1213270 0.1120067 0.1012484 0.1593544 0.1202461 0.1254506 0.1292378 0.0950294 
S0376         0.2055633 0.0798166 0.1039725 0.1236185 0.0968359 0.0894357 0.1325820 0.1098046 0.1046082 0.1114117 0.1084300 0.1155355 0.1375382 0.1474051 0.1232853 0.1460163 0.1227521 0.1384766 0.0679693 0.1289476 0.0000000 0.0900491 0.0919707 0.1176645 0.0885559 0.1093219 0.0508202 0.1444941 0.0889608 0.1136312 0.1200081 0.1474624 0.0895303 0.1248050 0.0978912 0.0862815 0.1129868 0.1144917 0.1255325 0.0767158 0.0953974 0.0835079 0.1511281 0.1610487 0.0989236 0.1543081 0.1344986 0.0935563 0.1014644 0.0904541 0.1053518 0.1050174 0.1165234 0.1006439 0.1056548 0.1576299 0.1173442 0.1242661 0.1179903 0.0761777 0.1295565 0.1207321 0.1079503 0.0913799 0.1150661 0.1140373 0.1118866 0.1439110 0.1503163 0.1210852 0.1150709 0.0937258 0.1198721 0.1126762 0.1001042 0.1471953 0.0989746 0.1118043 0.1404531 0.0943311 0.1080842 0.1475681 0.0878487 0.0993982 0.1056300 0.1086445 0.1121819 0.1126098 0.1279757 0.1148767 0.1227654 0.1240450 0.1429920 0.1487482 0.0931905 0.1541790 0.1231556 0.1058089 0.0902227 0.0787383 0.0715567 0.1229436 0.0783121 0.1216385 0.1043769 0.1086309 0.1204108 0.0994924 0.1016000 0.1148394 0.1188921 0.1269622 0.0883882 0.1050642 0.1070868 0.1013024 0.1230913 0.0805990 0.1153714 0.0922413 0.0857702 0.1289457 0.1299948 0.1206991 0.1091387 0.0889875 0.1417466 0.1006067 0.1188156 0.0597651 0.0977849 
S0400         0.1702218 0.0756037 0.0948196 0.1074116 0.0919499 0.0143923 0.1351951 0.1061614 0.0881722 0.0208049 0.0982378 0.1130199 0.1400403 0.1416535 0.1096228 0.1427760 0.1058032 0.1242013 0.0684168 0.1280806 0.0900491 0.0000000 0.0244045 0.1048517 0.0756083 0.0947007 0.0889201 0.1398860 0.0823689 0.1058096 0.0934377 0.1434148 0.0995825 0.1112943 0.0385345 0.0177884 0.0992886 0.1151595 0.1093586 0.0689893 0.0185478 0.0841717 0.1411172 0.1606917 0.0892696 0.1478114 0.1232879 0.0243371 0.0967297 0.0134315 0.1003747 0.1000737 0.1051913 0.1045148 0.0948917 0.1491294 0.1043488 0.1090545 0.1122299 0.0834617 0.1264996 0.1087841 0.1066301 0.0866945 0.1058267 0.1173077 0.1153190 0.1527118 0.1351336 0.1125846 0.1080370 0.0898163 0.1107817 0.1211516 0.0942410 0.1546439 0.0919536 0.1117962 0.1413795 0.0656473 0.1008341 0.1525960 0.0124089 0.0602233 0.0953583 0.0930366 0.1019563 0.0987362 0.1393419 0.1070634 0.1120480 0.1297352 0.1374601 0.1464504 0.0243490 0.1465803 0.1034027 0.0963324 0.0143397 0.0156632 0.0746450 0.1149386 0.0592434 0.1165675 0.0869026 0.0943839 0.1056972 0.0598393 0.0945204 0.0998465 0.1293623 0.1158114 0.0135007 0.0969248 0.1010310 0.0314910 0.1145126 0.0408303 0.1102247 0.0548092 0.0762657 0.1220841 0.1237888 0.1100161 0.1053598 0.0830265 0.1350482 0.0973252 0.1135153 0.0866551 0.0795438 
S0405         0.1951621 0.0880712 0.1082392 0.1177308 0.0972472 0.0255482 0.1383432 0.1136911 0.0952973 0.0285920 0.1105761 0.1174075 0.1470496 0.1486440 0.1154928 0.1459105 0.1119555 0.1386889 0.0806887 0.1362346 0.0919707 0.0244045 0.0000000 0.1134648 0.0864281 0.1043540 0.0968234 0.1468845 0.0928701 0.1171280 0.1065515 0.1573608 0.1072948 0.1214660 0.0432867 0.0209826 0.1065902 0.1255452 0.1222437 0.0783887 0.0300044 0.0941191 0.1465365 0.1680479 0.0962657 0.1550014 0.1294596 0.0317689 0.1088775 0.0265794 0.1126575 0.1123134 0.1150287 0.1132740 0.1033315 0.1537066 0.1170294 0.1133274 0.1227535 0.0924164 0.1396091 0.1175873 0.1150230 0.0976118 0.1145948 0.1271109 0.1252651 0.1612200 0.1406225 0.1299527 0.1285323 0.0983151 0.1209694 0.1273688 0.1051051 0.1646029 0.1004940 0.1191542 0.1511004 0.0709065 0.1094448 0.1639234 0.0234583 0.0663492 0.1087006 0.1026929 0.1145495 0.1111159 0.1499722 0.1146764 0.1185122 0.1461401 0.1457460 0.1549634 0.0265010 0.1539332 0.1169801 0.1035711 0.0254527 0.0198726 0.0824283 0.1264625 0.0654867 0.1226926 0.0951344 0.1016972 0.1186167 0.0660268 0.1066104 0.1109530 0.1388782 0.1235679 0.0257000 0.1027807 0.1109565 0.0380259 0.1224207 0.0476548 0.1163325 0.0631147 0.0839056 0.1365295 0.1369831 0.1213513 0.1166280 0.0922471 0.1499562 0.1081916 0.1251137 0.0934036 0.0898199 
S0407sl       0.2212388 0.1095677 0.1116631 0.0640241 0.0909782 0.1043082 0.1262515 0.0642853 0.0942206 0.1059716 0.1328472 0.0716114 0.1274929 0.1427439 0.0599518 0.1369007 0.0678344 0.1248567 0.0693467 0.1248466 0.1176645 0.1048517 0.1134648 0.0000000 0.0993155 0.0508819 0.1216971 0.1315153 0.0553799 0.1134253 0.1223536 0.1455419 0.1188287 0.0643344 0.1174309 0.1047182 0.0537808 0.0906030 0.0961471 0.1100355 0.1095010 0.0871996 0.1375890 0.1589497 0.1159480 0.1402862 0.1150797 0.1121857 0.1072398 0.1053066 0.1149580 0.1146067 0.1114185 0.1088999 0.0711460 0.1487664 0.0877807 0.0937142 0.1042863 0.0588855 0.1143594 0.1125679 0.1086688 0.1049704 0.1041150 0.1476068 0.1198974 0.1470812 0.1435715 0.1229025 0.1341438 0.0953993 0.1129625 0.1194785 0.1110238 0.1516672 0.0938397 0.0980220 0.1395816 0.1137638 0.1114435 0.1479604 0.1012823 0.1097691 0.1080417 0.0433909 0.0866292 0.0836107 0.1257433 0.0809841 0.0640989 0.1284314 0.1341465 0.1316242 0.1097757 0.1434619 0.1105624 0.0954065 0.1036279 0.0902753 0.1032667 0.1120733 0.1089185 0.0894396 0.0943457 0.0996137 0.0638231 0.1085166 0.1088955 0.0244657 0.1271773 0.0985905 0.1008829 0.0995297 0.1044495 0.1156864 0.0683175 0.0941624 0.0893794 0.1092871 0.1157551 0.1193682 0.1247240 0.0873087 0.0990949 0.0848017 0.1410121 0.1046131 0.1134356 0.1239449 0.0824345 
S0412sl       0.2279540 0.0860828 0.0919179 0.1034218 0.0900483 0.0783967 0.1340658 0.1076587 0.1020516 0.0872423 0.1006003 0.1122628 0.1353833 0.1548849 0.0974651 0.1399721 0.0943095 0.1376084 0.0745110 0.1271978 0.0885559 0.0756083 0.0864281 0.0993155 0.0000000 0.0941664 0.0871423 0.1370518 0.0811444 0.1102997 0.0932314 0.1546220 0.0956474 0.1112233 0.0871469 0.0796373 0.0898902 0.1136132 0.1205738 0.0827839 0.0809905 0.0876297 0.1414056 0.1571495 0.0660837 0.1468835 0.1164036 0.0838112 0.1025346 0.0795359 0.1064680 0.1035565 0.1198857 0.1059687 0.0968062 0.1576785 0.1151105 0.1156129 0.1229569 0.0877424 0.1304533 0.1204364 0.1164731 0.0974759 0.1129421 0.1183996 0.1174266 0.1405546 0.1394606 0.1256968 0.1420136 0.0956379 0.1195567 0.1164235 0.1011577 0.1535657 0.0913973 0.1188241 0.1494977 0.0808223 0.1089788 0.1529820 0.0758135 0.0820689 0.1006840 0.0847386 0.1085638 0.1115056 0.1357531 0.1085335 0.1073588 0.1274188 0.1371548 0.1398450 0.0862919 0.1502498 0.1205313 0.0967345 0.0781759 0.0665413 0.0761628 0.1226187 0.0774581 0.1153581 0.0993785 0.1051786 0.1105784 0.0805149 0.1026862 0.0940895 0.1261673 0.1275467 0.0763337 0.1002571 0.1102182 0.0952060 0.1106411 0.0650330 0.1130104 0.0797850 0.0872048 0.1349060 0.1304658 0.1132333 0.1090836 0.0906262 0.1508241 0.1086994 0.1210505 0.0860160 0.0918042 
S0417         0.1837952 0.1067151 0.1011858 0.0583605 0.0951621 0.0964702 0.1232717 0.0563881 0.0917985 0.1054203 0.1188775 0.0675534 0.1245115 0.1383567 0.0596053 0.1354528 0.0531778 0.1255822 0.0825851 0.1218387 0.1093219 0.0947007 0.1043540 0.0508819 0.0941664 0.0000000 0.1122804 0.1326147 0.0497665 0.1078510 0.1209787 0.1440864 0.1117059 0.0667545 0.1101897 0.0956075 0.0452027 0.0848782 0.0883901 0.1051593 0.1003846 0.0854877 0.1340187 0.1478190 0.1057748 0.1404545 0.1099653 0.1005425 0.1029596 0.0965743 0.1105609 0.1102259 0.1049816 0.1057464 0.0699196 0.1503113 0.0824839 0.0771778 0.0975585 0.0427625 0.1178794 0.1106976 0.1032393 0.0993741 0.0999240 0.1361201 0.1105868 0.1344464 0.1267859 0.1174753 0.1018718 0.0887987 0.1056410 0.1216332 0.1066881 0.1406416 0.0902028 0.1055376 0.1353080 0.1058102 0.1097828 0.1379893 0.0937672 0.1022124 0.1055159 0.0296788 0.0802006 0.0772871 0.1254151 0.0729174 0.0654116 0.1232872 0.1352480 0.1391110 0.0994008 0.1431382 0.1103534 0.0939662 0.0937286 0.0839120 0.0994596 0.1092296 0.1050663 0.0792339 0.0928051 0.0980468 0.0602100 0.0996740 0.1045777 0.0519765 0.1248373 0.0919108 0.0907293 0.0982549 0.1040007 0.1079493 0.0663483 0.0854363 0.0782961 0.0989724 0.1064686 0.1167276 0.1187141 0.0820368 0.0943005 0.0796266 0.1366764 0.1065281 0.1129409 0.1117930 0.0795625 
S0427         0.2337834 0.0839931 0.0979966 0.1235766 0.0978333 0.0883300 0.1431624 0.1168418 0.1159831 0.1019974 0.1152705 0.1313784 0.1497467 0.1640595 0.1098226 0.1543805 0.1238676 0.1451327 0.0685381 0.1379999 0.0508202 0.0889201 0.0968234 0.1216971 0.0871423 0.1122804 0.0000000 0.1512470 0.0891121 0.1237633 0.1061949 0.1574599 0.0964559 0.1236381 0.0998729 0.0907829 0.1145486 0.1331019 0.1316088 0.0812549 0.0931370 0.0957634 0.1536098 0.1630160 0.0974863 0.1593244 0.1231901 0.0922766 0.1038307 0.0893009 0.1075276 0.1045776 0.1252980 0.1172535 0.1086077 0.1710086 0.1251141 0.1279743 0.1306317 0.1040207 0.1380439 0.1316869 0.1192970 0.1126859 0.1262849 0.1209534 0.1230862 0.1536696 0.1468615 0.1371198 0.1353635 0.1072315 0.1311734 0.1350679 0.1036999 0.1538933 0.1035542 0.1219311 0.1551851 0.0917062 0.1170030 0.1508278 0.0879926 0.0966356 0.1126503 0.1083733 0.1176270 0.1190863 0.1459704 0.1187146 0.1303690 0.1417305 0.1500122 0.1527374 0.0967576 0.1647954 0.1290608 0.1150545 0.0879281 0.0768797 0.0744132 0.1251150 0.0808884 0.1279177 0.1109785 0.1160967 0.1217377 0.0966597 0.1039631 0.1202171 0.1224952 0.1329391 0.0874259 0.1167062 0.1111484 0.1021285 0.1252748 0.0823838 0.1179562 0.0945070 0.0882863 0.1401112 0.1447352 0.1218709 0.1230479 0.0986424 0.1417804 0.1073338 0.1251896 0.0558329 0.0997987 
S0430         0.2370971 0.1359041 0.1445701 0.1504322 0.1063197 0.1407617 0.0146504 0.1456270 0.1278000 0.1442682 0.1650922 0.1439223 0.0253752 0.1090855 0.1426213 0.0214587 0.1404077 0.1483162 0.0670761 0.0169363 0.1444941 0.1398860 0.1468845 0.1315153 0.1370518 0.1326147 0.1512470 0.0000000 0.1183048 0.1431384 0.1546652 0.0960115 0.0203920 0.1433326 0.1511156 0.1403963 0.1270857 0.1473621 0.1384444 0.1315496 0.1456500 0.1167533 0.0203632 0.1944292 0.1631176 0.0153042 0.1306558 0.1463434 0.1409615 0.1443479 0.1406807 0.1419207 0.1302968 0.1432708 0.1329408 0.1141455 0.1289637 0.1629121 0.1441805 0.1067707 0.0534414 0.1461996 0.1214418 0.1109289 0.1401447 0.1474827 0.1504278 0.1892324 0.1594026 0.0991546 0.1198995 0.1115133 0.1361180 0.1375343 0.1381947 0.1815427 0.1215020 0.1369006 0.1033118 0.1371453 0.1369641 0.1819610 0.1389388 0.1389776 0.1292728 0.1217358 0.1292712 0.1269114 0.0184866 0.1419493 0.1475599 0.0859425 0.0123935 0.0095076 0.1449901 0.1097487 0.1350054 0.1295061 0.1414278 0.1332482 0.1303297 0.1412980 0.1369967 0.1694070 0.1177729 0.1257284 0.1353621 0.1393525 0.1360398 0.1306370 0.1579010 0.1384638 0.1370001 0.1257196 0.1322212 0.1556454 0.1332748 0.1326428 0.1408119 0.1433772 0.1394960 0.1408484 0.1508588 0.1310014 0.1319594 0.1098621 0.1681352 0.1279039 0.1444282 0.1412225 0.1037387 
S0478         0.1717489 0.0881056 0.0968468 0.0582678 0.0793564 0.0817097 0.1097434 0.0620415 0.0797457 0.0904757 0.1106787 0.0683383 0.1104851 0.1314577 0.0608986 0.1183952 0.0539203 0.1090175 0.0752190 0.1073272 0.0889608 0.0823689 0.0928701 0.0553799 0.0811444 0.0497665 0.0891121 0.1183048 0.0000000 0.0954429 0.1063115 0.1267097 0.1087907 0.0623584 0.0966862 0.0841341 0.0572226 0.0688657 0.0696129 0.0904951 0.0887674 0.0705071 0.1256730 0.1357209 0.0924662 0.1284025 0.1012630 0.0865581 0.0886198 0.0816811 0.0933704 0.0930914 0.0978059 0.0901231 0.0507502 0.1312984 0.0627214 0.0676764 0.0864326 0.0411426 0.1028601 0.0984236 0.0914320 0.0875387 0.0879630 0.1190928 0.0945162 0.1260550 0.1242277 0.1109143 0.0965662 0.0791850 0.0964361 0.1138680 0.0884731 0.1282551 0.0688491 0.0885956 0.1220464 0.0912395 0.0914758 0.1244837 0.0814330 0.0871040 0.0884054 0.0457792 0.0584509 0.0569618 0.1169162 0.0635783 0.0653147 0.1070708 0.1208575 0.1234116 0.0868011 0.1294706 0.0945751 0.0796901 0.0836814 0.0704980 0.0795169 0.0909231 0.0890530 0.0707000 0.0774701 0.0813322 0.0567215 0.0907271 0.0875810 0.0553699 0.1053770 0.0718643 0.0808309 0.0824916 0.0823654 0.0939309 0.0606591 0.0735546 0.0654989 0.0845733 0.0915815 0.1025781 0.1062357 0.0614391 0.0849774 0.0682663 0.1212924 0.0860279 0.0931841 0.0923873 0.0671076 
S0552sl       0.1895963 0.1110760 0.1094052 0.1265517 0.0889230 0.1077016 0.1293351 0.1209285 0.0649268 0.1215054 0.1310618 0.1265720 0.1347299 0.1419170 0.1342914 0.1511613 0.1153722 0.1003352 0.0676165 0.1243719 0.1136312 0.1058096 0.1171280 0.1134253 0.1102997 0.1078510 0.1237633 0.1431384 0.0954429 0.0000000 0.1304134 0.1436151 0.1110430 0.1254909 0.1212310 0.1033580 0.1100568 0.1080920 0.1172027 0.0939106 0.1142880 0.0841643 0.1497083 0.1649250 0.1248360 0.1550732 0.1145718 0.1115973 0.1053349 0.1114004 0.1064530 0.1074874 0.0573864 0.1009270 0.0969201 0.1532855 0.1084467 0.1162220 0.1052497 0.0825980 0.1251311 0.0576989 0.0568946 0.0124379 0.0472512 0.1161196 0.1128876 0.1450036 0.1339654 0.0900940 0.0727259 0.0457706 0.0559728 0.1152470 0.1039738 0.1550408 0.0518889 0.0790894 0.1412456 0.1152032 0.0785205 0.1570151 0.1073057 0.1164350 0.0754035 0.1059886 0.1035885 0.1051503 0.1351580 0.1003659 0.1284911 0.1213374 0.1445324 0.1445477 0.1130469 0.1391462 0.0915770 0.0623110 0.1096488 0.0940014 0.1076154 0.0834990 0.1128827 0.1407079 0.0659587 0.0652086 0.1222032 0.1154344 0.1018725 0.1119612 0.1295592 0.1195766 0.1032322 0.0709053 0.0728213 0.1209530 0.1222549 0.0990633 0.1059665 0.1084155 0.1101233 0.1008808 0.0964768 0.1152065 0.0640041 0.0747472 0.1378473 0.1026029 0.0810676 0.1152333 0.0783271 
