133
PAFTOL_019361 0.0000000 0.1754615 0.1798738 0.1986213 0.1954391 0.2055010 0.1895615 0.1833865 0.1943397 0.2215379 0.2460768 0.2243755 0.1877331 0.1918822 0.1991310 0.1902140 0.1926777 0.1873653 0.2357539 0.1968277 0.1823542 0.2481779 0.1998866 0.1715987 0.2266508 0.1991454 0.1872584 0.1927733 0.2451359 0.1822569 0.1793751 0.1797508 0.2023145 0.2018280 0.1677560 0.1832642 0.2170009 0.2063878 0.2013812 0.1729362 0.1899704 0.1956525 0.2451747 0.1769553 0.1931241 0.1953395 0.1994617 0.1805361 0.2313487 0.2127922 0.2172411 0.1860815 0.2104282 0.1878364 0.1778301 0.1864544 0.1781970 0.1752822 0.2153827 0.1913086 0.1847092 0.1945067 0.1830677 0.1981538 0.1817591 0.1760658 0.1957206 0.1948856 0.1914201 0.1857921 0.2088767 0.1875202 0.2088421 0.1939373 0.1917871 0.1837919 0.1860490 0.1180555 0.1904186 0.1915763 0.2015742 0.2104547 0.2030427 0.1862637 0.2700779 0.2072630 0.2152137 0.1898704 0.1849265 0.1912412 0.1726272 0.1767576 0.1929532 0.2047684 0.1958401 0.2346655 0.2123083 0.1849857 0.2022373 0.2034525 0.2096682 0.1978447 0.1803204 0.1954636 0.1967208 0.1821256 0.1944770 0.1784776 0.1858849 0.2002912 0.1834791 0.2026441 0.1920067 0.1988118 0.2133999 0.1968702 0.1886307 0.2064807 0.1854148 0.1989374 0.1971826 0.2005672 0.1923601 0.2040990 0.2021628 0.1909339 0.1913146 0.1944287 0.2340736 0.1745650 0.1881034 0.1863847 0.1909634 
S0055         0.1754615 0.0000000 0.0631631 0.0821590 0.0731052 0.0547264 0.0779482 0.0819013 0.0547376 0.0567615 0.0697410 0.0941982 0.0831927 0.0848485 0.0826908 0.0842859 0.0794823 0.0607382 0.0852211 0.0841724 0.0548224 0.0505852 0.0498812 0.0881007 0.0703763 0.0726025 0.0602697 0.0616766 0.0838905 0.0872261 0.0712793 0.0748893 0.0659518 0.0845771 0.0862424 0.0850464 0.0583157 0.0436656 0.0906221 0.0747805 0.0734600 0.0580878 0.0729418 0.0657932 0.0806161 0.1105861 0.0604105 0.0805543 0.0790410 0.0546726 0.0868862 0.0608631 0.0528407 0.0634652 0.0578471 0.0781227 0.0697523 0.0751897 0.0935758 0.0689711 0.0782985 0.0602807 0.0772150 0.0757999 0.0723202 0.0742759 0.0785874 0.0709404 0.1157618 0.0920024 0.0832037 0.0863645 0.0744656 0.0723899 0.1196435 0.0595133 0.1134832 0.0705129 0.0739841 0.0721253 0.0940807 0.0597067 0.0615343 0.1118258 0.0548465 0.0541109 0.0786833 0.0728547 0.0703229 0.0660247 0.0794771 0.0727518 0.0808932 0.0924814 0.0821376 0.0898094 0.0451524 0.0768890 0.0651609 0.0579128 0.0494721 0.0486042 0.0201511 0.0718465 0.0527786 0.0755212 0.0604156 0.0465896 0.0825148 0.0463831 0.0641027 0.0977399 0.0694814 0.0759506 0.0504674 0.0599459 0.0571618 0.0534892 0.0778679 0.0476222 0.0861219 0.0410562 0.0528364 0.0746597 0.0735283 0.0726239 0.0707218 0.0650926 0.0888129 0.0566779 0.0530597 0.0561831 0.0647829 
S0196sl       0.1798738 0.0631631 0.0000000 0.0772935 0.0561882 0.0799241 0.0684044 0.0728078 0.0422253 0.0846664 0.0916797 0.0926634 0.0733023 0.0663252 0.0654636 0.0703384 0.0663659 0.0687188 0.0776984 0.0757377 0.0675993 0.0829084 0.0784217 0.0662887 0.0854898 0.0624744 0.0107290 0.0776383 0.0729880 0.0779072 0.0609490 0.0718014 0.0779597 0.0732008 0.0666869 0.0679122 0.0859488 0.0672094 0.0792011 0.0643145 0.0751944 0.0661600 0.0725722 0.0316310 0.0719726 0.0936001 0.0746744 0.0688992 0.0622330 0.0780423 0.0738917 0.0122612 0.0828289 0.0146423 0.0115422 0.0769683 0.0427102 0.0647693 0.0864785 0.0673458 0.0667326 0.0485989 0.0573350 0.0805141 0.0664142 0.0736611 0.0837174 0.0384028 0.0925149 0.0918794 0.0824473 0.0698420 0.0748857 0.0761090 0.0994538 0.0091568 0.0959686 0.0712404 0.0633848 0.0700763 0.0846540 0.0850220 0.0478601 0.0946510 0.0732021 0.0725098 0.0642167 0.0599287 0.0721131 0.0646087 0.0687200 0.0638799 0.0692958 0.0801884 0.0682053 0.0653798 0.0710764 0.0745592 0.0662584 0.0439420 0.0764758 0.0718074 0.0593269 0.0575759 0.0806765 0.0615199 0.0532948 0.0356974 0.0692975 0.0634580 0.0153895 0.0707054 0.0392051 0.0711033 0.0810898 0.0509188 0.0614492 0.0770283 0.0741600 0.0693951 0.0730916 0.0624916 0.0633736 0.0767024 0.0705519 0.0721063 0.0715562 0.0539553 0.0926847 0.0250357 0.0574637 0.0683952 0.0546992 
S0278         0.1986213 0.0821590 0.0772935 0.0000000 0.0933448 0.0955564 0.1012294 0.0408289 0.0743912 0.0920928 0.1164629 0.0582301 0.1040996 0.1008199 0.0471649 0.1049667 0.0508892 0.0850251 0.1050041 0.1095355 0.0855940 0.0910756 0.0902608 0.0732642 0.1056339 0.0445445 0.0735152 0.0911654 0.0626659 0.1101620 0.0593034 0.0920689 0.0996623 0.1078277 0.1076055 0.0497636 0.1018486 0.0831494 0.0519819 0.0599755 0.0794465 0.0889116 0.1119219 0.0750213 0.1004878 0.1222891 0.0929220 0.1013836 0.1029694 0.0966777 0.1043045 0.0767757 0.0942919 0.0753906 0.0710083 0.0964457 0.0778213 0.0571853 0.1195483 0.0716100 0.0617689 0.0794325 0.0929940 0.0963785 0.0893254 0.0885218 0.0999727 0.0903852 0.1276087 0.1100360 0.1098817 0.1041928 0.0907893 0.0939663 0.1295249 0.0753522 0.1194998 0.0803841 0.0942034 0.0900559 0.1180857 0.1009523 0.0795812 0.1196568 0.0983564 0.0966258 0.0938156 0.0405460 0.0744144 0.0701662 0.1013035 0.0578556 0.0368126 0.1086949 0.1037817 0.1061996 0.0891993 0.1050246 0.0863711 0.0761762 0.0896583 0.0916627 0.0849269 0.0853488 0.0956284 0.0658893 0.0852537 0.0688650 0.0475121 0.0894835 0.0787692 0.0707229 0.0895494 0.0785827 0.0901897 0.0766791 0.0791953 0.0924950 0.0487772 0.0962755 0.0664050 0.0896479 0.0847143 0.0997414 0.0944619 0.0766655 0.0888406 0.0823702 0.1172839 0.0719930 0.0768215 0.0845212 0.0819366 
S0281         0.1954391 0.0731052 0.0561882 0.0933448 0.0000000 0.0876913 0.0802248 0.0898506 0.0607105 0.0893214 0.1143574 0.1008198 0.0869237 0.0834308 0.0888274 0.0879220 0.0853819 0.0731125 0.0855593 0.0883555 0.0812251 0.0862607 0.0838230 0.0972417 0.1010659 0.0785849 0.0485506 0.0823407 0.0871703 0.0966232 0.0784197 0.0821997 0.0916838 0.0883648 0.0953193 0.0880230 0.0926964 0.0750831 0.0975950 0.0815783 0.0888106 0.0747308 0.1090742 0.0449376 0.0855207 0.1209239 0.0866226 0.0840723 0.0968372 0.0798676 0.0924263 0.0505711 0.0869078 0.0505240 0.0487185 0.0795790 0.0504305 0.0798422 0.0973993 0.0828188 0.0845729 0.0656544 0.0749456 0.0847228 0.0706135 0.0745231 0.0794176 0.0567927 0.1252070 0.1033999 0.0913596 0.0871092 0.0753150 0.0709470 0.1211755 0.0491534 0.1246384 0.0784366 0.0777755 0.0806738 0.0986068 0.1007999 0.0665589 0.1227158 0.0942855 0.0954978 0.0771289 0.0834015 0.0835170 0.0819499 0.0841153 0.0799122 0.0869820 0.0965248 0.0864352 0.0964401 0.0829261 0.0832143 0.0755043 0.0634385 0.0824512 0.0771238 0.0704381 0.0697280 0.0881608 0.0896165 0.0607240 0.0546056 0.0868925 0.0869109 0.0534203 0.1041284 0.0567918 0.0894197 0.0841412 0.0633153 0.0681831 0.0866583 0.0861522 0.0856459 0.0940528 0.0798313 0.0752940 0.0865161 0.0850508 0.0853344 0.0696193 0.0679591 0.1134175 0.0461829 0.0636059 0.0828306 0.0707159 
S0282         0.2055010 0.0547264 0.0799241 0.0955564 0.0876913 0.0000000 0.0989271 0.0996371 0.0709655 0.0261079 0.0778688 0.1135658 0.1008853 0.1003354 0.0985764 0.0996016 0.0974639 0.0762318 0.1010626 0.1042315 0.0697481 0.0176442 0.0273307 0.1145410 0.0910199 0.0887478 0.0730295 0.0735602 0.1048628 0.1011580 0.0858758 0.0940018 0.0824658 0.1000340 0.0982261 0.1061092 0.0434272 0.0191035 0.1040282 0.0957431 0.0943387 0.0743336 0.0391096 0.0766684 0.0981824 0.1303503 0.0788682 0.0963878 0.0973731 0.0324491 0.1045903 0.0749941 0.0212308 0.0756250 0.0706746 0.0955184 0.0808947 0.0959903 0.1121442 0.0890611 0.0984897 0.0763591 0.0930491 0.0961524 0.0887796 0.0928133 0.0996443 0.0865991 0.1374695 0.1046820 0.0952681 0.0951769 0.0896224 0.0886248 0.1365351 0.0729052 0.1325005 0.0825774 0.0923727 0.0903071 0.1116343 0.0458739 0.0763267 0.1309006 0.0207424 0.0481903 0.0903904 0.0906960 0.0920259 0.0883881 0.0971202 0.0944436 0.0977284 0.1098146 0.1019501 0.1120594 0.0247030 0.0997973 0.0812025 0.0747576 0.0231782 0.0258560 0.0570742 0.0852502 0.0383301 0.0973582 0.0797214 0.0667154 0.1033256 0.0413741 0.0757028 0.1211959 0.0851069 0.0964185 0.0161052 0.0782208 0.0775090 0.0323088 0.0954736 0.0431636 0.1038386 0.0364159 0.0709339 0.0904500 0.0843519 0.0942781 0.0878841 0.0814323 0.1171289 0.0735274 0.0712732 0.0671445 0.0809843 
S0288         0.1895615 0.0779482 0.0684044 0.1012294 0.0802248 0.0989271 0.0000000 0.0993594 0.0718996 0.0978897 0.1237815 0.1065516 0.0164228 0.0522605 0.0956703 0.0181223 0.0911129 0.0834217 0.1006639 0.0156487 0.0813455 0.0980481 0.0895461 0.1023602 0.1028277 0.0872550 0.0666562 0.0871712 0.0957837 0.0193382 0.0895864 0.0962511 0.0972377 0.0570886 0.0217626 0.0966043 0.1043793 0.0862000 0.1027955 0.0832472 0.0938993 0.0862915 0.1173002 0.0734745 0.0156996 0.1297874 0.0941385 0.0170207 0.0913359 0.0935453 0.1118247 0.0665695 0.0949672 0.0672405 0.0623216 0.0976698 0.0772725 0.0822848 0.0631282 0.0884377 0.0920500 0.0700165 0.0273921 0.0997630 0.0905655 0.0917896 0.0933744 0.0802135 0.1262785 0.1077691 0.0682209 0.0637254 0.0945816 0.0910130 0.1336736 0.0657943 0.1330923 0.0757970 0.0943295 0.0861943 0.0629552 0.1026889 0.0764530 0.1318771 0.1038159 0.1016559 0.0830058 0.0891128 0.0902531 0.0853050 0.0161235 0.0840202 0.0881788 0.0675060 0.0137461 0.0181369 0.0918224 0.0540155 0.0845361 0.0738823 0.0944969 0.0858768 0.0828348 0.0827914 0.0990620 0.0818423 0.0748544 0.0603068 0.0923572 0.0927934 0.0673708 0.1093016 0.0808013 0.0960249 0.0954246 0.0731284 0.0764603 0.1006765 0.0929281 0.0938880 0.1034070 0.0868544 0.0838675 0.0904631 0.0925673 0.0935459 0.0884862 0.0740091 0.1146554 0.0641371 0.0723865 0.0891438 0.0798744 
S0289         0.1833865 0.0819013 0.0728078 0.0408289 0.0898506 0.0996371 0.0993594 0.0000000 0.0761024 0.0952115 0.1203675 0.0549598 0.0997618 0.0998233 0.0391900 0.0999619 0.0425081 0.0883276 0.1014126 0.1045741 0.0848262 0.0990300 0.0937909 0.0706708 0.1064899 0.0374830 0.0750804 0.0930745 0.0550621 0.1086123 0.0561644 0.0910999 0.0991953 0.1097291 0.1044522 0.0388352 0.1032501 0.0871784 0.0397759 0.0499899 0.0734974 0.0877268 0.1171347 0.0779982 0.0974517 0.1249890 0.0890195 0.0976952 0.1016119 0.0965712 0.1021828 0.0763183 0.0992363 0.0769670 0.0720166 0.0954752 0.0837067 0.0523116 0.1177741 0.0664484 0.0536153 0.0806210 0.0919919 0.0947121 0.0868388 0.0853859 0.0964403 0.0911564 0.1215646 0.1114922 0.1097532 0.1049073 0.0898119 0.0915009 0.1316355 0.0749503 0.1230024 0.0675501 0.0915245 0.0881714 0.1171607 0.1032100 0.0785315 0.1231844 0.1104011 0.0999838 0.0972583 0.0357234 0.0692148 0.0656818 0.0966820 0.0472162 0.0406819 0.1096916 0.1029511 0.1058588 0.0940446 0.1003647 0.0854456 0.0785781 0.0966664 0.0938026 0.0831904 0.0852546 0.0969816 0.0562773 0.0840045 0.0677986 0.0385529 0.0929462 0.0776546 0.0626930 0.0903115 0.0746609 0.0964528 0.0755554 0.0828741 0.0975773 0.0396718 0.0968751 0.0606101 0.0901786 0.0808871 0.0971184 0.0984307 0.0734538 0.0869898 0.0840721 0.1195586 0.0735535 0.0791909 0.0835949 0.0851492 
S0292         0.1943397 0.0547376 0.0422253 0.0743912 0.0607105 0.0709655 0.0718996 0.0761024 0.0000000 0.0710229 0.0889068 0.0855508 0.0722589 0.0685801 0.0761350 0.0727851 0.0677639 0.0471929 0.0681666 0.0796970 0.0583954 0.0676022 0.0656698 0.0699241 0.0807735 0.0603106 0.0417297 0.0678935 0.0767280 0.0736723 0.0610088 0.0652041 0.0741726 0.0743150 0.0648268 0.0778309 0.0730505 0.0582721 0.0805309 0.0672259 0.0735318 0.0624021 0.0821882 0.0499834 0.0719018 0.1095408 0.0667123 0.0692002 0.0690227 0.0651385 0.0698397 0.0441563 0.0689748 0.0447316 0.0394474 0.0659759 0.0556451 0.0635980 0.0834427 0.0650497 0.0693003 0.0361547 0.0633243 0.0666263 0.0592496 0.0633752 0.0714422 0.0514418 0.1166084 0.0903407 0.0732817 0.0714875 0.0599663 0.0613052 0.1182700 0.0422691 0.1131825 0.0701687 0.0646009 0.0579371 0.0822020 0.0773606 0.0300862 0.1115444 0.0667099 0.0694968 0.0448894 0.0599188 0.0691944 0.0649341 0.0691919 0.0638630 0.0671045 0.0840491 0.0719919 0.0736246 0.0596352 0.0693756 0.0539960 0.0150143 0.0636709 0.0640748 0.0518727 0.0349259 0.0699218 0.0694286 0.0153435 0.0055221 0.0726510 0.0607931 0.0459986 0.0800001 0.0520636 0.0732283 0.0651764 0.0278704 0.0462996 0.0668173 0.0706917 0.0641862 0.0773906 0.0564833 0.0596791 0.0639915 0.0557942 0.0726095 0.0563998 0.0398887 0.0959795 0.0403700 0.0430150 0.0629557 0.0397487 
S0293         0.2215379 0.0567615 0.0846664 0.0920928 0.0893214 0.0261079 0.0978897 0.0952115 0.0710229 0.0000000 0.0788707 0.0964781 0.1003820 0.0986028 0.0934135 0.0972480 0.0909393 0.0731209 0.1011531 0.1027401 0.0703203 0.0186795 0.0279966 0.1127640 0.0846398 0.0804247 0.0738444 0.0739368 0.0911422 0.1053382 0.0830038 0.0875194 0.0772651 0.0968409 0.1098003 0.1023686 0.0429339 0.0194910 0.0994129 0.0926978 0.0898133 0.0711325 0.0456697 0.0789932 0.0947150 0.1306659 0.0737938 0.0998967 0.0984605 0.0370061 0.0973069 0.0754458 0.0261185 0.0786201 0.0721093 0.0894703 0.0830221 0.0904398 0.1078548 0.0836296 0.0893159 0.0760471 0.0940682 0.0910659 0.0849412 0.0844975 0.0956442 0.0881356 0.1313457 0.1112815 0.0962000 0.1010237 0.0858106 0.0828951 0.1412640 0.0730809 0.1357654 0.0892041 0.0896608 0.0875613 0.1081218 0.0450572 0.0737670 0.1335400 0.0262628 0.0461769 0.0894952 0.0861903 0.0853063 0.0812388 0.0978826 0.0872174 0.0948759 0.1072955 0.0988502 0.1140735 0.0281189 0.0909628 0.0771265 0.0749585 0.0267822 0.0288529 0.0533572 0.0824204 0.0421689 0.0899251 0.0792407 0.0649288 0.0948267 0.0409613 0.0779256 0.1200841 0.0879462 0.0911215 0.0214246 0.0752495 0.0735410 0.0363312 0.0900919 0.0460065 0.0965724 0.0360919 0.0693507 0.0892386 0.0854608 0.0885559 0.0823871 0.0818062 0.1131100 0.0713845 0.0664866 0.0695527 0.0768696 
S0294         0.2460768 0.0697410 0.0916797 0.1164629 0.1143574 0.0778688 0.1237815 0.1203675 0.0889068 0.0788707 0.0000000 0.1301734 0.1219648 0.1179876 0.1186835 0.1214177 0.1157090 0.0970199 0.1306694 0.1295184 0.0923170 0.0732906 0.0673398 0.1211871 0.1037079 0.1084177 0.0947653 0.0965440 0.1182212 0.1210453 0.1089197 0.1026976 0.0950166 0.1221780 0.1152856 0.1214928 0.0800378 0.0656397 0.1242740 0.1105481 0.1157556 0.0924656 0.0955368 0.0965774 0.1184429 0.1430293 0.0948931 0.1182697 0.1173508 0.0824071 0.1180790 0.0968410 0.0724138 0.0981583 0.0914644 0.1079582 0.1030139 0.1043281 0.1253875 0.1073669 0.1112260 0.0968500 0.1093927 0.1037057 0.0988166 0.1029774 0.1145858 0.1067811 0.1481059 0.1151718 0.1091623 0.1122881 0.1041686 0.1003304 0.1475323 0.0945958 0.1427186 0.1066891 0.1057279 0.1092062 0.1216512 0.0802665 0.0881317 0.1412144 0.0758145 0.0813464 0.1096456 0.1074999 0.1099903 0.1060479 0.1069888 0.1043047 0.1165952 0.1264744 0.1193615 0.1213617 0.0689013 0.1019205 0.1041830 0.0896210 0.0711582 0.0734578 0.0700713 0.1023457 0.0728969 0.1085034 0.0997796 0.0811761 0.1201745 0.0734803 0.0996661 0.1374622 0.1065834 0.1154401 0.0719444 0.0895207 0.0932969 0.0770702 0.1148408 0.0718254 0.1177603 0.0680751 0.0901005 0.1141041 0.1091255 0.1120958 0.1017750 0.1013658 0.1242394 0.0901698 0.0887432 0.0910585 0.0994554 
S0299         0.2243755 0.0941982 0.0926634 0.0582301 0.1008198 0.1135658 0.1065516 0.0549598 0.0855508 0.0964781 0.1301734 0.0000000 0.1155269 0.1094082 0.0616468 0.1139535 0.0610649 0.0896448 0.1176603 0.1181986 0.0957292 0.1003211 0.1051278 0.0827639 0.1197772 0.0508697 0.0863597 0.1045676 0.0653718 0.1176768 0.0692810 0.1001663 0.1170806 0.1140460 0.1228554 0.0601574 0.1129849 0.0970404 0.0606413 0.0705066 0.0910659 0.1003138 0.1377985 0.0930619 0.1105091 0.1427122 0.1092807 0.1159205 0.1180007 0.1111908 0.1036964 0.0878581 0.1091514 0.0887100 0.0845924 0.1028045 0.0948946 0.0696122 0.1223530 0.0841572 0.0742601 0.0894151 0.1055232 0.1010118 0.0945035 0.0912911 0.1020699 0.1058009 0.1406885 0.1269038 0.1122021 0.1190225 0.0947514 0.0998079 0.1540501 0.0863487 0.1446857 0.0765876 0.0993992 0.0988614 0.1197376 0.1126049 0.0863856 0.1437992 0.1098576 0.1112304 0.1088677 0.0554078 0.0873426 0.0817889 0.1110587 0.0683380 0.0578186 0.1183871 0.1131215 0.1240570 0.1035266 0.1086393 0.0907174 0.0871779 0.1043491 0.1079657 0.0911933 0.0945742 0.1096782 0.0695491 0.0926751 0.0771054 0.0549154 0.1011272 0.0888047 0.0779747 0.1047761 0.0915134 0.1062066 0.0841122 0.0883427 0.1042110 0.0559370 0.1101739 0.0827264 0.0992161 0.0983404 0.1093488 0.1018542 0.0899651 0.0972282 0.0944340 0.1264733 0.0831086 0.0825926 0.0979390 0.0907702 
S0303         0.1877331 0.0831927 0.0733023 0.1040996 0.0869237 0.1008853 0.0164228 0.0997618 0.0722589 0.1003820 0.1219648 0.1155269 0.0000000 0.0500796 0.1012457 0.0082842 0.0942756 0.0860303 0.1029978 0.0116420 0.0856087 0.0986304 0.0917960 0.1147396 0.1012788 0.0877276 0.0701703 0.0925261 0.1054726 0.0233208 0.0921399 0.0979231 0.1028268 0.0602112 0.0037413 0.1029551 0.0990061 0.0872485 0.1027314 0.0908135 0.0959532 0.0913864 0.1149616 0.0757319 0.0111519 0.1278706 0.0962229 0.0033049 0.0934194 0.0992272 0.1114743 0.0688234 0.0994182 0.0733950 0.0663171 0.0997051 0.0778081 0.0891756 0.0628788 0.0911666 0.0958230 0.0760358 0.0291123 0.1042669 0.0929138 0.0948246 0.1022217 0.0852700 0.1270208 0.1175512 0.0659821 0.0622139 0.0980009 0.0919422 0.1310603 0.0693885 0.1315474 0.0870216 0.0959645 0.0901351 0.0625601 0.1020583 0.0783933 0.1297996 0.0991034 0.1030436 0.0870644 0.0923052 0.0935011 0.0883710 0.0072777 0.0922082 0.0939903 0.0701673 0.0186723 0.0228449 0.0936042 0.0542230 0.0839529 0.0733805 0.0960973 0.0948988 0.0844231 0.0860747 0.0995365 0.0875917 0.0805878 0.0612616 0.1003614 0.0944572 0.0687763 0.1151980 0.0857929 0.0978814 0.0952830 0.0767701 0.0782658 0.1015714 0.0967350 0.0947964 0.1040000 0.0903981 0.0876110 0.0945902 0.0964185 0.0965004 0.0918944 0.0790717 0.1141139 0.0685232 0.0754060 0.0912602 0.0822585 
S0308         0.1918822 0.0848485 0.0663252 0.1008199 0.0834308 0.1003354 0.0522605 0.0998233 0.0685801 0.0986028 0.1179876 0.1094082 0.0500796 0.0000000 0.0943447 0.0488108 0.0981572 0.0793842 0.1062918 0.0586920 0.0872909 0.0960379 0.0893518 0.1024747 0.1054286 0.0862496 0.0646480 0.0969321 0.1019236 0.0592649 0.0910588 0.0954490 0.0988513 0.0568194 0.0538832 0.1003629 0.1046995 0.0861218 0.1051977 0.0844878 0.0925648 0.0902043 0.1159114 0.0721436 0.0485016 0.1229491 0.0965742 0.0491804 0.0978321 0.0971058 0.1032736 0.0652804 0.0996041 0.0678291 0.0608518 0.0943425 0.0768509 0.0871743 0.0537395 0.0843171 0.0900590 0.0690783 0.0425685 0.1000414 0.0855687 0.0900296 0.1007358 0.0780657 0.1236022 0.1167530 0.0580214 0.0582796 0.0933453 0.0909002 0.1260854 0.0632366 0.1280461 0.0947268 0.0925153 0.0891909 0.0553895 0.1021932 0.0753208 0.1245555 0.0971524 0.0976321 0.0843884 0.0861392 0.0886531 0.0822266 0.0464152 0.0859379 0.0920936 0.0628008 0.0511995 0.0548044 0.0918135 0.0442098 0.0851009 0.0697426 0.0941147 0.0895466 0.0867418 0.0809386 0.0977370 0.0784531 0.0793929 0.0603860 0.0968647 0.0903836 0.0665789 0.1107879 0.0792703 0.0930434 0.0956490 0.0736964 0.0767214 0.1017463 0.0991500 0.0959243 0.0982111 0.0914557 0.0866220 0.0938255 0.0917386 0.0916338 0.0901003 0.0711706 0.1166224 0.0637030 0.0745382 0.0934598 0.0764229 
S0320         0.1991310 0.0826908 0.0654636 0.0471649 0.0888274 0.0985764 0.0956703 0.0391900 0.0761350 0.0934135 0.1186835 0.0616468 0.1012457 0.0943447 0.0000000 0.1007225 0.0481214 0.0864313 0.1030900 0.1032889 0.0875925 0.0958093 0.0915710 0.0683416 0.1045526 0.0493411 0.0726512 0.0951465 0.0636395 0.1060043 0.0603127 0.0919982 0.0993638 0.1063083 0.1052413 0.0495242 0.1019248 0.0865596 0.0503555 0.0539118 0.0765042 0.0873238 0.1144180 0.0789175 0.0984399 0.1192019 0.0876220 0.0998732 0.0920346 0.0998918 0.1067680 0.0739401 0.0985496 0.0732189 0.0689452 0.0955991 0.0831199 0.0568525 0.1122691 0.0706796 0.0563131 0.0813630 0.0879468 0.0978194 0.0891353 0.0892174 0.1000681 0.0871690 0.1207144 0.1042234 0.1036080 0.0955242 0.0914982 0.0933010 0.1259034 0.0718695 0.1188357 0.0727465 0.0946668 0.0848321 0.1101511 0.1011012 0.0779127 0.1173903 0.1066878 0.0986507 0.0966549 0.0449744 0.0734508 0.0679559 0.0924831 0.0536704 0.0471544 0.1070050 0.0995169 0.1013107 0.0919889 0.0945514 0.0878750 0.0773565 0.0952805 0.0908836 0.0846845 0.0865398 0.0963741 0.0571294 0.0865631 0.0699326 0.0397863 0.0930196 0.0752333 0.0716201 0.0863365 0.0762842 0.0943810 0.0779229 0.0796645 0.0961216 0.0508380 0.0941670 0.0660351 0.0888115 0.0809879 0.1003295 0.1002250 0.0770824 0.0907345 0.0863717 0.1128665 0.0711234 0.0766129 0.0883990 0.0860383 
S0322         0.1902140 0.0842859 0.0703384 0.1049667 0.0879220 0.0996016 0.0181223 0.0999619 0.0727851 0.0972480 0.1214177 0.1139535 0.0082842 0.0488108 0.1007225 0.0000000 0.0974011 0.0864477 0.1076538 0.0133242 0.0873348 0.0988942 0.0920368 0.1139131 0.1042277 0.0888560 0.0678844 0.0941451 0.1028971 0.0233102 0.0919345 0.0990366 0.1051185 0.0589229 0.0083033 0.1038485 0.1023138 0.0861477 0.1029087 0.0889065 0.0961551 0.0945262 0.1178051 0.0735536 0.0121550 0.1271873 0.0950722 0.0082479 0.0929468 0.0975583 0.1124867 0.0692917 0.0974590 0.0725511 0.0655576 0.1012591 0.0769853 0.0881241 0.0614476 0.0907037 0.0960660 0.0751630 0.0270313 0.1051478 0.0924878 0.0965824 0.1037056 0.0835896 0.1270713 0.1191326 0.0658274 0.0636650 0.0983015 0.0944997 0.1303413 0.0671201 0.1308205 0.0942552 0.0960697 0.0911348 0.0625498 0.0998614 0.0767475 0.1290896 0.1038738 0.1033073 0.0827097 0.0924795 0.0930082 0.0879460 0.0078567 0.0926367 0.0935852 0.0686713 0.0167326 0.0218640 0.0924236 0.0504997 0.0829692 0.0729968 0.0956509 0.0917393 0.0855412 0.0857274 0.0997646 0.0863964 0.0800644 0.0611872 0.0991595 0.0948109 0.0699999 0.1160205 0.0841080 0.0974096 0.0949210 0.0765274 0.0794895 0.1010654 0.0977398 0.0957594 0.1049662 0.0914109 0.0880193 0.0942135 0.0945915 0.0966745 0.0928815 0.0781576 0.1141860 0.0671119 0.0765783 0.0915674 0.0813068 
S0327         0.1926777 0.0794823 0.0663659 0.0508892 0.0853819 0.0974639 0.0911129 0.0425081 0.0677639 0.0909393 0.1157090 0.0610649 0.0942756 0.0981572 0.0481214 0.0974011 0.0000000 0.0806964 0.0977560 0.0963025 0.0796949 0.0933101 0.0899914 0.0678964 0.1048707 0.0439910 0.0670289 0.0893683 0.0595627 0.1029530 0.0574431 0.0863200 0.0955123 0.1039728 0.1020859 0.0432919 0.0993412 0.0841541 0.0386501 0.0531251 0.0702453 0.0843061 0.1123535 0.0725073 0.0938163 0.1205975 0.0888535 0.0938191 0.0941124 0.0940583 0.0983742 0.0695866 0.0954149 0.0701766 0.0665782 0.0870754 0.0778649 0.0528925 0.1114024 0.0659533 0.0581432 0.0730296 0.0867410 0.0883354 0.0807199 0.0787413 0.0874354 0.0839092 0.1178695 0.1043510 0.1041944 0.1030073 0.0841187 0.0863439 0.1243603 0.0675517 0.1202372 0.0669276 0.0881496 0.0860893 0.1100040 0.0979160 0.0758684 0.1195517 0.0999787 0.0953533 0.0875706 0.0412879 0.0687215 0.0637324 0.0940324 0.0496973 0.0458696 0.1084692 0.0968833 0.1028243 0.0902963 0.0984520 0.0785546 0.0723666 0.0913844 0.0898612 0.0781114 0.0808367 0.0947693 0.0556872 0.0770208 0.0603248 0.0418292 0.0897661 0.0708905 0.0703616 0.0830924 0.0728409 0.0926496 0.0717364 0.0753355 0.0951415 0.0409695 0.0931201 0.0637701 0.0858922 0.0801309 0.0948792 0.0907635 0.0723008 0.0821961 0.0793031 0.1094772 0.0688076 0.0697403 0.0805508 0.0790119 
S0335         0.1873653 0.0607382 0.0687188 0.0850251 0.0731125 0.0762318 0.0834217 0.0883276 0.0471929 0.0731209 0.0970199 0.0896448 0.0860303 0.0793842 0.0864313 0.0864477 0.0806964 0.0000000 0.0627889 0.0912151 0.0696244 0.0707861 0.0725368 0.0945614 0.0918515 0.0726604 0.0556031 0.0733428 0.0853373 0.0869676 0.0731493 0.0684824 0.0784536 0.0888550 0.0847276 0.0852575 0.0793954 0.0620883 0.0902287 0.0792363 0.0825156 0.0724197 0.0939183 0.0609171 0.0834635 0.1136719 0.0774676 0.0819827 0.0841394 0.0760939 0.0810034 0.0574374 0.0742256 0.0586973 0.0551808 0.0694211 0.0667387 0.0742400 0.0946055 0.0745240 0.0813064 0.0549362 0.0761006 0.0715702 0.0659737 0.0654538 0.0758988 0.0691537 0.1195249 0.0934140 0.0863623 0.0869380 0.0673409 0.0668116 0.1211983 0.0548806 0.1159037 0.0775425 0.0687210 0.0507741 0.0935046 0.0857004 0.0555347 0.1118609 0.0759023 0.0777176 0.0671361 0.0740552 0.0772592 0.0744335 0.0850004 0.0751960 0.0820085 0.0960045 0.0850946 0.0950302 0.0702770 0.0844808 0.0428456 0.0514940 0.0689980 0.0722789 0.0632467 0.0609243 0.0776836 0.0795987 0.0574490 0.0425143 0.0842352 0.0691364 0.0593431 0.0993976 0.0698056 0.0821923 0.0697295 0.0539441 0.0369256 0.0754279 0.0800493 0.0708902 0.0882004 0.0664490 0.0684366 0.0532182 0.0330502 0.0802039 0.0630820 0.0595599 0.1012942 0.0515357 0.0350102 0.0729484 0.0574301 
S0345         0.2357539 0.0852211 0.0776984 0.1050041 0.0855593 0.1010626 0.1006639 0.1014126 0.0681666 0.1011531 0.1306694 0.1176603 0.1029978 0.1062918 0.1030900 0.1076538 0.0977560 0.0627889 0.0000000 0.1078488 0.0926677 0.0997923 0.0999983 0.1062128 0.1170689 0.0914934 0.0768910 0.0947793 0.1053318 0.1105485 0.0921356 0.0860584 0.1064666 0.1113533 0.0988450 0.0946282 0.1053260 0.0879570 0.1098367 0.0954631 0.1040665 0.0875077 0.0977947 0.0830890 0.1032032 0.1314467 0.1035649 0.0991388 0.0965994 0.0951807 0.0878362 0.0785581 0.0991232 0.0793313 0.0737357 0.0935267 0.0885101 0.0927476 0.1139980 0.0967059 0.1021434 0.0783829 0.0927176 0.0901976 0.0836158 0.0869965 0.0895134 0.0882181 0.1354751 0.1148456 0.1056293 0.1149198 0.0863001 0.0876123 0.1380954 0.0767119 0.1358820 0.0942617 0.0896915 0.0622327 0.1143432 0.1077121 0.0748350 0.1354230 0.1011534 0.1071572 0.0871613 0.0983304 0.0959248 0.0948747 0.1004628 0.0881501 0.1000287 0.1153655 0.1048618 0.1000593 0.0962880 0.0977504 0.0372657 0.0704593 0.0943556 0.0919127 0.0881614 0.0832601 0.0986805 0.0991516 0.0737506 0.0634420 0.1046625 0.0975507 0.0802286 0.1119752 0.0873356 0.1037186 0.0959796 0.0710216 0.0520081 0.1009414 0.1017025 0.0990051 0.1091635 0.0889174 0.0900201 0.0168174 0.0647608 0.1015208 0.0851332 0.0793729 0.1322865 0.0757388 0.0484810 0.0935155 0.0835244 
S0355         0.1968277 0.0841724 0.0757377 0.1095355 0.0883555 0.1042315 0.0156487 0.1045741 0.0796970 0.1027401 0.1295184 0.1181986 0.0116420 0.0586920 0.1032889 0.0133242 0.0963025 0.0912151 0.1078488 0.0000000 0.0897308 0.1033783 0.0968339 0.1179228 0.1056889 0.0946399 0.0727484 0.0957416 0.1103466 0.0276114 0.0958169 0.1030042 0.1081266 0.0656821 0.0139716 0.1034191 0.1080791 0.0916480 0.1071617 0.0931993 0.1015583 0.0924023 0.1252639 0.0797450 0.0121957 0.1351597 0.0995044 0.0128338 0.0979505 0.0976303 0.1172350 0.0734506 0.1010937 0.0747545 0.0685265 0.1052334 0.0820376 0.0930842 0.0707659 0.0968677 0.1004357 0.0792507 0.0345143 0.1107205 0.0972149 0.0978285 0.1019992 0.0862282 0.1314463 0.1157346 0.0751052 0.0727222 0.1014040 0.0962955 0.1398417 0.0718863 0.1384387 0.0912818 0.1036004 0.0971273 0.0718732 0.1087732 0.0848945 0.1372598 0.1069530 0.1092949 0.0933183 0.0982323 0.0994670 0.0938237 0.0118637 0.0948304 0.0991572 0.0722563 0.0223131 0.0281258 0.0979663 0.0619469 0.0906741 0.0816398 0.1007710 0.0935667 0.0869391 0.0912339 0.1052257 0.0919647 0.0815390 0.0674642 0.1023267 0.0998665 0.0734524 0.1194774 0.0867973 0.1052142 0.0991416 0.0809089 0.0848213 0.1083411 0.0975263 0.0991956 0.1109896 0.0939107 0.0922663 0.0989748 0.1026281 0.1018870 0.0961868 0.0802436 0.1223552 0.0709540 0.0792782 0.0942588 0.0861189 
S0376         0.1823542 0.0548224 0.0675993 0.0855940 0.0812251 0.0697481 0.0813455 0.0848262 0.0583954 0.0703203 0.0923170 0.0957292 0.0856087 0.0872909 0.0875925 0.0873348 0.0796949 0.0696244 0.0926677 0.0897308 0.0000000 0.0681185 0.0626383 0.0951789 0.0822609 0.0747243 0.0629418 0.0294646 0.0900031 0.0928084 0.0764719 0.0775776 0.0742033 0.0939533 0.0918867 0.0879578 0.0727025 0.0559861 0.0906095 0.0803396 0.0832221 0.0602834 0.0860053 0.0696291 0.0851178 0.1213073 0.0684920 0.0843088 0.0839940 0.0672652 0.0904690 0.0648910 0.0664744 0.0667550 0.0625836 0.0791262 0.0748714 0.0781451 0.1002997 0.0773143 0.0825888 0.0636150 0.0809443 0.0790590 0.0729017 0.0762555 0.0835524 0.0768917 0.1231759 0.0972900 0.0969778 0.0885204 0.0776779 0.0777870 0.1255806 0.0622450 0.1211764 0.0897028 0.0779910 0.0781314 0.1012523 0.0739486 0.0643763 0.1210212 0.0718131 0.0722906 0.0811570 0.0757980 0.0801551 0.0752477 0.0832405 0.0750745 0.0860866 0.1002312 0.0867429 0.0925336 0.0611573 0.0875015 0.0708255 0.0621014 0.0625473 0.0614355 0.0577012 0.0777377 0.0633470 0.0805611 0.0663254 0.0536221 0.0846814 0.0650220 0.0668059 0.1025501 0.0767674 0.0836928 0.0640126 0.0654217 0.0677614 0.0674724 0.0832626 0.0681515 0.0894667 0.0604826 0.0563335 0.0825953 0.0799534 0.0845520 0.0712720 0.0689953 0.1023616 0.0620670 0.0635399 0.0252020 0.0687458 
S0400         0.2481779 0.0505852 0.0829084 0.0910756 0.0862607 0.0176442 0.0980481 0.0990300 0.0676022 0.0186795 0.0732906 0.1003211 0.0986304 0.0960379 0.0958093 0.0988942 0.0933101 0.0707861 0.0997923 0.1033783 0.0681185 0.0000000 0.0227062 0.1155027 0.0829334 0.0820996 0.0703654 0.0699866 0.0935011 0.1001675 0.0839107 0.0897694 0.0787036 0.0998217 0.1008954 0.1047737 0.0371682 0.0132569 0.1025077 0.0934882 0.0955171 0.0689328 0.0365942 0.0797689 0.0939003 0.1336559 0.0753497 0.0956999 0.1012862 0.0285924 0.0999455 0.0725640 0.0163685 0.0741166 0.0685051 0.0908138 0.0836806 0.0923240 0.1090284 0.0876914 0.0926047 0.0747369 0.0938903 0.0914491 0.0848805 0.0892127 0.0961703 0.0848745 0.1354607 0.1062934 0.0899701 0.0945556 0.0849399 0.0844951 0.1423875 0.0710988 0.1361388 0.0847517 0.0886973 0.0881605 0.1083850 0.0385554 0.0717918 0.1339568 0.0145163 0.0417018 0.0891115 0.0870580 0.0909183 0.0860603 0.0974946 0.0896715 0.0956258 0.1106639 0.0997259 0.1144285 0.0202397 0.0966127 0.0777421 0.0723267 0.0170087 0.0222074 0.0495927 0.0810801 0.0323486 0.0922475 0.0777115 0.0623711 0.0996389 0.0345122 0.0741876 0.1192406 0.0846960 0.0951490 0.0125424 0.0716561 0.0721359 0.0287658 0.0900767 0.0375477 0.0965900 0.0298922 0.0679470 0.0887772 0.0821631 0.0917892 0.0846101 0.0803832 0.1123992 0.0693298 0.0652647 0.0643894 0.0777737 
S0405         0.1998866 0.0498812 0.0784217 0.0902608 0.0838230 0.0273307 0.0895461 0.0937909 0.0656698 0.0279966 0.0673398 0.1051278 0.0917960 0.0893518 0.0915710 0.0920368 0.0899914 0.0725368 0.0999983 0.0968339 0.0626383 0.0227062 0.0000000 0.0998722 0.0766522 0.0803697 0.0701441 0.0677792 0.0997354 0.0903206 0.0795495 0.0868633 0.0713823 0.0932759 0.0951270 0.0963313 0.0404461 0.0114588 0.1014121 0.0871986 0.0868683 0.0626728 0.0401162 0.0738417 0.0891041 0.1224706 0.0678098 0.0910459 0.0940599 0.0320496 0.1003953 0.0714634 0.0255064 0.0720742 0.0676683 0.0871528 0.0800156 0.0869541 0.1050662 0.0820459 0.0895120 0.0705751 0.0871238 0.0883228 0.0812287 0.0849596 0.0976579 0.0837845 0.1281882 0.0923661 0.0886521 0.0879540 0.0834256 0.0807168 0.1301294 0.0686814 0.1246146 0.0867298 0.0842657 0.0809619 0.1038432 0.0392231 0.0692419 0.1229548 0.0245884 0.0453284 0.0890740 0.0843883 0.0843499 0.0799111 0.0904153 0.0853598 0.0891165 0.1027576 0.0921144 0.1022180 0.0207258 0.0915596 0.0765807 0.0696227 0.0238587 0.0189836 0.0524071 0.0791748 0.0350929 0.0889560 0.0749868 0.0594285 0.0921413 0.0375667 0.0714586 0.1086603 0.0836320 0.0887649 0.0225707 0.0689938 0.0709482 0.0321038 0.0891643 0.0389050 0.0948337 0.0332591 0.0612004 0.0854895 0.0793452 0.0842816 0.0803057 0.0763683 0.1105366 0.0678249 0.0640040 0.0653056 0.0767491 
S0407sl       0.1715987 0.0881007 0.0662887 0.0732642 0.0972417 0.1145410 0.1023602 0.0706708 0.0699241 0.1127640 0.1211871 0.0827639 0.1147396 0.1024747 0.0683416 0.1139131 0.0678964 0.0945614 0.1062128 0.1179228 0.0951789 0.1155027 0.0998722 0.0000000 0.1110355 0.0464917 0.0747420 0.1040480 0.0681735 0.1103488 0.0584458 0.1030894 0.1035861 0.1087576 0.1069381 0.0722753 0.1155440 0.0919770 0.0760101 0.0733515 0.0890932 0.0914557 0.1045496 0.0777000 0.1077672 0.1258060 0.0998376 0.1092419 0.0942960 0.1109354 0.1040000 0.0764295 0.1061400 0.0766454 0.0731273 0.1055216 0.0815441 0.0783286 0.1235415 0.0768068 0.0749440 0.0812273 0.0982133 0.1051761 0.0930499 0.1019494 0.1163255 0.0938309 0.1227844 0.1156897 0.1140554 0.1089061 0.1067209 0.1043527 0.1366020 0.0726996 0.1299242 0.0895165 0.0939645 0.0943165 0.1181223 0.1116166 0.0812570 0.1284511 0.1054846 0.0992408 0.1010618 0.0522663 0.0798171 0.0749478 0.1070541 0.0738360 0.0661891 0.1139537 0.1025689 0.0988634 0.0985835 0.1054618 0.0939960 0.0763204 0.1037966 0.1053665 0.0887298 0.0874388 0.1061640 0.0695865 0.0829177 0.0658445 0.0647584 0.0921783 0.0792772 0.0219469 0.0958899 0.0824105 0.1102939 0.0802287 0.0848086 0.1042074 0.0609996 0.0994815 0.0836784 0.0945921 0.0906230 0.1038479 0.0938868 0.0847203 0.1016054 0.0863270 0.1268844 0.0764318 0.0793538 0.0931881 0.0879474 
S0412sl       0.2266508 0.0703763 0.0854898 0.1056339 0.1010659 0.0910199 0.1028277 0.1064899 0.0807735 0.0846398 0.1037079 0.1197772 0.1012788 0.1054286 0.1045526 0.1042277 0.1048707 0.0918515 0.1170689 0.1056889 0.0822609 0.0829334 0.0766522 0.1110355 0.0000000 0.0909397 0.0857463 0.0868827 0.1046120 0.1116648 0.0929220 0.0978703 0.0710058 0.1066368 0.1042948 0.1079648 0.0891623 0.0754349 0.1130395 0.0975269 0.1006738 0.0702646 0.0999746 0.0847657 0.1010532 0.1352191 0.0514908 0.1001688 0.1015707 0.0906331 0.1114417 0.0878165 0.0881592 0.0899124 0.0846768 0.1003061 0.0911977 0.0979579 0.1129254 0.0926400 0.1020439 0.0844374 0.0968960 0.1041602 0.0964973 0.0960199 0.1069689 0.1017212 0.1373784 0.1098501 0.1080420 0.1041922 0.0986565 0.0951454 0.1442867 0.0863584 0.1361271 0.0900388 0.1001716 0.0999731 0.1086414 0.0893241 0.0910372 0.1335506 0.0809081 0.0886459 0.0989990 0.0962145 0.0966403 0.0945053 0.0922100 0.0961085 0.1068151 0.1112811 0.1039264 0.1084643 0.0816207 0.0969166 0.0964662 0.0799227 0.0818749 0.0819686 0.0701496 0.0902408 0.0825619 0.0972989 0.0872359 0.0727807 0.1080580 0.0775287 0.0878029 0.1200243 0.1024328 0.1027227 0.0847393 0.0893431 0.0847322 0.0901613 0.1019756 0.0801422 0.1066110 0.0727486 0.0681156 0.1062485 0.1053892 0.1002693 0.0940685 0.0881121 0.1242258 0.0826417 0.0825103 0.0823731 0.0907782 
S0417         0.1991454 0.0726025 0.0624744 0.0445445 0.0785849 0.0887478 0.0872550 0.0374830 0.0603106 0.0804247 0.1084177 0.0508697 0.0877276 0.0862496 0.0493411 0.0888560 0.0439910 0.0726604 0.0914934 0.0946399 0.0747243 0.0820996 0.0803697 0.0464917 0.0909397 0.0000000 0.0616706 0.0832210 0.0424393 0.0890212 0.0412373 0.0819529 0.0858000 0.0895870 0.0842998 0.0496515 0.0914427 0.0757027 0.0519355 0.0526116 0.0626887 0.0758268 0.1017129 0.0653587 0.0848783 0.1150896 0.0782933 0.0871616 0.0870895 0.0854075 0.0907524 0.0636807 0.0866251 0.0650460 0.0619832 0.0813828 0.0680404 0.0491335 0.0986654 0.0541321 0.0546012 0.0657458 0.0778157 0.0834497 0.0754256 0.0799107 0.0869143 0.0747303 0.1152933 0.0904359 0.0910695 0.0880159 0.0770605 0.0800047 0.1211721 0.0629936 0.1131715 0.0446735 0.0810794 0.0755409 0.0945856 0.0875892 0.0639056 0.1130204 0.0790654 0.0873192 0.0812522 0.0306620 0.0561331 0.0532537 0.0867283 0.0504558 0.0455686 0.0937036 0.0918073 0.0946357 0.0821058 0.0833853 0.0710378 0.0615617 0.0808896 0.0824011 0.0715634 0.0696394 0.0853039 0.0526440 0.0687494 0.0524942 0.0446851 0.0790208 0.0664259 0.0467335 0.0739025 0.0610789 0.0837493 0.0636244 0.0702005 0.0864317 0.0391909 0.0834468 0.0590488 0.0788115 0.0721881 0.0844284 0.0831736 0.0611825 0.0758928 0.0699984 0.1044458 0.0588427 0.0657070 0.0755948 0.0711467 
S0419         0.1872584 0.0602697 0.0107290 0.0735152 0.0485506 0.0730295 0.0666562 0.0750804 0.0417297 0.0738444 0.0947653 0.0863597 0.0701703 0.0646480 0.0726512 0.0678844 0.0670289 0.0556031 0.0768910 0.0727484 0.0629418 0.0703654 0.0701441 0.0747420 0.0857463 0.0616706 0.0000000 0.0719946 0.0735048 0.0728529 0.0637320 0.0671038 0.0783526 0.0716813 0.0696926 0.0727862 0.0774108 0.0629850 0.0802445 0.0652727 0.0719309 0.0639085 0.0896821 0.0334796 0.0691190 0.1010102 0.0719866 0.0664116 0.0737698 0.0724599 0.0773738 0.0065173 0.0744969 0.0081601 0.0065560 0.0679534 0.0407870 0.0618024 0.0831550 0.0657362 0.0690188 0.0449622 0.0569586 0.0712707 0.0599573 0.0652972 0.0712798 0.0346450 0.1023462 0.0910181 0.0787937 0.0707353 0.0638883 0.0646308 0.1037743 0.0048635 0.1029011 0.0668332 0.0672872 0.0619104 0.0827831 0.0822179 0.0468992 0.1014639 0.0727337 0.0738169 0.0584246 0.0625587 0.0684944 0.0642305 0.0638452 0.0651044 0.0717647 0.0798342 0.0672527 0.0728899 0.0676900 0.0702053 0.0598642 0.0433594 0.0685964 0.0660433 0.0572441 0.0532174 0.0756117 0.0679200 0.0497180 0.0352550 0.0724701 0.0658827 0.0092692 0.0829876 0.0352378 0.0712840 0.0713264 0.0478441 0.0520996 0.0729618 0.0725746 0.0664161 0.0754786 0.0613607 0.0605542 0.0699327 0.0657131 0.0699831 0.0604052 0.0487722 0.0942507 0.0205714 0.0481566 0.0655283 0.0492104 
S0427         0.1927733 0.0616766 0.0776383 0.0911654 0.0823407 0.0735602 0.0871712 0.0930745 0.0678935 0.0739368 0.0965440 0.1045676 0.0925261 0.0969321 0.0951465 0.0941451 0.0893683 0.0733428 0.0947793 0.0957416 0.0294646 0.0699866 0.0677792 0.1040480 0.0868827 0.0832210 0.0719946 0.0000000 0.0997793 0.0970339 0.0852240 0.0835531 0.0805886 0.0953542 0.0968289 0.0971098 0.0785812 0.0608982 0.0996628 0.0842957 0.0891988 0.0632810 0.0881902 0.0769249 0.0913063 0.1248044 0.0742497 0.0911531 0.0885363 0.0705017 0.0925894 0.0739386 0.0694687 0.0751956 0.0709536 0.0858387 0.0802904 0.0833838 0.1088590 0.0831489 0.0871206 0.0725707 0.0876592 0.0857765 0.0793425 0.0830269 0.0902233 0.0834966 0.1303712 0.1034549 0.1024697 0.0932397 0.0836162 0.0824771 0.1290039 0.0705632 0.1254161 0.0887914 0.0841301 0.0832948 0.1083721 0.0791688 0.0720120 0.1245454 0.0709555 0.0754681 0.0879756 0.0824271 0.0860515 0.0810878 0.0889919 0.0810519 0.0929439 0.1052427 0.0907258 0.1016191 0.0667676 0.0942696 0.0786570 0.0697196 0.0648723 0.0646474 0.0625640 0.0851911 0.0690649 0.0853843 0.0733197 0.0624506 0.0950505 0.0675108 0.0752538 0.1090533 0.0826788 0.0903562 0.0664284 0.0731269 0.0727237 0.0740857 0.0923052 0.0719158 0.0943031 0.0654685 0.0605260 0.0911947 0.0851362 0.0904077 0.0757652 0.0781247 0.1067135 0.0677796 0.0691710 0.0312602 0.0745992 
S0428sl       0.2451359 0.0838905 0.0729880 0.0626659 0.0871703 0.1048628 0.0957837 0.0550621 0.0767280 0.0911422 0.1182212 0.0653718 0.1054726 0.1019236 0.0636395 0.1028971 0.0595627 0.0853373 0.1053318 0.1103466 0.0900031 0.0935011 0.0997354 0.0681735 0.1046120 0.0424393 0.0735048 0.0997793 0.0000000 0.1036395 0.0498212 0.0977403 0.1050187 0.1066756 0.1118040 0.0621448 0.1065400 0.0909202 0.0673959 0.0702274 0.0809177 0.0912884 0.1204529 0.0777847 0.1001872 0.1237959 0.0952606 0.1050643 0.1027504 0.1033617 0.1085245 0.0766792 0.1057462 0.0800265 0.0725645 0.0994421 0.0835112 0.0673459 0.1133699 0.0706064 0.0709128 0.0791874 0.0925952 0.0952033 0.0922597 0.0935626 0.1024930 0.0907976 0.1193558 0.1112938 0.1038349 0.1030175 0.0899308 0.0918116 0.1328871 0.0742681 0.1246715 0.0620183 0.0983305 0.0883932 0.1107117 0.1043369 0.0810020 0.1213337 0.1026942 0.1047219 0.0961097 0.0507652 0.0722003 0.0666136 0.0944481 0.0618951 0.0637458 0.1084251 0.1011974 0.1070503 0.0969823 0.0907867 0.0850740 0.0800363 0.0997409 0.1027614 0.0849654 0.0814040 0.1007813 0.0659521 0.0839096 0.0694437 0.0635864 0.0950395 0.0768008 0.0679606 0.0906091 0.0772233 0.0997293 0.0743833 0.0837196 0.0948067 0.0554187 0.0984663 0.0796524 0.0915506 0.0895459 0.0968066 0.0974481 0.0765285 0.0912159 0.0834244 0.1163893 0.0694244 0.0760370 0.0900623 0.0822589 
