71
S0055      0.0000000 0.1016934 0.0563966 0.1065832 0.0638723 0.0799541 0.1110582 0.1122183 0.0910315 0.0458924 0.0459312 0.0626863 0.0636801 0.0686032 0.0557638 0.0878348 0.0693915 0.0687402 0.0861393 0.0729778 0.0931205 0.1636328 0.0758153 0.0267928 0.0459312 0.0932262 0.1021144 0.0896691 0.0990026 0.0786338 0.1207537 0.1067890 0.0563080 0.1135486 0.0403885 0.0453613 0.0739715 0.0845325 0.0511709 0.0993799 0.0935744 0.0636037 0.0403885 0.0682969 0.0457400 0.0880417 0.0672022 0.0809743 0.0535012 0.0513139 0.0871240 0.0930789 0.0569590 0.0981678 0.0991424 0.0318908 0.0927773 0.0349152 0.0678970 0.0406280 0.0620920 0.1138160 0.0877379 0.0948959 0.0804237 0.0928822 0.0905271 0.1049271 0.1051713 0.0679183 0.1139000 
S0278      0.1016934 0.0000000 0.1205508 0.1417000 0.0469043 0.0957540 0.1570124 0.1397800 0.1381059 0.1022939 0.1086018 0.1247058 0.0527370 0.1362388 0.0387033 0.0900629 0.1310613 0.1365655 0.0520407 0.1141908 0.1196540 0.1904421 0.1326962 0.0512392 0.1086018 0.1211696 0.1322753 0.1248404 0.0892902 0.0928651 0.1301870 0.1229806 0.1077982 0.1226558 0.1016656 0.1071156 0.0878873 0.1380882 0.1146057 0.1235258 0.1156929 0.0771627 0.1016656 0.1208665 0.1210189 0.0921939 0.1077780 0.0972840 0.0809307 0.1149915 0.1145563 0.1193603 0.1219397 0.1088683 0.1146968 0.0624198 0.0685702 0.0947882 0.0814152 0.0898247 0.1024529 0.1239588 0.1217852 0.1217800 0.0954343 0.1080616 0.1207796 0.1207648 0.1322811 0.1348466 0.1306415 
S0282      0.0563966 0.1205508 0.0000000 0.1128823 0.0811006 0.0796016 0.0796157 0.1182046 0.0908666 0.0195365 0.0195522 0.0808040 0.0808515 0.0571530 0.0616684 0.1059774 0.0691554 0.0511106 0.0920198 0.0798151 0.0929185 0.1708769 0.0814983 0.0157582 0.0195522 0.0871282 0.1148966 0.1079670 0.1048411 0.0970260 0.1402421 0.1253352 0.0616268 0.1326819 0.0145125 0.0505661 0.0795085 0.0906752 0.0245075 0.1117894 0.0994020 0.0691303 0.0145125 0.0402306 0.0620550 0.0878619 0.0726044 0.0866571 0.0589708 0.0510914 0.0811099 0.1112413 0.0297448 0.0978387 0.1049860 0.0154296 0.1108697 0.0400356 0.0622538 0.0296710 0.0800281 0.1198921 0.1058468 0.1134476 0.0860637 0.0986641 0.1025749 0.0987047 0.1123865 0.0621382 0.1199884 
S0288      0.1065832 0.1417000 0.1128823 0.0000000 0.1092000 0.0865998 0.1593324 0.0051016 0.0052721 0.1004397 0.1005401 0.0858734 0.1026775 0.1070121 0.0887984 0.1229374 0.0870529 0.1292192 0.1288324 0.0997781 0.0221710 0.1771662 0.0880545 0.0602326 0.1005401 0.1007081 0.0900666 0.1094253 0.1080165 0.0926325 0.1465843 0.1233230 0.0994947 0.1382629 0.0934623 0.0991142 0.1007717 0.0652041 0.0999713 0.0809973 0.0937634 0.0752192 0.0934623 0.1282728 0.1247900 0.1110426 0.1124009 0.0822376 0.0643346 0.1005880 0.0940677 0.1589653 0.1142251 0.1215926 0.1014121 0.0798272 0.1297035 0.0864532 0.0936411 0.0941155 0.0950041 0.1239368 0.1005625 0.1515681 0.0888830 0.1012659 0.1114126 0.1095416 0.1044826 0.0855217 0.1006104 
S0289      0.0638723 0.0469043 0.0811006 0.1092000 0.0000000 0.0761990 0.1261938 0.1096691 0.0936032 0.0699063 0.0699693 0.0898398 0.0149782 0.0886782 0.0214991 0.0826161 0.0896129 0.0949296 0.0352617 0.0761938 0.0960053 0.1508539 0.0906514 0.0215645 0.0699693 0.0880365 0.1116926 0.1032595 0.0819207 0.0733893 0.1027950 0.1015313 0.0809823 0.0958543 0.0638585 0.0690588 0.0467404 0.0941872 0.0755506 0.1086008 0.0827234 0.0473544 0.0638585 0.0813086 0.0931901 0.0723237 0.0927105 0.0771899 0.0553874 0.0699957 0.0819464 0.0692841 0.0819653 0.0885475 0.0820432 0.0267368 0.0299682 0.0578094 0.0410684 0.0642612 0.0648130 0.0960705 0.0947303 0.0884713 0.0641116 0.0642833 0.0795048 0.0818191 0.0985341 0.0937612 0.1085963 
S0292      0.0799541 0.0957540 0.0796016 0.0865998 0.0761990 0.0000000 0.1382762 0.1074583 0.0922587 0.0686140 0.0568427 0.0943664 0.0696262 0.0991622 0.0559839 0.0810678 0.0941327 0.0931322 0.0923847 0.0801210 0.0875146 0.1866188 0.0952133 0.0324623 0.0686747 0.0863862 0.1088657 0.0637610 0.0575212 0.0600073 0.1277820 0.0734059 0.0854386 0.1204138 0.0626869 0.0735712 0.0626558 0.0925005 0.0741534 0.1059230 0.0508745 0.0245446 0.0626869 0.0925150 0.1097755 0.0357013 0.0970814 0.0511946 0.0099214 0.0688914 0.0804233 0.1241598 0.0804353 0.0615370 0.0560200 0.0433621 0.0991735 0.0623939 0.0624794 0.0630746 0.0689183 0.0682661 0.0673837 0.1266607 0.0627252 0.0621678 0.0841383 0.0861036 0.0672950 0.0981722 0.0925856 
S0294      0.1110582 0.1570124 0.0796157 0.1593324 0.1261938 0.1382762 0.0000000 0.1624378 0.1474438 0.0799949 0.0800667 0.1334842 0.1257738 0.1321057 0.1292348 0.1700945 0.1203109 0.0915132 0.1663948 0.1386333 0.1517503 0.2016770 0.1347784 0.0745186 0.0800667 0.1344216 0.1670035 0.1735371 0.1681305 0.1620454 0.1918091 0.1924725 0.0924416 0.1831353 0.0738892 0.1039805 0.1229466 0.1395864 0.0740049 0.1621858 0.1550164 0.1270168 0.0738892 0.0913822 0.1109538 0.1356984 0.1043668 0.1272396 0.1165838 0.1051765 0.1410656 0.1755514 0.0862973 0.1458173 0.1683269 0.0789908 0.1388838 0.0920305 0.1180702 0.0802023 0.1390177 0.1719963 0.1698044 0.1579844 0.1461031 0.1543844 0.1400678 0.1610607 0.1637527 0.1055629 0.1658131 
S0303      0.1122183 0.1397800 0.1182046 0.0051016 0.1096691 0.1074583 0.1624378 0.0000000 0.0049764 0.1063831 0.1064842 0.0923763 0.1092214 0.1251972 0.0963545 0.1286146 0.0995859 0.1338390 0.1342088 0.1124799 0.0210821 0.1956308 0.1007307 0.0692926 0.1064842 0.1143213 0.0971803 0.1308403 0.1142745 0.1084598 0.1582080 0.1446970 0.0993562 0.1501017 0.0997002 0.1050530 0.1072891 0.0670130 0.1059129 0.0882834 0.1147768 0.0963452 0.0997002 0.1329124 0.1294942 0.1108302 0.1115287 0.0835133 0.0864750 0.1127432 0.1078124 0.1700044 0.1195398 0.1208263 0.1226062 0.0812051 0.1350746 0.0929717 0.1004120 0.1003624 0.1080480 0.1454198 0.1216022 0.1641468 0.1021664 0.1077953 0.1266230 0.1226136 0.1173088 0.0979460 0.1077322 
S0355      0.0910315 0.1381059 0.0908666 0.0052721 0.0936032 0.0922587 0.1474438 0.0049764 0.0000000 0.0790660 0.0791412 0.0715780 0.0938191 0.0980670 0.0799189 0.1133378 0.0778640 0.1057374 0.1190912 0.0912387 0.0161422 0.1648297 0.0851771 0.0523295 0.0791412 0.0864934 0.0748738 0.1153423 0.0990535 0.0922716 0.1429500 0.1292938 0.0904660 0.1348771 0.0726213 0.0780267 0.0921265 0.0446162 0.0787114 0.0666813 0.0994967 0.0809032 0.0726213 0.1049914 0.1084852 0.1083244 0.1028465 0.0803067 0.0705559 0.0852720 0.0801256 0.1410289 0.0918896 0.1186608 0.1072306 0.0642631 0.1198703 0.0720493 0.0852972 0.0726331 0.0865024 0.1299412 0.0998628 0.1420082 0.0805662 0.0925598 0.1108530 0.0942770 0.1044351 0.0836907 0.0988014 
S0400      0.0458924 0.1022939 0.0195365 0.1004397 0.0699063 0.0686140 0.0799949 0.1063831 0.0790660 0.0000000 0.0097205 0.0696573 0.0696939 0.0575376 0.0557519 0.0883422 0.0694828 0.0406628 0.0750347 0.0801952 0.0871046 0.1646156 0.0702460 0.0000021 0.0097205 0.0758229 0.1028450 0.0960751 0.0874014 0.0851260 0.1278850 0.1133464 0.0510769 0.1205131 0.0048102 0.0402325 0.0685421 0.0788938 0.0146221 0.1000728 0.0878785 0.0581755 0.0048102 0.0300046 0.0623397 0.0764595 0.0618990 0.0754092 0.0479740 0.0406457 0.0699108 0.0995886 0.0197176 0.0865002 0.0934365 0.0051121 0.0992605 0.0298613 0.0625403 0.0146904 0.0689849 0.0942970 0.0942018 0.1015539 0.0748993 0.0872306 0.0906671 0.0872647 0.1058005 0.0625562 0.1079675 
S0405      0.0459312 0.1086018 0.0195522 0.1005401 0.0699693 0.0568427 0.0800667 0.1064842 0.0791412 0.0097205 0.0000000 0.0697199 0.0697565 0.0575878 0.0620623 0.0813981 0.0695451 0.0406971 0.0808367 0.0802674 0.0871899 0.1647945 0.0703097 0.0052249 0.0097282 0.0636019 0.1029446 0.0828904 0.0805452 0.0721212 0.1280118 0.0997564 0.0511203 0.1206308 0.0048139 0.0402660 0.0686026 0.0789686 0.0146337 0.1001671 0.0752277 0.0466031 0.0048139 0.0300293 0.0623939 0.0641256 0.0619524 0.0632569 0.0365224 0.0406800 0.0578985 0.0996819 0.0197335 0.0740708 0.0806642 0.0051164 0.0993532 0.0298858 0.0625948 0.0196865 0.0690463 0.0943915 0.0813126 0.1016510 0.0628415 0.0746866 0.0907535 0.0747136 0.0979293 0.0626107 0.0944389 
S0412sl    0.0626863 0.1247058 0.0808040 0.0858734 0.0898398 0.0943664 0.1334842 0.0923763 0.0715780 0.0696573 0.0697199 0.0000000 0.0895516 0.0943582 0.0826010 0.1080859 0.0354057 0.0945620 0.1135842 0.0741966 0.0867718 0.1708414 0.0413448 0.0446780 0.0697199 0.1068453 0.0956879 0.0968759 0.1146731 0.1069069 0.1360543 0.1362779 0.0634030 0.1284577 0.0636366 0.0575240 0.0880096 0.0599417 0.0693604 0.0929209 0.0949724 0.0772787 0.0636366 0.0939276 0.0915953 0.0970011 0.0747132 0.0888126 0.0669063 0.0755057 0.1004999 0.1343532 0.0816617 0.1131851 0.1148315 0.0561056 0.1142908 0.0576132 0.0815326 0.0640355 0.0753794 0.1169894 0.1139072 0.1286609 0.0949459 0.0884021 0.1126567 0.1209001 0.1243768 0.0801342 0.1186955 
S0417      0.0636801 0.0527370 0.0808515 0.1026775 0.0149782 0.0696262 0.1257738 0.1092214 0.0938191 0.0696939 0.0697565 0.0895516 0.0000000 0.0944220 0.0158655 0.0758607 0.0893259 0.0946263 0.0407708 0.0753737 0.0890172 0.1489884 0.0840371 0.0160085 0.0697565 0.0812038 0.1040072 0.0958939 0.0752309 0.0666149 0.0954700 0.0943154 0.0807337 0.0887322 0.0636675 0.0688517 0.0409080 0.0937923 0.0753197 0.1011728 0.0759593 0.0414363 0.0636675 0.0810582 0.0928981 0.0656693 0.0924207 0.0705140 0.0490345 0.0755481 0.0752568 0.0741675 0.0817107 0.0816677 0.0694180 0.0211745 0.0353702 0.0576389 0.0353865 0.0640670 0.0641199 0.0889259 0.0877070 0.0755675 0.0634336 0.0693977 0.0791055 0.0809357 0.0835848 0.0934657 0.1011607 
S0427      0.0686032 0.1362388 0.0571530 0.1070121 0.0886782 0.0991622 0.1321057 0.1251972 0.0980670 0.0575376 0.0575878 0.0943582 0.0944220 0.0000000 0.0814627 0.1208014 0.0822042 0.0813266 0.1119510 0.0931833 0.1001558 0.1654756 0.0829453 0.0443691 0.0575878 0.1134343 0.1368911 0.1231335 0.1194694 0.1119381 0.1428770 0.1410531 0.0740084 0.1351473 0.0517764 0.0624391 0.0928074 0.0910160 0.0629896 0.1330718 0.1138818 0.0821753 0.0517764 0.0808779 0.0917419 0.1010959 0.0854230 0.1004815 0.0785378 0.0522891 0.1069895 0.1135132 0.0690731 0.1180690 0.1068691 0.0494843 0.1257310 0.0514870 0.0863231 0.0576881 0.0755705 0.1354900 0.1206375 0.1287508 0.0877729 0.1130079 0.0973860 0.1130583 0.1000517 0.0459658 0.1356255 
S0478      0.0557638 0.0387033 0.0616684 0.0887984 0.0214991 0.0559839 0.1292348 0.0963545 0.0799189 0.0557519 0.0620623 0.0826010 0.0158655 0.0814627 0.0000000 0.0563376 0.0823787 0.0879901 0.0320429 0.0679457 0.0747007 0.1298138 0.0833807 0.0110376 0.0620623 0.0614892 0.0908078 0.0827833 0.0558484 0.0581882 0.0888118 0.0751482 0.0735900 0.0817945 0.0557519 0.0552436 0.0377258 0.0798915 0.0678978 0.0749345 0.0564526 0.0326040 0.0557519 0.0804207 0.0799425 0.0575690 0.0858258 0.0504037 0.0396879 0.0619727 0.0613875 0.0606154 0.0620039 0.0744474 0.0559768 0.0165930 0.0435620 0.0436964 0.0319462 0.0502170 0.0501755 0.0569120 0.0684931 0.0618051 0.0439440 0.0617202 0.0586207 0.0672321 0.0672267 0.0805830 0.0948033 
S0552sl    0.0878348 0.0900629 0.1059774 0.1229374 0.0826161 0.0810678 0.1700945 0.1286146 0.1133378 0.0883422 0.0813981 0.1080859 0.0758607 0.1208014 0.0563376 0.0000000 0.1078182 0.1210793 0.0750816 0.0990187 0.1012042 0.1774553 0.1090917 0.0506250 0.0885191 0.0860294 0.1234275 0.0764444 0.0299651 0.0538398 0.1269568 0.1005409 0.1058372 0.1196389 0.0878129 0.0931382 0.0863173 0.1064482 0.0938966 0.1200136 0.0938293 0.0634935 0.0878129 0.1139619 0.1188052 0.0893088 0.1181837 0.0812707 0.0664719 0.1005365 0.0800892 0.1187504 0.1071583 0.0922357 0.0812654 0.0616857 0.1059586 0.0812835 0.0740604 0.0763639 0.1005774 0.1013036 0.0866971 0.1070174 0.0681216 0.0686185 0.1264742 0.0927796 0.0838933 0.1195769 0.0868186 
S0558      0.0693915 0.1310613 0.0691554 0.0870529 0.0896129 0.0941327 0.1203109 0.0995859 0.0778640 0.0694828 0.0695451 0.0354057 0.0893259 0.0822042 0.0823787 0.1078182 0.0000000 0.0943275 0.1133062 0.0811428 0.0879477 0.1631706 0.0409258 0.0445554 0.0695451 0.1065831 0.1023017 0.1112378 0.1143901 0.0994602 0.1357204 0.1359432 0.0632444 0.1281426 0.0634770 0.0628101 0.0877911 0.0659015 0.0691872 0.0932898 0.0947358 0.0770821 0.0634770 0.0936959 0.0742351 0.0967553 0.0745285 0.0885905 0.0733007 0.0753174 0.1002523 0.1340262 0.0814586 0.0992755 0.1145480 0.0559544 0.1140096 0.0574688 0.0697718 0.0638737 0.0883880 0.1166960 0.1075419 0.1283449 0.0947095 0.0881817 0.0981164 0.1206037 0.1069622 0.0870059 0.1266943 
S0641      0.0687402 0.1365655 0.0511106 0.1292192 0.0949296 0.0931322 0.0915132 0.1338390 0.1057374 0.0406628 0.0406971 0.0945620 0.0946263 0.0813266 0.0879901 0.1210793 0.0943275 0.0000000 0.1186051 0.1054460 0.1148720 0.1786406 0.0954117 0.0383848 0.0406971 0.1012570 0.1160103 0.1234228 0.1197403 0.1121998 0.1339263 0.1413903 0.0629239 0.1264627 0.0352278 0.0625612 0.0798139 0.1121743 0.0459090 0.1128454 0.1141396 0.0823483 0.0352278 0.0628485 0.0979938 0.1083949 0.0741461 0.1007016 0.0719829 0.0568965 0.0949450 0.1264610 0.0516171 0.1187067 0.1132863 0.0375466 0.1260195 0.0515852 0.0865030 0.0407698 0.0805023 0.1358133 0.1209145 0.1290542 0.0999847 0.1132615 0.1179093 0.1133122 0.1302625 0.0805075 0.1359499 
S0645sl    0.0861393 0.0520407 0.0920198 0.1288324 0.0352617 0.0923847 0.1663948 0.1342088 0.1190912 0.0750347 0.0808367 0.1135842 0.0407708 0.1119510 0.0320429 0.0750816 0.1133062 0.1186051 0.0000000 0.0983284 0.1145316 0.1692711 0.1146443 0.0213263 0.0751828 0.1043780 0.1160840 0.1202420 0.0744645 0.0902057 0.1197031 0.1058706 0.1037530 0.1125674 0.0745973 0.0913407 0.0622510 0.1123118 0.0864474 0.1129113 0.0991153 0.0630688 0.0745973 0.1054968 0.0923477 0.0828747 0.1158251 0.0935945 0.0719076 0.0985549 0.0981870 0.1028989 0.0930071 0.0929655 0.0983022 0.0319083 0.0560808 0.0797371 0.0564117 0.0749055 0.0867488 0.1066725 0.1112554 0.1048859 0.0858186 0.0920967 0.1032695 0.1040387 0.1040914 0.1171611 0.1255311 
S0689      0.0729778 0.1141908 0.0798151 0.0997781 0.0761938 0.0801210 0.1386333 0.1124799 0.0912387 0.0801952 0.0802674 0.0741966 0.0753737 0.0931833 0.0679457 0.0990187 0.0811428 0.1054460 0.0983284 0.0000000 0.0803434 0.1620545 0.0759903 0.0498807 0.0802674 0.0981392 0.0882790 0.1147531 0.0992245 0.0912155 0.1260359 0.1195458 0.0912476 0.1187890 0.0740761 0.0792309 0.0741225 0.0908706 0.0858393 0.0981523 0.0937815 0.0637311 0.0740761 0.1047424 0.1037650 0.0764038 0.1030044 0.0694475 0.0480004 0.0745759 0.0920373 0.1179127 0.0923469 0.0923055 0.0993646 0.0549428 0.1052322 0.0679395 0.0569902 0.0745420 0.0406461 0.1140859 0.1048891 0.1186891 0.0691331 0.0930860 0.0788777 0.0873253 0.0913914 0.1041687 0.1001085 
S0724sl    0.0931205 0.1196540 0.0929185 0.0221710 0.0960053 0.0875146 0.1517503 0.0210821 0.0161422 0.0871046 0.0871899 0.0867718 0.0890172 0.1001558 0.0747007 0.1012042 0.0879477 0.1148720 0.1145316 0.0803434 0.0000000 0.1772896 0.0888440 0.0608910 0.0871899 0.0943887 0.0704001 0.1106411 0.0943415 0.0863429 0.1385015 0.1247105 0.0929548 0.1303849 0.0803900 0.0859704 0.0873926 0.0586827 0.0867762 0.0745446 0.1097105 0.0760153 0.0803900 0.1140407 0.1194621 0.0905408 0.0930825 0.0762192 0.0650436 0.0935688 0.0878190 0.1436510 0.1004318 0.1080139 0.1025178 0.0663319 0.1156099 0.0736594 0.0681430 0.0809400 0.0817171 0.1318452 0.1016497 0.1354270 0.0751318 0.0956420 0.1128300 0.0949245 0.1003539 0.0856462 0.1023019 
S0735      0.1636328 0.1904421 0.1708769 0.1771662 0.1508539 0.1866188 0.2016770 0.1956308 0.1648297 0.1646156 0.1647945 0.1708414 0.1489884 0.1654756 0.1298138 0.1774553 0.1631706 0.1786406 0.1692711 0.1620545 0.1772896 0.0000000 0.1712765 0.1153030 0.1647945 0.1614032 0.1761351 0.2153658 0.1939692 0.1802403 0.0711195 0.1950468 0.1709418 0.0648434 0.1563880 0.1627747 0.1437161 0.1486918 0.1497779 0.1878898 0.1681342 0.1488063 0.1563880 0.1809399 0.1684638 0.1924747 0.1856021 0.1653684 0.1566373 0.1579276 0.1614032 0.1712042 0.1805451 0.2035774 0.1617030 0.1284440 0.1714091 0.1551230 0.1315197 0.1648270 0.1573266 0.1796534 0.1607177 0.1726250 0.1630391 0.1616033 0.1922984 0.1861884 0.1637897 0.1801528 0.1754974 
S0742      0.0758153 0.1326962 0.0814983 0.0880545 0.0906514 0.0952133 0.1347784 0.1007307 0.0851771 0.0702460 0.0703097 0.0413448 0.0840371 0.0829453 0.0833807 0.1090917 0.0409258 0.0954117 0.1146443 0.0759903 0.0888440 0.1712765 0.0000000 0.0450607 0.0703097 0.1078278 0.1178451 0.1112008 0.1157558 0.1014258 0.1374009 0.1376286 0.0697999 0.1297054 0.0641653 0.0637066 0.0887867 0.0733731 0.0699438 0.1079687 0.0958311 0.0779569 0.0641653 0.0947661 0.0923911 0.0971793 0.0813590 0.0774001 0.0741517 0.0761520 0.1014123 0.1225521 0.0823716 0.1142388 0.1032183 0.0565956 0.1153651 0.0580829 0.0822396 0.0645716 0.0893982 0.1166574 0.1149741 0.1168390 0.0958038 0.0955133 0.0931860 0.1157867 0.1081539 0.0760149 0.1216960 
S0756      0.0267928 0.0512392 0.0157582 0.0602326 0.0215645 0.0324623 0.0745186 0.0692926 0.0523295 0.0000021 0.0052249 0.0446780 0.0160085 0.0443691 0.0110376 0.0506250 0.0445554 0.0383848 0.0213263 0.0498807 0.0608910 0.1153030 0.0450607 0.0000000 0.0052249 0.0503168 0.0706928 0.0575263 0.0501782 0.0464008 0.0827444 0.0686525 0.0322082 0.0758205 0.0000021 0.0265919 0.0267534 0.0526398 0.0052038 0.0625201 0.0383721 0.0159718 0.0000021 0.0212701 0.0377585 0.0336021 0.0434007 0.0443929 0.0164945 0.0269617 0.0443947 0.0616248 0.0159149 0.0442681 0.0498756 0.0000021 0.0381880 0.0157780 0.0211458 0.0051937 0.0384868 0.0506159 0.0561792 0.0628558 0.0383665 0.0440281 0.0581683 0.0560250 0.0600753 0.0381162 0.0692626 
S0763      0.0459312 0.1086018 0.0195522 0.1005401 0.0699693 0.0686747 0.0800667 0.1064842 0.0791412 0.0097205 0.0097282 0.0697199 0.0697565 0.0575878 0.0620623 0.0885191 0.0695451 0.0406971 0.0751828 0.0802674 0.0871899 0.1647945 0.0703097 0.0052249 0.0000000 0.0758919 0.1029446 0.0961671 0.0875748 0.0852075 0.1280118 0.1134556 0.0511203 0.1206308 0.0048139 0.0402660 0.0686026 0.0789686 0.0146337 0.1001671 0.0879599 0.0582268 0.0048139 0.0300293 0.0623939 0.0765297 0.0619524 0.0754774 0.0480165 0.0406800 0.0699740 0.0996819 0.0197335 0.0865791 0.0935233 0.0051164 0.0993532 0.0298858 0.0625948 0.0196865 0.0690463 0.1079991 0.0942900 0.1016510 0.0749666 0.0873109 0.0907535 0.0873450 0.0979293 0.0626107 0.1080718 
S0770      0.0932262 0.1211696 0.0871282 0.1007081 0.0880365 0.0863862 0.1344216 0.1143213 0.0864934 0.0758229 0.0636019 0.1068453 0.0812038 0.1134343 0.0614892 0.0860294 0.1065831 0.1012570 0.1043780 0.0981392 0.0943887 0.1614032 0.1078278 0.0503168 0.0758919 0.0000000 0.1030318 0.1012985 0.0804347 0.0656441 0.1137277 0.0996344 0.0988951 0.1125940 0.0696699 0.0864788 0.0798474 0.0927238 0.0815277 0.0929448 0.0929926 0.0574434 0.0696699 0.1005711 0.1115806 0.0885730 0.1110025 0.0816521 0.0659329 0.0936491 0.0145843 0.1103459 0.0760899 0.1109181 0.0805535 0.0554200 0.1114075 0.0635073 0.0736579 0.0760236 0.0936868 0.0940556 0.0685832 0.0917500 0.0685779 0.0745805 0.1180855 0.0515886 0.0905321 0.1122901 0.0871432 
S0888      0.1021144 0.1322753 0.1148966 0.0900666 0.1116926 0.1088657 0.1670035 0.0971803 0.0748738 0.1028450 0.1029446 0.0956879 0.1040072 0.1368911 0.0908078 0.1234275 0.1023017 0.1160103 0.1160840 0.0882790 0.0704001 0.1761351 0.1178451 0.0706928 0.1029446 0.1030318 0.0000000 0.1255777 0.1172261 0.1019656 0.1310036 0.1259363 0.1209351 0.1234023 0.0960632 0.1075649 0.1021565 0.0689933 0.1089479 0.0306270 0.1245537 0.0911295 0.0960632 0.1232223 0.1285206 0.1055461 0.1273266 0.0974549 0.0687451 0.1154970 0.0965912 0.1649033 0.1162199 0.1020792 0.1173903 0.0758620 0.1302558 0.0951666 0.0953009 0.0892273 0.0840368 0.1474927 0.1101679 0.1589965 0.0969727 0.1105753 0.1140497 0.1172785 0.1267344 0.1207269 0.1234901 
S0959      0.0896691 0.1248404 0.1079670 0.1094253 0.1032595 0.0637610 0.1735371 0.1308403 0.1153423 0.0960751 0.0828904 0.0968759 0.0958939 0.1231335 0.0827833 0.0764444 0.1112378 0.1234228 0.1202420 0.1147531 0.1106411 0.2153658 0.1112008 0.0575263 0.0961671 0.1012985 0.1255777 0.0000000 0.0640236 0.0431573 0.1595944 0.0764240 0.1014431 0.1514000 0.0894395 0.0948601 0.0820977 0.1084500 0.1020922 0.1220473 0.0699707 0.0524871 0.0894395 0.1156516 0.1343319 0.0778275 0.1138961 0.0822238 0.0489807 0.1024291 0.0949811 0.1414094 0.0954003 0.0933262 0.0695609 0.0693550 0.1277912 0.0827722 0.0876232 0.0900376 0.1024715 0.0815784 0.0817589 0.1443856 0.0580049 0.0695441 0.1144704 0.1009600 0.0838641 0.1136123 0.0999939 
S0960      0.0990026 0.0892902 0.1048411 0.1080165 0.0819207 0.0575212 0.1681305 0.1142745 0.0990535 0.0874014 0.0805452 0.1146731 0.0752309 0.1194694 0.0558484 0.0299651 0.1143901 0.1197403 0.0744645 0.0992245 0.0943415 0.1939692 0.1157558 0.0501782 0.0875748 0.0804347 0.1172261 0.0640236 0.0000000 0.0369134 0.1341226 0.0812982 0.1047033 0.1266387 0.0868831 0.0921542 0.0626379 0.1002476 0.0991379 0.1139894 0.0749906 0.0462432 0.0868831 0.1127149 0.1303548 0.0703971 0.1169066 0.0631154 0.0483536 0.0994550 0.0745466 0.1303049 0.1059954 0.0737527 0.0631124 0.0611444 0.1050622 0.0804325 0.0679012 0.0755594 0.0875253 0.0818967 0.0749836 0.1329434 0.0564855 0.0512642 0.1054316 0.0801712 0.0687345 0.1182694 0.0808230 
S1129sl    0.0786338 0.0928651 0.0970260 0.0926325 0.0733893 0.0600073 0.1620454 0.1084598 0.0922716 0.0851260 0.0721212 0.1069069 0.0666149 0.1119381 0.0581882 0.0538398 0.0994602 0.1121998 0.0902057 0.0912155 0.0863429 0.1802403 0.1014258 0.0464008 0.0852075 0.0656441 0.1019656 0.0431573 0.0369134 0.0000000 0.1201942 0.0603594 0.0968884 0.1126600 0.0785774 0.0840408 0.0538663 0.0986810 0.0848124 0.0990806 0.0663943 0.0370899 0.0785774 0.1050126 0.1164971 0.0676471 0.1094437 0.0542884 0.0444494 0.0914364 0.0597394 0.1159121 0.0845250 0.0649761 0.0542862 0.0517341 0.0910289 0.0720129 0.0535182 0.0791030 0.0791750 0.0794022 0.0546341 0.1109191 0.0476642 0.0422900 0.0823080 0.0600746 0.0582793 0.1107623 0.0660669 
S1148      0.1207537 0.1301870 0.1402421 0.1465843 0.1027950 0.1277820 0.1918091 0.1582080 0.1429500 0.1278850 0.1280118 0.1360543 0.0954700 0.1428770 0.0888118 0.1269568 0.1357204 0.1339263 0.1197031 0.1260359 0.1385015 0.0711195 0.1374009 0.0827444 0.1280118 0.1137277 0.1310036 0.1595944 0.1341226 0.1201942 0.0000000 0.1349159 0.1400820 0.0048300 0.1207176 0.1201760 0.0923625 0.1429335 0.1341619 0.1486308 0.1078342 0.0953537 0.1207176 0.1422103 0.1541579 0.1382577 0.1533315 0.1295964 0.1065940 0.1282741 0.1072610 0.1541214 0.1419001 0.1553656 0.1069225 0.0878038 0.1272112 0.1075287 0.0993956 0.1215546 0.1149503 0.1221853 0.1187466 0.1420358 0.1203113 0.1273937 0.1506835 0.1343054 0.1222443 0.1414209 0.1466720 
S1201sl    0.1067890 0.1229806 0.1253352 0.1233230 0.1015313 0.0734059 0.1924725 0.1446970 0.1292938 0.1133464 0.0997564 0.1362779 0.0943154 0.1410531 0.0751482 0.1005409 0.1359432 0.1413903 0.1058706 0.1195458 0.1247105 0.1950468 0.1376286 0.0686525 0.1134556 0.0996344 0.1259363 0.0764240 0.0812982 0.0603594 0.1349159 0.0000000 0.1251834 0.1273927 0.1065115 0.0996893 0.0864790 0.1292728 0.1194260 0.1223886 0.0457204 0.0456668 0.1065115 0.1270504 0.1390311 0.0944241 0.1379630 0.0813436 0.0533169 0.1198275 0.0934313 0.1434003 0.1267708 0.1044782 0.0349414 0.0804529 0.1189891 0.0996242 0.0862201 0.1072286 0.1073325 0.0571676 0.0457191 0.1463363 0.0636118 0.0686791 0.1127373 0.0993060 0.0480572 0.1396306 0.1000568 
S1211      0.0563080 0.1077982 0.0616268 0.0994947 0.0809823 0.0854386 0.0924416 0.0993562 0.0904660 0.0510769 0.0511203 0.0634030 0.0807337 0.0740084 0.0735900 0.1058372 0.0632444 0.0629239 0.1037530 0.0912476 0.0929548 0.1709418 0.0697999 0.0322082 0.0511203 0.0988951 0.1209351 0.1014431 0.1047033 0.0968884 0.1400820 0.1251834 0.0000000 0.1325258 0.0455123 0.0504854 0.0793938 0.0783581 0.0455806 0.1051034 0.0930132 0.0690247 0.0455123 0.0736790 0.0784166 0.0759751 0.0297947 0.0690959 0.0651877 0.0565414 0.0927403 0.1110990 0.0622448 0.0857728 0.1048480 0.0428970 0.0984157 0.0399690 0.0732465 0.0457828 0.0799120 0.1006304 0.1057068 0.1133013 0.0859415 0.0809737 0.1024338 0.1106615 0.1042189 0.0620424 0.1012375 
S1223      0.1135486 0.1226558 0.1326819 0.1382629 0.0958543 0.1204138 0.1831353 0.1501017 0.1348771 0.1205131 0.1206308 0.1284577 0.0887322 0.1351473 0.0817945 0.1196389 0.1281426 0.1264627 0.1125674 0.1187890 0.1303849 0.0648434 0.1297054 0.0758205 0.1206308 0.1125940 0.1234023 0.1514000 0.1266387 0.1126600 0.0048300 0.1273927 0.1325258 0.0000000 0.1135160 0.1130126 0.0858745 0.1348579 0.1266885 0.1408208 0.1008739 0.0886242 0.1135160 0.1345203 0.1463121 0.1305033 0.1455347 0.1220969 0.0993526 0.1208786 0.1061971 0.1462702 0.1342256 0.1474346 0.1000315 0.0808845 0.1198812 0.1064603 0.0927209 0.1142914 0.1078152 0.1148727 0.1116788 0.1343512 0.1131308 0.1200454 0.1424175 0.1329431 0.1137206 0.1337748 0.1389790 
S1227      0.0403885 0.1016656 0.0145125 0.0934623 0.0638585 0.0626869 0.0738892 0.0997002 0.0726213 0.0048102 0.0048139 0.0636366 0.0636675 0.0517764 0.0557519 0.0878129 0.0634770 0.0352278 0.0745973 0.0740761 0.0803900 0.1563880 0.0641653 0.0000021 0.0048139 0.0696699 0.0960632 0.0894395 0.0868831 0.0785774 0.1207176 0.1065115 0.0455123 0.1135160 0.0000000 0.0348578 0.0626263 0.0724606 0.0096550 0.0935005 0.0815113 0.0523458 0.0000010 0.0247595 0.0565692 0.0702493 0.0561726 0.0692907 0.0422013 0.0352123 0.0638617 0.0930552 0.0146451 0.0802451 0.0870098 0.0000022 0.0927537 0.0246430 0.0567511 0.0146112 0.0630251 0.1011019 0.0877160 0.0948710 0.0688289 0.0809176 0.0840679 0.0809481 0.0979293 0.0567616 0.1011612 
S1235sl    0.0453613 0.1071156 0.0505661 0.0991142 0.0690588 0.0735712 0.1039805 0.1050530 0.0780267 0.0402325 0.0402660 0.0575240 0.0688517 0.0624391 0.0552436 0.0931382 0.0628101 0.0625612 0.0913407 0.0792309 0.0859704 0.1627747 0.0637066 0.0265919 0.0402660 0.0864788 0.1075649 0.0948601 0.0921542 0.0840408 0.1201760 0.0996893 0.0504854 0.1130126 0.0348578 0.0000000 0.0677269 0.0777226 0.0454210 0.1046925 0.0867948 0.0574800 0.0348578 0.0621622 0.0614788 0.0813439 0.0611772 0.0744941 0.0534400 0.0350025 0.0805072 0.0983560 0.0510617 0.0971152 0.0922857 0.0316534 0.0980365 0.0194520 0.0618038 0.0350613 0.0569754 0.1065276 0.0930325 0.1002728 0.0739965 0.0861624 0.0895145 0.0979697 0.0970958 0.0618188 0.1065965 
S1250sl    0.0739715 0.0878873 0.0795085 0.1007717 0.0467404 0.0626558 0.1229466 0.1072891 0.0921265 0.0685421 0.0686026 0.0880096 0.0409080 0.0928074 0.0377258 0.0863173 0.0877911 0.0798139 0.0622510 0.0741225 0.0873926 0.1437161 0.0887867 0.0267534 0.0686026 0.0798474 0.1021565 0.0820977 0.0626379 0.0538663 0.0923625 0.0864790 0.0793938 0.0858745 0.0626263 0.0677269 0.0000000 0.0921008 0.0740707 0.0994200 0.0687407 0.0353654 0.0626263 0.0923894 0.1033420 0.0586514 0.0908726 0.0634318 0.0424646 0.0742912 0.0740087 0.1032851 0.0803386 0.0742826 0.0681980 0.0318446 0.0683380 0.0567076 0.0348351 0.0630129 0.0630639 0.0812082 0.0801244 0.1052877 0.0623992 0.0624513 0.0785571 0.0795882 0.0750455 0.0918816 0.0930412 
S1260      0.0845325 0.1380882 0.0906752 0.0652041 0.0941872 0.0925005 0.1395864 0.0670130 0.0446162 0.0788938 0.0789686 0.0599417 0.0937923 0.0910160 0.0798915 0.1064482 0.0659015 0.1121743 0.1123118 0.0908706 0.0586827 0.1486918 0.0733731 0.0526398 0.0789686 0.0927238 0.0689933 0.1084500 0.1002476 0.0986810 0.1429335 0.1292728 0.0783581 0.1348579 0.0724606 0.0777226 0.0921008 0.0000000 0.0786064 0.0610687 0.1068151 0.0808773 0.0724606 0.0984038 0.1028715 0.0879929 0.0904976 0.0866620 0.0642690 0.0914338 0.0862781 0.1410116 0.0916943 0.1119850 0.1072055 0.0583240 0.1130780 0.0720246 0.0852718 0.0791101 0.0861459 0.1229205 0.0998368 0.1347673 0.0867825 0.0807490 0.1115869 0.1134870 0.1031026 0.0840981 0.0995993 
S1278      0.0511709 0.1146057 0.0245075 0.0999713 0.0755506 0.0741534 0.0740049 0.1059129 0.0787114 0.0146221 0.0146337 0.0693604 0.0753197 0.0629896 0.0678978 0.0938966 0.0691872 0.0459090 0.0864474 0.0858393 0.0867762 0.1497779 0.0699438 0.0052038 0.0146337 0.0815277 0.1089479 0.1020922 0.0991379 0.0848124 0.1341619 0.1194260 0.0455806 0.1266885 0.0096550 0.0454210 0.0740707 0.0786064 0.0000000 0.0936528 0.0874958 0.0636892 0.0096550 0.0351308 0.0620813 0.0822133 0.0562578 0.0751470 0.0535012 0.0458908 0.0755579 0.1054874 0.0247364 0.0803724 0.0992780 0.0102640 0.0929036 0.0349613 0.0568379 0.0246762 0.0745525 0.1012699 0.1000927 0.1075760 0.0805326 0.0872219 0.0842078 0.0930462 0.1128772 0.0568486 0.1079387 
S1315      0.0993799 0.1235258 0.1117894 0.0809973 0.1086008 0.1059230 0.1621858 0.0882834 0.0666813 0.1000728 0.1001671 0.0929209 0.1011728 0.1330718 0.0749345 0.1200136 0.0932898 0.1128454 0.1129113 0.0981523 0.0745446 0.1878898 0.1079687 0.0625201 0.1001671 0.0929448 0.0306270 0.1220473 0.1139894 0.0990806 0.1486308 0.1223886 0.1051034 0.1408208 0.0935005 0.1046925 0.0994200 0.0610687 0.0936528 0.0000000 0.1143756 0.0886759 0.0935005 0.1262355 0.1183696 0.1152624 0.1173588 0.0885883 0.0728329 0.1123554 0.0868577 0.1513061 0.1130401 0.0991190 0.1141467 0.0737672 0.1199704 0.0926480 0.0927760 0.0868743 0.0936943 0.1295687 0.1071585 0.1456519 0.0943584 0.1014906 0.1178894 0.1063134 0.1225599 0.1049307 0.1139058 
S1332      0.0935744 0.1156929 0.0994020 0.0937634 0.0827234 0.0508745 0.1550164 0.1147768 0.0994967 0.0878785 0.0752277 0.0949724 0.0759593 0.1138818 0.0564526 0.0938293 0.0947358 0.1141396 0.0991153 0.0937815 0.1097105 0.1681342 0.0958311 0.0383721 0.0879599 0.0929926 0.1245537 0.0699707 0.0749906 0.0663943 0.1078342 0.0457204 0.0930132 0.1008739 0.0815113 0.0867948 0.0687407 0.1068151 0.0874958 0.1143756 0.0000000 0.0298040 0.0815113 0.1007232 0.1104824 0.0699801 0.1050251 0.0519065 0.0310070 0.0940006 0.0869046 0.1315933 0.1004953 0.0740654 0.0296171 0.0558275 0.0997112 0.0751199 0.0685432 0.0820394 0.0821122 0.0249319 0.0401837 0.1342826 0.0465791 0.0563920 0.0860925 0.0926870 0.0414924 0.1062371 0.0861919 
S1366      0.0636037 0.0771627 0.0691303 0.0752192 0.0473544 0.0245446 0.1270168 0.0963452 0.0809032 0.0581755 0.0466031 0.0772787 0.0414363 0.0821753 0.0326040 0.0634935 0.0770821 0.0823483 0.0630688 0.0637311 0.0760153 0.1488063 0.0779569 0.0159718 0.0582268 0.0574434 0.0911295 0.0524871 0.0462432 0.0370899 0.0953537 0.0456668 0.0690247 0.0886242 0.0523458 0.0574800 0.0353654 0.0808773 0.0636892 0.0886759 0.0298040 0.0000000 0.0523458 0.0818001 0.0927875 0.0414833 0.0804467 0.0356265 0.0049821 0.0638773 0.0518621 0.0927290 0.0698496 0.0567712 0.0295826 0.0267541 0.0692484 0.0465302 0.0352722 0.0526688 0.0527102 0.0406416 0.0401368 0.0945337 0.0408198 0.0350934 0.0668949 0.0572545 0.0414354 0.0813402 0.0631693 
S1369      0.0403885 0.1016656 0.0145125 0.0934623 0.0638585 0.0626869 0.0738892 0.0997002 0.0726213 0.0048102 0.0048139 0.0636366 0.0636675 0.0517764 0.0557519 0.0878129 0.0634770 0.0352278 0.0745973 0.0740761 0.0803900 0.1563880 0.0641653 0.0000021 0.0048139 0.0696699 0.0960632 0.0894395 0.0868831 0.0785774 0.1207176 0.1065115 0.0455123 0.1135160 0.0000010 0.0348578 0.0626263 0.0724606 0.0096550 0.0935005 0.0815113 0.0523458 0.0000000 0.0247595 0.0565692 0.0702493 0.0561726 0.0692907 0.0422013 0.0352123 0.0638617 0.0930552 0.0146451 0.0802451 0.0870098 0.0000022 0.0927537 0.0246430 0.0567511 0.0146112 0.0630251 0.1011019 0.0877160 0.0948710 0.0688289 0.0809176 0.0840679 0.0809481 0.0979293 0.0567616 0.1011612 
S1370      0.0682969 0.1208665 0.0402306 0.1282728 0.0813086 0.0925150 0.0913822 0.1329124 0.1049914 0.0300046 0.0300293 0.0939276 0.0810582 0.0808779 0.0804207 0.1139619 0.0936959 0.0628485 0.1054968 0.1047424 0.1140407 0.1809399 0.0947661 0.0212701 0.0300293 0.1005711 0.1232223 0.1156516 0.1127149 0.1050126 0.1422103 0.1270504 0.0736790 0.1345203 0.0247595 0.0621622 0.0923894 0.0984038 0.0351308 0.1262355 0.1007232 0.0818001 0.0247595 0.0000000 0.0742009 0.1014381 0.0850440 0.0940164 0.0714973 0.0628276 0.0943049 0.1129933 0.0406198 0.1054527 0.1063808 0.0263625 0.1111529 0.0512583 0.0859360 0.0405130 0.0930139 0.1215379 0.1072650 0.1281519 0.0929648 0.1063572 0.1170770 0.1125414 0.1216940 0.0859806 0.1284761 
S1375      0.0457400 0.1210189 0.0620550 0.1247900 0.0931901 0.1097755 0.1109538 0.1294942 0.1084852 0.0623397 0.0623939 0.0915953 0.0928981 0.0917419 0.0799425 0.1188052 0.0742351 0.0979938 0.0923477 0.1037650 0.1194621 0.1684638 0.0923911 0.0377585 0.0623939 0.1115806 0.1285206 0.1343319 0.1303548 0.1164971 0.1541579 0.1390311 0.0784166 0.1463121 0.0565692 0.0614788 0.1033420 0.1028715 0.0620813 0.1183696 0.1104824 0.0927875 0.0565692 0.0742009 0.0000000 0.1063937 0.0897528 0.1042952 0.0894207 0.0678233 0.1178057 0.1116571 0.0738720 0.1103417 0.1305224 0.0487766 0.1171307 0.0506997 0.0851500 0.0679388 0.0919435 0.1396940 0.1186479 0.1265947 0.1104450 0.1159122 0.1225496 0.1365708 0.1430399 0.0907373 0.1381212 
S1376      0.0880417 0.0921939 0.0878619 0.1110426 0.0723237 0.0357013 0.1356984 0.1108302 0.1083244 0.0764595 0.0641256 0.0970011 0.0656693 0.1010959 0.0575690 0.0893088 0.0967553 0.1083949 0.0828747 0.0764038 0.0905408 0.1924747 0.0971793 0.0336021 0.0765297 0.0885730 0.1055461 0.0778275 0.0703971 0.0676471 0.1382577 0.0944241 0.0759751 0.1305033 0.0702493 0.0813439 0.0586514 0.0879929 0.0822133 0.1152624 0.0699801 0.0414833 0.0702493 0.1014381 0.1063937 0.0000000 0.0877213 0.0470288 0.0262274 0.0884413 0.0885730 0.1342118 0.0888165 0.0306079 0.0754300 0.0446739 0.0957683 0.0697333 0.0584835 0.0765468 0.0649871 0.0823619 0.0878073 0.1370080 0.0701153 0.0637923 0.1000087 0.0944710 0.0846040 0.1070488 0.0890681 
S1381      0.0672022 0.1077780 0.0726044 0.1124009 0.0927105 0.0970814 0.1043668 0.1115287 0.1028465 0.0618990 0.0619524 0.0747132 0.0924207 0.0854230 0.0858258 0.1181837 0.0745285 0.0741461 0.1158251 0.1030044 0.0930825 0.1856021 0.0813590 0.0434007 0.0619524 0.1110025 0.1273266 0.1138961 0.1169066 0.1094437 0.1533315 0.1379630 0.0297947 0.1455347 0.0561726 0.0611772 0.0908726 0.0904976 0.0562578 0.1173588 0.1050251 0.0804467 0.0561726 0.0850440 0.0897528 0.0877213 0.0000000 0.0805407 0.0768434 0.0674849 0.1047051 0.1234523 0.0733437 0.0974714 0.1170622 0.0541805 0.0983984 0.0504513 0.0845381 0.0565113 0.0914760 0.1129725 0.1180284 0.1192647 0.0920027 0.0927005 0.1086702 0.1229681 0.1186541 0.0731061 0.1136648 
S1422      0.0809743 0.0972840 0.0866571 0.0822376 0.0771899 0.0511946 0.1272396 0.0835133 0.0803067 0.0754092 0.0632569 0.0888126 0.0705140 0.1004815 0.0504037 0.0812707 0.0885905 0.1007016 0.0935945 0.0694475 0.0762192 0.1653684 0.0774001 0.0443929 0.0754774 0.0816521 0.0974549 0.0822238 0.0631154 0.0542884 0.1295964 0.0813436 0.0690959 0.1220969 0.0692907 0.0744941 0.0634318 0.0866620 0.0751470 0.0885883 0.0519065 0.0356265 0.0692907 0.0940164 0.1042952 0.0470288 0.0805407 0.0000000 0.0258220 0.0813336 0.0814555 0.1258703 0.0817242 0.0454844 0.0631502 0.0498149 0.0942284 0.0631632 0.0632507 0.0697292 0.0697880 0.0644154 0.0750265 0.1284432 0.0570681 0.0456652 0.0796173 0.0814683 0.0694231 0.0932667 0.0632958 
S1449      0.0535012 0.0809307 0.0589708 0.0643346 0.0553874 0.0099214 0.1165838 0.0864750 0.0705559 0.0479740 0.0365224 0.0669063 0.0490345 0.0785378 0.0396879 0.0664719 0.0733007 0.0719829 0.0719076 0.0480004 0.0650436 0.1566373 0.0741517 0.0164945 0.0480165 0.0659329 0.0687451 0.0489807 0.0483536 0.0444494 0.1065940 0.0533169 0.0651877 0.0993526 0.0422013 0.0534400 0.0424646 0.0642690 0.0535012 0.0728329 0.0310070 0.0049821 0.0422013 0.0714973 0.0894207 0.0262274 0.0768434 0.0258220 0.0000000 0.0541865 0.0600061 0.1035067 0.0595871 0.0417691 0.0362205 0.0218962 0.0785369 0.0422855 0.0423460 0.0424626 0.0370449 0.0480497 0.0474224 0.1056318 0.0425138 0.0421237 0.0628070 0.0657075 0.0501901 0.0777164 0.0720402 
S1460      0.0513139 0.1149915 0.0510914 0.1005880 0.0699957 0.0688914 0.1051765 0.1127432 0.0852720 0.0406457 0.0406800 0.0755057 0.0755481 0.0522891 0.0619727 0.1005365 0.0753174 0.0568965 0.0985549 0.0745759 0.0935688 0.1579276 0.0761520 0.0269617 0.0406800 0.0936491 0.1154970 0.1024291 0.0994550 0.0914364 0.1282741 0.1198275 0.0565414 0.1208786 0.0352123 0.0350025 0.0742912 0.0914338 0.0458908 0.1123554 0.0940006 0.0638773 0.0352123 0.0628276 0.0678233 0.0884413 0.0674849 0.0813336 0.0541865 0.0000000 0.0875151 0.0937130 0.0515977 0.1044753 0.0937182 0.0319932 0.1054767 0.0247429 0.0681862 0.0354196 0.0461400 0.1143569 0.1004157 0.1079324 0.0692919 0.0870312 0.0846736 0.0933397 0.0908567 0.0627433 0.1144424 
S1462      0.0871240 0.1145563 0.0811099 0.0940677 0.0819464 0.0804233 0.1410656 0.1078124 0.0801256 0.0699108 0.0578985 0.1004999 0.0752568 0.1069895 0.0613875 0.0800892 0.1002523 0.0949450 0.0981870 0.0920373 0.0878190 0.1614032 0.1014123 0.0443947 0.0699740 0.0145843 0.0965912 0.0949811 0.0745466 0.0597394 0.1072610 0.0934313 0.0927403 0.1061971 0.0638617 0.0805072 0.0740087 0.0862781 0.0755579 0.0868577 0.0869046 0.0518621 0.0638617 0.0943049 0.1178057 0.0885730 0.1047051 0.0814555 0.0600061 0.0875151 0.0000000 0.1040888 0.0819751 0.1046253 0.0746584 0.0437649 0.1050829 0.0578107 0.0679265 0.0700966 0.0875502 0.1001420 0.0628702 0.0857518 0.0628660 0.0687706 0.1113356 0.0461118 0.0833576 0.1059084 0.0811144 
S1539      0.0930789 0.1193603 0.1112413 0.1589653 0.0692841 0.1241598 0.1755514 0.1700044 0.1410289 0.0995886 0.0996819 0.1343532 0.0741675 0.1135132 0.0606154 0.1187504 0.1340262 0.1264610 0.1028989 0.1179127 0.1436510 0.1712042 0.1225521 0.0616248 0.0996819 0.1103459 0.1649033 0.1414094 0.1303049 0.1159121 0.1541214 0.1434003 0.1110990 0.1462702 0.0930552 0.0983560 0.1032851 0.1410116 0.1054874 0.1513061 0.1315933 0.0927290 0.0930552 0.1129933 0.1116571 0.1342118 0.1234523 0.1258703 0.1035067 0.0937130 0.1040888 0.0000000 0.1124792 0.1508516 0.1178925 0.0666307 0.0920663 0.0864829 0.0967029 0.0936647 0.1058716 0.1400138 0.1315647 0.0518222 0.1047176 0.1111110 0.1240092 0.1099885 0.1205145 0.1249045 0.1468110 
S_670      0.0569590 0.1219397 0.0297448 0.1142251 0.0819653 0.0804353 0.0862973 0.1195398 0.0918896 0.0197176 0.0197335 0.0816617 0.0817107 0.0690731 0.0620039 0.1071583 0.0814586 0.0516171 0.0930071 0.0923469 0.1004318 0.1805451 0.0823716 0.0159149 0.0197335 0.0760899 0.1162199 0.0954003 0.1059954 0.0845250 0.1419001 0.1267708 0.0622448 0.1342256 0.0146451 0.0510617 0.0803386 0.0916943 0.0247364 0.1130401 0.1004953 0.0698496 0.0146451 0.0406198 0.0738720 0.0888165 0.0733437 0.0817242 0.0595871 0.0515977 0.0819751 0.1124792 0.0000000 0.0988969 0.1061431 0.0155797 0.1120987 0.0404205 0.0741091 0.0299517 0.0808698 0.1083007 0.1070240 0.1147368 0.0869798 0.0997402 0.0968857 0.0997819 0.1131521 0.0741377 0.1213676 
SRR8528336 0.0981678 0.1088683 0.0978387 0.1215926 0.0885475 0.0615370 0.1458173 0.1208263 0.1186608 0.0865002 0.0740708 0.1131851 0.0816677 0.1180690 0.0744474 0.0922357 0.0992755 0.1187067 0.0929655 0.0923055 0.1080139 0.2035774 0.1142388 0.0442681 0.0865791 0.1109181 0.1020792 0.0933262 0.0737527 0.0649761 0.1553656 0.1044782 0.0857728 0.1474346 0.0802451 0.0971152 0.0742826 0.1119850 0.0803724 0.0991190 0.0740654 0.0567712 0.0802451 0.1054527 0.1103417 0.0306079 0.0974714 0.0454844 0.0417691 0.1044753 0.1046253 0.1508516 0.0988969 0.0000000 0.0853782 0.0552642 0.0995810 0.0853971 0.0740671 0.0924705 0.0808271 0.0870369 0.0920430 0.1539770 0.0789058 0.0673792 0.1027849 0.1105568 0.0957503 0.1106666 0.0862682 
SRR8528341 0.0991424 0.1146968 0.1049860 0.1014121 0.0820432 0.0560200 0.1683269 0.1226062 0.1072306 0.0934365 0.0806642 0.1148315 0.0694180 0.1068691 0.0559768 0.0812654 0.1145480 0.1132863 0.0983022 0.0993646 0.1025178 0.1617030 0.1032183 0.0498756 0.0935233 0.0805535 0.1173903 0.0695609 0.0631124 0.0542862 0.1069225 0.0349414 0.1048480 0.1000315 0.0870098 0.0922857 0.0681980 0.1072055 0.0992780 0.1141467 0.0296171 0.0295826 0.0870098 0.1063808 0.1305224 0.0754300 0.1170622 0.0631502 0.0362205 0.0937182 0.0746584 0.1178925 0.1061431 0.0853782 0.0000000 0.0612451 0.1052077 0.0805513 0.0680037 0.0875748 0.0815287 0.0403807 0.0296174 0.1202558 0.0463149 0.0512943 0.0919096 0.0802895 0.0056584 0.1057901 0.0808629 
