41
S0289      0.0000000 0.0717226 0.0824600 0.0466379 0.0482820 0.1400873 0.1640378 0.1523071 0.0940811 0.1160633 0.1435929 0.1539463 0.1706967 0.1393270 0.1354149 0.1429565 0.1425847 0.1671905 0.1273525 0.1212772 0.1490754 0.1035113 0.1177161 0.1304564 0.1787647 0.0999130 0.1458211 0.0438456 0.1354620 0.0883375 0.1170039 0.1540798 0.1334557 0.1536388 0.1236334 0.1300552 0.1517028 0.1635557 0.1480643 0.1543512 0.1413061 
S0299      0.0717226 0.0000000 0.0722371 0.0458644 0.0480587 0.1209825 0.1380987 0.1270552 0.0581169 0.0882542 0.1043759 0.1218735 0.1377482 0.1114088 0.0952627 0.1233252 0.1175958 0.1406218 0.0922674 0.1089700 0.1170241 0.0741509 0.0790218 0.1062999 0.1459415 0.0731673 0.1210390 0.0342845 0.1111002 0.0730314 0.0939866 0.1284516 0.1095761 0.1062417 0.0946182 0.1165945 0.1264498 0.1430859 0.1173991 0.1394230 0.1164789 
S0320      0.0824600 0.0722371 0.0000000 0.0568992 0.0580064 0.1353799 0.1343605 0.1245308 0.0894313 0.1169895 0.1040872 0.1492936 0.1536049 0.1404864 0.1365497 0.1321858 0.1262054 0.1502170 0.1055615 0.1058746 0.1260388 0.0871201 0.1129016 0.1144208 0.1617560 0.1006896 0.1282915 0.0630072 0.1193761 0.1058482 0.0950585 0.1434826 0.1280108 0.1356304 0.1187846 0.1306591 0.1468081 0.1530212 0.1415800 0.1556164 0.1363931 
S0624      0.0466379 0.0458644 0.0568992 0.0000000 0.0178306 0.1055638 0.1172761 0.1054065 0.0613515 0.0773794 0.0799972 0.1114666 0.1273433 0.1122788 0.0952685 0.0952684 0.0956032 0.1187164 0.0866142 0.0796081 0.1004734 0.0675327 0.0836558 0.0843350 0.1367329 0.0618536 0.1056007 0.0271566 0.0892562 0.0668469 0.0620243 0.1073613 0.0939764 0.1064056 0.1002705 0.1064281 0.1167130 0.1282409 0.1071896 0.1248121 0.1063184 
S0645sl    0.0482820 0.0480587 0.0580064 0.0178306 0.0000000 0.1048840 0.1214381 0.1000544 0.0628552 0.0781222 0.0916099 0.1104299 0.1260812 0.1112382 0.0951183 0.1068483 0.1013182 0.1236084 0.0765148 0.0863062 0.1056921 0.0688496 0.0840938 0.0800866 0.1343517 0.0633446 0.1049183 0.0301989 0.0951459 0.0584813 0.0787054 0.1062569 0.0938937 0.1115848 0.0998634 0.1056983 0.1154488 0.1263607 0.1011398 0.1287076 0.1055945 
S0689      0.1400873 0.1209825 0.1353799 0.1055638 0.1048840 0.0000000 0.0938390 0.0990514 0.1052615 0.0939326 0.0810425 0.1125079 0.1284753 0.1120439 0.1241239 0.0900132 0.1002876 0.1007135 0.0706890 0.0756699 0.1121754 0.1278274 0.1014094 0.0848769 0.1377616 0.1010809 0.0783603 0.1109752 0.0902201 0.1334329 0.0839689 0.0899537 0.1176956 0.1263853 0.1291276 0.1068166 0.1054896 0.1289349 0.1232094 0.0828099 0.0956821 
S0756      0.1640378 0.1380987 0.1343605 0.1172761 0.1214381 0.0938390 0.0000000 0.0723560 0.1218900 0.1044902 0.0790047 0.1231330 0.1384194 0.1288293 0.1229259 0.0628854 0.0732061 0.0726938 0.0650828 0.0535727 0.1417641 0.1533083 0.1306642 0.0540278 0.1542736 0.1109001 0.0210314 0.1278587 0.0685232 0.1453599 0.0782008 0.1152394 0.0893031 0.1182605 0.1604623 0.1230403 0.1274283 0.1463777 0.1221536 0.1045392 0.1283927 
S0763      0.1523071 0.1270552 0.1245308 0.1054065 0.1000544 0.0990514 0.0723560 0.0000000 0.1004791 0.1165653 0.0672786 0.1485023 0.1570487 0.1537963 0.1301767 0.0579864 0.0256510 0.0436841 0.0600655 0.0639748 0.1374493 0.1409053 0.1249929 0.0126834 0.1499879 0.1015181 0.0625817 0.1169306 0.0581101 0.1157115 0.0732664 0.1111931 0.1168831 0.1445124 0.1309276 0.1188829 0.1403304 0.1661572 0.1181819 0.1003218 0.1300299 
S0827      0.0940811 0.0581169 0.0894313 0.0613515 0.0628552 0.1052615 0.1218900 0.1004791 0.0000000 0.0937874 0.1174952 0.1282928 0.1443691 0.1174212 0.1010151 0.1072415 0.0799188 0.1076519 0.0872250 0.0863043 0.1051823 0.0629274 0.0590281 0.0804160 0.1337843 0.0793454 0.1052963 0.0584877 0.0954852 0.0482720 0.0840683 0.1111887 0.1162752 0.0961357 0.0689199 0.0999664 0.1096201 0.1191839 0.1125462 0.1292192 0.0998691 
S0959      0.1160633 0.0882542 0.1169895 0.0773794 0.0781222 0.0939326 0.1044902 0.1165653 0.0937874 0.0000000 0.0802872 0.0459931 0.0649947 0.0392695 0.0582061 0.1007321 0.1180827 0.1171718 0.0708720 0.0930389 0.0604778 0.1029293 0.0836956 0.0965935 0.0992057 0.0391928 0.0886304 0.0836793 0.0955863 0.1153723 0.0891942 0.1059571 0.0631535 0.0845758 0.1098672 0.0678101 0.0572200 0.0878107 0.0585572 0.0931976 0.0483020 
S1052sl    0.1435929 0.1043759 0.1040872 0.0799972 0.0916099 0.0810425 0.0790047 0.0672786 0.1174952 0.0802872 0.0000000 0.0602788 0.1228853 0.1059133 0.0959565 0.0437371 0.0547649 0.0943402 0.0441772 0.0566652 0.0893714 0.1725924 0.1412606 0.0679731 0.0818097 0.0672576 0.0670530 0.1188841 0.0679974 0.1188841 0.0677858 0.1080895 0.0916653 0.1046386 0.1676040 0.1089568 0.0938394 0.1075743 0.1174727 0.0430365 0.0812573 
S1128      0.1539463 0.1218735 0.1492936 0.1114666 0.1104299 0.1125079 0.1231330 0.1485023 0.1282928 0.0459931 0.0602788 0.0000000 0.0000026 0.0619103 0.0605924 0.1250139 0.1506601 0.1493678 0.0977548 0.0931307 0.0859169 0.1357578 0.1166673 0.1265271 0.0816380 0.0662510 0.1110521 0.1169287 0.1186068 0.1469883 0.1175477 0.1379816 0.0723283 0.1126610 0.1533620 0.0772574 0.0870462 0.0714502 0.0938115 0.1060764 0.0771807 
S1129sl    0.1706967 0.1377482 0.1536049 0.1273433 0.1260812 0.1284753 0.1384194 0.1570487 0.1443691 0.0649947 0.1228853 0.0000026 0.0000000 0.0817527 0.0799656 0.1404391 0.1593088 0.1579564 0.1195752 0.1094358 0.1079828 0.1469115 0.1392302 0.1353421 0.1093623 0.0808063 0.1318694 0.1328149 0.1405436 0.1695272 0.1326863 0.1476728 0.1032084 0.1286704 0.1775463 0.0922648 0.0966622 0.0965260 0.1146906 0.1280340 0.0867846 
S1189      0.1393270 0.1114088 0.1404864 0.1122788 0.1112382 0.1120439 0.1288293 0.1537963 0.1174212 0.0392695 0.1059133 0.0619103 0.0817527 0.0000000 0.0692699 0.1366680 0.1559602 0.1546648 0.0990476 0.1047830 0.0930538 0.1354368 0.1174946 0.1325445 0.1343910 0.0685484 0.1118419 0.1066730 0.1311109 0.1273456 0.1166919 0.1361973 0.0948195 0.1078896 0.1460549 0.0998087 0.0817139 0.1160495 0.0838640 0.1235731 0.0724750 
S1201sl    0.1354149 0.0952627 0.1365497 0.0952685 0.0951183 0.1241239 0.1229259 0.1301767 0.1010151 0.0582061 0.0959565 0.0605924 0.0799656 0.0692699 0.0000000 0.1136885 0.1319421 0.1308829 0.0826980 0.1060995 0.0878599 0.1230299 0.1007961 0.1032596 0.1172373 0.0539630 0.1061656 0.0905766 0.1083355 0.1124097 0.1015062 0.1261610 0.0692350 0.1022925 0.1283411 0.0790179 0.0987194 0.0998692 0.0846951 0.1297264 0.0891160 
S1235sl    0.1429565 0.1233252 0.1321858 0.0952684 0.1068483 0.0900132 0.0628854 0.0579864 0.1072415 0.1007321 0.0437371 0.1250139 0.1404391 0.1366680 0.1136885 0.0000000 0.0586516 0.0582502 0.0456397 0.0485733 0.1318736 0.1369415 0.1155663 0.0445787 0.1387187 0.0964009 0.0585600 0.1130946 0.0441678 0.1229122 0.0588079 0.1186020 0.0905403 0.1146834 0.1449768 0.1082494 0.1237300 0.1486682 0.1131819 0.0951398 0.1135638 
S1369      0.1425847 0.1175958 0.1262054 0.0956032 0.1013182 0.1002876 0.0732061 0.0256510 0.0799188 0.1180827 0.0547649 0.1506601 0.1593088 0.1559602 0.1319421 0.0586516 0.0000000 0.0395981 0.0554524 0.0644886 0.1258501 0.1297705 0.1152893 0.0215617 0.1385427 0.1028224 0.0633034 0.1074508 0.0587783 0.1063321 0.0741392 0.1063254 0.1184069 0.1465540 0.1327163 0.1262781 0.1422439 0.1545595 0.1254319 0.1129978 0.1317908 
S1370      0.1671905 0.1406218 0.1502170 0.1187164 0.1236084 0.1007135 0.0726938 0.0436841 0.1076519 0.1171718 0.0943402 0.1493678 0.1579564 0.1546648 0.1308829 0.0582502 0.0395981 0.0000000 0.0603490 0.0643663 0.1445286 0.1501537 0.1330953 0.0305604 0.1570720 0.1020380 0.0628681 0.1301797 0.0583751 0.1401422 0.0736132 0.1176215 0.1174922 0.1453311 0.1512437 0.1193732 0.1410975 0.1611826 0.1244399 0.1120889 0.1307344 
S1375      0.1273525 0.0922674 0.1055615 0.0866142 0.0765148 0.0706890 0.0650828 0.0600655 0.0872250 0.0708720 0.0441772 0.0977548 0.1195752 0.0990476 0.0826980 0.0456397 0.0554524 0.0603490 0.0000000 0.0552255 0.0928257 0.1022601 0.0894765 0.0461787 0.1004705 0.0664562 0.0502437 0.0928632 0.0409475 0.0919643 0.0458120 0.0982320 0.0869973 0.1061090 0.1233940 0.0722403 0.0872045 0.1157906 0.0770858 0.0799842 0.0720868 
S1381      0.1212772 0.1089700 0.1058746 0.0796081 0.0863062 0.0756699 0.0535727 0.0639748 0.0863043 0.0930389 0.0566652 0.0931307 0.1094358 0.1047830 0.1060995 0.0485733 0.0644886 0.0643663 0.0552255 0.0000000 0.1060735 0.1209492 0.1071154 0.0488986 0.1254785 0.0876649 0.0534260 0.0925634 0.0430561 0.1089309 0.0428968 0.0924396 0.0815150 0.1056296 0.1319044 0.0943279 0.1166934 0.1046906 0.1112298 0.0802788 0.1058108 
S1449      0.1490754 0.1170241 0.1260388 0.1004734 0.1056921 0.1121754 0.1417641 0.1374493 0.1051823 0.0604778 0.0893714 0.0859169 0.1079828 0.0930538 0.0878599 0.1318736 0.1258501 0.1445286 0.0928257 0.1060735 0.0000000 0.1161564 0.1000668 0.1269211 0.0559284 0.0667013 0.1235313 0.1177832 0.1195345 0.1299687 0.1070505 0.1244556 0.0887222 0.1014290 0.1357147 0.0831522 0.0815397 0.1095830 0.0945651 0.1225459 0.0717717 
S1451      0.1035113 0.0741509 0.0871201 0.0675327 0.0688496 0.1278274 0.1533083 0.1409053 0.0629274 0.1029293 0.1725924 0.1357578 0.1469115 0.1354368 0.1230299 0.1369415 0.1297705 0.1501537 0.1022601 0.1209492 0.1161564 0.0000000 0.0918675 0.1177481 0.1412626 0.0983010 0.1341026 0.0746818 0.1171655 0.0849916 0.1039515 0.1294424 0.1279905 0.1227309 0.1092600 0.1216711 0.1323927 0.1257028 0.1181089 0.1637878 0.1215400 
S1539      0.1177161 0.0790218 0.1129016 0.0836558 0.0840938 0.1014094 0.1306642 0.1249929 0.0590281 0.0836956 0.1412606 0.1166673 0.1392302 0.1174946 0.1007961 0.1155663 0.1152893 0.1330953 0.0894765 0.1071154 0.1000668 0.0918675 0.0000000 0.1037542 0.1309985 0.0905113 0.1133920 0.0898156 0.1032651 0.0892673 0.0965425 0.1254516 0.1067236 0.1026392 0.0490259 0.0957013 0.0992310 0.1090464 0.1249778 0.1196569 0.0895816 
S_670      0.1304564 0.1062999 0.1144208 0.0843350 0.0800866 0.0848769 0.0540278 0.0126834 0.0804160 0.0965935 0.0679731 0.1265271 0.1353421 0.1325445 0.1032596 0.0445787 0.0215617 0.0305604 0.0461787 0.0488986 0.1269211 0.1177481 0.1037542 0.0000000 0.1456198 0.0764863 0.0445035 0.0963303 0.0398056 0.1059521 0.0543534 0.0908075 0.0968860 0.1223337 0.1206929 0.1040503 0.1252704 0.1436421 0.1033684 0.0962214 0.1149819 
SRR8528336 0.1787647 0.1459415 0.1617560 0.1367329 0.1343517 0.1377616 0.1542736 0.1499879 0.1337843 0.0992057 0.0818097 0.0816380 0.1093623 0.1343910 0.1172373 0.1387187 0.1385427 0.1570720 0.1004705 0.1254785 0.0559284 0.1412626 0.1309985 0.1456198 0.0000000 0.0948202 0.1416758 0.1410969 0.1265289 0.1593561 0.1191561 0.1615970 0.1068563 0.1371154 0.1729644 0.0958149 0.1163689 0.1337280 0.1237948 0.1433762 0.0958355 
SRR8528341 0.0999130 0.0731673 0.1006896 0.0618536 0.0633446 0.1010809 0.1109001 0.1015181 0.0793454 0.0391928 0.0672576 0.0662510 0.0808063 0.0685484 0.0539630 0.0964009 0.1028224 0.1020380 0.0664562 0.0876649 0.0667013 0.0983010 0.0905113 0.0764863 0.0948202 0.0000000 0.0946851 0.0686439 0.0912426 0.1111198 0.0797475 0.1136241 0.0633915 0.0906194 0.1120505 0.0635724 0.0776238 0.1051501 0.0543202 0.1174748 0.0683313 
SRR8528343 0.1458211 0.1210390 0.1282915 0.1056007 0.1049183 0.0783603 0.0210314 0.0625817 0.1052963 0.0886304 0.0670530 0.1110521 0.1318694 0.1118419 0.1061656 0.0585600 0.0633034 0.0628681 0.0502437 0.0534260 0.1235313 0.1341026 0.1133920 0.0445035 0.1416758 0.0946851 0.0000000 0.1110175 0.0586864 0.1278796 0.0681837 0.0990202 0.0889004 0.1015410 0.1421112 0.1062661 0.1214276 0.1287469 0.1055175 0.0879122 0.1114685 
SRR8528347 0.0438456 0.0342845 0.0630072 0.0271566 0.0301989 0.1109752 0.1278587 0.1169306 0.0584877 0.0836793 0.1188841 0.1169287 0.1328149 0.1066730 0.0905766 0.1130946 0.1074508 0.1301797 0.0928632 0.0925634 0.1177832 0.0746818 0.0898156 0.0963303 0.1410969 0.0686439 0.1110175 0.0000000 0.1011147 0.0636941 0.0843144 0.1182033 0.0997540 0.1070033 0.0952765 0.1000997 0.1217285 0.1328415 0.1126252 0.1286884 0.1117438 
SRR8528350 0.1354620 0.1111002 0.1193761 0.0892562 0.0951459 0.0902201 0.0685232 0.0581101 0.0954852 0.0955863 0.0679974 0.1186068 0.1405436 0.1311109 0.1083355 0.0441678 0.0587783 0.0583751 0.0409475 0.0430561 0.1195345 0.1171655 0.1032651 0.0398056 0.1265289 0.0912426 0.0586864 0.1011147 0.0000000 0.1107364 0.0488233 0.1010019 0.0958740 0.1201258 0.1316449 0.1029405 0.1240310 0.1354010 0.1022035 0.1008412 0.1029068 
SRR8528354 0.0883375 0.0730314 0.1058482 0.0668469 0.0584813 0.1334329 0.1453599 0.1157115 0.0482720 0.1153723 0.1188841 0.1469883 0.1695272 0.1273456 0.1124097 0.1229122 0.1063321 0.1401422 0.0919643 0.1089309 0.1299687 0.0849916 0.0892673 0.1059521 0.1593561 0.1111198 0.1278796 0.0636941 0.1107364 0.0000000 0.1109183 0.1530752 0.1170027 0.1183798 0.0999043 0.1220413 0.1319397 0.1432832 0.1414093 0.1606444 0.1165601 
SRR8528357 0.1170039 0.0939866 0.0950585 0.0620243 0.0787054 0.0839689 0.0782008 0.0732664 0.0840683 0.0891942 0.0677858 0.1175477 0.1326863 0.1166919 0.1015062 0.0588079 0.0741392 0.0736132 0.0458120 0.0428968 0.1070505 0.1039515 0.0965425 0.0543534 0.1191561 0.0797475 0.0681837 0.0843144 0.0488233 0.1109183 0.0000000 0.0997786 0.0955270 0.1129550 0.1186890 0.0962423 0.1168569 0.1279305 0.0946546 0.0939953 0.1068708 
SRR8528359 0.1540798 0.1284516 0.1434826 0.1073613 0.1062569 0.0899537 0.1152394 0.1111931 0.1111887 0.1059571 0.1080895 0.1379816 0.1476728 0.1361973 0.1261610 0.1186020 0.1063254 0.1176215 0.0982320 0.0924396 0.1244556 0.1294424 0.1254516 0.0908075 0.1615970 0.1136241 0.0990202 0.1182033 0.1010019 0.1530752 0.0997786 0.0000000 0.1309297 0.1386490 0.1550304 0.1378284 0.1350796 0.1167866 0.1308084 0.1173985 0.1248000 
SRR8528361 0.1334557 0.1095761 0.1280108 0.0939764 0.0938937 0.1176956 0.0893031 0.1168831 0.1162752 0.0631535 0.0916653 0.0723283 0.1032084 0.0948195 0.0692350 0.0905403 0.1184069 0.1174922 0.0869973 0.0815150 0.0887222 0.1279905 0.1067236 0.0968860 0.1068563 0.0633915 0.0889004 0.0997540 0.0958740 0.1170027 0.0955270 0.1309297 0.0000000 0.0910165 0.1345367 0.0793329 0.0991171 0.1002586 0.0900817 0.1179975 0.0894812 
SRR8528365 0.1536388 0.1062417 0.1356304 0.1064056 0.1115848 0.1263853 0.1182605 0.1445124 0.0961357 0.0845758 0.1046386 0.1126610 0.1286704 0.1078896 0.1022925 0.1146834 0.1465540 0.1453311 0.1061090 0.1056296 0.1014290 0.1227309 0.1026392 0.1223337 0.1371154 0.0906194 0.1015410 0.1070033 0.1201258 0.1183798 0.1129550 0.1386490 0.0910165 0.0000000 0.1364497 0.1022852 0.1121870 0.1289569 0.1139295 0.1173255 0.1021832 
SRR8528370 0.1236334 0.0946182 0.1187846 0.1002705 0.0998634 0.1291276 0.1604623 0.1309276 0.0689199 0.1098672 0.1676040 0.1533620 0.1775463 0.1460549 0.1283411 0.1449768 0.1327163 0.1512437 0.1233940 0.1319044 0.1357147 0.1092600 0.0490259 0.1206929 0.1729644 0.1120505 0.1421112 0.0952765 0.1316449 0.0999043 0.1186890 0.1550304 0.1345367 0.1364497 0.0000000 0.1173845 0.1262428 0.1428575 0.1484461 0.1427348 0.1095835 
SRR8528372 0.1300552 0.1165945 0.1306591 0.1064281 0.1056983 0.1068166 0.1230403 0.1188829 0.0999664 0.0678101 0.1089568 0.0772574 0.0922648 0.0998087 0.0790179 0.1082494 0.1262781 0.1193732 0.0722403 0.0943279 0.0831522 0.1216711 0.0957013 0.1040503 0.0958149 0.0635724 0.1062661 0.1000997 0.1029405 0.1220413 0.0962423 0.1378284 0.0793329 0.1022852 0.1173845 0.0000000 0.0679263 0.0947643 0.0950600 0.1188297 0.0587265 
SRR8528379 0.1517028 0.1264498 0.1468081 0.1167130 0.1154488 0.1054896 0.1274283 0.1403304 0.1096201 0.0572200 0.0938394 0.0870462 0.0966622 0.0817139 0.0987194 0.1237300 0.1422439 0.1410975 0.0872045 0.1166934 0.0815397 0.1323927 0.0992310 0.1252704 0.1163689 0.0776238 0.1214276 0.1217285 0.1240310 0.1319397 0.1168569 0.1350796 0.0991171 0.1121870 0.1262428 0.0679263 0.0000000 0.0981764 0.1099229 0.1052975 0.0254868 
SRR8528384 0.1635557 0.1430859 0.1530212 0.1282409 0.1263607 0.1289349 0.1463777 0.1661572 0.1191839 0.0878107 0.1075743 0.0714502 0.0965260 0.1160495 0.0998692 0.1486682 0.1545595 0.1611826 0.1157906 0.1046906 0.1095830 0.1257028 0.1090464 0.1436421 0.1337280 0.1051501 0.1287469 0.1328415 0.1354010 0.1432832 0.1279305 0.1167866 0.1002586 0.1289569 0.1428575 0.0947643 0.0981764 0.0000000 0.1404411 0.1174483 0.0886277 
SRR8528389 0.1480643 0.1173991 0.1415800 0.1071896 0.1011398 0.1232094 0.1221536 0.1181819 0.1125462 0.0585572 0.1174727 0.0938115 0.1146906 0.0838640 0.0846951 0.1131819 0.1254319 0.1244399 0.0770858 0.1112298 0.0945651 0.1181089 0.1249778 0.1033684 0.1237948 0.0543202 0.1055175 0.1126252 0.1022035 0.1414093 0.0946546 0.1308084 0.0900817 0.1139295 0.1484461 0.0950600 0.1099229 0.1404411 0.0000000 0.1424758 0.1001423 
SRR8528391 0.1543512 0.1394230 0.1556164 0.1248121 0.1287076 0.0828099 0.1045392 0.1003218 0.1292192 0.0931976 0.0430365 0.1060764 0.1280340 0.1235731 0.1297264 0.0951398 0.1129978 0.1120889 0.0799842 0.0802788 0.1225459 0.1637878 0.1196569 0.0962214 0.1433762 0.1174748 0.0879122 0.1286884 0.1008412 0.1606444 0.0939953 0.1173985 0.1179975 0.1173255 0.1427348 0.1188297 0.1052975 0.1174483 0.1424758 0.0000000 0.1004696 
SRR8528400 0.1413061 0.1164789 0.1363931 0.1063184 0.1055945 0.0956821 0.1283927 0.1300299 0.0998691 0.0483020 0.0812573 0.0771807 0.0867846 0.0724750 0.0891160 0.1135638 0.1317908 0.1307344 0.0720868 0.1058108 0.0717717 0.1215400 0.0895816 0.1149819 0.0958355 0.0683313 0.1114685 0.1117438 0.1029068 0.1165601 0.1068708 0.1248000 0.0894812 0.1021832 0.1095835 0.0587265 0.0254868 0.0886277 0.1001423 0.1004696 0.0000000 
