91
PAFTOL_019361 0.0000000 0.1944253 0.1847973 0.2965507 0.1936784 0.2596463 0.2056648 0.1823001 0.2939790 0.3294273 0.2441064 0.2264318 0.2168839 0.2141595 0.1824560 0.2238140 0.1913851 0.1766957 0.2930207 0.2030083 0.3019132 0.1809109 0.2357926 0.1772190 0.2196003 0.2911094 0.2072666 0.2456722 0.1897385 0.2880328 0.1984247 0.1803143 0.2037064 0.1840622 0.2938091 0.1877492 0.2201602 0.2419004 0.2703542 0.3097747 0.2889035 0.2903406 0.1927712 0.2905658 0.2574300 0.2976602 0.2955704 0.2882333 0.2777355 0.1977365 0.3090766 0.2988145 0.2220429 0.1829058 0.2679772 0.3003287 0.1859618 0.2169404 0.2585307 0.2377464 0.2503649 0.2478176 0.1874260 0.2318843 0.2858447 0.2591004 0.1959192 0.1816334 0.2046711 0.2180997 0.1860067 0.2440379 0.2413278 0.2256688 0.1968675 0.1974024 0.2281891 0.2135175 0.1751374 0.1900467 0.1890895 0.1738593 0.2343919 0.2267096 0.2341244 0.2441344 0.3838909 0.1976349 0.2151281 0.1799247 0.2174973 
S0055         0.1944253 0.0000000 0.0405777 0.1070145 0.0323417 0.0886819 0.0419103 0.0514030 0.1505461 0.1738798 0.1097970 0.0936107 0.0700445 0.0254591 0.0195303 0.0788770 0.0404521 0.0503845 0.1212258 0.0796396 0.1298668 0.0443606 0.0730062 0.0408080 0.0802596 0.1628733 0.0645981 0.1102484 0.0279350 0.1202517 0.0447846 0.0236325 0.0489399 0.0507525 0.1067767 0.0800716 0.1371917 0.0778353 0.1143628 0.1116937 0.1115058 0.1246382 0.0365747 0.1403106 0.1156474 0.1699069 0.1135057 0.0994262 0.1767846 0.0447213 0.1760519 0.1378312 0.0955740 0.0543267 0.1043151 0.1694070 0.0325021 0.0640570 0.0796142 0.1068458 0.1167488 0.1168639 0.0234450 0.1001484 0.1383701 0.1133594 0.0414837 0.0194727 0.0194582 0.1065042 0.0486590 0.1162168 0.0936949 0.0630808 0.0446108 0.0278642 0.0583984 0.0691548 0.0195579 0.0410226 0.0323322 0.0361844 0.0993907 0.1086695 0.0822343 0.0786726 0.2174923 0.0539690 0.0790112 0.0453703 0.0691516 
S0196sl       0.1847973 0.0405777 0.0000000 0.0670278 0.0414808 0.0645129 0.0568198 0.0615843 0.1384006 0.1458434 0.0992142 0.0854042 0.0712665 0.0393540 0.0198292 0.0794472 0.0000029 0.0512244 0.1182739 0.0713692 0.1215005 0.0581963 0.0793794 0.0502468 0.0339405 0.1242403 0.0796280 0.0996086 0.0411303 0.1040210 0.0038677 0.0323190 0.0077550 0.0080409 0.0984044 0.0381014 0.1174617 0.0508060 0.1094425 0.1078274 0.1135604 0.1196722 0.0547376 0.1036076 0.0903446 0.1546543 0.1097574 0.1013664 0.1378159 0.0038639 0.1367835 0.1455208 0.0814191 0.0597540 0.0696459 0.1304244 0.0330213 0.0655410 0.0520069 0.1036187 0.1059313 0.1060298 0.0238045 0.0859355 0.1222312 0.0784902 0.0510601 0.0197704 0.0534032 0.0886561 0.0404464 0.0804678 0.0645430 0.0687449 0.0038565 0.0367523 0.0593649 0.0609604 0.0322431 0.0371585 0.0414596 0.0497344 0.1004979 0.1005194 0.0837270 0.0513856 0.2145662 0.0284501 0.0613386 0.0505492 0.0422908 
S0281         0.2965507 0.1070145 0.0670278 0.0000000 0.1203284 0.1107345 0.1423817 0.1346784 0.1691287 0.1921549 0.1403199 0.1259921 0.1494384 0.1162067 0.0919174 0.1540917 0.0667926 0.1102981 0.1787966 0.1546691 0.1711644 0.1364691 0.1573795 0.1168910 0.1016152 0.2095492 0.1632314 0.1351685 0.1146195 0.1433883 0.0717503 0.1076971 0.0763351 0.0793746 0.1534708 0.1119913 0.2011245 0.1165239 0.1696004 0.1847908 0.1708834 0.1805231 0.1258481 0.1821370 0.1905839 0.2237416 0.1665369 0.1503297 0.2244381 0.0716214 0.1950149 0.2177803 0.1414295 0.1216917 0.1241417 0.2172590 0.1100067 0.1233104 0.1157354 0.1538510 0.1484265 0.1486045 0.0964400 0.1555021 0.1862417 0.1348133 0.1327818 0.0915787 0.1190168 0.1442242 0.0900108 0.1164545 0.1181303 0.1214404 0.0677484 0.1136422 0.1089256 0.1101870 0.1028651 0.0961042 0.0929622 0.1138071 0.1574794 0.1378256 0.1394339 0.1177913 0.2343975 0.0932902 0.1109457 0.1214093 0.1068202 
S0282         0.1936784 0.0323417 0.0414808 0.1203284 0.0000000 0.1110244 0.0377782 0.0383468 0.1604797 0.1721170 0.1232987 0.1008396 0.0814737 0.0209905 0.0199480 0.0856281 0.0413491 0.0607400 0.1187325 0.0766862 0.1384616 0.0497033 0.0799141 0.0455172 0.0822123 0.1624606 0.0826522 0.1238368 0.0327808 0.1251140 0.0405875 0.0241424 0.0457044 0.0519285 0.1100562 0.0771112 0.1405785 0.0749133 0.1117966 0.1152564 0.1089587 0.1222282 0.0373901 0.1333218 0.1130471 0.1803322 0.1170214 0.1085679 0.1767754 0.0414230 0.1760207 0.1618357 0.0928130 0.0657909 0.1173033 0.1691827 0.0332250 0.0659584 0.0670453 0.1102143 0.1259956 0.1308345 0.0239466 0.1078442 0.1474890 0.1265578 0.0424242 0.0198885 0.0450340 0.1192444 0.0585842 0.1298102 0.1109944 0.0691746 0.0456023 0.0284731 0.0689050 0.0852348 0.0240874 0.0508149 0.0417143 0.0500384 0.1124229 0.1061422 0.0996241 0.0757393 0.2501928 0.0642732 0.0857821 0.0599255 0.0613474 
S0292         0.2596463 0.0886819 0.0645129 0.1107345 0.1110244 0.0000000 0.1318425 0.0991663 0.1772236 0.1981362 0.1430601 0.1085794 0.1162836 0.0958188 0.0839700 0.1306939 0.0698741 0.1024170 0.1153827 0.1150201 0.1520482 0.1297580 0.1628670 0.1001400 0.0906100 0.1739285 0.1047592 0.1315568 0.1099795 0.1229356 0.0747653 0.0990503 0.0697891 0.0823611 0.1069381 0.1112920 0.1806352 0.0674294 0.1002052 0.1162691 0.1221289 0.1156573 0.0999058 0.1500460 0.1360800 0.1764871 0.1015935 0.0929477 0.1882229 0.0746312 0.1877650 0.1343869 0.1162565 0.0853166 0.0273898 0.1808010 0.0951174 0.1016093 0.0793108 0.1432397 0.1509151 0.1510908 0.0787741 0.1392462 0.1234927 0.0232999 0.0983716 0.0836738 0.1032074 0.0670225 0.0790865 0.0319812 0.0076375 0.0831951 0.0744085 0.0992100 0.0490465 0.0838103 0.0987425 0.0912254 0.0848983 0.0886995 0.1215946 0.1240880 0.0866257 0.0681603 0.2282361 0.0634988 0.0941356 0.0908982 0.0495695 
S0293         0.2056648 0.0419103 0.0568198 0.1423817 0.0377782 0.1318425 0.0000000 0.0635559 0.1831967 0.1990574 0.1366330 0.1056675 0.0928940 0.0354297 0.0336097 0.0942162 0.0566269 0.0778329 0.1461473 0.0848970 0.1617780 0.0546149 0.0917889 0.0517953 0.1012579 0.2023311 0.0991206 0.1372613 0.0420098 0.1442929 0.0555267 0.0381455 0.0612387 0.0684632 0.1313650 0.0957002 0.1383783 0.1030928 0.1395641 0.1427504 0.1411965 0.1563724 0.0569578 0.1693924 0.1311721 0.2031782 0.1372197 0.1268279 0.2118819 0.0566983 0.2171860 0.1775190 0.1234788 0.0800205 0.1388415 0.2097575 0.0438191 0.0865765 0.1055115 0.1354456 0.1444532 0.1446197 0.0378132 0.1160444 0.1672965 0.1484004 0.0537247 0.0335024 0.0603326 0.1403255 0.0749059 0.1523327 0.1317621 0.0895593 0.0611234 0.0428579 0.0862169 0.1040498 0.0329182 0.0669241 0.0571340 0.0508070 0.1344531 0.1219278 0.1202254 0.1042081 0.2761011 0.0812331 0.1047540 0.0702501 0.0861057 
S0294         0.1823001 0.0514030 0.0615843 0.1346784 0.0383468 0.0991663 0.0635559 0.0000000 0.1500902 0.1474370 0.1207375 0.0946889 0.0911574 0.0405131 0.0380515 0.0749353 0.0611207 0.0622455 0.1161748 0.0756705 0.1225725 0.0605299 0.0932215 0.0611503 0.0766203 0.1660743 0.0847382 0.1155872 0.0521405 0.1056151 0.0611207 0.0426570 0.0656869 0.0675970 0.1076879 0.0712504 0.1440045 0.0832584 0.1038594 0.1070383 0.1066233 0.1190992 0.0251671 0.1491092 0.0973332 0.1693691 0.1087078 0.1048966 0.1806436 0.0611207 0.1799773 0.1401165 0.0764434 0.0825355 0.1058420 0.1720327 0.0432059 0.0828499 0.0708682 0.1179177 0.1233512 0.1281429 0.0422802 0.1177403 0.1170534 0.1092247 0.0461191 0.0379286 0.0555228 0.0921392 0.0798174 0.1057616 0.0999059 0.0752236 0.0659046 0.0474495 0.0783590 0.0694443 0.0425480 0.0618959 0.0566233 0.0560275 0.0946583 0.0999167 0.0855445 0.0841524 0.2006400 0.0736059 0.0698756 0.0817807 0.0700626 
S0303         0.2939790 0.1505461 0.1384006 0.1691287 0.1604797 0.1772236 0.1831967 0.1500902 0.0000000 0.1166342 0.0355213 0.1629756 0.1659904 0.1584314 0.1507788 0.1855940 0.1469556 0.1706401 0.1893022 0.1735274 0.1150315 0.1658742 0.1076679 0.1483568 0.1699047 0.2922150 0.1737842 0.0450328 0.1579147 0.2187208 0.1456835 0.1543434 0.1449578 0.1662546 0.1635738 0.1594131 0.1508141 0.1501874 0.1895307 0.1771612 0.1767443 0.1949894 0.1449577 0.2474279 0.1042605 0.1742038 0.1440719 0.1281695 0.2933148 0.1392035 0.2744435 0.2367776 0.1555529 0.1260112 0.1737502 0.2942008 0.1613812 0.1502575 0.1552021 0.1014449 0.0356538 0.0407549 0.1558824 0.1028843 0.2328625 0.1863186 0.1564006 0.1501055 0.1714809 0.1839717 0.1581154 0.2202267 0.1743488 0.1475779 0.1489673 0.1528686 0.1413260 0.1550800 0.1437808 0.1503671 0.1421269 0.1432853 0.1902564 0.1679989 0.1600834 0.1585362 0.2606869 0.1367409 0.1562600 0.1415287 0.1519278 
S0308         0.3294273 0.1738798 0.1458434 0.1921549 0.1721170 0.1981362 0.1990574 0.1474370 0.1166342 0.0000000 0.0683600 0.1666849 0.1788791 0.1537893 0.1564123 0.1900102 0.1452189 0.1588797 0.1940858 0.1784395 0.0982555 0.1742756 0.2355059 0.1578922 0.1551498 0.3257363 0.1949241 0.0784331 0.1647937 0.1548642 0.1440254 0.1599433 0.1433477 0.1633687 0.1858882 0.1527998 0.1452220 0.1771890 0.1944686 0.1997719 0.1802218 0.2066103 0.1625085 0.2713390 0.0851422 0.1057247 0.1680212 0.1590578 0.3408349 0.1378966 0.3081817 0.2461402 0.1617052 0.1737297 0.1888287 0.3250217 0.1667295 0.1967831 0.1821177 0.0719691 0.0742659 0.0743204 0.1613021 0.0995040 0.1931937 0.2005530 0.1650595 0.1557387 0.1779468 0.1879494 0.1754600 0.2271266 0.1832466 0.1984560 0.1471098 0.1703969 0.1702990 0.1509736 0.1509244 0.1476065 0.1595078 0.1813262 0.1675292 0.1842043 0.1777045 0.1613086 0.2857229 0.1468238 0.1520508 0.1932530 0.1677891 
S0322         0.2441064 0.1097970 0.0992142 0.1403199 0.1232987 0.1430601 0.1366330 0.1207375 0.0355213 0.0683600 0.0000000 0.1202591 0.1222527 0.1138058 0.1099552 0.1391681 0.1061469 0.1252973 0.1573026 0.1286231 0.0626403 0.1224492 0.1685714 0.1127649 0.1260146 0.2392842 0.1345506 0.0078147 0.1159855 0.1675333 0.1052912 0.1123564 0.1048659 0.1214748 0.1372053 0.1178033 0.0917102 0.1149102 0.1575762 0.1483686 0.1533746 0.1688292 0.1157828 0.1943254 0.0543221 0.1077313 0.1211465 0.1067118 0.2418692 0.0998364 0.2241333 0.2078832 0.1276495 0.1034169 0.1463358 0.2386079 0.1183265 0.1136929 0.1285029 0.0500053 0.0039239 0.0039250 0.1145827 0.0528869 0.1837776 0.1560005 0.1255409 0.1095323 0.1274932 0.1496378 0.1266867 0.1671686 0.1401067 0.1118107 0.1075963 0.1112892 0.1126065 0.1138896 0.1041603 0.1084374 0.1028956 0.1095279 0.1534884 0.1367108 0.1169998 0.1161469 0.2438217 0.0981380 0.1146643 0.1181802 0.1159697 
S0335         0.2264318 0.0936107 0.0854042 0.1259921 0.1008396 0.1085794 0.1056675 0.0946889 0.1629756 0.1666849 0.1202591 0.0000000 0.0835875 0.0942513 0.0888686 0.0890976 0.0850975 0.0755376 0.1096302 0.0850483 0.1422047 0.1135159 0.1687834 0.0898444 0.0747433 0.2079521 0.1250807 0.1207727 0.1049801 0.1180617 0.0844404 0.0838792 0.0841387 0.0924649 0.0960358 0.0838191 0.1342349 0.0736575 0.1199459 0.1109372 0.1115908 0.1132629 0.1010135 0.1730217 0.1325984 0.1476571 0.1179699 0.1094080 0.2094831 0.0794709 0.2229239 0.1629308 0.0643330 0.0896998 0.1211292 0.2154466 0.0862368 0.0865753 0.1055804 0.1111381 0.1274937 0.1276270 0.0932486 0.1167440 0.0757371 0.1258970 0.0873076 0.0885523 0.1082262 0.1128157 0.0936288 0.1291322 0.1103583 0.0852024 0.0897497 0.0898640 0.0913557 0.0535295 0.0938909 0.0962948 0.0957484 0.0942584 0.0907236 0.0365176 0.0863747 0.0744643 0.2273945 0.0828749 0.0538421 0.0845787 0.0945344 
S0376         0.2168839 0.0700445 0.0712665 0.1494384 0.0814737 0.1162836 0.0928940 0.0911574 0.1659904 0.1788791 0.1222527 0.0835875 0.0000000 0.0696337 0.0701477 0.0798438 0.0710160 0.0518102 0.1342320 0.0855211 0.1451094 0.0843870 0.1330969 0.0709271 0.0911730 0.2093000 0.1000567 0.1227857 0.0648548 0.1107749 0.0704658 0.0752236 0.0702259 0.0779191 0.1188116 0.0900090 0.1508814 0.0835561 0.1269515 0.1244148 0.1236868 0.1376086 0.0914733 0.1678947 0.1156788 0.1874221 0.1213346 0.1072204 0.2239035 0.0656295 0.2243835 0.1579466 0.0902716 0.0804058 0.1227323 0.2168528 0.0703727 0.0921021 0.0960272 0.1200803 0.1296429 0.1297818 0.0745038 0.1109531 0.1269251 0.1214967 0.0843162 0.0699048 0.0890529 0.1193577 0.0795678 0.1246488 0.1010113 0.0906315 0.0756219 0.0805467 0.0828522 0.0735036 0.0651495 0.0769316 0.0764908 0.0653827 0.1039818 0.0919707 0.0986099 0.0844590 0.2102261 0.0785498 0.0739596 0.0375680 0.0851623 
S0400         0.2141595 0.0254591 0.0393540 0.1162067 0.0209905 0.0958188 0.0354297 0.0405131 0.1584314 0.1537893 0.1138058 0.0942513 0.0696337 0.0000000 0.0168025 0.0805011 0.0392229 0.0534293 0.1168390 0.0708926 0.1174312 0.0388826 0.0797353 0.0389883 0.0821663 0.1736191 0.0810643 0.1197971 0.0255389 0.1228105 0.0384639 0.0211880 0.0347056 0.0502780 0.1020180 0.0767868 0.1372645 0.0789558 0.1097770 0.1002559 0.1069286 0.1204345 0.0394515 0.1421168 0.1112670 0.1666888 0.0981873 0.0894596 0.1886571 0.0393002 0.1881870 0.1537251 0.1040905 0.0686413 0.1075937 0.1808541 0.0260413 0.0701586 0.0746582 0.1033194 0.1213594 0.1214907 0.0124766 0.1018668 0.1359539 0.1116954 0.0403042 0.0167501 0.0341592 0.1071223 0.0573348 0.1204282 0.0958161 0.0681141 0.0390648 0.0257127 0.0634304 0.0853527 0.0211377 0.0443829 0.0395895 0.0483485 0.1003918 0.1115478 0.0892012 0.0798593 0.2457889 0.0586037 0.0859304 0.0587156 0.0746552 
S0405         0.1824560 0.0195303 0.0198292 0.0919174 0.0199480 0.0839700 0.0336097 0.0380515 0.1507788 0.1564123 0.1099552 0.0888686 0.0701477 0.0168025 0.0000000 0.0742605 0.0197704 0.0460308 0.1050065 0.0655553 0.1246898 0.0359960 0.0537399 0.0366098 0.0567210 0.1406491 0.0700104 0.1104089 0.0197866 0.1122933 0.0238758 0.0116605 0.0279153 0.0289483 0.0917487 0.0565943 0.1264721 0.0640624 0.1034991 0.1065019 0.1009491 0.1135793 0.0324054 0.1192023 0.1097817 0.1640977 0.1084423 0.1001402 0.1547556 0.0238477 0.1534585 0.1452535 0.0907401 0.0544057 0.0895376 0.1469774 0.0200571 0.0599430 0.0655490 0.1076302 0.1169191 0.1170346 0.0038181 0.0949354 0.1267917 0.0985506 0.0286882 0.0000029 0.0316477 0.0920425 0.0444644 0.1010438 0.0839819 0.0631712 0.0237948 0.0157126 0.0453132 0.0646244 0.0116359 0.0368064 0.0282023 0.0362385 0.0993574 0.1038256 0.0873211 0.0647705 0.2272949 0.0410073 0.0650215 0.0454371 0.0554778 
S0412sl       0.2238140 0.0788770 0.0794472 0.1540917 0.0856281 0.1306939 0.0942162 0.0749353 0.1855940 0.1900102 0.1391681 0.0890976 0.0798438 0.0805011 0.0742605 0.0000000 0.0791688 0.0811254 0.1415956 0.0791359 0.1486733 0.0841981 0.1367934 0.0558102 0.0949977 0.1738824 0.0878957 0.1398048 0.0897271 0.1341257 0.0785674 0.0745887 0.0782972 0.0920871 0.1164790 0.0840755 0.1370920 0.0972413 0.1354068 0.1281391 0.1370517 0.1457163 0.0803919 0.1563929 0.1353424 0.2002230 0.1394884 0.1313560 0.1947110 0.0737358 0.1875513 0.1873865 0.0900442 0.0899652 0.1373910 0.1874462 0.0908441 0.1175961 0.1101935 0.1320965 0.1469556 0.1471247 0.0785859 0.1343693 0.1444851 0.1465839 0.0822816 0.0740042 0.0740166 0.1336013 0.0781193 0.1394244 0.1256043 0.1157403 0.0742438 0.0846738 0.0964149 0.0883803 0.0791131 0.0811251 0.0750647 0.0692504 0.0993456 0.1091687 0.1068829 0.0982561 0.2257344 0.0817870 0.0889424 0.0808120 0.0991106 
S0419         0.1913851 0.0404521 0.0000029 0.0667926 0.0413491 0.0698741 0.0566269 0.0611207 0.1469556 0.1452189 0.1061469 0.0850975 0.0710160 0.0392229 0.0197704 0.0791688 0.0000000 0.0510548 0.1177984 0.0711186 0.1210194 0.0580076 0.0790847 0.0500841 0.0338309 0.1237159 0.0853575 0.1065842 0.0410010 0.1135424 0.0038567 0.0322200 0.0077330 0.0080171 0.0980336 0.0426111 0.1227463 0.0506391 0.1160641 0.1133844 0.1131233 0.1264986 0.0545587 0.1031969 0.0966795 0.1604959 0.1151776 0.1068058 0.1379186 0.0038530 0.1361930 0.1531090 0.0811276 0.0595550 0.0751655 0.1292169 0.0329184 0.0653154 0.0518319 0.1036965 0.1131126 0.1132236 0.0237331 0.0909835 0.1292669 0.0841340 0.0508926 0.0197112 0.0532333 0.0883400 0.0403215 0.0862740 0.0699008 0.0685119 0.0038457 0.0366383 0.0591686 0.0607523 0.0321446 0.0415540 0.0413281 0.0495752 0.1001090 0.1001500 0.0834175 0.0512153 0.2211055 0.0283628 0.0611285 0.0503843 0.0421535 
S0427         0.1766957 0.0503845 0.0512244 0.1102981 0.0607400 0.1024170 0.0778329 0.0622455 0.1706401 0.1588797 0.1252973 0.0755376 0.0518102 0.0534293 0.0460308 0.0811254 0.0510548 0.0000000 0.1187139 0.0827877 0.1341771 0.0684825 0.1019021 0.0418856 0.0768361 0.1700171 0.0666539 0.1258610 0.0559637 0.1141654 0.0556929 0.0506665 0.0600803 0.0571000 0.1040661 0.0864866 0.1573425 0.0808432 0.1117425 0.1089698 0.1088925 0.1222288 0.0604620 0.1461377 0.1260872 0.1623064 0.1108933 0.1024106 0.1844638 0.0556055 0.1839019 0.1224899 0.0768781 0.0703441 0.1086024 0.1769088 0.0517737 0.0815230 0.0934514 0.1107541 0.1329301 0.1330779 0.0502179 0.1226196 0.1065964 0.1180013 0.0711599 0.0458824 0.0544368 0.0844677 0.0593753 0.1210893 0.1024023 0.0802279 0.0554536 0.0555021 0.0698742 0.0608622 0.0463684 0.0424976 0.0464863 0.0414520 0.0847198 0.1009543 0.0898351 0.0817412 0.2384798 0.0655641 0.0612393 0.0326946 0.0718153 
S0552sl       0.2930207 0.1212258 0.1182739 0.1787966 0.1187325 0.1153827 0.1461473 0.1161748 0.1893022 0.1940858 0.1573026 0.1096302 0.1342320 0.1168390 0.1050065 0.1415956 0.1177984 0.1187139 0.0000000 0.1172307 0.1585376 0.1558471 0.1936802 0.1095867 0.1266305 0.2352110 0.1295541 0.1580690 0.1341904 0.0365555 0.1168401 0.1220379 0.1163437 0.1340066 0.0638978 0.1305844 0.1885858 0.0923739 0.0280259 0.0810715 0.0155603 0.0239874 0.1153010 0.1906407 0.1218792 0.1912386 0.0642545 0.0561924 0.2500254 0.1111798 0.2512161 0.1179179 0.1296780 0.1068853 0.1220026 0.2366160 0.1178449 0.1114431 0.1164419 0.1688743 0.1608568 0.1658603 0.1155448 0.1654121 0.1510473 0.1263586 0.1210875 0.1104181 0.1373392 0.0900298 0.1105439 0.1464222 0.1153418 0.0973714 0.1228719 0.1283715 0.0924967 0.1269255 0.1216090 0.1249193 0.1087213 0.1263474 0.1249856 0.1096222 0.0948831 0.0933954 0.2270231 0.1198879 0.1155837 0.1245642 0.0989161 
S0558         0.2030083 0.0796396 0.0713692 0.1546691 0.0766862 0.1150201 0.0848970 0.0756705 0.1735274 0.1784395 0.1286231 0.0850483 0.0855211 0.0708926 0.0655553 0.0791359 0.0711186 0.0827877 0.1172307 0.0000000 0.1423032 0.0948310 0.1398696 0.0662836 0.0978692 0.1533171 0.1106231 0.1291966 0.0808115 0.1262100 0.0705683 0.0658416 0.0703280 0.0838414 0.1040148 0.0965902 0.1114970 0.0828069 0.1115201 0.0983661 0.1136390 0.1212991 0.0759602 0.1199665 0.1313347 0.1684606 0.1156266 0.1075688 0.1557367 0.0657353 0.1664410 0.1482346 0.1019851 0.0810165 0.1213422 0.1598134 0.0618943 0.0906462 0.0852584 0.1198617 0.1361900 0.1363407 0.0698927 0.1022389 0.1519624 0.1305300 0.0795996 0.0653304 0.0939844 0.1231771 0.0892974 0.1232150 0.1149817 0.0877933 0.0757190 0.0758038 0.0876924 0.0892302 0.0703590 0.0819278 0.0717490 0.0801820 0.1276432 0.1102140 0.0924969 0.0836926 0.2235491 0.0732071 0.0898034 0.0816112 0.0843776 
S0616         0.3019132 0.1298668 0.1215005 0.1711644 0.1384616 0.1520482 0.1617780 0.1225725 0.1150315 0.0982555 0.0626403 0.1422047 0.1451094 0.1174312 0.1246898 0.1486733 0.1210194 0.1341771 0.1585376 0.1423032 0.0000000 0.1408257 0.2083830 0.1346472 0.1583106 0.2555579 0.1656613 0.0724655 0.1273107 0.1872031 0.1200563 0.1273807 0.1195516 0.1370444 0.1742396 0.1559452 0.1249661 0.1230876 0.1725818 0.1751318 0.1678766 0.1842026 0.1373289 0.2166795 0.0838060 0.1166498 0.1290348 0.1264796 0.2785550 0.1144720 0.2541298 0.2325474 0.1442391 0.1402931 0.1472895 0.2631744 0.1212213 0.1413477 0.1367341 0.0627047 0.0683384 0.0683854 0.1293011 0.0783980 0.1912884 0.1655871 0.1404239 0.1242024 0.1339489 0.1450942 0.1417576 0.1769991 0.1497159 0.1319708 0.1226073 0.1262178 0.1271584 0.1269950 0.1196247 0.1218603 0.1329653 0.1428458 0.1709949 0.1545620 0.1417355 0.1243709 0.2531712 0.1125751 0.1160886 0.1456847 0.1241985 
S0641         0.1809109 0.0443606 0.0581963 0.1364691 0.0497033 0.1297580 0.0546149 0.0605299 0.1658742 0.1742756 0.1224492 0.1135159 0.0843870 0.0388826 0.0359960 0.0841981 0.0580076 0.0684825 0.1558471 0.0948310 0.1408257 0.0000000 0.0880032 0.0585361 0.1005922 0.1779523 0.0699040 0.1339156 0.0404558 0.1453695 0.0625679 0.0317933 0.0668391 0.0693368 0.1276441 0.1003405 0.1452034 0.1073701 0.1481476 0.1289213 0.1443028 0.1465577 0.0630690 0.1599533 0.1377478 0.1930654 0.1251245 0.1218980 0.1920715 0.0624684 0.1917172 0.1440598 0.1158659 0.0673820 0.1258185 0.1847949 0.0499186 0.0737309 0.1097716 0.1100137 0.1298005 0.1299389 0.0400044 0.1126053 0.1612555 0.1455597 0.0594454 0.0358857 0.0440405 0.1266001 0.0754593 0.1384178 0.1247008 0.0767826 0.0534857 0.0448559 0.0769320 0.0977423 0.0317194 0.0496646 0.0585013 0.0576216 0.1258647 0.1405087 0.1135356 0.1084748 0.2510627 0.0677151 0.0983674 0.0585634 0.0929316 
S0643         0.2357926 0.0730062 0.0793794 0.1573795 0.0799141 0.1628670 0.0917889 0.0932215 0.1076679 0.2355059 0.1685714 0.1687834 0.1330969 0.0797353 0.0537399 0.1367934 0.0790847 0.1019021 0.1936802 0.1398696 0.2083830 0.0880032 0.0000000 0.0839426 0.1224215 0.2350512 0.1264962 0.1694618 0.0686902 0.2417646 0.0843608 0.0685192 0.0891519 0.0928276 0.1669240 0.1220606 0.1973382 0.1304264 0.1904551 0.1886593 0.1848986 0.2030752 0.0844456 0.2053341 0.1962570 0.2645702 0.1884729 0.1727106 0.2502281 0.0841917 0.2514526 0.2312089 0.1583409 0.1116695 0.1710814 0.2433203 0.0802046 0.1197499 0.1298203 0.1834696 0.1776747 0.1779162 0.0582131 0.1591765 0.2231632 0.1732897 0.0915595 0.0535531 0.0928684 0.1657518 0.1093151 0.1861066 0.1626878 0.1224328 0.0839171 0.0739482 0.1117045 0.1377869 0.0582496 0.1010942 0.0840272 0.0776893 0.1807371 0.1799263 0.1618184 0.1379323 0.3008033 0.1061592 0.1387948 0.1007453 0.1263824 
S0689         0.1772190 0.0408080 0.0502468 0.1168910 0.0455172 0.1001400 0.0517953 0.0611503 0.1483568 0.1578922 0.1127649 0.0898444 0.0709271 0.0389883 0.0366098 0.0558102 0.0500841 0.0418856 0.1095867 0.0662836 0.1346472 0.0585361 0.0839426 0.0000000 0.0862814 0.1451401 0.0564021 0.1132440 0.0501224 0.1037956 0.0498890 0.0410288 0.0542146 0.0611431 0.1070412 0.0807814 0.1367008 0.0737698 0.1030258 0.1073378 0.1004967 0.1130627 0.0501331 0.1174173 0.1163159 0.1605606 0.1137930 0.1055022 0.1591870 0.0498890 0.1580055 0.1578072 0.0810041 0.0597589 0.1061286 0.1514995 0.0507772 0.0797988 0.0860242 0.1172062 0.1199541 0.1200771 0.0406806 0.1146496 0.1268842 0.1153016 0.0604654 0.0364958 0.0450194 0.1033138 0.0494540 0.1078356 0.1001297 0.0785582 0.0455876 0.0456219 0.0684752 0.0747333 0.0409283 0.0419298 0.0369548 0.0239444 0.0892444 0.0940327 0.0824296 0.0748859 0.2481524 0.0642589 0.0752031 0.0505614 0.0703329 
S0720         0.2196003 0.0802596 0.0339405 0.1016152 0.0822123 0.0906100 0.1012579 0.0766203 0.1699047 0.1551498 0.1260146 0.0747433 0.0911730 0.0821663 0.0567210 0.0949977 0.0338309 0.0768361 0.1266305 0.0978692 0.1583106 0.1005922 0.1224215 0.0862814 0.0000000 0.1636335 0.1157298 0.1265649 0.0814484 0.1166829 0.0383113 0.0711130 0.0426450 0.0393046 0.1119524 0.0240402 0.1443849 0.0799906 0.1305192 0.1280683 0.1271973 0.1410815 0.0806493 0.1401634 0.1149200 0.1795913 0.1294795 0.1212474 0.1780896 0.0382579 0.1773612 0.1568642 0.0858178 0.0972607 0.0964342 0.1704393 0.0726748 0.0883705 0.0818675 0.1163615 0.1334229 0.1335669 0.0610621 0.1116593 0.1294140 0.1056543 0.0648769 0.0565289 0.0947137 0.1133377 0.0799882 0.1083795 0.0906143 0.0913751 0.0381613 0.0764006 0.0788061 0.0706057 0.0709091 0.0825808 0.0695408 0.0853932 0.1022524 0.0903275 0.0759312 0.0808718 0.2465144 0.0553622 0.0710521 0.0814238 0.0710482 
S0735         0.2911094 0.1628733 0.1242403 0.2095492 0.1624606 0.1739285 0.2023311 0.1660743 0.2922150 0.3257363 0.2392842 0.2079521 0.2093000 0.1736191 0.1406491 0.1738824 0.1237159 0.1700171 0.2352110 0.1533171 0.2555579 0.1779523 0.2350512 0.1451401 0.1636335 0.0000000 0.2032630 0.2242853 0.1728243 0.2493815 0.1298623 0.1532146 0.1350511 0.1409211 0.2146684 0.1753615 0.2750937 0.1565475 0.2020207 0.2047232 0.2242400 0.2161449 0.1713149 0.0287512 0.2378182 0.3179199 0.2369812 0.2205601 0.0244755 0.1295157 0.0078237 0.2767871 0.2039099 0.1781362 0.1828620 0.0120485 0.1626532 0.1811724 0.1972073 0.2632835 0.2454013 0.2511408 0.1456007 0.2333680 0.2533119 0.2153701 0.1892743 0.1400468 0.1685595 0.1820156 0.1561252 0.1962780 0.1859239 0.1756282 0.1176550 0.1543791 0.1597562 0.1849105 0.1585741 0.1630827 0.1479434 0.1505587 0.2060215 0.2214955 0.1804620 0.1657992 0.3292915 0.1463046 0.1941050 0.1750388 0.1533443 
S0742         0.2072666 0.0645981 0.0796280 0.1632314 0.0826522 0.1047592 0.0991206 0.0847382 0.1737842 0.1949241 0.1345506 0.1250807 0.1000567 0.0810643 0.0700104 0.0878957 0.0853575 0.0666539 0.1295541 0.1106231 0.1656613 0.0699040 0.1264962 0.0564021 0.1157298 0.2032630 0.0000000 0.1351838 0.0805480 0.1384106 0.0904862 0.0750686 0.0950981 0.0988486 0.1336898 0.1271195 0.1727634 0.1080138 0.1302152 0.1294598 0.1418769 0.1407271 0.0724425 0.1767709 0.1421310 0.1829264 0.1232783 0.1091711 0.2178981 0.0903062 0.2182188 0.1388028 0.1238979 0.0713844 0.1108151 0.2107413 0.0865015 0.0995367 0.1296532 0.1304007 0.1355663 0.1427211 0.0743536 0.1369037 0.1350810 0.1199405 0.0975308 0.0697688 0.0693471 0.1111322 0.0841995 0.1125643 0.0999159 0.0979273 0.0802801 0.0803739 0.0844917 0.1082170 0.0701190 0.0666785 0.0707662 0.0604011 0.1276545 0.1382887 0.1028599 0.1091751 0.2650135 0.1014069 0.1089476 0.0716125 0.0940344 
S0748         0.2456722 0.1102484 0.0996086 0.1351685 0.1238368 0.1315568 0.1372613 0.1155872 0.0450328 0.0784331 0.0078147 0.1207727 0.1227857 0.1197971 0.1104089 0.1398048 0.1065842 0.1258610 0.1580690 0.1291966 0.0724655 0.1339156 0.1694618 0.1132440 0.1265649 0.2242853 0.1351838 0.0000000 0.1164742 0.1675333 0.1057210 0.1128309 0.1052912 0.1220171 0.1378264 0.1182949 0.0920566 0.1040407 0.1455559 0.1364270 0.1540981 0.1632511 0.1162721 0.1807283 0.0602064 0.0967545 0.1325693 0.1122529 0.2273292 0.1002351 0.2094702 0.1943302 0.1282147 0.1038308 0.1457781 0.2236243 0.1188370 0.1252456 0.1290745 0.0549062 0.0119208 0.0119245 0.1150589 0.0576434 0.1847688 0.1567519 0.1260810 0.1099809 0.1280519 0.1503243 0.1272398 0.1547832 0.1407563 0.1114270 0.1080455 0.1117549 0.1235570 0.1143615 0.1045785 0.1088952 0.1033046 0.0988032 0.1542352 0.1373226 0.1229358 0.1051789 0.2383839 0.1088685 0.1151435 0.1186920 0.1050015 
S0756         0.1897385 0.0279350 0.0411303 0.1146195 0.0327808 0.1099795 0.0420098 0.0521405 0.1579147 0.1647937 0.1159855 0.1049801 0.0648548 0.0255389 0.0197866 0.0897271 0.0410010 0.0559637 0.1341904 0.0808115 0.1273107 0.0404558 0.0686902 0.0501224 0.0814484 0.1728243 0.0805480 0.1164742 0.0000000 0.1208201 0.0453962 0.0239452 0.0496089 0.0514710 0.1188597 0.0812545 0.1218818 0.0885289 0.1269552 0.1134764 0.1237088 0.1375455 0.0457595 0.1492696 0.1096975 0.1727994 0.1213701 0.1073267 0.1869501 0.0453319 0.1864648 0.1590085 0.1071912 0.0592539 0.1161798 0.1795992 0.0329448 0.0649692 0.0905566 0.1089383 0.1231165 0.1232424 0.0237520 0.0843694 0.1520090 0.1253539 0.0420591 0.0197281 0.0446579 0.1181304 0.0580839 0.1285489 0.1099513 0.0681499 0.0452173 0.0282377 0.0682999 0.0893187 0.0077686 0.0503770 0.0413604 0.0407282 0.1168173 0.1083963 0.1038944 0.0894737 0.2395865 0.0637126 0.0898921 0.0501418 0.0796536 
S0758         0.2880328 0.1202517 0.1040210 0.1433883 0.1251140 0.1229356 0.1442929 0.1056151 0.2187208 0.1548642 0.1675333 0.1180617 0.1107749 0.1228105 0.1122933 0.1341257 0.1135424 0.1141654 0.0365555 0.1262100 0.1872031 0.1453695 0.2417646 0.1037956 0.1166829 0.2493815 0.1384106 0.1675333 0.1208201 0.0000000 0.1122152 0.1298689 0.1115424 0.1354744 0.1009949 0.1144067 0.2050873 0.1089066 0.0354166 0.1054278 0.0237224 0.0354860 0.1133632 0.1976149 0.1500660 0.1836269 0.1029973 0.0895677 0.2599239 0.1041928 0.2730075 0.1099147 0.1046626 0.1164382 0.1250395 0.2407775 0.1248038 0.0995450 0.1276404 0.1758836 0.1731802 0.1675333 0.1277742 0.1671679 0.1475864 0.1313651 0.1251003 0.1202517 0.1202517 0.1140761 0.1210204 0.1395141 0.1236022 0.0974027 0.1127737 0.1392939 0.1093768 0.1174474 0.1127737 0.1059957 0.1011438 0.1195689 0.1383312 0.1088326 0.1165617 0.1081973 0.2322010 0.1258920 0.1186116 0.1319737 0.1207751 
S0760         0.1984247 0.0447846 0.0038677 0.0717503 0.0405875 0.0747653 0.0555267 0.0611207 0.1456835 0.1440254 0.1052912 0.0844404 0.0704658 0.0384639 0.0238758 0.0785674 0.0038567 0.0556929 0.1168401 0.0705683 0.1200563 0.0625679 0.0843608 0.0498890 0.0383113 0.1298623 0.0904862 0.1057210 0.0453962 0.1122152 0.0000000 0.0364826 0.0076787 0.0121006 0.0972586 0.0422884 0.1217520 0.0502599 0.1151316 0.1124559 0.1122351 0.1254868 0.0591480 0.1023464 0.0956995 0.1591573 0.1142609 0.1059385 0.1441026 0.0038261 0.1425259 0.1594899 0.0804972 0.0642386 0.0801725 0.1361096 0.0372714 0.0701599 0.0514367 0.1028365 0.1121911 0.1122999 0.0278642 0.0902409 0.1282118 0.0891939 0.0554866 0.0238044 0.0577003 0.0934279 0.0446395 0.0914677 0.0747879 0.0733019 0.0077387 0.0409758 0.0638195 0.0602888 0.0363955 0.0460079 0.0457570 0.0540642 0.0992996 0.0993780 0.0827530 0.0508289 0.2192866 0.0326209 0.0606584 0.0549553 0.0466818 
S0763         0.1803143 0.0236325 0.0323190 0.1076971 0.0241424 0.0990503 0.0381455 0.0426570 0.1543434 0.1599433 0.1123564 0.0838792 0.0752236 0.0211880 0.0116605 0.0745887 0.0322200 0.0506665 0.1220379 0.0658416 0.1273807 0.0317933 0.0685192 0.0410288 0.0711130 0.1532146 0.0750686 0.1128309 0.0239452 0.1298689 0.0364826 0.0000000 0.0406147 0.0421259 0.0965642 0.0709490 0.1237048 0.0782898 0.1151123 0.1009833 0.1122168 0.1139082 0.0367713 0.1365782 0.1128381 0.1678513 0.1142420 0.1059209 0.1673453 0.0364347 0.1663618 0.1392539 0.0856486 0.0499055 0.1049677 0.1597216 0.0242707 0.0648103 0.0800893 0.1020514 0.1194998 0.1196215 0.0155555 0.0970359 0.1393283 0.1140683 0.0330608 0.0116270 0.0359026 0.1071550 0.0489222 0.1169617 0.0990417 0.0679910 0.0363475 0.0198075 0.0587238 0.0789827 0.0156436 0.0412453 0.0325044 0.0406122 0.1051232 0.1093434 0.0927814 0.0791358 0.2424811 0.0498670 0.0794794 0.0500062 0.0695531 
S0765         0.2037064 0.0489399 0.0077550 0.0763351 0.0457044 0.0697891 0.0612387 0.0656869 0.1449578 0.1433477 0.1048659 0.0841387 0.0702259 0.0347056 0.0279153 0.0782972 0.0077330 0.0600803 0.1163437 0.0703280 0.1195516 0.0668391 0.0891519 0.0542146 0.0426450 0.1350511 0.0950981 0.1052912 0.0496089 0.1115424 0.0076787 0.0406147 0.0000000 0.0161720 0.0968845 0.0421641 0.1212281 0.0501097 0.1146517 0.1119824 0.1117822 0.1249473 0.0634668 0.1019283 0.0952309 0.1583599 0.1137902 0.1055064 0.1491989 0.0038175 0.1477593 0.1646169 0.0802119 0.0686153 0.0847466 0.1413248 0.0414861 0.0746509 0.0512782 0.1024130 0.1117216 0.1118290 0.0236995 0.0898919 0.1276433 0.0840379 0.0598296 0.0278308 0.0619107 0.0979844 0.0487822 0.0961320 0.0698159 0.0777219 0.0116361 0.0451570 0.0681680 0.0600956 0.0405164 0.0502731 0.0499997 0.0583183 0.0989061 0.0990029 0.0824496 0.0506742 0.2179957 0.0367673 0.0604625 0.0592828 0.0510161 
S0770         0.1840622 0.0507525 0.0080409 0.0793746 0.0519285 0.0823611 0.0684632 0.0675970 0.1662546 0.1633687 0.1214748 0.0924649 0.0779191 0.0502780 0.0289483 0.0920871 0.0080171 0.0571000 0.1340066 0.0838414 0.1370444 0.0693368 0.0928276 0.0611431 0.0393046 0.1409211 0.0988486 0.1220171 0.0514710 0.1354744 0.0121006 0.0421259 0.0161720 0.0000000 0.1125855 0.0483926 0.1236336 0.0618555 0.1319530 0.1132072 0.1284601 0.1429530 0.0658730 0.1187045 0.1154722 0.1799879 0.1308553 0.1222985 0.1555244 0.0120875 0.1542011 0.1716060 0.0884081 0.0712390 0.0880916 0.1474820 0.0430603 0.0775662 0.0633458 0.1193371 0.1290408 0.1291823 0.0330880 0.1056023 0.1387820 0.0902138 0.0621195 0.0288588 0.0642020 0.0944752 0.0505832 0.0869583 0.0823761 0.0806988 0.0120619 0.0468484 0.0707583 0.0671998 0.0420197 0.0521831 0.0518894 0.0605075 0.1084054 0.1080378 0.0840998 0.0625667 0.2448058 0.0381474 0.0676291 0.0563262 0.0529855 
S0771         0.2938091 0.1067767 0.0984044 0.1534708 0.1100562 0.1069381 0.1313650 0.1076879 0.1635738 0.1858882 0.1372053 0.0960358 0.1188116 0.1020180 0.0917487 0.1164790 0.0980336 0.1040661 0.0638978 0.1040148 0.1742396 0.1276441 0.1669240 0.1070412 0.1119524 0.2146684 0.1336898 0.1378264 0.1188597 0.1009949 0.0972586 0.0965642 0.0968845 0.1125855 0.0000000 0.1104627 0.1793172 0.0941152 0.0584804 0.0494288 0.0572005 0.0579403 0.1069308 0.1791517 0.0992951 0.2026957 0.0526519 0.0449396 0.2160781 0.0920112 0.2163500 0.0815161 0.1036458 0.0807297 0.1131919 0.2089009 0.0932098 0.1190883 0.1026620 0.1488554 0.1312007 0.1450729 0.0962516 0.1496866 0.1611165 0.1120898 0.0965642 0.0914122 0.1117080 0.0970898 0.0966566 0.1366117 0.1069153 0.1049681 0.1028645 0.1133710 0.0850667 0.1067815 0.1071038 0.1099207 0.0950849 0.1116180 0.1219113 0.1352795 0.0872675 0.0951179 0.1964382 0.0954101 0.1074956 0.1095752 0.0915315 
S0795         0.1877492 0.0800716 0.0381014 0.1119913 0.0771112 0.1112920 0.0957002 0.0712504 0.1594131 0.1527998 0.1178033 0.0838191 0.0900090 0.0767868 0.0565943 0.0840755 0.0426111 0.0864866 0.1305844 0.0965902 0.1559452 0.1003405 0.1220606 0.0807814 0.0240402 0.1753615 0.1271195 0.1182949 0.0812545 0.1144067 0.0422884 0.0709490 0.0421641 0.0483926 0.1104627 0.0000000 0.1526705 0.0790055 0.1226531 0.1262495 0.1254649 0.1390733 0.0804590 0.1380613 0.1064115 0.1940770 0.1276859 0.1195623 0.1681833 0.0378303 0.1892451 0.1679545 0.0847374 0.0970161 0.1176058 0.1822610 0.0822958 0.1094338 0.0808373 0.1204206 0.1248692 0.1249962 0.0609256 0.1191019 0.1397448 0.1269038 0.0647322 0.0564022 0.0944837 0.1232191 0.0696052 0.1301806 0.1112612 0.1121519 0.0469883 0.0762212 0.0984998 0.0697511 0.0707462 0.0815354 0.0693840 0.0851892 0.0908459 0.0996517 0.0900652 0.0798655 0.2352722 0.0643452 0.0701857 0.0910748 0.0805165 
S0888         0.2201602 0.1371917 0.1174617 0.2011245 0.1405785 0.1806352 0.1383783 0.1440045 0.1508141 0.1452220 0.0917102 0.1342349 0.1508814 0.1372645 0.1264721 0.1370920 0.1227463 0.1573425 0.1885858 0.1114970 0.1249661 0.1452034 0.1973382 0.1367008 0.1443849 0.2750937 0.1727634 0.0920566 0.1218818 0.2050873 0.1217520 0.1237048 0.1212281 0.1236336 0.1793172 0.1526705 0.0000000 0.1427632 0.2032191 0.1929626 0.1909677 0.2024345 0.1524559 0.2428968 0.0888768 0.1102149 0.1996384 0.1843219 0.2667864 0.1160461 0.2923581 0.2607181 0.1651867 0.1249227 0.1891015 0.2743822 0.1243704 0.1491272 0.1574830 0.0914694 0.0980913 0.0981761 0.1311718 0.0251321 0.2225407 0.1805010 0.1315906 0.1259669 0.1560537 0.1671571 0.1551792 0.1734607 0.1803995 0.1513989 0.1243813 0.1320784 0.1507172 0.1554253 0.1097581 0.1379564 0.1462171 0.1438510 0.1906270 0.1573392 0.1519678 0.1442420 0.2997035 0.1233507 0.1565387 0.1467419 0.1440734 
S0906         0.2419004 0.0778353 0.0508060 0.1165239 0.0749133 0.0674294 0.1030928 0.0832584 0.1501874 0.1771890 0.1149102 0.0736575 0.0835561 0.0789558 0.0640624 0.0972413 0.0506391 0.0808432 0.0923739 0.0828069 0.1230876 0.1073701 0.1304264 0.0737698 0.0799906 0.1565475 0.1080138 0.1040407 0.0885289 0.1089066 0.0502599 0.0782898 0.0501097 0.0618555 0.0941152 0.0790055 0.1427632 0.0000000 0.1004158 0.0976315 0.0986826 0.1056382 0.0881464 0.1275856 0.1265003 0.1567053 0.1105167 0.0971048 0.1708525 0.0457887 0.1699471 0.1471611 0.0888511 0.0839415 0.0725050 0.1631842 0.0744278 0.0856740 0.0501253 0.1070175 0.1220251 0.1221494 0.0683104 0.1158212 0.1256149 0.0911361 0.0872115 0.0638478 0.0918703 0.0764623 0.0778536 0.0831737 0.0770712 0.0638247 0.0549947 0.0740638 0.0764577 0.0684640 0.0780658 0.0800274 0.0795790 0.0685842 0.1088718 0.0881539 0.0752709 0.0077825 0.2293922 0.0537137 0.0688840 0.0797196 0.0322458 
S0956         0.2703542 0.1143628 0.1094425 0.1696004 0.1117966 0.1002052 0.1395641 0.1038594 0.1895307 0.1944686 0.1575762 0.1199459 0.1269515 0.1097770 0.1034991 0.1354068 0.1160641 0.1117425 0.0280259 0.1115201 0.1725818 0.1481476 0.1904551 0.1030258 0.1305192 0.2020207 0.1302152 0.1455559 0.1269552 0.0354166 0.1151316 0.1151123 0.1146517 0.1319530 0.0584804 0.1226531 0.2032191 0.1004158 0.0000000 0.0560335 0.0234152 0.0114251 0.1085768 0.1733887 0.1221021 0.1968916 0.0592947 0.0467184 0.2087199 0.1095656 0.2169620 0.0826403 0.1168093 0.1005632 0.1062105 0.1962464 0.1109786 0.1209993 0.1147457 0.1620624 0.1611458 0.1661621 0.1138756 0.1715346 0.1445383 0.1162657 0.1142444 0.1088258 0.1301395 0.1041071 0.0981662 0.1289607 0.1110872 0.0957023 0.1210647 0.1212711 0.1019944 0.1250645 0.1147202 0.1178052 0.1022010 0.1080179 0.1288433 0.1199645 0.0793653 0.1014864 0.2350652 0.1181591 0.1259306 0.1174521 0.0922438 
S0959         0.3097747 0.1116937 0.1078274 0.1847908 0.1152564 0.1162691 0.1427504 0.1070383 0.1771612 0.1997719 0.1483686 0.1109372 0.1244148 0.1002559 0.1065019 0.1281391 0.1133844 0.1089698 0.0810715 0.0983661 0.1751318 0.1289213 0.1886593 0.1073378 0.1280683 0.2047232 0.1294598 0.1364270 0.1134764 0.1054278 0.1124559 0.1009833 0.1119824 0.1132072 0.0494288 0.1262495 0.1929626 0.0976315 0.0560335 0.0000000 0.0687525 0.0603214 0.1118719 0.1687573 0.1247961 0.1934130 0.0632542 0.0507636 0.2198101 0.1068188 0.2201931 0.0796475 0.1085141 0.0946260 0.1229099 0.1987617 0.1082289 0.1359224 0.1182363 0.1425563 0.1420291 0.1567774 0.1112120 0.1498167 0.1750035 0.1335854 0.1115802 0.1060857 0.1230609 0.1220624 0.1117094 0.1473379 0.1280048 0.1089290 0.1137845 0.1186701 0.1096360 0.1225398 0.1120494 0.1214631 0.1098595 0.1052795 0.1393277 0.1531225 0.0861193 0.0986977 0.2326233 0.1102373 0.1234025 0.1147591 0.0950353 
S0960         0.2889035 0.1115058 0.1135604 0.1708834 0.1089587 0.1221289 0.1411965 0.1066233 0.1767443 0.1802218 0.1533746 0.1115908 0.1236868 0.1069286 0.1009491 0.1370517 0.1131233 0.1088925 0.0155603 0.1136390 0.1678766 0.1443028 0.1848986 0.1004967 0.1271973 0.2242400 0.1418769 0.1540981 0.1237088 0.0237224 0.1122351 0.1122168 0.1117822 0.1284601 0.0572005 0.1254649 0.1909677 0.0986826 0.0234152 0.0687525 0.0000000 0.0153149 0.1058830 0.1821986 0.1182230 0.1930744 0.0623771 0.0545390 0.2385604 0.1068319 0.2394122 0.0976786 0.1138153 0.0980357 0.1287190 0.2185310 0.1081833 0.1074839 0.1118693 0.1640158 0.1567572 0.1616404 0.1110447 0.1610999 0.1567952 0.1273936 0.1113973 0.1061288 0.1268502 0.1016150 0.1013377 0.1527086 0.1220746 0.0940430 0.1179957 0.1181880 0.0995055 0.1219006 0.1118463 0.1147816 0.0997030 0.1163724 0.1254824 0.1115877 0.0917193 0.0997219 0.2381657 0.1152226 0.1227233 0.1144367 0.1006062 
S0964         0.2903406 0.1246382 0.1196722 0.1805231 0.1222282 0.1156573 0.1563724 0.1190992 0.1949894 0.2066103 0.1688292 0.1132629 0.1376086 0.1204345 0.1135793 0.1457163 0.1264986 0.1222288 0.0239874 0.1212991 0.1842026 0.1465577 0.2030752 0.1130627 0.1410815 0.2161449 0.1407271 0.1632511 0.1375455 0.0354860 0.1254868 0.1139082 0.1249473 0.1429530 0.0579403 0.1390733 0.2024345 0.1056382 0.0114251 0.0603214 0.0153149 0.0000000 0.1187552 0.1927066 0.1353299 0.2042396 0.0681832 0.0599696 0.2308047 0.1198042 0.2314700 0.0869727 0.1155644 0.0995077 0.1220338 0.2103220 0.1213220 0.1206502 0.1250594 0.1692795 0.1726711 0.1777155 0.1240966 0.1775589 0.1555156 0.1263666 0.1244923 0.1189902 0.1406220 0.1037944 0.1140402 0.1455273 0.1210879 0.1008989 0.1315286 0.1317687 0.1119697 0.1355308 0.1250270 0.1283869 0.1121930 0.1240225 0.1396706 0.1247741 0.0882702 0.1067593 0.2348093 0.1230603 0.1364744 0.1280382 0.1077468 
S1052sl       0.1927712 0.0365747 0.0547376 0.1258481 0.0373901 0.0999058 0.0569578 0.0251671 0.1449577 0.1625085 0.1157828 0.1010135 0.0914733 0.0394515 0.0324054 0.0803919 0.0545587 0.0604620 0.1153010 0.0759602 0.1373289 0.0630690 0.0844456 0.0501331 0.0806493 0.1713149 0.0724425 0.1162721 0.0457595 0.1133632 0.0591480 0.0367713 0.0634668 0.0658730 0.1069308 0.0804590 0.1524559 0.0881464 0.1085768 0.1118719 0.1058830 0.1187552 0.0000000 0.1479354 0.1097192 0.1812299 0.1136868 0.0990831 0.1854009 0.0590547 0.1848779 0.1511355 0.0873937 0.0611587 0.1058886 0.1780488 0.0372380 0.0750753 0.0711477 0.1162110 0.1182836 0.1230644 0.0364625 0.1189546 0.1358882 0.1150621 0.0505641 0.0323058 0.0493834 0.1028644 0.0630983 0.1180029 0.0998950 0.0685515 0.0588939 0.0413025 0.0735982 0.0853230 0.0366827 0.0553365 0.0409321 0.0498165 0.1182186 0.1063486 0.0967587 0.0894666 0.2278845 0.0689116 0.0858735 0.0645552 0.0701380 
