96
PAFTOL_019361 0.0000000 0.1958521 0.1976360 0.0000010 0.2128449 0.2037974 0.2658446 0.2631492 0.2316340 0.2178305 0.1974067 0.2176163 0.1953183 0.1859419 0.2227030 0.2987576 0.1835831 0.2239018 0.2687206 0.2098433 0.2080999 0.2560709 0.2032283 0.2093527 0.2113565 0.1933624 0.2810131 0.1978322 0.1958631 0.1939162 0.1691122 0.1894279 0.1768836 0.2214640 0.2004545 0.2633484 0.1724090 0.2293212 0.2650043 0.2469139 0.2178778 0.3090193 0.2431391 0.2342220 0.2542732 0.2283003 0.1768836 0.2669680 0.2040892 0.2121841 0.2154053 0.2247009 0.2676626 0.2038730 0.1932344 0.1990475 0.0000010 0.2716189 0.2476448 0.1999096 0.1910538 0.2105069 0.2024934 0.2130118 0.2353316 0.1787916 0.2024354 0.2442584 0.1939139 0.2763762 0.2431295 0.2363874 0.2954877 0.1995486 0.1806475 0.2274635 0.3229064 0.1938242 0.2390110 0.1839637 0.2182330 0.2932422 0.1908369 0.2514593 0.1998643 0.1869733 0.2179875 0.2319311 0.3017949 0.2251131 0.2188353 0.3159215 0.2028012 0.2166655 0.2346007 0.1784537 
S0055         0.1958521 0.0000000 0.0342390 0.0000010 0.0721414 0.0683352 0.1774065 0.1392711 0.1129688 0.0837076 0.1216968 0.0668888 0.0339258 0.0381594 0.0807033 0.1560056 0.0571271 0.0615016 0.1291294 0.0710723 0.0649068 0.1300716 0.0386570 0.0470826 0.0663900 0.0577998 0.1954931 0.0588635 0.1087763 0.0338202 0.0623298 0.0386314 0.0523680 0.1195487 0.1051224 0.1387605 0.0630314 0.0791694 0.1037179 0.1046151 0.0787921 0.1846421 0.1513639 0.0866821 0.0988313 0.1499363 0.0523680 0.1668081 0.0905817 0.0669675 0.0478761 0.0904135 0.1891757 0.0386548 0.0391244 0.0772852 0.0000010 0.1446786 0.1462461 0.1275321 0.1190399 0.0476900 0.1233641 0.0671846 0.0481096 0.0426489 0.0293076 0.1008665 0.0395588 0.1539542 0.0902695 0.0826287 0.1682933 0.0440463 0.0576473 0.0639851 0.1888202 0.0354697 0.0699244 0.0507585 0.0429671 0.1353576 0.0338663 0.1417096 0.0386107 0.0578729 0.0583655 0.0890897 0.1579159 0.0782177 0.0839135 0.1263905 0.0682491 0.0681053 0.0683465 0.0625408 
S0282         0.1976360 0.0342390 0.0000000 0.0000010 0.0528753 0.0489571 0.1656532 0.1146535 0.0912721 0.0842355 0.1055449 0.0690537 0.0000020 0.0206696 0.0923385 0.1385290 0.0479082 0.0631450 0.1181259 0.0505538 0.0654110 0.1311059 0.0208303 0.0099267 0.0866697 0.0390732 0.2030765 0.0593042 0.1097872 0.0080863 0.0527064 0.0039846 0.0432447 0.1087788 0.0831596 0.1262414 0.0532901 0.0628760 0.1068301 0.0826574 0.0750145 0.1793591 0.1493962 0.0768704 0.0939002 0.1569269 0.0432447 0.1860254 0.0736848 0.0479822 0.0491279 0.0697371 0.2018413 0.0039866 0.0256062 0.0673044 0.0000010 0.1332888 0.1408069 0.1162212 0.0998476 0.0165289 0.1068531 0.0574519 0.0206607 0.0163974 0.0260128 0.0797923 0.0406594 0.1422792 0.0696164 0.0628088 0.1484545 0.0260988 0.0483313 0.0640493 0.1895616 0.0000021 0.0600608 0.0314910 0.0208147 0.1242693 0.0165235 0.1431029 0.0209245 0.0643752 0.0541213 0.0684176 0.1302729 0.0584087 0.0634303 0.1102616 0.0488601 0.0485448 0.0808201 0.0434283 
S0289         0.0000010 0.0000010 0.0000010 0.0000000 0.0000010 0.0000010 0.0000010 0.0000010 0.0000010 0.0000010 0.0000010 0.0000010 0.0000010 0.0000010 0.0000010 0.0000010 0.0000010 0.0000010 0.0000010 0.0000010 0.0000010 0.0000010 0.0000010 0.0000010 0.0000010 0.0000010 0.0000010 0.0000010 0.0000010 0.0000010 0.0000010 0.0000010 0.0000010 0.0000010 0.0000010 0.0000010 0.0000010 0.0000010 0.0000010 0.0000010 0.0000010 0.0000010 0.0000010 0.0000010 0.0000010 0.0000010 0.0000010 0.0000010 0.0000010 0.0000010 0.0000010 0.0000010 0.0000010 0.0000010 0.0000010 0.0000010 0.0000010 0.0000010 0.0000010 0.0000010 0.0000010 0.0000010 0.0000010 0.0000010 0.0000010 0.0000010 0.0000010 0.0000010 0.0000010 0.0000010 0.0000010 0.0000010 0.0000010 0.0000010 0.0000010 0.0000010 0.0000010 0.0000010 0.0000010 0.0000010 0.0000010 0.0000010 0.0000010 0.0000010 0.0000010 0.0000010 0.0000010 0.0000010 0.0000010 0.0000010 0.0000010 0.0000010 0.0000010 0.0000010 0.0000010 0.0000010 
S0292         0.2128449 0.0721414 0.0528753 0.0000010 0.0000000 0.0890751 0.1478838 0.0956469 0.0742169 0.0523612 0.0977464 0.0674921 0.0523801 0.0663477 0.1015706 0.1281186 0.0204144 0.0720323 0.1149565 0.0447727 0.0848037 0.1136629 0.0672899 0.0644025 0.0965756 0.0163822 0.2255490 0.0680017 0.0903923 0.0521923 0.0335498 0.0526270 0.0246760 0.0853468 0.0821489 0.1155712 0.0430513 0.0418310 0.0760639 0.0499532 0.0631198 0.2011719 0.1190241 0.0503572 0.0660379 0.1704447 0.0246760 0.1925828 0.0522058 0.0290288 0.0579233 0.0251690 0.2085050 0.0574772 0.0573862 0.0470993 0.0000010 0.1219662 0.1115014 0.1144257 0.0923441 0.0669289 0.0997338 0.0379715 0.0776902 0.0614122 0.0640785 0.0164801 0.0697924 0.1427854 0.0210043 0.0080307 0.1376959 0.0584506 0.0292185 0.0530824 0.1804272 0.0466388 0.0209156 0.0216771 0.0574309 0.1142918 0.0423649 0.1269340 0.0472215 0.0734555 0.0342502 0.0619707 0.1342839 0.0248226 0.0526530 0.0852419 0.0386032 0.0294822 0.0898870 0.0337079 
S0294         0.2037974 0.0683352 0.0489571 0.0000010 0.0890751 0.0000000 0.1479168 0.1174264 0.1329832 0.0997500 0.1085092 0.0915854 0.0484930 0.0625562 0.1278647 0.1457203 0.0729751 0.0853729 0.1081041 0.0828308 0.0995550 0.1258604 0.0590941 0.0538031 0.0983650 0.0739879 0.2264684 0.0803927 0.1126348 0.0483213 0.0785703 0.0535569 0.0679423 0.1209302 0.0859139 0.1215852 0.0794924 0.0975820 0.1448566 0.1058142 0.1031316 0.2018710 0.1517067 0.1113432 0.1308959 0.1783046 0.0679423 0.2243939 0.1158964 0.0730964 0.0753166 0.1090196 0.2088084 0.0535914 0.0598936 0.0943802 0.0000010 0.1223156 0.1461173 0.1067651 0.1036983 0.0631046 0.1163613 0.0895008 0.0529351 0.0576021 0.0556793 0.1082718 0.0614812 0.1306728 0.1025233 0.1002783 0.1655322 0.0508113 0.0692734 0.0915749 0.1904562 0.0419456 0.0985326 0.0619778 0.0633901 0.1267837 0.0484029 0.1196451 0.0433522 0.0875161 0.0754362 0.1021682 0.1347034 0.0957894 0.0799789 0.1226091 0.0745374 0.0850309 0.0935291 0.0585761 
S0299         0.2658446 0.1774065 0.1656532 0.0000010 0.1478838 0.1479168 0.0000000 0.1385814 0.1817977 0.1775410 0.1827984 0.1713083 0.1637674 0.1818689 0.1889160 0.0729515 0.1405957 0.1764048 0.0681039 0.1781759 0.1862031 0.1818238 0.1716685 0.1739682 0.1597356 0.1428039 0.2540833 0.1578431 0.1588960 0.1626905 0.1353429 0.1714958 0.1344528 0.2192453 0.1443048 0.0823248 0.1498595 0.1864112 0.2386819 0.1582051 0.1800986 0.2553825 0.2337827 0.1608200 0.1796802 0.1957826 0.1344528 0.2029969 0.1629700 0.1486779 0.1872169 0.1878896 0.2359635 0.1578982 0.1659307 0.1415091 0.0000010 0.0951957 0.2010784 0.1821412 0.1671637 0.1842154 0.1555197 0.1673298 0.1808242 0.1748332 0.1786678 0.1416897 0.1340874 0.0909509 0.1733543 0.1616589 0.0834438 0.1636238 0.1423448 0.1658610 0.1070019 0.1535743 0.1820037 0.1185526 0.1710952 0.0593279 0.1344528 0.0890072 0.1549988 0.1540928 0.1517003 0.1441576 0.0842765 0.1703866 0.1522812 0.1630919 0.1371790 0.1494818 0.1895741 0.1358587 
S0308         0.2631492 0.1392711 0.1146535 0.0000010 0.0956469 0.1174264 0.1385814 0.0000000 0.1323972 0.1536173 0.0449485 0.1478902 0.1140254 0.1188245 0.1829616 0.1166956 0.1067562 0.1141611 0.1177080 0.1019157 0.1605736 0.0958202 0.1326586 0.1222991 0.1648357 0.0899152 0.2501116 0.1362166 0.0490392 0.1127827 0.1127970 0.1080523 0.1009682 0.1335343 0.0439634 0.0932694 0.1142675 0.1212692 0.1291322 0.1206541 0.1346890 0.2508651 0.0974762 0.1155677 0.1352145 0.1877515 0.1009682 0.2387270 0.1035209 0.1069564 0.1346216 0.1304778 0.2311271 0.1202301 0.1199977 0.1066589 0.0000010 0.1008988 0.0950554 0.0655874 0.0475368 0.1325673 0.0796088 0.1186133 0.1389198 0.1126556 0.1311537 0.0902050 0.1244107 0.1404710 0.1233012 0.1137669 0.1379394 0.1161058 0.1079887 0.1209205 0.1184834 0.0968485 0.1153802 0.0867180 0.1324966 0.1083410 0.1000276 0.1429144 0.1066930 0.1363289 0.1162838 0.1102220 0.1008595 0.1033865 0.1096100 0.1641750 0.1007439 0.1010288 0.1760697 0.1014577 
S0335         0.2316340 0.1129688 0.0912721 0.0000010 0.0742169 0.1329832 0.1817977 0.1323972 0.0000000 0.0969545 0.1419488 0.1105378 0.0903479 0.1058752 0.1509563 0.1733911 0.0687758 0.1198360 0.1296610 0.0815087 0.1319998 0.1874962 0.1075913 0.0840235 0.1212298 0.0594770 0.3042966 0.1159369 0.1459828 0.0899256 0.0743364 0.0963144 0.0637536 0.1254303 0.1227994 0.1610685 0.0859725 0.0913029 0.1295802 0.0987999 0.0954204 0.2580342 0.1745920 0.0913219 0.0924900 0.2199270 0.0637536 0.2476784 0.0858521 0.0587670 0.1039416 0.0930914 0.2657099 0.0963840 0.0962127 0.0795099 0.0000010 0.1530357 0.1707933 0.1613924 0.1390138 0.1002528 0.1228146 0.0690048 0.1197167 0.1002085 0.1049723 0.1038425 0.1118174 0.1906688 0.0929410 0.0850147 0.1875330 0.0980112 0.0694456 0.0843153 0.2380829 0.0770420 0.0880307 0.0412059 0.1074743 0.1438909 0.0782221 0.1715422 0.0840343 0.1106392 0.0603812 0.0489431 0.1666601 0.0805008 0.0863750 0.1291465 0.0810043 0.0544325 0.1125317 0.0747226 
S0345         0.2178305 0.0837076 0.0842355 0.0000010 0.0523612 0.0997500 0.1775410 0.1536173 0.0969545 0.0000000 0.1364184 0.0784692 0.0834007 0.0985175 0.1209384 0.1832713 0.0569772 0.0892207 0.1415643 0.0764436 0.1204253 0.1144618 0.0786564 0.0971146 0.1250986 0.0433498 0.2472035 0.0901859 0.1277951 0.0830311 0.0525215 0.0891472 0.0522271 0.1202617 0.1242768 0.1544567 0.0629705 0.0802227 0.1121053 0.0936033 0.0847414 0.2215477 0.1358217 0.0933228 0.0941498 0.1888989 0.0522271 0.2122653 0.0863733 0.0475186 0.0898594 0.0734413 0.2124713 0.0892099 0.0890556 0.0477044 0.0000010 0.1586993 0.1051193 0.1680935 0.1246806 0.0994977 0.1262216 0.0432198 0.0881566 0.0930328 0.0973487 0.0789696 0.0981523 0.1678469 0.0689048 0.0621872 0.1731787 0.0907039 0.0574950 0.0740233 0.2010563 0.0764966 0.0586212 0.0456386 0.0999597 0.1484578 0.0717802 0.1545012 0.0662719 0.1027440 0.0394840 0.0783430 0.1902869 0.0678387 0.0838622 0.1207328 0.0682564 0.0482975 0.1087422 0.0624802 
S0355         0.1974067 0.1216968 0.1055449 0.0000010 0.0977464 0.1085092 0.1827984 0.0449485 0.1419488 0.1364184 0.0000000 0.1380665 0.1043781 0.1019692 0.1686596 0.1683755 0.0902968 0.1304154 0.1326673 0.0790166 0.1479046 0.0981377 0.1086113 0.1084014 0.1605849 0.0811163 0.2218441 0.1183841 0.0208396 0.1038165 0.0966798 0.0989657 0.0846600 0.1080912 0.0400772 0.1118358 0.1052336 0.0959599 0.0945773 0.0960086 0.1074146 0.2128636 0.0814003 0.1026570 0.1098406 0.1539797 0.0846600 0.1939746 0.0802070 0.0974664 0.1247659 0.1205726 0.1796658 0.1111754 0.1035046 0.1098098 0.0000010 0.1296579 0.0978568 0.0443379 0.0087560 0.1228710 0.0642255 0.1097129 0.1291508 0.1031330 0.1035909 0.1041770 0.1140636 0.1708633 0.1167242 0.1163024 0.1736623 0.0906094 0.0782375 0.1118375 0.1374974 0.0848772 0.1057052 0.0774306 0.1235006 0.1426675 0.0906335 0.1535736 0.0971912 0.1160102 0.0997825 0.1195617 0.1428687 0.0937005 0.1060533 0.1711305 0.0913057 0.0993688 0.1653228 0.0808100 
S0376         0.2176163 0.0668888 0.0690537 0.0000010 0.0674921 0.0915854 0.1713083 0.1478902 0.1105378 0.0784692 0.1380665 0.0000000 0.0683785 0.0831318 0.1092013 0.1635357 0.0622683 0.0293446 0.1360675 0.0775428 0.0921828 0.1367814 0.0739169 0.0777006 0.0897321 0.0532310 0.1999338 0.0853098 0.1293427 0.0681000 0.0576570 0.0738590 0.0574207 0.1216603 0.1189297 0.1593879 0.0583025 0.0930795 0.1047276 0.1065324 0.0907742 0.1741902 0.1654775 0.0772879 0.0892096 0.1546801 0.0574207 0.1806559 0.1054887 0.0623682 0.0726587 0.0748741 0.1880763 0.0739095 0.0737851 0.0828289 0.0000010 0.1522144 0.1541345 0.1564043 0.1270860 0.0839218 0.1318205 0.0624701 0.0798237 0.0677044 0.0688798 0.0958776 0.0746876 0.1665302 0.0853450 0.0778801 0.1755700 0.0751700 0.0628491 0.0798349 0.2098578 0.0585428 0.0700396 0.0561125 0.0785609 0.1347663 0.0574207 0.1488919 0.0580668 0.0732935 0.0390880 0.0891097 0.1607332 0.0734545 0.0790821 0.1092218 0.0683571 0.0634252 0.0578894 0.0483225 
S0400         0.1953183 0.0339258 0.0000020 0.0000010 0.0523801 0.0484930 0.1637674 0.1140254 0.0903479 0.0834007 0.1043781 0.0683785 0.0000000 0.0204872 0.0913900 0.1369909 0.0474631 0.0628410 0.1168525 0.0503043 0.0647595 0.1296151 0.0207375 0.0098210 0.0861711 0.0387105 0.2005279 0.0587281 0.1085845 0.0080510 0.0524586 0.0039674 0.0428453 0.1076504 0.0823000 0.1255151 0.0530368 0.0625512 0.1056819 0.0818038 0.0742701 0.1771324 0.1485077 0.0760863 0.0934064 0.1550252 0.0428453 0.1837264 0.0732972 0.0475358 0.0488928 0.0690487 0.1993221 0.0039695 0.0254887 0.0669824 0.0000010 0.1318083 0.1399852 0.1149336 0.0992620 0.0206337 0.1057113 0.0571804 0.0204784 0.0162530 0.0257714 0.0789971 0.0404622 0.1406627 0.0689300 0.0622095 0.1475671 0.0259767 0.0478780 0.0637365 0.1871359 0.0000029 0.0594708 0.0311873 0.0207220 0.1228681 0.0163770 0.1415255 0.0207373 0.0640583 0.0536017 0.0680849 0.1288630 0.0578493 0.0631228 0.1091020 0.0483969 0.0483152 0.0804126 0.0432260 
S0405         0.1859419 0.0381594 0.0206696 0.0000010 0.0663477 0.0625562 0.1818689 0.1188245 0.1058752 0.0985175 0.1019692 0.0831318 0.0204872 0.0000000 0.0849830 0.1553363 0.0517451 0.0773021 0.1336343 0.0649867 0.0693151 0.1474381 0.0336754 0.0096864 0.0913523 0.0523437 0.2276233 0.0631861 0.1134140 0.0204312 0.0567836 0.0248788 0.0471081 0.1237148 0.0869691 0.1302295 0.0671941 0.0781296 0.1166986 0.0975495 0.0727047 0.2187847 0.1534944 0.0915647 0.1095489 0.1718511 0.0471081 0.2150891 0.0892546 0.0613217 0.0437032 0.0789838 0.2157548 0.0248929 0.0341187 0.0813902 0.0000010 0.1363108 0.1583363 0.1197870 0.1044791 0.0247694 0.1159454 0.0712970 0.0428460 0.0120230 0.0341666 0.0941373 0.0400721 0.1451934 0.0838147 0.0765320 0.1730612 0.0342971 0.0522016 0.0682063 0.1917745 0.0146469 0.0741875 0.0355877 0.0336488 0.1465308 0.0290903 0.1459149 0.0336825 0.0685614 0.0679123 0.0827510 0.1624373 0.0721794 0.0776902 0.1135290 0.0624653 0.0623427 0.0849836 0.0569728 
S0412sl       0.2227030 0.0807033 0.0923385 0.0000010 0.1015706 0.1278647 0.1889160 0.1829616 0.1509563 0.1209384 0.1686596 0.1092013 0.0913900 0.0849830 0.0000000 0.1838625 0.0892558 0.1140978 0.1673798 0.1155521 0.0918978 0.1344412 0.0864609 0.1069403 0.0995810 0.0848273 0.2309638 0.0624461 0.1536013 0.0909556 0.0844702 0.0863887 0.0839634 0.1766803 0.1406294 0.1857209 0.1075995 0.1344927 0.1643553 0.1545962 0.1316858 0.2398322 0.2230808 0.1418564 0.1569829 0.1887867 0.0839634 0.2182875 0.1536488 0.1064284 0.0871029 0.1245142 0.2434184 0.0913829 0.0789937 0.1068825 0.0000010 0.1903639 0.1902466 0.1752713 0.1693403 0.1082734 0.1423041 0.1181653 0.1030790 0.1013902 0.0912070 0.1348349 0.0704683 0.2014840 0.1287713 0.1191676 0.2145551 0.0847611 0.0901869 0.1148509 0.2435248 0.0855745 0.1024958 0.0714851 0.1087926 0.1809973 0.0790671 0.1783193 0.0849705 0.0848690 0.0980133 0.1323375 0.2052048 0.1144947 0.1200205 0.1650299 0.1023899 0.1083958 0.1169953 0.0955770 
S0417         0.2987576 0.1560056 0.1385290 0.0000010 0.1281186 0.1457203 0.0729515 0.1166956 0.1733911 0.1832713 0.1683755 0.1635357 0.1369909 0.1553363 0.1838625 0.0000000 0.1212588 0.1686249 0.0623468 0.1636876 0.1581779 0.1798437 0.1635324 0.1311714 0.1457505 0.1043665 0.2628226 0.1499725 0.1453075 0.1420499 0.1281048 0.1441722 0.1153808 0.2124216 0.1196747 0.0664386 0.1297876 0.1806544 0.2221514 0.1666581 0.1584307 0.2642063 0.2145391 0.1639885 0.1833268 0.2038634 0.1153808 0.2111321 0.1491092 0.1338056 0.1652354 0.1657234 0.2444679 0.1313401 0.1321449 0.1465797 0.0000010 0.0736987 0.2020910 0.1732379 0.1596103 0.1624911 0.1477730 0.1342903 0.1580323 0.1537919 0.1565211 0.1221087 0.1155070 0.0695701 0.1654724 0.1411696 0.0564106 0.1346770 0.1226920 0.1447971 0.1061090 0.1139078 0.1599775 0.1001984 0.1633186 0.0405536 0.1153808 0.0783485 0.1348082 0.1384773 0.1379346 0.1496165 0.0631121 0.1492697 0.1435358 0.1555744 0.1175896 0.1294326 0.1672266 0.1165602 
S0419         0.1835831 0.0571271 0.0479082 0.0000010 0.0204144 0.0729751 0.1405957 0.1067562 0.0687758 0.0569772 0.0902968 0.0622683 0.0474631 0.0517451 0.0892558 0.1212588 0.0000000 0.0667655 0.1086303 0.0449803 0.0687957 0.1119273 0.0620790 0.0582223 0.0668780 0.0163261 0.2242892 0.0479317 0.1014493 0.0472995 0.0120751 0.0524100 0.0039479 0.0849717 0.0710132 0.1211269 0.0293276 0.0420303 0.0714184 0.0501942 0.0430041 0.2000587 0.1184334 0.0550946 0.0605798 0.1623068 0.0039479 0.1818916 0.0524715 0.0246046 0.0434144 0.0343377 0.1821240 0.0524430 0.0388330 0.0423390 0.0000010 0.1273512 0.1042122 0.1260510 0.0918799 0.0617493 0.0992753 0.0333754 0.0722672 0.0563820 0.0489011 0.0432974 0.0542810 0.1483947 0.0342687 0.0290611 0.1435573 0.0436995 0.0080076 0.0387315 0.1867908 0.0464372 0.0299698 0.0127472 0.0620233 0.1197723 0.0377032 0.1201656 0.0424437 0.0483797 0.0296269 0.0568885 0.1397599 0.0249184 0.0384096 0.0902078 0.0250351 0.0249842 0.0635218 0.0205073 
S0427         0.2239018 0.0615016 0.0631450 0.0000010 0.0720323 0.0853729 0.1764048 0.1141611 0.1198360 0.0892207 0.1304154 0.0293446 0.0628410 0.0773021 0.1140978 0.1686249 0.0667655 0.0000000 0.1411023 0.0820003 0.0858926 0.1298555 0.0678885 0.0840170 0.0891824 0.0577276 0.2100556 0.0792903 0.1219909 0.0622976 0.0618538 0.0678371 0.0618936 0.1265731 0.1120440 0.1375348 0.0625437 0.0977040 0.0982425 0.1115408 0.0955284 0.1920815 0.1562202 0.0821488 0.0825656 0.1634864 0.0618936 0.1900526 0.1100783 0.0668731 0.0615141 0.0795890 0.1976868 0.0678822 0.0677710 0.0870106 0.0000010 0.1442317 0.1317436 0.1483471 0.1260023 0.0780157 0.1368871 0.0666629 0.0739382 0.0622382 0.0633019 0.1006545 0.0631736 0.1667846 0.0793221 0.0824867 0.1808945 0.0690309 0.0673940 0.0841294 0.1950370 0.0577331 0.0747544 0.0608497 0.0724324 0.1412672 0.0522276 0.1410141 0.0528050 0.0673350 0.0485347 0.0826902 0.1441691 0.0780885 0.0785003 0.1194415 0.0729675 0.0676783 0.0621113 0.0525317 
S0478         0.2687206 0.1291294 0.1181259 0.0000010 0.1149565 0.1081041 0.0681039 0.1177080 0.1296610 0.1415643 0.1326673 0.1360675 0.1168525 0.1336343 0.1673798 0.0623468 0.1086303 0.1411023 0.0000000 0.1279112 0.1308649 0.1581942 0.1360113 0.1165726 0.1148995 0.0985745 0.2246283 0.1302263 0.1240315 0.1162112 0.1151584 0.1235597 0.1029606 0.1595198 0.1072455 0.0448033 0.1166331 0.1418177 0.1806463 0.1186962 0.1344220 0.2256193 0.1673825 0.1256736 0.1308073 0.1607246 0.1029606 0.1766253 0.1149759 0.0973128 0.1298700 0.1378303 0.2237350 0.1114255 0.1234190 0.1207672 0.0000010 0.0574206 0.1789359 0.1370586 0.1223924 0.1351737 0.1336659 0.1208889 0.1239038 0.1273656 0.1338560 0.1091299 0.1014232 0.0532527 0.1376204 0.1274237 0.0735665 0.1133453 0.1098600 0.1218348 0.0983322 0.0998671 0.1323119 0.0807195 0.1358459 0.0454751 0.1029606 0.0522243 0.1095716 0.1197193 0.1059510 0.1231759 0.0574044 0.1228075 0.1297290 0.1324620 0.1168106 0.1044119 0.1523078 0.1039917 
S0552sl       0.2098433 0.0710723 0.0505538 0.0000010 0.0447727 0.0828308 0.1781759 0.1019157 0.0815087 0.0764436 0.0790166 0.0775428 0.0503043 0.0649867 0.1155521 0.1636876 0.0449803 0.0820003 0.1279112 0.0000000 0.0913157 0.1208913 0.0656253 0.0616113 0.0967830 0.0358639 0.2081969 0.0712045 0.0831948 0.0498721 0.0499130 0.0505084 0.0401851 0.0679620 0.0850300 0.1185699 0.0505660 0.0170059 0.0430096 0.0297463 0.0772520 0.1839763 0.1321472 0.0654115 0.0708156 0.1609831 0.0401851 0.1907486 0.0354345 0.0450518 0.0617649 0.0608127 0.2069105 0.0553643 0.0552728 0.0649484 0.0000010 0.1517183 0.1239395 0.1032243 0.0657209 0.0655848 0.1018669 0.0548005 0.0769178 0.0598008 0.0625397 0.0593232 0.0619560 0.1611122 0.0607014 0.0541591 0.1575740 0.0563519 0.0453876 0.0658969 0.1772320 0.0555490 0.0451333 0.0223913 0.0655623 0.1411220 0.0398645 0.1493678 0.0449249 0.0763603 0.0410636 0.0538170 0.1657565 0.0393694 0.0610128 0.1054052 0.0451923 0.0455967 0.0947060 0.0501679 
S0558         0.2080999 0.0649068 0.0654110 0.0000010 0.0848037 0.0995550 0.1862031 0.1605736 0.1319998 0.1204253 0.1479046 0.0921828 0.0647595 0.0693151 0.0918978 0.1581779 0.0687957 0.0858926 0.1308649 0.0913157 0.0000000 0.1639170 0.0809862 0.0873736 0.0872215 0.0696424 0.1903620 0.0491660 0.1468577 0.0644958 0.0640158 0.0702975 0.0637455 0.1346264 0.1140159 0.1407544 0.0751429 0.1145434 0.1239254 0.1157265 0.1032294 0.1824651 0.1783063 0.1212503 0.1419167 0.1462358 0.0637455 0.1648964 0.1123532 0.0792718 0.0606009 0.0933049 0.1948025 0.0647326 0.0599154 0.0852861 0.0000010 0.1466843 0.1894154 0.1542958 0.1470202 0.0805242 0.1489181 0.0902181 0.0862798 0.0743965 0.0714545 0.1104361 0.0605768 0.1561375 0.1045445 0.0960339 0.1916695 0.0654206 0.0694697 0.1100328 0.2060315 0.0736525 0.0941367 0.0562526 0.0740118 0.1387623 0.0537346 0.1491681 0.0590551 0.0542332 0.0869387 0.1145677 0.1601301 0.0914773 0.0976255 0.1462546 0.0808828 0.0806858 0.0990926 0.0746533 
S0616         0.2560709 0.1300716 0.1311059 0.0000010 0.1136629 0.1258604 0.1818238 0.0958202 0.1874962 0.1144618 0.0981377 0.1367814 0.1296151 0.1474381 0.1344412 0.1798437 0.1119273 0.1298555 0.1581942 0.1208913 0.1639170 0.0000000 0.1241148 0.1440591 0.1680559 0.1012391 0.2413802 0.1105449 0.0906726 0.1288346 0.1013146 0.1239939 0.1060441 0.1741944 0.0838378 0.1353356 0.1146809 0.1416408 0.1493683 0.1458978 0.1296428 0.2139895 0.1120573 0.1637865 0.1660712 0.1744797 0.1060441 0.2273372 0.1401672 0.1188779 0.1515141 0.1339638 0.2179924 0.1369867 0.1266706 0.1069627 0.0000010 0.1417087 0.0994911 0.1329239 0.0851226 0.1492654 0.1140800 0.1316721 0.1378709 0.1407060 0.1374492 0.1034012 0.1488086 0.1712323 0.1388796 0.1281777 0.2085416 0.1291124 0.1132462 0.1224543 0.1488291 0.1093082 0.1013856 0.0995257 0.1500444 0.1662243 0.1144510 0.1719878 0.1216437 0.1525010 0.1163088 0.1496599 0.1633834 0.1232055 0.1064788 0.2147537 0.1058054 0.1212375 0.1683647 0.1071415 
S0641         0.2032283 0.0386570 0.0208303 0.0000010 0.0672899 0.0590941 0.1716685 0.1326586 0.1075913 0.0786564 0.1086113 0.0739169 0.0207375 0.0336754 0.0864609 0.1635324 0.0620790 0.0678885 0.1360113 0.0656253 0.0809862 0.1241148 0.0000000 0.0305745 0.0986853 0.0530623 0.2016101 0.0640997 0.1009882 0.0205880 0.0572970 0.0250750 0.0572432 0.1258085 0.0996571 0.1454049 0.0678320 0.0734140 0.1123249 0.0991460 0.0906784 0.1780203 0.1696227 0.0874439 0.0991970 0.1557324 0.0572432 0.1846606 0.0902420 0.0621784 0.0636990 0.0852377 0.2003886 0.0250894 0.0436645 0.0720306 0.0000010 0.1467758 0.1604912 0.1190360 0.1032232 0.0339332 0.1037126 0.0719759 0.0342160 0.0292190 0.0397621 0.0956141 0.0552734 0.1615874 0.0779424 0.0776546 0.1755310 0.0444915 0.0519898 0.0688651 0.1964006 0.0197285 0.0649127 0.0458707 0.0339250 0.1426428 0.0294565 0.1437342 0.0341159 0.0796604 0.0588395 0.0835829 0.1601948 0.0732361 0.0784610 0.1184651 0.0633571 0.0629249 0.0750713 0.0574898 
S0643         0.2093527 0.0470826 0.0099267 0.0000010 0.0644025 0.0538031 0.1739682 0.1222991 0.0840235 0.0971146 0.1084014 0.0777006 0.0098210 0.0096864 0.1069403 0.1311714 0.0582223 0.0840170 0.1165726 0.0616113 0.0873736 0.1440591 0.0305745 0.0000000 0.1045929 0.0474752 0.2462945 0.0727974 0.1128004 0.0097376 0.0645217 0.0149458 0.0524876 0.1189913 0.0896765 0.1292315 0.0654022 0.0695705 0.1244441 0.0943196 0.0859407 0.1845916 0.1667622 0.0871452 0.1007582 0.1841299 0.0524876 0.2335925 0.0836715 0.0583322 0.0603467 0.0784968 0.2342455 0.0149557 0.0310591 0.0827052 0.0000010 0.1390167 0.1595474 0.1124195 0.1023785 0.0147848 0.1041274 0.0704056 0.0362911 0.0096818 0.0372274 0.0984793 0.0495353 0.1390598 0.0857368 0.0706129 0.1432557 0.0315974 0.0588635 0.0655432 0.1892889 0.0101680 0.0739088 0.0327229 0.0305456 0.1136724 0.0250834 0.1543469 0.0305804 0.0787305 0.0598178 0.0780204 0.1473757 0.0714664 0.0650558 0.1302757 0.0596517 0.0535792 0.0927979 0.0530588 
S0689         0.2113565 0.0663900 0.0866697 0.0000010 0.0965756 0.0983650 0.1597356 0.1648357 0.1212298 0.1250986 0.1605849 0.0897321 0.0861711 0.0913523 0.0995810 0.1457505 0.0668780 0.0891824 0.1148995 0.0967830 0.0872215 0.1680559 0.0986853 0.1045929 0.0000000 0.0796906 0.2350413 0.0678931 0.1515965 0.0852355 0.0727164 0.0861711 0.0612415 0.1594791 0.1313801 0.1325965 0.0796177 0.1138911 0.1307434 0.1254183 0.1040141 0.2138412 0.1752248 0.1234210 0.1305697 0.1786233 0.0612415 0.1906606 0.1329768 0.0845873 0.0726867 0.1207867 0.2173437 0.0861711 0.0749078 0.1090782 0.0000010 0.1332344 0.1792293 0.1681591 0.1584369 0.0974788 0.1618472 0.1028096 0.0996049 0.0973630 0.0745120 0.1184259 0.0564686 0.1556092 0.1205788 0.1102250 0.1717988 0.0753384 0.0676084 0.0918263 0.1822650 0.0811733 0.1075483 0.0709419 0.0979163 0.1337269 0.0726348 0.1284648 0.0732087 0.0498328 0.0858326 0.1107107 0.1480185 0.0975442 0.0861711 0.1414029 0.0861389 0.0853033 0.0858837 0.0725971 
S0720         0.1933624 0.0577998 0.0390732 0.0000010 0.0163822 0.0739879 0.1428039 0.0899152 0.0594770 0.0433498 0.0811163 0.0532310 0.0387105 0.0523437 0.0848273 0.1043665 0.0163261 0.0577276 0.0985745 0.0358639 0.0696424 0.1012391 0.0530623 0.0474752 0.0796906 0.0000000 0.2119631 0.0536246 0.0853855 0.0385844 0.0206673 0.0435422 0.0121591 0.0860366 0.0720330 0.1104167 0.0297016 0.0425588 0.0774735 0.0508096 0.0489066 0.1878370 0.0990900 0.0557723 0.0613362 0.1576543 0.0121591 0.1794868 0.0531433 0.0163482 0.0439205 0.0295836 0.1951994 0.0435692 0.0435025 0.0337739 0.0000010 0.1169911 0.1002607 0.1154366 0.0748324 0.0527808 0.0892141 0.0163987 0.0630635 0.0475794 0.0496112 0.0391014 0.0550287 0.1251930 0.0300849 0.0249900 0.1118950 0.0443220 0.0164495 0.0392390 0.1747661 0.0358053 0.0252906 0.0085371 0.0530158 0.0973018 0.0292368 0.1219883 0.0338511 0.0588184 0.0167534 0.0480042 0.1292641 0.0251975 0.0389093 0.0700278 0.0253531 0.0165988 0.0746718 0.0164798 
S0735         0.2810131 0.1954931 0.2030765 0.0000010 0.2255490 0.2264684 0.2540833 0.2501116 0.3042966 0.2472035 0.2218441 0.1999338 0.2005279 0.2276233 0.2309638 0.2628226 0.2242892 0.2100556 0.2246283 0.2081969 0.1903620 0.2413802 0.2016101 0.2462945 0.2350413 0.2119631 0.0000000 0.1805286 0.1937059 0.2209109 0.2181420 0.1942184 0.2164735 0.2281465 0.2017874 0.2087889 0.2378087 0.2379449 0.2540081 0.2503667 0.2605103 0.0560282 0.3106203 0.2383940 0.2597467 0.0172099 0.2164735 0.0399615 0.2412203 0.2247722 0.2063555 0.2138827 0.0400412 0.1939649 0.2244679 0.2263220 0.0000010 0.2409872 0.3232686 0.2187451 0.1753329 0.2477492 0.2104179 0.2419132 0.2110226 0.2034635 0.2195787 0.2302228 0.1692292 0.2434407 0.1928239 0.2294135 0.2799244 0.2205373 0.2127345 0.2261577 0.2807168 0.2166051 0.2158080 0.1824985 0.2234271 0.2263306 0.2009888 0.2228989 0.2111659 0.2247656 0.1888580 0.2741113 0.2268067 0.2174159 0.2186144 0.2423158 0.2312920 0.2300010 0.2872386 0.2191184 
S0742         0.1978322 0.0588635 0.0593042 0.0000010 0.0680017 0.0803927 0.1578431 0.1362166 0.1159369 0.0901859 0.1183841 0.0853098 0.0587281 0.0631861 0.0624461 0.1499725 0.0479317 0.0792903 0.1302263 0.0712045 0.0491660 0.1105449 0.0640997 0.0727974 0.0678931 0.0536246 0.1805286 0.0000000 0.1176385 0.0585022 0.0435071 0.0640510 0.0432648 0.1027740 0.1014350 0.1319992 0.0634360 0.0917764 0.1123903 0.0880399 0.0899841 0.1725179 0.1650649 0.1010617 0.1201784 0.1361744 0.0432648 0.1693229 0.1127315 0.0628337 0.0546342 0.0640458 0.1765463 0.0586998 0.0481039 0.0630868 0.0000010 0.1459803 0.1509875 0.1311011 0.1076442 0.0739531 0.1084623 0.0730904 0.0794664 0.0681057 0.0586195 0.0842967 0.0493766 0.1689888 0.0741359 0.0672128 0.1559262 0.0531600 0.0483553 0.0853011 0.1966839 0.0599725 0.0694776 0.0452075 0.0742939 0.1431717 0.0481628 0.1484691 0.0532732 0.0436355 0.0696472 0.1008872 0.1593834 0.0628477 0.0637771 0.1115801 0.0634143 0.0639067 0.0812887 0.0531630 
S0748         0.1958631 0.1087763 0.1097872 0.0000010 0.0903923 0.1126348 0.1588960 0.0490392 0.1459828 0.1277951 0.0208396 0.1293427 0.1085845 0.1134140 0.1536013 0.1453075 0.1014493 0.1219909 0.1240315 0.0831948 0.1468577 0.0906726 0.1009882 0.1128004 0.1515965 0.0853855 0.1937059 0.1176385 0.0000000 0.1019952 0.1080288 0.1032128 0.0956977 0.1241611 0.0441692 0.1036428 0.1094423 0.0942769 0.1077673 0.1001454 0.1290650 0.2010580 0.0857140 0.0963893 0.1093910 0.1476279 0.0956977 0.1918616 0.0957927 0.1016391 0.1369772 0.1248106 0.1929409 0.1153798 0.1151559 0.1261036 0.0000010 0.1209635 0.1093769 0.0389373 0.0086090 0.1270073 0.0581935 0.1138497 0.1207321 0.1072918 0.1254316 0.0965885 0.1057394 0.1473902 0.1208620 0.1083600 0.1488096 0.1112038 0.0890124 0.1039068 0.1284401 0.0899448 0.0980044 0.0818099 0.1276508 0.1146958 0.0947974 0.1192046 0.1013698 0.1276419 0.0922255 0.1235974 0.1337446 0.1099412 0.1103027 0.1614890 0.0954860 0.1036063 0.1644566 0.0850663 
S0756         0.1939162 0.0338202 0.0080863 0.0000010 0.0521923 0.0483213 0.1626905 0.1127827 0.0899256 0.0830311 0.1038165 0.0681000 0.0080510 0.0204312 0.0909556 0.1420499 0.0472995 0.0622976 0.1162112 0.0498721 0.0644958 0.1288346 0.0205880 0.0097376 0.0852355 0.0385844 0.2209109 0.0585022 0.1019952 0.0000000 0.0520266 0.0121673 0.0427026 0.1071001 0.0819217 0.1240517 0.0525947 0.0619701 0.1051256 0.0814289 0.0739546 0.1963547 0.1466591 0.0757506 0.0924663 0.1728990 0.0427026 0.2031186 0.0725886 0.0473716 0.0484867 0.0687640 0.2195402 0.0121738 0.0296211 0.0664013 0.0000010 0.1310282 0.1382945 0.1142900 0.0981347 0.0205769 0.1106319 0.0567017 0.0294648 0.0162104 0.0256947 0.0786534 0.0401290 0.1397900 0.0686462 0.0619699 0.1520845 0.0301807 0.0477110 0.0631763 0.1856900 0.0096861 0.0592377 0.0310871 0.0205727 0.1280296 0.0163337 0.1406706 0.0206798 0.0634908 0.0534037 0.0674830 0.1438181 0.0576310 0.0625731 0.1085339 0.0482257 0.0479192 0.0796542 0.0428816 
S0760         0.1691122 0.0623298 0.0527064 0.0000010 0.0335498 0.0785703 0.1353429 0.1127970 0.0743364 0.0525215 0.0966798 0.0576570 0.0524586 0.0567836 0.0844702 0.1281048 0.0120751 0.0618538 0.1151584 0.0499130 0.0640158 0.1013146 0.0572970 0.0645217 0.0727164 0.0206673 0.2181420 0.0435071 0.1080288 0.0520266 0.0000000 0.0572558 0.0079944 0.1018752 0.0767775 0.1275373 0.0249488 0.0574591 0.0771247 0.0657615 0.0385870 0.1939675 0.1249362 0.0708485 0.0763470 0.1564250 0.0079944 0.1759546 0.0630133 0.0290692 0.0481567 0.0485433 0.1761934 0.0572924 0.0435078 0.0378799 0.0000010 0.1343257 0.1104047 0.1331757 0.0982036 0.0670325 0.0942532 0.0378533 0.0778142 0.0615050 0.0540646 0.0578799 0.0593096 0.1559029 0.0484526 0.0426560 0.1504656 0.0484721 0.0121640 0.0433955 0.1808005 0.0521160 0.0440259 0.0172218 0.0670104 0.1267850 0.0424257 0.1148761 0.0472906 0.0436377 0.0342988 0.0617720 0.1469930 0.0384237 0.0430382 0.0962501 0.0295876 0.0293903 0.0628553 0.0248106 
S0763         0.1894279 0.0386314 0.0039846 0.0000010 0.0526270 0.0535569 0.1714958 0.1080523 0.0963144 0.0891472 0.0989657 0.0738590 0.0039674 0.0248788 0.0863887 0.1441722 0.0524100 0.0678371 0.1235597 0.0505084 0.0702975 0.1239939 0.0250750 0.0149458 0.0861711 0.0435422 0.1942184 0.0640510 0.1032128 0.0121673 0.0572558 0.0000000 0.0477052 0.1025648 0.0772897 0.1320337 0.0578928 0.0628053 0.1066282 0.0825370 0.0799041 0.1709219 0.1417539 0.0819053 0.0991099 0.1489954 0.0477052 0.1775345 0.0735858 0.0524917 0.0537511 0.0745900 0.1930490 0.0079975 0.0299703 0.0719758 0.0000010 0.1389239 0.1334203 0.1094858 0.0929880 0.0250613 0.1004776 0.0620376 0.0248678 0.0205586 0.0304428 0.0796840 0.0453196 0.1480624 0.0744640 0.0674789 0.1545212 0.0305431 0.0528794 0.0688117 0.1961795 0.0047590 0.0648627 0.0361046 0.0250559 0.1299676 0.0207193 0.1487138 0.0251905 0.0691753 0.0587958 0.0731715 0.1357534 0.0583507 0.0681551 0.1155417 0.0534603 0.0531101 0.0857942 0.0479082 
S0770         0.1768836 0.0523680 0.0432447 0.0000010 0.0246760 0.0679423 0.1344528 0.1009682 0.0637536 0.0522271 0.0846600 0.0574207 0.0428453 0.0471081 0.0839634 0.1153808 0.0039479 0.0618936 0.1029606 0.0401851 0.0637455 0.1060441 0.0572432 0.0524876 0.0612415 0.0121591 0.2164735 0.0432648 0.0956977 0.0427026 0.0079944 0.0477052 0.0000000 0.0903443 0.0658192 0.1150101 0.0249630 0.0470835 0.0767838 0.0551881 0.0384326 0.1924952 0.1122239 0.0601428 0.0657470 0.1552771 0.0000010 0.1746515 0.0577030 0.0203631 0.0387990 0.0389220 0.1748899 0.0477349 0.0342775 0.0378467 0.0000010 0.1213943 0.0982800 0.1199586 0.0858091 0.0569409 0.0936600 0.0290040 0.0672751 0.0516908 0.0441376 0.0479892 0.0494021 0.1420945 0.0388458 0.0334583 0.1369990 0.0390548 0.0039756 0.0341866 0.1794494 0.0409326 0.0345121 0.0084361 0.0571927 0.1137448 0.0332862 0.1143580 0.0379362 0.0436649 0.0252171 0.0521513 0.1336468 0.0292913 0.0338998 0.0848664 0.0207146 0.0206746 0.0585742 0.0162923 
S0771         0.2214640 0.1195487 0.1087788 0.0000010 0.0853468 0.1209302 0.2192453 0.1335343 0.1254303 0.1202617 0.1080912 0.1216603 0.1076504 0.1237148 0.1766803 0.2124216 0.0849717 0.1265731 0.1595198 0.0679620 0.1346264 0.1741944 0.1258085 0.1189913 0.1594791 0.0860366 0.2281465 0.1027740 0.1241611 0.1071001 0.1018752 0.1025648 0.0903443 0.0000000 0.1131847 0.1426910 0.0811461 0.0542080 0.0793807 0.0534729 0.1333745 0.2036149 0.1691359 0.0688740 0.0853329 0.1726208 0.0903443 0.2103164 0.0566929 0.0849717 0.1104248 0.0810376 0.2109766 0.1140696 0.1057683 0.0854753 0.0000010 0.1759583 0.1796038 0.1246676 0.1078998 0.1250633 0.1431760 0.0962365 0.1262752 0.1064377 0.1235202 0.1084276 0.1228282 0.1926269 0.1028186 0.0945688 0.1744425 0.1041827 0.0967636 0.1209133 0.2359090 0.1129883 0.0979175 0.0725920 0.1256638 0.1745368 0.0946039 0.1821624 0.1008292 0.1203747 0.0924925 0.1191863 0.1903271 0.0745371 0.0926210 0.1518489 0.1032366 0.0976586 0.1542909 0.0912200 
S0888         0.2004545 0.1051224 0.0831596 0.0000010 0.0821489 0.0859139 0.1443048 0.0439634 0.1227994 0.1242768 0.0400772 0.1189297 0.0823000 0.0869691 0.1406294 0.1196747 0.0710132 0.1120440 0.1072455 0.0850300 0.1140159 0.0838378 0.0996571 0.0896765 0.1313801 0.0720330 0.2017874 0.1014350 0.0441692 0.0819217 0.0767775 0.0772897 0.0658192 0.1131847 0.0000000 0.1074551 0.0777091 0.0950667 0.1226214 0.0941312 0.0950850 0.1930965 0.0804864 0.1077935 0.1150433 0.1478127 0.0658192 0.1998844 0.0915172 0.0819247 0.1077177 0.1026321 0.1698037 0.0883446 0.0835010 0.1045402 0.0000010 0.1139517 0.0904539 0.0587587 0.0325768 0.0990688 0.0533009 0.0931913 0.1046517 0.0814183 0.0919499 0.0879951 0.0859498 0.1339654 0.1080182 0.0991843 0.1581837 0.0795156 0.0717290 0.0834398 0.1421025 0.0680314 0.0973429 0.0582166 0.0995484 0.1227010 0.0702364 0.1186128 0.0760290 0.1145032 0.0898857 0.1109423 0.1258586 0.0892088 0.0781972 0.1603061 0.0725831 0.0834249 0.1389361 0.0664544 
S0894         0.2633484 0.1387605 0.1262414 0.0000010 0.1155712 0.1215852 0.0823248 0.0932694 0.1610685 0.1544567 0.1118358 0.1593879 0.1255151 0.1302295 0.1857209 0.0664386 0.1211269 0.1375348 0.0448033 0.1185699 0.1407544 0.1353356 0.1454049 0.1292315 0.1325965 0.1104167 0.2087889 0.1319992 0.1036428 0.1240517 0.1275373 0.1320337 0.1150101 0.1426910 0.1074551 0.0000000 0.1292734 0.1370483 0.1486787 0.1148664 0.1599087 0.2179375 0.1604841 0.1247127 0.1293276 0.1505585 0.1150101 0.1663247 0.1059897 0.1089132 0.1254950 0.1448933 0.2133815 0.1190082 0.1318737 0.1210120 0.0000010 0.0126191 0.1631437 0.0993328 0.1080755 0.1452997 0.1476864 0.1336758 0.1332197 0.1367352 0.1371894 0.1024337 0.0944334 0.0399348 0.1446652 0.1211845 0.0867698 0.1211557 0.1226182 0.1448238 0.0381865 0.1123479 0.1391037 0.0854963 0.1452145 0.0582256 0.1103536 0.0546530 0.1175493 0.1108207 0.1243813 0.1363622 0.0353165 0.1163676 0.1435160 0.1261188 0.1302787 0.1161102 0.1777002 0.1155895 
S0906         0.1724090 0.0630314 0.0532901 0.0000010 0.0430513 0.0794924 0.1498595 0.1142675 0.0859725 0.0629705 0.1052336 0.0583025 0.0530368 0.0671941 0.1075995 0.1297876 0.0293276 0.0625437 0.1166331 0.0505660 0.0751429 0.1146809 0.0678320 0.0654022 0.0796177 0.0297016 0.2378087 0.0634360 0.1094423 0.0525947 0.0249488 0.0578928 0.0249630 0.0811461 0.0777091 0.1292734 0.0000000 0.0582562 0.0834532 0.0666590 0.0539350 0.2127112 0.1269237 0.0716965 0.0884012 0.1808874 0.0249630 0.2037325 0.0532196 0.0383637 0.0684559 0.0589627 0.2039471 0.0579303 0.0535500 0.0475272 0.0000010 0.1361035 0.1121049 0.1349794 0.0995686 0.0677917 0.1124571 0.0383083 0.0787209 0.0621877 0.0604689 0.0686549 0.0599930 0.1580389 0.0588564 0.0525678 0.1526142 0.0545612 0.0295643 0.0534989 0.1988141 0.0528018 0.0543016 0.0219617 0.0677690 0.1284958 0.0428768 0.1118443 0.0478016 0.0537422 0.0393554 0.0625614 0.1489642 0.0482460 0.0342891 0.1089302 0.0342634 0.0388006 0.0843087 0.0250654 
S0956         0.2293212 0.0791694 0.0628760 0.0000010 0.0418310 0.0975820 0.1864112 0.1212692 0.0913029 0.0802227 0.0959599 0.0930795 0.0625512 0.0781296 0.1344927 0.1806544 0.0420303 0.0977040 0.1418177 0.0170059 0.1145434 0.1416408 0.0734140 0.0695705 0.1138911 0.0425588 0.2379449 0.0917764 0.0942769 0.0619701 0.0574591 0.0628053 0.0470835 0.0542080 0.0950667 0.1370483 0.0582562 0.0000000 0.0404578 0.0216920 0.0868867 0.1775308 0.1567358 0.0570929 0.0575174 0.1780999 0.0470835 0.2021108 0.0272099 0.0522800 0.0813733 0.0583884 0.2193871 0.0679773 0.0669823 0.0734977 0.0000010 0.1730290 0.1472716 0.1275922 0.0750736 0.0789092 0.1206068 0.0626627 0.0854151 0.0725688 0.0760794 0.0569038 0.0817065 0.1797973 0.0582756 0.0515605 0.1540743 0.0754041 0.0526997 0.0691040 0.2134932 0.0699685 0.0425599 0.0334890 0.0788782 0.1557139 0.0567047 0.1578515 0.0623741 0.0974376 0.0429938 0.0673925 0.1882696 0.0362945 0.0694785 0.1170865 0.0582241 0.0529499 0.1118378 0.0577687 
S0959         0.2650043 0.1037179 0.1068301 0.0000010 0.0760639 0.1448566 0.2386819 0.1291322 0.1295802 0.1121053 0.0945773 0.1047276 0.1056819 0.1166986 0.1643553 0.2221514 0.0714184 0.0982425 0.1806463 0.0430096 0.1239254 0.1493683 0.1123249 0.1244441 0.1307434 0.0774735 0.2540081 0.1123903 0.1077673 0.1051256 0.0771247 0.1066282 0.0767838 0.0793807 0.1226214 0.1486787 0.0834532 0.0404578 0.0000000 0.0488194 0.1036718 0.2162512 0.1600311 0.0823710 0.0721320 0.1840796 0.0767838 0.1919147 0.0464290 0.0875394 0.0945605 0.0833366 0.2148635 0.1123084 0.1065084 0.0879186 0.0000010 0.1838984 0.1546994 0.1433072 0.1031744 0.1236992 0.1543424 0.0991002 0.1251849 0.1161604 0.1034364 0.0920760 0.1062647 0.2256866 0.0944348 0.0862916 0.2140015 0.1047664 0.0830571 0.1008954 0.1914086 0.1093447 0.0660701 0.0629643 0.1193288 0.1902840 0.0922680 0.1754441 0.0986661 0.0929907 0.0681915 0.0972581 0.1991517 0.0594103 0.1073279 0.1524000 0.0877675 0.0891716 0.1110560 0.0940670 
S0960         0.2469139 0.1046151 0.0826574 0.0000010 0.0499532 0.1058142 0.1582051 0.1206541 0.0987999 0.0936033 0.0960086 0.1065324 0.0818038 0.0975495 0.1545962 0.1666581 0.0501942 0.1115408 0.1186962 0.0297463 0.1157265 0.1458978 0.0991460 0.0943196 0.1254183 0.0508096 0.2503667 0.0880399 0.1001454 0.0814289 0.0657615 0.0825370 0.0551881 0.0534729 0.0941312 0.1148664 0.0666590 0.0216920 0.0488194 0.0000000 0.0945713 0.2245819 0.1398588 0.0597710 0.0653432 0.1916749 0.0551881 0.2152093 0.0359582 0.0501942 0.0728842 0.0561012 0.2321336 0.0878384 0.0876802 0.0709647 0.0000010 0.1461186 0.1452668 0.1122205 0.0833111 0.0985602 0.1126076 0.0709081 0.0994672 0.0918398 0.0962893 0.0533476 0.0957994 0.1614444 0.0663422 0.0595152 0.1510240 0.0780752 0.0608108 0.0829363 0.2002705 0.0802711 0.0615701 0.0422804 0.0990378 0.1391147 0.0697746 0.1392196 0.0755498 0.1053978 0.0564423 0.0817357 0.1596310 0.0443550 0.0778395 0.1119232 0.0723043 0.0613944 0.1137067 0.0661087 
S1083         0.2178778 0.0787921 0.0750145 0.0000010 0.0631198 0.1031316 0.1800986 0.1346890 0.0954204 0.0847414 0.1074146 0.0907742 0.0742701 0.0727047 0.1316858 0.1584307 0.0430041 0.0955284 0.1344220 0.0772520 0.1032294 0.1296428 0.0906784 0.0859407 0.1040141 0.0489066 0.2605103 0.0899841 0.1290650 0.0739546 0.0385870 0.0799041 0.0384326 0.1333745 0.0950850 0.1599087 0.0539350 0.0868867 0.1036718 0.0945713 0.0000000 0.2512834 0.1435626 0.0922597 0.0986549 0.1776590 0.0384326 0.2140757 0.0930981 0.0483374 0.0848459 0.0758268 0.1989269 0.0799599 0.0692254 0.0680754 0.0000010 0.1652305 0.1408963 0.1560558 0.1208846 0.0901648 0.1261434 0.0681352 0.1021717 0.0735190 0.0693045 0.0912106 0.0774386 0.1892236 0.0807348 0.0734283 0.1860488 0.0585647 0.0433742 0.0255150 0.2359305 0.0725600 0.0759620 0.0415018 0.0905853 0.1578886 0.0629557 0.1436468 0.0684044 0.0800060 0.0646355 0.0846981 0.1790555 0.0689850 0.0641787 0.1228652 0.0591890 0.0590173 0.0906506 0.0536047 
