136
PAFTOL_019361 0.0000000 0.1555002 0.1629156 0.1932282 0.1665814 0.1490497 0.1780212 0.1877571 0.1558200 0.1518282 0.1775285 0.1829029 0.1721729 0.1762670 0.1839416 0.1697768 0.1868077 0.1670023 0.1602914 0.1717847 0.1621106 0.1495254 0.1497223 0.1906656 0.1617369 0.1816265 0.1532996 0.1578336 0.1816644 0.1720347 0.1819511 0.1512730 0.1694466 0.1679274 0.1702577 0.1934527 0.1561826 0.1546817 0.1953051 0.1663909 0.1787938 0.1503055 0.1484844 0.1629942 0.1704196 0.1671392 0.1587817 0.1715757 0.1763113 0.1511346 0.1543537 0.1539328 0.1504949 0.1535987 0.1535335 0.1633304 0.1632195 0.1816409 0.1736692 0.1709561 0.1758446 0.1536622 0.1793861 0.1654436 0.1518676 0.1573124 0.1546405 0.1567723 0.1748388 0.1626280 0.1713562 0.1748043 0.1700031 0.1754639 0.1572555 0.1546460 0.1686216 0.1534619 0.1688969 0.1744612 0.1619424 0.1659451 0.1755993 0.1573790 0.1632546 0.1695176 0.1511950 0.1522528 0.1564378 0.1800726 0.1766232 0.1748100 0.1711353 0.1629242 0.2033989 0.1695640 0.1679941 0.1736997 0.1509307 0.1758326 0.1630080 0.1557251 0.1550011 0.1487395 0.1561552 0.1638173 0.1552296 0.1712786 0.1588067 0.1550363 0.1890313 0.1545123 0.1548770 0.1977568 0.1627452 0.1832139 0.1469954 0.1464533 0.1597275 0.1504514 0.1544558 0.1853937 0.1535015 0.1752673 0.1523768 0.1496745 0.1677344 0.1665663 0.1822882 0.1499453 0.1536265 0.1291595 0.1526987 0.1561989 0.1619066 0.1511669 
S0055         0.1555002 0.0000000 0.0603893 0.0980369 0.0759383 0.0400760 0.0948755 0.0911693 0.0661916 0.0458127 0.0708821 0.0900643 0.0926897 0.0936045 0.0901401 0.0905303 0.0871320 0.0783943 0.0817351 0.0911470 0.0658840 0.0398288 0.0406617 0.0905848 0.0631357 0.0845688 0.0563766 0.0665182 0.0788375 0.0912412 0.0840483 0.0689141 0.0729704 0.0902256 0.0903878 0.0943200 0.0485760 0.0406401 0.0955559 0.0705978 0.0837964 0.0512723 0.0394190 0.0640825 0.0891178 0.1148492 0.0627649 0.0912333 0.0873636 0.0407756 0.0706583 0.0563649 0.0394866 0.0578541 0.0587758 0.0798180 0.0680515 0.0837739 0.0966008 0.0759630 0.0748011 0.0568040 0.0868652 0.0804875 0.0684495 0.0691040 0.0712047 0.0698547 0.0754344 0.0720232 0.1178547 0.0888586 0.0932298 0.0944440 0.0734680 0.0737635 0.1141666 0.0562862 0.1144230 0.0888795 0.0737121 0.0752363 0.0943560 0.0496023 0.0734598 0.1161426 0.0397848 0.0478512 0.0607815 0.0858781 0.0782159 0.0786802 0.0898307 0.0771472 0.1030203 0.0905726 0.0893281 0.0950730 0.0419293 0.0955354 0.0745778 0.0649361 0.0420035 0.0384787 0.0252512 0.0723592 0.0461819 0.0794995 0.0626561 0.0663696 0.0933586 0.0466358 0.0589082 0.0959289 0.0712653 0.0865128 0.0372304 0.0489782 0.0697626 0.0629450 0.0480138 0.0955034 0.0445735 0.0832728 0.0409177 0.0492074 0.0760786 0.0752847 0.0865006 0.0659460 0.0599462 0.0387354 0.0572952 0.0645301 0.0672995 0.0599826 
S0196sl       0.1629156 0.0603893 0.0000000 0.0923281 0.0370134 0.0575822 0.0863623 0.0871675 0.0513625 0.0623544 0.0905976 0.0855140 0.0845509 0.0864193 0.0871841 0.0835435 0.0801128 0.0608449 0.0648689 0.0818421 0.0610554 0.0587359 0.0593647 0.0872527 0.0712619 0.0794016 0.0136631 0.0671004 0.0750556 0.0815308 0.0772865 0.0611793 0.0790175 0.0847888 0.0809791 0.0895515 0.0670469 0.0569415 0.0884216 0.0644017 0.0808653 0.0594391 0.0565499 0.0252861 0.0798478 0.1117842 0.0712633 0.0828487 0.0759453 0.0575837 0.0647059 0.0134877 0.0582277 0.0151586 0.0156279 0.0708634 0.0290606 0.0775091 0.0898550 0.0720664 0.0686642 0.0416497 0.0824196 0.0705362 0.0613306 0.0612305 0.0628297 0.0617744 0.0942588 0.0335477 0.1115861 0.0805386 0.0867677 0.0855174 0.0646468 0.0664993 0.1087662 0.0138147 0.1091800 0.0807162 0.0645501 0.0613587 0.0883503 0.0655618 0.0592027 0.1105286 0.0585583 0.0653190 0.0359676 0.0808959 0.0745142 0.0755120 0.0834865 0.0700429 0.0952247 0.0853892 0.0806685 0.0867282 0.0600338 0.0882976 0.0578704 0.0504642 0.0603851 0.0558225 0.0633792 0.0584639 0.0604336 0.0717900 0.0484721 0.0510704 0.0867372 0.0646166 0.0166612 0.0917233 0.0332195 0.0829348 0.0552447 0.0211542 0.0564249 0.0467392 0.0657734 0.0912539 0.0617913 0.0799056 0.0586888 0.0553018 0.0602730 0.0596110 0.0820724 0.0572289 0.0455464 0.0403482 0.0330794 0.0484676 0.0673320 0.0445167 
S0278         0.1932282 0.0980369 0.0923281 0.0000000 0.1039880 0.0959387 0.1252666 0.0418054 0.0960692 0.1000251 0.1268104 0.0358366 0.1229787 0.1227133 0.0438434 0.1208904 0.0478352 0.1066060 0.1142684 0.1212659 0.1044307 0.0957809 0.0965804 0.0442445 0.1090422 0.0393283 0.0878802 0.1034460 0.0599038 0.1205695 0.0540361 0.1032966 0.1164636 0.1186926 0.1204642 0.0360561 0.1041992 0.0954338 0.0377775 0.0535671 0.0847531 0.0964233 0.0944735 0.0951531 0.1178051 0.1474733 0.1065456 0.1208111 0.1206027 0.0962331 0.1053880 0.0874472 0.0953723 0.0897644 0.0900768 0.1127045 0.0991701 0.0689428 0.1275438 0.0781287 0.0602709 0.0881453 0.0419804 0.1091430 0.1024463 0.1047001 0.1060863 0.1038746 0.1256851 0.1029456 0.1501826 0.1195944 0.1214178 0.1222057 0.1077907 0.1066110 0.1474349 0.0878584 0.1475945 0.0933372 0.1071275 0.1071441 0.1239654 0.1026112 0.1039920 0.1490522 0.0936060 0.1031177 0.0928266 0.0530507 0.0794759 0.0814551 0.1202567 0.0591590 0.0366392 0.1194283 0.1191822 0.1253975 0.0980422 0.1235494 0.1032497 0.0953908 0.0961810 0.0934010 0.0988120 0.1043790 0.0984993 0.0660541 0.0947954 0.0981844 0.0421988 0.1021892 0.0904099 0.0483390 0.1019012 0.0865913 0.0929829 0.0842313 0.1030373 0.0929077 0.1035375 0.0378205 0.0990394 0.0693858 0.0966489 0.0904216 0.1045929 0.1028975 0.0881561 0.0983664 0.0918652 0.0788586 0.0892262 0.0958859 0.1057528 0.0907762 
S0281         0.1665814 0.0759383 0.0370134 0.1039880 0.0000000 0.0721464 0.0998923 0.0988197 0.0641391 0.0766853 0.1044189 0.0967029 0.0976463 0.0996912 0.0995808 0.0973569 0.0941528 0.0750006 0.0816419 0.0958032 0.0798429 0.0732641 0.0743394 0.0989032 0.0849820 0.0934491 0.0337687 0.0803225 0.0878807 0.0953644 0.0916872 0.0763277 0.0928022 0.0976642 0.0955010 0.1018198 0.0818550 0.0733430 0.1018671 0.0787628 0.0936711 0.0743641 0.0718375 0.0372724 0.0939142 0.1256704 0.0864552 0.0959320 0.0917445 0.0734353 0.0796063 0.0338593 0.0727763 0.0349914 0.0354615 0.0865595 0.0403289 0.0918705 0.1038286 0.0849396 0.0815141 0.0569069 0.0962688 0.0842514 0.0761908 0.0761004 0.0787327 0.0776546 0.1057399 0.0502321 0.1259782 0.0948006 0.0999173 0.0989629 0.0788449 0.0798382 0.1234295 0.0339114 0.1239921 0.0988468 0.0796541 0.0773896 0.1006997 0.0805979 0.0728016 0.1252085 0.0731755 0.0803799 0.0526257 0.0945498 0.0874986 0.0885956 0.0964095 0.0845066 0.1080031 0.0979437 0.0938621 0.0993667 0.0741710 0.1018072 0.0730762 0.0637014 0.0754685 0.0702652 0.0799558 0.0730557 0.0765302 0.0870981 0.0623175 0.0641291 0.0988737 0.0805419 0.0363474 0.1038710 0.0500211 0.0957265 0.0696589 0.0331308 0.0698873 0.0614421 0.0802542 0.1036985 0.0774882 0.0929836 0.0746079 0.0705965 0.0738949 0.0747170 0.0954336 0.0726116 0.0608209 0.0449246 0.0484407 0.0634470 0.0819580 0.0595345 
S0282         0.1490497 0.0400760 0.0575822 0.0959387 0.0721464 0.0000000 0.0923005 0.0900905 0.0627412 0.0219493 0.0619492 0.0865491 0.0897670 0.0920294 0.0887041 0.0884030 0.0860700 0.0752215 0.0784217 0.0881879 0.0632353 0.0153784 0.0203255 0.0904187 0.0603449 0.0846346 0.0531458 0.0634802 0.0802732 0.0883332 0.0824159 0.0669479 0.0687349 0.0873190 0.0872954 0.0935412 0.0290660 0.0196450 0.0938533 0.0692078 0.0817876 0.0493942 0.0144874 0.0612477 0.0861266 0.1134292 0.0602743 0.0885288 0.0834752 0.0237624 0.0697376 0.0524983 0.0152916 0.0545032 0.0550648 0.0793276 0.0648127 0.0829907 0.0959218 0.0743722 0.0731608 0.0541992 0.0843956 0.0768909 0.0672734 0.0675865 0.0691717 0.0685665 0.0661016 0.0689135 0.1160620 0.0867974 0.0921139 0.0918900 0.0719285 0.0734067 0.1121822 0.0528947 0.1124753 0.0876797 0.0719232 0.0737419 0.0933212 0.0474166 0.0700947 0.1143916 0.0190105 0.0365882 0.0583485 0.0857438 0.0768387 0.0774781 0.0865842 0.0743826 0.1002990 0.0879852 0.0871283 0.0927514 0.0209168 0.0951415 0.0720657 0.0622473 0.0218405 0.0198405 0.0421833 0.0695924 0.0431591 0.0789516 0.0608761 0.0636153 0.0919928 0.0350473 0.0555518 0.0952975 0.0687376 0.0848557 0.0128195 0.0464213 0.0668670 0.0607272 0.0318889 0.0943969 0.0330967 0.0819634 0.0281550 0.0451623 0.0728122 0.0723300 0.0847086 0.0647258 0.0579767 0.0368074 0.0547871 0.0626908 0.0651150 0.0573605 
S0288         0.1780212 0.0948755 0.0863623 0.1252666 0.0998923 0.0923005 0.0000000 0.1185025 0.0906764 0.0961543 0.1261664 0.1141884 0.0171189 0.0567740 0.1184093 0.0136334 0.1144599 0.1016829 0.1037047 0.0119085 0.0994425 0.0928530 0.0935905 0.1197570 0.1050280 0.1117026 0.0821657 0.0998189 0.1083365 0.0086112 0.1102375 0.0975612 0.1108970 0.0663294 0.0125890 0.1210427 0.1002637 0.0922212 0.1200335 0.0968757 0.1061325 0.0917546 0.0926525 0.0889868 0.0133751 0.1395850 0.1038034 0.0123551 0.1115301 0.0935216 0.0996678 0.0825427 0.0938046 0.0838488 0.0849841 0.1078085 0.0929323 0.1112112 0.0719868 0.0983180 0.1023722 0.0823950 0.1134612 0.0308393 0.0960171 0.0961066 0.0987453 0.0980341 0.1241101 0.0979969 0.1396196 0.1139721 0.0660974 0.0706150 0.1000119 0.1009673 0.1374315 0.0816674 0.1364923 0.1203409 0.1008952 0.1019780 0.0690153 0.1001152 0.0977298 0.1379133 0.0916167 0.0988330 0.0888163 0.1138513 0.1009266 0.1014782 0.0148295 0.1027718 0.1281964 0.0667191 0.0053893 0.0072176 0.0942466 0.0695727 0.0984485 0.0909471 0.0940060 0.0898460 0.0960435 0.0976726 0.0967888 0.1062845 0.0882394 0.0915242 0.1212737 0.0995661 0.0856692 0.1232250 0.0970863 0.1080172 0.0898876 0.0738567 0.0956671 0.0867437 0.1016914 0.1216819 0.0963444 0.1111725 0.0938833 0.0875303 0.0997692 0.1000009 0.1083315 0.0911437 0.0859157 0.0606802 0.0829453 0.0912147 0.0988374 0.0843933 
S0289         0.1877571 0.0911693 0.0871675 0.0418054 0.0988197 0.0900905 0.1185025 0.0000000 0.0921833 0.0942009 0.1210120 0.0368785 0.1174566 0.1190630 0.0346360 0.1156314 0.0410855 0.1031582 0.1095973 0.1156087 0.1004452 0.0901833 0.0900933 0.0350583 0.1033422 0.0344368 0.0826619 0.0993120 0.0508988 0.1150630 0.0476242 0.0976418 0.1103610 0.1143935 0.1161826 0.0346380 0.0987339 0.0885761 0.0361410 0.0475976 0.0775698 0.0907648 0.0899796 0.0908034 0.1121833 0.1413562 0.1030690 0.1152251 0.1163198 0.0902195 0.1000595 0.0825557 0.0897545 0.0845308 0.0849569 0.1067336 0.0943954 0.0616324 0.1229366 0.0707092 0.0540082 0.0838934 0.0331940 0.1034841 0.0968473 0.0986462 0.1000210 0.0985978 0.1146618 0.0979556 0.1441574 0.1154208 0.1197773 0.1186556 0.1011656 0.1004728 0.1409665 0.0830378 0.1415474 0.0861036 0.1007858 0.1024887 0.1209306 0.0977944 0.0996126 0.1427923 0.0877282 0.0955722 0.0883659 0.0462900 0.0716133 0.0732711 0.1152601 0.0573521 0.0458803 0.1151846 0.1132471 0.1194873 0.0912128 0.1205423 0.0991923 0.0909198 0.0904453 0.0862736 0.0917472 0.0994961 0.0936795 0.0613214 0.0909027 0.0937134 0.0358369 0.0950791 0.0858669 0.0377686 0.0969448 0.0780369 0.0872217 0.0801612 0.0981098 0.0872937 0.0971876 0.0366858 0.0928389 0.0627658 0.0899278 0.0858723 0.1006931 0.1001846 0.0805153 0.0944158 0.0868791 0.0728340 0.0827926 0.0895426 0.1007437 0.0860880 
S0292         0.1558200 0.0661916 0.0513625 0.0960692 0.0641391 0.0627412 0.0906764 0.0921833 0.0000000 0.0673871 0.0932420 0.0883474 0.0891794 0.0914539 0.0898316 0.0883395 0.0866540 0.0576991 0.0628587 0.0868414 0.0705715 0.0636368 0.0633259 0.0900985 0.0766963 0.0843776 0.0464577 0.0711523 0.0801817 0.0874135 0.0834606 0.0671942 0.0835751 0.0896520 0.0873130 0.0929516 0.0709368 0.0628974 0.0941845 0.0705639 0.0845557 0.0655777 0.0620937 0.0531862 0.0850858 0.1133646 0.0760827 0.0874308 0.0818141 0.0639601 0.0697823 0.0463565 0.0632529 0.0480805 0.0482237 0.0760120 0.0568411 0.0846939 0.0959822 0.0764724 0.0739360 0.0411500 0.0858989 0.0767756 0.0678706 0.0674722 0.0697773 0.0681329 0.0985459 0.0634984 0.1150350 0.0867376 0.0916877 0.0914105 0.0708806 0.0717617 0.1131804 0.0461181 0.1120962 0.0883770 0.0722155 0.0588871 0.0928781 0.0727318 0.0353551 0.1139584 0.0630063 0.0709610 0.0524097 0.0855902 0.0788889 0.0786079 0.0869563 0.0759883 0.1004741 0.0896994 0.0854236 0.0915007 0.0646235 0.0942687 0.0553887 0.0133233 0.0654822 0.0608446 0.0685495 0.0298261 0.0673240 0.0797788 0.0169792 0.0152402 0.0927758 0.0706133 0.0491964 0.0958548 0.0632250 0.0861716 0.0594891 0.0411746 0.0276821 0.0441070 0.0715360 0.0946044 0.0676168 0.0844687 0.0642947 0.0611871 0.0563480 0.0556563 0.0872443 0.0636436 0.0455551 0.0331351 0.0482623 0.0457494 0.0731971 0.0446094 
S0293         0.1518282 0.0458127 0.0623544 0.1000251 0.0766853 0.0219493 0.0961543 0.0942009 0.0673871 0.0000000 0.0670167 0.0902888 0.0937639 0.0961082 0.0921882 0.0925069 0.0888863 0.0800766 0.0828677 0.0915836 0.0683849 0.0155894 0.0262784 0.0941037 0.0659623 0.0887583 0.0588269 0.0682120 0.0839427 0.0922740 0.0862639 0.0719843 0.0730114 0.0924028 0.0898574 0.0972456 0.0347614 0.0258601 0.0992798 0.0741297 0.0865603 0.0549824 0.0201029 0.0654533 0.0904710 0.1175103 0.0653855 0.0928507 0.0863151 0.0296040 0.0745411 0.0584553 0.0176950 0.0601569 0.0606404 0.0840488 0.0688558 0.0877899 0.0984301 0.0788354 0.0783608 0.0589333 0.0874670 0.0806906 0.0721171 0.0728716 0.0743958 0.0732876 0.0719806 0.0736866 0.1211199 0.0931585 0.0947321 0.0950965 0.0776670 0.0782085 0.1168913 0.0582901 0.1167086 0.0910988 0.0766179 0.0791098 0.0959691 0.0520454 0.0745772 0.1190304 0.0252359 0.0418123 0.0639081 0.0901860 0.0814760 0.0821349 0.0908464 0.0787356 0.1038929 0.0936641 0.0903319 0.0969532 0.0266227 0.0978296 0.0762949 0.0660681 0.0284529 0.0255143 0.0481420 0.0744672 0.0482538 0.0822196 0.0646598 0.0676902 0.0953334 0.0405870 0.0605654 0.0987221 0.0732773 0.0887346 0.0191281 0.0517007 0.0716306 0.0653525 0.0368259 0.0993128 0.0381636 0.0859370 0.0333711 0.0508449 0.0765259 0.0767888 0.0893454 0.0696700 0.0625334 0.0405735 0.0593469 0.0672141 0.0703453 0.0619178 
S0294         0.1775285 0.0708821 0.0905976 0.1268104 0.1044189 0.0619492 0.1261664 0.1210120 0.0932420 0.0670167 0.0000000 0.1167192 0.1245127 0.1241454 0.1187234 0.1217498 0.1162987 0.1045511 0.1088138 0.1219393 0.0930657 0.0613884 0.0612748 0.1196573 0.0944875 0.1157642 0.0855782 0.0940087 0.1091524 0.1227264 0.1115541 0.0965562 0.1027248 0.1170067 0.1204337 0.1241101 0.0694518 0.0627981 0.1248025 0.0999663 0.1141925 0.0822068 0.0613180 0.0932116 0.1195189 0.1451980 0.0935602 0.1227407 0.1152614 0.0639001 0.0992082 0.0849574 0.0607827 0.0868739 0.0876971 0.1093383 0.0970962 0.1152309 0.1265646 0.1060133 0.1038637 0.0848954 0.1137816 0.1097138 0.0969330 0.0961803 0.0990503 0.0980179 0.0684369 0.1018555 0.1489140 0.1170539 0.1222640 0.1226708 0.1022859 0.1021133 0.1452804 0.0853504 0.1461460 0.1194994 0.0999082 0.1038984 0.1230988 0.0788110 0.1008444 0.1478249 0.0605209 0.0688113 0.0882146 0.1144184 0.1088361 0.1090884 0.1204850 0.1048331 0.1315240 0.1188552 0.1203072 0.1264639 0.0621926 0.1256708 0.1026157 0.0928400 0.0632771 0.0602160 0.0728053 0.1012669 0.0757012 0.1076487 0.0909373 0.0938259 0.1225834 0.0673639 0.0877917 0.1244996 0.1013526 0.1161773 0.0584244 0.0762260 0.0984480 0.0903753 0.0701825 0.1250572 0.0666956 0.1140519 0.0627353 0.0770079 0.1040194 0.1025939 0.1156035 0.0935751 0.0877858 0.0618605 0.0855261 0.0925899 0.0961079 0.0866730 
S0299         0.1829029 0.0900643 0.0855140 0.0358366 0.0967029 0.0865491 0.1141884 0.0368785 0.0883474 0.0902888 0.1167192 0.0000000 0.1135153 0.1133629 0.0373721 0.1106438 0.0431059 0.1003020 0.1063277 0.1097392 0.0956797 0.0870789 0.0877251 0.0395709 0.0998269 0.0345879 0.0809358 0.0941302 0.0551049 0.1095394 0.0496753 0.0943147 0.1082468 0.1093656 0.1112866 0.0332965 0.0956136 0.0870999 0.0343425 0.0494669 0.0786990 0.0895140 0.0854117 0.0885588 0.1066880 0.1411602 0.0998109 0.1106277 0.1138390 0.0876110 0.0961967 0.0804196 0.0868865 0.0828744 0.0836333 0.1033398 0.0924275 0.0643104 0.1196776 0.0723859 0.0560231 0.0811454 0.0389116 0.0983261 0.0938894 0.0947520 0.0968329 0.0954378 0.1160679 0.0950326 0.1429379 0.1131486 0.1144278 0.1123954 0.0983835 0.0976118 0.1395587 0.0807285 0.1404774 0.0897520 0.0993180 0.0983697 0.1161885 0.0956290 0.0973980 0.1418407 0.0850123 0.0940270 0.0853291 0.0485453 0.0735199 0.0754006 0.1098356 0.0582709 0.0413208 0.1112349 0.1083059 0.1146152 0.0881072 0.1173989 0.0967938 0.0878616 0.0874497 0.0844846 0.0910640 0.0979057 0.0914369 0.0610410 0.0878223 0.0911557 0.0365691 0.0935739 0.0837103 0.0430717 0.0941077 0.0796680 0.0847555 0.0735705 0.0966092 0.0853498 0.0951519 0.0336556 0.0903769 0.0645570 0.0881750 0.0836312 0.0978509 0.0973336 0.0817692 0.0906389 0.0845504 0.0687592 0.0824607 0.0880407 0.0964488 0.0839113 
S0303         0.1721729 0.0926897 0.0845509 0.1229787 0.0976463 0.0897670 0.0171189 0.1174566 0.0891794 0.0937639 0.1245127 0.1135153 0.0000000 0.0549035 0.1174055 0.0144909 0.1116861 0.1001717 0.1026613 0.0126353 0.0969566 0.0906461 0.0915401 0.1185903 0.1026816 0.1098340 0.0802151 0.0977443 0.1062573 0.0130648 0.1077672 0.0954018 0.1094492 0.0664716 0.0135372 0.1186949 0.0983378 0.0900346 0.1188162 0.0940550 0.1062595 0.0895684 0.0907860 0.0859091 0.0138302 0.1369480 0.1011919 0.0130730 0.1094719 0.0911835 0.0979056 0.0803685 0.0908465 0.0821028 0.0827507 0.1046113 0.0914312 0.1091050 0.0698558 0.0980203 0.1017221 0.0815596 0.1118117 0.0306269 0.0942345 0.0931986 0.0956929 0.0963759 0.1231718 0.0960761 0.1382822 0.1131573 0.0659248 0.0685364 0.0977952 0.0980691 0.1351727 0.0796365 0.1350559 0.1199402 0.0981849 0.1002214 0.0679745 0.0984396 0.0974827 0.1372132 0.0900232 0.0967669 0.0865367 0.1131032 0.1002232 0.1012003 0.0134255 0.1008660 0.1253715 0.0665663 0.0127125 0.0163738 0.0920186 0.0684663 0.0968851 0.0896491 0.0920820 0.0873409 0.0946569 0.0969224 0.0949885 0.1036678 0.0864919 0.0899726 0.1189480 0.0971599 0.0830997 0.1227740 0.0956976 0.1076130 0.0880396 0.0669506 0.0937796 0.0867291 0.0990504 0.1197775 0.0948959 0.1095718 0.0913698 0.0859714 0.0985185 0.0983187 0.1077539 0.0905309 0.0848535 0.0564798 0.0819222 0.0905980 0.0972628 0.0831110 
S0308         0.1762670 0.0936045 0.0864193 0.1227133 0.0996912 0.0920294 0.0567740 0.1190630 0.0914539 0.0961082 0.1241454 0.1133629 0.0549035 0.0000000 0.1178041 0.0540639 0.1131304 0.1031579 0.1058922 0.0535501 0.1000984 0.0931000 0.0934155 0.1190405 0.1034739 0.1114160 0.0833600 0.1012681 0.1075605 0.0527448 0.1088721 0.0976301 0.1106633 0.0664303 0.0530203 0.1193897 0.0996585 0.0922791 0.1204550 0.0964188 0.1095340 0.0918933 0.0928824 0.0872379 0.0523773 0.1386346 0.1032425 0.0529421 0.1141704 0.0932356 0.0998976 0.0830225 0.0930927 0.0838639 0.0847104 0.1060155 0.0929317 0.1110527 0.0701580 0.1009171 0.1020793 0.0825094 0.1116022 0.0403690 0.0966240 0.0969561 0.0977031 0.0980508 0.1244533 0.0989415 0.1406435 0.1181754 0.0672874 0.0708075 0.1001400 0.1010824 0.1381981 0.0830701 0.1369150 0.1164117 0.1006801 0.1029822 0.0682343 0.0993137 0.0987737 0.1395385 0.0915303 0.0979940 0.0882212 0.1134663 0.1034343 0.1041694 0.0535819 0.1035349 0.1268513 0.0672158 0.0518206 0.0567887 0.0937103 0.0680062 0.0996904 0.0898163 0.0942484 0.0901500 0.0951685 0.0962294 0.0949558 0.1053382 0.0891321 0.0913526 0.1192267 0.0983358 0.0858265 0.1218574 0.0986918 0.1113097 0.0886509 0.0726137 0.0948633 0.0877724 0.1007560 0.1220193 0.0954937 0.1114929 0.0915388 0.0885871 0.1016024 0.1011439 0.1104544 0.0926126 0.0859014 0.0589832 0.0843563 0.0904213 0.1022681 0.0844131 
S0320         0.1839416 0.0901401 0.0871841 0.0438434 0.0995808 0.0887041 0.1184093 0.0346360 0.0898316 0.0921882 0.1187234 0.0373721 0.1174055 0.1178041 0.0000000 0.1141711 0.0454910 0.1013587 0.1048139 0.1144496 0.0980233 0.0882157 0.0883669 0.0363276 0.1016952 0.0355691 0.0825704 0.0963989 0.0516861 0.1139552 0.0508904 0.0965279 0.1114084 0.1121599 0.1149357 0.0365316 0.0970143 0.0870898 0.0369198 0.0489965 0.0800253 0.0908645 0.0865095 0.0895645 0.1107439 0.1414506 0.1006925 0.1143676 0.1134446 0.0892003 0.0981776 0.0824618 0.0875785 0.0844015 0.0848653 0.1045475 0.0938321 0.0634426 0.1227883 0.0732811 0.0544552 0.0825405 0.0364374 0.1021527 0.0959042 0.0971262 0.0989060 0.0974599 0.1155616 0.0980668 0.1436001 0.1142497 0.1172557 0.1167288 0.1009485 0.0995294 0.1404636 0.0823450 0.1408162 0.0881493 0.1013247 0.1016430 0.1206434 0.0973604 0.0988929 0.1421705 0.0864796 0.0943043 0.0859676 0.0458405 0.0746824 0.0763172 0.1143195 0.0567302 0.0472521 0.1142756 0.1124201 0.1183078 0.0895277 0.1208405 0.0969158 0.0889799 0.0900055 0.0848435 0.0917627 0.0979661 0.0934724 0.0612777 0.0888290 0.0918615 0.0356849 0.0948464 0.0850254 0.0402187 0.0969103 0.0817621 0.0847923 0.0787730 0.0978868 0.0859947 0.0966376 0.0389517 0.0914257 0.0638978 0.0894709 0.0854812 0.0979576 0.0984733 0.0834094 0.0907641 0.0863922 0.0722030 0.0835057 0.0882857 0.0992993 0.0851763 
S0322         0.1697768 0.0905303 0.0835435 0.1208904 0.0973569 0.0884030 0.0136334 0.1156314 0.0883395 0.0925069 0.1217498 0.1106438 0.0144909 0.0540639 0.1141711 0.0000000 0.1106724 0.0985778 0.1027902 0.0091623 0.0955011 0.0891554 0.0896089 0.1152847 0.1012255 0.1083049 0.0793742 0.0961846 0.1055270 0.0098254 0.1069060 0.0956041 0.1085163 0.0637988 0.0105280 0.1170092 0.0964781 0.0887560 0.1158010 0.0942290 0.1039236 0.0883362 0.0887198 0.0849477 0.0102210 0.1366620 0.1007259 0.0097530 0.1096224 0.0897919 0.0980852 0.0799228 0.0898671 0.0814460 0.0820891 0.1048183 0.0898913 0.1080393 0.0689787 0.0961387 0.0996119 0.0798435 0.1093973 0.0283403 0.0942996 0.0936482 0.0964107 0.0959357 0.1207798 0.0951719 0.1386398 0.1125000 0.0627562 0.0681994 0.0977807 0.0979262 0.1346604 0.0794839 0.1345910 0.1121534 0.0982505 0.0986237 0.0658380 0.0975225 0.0955697 0.1364724 0.0875545 0.0948703 0.0862200 0.1102637 0.0983811 0.0994177 0.0109859 0.0994898 0.1242740 0.0635751 0.0094460 0.0131593 0.0905306 0.0664121 0.0957383 0.0882072 0.0902670 0.0860603 0.0918806 0.0957907 0.0935824 0.1025343 0.0851767 0.0885375 0.1169070 0.0959352 0.0829636 0.1194870 0.0944922 0.1058693 0.0863954 0.0677825 0.0930319 0.0844358 0.0973305 0.1179389 0.0931342 0.1079139 0.0898180 0.0851334 0.0967337 0.0961381 0.1054162 0.0884970 0.0834465 0.0527540 0.0816159 0.0880668 0.0956010 0.0818736 
S0327         0.1868077 0.0871320 0.0801128 0.0478352 0.0941528 0.0860700 0.1144599 0.0410855 0.0866540 0.0888863 0.1162987 0.0431059 0.1116861 0.1131304 0.0454910 0.1106724 0.0000000 0.0981719 0.1012692 0.1105747 0.0940557 0.0852538 0.0858543 0.0436105 0.0997246 0.0385402 0.0760964 0.0934431 0.0469363 0.1093280 0.0418464 0.0911230 0.1052517 0.1084076 0.1106319 0.0438328 0.0948567 0.0841380 0.0448650 0.0450276 0.0720802 0.0854444 0.0856653 0.0828548 0.1069666 0.1348412 0.0954852 0.1103646 0.1083566 0.0863181 0.0940551 0.0761409 0.0849398 0.0780119 0.0785414 0.1003802 0.0870561 0.0583358 0.1161803 0.0660234 0.0509208 0.0785200 0.0412813 0.0991628 0.0906795 0.0920447 0.0929794 0.0922084 0.1125283 0.0901654 0.1385031 0.1088179 0.1145105 0.1126491 0.0953071 0.0928609 0.1350158 0.0761661 0.1352029 0.0809544 0.0950964 0.0969829 0.1160254 0.0939959 0.0934797 0.1360818 0.0839591 0.0917803 0.0828433 0.0440054 0.0672451 0.0688663 0.1093202 0.0532324 0.0522071 0.1103008 0.1079937 0.1140164 0.0865920 0.1151129 0.0942133 0.0856926 0.0869384 0.0823563 0.0889398 0.0939204 0.0901797 0.0568967 0.0851815 0.0881479 0.0437571 0.0906523 0.0792553 0.0470906 0.0894408 0.0741861 0.0827375 0.0751952 0.0923607 0.0826814 0.0930885 0.0478028 0.0869700 0.0596010 0.0859031 0.0818027 0.0937902 0.0960994 0.0756664 0.0875828 0.0815274 0.0686950 0.0784728 0.0851224 0.0964424 0.0809846 
S0335         0.1670023 0.0783943 0.0608449 0.1066060 0.0750006 0.0752215 0.1016829 0.1031582 0.0576991 0.0800766 0.1045511 0.1003020 0.1001717 0.1031579 0.1013587 0.0985778 0.0981719 0.0000000 0.0495883 0.0982213 0.0820695 0.0763087 0.0769084 0.1025924 0.0873705 0.0959169 0.0568026 0.0826917 0.0904415 0.0975926 0.0944364 0.0768519 0.0955007 0.0995900 0.0975632 0.1053089 0.0837511 0.0751615 0.1052628 0.0809778 0.0965803 0.0763125 0.0748081 0.0639822 0.0955526 0.1259354 0.0863411 0.0983505 0.0895613 0.0763524 0.0801732 0.0563317 0.0756303 0.0581885 0.0589310 0.0879708 0.0685111 0.0954752 0.1069631 0.0874776 0.0861121 0.0515479 0.0962910 0.0874107 0.0769657 0.0788108 0.0796707 0.0784398 0.1106775 0.0740953 0.1294946 0.0961902 0.1017418 0.1002141 0.0819521 0.0828904 0.1259869 0.0564585 0.1258618 0.0997631 0.0829870 0.0573461 0.1039684 0.0859787 0.0651953 0.1265008 0.0748471 0.0818278 0.0622920 0.0960950 0.0907260 0.0912551 0.0975469 0.0850112 0.1126329 0.1004365 0.0958212 0.1021924 0.0769859 0.1051851 0.0420838 0.0575344 0.0776805 0.0725874 0.0808779 0.0649946 0.0809067 0.0919578 0.0547601 0.0590596 0.1042921 0.0811412 0.0598301 0.1072353 0.0738109 0.0976675 0.0725409 0.0503679 0.0627217 0.0378373 0.0832274 0.1069730 0.0787001 0.0950634 0.0764623 0.0726239 0.0447540 0.0261339 0.0971869 0.0752765 0.0558195 0.0446077 0.0583299 0.0388636 0.0842552 0.0544702 
S0345         0.1602914 0.0817351 0.0648689 0.1142684 0.0816419 0.0784217 0.1037047 0.1095973 0.0628587 0.0828677 0.1088138 0.1063277 0.1026613 0.1058922 0.1048139 0.1027902 0.1012692 0.0495883 0.0000000 0.1020720 0.0867786 0.0786608 0.0796783 0.1104464 0.0923741 0.1012136 0.0615640 0.0867648 0.0966836 0.1010466 0.0969915 0.0817903 0.0983379 0.1027203 0.0993794 0.1094194 0.0850182 0.0799575 0.1120049 0.0885431 0.1013904 0.0789488 0.0763085 0.0680018 0.0987650 0.1308431 0.0902110 0.1022106 0.0954171 0.0789583 0.0826935 0.0606220 0.0790189 0.0626555 0.0631657 0.0926713 0.0727392 0.0990763 0.1102562 0.0922240 0.0897948 0.0555467 0.0987094 0.0898781 0.0822617 0.0830500 0.0843456 0.0824773 0.1167472 0.0766079 0.1333878 0.1022026 0.1025118 0.1051670 0.0871549 0.0877203 0.1300441 0.0606856 0.1312952 0.1014765 0.0863251 0.0633719 0.1073746 0.0846300 0.0703222 0.1306493 0.0777132 0.0854088 0.0684772 0.0988785 0.0951209 0.0961703 0.1021732 0.0881932 0.1179518 0.1033633 0.0985519 0.1043671 0.0795233 0.1083406 0.0261181 0.0623570 0.0791125 0.0753047 0.0831540 0.0676538 0.0818227 0.0953659 0.0595826 0.0634509 0.1092645 0.0852922 0.0643696 0.1114501 0.0764504 0.1032326 0.0765114 0.0511150 0.0683286 0.0438454 0.0855003 0.1121445 0.0804920 0.1006975 0.0789438 0.0772669 0.0272041 0.0482271 0.1024470 0.0779097 0.0584420 0.0420730 0.0635796 0.0454215 0.0874603 0.0586010 
S0355         0.1717847 0.0911470 0.0818421 0.1212659 0.0958032 0.0881879 0.0119085 0.1156087 0.0868414 0.0915836 0.1219393 0.1097392 0.0126353 0.0535501 0.1144496 0.0091623 0.1105747 0.0982213 0.1020720 0.0000000 0.0954821 0.0887147 0.0893114 0.1156870 0.1005362 0.1073631 0.0781292 0.0965608 0.1037922 0.0081885 0.1061604 0.0943297 0.1073461 0.0629958 0.0086741 0.1166555 0.0964340 0.0885289 0.1156866 0.0928264 0.1033422 0.0882769 0.0881914 0.0842165 0.0073630 0.1360432 0.1004708 0.0082730 0.1079583 0.0892755 0.0962046 0.0781975 0.0891498 0.0801853 0.0805061 0.1037006 0.0895850 0.1077143 0.0685790 0.0951035 0.0991847 0.0793530 0.1088778 0.0271215 0.0932354 0.0925844 0.0953422 0.0952656 0.1212515 0.0946476 0.1373688 0.1107044 0.0630922 0.0671308 0.0964155 0.0964295 0.1337451 0.0780445 0.1336809 0.1129023 0.0969982 0.0985831 0.0659423 0.0971920 0.0943705 0.1357817 0.0879324 0.0951186 0.0843893 0.1101450 0.0977216 0.0984419 0.0102221 0.0994750 0.1240440 0.0623092 0.0077135 0.0117314 0.0899101 0.0665280 0.0950776 0.0867093 0.0899430 0.0853546 0.0924023 0.0940350 0.0928698 0.1022497 0.0842877 0.0867414 0.1174182 0.0955659 0.0817799 0.1199349 0.0939707 0.1052010 0.0860766 0.0695681 0.0917923 0.0838065 0.0973035 0.1172928 0.0927955 0.1082334 0.0887897 0.0845430 0.0961762 0.0957970 0.1049583 0.0873373 0.0828627 0.0557520 0.0799717 0.0871993 0.0956503 0.0811137 
S0376         0.1621106 0.0658840 0.0610554 0.1044307 0.0798429 0.0632353 0.0994425 0.1004452 0.0705715 0.0683849 0.0930657 0.0956797 0.0969566 0.1000984 0.0980233 0.0955011 0.0940557 0.0820695 0.0867786 0.0954821 0.0000000 0.0636292 0.0637084 0.1000256 0.0781925 0.0932582 0.0605239 0.0290909 0.0884786 0.0948499 0.0914405 0.0743518 0.0864929 0.0969494 0.0950911 0.1020616 0.0705451 0.0611590 0.1031712 0.0770006 0.0903257 0.0658366 0.0627177 0.0690025 0.0941447 0.1222329 0.0756247 0.0964741 0.0921282 0.0640326 0.0762266 0.0606288 0.0626726 0.0622348 0.0624009 0.0849173 0.0733576 0.0902838 0.1040626 0.0825966 0.0817851 0.0624349 0.0896375 0.0857471 0.0743744 0.0735955 0.0763854 0.0759363 0.0929438 0.0775973 0.1233274 0.0951076 0.0999802 0.1011738 0.0792928 0.0768082 0.1216823 0.0607419 0.1216290 0.0964910 0.0792414 0.0814091 0.1013966 0.0721711 0.0780648 0.1233381 0.0626927 0.0712939 0.0675676 0.0927232 0.0849067 0.0852372 0.0949577 0.0827063 0.1092716 0.0980606 0.0926279 0.0996736 0.0646017 0.1023499 0.0789789 0.0701773 0.0648239 0.0604226 0.0674943 0.0783016 0.0684448 0.0861425 0.0693857 0.0717324 0.0987328 0.0697200 0.0634433 0.1050087 0.0772143 0.0932397 0.0604661 0.0596929 0.0761807 0.0681585 0.0716609 0.1038036 0.0669161 0.0907882 0.0651046 0.0609900 0.0799236 0.0799433 0.0922770 0.0725378 0.0652433 0.0463838 0.0627904 0.0696948 0.0347928 0.0650766 
S0400         0.1495254 0.0398288 0.0587359 0.0957809 0.0732641 0.0153784 0.0928530 0.0901833 0.0636368 0.0155894 0.0613884 0.0870789 0.0906461 0.0931000 0.0882157 0.0891554 0.0852538 0.0763087 0.0786608 0.0887147 0.0636292 0.0000000 0.0209990 0.0906067 0.0609826 0.0846236 0.0541786 0.0645419 0.0790061 0.0891142 0.0815732 0.0674612 0.0690671 0.0887204 0.0881624 0.0921996 0.0290772 0.0201560 0.0932163 0.0696070 0.0815846 0.0500493 0.0150065 0.0614681 0.0869670 0.1132817 0.0612792 0.0890880 0.0837816 0.0246945 0.0698609 0.0536261 0.0113099 0.0554495 0.0563800 0.0794751 0.0647469 0.0829257 0.0969174 0.0742860 0.0732974 0.0545653 0.0846633 0.0773957 0.0675938 0.0682877 0.0694117 0.0689898 0.0659543 0.0693540 0.1163545 0.0879277 0.0924109 0.0925029 0.0721075 0.0735550 0.1123423 0.0538355 0.1126350 0.0864505 0.0727595 0.0740598 0.0934865 0.0471433 0.0707771 0.1145407 0.0193472 0.0370502 0.0585721 0.0849280 0.0762469 0.0771602 0.0873413 0.0752409 0.1004785 0.0895717 0.0877765 0.0939233 0.0212551 0.0962322 0.0719597 0.0623515 0.0220159 0.0200961 0.0420450 0.0706998 0.0437712 0.0780735 0.0617622 0.0642185 0.0913975 0.0354133 0.0561219 0.0950532 0.0689738 0.0846726 0.0132299 0.0469604 0.0676646 0.0614878 0.0328382 0.0947131 0.0332821 0.0822245 0.0281658 0.0459827 0.0732202 0.0732882 0.0841210 0.0653251 0.0578077 0.0370555 0.0551875 0.0634701 0.0655728 0.0572036 
S0405         0.1497223 0.0406617 0.0593647 0.0965804 0.0743394 0.0203255 0.0935905 0.0900933 0.0633259 0.0262784 0.0612748 0.0877251 0.0915401 0.0934155 0.0883669 0.0896089 0.0858543 0.0769084 0.0796783 0.0893114 0.0637084 0.0209990 0.0000000 0.0901816 0.0613832 0.0840144 0.0548703 0.0642810 0.0795062 0.0898848 0.0821643 0.0680907 0.0703307 0.0903896 0.0891569 0.0927355 0.0302822 0.0174441 0.0936716 0.0689491 0.0824251 0.0505419 0.0194624 0.0622933 0.0876416 0.1127322 0.0613807 0.0897653 0.0845320 0.0249399 0.0709491 0.0542262 0.0207412 0.0561524 0.0570819 0.0800654 0.0663487 0.0834430 0.0966429 0.0751857 0.0734117 0.0556710 0.0848058 0.0791100 0.0682398 0.0681001 0.0701278 0.0695361 0.0656530 0.0705911 0.1157379 0.0862912 0.0922867 0.0930207 0.0728654 0.0741677 0.1112098 0.0548806 0.1117141 0.0867380 0.0730282 0.0745295 0.0937747 0.0484850 0.0701931 0.1135159 0.0201515 0.0381470 0.0596858 0.0859003 0.0775637 0.0779988 0.0882032 0.0744493 0.1019057 0.0905336 0.0883501 0.0946152 0.0183932 0.0965105 0.0726844 0.0626356 0.0235021 0.0174871 0.0424320 0.0703249 0.0440235 0.0792783 0.0609717 0.0638224 0.0911339 0.0361912 0.0571152 0.0950913 0.0699158 0.0855288 0.0179831 0.0480437 0.0675220 0.0616493 0.0327744 0.0942851 0.0339838 0.0828306 0.0286715 0.0464644 0.0739145 0.0734094 0.0850700 0.0649126 0.0595846 0.0367091 0.0554389 0.0631894 0.0661765 0.0584797 
S0407sl       0.1906656 0.0905848 0.0872527 0.0442445 0.0989032 0.0904187 0.1197570 0.0350583 0.0900985 0.0941037 0.1196573 0.0395709 0.1185903 0.1190405 0.0363276 0.1152847 0.0436105 0.1025924 0.1104464 0.1156870 0.1000256 0.0906067 0.0901816 0.0000000 0.1046984 0.0351798 0.0818689 0.0993448 0.0485098 0.1158315 0.0485635 0.0967708 0.1100380 0.1141779 0.1160346 0.0390855 0.0988005 0.0893131 0.0392794 0.0449580 0.0788603 0.0896271 0.0895425 0.0897327 0.1127845 0.1423323 0.1023156 0.1153576 0.1123079 0.0913519 0.0983122 0.0822660 0.0903578 0.0841537 0.0841871 0.1050748 0.0941878 0.0592031 0.1237742 0.0700335 0.0527232 0.0831436 0.0338438 0.1030364 0.0960770 0.0977240 0.0995740 0.0981421 0.1127688 0.0973470 0.1457734 0.1148171 0.1190698 0.1198197 0.1008021 0.0999665 0.1434159 0.0827519 0.1429413 0.0833826 0.1005912 0.1022283 0.1215625 0.0987439 0.0977586 0.1440094 0.0887083 0.0955793 0.0873417 0.0425554 0.0731736 0.0735369 0.1157682 0.0545468 0.0493483 0.1156234 0.1142199 0.1202951 0.0920782 0.1215326 0.0989510 0.0896742 0.0910084 0.0867639 0.0918321 0.0985328 0.0946889 0.0597376 0.0889207 0.0925806 0.0394436 0.0957769 0.0857212 0.0201310 0.0964323 0.0791122 0.0872040 0.0787093 0.0958467 0.0860194 0.0979120 0.0420693 0.0930984 0.0615636 0.0903607 0.0863441 0.0991962 0.0996276 0.0817031 0.0912516 0.0873838 0.0719531 0.0825735 0.0887071 0.1016095 0.0862652 
S0412sl       0.1617369 0.0631357 0.0712619 0.1090422 0.0849820 0.0603449 0.1050280 0.1033422 0.0766963 0.0659623 0.0944875 0.0998269 0.1026816 0.1034739 0.1016952 0.1012255 0.0997246 0.0873705 0.0923741 0.1005362 0.0781925 0.0609826 0.0613832 0.1046984 0.0000000 0.0974085 0.0657478 0.0782224 0.0915775 0.1010519 0.0959449 0.0801982 0.0673233 0.0995791 0.1007135 0.1058900 0.0691700 0.0615286 0.1075127 0.0816480 0.0947589 0.0558728 0.0617382 0.0744645 0.0989160 0.1269992 0.0523526 0.1021760 0.0961933 0.0628969 0.0843842 0.0657565 0.0617414 0.0674823 0.0675620 0.0929973 0.0784034 0.0951009 0.1082823 0.0860088 0.0855016 0.0666464 0.0973617 0.0886914 0.0806259 0.0810217 0.0827841 0.0825140 0.0976645 0.0836912 0.1286415 0.1015999 0.1020829 0.1033021 0.0854831 0.0873121 0.1258326 0.0659719 0.1246402 0.1020439 0.0846909 0.0871686 0.1047219 0.0682116 0.0825364 0.1273387 0.0605484 0.0689792 0.0724843 0.0982960 0.0885792 0.0894059 0.1008961 0.0865167 0.1121755 0.1010583 0.0993311 0.1050361 0.0619181 0.1066727 0.0835267 0.0746307 0.0637805 0.0578373 0.0659628 0.0827257 0.0644939 0.0922851 0.0748316 0.0772211 0.1040182 0.0676984 0.0689709 0.1095050 0.0827747 0.0966163 0.0585441 0.0568989 0.0803109 0.0728858 0.0702066 0.1071274 0.0652577 0.0948283 0.0618290 0.0506812 0.0850092 0.0865223 0.0965637 0.0784402 0.0696236 0.0457352 0.0678554 0.0752864 0.0808707 0.0699414 
S0417         0.1816265 0.0845688 0.0794016 0.0393283 0.0934491 0.0846346 0.1117026 0.0344368 0.0843776 0.0887583 0.1157642 0.0345879 0.1098340 0.1114160 0.0355691 0.1083049 0.0385402 0.0959169 0.1012136 0.1073631 0.0932582 0.0846236 0.0840144 0.0351798 0.0974085 0.0000000 0.0759391 0.0924488 0.0468821 0.1075887 0.0432093 0.0905955 0.1039260 0.1089959 0.1082204 0.0345767 0.0927800 0.0837041 0.0374563 0.0427893 0.0724839 0.0842573 0.0832893 0.0835520 0.1042095 0.1360535 0.0943224 0.1081241 0.1077556 0.0847139 0.0928839 0.0757396 0.0846069 0.0775988 0.0780623 0.0992989 0.0878187 0.0571925 0.1165923 0.0648136 0.0504457 0.0768284 0.0342351 0.0965277 0.0899170 0.0898897 0.0926931 0.0915020 0.1103209 0.0912160 0.1389142 0.1083562 0.1127295 0.1118602 0.0943705 0.0932854 0.1358852 0.0762192 0.1360148 0.0761235 0.0929703 0.0961657 0.1149173 0.0917874 0.0923112 0.1370061 0.0822489 0.0913506 0.0808277 0.0409761 0.0667112 0.0675740 0.1072738 0.0551130 0.0451564 0.1102003 0.1062991 0.1121223 0.0852295 0.1144015 0.0921094 0.0834945 0.0849888 0.0807570 0.0867783 0.0920913 0.0871401 0.0563519 0.0832902 0.0861054 0.0348035 0.0904627 0.0789124 0.0379846 0.0904213 0.0732390 0.0811261 0.0742023 0.0893535 0.0809128 0.0916890 0.0382416 0.0862789 0.0593816 0.0844520 0.0796931 0.0923424 0.0930470 0.0754079 0.0860977 0.0796301 0.0663199 0.0761343 0.0827402 0.0944657 0.0787087 
S0419         0.1532996 0.0563766 0.0136631 0.0878802 0.0337687 0.0531458 0.0821657 0.0826619 0.0464577 0.0588269 0.0855782 0.0809358 0.0802151 0.0833600 0.0825704 0.0793742 0.0760964 0.0568026 0.0615640 0.0781292 0.0605239 0.0541786 0.0548703 0.0818689 0.0657478 0.0759391 0.0000000 0.0617115 0.0711342 0.0778682 0.0729381 0.0573441 0.0743022 0.0805818 0.0784606 0.0851631 0.0626601 0.0541378 0.0850962 0.0606851 0.0755630 0.0542921 0.0533071 0.0216875 0.0769737 0.1041998 0.0658568 0.0788328 0.0719526 0.0537663 0.0608091 0.0047031 0.0536135 0.0064437 0.0070886 0.0671807 0.0249702 0.0752371 0.0864396 0.0669949 0.0665649 0.0378769 0.0777505 0.0672909 0.0571808 0.0571153 0.0589590 0.0582268 0.0890281 0.0299130 0.1060524 0.0747216 0.0827289 0.0820911 0.0613376 0.0621725 0.1032076 0.0053280 0.1032647 0.0796260 0.0608416 0.0582054 0.0831470 0.0617821 0.0547104 0.1043490 0.0540166 0.0610438 0.0321168 0.0773344 0.0692890 0.0701146 0.0784336 0.0679443 0.0921625 0.0817267 0.0761504 0.0825711 0.0552963 0.0848471 0.0540885 0.0456799 0.0568140 0.0514046 0.0589535 0.0538339 0.0569840 0.0701199 0.0442817 0.0461811 0.0831312 0.0606609 0.0080266 0.0873551 0.0296953 0.0775521 0.0507247 0.0148229 0.0512516 0.0426033 0.0608472 0.0865980 0.0577957 0.0748021 0.0551138 0.0501481 0.0554248 0.0555677 0.0768806 0.0539625 0.0412960 0.0297426 0.0287153 0.0445314 0.0633770 0.0401807 
S0427         0.1578336 0.0665182 0.0671004 0.1034460 0.0803225 0.0634802 0.0998189 0.0993120 0.0711523 0.0682120 0.0940087 0.0941302 0.0977443 0.1012681 0.0963989 0.0961846 0.0934431 0.0826917 0.0867648 0.0965608 0.0290909 0.0645419 0.0642810 0.0993448 0.0782224 0.0924488 0.0617115 0.0000000 0.0866135 0.0958428 0.0894980 0.0748241 0.0864140 0.0981221 0.0963386 0.1017266 0.0707006 0.0646639 0.1026858 0.0768737 0.0905685 0.0653476 0.0627279 0.0685052 0.0949433 0.1220233 0.0762267 0.0973118 0.0898315 0.0645600 0.0775466 0.0622015 0.0633862 0.0636956 0.0639380 0.0860053 0.0721786 0.0907294 0.1052671 0.0825413 0.0806457 0.0623937 0.0942077 0.0859597 0.0749439 0.0765336 0.0771825 0.0757277 0.0968395 0.0774100 0.1229173 0.0954336 0.0998278 0.1012000 0.0812306 0.0812753 0.1216550 0.0620329 0.1220331 0.0967226 0.0811792 0.0819070 0.1016223 0.0714130 0.0796645 0.1241279 0.0634380 0.0716286 0.0682641 0.0916581 0.0854150 0.0855394 0.0949790 0.0825745 0.1086476 0.0987783 0.0937046 0.1007764 0.0649458 0.1034710 0.0793894 0.0713294 0.0658204 0.0609211 0.0678307 0.0792051 0.0681220 0.0861732 0.0701317 0.0723833 0.0980581 0.0697042 0.0647981 0.1049185 0.0769352 0.0932354 0.0609249 0.0520466 0.0774041 0.0678796 0.0715075 0.1031880 0.0674680 0.0893969 0.0644344 0.0613863 0.0807852 0.0806128 0.0922811 0.0740053 0.0655176 0.0395324 0.0640096 0.0701017 0.0356743 0.0653885 
S0428sl       0.1816644 0.0788375 0.0750556 0.0599038 0.0878807 0.0802732 0.1083365 0.0508988 0.0801817 0.0839427 0.1091524 0.0551049 0.1062573 0.1075605 0.0516861 0.1055270 0.0469363 0.0904415 0.0966836 0.1037922 0.0884786 0.0790061 0.0795062 0.0485098 0.0915775 0.0468821 0.0711342 0.0866135 0.0000000 0.1047311 0.0493597 0.0853596 0.0993016 0.1060715 0.1051271 0.0516526 0.0876541 0.0795916 0.0548544 0.0419565 0.0698216 0.0787917 0.0786229 0.0777661 0.1022952 0.1280338 0.0907370 0.1049068 0.1041211 0.0800221 0.0881185 0.0710853 0.0790330 0.0724334 0.0734617 0.0935914 0.0828600 0.0558804 0.1099288 0.0633388 0.0475596 0.0718728 0.0467454 0.0936784 0.0858146 0.0857396 0.0883349 0.0873058 0.1080625 0.0861782 0.1315301 0.1083869 0.1064319 0.1064307 0.0899038 0.0901682 0.1284379 0.0707974 0.1282820 0.0767327 0.0895614 0.0907304 0.1080364 0.0873574 0.0867854 0.1302014 0.0768722 0.0847644 0.0755132 0.0411732 0.0653689 0.0668712 0.1035889 0.0515034 0.0617650 0.1064748 0.1035629 0.1091925 0.0804373 0.1076437 0.0871948 0.0799544 0.0794153 0.0759938 0.0826663 0.0879145 0.0836696 0.0527095 0.0781621 0.0820276 0.0546740 0.0851427 0.0743180 0.0533174 0.0854793 0.0722552 0.0755221 0.0670647 0.0864130 0.0771622 0.0880083 0.0564675 0.0829054 0.0572474 0.0803040 0.0755641 0.0881785 0.0884920 0.0731148 0.0821033 0.0752445 0.0648113 0.0719119 0.0790125 0.0896652 0.0746832 
