136
PAFTOL_019361 0.0000000 0.2067471 0.2092177 0.2504708 0.2364364 0.2063225 0.2327989 0.2113288 0.2107110 0.2096080 0.2225528 0.2415782 0.2345798 0.2328640 0.2202746 0.2405313 0.2141063 0.2195350 0.2675900 0.2358292 0.1990865 0.2122041 0.2060964 0.2331126 0.2006845 0.2063416 0.2052587 0.2061831 0.2095724 0.2292339 0.2177264 0.2133376 0.2249999 0.2270161 0.2391803 0.2114199 0.2201661 0.2073042 0.2383373 0.2115444 0.2659899 0.1841999 0.2251612 0.2155044 0.2331647 0.2286700 0.2106384 0.2394063 0.2188708 0.2024186 0.2125229 0.2058067 0.2028276 0.2039217 0.2034414 0.2206353 0.2145684 0.2259897 0.2455621 0.2454206 0.2039379 0.1861930 0.2285688 0.2134782 0.2137831 0.2249545 0.2135779 0.2136098 0.2543244 0.2336914 0.2232287 0.2266567 0.2402825 0.2578046 0.2184604 0.2290207 0.2398887 0.2018324 0.2240044 0.2586629 0.2247036 0.1997437 0.2421063 0.2112350 0.2181224 0.2169603 0.1943851 0.2223192 0.2082376 0.2092849 0.2385679 0.2514540 0.2404653 0.2217748 0.2540106 0.2216493 0.2366285 0.2342564 0.2086553 0.2394760 0.2182671 0.1975141 0.2004888 0.1971540 0.2066337 0.2115065 0.2138339 0.2147721 0.2123953 0.2032542 0.2290479 0.2111952 0.2082023 0.2208467 0.2407643 0.2603085 0.1991211 0.2293508 0.2112752 0.2086784 0.2044978 0.2360956 0.2040076 0.2285947 0.2023589 0.1973419 0.2213850 0.2144552 0.2734014 0.2085479 0.1921784 0.2432506 0.1824894 0.2090721 0.1934376 0.1929690 
S0055         0.2067471 0.0000000 0.0726251 0.1088976 0.1039613 0.0481522 0.1140607 0.0845707 0.0781180 0.0554192 0.0677153 0.1146224 0.1082457 0.1107661 0.0914450 0.1128847 0.0926776 0.0860488 0.0994777 0.1100641 0.0579120 0.0452687 0.0474176 0.0988224 0.0633304 0.0829548 0.0731275 0.0590171 0.0775839 0.1064967 0.0957216 0.0765239 0.0790084 0.1141269 0.1089506 0.0872269 0.0596056 0.0447090 0.1049817 0.0808789 0.1219177 0.0545155 0.0581374 0.0898989 0.1077400 0.1492800 0.0752560 0.1152981 0.0834501 0.0460748 0.0790102 0.0761034 0.0452662 0.0743069 0.0728397 0.0840005 0.0882227 0.0985214 0.1258359 0.1017754 0.0793971 0.0607252 0.0911421 0.0835941 0.0776125 0.0842891 0.0761224 0.0795394 0.0858455 0.1054055 0.1484626 0.0924560 0.1188351 0.1211630 0.0772824 0.0861435 0.1541487 0.0716822 0.1468723 0.0939458 0.0833060 0.0743637 0.1208718 0.0533935 0.0887166 0.1404396 0.0428723 0.0614123 0.0762130 0.0830237 0.0973561 0.1032660 0.1172907 0.1026168 0.1248243 0.1002898 0.1114047 0.1099052 0.0471945 0.1192444 0.0791642 0.0749163 0.0457430 0.0435570 0.0361400 0.0837729 0.0515786 0.0995394 0.0789297 0.0779137 0.0967166 0.0561560 0.0774644 0.0931652 0.1106632 0.1112128 0.0468990 0.1043866 0.0830582 0.0759088 0.0474159 0.1120504 0.0457923 0.0996488 0.0433235 0.0536371 0.0807952 0.0859255 0.1215110 0.0774528 0.0668793 0.1171580 0.0560745 0.0738594 0.0523185 0.0634315 
S0196sl       0.2092177 0.0726251 0.0000000 0.1111295 0.0615303 0.0753311 0.1046836 0.0828637 0.0731931 0.0759061 0.0911437 0.1041583 0.0983330 0.0965229 0.0940202 0.1034606 0.0876102 0.0843820 0.1022443 0.0961926 0.0718299 0.0744929 0.0718355 0.0994165 0.0838268 0.0826477 0.0175289 0.0753094 0.0819320 0.0988286 0.0903766 0.0748300 0.0946171 0.1041375 0.0967187 0.0795680 0.0835582 0.0721075 0.1063033 0.0791352 0.1249624 0.0688693 0.0876398 0.0440006 0.0955085 0.1467423 0.0908336 0.1047096 0.0782336 0.0727891 0.0730569 0.0183152 0.0723010 0.0166490 0.0171278 0.0783107 0.0430375 0.0963818 0.1168531 0.1019088 0.0743078 0.0515769 0.0982497 0.0743395 0.0755598 0.0796802 0.0719490 0.0717684 0.1074407 0.0650425 0.1451109 0.0927404 0.1077317 0.1147787 0.0728512 0.0768192 0.1525903 0.0162329 0.1463437 0.0847304 0.0829273 0.0748057 0.1104884 0.0810708 0.0859135 0.1310458 0.0668536 0.0852435 0.0678582 0.0805883 0.0977797 0.1063542 0.1086843 0.0960316 0.1201470 0.0945411 0.1014029 0.1006933 0.0731774 0.1066819 0.0782444 0.0674154 0.0741510 0.0672283 0.0767026 0.0809643 0.0785330 0.0969604 0.0733210 0.0719002 0.0959810 0.0825716 0.0195794 0.0936179 0.0659855 0.1130403 0.0732120 0.0635832 0.0850789 0.0750900 0.0770073 0.1027635 0.0735495 0.0960277 0.0700472 0.0671222 0.0825838 0.0883380 0.1231464 0.0729347 0.0570143 0.1121713 0.0266416 0.0717353 0.0655508 0.0560140 
S0278         0.2504708 0.1088976 0.1111295 0.0000000 0.1449163 0.1189908 0.1505474 0.0537762 0.1183371 0.1217930 0.1319888 0.0603545 0.1473030 0.1437330 0.0624469 0.1503432 0.0728771 0.1254295 0.1402354 0.1459261 0.1055260 0.1162252 0.1183520 0.0669639 0.1172735 0.0599927 0.1136448 0.1124396 0.0611648 0.1441806 0.0869778 0.1147201 0.1396643 0.1475620 0.1479346 0.0463147 0.1285103 0.1137566 0.0690799 0.0808918 0.1471816 0.1113346 0.1409777 0.1266985 0.1474418 0.1772272 0.1227303 0.1541453 0.1225636 0.1164887 0.1136524 0.1132874 0.1141983 0.1122485 0.1112186 0.1220703 0.1175492 0.0978405 0.1657427 0.1246896 0.0742866 0.0985042 0.0604534 0.1206408 0.1158288 0.1195266 0.1131617 0.1130325 0.1467486 0.1420067 0.1688971 0.1324250 0.1552251 0.1565197 0.1175918 0.1240116 0.1787173 0.1117950 0.1708134 0.1141554 0.1243403 0.1141915 0.1618713 0.1255245 0.1264024 0.1622646 0.1163712 0.1294366 0.1058921 0.0542812 0.1225264 0.1292500 0.1561083 0.0932949 0.0657836 0.1406653 0.1486481 0.1447670 0.1187318 0.1612686 0.1107962 0.1087043 0.1136937 0.1110901 0.1190025 0.1187050 0.1213210 0.1061294 0.1165943 0.1173600 0.0660991 0.1234489 0.1153425 0.0672473 0.1494031 0.1394881 0.1185906 0.1423374 0.1228436 0.1176845 0.1190044 0.0660608 0.1136719 0.0963834 0.1128132 0.1070577 0.1188430 0.1271141 0.1382735 0.1154082 0.1035075 0.1497439 0.0937463 0.1148310 0.0971836 0.1010242 
S0281         0.2364364 0.1039613 0.0615303 0.1449163 0.0000000 0.1041816 0.1161401 0.1131401 0.1036526 0.1030375 0.1187295 0.1415587 0.1105085 0.1126663 0.1250866 0.1164415 0.1126408 0.1086472 0.1243595 0.1080231 0.0967462 0.1041022 0.1018392 0.1342311 0.1091612 0.1116087 0.0561562 0.0985090 0.1138437 0.1099520 0.1088382 0.0959251 0.1154901 0.1237527 0.1136880 0.1114117 0.1096284 0.1030841 0.1367369 0.1080315 0.1468353 0.0948404 0.1198276 0.0588588 0.1054150 0.1773539 0.1220884 0.1173567 0.1038286 0.1029858 0.0920723 0.0567839 0.0993130 0.0572259 0.0540734 0.1016794 0.0588716 0.1185369 0.1285006 0.1245427 0.1064038 0.0810013 0.1241650 0.0932608 0.0951534 0.1015914 0.0926292 0.0923824 0.1372888 0.0723503 0.1692841 0.1172451 0.1262889 0.1223125 0.0908674 0.0950244 0.1832623 0.0556044 0.1751419 0.1164484 0.1045249 0.0925897 0.1306566 0.1075106 0.1148462 0.1625472 0.0951743 0.1129270 0.0944653 0.1123083 0.1220517 0.1282363 0.1218783 0.1195799 0.1508150 0.1142675 0.1133916 0.1138925 0.1056285 0.1184934 0.1018308 0.0953656 0.1000105 0.0973109 0.1049330 0.1068182 0.1028969 0.1158896 0.1020158 0.1023725 0.1301955 0.1102305 0.0598351 0.1255705 0.0752604 0.1377774 0.0978209 0.0692778 0.1112007 0.0998688 0.1023653 0.1318701 0.1031233 0.1257056 0.0995663 0.0949836 0.1074114 0.1115497 0.1456003 0.0920796 0.0886707 0.1448878 0.0552372 0.0954236 0.0928525 0.0863442 
S0282         0.2063225 0.0481522 0.0753311 0.1189908 0.1041816 0.0000000 0.1148775 0.0859821 0.0754171 0.0211325 0.0594898 0.1149878 0.1110397 0.1067855 0.0961942 0.1121401 0.0911705 0.0861537 0.1056873 0.1088518 0.0626074 0.0147496 0.0203464 0.0995768 0.0690399 0.0850443 0.0743342 0.0636682 0.0842974 0.1067723 0.0933525 0.0755985 0.0798392 0.1101653 0.1061314 0.0895907 0.0424251 0.0215638 0.1084791 0.0817667 0.1227795 0.0545588 0.0246993 0.0900646 0.1085388 0.1493567 0.0766118 0.1159185 0.0842710 0.0249165 0.0765947 0.0773120 0.0123634 0.0755129 0.0740134 0.0830087 0.0903119 0.0970464 0.1238367 0.1008958 0.0790619 0.0593992 0.0972495 0.0831234 0.0766271 0.0832150 0.0742474 0.0758804 0.0776542 0.1041864 0.1462775 0.0904356 0.1162263 0.1136846 0.0766984 0.0827639 0.1557806 0.0719991 0.1457626 0.0942326 0.0805724 0.0739073 0.1183405 0.0436970 0.0927845 0.1361623 0.0125220 0.0482766 0.0795830 0.0851544 0.0981054 0.1028711 0.1175828 0.1013150 0.1273434 0.1007418 0.1132185 0.1122381 0.0210265 0.1196808 0.0819374 0.0726392 0.0159043 0.0210412 0.0545413 0.0843282 0.0420448 0.0944513 0.0774825 0.0770325 0.1025862 0.0406667 0.0786753 0.0969959 0.1093814 0.1123948 0.0159058 0.1040996 0.0854101 0.0740368 0.0272737 0.1107560 0.0312108 0.1003789 0.0295828 0.0566464 0.0851389 0.0893790 0.1161735 0.0760214 0.0663949 0.1163842 0.0533523 0.0738801 0.0576110 0.0625466 
S0288         0.2327989 0.1140607 0.1046836 0.1505474 0.1161401 0.1148775 0.0000000 0.1193047 0.1126977 0.1179160 0.1311465 0.1479144 0.0208648 0.0845876 0.1316098 0.0158254 0.1228649 0.1194796 0.1416702 0.0252406 0.1101568 0.1175342 0.1152633 0.1419486 0.1123821 0.1237097 0.0990302 0.1128303 0.1253272 0.0128072 0.1253045 0.1112113 0.1249313 0.0870292 0.0199280 0.1204117 0.1182205 0.1145214 0.1482508 0.1185448 0.1598986 0.1025691 0.1301440 0.1093169 0.0205237 0.1834696 0.1264186 0.0181304 0.1211671 0.1144254 0.1099509 0.0982243 0.1139878 0.0976767 0.0976658 0.1115113 0.1025983 0.1354611 0.0954325 0.1380948 0.1138387 0.0950746 0.1376100 0.0480390 0.1098863 0.1161442 0.1037684 0.1073332 0.1454460 0.1159410 0.1818921 0.1271760 0.0874493 0.0967878 0.1078888 0.1134573 0.1870182 0.0973074 0.1837897 0.1486465 0.1200088 0.1071204 0.0846942 0.1223482 0.1195024 0.1683278 0.1073237 0.1220537 0.1022579 0.1217745 0.1362060 0.1394958 0.0200673 0.1366758 0.1579620 0.0758013 0.0108505 0.0093489 0.1138158 0.0885455 0.1108380 0.1055586 0.1125707 0.1080281 0.1145269 0.1180583 0.1171460 0.1337261 0.1089123 0.1118807 0.1393442 0.1200169 0.1006378 0.1353908 0.1231347 0.1504549 0.1112906 0.1180993 0.1227760 0.1053462 0.1162222 0.1471315 0.1137211 0.1281060 0.1073308 0.0999119 0.1207078 0.1179717 0.1579997 0.1074537 0.0970248 0.1499163 0.0823368 0.1049326 0.1020170 0.0966087 
S0289         0.2113288 0.0845707 0.0828637 0.0537762 0.1131401 0.0859821 0.1193047 0.0000000 0.0837145 0.0900036 0.1013564 0.0524996 0.1152739 0.1105120 0.0364816 0.1178398 0.0514727 0.0991112 0.1075042 0.1125408 0.0753058 0.0861420 0.0832270 0.0482472 0.0910641 0.0378098 0.0824094 0.0816061 0.0384984 0.1110284 0.0624277 0.0852680 0.1073190 0.1128170 0.1109387 0.0320006 0.0957431 0.0804688 0.0474553 0.0546378 0.1181432 0.0825302 0.1026681 0.0991114 0.1143124 0.1480815 0.0964491 0.1186833 0.0919203 0.0836710 0.0833673 0.0821579 0.0806094 0.0807522 0.0797180 0.0913922 0.0945295 0.0719364 0.1307971 0.0949493 0.0517323 0.0643053 0.0476309 0.0918921 0.0853722 0.0893143 0.0834104 0.0851089 0.1168673 0.1042670 0.1454081 0.1001347 0.1265959 0.1318041 0.0880997 0.0932688 0.1500364 0.0807517 0.1436828 0.0896690 0.0924988 0.0867889 0.1320145 0.0927609 0.0952847 0.1350928 0.0817169 0.0999453 0.0810030 0.0411429 0.0931669 0.0990428 0.1212948 0.0752311 0.0663990 0.1072410 0.1166262 0.1144000 0.0852235 0.1293499 0.0821493 0.0771396 0.0807577 0.0800405 0.0891701 0.0842039 0.0875009 0.0772733 0.0837048 0.0832234 0.0418273 0.0935954 0.0844693 0.0450267 0.1094201 0.1077385 0.0858790 0.1035348 0.0921051 0.0877735 0.0859142 0.0480963 0.0823374 0.0705911 0.0812794 0.0782924 0.0927299 0.0956000 0.1106787 0.0849415 0.0693010 0.1223605 0.0632270 0.0861354 0.0697858 0.0666945 
S0292         0.2107110 0.0781180 0.0731931 0.1183371 0.1036526 0.0754171 0.1126977 0.0837145 0.0000000 0.0791958 0.0908869 0.1145857 0.1067861 0.1076746 0.0959380 0.1088447 0.0903181 0.0784477 0.0860377 0.1066780 0.0735011 0.0761134 0.0772970 0.1058304 0.0826413 0.0869279 0.0687698 0.0737887 0.0825008 0.1035692 0.0978554 0.0715991 0.0937197 0.1124676 0.1077661 0.0862502 0.0841868 0.0763938 0.1090933 0.0807925 0.1225691 0.0722768 0.0884844 0.0820630 0.1062391 0.1518035 0.0886871 0.1115473 0.0758758 0.0763271 0.0699477 0.0707574 0.0735071 0.0671567 0.0675389 0.0780391 0.0823974 0.0971811 0.1242616 0.0995751 0.0802126 0.0543595 0.0938719 0.0827193 0.0717460 0.0780523 0.0667305 0.0705597 0.1149171 0.0981568 0.1504179 0.0887721 0.1156689 0.1140827 0.0716761 0.0784915 0.1594953 0.0641456 0.1491500 0.0922234 0.0792984 0.0627474 0.1166894 0.0833883 0.0352111 0.1388559 0.0713301 0.0876829 0.0626072 0.0850162 0.0978712 0.1039761 0.1175153 0.0978564 0.1287989 0.1000344 0.1084064 0.1054044 0.0760788 0.1206969 0.0689869 0.0096948 0.0740224 0.0701501 0.0807177 0.0256961 0.0801161 0.0965087 0.0214550 0.0118040 0.0968643 0.0833578 0.0698175 0.0973909 0.1046962 0.1134624 0.0748013 0.0980838 0.0293082 0.0646146 0.0774715 0.1087871 0.0774749 0.1001769 0.0728135 0.0709746 0.0759081 0.0777215 0.1203679 0.0723913 0.0581856 0.1063620 0.0479715 0.0623040 0.0645782 0.0570176 
S0293         0.2096080 0.0554192 0.0759061 0.1217930 0.1030375 0.0211325 0.1179160 0.0900036 0.0791958 0.0000000 0.0676687 0.1196656 0.1153460 0.1107404 0.1026739 0.1153514 0.0944557 0.0917071 0.1102147 0.1135898 0.0642183 0.0235481 0.0287396 0.1014090 0.0725797 0.0887338 0.0744550 0.0675791 0.0857660 0.1110342 0.0957372 0.0799501 0.0822138 0.1137480 0.1114610 0.0931214 0.0480845 0.0281847 0.1132104 0.0835669 0.1274479 0.0609201 0.0321066 0.0921382 0.1133183 0.1493514 0.0822163 0.1198550 0.0864009 0.0311150 0.0804991 0.0784090 0.0184143 0.0770217 0.0754851 0.0856442 0.0888617 0.1010041 0.1262722 0.1053740 0.0819026 0.0635119 0.1005089 0.0889493 0.0805403 0.0872748 0.0776746 0.0798245 0.0822062 0.1068341 0.1496023 0.0946658 0.1195094 0.1166078 0.0815335 0.0887530 0.1558554 0.0734130 0.1445775 0.0975804 0.0861321 0.0783840 0.1209998 0.0485928 0.0961244 0.1323065 0.0174786 0.0538647 0.0797365 0.0882639 0.1024860 0.1090357 0.1236604 0.1037950 0.1324270 0.1018934 0.1171234 0.1156380 0.0278624 0.1242735 0.0872184 0.0763851 0.0237393 0.0279071 0.0620908 0.0888632 0.0472333 0.0973121 0.0822263 0.0804268 0.1053704 0.0471509 0.0793665 0.1002399 0.1116859 0.1172366 0.0217513 0.1062543 0.0889024 0.0789923 0.0335474 0.1126298 0.0393767 0.1006186 0.0363859 0.0619629 0.0905513 0.0945074 0.1239433 0.0817449 0.0702589 0.1218426 0.0569287 0.0797839 0.0591328 0.0667882 
S0294         0.2225528 0.0677153 0.0911437 0.1319888 0.1187295 0.0594898 0.1311465 0.1013564 0.0908869 0.0676687 0.0000000 0.1331293 0.1267887 0.1285673 0.1086491 0.1292897 0.1092963 0.1026005 0.1216730 0.1265846 0.0771815 0.0586140 0.0578692 0.1145181 0.0814668 0.0981959 0.0880755 0.0788488 0.1020922 0.1219226 0.1099289 0.0904804 0.0966215 0.1291640 0.1227864 0.1014692 0.0710223 0.0578456 0.1280132 0.0961084 0.1401021 0.0735747 0.0717795 0.1048198 0.1231474 0.1643963 0.0868933 0.1285388 0.0984864 0.0598598 0.0892560 0.0887166 0.0581437 0.0891741 0.0867797 0.0983303 0.1043594 0.1154807 0.1357986 0.1162861 0.0966494 0.0743827 0.1130813 0.0983614 0.0886542 0.0996887 0.0873440 0.0893867 0.0669492 0.1230441 0.1646078 0.1093620 0.1290988 0.1354065 0.0934646 0.0998993 0.1730574 0.0859970 0.1639047 0.1149717 0.0975915 0.0901910 0.1317181 0.0649797 0.1075255 0.1538587 0.0571074 0.0763911 0.0934617 0.0971113 0.1122536 0.1195065 0.1337564 0.1161851 0.1447481 0.1178478 0.1291969 0.1270541 0.0589111 0.1295335 0.0985052 0.0874281 0.0596755 0.0531463 0.0738265 0.0980629 0.0632181 0.1122052 0.0951077 0.0901658 0.1172887 0.0705214 0.0924628 0.1082097 0.1295857 0.1292261 0.0587311 0.1224712 0.1009028 0.0929936 0.0600528 0.1250758 0.0569539 0.1099543 0.0586717 0.0713023 0.1016538 0.1023972 0.1339478 0.0930260 0.0794363 0.1260365 0.0682070 0.0903743 0.0662159 0.0752235 
S0299         0.2415782 0.1146224 0.1041583 0.0603545 0.1415587 0.1149878 0.1479144 0.0524996 0.1145857 0.1196656 0.1331293 0.0000000 0.1434097 0.1379632 0.0624754 0.1469439 0.0749925 0.1280021 0.1381588 0.1436467 0.1058415 0.1135962 0.1134272 0.0712981 0.1226593 0.0623050 0.1131568 0.1134044 0.0634736 0.1418736 0.0829120 0.1141370 0.1391395 0.1406073 0.1437839 0.0459563 0.1208500 0.1094035 0.0696167 0.0840607 0.1453605 0.1095071 0.1356478 0.1226793 0.1429888 0.1789825 0.1279373 0.1513340 0.1184100 0.1134858 0.1102574 0.1123300 0.1097522 0.1122973 0.1112822 0.1216565 0.1181938 0.1012032 0.1621768 0.1228243 0.0752529 0.0947732 0.0643591 0.1212372 0.1132174 0.1186713 0.1101732 0.1104527 0.1503151 0.1368120 0.1729054 0.1282564 0.1612556 0.1598872 0.1172608 0.1228867 0.1800183 0.1113035 0.1733772 0.1084869 0.1203305 0.1129627 0.1638807 0.1205429 0.1219193 0.1671316 0.1123566 0.1272062 0.1060935 0.0608326 0.1201542 0.1268557 0.1522483 0.0920991 0.0726940 0.1353808 0.1457922 0.1435360 0.1152828 0.1579845 0.1137025 0.1058511 0.1111929 0.1095072 0.1175250 0.1129967 0.1152158 0.1043994 0.1138442 0.1134504 0.0650621 0.1206837 0.1158209 0.0683687 0.1446847 0.1369080 0.1152260 0.1349425 0.1199251 0.1150148 0.1155117 0.0644809 0.1128135 0.0960084 0.1088541 0.1045777 0.1204005 0.1256084 0.1339633 0.1100049 0.1003421 0.1431143 0.0917164 0.1132718 0.0981092 0.0984791 
S0303         0.2345798 0.1082457 0.0983330 0.1473030 0.1105085 0.1110397 0.0208648 0.1152739 0.1067861 0.1153460 0.1267887 0.1434097 0.0000000 0.0784815 0.1270616 0.0178104 0.1163406 0.1180005 0.1376745 0.0117761 0.1046974 0.1130348 0.1118123 0.1393522 0.1121738 0.1183631 0.0939687 0.1076130 0.1183462 0.0137095 0.1173567 0.1040226 0.1238511 0.0838687 0.0227037 0.1165668 0.1131641 0.1090824 0.1421265 0.1113846 0.1510461 0.1001085 0.1282254 0.1015565 0.0087910 0.1828762 0.1236490 0.0193188 0.1153721 0.1100296 0.1012545 0.0936514 0.1101686 0.0935858 0.0926414 0.1060922 0.0989308 0.1283752 0.0863298 0.1301152 0.1083898 0.0887976 0.1306137 0.0390938 0.1007832 0.1087408 0.0963413 0.1013024 0.1424591 0.1140593 0.1786988 0.1232472 0.0826154 0.0905953 0.1015234 0.1070412 0.1875286 0.0932223 0.1837068 0.1371139 0.1128846 0.1024774 0.0809891 0.1177394 0.1142083 0.1676439 0.1035851 0.1162778 0.0980052 0.1160095 0.1277426 0.1309899 0.0212625 0.1274911 0.1555357 0.0691566 0.0159253 0.0164222 0.1104274 0.0820019 0.1069820 0.0998741 0.1081909 0.1037390 0.1086533 0.1130885 0.1125403 0.1274375 0.1041071 0.1044021 0.1337904 0.1137606 0.0969322 0.1284868 0.1185819 0.1437475 0.1065212 0.1151655 0.1160155 0.1044736 0.1108150 0.1438079 0.1084015 0.1225888 0.1040116 0.0973180 0.1155132 0.1190883 0.1497503 0.1013985 0.0920811 0.1468905 0.0779400 0.1024265 0.0965282 0.0907407 
S0308         0.2328640 0.1107661 0.0965229 0.1437330 0.1126663 0.1067855 0.0845876 0.1105120 0.1076746 0.1107404 0.1285673 0.1379632 0.0784815 0.0000000 0.1257731 0.0796890 0.1187232 0.1181952 0.1311818 0.0755660 0.1035018 0.1140549 0.1089765 0.1332133 0.1184749 0.1130438 0.0951869 0.1073185 0.1130923 0.0794083 0.1145440 0.1033395 0.1273463 0.0808119 0.0829786 0.1146802 0.1140463 0.1083801 0.1360216 0.1133308 0.1513373 0.1023497 0.1306376 0.1060698 0.0762231 0.1808278 0.1273553 0.0868309 0.1143588 0.1109736 0.1001080 0.0968168 0.1070719 0.0958490 0.0942285 0.1068436 0.1019156 0.1239339 0.0947294 0.1281794 0.1098530 0.0922207 0.1219650 0.0587969 0.1017032 0.1105523 0.0985883 0.1013369 0.1377132 0.1089619 0.1734763 0.1225515 0.0869181 0.0890039 0.1010253 0.1093328 0.1870369 0.0939524 0.1788189 0.1259351 0.1123630 0.1071259 0.0870482 0.1137214 0.1166708 0.1641754 0.1049968 0.1165357 0.1014414 0.1118562 0.1257450 0.1285178 0.0886680 0.1282692 0.1438640 0.0755677 0.0801489 0.0818840 0.1083494 0.0864930 0.1085996 0.1022796 0.1075988 0.1041174 0.1096854 0.1138211 0.1133718 0.1214868 0.1095166 0.1053468 0.1279703 0.1123584 0.0973632 0.1240925 0.1158253 0.1427393 0.1088930 0.1092362 0.1157689 0.1076234 0.1133159 0.1282575 0.1075574 0.1261478 0.1051442 0.1021313 0.1138730 0.1204725 0.1496940 0.1031910 0.0956537 0.1528601 0.0763966 0.1045371 0.0953919 0.0933372 
S0320         0.2202746 0.0914450 0.0940202 0.0624469 0.1250866 0.0961942 0.1316098 0.0364816 0.0959380 0.1026739 0.1086491 0.0624754 0.1270616 0.1257731 0.0000000 0.1304808 0.0584903 0.1100619 0.1214748 0.1257752 0.0832026 0.0966980 0.0950490 0.0528296 0.1030838 0.0463644 0.0922410 0.0917660 0.0448077 0.1233758 0.0734747 0.0961023 0.1140586 0.1258664 0.1256435 0.0401023 0.1071854 0.0938992 0.0606783 0.0682821 0.1274891 0.0907280 0.1140996 0.1064522 0.1276557 0.1629846 0.1081845 0.1342032 0.1037687 0.0957105 0.0948287 0.0928758 0.0920363 0.0928781 0.0913683 0.1028536 0.1025955 0.0828572 0.1457659 0.1057931 0.0600311 0.0755112 0.0504914 0.1018400 0.0961079 0.1020158 0.0932100 0.0944126 0.1310893 0.1144315 0.1580359 0.1124226 0.1386971 0.1370330 0.0997271 0.1054931 0.1661886 0.0919278 0.1574775 0.0993399 0.1064364 0.0970644 0.1424092 0.1051660 0.1101031 0.1486880 0.0944528 0.1097975 0.0918961 0.0457786 0.1050772 0.1111479 0.1360603 0.0794215 0.0727676 0.1211823 0.1289631 0.1269049 0.0973362 0.1429834 0.0939505 0.0910124 0.0929438 0.0916726 0.0979593 0.0971594 0.1001675 0.0927866 0.0974456 0.0980058 0.0429169 0.1050671 0.0962415 0.0495089 0.1213645 0.1199756 0.0981181 0.1158740 0.1033716 0.0984028 0.0965794 0.0561294 0.0950083 0.0800472 0.0920051 0.0889129 0.1023889 0.1071937 0.1219952 0.0974212 0.0820634 0.1327316 0.0728521 0.0956766 0.0777385 0.0793958 
S0322         0.2405313 0.1128847 0.1034606 0.1503432 0.1164415 0.1121401 0.0158254 0.1178398 0.1088447 0.1153514 0.1292897 0.1469439 0.0178104 0.0796890 0.1304808 0.0000000 0.1235132 0.1184099 0.1384561 0.0220846 0.1083534 0.1142157 0.1129958 0.1401683 0.1147657 0.1201315 0.0991377 0.1123630 0.1224885 0.0125975 0.1195757 0.1086778 0.1258085 0.0856372 0.0168159 0.1182264 0.1153757 0.1107501 0.1478925 0.1132342 0.1557218 0.0999100 0.1272144 0.1082028 0.0178644 0.1849628 0.1276224 0.0163155 0.1204254 0.1112316 0.1068195 0.0988002 0.1103463 0.0987294 0.0977940 0.1093622 0.1031704 0.1313124 0.0910194 0.1344874 0.1139130 0.0928085 0.1359974 0.0416500 0.1073513 0.1129958 0.1018828 0.1059587 0.1376780 0.1172835 0.1818663 0.1225740 0.0855903 0.0915941 0.1063367 0.1124386 0.1896873 0.0983666 0.1852831 0.1430207 0.1157310 0.1061100 0.0829869 0.1201295 0.1160100 0.1690232 0.1037093 0.1195957 0.0997558 0.1176897 0.1320957 0.1353662 0.0174563 0.1362632 0.1568158 0.0729240 0.0121494 0.0118801 0.1110993 0.0867931 0.1073504 0.1024205 0.1088336 0.1058844 0.1143555 0.1157920 0.1178734 0.1310268 0.1058894 0.1075770 0.1356056 0.1160281 0.1016501 0.1318378 0.1221262 0.1489078 0.1061610 0.1194147 0.1177072 0.1047836 0.1124479 0.1490132 0.1115688 0.1260640 0.1050301 0.1005009 0.1159111 0.1179417 0.1532102 0.1060876 0.0956631 0.1510164 0.0814209 0.1051214 0.0986719 0.0947786 
S0327         0.2141063 0.0926776 0.0876102 0.0728771 0.1126408 0.0911705 0.1228649 0.0514727 0.0903181 0.0944557 0.1092963 0.0749925 0.1163406 0.1187232 0.0584903 0.1235132 0.0000000 0.1051473 0.1121508 0.1163015 0.0845007 0.0919742 0.0886445 0.0577619 0.0995441 0.0481214 0.0845743 0.0914652 0.0493577 0.1146997 0.0612732 0.0922443 0.1102730 0.1217099 0.1182767 0.0479905 0.1002313 0.0887216 0.0657154 0.0638571 0.1180127 0.0874697 0.1106227 0.0970381 0.1149940 0.1497890 0.1042522 0.1250321 0.0953305 0.0889468 0.0913723 0.0851360 0.0885536 0.0842542 0.0841245 0.0941426 0.0920447 0.0796830 0.1357882 0.0967051 0.0574337 0.0726413 0.0533296 0.0968472 0.0924374 0.0940128 0.0893879 0.0915156 0.1246220 0.1065579 0.1483660 0.1082983 0.1262713 0.1254508 0.0910237 0.0971931 0.1508149 0.0833536 0.1420908 0.0842213 0.0979988 0.0894876 0.1315523 0.1020441 0.0983389 0.1331300 0.0874697 0.1067489 0.0854375 0.0484797 0.0947140 0.1016124 0.1283722 0.0803253 0.0844304 0.1119984 0.1204826 0.1181999 0.0914843 0.1319330 0.0884956 0.0832664 0.0887421 0.0844949 0.0961948 0.0929108 0.0936539 0.0791897 0.0912541 0.0898448 0.0636729 0.0997155 0.0885309 0.0571598 0.1134947 0.1123248 0.0916670 0.1061145 0.0971468 0.0929826 0.0921092 0.0721843 0.0900325 0.0810034 0.0876403 0.0886023 0.0956893 0.1023661 0.1184716 0.0902517 0.0768877 0.1310675 0.0685655 0.0919069 0.0777336 0.0732808 
S0335         0.2195350 0.0860488 0.0843820 0.1254295 0.1086472 0.0861537 0.1194796 0.0991112 0.0784477 0.0917071 0.1026005 0.1280021 0.1180005 0.1181952 0.1100619 0.1184099 0.1051473 0.0000000 0.0732064 0.1148361 0.0829491 0.0874144 0.0877339 0.1131926 0.0954513 0.0977028 0.0775866 0.0827345 0.0982218 0.1138657 0.1058629 0.0817969 0.1036085 0.1216353 0.1137903 0.1006798 0.0973409 0.0861502 0.1229499 0.0909954 0.1318248 0.0789822 0.1000894 0.0932881 0.1164839 0.1566107 0.1027778 0.1198704 0.0929844 0.0857234 0.0819758 0.0814599 0.0845539 0.0800844 0.0761175 0.0831545 0.0932462 0.1049185 0.1354363 0.1107020 0.0871478 0.0582231 0.1093340 0.0923549 0.0823627 0.0863713 0.0781501 0.0784092 0.1250584 0.1116077 0.1514316 0.0964354 0.1289684 0.1244555 0.0805753 0.0856220 0.1571834 0.0783129 0.1522128 0.1042350 0.0879182 0.0562890 0.1298393 0.0953256 0.0907277 0.1405174 0.0823946 0.1011423 0.0735855 0.0966748 0.1090756 0.1134222 0.1274929 0.1073587 0.1314351 0.1087010 0.1165578 0.1145801 0.0878164 0.1303618 0.0572448 0.0734997 0.0863337 0.0833748 0.0930246 0.0794397 0.0919378 0.1038199 0.0807513 0.0773998 0.1157232 0.0943978 0.0828393 0.1077379 0.1168766 0.1243868 0.0864516 0.1079948 0.0852108 0.0514425 0.0883336 0.1220156 0.0854007 0.1083190 0.0843946 0.0822043 0.0627044 0.0342751 0.1264901 0.0767234 0.0625950 0.1280006 0.0605610 0.0487276 0.0771532 0.0625628 
S0345         0.2675900 0.0994777 0.1022443 0.1402354 0.1243595 0.1056873 0.1416702 0.1075042 0.0860377 0.1102147 0.1216730 0.1381588 0.1376745 0.1311818 0.1214748 0.1384561 0.1121508 0.0732064 0.0000000 0.1325522 0.0978023 0.1014812 0.1077495 0.1320677 0.1158086 0.1098094 0.0939849 0.1012188 0.1038104 0.1354085 0.1148355 0.0962985 0.1243487 0.1367801 0.1318252 0.1071556 0.1156863 0.1044542 0.1342602 0.1076171 0.1488495 0.0930533 0.1138882 0.1080672 0.1372244 0.1808414 0.1245858 0.1404261 0.1113621 0.1028315 0.0959816 0.0963596 0.1015580 0.0943437 0.0907609 0.1038294 0.1010279 0.1169810 0.1582190 0.1244863 0.0943463 0.0715485 0.1207446 0.1040978 0.0963288 0.1032788 0.0922699 0.0959155 0.1431655 0.1224704 0.1759966 0.1167777 0.1420799 0.1535926 0.0867850 0.0932721 0.1870470 0.0910944 0.1817752 0.1208527 0.1003417 0.0667689 0.1427911 0.1107282 0.0984704 0.1654264 0.1010732 0.1158284 0.0812502 0.1100297 0.1243616 0.1284456 0.1509406 0.1261743 0.1502587 0.1254104 0.1373263 0.1330801 0.1055036 0.1546239 0.0372592 0.0806687 0.1035675 0.1017017 0.1029785 0.0936407 0.1066119 0.1225837 0.0903832 0.0858925 0.1206106 0.1092931 0.0977709 0.1266846 0.1267596 0.1378286 0.1049224 0.1194300 0.1002788 0.0621748 0.1053925 0.1346739 0.1039302 0.1287450 0.0990341 0.0982247 0.0444414 0.0696177 0.1346366 0.0922216 0.0765294 0.1514686 0.0726150 0.0601616 0.0934988 0.0740218 
S0355         0.2358292 0.1100641 0.0961926 0.1459261 0.1080231 0.1088518 0.0252406 0.1125408 0.1066780 0.1135898 0.1265846 0.1436467 0.0117761 0.0755660 0.1257752 0.0220846 0.1163015 0.1148361 0.1325522 0.0000000 0.1044601 0.1112945 0.1106412 0.1365737 0.1098639 0.1166309 0.0925183 0.1059126 0.1163404 0.0194716 0.1172325 0.1033540 0.1231066 0.0828187 0.0250080 0.1153588 0.1131422 0.1078782 0.1407807 0.1116282 0.1519140 0.1008770 0.1252123 0.0993809 0.0118076 0.1812804 0.1249856 0.0239856 0.1151297 0.1093491 0.1006962 0.0922077 0.1089671 0.0921422 0.0911950 0.1050257 0.0963296 0.1276755 0.0876215 0.1310443 0.1086342 0.0873429 0.1280127 0.0399281 0.1015748 0.1081872 0.0966824 0.1006485 0.1384478 0.1130405 0.1778146 0.1210213 0.0824851 0.0895727 0.0989625 0.1053651 0.1853167 0.0918134 0.1827017 0.1399555 0.1134073 0.1014975 0.0808624 0.1171996 0.1141373 0.1660907 0.1034543 0.1161738 0.0965189 0.1157495 0.1286698 0.1324998 0.0259383 0.1287272 0.1552388 0.0704933 0.0201434 0.0206940 0.1097499 0.0832942 0.1054851 0.1008121 0.1060357 0.1031119 0.1099188 0.1139658 0.1128959 0.1260132 0.1049761 0.1048351 0.1333976 0.1141700 0.0950071 0.1294745 0.1180633 0.1453214 0.1058749 0.1141428 0.1163996 0.1029881 0.1113133 0.1430298 0.1087051 0.1232545 0.1054961 0.0976598 0.1145162 0.1170589 0.1483633 0.1012426 0.0901508 0.1468487 0.0759716 0.1004828 0.0948162 0.0892760 
S0376         0.1990865 0.0579120 0.0718299 0.1055260 0.0967462 0.0626074 0.1101568 0.0753058 0.0735011 0.0642183 0.0771815 0.1058415 0.1046974 0.1035018 0.0832026 0.1083534 0.0845007 0.0829491 0.0978023 0.1044601 0.0000000 0.0596207 0.0601565 0.0943261 0.0643085 0.0809805 0.0679075 0.0255308 0.0764413 0.1020767 0.0874688 0.0728997 0.0785461 0.1067089 0.1072529 0.0798011 0.0703354 0.0575730 0.1013380 0.0801038 0.1199911 0.0491361 0.0730062 0.0822540 0.1032041 0.1380577 0.0737049 0.1120015 0.0803701 0.0591450 0.0748442 0.0698939 0.0599922 0.0659329 0.0670949 0.0824848 0.0812187 0.0938081 0.1220718 0.1013264 0.0761834 0.0544459 0.0881437 0.0781717 0.0753096 0.0861420 0.0716128 0.0745030 0.0953689 0.0996751 0.1374131 0.0873433 0.1125993 0.1109638 0.0757713 0.0822920 0.1417894 0.0663896 0.1353294 0.1005699 0.0869622 0.0695579 0.1157449 0.0627469 0.0856169 0.1253024 0.0550683 0.0709532 0.0687867 0.0787698 0.0980647 0.1040092 0.1142282 0.1008313 0.1166825 0.0925852 0.1078843 0.1044244 0.0603077 0.1147707 0.0739183 0.0664578 0.0589185 0.0540662 0.0640821 0.0781888 0.0613591 0.0964733 0.0723974 0.0718972 0.0880202 0.0675128 0.0694888 0.0877094 0.1040878 0.1130388 0.0584307 0.0980695 0.0806131 0.0731264 0.0601793 0.0954809 0.0574677 0.0938739 0.0542161 0.0509489 0.0811527 0.0838128 0.1211151 0.0747043 0.0592208 0.1131007 0.0488762 0.0701492 0.0179035 0.0570950 
S0400         0.2122041 0.0452687 0.0744929 0.1162252 0.1041022 0.0147496 0.1175342 0.0861420 0.0761134 0.0235481 0.0586140 0.1135962 0.1130348 0.1140549 0.0966980 0.1142157 0.0919742 0.0874144 0.1014812 0.1112945 0.0596207 0.0000000 0.0214857 0.1003005 0.0684810 0.0827235 0.0750033 0.0630031 0.0834091 0.1091549 0.0947605 0.0801133 0.0768503 0.1151547 0.1105430 0.0892924 0.0414539 0.0211161 0.1062744 0.0826196 0.1275795 0.0566466 0.0247047 0.0898078 0.1104738 0.1512555 0.0763039 0.1191454 0.0876210 0.0234204 0.0816582 0.0771656 0.0139833 0.0757661 0.0746715 0.0870299 0.0896238 0.0990911 0.1284428 0.1066012 0.0788492 0.0599796 0.0949796 0.0869051 0.0811740 0.0900403 0.0791797 0.0804779 0.0743796 0.1071532 0.1474521 0.0927676 0.1188052 0.1191734 0.0789595 0.0867353 0.1574590 0.0721234 0.1477844 0.0931733 0.0862879 0.0758817 0.1216104 0.0431789 0.0902729 0.1376970 0.0122107 0.0466728 0.0790509 0.0848724 0.1026465 0.1093707 0.1218735 0.1020631 0.1273946 0.1033880 0.1142669 0.1146225 0.0202093 0.1230131 0.0809110 0.0732508 0.0164821 0.0197996 0.0531584 0.0858454 0.0381165 0.0963323 0.0792017 0.0777245 0.1022188 0.0400668 0.0790456 0.0979278 0.1125890 0.1161557 0.0160930 0.1080392 0.0850057 0.0761711 0.0246305 0.1112840 0.0299282 0.1026535 0.0266244 0.0543917 0.0861852 0.0895885 0.1223250 0.0801402 0.0681385 0.1155237 0.0550007 0.0750155 0.0552600 0.0645600 
S0405         0.2060964 0.0474176 0.0718355 0.1183520 0.1018392 0.0203464 0.1152633 0.0832270 0.0772970 0.0287396 0.0578692 0.1134272 0.1118123 0.1089765 0.0950490 0.1129958 0.0886445 0.0877339 0.1077495 0.1106412 0.0601565 0.0214857 0.0000000 0.1009447 0.0674346 0.0834136 0.0725930 0.0620794 0.0830113 0.1061697 0.0950430 0.0771864 0.0785837 0.1122845 0.1067694 0.0887268 0.0421361 0.0189080 0.1072427 0.0813887 0.1212969 0.0541880 0.0322970 0.0893551 0.1072572 0.1512178 0.0735529 0.1166094 0.0839928 0.0249895 0.0786383 0.0746934 0.0203571 0.0711556 0.0722715 0.0860179 0.0887881 0.0938219 0.1219442 0.1016109 0.0759635 0.0603334 0.0953932 0.0836698 0.0777405 0.0848452 0.0757986 0.0774107 0.0720221 0.1039431 0.1474899 0.0913384 0.1133505 0.1159341 0.0787859 0.0862931 0.1564902 0.0694095 0.1470060 0.0891743 0.0827122 0.0756815 0.1144305 0.0433810 0.0924789 0.1367630 0.0186624 0.0480060 0.0788361 0.0844789 0.0983114 0.1046875 0.1184655 0.0995522 0.1256927 0.1014011 0.1135874 0.1110749 0.0184427 0.1174151 0.0848417 0.0731085 0.0225138 0.0176091 0.0542468 0.0849058 0.0376828 0.0924056 0.0798577 0.0779619 0.1008432 0.0419991 0.0751777 0.0956912 0.1085173 0.1122606 0.0225013 0.1038562 0.0868569 0.0772685 0.0269799 0.1089693 0.0305118 0.0986416 0.0277339 0.0562298 0.0879311 0.0908347 0.1190088 0.0775661 0.0673556 0.1156189 0.0533899 0.0771044 0.0554885 0.0630360 
S0407sl       0.2331126 0.0988224 0.0994165 0.0669639 0.1342311 0.0995768 0.1419486 0.0482472 0.1058304 0.1014090 0.1145181 0.0712981 0.1393522 0.1332133 0.0528296 0.1401683 0.0577619 0.1131926 0.1320677 0.1365737 0.0943261 0.1003005 0.1009447 0.0000000 0.1110648 0.0478316 0.0985904 0.1007421 0.0466671 0.1314507 0.0740669 0.0975379 0.1164706 0.1365149 0.1303272 0.0464327 0.1080262 0.0953091 0.0691930 0.0680653 0.1307682 0.0949313 0.1211023 0.1195640 0.1367900 0.1684459 0.1175999 0.1430594 0.1125899 0.0970291 0.0976384 0.0997811 0.0983434 0.0980710 0.0985201 0.0993479 0.1145304 0.0929377 0.1612544 0.1082110 0.0682393 0.0825011 0.0550773 0.1081726 0.1011073 0.1067254 0.0963495 0.0961395 0.1332092 0.1308409 0.1659328 0.1161814 0.1468169 0.1503088 0.0994330 0.1074252 0.1725956 0.0988256 0.1650725 0.0990568 0.1080960 0.1013701 0.1539819 0.1069115 0.1212140 0.1539704 0.0958430 0.1173494 0.0924432 0.0493545 0.1039729 0.1129556 0.1458741 0.0854544 0.0830597 0.1299787 0.1356942 0.1354910 0.1021604 0.1584732 0.0988964 0.0998776 0.0990816 0.0974970 0.1054210 0.1041973 0.1021652 0.0983618 0.1076433 0.1062431 0.0575624 0.1120831 0.1022603 0.0288677 0.1367537 0.1190245 0.1001850 0.1300680 0.1097061 0.1008909 0.1006106 0.0691811 0.0975362 0.0914567 0.0939637 0.0974253 0.1055580 0.1121340 0.1253370 0.1033807 0.0888659 0.1437380 0.0805779 0.1012342 0.0883913 0.0843101 
S0412sl       0.2006845 0.0633304 0.0838268 0.1172735 0.1091612 0.0690399 0.1123821 0.0910641 0.0826413 0.0725797 0.0814668 0.1226593 0.1121738 0.1184749 0.1030838 0.1147657 0.0995441 0.0954513 0.1158086 0.1098639 0.0643085 0.0684810 0.0674346 0.1110648 0.0000000 0.0908357 0.0752651 0.0656259 0.0913066 0.1094754 0.1020117 0.0895126 0.0782808 0.1097449 0.1096953 0.0896700 0.0780026 0.0674911 0.1147632 0.0899493 0.1309304 0.0589343 0.0814149 0.0903645 0.1111136 0.1515322 0.0564518 0.1172606 0.0909405 0.0690218 0.0901476 0.0769418 0.0662792 0.0755438 0.0749326 0.0948315 0.0883731 0.1005491 0.1267963 0.1105937 0.0852114 0.0615589 0.0981059 0.0898814 0.0896077 0.0952121 0.0860340 0.0893278 0.1046973 0.1103384 0.1544141 0.0984790 0.1207679 0.1247688 0.0899064 0.0959684 0.1574046 0.0741759 0.1463026 0.1070065 0.0951999 0.0825753 0.1210930 0.0728403 0.0903851 0.1395409 0.0634257 0.0822969 0.0796010 0.0887407 0.1096668 0.1133923 0.1212624 0.1096544 0.1363367 0.1040248 0.1124178 0.1087505 0.0680223 0.1200068 0.0852866 0.0767179 0.0656471 0.0559577 0.0666654 0.0861918 0.0680617 0.1052775 0.0803423 0.0810373 0.1095058 0.0783786 0.0775048 0.1084955 0.1149283 0.1230819 0.0684133 0.1081209 0.0914860 0.0826765 0.0729590 0.1115990 0.0659531 0.1005705 0.0637545 0.0613056 0.0941862 0.0965923 0.1339627 0.0880909 0.0647277 0.1193446 0.0610500 0.0799092 0.0555101 0.0666239 
S0417         0.2063416 0.0829548 0.0826477 0.0599927 0.1116087 0.0850443 0.1237097 0.0378098 0.0869279 0.0887338 0.0981959 0.0623050 0.1183631 0.1130438 0.0463644 0.1201315 0.0481214 0.0977028 0.1098094 0.1166309 0.0809805 0.0827235 0.0834136 0.0478316 0.0908357 0.0000000 0.0814553 0.0855772 0.0333513 0.1167249 0.0622812 0.0811793 0.1028219 0.1180409 0.1173150 0.0382841 0.0942835 0.0811954 0.0549719 0.0539381 0.1128858 0.0808997 0.0998440 0.0967222 0.1183515 0.1547794 0.0953184 0.1253309 0.0928189 0.0851750 0.0808998 0.0811838 0.0812621 0.0816372 0.0805941 0.0906175 0.0903480 0.0718181 0.1334333 0.0932013 0.0497005 0.0685352 0.0394167 0.0925558 0.0837057 0.0887453 0.0802982 0.0828563 0.1160486 0.1065882 0.1483253 0.1027550 0.1264655 0.1257971 0.0859130 0.0912228 0.1561693 0.0811818 0.1470467 0.0875661 0.0869664 0.0857304 0.1305385 0.0947505 0.0971248 0.1382458 0.0810335 0.0991800 0.0818210 0.0307797 0.0911054 0.0972947 0.1281850 0.0732411 0.0721180 0.1077270 0.1195401 0.1185309 0.0868201 0.1297700 0.0849254 0.0809589 0.0817850 0.0803603 0.0889121 0.0890153 0.0884660 0.0750288 0.0864431 0.0869035 0.0490955 0.0946205 0.0848912 0.0444702 0.1133379 0.1057989 0.0840875 0.1069709 0.0921168 0.0875253 0.0849923 0.0611697 0.0811300 0.0721143 0.0816153 0.0800131 0.0927166 0.0959849 0.1082417 0.0832249 0.0721342 0.1260902 0.0642845 0.0853522 0.0728284 0.0708235 
S0419         0.2052587 0.0731275 0.0175289 0.1136448 0.0561562 0.0743342 0.0990302 0.0824094 0.0687698 0.0744550 0.0880755 0.1131568 0.0939687 0.0951869 0.0922410 0.0991377 0.0845743 0.0775866 0.0939849 0.0925183 0.0679075 0.0750033 0.0725930 0.0985904 0.0752651 0.0814553 0.0000000 0.0727764 0.0816478 0.0944229 0.0878385 0.0683698 0.0876766 0.1027126 0.0955527 0.0836010 0.0832177 0.0721361 0.1077227 0.0804094 0.1179668 0.0642232 0.0873763 0.0395183 0.0924809 0.1448208 0.0873890 0.0996791 0.0747733 0.0716969 0.0685587 0.0097771 0.0706783 0.0090526 0.0068847 0.0745954 0.0406860 0.0936567 0.1138746 0.0961367 0.0759731 0.0468011 0.0941517 0.0721841 0.0689733 0.0739969 0.0635375 0.0654963 0.1064873 0.0590922 0.1411094 0.0855391 0.1042879 0.1053132 0.0692816 0.0755639 0.1489359 0.0083212 0.1418721 0.0855681 0.0786362 0.0659735 0.1064822 0.0799020 0.0824347 0.1304076 0.0657811 0.0856617 0.0636214 0.0783266 0.0934749 0.1007641 0.1058515 0.0945447 0.1206315 0.0922474 0.0966989 0.0955530 0.0755125 0.1056490 0.0712122 0.0631121 0.0715996 0.0670456 0.0747757 0.0747204 0.0771515 0.0916711 0.0690283 0.0680657 0.0979840 0.0822815 0.0123888 0.0944974 0.0630437 0.1091769 0.0729082 0.0586811 0.0775764 0.0690096 0.0754549 0.1058278 0.0717938 0.0949180 0.0700464 0.0614501 0.0756929 0.0796376 0.1162997 0.0670320 0.0523590 0.1168633 0.0223907 0.0650943 0.0609260 0.0515311 
S0427         0.2061831 0.0590171 0.0753094 0.1124396 0.0985090 0.0636682 0.1128303 0.0816061 0.0737887 0.0675791 0.0788488 0.1134044 0.1076130 0.1073185 0.0917660 0.1123630 0.0914652 0.0827345 0.1012188 0.1059126 0.0255308 0.0630031 0.0620794 0.1007421 0.0656259 0.0855772 0.0727764 0.0000000 0.0818143 0.1054564 0.0952714 0.0769691 0.0761585 0.1083823 0.1101293 0.0848778 0.0736089 0.0586821 0.1077435 0.0830638 0.1206813 0.0530207 0.0731204 0.0856010 0.1080902 0.1469657 0.0749835 0.1149252 0.0811604 0.0605983 0.0757317 0.0737996 0.0619107 0.0707628 0.0719571 0.0861244 0.0850791 0.0964749 0.1192519 0.0989538 0.0806902 0.0561397 0.0935905 0.0818347 0.0780246 0.0888276 0.0751790 0.0771547 0.0991302 0.1025056 0.1439102 0.0904114 0.1118478 0.1157629 0.0761061 0.0831802 0.1490942 0.0712265 0.1409704 0.0944513 0.0887167 0.0739275 0.1130088 0.0643390 0.0864147 0.1342470 0.0573848 0.0724725 0.0732257 0.0823900 0.0966775 0.1020846 0.1182417 0.1004636 0.1233816 0.0975953 0.1107910 0.1082940 0.0609403 0.1140415 0.0753582 0.0686992 0.0613197 0.0555442 0.0648803 0.0785439 0.0628580 0.0999073 0.0736919 0.0703539 0.0935707 0.0685968 0.0743642 0.0949885 0.1071026 0.1115314 0.0608032 0.1001851 0.0841441 0.0748412 0.0621831 0.1019181 0.0612230 0.0986251 0.0565086 0.0517443 0.0848921 0.0857320 0.1196158 0.0787537 0.0622246 0.1125481 0.0518052 0.0714035 0.0194518 0.0600831 
S0428sl       0.2095724 0.0775839 0.0819320 0.0611648 0.1138437 0.0842974 0.1253272 0.0384984 0.0825008 0.0857660 0.1020922 0.0634736 0.1183462 0.1130923 0.0448077 0.1224885 0.0493577 0.0982218 0.1038104 0.1163404 0.0764413 0.0834091 0.0830113 0.0466671 0.0913066 0.0333513 0.0816478 0.0818143 0.0000000 0.1166680 0.0581869 0.0831984 0.1024759 0.1141250 0.1213738 0.0397159 0.0904396 0.0812434 0.0544739 0.0591724 0.1173349 0.0779142 0.0995008 0.0966608 0.1198864 0.1501707 0.0980518 0.1258123 0.0952621 0.0833202 0.0807052 0.0819793 0.0798676 0.0814056 0.0812968 0.0913645 0.0925686 0.0720200 0.1306714 0.0909589 0.0539331 0.0650830 0.0362709 0.0913353 0.0839306 0.0857710 0.0811660 0.0835399 0.1187180 0.1105059 0.1484748 0.1005782 0.1252530 0.1284496 0.0861881 0.0908163 0.1530362 0.0803744 0.1443948 0.0840518 0.0892303 0.0844564 0.1299214 0.0914949 0.0934519 0.1343821 0.0794987 0.0932319 0.0770702 0.0338816 0.0910884 0.0961330 0.1290976 0.0724852 0.0706591 0.1054912 0.1209597 0.1176214 0.0832090 0.1258228 0.0815414 0.0775020 0.0817492 0.0797256 0.0849797 0.0842621 0.0853473 0.0737425 0.0799525 0.0817333 0.0485652 0.0897595 0.0830876 0.0432991 0.1151334 0.1068968 0.0829441 0.1097356 0.0896557 0.0865325 0.0829836 0.0592690 0.0815547 0.0699481 0.0801692 0.0801607 0.0896456 0.0923486 0.1095684 0.0809742 0.0697083 0.1289996 0.0620976 0.0830355 0.0700153 0.0656738 
