119
PAFTOL_019361 0.0000000 0.1737622 0.1088386 0.1230332 0.1419602 0.1671328 0.1386835 0.1489530 0.1716546 0.1717421 0.1762749 0.1295103 0.1541591 0.1541291 0.1327689 0.1482138 0.1638186 0.1550992 0.2004266 0.1784994 0.1721145 0.1604663 0.1916225 0.1469560 0.1295199 0.1673228 0.1327690 0.1894711 0.1345502 0.1240343 0.1492127 0.1546033 0.1497300 0.1722992 0.1680290 0.1549457 0.1511441 0.1493069 0.1698602 0.1621048 0.1447273 0.1602963 0.1679822 0.1397444 0.1602963 0.1357350 0.1966384 0.1591940 0.1456614 0.1535986 0.1344751 0.1190135 0.1391258 0.1628166 0.1571571 0.1826780 0.1630128 0.1703389 0.1711330 0.1601018 0.1434669 0.1456871 0.1863361 0.1741977 0.1511064 0.1287968 0.1570188 0.1886174 0.1846502 0.1516892 0.1813777 0.2110147 0.1641438 0.1724873 0.1712954 0.1655775 0.1386728 0.1636885 0.1465314 0.1605497 0.1096439 0.1957991 0.1606304 0.1552594 0.1589992 0.1521206 0.1673646 0.4707847 0.1904479 0.2034238 0.1717158 0.1714305 0.1710564 0.1619763 0.1719418 0.1295199 0.1429574 0.1707363 0.1680330 0.1508688 0.1701493 0.1692598 0.1639238 0.1615890 0.1581642 0.1917976 0.1672703 0.1906645 0.1224528 0.1603576 0.1644337 0.1484478 0.2201169 0.1367295 0.1853097 0.1391989 0.1812301 0.1750431 0.1286860 
S0055         0.1737622 0.0000000 0.0732383 0.0978207 0.0703968 0.0225802 0.0729589 0.0850367 0.1025896 0.0345623 0.0598573 0.0877585 0.0835368 0.0842881 0.0888463 0.1067444 0.0952317 0.0789450 0.0794803 0.0304203 0.0264028 0.1080648 0.0686088 0.0898908 0.0826008 0.0549208 0.0778233 0.0733849 0.0815047 0.0830256 0.0303026 0.0226095 0.1136550 0.0924251 0.0557296 0.0266802 0.0870971 0.0743100 0.1281642 0.0510841 0.0778233 0.0185869 0.1079914 0.0916971 0.0185869 0.0878366 0.1179404 0.0976820 0.0835258 0.0924160 0.0826354 0.0603332 0.0684853 0.1033377 0.0984321 0.1200801 0.0318199 0.1032478 0.1509412 0.0947011 0.0595164 0.0579431 0.1237994 0.0880652 0.1322667 0.0922971 0.1323320 0.1148164 0.1019169 0.0513800 0.0465984 0.1259164 0.1388384 0.0264465 0.0428441 0.1067801 0.0885838 0.1028293 0.0746678 0.0893034 0.0803053 0.1122839 0.0835397 0.0148279 0.0921590 0.0977575 0.0225961 0.0000010 0.0465632 0.1241063 0.0224109 0.0979584 0.1070958 0.1029626 0.0429870 0.0826008 0.0939301 0.1034492 0.0975868 0.0149116 0.0937350 0.0954947 0.0863412 0.0343838 0.0953533 0.0430075 0.1019081 0.0473904 0.0699054 0.0837103 0.1106686 0.0818838 0.1179276 0.0809802 0.1156245 0.0853926 0.1113360 0.0598198 0.0827443 
S0196sl       0.1088386 0.0732383 0.0000000 0.0561089 0.0254536 0.0631567 0.0355924 0.0761155 0.0456794 0.0853721 0.0636649 0.0561089 0.0367338 0.0266215 0.0661989 0.0556065 0.0528695 0.0365091 0.0637340 0.0645624 0.0732096 0.0769382 0.1189954 0.0781576 0.0000010 0.0636435 0.0355924 0.1158640 0.0355924 0.0594841 0.0835703 0.0631567 0.0664062 0.0437874 0.0629757 0.0631567 0.0082988 0.0367338 0.0937316 0.0531473 0.0455383 0.0631567 0.1062152 0.0168255 0.0631567 0.0000010 0.0942926 0.0082988 0.0353958 0.0458895 0.0350932 0.0257576 0.0084817 0.0949754 0.1062152 0.1192468 0.0640630 0.0441451 0.1205316 0.0443416 0.0259513 0.0269405 0.1181210 0.0956564 0.0966839 0.0083393 0.0953287 0.0935669 0.0656411 0.0263639 0.0533942 0.0934624 0.0953287 0.0738592 0.0626784 0.0637622 0.0561089 0.0443608 0.0263755 0.0370474 0.0381865 0.0560869 0.0367338 0.0631567 0.0548591 0.0445433 0.0731845 0.0000010 0.0728450 0.1100756 0.0631567 0.0445433 0.0346487 0.0770586 0.0738848 0.0000010 0.0664062 0.0441451 0.0545812 0.0631567 0.0168305 0.0623902 0.0447579 0.0538039 0.0792747 0.1069706 0.0435283 0.0941256 0.0637879 0.0661310 0.0543063 0.0532880 0.1051895 0.0441494 0.0857654 0.0000021 0.0853500 0.0755209 0.0257576 
S0278         0.1230332 0.0978207 0.0561089 0.0000000 0.0703504 0.0926871 0.0929352 0.0468554 0.1000044 0.1031822 0.0965905 0.0147540 0.0904827 0.0705996 0.0223069 0.0504121 0.0814919 0.0857265 0.1000489 0.0978967 0.0970986 0.0422897 0.1128447 0.0225925 0.0650025 0.0927825 0.0981980 0.1221908 0.0928210 0.0076164 0.0969112 0.0928027 0.0383928 0.0785525 0.1188879 0.0982363 0.0743599 0.0809095 0.1205952 0.0882859 0.0981980 0.0873354 0.1091809 0.0737887 0.0873354 0.0699406 0.1308885 0.0845899 0.0654360 0.0898326 0.0519045 0.0434271 0.0737984 0.1044863 0.1090465 0.1213984 0.0882613 0.0988125 0.1369965 0.0808474 0.0741398 0.0874364 0.1251391 0.1125817 0.1188749 0.0742697 0.1242828 0.1266417 0.0973365 0.0698341 0.1168611 0.1565516 0.1306990 0.0972867 0.1077264 0.0924384 0.0262896 0.0747933 0.0568537 0.1012124 0.0157865 0.1203112 0.0904876 0.0829413 0.0731736 0.0945412 0.0883136 0.0000010 0.1121858 0.1367013 0.0968797 0.0999266 0.1092276 0.0342020 0.0973726 0.0650025 0.0382833 0.0990031 0.0745550 0.0788701 0.0893644 0.1242483 0.0728399 0.0880030 0.0428794 0.1183296 0.0651445 0.1240636 0.0837666 0.0791647 0.0916317 0.0685040 0.1410588 0.0507679 0.1110358 0.0671754 0.0968959 0.0935668 0.0476800 
S0281         0.1419602 0.0703968 0.0254536 0.0703504 0.0000000 0.0610752 0.0647557 0.0709497 0.0660547 0.0706405 0.0649474 0.0708796 0.0707118 0.0614196 0.0705455 0.0607858 0.0596139 0.0661982 0.0583639 0.0658174 0.0652854 0.0702769 0.0887679 0.0667057 0.0185045 0.0525649 0.0695290 0.0880367 0.0728164 0.0597879 0.0651586 0.0611538 0.0801876 0.0695259 0.0657925 0.0660284 0.0263349 0.0616683 0.0944513 0.0655295 0.0695290 0.0562774 0.1005259 0.0261383 0.0562774 0.0224791 0.0990635 0.0304820 0.0440330 0.0794719 0.0435465 0.0191297 0.0471462 0.0905171 0.0909412 0.1125267 0.0496235 0.0432240 0.1317275 0.0773678 0.0516731 0.0497617 0.1163209 0.0806206 0.1138652 0.0186398 0.1192053 0.1119801 0.0648213 0.0478192 0.0790739 0.1133057 0.1255239 0.0654059 0.0696082 0.0647459 0.0524676 0.0571742 0.0482018 0.0762330 0.0565898 0.0989025 0.0704434 0.0521098 0.0606790 0.0524576 0.0565942 0.0000010 0.0882536 0.0949368 0.0607630 0.0617222 0.0605159 0.0849098 0.0752200 0.0185045 0.0571777 0.0388423 0.0655535 0.0524206 0.0307177 0.0840333 0.0556107 0.0482174 0.0762398 0.0846979 0.0510286 0.0898880 0.0620128 0.0568287 0.0647775 0.0472323 0.1092178 0.0427012 0.0918610 0.0151680 0.0785473 0.0575714 0.0476083 
S0282         0.1671328 0.0225802 0.0631567 0.0926871 0.0610752 0.0000000 0.0637049 0.0752422 0.0978750 0.0264528 0.0510300 0.0876130 0.0739289 0.0745869 0.0838263 0.0965367 0.0943859 0.0694559 0.0614963 0.0224519 0.0185614 0.0977199 0.0595435 0.0896275 0.0731035 0.0463151 0.0683903 0.0727425 0.0715684 0.0777906 0.0262577 0.0148350 0.1031121 0.0822178 0.0512275 0.0187531 0.0825945 0.0649602 0.1326266 0.0425278 0.0683903 0.0109776 0.1031998 0.0819657 0.0109776 0.0781407 0.1130441 0.0930212 0.0739161 0.0826007 0.0687761 0.0514269 0.0552485 0.0985842 0.0937336 0.1098120 0.0235535 0.0933513 0.1392551 0.0895310 0.0507403 0.0488239 0.1188150 0.0835108 0.1212986 0.0824973 0.1266537 0.1098909 0.0918378 0.0427675 0.0423487 0.1324941 0.1330143 0.0185914 0.0344906 0.0965570 0.0787962 0.0831624 0.0605719 0.0794361 0.0749943 0.1018697 0.0739301 0.0072979 0.0823700 0.0880764 0.0148260 0.0000010 0.0381777 0.1191151 0.0185216 0.0932872 0.1023485 0.1032900 0.0346042 0.0731035 0.0839414 0.0935275 0.0782479 0.0073377 0.0840551 0.1013439 0.0768218 0.0263172 0.0852011 0.0346210 0.0918293 0.0388498 0.0651103 0.0740748 0.1004043 0.0721330 0.1130256 0.0716821 0.1096671 0.0755413 0.1010201 0.0509988 0.0732300 
S0288         0.1386835 0.0729589 0.0355924 0.0929352 0.0647557 0.0637049 0.0000000 0.0890913 0.0830693 0.0687909 0.0772865 0.0890038 0.0474535 0.0563473 0.0931935 0.0876814 0.0857228 0.0432682 0.0799443 0.0641079 0.0721130 0.0979803 0.0775703 0.0945571 0.0512658 0.0680297 0.0036177 0.1092606 0.0037688 0.0781109 0.0634808 0.0680485 0.1033859 0.0783664 0.0828020 0.0729181 0.0641871 0.0390987 0.1334133 0.0638340 0.0036177 0.0548416 0.1277879 0.0510855 0.0548416 0.0559026 0.1216677 0.0739094 0.0741187 0.0431664 0.0638417 0.0474702 0.0224355 0.1229934 0.1178746 0.1336987 0.0762705 0.0691472 0.1445141 0.0996193 0.0342969 0.0317504 0.1342133 0.0976005 0.1263032 0.0600686 0.1317249 0.1460472 0.0823704 0.0305595 0.0814652 0.1412638 0.1381814 0.0637161 0.0635602 0.0968129 0.0790115 0.0883057 0.0567298 0.0523154 0.0752143 0.0693811 0.0474524 0.0590526 0.0825917 0.0783468 0.0595530 0.4707847 0.0859292 0.1175083 0.0634621 0.0872288 0.0918404 0.1032675 0.0732423 0.0512658 0.0841703 0.0692660 0.0743800 0.0593977 0.0690179 0.1013049 0.0683832 0.0636319 0.0904030 0.0824506 0.0830423 0.0874822 0.0924094 0.0733523 0.0963901 0.0769895 0.1281780 0.0633908 0.1296030 0.0571721 0.0921110 0.0732330 0.0734294 
S0289         0.1489530 0.0850367 0.0761155 0.0468554 0.0709497 0.0752422 0.0890913 0.0000000 0.0994772 0.0853184 0.0836818 0.0471925 0.0959669 0.0802093 0.0472010 0.0590975 0.0821710 0.0911312 0.1077003 0.0802409 0.0750828 0.0597965 0.0888839 0.0472361 0.0743202 0.0843494 0.0943338 0.0978162 0.0887994 0.0403087 0.0839597 0.0753386 0.0557292 0.0882505 0.1100700 0.0705282 0.0839753 0.0862213 0.1367892 0.0754016 0.0943338 0.0701492 0.1085819 0.0833279 0.0701492 0.0794489 0.1301378 0.0945925 0.0703777 0.0952772 0.0608654 0.0479038 0.0744200 0.1039164 0.0989955 0.1207090 0.0796465 0.0996670 0.1538598 0.0908383 0.0654941 0.0834360 0.1244305 0.0932759 0.1348039 0.0838756 0.1404586 0.1259164 0.0981689 0.0616249 0.1034908 0.1448360 0.1472237 0.0797346 0.0840651 0.0932266 0.0428239 0.0844806 0.0660533 0.1021924 0.0372495 0.1263277 0.0959728 0.0658400 0.0650739 0.0946994 0.0753161 0.0000010 0.0941604 0.1309228 0.0794032 0.0947253 0.1039126 0.0595717 0.0843623 0.0743202 0.0472636 0.0998611 0.0842086 0.0662394 0.0901354 0.1187138 0.0734463 0.0751560 0.0432309 0.0999985 0.0744924 0.1054808 0.0744068 0.0612375 0.0924080 0.0778124 0.1301409 0.0595217 0.1212310 0.0768362 0.0977213 0.0850632 0.0608158 
S0292         0.1716546 0.1025896 0.0456794 0.1000044 0.0660547 0.0978750 0.0830693 0.0994772 0.0000000 0.0990936 0.0984362 0.1007780 0.0884770 0.0995485 0.1051917 0.0899843 0.0744666 0.0838245 0.1013625 0.0846325 0.0973265 0.1199664 0.1136669 0.1067810 0.0565823 0.0887477 0.0881523 0.1128239 0.0827336 0.0847702 0.0928869 0.0979970 0.1108687 0.0895776 0.1050498 0.1035478 0.0561064 0.0791177 0.1200929 0.0981660 0.0881523 0.0833453 0.0732251 0.0652538 0.0833453 0.0613965 0.0552833 0.0656318 0.0749658 0.0884653 0.0612836 0.0530225 0.0699338 0.0776509 0.0645037 0.0837008 0.0690169 0.0944392 0.1312649 0.0615343 0.0739649 0.0724016 0.0696433 0.0559249 0.1183878 0.0656796 0.1237657 0.0884041 0.0845517 0.0700436 0.1127670 0.0636275 0.1301436 0.0932476 0.0918011 0.0993603 0.0903396 0.0906394 0.0666392 0.0898330 0.0868419 0.1131754 0.0884807 0.0879589 0.0736909 0.0074063 0.0887476 0.0000010 0.1226782 0.0432004 0.0928571 0.0110253 0.0147779 0.1092761 0.0979464 0.0565823 0.1053403 0.0946190 0.0843636 0.0884969 0.0807306 0.0344265 0.0698929 0.0839850 0.1070184 0.1141899 0.0707937 0.1153492 0.0900660 0.0698385 0.0747028 0.0834765 0.0734047 0.0650068 0.0885997 0.0536453 0.0941916 0.0945733 0.0750008 
S0293         0.1717421 0.0345623 0.0853721 0.1031822 0.0706405 0.0264528 0.0687909 0.0853184 0.0990936 0.0000000 0.0516530 0.0979144 0.0741029 0.0797563 0.0837569 0.0977258 0.0955266 0.0744955 0.0680091 0.0186139 0.0302986 0.1083940 0.0643230 0.0952158 0.0740008 0.0551139 0.0640862 0.0866439 0.0720054 0.0882714 0.0303809 0.0185445 0.1139962 0.0927186 0.0558720 0.0225047 0.0836122 0.0699096 0.1444039 0.0552354 0.0736003 0.0148161 0.1185921 0.0829698 0.0148161 0.0791052 0.1189577 0.0941792 0.0838001 0.0836190 0.0829054 0.0563493 0.0601611 0.1138394 0.1087945 0.1311541 0.0317156 0.1039689 0.1561114 0.0802825 0.0425785 0.0403384 0.1248691 0.0888336 0.1372007 0.0736099 0.1428090 0.1257347 0.0883680 0.0432914 0.0467777 0.1270260 0.1495250 0.0225856 0.0388039 0.0873811 0.0888711 0.1031469 0.0703976 0.0746520 0.0749339 0.1031301 0.0790493 0.0186121 0.0924514 0.0789912 0.0187615 0.0000010 0.0506497 0.1251792 0.0224998 0.0988108 0.1036181 0.1141943 0.0389330 0.0740008 0.0838717 0.1041730 0.0886762 0.0187172 0.0944019 0.0963402 0.0777563 0.0345119 0.0909669 0.0389519 0.0929609 0.0432769 0.0740156 0.0839856 0.1016324 0.0910791 0.1189460 0.0725470 0.1254805 0.0764960 0.0917855 0.0600284 0.0830145 
S0294         0.1762749 0.0598573 0.0636649 0.0965905 0.0649474 0.0510300 0.0772865 0.0836818 0.0984362 0.0516530 0.0000000 0.0973165 0.0832959 0.0738128 0.0877369 0.0913231 0.0801669 0.0787200 0.0797419 0.0472094 0.0550731 0.1016389 0.0825227 0.0935899 0.0682944 0.0681701 0.0822071 0.0907566 0.0861050 0.0867104 0.0552262 0.0510948 0.1070545 0.0772561 0.0693479 0.0556774 0.0776087 0.0741011 0.1436256 0.0728700 0.0822071 0.0384656 0.1280006 0.0770203 0.0384656 0.0732213 0.1283908 0.0832766 0.0687214 0.0878933 0.0589101 0.0511317 0.0592468 0.1231996 0.1180728 0.1353671 0.0321302 0.0973202 0.1546871 0.0947542 0.0595693 0.0579971 0.1238541 0.0977667 0.1466562 0.0775166 0.1472120 0.1353652 0.0961722 0.0514303 0.0728987 0.1433742 0.1539823 0.0469208 0.0645091 0.0913364 0.0826826 0.0870465 0.0602986 0.0890398 0.0742345 0.1075388 0.0832987 0.0425234 0.0817712 0.0931982 0.0428779 0.0000010 0.0675797 0.1347576 0.0467364 0.1028650 0.1076827 0.1072380 0.0647300 0.0682944 0.0878567 0.0975049 0.0777832 0.0427691 0.0880123 0.1224961 0.0631994 0.0553571 0.0845989 0.0647593 0.0774440 0.0605664 0.0877187 0.0735380 0.0857732 0.0849654 0.1283913 0.0669751 0.1244564 0.0705509 0.0863135 0.0733865 0.0770616 
S0299         0.1295103 0.0877585 0.0561089 0.0147540 0.0708796 0.0876130 0.0890038 0.0471925 0.1007780 0.0979144 0.0973165 0.0000000 0.0864740 0.0711324 0.0224623 0.0507725 0.0820920 0.0817219 0.1060124 0.0927258 0.0919739 0.0425908 0.1074318 0.0227518 0.0654836 0.0877022 0.0942408 0.1231285 0.0887082 0.0194796 0.0917968 0.0877223 0.0386659 0.0791399 0.1133440 0.0930421 0.0749156 0.0769189 0.1106008 0.0832647 0.0942408 0.0823727 0.1197742 0.0743374 0.0823727 0.0704632 0.1319181 0.0852335 0.0703087 0.0858455 0.0522862 0.0437445 0.0699264 0.1149804 0.1098880 0.1324685 0.0882613 0.0897571 0.1328760 0.0907710 0.0702483 0.0833507 0.1362070 0.1134429 0.1148525 0.0748252 0.1098848 0.1378520 0.0980728 0.0659412 0.1015504 0.1519676 0.1160387 0.0921500 0.1024020 0.0931355 0.0264743 0.0753569 0.0572776 0.0971516 0.0159036 0.1162463 0.0864776 0.0780332 0.0737138 0.0952675 0.0877022 0.0000010 0.1068078 0.1377811 0.0823727 0.1006982 0.1100713 0.0344434 0.0922319 0.0654836 0.0385547 0.0899265 0.0751144 0.0739955 0.0804323 0.1085840 0.0733756 0.0829983 0.0431892 0.1128199 0.0656282 0.1184395 0.0843995 0.0797599 0.0923183 0.0690071 0.1421724 0.0511333 0.1325822 0.0676889 0.0976261 0.0884378 0.0480297 
S0303         0.1541591 0.0835368 0.0367338 0.0904827 0.0707118 0.0739289 0.0474535 0.0959669 0.0884770 0.0741029 0.0832959 0.0864740 0.0000000 0.0483741 0.0854975 0.0987792 0.0829293 0.0073809 0.0751824 0.0741428 0.0781957 0.0955991 0.0777729 0.0920921 0.0608013 0.0740026 0.0474535 0.1165979 0.0541359 0.0799702 0.0734048 0.0691830 0.1107360 0.0890748 0.0936867 0.0741420 0.0789371 0.0073064 0.1259366 0.0696796 0.0519430 0.0644113 0.1414803 0.0695353 0.0644113 0.0656803 0.1242072 0.0893372 0.0758682 0.0354521 0.0750422 0.0523249 0.0391941 0.1364979 0.1311304 0.1419694 0.0881595 0.0934133 0.1318696 0.1058471 0.0387491 0.0278318 0.1530910 0.1143343 0.1189094 0.0651832 0.1243193 0.1549547 0.0931832 0.0392489 0.0921349 0.1411844 0.1307376 0.0736830 0.0734968 0.1028218 0.0854975 0.0951040 0.0662596 0.0036717 0.0716993 0.0561413 0.0000010 0.0647010 0.0789609 0.0883743 0.0693802 0.0000010 0.0924983 0.1231016 0.0733823 0.0928968 0.1081226 0.0965059 0.0788195 0.0608013 0.0806394 0.0935897 0.0790180 0.0607142 0.0841121 0.1125002 0.0741278 0.0694555 0.0961031 0.0932726 0.0893070 0.0985582 0.0989320 0.0750697 0.0936810 0.0877940 0.1466672 0.0686413 0.1327210 0.0672134 0.0933430 0.0794372 0.0751544 
S0308         0.1541291 0.0842881 0.0266215 0.0705996 0.0614196 0.0745869 0.0563473 0.0802093 0.0995485 0.0797563 0.0738128 0.0711324 0.0483741 0.0000000 0.0707960 0.0887897 0.0867834 0.0441049 0.0875179 0.0748047 0.0788911 0.0753840 0.0833036 0.0620333 0.0518779 0.0746619 0.0610077 0.1124361 0.0638767 0.0598690 0.0784962 0.0746817 0.0800781 0.0838734 0.0945399 0.0798009 0.0695373 0.0398522 0.1313206 0.0747436 0.0610077 0.0649773 0.1371395 0.0604064 0.0649773 0.0565786 0.1252875 0.0795702 0.0708352 0.0618929 0.0700630 0.0435850 0.0390748 0.1321602 0.1268113 0.1506890 0.0772844 0.0836141 0.1481671 0.1071723 0.0473258 0.0498855 0.1487010 0.1101001 0.1294254 0.0607971 0.1349968 0.1563318 0.0833987 0.0393225 0.0976022 0.1506655 0.1416448 0.0743372 0.0785946 0.0980477 0.0659305 0.0897500 0.0617869 0.0576054 0.0519567 0.0705587 0.0483724 0.0652716 0.0749026 0.0941038 0.0699966 0.0000010 0.0933310 0.1361402 0.0740314 0.0934158 0.1087462 0.0750859 0.0788690 0.0518779 0.0708934 0.0837666 0.0798294 0.0612512 0.0745270 0.1237248 0.0692171 0.0745020 0.0659525 0.0941181 0.0840871 0.0888636 0.0951307 0.0656939 0.0928847 0.0782118 0.1423091 0.0641527 0.1387598 0.0578801 0.0932788 0.0801534 0.0657710 
S0320         0.1327689 0.0888463 0.0661989 0.0223069 0.0705455 0.0838263 0.0931935 0.0472010 0.1051917 0.0837569 0.0877369 0.0224623 0.0854975 0.0707960 0.0000000 0.0505455 0.0817120 0.0859693 0.1003243 0.0889246 0.0881986 0.0424013 0.1036192 0.0226519 0.0651803 0.0930401 0.0880300 0.1128671 0.0930257 0.0193917 0.0880274 0.0739699 0.0467672 0.0743413 0.1192248 0.0790372 0.0745649 0.0811380 0.1260961 0.0794684 0.0984725 0.0786108 0.1242555 0.0739909 0.0786108 0.0701327 0.1365143 0.0848267 0.0747312 0.0999482 0.0563271 0.0435447 0.0740008 0.1194463 0.1143225 0.1370811 0.0789778 0.0990899 0.1427497 0.0846458 0.0647138 0.0772143 0.1407982 0.1128968 0.1242840 0.0648377 0.1297832 0.1424936 0.0976068 0.0700258 0.1076448 0.1498976 0.1363276 0.0883679 0.0985968 0.0736655 0.0263584 0.0750011 0.0527345 0.0907076 0.0077607 0.1206553 0.0907442 0.0742636 0.0733727 0.0890477 0.0839109 0.0000010 0.1030138 0.1424161 0.0879993 0.1051054 0.1145104 0.0342910 0.0884476 0.0651803 0.0300971 0.0992816 0.0703396 0.0702052 0.0896151 0.1182167 0.0730374 0.0792116 0.0349039 0.1089977 0.0697560 0.1145994 0.0789542 0.0793842 0.0965614 0.0686896 0.1468201 0.0509031 0.1372034 0.0673648 0.0868687 0.0938286 0.0564852 
S0327         0.1482138 0.1067444 0.0556065 0.0504121 0.0607858 0.0965367 0.0876814 0.0590975 0.0899843 0.0977258 0.0913231 0.0507725 0.0987792 0.0887897 0.0505455 0.0000000 0.0634604 0.0939952 0.0992392 0.0925485 0.1009413 0.0540411 0.1024003 0.0424550 0.0518100 0.0875356 0.0928325 0.1158711 0.0973453 0.0399245 0.0916226 0.0966560 0.0424174 0.0735629 0.1035824 0.1021189 0.0607837 0.0891314 0.1297093 0.0921424 0.0928325 0.0822180 0.1079233 0.0603183 0.0822180 0.0564993 0.1300072 0.0658566 0.0695772 0.1035937 0.0515683 0.0350299 0.0689004 0.1070894 0.1083208 0.1305438 0.0779494 0.0793658 0.1463376 0.0907147 0.0692128 0.0820632 0.1243000 0.0976570 0.1278571 0.0607073 0.1333547 0.1290045 0.0741031 0.0649682 0.1112135 0.1451716 0.1399084 0.0919747 0.1022045 0.0691462 0.0299384 0.0698212 0.0521843 0.1049693 0.0366864 0.1242709 0.0987854 0.0867667 0.0769588 0.0846981 0.0875356 0.0000010 0.1160599 0.1257310 0.0915933 0.0942636 0.0990377 0.0636043 0.1025680 0.0518100 0.0419577 0.0795090 0.0696005 0.0872913 0.0796092 0.1136946 0.0680122 0.0783705 0.0472091 0.1125997 0.0647207 0.1182065 0.0786520 0.0830191 0.0773924 0.0637425 0.1401088 0.0383165 0.1251749 0.0490170 0.0916069 0.0882685 0.0599425 
S0335         0.1638186 0.0952317 0.0528695 0.0814919 0.0596139 0.0943859 0.0857228 0.0821710 0.0744666 0.0955266 0.0801669 0.0820920 0.0829293 0.0867834 0.0817120 0.0634604 0.0000000 0.0873124 0.0907867 0.0816016 0.0986948 0.0904213 0.1048054 0.0781201 0.0506661 0.0855821 0.0907479 0.1138160 0.0950654 0.0670304 0.0895875 0.0945004 0.0913928 0.0508789 0.1012266 0.0998236 0.0594324 0.0826164 0.1222980 0.0900856 0.0907479 0.0803984 0.1266306 0.0589853 0.0803984 0.0552426 0.1270141 0.0600548 0.0592806 0.0875081 0.0504342 0.0304421 0.0673779 0.1170143 0.1168152 0.1393378 0.0744232 0.0868308 0.1318495 0.0885400 0.0636545 0.0708847 0.1329828 0.1059905 0.1302465 0.0593590 0.1356890 0.1395388 0.0590912 0.0641399 0.1087222 0.1318924 0.1421829 0.0899242 0.0999073 0.0540741 0.0636956 0.0598223 0.0388731 0.0886458 0.0684960 0.1103186 0.0829321 0.0848455 0.0543829 0.0739080 0.0855808 0.0000010 0.1134555 0.1131594 0.0895595 0.0830876 0.0876779 0.0870649 0.1002558 0.0506661 0.0771411 0.0869887 0.0595531 0.0853479 0.0778127 0.1017437 0.0375613 0.0809961 0.0830576 0.1100512 0.0592963 0.1155150 0.0868109 0.0506633 0.0261849 0.0502362 0.1368778 0.0417309 0.1025366 0.0436965 0.0585656 0.0911626 0.0459198 
S0355         0.1550992 0.0789450 0.0365091 0.0857265 0.0661982 0.0694559 0.0432682 0.0911312 0.0838245 0.0744955 0.0787200 0.0817219 0.0073809 0.0441049 0.0859693 0.0939952 0.0873124 0.0000000 0.0749446 0.0696549 0.0736942 0.0907817 0.0783494 0.0872446 0.0564459 0.0695246 0.0476934 0.1117091 0.0498873 0.0751171 0.0689625 0.0695439 0.1008395 0.0843931 0.0889597 0.0745351 0.0743914 0.0073555 0.1103955 0.0608521 0.0476934 0.0600666 0.1362279 0.0650991 0.0600666 0.0612486 0.1191570 0.0846377 0.0712798 0.0394853 0.0705001 0.0480397 0.0350845 0.1312797 0.1259675 0.1366971 0.0877229 0.0887084 0.1160748 0.1064532 0.0389397 0.0321334 0.1477076 0.1093745 0.1037963 0.0655233 0.1089863 0.1495057 0.0835505 0.0351329 0.0874922 0.1483454 0.1150862 0.0692230 0.0646598 0.1033940 0.0807995 0.0903119 0.0617839 0.0150559 0.0667519 0.0479198 0.0073799 0.0603384 0.0744140 0.0888554 0.0649533 0.0000010 0.0878361 0.1181041 0.0689417 0.0882169 0.1032657 0.0962745 0.0697922 0.0564459 0.0810806 0.0888736 0.0744652 0.0563667 0.0794885 0.1131328 0.0696426 0.0650264 0.0912597 0.0785119 0.0846096 0.0937820 0.0945046 0.0705267 0.0982153 0.0831807 0.1413620 0.0642626 0.1274985 0.0626721 0.0938554 0.0748627 0.0706079 
S0376         0.2004266 0.0794803 0.0637340 0.1000489 0.0583639 0.0614963 0.0799443 0.1077003 0.1013625 0.0680091 0.0797419 0.1060124 0.0751824 0.0875179 0.1003243 0.0992392 0.0907867 0.0749446 0.0000000 0.0619953 0.0727993 0.1063164 0.0852941 0.0960718 0.0687979 0.0295579 0.0799443 0.1168413 0.0859829 0.0865620 0.0671912 0.0559263 0.1209443 0.0794262 0.0805405 0.0676627 0.0754399 0.0751824 0.1689873 0.0613020 0.0864404 0.0559263 0.1415664 0.0803083 0.0559263 0.0687979 0.1331118 0.0761120 0.0759690 0.0939398 0.0805528 0.0511469 0.0568095 0.1339056 0.1282111 0.1593670 0.0670916 0.1006001 0.1789078 0.0955700 0.0565237 0.0535947 0.1572353 0.1072223 0.1605566 0.0745712 0.1683736 0.1479177 0.1066939 0.0574833 0.0789003 0.1533939 0.1769303 0.0675151 0.0739525 0.0922264 0.0875011 0.0803397 0.0626784 0.0762732 0.0822059 0.1129631 0.0755553 0.0559263 0.0987595 0.0813352 0.0617874 0.0000010 0.1025841 0.1290102 0.0614963 0.0940675 0.1072811 0.1210981 0.0742833 0.0687979 0.0876575 0.1006001 0.0799025 0.0563496 0.0814862 0.1110839 0.0797461 0.0564596 0.1149437 0.0855928 0.0929279 0.0740256 0.0935811 0.0936967 0.0920792 0.0850743 0.1254375 0.0675144 0.1013025 0.0598700 0.1109232 0.0352155 0.0740964 
S0400         0.1784994 0.0304203 0.0645624 0.0978967 0.0658174 0.0224519 0.0641079 0.0802409 0.0846325 0.0186139 0.0472094 0.0927258 0.0741428 0.0748047 0.0889246 0.0925485 0.0816016 0.0696549 0.0619953 0.0000000 0.0262526 0.1030193 0.0597077 0.0948740 0.0691979 0.0506770 0.0688261 0.0817031 0.0720448 0.0783930 0.0263233 0.0224809 0.1085166 0.0876274 0.0513665 0.0265271 0.0786444 0.0651443 0.1384788 0.0507873 0.0688261 0.0110037 0.1130530 0.0780421 0.0110037 0.0741979 0.1134012 0.0889988 0.0788196 0.0786483 0.0779777 0.0518036 0.0555966 0.1083585 0.1033934 0.1253492 0.0154559 0.0986433 0.1499734 0.0854636 0.0469399 0.0448592 0.1191960 0.0837587 0.1314430 0.0785503 0.1369495 0.1200193 0.0788634 0.0389659 0.0424597 0.1230574 0.1435246 0.0186369 0.0345797 0.0925635 0.0837950 0.0978633 0.0655905 0.0796712 0.0802700 0.0978457 0.0741441 0.0147445 0.0784265 0.0750656 0.0148619 0.0000010 0.0462950 0.1097710 0.0185667 0.0843936 0.0890578 0.1087045 0.0346939 0.0691979 0.0890475 0.0988333 0.0836120 0.0148272 0.0892072 0.0924409 0.0643291 0.0303774 0.0857602 0.0347108 0.0878516 0.0389522 0.0740552 0.0701205 0.0873315 0.0860845 0.1133831 0.0678454 0.1197764 0.0715131 0.0878881 0.0554755 0.0780842 
S0405         0.1721145 0.0264028 0.0732096 0.0970986 0.0652854 0.0185614 0.0721130 0.0750828 0.0973265 0.0302986 0.0550731 0.0919739 0.0781957 0.0788911 0.0881986 0.1009413 0.0986948 0.0736942 0.0727993 0.0262526 0.0000000 0.0929210 0.0636477 0.0940891 0.0773259 0.0502831 0.0769109 0.0679847 0.0805061 0.0774502 0.0300755 0.0185854 0.1076231 0.0959532 0.0552874 0.0225546 0.0869020 0.0691620 0.1317644 0.0464936 0.0769109 0.0146700 0.1029634 0.0862431 0.0146700 0.0824231 0.1127784 0.0974484 0.0781838 0.0820736 0.0773538 0.0555034 0.0635335 0.0983607 0.0935241 0.1148153 0.0488581 0.1024750 0.1383407 0.0893318 0.0547619 0.0530111 0.1185303 0.0833312 0.1205170 0.0868010 0.1258349 0.1096314 0.0962122 0.0467577 0.0462978 0.1321691 0.1321474 0.0223597 0.0344304 0.1009678 0.0831150 0.0970657 0.0737823 0.0837866 0.0795757 0.1063331 0.0781976 0.0109719 0.0866693 0.0877034 0.0185743 0.0000010 0.0340117 0.1188292 0.0222755 0.0930800 0.1021163 0.1078083 0.0345436 0.0773259 0.0883196 0.1026730 0.0919532 0.0110331 0.0930442 0.1011164 0.0810341 0.0301429 0.0896433 0.0385509 0.0962036 0.0428277 0.0693306 0.0783528 0.1048107 0.0854010 0.1127597 0.0758247 0.1094087 0.0799060 0.1054461 0.0550392 0.0774593 
S0407sl       0.1604663 0.1080648 0.0769382 0.0422897 0.0702769 0.0977199 0.0979803 0.0597965 0.1199664 0.1083940 0.1016389 0.0425908 0.0955991 0.0753840 0.0424013 0.0540411 0.0904213 0.0907817 0.1063164 0.1030193 0.0929210 0.0000000 0.1181883 0.0344342 0.0784445 0.0978215 0.1033363 0.1375489 0.1084553 0.0357158 0.1019785 0.0881986 0.0548885 0.0924467 0.1139735 0.1033818 0.0881643 0.0858909 0.1415784 0.0882751 0.1033363 0.0922639 0.1394662 0.0874879 0.0922639 0.0836220 0.1522506 0.0938567 0.0793251 0.1048897 0.0693278 0.0519004 0.0785517 0.1277850 0.1292673 0.1528797 0.1190534 0.1039801 0.1587936 0.1210251 0.0789209 0.0926148 0.1565633 0.1179011 0.1395191 0.0880611 0.1452305 0.1510425 0.1024300 0.0699807 0.1222183 0.1789126 0.1520776 0.1023758 0.1129885 0.1067934 0.0299130 0.0886981 0.0701837 0.1065202 0.0367030 0.1258458 0.0956051 0.0878210 0.0778828 0.1141837 0.0978245 0.0000010 0.1079196 0.1583467 0.1019448 0.1198547 0.1294717 0.0551732 0.1024656 0.0784445 0.0262691 0.1041841 0.0884133 0.0837219 0.0944145 0.1451349 0.0775269 0.0929727 0.0554576 0.1237618 0.0831896 0.1244678 0.0979347 0.0840343 0.1008518 0.0819085 0.1515214 0.0634949 0.1425055 0.0762313 0.1019635 0.0986537 0.0695181 
S0412sl       0.1916225 0.0686088 0.1189954 0.1128447 0.0887679 0.0595435 0.0775703 0.0888839 0.1136669 0.0643230 0.0825227 0.1074318 0.0777729 0.0833036 0.1036192 0.1024003 0.1048054 0.0783494 0.0852941 0.0597077 0.0636477 0.1181883 0.0000000 0.1037548 0.0829667 0.0677601 0.0825149 0.0914098 0.0864450 0.1031702 0.0593333 0.0596185 0.1188922 0.0970049 0.0828661 0.0600321 0.0928165 0.0687764 0.1446765 0.0428710 0.0825149 0.0466750 0.1396809 0.0921040 0.0466750 0.0882289 0.1401089 0.1037058 0.0930268 0.0833137 0.0920408 0.0649703 0.0687851 0.1347542 0.1294527 0.1531390 0.0974738 0.0987780 0.1516440 0.1050024 0.0595365 0.0625994 0.1406168 0.1084394 0.1328684 0.0927090 0.1384435 0.1481799 0.1123511 0.0560520 0.0771648 0.1220233 0.1451071 0.0553567 0.0687316 0.1024294 0.0982410 0.1128078 0.0750032 0.0833381 0.0851201 0.1066250 0.0777750 0.0508175 0.1018012 0.1080256 0.0512450 0.0000010 0.0685201 0.1301459 0.0551373 0.1180383 0.1230165 0.1081091 0.0689672 0.0829667 0.1037638 0.0989686 0.0980254 0.0511137 0.0940637 0.1116488 0.0867205 0.0679365 0.0945526 0.0736806 0.1023651 0.0604849 0.0980409 0.0875089 0.1207026 0.1002823 0.1401271 0.0813332 0.1304663 0.0809701 0.1019075 0.0729404 0.0921531 
S0417         0.1469560 0.0898908 0.0781576 0.0225925 0.0667057 0.0896275 0.0945571 0.0472361 0.1067810 0.0952158 0.0935899 0.0227518 0.0920921 0.0620333 0.0226519 0.0424550 0.0781201 0.0872446 0.0960718 0.0948740 0.0940891 0.0344342 0.1037548 0.0000000 0.0660977 0.0805274 0.0999281 0.1194061 0.1049289 0.0196498 0.0985988 0.0897413 0.0473965 0.0798976 0.1160367 0.0952059 0.0756317 0.0823333 0.1280542 0.0898208 0.0999281 0.0842471 0.1211097 0.0750419 0.0842471 0.0711327 0.1334247 0.0811298 0.0758027 0.1014471 0.0571107 0.0441402 0.0750526 0.1098115 0.1111017 0.1339864 0.1002548 0.1005617 0.1450139 0.0917576 0.0704680 0.0890183 0.1377600 0.1097006 0.1261867 0.0755388 0.1317877 0.1323702 0.0990388 0.0665638 0.1189426 0.1596304 0.1384623 0.0942734 0.1096396 0.0940460 0.0186854 0.0760811 0.0578133 0.1030457 0.0201910 0.1225135 0.0920968 0.0798069 0.0744069 0.1011223 0.0897206 0.0000010 0.1093040 0.1446601 0.0938738 0.1066909 0.1162475 0.0264807 0.0990754 0.0660977 0.0304787 0.1007597 0.0758347 0.0756817 0.0909353 0.1317324 0.0740626 0.0895286 0.0349247 0.1154865 0.0707460 0.1212637 0.0806099 0.0705398 0.0929769 0.0696489 0.1438120 0.0515921 0.1336590 0.0590210 0.0985833 0.0812140 0.0572726 
S0419         0.1295199 0.0826008 0.0000010 0.0650025 0.0185045 0.0731035 0.0512658 0.0743202 0.0565823 0.0740008 0.0682944 0.0654836 0.0608013 0.0518779 0.0651803 0.0518100 0.0506661 0.0564459 0.0687979 0.0691979 0.0773259 0.0784445 0.0829667 0.0660977 0.0000000 0.0645349 0.0557835 0.0912454 0.0583537 0.0500207 0.0685140 0.0731950 0.0745623 0.0557881 0.0691759 0.0782024 0.0146796 0.0520894 0.0976649 0.0688989 0.0557835 0.0596813 0.1037199 0.0072298 0.0596813 0.0036269 0.0929729 0.0225096 0.0475452 0.0651722 0.0388851 0.0150721 0.0344667 0.0990850 0.0942121 0.1156713 0.0582273 0.0426339 0.1246887 0.0716872 0.0468502 0.0447695 0.1096883 0.0839391 0.1073987 0.0072736 0.1125837 0.1208332 0.0596754 0.0430525 0.0823508 0.1068754 0.1186910 0.0687712 0.0729358 0.0512595 0.0520035 0.0521299 0.0352235 0.0660160 0.0467177 0.0837117 0.0608001 0.0639803 0.0640582 0.0475512 0.0600128 0.0000010 0.0914674 0.0889196 0.0641454 0.0606277 0.0554665 0.0791647 0.0785515 0.0000010 0.0652684 0.0383176 0.0518911 0.0643590 0.0303063 0.0783544 0.0507240 0.0601253 0.0620889 0.0879698 0.0382655 0.0931385 0.0654519 0.0602579 0.0599705 0.0425343 0.1028567 0.0302799 0.1045352 0.0037015 0.0730546 0.0697219 0.0428664 
S0427         0.1673228 0.0549208 0.0636435 0.0927825 0.0525649 0.0463151 0.0680297 0.0843494 0.0887477 0.0551139 0.0681701 0.0877022 0.0740026 0.0746619 0.0930401 0.0875356 0.0855821 0.0695246 0.0295579 0.0506770 0.0502831 0.0978215 0.0677601 0.0805274 0.0645349 0.0000000 0.0727833 0.0904183 0.0761829 0.0827377 0.0586323 0.0463736 0.1032205 0.0916862 0.0599156 0.0508259 0.0738267 0.0650240 0.1229096 0.0589558 0.0727833 0.0419335 0.1033084 0.0732627 0.0419335 0.0694366 0.1031215 0.0839819 0.0652535 0.0826839 0.0645493 0.0432127 0.0594929 0.0936697 0.0938312 0.1152158 0.0489631 0.0888755 0.1394090 0.0753879 0.0507880 0.0532864 0.1189432 0.0835958 0.1214279 0.0737375 0.1267899 0.1203618 0.0923760 0.0428074 0.0762371 0.1326380 0.1331595 0.0503704 0.0679057 0.0966565 0.0788757 0.0836494 0.0696024 0.0795168 0.0799179 0.1019758 0.0740038 0.0380148 0.0824527 0.0791337 0.0463528 0.0000010 0.0716425 0.1090018 0.0501743 0.0842282 0.0931766 0.1033988 0.0681360 0.0645349 0.0840273 0.0890414 0.0876820 0.0382318 0.0796375 0.1014488 0.0768974 0.0424316 0.0945693 0.0681663 0.0919231 0.0640037 0.0651747 0.0741489 0.0913865 0.0725440 0.1228431 0.0632793 0.0997040 0.0621897 0.1011243 0.0187575 0.0687279 
S0430         0.1327690 0.0778233 0.0355924 0.0981980 0.0695290 0.0683903 0.0036177 0.0943338 0.0881523 0.0640862 0.0822071 0.0942408 0.0474535 0.0610077 0.0880300 0.0928325 0.0907479 0.0476934 0.0799443 0.0688261 0.0769109 0.1033363 0.0825149 0.0999281 0.0557835 0.0727833 0.0000000 0.1146664 0.0037688 0.0833626 0.0681490 0.0633975 0.1088511 0.0833611 0.0878667 0.0681634 0.0689134 0.0434542 0.1393735 0.0685301 0.0073079 0.0593663 0.1336334 0.0555862 0.0593663 0.0605217 0.1273750 0.0788440 0.0790634 0.0475797 0.0685412 0.0519649 0.0264402 0.1287748 0.1235675 0.1396628 0.0762705 0.0739828 0.1506767 0.0942716 0.0301851 0.0274958 0.1402057 0.1029349 0.1320708 0.0554954 0.1375985 0.1522735 0.0874033 0.0347329 0.0864346 0.1353911 0.1442013 0.0684036 0.0682341 0.0916372 0.0840547 0.0934971 0.0614273 0.0478000 0.0700154 0.0742375 0.0519422 0.0636415 0.0876405 0.0734557 0.0641859 0.4707847 0.0909698 0.1231732 0.0681286 0.0923547 0.0970356 0.1087313 0.0781247 0.0557835 0.0791298 0.0741126 0.0793443 0.0640163 0.0738474 0.0960732 0.0731620 0.0683126 0.0957312 0.0874876 0.0881218 0.0926236 0.0924094 0.0782447 0.1016548 0.0818894 0.1340498 0.0680516 0.1355365 0.0619107 0.0870128 0.0781151 0.0783240 
S0558         0.1894711 0.0733849 0.1158640 0.1221908 0.0880367 0.0727425 0.1092606 0.0978162 0.1128239 0.0866439 0.0907566 0.1231285 0.1165979 0.1124361 0.1128671 0.1158711 0.1138160 0.1117091 0.1168413 0.0817031 0.0679847 0.1375489 0.0914098 0.1194061 0.0912454 0.0904183 0.1146664 0.0000000 0.1202710 0.1075477 0.0767998 0.0728333 0.1230128 0.1060189 0.1012331 0.0638589 0.1012269 0.1066922 0.1494106 0.0864455 0.1146664 0.0678351 0.1187964 0.1004572 0.0678351 0.0966054 0.1290235 0.1123129 0.1114252 0.1259901 0.1009662 0.0776999 0.0999625 0.1238046 0.1089818 0.1313842 0.0861614 0.1117724 0.1704999 0.1042090 0.0902492 0.0948739 0.1243559 0.1076300 0.1510171 0.1011131 0.1588617 0.1367289 0.1265386 0.0817330 0.0954674 0.1438692 0.1659050 0.0770876 0.0916795 0.1110406 0.1073672 0.1119666 0.0929349 0.1183959 0.0894931 0.1474333 0.1166085 0.0636644 0.1203918 0.0978478 0.0683264 0.0000010 0.1000920 0.1354280 0.0678351 0.1084429 0.1124689 0.1337516 0.0920005 0.0912454 0.1227050 0.1171974 0.1166381 0.0640396 0.1173651 0.1230937 0.1089182 0.0861731 0.1147431 0.0966341 0.1108734 0.0971628 0.0825331 0.1116844 0.1300551 0.0905338 0.1239106 0.0989207 0.1353756 0.0943344 0.1249449 0.0961213 0.1010796 
S0620         0.1345502 0.0815047 0.0355924 0.0928210 0.0728164 0.0715684 0.0037688 0.0887994 0.0827336 0.0720054 0.0861050 0.0887082 0.0541359 0.0638767 0.0930257 0.0973453 0.0950654 0.0498873 0.0859829 0.0720448 0.0805061 0.1084553 0.0864450 0.1049289 0.0583537 0.0761829 0.0037688 0.1202710 0.0000000 0.0875857 0.0713056 0.0711958 0.1037574 0.0775495 0.0921085 0.0763313 0.0676992 0.0454411 0.1410415 0.0717213 0.0076177 0.0620830 0.1350291 0.0581389 0.0620830 0.0633439 0.1232247 0.0780424 0.0732679 0.0409334 0.0671654 0.0543694 0.0235344 0.1299512 0.1245061 0.1413448 0.0762705 0.0774910 0.1528855 0.0994996 0.0358108 0.0332129 0.1364481 0.1029656 0.1333822 0.0628497 0.1391676 0.1545733 0.0915989 0.0362861 0.0905370 0.1376276 0.1460897 0.0715839 0.0713980 0.1015132 0.0881271 0.0980730 0.0593902 0.0547503 0.0738869 0.0777709 0.0543430 0.0665674 0.0918592 0.0726663 0.0671627 0.4707847 0.0953095 0.1188612 0.0712832 0.0870908 0.0919218 0.1141710 0.0818323 0.0583537 0.0882540 0.0776346 0.0779263 0.0669769 0.0722640 0.0963454 0.0765952 0.0714845 0.1005237 0.0916899 0.0827056 0.0916920 0.1020166 0.0819653 0.1016253 0.0857579 0.1300884 0.0711992 0.1302737 0.0648668 0.0965568 0.0818223 0.0724540 
S0624         0.1240343 0.0830256 0.0594841 0.0076164 0.0597879 0.0777906 0.0781109 0.0403087 0.0847702 0.0882714 0.0867104 0.0194796 0.0799702 0.0598690 0.0193917 0.0399245 0.0670304 0.0751171 0.0865620 0.0783930 0.0774502 0.0357158 0.1031702 0.0196498 0.0500207 0.0827377 0.0833626 0.1075477 0.0875857 0.0000000 0.0821210 0.0778931 0.0360234 0.0682589 0.1092778 0.0832779 0.0639495 0.0702287 0.1211801 0.0781320 0.0833626 0.0724922 0.1038170 0.0589013 0.0724922 0.0549027 0.1257925 0.0742626 0.0591771 0.0893669 0.0454956 0.0325349 0.0589024 0.0989823 0.0986554 0.1163029 0.0952620 0.0887977 0.1383134 0.0800850 0.0637373 0.0716374 0.1201988 0.0973943 0.1193782 0.0593000 0.1250219 0.1216984 0.0779185 0.0593254 0.1022065 0.1418321 0.1311789 0.0824493 0.0875110 0.0770480 0.0154502 0.0597244 0.0414250 0.0904423 0.0163578 0.1103767 0.0799725 0.0680299 0.0585228 0.0842442 0.0775629 0.0000010 0.0974403 0.1149024 0.0820941 0.0846246 0.0940687 0.0317420 0.0773426 0.0500207 0.0275783 0.0889712 0.0543763 0.0680299 0.0791280 0.1092301 0.0582437 0.0730654 0.0278089 0.1035367 0.0590898 0.1092592 0.0734966 0.0643258 0.0767007 0.0581568 0.1311539 0.0402140 0.1056457 0.0559997 0.0776529 0.0834620 0.0452707 
S0641         0.1492127 0.0303026 0.0835703 0.0969112 0.0651586 0.0262577 0.0634808 0.0839597 0.0928869 0.0303809 0.0552262 0.0917968 0.0734048 0.0784962 0.0880274 0.0916226 0.0895875 0.0689625 0.0671912 0.0263233 0.0300755 0.1019785 0.0593333 0.0985988 0.0685140 0.0586323 0.0681490 0.0767998 0.0713056 0.0821210 0.0000000 0.0262915 0.1074145 0.0867541 0.0469286 0.0303903 0.0778612 0.0644981 0.1370647 0.0464055 0.0681490 0.0147087 0.1176160 0.0772696 0.0147087 0.0734591 0.1179764 0.0881004 0.0780331 0.0778648 0.0772058 0.0512939 0.0550534 0.1129033 0.1079036 0.1300520 0.0579386 0.0976449 0.1437640 0.0942720 0.0506697 0.0444047 0.1238303 0.0881199 0.1256485 0.0777687 0.1310429 0.1246829 0.0869820 0.0468872 0.0382124 0.1375983 0.1374649 0.0224196 0.0304302 0.0916363 0.0829543 0.0968785 0.0649351 0.0788685 0.0794114 0.0968607 0.0734060 0.0184766 0.0772783 0.0832272 0.0186239 0.0000010 0.0502679 0.1137993 0.0223350 0.0926263 0.0973189 0.1123882 0.0305297 0.0685140 0.0881480 0.0978309 0.0827747 0.0185802 0.0883046 0.0963655 0.0722227 0.0300869 0.0895067 0.0386571 0.0869738 0.0429466 0.0691964 0.0826641 0.0954661 0.0852395 0.1179636 0.0671866 0.1140562 0.0707849 0.0960569 0.0635711 0.0773111 
S0643         0.1546033 0.0226095 0.0631567 0.0928027 0.0611538 0.0148350 0.0680485 0.0753386 0.0979970 0.0185445 0.0510948 0.0877223 0.0691830 0.0746817 0.0739699 0.0966560 0.0945004 0.0695439 0.0559263 0.0224809 0.0185854 0.0881986 0.0596185 0.0897413 0.0731950 0.0463736 0.0633975 0.0728333 0.0711958 0.0778931 0.0262915 0.0000000 0.1032404 0.0917062 0.0512928 0.0110433 0.0826976 0.0650428 0.1327878 0.0383853 0.0728026 0.0109919 0.1033284 0.0820676 0.0109919 0.0782387 0.1131838 0.0931378 0.0740095 0.0827038 0.0732183 0.0514927 0.0595107 0.0987078 0.0938515 0.1152351 0.0235535 0.0981314 0.1394249 0.0793904 0.0421244 0.0398889 0.1189620 0.0836159 0.1214460 0.0728120 0.1268075 0.1100288 0.0919517 0.0428223 0.0424025 0.1211848 0.1331763 0.0186155 0.0345351 0.0864321 0.0788957 0.0927706 0.0696217 0.0696909 0.0648118 0.1019956 0.0740234 0.0073075 0.0824727 0.0781265 0.0148453 0.0000010 0.0382263 0.1192625 0.0185455 0.0934040 0.1024752 0.1034187 0.0346489 0.0731950 0.0740701 0.0983193 0.0877021 0.0073474 0.0887445 0.0910836 0.0769159 0.0263511 0.0853100 0.0346658 0.0919432 0.0348410 0.0604769 0.0741686 0.0958383 0.0812639 0.1131655 0.0717704 0.1098046 0.0756385 0.0907921 0.0510635 0.0733219 
S0645sl       0.1497300 0.1136550 0.0664062 0.0383928 0.0801876 0.1031121 0.1033859 0.0557292 0.1108687 0.1139962 0.1070545 0.0386659 0.1107360 0.0800781 0.0467672 0.0424174 0.0913928 0.1008395 0.1209443 0.1085166 0.1076231 0.0548885 0.1188922 0.0473965 0.0745623 0.1032205 0.1088511 0.1230128 0.1037574 0.0360234 0.1074145 0.1032404 0.0000000 0.0885309 0.1302559 0.1089050 0.0842451 0.1006779 0.1424200 0.0893248 0.1088511 0.0975347 0.1196631 0.0835943 0.0975347 0.0797057 0.1531461 0.0948946 0.0747095 0.1099509 0.0610692 0.0523383 0.0836112 0.1253224 0.1201106 0.1433126 0.0986880 0.0994897 0.1597309 0.1118309 0.0840115 0.0930688 0.1470338 0.1236338 0.1403402 0.0841449 0.1405756 0.1488130 0.1078953 0.0796001 0.1279985 0.1690925 0.1470582 0.1078361 0.1089930 0.0930668 0.0344534 0.0847535 0.0662744 0.1173136 0.0200841 0.1318250 0.1107444 0.0930321 0.0828937 0.1051948 0.1032254 0.0000010 0.1179711 0.1487252 0.1073785 0.1107717 0.1203061 0.0514012 0.0985130 0.0745623 0.0426126 0.0996829 0.0844800 0.0936046 0.0998201 0.1357747 0.0825134 0.0936171 0.0475017 0.1246356 0.0699821 0.1355901 0.0939781 0.0892281 0.0971886 0.0780615 0.1531871 0.0597175 0.1324467 0.0770928 0.1074002 0.1041060 0.0610194 
