134
PAFTOL_019361 0.0000000 0.2142365 0.2148113 0.2655565 0.2480985 0.2220068 0.2496183 0.2691335 0.2456850 0.2190403 0.2380444 0.2466314 0.2597992 0.2853764 0.2688062 0.2710089 0.2712181 0.2349515 0.2170468 0.2576907 0.2201689 0.2167773 0.2209264 0.2934605 0.2056006 0.2599948 0.2102435 0.2277118 0.2602527 0.2547162 0.2453250 0.2335136 0.2233109 0.2508096 0.2634891 0.2580343 0.2165632 0.2208177 0.2764436 0.2357880 0.2695698 0.2091781 0.2107418 0.2215305 0.2599165 0.2708981 0.2249285 0.2696873 0.2213652 0.2352599 0.2129578 0.2164755 0.2111679 0.2095341 0.2475663 0.2101144 0.2484455 0.2510578 0.2420057 0.2373672 0.2053283 0.2692041 0.2605902 0.2204905 0.2382386 0.2315993 0.2329528 0.1904057 0.2312831 0.2400719 0.2205698 0.2306753 0.2571057 0.2592867 0.2721141 0.2731640 0.2125152 0.2690319 0.2386414 0.2664793 0.2324501 0.2542974 0.2183000 0.2708672 0.2627628 0.2140179 0.2293311 0.2144314 0.2686816 0.2477037 0.2560512 0.2576285 0.2510336 0.2746751 0.2528989 0.2556059 0.2507813 0.2219658 0.2476413 0.2261444 0.2405758 0.2210207 0.2099918 0.2184974 0.2673268 0.2057155 0.2511942 0.2456491 0.2351827 0.3045829 0.1935041 0.2162248 0.2809077 0.2233350 0.2542699 0.2139519 0.2265651 0.2421550 0.2299469 0.2190775 0.2810068 0.2134496 0.2361662 0.2134067 0.2135698 0.2438503 0.2311648 0.2662381 0.2151727 0.2083609 0.2161493 0.2236527 0.2160778 0.2169024 
S0055         0.2142365 0.0000000 0.0716984 0.1354673 0.1056279 0.0463344 0.1166581 0.1293137 0.1043122 0.0467258 0.0659820 0.1528595 0.1228343 0.1336481 0.1327849 0.1300892 0.1290077 0.0917203 0.0861942 0.1221552 0.0607207 0.0426688 0.0422987 0.1473860 0.0473417 0.1219277 0.0697662 0.0654400 0.1172477 0.1158257 0.1035704 0.0979513 0.0620601 0.1169292 0.1328706 0.1198138 0.0461400 0.0435222 0.1420291 0.1047526 0.1146922 0.0486200 0.0412987 0.0807693 0.1219777 0.1841475 0.0631739 0.1348607 0.0411432 0.0989598 0.0708613 0.0462106 0.0674113 0.0674240 0.1149950 0.0752111 0.1050554 0.1116637 0.0915624 0.1030647 0.0761477 0.1266907 0.1074301 0.0923136 0.1184805 0.0987917 0.0959613 0.0425343 0.0844578 0.1530992 0.0861743 0.0966130 0.1120678 0.1254404 0.1326240 0.1856976 0.0691589 0.1865399 0.0975340 0.1289344 0.0924717 0.1114641 0.0476051 0.1274100 0.1767144 0.0388680 0.0523969 0.0794835 0.1258564 0.0946218 0.0996326 0.1213624 0.1199407 0.1389452 0.1084630 0.1228930 0.1168597 0.0429571 0.1061337 0.0933781 0.1078889 0.0429510 0.0388376 0.0271801 0.1185252 0.0363870 0.1153300 0.1131199 0.0990598 0.1535015 0.0376078 0.0733570 0.1355854 0.0801516 0.0958576 0.0409513 0.0850048 0.1109985 0.0943948 0.0421502 0.1315752 0.0406192 0.1050809 0.0387439 0.0477202 0.0934515 0.0950852 0.1080423 0.0782315 0.0748837 0.0718383 0.0893240 0.0555818 0.0778744 
S0196sl       0.2148113 0.0716984 0.0000000 0.1238764 0.0696459 0.0763424 0.1022521 0.1219962 0.0866641 0.0763498 0.0908250 0.1251723 0.1126036 0.1228672 0.1226643 0.1122989 0.1160225 0.0734583 0.0708297 0.1087761 0.0708382 0.0707885 0.0722974 0.1417247 0.0645925 0.1067411 0.0116671 0.0784632 0.1117683 0.1023418 0.0926867 0.0808871 0.0879709 0.1062878 0.1159487 0.1109701 0.0749065 0.0706950 0.1272886 0.0997934 0.1004720 0.0721787 0.0662713 0.0393732 0.1085563 0.1766040 0.0856168 0.1176567 0.0787425 0.0863614 0.0120966 0.0761803 0.0100511 0.0116993 0.1030565 0.0339866 0.0999370 0.0986392 0.0786384 0.0941458 0.0574727 0.1249221 0.0949168 0.0775102 0.0998618 0.0836032 0.0855438 0.0621960 0.0460404 0.1461836 0.0752556 0.0854674 0.1030717 0.1152885 0.1187425 0.1744043 0.0112417 0.1774213 0.0853741 0.1199468 0.0741297 0.1005840 0.0807891 0.1071176 0.1759360 0.0700076 0.0799345 0.0677823 0.1132074 0.0830923 0.0880585 0.1071850 0.1077215 0.1317250 0.0934966 0.1084929 0.1015648 0.0726474 0.0924486 0.0753815 0.0858410 0.0772770 0.0666977 0.0786776 0.1003948 0.0690334 0.1008469 0.0987364 0.0846371 0.1492370 0.0612604 0.0153987 0.1296715 0.0443852 0.0869037 0.0721359 0.0479982 0.0958190 0.0750714 0.0780419 0.1230555 0.0679625 0.0995213 0.0679037 0.0667930 0.0811924 0.0772566 0.1009777 0.0658086 0.0581431 0.0305585 0.0713493 0.0693665 0.0589379 
S0278         0.2655565 0.1354673 0.1238764 0.0000000 0.1323257 0.1354659 0.1517951 0.0488479 0.1459902 0.1341879 0.1458167 0.0548674 0.1590867 0.1720203 0.0525243 0.1639501 0.0591569 0.1362001 0.1397892 0.1541262 0.1311699 0.1304916 0.1381385 0.0614774 0.1313339 0.0482612 0.1167252 0.1340444 0.0604487 0.1521358 0.0686187 0.1420016 0.1419629 0.1664569 0.1653558 0.0360493 0.1368909 0.1335800 0.0497483 0.0738262 0.1156778 0.1345242 0.1285510 0.1245996 0.1576858 0.1874940 0.1393308 0.1654088 0.1386409 0.1363532 0.1179334 0.1360435 0.1164360 0.1148764 0.1524628 0.1227524 0.0756679 0.1595216 0.0971957 0.0544612 0.1226597 0.0504429 0.1546589 0.1259573 0.1450375 0.1294495 0.1392474 0.1092509 0.1259482 0.1769433 0.1176905 0.1408914 0.1522666 0.1417880 0.1451382 0.1833117 0.1182063 0.1891813 0.0919332 0.1555515 0.1349906 0.1616985 0.1398426 0.1502010 0.1837643 0.1284295 0.1428138 0.1204752 0.0502312 0.0977853 0.0979727 0.1551709 0.0664272 0.0430510 0.1588253 0.1590080 0.1489184 0.1355677 0.1525867 0.1336720 0.1382375 0.1332574 0.1282053 0.1439177 0.1548357 0.1307722 0.0772552 0.1537090 0.1396531 0.0511452 0.1292389 0.1214415 0.0534850 0.1199726 0.1043990 0.1299998 0.1290866 0.1407848 0.1367350 0.1398981 0.0469324 0.1319106 0.0739103 0.1292128 0.1326087 0.1436640 0.1348100 0.1139249 0.1307481 0.1189430 0.1142824 0.1360708 0.1265602 0.1272967 
S0281         0.2480985 0.1056279 0.0696459 0.1323257 0.0000000 0.1117388 0.1312985 0.1339188 0.1216061 0.1099998 0.1261757 0.1351849 0.1402043 0.1472705 0.1334116 0.1415947 0.1280221 0.1073981 0.1135422 0.1352478 0.1075813 0.1061246 0.1090207 0.1518336 0.1022738 0.1227092 0.0664533 0.1143122 0.1259109 0.1292437 0.1118597 0.1093428 0.1234611 0.1356780 0.1442507 0.1214278 0.1094071 0.1064974 0.1321850 0.1221587 0.1204328 0.1104079 0.1021937 0.0630287 0.1354539 0.2039022 0.1209121 0.1483845 0.1086998 0.1117365 0.0659837 0.1079755 0.0646791 0.0646733 0.1260648 0.0607908 0.1231268 0.1302895 0.0981841 0.1086544 0.0974434 0.1247704 0.1202184 0.1043924 0.1259112 0.1107248 0.1153052 0.0877329 0.0637638 0.1788249 0.1080892 0.1164428 0.1227124 0.1354853 0.1439865 0.2037076 0.0653530 0.2031237 0.1035813 0.1386527 0.1062615 0.1327897 0.1125665 0.1379854 0.1996703 0.1029046 0.1108212 0.1041014 0.1271728 0.0998387 0.1043004 0.1320138 0.1219697 0.1339508 0.1232268 0.1349140 0.1285026 0.1074348 0.1255495 0.1125057 0.1192607 0.1086781 0.1021057 0.1151743 0.1365144 0.1010488 0.1152180 0.1332171 0.1140821 0.1513766 0.0938500 0.0690504 0.1375603 0.0636316 0.1048497 0.1031255 0.0674140 0.1278584 0.1041316 0.1106384 0.1328724 0.1035579 0.1144588 0.1046839 0.1054270 0.1195626 0.1086602 0.1168779 0.1013642 0.0967316 0.0615646 0.1045874 0.1023820 0.0971753 
S0282         0.2220068 0.0463344 0.0763424 0.1354659 0.1117388 0.0000000 0.1168758 0.1296508 0.1055099 0.0207240 0.0538871 0.1448963 0.1244481 0.1389351 0.1361235 0.1272237 0.1231033 0.0962493 0.0875326 0.1234262 0.0641993 0.0123988 0.0226064 0.1545542 0.0502487 0.1211485 0.0733690 0.0702236 0.1271228 0.1169512 0.1109239 0.0952796 0.0652764 0.1237342 0.1317767 0.1210853 0.0433407 0.0203729 0.1395988 0.1105837 0.1208389 0.0505541 0.0145519 0.0840181 0.1240727 0.1845588 0.0661216 0.1343711 0.0361294 0.1015666 0.0755130 0.0194536 0.0724855 0.0730223 0.1172844 0.0781644 0.1100557 0.1106243 0.0976971 0.1055320 0.0777337 0.1316207 0.1093711 0.0918087 0.1218149 0.1001200 0.0988491 0.0368521 0.0866647 0.1549164 0.0880914 0.0940952 0.1154505 0.1217945 0.1261213 0.1821780 0.0742413 0.1855723 0.1006957 0.1324290 0.0968585 0.1120666 0.0486450 0.1323550 0.1759905 0.0140456 0.0497417 0.0857080 0.1317456 0.1003889 0.1052177 0.1198942 0.1193587 0.1376684 0.1133306 0.1209489 0.1144570 0.0207228 0.1073246 0.0968048 0.1068808 0.0169396 0.0192006 0.0530530 0.1212025 0.0382312 0.1162826 0.1154338 0.1018519 0.1562544 0.0401220 0.0770350 0.1420497 0.0807211 0.1020104 0.0141207 0.0875963 0.1154922 0.0960527 0.0374342 0.1303029 0.0403778 0.1030363 0.0383931 0.0492603 0.1024016 0.0940564 0.1137828 0.0828288 0.0762837 0.0780869 0.0934082 0.0606616 0.0794485 
S0288         0.2496183 0.1166581 0.1022521 0.1517951 0.1312985 0.1168758 0.0000000 0.1450905 0.1286549 0.1120727 0.1393081 0.1558689 0.0230682 0.0769878 0.1456553 0.0238933 0.1406902 0.1257316 0.1239257 0.0204484 0.1086267 0.1159745 0.1181924 0.1661584 0.1008878 0.1398175 0.1025402 0.1184371 0.1343668 0.0096405 0.1191067 0.1225411 0.1247637 0.0768395 0.0269909 0.1302857 0.1191852 0.1133661 0.1468456 0.1280833 0.1425096 0.1142499 0.1066116 0.1113344 0.0235851 0.1919971 0.1230546 0.0267861 0.1208982 0.1259155 0.1027977 0.1183901 0.1005756 0.0985830 0.1421160 0.1023797 0.1277468 0.0703992 0.1189426 0.1184034 0.1109895 0.1463159 0.0543494 0.1108570 0.1319737 0.1164291 0.1280639 0.0886684 0.1076692 0.1687305 0.1141329 0.0591248 0.0723218 0.1422035 0.1460912 0.2009328 0.1018243 0.1980347 0.1254486 0.1462681 0.1216502 0.0670386 0.1182478 0.1467464 0.1966729 0.1114890 0.1227524 0.1137317 0.1457759 0.1242161 0.1286290 0.0154531 0.1273556 0.1513173 0.0726778 0.0149872 0.0059795 0.1144936 0.0648810 0.1259584 0.1253860 0.1179153 0.1077059 0.1207882 0.1406283 0.1118565 0.1264148 0.1397794 0.1254071 0.1719791 0.1061001 0.1054730 0.1492927 0.1034851 0.1277129 0.1095322 0.1070376 0.1418173 0.1203390 0.1189467 0.1412564 0.1122296 0.1145283 0.1121940 0.1127587 0.1280014 0.1269254 0.1365859 0.1048717 0.1063250 0.1042564 0.1179212 0.1061536 0.1107681 
S0289         0.2691335 0.1293137 0.1219962 0.0488479 0.1339188 0.1296508 0.1450905 0.0000000 0.1512350 0.1303555 0.1455748 0.0507655 0.1581317 0.1719523 0.0504882 0.1596444 0.0660806 0.1378937 0.1381796 0.1502395 0.1266740 0.1260703 0.1323297 0.0660158 0.1323231 0.0563244 0.1179078 0.1319630 0.0659185 0.1468095 0.0644342 0.1410324 0.1402854 0.1609376 0.1614835 0.0401213 0.1319897 0.1285212 0.0573957 0.0696184 0.1069265 0.1321799 0.1260395 0.1251289 0.1527847 0.1896413 0.1399412 0.1642399 0.1327404 0.1354278 0.1179690 0.1346948 0.1169916 0.1143041 0.1556082 0.1240711 0.0718975 0.1588256 0.0908505 0.0540771 0.1209723 0.0461078 0.1504664 0.1254725 0.1449646 0.1305761 0.1366610 0.1035312 0.1256428 0.1713621 0.1205945 0.1383482 0.1532265 0.1394550 0.1421677 0.1844635 0.1182441 0.1855484 0.0887164 0.1580792 0.1370912 0.1532625 0.1372951 0.1563275 0.1849713 0.1246347 0.1373652 0.1247577 0.0563014 0.0915585 0.0940471 0.1506272 0.0676483 0.0547197 0.1462880 0.1531975 0.1435804 0.1294067 0.1499257 0.1344855 0.1441065 0.1278534 0.1243377 0.1341620 0.1585050 0.1244261 0.0759182 0.1597815 0.1445098 0.0567884 0.1239755 0.1215242 0.0553816 0.1190143 0.0976213 0.1243138 0.1260005 0.1497113 0.1354089 0.1313453 0.0512710 0.1260353 0.0645974 0.1239945 0.1300444 0.1383674 0.1370403 0.1038484 0.1288138 0.1178663 0.1205732 0.1327094 0.1260207 0.1284214 
S0292         0.2456850 0.1043122 0.0866641 0.1459902 0.1216061 0.1055099 0.1286549 0.1512350 0.0000000 0.1064652 0.1250567 0.1590597 0.1407800 0.1487027 0.1492917 0.1408011 0.1347345 0.0803955 0.0835859 0.1330530 0.1002218 0.1018594 0.1038788 0.1674579 0.1006085 0.1342806 0.0832575 0.1074495 0.1373335 0.1256942 0.1263169 0.0866588 0.1212581 0.1370891 0.1447672 0.1370895 0.1113496 0.1049459 0.1526697 0.1267958 0.1323307 0.1024720 0.0933283 0.0939585 0.1357278 0.2093371 0.1178010 0.1450355 0.1089920 0.0904310 0.0849284 0.1069408 0.0829844 0.0809012 0.1097895 0.0882458 0.1223121 0.1215153 0.1075932 0.1234985 0.0731026 0.1427938 0.1189923 0.0786115 0.1120152 0.0880999 0.0887406 0.0942061 0.1015970 0.1817152 0.1066698 0.1073736 0.1264960 0.1208478 0.1188369 0.2133333 0.0836131 0.2093629 0.1143677 0.1234712 0.0823037 0.1307879 0.1131559 0.0714627 0.2043545 0.0992411 0.1080223 0.0608175 0.1426528 0.1145282 0.1214107 0.1286503 0.1325690 0.1549389 0.1281684 0.1342753 0.1263346 0.1046716 0.1177168 0.0816138 0.0161239 0.1063733 0.0980415 0.1110291 0.0657996 0.0999952 0.1285333 0.0363205 0.0187496 0.1735375 0.0838127 0.0884665 0.1531579 0.0995686 0.1169385 0.0987450 0.1053223 0.0533909 0.0778318 0.1114531 0.1447868 0.1005113 0.1210558 0.1006908 0.0965725 0.0890295 0.0835539 0.1265561 0.0740694 0.0717010 0.0860875 0.0775226 0.0966506 0.0782079 
S0293         0.2190403 0.0467258 0.0763498 0.1341879 0.1099998 0.0207240 0.1120727 0.1303555 0.1064652 0.0000000 0.0508585 0.1380816 0.1181767 0.1330294 0.1322055 0.1237976 0.1235699 0.0965155 0.0914568 0.1174319 0.0612946 0.0161307 0.0225783 0.1474421 0.0527485 0.1206411 0.0728122 0.0696183 0.1252932 0.1133009 0.1108796 0.0990674 0.0658427 0.1200674 0.1268021 0.1199959 0.0415713 0.0216223 0.1370494 0.1105395 0.1207646 0.0520148 0.0195879 0.0862403 0.1192026 0.1822696 0.0651925 0.1293400 0.0338874 0.1029677 0.0749508 0.0219194 0.0719297 0.0714771 0.1190197 0.0798361 0.1107456 0.1093289 0.0997797 0.1054280 0.0786476 0.1290539 0.1080309 0.0923306 0.1211163 0.0993704 0.0999269 0.0373582 0.0870663 0.1558867 0.0830258 0.0924233 0.1120622 0.1198314 0.1264793 0.1840376 0.0736833 0.1894553 0.1003962 0.1329993 0.0983649 0.1113725 0.0495199 0.1332080 0.1795445 0.0148519 0.0468459 0.0864262 0.1281803 0.1007441 0.1051951 0.1150384 0.1197958 0.1352826 0.1101964 0.1166995 0.1113567 0.0215067 0.1065667 0.0974456 0.1067631 0.0181718 0.0209041 0.0534638 0.1231819 0.0381922 0.1147234 0.1180912 0.1022912 0.1498373 0.0396560 0.0764698 0.1363021 0.0811407 0.1019883 0.0145089 0.0881137 0.1147326 0.0970998 0.0351849 0.1285186 0.0389749 0.1007491 0.0369797 0.0501817 0.1048120 0.0950556 0.1158341 0.0847619 0.0778753 0.0775110 0.0951945 0.0567785 0.0819485 
S0294         0.2380444 0.0659820 0.0908250 0.1458167 0.1261757 0.0538871 0.1393081 0.1455748 0.1250567 0.0508585 0.0000000 0.1652324 0.1441012 0.1540837 0.1466016 0.1480364 0.1354267 0.1118321 0.1098476 0.1464571 0.0818623 0.0485935 0.0486828 0.1663639 0.0722771 0.1382732 0.0880145 0.0880609 0.1430627 0.1412480 0.1221084 0.1174049 0.0829928 0.1415653 0.1540171 0.1308330 0.0616710 0.0495235 0.1515401 0.1243314 0.1364936 0.0728799 0.0510281 0.0944382 0.1447226 0.1953391 0.0874131 0.1579490 0.0529281 0.1238920 0.0898085 0.0516909 0.0871956 0.0876760 0.1353302 0.0893440 0.1277254 0.1271761 0.1157855 0.1214996 0.0971261 0.1447409 0.1294755 0.1141647 0.1387002 0.1191006 0.1202008 0.0436558 0.1060946 0.1661829 0.1056162 0.1106961 0.1229655 0.1374123 0.1453538 0.1950118 0.0883800 0.1978453 0.1186618 0.1546002 0.1123860 0.1291547 0.0687507 0.1515335 0.1907749 0.0456039 0.0653199 0.1032931 0.1442256 0.1209389 0.1244790 0.1425174 0.1343108 0.1514361 0.1344574 0.1467523 0.1389267 0.0522296 0.1217606 0.1106046 0.1264171 0.0508178 0.0480028 0.0707246 0.1449849 0.0585872 0.1252943 0.1329259 0.1198755 0.1661943 0.0622836 0.0901856 0.1523817 0.0997545 0.1228271 0.0454431 0.1087834 0.1340370 0.1113562 0.0524462 0.1422550 0.0584127 0.1144796 0.0589287 0.0703201 0.1182763 0.1123496 0.1299214 0.1008479 0.0997062 0.0957221 0.1078742 0.0745748 0.1037529 
S0299         0.2466314 0.1528595 0.1251723 0.0548674 0.1351849 0.1448963 0.1558689 0.0507655 0.1590597 0.1380816 0.1652324 0.0000000 0.1626071 0.1911347 0.0566244 0.1749370 0.0791045 0.1491616 0.1468089 0.1557188 0.1413911 0.1401966 0.1521302 0.0665876 0.1464721 0.0685804 0.1243442 0.1499029 0.0691534 0.1577991 0.0772267 0.1502455 0.1530370 0.1709757 0.1599489 0.0489180 0.1430631 0.1422390 0.0597682 0.0814968 0.1114683 0.1503238 0.1381512 0.1311781 0.1714390 0.1785544 0.1625881 0.1778513 0.1494230 0.1483451 0.1273638 0.1495552 0.1226471 0.1223000 0.1575033 0.1321853 0.0845885 0.1613359 0.0988304 0.0589823 0.1361728 0.0513859 0.1733964 0.1280639 0.1664163 0.1399195 0.1467379 0.1157302 0.1319760 0.1587193 0.1381798 0.1568544 0.1480417 0.1408106 0.1532834 0.1687408 0.1265907 0.1846129 0.0934191 0.1629672 0.1489150 0.1754962 0.1582692 0.1490529 0.1721750 0.1364899 0.1425816 0.1321666 0.0694661 0.0864420 0.0961966 0.1634260 0.0697655 0.0558808 0.1758049 0.1635750 0.1543257 0.1515526 0.1545171 0.1461171 0.1421783 0.1415768 0.1434001 0.1510707 0.1574226 0.1372991 0.0833885 0.1524341 0.1430952 0.0560488 0.1258794 0.1300548 0.0671784 0.1181017 0.1051556 0.1402414 0.1337661 0.1482472 0.1508486 0.1488418 0.0598359 0.1383604 0.0816400 0.1389170 0.1502395 0.1561002 0.1510760 0.1139689 0.1310192 0.1330985 0.1223921 0.1403339 0.1288231 0.1390615 
S0303         0.2597992 0.1228343 0.1126036 0.1590867 0.1402043 0.1244481 0.0230682 0.1581317 0.1407800 0.1181767 0.1441012 0.1626071 0.0000000 0.0818966 0.1504422 0.0252669 0.1448227 0.1311241 0.1300023 0.0217138 0.1173773 0.1222284 0.1246053 0.1719328 0.1120940 0.1504547 0.1107656 0.1276910 0.1434091 0.0208200 0.1289076 0.1304580 0.1340582 0.0855505 0.0169875 0.1397977 0.1255978 0.1206320 0.1590257 0.1375710 0.1509144 0.1216571 0.1163945 0.1197866 0.0223339 0.2013426 0.1314095 0.0146718 0.1245000 0.1328543 0.1124262 0.1242886 0.1100601 0.1080098 0.1428206 0.1126099 0.1367571 0.0790974 0.1245292 0.1224440 0.1177190 0.1558481 0.0591227 0.1193708 0.1423303 0.1246523 0.1371091 0.0925380 0.1167659 0.1765234 0.1262767 0.0622681 0.0814304 0.1511575 0.1528511 0.2106343 0.1114136 0.2060528 0.1293788 0.1507584 0.1277865 0.0731015 0.1257741 0.1508518 0.2059154 0.1164142 0.1265381 0.1186700 0.1501314 0.1281180 0.1321298 0.0244535 0.1330349 0.1566367 0.0810996 0.0266207 0.0208969 0.1207761 0.0713204 0.1300305 0.1348888 0.1238158 0.1123316 0.1271274 0.1458106 0.1159082 0.1334978 0.1472687 0.1356344 0.1801538 0.1126007 0.1153358 0.1612061 0.1122752 0.1311372 0.1168255 0.1176466 0.1467792 0.1279984 0.1243827 0.1467744 0.1204103 0.1242769 0.1164192 0.1193115 0.1347265 0.1323443 0.1419531 0.1140697 0.1145512 0.1112269 0.1279418 0.1127278 0.1190120 
S0308         0.2853764 0.1336481 0.1228672 0.1720203 0.1472705 0.1389351 0.0769878 0.1719523 0.1487027 0.1330294 0.1540837 0.1911347 0.0818966 0.0000000 0.1654324 0.0823588 0.1663967 0.1444719 0.1403230 0.0759444 0.1264899 0.1335344 0.1363785 0.1997079 0.1216036 0.1624806 0.1223402 0.1325597 0.1647316 0.0770595 0.1454415 0.1363800 0.1353046 0.0965035 0.0874144 0.1579221 0.1392210 0.1338031 0.1710735 0.1591767 0.1625073 0.1361509 0.1263962 0.1260553 0.0777781 0.2181733 0.1439355 0.0849923 0.1378191 0.1382560 0.1220041 0.1380413 0.1197791 0.1175905 0.1658401 0.1197413 0.1619400 0.0883687 0.1412273 0.1417249 0.1190792 0.1673474 0.0730631 0.1316300 0.1547394 0.1382433 0.1450997 0.1120009 0.1230612 0.1901103 0.1304117 0.0743906 0.0889458 0.1643216 0.1643305 0.2222637 0.1209613 0.2165682 0.1479617 0.1676395 0.1373030 0.0845739 0.1357839 0.1737795 0.2164588 0.1300471 0.1467644 0.1310413 0.1640448 0.1452535 0.1514742 0.0748024 0.1587958 0.1775006 0.0891182 0.0814212 0.0751200 0.1331121 0.0800457 0.1439934 0.1453887 0.1379811 0.1240665 0.1331185 0.1593365 0.1251806 0.1537077 0.1588168 0.1413378 0.1951343 0.1267261 0.1248882 0.1835418 0.1207065 0.1459178 0.1269611 0.1236435 0.1580493 0.1428871 0.1385839 0.1716574 0.1313460 0.1457220 0.1311023 0.1325951 0.1522358 0.1453251 0.1546408 0.1266920 0.1194404 0.1236407 0.1412183 0.1201908 0.1237743 
S0320         0.2688062 0.1327849 0.1226643 0.0525243 0.1334116 0.1361235 0.1456553 0.0504882 0.1492917 0.1322055 0.1466016 0.0566244 0.1504422 0.1654324 0.0000000 0.1555957 0.0727922 0.1340907 0.1438750 0.1472047 0.1272567 0.1311115 0.1368615 0.0722665 0.1328286 0.0602128 0.1185382 0.1343621 0.0705516 0.1482361 0.0709598 0.1396714 0.1445660 0.1668551 0.1551299 0.0461658 0.1400260 0.1336386 0.0570995 0.0765127 0.1213137 0.1371938 0.1297044 0.1262498 0.1496733 0.1909535 0.1410416 0.1588666 0.1387145 0.1376353 0.1185999 0.1379766 0.1176212 0.1166680 0.1529959 0.1230026 0.0819358 0.1562930 0.0998423 0.0585159 0.1271739 0.0579200 0.1456289 0.1286484 0.1457200 0.1358565 0.1395096 0.1075089 0.1245239 0.1778986 0.1215120 0.1370650 0.1495702 0.1417128 0.1432897 0.1864444 0.1188748 0.1931552 0.0931560 0.1541048 0.1402265 0.1611666 0.1367137 0.1538381 0.1868763 0.1296479 0.1396505 0.1270150 0.0622761 0.1024889 0.1056373 0.1506568 0.0720749 0.0632422 0.1531724 0.1544958 0.1442626 0.1374286 0.1445627 0.1371424 0.1414638 0.1348687 0.1282321 0.1376641 0.1556759 0.1310109 0.0840460 0.1554126 0.1462038 0.0527255 0.1291148 0.1238919 0.0646046 0.1182539 0.1073168 0.1288062 0.1257380 0.1459408 0.1357548 0.1399584 0.0497911 0.1319074 0.0729875 0.1320333 0.1321314 0.1425002 0.1332984 0.1191992 0.1281310 0.1236454 0.1175340 0.1339930 0.1227422 0.1318147 
S0322         0.2710089 0.1300892 0.1122989 0.1639501 0.1415947 0.1272237 0.0238933 0.1596444 0.1408011 0.1237976 0.1480364 0.1749370 0.0252669 0.0823588 0.1555957 0.0000000 0.1497927 0.1365173 0.1337506 0.0300543 0.1203833 0.1257963 0.1266345 0.1801929 0.1140963 0.1508065 0.1102537 0.1351672 0.1421032 0.0239445 0.1280033 0.1296723 0.1378899 0.0918166 0.0309873 0.1417033 0.1315971 0.1239511 0.1618081 0.1407367 0.1508053 0.1251299 0.1140352 0.1217857 0.0244695 0.2047433 0.1362410 0.0293500 0.1311421 0.1350364 0.1128134 0.1308772 0.1082096 0.1079896 0.1423373 0.1131462 0.1370823 0.0804851 0.1267924 0.1251038 0.1228513 0.1580023 0.0627000 0.1216664 0.1427879 0.1267377 0.1374617 0.0992182 0.1162059 0.1799598 0.1269482 0.0681943 0.0844058 0.1527311 0.1543569 0.2125223 0.1101836 0.2088610 0.1337163 0.1522974 0.1297338 0.0764038 0.1311705 0.1578184 0.2062462 0.1214134 0.1327404 0.1240738 0.1568845 0.1326480 0.1380744 0.0265665 0.1334735 0.1630358 0.0855510 0.0234216 0.0209493 0.1245341 0.0739529 0.1363746 0.1361690 0.1286322 0.1157888 0.1334203 0.1532330 0.1217831 0.1374027 0.1513738 0.1376115 0.1802305 0.1145106 0.1128531 0.1666452 0.1125444 0.1363886 0.1212120 0.1155475 0.1519789 0.1295139 0.1303526 0.1532528 0.1247011 0.1261431 0.1232815 0.1252306 0.1409780 0.1365752 0.1462574 0.1164671 0.1186288 0.1127470 0.1262476 0.1194525 0.1230028 
S0327         0.2712181 0.1290077 0.1160225 0.0591569 0.1280221 0.1231033 0.1406902 0.0660806 0.1347345 0.1235699 0.1354267 0.0791045 0.1448227 0.1663967 0.0727922 0.1497927 0.0000000 0.1322577 0.1363077 0.1420969 0.1259171 0.1216041 0.1268359 0.0817783 0.1213538 0.0537739 0.1103071 0.1346193 0.0627775 0.1400839 0.0638905 0.1338095 0.1381505 0.1540295 0.1516260 0.0526901 0.1302467 0.1220852 0.0653890 0.0659763 0.1112047 0.1266779 0.1148714 0.1150383 0.1465445 0.1865199 0.1343421 0.1540271 0.1272746 0.1303806 0.1109193 0.1277413 0.1093981 0.1073492 0.1481365 0.1125092 0.0677038 0.1473789 0.0936802 0.0535743 0.1168606 0.0583095 0.1398459 0.1195796 0.1395096 0.1245825 0.1343938 0.1043545 0.1164360 0.1745448 0.1227866 0.1324339 0.1461486 0.1421840 0.1454515 0.1879885 0.1112014 0.1872219 0.0891577 0.1513391 0.1337287 0.1535553 0.1348799 0.1446429 0.1882543 0.1185818 0.1312883 0.1215399 0.0553772 0.0946138 0.0959797 0.1417494 0.0613729 0.0669883 0.1427868 0.1443628 0.1357841 0.1245647 0.1410563 0.1320118 0.1309193 0.1232451 0.1178528 0.1342677 0.1483096 0.1241323 0.0717374 0.1422914 0.1290259 0.0854980 0.1163086 0.1171292 0.0687387 0.1122660 0.1017249 0.1195234 0.1192027 0.1376323 0.1315497 0.1323480 0.0650514 0.1188047 0.0650102 0.1216603 0.1201966 0.1399593 0.1310639 0.1100351 0.1240334 0.1126383 0.1124827 0.1323442 0.1203366 0.1250593 
S0335         0.2349515 0.0917203 0.0734583 0.1362001 0.1073981 0.0962493 0.1257316 0.1378937 0.0803955 0.0965155 0.1118321 0.1491616 0.1311241 0.1444719 0.1340907 0.1365173 0.1322577 0.0000000 0.0383519 0.1308601 0.0895931 0.0943352 0.0975052 0.1486362 0.0821739 0.1273295 0.0708766 0.0984410 0.1302661 0.1266630 0.1150153 0.0867380 0.1094263 0.1258929 0.1342658 0.1245502 0.1012552 0.0946852 0.1414793 0.1187702 0.1211596 0.0899717 0.0888182 0.0832710 0.1285137 0.1966878 0.1086282 0.1381430 0.1002702 0.0888417 0.0724892 0.0975884 0.0695079 0.0696184 0.1052050 0.0770334 0.1185916 0.1146876 0.0940689 0.1129047 0.0518466 0.1375985 0.1136817 0.0784621 0.1079408 0.0840043 0.0879356 0.0812170 0.0912106 0.1702005 0.0934471 0.0986418 0.1198584 0.1158222 0.1214293 0.1991346 0.0702425 0.1977274 0.1002210 0.1182630 0.0572901 0.1177355 0.1001242 0.0991823 0.1934604 0.0896109 0.1006742 0.0564940 0.1358867 0.0988610 0.1040010 0.1268043 0.1215415 0.1436334 0.1184184 0.1294394 0.1253034 0.0947699 0.1078150 0.0373181 0.0787296 0.0966455 0.0856330 0.1002719 0.0940148 0.0884539 0.1196107 0.0870147 0.0746974 0.1626381 0.0779085 0.0754501 0.1411166 0.0874865 0.1039492 0.0907292 0.0933142 0.0855867 0.0427350 0.1019533 0.1365268 0.0900664 0.1150912 0.0878470 0.0876088 0.0456895 0.0163492 0.1158871 0.0686340 0.0501309 0.0732638 0.0402186 0.0874013 0.0555122 
S0345         0.2170468 0.0861942 0.0708297 0.1397892 0.1135422 0.0875326 0.1239257 0.1381796 0.0835859 0.0914568 0.1098476 0.1468089 0.1300023 0.1403230 0.1438750 0.1337506 0.1363077 0.0383519 0.0000000 0.1241490 0.0879101 0.0860794 0.0921758 0.1537642 0.0832904 0.1319751 0.0701292 0.0951698 0.1288340 0.1240364 0.1184574 0.0872065 0.1012022 0.1277567 0.1312375 0.1260836 0.0941061 0.0865105 0.1528960 0.1167485 0.1297738 0.0841005 0.0871561 0.0816522 0.1247412 0.1980650 0.1002773 0.1369522 0.0949422 0.0860182 0.0713472 0.0880934 0.0696662 0.0692335 0.1050073 0.0781651 0.1205697 0.1130011 0.0992506 0.1106312 0.0534895 0.1444828 0.1134574 0.0778783 0.1062260 0.0864083 0.0892312 0.0733234 0.0914427 0.1700848 0.0904250 0.1023501 0.1199911 0.1109051 0.1224487 0.1968233 0.0705479 0.1946739 0.1098666 0.1222698 0.0580329 0.1197386 0.0933507 0.1018070 0.1894321 0.0803463 0.0959251 0.0543333 0.1339894 0.1012274 0.1127519 0.1256056 0.1219414 0.1432814 0.1194366 0.1295706 0.1227874 0.0908506 0.1081233 0.0245363 0.0759992 0.0876491 0.0783562 0.0901953 0.0937867 0.0788083 0.1188799 0.0872317 0.0743597 0.1617475 0.0759702 0.0770912 0.1507717 0.0882720 0.1105077 0.0832697 0.0912145 0.0862476 0.0421330 0.0922004 0.1398916 0.0852552 0.1150333 0.0811268 0.0841621 0.0251118 0.0414626 0.1189209 0.0669824 0.0514360 0.0764463 0.0390750 0.0864029 0.0589714 
S0355         0.2576907 0.1221552 0.1087761 0.1541262 0.1352478 0.1234262 0.0204484 0.1502395 0.1330530 0.1174319 0.1464571 0.1557188 0.0217138 0.0759444 0.1472047 0.0300543 0.1420969 0.1308601 0.1241490 0.0000000 0.1133637 0.1213890 0.1230674 0.1719434 0.1056939 0.1445816 0.1071704 0.1239634 0.1372280 0.0205036 0.1265451 0.1284025 0.1291788 0.0831829 0.0301786 0.1362230 0.1281263 0.1198584 0.1515798 0.1344817 0.1454044 0.1191402 0.1115957 0.1161537 0.0231685 0.1992882 0.1297777 0.0276863 0.1257847 0.1295367 0.1079420 0.1249678 0.1051895 0.1026202 0.1438962 0.1070832 0.1311385 0.0713126 0.1200373 0.1237327 0.1134649 0.1487312 0.0582581 0.1157168 0.1400565 0.1200091 0.1325247 0.0956685 0.1076648 0.1742932 0.1179183 0.0608868 0.0753833 0.1487827 0.1527117 0.2064297 0.1064386 0.2032348 0.1268046 0.1510918 0.1259907 0.0699164 0.1239038 0.1540118 0.2005788 0.1162392 0.1286164 0.1178465 0.1492145 0.1248666 0.1296900 0.0205236 0.1325122 0.1574592 0.0752291 0.0230206 0.0162995 0.1198493 0.0658636 0.1299282 0.1316112 0.1233410 0.1124841 0.1265126 0.1458422 0.1161432 0.1290038 0.1437273 0.1290488 0.1733997 0.1100157 0.1101488 0.1537876 0.1029176 0.1276829 0.1155119 0.1082846 0.1467223 0.1265243 0.1249502 0.1438560 0.1187423 0.1179671 0.1169976 0.1172394 0.1338279 0.1320704 0.1382960 0.1101357 0.1082115 0.1089123 0.1241155 0.1114910 0.1132645 
S0376         0.2201689 0.0607207 0.0708382 0.1311699 0.1075813 0.0641993 0.1086267 0.1266740 0.1002218 0.0612946 0.0818623 0.1413911 0.1173773 0.1264899 0.1272567 0.1203833 0.1259171 0.0895931 0.0879101 0.1133637 0.0000000 0.0613866 0.0621878 0.1467545 0.0566138 0.1227445 0.0677609 0.0335077 0.1187367 0.1071528 0.1010850 0.0956822 0.0715006 0.1142765 0.1248850 0.1233924 0.0628505 0.0594630 0.1326314 0.1069946 0.1165877 0.0591083 0.0619186 0.0804262 0.1146944 0.1863050 0.0714644 0.1261950 0.0654648 0.0986077 0.0693625 0.0644842 0.0668885 0.0659141 0.1081594 0.0728528 0.1115017 0.1045051 0.0938132 0.0988592 0.0750252 0.1293514 0.1039476 0.0878072 0.1122296 0.0945150 0.0963552 0.0473328 0.0815389 0.1536957 0.0791222 0.0859876 0.1109068 0.1205177 0.1217263 0.1847093 0.0681325 0.1862876 0.0950838 0.1242550 0.0862854 0.1046669 0.0686719 0.1246710 0.1802326 0.0582607 0.0654856 0.0786111 0.1286796 0.0951371 0.0991145 0.1112530 0.1182380 0.1322680 0.1024793 0.1161971 0.1090552 0.0631593 0.1004796 0.0890409 0.1013733 0.0641678 0.0559482 0.0649635 0.1234547 0.0589645 0.1132879 0.1094813 0.0978057 0.1493934 0.0548911 0.0723411 0.1351594 0.0801107 0.0944715 0.0564995 0.0831780 0.1103081 0.0908791 0.0683118 0.1279539 0.0566365 0.1015304 0.0555340 0.0532196 0.0983132 0.0895876 0.1080349 0.0726101 0.0727449 0.0723248 0.0865191 0.0306098 0.0760842 
S0400         0.2167773 0.0426688 0.0707885 0.1304916 0.1061246 0.0123988 0.1159745 0.1260703 0.1018594 0.0161307 0.0485935 0.1401966 0.1222284 0.1335344 0.1311115 0.1257963 0.1216041 0.0943352 0.0860794 0.1213890 0.0613866 0.0000000 0.0196353 0.1501864 0.0482374 0.1181580 0.0679187 0.0688707 0.1227004 0.1160495 0.1078481 0.0902911 0.0619845 0.1211473 0.1303203 0.1178968 0.0397391 0.0174378 0.1357219 0.1103009 0.1193935 0.0482839 0.0114079 0.0805893 0.1220509 0.1830895 0.0628288 0.1329229 0.0316822 0.0964817 0.0700254 0.0165382 0.0670385 0.0675657 0.1133743 0.0747582 0.1085113 0.1077429 0.0968056 0.1046591 0.0743561 0.1273088 0.1079599 0.0875369 0.1172785 0.0945180 0.0945325 0.0350406 0.0808804 0.1534336 0.0848132 0.0915616 0.1111175 0.1183146 0.1226058 0.1820927 0.0687884 0.1854949 0.0986530 0.1277285 0.0954294 0.1106555 0.0449545 0.1285714 0.1764648 0.0103700 0.0455629 0.0830596 0.1284793 0.0989511 0.1038039 0.1189919 0.1184869 0.1344664 0.1107758 0.1217927 0.1139916 0.0182099 0.1044238 0.0950712 0.1031790 0.0148740 0.0154349 0.0492943 0.1169203 0.0332991 0.1125613 0.1122874 0.0981694 0.1498800 0.0361484 0.0715281 0.1368900 0.0755166 0.1005849 0.0104249 0.0824468 0.1111850 0.0924919 0.0325362 0.1265164 0.0367612 0.1020612 0.0352717 0.0461045 0.0988586 0.0921476 0.1129128 0.0798786 0.0740874 0.0725243 0.0905691 0.0578540 0.0780871 
S0405         0.2209264 0.0422987 0.0722974 0.1381385 0.1090207 0.0226064 0.1181924 0.1323297 0.1038788 0.0225783 0.0486828 0.1521302 0.1246053 0.1363785 0.1368615 0.1266345 0.1268359 0.0975052 0.0921758 0.1230674 0.0621878 0.0196353 0.0000000 0.1561653 0.0489997 0.1265769 0.0697976 0.0691024 0.1284465 0.1169807 0.1120603 0.0986796 0.0642422 0.1236129 0.1307101 0.1242773 0.0403417 0.0149795 0.1415182 0.1098768 0.1203581 0.0489508 0.0202202 0.0810911 0.1232526 0.1834877 0.0661245 0.1352019 0.0331602 0.1020701 0.0719275 0.0233963 0.0684102 0.0684328 0.1155051 0.0757333 0.1099791 0.1073846 0.0976650 0.1072576 0.0762240 0.1332244 0.1073065 0.0939587 0.1199596 0.1005420 0.1006000 0.0381135 0.0865783 0.1530998 0.0864717 0.0929546 0.1146039 0.1212966 0.1286241 0.1838712 0.0701703 0.1861335 0.0978421 0.1310667 0.0986098 0.1105475 0.0479490 0.1317795 0.1763279 0.0162130 0.0451638 0.0854932 0.1319316 0.0997186 0.1058164 0.1212369 0.1205054 0.1421976 0.1120513 0.1239744 0.1168879 0.0170145 0.1027209 0.0976991 0.1052291 0.0204110 0.0150933 0.0509355 0.1210531 0.0356786 0.1156680 0.1150504 0.0984511 0.1578346 0.0350318 0.0729372 0.1453149 0.0811275 0.1007329 0.0179966 0.0881179 0.1128594 0.0956332 0.0344621 0.1336471 0.0368583 0.1029322 0.0363182 0.0456696 0.1022544 0.0963565 0.1107688 0.0833562 0.0774943 0.0754885 0.0920855 0.0585422 0.0798974 
S0407sl       0.2934605 0.1473860 0.1417247 0.0614774 0.1518336 0.1545542 0.1661584 0.0660158 0.1674579 0.1474421 0.1663639 0.0665876 0.1719328 0.1997079 0.0722665 0.1801929 0.0817783 0.1486362 0.1537642 0.1719434 0.1467545 0.1501864 0.1561653 0.0000000 0.1463739 0.0712933 0.1354097 0.1567947 0.0750013 0.1670409 0.0780237 0.1571104 0.1635239 0.1790167 0.1771876 0.0555820 0.1546123 0.1533381 0.0714741 0.0833784 0.1267242 0.1572461 0.1429810 0.1456460 0.1749756 0.2017384 0.1635806 0.1800584 0.1563994 0.1538511 0.1368266 0.1520501 0.1357259 0.1329500 0.1774485 0.1432254 0.0927103 0.1668097 0.1086989 0.0679883 0.1423833 0.0606920 0.1697113 0.1462198 0.1640078 0.1475757 0.1541462 0.1255710 0.1377089 0.1900911 0.1326221 0.1516718 0.1589095 0.1667545 0.1716028 0.2020469 0.1357716 0.2032050 0.1061825 0.1724080 0.1593616 0.1762661 0.1565673 0.1724375 0.2014693 0.1430373 0.1577975 0.1414414 0.0664174 0.1069984 0.1091100 0.1713568 0.0872532 0.0674635 0.1671845 0.1728532 0.1636697 0.1548921 0.1606751 0.1484339 0.1597823 0.1484211 0.1460551 0.1590702 0.1748236 0.1487002 0.0972394 0.1770125 0.1587253 0.0720716 0.1406185 0.1422498 0.0369744 0.1324080 0.1107591 0.1456678 0.1425198 0.1571417 0.1574630 0.1544748 0.0682543 0.1469564 0.0850019 0.1479862 0.1505632 0.1595563 0.1535032 0.1238095 0.1486490 0.1362946 0.1334224 0.1551244 0.1453674 0.1478171 
S0412sl       0.2056006 0.0473417 0.0645925 0.1313339 0.1022738 0.0502487 0.1008878 0.1323231 0.1006085 0.0527485 0.0722771 0.1464721 0.1120940 0.1216036 0.1328286 0.1140963 0.1213538 0.0821739 0.0832904 0.1056939 0.0566138 0.0482374 0.0489997 0.1463739 0.0000000 0.1168255 0.0643058 0.0606628 0.1227911 0.1045254 0.1046644 0.0917442 0.0530551 0.1068732 0.1172582 0.1165878 0.0500824 0.0466136 0.1353734 0.1040301 0.1107389 0.0493881 0.0482072 0.0750541 0.1074245 0.1721682 0.0454292 0.1188666 0.0524754 0.0948475 0.0643744 0.0523169 0.0622408 0.0622904 0.1105262 0.0667652 0.1095763 0.0993848 0.0866129 0.0962080 0.0656171 0.1339091 0.0968921 0.0842881 0.1054706 0.0922384 0.0917217 0.0343774 0.0791731 0.1445288 0.0776377 0.0814098 0.1136658 0.1206223 0.1303762 0.1704885 0.0636367 0.1735487 0.0899161 0.1210509 0.0878007 0.0953079 0.0518692 0.1265199 0.1700331 0.0465497 0.0544546 0.0712651 0.1300244 0.0897415 0.0948078 0.1085349 0.1151014 0.1343182 0.0959275 0.1098711 0.1005446 0.0496039 0.0947690 0.0835886 0.1008954 0.0517086 0.0414357 0.0519974 0.1185690 0.0411191 0.1073910 0.1130764 0.0989742 0.1509115 0.0429079 0.0676418 0.1383979 0.0767267 0.0911965 0.0452767 0.0794556 0.1045289 0.0852000 0.0524169 0.1247920 0.0424954 0.1009590 0.0417945 0.0454631 0.0886444 0.0882076 0.1062727 0.0689119 0.0641644 0.0674321 0.0817157 0.0533597 0.0680059 
S0417         0.2599948 0.1219277 0.1067411 0.0482612 0.1227092 0.1211485 0.1398175 0.0563244 0.1342806 0.1206411 0.1382732 0.0685804 0.1504547 0.1624806 0.0602128 0.1508065 0.0537739 0.1273295 0.1319751 0.1445816 0.1227445 0.1181580 0.1265769 0.0712933 0.1168255 0.0000000 0.1028355 0.1303747 0.0524605 0.1400625 0.0550594 0.1306408 0.1329647 0.1516813 0.1551147 0.0429193 0.1254028 0.1223115 0.0584227 0.0653639 0.1025559 0.1242075 0.1149748 0.1083467 0.1459188 0.1803773 0.1305410 0.1562377 0.1266921 0.1261276 0.1034367 0.1242075 0.1013894 0.0993706 0.1497572 0.1054080 0.0667931 0.1466975 0.0854828 0.0510195 0.1119052 0.0504228 0.1422069 0.1149369 0.1332610 0.1216653 0.1298322 0.1007194 0.1117421 0.1670206 0.1114619 0.1282612 0.1452786 0.1442534 0.1432971 0.1794163 0.1031797 0.1819667 0.0806637 0.1490687 0.1288764 0.1509004 0.1296606 0.1470054 0.1790566 0.1162369 0.1284359 0.1121995 0.0496856 0.0853327 0.0868305 0.1429903 0.0650220 0.0558545 0.1420898 0.1444003 0.1357884 0.1217681 0.1374714 0.1245225 0.1322768 0.1220616 0.1166165 0.1297570 0.1435598 0.1166457 0.0706392 0.1418803 0.1299726 0.0723569 0.1157228 0.1084178 0.0596140 0.1052307 0.0918209 0.1171609 0.1125875 0.1309966 0.1262831 0.1288357 0.0602481 0.1196102 0.0654029 0.1186065 0.1190752 0.1360738 0.1264897 0.0982329 0.1163768 0.1093906 0.1041664 0.1238870 0.1176247 0.1177478 
S0419         0.2102435 0.0697662 0.0116671 0.1167252 0.0664533 0.0733690 0.1025402 0.1179078 0.0832575 0.0728122 0.0880145 0.1243442 0.1107656 0.1223402 0.1185382 0.1102537 0.1103071 0.0708766 0.0701292 0.1071704 0.0677609 0.0679187 0.0697976 0.1354097 0.0643058 0.1028355 0.0000000 0.0737979 0.1060698 0.1010178 0.0869529 0.0767300 0.0856465 0.1040416 0.1142602 0.1052426 0.0743716 0.0698560 0.1222843 0.0961445 0.0986001 0.0681535 0.0643090 0.0365488 0.1093495 0.1699004 0.0839998 0.1172767 0.0759423 0.0813487 0.0066941 0.0726415 0.0039247 0.0063033 0.0984481 0.0317196 0.0939741 0.0943646 0.0770829 0.0893375 0.0537699 0.1193925 0.0914609 0.0727533 0.0953491 0.0781524 0.0805407 0.0614262 0.0416930 0.1403648 0.0700478 0.0825761 0.1015996 0.1114126 0.1147716 0.1713171 0.0050919 0.1758184 0.0826703 0.1132782 0.0679967 0.0962407 0.0791386 0.1047510 0.1727348 0.0671694 0.0768176 0.0633046 0.1085719 0.0814885 0.0874085 0.1068640 0.1010067 0.1254992 0.0913069 0.1076739 0.1013138 0.0711658 0.0887788 0.0719198 0.0825747 0.0737120 0.0643054 0.0770901 0.0981014 0.0670603 0.0965170 0.0944897 0.0813665 0.1428648 0.0586996 0.0090907 0.1219701 0.0409794 0.0857804 0.0686600 0.0436407 0.0913653 0.0699153 0.0762828 0.1171860 0.0660815 0.0949486 0.0660044 0.0634103 0.0786201 0.0729800 0.0975198 0.0628484 0.0539389 0.0279534 0.0677975 0.0644139 0.0551695 
S0427         0.2277118 0.0654400 0.0784632 0.1340444 0.1143122 0.0702236 0.1184371 0.1319630 0.1074495 0.0696183 0.0880609 0.1499029 0.1276910 0.1325597 0.1343621 0.1351672 0.1346193 0.0984410 0.0951698 0.1239634 0.0335077 0.0688707 0.0691024 0.1567947 0.0606628 0.1303747 0.0737979 0.0000000 0.1280555 0.1168885 0.1088844 0.1076973 0.0787402 0.1209845 0.1366738 0.1283004 0.0701511 0.0661507 0.1422561 0.1123097 0.1209297 0.0668368 0.0659596 0.0890033 0.1251353 0.1896918 0.0783570 0.1403774 0.0723085 0.1054815 0.0744168 0.0705196 0.0729155 0.0729413 0.1224880 0.0822519 0.1169260 0.1158265 0.0972081 0.1078477 0.0796188 0.1393847 0.1077189 0.0961474 0.1218810 0.1045842 0.1042731 0.0533825 0.0900939 0.1609226 0.0831249 0.0974021 0.1213678 0.1327071 0.1328717 0.1903448 0.0731734 0.1948686 0.1028122 0.1321637 0.0947625 0.1164075 0.0769640 0.1348199 0.1859767 0.0655155 0.0729833 0.0876305 0.1376131 0.1013546 0.1051025 0.1221440 0.1247723 0.1398893 0.1155659 0.1262646 0.1189159 0.0685461 0.1112665 0.0990655 0.1063736 0.0726040 0.0631943 0.0713923 0.1291955 0.0663523 0.1215756 0.1184452 0.1023038 0.1545076 0.0575383 0.0784608 0.1443057 0.0875930 0.1010908 0.0659037 0.0928645 0.1185410 0.0992783 0.0730027 0.1329338 0.0648793 0.1093022 0.0627286 0.0586299 0.1049750 0.0994608 0.1133922 0.0833999 0.0773123 0.0821147 0.0966249 0.0329466 0.0829187 
S0428sl       0.2602527 0.1172477 0.1117683 0.0604487 0.1259109 0.1271228 0.1343668 0.0659185 0.1373335 0.1252932 0.1430627 0.0691534 0.1434091 0.1647316 0.0705516 0.1421032 0.0627775 0.1302661 0.1288340 0.1372280 0.1187367 0.1227004 0.1284465 0.0750013 0.1227911 0.0524605 0.1060698 0.1280555 0.0000000 0.1373985 0.0563374 0.1321706 0.1347679 0.1512354 0.1465666 0.0464370 0.1285182 0.1265218 0.0626247 0.0579691 0.1027396 0.1229984 0.1212851 0.1163970 0.1385801 0.1821264 0.1274241 0.1484310 0.1273148 0.1272447 0.1065689 0.1296791 0.1044413 0.1035410 0.1473864 0.1112269 0.0630480 0.1352366 0.0864420 0.0496804 0.1134709 0.0630662 0.1355164 0.1166809 0.1372967 0.1192362 0.1305950 0.1066374 0.1130060 0.1718848 0.1118143 0.1197900 0.1434616 0.1442583 0.1477554 0.1862171 0.1075389 0.1838798 0.0879603 0.1511355 0.1313188 0.1440728 0.1307709 0.1469017 0.1845664 0.1212155 0.1269032 0.1171876 0.0520140 0.0884408 0.0901145 0.1353457 0.0574606 0.0634814 0.1393985 0.1379598 0.1326090 0.1266836 0.1301430 0.1272958 0.1309737 0.1258376 0.1183418 0.1278095 0.1484856 0.1200951 0.0739575 0.1456224 0.1302994 0.0805692 0.1126075 0.1134716 0.0622565 0.1074276 0.0942770 0.1205292 0.1132311 0.1402373 0.1264619 0.1270444 0.0684671 0.1216946 0.0615598 0.1177186 0.1221898 0.1334100 0.1311797 0.0989789 0.1184341 0.1103564 0.1047168 0.1240347 0.1147837 0.1180454 
