135
PAFTOL_019361 0.0000000 0.3062314 0.2960613 0.3036074 0.3010809 0.3048108 0.3189984 0.2676706 0.2631672 0.3051781 0.3095407 0.2948082 0.3142750 0.3423940 0.2907473 0.3197280 0.2688230 0.2805817 0.2946644 0.3347436 0.3034992 0.3164041 0.2981257 0.2693344 0.3028272 0.2701843 0.2860018 0.3087722 0.2671119 0.3204093 0.2675021 0.2671499 0.3038791 0.3304232 0.2745440 0.2531403 0.3216794 0.3114342 0.3094829 0.2637364 0.3067551 0.3062880 0.3079601 0.2646273 0.3164140 0.2900560 0.2967562 0.3216076 0.3338249 0.3032418 0.2660101 0.2949355 0.3178349 0.2874201 0.2875575 0.2680289 0.2834676 0.2745681 0.3436136 0.2780833 0.2682452 0.2716123 0.2558811 0.3138611 0.2603493 0.2703104 0.2507877 0.2545315 0.3132660 0.3052289 0.2942366 0.3368654 0.3024544 0.2758745 0.3037888 0.2819558 0.2793289 0.2977028 0.1866583 0.2677418 0.2732085 0.3452078 0.3063309 0.2729224 0.2954153 0.3041562 0.3116671 0.2699307 0.2700229 0.2648383 0.2787224 0.3078231 0.2839180 0.2907662 0.2996349 0.3213857 0.3079971 0.3081233 0.3092052 0.2696271 0.2549397 0.3124479 0.3040400 0.2694177 0.2816070 0.2820134 0.2602535 0.2669151 0.2733758 0.3007754 0.2997245 0.2855585 0.2817562 0.3085746 0.3001032 0.3060656 0.3081006 0.2705328 0.2643741 0.3095583 0.3040444 0.3003888 0.2807212 0.2962045 0.3068420 0.2786535 0.3025076 0.2701657 0.2588788 0.2719382 0.3696110 0.2768477 0.2586197 0.2953505 0.2647755 
S0055         0.3062314 0.0000000 0.0997542 0.1304483 0.1129105 0.0653458 0.1718749 0.1137906 0.1049644 0.0613947 0.0848984 0.1395780 0.1611560 0.1607435 0.1279668 0.1597075 0.1221844 0.1179802 0.1263341 0.1594079 0.1063341 0.0641297 0.0580973 0.1270019 0.0780424 0.1087938 0.0837091 0.1102484 0.1226015 0.1633425 0.1132145 0.1131099 0.0649167 0.1539604 0.1479184 0.1047696 0.0714439 0.0633379 0.1238362 0.1113018 0.1341596 0.0661922 0.0666157 0.0864075 0.1540897 0.1673871 0.0809926 0.1643460 0.1299515 0.0674681 0.1163180 0.0867439 0.0649479 0.0816707 0.0850034 0.1191293 0.0988682 0.1115534 0.1608434 0.1093407 0.1126532 0.0978369 0.0984219 0.1391730 0.1111396 0.1187790 0.1185551 0.1105299 0.1264474 0.1955479 0.1191626 0.1479192 0.1394331 0.1091457 0.1213311 0.1603937 0.0830366 0.1818725 0.0853773 0.1181616 0.1228867 0.1468298 0.0708578 0.1266104 0.1673755 0.0586253 0.0696210 0.0998046 0.1126895 0.0982533 0.1095708 0.1586107 0.1126164 0.1278347 0.1212667 0.1608927 0.1558870 0.0657856 0.1406515 0.1095486 0.0950088 0.0635467 0.0613900 0.0447423 0.1272823 0.0561968 0.1022020 0.1121667 0.1097384 0.1371827 0.0660679 0.0850009 0.1142867 0.1300690 0.1218634 0.0585134 0.1275796 0.1164953 0.1056914 0.0704448 0.1324335 0.0709600 0.1151802 0.0574655 0.0700491 0.1093858 0.1272222 0.1145252 0.1032812 0.1069415 0.1682666 0.1011225 0.1069337 0.1026695 0.0974802 
S0196sl       0.2960613 0.0997542 0.0000000 0.1181146 0.0800212 0.1067028 0.1568233 0.1040266 0.0931612 0.1088609 0.1150035 0.1305253 0.1463317 0.1639689 0.1182376 0.1472691 0.0975387 0.1038312 0.1135517 0.1527822 0.1189781 0.1118381 0.0997908 0.1064921 0.1040386 0.0924943 0.0505715 0.1157664 0.1016080 0.1556401 0.0998714 0.0911762 0.1013905 0.1457378 0.1389124 0.0914207 0.1219530 0.1050585 0.1104113 0.1037000 0.1148163 0.1009415 0.1104912 0.0563342 0.1494268 0.1600852 0.1104179 0.1544837 0.1108135 0.1079008 0.0974021 0.0539402 0.1126209 0.0512440 0.0532277 0.1079513 0.0655073 0.1010395 0.1562268 0.0904044 0.0997274 0.0870091 0.0916801 0.1327892 0.0959237 0.1054806 0.0929468 0.0941813 0.0936440 0.1928822 0.1134285 0.1485493 0.1288548 0.0963234 0.1103161 0.1557640 0.0478498 0.1764140 0.0733808 0.0988591 0.1016719 0.1483954 0.1036590 0.1127583 0.1657028 0.1040236 0.1127069 0.0821003 0.0999178 0.0816286 0.0891512 0.1517063 0.0974772 0.1119166 0.1163488 0.1521621 0.1530202 0.1039328 0.1350148 0.0959450 0.0917507 0.1047880 0.1048207 0.1040653 0.1090690 0.0929891 0.0959606 0.0966131 0.0975452 0.1264791 0.1097297 0.0523955 0.1111385 0.0972051 0.1068781 0.1033207 0.0994814 0.1041221 0.0880823 0.1097665 0.1150960 0.1113709 0.1048097 0.0940389 0.0983606 0.0935527 0.1209745 0.0908624 0.0855415 0.0931631 0.1556676 0.0574947 0.0872098 0.1101427 0.0855346 
S0278         0.3036074 0.1304483 0.1181146 0.0000000 0.1263261 0.1366924 0.1811479 0.0481069 0.1094267 0.1300518 0.1470831 0.0632469 0.1735656 0.1832446 0.0515380 0.1773290 0.0580498 0.1214241 0.1276991 0.1793348 0.1324690 0.1341565 0.1230049 0.0571534 0.1282934 0.0465505 0.1048661 0.1367731 0.0576833 0.1804981 0.0614766 0.1130186 0.1350997 0.1748754 0.1645345 0.0310426 0.1522550 0.1313426 0.0485011 0.0718075 0.1044666 0.1286545 0.1328282 0.1023060 0.1773342 0.1577204 0.1325201 0.1812848 0.1263565 0.1413766 0.1114210 0.1090558 0.1373228 0.1042826 0.1066122 0.1176493 0.1147300 0.0793251 0.1801335 0.0833540 0.0708011 0.0961641 0.0522995 0.1610908 0.1105872 0.1213591 0.1139629 0.1048775 0.1421390 0.1945223 0.1242610 0.1752117 0.1444504 0.1135655 0.1239807 0.1515530 0.1017370 0.1697001 0.1138818 0.1185942 0.1241278 0.1768436 0.1322794 0.1190205 0.1575993 0.1292190 0.1348641 0.1029971 0.0482309 0.0734229 0.0842801 0.1814510 0.0744967 0.0406009 0.1436983 0.1808360 0.1806612 0.1272438 0.1612013 0.1145874 0.1067112 0.1315550 0.1266262 0.1238557 0.1262475 0.1158779 0.0637446 0.1205860 0.1170384 0.0548973 0.1299088 0.1062741 0.0598954 0.1482565 0.1007149 0.1281312 0.1519720 0.1224302 0.1103966 0.1459508 0.0536015 0.1319340 0.0772822 0.1224838 0.1227202 0.1110625 0.1225915 0.0927244 0.1030142 0.1001899 0.1659752 0.1118678 0.1090599 0.1341796 0.0986918 
S0281         0.3010809 0.1129105 0.0800212 0.1263261 0.0000000 0.1162327 0.1491921 0.1125258 0.1052349 0.1185525 0.1358308 0.1335270 0.1360751 0.1435205 0.1234649 0.1390933 0.1109535 0.1085846 0.1249609 0.1385620 0.1220323 0.1167028 0.1103661 0.1136992 0.1208671 0.1000979 0.0666308 0.1166444 0.1138126 0.1420909 0.1052911 0.1051264 0.1108331 0.1258839 0.1306640 0.1012302 0.1274019 0.1138720 0.1234990 0.1083901 0.1236984 0.1216171 0.1241279 0.0604751 0.1325337 0.1750638 0.1301530 0.1432749 0.1267178 0.1206760 0.1087230 0.0694676 0.1205989 0.0666924 0.0699775 0.1129955 0.0688034 0.1089438 0.1424178 0.1021687 0.1053639 0.1001360 0.0995736 0.1224513 0.1038291 0.1118363 0.1171433 0.1074384 0.0724751 0.2026962 0.1286138 0.1239154 0.1141345 0.1003630 0.1137859 0.1623734 0.0647564 0.1885574 0.0867492 0.1083824 0.1106460 0.1247321 0.1092612 0.1274961 0.1746337 0.1099819 0.1238274 0.1007260 0.1076215 0.0929397 0.0994983 0.1394956 0.1058191 0.1232064 0.1020424 0.1421427 0.1395864 0.1152188 0.1161152 0.0999659 0.1048161 0.1152946 0.1120721 0.1203825 0.1228227 0.0992765 0.0977543 0.1120280 0.1103479 0.1342622 0.1195316 0.0684755 0.1133879 0.0722168 0.1155520 0.1107961 0.0729070 0.1136047 0.0975633 0.1264122 0.1241878 0.1217808 0.1107752 0.1110063 0.1183767 0.1005709 0.1187345 0.0989460 0.1039548 0.1076548 0.1468286 0.0796802 0.0980903 0.1223275 0.0989149 
S0282         0.3048108 0.0653458 0.1067028 0.1366924 0.1162327 0.0000000 0.1596291 0.1208086 0.1117186 0.0193641 0.0804938 0.1429861 0.1523008 0.1621587 0.1341935 0.1559709 0.1216921 0.1196624 0.1294760 0.1578064 0.1015088 0.0172593 0.0130715 0.1221287 0.0839820 0.1111938 0.0865407 0.1047921 0.1158347 0.1571281 0.1128478 0.1176241 0.0724489 0.1479251 0.1364494 0.1068534 0.0613809 0.0173242 0.1232845 0.1112290 0.1350978 0.0730074 0.0101907 0.0919590 0.1529270 0.1698211 0.0866112 0.1528991 0.1390773 0.0517137 0.1189854 0.0895929 0.0177790 0.0872851 0.0874768 0.1214437 0.1003956 0.1146160 0.1615208 0.1071982 0.1137679 0.0997506 0.0977021 0.1341291 0.1164712 0.1216685 0.1193785 0.1136667 0.1289973 0.1883548 0.1276911 0.1462037 0.1342521 0.1157256 0.1295960 0.1535246 0.0858662 0.1774017 0.0942203 0.1173844 0.1218576 0.1488102 0.0676014 0.1355235 0.1678782 0.0152253 0.0582492 0.0991760 0.1140398 0.0978767 0.1051928 0.1522957 0.1152466 0.1287585 0.1278373 0.1519249 0.1496707 0.0172916 0.1341848 0.1097012 0.0968432 0.0183730 0.0167841 0.0599327 0.1303244 0.0517800 0.1062381 0.1169376 0.1163268 0.1392387 0.0568039 0.0891337 0.1247057 0.1310038 0.1258589 0.0137451 0.1269463 0.1196096 0.1056099 0.0619088 0.1423593 0.0363962 0.1178087 0.0409352 0.0697360 0.1138639 0.1255439 0.1142585 0.1068021 0.1048879 0.1699827 0.0999599 0.1064625 0.1007857 0.0961263 
S0288         0.3189984 0.1718749 0.1568233 0.1811479 0.1491921 0.1596291 0.0000000 0.1729401 0.1647641 0.1461886 0.1830151 0.1831836 0.0206179 0.0950011 0.1851657 0.0237164 0.1682208 0.1755407 0.1622609 0.0317330 0.1393737 0.1585501 0.1540528 0.1781874 0.1722050 0.1603692 0.1399919 0.1442842 0.1467242 0.0149985 0.1622628 0.1496248 0.1737342 0.0950694 0.0198950 0.1502653 0.1797404 0.1592345 0.1753789 0.1643293 0.1865503 0.1744217 0.1439855 0.1362795 0.0261973 0.2170975 0.1737098 0.0244860 0.1782723 0.1733197 0.1572245 0.1433914 0.1680941 0.1373218 0.1430609 0.1681722 0.1435584 0.1562176 0.0943484 0.1636739 0.1557685 0.1545171 0.1204303 0.0521794 0.1525156 0.1667590 0.1532369 0.1512622 0.1355851 0.2177961 0.1818460 0.0876419 0.0728087 0.1630020 0.1767065 0.2001665 0.1340173 0.2233985 0.1067541 0.1668255 0.1665027 0.0918482 0.1551177 0.1906022 0.2183680 0.1562690 0.1651805 0.1553572 0.1704384 0.1521960 0.1639387 0.0268649 0.1580510 0.1845469 0.0776348 0.0175201 0.0146882 0.1575146 0.0775275 0.1530130 0.1600904 0.1607577 0.1554672 0.1613040 0.1866695 0.1380070 0.1399029 0.1749082 0.1696876 0.1959759 0.1688744 0.1407402 0.1722976 0.1368333 0.1729383 0.1550940 0.1386565 0.1727190 0.1570686 0.1795285 0.1885678 0.1698677 0.1623728 0.1560840 0.1770173 0.1577752 0.1850247 0.1675941 0.1540915 0.1637897 0.2190512 0.1526532 0.1584353 0.1547149 0.1585567 
S0289         0.2676706 0.1137906 0.1040266 0.0481069 0.1125258 0.1208086 0.1729401 0.0000000 0.0961777 0.1137029 0.1253525 0.0595619 0.1654575 0.1766186 0.0392779 0.1668382 0.0469551 0.1102342 0.1167232 0.1672921 0.1200059 0.1200697 0.1080067 0.0446431 0.1164624 0.0365010 0.0926843 0.1270875 0.0523639 0.1704931 0.0528675 0.1012543 0.1204485 0.1616777 0.1498035 0.0289038 0.1256840 0.1135639 0.0472833 0.0572966 0.0952872 0.1158796 0.1214997 0.0955347 0.1647095 0.1500644 0.1189709 0.1716986 0.1206771 0.1134116 0.1033977 0.0952372 0.1212908 0.0913087 0.0950500 0.1054736 0.1041736 0.0683556 0.1705537 0.0740114 0.0641537 0.0880885 0.0415265 0.1504660 0.0994966 0.1105602 0.1101831 0.0998790 0.1296586 0.1874278 0.1119085 0.1647574 0.1454737 0.0976105 0.1135771 0.1416108 0.0897500 0.1664238 0.0912217 0.1084699 0.1132185 0.1662343 0.1086375 0.1141673 0.1493848 0.1135002 0.1130909 0.0916213 0.0361147 0.0646657 0.0741927 0.1697078 0.0631614 0.0399992 0.1365228 0.1700806 0.1614686 0.1143102 0.1552312 0.1088005 0.0921607 0.1151149 0.1137905 0.1106605 0.1195274 0.0960109 0.0552909 0.1055710 0.1044799 0.0463929 0.1163266 0.0940216 0.0518508 0.1354942 0.0910742 0.1128778 0.1401469 0.1064189 0.1016236 0.1226258 0.0502938 0.1178971 0.0705484 0.1089126 0.1092729 0.1070966 0.1144870 0.0810833 0.0971949 0.0975096 0.1594652 0.1009212 0.0968767 0.1270977 0.0905843 
S0292         0.2631672 0.1049644 0.0931612 0.1094267 0.1052349 0.1117186 0.1647641 0.0961777 0.0000000 0.1171964 0.1285063 0.1208207 0.1480086 0.1628702 0.1086434 0.1544423 0.0946239 0.0729646 0.0767027 0.1512158 0.1174301 0.1095110 0.1051338 0.1019156 0.1119565 0.0823203 0.0805152 0.1160242 0.0915260 0.1542664 0.0985207 0.0754969 0.1056096 0.1485983 0.1345414 0.0864030 0.1249939 0.1078014 0.1059379 0.0934837 0.1058356 0.1075875 0.1179411 0.0881789 0.1502540 0.1547490 0.1139188 0.1521554 0.0925192 0.1092969 0.0783933 0.0835218 0.1184740 0.0785175 0.0833454 0.0814113 0.1005893 0.0946723 0.1591533 0.0905198 0.0919864 0.0610923 0.0874328 0.1369938 0.0779190 0.0895616 0.0708930 0.0704218 0.1252974 0.1891520 0.0949071 0.1492069 0.1369415 0.0786469 0.0922563 0.1453588 0.0783785 0.1657109 0.0765089 0.0792320 0.0722884 0.1496243 0.1120684 0.0457772 0.1576583 0.1104586 0.1111321 0.0670008 0.0929821 0.0806050 0.0906546 0.1539228 0.0952954 0.1051907 0.1225489 0.1522186 0.1496667 0.1121816 0.1403166 0.0744503 0.0101791 0.1126467 0.1085752 0.1014149 0.0428925 0.1002081 0.0879455 0.0215257 0.0125716 0.1142707 0.1151667 0.0824236 0.1019418 0.1230666 0.1019918 0.1072070 0.1222164 0.0356542 0.0610746 0.1167482 0.1155227 0.1080584 0.1040331 0.1003002 0.1103887 0.0720063 0.0779824 0.0915187 0.0641042 0.0686103 0.1545968 0.0856030 0.0599434 0.1095729 0.0578077 
S0293         0.3051781 0.0613947 0.1088609 0.1300518 0.1185525 0.0193641 0.1461886 0.1137029 0.1171964 0.0000000 0.0870827 0.1435350 0.1377683 0.1438973 0.1304148 0.1376371 0.1174867 0.1175988 0.1286711 0.1459100 0.1024693 0.0167369 0.0160390 0.1192682 0.0794950 0.1045706 0.0869959 0.1084358 0.1127098 0.1386008 0.1041403 0.1204216 0.0661535 0.1342147 0.1349417 0.0998696 0.0634943 0.0199693 0.1202309 0.1136784 0.1233959 0.0663203 0.0204521 0.0862440 0.1376212 0.1698490 0.0850915 0.1463468 0.1333468 0.0603039 0.1198827 0.0889516 0.0212280 0.0871075 0.0870115 0.1267027 0.0965471 0.1110690 0.1432681 0.1031823 0.1112909 0.0970936 0.0934559 0.1184727 0.1156638 0.1170971 0.1162762 0.1101157 0.1171909 0.1735973 0.1327922 0.1352902 0.1218897 0.1215448 0.1349606 0.1489104 0.0853672 0.1743392 0.1055169 0.1179136 0.1247542 0.1331001 0.0661474 0.1400541 0.1597409 0.0160913 0.0574961 0.0955919 0.1082919 0.0922074 0.1040212 0.1427474 0.1118760 0.1294945 0.1115124 0.1352432 0.1316648 0.0212898 0.1260544 0.1057525 0.0979722 0.0193077 0.0199004 0.0566711 0.1373780 0.0514911 0.0912808 0.1162946 0.1188846 0.1422541 0.0533478 0.0868081 0.1173075 0.1190769 0.1248227 0.0149468 0.1152889 0.1262661 0.1028975 0.0651487 0.1386940 0.0367433 0.1140743 0.0423726 0.0603949 0.1098684 0.1186202 0.1098794 0.1017657 0.1021439 0.1790675 0.0962802 0.1065588 0.1009525 0.0963209 
S0294         0.3095407 0.0848984 0.1150035 0.1470831 0.1358308 0.0804938 0.1830151 0.1253525 0.1285063 0.0870827 0.0000000 0.1455436 0.1663813 0.1912326 0.1422676 0.1692092 0.1316542 0.1407176 0.1469493 0.1732181 0.1128369 0.0843173 0.0740499 0.1395385 0.0976535 0.1263634 0.1067674 0.1082527 0.1399331 0.1784148 0.1286465 0.1398194 0.0918402 0.1787642 0.1578968 0.1152076 0.0917563 0.0786174 0.1379042 0.1256069 0.1418053 0.0845289 0.0817659 0.1078593 0.1713912 0.1704193 0.1066902 0.1747733 0.1559341 0.0820971 0.1394728 0.1101232 0.0816616 0.1069250 0.1071038 0.1417394 0.1197116 0.1341066 0.1850113 0.1225388 0.1342446 0.1237407 0.1126329 0.1582319 0.1395990 0.1466662 0.1408739 0.1395837 0.1487356 0.1869509 0.1426905 0.1754111 0.1664968 0.1335834 0.1528665 0.1550212 0.1060141 0.1764153 0.0991203 0.1416862 0.1430308 0.1767855 0.0868945 0.1523837 0.1675637 0.0784327 0.0885422 0.1209109 0.1318239 0.1127217 0.1204981 0.1728422 0.1375589 0.1363338 0.1508640 0.1775980 0.1705310 0.0809987 0.1609777 0.1317477 0.1180196 0.0797992 0.0749872 0.0858094 0.1475062 0.0756818 0.1195545 0.1303503 0.1318248 0.1489121 0.0852206 0.1081157 0.1359830 0.1522081 0.1360742 0.0791002 0.1504998 0.1383870 0.1262844 0.0865200 0.1456718 0.0775243 0.1316082 0.0775051 0.0898638 0.1363507 0.1457143 0.1240656 0.1269743 0.1263637 0.1878818 0.1193385 0.1274717 0.1130850 0.1210423 
S0299         0.2948082 0.1395780 0.1305253 0.0632469 0.1335270 0.1429861 0.1831836 0.0595619 0.1208207 0.1435350 0.1455436 0.0000000 0.1866125 0.1985158 0.0635261 0.1823326 0.0824143 0.1326025 0.1315890 0.1888304 0.1399394 0.1377858 0.1298672 0.0787726 0.1383791 0.0693112 0.1168535 0.1391438 0.0816493 0.1870057 0.0801297 0.1240844 0.1402005 0.1772542 0.1812865 0.0477853 0.1486383 0.1359743 0.0672443 0.0866167 0.1195190 0.1352109 0.1411927 0.1178328 0.1848735 0.1481192 0.1349871 0.1875632 0.1357797 0.1444798 0.1251199 0.1167430 0.1481363 0.1153298 0.1171052 0.1279541 0.1310032 0.0984678 0.1929943 0.1029597 0.0913560 0.1123609 0.0705219 0.1721592 0.1247853 0.1325361 0.1370077 0.1249564 0.1539862 0.1926666 0.1316130 0.1929363 0.1563894 0.1168947 0.1309450 0.1459815 0.1127288 0.1729697 0.0713665 0.1281293 0.1351699 0.1979633 0.1334836 0.1392512 0.1547185 0.1369829 0.1455528 0.1170375 0.0628141 0.0891814 0.1040100 0.1896093 0.0894953 0.0642788 0.1456920 0.1852547 0.1879895 0.1396847 0.1715554 0.1221876 0.1208056 0.1362583 0.1371086 0.1332504 0.1382804 0.1190623 0.0780662 0.1324713 0.1299383 0.0693835 0.1414940 0.1183448 0.0759133 0.1590660 0.1202817 0.1378990 0.1609809 0.1333852 0.1227538 0.1507775 0.0661515 0.1405774 0.0992606 0.1300706 0.1345374 0.1193714 0.1366925 0.1047704 0.1198927 0.1232799 0.1497696 0.1287419 0.1206410 0.1406966 0.1169109 
S0303         0.3142750 0.1611560 0.1463317 0.1735656 0.1360751 0.1523008 0.0206179 0.1654575 0.1480086 0.1377683 0.1663813 0.1866125 0.0000000 0.0859075 0.1778614 0.0249130 0.1556611 0.1600724 0.1640095 0.0279841 0.1423224 0.1498073 0.1422373 0.1682929 0.1563993 0.1522529 0.1316402 0.1396477 0.1462025 0.0151560 0.1581446 0.1409393 0.1662970 0.0981901 0.0207611 0.1454124 0.1653472 0.1490006 0.1667239 0.1551686 0.1728357 0.1628216 0.1481062 0.1255429 0.0249504 0.2061519 0.1644755 0.0220542 0.1733812 0.1595273 0.1445034 0.1345469 0.1558295 0.1306928 0.1353488 0.1546785 0.1369273 0.1511205 0.0985596 0.1527262 0.1515092 0.1443316 0.1182611 0.0467617 0.1455452 0.1502864 0.1472449 0.1420405 0.1360681 0.2126060 0.1690889 0.0941455 0.0774818 0.1525939 0.1717170 0.1903745 0.1285275 0.2130520 0.1059300 0.1523990 0.1566074 0.0895726 0.1443095 0.1715344 0.2069367 0.1456021 0.1592322 0.1419951 0.1628091 0.1412681 0.1516914 0.0234045 0.1572474 0.1745555 0.0783616 0.0159093 0.0150660 0.1494943 0.0838550 0.1438270 0.1428294 0.1525561 0.1482698 0.1543039 0.1719834 0.1277990 0.1319543 0.1542683 0.1522918 0.1932115 0.1612551 0.1339915 0.1608019 0.1340080 0.1686295 0.1464136 0.1342283 0.1584161 0.1408708 0.1623028 0.1812712 0.1568804 0.1607719 0.1467374 0.1711002 0.1504557 0.1656299 0.1507191 0.1410224 0.1526078 0.2030587 0.1406267 0.1423624 0.1478100 0.1462241 
S0308         0.3423940 0.1607435 0.1639689 0.1832446 0.1435205 0.1621587 0.0950011 0.1766186 0.1628702 0.1438973 0.1912326 0.1985158 0.0859075 0.0000000 0.2040848 0.0853971 0.1757715 0.1758791 0.1775001 0.0927879 0.1460988 0.1614517 0.1536342 0.1740054 0.1693929 0.1652746 0.1528215 0.1552140 0.1419437 0.0830072 0.1658422 0.1473426 0.1714989 0.1030040 0.0747755 0.1580180 0.1724304 0.1623194 0.1798242 0.1689088 0.1800853 0.1709973 0.1458049 0.1372652 0.0821657 0.2297139 0.1769778 0.0934509 0.1801583 0.1624608 0.1536663 0.1562718 0.1575918 0.1485041 0.1551677 0.1718690 0.1504040 0.1557077 0.1076621 0.1639421 0.1598985 0.1573437 0.1287683 0.0802130 0.1520721 0.1574269 0.1589300 0.1524401 0.1330820 0.2385649 0.1740157 0.1032792 0.0851590 0.1586662 0.1743131 0.2142444 0.1487504 0.2391210 0.1011448 0.1604220 0.1577288 0.1008803 0.1558204 0.1902352 0.2284536 0.1579878 0.1598099 0.1673394 0.1755913 0.1563892 0.1641673 0.0867741 0.1592338 0.1911556 0.0860574 0.0846431 0.0873351 0.1600190 0.0875031 0.1481646 0.1607819 0.1635747 0.1546862 0.1412958 0.1858311 0.1395370 0.1543167 0.1731078 0.1722763 0.2090026 0.1606695 0.1519248 0.1802742 0.1307324 0.1793507 0.1521843 0.1305873 0.1842940 0.1592953 0.1680822 0.1967554 0.1659085 0.1619361 0.1532744 0.1723711 0.1524572 0.1762735 0.1674268 0.1518617 0.1676867 0.2086790 0.1510470 0.1562966 0.1567971 0.1604272 
S0320         0.2907473 0.1279668 0.1182376 0.0515380 0.1234649 0.1341935 0.1851657 0.0392779 0.1086434 0.1304148 0.1422676 0.0635261 0.1778614 0.2040848 0.0000000 0.1777503 0.0598003 0.1258791 0.1325599 0.1832122 0.1326187 0.1322720 0.1202887 0.0574533 0.1324303 0.0466773 0.1054272 0.1378223 0.0606728 0.1837799 0.0624981 0.1174346 0.1366992 0.1760186 0.1654056 0.0367888 0.1499788 0.1260474 0.0559380 0.0686785 0.1041085 0.1282600 0.1378890 0.1062524 0.1787350 0.1552419 0.1307995 0.1826340 0.1310644 0.1375212 0.1216376 0.1094981 0.1382217 0.1048608 0.1078247 0.1233634 0.1157752 0.0751869 0.1850411 0.0856898 0.0695817 0.0995002 0.0547993 0.1631973 0.1159784 0.1265486 0.1269077 0.1135921 0.1486173 0.1963653 0.1172828 0.1798360 0.1548836 0.1150640 0.1342790 0.1503193 0.1023859 0.1691066 0.1087051 0.1260456 0.1251353 0.1824077 0.1245838 0.1204080 0.1601562 0.1290164 0.1331419 0.1091821 0.0486020 0.0734861 0.0866158 0.1853986 0.0718516 0.0462880 0.1459884 0.1843528 0.1771913 0.1266666 0.1666526 0.1179878 0.1002849 0.1306380 0.1279974 0.1257843 0.1288681 0.1163184 0.0635113 0.1154458 0.1156363 0.0418083 0.1300018 0.1067944 0.0558316 0.1537387 0.0989997 0.1271696 0.1574928 0.1201068 0.1151021 0.1446697 0.0537871 0.1268545 0.0747317 0.1207275 0.1218498 0.1209459 0.1324321 0.0932764 0.1123419 0.1046270 0.1588090 0.1155621 0.1109189 0.1403852 0.1013404 
S0322         0.3197280 0.1597075 0.1472691 0.1773290 0.1390933 0.1559709 0.0237164 0.1668382 0.1544423 0.1376371 0.1692092 0.1823326 0.0249130 0.0853971 0.1777503 0.0000000 0.1596929 0.1623618 0.1576856 0.0281735 0.1342834 0.1527470 0.1461702 0.1695723 0.1569979 0.1522741 0.1323296 0.1416074 0.1449329 0.0204881 0.1537030 0.1422884 0.1664782 0.0900911 0.0295189 0.1406751 0.1647530 0.1515329 0.1647005 0.1565029 0.1718563 0.1668735 0.1457281 0.1243512 0.0194156 0.2048368 0.1614263 0.0259142 0.1764013 0.1609784 0.1504363 0.1353299 0.1586122 0.1284147 0.1350490 0.1634475 0.1336939 0.1478854 0.0914107 0.1504023 0.1425104 0.1450753 0.1178830 0.0469743 0.1471274 0.1564554 0.1504596 0.1441029 0.1345048 0.2099915 0.1704788 0.0843802 0.0692811 0.1519303 0.1712161 0.1907683 0.1279244 0.2146210 0.1021314 0.1595793 0.1535977 0.0853124 0.1443234 0.1804722 0.2058459 0.1474363 0.1597687 0.1454046 0.1613117 0.1394903 0.1498397 0.0271142 0.1502097 0.1764068 0.0722402 0.0206911 0.0216712 0.1507283 0.0744434 0.1404123 0.1515447 0.1538651 0.1483104 0.1474159 0.1774274 0.1286169 0.1330127 0.1614651 0.1570852 0.1893880 0.1614380 0.1322281 0.1599305 0.1295444 0.1615964 0.1479805 0.1294689 0.1685078 0.1512008 0.1653060 0.1803439 0.1592726 0.1535070 0.1481488 0.1677425 0.1450012 0.1710568 0.1545733 0.1418228 0.1533795 0.1954020 0.1406208 0.1500710 0.1459623 0.1460233 
S0327         0.2688230 0.1221844 0.0975387 0.0580498 0.1109535 0.1216921 0.1682208 0.0469551 0.0946239 0.1174867 0.1316542 0.0824143 0.1556611 0.1757715 0.0598003 0.1596929 0.0000000 0.1038855 0.1105249 0.1615737 0.1209253 0.1212975 0.1123441 0.0498268 0.1167619 0.0369889 0.0870318 0.1237464 0.0395862 0.1620507 0.0458307 0.1028834 0.1197994 0.1627709 0.1411725 0.0378854 0.1306487 0.1157049 0.0569467 0.0527118 0.0971674 0.1176531 0.1233725 0.0906605 0.1605627 0.1486215 0.1178134 0.1674997 0.1089449 0.1227559 0.0996081 0.0907679 0.1225730 0.0884532 0.0912866 0.1072960 0.1001770 0.0596065 0.1760903 0.0764442 0.0585942 0.0842877 0.0433085 0.1427209 0.1018567 0.1093891 0.1092009 0.1005803 0.1286728 0.1879058 0.1074514 0.1680094 0.1409294 0.0996478 0.1125327 0.1450610 0.0848803 0.1664028 0.0853293 0.1067659 0.1065840 0.1661691 0.1221466 0.1079885 0.1501748 0.1167666 0.1191470 0.0874315 0.0374470 0.0672783 0.0760080 0.1611813 0.0552943 0.0513839 0.1357420 0.1633110 0.1573147 0.1156728 0.1574362 0.1064587 0.0914292 0.1182998 0.1122717 0.1160119 0.1138135 0.1071533 0.0557150 0.1028244 0.1012495 0.0666499 0.1196419 0.0903019 0.0550984 0.1344656 0.0925930 0.1157660 0.1390246 0.1051498 0.0939307 0.1306839 0.0609343 0.1230057 0.0653163 0.1103561 0.1126447 0.1024411 0.1190069 0.0805826 0.0870551 0.0886062 0.1681730 0.0931283 0.0893163 0.1191445 0.0818872 
S0335         0.2805817 0.1179802 0.1038312 0.1214241 0.1085846 0.1196624 0.1755407 0.1102342 0.0729646 0.1175988 0.1407176 0.1326025 0.1600724 0.1758791 0.1258791 0.1623618 0.1038855 0.0000000 0.0710022 0.1666743 0.1145931 0.1204954 0.1120873 0.1079121 0.1240151 0.0979836 0.0907113 0.1162354 0.1041981 0.1663286 0.1054524 0.0817575 0.1154594 0.1651780 0.1427348 0.1001462 0.1295861 0.1194738 0.1166178 0.1049461 0.1292789 0.1158966 0.1229475 0.0929336 0.1633458 0.1682100 0.1162954 0.1662910 0.1008382 0.1118763 0.0777980 0.0951661 0.1250838 0.0914693 0.0950109 0.0830854 0.1024594 0.1106259 0.1671245 0.1026127 0.1055678 0.0673915 0.0907262 0.1471134 0.0789853 0.0854506 0.0839186 0.0826433 0.1359516 0.1984088 0.1120633 0.1591134 0.1394105 0.0841731 0.0960474 0.1608514 0.0882576 0.1773271 0.0802636 0.0767372 0.0630533 0.1565955 0.1189884 0.0960252 0.1699453 0.1159164 0.1215489 0.0665563 0.1006673 0.0940294 0.1035363 0.1642179 0.1119565 0.1178405 0.1354107 0.1626656 0.1645411 0.1190401 0.1466974 0.0517343 0.0704372 0.1196417 0.1163077 0.1100054 0.0985988 0.1063845 0.0986155 0.0821703 0.0812632 0.1319924 0.1180713 0.0933326 0.1071119 0.1354843 0.1227353 0.1177766 0.1354037 0.0893674 0.0657453 0.1258260 0.1262986 0.1181123 0.1094083 0.1100682 0.1156219 0.0532282 0.0427158 0.1067795 0.0677446 0.0748701 0.1577716 0.0946156 0.0664748 0.1086324 0.0693429 
S0345         0.2946644 0.1263341 0.1135517 0.1276991 0.1249609 0.1294760 0.1622609 0.1167232 0.0767027 0.1286711 0.1469493 0.1315890 0.1640095 0.1775001 0.1325599 0.1576856 0.1105249 0.0710022 0.0000000 0.1669469 0.1280686 0.1314847 0.1217184 0.1136858 0.1318831 0.1043743 0.0932238 0.1212736 0.1137195 0.1639155 0.1154149 0.0903223 0.1218531 0.1755421 0.1509392 0.0955235 0.1390390 0.1254025 0.1167769 0.1017908 0.1299004 0.1309861 0.1298533 0.0921786 0.1616532 0.1707511 0.1314435 0.1664106 0.1057106 0.1253943 0.0877190 0.0973647 0.1335419 0.0904316 0.0953532 0.0927527 0.1097376 0.1041178 0.1795487 0.0995820 0.1005276 0.0811822 0.1014712 0.1423945 0.0885294 0.0983500 0.0830637 0.0848461 0.1329143 0.1931072 0.1218332 0.1657222 0.1489531 0.0936362 0.1096050 0.1581379 0.0883937 0.1772505 0.0877050 0.0873398 0.0714060 0.1630231 0.1336877 0.1073744 0.1716643 0.1218760 0.1382918 0.0826823 0.1138220 0.0886618 0.1006267 0.1766419 0.1097151 0.1247389 0.1429040 0.1647728 0.1693569 0.1249867 0.1551396 0.0476490 0.0807280 0.1236340 0.1234818 0.1260083 0.1067994 0.1065970 0.1036688 0.0925674 0.0884623 0.1414463 0.1290983 0.0939522 0.1156265 0.1322908 0.1111891 0.1253150 0.1433460 0.0954168 0.0737528 0.1359984 0.1289923 0.1245437 0.1101059 0.1192706 0.1230807 0.0484550 0.0837555 0.1064715 0.0854785 0.0868082 0.1770300 0.1022881 0.0711665 0.1235527 0.0772205 
S0355         0.3347436 0.1594079 0.1527822 0.1793348 0.1385620 0.1578064 0.0317330 0.1672921 0.1512158 0.1459100 0.1732181 0.1888304 0.0279841 0.0927879 0.1832122 0.0281735 0.1615737 0.1666743 0.1669469 0.0000000 0.1389030 0.1561047 0.1470545 0.1720334 0.1637872 0.1524405 0.1365672 0.1405094 0.1472939 0.0243488 0.1506408 0.1451214 0.1736862 0.0960660 0.0254192 0.1437069 0.1678578 0.1533231 0.1707911 0.1619946 0.1797690 0.1720839 0.1516762 0.1279837 0.0204775 0.2052658 0.1661953 0.0294914 0.1775777 0.1603842 0.1495370 0.1396227 0.1596560 0.1341559 0.1393308 0.1623843 0.1375564 0.1569759 0.0948871 0.1595482 0.1505601 0.1452123 0.1200018 0.0477422 0.1455804 0.1590252 0.1490842 0.1433226 0.1356079 0.2111898 0.1720667 0.0871444 0.0759228 0.1491491 0.1684258 0.1915775 0.1321111 0.2178059 0.1126971 0.1588539 0.1577817 0.0897632 0.1482023 0.1811440 0.2020821 0.1480246 0.1582733 0.1498998 0.1632071 0.1471684 0.1589803 0.0283265 0.1506021 0.1750662 0.0746916 0.0240743 0.0233746 0.1533532 0.0796391 0.1516031 0.1499818 0.1544833 0.1507600 0.1502802 0.1763313 0.1342234 0.1344431 0.1622426 0.1572670 0.1940655 0.1633308 0.1380312 0.1633878 0.1291398 0.1729829 0.1505921 0.1293236 0.1651900 0.1522561 0.1655433 0.1846617 0.1606903 0.1568479 0.1466528 0.1686490 0.1535346 0.1752579 0.1584959 0.1440815 0.1527632 0.2040449 0.1452348 0.1526583 0.1477208 0.1485193 
S0376         0.3034992 0.1063341 0.1189781 0.1324690 0.1220323 0.1015088 0.1393737 0.1200059 0.1174301 0.1024693 0.1128369 0.1399394 0.1423224 0.1460988 0.1326187 0.1342834 0.1209253 0.1145931 0.1280686 0.1389030 0.0000000 0.1043960 0.0967821 0.1191974 0.1146424 0.1092288 0.1002301 0.0487898 0.1177608 0.1404645 0.1145733 0.1162240 0.1182439 0.1370798 0.1291861 0.1030211 0.1086687 0.0998007 0.1240298 0.1132789 0.1353795 0.1130269 0.1004360 0.0979204 0.1359252 0.1674757 0.1198496 0.1373145 0.1273754 0.1008073 0.1199527 0.1034913 0.1070808 0.1010166 0.1002466 0.1269086 0.1047915 0.1170553 0.1476411 0.1097504 0.1047120 0.1102970 0.1003144 0.1237314 0.1172820 0.1260650 0.1215651 0.1190084 0.1230430 0.1739535 0.1209604 0.1371364 0.1165719 0.1190654 0.1333827 0.1525259 0.0972645 0.1742099 0.0752093 0.1234238 0.1263815 0.1408640 0.1016275 0.1393322 0.1719360 0.1000740 0.1066840 0.1099404 0.1164319 0.1017272 0.1092357 0.1385023 0.1112904 0.1287320 0.1163694 0.1360438 0.1347210 0.0964999 0.1203544 0.1152758 0.1122217 0.1036431 0.0972106 0.1029473 0.1373787 0.0834234 0.1053149 0.1261413 0.1267987 0.1356284 0.1066727 0.1015069 0.1191086 0.1268957 0.1236033 0.0969769 0.1220214 0.1344678 0.1176751 0.1002100 0.1268538 0.1029446 0.1133579 0.0935303 0.1067055 0.1168852 0.1282314 0.1115318 0.1086589 0.1154964 0.1690443 0.1033568 0.1185319 0.0509547 0.1119295 
S0400         0.3164041 0.0641297 0.1118381 0.1341565 0.1167028 0.0172593 0.1585501 0.1200697 0.1095110 0.0167369 0.0843173 0.1377858 0.1498073 0.1614517 0.1322720 0.1527470 0.1212975 0.1204954 0.1314847 0.1561047 0.1043960 0.0000000 0.0151288 0.1216603 0.0870470 0.1112062 0.0893564 0.1079453 0.1172046 0.1530483 0.1107444 0.1165890 0.0714521 0.1445147 0.1360529 0.1046821 0.0603058 0.0194217 0.1263076 0.1143478 0.1336401 0.0715057 0.0175666 0.0943055 0.1497209 0.1697981 0.0815169 0.1496795 0.1367635 0.0552148 0.1179277 0.0904336 0.0198725 0.0888029 0.0889985 0.1202478 0.1047811 0.1163669 0.1574621 0.1082053 0.1155022 0.1042743 0.0974897 0.1326323 0.1172902 0.1217294 0.1201632 0.1135128 0.1311808 0.1836104 0.1270196 0.1439108 0.1346993 0.1149651 0.1303104 0.1506794 0.0873734 0.1774477 0.1020607 0.1167505 0.1214902 0.1465117 0.0678207 0.1315172 0.1650319 0.0151502 0.0566961 0.0969378 0.1150720 0.0980340 0.1061477 0.1494075 0.1170003 0.1281280 0.1248034 0.1487011 0.1473847 0.0199176 0.1322471 0.1066613 0.0967910 0.0182824 0.0188598 0.0602744 0.1274662 0.0522360 0.1052271 0.1131365 0.1129843 0.1397641 0.0559056 0.0906593 0.1252754 0.1311223 0.1302660 0.0152639 0.1302935 0.1156671 0.1040401 0.0635446 0.1392409 0.0374175 0.1188525 0.0437732 0.0695378 0.1107736 0.1220013 0.1149585 0.1082085 0.1103719 0.1674081 0.1033922 0.1048859 0.0998074 0.1004999 
S0405         0.2981257 0.0580973 0.0997908 0.1230049 0.1103661 0.0130715 0.1540528 0.1080067 0.1051338 0.0160390 0.0740499 0.1298672 0.1422373 0.1536342 0.1202887 0.1461702 0.1123441 0.1120873 0.1217184 0.1470545 0.0967821 0.0151288 0.0000000 0.1126648 0.0787643 0.1019175 0.0816292 0.0987428 0.1070080 0.1492657 0.1023310 0.1083883 0.0680935 0.1412256 0.1312179 0.0946037 0.0536693 0.0099978 0.1163782 0.1021308 0.1250549 0.0642175 0.0148280 0.0823498 0.1423991 0.1607751 0.0793365 0.1453112 0.1286482 0.0481259 0.1095736 0.0846143 0.0151224 0.0810810 0.0825377 0.1162859 0.0936012 0.1041423 0.1534156 0.1004235 0.1019808 0.0956365 0.0894315 0.1242483 0.1087024 0.1134166 0.1113516 0.1058763 0.1239277 0.1752813 0.1197625 0.1374608 0.1280960 0.1096118 0.1231690 0.1443288 0.0809664 0.1686282 0.0996843 0.1108852 0.1148984 0.1400113 0.0590229 0.1280933 0.1565882 0.0110076 0.0512157 0.0931569 0.1041729 0.0910426 0.0984522 0.1449976 0.1061184 0.1166364 0.1187641 0.1441138 0.1417944 0.0115051 0.1290054 0.0998990 0.0930725 0.0140880 0.0110054 0.0535025 0.1250764 0.0431889 0.0946896 0.1107024 0.1113044 0.1282149 0.0497844 0.0829039 0.1150313 0.1251951 0.1184889 0.0121259 0.1218483 0.1130690 0.0981717 0.0560825 0.1303266 0.0312171 0.1065156 0.0350517 0.0610565 0.1046072 0.1182665 0.1063511 0.0991281 0.0989924 0.1629132 0.0942001 0.0989948 0.0960094 0.0917154 
S0407sl       0.2693344 0.1270019 0.1064921 0.0571534 0.1136992 0.1221287 0.1781874 0.0446431 0.1019156 0.1192682 0.1395385 0.0787726 0.1682929 0.1740054 0.0574533 0.1695723 0.0498268 0.1079121 0.1136858 0.1720334 0.1191974 0.1216603 0.1126648 0.0000000 0.1207937 0.0363600 0.0917525 0.1182576 0.0486627 0.1672219 0.0589781 0.1118011 0.1253537 0.1640257 0.1483594 0.0330730 0.1401123 0.1187962 0.0527816 0.0544993 0.0978255 0.1202626 0.1245553 0.0894049 0.1666200 0.1506079 0.1217065 0.1711012 0.1188026 0.1244080 0.1090125 0.0944744 0.1248083 0.0918643 0.0928964 0.1072213 0.1033759 0.0660223 0.1733150 0.0786487 0.0591601 0.0881938 0.0419751 0.1494878 0.1033597 0.1069081 0.1181022 0.1034063 0.1254858 0.1870935 0.1144145 0.1633604 0.1426619 0.1049147 0.1229336 0.1438780 0.0876012 0.1656813 0.0718491 0.1035474 0.1149563 0.1643055 0.1291055 0.1160557 0.1528506 0.1188156 0.1218178 0.0913569 0.0393892 0.0683497 0.0795978 0.1693294 0.0615042 0.0578913 0.1402541 0.1651465 0.1596568 0.1158396 0.1550328 0.1106930 0.0930906 0.1215322 0.1179127 0.1218159 0.1208360 0.1098552 0.0515835 0.1095921 0.1064425 0.0574417 0.1223389 0.0915616 0.0322754 0.1269480 0.1042706 0.1141290 0.1331770 0.1109608 0.0991468 0.1317887 0.0601480 0.1219376 0.0642061 0.1165156 0.1109115 0.1036655 0.1206257 0.0853470 0.0906648 0.0950244 0.1746451 0.0956281 0.0984569 0.1235487 0.0839448 
S0412sl       0.3028272 0.0780424 0.1040386 0.1282934 0.1208671 0.0839820 0.1722050 0.1164624 0.1119565 0.0794950 0.0976535 0.1383791 0.1563993 0.1693929 0.1324303 0.1569979 0.1167619 0.1240151 0.1318831 0.1637872 0.1146424 0.0870470 0.0787643 0.1207937 0.0000000 0.1072512 0.0850907 0.1125588 0.1179832 0.1619135 0.1133544 0.1156471 0.0705885 0.1551973 0.1505625 0.1069839 0.0855609 0.0838646 0.1231755 0.1117994 0.1323984 0.0737148 0.0864380 0.0900634 0.1546888 0.1636084 0.0483189 0.1652890 0.1393013 0.0867182 0.1190483 0.0888007 0.0815176 0.0850096 0.0870533 0.1271535 0.1035093 0.1072994 0.1698932 0.1050791 0.1097046 0.1009833 0.1008046 0.1405330 0.1161299 0.1250991 0.1220969 0.1140965 0.1355242 0.1887460 0.1190100 0.1593975 0.1343710 0.1161687 0.1308111 0.1510922 0.0823046 0.1729849 0.0898445 0.1186687 0.1191274 0.1587641 0.0810699 0.1389743 0.1631418 0.0795660 0.0861685 0.1029453 0.1145856 0.0935342 0.1052298 0.1582643 0.1069091 0.1259912 0.1211799 0.1601859 0.1574273 0.0837424 0.1468210 0.1143553 0.0951790 0.0821911 0.0753349 0.0775530 0.1251926 0.0668746 0.1059002 0.1177396 0.1168942 0.1393901 0.0877571 0.0883462 0.1183200 0.1340837 0.1180497 0.0780459 0.1386117 0.1241609 0.1054845 0.0890524 0.1296072 0.0875323 0.1147295 0.0759486 0.0769791 0.1152466 0.1308891 0.1101514 0.1088653 0.1074614 0.1689516 0.0942624 0.1088476 0.1077858 0.0986115 
S0417         0.2701843 0.1087938 0.0924943 0.0465505 0.1000979 0.1111938 0.1603692 0.0365010 0.0823203 0.1045706 0.1263634 0.0693112 0.1522529 0.1652746 0.0466773 0.1522741 0.0369889 0.0979836 0.1043743 0.1524405 0.1092288 0.1112062 0.1019175 0.0363600 0.1072512 0.0000000 0.0795749 0.1109184 0.0389959 0.1563489 0.0384354 0.0968583 0.1083063 0.1473298 0.1345951 0.0276693 0.1252700 0.1077610 0.0457788 0.0486310 0.0867111 0.1036453 0.1107859 0.0813967 0.1508449 0.1460904 0.1069904 0.1575818 0.0996589 0.1104566 0.0949801 0.0824503 0.1117677 0.0796737 0.0817389 0.0991734 0.0897247 0.0556675 0.1624590 0.0659804 0.0511208 0.0746394 0.0329111 0.1373044 0.0929804 0.1017858 0.1035953 0.0922819 0.1206235 0.1843356 0.0969324 0.1510163 0.1252078 0.0974516 0.1114204 0.1390479 0.0768112 0.1581670 0.0770554 0.0950462 0.1014636 0.1508801 0.1089124 0.1026251 0.1449884 0.1060248 0.1067004 0.0827099 0.0302457 0.0580175 0.0667571 0.1528408 0.0490265 0.0467728 0.1229827 0.1541711 0.1489342 0.1050192 0.1438379 0.0990920 0.0779273 0.1089101 0.1052801 0.1028082 0.1013067 0.0929482 0.0465151 0.0958155 0.0906959 0.0520812 0.1084683 0.0815038 0.0419403 0.1241142 0.0842948 0.1050201 0.1262747 0.0981023 0.0879946 0.1202435 0.0526333 0.1114720 0.0594657 0.0991669 0.0969633 0.0980969 0.1085124 0.0725045 0.0845589 0.0806331 0.1517698 0.0841681 0.0868130 0.1106756 0.0741562 
S0419         0.2860018 0.0837091 0.0505715 0.1048661 0.0666308 0.0865407 0.1399919 0.0926843 0.0805152 0.0869959 0.1067674 0.1168535 0.1316402 0.1528215 0.1054272 0.1323296 0.0870318 0.0907113 0.0932238 0.1365672 0.1002301 0.0893564 0.0816292 0.0917525 0.0850907 0.0795749 0.0000000 0.0972494 0.0866850 0.1356477 0.0854378 0.0821522 0.0889336 0.1262453 0.1219241 0.0813487 0.1024538 0.0841938 0.0998080 0.0843823 0.1004529 0.0906061 0.0881962 0.0376211 0.1301086 0.1490172 0.0938002 0.1356608 0.1008032 0.0942861 0.0865607 0.0059190 0.0884069 0.0064274 0.0074268 0.0912828 0.0479879 0.0826937 0.1382569 0.0760185 0.0821143 0.0738992 0.0754877 0.1141184 0.0812649 0.0883231 0.0878021 0.0793491 0.0777620 0.1821671 0.0960276 0.1356320 0.1164064 0.0813599 0.0940967 0.1415995 0.0064335 0.1669625 0.0693881 0.0858516 0.0895556 0.1331345 0.0869249 0.0979312 0.1508102 0.0819746 0.0954907 0.0716763 0.0877773 0.0679531 0.0755041 0.1333101 0.0820131 0.0981548 0.1030928 0.1323907 0.1287262 0.0817725 0.1246849 0.0836513 0.0773481 0.0846799 0.0839444 0.0876197 0.0939701 0.0726778 0.0779636 0.0879246 0.0874600 0.1144724 0.0916944 0.0079199 0.0922187 0.0797553 0.0901548 0.0789233 0.0836631 0.0925088 0.0744082 0.0979205 0.1043305 0.0945839 0.0885842 0.0794113 0.0912848 0.0788605 0.1014635 0.0743128 0.0732879 0.0793531 0.1343325 0.0485943 0.0729971 0.0969791 0.0713402 
S0427         0.3087722 0.1102484 0.1157664 0.1367731 0.1166444 0.1047921 0.1442842 0.1270875 0.1160242 0.1084358 0.1082527 0.1391438 0.1396477 0.1552140 0.1378223 0.1416074 0.1237464 0.1162354 0.1212736 0.1405094 0.0487898 0.1079453 0.0987428 0.1182576 0.1125588 0.1109184 0.0972494 0.0000000 0.1192336 0.1463614 0.1184949 0.1193278 0.1146186 0.1460591 0.1237991 0.1087102 0.1071743 0.1028761 0.1281632 0.1123274 0.1401642 0.1135154 0.1047220 0.0980971 0.1381645 0.1682587 0.1184109 0.1412250 0.1279887 0.1037803 0.1220879 0.0989590 0.1082153 0.0988376 0.0996576 0.1289688 0.1095528 0.1219701 0.1568992 0.1134803 0.1150994 0.1066251 0.1009509 0.1305921 0.1214283 0.1337003 0.1232467 0.1203183 0.1252209 0.1867230 0.1232880 0.1436230 0.1287227 0.1227403 0.1373455 0.1631195 0.0966995 0.1851364 0.0777460 0.1268321 0.1250208 0.1449140 0.0980254 0.1358617 0.1785619 0.1012409 0.1045156 0.1050055 0.1217440 0.1053667 0.1143798 0.1375621 0.1188488 0.1371748 0.1238877 0.1446700 0.1395972 0.1034502 0.1361355 0.1121844 0.1111044 0.1034672 0.0996777 0.1023019 0.1381709 0.0828521 0.1055170 0.1225831 0.1270672 0.1467022 0.1045219 0.0993290 0.1197998 0.1273362 0.1283651 0.1024811 0.1255999 0.1334226 0.1165689 0.1069938 0.1299756 0.1040354 0.1234778 0.0951487 0.1151374 0.1117106 0.1290929 0.1122957 0.1117427 0.1168943 0.1670107 0.1101819 0.1163403 0.0497524 0.1103216 
S0428sl       0.2671119 0.1226015 0.1016080 0.0576833 0.1138126 0.1158347 0.1467242 0.0523639 0.0915260 0.1127098 0.1399331 0.0816493 0.1462025 0.1419437 0.0606728 0.1449329 0.0395862 0.1041981 0.1137195 0.1472939 0.1177608 0.1172046 0.1070080 0.0486627 0.1179832 0.0389959 0.0866850 0.1192336 0.0000000 0.1436419 0.0448310 0.1140029 0.1204434 0.1452186 0.1446427 0.0344955 0.1346715 0.1131329 0.0434763 0.0477371 0.0940196 0.1174969 0.1159270 0.0776786 0.1441429 0.1392502 0.1207856 0.1477095 0.1076592 0.1254323 0.1122240 0.0861619 0.1222574 0.0868112 0.0887410 0.1112796 0.0909695 0.0519920 0.1404246 0.0771186 0.0516900 0.0837550 0.0331784 0.1236365 0.1081102 0.1131883 0.1110302 0.1003418 0.1097425 0.1759696 0.1055891 0.1336160 0.1247474 0.1048091 0.1207947 0.1397762 0.0819021 0.1589409 0.0881121 0.1029073 0.1025717 0.1343513 0.1272914 0.1120710 0.1453161 0.1131803 0.1157232 0.0839824 0.0355940 0.0656798 0.0781127 0.1487603 0.0493908 0.0487103 0.1210040 0.1431561 0.1483682 0.1106088 0.1253365 0.1008078 0.0889151 0.1139264 0.1154600 0.1200386 0.1119320 0.1061136 0.0506688 0.1022770 0.0995531 0.0649426 0.1206541 0.0864751 0.0565483 0.1127477 0.0921287 0.1108199 0.1224834 0.1010241 0.0888221 0.1361148 0.0585944 0.1204567 0.0580531 0.1091568 0.1071486 0.0981395 0.1153930 0.0842982 0.0885204 0.0896333 0.1694659 0.0897610 0.0877143 0.1280985 0.0847982 
