84
S0055       0.0000000 0.0938187 0.0500436 0.1007810 0.1228662 0.1527413 0.0564899 0.1234420 0.0956394 0.0723104 0.0501368 0.0760887 0.0833604 0.0947312 0.0933870 0.0889607 0.0655611 0.0939106 0.0429740 0.0379923 0.1011647 0.0946820 0.1419284 0.0822039 0.0826187 0.0758785 0.0451476 0.0991645 0.1094174 0.1240483 0.1125133 0.1184257 0.0723782 0.1095791 0.1129915 0.1121346 0.0925884 0.0871239 0.1239652 0.0836358 0.1141582 0.0665335 0.0452463 0.0646056 0.0950270 0.0847061 0.1178510 0.0983943 0.1119736 0.0656002 0.0883276 0.0549366 0.0606418 0.0611961 0.1392533 0.0536214 0.1210374 0.1147175 0.1245563 0.0650548 0.0875833 0.1302135 0.0881106 0.1024666 0.0452463 0.1066797 0.1125678 0.0656185 0.0876091 0.1112094 0.0815569 0.1155953 0.0702820 0.0612046 0.0950899 0.1119012 0.0962437 0.0929433 0.1124559 0.1102656 0.0994754 0.0661950 0.0724285 0.0890368 
S0278       0.0938187 0.0000000 0.0758786 0.0984758 0.0312853 0.1186618 0.0790773 0.0823648 0.0880156 0.0993844 0.0760296 0.0880431 0.0948515 0.1119498 0.0832023 0.1004274 0.0928344 0.0265845 0.0528933 0.0702693 0.0877791 0.0885885 0.1826007 0.0985999 0.0819594 0.0985921 0.0759774 0.1103690 0.0921791 0.0486188 0.0617158 0.0958654 0.1014622 0.0991972 0.0992050 0.0811923 0.0760895 0.0708586 0.1073235 0.0787916 0.0873340 0.0930626 0.0707417 0.0862571 0.0315069 0.0368773 0.0411715 0.0129889 0.0822466 0.0929049 0.0708452 0.0811450 0.0876139 0.1140360 0.1067594 0.0582289 0.0895460 0.0892811 0.0511753 0.0922022 0.0868501 0.0369677 0.0926548 0.0570854 0.0707417 0.0932512 0.0984370 0.0659731 0.0988368 0.0410218 0.1101927 0.0264944 0.0924924 0.0707216 0.0770196 0.1051243 0.0418052 0.0989693 0.0719558 0.1069469 0.0767767 0.0606702 0.1051770 0.0511409 
S0282       0.0500436 0.0758786 0.0000000 0.0832490 0.0908362 0.1224817 0.0093691 0.1035880 0.0558779 0.0451549 0.0084046 0.0306134 0.0709131 0.0652631 0.0755435 0.0560285 0.0495655 0.0759454 0.0088698 0.0044686 0.0708944 0.0818187 0.1105503 0.0650663 0.0754682 0.0396414 0.0083993 0.0913735 0.0854204 0.0605344 0.0781943 0.1042690 0.0633299 0.0857426 0.0763418 0.0920365 0.0749233 0.0697783 0.1040095 0.0455840 0.1077014 0.0599984 0.0041735 0.0300578 0.0820603 0.0617740 0.0861166 0.0803414 0.0927733 0.0215628 0.0500242 0.0126607 0.0171758 0.0876309 0.1164471 0.0325948 0.0992807 0.0880068 0.0920011 0.0347443 0.0592283 0.0948152 0.0694072 0.0835275 0.0041735 0.0915619 0.0864633 0.0304897 0.0496500 0.0921612 0.0352880 0.0845869 0.0303015 0.0307916 0.0605809 0.0818140 0.0777538 0.0701714 0.0876860 0.0979367 0.0697805 0.0307314 0.0405356 0.0551692 
S0288       0.1007810 0.0984758 0.0832490 0.0000000 0.1325232 0.1266978 0.0836625 0.1091394 0.1158854 0.0925834 0.0761419 0.1152878 0.1254298 0.1166636 0.1070898 0.0932072 0.0983047 0.1153751 0.0660568 0.0754761 0.1173750 0.0172584 0.1426891 0.1221123 0.0172235 0.1068236 0.0904870 0.1301185 0.1136322 0.0737840 0.0847456 0.1241798 0.0897193 0.1050729 0.1291741 0.1151030 0.1136441 0.1059918 0.1131665 0.0870172 0.1212342 0.1157524 0.0832490 0.0971058 0.1087272 0.0809160 0.1171370 0.1142490 0.1261870 0.1143393 0.0996528 0.0834956 0.1069526 0.1370069 0.1536615 0.0798498 0.1177683 0.1095151 0.1317207 0.1053590 0.0853578 0.1210650 0.1013281 0.0882016 0.0832490 0.1361946 0.1300029 0.0837239 0.1154378 0.1247605 0.1312062 0.1141423 0.0983163 0.0843582 0.1091647 0.1432045 0.0727682 0.1054024 0.1009121 0.1314186 0.1080204 0.0839602 0.0837017 0.0862655 
S0289       0.1228662 0.0312853 0.0908362 0.1325232 0.0000000 0.1235753 0.0905785 0.1160037 0.1035308 0.1041467 0.0910207 0.1090078 0.1127138 0.1283001 0.1116088 0.1185262 0.1215225 0.0503827 0.0525403 0.0924428 0.0818994 0.1173546 0.2055449 0.1277675 0.1098884 0.1143252 0.0909583 0.1228560 0.1320325 0.0602265 0.0904413 0.1256714 0.1112416 0.1285561 0.1039581 0.1161287 0.0926162 0.0860372 0.1379295 0.0997751 0.1269905 0.1218500 0.0855786 0.1014468 0.0355835 0.0620249 0.0545674 0.0353727 0.1215643 0.1084687 0.0754185 0.0962424 0.1030665 0.1387488 0.1230653 0.0800899 0.1111173 0.0940541 0.0542846 0.1076335 0.0914947 0.0240520 0.0917551 0.0837779 0.0855786 0.0979645 0.1141382 0.0807612 0.1146102 0.0450339 0.1262577 0.0494275 0.1079730 0.0752876 0.0816690 0.1211471 0.0571178 0.1167696 0.0993749 0.1232709 0.0702267 0.0752781 0.1212095 0.0656115 
S0292       0.1527413 0.1186618 0.1224817 0.1266978 0.1235753 0.0000000 0.1266875 0.1517300 0.1234462 0.1121245 0.1108137 0.1494593 0.1817687 0.1437197 0.1256925 0.1522299 0.1448679 0.1182147 0.0865824 0.1015781 0.1207360 0.1384012 0.2156452 0.1585989 0.1383951 0.1370216 0.1226656 0.1506119 0.1844517 0.0952461 0.1122492 0.1383926 0.1297657 0.1379477 0.1199145 0.1549704 0.1251656 0.1308556 0.1588700 0.1215374 0.2003880 0.1577794 0.1166971 0.1283766 0.1128918 0.0970974 0.1070765 0.1233366 0.1599044 0.1423882 0.1041709 0.1227993 0.1364580 0.1555123 0.0784347 0.0999463 0.0452707 0.0265281 0.1479398 0.1218953 0.1311555 0.1290874 0.1259784 0.1216557 0.1166971 0.1193935 0.0701680 0.1115353 0.1371084 0.1441539 0.1560899 0.1162462 0.1233980 0.1300593 0.1113175 0.1503501 0.1091437 0.1437624 0.1283502 0.1467429 0.1185254 0.0930235 0.1363206 0.1070975 
S0293       0.0564899 0.0790773 0.0093691 0.0836625 0.0905785 0.1266875 0.0000000 0.1056833 0.0626850 0.0562948 0.0141624 0.0343892 0.0804397 0.0795781 0.0798215 0.0747844 0.0612570 0.0920458 0.0150475 0.0101185 0.0802404 0.0870050 0.1269424 0.0736429 0.0797322 0.0444598 0.0141524 0.0975684 0.1028383 0.0498414 0.0797567 0.1126561 0.0656286 0.0913690 0.0926471 0.0990044 0.0790834 0.0671919 0.1051501 0.0407191 0.1289459 0.0567742 0.0093691 0.0386835 0.0807854 0.0643239 0.0918227 0.0789031 0.0994878 0.0291590 0.0510188 0.0189728 0.0241821 0.0938014 0.1266965 0.0311712 0.1004704 0.0877964 0.1038525 0.0440793 0.0668983 0.0870927 0.0785470 0.0822570 0.0093691 0.1041679 0.1042774 0.0291682 0.0504142 0.0920540 0.0448561 0.0899825 0.0338912 0.0397515 0.0629249 0.0809263 0.0824658 0.0668997 0.0937148 0.0983607 0.0726500 0.0294262 0.0510336 0.0568114 
S0308       0.1234420 0.0823648 0.1035880 0.1091394 0.1160037 0.1517300 0.1056833 0.0000000 0.1306695 0.1294172 0.1038084 0.1052579 0.1368198 0.1432580 0.1121266 0.1232531 0.1107557 0.0984362 0.0862487 0.0936215 0.1186076 0.0940053 0.1546406 0.1339256 0.0872270 0.1167373 0.1037354 0.1360078 0.0906434 0.1382635 0.0986480 0.1117990 0.1107160 0.1175886 0.1373084 0.0918829 0.0859726 0.0982632 0.1229982 0.0897377 0.1020738 0.1106185 0.0980977 0.1146621 0.0820000 0.0852011 0.0825551 0.0921413 0.1108907 0.1221992 0.1108509 0.1092509 0.1165630 0.1445838 0.1533857 0.0810777 0.1400449 0.1269931 0.1291456 0.1212201 0.0930296 0.1200679 0.1162066 0.0969828 0.0980977 0.1363805 0.1179312 0.0931223 0.1286851 0.1045979 0.1408924 0.0915203 0.1216128 0.0980590 0.1121967 0.1292824 0.0968162 0.1173120 0.0892889 0.1502608 0.1050562 0.0873521 0.1356883 0.0882929 
S0335       0.0956394 0.0880156 0.0558779 0.1158854 0.1035308 0.1234462 0.0626850 0.1306695 0.0000000 0.0563696 0.0559850 0.0773552 0.1025912 0.0829850 0.0876157 0.1078943 0.0946166 0.0881003 0.0230318 0.0549317 0.0947852 0.1127166 0.2053393 0.0950785 0.1053193 0.0719129 0.0559469 0.1041661 0.1293961 0.0384047 0.0970225 0.1178936 0.0790279 0.1106326 0.1120559 0.0989842 0.0987963 0.0932194 0.1175845 0.0735878 0.1426458 0.0881377 0.0509357 0.0658787 0.0946166 0.0672267 0.0986806 0.0925678 0.1056082 0.0666716 0.0216552 0.0609254 0.0616256 0.1409135 0.1099030 0.0281379 0.1000574 0.0886919 0.0873005 0.0714674 0.0935398 0.1114678 0.1051045 0.0892896 0.0509357 0.1171031 0.0871248 0.0560830 0.0721343 0.0994762 0.0885036 0.0968683 0.0716912 0.0718205 0.0408517 0.0835258 0.0780612 0.1177003 0.1135114 0.1039153 0.0988592 0.0509131 0.0615323 0.0777089 
S0376       0.0723104 0.0993844 0.0451549 0.0925834 0.1041467 0.1121245 0.0562948 0.1294172 0.0563696 0.0000000 0.0356898 0.0707913 0.1065293 0.0311339 0.0989244 0.0955842 0.0604102 0.0994831 0.0278206 0.0434909 0.0832396 0.1003058 0.1713033 0.0996266 0.0880327 0.0705975 0.0452079 0.1100515 0.1223315 0.0841048 0.0778590 0.1243797 0.0794713 0.1226967 0.1110998 0.1044723 0.0993822 0.1047159 0.1299694 0.0729137 0.1289981 0.0821396 0.0404176 0.0595451 0.1063092 0.0902716 0.1103277 0.1039653 0.1116778 0.0604535 0.0604784 0.0499824 0.0555529 0.1139094 0.1046491 0.0482158 0.1001865 0.0781194 0.1041265 0.0649069 0.0926848 0.1293233 0.0814384 0.0955422 0.0404176 0.1049110 0.0872329 0.0555912 0.0708114 0.1170129 0.0710193 0.1082643 0.0651046 0.0660767 0.0715359 0.1059786 0.1019719 0.1165907 0.0883920 0.1113224 0.0979538 0.0504700 0.0356751 0.0555994 
S0400       0.0501368 0.0760296 0.0084046 0.0761419 0.0910207 0.1108137 0.0141624 0.1038084 0.0559850 0.0356898 0.0000000 0.0306670 0.0710531 0.0552545 0.0756931 0.0661567 0.0496568 0.0760966 0.0088851 0.0044763 0.0710343 0.0819847 0.1303269 0.0651918 0.0756175 0.0397121 0.0084129 0.0915603 0.0855919 0.0605344 0.0724351 0.0989582 0.0634963 0.0859154 0.0869427 0.0922367 0.0750703 0.0699137 0.1042307 0.0456686 0.1079283 0.0601129 0.0041802 0.0301095 0.0822274 0.0618955 0.0862910 0.0805013 0.0929662 0.0215996 0.0501172 0.0126814 0.0172048 0.0878116 0.1049423 0.0326557 0.0882039 0.0772336 0.0921905 0.0348056 0.0593398 0.1026835 0.0695411 0.0837009 0.0041802 0.0917496 0.0758981 0.0305429 0.0497416 0.0923513 0.0353507 0.0847549 0.0303540 0.0308458 0.0606977 0.0819800 0.0779127 0.0804848 0.0769613 0.0870296 0.0699159 0.0307855 0.0501302 0.0454144 
S0405       0.0760887 0.0880431 0.0306134 0.1152878 0.1090078 0.1494593 0.0343892 0.1052579 0.0773552 0.0707913 0.0306670 0.0000000 0.0881634 0.0820766 0.1037744 0.0885265 0.0753232 0.0934530 0.0324310 0.0230556 0.0989451 0.1054225 0.1514128 0.0818096 0.0983187 0.0643814 0.0306472 0.1208983 0.1030838 0.0978976 0.1097797 0.1293912 0.0777390 0.1146928 0.1161606 0.1173311 0.0972327 0.0973260 0.1233446 0.0563771 0.1153669 0.0816216 0.0260994 0.0537393 0.0944630 0.0895873 0.0987570 0.0979185 0.1228278 0.0169785 0.0707623 0.0352008 0.0126801 0.1118063 0.1367188 0.0531920 0.1302020 0.1173029 0.1104590 0.0589112 0.0803560 0.1134513 0.0967935 0.1073222 0.0260994 0.1099173 0.1041961 0.0545535 0.0754665 0.1106605 0.0598694 0.0969410 0.0541997 0.0551130 0.0873350 0.1109238 0.1069713 0.1087971 0.1174318 0.1168350 0.0867098 0.0550140 0.0760874 0.0817473 
S0412sl     0.0833604 0.0948515 0.0709131 0.1254298 0.1127138 0.1817687 0.0804397 0.1368198 0.1025912 0.1065293 0.0710531 0.0881634 0.0000000 0.1195391 0.0934260 0.0666515 0.0931430 0.0949464 0.0431501 0.0650343 0.1141720 0.1244638 0.1857707 0.0456835 0.1167321 0.0880864 0.0710044 0.1118740 0.1339866 0.0966111 0.1405349 0.1189472 0.0713252 0.1027758 0.1325656 0.1255144 0.0989800 0.0992297 0.1317011 0.0945268 0.1413449 0.0771481 0.0658181 0.0761287 0.1074828 0.1024808 0.1179989 0.0994732 0.1314425 0.0877334 0.0840882 0.0761314 0.0824813 0.1074650 0.1677877 0.0537844 0.1310808 0.1470307 0.1259975 0.0819051 0.0997673 0.1238174 0.1115835 0.1209574 0.0658181 0.1258424 0.1441487 0.0819300 0.1005176 0.1056397 0.0994851 0.1056219 0.0821622 0.0721988 0.0843031 0.1328630 0.1031054 0.1053036 0.1049181 0.1396622 0.1009590 0.0826790 0.1012022 0.0997179 
S0427       0.0947312 0.1119498 0.0652631 0.1166636 0.1283001 0.1437197 0.0795781 0.1432580 0.0829850 0.0311339 0.0552545 0.0820766 0.1195391 0.0000000 0.1286786 0.1143212 0.0924173 0.0994680 0.0528275 0.0649921 0.1121314 0.1188954 0.2088791 0.1009617 0.1057902 0.0808087 0.0653452 0.1332000 0.1421711 0.0945571 0.0958734 0.1361056 0.1024853 0.1423194 0.1167311 0.1095230 0.1351234 0.1290257 0.1561713 0.0834819 0.1436150 0.1049370 0.0602659 0.0804042 0.1192891 0.0965707 0.1176323 0.1110977 0.1308408 0.0816816 0.0869779 0.0703754 0.0765266 0.1335926 0.1031982 0.0696575 0.1304214 0.1124383 0.1225554 0.0862023 0.1105442 0.1574434 0.0986428 0.1019240 0.0602659 0.1120843 0.1159254 0.0765781 0.0981126 0.1303179 0.0984260 0.1153847 0.0864708 0.0824773 0.0991390 0.1230784 0.1085326 0.1417128 0.0992097 0.1244202 0.0989188 0.0710914 0.0601364 0.0714984 
S0552sl     0.0933870 0.0832023 0.0755435 0.1070898 0.1116088 0.1256925 0.0798215 0.1121266 0.0876157 0.0989244 0.0756931 0.1037744 0.0934260 0.1286786 0.0000000 0.0999109 0.0818509 0.0818399 0.0426420 0.0645656 0.0846495 0.1115163 0.1648936 0.1022241 0.1042189 0.0928886 0.0756414 0.0605051 0.0985923 0.0819687 0.0863679 0.0517356 0.0367130 0.0408209 0.1133134 0.0870977 0.0411601 0.0363431 0.0516252 0.0826230 0.1163046 0.0980997 0.0704310 0.0757202 0.1007395 0.0901633 0.0954622 0.0877788 0.0832587 0.0924821 0.0605231 0.0807843 0.0872171 0.0949506 0.1319240 0.0425953 0.0951451 0.1018039 0.1058589 0.0866394 0.0824906 0.1127690 0.0937085 0.1139744 0.0704310 0.1184139 0.1110874 0.0706627 0.0823224 0.0837543 0.1043065 0.1046081 0.0869105 0.0663650 0.0664173 0.1251626 0.0906961 0.0719176 0.0889463 0.1178079 0.0874890 0.0712893 0.1046864 0.0891654 
S0558       0.0889607 0.1004274 0.0560285 0.0932072 0.1185262 0.1522299 0.0747844 0.1232531 0.1078943 0.0955842 0.0661567 0.0885265 0.0666515 0.1143212 0.0999109 0.0000000 0.0721418 0.1005295 0.0432366 0.0598811 0.0843900 0.0952966 0.1240316 0.0815495 0.0884056 0.0827858 0.0661113 0.1115683 0.1050691 0.1098267 0.1331606 0.1184205 0.0724523 0.0984257 0.1028492 0.1064932 0.0990442 0.0934536 0.1164442 0.0899703 0.1176278 0.1003917 0.0609705 0.0760726 0.1132628 0.0911873 0.1063779 0.1050502 0.1190311 0.0826569 0.0891834 0.0712017 0.0774398 0.1190934 0.1610132 0.0649204 0.1470452 0.1402558 0.1320166 0.0818454 0.0832007 0.1307643 0.0945300 0.1031984 0.0609705 0.1138607 0.1375331 0.0653503 0.1004481 0.1126339 0.0770227 0.1057839 0.0767715 0.0616153 0.0949201 0.1321614 0.0917325 0.0940112 0.1118630 0.1393105 0.0897252 0.0771501 0.0958996 0.0939099 
S0641       0.0655611 0.0928344 0.0495655 0.0983047 0.1215225 0.1448679 0.0612570 0.1107557 0.0946166 0.0604102 0.0496568 0.0753232 0.0931430 0.0924173 0.0818509 0.0721418 0.0000000 0.0929247 0.0375321 0.0378272 0.0878943 0.0883768 0.1553328 0.0918522 0.0817673 0.0751175 0.0496240 0.0870113 0.0974236 0.0817323 0.1032999 0.1115013 0.0649961 0.0975669 0.1046392 0.0924073 0.0811654 0.0758811 0.1057068 0.0827638 0.1033523 0.0760416 0.0448170 0.0639770 0.0995203 0.0838121 0.1053259 0.0973649 0.1038735 0.0649519 0.0874082 0.0544076 0.0600460 0.0943800 0.1244304 0.0479712 0.1139162 0.1077618 0.1231750 0.0693766 0.0866786 0.1026127 0.0860012 0.0889804 0.0448170 0.1095797 0.1057753 0.0649699 0.0867043 0.1100107 0.0605181 0.1143557 0.0597187 0.0605978 0.0940793 0.1175917 0.0952072 0.0867307 0.0878889 0.1298403 0.0984234 0.0655347 0.0758911 0.0764545 
S0645sl     0.0939106 0.0265845 0.0759454 0.1153751 0.0503827 0.1182147 0.0920458 0.0984362 0.0881003 0.0994831 0.0760966 0.0934530 0.0949464 0.0994680 0.0818399 0.1005295 0.0929247 0.0000000 0.0529363 0.0703334 0.0933501 0.0995522 0.1915257 0.0986985 0.0926252 0.0986907 0.0760444 0.1104843 0.1030190 0.0487298 0.0735424 0.1310088 0.1024665 0.1216381 0.1047100 0.0966284 0.0971311 0.0916596 0.1306510 0.0950739 0.1095567 0.0931536 0.0708023 0.0863368 0.0409412 0.0414763 0.0607147 0.0309198 0.1037947 0.0929953 0.0811712 0.0812183 0.0876975 0.1198702 0.1109206 0.0634275 0.1006474 0.1003414 0.0611418 0.0922901 0.0921409 0.0508624 0.0980306 0.0618214 0.0708023 0.0986680 0.0985351 0.0762278 0.1045661 0.0604904 0.1103085 0.0450567 0.0925808 0.0657140 0.0876106 0.1164545 0.0514762 0.1101036 0.0824553 0.1185005 0.0821819 0.0707718 0.1052851 0.0610975 
S0689       0.0429740 0.0528933 0.0088698 0.0660568 0.0525403 0.0865824 0.0150475 0.0862487 0.0230318 0.0278206 0.0088851 0.0324310 0.0431501 0.0528275 0.0426420 0.0432366 0.0375321 0.0529363 0.0000000 0.0047414 0.0381984 0.0641544 0.1192551 0.0529735 0.0580055 0.0323436 0.0088792 0.0579191 0.0734464 0.0404328 0.0585421 0.0697847 0.0255069 0.0576170 0.0587266 0.0671386 0.0425775 0.0424800 0.0696208 0.0331495 0.0968060 0.0479149 0.0044105 0.0224957 0.0587422 0.0382609 0.0630684 0.0575024 0.0692364 0.0228264 0.0089098 0.0133868 0.0181786 0.0820390 0.0862970 0.0141326 0.0696602 0.0536506 0.0579171 0.0273183 0.0374347 0.0757809 0.0475505 0.0596710 0.0044105 0.0583017 0.0577763 0.0180666 0.0374989 0.0532424 0.0374002 0.0619405 0.0225358 0.0089431 0.0135247 0.0530401 0.0438861 0.0583151 0.0695936 0.0745105 0.0424500 0.0180968 0.0375475 0.0374815 
S0690       0.0379923 0.0702693 0.0044686 0.0754761 0.0924428 0.1015781 0.0101185 0.0936215 0.0549317 0.0434909 0.0044763 0.0230556 0.0650343 0.0649921 0.0645656 0.0598811 0.0378272 0.0703334 0.0047414 0.0000000 0.0710304 0.0645997 0.1199985 0.0429489 0.0641142 0.0376458 0.0044733 0.0810174 0.0803608 0.0579400 0.0851300 0.0942658 0.0565705 0.0752006 0.0825021 0.0869802 0.0640089 0.0586732 0.0940216 0.0432499 0.1038113 0.0536465 0.0000010 0.0274800 0.0767084 0.0553265 0.0817491 0.0750118 0.0879987 0.0136307 0.0486903 0.0089932 0.0090449 0.0769450 0.1080123 0.0195756 0.0898970 0.0836654 0.0937167 0.0324501 0.0530417 0.0963763 0.0641721 0.0781646 0.0000010 0.0876333 0.0765080 0.0279010 0.0483009 0.0873836 0.0329926 0.0857126 0.0277174 0.0281963 0.0599732 0.0766467 0.0721071 0.0695873 0.0769909 0.1001220 0.0698344 0.0231969 0.0487037 0.0541854 
S0720       0.1011647 0.0877791 0.0708944 0.1173750 0.0818994 0.1207360 0.0802404 0.1186076 0.0947852 0.0832396 0.0710343 0.0989451 0.1141720 0.1121314 0.0846495 0.0843900 0.0878943 0.0933501 0.0381984 0.0710304 0.0000000 0.1140814 0.1471897 0.1232208 0.1065642 0.0880558 0.0709856 0.1017838 0.0993531 0.0727739 0.0974542 0.1097809 0.0728342 0.0787245 0.0505535 0.0937242 0.0670140 0.0720463 0.1152131 0.0841243 0.1172163 0.1130669 0.0658009 0.0811890 0.0943564 0.0742677 0.0876697 0.0923193 0.0879560 0.0877102 0.0717597 0.0761112 0.0824597 0.1261989 0.1124597 0.0702402 0.1198929 0.0964556 0.1103112 0.0870503 0.0455646 0.1106702 0.0452359 0.0848794 0.0658009 0.0551433 0.1054638 0.0601087 0.0868462 0.0938451 0.0980988 0.0860841 0.0873238 0.0558240 0.0780351 0.1120929 0.0746972 0.1007127 0.1005830 0.1321847 0.0507265 0.0716216 0.0884214 0.0714081 
S0724sl     0.0946820 0.0885885 0.0818187 0.0172584 0.1173546 0.1384012 0.0870050 0.0940053 0.1127166 0.1003058 0.0819847 0.1054225 0.1244638 0.1188954 0.1115163 0.0952966 0.0883768 0.0995522 0.0641544 0.0645997 0.1140814 0.0000000 0.1321687 0.1104392 0.0085099 0.0994532 0.0819278 0.1352496 0.0928008 0.0872513 0.1126795 0.1304181 0.0795022 0.1096816 0.1269138 0.0928115 0.1105345 0.1047879 0.1167771 0.0786073 0.1102059 0.0994633 0.0765743 0.0921968 0.0886126 0.0687940 0.0888146 0.0931700 0.1074810 0.0992918 0.0938908 0.0819110 0.0938927 0.1334488 0.1467242 0.0697335 0.1333434 0.1268195 0.1183844 0.0982966 0.0885817 0.1224235 0.1005345 0.0800535 0.0765743 0.1260525 0.1362122 0.0769299 0.1121314 0.1057996 0.1057214 0.0871863 0.0878423 0.0825446 0.1008082 0.1251615 0.0799174 0.1166732 0.0888148 0.1295997 0.1121335 0.0653427 0.0991464 0.0838103 
S0735       0.1419284 0.1826007 0.1105503 0.1426891 0.2055449 0.2156452 0.1269424 0.1546406 0.2053393 0.1713033 0.1303269 0.1514128 0.1857707 0.2088791 0.1648936 0.1240316 0.1553328 0.1915257 0.1192551 0.1199985 0.1471897 0.1321687 0.0000000 0.1486025 0.1321687 0.1226649 0.1199985 0.1898764 0.1340470 0.2981554 0.2129413 0.1671378 0.1767818 0.1522005 0.1692671 0.1524571 0.1419381 0.1645940 0.2047666 0.1390377 0.1687287 0.1634643 0.1199985 0.1395037 0.2084354 0.1575570 0.1830719 0.1907550 0.1237152 0.1401245 0.2023751 0.1295891 0.1303269 0.2026347 0.2110923 0.1274360 0.2515140 0.2269500 0.1715066 0.1297549 0.1295891 0.2944669 0.1648961 0.1819801 0.1199985 0.1665451 0.2211501 0.1395875 0.1207521 0.2080404 0.0993932 0.1789526 0.1419289 0.1315737 0.1928199 0.2017810 0.1933671 0.1551700 0.1810981 0.1798583 0.1651182 0.1413863 0.1796069 0.1800165 
S0742       0.0822039 0.0985999 0.0650663 0.1221123 0.1277675 0.1585989 0.0736429 0.1339256 0.0950785 0.0996266 0.0651918 0.0818096 0.0456835 0.1009617 0.1022241 0.0815495 0.0918522 0.0986985 0.0529735 0.0429489 0.1232208 0.1104392 0.1486025 0.0000000 0.1032348 0.0815808 0.0651478 0.1207783 0.1312095 0.1204024 0.1372390 0.1348603 0.0628864 0.1129549 0.1297368 0.1227614 0.1077804 0.1080504 0.1406914 0.0758581 0.1383716 0.0760935 0.0600875 0.0700227 0.1111610 0.1006985 0.1286730 0.1031491 0.1286627 0.0814176 0.0878227 0.0701591 0.0762832 0.1059148 0.1514343 0.0478283 0.1361802 0.1378282 0.1295219 0.0756152 0.0964902 0.1455608 0.1092986 0.1128050 0.0600875 0.1231839 0.1410582 0.0753322 0.0936017 0.1218654 0.0928435 0.1204183 0.0758487 0.0757488 0.1001228 0.1243363 0.1126124 0.1197877 0.1156074 0.1366476 0.1099132 0.0760018 0.0944102 0.0993354 
S0748       0.0826187 0.0819594 0.0754682 0.0172235 0.1098884 0.1383951 0.0797322 0.0872270 0.1053193 0.0880327 0.0756175 0.0983187 0.1167321 0.1057902 0.1042189 0.0884056 0.0817673 0.0926252 0.0580055 0.0641142 0.1065642 0.0085099 0.1321687 0.1032348 0.0000000 0.0925328 0.0755659 0.1272625 0.0861373 0.0729687 0.1045645 0.1225098 0.0795022 0.1025401 0.1189728 0.0857892 0.1033196 0.0977360 0.1093621 0.0721927 0.1030189 0.0925430 0.0703611 0.0855883 0.0819784 0.0625732 0.0821637 0.0864731 0.1001945 0.0923870 0.0871284 0.0755525 0.0871276 0.1195583 0.1381345 0.0634151 0.1251911 0.1188871 0.1108341 0.0914807 0.0819501 0.1118328 0.0882213 0.0734881 0.0703611 0.1125519 0.1281523 0.0706794 0.1047782 0.0986597 0.0985947 0.0806908 0.0812816 0.0761214 0.0937734 0.1173676 0.0733653 0.1092635 0.0821646 0.1217605 0.1047804 0.0653328 0.0989941 0.0772652 
S0756       0.0758785 0.0985921 0.0396414 0.1068236 0.1143252 0.1370216 0.0444598 0.1167373 0.0719129 0.0705975 0.0397121 0.0643814 0.0880864 0.0808087 0.0928886 0.0827858 0.0751175 0.0986907 0.0323436 0.0376458 0.0880558 0.0994532 0.1226649 0.0815808 0.0925328 0.0000000 0.0396863 0.1025860 0.1031096 0.0717391 0.1031957 0.1160511 0.0862579 0.0982553 0.1048495 0.1114281 0.0973027 0.0918178 0.1288988 0.0506076 0.1208598 0.0813459 0.0350485 0.0260330 0.1054488 0.0842080 0.1040300 0.1031411 0.0944517 0.0543940 0.0708218 0.0443161 0.0496421 0.1114787 0.1286604 0.0480702 0.1184355 0.1119578 0.1158524 0.0307248 0.0753729 0.1365858 0.0861546 0.1016020 0.0350485 0.1098039 0.1099093 0.0496761 0.0360043 0.1160650 0.0500265 0.1021089 0.0308148 0.0548369 0.0823079 0.0925428 0.0956672 0.1031235 0.0936877 0.1109482 0.0758933 0.0500914 0.0758771 0.0764045 
S0763       0.0451476 0.0759774 0.0083993 0.0904870 0.0909583 0.1226656 0.0141524 0.1037354 0.0559469 0.0452079 0.0084129 0.0306472 0.0710044 0.0653452 0.0756414 0.0661113 0.0496240 0.0760444 0.0088792 0.0044733 0.0709856 0.0819278 0.1199985 0.0651478 0.0755659 0.0396863 0.0000000 0.0914971 0.0855334 0.0716776 0.0840399 0.1044176 0.0634377 0.0858565 0.0868824 0.0921691 0.0750195 0.0698665 0.1041572 0.0456380 0.1078532 0.0600724 0.0041776 0.0300903 0.0821702 0.0618527 0.0862316 0.0804464 0.0929011 0.0215858 0.0500838 0.0126735 0.0171939 0.0821133 0.1048677 0.0326332 0.0994211 0.0881274 0.0921265 0.0347823 0.0593003 0.1025836 0.0694944 0.0836416 0.0041776 0.0916861 0.0865793 0.0305232 0.0497087 0.0922871 0.0353276 0.0846976 0.0303346 0.0308258 0.0606565 0.0819231 0.0778579 0.0804299 0.0878056 0.0923077 0.0698687 0.0307655 0.0500968 0.0552364 
S0771       0.0991645 0.1103690 0.0913735 0.1301185 0.1228560 0.1506119 0.0975684 0.1360078 0.1041661 0.1100515 0.0915603 0.1208983 0.1118740 0.1332000 0.0605051 0.1115683 0.0870113 0.1104843 0.0579191 0.0810174 0.1017838 0.1352496 0.1898764 0.1207783 0.1272625 0.1025860 0.0914971 0.0000000 0.1213358 0.1059090 0.1234350 0.0764856 0.0641782 0.0816715 0.1253702 0.1229369 0.0760322 0.0657288 0.0878603 0.1044491 0.1277403 0.1108091 0.0860811 0.1020553 0.1118158 0.1012297 0.1180133 0.1093385 0.1104005 0.1091345 0.0862023 0.0968166 0.1036961 0.1319026 0.1358669 0.0582065 0.1251436 0.1188409 0.1169839 0.1082887 0.0989025 0.1036312 0.1049832 0.1256742 0.0860811 0.1305331 0.1166322 0.0969442 0.1096888 0.1115749 0.1270567 0.1271198 0.1086322 0.0820948 0.0927591 0.1537497 0.0947158 0.0987296 0.1053826 0.1349107 0.0875671 0.0860447 0.1106519 0.1055512 
S0888       0.1094174 0.0921791 0.0854204 0.1136322 0.1320325 0.1844517 0.1028383 0.0906434 0.1293961 0.1223315 0.0855919 0.1030838 0.1339866 0.1421711 0.0985923 0.1050691 0.0974236 0.1030190 0.0734464 0.0803608 0.0993531 0.0928008 0.1340470 0.1312095 0.0861373 0.1031096 0.0855334 0.1213358 0.0000000 0.1057033 0.1163715 0.1241302 0.1332648 0.1038358 0.1225159 0.0914264 0.0802538 0.0856329 0.1162964 0.0983514 0.0309714 0.1212492 0.0802290 0.1013384 0.1029503 0.0829772 0.0924110 0.0861437 0.0865171 0.1027556 0.1210251 0.0907526 0.0974176 0.1550770 0.1840783 0.0968286 0.1634982 0.1498853 0.1103898 0.1075150 0.0750897 0.1318712 0.1079902 0.0960526 0.0802290 0.1331696 0.1289167 0.0962672 0.1202332 0.1092152 0.1091375 0.0907411 0.0954686 0.0793431 0.1166187 0.1458653 0.1071130 0.1258756 0.1161408 0.1675195 0.1029391 0.0971544 0.1343688 0.0981947 
S0894       0.1240483 0.0486188 0.0605344 0.0737840 0.0602265 0.0952461 0.0498414 0.1382635 0.0384047 0.0841048 0.0605344 0.0978976 0.0966111 0.0945571 0.0819687 0.1098267 0.0817323 0.0487298 0.0404328 0.0579400 0.0727739 0.0872513 0.2981554 0.1204024 0.0729687 0.0717391 0.0716776 0.1059090 0.1057033 0.0000000 0.0609629 0.1511203 0.0870255 0.0937546 0.0851401 0.0896382 0.1078898 0.0825124 0.1355775 0.0402104 0.1323526 0.0713745 0.0605344 0.0605873 0.0389783 0.0000010 0.0716208 0.0486188 0.1098313 0.0966091 0.0390343 0.0717840 0.0850157 0.1265027 0.0915215 0.0296241 0.0490039 0.0496985 0.0934000 0.0838070 0.0857263 0.0386284 0.0840451 0.0278777 0.0605344 0.1219125 0.1051036 0.0609629 0.0990670 0.0592634 0.0973990 0.0814311 0.0605873 0.0719914 0.0615935 0.0984243 0.0000010 0.0824751 0.0721601 0.1346246 0.0844708 0.0612208 0.0726092 0.0396026 
S0906       0.1125133 0.0617158 0.0781943 0.0847456 0.0904413 0.1122492 0.0797567 0.0986480 0.0970225 0.0778590 0.0724351 0.1097797 0.1405349 0.0958734 0.0863679 0.1331606 0.1032999 0.0735424 0.0585421 0.0851300 0.0974542 0.1126795 0.2129413 0.1372390 0.1045645 0.1031957 0.0840399 0.1234350 0.1163715 0.0609629 0.0000000 0.1271327 0.1256125 0.1250143 0.1041645 0.0976818 0.0975278 0.0914265 0.1256537 0.0874924 0.1368213 0.1114887 0.0781943 0.0954905 0.0806681 0.0765618 0.0737196 0.0675421 0.1114845 0.1030768 0.0842025 0.0898010 0.0971630 0.1432733 0.1105369 0.0767862 0.0996481 0.0871023 0.0968016 0.1022071 0.0962186 0.0799783 0.0895538 0.0815703 0.0781943 0.1157895 0.0849866 0.0729195 0.0961297 0.0864152 0.1225521 0.0722864 0.1025623 0.0781674 0.0913737 0.1250459 0.0890906 0.1038873 0.0681763 0.0989820 0.0834879 0.0669941 0.0841450 0.0345008 
S0959       0.1184257 0.0958654 0.1042690 0.1241798 0.1256714 0.1383926 0.1126561 0.1117990 0.1178936 0.1243797 0.0989582 0.1293912 0.1189472 0.1361056 0.0517356 0.1184205 0.1115013 0.1310088 0.0697847 0.0942658 0.1097809 0.1304181 0.1671378 0.1348603 0.1225098 0.1160511 0.1044176 0.0764856 0.1241302 0.1511203 0.1271327 0.0000000 0.0573206 0.0615879 0.1267156 0.1007644 0.0612097 0.0620236 0.0563314 0.1068103 0.1247018 0.1306376 0.0987368 0.1154289 0.1133164 0.1157259 0.1153564 0.1122952 0.1134708 0.1230373 0.0880738 0.1041437 0.1173561 0.1327200 0.1256545 0.0760292 0.1209126 0.1145998 0.1321088 0.1092317 0.1068482 0.1506156 0.1190271 0.1416752 0.0987368 0.1258571 0.1239781 0.0990783 0.1177311 0.1083780 0.1418920 0.1246990 0.1224420 0.0947517 0.0894843 0.1574753 0.1102299 0.0834603 0.1084134 0.1304924 0.1063649 0.1000211 0.1366490 0.1142106 
S0960       0.0723782 0.1014622 0.0633299 0.0897193 0.1112416 0.1297657 0.0656286 0.1107160 0.0790279 0.0794713 0.0634963 0.0777390 0.0713252 0.1024853 0.0367130 0.0724523 0.0649961 0.1024665 0.0255069 0.0565705 0.0728342 0.0795022 0.1767818 0.0628864 0.0795022 0.0862579 0.0634377 0.0641782 0.1332648 0.0870255 0.1256125 0.0573206 0.0000000 0.0565747 0.0874612 0.0898074 0.0566867 0.0504364 0.0651687 0.0787202 0.1599533 0.0860914 0.0565705 0.0702707 0.1043173 0.0947621 0.1190070 0.1020362 0.0953500 0.0702713 0.0572024 0.0632372 0.0634963 0.1043036 0.1115299 0.0456404 0.0961019 0.1042870 0.1109779 0.0634988 0.0636048 0.1381232 0.0716153 0.1191123 0.0565705 0.0867473 0.1027996 0.0565705 0.0706844 0.1043694 0.0788672 0.1170764 0.0643537 0.0437948 0.0582484 0.1109058 0.0955230 0.0649348 0.0960352 0.1113566 0.0707096 0.0644091 0.0861301 0.0874277 
S0964       0.1095791 0.0991972 0.0857426 0.1050729 0.1285561 0.1379477 0.0913690 0.1175886 0.1106326 0.1226967 0.0859154 0.1146928 0.1027758 0.1423194 0.0408209 0.0984257 0.0975669 0.1216381 0.0576170 0.0752006 0.0787245 0.1096816 0.1522005 0.1129549 0.1025401 0.0982553 0.0858565 0.0816715 0.1038358 0.0937546 0.1250143 0.0615879 0.0565747 0.0000000 0.1068451 0.0806389 0.0453242 0.0405238 0.0614516 0.0879110 0.1217346 0.1143216 0.0805327 0.0807198 0.1174317 0.0897291 0.1008004 0.1037700 0.0884254 0.1031439 0.0816793 0.0805535 0.0977873 0.1114249 0.1311048 0.0579756 0.1059983 0.1128800 0.1361364 0.0865406 0.0767383 0.1368496 0.0877358 0.1134086 0.0805327 0.1118891 0.1159405 0.0807998 0.1050592 0.0998809 0.1152759 0.1099221 0.0974321 0.0816497 0.0817080 0.1366049 0.0902563 0.0874546 0.0930639 0.1213999 0.0880183 0.0815274 0.1167355 0.0986142 
S1083       0.1129915 0.0992050 0.0763418 0.1291741 0.1039581 0.1199145 0.0926471 0.1373084 0.1120559 0.1110998 0.0869427 0.1161606 0.1325656 0.1167311 0.1133134 0.1028492 0.1046392 0.1047100 0.0587266 0.0825021 0.0505535 0.1269138 0.1692671 0.1297368 0.1189728 0.1048495 0.0868824 0.1253702 0.1225159 0.0851401 0.1041645 0.1267156 0.0874612 0.1068451 0.0000000 0.1048061 0.1049450 0.0992640 0.1464679 0.1012726 0.1414853 0.1312770 0.0814837 0.0974308 0.0937520 0.0856514 0.0990862 0.0984715 0.1049707 0.1044333 0.0880595 0.0921932 0.0989990 0.1388900 0.1005004 0.0872955 0.1190837 0.1070361 0.1279899 0.0915971 0.0506339 0.1219606 0.0309938 0.0965416 0.0814837 0.0215118 0.1045352 0.0870922 0.1093146 0.0987009 0.1223002 0.0972583 0.1039539 0.0711466 0.0947994 0.1304288 0.0861589 0.0946024 0.1125852 0.1431909 0.0611226 0.0878959 0.0942718 0.0822909 
S1120       0.1121346 0.0811923 0.0920365 0.1151030 0.1161287 0.1549704 0.0990044 0.0918829 0.0989842 0.1044723 0.0922367 0.1173311 0.1255144 0.1095230 0.0870977 0.1064932 0.0924073 0.0966284 0.0671386 0.0869802 0.0937242 0.0928115 0.1524571 0.1227614 0.0857892 0.1114281 0.0921691 0.1229369 0.0914264 0.0896382 0.0976818 0.1007644 0.0898074 0.0806389 0.1048061 0.0000000 0.0684839 0.0686522 0.0992913 0.0888452 0.1095031 0.0990028 0.0864123 0.0977620 0.0806336 0.0716272 0.0812025 0.0803833 0.0639254 0.1109605 0.0865414 0.0864123 0.1051656 0.1412216 0.1245988 0.0733870 0.1341866 0.1273494 0.1117015 0.1100442 0.0927493 0.1279554 0.0865466 0.0887790 0.0864123 0.1174050 0.1371709 0.0751680 0.1100939 0.0870764 0.1168724 0.0853375 0.1104156 0.0806410 0.0935199 0.1194966 0.0832522 0.1177338 0.0991559 0.1111281 0.1052018 0.0754042 0.1175855 0.0811038 
S1128       0.0925884 0.0760895 0.0749233 0.1136441 0.0926162 0.1251656 0.0790834 0.0859726 0.0987963 0.0993822 0.0750703 0.0972327 0.0989800 0.1351234 0.0411601 0.0990442 0.0811654 0.0971311 0.0425775 0.0640089 0.0670140 0.1105345 0.1419381 0.1077804 0.1033196 0.0973027 0.0750195 0.0760322 0.0802538 0.1078898 0.0975278 0.0612097 0.0566867 0.0453242 0.1049450 0.0684839 0.0000000 0.0216523 0.0620517 0.0882505 0.0967550 0.0980510 0.0698559 0.0851602 0.0929154 0.0893782 0.0878079 0.0805627 0.0811905 0.0916992 0.0708334 0.0750995 0.0864819 0.1186068 0.1307161 0.0531172 0.1068880 0.0841979 0.1102348 0.0910151 0.0650897 0.1093967 0.0862426 0.1011174 0.0698559 0.1098996 0.0986191 0.0700836 0.0975411 0.0765733 0.1087302 0.0967605 0.0912980 0.0599298 0.0716473 0.1298068 0.0899011 0.0765677 0.0934262 0.1223037 0.0865154 0.0706995 0.1163967 0.0817972 
S1129sl     0.0871239 0.0708586 0.0697783 0.1059918 0.0860372 0.1308556 0.0671919 0.0982632 0.0932194 0.1047159 0.0699137 0.0973260 0.0992297 0.1290257 0.0363431 0.0934536 0.0758811 0.0916596 0.0424800 0.0586732 0.0720463 0.1047879 0.1645940 0.1080504 0.0977360 0.0918178 0.0698665 0.0657288 0.0856329 0.0825124 0.0914265 0.0620236 0.0504364 0.0405238 0.0992640 0.0686522 0.0216523 0.0000000 0.0568862 0.0827814 0.1024013 0.0982971 0.0647694 0.0799008 0.0759537 0.0838305 0.0823667 0.0644587 0.0759043 0.0862914 0.0656698 0.0699412 0.0811301 0.1126606 0.1246048 0.0479535 0.1010833 0.0951906 0.0923625 0.0856539 0.0702708 0.0853263 0.0809091 0.1070605 0.0647694 0.1041910 0.1043917 0.0649793 0.0920417 0.0604154 0.1030921 0.0913125 0.0859190 0.0549559 0.0717087 0.1237485 0.0843157 0.0712989 0.0879092 0.1164005 0.0700173 0.0655444 0.1105726 0.0764688 
S1189       0.1239652 0.1073235 0.1040095 0.1131665 0.1379295 0.1588700 0.1051501 0.1229982 0.1175845 0.1299694 0.1042307 0.1233446 0.1317011 0.1561713 0.0516252 0.1164442 0.1057068 0.1306510 0.0696208 0.0940216 0.1152131 0.1167771 0.2047666 0.1406914 0.1093621 0.1288988 0.1041572 0.0878603 0.1162964 0.1355775 0.1256537 0.0563314 0.0651687 0.0614516 0.1464679 0.0992913 0.0620517 0.0568862 0.0000000 0.1065370 0.1289347 0.1365009 0.0984945 0.1151336 0.1188463 0.1211985 0.1076121 0.1120042 0.1188349 0.1227121 0.0878635 0.0930284 0.1170498 0.1452222 0.1540801 0.0758453 0.1346414 0.1280416 0.1317444 0.1217244 0.1121325 0.1214216 0.1244133 0.1473687 0.0984945 0.1454532 0.1375125 0.0988343 0.1174227 0.1080954 0.1356696 0.1168173 0.1165350 0.0945184 0.0945804 0.1656585 0.1219685 0.0766345 0.1332607 0.1224924 0.1116260 0.0997719 0.1362721 0.1197844 
S1201sl     0.0836358 0.0787916 0.0455840 0.0870172 0.0997751 0.1215374 0.0407191 0.0897377 0.0735878 0.0729137 0.0456686 0.0563771 0.0945268 0.0834819 0.0826230 0.0899703 0.0827638 0.0950739 0.0331495 0.0432499 0.0841243 0.0786073 0.1390377 0.0758581 0.0721927 0.0506076 0.0456380 0.1044491 0.0983514 0.0402104 0.0874924 0.1068103 0.0787202 0.0879110 0.1012726 0.0888452 0.0882505 0.0827814 0.1065370 0.0000000 0.1159987 0.0720851 0.0408005 0.0503649 0.0841264 0.0695902 0.0777008 0.0887259 0.0962926 0.0610413 0.0568412 0.0504593 0.0560917 0.1137373 0.1136467 0.0332842 0.1018966 0.0970403 0.1123974 0.0556133 0.0660865 0.0979411 0.0824803 0.0925332 0.0408005 0.1062971 0.1064004 0.0315183 0.0671510 0.1012971 0.0605177 0.0763043 0.0557833 0.0608984 0.0680171 0.0838686 0.0808498 0.0940312 0.0780995 0.1016647 0.0827443 0.0365362 0.0783845 0.0622801 
S1210       0.1141582 0.0873340 0.1077014 0.1212342 0.1269905 0.2003880 0.1289459 0.1020738 0.1426458 0.1289981 0.1079283 0.1153669 0.1413449 0.1436150 0.1163046 0.1176278 0.1033523 0.1095567 0.0968060 0.1038113 0.1172163 0.1102059 0.1687287 0.1383716 0.1030189 0.1208598 0.1078532 0.1277403 0.0309714 0.1323526 0.1368213 0.1247018 0.1599533 0.1217346 0.1414853 0.1095031 0.0967550 0.1024013 0.1289347 0.1159987 0.0000000 0.1400006 0.1022318 0.1187285 0.1094833 0.1132848 0.0987346 0.0922706 0.1034778 0.1262909 0.1397141 0.1133460 0.1206832 0.1412793 0.1929165 0.1150996 0.1849134 0.1705350 0.1171930 0.1252853 0.0913727 0.1171218 0.1258559 0.1141827 0.1022318 0.1404744 0.1482538 0.1134947 0.1387768 0.1159294 0.1331871 0.0969199 0.1256871 0.1021904 0.1353054 0.1658313 0.1194614 0.1446524 0.1347250 0.1670077 0.1094674 0.1145783 0.1476990 0.1158219 
S1211       0.0665335 0.0930626 0.0599984 0.1157524 0.1218500 0.1577794 0.0567742 0.1106185 0.0881377 0.0821396 0.0601129 0.0816216 0.0771481 0.1049370 0.0980997 0.1003917 0.0760416 0.0931536 0.0479149 0.0536465 0.1130669 0.0994633 0.1634643 0.0760935 0.0925430 0.0813459 0.0600724 0.1108091 0.1212492 0.0713745 0.1114887 0.1306376 0.0860914 0.1143216 0.1312770 0.0990028 0.0980510 0.0982971 0.1365009 0.0720851 0.1400006 0.0000000 0.0550782 0.0698200 0.0997731 0.0840162 0.1168737 0.0976055 0.1182165 0.0709526 0.0812025 0.0650267 0.0659236 0.0879145 0.1510731 0.0276681 0.1185139 0.1196203 0.1235125 0.0753971 0.0988253 0.1200917 0.1105242 0.1016122 0.0550782 0.1364652 0.1173820 0.0710606 0.0933342 0.1102974 0.0815444 0.1146540 0.0756294 0.0716815 0.0943143 0.1240436 0.0954486 0.1099059 0.1045783 0.1242150 0.1111527 0.0656800 0.0771125 0.0883174 
S1227       0.0452463 0.0707417 0.0041735 0.0832490 0.0855786 0.1166971 0.0093691 0.0980977 0.0509357 0.0404176 0.0041802 0.0260994 0.0658181 0.0602659 0.0704310 0.0609705 0.0448170 0.0708023 0.0044105 0.0000010 0.0658009 0.0765743 0.1199985 0.0600875 0.0703611 0.0350485 0.0041776 0.0860811 0.0802290 0.0605344 0.0781943 0.0987368 0.0565705 0.0805327 0.0814837 0.0864123 0.0698559 0.0647694 0.0984945 0.0408005 0.1022318 0.0550782 0.0000000 0.0256292 0.0767964 0.0566991 0.0808793 0.0751995 0.0873940 0.0171581 0.0452280 0.0083961 0.0128130 0.0822969 0.1107390 0.0277808 0.0937729 0.0826424 0.0866699 0.0302408 0.0543750 0.0948152 0.0644256 0.0781642 0.0000010 0.0862572 0.0812021 0.0259947 0.0448919 0.0868194 0.0307119 0.0794523 0.0258353 0.0262510 0.0556119 0.0765678 0.0724784 0.0751834 0.0823459 0.0925129 0.0647715 0.0261988 0.0452394 0.0502925 
S1235sl     0.0646056 0.0862571 0.0300578 0.0971058 0.1014468 0.1283766 0.0386835 0.1146621 0.0658787 0.0595451 0.0301095 0.0537393 0.0761287 0.0804042 0.0757202 0.0760726 0.0639770 0.0863368 0.0224957 0.0274800 0.0811890 0.0921968 0.1395037 0.0700227 0.0855883 0.0260330 0.0300903 0.1020553 0.1013384 0.0605873 0.0954905 0.1154289 0.0702707 0.0807198 0.0974308 0.0977620 0.0851602 0.0799008 0.1151336 0.0503649 0.1187285 0.0698200 0.0256292 0.0000000 0.0926902 0.0773484 0.0966909 0.0907255 0.0928090 0.0441564 0.0597306 0.0345567 0.0395702 0.0984463 0.1279546 0.0374053 0.1049775 0.0988404 0.1027616 0.0127141 0.0690429 0.1175591 0.0794743 0.0941395 0.0256292 0.1022689 0.0970865 0.0395972 0.0355629 0.1029433 0.0398706 0.0949515 0.0214570 0.0445061 0.0706307 0.0818460 0.0884153 0.0907084 0.0931996 0.0979739 0.0799031 0.0399169 0.0646013 0.0650362 
S1239       0.0950270 0.0315069 0.0820603 0.1087272 0.0355835 0.1128918 0.0807854 0.0820000 0.0946166 0.1063092 0.0822274 0.0944630 0.1074828 0.1192891 0.1007395 0.1132628 0.0995203 0.0409412 0.0587422 0.0767084 0.0943564 0.0886126 0.2084354 0.1111610 0.0819784 0.1054488 0.0821702 0.1118158 0.1029503 0.0389783 0.0806681 0.1133164 0.1043173 0.1174317 0.0937520 0.0806336 0.0929154 0.0759537 0.1188463 0.0841264 0.1094833 0.0997731 0.0767964 0.0926902 0.0000000 0.0422026 0.0406084 0.0263537 0.0995530 0.0996005 0.0769095 0.0874635 0.0941812 0.1277859 0.1011283 0.0642295 0.0841187 0.0838719 0.0553148 0.0868989 0.0933409 0.0179374 0.0936117 0.0629482 0.0767964 0.0878843 0.0930295 0.0719387 0.1057152 0.0357854 0.1173766 0.0450261 0.0991457 0.0767725 0.0833138 0.1122096 0.0523956 0.0935304 0.0781359 0.1141955 0.0716050 0.0664839 0.1122674 0.0567627 
S1245       0.0847061 0.0368773 0.0617740 0.0809160 0.0620249 0.0970974 0.0643239 0.0852011 0.0672267 0.0902716 0.0618955 0.0895873 0.1024808 0.0965707 0.0901633 0.0911873 0.0838121 0.0414763 0.0382609 0.0553265 0.0742677 0.0687940 0.1575570 0.1006985 0.0625732 0.0842080 0.0618527 0.1012297 0.0829772 0.0000010 0.0765618 0.1157259 0.0947621 0.0897291 0.0856514 0.0716272 0.0893782 0.0838305 0.1211985 0.0695902 0.1132848 0.0840162 0.0566991 0.0773484 0.0422026 0.0000000 0.0524585 0.0413528 0.0850394 0.0784139 0.0619237 0.0669637 0.0731702 0.1164807 0.0781946 0.0489462 0.0744006 0.0738221 0.0842518 0.0832360 0.0734660 0.0526374 0.0792259 0.0270474 0.0566991 0.0906642 0.0837763 0.0570253 0.0964635 0.0624018 0.0954265 0.0464314 0.0717187 0.0617309 0.0679839 0.0903401 0.0177541 0.0895862 0.0691182 0.1017107 0.0738137 0.0517608 0.0902721 0.0474489 
