135
S0055       0.0000000 0.0698490 0.0823802 0.0643768 0.0419366 0.0987227 0.0671519 0.0664014 0.0671023 0.0692384 0.0806565 0.0826065 0.0941274 0.0848639 0.0890412 0.0717341 0.0671094 0.0979444 0.0831936 0.0716967 0.0333141 0.0384885 0.0737985 0.0494662 0.0691494 0.0575842 0.0614933 0.0632263 0.0801195 0.0628000 0.0671454 0.0584402 0.0901409 0.0867491 0.0754098 0.0417291 0.0408110 0.0763576 0.0765796 0.0661469 0.0394671 0.0354242 0.0615436 0.0859426 0.0995507 0.0456150 0.0852563 0.0771199 0.0391103 0.0681452 0.0552453 0.0376008 0.0561601 0.0550190 0.0691965 0.0635483 0.0727887 0.0821113 0.0614292 0.0764591 0.0527722 0.0753794 0.0784202 0.0761147 0.0695813 0.0668327 0.0721289 0.0637514 0.0693730 0.1043372 0.0428218 0.0922690 0.0929944 0.0695250 0.0730640 0.1038283 0.0630955 0.1033869 0.0976096 0.0697109 0.0783705 0.0886114 0.0464161 0.0653488 0.0996101 0.0389995 0.0445293 0.0566020 0.0702965 0.0587538 0.0605715 0.0796540 0.0739433 0.0710892 0.0856708 0.0811185 0.0833954 0.0346917 0.0874112 0.0724771 0.0652064 0.0410909 0.0331235 0.0216287 0.0742752 0.0404792 0.0749523 0.0642809 0.0716122 0.0756405 0.0467997 0.0591429 0.0643405 0.0688617 0.0642666 0.0386764 0.0712739 0.0695831 0.0630964 0.0425542 0.0810419 0.0381978 0.0754332 0.0333794 0.0390829 0.0788169 0.0663774 0.0687760 0.0645999 0.0525293 0.0841777 0.0571994 0.0603928 0.0613204 0.0574627 
S0196sl     0.0698490 0.0000000 0.1031968 0.0465146 0.0760875 0.0902243 0.0784833 0.0624468 0.1170255 0.1083409 0.0890547 0.0852930 0.0905571 0.0760745 0.0899085 0.0649040 0.0624573 0.1071592 0.0800809 0.1008160 0.0650948 0.0687161 0.0766552 0.0682534 0.0666141 0.0225270 0.0803515 0.0723885 0.0787001 0.0686187 0.0656594 0.0931879 0.0891523 0.0845790 0.0755130 0.0784221 0.0804835 0.0685404 0.0820809 0.0646851 0.0753252 0.0613332 0.0439651 0.0779325 0.1172656 0.0870224 0.0810508 0.0849095 0.0750624 0.0676513 0.0194561 0.0694998 0.0178973 0.0225473 0.0698798 0.0471868 0.0780514 0.0798230 0.0597541 0.0795541 0.0441685 0.0735138 0.0771802 0.0730699 0.0657740 0.0640580 0.0675803 0.1071883 0.0395184 0.1107053 0.0445102 0.0947537 0.0989152 0.0722122 0.0758957 0.1141840 0.0269637 0.1192593 0.1114697 0.0649188 0.0776144 0.0928668 0.0757937 0.0646485 0.1167915 0.0715512 0.0772570 0.0516930 0.0660671 0.0589320 0.0587530 0.0742000 0.0813115 0.0741028 0.0889056 0.0801801 0.0812760 0.0696927 0.0904643 0.0704816 0.0611041 0.0718116 0.0657487 0.0580269 0.0702019 0.0661054 0.0728957 0.0577643 0.0668401 0.0838721 0.0795996 0.0210449 0.0825427 0.0378536 0.0632788 0.0724537 0.0388090 0.0648243 0.0581040 0.0690831 0.0868031 0.0757153 0.0767835 0.0671576 0.0799066 0.0708789 0.0609179 0.0684921 0.0587977 0.0472609 0.0835909 0.0448451 0.0580013 0.0695014 0.0509707 
S0278       0.0823802 0.1031968 0.0000000 0.0874837 0.0888063 0.1081599 0.0443850 0.0906355 0.1104776 0.1144381 0.0551118 0.0967766 0.1057501 0.0508637 0.0982955 0.0497255 0.0913440 0.1183939 0.0956300 0.1010133 0.0786921 0.0808827 0.0496850 0.0927264 0.0438565 0.0727342 0.0859657 0.0506120 0.0924479 0.0670228 0.0872751 0.1010913 0.1069039 0.0939928 0.0445752 0.0894549 0.0741837 0.0531109 0.0736986 0.0574370 0.0793473 0.0848926 0.0811261 0.0969306 0.1190049 0.0885210 0.0966118 0.0978107 0.0855917 0.0885190 0.0734939 0.0842796 0.0732450 0.0760834 0.0929190 0.0837172 0.0733873 0.1015494 0.0542785 0.0721527 0.0724377 0.0549153 0.0934149 0.0948489 0.0852736 0.0870038 0.0925076 0.1049710 0.0851203 0.1271264 0.0638036 0.1009066 0.1048724 0.0877982 0.0904749 0.1247459 0.0835689 0.1243076 0.0780725 0.0896162 0.0907975 0.0994538 0.0893040 0.0918047 0.1222966 0.0825856 0.0909357 0.0804963 0.0473687 0.0526599 0.0555587 0.0936457 0.0704678 0.0389642 0.0993643 0.0949345 0.0976383 0.0775685 0.1040565 0.0894495 0.0865796 0.0830092 0.0728762 0.0792036 0.0979415 0.0842559 0.0782567 0.0881726 0.0939577 0.0443341 0.0917885 0.0761143 0.0350459 0.0862365 0.0558922 0.0839548 0.0882923 0.0946605 0.0824887 0.0852618 0.0488518 0.0834932 0.0749699 0.0767179 0.0851600 0.0950721 0.0854137 0.0578751 0.0840000 0.0738067 0.1056876 0.0723905 0.0806750 0.0856679 0.0797632 
S0281       0.0643768 0.0465146 0.0874837 0.0000000 0.0761509 0.1022911 0.0717063 0.0620831 0.1074152 0.0973660 0.0833588 0.0846727 0.0978695 0.0807098 0.0906047 0.0728827 0.0640328 0.0918887 0.0834890 0.0861422 0.0636019 0.0672882 0.0738130 0.0664710 0.0678423 0.0319625 0.0731764 0.0750902 0.0804655 0.0645460 0.0605635 0.0829242 0.0961058 0.0891428 0.0683086 0.0724187 0.0739141 0.0747792 0.0773060 0.0639290 0.0635447 0.0662786 0.0300436 0.0846007 0.1036729 0.0719514 0.0873336 0.0877229 0.0710223 0.0611687 0.0301564 0.0700422 0.0301252 0.0325037 0.0637528 0.0309342 0.0779016 0.0832307 0.0632597 0.0804564 0.0481228 0.0753163 0.0809120 0.0775028 0.0636544 0.0602461 0.0605919 0.0939145 0.0461577 0.1138264 0.0471168 0.0968716 0.0972399 0.0648953 0.0693815 0.1081485 0.0320789 0.1116040 0.0916872 0.0650284 0.0703477 0.0954954 0.0701131 0.0674967 0.1055877 0.0710635 0.0719577 0.0475651 0.0665142 0.0611078 0.0639776 0.0805236 0.0772879 0.0704550 0.0903543 0.0831635 0.0849026 0.0640777 0.0915145 0.0681887 0.0614045 0.0729573 0.0625743 0.0568132 0.0687131 0.0641605 0.0789851 0.0593056 0.0651601 0.0774524 0.0735511 0.0325149 0.0690951 0.0462017 0.0677537 0.0705802 0.0474001 0.0673849 0.0572599 0.0709271 0.0799006 0.0675899 0.0798789 0.0632182 0.0668362 0.0744590 0.0621953 0.0707694 0.0595966 0.0493912 0.0798694 0.0398768 0.0562528 0.0747643 0.0537822 
S0282       0.0419366 0.0760875 0.0888063 0.0761509 0.0000000 0.1005171 0.0722840 0.0724816 0.0461936 0.0665392 0.0884336 0.0870126 0.0967537 0.0877732 0.0896506 0.0753321 0.0750954 0.1078627 0.0854211 0.0792076 0.0158519 0.0225211 0.0737646 0.0552051 0.0717999 0.0647023 0.0641357 0.0692802 0.0812422 0.0687537 0.0692291 0.0623259 0.0929787 0.0889285 0.0800979 0.0367479 0.0259723 0.0778743 0.0838542 0.0691910 0.0432636 0.0152519 0.0709369 0.0892996 0.1045941 0.0498808 0.0858560 0.0815277 0.0280019 0.0740088 0.0618059 0.0207478 0.0622453 0.0626855 0.0727969 0.0729163 0.0802727 0.0865708 0.0654954 0.0813389 0.0599213 0.0778864 0.0816897 0.0777755 0.0742969 0.0720189 0.0773103 0.0643964 0.0771771 0.1111997 0.0465130 0.0943507 0.1010766 0.0714773 0.0793635 0.1100724 0.0704641 0.1094580 0.0928832 0.0740360 0.0840954 0.0912511 0.0502292 0.0757825 0.1063927 0.0207368 0.0441059 0.0653363 0.0744187 0.0632979 0.0656377 0.0823981 0.0784045 0.0743078 0.0885444 0.0817862 0.0845421 0.0216199 0.0923283 0.0788281 0.0717252 0.0217284 0.0200292 0.0431746 0.0798484 0.0437433 0.0795150 0.0730298 0.0793510 0.0816149 0.0440224 0.0653816 0.0669054 0.0771800 0.0667946 0.0161121 0.0796917 0.0751954 0.0655748 0.0318417 0.0846997 0.0313302 0.0823610 0.0284932 0.0442980 0.0835911 0.0716011 0.0697500 0.0671292 0.0591153 0.0949797 0.0638210 0.0650014 0.0660528 0.0657272 
S0288       0.0987227 0.0902243 0.1081599 0.1022911 0.1005171 0.0000000 0.1000250 0.0993867 0.1407297 0.1334575 0.1081153 0.0314884 0.0633688 0.1047106 0.0255249 0.0951329 0.1064920 0.1277197 0.0238170 0.1182093 0.0940468 0.0934601 0.1076417 0.1024972 0.0920897 0.0868055 0.1040259 0.0944675 0.0151431 0.0908361 0.1040921 0.1203924 0.0631076 0.0261312 0.0934036 0.1043572 0.1024516 0.0986428 0.1001097 0.0954637 0.0998783 0.0899163 0.0953442 0.0272153 0.1292864 0.1039852 0.0251817 0.1143630 0.1011537 0.1072317 0.0852120 0.1002461 0.0852000 0.0856833 0.1078172 0.1006682 0.1028704 0.0733058 0.0912570 0.0997143 0.0845492 0.0914270 0.0311751 0.1110523 0.1004706 0.1011501 0.0988783 0.1245799 0.1047774 0.1303625 0.0792030 0.0752878 0.0689970 0.1062078 0.1090981 0.1333940 0.0860752 0.1320314 0.1123354 0.1066648 0.1115053 0.0734192 0.1051213 0.1073379 0.1313882 0.0989983 0.1093366 0.0835642 0.0965092 0.0905850 0.0940578 0.0232235 0.1046590 0.0978446 0.0649525 0.0239652 0.0272217 0.0916036 0.0750537 0.1012307 0.0947856 0.1019501 0.0883615 0.0946873 0.1068084 0.0992363 0.1036709 0.1010708 0.1041657 0.1048604 0.1069783 0.0899740 0.0956234 0.1023849 0.0942839 0.0963330 0.1037366 0.1056100 0.0951749 0.1030099 0.1091905 0.0974537 0.1012600 0.0935739 0.1042462 0.1126007 0.1011494 0.0979345 0.1016931 0.0874473 0.1206637 0.0892370 0.0950264 0.1029656 0.0920678 
S0289       0.0671519 0.0784833 0.0443850 0.0717063 0.0722840 0.1000250 0.0000000 0.0736452 0.0961903 0.0985441 0.0420875 0.0795587 0.0926540 0.0406465 0.0868792 0.0391077 0.0747213 0.0988619 0.0812030 0.0809930 0.0637719 0.0627778 0.0355370 0.0752503 0.0275847 0.0607141 0.0701547 0.0446865 0.0776601 0.0508609 0.0702777 0.0877224 0.0934945 0.0839562 0.0330513 0.0737913 0.0656297 0.0433022 0.0571172 0.0466888 0.0637282 0.0641650 0.0652184 0.0822268 0.1069093 0.0687462 0.0821721 0.0829929 0.0692327 0.0734775 0.0583930 0.0675000 0.0588023 0.0608547 0.0751491 0.0685958 0.0547205 0.0825841 0.0426358 0.0586089 0.0586012 0.0368325 0.0764985 0.0806449 0.0694637 0.0694558 0.0754783 0.0830647 0.0667776 0.1118871 0.0499866 0.0920114 0.0901081 0.0728191 0.0762550 0.1119192 0.0671002 0.1114808 0.0696244 0.0708969 0.0773404 0.0878502 0.0733868 0.0748379 0.1100784 0.0674492 0.0752677 0.0599744 0.0326239 0.0406322 0.0439031 0.0777237 0.0559586 0.0306029 0.0857985 0.0798245 0.0824843 0.0611911 0.0854700 0.0740152 0.0696876 0.0661253 0.0596717 0.0608908 0.0810927 0.0695545 0.0623695 0.0719965 0.0767828 0.0284916 0.0764671 0.0598733 0.0297766 0.0693612 0.0448022 0.0675305 0.0717182 0.0796032 0.0662924 0.0694273 0.0355766 0.0681541 0.0617700 0.0623719 0.0684666 0.0792963 0.0707450 0.0447050 0.0660384 0.0593337 0.0900023 0.0598577 0.0646089 0.0720898 0.0643916 
S0292       0.0664014 0.0624468 0.0906355 0.0620831 0.0724816 0.0993867 0.0736452 0.0000000 0.0990595 0.0953353 0.0834863 0.0831927 0.0942831 0.0845806 0.0891648 0.0751808 0.0489606 0.0724565 0.0837992 0.0817518 0.0624109 0.0629365 0.0735085 0.0712215 0.0697010 0.0517424 0.0671436 0.0738089 0.0791509 0.0608866 0.0540213 0.0869915 0.0869625 0.0816346 0.0734050 0.0675399 0.0713891 0.0775678 0.0735674 0.0646831 0.0646229 0.0665867 0.0587243 0.0842130 0.1051836 0.0736899 0.0842282 0.0814252 0.0687795 0.0565633 0.0509172 0.0681963 0.0488657 0.0513680 0.0575535 0.0580514 0.0713877 0.0813729 0.0609704 0.0730779 0.0388254 0.0715763 0.0784167 0.0580813 0.0533860 0.0530861 0.0562497 0.0900914 0.0616387 0.1085163 0.0405302 0.0925350 0.0932961 0.0579897 0.0611192 0.1077955 0.0521234 0.1088747 0.0855236 0.0565841 0.0597402 0.0901757 0.0716392 0.0238854 0.1076677 0.0686798 0.0721518 0.0386454 0.0670164 0.0583362 0.0622915 0.0797442 0.0709264 0.0729493 0.0859942 0.0801850 0.0818414 0.0623768 0.0883296 0.0517719 0.0076617 0.0694152 0.0593927 0.0610675 0.0225566 0.0652525 0.0771680 0.0203799 0.0101692 0.0745353 0.0748545 0.0523735 0.0650022 0.0611396 0.0638347 0.0692933 0.0639781 0.0200884 0.0436090 0.0685419 0.0767849 0.0648284 0.0741056 0.0620326 0.0687985 0.0555918 0.0481226 0.0672775 0.0510347 0.0391265 0.0742794 0.0493939 0.0411132 0.0696896 0.0431942 
S0293       0.0671023 0.1170255 0.1104776 0.1074152 0.0461936 0.1407297 0.0961903 0.0990595 0.0000000 0.0930852 0.1068836 0.1185125 0.1294368 0.1008377 0.1240486 0.0924064 0.1044993 0.1373563 0.1209875 0.0951071 0.0401251 0.0461559 0.0861005 0.0825664 0.0844995 0.0913580 0.0948604 0.0654646 0.1152561 0.0907406 0.0934837 0.0853539 0.1229656 0.1224442 0.1031760 0.0614419 0.0551052 0.0997990 0.1028138 0.0893129 0.0736287 0.0566422 0.0977543 0.1212368 0.1387077 0.0751581 0.1204983 0.1098214 0.0497083 0.0974243 0.0901139 0.0440703 0.0870015 0.0851022 0.1044265 0.0990121 0.0961130 0.1171550 0.0867170 0.1024415 0.0844848 0.0991676 0.1142827 0.1151388 0.0964516 0.0951243 0.1078498 0.0944130 0.1012453 0.1460187 0.0674804 0.1278296 0.1285313 0.0991032 0.1128513 0.1463817 0.1001556 0.1454267 0.1113069 0.0995305 0.1121733 0.1271914 0.0765781 0.0983536 0.1435319 0.0481194 0.0666093 0.0909458 0.0934924 0.0869054 0.0881765 0.1138463 0.0981553 0.0914088 0.1172128 0.1158578 0.1178418 0.0475368 0.1275495 0.1085937 0.0954030 0.0497851 0.0479145 0.0692549 0.1028364 0.0631031 0.0913427 0.0963990 0.1028831 0.1010388 0.0634045 0.0924642 0.0792212 0.0980452 0.0883460 0.0461715 0.1025300 0.0958654 0.0941650 0.0561585 0.1022856 0.0587973 0.0998996 0.0532100 0.0661417 0.1098872 0.0992723 0.0926297 0.0951378 0.0854544 0.1208441 0.0868052 0.0924533 0.0895031 0.0895295 
S0294       0.0692384 0.1083409 0.1144381 0.0973660 0.0665392 0.1334575 0.0985441 0.0953353 0.0930852 0.0000000 0.1102076 0.1122771 0.1266903 0.1111378 0.1200135 0.0967373 0.0964174 0.1219705 0.1126307 0.1080084 0.0541659 0.0581684 0.0994729 0.0744012 0.0950338 0.0891563 0.0896751 0.0994005 0.1087054 0.0918329 0.0939112 0.0917931 0.1255760 0.1175722 0.1013695 0.0681741 0.0633101 0.1027166 0.1075226 0.0976234 0.0707368 0.0604410 0.0893570 0.1160799 0.1267380 0.0749943 0.1141372 0.1103047 0.0623107 0.0972975 0.0876443 0.0612628 0.0849051 0.0886466 0.0957299 0.0923740 0.1061744 0.1163055 0.0943454 0.1046168 0.0822287 0.1002942 0.1097298 0.1090926 0.0966139 0.0914956 0.0978356 0.0544714 0.1004803 0.1338892 0.0715876 0.1214228 0.1232110 0.0954916 0.1024710 0.1314833 0.0933951 0.1316547 0.1239330 0.0969076 0.1104602 0.1197255 0.0771412 0.1018083 0.1294851 0.0582227 0.0630463 0.0805905 0.1002923 0.0912736 0.0943412 0.1092824 0.1043381 0.0973134 0.1177960 0.1117900 0.1127293 0.0555124 0.1178514 0.0974715 0.0935144 0.0595115 0.0551881 0.0682975 0.1058299 0.0662937 0.1081223 0.0984113 0.1004606 0.1083022 0.0630957 0.0893999 0.0961173 0.0999248 0.0950801 0.0617601 0.1038534 0.0970430 0.0897394 0.0603705 0.1098906 0.0603865 0.1053487 0.0562721 0.0689597 0.1025290 0.0950355 0.0969293 0.0922614 0.0813068 0.1149757 0.0853921 0.0885513 0.0923716 0.0874096 
S0299       0.0806565 0.0890547 0.0551118 0.0833588 0.0884336 0.1081153 0.0420875 0.0834863 0.1068836 0.1102076 0.0000000 0.0941392 0.1039165 0.0484415 0.1022167 0.0531520 0.0859329 0.1109233 0.0946284 0.0957318 0.0797716 0.0792476 0.0506350 0.0862289 0.0446840 0.0720358 0.0872392 0.0527564 0.0925220 0.0653822 0.0845755 0.1022964 0.1043457 0.0906862 0.0421286 0.0877265 0.0819654 0.0555370 0.0684916 0.0591731 0.0822770 0.0817607 0.0779907 0.0942826 0.1176528 0.0866632 0.0956188 0.0937415 0.0846098 0.0869031 0.0706233 0.0831774 0.0710868 0.0732960 0.0873696 0.0821198 0.0679200 0.1006040 0.0561480 0.0704710 0.0704006 0.0496889 0.0924845 0.0931376 0.0836455 0.0835354 0.0894655 0.1016590 0.0812357 0.1245913 0.0572506 0.1080068 0.1034647 0.0834404 0.0848855 0.1235519 0.0787991 0.1255060 0.0686341 0.0863625 0.0902851 0.1067760 0.0897081 0.0829120 0.1222867 0.0831122 0.0888731 0.0711737 0.0467772 0.0558290 0.0572076 0.0931455 0.0693555 0.0462042 0.1004087 0.0929038 0.0971510 0.0758974 0.1040065 0.0851771 0.0809837 0.0818012 0.0739062 0.0727320 0.0924834 0.0815886 0.0712838 0.0805598 0.0878969 0.0461633 0.0890658 0.0710758 0.0451592 0.0845692 0.0581892 0.0863852 0.0849750 0.0886997 0.0782328 0.0854061 0.0421983 0.0817809 0.0726931 0.0766691 0.0855689 0.0895739 0.0822668 0.0554908 0.0789180 0.0695307 0.0954317 0.0700389 0.0752473 0.0872063 0.0736268 
S0303       0.0826065 0.0852930 0.0967766 0.0846727 0.0870126 0.0314884 0.0795587 0.0831927 0.1185125 0.1122771 0.0941392 0.0000000 0.0562277 0.0941183 0.0218620 0.0813473 0.0881985 0.1095665 0.0169853 0.1029501 0.0772809 0.0773818 0.0884454 0.0882406 0.0751771 0.0698715 0.0854895 0.0881880 0.0151613 0.0766023 0.0848073 0.0984964 0.0519864 0.0319736 0.0847227 0.0875003 0.0881723 0.0831864 0.0843460 0.0770172 0.0830001 0.0841141 0.0772977 0.0198525 0.1101661 0.0858420 0.0196693 0.0987542 0.0836627 0.0887276 0.0695276 0.0840243 0.0683988 0.0693715 0.0945172 0.0815566 0.0835483 0.0569584 0.0725585 0.0851740 0.0675906 0.0819954 0.0174089 0.0995567 0.0843589 0.0827603 0.0867951 0.1059612 0.0850438 0.1180803 0.0607606 0.0615327 0.0553395 0.0883990 0.0920709 0.1145495 0.0768370 0.1145811 0.1020942 0.0898517 0.0953040 0.0596431 0.0894745 0.0881975 0.1112668 0.0796336 0.0916051 0.0743575 0.0804064 0.0714495 0.0750702 0.0111967 0.0843445 0.0791219 0.0494943 0.0162492 0.0179357 0.0762269 0.0597648 0.0868565 0.0784943 0.0822051 0.0715286 0.0801465 0.0903860 0.0830210 0.0886569 0.0830834 0.0853785 0.0871411 0.0902227 0.0716367 0.0794302 0.0845173 0.0772339 0.0804304 0.0853387 0.0887849 0.0798462 0.0866277 0.0907542 0.0780862 0.0826151 0.0791411 0.0861412 0.0960078 0.0840449 0.0792061 0.0854194 0.0719394 0.1038941 0.0700280 0.0785834 0.0879452 0.0780001 
S0308       0.0941274 0.0905571 0.1057501 0.0978695 0.0967537 0.0633688 0.0926540 0.0942831 0.1294368 0.1266903 0.1039165 0.0562277 0.0000000 0.1068181 0.0597819 0.0916079 0.1017625 0.1299544 0.0543488 0.1121827 0.0870601 0.0881919 0.0976183 0.1028584 0.0877582 0.0773405 0.0984090 0.1048173 0.0512249 0.0859082 0.0941913 0.1113897 0.0610695 0.0635342 0.0967367 0.1010171 0.0937826 0.0947586 0.0980031 0.0912257 0.0897693 0.0907873 0.0883987 0.0569203 0.1251360 0.0998029 0.0541904 0.1079828 0.0970301 0.0992788 0.0758715 0.0938246 0.0769209 0.0757837 0.1016260 0.0949179 0.0969453 0.0681385 0.0885601 0.0943817 0.0798380 0.1000401 0.0511638 0.1069489 0.0922538 0.0938613 0.1007289 0.1223078 0.0915556 0.1277795 0.0735270 0.0706318 0.0655957 0.0954264 0.0992953 0.1290114 0.0852268 0.1285679 0.1113480 0.0957350 0.1062510 0.0682006 0.1010827 0.1015563 0.1283831 0.0893823 0.1047481 0.0866555 0.0908399 0.0860361 0.0892563 0.0502344 0.0949807 0.0910464 0.0624605 0.0512807 0.0529478 0.0864672 0.0700240 0.0987103 0.0893784 0.0936814 0.0811782 0.0924873 0.0965539 0.0922783 0.0960371 0.0934686 0.0970482 0.0987793 0.1040077 0.0796610 0.0914753 0.0893867 0.0887328 0.0887015 0.0931229 0.0962620 0.0910265 0.0972885 0.1021675 0.0914654 0.0960944 0.0878074 0.0972471 0.1046488 0.0976040 0.0916545 0.0917462 0.0822449 0.1154075 0.0763386 0.0885579 0.0998810 0.0901122 
S0320       0.0848639 0.0760745 0.0508637 0.0807098 0.0877732 0.1047106 0.0406465 0.0845806 0.1008377 0.1111378 0.0484415 0.0941183 0.1068181 0.0000000 0.0990318 0.0463790 0.0845910 0.1118177 0.0955034 0.0925611 0.0775821 0.0769843 0.0409817 0.0930083 0.0407148 0.0713303 0.0872174 0.0493605 0.0914897 0.0659611 0.0830551 0.1003732 0.1072942 0.0852808 0.0393031 0.0902534 0.0763317 0.0525138 0.0695255 0.0600065 0.0794438 0.0806073 0.0775635 0.0942074 0.1132435 0.0923845 0.0949281 0.0945282 0.0837453 0.0861287 0.0698420 0.0805751 0.0686662 0.0709517 0.0867372 0.0808857 0.0709139 0.0975666 0.0539047 0.0730896 0.0678049 0.0420744 0.0910919 0.0871784 0.0845162 0.0827347 0.0877659 0.0971934 0.0821079 0.1203725 0.0601760 0.1055402 0.1054236 0.0853597 0.0883705 0.1172649 0.0761022 0.1199246 0.0684735 0.0862935 0.0889318 0.1044242 0.0906006 0.0846579 0.1165639 0.0823061 0.0904916 0.0709757 0.0406749 0.0554779 0.0564294 0.0909290 0.0691820 0.0371438 0.0985913 0.0913844 0.0962385 0.0758262 0.1048632 0.0868008 0.0802046 0.0809317 0.0703182 0.0744713 0.0915219 0.0816238 0.0709951 0.0809450 0.0856076 0.0422328 0.0913763 0.0709879 0.0363954 0.0837828 0.0574185 0.0837958 0.0860345 0.0879961 0.0768956 0.0825410 0.0444450 0.0831149 0.0731338 0.0769833 0.0822541 0.0926796 0.0807491 0.0605227 0.0778231 0.0674539 0.1000095 0.0708951 0.0755799 0.0853722 0.0697189 
S0322       0.0890412 0.0899085 0.0982955 0.0906047 0.0896506 0.0255249 0.0868792 0.0891648 0.1240486 0.1200135 0.1022167 0.0218620 0.0597819 0.0990318 0.0000000 0.0875814 0.0949949 0.1188605 0.0152917 0.1078977 0.0825184 0.0842107 0.0939085 0.0949484 0.0812366 0.0746348 0.0910037 0.0885326 0.0148221 0.0810850 0.0922342 0.1086617 0.0565542 0.0175500 0.0896582 0.0917676 0.0880705 0.0896659 0.0934043 0.0816906 0.0847774 0.0920321 0.0841856 0.0164465 0.1165286 0.0935322 0.0143077 0.1035194 0.0896729 0.0946127 0.0725536 0.0882299 0.0731418 0.0730610 0.0986565 0.0885597 0.0934970 0.0616423 0.0771570 0.0916907 0.0742131 0.0877086 0.0216412 0.1022693 0.0883133 0.0896843 0.0948947 0.1145161 0.0914153 0.1234110 0.0681481 0.0619966 0.0605375 0.0948111 0.0981084 0.1203080 0.0814522 0.1210788 0.0937574 0.0951901 0.1013930 0.0623209 0.0927417 0.0948518 0.1191212 0.0864457 0.0972201 0.0792515 0.0855211 0.0765148 0.0790442 0.0129965 0.0936546 0.0854530 0.0545625 0.0122208 0.0139246 0.0808260 0.0628031 0.0925331 0.0843648 0.0897486 0.0777309 0.0863542 0.0954238 0.0889607 0.0940680 0.0907033 0.0919590 0.0905679 0.0974674 0.0769773 0.0826159 0.0903233 0.0824508 0.0857509 0.0917371 0.0932366 0.0839012 0.0902567 0.0985506 0.0868192 0.0925736 0.0833205 0.0932278 0.1047504 0.0907408 0.0850188 0.0906259 0.0775645 0.1086794 0.0771072 0.0844795 0.0919346 0.0824308 
S0327       0.0717341 0.0649040 0.0497255 0.0728827 0.0753321 0.0951329 0.0391077 0.0751808 0.0924064 0.0967373 0.0531520 0.0813473 0.0916079 0.0463790 0.0875814 0.0000000 0.0740062 0.1011878 0.0807024 0.0840350 0.0641667 0.0667708 0.0414382 0.0790516 0.0338856 0.0575761 0.0743713 0.0380061 0.0777622 0.0505694 0.0722972 0.0876474 0.0911161 0.0739863 0.0396556 0.0764119 0.0623618 0.0359577 0.0540285 0.0464466 0.0668002 0.0690607 0.0677209 0.0817831 0.1008262 0.0754271 0.0810760 0.0827250 0.0706678 0.0734160 0.0571354 0.0700025 0.0561535 0.0582051 0.0779938 0.0684620 0.0556755 0.0809947 0.0438994 0.0534998 0.0579494 0.0350598 0.0787106 0.0765361 0.0714153 0.0729912 0.0766471 0.0916570 0.0670846 0.1092042 0.0503997 0.0865606 0.0933882 0.0748499 0.0771648 0.1057797 0.0641586 0.1076391 0.0545683 0.0755295 0.0786507 0.0863799 0.0775275 0.0750904 0.1033504 0.0689110 0.0799617 0.0619722 0.0330010 0.0418723 0.0451743 0.0777450 0.0538461 0.0389218 0.0848548 0.0792501 0.0819255 0.0636092 0.0856253 0.0753706 0.0711384 0.0703154 0.0595095 0.0654410 0.0810864 0.0715322 0.0581949 0.0729912 0.0767809 0.0431710 0.0812665 0.0582394 0.0413747 0.0686510 0.0456722 0.0694780 0.0699109 0.0783454 0.0678246 0.0718994 0.0446874 0.0712643 0.0545592 0.0648120 0.0709625 0.0807276 0.0711590 0.0484981 0.0695477 0.0596688 0.0892484 0.0571277 0.0659986 0.0768549 0.0652660 
S0335       0.0671094 0.0624573 0.0913440 0.0640328 0.0750954 0.1064920 0.0747213 0.0489606 0.1044993 0.0964174 0.0859329 0.0881985 0.1017625 0.0845910 0.0949949 0.0740062 0.0000000 0.0614925 0.0894560 0.0826468 0.0628152 0.0647870 0.0751186 0.0776783 0.0718984 0.0520887 0.0697229 0.0715998 0.0852548 0.0664116 0.0599195 0.0847951 0.0898761 0.0883451 0.0734189 0.0731809 0.0714336 0.0777049 0.0796535 0.0650445 0.0612542 0.0629653 0.0545321 0.0912248 0.1082669 0.0726584 0.0893375 0.0854321 0.0717743 0.0609842 0.0493002 0.0675635 0.0487400 0.0507278 0.0571800 0.0559828 0.0795060 0.0876437 0.0613847 0.0795145 0.0401688 0.0745296 0.0846047 0.0680837 0.0577678 0.0575230 0.0593811 0.0903674 0.0616605 0.1137615 0.0442008 0.0953106 0.1018090 0.0609149 0.0641346 0.1126384 0.0515895 0.1144889 0.0929985 0.0584125 0.0545677 0.0928960 0.0740858 0.0501839 0.1118388 0.0690812 0.0746797 0.0375846 0.0690318 0.0587292 0.0626545 0.0858605 0.0776329 0.0745254 0.0893022 0.0858343 0.0852109 0.0626844 0.0958684 0.0389103 0.0452378 0.0715105 0.0591550 0.0624818 0.0539063 0.0674350 0.0807507 0.0489026 0.0509286 0.0776888 0.0781366 0.0512370 0.0691798 0.0616790 0.0641990 0.0697005 0.0618660 0.0503665 0.0273101 0.0698919 0.0819705 0.0662528 0.0810763 0.0628546 0.0655889 0.0439357 0.0181309 0.0666099 0.0544210 0.0404886 0.0790208 0.0493324 0.0258827 0.0732278 0.0470171 
S0345       0.0979444 0.1071592 0.1183939 0.0918887 0.1078627 0.1277197 0.0988619 0.0724565 0.1373563 0.1219705 0.1109233 0.1095665 0.1299544 0.1118177 0.1188605 0.1011878 0.0614925 0.0000000 0.1140733 0.1110668 0.0943392 0.0986522 0.1012428 0.0972789 0.0991470 0.0843642 0.1003991 0.1217929 0.1079171 0.0953972 0.0868522 0.1195905 0.1209794 0.1174752 0.1053092 0.1040772 0.1095055 0.1087748 0.1080369 0.0920102 0.0926982 0.1063051 0.0846314 0.1132920 0.1373359 0.1039021 0.1125242 0.1065788 0.1022012 0.0886886 0.0829130 0.0987287 0.0798041 0.0839980 0.0871579 0.0855758 0.1045127 0.1130188 0.0882240 0.1056022 0.0655847 0.1023729 0.1077599 0.0985909 0.0877937 0.0829169 0.0886285 0.1180347 0.0929584 0.1424165 0.0650156 0.1256044 0.1235603 0.0853770 0.0888393 0.1396607 0.0891011 0.1406231 0.1169906 0.0862481 0.0808894 0.1210221 0.1058480 0.0779150 0.1381513 0.1024913 0.1074241 0.0685316 0.0952705 0.0845541 0.0889686 0.1086676 0.1053141 0.1001471 0.1177297 0.1121259 0.1138068 0.0960841 0.1203895 0.0406183 0.0734540 0.1055306 0.0933737 0.0934883 0.0833511 0.0988376 0.1109098 0.0764181 0.0781439 0.1067686 0.1097350 0.0846157 0.1042674 0.0917182 0.0934699 0.0982036 0.0946661 0.0782981 0.0499564 0.1028336 0.1041776 0.0946182 0.1090404 0.0963973 0.0949876 0.0393081 0.0587897 0.0955723 0.0833494 0.0642215 0.1012405 0.0774660 0.0477365 0.0996585 0.0725886 
S0355       0.0831936 0.0800809 0.0956300 0.0834890 0.0854211 0.0238170 0.0812030 0.0837992 0.1209875 0.1126307 0.0946284 0.0169853 0.0543488 0.0955034 0.0152917 0.0807024 0.0894560 0.1140733 0.0000000 0.1005031 0.0779431 0.0790483 0.0871572 0.0887502 0.0752419 0.0688012 0.0843860 0.0879808 0.0093706 0.0744871 0.0864271 0.0997892 0.0501137 0.0245924 0.0832782 0.0862824 0.0875033 0.0810541 0.0839458 0.0765447 0.0819614 0.0812638 0.0756862 0.0060234 0.1100397 0.0869280 0.0124021 0.0977682 0.0848181 0.0897953 0.0679130 0.0845905 0.0683775 0.0672686 0.0925512 0.0804422 0.0847841 0.0565447 0.0721136 0.0836135 0.0697854 0.0830710 0.0168467 0.0980930 0.0838531 0.0844015 0.0889130 0.1050227 0.0848810 0.1161358 0.0620169 0.0643571 0.0549062 0.0894600 0.0926206 0.1143970 0.0758403 0.1144512 0.1036701 0.0886141 0.0974939 0.0627801 0.0866921 0.0904460 0.1105677 0.0823781 0.0922183 0.0753221 0.0793618 0.0710123 0.0740754 0.0106545 0.0861998 0.0785716 0.0476690 0.0107633 0.0128857 0.0762956 0.0598057 0.0876166 0.0791207 0.0849629 0.0721422 0.0800488 0.0898777 0.0819611 0.0865130 0.0842545 0.0865172 0.0855102 0.0913009 0.0721118 0.0797866 0.0838208 0.0767434 0.0815702 0.0857911 0.0888664 0.0799283 0.0854191 0.0914809 0.0809895 0.0816791 0.0786358 0.0877834 0.0978277 0.0842731 0.0792491 0.0853374 0.0731045 0.1044840 0.0710931 0.0793404 0.0885960 0.0778208 
S0376       0.0716967 0.1008160 0.1010133 0.0861422 0.0792076 0.1182093 0.0809930 0.0817518 0.0951071 0.1080084 0.0957318 0.1029501 0.1121827 0.0925611 0.1078977 0.0840350 0.0826468 0.1110668 0.1005031 0.0000000 0.0692420 0.0721090 0.0801494 0.0784819 0.0811171 0.0691859 0.0437852 0.0875916 0.0982373 0.0803063 0.0855496 0.0915137 0.1048768 0.1150943 0.0861888 0.0791894 0.0869298 0.0888961 0.0918251 0.0801416 0.0707542 0.0644934 0.0762854 0.1012941 0.1150929 0.0805929 0.1038315 0.0940792 0.0734690 0.0886120 0.0677288 0.0772933 0.0653803 0.0676560 0.0847125 0.0789325 0.0899773 0.0966964 0.0731529 0.0915522 0.0652167 0.0930719 0.0970053 0.1031156 0.0852699 0.0834306 0.0902407 0.0931046 0.0812228 0.1245468 0.0591233 0.1070944 0.1152699 0.0883490 0.0907826 0.1220119 0.0754401 0.1248197 0.1009952 0.0878790 0.0916528 0.1089850 0.0824971 0.0835529 0.1198593 0.0761188 0.0844078 0.0679470 0.0813207 0.0718864 0.0744801 0.0995465 0.0906024 0.0841987 0.1056772 0.1014228 0.1037708 0.0703185 0.1039525 0.0863325 0.0786563 0.0782564 0.0663564 0.0678073 0.0883349 0.0715308 0.0899886 0.0763706 0.0859272 0.0861638 0.0851055 0.0693824 0.0729960 0.0806186 0.0742939 0.0740892 0.0828337 0.0799016 0.0756379 0.0777183 0.0916035 0.0758006 0.0934019 0.0698039 0.0783642 0.0947233 0.0769934 0.0805735 0.0801803 0.0661691 0.0960998 0.0714157 0.0729928 0.0421969 0.0717636 
S0400       0.0333141 0.0650948 0.0786921 0.0636019 0.0158519 0.0940468 0.0637719 0.0624109 0.0401251 0.0541659 0.0797716 0.0772809 0.0870601 0.0775821 0.0825184 0.0641667 0.0628152 0.0943392 0.0779431 0.0692420 0.0000000 0.0136184 0.0647535 0.0466940 0.0626862 0.0533463 0.0557133 0.0610723 0.0738843 0.0582047 0.0606842 0.0530949 0.0837204 0.0798698 0.0711961 0.0277624 0.0179392 0.0676414 0.0737544 0.0587340 0.0340307 0.0104393 0.0592923 0.0810288 0.0945085 0.0424624 0.0789083 0.0713868 0.0194272 0.0648267 0.0520180 0.0101517 0.0509543 0.0523769 0.0646780 0.0607204 0.0705339 0.0769320 0.0550802 0.0705324 0.0481787 0.0673758 0.0727509 0.0725827 0.0646501 0.0629049 0.0679054 0.0543543 0.0685381 0.0997939 0.0385861 0.0854761 0.0896288 0.0629118 0.0689652 0.1003799 0.0595251 0.0988155 0.0800485 0.0653588 0.0734829 0.0847068 0.0418612 0.0661806 0.0962056 0.0101475 0.0321882 0.0542272 0.0653465 0.0529644 0.0552721 0.0739529 0.0680327 0.0631406 0.0788620 0.0743289 0.0770663 0.0127481 0.0815125 0.0669601 0.0606200 0.0110567 0.0111340 0.0338757 0.0712023 0.0346252 0.0707946 0.0609071 0.0680448 0.0707707 0.0329247 0.0544713 0.0571119 0.0669973 0.0568787 0.0116347 0.0699142 0.0644939 0.0551547 0.0199237 0.0742921 0.0230171 0.0725733 0.0193833 0.0351021 0.0747388 0.0594367 0.0597740 0.0591365 0.0484476 0.0834115 0.0524680 0.0541070 0.0570954 0.0552773 
S0405       0.0384885 0.0687161 0.0808827 0.0672882 0.0225211 0.0934601 0.0627778 0.0629365 0.0461559 0.0581684 0.0792476 0.0773818 0.0881919 0.0769843 0.0842107 0.0667708 0.0647870 0.0986522 0.0790483 0.0721090 0.0136184 0.0000000 0.0666830 0.0471914 0.0627127 0.0543593 0.0557384 0.0631902 0.0749722 0.0602476 0.0596954 0.0545382 0.0830970 0.0799256 0.0706708 0.0319294 0.0157989 0.0697411 0.0753890 0.0607806 0.0387808 0.0182348 0.0598227 0.0816911 0.0956631 0.0443654 0.0789437 0.0762538 0.0257125 0.0679350 0.0535280 0.0184783 0.0519612 0.0543782 0.0677785 0.0612525 0.0710697 0.0807665 0.0571188 0.0721117 0.0511507 0.0665807 0.0748898 0.0731221 0.0657110 0.0619074 0.0679396 0.0572430 0.0685701 0.1009555 0.0411329 0.0867690 0.0908819 0.0655377 0.0716086 0.1015554 0.0623256 0.1011157 0.0777794 0.0674381 0.0735087 0.0853151 0.0447594 0.0672209 0.0973716 0.0184697 0.0358681 0.0537268 0.0658998 0.0549882 0.0573010 0.0750419 0.0696256 0.0657394 0.0805054 0.0754320 0.0781713 0.0118723 0.0859595 0.0680261 0.0611453 0.0189952 0.0115528 0.0362292 0.0717427 0.0374567 0.0729152 0.0624486 0.0680766 0.0733487 0.0366917 0.0554916 0.0569047 0.0680592 0.0594234 0.0174119 0.0699471 0.0655471 0.0576844 0.0257775 0.0743189 0.0275507 0.0741582 0.0234052 0.0383784 0.0768909 0.0603363 0.0603072 0.0591613 0.0509197 0.0867268 0.0539786 0.0566282 0.0591281 0.0572999 
S0407sl     0.0737985 0.0766552 0.0496850 0.0738130 0.0737646 0.1076417 0.0355370 0.0735085 0.0861005 0.0994729 0.0506350 0.0884454 0.0976183 0.0409817 0.0939085 0.0414382 0.0751186 0.1012428 0.0871572 0.0801494 0.0647535 0.0666830 0.0000000 0.0787265 0.0293300 0.0637318 0.0700524 0.0400598 0.0831897 0.0548546 0.0770987 0.0828227 0.0931608 0.0824298 0.0384634 0.0714653 0.0726814 0.0498441 0.0642812 0.0529865 0.0638003 0.0534255 0.0647699 0.0856485 0.0976765 0.0716149 0.0891869 0.0833303 0.0724697 0.0778785 0.0646186 0.0695890 0.0618539 0.0624517 0.0806080 0.0662976 0.0640719 0.0810069 0.0492938 0.0675033 0.0615109 0.0435041 0.0823779 0.0861044 0.0726935 0.0738513 0.0827480 0.0930923 0.0736264 0.1021570 0.0526017 0.0879323 0.0907527 0.0800606 0.0845430 0.1039189 0.0635959 0.1007203 0.0733888 0.0757527 0.0766372 0.0858819 0.0750815 0.0766865 0.1019680 0.0675520 0.0761123 0.0667270 0.0381532 0.0487557 0.0505538 0.0854342 0.0609469 0.0357544 0.0844138 0.0839002 0.0867520 0.0633381 0.0857325 0.0749097 0.0690457 0.0707231 0.0636842 0.0669518 0.0797758 0.0701587 0.0648538 0.0719739 0.0775626 0.0355325 0.0751949 0.0632325 0.0249363 0.0728982 0.0510416 0.0688456 0.0767036 0.0729239 0.0711511 0.0720772 0.0432694 0.0741141 0.0670222 0.0662227 0.0728534 0.0808878 0.0704038 0.0529488 0.0714477 0.0624603 0.0905198 0.0636964 0.0667954 0.0692606 0.0690737 
S0412sl     0.0494662 0.0682534 0.0927264 0.0664710 0.0552051 0.1024972 0.0752503 0.0712215 0.0825664 0.0744012 0.0862289 0.0882406 0.1028584 0.0930083 0.0949484 0.0790516 0.0776783 0.0972789 0.0887502 0.0784819 0.0466940 0.0471914 0.0787265 0.0000000 0.0763047 0.0618539 0.0680767 0.0782814 0.0855401 0.0714900 0.0718606 0.0587679 0.1005223 0.0849956 0.0838779 0.0569598 0.0500313 0.0835085 0.0847344 0.0765674 0.0471632 0.0512998 0.0671794 0.0906264 0.1061178 0.0510599 0.0909076 0.0845153 0.0520493 0.0735931 0.0603523 0.0493546 0.0607579 0.0629494 0.0736818 0.0709056 0.0823016 0.0891769 0.0720602 0.0809398 0.0573347 0.0781511 0.0855029 0.0809076 0.0734106 0.0710838 0.0772626 0.0735399 0.0760456 0.1149223 0.0517139 0.1011871 0.0986047 0.0706638 0.0741568 0.1107090 0.0677148 0.1108571 0.0851534 0.0754015 0.0873120 0.0981159 0.0563283 0.0774053 0.1065171 0.0529142 0.0556625 0.0637309 0.0769574 0.0691202 0.0727636 0.0856159 0.0826884 0.0808119 0.0940388 0.0876558 0.0895014 0.0481453 0.0957813 0.0772404 0.0704370 0.0526231 0.0449423 0.0455168 0.0818592 0.0509557 0.0823966 0.0711299 0.0744938 0.0840629 0.0546009 0.0619302 0.0751508 0.0760396 0.0756363 0.0496625 0.0764374 0.0762052 0.0700573 0.0521287 0.0879097 0.0483389 0.0837203 0.0431698 0.0503594 0.0821850 0.0723801 0.0777228 0.0663841 0.0586937 0.0877305 0.0608342 0.0666145 0.0657672 0.0633056 
S0417       0.0691494 0.0666141 0.0438565 0.0678423 0.0717999 0.0920897 0.0275847 0.0697010 0.0844995 0.0950338 0.0446840 0.0751771 0.0877582 0.0407148 0.0812366 0.0338856 0.0718984 0.0991470 0.0752419 0.0811171 0.0626862 0.0627127 0.0293300 0.0763047 0.0000000 0.0550866 0.0700782 0.0349013 0.0717883 0.0448711 0.0671247 0.0854294 0.0895373 0.0721818 0.0336470 0.0737779 0.0587051 0.0371752 0.0515363 0.0432416 0.0641691 0.0678138 0.0604413 0.0761473 0.1004126 0.0717841 0.0762033 0.0785413 0.0681162 0.0697652 0.0537745 0.0663987 0.0526957 0.0541424 0.0723569 0.0632899 0.0522325 0.0805518 0.0406388 0.0546190 0.0559429 0.0330143 0.0737682 0.0710652 0.0642945 0.0668163 0.0721394 0.0864849 0.0645421 0.1081388 0.0499783 0.0845236 0.0873414 0.0696469 0.0723896 0.1053177 0.0620064 0.1048794 0.0554727 0.0677191 0.0726574 0.0838914 0.0765597 0.0708910 0.1034833 0.0663489 0.0751606 0.0582634 0.0318200 0.0391322 0.0423838 0.0718332 0.0483989 0.0291818 0.0808447 0.0726630 0.0753171 0.0601153 0.0829002 0.0706801 0.0658403 0.0656491 0.0575819 0.0603061 0.0759896 0.0705992 0.0557988 0.0675616 0.0722880 0.0318692 0.0758253 0.0542453 0.0246154 0.0660779 0.0408930 0.0664155 0.0678358 0.0734525 0.0636694 0.0683025 0.0375932 0.0676667 0.0531960 0.0607920 0.0678859 0.0769243 0.0679752 0.0422345 0.0639415 0.0561857 0.0859268 0.0531495 0.0620034 0.0720215 0.0611686 
S0419       0.0575842 0.0225270 0.0727342 0.0319625 0.0647023 0.0868055 0.0607141 0.0517424 0.0913580 0.0891563 0.0720358 0.0698715 0.0773405 0.0713303 0.0746348 0.0575761 0.0520887 0.0843642 0.0688012 0.0691859 0.0533463 0.0543593 0.0637318 0.0618539 0.0550866 0.0000000 0.0605194 0.0561548 0.0669669 0.0537576 0.0525718 0.0759750 0.0784028 0.0738880 0.0605449 0.0638010 0.0611330 0.0584731 0.0672329 0.0531009 0.0557688 0.0576427 0.0267934 0.0679555 0.0928291 0.0628166 0.0696180 0.0732555 0.0603901 0.0526216 0.0062968 0.0599454 0.0062878 0.0096965 0.0553022 0.0295000 0.0653244 0.0662461 0.0495030 0.0673614 0.0333587 0.0650218 0.0669992 0.0628001 0.0509470 0.0502203 0.0552635 0.0827243 0.0261669 0.0985308 0.0357805 0.0753835 0.0832869 0.0554780 0.0596309 0.0963527 0.0115559 0.0986893 0.0736016 0.0536147 0.0585883 0.0739125 0.0632097 0.0559308 0.0939747 0.0574060 0.0632657 0.0394156 0.0557559 0.0469661 0.0502807 0.0654682 0.0663975 0.0574788 0.0736323 0.0661321 0.0688411 0.0528213 0.0712565 0.0570586 0.0505880 0.0607118 0.0498454 0.0492635 0.0587095 0.0559945 0.0671033 0.0473067 0.0556907 0.0635243 0.0669166 0.0092722 0.0544172 0.0270812 0.0532346 0.0583421 0.0285666 0.0556723 0.0468026 0.0576254 0.0678387 0.0571321 0.0678479 0.0524684 0.0600033 0.0634779 0.0503553 0.0560902 0.0480746 0.0350432 0.0701109 0.0266945 0.0457332 0.0589034 0.0409074 
S0427       0.0614933 0.0803515 0.0859657 0.0731764 0.0641357 0.1040259 0.0701547 0.0671436 0.0948604 0.0896751 0.0872392 0.0854895 0.0984090 0.0872174 0.0910037 0.0743713 0.0697229 0.1003991 0.0843860 0.0437852 0.0557133 0.0557384 0.0700524 0.0680767 0.0700782 0.0605194 0.0000000 0.0708848 0.0812915 0.0649903 0.0727350 0.0791360 0.0900030 0.0882201 0.0763911 0.0640653 0.0641297 0.0791956 0.0814201 0.0669474 0.0580797 0.0559928 0.0644670 0.0815175 0.1029651 0.0667200 0.0870215 0.0820521 0.0635786 0.0764922 0.0596932 0.0593522 0.0585985 0.0611583 0.0765605 0.0678623 0.0803353 0.0860930 0.0632194 0.0822082 0.0568552 0.0718779 0.0806997 0.0862115 0.0705323 0.0713863 0.0782080 0.0814183 0.0712600 0.1120945 0.0495532 0.0919207 0.0962391 0.0769882 0.0811118 0.1066714 0.0644869 0.1091913 0.0809041 0.0732153 0.0781277 0.0913725 0.0685762 0.0731295 0.1059667 0.0598262 0.0693826 0.0546254 0.0725300 0.0605779 0.0633658 0.0830311 0.0787165 0.0728090 0.0887590 0.0835806 0.0868070 0.0551716 0.0892103 0.0717540 0.0648725 0.0606309 0.0511064 0.0583453 0.0750151 0.0609232 0.0815961 0.0703872 0.0707748 0.0779678 0.0699921 0.0611901 0.0624539 0.0733719 0.0666157 0.0603343 0.0737124 0.0720439 0.0641577 0.0601716 0.0805178 0.0604770 0.0841882 0.0523285 0.0622497 0.0812677 0.0673427 0.0690483 0.0686378 0.0566916 0.0877843 0.0607416 0.0619560 0.0308773 0.0617173 
S0428sl     0.0632263 0.0723885 0.0506120 0.0750902 0.0692802 0.0944675 0.0446865 0.0738089 0.0654646 0.0994005 0.0527564 0.0881880 0.1048173 0.0493605 0.0885326 0.0380061 0.0715998 0.1217929 0.0879808 0.0875916 0.0610723 0.0631902 0.0400598 0.0782814 0.0349013 0.0561548 0.0708848 0.0000000 0.0875239 0.0479750 0.0746809 0.0805921 0.0984902 0.0793504 0.0435828 0.0708756 0.0613259 0.0448111 0.0614342 0.0547739 0.0632301 0.0554802 0.0669541 0.0857437 0.0864250 0.0748655 0.0918544 0.0788762 0.0679439 0.0749657 0.0562397 0.0657565 0.0552244 0.0562536 0.0806925 0.0652170 0.0635517 0.0793822 0.0462085 0.0569397 0.0631029 0.0391952 0.0840913 0.0775071 0.0747680 0.0762104 0.0797134 0.0839521 0.0689076 0.0971441 0.0501579 0.0789869 0.0887405 0.0799613 0.0864071 0.0998315 0.0600563 0.0973065 0.0332936 0.0716362 0.0827144 0.0842870 0.0713744 0.0797539 0.0975475 0.0657581 0.0765268 0.0649882 0.0330849 0.0463173 0.0483330 0.0851187 0.0621884 0.0448328 0.0874774 0.0884347 0.0907035 0.0574484 0.0892242 0.0823939 0.0638156 0.0647883 0.0558286 0.0532770 0.0848299 0.0652409 0.0559510 0.0705225 0.0751167 0.0414638 0.0736623 0.0573487 0.0351614 0.0699570 0.0508040 0.0621114 0.0703127 0.0785019 0.0718155 0.0694307 0.0507398 0.0646983 0.0617314 0.0621371 0.0679487 0.0864718 0.0622874 0.0538652 0.0691951 0.0582747 0.0947490 0.0619500 0.0691623 0.0676243 0.0622279 
S0430       0.0801195 0.0787001 0.0924479 0.0804655 0.0812422 0.0151431 0.0776601 0.0791509 0.1152561 0.1087054 0.0925220 0.0151613 0.0512249 0.0914897 0.0148221 0.0777622 0.0852548 0.1079171 0.0093706 0.0982373 0.0738843 0.0749722 0.0831897 0.0855401 0.0717883 0.0669669 0.0812915 0.0875239 0.0000000 0.0695197 0.0817477 0.0987856 0.0489392 0.0218600 0.0810604 0.0820781 0.0831092 0.0792345 0.0825722 0.0735878 0.0788973 0.0802786 0.0743782 0.0126114 0.1060906 0.0838155 0.0115148 0.0935070 0.0806498 0.0850637 0.0666517 0.0804351 0.0655168 0.0654462 0.0873135 0.0791067 0.0828255 0.0521848 0.0691913 0.0822784 0.0643113 0.0816426 0.0150238 0.0922507 0.0786975 0.0792422 0.0849046 0.1018180 0.0823755 0.1126926 0.0591761 0.0586718 0.0536923 0.0842082 0.0877759 0.1098075 0.0743902 0.1103851 0.1015519 0.0845382 0.0919765 0.0573875 0.0841294 0.0857161 0.1079441 0.0782541 0.0884405 0.0721393 0.0763705 0.0681040 0.0716666 0.0093366 0.0842840 0.0756370 0.0475031 0.0107514 0.0128652 0.0722608 0.0554478 0.0829061 0.0745304 0.0807864 0.0686617 0.0769677 0.0856730 0.0783103 0.0846116 0.0790488 0.0818300 0.0835155 0.0875070 0.0692087 0.0761870 0.0802505 0.0737767 0.0773950 0.0831994 0.0841044 0.0753916 0.0817816 0.0877939 0.0768736 0.0821190 0.0745669 0.0835889 0.0918240 0.0806649 0.0762621 0.0802021 0.0675984 0.0999948 0.0693035 0.0747568 0.0838768 0.0716823 
