136
PAFTOL_019361 0.0000000 0.1877684 0.1680048 0.1995273 0.1814360 0.1908020 0.1993449 0.1856431 0.1813471 0.2094194 0.2185952 0.1938589 0.2094168 0.2135325 0.1861184 0.2091444 0.1891713 0.1941877 0.1925534 0.2042294 0.1784515 0.1843490 0.1828812 0.1913119 0.1957814 0.1804717 0.1746855 0.1824994 0.1855896 0.2033830 0.1794933 0.1865303 0.2002447 0.2138837 0.2005906 0.1881549 0.1976790 0.1861333 0.1943064 0.1723378 0.1952601 0.1790223 0.1844138 0.1845686 0.2025621 0.1936366 0.2074854 0.2077679 0.1898051 0.1876536 0.1842552 0.1738818 0.1874919 0.1733957 0.1794757 0.2013450 0.1860304 0.1786174 0.2251193 0.1915717 0.1649860 0.1771267 0.1829703 0.1875733 0.1884142 0.1875939 0.1833978 0.1835356 0.2234067 0.1962329 0.1919058 0.2027459 0.2116611 0.2396036 0.1897302 0.1916563 0.1931348 0.1727975 0.1967736 0.1628716 0.1965824 0.1915287 0.2204866 0.1956708 0.2022977 0.1962827 0.1827164 0.2069832 0.1876451 0.1813602 0.1909085 0.1901385 0.2093803 0.1815762 0.1988626 0.2085943 0.2102336 0.2012394 0.1876877 0.2295089 0.1932102 0.1757229 0.1845431 0.1731951 0.1919379 0.2017783 0.1869794 0.1843592 0.1840264 0.1859427 0.1882145 0.1993323 0.1736415 0.1895765 0.1922534 0.1969547 0.1823153 0.1969268 0.1942975 0.1823516 0.1942209 0.1888740 0.1896111 0.1848217 0.1863055 0.1818210 0.1845779 0.1975990 0.1919833 0.1842384 0.1766794 0.2054145 0.1738593 0.1751176 0.1874849 0.1741112 
S0055         0.1877684 0.0000000 0.0828812 0.1059235 0.0918431 0.0370021 0.1110647 0.0947786 0.0813692 0.0473200 0.0722767 0.1080681 0.1142557 0.1159295 0.0988518 0.1176817 0.0966074 0.0921576 0.0981396 0.1133230 0.0753156 0.0347496 0.0360312 0.0988338 0.0719891 0.0871606 0.0769404 0.0771274 0.0932792 0.1115280 0.0833841 0.0938808 0.0732048 0.1206328 0.1104765 0.0977611 0.0498131 0.0357553 0.1023019 0.0750452 0.0911027 0.0581364 0.0400733 0.0933580 0.1114207 0.1302490 0.0750175 0.1142381 0.0891740 0.0369059 0.0932741 0.0776915 0.0370126 0.0769823 0.0776112 0.1009393 0.0968473 0.0784426 0.1147912 0.0887147 0.0780100 0.0719216 0.0936006 0.0911462 0.0926902 0.0909100 0.0895701 0.0919888 0.0823884 0.0967603 0.1322428 0.1042526 0.1094934 0.1382333 0.0950522 0.0986806 0.1309761 0.0759166 0.1338887 0.0871535 0.0929587 0.0904608 0.1130808 0.0498703 0.0971356 0.1322419 0.0331496 0.0530979 0.0805958 0.0916009 0.0882302 0.0888884 0.1143331 0.0829429 0.1079696 0.1039608 0.1153578 0.1102280 0.0376791 0.1192098 0.0938757 0.0769975 0.0361771 0.0343929 0.0329373 0.0983091 0.0426078 0.0893709 0.0828163 0.0820761 0.1053347 0.0487491 0.0769019 0.0980112 0.0949234 0.0932627 0.0293106 0.0956824 0.0901947 0.0817210 0.0406455 0.1024604 0.0427811 0.0874317 0.0342308 0.0563676 0.0878254 0.0952836 0.0924690 0.0792235 0.0721686 0.1150628 0.0814122 0.0788461 0.0770057 0.0694193 
S0196sl       0.1680048 0.0828812 0.0000000 0.0989670 0.0423702 0.0800666 0.0956250 0.0856962 0.0778813 0.0820672 0.1109573 0.1002210 0.0971541 0.0999049 0.0920485 0.0974163 0.0851459 0.0883114 0.0831930 0.0962954 0.0756875 0.0787685 0.0816458 0.0960842 0.0951531 0.0794244 0.0199095 0.0865044 0.0851594 0.0954546 0.0770916 0.0939147 0.1029676 0.1053723 0.0936053 0.0877612 0.0937893 0.0773337 0.0971378 0.0713458 0.0855219 0.0781676 0.0905721 0.0420027 0.0936109 0.1298751 0.0978186 0.0962611 0.0864018 0.0790470 0.0935936 0.0185852 0.0804742 0.0209242 0.0192080 0.0978963 0.0456265 0.0748530 0.1005360 0.0830482 0.0790002 0.0734829 0.0850587 0.0747978 0.0914770 0.0906817 0.0866722 0.0902706 0.1263104 0.0447140 0.1278861 0.0973575 0.0924673 0.1163075 0.0959887 0.0995262 0.1317509 0.0195724 0.1345381 0.0802336 0.0900579 0.0809492 0.0966453 0.0907001 0.0966532 0.1333449 0.0792475 0.0959934 0.0804165 0.0831517 0.0841852 0.0834781 0.0966081 0.0803065 0.0991287 0.0892851 0.1000795 0.0943210 0.0826406 0.1057153 0.0854865 0.0748458 0.0827252 0.0780570 0.0852246 0.0906315 0.0834664 0.0811942 0.0810554 0.0788292 0.0955678 0.0916852 0.0198936 0.0917246 0.0436585 0.0893080 0.0746270 0.0432510 0.0862055 0.0752850 0.0819949 0.0925561 0.0821407 0.0817801 0.0770664 0.0800230 0.0872232 0.0910266 0.0862442 0.0777954 0.0718050 0.1061678 0.0484513 0.0765688 0.0819755 0.0693749 
S0278         0.1995273 0.1059235 0.0989670 0.0000000 0.1070713 0.1085934 0.1260658 0.0467084 0.0965989 0.1137876 0.1357126 0.0486217 0.1254817 0.1297486 0.0502014 0.1259975 0.0770872 0.1062673 0.1157449 0.1265565 0.1007257 0.1034089 0.1048168 0.0496504 0.1155794 0.0370774 0.0896540 0.1094233 0.0769327 0.1227288 0.0700805 0.1049636 0.1186949 0.1325478 0.1207288 0.0374084 0.1155293 0.1026242 0.0474115 0.0653340 0.0834630 0.0996901 0.1079540 0.1053038 0.1218909 0.1458385 0.1187416 0.1241797 0.1069514 0.1034455 0.1038017 0.0910531 0.1067574 0.0906293 0.0916231 0.1102554 0.1107614 0.0689700 0.1274050 0.0787061 0.0692435 0.0905430 0.0448083 0.1074321 0.1016955 0.1049177 0.0996343 0.1011205 0.1465829 0.1116245 0.1496720 0.1166516 0.1249301 0.1500401 0.1022215 0.1052143 0.1466176 0.0899533 0.1474750 0.0699957 0.1056194 0.1053616 0.1284770 0.1135707 0.1102190 0.1478626 0.1016460 0.1163566 0.0959915 0.0459974 0.0799133 0.0792198 0.1248324 0.0713830 0.0401021 0.1211263 0.1256773 0.1205829 0.1062407 0.1357942 0.1086515 0.0931067 0.1057734 0.1012586 0.1068239 0.1048808 0.1075852 0.0732947 0.0955405 0.0951248 0.0487015 0.1131550 0.0905345 0.0462783 0.1104675 0.0837114 0.0974175 0.1097835 0.1044403 0.0944756 0.1062230 0.0473033 0.1072694 0.0760075 0.1022767 0.0997710 0.1076244 0.1109467 0.0817603 0.0926748 0.0876987 0.1266767 0.0924334 0.0937716 0.1073148 0.0877721 
S0281         0.1814360 0.0918431 0.0423702 0.1070713 0.0000000 0.0890377 0.1048700 0.0920969 0.0838311 0.1001010 0.1156049 0.1080406 0.1057318 0.1047036 0.0969784 0.1069309 0.0976316 0.0994495 0.1052676 0.1030784 0.0884011 0.0857264 0.0872737 0.0997079 0.1002359 0.0864372 0.0348975 0.0923989 0.0926954 0.1022357 0.0880332 0.0931194 0.1140883 0.1115753 0.1008775 0.0951527 0.1004130 0.0846033 0.0997852 0.0781723 0.0926349 0.0892513 0.0954667 0.0417499 0.1030106 0.1378421 0.1020012 0.1042418 0.0955832 0.0880770 0.0944755 0.0334614 0.0903398 0.0343101 0.0357767 0.1042905 0.0467680 0.0821602 0.1078427 0.0908834 0.0826654 0.0807430 0.0980593 0.0850281 0.0939270 0.0950262 0.0904046 0.0923375 0.1225168 0.0534349 0.1342394 0.1085088 0.0992074 0.1247513 0.0993324 0.1034341 0.1382207 0.0337035 0.1408120 0.0841322 0.0967660 0.0966969 0.1019581 0.0973959 0.0988436 0.1387661 0.0861042 0.1032469 0.0862343 0.0865036 0.0907701 0.0904623 0.1029405 0.0862374 0.1059681 0.0982866 0.1069470 0.1009666 0.0884398 0.1119574 0.0999340 0.0797762 0.0887246 0.0839766 0.0915231 0.0960971 0.0898919 0.0888671 0.0848314 0.0850878 0.1033894 0.0980516 0.0351631 0.0968536 0.0522853 0.0962325 0.0815843 0.0521662 0.0930926 0.0829505 0.0909028 0.1033134 0.0914775 0.0903894 0.0866231 0.0845426 0.0980778 0.0998999 0.0943099 0.0848902 0.0796084 0.1190546 0.0543234 0.0822711 0.0921209 0.0781778 
S0282         0.1908020 0.0370021 0.0800666 0.1085934 0.0890377 0.0000000 0.1106547 0.0957257 0.0823222 0.0314130 0.0713155 0.1104658 0.1128419 0.1163186 0.0980544 0.1140067 0.0972906 0.0965908 0.0983693 0.1118616 0.0734982 0.0196392 0.0231019 0.1008063 0.0707269 0.0902748 0.0741956 0.0790951 0.0957578 0.1104344 0.0858252 0.0949426 0.0719308 0.1221350 0.1090032 0.0991654 0.0389682 0.0214146 0.1015298 0.0781520 0.0961561 0.0561675 0.0286022 0.0921610 0.1081442 0.1295782 0.0733542 0.1123914 0.0902145 0.0248405 0.0938986 0.0749355 0.0201589 0.0739101 0.0742024 0.1035691 0.0956439 0.0797857 0.1139754 0.0937595 0.0815766 0.0714639 0.0918325 0.0908217 0.0919671 0.0929833 0.0900736 0.0919936 0.0842624 0.0945606 0.1319964 0.1037987 0.1090128 0.1359955 0.0946001 0.0985769 0.1303030 0.0731786 0.1335922 0.0867983 0.0964598 0.0892622 0.1129009 0.0482209 0.0953077 0.1326954 0.0184495 0.0496311 0.0829450 0.0919510 0.0932615 0.0926254 0.1121315 0.0853846 0.1105505 0.1019250 0.1139004 0.1091069 0.0247292 0.1218482 0.0968852 0.0786102 0.0215760 0.0220528 0.0413218 0.0968804 0.0431379 0.0917594 0.0848630 0.0834381 0.1084212 0.0447424 0.0741564 0.0992554 0.0931648 0.0980003 0.0121819 0.0945975 0.0909552 0.0816643 0.0285311 0.1035474 0.0403327 0.0902107 0.0289885 0.0547916 0.0929226 0.0993917 0.0953755 0.0802174 0.0726875 0.1156196 0.0806793 0.0798752 0.0729595 0.0692963 
S0288         0.1993449 0.1110647 0.0956250 0.1260658 0.1048700 0.1106547 0.0000000 0.1173874 0.1068999 0.1209615 0.1408184 0.1292709 0.0192439 0.0587761 0.1220080 0.0193091 0.1178974 0.1251761 0.1249454 0.0184360 0.1107237 0.1085776 0.1088424 0.1221877 0.1219953 0.1062468 0.0896377 0.1185608 0.1136403 0.0132041 0.1040456 0.1171034 0.1283401 0.0847277 0.0212182 0.1213888 0.1258178 0.1089177 0.1231678 0.0983435 0.1124364 0.1121337 0.1155626 0.1101650 0.0193989 0.1580238 0.1285818 0.0187647 0.1198068 0.1117797 0.1157085 0.0919980 0.1112385 0.0908708 0.0925080 0.1212394 0.1152230 0.0993162 0.0770226 0.1097890 0.1022142 0.0999225 0.1131760 0.0555238 0.1145603 0.1137224 0.1118967 0.1156425 0.1568762 0.1119297 0.1587169 0.1297265 0.0780111 0.1076198 0.1172674 0.1218009 0.1602713 0.0893236 0.1586950 0.1068363 0.1138832 0.1189377 0.0789751 0.1202526 0.1225206 0.1600164 0.1094587 0.1299235 0.1092437 0.1130891 0.1103928 0.1083065 0.0175664 0.1092811 0.1302490 0.0741724 0.0187104 0.0149795 0.1123868 0.0833012 0.1263880 0.1017937 0.1117009 0.1090612 0.1168185 0.1221471 0.1139241 0.1079489 0.1083547 0.1082852 0.1253743 0.1227678 0.0914610 0.1228829 0.1114863 0.1148717 0.1031622 0.1095648 0.1163328 0.1126522 0.1131546 0.1210280 0.1144049 0.1064720 0.1088613 0.1091388 0.1163140 0.1254795 0.1137215 0.1054449 0.0994980 0.1352116 0.0952989 0.1111191 0.1181612 0.0975647 
S0289         0.1856431 0.0947786 0.0856962 0.0467084 0.0920969 0.0957257 0.1173874 0.0000000 0.0845184 0.1040819 0.1214132 0.0472391 0.1149000 0.1182282 0.0373651 0.1158206 0.0629234 0.0954211 0.1062816 0.1171491 0.0886401 0.0926286 0.0937063 0.0453195 0.1053718 0.0310912 0.0780978 0.0967194 0.0622027 0.1132850 0.0581270 0.0948352 0.1146571 0.1190648 0.1130481 0.0386195 0.1051530 0.0908923 0.0414731 0.0536717 0.0719171 0.0900296 0.0991368 0.0946236 0.1117761 0.1373933 0.1099396 0.1133599 0.0983763 0.0934784 0.0930038 0.0781201 0.0943488 0.0790713 0.0790000 0.0980789 0.0998883 0.0572098 0.1204176 0.0689224 0.0602405 0.0779169 0.0382076 0.0950720 0.0912244 0.0921779 0.0903224 0.0922126 0.1313582 0.1014930 0.1416838 0.1058341 0.1153284 0.1386576 0.0944438 0.0976418 0.1396707 0.0773961 0.1409410 0.0589707 0.0934873 0.0936863 0.1174112 0.1010628 0.0994659 0.1409108 0.0912817 0.1078231 0.0832964 0.0380169 0.0694609 0.0683309 0.1140103 0.0608469 0.0485795 0.1104236 0.1166286 0.1120122 0.0954861 0.1278698 0.0969537 0.0814823 0.0953693 0.0897923 0.0953333 0.0943889 0.0945826 0.0634854 0.0849885 0.0841173 0.0428510 0.1054512 0.0783775 0.0426002 0.0996316 0.0731523 0.0864217 0.0996870 0.0942187 0.0830789 0.0943870 0.0432173 0.0942149 0.0655933 0.0926630 0.0912465 0.0953285 0.0975694 0.0714704 0.0822350 0.0779020 0.1177719 0.0825196 0.0803656 0.0967366 0.0773764 
S0292         0.1813471 0.0813692 0.0778813 0.0965989 0.0838311 0.0823222 0.1068999 0.0845184 0.0000000 0.0946780 0.1092568 0.0921145 0.1052208 0.1083845 0.0853121 0.1049156 0.0824935 0.0606922 0.0695373 0.1013659 0.0784193 0.0767565 0.0796445 0.0886761 0.0901982 0.0735523 0.0691415 0.0838328 0.0767709 0.1010628 0.0725502 0.0763776 0.1016508 0.1119198 0.1024759 0.0831486 0.0911887 0.0763751 0.0887434 0.0676661 0.0789445 0.0796397 0.0877324 0.0837639 0.0998321 0.1262765 0.0947740 0.1029644 0.0678783 0.0801526 0.0751714 0.0689068 0.0818871 0.0675076 0.0704344 0.0793914 0.0875812 0.0699976 0.1066052 0.0752972 0.0729519 0.0472949 0.0801345 0.0817119 0.0746042 0.0707809 0.0716613 0.0728615 0.1149851 0.0901679 0.1284309 0.0819320 0.1011328 0.1289934 0.0757371 0.0791120 0.1266444 0.0684603 0.1295378 0.0675626 0.0734550 0.0595601 0.1021738 0.0899176 0.0407157 0.1290054 0.0768057 0.0941528 0.0511338 0.0800956 0.0755063 0.0741671 0.1012174 0.0748289 0.0924645 0.1002032 0.1045656 0.0986347 0.0814666 0.1137489 0.0610714 0.0102885 0.0807224 0.0738334 0.0846548 0.0384141 0.0834649 0.0808049 0.0155491 0.0113814 0.0898286 0.0908121 0.0694242 0.0872402 0.0879483 0.0793716 0.0730386 0.0890837 0.0318989 0.0469526 0.0788916 0.0881528 0.0829155 0.0769158 0.0766660 0.0754364 0.0556827 0.0639529 0.0809546 0.0610056 0.0472482 0.0960340 0.0726866 0.0461308 0.0849531 0.0456829 
S0293         0.2094194 0.0473200 0.0820672 0.1137876 0.1001010 0.0314130 0.1209615 0.1040819 0.0946780 0.0000000 0.0815213 0.1158262 0.1214981 0.1244815 0.1067695 0.1224706 0.1070254 0.1058816 0.1093622 0.1221771 0.0770117 0.0293688 0.0337034 0.1045987 0.0793848 0.0966650 0.0838722 0.0864882 0.1010388 0.1197735 0.0947341 0.1068637 0.0834243 0.1279345 0.1194153 0.1051153 0.0482715 0.0321687 0.1097800 0.0867044 0.1049148 0.0680391 0.0387699 0.1019422 0.1199284 0.1431559 0.0828949 0.1219254 0.0954685 0.0343743 0.1061461 0.0839855 0.0290332 0.0832223 0.0827997 0.1117846 0.1044103 0.0899468 0.1197953 0.1008762 0.0910397 0.0830204 0.0997548 0.0971304 0.1036255 0.1008733 0.1027306 0.1039067 0.0948245 0.1034997 0.1462497 0.1143382 0.1147891 0.1335917 0.1052649 0.1100103 0.1431230 0.0824334 0.1466943 0.0953116 0.1025724 0.1034307 0.1180122 0.0580094 0.1090953 0.1457321 0.0289521 0.0555556 0.0924709 0.0995456 0.1006957 0.1012389 0.1213090 0.0962284 0.1181195 0.1087059 0.1239678 0.1197331 0.0350893 0.1294760 0.1087641 0.0906307 0.0329371 0.0332044 0.0499673 0.1074080 0.0526009 0.0979531 0.0969873 0.0948003 0.1157503 0.0503810 0.0834738 0.1044095 0.1024101 0.1068642 0.0220324 0.1035423 0.1029761 0.0933304 0.0379171 0.1107379 0.0495638 0.0973152 0.0371867 0.0626088 0.1053325 0.1099863 0.1044238 0.0891356 0.0825035 0.1231086 0.0911212 0.0909500 0.0810958 0.0804069 
S0294         0.2185952 0.0722767 0.1109573 0.1357126 0.1156049 0.0713155 0.1408184 0.1214132 0.1092568 0.0815213 0.0000000 0.1345152 0.1415949 0.1418167 0.1253390 0.1404178 0.1228367 0.1230510 0.1329643 0.1390183 0.0958376 0.0676554 0.0652303 0.1256456 0.0975253 0.1156741 0.1050373 0.1000724 0.1177844 0.1390898 0.1093994 0.1168777 0.1036695 0.1433968 0.1386361 0.1240880 0.0807788 0.0655666 0.1257857 0.1028434 0.1203799 0.0842420 0.0752599 0.1175855 0.1378559 0.1581371 0.0994652 0.1404099 0.1146165 0.0667726 0.1184973 0.1058938 0.0710375 0.1047562 0.1054166 0.1240159 0.1202588 0.1064702 0.1361140 0.1174264 0.1103515 0.1008693 0.1153095 0.1178989 0.1199506 0.1174058 0.1167520 0.1183209 0.0695791 0.1230225 0.1586039 0.1296275 0.1283618 0.1629425 0.1196515 0.1230801 0.1589193 0.1035690 0.1624144 0.1150980 0.1177298 0.1166267 0.1334156 0.0769304 0.1231112 0.1603874 0.0657374 0.0861733 0.1067074 0.1180851 0.1187047 0.1174560 0.1389289 0.1133864 0.1323143 0.1295955 0.1414595 0.1355987 0.0695658 0.1443179 0.1224015 0.1067701 0.0685232 0.0667791 0.0754597 0.1246381 0.0699481 0.1138472 0.1104744 0.1103415 0.1329666 0.0809606 0.1048891 0.1270067 0.1206867 0.1237253 0.0616887 0.1211024 0.1185589 0.1080992 0.0717035 0.1276263 0.0706437 0.1163156 0.0656291 0.0832348 0.1198148 0.1255584 0.1212519 0.1051364 0.1021399 0.1406705 0.1100390 0.1063803 0.1012050 0.0985214 
S0299         0.1938589 0.1080681 0.1002210 0.0486217 0.1080406 0.1104658 0.1292709 0.0472391 0.0921145 0.1158262 0.1345152 0.0000000 0.1269384 0.1339652 0.0464083 0.1285468 0.0752627 0.1029481 0.1129681 0.1277187 0.1021289 0.1057279 0.1063212 0.0471094 0.1155292 0.0372265 0.0928646 0.1082032 0.0732952 0.1256331 0.0684670 0.1021253 0.1251055 0.1338196 0.1246794 0.0427943 0.1164225 0.1039452 0.0481315 0.0639262 0.0764026 0.1018280 0.1134114 0.1046441 0.1240525 0.1469839 0.1189156 0.1247821 0.1039405 0.1051379 0.1007149 0.0932155 0.1082715 0.0932251 0.0954868 0.1049367 0.1104224 0.0669217 0.1307989 0.0744983 0.0691877 0.0882014 0.0425744 0.1097554 0.0997312 0.0990237 0.0958718 0.0995611 0.1447294 0.1154543 0.1507550 0.1133904 0.1278052 0.1535690 0.1006431 0.1039701 0.1473575 0.0924528 0.1490194 0.0697774 0.1018637 0.1025194 0.1303137 0.1124105 0.1075749 0.1479020 0.1029002 0.1198740 0.0965534 0.0455106 0.0750269 0.0743247 0.1258729 0.0700456 0.0529079 0.1236772 0.1289524 0.1239015 0.1085838 0.1390658 0.1027743 0.0908804 0.1078487 0.1017138 0.1068863 0.1043108 0.1088118 0.0704381 0.0926271 0.0921605 0.0495535 0.1167229 0.0923663 0.0465150 0.1139246 0.0795311 0.0993231 0.1128314 0.1031575 0.0913982 0.1062338 0.0374698 0.1060492 0.0754933 0.1027838 0.1004696 0.1049891 0.1097654 0.0787563 0.0892653 0.0880952 0.1226718 0.0943976 0.0897353 0.1126184 0.0857528 
S0303         0.2094168 0.1142557 0.0971541 0.1254817 0.1057318 0.1128419 0.0192439 0.1149000 0.1052208 0.1214981 0.1415949 0.1269384 0.0000000 0.0592092 0.1199789 0.0164626 0.1147499 0.1246274 0.1312698 0.0153446 0.1089544 0.1098252 0.1110262 0.1217990 0.1234150 0.1057827 0.0916933 0.1176051 0.1136515 0.0134088 0.1020668 0.1162670 0.1306666 0.0841529 0.0146510 0.1190427 0.1261125 0.1101534 0.1207890 0.0971275 0.1116333 0.1113528 0.1209339 0.1111460 0.0154059 0.1603518 0.1271311 0.0094948 0.1198020 0.1136235 0.1160586 0.0932174 0.1125410 0.0921109 0.0937108 0.1260997 0.1149487 0.0991808 0.0768943 0.1116497 0.1028075 0.0996493 0.1105501 0.0544611 0.1129670 0.1150353 0.1133582 0.1152677 0.1557705 0.1133164 0.1581809 0.1271883 0.0767944 0.0993147 0.1201722 0.1254389 0.1620427 0.0916609 0.1618368 0.1083925 0.1158468 0.1187448 0.0773870 0.1206317 0.1217190 0.1627898 0.1109305 0.1311523 0.1084636 0.1096676 0.1121977 0.1104922 0.0086485 0.1077425 0.1288718 0.0731433 0.0167438 0.0122962 0.1140682 0.0826565 0.1246726 0.1002746 0.1123640 0.1088448 0.1181311 0.1189714 0.1144235 0.1071824 0.1064491 0.1071651 0.1261334 0.1242429 0.0926917 0.1224436 0.1132587 0.1165868 0.1032814 0.1110296 0.1158804 0.1122512 0.1146173 0.1197700 0.1134825 0.1052864 0.1116735 0.1089683 0.1143040 0.1246548 0.1146926 0.1062612 0.1001093 0.1346200 0.0946328 0.1094721 0.1176441 0.0965376 
S0308         0.2135325 0.1159295 0.0999049 0.1297486 0.1047036 0.1163186 0.0587761 0.1182282 0.1083845 0.1244815 0.1418167 0.1339652 0.0592092 0.0000000 0.1225898 0.0601594 0.1200272 0.1267142 0.1304085 0.0582638 0.1146768 0.1117427 0.1108846 0.1236516 0.1252537 0.1099650 0.0934320 0.1188794 0.1205616 0.0553478 0.1070438 0.1189945 0.1303377 0.0867344 0.0594400 0.1224455 0.1295207 0.1124632 0.1257207 0.1032763 0.1122276 0.1130680 0.1212446 0.1101488 0.0594421 0.1579774 0.1283765 0.0585637 0.1202231 0.1126576 0.1191579 0.0945985 0.1137527 0.0931559 0.0954308 0.1243609 0.1144276 0.1075479 0.0820483 0.1108000 0.1073759 0.1034868 0.1157004 0.0606849 0.1181280 0.1142237 0.1135790 0.1158946 0.1520310 0.1138641 0.1582069 0.1276223 0.0792442 0.1086169 0.1191484 0.1234668 0.1583456 0.0933016 0.1584534 0.1107499 0.1181624 0.1215848 0.0818416 0.1212569 0.1229109 0.1610408 0.1127916 0.1314278 0.1103674 0.1151051 0.1117112 0.1104837 0.0565953 0.1112796 0.1316158 0.0765852 0.0598478 0.0557749 0.1140020 0.0892224 0.1271058 0.1029602 0.1145903 0.1109068 0.1197632 0.1200301 0.1163280 0.1124905 0.1083972 0.1091936 0.1270450 0.1283742 0.0947624 0.1247940 0.1130660 0.1167557 0.1052784 0.1115910 0.1196366 0.1137697 0.1157752 0.1249693 0.1178537 0.1112200 0.1140325 0.1133608 0.1202499 0.1258956 0.1140661 0.1039919 0.1025678 0.1385138 0.1008295 0.1127217 0.1198205 0.0996566 
S0320         0.1861184 0.0988518 0.0920485 0.0502014 0.0969784 0.0980544 0.1220080 0.0373651 0.0853121 0.1067695 0.1253390 0.0464083 0.1199789 0.1225898 0.0000000 0.1197585 0.0682890 0.0957324 0.1070904 0.1199309 0.0930018 0.0950480 0.0950268 0.0448242 0.1064681 0.0312295 0.0835612 0.0978348 0.0641289 0.1165316 0.0634669 0.0973401 0.1117176 0.1248750 0.1176952 0.0399394 0.1071697 0.0928284 0.0442872 0.0573731 0.0730782 0.0921432 0.1034717 0.0978035 0.1157089 0.1418261 0.1088445 0.1187840 0.0984196 0.0933907 0.0963110 0.0836573 0.0966190 0.0840071 0.0858850 0.0994898 0.1028503 0.0606271 0.1209065 0.0694194 0.0626801 0.0822072 0.0380820 0.0981130 0.0941532 0.0934705 0.0900127 0.0926285 0.1327172 0.1058648 0.1461357 0.1080661 0.1191067 0.1415609 0.0972618 0.1005563 0.1437303 0.0829209 0.1442160 0.0575529 0.0966071 0.0981924 0.1206071 0.1023680 0.1018248 0.1432692 0.0923234 0.1099101 0.0886772 0.0406060 0.0702842 0.0688876 0.1175162 0.0649767 0.0496164 0.1118065 0.1205298 0.1147678 0.0978129 0.1294884 0.0981580 0.0835963 0.0971089 0.0908341 0.0983857 0.0956015 0.0998247 0.0649605 0.0846764 0.0835410 0.0408678 0.1071122 0.0835788 0.0418105 0.1047150 0.0746298 0.0879149 0.1047712 0.0914507 0.0867836 0.0973252 0.0424017 0.0964030 0.0698001 0.0929144 0.0918422 0.0961349 0.1016647 0.0737235 0.0846488 0.0814457 0.1197176 0.0864316 0.0840886 0.0998548 0.0794628 
S0322         0.2091444 0.1176817 0.0974163 0.1259975 0.1069309 0.1140067 0.0193091 0.1158206 0.1049156 0.1224706 0.1404178 0.1285468 0.0164626 0.0601594 0.1197585 0.0000000 0.1150922 0.1244937 0.1308268 0.0151764 0.1104168 0.1116875 0.1128955 0.1203398 0.1240709 0.1072559 0.0922018 0.1168531 0.1142892 0.0127132 0.1056222 0.1170392 0.1306748 0.0834741 0.0200666 0.1185049 0.1279398 0.1119689 0.1224462 0.0975709 0.1122949 0.1137502 0.1227975 0.1114996 0.0094455 0.1559040 0.1284883 0.0157600 0.1195691 0.1132579 0.1164657 0.0937099 0.1148525 0.0922781 0.0931585 0.1236390 0.1161054 0.0988956 0.0746239 0.1108676 0.1032915 0.1008347 0.1106738 0.0550740 0.1137790 0.1124691 0.1120128 0.1156970 0.1558240 0.1102787 0.1563810 0.1292571 0.0757776 0.1067039 0.1167331 0.1218782 0.1580522 0.0925137 0.1569496 0.1057361 0.1140132 0.1181370 0.0774316 0.1206668 0.1228324 0.1578575 0.1113395 0.1314352 0.1080124 0.1114825 0.1114092 0.1091077 0.0146197 0.1075487 0.1299711 0.0746300 0.0160066 0.0121645 0.1159747 0.0815434 0.1244200 0.1007438 0.1131240 0.1119773 0.1201421 0.1201287 0.1164710 0.1042059 0.1062474 0.1069325 0.1261307 0.1245405 0.0928398 0.1224981 0.1102144 0.1160929 0.1056174 0.1080361 0.1149502 0.1120665 0.1157663 0.1192286 0.1165106 0.1070021 0.1127948 0.1108896 0.1162900 0.1243012 0.1138943 0.1041644 0.1003518 0.1311155 0.0954917 0.1096791 0.1183601 0.0977892 
S0327         0.1891713 0.0966074 0.0851459 0.0770872 0.0976316 0.0972906 0.1178974 0.0629234 0.0824935 0.1070254 0.1228367 0.0752627 0.1147499 0.1200272 0.0682890 0.1150922 0.0000000 0.0919312 0.1005337 0.1162283 0.0922685 0.0940489 0.0960783 0.0673510 0.1065722 0.0539763 0.0761303 0.0952307 0.0529179 0.1140762 0.0491823 0.0926908 0.1112976 0.1246323 0.1120853 0.0664996 0.1062931 0.0922624 0.0679649 0.0501549 0.0667592 0.0917633 0.1021016 0.0918761 0.1125277 0.1369863 0.1087731 0.1155481 0.0895220 0.0930395 0.0927623 0.0758157 0.0942352 0.0768067 0.0777595 0.0964076 0.0964141 0.0537385 0.1164678 0.0631996 0.0572939 0.0711196 0.0590558 0.0949881 0.0888204 0.0910505 0.0858981 0.0890826 0.1294219 0.0997076 0.1382120 0.1009750 0.1127068 0.1367297 0.0929930 0.0958979 0.1388716 0.0751000 0.1386224 0.0623994 0.0920987 0.0891499 0.1148147 0.1008104 0.0999837 0.1409448 0.0916763 0.1089418 0.0827923 0.0596045 0.0637376 0.0626384 0.1148061 0.0579279 0.0761269 0.1118545 0.1179273 0.1112796 0.0978305 0.1247657 0.0935514 0.0800562 0.0950883 0.0905266 0.0982774 0.0978867 0.0959292 0.0589723 0.0837109 0.0835156 0.0713370 0.1041091 0.0754250 0.0663513 0.0982002 0.0661321 0.0868360 0.0978954 0.0917032 0.0806176 0.0967802 0.0677101 0.0952078 0.0611010 0.0920884 0.0900171 0.0923559 0.0935307 0.0686886 0.0769203 0.0713668 0.1141514 0.0802489 0.0799395 0.0987430 0.0698779 
S0335         0.1941877 0.0921576 0.0883114 0.1062673 0.0994495 0.0965908 0.1251761 0.0954211 0.0606922 0.1058816 0.1230510 0.1029481 0.1246274 0.1267142 0.0957324 0.1244937 0.0919312 0.0000000 0.0490458 0.1209108 0.0941815 0.0911758 0.0920451 0.0980622 0.1037072 0.0849550 0.0801214 0.0964424 0.0924093 0.1212154 0.0825815 0.0855649 0.1116749 0.1271822 0.1163427 0.0962464 0.1064431 0.0883574 0.0993449 0.0764122 0.0930443 0.0890221 0.1025592 0.0958148 0.1192653 0.1417188 0.1052333 0.1212747 0.0814247 0.0911530 0.0855754 0.0784898 0.0943736 0.0786929 0.0814484 0.0881749 0.0968938 0.0801520 0.1205352 0.0893955 0.0817644 0.0591385 0.0893442 0.1023002 0.0858827 0.0829638 0.0812824 0.0831043 0.1198355 0.1008439 0.1471377 0.0928722 0.1181988 0.1415706 0.0858021 0.0872031 0.1428654 0.0797431 0.1448258 0.0840688 0.0853854 0.0675696 0.1183627 0.0978537 0.0735970 0.1451083 0.0898375 0.1090227 0.0647687 0.0891157 0.0899215 0.0893172 0.1199971 0.0858560 0.1042078 0.1162531 0.1256264 0.1198704 0.0934693 0.1273399 0.0430993 0.0588795 0.0942618 0.0878639 0.0969224 0.0742279 0.0943364 0.0878344 0.0599700 0.0614367 0.1011127 0.1036735 0.0804047 0.0976230 0.1000448 0.0943066 0.0867776 0.1014741 0.0683713 0.0452126 0.0916557 0.1001885 0.0949299 0.0862997 0.0893309 0.0890787 0.0406208 0.0279238 0.0942880 0.0715763 0.0600811 0.1048490 0.0867152 0.0452587 0.0969585 0.0590226 
S0345         0.1925534 0.0981396 0.0831930 0.1157449 0.1052676 0.0983693 0.1249454 0.1062816 0.0695373 0.1093622 0.1329643 0.1129681 0.1312698 0.1304085 0.1070904 0.1308268 0.1005337 0.0490458 0.0000000 0.1290942 0.1028537 0.0935816 0.0942828 0.1085228 0.1096040 0.0935647 0.0853179 0.1045047 0.1007489 0.1244284 0.0921836 0.0900222 0.1188993 0.1301424 0.1238662 0.1056159 0.1111216 0.0920808 0.1073809 0.0828758 0.0994095 0.0976479 0.1012858 0.1005295 0.1226026 0.1456342 0.1145598 0.1296083 0.0927720 0.0983330 0.0893345 0.0850428 0.0989449 0.0847905 0.0871233 0.0974206 0.1033573 0.0877376 0.1255715 0.0964226 0.0857969 0.0643211 0.1000946 0.1074887 0.0884058 0.0898741 0.0855417 0.0875684 0.1238206 0.1018749 0.1535789 0.1019693 0.1242619 0.1416555 0.0965775 0.0984437 0.1468786 0.0848538 0.1493487 0.0918910 0.0926464 0.0779981 0.1238760 0.1049976 0.0859433 0.1477807 0.0959557 0.1122837 0.0727438 0.0976740 0.0966611 0.0956326 0.1259143 0.0891412 0.1116729 0.1180434 0.1322581 0.1269460 0.0957866 0.1320930 0.0414802 0.0681852 0.0992853 0.0897226 0.1061443 0.0831109 0.1031282 0.0930386 0.0668998 0.0700096 0.1111708 0.1112389 0.0851865 0.1056477 0.1022427 0.0995786 0.0910467 0.1033969 0.0765537 0.0545884 0.0968431 0.1066059 0.1011172 0.0928706 0.0958022 0.0959031 0.0386364 0.0516779 0.1014759 0.0777378 0.0649582 0.1195487 0.0899588 0.0522095 0.1048372 0.0646173 
S0355         0.2042294 0.1133230 0.0962954 0.1265565 0.1030784 0.1118616 0.0184360 0.1171491 0.1013659 0.1221771 0.1390183 0.1277187 0.0153446 0.0582638 0.1199309 0.0151764 0.1162283 0.1209108 0.1290942 0.0000000 0.1083844 0.1088177 0.1089226 0.1205084 0.1207229 0.1058553 0.0888895 0.1147621 0.1137327 0.0118897 0.1029074 0.1152331 0.1295783 0.0814392 0.0191704 0.1197570 0.1258586 0.1079981 0.1237382 0.0982455 0.1090705 0.1108375 0.1205525 0.1081783 0.0149612 0.1552537 0.1262640 0.0138132 0.1155018 0.1114693 0.1154007 0.0903845 0.1119678 0.0885391 0.0908754 0.1219074 0.1117904 0.0992237 0.0739538 0.1084752 0.1031402 0.0988749 0.1120420 0.0518776 0.1119772 0.1115136 0.1108792 0.1135324 0.1559203 0.1100937 0.1533670 0.1261377 0.0741050 0.1039232 0.1156405 0.1207860 0.1574010 0.0892006 0.1562997 0.1043093 0.1125796 0.1171729 0.0757733 0.1184733 0.1206370 0.1572045 0.1095587 0.1299306 0.1070421 0.1101989 0.1090192 0.1067080 0.0135178 0.1083836 0.1309431 0.0712816 0.0154538 0.0110576 0.1119843 0.0799826 0.1223475 0.0972328 0.1117022 0.1076731 0.1186873 0.1182775 0.1139589 0.1049471 0.1026920 0.1040847 0.1239235 0.1237923 0.0902147 0.1215548 0.1100293 0.1136798 0.1023577 0.1085778 0.1120405 0.1105965 0.1131208 0.1207483 0.1143261 0.1043957 0.1099306 0.1076543 0.1131667 0.1227162 0.1118587 0.1035642 0.0979918 0.1321672 0.0928349 0.1078574 0.1162914 0.0954415 
S0376         0.1784515 0.0753156 0.0756875 0.1007257 0.0884011 0.0734982 0.1107237 0.0886401 0.0784193 0.0770117 0.0958376 0.1021289 0.1089544 0.1146768 0.0930018 0.1104168 0.0922685 0.0941815 0.1028537 0.1083844 0.0000000 0.0689054 0.0697374 0.0916591 0.0842703 0.0826553 0.0720718 0.0309384 0.0877803 0.1075851 0.0787562 0.0889238 0.0938985 0.1124159 0.1054415 0.0929621 0.0844280 0.0677952 0.0945696 0.0717941 0.0877482 0.0703618 0.0785119 0.0872682 0.1074872 0.1274290 0.0831288 0.1073530 0.0899271 0.0725405 0.0899876 0.0718007 0.0724506 0.0718298 0.0744860 0.0964966 0.0896465 0.0762197 0.1096581 0.0856316 0.0758785 0.0706449 0.0853154 0.0858184 0.0849003 0.0890012 0.0823646 0.0848098 0.1068039 0.0922931 0.1283772 0.1039513 0.1046403 0.1253436 0.0921917 0.0947111 0.1269649 0.0710576 0.1303579 0.0834822 0.0897307 0.0826354 0.1053934 0.0781139 0.0979728 0.1290477 0.0686879 0.0839063 0.0804987 0.0871168 0.0854321 0.0845986 0.1082268 0.0787185 0.1007646 0.0996520 0.1104730 0.1064610 0.0739170 0.1145828 0.0954603 0.0760209 0.0715630 0.0665660 0.0793401 0.0960119 0.0746480 0.0847447 0.0797444 0.0795691 0.1013624 0.0806240 0.0717684 0.0895223 0.0913950 0.0903549 0.0658129 0.0922991 0.0889500 0.0774222 0.0718581 0.0965206 0.0716686 0.0862634 0.0698423 0.0700618 0.0924086 0.0952091 0.0904521 0.0746072 0.0739118 0.1117583 0.0810678 0.0775886 0.0260175 0.0704830 
S0400         0.1843490 0.0347496 0.0787685 0.1034089 0.0857264 0.0196392 0.1085776 0.0926286 0.0767565 0.0293688 0.0676554 0.1057279 0.1098252 0.1117427 0.0950480 0.1116875 0.0940489 0.0911758 0.0935816 0.1088177 0.0689054 0.0000000 0.0194715 0.0949476 0.0663396 0.0849357 0.0716735 0.0736956 0.0908514 0.1065724 0.0809008 0.0923176 0.0691243 0.1174503 0.1055682 0.0944268 0.0337341 0.0180632 0.0977988 0.0742561 0.0886504 0.0538223 0.0190812 0.0891923 0.1069566 0.1262627 0.0673596 0.1093410 0.0833886 0.0223335 0.0912782 0.0727329 0.0188105 0.0710605 0.0726583 0.0990041 0.0923053 0.0765583 0.1112916 0.0849273 0.0772663 0.0679765 0.0904994 0.0858349 0.0906897 0.0889226 0.0892032 0.0903018 0.0803761 0.0915614 0.1280675 0.0993592 0.1035038 0.1328484 0.0905059 0.0945351 0.1269837 0.0709864 0.1302556 0.0798643 0.0920897 0.0839625 0.1077299 0.0461836 0.0906047 0.1293506 0.0148806 0.0448412 0.0780253 0.0866354 0.0851204 0.0845044 0.1090888 0.0814081 0.1053320 0.0974895 0.1108510 0.1064296 0.0213788 0.1183893 0.0914160 0.0727602 0.0176864 0.0184240 0.0380956 0.0921330 0.0408237 0.0874557 0.0782874 0.0778544 0.1028637 0.0391352 0.0719604 0.0927364 0.0905033 0.0907875 0.0108385 0.0909177 0.0855855 0.0764404 0.0240082 0.0984099 0.0365621 0.0854904 0.0241741 0.0496494 0.0892488 0.0946425 0.0886544 0.0766803 0.0685525 0.1123680 0.0755181 0.0739909 0.0712380 0.0651962 
S0405         0.1828812 0.0360312 0.0816458 0.1048168 0.0872737 0.0231019 0.1088424 0.0937063 0.0796445 0.0337034 0.0652303 0.1063212 0.1110262 0.1108846 0.0950268 0.1128955 0.0960783 0.0920451 0.0942828 0.1089226 0.0697374 0.0194715 0.0000000 0.0963022 0.0667452 0.0862474 0.0738207 0.0750984 0.0925124 0.1089533 0.0828238 0.0919264 0.0721948 0.1154438 0.1064838 0.0950339 0.0356001 0.0161426 0.0974058 0.0751315 0.0898595 0.0545248 0.0290794 0.0884734 0.1081471 0.1257871 0.0692985 0.1105434 0.0843105 0.0235285 0.0912334 0.0735731 0.0225429 0.0738522 0.0731351 0.1008425 0.0915890 0.0774439 0.1101435 0.0868036 0.0784779 0.0684312 0.0934146 0.0875970 0.0914102 0.0903167 0.0901932 0.0907006 0.0795996 0.0931060 0.1275101 0.0993946 0.1026994 0.1332354 0.0914128 0.0950208 0.1265089 0.0724722 0.1290428 0.0858244 0.0916961 0.0866465 0.1069161 0.0471989 0.0925968 0.1288764 0.0179804 0.0477327 0.0785039 0.0882435 0.0869952 0.0860376 0.1102878 0.0820143 0.1059710 0.0990589 0.1120553 0.1079834 0.0180373 0.1175126 0.0913314 0.0752794 0.0211215 0.0159155 0.0388096 0.0933447 0.0409150 0.0897109 0.0804722 0.0794273 0.1031622 0.0425389 0.0734518 0.0940806 0.0920479 0.0920073 0.0144789 0.0934802 0.0882683 0.0779799 0.0260826 0.1001088 0.0375683 0.0868184 0.0254033 0.0521991 0.0869639 0.0948769 0.0894792 0.0782590 0.0693367 0.1106168 0.0773204 0.0761890 0.0723063 0.0669477 
S0407sl       0.1913119 0.0988338 0.0960842 0.0496504 0.0997079 0.1008063 0.1221877 0.0453195 0.0886761 0.1045987 0.1256456 0.0471094 0.1217990 0.1236516 0.0448242 0.1203398 0.0673510 0.0980622 0.1085228 0.1205084 0.0916591 0.0949476 0.0963022 0.0000000 0.1045237 0.0347596 0.0837520 0.0971960 0.0683307 0.1182017 0.0604818 0.0943934 0.1140251 0.1272274 0.1172099 0.0429706 0.1079563 0.0938414 0.0452725 0.0567700 0.0714339 0.0931730 0.1034085 0.0974421 0.1165777 0.1377946 0.1057143 0.1197039 0.0959547 0.0961109 0.0939590 0.0841120 0.0978991 0.0851298 0.0837123 0.1021244 0.1020444 0.0600546 0.1212518 0.0681116 0.0644120 0.0824077 0.0380804 0.1006601 0.0918150 0.0943737 0.0890337 0.0910772 0.1336085 0.1055689 0.1411817 0.1095230 0.1166166 0.1438395 0.0952708 0.0981664 0.1396985 0.0820250 0.1398513 0.0597699 0.0976087 0.0986402 0.1198272 0.1048725 0.1028138 0.1388598 0.0939638 0.1094148 0.0869154 0.0387411 0.0689794 0.0675727 0.1188154 0.0626781 0.0508894 0.1150966 0.1214771 0.1161114 0.0995158 0.1291384 0.1007724 0.0858473 0.0973071 0.0917823 0.1014174 0.0999628 0.0997693 0.0657446 0.0874638 0.0868837 0.0473424 0.1056074 0.0839568 0.0119166 0.1041527 0.0713720 0.0898599 0.1038362 0.0973137 0.0851728 0.1002935 0.0483023 0.0980844 0.0689143 0.0955966 0.0914951 0.0976886 0.1032274 0.0726716 0.0824153 0.0816410 0.1145232 0.0876222 0.0835317 0.0993944 0.0803819 
S0412sl       0.1957814 0.0719891 0.0951531 0.1155794 0.1002359 0.0707269 0.1219953 0.1053718 0.0901982 0.0793848 0.0975253 0.1155292 0.1234150 0.1252537 0.1064681 0.1240709 0.1065722 0.1037072 0.1096040 0.1207229 0.0842703 0.0663396 0.0667452 0.1045237 0.0000000 0.0964558 0.0857663 0.0861283 0.1004831 0.1203997 0.0918759 0.1011180 0.0726857 0.1277638 0.1166271 0.1074667 0.0806349 0.0667764 0.1085283 0.0848060 0.1006107 0.0569125 0.0758953 0.1013532 0.1192775 0.1421856 0.0516788 0.1220396 0.1003602 0.0704939 0.1019357 0.0868953 0.0681028 0.0858307 0.0877961 0.1083071 0.1046364 0.0895569 0.1205295 0.0964218 0.0838045 0.0786757 0.1010207 0.1003081 0.0998372 0.1001234 0.0971640 0.0975870 0.1110249 0.1058984 0.1428096 0.1106325 0.1125255 0.1397380 0.1039993 0.1078774 0.1429365 0.0857270 0.1463214 0.0966195 0.1040455 0.0986183 0.1167958 0.0787379 0.1038385 0.1449568 0.0657161 0.0859533 0.0869747 0.1002446 0.0969509 0.0967389 0.1213779 0.0917112 0.1152377 0.1081317 0.1243384 0.1182030 0.0694754 0.1251701 0.1065618 0.0837108 0.0688173 0.0651165 0.0759657 0.1059191 0.0735615 0.0991968 0.0911246 0.0907001 0.1143995 0.0791580 0.0863932 0.1063589 0.1059171 0.1014660 0.0607111 0.1055915 0.0984452 0.0913447 0.0708822 0.1093902 0.0719270 0.0960429 0.0665526 0.0541158 0.0962921 0.1063285 0.1022843 0.0843440 0.0806644 0.1231316 0.0911546 0.0892696 0.0860617 0.0778323 
S0417         0.1804717 0.0871606 0.0794244 0.0370774 0.0864372 0.0902748 0.1062468 0.0310912 0.0735523 0.0966650 0.1156741 0.0372265 0.1057827 0.1099650 0.0312295 0.1072559 0.0539763 0.0849550 0.0935647 0.1058553 0.0826553 0.0849357 0.0862474 0.0347596 0.0964558 0.0000000 0.0711924 0.0875666 0.0554488 0.1044624 0.0496230 0.0826922 0.1048164 0.1153250 0.1023582 0.0312196 0.0974513 0.0838151 0.0331382 0.0421331 0.0600517 0.0806914 0.0927120 0.0840720 0.1025561 0.1267530 0.0994552 0.1046687 0.0833061 0.0843085 0.0823587 0.0702383 0.0881406 0.0705674 0.0717623 0.0895688 0.0883807 0.0453328 0.1067770 0.0568997 0.0518713 0.0676184 0.0291617 0.0861907 0.0799040 0.0824282 0.0758467 0.0790772 0.1220272 0.0919767 0.1291800 0.0945827 0.1031101 0.1296044 0.0825932 0.0857665 0.1289498 0.0695301 0.1283474 0.0453633 0.0839825 0.0823131 0.1056040 0.0922951 0.0896497 0.1286985 0.0833074 0.0982473 0.0738125 0.0272292 0.0577559 0.0566301 0.1046606 0.0507441 0.0409969 0.1035437 0.1076375 0.1024267 0.0879859 0.1139653 0.0875668 0.0712178 0.0879805 0.0817237 0.0859426 0.0856896 0.0885761 0.0526332 0.0733220 0.0725033 0.0378290 0.0952425 0.0704976 0.0326888 0.0901327 0.0607188 0.0791766 0.0898645 0.0818103 0.0730392 0.0864158 0.0353932 0.0858260 0.0538581 0.0849207 0.0811106 0.0845728 0.0868326 0.0601179 0.0718008 0.0668975 0.1078297 0.0735525 0.0713970 0.0900807 0.0667364 
S0419         0.1746855 0.0769404 0.0199095 0.0896540 0.0348975 0.0741956 0.0896377 0.0780978 0.0691415 0.0838722 0.1050373 0.0928646 0.0916933 0.0934320 0.0835612 0.0922018 0.0761303 0.0801214 0.0853179 0.0888895 0.0720718 0.0716735 0.0738207 0.0837520 0.0857663 0.0711924 0.0000000 0.0790931 0.0744916 0.0877230 0.0692720 0.0804620 0.0948707 0.0969842 0.0859171 0.0795532 0.0859983 0.0702917 0.0872835 0.0627188 0.0766835 0.0717725 0.0795721 0.0322520 0.0880258 0.1214665 0.0870596 0.0899647 0.0823774 0.0742715 0.0807879 0.0072042 0.0744718 0.0096301 0.0093559 0.0888671 0.0373470 0.0659736 0.0939561 0.0740921 0.0685841 0.0616858 0.0788694 0.0706978 0.0797581 0.0812925 0.0763783 0.0782778 0.1119543 0.0377527 0.1203329 0.0924304 0.0863202 0.1112584 0.0845690 0.0884335 0.1218118 0.0069244 0.1239292 0.0695501 0.0836967 0.0766272 0.0876745 0.0855255 0.0839484 0.1233195 0.0711230 0.0893414 0.0697828 0.0728566 0.0736441 0.0739160 0.0890869 0.0711486 0.0899619 0.0831380 0.0925589 0.0868417 0.0739480 0.0990106 0.0797660 0.0652423 0.0749348 0.0692433 0.0782245 0.0827426 0.0767525 0.0705366 0.0693434 0.0688984 0.0880173 0.0841283 0.0082700 0.0816766 0.0369497 0.0794191 0.0667630 0.0365556 0.0800567 0.0651058 0.0765534 0.0865279 0.0767905 0.0743813 0.0706689 0.0678280 0.0778813 0.0832065 0.0783444 0.0681425 0.0602667 0.1006236 0.0386056 0.0665284 0.0765646 0.0589888 
S0427         0.1824994 0.0771274 0.0865044 0.1094233 0.0923989 0.0790951 0.1185608 0.0967194 0.0838328 0.0864882 0.1000724 0.1082032 0.1176051 0.1188794 0.0978348 0.1168531 0.0952307 0.0964424 0.1045047 0.1147621 0.0309384 0.0736956 0.0750984 0.0971960 0.0861283 0.0875666 0.0790931 0.0000000 0.0907515 0.1147205 0.0832002 0.0918995 0.0952656 0.1222557 0.1113136 0.0979140 0.0872433 0.0725713 0.1018033 0.0744860 0.0926468 0.0730642 0.0835744 0.0950993 0.1128068 0.1341016 0.0867356 0.1154540 0.0904535 0.0751235 0.0933668 0.0788484 0.0770083 0.0791273 0.0807347 0.1000660 0.0975705 0.0798211 0.1192325 0.0916073 0.0814385 0.0744078 0.0918270 0.0938038 0.0886766 0.0895010 0.0866598 0.0879464 0.1104949 0.0994054 0.1342398 0.1053392 0.1126850 0.1382779 0.0935011 0.0960585 0.1341006 0.0783894 0.1370487 0.0887408 0.0927124 0.0863581 0.1161721 0.0840957 0.1019905 0.1365494 0.0730287 0.0890044 0.0845258 0.0915542 0.0918040 0.0898233 0.1160591 0.0843614 0.1066133 0.1067549 0.1178572 0.1133844 0.0785123 0.1242402 0.0962654 0.0807443 0.0762270 0.0724220 0.0814874 0.1000514 0.0768429 0.0874094 0.0840215 0.0845844 0.1040319 0.0833798 0.0793820 0.0961156 0.0978205 0.0943715 0.0709755 0.0979494 0.0931612 0.0797147 0.0787985 0.1015397 0.0769120 0.0888407 0.0734673 0.0724043 0.0935682 0.0961520 0.0939329 0.0795354 0.0759813 0.1126543 0.0840775 0.0791120 0.0297240 0.0732082 
S0428sl       0.1855896 0.0932792 0.0851594 0.0769327 0.0926954 0.0957578 0.1136403 0.0622027 0.0767709 0.1010388 0.1177844 0.0732952 0.1136515 0.1205616 0.0641289 0.1142892 0.0529179 0.0924093 0.1007489 0.1137327 0.0877803 0.0908514 0.0925124 0.0683307 0.1004831 0.0554488 0.0744916 0.0907515 0.0000000 0.1108588 0.0501176 0.0906372 0.1114050 0.1215141 0.1139106 0.0651137 0.1043144 0.0878060 0.0692820 0.0452932 0.0657754 0.0872980 0.0982809 0.0908860 0.1089749 0.1353042 0.1050012 0.1145616 0.0893008 0.0888643 0.0903711 0.0734412 0.0923123 0.0738458 0.0762194 0.0951005 0.0946391 0.0489914 0.1182553 0.0624193 0.0529393 0.0713623 0.0606773 0.0938422 0.0857844 0.0907979 0.0871016 0.0875665 0.1292097 0.0977850 0.1375790 0.1039688 0.1109015 0.1376945 0.0917302 0.0944211 0.1361031 0.0734242 0.1370233 0.0574595 0.0896002 0.0911828 0.1154850 0.1009771 0.0954694 0.1373791 0.0879668 0.1043508 0.0805547 0.0611565 0.0626501 0.0617989 0.1131903 0.0543751 0.0730232 0.1113833 0.1150962 0.1087557 0.0952121 0.1284392 0.0926403 0.0753581 0.0915292 0.0862751 0.0944674 0.0950517 0.0945083 0.0571453 0.0764508 0.0778488 0.0724275 0.1006572 0.0747849 0.0658903 0.0957158 0.0661553 0.0849801 0.0962521 0.0874975 0.0790439 0.0918877 0.0703744 0.0908094 0.0586767 0.0856899 0.0854938 0.0895021 0.0962997 0.0650810 0.0727660 0.0709405 0.1119273 0.0768672 0.0784075 0.0935661 0.0684061 
