111
PAFTOL_019361 0.0000000 0.2305540 0.0000010 0.2007289 0.2024485 0.1799083 0.2720485 0.2248549 0.0000010 0.1574158 0.1994027 0.1865368 0.2284975 0.1772935 0.2019111 0.1799083 0.1815348 0.2089176 0.2266952 0.2078601 0.2068475 0.2184519 0.2315152 0.2040964 0.2570741 0.1562298 0.1815348 0.2178828 0.1762276 0.1799083 0.1732831 0.1546738 0.3213422 0.1879663 0.2160958 0.1862989 0.2029511 0.1969288 0.1804492 0.1969288 0.2071768 0.2357737 0.1821095 0.2001043 0.2047020 0.1931464 0.0000010 0.2112254 0.1881573 0.1992799 0.2106556 0.1760541 0.2143553 0.3495042 0.1953529 0.1639701 0.1910473 0.3003241 0.2091648 0.3387956 0.2134456 0.1881186 0.1859408 0.1824380 0.2651592 0.3044445 0.1878160 0.1919008 0.1570900 0.2208094 0.2001043 0.1925596 0.1957810 0.2157743 0.2291134 0.2000903 0.2166771 0.1815348 0.1544764 0.2191851 0.2389506 0.0000010 0.0000010 0.0000010 0.2333534 0.1778378 0.0000010 0.2091096 0.2319630 0.1414704 0.2232242 0.2825501 0.1829614 0.2558812 0.1999298 0.1973666 0.2316815 0.1767373 0.2273853 0.1896042 0.2056406 0.2178008 0.1880984 0.1770133 0.1951573 0.2370926 0.2212640 0.1892252 0.2239018 0.2069513 0.1953475 
S0055         0.2305540 0.0000000 0.0393969 0.1190508 0.0888561 0.0554801 0.1249072 0.0808453 0.0584160 0.0820596 0.1513832 0.0897460 0.0838667 0.0831994 0.0626423 0.0522009 0.0593173 0.0449906 0.1008956 0.0540208 0.0691889 0.0920708 0.0714242 0.0955277 0.0731152 0.0587817 0.0486770 0.1013711 0.0586128 0.0711682 0.0670812 0.0828832 0.1879020 0.0623701 0.0875352 0.0563222 0.1007685 0.0523456 0.0668491 0.0523456 0.0804707 0.1038848 0.1121448 0.0790093 0.0889708 0.0734952 0.0953640 0.0926773 0.0816147 0.0888571 0.1032130 0.1131559 0.0953281 0.2053196 0.1091166 0.0759722 0.0835617 0.1794666 0.0541958 0.1877792 0.0891632 0.0660646 0.0902874 0.0841878 0.0824881 0.2043224 0.0595450 0.0624520 0.0779432 0.0952500 0.0748719 0.0714542 0.0987698 0.0873814 0.0992334 0.1085073 0.0834269 0.0557865 0.0899516 0.1011761 0.0842195 0.0521363 0.0457315 0.0164162 0.1055842 0.0658249 0.0856777 0.0729120 0.0795962 0.0531481 0.1071847 0.1032997 0.0599829 0.0951541 0.0710160 0.0793770 0.1048922 0.0710515 0.0788913 0.0697684 0.0480424 0.0972452 0.0889527 0.0976514 0.0934611 0.0892854 0.1573108 0.0451060 0.0780311 0.0731087 0.0729956 
S0196sl       0.0000010 0.0393969 0.0000000 0.0977038 0.0506843 0.0330106 0.1042746 0.0573364 0.0458029 0.0799192 0.1089920 0.1159868 0.0652792 0.0664456 0.0728084 0.0273107 0.0458782 0.0604186 0.0960020 0.0107651 0.0865775 0.1086825 0.0000010 0.0677569 0.0583820 0.0515622 0.0273107 0.0808932 0.0801430 0.0579705 0.0160143 0.1164020 0.1658194 0.0656058 0.0985834 0.0402329 0.0597874 0.0051607 0.0523679 0.0051607 0.0732780 0.0893345 0.0978084 0.0531130 0.0844704 0.0450901 0.0959867 0.0525786 0.0734597 0.0528040 0.0618986 0.0901322 0.0635445 0.1535258 0.0000010 0.0548577 0.0630996 0.1404568 0.0000020 0.2116479 0.0729524 0.0585854 0.1014878 0.0938243 0.0683353 0.1793858 0.0456671 0.0513955 0.0585920 0.0861243 0.0462603 0.0459695 0.1263765 0.0754236 0.0822102 0.1388203 0.0000010 0.0395942 0.0829448 0.0794077 0.0630783 0.0460885 0.0336347 0.0344058 0.0975363 0.0726079 0.0657683 0.0642506 0.0566729 0.0465582 0.0690264 0.0806462 0.0397504 0.0626458 0.0665554 0.0779994 0.0838820 0.0453831 0.0677695 0.0651231 0.0332828 0.0796270 0.0716451 0.0955079 0.0805499 0.0510965 0.1468133 0.0328153 0.0656928 0.0719511 0.0635618 
S0278         0.2007289 0.1190508 0.0977038 0.0000000 0.1323678 0.1095505 0.0482003 0.1252946 0.1504002 0.1164774 0.0511007 0.1491007 0.0552916 0.1296972 0.1009486 0.1057157 0.1101103 0.1127969 0.0713672 0.0942401 0.1210035 0.1501108 0.0482211 0.1210166 0.1336906 0.1048960 0.0970473 0.0382763 0.1145637 0.1254077 0.0942702 0.1358188 0.2366450 0.1021051 0.1443589 0.1027187 0.1176171 0.0885780 0.1185436 0.0885780 0.1143269 0.0984644 0.1219480 0.0849921 0.0866766 0.1225955 0.1728238 0.1233564 0.1151387 0.1050072 0.1209566 0.1693965 0.1254178 0.2163039 0.0810623 0.1046194 0.1170681 0.2206416 0.0875646 0.2241240 0.1143291 0.1104347 0.1133594 0.1404206 0.1228147 0.2329350 0.1046747 0.1246830 0.1408727 0.0419659 0.0808158 0.0736130 0.1524987 0.0774407 0.1204678 0.1697897 0.1134150 0.1058077 0.0918774 0.1413508 0.1123949 0.1303722 0.1324095 0.1359593 0.1498226 0.1271074 0.0967226 0.1292983 0.1117115 0.1106746 0.1492293 0.0931096 0.1118122 0.1222378 0.1231473 0.1093022 0.0519510 0.1157389 0.0852885 0.1186257 0.0849653 0.1312591 0.1216181 0.0885038 0.1419705 0.1416578 0.1707658 0.0877171 0.1276031 0.1128907 0.1169030 
S0281         0.2024485 0.0888561 0.0506843 0.1323678 0.0000000 0.0836837 0.1368427 0.0908972 0.0856897 0.0940483 0.1789626 0.0904825 0.1087001 0.1002689 0.0775472 0.0801685 0.0926852 0.0981955 0.1051946 0.0591712 0.1082122 0.1011184 0.0779515 0.0911093 0.0983713 0.0800604 0.0805775 0.1086648 0.0852824 0.0876216 0.0657792 0.0915385 0.1971828 0.1004249 0.0915146 0.0774975 0.1041871 0.0513643 0.0925011 0.0513643 0.0886676 0.0853116 0.1152813 0.0885682 0.0884761 0.0795264 0.1031846 0.0960397 0.0917977 0.0954701 0.1067190 0.1324506 0.0764802 0.2089668 0.0658694 0.0905354 0.1060797 0.1928735 0.0531449 0.1992044 0.0951020 0.0653906 0.1056788 0.0931903 0.1038686 0.2139021 0.0916168 0.0976041 0.1068450 0.1201393 0.0843443 0.0812525 0.0917366 0.0942644 0.1068162 0.1094209 0.1008918 0.0886916 0.0816734 0.1017301 0.0983664 0.0930421 0.0783470 0.0722144 0.1137852 0.0905799 0.1081417 0.0898478 0.1006706 0.0738545 0.0795390 0.1200412 0.0857169 0.1137947 0.0840045 0.0949382 0.1154980 0.0878921 0.1046567 0.0931520 0.0794389 0.0942903 0.1025146 0.1052398 0.1039231 0.0954404 0.1506754 0.0610737 0.0806752 0.1083250 0.0863915 
S0282         0.1799083 0.0554801 0.0330106 0.1095505 0.0836837 0.0000000 0.1256788 0.0767988 0.0215781 0.0492927 0.1408114 0.0974222 0.0843300 0.0783778 0.0558229 0.0027219 0.0232334 0.0634804 0.0924781 0.0555383 0.0698734 0.1040761 0.0701591 0.0941165 0.0845319 0.0260819 0.0141687 0.0878288 0.0547233 0.0092698 0.0554109 0.0944943 0.1846184 0.0583869 0.0992815 0.0325868 0.0959479 0.0479039 0.0200341 0.0479039 0.0796627 0.0944504 0.0939536 0.0636089 0.0838304 0.0685076 0.0955664 0.0880248 0.0798160 0.0922499 0.0982427 0.0938478 0.0894044 0.2028945 0.0919013 0.0638397 0.0745220 0.1764704 0.0495490 0.1887886 0.0918903 0.0724498 0.0854071 0.0683805 0.0967485 0.1902596 0.0169308 0.0443305 0.0736738 0.0910486 0.0631622 0.0635148 0.1036704 0.0710853 0.1058764 0.1170286 0.1000950 0.0201919 0.0718269 0.0920264 0.0840113 0.0217117 0.0105839 0.0338107 0.1142892 0.0625770 0.0847538 0.0790701 0.0793994 0.0294708 0.0932914 0.1025678 0.0083755 0.0916001 0.0737842 0.0588316 0.0946317 0.0423200 0.0777421 0.0351083 0.0408559 0.0846239 0.0840786 0.0848747 0.0803252 0.0837414 0.1279230 0.0474573 0.0807789 0.0658141 0.0759266 
S0289         0.2720485 0.1249072 0.1042746 0.0482003 0.1368427 0.1256788 0.0000000 0.1418939 0.1488540 0.1286218 0.0707706 0.1595633 0.0605697 0.1355839 0.1085463 0.1217247 0.1179385 0.1187521 0.0646878 0.1018206 0.1289350 0.1604276 0.0554132 0.1616604 0.1587404 0.1153803 0.1126038 0.0383155 0.1145386 0.1395585 0.1018440 0.1504759 0.2803148 0.1352759 0.1544188 0.1187563 0.1569327 0.0959263 0.1309362 0.0959263 0.1393652 0.1226747 0.1397507 0.0925869 0.0993832 0.1310361 0.1756376 0.1528498 0.1440579 0.1341856 0.1522664 0.1935011 0.1289403 0.2506730 0.1125945 0.1189937 0.1367894 0.2630939 0.0951053 0.2266140 0.1568712 0.1182020 0.1263394 0.1529886 0.1390684 0.2766059 0.1305100 0.1334028 0.1582771 0.0413618 0.0882851 0.0771110 0.1653057 0.1010465 0.1299194 0.1808109 0.1474760 0.1218007 0.1232162 0.1471588 0.1163765 0.1584183 0.1393246 0.1430338 0.1586429 0.1293365 0.0883664 0.1460268 0.1276644 0.1272793 0.1576633 0.1085038 0.1282952 0.1388409 0.1289750 0.1253854 0.0450629 0.1359646 0.1096050 0.1351762 0.0999687 0.1330438 0.1330554 0.0927838 0.1748283 0.1505508 0.1664643 0.0952733 0.1253909 0.1290438 0.1331600 
S0292         0.2248549 0.0808453 0.0573364 0.1252946 0.0908972 0.0767988 0.1418939 0.0000000 0.1100948 0.1018886 0.1785039 0.1099676 0.0800314 0.0743561 0.0732694 0.0733258 0.0846052 0.0807257 0.1233926 0.0456234 0.0958409 0.1100171 0.0418895 0.0931390 0.1139952 0.0838478 0.0728922 0.1075154 0.0732105 0.0788441 0.0618554 0.1064682 0.2162656 0.0768169 0.1110930 0.0673658 0.0993457 0.0476271 0.0817566 0.0476271 0.0865481 0.0636526 0.1263671 0.0770041 0.0915607 0.0730842 0.1379757 0.0802842 0.0828685 0.0876262 0.0972155 0.1455400 0.0865530 0.2111578 0.0731810 0.0751808 0.0902944 0.2023627 0.0424918 0.2361751 0.0952056 0.0550561 0.1131529 0.0860478 0.0475925 0.2152255 0.0780585 0.0998029 0.0582352 0.1108208 0.0729955 0.0662574 0.1111892 0.0899391 0.1267186 0.1237351 0.0891771 0.0807374 0.1053030 0.0844761 0.0140458 0.1033800 0.0948460 0.0952137 0.0548798 0.1013122 0.1338764 0.0286988 0.0111122 0.0851452 0.0979632 0.1049096 0.0819802 0.0452070 0.0767293 0.0988573 0.1112187 0.0942829 0.0887115 0.0958965 0.0684189 0.0735200 0.0730556 0.0889389 0.0843540 0.0887881 0.1561448 0.0542634 0.0772106 0.0842509 0.0725901 
S0293         0.0000010 0.0584160 0.0458029 0.1504002 0.0856897 0.0215781 0.1488540 0.1100948 0.0000000 0.0661903 0.1618629 0.1342418 0.1100866 0.1195863 0.0740918 0.0160678 0.0337098 0.0816743 0.1051197 0.0606503 0.0881388 0.1265402 0.0000010 0.0897175 0.0777476 0.0392873 0.0160678 0.1216032 0.0796933 0.0420838 0.0661240 0.1347377 0.2070672 0.0721535 0.1153642 0.0281560 0.0956193 0.0520363 0.0160495 0.0520363 0.1032343 0.0893345 0.1337790 0.1073848 0.1240516 0.0772232 0.1133310 0.0872428 0.1034961 0.0960155 0.0992752 0.0762838 0.1244467 0.2278063 0.0000010 0.0911602 0.1013272 0.1909504 0.0486779 0.2506972 0.1138968 0.0928128 0.1391242 0.0724786 0.1222006 0.2510042 0.0335590 0.0514125 0.0943741 0.1184706 0.0983655 0.0976104 0.1469323 0.1132406 0.1159306 0.1399253 0.0000010 0.0277175 0.1005525 0.1277766 0.1167031 0.0338607 0.0219794 0.0469375 0.1593425 0.0726175 0.0940769 0.1154991 0.1087533 0.0403629 0.1147210 0.1220231 0.0278264 0.1092965 0.1130930 0.0726657 0.1264992 0.0333562 0.1044450 0.0521845 0.0389396 0.1280604 0.1246131 0.1395129 0.1192226 0.0838231 0.1572848 0.0633218 0.1116085 0.0792966 0.0914104 
S0294         0.1574158 0.0820596 0.0799192 0.1164774 0.0940483 0.0492927 0.1286218 0.1018886 0.0661903 0.0000000 0.1663265 0.1179754 0.0904447 0.0900800 0.0573975 0.0460415 0.0495531 0.0726586 0.1063250 0.0717595 0.0784875 0.1192542 0.0574182 0.0973139 0.0747305 0.0332029 0.0392459 0.1029286 0.0703295 0.0480084 0.0716608 0.1087652 0.2107956 0.0661007 0.1134422 0.0434153 0.0946233 0.0668302 0.0604405 0.0668302 0.0949949 0.0883940 0.1187975 0.0878997 0.1063696 0.0935289 0.1579760 0.0946679 0.1027956 0.0983992 0.1047473 0.0737590 0.0970495 0.2348601 0.0686831 0.0736664 0.0891644 0.2070774 0.0692768 0.1798031 0.1124444 0.0819071 0.1049794 0.0742829 0.1231609 0.2262909 0.0495372 0.0667046 0.1062451 0.1105825 0.0835562 0.0727806 0.1098928 0.0969727 0.1229330 0.1331548 0.0849039 0.0461248 0.0772859 0.1069602 0.1097970 0.0666047 0.0529855 0.0819335 0.1256182 0.0748791 0.1265510 0.0999011 0.1044369 0.0504761 0.1043355 0.1132865 0.0536428 0.1103543 0.0905663 0.0604442 0.1141951 0.0537305 0.1029586 0.0493921 0.0584348 0.0990423 0.0976841 0.1037710 0.1064141 0.1107136 0.1397926 0.0656787 0.0945767 0.0674367 0.0966291 
S0299         0.1994027 0.1513832 0.1089920 0.0511007 0.1789626 0.1408114 0.0707706 0.1785039 0.1618629 0.1663265 0.0000000 0.2045793 0.0917959 0.1971634 0.1722410 0.1330879 0.1618567 0.1656812 0.0915387 0.1134762 0.1820343 0.1959282 0.1994027 0.1793476 0.1263280 0.1521491 0.1330879 0.0634466 0.1944570 0.1438121 0.1352943 0.2053888 0.2885413 0.1551498 0.1810037 0.1387803 0.1743718 0.1013464 0.1593890 0.1013464 0.1783226 0.2042742 0.1613938 0.1138840 0.1384898 0.1581208 0.1974088 0.1712509 0.2011246 0.1636982 0.1626223 0.2221869 0.1581636 0.2082493 0.5458889 0.1880199 0.1912442 0.2740594 0.0996058 0.2728702 0.1835377 0.1862612 0.1608311 0.2195177 0.1744143 0.3141868 0.1445329 0.1553422 0.1921494 0.0502801 0.1047260 0.1105904 0.2188437 0.1279894 0.1284211 0.2330555 0.5458889 0.1522409 0.1506072 0.2153021 0.1658050 0.1628202 0.1438362 0.1476022 0.2292326 0.1784577 0.1151962 0.2001386 0.1762698 0.1520551 0.1864776 0.1199541 0.1444257 0.1775484 0.1973748 0.1683190 0.0645269 0.1390677 0.1376085 0.1707113 0.1420215 0.2060901 0.2018196 0.1450683 0.1882891 0.1665502 0.1772037 0.1394146 0.1948258 0.1704163 0.1485400 
S0322         0.1865368 0.0897460 0.1159868 0.1491007 0.0904825 0.0974222 0.1595633 0.1099676 0.1342418 0.1179754 0.2045793 0.0000000 0.1171182 0.1289765 0.0989681 0.0937100 0.1071865 0.1126828 0.1093088 0.0856277 0.1160729 0.0173298 0.0791783 0.1271581 0.1367952 0.1027287 0.0941850 0.1253905 0.1060103 0.1027358 0.0979278 0.0085214 0.2336487 0.1075658 0.0142044 0.0953081 0.1302064 0.0845468 0.0980601 0.0845468 0.1134885 0.1207555 0.1015551 0.0977188 0.1077883 0.1009791 0.0931918 0.1293781 0.1181327 0.1284976 0.1422270 0.1578105 0.1069322 0.2347521 0.0769625 0.1229834 0.1314314 0.2192786 0.0833610 0.2137597 0.1348157 0.1021878 0.1020388 0.1085965 0.1311573 0.2409363 0.1008738 0.1100248 0.1304216 0.1287936 0.0932804 0.0938163 0.0125460 0.1091659 0.0670311 0.0296997 0.0122842 0.1029036 0.0769274 0.1281588 0.1264902 0.1243216 0.1178426 0.1112646 0.1478480 0.1085624 0.1366326 0.1163724 0.1202852 0.0959005 0.1070022 0.1325983 0.1029558 0.1435476 0.1141662 0.1191127 0.1394709 0.1030270 0.1133718 0.1037627 0.0999559 0.1279225 0.1346753 0.1136326 0.1239377 0.1145704 0.1698342 0.0837376 0.1141319 0.1282615 0.1079323 
S0327         0.2284975 0.0838667 0.0652792 0.0552916 0.1087001 0.0843300 0.0605697 0.0800314 0.1100866 0.0904447 0.0917959 0.1171182 0.0000000 0.0940165 0.0835938 0.0807836 0.0847622 0.0746231 0.0679151 0.0561040 0.0988908 0.1185623 0.0294673 0.0981960 0.1128360 0.0733989 0.0730177 0.0545214 0.0887883 0.0969007 0.0665538 0.1090122 0.2394153 0.0891881 0.1135357 0.0778402 0.0999735 0.0550719 0.0924197 0.0550719 0.0951905 0.0844174 0.1014469 0.0620370 0.0749118 0.0921891 0.1414236 0.0849339 0.0921186 0.0881453 0.0903209 0.1409727 0.0998323 0.2232649 0.0591774 0.0753027 0.0908507 0.2235638 0.0533450 0.2511165 0.1035867 0.0668729 0.1041975 0.0958321 0.0854851 0.2357580 0.0884301 0.0913314 0.1006287 0.0509384 0.0583187 0.0452447 0.1327799 0.0628513 0.1041748 0.1362573 0.0896041 0.0808838 0.0880578 0.0968039 0.0764434 0.1107588 0.0947920 0.0971489 0.1055592 0.0949585 0.0781396 0.0873490 0.0686015 0.0824482 0.1196423 0.0762913 0.0859979 0.0802676 0.0962591 0.0920976 0.0661145 0.0944703 0.0737297 0.1035462 0.0620712 0.0883378 0.0883586 0.0619523 0.1021999 0.1090784 0.1403943 0.0612920 0.1002745 0.0875302 0.0873471 
S0335         0.1772935 0.0831994 0.0664456 0.1296972 0.1002689 0.0783778 0.1355839 0.0743561 0.1195863 0.0900800 0.1971634 0.1289765 0.0940165 0.0000000 0.0826700 0.0748328 0.0863594 0.0919671 0.1141963 0.0642780 0.1063852 0.1266879 0.0493656 0.1079568 0.1092743 0.0774056 0.0743803 0.1112258 0.0753945 0.0944329 0.0673122 0.1159638 0.2348624 0.0977700 0.1213521 0.0795817 0.1096072 0.0591812 0.0911663 0.0591812 0.1054514 0.0787688 0.1204312 0.0793320 0.0982849 0.0933244 0.1530950 0.1012619 0.1014468 0.0973047 0.1123157 0.1456243 0.1039616 0.2219222 0.0824987 0.0787869 0.0987393 0.2230494 0.0612966 0.2200023 0.1094922 0.0699983 0.1051802 0.1094992 0.0944521 0.2416251 0.0796854 0.0940510 0.0712025 0.1146315 0.0751806 0.0679583 0.1332804 0.0926452 0.1345663 0.1397546 0.0754968 0.0824041 0.1041602 0.0510695 0.0816041 0.1134911 0.1037248 0.0983617 0.0956548 0.0890413 0.1208425 0.0595873 0.0769972 0.0792324 0.1205173 0.1210551 0.0836985 0.0850188 0.0324398 0.1085690 0.1131758 0.1039947 0.0876196 0.0861343 0.0735731 0.0356493 0.0292312 0.1070416 0.0980577 0.1104463 0.1547898 0.0588924 0.0448656 0.0941225 0.0926495 
S0376         0.2019111 0.0626423 0.0728084 0.1009486 0.0775472 0.0558229 0.1085463 0.0732694 0.0740918 0.0573975 0.1722410 0.0989681 0.0835938 0.0826700 0.0000000 0.0525275 0.0596810 0.0635333 0.0760949 0.0568540 0.0386393 0.1006848 0.0358648 0.0898313 0.0788923 0.0490266 0.0489837 0.0771559 0.0523253 0.0677754 0.0598512 0.0876858 0.2331437 0.0660980 0.0959472 0.0396293 0.0801050 0.0520622 0.0672522 0.0520622 0.0770480 0.0564970 0.1160051 0.0735013 0.0734157 0.0805095 0.1140376 0.0766321 0.0839790 0.0722349 0.0819568 0.0953801 0.0808196 0.2486404 0.0664260 0.0715994 0.0865567 0.2240878 0.0538901 0.2063195 0.0798689 0.0690380 0.0862399 0.0705053 0.0924718 0.2505833 0.0599112 0.0669002 0.0807230 0.0968659 0.0695433 0.0628465 0.1043275 0.0749298 0.1028188 0.1176870 0.0822139 0.0561320 0.0947686 0.0780205 0.0834878 0.0668360 0.0603954 0.0602259 0.1051306 0.0680061 0.1099795 0.0790722 0.0825552 0.0606112 0.0846829 0.0968509 0.0603535 0.0948878 0.0703843 0.0514857 0.0873541 0.0612203 0.0820092 0.0563500 0.0484737 0.0773515 0.0811996 0.0842537 0.1006718 0.0966335 0.1119616 0.0480019 0.0740740 0.0451321 0.0727729 
S0400         0.1799083 0.0522009 0.0273107 0.1057157 0.0801685 0.0027219 0.1217247 0.0733258 0.0160678 0.0460415 0.1330879 0.0937100 0.0807836 0.0748328 0.0525275 0.0000000 0.0202542 0.0600777 0.0888421 0.0522554 0.0664490 0.1003407 0.0701591 0.0904072 0.0809734 0.0230987 0.0112935 0.0842536 0.0514930 0.0092698 0.0521350 0.0907702 0.1800667 0.0551090 0.0956149 0.0295149 0.0922939 0.0447445 0.0171081 0.0447445 0.0761870 0.0944504 0.0902482 0.0636089 0.0801656 0.0651519 0.0885462 0.0844426 0.0763384 0.0886203 0.0944934 0.0900260 0.0858942 0.1982891 0.0919013 0.0604142 0.0710080 0.1719635 0.0462748 0.1887886 0.0882722 0.0690390 0.0816678 0.0650314 0.0931825 0.1856415 0.0140580 0.0412252 0.0702096 0.0874640 0.0597760 0.0601092 0.1036704 0.0746480 0.1020597 0.1131538 0.1000950 0.0172442 0.0681270 0.0884067 0.0804773 0.0161677 0.0052541 0.0279725 0.1105228 0.0592248 0.0781157 0.0756269 0.0759436 0.0264245 0.0897413 0.0987762 0.0055636 0.0879989 0.0703158 0.0555301 0.0908901 0.0391508 0.0742156 0.0320651 0.0378009 0.0810690 0.0805488 0.0812999 0.0768212 0.0802204 0.1237834 0.0443297 0.0772590 0.0624486 0.0724967 
S0405         0.1815348 0.0593173 0.0458782 0.1101103 0.0926852 0.0232334 0.1179385 0.0846052 0.0337098 0.0495531 0.1618567 0.1071865 0.0847622 0.0863594 0.0596810 0.0202542 0.0000000 0.0596752 0.0929514 0.0598584 0.0702360 0.1087927 0.0625595 0.0946053 0.0889068 0.0262184 0.0083326 0.0970637 0.0584967 0.0295742 0.0633065 0.0991396 0.2057027 0.0547551 0.1038825 0.0360086 0.0964358 0.0553787 0.0329402 0.0553787 0.0884922 0.0858614 0.1036418 0.0755574 0.0883325 0.0768344 0.1134128 0.0884751 0.0886543 0.0927215 0.0987517 0.0995482 0.0984920 0.2247381 0.0748680 0.0681610 0.0833630 0.1971148 0.0535410 0.2046489 0.1013090 0.0765640 0.0950332 0.0723918 0.1049117 0.2118228 0.0263704 0.0482449 0.0814362 0.1003640 0.0714725 0.0678068 0.1079383 0.0871696 0.1113027 0.1219983 0.0908703 0.0141343 0.0810998 0.0965248 0.0920110 0.0339216 0.0220224 0.0470153 0.1187462 0.0665521 0.1013189 0.0868258 0.0871855 0.0363411 0.1025515 0.1030977 0.0267447 0.0957600 0.0779766 0.0591369 0.0993008 0.0459295 0.0820336 0.0452811 0.0443222 0.0926743 0.0920675 0.0940563 0.0929449 0.0927608 0.1288942 0.0510580 0.0850813 0.0695818 0.0768549 
S0412sl       0.2089176 0.0449906 0.0604186 0.1127969 0.0981955 0.0634804 0.1187521 0.0807257 0.0816743 0.0726586 0.1656812 0.1126828 0.0746231 0.0919671 0.0635333 0.0600777 0.0596752 0.0000000 0.1101043 0.0617516 0.0814043 0.1050535 0.0566622 0.1005409 0.0970312 0.0600389 0.0528349 0.0993910 0.0555225 0.0764112 0.0685565 0.1001089 0.2262535 0.0489378 0.1091526 0.0607665 0.1023154 0.0602412 0.0713148 0.0602412 0.0816267 0.0872298 0.1001715 0.0841764 0.0864701 0.0825490 0.1150244 0.0892267 0.0894076 0.0901924 0.0996262 0.1150453 0.0858696 0.2296990 0.0760699 0.0768053 0.0927028 0.2258126 0.0624354 0.2407148 0.0971538 0.0634373 0.0904512 0.0843856 0.1058078 0.2235527 0.0672965 0.0707437 0.0798691 0.0973171 0.0798941 0.0653623 0.1186370 0.0814744 0.1096098 0.1223529 0.1088590 0.0601742 0.0826958 0.1027376 0.0877101 0.0741507 0.0675345 0.0479571 0.1155139 0.0784581 0.0973137 0.0795052 0.0830122 0.0577174 0.1051863 0.1048567 0.0683077 0.0965821 0.0865571 0.0734895 0.1021390 0.0798854 0.0830179 0.0817145 0.0521322 0.0987340 0.0902880 0.0956295 0.0982166 0.0991653 0.1262093 0.0522214 0.0905155 0.0741671 0.0813834 
S0417         0.2266952 0.1008956 0.0960020 0.0713672 0.1051946 0.0924781 0.0646878 0.1233926 0.1051197 0.1063250 0.0915387 0.1093088 0.0679151 0.1141963 0.0760949 0.0888421 0.0929514 0.1101043 0.0000000 0.0894842 0.0989663 0.1071055 0.0544394 0.1221143 0.1313752 0.0881540 0.0807955 0.0411642 0.0891764 0.1058661 0.0969366 0.1016430 0.2690909 0.1124739 0.1022811 0.0932489 0.1141472 0.0840312 0.0970671 0.0840312 0.1044115 0.0961815 0.1165211 0.0697317 0.0779738 0.1077377 0.1272604 0.1070162 0.1089363 0.0975824 0.1056539 0.1739471 0.1235222 0.2344043 0.0791695 0.1103676 0.1276640 0.2517809 0.0829136 0.2505460 0.1039933 0.1037037 0.1136894 0.1113630 0.1054917 0.2590571 0.0967300 0.1124330 0.1123707 0.0646991 0.0658450 0.0623329 0.1156345 0.0839147 0.0961828 0.1242998 0.0962097 0.0889416 0.0962622 0.1166185 0.1116657 0.1133776 0.0970066 0.1057222 0.1474970 0.1043987 0.0653253 0.1219035 0.1100589 0.0974093 0.1381405 0.0845101 0.0982052 0.1203755 0.0928966 0.1035229 0.0691571 0.1049550 0.0846037 0.1042831 0.0727319 0.1117242 0.1198510 0.0768688 0.1275981 0.1255557 0.1445978 0.0751165 0.0928396 0.0950587 0.1062119 
S0419         0.2078601 0.0540208 0.0107651 0.0942401 0.0591712 0.0555383 0.1018206 0.0456234 0.0606503 0.0717595 0.1134762 0.0856277 0.0561040 0.0642780 0.0568540 0.0522554 0.0598584 0.0617516 0.0894842 0.0000000 0.0744839 0.0852664 0.0486390 0.0650370 0.0881928 0.0593138 0.0491040 0.0773338 0.0606307 0.0671192 0.0233314 0.0796567 0.1667126 0.0670559 0.0808349 0.0536587 0.0745734 0.0055797 0.0669218 0.0055797 0.0694825 0.0775463 0.0857369 0.0558797 0.0741169 0.0592995 0.0982497 0.0600524 0.0591913 0.0635413 0.0721553 0.0959206 0.0485472 0.1692246 0.0732275 0.0576604 0.0719697 0.1585710 0.0085967 0.1618954 0.0666248 0.0394540 0.0620688 0.0706331 0.0577936 0.1722094 0.0558389 0.0594121 0.0671155 0.0805269 0.0522213 0.0458860 0.0911934 0.0683567 0.0855745 0.1014584 0.0742721 0.0562898 0.0646282 0.0744803 0.0488208 0.0610389 0.0474313 0.0485729 0.0759932 0.0718453 0.0825394 0.0489611 0.0483202 0.0569808 0.0586946 0.0794716 0.0600471 0.0586048 0.0565777 0.0774871 0.0769830 0.0684430 0.0718009 0.0671932 0.0458742 0.0708679 0.0668219 0.0703411 0.0669747 0.0742564 0.1242992 0.0355708 0.0601146 0.0745152 0.0629921 
S0427         0.2068475 0.0691889 0.0865775 0.1210035 0.1082122 0.0698734 0.1289350 0.0958409 0.0881388 0.0784875 0.1820343 0.1160729 0.0988908 0.1063852 0.0386393 0.0664490 0.0702360 0.0814043 0.0989663 0.0744839 0.0000000 0.1175657 0.0692435 0.1047196 0.1054204 0.0659294 0.0590924 0.1075924 0.0797411 0.0837245 0.0768774 0.1077933 0.2283237 0.0767903 0.1124422 0.0598720 0.0985739 0.0695250 0.0820485 0.0695250 0.0910296 0.1006134 0.1426223 0.0928451 0.1047471 0.0982388 0.1302449 0.0992918 0.0911912 0.0985880 0.1043377 0.1256383 0.1033933 0.2420454 0.0899096 0.0820318 0.0977399 0.2194675 0.0716364 0.1817604 0.0984617 0.0911050 0.1074089 0.0942049 0.1198362 0.2348294 0.0737508 0.0881704 0.1004098 0.1209868 0.0885199 0.0805294 0.1276137 0.1021285 0.1201781 0.1356454 0.0997482 0.0595593 0.1167016 0.1049718 0.1028397 0.0810913 0.0738176 0.0666620 0.1202336 0.0807492 0.1255819 0.0899434 0.1016329 0.0823951 0.1075580 0.1170619 0.0748533 0.1073318 0.0928890 0.0721641 0.1148618 0.0899368 0.1056183 0.0808490 0.0682685 0.1036949 0.1078689 0.0988687 0.1035337 0.1152474 0.1254509 0.0683332 0.0953538 0.0544077 0.0933170 
S0430         0.2184519 0.0920708 0.1086825 0.1501108 0.1011184 0.1040761 0.1604276 0.1100171 0.1265402 0.1192542 0.1959282 0.0173298 0.1185623 0.1266879 0.1006848 0.1003407 0.1087927 0.1050535 0.1071055 0.0852664 0.1175657 0.0000000 0.0836461 0.1242839 0.1380029 0.1078240 0.0959516 0.1322791 0.1087245 0.1147982 0.1046207 0.0086326 0.2491194 0.1173119 0.0055636 0.0942760 0.1315115 0.0910002 0.1127830 0.0910002 0.1159758 0.1243904 0.1014548 0.1044022 0.1017732 0.1116908 0.0727723 0.1306915 0.1299880 0.1298151 0.1433787 0.1707755 0.1172905 0.2291044 0.0911755 0.1254244 0.1432256 0.2292727 0.0860837 0.2427687 0.1418703 0.1004435 0.1011114 0.1045883 0.1332789 0.2334039 0.1041765 0.1130360 0.1230146 0.1356802 0.0998853 0.0963222 0.0000023 0.1120084 0.0707526 0.0084337 0.0058943 0.0998581 0.0807598 0.1258943 0.1183516 0.1168761 0.1104363 0.1038784 0.1533676 0.1101717 0.1375483 0.1166800 0.1204932 0.1057514 0.1180756 0.1338538 0.1101810 0.1446362 0.1121962 0.1240804 0.1369449 0.1010048 0.1114210 0.1054286 0.0982871 0.1256692 0.1323119 0.1164028 0.1227410 0.1297562 0.1792142 0.0823796 0.1121598 0.1291860 0.1067018 
S0478         0.2315152 0.0714242 0.0000010 0.0482211 0.0779515 0.0701591 0.0554132 0.0418895 0.0000010 0.0574182 0.1994027 0.0791783 0.0294673 0.0493656 0.0358648 0.0701591 0.0625595 0.0566622 0.0544394 0.0486390 0.0692435 0.0836461 0.0000000 0.0771237 0.1137734 0.0553973 0.0625595 0.0354014 0.0293988 0.0701591 0.0488470 0.0577963 0.2095235 0.0555350 0.0844512 0.0493651 0.0900233 0.0480458 0.0704275 0.0480458 0.0612550 0.0719152 0.0760364 0.0419652 0.0432757 0.0704993 0.0000010 0.0831001 0.0544314 0.0756578 0.0766458 0.1278396 0.0684790 0.2427288 0.0795219 0.0557535 0.0749853 0.2124376 0.0548354 0.2224225 0.0684013 0.0290285 0.0636483 0.0552943 0.0413514 0.2075927 0.0702851 0.0707542 0.0626408 0.0357936 0.0419652 0.0235302 0.0818450 0.0493925 0.0990377 0.0859100 0.0955848 0.0625595 0.0577651 0.0554203 0.0296173 0.0000010 0.0000010 0.0000010 0.0605671 0.0635441 0.0000010 0.0414006 0.0230571 0.0631507 0.0843205 0.0636034 0.0711341 0.0492588 0.0413536 0.0493651 0.0492321 0.0812971 0.0422716 0.0624684 0.0355675 0.0486395 0.0422609 0.0292919 0.0689949 0.1037964 0.1116052 0.0230334 0.0484906 0.0701194 0.0493224 
S0552sl       0.2040964 0.0955277 0.0677569 0.1210166 0.0911093 0.0941165 0.1616604 0.0931390 0.0897175 0.0973139 0.1793476 0.1271581 0.0981960 0.1079568 0.0898313 0.0904072 0.0946053 0.1005409 0.1221143 0.0650370 0.1047196 0.1242839 0.0771237 0.0000000 0.0940334 0.0903411 0.0821851 0.1288937 0.0936834 0.1024890 0.0760823 0.1236530 0.2226248 0.0869667 0.1230689 0.0880369 0.0321362 0.0602840 0.1034737 0.0602840 0.0770680 0.0837251 0.1232897 0.0989913 0.0983665 0.0990724 0.1654377 0.0261562 0.0633194 0.0291815 0.0324167 0.1458362 0.1112425 0.2479715 0.0733806 0.0467490 0.0604763 0.2136414 0.0587821 0.2255562 0.0752762 0.0708653 0.1233321 0.0841807 0.1063395 0.2370153 0.0984650 0.1088289 0.1060383 0.1340258 0.0944728 0.0868295 0.1385235 0.1021099 0.1316999 0.1425751 0.0900766 0.0861617 0.1042916 0.1200031 0.0966419 0.0977951 0.0899279 0.0844531 0.1070822 0.1066016 0.1412693 0.0801640 0.0916570 0.0895804 0.1240760 0.1267555 0.0999938 0.0966912 0.0993875 0.1108992 0.1270412 0.0918570 0.1170043 0.1065130 0.0812806 0.1112984 0.1059553 0.1061924 0.0855617 0.1168681 0.1677546 0.0735441 0.1035501 0.1057974 0.0983999 
S0558         0.2570741 0.0731152 0.0583820 0.1336906 0.0983713 0.0845319 0.1587404 0.1139952 0.0777476 0.0747305 0.1263280 0.1367952 0.1128360 0.1092743 0.0788923 0.0809734 0.0889068 0.0970312 0.1313752 0.0881928 0.1054204 0.1380029 0.1137734 0.0940334 0.0000000 0.0738346 0.0769416 0.1329131 0.0847378 0.1016605 0.0948031 0.1206234 0.2138728 0.0850741 0.1324692 0.0752513 0.0959752 0.0820562 0.0974998 0.0820562 0.0864279 0.1311408 0.1438934 0.1163997 0.1114972 0.1096702 0.1244387 0.1048209 0.1071385 0.0996790 0.1059284 0.1452908 0.1219944 0.2439838 0.1381335 0.0892460 0.1008254 0.1920611 0.0851646 0.2611531 0.1049888 0.0932643 0.1294685 0.0958783 0.1119906 0.2307762 0.0892782 0.0877439 0.1109708 0.1219594 0.1115187 0.1038589 0.1412350 0.1182284 0.1310131 0.1525238 0.1260504 0.0849575 0.1059203 0.1191504 0.1176809 0.0711396 0.0643403 0.0590964 0.1456663 0.0809808 0.1082594 0.1041044 0.1121141 0.0702105 0.1350916 0.1317369 0.0899893 0.1177434 0.1063580 0.0970377 0.1273665 0.0864583 0.1206176 0.0889513 0.0694140 0.1188704 0.1172254 0.1288812 0.1061406 0.1279197 0.1625425 0.0768206 0.1028275 0.0934684 0.1056302 
S0641         0.1562298 0.0587817 0.0515622 0.1048960 0.0800604 0.0260819 0.1153803 0.0838478 0.0392873 0.0332029 0.1521491 0.1027287 0.0733989 0.0774056 0.0490266 0.0230987 0.0262184 0.0600389 0.0881540 0.0593138 0.0659294 0.1078240 0.0553973 0.0903411 0.0738346 0.0000000 0.0170554 0.0921620 0.0547229 0.0330394 0.0627311 0.0947933 0.1942302 0.0581633 0.1029615 0.0231704 0.0915832 0.0548822 0.0358581 0.0548822 0.0772692 0.0692495 0.1026927 0.0710452 0.0870766 0.0761468 0.1199416 0.0843833 0.0845593 0.0879348 0.0937519 0.0858196 0.0871097 0.2228751 0.0582587 0.0600922 0.0747075 0.1857933 0.0568042 0.1935898 0.0969907 0.0726787 0.0941323 0.0649896 0.1040027 0.2099982 0.0292377 0.0381185 0.0807025 0.0994670 0.0670699 0.0602768 0.1078016 0.0745184 0.1114527 0.1209127 0.0824532 0.0231482 0.0803069 0.0865226 0.0911908 0.0395309 0.0274949 0.0528281 0.1101008 0.0591871 0.1075627 0.0860603 0.0864148 0.0202006 0.0943254 0.0980026 0.0296520 0.0949081 0.0728851 0.0418584 0.0885907 0.0388386 0.0812880 0.0385813 0.0439331 0.0793541 0.0830451 0.0891826 0.0921086 0.0919288 0.1257484 0.0506067 0.0797859 0.0586222 0.0793743 
S0643         0.1815348 0.0486770 0.0273107 0.0970473 0.0805775 0.0141687 0.1126038 0.0728922 0.0160678 0.0392459 0.1330879 0.0941850 0.0730177 0.0743803 0.0489837 0.0112935 0.0083326 0.0528349 0.0807955 0.0491040 0.0590924 0.0959516 0.0625595 0.0821851 0.0769416 0.0170554 0.0000000 0.0846828 0.0480250 0.0226398 0.0524169 0.0864733 0.1878062 0.0481730 0.0913442 0.0263402 0.0841710 0.0449860 0.0233598 0.0449860 0.0765792 0.0858614 0.0907120 0.0639512 0.0760213 0.0654917 0.0885462 0.0765620 0.0767305 0.0805911 0.0861382 0.0864039 0.0863207 0.2063622 0.0748680 0.0568780 0.0713856 0.1795154 0.0465318 0.2046489 0.0887191 0.0652591 0.0821081 0.0613465 0.0926032 0.1935700 0.0171503 0.0382269 0.0697973 0.0879042 0.0600985 0.0565939 0.0987762 0.0750416 0.1025721 0.1084915 0.0908703 0.0055200 0.0685135 0.0842475 0.0799887 0.0161677 0.0052541 0.0279725 0.1056822 0.0555764 0.0781157 0.0751822 0.0754952 0.0265745 0.0901841 0.0902787 0.0173900 0.0835827 0.0664627 0.0485400 0.0865734 0.0358223 0.0702710 0.0353235 0.0345985 0.0805736 0.0800602 0.0817196 0.0807703 0.0806303 0.1243953 0.0410144 0.0732980 0.0585517 0.0686711 
S0645sl       0.2178828 0.1013711 0.0808932 0.0382763 0.1086648 0.0878288 0.0383155 0.1075154 0.1216032 0.1029286 0.0634466 0.1253905 0.0545214 0.1112258 0.0771559 0.0842536 0.0970637 0.0993910 0.0411642 0.0773338 0.1075924 0.1322791 0.0354014 0.1288937 0.1329131 0.0921620 0.0846828 0.0000000 0.0855377 0.0957844 0.0736345 0.1225457 0.2496791 0.1052337 0.1269142 0.0859074 0.1169441 0.0687089 0.0923050 0.0687089 0.0998475 0.0834467 0.1115698 0.0586317 0.0752218 0.0998255 0.1631838 0.1131339 0.1119257 0.0965644 0.1118504 0.1593873 0.1026366 0.2328575 0.0805174 0.0949638 0.1067847 0.2390589 0.0672384 0.2296522 0.1073660 0.0932864 0.1036218 0.1251187 0.1051133 0.2460155 0.0959344 0.1111803 0.1219760 0.0318265 0.0549622 0.0519949 0.1341487 0.0659985 0.0989448 0.1509336 0.1123078 0.0929809 0.0909028 0.1140438 0.0953828 0.1303688 0.1129534 0.1158770 0.1352473 0.1090001 0.0663960 0.1113142 0.0948226 0.0935180 0.1243499 0.0809240 0.0933740 0.1086941 0.1052860 0.0963583 0.0325551 0.1015966 0.0778439 0.1010104 0.0694755 0.1129790 0.1091730 0.0618829 0.1306613 0.1171795 0.1440943 0.0722426 0.1094622 0.0998400 0.1074472 
S0689         0.1762276 0.0586128 0.0801430 0.1145637 0.0852824 0.0547233 0.1145386 0.0732105 0.0796933 0.0703295 0.1944570 0.1060103 0.0887883 0.0753945 0.0523253 0.0514930 0.0584967 0.0555225 0.0891764 0.0606307 0.0797411 0.1087245 0.0293988 0.0936834 0.0847378 0.0547229 0.0480250 0.0855377 0.0000000 0.0697999 0.0668181 0.0946140 0.2017192 0.0647915 0.1038116 0.0455839 0.0955119 0.0587492 0.0625118 0.0587492 0.0764169 0.0561734 0.0976062 0.0859712 0.0811087 0.0734236 0.1402557 0.0837085 0.0800541 0.0843357 0.0936302 0.1123068 0.0986584 0.2262042 0.0586866 0.0712568 0.0861697 0.1927193 0.0608358 0.2108474 0.0921609 0.0581961 0.0971515 0.0657094 0.0856280 0.2189437 0.0556039 0.0622176 0.0694408 0.1004796 0.0817373 0.0747385 0.1171432 0.0870304 0.1159309 0.1262136 0.0739697 0.0550223 0.0801468 0.0899793 0.0730563 0.0728817 0.0724974 0.0805114 0.1014486 0.0701050 0.1186241 0.0721188 0.0755541 0.0492839 0.1027289 0.1106492 0.0555064 0.0908316 0.0745706 0.0686337 0.0963684 0.0634067 0.0818567 0.0654145 0.0350084 0.0825457 0.0813875 0.0938510 0.0841409 0.0892039 0.1294422 0.0353941 0.0712368 0.0723840 0.0732321 
S0690         0.1799083 0.0711682 0.0579705 0.1254077 0.0876216 0.0092698 0.1395585 0.0788441 0.0420838 0.0480084 0.1438121 0.1027358 0.0969007 0.0944329 0.0677754 0.0092698 0.0295742 0.0764112 0.1058661 0.0671192 0.0837245 0.1147982 0.0701591 0.1024890 0.1016605 0.0330394 0.0226398 0.0957844 0.0697999 0.0000000 0.0667925 0.1038904 0.1891119 0.0626914 0.1142521 0.0440676 0.1104123 0.0581918 0.0260273 0.0581918 0.0817213 0.0944504 0.1026111 0.0720645 0.0908593 0.0781443 0.1372226 0.1052790 0.0814641 0.1108397 0.1114582 0.1082654 0.0888866 0.2196685 0.0919013 0.0766996 0.0890805 0.1867700 0.0631231 0.1887886 0.0999362 0.0781816 0.0925151 0.0570460 0.1110394 0.1932832 0.0257481 0.0540349 0.0756688 0.0953361 0.0720645 0.0725204 0.1133745 0.0900613 0.1164949 0.1247508 0.1000950 0.0297000 0.0691650 0.1011477 0.0869838 0.0427065 0.0275457 0.0505231 0.1122533 0.0717819 0.1313683 0.0772548 0.0820196 0.0369189 0.0940389 0.1088245 0.0093555 0.1053715 0.0847758 0.0591072 0.1038789 0.0479079 0.0888074 0.0434103 0.0534815 0.0931395 0.0966922 0.0839417 0.0869140 0.0959406 0.1336651 0.0612877 0.0929112 0.0709798 0.0785773 
S0720         0.1732831 0.0670812 0.0160143 0.0942702 0.0657792 0.0554109 0.1018440 0.0618554 0.0661240 0.0716608 0.1352943 0.0979278 0.0665538 0.0673122 0.0598512 0.0521350 0.0633065 0.0685565 0.0969366 0.0233314 0.0768774 0.1046207 0.0488470 0.0760823 0.0948031 0.0627311 0.0524169 0.0736345 0.0668181 0.0667925 0.0000000 0.0987601 0.1787960 0.0705817 0.0997906 0.0566647 0.0734590 0.0170057 0.0667672 0.0170057 0.0732969 0.0779370 0.0854410 0.0557507 0.0677674 0.0547779 0.1214201 0.0705926 0.0697197 0.0670333 0.0800232 0.0956848 0.0510887 0.1978212 0.0747201 0.0601475 0.0670607 0.1747280 0.0175553 0.1770396 0.0722823 0.0488546 0.0657974 0.0813977 0.0810516 0.1883665 0.0625847 0.0693636 0.0736799 0.0768088 0.0521012 0.0491203 0.1129474 0.0636763 0.0892418 0.1218905 0.0827495 0.0596956 0.0644025 0.0811596 0.0651728 0.0665390 0.0528868 0.0541450 0.0901988 0.0749230 0.0725267 0.0585026 0.0644805 0.0599889 0.0611752 0.0854725 0.0599077 0.0758458 0.0663583 0.0810939 0.0719349 0.0753554 0.0669875 0.0702156 0.0485959 0.0774947 0.0698200 0.0701791 0.0690838 0.0692200 0.1190719 0.0384303 0.0699812 0.0769792 0.0613986 
S0724sl       0.1546738 0.0828832 0.1164020 0.1358188 0.0915385 0.0944943 0.1504759 0.1064682 0.1347377 0.1087652 0.2053888 0.0085214 0.1090122 0.1159638 0.0876858 0.0907702 0.0991396 0.1001089 0.1016430 0.0796567 0.1077933 0.0086326 0.0577963 0.1236530 0.1206234 0.0947933 0.0864733 0.1225457 0.0946140 0.1038904 0.0987601 0.0000000 0.2279359 0.1075693 0.0056611 0.0840813 0.1215667 0.0855061 0.1030902 0.0855061 0.1067391 0.0973608 0.0910687 0.0947815 0.0961907 0.1020810 0.0797724 0.1248235 0.1205032 0.1239859 0.1374270 0.1546125 0.1082192 0.2235123 0.0612214 0.1153517 0.1330316 0.2126073 0.0806399 0.1997260 0.1239263 0.0945914 0.0909143 0.0967797 0.1158553 0.2292828 0.0946024 0.1036767 0.1145169 0.1259742 0.0903498 0.0867957 0.0062659 0.1062723 0.0607730 0.0207122 0.0061783 0.0949631 0.0693603 0.1121182 0.1145443 0.1247708 0.1182698 0.1116693 0.1476949 0.1007264 0.1371229 0.1167520 0.1167880 0.0929080 0.1082909 0.1244089 0.1004027 0.1307796 0.1028855 0.1108450 0.1269151 0.0963239 0.1056969 0.0960521 0.0852958 0.1158743 0.1225831 0.1107370 0.1214076 0.1199283 0.1614634 0.0732160 0.0990279 0.1197815 0.1006125 
S0735         0.3213422 0.1879020 0.1658194 0.2366450 0.1971828 0.1846184 0.2803148 0.2162656 0.2070672 0.2107956 0.2885413 0.2336487 0.2394153 0.2348624 0.2331437 0.1800667 0.2057027 0.2262535 0.2690909 0.1667126 0.2283237 0.2491194 0.2095235 0.2226248 0.2138728 0.1942302 0.1878062 0.2496791 0.2017192 0.1891119 0.1787960 0.2279359 0.0000000 0.2009367 0.2406024 0.2140308 0.2251809 0.1709365 0.2060876 0.1709365 0.1884159 0.2700666 0.2305131 0.2089479 0.2619158 0.2240651 0.2639878 0.1952599 0.1786200 0.2343428 0.2011638 0.2523676 0.2280130 0.0774438 0.2645294 0.1845097 0.1902792 0.0231595 0.1606681 0.0171263 0.1734679 0.2248931 0.1901187 0.2144792 0.2403722 0.0527153 0.1885847 0.1934653 0.2301891 0.2475342 0.2022270 0.2023895 0.2238460 0.2472923 0.2556958 0.2700259 0.2152528 0.1998181 0.1738369 0.2732878 0.2398324 0.2234469 0.2106228 0.2179699 0.2556340 0.2256026 0.2501485 0.2143791 0.2195034 0.1760758 0.2454300 0.2354520 0.1874025 0.2445521 0.2107359 0.2351698 0.2595800 0.2177751 0.2243055 0.1906392 0.1911114 0.2557485 0.2375764 0.2334610 0.1989699 0.2500161 0.2925396 0.2037312 0.2269869 0.2312587 0.2316944 
S0742         0.1879663 0.0623701 0.0656058 0.1021051 0.1004249 0.0583869 0.1352759 0.0768169 0.0721535 0.0661007 0.1551498 0.1075658 0.0891881 0.0977700 0.0660980 0.0551090 0.0547551 0.0489378 0.1124739 0.0670559 0.0767903 0.1173119 0.0555350 0.0869667 0.0850741 0.0581633 0.0481730 0.1052337 0.0647915 0.0626914 0.0705817 0.1075693 0.2009367 0.0000000 0.1122082 0.0557232 0.0889066 0.0623410 0.0627643 0.0623410 0.0844215 0.0854068 0.1169494 0.0900442 0.0963078 0.0843666 0.1217685 0.0811125 0.0771610 0.0852514 0.0910205 0.1029409 0.0911551 0.2198834 0.0675816 0.0682499 0.0834712 0.1861957 0.0645745 0.2106773 0.0895759 0.0727017 0.1073405 0.0800233 0.0966856 0.2028230 0.0620353 0.0758125 0.0920949 0.1009502 0.0857290 0.0783398 0.1216718 0.0911551 0.1163086 0.1353207 0.0992538 0.0551990 0.0811377 0.1050903 0.0875226 0.0655728 0.0588166 0.0470056 0.1172050 0.0806709 0.1105891 0.0722050 0.0756417 0.0630267 0.1028282 0.0975157 0.0629410 0.0948626 0.0890111 0.0759757 0.1124876 0.0707839 0.0932827 0.0758984 0.0540607 0.1011133 0.0912054 0.1014863 0.0897517 0.1007731 0.1271063 0.0543828 0.0929460 0.0728708 0.0728111 
S0748         0.2160958 0.0875352 0.0985834 0.1443589 0.0915146 0.0992815 0.1544188 0.1110930 0.1153642 0.1134422 0.1810037 0.0142044 0.1135357 0.1213521 0.0959472 0.0956149 0.1038825 0.1091526 0.1022811 0.0808349 0.1124422 0.0055636 0.0844512 0.1230689 0.1324692 0.1029615 0.0913442 0.1269142 0.1038116 0.1142521 0.0997906 0.0056611 0.2406024 0.1122082 0.0000000 0.0933348 0.1260464 0.0865279 0.1077835 0.0865279 0.1148074 0.1257255 0.0966638 0.0995826 0.1010200 0.1067519 0.0644079 0.1252588 0.1245936 0.1244381 0.1375558 0.1640912 0.1121748 0.2265024 0.0821837 0.1200026 0.1374053 0.2211798 0.0818084 0.2460300 0.1362403 0.0957110 0.0961774 0.1052107 0.1279792 0.2322581 0.0993843 0.1080322 0.1237492 0.1302690 0.0951840 0.0916850 0.0061136 0.1108839 0.0658872 0.0171460 0.0120524 0.0997523 0.0760894 0.1205948 0.1190545 0.1063419 0.1001431 0.0938099 0.1475649 0.1051767 0.1261287 0.1173629 0.1211996 0.1012484 0.1076714 0.1284072 0.1051837 0.1390100 0.1072330 0.1188807 0.1313337 0.0991822 0.1103055 0.1005570 0.0936882 0.1203901 0.1269490 0.1153056 0.1215521 0.1243856 0.1723534 0.0781382 0.1071907 0.1238520 0.1019065 
