110
PAFTOL_019361 0.0000000 0.1492360 0.1358044 0.1541972 0.1522030 0.1536942 0.1676408 0.1506842 0.1419714 0.1783962 0.2137586 0.1457162 0.1919542 0.1635446 0.1988067 0.1576797 0.1759275 0.1521728 0.1859213 0.1498756 0.1203075 0.1349180 0.1440104 0.1434279 0.2001532 0.1449227 0.1645784 0.1514831 0.0771490 0.1584826 0.1246064 0.1586536 0.1331699 0.1919542 0.1676750 0.1707769 0.2147620 0.1345730 0.1573878 0.1243835 0.1309730 0.1572026 0.1428665 0.1249990 0.2072390 0.1593471 0.1377468 0.1708961 0.1448567 0.1448328 0.1574119 0.1553346 0.1814045 0.1430377 0.1686049 0.1747217 0.1315670 0.1315830 0.1605151 0.1421383 0.1571962 0.1783768 0.1320947 0.1657872 0.1449933 0.1375654 0.1509739 0.1584855 0.1537130 0.2112800 0.1312911 0.1485881 0.1988822 0.1861472 0.1640473 0.1930933 0.1489450 0.1457679 0.1208478 0.1495278 0.1752486 0.1258447 0.1647646 0.1662525 0.1380175 0.1260483 0.1249535 0.1449628 0.1430377 0.1649232 0.1406160 0.1370309 0.1153915 0.1479522 0.1307711 0.1386449 0.1249278 0.1318116 0.1311881 0.1244316 0.1598467 0.1622258 0.1645943 0.1187865 0.1498881 0.1630670 0.1236020 0.1549116 0.1499066 0.1384273 
S0055         0.1492360 0.0000000 0.0723356 0.0923887 0.0562379 0.0615194 0.0914456 0.0250064 0.0605191 0.0993755 0.1165601 0.0612097 0.1213216 0.1056870 0.1270759 0.0712948 0.0526269 0.0562308 0.0659622 0.0659204 0.0411998 0.0676074 0.0716412 0.0410336 0.1240191 0.0658882 0.0631580 0.0707225 0.0137890 0.0763248 0.0458531 0.0662707 0.0616927 0.1213216 0.0970976 0.0659632 0.1399166 0.0521313 0.0510591 0.0558297 0.0610752 0.0766771 0.0657464 0.0558858 0.1338103 0.0766967 0.0611099 0.1039146 0.0668298 0.0767192 0.0720314 0.0748871 0.0814864 0.0708898 0.1136887 0.0868145 0.0560788 0.0560803 0.0913560 0.0918930 0.0767790 0.1001985 0.0655333 0.0820289 0.0510128 0.0552762 0.0605913 0.0763375 0.0722540 0.1368693 0.0583076 0.0674802 0.1212215 0.1161628 0.0714298 0.1105686 0.0711238 0.0512450 0.0285686 0.0086736 0.0895749 0.0363583 0.0930768 0.0907757 0.0554405 0.0506769 0.0508996 0.0609306 0.0708898 0.0762061 0.0515256 0.0658486 0.0544320 0.0763350 0.0456465 0.0605150 0.0459955 0.0555876 0.0552417 0.0458407 0.0727555 0.0930140 0.0711961 0.0556156 0.0762315 0.0924089 0.0557806 0.0657609 0.0766989 0.0613765 
S0196sl       0.1358044 0.0723356 0.0000000 0.0548320 0.0615889 0.0614381 0.0661705 0.0490557 0.0786013 0.0931666 0.0990321 0.0488638 0.0854985 0.1004160 0.0917659 0.0548419 0.0578296 0.0615793 0.0520872 0.0607328 0.0433336 0.0612231 0.0492318 0.0603226 0.0859973 0.0488715 0.0619012 0.0663573 0.0144655 0.0667445 0.0432407 0.0611941 0.0268204 0.0854985 0.0852284 0.0734342 0.0923965 0.0686257 0.0671078 0.0155708 0.0265145 0.0670685 0.0318066 0.0488568 0.1058214 0.0671250 0.0434425 0.0789035 0.0495161 0.0492608 0.0465947 0.0462148 0.0700911 0.0373773 0.0979602 0.0802115 0.0433896 0.0487734 0.0788155 0.0790958 0.0549954 0.1002286 0.0607709 0.0612102 0.0552936 0.0544032 0.0603477 0.0667590 0.0605188 0.0922418 0.0443764 0.0669599 0.0984828 0.0797159 0.0612211 0.0859237 0.0846279 0.0555944 0.0222707 0.0605673 0.0561830 0.0378115 0.0612491 0.0656176 0.0545943 0.0373242 0.0210084 0.0546163 0.0373773 0.0727457 0.0559564 0.0318636 0.0337890 0.0725418 0.0545400 0.0488119 0.0550402 0.0485548 0.0485524 0.0491141 0.0678209 0.0857901 0.0667275 0.0318832 0.0606728 0.0727046 0.0209580 0.0602814 0.0609229 0.0436605 
S0281         0.1541972 0.0923887 0.0548320 0.0000000 0.0779220 0.0892236 0.0869792 0.0808421 0.0980162 0.1363215 0.1215884 0.0887501 0.1154410 0.1171745 0.1211217 0.0885605 0.0827604 0.0779108 0.1012477 0.0936859 0.0719368 0.0962038 0.0664166 0.0872584 0.1309782 0.0883422 0.0938612 0.0987394 0.0578510 0.0938271 0.0717309 0.0903684 0.0466384 0.1154410 0.1151178 0.0990861 0.1337519 0.0847260 0.0827031 0.0411641 0.0461780 0.0878626 0.0507781 0.0826217 0.1408713 0.0942981 0.0666363 0.1093152 0.0667519 0.0714400 0.0659049 0.0679807 0.0917792 0.0557423 0.1266132 0.0889938 0.0715936 0.0661831 0.0980560 0.1152034 0.0714949 0.1053178 0.0821463 0.0997267 0.0722576 0.0767188 0.0878082 0.0938400 0.0897811 0.1306294 0.0641033 0.0960171 0.1222431 0.1103228 0.0940823 0.1171499 0.1033603 0.0726009 0.0493968 0.0819054 0.0956553 0.0615885 0.0939645 0.0863402 0.0667442 0.0666798 0.0412126 0.0883278 0.0557423 0.0993011 0.0730092 0.0508563 0.0655084 0.0862611 0.0713892 0.0876891 0.0719647 0.0821532 0.0713884 0.0717085 0.0838276 0.1101052 0.0991364 0.0511657 0.0820251 0.0934275 0.0411276 0.0815614 0.0943093 0.0669308 
S0282         0.1522030 0.0562379 0.0615889 0.0779220 0.0000000 0.0568272 0.0928314 0.0163958 0.0613924 0.0891998 0.1300193 0.0565412 0.1173478 0.1073766 0.1231392 0.0723526 0.0253447 0.0131920 0.0470203 0.0612563 0.0516135 0.0688279 0.0727086 0.0612739 0.1199845 0.0563233 0.0147039 0.0660587 0.0137890 0.0671811 0.0465011 0.0142171 0.0575221 0.1173478 0.0978133 0.0722055 0.1360375 0.0376561 0.0131353 0.0516811 0.0569397 0.0778266 0.0616620 0.0566916 0.1298976 0.0675118 0.0620016 0.1110968 0.0678234 0.0778702 0.0668082 0.0690160 0.0646303 0.0668350 0.1154782 0.0876371 0.0669599 0.0669627 0.0872938 0.1042786 0.0779321 0.1017886 0.0557878 0.0832708 0.0043381 0.0464024 0.0559698 0.0671936 0.0629955 0.1328940 0.0591869 0.0627066 0.1172526 0.1121398 0.0222383 0.1065113 0.0670324 0.0043565 0.0000027 0.0464436 0.0851290 0.0317868 0.0829703 0.0921416 0.0460130 0.0416894 0.0517440 0.0562826 0.0668350 0.0723624 0.0043793 0.0617591 0.0606012 0.0774743 0.0270303 0.0558996 0.0272321 0.0563843 0.0462882 0.0464883 0.0738582 0.0944515 0.0671996 0.0466034 0.0773675 0.0884881 0.0516348 0.0667222 0.0778495 0.0622765 
S0289         0.1536942 0.0615194 0.0614381 0.0892236 0.0568272 0.0000000 0.0935723 0.0339112 0.0720203 0.0620461 0.1191515 0.0179580 0.1182637 0.1067152 0.1241041 0.0620371 0.0522194 0.0568200 0.0600315 0.0224481 0.0417939 0.0426663 0.0732882 0.0617501 0.1209411 0.0270638 0.0634958 0.0269782 0.0000010 0.0620253 0.0468595 0.0670257 0.0630993 0.1182637 0.1105664 0.0623830 0.1371223 0.0533622 0.0615033 0.0570755 0.0624535 0.0784480 0.0672307 0.0516773 0.1236998 0.0623285 0.0624895 0.1119556 0.0683641 0.0784921 0.0665598 0.0687263 0.0474622 0.0725019 0.1164198 0.0792722 0.0674870 0.0674899 0.0879450 0.1051221 0.0681195 0.1197561 0.0617998 0.0778799 0.0515418 0.0319986 0.0177859 0.0620375 0.0578159 0.1339721 0.0593747 0.0229517 0.1069011 0.1130148 0.0721889 0.1006530 0.0831889 0.0517794 0.0239452 0.0515850 0.0853636 0.0371460 0.0952829 0.0928713 0.0178740 0.0321277 0.0571461 0.0178787 0.0725019 0.0569353 0.0520648 0.0673375 0.0501962 0.0886405 0.0515562 0.0268717 0.0519615 0.0465211 0.0414345 0.0468465 0.0793462 0.1062126 0.0619539 0.0519108 0.0779811 0.0836828 0.0570236 0.0775360 0.0673861 0.0627684 
S0292         0.1676408 0.0914456 0.0661705 0.0869792 0.0928314 0.0935723 0.0000000 0.0600314 0.0865491 0.1346853 0.1038058 0.0930788 0.0922332 0.0877695 0.0868858 0.0982522 0.0996926 0.0928171 0.0859003 0.0874068 0.0712210 0.1005937 0.0557402 0.0761147 0.0942019 0.0926539 0.1047980 0.0923770 0.0136070 0.0982191 0.0659900 0.1066723 0.0615564 0.0922332 0.1255239 0.0980510 0.1093657 0.0945454 0.0976005 0.0606387 0.0659439 0.0556420 0.0706223 0.0870144 0.0983399 0.0987080 0.0457345 0.0865378 0.0560143 0.0606172 0.0592809 0.0604833 0.0910093 0.0657636 0.1314661 0.0857445 0.0504468 0.0504478 0.1081539 0.1200282 0.0606619 0.0825346 0.0813177 0.0562810 0.0869916 0.0861895 0.0920975 0.0982317 0.0942409 0.1059771 0.0793697 0.0886451 0.0921744 0.0873005 0.1092734 0.0820727 0.0802956 0.0874071 0.0593113 0.0810814 0.0571058 0.0609872 0.0560384 0.0131649 0.0864517 0.0761084 0.0607123 0.0926387 0.0657636 0.1036813 0.0878963 0.0607768 0.0236507 0.0602024 0.0808010 0.0919730 0.0814536 0.0865229 0.0808001 0.0709975 0.0564666 0.0863812 0.0928306 0.0406002 0.0602439 0.0707792 0.0605857 0.0501771 0.1040702 0.0459288 
S0293         0.1506842 0.0250064 0.0490557 0.0808421 0.0163958 0.0339112 0.0600314 0.0000000 0.0430465 0.0821951 0.1026067 0.0337343 0.0905019 0.1141900 0.1005435 0.0702829 0.0248451 0.0248032 0.0421136 0.0518611 0.0431830 0.0635163 0.0524876 0.0336306 0.0723392 0.0334580 0.0256707 0.0606540 0.0138708 0.0617025 0.0428797 0.0256327 0.0528797 0.0905019 0.1211250 0.0716711 0.1116250 0.0356218 0.0163958 0.0422373 0.0617219 0.0522095 0.0611264 0.0428858 0.1111153 0.0519845 0.0428605 0.0610878 0.0529037 0.0612413 0.0524876 0.0520870 0.0538796 0.0802263 0.1113315 0.0612659 0.0248570 0.0250599 0.0903338 0.1109983 0.0429821 0.0624595 0.0510151 0.0515702 0.0163958 0.0339112 0.0337040 0.0519845 0.0439989 0.0936824 0.0448406 0.0258562 0.0789892 0.0813146 0.0246556 0.0807294 0.0518972 0.0163958 0.0000021 0.0250064 0.0634398 0.0165441 0.0518553 0.0600314 0.0336855 0.0340656 0.0425521 0.0334580 0.0802263 0.0617025 0.0163958 0.0706840 0.0343228 0.0513328 0.0334440 0.0336296 0.0339123 0.0519845 0.0513833 0.0337051 0.0624267 0.1015656 0.0616219 0.0248570 0.0609662 0.0613271 0.0518667 0.0424085 0.0809610 0.0339852 
S0294         0.1419714 0.0605191 0.0786013 0.0980162 0.0613924 0.0720203 0.0865491 0.0430465 0.0000000 0.1165736 0.1286611 0.0716516 0.1161528 0.0884293 0.1218743 0.0766364 0.0639753 0.0613844 0.0660621 0.0704718 0.0559334 0.0722707 0.0667964 0.0655412 0.1187336 0.0763932 0.0690123 0.0813104 0.0436247 0.0817220 0.0508173 0.0719636 0.0618696 0.1161528 0.1137963 0.0764821 0.1346036 0.0517440 0.0660505 0.0609424 0.0562054 0.0718109 0.0709817 0.0709997 0.1285432 0.0821226 0.0563493 0.1099807 0.0619909 0.0667590 0.0722733 0.0750046 0.0564291 0.0761962 0.0976739 0.0971245 0.0612156 0.0612177 0.0969132 0.1084271 0.0616480 0.1060625 0.0606695 0.0771251 0.0560737 0.0654038 0.0709165 0.0817349 0.0776717 0.1314730 0.0741232 0.0782668 0.1160599 0.1110012 0.0767845 0.1054387 0.0663128 0.0563324 0.0335915 0.0507544 0.0845100 0.0412079 0.0880897 0.0859166 0.0656000 0.0556992 0.0610168 0.0713207 0.0761962 0.0869830 0.0566414 0.0710925 0.0546473 0.0714911 0.0456882 0.0708249 0.0509767 0.0706108 0.0602940 0.0508031 0.0626306 0.0765092 0.0765277 0.0509279 0.0713951 0.0874578 0.0608889 0.0610007 0.0708822 0.0565952 
S0299         0.1783962 0.0993755 0.0931666 0.1363215 0.0891998 0.0620461 0.1346853 0.0821951 0.1165736 0.0000000 0.1640648 0.0617311 0.1546243 0.1564199 0.1608901 0.1057752 0.0830160 0.0892291 0.1247467 0.0664822 0.0832133 0.0850303 0.1187599 0.1052445 0.1602238 0.0614917 0.0805921 0.0713261 0.0280779 0.1057357 0.0775864 0.1029331 0.1076988 0.1546243 0.1415615 0.1064152 0.1604646 0.0973590 0.0940465 0.1004030 0.1065487 0.1243757 0.1115556 0.0941265 0.1620498 0.1062750 0.1066019 0.1476827 0.1076496 0.1244520 0.1265052 0.1372276 0.0560420 0.1174114 0.1478917 0.1370046 0.1064574 0.1119963 0.1171326 0.1357435 0.1131258 0.1647853 0.1053941 0.1234166 0.0833132 0.0773255 0.0611021 0.1057480 0.1017281 0.1576568 0.0983694 0.0680693 0.1382432 0.1491555 0.1058355 0.1369853 0.1163966 0.0837166 0.0496317 0.0885972 0.1328746 0.0783065 0.1373084 0.1336190 0.0614272 0.0776496 0.1005370 0.0563674 0.1174114 0.1001127 0.0841934 0.1117386 0.0831485 0.1167206 0.0938972 0.0610245 0.0946916 0.0882165 0.0824382 0.0889251 0.1128791 0.1489217 0.1056046 0.0945797 0.1235865 0.1301717 0.1003153 0.1102094 0.1060195 0.1015831 
S0308         0.2137586 0.1165601 0.0990321 0.1215884 0.1300193 0.1191515 0.1038058 0.1026067 0.1286611 0.1640648 0.0000000 0.1184862 0.0512979 0.1280314 0.0562504 0.1422136 0.1350938 0.1171113 0.1480936 0.1120348 0.1117214 0.1334266 0.0713105 0.1111328 0.0797826 0.1179773 0.1404037 0.1289460 0.0426641 0.1420329 0.1058073 0.1411325 0.0892877 0.0512979 0.1447864 0.1169301 0.0668019 0.1146895 0.1350296 0.0878917 0.0937347 0.0940452 0.0986136 0.1351420 0.1002011 0.1427821 0.0777256 0.0560374 0.0716723 0.0763656 0.0711718 0.0877267 0.1329797 0.1042254 0.1649557 0.1353956 0.0880492 0.0823420 0.1220208 0.1390415 0.0764249 0.1487519 0.1113028 0.0941671 0.1233719 0.1108960 0.1002149 0.1420398 0.1382134 0.0629274 0.1152738 0.1268759 0.0832825 0.0465893 0.1482088 0.0783030 0.1211749 0.1240015 0.0886285 0.1054053 0.1195858 0.1002453 0.1171193 0.1098342 0.1109825 0.1169943 0.0880050 0.1178992 0.1042254 0.1359429 0.1247312 0.0987720 0.0766259 0.1099703 0.1219817 0.1169976 0.1173614 0.1342953 0.1219804 0.1113344 0.1068173 0.1213630 0.1286262 0.0768996 0.0829934 0.0995179 0.0878152 0.0983572 0.1488657 0.0778957 
S0320         0.1457162 0.0612097 0.0488638 0.0887501 0.0565412 0.0179580 0.0930788 0.0337343 0.0716516 0.0617311 0.1184862 0.0000000 0.1176082 0.1190309 0.1234115 0.0415467 0.0581252 0.0565340 0.0410744 0.0223418 0.0415885 0.0275340 0.0729064 0.0614381 0.1075031 0.0087379 0.0459217 0.0268502 0.0284561 0.0617106 0.0466259 0.0552429 0.0627733 0.1176082 0.0988508 0.0519503 0.1363393 0.0530874 0.0611937 0.0464737 0.0621342 0.0780373 0.0668868 0.0514197 0.1301857 0.0620112 0.0621699 0.1113426 0.0680085 0.0780805 0.0730170 0.0618595 0.0389927 0.0721283 0.1045275 0.0704521 0.0671405 0.0671434 0.0769146 0.0935438 0.0677664 0.1190833 0.0614872 0.0774754 0.0512855 0.0365319 0.0177026 0.0617226 0.0470147 0.1199264 0.0382482 0.0134523 0.1063162 0.1123897 0.0560638 0.1067491 0.0827537 0.0515207 0.0188779 0.0513282 0.0849053 0.0369644 0.0894212 0.0923852 0.0177896 0.0366788 0.0568568 0.0087476 0.0721283 0.0566483 0.0518032 0.0669925 0.0499290 0.0881734 0.0512997 0.0267447 0.0517010 0.0511443 0.0412326 0.0466130 0.0789260 0.1056351 0.0616399 0.0516508 0.0775756 0.0832424 0.0567363 0.0771349 0.0465491 0.0624459 
S0322         0.1919542 0.1213216 0.0854985 0.1154410 0.1173478 0.1182637 0.0922332 0.0905019 0.1161528 0.1546243 0.0512979 0.1176082 0.0000000 0.1169299 0.0043292 0.1291540 0.1207251 0.1173275 0.1313658 0.1112147 0.0996816 0.1323993 0.0716267 0.1100757 0.0632613 0.1171060 0.1259626 0.1279877 0.0426641 0.1348104 0.0939698 0.1271765 0.0779318 0.0000010 0.1389671 0.1288790 0.0132023 0.1138309 0.1222880 0.0767357 0.0823590 0.0773558 0.0871603 0.1223901 0.0769473 0.1355126 0.0668032 0.0221630 0.0719917 0.0767055 0.0715353 0.0882398 0.1112450 0.0925987 0.1588872 0.1238731 0.0768718 0.0713731 0.1163902 0.1332706 0.0767653 0.1296799 0.0993214 0.0943340 0.1109694 0.1100939 0.1049948 0.1348187 0.1309755 0.0089184 0.1025461 0.1140594 0.0721729 0.0000028 0.1349681 0.0564217 0.0980259 0.1115248 0.0826898 0.1101573 0.1071157 0.0885729 0.1049532 0.0980365 0.1101791 0.1048463 0.0768323 0.1170299 0.0925987 0.1407878 0.1121717 0.0872984 0.0709100 0.0981562 0.1097516 0.1161419 0.1051644 0.1159382 0.1097505 0.0993458 0.0948531 0.1038212 0.1162936 0.0661090 0.0719254 0.0988078 0.0766688 0.0869368 0.1355595 0.0669462 
S0335         0.1635446 0.1056870 0.1004160 0.1171745 0.1073766 0.1067152 0.0877695 0.1141900 0.0884293 0.1564199 0.1280314 0.1190309 0.1169299 0.0000000 0.1226967 0.1245840 0.1093167 0.1073586 0.1253217 0.1168935 0.0951297 0.1201376 0.0671418 0.1113769 0.1266824 0.1184605 0.1076825 0.1295381 0.0760295 0.1302553 0.0948425 0.1233488 0.0794309 0.1169299 0.1343332 0.1243169 0.1223881 0.0966819 0.1123485 0.0835248 0.0893599 0.0888633 0.0942753 0.1178472 0.1426392 0.1309387 0.0673669 0.1107062 0.0622661 0.0834899 0.0662478 0.0822496 0.1433164 0.0998963 0.1328550 0.1466082 0.0723832 0.0723867 0.1162665 0.1286367 0.0835575 0.1076502 0.1059620 0.0897749 0.1010948 0.1111296 0.1177007 0.1302646 0.1263553 0.1191131 0.1042913 0.1213094 0.1236629 0.1117411 0.1248755 0.1185665 0.0614726 0.1016010 0.0720539 0.0947098 0.0911792 0.0840287 0.0893558 0.0935552 0.1114828 0.1003150 0.0836329 0.1125228 0.0998963 0.1362386 0.1021942 0.0944278 0.0607240 0.0615569 0.0780312 0.1175282 0.0951672 0.1171264 0.0995283 0.0948088 0.0376743 0.0365065 0.1243671 0.0616497 0.0776809 0.0996773 0.0834511 0.0512836 0.1117732 0.0676683 
S0355         0.1988067 0.1270759 0.0917659 0.1211217 0.1231392 0.1241041 0.0868858 0.1005435 0.1218743 0.1608901 0.0562504 0.1234115 0.0043292 0.1226967 0.0000000 0.1350823 0.1272682 0.1231176 0.1389219 0.1169176 0.1052422 0.1384963 0.0768036 0.1157103 0.0684966 0.1228827 0.1325187 0.1338517 0.0426641 0.1407878 0.0994561 0.1335128 0.0832476 0.0043292 0.1449295 0.1347937 0.0176893 0.1196773 0.1280952 0.0819629 0.0876700 0.0721110 0.0924924 0.1282017 0.0821888 0.1415239 0.0719531 0.0267261 0.0771981 0.0819296 0.0775031 0.0951961 0.1209134 0.0979935 0.1651366 0.1333180 0.0821085 0.0765304 0.1221292 0.1391758 0.0819944 0.1356331 0.1048565 0.0998435 0.1166595 0.1157298 0.1105998 0.1407949 0.1369910 0.0134440 0.1082764 0.1199264 0.0773929 0.0043474 0.1409583 0.0614410 0.1034819 0.1172464 0.0883578 0.1157971 0.1128486 0.0940008 0.1105554 0.0926032 0.1158192 0.1104404 0.0820669 0.1228017 0.0979935 0.1468323 0.1179288 0.0926387 0.0763972 0.1036189 0.1153673 0.1218625 0.1107788 0.1216466 0.1153661 0.1048840 0.1003947 0.1093572 0.1220203 0.0711998 0.0771269 0.1043125 0.0818917 0.0922544 0.1415778 0.0721082 
S0376         0.1576797 0.0712948 0.0548419 0.0885605 0.0723526 0.0620371 0.0982522 0.0702829 0.0766364 0.1057752 0.1422136 0.0415467 0.1291540 0.1245840 0.1350823 0.0000000 0.0648663 0.0723424 0.0599120 0.0664737 0.0363810 0.0471760 0.0779837 0.0663419 0.1133440 0.0509508 0.0577045 0.0662975 0.0739145 0.0716752 0.0514258 0.0666833 0.0677895 0.1291540 0.1095636 0.0721385 0.1483829 0.0736879 0.0770952 0.0512567 0.0670983 0.0831467 0.0718611 0.0611656 0.1420667 0.0720256 0.0671356 0.1227006 0.0730700 0.0831935 0.0854914 0.0754375 0.0644092 0.0771487 0.1153569 0.0881384 0.0721332 0.0721366 0.0926489 0.1041724 0.0832606 0.1303697 0.0716219 0.0763859 0.0668024 0.0557289 0.0610941 0.0716878 0.0518744 0.1259581 0.0233002 0.0522477 0.1290389 0.1238727 0.0768540 0.1181112 0.0878677 0.0671166 0.0338104 0.0612304 0.0785438 0.0416934 0.0893590 0.0975175 0.0461818 0.0461415 0.0617622 0.0510573 0.0771487 0.0768543 0.0674911 0.0719747 0.0603316 0.0933334 0.0610224 0.0610164 0.0615044 0.0608346 0.0507176 0.0514113 0.0840967 0.0988699 0.0665599 0.0614421 0.0826529 0.1050162 0.0616311 0.0821819 0.0318107 0.0674351 
S0400         0.1759275 0.0526269 0.0578296 0.0827604 0.0253447 0.0522194 0.0996926 0.0248451 0.0639753 0.0830160 0.1350938 0.0581252 0.1207251 0.1093167 0.1272682 0.0648663 0.0000000 0.0305390 0.0662124 0.0634100 0.0529303 0.0720470 0.0768625 0.0638344 0.1237861 0.0578750 0.0313295 0.0687951 0.0136439 0.0763337 0.0471583 0.0311968 0.0654008 0.1207251 0.1120286 0.0762617 0.1345333 0.0485479 0.0303858 0.0586040 0.0646509 0.0826736 0.0700045 0.0642875 0.1349457 0.0767591 0.0646923 0.1136579 0.0713304 0.0827262 0.0722848 0.0751843 0.0734134 0.0759371 0.1185636 0.0792737 0.0646095 0.0703066 0.0933745 0.1059609 0.0828012 0.1037250 0.0578758 0.0824865 0.0200472 0.0470946 0.0574675 0.0763482 0.0716740 0.1309913 0.0556845 0.0650978 0.1198178 0.1148602 0.0358970 0.1085119 0.0704669 0.0201458 0.0104978 0.0470926 0.0910468 0.0307457 0.0763035 0.0988527 0.0412055 0.0417371 0.0586852 0.0578280 0.0759371 0.0822748 0.0202659 0.0701289 0.0629216 0.0822505 0.0359183 0.0465071 0.0362258 0.0638910 0.0523536 0.0471437 0.0782415 0.1016779 0.0763137 0.0527569 0.0821212 0.0883449 0.0585454 0.0700217 0.0709593 0.0650159 
S0405         0.1521728 0.0562308 0.0615793 0.0779108 0.0131920 0.0568200 0.0928171 0.0248032 0.0613844 0.0892291 0.1171113 0.0565340 0.1173275 0.1073586 0.1231176 0.0723424 0.0305390 0.0000000 0.0602623 0.0612483 0.0516071 0.0688182 0.0726984 0.0612659 0.1199632 0.0563161 0.0196845 0.0660499 0.0137890 0.0671719 0.0464956 0.0190303 0.0575146 0.1173275 0.0977981 0.0721954 0.1360123 0.0376518 0.0175768 0.0516746 0.0569324 0.0778154 0.0616538 0.0566844 0.1298741 0.0675025 0.0619934 0.1110781 0.0678141 0.0778590 0.0667977 0.0690036 0.0647332 0.0668259 0.1154587 0.0877728 0.0669508 0.0669536 0.0872808 0.1042618 0.0779208 0.1017718 0.0557808 0.0720302 0.0087084 0.0463968 0.0510539 0.0671845 0.0629870 0.1328691 0.0591789 0.0626982 0.1172324 0.1121207 0.0267833 0.1064936 0.0670233 0.0087446 0.0000027 0.0464380 0.0851159 0.0317834 0.0881876 0.0921276 0.0460075 0.0416846 0.0517376 0.0562754 0.0668259 0.0723522 0.0087911 0.0617510 0.0549827 0.0774632 0.0270275 0.0558926 0.0272293 0.0563771 0.0462827 0.0464828 0.0738475 0.0944366 0.0663977 0.0465978 0.0773564 0.0884747 0.0516284 0.0667131 0.0778383 0.0622682 
S0412sl       0.1859213 0.0659622 0.0520872 0.1012477 0.0470203 0.0600315 0.0859003 0.0421136 0.0660621 0.1247467 0.1480936 0.0410744 0.1313658 0.1253217 0.1389219 0.0599120 0.0662124 0.0602623 0.0000000 0.0730250 0.0537293 0.0485487 0.0741917 0.0596719 0.1119576 0.0469125 0.0421870 0.0792384 0.0425721 0.0802468 0.0472193 0.0485082 0.0673874 0.1313658 0.1066572 0.0471554 0.1473889 0.0616781 0.0662148 0.0470242 0.0669923 0.0669834 0.0730408 0.0600901 0.1400901 0.0807528 0.0605712 0.1231626 0.0679635 0.0737317 0.0675868 0.0549625 0.0475355 0.0797750 0.1139360 0.0781802 0.0668635 0.0668671 0.0928200 0.0998938 0.0741080 0.1035074 0.0657382 0.0805212 0.0535196 0.0471474 0.0660666 0.0802633 0.0549204 0.1198814 0.0430403 0.0484328 0.1302324 0.1246569 0.0533122 0.1173452 0.0801220 0.0535196 0.0117041 0.0595773 0.0901270 0.0287824 0.0878684 0.0851020 0.0597403 0.0411171 0.0602329 0.0532106 0.0797750 0.0870023 0.0542100 0.0731874 0.0646936 0.0936537 0.0466199 0.0659588 0.0470754 0.0661028 0.0530697 0.0472028 0.0887779 0.1090316 0.0737293 0.0472961 0.0801198 0.0941051 0.0600710 0.0795422 0.0666150 0.0609118 
S0417         0.1498756 0.0659204 0.0607328 0.0936859 0.0612563 0.0224481 0.0874068 0.0518611 0.0704718 0.0664822 0.1120348 0.0223418 0.1112147 0.1168935 0.1169176 0.0664737 0.0634100 0.0612483 0.0730250 0.0000000 0.0462119 0.0370005 0.0777703 0.0661661 0.1136901 0.0314248 0.0684042 0.0221896 0.0280458 0.0614723 0.0512920 0.0717896 0.0676057 0.1112147 0.1149744 0.0668429 0.1295686 0.0522069 0.0659032 0.0615222 0.0669183 0.0723631 0.0716682 0.0512235 0.1235374 0.0617710 0.0669552 0.1050856 0.0728699 0.0829645 0.0786351 0.0823839 0.0644244 0.0769399 0.1208259 0.0968403 0.0719388 0.0719422 0.0923511 0.1095420 0.0726107 0.1242678 0.0662197 0.0617239 0.0559506 0.0410993 0.0131446 0.0614843 0.0572960 0.1263529 0.0587692 0.0274099 0.1001123 0.1060600 0.0766104 0.1005161 0.0876260 0.0562074 0.0285892 0.0559966 0.0791910 0.0415865 0.0889796 0.0867607 0.0222388 0.0412644 0.0615982 0.0222447 0.0769399 0.0564306 0.0565143 0.0717811 0.0445253 0.0930746 0.0509861 0.0312021 0.0564037 0.0509508 0.0458146 0.0512776 0.0838626 0.1037945 0.0614020 0.0563480 0.0824269 0.0827111 0.0614676 0.0819585 0.0659349 0.0672532 
S0427         0.1203075 0.0411998 0.0433336 0.0719368 0.0516135 0.0417939 0.0712210 0.0431830 0.0559334 0.0832133 0.1117214 0.0415885 0.0996816 0.0951297 0.1052422 0.0363810 0.0529303 0.0516071 0.0537293 0.0462119 0.0000000 0.0473711 0.0518195 0.0365155 0.1018697 0.0461889 0.0579740 0.0460976 0.0000010 0.0511527 0.0318591 0.0612559 0.0421241 0.0996816 0.0766102 0.0564970 0.1174872 0.0525505 0.0562538 0.0367162 0.0417056 0.0565479 0.0463263 0.0412243 0.1116335 0.0513978 0.0417313 0.0829560 0.0469356 0.0567534 0.0547829 0.0554489 0.0649542 0.0512831 0.0926219 0.0711715 0.0464999 0.0465007 0.0711402 0.0715527 0.0567955 0.1006000 0.0461809 0.0563284 0.0464295 0.0361813 0.0411771 0.0511636 0.0469487 0.1141281 0.0429537 0.0472820 0.0996121 0.0946071 0.0667536 0.0891991 0.0664682 0.0466407 0.0189732 0.0412651 0.0516472 0.0225556 0.0724665 0.0707078 0.0362880 0.0269654 0.0319529 0.0414021 0.0512831 0.0560885 0.0468968 0.0463982 0.0339817 0.0664629 0.0411297 0.0411273 0.0414435 0.0410100 0.0314368 0.0318511 0.0573482 0.0716401 0.0462730 0.0365813 0.0563988 0.0772789 0.0366832 0.0560879 0.0513931 0.0419103 
S0428sl       0.1349180 0.0676074 0.0612231 0.0962038 0.0688279 0.0426663 0.1005937 0.0635163 0.0722707 0.0850303 0.1334266 0.0275340 0.1323993 0.1201376 0.1384963 0.0471760 0.0720470 0.0688182 0.0485487 0.0370005 0.0473711 0.0000000 0.0798278 0.0678657 0.1267242 0.0322517 0.0638497 0.0421461 0.0621870 0.0681742 0.0525910 0.0732744 0.0641006 0.1323993 0.1123447 0.0633379 0.1522127 0.0481338 0.0736681 0.0524139 0.0686584 0.0795470 0.0735309 0.0575193 0.1457017 0.0685142 0.0686968 0.1257492 0.0747972 0.0744637 0.0810486 0.0703541 0.0745920 0.0789530 0.1183051 0.1005168 0.0738153 0.0738191 0.0949502 0.1068053 0.0852395 0.1277838 0.0732801 0.0844899 0.0632101 0.0421173 0.0420235 0.0681869 0.0576410 0.1399223 0.0440069 0.0424596 0.1322759 0.1269825 0.0735148 0.1210591 0.0899493 0.0635137 0.0293653 0.0574159 0.0923514 0.0426292 0.0847401 0.0943163 0.0422455 0.0422906 0.0631850 0.0322853 0.0789530 0.0629450 0.0638755 0.0736497 0.0618036 0.0955578 0.0522690 0.0419716 0.0578442 0.0572040 0.0371155 0.0525758 0.0742416 0.1065916 0.0680938 0.0577853 0.0846022 0.0905385 0.0630477 0.0841087 0.0366476 0.0690109 
S0552sl       0.1440104 0.0716412 0.0492318 0.0664166 0.0727086 0.0732882 0.0557402 0.0524876 0.0667964 0.1187599 0.0713105 0.0729064 0.0716267 0.0671418 0.0768036 0.0779837 0.0768625 0.0726984 0.0741917 0.0777703 0.0518195 0.0798278 0.0000000 0.0666643 0.0845571 0.0725743 0.0820018 0.0827386 0.0000010 0.0727307 0.0516751 0.0846124 0.0322714 0.0716267 0.1046088 0.0725646 0.0879884 0.0740573 0.0774735 0.0318037 0.0366937 0.0464997 0.0412676 0.0722315 0.0941632 0.0730917 0.0272299 0.0662214 0.0087469 0.0222427 0.0050027 0.0113101 0.0747062 0.0461403 0.0994324 0.0708398 0.0318588 0.0270587 0.0825798 0.0992386 0.0222573 0.0835332 0.0617046 0.0569372 0.0671288 0.0665222 0.0721453 0.0727436 0.0685565 0.0843352 0.0587609 0.0796738 0.0827338 0.0667896 0.0886994 0.0726404 0.0609340 0.0674466 0.0392203 0.0615266 0.0577814 0.0418949 0.0566892 0.0609444 0.0667251 0.0566435 0.0318408 0.0725632 0.0461403 0.0779937 0.0626704 0.0413311 0.0288753 0.0510862 0.0613173 0.0720504 0.0618043 0.0718286 0.0613165 0.0516605 0.0471898 0.0666610 0.0675346 0.0223862 0.0366173 0.0613969 0.0317752 0.0411673 0.0835850 0.0273442 
S0558         0.1434279 0.0410336 0.0603226 0.0872584 0.0612739 0.0617501 0.0761147 0.0336306 0.0655412 0.1052445 0.1111328 0.0614381 0.1100757 0.1113769 0.1157103 0.0663419 0.0638344 0.0612659 0.0596719 0.0661661 0.0365155 0.0678657 0.0666643 0.0000000 0.1124986 0.0661337 0.0688600 0.0709859 0.0136070 0.0713405 0.0411481 0.0718102 0.0567761 0.1100757 0.0815576 0.0662092 0.1281969 0.0571980 0.0659215 0.0510258 0.0562088 0.0716684 0.0608692 0.0608860 0.1222439 0.0716875 0.0562407 0.0930775 0.0618690 0.0717075 0.0721057 0.0682950 0.0642427 0.0659672 0.1084076 0.0784198 0.0610969 0.0610990 0.0862851 0.0764730 0.0717628 0.1058311 0.0606733 0.0769693 0.0559672 0.0554783 0.0608151 0.0713530 0.0672344 0.1249961 0.0635387 0.0677376 0.1099922 0.1049769 0.0766301 0.0935833 0.0762988 0.0562241 0.0285962 0.0410983 0.0843324 0.0317222 0.0879070 0.0755647 0.0556438 0.0407444 0.0461367 0.0611570 0.0659672 0.0764924 0.0565313 0.0609637 0.0545365 0.0713492 0.0504926 0.0607383 0.0508803 0.0605582 0.0504919 0.0411372 0.0780585 0.0984786 0.0662515 0.0508318 0.0712536 0.0927613 0.0509806 0.0608829 0.0716878 0.0509384 
S0616         0.2001532 0.1240191 0.0859973 0.1309782 0.1199845 0.1209411 0.0942019 0.0723392 0.1187336 0.1602238 0.0797826 0.1075031 0.0632613 0.1266824 0.0684966 0.1133440 0.1237861 0.1199632 0.1119576 0.1136901 0.1018697 0.1267242 0.0845571 0.1124986 0.0000000 0.1075744 0.1198474 0.1308691 0.0292305 0.1378843 0.0960165 0.1273926 0.0914034 0.0632613 0.1159164 0.1258062 0.0797531 0.1164223 0.1250295 0.0840929 0.0900534 0.0843969 0.1009360 0.1251357 0.0682986 0.1252480 0.0733841 0.0578327 0.0850091 0.0899016 0.0865205 0.0984808 0.1229715 0.1066947 0.1347470 0.1089921 0.0784978 0.0785023 0.0995640 0.1104381 0.0899756 0.1385654 0.0894993 0.0963964 0.1134344 0.1181983 0.1073057 0.1246067 0.1311863 0.0743876 0.0937621 0.1261116 0.0322214 0.0583365 0.1252089 0.0476758 0.1114147 0.1140144 0.0840573 0.1125841 0.1095227 0.0904920 0.1016345 0.1001507 0.1126064 0.1071497 0.0900589 0.1132565 0.1066947 0.1361064 0.1146899 0.1011015 0.0724931 0.1002746 0.1121600 0.1187221 0.1131462 0.1129439 0.1121588 0.0949678 0.0969385 0.1128043 0.1318525 0.0674836 0.0840031 0.1009566 0.0898611 0.0887850 0.1195883 0.0683567 
S0624         0.1449227 0.0658882 0.0488715 0.0883422 0.0563233 0.0270638 0.0926539 0.0334580 0.0763932 0.0614917 0.1179773 0.0087379 0.1171060 0.1184605 0.1228827 0.0509508 0.0578750 0.0563161 0.0469125 0.0314248 0.0461889 0.0322517 0.0725743 0.0661337 0.1075744 0.0000000 0.0459570 0.0359657 0.0280663 0.0664266 0.0512665 0.0552856 0.0624885 0.1171060 0.1037507 0.0566481 0.1357441 0.0578854 0.0609592 0.0462708 0.0618555 0.0776814 0.0665873 0.0560674 0.1296216 0.0667496 0.0618907 0.1108721 0.0676992 0.0777250 0.0726333 0.0613776 0.0389927 0.0718037 0.1094588 0.0699209 0.0668390 0.0668418 0.0817259 0.0984256 0.0674588 0.1185135 0.0662187 0.0822801 0.0510893 0.0410789 0.0266765 0.0664390 0.0519283 0.1200072 0.0479759 0.0226262 0.1058671 0.1119107 0.0558499 0.1062965 0.0823385 0.0513231 0.0236190 0.0559690 0.0845097 0.0415656 0.0890073 0.0919672 0.0268101 0.0412438 0.0566035 0.0175771 0.0718037 0.0613404 0.0516035 0.0666921 0.0496946 0.0877709 0.0559377 0.0358230 0.0563757 0.0557681 0.0457920 0.0512521 0.0785623 0.1051415 0.0663503 0.0514226 0.0772242 0.0829017 0.0564840 0.0767875 0.0560483 0.0621645 
S0643         0.1645784 0.0631580 0.0619012 0.0938612 0.0147039 0.0634958 0.1047980 0.0256707 0.0690123 0.0805921 0.1404037 0.0459217 0.1259626 0.1076825 0.1325187 0.0577045 0.0313295 0.0196845 0.0421870 0.0684042 0.0579740 0.0638497 0.0820018 0.0688600 0.1198474 0.0459570 0.0000000 0.0737751 0.0456226 0.0814404 0.0521728 0.0147101 0.0647830 0.1259626 0.0977056 0.0754890 0.1250616 0.0478105 0.0195896 0.0465517 0.0640462 0.0878131 0.0693542 0.0693487 0.1402445 0.0818910 0.0697844 0.1188540 0.0705119 0.0878688 0.0747794 0.0635024 0.0560677 0.0752313 0.1173667 0.0906365 0.0753886 0.0753930 0.0924357 0.1048919 0.0879490 0.1153096 0.0625884 0.0876146 0.0096952 0.0575038 0.0624260 0.0814549 0.0695057 0.1124987 0.0485938 0.0631548 0.1258407 0.1201107 0.0145826 0.1137505 0.0632509 0.0097413 0.0000027 0.0520997 0.0897175 0.0355601 0.0813637 0.1039180 0.0569565 0.0521720 0.0581386 0.0458684 0.0752313 0.0873912 0.0097980 0.0694765 0.0683260 0.0690009 0.0353961 0.0623374 0.0356940 0.0689209 0.0573429 0.0521563 0.0706680 0.1005066 0.0814186 0.0577831 0.0872276 0.0933756 0.0580012 0.0629297 0.0578472 0.0701326 
S0645sl       0.1514831 0.0707225 0.0663573 0.0987394 0.0660587 0.0269782 0.0923770 0.0606540 0.0813104 0.0713261 0.1289460 0.0268502 0.1279877 0.1295381 0.1338517 0.0662975 0.0687951 0.0660499 0.0792384 0.0221896 0.0460976 0.0421461 0.0827386 0.0709859 0.1308691 0.0359657 0.0737751 0.0000000 0.0277160 0.0662913 0.0560335 0.0770269 0.0673676 0.1279877 0.1201114 0.0717150 0.1469938 0.0628282 0.0707040 0.0663469 0.0717965 0.0879074 0.0765475 0.0559584 0.1407521 0.0666128 0.0667770 0.1216084 0.0778330 0.0774956 0.0843769 0.0888672 0.0726327 0.0818542 0.1260000 0.0963791 0.0768353 0.0768395 0.0973323 0.1146547 0.0775567 0.1238677 0.0710442 0.0768992 0.0606970 0.0457300 0.0265933 0.0663036 0.0621557 0.1440211 0.0637570 0.0320262 0.1165845 0.1227585 0.0711442 0.1170581 0.0926097 0.0609760 0.0334061 0.0607463 0.0789666 0.0462737 0.0940429 0.0916940 0.0267261 0.0459137 0.0664290 0.0267332 0.0818542 0.0612175 0.0613088 0.0766679 0.0495478 0.0980921 0.0607120 0.0357093 0.0611896 0.0556594 0.0504666 0.0560174 0.0889091 0.1103345 0.0662153 0.0611281 0.0821967 0.0878918 0.0662886 0.0868885 0.0767217 0.0670727 
S0656sl       0.0771490 0.0137890 0.0144655 0.0578510 0.0137890 0.0000010 0.0136070 0.0138708 0.0436247 0.0280779 0.0426641 0.0284561 0.0426641 0.0760295 0.0426641 0.0739145 0.0136439 0.0137890 0.0425721 0.0280458 0.0000010 0.0621870 0.0000010 0.0136070 0.0292305 0.0280663 0.0456226 0.0277160 0.0000000 0.0277716 0.0000010 0.0145992 0.0140668 0.0426641 0.0574650 0.0280674 0.0584991 0.0281990 0.0137890 0.0280984 0.0427849 0.0420232 0.0277160 0.0000010 0.0565898 0.0277716 0.0284355 0.0136536 0.0136536 0.0136439 0.0000010 0.0138276 0.0451105 0.0421181 0.0578114 0.0596009 0.0000010 0.0000010 0.0277088 0.0426056 0.0000010 0.0138275 0.0277401 0.0136536 0.0137890 0.0137890 0.0136536 0.0277716 0.0294126 0.0621401 0.0593051 0.0146304 0.0423979 0.0426641 0.0587287 0.0418681 0.0427046 0.0137890 0.0000023 0.0137890 0.0000027 0.0000010 0.0590508 0.0000010 0.0136439 0.0000010 0.0136693 0.0280663 0.0421181 0.0277716 0.0137890 0.0421181 0.0000010 0.0279434 0.0277088 0.0000010 0.0283544 0.0000010 0.0277088 0.0000010 0.0427046 0.0746834 0.0427120 0.0000010 0.0284355 0.0434659 0.0280203 0.0279434 0.0918371 0.0138275 
S0673         0.1584826 0.0763248 0.0667445 0.0938271 0.0671811 0.0620253 0.0982191 0.0617025 0.0817220 0.1057357 0.1420329 0.0617106 0.1348104 0.1302553 0.1407878 0.0716752 0.0763337 0.0671719 0.0802468 0.0614723 0.0511527 0.0681742 0.0727307 0.0713405 0.1378843 0.0664266 0.0814404 0.0662913 0.0277716 0.0000000 0.0563092 0.0727246 0.0519302 0.1348104 0.1207533 0.0663761 0.1542422 0.0684187 0.0719065 0.0666785 0.0670752 0.0883624 0.0560642 0.0459892 0.1478594 0.0088641 0.0721994 0.1227045 0.0782334 0.0884125 0.0853678 0.0900498 0.0738100 0.0822714 0.1154962 0.1068535 0.0772253 0.0772295 0.1034425 0.1152640 0.0884846 0.1244559 0.0766765 0.0825228 0.0617150 0.0508339 0.0610821 0.0088258 0.0044520 0.1513493 0.0585738 0.0680450 0.1346857 0.1295094 0.0829213 0.1236993 0.0930892 0.0620041 0.0389782 0.0661824 0.0901302 0.0414685 0.1000114 0.0974851 0.0509862 0.0413259 0.0667614 0.0614261 0.0822714 0.0133004 0.0572714 0.0770563 0.0546767 0.0879598 0.0560479 0.0610045 0.0564886 0.0457483 0.0458827 0.0562929 0.0893751 0.1164615 0.0318514 0.0564328 0.0878354 0.1104186 0.0666197 0.0769510 0.0771105 0.0725222 
S0689         0.1246064 0.0458531 0.0432407 0.0717309 0.0465011 0.0468595 0.0659900 0.0428797 0.0508173 0.0775864 0.1058073 0.0466259 0.0939698 0.0948425 0.0994561 0.0514258 0.0471583 0.0464956 0.0472193 0.0512920 0.0318591 0.0525910 0.0516751 0.0411481 0.0960165 0.0512665 0.0521728 0.0560335 0.0000010 0.0563092 0.0000000 0.0556041 0.0420081 0.0939698 0.0868853 0.0513237 0.1114921 0.0473404 0.0511056 0.0366173 0.0415919 0.0565643 0.0461997 0.0462140 0.1057291 0.0565810 0.0416174 0.0881465 0.0469486 0.0565942 0.0546053 0.0552468 0.0560523 0.0511417 0.0923507 0.0881426 0.0463726 0.0463733 0.0709389 0.0817482 0.0566362 0.1002943 0.0460551 0.0616923 0.0414164 0.0410626 0.0461607 0.0563207 0.0521155 0.1080666 0.0482040 0.0524925 0.0939078 0.0889392 0.0614199 0.0836010 0.0611616 0.0416034 0.0141017 0.0363604 0.0684843 0.0178891 0.0722585 0.0655182 0.0411844 0.0317346 0.0366604 0.0464156 0.0511417 0.0613178 0.0418296 0.0462712 0.0339173 0.0662751 0.0362424 0.0461040 0.0365157 0.0459707 0.0362418 0.0178582 0.0625545 0.0825606 0.0513597 0.0364832 0.0562416 0.0770557 0.0365845 0.0559334 0.0565772 0.0417955 
S0690         0.1586536 0.0662707 0.0611941 0.0903684 0.0142171 0.0670257 0.1066723 0.0256327 0.0719636 0.1029331 0.1411325 0.0552429 0.1271765 0.1233488 0.1335128 0.0666833 0.0311968 0.0190303 0.0485082 0.0717896 0.0612559 0.0732744 0.0846124 0.0718102 0.1273926 0.0552856 0.0147101 0.0770269 0.0145992 0.0727246 0.0556041 0.0000000 0.0622632 0.1271765 0.0997839 0.0725548 0.1405694 0.0460985 0.0189417 0.0556535 0.0671745 0.0902412 0.0666871 0.0559116 0.1280794 0.0788794 0.0727441 0.1202970 0.0792790 0.0902969 0.0744212 0.0703019 0.0828967 0.0780166 0.1188428 0.0996883 0.0781750 0.0781797 0.0946917 0.0949402 0.0903768 0.1108338 0.0656913 0.0900440 0.0093771 0.0554758 0.0659246 0.0784738 0.0724744 0.1342006 0.0469856 0.0721223 0.1270569 0.1215258 0.0141457 0.1153755 0.0782756 0.0094203 0.0099689 0.0555285 0.0986347 0.0342965 0.0838892 0.1058061 0.0549666 0.0503359 0.0614243 0.0605993 0.0780166 0.0841736 0.0094730 0.0724330 0.0655839 0.0897970 0.0341878 0.0658337 0.0344657 0.0555859 0.0553260 0.0555869 0.0860776 0.1087284 0.0840299 0.0557356 0.0896592 0.0839841 0.0612839 0.0778753 0.0724795 0.0730954 
S0720         0.1331699 0.0616927 0.0268204 0.0466384 0.0575221 0.0630993 0.0615564 0.0528797 0.0618696 0.1076988 0.0892877 0.0627733 0.0779318 0.0794309 0.0832476 0.0677895 0.0654008 0.0575146 0.0673874 0.0676057 0.0421241 0.0641006 0.0322714 0.0567761 0.0914034 0.0624885 0.0647830 0.0673676 0.0140668 0.0519302 0.0420081 0.0622632 0.0000000 0.0779318 0.0886578 0.0568227 0.0947861 0.0637624 0.0622545 0.0134063 0.0180426 0.0521432 0.0043882 0.0621960 0.1011819 0.0629326 0.0323692 0.0723562 0.0324275 0.0322415 0.0320581 0.0424074 0.0655980 0.0272270 0.0996747 0.0806992 0.0371008 0.0321613 0.0723908 0.0887281 0.0370500 0.0902711 0.0518778 0.0629075 0.0521646 0.0566552 0.0621220 0.0626351 0.0583774 0.0911600 0.0541293 0.0692478 0.0889882 0.0729918 0.0730893 0.0790565 0.0618051 0.0524079 0.0242089 0.0517292 0.0586074 0.0275012 0.0626270 0.0611146 0.0568278 0.0469024 0.0134215 0.0624793 0.0272270 0.0677992 0.0527004 0.0225829 0.0341991 0.0469311 0.0466280 0.0620415 0.0519598 0.0618543 0.0515538 0.0419968 0.0478677 0.0676305 0.0676947 0.0273640 0.0468716 0.0674276 0.0133941 0.0369700 0.0732678 0.0325083 
S0724sl       0.1919542 0.1213216 0.0854985 0.1154410 0.1173478 0.1182637 0.0922332 0.0905019 0.1161528 0.1546243 0.0512979 0.1176082 0.0000010 0.1169299 0.0043292 0.1291540 0.1207251 0.1173275 0.1313658 0.1112147 0.0996816 0.1323993 0.0716267 0.1100757 0.0632613 0.1171060 0.1259626 0.1279877 0.0426641 0.1348104 0.0939698 0.1271765 0.0779318 0.0000000 0.1389671 0.1288790 0.0132023 0.1138309 0.1222880 0.0767357 0.0823590 0.0773558 0.0871603 0.1223901 0.0769473 0.1355126 0.0668032 0.0221630 0.0719917 0.0767055 0.0715353 0.0882398 0.1112450 0.0925987 0.1588872 0.1238731 0.0768718 0.0713731 0.1163902 0.1332706 0.0767653 0.1296799 0.0993214 0.0943340 0.1109694 0.1100939 0.1049948 0.1348187 0.1309755 0.0089184 0.1025461 0.1140594 0.0721729 0.0000028 0.1349681 0.0564217 0.0980259 0.1115248 0.0826898 0.1101573 0.1071157 0.0885729 0.1049532 0.0980365 0.1101791 0.1048463 0.0768323 0.1170299 0.0925987 0.1407878 0.1121717 0.0872984 0.0709100 0.0981562 0.1097516 0.1161419 0.1051644 0.1159382 0.1097505 0.0993458 0.0948531 0.1038212 0.1162936 0.0661090 0.0719254 0.0988078 0.0766688 0.0869368 0.1355595 0.0669462 
S0735         0.1676750 0.0970976 0.0852284 0.1151178 0.0978133 0.1105664 0.1255239 0.1211250 0.1137963 0.1415615 0.1447864 0.0988508 0.1389671 0.1343332 0.1449295 0.1095636 0.1120286 0.0977981 0.1066572 0.1149744 0.0766102 0.1123447 0.1046088 0.0815576 0.1159164 0.1037507 0.0977056 0.1201114 0.0574650 0.1207533 0.0868853 0.0997839 0.0886578 0.1389671 0.0000000 0.1038783 0.1583835 0.1062134 0.1025811 0.0820282 0.0820504 0.1156533 0.0925711 0.1089136 0.1459463 0.1213658 0.0930973 0.1208527 0.1051746 0.1100439 0.1097709 0.1177739 0.1210865 0.0980811 0.0601030 0.1345062 0.0982650 0.0982728 0.0405345 0.0131190 0.1101388 0.1539867 0.0975553 0.1158106 0.0919099 0.1025429 0.1087820 0.1207637 0.1111984 0.1493335 0.0908268 0.1063116 0.1275354 0.1336968 0.1032581 0.1221047 0.1147578 0.0923495 0.0699458 0.0972664 0.1241657 0.0765021 0.1278860 0.1245613 0.1028587 0.0921448 0.0767707 0.1094393 0.0980811 0.1139119 0.0928661 0.0927186 0.0935116 0.1094718 0.0969200 0.1086298 0.0977250 0.0975630 0.0969190 0.0757192 0.1060801 0.1275262 0.1151139 0.0868889 0.1093083 0.1329572 0.0819569 0.0979152 0.1043299 0.0882429 
