125
S0055       0.0000000 0.1127308 0.1123769 0.1147552 0.0608931 0.1165266 0.1227891 0.1354956 0.0584038 0.1021925 0.1250431 0.1171565 0.1809880 0.1332468 0.1211831 0.1093128 0.1158021 0.1300048 0.0987919 0.0579106 0.0714005 0.1114265 0.0739467 0.0922160 0.1046032 0.1009422 0.0967708 0.1078108 0.1177108 0.1315180 0.0928521 0.1211324 0.0512522 0.0777352 0.1266978 0.1255703 0.1420023 0.0688689 0.0574172 0.1357625 0.1005915 0.0712016 0.1261631 0.1420001 0.0638390 0.1248322 0.1138583 0.0606282 0.1129083 0.1048624 0.1369983 0.1188153 0.0962370 0.1200860 0.1248949 0.1266563 0.1096028 0.1126861 0.1053430 0.1525509 0.1349669 0.1319983 0.1480458 0.1278546 0.1216077 0.1467754 0.1406355 0.1270824 0.1448052 0.1405697 0.1046032 0.1295322 0.1634401 0.1269462 0.1390424 0.0606282 0.0636899 0.1033509 0.1054000 0.0908792 0.0961730 0.1102301 0.1049997 0.1340161 0.0925314 0.1153122 0.1126726 0.0713274 0.1244626 0.1421935 0.1242062 0.0699081 0.0644773 0.0338535 0.1416232 0.0861279 0.0962597 0.1203516 0.1099056 0.1337117 0.0584342 0.1047360 0.1090782 0.1254017 0.0771868 0.0605356 0.1409829 0.1157145 0.1147913 0.0771528 0.1172384 0.0548442 0.1132397 0.0573681 0.0825749 0.1430004 0.1214270 0.1072276 0.1283939 0.1045340 0.1737367 0.1199991 0.1234061 0.1065253 0.1032024 
S0196sl     0.1127308 0.0000000 0.0695851 0.0332126 0.0672519 0.1292438 0.0871439 0.0761731 0.0792408 0.1326268 0.0907332 0.1373556 0.1472100 0.0864996 0.1262346 0.0763135 0.0735353 0.0768974 0.0833785 0.0785225 0.0910392 0.1084389 0.0979322 0.0720988 0.0051156 0.0948855 0.0871831 0.1120628 0.0753739 0.1136884 0.1135632 0.1248682 0.1062557 0.0885285 0.0991613 0.0908614 0.0940736 0.0918159 0.0778327 0.0480812 0.1084517 0.0795258 0.1288449 0.1148183 0.0831733 0.1008928 0.0104533 0.0675426 0.0103730 0.0051254 0.0942107 0.0302217 0.0782335 0.1414108 0.0791129 0.0796242 0.0719125 0.0862771 0.1025596 0.1266305 0.0936698 0.1062526 0.1054000 0.1291990 0.0447859 0.1079247 0.1451495 0.1121906 0.0898271 0.0948479 0.0051156 0.0893759 0.1224514 0.1267425 0.0733491 0.0743343 0.1179688 0.0706361 0.0790865 0.0626583 0.0709204 0.1100776 0.0762414 0.0878569 0.1072679 0.1157748 0.1131704 0.0786273 0.1387989 0.1089959 0.0722078 0.0777411 0.0852000 0.0742897 0.0735272 0.0825745 0.0664242 0.0754953 0.0556753 0.0914877 0.1333508 0.0077817 0.0917816 0.0477822 0.0479740 0.0742113 0.0643429 0.0810822 0.0745838 0.0880770 0.0991437 0.1022531 0.0914370 0.0973693 0.0988266 0.0879657 0.0731301 0.0820234 0.1006181 0.0782619 0.1031859 0.0546661 0.0791712 0.0992442 0.0624498 
S0278       0.1123769 0.0695851 0.0000000 0.0816812 0.0872831 0.1344615 0.0484968 0.0563431 0.0881456 0.1414668 0.0510028 0.1266852 0.1997608 0.0543749 0.1347827 0.0516840 0.0738808 0.0793887 0.1004375 0.0914344 0.1050727 0.0608716 0.1145011 0.0268929 0.0625598 0.1022030 0.0477965 0.1201653 0.0666490 0.0921694 0.1351047 0.1537408 0.0957041 0.1020829 0.0390058 0.0830455 0.0826551 0.0930689 0.0867897 0.0797049 0.1211615 0.1006173 0.1446996 0.0844870 0.0972491 0.0812369 0.0666638 0.0795968 0.0696727 0.0627033 0.0830739 0.0695054 0.0687062 0.1557645 0.0565900 0.0660028 0.0623709 0.0477046 0.1140294 0.1014139 0.0706708 0.0901512 0.0924485 0.1700994 0.0839299 0.1036839 0.1700012 0.1412683 0.0858312 0.0822957 0.0625598 0.0632665 0.0933036 0.1527292 0.0635924 0.0868529 0.1114696 0.0574017 0.0436985 0.0500704 0.0619613 0.1238675 0.0695995 0.0388520 0.1218377 0.1200877 0.1216197 0.0992240 0.1669285 0.1053656 0.0564862 0.0866087 0.0985224 0.0605926 0.0604132 0.0992184 0.0610597 0.0596835 0.0433379 0.0511045 0.1354108 0.0626161 0.0403615 0.0874127 0.0348307 0.0836251 0.0997831 0.0506239 0.0726879 0.1027616 0.0447804 0.1045454 0.0813730 0.1108488 0.1167502 0.1008519 0.0709363 0.0688241 0.0738163 0.0686441 0.0994306 0.0659368 0.0890639 0.1159819 0.0562582 
S0281       0.1147552 0.0332126 0.0816812 0.0000000 0.0820132 0.1293130 0.1009962 0.0892394 0.0876321 0.1368400 0.0919585 0.1379943 0.1495027 0.1122254 0.1269501 0.0934296 0.0986147 0.0972725 0.1151244 0.0868086 0.1078175 0.1259949 0.1189242 0.0960269 0.0272929 0.1138932 0.0978522 0.1127060 0.1121219 0.1078401 0.1123706 0.1349490 0.1070423 0.1047898 0.1167635 0.1126085 0.1044710 0.1130318 0.0860304 0.0430124 0.1047221 0.0883524 0.1295655 0.1333175 0.0943963 0.1030689 0.0335104 0.0823915 0.0332431 0.0273491 0.0923663 0.0308654 0.0953179 0.1469239 0.0849500 0.1038091 0.0847302 0.1082500 0.1071568 0.1170678 0.1127434 0.1093552 0.1085530 0.1574154 0.0423650 0.1297534 0.1409429 0.1134656 0.1133938 0.1153242 0.0272929 0.1003354 0.1198898 0.1281476 0.0897441 0.0896236 0.1192290 0.0909233 0.0882710 0.0715707 0.0870262 0.1101324 0.0998592 0.1055707 0.1155213 0.1202912 0.1090678 0.1019668 0.1427964 0.1284678 0.0849141 0.0939055 0.1012490 0.0816961 0.0903792 0.1048963 0.0840566 0.0922152 0.0708778 0.0965392 0.1262204 0.0304699 0.1092420 0.0453772 0.0484010 0.0894618 0.0619796 0.0944269 0.0902513 0.0997644 0.1127099 0.1154817 0.1166721 0.1095813 0.1149203 0.1093721 0.0938804 0.0770817 0.1135888 0.0914121 0.1074700 0.0661467 0.0982898 0.1168382 0.0747028 
S0282       0.0608931 0.0672519 0.0872831 0.0820132 0.0000000 0.1174571 0.0990788 0.0991720 0.0078464 0.0930528 0.1027199 0.1176814 0.1591372 0.0983062 0.1188647 0.0877161 0.1053745 0.1194664 0.0666749 0.0077920 0.0161384 0.0876066 0.0546437 0.0832312 0.0605253 0.0963169 0.0831644 0.1054317 0.0949256 0.1308586 0.0836245 0.1029294 0.0364400 0.0185153 0.1105855 0.0984107 0.1079034 0.0557585 0.0077306 0.1078833 0.1017707 0.0452010 0.1174836 0.1153406 0.0361733 0.1212712 0.0644388 0.0051221 0.0673324 0.0606595 0.1233002 0.0897687 0.0726912 0.1169068 0.0814929 0.0872605 0.0948587 0.0984140 0.0964140 0.1270743 0.1181124 0.1350874 0.1261770 0.0946828 0.0917996 0.1144455 0.1205144 0.1055433 0.1175725 0.1233976 0.0605253 0.1130256 0.1525047 0.1115663 0.0990379 0.0051221 0.0549241 0.0941146 0.0831098 0.0640562 0.0865254 0.1129674 0.0736537 0.1078027 0.0766202 0.1039551 0.1062392 0.0131396 0.1216371 0.1435399 0.0947145 0.0135993 0.0130792 0.0307507 0.1081281 0.0535048 0.0741022 0.0911821 0.0840888 0.1173054 0.0729195 0.0605770 0.0977443 0.0952391 0.0521194 0.0051169 0.1115798 0.1003546 0.0975181 0.0363155 0.0954485 0.0583381 0.0964902 0.0571306 0.0614552 0.1244692 0.0994895 0.0836486 0.1216684 0.1015923 0.1213817 0.0925320 0.1027547 0.1006152 0.0952875 
S0288       0.1165266 0.1292438 0.1344615 0.1293130 0.1174571 0.0000000 0.1644698 0.1322418 0.1090234 0.1579342 0.1390337 0.0079541 0.1050583 0.1669823 0.0206557 0.1446957 0.1499791 0.1345848 0.1481645 0.1129658 0.1186465 0.1472971 0.1407640 0.1302223 0.1177130 0.1559180 0.1047901 0.0065993 0.1435051 0.1557652 0.1451115 0.0956139 0.1098977 0.1085476 0.1445847 0.1761462 0.2012801 0.1315502 0.1016594 0.1557883 0.0104238 0.1336141 0.0172389 0.1882218 0.1189667 0.1565770 0.1242352 0.1116240 0.1240120 0.1181149 0.1423347 0.1456260 0.1674114 0.0885169 0.1639850 0.1745910 0.1173824 0.1501052 0.0483866 0.1815135 0.1515124 0.1661733 0.1647302 0.1907425 0.1311720 0.1632843 0.0747877 0.0935030 0.1573755 0.1515543 0.1177130 0.1577478 0.1796787 0.0793530 0.1506555 0.1166477 0.1475188 0.1428631 0.1559588 0.1509925 0.1598070 0.0075574 0.1688134 0.1449245 0.0630579 0.0099907 0.0068350 0.1237174 0.0895529 0.1859730 0.1380758 0.1240608 0.1176927 0.0878667 0.1564122 0.1067502 0.1661539 0.1434434 0.1372184 0.1369099 0.1618172 0.1179339 0.1313853 0.1362653 0.1126621 0.1122709 0.1501024 0.1455205 0.1466963 0.1327659 0.1370946 0.1095241 0.1824647 0.1104225 0.1518868 0.1489152 0.1505694 0.1452498 0.1528838 0.1228194 0.1586034 0.1374703 0.1660237 0.1532201 0.1135400 
S0289       0.1227891 0.0871439 0.0484968 0.1009962 0.0990788 0.1644698 0.0000000 0.0728891 0.0960148 0.1687208 0.0422047 0.1865823 0.2096187 0.0416385 0.1628461 0.0359255 0.0922383 0.1058447 0.1162114 0.1034558 0.1179458 0.0573457 0.1314640 0.0300804 0.0796528 0.1395611 0.0486122 0.1462776 0.0817267 0.1030517 0.1495598 0.1747520 0.1138792 0.1105699 0.0361073 0.0905057 0.0988111 0.1109038 0.0994725 0.1062302 0.1468499 0.1258377 0.1741686 0.1101217 0.1231079 0.0955670 0.0841817 0.0985675 0.0872658 0.0798420 0.1067176 0.0989889 0.0757761 0.1774398 0.0636774 0.0696713 0.0987258 0.0390205 0.1334646 0.1151109 0.0929541 0.1133290 0.1078074 0.2052943 0.1213564 0.1116641 0.1972215 0.1550163 0.1014142 0.0977026 0.0796528 0.0848077 0.1181386 0.1839391 0.0843626 0.0985675 0.1383549 0.0718311 0.0279774 0.0569626 0.0760542 0.1473338 0.0767831 0.0486246 0.1520603 0.1547897 0.1489873 0.1116484 0.1928467 0.1327371 0.0766314 0.0986950 0.1108199 0.0828013 0.0701773 0.1295046 0.0601019 0.0763823 0.0625457 0.0479925 0.1653728 0.0840735 0.0574771 0.1252618 0.0516017 0.0983785 0.1313138 0.0679264 0.0823015 0.1295658 0.0457311 0.1230468 0.0920984 0.1243203 0.1257006 0.1244557 0.0883637 0.0791724 0.0840828 0.1015376 0.1349947 0.0697279 0.0992560 0.1274751 0.0764832 
S0292       0.1354956 0.0761731 0.0563431 0.0892394 0.0991720 0.1322418 0.0728891 0.0000000 0.1107065 0.1556735 0.0889456 0.1334976 0.1908878 0.0903742 0.1294304 0.0844040 0.0674188 0.0729609 0.1064421 0.1126564 0.1192368 0.0878584 0.1209651 0.0588143 0.0690220 0.1202897 0.0476148 0.1148017 0.0780985 0.0859911 0.1437266 0.1424645 0.1130463 0.1083032 0.0731497 0.0823722 0.1026466 0.0973763 0.1115902 0.0921857 0.1109831 0.1117329 0.1320909 0.1029729 0.1044589 0.0746826 0.0732560 0.1075259 0.0762724 0.0691816 0.0804985 0.0809503 0.0795532 0.1528726 0.0772625 0.0788861 0.0559701 0.0796468 0.1214898 0.0977719 0.0646651 0.0841266 0.0862597 0.1791510 0.1043234 0.0805410 0.1610790 0.1282395 0.0716162 0.0761424 0.0690220 0.0639427 0.0928418 0.1444510 0.0363124 0.1075259 0.1251640 0.0537059 0.0646561 0.0672665 0.0795755 0.1283166 0.0725983 0.0730495 0.1246994 0.1248775 0.1203765 0.1128734 0.1532121 0.0917344 0.0159384 0.1084751 0.1120281 0.0750703 0.0304500 0.1149285 0.0718778 0.0186625 0.0158201 0.0836926 0.1608829 0.0731750 0.0771003 0.1080392 0.0588121 0.1041067 0.1175828 0.0394716 0.0588618 0.1157958 0.0918014 0.1303990 0.0949695 0.1276728 0.1043088 0.0889171 0.0675047 0.0826981 0.0712806 0.0621621 0.1067973 0.0602910 0.0706383 0.1171159 0.0562601 
S0293       0.0584038 0.0792408 0.0881456 0.0876321 0.0078464 0.1090234 0.0960148 0.1107065 0.0000000 0.0945015 0.1075979 0.1082316 0.1685055 0.0992182 0.1165323 0.0881181 0.1110847 0.1255200 0.0757593 0.0052273 0.0191770 0.0883161 0.0659215 0.0840486 0.0720501 0.1104395 0.0867900 0.1030601 0.0956549 0.1374121 0.0894314 0.1093981 0.0338632 0.0215465 0.1116995 0.1043797 0.1185061 0.0638695 0.0051857 0.1146262 0.0993030 0.0558741 0.1215404 0.1127414 0.0463168 0.1274547 0.0763338 0.0078194 0.0793454 0.0722172 0.1296232 0.0957558 0.0813259 0.1219925 0.0907383 0.0966540 0.1091904 0.1031765 0.0940269 0.1335428 0.1242599 0.1415837 0.1325478 0.1067900 0.1017168 0.1214132 0.1235862 0.1122494 0.1339022 0.1297356 0.0720501 0.1189764 0.1551806 0.1184621 0.1137062 0.0078194 0.0524025 0.0956434 0.0839590 0.0724780 0.0957915 0.1081125 0.0824493 0.1036436 0.0780390 0.0929267 0.1037810 0.0160545 0.1300169 0.1459657 0.1089662 0.0166257 0.0159786 0.0281464 0.1161884 0.0573988 0.0793345 0.1021339 0.0976693 0.1184769 0.0704011 0.0721202 0.0884604 0.1053235 0.0601764 0.0078112 0.1227110 0.1048785 0.1027986 0.0465200 0.1001789 0.0624701 0.1064924 0.0611518 0.0731921 0.1307137 0.1049191 0.0852995 0.1236259 0.1162633 0.1310402 0.1063294 0.1121340 0.1120739 0.1096657 
S0294       0.1021925 0.1326268 0.1414668 0.1368400 0.0930528 0.1579342 0.1687208 0.1556735 0.0945015 0.0000000 0.1779139 0.1218689 0.2162133 0.1718249 0.1563575 0.1539688 0.1435206 0.1462015 0.1053760 0.0935964 0.1050821 0.1551047 0.1060114 0.1387942 0.1237016 0.1314341 0.1304811 0.1403275 0.1259425 0.1736560 0.1151132 0.1553554 0.1079896 0.1048735 0.1694741 0.1667357 0.1712368 0.1268084 0.0927514 0.1572804 0.1276014 0.1155510 0.1624875 0.1621903 0.0758593 0.1561055 0.1340102 0.0925917 0.1328593 0.1240269 0.1609461 0.1297059 0.1323650 0.1580440 0.1495607 0.1673793 0.1375307 0.1685133 0.1337783 0.1634426 0.1694232 0.1514272 0.1765776 0.0952679 0.1455186 0.1743652 0.1674155 0.1258039 0.1693299 0.1646382 0.1237016 0.1630053 0.1525884 0.1630115 0.1629515 0.0925917 0.1144634 0.1388409 0.1364159 0.1172304 0.1372659 0.1429193 0.1378536 0.1815775 0.1218803 0.1531698 0.1473868 0.1050794 0.1336898 0.1540358 0.1600369 0.0922346 0.1002368 0.0781874 0.1669735 0.0976258 0.1528662 0.1643130 0.1459304 0.1705618 0.1215911 0.1238855 0.1521658 0.1495118 0.0975768 0.0855820 0.1545862 0.1589421 0.1244387 0.0888888 0.1653086 0.1112730 0.1291326 0.0982583 0.1096719 0.1470779 0.1266144 0.1389859 0.1563046 0.1421183 0.1663826 0.1457775 0.1318457 0.1224699 0.1386734 
S0299       0.1250431 0.0907332 0.0510028 0.0919585 0.1027199 0.1390337 0.0422047 0.0889456 0.1075979 0.1779139 0.0000000 0.1584595 0.1908062 0.0479901 0.1475032 0.0511856 0.1017403 0.1204456 0.1209007 0.1110183 0.1174846 0.0566090 0.1400792 0.0448704 0.0831409 0.1333712 0.0582275 0.1322603 0.0956754 0.1130859 0.1304421 0.1562744 0.1108295 0.1141158 0.0514584 0.0994095 0.1012725 0.1173502 0.1069400 0.1127409 0.1369319 0.1255830 0.1518296 0.1210960 0.1270624 0.0987874 0.0877614 0.0982176 0.0872469 0.0833399 0.1067387 0.1016278 0.0863953 0.1729289 0.0813449 0.0801716 0.1014715 0.0480238 0.1329300 0.1182837 0.1029278 0.1155749 0.1101118 0.2064198 0.1071273 0.1281779 0.1844798 0.1625489 0.1153350 0.1154666 0.0831409 0.0988367 0.1259575 0.1792884 0.1035331 0.1059682 0.1404577 0.0902828 0.0566331 0.0742213 0.0941554 0.1377019 0.0875781 0.0486698 0.1395531 0.1283434 0.1255063 0.1112268 0.1877564 0.1397006 0.0967851 0.1110679 0.1104060 0.0861345 0.1007123 0.1289833 0.0673679 0.1034257 0.0844035 0.0536980 0.1672760 0.0876437 0.0446291 0.1108392 0.0612563 0.1057590 0.1281086 0.0807368 0.1006561 0.1336283 0.0482594 0.1253014 0.1035332 0.1323538 0.1340768 0.1400219 0.0987021 0.0898964 0.0979119 0.1042550 0.1267579 0.0802393 0.1109473 0.1362063 0.0835318 
S0303       0.1171565 0.1373556 0.1266852 0.1379943 0.1176814 0.0079541 0.1865823 0.1334976 0.1082316 0.1218689 0.1584595 0.0000000 0.1057914 0.1749629 0.0151492 0.1519567 0.1438104 0.1272882 0.1546429 0.1126504 0.1187765 0.1407358 0.1377316 0.1336774 0.1240533 0.1591719 0.1189430 0.0151224 0.1498341 0.1518775 0.1381169 0.0923123 0.1148847 0.1077000 0.1497327 0.1950144 0.2152660 0.1295093 0.1054654 0.1530275 0.0038088 0.1362795 0.0153259 0.1743129 0.1193799 0.1294199 0.1316052 0.1167732 0.1313499 0.1245371 0.1393689 0.1365659 0.1555579 0.0830475 0.1641979 0.1986297 0.1213974 0.1626892 0.0655270 0.1715596 0.1454027 0.1601902 0.1595350 0.1884200 0.1399219 0.1621898 0.0868544 0.0993985 0.1518164 0.1454732 0.1240533 0.1448933 0.1831669 0.0855662 0.1458924 0.1167732 0.1323704 0.1663359 0.1637019 0.1578829 0.1563588 0.0087132 0.1720019 0.1407504 0.0563045 0.0234045 0.0077891 0.1247132 0.0917935 0.1674135 0.1400674 0.1251427 0.1179454 0.0936889 0.1558747 0.1168673 0.1693848 0.1460491 0.1390199 0.1491657 0.1333136 0.1243267 0.1475046 0.1457789 0.1079308 0.1118750 0.1291599 0.1470673 0.1399861 0.1274453 0.1365433 0.1088212 0.1800122 0.0990217 0.1533120 0.1429213 0.1518315 0.1376927 0.1391658 0.1205024 0.1714199 0.1499797 0.1560163 0.1546351 0.1252193 
S0308       0.1809880 0.1472100 0.1997608 0.1495027 0.1591372 0.1050583 0.2096187 0.1908878 0.1685055 0.2162133 0.1908062 0.1057914 0.0000000 0.1834512 0.1116395 0.1805963 0.1825355 0.1707550 0.1642615 0.1603757 0.1651165 0.1961717 0.1622496 0.1935081 0.1410901 0.1785479 0.1142435 0.1000933 0.2090904 0.2105519 0.1540375 0.1017586 0.1664777 0.1676639 0.1958967 0.2178790 0.2367444 0.1939701 0.1648465 0.1787020 0.0996738 0.1531920 0.1166581 0.2609653 0.1562501 0.1964369 0.1523339 0.1600842 0.1510035 0.1414805 0.2078806 0.1642470 0.2085161 0.1082273 0.2119341 0.2102484 0.1743619 0.1967564 0.1090080 0.2148670 0.1995297 0.2188056 0.2132394 0.2639964 0.1631024 0.2476539 0.1254581 0.1051889 0.2065875 0.2156996 0.1410901 0.1980424 0.2511473 0.1035893 0.2022389 0.1694929 0.2026889 0.1931857 0.1748716 0.1864092 0.2067366 0.1076160 0.2027422 0.2010842 0.0980254 0.0960570 0.0914549 0.1766382 0.1209835 0.2063559 0.1946439 0.1789894 0.1701408 0.1310881 0.1941846 0.1618525 0.1863751 0.1993254 0.1788165 0.1993395 0.2037013 0.1413277 0.2091173 0.1674969 0.1363472 0.1607188 0.1629487 0.2087814 0.1857794 0.1624927 0.2018261 0.1743468 0.2171015 0.1755136 0.1758889 0.1754507 0.2052644 0.1803094 0.2054521 0.1624312 0.2168974 0.1889730 0.1973806 0.1728473 0.1734966 
S0320       0.1332468 0.0864996 0.0543749 0.1122254 0.0983062 0.1669823 0.0416385 0.0903742 0.0992182 0.1718249 0.0479901 0.1749629 0.1834512 0.0000000 0.1588758 0.0382254 0.0999164 0.1137149 0.1025299 0.1064348 0.1209884 0.0607631 0.1391255 0.0356619 0.0790838 0.1295505 0.0706881 0.1425093 0.0817227 0.1109334 0.1495833 0.1468216 0.1210106 0.1175289 0.0444320 0.0978810 0.0978154 0.1323974 0.1024414 0.1091796 0.1429626 0.1247357 0.1635343 0.1122375 0.1179185 0.1062747 0.0835625 0.1015154 0.0830824 0.0792703 0.1180479 0.1019440 0.0752477 0.1485119 0.0701669 0.0729166 0.1064712 0.0388371 0.1254535 0.1304854 0.1037509 0.1243534 0.1107928 0.1873741 0.1167236 0.1187801 0.1836386 0.1452211 0.1167120 0.1168455 0.0790838 0.0867002 0.1221333 0.1597238 0.0986969 0.1015154 0.1499792 0.0777583 0.0429620 0.0633501 0.0826085 0.1346429 0.0762388 0.0453302 0.1251043 0.1409447 0.1450415 0.1146465 0.1713518 0.1325880 0.0905536 0.1017370 0.1137935 0.0896483 0.0839398 0.1247517 0.0635094 0.0940135 0.0758721 0.0440865 0.1834428 0.0791660 0.0487860 0.1205729 0.0614690 0.1013197 0.1264729 0.0737527 0.0924460 0.1241357 0.0329504 0.1335202 0.0914000 0.1359142 0.1510127 0.1328870 0.0913179 0.0720101 0.1020605 0.1054741 0.1206585 0.0762302 0.1022153 0.1221351 0.0919988 
S0322       0.1211831 0.1262346 0.1347827 0.1269501 0.1188647 0.0206557 0.1628461 0.1294304 0.1165323 0.1563575 0.1475032 0.0151492 0.1116395 0.1588758 0.0000000 0.1376073 0.1277825 0.1170492 0.1340877 0.1153319 0.1142553 0.1367804 0.1326167 0.1230102 0.1174356 0.1536603 0.1309638 0.0158054 0.1557269 0.1407723 0.1345592 0.0758917 0.1020213 0.1159780 0.1380128 0.1780786 0.1717961 0.1340577 0.1063458 0.1518407 0.0052763 0.1275488 0.0131152 0.1830930 0.1058193 0.1353844 0.1275544 0.1182194 0.1264520 0.1177434 0.1339773 0.1351415 0.1562193 0.0901660 0.1492794 0.1752646 0.1131064 0.1463268 0.0458425 0.1439714 0.1318023 0.1411206 0.1415873 0.1660203 0.1370731 0.1713806 0.0985128 0.0742041 0.1518402 0.1474700 0.1174356 0.1250963 0.1579350 0.0818311 0.1434245 0.1182194 0.1265139 0.1404171 0.1233301 0.1315248 0.1484447 0.0117154 0.1588527 0.1470633 0.0628991 0.0266327 0.0107917 0.1237782 0.0833883 0.1568758 0.1328741 0.1242342 0.1228338 0.0772836 0.1485207 0.1210712 0.1505729 0.1415145 0.1243213 0.1366600 0.1332459 0.1176043 0.1461557 0.1410743 0.0989181 0.1147729 0.1501362 0.1390714 0.1309866 0.1221402 0.1291941 0.1113878 0.1745296 0.1210747 0.1460845 0.1181446 0.1462219 0.1251664 0.1377766 0.1120011 0.1709598 0.1279072 0.1449816 0.1423889 0.1116255 
S0327       0.1093128 0.0763135 0.0516840 0.0934296 0.0877161 0.1446957 0.0359255 0.0844040 0.0881181 0.1539688 0.0511856 0.1519567 0.1805963 0.0382254 0.1376073 0.0000000 0.0846412 0.0979828 0.0982673 0.0918872 0.1055931 0.0571558 0.1215873 0.0330155 0.0691402 0.1154526 0.0590438 0.1225737 0.0731657 0.0985767 0.1447394 0.1492887 0.0977857 0.1025799 0.0387040 0.0892039 0.0902814 0.1150390 0.0880795 0.0983525 0.1224247 0.1173997 0.1478240 0.1016853 0.1103827 0.0908942 0.0733882 0.0872818 0.0764133 0.0693005 0.0978042 0.0876594 0.0676865 0.1450004 0.0626035 0.0718341 0.0901422 0.0482655 0.1151184 0.1058728 0.0882789 0.0969466 0.1028150 0.1806603 0.1078491 0.1075647 0.1534202 0.1322038 0.0970410 0.0933913 0.0691402 0.0723305 0.1232542 0.1462123 0.0851116 0.0872818 0.1211047 0.0798317 0.0370587 0.0527544 0.0714208 0.1259410 0.0685523 0.0489175 0.1277188 0.1242978 0.1241627 0.0997124 0.1521929 0.1239744 0.0802271 0.0913888 0.0990042 0.0754185 0.0771842 0.1198850 0.0558735 0.0836256 0.0699867 0.0444214 0.1461918 0.0692063 0.0536389 0.1115908 0.0478475 0.0871234 0.1256278 0.0795003 0.0751738 0.1163783 0.0421489 0.1103884 0.0831597 0.1149202 0.1189422 0.1108763 0.0809076 0.0709538 0.0861007 0.0893541 0.1312282 0.0696865 0.0879013 0.1217928 0.0764275 
S0335       0.1158021 0.0735353 0.0738808 0.0986147 0.1053745 0.1499791 0.0922383 0.0674188 0.1110847 0.1435206 0.1017403 0.1438104 0.1825355 0.0999164 0.1277825 0.0846412 0.0000000 0.0186572 0.0929310 0.1099279 0.1141079 0.0955905 0.1317171 0.0690398 0.0736092 0.1072646 0.0879676 0.1157625 0.0788665 0.0745336 0.1300645 0.1467726 0.1115303 0.1137301 0.1046750 0.0924839 0.0905821 0.0903862 0.1088802 0.0953408 0.1114375 0.1135766 0.1405003 0.1168376 0.0989058 0.0706109 0.0817980 0.1048112 0.0811079 0.0737825 0.0634638 0.0808925 0.0731259 0.1413525 0.0889116 0.0894895 0.0519742 0.0866439 0.1140748 0.0862295 0.0564129 0.0618393 0.0621695 0.1649654 0.1079921 0.1049116 0.1694223 0.1159326 0.0526168 0.0495127 0.0736092 0.0567269 0.0731891 0.1431119 0.0594466 0.1048112 0.1256211 0.0733482 0.0652542 0.0754960 0.0882054 0.1132989 0.0710345 0.0994088 0.1234916 0.1343658 0.1157440 0.1184387 0.1529202 0.0430531 0.0635389 0.1092044 0.1175263 0.0730708 0.0681504 0.1207999 0.0727783 0.0668217 0.0534495 0.1114649 0.1323129 0.0779305 0.0910510 0.1117395 0.0631672 0.1046014 0.1299800 0.0564695 0.0391678 0.1101362 0.1074523 0.1032307 0.0906775 0.1164815 0.0982381 0.0305281 0.0160961 0.0914228 0.0633950 0.0551464 0.1449563 0.0766931 0.0489272 0.1175785 0.0567736 
S0345       0.1300048 0.0768974 0.0793887 0.0972725 0.1194664 0.1345848 0.1058447 0.0729609 0.1255200 0.1462015 0.1204456 0.1272882 0.1707550 0.1137149 0.1170492 0.0979828 0.0186572 0.0000000 0.0877743 0.1241824 0.1284747 0.1112502 0.1343895 0.0817101 0.0726727 0.1021161 0.0824415 0.1055396 0.0809242 0.0770184 0.1351930 0.1352792 0.1169253 0.1281138 0.1101725 0.0990832 0.0963188 0.1060607 0.1230001 0.0940902 0.1011275 0.1162812 0.1288894 0.1089971 0.1044963 0.0767474 0.0807319 0.1188104 0.0800585 0.0728426 0.0736800 0.0798499 0.0859731 0.1298589 0.0944131 0.0990358 0.0573345 0.1047159 0.1040202 0.0886568 0.0555481 0.0754311 0.0802209 0.1568536 0.1065336 0.1034959 0.1468701 0.1056827 0.0670346 0.0637430 0.0726727 0.0592821 0.0648973 0.1239760 0.0731613 0.1188104 0.1357071 0.0790261 0.0749145 0.0810925 0.0936643 0.1033027 0.0802811 0.1048497 0.1129181 0.1222234 0.1105250 0.1329807 0.1267496 0.0365799 0.0690469 0.1238141 0.1319270 0.0749595 0.0774315 0.1148746 0.0867648 0.0723161 0.0589506 0.1180224 0.1426573 0.0769238 0.1087097 0.1102259 0.0654964 0.1153266 0.1281571 0.0701033 0.0418112 0.1158270 0.1214497 0.1090642 0.1003267 0.1023947 0.1000992 0.0188310 0.0334671 0.0899065 0.0729350 0.0540824 0.1425804 0.0757203 0.0516012 0.1120446 0.0593304 
S0376       0.0987919 0.0833785 0.1004375 0.1151244 0.0666749 0.1481645 0.1162114 0.1064421 0.0757593 0.1053760 0.1209007 0.1546429 0.1642615 0.1025299 0.1340877 0.0982673 0.0929310 0.0877743 0.0000000 0.0789594 0.0869409 0.1007372 0.0984331 0.0855803 0.0754479 0.0392410 0.1290899 0.1210872 0.0912714 0.1184347 0.1097705 0.1289446 0.0962581 0.0901323 0.1186445 0.1113965 0.0901489 0.0960083 0.0782025 0.1061237 0.1122821 0.0784674 0.1344172 0.1204680 0.0722901 0.1110974 0.0797875 0.0743848 0.0835012 0.0756391 0.1180124 0.0931495 0.0789932 0.1297351 0.0677149 0.1036784 0.0830502 0.1112500 0.1068354 0.1282698 0.1090708 0.1112757 0.1123616 0.1080229 0.1239825 0.1250638 0.1299313 0.1021793 0.1009021 0.1067865 0.0754479 0.1037372 0.1158852 0.1219773 0.1097118 0.0743848 0.1258292 0.0923458 0.1007485 0.0724105 0.0896197 0.1164335 0.0875484 0.1122055 0.1003691 0.1372538 0.1274628 0.0868879 0.1260474 0.1140380 0.1001088 0.0690117 0.0862625 0.0797541 0.1010639 0.0927428 0.0860256 0.0997355 0.0896888 0.1299252 0.1174971 0.0755301 0.1104808 0.1282078 0.0716392 0.0672144 0.1457238 0.0908944 0.0878688 0.0731302 0.1137989 0.0917935 0.1050292 0.1060455 0.0974345 0.0940950 0.0972546 0.0895125 0.1176123 0.0790431 0.1248393 0.0798396 0.0962032 0.0491471 0.0928050 
S0400       0.0579106 0.0785225 0.0914344 0.0868086 0.0077920 0.1129658 0.1034558 0.1126564 0.0052273 0.0935964 0.1110183 0.1126504 0.1603757 0.1064348 0.1153319 0.0918872 0.1099279 0.1241824 0.0789594 0.0000000 0.0190347 0.0967868 0.0653434 0.0872989 0.0714131 0.1093285 0.1121542 0.1020473 0.0993495 0.1358694 0.0885687 0.1083104 0.0335971 0.0213885 0.1151512 0.1123011 0.1156006 0.0633032 0.0051503 0.1134605 0.0983043 0.0554004 0.1202632 0.1201170 0.0459358 0.1260735 0.0756430 0.0077654 0.0786248 0.0715769 0.1281940 0.0948276 0.0845834 0.1230092 0.0941224 0.1000256 0.1080722 0.1065592 0.0931348 0.1320498 0.1229108 0.1400232 0.1310852 0.1009144 0.1007286 0.1232821 0.1268769 0.1111039 0.1324070 0.1283023 0.0714131 0.1177100 0.1533217 0.1172467 0.1125243 0.0077654 0.0519656 0.0946859 0.0873384 0.0757535 0.0991255 0.1090843 0.0857570 0.1163343 0.0773156 0.1002856 0.1027206 0.0159387 0.1310936 0.1443052 0.1078567 0.0165015 0.0158639 0.0279282 0.1222359 0.0569229 0.0868529 0.1041563 0.0967009 0.1219238 0.0697670 0.0714816 0.0982014 0.1042922 0.0634488 0.0077573 0.1214380 0.1069240 0.1017878 0.0391003 0.1035686 0.0619304 0.1099742 0.0606357 0.0725343 0.1292943 0.1038639 0.0885940 0.1264874 0.1150610 0.1321326 0.1052770 0.1109930 0.1139837 0.1085404 
S0405       0.0714005 0.0910392 0.1050727 0.1078175 0.0161384 0.1186465 0.1179458 0.1192368 0.0191770 0.1050821 0.1174846 0.1187765 0.1651165 0.1209884 0.1142553 0.1055931 0.1141079 0.1284747 0.0869409 0.0190347 0.0000000 0.1037553 0.0723610 0.1006301 0.0834732 0.1239158 0.0988616 0.1062421 0.1139652 0.1450557 0.1102161 0.1163893 0.0460372 0.0246396 0.1217821 0.1279580 0.1380202 0.0788455 0.0188790 0.1368918 0.1065109 0.0666420 0.1248605 0.1360821 0.0490703 0.1306371 0.0880816 0.0160800 0.0911686 0.0836724 0.1371990 0.1167184 0.0978480 0.1361907 0.1082659 0.1143324 0.1163945 0.1211478 0.1095598 0.1322450 0.1317689 0.1490470 0.1353560 0.1275980 0.1185639 0.1393231 0.1284710 0.1234077 0.1415368 0.1373283 0.0834732 0.1263836 0.1679650 0.1296419 0.1276777 0.0160800 0.0698104 0.1129547 0.0961607 0.0887910 0.1132264 0.1185787 0.0992784 0.1230622 0.0922344 0.1048233 0.1070879 0.0190411 0.1338766 0.1533851 0.1225946 0.0256754 0.0189487 0.0440051 0.1381107 0.0679107 0.1011574 0.1186980 0.1108149 0.1373569 0.0895104 0.0835635 0.1173330 0.1223473 0.0722721 0.0160617 0.1409848 0.1262645 0.1158817 0.0569269 0.1180811 0.0613661 0.1139912 0.0719270 0.0848188 0.1336738 0.1140515 0.1102456 0.1353618 0.1234799 0.1534503 0.1195372 0.1257785 0.1290052 0.1234138 
S0407sl     0.1114265 0.1084389 0.0608716 0.1259949 0.0876066 0.1472971 0.0573457 0.0878584 0.0883161 0.1551047 0.0566090 0.1407358 0.1961717 0.0607631 0.1367804 0.0571558 0.0955905 0.1112502 0.1007372 0.0967868 0.1037553 0.0000000 0.1426693 0.0419084 0.0991221 0.1052462 0.0742863 0.1198181 0.0908881 0.1184061 0.1584652 0.1619786 0.1155369 0.0957795 0.0697024 0.1037838 0.0914401 0.1161808 0.0922725 0.1168522 0.1200177 0.1306333 0.1302020 0.1206986 0.1175391 0.1037419 0.1043240 0.0912986 0.1041437 0.0994053 0.1278744 0.1083508 0.0772244 0.1428156 0.0609886 0.0907208 0.0855384 0.0491988 0.1337141 0.1221740 0.1044742 0.1255747 0.1096047 0.1901780 0.1298043 0.0991233 0.1702127 0.1731963 0.0980376 0.0981666 0.0991221 0.1005114 0.1367948 0.1606675 0.1011612 0.0912986 0.1295839 0.0941627 0.0669899 0.0609956 0.0761608 0.1293605 0.0784118 0.0493621 0.1371677 0.1314610 0.1214929 0.0969748 0.1632162 0.1323229 0.1014107 0.0851079 0.0920249 0.0924102 0.0779054 0.1387619 0.0659013 0.1009991 0.0793653 0.0768303 0.1288728 0.0992630 0.0368424 0.1343633 0.0547226 0.0911020 0.1466584 0.0709934 0.1018319 0.1192235 0.0537270 0.1144095 0.0922172 0.1183907 0.1328719 0.1285245 0.0967078 0.0715248 0.1025439 0.0894821 0.1365118 0.0868874 0.1137549 0.1216636 0.0828258 
S0412sl     0.0739467 0.0979322 0.1145011 0.1189242 0.0546437 0.1407640 0.1314640 0.1209651 0.0659215 0.1060114 0.1400792 0.1377316 0.1622496 0.1391255 0.1326167 0.1215873 0.1317171 0.1343895 0.0984331 0.0653434 0.0723610 0.1426693 0.0000000 0.1131262 0.0901977 0.1226775 0.1262418 0.1183418 0.1163220 0.1449062 0.0913590 0.1014985 0.0761938 0.0787953 0.1354732 0.1226900 0.1399042 0.0716032 0.0647740 0.1231253 0.1149326 0.0354753 0.1351757 0.1393921 0.0641082 0.1267835 0.0901977 0.0614099 0.0980762 0.0904154 0.1482711 0.1120140 0.1106230 0.1289337 0.1148352 0.1290299 0.1141691 0.1393345 0.1047344 0.1433301 0.1367560 0.1590789 0.1480964 0.1011595 0.1113188 0.1413021 0.1363765 0.1073784 0.1308643 0.1371349 0.0901977 0.1219826 0.1668299 0.1340200 0.1199344 0.0582035 0.0899940 0.1321282 0.1083632 0.0897477 0.0980005 0.1280167 0.1122544 0.1557584 0.0802889 0.1276363 0.1239024 0.0722882 0.1181859 0.1660682 0.1147799 0.0668583 0.0653259 0.0461213 0.1197735 0.0767333 0.1154339 0.1110417 0.1006968 0.1391501 0.1155523 0.0903006 0.1463408 0.1150686 0.0705032 0.0613145 0.1204903 0.1216474 0.1109802 0.0774974 0.1273548 0.0795666 0.1156243 0.0708797 0.0716867 0.1350300 0.1363660 0.1044007 0.1356078 0.1137060 0.1627875 0.1114791 0.1198031 0.1253672 0.1062323 
S0417       0.0922160 0.0720988 0.0268929 0.0960269 0.0832312 0.1302223 0.0300804 0.0588143 0.0840486 0.1387942 0.0448704 0.1336774 0.1935081 0.0356619 0.1230102 0.0330155 0.0690398 0.0817101 0.0855803 0.0872989 0.1006301 0.0419084 0.1131262 0.0000000 0.0650907 0.0994078 0.0473337 0.1089207 0.0528142 0.0869917 0.1300736 0.1492032 0.0918110 0.0977826 0.0331811 0.0750786 0.0750245 0.0929046 0.0835793 0.0854715 0.1083967 0.1041041 0.1325554 0.0820124 0.0972929 0.0757664 0.0692064 0.0828282 0.0721899 0.0652392 0.0930464 0.0787409 0.0549896 0.1417453 0.0563903 0.0588519 0.0715889 0.0239543 0.1021058 0.1020493 0.0731003 0.0924012 0.0869415 0.1693418 0.0988416 0.0876934 0.1648381 0.1367435 0.0881826 0.0846717 0.0650907 0.0657193 0.0927538 0.1481292 0.0660460 0.0828282 0.1063715 0.0506217 0.0280071 0.0498959 0.0617445 0.1112122 0.0556705 0.0358716 0.1142577 0.1178181 0.1140838 0.0949417 0.1608844 0.1056468 0.0589594 0.0824595 0.0942830 0.0606153 0.0662095 0.1036472 0.0492991 0.0621353 0.0458612 0.0388843 0.1295883 0.0651500 0.0322465 0.1024593 0.0443235 0.0826821 0.1116558 0.0466584 0.0644819 0.1028144 0.0328539 0.0924089 0.0766519 0.1068027 0.1121187 0.0981335 0.0661695 0.0581511 0.0720823 0.0710149 0.1129430 0.0492068 0.0799107 0.1012844 0.0587275 
S0419       0.1046032 0.0051156 0.0625598 0.0272929 0.0605253 0.1177130 0.0796528 0.0690220 0.0720501 0.1237016 0.0831409 0.1240533 0.1410901 0.0790838 0.1174356 0.0691402 0.0736092 0.0726727 0.0754479 0.0714131 0.0834732 0.0991221 0.0901977 0.0650907 0.0000000 0.0871816 0.0722773 0.1037673 0.0710880 0.1052323 0.1051202 0.1163746 0.0982254 0.0811861 0.0912656 0.0861804 0.0864287 0.0919234 0.0707929 0.0418268 0.0999838 0.0723078 0.1200477 0.1062745 0.0758340 0.0928799 0.0051583 0.0607795 0.0051189 0.0000025 0.0863020 0.0243873 0.0711431 0.1319804 0.0719179 0.0753802 0.0649342 0.0863724 0.0946140 0.1177878 0.0857984 0.0982476 0.0972204 0.1291990 0.0386417 0.0997789 0.1352277 0.1038781 0.0899324 0.0949650 0.0000010 0.0816702 0.1137097 0.1180980 0.0662245 0.0673908 0.1128215 0.0635057 0.0715868 0.0558505 0.0640636 0.1008939 0.0720633 0.0803029 0.0991362 0.1066067 0.1045256 0.0784413 0.1328578 0.1039428 0.0652066 0.0704270 0.0779421 0.0700851 0.0663887 0.0782973 0.0662645 0.0684227 0.0490865 0.0838276 0.1277164 0.0025603 0.0817059 0.0415729 0.0413532 0.0672836 0.0576447 0.0736907 0.0676047 0.0805027 0.0912617 0.0943673 0.0868869 0.0927419 0.0941244 0.0834829 0.0660317 0.0748084 0.0926388 0.0711692 0.1033221 0.0482188 0.0719998 0.0913573 0.0623091 
S0427       0.1009422 0.0948855 0.1022030 0.1138932 0.0963169 0.1559180 0.1395611 0.1202897 0.1104395 0.1314341 0.1333712 0.1591719 0.1785479 0.1295505 0.1536603 0.1154526 0.1072646 0.1021161 0.0392410 0.1093285 0.1239158 0.1052462 0.1226775 0.0994078 0.0871816 0.0000000 0.1092997 0.1384121 0.1130278 0.1159795 0.1213270 0.1404508 0.1211569 0.1247876 0.1418439 0.1300697 0.1077886 0.1181704 0.1083204 0.1113335 0.1315020 0.0931206 0.1455597 0.1470539 0.0937811 0.1186790 0.0958282 0.0967848 0.0950239 0.0873921 0.1351191 0.0924194 0.1014667 0.1427613 0.1063167 0.1232496 0.1017368 0.1162979 0.1249103 0.1350475 0.1120042 0.1268451 0.1244447 0.1587844 0.1174777 0.1402270 0.1627169 0.1251050 0.1206883 0.1265622 0.0871816 0.1166837 0.1413909 0.1299933 0.1130090 0.1043887 0.1321100 0.1116189 0.1042448 0.0968836 0.1071247 0.1366941 0.1101885 0.1179962 0.1189012 0.1458223 0.1406226 0.1175437 0.1324402 0.1151930 0.1153505 0.1011636 0.1093363 0.0952566 0.1214870 0.1139867 0.0983539 0.1190698 0.0962385 0.1525185 0.1231357 0.0872793 0.1084046 0.1213358 0.0884444 0.0971145 0.1447285 0.0973675 0.0986053 0.0961882 0.1308663 0.1116448 0.1358553 0.1294258 0.0952463 0.1160186 0.1093741 0.1253506 0.1252744 0.0937901 0.1688755 0.0982489 0.1065867 0.0485864 0.0981868 
S0428sl     0.0967708 0.0871831 0.0477965 0.0978522 0.0831644 0.1047901 0.0486122 0.0476148 0.0867900 0.1304811 0.0582275 0.1189430 0.1142435 0.0706881 0.1309638 0.0590438 0.0879676 0.0824415 0.1290899 0.1121542 0.0988616 0.0742863 0.1262418 0.0473337 0.0722773 0.1092997 0.0000000 0.1157715 0.0378898 0.0710822 0.1444056 0.1095517 0.0973394 0.0974183 0.0605251 0.0367950 0.1629628 0.0864075 0.0954628 0.0967323 0.1040745 0.0954628 0.1160567 0.1335530 0.1008714 0.0710822 0.0722773 0.0831644 0.0856919 0.0722773 0.0993842 0.0844146 0.0572000 0.0908151 0.0716068 0.0367950 0.0585862 0.0497942 0.1114978 0.0729357 0.0961935 0.0867725 0.0867725 0.0000010 0.0856919 0.0917760 0.1450221 0.1309512 0.0874084 0.0884267 0.0722773 0.1282459 0.1261695 0.1254510 0.0846530 0.0954628 0.1110042 0.0707667 0.0484499 0.0827806 0.0941673 0.1001432 0.0367950 0.0578436 0.0847413 0.1301982 0.1199795 0.1273752 0.1273423 0.1256051 0.0682734 0.1105736 0.0831644 0.0715985 0.0593523 0.0607923 0.0692115 0.0789255 0.0476148 0.0812774 0.1152178 0.0722773 0.0579334 0.0856919 0.0730482 0.0831644 0.0856919 0.0867725 0.0812103 0.1008714 0.0486122 0.0828690 0.0483367 0.0601549 0.0832976 0.0846551 0.0840015 0.0824900 0.0823287 0.0583839 0.0890795 0.0585862 0.0938806 0.1132844 0.0601355 
S0430       0.1078108 0.1120628 0.1201653 0.1127060 0.1054317 0.0065993 0.1462776 0.1148017 0.1030601 0.1403275 0.1322603 0.0151224 0.1000933 0.1425093 0.0158054 0.1225737 0.1157625 0.1055396 0.1210872 0.1020473 0.1062421 0.1198181 0.1183418 0.1089207 0.1037673 0.1384121 0.1157715 0.0000000 0.1394304 0.1283665 0.1200179 0.0727962 0.0915617 0.1025769 0.1229372 0.1599725 0.1548325 0.1196331 0.0936026 0.1363425 0.0079760 0.1136342 0.0187633 0.1652607 0.0931338 0.1232123 0.1132092 0.1048873 0.1122428 0.1040291 0.1219272 0.1204619 0.1402460 0.0793473 0.1334600 0.1664944 0.1016561 0.1308617 0.0334057 0.1368857 0.1196483 0.1289866 0.1325036 0.1564304 0.1225213 0.1541677 0.0869929 0.0719245 0.1389694 0.1347291 0.1037673 0.1188572 0.1448518 0.0717524 0.1280353 0.1048873 0.1223936 0.1247337 0.1099347 0.1166363 0.1331435 0.0000027 0.1425143 0.1282725 0.0567228 0.0084442 0.0000026 0.1100278 0.0730883 0.1438863 0.1149431 0.1100455 0.1092319 0.0658988 0.1328072 0.1076910 0.1337611 0.1231412 0.1100600 0.1217721 0.1389363 0.1039013 0.1259637 0.1263493 0.0856253 0.1015715 0.1453116 0.1239771 0.1165610 0.1082438 0.1277535 0.0986778 0.1572618 0.1077185 0.1311460 0.1113147 0.1304985 0.1108077 0.1256762 0.1006975 0.1537823 0.1135416 0.1297854 0.1378729 0.0980307 
S0478       0.1177108 0.0753739 0.0666490 0.1121219 0.0949256 0.1435051 0.0817267 0.0780985 0.0956549 0.1259425 0.0956754 0.1498341 0.2090904 0.0817227 0.1557269 0.0731657 0.0788665 0.0809242 0.0912714 0.0993495 0.1139652 0.0908881 0.1163220 0.0528142 0.0710880 0.1130278 0.0378898 0.1394304 0.0000000 0.1201978 0.1210954 0.1734707 0.1159206 0.1106052 0.0860297 0.0610274 0.0953972 0.1017012 0.0953201 0.0913084 0.1347518 0.1070155 0.1668436 0.1009738 0.1012827 0.1069016 0.0754898 0.0944296 0.0785979 0.0712568 0.1224718 0.0766699 0.0554569 0.1763319 0.0784844 0.0534466 0.0828533 0.0699873 0.1317258 0.1320997 0.1026546 0.1109498 0.1147998 0.1540965 0.1099602 0.0982555 0.1950393 0.1451593 0.1026047 0.0988434 0.0710880 0.0940585 0.1241577 0.1731604 0.0984881 0.0944296 0.1233736 0.0859291 0.0690400 0.0611222 0.0740187 0.1349363 0.0429448 0.0882100 0.1274983 0.1481988 0.1465776 0.1076372 0.1748112 0.1092872 0.0769370 0.1033525 0.1068280 0.0750382 0.0989649 0.0867018 0.0726128 0.0773482 0.0711075 0.0926527 0.1527000 0.0711587 0.0801901 0.1137706 0.0524565 0.0942471 0.1291288 0.0925733 0.0836957 0.1117011 0.0848691 0.1200020 0.0628573 0.1109040 0.1082797 0.0977974 0.0703441 0.0810242 0.0994315 0.0910900 0.1310211 0.0752535 0.0958843 0.1071454 0.0810161 
S0552sl     0.1315180 0.1136884 0.0921694 0.1078401 0.1308586 0.1557652 0.1030517 0.0859911 0.1374121 0.1736560 0.1130859 0.1518775 0.2105519 0.1109334 0.1407723 0.0985767 0.0745336 0.0770184 0.1184347 0.1358694 0.1450557 0.1184061 0.1449062 0.0869917 0.1052323 0.1159795 0.0710822 0.1283665 0.1201978 0.0000000 0.1460656 0.1583775 0.1155303 0.1400544 0.1073711 0.1273708 0.1111538 0.1160738 0.1345334 0.1101926 0.1195496 0.1223407 0.1430908 0.1428189 0.1132567 0.0243246 0.1148696 0.1301008 0.1138749 0.1055031 0.0495169 0.1101807 0.0977484 0.1500316 0.0999541 0.1208467 0.0713379 0.1092217 0.1231330 0.0451446 0.0423258 0.0481684 0.0360523 0.1835098 0.1348009 0.1226678 0.1763155 0.1283334 0.0527061 0.0495981 0.1052323 0.0452736 0.0870974 0.1604531 0.0866839 0.1301008 0.1426452 0.1056966 0.0533867 0.0869791 0.1080697 0.1235338 0.1024446 0.1192807 0.1407177 0.1446802 0.1347528 0.1346101 0.1628564 0.0972556 0.0861733 0.1234408 0.1440054 0.0832463 0.0909291 0.1459494 0.1042541 0.0826222 0.0709029 0.1119771 0.1566480 0.1000958 0.1286753 0.1388456 0.0726721 0.1264557 0.1453047 0.0901104 0.0798473 0.1291424 0.1243106 0.1208926 0.1284194 0.1306498 0.1235688 0.0984641 0.0916012 0.1002486 0.0492119 0.0688644 0.1553064 0.0932454 0.0956675 0.1376880 0.0658112 
S0558       0.0928521 0.1135632 0.1351047 0.1123706 0.0836245 0.1451115 0.1495598 0.1437266 0.0894314 0.1151132 0.1304421 0.1381169 0.1540375 0.1495833 0.1345592 0.1447394 0.1300645 0.1351930 0.1097705 0.0885687 0.1102161 0.1584652 0.0913590 0.1300736 0.1051202 0.1213270 0.1444056 0.1200179 0.1210954 0.1460656 0.0000000 0.1359371 0.0912617 0.1113335 0.1471571 0.1475177 0.1442365 0.0935685 0.0877565 0.1422100 0.1082786 0.0694540 0.1329287 0.1666311 0.0739421 0.1307485 0.1147414 0.0840206 0.1137492 0.1053897 0.1310640 0.1275468 0.1151458 0.1420311 0.1322512 0.1533520 0.1230909 0.1511207 0.1050826 0.1574632 0.1496007 0.1491228 0.1392585 0.1342415 0.1305886 0.1658690 0.1690459 0.1083247 0.1317548 0.1339747 0.1051202 0.1321965 0.1548612 0.1331679 0.1510075 0.0914461 0.1053025 0.1352434 0.1084285 0.1165105 0.1387243 0.1202590 0.1245600 0.1654372 0.1127432 0.1242307 0.1165647 0.1041601 0.1407822 0.1612455 0.1415285 0.0996776 0.1034051 0.0668309 0.1602737 0.0864878 0.1314985 0.1455170 0.1265649 0.1442989 0.1209622 0.1052590 0.1388945 0.1345822 0.0834205 0.0912761 0.1521232 0.1381897 0.1298859 0.0865639 0.1500580 0.0965313 0.1520646 0.0979617 0.1095826 0.1482547 0.1346452 0.1094739 0.1463299 0.1218629 0.1586253 0.1303310 0.1454737 0.1149237 0.1120682 
