133
PAFTOL_019361 0.0000000 0.2151576 0.2062529 0.2364813 0.2481938 0.2035221 0.2370471 0.2118244 0.2320642 0.2328681 0.2060508 0.2564087 0.2352808 0.2519195 0.2422640 0.2594891 0.2127261 0.2257646 0.2071025 0.2099741 0.2024616 0.2143392 0.2146810 0.2206066 0.2065616 0.2152082 0.2230021 0.1927610 0.2377098 0.2117531 0.2057796 0.2790523 0.2391523 0.2203503 0.2108718 0.2076340 0.2166431 0.2085477 0.2197330 0.2042906 0.2320076 0.2448288 0.2251016 0.2312051 0.2506521 0.2278958 0.2064659 0.2117026 0.2191817 0.2092412 0.2103148 0.2149327 0.2228039 0.2445717 0.2393099 0.2611712 0.3414810 0.2016530 0.2196587 0.2168701 0.2365398 0.2148926 0.2327048 0.2238574 0.2256831 0.2719180 0.2553075 0.2427695 0.2415896 0.2676845 0.2635158 0.2087242 0.2125956 0.2387074 0.2173708 0.2396357 0.2573978 0.2227859 0.2221503 0.2744786 0.2252018 0.2487603 0.2403245 0.2046773 0.2088925 0.2109776 0.2058572 0.3317451 0.3507084 0.2564255 0.2173656 0.2412403 0.2306230 0.2481558 0.2426244 0.2031296 0.2323958 0.2312714 0.2063181 0.2073165 0.2042801 0.2218066 0.2352406 0.2434262 0.2105676 0.2181983 0.2229032 0.2296040 0.2135866 0.2186674 0.2200290 0.2575604 0.3725993 0.2055590 0.2645100 0.2402018 0.2030848 0.2180130 0.2297360 0.2091808 0.2456407 0.2022830 0.2056172 0.2100120 0.2163787 0.3182582 0.2036073 0.2133155 0.2885766 0.1985187 0.2049542 0.2252837 0.2046157 
S0055         0.2151576 0.0000000 0.0812773 0.0970199 0.0987246 0.0416963 0.1200730 0.0765186 0.0977271 0.0600530 0.0709464 0.1000533 0.1118716 0.1239222 0.0888606 0.1331344 0.0883018 0.1086752 0.0987444 0.0763600 0.0399161 0.0509622 0.0786821 0.0635276 0.0701998 0.0800456 0.0705599 0.0814618 0.1216902 0.0859526 0.0886719 0.0899100 0.1288882 0.0771591 0.0542577 0.0439835 0.0920867 0.0758752 0.0606654 0.0429379 0.0922576 0.1248685 0.1152816 0.0706412 0.1261975 0.0945486 0.0452641 0.1032751 0.0817939 0.0428530 0.0761654 0.0782534 0.0935851 0.0937730 0.0961287 0.1189040 0.1722406 0.0615418 0.0788649 0.0822486 0.1043751 0.0948133 0.1040693 0.1069589 0.1050506 0.1040267 0.1345462 0.1418286 0.1118015 0.1166562 0.1450899 0.0939932 0.0979963 0.1305861 0.0814272 0.1280780 0.1057500 0.0940206 0.0864830 0.1148675 0.0529195 0.1210414 0.1299838 0.0440495 0.0584150 0.0838868 0.0733762 0.1628280 0.1700286 0.1258495 0.0824823 0.0913699 0.0996831 0.1265938 0.1206329 0.0438087 0.1170858 0.1004101 0.0901375 0.0462539 0.0451500 0.0346608 0.1018420 0.0654340 0.0856691 0.0859874 0.0999497 0.0965945 0.0647304 0.0840889 0.0825949 0.1333598 0.1997324 0.0441113 0.1383178 0.0959003 0.0851462 0.0523168 0.0839485 0.0471856 0.1007325 0.0494170 0.0650397 0.0888137 0.1038797 0.1584620 0.0816721 0.0760849 0.1477405 0.0782762 0.0815907 0.0752856 0.0823915 
S0196sl       0.2062529 0.0812773 0.0000000 0.0902275 0.0519776 0.0755323 0.1019142 0.0770631 0.0879261 0.0970194 0.0964327 0.1051891 0.1009328 0.1050070 0.0935530 0.1106027 0.0814055 0.0864420 0.0918915 0.0802500 0.0718493 0.0784120 0.0838467 0.0952966 0.0675968 0.0166816 0.0787551 0.0749977 0.1020509 0.0883261 0.0719007 0.1102906 0.1051600 0.0720380 0.0816148 0.0784217 0.0892027 0.0773319 0.0839529 0.0740092 0.0334013 0.1077784 0.1050512 0.0835904 0.1064818 0.0855446 0.0772042 0.0850999 0.0156821 0.0769131 0.0113569 0.0135853 0.0759610 0.0335900 0.0981959 0.1151939 0.1567236 0.0608868 0.0655086 0.0815269 0.0877579 0.0771580 0.0876706 0.0890848 0.0923638 0.1301730 0.0677942 0.1276635 0.1139372 0.1106193 0.1175673 0.0880998 0.0922391 0.1208993 0.0198641 0.1258474 0.1202513 0.0759897 0.0784637 0.1139830 0.0872319 0.1026930 0.1279871 0.0808935 0.0792297 0.0691465 0.0658694 0.1498591 0.1590013 0.1078325 0.0909211 0.0846216 0.0863702 0.1099508 0.1045824 0.0727544 0.1171811 0.0970691 0.0763713 0.0770208 0.0719514 0.0799523 0.0901822 0.0865246 0.0721600 0.0800646 0.0849257 0.0857846 0.0848718 0.0156518 0.0892269 0.0666393 0.1871550 0.0771351 0.0721057 0.0901058 0.0649183 0.0813023 0.0904219 0.0816129 0.1032840 0.0751028 0.0833785 0.0830401 0.0876082 0.1439620 0.0667440 0.0626539 0.1307424 0.0404077 0.0666062 0.0771582 0.0665288 
S0278         0.2364813 0.0970199 0.0902275 0.0000000 0.1088763 0.0847626 0.1166091 0.0368210 0.0889270 0.1029673 0.0995172 0.0552949 0.1057998 0.1285796 0.0467024 0.1311731 0.0567542 0.1031629 0.1037388 0.0908994 0.0817855 0.0877275 0.0424261 0.0977656 0.0410959 0.0885933 0.0910523 0.0516903 0.1194122 0.0627790 0.0906880 0.1268384 0.1359443 0.0387636 0.0879486 0.0875868 0.0422056 0.0620211 0.1049750 0.0785209 0.0950571 0.1183982 0.1108029 0.0989969 0.1107091 0.1051015 0.0864273 0.0992153 0.0878507 0.0835511 0.0821101 0.0845373 0.0863086 0.0994513 0.0780539 0.1334295 0.1516941 0.0514129 0.0811611 0.0476887 0.1066384 0.0981259 0.0916143 0.1022360 0.0970032 0.1369750 0.1411076 0.1534916 0.1390796 0.1205435 0.1463289 0.1011131 0.1025972 0.1394643 0.0883153 0.1240508 0.1075200 0.0867479 0.0968734 0.1183100 0.1046667 0.1213401 0.1274492 0.0875404 0.1018821 0.0898951 0.0452891 0.1450205 0.1584770 0.1210548 0.0757770 0.0379245 0.1036515 0.1190563 0.1173580 0.0846228 0.1271170 0.1124939 0.0852984 0.0898503 0.0850533 0.0973695 0.1061388 0.1034767 0.0625814 0.0877317 0.0923408 0.0482314 0.1075262 0.0901615 0.0491025 0.1399102 0.1794203 0.0850605 0.1429357 0.1031079 0.0893937 0.0917234 0.0490354 0.0887602 0.0877170 0.0953267 0.1065296 0.1006270 0.1006154 0.1434072 0.0786851 0.0759749 0.1330288 0.0729718 0.0886291 0.0881435 0.0808922 
S0281         0.2481938 0.0987246 0.0519776 0.1088763 0.0000000 0.1018729 0.1170979 0.0987396 0.1130478 0.1219159 0.1195875 0.1173070 0.1135131 0.1312790 0.1121039 0.1278095 0.1020245 0.1145000 0.1101213 0.1010391 0.1003806 0.1037274 0.1031835 0.1096298 0.0918467 0.0546468 0.1012740 0.0996087 0.1193605 0.1083727 0.1037467 0.1157292 0.1296795 0.0969485 0.0965364 0.1036002 0.1127756 0.0961010 0.1051915 0.0959680 0.0437057 0.1175463 0.1278843 0.1077584 0.1177872 0.1221180 0.1021997 0.1032234 0.0560152 0.1033454 0.0509842 0.0516968 0.0968551 0.0473737 0.1119367 0.1303483 0.1784526 0.0834668 0.0932976 0.1013307 0.1068474 0.1034367 0.1025583 0.1090383 0.1093954 0.1462732 0.0685805 0.1490019 0.1519908 0.1184977 0.1176309 0.1066980 0.1077760 0.1474335 0.0592607 0.1497993 0.1365150 0.0905119 0.1099164 0.1212072 0.1093364 0.1226744 0.1533945 0.1075436 0.1013455 0.1007464 0.0898718 0.1652829 0.1766555 0.1172110 0.1035680 0.1072293 0.0987685 0.1210836 0.1176683 0.1034444 0.1279649 0.1224360 0.1062484 0.1030157 0.0992138 0.1049729 0.1183408 0.1098936 0.0908596 0.1084292 0.1178202 0.1099988 0.1040460 0.0571134 0.1035800 0.0674695 0.2045552 0.1006839 0.0739296 0.1134435 0.0982736 0.1055331 0.1002250 0.1079441 0.1122046 0.1027075 0.1087089 0.1107904 0.1117821 0.1657799 0.0960830 0.0877521 0.1539587 0.0779676 0.1002525 0.1012860 0.0929154 
S0282         0.2035221 0.0416963 0.0755323 0.0847626 0.1018729 0.0000000 0.1198903 0.0662654 0.0874623 0.0263863 0.0600061 0.0889984 0.1149345 0.1262136 0.0887584 0.1363032 0.0802880 0.1025205 0.0844503 0.0649766 0.0058276 0.0177394 0.0722880 0.0624825 0.0647788 0.0796093 0.0619082 0.0627897 0.1198495 0.0750258 0.0831637 0.0921111 0.1170762 0.0712339 0.0280577 0.0116717 0.0861785 0.0747977 0.0498396 0.0094244 0.0866346 0.1259796 0.0979480 0.0675597 0.1218221 0.0903424 0.0096814 0.0913216 0.0788407 0.0067439 0.0733011 0.0769019 0.0889449 0.0909228 0.0946527 0.1229318 0.1668511 0.0615488 0.0799194 0.0705710 0.1041537 0.0889745 0.0960830 0.1038495 0.0993240 0.0943324 0.1314274 0.1321818 0.1079730 0.1200889 0.1379245 0.0948864 0.0988818 0.1230855 0.0784897 0.1156387 0.1074508 0.0922363 0.0808351 0.1164446 0.0553907 0.1055165 0.1188213 0.0116671 0.0560727 0.0843597 0.0619100 0.1592354 0.1663538 0.1243527 0.0829981 0.0830603 0.0996918 0.1235049 0.1220801 0.0126556 0.1207621 0.1001610 0.0775310 0.0136416 0.0116736 0.0437121 0.0950860 0.0617045 0.0743685 0.0766195 0.0871074 0.0879232 0.0637236 0.0758691 0.0773580 0.1302467 0.1956856 0.0097154 0.1346260 0.0881581 0.0742269 0.0198311 0.0822682 0.0400536 0.1006087 0.0469036 0.0625906 0.0845597 0.0981366 0.1469043 0.0729060 0.0772492 0.1332984 0.0704637 0.0746907 0.0651504 0.0835151 
S0288         0.2370471 0.1200730 0.1019142 0.1166091 0.1170979 0.1198903 0.0000000 0.1059793 0.1214289 0.1403202 0.1146999 0.1353835 0.0267789 0.0654394 0.1160632 0.0178764 0.1245121 0.1160039 0.1000693 0.1144093 0.1171671 0.1231229 0.1083147 0.1325854 0.1048464 0.1008854 0.1086557 0.1085818 0.0159769 0.1158963 0.1117001 0.1597389 0.0794582 0.1147039 0.1282792 0.1231771 0.1230050 0.1090141 0.1288548 0.1175832 0.1132220 0.0159791 0.1452802 0.1278307 0.0267463 0.1306717 0.1187496 0.1145528 0.1039728 0.1185530 0.0992933 0.1007921 0.1132899 0.1166395 0.1304864 0.0779342 0.1883677 0.0959152 0.0991980 0.1122945 0.0512810 0.1153725 0.1171552 0.1297697 0.1213997 0.1523099 0.1256649 0.1771196 0.1603777 0.0794695 0.0779966 0.1234678 0.1252129 0.1609997 0.1034973 0.1649550 0.1647633 0.1111351 0.1214380 0.0801388 0.1205920 0.1310325 0.1656933 0.1257694 0.1227196 0.1244814 0.1066659 0.1801335 0.1935128 0.0243615 0.1165330 0.1166854 0.0663911 0.0159051 0.0161192 0.1197053 0.0809832 0.1166918 0.1147062 0.1255967 0.1176048 0.1219841 0.1142052 0.1185414 0.1137317 0.1140751 0.1210954 0.1163155 0.1245999 0.1063769 0.1051797 0.1244797 0.2168671 0.1188982 0.1300238 0.1167382 0.1167034 0.1277930 0.1217587 0.1146755 0.1330147 0.1160859 0.1303601 0.1103596 0.1119378 0.1671671 0.1023254 0.0939916 0.1595169 0.1007600 0.1159932 0.1100582 0.0983557 
S0289         0.2118244 0.0765186 0.0770631 0.0368210 0.0987396 0.0662654 0.1059793 0.0000000 0.0828460 0.0852446 0.0853265 0.0576046 0.0966250 0.1146753 0.0404602 0.1142782 0.0456298 0.0969583 0.0928270 0.0768094 0.0646088 0.0677610 0.0293990 0.0797081 0.0240857 0.0734474 0.0768727 0.0369580 0.1057583 0.0430592 0.0762951 0.1099348 0.1215544 0.0264397 0.0725351 0.0664549 0.0379778 0.0472745 0.0850203 0.0606920 0.0818768 0.1047278 0.1030545 0.0855036 0.1044070 0.0943098 0.0677741 0.0937275 0.0726654 0.0651047 0.0672543 0.0719635 0.0800867 0.0847577 0.0653278 0.1162087 0.1387535 0.0380502 0.0699878 0.0348101 0.0879813 0.0822354 0.0810186 0.0925841 0.0863080 0.1244307 0.1200881 0.1426990 0.1175921 0.1046675 0.1420710 0.0873925 0.0888076 0.1283643 0.0732221 0.1204954 0.0835954 0.0775740 0.0824899 0.1065207 0.0888083 0.1133246 0.1223280 0.0712013 0.0874857 0.0782755 0.0301413 0.1292451 0.1327131 0.1102035 0.0580332 0.0351702 0.0926412 0.1110566 0.1065288 0.0661690 0.1140375 0.1042513 0.0768091 0.0710977 0.0664894 0.0730557 0.0955917 0.0888483 0.0528498 0.0768561 0.0812368 0.0463011 0.0906101 0.0721803 0.0330952 0.1173541 0.1621933 0.0677158 0.1265877 0.0923830 0.0791216 0.0765563 0.0380256 0.0723854 0.0718000 0.0837205 0.0891303 0.0923468 0.0910651 0.1270767 0.0676693 0.0674105 0.1274348 0.0644289 0.0755716 0.0742458 0.0772096 
S0292         0.2320642 0.0977271 0.0879261 0.0889270 0.1130478 0.0874623 0.1214289 0.0828460 0.0000000 0.1058766 0.1173073 0.1134209 0.1177808 0.1182910 0.1024873 0.1301653 0.0959632 0.0929984 0.0842722 0.0984102 0.0859284 0.0995666 0.0876810 0.0982784 0.0790070 0.0849770 0.0975510 0.0906766 0.1202344 0.0908154 0.0826691 0.1185443 0.1226022 0.0863228 0.0973347 0.0915136 0.0978508 0.0897183 0.1014962 0.0814741 0.1015829 0.1215793 0.1334385 0.0995666 0.1199542 0.1146672 0.0876329 0.0824989 0.0854586 0.0875018 0.0811350 0.0821448 0.0839439 0.1015777 0.1088903 0.1259456 0.1766222 0.0745550 0.0812459 0.0928263 0.1028964 0.0888420 0.0829036 0.0954059 0.0973862 0.1578728 0.1334657 0.1606921 0.1341878 0.1095373 0.1404436 0.0905101 0.0929215 0.1513726 0.0850754 0.1502789 0.1428714 0.0789885 0.0814242 0.1113917 0.1065252 0.0733501 0.1522456 0.0927284 0.1021386 0.0850882 0.0807414 0.1700844 0.1808634 0.1258071 0.1047583 0.0964316 0.1067143 0.1237963 0.1207283 0.0910903 0.1181059 0.0961744 0.0167157 0.0925976 0.0865725 0.0975256 0.0602078 0.1091127 0.0909621 0.0280715 0.0312160 0.1016650 0.1035554 0.0877652 0.0935178 0.1322867 0.2070237 0.0904030 0.1372040 0.0628843 0.0695896 0.0942829 0.0954271 0.0990266 0.1157313 0.0990638 0.1132154 0.0817997 0.0901895 0.1615633 0.0766065 0.0772147 0.1385455 0.0668669 0.0759868 0.0987840 0.0834831 
S0293         0.2328681 0.0600530 0.0970194 0.1029673 0.1219159 0.0263863 0.1403202 0.0852446 0.1058766 0.0000000 0.0873616 0.1135842 0.1366921 0.1475233 0.1103474 0.1501444 0.0991086 0.1273695 0.1133563 0.0819024 0.0231547 0.0377983 0.0921445 0.0805798 0.0850571 0.0939644 0.0784764 0.0892121 0.1402770 0.0980042 0.1053985 0.1138027 0.1405266 0.0902037 0.0472675 0.0308847 0.1090508 0.0942292 0.0680843 0.0289536 0.1020504 0.1459892 0.1195907 0.0854099 0.1424762 0.0987026 0.0298512 0.1162447 0.0972758 0.0275179 0.0910304 0.0921320 0.1074088 0.1055615 0.1167220 0.1422191 0.1874023 0.0813502 0.1029737 0.0942622 0.1257907 0.1145742 0.1197452 0.1286570 0.1205252 0.1213226 0.1511045 0.1517932 0.1273916 0.1393339 0.1543166 0.1159924 0.1219617 0.1430137 0.0968158 0.1304758 0.1431799 0.1125346 0.0986120 0.1367586 0.0781811 0.1269310 0.1340116 0.0308699 0.0761191 0.1069182 0.0842585 0.1800160 0.1897976 0.1474082 0.1075728 0.1023986 0.1195066 0.1473245 0.1458047 0.0307966 0.1434748 0.1199224 0.0988898 0.0308684 0.0319982 0.0609568 0.1156874 0.0853757 0.0928940 0.0963428 0.1081574 0.1064497 0.0817864 0.0952665 0.1006974 0.1498371 0.2191093 0.0287194 0.1555553 0.1110629 0.0965996 0.0390763 0.1062801 0.0592644 0.1220626 0.0668866 0.0820507 0.1086272 0.1179478 0.1692548 0.0950587 0.0985809 0.1586135 0.0853248 0.0958418 0.0877524 0.1042154 
S0294         0.2060508 0.0709464 0.0964327 0.0995172 0.1195875 0.0600061 0.1146999 0.0853265 0.1173073 0.0873616 0.0000000 0.1108078 0.1066651 0.1214439 0.1108019 0.1290311 0.0982646 0.1174076 0.1042185 0.0895222 0.0632392 0.0663318 0.0805486 0.0867499 0.0813709 0.1004295 0.0768389 0.0839548 0.1201717 0.0934241 0.1022463 0.1200851 0.1217973 0.0890756 0.0671275 0.0675179 0.1035470 0.0860267 0.0822671 0.0604095 0.1059726 0.1207928 0.1181688 0.0948154 0.1160464 0.1139336 0.0635651 0.1157896 0.1048926 0.0661587 0.0987917 0.0986485 0.1085884 0.1091027 0.1077271 0.1231691 0.1868932 0.0792386 0.1031657 0.0932653 0.1094368 0.1071111 0.1085051 0.1127532 0.1192509 0.0715678 0.1452059 0.1490961 0.1285435 0.1208781 0.1405793 0.1104589 0.1119814 0.1410048 0.1044197 0.1346206 0.1316883 0.1036357 0.1086126 0.1172317 0.0689731 0.1312190 0.1337947 0.0698042 0.0665405 0.1007893 0.0780955 0.1785355 0.1894529 0.1185508 0.0932437 0.1031652 0.1038664 0.1183007 0.1165935 0.0648026 0.1135807 0.1117305 0.1081012 0.0721572 0.0650963 0.0820909 0.1139873 0.0757294 0.0864198 0.1058012 0.1196685 0.1003274 0.0720408 0.1045544 0.0875903 0.1440068 0.2149914 0.0675758 0.1525983 0.1109039 0.0992312 0.0750312 0.0996617 0.0567461 0.1082005 0.0589088 0.0853721 0.1064467 0.1119338 0.1559926 0.0927058 0.0949851 0.1497807 0.0914936 0.0984935 0.0764990 0.0978526 
S0299         0.2564087 0.1000533 0.1051891 0.0552949 0.1173070 0.0889984 0.1353835 0.0576046 0.1134209 0.1135842 0.1108078 0.0000000 0.1237499 0.1392707 0.0634353 0.1473893 0.0741054 0.1247711 0.1282003 0.1003164 0.0887500 0.0933108 0.0611262 0.1120876 0.0586647 0.1022279 0.1007333 0.0724651 0.1351429 0.0816656 0.1055681 0.1358602 0.1595733 0.0561657 0.0918500 0.0944445 0.0644550 0.0802343 0.1167081 0.0872855 0.1121852 0.1419927 0.1231240 0.1137633 0.1372704 0.1123849 0.0919868 0.1218124 0.1030487 0.0890386 0.0969507 0.1007193 0.1101485 0.1167008 0.0999150 0.1504627 0.1740708 0.0679174 0.0960085 0.0664732 0.1187882 0.1134942 0.1074187 0.1229260 0.1171409 0.1551682 0.1506409 0.1626573 0.1475342 0.1364008 0.1513488 0.1227763 0.1258678 0.1397682 0.1034215 0.1349283 0.1231070 0.1040941 0.1176972 0.1381729 0.1092915 0.1384163 0.1382873 0.0955852 0.1063179 0.1065182 0.0595192 0.1645849 0.1701154 0.1429695 0.0975315 0.0591223 0.1348139 0.1421107 0.1390844 0.0929965 0.1477765 0.1307115 0.1024477 0.0954507 0.0932745 0.1044867 0.1234654 0.1076987 0.0873037 0.1048056 0.1111834 0.0664106 0.1092920 0.1010369 0.0638566 0.1477078 0.1995520 0.0919003 0.1578087 0.1139149 0.1097792 0.0973870 0.0611398 0.0957058 0.1105559 0.1054374 0.1156038 0.1192974 0.1233565 0.1621897 0.0975570 0.0958128 0.1311583 0.0988061 0.1090600 0.0963351 0.0999297 
S0303         0.2352808 0.1118716 0.1009328 0.1057998 0.1135131 0.1149345 0.0267789 0.0966250 0.1177808 0.1366921 0.1066651 0.1237499 0.0000000 0.0592064 0.1095071 0.0388791 0.1098406 0.1130815 0.0991851 0.1070249 0.1121778 0.1179905 0.0989378 0.1221400 0.0928522 0.0931103 0.1001612 0.0984384 0.0192270 0.1083165 0.1051926 0.1501270 0.0739908 0.1053879 0.1156211 0.1168142 0.1116484 0.0983816 0.1208981 0.1121998 0.1110316 0.0300082 0.1365795 0.1180823 0.0202147 0.1210164 0.1137921 0.1153670 0.0960208 0.1136041 0.0914668 0.0939695 0.1067303 0.1132164 0.1213804 0.0767381 0.1861200 0.0854956 0.0920613 0.1046458 0.0497791 0.1116482 0.1092387 0.1245083 0.1119674 0.1484094 0.1254179 0.1742085 0.1529885 0.0780752 0.0813763 0.1114139 0.1129682 0.1488494 0.0968022 0.1511233 0.1386903 0.1032843 0.1215410 0.0748398 0.1086134 0.1232642 0.1517979 0.1207675 0.1143694 0.1206956 0.0986953 0.1816390 0.1911347 0.0211894 0.1054609 0.1069799 0.0611803 0.0202093 0.0161743 0.1176415 0.0769373 0.1138679 0.1094172 0.1192987 0.1153639 0.1121496 0.1100797 0.1085561 0.1023774 0.1117658 0.1188748 0.1142864 0.1161911 0.0983978 0.0983078 0.1242235 0.2144512 0.1154014 0.1312624 0.1115930 0.1085526 0.1194673 0.1121376 0.1007081 0.1164433 0.1050536 0.1185687 0.1032199 0.1078533 0.1717324 0.0928669 0.0897723 0.1561662 0.0981062 0.1078220 0.1041889 0.0913980 
S0308         0.2519195 0.1239222 0.1050070 0.1285796 0.1312790 0.1262136 0.0654394 0.1146753 0.1182910 0.1475233 0.1214439 0.1392707 0.0592064 0.0000000 0.1259688 0.0765822 0.1326564 0.1360452 0.0991529 0.1228789 0.1220396 0.1299737 0.1169529 0.1343383 0.1171300 0.1065109 0.1110510 0.1185287 0.0625088 0.1281484 0.1092751 0.1525171 0.0680543 0.1186844 0.1247480 0.1295821 0.1311120 0.1142910 0.1296263 0.1226464 0.1214997 0.0720134 0.1605562 0.1388742 0.0629329 0.1160451 0.1213224 0.1155053 0.1053861 0.1248542 0.1037024 0.0991727 0.1140357 0.1188963 0.1316537 0.0777876 0.2097988 0.0958618 0.1107396 0.1148868 0.0663781 0.1202059 0.1199322 0.1284401 0.1220150 0.1772877 0.1299419 0.1847716 0.1701379 0.0794093 0.0905969 0.1171342 0.1180607 0.1656310 0.1092208 0.1715292 0.1649313 0.1111384 0.1335929 0.0746065 0.1197479 0.1349960 0.1742140 0.1322105 0.1259670 0.1302455 0.1224288 0.2003500 0.2109194 0.0716544 0.1189288 0.1243838 0.0653250 0.0675195 0.0617793 0.1227438 0.0740589 0.1170567 0.1103490 0.1320299 0.1253695 0.1152586 0.1138439 0.1241752 0.1190947 0.1120353 0.1175305 0.1315382 0.1245828 0.1094650 0.1165933 0.1287528 0.2367417 0.1280131 0.1388151 0.1214436 0.1273029 0.1311950 0.1329883 0.1215280 0.1295091 0.1210558 0.1315565 0.1090011 0.1227753 0.1905657 0.1059545 0.1111540 0.1720728 0.1076841 0.1295365 0.1117522 0.1107699 
S0320         0.2422640 0.0888606 0.0935530 0.0467024 0.1121039 0.0887584 0.1160632 0.0404602 0.1024873 0.1103474 0.1108019 0.0634353 0.1095071 0.1259688 0.0000000 0.1302113 0.0537433 0.1127565 0.1067570 0.0843741 0.0857785 0.0891644 0.0438325 0.1044765 0.0369487 0.0902859 0.0857673 0.0469142 0.1205922 0.0644275 0.0987383 0.1338910 0.1440595 0.0402806 0.0932098 0.0876955 0.0481686 0.0639838 0.1023677 0.0842365 0.1028577 0.1221706 0.1249923 0.1050160 0.1195901 0.1020866 0.0917203 0.1096591 0.0895445 0.0875339 0.0837475 0.0876411 0.0956109 0.1044440 0.0827594 0.1289044 0.1568136 0.0494709 0.0790781 0.0420375 0.1007306 0.0999724 0.0996615 0.1132973 0.1059726 0.1419537 0.1312981 0.1537601 0.1364944 0.1132730 0.1496298 0.1122783 0.1138143 0.1470574 0.0887366 0.1376026 0.1052712 0.0998684 0.0980685 0.1136961 0.1060568 0.1333744 0.1410110 0.0940421 0.1034747 0.0963586 0.0422385 0.1483385 0.1525862 0.1189729 0.0754568 0.0427057 0.1096857 0.1244137 0.1197761 0.0886113 0.1255439 0.1153709 0.0974673 0.0939097 0.0904314 0.0920577 0.1163069 0.1050891 0.0685445 0.0908985 0.0993730 0.0485308 0.1064196 0.0918704 0.0458334 0.1301080 0.1851801 0.0851950 0.1316509 0.1116461 0.0988047 0.0971881 0.0458698 0.0913895 0.0860608 0.0978939 0.1039368 0.1103375 0.1104901 0.1445154 0.0853389 0.0789219 0.1369250 0.0795201 0.0964856 0.0871297 0.0890970 
S0322         0.2594891 0.1331344 0.1106027 0.1311731 0.1278095 0.1363032 0.0178764 0.1142782 0.1301653 0.1501444 0.1290311 0.1473893 0.0388791 0.0765822 0.1302113 0.0000000 0.1390502 0.1244450 0.1143386 0.1325070 0.1336427 0.1382037 0.1223462 0.1400054 0.1173963 0.1119131 0.1221765 0.1230366 0.0329465 0.1320856 0.1230133 0.1709256 0.0880857 0.1283316 0.1416793 0.1367652 0.1331882 0.1217476 0.1391844 0.1301961 0.1313331 0.0159536 0.1577070 0.1352922 0.0398995 0.1440912 0.1351468 0.1254338 0.1149983 0.1349176 0.1101375 0.1104713 0.1245555 0.1317240 0.1439083 0.0910644 0.1968406 0.1070370 0.1128130 0.1266022 0.0630100 0.1296736 0.1286110 0.1415531 0.1359415 0.1645017 0.1407961 0.1920568 0.1765404 0.0872253 0.0954109 0.1370094 0.1386710 0.1660223 0.1144707 0.1762668 0.1756465 0.1204436 0.1345414 0.0878544 0.1338275 0.1398941 0.1770570 0.1424494 0.1358427 0.1361469 0.1177610 0.1922590 0.1983701 0.0362394 0.1295493 0.1308867 0.0761005 0.0349949 0.0331974 0.1331149 0.0955113 0.1291613 0.1230695 0.1422576 0.1310755 0.1321640 0.1255610 0.1303224 0.1273866 0.1239402 0.1295404 0.1308405 0.1318525 0.1174439 0.1167969 0.1395917 0.2257733 0.1353165 0.1468165 0.1282520 0.1279993 0.1418173 0.1363439 0.1261608 0.1445644 0.1290338 0.1421909 0.1258070 0.1190803 0.1800339 0.1164362 0.1046869 0.1788741 0.1102284 0.1273177 0.1265643 0.1119920 
S0327         0.2127261 0.0883018 0.0814055 0.0567542 0.1020245 0.0802880 0.1245121 0.0456298 0.0959632 0.0991086 0.0982646 0.0741054 0.1098406 0.1326564 0.0537433 0.1390502 0.0000000 0.1067079 0.0985098 0.0872088 0.0787244 0.0843433 0.0433880 0.0951133 0.0332716 0.0764880 0.0888566 0.0293373 0.1232498 0.0470228 0.0880757 0.1258187 0.1351457 0.0481819 0.0857992 0.0854494 0.0535618 0.0502039 0.0981963 0.0767533 0.0849223 0.1265125 0.1187120 0.0937924 0.1162030 0.1061733 0.0819024 0.1065583 0.0781842 0.0816062 0.0726968 0.0761865 0.0943903 0.0864366 0.0703197 0.1396661 0.1444526 0.0420192 0.0776283 0.0478446 0.1061319 0.0917154 0.0927963 0.1020232 0.0999464 0.1314300 0.1321829 0.1413978 0.1167624 0.1261807 0.1558120 0.0986824 0.1001419 0.1401365 0.0787035 0.1304598 0.0882425 0.0879649 0.0868385 0.1265161 0.0965573 0.1233837 0.1337450 0.0841692 0.0954900 0.0901605 0.0384439 0.1362323 0.1428341 0.1233376 0.0621694 0.0575226 0.1044529 0.1241637 0.1224105 0.0825397 0.1297006 0.1082748 0.0897052 0.0816637 0.0830407 0.0857992 0.1092370 0.0996434 0.0522768 0.0846131 0.0927791 0.0550608 0.1063306 0.0791593 0.0477288 0.1310060 0.1667770 0.0793123 0.1388965 0.1033152 0.0824100 0.0909922 0.0510625 0.0850533 0.0689033 0.0929008 0.0995484 0.0973242 0.0986082 0.1328467 0.0777784 0.0774778 0.1281934 0.0731797 0.0816341 0.0818349 0.0823917 
S0335         0.2257646 0.1086752 0.0864420 0.1031629 0.1145000 0.1025205 0.1160039 0.0969583 0.0929984 0.1273695 0.1174076 0.1247711 0.1130815 0.1360452 0.1127565 0.1244450 0.1067079 0.0000000 0.0753289 0.1168318 0.1024697 0.1080949 0.0963874 0.0998673 0.0883147 0.0863862 0.1072329 0.1057585 0.1133577 0.1127098 0.0947670 0.1358478 0.1342935 0.1002091 0.1109279 0.1041478 0.1030503 0.1037857 0.1158901 0.1015049 0.1035618 0.1199864 0.1299785 0.1056056 0.1142251 0.1247702 0.1014031 0.1055626 0.0868174 0.1026345 0.0812983 0.0849901 0.0943119 0.1049556 0.1181712 0.1474708 0.1956821 0.0847437 0.0870375 0.1118173 0.1072564 0.1023360 0.1012571 0.1105309 0.1081490 0.1480536 0.1183841 0.1502871 0.1546737 0.1301537 0.1361104 0.1029062 0.1058251 0.1470940 0.0876785 0.1518916 0.1418711 0.0920581 0.0745451 0.1276389 0.1128152 0.1093125 0.1554292 0.1076391 0.1050889 0.0919020 0.0881193 0.1868584 0.1985616 0.1185163 0.1137893 0.1040451 0.1101019 0.1151726 0.1134726 0.1050560 0.1379599 0.0820747 0.0818179 0.1093056 0.1016329 0.1069477 0.0994840 0.1164483 0.1023118 0.0802357 0.0903502 0.1138143 0.1064988 0.0879417 0.1058177 0.1172284 0.2262985 0.1039465 0.1185896 0.0953248 0.0559607 0.1125763 0.1087012 0.1133220 0.1194084 0.1074605 0.1172737 0.0643468 0.0454013 0.1657596 0.0826689 0.0792601 0.1411679 0.0781203 0.0574622 0.1136480 0.0869900 
S0345         0.2071025 0.0987444 0.0918915 0.1037388 0.1101213 0.0844503 0.1000693 0.0928270 0.0842722 0.1133563 0.1042185 0.1282003 0.0991851 0.0991529 0.1067570 0.1143386 0.0985098 0.0753289 0.0000000 0.0939263 0.0831591 0.0983261 0.0890779 0.0947274 0.0858553 0.0967781 0.0847742 0.0927290 0.1047061 0.0979696 0.0755143 0.1211039 0.1012785 0.0981631 0.0940322 0.0890216 0.1007642 0.0911975 0.1074034 0.0892745 0.1101103 0.1125871 0.1269485 0.1069624 0.1053143 0.1270171 0.0859041 0.0812805 0.0959079 0.0890709 0.0905360 0.0929975 0.0883049 0.1091396 0.1112947 0.1260626 0.1950203 0.0745952 0.0919335 0.1010873 0.0937218 0.0862414 0.0843957 0.0887381 0.0829373 0.1596396 0.1241073 0.1593510 0.1580346 0.1232779 0.1184136 0.0883602 0.0890310 0.1479620 0.0920008 0.1474373 0.1431693 0.0806577 0.0586294 0.1165981 0.0898282 0.1068812 0.1500856 0.0905385 0.0943690 0.0913898 0.0840624 0.1881167 0.2020918 0.1102846 0.0994352 0.1087655 0.0879419 0.1074403 0.1076048 0.0885527 0.1193672 0.0363265 0.0731021 0.0889564 0.0802428 0.0909165 0.0900508 0.1020373 0.0957662 0.0774696 0.0858819 0.1044852 0.0958453 0.0954120 0.0959237 0.1227211 0.2381759 0.0874763 0.1229745 0.0869531 0.0572828 0.0956535 0.1041159 0.0986354 0.0988349 0.0968359 0.1157154 0.0352209 0.0537295 0.1571332 0.0740621 0.0885525 0.1326966 0.0691089 0.0603429 0.0911880 0.0882173 
S0376         0.2099741 0.0763600 0.0802500 0.0908994 0.1010391 0.0649766 0.1144093 0.0768094 0.0984102 0.0819024 0.0895222 0.1003164 0.1070249 0.1228789 0.0843741 0.1325070 0.0872088 0.1168318 0.0939263 0.0000000 0.0608411 0.0762427 0.0818174 0.0985393 0.0713400 0.0864394 0.0368962 0.0717887 0.1184710 0.0864768 0.0973449 0.1270215 0.1185603 0.0730953 0.0690573 0.0699273 0.0938886 0.0827341 0.0874437 0.0576837 0.0930462 0.1245207 0.1186978 0.0970224 0.1127721 0.1030387 0.0689075 0.1060485 0.0843668 0.0638207 0.0786843 0.0824755 0.0881422 0.0959474 0.1018745 0.1146511 0.1701940 0.0653596 0.0903465 0.0780282 0.0966755 0.0974002 0.0997993 0.1051631 0.1121727 0.1206619 0.1173795 0.1553079 0.1297355 0.1157704 0.1331864 0.1016933 0.1057587 0.1410911 0.0839886 0.1460182 0.1236457 0.0880379 0.0956378 0.1148238 0.0805087 0.1144569 0.1466673 0.0675041 0.0777414 0.0980018 0.0697300 0.1658833 0.1749079 0.1169156 0.0922345 0.0852093 0.0938285 0.1164237 0.1146990 0.0671840 0.1123975 0.1085768 0.0908573 0.0674054 0.0627447 0.0776082 0.1010246 0.0865813 0.0761732 0.0894145 0.0978443 0.0858146 0.0846266 0.0866710 0.0857837 0.1162134 0.2030483 0.0652231 0.1195407 0.0962967 0.0937014 0.0753322 0.0907171 0.0722180 0.1049446 0.0735099 0.0836818 0.0922916 0.1015810 0.1517368 0.0896430 0.0838085 0.1332048 0.0816914 0.0942905 0.0434361 0.0901067 
S0400         0.2024616 0.0399161 0.0718493 0.0817855 0.1003806 0.0058276 0.1171671 0.0646088 0.0859284 0.0231547 0.0632392 0.0887500 0.1121778 0.1220396 0.0857785 0.1336427 0.0787244 0.1024697 0.0831591 0.0608411 0.0000000 0.0158822 0.0706668 0.0620345 0.0631201 0.0780327 0.0589210 0.0603520 0.1185705 0.0733128 0.0828850 0.0917837 0.1129141 0.0681004 0.0274111 0.0097953 0.0859605 0.0731897 0.0506022 0.0062646 0.0850479 0.1232738 0.0977333 0.0674060 0.1190983 0.0875287 0.0088243 0.0902325 0.0772514 0.0068169 0.0716900 0.0752905 0.0859599 0.0893589 0.0931544 0.1187311 0.1643669 0.0598329 0.0796383 0.0667958 0.1014075 0.0900687 0.0972794 0.1024117 0.0978474 0.0963067 0.1301604 0.1311071 0.1065465 0.1173372 0.1336504 0.0933685 0.0973898 0.1204582 0.0769042 0.1148063 0.1113926 0.0907203 0.0805644 0.1136953 0.0574529 0.1054272 0.1180259 0.0097914 0.0569254 0.0841245 0.0602465 0.1581501 0.1653240 0.1233248 0.0838704 0.0800585 0.0955043 0.1208071 0.1193516 0.0107843 0.1179691 0.0985495 0.0772023 0.0117757 0.0108004 0.0408215 0.0936011 0.0639087 0.0750059 0.0763088 0.0868722 0.0836817 0.0632872 0.0742705 0.0736976 0.1289690 0.1948921 0.0078273 0.1341115 0.0866187 0.0738927 0.0179774 0.0820113 0.0382869 0.0991409 0.0451629 0.0597466 0.0843235 0.0967535 0.1441590 0.0712769 0.0769428 0.1335859 0.0689045 0.0743596 0.0634858 0.0832701 
S0405         0.2143392 0.0509622 0.0784120 0.0877275 0.1037274 0.0177394 0.1231229 0.0677610 0.0995666 0.0377983 0.0663318 0.0933108 0.1179905 0.1299737 0.0891644 0.1382037 0.0843433 0.1080949 0.0983261 0.0762427 0.0158822 0.0000000 0.0736171 0.0712919 0.0662796 0.0799771 0.0694400 0.0658667 0.1259909 0.0800484 0.0899109 0.0935601 0.1262934 0.0754639 0.0368594 0.0177856 0.0878941 0.0788063 0.0597035 0.0191885 0.0857170 0.1307615 0.1067441 0.0757380 0.1265453 0.0936336 0.0198535 0.1001475 0.0816106 0.0187743 0.0759981 0.0784409 0.0945825 0.0913604 0.0976069 0.1324044 0.1794119 0.0642067 0.0892776 0.0736288 0.1129031 0.0984710 0.1058372 0.1110270 0.1050391 0.0976122 0.1305404 0.1447570 0.1169897 0.1250452 0.1415260 0.1016066 0.1056703 0.1311172 0.0812459 0.1266202 0.1161319 0.1004947 0.0913827 0.1227643 0.0666867 0.1145088 0.1299315 0.0218574 0.0683863 0.0896157 0.0621826 0.1713018 0.1752825 0.1308095 0.0896115 0.0805863 0.1084902 0.1282188 0.1268185 0.0187897 0.1318420 0.1082821 0.0906102 0.0238978 0.0208780 0.0530002 0.1049096 0.0733380 0.0815819 0.0895514 0.0991302 0.0909418 0.0749858 0.0785942 0.0802172 0.1293569 0.2091209 0.0198561 0.1385793 0.0978438 0.0829643 0.0271055 0.0865198 0.0468851 0.1050467 0.0562608 0.0665096 0.0897364 0.1007693 0.1534371 0.0768819 0.0839367 0.1399843 0.0806132 0.0834834 0.0692377 0.0916201 
S0407sl       0.2146810 0.0786821 0.0838467 0.0424261 0.1031835 0.0722880 0.1083147 0.0293990 0.0876810 0.0921445 0.0805486 0.0611262 0.0989378 0.1169529 0.0438325 0.1223462 0.0433880 0.0963874 0.0890779 0.0818174 0.0706668 0.0736171 0.0000000 0.0887236 0.0293511 0.0795527 0.0796273 0.0356890 0.1081146 0.0497178 0.0813163 0.1188062 0.1251404 0.0355672 0.0773917 0.0749818 0.0481331 0.0505687 0.0928990 0.0683927 0.0884044 0.1098409 0.1068722 0.0907166 0.1041456 0.0996695 0.0724283 0.0980020 0.0801873 0.0711112 0.0746130 0.0779327 0.0864354 0.0884212 0.0687924 0.1244010 0.1476945 0.0426078 0.0720873 0.0371700 0.0919719 0.0835102 0.0819524 0.0938636 0.0904393 0.1248945 0.1305008 0.1437271 0.1182045 0.1105070 0.1424378 0.0943570 0.0958087 0.1337752 0.0806985 0.1256252 0.1005581 0.0813252 0.0810218 0.1137512 0.0897372 0.1185306 0.1288807 0.0773124 0.0870889 0.0831479 0.0333507 0.1406453 0.1473796 0.1083993 0.0614330 0.0475584 0.0952346 0.1106020 0.1088758 0.0721698 0.1211925 0.1079009 0.0815948 0.0772010 0.0738255 0.0815025 0.1005526 0.0917447 0.0543343 0.0800007 0.0860387 0.0450481 0.0899381 0.0824677 0.0174611 0.1293171 0.1749189 0.0713046 0.1372295 0.0973405 0.0786694 0.0813102 0.0391370 0.0772841 0.0729035 0.0913758 0.0901255 0.0920049 0.0960150 0.1290828 0.0675260 0.0697317 0.1249781 0.0642943 0.0778849 0.0779738 0.0783250 
S0412sl       0.2206066 0.0635276 0.0952966 0.0977656 0.1096298 0.0624825 0.1325854 0.0797081 0.0982784 0.0805798 0.0867499 0.1120876 0.1221400 0.1343383 0.1044765 0.1400054 0.0951133 0.0998673 0.0947274 0.0985393 0.0620345 0.0712919 0.0887236 0.0000000 0.0816913 0.0919502 0.0938612 0.0878349 0.1341187 0.0904250 0.0937249 0.0961640 0.1268403 0.0889120 0.0734035 0.0638910 0.1045099 0.0894676 0.0706051 0.0616333 0.1005680 0.1313359 0.1208787 0.0448354 0.1289605 0.1077516 0.0637686 0.1096513 0.0949507 0.0649560 0.0917955 0.0930185 0.0985529 0.1035241 0.1036589 0.1317993 0.1822904 0.0693363 0.0865936 0.0971728 0.1124291 0.1063530 0.1073269 0.1146743 0.1168335 0.1332331 0.1491372 0.1598210 0.1286053 0.1222544 0.1396802 0.0979174 0.0993966 0.1460377 0.0958777 0.1356592 0.1321937 0.1030545 0.0913291 0.1213977 0.0749667 0.1130392 0.1376193 0.0671038 0.0885212 0.0909148 0.0802424 0.1740857 0.1849150 0.1334236 0.0988012 0.1040622 0.1093342 0.1345819 0.1315171 0.0623890 0.1229227 0.0984983 0.0881158 0.0709355 0.0603849 0.0657516 0.1065327 0.0777278 0.0871602 0.0894780 0.0993569 0.1037992 0.0885947 0.0960011 0.0958542 0.1464047 0.2121266 0.0663651 0.1514843 0.1019671 0.0886496 0.0700533 0.0950404 0.0734317 0.1143600 0.0779996 0.0886289 0.0889545 0.0941695 0.1760987 0.0870702 0.0813027 0.1514889 0.0806215 0.0878797 0.0897131 0.0798940 
S0417         0.2065616 0.0701998 0.0675968 0.0410959 0.0918467 0.0647788 0.1048464 0.0240857 0.0790070 0.0850571 0.0813709 0.0586647 0.0928522 0.1171300 0.0369487 0.1173963 0.0332716 0.0883147 0.0858553 0.0713400 0.0631201 0.0662796 0.0293511 0.0816913 0.0000000 0.0669936 0.0716862 0.0234501 0.1048678 0.0395563 0.0736636 0.1035174 0.1256032 0.0275305 0.0689135 0.0673630 0.0389575 0.0448447 0.0794131 0.0589142 0.0764736 0.1063621 0.0999905 0.0812074 0.1047069 0.0911342 0.0662696 0.0877316 0.0661976 0.0648047 0.0609477 0.0642091 0.0761523 0.0779028 0.0601313 0.1163734 0.1408874 0.0343885 0.0624181 0.0287230 0.0908203 0.0758330 0.0772176 0.0873806 0.0838464 0.1143430 0.1165903 0.1322351 0.1124519 0.1079092 0.1415922 0.0838322 0.0862933 0.1233279 0.0667906 0.1230875 0.0835310 0.0725241 0.0709835 0.1083660 0.0782980 0.1029223 0.1263247 0.0696744 0.0811175 0.0728671 0.0216881 0.1312545 0.1362807 0.1103337 0.0542880 0.0372468 0.0969779 0.1085865 0.1040576 0.0658563 0.1142046 0.0974079 0.0718699 0.0695731 0.0662519 0.0677638 0.0908676 0.0796804 0.0478532 0.0672458 0.0777317 0.0382408 0.0850947 0.0684129 0.0308242 0.1154300 0.1645273 0.0637974 0.1229924 0.0826934 0.0712775 0.0749800 0.0334902 0.0672137 0.0654967 0.0770619 0.0822902 0.0866445 0.0883654 0.1276447 0.0638977 0.0611094 0.1225296 0.0594131 0.0704996 0.0663263 0.0659686 
S0419         0.2152082 0.0800456 0.0166816 0.0885933 0.0546468 0.0796093 0.1008854 0.0734474 0.0849770 0.0939644 0.1004295 0.1022279 0.0931103 0.1065109 0.0902859 0.1119131 0.0764880 0.0863862 0.0967781 0.0864394 0.0780327 0.0799771 0.0795527 0.0919502 0.0669936 0.0000000 0.0852824 0.0738305 0.0986006 0.0851359 0.0736358 0.1072450 0.1119233 0.0700881 0.0903990 0.0823853 0.0860125 0.0785081 0.0825749 0.0754190 0.0325625 0.1010979 0.1075414 0.0798815 0.1007885 0.0882213 0.0812247 0.0890145 0.0087404 0.0784134 0.0047990 0.0058342 0.0799181 0.0326357 0.0969400 0.1240292 0.1584131 0.0642660 0.0602401 0.0828472 0.0882024 0.0796519 0.0872313 0.0923030 0.0955765 0.1216040 0.0671212 0.1360379 0.1121520 0.1127550 0.1140830 0.0890170 0.0929350 0.1149831 0.0126258 0.1197668 0.1182253 0.0799226 0.0744823 0.1145191 0.0918815 0.0961409 0.1213777 0.0847402 0.0831874 0.0699371 0.0665912 0.1498733 0.1599977 0.1020463 0.0900963 0.0844646 0.0913505 0.1017249 0.0986940 0.0794897 0.1194015 0.0965029 0.0764994 0.0822160 0.0761989 0.0823415 0.0857555 0.0939809 0.0705089 0.0762128 0.0859638 0.0868493 0.0847407 0.0097124 0.0832034 0.0660333 0.1848646 0.0811555 0.0723388 0.0827659 0.0644741 0.0851460 0.0860689 0.0842567 0.1003960 0.0779528 0.0818726 0.0829722 0.0924464 0.1437923 0.0673813 0.0589579 0.1334939 0.0468058 0.0660635 0.0824974 0.0673156 
S0427         0.2230021 0.0705599 0.0787551 0.0910523 0.1012740 0.0619082 0.1086557 0.0768727 0.0975510 0.0784764 0.0768389 0.1007333 0.1001612 0.1110510 0.0857673 0.1221765 0.0888566 0.1072329 0.0847742 0.0368962 0.0589210 0.0694400 0.0796273 0.0938612 0.0716862 0.0852824 0.0000000 0.0744749 0.1127223 0.0880031 0.0893528 0.1173828 0.1077698 0.0788759 0.0730028 0.0644052 0.0951628 0.0803811 0.0802220 0.0542999 0.0942455 0.1190671 0.1197060 0.0936150 0.1043705 0.0910642 0.0632051 0.1002379 0.0832084 0.0631642 0.0775431 0.0800257 0.0905404 0.0973295 0.0979429 0.1055762 0.1611982 0.0668644 0.0868221 0.0865439 0.0956622 0.0959623 0.0971110 0.0981175 0.1046892 0.1122700 0.1217183 0.1451731 0.1174456 0.1030357 0.1288338 0.0958008 0.0997899 0.1404347 0.0828351 0.1386606 0.1158950 0.0876537 0.0881794 0.0996464 0.0659223 0.1176370 0.1392766 0.0644266 0.0667293 0.0943483 0.0675915 0.1556491 0.1626886 0.1083788 0.0910401 0.0852044 0.0907140 0.1093223 0.1090671 0.0617088 0.0993352 0.1004144 0.0912996 0.0643312 0.0607905 0.0730169 0.1009293 0.0738768 0.0696399 0.0885510 0.1011510 0.0876384 0.0731395 0.0855112 0.0859497 0.1205462 0.1916647 0.0645725 0.1239256 0.0979626 0.0888988 0.0731770 0.0886610 0.0653022 0.1009897 0.0614654 0.0764953 0.0897387 0.0971885 0.1450169 0.0872690 0.0777948 0.1277755 0.0743580 0.0894595 0.0379922 0.0854974 
S0428sl       0.1927610 0.0814618 0.0749977 0.0516903 0.0996087 0.0627897 0.1085818 0.0369580 0.0906766 0.0892121 0.0839548 0.0724651 0.0984384 0.1185287 0.0469142 0.1230366 0.0293373 0.1057585 0.0927290 0.0717887 0.0603520 0.0658667 0.0356890 0.0878349 0.0234501 0.0738305 0.0744749 0.0000000 0.1086852 0.0359288 0.0753204 0.1153835 0.1152517 0.0378155 0.0728679 0.0684096 0.0507163 0.0432846 0.0847513 0.0656988 0.0815197 0.1163245 0.1104041 0.0842881 0.1076620 0.0998042 0.0643921 0.0909091 0.0729543 0.0641888 0.0668894 0.0704262 0.0822248 0.0834476 0.0645543 0.1200311 0.1456060 0.0367762 0.0709075 0.0394659 0.0967154 0.0824106 0.0791785 0.0950297 0.0867988 0.1223991 0.1232315 0.1381686 0.1242641 0.1094699 0.1404002 0.0879043 0.0893226 0.1349202 0.0721399 0.1285794 0.0866077 0.0793943 0.0838353 0.1115360 0.0859470 0.1161754 0.1288376 0.0696402 0.0835605 0.0803144 0.0268504 0.1399642 0.1478380 0.1122488 0.0549187 0.0500138 0.0882768 0.1127066 0.1128697 0.0626353 0.1152304 0.1039297 0.0813525 0.0682486 0.0658005 0.0744403 0.0979344 0.0848898 0.0492534 0.0841166 0.0890256 0.0471188 0.0942286 0.0740816 0.0412247 0.1219163 0.1762267 0.0630561 0.1255528 0.0902761 0.0816446 0.0742575 0.0429110 0.0739083 0.0663713 0.0819647 0.0854476 0.0918396 0.0938193 0.1339241 0.0654691 0.0693152 0.1245621 0.0635941 0.0807686 0.0689398 0.0747073 
S0430         0.2377098 0.1216902 0.1020509 0.1194122 0.1193605 0.1198495 0.0159769 0.1057583 0.1202344 0.1402770 0.1201717 0.1351429 0.0192270 0.0625088 0.1205922 0.0329465 0.1232498 0.1133577 0.1047061 0.1184710 0.1185705 0.1259909 0.1081146 0.1341187 0.1048678 0.0986006 0.1127223 0.1086852 0.0000000 0.1172843 0.1117315 0.1562620 0.0801463 0.1160228 0.1324524 0.1245902 0.1300429 0.1103794 0.1323239 0.1205580 0.1153826 0.0299235 0.1471978 0.1300055 0.0223178 0.1309502 0.1201463 0.1160329 0.1012943 0.1199471 0.0969161 0.0996895 0.1130326 0.1188435 0.1277511 0.0816359 0.1877698 0.0974500 0.0990441 0.1133195 0.0486007 0.1154049 0.1158277 0.1312818 0.1228042 0.1582889 0.1289047 0.1809279 0.1599881 0.0830356 0.0849003 0.1240511 0.1256588 0.1647089 0.1023441 0.1669944 0.1586209 0.1108820 0.1256032 0.0822520 0.1234773 0.1308803 0.1707256 0.1271887 0.1269650 0.1246663 0.1080135 0.1834336 0.1945925 0.0254423 0.1179282 0.1150529 0.0671393 0.0058328 0.0019435 0.1211011 0.0847858 0.1210486 0.1119158 0.1270143 0.1190001 0.1233954 0.1157224 0.1241496 0.1166320 0.1141719 0.1197984 0.1220208 0.1257115 0.1039671 0.1050344 0.1277140 0.2179623 0.1202965 0.1333064 0.1200812 0.1168740 0.1292238 0.1231673 0.1168937 0.1289697 0.1202761 0.1317970 0.1117991 0.1159745 0.1740950 0.1006340 0.0953513 0.1563182 0.1009084 0.1161641 0.1140778 0.1010273 
