76
S0055       0.0000000 0.0489837 0.0951521 0.0771265 0.0673739 0.0766777 0.0821183 0.0821516 0.0681771 0.0692645 0.0523724 0.0483802 0.0646424 0.0452423 0.0618958 0.0784046 0.0412229 0.0811746 0.0569643 0.0446255 0.1332605 0.0635458 0.0596063 0.0527661 0.0634547 0.0643093 0.0645122 0.0855899 0.0721071 0.0969878 0.0835270 0.1201405 0.1532817 0.1041097 0.0716813 0.0644610 0.1140177 0.0479798 0.0532553 0.0813393 0.0611914 0.0817343 0.0701659 0.0408008 0.0773803 0.1138650 0.0477973 0.0480843 0.0233514 0.0375137 0.0506559 0.0989281 0.0463856 0.0520844 0.0927659 0.0648307 0.0408394 0.0932689 0.0524113 0.0597284 0.0524063 0.0957043 0.0675142 0.0768657 0.0524434 0.0586954 0.0610270 0.0691324 0.0826794 0.1116353 0.0721164 0.1084264 0.0410837 0.0593159 0.0448540 0.0551945 
S0282       0.0489837 0.0000000 0.1065210 0.1069898 0.0985240 0.1197375 0.1063768 0.1224063 0.0842150 0.0808609 0.0374890 0.0337389 0.0754117 0.0568452 0.0651845 0.0824098 0.0372456 0.0968877 0.0731068 0.0096714 0.1728783 0.0409547 0.0714269 0.0626953 0.0913728 0.0925942 0.0779898 0.0806256 0.0674848 0.1068537 0.0829573 0.1500318 0.1842410 0.0946985 0.0881727 0.0933017 0.1423522 0.0197143 0.0595064 0.0964033 0.0854159 0.0884895 0.0954294 0.0300214 0.1157257 0.1261046 0.0196422 0.0335379 0.0672261 0.0373397 0.0876244 0.1067597 0.0382554 0.0636618 0.1020817 0.0724714 0.0063955 0.0983685 0.0840682 0.0720952 0.0304048 0.1128087 0.0446541 0.1065941 0.0483619 0.0667950 0.0835435 0.0913888 0.0999739 0.1236271 0.0976107 0.1211590 0.0560800 0.0715906 0.0637393 0.0711145 
S0289       0.0951521 0.1065210 0.0000000 0.0978797 0.1267378 0.1527356 0.0441370 0.1477066 0.0745812 0.1168103 0.1212043 0.1204951 0.0402627 0.0936773 0.0820316 0.1361963 0.1077611 0.0402660 0.1118744 0.1158513 0.1962932 0.1240286 0.0923384 0.0835302 0.1046183 0.0842589 0.0990127 0.1099255 0.1008002 0.1561863 0.1138368 0.1716816 0.2054071 0.1296152 0.1202248 0.1035487 0.1691872 0.1151569 0.1219346 0.0591867 0.0774260 0.0401087 0.1166825 0.1106425 0.1212386 0.1590541 0.1146740 0.1196750 0.1198007 0.0986847 0.0921544 0.0713706 0.1116730 0.0841176 0.1506090 0.0965460 0.1109458 0.1466675 0.0941399 0.1029170 0.1014805 0.0444602 0.1081102 0.0898502 0.1258405 0.1326122 0.0977816 0.1326720 0.1122053 0.1423516 0.1130070 0.1453850 0.0841533 0.1108439 0.0810754 0.0971231 
S0292       0.0771265 0.1069898 0.0978797 0.0000000 0.0926574 0.1128528 0.0930462 0.1100708 0.0894817 0.1080633 0.0896370 0.1014466 0.0675461 0.0769705 0.0822655 0.1065498 0.0932229 0.0839760 0.0942473 0.0970763 0.1845225 0.1147614 0.0664485 0.0766550 0.0739492 0.0802604 0.0743296 0.1057181 0.0967004 0.1209400 0.1056480 0.1589494 0.1859097 0.1193479 0.0985459 0.0554781 0.1634766 0.1005414 0.1066546 0.0937122 0.0771743 0.0897612 0.0935514 0.0922350 0.0786914 0.1240133 0.1001309 0.1007775 0.0967174 0.0767814 0.0200382 0.1119430 0.0925564 0.0588879 0.1159447 0.0973226 0.0964977 0.1121664 0.0519882 0.0676999 0.0838106 0.1017958 0.1107600 0.0940998 0.0928211 0.1003490 0.0794326 0.1052311 0.1220585 0.1312095 0.0857740 0.1579144 0.0674370 0.0841669 0.0840770 0.0756151 
S0303       0.0673739 0.0985240 0.1267378 0.0926574 0.0000000 0.0704149 0.1266185 0.0000010 0.1011396 0.0855115 0.0889935 0.0929438 0.0915861 0.0667048 0.1044927 0.1113772 0.0887351 0.1149612 0.0984313 0.0880806 0.1769124 0.1165345 0.0780085 0.0666909 0.0607005 0.1164721 0.0958410 0.1158391 0.1156614 0.1134326 0.1312931 0.1404541 0.1801093 0.1370475 0.1085686 0.0894450 0.1373374 0.0920532 0.0963547 0.1274018 0.1035447 0.1126144 0.0629214 0.0879852 0.0752213 0.1209527 0.0916480 0.0877716 0.0882524 0.0790582 0.0733032 0.1502397 0.0880532 0.0694685 0.1129332 0.1164651 0.0875137 0.1184864 0.0751846 0.0877900 0.0827864 0.1382180 0.1069747 0.1179382 0.0982627 0.0964067 0.0820486 0.1047783 0.1458810 0.1609456 0.1079560 0.1050794 0.0737298 0.0871207 0.0875295 0.0916007 
S0308       0.0766777 0.1197375 0.1527356 0.1128528 0.0704149 0.0000000 0.1518406 0.0802690 0.1075399 0.1159033 0.0978271 0.1182123 0.1261587 0.0925700 0.1261515 0.1422840 0.1098524 0.1454966 0.1066864 0.1135750 0.1996382 0.1322707 0.1069426 0.0912389 0.0813872 0.1236434 0.1044977 0.1464861 0.1364329 0.1204016 0.1478669 0.1792187 0.2144613 0.1625977 0.1331459 0.1176444 0.1761991 0.1084932 0.1284615 0.1479401 0.1198308 0.1371882 0.0648548 0.1044013 0.0961086 0.1633700 0.1080483 0.1174213 0.1001640 0.0923656 0.0950334 0.1580197 0.1184795 0.0985863 0.1154264 0.1323185 0.1087773 0.1205480 0.1091447 0.1079220 0.1042075 0.1510328 0.1370612 0.1238642 0.1099428 0.1044063 0.1062318 0.1360648 0.1599241 0.1767484 0.1221705 0.1574398 0.0955871 0.1127015 0.0958034 0.1119470 
S0320       0.0821183 0.1063768 0.0441370 0.0930462 0.1266185 0.1518406 0.0000000 0.1622290 0.0701425 0.1219053 0.1110003 0.1023773 0.0368742 0.0940581 0.0807867 0.1286147 0.0985938 0.0402493 0.1026142 0.1106811 0.1662410 0.1187392 0.0958677 0.0931329 0.1040951 0.0558622 0.0988103 0.1090100 0.0999746 0.1645682 0.1091080 0.1597547 0.1821663 0.1284951 0.1149784 0.0985648 0.1411557 0.1100249 0.1123401 0.0556521 0.0567482 0.0440843 0.1160599 0.1014958 0.1205829 0.1580148 0.1095689 0.1102867 0.1104033 0.0897674 0.0872939 0.0636629 0.1021069 0.0876347 0.1589081 0.0836364 0.1058820 0.1549693 0.0893510 0.1020588 0.1012476 0.0409028 0.1164479 0.0684002 0.1161988 0.1271834 0.0917781 0.1185224 0.0984596 0.1411127 0.1078387 0.1483307 0.0796100 0.1099157 0.0768448 0.0923366 
S0322       0.0821516 0.1224063 0.1477066 0.1100708 0.0000010 0.0802690 0.1622290 0.0000000 0.1003563 0.1191714 0.0977468 0.1217098 0.1145276 0.0802667 0.1067228 0.1276995 0.1093390 0.1472428 0.1112610 0.1099775 0.1937560 0.1336859 0.1194692 0.0843149 0.0793663 0.1555586 0.1051973 0.1414095 0.1332535 0.1245210 0.1702494 0.1602408 0.2243133 0.1716022 0.1367283 0.1109417 0.1506373 0.0966007 0.1162093 0.1424651 0.1396396 0.1435265 0.0762704 0.1030217 0.0928200 0.1621085 0.0960846 0.1026472 0.1028908 0.1040208 0.0948946 0.1553750 0.1012675 0.1075960 0.1239018 0.1423067 0.1090690 0.1376378 0.1104242 0.1104538 0.1033927 0.1725215 0.1279445 0.1658094 0.1293145 0.1022218 0.1030948 0.1339380 0.1711875 0.2061847 0.1369035 0.1115078 0.0894968 0.1034159 0.1156057 0.1202451 
S0327       0.0681771 0.0842150 0.0745812 0.0894817 0.1011396 0.1075399 0.0701425 0.1003563 0.0000000 0.0908577 0.0810688 0.0895950 0.0489990 0.0807880 0.0672756 0.1244523 0.0900733 0.0614728 0.0805684 0.0886844 0.1794436 0.0944970 0.0744572 0.0714929 0.0701327 0.0706602 0.0818992 0.0882799 0.0830774 0.1202975 0.0962859 0.1475606 0.1654829 0.1031983 0.0851794 0.0770415 0.1607956 0.0887300 0.0945580 0.0704475 0.0672637 0.0577241 0.0946120 0.0842665 0.0854399 0.1129363 0.0883365 0.0934846 0.0845981 0.0756815 0.0692560 0.0949195 0.0948232 0.0659117 0.1246965 0.0751361 0.0838131 0.1305294 0.0806448 0.0711452 0.0751764 0.0850309 0.1036736 0.0894324 0.1042765 0.0975758 0.0775139 0.0916476 0.1103288 0.0970752 0.1048230 0.1063959 0.0617337 0.0792901 0.0751077 0.0837321 
S0376       0.0692645 0.0808609 0.1168103 0.1080633 0.0855115 0.1159033 0.1219053 0.1191714 0.0908577 0.0000000 0.0721659 0.0757055 0.0938089 0.0375532 0.0828606 0.0919663 0.0759515 0.1118446 0.0869050 0.0756954 0.1845367 0.0881311 0.0840879 0.0673609 0.0921002 0.1031648 0.0687969 0.1038329 0.0937353 0.1122879 0.1018273 0.1558124 0.2069798 0.1235353 0.0986696 0.0853442 0.1581824 0.0712642 0.1023838 0.1163001 0.0867843 0.1123388 0.1011382 0.0712469 0.1123020 0.1237416 0.0709851 0.0752253 0.0925636 0.0563691 0.0757797 0.1415201 0.0745624 0.0760349 0.1074110 0.1074626 0.0714540 0.1124246 0.0766259 0.0688456 0.0723539 0.1228945 0.0843373 0.1127896 0.0722536 0.0840605 0.0706839 0.0868379 0.1240994 0.1601469 0.0983967 0.1319689 0.0604157 0.0683599 0.0598425 0.0716889 
S0400       0.0523724 0.0374890 0.1212043 0.0896370 0.0889935 0.0978271 0.1110003 0.0977468 0.0810688 0.0721659 0.0000000 0.0300133 0.0845386 0.0488339 0.0857794 0.0737164 0.0443321 0.1019800 0.0610282 0.0334490 0.1539853 0.0370956 0.0749249 0.0675427 0.0708560 0.0930974 0.0557791 0.1022727 0.0880691 0.1007051 0.0960693 0.1329144 0.1709557 0.1129715 0.0725963 0.0763305 0.1251631 0.0229407 0.0639960 0.1063039 0.0855434 0.1024218 0.0828516 0.0332875 0.0888166 0.0913090 0.0228570 0.0298365 0.0706175 0.0301471 0.0657755 0.1306597 0.0419475 0.0671334 0.0960894 0.0887715 0.0298522 0.0924495 0.0676432 0.0638130 0.0372615 0.1219074 0.0479761 0.1027266 0.0408793 0.0589458 0.0573841 0.0779405 0.1088282 0.1432387 0.0763242 0.1177942 0.0520186 0.0633703 0.0590351 0.0554336 
S0405       0.0483802 0.0337389 0.1204951 0.1014466 0.0929438 0.1182123 0.1023773 0.1217098 0.0895950 0.0757055 0.0300133 0.0000000 0.0760261 0.0522785 0.0814856 0.0859822 0.0405115 0.0929818 0.0721668 0.0298052 0.1606196 0.0404485 0.0745126 0.0619378 0.0822126 0.0887211 0.0685069 0.1016850 0.0875741 0.1141137 0.0955812 0.1383960 0.1718389 0.1168035 0.0883278 0.0839274 0.1311371 0.0262060 0.0635760 0.0971985 0.0773795 0.0933782 0.0905494 0.0226591 0.1055597 0.1122062 0.0261105 0.0193440 0.0625887 0.0298961 0.0823988 0.1208341 0.0381851 0.0667659 0.1092886 0.0806140 0.0262738 0.1055886 0.0750616 0.0711809 0.0335343 0.1129505 0.0441004 0.0982002 0.0442504 0.0659642 0.0692565 0.0862150 0.1001012 0.1518733 0.0880934 0.1261872 0.0517370 0.0706885 0.0593001 0.0626100 
S0417       0.0646424 0.0754117 0.0402627 0.0675461 0.0915861 0.1261587 0.0368742 0.1145276 0.0489990 0.0938089 0.0845386 0.0760261 0.0000000 0.0643041 0.0605049 0.1009720 0.0762739 0.0262500 0.0889703 0.0838065 0.1429158 0.0914220 0.0591594 0.0573243 0.0819495 0.0444516 0.0739154 0.0747064 0.0705268 0.1289698 0.0778042 0.1205367 0.1513045 0.0920347 0.0838882 0.0765059 0.1189215 0.0833307 0.0889888 0.0367881 0.0378448 0.0332396 0.0884085 0.0753905 0.0968200 0.1232551 0.0829987 0.0755220 0.0794455 0.0642937 0.0579862 0.0444533 0.0748694 0.0517063 0.1238966 0.0632878 0.0794487 0.1201210 0.0717957 0.0719977 0.0751998 0.0446453 0.0928654 0.0563992 0.0887392 0.0993385 0.0790583 0.0998778 0.0770810 0.1121972 0.0890961 0.1257192 0.0517409 0.0794039 0.0560725 0.0710388 
S0427       0.0452423 0.0568452 0.0936773 0.0769705 0.0667048 0.0925700 0.0940581 0.0802667 0.0807880 0.0375532 0.0488339 0.0522785 0.0643041 0.0000000 0.0578420 0.0706248 0.0524498 0.0848879 0.0574014 0.0522802 0.1300153 0.0638891 0.0518454 0.0477286 0.0630459 0.0807094 0.0510790 0.0683345 0.0641284 0.0839675 0.0705491 0.1132031 0.1563157 0.0856175 0.0684998 0.0604234 0.1071091 0.0482457 0.0769084 0.0890292 0.0694895 0.0852462 0.0657128 0.0482284 0.0808836 0.1050891 0.0480624 0.0482060 0.0594757 0.0340667 0.0502801 0.1121305 0.0503969 0.0445061 0.0795981 0.0718791 0.0483742 0.0760255 0.0485692 0.0487010 0.0489587 0.0947855 0.0641856 0.0899475 0.0489020 0.0592555 0.0531848 0.0614130 0.0956898 0.1245945 0.0683282 0.1028212 0.0338134 0.0483647 0.0371697 0.0443321 
S0552sl     0.0618958 0.0651845 0.0820316 0.0822655 0.1044927 0.1261515 0.0807867 0.1067228 0.0672756 0.0828606 0.0857794 0.0814856 0.0605049 0.0578420 0.0000000 0.0972276 0.0736122 0.0682098 0.0700559 0.0691400 0.1598109 0.0859029 0.0640878 0.0691018 0.0806586 0.0602505 0.0848540 0.0272078 0.0064510 0.1036104 0.0355805 0.1424714 0.1767371 0.0422213 0.0856017 0.0823019 0.1394173 0.0687484 0.0999656 0.0685155 0.0619405 0.0732406 0.0915540 0.0727319 0.1002467 0.1306996 0.0684745 0.0809552 0.0769310 0.0614918 0.0670958 0.1046971 0.0759340 0.0564123 0.0988440 0.0730887 0.0649111 0.0951080 0.0693195 0.0614560 0.0693813 0.0910317 0.0904112 0.0777179 0.0814364 0.0805549 0.0800397 0.0882247 0.1009957 0.0605993 0.0908750 0.1143584 0.0415211 0.0688730 0.0648532 0.0684084 
S0558       0.0784046 0.0824098 0.1361963 0.1065498 0.1113772 0.1422840 0.1286147 0.1276995 0.1244523 0.0919663 0.0737164 0.0859822 0.1009720 0.0706248 0.0972276 0.0000000 0.0947238 0.1198551 0.0922523 0.0771111 0.1729233 0.0946267 0.0904664 0.1044611 0.1113474 0.1225996 0.0925716 0.1201667 0.1092438 0.1385841 0.1239017 0.1617496 0.2029511 0.1407208 0.1101091 0.1096710 0.1472078 0.0770492 0.0906282 0.1338867 0.1103525 0.1204036 0.1218725 0.0895173 0.1334593 0.1486671 0.0767375 0.0854169 0.0981626 0.0737480 0.0908390 0.1463863 0.0614373 0.0904664 0.1332011 0.1184024 0.0727732 0.1292687 0.0910785 0.0912384 0.0824314 0.1359524 0.0905236 0.1334292 0.0741719 0.0891339 0.0996316 0.1060155 0.1264157 0.1698561 0.0995203 0.1617791 0.0780113 0.0905789 0.0738940 0.0899555 
S0641       0.0412229 0.0372456 0.1077611 0.0932229 0.0887351 0.1098524 0.0985938 0.1093390 0.0900733 0.0759515 0.0443321 0.0405115 0.0762739 0.0524498 0.0736122 0.0947238 0.0000000 0.0932830 0.0685715 0.0369028 0.1611161 0.0551532 0.0747509 0.0715789 0.0824960 0.0890092 0.0822381 0.0935429 0.0797646 0.1058299 0.0919719 0.1432658 0.1822555 0.1124095 0.0969510 0.0720112 0.1315553 0.0331804 0.0482240 0.0934675 0.0776355 0.0980649 0.0868423 0.0367161 0.0975008 0.1211484 0.0330589 0.0402701 0.0666315 0.0299934 0.0742500 0.1123056 0.0379616 0.0669811 0.1096662 0.0891099 0.0332672 0.1059563 0.0634837 0.0714296 0.0407606 0.1075736 0.0554084 0.0985195 0.0479275 0.0661748 0.0783631 0.0949573 0.1092454 0.1292347 0.0884011 0.1175127 0.0519060 0.0709342 0.0520010 0.0704660 
S0645sl     0.0811746 0.0968877 0.0402660 0.0839760 0.1149612 0.1454966 0.0402493 0.1472428 0.0614728 0.1118446 0.1019800 0.0929818 0.0262500 0.0848879 0.0682098 0.1198551 0.0932830 0.0000000 0.0972301 0.1010812 0.1623589 0.1089651 0.0829585 0.0770817 0.0988021 0.0596692 0.0879982 0.0866224 0.0782417 0.1380071 0.0952081 0.1344493 0.1657854 0.1045994 0.1011786 0.0935662 0.1373654 0.1004917 0.1067184 0.0594434 0.0529785 0.0367846 0.1103896 0.0921911 0.1148274 0.1378311 0.1000817 0.1007274 0.1049037 0.0807137 0.0786267 0.0633685 0.0923875 0.0750147 0.1328067 0.0835670 0.0964509 0.1290054 0.0884945 0.0887250 0.0874875 0.0370780 0.1107022 0.0723968 0.1063784 0.1085566 0.0877683 0.1184735 0.0943069 0.1207308 0.1067993 0.1303688 0.0672638 0.0963781 0.0719698 0.0875321 
S0689       0.0569643 0.0731068 0.1118744 0.0942473 0.0984313 0.1066864 0.1026142 0.1112610 0.0805684 0.0869050 0.0610282 0.0721668 0.0889703 0.0574014 0.0700559 0.0922523 0.0685715 0.0972301 0.0000000 0.0681050 0.1578377 0.0723214 0.0842825 0.0890722 0.0874186 0.0903655 0.0834559 0.0854223 0.0806447 0.1112777 0.1027251 0.1445525 0.1670677 0.0994904 0.0935844 0.0943456 0.1329742 0.0600060 0.0723898 0.1070238 0.0905849 0.0976478 0.0961171 0.0677413 0.1028210 0.1353193 0.0597717 0.0717082 0.0799164 0.0453767 0.0792565 0.1358675 0.0667481 0.0761972 0.1064397 0.0945578 0.0639477 0.1027083 0.0809770 0.0808909 0.0565190 0.1132162 0.0765857 0.0992981 0.0766696 0.0597582 0.0841844 0.0915413 0.1133529 0.1204339 0.0943429 0.1292273 0.0605230 0.0803187 0.0644380 0.0797778 
S0690       0.0446255 0.0096714 0.1158513 0.0970763 0.0880806 0.1135750 0.1106811 0.1099775 0.0886844 0.0756954 0.0334490 0.0298052 0.0838065 0.0522802 0.0691400 0.0771111 0.0369028 0.1010812 0.0681050 0.0000000 0.1651392 0.0368442 0.0742908 0.0663779 0.0860366 0.0967468 0.0722825 0.0846904 0.0713742 0.1009992 0.0871457 0.1428233 0.1816515 0.0989492 0.0922742 0.0839110 0.1354514 0.0161306 0.0589542 0.1053644 0.0895470 0.0973675 0.0947085 0.0261983 0.1096461 0.1168521 0.0160727 0.0296306 0.0624867 0.0333182 0.0781583 0.1160942 0.0378947 0.0665678 0.0963688 0.0845695 0.0031407 0.0927190 0.0750521 0.0671835 0.0265264 0.1172374 0.0404522 0.1109054 0.0440699 0.0620927 0.0779040 0.0858476 0.1043007 0.1280762 0.0920273 0.1256418 0.0515856 0.0667206 0.0629759 0.0662826 
S0735       0.1332605 0.1728783 0.1962932 0.1845225 0.1769124 0.1996382 0.1662410 0.1937560 0.1794436 0.1845367 0.1539853 0.1606196 0.1429158 0.1300153 0.1598109 0.1729233 0.1611161 0.1623589 0.1578377 0.1651392 0.0000000 0.1761815 0.1492473 0.1627269 0.1735885 0.1478870 0.1664096 0.1851015 0.1717096 0.1904685 0.1736854 0.0268719 0.0487097 0.1828101 0.1767941 0.1567639 0.0296324 0.1689475 0.1755683 0.1793376 0.1640379 0.1636637 0.1878684 0.1544104 0.1709574 0.1995700 0.1681953 0.1594200 0.1497573 0.1412321 0.1504593 0.1856607 0.1634715 0.1397369 0.1843915 0.1787953 0.1594399 0.1803488 0.1554886 0.1603803 0.1617922 0.1699292 0.1876434 0.1693880 0.1767810 0.1682215 0.1552915 0.1750905 0.1875097 0.2249420 0.1655224 0.1980865 0.1261659 0.1644610 0.1339489 0.1536170 
S0756       0.0635458 0.0409547 0.1240286 0.1147614 0.1165345 0.1322707 0.1187392 0.1336859 0.0944970 0.0881311 0.0370956 0.0404485 0.0914220 0.0638891 0.0859029 0.0946267 0.0551532 0.1089651 0.0723214 0.0368442 0.1761815 0.0000000 0.0906237 0.0817141 0.0945859 0.1102009 0.0820414 0.1105705 0.0960289 0.1232440 0.1049170 0.1533996 0.1983684 0.1215582 0.1053199 0.1006765 0.1456781 0.0331282 0.0794019 0.1133026 0.0940149 0.1094352 0.1126902 0.0437375 0.1190048 0.1262236 0.0330063 0.0331887 0.0821060 0.0440884 0.0948022 0.1378137 0.0532093 0.0825614 0.1182783 0.0976251 0.0332137 0.1145404 0.0913057 0.0753426 0.0335974 0.1255069 0.0514773 0.1203631 0.0590866 0.0660995 0.0783162 0.0989073 0.1183801 0.1475785 0.1006765 0.1307973 0.0669326 0.0786818 0.0748337 0.0781618 
S0760       0.0596063 0.0714269 0.0923384 0.0664485 0.0780085 0.1069426 0.0958677 0.1194692 0.0744572 0.0840879 0.0749249 0.0745126 0.0591594 0.0518454 0.0640878 0.0904664 0.0747509 0.0829585 0.0842825 0.0742908 0.1492473 0.0906237 0.0000000 0.0039803 0.0729864 0.0827179 0.0679659 0.0752065 0.0663808 0.0961705 0.0774217 0.1319003 0.1643025 0.0926613 0.0835871 0.0664779 0.1301312 0.0738814 0.1007160 0.0870014 0.0805842 0.0882949 0.0758858 0.0662369 0.0911618 0.1216303 0.0735946 0.0663526 0.0663745 0.0554909 0.0487081 0.1105072 0.0693484 0.0062883 0.0916370 0.0752498 0.0701343 0.0880273 0.0629516 0.0583920 0.0629822 0.1005183 0.0910245 0.0929485 0.0789621 0.0854071 0.0648239 0.0853832 0.1068681 0.1216016 0.0833698 0.1205837 0.0400771 0.0663516 0.0551422 0.0584383 
S0765       0.0527661 0.0626953 0.0835302 0.0766550 0.0666909 0.0912389 0.0931329 0.0843149 0.0714929 0.0673609 0.0675427 0.0619378 0.0573243 0.0477286 0.0691018 0.1044611 0.0715789 0.0770817 0.0890722 0.0663779 0.1627269 0.0817141 0.0039803 0.0000000 0.0653092 0.0876978 0.0611231 0.0835385 0.0719313 0.0886454 0.0858927 0.1332728 0.1758847 0.1007574 0.0625292 0.0667035 0.1316405 0.0663568 0.0929318 0.0818822 0.0784872 0.0780902 0.0629062 0.0664240 0.0822818 0.1012986 0.0660330 0.0617095 0.0565623 0.0565806 0.0395921 0.1173031 0.0725183 0.0039803 0.0834287 0.0782115 0.0612740 0.0839953 0.0622227 0.0513715 0.0718907 0.0933064 0.0665670 0.0946131 0.0826881 0.0753660 0.0569973 0.0785171 0.1140826 0.1322391 0.0831911 0.1126829 0.0427106 0.0611976 0.0610235 0.0518522 
S0888       0.0634547 0.0913728 0.1046183 0.0739492 0.0607005 0.0813872 0.1040951 0.0793663 0.0701327 0.0921002 0.0708560 0.0822126 0.0819495 0.0630459 0.0806586 0.1113474 0.0824960 0.0988021 0.0874186 0.0860366 0.1735885 0.0945859 0.0729864 0.0653092 0.0000000 0.0993844 0.0677430 0.1078824 0.0989528 0.1046252 0.1123363 0.1557808 0.1828668 0.1230023 0.0795206 0.0781537 0.1625899 0.0737072 0.0912050 0.1089188 0.0833820 0.0952408 0.0640508 0.0777125 0.0163454 0.1124135 0.0734216 0.0816953 0.0779102 0.0705505 0.0726037 0.1222456 0.0895944 0.0654115 0.1042153 0.0959601 0.0817232 0.1005619 0.0704699 0.0621559 0.0778905 0.1089895 0.0951790 0.0956729 0.0867991 0.0932098 0.0646525 0.0894795 0.1203995 0.1212868 0.0790215 0.1386347 0.0699732 0.0738628 0.0778495 0.0657792 
S0899       0.0643093 0.0925942 0.0842589 0.0802604 0.1164721 0.1236434 0.0558622 0.1555586 0.0706602 0.1031648 0.0930974 0.0887211 0.0444516 0.0807094 0.0602505 0.1225996 0.0890092 0.0596692 0.0903655 0.0967468 0.1478870 0.1102009 0.0827179 0.0876978 0.0993844 0.0000000 0.0879028 0.0959940 0.0786626 0.1389944 0.0857844 0.1357841 0.1590336 0.1147098 0.0911725 0.0932916 0.1278903 0.0961857 0.0936302 0.0601128 0.0197812 0.0638786 0.0973735 0.0837078 0.1110836 0.1261575 0.0957953 0.0964109 0.1005443 0.0686056 0.0703250 0.0801824 0.0788213 0.0747955 0.1337458 0.0705158 0.0921817 0.1343067 0.0882356 0.0753371 0.0883945 0.0684675 0.1062348 0.0195805 0.0935012 0.0868402 0.0821822 0.0887143 0.0896793 0.1265606 0.0965025 0.1385172 0.0670661 0.0827373 0.0639999 0.0781162 
S0906       0.0645122 0.0779898 0.0990127 0.0743296 0.0958410 0.1044977 0.0988103 0.1051973 0.0818992 0.0687969 0.0557791 0.0685069 0.0739154 0.0510790 0.0848540 0.0925716 0.0822381 0.0879982 0.0834559 0.0722825 0.1664096 0.0820414 0.0679659 0.0611231 0.0677430 0.0879028 0.0000000 0.1031947 0.0871109 0.0975318 0.0962705 0.1349799 0.1664911 0.1041445 0.0434700 0.0691945 0.1371597 0.0678509 0.0969632 0.0837965 0.0744255 0.0791314 0.0900187 0.0593166 0.0878698 0.0758462 0.0675519 0.0724043 0.0860682 0.0547917 0.0623581 0.1095340 0.0734302 0.0593192 0.0927373 0.0985593 0.0675874 0.0885860 0.0512963 0.0425034 0.0687405 0.1051637 0.0686198 0.0986573 0.0826099 0.0852489 0.0331814 0.0568563 0.1220308 0.1327623 0.0266156 0.1249862 0.0550906 0.0421757 0.0719437 0.0147867 
S0959       0.0855899 0.0806256 0.1099255 0.1057181 0.1158391 0.1464861 0.1090100 0.1414095 0.0882799 0.1038329 0.1022727 0.1016850 0.0747064 0.0683345 0.0272078 0.1201667 0.0935429 0.0866224 0.0854223 0.0846904 0.1851015 0.1105705 0.0752065 0.0835385 0.1078824 0.0959940 0.1031947 0.0000000 0.0230494 0.1055206 0.0351428 0.1609365 0.1834775 0.0196064 0.1016685 0.1026705 0.1586336 0.0842040 0.1206333 0.1051714 0.0933374 0.1012664 0.1061188 0.0924447 0.1290825 0.1425591 0.0838650 0.0966908 0.0876463 0.0809287 0.0782702 0.1103061 0.1014203 0.0673851 0.1008203 0.0873174 0.0802759 0.0971503 0.0890206 0.0849543 0.0802044 0.1154401 0.1110587 0.1148238 0.1021483 0.0962810 0.0882487 0.1055433 0.1260673 0.0669589 0.1115996 0.1105550 0.0560266 0.0843537 0.0842635 0.0837864 
S0960       0.0721071 0.0674848 0.1008002 0.0967004 0.1156614 0.1364329 0.0999746 0.1332535 0.0830774 0.0937353 0.0880691 0.0875741 0.0705268 0.0641284 0.0064510 0.1092438 0.0797646 0.0782417 0.0806447 0.0713742 0.1717096 0.0960289 0.0663808 0.0719313 0.0989528 0.0786626 0.0871109 0.0230494 0.0000000 0.1010145 0.0309618 0.1483289 0.1821487 0.0374349 0.0875716 0.0884249 0.1462681 0.0709780 0.1152105 0.0828977 0.0764695 0.0923560 0.1019024 0.0788446 0.1194114 0.1374222 0.0706997 0.0870120 0.0870383 0.0677367 0.0737021 0.1107062 0.0868283 0.0588265 0.0963889 0.0917584 0.0672058 0.0927429 0.0754950 0.0716118 0.0755685 0.1061051 0.0964556 0.0970446 0.0879695 0.0825545 0.0829273 0.0948238 0.1163795 0.0626297 0.0969333 0.1202832 0.0441636 0.0711141 0.0710248 0.0706433 
S1083       0.0969878 0.1068537 0.1561863 0.1209400 0.1134326 0.1204016 0.1645682 0.1245210 0.1202975 0.1122879 0.1007051 0.1141137 0.1289698 0.0839675 0.1036104 0.1385841 0.1058299 0.1380071 0.1112777 0.1009992 0.1904685 0.1232440 0.0961705 0.0886454 0.1046252 0.1389944 0.0975318 0.1055206 0.1010145 0.0000000 0.1151463 0.1720493 0.2049717 0.1207641 0.1203693 0.1063588 0.1843275 0.0961139 0.1539460 0.1440481 0.1267940 0.1494293 0.1233925 0.1089461 0.1248626 0.1370753 0.0957234 0.1133518 0.1224308 0.0969680 0.0919747 0.1561456 0.1234689 0.0879019 0.0094913 0.1408924 0.0963681 0.0127716 0.1055244 0.0723861 0.1019068 0.1627376 0.1237777 0.1295998 0.1146604 0.1128101 0.0872977 0.1000452 0.1523289 0.1328835 0.1200204 0.1403928 0.0838915 0.0760098 0.0994096 0.0916106 
S1129sl     0.0835270 0.0829573 0.1138368 0.1056480 0.1312931 0.1478669 0.1091080 0.1702494 0.0962859 0.1018273 0.0960693 0.0955812 0.0778042 0.0705491 0.0355805 0.1239017 0.0919719 0.0952081 0.1027251 0.0871457 0.1736854 0.1049170 0.0774217 0.0858927 0.1123363 0.0857844 0.0962705 0.0351428 0.0309618 0.1151463 0.0000000 0.1494635 0.1795469 0.0509326 0.0952139 0.1012916 0.1473147 0.0866314 0.1301742 0.0995353 0.0830153 0.1010941 0.1154120 0.0866602 0.1340570 0.1306191 0.0862728 0.0952746 0.0996445 0.0749270 0.0854304 0.1151492 0.0999714 0.0693596 0.1101189 0.0950623 0.0825863 0.1012608 0.0873594 0.0825793 0.0874399 0.1150430 0.1143684 0.0997174 0.1007621 0.0947596 0.0754029 0.0925066 0.1259813 0.0699047 0.1051322 0.1242650 0.0498188 0.0819848 0.0778901 0.0773416 
S1148       0.1201405 0.1500318 0.1716816 0.1589494 0.1404541 0.1792187 0.1597547 0.1602408 0.1475606 0.1558124 0.1329144 0.1383960 0.1205367 0.1132031 0.1424714 0.1617496 0.1432658 0.1344493 0.1445525 0.1428233 0.0268719 0.1533996 0.1319003 0.1332728 0.1557808 0.1357841 0.1349799 0.1609365 0.1483289 0.1720493 0.1494635 0.0000000 0.0374726 0.1468705 0.1487735 0.1487130 0.0198851 0.1466109 0.1570134 0.1554562 0.1418174 0.1404212 0.1740508 0.1325454 0.1509151 0.1645693 0.1459629 0.1373725 0.1323395 0.1239182 0.1276896 0.1717256 0.1449019 0.1226396 0.1661971 0.1711852 0.1373980 0.1671792 0.1328385 0.1335276 0.1436324 0.1618986 0.1593099 0.1565058 0.1584965 0.1353764 0.1300998 0.1521734 0.1798066 0.2047076 0.1333360 0.1628681 0.1047318 0.1325490 0.1170935 0.1223668 
S1180       0.1532817 0.1842410 0.2054071 0.1859097 0.1801093 0.2144613 0.1821663 0.2243133 0.1654829 0.2069798 0.1709557 0.1718389 0.1513045 0.1563157 0.1767371 0.2029511 0.1822555 0.1657854 0.1670677 0.1816515 0.0487097 0.1983684 0.1643025 0.1758847 0.1828668 0.1590336 0.1664911 0.1834775 0.1821487 0.2049717 0.1795469 0.0374726 0.0000000 0.1690920 0.1825870 0.1825877 0.0597490 0.1855261 0.1851445 0.1959151 0.1744014 0.1723267 0.1972414 0.1704551 0.1778417 0.2118463 0.1846848 0.1756623 0.1602250 0.1614497 0.1660892 0.1946279 0.1855162 0.1544701 0.1985958 0.1846850 0.1756772 0.1944532 0.1708625 0.1712706 0.1664467 0.1862401 0.2051207 0.1798646 0.1986714 0.1840940 0.1669041 0.1943278 0.1985249 0.2229734 0.1765503 0.1905602 0.1404651 0.1754113 0.1439793 0.1642420 
S1189       0.1041097 0.0946985 0.1296152 0.1193479 0.1370475 0.1625977 0.1284951 0.1716022 0.1031983 0.1235353 0.1129715 0.1168035 0.0920347 0.0856175 0.0422213 0.1407208 0.1124095 0.1045994 0.0994904 0.0989492 0.1828101 0.1215582 0.0926613 0.1007574 0.1230023 0.1147098 0.1041445 0.0196064 0.0374349 0.1207641 0.0509326 0.1468705 0.1690920 0.0000000 0.0993791 0.1221230 0.1561594 0.0983631 0.1412049 0.1245131 0.1121568 0.1204562 0.1197054 0.1070079 0.1436510 0.1452196 0.0979554 0.1114689 0.1155959 0.0990653 0.1013971 0.1405963 0.1208988 0.0844110 0.1157788 0.1054849 0.0942662 0.1120067 0.1075595 0.0907033 0.0941850 0.1356090 0.1267066 0.1348438 0.1215171 0.1106318 0.0945845 0.1063908 0.1470445 0.0798029 0.1129553 0.1362447 0.0724539 0.0900521 0.1024377 0.0894370 
S1201sl     0.0716813 0.0881727 0.1202248 0.0985459 0.1085686 0.1331459 0.1149784 0.1367283 0.0851794 0.0986696 0.0725963 0.0883278 0.0838882 0.0684998 0.0856017 0.1101091 0.0969510 0.1011786 0.0935844 0.0922742 0.1767941 0.1053199 0.0835871 0.0625292 0.0795206 0.0911725 0.0434700 0.1016685 0.0875716 0.1203693 0.0952139 0.1487735 0.1825870 0.0993791 0.0000000 0.0892153 0.1557516 0.0794762 0.1119667 0.1054654 0.0799597 0.1016136 0.0989754 0.0794303 0.1029351 0.1003360 0.0791600 0.0877566 0.0963048 0.0722920 0.0789627 0.1187840 0.0875131 0.0755829 0.1154042 0.1093770 0.0877855 0.1116442 0.0761673 0.0558831 0.0889249 0.1260085 0.1014015 0.1005851 0.0931085 0.1080882 0.0489368 0.0699005 0.1419817 0.1467423 0.0680103 0.1334138 0.0677741 0.0554983 0.0795719 0.0477974 
S1214sl     0.0644610 0.0933017 0.1035487 0.0554781 0.0894450 0.1176444 0.0985648 0.1109417 0.0770415 0.0853442 0.0763305 0.0839274 0.0765059 0.0604234 0.0823019 0.1096710 0.0720112 0.0935662 0.0943456 0.0839110 0.1567639 0.1006765 0.0664779 0.0667035 0.0781537 0.0932916 0.0691945 0.1026705 0.0884249 0.1063588 0.1012916 0.1487130 0.1825877 0.1221230 0.0892153 0.0000000 0.1466436 0.0831974 0.0981413 0.0894206 0.0818342 0.0899819 0.0949733 0.0793215 0.0880845 0.1048227 0.0828668 0.0833892 0.0834369 0.0641887 0.0379446 0.1076947 0.0830560 0.0589146 0.1102393 0.0942423 0.0834177 0.1065155 0.0264877 0.0631891 0.0844893 0.1075456 0.1011231 0.1029445 0.0717317 0.0991826 0.0611559 0.0827506 0.1239418 0.1374070 0.0766278 0.1274267 0.0597895 0.0713985 0.0713091 0.0593470 
S1223       0.1140177 0.1423522 0.1691872 0.1634766 0.1373374 0.1761991 0.1411557 0.1506373 0.1607956 0.1581824 0.1251631 0.1311371 0.1189215 0.1071091 0.1394173 0.1472078 0.1315553 0.1373654 0.1329742 0.1354514 0.0296324 0.1456781 0.1301312 0.1316405 0.1625899 0.1278903 0.1371597 0.1586336 0.1462681 0.1843275 0.1473147 0.0198851 0.0597490 0.1561594 0.1557516 0.1466436 0.0000000 0.1391635 0.1640236 0.1532545 0.1387663 0.1428748 0.1600787 0.1255088 0.1599129 0.1773582 0.1385621 0.1301889 0.1348922 0.1174642 0.1306406 0.1692353 0.1421212 0.1210168 0.1783675 0.1674163 0.1302154 0.1743618 0.1310436 0.1406903 0.1367345 0.1541127 0.1563240 0.1482890 0.1510723 0.1385700 0.1339247 0.1491602 0.1757781 0.2070374 0.1405644 0.1655557 0.1033824 0.1396735 0.1109204 0.1295084 
S1227       0.0479798 0.0197143 0.1151569 0.1005414 0.0920532 0.1084932 0.1100249 0.0966007 0.0887300 0.0712642 0.0229407 0.0262060 0.0833307 0.0482457 0.0687484 0.0770492 0.0331804 0.1004917 0.0600060 0.0161306 0.1689475 0.0331282 0.0738814 0.0663568 0.0737072 0.0961857 0.0678509 0.0842040 0.0709780 0.0961139 0.0866314 0.1466109 0.1855261 0.0983631 0.0794762 0.0831974 0.1391635 0.0000000 0.0593126 0.1047470 0.0848110 0.1009208 0.0857566 0.0294295 0.0961787 0.1070339 0.0063022 0.0260537 0.0658472 0.0296593 0.0816626 0.1197237 0.0378688 0.0662048 0.0915783 0.0840845 0.0127999 0.0879668 0.0744208 0.0629280 0.0263681 0.1165272 0.0366733 0.1058170 0.0402312 0.0579897 0.0647167 0.0811504 0.1036746 0.1319554 0.0873238 0.1202486 0.0513112 0.0624963 0.0588056 0.0620896 
S1235sl     0.0532553 0.0595064 0.1219346 0.1066546 0.0963547 0.1284615 0.1123401 0.1162093 0.0945580 0.1023838 0.0639960 0.0635760 0.0889888 0.0769084 0.0999656 0.0906282 0.0482240 0.1067184 0.0723898 0.0589542 0.1755683 0.0794019 0.1007160 0.0929318 0.0912050 0.0936302 0.0969632 0.1206333 0.1152105 0.1539460 0.1301742 0.1570134 0.1851445 0.1412049 0.1119667 0.0981413 0.1640236 0.0593126 0.0000000 0.1126292 0.0906039 0.1020881 0.1089131 0.0669715 0.1068670 0.1408182 0.0590828 0.0631796 0.0708876 0.0522774 0.0969283 0.1267155 0.0200750 0.0923296 0.1484466 0.0899426 0.0550053 0.1445448 0.0887004 0.1058173 0.0634656 0.1278242 0.0755361 0.1025591 0.0678953 0.0994712 0.1026663 0.1236118 0.1236191 0.1539936 0.1070947 0.1580989 0.0760833 0.1050672 0.0762413 0.0959675 
S1239       0.0813393 0.0964033 0.0591867 0.0937122 0.1274018 0.1479401 0.0556521 0.1424651 0.0704475 0.1163001 0.1063039 0.0971985 0.0367881 0.0890292 0.0685155 0.1338867 0.0934675 0.0594434 0.1070238 0.1053644 0.1793376 0.1133026 0.0870014 0.0818822 0.1089188 0.0601128 0.0837965 0.1051714 0.0828977 0.1440481 0.0995353 0.1554562 0.1959151 0.1245131 0.1054654 0.0894206 0.1532545 0.1047470 0.1126292 0.0000000 0.0576244 0.0479060 0.1164524 0.0963697 0.1257858 0.1363226 0.1043180 0.1049941 0.1051051 0.0848156 0.0783114 0.0722563 0.0967496 0.0789812 0.1387196 0.0888226 0.1006721 0.1348672 0.0805080 0.0928896 0.1014958 0.0726362 0.1151099 0.0775214 0.1107441 0.1216086 0.0875346 0.1230568 0.1088441 0.1370969 0.0899858 0.1507134 0.0711591 0.1005927 0.0839880 0.0835143 
S1250sl     0.0611914 0.0854159 0.0774260 0.0771743 0.1035447 0.1198308 0.0567482 0.1396396 0.0672637 0.0867843 0.0855434 0.0773795 0.0378448 0.0694895 0.0619405 0.1103525 0.0776355 0.0529785 0.0905849 0.0895470 0.1640379 0.0940149 0.0805842 0.0784872 0.0833820 0.0197812 0.0744255 0.0933374 0.0764695 0.1267940 0.0830153 0.1418174 0.1744014 0.1121568 0.0799597 0.0818342 0.1387663 0.0848110 0.0906039 0.0576244 0.0000000 0.0608639 0.0904716 0.0766338 0.0985782 0.1197905 0.0844673 0.0850095 0.0933457 0.0654275 0.0676396 0.0686086 0.0762491 0.0725462 0.1216753 0.0677187 0.0850386 0.1221798 0.0769533 0.0643735 0.0810516 0.0654810 0.0945491 0.0266599 0.0820240 0.0837655 0.0654318 0.0813181 0.0827545 0.1241177 0.0850940 0.1262029 0.0647046 0.0717157 0.0568313 0.0672434 
S1251       0.0817343 0.0884895 0.0401087 0.0897612 0.1126144 0.1371882 0.0440843 0.1435265 0.0577241 0.1123388 0.1024218 0.0933782 0.0332396 0.0852462 0.0732406 0.1204036 0.0980649 0.0367846 0.0976478 0.0973675 0.1636637 0.1094352 0.0882949 0.0780902 0.0952408 0.0638786 0.0791314 0.1012664 0.0923560 0.1494293 0.1010941 0.1404212 0.1723267 0.1204562 0.1016136 0.0899819 0.1428748 0.1009208 0.1020881 0.0479060 0.0608639 0.0000000 0.1123220 0.0885293 0.1155077 0.1218834 0.1005074 0.1011591 0.0971308 0.0810524 0.0839149 0.0554855 0.0834497 0.0801473 0.1440027 0.0849871 0.0927695 0.1401193 0.0810093 0.0891003 0.0883569 0.0485630 0.1111865 0.0720706 0.1068419 0.1177128 0.0746434 0.1190082 0.1088934 0.1373817 0.0945594 0.1358446 0.0722013 0.0967875 0.0802602 0.0798105 
S1260       0.0701659 0.0954294 0.1166825 0.0935514 0.0629214 0.0648548 0.1160599 0.0762704 0.0946120 0.1011382 0.0828516 0.0905494 0.0884085 0.0657128 0.0915540 0.1218725 0.0868423 0.1103896 0.0961171 0.0947085 0.1878684 0.1126902 0.0758858 0.0629062 0.0640508 0.0973735 0.0900187 0.1061188 0.1019024 0.1233925 0.1154120 0.1740508 0.1972414 0.1197054 0.0989754 0.0949733 0.1600787 0.0857566 0.1089131 0.1164524 0.0904716 0.1123220 0.0000000 0.0816858 0.0822479 0.1415536 0.0854052 0.0901226 0.0857535 0.0780941 0.0837018 0.1355925 0.0986507 0.0679887 0.1182755 0.0976687 0.0900820 0.1144237 0.0862778 0.0891585 0.0855883 0.1264423 0.1131942 0.1033529 0.0869124 0.0981171 0.0852376 0.1111194 0.1333633 0.1432878 0.0947542 0.1297479 0.0685339 0.0933587 0.0735342 0.0844897 
S1278       0.0408008 0.0300214 0.1106425 0.0922350 0.0879852 0.1044013 0.1014958 0.1030217 0.0842665 0.0712469 0.0332875 0.0226591 0.0753905 0.0482284 0.0727319 0.0895173 0.0367161 0.0921911 0.0677413 0.0261983 0.1544104 0.0437375 0.0662369 0.0664240 0.0777125 0.0837078 0.0593166 0.0924447 0.0788446 0.1089461 0.0866602 0.1325454 0.1704551 0.1070079 0.0794303 0.0793215 0.1255088 0.0294295 0.0669715 0.0963697 0.0766338 0.0885293 0.0816858 0.0000000 0.1005414 0.1069878 0.0293224 0.0225289 0.0621790 0.0262772 0.0735377 0.1108156 0.0415772 0.0586975 0.1042241 0.0841333 0.0227352 0.1005662 0.0706446 0.0628694 0.0263928 0.1119577 0.0439409 0.0972467 0.0475617 0.0544010 0.0646698 0.0772074 0.1079326 0.1320181 0.0792262 0.1159760 0.0403875 0.0624389 0.0551647 0.0546267 
S1315       0.0773803 0.1157257 0.1212386 0.0786914 0.0752213 0.0961086 0.1205829 0.0928200 0.0854399 0.1123020 0.0888166 0.1055597 0.0968200 0.0808836 0.1002467 0.1334593 0.0975008 0.1148274 0.1028210 0.1096461 0.1709574 0.1190048 0.0911618 0.0822818 0.0163454 0.1110836 0.0878698 0.1290825 0.1194114 0.1248626 0.1340570 0.1509151 0.1778417 0.1436510 0.1029351 0.0880845 0.1599129 0.0961787 0.1068670 0.1257858 0.0985782 0.1155077 0.0822479 0.1005414 0.0000000 0.1344232 0.0957879 0.1048616 0.0924073 0.0847560 0.0863364 0.1399825 0.1100220 0.0830549 0.1243539 0.1164192 0.1048905 0.1205603 0.0800797 0.0836312 0.1008009 0.1258910 0.1197477 0.1072169 0.1063964 0.1086238 0.0885631 0.1141511 0.1229049 0.1382428 0.1022748 0.1627188 0.0881234 0.0963604 0.0877878 0.0875107 
S1332       0.1138650 0.1261046 0.1590541 0.1240133 0.1209527 0.1633700 0.1580148 0.1621085 0.1129363 0.1237416 0.0913090 0.1122062 0.1232551 0.1050891 0.1306996 0.1486671 0.1211484 0.1378311 0.1353193 0.1168521 0.1995700 0.1262236 0.1216303 0.1012986 0.1124135 0.1261575 0.0758462 0.1425591 0.1374222 0.1370753 0.1306191 0.1645693 0.2118463 0.1452196 0.1003360 0.1048227 0.1773582 0.1070339 0.1408182 0.1363226 0.1197905 0.1218834 0.1415536 0.1069878 0.1344232 0.0000000 0.1065868 0.1161102 0.1311785 0.0987385 0.0948740 0.1562719 0.1107423 0.1126504 0.1317711 0.1531309 0.1161387 0.1372456 0.0950332 0.0727969 0.1177453 0.1664618 0.1360708 0.1303017 0.1120698 0.1351278 0.0323692 0.0867950 0.1862996 0.1802367 0.1043154 0.1419644 0.0994183 0.0722828 0.1219655 0.0809114 
S1369       0.0477973 0.0196422 0.1146740 0.1001309 0.0916480 0.1080483 0.1095689 0.0960846 0.0883365 0.0709851 0.0228570 0.0261105 0.0829987 0.0480624 0.0684745 0.0767375 0.0330589 0.1000817 0.0597717 0.0160727 0.1681953 0.0330063 0.0735946 0.0660330 0.0734216 0.0957953 0.0675519 0.0838650 0.0706997 0.0957234 0.0862728 0.1459629 0.1846848 0.0979554 0.0791600 0.0828668 0.1385621 0.0063022 0.0590828 0.1043180 0.0844673 0.1005074 0.0854052 0.0293224 0.0957879 0.1065868 0.0000000 0.0259598 0.0655950 0.0295507 0.0813287 0.1192198 0.0377240 0.0659506 0.0912092 0.0837467 0.0127542 0.0876117 0.0741301 0.0626850 0.0262714 0.1160335 0.0365375 0.1053796 0.0400815 0.0577707 0.0644446 0.0808222 0.1032404 0.1313969 0.0869746 0.1197395 0.0511171 0.0622571 0.0585809 0.0618528 
S1370       0.0480843 0.0335379 0.1196750 0.1007775 0.0877716 0.1174213 0.1102867 0.1026472 0.0934846 0.0752253 0.0298365 0.0193440 0.0755220 0.0482060 0.0809552 0.0854169 0.0402701 0.1007274 0.0717082 0.0296306 0.1594200 0.0331887 0.0663526 0.0617095 0.0816953 0.0964109 0.0724043 0.0966908 0.0870120 0.1133518 0.0952746 0.1373725 0.1756623 0.1114689 0.0877566 0.0833892 0.1301889 0.0260537 0.0631796 0.1049941 0.0850095 0.1011591 0.0901226 0.0225289 0.1048616 0.1161102 0.0259598 0.0000000 0.0584834 0.0297208 0.0777229 0.1290002 0.0379512 0.0588008 0.1085652 0.0840389 0.0261211 0.1048893 0.0745892 0.0707350 0.0264163 0.1211017 0.0438364 0.1060685 0.0439848 0.0655605 0.0690323 0.0856476 0.1081187 0.1508114 0.0875252 0.1163013 0.0514230 0.0702485 0.0589357 0.0622259 
S1375       0.0233514 0.0672261 0.1198007 0.0967174 0.0882524 0.1001640 0.1104033 0.1028908 0.0845981 0.0925636 0.0706175 0.0625887 0.0794455 0.0594757 0.0769310 0.0981626 0.0666315 0.1049037 0.0799164 0.0624867 0.1497573 0.0821060 0.0663745 0.0565623 0.0779102 0.1005443 0.0860682 0.0876463 0.0870383 0.1224308 0.0996445 0.1323395 0.1602250 0.1155959 0.0963048 0.0834369 0.1348922 0.0658472 0.0708876 0.1051051 0.0933457 0.0971308 0.0857535 0.0621790 0.0924073 0.1311785 0.0655950 0.0584834 0.0000000 0.0551903 0.0653809 0.1189449 0.0649840 0.0588210 0.1175091 0.0799511 0.0585071 0.1137983 0.0708095 0.0826430 0.0706690 0.1255572 0.0862270 0.1148090 0.0707019 0.0849410 0.0776465 0.0944213 0.1124619 0.1365852 0.0917635 0.1198869 0.0588602 0.0820726 0.0704475 0.0737504 
S1381       0.0375137 0.0373397 0.0986847 0.0767814 0.0790582 0.0923656 0.0897674 0.1040208 0.0756815 0.0563691 0.0301471 0.0298961 0.0642937 0.0340667 0.0614918 0.0737480 0.0299934 0.0807137 0.0453767 0.0333182 0.1412321 0.0440884 0.0554909 0.0565806 0.0705505 0.0686056 0.0547917 0.0809287 0.0677367 0.0969680 0.0749270 0.1239182 0.1614497 0.0990653 0.0722920 0.0641887 0.1174642 0.0296593 0.0522774 0.0848156 0.0654275 0.0810524 0.0780941 0.0262772 0.0847560 0.0987385 0.0295507 0.0297208 0.0551903 0.0000000 0.0582086 0.1076525 0.0274002 0.0480901 0.0923834 0.0684651 0.0297363 0.0887394 0.0558908 0.0555459 0.0300768 0.0998642 0.0442948 0.0774717 0.0336017 0.0475172 0.0566841 0.0694276 0.0873633 0.1287411 0.0719756 0.1128008 0.0337196 0.0551649 0.0372805 0.0442169 
S1449       0.0506559 0.0876244 0.0921544 0.0200382 0.0733032 0.0950334 0.0872939 0.0948946 0.0692560 0.0757797 0.0657755 0.0823988 0.0579862 0.0502801 0.0670958 0.0908390 0.0742500 0.0786267 0.0792565 0.0781583 0.1504593 0.0948022 0.0487081 0.0395921 0.0726037 0.0703250 0.0623581 0.0782702 0.0737021 0.0919747 0.0854304 0.1276896 0.1660892 0.1013971 0.0789627 0.0379446 0.1306406 0.0816626 0.0969283 0.0783114 0.0676396 0.0839149 0.0837018 0.0735377 0.0863364 0.0948740 0.0813287 0.0777229 0.0653809 0.0582086 0.0000000 0.1020711 0.0771426 0.0413461 0.0873189 0.0828843 0.0776881 0.0920868 0.0344782 0.0459505 0.0783088 0.0967364 0.0956749 0.0886313 0.0699071 0.0774609 0.0591332 0.0767755 0.1127290 0.1218990 0.0750851 0.1171794 0.0456978 0.0578057 0.0612480 0.0574124 
