135
S0055       0.0000000 0.1011420 0.1256611 0.1242327 0.0841759 0.1330181 0.1205998 0.1153657 0.0928553 0.1226586 0.1361277 0.1321609 0.1364434 0.1328610 0.1368814 0.1132153 0.1308231 0.1355246 0.1355441 0.0991264 0.0834792 0.0813513 0.1295442 0.1090398 0.1058146 0.0912924 0.1341276 0.1096017 0.1360063 0.1174765 0.1261012 0.1040505 0.1498110 0.1246165 0.1245223 0.0902445 0.0914658 0.1251097 0.1048832 0.1290162 0.0855788 0.0977339 0.1004591 0.1335635 0.1488442 0.1082576 0.1381962 0.1063698 0.0818491 0.1392746 0.0887498 0.0854854 0.0867863 0.0867906 0.1442358 0.1078580 0.1003386 0.1417512 0.1189551 0.0973107 0.0957365 0.1049972 0.1151253 0.1336573 0.1162453 0.1246289 0.1300320 0.1318920 0.1244962 0.1381077 0.1103950 0.1573597 0.1461855 0.1192390 0.1181993 0.1458851 0.0873927 0.1450686 0.1045950 0.0994340 0.1118994 0.1457098 0.1036438 0.1311599 0.1492406 0.0788989 0.1001703 0.1126474 0.1141126 0.1176013 0.1262512 0.1355026 0.1043014 0.1343237 0.1309518 0.1306615 0.1382972 0.0835827 0.1395844 0.1488543 0.1235125 0.0899245 0.0822008 0.0540115 0.1488878 0.0856959 0.1014473 0.1204576 0.1268284 0.1255167 0.0927388 0.0881345 0.1173107 0.1244962 0.1301305 0.0803092 0.1281704 0.1291941 0.1221218 0.0828638 0.1273248 0.0900885 0.1085757 0.0802050 0.0871456 0.1353637 0.1292440 0.1222938 0.0958598 0.0958222 0.1469838 0.0896548 0.1261261 0.0975959 0.0939861 
S0196sl     0.1011420 0.0000000 0.1142595 0.0657629 0.0858510 0.1226777 0.1108235 0.0915668 0.0886790 0.1368550 0.1218225 0.1215961 0.1245586 0.1207007 0.1293200 0.1026964 0.1230012 0.1053076 0.1229373 0.1064804 0.0824518 0.0814735 0.1263719 0.1176424 0.0974756 0.0272714 0.1461015 0.1039901 0.1232211 0.1158036 0.1280946 0.1123285 0.1351459 0.0934636 0.1166898 0.0974552 0.0956720 0.1178301 0.0949946 0.1254108 0.0783868 0.0833143 0.0519226 0.1291471 0.1480769 0.1211869 0.1247550 0.0915179 0.0816826 0.1402690 0.0249627 0.0848840 0.0242567 0.0264817 0.1378989 0.0595607 0.1009227 0.1196817 0.1128738 0.0941400 0.0796649 0.1107247 0.1136593 0.1367974 0.1047956 0.1280113 0.1277579 0.1462904 0.0659676 0.1436067 0.1089548 0.1276729 0.0950066 0.1279362 0.1206336 0.1438530 0.0264985 0.1400682 0.0766489 0.0892934 0.0792000 0.0948046 0.1174852 0.1084610 0.1450541 0.0782631 0.1047964 0.1017039 0.1029069 0.1137786 0.1118900 0.1247167 0.1023337 0.1274389 0.1114853 0.1135620 0.1324007 0.0841179 0.1232926 0.1448643 0.0967426 0.0921257 0.0841028 0.0884551 0.1295312 0.0925364 0.0895238 0.0958198 0.1009833 0.1178460 0.0965232 0.0249860 0.1141617 0.0659676 0.1251938 0.0834945 0.0710677 0.1002379 0.1150022 0.0850567 0.1220591 0.0966228 0.1090745 0.0842991 0.0838597 0.1265065 0.1238040 0.1278748 0.0884344 0.0805334 0.1638899 0.0417977 0.1169019 0.1088423 0.0639009 
S0278       0.1256611 0.1142595 0.0000000 0.1437446 0.1042262 0.1407428 0.0355131 0.1275235 0.1113526 0.1502781 0.0528612 0.1417796 0.1486481 0.0438520 0.1467972 0.0544155 0.1402603 0.1575118 0.1437535 0.1374007 0.1028934 0.1021900 0.0547030 0.1364424 0.0445074 0.1057329 0.1600398 0.0433717 0.1441901 0.0683112 0.1303359 0.1308150 0.1556486 0.1295879 0.0263613 0.1182331 0.1102475 0.0397879 0.0698286 0.0951268 0.1044270 0.1217322 0.1212417 0.1452141 0.1576127 0.1381966 0.1480058 0.1317436 0.1026031 0.1472008 0.1023087 0.1033426 0.1017627 0.1039329 0.1495708 0.1283348 0.0652676 0.1524407 0.0805840 0.0633971 0.1095091 0.0444639 0.1318629 0.1382201 0.1199030 0.1336409 0.1355332 0.1559683 0.1362940 0.1568839 0.1249204 0.1608269 0.1545189 0.1227447 0.1257144 0.1553733 0.1032817 0.1517612 0.0719142 0.1029568 0.1204200 0.1534313 0.1390717 0.1515767 0.1588539 0.0996475 0.1253002 0.1293618 0.0286948 0.0840749 0.0899692 0.1475955 0.0655956 0.0318006 0.1315846 0.1379917 0.1496643 0.1067960 0.1461079 0.1625538 0.1342225 0.1088694 0.1029156 0.1056958 0.1653008 0.1182260 0.0648733 0.1288656 0.1403071 0.0447728 0.1173440 0.1016404 0.0393907 0.1362940 0.0927624 0.1025994 0.1417209 0.1449675 0.1351630 0.1064721 0.0509999 0.1115938 0.0715604 0.1031428 0.1067453 0.1441520 0.1452268 0.0889174 0.1008156 0.1111191 0.1644568 0.1061403 0.1367039 0.1388334 0.1107411 
S0281       0.1242327 0.0657629 0.1437446 0.0000000 0.1081972 0.1471819 0.1332728 0.1155877 0.1138354 0.1435477 0.1422694 0.1419750 0.1416521 0.1486004 0.1484897 0.1327619 0.1485376 0.1624212 0.1483096 0.1247860 0.1044691 0.1022336 0.1446740 0.1317209 0.1238630 0.0584702 0.1508661 0.1211471 0.1450996 0.1281368 0.1463480 0.1282313 0.1545758 0.1407072 0.1340629 0.1162962 0.1097099 0.1381208 0.1113981 0.1444874 0.0909442 0.1149004 0.0732618 0.1479029 0.1592314 0.1379558 0.1458867 0.1286785 0.1025336 0.1550772 0.0556095 0.1066008 0.0563488 0.0576277 0.1570161 0.0791164 0.1214942 0.1390445 0.1343273 0.1145533 0.1005493 0.1213658 0.1297945 0.1546313 0.1237547 0.1483163 0.1508295 0.1544831 0.0796178 0.1579776 0.1273815 0.1548737 0.1499611 0.1480108 0.1410195 0.1606046 0.0570306 0.1575952 0.1197967 0.1129083 0.1285727 0.1429771 0.1309360 0.1359927 0.1634443 0.1035217 0.1177789 0.1210389 0.1297417 0.1333006 0.1377569 0.1466166 0.1214585 0.1515251 0.1288663 0.1405973 0.1540418 0.1061192 0.1412215 0.1545543 0.1217485 0.1128858 0.1014651 0.1091518 0.1491117 0.1047528 0.1084334 0.1174625 0.1287558 0.1400006 0.1132919 0.0576237 0.1338179 0.0796178 0.1467861 0.1048757 0.0856669 0.1249767 0.1369972 0.1051101 0.1488348 0.1125985 0.1276815 0.1036694 0.0972052 0.1491336 0.1471033 0.1421742 0.1141410 0.1013824 0.1620179 0.0717549 0.1387665 0.1318623 0.0988889 
S0282       0.0841759 0.0858510 0.1042262 0.1081972 0.0000000 0.1116948 0.0969851 0.1009563 0.0245074 0.1006662 0.1111222 0.1173863 0.1249375 0.1074208 0.1184954 0.0943569 0.1239795 0.1296681 0.1176525 0.0912471 0.0132973 0.0168469 0.1139968 0.0869099 0.0854433 0.0760011 0.1228715 0.0928910 0.1187411 0.0980603 0.1210514 0.0906673 0.1362856 0.1069225 0.1027209 0.0614369 0.0267055 0.1087437 0.0878402 0.1151074 0.0654605 0.0202777 0.0906581 0.1171065 0.1306262 0.0931941 0.1183617 0.0946351 0.0282357 0.1335154 0.0729428 0.0144787 0.0710271 0.0744103 0.1408970 0.0943812 0.0875072 0.1225730 0.1050864 0.0824076 0.0798477 0.0970247 0.0957545 0.1258158 0.1042060 0.1211771 0.1209163 0.1104743 0.1075240 0.1214145 0.0939041 0.1334581 0.1317214 0.1192308 0.1131845 0.1327127 0.0724150 0.1310414 0.0768141 0.0875718 0.0999427 0.1258977 0.0763149 0.1186990 0.1341822 0.0139399 0.0647072 0.1029041 0.0930653 0.1034122 0.1100307 0.1203411 0.0907091 0.1089766 0.1060942 0.1110936 0.1225329 0.0192835 0.1145704 0.1386780 0.1081186 0.0210392 0.0180602 0.0625251 0.1344489 0.0595915 0.0819110 0.1033403 0.1065756 0.1054144 0.0592601 0.0723358 0.0996770 0.1075240 0.1134365 0.0139301 0.1139679 0.1087585 0.1153392 0.0377189 0.1084255 0.0390539 0.0934394 0.0401889 0.0645211 0.1271924 0.1256166 0.1166346 0.0859365 0.0813100 0.1389333 0.0757972 0.1192345 0.0911996 0.0782848 
S0288       0.1330181 0.1226777 0.1407428 0.1471819 0.1116948 0.0000000 0.1403773 0.1336319 0.1161488 0.1506315 0.1451822 0.0150189 0.0930910 0.1482622 0.0237846 0.1382409 0.1504272 0.1314835 0.0182698 0.1251593 0.1119341 0.1085469 0.1639647 0.1214263 0.1323780 0.1104558 0.1668206 0.1403988 0.0162854 0.1439187 0.1444635 0.1392528 0.1028838 0.0086674 0.1303369 0.1201214 0.1179852 0.1437565 0.1347252 0.1597634 0.1107717 0.1209061 0.1169125 0.0191931 0.1653300 0.1443621 0.0182795 0.1484305 0.1108356 0.1663813 0.1093872 0.1143006 0.1070868 0.1103182 0.1598846 0.1187516 0.1251738 0.1002530 0.1451687 0.1270376 0.1191125 0.1369667 0.0524261 0.1547279 0.1362393 0.1560541 0.1548513 0.1621770 0.1310760 0.1572190 0.1426948 0.1042979 0.1002670 0.1485048 0.1551495 0.1694663 0.1046454 0.1646572 0.1172231 0.1157872 0.1224602 0.1028601 0.1285432 0.1534794 0.1598495 0.1073281 0.1298971 0.1352392 0.1302916 0.1435741 0.1590878 0.0179200 0.1356557 0.1487408 0.0804160 0.0137787 0.0210824 0.1138065 0.0988616 0.1679506 0.1389136 0.1162855 0.1136796 0.1129469 0.1611471 0.1157723 0.1238876 0.1331581 0.1379090 0.1414593 0.1249019 0.1070239 0.1404919 0.1310760 0.1547843 0.1123666 0.1395431 0.1406924 0.1488316 0.1162823 0.1506024 0.1165905 0.1355836 0.1063313 0.1130201 0.1483605 0.1511353 0.1490820 0.1173383 0.1209320 0.1782123 0.1162081 0.1515865 0.1313553 0.1199336 
S0289       0.1205998 0.1108235 0.0355131 0.1332728 0.0969851 0.1403773 0.0000000 0.1209258 0.1043814 0.1382466 0.0456490 0.1434278 0.1416557 0.0425553 0.1446930 0.0522931 0.1322528 0.1570798 0.1431216 0.1245889 0.0942446 0.0956742 0.0503656 0.1279714 0.0438563 0.0995175 0.1481113 0.0441665 0.1435546 0.0629526 0.1192254 0.1204670 0.1503533 0.1338712 0.0327714 0.1134697 0.1019787 0.0385210 0.0587195 0.0875382 0.0944747 0.1117292 0.1130719 0.1437859 0.1514117 0.1306129 0.1481462 0.1206346 0.0946911 0.1378406 0.0961667 0.0961491 0.0956194 0.0977603 0.1397440 0.1215698 0.0597358 0.1440492 0.0738494 0.0563324 0.0979013 0.0397550 0.1278093 0.1291240 0.1086947 0.1251537 0.1262660 0.1503288 0.1300975 0.1488040 0.1215749 0.1563610 0.1479132 0.1145444 0.1133375 0.1514417 0.0971131 0.1480982 0.0741927 0.0934581 0.1118063 0.1432918 0.1297263 0.1422575 0.1531713 0.0917488 0.1153089 0.1172174 0.0262096 0.0746914 0.0814431 0.1479858 0.0600474 0.0394912 0.1254139 0.1376131 0.1493324 0.0988476 0.1391507 0.1545895 0.1274858 0.1023998 0.0951446 0.0992920 0.1602926 0.1070288 0.0566006 0.1253395 0.1348185 0.0363575 0.1090191 0.0955047 0.0344361 0.1300975 0.0852553 0.0960530 0.1338779 0.1376529 0.1236981 0.1000147 0.0483727 0.1025413 0.0624410 0.0921853 0.0972887 0.1385142 0.1348629 0.0775666 0.0924753 0.0994584 0.1554319 0.0969991 0.1274906 0.1280409 0.0997994 
S0292       0.1153657 0.0915668 0.1275235 0.1155877 0.1009563 0.1336319 0.1209258 0.0000000 0.1063021 0.1282372 0.1286750 0.1384337 0.1374145 0.1321336 0.1439555 0.1174999 0.1167683 0.1149404 0.1407617 0.1228932 0.1008513 0.0987599 0.1373736 0.1257692 0.1075590 0.0784046 0.1558892 0.1250658 0.1395485 0.1258578 0.1191418 0.1172805 0.1538091 0.1264782 0.1204024 0.1081947 0.1098080 0.1269860 0.1127433 0.1401071 0.0889951 0.1130341 0.0951293 0.1399009 0.1439063 0.1300907 0.1416170 0.1242821 0.0939902 0.1271553 0.0753607 0.1014999 0.0754646 0.0775510 0.1320903 0.1009602 0.1144612 0.1396445 0.1253799 0.1012344 0.0831133 0.1232550 0.1273276 0.1204982 0.1028309 0.1209953 0.1199663 0.1499645 0.1123028 0.1361899 0.1191466 0.1470583 0.1465207 0.1223611 0.1152903 0.1421985 0.0761942 0.1398509 0.1094465 0.0914859 0.0793256 0.1241302 0.1266107 0.0446121 0.1443838 0.0985532 0.1160893 0.1061660 0.1153101 0.1275970 0.1341550 0.1421355 0.1134134 0.1327423 0.1301253 0.1308608 0.1455637 0.1017018 0.1366768 0.1301594 0.0110922 0.1071789 0.0996295 0.0960823 0.0583504 0.1058437 0.1043847 0.0192583 0.0147237 0.1320747 0.1082216 0.0774768 0.1191880 0.1123028 0.1399243 0.0982770 0.1174250 0.0328705 0.1063440 0.0985427 0.1346329 0.1093556 0.1187223 0.0972978 0.0928905 0.1236071 0.1189654 0.1408086 0.0893683 0.0839624 0.1697507 0.0775826 0.1078863 0.1249983 0.0786336 
S0293       0.0928553 0.0886790 0.1113526 0.1138354 0.0245074 0.1161488 0.1043814 0.1063021 0.0000000 0.1043755 0.1139299 0.1183274 0.1294363 0.1115062 0.1232143 0.0968488 0.1258430 0.1253126 0.1169836 0.0971926 0.0232964 0.0195412 0.1207496 0.0855809 0.0951131 0.0791223 0.1237977 0.1006528 0.1189672 0.1059496 0.1257735 0.0975359 0.1402118 0.1067541 0.1076360 0.0658617 0.0300186 0.1114819 0.0928562 0.1195771 0.0694430 0.0283674 0.0929901 0.1204604 0.1369576 0.0943399 0.1201167 0.0972698 0.0289841 0.1387440 0.0752538 0.0220134 0.0753753 0.0782175 0.1443370 0.0984306 0.0924098 0.1253248 0.1091286 0.0859317 0.0826411 0.1090191 0.1018477 0.1275589 0.1087650 0.1241154 0.1248837 0.1117980 0.1093662 0.1267538 0.0995004 0.1307895 0.1322063 0.1233980 0.1168300 0.1419431 0.0767992 0.1392944 0.0866999 0.0923208 0.0948856 0.1237734 0.0823722 0.1282351 0.1419490 0.0215130 0.0700739 0.1068140 0.0995216 0.1072238 0.1136551 0.1206185 0.0945023 0.1149749 0.1095342 0.1134024 0.1261789 0.0246553 0.1167289 0.1439918 0.1130227 0.0277972 0.0233520 0.0698187 0.1434968 0.0654001 0.0831181 0.1096566 0.1114266 0.1118059 0.0615406 0.0760276 0.1030379 0.1093662 0.1145216 0.0189636 0.1177975 0.1113275 0.1181952 0.0395418 0.1135821 0.0442592 0.0974016 0.0433944 0.0711850 0.1301679 0.1266853 0.1190411 0.0918725 0.0841857 0.1388912 0.0782614 0.1223448 0.0928869 0.0801979 
S0294       0.1226586 0.1368550 0.1502781 0.1435477 0.1006662 0.1506315 0.1382466 0.1282372 0.1043755 0.0000000 0.1541076 0.1628305 0.1655836 0.1576843 0.1626038 0.1348115 0.1546078 0.1575236 0.1590289 0.1431110 0.0992193 0.0970864 0.1605631 0.1225853 0.1288008 0.1146382 0.1630803 0.1492423 0.1628967 0.1412639 0.1502522 0.1152543 0.1833444 0.1347112 0.1397293 0.1097344 0.1058843 0.1506672 0.1251532 0.1481315 0.0955188 0.1193969 0.1241126 0.1588531 0.1634280 0.1231882 0.1644868 0.1327322 0.0987955 0.1607860 0.1105908 0.0981985 0.1107493 0.1129883 0.1686606 0.1325594 0.1257644 0.1644853 0.1388811 0.1185189 0.1120107 0.1532944 0.1521225 0.1573105 0.1378031 0.1538410 0.1530805 0.0890763 0.1431476 0.1553283 0.1325359 0.1886504 0.1624677 0.1508621 0.1445477 0.1622683 0.1107834 0.1606327 0.1207390 0.1167104 0.1214863 0.1577608 0.1288952 0.1498656 0.1640899 0.0953026 0.1152749 0.1353761 0.1374880 0.1367942 0.1476934 0.1712721 0.1217073 0.1511308 0.1449406 0.1542303 0.1651385 0.0970698 0.1625387 0.1705386 0.1335774 0.1032104 0.0993135 0.1023019 0.1647778 0.1112959 0.1173188 0.1337127 0.1409517 0.1483168 0.1115793 0.1128863 0.1444805 0.1431476 0.1487324 0.0950510 0.1485674 0.1435413 0.1495503 0.1033615 0.1573474 0.1097434 0.1250541 0.1020643 0.1073569 0.1562537 0.1590921 0.1466177 0.1189463 0.1128546 0.1758422 0.1137842 0.1517558 0.1278960 0.1120604 
S0299       0.1361277 0.1218225 0.0528612 0.1422694 0.1111222 0.1451822 0.0456490 0.1286750 0.1139299 0.1541076 0.0000000 0.1474258 0.1490864 0.0593794 0.1518272 0.0669597 0.1470404 0.1646240 0.1493561 0.1393205 0.1054126 0.1047091 0.0662793 0.1388514 0.0553735 0.1099979 0.1641673 0.0519965 0.1514929 0.0755085 0.1357726 0.1341434 0.1684016 0.1377900 0.0481625 0.1268052 0.1177671 0.0506227 0.0757480 0.0960267 0.1085718 0.1216879 0.1253239 0.1518273 0.1553777 0.1348135 0.1537682 0.1273632 0.1073407 0.1510094 0.1065342 0.1073372 0.1059916 0.1081746 0.1486769 0.1329611 0.0708554 0.1610678 0.0785894 0.0686173 0.1103526 0.0553954 0.1360894 0.1456473 0.1191636 0.1400906 0.1427551 0.1659043 0.1439719 0.1600082 0.1277143 0.1672869 0.1611610 0.1324482 0.1312173 0.1569582 0.1075222 0.1504172 0.0841702 0.1054684 0.1263931 0.1548797 0.1458650 0.1543480 0.1578185 0.1028893 0.1291971 0.1327775 0.0399216 0.0836292 0.0885835 0.1532850 0.0700132 0.0530784 0.1411886 0.1438913 0.1574662 0.1108217 0.1489577 0.1691534 0.1318682 0.1120854 0.1063366 0.1126371 0.1705764 0.1209942 0.0693581 0.1323863 0.1398457 0.0585334 0.1219738 0.1051506 0.0514970 0.1439719 0.0959446 0.1072435 0.1463620 0.1486025 0.1411634 0.1137660 0.0585789 0.1183671 0.0746582 0.1076749 0.1075711 0.1480482 0.1511089 0.0916292 0.1034251 0.1119575 0.1664558 0.1119759 0.1435064 0.1362428 0.1115653 
S0303       0.1321609 0.1215961 0.1417796 0.1419750 0.1173863 0.0150189 0.1434278 0.1384337 0.1183274 0.1628305 0.1474258 0.0000000 0.0953868 0.1458374 0.0228949 0.1357969 0.1425437 0.1474035 0.0201665 0.1368875 0.1173834 0.1110919 0.1619248 0.1301728 0.1295565 0.1082334 0.1709631 0.1357435 0.0157955 0.1456747 0.1520514 0.1417990 0.1129175 0.0093767 0.1350304 0.1223618 0.1219024 0.1448272 0.1252281 0.1558684 0.1146391 0.1239380 0.1167886 0.0185694 0.1654286 0.1478624 0.0145551 0.1463038 0.1099734 0.1691203 0.1064014 0.1172262 0.1042394 0.1073720 0.1631816 0.1176023 0.1247869 0.0994728 0.1421265 0.1278561 0.1255769 0.1329788 0.0538222 0.1649060 0.1385807 0.1622337 0.1592747 0.1726857 0.1349883 0.1590914 0.1461190 0.1110451 0.1079108 0.1530488 0.1565286 0.1724338 0.1043488 0.1664751 0.1153410 0.1189130 0.1275477 0.1068183 0.1353593 0.1522510 0.1693844 0.1098847 0.1367811 0.1370364 0.1311218 0.1416177 0.1521998 0.0159179 0.1301818 0.1477938 0.0841663 0.0148755 0.0223272 0.1175672 0.0996771 0.1724363 0.1423659 0.1198554 0.1142805 0.1187610 0.1687825 0.1166149 0.1218247 0.1405002 0.1389953 0.1421211 0.1293657 0.1041952 0.1424530 0.1349883 0.1518805 0.1139247 0.1393530 0.1422842 0.1425260 0.1143307 0.1537737 0.1211319 0.1326872 0.1114319 0.1146140 0.1525934 0.1467536 0.1456404 0.1195745 0.1273178 0.1873087 0.1151082 0.1462301 0.1348787 0.1192512 
S0308       0.1364434 0.1245586 0.1486481 0.1416521 0.1249375 0.0930910 0.1416557 0.1374145 0.1294363 0.1655836 0.1490864 0.0953868 0.0000000 0.1499180 0.0955876 0.1425749 0.1562470 0.1554016 0.0901633 0.1415553 0.1232493 0.1188353 0.1603087 0.1426514 0.1321881 0.1208362 0.1762081 0.1402964 0.0957552 0.1412175 0.1561517 0.1483705 0.1165671 0.0866099 0.1393749 0.1299379 0.1325249 0.1494222 0.1309987 0.1582794 0.1209751 0.1311130 0.1253356 0.0936967 0.1817422 0.1455936 0.0958768 0.1400119 0.1191346 0.1744153 0.1172309 0.1238719 0.1159174 0.1173953 0.1686370 0.1299556 0.1343320 0.0956807 0.1414001 0.1260333 0.1207759 0.1318882 0.0762660 0.1708492 0.1433562 0.1637019 0.1673180 0.1792634 0.1431319 0.1717752 0.1380195 0.1101088 0.1203170 0.1573406 0.1548521 0.1854085 0.1152022 0.1782019 0.1247301 0.1213475 0.1323667 0.1061253 0.1493229 0.1589946 0.1804985 0.1177857 0.1368287 0.1442958 0.1335829 0.1444598 0.1511512 0.0933065 0.1351403 0.1570309 0.0940169 0.0875600 0.1022516 0.1236529 0.0980058 0.1739023 0.1452144 0.1297737 0.1218652 0.1168877 0.1714223 0.1315540 0.1263714 0.1437021 0.1468090 0.1477500 0.1334416 0.1165481 0.1503770 0.1431319 0.1539992 0.1191702 0.1470697 0.1535990 0.1489617 0.1227224 0.1549727 0.1238955 0.1378086 0.1169691 0.1249298 0.1581091 0.1564692 0.1526275 0.1250717 0.1216834 0.1828654 0.1180803 0.1542321 0.1459516 0.1168678 
S0320       0.1328610 0.1207007 0.0438520 0.1486004 0.1074208 0.1482622 0.0425553 0.1321336 0.1115062 0.1576843 0.0593794 0.1458374 0.1499180 0.0000000 0.1538324 0.0611052 0.1488460 0.1498072 0.1494466 0.1403312 0.1070013 0.1061476 0.0612717 0.1330201 0.0493166 0.1126901 0.1530943 0.0471926 0.1516328 0.0727039 0.1344474 0.1286142 0.1633395 0.1267310 0.0396204 0.1236747 0.1133442 0.0422621 0.0728592 0.1049864 0.1098313 0.1205570 0.1197634 0.1528312 0.1586260 0.1365031 0.1537547 0.1274841 0.1034735 0.1568688 0.1098992 0.1074630 0.1085804 0.1116339 0.1506096 0.1287804 0.0703375 0.1548287 0.0877421 0.0672883 0.1069131 0.0476244 0.1358293 0.1448211 0.1194944 0.1389109 0.1408743 0.1659945 0.1410182 0.1577027 0.1292030 0.1693569 0.1518331 0.1268577 0.1269673 0.1630463 0.1101005 0.1593725 0.0659822 0.1060197 0.1162306 0.1473064 0.1463028 0.1543355 0.1624025 0.1018991 0.1294884 0.1276431 0.0318775 0.0889954 0.0970492 0.1529118 0.0701774 0.0496016 0.1350098 0.1463572 0.1583918 0.1111106 0.1481249 0.1722034 0.1381193 0.1107451 0.1072265 0.1083698 0.1710444 0.1234314 0.0729818 0.1393824 0.1368682 0.0443004 0.1188123 0.1091945 0.0414758 0.1410182 0.1018867 0.1058461 0.1477436 0.1425468 0.1409081 0.1143553 0.0533131 0.1168024 0.0765210 0.1086510 0.1103123 0.1530476 0.1498177 0.0963624 0.1011881 0.1070143 0.1575072 0.1094079 0.1425459 0.1340345 0.1113642 
S0322       0.1368814 0.1293200 0.1467972 0.1484897 0.1184954 0.0237846 0.1446930 0.1439555 0.1232143 0.1626038 0.1518272 0.0228949 0.0955876 0.1538324 0.0000000 0.1417575 0.1518584 0.1566496 0.0217710 0.1388763 0.1207317 0.1161630 0.1639145 0.1389581 0.1341021 0.1179566 0.1739538 0.1430296 0.0193783 0.1463483 0.1497944 0.1433954 0.1124329 0.0220478 0.1395050 0.1262799 0.1249625 0.1479713 0.1334581 0.1583116 0.1173522 0.1301858 0.1249990 0.0184512 0.1656060 0.1497877 0.0200233 0.1477099 0.1174022 0.1736938 0.1161188 0.1213527 0.1118159 0.1178101 0.1690925 0.1258291 0.1315021 0.1002381 0.1470286 0.1301696 0.1261160 0.1341875 0.0558021 0.1650000 0.1429961 0.1640966 0.1612776 0.1695976 0.1409650 0.1590520 0.1501269 0.1080964 0.1167810 0.1564024 0.1564842 0.1718741 0.1126330 0.1678892 0.1321033 0.1251049 0.1368544 0.1151616 0.1448099 0.1582561 0.1699583 0.1143919 0.1387322 0.1431916 0.1355342 0.1453280 0.1565571 0.0209149 0.1355701 0.1531124 0.0849717 0.0167000 0.0270820 0.1209619 0.0997111 0.1727915 0.1467124 0.1230295 0.1193712 0.1217468 0.1722063 0.1246351 0.1278942 0.1418413 0.1482331 0.1485049 0.1323090 0.1139644 0.1469337 0.1409650 0.1554318 0.1189531 0.1462642 0.1473122 0.1531604 0.1232880 0.1519546 0.1251873 0.1370878 0.1171869 0.1180056 0.1577634 0.1579089 0.1517001 0.1234345 0.1277895 0.1839152 0.1199551 0.1568062 0.1405326 0.1229091 
S0327       0.1132153 0.1026964 0.0544155 0.1327619 0.0943569 0.1382409 0.0522931 0.1174999 0.0968488 0.1348115 0.0669597 0.1357969 0.1425749 0.0611052 0.1417575 0.0000000 0.1308065 0.1366470 0.1409763 0.1202993 0.0922470 0.0923962 0.0649236 0.1211862 0.0386205 0.1012514 0.1506011 0.0465604 0.1414007 0.0603636 0.1207866 0.1168640 0.1561944 0.1309760 0.0523141 0.1085101 0.1014302 0.0554522 0.0575477 0.0869757 0.0937603 0.1057974 0.1109408 0.1384410 0.1445088 0.1206822 0.1420891 0.1096730 0.0914309 0.1328533 0.0978961 0.0927048 0.0959011 0.0994902 0.1343182 0.1161678 0.0581381 0.1428245 0.0719077 0.0533235 0.0981733 0.0490619 0.1190114 0.1271777 0.1068135 0.1222783 0.1233465 0.1457081 0.1305341 0.1409609 0.1141880 0.1582072 0.1494184 0.1124511 0.1104122 0.1444730 0.0966514 0.1419711 0.0596489 0.0900750 0.1054421 0.1448863 0.1219145 0.1428340 0.1453158 0.0884913 0.1070344 0.1192104 0.0452622 0.0727962 0.0800476 0.1387599 0.0605398 0.0552603 0.1271005 0.1340160 0.1462232 0.0977013 0.1385454 0.1509030 0.1256149 0.0982834 0.0932656 0.0928688 0.1598455 0.1022216 0.0569938 0.1186427 0.1236063 0.0615615 0.1001564 0.0972353 0.0492557 0.1305341 0.0839774 0.0911766 0.1343122 0.1330313 0.1213815 0.0950049 0.0616092 0.1045295 0.0608385 0.0932869 0.0961113 0.1356465 0.1334067 0.0785526 0.0921230 0.0997260 0.1529551 0.0971921 0.1228047 0.1240546 0.0948918 
S0335       0.1308231 0.1230012 0.1402603 0.1485376 0.1239795 0.1504272 0.1322528 0.1167683 0.1258430 0.1546078 0.1470404 0.1425437 0.1562470 0.1488460 0.1518584 0.1308065 0.0000000 0.0733580 0.1537943 0.1367391 0.1208797 0.1186651 0.1518562 0.1425824 0.1281914 0.1106174 0.1610641 0.1318461 0.1516242 0.1385589 0.1341189 0.1396230 0.1740287 0.1302948 0.1359144 0.1300914 0.1257982 0.1430237 0.1290953 0.1476960 0.1150132 0.1288817 0.1213394 0.1512497 0.1733769 0.1537830 0.1528734 0.1421236 0.1190521 0.1439915 0.1066175 0.1230339 0.1067902 0.1082598 0.1412023 0.1259671 0.1234665 0.1508713 0.1361322 0.1226999 0.1114729 0.1393797 0.1418375 0.1348296 0.1186544 0.1354414 0.1407099 0.1626222 0.1407606 0.1633386 0.1424795 0.1658107 0.1579458 0.1331486 0.1279734 0.1738280 0.1090605 0.1681255 0.1310999 0.1076190 0.0563973 0.1458636 0.1349573 0.1375405 0.1753422 0.1193035 0.1391081 0.1019997 0.1295147 0.1355839 0.1445704 0.1642592 0.1253008 0.1494643 0.1406017 0.1422016 0.1605795 0.1232220 0.1497428 0.0731185 0.1224218 0.1304867 0.1211443 0.1170748 0.1461788 0.1205204 0.1150958 0.1195305 0.1241627 0.1375979 0.1349880 0.1073941 0.1318330 0.1407606 0.1506780 0.1205912 0.1462781 0.1273952 0.0448224 0.1233508 0.1508043 0.1300059 0.1293363 0.1179734 0.1180550 0.0619640 0.0327643 0.1494892 0.1028933 0.1138921 0.1933504 0.1112793 0.0429686 0.1387566 0.1125729 
S0345       0.1355246 0.1053076 0.1575118 0.1624212 0.1296681 0.1314835 0.1570798 0.1149404 0.1253126 0.1575236 0.1646240 0.1474035 0.1554016 0.1498072 0.1566496 0.1366470 0.0733580 0.0000000 0.1445742 0.1520853 0.1315078 0.1192792 0.1457834 0.1678321 0.1357850 0.1135456 0.1793568 0.1331649 0.1450310 0.1296787 0.1424015 0.1397315 0.1731720 0.1418246 0.1491973 0.1290514 0.1389979 0.1530451 0.1474094 0.1776873 0.1340208 0.1355176 0.1216480 0.1395453 0.1801875 0.1616563 0.1452757 0.1377325 0.1262393 0.1672646 0.1073439 0.1327016 0.1119158 0.1117825 0.1394648 0.1265720 0.1488523 0.1384162 0.1546294 0.1442058 0.1175789 0.1424480 0.1284459 0.1504533 0.1209383 0.1452863 0.1481931 0.1720953 0.1469946 0.1588336 0.1449246 0.1650498 0.1728133 0.1486999 0.1477987 0.1816553 0.1116817 0.1732773 0.1266714 0.1095951 0.0616189 0.1667417 0.1417948 0.1214179 0.1831151 0.1281498 0.1516652 0.1175280 0.1390811 0.1540953 0.1627377 0.1410826 0.1480808 0.1635169 0.1331106 0.1352351 0.1482553 0.1295324 0.1379592 0.0500249 0.1196004 0.1375139 0.1266843 0.1259003 0.1401337 0.1270475 0.1376489 0.1141340 0.1126110 0.1535391 0.1423034 0.1116522 0.1444980 0.1469946 0.1679587 0.1273874 0.1606955 0.1203016 0.0640185 0.1415104 0.1609216 0.1385611 0.1525566 0.1267858 0.1193779 0.0240986 0.0655543 0.1706299 0.0929125 0.1180126 0.2109561 0.1161923 0.0616859 0.1621582 0.1116438 
S0355       0.1355441 0.1229373 0.1437535 0.1483096 0.1176525 0.0182698 0.1431216 0.1407617 0.1169836 0.1590289 0.1493561 0.0201665 0.0901633 0.1494466 0.0217710 0.1409763 0.1537943 0.1445742 0.0000000 0.1347637 0.1191249 0.1123488 0.1628329 0.1349676 0.1349251 0.1145975 0.1694842 0.1423099 0.0156743 0.1470949 0.1507488 0.1407790 0.1112185 0.0141885 0.1371033 0.1248533 0.1216711 0.1471588 0.1326458 0.1580919 0.1169787 0.1203935 0.1222126 0.0201562 0.1703122 0.1491546 0.0174593 0.1413556 0.1151204 0.1709635 0.1127942 0.1197386 0.1108023 0.1129500 0.1666573 0.1252019 0.1317125 0.0960730 0.1435427 0.1285433 0.1230817 0.1369041 0.0559241 0.1650148 0.1413259 0.1593963 0.1593711 0.1650234 0.1380459 0.1609133 0.1476245 0.1041185 0.1072706 0.1554466 0.1585206 0.1735798 0.1100871 0.1684779 0.1285011 0.1204975 0.1325479 0.1061848 0.1380944 0.1556914 0.1705367 0.1128708 0.1385643 0.1414913 0.1317329 0.1436971 0.1530034 0.0192893 0.1348709 0.1517862 0.0826489 0.0129844 0.0237629 0.1163225 0.0985868 0.1715970 0.1437222 0.1230659 0.1170337 0.1189998 0.1679539 0.1199070 0.1242167 0.1394257 0.1439061 0.1444853 0.1291261 0.1106687 0.1452720 0.1380459 0.1536718 0.1165954 0.1432653 0.1437102 0.1489239 0.1211279 0.1523803 0.1220083 0.1371070 0.1127860 0.1174570 0.1544404 0.1571255 0.1516854 0.1237181 0.1247262 0.1780310 0.1180416 0.1541437 0.1358182 0.1215704 
S0376       0.0991264 0.1064804 0.1374007 0.1247860 0.0912471 0.1251593 0.1245889 0.1228932 0.0971926 0.1431110 0.1393205 0.1368875 0.1415553 0.1403312 0.1388763 0.1202993 0.1367391 0.1520853 0.1347637 0.0000000 0.0880601 0.0864393 0.1379702 0.1107418 0.1172318 0.0952910 0.0709444 0.1104261 0.1324970 0.1286210 0.1291116 0.1143063 0.1493659 0.1246235 0.1311392 0.1012288 0.0996327 0.1284890 0.1175554 0.1340064 0.0848570 0.0981473 0.1016718 0.1351442 0.1467176 0.1182190 0.1373648 0.1166562 0.0909175 0.1478194 0.0940838 0.0926828 0.0934745 0.0950422 0.1548013 0.1104836 0.1089507 0.1257851 0.1255627 0.1045360 0.1033195 0.1104123 0.1219518 0.1388069 0.1193119 0.1339193 0.1372289 0.1446601 0.1160773 0.1455360 0.1147428 0.1445698 0.1356213 0.1277734 0.1292616 0.1426603 0.0951243 0.1437581 0.1188268 0.1003155 0.1262987 0.1330776 0.0886409 0.1413698 0.1466092 0.0862408 0.1091946 0.1177220 0.1213753 0.1293798 0.1264203 0.1296808 0.1194536 0.1433057 0.1330305 0.1244370 0.1442022 0.0881436 0.1259368 0.1521523 0.1314435 0.0978156 0.0854848 0.0856995 0.1580769 0.0789002 0.1076109 0.1261420 0.1355774 0.1282847 0.1040519 0.0933935 0.1221723 0.1160773 0.1375857 0.0860549 0.1208602 0.1374259 0.1277988 0.0875478 0.1334747 0.0911605 0.1228201 0.0801414 0.0906963 0.1373808 0.1439994 0.1334119 0.0995663 0.1049647 0.1533447 0.0936302 0.1250344 0.0483005 0.0972357 
S0400       0.0834792 0.0824518 0.1028934 0.1044691 0.0132973 0.1119341 0.0942446 0.1008513 0.0232964 0.0992193 0.1054126 0.1173834 0.1232493 0.1070013 0.1207317 0.0922470 0.1208797 0.1315078 0.1191249 0.0880601 0.0000000 0.0127311 0.1109075 0.0841038 0.0848812 0.0725912 0.1167879 0.0891535 0.1187384 0.0949358 0.1187489 0.0872044 0.1318239 0.1108443 0.0984639 0.0594687 0.0236025 0.1059728 0.0814297 0.1113957 0.0613429 0.0171420 0.0870977 0.1178821 0.1336597 0.0888396 0.1183590 0.0956801 0.0252238 0.1281774 0.0695671 0.0080406 0.0683414 0.0710202 0.1385661 0.0922554 0.0812984 0.1202072 0.0998695 0.0781375 0.0791898 0.0941179 0.0976093 0.1226338 0.1034699 0.1188722 0.1186170 0.1105386 0.1038685 0.1252275 0.0917911 0.1287336 0.1280652 0.1159361 0.1102601 0.1357512 0.0703981 0.1318157 0.0832164 0.0860169 0.0998974 0.1237121 0.0742422 0.1216198 0.1365276 0.0110049 0.0640664 0.1000043 0.0896228 0.0983829 0.1038845 0.1211953 0.0871736 0.1062263 0.1038628 0.1119263 0.1225295 0.0174884 0.1122459 0.1378676 0.1080983 0.0180666 0.0151056 0.0592573 0.1350935 0.0576261 0.0798445 0.1025841 0.1090360 0.1025984 0.0586271 0.0689611 0.0966345 0.1038685 0.1097417 0.0133466 0.1102531 0.1096750 0.1130766 0.0345773 0.1048942 0.0384288 0.0884254 0.0383227 0.0617696 0.1256396 0.1225878 0.1116719 0.0838736 0.0806501 0.1390954 0.0730485 0.1169525 0.0876922 0.0762670 
S0405       0.0813513 0.0814735 0.1021900 0.1022336 0.0168469 0.1085469 0.0956742 0.0987599 0.0195412 0.0970864 0.1047091 0.1110919 0.1188353 0.1061476 0.1161630 0.0923962 0.1186651 0.1192792 0.1123488 0.0864393 0.0127311 0.0000000 0.1117343 0.0812470 0.0848840 0.0718985 0.1178681 0.0881654 0.1127233 0.0926047 0.1179555 0.0856545 0.1282598 0.1010067 0.0968621 0.0568019 0.0211135 0.1045082 0.0839388 0.1122626 0.0607568 0.0211220 0.0869789 0.1133046 0.1329062 0.0868187 0.1123321 0.0910800 0.0216130 0.1273220 0.0688817 0.0150884 0.0676567 0.0696358 0.1377470 0.0929312 0.0829117 0.1186166 0.1022023 0.0796456 0.0771066 0.0930897 0.0908810 0.1210708 0.1018959 0.1180780 0.1193672 0.1036909 0.1016513 0.1228613 0.0903685 0.1263438 0.1273933 0.1159160 0.1119130 0.1342241 0.0697101 0.1318070 0.0811324 0.0830590 0.0957126 0.1192878 0.0715030 0.1178590 0.1333942 0.0127815 0.0614189 0.0963846 0.0901933 0.1006306 0.1062905 0.1131655 0.0879826 0.1064059 0.1023573 0.1066148 0.1179116 0.0151180 0.1098797 0.1347439 0.1059091 0.0204741 0.0121510 0.0592591 0.1343484 0.0549721 0.0777428 0.0987391 0.1051251 0.1011644 0.0553492 0.0676070 0.0966165 0.1016513 0.1091174 0.0121780 0.1079988 0.1057392 0.1093491 0.0320484 0.1047175 0.0346783 0.0899834 0.0345144 0.0605242 0.1210457 0.1195724 0.1126090 0.0817740 0.0785587 0.1353330 0.0730466 0.1139742 0.0848599 0.0762346 
S0407sl     0.1295442 0.1263719 0.0547030 0.1446740 0.1139968 0.1639647 0.0503656 0.1373736 0.1207496 0.1605631 0.0662793 0.1619248 0.1603087 0.0612717 0.1639145 0.0649236 0.1518562 0.1457834 0.1628329 0.1379702 0.1109075 0.1117343 0.0000000 0.1415077 0.0468869 0.1119783 0.1631202 0.0439403 0.1623605 0.0489874 0.1345692 0.1354397 0.1747558 0.1574167 0.0501817 0.1275991 0.1199972 0.0566763 0.0790679 0.1046276 0.1117826 0.1382328 0.1249564 0.1639933 0.1631979 0.1449448 0.1668577 0.1203925 0.1145192 0.1371199 0.1066126 0.1114007 0.1075984 0.1090975 0.1678038 0.1352395 0.0795222 0.1560918 0.0897887 0.0731906 0.1131590 0.0416170 0.1272251 0.1438781 0.1273716 0.1389726 0.1411596 0.1678273 0.1439413 0.1632988 0.1432243 0.1710065 0.1650718 0.1350747 0.1344875 0.1641422 0.1092701 0.1603755 0.0656348 0.1133782 0.1296950 0.1601196 0.1492907 0.1591492 0.1651674 0.1072797 0.1318029 0.1338404 0.0399889 0.0901019 0.0961195 0.1486320 0.0729860 0.0598817 0.1401578 0.1540887 0.1679288 0.1159488 0.1507698 0.1659952 0.1438467 0.1191659 0.1119794 0.1172227 0.1755807 0.1202538 0.0782118 0.1366549 0.1527352 0.0588348 0.1240649 0.1057665 0.0242016 0.1439413 0.1036732 0.1114480 0.1472963 0.1563213 0.1443090 0.1194925 0.0665517 0.1199884 0.0782321 0.1100193 0.1159768 0.1587055 0.1563974 0.0962483 0.1102958 0.1141258 0.1681332 0.1098855 0.1461707 0.1377989 0.1171089 
S0412sl     0.1090398 0.1176424 0.1364424 0.1317209 0.0869099 0.1214263 0.1279714 0.1257692 0.0855809 0.1225853 0.1388514 0.1301728 0.1426514 0.1330201 0.1389581 0.1211862 0.1425824 0.1678321 0.1349676 0.1107418 0.0841038 0.0812470 0.1415077 0.0000000 0.1125405 0.1021339 0.1408484 0.1221086 0.1353915 0.1240982 0.1409905 0.1069221 0.1609709 0.1124131 0.1266336 0.0878701 0.0917169 0.1364224 0.1133652 0.1369013 0.0843880 0.0912817 0.1114636 0.1353055 0.1626280 0.0847108 0.1391985 0.1237941 0.0810886 0.1426147 0.0994164 0.0847149 0.0996269 0.1017911 0.1560580 0.1213537 0.1106273 0.1385894 0.1291685 0.1054251 0.1082694 0.1210062 0.1193482 0.1447233 0.1227934 0.1394559 0.1413031 0.1370436 0.1257015 0.1545800 0.1249213 0.1572456 0.1671841 0.1348472 0.1341721 0.1624410 0.1011403 0.1588375 0.1040691 0.1076137 0.1308664 0.1519059 0.1001003 0.1413527 0.1608103 0.0787868 0.0967195 0.1268371 0.1196385 0.1291325 0.1358344 0.1394990 0.1123219 0.1372012 0.1370301 0.1291425 0.1468079 0.0835414 0.1428099 0.1672021 0.1324317 0.0885316 0.0827907 0.0893492 0.1540536 0.0877358 0.1079884 0.1335757 0.1331599 0.1324137 0.0879762 0.0995483 0.1214175 0.1257015 0.1456884 0.0830243 0.1310240 0.1367033 0.1367660 0.0851598 0.1363425 0.0833175 0.1170611 0.0719098 0.0896743 0.1495614 0.1465467 0.1348442 0.1088763 0.1098689 0.1657812 0.0989356 0.1402304 0.1066798 0.1035664 
S0417       0.1058146 0.0974756 0.0445074 0.1238630 0.0854433 0.1323780 0.0438563 0.1075590 0.0951131 0.1288008 0.0553735 0.1295565 0.1321881 0.0493166 0.1341021 0.0386205 0.1281914 0.1357850 0.1349251 0.1172318 0.0848812 0.0848840 0.0468869 0.1125405 0.0000000 0.0919371 0.1457798 0.0300497 0.1353298 0.0540704 0.1132323 0.1136998 0.1453715 0.1245508 0.0417605 0.1002388 0.0906177 0.0436709 0.0532143 0.0809114 0.0853052 0.0988376 0.1042470 0.1330583 0.1401411 0.1082481 0.1359862 0.1006455 0.0853265 0.1278617 0.0887007 0.0860699 0.0881244 0.0909560 0.1331267 0.1104107 0.0517203 0.1376971 0.0658133 0.0473435 0.0853037 0.0343635 0.1123192 0.1209057 0.0996364 0.1178718 0.1182331 0.1418579 0.1213375 0.1340464 0.1081649 0.1487227 0.1434049 0.1093676 0.1049584 0.1431931 0.0888780 0.1392045 0.0502055 0.0842481 0.1039468 0.1373439 0.1241292 0.1336581 0.1416113 0.0810038 0.1053041 0.1109681 0.0330892 0.0676277 0.0745253 0.1333144 0.0519503 0.0492487 0.1170512 0.1284176 0.1392377 0.0878571 0.1332976 0.1439436 0.1164659 0.0914437 0.0843466 0.0879979 0.1460712 0.1004257 0.0537584 0.1100974 0.1168595 0.0522079 0.0976732 0.0887421 0.0359160 0.1213375 0.0780843 0.0837426 0.1250154 0.1224245 0.1179572 0.0910045 0.0523796 0.0957891 0.0576023 0.0827308 0.0861872 0.1289197 0.1299640 0.0751023 0.0809101 0.0860987 0.1496512 0.0902967 0.1155732 0.1213981 0.0842898 
S0419       0.0912924 0.0272714 0.1057329 0.0584702 0.0760011 0.1104558 0.0995175 0.0784046 0.0791223 0.1146382 0.1099979 0.1082334 0.1208362 0.1126901 0.1179566 0.1012514 0.1106174 0.1135456 0.1145975 0.0952910 0.0725912 0.0718985 0.1119783 0.1021339 0.0919371 0.0000000 0.1289080 0.0916902 0.1132223 0.1010716 0.1078547 0.0974681 0.1254322 0.1005132 0.1036860 0.0861688 0.0779131 0.1054283 0.0874630 0.1189767 0.0646027 0.0815385 0.0434769 0.1153211 0.1293801 0.1050679 0.1160165 0.0999896 0.0716303 0.1170964 0.0091996 0.0745673 0.0086329 0.0103771 0.1221812 0.0496378 0.0864212 0.1138585 0.1067699 0.0852749 0.0669833 0.0975924 0.0998834 0.1151710 0.0945524 0.1111668 0.1101678 0.1230257 0.0520643 0.1274900 0.0973680 0.1276774 0.1156492 0.1118254 0.1089527 0.1331650 0.0098011 0.1271258 0.0872501 0.0822479 0.0854576 0.1112332 0.1016193 0.0986576 0.1332339 0.0715804 0.0938409 0.0909191 0.0954564 0.1064871 0.1148128 0.1146699 0.0898278 0.1161286 0.1036404 0.1077906 0.1214934 0.0740745 0.1110220 0.1302025 0.0869671 0.0817442 0.0706680 0.0767054 0.1161346 0.0804622 0.0832033 0.0821898 0.0890799 0.1074584 0.0886033 0.0097878 0.1001011 0.0520643 0.1172991 0.0728566 0.0555676 0.0902075 0.1024542 0.0762122 0.1127414 0.0839750 0.0963071 0.0734559 0.0683724 0.1176429 0.1109932 0.1167111 0.0765773 0.0677348 0.1412401 0.0321553 0.1033056 0.0987253 0.0639125 
S0427       0.1341276 0.1461015 0.1600398 0.1508661 0.1228715 0.1668206 0.1481113 0.1558892 0.1237977 0.1630803 0.1641673 0.1709631 0.1762081 0.1530943 0.1739538 0.1506011 0.1610641 0.1793568 0.1694842 0.0709444 0.1167879 0.1178681 0.1631202 0.1408484 0.1457798 0.1289080 0.0000000 0.1486069 0.1683714 0.1601652 0.1593981 0.1407136 0.1718234 0.1665685 0.1504025 0.1272398 0.1275632 0.1558687 0.1495148 0.1671669 0.1190716 0.1292991 0.1332723 0.1732749 0.1879138 0.1469729 0.1733666 0.1557502 0.1174040 0.1701276 0.1259342 0.1191457 0.1261675 0.1284606 0.1808384 0.1400680 0.1384506 0.1587770 0.1594517 0.1372710 0.1252575 0.1502359 0.1516601 0.1682463 0.1453375 0.1618032 0.1606517 0.1672719 0.1447443 0.1816363 0.1434825 0.1770051 0.1659395 0.1488113 0.1490920 0.1827642 0.1268901 0.1799953 0.1632066 0.1261929 0.1542622 0.1698023 0.1219952 0.1660083 0.1844735 0.1146459 0.1377043 0.1393947 0.1462777 0.1591120 0.1686935 0.1648340 0.1489573 0.1620251 0.1545167 0.1619543 0.1778328 0.1180257 0.1545472 0.1786485 0.1591031 0.1249920 0.1154653 0.1149421 0.1849729 0.1130243 0.1384189 0.1581614 0.1680082 0.1467684 0.1320414 0.1244961 0.1510384 0.1447443 0.1706251 0.1159465 0.1479902 0.1587370 0.1606970 0.1203918 0.1581856 0.1206180 0.1450457 0.1107661 0.1241970 0.1637383 0.1677243 0.1665957 0.1293076 0.1269448 0.1784913 0.1279658 0.1600513 0.0776334 0.1268694 
S0428sl     0.1096017 0.1039901 0.0433717 0.1211471 0.0928910 0.1403988 0.0441665 0.1250658 0.1006528 0.1492423 0.0519965 0.1357435 0.1402964 0.0471926 0.1430296 0.0465604 0.1318461 0.1331649 0.1423099 0.1104261 0.0891535 0.0881654 0.0439403 0.1221086 0.0300497 0.0916902 0.1486069 0.0000000 0.1412690 0.0428288 0.1264672 0.1158607 0.1476854 0.1267128 0.0435995 0.1037380 0.0909756 0.0440779 0.0578291 0.0847233 0.0904232 0.1042908 0.1042353 0.1361202 0.1407588 0.1219474 0.1418169 0.1185436 0.0906425 0.1302868 0.0873261 0.0888253 0.0864235 0.0884413 0.1474835 0.1161672 0.0581238 0.1501393 0.0740228 0.0535554 0.0996794 0.0379501 0.1197075 0.1295231 0.1112559 0.1212171 0.1276654 0.1478916 0.1225345 0.1473647 0.1237736 0.1563458 0.1366505 0.1236012 0.1211868 0.1406342 0.0894642 0.1362484 0.0578645 0.0986881 0.1129312 0.1450429 0.1266402 0.1513150 0.1431857 0.0856981 0.1076465 0.1166446 0.0344640 0.0738931 0.0836846 0.1372542 0.0596907 0.0465850 0.1193886 0.1271765 0.1446668 0.0930772 0.1451906 0.1456329 0.1317477 0.0981762 0.0901307 0.0953924 0.1677961 0.1018626 0.0546992 0.1252950 0.1381439 0.0538269 0.1037058 0.0853860 0.0421408 0.1225345 0.0865576 0.0914444 0.1262769 0.1441596 0.1228113 0.0933923 0.0559153 0.0948075 0.0648793 0.0901244 0.0941149 0.1400562 0.1361377 0.0739102 0.0944743 0.1028396 0.1556035 0.0924743 0.1272916 0.1163788 0.1033165 
S0430       0.1360063 0.1232211 0.1441901 0.1450996 0.1187411 0.0162854 0.1435546 0.1395485 0.1189672 0.1628967 0.1514929 0.0157955 0.0957552 0.1516328 0.0193783 0.1414007 0.1516242 0.1450310 0.0156743 0.1324970 0.1187384 0.1127233 0.1623605 0.1353915 0.1353298 0.1132223 0.1683714 0.1412690 0.0000000 0.1466046 0.1485629 0.1421342 0.1133790 0.0122597 0.1374956 0.1252227 0.1212778 0.1476054 0.1339752 0.1602983 0.1146317 0.1270959 0.1215931 0.0152948 0.1654716 0.1496092 0.0132982 0.1458140 0.1139507 0.1692424 0.1114252 0.1185809 0.1094338 0.1130835 0.1644706 0.1240291 0.1320518 0.0979889 0.1475041 0.1306559 0.1219614 0.1371912 0.0569041 0.1618728 0.1402125 0.1601840 0.1574294 0.1698855 0.1366247 0.1587623 0.1480361 0.1060752 0.1065591 0.1541142 0.1564327 0.1695594 0.1087193 0.1656151 0.1310864 0.1201281 0.1293573 0.1054840 0.1379146 0.1544402 0.1658831 0.1124705 0.1389805 0.1419801 0.1329071 0.1457975 0.1569850 0.0143486 0.1368162 0.1520229 0.0837506 0.0088057 0.0170595 0.1174452 0.0996888 0.1740868 0.1433671 0.1226866 0.1159107 0.1186010 0.1667877 0.1211885 0.1245844 0.1365478 0.1435013 0.1465498 0.1310812 0.1093018 0.1456534 0.1366247 0.1558437 0.1154695 0.1418324 0.1424993 0.1502280 0.1191660 0.1537026 0.1207937 0.1375226 0.1138931 0.1170267 0.1549024 0.1549472 0.1539683 0.1209129 0.1236063 0.1757111 0.1174480 0.1538240 0.1362823 0.1204430 
