130
PAFTOL_019361 0.0000000 0.1760430 0.1340709 0.1532698 0.1579707 0.1904317 0.2144157 0.2040170 0.1522399 0.1972068 0.1763099 0.1675453 0.1522501 0.0000010 0.1538480 0.1655799 0.1541199 0.1497688 0.1698085 0.1908427 0.1821836 0.1873687 0.1879146 0.1731759 0.1475215 0.1650914 0.1758301 0.1739840 0.1624735 0.1837015 0.1848061 0.1492478 0.1987286 0.1862669 0.1933533 0.2032371 0.1632243 0.1680232 0.1741492 0.1785563 0.1729096 0.1723065 0.1804450 0.1966940 0.1852468 0.1793257 0.1900835 0.1741450 0.1438883 0.1870505 0.1388506 0.1826795 0.1688857 0.1407950 0.1819386 0.1718386 0.1778897 0.1766914 0.1466937 0.1858569 0.1834171 0.1756415 0.1801144 0.0000010 0.1825685 0.1814806 0.1924097 0.1476531 0.1705075 0.1724574 0.1771291 0.1951891 0.1388506 0.0000010 0.3158033 0.1896899 0.1724702 0.1453270 0.1927788 0.0000010 0.1823807 0.2053056 0.2070664 0.0000010 0.1685523 0.1685661 0.1706852 0.1686214 0.1713669 0.1766236 0.1806895 0.1813289 0.1870236 0.1542942 0.1883033 0.1528753 0.2062241 0.1926513 0.1790955 0.1674477 0.1799110 0.1734971 0.1544432 0.1565383 0.1622643 0.1838285 0.1346278 0.1954594 0.1835165 0.1843227 0.1874134 0.1760445 0.1426662 0.1534598 0.1759878 0.1637108 0.1722335 0.1596294 0.1676219 0.1676855 0.1819157 0.1684702 0.1780807 0.1779265 0.1931879 0.1680700 0.1626830 0.1541069 0.1609875 0.1676087 
S0055         0.1760430 0.0000000 0.0515533 0.0965336 0.0777007 0.0846344 0.1045497 0.1014092 0.0864375 0.0827097 0.0868206 0.0935798 0.0907501 0.0969216 0.0866196 0.1067980 0.0780824 0.0825844 0.0597735 0.0790519 0.0780169 0.0804748 0.0971774 0.0781491 0.0524456 0.0685643 0.0927750 0.0995257 0.0848985 0.1009788 0.0954522 0.1046908 0.0948362 0.0942906 0.0895814 0.0811888 0.0883846 0.0637436 0.0860257 0.0667754 0.0874334 0.0819916 0.0998891 0.1349785 0.1061085 0.0948904 0.0727439 0.0968100 0.0495742 0.0809327 0.0466182 0.1049139 0.0844067 0.0922015 0.0788842 0.0679678 0.0751403 0.0822526 0.0835638 0.0974041 0.0915508 0.1022688 0.0970725 0.1102057 0.0808974 0.1332125 0.1025388 0.1013571 0.1304394 0.1024097 0.1019465 0.1221388 0.0511246 0.1119644 0.1261888 0.1051881 0.0864666 0.1130513 0.0966879 0.1162802 0.1315041 0.0840172 0.0986450 0.0687532 0.0715914 0.0747214 0.0898620 0.0686018 0.0894872 0.0933020 0.1021774 0.0966823 0.0760554 0.0948668 0.0957563 0.0840766 0.0830424 0.0753258 0.0381572 0.1007103 0.0860983 0.0861660 0.0813635 0.0940484 0.0907830 0.0818036 0.0542167 0.1244256 0.0842266 0.0863208 0.0782286 0.0875890 0.0704880 0.0841358 0.0749473 0.0882968 0.0745366 0.0810264 0.0697542 0.0635394 0.0926986 0.0846765 0.0813476 0.0916430 0.0783594 0.1110823 0.0541431 0.0808575 0.0712136 0.0796846 
S0196sl       0.1340709 0.0515533 0.0000000 0.0659444 0.0431051 0.0844531 0.0936715 0.0770406 0.0733638 0.0803179 0.0841331 0.0711695 0.0746082 0.0865462 0.0657913 0.0883400 0.0609133 0.0733284 0.0632097 0.0781178 0.0769101 0.0627875 0.0894645 0.0573202 0.0138722 0.0694120 0.0644666 0.0841770 0.0753230 0.0950342 0.0904342 0.0866737 0.0917535 0.0623351 0.0863692 0.0803922 0.0645509 0.0571520 0.0643849 0.0709319 0.0712054 0.0480461 0.0862178 0.1114871 0.1067511 0.0828068 0.0709689 0.0926335 0.0076508 0.0802490 0.0076380 0.0978842 0.0552479 0.0817613 0.0556838 0.0585984 0.0556033 0.0553244 0.0668341 0.0875068 0.0864128 0.0853413 0.0850691 0.1228966 0.0449998 0.1147764 0.0905453 0.0882720 0.0994096 0.0930306 0.0936711 0.1057857 0.0107595 0.1116087 0.0162137 0.1000473 0.0698251 0.0971661 0.0885919 0.1236451 0.1091615 0.0834667 0.0945882 0.0524652 0.0535740 0.0519657 0.0754200 0.0572611 0.0675621 0.0777115 0.0906802 0.0866023 0.0729564 0.0903952 0.0842068 0.0702350 0.0871752 0.0751364 0.0585246 0.0950233 0.0838521 0.0676703 0.0716018 0.0767753 0.0708444 0.0788564 0.0123028 0.0624649 0.0484597 0.0644076 0.0770278 0.0482502 0.0643161 0.0731011 0.0708226 0.0626996 0.0709864 0.0693486 0.0692196 0.0586815 0.0784838 0.0733934 0.0625516 0.0866815 0.0646727 0.0905926 0.0250673 0.0694621 0.0621284 0.0573529 
S0278         0.1532698 0.0965336 0.0659444 0.0000000 0.0886472 0.1218925 0.1261394 0.0641925 0.1148314 0.1214541 0.1242396 0.0598300 0.1060726 0.1476196 0.0442418 0.1244208 0.0549195 0.1143213 0.0955269 0.1117525 0.1159678 0.0515757 0.1296946 0.0518638 0.0752186 0.1074076 0.0621002 0.1183873 0.0756721 0.1227029 0.1221575 0.1205711 0.1274083 0.0483389 0.1261035 0.1177344 0.0486958 0.0852659 0.0889270 0.1056541 0.1237318 0.0980901 0.1184363 0.1551189 0.1375928 0.1154900 0.1154373 0.1176731 0.0735660 0.1176553 0.0735661 0.1201162 0.0990204 0.1088453 0.0781768 0.0831280 0.1024153 0.0547950 0.1071911 0.1210718 0.1181510 0.1263947 0.1243566 0.1694194 0.1086815 0.1575295 0.1299803 0.1229010 0.1492595 0.1231797 0.1173344 0.1437738 0.0720818 0.1640390 0.1464967 0.1326846 0.1148671 0.1302565 0.1271095 0.1717357 0.1480049 0.1314837 0.1352093 0.0667630 0.0803891 0.0803824 0.1084657 0.0887685 0.0423359 0.1224117 0.1213440 0.1154628 0.1153714 0.1155182 0.1246287 0.1108772 0.1015856 0.1108033 0.1094255 0.1304295 0.1225364 0.0887950 0.1076656 0.1193892 0.0498611 0.1233911 0.0769566 0.0921215 0.1122773 0.0872958 0.1149302 0.1142219 0.0976346 0.1138423 0.1077377 0.0486051 0.1106619 0.0984932 0.1104845 0.0987122 0.1148806 0.1177026 0.0887807 0.1148566 0.1061815 0.1344755 0.0816380 0.1120126 0.0936845 0.0991324 
S0281         0.1579707 0.0777007 0.0431051 0.0886472 0.0000000 0.1128699 0.1184317 0.0931207 0.0965777 0.1109197 0.1133937 0.0886267 0.1012425 0.1256274 0.0802687 0.1140390 0.0719703 0.0945339 0.0841650 0.1069045 0.1043262 0.0719657 0.1150052 0.0702434 0.0435228 0.0959961 0.0771746 0.1116216 0.0800352 0.1136417 0.1208590 0.1086769 0.1204127 0.0893759 0.1169145 0.1076914 0.0802266 0.0701505 0.0702915 0.0924180 0.1129314 0.0645672 0.1154258 0.1478809 0.1213899 0.1087649 0.1002492 0.1059003 0.0420150 0.1089886 0.0420154 0.1172486 0.0700249 0.1025943 0.0627811 0.0681740 0.0879734 0.0772836 0.0874849 0.1031618 0.1101966 0.1100065 0.1010159 0.1457423 0.0759939 0.1516096 0.1237919 0.1033420 0.1332947 0.1130341 0.1109550 0.1386777 0.0406071 0.1457697 0.0916438 0.1226805 0.0897757 0.1097366 0.1210319 0.1588159 0.1385736 0.1139385 0.1172127 0.0743448 0.0655010 0.0654969 0.1019158 0.0750996 0.0782853 0.1020163 0.1144474 0.1087398 0.1038009 0.1107718 0.1027524 0.0942645 0.1049556 0.1065037 0.0863245 0.1199480 0.1182585 0.0884757 0.0897594 0.0993679 0.0827101 0.1064455 0.0450665 0.1097158 0.0792796 0.0705155 0.1029045 0.0778673 0.0852999 0.0925442 0.1027967 0.0801820 0.1005428 0.0860933 0.0890325 0.0905670 0.0896867 0.1014047 0.0672772 0.1069886 0.0948548 0.1282527 0.0526944 0.0908201 0.0809249 0.0832175 
S0282         0.1904317 0.0846344 0.0844531 0.1218925 0.1128699 0.0000000 0.1390532 0.1248494 0.1169238 0.0250089 0.1068697 0.1254470 0.1262044 0.1343653 0.1127969 0.1359116 0.1031916 0.1234470 0.0900364 0.0178181 0.0293270 0.1068135 0.1016428 0.1036213 0.0890571 0.0980766 0.1265964 0.1315256 0.1141694 0.1388449 0.0962818 0.1391534 0.1244313 0.1120884 0.0441103 0.0337070 0.1094500 0.0997219 0.1208420 0.0783332 0.0283317 0.1141007 0.1338084 0.1623961 0.1103963 0.1285985 0.0263112 0.1340577 0.0857653 0.0192783 0.0857651 0.1298434 0.1155773 0.1135967 0.1138053 0.1073622 0.1105204 0.1066595 0.1167730 0.1349117 0.1296107 0.1403975 0.1347220 0.1383471 0.1147474 0.1676638 0.1392760 0.1238223 0.1664227 0.1331675 0.1330321 0.1536705 0.0842722 0.1454529 0.1483455 0.1355094 0.1257792 0.1320163 0.0843297 0.1631096 0.1628860 0.0364688 0.0841000 0.1007040 0.1066106 0.1066192 0.1232405 0.0998838 0.1173625 0.1307462 0.1326050 0.1321264 0.0248725 0.1201435 0.1299648 0.1148938 0.0351051 0.0295445 0.0788667 0.1396002 0.0769328 0.1193398 0.1133333 0.1233132 0.1203282 0.0691712 0.0908839 0.1459262 0.1145287 0.1191695 0.0165758 0.1220643 0.1020506 0.1212079 0.0251008 0.1161475 0.0640264 0.1200716 0.0545833 0.0702693 0.1255833 0.1254989 0.1154964 0.1158863 0.1139976 0.1414352 0.0923600 0.1176888 0.1043545 0.1118943 
S0288         0.2144157 0.1045497 0.0936715 0.1261394 0.1184317 0.1390532 0.0000000 0.1247280 0.1233744 0.1359415 0.1291241 0.1215661 0.0094150 0.0666229 0.1132213 0.0269686 0.1063323 0.1247344 0.1043319 0.1294461 0.1264798 0.1063915 0.1549469 0.1045003 0.0908014 0.1223707 0.1162423 0.0092750 0.1186649 0.1331702 0.1407311 0.0738235 0.0171585 0.1164507 0.1504936 0.1260186 0.1210912 0.0968562 0.1173585 0.1160018 0.1431966 0.1134475 0.0204064 0.1493678 0.1462095 0.0062032 0.1216228 0.1319754 0.0867980 0.1342563 0.0888229 0.1254908 0.1149851 0.0884599 0.1057180 0.1000981 0.1109477 0.1037622 0.0458743 0.1350581 0.1256597 0.1374606 0.1374171 0.1727528 0.1123413 0.1470702 0.1416012 0.0907513 0.1407640 0.1510093 0.1419316 0.1340387 0.0908155 0.1413528 0.1436243 0.1443831 0.1255671 0.1079074 0.1332467 0.1640713 0.1522443 0.1361772 0.1419342 0.1090741 0.1011718 0.1011610 0.0077786 0.0945449 0.1188366 0.0722818 0.0125281 0.0061924 0.1234929 0.0930750 0.1323528 0.1190957 0.1032411 0.1249907 0.1052631 0.1464612 0.1307376 0.1169332 0.1150575 0.1288697 0.1182437 0.1419106 0.0945790 0.1575499 0.1184670 0.1151892 0.1267315 0.1211901 0.1163091 0.1243467 0.1227267 0.1150118 0.1260215 0.1201318 0.1221452 0.1060049 0.1227986 0.1268229 0.1112381 0.1295909 0.1109837 0.1405176 0.0906985 0.1201972 0.1097923 0.1067576 
S0289         0.2040170 0.1014092 0.0770406 0.0641925 0.0931207 0.1248494 0.1247280 0.0000000 0.1109436 0.1226072 0.1282453 0.0594023 0.1124582 0.1224335 0.0441571 0.1343813 0.0515139 0.1224313 0.0948344 0.1163115 0.1171308 0.0388609 0.1487773 0.0455245 0.0733068 0.1119017 0.0599659 0.1230239 0.0737581 0.1381819 0.1388839 0.1183075 0.1320464 0.0575027 0.1289615 0.1206016 0.0486879 0.0832817 0.0836607 0.1118928 0.1244461 0.0911263 0.1269347 0.1515699 0.1303434 0.1218508 0.1132136 0.1310893 0.0716683 0.1168444 0.0716684 0.1217554 0.0989127 0.1155281 0.0760319 0.0795896 0.1003464 0.0389816 0.1118229 0.1342243 0.1271656 0.1361655 0.1358039 0.1564114 0.1098868 0.1610846 0.1316494 0.1164286 0.1601053 0.1343390 0.1342422 0.1382593 0.0701931 0.1401131 0.1845941 0.1383741 0.1144033 0.1259147 0.1327517 0.1456231 0.1407237 0.1326094 0.1399915 0.0380237 0.0784418 0.0752693 0.1147750 0.0864857 0.0483765 0.1166621 0.1277705 0.1218220 0.1165303 0.1182427 0.1293466 0.1086934 0.1424364 0.1158193 0.1089081 0.1281261 0.1280345 0.1005543 0.1038593 0.1171585 0.0511602 0.1249676 0.0750280 0.0791187 0.1134778 0.0836608 0.1161020 0.1154208 0.0942851 0.1167977 0.1125268 0.0529045 0.1186892 0.0977081 0.1184818 0.1099268 0.1123113 0.1245110 0.0867644 0.1203477 0.1057410 0.1525683 0.0847154 0.1132521 0.0929238 0.1037274 
S0292         0.1522399 0.0864375 0.0733638 0.1148314 0.0965777 0.1169238 0.1233744 0.1109436 0.0000000 0.1200852 0.1196830 0.1131575 0.1053860 0.1173653 0.1005380 0.1218110 0.0902110 0.0781901 0.0933749 0.1159340 0.1133601 0.0965492 0.1289927 0.0921916 0.0749111 0.1052640 0.1119127 0.1141691 0.1076214 0.1104517 0.1273091 0.1128552 0.1230628 0.1068911 0.1261207 0.1165890 0.0972450 0.0866922 0.0955981 0.0962653 0.1240743 0.0976987 0.1180237 0.1353661 0.1352425 0.1129785 0.1091370 0.1059579 0.0701334 0.1163743 0.0701335 0.1019863 0.1006379 0.1173607 0.0914101 0.0911042 0.0802551 0.0861684 0.1047581 0.1101885 0.1057711 0.1154455 0.1134716 0.1437187 0.0995868 0.1371200 0.1367489 0.1201622 0.1533321 0.1184765 0.1129018 0.1240427 0.0717877 0.1159994 0.2025560 0.1194872 0.0865564 0.1235412 0.1306814 0.0541940 0.1320877 0.1265703 0.1364069 0.0938380 0.0885457 0.0869100 0.1060306 0.0902298 0.1050129 0.1132354 0.1153079 0.1129521 0.1127825 0.1184085 0.0877537 0.0013609 0.1166065 0.1140997 0.0936270 0.0453930 0.1237930 0.1072879 0.0068012 0.0164170 0.1099869 0.1215900 0.0701515 0.1410270 0.1064340 0.0952471 0.1136378 0.1103604 0.0251922 0.0778645 0.1101019 0.0987797 0.1149176 0.1051004 0.1113695 0.0973922 0.0845705 0.0831800 0.0970928 0.0955514 0.0803031 0.1338349 0.0702605 0.0730769 0.0897665 0.0832026 
S0293         0.1972068 0.0827097 0.0803179 0.1214541 0.1109197 0.0250089 0.1359415 0.1226072 0.1200852 0.0000000 0.0991798 0.1249062 0.1239304 0.1319560 0.1123962 0.1313995 0.1027609 0.1229682 0.0876746 0.0205642 0.0307316 0.1046556 0.0992826 0.0999063 0.0871102 0.0960674 0.1241935 0.1292401 0.1153821 0.1323150 0.0942380 0.1315735 0.1221990 0.1046783 0.0439973 0.0336207 0.1074154 0.0993256 0.1186378 0.0732054 0.0282217 0.1083281 0.1314982 0.1617310 0.1099520 0.1263247 0.0248352 0.1296210 0.0838428 0.0248609 0.0838426 0.1258882 0.1130941 0.1165726 0.1115950 0.1020132 0.1117980 0.1029517 0.1128774 0.1304387 0.1291034 0.1358464 0.1302563 0.1358917 0.1122886 0.1669832 0.1387057 0.1268451 0.1633970 0.1326318 0.1324913 0.1530215 0.0823578 0.1429415 0.1436601 0.1349746 0.1252895 0.1350989 0.0807723 0.1576315 0.1622099 0.0349436 0.0773833 0.0952910 0.1045182 0.1045271 0.1210078 0.1013130 0.1169447 0.1284761 0.1320299 0.1281011 0.0263098 0.1233755 0.1279126 0.1144445 0.0412426 0.0279866 0.0753869 0.1408325 0.0734856 0.1120344 0.1145987 0.1245626 0.1144074 0.0643647 0.0889201 0.1437193 0.1120763 0.1135816 0.0179095 0.1199022 0.1033351 0.1207792 0.0250370 0.1157337 0.0591912 0.1161977 0.0498825 0.0684458 0.1270059 0.1232741 0.1133340 0.1171567 0.1152716 0.1402159 0.0903882 0.1172365 0.1022768 0.1131668 
S0294         0.1763099 0.0868206 0.0841331 0.1242396 0.1133937 0.1068697 0.1291241 0.1282453 0.1196830 0.0991798 0.0000000 0.1209910 0.1088753 0.1498198 0.1116567 0.1206317 0.0997411 0.1232878 0.0890511 0.1023613 0.0904059 0.1089951 0.0982873 0.1035202 0.0798168 0.1068862 0.1221821 0.1183654 0.1184363 0.1329525 0.0863244 0.1300457 0.1166889 0.1178120 0.1050831 0.0994328 0.1092573 0.0957244 0.1160044 0.0751101 0.1122926 0.1075011 0.1188368 0.1607610 0.1086800 0.1132886 0.0919075 0.1321711 0.0780382 0.1045498 0.0780382 0.1299405 0.1087033 0.1172865 0.1107413 0.1024396 0.1075149 0.1065144 0.1154338 0.1311591 0.1237701 0.1366878 0.1307933 0.0749297 0.1097526 0.1604416 0.1382341 0.1265205 0.1535260 0.1275200 0.1268553 0.1570332 0.0780193 0.1521256 0.1593563 0.1415215 0.1238894 0.1432671 0.1037883 0.1898400 0.1572858 0.1096498 0.1115525 0.1123947 0.0977975 0.1032464 0.1097095 0.0997353 0.1126296 0.1246385 0.1177650 0.1171234 0.0936803 0.1261243 0.1342920 0.1190032 0.0812591 0.0924100 0.0910199 0.1499978 0.0922759 0.1121565 0.1179542 0.1305072 0.1197179 0.1022734 0.0813823 0.1576536 0.1135518 0.1143939 0.1016737 0.1138207 0.1110200 0.1188743 0.0926075 0.1207681 0.0975958 0.1137680 0.0939377 0.0732535 0.1273662 0.1254517 0.1072456 0.1242235 0.1129760 0.1435145 0.0882968 0.1189185 0.0957220 0.1104178 
S0299         0.1675453 0.0935798 0.0711695 0.0598300 0.0886267 0.1254470 0.1215661 0.0594023 0.1131575 0.1249062 0.1209910 0.0000000 0.1057009 0.1306863 0.0368005 0.1239412 0.0532308 0.1088803 0.0907277 0.1134043 0.1193586 0.0438772 0.1275931 0.0502532 0.0752132 0.1026960 0.0487665 0.1145104 0.0675515 0.1237878 0.1336131 0.1115462 0.1269420 0.0623081 0.1296096 0.1246056 0.0517313 0.0820116 0.0823888 0.1022653 0.1250033 0.0931569 0.1183787 0.1424030 0.1398496 0.1116243 0.1154248 0.1152749 0.0704148 0.1228695 0.0687297 0.1148056 0.0993577 0.1143318 0.0732180 0.0815122 0.0974583 0.0471260 0.1033763 0.1182271 0.1166750 0.1194207 0.1215338 0.1562332 0.1086994 0.1482657 0.1248586 0.1136314 0.1358380 0.1217055 0.1178164 0.1327018 0.0689344 0.1457050 0.1005728 0.1311985 0.1043292 0.1193656 0.1387555 0.1452653 0.1371170 0.1271284 0.1329363 0.0389185 0.0771650 0.0771589 0.1046727 0.0853920 0.0440800 0.1133486 0.1174034 0.1115982 0.1204715 0.1172219 0.1156530 0.1091956 0.1286942 0.1163241 0.1026438 0.1284960 0.1215948 0.0976390 0.1060124 0.1176955 0.0409695 0.1202836 0.0737763 0.0732734 0.1122962 0.0840141 0.1183566 0.1105114 0.0997283 0.1067708 0.1164901 0.0578392 0.1174975 0.0933449 0.1138867 0.1020088 0.1057354 0.1074803 0.0819851 0.1116456 0.0977915 0.1271455 0.0818786 0.1032919 0.0887652 0.0958525 
S0303         0.1522501 0.0907501 0.0746082 0.1060726 0.1012425 0.1262044 0.0094150 0.1124582 0.1053860 0.1239304 0.1088753 0.1057009 0.0000000 0.0695354 0.0968902 0.0223248 0.0946963 0.1136186 0.0897161 0.1196658 0.1170599 0.0960253 0.1327698 0.0912646 0.0743087 0.1082199 0.1019787 0.0081945 0.1032859 0.1194120 0.1253400 0.0678000 0.0250382 0.0982289 0.1318988 0.1170904 0.1019300 0.0846550 0.1053119 0.1028887 0.1262713 0.0990299 0.0166179 0.1341674 0.1318147 0.0054716 0.1110366 0.1167403 0.0710400 0.1218869 0.0726339 0.1110209 0.1020346 0.0740224 0.0962360 0.0906922 0.0966558 0.0886505 0.0429848 0.1157491 0.1093754 0.1193312 0.1212358 0.1724170 0.0975874 0.1359143 0.1240392 0.0809531 0.1172652 0.1267475 0.1191029 0.1247635 0.0743189 0.1480678 0.1462258 0.1256148 0.1108460 0.0928069 0.1188986 0.1637561 0.1340906 0.1270415 0.1298470 0.1088727 0.0913563 0.0913484 0.0068575 0.0879663 0.1051141 0.0617614 0.0138878 0.0082153 0.1147210 0.0814602 0.1241882 0.1013573 0.0927865 0.1159104 0.0964446 0.1225832 0.1151062 0.1056780 0.0983099 0.1099467 0.1029564 0.1210856 0.0760555 0.1385787 0.1011179 0.1036131 0.1135687 0.1033577 0.0990759 0.1116020 0.1101531 0.1021761 0.1130767 0.1064386 0.1077856 0.0941446 0.1137451 0.1135811 0.0967077 0.1129682 0.0982442 0.1196422 0.0759739 0.1080475 0.0940930 0.0914267 
S0308         0.0000010 0.0969216 0.0865462 0.1476196 0.1256274 0.1343653 0.0666229 0.1224335 0.1173653 0.1319560 0.1498198 0.1306863 0.0695354 0.0000000 0.1065593 0.0818373 0.1061577 0.1353480 0.1005723 0.1279545 0.1190080 0.1032065 0.1377283 0.1091639 0.0877590 0.1161101 0.1210784 0.0665854 0.1230028 0.1494306 0.1308818 0.0720474 0.0695835 0.1055890 0.1425483 0.1217594 0.1153551 0.0973429 0.1198980 0.0995017 0.1538772 0.1147210 0.0667578 0.1517495 0.1546594 0.0586158 0.1217940 0.1505198 0.0813823 0.1285026 0.0845862 0.1335993 0.1169248 0.0785395 0.1075262 0.1025853 0.0999568 0.0919113 0.0690159 0.1406001 0.1290077 0.1525779 0.1520314 0.1454402 0.1182922 0.1687543 0.1566611 0.0757767 0.1869085 0.1544662 0.1502070 0.1315525 0.0877545 0.1246817 6.0256501 0.1466559 0.1224888 0.0854556 0.1329483 0.1483409 0.1633830 0.1351085 0.1415169 0.0978511 0.1035940 0.1005943 0.0555705 0.1004805 0.1193038 0.0610419 0.0586685 0.0581605 0.1216865 0.0838697 0.1409128 0.1065227 0.0000010 0.1204202 0.0919855 0.1465396 0.1405993 0.1263847 0.1098723 0.1297989 0.1223279 0.1324761 0.0875280 0.1752731 0.1182922 0.1164208 0.1227685 0.1228771 0.1058561 0.1445226 0.1202993 0.1156478 0.1214805 0.1120426 0.1153050 0.0933382 0.1338465 0.1455798 0.1136539 0.1230278 0.1032765 0.1686837 0.0813474 0.1308675 0.1026002 0.1162235 
S0320         0.1538480 0.0866196 0.0657913 0.0442418 0.0802687 0.1127969 0.1132213 0.0441571 0.1005380 0.1123962 0.1116567 0.0368005 0.0968902 0.1065593 0.0000000 0.1182957 0.0396675 0.1001187 0.0886846 0.1029507 0.1070328 0.0332112 0.1261947 0.0382926 0.0640392 0.0986892 0.0472632 0.1054588 0.0565357 0.1178520 0.1190374 0.0960211 0.1160861 0.0424240 0.1168838 0.1104440 0.0322585 0.0706534 0.0708614 0.0918696 0.1179530 0.0847366 0.1109327 0.1317671 0.1249806 0.1044391 0.1032179 0.1146603 0.0624344 0.1086897 0.0624347 0.1060391 0.0890597 0.1002833 0.0616259 0.0671206 0.0885692 0.0318462 0.0963518 0.1175494 0.1109049 0.1211086 0.1190988 0.1387371 0.0999727 0.1435473 0.1171190 0.0961208 0.1341176 0.1196243 0.1157763 0.1219906 0.0609715 0.1162516 0.1654124 0.1251923 0.1022494 0.0997681 0.1275254 0.1304523 0.1264898 0.1222695 0.1271298 0.0281038 0.0642669 0.0627067 0.0974239 0.0740177 0.0292810 0.0977459 0.1100962 0.1061151 0.1064881 0.1046980 0.1101274 0.0965644 0.1285174 0.1057111 0.0971580 0.1173850 0.1233237 0.0874460 0.0918643 0.1066794 0.0307029 0.1110754 0.0657162 0.0731727 0.1018092 0.0708697 0.1059662 0.1053841 0.0874632 0.0997068 0.1041582 0.0410277 0.1052086 0.0834994 0.1033774 0.0901388 0.1002443 0.1020614 0.0723309 0.1062816 0.0872679 0.1358336 0.0736656 0.0943672 0.0836136 0.0886146 
S0322         0.1655799 0.1067980 0.0883400 0.1244208 0.1140390 0.1359116 0.0269686 0.1343813 0.1218110 0.1313995 0.1206317 0.1239412 0.0223248 0.0818373 0.1182957 0.0000000 0.1074628 0.1303723 0.1045881 0.1292191 0.1301682 0.1144140 0.1365245 0.1091817 0.0882060 0.1175576 0.1176011 0.0248552 0.1157965 0.1363933 0.1291144 0.0780067 0.0421962 0.1179075 0.1468481 0.1302027 0.1217682 0.0988834 0.1184777 0.1174467 0.1361060 0.1167844 0.0219864 0.1437742 0.1429944 0.0221577 0.1256685 0.1335473 0.0848610 0.1314982 0.0864853 0.1241297 0.1200810 0.0831295 0.1113611 0.1049539 0.1128500 0.1102057 0.0473807 0.1326317 0.1259708 0.1363037 0.1362662 0.1736672 0.1119785 0.1477528 0.1396121 0.0934862 0.1361800 0.1404441 0.1328209 0.1369882 0.0882180 0.1501301 0.1258919 0.1407941 0.1274350 0.1006749 0.1360686 0.1832639 0.1482885 0.1366945 0.1455464 0.1260827 0.1059130 0.1059029 0.0179125 0.1022600 0.1232465 0.0719321 0.0250783 0.0221241 0.1277312 0.0925142 0.1409809 0.1178569 0.1009555 0.1271314 0.1057771 0.1470118 0.1281622 0.1238441 0.1145396 0.1263887 0.1209634 0.1378612 0.0916539 0.1612244 0.1155977 0.1184910 0.1270186 0.1179498 0.1154362 0.1245975 0.1231529 0.1237859 0.1277806 0.1210887 0.1185877 0.1067878 0.1343949 0.1320669 0.1114261 0.1261084 0.1163607 0.1365549 0.0899107 0.1244229 0.1082939 0.1074720 
S0327         0.1541199 0.0780824 0.0609133 0.0549195 0.0719703 0.1031916 0.1063323 0.0515139 0.0902110 0.1027609 0.0997411 0.0532308 0.0946963 0.1061577 0.0396675 0.1074628 0.0000000 0.0963800 0.0778472 0.0968947 0.0942995 0.0361200 0.1155790 0.0337350 0.0560970 0.0932201 0.0439796 0.1050872 0.0532213 0.1159238 0.1128604 0.1021588 0.1100381 0.0499001 0.1053358 0.0975998 0.0441498 0.0592989 0.0659451 0.0845143 0.1080134 0.0811480 0.1088350 0.1357346 0.1084036 0.1022287 0.0906529 0.1093711 0.0545292 0.1008696 0.0545296 0.1089293 0.0838006 0.0993929 0.0550917 0.0619784 0.0767095 0.0422836 0.0908829 0.1121831 0.1056672 0.1157037 0.1137246 0.1233776 0.0829177 0.1397325 0.1187902 0.1057264 0.1392778 0.1120405 0.1081715 0.1243488 0.0530845 0.1157119 0.2042174 0.1197925 0.0918872 0.1160849 0.1177877 0.1257666 0.1304597 0.1090670 0.1140433 0.0303604 0.0533457 0.0563859 0.0954511 0.0656521 0.0424052 0.1023620 0.1078284 0.1022052 0.0938294 0.1054743 0.0996453 0.0878578 0.1129618 0.0929804 0.0867067 0.1116962 0.1082919 0.0755040 0.0834708 0.0962713 0.0451782 0.0983415 0.0577278 0.0727511 0.0863095 0.0597473 0.0948475 0.0929664 0.0774036 0.0846590 0.0930861 0.0440530 0.0945066 0.0764715 0.0875940 0.0811163 0.0882841 0.0949897 0.0642912 0.0990893 0.0801794 0.1310253 0.0637732 0.0845469 0.0749977 0.0767491 
S0335         0.1497688 0.0825844 0.0733284 0.1143213 0.0945339 0.1234470 0.1247344 0.1224313 0.0781901 0.1229682 0.1232878 0.1088803 0.1136186 0.1353480 0.1001187 0.1303723 0.0963800 0.0000000 0.0929696 0.1187977 0.1125348 0.1065366 0.1178242 0.0982093 0.0777624 0.1064864 0.1134723 0.1223984 0.1071512 0.0921170 0.1160263 0.1210504 0.1278944 0.1148422 0.1239894 0.1196817 0.1085034 0.0880164 0.1053204 0.1011047 0.1217849 0.0891749 0.1282387 0.1466762 0.1311950 0.1195254 0.1153377 0.0882224 0.0729758 0.1192485 0.0729759 0.0843075 0.0986003 0.1149382 0.0964273 0.0858773 0.0731040 0.1014271 0.1092940 0.0854988 0.0828464 0.0953901 0.0886664 0.1597064 0.1077975 0.1447271 0.1282309 0.1196552 0.1535324 0.0882417 0.0826889 0.1357866 0.0730618 0.1224606 0.1439727 0.0961427 0.0542311 0.1230332 0.1286423 0.1061690 0.1414741 0.1294490 0.1321855 0.1079758 0.0931876 0.0931790 0.1143680 0.0899444 0.1095767 0.1160998 0.1255385 0.1194974 0.1156494 0.1158323 0.0392414 0.0741027 0.1092012 0.1166258 0.0864394 0.0909152 0.1257836 0.1071755 0.0716756 0.0809478 0.1078394 0.1141399 0.0763355 0.1479610 0.1113598 0.1003182 0.1163595 0.1080634 0.0688560 0.0390987 0.1146925 0.1050339 0.1126990 0.1028910 0.1075359 0.0972750 0.0443199 0.0291486 0.0915640 0.0765321 0.0731471 0.1383648 0.0778090 0.0347361 0.0909956 0.0713326 
S0376         0.1698085 0.0597735 0.0632097 0.0955269 0.0841650 0.0900364 0.1043319 0.0948344 0.0933749 0.0876746 0.0890511 0.0907277 0.0897161 0.1005723 0.0886846 0.1045881 0.0778472 0.0929696 0.0000000 0.0874019 0.0846903 0.0775700 0.1053766 0.0747764 0.0610456 0.0364800 0.0940727 0.1021377 0.0817294 0.1038205 0.0877235 0.0956731 0.0989764 0.0911455 0.0920865 0.0843978 0.0869720 0.0613984 0.0861928 0.0695972 0.0964495 0.0837092 0.1007881 0.1318795 0.1003952 0.0957288 0.0790962 0.0975269 0.0561853 0.0860634 0.0578476 0.0932542 0.0881831 0.0928096 0.0766114 0.0641644 0.0815041 0.0768133 0.0909031 0.0983273 0.0953567 0.1036187 0.0997738 0.1263732 0.0876641 0.1355406 0.1158032 0.1020881 0.1314393 0.1013082 0.0953475 0.1197941 0.0594933 0.1024949 0.1236000 0.1096159 0.0850632 0.1110798 0.0887568 0.1422914 0.1242406 0.0977637 0.1011236 0.0777346 0.0729052 0.0761634 0.0905073 0.0613542 0.0881805 0.0977330 0.0976743 0.0957037 0.0842557 0.0989338 0.0929500 0.0911241 0.0868696 0.0834409 0.0602272 0.1211658 0.0847652 0.0799074 0.0898681 0.1032352 0.0928398 0.0887362 0.0580462 0.1201151 0.0928721 0.0828799 0.0814282 0.0947249 0.0835533 0.0892384 0.0798181 0.0847500 0.0775657 0.0740516 0.0759754 0.0662102 0.0981817 0.0949228 0.0781070 0.0954563 0.0832117 0.1234467 0.0609869 0.0874743 0.0378411 0.0879362 
S0400         0.1908427 0.0790519 0.0781178 0.1117525 0.1069045 0.0178181 0.1294461 0.1163115 0.1159340 0.0205642 0.1023613 0.1134043 0.1196658 0.1279545 0.1029507 0.1292191 0.0968947 0.1187977 0.0874019 0.0000000 0.0247653 0.0985683 0.0988083 0.0940409 0.0834153 0.0938437 0.1174597 0.1249584 0.1075744 0.1338345 0.0903707 0.1289112 0.1180092 0.1023164 0.0393018 0.0275939 0.0996920 0.0951402 0.1124413 0.0697493 0.0237564 0.1079632 0.1271731 0.1514199 0.1092315 0.1220628 0.0218638 0.1291685 0.0801901 0.0177140 0.0801900 0.1250485 0.1093584 0.1124143 0.1053728 0.0994097 0.1077434 0.0986274 0.1104554 0.1299806 0.1248267 0.1353672 0.1297993 0.1319083 0.1085662 0.1566815 0.1307039 0.1225079 0.1585262 0.1282069 0.1280190 0.1425337 0.0787187 0.1318118 0.1436601 0.1306056 0.1210715 0.1324774 0.0786726 0.1532714 0.1517581 0.0304111 0.0784614 0.0917977 0.0986147 0.0986232 0.1168170 0.0970837 0.1074299 0.1258983 0.1276827 0.1220797 0.0204606 0.1208424 0.1218316 0.1120309 0.0311726 0.0234938 0.0733525 0.1364232 0.0714768 0.1109664 0.1105275 0.1203757 0.1086294 0.0654916 0.0851955 0.1387325 0.1083621 0.1108094 0.0150329 0.1157177 0.0993874 0.1116301 0.0206389 0.1095677 0.0571474 0.1117386 0.0481155 0.0618993 0.1208277 0.1208047 0.1072460 0.1130267 0.1111712 0.1377392 0.0866519 0.1131567 0.1000015 0.1091061 
S0405         0.1821836 0.0780169 0.0769101 0.1159678 0.1043262 0.0293270 0.1264798 0.1171308 0.1133601 0.0307316 0.0904059 0.1193586 0.1170599 0.1190080 0.1070328 0.1301682 0.0942995 0.1125348 0.0846903 0.0247653 0.0000000 0.0958770 0.0957005 0.0963372 0.0808122 0.0997499 0.1147137 0.1223952 0.1049883 0.1330226 0.0874933 0.1298559 0.1171527 0.1063669 0.0426227 0.0220338 0.1037329 0.0909312 0.1081908 0.0702243 0.0327220 0.1004547 0.1246061 0.1541422 0.1100470 0.1194825 0.0234102 0.1283396 0.0775835 0.0306265 0.0775834 0.1276651 0.1067467 0.1098002 0.1010153 0.0952218 0.1034648 0.0957457 0.1093503 0.1291510 0.1239814 0.1345651 0.1289697 0.1292824 0.1093577 0.1575915 0.1334719 0.1198870 0.1518486 0.1309169 0.1305215 0.1430921 0.0761065 0.1353556 0.1647306 0.1297857 0.1185082 0.1296915 0.0790969 0.1539047 0.1545183 0.0349136 0.0773843 0.0950783 0.0943945 0.0944022 0.1142275 0.0928606 0.1081973 0.1233198 0.1251075 0.1211977 0.0149763 0.1182163 0.1226853 0.1077127 0.0347253 0.0179325 0.0754517 0.1356211 0.0719565 0.1067107 0.1079494 0.1144470 0.1094029 0.0641865 0.0825899 0.1360259 0.1091507 0.1065584 0.0250638 0.1165700 0.0984204 0.1174642 0.0221864 0.1069727 0.0607604 0.1075134 0.0514132 0.0607974 0.1127105 0.1182462 0.1030050 0.1155363 0.1085814 0.1429032 0.0840532 0.1139426 0.0958014 0.1065206 
S0407sl       0.1873687 0.0804748 0.0627875 0.0515757 0.0719657 0.1068135 0.1063915 0.0388609 0.0965492 0.1046556 0.1089951 0.0438772 0.0960253 0.1032065 0.0332112 0.1144140 0.0361200 0.1065366 0.0775700 0.0985683 0.0958770 0.0000000 0.1218304 0.0300645 0.0591483 0.0924070 0.0422449 0.1049926 0.0515327 0.1196558 0.1186930 0.1002827 0.1104985 0.0434802 0.1143083 0.0989212 0.0377463 0.0658145 0.0690991 0.0924163 0.1101295 0.0832279 0.1053910 0.1402374 0.1174555 0.1020512 0.0954538 0.1128326 0.0558775 0.1009785 0.0575299 0.1108322 0.0859801 0.0991152 0.0582064 0.0669895 0.0845084 0.0293913 0.0920849 0.1157749 0.1107522 0.1194216 0.1154255 0.1329812 0.0954869 0.1462240 0.1224200 0.1014833 0.1356932 0.1174788 0.1097139 0.1284031 0.0560439 0.1224333 0.1464967 0.1201064 0.0967846 0.1103755 0.1216255 0.1234979 0.1347840 0.1146362 0.1174759 0.0174183 0.0610276 0.0610226 0.0950801 0.0658249 0.0360171 0.1020322 0.1040207 0.1002945 0.0987550 0.1018324 0.1116915 0.0926044 0.1221372 0.0979107 0.0827657 0.1174294 0.1100347 0.0793377 0.0913319 0.1047017 0.0373617 0.1048502 0.0592795 0.0447932 0.0990430 0.0677229 0.0964694 0.1009535 0.0850201 0.0992970 0.0980260 0.0389644 0.0972696 0.0752784 0.0956040 0.0888442 0.0998044 0.1085711 0.0660083 0.1039342 0.0864920 0.1358427 0.0639889 0.0974542 0.0737696 0.0878760 
S0412sl       0.1879146 0.0971774 0.0894645 0.1296946 0.1150052 0.1016428 0.1549469 0.1487773 0.1289927 0.0992826 0.0982873 0.1275931 0.1327698 0.1377283 0.1261947 0.1365245 0.1155790 0.1178242 0.1053766 0.0988083 0.0957005 0.1218304 0.0000000 0.1143278 0.0984442 0.1119862 0.1240893 0.1421365 0.1290154 0.1408969 0.0821504 0.1424448 0.1305686 0.1284991 0.1033976 0.1027110 0.1259570 0.1151254 0.1329471 0.0746282 0.0885304 0.1255141 0.1405707 0.1805418 0.0938355 0.1346720 0.0952601 0.1422171 0.0965903 0.0974608 0.0945067 0.1490272 0.1326007 0.1244975 0.1257267 0.1123926 0.1159828 0.1237374 0.1187071 0.1371746 0.1371195 0.1389419 0.1372415 0.1167993 0.1299867 0.1738502 0.1570037 0.1437289 0.1558809 0.1433246 0.1426021 0.1662309 0.0984584 0.1554027 0.1064188 0.1514709 0.1294728 0.1412742 0.1095714 0.1881986 0.1810271 0.1023087 0.1191135 0.1252801 0.1157023 0.1175199 0.1332517 0.1157215 0.1289338 0.1378283 0.1436692 0.1387870 0.0951974 0.1337369 0.1300859 0.1206761 0.0836607 0.0978104 0.0854112 0.1571618 0.1011901 0.1306557 0.1250782 0.1280155 0.1281244 0.1091137 0.1021597 0.1146874 0.1339583 0.1348303 0.0979147 0.1340310 0.1203954 0.1318999 0.0959915 0.1237525 0.1009759 0.1277697 0.0919514 0.0629313 0.1392367 0.1268301 0.1234678 0.1299348 0.1255608 0.1453804 0.1037351 0.1280765 0.1043698 0.1230276 
S0417         0.1731759 0.0781491 0.0573202 0.0518638 0.0702434 0.1036213 0.1045003 0.0455245 0.0921916 0.0999063 0.1035202 0.0502532 0.0912646 0.1091639 0.0382926 0.1091817 0.0337350 0.0982093 0.0747764 0.0940409 0.0963372 0.0300645 0.1143278 0.0000000 0.0544640 0.0916816 0.0375574 0.1017726 0.0548777 0.1106118 0.1112743 0.0955916 0.1138772 0.0439505 0.1057965 0.0996624 0.0398081 0.0576047 0.0657833 0.0815421 0.1051075 0.0775275 0.1071834 0.1353440 0.1088565 0.0989320 0.0894230 0.1041831 0.0529058 0.0980110 0.0529062 0.1039387 0.0769150 0.0994766 0.0533115 0.0620323 0.0821721 0.0376578 0.0892720 0.1103507 0.1005468 0.1138547 0.1118875 0.1201948 0.0830348 0.1393316 0.1169467 0.1058157 0.1374680 0.1119014 0.1080364 0.1242138 0.0514666 0.1184523 0.1276126 0.1145162 0.0970105 0.1106290 0.1142969 0.1295003 0.1300822 0.1112102 0.1179233 0.0276019 0.0562549 0.0562511 0.0938344 0.0623886 0.0410363 0.1007361 0.1061699 0.0972512 0.0958546 0.1057211 0.0982056 0.0898414 0.1141033 0.0950148 0.0851703 0.1067551 0.1104459 0.0737229 0.0854005 0.0982833 0.0438138 0.1002238 0.0560834 0.0677667 0.0864008 0.0609340 0.0935844 0.0898286 0.0777082 0.0929104 0.0951236 0.0456454 0.0913673 0.0731213 0.0911631 0.0830533 0.0934401 0.1001361 0.0624813 0.0973296 0.0823366 0.1328842 0.0622616 0.0895477 0.0719233 0.0820798 
S0419         0.1475215 0.0524456 0.0138722 0.0752186 0.0435228 0.0890571 0.0908014 0.0733068 0.0749111 0.0871102 0.0798168 0.0752132 0.0743087 0.0877590 0.0640392 0.0882060 0.0560970 0.0777624 0.0610456 0.0834153 0.0808122 0.0591483 0.0984442 0.0544640 0.0000000 0.0760350 0.0683682 0.0828480 0.0686810 0.0957948 0.0914380 0.0847953 0.0910933 0.0698091 0.0959428 0.0840106 0.0655990 0.0498399 0.0637208 0.0695614 0.0919218 0.0477996 0.0863501 0.1201299 0.0973826 0.0782898 0.0770838 0.0917089 0.0094311 0.0853182 0.0094313 0.0912984 0.0512135 0.0788452 0.0576246 0.0540184 0.0575870 0.0576867 0.0691911 0.0922687 0.0862667 0.0939506 0.0885835 0.1040259 0.0510274 0.1185867 0.0921142 0.0846591 0.1175596 0.0952149 0.0930096 0.1124305 0.0108056 0.1020157 0.1068313 0.0996884 0.0700259 0.0948104 0.0945649 0.1160802 0.1166056 0.0900507 0.0965337 0.0490213 0.0543002 0.0558073 0.0735949 0.0545136 0.0667947 0.0818583 0.0852666 0.0816202 0.0804165 0.0879941 0.0840831 0.0724990 0.0895233 0.0829223 0.0590533 0.0972634 0.0904684 0.0733786 0.0684514 0.0808278 0.0696111 0.0878411 0.0149410 0.1002763 0.0541038 0.0652694 0.0826288 0.0542229 0.0641029 0.0727750 0.0793295 0.0655230 0.0788674 0.0681512 0.0740891 0.0632641 0.0807797 0.0795509 0.0620837 0.0815679 0.0670345 0.1115395 0.0276110 0.0695864 0.0632122 0.0561204 
S0427         0.1650914 0.0685643 0.0694120 0.1074076 0.0959961 0.0980766 0.1223707 0.1119017 0.1052640 0.0960674 0.1068862 0.1026960 0.1082199 0.1161101 0.0986892 0.1175576 0.0932201 0.1064864 0.0364800 0.0938437 0.0997499 0.0924070 0.1119862 0.0916816 0.0760350 0.0000000 0.1039757 0.1167585 0.1036532 0.1106309 0.0959720 0.1137987 0.1136280 0.1046288 0.1035158 0.1030681 0.0989623 0.0798848 0.1050929 0.0767439 0.0991211 0.0987397 0.1189187 0.1507485 0.1222625 0.1157893 0.0940830 0.1096639 0.0712735 0.0958361 0.0712736 0.1142248 0.1015180 0.1007389 0.0891693 0.0809795 0.0984280 0.0921584 0.1006501 0.1050660 0.1072722 0.1087316 0.1067880 0.1431499 0.1042877 0.1559106 0.1184553 0.1124412 0.1366543 0.1132594 0.1111765 0.1372458 0.0729232 0.1224050 0.1283079 0.1214308 0.1033106 0.1212929 0.1006879 0.1563789 0.1454838 0.1043173 0.1129823 0.0899245 0.0865050 0.0897411 0.1069815 0.0814545 0.0964236 0.1141978 0.1179177 0.1138718 0.0975955 0.1105802 0.1081690 0.1029920 0.0904636 0.0954017 0.0674143 0.1290064 0.0948956 0.0986342 0.0981527 0.1097209 0.1026339 0.0988529 0.0697539 0.1323454 0.1078175 0.1017640 0.0914544 0.1043507 0.0937480 0.1027186 0.0913094 0.0968442 0.0959857 0.0925764 0.0877529 0.0777198 0.1069334 0.1050955 0.0966493 0.1020128 0.0964692 0.1185243 0.0745173 0.0992894 0.0421323 0.1031288 
S0428sl       0.1758301 0.0927750 0.0644666 0.0621002 0.0771746 0.1265964 0.1162423 0.0599659 0.1119127 0.1241935 0.1221821 0.0487665 0.1019787 0.1210784 0.0472632 0.1176011 0.0439796 0.1134723 0.0940727 0.1174597 0.1147137 0.0422449 0.1240893 0.0375574 0.0683682 0.1039757 0.0000000 0.1131405 0.0654933 0.1269503 0.1339460 0.1103451 0.1226352 0.0533026 0.1173785 0.1143080 0.0489653 0.0754870 0.0756174 0.1037682 0.1183689 0.0905231 0.1172325 0.1568570 0.1267963 0.1099113 0.1105688 0.1215545 0.0648788 0.1201888 0.0631144 0.1193738 0.0968146 0.1014408 0.0590010 0.0699833 0.0931994 0.0500324 0.0975588 0.1189502 0.1118468 0.1144316 0.1185843 0.1510023 0.0999614 0.1571005 0.1337908 0.1075768 0.1293886 0.1214700 0.1207451 0.1468081 0.0650820 0.1515740 0.1554079 0.1310951 0.1122232 0.1023315 0.1374837 0.1654158 0.1510517 0.1231032 0.1310396 0.0466703 0.0670817 0.0670758 0.1029234 0.0774497 0.0483895 0.1144951 0.1141576 0.1082259 0.1140885 0.1099494 0.1189144 0.1077372 0.1226408 0.1114800 0.0948747 0.1318054 0.1246547 0.0915166 0.1045335 0.1113068 0.0467939 0.1173129 0.0701749 0.0481581 0.1037071 0.0741720 0.1152327 0.1016555 0.0978556 0.1111026 0.1114163 0.0536601 0.1070084 0.0909657 0.1071769 0.0962615 0.1046010 0.1155937 0.0740481 0.1143445 0.1011626 0.1398906 0.0768662 0.1034375 0.0841152 0.0954803 
S0430         0.1739840 0.0995257 0.0841770 0.1183873 0.1116216 0.1315256 0.0092750 0.1230239 0.1141691 0.1292401 0.1183654 0.1145104 0.0081945 0.0665854 0.1054588 0.0248552 0.1050872 0.1223984 0.1021377 0.1249584 0.1223952 0.1049926 0.1421365 0.1017726 0.0828480 0.1167585 0.1131405 0.0000000 0.1137439 0.1301160 0.1344720 0.0730871 0.0247076 0.1103602 0.1392633 0.1224268 0.1141288 0.0914080 0.1126022 0.1097397 0.1316616 0.1076946 0.0191831 0.1433484 0.1406770 0.0054065 0.1180304 0.1273577 0.0795595 0.1271930 0.0811590 0.1198547 0.1124931 0.0793842 0.1054087 0.0993282 0.1070496 0.0992490 0.0456095 0.1264215 0.1199206 0.1300302 0.1319548 0.1731405 0.1062314 0.1449893 0.1333236 0.0863161 0.1279842 0.1376403 0.1300705 0.1323687 0.0828592 0.1448211 0.1436243 0.1362823 0.1213752 0.0985089 0.1281568 0.1611192 0.1436264 0.1323268 0.1374341 0.1093022 0.1002255 0.0985761 0.0067778 0.0966439 0.1138769 0.0670661 0.0137049 0.0081200 0.1200384 0.0853127 0.1347358 0.1100488 0.1079852 0.1212744 0.1034367 0.1336120 0.1221348 0.1161746 0.1070500 0.1186995 0.1116785 0.1299158 0.0862335 0.1522993 0.1097850 0.1125809 0.1208579 0.1120725 0.1078790 0.1220502 0.1155087 0.1126825 0.1200850 0.1151764 0.1147893 0.1011267 0.1246171 0.1259623 0.1056336 0.1235404 0.1087992 0.1250637 0.0845237 0.1184650 0.1042329 0.1017679 
S0478         0.1624735 0.0848985 0.0753230 0.0756721 0.0800352 0.1141694 0.1186649 0.0737581 0.1076214 0.1153821 0.1184363 0.0675515 0.1032859 0.1230028 0.0565357 0.1157965 0.0532213 0.1071512 0.0817294 0.1075744 0.1049883 0.0515327 0.1290154 0.0548777 0.0686810 0.1036532 0.0654933 0.1137439 0.0000000 0.1231875 0.1273716 0.1070426 0.1226009 0.0686770 0.1215457 0.1100727 0.0643030 0.0704396 0.0818524 0.1015990 0.1210376 0.0912074 0.1175816 0.1462827 0.1299938 0.1091667 0.1028740 0.1147279 0.0686216 0.1117224 0.0686218 0.1232071 0.0973932 0.1046502 0.0729487 0.0682497 0.0954459 0.0581160 0.0993663 0.1193780 0.1126889 0.1229525 0.1170978 0.1647827 0.0983360 0.1471362 0.1204052 0.1090223 0.1469930 0.1268128 0.1230009 0.1374637 0.0671496 0.1406894 0.1838877 0.1162746 0.1076726 0.1196863 0.1324218 0.1612395 0.1410666 0.1218551 0.1333251 0.0667073 0.0737432 0.0737372 0.1039770 0.0754112 0.0640961 0.1109944 0.1146607 0.1108505 0.1061327 0.1146409 0.1117744 0.1034465 0.1128773 0.1053582 0.0855526 0.1281223 0.1264139 0.0855396 0.1005818 0.1138214 0.0607768 0.1156665 0.0719575 0.0958781 0.1018418 0.0805136 0.1106586 0.1070757 0.0976884 0.1033893 0.1038082 0.0674675 0.1099298 0.0832438 0.1047483 0.0996635 0.1039695 0.1087166 0.0771834 0.1114344 0.0991001 0.1402429 0.0734439 0.1015717 0.0833574 0.0954948 
S0552sl       0.1837015 0.1009788 0.0950342 0.1227029 0.1136417 0.1388449 0.1331702 0.1381819 0.1104517 0.1323150 0.1329525 0.1237878 0.1194120 0.1494306 0.1178520 0.1363933 0.1159238 0.0921170 0.1038205 0.1338345 0.1330226 0.1196558 0.1408969 0.1106118 0.0957948 0.1106309 0.1269503 0.1301160 0.1231875 0.0000000 0.1407069 0.1307976 0.1413020 0.1279377 0.1376468 0.1295212 0.1199766 0.1065901 0.1251546 0.1085360 0.1445917 0.1075602 0.1361727 0.1559014 0.1432982 0.1271884 0.1284492 0.0220513 0.0890851 0.1343607 0.0907392 0.0642767 0.1106974 0.1242594 0.1108798 0.1094983 0.0980850 0.1181306 0.1116783 0.0221789 0.0485854 0.0308602 0.0323622 0.1739531 0.1293948 0.1575302 0.1332293 0.1338149 0.1706561 0.0642274 0.0617879 0.1424106 0.0925083 0.1340130 0.1237747 0.0592776 0.0959802 0.1360733 0.1416582 0.1578062 0.1544017 0.1396741 0.1441124 0.1376129 0.1071324 0.1071223 0.1236517 0.1103993 0.1172151 0.1330932 0.1334335 0.1271579 0.1323228 0.1277073 0.0935311 0.1103212 0.1101998 0.1310523 0.1071977 0.1246897 0.1346194 0.1209963 0.1053879 0.1154232 0.1206712 0.1341590 0.0943277 0.1634095 0.1332015 0.1198910 0.1313972 0.1352810 0.0936939 0.0869277 0.1258923 0.1177159 0.1253830 0.1295487 0.1252089 0.1150880 0.0940474 0.0941507 0.1157611 0.0582346 0.0914809 0.1380711 0.0991876 0.0769576 0.1063913 0.0944744 
