121
PAFTOL_019361 0.0000000 0.1562555 0.1264184 0.1536733 0.1384077 0.1379484 0.1823155 0.1602106 0.1281784 0.1280978 0.1534409 0.1088341 0.1915731 0.1661099 0.1390223 0.1772511 0.1636409 0.1405138 0.1523066 0.1264388 0.1258260 0.1086598 0.1195314 0.1380663 0.1312865 0.1272162 0.1769788 0.1201105 0.1501359 0.1375842 0.1724987 0.1267420 0.1455819 0.1200016 0.1327341 0.1217079 0.1380643 0.1131938 0.1136144 0.1521420 0.1707023 0.1486316 0.1445361 0.1590055 0.1514765 0.1254165 0.1264388 0.1312458 0.1254165 0.1758136 0.1728344 0.1325985 0.1774043 0.1376578 0.1707312 0.1638580 0.1664856 0.1509306 0.1426209 0.1554272 0.1312865 0.1128081 0.1925775 0.1694134 0.1611868 0.1620060 0.1231887 0.1133834 0.1503796 0.1545294 0.1264379 0.1944808 0.1316268 0.1300559 0.1441246 0.1321667 0.1399343 0.1364806 0.1499764 0.1326104 0.1326977 0.1268163 0.1541570 0.1905624 0.1251223 0.1264388 0.1663896 0.1580068 0.1271490 0.1142890 0.1113535 0.1280824 0.1169252 0.1381127 0.1403506 0.1469795 0.1524988 0.1333562 0.1196541 0.1312865 0.1326777 0.1316268 0.1318969 0.1247075 0.1264143 0.1328949 0.1329920 0.1419589 0.1268716 0.1590397 0.1198356 0.1488851 0.1706786 0.1263568 0.1547356 0.1429371 0.1492330 0.1312458 0.1198139 0.1126367 0.1314951 
S0055         0.1562555 0.0000000 0.0755159 0.1201477 0.0750248 0.0601397 0.1067825 0.1360172 0.0931790 0.0647651 0.1037778 0.1223137 0.1183420 0.1275182 0.1059737 0.1203045 0.1089530 0.0561349 0.0864883 0.0534291 0.0649442 0.1108995 0.0651168 0.0954406 0.0683360 0.0722414 0.1170221 0.0840271 0.1023959 0.0828493 0.1178328 0.1156892 0.0759274 0.0668561 0.1190749 0.1008572 0.0948398 0.0695078 0.0574208 0.0860770 0.1181134 0.1264322 0.0715374 0.1211426 0.0667687 0.0662665 0.0513431 0.0683207 0.0640830 0.1084396 0.1007291 0.1103376 0.1387325 0.0763607 0.0915323 0.1252098 0.0967181 0.1041537 0.0944644 0.1238976 0.0880840 0.1076737 0.0972884 0.1306871 0.0712462 0.1387450 0.1254290 0.0706881 0.1357641 0.1085793 0.1246195 0.1266207 0.0734786 0.1042459 0.1273660 0.0553523 0.0598383 0.1084936 0.1192223 0.0954203 0.0977771 0.0979561 0.1228643 0.1315120 0.1044559 0.0596202 0.1243356 0.1220678 0.1074054 0.0623555 0.0519969 0.0356226 0.1232066 0.0552921 0.0935355 0.0999360 0.1276902 0.0512723 0.0685571 0.0883030 0.1102219 0.0599213 0.0953163 0.0953553 0.1019836 0.0559880 0.1249351 0.0603416 0.1101160 0.0510643 0.0619322 0.1106685 0.1224212 0.1000171 0.0998093 0.0922017 0.1060216 0.0726125 0.0994013 0.0721684 0.0758310 
S0196sl       0.1264184 0.0755159 0.0000000 0.0828802 0.0685104 0.0813044 0.0794317 0.0874271 0.0499210 0.0720699 0.1097927 0.0775559 0.0916289 0.1041848 0.0752024 0.0935506 0.0691476 0.0467834 0.0992233 0.0717977 0.0842214 0.0715716 0.0632672 0.0630973 0.0130894 0.0844471 0.0901090 0.0641674 0.0650322 0.1034752 0.0958694 0.0703368 0.0911106 0.0743129 0.0729530 0.0697666 0.0584046 0.0725619 0.0390622 0.0417585 0.0914164 0.1131989 0.0764150 0.0882333 0.0768281 0.0150131 0.0740526 0.0169045 0.0131033 0.0840326 0.0494332 0.0673915 0.1104999 0.0412571 0.0708436 0.0827121 0.0667212 0.0639517 0.0580407 0.1039611 0.0419424 0.1005490 0.0882985 0.1033434 0.0674260 0.1052522 0.1131603 0.0111678 0.1120028 0.0702923 0.0814848 0.0972870 0.0815114 0.0782176 0.1127440 0.0737673 0.0831584 0.0677830 0.0776379 0.0608763 0.0608911 0.0644833 0.0733315 0.1090275 0.0720364 0.0782864 0.0912756 0.0950899 0.0606059 0.0740701 0.0680954 0.0715891 0.0835422 0.0692551 0.0634030 0.0629431 0.0875514 0.0784954 0.0169571 0.0420427 0.0633005 0.0783545 0.0548436 0.0607848 0.0707232 0.0743190 0.0849021 0.0724274 0.0716908 0.0692080 0.0584284 0.0863795 0.1078984 0.0607506 0.0584150 0.0560511 0.0657338 0.0327335 0.0635727 0.0792975 0.0473529 
S0278         0.1536733 0.1201477 0.0828802 0.0000000 0.1128728 0.1094772 0.1110473 0.0569422 0.0890982 0.1177538 0.1410236 0.0599303 0.1116264 0.1286709 0.0438230 0.1083693 0.0712698 0.0626331 0.1171372 0.1013127 0.1120142 0.0785780 0.1082369 0.0526779 0.0752895 0.1028009 0.1051030 0.0757615 0.1061836 0.1325117 0.0952922 0.0488476 0.1285889 0.1175195 0.0532005 0.0792642 0.0619701 0.1100417 0.0748044 0.0881780 0.1061513 0.1403168 0.1117549 0.1062583 0.1147521 0.0731316 0.1038154 0.0752723 0.0708392 0.1246050 0.1071197 0.0839503 0.1110626 0.0744852 0.1108318 0.1240526 0.1052334 0.1107364 0.0898952 0.1351074 0.1124513 0.1253564 0.0960757 0.1169292 0.0794436 0.1470651 0.1444490 0.0777741 0.1589298 0.1048087 0.1062284 0.1080618 0.1102115 0.1028711 0.1521498 0.1033827 0.1063226 0.1148222 0.0457608 0.0621912 0.0622068 0.0766402 0.0394809 0.1206135 0.0970747 0.1010456 0.1022007 0.1301832 0.1012083 0.1145063 0.0949374 0.1148641 0.1199507 0.1009585 0.0895099 0.0936217 0.0439643 0.1057979 0.0755447 0.1127500 0.0664592 0.1141143 0.1177753 0.0912373 0.1034771 0.1047145 0.0576917 0.1049247 0.0790182 0.1081820 0.0988424 0.1105122 0.1328549 0.0599417 0.1059779 0.0853652 0.1047170 0.0920773 0.1033336 0.1132976 0.0763696 
S0281         0.1384077 0.0750248 0.0685104 0.1128728 0.0000000 0.0925845 0.0937620 0.1370744 0.0803729 0.0930246 0.1225561 0.1180606 0.1085141 0.1144088 0.1085247 0.1006066 0.1071200 0.0574410 0.1135097 0.0825978 0.0957132 0.1017224 0.0881747 0.0979406 0.0569496 0.0955530 0.1020717 0.0753365 0.0953399 0.1105016 0.1084402 0.1139615 0.1070584 0.0904250 0.1068423 0.1062415 0.0925204 0.0879277 0.0489391 0.0771093 0.1033091 0.1377302 0.0948803 0.1030822 0.0830249 0.0548623 0.0803064 0.0569363 0.0526846 0.1167338 0.0914864 0.1085121 0.1154898 0.0713329 0.0820274 0.1150264 0.0942094 0.0965698 0.0894516 0.1051159 0.0765714 0.1130258 0.0824692 0.1182638 0.0628523 0.1376287 0.1450211 0.0592740 0.1496690 0.0932964 0.1073850 0.1040310 0.0873165 0.0985571 0.1466220 0.0822767 0.0849929 0.1032172 0.1120304 0.1003156 0.1003430 0.1034263 0.1160360 0.1200849 0.0911392 0.0846265 0.1041309 0.1283401 0.0920516 0.0899279 0.0764650 0.0730415 0.1124446 0.0798702 0.0854103 0.0847617 0.1285350 0.0848580 0.0571345 0.0765714 0.1031846 0.0898273 0.0767069 0.0824616 0.0974644 0.0808353 0.1198042 0.0952664 0.1132812 0.0821727 0.0920018 0.1142360 0.1460271 0.1029008 0.0950536 0.0850064 0.0989873 0.0634223 0.0948422 0.0945653 0.0684633 
S0282         0.1379484 0.0601397 0.0813044 0.1094772 0.0925845 0.0000000 0.1192878 0.1279195 0.0973671 0.0189625 0.0897418 0.1141899 0.1360169 0.1489353 0.1029337 0.1353390 0.1083578 0.0514718 0.0851276 0.0112292 0.0250556 0.1219513 0.0639166 0.1019747 0.0738847 0.0711032 0.1321057 0.0740228 0.1016674 0.0866408 0.1353732 0.1052022 0.0456612 0.0269406 0.1025445 0.1051527 0.1013638 0.0612775 0.0251945 0.0895169 0.1330842 0.1159615 0.0704952 0.1287332 0.0227949 0.0717687 0.0131356 0.0738681 0.0695238 0.1255201 0.1020267 0.1123498 0.1461016 0.0822684 0.1098417 0.1197534 0.0959158 0.1083917 0.0958422 0.0897235 0.0918716 0.1044785 0.0821129 0.1462889 0.0618102 0.1383182 0.1167303 0.0763142 0.1248322 0.1030160 0.1219685 0.1313603 0.0558772 0.1063170 0.1192948 0.0130904 0.0329098 0.1081547 0.1187616 0.0995034 0.0995303 0.0947423 0.1147092 0.1329137 0.1222302 0.0207826 0.1368675 0.1195715 0.1095123 0.0209374 0.0171866 0.0514095 0.1256717 0.0368087 0.1002181 0.1018793 0.1196181 0.0412813 0.0741298 0.0891052 0.1122288 0.0208793 0.0992342 0.1020772 0.1039181 0.0210062 0.1132004 0.0416434 0.1071346 0.0410974 0.0563908 0.1103612 0.1273371 0.0992940 0.1038717 0.0985458 0.1076845 0.0782700 0.1012539 0.0709461 0.0816841 
S0288         0.1823155 0.1067825 0.0794317 0.1110473 0.0937620 0.1192878 0.0000000 0.1338725 0.0807882 0.1199137 0.1454813 0.1217745 0.0305147 0.0609521 0.1102244 0.0262035 0.0973469 0.0614175 0.1449022 0.1050131 0.1176285 0.1050409 0.1044048 0.0956943 0.0669282 0.1227344 0.0244607 0.1004572 0.0822965 0.1309577 0.0604054 0.1155760 0.1331600 0.1250835 0.1123966 0.0882911 0.0872168 0.1179952 0.0674191 0.0914889 0.0241827 0.1379017 0.1052963 0.0252415 0.1106464 0.0647056 0.1054604 0.0669120 0.0623649 0.1140566 0.1021849 0.0956427 0.0712503 0.0780023 0.0358066 0.0978650 0.0918436 0.0878371 0.0788196 0.1237103 0.0983414 0.1243753 0.0667240 0.0718575 0.0866046 0.1115189 0.1510033 0.0694490 0.1567091 0.0873266 0.1087560 0.0690864 0.1084680 0.0975600 0.1555640 0.1101479 0.1132054 0.0909383 0.1100196 0.1003150 0.1003438 0.0847441 0.1142164 0.0804730 0.0125635 0.1102144 0.0657173 0.0892454 0.0904212 0.1218922 0.1096613 0.1001945 0.1037177 0.1023495 0.0732070 0.0804692 0.1134529 0.0997360 0.0671607 0.0960247 0.1085297 0.1161123 0.1037086 0.0830052 0.0962826 0.1142702 0.1216567 0.1037990 0.0954416 0.1125614 0.1132111 0.0898874 0.1187381 0.0895773 0.0824221 0.0926268 0.0962170 0.0787752 0.0829035 0.1237527 0.0774514 
S0289         0.1602106 0.1360172 0.0874271 0.0569422 0.1370744 0.1279195 0.1338725 0.0000000 0.0813361 0.1278882 0.1525020 0.0661118 0.1344086 0.1343826 0.0351138 0.1308241 0.0806757 0.0680553 0.1180344 0.1193238 0.1277132 0.0701841 0.1241751 0.0546682 0.0871476 0.1232027 0.1303731 0.0646675 0.1152253 0.1488038 0.1334993 0.0522458 0.1476858 0.1302707 0.0685017 0.0785491 0.0684591 0.1233635 0.0800710 0.1060321 0.1285257 0.1823476 0.1303056 0.1351982 0.1388136 0.0849491 0.1219287 0.0871281 0.0825840 0.1330875 0.1097937 0.0878364 0.1509138 0.0859666 0.1240876 0.1316208 0.1197820 0.1267871 0.1047701 0.1416799 0.1222784 0.1460543 0.1250541 0.1339520 0.0961408 0.1587053 0.1655883 0.0822586 0.1802318 0.1287389 0.1107465 0.1374497 0.1338640 0.1051236 0.1697149 0.1214086 0.1297912 0.1037944 0.0504039 0.0687056 0.0687230 0.0709459 0.0454059 0.1459179 0.1171089 0.1266829 0.1341476 0.1324957 0.0931657 0.1245342 0.1151368 0.1258528 0.1161950 0.1213771 0.0869005 0.0934259 0.0329414 0.1239049 0.0874500 0.1226043 0.0730006 0.1267403 0.1330036 0.0885239 0.1036787 0.1281207 0.0737038 0.1205340 0.0782573 0.1110642 0.1088551 0.1233136 0.1326661 0.0735913 0.1215555 0.1017841 0.1256751 0.1069711 0.0955547 0.1148225 0.0955526 
S0292         0.1281784 0.0931790 0.0499210 0.0890982 0.0803729 0.0973671 0.0807882 0.0813361 0.0000000 0.0925391 0.1193633 0.0764118 0.0876971 0.0927250 0.0713686 0.0849393 0.0635527 0.0424732 0.1081642 0.0872486 0.1028816 0.0753684 0.0852093 0.0637042 0.0476644 0.0999969 0.0814205 0.0599198 0.0704721 0.1173870 0.0927349 0.0783400 0.1101544 0.0946303 0.0905628 0.0686033 0.0654716 0.0928465 0.0348973 0.0713219 0.0828063 0.1389277 0.0948416 0.0817455 0.1021595 0.0456325 0.0896292 0.0476532 0.0435306 0.0899212 0.0829740 0.0706892 0.1041095 0.0461006 0.0694379 0.0865254 0.0697597 0.0739369 0.0679913 0.1000946 0.0756958 0.1102430 0.0828725 0.1051657 0.0584212 0.1125387 0.1315579 0.0413019 0.1421975 0.0834456 0.0633134 0.0982877 0.0950989 0.0517071 0.1333516 0.0892703 0.1015252 0.0480422 0.0789672 0.0655867 0.0680545 0.0561492 0.0768950 0.1027376 0.0781793 0.0915603 0.0852851 0.0691418 0.0130997 0.0896505 0.0857528 0.0895405 0.0501017 0.0867572 0.0190262 0.0150421 0.0836986 0.0965636 0.0478147 0.0732901 0.0750983 0.0941243 0.0822227 0.0414924 0.0567910 0.0948174 0.0879531 0.0903452 0.0705557 0.0866613 0.0799025 0.0607737 0.0787995 0.0683629 0.0730056 0.0610693 0.0786171 0.0652005 0.0477108 0.0899271 0.0458117 
S0293         0.1280978 0.0647651 0.0720699 0.1177538 0.0930246 0.0189625 0.1199137 0.1278882 0.0925391 0.0000000 0.1028679 0.1141678 0.1420598 0.1496775 0.1109543 0.1413449 0.1163560 0.0519881 0.0932710 0.0151074 0.0291791 0.1219202 0.0594803 0.1099055 0.0742156 0.0783731 0.1381370 0.0699570 0.1070898 0.0917848 0.1360635 0.1051850 0.0501049 0.0210057 0.1088734 0.1025125 0.1092409 0.0705131 0.0168289 0.0924089 0.1390668 0.1251772 0.0752420 0.1348960 0.0230401 0.0720895 0.0170411 0.0741989 0.0698333 0.1313851 0.1051435 0.1096639 0.1523925 0.0847120 0.1051824 0.1227929 0.1011961 0.1140084 0.1011192 0.0908024 0.0923046 0.1156545 0.0945891 0.1497541 0.0731554 0.1443828 0.1253164 0.0673563 0.1330351 0.1058563 0.1225755 0.1344284 0.0586044 0.1117974 0.1330060 0.0169822 0.0330443 0.1005505 0.1271758 0.1073822 0.1074119 0.0921320 0.1146867 0.1335899 0.1256006 0.0247847 0.1232830 0.1218038 0.1045627 0.0170455 0.0191812 0.0492677 0.1205194 0.0369604 0.1056420 0.1048124 0.1281079 0.0393208 0.0744631 0.0895216 0.1153090 0.0208819 0.0997080 0.1048823 0.1044409 0.0210075 0.1250585 0.0439206 0.1044911 0.0454343 0.0608633 0.1160972 0.1333091 0.1071553 0.1093153 0.1014944 0.1056880 0.0786228 0.1014889 0.0732482 0.0867325 
S0294         0.1534409 0.1037778 0.1097927 0.1410236 0.1225561 0.0897418 0.1454813 0.1525020 0.1193633 0.1028679 0.0000000 0.1432678 0.1511064 0.1707619 0.1227792 0.1503237 0.1222214 0.0635819 0.1194979 0.0873563 0.0933675 0.1267387 0.1009749 0.1080230 0.0990954 0.1067608 0.1523083 0.1032542 0.1289785 0.1242834 0.1449058 0.1359366 0.1103716 0.0953507 0.1439240 0.1215341 0.1210336 0.0827495 0.0633116 0.1274807 0.1479797 0.1675365 0.0931863 0.1518512 0.0994419 0.0992871 0.0897398 0.0990725 0.0968425 0.1438742 0.1344788 0.1290106 0.1655287 0.1057562 0.1340974 0.1435827 0.1207229 0.1315443 0.1207190 0.0679174 0.1293704 0.1400229 0.1005631 0.1591753 0.0786948 0.1780035 0.1588793 0.1042284 0.1713770 0.1288182 0.1452642 0.1457785 0.1046431 0.1388225 0.1641094 0.0846667 0.0945267 0.1383142 0.1305745 0.1131387 0.1131705 0.1217916 0.1410840 0.1630681 0.1280196 0.0941541 0.1548586 0.1586324 0.1298164 0.0949889 0.0838142 0.0906329 0.1409573 0.0893157 0.1174395 0.1240855 0.1435677 0.0825625 0.0915555 0.1297323 0.1300676 0.0922735 0.1429228 0.1292046 0.1334946 0.0953173 0.1447489 0.0881553 0.1287361 0.0798895 0.0774544 0.1519870 0.1557119 0.1159467 0.1294040 0.1151957 0.1364983 0.1111687 0.1249043 0.1063583 0.1128452 
S0299         0.1088341 0.1223137 0.0775559 0.0599303 0.1180606 0.1141899 0.1217745 0.0661118 0.0764118 0.1141678 0.1432678 0.0000000 0.1280773 0.1370913 0.0550326 0.1274073 0.0779255 0.0519181 0.1190685 0.1059474 0.1202815 0.0616844 0.1029600 0.0643578 0.0773105 0.1126420 0.1240629 0.0302710 0.1008728 0.1473433 0.1210222 0.0458448 0.1331720 0.1139434 0.0523932 0.0663780 0.0689236 0.1068650 0.0440593 0.1031310 0.1248518 0.1641564 0.1192193 0.1258295 0.1159960 0.0751541 0.1084667 0.0772929 0.0728583 0.1186989 0.1201752 0.0733828 0.1348849 0.0812412 0.1177448 0.1244920 0.0926771 0.1128711 0.0927026 0.1187245 0.1094893 0.1344535 0.0997654 0.1302358 0.0583835 0.1437991 0.1632480 0.0725773 0.1748251 0.1048401 0.1088364 0.1338932 0.1145152 0.1072460 0.1645031 0.1080138 0.1160200 0.1035975 0.0547734 0.0715696 0.0715880 0.0659510 0.0503002 0.1447034 0.1166052 0.1130599 0.1226334 0.1322314 0.0857221 0.1109892 0.0996830 0.1058675 0.1034518 0.1079367 0.0890595 0.0835987 0.0644069 0.1130877 0.0775728 0.1097781 0.0735159 0.1131620 0.1199278 0.0931790 0.1137892 0.1082601 0.0501470 0.1094374 0.0686596 0.1078145 0.0958071 0.1204997 0.1321408 0.0668798 0.1006384 0.0977369 0.1043806 0.0894576 0.1080815 0.1148756 0.0853645 
S0303         0.1915731 0.1183420 0.0916289 0.1116264 0.1085141 0.1360169 0.0305147 0.1344086 0.0876971 0.1420598 0.1511064 0.1280773 0.0000000 0.0708199 0.1168998 0.0130243 0.1041835 0.0725123 0.1565388 0.1248034 0.1345122 0.1163304 0.1270161 0.1027731 0.0792954 0.1327630 0.0131947 0.1071812 0.1046814 0.1426909 0.0657738 0.1195379 0.1369070 0.1417739 0.1194473 0.0952633 0.0917448 0.1269535 0.0782143 0.1086567 0.0111612 0.1580147 0.1177366 0.0096603 0.1300791 0.0817142 0.1223061 0.0838633 0.0793900 0.1333910 0.1086920 0.1023304 0.0644735 0.0903733 0.0579391 0.1089053 0.1062307 0.1051799 0.0954570 0.1330270 0.1132720 0.1455730 0.0571740 0.0770385 0.0878451 0.1318535 0.1649854 0.0864170 0.1800924 0.1050207 0.1178818 0.0716629 0.1202017 0.1144496 0.1725570 0.1268571 0.1273407 0.1080248 0.1162070 0.1015105 0.1043428 0.0947276 0.1233020 0.0923713 0.0058586 0.1269313 0.0681313 0.1093609 0.1052676 0.1385787 0.1240578 0.1208343 0.1157002 0.1067100 0.0935345 0.0976614 0.1252172 0.1140630 0.0841680 0.1110205 0.1121888 0.1328318 0.1211101 0.0952750 0.1092091 0.1285689 0.1306236 0.1182620 0.1021237 0.1215166 0.1196105 0.1132165 0.1254228 0.1018651 0.0949125 0.1071080 0.1192213 0.0955734 0.0980540 0.1385843 0.0897540 
S0308         0.1661099 0.1275182 0.1041848 0.1286709 0.1144088 0.1489353 0.0609521 0.1343826 0.0927250 0.1496775 0.1707619 0.1370913 0.0708199 0.0000000 0.1169245 0.0682492 0.1100296 0.0621644 0.1561087 0.1372728 0.1460337 0.1130935 0.1440962 0.1027891 0.0913682 0.1359692 0.0646732 0.0910006 0.1121615 0.1464547 0.0807556 0.1309272 0.1664696 0.1535021 0.1253326 0.0982398 0.0917551 0.1322004 0.0682614 0.1117969 0.0661715 0.1578823 0.1333021 0.0644922 0.1370921 0.0891679 0.1346840 0.0913479 0.0867912 0.1355950 0.1136706 0.1029455 0.1023220 0.0983150 0.0699506 0.1138913 0.1159077 0.1166888 0.1011330 0.1327255 0.1119779 0.1583139 0.0773799 0.0851568 0.0725589 0.1568905 0.1750137 0.0939763 0.1906215 0.1120974 0.1170763 0.0910025 0.1324192 0.1040637 0.1856779 0.1419767 0.1396998 0.1183642 0.1222434 0.1043311 0.1043596 0.0852877 0.1297323 0.1090849 0.0559544 0.1445418 0.0983729 0.1171036 0.1047823 0.1543580 0.1418245 0.1252248 0.1225997 0.1258641 0.0832435 0.0947790 0.1252476 0.1289226 0.0886455 0.1122682 0.1096846 0.1456143 0.1172255 0.0845266 0.1089045 0.1399251 0.1359445 0.1381787 0.0978211 0.1336604 0.1255033 0.1160132 0.1274437 0.1017916 0.1101637 0.1179725 0.1157213 0.1064891 0.0954827 0.1406923 0.0944755 
S0320         0.1390223 0.1059737 0.0752024 0.0438230 0.1085247 0.1029337 0.1102244 0.0351138 0.0713686 0.1109543 0.1227792 0.0550326 0.1168998 0.1169245 0.0000000 0.1135729 0.0660450 0.0521484 0.0942210 0.0950236 0.1004589 0.0700846 0.1001119 0.0372608 0.0678600 0.0935243 0.1128990 0.0547793 0.1002107 0.1199684 0.1037662 0.0460182 0.1161439 0.1082215 0.0502302 0.0762270 0.0548480 0.0906339 0.0691614 0.0907540 0.1113398 0.1460085 0.0998173 0.1116791 0.1080575 0.0657428 0.0974592 0.0678445 0.0635101 0.1166547 0.1039172 0.0783851 0.1296061 0.0669639 0.1020973 0.1236231 0.0938682 0.1020758 0.0850072 0.1186309 0.0952450 0.1153393 0.1005472 0.1064485 0.0785958 0.1427836 0.1339815 0.0702650 0.1447162 0.1041387 0.0921576 0.1126454 0.1030667 0.0914918 0.1358017 0.0970620 0.0998988 0.0979163 0.0372821 0.0550396 0.0550531 0.0711223 0.0414818 0.1174245 0.0967089 0.0971172 0.1124195 0.1048947 0.0781818 0.1078295 0.0885317 0.0930282 0.1051392 0.0945702 0.0716871 0.0757124 0.0229980 0.0945810 0.0680847 0.0954890 0.0570392 0.1074683 0.1051878 0.0756570 0.0918618 0.1032192 0.0485346 0.0934571 0.0735733 0.0826817 0.0854484 0.0986226 0.1236677 0.0620054 0.0927931 0.0822507 0.0987669 0.0865394 0.0892687 0.0933506 0.0710322 
S0322         0.1772511 0.1203045 0.0935506 0.1083693 0.1006066 0.1353390 0.0262035 0.1308241 0.0849393 0.1413449 0.1503237 0.1274073 0.0130243 0.0682492 0.1135729 0.0000000 0.0989301 0.0669500 0.1529702 0.1241917 0.1311733 0.1098506 0.1263823 0.0996584 0.0812057 0.1294846 0.0074553 0.1011978 0.1017499 0.1419695 0.0632727 0.1189190 0.1468536 0.1410612 0.1239464 0.0949064 0.0912907 0.1289668 0.0778240 0.1056487 0.0018303 0.1456653 0.1146610 0.0115713 0.1294372 0.0790542 0.1217077 0.0811876 0.0767546 0.1301511 0.1106909 0.1019444 0.0664109 0.0828884 0.0554750 0.1109155 0.1033084 0.1022323 0.0926708 0.1321754 0.1152209 0.1389925 0.0522459 0.0789497 0.0823591 0.1312228 0.1582993 0.0837093 0.1701717 0.1020802 0.1198210 0.0691328 0.1196131 0.1114256 0.1630162 0.1262366 0.1318807 0.1050384 0.1129063 0.0961850 0.0989548 0.0918391 0.1200187 0.0895708 0.0137471 0.1263101 0.0656032 0.1113285 0.1023155 0.1378878 0.1208585 0.1176540 0.1126334 0.1061984 0.0882113 0.0947933 0.1217762 0.1160067 0.0814806 0.1129740 0.1066601 0.1321749 0.1205363 0.0924310 0.1112171 0.1279313 0.1299397 0.1227992 0.1017394 0.1260081 0.1215902 0.1101127 0.1327509 0.1013550 0.0968501 0.0967502 0.1134534 0.0927837 0.0951072 0.1352364 0.0823288 
S0327         0.1636409 0.1089530 0.0691476 0.0712698 0.1071200 0.1083578 0.0973469 0.0806757 0.0635527 0.1163560 0.1222214 0.0779255 0.1041835 0.1100296 0.0660450 0.0989301 0.0000000 0.0671119 0.1128985 0.1004604 0.1092102 0.0823470 0.1038823 0.0539074 0.0599291 0.1046448 0.1003903 0.0785202 0.0932070 0.1298874 0.1061206 0.0706673 0.1215185 0.1161315 0.0774757 0.0542808 0.0605389 0.0936122 0.0676389 0.0867392 0.0967727 0.1363808 0.1033759 0.0987925 0.1134585 0.0600325 0.1028836 0.0620765 0.0578744 0.1155897 0.0940274 0.0562966 0.1179527 0.0655102 0.0925012 0.1105886 0.0947874 0.0948918 0.0854776 0.1391072 0.0942496 0.1164344 0.1087631 0.1087135 0.0768597 0.1202906 0.1328175 0.0644035 0.1461324 0.1017669 0.0889888 0.1149647 0.1039203 0.0854777 0.1291716 0.1024681 0.1077481 0.0916342 0.0590728 0.0539418 0.0539546 0.0514213 0.0690054 0.1222287 0.0849331 0.1025258 0.1146924 0.1104769 0.0746808 0.1132229 0.0946173 0.1035346 0.1035122 0.0929091 0.0594173 0.0633634 0.0734580 0.1003529 0.0622898 0.0944885 0.0654722 0.1103796 0.1040746 0.0700303 0.0850970 0.1086535 0.0801907 0.1014257 0.0561946 0.0928072 0.0809745 0.0993525 0.1113115 0.0585568 0.0907025 0.0786682 0.0895089 0.0801215 0.0803051 0.1019685 0.0628363 
S0345         0.1405138 0.0561349 0.0467834 0.0626331 0.0574410 0.0514718 0.0614175 0.0680553 0.0424732 0.0519881 0.0635819 0.0519181 0.0725123 0.0621644 0.0521484 0.0669500 0.0671119 0.0000000 0.0570973 0.0465628 0.0565922 0.0462371 0.0369838 0.0416315 0.0365376 0.0419065 0.0637677 0.0677603 0.0564661 0.0613149 0.0572200 0.0622318 0.0630845 0.0515297 0.0514677 0.0420811 0.0564780 0.0319431 0.0463188 0.0568030 0.0617955 0.1165300 0.0468849 0.0622977 0.0615841 0.0365376 0.0465628 0.0413512 0.0365376 0.0723019 0.0733671 0.0465150 0.0721797 0.0466803 0.0618161 0.0671596 0.0460425 0.0567064 0.0609840 0.0964144 0.0462261 0.0663919 0.0875816 0.0722589 0.0661879 0.0721219 0.0949182 0.0365376 0.1023134 0.0609087 0.0510913 0.0935456 0.0518056 0.0416362 0.0912461 0.0514718 0.0621241 0.0570058 0.0514431 0.0516561 0.0516850 0.0416668 0.0629443 0.0722904 0.0364347 0.0465628 0.0839767 0.0222615 0.0421514 0.0465628 0.0428128 0.0370298 0.0518289 0.0465059 0.0423015 0.0474361 0.0472278 0.0570027 0.0413554 0.0462261 0.0569166 0.0565553 0.0513877 0.0423129 0.0465502 0.0515711 0.0619521 0.0626361 0.0515453 0.0624782 0.0412920 0.0371604 0.0674227 0.0465372 0.0559451 0.0415108 0.0561640 0.0413512 0.0510969 0.0572341 0.0411559 
S0376         0.1523066 0.0864883 0.0992233 0.1171372 0.1135097 0.0851276 0.1449022 0.1180344 0.1081642 0.0932710 0.1194979 0.1190685 0.1565388 0.1561087 0.0942210 0.1529702 0.1128985 0.0570973 0.0000000 0.0781336 0.0883615 0.1189610 0.0900764 0.1032000 0.0912620 0.0504289 0.1497784 0.0799464 0.1254313 0.1068956 0.1381140 0.1123043 0.0957168 0.0930935 0.1199562 0.1115796 0.1098386 0.0853236 0.0629955 0.1076946 0.1506207 0.1576786 0.0976951 0.1497851 0.0899932 0.0890647 0.0782405 0.0912418 0.0866914 0.1374934 0.1128159 0.1164267 0.1639706 0.0949011 0.1314883 0.1451212 0.1165142 0.1285765 0.1114743 0.1124401 0.1129266 0.1321486 0.0933793 0.1615107 0.0624981 0.1594286 0.1509905 0.0938661 0.1657070 0.1306996 0.1360035 0.1512024 0.0999381 0.1116123 0.1559133 0.0801522 0.0874665 0.1323542 0.1184168 0.1129499 0.1129817 0.1060757 0.1196771 0.1421825 0.1426205 0.0801969 0.1547381 0.1328618 0.1206910 0.0903534 0.0722485 0.0803835 0.1278118 0.0847676 0.1112912 0.1127835 0.1066787 0.0873267 0.0891903 0.1157871 0.1210811 0.0900603 0.1234928 0.1153902 0.1208611 0.0858783 0.1171199 0.0805874 0.1109971 0.0798410 0.0803236 0.1304784 0.1542402 0.1110399 0.1176928 0.1117369 0.1275589 0.0958576 0.1154483 0.0552123 0.0948868 
S0400         0.1264388 0.0534291 0.0717977 0.1013127 0.0825978 0.0112292 0.1050131 0.1193238 0.0872486 0.0151074 0.0873563 0.1059474 0.1248034 0.1372728 0.0950236 0.1241917 0.1004604 0.0465628 0.0781336 0.0000000 0.0170808 0.1122989 0.0501214 0.0941505 0.0646379 0.0639525 0.1209022 0.0641514 0.0914811 0.0718884 0.1242265 0.0972503 0.0371341 0.0189498 0.0947266 0.0972082 0.0935921 0.0565860 0.0166433 0.0820526 0.1219714 0.1124905 0.0612085 0.1172798 0.0189293 0.0625601 0.0055448 0.0646232 0.0603760 0.1145969 0.0940985 0.1042650 0.1344728 0.0726342 0.1022005 0.1059363 0.0859730 0.0978705 0.0836248 0.0836415 0.0819671 0.1011846 0.0723145 0.1374455 0.0524976 0.1270719 0.1133695 0.0669839 0.1213607 0.0896525 0.1112197 0.1204213 0.0495154 0.0960371 0.1159669 0.0055259 0.0247823 0.0976633 0.1104520 0.0917325 0.0917568 0.0868928 0.1064239 0.1278980 0.1108372 0.0130271 0.1255711 0.1086728 0.0990799 0.0131220 0.0094030 0.0424901 0.1147330 0.0286167 0.0923816 0.0916745 0.1112351 0.0329029 0.0648475 0.0845202 0.1041557 0.0130863 0.0891212 0.0918536 0.0932443 0.0131648 0.1083704 0.0331857 0.0991790 0.0327580 0.0496941 0.0996274 0.1162260 0.0915404 0.0936526 0.0885144 0.0972472 0.0689245 0.0931481 0.0615894 0.0721283 
S0405         0.1258260 0.0649442 0.0842214 0.1120142 0.0957132 0.0250556 0.1176285 0.1277132 0.1028816 0.0291791 0.0933675 0.1202815 0.1345122 0.1460337 0.1004589 0.1311733 0.1092102 0.0565922 0.0883615 0.0170808 0.0000000 0.1157706 0.0617102 0.1044177 0.0766823 0.0762537 0.1305695 0.0799837 0.1072315 0.0797164 0.1338729 0.1060153 0.0480980 0.0271165 0.1117245 0.1109929 0.1021781 0.0684374 0.0298481 0.0926824 0.1289101 0.1289840 0.0709909 0.1244022 0.0290960 0.0745437 0.0190292 0.0766651 0.0722686 0.1291342 0.1050477 0.1183157 0.1467742 0.0852311 0.1137016 0.1257864 0.0990481 0.1117791 0.0989721 0.0837834 0.0895225 0.1072468 0.0779953 0.1421375 0.0672940 0.1421112 0.1195013 0.0791504 0.1276601 0.1063148 0.1279087 0.1298544 0.0609439 0.1119465 0.1220271 0.0189632 0.0351669 0.1139093 0.1213257 0.1027013 0.1027295 0.1001198 0.1121845 0.1377493 0.1173880 0.0228756 0.1353590 0.1201242 0.1152374 0.0270279 0.0172429 0.0539915 0.1286068 0.0391040 0.1029787 0.1074543 0.1170201 0.0414219 0.0769398 0.0921531 0.1156108 0.0269524 0.0968474 0.1050209 0.1039700 0.0231237 0.1197114 0.0440396 0.1104644 0.0393003 0.0611661 0.1159930 0.1334998 0.0992831 0.1071358 0.0985350 0.1110405 0.0811209 0.1063904 0.0713552 0.0846180 
S0407sl       0.1086598 0.1108995 0.0715716 0.0785780 0.1017224 0.1219513 0.1050409 0.0701841 0.0753684 0.1219202 0.1267387 0.0616844 0.1163304 0.1130935 0.0700846 0.1098506 0.0823470 0.0462371 0.1189610 0.1122989 0.1157706 0.0000000 0.1008865 0.0567475 0.0687671 0.0955622 0.1087662 0.0254587 0.1028501 0.1376753 0.1103584 0.0589227 0.1350121 0.1152393 0.0699267 0.0722884 0.0516474 0.1004889 0.0388971 0.0928613 0.1098576 0.1736211 0.1034188 0.1132648 0.1281747 0.0636170 0.1094660 0.0687490 0.0637493 0.1078899 0.1053931 0.0666903 0.1143092 0.0648334 0.0992876 0.1238723 0.1049015 0.1073215 0.0962950 0.1099709 0.0974443 0.1353874 0.0828841 0.1072852 0.0623132 0.1214657 0.1614670 0.0634733 0.1717650 0.0941439 0.1125975 0.1151984 0.1094156 0.0959234 0.1633859 0.1117684 0.1211263 0.1066154 0.0677076 0.0570218 0.0570380 0.0689567 0.0726557 0.1285452 0.0996833 0.1089590 0.1076269 0.1194589 0.0887557 0.1152296 0.1079938 0.1037961 0.0939370 0.1059271 0.0754034 0.0890372 0.0759867 0.1061754 0.0658962 0.1006956 0.0674637 0.1177326 0.1038233 0.0780826 0.0958267 0.1189866 0.0671196 0.1135332 0.0693038 0.1029993 0.0913294 0.0996188 0.1307611 0.0542483 0.0940805 0.0750476 0.0972362 0.0850629 0.0930431 0.0917380 0.0747279 
S0412sl       0.1195314 0.0651168 0.0632672 0.1082369 0.0881747 0.0639166 0.1044048 0.1241751 0.0852093 0.0594803 0.1009749 0.1029600 0.1270161 0.1440962 0.1001119 0.1263823 0.1038823 0.0369838 0.0900764 0.0501214 0.0617102 0.1008865 0.0000000 0.0967768 0.0652677 0.0851998 0.1257175 0.0646099 0.0971976 0.0702710 0.1228610 0.1001945 0.0755798 0.0571694 0.1129140 0.0927162 0.0945217 0.0685532 0.0393176 0.0827348 0.1238488 0.1256057 0.0507983 0.1221499 0.0684973 0.0631688 0.0569640 0.0652528 0.0609612 0.1096639 0.1032411 0.1023358 0.1484795 0.0779448 0.1087693 0.1120943 0.0963153 0.1039250 0.0916231 0.1115176 0.0929195 0.0997930 0.0994411 0.1399524 0.0581514 0.1338497 0.1177980 0.0585652 0.1255115 0.1002652 0.1147561 0.1355395 0.0708577 0.1041546 0.1173318 0.0567476 0.0657766 0.0955752 0.1132479 0.0950413 0.0950669 0.0919853 0.0979459 0.1275666 0.1071780 0.0611334 0.1219691 0.1158286 0.0970308 0.0547933 0.0486761 0.0563905 0.1126566 0.0523785 0.0956000 0.0997150 0.1167221 0.0566234 0.0654816 0.0956051 0.1074483 0.0568051 0.1053211 0.0999097 0.1128635 0.0594861 0.1059379 0.0574708 0.1021293 0.0545237 0.0611942 0.1014653 0.1277987 0.0972813 0.0920468 0.0910730 0.1008408 0.0695994 0.1046759 0.0825442 0.0773927 
S0417         0.1380663 0.0954406 0.0630973 0.0526779 0.0979406 0.1019747 0.0956943 0.0546682 0.0637042 0.1099055 0.1080230 0.0643578 0.1027731 0.1027891 0.0372608 0.0996584 0.0539074 0.0416315 0.1032000 0.0941505 0.1044177 0.0567475 0.0967768 0.0000000 0.0539749 0.0903695 0.0988162 0.0495822 0.0869379 0.1138624 0.0871274 0.0573708 0.1200653 0.1096935 0.0571445 0.0590853 0.0350805 0.0826418 0.0585312 0.0802192 0.0974843 0.1344755 0.0897677 0.0997024 0.1070427 0.0540677 0.0918119 0.0561105 0.0519241 0.1026057 0.0925972 0.0524407 0.1123025 0.0550439 0.0909006 0.1065611 0.0856430 0.0861315 0.0792993 0.1043181 0.0872706 0.1069675 0.0887775 0.1024803 0.0677241 0.1252087 0.1314167 0.0584096 0.1421194 0.0953753 0.0838944 0.1037307 0.1023819 0.0878938 0.1332903 0.0961713 0.1014018 0.0847242 0.0352480 0.0309125 0.0309194 0.0538775 0.0484607 0.1057019 0.0830205 0.1010003 0.1032159 0.1032094 0.0748587 0.1068187 0.0879414 0.0896971 0.0916739 0.0866256 0.0639824 0.0679435 0.0438380 0.0937162 0.0563032 0.0874907 0.0415279 0.1040085 0.0921866 0.0678950 0.0832297 0.1022542 0.0620975 0.0950151 0.0566484 0.0912777 0.0771601 0.0970336 0.1140399 0.0461002 0.0799194 0.0698551 0.0879405 0.0740268 0.0807301 0.0949757 0.0634108 
S0419         0.1312865 0.0683360 0.0130894 0.0752895 0.0569496 0.0738847 0.0669282 0.0871476 0.0476644 0.0742156 0.0990954 0.0773105 0.0792954 0.0913682 0.0678600 0.0812057 0.0599291 0.0365376 0.0912620 0.0646379 0.0766823 0.0687671 0.0652677 0.0539749 0.0000000 0.0768801 0.0777237 0.0588094 0.0537746 0.0954557 0.0834550 0.0701173 0.0834192 0.0763272 0.0656606 0.0673236 0.0515720 0.0631007 0.0387823 0.0311878 0.0791149 0.1011853 0.0692614 0.0755458 0.0739818 0.0055237 0.0668395 0.0073724 0.0036735 0.0720235 0.0383345 0.0649727 0.0973265 0.0329327 0.0593017 0.0706146 0.0554932 0.0525474 0.0470898 0.0969890 0.0313221 0.0895271 0.0767473 0.0906491 0.0475389 0.0925567 0.1069810 0.0092587 0.1117970 0.0587389 0.0718403 0.0849352 0.0740679 0.0665652 0.1043078 0.0665865 0.0757318 0.0653675 0.0679734 0.0518189 0.0518312 0.0620366 0.0730997 0.0960554 0.0669970 0.0709996 0.0913148 0.0825172 0.0582668 0.0760783 0.0589256 0.0642449 0.0810017 0.0621831 0.0521075 0.0517384 0.0798526 0.0711861 0.0073940 0.0313956 0.0563010 0.0713973 0.0437915 0.0496461 0.0587396 0.0695809 0.0772916 0.0651963 0.0692417 0.0621410 0.0517085 0.0739942 0.0948217 0.0538448 0.0473852 0.0471973 0.0543459 0.0226650 0.0542244 0.0744641 0.0367591 
S0427         0.1272162 0.0722414 0.0844471 0.1028009 0.0955530 0.0711032 0.1227344 0.1232027 0.0999969 0.0783731 0.1067608 0.1126420 0.1327630 0.1359692 0.0935243 0.1294846 0.1046448 0.0419065 0.0504289 0.0639525 0.0762537 0.0955622 0.0851998 0.0903695 0.0768801 0.0000000 0.1261664 0.0546420 0.1119176 0.0920171 0.1183239 0.0960681 0.0878496 0.0782271 0.1069939 0.1063263 0.0873419 0.0685164 0.0392578 0.0974652 0.1269291 0.1284898 0.0845183 0.1254295 0.0712278 0.0747347 0.0640395 0.0768628 0.0724510 0.1266947 0.1052710 0.1086022 0.1500192 0.0854628 0.1173577 0.1337668 0.1034225 0.1088916 0.0987461 0.0922561 0.0949807 0.1116361 0.0678650 0.1383668 0.0389606 0.1392901 0.1303200 0.0793571 0.1442963 0.1055421 0.1223888 0.1315594 0.0902077 0.1059994 0.1354105 0.0614931 0.0752871 0.1235624 0.1067694 0.0901870 0.0902110 0.0956226 0.1135819 0.1332231 0.1154216 0.0704529 0.1346971 0.1270154 0.1122412 0.0710501 0.0625749 0.0610430 0.1202102 0.0749032 0.0949124 0.1045365 0.1092851 0.0704988 0.0748387 0.0976764 0.0976031 0.0754005 0.1050574 0.1022977 0.1041009 0.0667639 0.1100811 0.0712988 0.1058015 0.0635445 0.0616457 0.1107907 0.1366985 0.0930789 0.1068895 0.0923167 0.0998989 0.0762564 0.0990663 0.0396777 0.0848463 
S0430         0.1769788 0.1170221 0.0901090 0.1051030 0.1020717 0.1321057 0.0244607 0.1303731 0.0814205 0.1381370 0.1523083 0.1240629 0.0131947 0.0646732 0.1128990 0.0074553 0.1003903 0.0637677 0.1497784 0.1209022 0.1305695 0.1087662 0.1257175 0.0988162 0.0777237 0.1261664 0.0000000 0.0933492 0.0983208 0.1414996 0.0574963 0.1181476 0.1436828 0.1378576 0.1206000 0.0914265 0.0878330 0.1256545 0.0699344 0.1022004 0.0055902 0.1530184 0.1112962 0.0116039 0.1261803 0.0755547 0.1184007 0.0777060 0.0732450 0.1268818 0.1072018 0.0985120 0.0649957 0.0840649 0.0540359 0.1024378 0.0999175 0.0960789 0.0892546 0.1160783 0.1118441 0.1413137 0.0538024 0.0777695 0.0745647 0.1306027 0.1609309 0.0802318 0.1730340 0.0986461 0.1113841 0.0701156 0.1162819 0.1080611 0.1656803 0.1229722 0.1286422 0.1016040 0.1122268 0.0975965 0.1004161 0.0882820 0.1194230 0.0884862 0.0157887 0.1179177 0.0665445 0.1078973 0.0988724 0.1346717 0.1201048 0.1142301 0.1092427 0.1052987 0.0846749 0.0913163 0.1212075 0.1152104 0.0779885 0.1095767 0.1082526 0.1289308 0.1171876 0.0861832 0.1077152 0.1246390 0.1266152 0.1194719 0.0983125 0.1198601 0.1182864 0.1063591 0.1262227 0.0979383 0.0933966 0.0978847 0.1100448 0.0893655 0.0915393 0.1319470 0.0834891 
S0478         0.1201105 0.0840271 0.0641674 0.0757615 0.0753365 0.0740228 0.1004572 0.0646675 0.0599198 0.0699570 0.1032542 0.0302710 0.1071812 0.0910006 0.0547793 0.1011978 0.0785202 0.0677603 0.0799464 0.0641514 0.0799837 0.0254587 0.0646099 0.0495822 0.0588094 0.0546420 0.0933492 0.0000000 0.0641022 0.0905987 0.0912036 0.0390413 0.0864513 0.0638502 0.0490315 0.0494465 0.0543069 0.0442021 0.0586404 0.0749273 0.0957922 0.1320392 0.0691931 0.0883368 0.0849877 0.0539527 0.0641514 0.0587911 0.0539527 0.0950937 0.0913622 0.0536726 0.0958199 0.0598918 0.0904628 0.0746524 0.0884137 0.0743880 0.0684775 0.1245557 0.0686623 0.0898788 0.1059754 0.1057278 0.0735986 0.0794929 0.1055721 0.0489492 0.1187185 0.0683952 0.0741986 0.1066267 0.0589557 0.0690567 0.1142768 0.0690645 0.0747837 0.0744151 0.0592270 0.0545124 0.0545421 0.0489766 0.0697929 0.1066765 0.0680818 0.0641514 0.0913411 0.0799244 0.0594785 0.0589445 0.0508329 0.0598676 0.0741939 0.0640741 0.0649677 0.0702392 0.0651260 0.0751458 0.0587974 0.0686623 0.0596303 0.0688335 0.0689495 0.0592357 0.0641359 0.0694334 0.0490980 0.0759284 0.0489739 0.0803617 0.0491219 0.0658482 0.0904142 0.0543069 0.0784638 0.0747757 0.0637679 0.0587911 0.0539485 0.0699553 0.0587327 
S0552sl       0.1501359 0.1023959 0.0650322 0.1061836 0.0953399 0.1016674 0.0822965 0.1152253 0.0704721 0.1070898 0.1289785 0.1008728 0.1046814 0.1121615 0.1002107 0.1017499 0.0932070 0.0564661 0.1254313 0.0914811 0.1072315 0.1028501 0.0971976 0.0869379 0.0537746 0.1119176 0.0983208 0.0641022 0.0000000 0.1332690 0.1090141 0.0971341 0.1195359 0.1092043 0.1076421 0.0969927 0.0842129 0.0996133 0.0528664 0.0773013 0.0995763 0.1308160 0.0983534 0.1017544 0.1041508 0.0517322 0.0938734 0.0537622 0.0496075 0.0746942 0.0915231 0.0968593 0.1168937 0.0588602 0.0905419 0.0313557 0.0539052 0.0379432 0.0307752 0.1102380 0.0828182 0.1196011 0.0923506 0.1218263 0.0342188 0.0845156 0.1358609 0.0560359 0.1437997 0.0482809 0.0929286 0.1153392 0.1018583 0.0862105 0.1323730 0.0934965 0.1057707 0.0841203 0.1004059 0.0869989 0.0870218 0.0865713 0.1062978 0.1305272 0.0978840 0.1005502 0.1074366 0.0925925 0.0795972 0.1040396 0.0926495 0.0964167 0.0962414 0.0956727 0.0726189 0.0747620 0.1072853 0.1005172 0.0539451 0.0830271 0.0920951 0.1012635 0.0924429 0.0750811 0.0749360 0.1017941 0.1107362 0.0966966 0.1014702 0.0980344 0.0937708 0.0833638 0.1104906 0.0746686 0.0543672 0.0742011 0.0727073 0.0715137 0.0702301 0.1042461 0.0653807 
S0558         0.1375842 0.0828493 0.1034752 0.1325117 0.1105016 0.0866408 0.1309577 0.1488038 0.1173870 0.0917848 0.1242834 0.1473433 0.1426909 0.1464547 0.1199684 0.1419695 0.1298874 0.0613149 0.1068956 0.0718884 0.0797164 0.1376753 0.0702710 0.1138624 0.0954557 0.0920171 0.1414996 0.0905987 0.1332690 0.0000000 0.1341628 0.1261164 0.0918506 0.0916129 0.1346679 0.1215599 0.1115606 0.0828000 0.0679697 0.1129609 0.1396803 0.1448377 0.0825355 0.1383286 0.0914807 0.0932593 0.0746833 0.0907076 0.0908761 0.1399917 0.1302990 0.1343162 0.1594365 0.0994830 0.1190081 0.1445173 0.1206935 0.1329622 0.1166413 0.1233682 0.1164570 0.1159834 0.0933400 0.1476246 0.0673690 0.1538498 0.1428837 0.0980786 0.1510914 0.1257802 0.1458817 0.1405851 0.1013079 0.1214695 0.1418830 0.0789119 0.0838410 0.1340056 0.1342365 0.1171724 0.1172053 0.1157276 0.1361060 0.1407175 0.1230188 0.0835189 0.1440065 0.1326725 0.1249342 0.0889262 0.0731198 0.0699044 0.1363676 0.0834140 0.1178863 0.1195482 0.1376167 0.0720541 0.0957881 0.1193125 0.1252788 0.0839697 0.1192721 0.1222611 0.1299493 0.0845244 0.1445391 0.0798840 0.1287675 0.0742292 0.0837325 0.1343507 0.1545322 0.1204487 0.1200551 0.1159572 0.1265803 0.0953326 0.1218098 0.0968318 0.1013824 
S0616         0.1724987 0.1178328 0.0958694 0.0952922 0.1084402 0.1353732 0.0604054 0.1334993 0.0927349 0.1360635 0.1449058 0.1210222 0.0657738 0.0807556 0.1037662 0.0632727 0.1061206 0.0572200 0.1381140 0.1242265 0.1338729 0.1103584 0.1228610 0.0871274 0.0834550 0.1183239 0.0574963 0.0912036 0.1090141 0.1341628 0.0000000 0.1187503 0.1441975 0.1410949 0.1186613 0.1000006 0.0865762 0.1238375 0.0734189 0.1022905 0.0612238 0.1712299 0.1097302 0.0639767 0.1294138 0.0812984 0.1158222 0.0834364 0.0789880 0.1248544 0.1050206 0.1048483 0.0710998 0.0875236 0.0623689 0.1158308 0.1105319 0.1060557 0.0976491 0.1198776 0.1153073 0.1355838 0.0678920 0.0631367 0.0779736 0.1496163 0.1541626 0.0859747 0.1731714 0.1075332 0.1247935 0.0694254 0.1196482 0.1138384 0.1659140 0.1211798 0.1216915 0.1207936 0.1104462 0.0989253 0.0989519 0.0967649 0.1064400 0.0614375 0.0554140 0.1212500 0.0613908 0.1086971 0.1047938 0.1326670 0.1234777 0.1024005 0.1226138 0.1111235 0.0906864 0.0947892 0.1141623 0.1114808 0.0837385 0.1156079 0.1066551 0.1322082 0.1155692 0.0971534 0.1136741 0.1331275 0.1209796 0.1177160 0.1070399 0.1185423 0.1166176 0.1100347 0.1290803 0.0941503 0.1016135 0.0992060 0.1109545 0.0908965 0.1058480 0.1273463 0.0869293 
S0624         0.1267420 0.1156892 0.0703368 0.0488476 0.1139615 0.1052022 0.1155760 0.0522458 0.0783400 0.1051850 0.1359366 0.0458448 0.1195379 0.1309272 0.0460182 0.1189190 0.0706673 0.0622318 0.1123043 0.0972503 0.1060153 0.0589227 0.1001945 0.0573708 0.0701173 0.0960681 0.1181476 0.0390413 0.0971341 0.1261164 0.1187503 0.0000000 0.1210887 0.1025110 0.0482750 0.0662314 0.0618359 0.0953974 0.0535717 0.0955273 0.1166696 0.1501370 0.1069200 0.1117168 0.1103471 0.0679913 0.0996948 0.0701013 0.0657454 0.1244272 0.1116454 0.0706548 0.1245490 0.0738290 0.1092322 0.1201845 0.0993899 0.1046300 0.0850482 0.1250889 0.1063518 0.1267929 0.1001012 0.1242725 0.0782381 0.1455779 0.1457956 0.0654967 0.1568246 0.1039044 0.1027413 0.1152218 0.0954457 0.0945371 0.1473898 0.0992879 0.1021436 0.1030203 0.0502929 0.0643934 0.0644096 0.0633999 0.0461266 0.1304920 0.1023560 0.1041852 0.1016826 0.1236522 0.0900105 0.1021441 0.0884413 0.1052648 0.1103261 0.0944282 0.0861892 0.0902586 0.0530655 0.0995785 0.0703498 0.1066309 0.0714689 0.1042781 0.1166706 0.0879120 0.1053011 0.1027413 0.0550137 0.0981525 0.0659922 0.0942829 0.0874289 0.1094243 0.1297917 0.0598117 0.1000810 0.0900015 0.1012810 0.0859811 0.0997546 0.1058194 0.0779150 
