135
PAFTOL_019361 0.0000000 0.2572035 0.2283755 0.2815462 0.2814671 0.2812839 0.3385409 0.2756267 0.2815641 0.2801306 0.2730685 0.2669669 0.3330814 0.3010462 0.2772716 0.3322211 0.2536600 0.2679449 0.2745751 0.3147407 0.2673749 0.2867953 0.2861041 0.2806134 0.2748182 0.2678328 0.2592182 0.2761460 0.2527329 0.3262755 0.2614529 0.3130416 0.2862744 0.2878301 0.3262892 0.2446361 0.2785456 0.2973947 0.2962025 0.2658391 0.2554604 0.2372350 0.2777710 0.2632954 0.3338900 0.2891652 0.2661679 0.3278434 0.3008885 0.2860006 0.3184689 0.2623684 0.2808729 0.2553699 0.2593725 0.3009695 0.2660602 0.2565742 0.2355392 0.2714772 0.2507757 0.2731492 0.2721388 0.3180398 0.2998024 0.3109212 0.3155207 0.3033596 0.2853690 0.2835906 0.2614658 0.2580569 0.2661675 0.3045052 0.3039123 0.2901027 0.2566983 0.3036484 0.2471750 0.3206081 0.2939599 0.2719358 0.2778885 0.3097523 0.3002537 0.2750329 0.2870139 0.2550763 0.2727212 0.2570514 0.2479262 0.3278147 0.2514885 0.2925439 0.2631568 0.3398556 0.3306167 0.2863188 0.2387940 0.2740275 0.2720610 0.2901722 0.2701235 0.2855283 0.3035209 0.2769354 0.2567312 0.2944285 0.2846342 0.2906496 0.2736321 0.2567779 0.2602248 0.2838820 0.2641822 0.2671196 0.2839042 0.2963116 0.2690419 0.2848198 0.2738827 0.2826762 0.2628517 0.2724945 0.2811247 0.2716671 0.2739836 0.2578033 0.2958154 0.2622572 0.2994180 0.2619434 0.2744976 0.2773899 0.2785753 
S0055         0.2572035 0.0000000 0.0817352 0.1266933 0.1057808 0.0584364 0.1528427 0.1300601 0.1140400 0.0688360 0.0639045 0.1325457 0.1305078 0.1395205 0.1289673 0.1262234 0.1175557 0.0907480 0.0956864 0.1493241 0.0850485 0.0566379 0.0631190 0.1287900 0.0688777 0.1183503 0.0789350 0.0698022 0.1056733 0.1283523 0.1176195 0.1342377 0.0841065 0.1132438 0.1270269 0.1129717 0.0644364 0.0707606 0.1398074 0.1056100 0.1016008 0.0784689 0.0552994 0.0923837 0.1404130 0.1921223 0.0623247 0.1601979 0.1255661 0.0597894 0.1512981 0.0789497 0.0575696 0.0751493 0.0780166 0.1363727 0.0921152 0.1125591 0.0902163 0.1023369 0.0968525 0.0753272 0.1067163 0.1447321 0.1502006 0.1360424 0.1482738 0.0861256 0.0918069 0.1899185 0.1047508 0.1026679 0.1090588 0.1436970 0.1430608 0.2042355 0.0764626 0.2023248 0.0996413 0.1595257 0.1115924 0.1084930 0.0649689 0.1301676 0.1971049 0.0601777 0.0565269 0.0794693 0.1180582 0.1025648 0.1045064 0.1377105 0.1049631 0.1314856 0.1043179 0.1431252 0.1412348 0.0600966 0.0871119 0.0885240 0.1038175 0.0616472 0.0533894 0.0401609 0.1371215 0.0513997 0.1126329 0.1115493 0.1188843 0.1430275 0.0505354 0.0783903 0.1266207 0.0894388 0.1085727 0.0565528 0.0850416 0.1212831 0.0892938 0.0616973 0.1365437 0.0603706 0.1059908 0.0492391 0.0968654 0.0862598 0.0948100 0.1087155 0.1192372 0.0790291 0.1251203 0.0796010 0.0885948 0.0796173 0.0808314 
S0196sl       0.2283755 0.0817352 0.0000000 0.1159967 0.0597558 0.0718783 0.1419696 0.1145401 0.0956636 0.0755686 0.0762578 0.1228259 0.1270305 0.1214968 0.1143077 0.1232140 0.1008971 0.0795927 0.1022727 0.1322039 0.0841664 0.0714403 0.0761003 0.1173349 0.0956903 0.1063651 0.0132121 0.0882776 0.0860589 0.1249610 0.1046297 0.1161948 0.1084679 0.1066614 0.1204252 0.1127223 0.0804877 0.0737403 0.1271559 0.0966783 0.0879285 0.0599889 0.0706548 0.0356866 0.1281902 0.1755472 0.0795813 0.1410822 0.1150346 0.0722600 0.1189453 0.0110911 0.0741997 0.0090021 0.0111040 0.1159131 0.0383802 0.0957671 0.0763413 0.0824280 0.0840896 0.0618554 0.0910073 0.1279262 0.1215360 0.1228929 0.1283290 0.0957542 0.0442446 0.1839355 0.0894056 0.0878156 0.0902728 0.1217855 0.1215181 0.1926253 0.0089900 0.1864494 0.0838017 0.1331665 0.0853168 0.0918711 0.0978220 0.1194277 0.1844421 0.0772543 0.0816011 0.0588253 0.1081593 0.0865714 0.0772223 0.1351132 0.0956734 0.1233871 0.0876372 0.1396424 0.1313316 0.0713991 0.0726381 0.0994044 0.0888364 0.0813753 0.0672475 0.0931019 0.1212406 0.0812613 0.0919919 0.0957239 0.1020779 0.1253786 0.0751934 0.0132047 0.1163593 0.0428855 0.0864146 0.0707912 0.0407042 0.1052682 0.0681640 0.0741521 0.1221272 0.0735230 0.0977762 0.0664471 0.0814818 0.0957821 0.0834529 0.0909699 0.0872520 0.0630407 0.0959034 0.0404761 0.0690335 0.0948269 0.0865511 
S0278         0.2815462 0.1266933 0.1159967 0.0000000 0.1422998 0.1240170 0.1927509 0.0479480 0.1437367 0.1396993 0.1292110 0.0516716 0.1698674 0.1722580 0.0500617 0.1675008 0.0480892 0.1306701 0.1619105 0.1758132 0.1342769 0.1251152 0.1276152 0.0613153 0.1590016 0.0518462 0.1152053 0.1315290 0.0653951 0.1723768 0.0791917 0.1681940 0.1441372 0.1503850 0.1663347 0.0466278 0.1394281 0.1385026 0.0609121 0.0794423 0.0820877 0.1040607 0.1199477 0.1283205 0.1754139 0.2200113 0.1197840 0.1865445 0.1553113 0.1236294 0.1810106 0.1160746 0.1255998 0.1097109 0.1115201 0.1665165 0.1272447 0.0834496 0.1201752 0.0798022 0.0711335 0.1177106 0.1415162 0.1731558 0.1703683 0.1670798 0.1728128 0.1616329 0.1368790 0.2159515 0.1308649 0.1367389 0.1481198 0.1570849 0.1609796 0.2374461 0.1104431 0.2388974 0.0776980 0.1840214 0.1517497 0.1465218 0.1416320 0.1648708 0.2338815 0.1241549 0.1383235 0.1024798 0.0470389 0.0822270 0.0865612 0.1758596 0.0745947 0.0505685 0.1327418 0.1813614 0.1756753 0.1263229 0.1164741 0.1487246 0.1392294 0.1283468 0.1174489 0.1451814 0.1715760 0.1247109 0.0834166 0.1419699 0.1568953 0.0632837 0.1253164 0.1135311 0.0538900 0.1344575 0.0841552 0.1231708 0.1299679 0.1558814 0.1275404 0.1273037 0.0575448 0.1257337 0.0802203 0.1213999 0.1360055 0.1471316 0.1379795 0.0900177 0.1512512 0.1178227 0.1547062 0.1179389 0.1258247 0.1384676 0.1369612 
S0281         0.2814671 0.1057808 0.0597558 0.1422998 0.0000000 0.1115465 0.1628936 0.1463077 0.1119102 0.1208118 0.1143105 0.1466689 0.1515393 0.1464563 0.1493615 0.1445271 0.1320063 0.1022394 0.1204026 0.1547066 0.1153016 0.1115259 0.1165501 0.1500717 0.1244014 0.1457384 0.0621854 0.1200524 0.1386686 0.1465864 0.1413250 0.1360108 0.1314424 0.1273971 0.1455825 0.1385028 0.1132787 0.1235198 0.1538521 0.1298321 0.1293132 0.0965793 0.1068567 0.0636637 0.1549037 0.2161120 0.1134312 0.1625087 0.1475750 0.1117417 0.1394478 0.0630725 0.1129550 0.0585625 0.0623126 0.1410196 0.0628901 0.1310128 0.1045612 0.1216067 0.1206939 0.0961120 0.1181146 0.1445498 0.1445169 0.1424062 0.1504056 0.1350749 0.0716590 0.2237852 0.1249261 0.1207572 0.1181698 0.1390241 0.1425532 0.2314643 0.0589247 0.2302565 0.1161541 0.1512611 0.1227103 0.1268923 0.1230108 0.1305523 0.2262546 0.1119454 0.1140746 0.1010804 0.1417576 0.1266743 0.1232862 0.1541187 0.1280322 0.1475973 0.1137803 0.1612749 0.1530183 0.1110405 0.1019678 0.1262345 0.1070951 0.1186550 0.1063881 0.1255741 0.1335635 0.1118831 0.1280018 0.1139151 0.1213711 0.1536274 0.1091544 0.0624864 0.1458576 0.0699863 0.1275443 0.1091484 0.0697807 0.1272306 0.1043299 0.1155038 0.1577165 0.1114696 0.1314975 0.1026435 0.1155856 0.1235950 0.1070393 0.1319017 0.1172456 0.0973015 0.1205024 0.0777939 0.1050403 0.1236152 0.1205876 
S0282         0.2812839 0.0584364 0.0718783 0.1240170 0.1115465 0.0000000 0.1505309 0.1236752 0.1146381 0.0209001 0.0402564 0.1284179 0.1397744 0.1420227 0.1217476 0.1345258 0.1106214 0.0965983 0.1233527 0.1494163 0.0806868 0.0139086 0.0295779 0.1296228 0.0853355 0.1168359 0.0786449 0.0769145 0.1080389 0.1354882 0.1105415 0.1379738 0.0948949 0.1193696 0.1343409 0.1166668 0.0617995 0.0331402 0.1393384 0.1020267 0.1059798 0.0809373 0.0150294 0.0914916 0.1422597 0.2066855 0.0731825 0.1555622 0.1275835 0.0244876 0.1437883 0.0761205 0.0176105 0.0738371 0.0753202 0.1361043 0.0912927 0.1064935 0.0951963 0.1007277 0.0918845 0.0792399 0.1098054 0.1488251 0.1528132 0.1391616 0.1505401 0.0558572 0.0934263 0.1977040 0.1034586 0.1047812 0.1075560 0.1386964 0.1428671 0.2158009 0.0732250 0.2122596 0.0856096 0.1638215 0.1139469 0.1082753 0.0644338 0.1381013 0.2117796 0.0198635 0.0584113 0.0760040 0.1151846 0.1038528 0.1039383 0.1429024 0.0998034 0.1321653 0.1029413 0.1528228 0.1461149 0.0263251 0.0903834 0.1063263 0.1088954 0.0225382 0.0237945 0.0748707 0.1427159 0.0473714 0.1046311 0.1123207 0.1234342 0.1424856 0.0496657 0.0780939 0.1222732 0.0910438 0.1057310 0.0179839 0.0878927 0.1252637 0.0903984 0.0283165 0.1313987 0.0544036 0.1030980 0.0420058 0.0936693 0.1055774 0.1009676 0.1049950 0.1205135 0.0817160 0.1273446 0.0815850 0.0898513 0.0888516 0.0876420 
S0288         0.3385409 0.1528427 0.1419696 0.1927509 0.1628936 0.1505309 0.0000000 0.1911977 0.1788107 0.1697954 0.1533322 0.1936541 0.0285114 0.0988745 0.1951277 0.0222441 0.1737627 0.1588066 0.1942805 0.0249423 0.1809643 0.1539481 0.1536336 0.2052988 0.1880942 0.1862845 0.1427202 0.1659400 0.1875686 0.0186686 0.1852935 0.2009060 0.1850614 0.1093006 0.0263060 0.1859561 0.1650574 0.1693383 0.1977419 0.1706242 0.1744117 0.1436138 0.1489319 0.1529629 0.0269954 0.2809526 0.1533301 0.0249680 0.2124414 0.1570919 0.2348011 0.1453337 0.1500090 0.1406263 0.1364019 0.2041209 0.1499216 0.1801920 0.0805954 0.1696785 0.1528034 0.1550055 0.0674597 0.2085216 0.2263261 0.2027007 0.2210556 0.1876920 0.1627577 0.2796041 0.1692840 0.0911819 0.0966834 0.2072754 0.2097172 0.2985061 0.1398094 0.2909614 0.1918561 0.2399087 0.1905666 0.0946354 0.1675190 0.2025723 0.2898315 0.1519233 0.1677525 0.1384070 0.1815994 0.1737249 0.1685147 0.0266985 0.1739727 0.2089022 0.0861793 0.0253299 0.0202994 0.1507127 0.0785160 0.1855933 0.1743181 0.1579339 0.1466080 0.1792853 0.2083066 0.1540143 0.1770545 0.1754027 0.1904507 0.2067101 0.1574566 0.1461883 0.1964567 0.1595017 0.1726034 0.1521311 0.1537648 0.1971748 0.1590850 0.1548472 0.2040344 0.1612286 0.1706105 0.1533427 0.1650406 0.1710840 0.1700057 0.1755133 0.1862555 0.1591228 0.1825312 0.1513168 0.1578253 0.1771583 0.1767736 
S0289         0.2756267 0.1300601 0.1145401 0.0479480 0.1463077 0.1236752 0.1911977 0.0000000 0.1455010 0.1360885 0.1275214 0.0543541 0.1662617 0.1683718 0.0437393 0.1654210 0.0427009 0.1358528 0.1650686 0.1726402 0.1321554 0.1257904 0.1251368 0.0601802 0.1540917 0.0467191 0.1163647 0.1288258 0.0675484 0.1672069 0.0814329 0.1676269 0.1446985 0.1589238 0.1618807 0.0474811 0.1363186 0.1388633 0.0599756 0.0798195 0.0843347 0.1077179 0.1197747 0.1293038 0.1712517 0.2177782 0.1177320 0.1864199 0.1584395 0.1221589 0.1790840 0.1177381 0.1246296 0.1128957 0.1151996 0.1717341 0.1291414 0.0830140 0.1170028 0.0806226 0.0716663 0.1219854 0.1421278 0.1756029 0.1731623 0.1664473 0.1742669 0.1608764 0.1383168 0.2102146 0.1320793 0.1319024 0.1466198 0.1612850 0.1617290 0.2322538 0.1131258 0.2372395 0.0751076 0.1875680 0.1495251 0.1402901 0.1401439 0.1614847 0.2342948 0.1246953 0.1372097 0.1066191 0.0461352 0.0845040 0.0890585 0.1749408 0.0742263 0.0571516 0.1341515 0.1794605 0.1732972 0.1274980 0.1140733 0.1517104 0.1432628 0.1258261 0.1176385 0.1476260 0.1737348 0.1252514 0.0829844 0.1440694 0.1544359 0.0600125 0.1266797 0.1182918 0.0487722 0.1364492 0.0853429 0.1204915 0.1302746 0.1551235 0.1264876 0.1277133 0.0543941 0.1265883 0.0803771 0.1212412 0.1356930 0.1485683 0.1409103 0.0896335 0.1469441 0.1211286 0.1529028 0.1181474 0.1245406 0.1302656 0.1391065 
S0292         0.2815641 0.1140400 0.0956636 0.1437367 0.1119102 0.1146381 0.1788107 0.1455010 0.0000000 0.1270242 0.1290711 0.1498559 0.1613236 0.1629026 0.1461593 0.1607887 0.1356141 0.0780244 0.0963595 0.1645947 0.1291038 0.1133033 0.1206485 0.1538033 0.1328585 0.1453926 0.0994578 0.1244714 0.1332867 0.1610423 0.1363418 0.1231689 0.1306883 0.1412088 0.1594545 0.1355099 0.1262689 0.1246789 0.1587679 0.1287178 0.1240720 0.0775924 0.1135141 0.1052539 0.1669440 0.2221346 0.1143891 0.1675751 0.1651300 0.1167782 0.1286175 0.0988397 0.1161792 0.0952150 0.0995702 0.1238577 0.1066199 0.1329703 0.1134644 0.1218590 0.1214059 0.0967811 0.1308430 0.1298065 0.1319390 0.1247943 0.1327661 0.1518530 0.1095914 0.2308195 0.1370376 0.1290287 0.1326170 0.1239289 0.1216688 0.2417043 0.0951371 0.2376702 0.1235052 0.1389896 0.0991765 0.1340223 0.1318691 0.0550676 0.2357285 0.1177136 0.1226066 0.0821575 0.1408286 0.1230417 0.1237921 0.1640353 0.1289517 0.1534873 0.1200485 0.1752679 0.1666159 0.1162604 0.1128419 0.0883262 0.0171663 0.1221507 0.1124466 0.1324427 0.0493925 0.1181728 0.1373024 0.0424112 0.0301334 0.1595651 0.1163128 0.0983483 0.1501534 0.1083269 0.1286428 0.1143742 0.1123090 0.0446668 0.0769036 0.1201285 0.1576185 0.1131951 0.1289767 0.1070194 0.0875055 0.0892590 0.0849148 0.1318604 0.1079694 0.0981472 0.1403547 0.0978834 0.0737536 0.1354326 0.1163555 
S0293         0.2801306 0.0688360 0.0755686 0.1396993 0.1208118 0.0209001 0.1697954 0.1360885 0.1270242 0.0000000 0.0445647 0.1409991 0.1537557 0.1520638 0.1347097 0.1532187 0.1226620 0.1049562 0.1385449 0.1639464 0.0936409 0.0167762 0.0341056 0.1517467 0.0966691 0.1284346 0.0868436 0.0861042 0.1113234 0.1475061 0.1196637 0.1498780 0.1097872 0.1314936 0.1521151 0.1304011 0.0700891 0.0385401 0.1519361 0.1136699 0.1141144 0.0921965 0.0235118 0.0982164 0.1578638 0.2045155 0.0834582 0.1685371 0.1407836 0.0300993 0.1418968 0.0839386 0.0260381 0.0824482 0.0841246 0.1507237 0.1012350 0.1115065 0.1026320 0.1115153 0.1013078 0.0928308 0.1201713 0.1647378 0.1674395 0.1508249 0.1650581 0.0670245 0.1002629 0.2044874 0.1131213 0.1120993 0.1193497 0.1522079 0.1582071 0.2177357 0.0827528 0.2195779 0.0915518 0.1762714 0.1258757 0.1171560 0.0721118 0.1478665 0.2145508 0.0268703 0.0648474 0.0879692 0.1295695 0.1134686 0.1059961 0.1567572 0.1084002 0.1415081 0.1153654 0.1664784 0.1608339 0.0290932 0.0961763 0.1158008 0.1205678 0.0304001 0.0288123 0.0861558 0.1538841 0.0537476 0.1151612 0.1257749 0.1358694 0.1533812 0.0563161 0.0877530 0.1378694 0.0979600 0.1150976 0.0256151 0.0961737 0.1377787 0.0998125 0.0344044 0.1414493 0.0603467 0.1116929 0.0467701 0.1085601 0.1223153 0.1102724 0.1169134 0.1298944 0.0935744 0.1377260 0.0923233 0.0997890 0.1002001 0.0994648 
S0294         0.2730685 0.0639045 0.0762578 0.1292110 0.1143105 0.0402564 0.1533322 0.1275214 0.1290711 0.0445647 0.0000000 0.1398890 0.1437511 0.1410423 0.1280042 0.1402240 0.1197239 0.1069523 0.1245843 0.1541915 0.0890563 0.0380523 0.0431918 0.1423230 0.0891823 0.1197701 0.0850882 0.0870499 0.1105014 0.1388937 0.1210047 0.1532228 0.1003201 0.1209621 0.1407346 0.1429304 0.0681866 0.0500133 0.1444027 0.1172274 0.1093725 0.0838491 0.0385092 0.0920105 0.1449328 0.1791975 0.0804505 0.1585368 0.1307511 0.0381922 0.1543587 0.0844732 0.0384971 0.0807893 0.0814571 0.1518423 0.0938383 0.1142578 0.0871343 0.1098437 0.1009836 0.0885712 0.1111531 0.1660896 0.1671898 0.1556083 0.1681937 0.0398700 0.0947428 0.1815303 0.1061312 0.1035149 0.1067095 0.1560642 0.1578972 0.1947943 0.0810647 0.1966626 0.1036699 0.1793365 0.1244103 0.1077270 0.0678169 0.1580999 0.1903531 0.0402833 0.0655155 0.0897636 0.1209470 0.1101152 0.1074058 0.1472131 0.1122724 0.1350930 0.1036435 0.1520527 0.1507172 0.0393929 0.0836218 0.1126666 0.1252685 0.0420995 0.0379713 0.0762587 0.1573974 0.0562263 0.1162955 0.1278180 0.1323111 0.1489481 0.0599795 0.0849686 0.1334781 0.0920796 0.1105627 0.0397630 0.0887070 0.1375776 0.1048115 0.0421683 0.1357075 0.0649347 0.1109475 0.0560723 0.1030277 0.1110349 0.1072540 0.1088961 0.1359698 0.0877421 0.1193881 0.0874129 0.1027637 0.0946194 0.1064372 
S0299         0.2669669 0.1325457 0.1228259 0.0516716 0.1466689 0.1284179 0.1936541 0.0543541 0.1498559 0.1409991 0.1398890 0.0000000 0.1691591 0.1724107 0.0485998 0.1655053 0.0452724 0.1370985 0.1682716 0.1748104 0.1290274 0.1290194 0.1304011 0.0640043 0.1549973 0.0487607 0.1226133 0.1265310 0.0619277 0.1678570 0.0820487 0.1703974 0.1496071 0.1588478 0.1639506 0.0440217 0.1401331 0.1408835 0.0640140 0.0801121 0.0840332 0.1125811 0.1228564 0.1357096 0.1727935 0.2271616 0.1223821 0.1838908 0.1623194 0.1258955 0.1905011 0.1224679 0.1273199 0.1183797 0.1185557 0.1696303 0.1348573 0.0810392 0.1226548 0.0801101 0.0744291 0.1245112 0.1427927 0.1804038 0.1761197 0.1715276 0.1759771 0.1662201 0.1462337 0.2267334 0.1333018 0.1386999 0.1462815 0.1667611 0.1705985 0.2438750 0.1180882 0.2525785 0.0779418 0.1898545 0.1551668 0.1480653 0.1419093 0.1747573 0.2492069 0.1249156 0.1418512 0.1063794 0.0467997 0.0801633 0.0857827 0.1739767 0.0733734 0.0545128 0.1343551 0.1861094 0.1744628 0.1292834 0.1190706 0.1550906 0.1440704 0.1272347 0.1189870 0.1467200 0.1818689 0.1242470 0.0820034 0.1555838 0.1626601 0.0619859 0.1289255 0.1235075 0.0541877 0.1436853 0.0843851 0.1269379 0.1397621 0.1612808 0.1283655 0.1285337 0.0532224 0.1292035 0.0828080 0.1241666 0.1381338 0.1541993 0.1441306 0.0860278 0.1527414 0.1240947 0.1552375 0.1239148 0.1287584 0.1333498 0.1423935 
S0303         0.3330814 0.1305078 0.1270305 0.1698674 0.1515393 0.1397744 0.0285114 0.1662617 0.1613236 0.1537557 0.1437511 0.1691591 0.0000000 0.0910756 0.1716087 0.0177272 0.1542677 0.1482367 0.1781784 0.0207920 0.1538134 0.1398990 0.1426331 0.1697190 0.1590302 0.1648201 0.1305835 0.1400116 0.1639988 0.0194269 0.1687285 0.1839156 0.1603799 0.0946758 0.0221470 0.1545368 0.1431132 0.1515691 0.1775393 0.1538360 0.1568384 0.1297350 0.1374819 0.1402176 0.0203735 0.2518317 0.1345598 0.0208664 0.1896332 0.1419485 0.2047221 0.1306632 0.1396306 0.1255244 0.1266485 0.1829616 0.1376903 0.1643135 0.0707009 0.1504537 0.1367469 0.1366165 0.0584430 0.1960456 0.2047338 0.1886087 0.2030500 0.1731491 0.1490119 0.2551126 0.1533022 0.0822753 0.0837896 0.1862925 0.1889197 0.2691529 0.1259080 0.2640223 0.1622289 0.2189257 0.1744840 0.0854809 0.1500916 0.1822969 0.2637131 0.1425441 0.1430361 0.1275161 0.1590970 0.1555298 0.1517249 0.0252440 0.1524837 0.1815551 0.0767206 0.0269959 0.0229823 0.1396257 0.0701235 0.1616563 0.1582877 0.1459129 0.1330720 0.1540705 0.1846388 0.1360980 0.1600370 0.1582425 0.1711414 0.1839215 0.1365405 0.1325898 0.1685426 0.1451725 0.1561091 0.1391797 0.1386480 0.1774400 0.1424064 0.1409747 0.1844732 0.1388645 0.1544430 0.1280571 0.1449957 0.1571169 0.1553786 0.1585354 0.1678839 0.1377588 0.1733429 0.1296428 0.1428245 0.1533658 0.1533267 
S0308         0.3010462 0.1395205 0.1214968 0.1722580 0.1464563 0.1420227 0.0988745 0.1683718 0.1629026 0.1520638 0.1410423 0.1724107 0.0910756 0.0000000 0.1704257 0.0847943 0.1536362 0.1533312 0.1704774 0.0974618 0.1570466 0.1417446 0.1411668 0.1776405 0.1650031 0.1674254 0.1239754 0.1447744 0.1589245 0.0919115 0.1679557 0.1789793 0.1678499 0.0934783 0.0864110 0.1427673 0.1497922 0.1530064 0.1763791 0.1499449 0.1593457 0.1218457 0.1374928 0.1310684 0.0956704 0.2501425 0.1431451 0.0983607 0.1821186 0.1406071 0.1931866 0.1236373 0.1388933 0.1178186 0.1234879 0.1831517 0.1314722 0.1557611 0.0619569 0.1550971 0.1378259 0.1350253 0.0637856 0.1904393 0.1944251 0.1821711 0.1916113 0.1766004 0.1405904 0.2435840 0.1524813 0.0745908 0.0801460 0.1889127 0.1877594 0.2624422 0.1187362 0.2557086 0.1632882 0.2131188 0.1660899 0.0774168 0.1485177 0.1824465 0.2530810 0.1401381 0.1494680 0.1250113 0.1624060 0.1593421 0.1521248 0.0932333 0.1493248 0.1763906 0.0729012 0.1014201 0.0960544 0.1412758 0.0576448 0.1639935 0.1554370 0.1444159 0.1335523 0.1620909 0.1857041 0.1406929 0.1563247 0.1581857 0.1611329 0.1823679 0.1411637 0.1250732 0.1730056 0.1374057 0.1585390 0.1395911 0.1399433 0.1706278 0.1357408 0.1417970 0.1750561 0.1436449 0.1510537 0.1357169 0.1419348 0.1601302 0.1555803 0.1616124 0.1603387 0.1344176 0.1666519 0.1278755 0.1389437 0.1499589 0.1615785 
S0320         0.2772716 0.1289673 0.1143077 0.0500617 0.1493615 0.1217476 0.1951277 0.0437393 0.1461593 0.1347097 0.1280042 0.0485998 0.1716087 0.1704257 0.0000000 0.1698015 0.0412927 0.1330502 0.1677785 0.1771756 0.1308693 0.1218212 0.1216990 0.0598735 0.1551900 0.0445219 0.1151959 0.1302513 0.0539386 0.1721720 0.0782936 0.1701767 0.1482836 0.1474581 0.1683582 0.0511449 0.1317146 0.1355769 0.0538314 0.0767495 0.0817970 0.1053793 0.1169065 0.1304661 0.1751959 0.2163187 0.1229678 0.1883203 0.1530340 0.1210463 0.1794617 0.1171007 0.1217630 0.1122348 0.1122930 0.1722457 0.1275718 0.0748644 0.1154987 0.0761656 0.0666059 0.1209330 0.1429300 0.1744438 0.1758067 0.1712190 0.1761280 0.1565539 0.1392227 0.2133158 0.1313875 0.1330903 0.1409474 0.1660526 0.1647803 0.2306501 0.1119974 0.2374568 0.0714644 0.1913784 0.1492114 0.1421450 0.1394271 0.1688708 0.2338127 0.1215673 0.1310382 0.1048628 0.0424974 0.0795212 0.0843670 0.1757829 0.0693512 0.0528240 0.1274707 0.1848756 0.1765397 0.1250826 0.1155414 0.1502498 0.1473686 0.1247642 0.1142250 0.1462615 0.1780835 0.1200801 0.0834291 0.1475829 0.1580396 0.0499234 0.1194570 0.1166141 0.0473555 0.1367913 0.0836942 0.1198635 0.1322562 0.1570116 0.1234668 0.1245070 0.0523040 0.1188122 0.0744044 0.1178433 0.1328514 0.1502522 0.1383634 0.0866630 0.1494766 0.1205762 0.1575056 0.1197327 0.1237625 0.1300317 0.1378435 
S0322         0.3322211 0.1262234 0.1232140 0.1675008 0.1445271 0.1345258 0.0222441 0.1654210 0.1607887 0.1532187 0.1402240 0.1655053 0.0177272 0.0847943 0.1698015 0.0000000 0.1517571 0.1439304 0.1706623 0.0132659 0.1560076 0.1365699 0.1378266 0.1753859 0.1603422 0.1632450 0.1229564 0.1378033 0.1652403 0.0177789 0.1674139 0.1781556 0.1581930 0.0893412 0.0135579 0.1563842 0.1445504 0.1494930 0.1777816 0.1538211 0.1569575 0.1241413 0.1333194 0.1345887 0.0172859 0.2515335 0.1333633 0.0168403 0.1902163 0.1372723 0.2103235 0.1245759 0.1350730 0.1197560 0.1197100 0.1775353 0.1312444 0.1628412 0.0647131 0.1501535 0.1315069 0.1303372 0.0542859 0.1906993 0.1995359 0.1830525 0.1946578 0.1699582 0.1439364 0.2494475 0.1487638 0.0772438 0.0813687 0.1831676 0.1854184 0.2666145 0.1189719 0.2599483 0.1627986 0.2171374 0.1721058 0.0797325 0.1433707 0.1784939 0.2624724 0.1374936 0.1454507 0.1243152 0.1574403 0.1557466 0.1528865 0.0203302 0.1492640 0.1772403 0.0724962 0.0237253 0.0195897 0.1375346 0.0665165 0.1548345 0.1575055 0.1420090 0.1319755 0.1498552 0.1815851 0.1309629 0.1573193 0.1520456 0.1705216 0.1815986 0.1402179 0.1257635 0.1700486 0.1398947 0.1546347 0.1358510 0.1335452 0.1747104 0.1374588 0.1377118 0.1759325 0.1422119 0.1526887 0.1310635 0.1392544 0.1468290 0.1487979 0.1559268 0.1639991 0.1305923 0.1695951 0.1257523 0.1386094 0.1506967 0.1544469 
S0327         0.2536600 0.1175557 0.1008971 0.0480892 0.1320063 0.1106214 0.1737627 0.0427009 0.1356141 0.1226620 0.1197239 0.0452724 0.1542677 0.1536362 0.0412927 0.1517571 0.0000000 0.1190298 0.1533711 0.1604116 0.1202136 0.1121377 0.1144091 0.0532254 0.1383242 0.0363362 0.1032535 0.1198074 0.0483233 0.1532513 0.0655576 0.1607982 0.1385216 0.1361411 0.1528115 0.0398014 0.1232459 0.1263013 0.0576815 0.0642764 0.0682659 0.0964091 0.1086180 0.1187886 0.1584857 0.2102616 0.1052766 0.1706160 0.1370972 0.1128586 0.1697763 0.1041083 0.1108883 0.0994467 0.0992388 0.1598265 0.1176523 0.0646952 0.1044068 0.0650914 0.0565203 0.1032880 0.1227883 0.1625811 0.1646530 0.1579338 0.1631579 0.1459335 0.1225784 0.2037579 0.1125159 0.1191889 0.1274408 0.1543438 0.1555225 0.2243999 0.0992418 0.2325612 0.0580068 0.1806287 0.1364163 0.1278346 0.1273230 0.1576466 0.2276391 0.1106212 0.1236347 0.0882464 0.0319579 0.0679377 0.0737837 0.1615474 0.0592813 0.0528023 0.1136120 0.1660414 0.1580299 0.1137865 0.1031573 0.1438204 0.1320233 0.1152734 0.1049123 0.1343932 0.1652456 0.1093378 0.0661030 0.1362393 0.1486915 0.0578807 0.1105858 0.1031307 0.0421933 0.1202196 0.0708982 0.1100814 0.1175909 0.1438631 0.1134147 0.1139238 0.0460422 0.1132299 0.0655178 0.1078441 0.1217589 0.1406272 0.1303628 0.0718278 0.1365876 0.1012733 0.1417681 0.0999613 0.1126849 0.1280300 0.1231220 
S0335         0.2679449 0.0907480 0.0795927 0.1306701 0.1022394 0.0965983 0.1588066 0.1358528 0.0780244 0.1049562 0.1069523 0.1370985 0.1482367 0.1533312 0.1330502 0.1439304 0.1190298 0.0000000 0.0739333 0.1535985 0.1070419 0.0979189 0.0962506 0.1363937 0.1230126 0.1246383 0.0854999 0.1069990 0.1069428 0.1439341 0.1203933 0.1180326 0.1110737 0.1316901 0.1441894 0.1170135 0.1081199 0.1043768 0.1414321 0.1104851 0.1112950 0.0569667 0.0960330 0.0938769 0.1484414 0.2150287 0.0962868 0.1608915 0.1423974 0.0986608 0.1295754 0.0831369 0.1006912 0.0816693 0.0847072 0.1218056 0.0964430 0.1108828 0.1026614 0.1064914 0.1027348 0.0789077 0.1206154 0.1208397 0.1330238 0.1189580 0.1311766 0.1317035 0.0981858 0.2200146 0.1159028 0.1155330 0.1183307 0.1196175 0.1198222 0.2328730 0.0820887 0.2238008 0.1049750 0.1367984 0.0747157 0.1251892 0.1148136 0.0964339 0.2271209 0.1021346 0.1043394 0.0673008 0.1194156 0.1126873 0.1113497 0.1485954 0.1110509 0.1398918 0.1152988 0.1602017 0.1537653 0.0942545 0.0986773 0.0727043 0.0783697 0.1068726 0.0864929 0.1109184 0.0989998 0.0906667 0.1127508 0.0773793 0.0832477 0.1411723 0.0991349 0.0860076 0.1352882 0.0967862 0.1141353 0.0994534 0.0948755 0.0887804 0.0593301 0.1007817 0.1386565 0.0988129 0.1144785 0.0951788 0.0720785 0.0658908 0.0308748 0.1152446 0.1075159 0.0820122 0.1164075 0.0828370 0.0585441 0.1154490 0.1052133 
S0345         0.2745751 0.0956864 0.1022727 0.1619105 0.1204026 0.1233527 0.1942805 0.1650686 0.0963595 0.1385449 0.1245843 0.1682716 0.1781784 0.1704774 0.1677785 0.1706623 0.1533711 0.0739333 0.0000000 0.1901010 0.1174888 0.1229790 0.1306635 0.1704838 0.1172244 0.1635451 0.1051921 0.1239726 0.1405220 0.1742397 0.1542013 0.1453077 0.1162126 0.1496920 0.1661124 0.1584611 0.1312915 0.1392864 0.1781979 0.1383738 0.1383175 0.0841991 0.1274260 0.1193034 0.1837071 0.2255825 0.1129726 0.1936067 0.1761414 0.1298258 0.1609163 0.1037128 0.1282854 0.1025834 0.1051741 0.1506612 0.1167096 0.1479435 0.1196529 0.1327371 0.1366520 0.0982288 0.1392517 0.1468396 0.1590400 0.1438642 0.1610433 0.1508227 0.1224842 0.2298390 0.1434982 0.1311528 0.1379661 0.1461183 0.1466051 0.2415279 0.1029350 0.2403567 0.1406709 0.1711748 0.0966631 0.1392740 0.1291019 0.1201457 0.2321420 0.1269773 0.1282657 0.0928214 0.1542784 0.1402036 0.1364584 0.1780416 0.1446378 0.1758500 0.1385043 0.1889139 0.1834867 0.1269881 0.1090010 0.0445781 0.0909963 0.1298917 0.1182622 0.1187427 0.1162421 0.1083731 0.1416585 0.1004647 0.1039090 0.1762327 0.1229600 0.1085994 0.1771950 0.1219842 0.1455055 0.1266299 0.1240917 0.1093238 0.0764606 0.1328389 0.1738554 0.1230164 0.1457734 0.1170311 0.0971841 0.0360912 0.0739129 0.1452719 0.1327603 0.1007396 0.1456625 0.1068963 0.0782972 0.1286128 0.1225825 
S0355         0.3147407 0.1493241 0.1322039 0.1758132 0.1547066 0.1494163 0.0249423 0.1726402 0.1645947 0.1639464 0.1541915 0.1748104 0.0207920 0.0974618 0.1771756 0.0132659 0.1604116 0.1535985 0.1901010 0.0000000 0.1709814 0.1488880 0.1488398 0.1820000 0.1779221 0.1712675 0.1338011 0.1592849 0.1707156 0.0198283 0.1746536 0.1876731 0.1774691 0.1083316 0.0220322 0.1609457 0.1591027 0.1621262 0.1848143 0.1610833 0.1643889 0.1297537 0.1479325 0.1427236 0.0187095 0.2638500 0.1489314 0.0197694 0.1972223 0.1520477 0.2229667 0.1355550 0.1492485 0.1303673 0.1287616 0.1909102 0.1400599 0.1686405 0.0748438 0.1569320 0.1457256 0.1405165 0.0633255 0.1980922 0.2118261 0.1928295 0.2051758 0.1833829 0.1510307 0.2635596 0.1603026 0.0865552 0.0921995 0.1915029 0.1961628 0.2796544 0.1297210 0.2742294 0.1760591 0.2246375 0.1792970 0.0906519 0.1653619 0.1884288 0.2736274 0.1514925 0.1591267 0.1292199 0.1616767 0.1619493 0.1594762 0.0228818 0.1606541 0.1864990 0.0848933 0.0230650 0.0175649 0.1497840 0.0738073 0.1754028 0.1604932 0.1558690 0.1448910 0.1704968 0.1927024 0.1493861 0.1671798 0.1639764 0.1758150 0.1902181 0.1528876 0.1366369 0.1768643 0.1487696 0.1599520 0.1493639 0.1454189 0.1842187 0.1462083 0.1506404 0.1880275 0.1555921 0.1597897 0.1459967 0.1508847 0.1684094 0.1608341 0.1654445 0.1750092 0.1416423 0.1741327 0.1381144 0.1454317 0.1683695 0.1661520 
S0376         0.2673749 0.0850485 0.0841664 0.1342769 0.1153016 0.0806868 0.1809643 0.1321554 0.1291038 0.0936409 0.0890563 0.1290274 0.1538134 0.1570466 0.1308693 0.1560076 0.1202136 0.1070419 0.1174888 0.1709814 0.0000000 0.0792072 0.0876422 0.1423046 0.0881901 0.1277394 0.0908826 0.0424537 0.1157959 0.1553414 0.1277285 0.1457929 0.1093218 0.1328005 0.1455114 0.1207222 0.0970369 0.0917286 0.1461298 0.1213661 0.1125885 0.0878939 0.0775632 0.1027618 0.1629411 0.1861798 0.0844209 0.1784228 0.1443002 0.0866120 0.1573011 0.0902466 0.0817664 0.0872898 0.0868549 0.1437030 0.1094685 0.1211524 0.1053163 0.1080601 0.1135591 0.0929432 0.1274480 0.1516575 0.1519034 0.1492439 0.1528561 0.1190696 0.1074007 0.1936178 0.1124089 0.1156240 0.1187831 0.1404603 0.1428641 0.1945704 0.0864072 0.1960325 0.1052172 0.1632011 0.1171102 0.1259462 0.0922546 0.1506323 0.1944827 0.0863663 0.0967021 0.0893030 0.1286431 0.1134473 0.1124594 0.1586757 0.1191684 0.1422668 0.1194609 0.1727769 0.1660244 0.0840199 0.1009872 0.1162881 0.1206757 0.0889197 0.0804959 0.0938823 0.1464724 0.0843373 0.1167709 0.1279674 0.1243929 0.1497184 0.0871039 0.0908359 0.1297972 0.1071565 0.1128300 0.0815850 0.1034585 0.1354763 0.1055007 0.0888057 0.1437609 0.0887284 0.1140248 0.0824709 0.1072156 0.1094393 0.1121180 0.1154597 0.1245775 0.0933594 0.1330557 0.0940314 0.1078437 0.0507082 0.1042627 
S0400         0.2867953 0.0566379 0.0714403 0.1251152 0.1115259 0.0139086 0.1539481 0.1257904 0.1133033 0.0167762 0.0380523 0.1290194 0.1398990 0.1417446 0.1218212 0.1365699 0.1121377 0.0979189 0.1229790 0.1488880 0.0792072 0.0000000 0.0268939 0.1320920 0.0819278 0.1169057 0.0797157 0.0745485 0.1058097 0.1370721 0.1090702 0.1357899 0.0982854 0.1238814 0.1376230 0.1144525 0.0605560 0.0315944 0.1383077 0.1022481 0.1065257 0.0818033 0.0157679 0.0910225 0.1423858 0.2049218 0.0721634 0.1548547 0.1286069 0.0226014 0.1401242 0.0771770 0.0172504 0.0748827 0.0772727 0.1377608 0.0926948 0.1050712 0.0947611 0.0998047 0.0909610 0.0787193 0.1099803 0.1492210 0.1500892 0.1395029 0.1508762 0.0572970 0.0933950 0.1984801 0.1030390 0.1028072 0.1111937 0.1400399 0.1452940 0.2146721 0.0747098 0.2140361 0.0875818 0.1615311 0.1128236 0.1074672 0.0648639 0.1332945 0.2105766 0.0187555 0.0588480 0.0750101 0.1147642 0.1059839 0.1046509 0.1437199 0.0988391 0.1299153 0.1070287 0.1536048 0.1462434 0.0236801 0.0885692 0.1076933 0.1070667 0.0214195 0.0226996 0.0719814 0.1390804 0.0461353 0.1037539 0.1095115 0.1215110 0.1447387 0.0496762 0.0791610 0.1208163 0.0910133 0.1084327 0.0168827 0.0881556 0.1212947 0.0878126 0.0267955 0.1317483 0.0536185 0.1026771 0.0408167 0.0911216 0.1074723 0.1027865 0.1066852 0.1188413 0.0802842 0.1276504 0.0829751 0.0872597 0.0858279 0.0907725 
S0405         0.2861041 0.0631190 0.0761003 0.1276152 0.1165501 0.0295779 0.1536336 0.1251368 0.1206485 0.0341056 0.0431918 0.1304011 0.1426331 0.1411668 0.1216990 0.1378266 0.1144091 0.0962506 0.1306635 0.1488398 0.0876422 0.0268939 0.0000000 0.1320604 0.0921594 0.1169606 0.0833511 0.0809541 0.1094970 0.1385881 0.1132348 0.1400589 0.1009410 0.1197607 0.1378270 0.1152163 0.0694981 0.0285911 0.1420490 0.1063457 0.1065403 0.0862726 0.0242055 0.0927123 0.1451270 0.2058904 0.0757997 0.1567882 0.1336141 0.0258449 0.1446291 0.0809363 0.0265026 0.0779937 0.0813286 0.1467870 0.0945576 0.1090772 0.0946660 0.1002625 0.0962151 0.0833568 0.1129761 0.1514224 0.1563706 0.1418572 0.1541031 0.0582309 0.0986302 0.1988837 0.1078143 0.1024102 0.1095079 0.1460099 0.1476740 0.2125767 0.0787147 0.2168569 0.0923335 0.1692271 0.1108100 0.1075746 0.0669966 0.1445066 0.2152890 0.0288103 0.0639456 0.0813675 0.1152248 0.1069711 0.1067296 0.1427184 0.1036808 0.1321695 0.1059318 0.1529398 0.1468356 0.0207768 0.0879630 0.1103777 0.1124845 0.0316049 0.0186465 0.0789970 0.1455090 0.0518475 0.1086794 0.1197887 0.1276721 0.1456670 0.0584535 0.0832472 0.1268076 0.0962112 0.1099218 0.0268780 0.0914304 0.1310336 0.0964394 0.0328195 0.1329670 0.0577028 0.1069849 0.0492410 0.1011613 0.1129474 0.1040845 0.1074379 0.1244241 0.0877682 0.1265554 0.0851814 0.0971936 0.0894384 0.0970232 
S0407sl       0.2806134 0.1287900 0.1173349 0.0613153 0.1500717 0.1296228 0.2052988 0.0601802 0.1538033 0.1517467 0.1423230 0.0640043 0.1697190 0.1776405 0.0598735 0.1753859 0.0532254 0.1363937 0.1704838 0.1820000 0.1423046 0.1320920 0.1320604 0.0000000 0.1461796 0.0539081 0.1192079 0.1407560 0.0675718 0.1746938 0.0925117 0.1683591 0.1553978 0.1610536 0.1742733 0.0552108 0.1426838 0.1446141 0.0729227 0.0857523 0.0942540 0.1114512 0.1258133 0.1308380 0.1765229 0.2255228 0.1250291 0.1962221 0.1527811 0.1286418 0.1705130 0.1193715 0.1321186 0.1139518 0.1147102 0.1705161 0.1289064 0.0865618 0.1234572 0.0901899 0.0766295 0.1232602 0.1457957 0.1800681 0.1778375 0.1669357 0.1764610 0.1675371 0.1410997 0.2235332 0.1405978 0.1445600 0.1510721 0.1642587 0.1636792 0.2460502 0.1136817 0.2533508 0.0804801 0.1979436 0.1498066 0.1523897 0.1490703 0.1735615 0.2475073 0.1328676 0.1363045 0.1088352 0.0501589 0.0897660 0.1017330 0.1872127 0.0797959 0.0644616 0.1357856 0.1873291 0.1800824 0.1322757 0.1226507 0.1599070 0.1469613 0.1350180 0.1215794 0.1441490 0.1800733 0.1289841 0.0851741 0.1498088 0.1667062 0.0685364 0.1246023 0.1178819 0.0251623 0.1382719 0.0944185 0.1273298 0.1320061 0.1624672 0.1275231 0.1325134 0.0669432 0.1304494 0.0814377 0.1254788 0.1345231 0.1568765 0.1475950 0.0973654 0.1502639 0.1224133 0.1654454 0.1212296 0.1285031 0.1416804 0.1436207 
S0412sl       0.2748182 0.0688777 0.0956903 0.1590016 0.1244014 0.0853355 0.1880942 0.1540917 0.1328585 0.0966691 0.0891823 0.1549973 0.1590302 0.1650031 0.1551900 0.1603422 0.1383242 0.1230126 0.1172244 0.1779221 0.0881901 0.0819278 0.0921594 0.1461796 0.0000000 0.1446138 0.1027547 0.0957098 0.1271126 0.1563054 0.1424342 0.1453735 0.1025549 0.1354206 0.1563043 0.1407242 0.0987664 0.1039368 0.1605874 0.1336809 0.1236046 0.0979845 0.0818984 0.1142565 0.1713435 0.2022348 0.0589440 0.1907282 0.1458568 0.0925230 0.1426326 0.0985591 0.0872686 0.0973951 0.0947316 0.1657222 0.1168213 0.1383067 0.1075494 0.1258429 0.1220028 0.0995845 0.1263213 0.1597576 0.1706053 0.1503567 0.1661524 0.1106482 0.1107352 0.2020475 0.1230494 0.1184914 0.1332219 0.1630531 0.1615736 0.2050008 0.0983523 0.2113010 0.1174887 0.1872347 0.1260157 0.1256357 0.0949794 0.1527007 0.2057529 0.0918002 0.0933685 0.0975154 0.1374941 0.1255903 0.1294825 0.1688351 0.1339319 0.1539089 0.1175268 0.1706557 0.1672600 0.0891509 0.1021341 0.1178116 0.1312305 0.0906558 0.0809985 0.0869120 0.1564165 0.0840251 0.1365759 0.1352802 0.1379577 0.1691503 0.0844452 0.1011603 0.1462530 0.1079116 0.1289094 0.0869409 0.1116085 0.1435257 0.1090050 0.0897515 0.1624376 0.0916619 0.1372717 0.0794034 0.1154905 0.1085281 0.1163934 0.1310183 0.1337358 0.0980728 0.1532341 0.1046420 0.1102153 0.1017640 0.0899738 
S0417         0.2678328 0.1183503 0.1063651 0.0518462 0.1457384 0.1168359 0.1862845 0.0467191 0.1453926 0.1284346 0.1197701 0.0487607 0.1648201 0.1674254 0.0445219 0.1632450 0.0363362 0.1246383 0.1635451 0.1712675 0.1277394 0.1169057 0.1169606 0.0539081 0.1446138 0.0000000 0.1078496 0.1263819 0.0531977 0.1641059 0.0651978 0.1654304 0.1399044 0.1473350 0.1625739 0.0413397 0.1299293 0.1318232 0.0622205 0.0677719 0.0718065 0.0959845 0.1110852 0.1260548 0.1673226 0.2180245 0.1118881 0.1800480 0.1432565 0.1145927 0.1775275 0.1071637 0.1157743 0.1044488 0.1071389 0.1652382 0.1261111 0.0680814 0.1086091 0.0694889 0.0589519 0.1119830 0.1348651 0.1736141 0.1759146 0.1658850 0.1719965 0.1503123 0.1319584 0.2050175 0.1200156 0.1267464 0.1410366 0.1639838 0.1643183 0.2313381 0.1042307 0.2378897 0.0635001 0.1868550 0.1441321 0.1356735 0.1339282 0.1623209 0.2330908 0.1174045 0.1259497 0.0957493 0.0323332 0.0700331 0.0765487 0.1717417 0.0633563 0.0540800 0.1254118 0.1767041 0.1693628 0.1189149 0.1075621 0.1501974 0.1403097 0.1174685 0.1096056 0.1399607 0.1747187 0.1162208 0.0708745 0.1438152 0.1576923 0.0586559 0.1176566 0.1075307 0.0445401 0.1295620 0.0763127 0.1149859 0.1228458 0.1558471 0.1136574 0.1175590 0.0510360 0.1165625 0.0683878 0.1100390 0.1229410 0.1420606 0.1324242 0.0757558 0.1444282 0.1120874 0.1502704 0.1126793 0.1139743 0.1299382 0.1319884 
S0419         0.2592182 0.0789350 0.0132121 0.1152053 0.0621854 0.0786449 0.1427202 0.1163647 0.0994578 0.0868436 0.0850882 0.1226133 0.1305835 0.1239754 0.1151959 0.1229564 0.1032535 0.0854999 0.1051921 0.1338011 0.0908826 0.0797157 0.0833511 0.1192079 0.1027547 0.1078496 0.0000000 0.0982117 0.0924501 0.1282222 0.1069320 0.1200754 0.1092565 0.1094275 0.1263176 0.1151979 0.0866342 0.0891293 0.1297507 0.0984368 0.0969227 0.0621800 0.0775329 0.0394290 0.1307202 0.1881676 0.0852750 0.1435433 0.1226650 0.0797251 0.1247227 0.0121180 0.0800926 0.0081234 0.0128605 0.1171347 0.0405570 0.1005295 0.0791059 0.0908089 0.0884357 0.0670713 0.0954042 0.1295597 0.1279876 0.1256674 0.1309427 0.1072246 0.0442218 0.1988712 0.0966433 0.0940456 0.0973010 0.1250449 0.1231630 0.2064481 0.0088375 0.2035584 0.0854856 0.1396123 0.0979171 0.0986998 0.0988423 0.1209211 0.2024982 0.0818295 0.0836120 0.0668121 0.1079496 0.0932266 0.0906788 0.1350279 0.0981000 0.1222919 0.0928536 0.1415483 0.1333196 0.0776056 0.0765521 0.1005875 0.0958283 0.0854624 0.0748515 0.0977806 0.1265738 0.0833305 0.0952970 0.0962204 0.1081424 0.1275029 0.0785365 0.0124693 0.1181842 0.0426642 0.0969173 0.0781042 0.0432314 0.1106631 0.0705734 0.0782261 0.1269413 0.0789752 0.0980435 0.0718578 0.0849529 0.1016314 0.0904920 0.0990901 0.0926215 0.0699909 0.1010726 0.0440129 0.0726892 0.0985284 0.0973918 
S0427         0.2761460 0.0698022 0.0882776 0.1315290 0.1200524 0.0769145 0.1659400 0.1288258 0.1244714 0.0861042 0.0870499 0.1265310 0.1400116 0.1447744 0.1302513 0.1378033 0.1198074 0.1069990 0.1239726 0.1592849 0.0424537 0.0745485 0.0809541 0.1407560 0.0957098 0.1263819 0.0982117 0.0000000 0.1121508 0.1424489 0.1268567 0.1381392 0.1081048 0.1250573 0.1381504 0.1239789 0.0907979 0.0872695 0.1440535 0.1136515 0.1177683 0.0883189 0.0730999 0.1056854 0.1518660 0.2057698 0.0796089 0.1677640 0.1391188 0.0779785 0.1444434 0.0967490 0.0765163 0.0935621 0.0953214 0.1425656 0.1075006 0.1136155 0.1021211 0.1124689 0.1017634 0.0982378 0.1144472 0.1473760 0.1499048 0.1409724 0.1511895 0.1097398 0.1094952 0.2074216 0.1130940 0.1154202 0.1166927 0.1455104 0.1407825 0.2146610 0.0928647 0.2185294 0.1056970 0.1646443 0.1185573 0.1219226 0.0836614 0.1488235 0.2179159 0.0791630 0.0879010 0.0867918 0.1265110 0.1181015 0.1213814 0.1462129 0.1093517 0.1348799 0.1129297 0.1623942 0.1530823 0.0771619 0.1001780 0.1089460 0.1167944 0.0803149 0.0729125 0.0854782 0.1462297 0.0798477 0.1180772 0.1238546 0.1306257 0.1493893 0.0783575 0.0976076 0.1375774 0.1070262 0.1217285 0.0776171 0.1072724 0.1334367 0.1002772 0.0798271 0.1345141 0.0808844 0.1097510 0.0735341 0.1060851 0.1099875 0.1030922 0.1152201 0.1236742 0.0964888 0.1400977 0.0964437 0.1018547 0.0478514 0.0999372 
S0428sl       0.2527329 0.1056733 0.0860589 0.0653951 0.1386686 0.1080389 0.1875686 0.0675484 0.1332867 0.1113234 0.1105014 0.0619277 0.1639988 0.1589245 0.0539386 0.1652403 0.0483233 0.1069428 0.1405220 0.1707156 0.1157959 0.1058097 0.1094970 0.0675718 0.1271126 0.0531977 0.0924501 0.1121508 0.0000000 0.1653061 0.0679262 0.1642273 0.1279676 0.1307385 0.1597853 0.0539190 0.1094211 0.1261532 0.0757219 0.0604343 0.0671864 0.0827598 0.1072111 0.1172027 0.1640315 0.1946674 0.1019222 0.1810790 0.1408692 0.1065003 0.1731729 0.0944939 0.1123159 0.0880006 0.0894035 0.1597748 0.1182415 0.0620564 0.0908451 0.0660220 0.0600594 0.0982002 0.1223286 0.1629472 0.1652877 0.1604971 0.1654861 0.1329696 0.1209073 0.1990261 0.1067495 0.1116674 0.1237751 0.1564544 0.1542913 0.2036954 0.0878508 0.2189743 0.0625573 0.1814254 0.1312436 0.1258539 0.1324525 0.1478615 0.2090280 0.1086100 0.1114702 0.0860824 0.0485334 0.0639658 0.0651228 0.1710484 0.0588704 0.0690674 0.1117030 0.1757138 0.1708546 0.1098113 0.0902021 0.1309083 0.1255842 0.1137089 0.0999023 0.1216070 0.1567357 0.1052610 0.0656674 0.1311263 0.1419936 0.0720503 0.1026245 0.0905221 0.0651005 0.1195096 0.0700757 0.1052791 0.1163961 0.1417216 0.1021315 0.1104805 0.0655249 0.1060927 0.0622966 0.1014311 0.1134150 0.1277528 0.1171069 0.0728224 0.1252423 0.0999247 0.1361036 0.0930974 0.1065290 0.1194918 0.1196226 
