130
PAFTOL_019361 0.0000000 0.2482003 0.2539578 0.3143221 0.2501054 0.2374604 0.2757958 0.2984103 0.2644544 0.2368518 0.3321097 0.3087304 0.2729466 0.3386674 0.2743382 0.2949899 0.2552607 0.2563917 0.2649728 0.2630814 0.2328122 0.2369079 0.2627963 0.2870180 0.2244397 0.2871702 0.3537445 0.2661171 0.2810177 0.2912793 0.2862134 0.2818366 0.2387206 0.3113668 0.2530818 0.2460987 0.3364145 0.2651117 0.2660393 0.2487377 0.2468773 0.2394527 0.2681092 0.2743101 0.2761875 0.2678487 0.2317949 0.2953513 0.2209599 0.2401238 0.2265449 0.2242883 0.2886554 0.2356168 0.2653304 0.2776434 0.2626994 0.2609872 0.2294963 0.3041361 0.2473581 0.2837353 0.2722276 0.2790362 0.2748373 0.2608677 0.2350175 0.2886611 0.2835295 0.2810660 0.2888624 0.2616864 0.2245451 0.2767536 0.2659705 0.2743705 0.2498569 0.2714945 0.2799410 0.2557261 0.2729597 0.2353921 0.2706451 0.2221899 0.2817640 0.2665269 0.2694589 0.2675804 0.2703901 0.3203740 0.2602345 0.2575245 0.2687124 0.2398863 0.2753034 0.2488373 0.2790805 0.2451982 0.2109451 0.2729800 0.2648789 0.2402959 0.2615961 0.2911876 0.2730352 0.3040706 0.2576561 0.2262784 0.3125928 0.2609728 0.2649701 0.2207792 0.2636681 0.2358349 0.2499875 0.3073773 0.2488942 0.2837943 0.2405636 0.2504007 0.2431902 0.2551954 0.2631588 0.2408599 0.2343006 0.3219169 0.2356771 0.2278892 0.2785621 0.2267231 
S0055         0.2482003 0.0000000 0.1182625 0.1838850 0.1249878 0.0797819 0.1604516 0.1591137 0.1423449 0.0758054 0.1763551 0.1886194 0.1550490 0.1637575 0.1499050 0.1739872 0.1136059 0.1195418 0.1541902 0.0908020 0.0768938 0.0795358 0.1001324 0.1588787 0.1062731 0.0924313 0.1967705 0.1452049 0.1596079 0.1479030 0.1218092 0.1469451 0.1574731 0.1809222 0.0826222 0.0844018 0.1909457 0.1508615 0.1452211 0.0932285 0.0905938 0.1096554 0.1548450 0.2076182 0.1057125 0.1591562 0.0775187 0.1498206 0.1039835 0.0818751 0.1082664 0.1077801 0.1586482 0.1121244 0.1482457 0.1519863 0.1463661 0.1504145 0.1072638 0.1758650 0.1394844 0.1388656 0.1342844 0.1403744 0.1376608 0.1176056 0.2013277 0.1597851 0.1519623 0.1395500 0.1530788 0.1994905 0.1048591 0.2078802 0.1441480 0.1407790 0.1120534 0.1500761 0.0860074 0.1297419 0.1989021 0.0789243 0.0847743 0.1193015 0.1507865 0.1439281 0.1420375 0.1502420 0.1617315 0.1884353 0.1358764 0.1446360 0.1533312 0.0833048 0.1556997 0.1275054 0.1771715 0.0851259 0.0758241 0.0609572 0.1311937 0.0701234 0.1458519 0.1447658 0.1486558 0.1580757 0.0744493 0.1092922 0.1713177 0.1196575 0.1505663 0.0739171 0.1471283 0.1052454 0.0872485 0.1703384 0.0779413 0.1679200 0.0642954 0.0926126 0.1133558 0.1222569 0.1462083 0.1184394 0.1126349 0.1816929 0.0964513 0.1000319 0.1052545 0.1038857 
S0196sl       0.2539578 0.1182625 0.0000000 0.1737292 0.0795613 0.1009977 0.1425110 0.1496627 0.0968668 0.0990976 0.1748863 0.1580077 0.1320730 0.1605462 0.1258216 0.1508611 0.0889996 0.0908077 0.1288391 0.1194069 0.0992496 0.1030177 0.1235751 0.1394333 0.0235711 0.1247099 0.1620556 0.1153783 0.1301435 0.1159393 0.1510090 0.1174988 0.1309665 0.1688164 0.1079723 0.1029036 0.1755737 0.1260975 0.1279850 0.1024485 0.1076535 0.0509575 0.1296594 0.2124846 0.1426519 0.1316452 0.1004961 0.1171707 0.0205557 0.1022007 0.0247566 0.0272261 0.1298085 0.0569233 0.1204732 0.1255112 0.1223420 0.1288347 0.0724726 0.1605311 0.1111691 0.1081411 0.1102625 0.1091615 0.1131051 0.0740319 0.1879052 0.1304787 0.1237889 0.1069253 0.1276584 0.1942217 0.0241508 0.2105288 0.1197242 0.1138827 0.0900366 0.1238248 0.1326980 0.1004639 0.2003273 0.0974337 0.1339655 0.0862365 0.1388203 0.1195059 0.1109861 0.1254487 0.1350367 0.1813702 0.1107541 0.1223134 0.1272564 0.1054339 0.1272750 0.0948980 0.1371325 0.1011493 0.0960112 0.1322545 0.1122809 0.1112751 0.1182026 0.1065127 0.1105674 0.1640135 0.1183518 0.0288965 0.1476731 0.0746305 0.1257061 0.0942393 0.1027819 0.0746173 0.1013972 0.1612878 0.1089924 0.1454460 0.1016165 0.1014358 0.0887338 0.0949544 0.1213693 0.0883808 0.0732557 0.1683707 0.0580696 0.0716956 0.1272389 0.0663778 
S0278         0.3143221 0.1838850 0.1737292 0.0000000 0.1735392 0.1697617 0.2043979 0.0703536 0.1832257 0.1721491 0.0864222 0.2267329 0.1918655 0.0766640 0.1953217 0.0704929 0.1629727 0.1695172 0.1958220 0.1739216 0.1661533 0.1656123 0.1733043 0.0756058 0.1569908 0.1877716 0.1512018 0.1856223 0.1194999 0.1755077 0.1879407 0.1832719 0.2173205 0.0709716 0.1814386 0.1740777 0.0781680 0.1247197 0.1182488 0.1615941 0.1812198 0.1611816 0.1917479 0.2715925 0.1870647 0.1978601 0.1622693 0.1691197 0.1535968 0.1713889 0.1569569 0.1569065 0.1812641 0.1568121 0.1221786 0.1863845 0.1148371 0.1261883 0.1514617 0.0971729 0.1793895 0.1715248 0.1680302 0.1667517 0.1702737 0.1745920 0.2721336 0.1936090 0.1940147 0.1840329 0.2008932 0.2597894 0.1554604 0.2621618 0.1164059 0.1746296 0.1685458 0.1764956 0.2004091 0.1569736 0.2609736 0.1674676 0.1869364 0.1653652 0.0604437 0.1100143 0.1108889 0.1924668 0.1297628 0.0815985 0.1743881 0.1864918 0.1964101 0.1768179 0.1875452 0.1682901 0.2308831 0.1746991 0.1753105 0.1932112 0.1749096 0.1787348 0.1091635 0.1814527 0.1942884 0.0646555 0.1788601 0.1571168 0.0849787 0.1769326 0.1171232 0.1662438 0.1864325 0.1471538 0.1766184 0.0685261 0.1729707 0.1383478 0.1567886 0.1656539 0.1556310 0.1660688 0.1224221 0.1647194 0.1501802 0.1898696 0.1530064 0.1502300 0.1927143 0.1454362 
S0281         0.2501054 0.1249878 0.0795613 0.1735392 0.0000000 0.1159590 0.1570723 0.1515879 0.1194740 0.1153051 0.1776020 0.1761399 0.1468777 0.1583207 0.1436558 0.1539232 0.1083218 0.1022843 0.1448086 0.1366140 0.1110240 0.1167170 0.1238411 0.1477345 0.0713479 0.1429696 0.1939623 0.1340691 0.1403749 0.1339235 0.1595949 0.1388146 0.1472758 0.1697143 0.1213224 0.1217980 0.1713256 0.1359865 0.1423671 0.1148916 0.1289910 0.0693643 0.1449412 0.2164176 0.1486730 0.1484063 0.1137002 0.1346183 0.0686816 0.1196013 0.0713291 0.0740273 0.1349408 0.0697648 0.1372127 0.1418742 0.1391039 0.1412959 0.0946735 0.1603107 0.1332042 0.1247921 0.1300864 0.1275913 0.1285146 0.0773719 0.2072556 0.1468696 0.1362897 0.1354377 0.1483866 0.2025935 0.0718306 0.2088900 0.1294138 0.1361645 0.1114872 0.1335102 0.1328597 0.1155478 0.2004055 0.1128365 0.1334549 0.1003840 0.1382457 0.1366118 0.1344442 0.1331479 0.1504992 0.1831104 0.1293691 0.1371006 0.1428002 0.1221074 0.1412826 0.1118957 0.1583832 0.1166440 0.1130146 0.1310659 0.1197019 0.1156120 0.1403147 0.1288310 0.1360811 0.1560925 0.1200265 0.0747983 0.1610665 0.0785364 0.1438893 0.1107308 0.1283496 0.0911090 0.1204555 0.1552241 0.1138842 0.1566905 0.1152682 0.1079468 0.1034300 0.1108173 0.1419804 0.1031985 0.0982908 0.1588563 0.0700714 0.0891636 0.1404507 0.0898196 
S0282         0.2374604 0.0797819 0.1009977 0.1697617 0.1159590 0.0000000 0.1484085 0.1452600 0.1219710 0.0220455 0.1699791 0.1699665 0.1363338 0.1627531 0.1445709 0.1584356 0.1035420 0.1024184 0.1415211 0.0936867 0.0139540 0.0240322 0.0907039 0.1469383 0.0895987 0.0994995 0.1814521 0.1349570 0.1432760 0.1266720 0.1205802 0.1299626 0.1554787 0.1618472 0.0636378 0.0308796 0.1738194 0.1310063 0.1345924 0.0738258 0.0294417 0.0943197 0.1428645 0.1909965 0.1122867 0.1441168 0.0239324 0.1261746 0.0837908 0.0204280 0.0865129 0.0901980 0.1346658 0.1001667 0.1256280 0.1437689 0.1326619 0.1292588 0.0872353 0.1693871 0.1230771 0.1219843 0.1153299 0.1222148 0.1197062 0.1163624 0.1829226 0.1432197 0.1360904 0.1302267 0.1388516 0.1793719 0.0876127 0.1879812 0.1278771 0.1212597 0.1026924 0.1337326 0.0916799 0.1117375 0.1833076 0.0179698 0.0838813 0.0989343 0.1369565 0.1303501 0.1309597 0.1325013 0.1394017 0.1772319 0.1239963 0.1310333 0.1403336 0.0281682 0.1482743 0.1112601 0.1649252 0.0225099 0.0255012 0.0935236 0.1204533 0.0640404 0.1253358 0.1310612 0.1294655 0.1547471 0.0667077 0.0873666 0.1643613 0.1183840 0.1334002 0.0150313 0.1274648 0.0893503 0.0323291 0.1509154 0.0557402 0.1474261 0.0627146 0.0748481 0.1032215 0.1083634 0.1308098 0.0935058 0.0935035 0.1653870 0.0838169 0.0861849 0.1056402 0.0815477 
S0288         0.2757958 0.1604516 0.1425110 0.2043979 0.1570723 0.1484085 0.0000000 0.1846166 0.1642221 0.1547970 0.2130273 0.0452478 0.0917421 0.2082076 0.0271280 0.1919274 0.1440706 0.1270145 0.0286563 0.1608070 0.1482083 0.1496692 0.1766723 0.1774033 0.1296294 0.1730871 0.1952824 0.0201866 0.1733393 0.1757443 0.1976364 0.1041346 0.0200753 0.2030277 0.1623724 0.1597541 0.2142576 0.1632742 0.1742108 0.1477999 0.1600777 0.1327089 0.0275593 0.2563572 0.1876480 0.0325112 0.1482011 0.1785509 0.1267471 0.1523952 0.1293876 0.1269087 0.1849047 0.1389361 0.1664172 0.1105048 0.1637499 0.1674827 0.1287944 0.1804492 0.0505157 0.1673030 0.1599077 0.1744145 0.1702877 0.1612741 0.2348587 0.1225533 0.1099007 0.1638266 0.1776738 0.2445585 0.1306892 0.2557230 0.1742064 0.1676327 0.1433142 0.1103166 0.1828095 0.1553081 0.2503256 0.1504425 0.1879896 0.1355010 0.1703532 0.1614698 0.1621026 0.0286494 0.1797552 0.2060484 0.1001356 0.0231037 0.0235255 0.1590596 0.1126736 0.1503987 0.1928558 0.1541321 0.1562241 0.1727755 0.1659077 0.1601955 0.1689841 0.1723511 0.1772178 0.1773513 0.1679955 0.1305005 0.1876073 0.1611819 0.1694654 0.1446850 0.1629012 0.1264068 0.1590425 0.1961665 0.1622092 0.1836153 0.1542376 0.1560972 0.1417471 0.1522106 0.1680471 0.1399181 0.1322403 0.2128308 0.1297222 0.1268996 0.1693436 0.1298763 
S0289         0.2984103 0.1591137 0.1496627 0.0703536 0.1515879 0.1452600 0.1846166 0.0000000 0.1561715 0.1503106 0.0801750 0.2060922 0.1643214 0.0655152 0.1716782 0.0728530 0.1480506 0.1456778 0.1825239 0.1615591 0.1438020 0.1429377 0.1607442 0.0659602 0.1421976 0.1680744 0.1328620 0.1610500 0.0996942 0.1595438 0.1646421 0.1706974 0.1836154 0.0650127 0.1540563 0.1541160 0.0820047 0.1080242 0.1051469 0.1364979 0.1511819 0.1375975 0.1786010 0.2459780 0.1700334 0.1845522 0.1441889 0.1524862 0.1343022 0.1509378 0.1420729 0.1382611 0.1625445 0.1426256 0.1051868 0.1808328 0.1064547 0.1056431 0.1233875 0.0838389 0.1605867 0.1507962 0.1485766 0.1522809 0.1550644 0.1653385 0.2391696 0.1926409 0.1825854 0.1598220 0.1732681 0.2330171 0.1397233 0.2443399 0.1054686 0.1588251 0.1543927 0.1768931 0.1861383 0.1427736 0.2397564 0.1463714 0.1610245 0.1470593 0.0624421 0.1010903 0.1039487 0.1748067 0.1085014 0.0744972 0.1556615 0.1720284 0.1787589 0.1564842 0.1867542 0.1525445 0.2000283 0.1518449 0.1550047 0.1688216 0.1588087 0.1573637 0.1033240 0.1565354 0.1620057 0.0558763 0.1553933 0.1435148 0.0696831 0.1679097 0.1047814 0.1422981 0.1628626 0.1301412 0.1567000 0.0634453 0.1528794 0.1224810 0.1452489 0.1435043 0.1416001 0.1553684 0.1016210 0.1420112 0.1255787 0.1763060 0.1344893 0.1294499 0.1735787 0.1225737 
S0292         0.2644544 0.1423449 0.0968668 0.1832257 0.1194740 0.1219710 0.1642221 0.1561715 0.0000000 0.1284213 0.1802331 0.1811554 0.1531051 0.1581611 0.1541909 0.1634475 0.0931075 0.0866369 0.1519216 0.1476341 0.1200440 0.1249027 0.1352638 0.1461475 0.0965187 0.1452130 0.1862657 0.1452618 0.1461428 0.1110091 0.1538453 0.1458054 0.1727177 0.1735933 0.1354969 0.1303143 0.1819242 0.1381169 0.1431975 0.1247784 0.1374803 0.1025317 0.1533795 0.2304781 0.1482015 0.1575479 0.1201666 0.1141974 0.0912831 0.1271202 0.0958593 0.0959978 0.1174249 0.1054772 0.1337850 0.1479557 0.1401465 0.1405103 0.0761151 0.1736429 0.1362973 0.1130814 0.1100260 0.1131176 0.1111172 0.1287898 0.2188517 0.1591618 0.1466098 0.1191347 0.1338209 0.2228552 0.0951470 0.2347599 0.1208948 0.1123092 0.0926696 0.1514007 0.1609008 0.0672518 0.2216220 0.1236346 0.1473089 0.0896985 0.1416446 0.1378148 0.1327649 0.1509865 0.1472146 0.1908980 0.1361782 0.1475018 0.1530033 0.1306218 0.1500782 0.0970907 0.0639649 0.1296235 0.1247096 0.1407124 0.0694847 0.1356371 0.1400058 0.0492909 0.0361716 0.1650274 0.1379234 0.0991262 0.1679599 0.1312009 0.1404922 0.1212353 0.0766580 0.0765326 0.1327515 0.1553495 0.1322333 0.1520507 0.1307320 0.1101109 0.0863889 0.0936931 0.1392970 0.0964390 0.0762907 0.1913859 0.0986831 0.0705098 0.1460306 0.0806690 
S0293         0.2368518 0.0758054 0.0990976 0.1721491 0.1153051 0.0220455 0.1547970 0.1503106 0.1284213 0.0000000 0.1710403 0.1752584 0.1401161 0.1673152 0.1489210 0.1613088 0.1062014 0.1118744 0.1461006 0.0916402 0.0185431 0.0262890 0.0941348 0.1524935 0.0893659 0.1002791 0.1821859 0.1390665 0.1478768 0.1343018 0.1203407 0.1339493 0.1582023 0.1706116 0.0658147 0.0332518 0.1774198 0.1362443 0.1373789 0.0749340 0.0283542 0.0963797 0.1474679 0.1882184 0.1154035 0.1494845 0.0271884 0.1372998 0.0847305 0.0226147 0.0862709 0.0881079 0.1433512 0.0981215 0.1297965 0.1417184 0.1338530 0.1338660 0.0921227 0.1762685 0.1275116 0.1307913 0.1239574 0.1299049 0.1292550 0.1146864 0.1798547 0.1471570 0.1408795 0.1357017 0.1444779 0.1790987 0.0867659 0.1867351 0.1314215 0.1271871 0.1039759 0.1357360 0.0906312 0.1170474 0.1821305 0.0191105 0.0884431 0.1002839 0.1398811 0.1315164 0.1306357 0.1363934 0.1448735 0.1835638 0.1255335 0.1361514 0.1456725 0.0310112 0.1468321 0.1140913 0.1678005 0.0241923 0.0256244 0.0965306 0.1236956 0.0690360 0.1274599 0.1384193 0.1358671 0.1527765 0.0704146 0.0858925 0.1688622 0.1167059 0.1375906 0.0155962 0.1356405 0.0938271 0.0347154 0.1555271 0.0615430 0.1526872 0.0666527 0.0782669 0.1062606 0.1083966 0.1301931 0.0977002 0.0985113 0.1696694 0.0844311 0.0899752 0.1040896 0.0876296 
S0299         0.3321097 0.1763551 0.1748863 0.0864222 0.1776020 0.1699791 0.2130273 0.0801750 0.1802331 0.1710403 0.0000000 0.2384117 0.2003462 0.0783014 0.2041061 0.0859280 0.1607896 0.1610433 0.2100981 0.1786318 0.1670014 0.1654371 0.1744057 0.0867064 0.1633205 0.1918341 0.1563172 0.1939096 0.1333546 0.1823940 0.1879698 0.1983567 0.2166073 0.0873520 0.1774199 0.1777901 0.0908782 0.1343751 0.1306958 0.1634231 0.1803647 0.1731423 0.2080558 0.2757707 0.1874715 0.2152487 0.1680098 0.1795981 0.1646409 0.1723792 0.1676359 0.1692080 0.1847627 0.1723815 0.1270779 0.1911748 0.1263134 0.1332481 0.1472107 0.0939557 0.1938743 0.1724726 0.1732871 0.1733921 0.1800242 0.1746632 0.2703177 0.2092267 0.2083387 0.1908223 0.2047824 0.2632018 0.1682836 0.2761315 0.1294760 0.1783199 0.1770328 0.1948504 0.2001405 0.1674877 0.2690232 0.1709870 0.1770607 0.1722887 0.0779399 0.1218172 0.1223978 0.2028663 0.1406485 0.0865477 0.1833922 0.2003023 0.2041867 0.1823710 0.1944736 0.1715844 0.2256621 0.1741198 0.1769752 0.1802204 0.1731095 0.1838089 0.1245415 0.1816667 0.1896809 0.0799603 0.1700079 0.1707125 0.0850294 0.1803257 0.1288051 0.1643544 0.1938315 0.1497744 0.1803977 0.0770902 0.1766582 0.1504182 0.1632824 0.1580735 0.1559091 0.1708406 0.1268442 0.1707776 0.1443028 0.1928446 0.1607116 0.1506196 0.1870529 0.1458286 
S0303         0.3087304 0.1886194 0.1580077 0.2267329 0.1761399 0.1699665 0.0452478 0.2060922 0.1811554 0.1752584 0.2384117 0.0000000 0.1055577 0.2355124 0.0463526 0.2141020 0.1696246 0.1344614 0.0402879 0.1856789 0.1696674 0.1734381 0.1930032 0.1947191 0.1458550 0.1943358 0.1982204 0.0425072 0.1900034 0.1877214 0.2190325 0.1198284 0.0322053 0.2218761 0.1812790 0.1768749 0.2417257 0.1865813 0.1927001 0.1703128 0.1927747 0.1463614 0.0380894 0.2842435 0.2130193 0.0386611 0.1667123 0.1960322 0.1430774 0.1731423 0.1481064 0.1445995 0.2003043 0.1537591 0.1890653 0.1210487 0.1835370 0.1891250 0.1455979 0.1908810 0.0565637 0.1871690 0.1749091 0.1852100 0.1852055 0.1790270 0.2697726 0.1341840 0.1234055 0.1785719 0.1957981 0.2713334 0.1471674 0.2823600 0.1878170 0.1815542 0.1628402 0.1224824 0.2005957 0.1741473 0.2728164 0.1705508 0.2106798 0.1537836 0.1927928 0.1815644 0.1846940 0.0449048 0.2022984 0.2221309 0.1187531 0.0415494 0.0402887 0.1797072 0.1215351 0.1725872 0.2247861 0.1744580 0.1786939 0.1996243 0.1860395 0.1824062 0.1837009 0.1900335 0.1948554 0.2113415 0.1878198 0.1462711 0.1894369 0.1799388 0.1871439 0.1650127 0.1834705 0.1476317 0.1806233 0.2190678 0.1826837 0.2109847 0.1762745 0.1767348 0.1627339 0.1747002 0.1872198 0.1610205 0.1500354 0.2251220 0.1475934 0.1473635 0.1896018 0.1452570 
S0308         0.2729466 0.1550490 0.1320730 0.1918655 0.1468777 0.1363338 0.0917421 0.1643214 0.1531051 0.1401161 0.2003462 0.1055577 0.0000000 0.1787109 0.0756747 0.1771263 0.1413566 0.1231353 0.0730946 0.1612163 0.1318868 0.1371204 0.1567720 0.1663466 0.1250192 0.1658241 0.2072074 0.0684589 0.1595470 0.1515215 0.1832395 0.0962316 0.0890635 0.1875519 0.1552491 0.1479980 0.1969292 0.1532796 0.1596733 0.1331718 0.1472023 0.1304175 0.0725972 0.2413452 0.1768062 0.0776355 0.1352315 0.1676176 0.1208568 0.1391167 0.1254466 0.1240403 0.1611727 0.1368551 0.1512674 0.1004032 0.1531699 0.1536846 0.1155704 0.1795227 0.0669297 0.1496937 0.1393763 0.1533940 0.1493405 0.1482262 0.2207627 0.1106266 0.1028303 0.1489654 0.1655952 0.2344716 0.1215408 0.2354865 0.1521646 0.1435219 0.1378586 0.0995768 0.1641793 0.1418590 0.2324360 0.1348360 0.1688376 0.1290751 0.1541928 0.1504046 0.1568980 0.0737317 0.1682791 0.2061650 0.0897515 0.0740103 0.0758812 0.1457106 0.0979715 0.1425435 0.2009146 0.1407814 0.1404049 0.1636483 0.1453358 0.1470674 0.1552679 0.1500122 0.1590754 0.1721071 0.1505877 0.1251896 0.1829926 0.1494734 0.1576861 0.1293376 0.1559548 0.1194100 0.1457542 0.1769743 0.1453763 0.1817052 0.1488998 0.1443997 0.1347506 0.1391956 0.1513168 0.1328016 0.1189116 0.2005028 0.1167693 0.1216510 0.1644959 0.1172343 
S0320         0.3386674 0.1637575 0.1605462 0.0766640 0.1583207 0.1627531 0.2082076 0.0655152 0.1581611 0.1673152 0.0783014 0.2355124 0.1787109 0.0000000 0.1851339 0.0794326 0.1515674 0.1508142 0.1988945 0.1673712 0.1594521 0.1582128 0.1619306 0.0760424 0.1516526 0.1708164 0.1524451 0.1775107 0.1166160 0.1635960 0.1751376 0.1873312 0.2108106 0.0821484 0.1722710 0.1663812 0.0848471 0.1181484 0.1143126 0.1521167 0.1703436 0.1531989 0.1960869 0.2710559 0.1761354 0.2003609 0.1600892 0.1611047 0.1476486 0.1657679 0.1515157 0.1503293 0.1688072 0.1548308 0.1147832 0.1830952 0.1146640 0.1193670 0.1407488 0.0931831 0.1810645 0.1558142 0.1527907 0.1562566 0.1622768 0.1652669 0.2690203 0.2006734 0.2055143 0.1691119 0.1803999 0.2566760 0.1514845 0.2707075 0.1168308 0.1632728 0.1582235 0.1861419 0.1852656 0.1496154 0.2635363 0.1635962 0.1699694 0.1576877 0.0641108 0.1061424 0.1080238 0.1920292 0.1247675 0.0881253 0.1819427 0.1861679 0.1923116 0.1724012 0.1931507 0.1508847 0.1968895 0.1673212 0.1580603 0.1664907 0.1649225 0.1684479 0.1117931 0.1563728 0.1663913 0.0641034 0.1685412 0.1524858 0.0691819 0.1703473 0.1173217 0.1596067 0.1698754 0.1373986 0.1713516 0.0756819 0.1680499 0.1317129 0.1509904 0.1498876 0.1357947 0.1540731 0.1176318 0.1518836 0.1388509 0.1953208 0.1482775 0.1359892 0.1790860 0.1356068 
S0322         0.2743382 0.1499050 0.1258216 0.1953217 0.1436558 0.1445709 0.0271280 0.1716782 0.1541909 0.1489210 0.2041061 0.0463526 0.0756747 0.1851339 0.0000000 0.1779924 0.1362187 0.1292938 0.0112575 0.1494562 0.1426853 0.1463916 0.1640744 0.1613191 0.1137549 0.1616739 0.2257737 0.0118366 0.1608490 0.1687503 0.1772717 0.0903421 0.0201054 0.1943032 0.1507230 0.1554876 0.1996173 0.1590471 0.1670815 0.1415513 0.1587531 0.1174895 0.0095464 0.2301532 0.1846362 0.0170900 0.1407648 0.1696518 0.1121658 0.1489124 0.1150432 0.1102776 0.1775198 0.1265911 0.1625531 0.0980179 0.1559966 0.1647075 0.1225743 0.1851894 0.0476698 0.1630133 0.1520828 0.1617095 0.1615679 0.1463829 0.2099449 0.1106239 0.0958192 0.1576757 0.1639995 0.2264244 0.1148624 0.2281366 0.1650876 0.1555791 0.1357089 0.0937757 0.1602080 0.1485843 0.2255563 0.1428294 0.1770521 0.1269459 0.1607831 0.1537241 0.1563485 0.0177229 0.1774385 0.2065944 0.0848012 0.0185794 0.0172503 0.1501688 0.0983524 0.1381491 0.1999509 0.1505932 0.1485977 0.1622390 0.1547109 0.1487332 0.1641106 0.1542708 0.1694577 0.1609645 0.1548635 0.1138933 0.1733801 0.1476427 0.1625804 0.1370503 0.1520041 0.1165493 0.1533696 0.1820000 0.1519462 0.1780724 0.1405480 0.1449892 0.1246200 0.1401249 0.1608688 0.1348297 0.1242204 0.1930465 0.1180019 0.1170238 0.1605022 0.1189503 
S0327         0.2949899 0.1739872 0.1508611 0.0704929 0.1539232 0.1584356 0.1919274 0.0728530 0.1634475 0.1613088 0.0859280 0.2141020 0.1771263 0.0794326 0.1779924 0.0000000 0.1535862 0.1514310 0.1832167 0.1811219 0.1524646 0.1530700 0.1689939 0.0647382 0.1421139 0.1930494 0.1228122 0.1683595 0.1001568 0.1643784 0.1806107 0.1727530 0.1976749 0.0751663 0.1718407 0.1589901 0.0818759 0.1052305 0.1043666 0.1563959 0.1638621 0.1456142 0.1808010 0.2565713 0.1884322 0.1870490 0.1517642 0.1611559 0.1389321 0.1589000 0.1437336 0.1413799 0.1730343 0.1410042 0.1045372 0.1806814 0.1018055 0.1045886 0.1358551 0.0855649 0.1687235 0.1556422 0.1610836 0.1532825 0.1629186 0.1677894 0.2551329 0.1880043 0.1868959 0.1737953 0.1973314 0.2475077 0.1414816 0.2569989 0.0928401 0.1671436 0.1578822 0.1738085 0.1870994 0.1471894 0.2530284 0.1529272 0.1703486 0.1455999 0.0566502 0.0965124 0.1004191 0.1804227 0.1117175 0.0853558 0.1620343 0.1792552 0.1828456 0.1613780 0.1848941 0.1518315 0.1948965 0.1605661 0.1609006 0.1745963 0.1595720 0.1688260 0.0972715 0.1575354 0.1655389 0.0753946 0.1626750 0.1430718 0.0776717 0.1707745 0.1012248 0.1524558 0.1703196 0.1310892 0.1641129 0.0689857 0.1694457 0.1180319 0.1532451 0.1522090 0.1388047 0.1560476 0.1014699 0.1528268 0.1366381 0.2006075 0.1431821 0.1317638 0.1924274 0.1296621 
S0335         0.2552607 0.1136059 0.0889996 0.1629727 0.1083218 0.1035420 0.1440706 0.1480506 0.0931075 0.1062014 0.1607896 0.1696246 0.1413566 0.1515674 0.1362187 0.1535862 0.0000000 0.0521059 0.1376347 0.1200338 0.0959839 0.1055161 0.1184161 0.1385049 0.0835536 0.1276042 0.1844515 0.1295161 0.1430626 0.1143987 0.1391539 0.1287793 0.1510173 0.1661825 0.1154852 0.1125065 0.1732528 0.1321219 0.1356632 0.1022078 0.1158449 0.0920069 0.1347183 0.2106467 0.1315074 0.1400444 0.1017572 0.1161523 0.0801864 0.1057988 0.0828154 0.0854072 0.1170101 0.0941001 0.1312502 0.1296529 0.1313455 0.1393132 0.0724394 0.1723639 0.1236782 0.1095873 0.1076501 0.1067502 0.1114852 0.1074039 0.1954316 0.1329585 0.1304715 0.1142637 0.1289946 0.1994604 0.0833877 0.2101113 0.1228349 0.1071507 0.0753939 0.1251284 0.1319104 0.0871318 0.1987408 0.0999763 0.1251536 0.0771689 0.1298105 0.1290195 0.1287322 0.1349709 0.1397389 0.1738961 0.1204213 0.1318587 0.1363539 0.1066177 0.1323181 0.0627279 0.1248135 0.1051485 0.1097146 0.1197034 0.0928460 0.1159614 0.1304690 0.1031275 0.1029077 0.1495176 0.1136411 0.0860508 0.1630252 0.1101796 0.1367972 0.0987904 0.0957992 0.0533773 0.1109717 0.1505602 0.1145344 0.1493164 0.1045803 0.1005892 0.0509274 0.0425373 0.1322983 0.0897078 0.0762046 0.1677283 0.0814315 0.0478031 0.1288766 0.0738249 
S0345         0.2563917 0.1195418 0.0908077 0.1695172 0.1022843 0.1024184 0.1270145 0.1456778 0.0866369 0.1118744 0.1610433 0.1344614 0.1231353 0.1508142 0.1292938 0.1514310 0.0521059 0.0000000 0.1314168 0.1111426 0.1008572 0.1083058 0.1224616 0.1394305 0.0865305 0.1202144 0.1600938 0.1211059 0.1316320 0.1055086 0.1498874 0.1218056 0.1264629 0.1614457 0.1098581 0.1192407 0.1702952 0.1207748 0.1250343 0.1074607 0.1110937 0.0903373 0.1292339 0.2193384 0.1293515 0.1296325 0.1007759 0.1126555 0.0847188 0.1105772 0.0876979 0.0894612 0.1209126 0.0884814 0.1167887 0.1287994 0.1186315 0.1208453 0.0766375 0.1363093 0.1016197 0.1073386 0.1038409 0.1070910 0.1007313 0.1088132 0.1919689 0.1260885 0.1215026 0.0957208 0.1131822 0.1961046 0.0884141 0.2122924 0.1209024 0.1070956 0.0836101 0.1240565 0.1372029 0.0832190 0.1999623 0.1045683 0.1141845 0.0782704 0.1273180 0.1152332 0.1157878 0.1263762 0.1317342 0.1733287 0.1152089 0.1209879 0.1282476 0.1152526 0.1325942 0.0457457 0.0990887 0.1057505 0.0975860 0.1316194 0.0860448 0.1096430 0.1278569 0.0880864 0.0950159 0.1446416 0.1097995 0.0935518 0.1455694 0.1127537 0.1214974 0.1016091 0.0968055 0.0524094 0.1020387 0.1513611 0.1087414 0.1435491 0.1035053 0.1029159 0.0282340 0.0575515 0.1178705 0.0823720 0.0776907 0.1680327 0.0829031 0.0508035 0.1232881 0.0713127 
S0355         0.2649728 0.1541902 0.1288391 0.1958220 0.1448086 0.1415211 0.0286563 0.1825239 0.1519216 0.1461006 0.2100981 0.0402879 0.0730946 0.1988945 0.0112575 0.1832167 0.1376347 0.1314168 0.0000000 0.1525282 0.1391753 0.1438653 0.1654988 0.1712261 0.1162365 0.1667410 0.2098579 0.0072017 0.1597681 0.1616399 0.1832315 0.0890987 0.0160904 0.1950318 0.1530206 0.1514609 0.2039148 0.1593058 0.1646756 0.1382010 0.1495718 0.1208001 0.0123296 0.2409311 0.1781560 0.0162613 0.1371706 0.1667888 0.1135715 0.1426084 0.1166296 0.1144460 0.1702792 0.1282539 0.1599730 0.0962597 0.1573822 0.1625039 0.1185222 0.1977548 0.0450035 0.1563137 0.1470694 0.1599955 0.1568690 0.1441353 0.2234654 0.1055603 0.0926293 0.1522916 0.1646265 0.2322081 0.1171881 0.2451940 0.1646893 0.1528098 0.1308966 0.0922291 0.1680341 0.1427661 0.2343145 0.1419298 0.1769669 0.1254340 0.1661971 0.1552268 0.1577379 0.0158278 0.1732713 0.2096997 0.0876231 0.0170297 0.0154203 0.1475223 0.0973176 0.1415081 0.1873432 0.1451086 0.1449066 0.1623136 0.1563360 0.1515834 0.1651761 0.1566114 0.1650268 0.1735987 0.1575311 0.1157299 0.1913767 0.1453202 0.1609999 0.1354881 0.1527546 0.1175760 0.1472318 0.1888004 0.1512348 0.1794935 0.1447496 0.1460374 0.1287495 0.1399563 0.1614948 0.1305993 0.1186507 0.1993321 0.1176655 0.1186152 0.1623561 0.1174851 
S0376         0.2630814 0.0908020 0.1194069 0.1739216 0.1366140 0.0936867 0.1608070 0.1615591 0.1476341 0.0916402 0.1786318 0.1856789 0.1612163 0.1673712 0.1494562 0.1811219 0.1200338 0.1111426 0.1525282 0.0000000 0.0885881 0.0880598 0.1016511 0.1639598 0.1112062 0.0641909 0.2049806 0.1410403 0.1692954 0.1424223 0.1217185 0.1423974 0.1583705 0.1811825 0.0989722 0.0970244 0.1867183 0.1621341 0.1603308 0.1000587 0.1057984 0.1171043 0.1510668 0.2122860 0.1292538 0.1515505 0.0893241 0.1480887 0.1108493 0.0928363 0.1132672 0.1157993 0.1569176 0.1147800 0.1614912 0.1506428 0.1603379 0.1636377 0.1122829 0.1680528 0.1391293 0.1371267 0.1316244 0.1429047 0.1382768 0.1230622 0.2006388 0.1577392 0.1569157 0.1377146 0.1551702 0.2038556 0.1132940 0.2098067 0.1426767 0.1389870 0.1148617 0.1466908 0.1117811 0.1344652 0.2011128 0.0915582 0.1077225 0.1255663 0.1495027 0.1608891 0.1580129 0.1465843 0.1707200 0.1773114 0.1342476 0.1463676 0.1507469 0.0951380 0.1537516 0.1334835 0.1897151 0.0943854 0.0885594 0.1105503 0.1406772 0.0968813 0.1530504 0.1561653 0.1629831 0.1622693 0.0952759 0.1149502 0.1829134 0.1240487 0.1630228 0.0873701 0.1536897 0.1062915 0.0971329 0.1691494 0.0964311 0.1806771 0.0817385 0.0923425 0.1171415 0.1166797 0.1596330 0.1106404 0.1133078 0.1784184 0.0977840 0.1000000 0.0578868 0.1073109 
S0400         0.2328122 0.0768938 0.0992496 0.1661533 0.1110240 0.0139540 0.1482083 0.1438020 0.1200440 0.0185431 0.1670014 0.1696674 0.1318868 0.1594521 0.1426853 0.1524646 0.0959839 0.1008572 0.1391753 0.0885881 0.0000000 0.0205181 0.0846607 0.1438113 0.0866199 0.0974475 0.1767923 0.1330974 0.1415569 0.1232368 0.1151307 0.1270530 0.1528096 0.1607780 0.0607532 0.0272849 0.1687818 0.1293020 0.1306083 0.0703128 0.0233213 0.0905896 0.1390983 0.1870221 0.1094128 0.1424659 0.0209351 0.1264138 0.0820353 0.0149487 0.0835526 0.0866090 0.1332544 0.0942202 0.1253116 0.1378687 0.1278564 0.1275272 0.0854824 0.1636978 0.1203002 0.1201759 0.1149364 0.1196168 0.1178530 0.1088680 0.1807230 0.1393954 0.1346441 0.1260426 0.1366294 0.1786607 0.0840470 0.1862484 0.1177661 0.1164437 0.0970728 0.1299428 0.0864297 0.1087055 0.1823678 0.0135030 0.0817367 0.0971099 0.1291493 0.1255771 0.1259852 0.1302884 0.1383735 0.1732362 0.1195202 0.1303243 0.1379676 0.0246117 0.1437931 0.1033454 0.1583388 0.0190095 0.0206935 0.0889740 0.1180632 0.0605431 0.1185093 0.1296447 0.1294795 0.1506813 0.0641281 0.0844127 0.1603080 0.1108140 0.1284609 0.0110867 0.1217851 0.0838985 0.0292504 0.1450035 0.0542211 0.1452077 0.0587835 0.0724997 0.0977431 0.1007423 0.1260193 0.0899311 0.0917246 0.1562789 0.0798442 0.0807824 0.1039434 0.0804058 
S0405         0.2369079 0.0795358 0.1030177 0.1656123 0.1167170 0.0240322 0.1496692 0.1429377 0.1249027 0.0262890 0.1654371 0.1734381 0.1371204 0.1582128 0.1463916 0.1530700 0.1055161 0.1083058 0.1438653 0.0880598 0.0205181 0.0000000 0.0868156 0.1456514 0.0902731 0.0969997 0.1847724 0.1366642 0.1457442 0.1229689 0.1179013 0.1328834 0.1550114 0.1612515 0.0638000 0.0226799 0.1706755 0.1358357 0.1356666 0.0747691 0.0334531 0.0946301 0.1452212 0.1916316 0.1150014 0.1472105 0.0230400 0.1292489 0.0862229 0.0240954 0.0871676 0.0921419 0.1391716 0.0996589 0.1315412 0.1421059 0.1321918 0.1340341 0.0920808 0.1655778 0.1241895 0.1218554 0.1196341 0.1237642 0.1211183 0.1145396 0.1846220 0.1451122 0.1412806 0.1308360 0.1411710 0.1848770 0.0882747 0.1901517 0.1301390 0.1226574 0.1038316 0.1366878 0.0926916 0.1133509 0.1862273 0.0226300 0.0853110 0.1027739 0.1333440 0.1298710 0.1306017 0.1356503 0.1440299 0.1732921 0.1272939 0.1333655 0.1418471 0.0210900 0.1452099 0.1112087 0.1638192 0.0277732 0.0179487 0.0939855 0.1218879 0.0655289 0.1255269 0.1353123 0.1338956 0.1502339 0.0692794 0.0886351 0.1613157 0.1165560 0.1341392 0.0191481 0.1300447 0.0911421 0.0325333 0.1479474 0.0560821 0.1521793 0.0629570 0.0757148 0.1033366 0.1076020 0.1295219 0.0975083 0.0984659 0.1593259 0.0834053 0.0867181 0.1035918 0.0863108 
S0412sl       0.2627963 0.1001324 0.1235751 0.1733043 0.1238411 0.0907039 0.1766723 0.1607442 0.1352638 0.0941348 0.1744057 0.1930032 0.1567720 0.1619306 0.1640744 0.1689939 0.1184161 0.1224616 0.1654988 0.1016511 0.0846607 0.0868156 0.0000000 0.1588384 0.1131238 0.1168770 0.1824350 0.1570887 0.1657018 0.1301021 0.1049359 0.1361646 0.1660319 0.1698979 0.1013991 0.0928806 0.1741488 0.1658074 0.1544990 0.0991922 0.1049891 0.1152630 0.1601599 0.2143968 0.0870346 0.1679235 0.0841110 0.1424191 0.1083343 0.0915715 0.1130769 0.1168543 0.1407737 0.1177225 0.1613405 0.1529272 0.1532883 0.1594448 0.1119119 0.1704880 0.1433586 0.1267237 0.1181247 0.1257097 0.1324513 0.1188531 0.2144993 0.1567919 0.1534565 0.1317554 0.1463921 0.2072254 0.1115500 0.2105754 0.1450320 0.1231872 0.1170882 0.1482167 0.1111178 0.1269269 0.1990452 0.0927117 0.0978179 0.1210905 0.1456084 0.1527688 0.1584074 0.1528140 0.1748963 0.1820187 0.1301300 0.1525489 0.1597313 0.0938791 0.1462457 0.1291367 0.1679740 0.0939339 0.0822811 0.1112342 0.1248606 0.0974061 0.1442419 0.1457486 0.1492733 0.1513707 0.0884494 0.1124710 0.1786428 0.1211273 0.1573843 0.0832868 0.1410882 0.1088693 0.0951860 0.1606322 0.0965990 0.1825421 0.0851461 0.0836611 0.1193458 0.1186369 0.1440999 0.1199709 0.1167209 0.1665941 0.1011543 0.1044850 0.1053957 0.1093551 
S0417         0.2870180 0.1588787 0.1394333 0.0756058 0.1477345 0.1469383 0.1774033 0.0659602 0.1461475 0.1524935 0.0867064 0.1947191 0.1663466 0.0760424 0.1613191 0.0647382 0.1385049 0.1394305 0.1712261 0.1639598 0.1438113 0.1456514 0.1588384 0.0000000 0.1303978 0.1726395 0.1094317 0.1530917 0.0854291 0.1531634 0.1686629 0.1628643 0.1693251 0.0689381 0.1619573 0.1526172 0.0771213 0.0906577 0.0954959 0.1393126 0.1497731 0.1281830 0.1680843 0.2489474 0.1770909 0.1720629 0.1440791 0.1479786 0.1265653 0.1508845 0.1325542 0.1289135 0.1570598 0.1296735 0.0902123 0.1717549 0.0908321 0.0922686 0.1181555 0.0688426 0.1563579 0.1417487 0.1433701 0.1404872 0.1499756 0.1536193 0.2445137 0.1825045 0.1675827 0.1572987 0.1801855 0.2373185 0.1296340 0.2478965 0.0853419 0.1483101 0.1439773 0.1718418 0.1845739 0.1321682 0.2442751 0.1463820 0.1629240 0.1368976 0.0444702 0.0863011 0.0910427 0.1648371 0.0977005 0.0756787 0.1517225 0.1633895 0.1697446 0.1503424 0.1758989 0.1393675 0.1841236 0.1525222 0.1513608 0.1671582 0.1479875 0.1585924 0.0862510 0.1418538 0.1548450 0.0707346 0.1539709 0.1319620 0.0646933 0.1564443 0.0935526 0.1415412 0.1520844 0.1216490 0.1598652 0.0635228 0.1529017 0.1045266 0.1424177 0.1383220 0.1307057 0.1431050 0.0949348 0.1309495 0.1205491 0.1799172 0.1219184 0.1187223 0.1677967 0.1181282 
S0419         0.2244397 0.1062731 0.0235711 0.1569908 0.0713479 0.0895987 0.1296294 0.1421976 0.0965187 0.0893659 0.1633205 0.1458550 0.1250192 0.1516526 0.1137549 0.1421139 0.0835536 0.0865305 0.1162365 0.1112062 0.0866199 0.0902731 0.1131238 0.1303978 0.0000000 0.1157512 0.1678811 0.1029570 0.1225550 0.1062758 0.1392988 0.1110357 0.1183812 0.1546879 0.1004865 0.0964819 0.1664625 0.1182137 0.1184782 0.0936589 0.0949528 0.0491086 0.1182710 0.1968409 0.1353444 0.1184979 0.0875240 0.1149579 0.0066060 0.0904859 0.0099765 0.0134163 0.1186167 0.0549129 0.1162810 0.1155520 0.1143725 0.1217188 0.0665870 0.1581935 0.1003294 0.1004852 0.1034698 0.1018899 0.1013514 0.0702831 0.1741138 0.1207251 0.1130637 0.1047119 0.1190636 0.1812172 0.0094969 0.1934409 0.1160165 0.1038638 0.0825068 0.1110819 0.1227323 0.0923575 0.1871561 0.0879700 0.1202170 0.0778181 0.1284362 0.1121711 0.1079553 0.1127118 0.1307535 0.1667114 0.1012790 0.1110121 0.1168430 0.0936548 0.1193741 0.0873381 0.1364879 0.0897301 0.0893145 0.1245475 0.1061855 0.1005948 0.1168080 0.1093220 0.1081659 0.1522686 0.1033818 0.0138404 0.1538550 0.0713892 0.1157094 0.0827553 0.1039097 0.0668664 0.0915430 0.1477252 0.0976020 0.1361307 0.0942389 0.0922775 0.0825305 0.0871646 0.1155453 0.0766778 0.0700131 0.1475563 0.0511469 0.0650259 0.1180480 0.0627937 
S0427         0.2871702 0.0924313 0.1247099 0.1877716 0.1429696 0.0994995 0.1730871 0.1680744 0.1452130 0.1002791 0.1918341 0.1943358 0.1658241 0.1708164 0.1616739 0.1930494 0.1276042 0.1202144 0.1667410 0.0641909 0.0974475 0.0969997 0.1168770 0.1726395 0.1157512 0.0000000 0.2073145 0.1568858 0.1699530 0.1468015 0.1344076 0.1517074 0.1636246 0.1948075 0.1000466 0.1063984 0.1955952 0.1641239 0.1610838 0.1054957 0.1114904 0.1258214 0.1634285 0.2254187 0.1326118 0.1671193 0.0983468 0.1467039 0.1133405 0.1029756 0.1191144 0.1178465 0.1578826 0.1263013 0.1625032 0.1597761 0.1650215 0.1637382 0.1129722 0.1845863 0.1433849 0.1418593 0.1358287 0.1476917 0.1407567 0.1369961 0.2096168 0.1712822 0.1653828 0.1426811 0.1559457 0.2111187 0.1168926 0.2223555 0.1551230 0.1480268 0.1232034 0.1627520 0.1147112 0.1338282 0.2146718 0.1011794 0.1169742 0.1255941 0.1636378 0.1646264 0.1622575 0.1589193 0.1785618 0.1948978 0.1440486 0.1535005 0.1650043 0.1048128 0.1656943 0.1313462 0.1936552 0.1051493 0.0910782 0.1150430 0.1483061 0.1024180 0.1552199 0.1571885 0.1571039 0.1807125 0.1013135 0.1178045 0.1883740 0.1386061 0.1578776 0.0939915 0.1565581 0.1101573 0.1042397 0.1794731 0.1049877 0.1861460 0.0970684 0.1048640 0.1236388 0.1222418 0.1526491 0.1172597 0.1159128 0.1937759 0.1093747 0.1042497 0.0619075 0.1079253 
S0428sl       0.3537445 0.1967705 0.1620556 0.1512018 0.1939623 0.1814521 0.1952824 0.1328620 0.1862657 0.1821859 0.1563172 0.1982204 0.2072074 0.1524451 0.2257737 0.1228122 0.1844515 0.1600938 0.2098579 0.2049806 0.1767923 0.1847724 0.1824350 0.1094317 0.1678811 0.2073145 0.0000000 0.2096665 0.1311084 0.2102218 0.2178009 0.2094991 0.1829809 0.1610112 0.1954719 0.1904693 0.1571117 0.1221697 0.1376455 0.1736716 0.2180470 0.1623339 0.2091983 0.3053044 0.2230046 0.2137733 0.1727763 0.1660080 0.1660229 0.1829902 0.1698383 0.1726901 0.2167694 0.1712721 0.1196338 0.2218718 0.1282930 0.1235901 0.1619637 0.0946676 0.1798826 0.1892504 0.1787777 0.1847699 0.1943899 0.1878471 0.2927573 0.2228305 0.2218893 0.1905553 0.2172727 0.2883978 0.1697994 0.3049731 0.1030646 0.1874625 0.1838575 0.2189359 0.2255943 0.1704734 0.2999693 0.1825176 0.1980751 0.1708958 0.1091264 0.1199534 0.1256814 0.2072804 0.1343058 0.1423281 0.2045821 0.1983173 0.2011252 0.1911690 0.2349706 0.1818216 0.1994567 0.1834485 0.1608206 0.2104819 0.1805626 0.1942968 0.1228982 0.1822026 0.1992501 0.1438762 0.1872641 0.1699118 0.0902348 0.1953891 0.1287159 0.1752132 0.1825963 0.1608518 0.1847327 0.1439202 0.1795612 0.1430945 0.1847259 0.1769274 0.1750766 0.1907310 0.1297892 0.1650832 0.1566895 0.2312971 0.1602073 0.1625627 0.2030119 0.1561839 
S0430         0.2661171 0.1452049 0.1153783 0.1856223 0.1340691 0.1349570 0.0201866 0.1610500 0.1452618 0.1390665 0.1939096 0.0425072 0.0684589 0.1775107 0.0118366 0.1683595 0.1295161 0.1211059 0.0072017 0.1410403 0.1330974 0.1366642 0.1570887 0.1530917 0.1029570 0.1568858 0.2096665 0.0000000 0.1517616 0.1546568 0.1699228 0.0832855 0.0179891 0.1827853 0.1434665 0.1453866 0.1917992 0.1529265 0.1576609 0.1329273 0.1484645 0.1086959 0.0088837 0.2221448 0.1784674 0.0151777 0.1328966 0.1588937 0.1014263 0.1391036 0.1041571 0.1014056 0.1654382 0.1167534 0.1526399 0.0893466 0.1473733 0.1573369 0.1115089 0.1661494 0.0406783 0.1502761 0.1400135 0.1499366 0.1488668 0.1367531 0.2034691 0.1019598 0.0886772 0.1441264 0.1529580 0.2205650 0.1055394 0.2236151 0.1538437 0.1424901 0.1248993 0.0858335 0.1545797 0.1368564 0.2188064 0.1340856 0.1697758 0.1184443 0.1517684 0.1459002 0.1480792 0.0123536 0.1671017 0.1958743 0.0793460 0.0107795 0.0095536 0.1411298 0.0905315 0.1273690 0.1927220 0.1407315 0.1377591 0.1564214 0.1460802 0.1433841 0.1585192 0.1464212 0.1575799 0.1600975 0.1474010 0.1046138 0.1626586 0.1379494 0.1524721 0.1284918 0.1414232 0.1057095 0.1425707 0.1721253 0.1446423 0.1684639 0.1371248 0.1399556 0.1188964 0.1315353 0.1517189 0.1223864 0.1146545 0.1824863 0.1101777 0.1069817 0.1537354 0.1095397 
S0478         0.2810177 0.1596079 0.1301435 0.1194999 0.1403749 0.1432760 0.1733393 0.0996942 0.1461428 0.1478768 0.1333546 0.1900034 0.1595470 0.1166160 0.1608490 0.1001568 0.1430626 0.1316320 0.1597681 0.1692954 0.1415569 0.1457442 0.1657018 0.0854291 0.1225550 0.1699530 0.1311084 0.1517616 0.0000000 0.1620512 0.1855096 0.1615450 0.1736975 0.1212738 0.1561107 0.1548563 0.1248511 0.0792768 0.0845402 0.1335520 0.1510711 0.1306618 0.1618384 0.2445309 0.1743241 0.1648110 0.1387121 0.1516291 0.1188734 0.1478055 0.1233688 0.1220146 0.1647685 0.1290968 0.0814174 0.1645704 0.0839489 0.0836172 0.1194828 0.1191907 0.1508705 0.1504516 0.1521084 0.1505595 0.1536072 0.1471865 0.2300570 0.1686864 0.1616456 0.1654249 0.1785116 0.2289721 0.1211791 0.2373864 0.0831556 0.1564042 0.1427473 0.1565657 0.1810615 0.1366445 0.2350215 0.1440023 0.1658906 0.1271409 0.0879853 0.0809120 0.0859648 0.1632801 0.0881747 0.1177292 0.1562791 0.1543675 0.1625411 0.1532101 0.1651303 0.1401798 0.1930014 0.1483749 0.1517153 0.1721528 0.1518039 0.1552875 0.0775307 0.1483877 0.1591918 0.1011006 0.1597686 0.1228292 0.1100494 0.1491544 0.0834842 0.1370697 0.1610364 0.1250994 0.1545922 0.1084396 0.1568987 0.0932487 0.1466169 0.1399526 0.1323143 0.1464583 0.0863968 0.1288661 0.1192099 0.1808733 0.1185235 0.1237236 0.1761800 0.1203939 
S0552sl       0.2912793 0.1479030 0.1159393 0.1755077 0.1339235 0.1266720 0.1757443 0.1595438 0.1110091 0.1343018 0.1823940 0.1877214 0.1515215 0.1635960 0.1687503 0.1643784 0.1143987 0.1055086 0.1616399 0.1424223 0.1232368 0.1229689 0.1301021 0.1531634 0.1062758 0.1468015 0.2102218 0.1546568 0.1620512 0.0000000 0.1378173 0.1484726 0.1768274 0.1778590 0.1370395 0.1333986 0.1843938 0.1549822 0.1497341 0.1211273 0.1395271 0.1127047 0.1617103 0.2222279 0.1522707 0.1669218 0.1243233 0.0320850 0.1054648 0.1329694 0.1090996 0.1111109 0.0657064 0.1114884 0.1539220 0.1483814 0.1457119 0.1585884 0.1075389 0.1603347 0.1419864 0.0264877 0.0561984 0.0341067 0.0306820 0.1211948 0.2274737 0.1555702 0.1506835 0.0614962 0.0728455 0.2157211 0.1101570 0.2218746 0.1419213 0.0530102 0.1179807 0.1480344 0.1536414 0.0996266 0.2130048 0.1293073 0.1517697 0.1122334 0.1488696 0.1424696 0.1467619 0.1576204 0.1696359 0.1816518 0.1449115 0.1549287 0.1620032 0.1329561 0.1544045 0.1169690 0.1382620 0.1316112 0.1233929 0.1346436 0.1061049 0.1390425 0.1506429 0.1307559 0.1225786 0.1604324 0.1361082 0.1113688 0.1724876 0.1227523 0.1439479 0.1239108 0.1102360 0.0936441 0.1310241 0.1615784 0.1278452 0.1649660 0.1393756 0.1250219 0.1029249 0.1184441 0.1476283 0.0799278 0.1042995 0.1656935 0.1040392 0.0928402 0.1347979 0.1035034 
