130
PAFTOL_019361 0.0000000 0.1400921 0.2109388 0.1604889 0.1911001 0.1328787 0.1821033 0.1646584 0.1421945 0.1253921 0.1812360 0.1494559 0.1575468 0.1495155 0.1665548 0.1644646 0.1511205 0.1753121 0.0000010 0.1567137 0.1401842 0.1328787 0.1502257 0.1566351 0.1266289 0.1680212 0.1618524 0.1701708 0.1342555 0.1670870 0.1268376 0.1550213 0.1730211 0.1553768 0.1479858 0.1648489 0.1340355 0.1553352 0.1498139 0.1610999 0.1698353 0.1404972 0.1495329 0.1567137 0.1476195 0.1496120 0.1567137 0.1664743 0.1578705 0.1558451 0.1490914 0.1712858 0.1635449 0.1503010 0.1653366 0.1476401 0.1610999 0.1509727 0.1476152 0.1416992 0.1675453 0.1663218 0.1708275 0.1631101 0.2025866 0.1655113 0.1409875 0.1577417 0.1634829 0.1686751 0.1498931 0.1716492 0.1069012 0.1635449 0.1462559 0.1478995 0.1406419 0.1554921 0.1416350 0.1564191 0.1470141 0.1328787 0.1566759 0.1402359 0.1509727 0.1610999 0.1709615 0.1567137 0.1342555 0.1660832 0.1402359 0.1493682 0.1729914 0.1340355 0.1401842 0.1257496 0.1372143 0.1328787 0.1502074 0.1475597 0.1327246 0.1497253 0.1548415 0.1402359 0.1256673 0.1666545 0.1512805 0.1635449 0.1566351 0.1734241 0.1610999 0.1329081 0.1537292 0.1257496 0.1573456 0.1741865 0.1508314 0.1514051 0.0000010 0.1498287 0.1490931 0.1495298 0.1627660 0.1743045 0.1402359 0.1393951 0.1826849 0.1343940 0.1913607 0.1388397 
S0055         0.1400921 0.0000000 0.0768903 0.0723629 0.0749543 0.0563007 0.0632643 0.0757484 0.0578843 0.0607130 0.0869559 0.0828882 0.0543778 0.0456940 0.0775971 0.0694057 0.0700546 0.0526021 0.0708364 0.0514699 0.0469033 0.0451600 0.0593595 0.0730453 0.0384423 0.0707021 0.0674968 0.0467470 0.0360508 0.0521457 0.0715486 0.0716261 0.0812247 0.0721088 0.0782411 0.0528245 0.0547458 0.0817888 0.0716154 0.0806288 0.0672891 0.0357010 0.0661602 0.0492547 0.1002179 0.0691382 0.0592547 0.0398881 0.0719432 0.0717742 0.0605726 0.0653422 0.0742049 0.0773330 0.0639478 0.0631983 0.0783276 0.0691278 0.0532246 0.0418468 0.0719624 0.0780901 0.0711198 0.0657905 0.0972698 0.0741420 0.1050587 0.0900155 0.0409057 0.0519328 0.0825344 0.0938395 0.0914920 0.0655035 0.1052576 0.0728681 0.0539856 0.0613297 0.0534153 0.0596972 0.1120299 0.0488630 0.0452084 0.0553590 0.0762407 0.0784957 0.0830832 0.0595956 0.0785162 0.0831761 0.0594946 0.0508835 0.0830887 0.0490181 0.0573315 0.0479722 0.0552397 0.0508111 0.0529899 0.0350007 0.0697005 0.0378065 0.0700913 0.0539966 0.0537853 0.0829564 0.0313331 0.0694986 0.0878497 0.0719495 0.0849703 0.0490922 0.0618996 0.0495746 0.0325228 0.0807755 0.0473159 0.0824514 0.0000010 0.0627362 0.0614297 0.0495425 0.0830854 0.0777959 0.0494608 0.0801247 0.0694427 0.0497168 0.0675658 0.0462481 
S0196sl       0.2109388 0.0768903 0.0000000 0.0855142 0.0445437 0.0720985 0.0795687 0.0724896 0.0506171 0.0712983 0.1044404 0.0779958 0.0691761 0.0593417 0.0675433 0.0845032 0.0662505 0.0556819 0.0504412 0.0681694 0.0441866 0.0634588 0.0711991 0.0626113 0.0417232 0.0668656 0.0089682 0.0675850 0.0351663 0.0691939 0.0636095 0.0590598 0.0838969 0.0893840 0.0707422 0.0839396 0.0679655 0.0817814 0.0570525 0.0847451 0.0641588 0.0385199 0.0384178 0.0637081 0.1005446 0.0726097 0.0771868 0.0769919 0.0596617 0.0163745 0.0747271 0.0107553 0.0183220 0.0648660 0.0402744 0.0862413 0.0819922 0.0605964 0.0461926 0.0570019 0.0612993 0.0704714 0.0587100 0.0570635 0.0737520 0.0359857 0.1083310 0.0739405 0.0709727 0.0732572 0.0750270 0.0777212 0.0929348 0.0163846 0.1062805 0.0609727 0.0553315 0.0867718 0.0807705 0.0571863 0.1160420 0.0635020 0.0836843 0.0485828 0.0685857 0.0821853 0.0846939 0.0776905 0.0708701 0.0959476 0.0798064 0.0745938 0.1003440 0.0656240 0.0799343 0.0528337 0.0479230 0.0657844 0.0614518 0.0719875 0.0614152 0.0655348 0.0596377 0.0466075 0.0484659 0.0808196 0.0695839 0.0144644 0.0797861 0.0418844 0.0916407 0.0638401 0.0661531 0.0504304 0.0721875 0.0868574 0.0797011 0.0772124 0.0000010 0.0636959 0.0612687 0.0545159 0.0804492 0.0611957 0.0421418 0.0676684 0.0420826 0.0505884 0.0890657 0.0424023 
S0278         0.1604889 0.0723629 0.0855142 0.0000000 0.0865774 0.0759289 0.0804309 0.0436181 0.0645034 0.0832025 0.1115083 0.0383151 0.0714185 0.0705655 0.0389760 0.0804751 0.0438487 0.0585834 0.0467649 0.0682378 0.0445417 0.0679029 0.0791478 0.0540708 0.0518845 0.0380112 0.0749923 0.0593890 0.0246124 0.0711336 0.0537943 0.0746836 0.1027402 0.0930751 0.0420428 0.0855497 0.0743739 0.0456873 0.0538418 0.0640574 0.0834599 0.0520952 0.0752697 0.0661407 0.1111514 0.0811519 0.0765243 0.0836636 0.0704979 0.0794549 0.0806849 0.0767992 0.0773795 0.0804916 0.0770238 0.0918618 0.0617682 0.0510734 0.0575885 0.0663038 0.0750400 0.0750720 0.0698215 0.0765269 0.1216380 0.0820910 0.1188592 0.0936466 0.0529456 0.0771957 0.0774260 0.0880151 0.0993825 0.0770682 0.1110526 0.0748233 0.0581488 0.0946275 0.0784167 0.0622897 0.1179876 0.0679458 0.0811096 0.0561482 0.0383554 0.0618975 0.0662018 0.0743946 0.0623189 0.0384162 0.0857331 0.0742007 0.1042471 0.0701850 0.0880530 0.0503133 0.0597215 0.0700748 0.0726878 0.0805988 0.0765443 0.0726579 0.0463860 0.0580120 0.0577832 0.0422376 0.0658744 0.0770678 0.0606821 0.0839579 0.0700258 0.0682800 0.0700336 0.0519714 0.0790906 0.0474813 0.0752939 0.0597215 0.0000010 0.0805681 0.0580296 0.0595775 0.0622608 0.0809696 0.0518375 0.1009427 0.0685049 0.0521220 0.0892777 0.0563020 
S0281         0.1911001 0.0749543 0.0445437 0.0865774 0.0000000 0.0723451 0.0853877 0.0725797 0.0605033 0.0694806 0.1094901 0.0754438 0.0739287 0.0725080 0.0742206 0.0855312 0.0727985 0.0605409 0.0625428 0.0726835 0.0552632 0.0604009 0.0738340 0.0515670 0.0512552 0.0760264 0.0386327 0.0686419 0.0392741 0.0757918 0.0745984 0.0562297 0.0964732 0.0973826 0.0790813 0.0963364 0.0728052 0.0873169 0.0683776 0.0904971 0.0927780 0.0452310 0.0425943 0.0683015 0.1126893 0.0858378 0.0811075 0.0789095 0.0607906 0.0425084 0.0770626 0.0403599 0.0368765 0.0700007 0.0443036 0.0873631 0.0878889 0.0699933 0.0559292 0.0682266 0.0684170 0.0773374 0.0658849 0.0603676 0.0968434 0.0364044 0.1180151 0.0830913 0.0639464 0.0816885 0.0766034 0.0834557 0.1013251 0.0406792 0.1157142 0.0678797 0.0627061 0.0901617 0.0888091 0.0562615 0.1202773 0.0643767 0.0916451 0.0583761 0.0748223 0.0880818 0.0928800 0.0767212 0.0790737 0.0928480 0.0899014 0.0768184 0.1023537 0.0705953 0.0815286 0.0540717 0.0560613 0.0664948 0.0711089 0.0834020 0.0663773 0.0809330 0.0731342 0.0605287 0.0602877 0.0843593 0.0785488 0.0442362 0.0773840 0.0381266 0.0941967 0.0646944 0.0648090 0.0599840 0.0721077 0.0898720 0.0922597 0.0811324 0.0000010 0.0834343 0.0618882 0.0576074 0.0903904 0.0676943 0.0540112 0.0808207 0.0600670 0.0601605 0.0927820 0.0485671 
S0282         0.1328787 0.0563007 0.0720985 0.0759289 0.0723451 0.0000000 0.0670096 0.0793910 0.0619722 0.0169677 0.0891036 0.0824006 0.0582016 0.0551571 0.0769693 0.0690665 0.0816758 0.0620468 0.0870445 0.0572618 0.0463458 0.0097798 0.0254018 0.0820139 0.0241306 0.0790390 0.0632568 0.0446994 0.0419067 0.0579719 0.0776548 0.0688866 0.0750032 0.0845585 0.0818350 0.0623485 0.0182331 0.0920838 0.0736457 0.0850627 0.0627789 0.0132609 0.0677785 0.0569535 0.0948634 0.0672795 0.0651765 0.0567288 0.0715666 0.0674584 0.0233835 0.0650106 0.0635740 0.0709250 0.0694999 0.0691413 0.0825412 0.0752990 0.0548817 0.0511895 0.0731541 0.0761155 0.0727871 0.0690522 0.0851702 0.0802689 0.1017288 0.0876065 0.0301357 0.0615965 0.0862736 0.0912056 0.0882868 0.0671800 0.0976137 0.0729313 0.0638024 0.0755581 0.0554974 0.0716376 0.1063177 0.0097851 0.0621283 0.0575238 0.0798316 0.0827191 0.0873776 0.0612316 0.0848195 0.0936210 0.0714426 0.0627205 0.0873134 0.0165032 0.0635730 0.0574942 0.0549559 0.0114593 0.0166085 0.0559338 0.0758629 0.0506645 0.0762202 0.0575850 0.0554457 0.0870964 0.0479932 0.0652300 0.0963041 0.0862743 0.0913665 0.0098289 0.0719296 0.0572093 0.0527006 0.0904193 0.0567343 0.0867078 0.0000010 0.0564524 0.0613315 0.0590173 0.0873797 0.0713544 0.0511191 0.0989533 0.0671263 0.0573748 0.0712493 0.0535963 
S0288         0.1821033 0.0632643 0.0795687 0.0804309 0.0853877 0.0670096 0.0000000 0.0774090 0.0601110 0.0753775 0.1058379 0.0804610 0.0117604 0.0381659 0.0792931 0.0217236 0.0817586 0.0582241 0.0577253 0.0115253 0.0612290 0.0592334 0.0744316 0.0756579 0.0577419 0.0660125 0.0675234 0.0614248 0.0517551 0.0116448 0.0777338 0.0752689 0.0975779 0.0637883 0.0774165 0.0841193 0.0654523 0.0921767 0.0778078 0.0868484 0.0781179 0.0579477 0.0718067 0.0101229 0.1061587 0.0865247 0.0115498 0.0721142 0.0718100 0.0762431 0.0715462 0.0736630 0.0784775 0.0774858 0.0735296 0.0571073 0.0843177 0.0774446 0.0591319 0.0308283 0.0796461 0.0829603 0.0752985 0.0739513 0.1093610 0.0848388 0.1134943 0.0989414 0.0765207 0.0516841 0.0847568 0.0961519 0.0996076 0.0739169 0.1112694 0.0711796 0.0659218 0.0574704 0.0811676 0.0692990 0.1180954 0.0592698 0.0716509 0.0633918 0.0799128 0.0844993 0.0891678 0.0115481 0.0849058 0.0946669 0.0612655 0.0066891 0.0292132 0.0633336 0.0555058 0.0595561 0.0609897 0.0613173 0.0637816 0.0650532 0.0780886 0.0635244 0.0762977 0.0615813 0.0613397 0.0829595 0.0590545 0.0739166 0.0980168 0.0866802 0.0931532 0.0595554 0.0672521 0.0592602 0.0677232 0.0885467 0.0740982 0.0903717 0.0000010 0.0778251 0.0635114 0.0610762 0.0850120 0.0794059 0.0534129 0.1014543 0.0736193 0.0594324 0.0851460 0.0617383 
S0289         0.1646584 0.0757484 0.0724896 0.0436181 0.0725797 0.0793910 0.0774090 0.0000000 0.0593973 0.0821692 0.1170874 0.0270143 0.0685142 0.0712108 0.0309471 0.0749917 0.0376405 0.0556972 0.0574506 0.0673740 0.0491720 0.0674161 0.0873020 0.0476906 0.0572209 0.0299304 0.0695304 0.0654570 0.0242764 0.0662460 0.0453642 0.0732024 0.1017451 0.0870293 0.0341087 0.0889847 0.0778552 0.0470048 0.0454024 0.0570323 0.0889501 0.0543731 0.0737653 0.0610460 0.1154940 0.0866689 0.0735652 0.0956966 0.0711430 0.0738378 0.0841770 0.0712989 0.0698548 0.0830597 0.0754864 0.0920654 0.0586847 0.0482644 0.0584281 0.0670160 0.0735447 0.0756470 0.0685531 0.0730304 0.1138189 0.0823577 0.1232264 0.0876926 0.0519852 0.0777355 0.0821327 0.0933487 0.1016406 0.0715431 0.1185130 0.0733361 0.0570051 0.0927149 0.0818595 0.0610545 0.1254743 0.0714051 0.0823823 0.0570168 0.0305553 0.0588058 0.0629870 0.0714766 0.0534734 0.0478731 0.0883104 0.0712198 0.1000563 0.0736569 0.0905080 0.0588813 0.0585841 0.0735417 0.0761840 0.0904231 0.0770192 0.0780808 0.0381941 0.0550055 0.0547945 0.0326820 0.0716279 0.0755993 0.0498978 0.0926271 0.0667225 0.0717552 0.0632589 0.0566592 0.0930351 0.0429969 0.0807662 0.0533241 0.0000010 0.0859988 0.0647075 0.0565508 0.0610459 0.0793495 0.0546513 0.0926990 0.0691198 0.0568218 0.0996565 0.0571699 
S0292         0.1421945 0.0578843 0.0506171 0.0645034 0.0605033 0.0619722 0.0601110 0.0593973 0.0000000 0.0648246 0.0926887 0.0640696 0.0489122 0.0480268 0.0589074 0.0701218 0.0557756 0.0388470 0.0540793 0.0538951 0.0445155 0.0580464 0.0692587 0.0570170 0.0422529 0.0562297 0.0442069 0.0574117 0.0273550 0.0528192 0.0534990 0.0538041 0.0844771 0.0764919 0.0597347 0.0823926 0.0643187 0.0695045 0.0535459 0.0659475 0.0746309 0.0394416 0.0484420 0.0495995 0.0850196 0.0764884 0.0540237 0.0703504 0.0499439 0.0462439 0.0682511 0.0459415 0.0481631 0.0632575 0.0501603 0.0697859 0.0637746 0.0546665 0.0273066 0.0403802 0.0578972 0.0622874 0.0475764 0.0498483 0.0966099 0.0519669 0.0933714 0.0719162 0.0414149 0.0582586 0.0681736 0.0768656 0.0759107 0.0460919 0.0897967 0.0617157 0.0386423 0.0681789 0.0751472 0.0367212 0.0963193 0.0580825 0.0739241 0.0347813 0.0578228 0.0639095 0.0682463 0.0582575 0.0619683 0.0776037 0.0680561 0.0555151 0.0843903 0.0621822 0.0681826 0.0327596 0.0227172 0.0601471 0.0624944 0.0675684 0.0348096 0.0618096 0.0519858 0.0186150 0.0168244 0.0684494 0.0612659 0.0460926 0.0671092 0.0576155 0.0701079 0.0583659 0.0386935 0.0327505 0.0660178 0.0718734 0.0703644 0.0676516 0.0000010 0.0658870 0.0400092 0.0307462 0.0642857 0.0576500 0.0237914 0.0782423 0.0477649 0.0328412 0.0807181 0.0294130 
S0293         0.1253921 0.0607130 0.0712983 0.0832025 0.0694806 0.0169677 0.0753775 0.0821692 0.0648246 0.0000000 0.0955689 0.0832408 0.0675175 0.0637434 0.0743459 0.0750017 0.0851222 0.0710811 0.1089102 0.0662350 0.0436068 0.0150423 0.0312524 0.0713306 0.0214873 0.0819371 0.0637944 0.0517246 0.0391864 0.0649367 0.0805185 0.0657489 0.0820096 0.0878096 0.0850559 0.0651581 0.0249195 0.0971200 0.0782778 0.0884822 0.0730796 0.0106270 0.0714598 0.0627685 0.1003253 0.0662006 0.0707875 0.0588513 0.0687478 0.0685895 0.0268675 0.0657913 0.0616777 0.0822952 0.0734272 0.0775470 0.0855775 0.0735646 0.0613933 0.0569033 0.0779183 0.0861550 0.0795753 0.0659514 0.0690698 0.0832490 0.1077007 0.0896612 0.0413340 0.0662531 0.0928231 0.0961571 0.0926152 0.0635810 0.1008257 0.0822630 0.0716658 0.0854504 0.0575964 0.0782147 0.1110427 0.0131302 0.0652565 0.0619164 0.0829478 0.0857881 0.0911453 0.0686528 0.0837385 0.1010863 0.0753947 0.0654851 0.0710705 0.0228867 0.0709573 0.0593642 0.0545172 0.0170076 0.0210178 0.0486751 0.0811210 0.0541974 0.0736857 0.0619616 0.0594784 0.0855901 0.0508213 0.0660675 0.0785553 0.0877011 0.0903039 0.0151280 0.0812606 0.0661651 0.0521032 0.0924605 0.0657485 0.0861903 0.0000010 0.0655790 0.0685668 0.0660248 0.0911475 0.0706010 0.0592063 0.0978731 0.0732227 0.0663877 0.0805759 0.0552347 
S0294         0.1812360 0.0869559 0.1044404 0.1115083 0.1094901 0.0891036 0.1058379 0.1170874 0.0926887 0.0955689 0.0000000 0.1118263 0.0892804 0.0881622 0.0986878 0.1107633 0.1064553 0.0934633 0.1136500 0.0968113 0.0740160 0.0829538 0.0950887 0.1119375 0.0858546 0.0996674 0.0942060 0.0747509 0.0796637 0.0981712 0.1013986 0.1100564 0.0851204 0.1141270 0.1022559 0.0909494 0.0874982 0.1131994 0.1015018 0.1112069 0.0877504 0.0829296 0.0955677 0.0891573 0.1317298 0.0953730 0.1012953 0.0849757 0.1018376 0.0967228 0.1003012 0.0918469 0.1037155 0.1207473 0.0973123 0.1101750 0.1084084 0.0992061 0.0959467 0.0770906 0.1143787 0.1159641 0.1010017 0.0930690 0.0634336 0.1035538 0.1325910 0.1208473 0.0577649 0.0977594 0.1180767 0.1212575 0.1226468 0.0984310 0.1372971 0.1097097 0.0925997 0.1042132 0.0798384 0.1059510 0.1397341 0.0830069 0.0823758 0.0903672 0.1045423 0.1086485 0.1137212 0.1063201 0.1115943 0.1289970 0.1019204 0.0970761 0.1312001 0.0852263 0.1086420 0.0915981 0.0913394 0.0831888 0.0817672 0.0784115 0.1083571 0.0722755 0.0911704 0.0952975 0.0949035 0.1140791 0.0717119 0.1006343 0.1236942 0.1098152 0.1178815 0.0834157 0.1079167 0.0894050 0.0805205 0.1205826 0.0808716 0.1178195 0.0000010 0.0828327 0.1024264 0.0975565 0.1113971 0.1104565 0.0917783 0.1128012 0.1011672 0.0855790 0.1003543 0.0886372 
S0299         0.1494559 0.0828882 0.0779958 0.0383151 0.0754438 0.0824006 0.0804610 0.0270143 0.0640696 0.0832408 0.1118263 0.0000000 0.0714453 0.0700709 0.0240302 0.0779838 0.0380610 0.0583497 0.0622387 0.0702387 0.0443124 0.0742293 0.0905127 0.0424051 0.0484972 0.0302735 0.0683700 0.0640319 0.0188844 0.0670615 0.0458806 0.0680301 0.1074856 0.0903123 0.0344871 0.0965630 0.0808557 0.0435240 0.0459203 0.0573725 0.0879534 0.0456528 0.0726393 0.0617813 0.1058132 0.0898464 0.0724401 0.0968634 0.0679514 0.0727109 0.0872953 0.0701570 0.0727161 0.0778960 0.0743808 0.0954019 0.0632309 0.0449255 0.0591055 0.0658428 0.0724198 0.0745398 0.0693641 0.0698489 0.1039952 0.0855347 0.1179414 0.0860814 0.0467341 0.0745153 0.0727411 0.0837081 0.0963760 0.0704001 0.1155820 0.0742950 0.0615891 0.0917585 0.0807817 0.0657432 0.1225842 0.0742774 0.0855607 0.0576823 0.0308923 0.0633627 0.0676563 0.0744218 0.0540968 0.0519306 0.0873147 0.0721606 0.1036007 0.0765773 0.0895321 0.0595690 0.0612835 0.0764564 0.0791677 0.0850201 0.0755500 0.0769894 0.0386265 0.0595377 0.0593048 0.0328427 0.0723077 0.0744924 0.0505014 0.0916708 0.0714607 0.0746456 0.0738562 0.0573165 0.0920786 0.0395562 0.0839305 0.0538957 0.0000010 0.0849841 0.0674010 0.0610894 0.0574739 0.0782797 0.0552822 0.0959751 0.0699451 0.0574825 0.0987619 0.0578395 
S0303         0.1575468 0.0543778 0.0691761 0.0714185 0.0739287 0.0582016 0.0117604 0.0685142 0.0489122 0.0675175 0.0892804 0.0714453 0.0000000 0.0312895 0.0699300 0.0204132 0.0728135 0.0532310 0.0472949 0.0066334 0.0403673 0.0523900 0.0674451 0.0618802 0.0434786 0.0590366 0.0562686 0.0518746 0.0375261 0.0067172 0.0621809 0.0639525 0.0809868 0.0566640 0.0685200 0.0704986 0.0585638 0.0810998 0.0663766 0.0751174 0.0644442 0.0436327 0.0586508 0.0068349 0.0917814 0.0748523 0.0066475 0.0628860 0.0625042 0.0647343 0.0646388 0.0622778 0.0647306 0.0617737 0.0603884 0.0499810 0.0726865 0.0657920 0.0479785 0.0222065 0.0682112 0.0735423 0.0639371 0.0643662 0.0788648 0.0753657 0.0986062 0.0871614 0.0586998 0.0409040 0.0730615 0.0841629 0.0851151 0.0624818 0.0966889 0.0642362 0.0546348 0.0463409 0.0650394 0.0602117 0.1031777 0.0524223 0.0642289 0.0519586 0.0709560 0.0728425 0.0772022 0.0100734 0.0732593 0.0830372 0.0522255 0.0068076 0.0335808 0.0564631 0.0483547 0.0483474 0.0537325 0.0544558 0.0568649 0.0579053 0.0663281 0.0544586 0.0648228 0.0546462 0.0544297 0.0738880 0.0516088 0.0624908 0.0884822 0.0772134 0.0813135 0.0526777 0.0562499 0.0423560 0.0585843 0.0795145 0.0626420 0.0787076 0.0000010 0.0621401 0.0541201 0.0519769 0.0732817 0.0703044 0.0423747 0.0852786 0.0602761 0.0443437 0.0732805 0.0505683 
S0308         0.1495155 0.0456940 0.0593417 0.0705655 0.0725080 0.0551571 0.0381659 0.0712108 0.0480268 0.0637434 0.0881622 0.0700709 0.0312895 0.0000000 0.0604085 0.0418656 0.0655321 0.0465087 0.0499431 0.0254468 0.0418954 0.0476144 0.0621291 0.0633307 0.0389998 0.0603079 0.0498969 0.0472535 0.0333619 0.0294020 0.0573719 0.0592952 0.0698699 0.0457949 0.0656556 0.0653949 0.0535789 0.0755540 0.0593392 0.0674759 0.0575649 0.0362185 0.0539278 0.0244325 0.0887420 0.0761341 0.0325993 0.0557985 0.0595512 0.0539271 0.0594644 0.0516393 0.0539325 0.0648516 0.0556393 0.0435427 0.0651694 0.0586355 0.0398949 0.0166744 0.0634429 0.0702095 0.0550870 0.0536511 0.0865767 0.0619456 0.0932124 0.0754750 0.0411081 0.0292076 0.0677312 0.0784696 0.0800329 0.0518104 0.0935552 0.0552426 0.0460586 0.0400472 0.0623418 0.0496914 0.1001002 0.0476431 0.0612816 0.0458301 0.0637189 0.0653055 0.0696278 0.0327776 0.0659015 0.0860176 0.0380073 0.0316071 0.0601652 0.0515515 0.0382480 0.0420485 0.0372530 0.0496085 0.0519099 0.0488688 0.0575294 0.0496546 0.0535590 0.0365172 0.0400446 0.0745631 0.0409433 0.0518109 0.0850553 0.0677323 0.0734439 0.0478696 0.0556538 0.0399787 0.0498147 0.0714281 0.0558040 0.0736875 0.0000010 0.0573573 0.0494981 0.0436038 0.0656876 0.0633031 0.0362695 0.0819719 0.0534179 0.0400907 0.0699235 0.0421714 
S0320         0.1665548 0.0775971 0.0675433 0.0389760 0.0742206 0.0769693 0.0792931 0.0309471 0.0589074 0.0743459 0.0986878 0.0240302 0.0699300 0.0604085 0.0000000 0.0768027 0.0349237 0.0511600 0.0521782 0.0689939 0.0426397 0.0708064 0.0824677 0.0380516 0.0435673 0.0269676 0.0609638 0.0626525 0.0195028 0.0678563 0.0427555 0.0627943 0.0969105 0.0849541 0.0313272 0.0864318 0.0774155 0.0424183 0.0427921 0.0539280 0.0802970 0.0406691 0.0673579 0.0584336 0.0998354 0.0801160 0.0753524 0.0891088 0.0629241 0.0631921 0.0776387 0.0627591 0.0652359 0.0808784 0.0691159 0.0901094 0.0556024 0.0417601 0.0541346 0.0606246 0.0671519 0.0715211 0.0643795 0.0648326 0.0830264 0.0802086 0.1091881 0.0790333 0.0524639 0.0673456 0.0695174 0.0847882 0.0882032 0.0629663 0.1049505 0.0710509 0.0565800 0.0907582 0.0730735 0.0627072 0.1118283 0.0708519 0.0800277 0.0525890 0.0277137 0.0557175 0.0599045 0.0732069 0.0509833 0.0470855 0.0820067 0.0729840 0.1025970 0.0731423 0.0842171 0.0544485 0.0580243 0.0689831 0.0757119 0.0815641 0.0688969 0.0694644 0.0314764 0.0545338 0.0543187 0.0332885 0.0644045 0.0670301 0.0472783 0.0863520 0.0636667 0.0712063 0.0669400 0.0504149 0.0843983 0.0363348 0.0762882 0.0547025 0.0000010 0.0774210 0.0624099 0.0561181 0.0541028 0.0730214 0.0503035 0.0842832 0.0627231 0.0524839 0.0930204 0.0527021 
S0322         0.1644646 0.0694057 0.0845032 0.0804751 0.0855312 0.0690665 0.0217236 0.0749917 0.0701218 0.0750017 0.1107633 0.0779838 0.0204132 0.0418656 0.0768027 0.0000000 0.0818997 0.0600983 0.0623152 0.0148975 0.0584683 0.0612463 0.0765721 0.0695747 0.0513706 0.0662400 0.0697846 0.0655281 0.0454750 0.0167817 0.0757730 0.0713466 0.0913138 0.0618745 0.0754641 0.0864565 0.0675129 0.0923376 0.0758448 0.0842998 0.0761467 0.0515507 0.0699123 0.0117874 0.1084906 0.0868230 0.0200433 0.0784897 0.0659101 0.0765462 0.0736466 0.0759832 0.0786073 0.0755250 0.0716373 0.0610711 0.0818083 0.0754436 0.0630681 0.0380762 0.0756748 0.0811833 0.0709592 0.0700057 0.1038486 0.0872856 0.1136833 0.0945771 0.0641893 0.0555593 0.0807019 0.0919763 0.1019444 0.0762469 0.1136455 0.0694423 0.0699825 0.0653516 0.0814476 0.0733592 0.1204787 0.0612841 0.0800153 0.0673938 0.0779410 0.0819832 0.0865902 0.0166188 0.0828980 0.0947206 0.0612978 0.0169918 0.0400274 0.0653771 0.0555837 0.0635233 0.0650602 0.0633470 0.0658416 0.0713902 0.0822765 0.0677255 0.0743287 0.0655739 0.0653146 0.0809552 0.0630514 0.0782631 0.0958711 0.0891370 0.0905400 0.0596316 0.0712885 0.0632058 0.0739890 0.0859916 0.0743495 0.0883612 0.0000010 0.0758618 0.0694844 0.0650325 0.0824767 0.0754475 0.0572936 0.1055519 0.0696924 0.0595176 0.0937468 0.0637830 
S0327         0.1511205 0.0700546 0.0662505 0.0438487 0.0727985 0.0816758 0.0817586 0.0376405 0.0557756 0.0851222 0.1064553 0.0380610 0.0728135 0.0655321 0.0349237 0.0818997 0.0000000 0.0521390 0.0534014 0.0696290 0.0495384 0.0735828 0.0854187 0.0395926 0.0577180 0.0300793 0.0599389 0.0678148 0.0188854 0.0705008 0.0381904 0.0597016 0.1000599 0.0833388 0.0271484 0.0848728 0.0780289 0.0324312 0.0382218 0.0595265 0.0764241 0.0548455 0.0620927 0.0615159 0.1028250 0.0870536 0.0778756 0.0875474 0.0596982 0.0641340 0.0865176 0.0578301 0.0641394 0.0753702 0.0638197 0.0862536 0.0573022 0.0371869 0.0492192 0.0613931 0.0599771 0.0659376 0.0610857 0.0596189 0.1032133 0.0745308 0.1100972 0.0814523 0.0582149 0.0679844 0.0702896 0.0874874 0.0913027 0.0619140 0.1079269 0.0697400 0.0515458 0.0868608 0.0781358 0.0536254 0.1147647 0.0736295 0.0742903 0.0515568 0.0271557 0.0574207 0.0616184 0.0735528 0.0442451 0.0462511 0.0804657 0.0735374 0.1033007 0.0698320 0.0804944 0.0458635 0.0508446 0.0757867 0.0763541 0.0758196 0.0713675 0.0744394 0.0347169 0.0495727 0.0493823 0.0401210 0.0635612 0.0658958 0.0462420 0.0764311 0.0634315 0.0739917 0.0634917 0.0474617 0.0829324 0.0434896 0.0767139 0.0459787 0.0000010 0.0781261 0.0571966 0.0436804 0.0558144 0.0696898 0.0455067 0.0785463 0.0635305 0.0475963 0.0872499 0.0404525 
S0335         0.1753121 0.0526021 0.0556819 0.0585834 0.0605409 0.0620468 0.0582241 0.0556972 0.0388470 0.0710811 0.0934633 0.0583497 0.0532310 0.0465087 0.0511600 0.0600983 0.0521390 0.0000000 0.0318192 0.0523961 0.0418168 0.0542528 0.0671541 0.0631671 0.0479735 0.0482860 0.0504205 0.0557792 0.0389502 0.0530526 0.0480245 0.0484403 0.0810088 0.0688969 0.0502400 0.0747906 0.0604568 0.0599447 0.0464225 0.0607591 0.0670775 0.0451598 0.0505897 0.0458240 0.0948033 0.0728343 0.0603329 0.0628627 0.0525236 0.0544981 0.0643943 0.0521811 0.0545036 0.0598057 0.0523164 0.0661123 0.0584794 0.0454193 0.0404165 0.0386635 0.0524892 0.0610209 0.0480503 0.0466490 0.0798321 0.0583236 0.0971695 0.0743334 0.0582935 0.0506532 0.0562912 0.0690436 0.0855273 0.0504068 0.0998040 0.0543172 0.0428677 0.0708022 0.0656476 0.0464216 0.1065625 0.0542864 0.0664284 0.0445565 0.0502521 0.0586029 0.0609268 0.0563741 0.0547023 0.0712065 0.0584241 0.0537196 0.0779500 0.0583450 0.0604962 0.0330339 0.0378671 0.0563294 0.0587608 0.0639849 0.0543709 0.0563892 0.0486674 0.0350701 0.0349368 0.0563982 0.0535574 0.0542871 0.0720655 0.0581881 0.0645438 0.0545502 0.0525084 0.0386584 0.0586045 0.0660794 0.0605210 0.0643602 0.0000010 0.0624444 0.0442020 0.0186077 0.0589487 0.0561055 0.0367415 0.0766355 0.0483525 0.0387678 0.0627361 0.0389980 
S0345         0.0000010 0.0708364 0.0504412 0.0467649 0.0625428 0.0870445 0.0577253 0.0574506 0.0540793 0.1089102 0.1136500 0.0622387 0.0472949 0.0499431 0.0521782 0.0623152 0.0534014 0.0318192 0.0000000 0.0500773 0.0627155 0.0747586 0.0850972 0.0670986 0.0634104 0.0462152 0.0426036 0.0654839 0.0380943 0.0502566 0.0496110 0.0576402 0.0919257 0.0829407 0.0459393 0.0784151 0.0788189 0.0576937 0.0419056 0.0742589 0.0707519 0.0704698 0.0425987 0.0515140 0.0912789 0.0754158 0.0619015 0.0836309 0.0503519 0.0502696 0.0918722 0.0463591 0.0507684 0.0459959 0.0424754 0.0699789 0.0695734 0.0518962 0.0346330 0.0538017 0.0579093 0.0498860 0.0381958 0.0541525 0.1104900 0.0503706 0.0816809 0.0869958 0.1392021 0.0576783 0.0582379 0.0665253 0.0879462 0.0463904 0.0966062 0.0539209 0.0311023 0.0702716 0.0836066 0.0383753 0.0963029 0.0789532 0.0909884 0.0313041 0.0420139 0.0698683 0.0698683 0.0622786 0.0662728 0.0771358 0.0701855 0.0641373 0.1123096 0.0747436 0.0706481 0.0203632 0.0357274 0.0747586 0.0755310 0.0884550 0.0572607 0.0785987 0.0460802 0.0347606 0.0382499 0.0548895 0.0675829 0.0425798 0.0843789 0.0542088 0.0825211 0.0747586 0.0382156 0.0273205 0.0789113 0.0580435 0.0743004 0.0572161 0.0000010 0.0783920 0.0236851 0.0307160 0.0741671 0.0576573 0.0310294 0.0777470 0.0422021 0.0203106 0.0837539 0.0346564 
S0355         0.1567137 0.0514699 0.0681694 0.0682378 0.0726835 0.0572618 0.0115253 0.0673740 0.0538951 0.0662350 0.0968113 0.0702387 0.0066334 0.0254468 0.0689939 0.0148975 0.0696290 0.0523961 0.0500773 0.0000000 0.0501786 0.0496582 0.0643319 0.0632970 0.0453317 0.0580476 0.0555357 0.0472641 0.0395004 0.0049348 0.0632896 0.0609935 0.0822114 0.0498639 0.0654385 0.0715592 0.0556831 0.0797661 0.0633470 0.0738975 0.0635937 0.0454887 0.0575673 0.0016621 0.0904736 0.0738445 0.0065161 0.0598956 0.0575682 0.0638762 0.0616211 0.0614599 0.0638816 0.0630931 0.0592748 0.0492439 0.0715145 0.0627153 0.0455393 0.0218841 0.0651491 0.0703123 0.0610169 0.0596059 0.0983126 0.0721504 0.0971599 0.0859015 0.0584455 0.0383257 0.0699047 0.0807413 0.0838874 0.0616670 0.0952974 0.0591349 0.0518846 0.0476341 0.0685361 0.0552471 0.1018445 0.0496882 0.0673581 0.0495617 0.0678049 0.0716657 0.0761074 0.0065497 0.0700247 0.0818857 0.0475507 0.0049956 0.0310819 0.0536343 0.0438884 0.0477700 0.0511153 0.0516732 0.0540093 0.0528983 0.0635732 0.0555226 0.0618075 0.0518955 0.0516935 0.0706368 0.0509308 0.0616673 0.0847510 0.0739671 0.0799845 0.0499256 0.0532908 0.0456353 0.0557022 0.0781643 0.0618216 0.0754038 0.0000010 0.0633617 0.0534703 0.0493154 0.0720908 0.0669690 0.0400294 0.0882957 0.0593442 0.0457647 0.0742984 0.0479112 
S0376         0.1401842 0.0469033 0.0441866 0.0445417 0.0552632 0.0463458 0.0612290 0.0491720 0.0445155 0.0436068 0.0740160 0.0443124 0.0403673 0.0418954 0.0426397 0.0584683 0.0495384 0.0418168 0.0627155 0.0501786 0.0000000 0.0336317 0.0446404 0.0434441 0.0329312 0.0416844 0.0360431 0.0244776 0.0302154 0.0560280 0.0466671 0.0575558 0.0602733 0.0633298 0.0468232 0.0522179 0.0363049 0.0627426 0.0466608 0.0577306 0.0577927 0.0301894 0.0393906 0.0505557 0.0897785 0.0608087 0.0557342 0.0467634 0.0474288 0.0359547 0.0492698 0.0384089 0.0412620 0.0394130 0.0417668 0.0578433 0.0575641 0.0483966 0.0414755 0.0392985 0.0635751 0.0643093 0.0468177 0.0497828 0.0691831 0.0494362 0.0862301 0.0654442 0.0257010 0.0449481 0.0640156 0.0696591 0.0764792 0.0411031 0.0898634 0.0581441 0.0417245 0.0500180 0.0368632 0.0416465 0.0900573 0.0361722 0.0494891 0.0339594 0.0415860 0.0577302 0.0606802 0.0559695 0.0495490 0.0614555 0.0469465 0.0541159 0.0610881 0.0363008 0.0528512 0.0341540 0.0297051 0.0336317 0.0418078 0.0455437 0.0518648 0.0388897 0.0473611 0.0363331 0.0387494 0.0556063 0.0344962 0.0333947 0.0507139 0.0547193 0.0602343 0.0363058 0.0501725 0.0363756 0.0466190 0.0577189 0.0392523 0.0522830 0.0000010 0.0439344 0.0469830 0.0338860 0.0579038 0.0577340 0.0389231 0.0716280 0.0521709 0.0339791 0.0414876 0.0368454 
S0400         0.1328787 0.0451600 0.0634588 0.0679029 0.0604009 0.0097798 0.0592334 0.0674161 0.0580464 0.0150423 0.0829538 0.0742293 0.0523900 0.0476144 0.0708064 0.0612463 0.0735828 0.0542528 0.0747586 0.0496582 0.0336317 0.0000000 0.0184663 0.0727606 0.0159191 0.0706595 0.0555271 0.0390615 0.0331652 0.0502692 0.0696269 0.0610878 0.0690321 0.0763432 0.0737239 0.0547378 0.0115032 0.0838063 0.0696916 0.0747486 0.0551136 0.0052488 0.0599071 0.0491514 0.0906284 0.0594697 0.0574176 0.0492012 0.0636485 0.0596261 0.0165596 0.0572733 0.0558037 0.0670292 0.0616266 0.0613127 0.0723320 0.0691744 0.0473790 0.0437394 0.0652509 0.0680666 0.0649256 0.0612332 0.0747664 0.0721412 0.0973313 0.0794315 0.0301357 0.0577482 0.0780586 0.0828427 0.0840325 0.0593822 0.0933289 0.0650532 0.0560003 0.0675754 0.0479050 0.0637122 0.1019518 0.0032342 0.0545465 0.0498832 0.0717524 0.0724866 0.0769896 0.0535463 0.0765746 0.0851911 0.0635403 0.0548379 0.0789914 0.0098172 0.0558032 0.0498583 0.0510430 0.0048697 0.0098794 0.0482800 0.0718146 0.0432956 0.0681606 0.0518237 0.0516221 0.0787965 0.0405195 0.0574646 0.0918279 0.0780593 0.0809160 0.0032485 0.0639684 0.0496124 0.0452747 0.0821340 0.0492054 0.0784480 0.0000010 0.0489645 0.0536320 0.0514035 0.0810964 0.0634619 0.0436794 0.0863783 0.0593354 0.0497547 0.0633707 0.0479031 
S0405         0.1502257 0.0593595 0.0711991 0.0791478 0.0738340 0.0254018 0.0744316 0.0873020 0.0692587 0.0312524 0.0950887 0.0905127 0.0674451 0.0621291 0.0824677 0.0765721 0.0854187 0.0671541 0.0850972 0.0643319 0.0446404 0.0184663 0.0000000 0.0801928 0.0273518 0.0851064 0.0645171 0.0471734 0.0425737 0.0651520 0.0813114 0.0743478 0.0805630 0.0927579 0.0876775 0.0612734 0.0201803 0.0982392 0.0771974 0.0863131 0.0679558 0.0189951 0.0691482 0.0642096 0.0961532 0.0726150 0.0725470 0.0637167 0.0751137 0.0647551 0.0327032 0.0663043 0.0668140 0.0785542 0.0668820 0.0787774 0.0837451 0.0810914 0.0598682 0.0579998 0.0747012 0.0818994 0.0722312 0.0725054 0.0864411 0.0819247 0.1053923 0.0914988 0.0413700 0.0729798 0.0899607 0.0950440 0.0895011 0.0685254 0.0989525 0.0785270 0.0667630 0.0855001 0.0605489 0.0751898 0.1077902 0.0184766 0.0692680 0.0626560 0.0856136 0.0839284 0.0886685 0.0684556 0.0887155 0.0972617 0.0790739 0.0701661 0.0912801 0.0184167 0.0730240 0.0626226 0.0640220 0.0202354 0.0185359 0.0608674 0.0832008 0.0573891 0.0819217 0.0647014 0.0644416 0.0954321 0.0547662 0.0665333 0.1026052 0.0880626 0.0927193 0.0185604 0.0796239 0.0623047 0.0595164 0.0989004 0.0637237 0.0927662 0.0000010 0.0594562 0.0665778 0.0641592 0.0935034 0.0769307 0.0559915 0.1031882 0.0725485 0.0624898 0.0682597 0.0585859 
S0407sl       0.1566351 0.0730453 0.0626113 0.0540708 0.0515670 0.0820139 0.0756579 0.0476906 0.0570170 0.0713306 0.1119375 0.0424051 0.0618802 0.0633307 0.0380516 0.0695747 0.0395926 0.0631671 0.0670986 0.0632970 0.0434441 0.0727606 0.0801928 0.0000000 0.0511242 0.0396293 0.0597984 0.0626800 0.0244247 0.0699280 0.0366662 0.0599222 0.0993042 0.0787348 0.0395428 0.0994465 0.0730381 0.0564532 0.0366271 0.0509002 0.0930912 0.0513026 0.0574901 0.0604710 0.1060830 0.0860803 0.0662785 0.0827014 0.0514334 0.0596313 0.0792713 0.0624393 0.0597562 0.0604818 0.0600866 0.0811556 0.0507434 0.0367683 0.0534810 0.0603565 0.0757472 0.0669567 0.0595226 0.0569092 0.1080127 0.0657780 0.1015574 0.0813468 0.0536068 0.0667486 0.0825238 0.0889405 0.0912467 0.0566489 0.1061947 0.0696896 0.0537916 0.0727519 0.0741204 0.0479665 0.1064501 0.0727606 0.0799258 0.0509252 0.0340005 0.0509003 0.0539959 0.0698490 0.0427126 0.0736465 0.0749878 0.0619929 0.0724191 0.0730272 0.0753992 0.0481168 0.0467909 0.0727606 0.0766301 0.0685738 0.0650292 0.0700483 0.0372324 0.0504439 0.0504227 0.0545925 0.0719276 0.0624791 0.0126124 0.0686901 0.0507434 0.0762111 0.0540628 0.0534721 0.0792928 0.0568796 0.0771886 0.0393496 0.0000010 0.0759572 0.0566082 0.0450399 0.0510623 0.0781811 0.0506669 0.0816419 0.0659240 0.0508514 0.0889113 0.0482335 
S0412sl       0.1266289 0.0384423 0.0417232 0.0518845 0.0512552 0.0241306 0.0577419 0.0572209 0.0422529 0.0214873 0.0858546 0.0484972 0.0434786 0.0389998 0.0435673 0.0513706 0.0577180 0.0479735 0.0634104 0.0453317 0.0329312 0.0159191 0.0273518 0.0511242 0.0000000 0.0484933 0.0358360 0.0371111 0.0390044 0.0457921 0.0512782 0.0481331 0.0637895 0.0572717 0.0545117 0.0505267 0.0187269 0.0732426 0.0512186 0.0580435 0.0578609 0.0187173 0.0424977 0.0453317 0.0943344 0.0483550 0.0483405 0.0355903 0.0426329 0.0357351 0.0242244 0.0385491 0.0386888 0.0514433 0.0452230 0.0477016 0.0580435 0.0514341 0.0389400 0.0360772 0.0579303 0.0520075 0.0507893 0.0453288 0.0959293 0.0479924 0.0861203 0.0664506 0.0318944 0.0422146 0.0614581 0.0678920 0.0790153 0.0356737 0.0944371 0.0542725 0.0455106 0.0541686 0.0301236 0.0479959 0.0946727 0.0159191 0.0415444 0.0246935 0.0483597 0.0582385 0.0616675 0.0518038 0.0547422 0.0752755 0.0446830 0.0465095 0.0545131 0.0187248 0.0419909 0.0362725 0.0253632 0.0159191 0.0215475 0.0337569 0.0477958 0.0270190 0.0521403 0.0358880 0.0358724 0.0650024 0.0304037 0.0299799 0.0511242 0.0509502 0.0580435 0.0187282 0.0518835 0.0418644 0.0326298 0.0673870 0.0330608 0.0547175 0.0000010 0.0538470 0.0510808 0.0360922 0.0647237 0.0482772 0.0331670 0.0699862 0.0511161 0.0391132 0.0637816 0.0422202 
S0417         0.1680212 0.0707021 0.0668656 0.0380112 0.0760264 0.0790390 0.0660125 0.0299304 0.0562297 0.0819371 0.0996674 0.0302735 0.0590366 0.0603079 0.0269676 0.0662400 0.0300793 0.0482860 0.0462152 0.0580476 0.0416844 0.0706595 0.0851064 0.0396293 0.0484933 0.0000000 0.0582071 0.0624281 0.0161320 0.0566118 0.0302286 0.0619687 0.0933266 0.0803541 0.0264504 0.0842808 0.0774337 0.0377632 0.0360622 0.0561340 0.0803893 0.0456487 0.0625941 0.0514877 0.1002263 0.0754617 0.0663426 0.0773265 0.0579005 0.0602654 0.0816235 0.0600347 0.0649581 0.0724025 0.0643861 0.0859151 0.0578717 0.0349442 0.0474546 0.0580671 0.0618963 0.0603272 0.0574781 0.0598240 0.1034610 0.0732643 0.1022546 0.0808995 0.0528154 0.0626109 0.0755532 0.0892629 0.0881117 0.0582364 0.1054704 0.0621387 0.0518200 0.0865452 0.0680296 0.0537960 0.1125211 0.0707060 0.0712189 0.0459259 0.0228127 0.0579965 0.0623809 0.0642148 0.0442069 0.0443030 0.0774190 0.0613993 0.0841676 0.0730529 0.0799187 0.0459031 0.0510613 0.0706595 0.0756868 0.0701344 0.0701536 0.0647509 0.0268195 0.0476367 0.0474473 0.0266134 0.0600596 0.0643530 0.0442172 0.0751566 0.0663048 0.0710677 0.0620057 0.0455174 0.0798082 0.0395705 0.0716007 0.0458521 0.0000010 0.0774392 0.0577057 0.0494443 0.0563236 0.0706652 0.0455316 0.0771484 0.0622201 0.0437260 0.0909941 0.0480105 
S0419         0.1618524 0.0674968 0.0089682 0.0749923 0.0386327 0.0632568 0.0675234 0.0695304 0.0442069 0.0637944 0.0942060 0.0683700 0.0562686 0.0498969 0.0609638 0.0697846 0.0599389 0.0504205 0.0426036 0.0555357 0.0360431 0.0555271 0.0645171 0.0597984 0.0358360 0.0582071 0.0000000 0.0555833 0.0331113 0.0562804 0.0576033 0.0494254 0.0778016 0.0785088 0.0597136 0.0798664 0.0616871 0.0738690 0.0537746 0.0764643 0.0641034 0.0330827 0.0312506 0.0512754 0.0903023 0.0679710 0.0634399 0.0655988 0.0540245 0.0098893 0.0677367 0.0048784 0.0116112 0.0629446 0.0329398 0.0757979 0.0740394 0.0569173 0.0419212 0.0497512 0.0534165 0.0638567 0.0532441 0.0517237 0.0687628 0.0273511 0.0969703 0.0688897 0.0634057 0.0641724 0.0677621 0.0743810 0.0814215 0.0098948 0.0951150 0.0571835 0.0501060 0.0762161 0.0707864 0.0538214 0.1037418 0.0555611 0.0755514 0.0422047 0.0620236 0.0741972 0.0787070 0.0638085 0.0662468 0.0864887 0.0700287 0.0610088 0.0855354 0.0595899 0.0701311 0.0460095 0.0414503 0.0575897 0.0600103 0.0693530 0.0555855 0.0634475 0.0560972 0.0385553 0.0421129 0.0728548 0.0609446 0.0081945 0.0761412 0.0326334 0.0826282 0.0558282 0.0578809 0.0438881 0.0613773 0.0762829 0.0699431 0.0719975 0.0000010 0.0596077 0.0535712 0.0475628 0.0725997 0.0574930 0.0382615 0.0651918 0.0384029 0.0440124 0.0849023 0.0384765 
S0427         0.1701708 0.0467470 0.0675850 0.0593890 0.0686419 0.0446994 0.0614248 0.0654570 0.0574117 0.0517246 0.0747509 0.0640319 0.0518746 0.0472535 0.0626525 0.0655281 0.0678148 0.0557792 0.0654839 0.0472641 0.0244776 0.0390615 0.0471734 0.0626800 0.0371111 0.0624281 0.0555833 0.0000000 0.0345446 0.0499855 0.0633160 0.0697202 0.0690485 0.0788282 0.0638325 0.0524414 0.0449591 0.0737235 0.0611823 0.0787385 0.0590452 0.0342608 0.0659569 0.0488288 0.0917668 0.0607075 0.0551913 0.0449228 0.0699627 0.0618274 0.0525717 0.0554156 0.0638431 0.0695325 0.0677312 0.0673874 0.0804638 0.0605707 0.0508836 0.0451714 0.0741660 0.0770673 0.0593602 0.0616814 0.0666607 0.0743641 0.0982210 0.0797566 0.0477870 0.0616918 0.0768208 0.0838603 0.0849558 0.0575290 0.0967810 0.0716695 0.0514718 0.0679196 0.0416439 0.0594890 0.1035801 0.0390849 0.0465159 0.0493710 0.0638524 0.0806412 0.0853771 0.0555166 0.0680082 0.0662982 0.0676274 0.0506501 0.0841861 0.0429578 0.0637147 0.0510794 0.0531203 0.0410293 0.0394828 0.0520082 0.0657202 0.0370685 0.0555777 0.0556768 0.0555761 0.0685565 0.0340425 0.0595726 0.0767953 0.0783711 0.0894475 0.0355501 0.0617400 0.0492233 0.0409476 0.0782336 0.0448967 0.0760323 0.0000010 0.0487593 0.0609759 0.0546620 0.0769248 0.0614599 0.0470394 0.0874170 0.0675590 0.0493683 0.0410360 0.0495754 
S0428sl       0.1342555 0.0360508 0.0351663 0.0246124 0.0392741 0.0419067 0.0517551 0.0242764 0.0273550 0.0391864 0.0796637 0.0188844 0.0375261 0.0333619 0.0195028 0.0454750 0.0188854 0.0389502 0.0380943 0.0395004 0.0302154 0.0331652 0.0425737 0.0244247 0.0390044 0.0161320 0.0331113 0.0345446 0.0000000 0.0459110 0.0189306 0.0390240 0.0577935 0.0513758 0.0160967 0.0547330 0.0332886 0.0360231 0.0189098 0.0392403 0.0549528 0.0362226 0.0305699 0.0395004 0.0779271 0.0421110 0.0424770 0.0422513 0.0304200 0.0330182 0.0480057 0.0358312 0.0330875 0.0422577 0.0332728 0.0479274 0.0392403 0.0189848 0.0243175 0.0304652 0.0484634 0.0364046 0.0356253 0.0359980 0.0964863 0.0389653 0.0729207 0.0482319 0.0376351 0.0304294 0.0580744 0.0644304 0.0628392 0.0301175 0.0780105 0.0424189 0.0303763 0.0483761 0.0425522 0.0243847 0.0782026 0.0331652 0.0424718 0.0216634 0.0106434 0.0393677 0.0425264 0.0458563 0.0190768 0.0396394 0.0448933 0.0405230 0.0485750 0.0332843 0.0421888 0.0216803 0.0166705 0.0331652 0.0363162 0.0311390 0.0356137 0.0333459 0.0163539 0.0214567 0.0214479 0.0305886 0.0369798 0.0329515 0.0244247 0.0418595 0.0392403 0.0362409 0.0362876 0.0271109 0.0391589 0.0331109 0.0396928 0.0246859 0.0000010 0.0450325 0.0358226 0.0215756 0.0394985 0.0391384 0.0243247 0.0510471 0.0419935 0.0244220 0.0609569 0.0245240 
S0430         0.1670870 0.0521457 0.0691939 0.0711336 0.0757918 0.0579719 0.0116448 0.0662460 0.0528192 0.0649367 0.0981712 0.0670615 0.0067172 0.0294020 0.0678563 0.0167817 0.0705008 0.0530526 0.0502566 0.0049348 0.0560280 0.0502692 0.0651520 0.0699280 0.0457921 0.0566118 0.0562804 0.0499855 0.0459110 0.0000000 0.0619811 0.0600185 0.0877761 0.0545156 0.0662512 0.0725318 0.0563771 0.0807772 0.0663497 0.0751359 0.0686237 0.0520489 0.0604465 0.0050668 0.0941124 0.0748545 0.0066082 0.0607016 0.0585026 0.0647490 0.0623954 0.0622916 0.0669196 0.0660431 0.0621803 0.0518830 0.0727037 0.0657647 0.0481294 0.0257392 0.0642243 0.0692634 0.0659308 0.0586044 0.1113022 0.0731495 0.0988547 0.0870893 0.0650239 0.0426456 0.0731086 0.0799664 0.0874442 0.0625044 0.0990690 0.0618782 0.0546462 0.0521961 0.0672681 0.0580571 0.1032920 0.0503000 0.0682665 0.0484415 0.0686540 0.0728601 0.0773890 0.0066262 0.0732066 0.0850857 0.0501919 0.0067536 0.0313840 0.0542994 0.0464314 0.0484887 0.0517624 0.0523114 0.0546834 0.0536126 0.0665903 0.0562591 0.0647961 0.0525393 0.0523320 0.0715347 0.0516178 0.0625047 0.0858937 0.0749907 0.0813344 0.0505428 0.0560568 0.0482332 0.0564443 0.0771294 0.0626546 0.0786775 0.0000010 0.0640603 0.0542803 0.0500533 0.0732996 0.0640523 0.0425063 0.0895235 0.0622547 0.0483723 0.0773973 0.0505782 
