127
S0055      0.0000000 0.0897555 0.1021044 0.0935705 0.0669419 0.1085085 0.1014996 0.0872167 0.0913127 0.1040316 0.1078308 0.1121762 0.1324238 0.1141674 0.1036257 0.1029215 0.0933004 0.1141654 0.0983982 0.0666044 0.0770414 0.1022433 0.0967455 0.1055625 0.0838807 0.0921695 0.0984930 0.1031384 0.1015559 0.1005675 0.0890592 0.1390691 0.1142012 0.0697069 0.0717380 0.1104485 0.0994543 0.0919812 0.0763840 0.0730579 0.0885252 0.1278191 0.1417062 0.0830435 0.1231074 0.1038192 0.0655011 0.1006745 0.0863843 0.0642835 0.0852710 0.1074493 0.0839328 0.1038627 0.0910037 0.1110570 0.0874378 0.1123924 0.1033193 0.1030062 0.0948187 0.0960158 0.0931486 0.0927786 0.0924521 0.1532469 0.1246744 0.1586805 0.1367774 0.0996720 0.0955510 0.1598408 0.0806672 0.1582015 0.0914894 0.1010726 0.0938629 0.0572262 0.0976554 0.1374113 0.0656205 0.0667027 0.1050409 0.0998615 0.0906074 0.0922044 0.1020302 0.1036819 0.1079246 0.1188429 0.1092113 0.0675996 0.1044632 0.0884645 0.0701143 0.0681261 0.0484597 0.0999504 0.0479332 0.1023643 0.0999201 0.0820584 0.1079912 0.0611500 0.0909726 0.1042558 0.0977214 0.1020588 0.0596278 0.1016562 0.1067752 0.0664587 0.1120917 0.0679393 0.1137597 0.0560214 0.0666414 0.0985496 0.1075728 0.1064296 0.0829620 0.0793049 0.1196224 0.0844409 0.1071154 0.0793587 0.0818267 
S0196sl    0.0897555 0.0000000 0.0858549 0.0526875 0.0661297 0.0947916 0.0883987 0.0716471 0.0881352 0.1055616 0.0940785 0.0998741 0.1119626 0.0941906 0.0932513 0.0882381 0.0751914 0.1043415 0.0911650 0.0700437 0.0828390 0.0819078 0.1075476 0.0958182 0.0048893 0.1017614 0.0792176 0.0995100 0.0926036 0.0764666 0.1099210 0.1226572 0.0995591 0.0886895 0.0708915 0.0868602 0.0926875 0.0760939 0.0844190 0.0746543 0.0490262 0.1117080 0.1395963 0.1020571 0.1079253 0.1060682 0.0674725 0.0772303 0.0048876 0.0632076 0.0049016 0.0902586 0.0480253 0.0964904 0.0777070 0.1018974 0.0782231 0.0881815 0.0832052 0.0778217 0.0820585 0.0731766 0.0610772 0.1039814 0.0506877 0.1581290 0.1161710 0.1456466 0.1182135 0.0861464 0.0884611 0.1562956 0.0061557 0.1520135 0.0806134 0.0850166 0.0834453 0.0928701 0.0747610 0.1291045 0.0689977 0.0878394 0.0864668 0.0819073 0.0788516 0.0776363 0.0983548 0.0966909 0.0970398 0.1069866 0.0971705 0.0743848 0.0949643 0.0789232 0.0730626 0.0688098 0.0938780 0.0833522 0.0748900 0.0970248 0.0905990 0.0671396 0.0960703 0.0874212 0.0136764 0.0849654 0.0548255 0.0876505 0.0631845 0.0865301 0.0822762 0.0730468 0.0975938 0.0806625 0.1035653 0.0823317 0.0727802 0.0860580 0.0935230 0.0896456 0.0629003 0.0685899 0.1160375 0.0435789 0.0838127 0.0905868 0.0732385 
S0278      0.1021044 0.0858549 0.0000000 0.0902557 0.0771965 0.1127618 0.0314382 0.0799939 0.0956421 0.1173271 0.0347144 0.1184706 0.1267732 0.0431046 0.0418984 0.0979805 0.1000146 0.1134790 0.1067861 0.0767975 0.0877765 0.0373427 0.1120246 0.0325419 0.0803532 0.0995019 0.0473945 0.1089630 0.0465546 0.0918892 0.1141138 0.1423310 0.0415544 0.1052197 0.0786177 0.0302597 0.0415535 0.0452633 0.0829409 0.0866967 0.0926922 0.1281728 0.1421836 0.1117196 0.1219471 0.1185677 0.0795109 0.0934167 0.0828788 0.0743858 0.0831123 0.1016164 0.0919727 0.0517792 0.0454144 0.0561487 0.0917235 0.0302045 0.0951409 0.0928593 0.0953362 0.0872302 0.0871332 0.0878965 0.0994839 0.1494223 0.1168866 0.1483766 0.1310855 0.1083757 0.1092481 0.1681403 0.0809187 0.1648240 0.0564078 0.1055595 0.0953305 0.0977868 0.0969142 0.1433796 0.0743553 0.1014488 0.0971035 0.0291434 0.0451715 0.0441855 0.1097330 0.0475902 0.0337265 0.1158951 0.1100241 0.0780819 0.1013082 0.0863137 0.0841425 0.0797106 0.1055827 0.0927067 0.0910379 0.0565665 0.0912818 0.0734749 0.0381346 0.0998385 0.0900047 0.0392122 0.1049307 0.0521701 0.0707393 0.1008398 0.0965902 0.0756587 0.0381226 0.0835261 0.0648562 0.0938340 0.0741827 0.0988935 0.1066412 0.0583089 0.0846345 0.0794875 0.1111921 0.0810623 0.0969000 0.0911145 0.0836442 
S0281      0.0935705 0.0526875 0.0902557 0.0000000 0.0706197 0.1081251 0.0949367 0.0774531 0.1011301 0.1071038 0.1025269 0.1152505 0.1214658 0.1008535 0.0966695 0.0943136 0.0893176 0.1141224 0.0979313 0.0726777 0.0833628 0.0986497 0.1041966 0.1014465 0.0481625 0.0905900 0.1029111 0.1057418 0.1017560 0.0856729 0.1090574 0.1350643 0.1034948 0.1013433 0.0729932 0.0948661 0.0963940 0.0868054 0.0826312 0.0890280 0.0544454 0.1311078 0.1414861 0.0988678 0.1264521 0.1161078 0.0716753 0.0834663 0.0469397 0.0702944 0.0482131 0.0965873 0.0535238 0.1032346 0.0845817 0.1108525 0.0895498 0.1053030 0.0942155 0.0868431 0.0927546 0.0788866 0.0746769 0.1083486 0.0511610 0.1564740 0.1199529 0.1463565 0.1413160 0.0980097 0.0991212 0.1579270 0.0483541 0.1546853 0.0875644 0.0992671 0.0928511 0.0943225 0.0930531 0.1323498 0.0666541 0.0966205 0.0988143 0.0920268 0.0854356 0.0845163 0.1083604 0.1033582 0.1013898 0.1162413 0.1119565 0.0723599 0.1027244 0.0824341 0.0712945 0.0728249 0.0996551 0.0940209 0.0854373 0.1047052 0.0911658 0.0724896 0.1026915 0.0975507 0.0566738 0.0946377 0.0572655 0.0930606 0.0679108 0.0931575 0.0888868 0.0715184 0.1042253 0.0792483 0.1166453 0.0892988 0.0725619 0.0882804 0.0987731 0.0986430 0.0760554 0.0800475 0.1157745 0.0616521 0.0933924 0.0837886 0.0842065 
S0282      0.0669419 0.0661297 0.0771965 0.0706197 0.0000000 0.0961904 0.0770685 0.0683487 0.0303340 0.0573571 0.0843172 0.0987428 0.1169512 0.0914181 0.0789049 0.0860127 0.0786457 0.1000818 0.0825031 0.0166899 0.0288246 0.0858157 0.0773772 0.0845014 0.0594351 0.0779688 0.0801748 0.0935244 0.0858567 0.0822016 0.0768951 0.1274204 0.0924145 0.0807337 0.0232471 0.0843405 0.0767314 0.0705381 0.0591294 0.0186595 0.0696000 0.1102272 0.1214773 0.0768462 0.1057576 0.0948690 0.0220726 0.0849699 0.0618017 0.0156426 0.0607137 0.0876868 0.0675116 0.0810527 0.0671651 0.0880213 0.0675987 0.0854738 0.0876564 0.0833550 0.0828881 0.0803912 0.0738204 0.0473592 0.0795813 0.1385145 0.1018232 0.1468541 0.1244771 0.0801554 0.0786502 0.1416467 0.0586537 0.1443633 0.0679209 0.0864767 0.0808247 0.0692904 0.0807401 0.1212194 0.0188693 0.0763600 0.0785032 0.0767754 0.0668803 0.0683187 0.0936870 0.0823990 0.0813304 0.1025459 0.0955897 0.0201769 0.0928944 0.0719084 0.0256996 0.0213851 0.0748674 0.0805477 0.0607398 0.0863612 0.0815437 0.0646830 0.0895400 0.0745962 0.0659423 0.0815856 0.0834742 0.0789401 0.0124782 0.0784655 0.0882745 0.0241741 0.0883496 0.0341333 0.0939852 0.0667632 0.0454613 0.0802733 0.0916339 0.0854544 0.0643730 0.0573463 0.1005346 0.0659151 0.0885481 0.0655616 0.0622161 
S0288      0.1085085 0.0947916 0.1127618 0.1081251 0.0961904 0.0000000 0.1192322 0.0960363 0.1161231 0.1403087 0.1300766 0.0227825 0.0674083 0.1378030 0.1262795 0.1178383 0.1196981 0.0142504 0.1253604 0.0999337 0.1098254 0.1239165 0.1311930 0.1259312 0.0939482 0.1207131 0.1176904 0.0048707 0.1178315 0.1177872 0.1389038 0.0963926 0.1265903 0.1254635 0.1036174 0.1253891 0.1143336 0.1123215 0.1120182 0.1073207 0.1083781 0.0290327 0.1530439 0.1317272 0.0277123 0.1344811 0.0954755 0.1135714 0.0982827 0.0985704 0.0971723 0.1341387 0.1065281 0.1221362 0.1097231 0.1260105 0.1105754 0.1189099 0.0316263 0.1175531 0.1159886 0.1110323 0.1065339 0.1326886 0.1117667 0.1609657 0.1392952 0.1038871 0.1073972 0.1264454 0.1276905 0.1623333 0.0903985 0.1719698 0.0999352 0.1201326 0.1131164 0.1155300 0.1122398 0.1527078 0.0917103 0.1229487 0.1202174 0.1177160 0.1107702 0.1127444 0.0064949 0.1172336 0.1176881 0.0094403 0.0000021 0.1031294 0.1195571 0.0991334 0.0986240 0.0962837 0.1221024 0.1106222 0.1078926 0.1218584 0.1077608 0.0945663 0.1257508 0.1263546 0.0992353 0.1169381 0.1150069 0.1180667 0.0957540 0.1079800 0.1215727 0.0943181 0.1212519 0.1020648 0.1281051 0.1076748 0.0927377 0.1236944 0.1231694 0.1265431 0.1005617 0.0992850 0.1406230 0.1127217 0.1205921 0.1077616 0.1053352 
S0289      0.1014996 0.0883987 0.0314382 0.0949367 0.0770685 0.1192322 0.0000000 0.0760527 0.0965565 0.1166049 0.0353110 0.1248500 0.1314611 0.0343254 0.0411026 0.1031376 0.0947461 0.1193703 0.1103248 0.0766766 0.0851192 0.0366600 0.1152300 0.0365620 0.0801327 0.1044055 0.0373756 0.1171722 0.0480666 0.0915189 0.1120124 0.1425703 0.0440369 0.1033405 0.0785820 0.0365168 0.0392803 0.0410153 0.0813866 0.0847480 0.0922443 0.1352940 0.1353821 0.1057762 0.1317931 0.1146680 0.0756863 0.0893226 0.0826156 0.0729539 0.0828446 0.1075155 0.0914215 0.0483464 0.0421745 0.0514955 0.0851273 0.0325975 0.1023262 0.0952154 0.0962130 0.0858123 0.0855064 0.0965801 0.1029320 0.1456532 0.1132153 0.1558493 0.1444990 0.1090702 0.1073849 0.1592643 0.0806874 0.1592353 0.0550267 0.1025385 0.0951782 0.0986919 0.0913174 0.1353414 0.0730556 0.0983169 0.0882256 0.0297241 0.0431770 0.0422058 0.1187846 0.0453803 0.0407181 0.1259172 0.1174153 0.0729502 0.1009933 0.0810151 0.0802908 0.0783707 0.1078352 0.0859108 0.0882344 0.0519302 0.0885275 0.0685286 0.0386860 0.0953514 0.0896169 0.0386115 0.1083340 0.0477456 0.0719300 0.0927382 0.0974688 0.0779411 0.0409806 0.0833561 0.0626995 0.0921878 0.0729212 0.0957478 0.1104130 0.0513765 0.0806482 0.0745421 0.1118450 0.0835147 0.0977770 0.0931989 0.0746187 
S0292      0.0872167 0.0716471 0.0799939 0.0774531 0.0683487 0.0960363 0.0760527 0.0000000 0.0881714 0.1068731 0.0821444 0.1014572 0.1152794 0.0891775 0.0818608 0.0621251 0.0556294 0.1026103 0.0991628 0.0703800 0.0822687 0.0775174 0.1040201 0.0835392 0.0662905 0.0918086 0.0662811 0.0933175 0.0799672 0.0732607 0.0984248 0.1211974 0.0889502 0.0925121 0.0733605 0.0858480 0.0756539 0.0707421 0.0777594 0.0813018 0.0755344 0.1166608 0.1339275 0.0947588 0.1121117 0.1039119 0.0681959 0.0759902 0.0686841 0.0680390 0.0688712 0.0913898 0.0733641 0.0823508 0.0697505 0.0845813 0.0748859 0.0791371 0.0837577 0.0756008 0.0777812 0.0678649 0.0675071 0.0994844 0.0868458 0.1483569 0.1090397 0.1380318 0.1259399 0.0888486 0.0874513 0.1495351 0.0667403 0.1460557 0.0615614 0.0864073 0.0572424 0.0932717 0.0491283 0.1243637 0.0644772 0.0903840 0.0771842 0.0745809 0.0682744 0.0672568 0.0968569 0.0789390 0.0856189 0.1076420 0.0993603 0.0715158 0.0696394 0.0156487 0.0690161 0.0693225 0.0944763 0.0489133 0.0804851 0.0868744 0.0264178 0.0145897 0.0885842 0.0913875 0.0741103 0.0805711 0.0920192 0.0791704 0.0656980 0.0537966 0.0701841 0.0680542 0.0843569 0.0658974 0.0959486 0.0831490 0.0631965 0.0636296 0.0721173 0.0832429 0.0618150 0.0645114 0.1045632 0.0694146 0.0680141 0.0814604 0.0694771 
S0293      0.0913127 0.0881352 0.0956421 0.1011301 0.0303340 0.1161231 0.0965565 0.0881714 0.0000000 0.0634314 0.1022610 0.1158231 0.1400048 0.1058478 0.0987485 0.1195909 0.1084870 0.1209171 0.0970038 0.0330195 0.0461287 0.1001364 0.0963495 0.0977235 0.0875182 0.1017053 0.0946471 0.1135002 0.1074713 0.1034987 0.0996521 0.1408739 0.1153614 0.0993318 0.0360231 0.1076921 0.0967804 0.0912464 0.0808775 0.0281585 0.0993615 0.1298037 0.1439577 0.0993721 0.1238891 0.1192045 0.0343207 0.1039252 0.0874818 0.0276350 0.0876199 0.1051748 0.0936739 0.1022909 0.0883564 0.1094150 0.0857048 0.0899119 0.1037327 0.1050266 0.1124243 0.1010548 0.0928230 0.0537005 0.1050409 0.1674668 0.1256691 0.1741108 0.1437994 0.1038641 0.1033258 0.1704993 0.0820497 0.1734036 0.0916421 0.1151406 0.1060901 0.0975041 0.0976930 0.1500471 0.0358836 0.1031351 0.1041834 0.0958897 0.0880353 0.0867563 0.1174756 0.1007495 0.0986923 0.1231642 0.1157893 0.0349754 0.1166478 0.0943293 0.0422171 0.0309557 0.0986981 0.0993191 0.0876766 0.1042627 0.1053892 0.0876748 0.1129248 0.0995888 0.0930101 0.1025794 0.1083700 0.1006651 0.0262722 0.0999864 0.1110787 0.0413196 0.1128918 0.0484909 0.1109485 0.0941045 0.0675591 0.1091501 0.1272567 0.1092891 0.0833371 0.0707561 0.1236029 0.0881865 0.1161530 0.0830289 0.0787705 
S0294      0.1040316 0.1055616 0.1173271 0.1071038 0.0573571 0.1403087 0.1166049 0.1068731 0.0634314 0.0000000 0.1244188 0.1429684 0.1558460 0.1311484 0.1222148 0.1236239 0.1181641 0.1433440 0.1105743 0.0570710 0.0658644 0.1206115 0.1125831 0.1220549 0.0979338 0.1093393 0.1229238 0.1386255 0.1248702 0.1166375 0.1096999 0.1700443 0.1271064 0.1200961 0.0589997 0.1188801 0.1102073 0.1092576 0.0971054 0.0608035 0.1083645 0.1513162 0.1468451 0.1137384 0.1462475 0.1439033 0.0595735 0.1143376 0.1005162 0.0536538 0.0993890 0.1265544 0.1088965 0.1187478 0.1028454 0.1246402 0.1044580 0.1196113 0.1237915 0.1191874 0.1226974 0.1133831 0.1090495 0.0526292 0.1135941 0.1645430 0.1376967 0.1928113 0.1616616 0.1215643 0.1183353 0.1727677 0.0961015 0.1708835 0.1094578 0.1223493 0.1192592 0.1063572 0.1100183 0.1516518 0.0549342 0.1166271 0.1189766 0.1161373 0.1023920 0.1028613 0.1421014 0.1170003 0.1162735 0.1403093 0.1357244 0.0553775 0.1313101 0.1107095 0.0579542 0.0556878 0.1089626 0.1136236 0.0919025 0.1230052 0.1196122 0.1015930 0.1285289 0.1138273 0.1040115 0.1211645 0.1178413 0.1170201 0.0525119 0.1167724 0.1273293 0.0605907 0.1289430 0.0738673 0.1276032 0.1024282 0.0828575 0.1160184 0.1340828 0.1229556 0.1036798 0.0935480 0.1369182 0.1068841 0.1264496 0.0920715 0.0989281 
S0299      0.1078308 0.0940785 0.0347144 0.1025269 0.0843172 0.1300766 0.0353110 0.0821444 0.1022610 0.1244188 0.0000000 0.1342378 0.1380601 0.0433695 0.0433744 0.1081318 0.1051065 0.1249230 0.1142161 0.0814464 0.0937913 0.0404443 0.1219424 0.0408970 0.0873657 0.1055363 0.0537108 0.1283650 0.0514757 0.0977628 0.1197327 0.1537979 0.0496783 0.1055518 0.0849088 0.0419509 0.0463081 0.0500744 0.0874738 0.0923653 0.0998260 0.1392560 0.1402459 0.1159952 0.1357151 0.1218791 0.0853581 0.0992197 0.0898807 0.0814911 0.0901310 0.1112485 0.1003014 0.0529451 0.0514205 0.0573152 0.0924814 0.0337115 0.1060725 0.1014898 0.1037300 0.0919482 0.0930620 0.0976797 0.1079587 0.1445612 0.1208753 0.1588535 0.1469385 0.1168850 0.1164332 0.1601934 0.0879735 0.1670844 0.0565558 0.1126583 0.1013458 0.1049799 0.0972703 0.1428734 0.0802243 0.1073155 0.1000045 0.0329936 0.0488727 0.0501904 0.1256625 0.0487333 0.0416932 0.1285211 0.1213081 0.0840124 0.1059921 0.0896010 0.0891213 0.0857490 0.1100281 0.0932412 0.0968441 0.0614513 0.0957292 0.0769031 0.0453345 0.1030820 0.0917584 0.0430601 0.1134098 0.0557961 0.0790928 0.0973784 0.1023980 0.0851701 0.0430837 0.0906926 0.0674650 0.0996343 0.0776589 0.1007052 0.1154922 0.0595478 0.0864824 0.0818018 0.1141810 0.0883746 0.1027240 0.0928924 0.0845376 
S0303      0.1121762 0.0998741 0.1184706 0.1152505 0.0987428 0.0227825 0.1248500 0.1014572 0.1158231 0.1429684 0.1342378 0.0000000 0.0699545 0.1404608 0.1323086 0.1204795 0.1238614 0.0300413 0.1297421 0.1024774 0.1109111 0.1289496 0.1367979 0.1316156 0.0993259 0.1265107 0.1216200 0.0235387 0.1264679 0.1218801 0.1425685 0.1018174 0.1370797 0.1312076 0.1030544 0.1310479 0.1202094 0.1163859 0.1160137 0.1092209 0.1109545 0.0118024 0.1472529 0.1354077 0.0093956 0.1463148 0.0980097 0.1175889 0.1036897 0.1011144 0.1025886 0.1367489 0.1090939 0.1248532 0.1123028 0.1318484 0.1145863 0.1247868 0.0340426 0.1231520 0.1245846 0.1150550 0.1120698 0.1285712 0.1201772 0.1604095 0.1372447 0.1099288 0.1149954 0.1305836 0.1302481 0.1569478 0.0956635 0.1730714 0.0997482 0.1317863 0.1186935 0.1270995 0.1177684 0.1521834 0.0942523 0.1315868 0.1260564 0.1233226 0.1133426 0.1153297 0.0237229 0.1244812 0.1234254 0.0275931 0.0192106 0.1042301 0.1217497 0.1045836 0.1012036 0.0973978 0.1276798 0.1161336 0.1134008 0.1244409 0.1132595 0.0999763 0.1345063 0.1350521 0.1061275 0.1242520 0.1234651 0.1206460 0.0982953 0.1164448 0.1256927 0.0997132 0.1269027 0.1057159 0.1343301 0.1161140 0.0994659 0.1263012 0.1228797 0.1291510 0.1060242 0.1046867 0.1432217 0.1153060 0.1217171 0.1134229 0.1093499 
S0308      0.1324238 0.1119626 0.1267732 0.1214658 0.1169512 0.0674083 0.1314611 0.1152794 0.1400048 0.1558460 0.1380601 0.0699545 0.0000000 0.1493781 0.1341081 0.1248027 0.1245296 0.0671447 0.1470255 0.1163336 0.1225070 0.1354564 0.1560433 0.1368672 0.1066996 0.1430266 0.1303491 0.0641504 0.1356200 0.1187111 0.1550213 0.1190855 0.1397745 0.1434221 0.1220242 0.1382342 0.1318603 0.1249432 0.1345334 0.1306558 0.1158227 0.0753320 0.1754015 0.1419051 0.0713518 0.1492840 0.1163791 0.1232275 0.1093228 0.1163991 0.1096338 0.1385377 0.1164395 0.1344926 0.1268893 0.1450272 0.1238396 0.1365485 0.0511693 0.1281268 0.1289950 0.1183468 0.1141025 0.1433800 0.1309077 0.1906730 0.1570065 0.1296406 0.1209390 0.1423602 0.1429792 0.1958749 0.1061470 0.1929460 0.1133121 0.1426976 0.1233825 0.1425341 0.1193154 0.1674618 0.1180042 0.1388770 0.1308673 0.1281158 0.1263188 0.1281597 0.0654529 0.1368802 0.1330459 0.0693744 0.0602214 0.1165867 0.1259459 0.1193294 0.1264712 0.1160107 0.1391125 0.1203471 0.1303224 0.1364591 0.1299394 0.1099445 0.1427839 0.1398223 0.1168739 0.1349865 0.1366369 0.1372196 0.1138479 0.1205060 0.1270500 0.1164949 0.1342688 0.1224603 0.1434128 0.1320099 0.1097183 0.1286221 0.1291574 0.1421394 0.1112428 0.1150607 0.1445091 0.1157552 0.1274663 0.1206782 0.1237787 
S0320      0.1141674 0.0941906 0.0431046 0.1008535 0.0914181 0.1378030 0.0343254 0.0891775 0.1058478 0.1311484 0.0433695 0.1404608 0.1493781 0.0000000 0.0535844 0.1146045 0.1083670 0.1304062 0.1181302 0.0909440 0.1011206 0.0443512 0.1227484 0.0482325 0.0907615 0.1133425 0.0510029 0.1343987 0.0577760 0.1026456 0.1237135 0.1638850 0.0525914 0.1161329 0.0902873 0.0493015 0.0490476 0.0505924 0.0962698 0.0946756 0.1071668 0.1449319 0.1506103 0.1183922 0.1440493 0.1251583 0.0862064 0.1015279 0.0933177 0.0860171 0.0935810 0.1188770 0.1078267 0.0581893 0.0530069 0.0626029 0.0996769 0.0410762 0.1136882 0.1064356 0.1083884 0.0966946 0.0978778 0.1069770 0.1182984 0.1612902 0.1291784 0.1674210 0.1579989 0.1205030 0.1200326 0.1776258 0.0914011 0.1764658 0.0628464 0.1204265 0.1102585 0.1125804 0.0977541 0.1514918 0.0872028 0.1149654 0.1076299 0.0411121 0.0527954 0.0518314 0.1371924 0.0550248 0.0527466 0.1394875 0.1321414 0.0873035 0.1137429 0.0955466 0.0926094 0.0904310 0.1235758 0.1018632 0.1016768 0.0680243 0.1033276 0.0825755 0.0516110 0.1093930 0.0977824 0.0478942 0.1223588 0.0575023 0.0860534 0.1057647 0.1087155 0.0897633 0.0527694 0.0979492 0.0743418 0.1058376 0.0845706 0.1055581 0.1221683 0.0601118 0.0936066 0.0888005 0.1219220 0.0981365 0.1090688 0.1042319 0.0863562 
S0327      0.1036257 0.0932513 0.0418984 0.0966695 0.0789049 0.1262795 0.0411026 0.0818608 0.0987485 0.1222148 0.0433744 0.1323086 0.1341081 0.0535844 0.0000000 0.1080749 0.1047995 0.1226760 0.1111934 0.0786438 0.0915513 0.0474121 0.1168496 0.0447329 0.0862362 0.1066739 0.0445890 0.1226175 0.0509421 0.0972310 0.1119454 0.1478381 0.0567162 0.1077975 0.0822160 0.0459909 0.0405684 0.0470683 0.0849899 0.0840815 0.0993797 0.1380883 0.1526583 0.1091363 0.1357952 0.1162874 0.0788631 0.1001315 0.0876087 0.0773899 0.0878265 0.1071315 0.0998802 0.0513517 0.0507792 0.0534147 0.0940942 0.0379833 0.1058451 0.1010170 0.1019345 0.0936362 0.0922601 0.1002731 0.1107132 0.1577954 0.1159404 0.1609433 0.1492588 0.1115187 0.1124163 0.1726114 0.0868699 0.1799565 0.0532207 0.1059013 0.0967520 0.1031919 0.0982828 0.1518437 0.0760645 0.1071586 0.0924429 0.0409290 0.0493069 0.0494835 0.1247314 0.0481391 0.0520496 0.1281661 0.1205701 0.0799725 0.1087500 0.0896934 0.0840091 0.0817728 0.1117144 0.0952619 0.0974251 0.0550624 0.0965851 0.0764559 0.0544610 0.1013490 0.0977351 0.0496352 0.1151588 0.0566936 0.0723382 0.1011361 0.1022628 0.0812472 0.0495282 0.0831135 0.0626422 0.0990167 0.0759246 0.0974982 0.1174359 0.0618145 0.0865833 0.0828049 0.1094314 0.0885750 0.1039519 0.0828282 0.0857017 
S0335      0.1029215 0.0882381 0.0979805 0.0943136 0.0860127 0.1178383 0.1031376 0.0621251 0.1195909 0.1236239 0.1081318 0.1204795 0.1248027 0.1146045 0.1080749 0.0000000 0.0587238 0.1211116 0.1131180 0.0892690 0.0991637 0.1086137 0.1182631 0.1059034 0.0800051 0.1066744 0.1025031 0.1172284 0.1060290 0.0949434 0.1125097 0.1381155 0.1114957 0.1084328 0.0920712 0.1067538 0.0940389 0.0885575 0.0918766 0.1081063 0.0909474 0.1324685 0.1434347 0.1118893 0.1263383 0.1145643 0.0907764 0.0926193 0.0824829 0.0855914 0.0802753 0.1058021 0.0888706 0.0995981 0.0900718 0.1057637 0.0887777 0.1107978 0.0994922 0.0961158 0.0903731 0.0867807 0.0852381 0.1184473 0.1040078 0.1592401 0.1274577 0.1598211 0.1345093 0.1036323 0.1071106 0.1636507 0.0805578 0.1586901 0.0955858 0.1018068 0.0599176 0.1079220 0.0789191 0.1398121 0.0858271 0.1102327 0.0943552 0.0951197 0.0896787 0.0912746 0.1225859 0.0997580 0.1081362 0.1271185 0.1186199 0.0920022 0.0552290 0.0645003 0.0908882 0.0874625 0.1108337 0.0799635 0.0960837 0.1121670 0.0765082 0.0585236 0.1096656 0.1085153 0.0894687 0.1003945 0.1094098 0.0973187 0.0844138 0.0800246 0.0489769 0.0868409 0.1053570 0.0896538 0.1166297 0.1011878 0.0805609 0.0601779 0.0264219 0.1029425 0.0752735 0.0754904 0.1249640 0.0805142 0.0480676 0.0970497 0.0820627 
S0345      0.0933004 0.0751914 0.1000146 0.0893176 0.0786457 0.1196981 0.0947461 0.0556294 0.1084870 0.1181641 0.1051065 0.1238614 0.1245296 0.1083670 0.1047995 0.0587238 0.0000000 0.1281581 0.1027398 0.0794667 0.0902344 0.0943310 0.1055719 0.1039077 0.0720607 0.0970484 0.0930801 0.1143823 0.0958491 0.0932237 0.1010158 0.1350913 0.1090617 0.1072001 0.0791653 0.1080282 0.0978961 0.0853950 0.0809496 0.0927105 0.0885485 0.1365845 0.1485412 0.1006750 0.1299827 0.1140131 0.0782866 0.0921509 0.0762440 0.0738736 0.0737141 0.0998194 0.0867668 0.1007944 0.0827110 0.1019869 0.0836354 0.1013389 0.0993720 0.0930400 0.0884363 0.0895607 0.0836375 0.1106353 0.0960871 0.1571970 0.1176130 0.1358957 0.1350600 0.0925430 0.0937972 0.1499714 0.0726296 0.1628506 0.0848644 0.0981410 0.0599868 0.1036373 0.0705251 0.1364136 0.0799019 0.1093141 0.0973672 0.0946178 0.0839433 0.0857328 0.1165336 0.0981627 0.1051478 0.1267010 0.1173141 0.0821486 0.0613504 0.0584548 0.0823143 0.0784274 0.1050200 0.0704574 0.0871648 0.1033684 0.0691914 0.0568445 0.1024094 0.1080800 0.0826349 0.0921376 0.0975666 0.0909790 0.0768887 0.0648512 0.0610594 0.0754863 0.1019409 0.0784980 0.1198306 0.0912811 0.0752171 0.0269896 0.0645354 0.0988748 0.0682667 0.0741315 0.1198239 0.0813396 0.0574026 0.0895752 0.0797972 
S0355      0.1141654 0.1043415 0.1134790 0.1141224 0.1000818 0.0142504 0.1193703 0.1026103 0.1209171 0.1433440 0.1249230 0.0300413 0.0671447 0.1304062 0.1226760 0.1211116 0.1281581 0.0000000 0.1315702 0.1047965 0.1153963 0.1219968 0.1367040 0.1266521 0.1004686 0.1260978 0.1168775 0.0147185 0.1225479 0.1130644 0.1453526 0.1072471 0.1262235 0.1297777 0.1084582 0.1220686 0.1135969 0.1091607 0.1175711 0.1123998 0.1153579 0.0345352 0.1533745 0.1327890 0.0320308 0.1405670 0.1035479 0.1117888 0.1044647 0.1022213 0.1034599 0.1304136 0.1138956 0.1181473 0.1095603 0.1257714 0.1090822 0.1178250 0.0379079 0.1170476 0.1166845 0.1081701 0.1054005 0.1260300 0.1171370 0.1651019 0.1398396 0.1155356 0.1117742 0.1250195 0.1245534 0.1693885 0.0972421 0.1767572 0.1028665 0.1262159 0.1140635 0.1261088 0.1148137 0.1511152 0.0930220 0.1247121 0.1263838 0.1151487 0.1090574 0.1108405 0.0143409 0.1177584 0.1223867 0.0175174 0.0109109 0.1064490 0.1304368 0.1053364 0.1051295 0.1017259 0.1255604 0.1144940 0.1148487 0.1205075 0.1174880 0.0984919 0.1306834 0.1273675 0.1068339 0.1199773 0.1213924 0.1198678 0.0996373 0.1163779 0.1207872 0.1009247 0.1196876 0.1055306 0.1255318 0.1179537 0.0980770 0.1200055 0.1246291 0.1234714 0.1012541 0.1014502 0.1383239 0.1124921 0.1225998 0.1135928 0.1057807 
S0376      0.0983982 0.0911650 0.1067861 0.0979313 0.0825031 0.1253604 0.1103248 0.0991628 0.0970038 0.1105743 0.1142161 0.1297421 0.1470255 0.1181302 0.1111934 0.1131180 0.1027398 0.1315702 0.0000000 0.0807127 0.0943459 0.1121083 0.1159484 0.1155620 0.0920242 0.0431934 0.1145880 0.1231966 0.1099690 0.1187008 0.1144216 0.1403064 0.1149452 0.1062524 0.0840639 0.1142481 0.1038461 0.1005563 0.0975795 0.0895505 0.1045184 0.1456187 0.1461721 0.1063005 0.1447193 0.1174374 0.0832680 0.1133703 0.0920861 0.0747121 0.0947520 0.1216642 0.1024270 0.1124552 0.0970620 0.1198148 0.0931736 0.1073276 0.1133779 0.1185796 0.1192069 0.1056106 0.1070278 0.1096237 0.1061259 0.1629101 0.1404377 0.1695345 0.1580748 0.1142270 0.1136825 0.1678563 0.0914153 0.1694616 0.1040460 0.1244544 0.1046828 0.0942409 0.1074157 0.1444493 0.0835725 0.1098967 0.1057738 0.1059811 0.0965526 0.0982214 0.1239033 0.1079845 0.1129998 0.1386105 0.1326663 0.0844292 0.1165031 0.1015951 0.0859759 0.0809710 0.1074862 0.1071643 0.0888367 0.1141039 0.1110918 0.0926027 0.1213374 0.1052599 0.1020345 0.0975223 0.1145578 0.1055716 0.0771891 0.1112672 0.1195124 0.0846044 0.1140986 0.0886905 0.1155887 0.0952989 0.0805793 0.1069411 0.1180181 0.1086073 0.0987715 0.0860361 0.1307768 0.0964032 0.1128420 0.0744584 0.0899920 
S0400      0.0666044 0.0700437 0.0767975 0.0726777 0.0166899 0.0999337 0.0766766 0.0703800 0.0330195 0.0570710 0.0814464 0.1024774 0.1163336 0.0909440 0.0786438 0.0892690 0.0794667 0.1047965 0.0807127 0.0000000 0.0254390 0.0839951 0.0794734 0.0827290 0.0614566 0.0788451 0.0783001 0.0957496 0.0878782 0.0842277 0.0765025 0.1251512 0.0906485 0.0827562 0.0220080 0.0839095 0.0763242 0.0701836 0.0611792 0.0200013 0.0740225 0.1148012 0.1234639 0.0802162 0.1102955 0.0929238 0.0198362 0.0869725 0.0638217 0.0134665 0.0627376 0.0896914 0.0707521 0.0806258 0.0656590 0.0875586 0.0696098 0.0833791 0.0896604 0.0853787 0.0849015 0.0824065 0.0758626 0.0455149 0.0791729 0.1432165 0.0999690 0.1447001 0.1264009 0.0871283 0.0855910 0.1423470 0.0595381 0.1450708 0.0660467 0.0884833 0.0828612 0.0689405 0.0827634 0.1220139 0.0177153 0.0783712 0.0818665 0.0751631 0.0665433 0.0656087 0.0995340 0.0819703 0.0833959 0.1070997 0.1001533 0.0179304 0.0949816 0.0739332 0.0244796 0.0191147 0.0756398 0.0825665 0.0581187 0.0834481 0.0835562 0.0667154 0.0890793 0.0766256 0.0679756 0.0809109 0.0830435 0.0785408 0.0103293 0.0780627 0.0890501 0.0219237 0.0878953 0.0361648 0.0909086 0.0675584 0.0474899 0.0811416 0.0962001 0.0850179 0.0663965 0.0593780 0.1000051 0.0679475 0.0893252 0.0628924 0.0619057 
S0405      0.0770414 0.0828390 0.0877765 0.0833628 0.0288246 0.1098254 0.0851192 0.0822687 0.0461287 0.0658644 0.0937913 0.1109111 0.1225070 0.1011206 0.0915513 0.0991637 0.0902344 0.1153963 0.0943459 0.0254390 0.0000000 0.0981432 0.0934575 0.0914429 0.0729333 0.0894272 0.0957419 0.1075144 0.0935897 0.0966642 0.0886144 0.1389870 0.1033970 0.0922924 0.0255670 0.0950597 0.0832865 0.0808277 0.0715016 0.0315263 0.0860417 0.1225857 0.1329257 0.0924653 0.1166127 0.1070052 0.0298585 0.0969033 0.0753823 0.0242989 0.0742770 0.1022191 0.0827136 0.0890260 0.0786735 0.0960598 0.0813491 0.0941097 0.0968125 0.0963354 0.0920362 0.0922349 0.0880430 0.0587639 0.0914136 0.1486976 0.1077724 0.1535025 0.1366988 0.0997225 0.0980922 0.1531813 0.0710269 0.1491220 0.0848608 0.0956910 0.0952292 0.0806855 0.0910620 0.1257628 0.0287724 0.0904666 0.0944468 0.0872661 0.0795341 0.0786130 0.1086360 0.0902888 0.0946307 0.1173803 0.1075341 0.0201880 0.1036461 0.0859363 0.0359342 0.0236122 0.0890896 0.0921146 0.0719034 0.0972276 0.0958747 0.0784649 0.0990509 0.0874288 0.0797808 0.0937882 0.0954436 0.0906690 0.0221958 0.0888410 0.1016310 0.0319899 0.0989323 0.0443979 0.0994258 0.0805521 0.0572875 0.0905593 0.1061554 0.0974232 0.0780807 0.0708321 0.1126872 0.0797458 0.1019555 0.0743344 0.0734797 
S0407sl    0.1022433 0.0819078 0.0373427 0.0986497 0.0858157 0.1239165 0.0366600 0.0775174 0.1001364 0.1206115 0.0404443 0.1289496 0.1354564 0.0443512 0.0474121 0.1086137 0.0943310 0.1219968 0.1121083 0.0839951 0.0981432 0.0000000 0.1166438 0.0406372 0.0821880 0.1068113 0.0463777 0.1234457 0.0537951 0.0848819 0.1219185 0.1468220 0.0465188 0.1025797 0.0814994 0.0417977 0.0492970 0.0470757 0.0925142 0.0884229 0.0931378 0.1369177 0.1395790 0.1159461 0.1329002 0.1218897 0.0857355 0.0926873 0.0836250 0.0841080 0.0838743 0.1031222 0.0951656 0.0541885 0.0497805 0.0591791 0.0893470 0.0313725 0.0990042 0.0936202 0.0960239 0.0872843 0.0841201 0.1044698 0.0975192 0.1543420 0.1248177 0.1593221 0.1298314 0.1081675 0.1104954 0.1703740 0.0828359 0.1661666 0.0546950 0.1063186 0.1011088 0.1021672 0.0964773 0.1400777 0.0797547 0.1063275 0.0991713 0.0340234 0.0495568 0.0484610 0.1230328 0.0508222 0.0440869 0.1275292 0.1178099 0.0884819 0.1017675 0.0818625 0.0839428 0.0874243 0.1109559 0.0889146 0.0930618 0.0612644 0.0904411 0.0703831 0.0417187 0.0999158 0.0902046 0.0295980 0.1019132 0.0534907 0.0799542 0.1010340 0.1036983 0.0883252 0.0431091 0.0930008 0.0678786 0.0933338 0.0782007 0.1002078 0.1138160 0.0591122 0.0842241 0.0813997 0.1111553 0.0860323 0.1039261 0.1000325 0.0846338 
S0412sl    0.0967455 0.1075476 0.1120246 0.1041966 0.0773772 0.1311930 0.1152300 0.1040201 0.0963495 0.1125831 0.1219424 0.1367979 0.1560433 0.1227484 0.1168496 0.1182631 0.1055719 0.1367040 0.1159484 0.0794734 0.0934575 0.1166438 0.0000000 0.1222388 0.1001740 0.1079145 0.1180885 0.1323279 0.1164929 0.1170428 0.0793338 0.1649601 0.1160279 0.1094787 0.0814436 0.1247297 0.1121625 0.1089992 0.0793005 0.0833044 0.0955890 0.1506358 0.1520079 0.0806485 0.1454287 0.1304394 0.0807445 0.1166034 0.1028534 0.0769729 0.1005355 0.1277734 0.0989002 0.1224869 0.1053412 0.1300756 0.1001035 0.1156057 0.1213929 0.1210331 0.1144309 0.1146979 0.1106862 0.0960095 0.1167470 0.1746876 0.1414666 0.1765269 0.1601624 0.1291384 0.1230623 0.1871414 0.0980213 0.1780672 0.1152236 0.1256618 0.1167512 0.0980278 0.1096891 0.1580312 0.0770090 0.1031930 0.1134071 0.1107514 0.1048607 0.1064527 0.1351644 0.1206092 0.1083092 0.1381691 0.1306300 0.0818917 0.1213163 0.1066069 0.0741265 0.0797347 0.1070658 0.1164013 0.0844425 0.1214804 0.1135487 0.0985475 0.1223701 0.1012966 0.1079097 0.1148708 0.1183701 0.1156771 0.0733211 0.1142581 0.1260517 0.0807886 0.1194428 0.0861452 0.1242681 0.0964577 0.0715631 0.1174896 0.1212616 0.1203879 0.1019169 0.0902283 0.1312060 0.1023014 0.1221225 0.0993464 0.0916042 
S0417      0.1055625 0.0958182 0.0325419 0.1014465 0.0845014 0.1259312 0.0365620 0.0835392 0.0977235 0.1220549 0.0408970 0.1316156 0.1368672 0.0482325 0.0447329 0.1059034 0.1039077 0.1266521 0.1155620 0.0827290 0.0914429 0.0406372 0.1222388 0.0000000 0.0875562 0.1083549 0.0477439 0.1207549 0.0514712 0.0927060 0.1200124 0.1512026 0.0474682 0.1112408 0.0839019 0.0421265 0.0429559 0.0490681 0.0904705 0.0940862 0.0975160 0.1382717 0.1407987 0.1149781 0.1347326 0.1206102 0.0830855 0.0956878 0.0900776 0.0816676 0.0903290 0.1115527 0.0979808 0.0508551 0.0492308 0.0552454 0.0939011 0.0296211 0.1050674 0.0964065 0.1014568 0.0884725 0.0892590 0.0977652 0.1108001 0.1478376 0.1241061 0.1596816 0.1461093 0.1158616 0.1154131 0.1640156 0.0881665 0.1641134 0.0579046 0.1103289 0.0978866 0.1039684 0.0975877 0.1434495 0.0803976 0.1088250 0.0976607 0.0353392 0.0489697 0.0480056 0.1241187 0.0454974 0.0454066 0.1261498 0.1202993 0.0817141 0.1022083 0.0897998 0.0893199 0.0809448 0.1062382 0.0935892 0.0970603 0.0592200 0.0959429 0.0745155 0.0410412 0.1058815 0.0972457 0.0396481 0.1162952 0.0536082 0.0780315 0.1043296 0.1039804 0.0841457 0.0455215 0.0908933 0.0652460 0.0985971 0.0778663 0.1010274 0.1132439 0.0596711 0.0881668 0.0831814 0.1092043 0.0885697 0.1043133 0.0983432 0.0859340 
S0419      0.0838807 0.0048893 0.0803532 0.0481625 0.0594351 0.0939482 0.0801327 0.0662905 0.0875182 0.0979338 0.0873657 0.0993259 0.1066996 0.0907615 0.0862362 0.0800051 0.0720607 0.1004686 0.0920242 0.0614566 0.0729333 0.0821880 0.1001740 0.0875562 0.0000000 0.0897970 0.0778393 0.0941636 0.0876611 0.0724981 0.0989132 0.1154223 0.0942611 0.0828423 0.0650918 0.0800758 0.0837216 0.0712162 0.0757288 0.0742299 0.0487607 0.1105071 0.1297137 0.0912718 0.1073609 0.1002099 0.0592917 0.0754473 0.0061492 0.0568604 0.0061645 0.0867071 0.0467099 0.0880004 0.0714385 0.0962750 0.0729533 0.0879699 0.0818333 0.0736234 0.0759701 0.0709679 0.0597143 0.0990418 0.0477882 0.1452855 0.1027484 0.1293217 0.1160056 0.0794956 0.0816369 0.1432275 0.0061816 0.1382264 0.0736523 0.0782993 0.0747770 0.0812331 0.0713369 0.1185317 0.0592721 0.0795950 0.0781471 0.0774173 0.0723057 0.0713841 0.0928917 0.0880041 0.0921985 0.1042045 0.0959986 0.0636081 0.0866961 0.0710661 0.0624651 0.0615955 0.0885013 0.0758963 0.0665261 0.0883738 0.0806702 0.0626851 0.0864421 0.0805306 0.0135348 0.0834596 0.0524641 0.0795702 0.0568842 0.0786032 0.0762228 0.0626613 0.0901438 0.0712985 0.0989580 0.0737565 0.0625372 0.0792792 0.0855003 0.0811766 0.0590376 0.0627024 0.1024189 0.0430551 0.0764488 0.0793927 0.0640960 
S0427      0.0921695 0.1017614 0.0995019 0.0905900 0.0779688 0.1207131 0.1044055 0.0918086 0.1017053 0.1093393 0.1055363 0.1265107 0.1430266 0.1133425 0.1066739 0.1066744 0.0970484 0.1260978 0.0431934 0.0788451 0.0894272 0.1068113 0.1079145 0.1083549 0.0897970 0.0000000 0.1109649 0.1186133 0.1027315 0.1066485 0.1102073 0.1369322 0.1048581 0.0982979 0.0846959 0.1095576 0.0960930 0.0929048 0.0875610 0.0977782 0.0970388 0.1458625 0.1414382 0.1052212 0.1421938 0.1132403 0.0826824 0.1003501 0.0911260 0.0739514 0.0938956 0.1138712 0.0948114 0.1046166 0.0908859 0.1101926 0.0835340 0.1110319 0.1102019 0.1064736 0.1101240 0.0942325 0.0966870 0.1135340 0.0972885 0.1565422 0.1335501 0.1656437 0.1554370 0.1101464 0.1110623 0.1563312 0.0904565 0.1583037 0.1031585 0.1152550 0.0986751 0.0931621 0.0982729 0.1363577 0.0814940 0.1022366 0.0967149 0.0987433 0.0904857 0.0921002 0.1205121 0.0989841 0.1055533 0.1346227 0.1289084 0.0810499 0.0961726 0.0941981 0.0837995 0.0814019 0.1010877 0.0996244 0.0851737 0.1105215 0.1006578 0.0854005 0.1151731 0.0990426 0.1009520 0.1032498 0.1093832 0.1019667 0.0751964 0.1010535 0.1116141 0.0825176 0.1068028 0.0840132 0.1112563 0.0906205 0.0774418 0.1018611 0.1154388 0.1089860 0.0926817 0.0765360 0.1236613 0.0915867 0.1078807 0.0676235 0.0817282 
S0428sl    0.0984930 0.0792176 0.0473945 0.1029111 0.0801748 0.1176904 0.0373756 0.0662811 0.0946471 0.1229238 0.0537108 0.1216200 0.1303491 0.0510029 0.0445890 0.1025031 0.0930801 0.1168775 0.1145880 0.0783001 0.0957419 0.0463777 0.1180885 0.0477439 0.0778393 0.1109649 0.0000000 0.1191682 0.0536485 0.0887821 0.1171181 0.1438496 0.0533080 0.1018778 0.0759169 0.0537996 0.0440504 0.0476213 0.0831401 0.0801884 0.0915540 0.1285698 0.1466757 0.1053106 0.1292946 0.1063278 0.0801189 0.0912672 0.0810198 0.0783955 0.0812918 0.1076520 0.0923543 0.0527004 0.0492093 0.0535865 0.0812837 0.0425812 0.0946904 0.0953020 0.0944727 0.0850764 0.0831347 0.0996145 0.1049676 0.1526335 0.1177058 0.1652224 0.1365427 0.1053989 0.1063362 0.1684147 0.0801144 0.1632074 0.0506592 0.1064079 0.0872989 0.0998415 0.0922715 0.1311149 0.0704120 0.0996964 0.0817708 0.0460876 0.0474298 0.0461781 0.1209327 0.0503339 0.0520992 0.1232560 0.1140314 0.0816607 0.1032423 0.0740095 0.0735178 0.0834186 0.1012346 0.0821602 0.0914385 0.0540346 0.0740646 0.0600337 0.0583736 0.0892472 0.0898154 0.0490025 0.1070151 0.0548319 0.0753720 0.1008557 0.0989410 0.0847526 0.0493099 0.0839052 0.0632586 0.0882142 0.0703597 0.0948674 0.1100204 0.0581918 0.0830621 0.0739504 0.1034356 0.0851310 0.0958515 0.0994374 0.0743217 
S0430      0.1031384 0.0995100 0.1089630 0.1057418 0.0935244 0.0048707 0.1171722 0.0933175 0.1135002 0.1386255 0.1283650 0.0235387 0.0641504 0.1343987 0.1226175 0.1172284 0.1143823 0.0147185 0.1231966 0.0957496 0.1075144 0.1234457 0.1323279 0.1207549 0.0941636 0.1186133 0.1191682 0.0000000 0.1139893 0.1141543 0.1358258 0.0999294 0.1247190 0.1267127 0.0993034 0.1235012 0.1152717 0.1116137 0.1111945 0.1087855 0.1058882 0.0312910 0.1486852 0.1204171 0.0286375 0.1252725 0.0928094 0.1083671 0.0986341 0.0959798 0.0974893 0.1275744 0.1039994 0.1216851 0.1043901 0.1273312 0.1082986 0.1139906 0.0314051 0.1139211 0.1152149 0.1057536 0.1041086 0.1285794 0.1125601 0.1568148 0.1362973 0.1081658 0.1053725 0.1230838 0.1242918 0.1582235 0.0905034 0.1697845 0.1013432 0.1211966 0.1108280 0.1164417 0.1082433 0.1483489 0.0889316 0.1241046 0.1196531 0.1156144 0.1054798 0.1074756 0.0077809 0.1182452 0.1153356 0.0085321 0.0036720 0.1006219 0.1172999 0.0965441 0.0959976 0.0935800 0.1169743 0.1067885 0.1085543 0.1182823 0.1053467 0.0918109 0.1301718 0.1277058 0.0996202 0.1136790 0.1159085 0.1159937 0.0916007 0.1055677 0.1164086 0.0916145 0.1192422 0.0995523 0.1227020 0.1068301 0.0913802 0.1201102 0.1211402 0.1246930 0.0933477 0.0966955 0.1407946 0.1059148 0.1169331 0.1055627 0.1029022 
S0478      0.1015559 0.0926036 0.0465546 0.1017560 0.0858567 0.1178315 0.0480666 0.0799672 0.1074713 0.1248702 0.0514757 0.1264679 0.1356200 0.0577760 0.0509421 0.1060290 0.0958491 0.1225479 0.1099690 0.0878782 0.0935897 0.0537951 0.1164929 0.0514712 0.0876611 0.1027315 0.0536485 0.1139893 0.0000000 0.0967256 0.1162361 0.1470142 0.0608497 0.1100985 0.0890888 0.0527884 0.0465891 0.0491009 0.0930609 0.0937175 0.0964390 0.1413017 0.1455523 0.1178037 0.1389880 0.1160543 0.0866593 0.0971256 0.0889553 0.0827775 0.0904376 0.1117435 0.0968993 0.0532660 0.0504250 0.0576631 0.0927916 0.0497447 0.1077986 0.1004542 0.1029274 0.0909716 0.0893428 0.1089785 0.1096767 0.1488139 0.1173756 0.1555705 0.1492597 0.1188869 0.1184867 0.1634460 0.0894934 0.1629638 0.0531323 0.1131588 0.1002149 0.1040872 0.0925165 0.1403676 0.0817317 0.1038787 0.0951596 0.0456481 0.0490276 0.0503507 0.1136124 0.0490474 0.0575509 0.1303663 0.1189740 0.0880664 0.1075354 0.0849374 0.0881943 0.0884488 0.1106474 0.0898343 0.0971785 0.0592357 0.0925718 0.0722403 0.0597707 0.1021207 0.0960806 0.0552070 0.1138242 0.0559751 0.0830391 0.0964688 0.1028534 0.0891776 0.0597667 0.0922750 0.0640053 0.0987326 0.0791009 0.0983619 0.1117667 0.0597407 0.0867757 0.0820730 0.1118942 0.0949634 0.1056351 0.0960303 0.0858367 
S0552sl    0.1005675 0.0764666 0.0918892 0.0856729 0.0822016 0.1177872 0.0915189 0.0732607 0.1034987 0.1166375 0.0977628 0.1218801 0.1187111 0.1026456 0.0972310 0.0949434 0.0932237 0.1130644 0.1187008 0.0842277 0.0966642 0.0848819 0.1170428 0.0927060 0.0724981 0.1066485 0.0887821 0.1141543 0.0967256 0.0000000 0.1146542 0.1388456 0.1049970 0.0992372 0.0880498 0.0950035 0.0930619 0.0846759 0.0958966 0.0964232 0.0871276 0.1272298 0.1390688 0.1070250 0.1238173 0.1116994 0.0857067 0.0376543 0.0749313 0.0818225 0.0751366 0.0770627 0.0875329 0.0921491 0.0849018 0.1031122 0.0888745 0.0910859 0.0957831 0.0135966 0.0516720 0.0332923 0.0073124 0.1096793 0.0912625 0.1565892 0.1151078 0.1538757 0.1305448 0.0859440 0.0831269 0.1651100 0.0729942 0.1646671 0.0745730 0.0645739 0.0936227 0.0999806 0.0861253 0.1377952 0.0769172 0.0961374 0.0961941 0.0874902 0.0845325 0.0860939 0.1158426 0.0947306 0.0975782 0.1153384 0.1095285 0.0868582 0.0958818 0.0781678 0.0842415 0.0847253 0.1063834 0.0859180 0.0922228 0.0963415 0.0829230 0.0707265 0.1006343 0.0970818 0.0817329 0.0939869 0.0965218 0.0920835 0.0794141 0.0912615 0.0959532 0.0830597 0.1032393 0.0885261 0.1111039 0.0849539 0.0804515 0.0881431 0.1033259 0.0938194 0.0530620 0.0769651 0.1017443 0.0770012 0.0924121 0.0944252 0.0834010 
S0558      0.0890592 0.1099210 0.1141138 0.1090574 0.0768951 0.1389038 0.1120124 0.0984248 0.0996521 0.1096999 0.1197327 0.1425685 0.1550213 0.1237135 0.1119454 0.1125097 0.1010158 0.1453526 0.1144216 0.0765025 0.0886144 0.1219185 0.0793338 0.1200124 0.0989132 0.1102073 0.1171181 0.1358258 0.1162361 0.1146542 0.0000000 0.1646450 0.1180733 0.1049036 0.0772161 0.1181964 0.1031896 0.1019571 0.0812059 0.0861428 0.1007224 0.1555629 0.1509935 0.0788825 0.1477243 0.1297938 0.0791295 0.1126594 0.1014935 0.0741364 0.0992542 0.1268952 0.1014525 0.1172152 0.0984596 0.1201970 0.0984850 0.1173856 0.1257371 0.1170828 0.1177829 0.1095637 0.1059808 0.0949750 0.1186812 0.1770627 0.1314147 0.1878809 0.1547437 0.1262564 0.1204535 0.1738591 0.0956950 0.1745975 0.1065497 0.1256009 0.1107546 0.0890724 0.1090372 0.1531296 0.0741036 0.1014005 0.1199639 0.1089817 0.0967457 0.0996713 0.1386526 0.1113169 0.1131764 0.1463418 0.1348851 0.0777602 0.1178652 0.0958414 0.0761070 0.0742428 0.1015339 0.1143130 0.0812526 0.1179637 0.1044924 0.0957695 0.1254345 0.0984738 0.1063489 0.1151116 0.1216108 0.1054573 0.0717690 0.1078022 0.1187877 0.0763332 0.1211816 0.0791883 0.1189356 0.0874544 0.0724379 0.1092008 0.1126777 0.1166253 0.1044140 0.0892438 0.1337462 0.1037375 0.1165399 0.0955468 0.0917387 
