134
PAFTOL_019361 0.0000000 0.1575711 0.1329185 0.1399756 0.1511736 0.1419787 0.1518634 0.1453913 0.1411038 0.1508081 0.1481770 0.1598066 0.1612546 0.1443424 0.1542577 0.1402602 0.1498537 0.1510120 0.1507927 0.1553558 0.1439482 0.1461961 0.1424597 0.1449546 0.1352462 0.1343109 0.1476824 0.1587863 0.1491601 0.1408210 0.1510800 0.1594545 0.1642835 0.1594087 0.1435605 0.1488986 0.1494046 0.1446984 0.1414716 0.1541024 0.1463323 0.1466147 0.1423860 0.1559794 0.1511739 0.1565506 0.1567417 0.1649607 0.1482104 0.1459240 0.1367745 0.1458736 0.1291576 0.1383022 0.1451254 0.1434037 0.1433297 0.1575489 0.1431772 0.1396362 0.1457351 0.1309595 0.1457825 0.1487700 0.1430179 0.1500751 0.1509246 0.1729146 0.1524978 0.1475737 0.1372670 0.1660959 0.1494976 0.1511147 0.1480689 0.1358209 0.1566589 0.1296236 0.1550232 0.1411052 0.1608960 0.1560476 0.1481516 0.1529103 0.1428693 0.1573461 0.1463767 0.1372139 0.1426506 0.1424011 0.1581446 0.1379907 0.1502989 0.1564522 0.1527294 0.1516059 0.1464312 0.1575924 0.1531854 0.1442566 0.1387282 0.1407979 0.1367016 0.1461972 0.1414233 0.1415637 0.1398693 0.1430770 0.1473317 0.1528520 0.1371838 0.1415754 0.1486377 0.1474337 0.1479439 0.1489013 0.1439631 0.1385101 0.1520726 0.1478329 0.1441918 0.1470474 0.1408150 0.1405027 0.1468269 0.1476762 0.1529397 0.1396956 0.1475879 0.1607987 0.1332294 0.1405080 0.1451576 0.1422728 
S0055         0.1575711 0.0000000 0.0564646 0.0620784 0.0625185 0.0372579 0.0767373 0.0674674 0.0546147 0.0401699 0.0722545 0.0775773 0.0860690 0.0699415 0.0767970 0.0545912 0.0649356 0.0741989 0.0748675 0.0564040 0.0344507 0.0360800 0.0683680 0.0466320 0.0626417 0.0518379 0.0461185 0.0624958 0.0748519 0.0635579 0.0619631 0.0565041 0.0852136 0.0862063 0.0681864 0.0391997 0.0398304 0.0713483 0.0666593 0.0750755 0.0457124 0.0353677 0.0594233 0.0766920 0.0841490 0.0597676 0.0805537 0.0692516 0.0410906 0.0652333 0.0529198 0.0378044 0.0487074 0.0543315 0.0640351 0.0624594 0.0721608 0.0759786 0.0667626 0.0645675 0.0547295 0.0575101 0.0702416 0.0645124 0.0671991 0.0668204 0.0637375 0.0616108 0.0681091 0.0852937 0.0793759 0.0905771 0.0653700 0.0635111 0.0863029 0.0425822 0.0914808 0.0584495 0.0704007 0.0717603 0.0800630 0.0474417 0.0705602 0.0914105 0.0360477 0.0503571 0.0651808 0.0627936 0.0660926 0.0674939 0.0666807 0.0625836 0.0663523 0.0789376 0.0780155 0.0779328 0.0366527 0.0747657 0.0693377 0.0587315 0.0344840 0.0394967 0.0195177 0.0635359 0.0451508 0.0698036 0.0555282 0.0592801 0.0675372 0.0464365 0.0552618 0.0553975 0.0652324 0.0699740 0.0398734 0.0668662 0.0592595 0.0538538 0.0431293 0.0730709 0.0359951 0.0728151 0.0358006 0.0422672 0.0657893 0.0646553 0.0724739 0.0546576 0.0541335 0.0759819 0.0531657 0.0550855 0.0498335 0.0533373 
S0196sl       0.1329185 0.0564646 0.0000000 0.0331582 0.0211115 0.0501139 0.0458647 0.0417398 0.0373963 0.0549742 0.0367585 0.0459306 0.0612036 0.0402814 0.0458604 0.0304581 0.0462530 0.0555074 0.0457780 0.0456773 0.0471216 0.0492915 0.0371330 0.0544278 0.0352131 0.0056400 0.0405084 0.0301250 0.0443287 0.0373648 0.0458270 0.0578679 0.0552499 0.0468524 0.0415019 0.0500415 0.0511527 0.0414961 0.0337027 0.0538241 0.0470804 0.0486383 0.0167453 0.0472693 0.0742199 0.0574003 0.0481060 0.0465496 0.0532843 0.0464535 0.0075410 0.0479901 0.0064349 0.0082091 0.0435066 0.0207475 0.0374513 0.0471404 0.0446586 0.0353199 0.0300773 0.0284402 0.0361548 0.0481734 0.0463236 0.0479712 0.0487650 0.0738921 0.0254921 0.0699532 0.0552247 0.0580580 0.0427530 0.0419076 0.0744856 0.0050837 0.0753481 0.0284100 0.0477621 0.0514560 0.0489713 0.0533088 0.0521941 0.0760944 0.0455843 0.0603247 0.0427503 0.0373096 0.0423275 0.0439403 0.0386646 0.0325085 0.0392433 0.0541380 0.0465790 0.0479164 0.0478925 0.0463898 0.0507108 0.0373696 0.0434075 0.0480686 0.0464921 0.0447247 0.0510055 0.0447966 0.0339749 0.0387515 0.0409559 0.0542286 0.0101061 0.0322401 0.0242071 0.0439725 0.0501939 0.0247802 0.0430566 0.0346783 0.0548305 0.0410258 0.0470583 0.0387956 0.0447607 0.0448908 0.0475760 0.0440070 0.0499920 0.0332537 0.0321633 0.0585734 0.0227897 0.0397203 0.0427788 0.0299650 
S0278         0.1399756 0.0620784 0.0331582 0.0000000 0.0545283 0.0566951 0.0553185 0.0232970 0.0500408 0.0638953 0.0213520 0.0645551 0.0756501 0.0217464 0.0608731 0.0168741 0.0618933 0.0635594 0.0590558 0.0665652 0.0526429 0.0566305 0.0225095 0.0633726 0.0176477 0.0404380 0.0530663 0.0333162 0.0590436 0.0302519 0.0590507 0.0671102 0.0737033 0.0609959 0.0188016 0.0605418 0.0601189 0.0231478 0.0361702 0.0484872 0.0585472 0.0570015 0.0443522 0.0619844 0.0876979 0.0731654 0.0644668 0.0597886 0.0598430 0.0521637 0.0409569 0.0556302 0.0363529 0.0411049 0.0600685 0.0483143 0.0412264 0.0648675 0.0416230 0.0364084 0.0473454 0.0178640 0.0556732 0.0598489 0.0601202 0.0626986 0.0608240 0.0892666 0.0558012 0.0844225 0.0719499 0.0723651 0.0595101 0.0587534 0.0873983 0.0386520 0.0907162 0.0397728 0.0653959 0.0657646 0.0708547 0.0658016 0.0660441 0.0914607 0.0537047 0.0714765 0.0543169 0.0183849 0.0409556 0.0416351 0.0611560 0.0335139 0.0146951 0.0731451 0.0626746 0.0613688 0.0555078 0.0636740 0.0619947 0.0518707 0.0514749 0.0573911 0.0524760 0.0583744 0.0604406 0.0379373 0.0486231 0.0518055 0.0227731 0.0679533 0.0426465 0.0186235 0.0553538 0.0449276 0.0547706 0.0545201 0.0488275 0.0474180 0.0644261 0.0242709 0.0542759 0.0449762 0.0493352 0.0520204 0.0598749 0.0587546 0.0490631 0.0490079 0.0467637 0.0723583 0.0417544 0.0509124 0.0561416 0.0442524 
S0281         0.1511736 0.0625185 0.0211115 0.0545283 0.0000000 0.0587145 0.0577704 0.0621369 0.0513238 0.0647186 0.0620610 0.0636631 0.0779445 0.0597794 0.0599756 0.0553572 0.0638087 0.0704269 0.0581406 0.0634874 0.0550992 0.0585875 0.0586526 0.0681506 0.0561415 0.0251407 0.0541033 0.0637121 0.0575446 0.0547267 0.0595044 0.0639061 0.0751429 0.0669798 0.0573396 0.0589483 0.0579787 0.0611607 0.0524990 0.0665184 0.0598858 0.0558324 0.0273344 0.0610990 0.0879990 0.0731659 0.0635875 0.0674302 0.0599817 0.0579852 0.0246108 0.0594562 0.0215376 0.0257789 0.0563651 0.0284147 0.0587289 0.0685308 0.0590127 0.0522012 0.0477830 0.0528653 0.0540252 0.0603087 0.0575066 0.0631554 0.0589515 0.0767124 0.0398083 0.0858673 0.0729197 0.0769877 0.0600262 0.0586545 0.0902352 0.0261155 0.0948647 0.0516335 0.0635729 0.0691304 0.0705777 0.0649062 0.0683657 0.0948122 0.0550258 0.0709617 0.0538611 0.0555097 0.0564764 0.0578204 0.0607834 0.0491300 0.0577511 0.0755186 0.0612085 0.0622375 0.0574455 0.0654486 0.0669920 0.0547759 0.0526950 0.0558937 0.0515016 0.0613616 0.0616967 0.0588840 0.0486057 0.0570241 0.0615352 0.0662153 0.0267306 0.0541877 0.0394212 0.0608239 0.0592716 0.0406230 0.0548905 0.0492440 0.0604780 0.0627671 0.0544509 0.0567283 0.0554561 0.0540147 0.0637092 0.0615125 0.0632869 0.0463869 0.0472480 0.0719184 0.0406737 0.0526563 0.0576829 0.0476940 
S0282         0.1419787 0.0372579 0.0501139 0.0566951 0.0587145 0.0000000 0.0667222 0.0611628 0.0517957 0.0185458 0.0641765 0.0683195 0.0758664 0.0643177 0.0670609 0.0538371 0.0631272 0.0683934 0.0651959 0.0517013 0.0120513 0.0164951 0.0591362 0.0382133 0.0542021 0.0471257 0.0421805 0.0655806 0.0644601 0.0563276 0.0603819 0.0455736 0.0799667 0.0762845 0.0623569 0.0230767 0.0174655 0.0631364 0.0576456 0.0675589 0.0379605 0.0141885 0.0541299 0.0681919 0.0792606 0.0487817 0.0707424 0.0696029 0.0243013 0.0631508 0.0476514 0.0140645 0.0429224 0.0484519 0.0628796 0.0571051 0.0634213 0.0718195 0.0612807 0.0573221 0.0542886 0.0500682 0.0611387 0.0640816 0.0640138 0.0640322 0.0632000 0.0535384 0.0643265 0.0791806 0.0732136 0.0831189 0.0649313 0.0629721 0.0801497 0.0425264 0.0852601 0.0581416 0.0684525 0.0613644 0.0764165 0.0450425 0.0668623 0.0865929 0.0135030 0.0338277 0.0610005 0.0542072 0.0588730 0.0607820 0.0681936 0.0554321 0.0605504 0.0763020 0.0689071 0.0687471 0.0145197 0.0700189 0.0633030 0.0546368 0.0140348 0.0175937 0.0280588 0.0593498 0.0399716 0.0570298 0.0503229 0.0534736 0.0613232 0.0296430 0.0504891 0.0524492 0.0626788 0.0643799 0.0154272 0.0636577 0.0540540 0.0492273 0.0252480 0.0643012 0.0190331 0.0627415 0.0186732 0.0323281 0.0599736 0.0605634 0.0675644 0.0518321 0.0531065 0.0741376 0.0461762 0.0519878 0.0446290 0.0511657 
S0288         0.1518634 0.0767373 0.0458647 0.0553185 0.0577704 0.0667222 0.0000000 0.0589632 0.0604444 0.0698318 0.0613071 0.0089803 0.0501396 0.0591636 0.0062389 0.0537034 0.0711117 0.0754374 0.0046653 0.0669393 0.0633287 0.0698551 0.0605910 0.0742101 0.0528537 0.0470579 0.0598598 0.0668724 0.0057221 0.0565310 0.0679586 0.0736629 0.0490798 0.0131882 0.0614365 0.0671905 0.0687475 0.0626406 0.0584273 0.0661339 0.0668514 0.0652860 0.0516479 0.0078256 0.0927167 0.0729785 0.0078355 0.0664190 0.0677020 0.0675274 0.0470262 0.0654629 0.0440030 0.0497412 0.0667485 0.0553409 0.0616248 0.0507413 0.0593544 0.0587806 0.0574684 0.0489740 0.0250723 0.0694620 0.0665625 0.0686640 0.0686921 0.0924320 0.0592402 0.0894946 0.0756202 0.0599822 0.0666173 0.0664885 0.0929686 0.0450439 0.0950225 0.0521719 0.0712090 0.0705279 0.0548087 0.0741768 0.0725034 0.0965151 0.0678165 0.0796478 0.0606776 0.0551978 0.0566596 0.0574882 0.0097874 0.0574153 0.0598622 0.0474574 0.0088780 0.0072987 0.0653502 0.0464009 0.0723736 0.0604549 0.0652924 0.0682014 0.0651468 0.0690081 0.0700402 0.0616574 0.0587319 0.0592119 0.0590060 0.0763914 0.0501412 0.0564192 0.0581426 0.0594412 0.0670326 0.0592324 0.0582044 0.0562091 0.0708694 0.0593036 0.0658833 0.0637446 0.0651499 0.0633365 0.0687027 0.0661757 0.0652315 0.0536714 0.0567557 0.0755123 0.0505861 0.0606745 0.0625805 0.0546662 
S0289         0.1453913 0.0674674 0.0417398 0.0232970 0.0621369 0.0611628 0.0589632 0.0000000 0.0557639 0.0672081 0.0271005 0.0692129 0.0784464 0.0222270 0.0641478 0.0174285 0.0684405 0.0664526 0.0636042 0.0676875 0.0565028 0.0605218 0.0264350 0.0651236 0.0191343 0.0458973 0.0542777 0.0324372 0.0635911 0.0355187 0.0595592 0.0673138 0.0759135 0.0666904 0.0250387 0.0627288 0.0621960 0.0309467 0.0393873 0.0526106 0.0626719 0.0613710 0.0509695 0.0653945 0.0860816 0.0764229 0.0679041 0.0618460 0.0643725 0.0522668 0.0464208 0.0589321 0.0423296 0.0465684 0.0642144 0.0538949 0.0439021 0.0715569 0.0443526 0.0385201 0.0512701 0.0183441 0.0602288 0.0609238 0.0635666 0.0632092 0.0613323 0.0895672 0.0624540 0.0834109 0.0748751 0.0752682 0.0630518 0.0622775 0.0857796 0.0417329 0.0896952 0.0406604 0.0714766 0.0717795 0.0774793 0.0684700 0.0701795 0.0910014 0.0581248 0.0767100 0.0600538 0.0209104 0.0437592 0.0449993 0.0649328 0.0367365 0.0298562 0.0747471 0.0672734 0.0659435 0.0571012 0.0697531 0.0660796 0.0545811 0.0558772 0.0607043 0.0558157 0.0618408 0.0626195 0.0417648 0.0525606 0.0563187 0.0253016 0.0719061 0.0481197 0.0198034 0.0607498 0.0489491 0.0596796 0.0617012 0.0517768 0.0518650 0.0665980 0.0305566 0.0587112 0.0476974 0.0526426 0.0535526 0.0662324 0.0639468 0.0519396 0.0523188 0.0500777 0.0800187 0.0485013 0.0559650 0.0566669 0.0476397 
S0292         0.1411038 0.0546147 0.0373963 0.0500408 0.0513238 0.0517957 0.0604444 0.0557639 0.0000000 0.0562156 0.0574351 0.0643408 0.0712285 0.0538472 0.0618167 0.0489571 0.0357819 0.0459817 0.0599996 0.0619913 0.0488865 0.0533519 0.0544226 0.0549882 0.0505172 0.0375157 0.0482708 0.0586274 0.0605620 0.0492374 0.0499380 0.0628468 0.0705213 0.0695328 0.0545495 0.0538308 0.0555311 0.0588812 0.0487091 0.0611583 0.0558287 0.0535183 0.0476015 0.0617669 0.0764240 0.0696862 0.0659734 0.0595136 0.0559403 0.0473749 0.0385553 0.0506780 0.0361677 0.0403715 0.0503625 0.0481868 0.0530203 0.0643869 0.0545406 0.0506567 0.0402039 0.0475424 0.0542524 0.0517903 0.0498795 0.0527928 0.0516470 0.0824819 0.0550590 0.0763392 0.0607087 0.0741263 0.0492886 0.0485873 0.0778033 0.0347122 0.0823075 0.0512364 0.0568132 0.0402599 0.0649482 0.0647613 0.0321042 0.0836229 0.0498986 0.0629242 0.0437227 0.0499684 0.0526900 0.0539883 0.0607832 0.0465548 0.0556683 0.0712674 0.0624776 0.0629123 0.0511352 0.0626424 0.0363640 0.0135405 0.0493673 0.0542036 0.0474242 0.0246701 0.0582597 0.0547610 0.0086732 0.0140289 0.0569386 0.0589303 0.0402210 0.0500065 0.0528396 0.0557829 0.0559868 0.0543342 0.0200740 0.0206342 0.0586920 0.0587320 0.0481976 0.0556004 0.0469830 0.0511406 0.0335339 0.0320372 0.0598636 0.0391969 0.0423686 0.0681575 0.0382701 0.0231909 0.0501850 0.0378413 
S0293         0.1508081 0.0401699 0.0549742 0.0638953 0.0647186 0.0185458 0.0698318 0.0672081 0.0562156 0.0000000 0.0671363 0.0722155 0.0771542 0.0738849 0.0700070 0.0582554 0.0622059 0.0648555 0.0684414 0.0588057 0.0185572 0.0233320 0.0658924 0.0465627 0.0609383 0.0513978 0.0494754 0.0626877 0.0676534 0.0634804 0.0666700 0.0514801 0.0848800 0.0741062 0.0717114 0.0313330 0.0259807 0.0695945 0.0644262 0.0757356 0.0477161 0.0182693 0.0577688 0.0712895 0.0865256 0.0607897 0.0749878 0.0702661 0.0315740 0.0652179 0.0514189 0.0209918 0.0457652 0.0523178 0.0689088 0.0613279 0.0701262 0.0740574 0.0696335 0.0660567 0.0599455 0.0533175 0.0636797 0.0696424 0.0681992 0.0694017 0.0678689 0.0599026 0.0694639 0.0870634 0.0804444 0.0877803 0.0677252 0.0653877 0.0875871 0.0456721 0.0937059 0.0613990 0.0746991 0.0627984 0.0758341 0.0557805 0.0714976 0.0969042 0.0179019 0.0439927 0.0653897 0.0632213 0.0687403 0.0682102 0.0676306 0.0616614 0.0671465 0.0841994 0.0729092 0.0727131 0.0227549 0.0725685 0.0673267 0.0575326 0.0197957 0.0271747 0.0386699 0.0624986 0.0516011 0.0645090 0.0536831 0.0567448 0.0702200 0.0394230 0.0541473 0.0611031 0.0715043 0.0717303 0.0220961 0.0679072 0.0578683 0.0510898 0.0314521 0.0732096 0.0264650 0.0692545 0.0267197 0.0427607 0.0626246 0.0592142 0.0727019 0.0563571 0.0570426 0.0829846 0.0501696 0.0537431 0.0523246 0.0562250 
S0299         0.1481770 0.0722545 0.0367585 0.0213520 0.0620610 0.0641765 0.0613071 0.0271005 0.0574351 0.0671363 0.0000000 0.0712199 0.0825515 0.0266343 0.0679429 0.0199365 0.0708430 0.0705188 0.0649071 0.0730553 0.0594449 0.0629235 0.0242814 0.0682276 0.0213389 0.0462979 0.0610223 0.0372993 0.0660517 0.0375194 0.0628496 0.0731122 0.0786616 0.0717615 0.0241194 0.0681363 0.0648697 0.0274528 0.0430069 0.0557893 0.0679849 0.0639673 0.0503182 0.0690801 0.0894577 0.0818864 0.0716480 0.0621834 0.0672382 0.0535374 0.0468259 0.0618983 0.0439034 0.0464384 0.0633144 0.0538211 0.0465320 0.0744258 0.0491571 0.0427529 0.0527848 0.0208141 0.0626070 0.0630779 0.0638117 0.0665597 0.0646506 0.0946606 0.0604100 0.0855304 0.0743099 0.0748591 0.0640137 0.0632302 0.0891617 0.0434277 0.0918922 0.0443511 0.0705490 0.0704176 0.0758042 0.0741971 0.0727864 0.0926177 0.0610181 0.0819016 0.0589725 0.0231955 0.0473472 0.0480535 0.0664787 0.0397763 0.0273604 0.0767618 0.0692099 0.0672787 0.0617765 0.0713691 0.0691983 0.0586333 0.0593710 0.0637453 0.0594716 0.0647617 0.0686695 0.0425741 0.0548004 0.0578784 0.0265727 0.0770393 0.0480027 0.0186958 0.0593792 0.0520660 0.0611724 0.0590775 0.0551850 0.0523573 0.0721458 0.0202358 0.0622561 0.0498039 0.0578352 0.0576600 0.0675611 0.0669848 0.0551361 0.0509544 0.0510289 0.0806042 0.0489838 0.0558248 0.0634848 0.0502495 
S0303         0.1598066 0.0775773 0.0459306 0.0645551 0.0636631 0.0683195 0.0089803 0.0692129 0.0643408 0.0722155 0.0712199 0.0000000 0.0583413 0.0695105 0.0106565 0.0636182 0.0768419 0.0800101 0.0081916 0.0734819 0.0645473 0.0711299 0.0681613 0.0805145 0.0614950 0.0517035 0.0631712 0.0706059 0.0101640 0.0642131 0.0752419 0.0804295 0.0581018 0.0131801 0.0711209 0.0704371 0.0720265 0.0702047 0.0666830 0.0765831 0.0702675 0.0653418 0.0578076 0.0111556 0.1050255 0.0827739 0.0131458 0.0689618 0.0698186 0.0711736 0.0511236 0.0696833 0.0468151 0.0530689 0.0732131 0.0589828 0.0709474 0.0563517 0.0694546 0.0652134 0.0628403 0.0580433 0.0294070 0.0779470 0.0726257 0.0790709 0.0752769 0.1012472 0.0668983 0.1016439 0.0860934 0.0643670 0.0726467 0.0712767 0.1053930 0.0485787 0.1080470 0.0604663 0.0789166 0.0796701 0.0566289 0.0772234 0.0788528 0.1094846 0.0680451 0.0808099 0.0675973 0.0632939 0.0668193 0.0676414 0.0135132 0.0650220 0.0689776 0.0600820 0.0126375 0.0121420 0.0663973 0.0528039 0.0786781 0.0672920 0.0657117 0.0703328 0.0653528 0.0735704 0.0725386 0.0691958 0.0628626 0.0666640 0.0692718 0.0778262 0.0551179 0.0640433 0.0658755 0.0707203 0.0698333 0.0679988 0.0615079 0.0615383 0.0726882 0.0706848 0.0680664 0.0704946 0.0680609 0.0633579 0.0757243 0.0715639 0.0738216 0.0592210 0.0627822 0.0863917 0.0534174 0.0650941 0.0656011 0.0589874 
S0308         0.1612546 0.0860690 0.0612036 0.0756501 0.0779445 0.0758664 0.0501396 0.0784464 0.0712285 0.0771542 0.0825515 0.0583413 0.0000000 0.0832631 0.0531076 0.0703366 0.0854968 0.0777185 0.0513117 0.0823102 0.0738879 0.0787239 0.0754175 0.0754157 0.0707350 0.0634276 0.0743238 0.0697640 0.0536615 0.0752290 0.0809026 0.0834467 0.0717684 0.0522984 0.0811795 0.0792228 0.0803422 0.0796119 0.0751820 0.0845261 0.0819766 0.0758516 0.0686485 0.0536328 0.1012631 0.0870676 0.0547908 0.0710462 0.0792371 0.0747593 0.0616783 0.0759073 0.0530076 0.0648975 0.0838527 0.0704599 0.0791421 0.0644361 0.0767545 0.0730417 0.0705243 0.0685609 0.0488815 0.0816027 0.0825287 0.0834477 0.0795852 0.1000146 0.0803589 0.1004442 0.0867211 0.0745746 0.0818656 0.0815952 0.1014613 0.0555315 0.1077235 0.0670945 0.0870020 0.0795297 0.0683698 0.0860646 0.0861696 0.1065412 0.0761546 0.0886939 0.0791743 0.0743586 0.0759229 0.0773946 0.0538522 0.0723396 0.0787621 0.0694863 0.0548510 0.0554071 0.0719617 0.0620886 0.0838033 0.0730959 0.0731744 0.0797575 0.0703340 0.0826334 0.0801183 0.0805525 0.0710794 0.0735944 0.0837692 0.0850778 0.0652264 0.0702332 0.0799430 0.0805761 0.0774235 0.0797768 0.0675164 0.0681718 0.0827947 0.0820236 0.0724492 0.0770520 0.0761857 0.0757489 0.0819439 0.0794753 0.0844020 0.0705072 0.0698758 0.0874170 0.0627313 0.0710461 0.0744594 0.0677843 
S0320         0.1443424 0.0699415 0.0402814 0.0217464 0.0597794 0.0643177 0.0591636 0.0222270 0.0538472 0.0738849 0.0266343 0.0695105 0.0832631 0.0000000 0.0663037 0.0215599 0.0682561 0.0685680 0.0638632 0.0714352 0.0601727 0.0625163 0.0258776 0.0677728 0.0196910 0.0448723 0.0571246 0.0388275 0.0644344 0.0356584 0.0636778 0.0718987 0.0809001 0.0692494 0.0240382 0.0676508 0.0680114 0.0294412 0.0410833 0.0526156 0.0667871 0.0640213 0.0488376 0.0668408 0.0900827 0.0775400 0.0693731 0.0657858 0.0675906 0.0553000 0.0453957 0.0620648 0.0393485 0.0455612 0.0635221 0.0523078 0.0445477 0.0721532 0.0461735 0.0419071 0.0529695 0.0183637 0.0603716 0.0650906 0.0641621 0.0679536 0.0643175 0.0962686 0.0606808 0.0880406 0.0774506 0.0798763 0.0641339 0.0633553 0.0885164 0.0450070 0.0931259 0.0463489 0.0714897 0.0704412 0.0773030 0.0723150 0.0695404 0.0944888 0.0618100 0.0751134 0.0595893 0.0204220 0.0443921 0.0456385 0.0700622 0.0384153 0.0277474 0.0802904 0.0675496 0.0662130 0.0631005 0.0703465 0.0670857 0.0568171 0.0578067 0.0650435 0.0583292 0.0605116 0.0669880 0.0418516 0.0530453 0.0573162 0.0238161 0.0715615 0.0471138 0.0223692 0.0596041 0.0489887 0.0610776 0.0592910 0.0517001 0.0517722 0.0716448 0.0311413 0.0618306 0.0500314 0.0562382 0.0566801 0.0661953 0.0651938 0.0537282 0.0534884 0.0512262 0.0786945 0.0486195 0.0558647 0.0613884 0.0504489 
S0322         0.1542577 0.0767970 0.0458604 0.0608731 0.0599756 0.0670609 0.0062389 0.0641478 0.0618167 0.0700070 0.0679429 0.0106565 0.0531076 0.0663037 0.0000000 0.0594419 0.0722976 0.0772099 0.0052210 0.0726891 0.0633379 0.0698399 0.0635717 0.0745691 0.0561917 0.0466729 0.0607983 0.0651315 0.0052278 0.0599187 0.0693835 0.0759636 0.0523265 0.0138682 0.0654024 0.0679676 0.0706906 0.0664101 0.0623951 0.0714285 0.0702157 0.0657290 0.0537218 0.0076376 0.0991866 0.0777033 0.0090966 0.0657211 0.0667629 0.0655582 0.0450267 0.0684051 0.0438675 0.0479833 0.0705907 0.0559863 0.0665251 0.0511694 0.0650830 0.0615201 0.0585843 0.0560983 0.0249141 0.0719966 0.0693636 0.0731349 0.0694519 0.0937133 0.0614299 0.0975553 0.0808211 0.0606468 0.0706145 0.0692334 0.1007898 0.0435195 0.1046574 0.0629724 0.0761338 0.0750425 0.0548254 0.0764257 0.0760729 0.1047881 0.0667944 0.0806651 0.0655658 0.0590375 0.0625206 0.0633113 0.0082780 0.0607638 0.0651512 0.0554015 0.0095718 0.0081196 0.0663433 0.0477175 0.0752999 0.0635735 0.0644890 0.0702160 0.0634918 0.0702990 0.0712644 0.0648083 0.0609249 0.0629596 0.0660885 0.0764840 0.0489079 0.0583069 0.0604212 0.0669034 0.0683331 0.0624664 0.0575966 0.0573549 0.0707608 0.0651309 0.0650623 0.0672610 0.0673577 0.0633631 0.0712318 0.0671611 0.0705369 0.0562305 0.0585313 0.0803794 0.0516458 0.0608302 0.0626098 0.0559849 
S0327         0.1402602 0.0545912 0.0304581 0.0168741 0.0553572 0.0538371 0.0537034 0.0174285 0.0489571 0.0582554 0.0199365 0.0636182 0.0703366 0.0215599 0.0594419 0.0000000 0.0585007 0.0579895 0.0580025 0.0619612 0.0499157 0.0531170 0.0218281 0.0602177 0.0128428 0.0379424 0.0510637 0.0307750 0.0572790 0.0295305 0.0532760 0.0592646 0.0727622 0.0554379 0.0200112 0.0589254 0.0576199 0.0238172 0.0331426 0.0480150 0.0567416 0.0543935 0.0448956 0.0599664 0.0825541 0.0718578 0.0641986 0.0572931 0.0592046 0.0419991 0.0391534 0.0539437 0.0350446 0.0386970 0.0550543 0.0475213 0.0395566 0.0614575 0.0413097 0.0339482 0.0424204 0.0105172 0.0535666 0.0534007 0.0550315 0.0552358 0.0539018 0.0867580 0.0550588 0.0809955 0.0714095 0.0705600 0.0556560 0.0528403 0.0835955 0.0360219 0.0851249 0.0348403 0.0631226 0.0614510 0.0639221 0.0587666 0.0658544 0.0881935 0.0524436 0.0713696 0.0538718 0.0142027 0.0406253 0.0400960 0.0587279 0.0319625 0.0235881 0.0740297 0.0621389 0.0606499 0.0525073 0.0593857 0.0592890 0.0502208 0.0492416 0.0546921 0.0525798 0.0577121 0.0560863 0.0370445 0.0472311 0.0507576 0.0192137 0.0665741 0.0410754 0.0170259 0.0563077 0.0444764 0.0514446 0.0521570 0.0450870 0.0426225 0.0577931 0.0257052 0.0510931 0.0412665 0.0494533 0.0504943 0.0555783 0.0550164 0.0472773 0.0432098 0.0398190 0.0771291 0.0427402 0.0472335 0.0543826 0.0390305 
S0335         0.1498537 0.0649356 0.0462530 0.0618933 0.0638087 0.0631272 0.0711117 0.0684405 0.0357819 0.0622059 0.0708430 0.0768419 0.0854968 0.0682561 0.0722976 0.0585007 0.0000000 0.0488586 0.0704028 0.0749441 0.0606674 0.0647138 0.0667032 0.0664251 0.0629185 0.0487560 0.0611392 0.0693193 0.0709819 0.0596940 0.0599742 0.0716489 0.0818980 0.0831309 0.0678199 0.0646080 0.0661071 0.0715639 0.0616179 0.0754197 0.0661408 0.0632696 0.0574961 0.0728506 0.0932212 0.0818363 0.0760209 0.0722077 0.0662761 0.0534483 0.0498260 0.0619694 0.0490860 0.0511548 0.0609980 0.0592397 0.0675157 0.0727734 0.0671179 0.0619610 0.0498727 0.0610538 0.0639595 0.0630996 0.0579932 0.0642396 0.0617958 0.0844792 0.0672089 0.0932100 0.0759035 0.0836198 0.0593334 0.0580222 0.0941485 0.0443265 0.0988183 0.0548893 0.0639947 0.0487779 0.0764616 0.0748175 0.0514029 0.0980684 0.0605523 0.0745910 0.0563931 0.0619142 0.0651587 0.0653643 0.0700738 0.0581373 0.0697454 0.0833660 0.0728160 0.0728168 0.0612754 0.0717166 0.0407136 0.0395222 0.0593826 0.0644707 0.0554062 0.0445870 0.0699615 0.0687399 0.0337040 0.0394964 0.0696432 0.0705560 0.0521325 0.0587610 0.0649068 0.0684348 0.0646299 0.0671364 0.0411608 0.0337691 0.0690083 0.0709252 0.0610505 0.0700033 0.0604808 0.0610407 0.0367809 0.0159951 0.0720777 0.0492901 0.0521421 0.0779490 0.0489904 0.0359223 0.0649221 0.0468915 
S0345         0.1510120 0.0741989 0.0555074 0.0635594 0.0704269 0.0683934 0.0754374 0.0664526 0.0459817 0.0648555 0.0705188 0.0800101 0.0777185 0.0685680 0.0772099 0.0579895 0.0488586 0.0000000 0.0764684 0.0816770 0.0667698 0.0683378 0.0651761 0.0754415 0.0605117 0.0580027 0.0671356 0.0723564 0.0765461 0.0689816 0.0677130 0.0776572 0.0903072 0.0872373 0.0680913 0.0690350 0.0710136 0.0724635 0.0679933 0.0806446 0.0715957 0.0697152 0.0666758 0.0789068 0.0927172 0.0840948 0.0780303 0.0818978 0.0686717 0.0665712 0.0601643 0.0627358 0.0557592 0.0590328 0.0689373 0.0682445 0.0700365 0.0795933 0.0719346 0.0705289 0.0629037 0.0603671 0.0729273 0.0692890 0.0673945 0.0699446 0.0699303 0.0879441 0.0721688 0.0912724 0.0746093 0.0905764 0.0682584 0.0673818 0.0938142 0.0552280 0.0957449 0.0656111 0.0766250 0.0535877 0.0837777 0.0838830 0.0572876 0.0973253 0.0650846 0.0781791 0.0635786 0.0626919 0.0687968 0.0697321 0.0794022 0.0659574 0.0719615 0.0904256 0.0765157 0.0795652 0.0652862 0.0763621 0.0318361 0.0474397 0.0674392 0.0692748 0.0641649 0.0505039 0.0758007 0.0689470 0.0424515 0.0466495 0.0682068 0.0734590 0.0610332 0.0589864 0.0721533 0.0714248 0.0681069 0.0713807 0.0437991 0.0360576 0.0757933 0.0707783 0.0689506 0.0753153 0.0659726 0.0676970 0.0269726 0.0466303 0.0759582 0.0619631 0.0650600 0.0870411 0.0575418 0.0374211 0.0754213 0.0562563 
S0355         0.1507927 0.0748675 0.0457780 0.0590558 0.0581406 0.0651959 0.0046653 0.0636042 0.0599996 0.0684414 0.0649071 0.0081916 0.0513117 0.0638632 0.0052210 0.0580025 0.0704028 0.0764684 0.0000000 0.0707823 0.0615013 0.0679620 0.0622201 0.0750356 0.0555234 0.0460602 0.0595491 0.0668658 0.0047427 0.0587963 0.0688312 0.0752170 0.0516702 0.0118268 0.0648194 0.0672565 0.0675676 0.0645659 0.0605741 0.0701248 0.0683265 0.0643254 0.0519571 0.0061828 0.0983560 0.0787646 0.0076323 0.0633508 0.0660505 0.0641056 0.0454980 0.0665277 0.0426016 0.0473640 0.0687045 0.0542080 0.0646472 0.0499708 0.0632357 0.0591183 0.0567641 0.0541323 0.0233314 0.0714404 0.0674861 0.0725781 0.0688991 0.0945785 0.0596096 0.0969728 0.0788718 0.0576606 0.0687276 0.0673598 0.0986934 0.0434348 0.1025372 0.0619590 0.0730042 0.0719461 0.0519047 0.0732821 0.0729738 0.1026648 0.0649378 0.0774830 0.0637182 0.0572185 0.0606954 0.0614757 0.0082630 0.0578024 0.0632867 0.0536268 0.0081063 0.0057034 0.0644859 0.0465371 0.0721863 0.0617446 0.0626456 0.0671636 0.0610431 0.0684217 0.0681823 0.0629395 0.0591055 0.0611355 0.0642394 0.0733376 0.0482886 0.0581812 0.0586032 0.0650435 0.0669266 0.0606276 0.0562427 0.0555610 0.0688692 0.0632823 0.0632157 0.0654045 0.0648948 0.0615256 0.0693548 0.0653078 0.0674925 0.0533276 0.0567129 0.0772182 0.0487866 0.0590140 0.0619264 0.0541893 
S0376         0.1553558 0.0564040 0.0456773 0.0665652 0.0634874 0.0517013 0.0669393 0.0676875 0.0619913 0.0588057 0.0730553 0.0734819 0.0823102 0.0714352 0.0726891 0.0619612 0.0749441 0.0816770 0.0707823 0.0000000 0.0481113 0.0514965 0.0691736 0.0564733 0.0637948 0.0548012 0.0248895 0.0694131 0.0707675 0.0681037 0.0652820 0.0592285 0.0841835 0.0766746 0.0718462 0.0537457 0.0553847 0.0733012 0.0681462 0.0779175 0.0487786 0.0533543 0.0625832 0.0731622 0.0853165 0.0648611 0.0756637 0.0737188 0.0522344 0.0651674 0.0542125 0.0535210 0.0519382 0.0561193 0.0671285 0.0651070 0.0749505 0.0764997 0.0709039 0.0679588 0.0610401 0.0627089 0.0649831 0.0678782 0.0678937 0.0695285 0.0676834 0.0824814 0.0682371 0.0812550 0.0812665 0.0914701 0.0677707 0.0651407 0.0874935 0.0484739 0.0901840 0.0642053 0.0765089 0.0757868 0.0793701 0.0629890 0.0782045 0.0927504 0.0514723 0.0655257 0.0657516 0.0652659 0.0688938 0.0703223 0.0709076 0.0664746 0.0715412 0.0817350 0.0733903 0.0743996 0.0504498 0.0740685 0.0793633 0.0642333 0.0480674 0.0517276 0.0463113 0.0668696 0.0576760 0.0735978 0.0592286 0.0630357 0.0710786 0.0602570 0.0582336 0.0589052 0.0646891 0.0716235 0.0527685 0.0669234 0.0622372 0.0586302 0.0544533 0.0748765 0.0491561 0.0701452 0.0496012 0.0469073 0.0746250 0.0728346 0.0760148 0.0584078 0.0597954 0.0803504 0.0522021 0.0628054 0.0286024 0.0602314 
S0400         0.1439482 0.0344507 0.0471216 0.0526429 0.0550992 0.0120513 0.0633287 0.0565028 0.0488865 0.0185572 0.0594449 0.0645473 0.0738879 0.0601727 0.0633379 0.0499157 0.0606674 0.0667698 0.0615013 0.0481113 0.0000000 0.0130097 0.0559187 0.0353538 0.0501929 0.0431774 0.0377094 0.0612886 0.0614885 0.0516934 0.0579386 0.0456456 0.0749546 0.0720293 0.0582090 0.0194981 0.0148848 0.0590439 0.0540985 0.0638919 0.0357075 0.0072697 0.0495200 0.0644573 0.0748170 0.0486469 0.0675365 0.0679661 0.0206781 0.0624353 0.0436987 0.0120799 0.0392666 0.0444705 0.0598617 0.0535821 0.0597481 0.0668997 0.0571370 0.0537726 0.0501793 0.0463499 0.0569529 0.0616010 0.0604176 0.0633056 0.0607370 0.0483765 0.0600337 0.0766728 0.0694895 0.0778202 0.0618718 0.0599405 0.0750780 0.0387128 0.0807177 0.0547667 0.0671069 0.0626136 0.0720300 0.0439261 0.0632093 0.0820297 0.0100582 0.0290317 0.0574425 0.0501561 0.0564542 0.0572061 0.0632537 0.0519060 0.0570990 0.0707715 0.0651575 0.0638350 0.0110557 0.0651248 0.0619831 0.0522629 0.0100860 0.0145708 0.0253799 0.0558057 0.0399502 0.0534455 0.0479757 0.0511104 0.0565599 0.0259346 0.0454052 0.0496301 0.0578347 0.0619291 0.0143179 0.0593439 0.0521694 0.0463526 0.0216246 0.0601609 0.0165060 0.0604194 0.0141294 0.0306901 0.0581066 0.0581333 0.0638973 0.0483762 0.0495920 0.0692266 0.0427859 0.0490910 0.0400965 0.0471152 
S0405         0.1461961 0.0360800 0.0492915 0.0566305 0.0585875 0.0164951 0.0698551 0.0605218 0.0533519 0.0233320 0.0629235 0.0711299 0.0787239 0.0625163 0.0698399 0.0531170 0.0647138 0.0683378 0.0679620 0.0514965 0.0130097 0.0000000 0.0596942 0.0387017 0.0541407 0.0458472 0.0409903 0.0638586 0.0679479 0.0556432 0.0613859 0.0489618 0.0785497 0.0770087 0.0629300 0.0230289 0.0164000 0.0630683 0.0592168 0.0686106 0.0400301 0.0141600 0.0528937 0.0697721 0.0796677 0.0503099 0.0741213 0.0718136 0.0237374 0.0650773 0.0470015 0.0165350 0.0422535 0.0471588 0.0633047 0.0558513 0.0650288 0.0722477 0.0623106 0.0589077 0.0530299 0.0506410 0.0621584 0.0650891 0.0638639 0.0679977 0.0642030 0.0519081 0.0636074 0.0803436 0.0736637 0.0835226 0.0641917 0.0622098 0.0793497 0.0424751 0.0856611 0.0588735 0.0694294 0.0661012 0.0732254 0.0466635 0.0684235 0.0869924 0.0134800 0.0337558 0.0602981 0.0547694 0.0616098 0.0623867 0.0693801 0.0570010 0.0594296 0.0717533 0.0716977 0.0715311 0.0115365 0.0704490 0.0648696 0.0550771 0.0120485 0.0160506 0.0274833 0.0586308 0.0426507 0.0563498 0.0507653 0.0550324 0.0618339 0.0306222 0.0498283 0.0538125 0.0625024 0.0648373 0.0181118 0.0629360 0.0572084 0.0490940 0.0256901 0.0630551 0.0190003 0.0656230 0.0186344 0.0328507 0.0609483 0.0621401 0.0691909 0.0517124 0.0524369 0.0721703 0.0466242 0.0507597 0.0434189 0.0504680 
S0407sl       0.1424597 0.0683680 0.0371330 0.0225095 0.0586526 0.0591362 0.0605910 0.0264350 0.0544226 0.0658924 0.0242814 0.0681613 0.0754175 0.0258776 0.0635717 0.0218281 0.0667032 0.0651761 0.0622201 0.0691736 0.0559187 0.0596942 0.0000000 0.0639129 0.0213714 0.0414507 0.0583419 0.0331709 0.0622062 0.0328844 0.0591852 0.0683835 0.0722191 0.0655366 0.0263532 0.0639846 0.0628878 0.0320167 0.0368985 0.0536618 0.0586276 0.0604432 0.0468935 0.0654660 0.0838548 0.0723698 0.0674231 0.0639592 0.0650821 0.0551532 0.0437530 0.0560265 0.0377730 0.0445632 0.0578000 0.0494223 0.0424276 0.0673036 0.0459611 0.0400237 0.0495071 0.0183379 0.0573337 0.0606242 0.0608286 0.0604804 0.0629859 0.0896494 0.0586983 0.0821330 0.0683225 0.0707614 0.0596990 0.0595516 0.0834393 0.0426113 0.0869399 0.0353116 0.0667255 0.0681194 0.0750691 0.0708741 0.0673379 0.0877350 0.0583523 0.0755495 0.0578053 0.0213333 0.0440620 0.0447654 0.0663502 0.0358651 0.0307467 0.0670882 0.0629767 0.0640585 0.0578120 0.0667921 0.0642750 0.0550501 0.0559192 0.0611627 0.0582236 0.0615563 0.0657908 0.0382662 0.0515193 0.0543812 0.0264222 0.0704507 0.0456367 0.0087796 0.0582315 0.0490951 0.0581481 0.0574712 0.0516056 0.0488538 0.0682102 0.0298559 0.0588436 0.0464988 0.0545507 0.0552354 0.0607715 0.0632661 0.0517336 0.0488764 0.0482167 0.0747556 0.0453177 0.0538844 0.0597394 0.0468459 
S0412sl       0.1449546 0.0466320 0.0544278 0.0633726 0.0681506 0.0382133 0.0742101 0.0651236 0.0549882 0.0465627 0.0682276 0.0805145 0.0754157 0.0677728 0.0745691 0.0602177 0.0664251 0.0754415 0.0750356 0.0564733 0.0353538 0.0387017 0.0639129 0.0000000 0.0588994 0.0524187 0.0458458 0.0666496 0.0736822 0.0605474 0.0684917 0.0524803 0.0873329 0.0757862 0.0675893 0.0414466 0.0416624 0.0685155 0.0636864 0.0730723 0.0459657 0.0379581 0.0605404 0.0776073 0.0820451 0.0516157 0.0797232 0.0718398 0.0423780 0.0635084 0.0530082 0.0400612 0.0508326 0.0550432 0.0699178 0.0625746 0.0696203 0.0739087 0.0644747 0.0633122 0.0549706 0.0565782 0.0662097 0.0699070 0.0694005 0.0710715 0.0690802 0.0694165 0.0727002 0.0891972 0.0780959 0.0905701 0.0683029 0.0667957 0.0823151 0.0465597 0.0883336 0.0597891 0.0739087 0.0663681 0.0794219 0.0531586 0.0676969 0.0905940 0.0363967 0.0514749 0.0688096 0.0608261 0.0643782 0.0658427 0.0722853 0.0618867 0.0656224 0.0826640 0.0778206 0.0788914 0.0381836 0.0725946 0.0697213 0.0572566 0.0364154 0.0417889 0.0366319 0.0630092 0.0471913 0.0652401 0.0545389 0.0567173 0.0690462 0.0461450 0.0566498 0.0590895 0.0716523 0.0669971 0.0418387 0.0720929 0.0584493 0.0551554 0.0457204 0.0683937 0.0358308 0.0687274 0.0378632 0.0417144 0.0694889 0.0655548 0.0698653 0.0573678 0.0518627 0.0742771 0.0507965 0.0576836 0.0460492 0.0553032 
S0417         0.1352462 0.0626417 0.0352131 0.0176477 0.0561415 0.0542021 0.0528537 0.0191343 0.0505172 0.0609383 0.0213389 0.0614950 0.0707350 0.0196910 0.0561917 0.0128428 0.0629185 0.0605117 0.0555234 0.0637948 0.0501929 0.0541407 0.0213714 0.0588994 0.0000000 0.0397597 0.0518297 0.0271297 0.0555119 0.0291271 0.0566315 0.0616017 0.0709654 0.0578805 0.0198231 0.0568895 0.0568884 0.0241586 0.0317525 0.0457116 0.0572530 0.0513225 0.0448115 0.0578620 0.0799258 0.0724603 0.0597056 0.0583691 0.0584593 0.0456787 0.0402766 0.0525846 0.0338593 0.0404033 0.0588016 0.0476500 0.0366406 0.0642278 0.0393773 0.0314255 0.0449196 0.0095750 0.0520390 0.0568532 0.0581695 0.0602436 0.0561202 0.0808486 0.0575875 0.0759274 0.0669686 0.0733061 0.0576583 0.0569120 0.0796073 0.0373819 0.0834569 0.0333959 0.0653440 0.0656340 0.0695272 0.0626414 0.0642099 0.0847403 0.0517959 0.0711771 0.0542236 0.0112389 0.0376541 0.0383083 0.0590898 0.0296841 0.0240177 0.0692566 0.0590936 0.0578101 0.0530283 0.0618982 0.0618726 0.0522008 0.0495845 0.0543029 0.0512077 0.0575937 0.0578956 0.0339685 0.0484695 0.0527475 0.0196569 0.0664424 0.0413988 0.0167473 0.0553534 0.0427158 0.0540292 0.0562585 0.0493349 0.0461118 0.0618479 0.0237397 0.0523433 0.0397600 0.0497639 0.0489959 0.0603266 0.0592072 0.0456036 0.0460435 0.0437579 0.0724243 0.0417385 0.0501236 0.0547605 0.0424948 
S0419         0.1343109 0.0518379 0.0056400 0.0404380 0.0251407 0.0471257 0.0470579 0.0458973 0.0375157 0.0513978 0.0462979 0.0517035 0.0634276 0.0448723 0.0466729 0.0379424 0.0487560 0.0580027 0.0460602 0.0548012 0.0431774 0.0458472 0.0414507 0.0524187 0.0397597 0.0000000 0.0426665 0.0458839 0.0455004 0.0390810 0.0466844 0.0575051 0.0614661 0.0515346 0.0435291 0.0485973 0.0489866 0.0467644 0.0396047 0.0517340 0.0482839 0.0447552 0.0175887 0.0477391 0.0761190 0.0606849 0.0494952 0.0521654 0.0500722 0.0456210 0.0057009 0.0472473 0.0047076 0.0062013 0.0436898 0.0196128 0.0430759 0.0561972 0.0436716 0.0403689 0.0347899 0.0363269 0.0382655 0.0479608 0.0460103 0.0501486 0.0478281 0.0687120 0.0273955 0.0746275 0.0595025 0.0600359 0.0466160 0.0453636 0.0769842 0.0065806 0.0819759 0.0371334 0.0517507 0.0534996 0.0599547 0.0558710 0.0528427 0.0832856 0.0431083 0.0605137 0.0426080 0.0396617 0.0424147 0.0436395 0.0455429 0.0364479 0.0458056 0.0610185 0.0489114 0.0488169 0.0453923 0.0544921 0.0522018 0.0386177 0.0414690 0.0483787 0.0412558 0.0447511 0.0517240 0.0437142 0.0355269 0.0391253 0.0464743 0.0565470 0.0085987 0.0371331 0.0264458 0.0464488 0.0483483 0.0275899 0.0412845 0.0344992 0.0511421 0.0481782 0.0442211 0.0451651 0.0451144 0.0415166 0.0475344 0.0458030 0.0498646 0.0343981 0.0353069 0.0594986 0.0269347 0.0377372 0.0461428 0.0330196 
S0427         0.1476824 0.0461185 0.0405084 0.0530663 0.0541033 0.0421805 0.0598598 0.0542777 0.0482708 0.0494754 0.0610223 0.0631712 0.0743238 0.0571246 0.0607983 0.0510637 0.0611392 0.0671356 0.0595491 0.0248895 0.0377094 0.0409903 0.0583419 0.0458458 0.0518297 0.0426665 0.0000000 0.0611168 0.0589710 0.0541005 0.0540823 0.0501744 0.0742357 0.0659424 0.0593622 0.0431104 0.0449596 0.0606953 0.0534880 0.0633467 0.0417022 0.0431055 0.0506650 0.0619083 0.0801666 0.0515403 0.0643535 0.0670227 0.0415535 0.0546836 0.0431879 0.0411888 0.0392550 0.0439177 0.0542397 0.0519281 0.0597131 0.0660831 0.0584036 0.0525881 0.0465831 0.0487744 0.0533004 0.0559759 0.0580230 0.0588043 0.0558191 0.0702116 0.0535559 0.0761622 0.0737174 0.0811130 0.0549186 0.0530610 0.0822999 0.0374525 0.0861628 0.0538627 0.0638433 0.0642301 0.0676094 0.0514407 0.0655638 0.0874962 0.0393026 0.0543177 0.0557881 0.0530135 0.0565099 0.0578426 0.0595975 0.0518760 0.0588425 0.0701228 0.0614572 0.0624539 0.0393873 0.0631392 0.0647586 0.0522943 0.0377012 0.0400593 0.0367862 0.0565090 0.0474419 0.0603024 0.0480041 0.0504986 0.0588122 0.0503905 0.0459840 0.0522064 0.0508137 0.0608205 0.0459780 0.0528336 0.0501650 0.0462386 0.0443568 0.0635869 0.0371016 0.0576576 0.0379417 0.0371667 0.0604307 0.0586043 0.0632622 0.0460011 0.0460052 0.0690509 0.0417092 0.0496150 0.0185979 0.0470337 
S0428sl       0.1587863 0.0624958 0.0301250 0.0333162 0.0637121 0.0655806 0.0668724 0.0324372 0.0586274 0.0626877 0.0372993 0.0706059 0.0697640 0.0388275 0.0651315 0.0307750 0.0693193 0.0723564 0.0668658 0.0694131 0.0612886 0.0638586 0.0331709 0.0666496 0.0271297 0.0458839 0.0611168 0.0000000 0.0643026 0.0421758 0.0560716 0.0675072 0.0844405 0.0700455 0.0364157 0.0645578 0.0526337 0.0426364 0.0460267 0.0574973 0.0622508 0.0654676 0.0533477 0.0685580 0.0824658 0.0773794 0.0685774 0.0673684 0.0638976 0.0549922 0.0474361 0.0631520 0.0435180 0.0469951 0.0604455 0.0543383 0.0499635 0.0697175 0.0486212 0.0486292 0.0534226 0.0277490 0.0620084 0.0543807 0.0602546 0.0550432 0.0560730 0.0707293 0.0612358 0.0780705 0.0701691 0.0796475 0.0585355 0.0558540 0.0855151 0.0450053 0.0865214 0.0454451 0.0678145 0.0683126 0.0736228 0.0720429 0.0708507 0.0886062 0.0629038 0.0787311 0.0640241 0.0316962 0.0477885 0.0479399 0.0675506 0.0453782 0.0417430 0.0786785 0.0660990 0.0676785 0.0630073 0.0660107 0.0651418 0.0603040 0.0639142 0.0675457 0.0637767 0.0657668 0.0652219 0.0460405 0.0544866 0.0601738 0.0341026 0.0698413 0.0483491 0.0175235 0.0594514 0.0495057 0.0674328 0.0577988 0.0598262 0.0529218 0.0691067 0.0374048 0.0628704 0.0543454 0.0594568 0.0543448 0.0639135 0.0655859 0.0548923 0.0500739 0.0491052 0.0786105 0.0463122 0.0572420 0.0637953 0.0480541 
S0430         0.1491601 0.0748519 0.0443287 0.0590436 0.0575446 0.0644601 0.0057221 0.0635911 0.0605620 0.0676534 0.0660517 0.0101640 0.0536615 0.0644344 0.0052278 0.0572790 0.0709819 0.0765461 0.0047427 0.0707675 0.0614885 0.0679479 0.0622062 0.0736822 0.0555119 0.0455004 0.0589710 0.0643026 0.0000000 0.0593558 0.0694098 0.0744359 0.0523004 0.0125096 0.0648060 0.0672426 0.0687426 0.0645526 0.0611365 0.0700939 0.0683122 0.0643079 0.0519474 0.0071547 0.0952083 0.0769304 0.0086112 0.0647337 0.0660368 0.0646745 0.0449384 0.0665138 0.0420380 0.0467995 0.0675499 0.0542130 0.0646532 0.0499754 0.0632080 0.0591271 0.0573286 0.0535542 0.0243968 0.0720241 0.0680616 0.0725461 0.0694783 0.0927778 0.0590407 0.0938202 0.0794437 0.0600635 0.0681427 0.0667784 0.0955339 0.0421343 0.0993516 0.0586077 0.0747956 0.0713382 0.0548114 0.0744789 0.0735576 0.0994750 0.0637778 0.0781050 0.0642869 0.0572066 0.0606691 0.0614490 0.0077102 0.0595110 0.0632735 0.0548369 0.0090862 0.0057038 0.0644725 0.0465413 0.0739693 0.0611741 0.0626326 0.0683125 0.0609640 0.0689967 0.0682146 0.0635151 0.0596683 0.0605661 0.0630834 0.0751383 0.0477244 0.0567217 0.0580344 0.0650151 0.0669137 0.0594745 0.0568593 0.0555371 0.0688549 0.0632454 0.0632026 0.0652526 0.0654698 0.0609202 0.0699291 0.0658772 0.0680525 0.0549988 0.0555564 0.0778120 0.0498932 0.0589884 0.0613451 0.0547477 
