115
PAFTOL_019361 0.0000000 0.1896462 0.0000010 0.2105445 0.2061512 0.2761714 0.2038491 0.2030696 0.2744689 0.2830247 0.2780987 0.2310877 0.2275278 0.2217844 0.2335507 0.2309288 0.2123331 0.1924249 0.2034801 0.2621420 0.2555947 0.2393500 0.2310877 0.2135307 0.2443544 0.3155646 0.2014735 0.2045846 0.2002481 0.2582170 0.2158023 0.2289909 0.2310877 0.2660973 0.2426974 0.2449323 0.1914994 0.2147399 0.2400283 0.2235043 0.2475488 0.2131914 0.2342335 0.1984848 0.2978363 0.2597280 0.2375614 0.2321702 0.2338192 0.1848363 0.2200469 0.2197632 0.3290009 0.2396645 0.2307871 0.2624622 0.2644429 0.3086019 0.2200659 0.2447427 0.2420443 0.2336593 0.2289967 0.2162761 0.2590356 0.2708745 0.2113271 0.2199612 0.2052706 0.2244683 0.2042804 0.2373278 0.2679150 0.2697567 0.2384898 0.2329808 0.2761615 0.2921542 0.2137528 0.2326126 0.1914423 0.2794931 0.1980424 0.2038491 0.2132195 0.2156087 0.2074362 0.2313796 0.1865210 0.2183337 0.2163201 0.2034727 0.2477029 0.2474281 0.2748737 0.2032827 0.2383739 0.2256162 0.2310355 0.2120663 0.2945214 0.2089506 0.2485481 0.2287600 0.2212784 0.2177471 0.2091682 0.2584868 0.2033584 0.2086858 0.2608331 0.2309223 0.2103999 0.2298627 0.1988976 
S0055         0.1896462 0.0000000 0.0000010 0.0580853 0.0401154 0.0981288 0.0397517 0.0233139 0.0625729 0.1486325 0.1246067 0.0792164 0.0966510 0.0484286 0.0694119 0.0791774 0.0443329 0.0315451 0.0234031 0.0806797 0.0898750 0.0708040 0.0792164 0.0859536 0.0951691 0.1366986 0.0651324 0.0274859 0.0961200 0.1241196 0.0408340 0.0495167 0.0792164 0.1920717 0.0803263 0.0886654 0.0483905 0.0690236 0.0799615 0.0485180 0.0848307 0.0903702 0.0802096 0.0889264 0.1142054 0.1127445 0.0887685 0.0795291 0.0818424 0.0801540 0.0764696 0.0762814 0.1334834 0.0798626 0.1745351 0.1269781 0.1033334 0.1380257 0.0996282 0.1214795 0.2052913 0.0845840 0.1992693 0.1037453 0.0754612 0.0986171 0.0700111 0.0664102 0.0316958 0.1031725 0.0524205 0.1436587 0.1184099 0.1190878 0.0840673 0.1349445 0.1632792 0.1126798 0.0709325 0.0750770 0.0233883 0.1040026 0.0485848 0.0397517 0.0402874 0.0314760 0.0280887 0.0794960 0.0486253 0.0485475 0.0565589 0.0790137 0.0848692 0.0756188 0.1291297 0.0314528 0.0795051 0.0704820 0.0619910 0.0401122 0.1637208 0.0612335 0.1721568 0.0748721 0.0442047 0.0850151 0.0483605 0.1240844 0.0618014 0.1022749 0.0994765 0.0748003 0.0485917 0.0569382 0.0664458 
S0196sl       0.0000010 0.0000010 0.0000000 0.0000026 0.0000010 0.0000010 0.0000010 0.0000010 0.0000010 0.0000010 0.0000010 0.0000010 0.0000010 0.0000010 0.0000010 0.0000010 0.0000010 0.0000010 0.0000010 0.0000010 1.0344257 0.8931140 0.0000010 0.5035543 0.0000010 0.0000010 0.0000010 0.0000010 0.0000010 0.0000010 0.0000010 0.0000010 0.0000010 0.0000010 0.0000010 0.0000010 0.0000010 0.5035543 1.0344257 0.0000010 1.0344257 0.5035543 1.0344257 0.0000010 0.0000010 0.0000010 1.0344257 0.0000010 0.5035543 0.5035543 0.5035543 0.5035543 0.0000010 1.0344257 0.0000010 1.0344257 0.0000010 0.0000010 0.5035543 0.5035543 0.0000010 1.0344257 0.0000010 0.5035543 0.5035543 0.0000010 0.0000010 0.0000010 0.0000010 0.5035543 0.5035543 0.8931140 0.0000010 0.0000010 0.0000010 0.0000010 0.0000010 0.0000010 0.0000010 0.0000010 0.0000010 0.0000010 0.0000010 0.0000010 0.0000010 0.0000010 0.0000010 0.0000010 0.0000010 0.0000010 0.0000010 0.0000010 1.0344257 1.0344257 0.0000010 0.5035543 0.0000010 0.0000010 0.0000010 1.0344257 0.0000010 0.8931140 0.0000010 0.0000010 0.0000010 0.0000010 0.0000010 0.0000010 0.5035543 0.0000010 0.0000010 1.0344257 0.0000010 0.0000010 0.0000010 
S0281         0.2105445 0.0580853 0.0000026 0.0000000 0.0765670 0.1002294 0.0494385 0.0539153 0.0974763 0.1516093 0.1172850 0.0761901 0.1177445 0.0669013 0.0647054 0.0761521 0.0497133 0.0670913 0.0580374 0.0878588 0.0322494 0.0637298 0.0761901 0.0884834 0.0929827 0.1343344 0.0669998 0.0627014 0.1115733 0.1165997 0.0553463 0.0777334 0.0761901 0.2010163 0.0780490 0.0811216 0.0812175 0.0814695 0.0238022 0.0768466 0.0278807 0.0930329 0.0322369 0.1039520 0.1317533 0.1051431 0.0909015 0.0810658 0.0842567 0.0824688 0.0786942 0.0880481 0.1810612 0.0197695 0.1826313 0.1115299 0.1266396 0.1349746 0.0785202 0.0996974 0.2151136 0.0279017 0.2087576 0.0969831 0.0631686 0.1215914 0.0811893 0.0683774 0.0674321 0.0908621 0.0538669 0.1485703 0.1108462 0.1114922 0.0810908 0.1441463 0.1806644 0.1099580 0.0719750 0.0766082 0.0579987 0.1111025 0.0365104 0.0494385 0.0772081 0.0669353 0.0638448 0.0912195 0.0676112 0.0585202 0.0768687 0.0859659 0.0279900 0.0238358 0.1162787 0.0579987 0.0278691 0.0771295 0.0719106 0.0720085 0.1693435 0.0498125 0.1663211 0.0679602 0.0721037 0.0590640 0.0579239 0.1165648 0.0635444 0.1052113 0.0822616 0.0320104 0.0538299 0.0585694 0.0681608 
S0282         0.2061512 0.0401154 0.0000010 0.0765670 0.0000000 0.0890363 0.0440020 0.0234257 0.0901920 0.1632420 0.1187767 0.0742265 0.1098084 0.0747245 0.0749464 0.0741905 0.0529373 0.0235138 0.0234627 0.0808025 0.0947991 0.0799786 0.0742265 0.0908821 0.1049610 0.1201783 0.0791050 0.0275566 0.1100269 0.1366316 0.0452001 0.0410026 0.0742265 0.2076359 0.0804481 0.0835117 0.0485185 0.0796402 0.0847380 0.0401798 0.0893421 0.0953353 0.0942110 0.1025276 0.1230257 0.1248136 0.0843127 0.0745168 0.0867520 0.0849517 0.0812761 0.0904443 0.1599706 0.0799829 0.1896939 0.1386392 0.1182945 0.1261316 0.0998930 0.1268055 0.2218555 0.0894144 0.2155730 0.1088243 0.0892939 0.1134362 0.0790718 0.0665880 0.0236253 0.0985998 0.0611112 0.1493215 0.1307022 0.1314666 0.0789854 0.1467518 0.1749405 0.0968612 0.0660274 0.0790898 0.0154970 0.1081120 0.0570672 0.0440020 0.0278716 0.0315575 0.0406823 0.0849865 0.0571171 0.0527425 0.0704252 0.0882567 0.0895665 0.0846071 0.1417770 0.0234456 0.0796243 0.0751193 0.0797875 0.0317796 0.1754199 0.0790847 0.1727625 0.0887372 0.0571150 0.0897277 0.0657324 0.1365942 0.0662513 0.1072289 0.1138566 0.0839922 0.0660526 0.0657514 0.0752695 
S0288         0.2761714 0.0981288 0.0000010 0.1002294 0.0890363 0.0000000 0.0669967 0.0637863 0.1150927 0.2881278 0.1169031 0.0189200 0.1886345 0.0981150 0.1173636 0.0189066 0.0833340 0.0822214 0.0671416 0.1242607 0.1064067 0.0977604 0.0189200 0.1263179 0.1337181 0.0990459 0.0971433 0.0743544 0.2216637 0.1698804 0.0937693 0.0743544 0.0189200 0.2396658 0.1246315 0.0321557 0.1137776 0.1254679 0.0980053 0.1133713 0.0980061 0.1171235 0.0973084 0.2018072 0.0922736 0.1584812 0.1216308 0.0190490 0.1190491 0.0999927 0.1181669 0.1179079 0.1959478 0.1056343 0.2309953 0.1669262 0.0834478 0.1367400 0.0995556 0.1172641 0.2187576 0.0980053 0.2288938 0.1240357 0.0978546 0.0759824 0.0898087 0.0834041 0.0823464 0.1137550 0.0822189 0.1924508 0.1584812 0.1584812 0.0255468 0.2109999 0.2588592 0.0847947 0.0193455 0.0255976 0.0743544 0.0765118 0.0904064 0.0669967 0.0988497 0.0743170 0.0843738 0.1053554 0.0971639 0.0669622 0.0977688 0.1050576 0.1064507 0.1056352 0.1681082 0.0816475 0.0973266 0.1056868 0.1146546 0.0897037 0.2779984 0.0743170 0.2460225 0.0822286 0.1138093 0.1317795 0.0979841 0.1800666 0.0908946 0.1388336 0.1204599 0.1050250 0.0987985 0.0979089 0.1073651 
S0292         0.2038491 0.0397517 0.0000010 0.0494385 0.0440020 0.0669967 0.0000000 0.0280373 0.0709939 0.1500452 0.1138203 0.0610210 0.1038244 0.0481130 0.0530830 0.0609922 0.0275404 0.0394756 0.0312390 0.0665205 0.0709493 0.0440200 0.0610210 0.0670434 0.0759182 0.1153966 0.0608476 0.0436194 0.0970786 0.1136872 0.0363285 0.0578344 0.0610210 0.1860215 0.0662336 0.0700198 0.0565150 0.0639097 0.0615810 0.0566660 0.0661919 0.0713284 0.0661123 0.0898022 0.1132589 0.1025579 0.0700984 0.0612572 0.0629943 0.0617243 0.0580032 0.0667336 0.1483347 0.0615067 0.1702860 0.1125298 0.1036685 0.1264831 0.0706628 0.0952056 0.1932133 0.0660043 0.1988764 0.0842943 0.0529414 0.0989359 0.0518553 0.0357446 0.0312617 0.0930737 0.0354300 0.1330573 0.1080985 0.1087127 0.0656119 0.1184837 0.1636633 0.0970165 0.0572212 0.0656968 0.0312193 0.0938118 0.0316180 0.0000010 0.0397264 0.0393891 0.0361550 0.0443097 0.0482481 0.0076669 0.0233845 0.0696011 0.0662211 0.0661631 0.1186387 0.0393600 0.0612369 0.0274734 0.0528921 0.0481868 0.1529146 0.0522556 0.1550628 0.0655203 0.0522982 0.0571550 0.0396884 0.1136536 0.0442257 0.0831322 0.0847787 0.0567691 0.0398752 0.0396979 0.0486225 
S0293         0.2030696 0.0233139 0.0000010 0.0539153 0.0234257 0.0637863 0.0280373 0.0000000 0.0650142 0.1581775 0.1042894 0.0581664 0.1046327 0.0531541 0.0590840 0.0581337 0.0233017 0.0138289 0.0091452 0.0704183 0.0700282 0.0535688 0.0581664 0.0542670 0.0930584 0.0992586 0.0582928 0.0185377 0.0970788 0.0936814 0.0286662 0.0340486 0.0581664 0.1632268 0.0594529 0.0636496 0.0281106 0.0396955 0.0588484 0.0187075 0.0640647 0.0592965 0.0645679 0.0898015 0.1091953 0.0870716 0.0694049 0.0584355 0.0494641 0.0430704 0.0438100 0.0539738 0.1094541 0.0590516 0.1360705 0.0899727 0.0917840 0.1244983 0.0644051 0.0873912 0.1926112 0.0641245 0.1926112 0.0689130 0.0640720 0.0862523 0.0582290 0.0590352 0.0139064 0.0691306 0.0378456 0.1383340 0.0934098 0.0940320 0.0636220 0.1287136 0.1611461 0.0773701 0.0582119 0.0581664 0.0045473 0.0863367 0.0331336 0.0280373 0.0236405 0.0137837 0.0188043 0.0803631 0.0430706 0.0330736 0.0479013 0.0632594 0.0643551 0.0643474 0.0995105 0.0091452 0.0587406 0.0534736 0.0588183 0.0186503 0.1488343 0.0582208 0.1372864 0.0635626 0.0281371 0.0595034 0.0480037 0.0997930 0.0332583 0.0905639 0.0748485 0.0585544 0.0380527 0.0281669 0.0588187 
S0294         0.2744689 0.0625729 0.0000010 0.0974763 0.0901920 0.1150927 0.0709939 0.0650142 0.0000000 0.1980174 0.1755617 0.1091316 0.1333926 0.0714599 0.1055101 0.1044612 0.0629043 0.0801355 0.0619775 0.1161357 0.1263000 0.0911186 0.1091316 0.1168081 0.1269828 0.1617189 0.0946041 0.0755820 0.1340259 0.1549834 0.0680548 0.1018012 0.1091316 0.2110990 0.0961073 0.1096808 0.0899524 0.1020537 0.1152326 0.0852282 0.1206479 0.1119156 0.1156120 0.1258721 0.1373287 0.1540118 0.1190357 0.1047946 0.1180875 0.1108158 0.1119120 0.1068960 0.1129055 0.1150828 0.1984351 0.1413133 0.1422054 0.1800254 0.1319788 0.1453224 0.2248639 0.1202780 0.2184775 0.1363964 0.1055479 0.1370215 0.1039852 0.1004793 0.0805446 0.1458415 0.0756936 0.1874836 0.1603559 0.1548506 0.1144609 0.1731684 0.2208039 0.1355903 0.0957445 0.1048123 0.0708342 0.1312332 0.0717913 0.0709939 0.0906101 0.0532311 0.0545667 0.1206940 0.0855836 0.0716440 0.0900894 0.1137948 0.1207055 0.1106011 0.1663610 0.0798835 0.1092440 0.0905330 0.0910031 0.0853999 0.2089358 0.0944540 0.2126844 0.0852476 0.0761252 0.1110417 0.0804838 0.1666880 0.0860106 0.1238759 0.1268635 0.0997868 0.0718029 0.0761945 0.0952396 
S0299         0.2830247 0.1486325 0.0000010 0.1516093 0.1632420 0.2881278 0.1500452 0.1581775 0.1980174 0.0000000 0.2116216 0.1840703 0.0640038 0.1776954 0.1905542 0.1839248 0.1503642 0.1503250 0.1564276 0.2166092 0.2064191 0.1892407 0.1840703 0.1992474 0.2428820 0.2102276 0.1706454 0.1713150 0.0623700 0.1648005 0.1296901 0.1938354 0.1840703 0.3595703 0.1968025 0.1925317 0.1481646 0.1894401 0.1887954 0.1733859 0.1884503 0.2219134 0.1983070 0.0559902 0.2417368 0.1565701 0.2210073 0.1924222 0.1943269 0.1796843 0.1910856 0.2057894 0.2395025 0.1826984 0.3172723 0.2542541 0.2238096 0.2753472 0.2291950 0.2701407 0.3637207 0.1964685 0.3741575 0.1955826 0.1726239 0.2161526 0.1943402 0.2058402 0.1561043 0.2174427 0.1714809 0.0524591 0.1642961 0.1655048 0.1855950 0.0672162 0.0510884 0.2093056 0.1842480 0.1853047 0.1493948 0.2356386 0.1515855 0.1500452 0.1722914 0.1633980 0.1520685 0.2020628 0.1732510 0.1581680 0.1722374 0.1935594 0.1974164 0.1903374 0.1715132 0.1564276 0.1808445 0.1646770 0.1871413 0.1726152 0.0510553 0.1727458 0.0860649 0.1874031 0.1789034 0.1959755 0.1701970 0.1626653 0.1644176 0.2429206 0.1891684 0.1887954 0.1563574 0.1646256 0.1727460 
S0308         0.2780987 0.1246067 0.0000010 0.1172850 0.1187767 0.1169031 0.1138203 0.1042894 0.1755617 0.2116216 0.0000000 0.0801597 0.1669562 0.1349430 0.1424780 0.0801198 0.1199785 0.1079719 0.1136350 0.1591926 0.1574358 0.1467411 0.0801597 0.1468984 0.1764277 0.1385011 0.1449801 0.1091852 0.1620493 0.1802068 0.1274743 0.1164955 0.0801597 0.2433275 0.1584444 0.0797382 0.1346162 0.1398705 0.1455375 0.1188537 0.1410058 0.1710254 0.1511703 0.1533888 0.1243832 0.1670333 0.1730273 0.0804800 0.1426430 0.1580553 0.1360412 0.1409348 0.2287252 0.1404539 0.2237099 0.1750988 0.1001193 0.1168595 0.1707848 0.2034701 0.2453654 0.1508655 0.2516345 0.1808719 0.1558421 0.0953640 0.1449130 0.1263353 0.1145167 0.1471341 0.1288964 0.1926908 0.1736080 0.1746787 0.0850777 0.1973752 0.2203718 0.1143272 0.0763144 0.0851928 0.1038468 0.0997371 0.1250123 0.1138203 0.1255881 0.1235313 0.1260975 0.1634857 0.1141206 0.1249227 0.1454208 0.1555706 0.1514182 0.1463225 0.1857299 0.1135400 0.1446504 0.1444346 0.1366024 0.1249708 0.2060425 0.1246074 0.2122900 0.1305882 0.1399467 0.1511599 0.1245583 0.1801640 0.1256505 0.1667577 0.1542421 0.1390821 0.1252142 0.1345942 0.1365601 
S0322         0.2310877 0.0792164 0.0000010 0.0761901 0.0742265 0.0189200 0.0610210 0.0581664 0.1091316 0.1840703 0.0801597 0.0000000 0.1290151 0.0793013 0.0859686 0.0075896 0.0660091 0.0698280 0.0609267 0.1092068 0.1033382 0.0938522 0.0075928 0.1052937 0.1197068 0.0850116 0.0882543 0.0742789 0.1303603 0.1309317 0.0762726 0.0803266 0.0000010 0.2021083 0.1041230 0.0153666 0.0882553 0.0941044 0.0931442 0.0885116 0.0981444 0.1098241 0.0980301 0.1224787 0.0796593 0.1247574 0.1125844 0.0153724 0.1011392 0.0896904 0.0953906 0.0999766 0.1829613 0.0930284 0.1842838 0.1384876 0.0662806 0.0913346 0.1096674 0.1372708 0.2040921 0.0978572 0.2099600 0.1138121 0.0977665 0.0618848 0.0927717 0.0801347 0.0701752 0.1082028 0.0742926 0.1603630 0.1306430 0.1314068 0.0114764 0.1583365 0.1919899 0.0675754 0.0076948 0.0114902 0.0608869 0.0573478 0.0704575 0.0610210 0.0797946 0.0652363 0.0713043 0.1134860 0.0840602 0.0659229 0.0838517 0.0975747 0.0981895 0.0981011 0.1417126 0.0696145 0.0926107 0.0934106 0.0847591 0.0794293 0.1867957 0.0791088 0.1846068 0.0933565 0.0837633 0.0990373 0.0702145 0.1365321 0.0797206 0.1266076 0.1085401 0.0923253 0.0705583 0.0791088 0.0893191 
S0327         0.2275278 0.0966510 0.0000010 0.1177445 0.1098084 0.1886345 0.1038244 0.1046327 0.1333926 0.0640038 0.1669562 0.1290151 0.0000000 0.1165621 0.1471038 0.1289219 0.0977441 0.1103686 0.1035289 0.1419612 0.1546592 0.1247965 0.1290151 0.1479377 0.1710782 0.1844335 0.1164966 0.1104629 0.0572219 0.1116549 0.0923448 0.1357972 0.1290151 0.2627059 0.1258410 0.1364847 0.1105199 0.1368072 0.1389189 0.1182819 0.1389189 0.1459849 0.1472536 0.0508480 0.1881199 0.1043857 0.1680276 0.1364115 0.1495933 0.1376015 0.1405605 0.1542377 0.1849829 0.1395152 0.2260457 0.1835420 0.1648282 0.2020261 0.1456017 0.1865086 0.2746925 0.1459634 0.2839980 0.1662269 0.1464460 0.1578145 0.1512968 0.1332181 0.1111455 0.1517599 0.1170504 0.0537753 0.1113145 0.1121045 0.1364115 0.0568246 0.0634297 0.1628550 0.1291356 0.1298477 0.0971305 0.1820897 0.1112813 0.1038244 0.1258596 0.1099099 0.0919543 0.1515432 0.1245225 0.1110492 0.1240869 0.1371834 0.1466298 0.1465947 0.1111952 0.1035289 0.1316915 0.1104874 0.1165594 0.1110638 0.0414292 0.1243916 0.0694877 0.1182771 0.1237699 0.1525636 0.1162184 0.1102418 0.1105656 0.1885466 0.1321234 0.1389189 0.1034960 0.1107127 0.1310658 
S0335         0.2217844 0.0484286 0.0000010 0.0669013 0.0747245 0.0981150 0.0481130 0.0531541 0.0714599 0.1776954 0.1349430 0.0793013 0.1165621 0.0000000 0.0689908 0.0792623 0.0486201 0.0652635 0.0479812 0.0946405 0.0889589 0.0753743 0.0793013 0.0860491 0.0952761 0.1368641 0.0789708 0.0609219 0.1036484 0.1476021 0.0537728 0.0854805 0.0793013 0.2016748 0.0848703 0.0887623 0.0834579 0.0744150 0.0791576 0.0836970 0.0839724 0.0858537 0.0843898 0.0962525 0.1241227 0.1355173 0.0888656 0.0796147 0.0866089 0.0802411 0.0765531 0.0763644 0.1493896 0.0790608 0.1718854 0.1231449 0.1142829 0.1486392 0.0950588 0.1166798 0.1908234 0.0837306 0.2088052 0.1038624 0.0747046 0.1094255 0.0879254 0.0753763 0.0655857 0.1177896 0.0524738 0.1547527 0.1415416 0.1423759 0.0841584 0.1295776 0.1861449 0.1178522 0.0754937 0.0751573 0.0564368 0.1041204 0.0397886 0.0481130 0.0750586 0.0564734 0.0491558 0.0988669 0.0748198 0.0571332 0.0747378 0.0881050 0.0840102 0.0748590 0.1528112 0.0650654 0.0787102 0.0794734 0.0315834 0.0747176 0.1750586 0.0700071 0.1782936 0.0748563 0.0700630 0.0751514 0.0153495 0.1475632 0.0618660 0.0976130 0.1092557 0.0653247 0.0233024 0.0613296 0.0665161 
S0345         0.2335507 0.0694119 0.0000010 0.0647054 0.0749464 0.1173636 0.0530830 0.0590840 0.1055101 0.1905542 0.1424780 0.0859686 0.1471038 0.0689908 0.0000000 0.0914019 0.0588231 0.0692374 0.0637452 0.1173147 0.0812927 0.0805387 0.0914574 0.1002917 0.1225736 0.1372740 0.0972207 0.0745996 0.1187965 0.1251994 0.0654066 0.0942383 0.0859686 0.2048621 0.1049937 0.0975448 0.0854929 0.0849931 0.0697203 0.0753320 0.0750692 0.1057404 0.0816672 0.1110112 0.1416100 0.1325513 0.1039622 0.0918964 0.1010877 0.0868751 0.0884688 0.0997006 0.1397177 0.0699651 0.1773695 0.1282393 0.1285106 0.1652139 0.0987581 0.1251064 0.2285627 0.0751405 0.2212701 0.1158094 0.0804418 0.1225266 0.0852175 0.0919385 0.0585997 0.1266602 0.0641144 0.1727128 0.1397139 0.1406983 0.0975000 0.1505010 0.2208421 0.1198978 0.0915319 0.0864309 0.0585036 0.1226383 0.0280693 0.0530830 0.0697823 0.0689922 0.0650329 0.1090796 0.0752422 0.0585642 0.0742335 0.1080867 0.0754161 0.0754061 0.1464685 0.0637452 0.0695919 0.0803885 0.0749985 0.0750738 0.1997818 0.0860569 0.1739454 0.1030187 0.0801294 0.0483944 0.0636342 0.1468974 0.0648466 0.1206132 0.0985239 0.0640974 0.0533489 0.0694270 0.0869739 
S0355         0.2309288 0.0791774 0.0000010 0.0761521 0.0741905 0.0189066 0.0609922 0.0581337 0.1044612 0.1839248 0.0801198 0.0075896 0.1289219 0.0792623 0.0914019 0.0000000 0.0572861 0.0697945 0.0608980 0.1091490 0.1032846 0.0846066 0.0075896 0.1052379 0.1196420 0.0849687 0.0882102 0.0742429 0.1302605 0.1308534 0.0762345 0.0802864 0.0075896 0.2019746 0.1040685 0.0153600 0.0882111 0.0889810 0.0930971 0.0884672 0.0980941 0.1097656 0.0979799 0.1223868 0.0796199 0.1246840 0.1125251 0.0153659 0.1010857 0.0804691 0.0953411 0.0905097 0.1775680 0.0929814 0.1841655 0.1487466 0.0662486 0.0912872 0.1096090 0.1371928 0.2039558 0.0978073 0.2098185 0.1041640 0.0977166 0.0618551 0.0927249 0.0800948 0.0701413 0.1081461 0.0742566 0.1602646 0.1305651 0.1313279 0.0114716 0.1582345 0.1918674 0.0675420 0.0076915 0.0114854 0.0608582 0.0573206 0.0704233 0.0609922 0.0797551 0.0652053 0.0712692 0.1134258 0.0840183 0.0658912 0.0838100 0.0975251 0.0981392 0.0980509 0.1416265 0.0695811 0.0925641 0.0933632 0.0847165 0.0793901 0.1866772 0.0790699 0.1844849 0.0933091 0.0837217 0.0989861 0.0701806 0.1364496 0.0796811 0.1168846 0.1084830 0.0922791 0.0705240 0.0702014 0.0892739 
S0376         0.2123331 0.0443329 0.0000010 0.0497133 0.0529373 0.0833340 0.0275404 0.0233017 0.0629043 0.1503642 0.1199785 0.0660091 0.0977441 0.0486201 0.0588231 0.0572861 0.0000000 0.0440211 0.0356226 0.0716986 0.0716796 0.0319661 0.0660091 0.0677366 0.0813070 0.1117331 0.0528535 0.0482426 0.0972696 0.1203499 0.0366917 0.0628561 0.0660091 0.1900836 0.0580882 0.0663243 0.0528077 0.0543819 0.0622048 0.0486792 0.0668676 0.0720667 0.0667864 0.0899781 0.1193755 0.1089398 0.0752833 0.0662679 0.0636472 0.0536168 0.0585965 0.0585287 0.1449616 0.0621290 0.1780496 0.1042023 0.1095968 0.1330321 0.0810709 0.1067244 0.2035842 0.0666760 0.2154429 0.0760478 0.0621827 0.1047705 0.0657094 0.0533902 0.0442345 0.0940432 0.0316850 0.1400464 0.1146213 0.1152830 0.0707048 0.1303749 0.1712324 0.0932472 0.0577978 0.0707980 0.0355998 0.0995200 0.0278343 0.0275404 0.0531688 0.0439232 0.0407362 0.0758613 0.0530016 0.0360329 0.0529461 0.0703038 0.0668972 0.0668382 0.1200229 0.0397422 0.0618538 0.0488506 0.0577680 0.0486648 0.1602590 0.0527741 0.1627153 0.0574625 0.0485765 0.0625953 0.0442613 0.1203149 0.0404553 0.0794886 0.0810733 0.0487691 0.0361089 0.0076498 0.0534182 
S0400         0.1924249 0.0315451 0.0000010 0.0670913 0.0235138 0.0822214 0.0394756 0.0138289 0.0801355 0.1503250 0.1079719 0.0698280 0.1103686 0.0652635 0.0692374 0.0697945 0.0440211 0.0000000 0.0153800 0.0710084 0.0846307 0.0702942 0.0698280 0.0807374 0.0944633 0.1203813 0.0695412 0.0193520 0.1106207 0.1352646 0.0405428 0.0322303 0.0698280 0.2054997 0.0707013 0.0738455 0.0397404 0.0688925 0.0749118 0.0315941 0.0796882 0.0850988 0.0841121 0.1030737 0.1181527 0.1235823 0.0790122 0.0701003 0.0766609 0.0662337 0.0714167 0.0803569 0.1537048 0.0703001 0.1877664 0.1273034 0.1134517 0.1267713 0.0942198 0.1205136 0.2195356 0.0794591 0.2133289 0.0890494 0.0793529 0.1086317 0.0695126 0.0659331 0.0154849 0.0884143 0.0520529 0.1384946 0.1294032 0.1301527 0.0745338 0.1467481 0.1638166 0.0970250 0.0616562 0.0746314 0.0076198 0.1033706 0.0482421 0.0394756 0.0236120 0.0232694 0.0319825 0.0888044 0.0440922 0.0482053 0.0653832 0.0784473 0.0795892 0.0750706 0.1403565 0.0153690 0.0699897 0.0699769 0.0703848 0.0235120 0.1754129 0.0695231 0.1727556 0.0788682 0.0523350 0.0797333 0.0565208 0.1352276 0.0569571 0.1015292 0.1035774 0.0742638 0.0567914 0.0565361 0.0659681 
S0405         0.2034801 0.0234031 0.0000010 0.0580374 0.0234627 0.0671416 0.0312390 0.0091452 0.0619775 0.1564276 0.1136350 0.0609267 0.1035289 0.0479812 0.0637452 0.0608980 0.0356226 0.0153800 0.0000000 0.0619459 0.0752983 0.0613275 0.0609267 0.0714079 0.0848845 0.1101353 0.0521259 0.0114873 0.1033861 0.1240034 0.0320745 0.0321582 0.0609267 0.1872236 0.0616801 0.0699106 0.0396527 0.0589640 0.0658391 0.0315248 0.0704926 0.0757083 0.0704370 0.0960109 0.0985575 0.1126403 0.0699008 0.0611622 0.0673585 0.0659979 0.0622976 0.0710766 0.1374724 0.0613343 0.1697496 0.1171385 0.0940014 0.1162966 0.0846644 0.1054527 0.2003725 0.0702923 0.1943707 0.0887230 0.0658425 0.0893576 0.0606543 0.0570461 0.0154516 0.0792502 0.0435641 0.1379183 0.1182998 0.1189764 0.0655099 0.1348124 0.1631262 0.0871573 0.0528380 0.0655945 0.0076037 0.0843704 0.0397610 0.0312390 0.0235604 0.0076084 0.0156768 0.0794301 0.0481740 0.0397303 0.0565754 0.0606999 0.0704039 0.0572129 0.1290086 0.0153363 0.0610660 0.0610549 0.0614064 0.0234610 0.1635670 0.0521120 0.1604437 0.0610210 0.0437976 0.0705328 0.0479143 0.1239682 0.0482785 0.0920112 0.0938454 0.0652757 0.0481412 0.0479265 0.0570757 
S0412sl       0.2621420 0.0806797 0.0000010 0.0878588 0.0808025 0.1242607 0.0665205 0.0704183 0.1161357 0.2166092 0.1591926 0.1092068 0.1419612 0.0946405 0.1173147 0.1091490 0.0716986 0.0710084 0.0619459 0.0000000 0.0959594 0.0956353 0.1092068 0.1112741 0.0761255 0.1667122 0.0992394 0.0666233 0.1421355 0.1493982 0.0684152 0.0920107 0.1092068 0.2106388 0.0401132 0.1146132 0.0992411 0.1017831 0.0958781 0.0800073 0.1010486 0.1219182 0.0905020 0.1337706 0.1634005 0.1371317 0.1097401 0.1096551 0.1130026 0.1105652 0.1069283 0.1166530 0.1971379 0.0909170 0.1980441 0.1353069 0.1582787 0.1687066 0.1217428 0.1506733 0.2185874 0.1007441 0.2246243 0.1259722 0.1006059 0.1529528 0.1086841 0.0770279 0.0713674 0.1252409 0.0749313 0.1835783 0.1432463 0.1441015 0.1145392 0.1677722 0.2109062 0.1301019 0.1053791 0.1147011 0.0619048 0.1415651 0.0762720 0.0665205 0.0811728 0.0708434 0.0725995 0.1096211 0.0949369 0.0762144 0.0901626 0.1089135 0.0906523 0.0960947 0.1434159 0.0707876 0.0904989 0.0904815 0.1005118 0.0717219 0.2051476 0.0898692 0.1947841 0.0999588 0.0945953 0.1158785 0.0851173 0.1379505 0.0906197 0.1340536 0.1167188 0.0950108 0.0855466 0.0851451 0.0910109 
S0419         0.2555947 0.0898750 1.0344257 0.0322494 0.0947991 0.1064067 0.0709493 0.0700282 0.1263000 0.2064191 0.1574358 0.1033382 0.1546592 0.0889589 0.0812927 0.1032846 0.0716796 0.0846307 0.0752983 0.0959594 0.0000000 0.0907939 0.1033382 0.1071883 0.1059370 0.1633058 0.0898843 0.0801479 0.1502168 0.1562979 0.0730884 0.1006677 0.1033382 0.2251353 0.0861528 0.1134041 0.1087290 0.1017646 0.0076466 0.0948283 0.0115531 0.1118043 0.0318606 0.1416580 0.1671739 0.1437796 0.1086111 0.1085158 0.1029614 0.1007592 0.0970833 0.1066520 0.1853218 0.0195122 0.2059946 0.1237948 0.1461237 0.1670678 0.1017279 0.1241106 0.2397400 0.0115230 0.2331638 0.1156966 0.0807428 0.1409470 0.1039157 0.0909462 0.0850640 0.1043770 0.0748297 0.2019089 0.1500213 0.1509273 0.1085459 0.1826501 0.2361166 0.1384673 0.0995348 0.1039143 0.0752477 0.1453402 0.0621114 0.0709493 0.0952398 0.0844313 0.0810974 0.1255993 0.0902544 0.0807614 0.0995261 0.0900330 0.0076210 0.0236058 0.1502024 0.0707814 0.0277007 0.1046506 0.0946519 0.0854908 0.2238885 0.0670374 0.2040491 0.0803443 0.1040161 0.0860000 0.0796359 0.1562574 0.0904949 0.1338716 0.1105918 0.0440136 0.0800316 0.0805629 0.1004700 
S0427         0.2393500 0.0708040 0.8931140 0.0637298 0.0799786 0.0977604 0.0440200 0.0535688 0.0911186 0.1892407 0.1467411 0.0938522 0.1247965 0.0753743 0.0805387 0.0846066 0.0319661 0.0702942 0.0613275 0.0956353 0.0907939 0.0000000 0.0938522 0.1012154 0.0951660 0.1436134 0.0662998 0.0703556 0.1259111 0.1436085 0.0677231 0.0910487 0.0938522 0.1784412 0.0858620 0.0943144 0.0797717 0.0846416 0.0807632 0.0800007 0.0856891 0.1057570 0.0855864 0.1179769 0.1511436 0.1315049 0.1038340 0.0942299 0.0970377 0.0856673 0.0913262 0.0912188 0.1796004 0.0806623 0.1857756 0.1199212 0.1407709 0.1611006 0.0904175 0.1166996 0.1915467 0.0854372 0.2032091 0.1000423 0.0947201 0.1356437 0.0835850 0.0710316 0.0613712 0.1139854 0.0572761 0.1625418 0.1375369 0.1383533 0.0887108 0.1679337 0.2084366 0.1184571 0.0853890 0.0990726 0.0612871 0.1299247 0.0534035 0.0440200 0.0707559 0.0701325 0.0673879 0.0943934 0.0709997 0.0529519 0.0704541 0.0843191 0.0857284 0.0856509 0.1488457 0.0700777 0.0711897 0.0662814 0.0853463 0.0747485 0.1967708 0.0614239 0.2011503 0.0757107 0.0753098 0.0807031 0.0706859 0.1435697 0.0669060 0.1081919 0.1055859 0.0666229 0.0621889 0.0443561 0.0807310 
S0430         0.2310877 0.0792164 0.0000010 0.0761901 0.0742265 0.0189200 0.0610210 0.0581664 0.1091316 0.1840703 0.0801597 0.0075928 0.1290151 0.0793013 0.0914574 0.0075896 0.0660091 0.0698280 0.0609267 0.1092068 0.1033382 0.0938522 0.0000000 0.1052937 0.1197068 0.0850116 0.0882543 0.0742789 0.1303603 0.1309317 0.0762726 0.0803266 0.0075928 0.2021083 0.1041230 0.0153666 0.0882553 0.0941044 0.0931442 0.0885116 0.0981444 0.1098241 0.0980301 0.1224787 0.0796593 0.1247574 0.1125844 0.0153724 0.1011392 0.0896904 0.0953906 0.0999766 0.1829613 0.0930284 0.1842838 0.1384876 0.0662806 0.0913346 0.1096674 0.1372708 0.2040921 0.0978572 0.2099600 0.1138121 0.0977665 0.0618848 0.0927717 0.0801347 0.0701752 0.1082028 0.0742926 0.1603630 0.1306430 0.1314068 0.0114764 0.1583365 0.1919899 0.0675754 0.0076948 0.0114902 0.0608869 0.0573478 0.0704575 0.0610210 0.0797946 0.0652363 0.0713043 0.1134860 0.0840602 0.0659229 0.0838517 0.0975747 0.0981895 0.0981011 0.1417126 0.0696145 0.0926107 0.0934106 0.0847591 0.0794293 0.1867957 0.0791088 0.1846068 0.0933565 0.0837633 0.0990373 0.0702145 0.1365321 0.0797206 0.1266076 0.1085401 0.0923253 0.0705583 0.0791088 0.0893191 
S0552sl       0.2135307 0.0859536 0.5035543 0.0884834 0.0908821 0.1263179 0.0670434 0.0542670 0.1168081 0.1992474 0.1468984 0.1052937 0.1479377 0.0860491 0.1002917 0.1052379 0.0677366 0.0807374 0.0714079 0.1112741 0.1071883 0.1012154 0.1052937 0.0000000 0.1282148 0.1630387 0.1001917 0.0853942 0.1444524 0.1764829 0.0736889 0.1026045 0.1052937 0.1895037 0.0961380 0.1155801 0.1000679 0.0258923 0.0965492 0.0706467 0.1017642 0.0447685 0.0912829 0.1359227 0.1633395 0.1632652 0.0906318 0.1057282 0.0237008 0.0404125 0.0155372 0.0234563 0.2129221 0.0964248 0.1775074 0.1447806 0.1543570 0.1742089 0.0532423 0.0767177 0.2088915 0.0966867 0.2147657 0.0529362 0.0917491 0.1490205 0.1048197 0.0964594 0.0811527 0.1163809 0.0627150 0.1696702 0.1698603 0.1709164 0.1106181 0.1586363 0.2043947 0.1428989 0.1014277 0.1107750 0.0713597 0.1430069 0.0677997 0.0670434 0.0913064 0.0805463 0.0826088 0.1216591 0.0856129 0.0768262 0.0956046 0.1051858 0.1018127 0.1017178 0.1700761 0.0624637 0.1008797 0.0904737 0.0917865 0.0815620 0.1846637 0.0906011 0.1858962 0.1056006 0.0954099 0.0963184 0.0766120 0.1625657 0.0400796 0.1093729 0.1278274 0.0816304 0.0769987 0.0721214 0.0769696 
S0558         0.2443544 0.0951691 0.0000010 0.0929827 0.1049610 0.1337181 0.0759182 0.0930584 0.1269828 0.2428820 0.1764277 0.1197068 0.1710782 0.0952761 0.1225736 0.1196420 0.0813070 0.0944633 0.0848845 0.0761255 0.1059370 0.0951660 0.1197068 0.1282148 0.0000000 0.1850311 0.1094686 0.0943880 0.1338896 0.1482672 0.0876138 0.1172387 0.1197068 0.2285654 0.0757928 0.1252866 0.1143066 0.1243264 0.1058471 0.1146648 0.1111607 0.1329688 0.1061933 0.1257427 0.1700083 0.1490438 0.1045585 0.1202041 0.1239295 0.1212190 0.1176085 0.1275524 0.1960822 0.1057101 0.2095132 0.1514923 0.1591791 0.1923772 0.1272740 0.1566877 0.2304568 0.1108215 0.2365694 0.1368438 0.1208564 0.1538205 0.1094200 0.1009361 0.0949540 0.1309379 0.0754200 0.1884688 0.1553473 0.1562881 0.1252054 0.1619039 0.2376090 0.1524547 0.1158793 0.1253856 0.0848268 0.1410687 0.0759133 0.0759182 0.1054566 0.0942374 0.0919152 0.1152438 0.1051072 0.0859249 0.0906462 0.1193804 0.1006372 0.1111101 0.1670662 0.0941606 0.1052171 0.1102021 0.1108935 0.1049500 0.2252916 0.0948762 0.2070096 0.1099468 0.1095263 0.1153099 0.0856838 0.1559379 0.1007269 0.1186075 0.1376624 0.0858940 0.0954902 0.0950370 0.0812892 
S0616         0.3155646 0.1366986 0.0000010 0.1343344 0.1201783 0.0990459 0.1153966 0.0992586 0.1617189 0.2102276 0.1385011 0.0850116 0.1844335 0.1368641 0.1372740 0.0849687 0.1117331 0.1203813 0.1101353 0.1667122 0.1633058 0.1436134 0.0850116 0.1630387 0.1850311 0.0000000 0.1364897 0.1254588 0.1800060 0.1934747 0.1180592 0.1280457 0.0850116 0.2724906 0.1551163 0.0854292 0.1304418 0.1365402 0.1512149 0.1318256 0.1516151 0.1736010 0.1640250 0.1708565 0.1534652 0.1858166 0.1642309 0.0853533 0.1586289 0.1483412 0.1515007 0.1566478 0.2548779 0.1524029 0.2580302 0.2067997 0.1326154 0.1524619 0.1845655 0.2186912 0.2887903 0.1566116 0.2955841 0.1651576 0.1462908 0.1274867 0.1627753 0.1489090 0.1099929 0.1762761 0.1207062 0.2119709 0.1926836 0.1938953 0.0900061 0.2138434 0.2403574 0.0325900 0.0770035 0.0901291 0.1100578 0.1270113 0.1167611 0.1153966 0.1209744 0.1152062 0.1172357 0.1771508 0.1427315 0.1217030 0.1423570 0.1575423 0.1519338 0.1584975 0.2052400 0.1199797 0.1516645 0.1428659 0.1438065 0.1317593 0.2406529 0.1416332 0.2421707 0.1358750 0.1355666 0.1497125 0.1263114 0.1995213 0.1274357 0.1914797 0.1716704 0.1410568 0.1169499 0.1263623 0.1490038 
S0641         0.2014735 0.0651324 0.0000010 0.0669998 0.0791050 0.0971433 0.0608476 0.0582928 0.0946041 0.1706454 0.1449801 0.0882543 0.1164966 0.0789708 0.0972207 0.0882102 0.0528535 0.0695412 0.0521259 0.0992394 0.0898843 0.0662998 0.0882543 0.1001917 0.1094686 0.1364897 0.0000000 0.0651689 0.1171055 0.1281175 0.0581503 0.0808197 0.0882543 0.1770284 0.0803349 0.0886826 0.0879992 0.0942249 0.0799691 0.0702497 0.0848391 0.1046855 0.0847732 0.1094522 0.1442262 0.1167498 0.1026645 0.0886047 0.0960548 0.0894363 0.0904145 0.0997040 0.1825814 0.0752743 0.1879480 0.1384401 0.1192388 0.1591002 0.0949288 0.1165231 0.2014152 0.0845923 0.2071966 0.1085175 0.0892034 0.1143397 0.0970904 0.0844430 0.0698855 0.0571947 0.0653448 0.1659718 0.1224129 0.1231094 0.0932167 0.1522728 0.1898479 0.1175259 0.0799136 0.0933425 0.0606394 0.1234856 0.0615127 0.0608476 0.0794599 0.0606789 0.0621369 0.1074315 0.0696396 0.0702019 0.0882444 0.0234075 0.0847339 0.0710533 0.1225476 0.0607074 0.0660126 0.0840099 0.0936973 0.0702254 0.1865254 0.0314254 0.1843280 0.0316460 0.0790437 0.0897462 0.0788560 0.1280820 0.0751323 0.1262312 0.1141411 0.0703775 0.0703546 0.0613191 0.0890568 
S0643         0.2045846 0.0274859 0.0000010 0.0627014 0.0275566 0.0743544 0.0436194 0.0185377 0.0755820 0.1713150 0.1091852 0.0742789 0.1104629 0.0609219 0.0745996 0.0742429 0.0482426 0.0193520 0.0114873 0.0666233 0.0801479 0.0703556 0.0742789 0.0853942 0.0943880 0.1254588 0.0651689 0.0000000 0.1107208 0.1299915 0.0448040 0.0364269 0.0742789 0.1940188 0.0663355 0.0835721 0.0439127 0.0689383 0.0705312 0.0357056 0.0752596 0.0897819 0.0752006 0.1031654 0.1132641 0.1184286 0.0740399 0.0745696 0.0813081 0.0796411 0.0759765 0.0805522 0.1483364 0.0659604 0.1762753 0.1225281 0.1085960 0.1218477 0.0896530 0.1108126 0.2074090 0.0750440 0.2013136 0.1030691 0.0794479 0.1038169 0.0739420 0.0616212 0.0194427 0.0794659 0.0563123 0.1549418 0.1241887 0.1249057 0.0790419 0.1526455 0.1807335 0.0868195 0.0660732 0.0791462 0.0114801 0.0986213 0.0525014 0.0436194 0.0276722 0.0193105 0.0278644 0.0934753 0.0525460 0.0524616 0.0697912 0.0739973 0.0751653 0.0618030 0.1350564 0.0192966 0.0656698 0.0744381 0.0748744 0.0275545 0.1812315 0.0565732 0.1597051 0.0656201 0.0566190 0.0843255 0.0608355 0.1299552 0.0613084 0.1062593 0.0989492 0.0699229 0.0611281 0.0608524 0.0704186 
S0656sl       0.2002481 0.0961200 0.0000010 0.1115733 0.1100269 0.2216637 0.0970786 0.0970788 0.1340259 0.0623700 0.1620493 0.1303603 0.0572219 0.1036484 0.1187965 0.1302605 0.0972696 0.1106207 0.1033861 0.1421355 0.1502168 0.1259111 0.1303603 0.1444524 0.1338896 0.1800060 0.1171055 0.1107208 0.0000000 0.0895469 0.0903937 0.1376366 0.1303603 0.2391287 0.1350093 0.1312191 0.1177677 0.1409535 0.1337320 0.1114224 0.1337320 0.1578026 0.1424387 0.0052010 0.1948794 0.0968035 0.1482435 0.1382101 0.1537266 0.1416377 0.1449199 0.1597114 0.1637033 0.1343370 0.2034485 0.1858328 0.1526176 0.1827790 0.1674801 0.1862096 0.2417792 0.1411247 0.2418453 0.1803289 0.1326254 0.1525692 0.1324767 0.1424421 0.1038314 0.1472464 0.1109030 0.0569089 0.1039575 0.1047282 0.1312191 0.0104588 0.0807603 0.1652171 0.1233966 0.1233055 0.0966241 0.1778492 0.0899929 0.0970786 0.1190290 0.1101344 0.0983588 0.1470612 0.1116167 0.1045929 0.1039134 0.1319712 0.1418034 0.1417683 0.1108201 0.1033861 0.1261627 0.1110295 0.1185523 0.1184846 0.0625058 0.1254784 0.0267575 0.1259199 0.1169638 0.1245080 0.0967570 0.1111681 0.1124919 0.1693139 0.1402765 0.1337638 0.0967570 0.1109856 0.1335000 
S0673         0.2582170 0.1241196 0.0000010 0.1165997 0.1366316 0.1698804 0.1136872 0.0936814 0.1549834 0.1648005 0.1802068 0.1309317 0.1116549 0.1476021 0.1251994 0.1308534 0.1203499 0.1352646 0.1240034 0.1493982 0.1562979 0.1436085 0.1309317 0.1764829 0.1482672 0.1934747 0.1281175 0.1299915 0.0895469 0.0000000 0.1276653 0.1511260 0.1309317 0.2063264 0.1486498 0.1368981 0.1400284 0.1489029 0.1434012 0.1592330 0.1438076 0.1819201 0.1380908 0.0824829 0.1997915 0.0080166 0.1780068 0.1370463 0.1637973 0.1601034 0.1638421 0.1754343 0.1996790 0.1431939 0.1873270 0.2111780 0.1752061 0.1810691 0.1816446 0.2180440 0.2081281 0.1491770 0.2144479 0.1840871 0.1612181 0.1692455 0.1526954 0.1272378 0.1360539 0.1528325 0.1300004 0.1161282 0.0121119 0.0121712 0.1370463 0.1065892 0.1353979 0.1653842 0.1268498 0.1316288 0.1239093 0.1744261 0.1136777 0.1136872 0.1428361 0.1240034 0.1159808 0.1420482 0.1299389 0.1148596 0.1309781 0.1401204 0.1497707 0.1496141 0.0203616 0.1347759 0.1367811 0.1355238 0.1478799 0.1478879 0.1443403 0.1186630 0.1312061 0.1301108 0.1349352 0.1357673 0.1361211 0.0162579 0.1376765 0.1950430 0.1492994 0.1426719 0.1369037 0.1361819 0.1495382 
S0689         0.2158023 0.0408340 0.0000010 0.0553463 0.0452001 0.0937693 0.0363285 0.0286662 0.0680548 0.1296901 0.1274743 0.0762726 0.0923448 0.0537728 0.0654066 0.0762345 0.0366917 0.0405428 0.0320745 0.0684152 0.0730884 0.0677231 0.0762726 0.0736889 0.0876138 0.1180592 0.0581503 0.0448040 0.0903937 0.1276653 0.0000000 0.0594715 0.0762726 0.2065588 0.0591235 0.0858414 0.0669794 0.0653259 0.0634078 0.0495275 0.0636360 0.0781296 0.0726308 0.0832496 0.1268149 0.1159132 0.0630390 0.0765789 0.0649175 0.0680663 0.0642642 0.0641045 0.1473521 0.0587961 0.1939543 0.1209700 0.1160918 0.1355761 0.0779096 0.1038176 0.2206673 0.0679713 0.2204391 0.0915737 0.0630179 0.1111501 0.0714050 0.0632695 0.0363343 0.0910668 0.0491486 0.1349493 0.1217660 0.1224830 0.0766173 0.1252816 0.1660351 0.1093835 0.0720532 0.0720636 0.0320537 0.1112346 0.0409546 0.0363285 0.0451716 0.0404515 0.0369701 0.0866229 0.0539719 0.0409223 0.0627293 0.0670912 0.0680813 0.0590535 0.1219045 0.0320890 0.0585316 0.0674114 0.0543605 0.0366922 0.1551105 0.0581345 0.1567646 0.0674583 0.0365391 0.0821117 0.0450263 0.1276286 0.0586088 0.0809162 0.0968644 0.0628505 0.0452450 0.0450937 0.0588320 
S0690         0.2289909 0.0495167 0.0000010 0.0777334 0.0410026 0.0743544 0.0578344 0.0340486 0.1018012 0.1938354 0.1164955 0.0803266 0.1357972 0.0854805 0.0942383 0.0802864 0.0628561 0.0322303 0.0321582 0.0920107 0.1006677 0.0910487 0.0803266 0.1026045 0.1172387 0.1280457 0.0808197 0.0364269 0.1376366 0.1511260 0.0594715 0.0000000 0.0803266 0.2385598 0.0915967 0.0899269 0.0582371 0.0919869 0.0903516 0.0495997 0.0860476 0.1072089 0.1000351 0.1292193 0.1308441 0.1386918 0.1003009 0.0806481 0.0983734 0.0958483 0.0925671 0.1020927 0.1816808 0.0854878 0.2193558 0.1470608 0.1204608 0.1401915 0.1169339 0.1455786 0.2540135 0.0951285 0.2472743 0.1211647 0.1007551 0.1155043 0.0899839 0.0864009 0.0323876 0.1008001 0.0712702 0.1718337 0.1448899 0.1457650 0.0852566 0.1703340 0.1988981 0.1091701 0.0719252 0.0853722 0.0238899 0.1154116 0.0673613 0.0578344 0.0411826 0.0405586 0.0502398 0.1061187 0.0674250 0.0673097 0.0856463 0.0901873 0.0952947 0.0905522 0.1564715 0.0321341 0.0850991 0.0906138 0.0911692 0.0409993 0.1994720 0.0807986 0.1977604 0.0814009 0.0716752 0.0962948 0.0761128 0.1510859 0.0767344 0.1242953 0.1269302 0.0895444 0.0764944 0.0761366 0.0864500 
S0724sl       0.2310877 0.0792164 0.0000010 0.0761901 0.0742265 0.0189200 0.0610210 0.0581664 0.1091316 0.1840703 0.0801597 0.0000010 0.1290151 0.0793013 0.0859686 0.0075896 0.0660091 0.0698280 0.0609267 0.1092068 0.1033382 0.0938522 0.0075928 0.1052937 0.1197068 0.0850116 0.0882543 0.0742789 0.1303603 0.1309317 0.0762726 0.0803266 0.0000000 0.2021083 0.1041230 0.0153666 0.0882553 0.0941044 0.0931442 0.0885116 0.0981444 0.1098241 0.0980301 0.1224787 0.0796593 0.1247574 0.1125844 0.0153724 0.1011392 0.0896904 0.0953906 0.0999766 0.1829613 0.0930284 0.1842838 0.1384876 0.0662806 0.0913346 0.1096674 0.1372708 0.2040921 0.0978572 0.2099600 0.1138121 0.0977665 0.0618848 0.0927717 0.0801347 0.0701752 0.1082028 0.0742926 0.1603630 0.1306430 0.1314068 0.0114764 0.1583365 0.1919899 0.0675754 0.0076948 0.0114902 0.0608869 0.0573478 0.0704575 0.0610210 0.0797946 0.0652363 0.0713043 0.1134860 0.0840602 0.0659229 0.0838517 0.0975747 0.0981895 0.0981011 0.1417126 0.0696145 0.0926107 0.0934106 0.0847591 0.0794293 0.1867957 0.0791088 0.1846068 0.0933565 0.0837633 0.0990373 0.0702145 0.1365321 0.0797206 0.1266076 0.1085401 0.0923253 0.0705583 0.0791088 0.0893191 
S0735         0.2660973 0.1920717 0.0000010 0.2010163 0.2076359 0.2396658 0.1860215 0.1632268 0.2110990 0.3595703 0.2433275 0.2021083 0.2627059 0.2016748 0.2048621 0.2019746 0.1900836 0.2054997 0.1872236 0.2106388 0.2251353 0.1784412 0.2021083 0.1895037 0.2285654 0.2724906 0.1770284 0.1940188 0.2391287 0.2063264 0.2065588 0.2385598 0.2021083 0.0000000 0.1847880 0.1972722 0.2192986 0.1914758 0.2104059 0.1942961 0.2175411 0.1858374 0.2154779 0.2369267 0.2764215 0.2209205 0.2268754 0.2030464 0.1897008 0.1891682 0.1770673 0.1951848 0.3205742 0.2226898 0.0786093 0.2055996 0.2369715 0.2581209 0.1782849 0.1864307 0.0462682 0.2042735 0.0506444 0.2080842 0.2150053 0.2432722 0.2114987 0.1905795 0.1930629 0.2091256 0.2001704 0.3088699 0.2285945 0.2301341 0.2091375 0.2775753 0.3500432 0.2406507 0.1802971 0.1971807 0.1927849 0.2516384 0.1820988 0.1860215 0.1937888 0.1872236 0.1856729 0.2263438 0.2011966 0.1879834 0.1862878 0.1897821 0.2176717 0.2240402 0.2091769 0.1930586 0.2089741 0.1822944 0.2144409 0.1960717 0.3492080 0.1835539 0.2790575 0.1790451 0.1943821 0.1981239 0.2072095 0.2362218 0.1953867 0.2441267 0.2194424 0.1966122 0.1965402 0.1954885 0.2150622 
