43
S0055      0.0000000 0.1266266 0.1410021 0.1931209 0.1452629 0.1528939 0.3992377 0.2358794 0.1327377 0.3732621 0.1446302 0.3420950 0.2145577 0.1223526 0.1343733 0.2981909 0.2810057 0.3715187 0.3812577 0.2447876 0.1123569 0.3314703 0.1327738 0.0584140 0.1439387 0.0890223 0.0648313 0.0616944 0.1107866 0.3565949 0.0702584 0.1439387 0.3800996 0.3410925 0.1057454 0.4243147 0.0986974 0.1423297 0.2456980 0.2509128 0.2409713 0.1961874 0.2653021 
S0282      0.1266266 0.0000000 0.0000025 0.0826787 0.0000024 0.0075056 0.2134202 0.2095181 0.0617944 0.2095887 0.0036789 0.2157669 0.1364147 0.0352646 0.0075613 0.1420655 0.1502693 0.2370451 0.2517537 0.1099411 0.0900972 0.1742013 0.0036695 0.1116182 0.0036695 0.0000025 0.0166280 0.0923179 0.0684422 0.1853787 0.1007709 0.0036695 0.1839404 0.1678260 0.0412905 0.2095924 0.0439381 0.0581586 0.0984469 0.1448830 0.1627530 0.1823670 0.1880144 
S0293      0.1410021 0.0000025 0.0000000 0.0776399 0.0000010 0.0097157 0.1981540 0.2642640 0.0712946 0.2143701 0.0000010 0.2232091 0.1382101 0.0464234 0.0048736 0.1523675 0.1499435 0.2522158 0.2415122 0.1156283 0.0927945 0.1928134 0.0000010 0.1214898 0.0047493 0.0000022 0.0215525 0.0801608 0.0651853 0.1884418 0.1232930 0.0047493 0.2185110 0.1723715 0.0537884 0.2250389 0.0406930 0.0587804 0.1055232 0.1333926 0.1527638 0.2901809 0.1970432 
S0294      0.1931209 0.0826787 0.0776399 0.0000000 0.0880326 0.0897250 0.3113135 0.3271633 0.1332881 0.2912359 0.0877119 0.2752568 0.1933758 0.0836073 0.1016982 0.2400892 0.2095718 0.2996115 0.3164771 0.1880518 0.1561416 0.2736569 0.0873739 0.1832033 0.0873739 0.0727632 0.0725531 0.1441255 0.1227707 0.2866485 0.1613957 0.0873739 0.2987732 0.2723576 0.0926797 0.2981237 0.1001965 0.1160900 0.1761688 0.2218788 0.2458911 0.2971713 0.2837342 
S0400      0.1452629 0.0000024 0.0000010 0.0880326 0.0000000 0.0108470 0.2248390 0.2300222 0.0740404 0.2209007 0.0070943 0.2474147 0.1477195 0.0376753 0.0149306 0.1644481 0.1724282 0.2700887 0.2858030 0.1308187 0.0964779 0.1869846 0.0070765 0.1286375 0.0070765 0.0036878 0.0200468 0.0984472 0.0698043 0.1964787 0.1177396 0.0070765 0.2057034 0.1711414 0.0435807 0.2287999 0.0502202 0.0644990 0.1040962 0.1663782 0.1753316 0.2222320 0.2006801 
S0405      0.1528939 0.0075056 0.0097157 0.0897250 0.0108470 0.0000000 0.2399234 0.2227134 0.0795157 0.2356816 0.0108141 0.2581411 0.1555046 0.0421274 0.0189800 0.1785331 0.1805525 0.2815153 0.2977147 0.1436157 0.1075254 0.1950204 0.0107861 0.1355935 0.0107861 0.0074998 0.0244887 0.1048157 0.0796193 0.2048518 0.1244445 0.0107861 0.2143683 0.1789179 0.0483703 0.2441731 0.0549892 0.0697152 0.1150692 0.1799379 0.1834490 0.2153980 0.2093660 
S0417      0.3992377 0.2134202 0.1981540 0.3113135 0.2248390 0.2399234 0.0000000 0.3413494 0.2663676 0.0286087 0.2295418 0.2145837 0.2734785 0.2105319 0.2440371 0.1819725 0.1938919 0.2140076 0.2388035 0.1453292 0.2698450 0.1324370 0.2283904 0.3811668 0.2241330 0.2145263 0.2408708 0.3105775 0.2683844 0.1323596 0.3835556 0.2283904 0.1283226 0.1501431 0.2289490 0.0217215 0.2812172 0.2981870 0.1490940 0.1633429 0.1963926 0.3210078 0.1630383 
S0427      0.2358794 0.2095181 0.2642640 0.3271633 0.2300222 0.2227134 0.3413494 0.0000000 0.2359483 0.3676805 0.2287646 0.4093550 0.2208585 0.2322446 0.2298258 0.2717393 0.2229829 0.4231590 0.4455139 0.2391285 0.2533237 0.2588029 0.2274664 0.2143494 0.2274664 0.1940328 0.2234429 0.2234289 0.2326571 0.3177609 0.2193082 0.2274664 0.2911387 0.2671491 0.2365198 0.3821048 0.2367390 0.2499653 0.2303834 0.2460913 0.2704681 0.1019639 0.2607533 
S0641      0.1327377 0.0617944 0.0712946 0.1332881 0.0740404 0.0795157 0.2663676 0.2359483 0.0000000 0.2617083 0.0737772 0.2680188 0.1491459 0.0603115 0.0867594 0.2246616 0.1995733 0.2915661 0.2991417 0.1797469 0.0920643 0.2312709 0.0645527 0.1021520 0.0735059 0.0491728 0.0564840 0.0635471 0.0709960 0.2455355 0.0968827 0.0735059 0.2502348 0.2455619 0.0491052 0.2710096 0.0754224 0.0813703 0.1537015 0.2115696 0.2038887 0.2126677 0.2251710 
S0645sl    0.3732621 0.2095887 0.2143701 0.2912359 0.2209007 0.2356816 0.0286087 0.3676805 0.2617083 0.0000000 0.2255374 0.2302302 0.2671257 0.2068921 0.2511594 0.1668988 0.1672204 0.2299954 0.2558202 0.1317653 0.2696892 0.1303021 0.2244210 0.3566794 0.2202316 0.1985446 0.2102113 0.2890124 0.2619972 0.1425180 0.3464537 0.2244210 0.1368805 0.1415788 0.2376692 0.0249483 0.2629353 0.2788490 0.1362693 0.1434976 0.1929566 0.3190861 0.1602873 
S0690      0.1446302 0.0036789 0.0000010 0.0877119 0.0070943 0.0108141 0.2295418 0.2287646 0.0737772 0.2255374 0.0000000 0.2460487 0.1470654 0.0375550 0.0148838 0.1693054 0.1581049 0.2685291 0.2841031 0.1355154 0.1008210 0.1861669 0.0070556 0.1281149 0.0070556 0.0036765 0.0199793 0.0980612 0.0738905 0.1955922 0.1172697 0.0070556 0.2047515 0.1704048 0.0434349 0.2335635 0.0500548 0.0642754 0.1083477 0.1710404 0.1745483 0.2210927 0.1997454 
S0735      0.3420950 0.2157669 0.2232091 0.2752568 0.2474147 0.2581411 0.2145837 0.4093550 0.2680188 0.2302302 0.2460487 0.0000000 0.3000791 0.2600284 0.2769687 0.1945977 0.2412380 0.0107065 0.0144593 0.1742838 0.2856634 0.2436690 0.2446711 0.3200296 0.2303990 0.2245505 0.2440794 0.2858346 0.2688955 0.2727302 0.3318258 0.2446711 0.2452813 0.2526053 0.2303433 0.2300086 0.2488463 0.3201419 0.2098895 0.2448803 0.2654798 0.4282217 0.2483639 
S0742      0.2145577 0.1364147 0.1382101 0.1933758 0.1477195 0.1555046 0.2734785 0.2208585 0.1491459 0.2671257 0.1470654 0.3000791 0.0000000 0.1352838 0.1343704 0.2174695 0.1922305 0.3257839 0.3435209 0.1871468 0.2032501 0.2419374 0.1463506 0.1847116 0.1463506 0.1051016 0.1123020 0.1913750 0.1725232 0.2382404 0.1767131 0.1463506 0.2712996 0.2682086 0.1381261 0.2814501 0.1643150 0.1967135 0.1372891 0.2042925 0.1661343 0.1939865 0.2151330 
S0756      0.1223526 0.0352646 0.0464234 0.0836073 0.0376753 0.0421274 0.2105319 0.2322446 0.0603115 0.2068921 0.0375550 0.2600284 0.1352838 0.0000000 0.0474996 0.1715530 0.1505228 0.2678602 0.2992898 0.1314625 0.0859184 0.1884585 0.0374416 0.1186528 0.0374416 0.0190291 0.0239080 0.0837624 0.0652349 0.1980664 0.1079254 0.0374416 0.2073993 0.1786270 0.0270183 0.2142083 0.0547749 0.0692818 0.0947527 0.1614545 0.1650488 0.1974355 0.1901175 
S0763      0.1343733 0.0075613 0.0048736 0.1016982 0.0149306 0.0189800 0.2440371 0.2298258 0.0867594 0.2511594 0.0148838 0.2769687 0.1343704 0.0474996 0.0000000 0.1918760 0.1934262 0.3020734 0.3194560 0.1548673 0.1010464 0.1934169 0.0148433 0.1284537 0.0148433 0.0116270 0.0251009 0.0982803 0.0740204 0.1934286 0.1256756 0.0148433 0.2130811 0.1911862 0.0542582 0.2604790 0.0609400 0.0764659 0.1122487 0.1792773 0.1688808 0.2195454 0.1938056 
S0959      0.2981909 0.1420655 0.1523675 0.2400892 0.1644481 0.1785331 0.1819725 0.2717393 0.2246616 0.1668988 0.1693054 0.1945977 0.2174695 0.1715530 0.1918760 0.0000000 0.0781602 0.2137274 0.2268291 0.0145651 0.2551626 0.1376870 0.1684427 0.3079485 0.1619919 0.1582091 0.1727232 0.2298615 0.2281556 0.1540967 0.2931899 0.1684427 0.1534922 0.1302640 0.1955804 0.1698807 0.2176442 0.2325192 0.1138728 0.0693661 0.1374033 0.2379510 0.1493838 
S1129sl    0.2810057 0.1502693 0.1499435 0.2095718 0.1724282 0.1805525 0.1938919 0.2229829 0.1995733 0.1672204 0.1581049 0.2412380 0.1922305 0.1505228 0.1934262 0.0781602 0.0000000 0.2479555 0.2761147 0.0512279 0.2478689 0.1206506 0.1708157 0.2690215 0.1646104 0.1425182 0.1511660 0.2385862 0.2091077 0.1569535 0.2192713 0.1708157 0.1457065 0.1187206 0.1955587 0.1819092 0.1818959 0.2174846 0.1362324 0.0457852 0.1199758 0.2021852 0.1528216 
S1148      0.3715187 0.2370451 0.2522158 0.2996115 0.2700887 0.2815153 0.2140076 0.4231590 0.2915661 0.2299954 0.2685291 0.0107065 0.3257839 0.2678602 0.3020734 0.2137274 0.2479555 0.0000000 0.0185492 0.1923481 0.3103795 0.2437292 0.2670053 0.3470124 0.2520055 0.2463926 0.2684291 0.3115377 0.2925740 0.2661049 0.3600717 0.2670053 0.2384584 0.2382985 0.2525574 0.2297646 0.2720666 0.3477400 0.2158592 0.2519890 0.2731138 0.4422538 0.2555100 
S1180      0.3812577 0.2517537 0.2415122 0.3164771 0.2858030 0.2977147 0.2388035 0.4455139 0.2991417 0.2558202 0.2841031 0.0144593 0.3435209 0.2992898 0.3194560 0.2268291 0.2761147 0.0185492 0.0000000 0.2046261 0.3184420 0.2699108 0.2740128 0.3559295 0.2669521 0.2615170 0.2723042 0.3199283 0.3002004 0.3017345 0.3694187 0.2824820 0.2716720 0.2802755 0.2679650 0.2560005 0.2793942 0.3568597 0.2431483 0.2815441 0.2799492 0.4645226 0.2668518 
S1189      0.2447876 0.1099411 0.1156283 0.1880518 0.1308187 0.1436157 0.1453292 0.2391285 0.1797469 0.1317653 0.1355154 0.1742838 0.1871468 0.1314625 0.1548673 0.0145651 0.0512279 0.1923481 0.2046261 0.0000000 0.1794673 0.1149435 0.1348704 0.2401714 0.1289388 0.1234308 0.1347345 0.1797619 0.1693890 0.1319345 0.2224079 0.1348704 0.1299413 0.0970442 0.1487791 0.1453292 0.1594096 0.1770955 0.1011730 0.0475290 0.0922876 0.2027576 0.1096693 
S1211      0.1123569 0.0900972 0.0927945 0.1561416 0.0964779 0.1075254 0.2698450 0.2533237 0.0920643 0.2696892 0.1008210 0.2856634 0.2032501 0.0859184 0.1010464 0.2551626 0.2478689 0.3103795 0.3184420 0.1794673 0.0000000 0.2596822 0.0905644 0.1192130 0.1004018 0.0675528 0.0628787 0.0627456 0.0220880 0.2852816 0.1217567 0.1004018 0.2844386 0.2578742 0.0554589 0.2919826 0.0930986 0.0833615 0.1911827 0.2560650 0.2120016 0.2712224 0.2363917 
S1214sl    0.3314703 0.1742013 0.1928134 0.2736569 0.1869846 0.1950204 0.1324370 0.2588029 0.2312709 0.1303021 0.1861669 0.2436690 0.2419374 0.1884585 0.1934169 0.1376870 0.1206506 0.2437292 0.2699108 0.1149435 0.2596822 0.0000000 0.1852863 0.2988985 0.1792133 0.1569953 0.1712384 0.2849586 0.2431376 0.0465292 0.2795022 0.1852863 0.0215417 0.0728540 0.2001995 0.1307503 0.2158622 0.2291903 0.1290727 0.1306195 0.1312692 0.2268165 0.0993076 
S1227      0.1327738 0.0036695 0.0000010 0.0873739 0.0070765 0.0107861 0.2283904 0.2274664 0.0645527 0.2244210 0.0070556 0.2446711 0.1463506 0.0374416 0.0148433 0.1684427 0.1708157 0.2670053 0.2740128 0.1348704 0.0905644 0.1852863 0.0000000 0.1171217 0.0070380 0.0036671 0.0158183 0.0876842 0.0646789 0.1946445 0.1065586 0.0070380 0.2037422 0.1696043 0.0432940 0.2323780 0.0417137 0.0553626 0.1079005 0.1702025 0.1622217 0.2199057 0.1867697 
S1235sl    0.0584140 0.1116182 0.1214898 0.1832033 0.1286375 0.1355935 0.3811668 0.2143494 0.1021520 0.3566794 0.1281149 0.3200296 0.1847116 0.1186528 0.1284537 0.3079485 0.2690215 0.3470124 0.3559295 0.2401714 0.1192130 0.2988985 0.1171217 0.0000000 0.1275441 0.0742337 0.0582665 0.0781279 0.0948827 0.3114972 0.0188030 0.1275441 0.3308562 0.3230653 0.0971912 0.4046549 0.0736757 0.0924210 0.2154623 0.2622212 0.2548876 0.2014532 0.2659373 
S1278      0.1439387 0.0036695 0.0047493 0.0873739 0.0070765 0.0107861 0.2241330 0.2274664 0.0735059 0.2202316 0.0070556 0.2303990 0.1463506 0.0374416 0.0148433 0.1619919 0.1646104 0.2520055 0.2669521 0.1289388 0.1004018 0.1792133 0.0070380 0.1275441 0.0000000 0.0036671 0.0158183 0.0976492 0.0736192 0.1883669 0.1167599 0.0070380 0.1972905 0.1636505 0.0432940 0.2280569 0.0498931 0.0640492 0.1079005 0.1639939 0.1675164 0.2199057 0.1922674 
S1369      0.0890223 0.0000025 0.0000022 0.0727632 0.0036878 0.0074998 0.2145263 0.1940328 0.0491728 0.1985446 0.0036765 0.2245505 0.1051016 0.0190291 0.0116270 0.1582091 0.1425182 0.2463926 0.2615170 0.1234308 0.0675528 0.1569953 0.0036671 0.0742337 0.0036671 0.0000000 0.0078735 0.0707950 0.0483625 0.1791148 0.0593319 0.0036671 0.1860789 0.1462779 0.0239254 0.2067955 0.0310439 0.0398217 0.0869160 0.1477399 0.1426194 0.1557144 0.1592218 
S1370      0.0648313 0.0166280 0.0215525 0.0725531 0.0200468 0.0244887 0.2408708 0.2234429 0.0564840 0.2102113 0.0199793 0.2440794 0.1123020 0.0239080 0.0251009 0.1727232 0.1511660 0.2684291 0.2723042 0.1347345 0.0628787 0.1712384 0.0158183 0.0582665 0.0158183 0.0078735 0.0000000 0.0595486 0.0467899 0.1888946 0.0478624 0.0199195 0.2028158 0.1684786 0.0340482 0.2323318 0.0282943 0.0330509 0.1028543 0.1567435 0.1366495 0.1828163 0.1616780 
S1375      0.0616944 0.0923179 0.0801608 0.1441255 0.0984472 0.1048157 0.3105775 0.2234289 0.0635471 0.2890124 0.0980612 0.2858346 0.1913750 0.0837624 0.0982803 0.2298615 0.2385862 0.3115377 0.3199283 0.1797619 0.0627456 0.2849586 0.0876842 0.0781279 0.0976492 0.0707950 0.0595486 0.0000000 0.0531125 0.2923769 0.0797538 0.0976492 0.3121229 0.2787977 0.0665582 0.3304328 0.0798225 0.0712039 0.1806475 0.2450849 0.2153536 0.2445255 0.2510458 
S1381      0.1107866 0.0684422 0.0651853 0.1227707 0.0698043 0.0796193 0.2683844 0.2326571 0.0709960 0.2619972 0.0738905 0.2688955 0.1725232 0.0652349 0.0740204 0.2281556 0.2091077 0.2925740 0.3002004 0.1693890 0.0220880 0.2431376 0.0646789 0.0948827 0.0736192 0.0483625 0.0467899 0.0531125 0.0000000 0.2495016 0.0968072 0.0736192 0.2663594 0.2443964 0.0453325 0.2858617 0.0663324 0.0620889 0.1534192 0.2085151 0.1830522 0.2417273 0.2053964 
S1449      0.3565949 0.1853787 0.1884418 0.2866485 0.1964787 0.2048518 0.1323596 0.3177609 0.2455355 0.1425180 0.1955922 0.2727302 0.2382404 0.1980664 0.1934286 0.1540967 0.1569535 0.2661049 0.3017345 0.1319345 0.2852816 0.0465292 0.1946445 0.3114972 0.1883669 0.1791148 0.1888946 0.2923769 0.2495016 0.0000000 0.3214997 0.1946445 0.0468347 0.0885061 0.2232424 0.1515191 0.2570600 0.2591807 0.1614055 0.1556852 0.1289960 0.2641950 0.1194885 
S1460      0.0702584 0.1007709 0.1232930 0.1613957 0.1177396 0.1244445 0.3835556 0.2193082 0.0968827 0.3464537 0.1172697 0.3318258 0.1767131 0.1079254 0.1256756 0.2931899 0.2192713 0.3600717 0.3694187 0.2224079 0.1217567 0.2795022 0.1065586 0.0188030 0.1167599 0.0593319 0.0478624 0.0797538 0.0968072 0.3214997 0.0000000 0.1167599 0.3166518 0.2999553 0.0912362 0.3800394 0.0639957 0.0768176 0.2089849 0.2346572 0.2470493 0.1829091 0.2643378 
S_670      0.1439387 0.0036695 0.0047493 0.0873739 0.0070765 0.0107861 0.2283904 0.2274664 0.0735059 0.2244210 0.0070556 0.2446711 0.1463506 0.0374416 0.0148433 0.1684427 0.1708157 0.2670053 0.2824820 0.1348704 0.1004018 0.1852863 0.0070380 0.1275441 0.0070380 0.0036671 0.0199195 0.0976492 0.0736192 0.1946445 0.1167599 0.0000000 0.2037422 0.1696043 0.0432940 0.2323780 0.0498931 0.0640492 0.1079005 0.1702025 0.1736990 0.2199057 0.1987500 
SRR8528336 0.3800996 0.1839404 0.2185110 0.2987732 0.2057034 0.2143683 0.1283226 0.2911387 0.2502348 0.1368805 0.2047515 0.2452813 0.2712996 0.2073993 0.2130811 0.1534922 0.1457065 0.2384584 0.2716720 0.1299413 0.2844386 0.0215417 0.2037422 0.3308562 0.1972905 0.1860789 0.2028158 0.3121229 0.2663594 0.0468347 0.3166518 0.2037422 0.0000000 0.0842391 0.2276657 0.1333662 0.2490787 0.2509835 0.1550743 0.1569748 0.1429354 0.2605919 0.1100149 
SRR8528341 0.3410925 0.1678260 0.1723715 0.2723576 0.1711414 0.1789179 0.1501431 0.2671491 0.2455619 0.1415788 0.1704048 0.2526053 0.2682086 0.1786270 0.1911862 0.1302640 0.1187206 0.2382985 0.2802755 0.0970442 0.2578742 0.0728540 0.1696043 0.3230653 0.1636505 0.1462779 0.1684786 0.2787977 0.2443964 0.0885061 0.2999553 0.1696043 0.0842391 0.0000000 0.2011611 0.1570656 0.2282382 0.2354618 0.1614763 0.1240872 0.1283393 0.2405144 0.1185798 
SRR8528343 0.1057454 0.0412905 0.0537884 0.0926797 0.0435807 0.0483703 0.2289490 0.2365198 0.0491052 0.2376692 0.0434349 0.2303433 0.1381261 0.0270183 0.0542582 0.1955804 0.1955587 0.2525574 0.2679650 0.1487791 0.0554589 0.2001995 0.0432940 0.0971912 0.0432940 0.0239254 0.0340482 0.0665582 0.0453325 0.2232424 0.0912362 0.0432940 0.2276657 0.2011611 0.0000000 0.2463274 0.0481329 0.0582292 0.1294268 0.1949401 0.1653795 0.1998292 0.1944505 
SRR8528347 0.4243147 0.2095924 0.2250389 0.2981237 0.2287999 0.2441731 0.0217215 0.3821048 0.2710096 0.0249483 0.2335635 0.2300086 0.2814501 0.2142083 0.2604790 0.1698807 0.1819092 0.2297646 0.2560005 0.1453292 0.2919826 0.1307503 0.2323780 0.4046549 0.2280569 0.2067955 0.2323318 0.3304328 0.2858617 0.1515191 0.3800394 0.2323780 0.1333662 0.1570656 0.2463274 0.0000000 0.2861378 0.3034980 0.1446895 0.1587443 0.2041799 0.3529998 0.1700368 
SRR8528350 0.0986974 0.0439381 0.0406930 0.1001965 0.0502202 0.0549892 0.2812172 0.2367390 0.0754224 0.2629353 0.0500548 0.2488463 0.1643150 0.0547749 0.0609400 0.2176442 0.1818959 0.2720666 0.2793942 0.1594096 0.0930986 0.2158622 0.0417137 0.0736757 0.0498931 0.0310439 0.0282943 0.0798225 0.0663324 0.2570600 0.0639957 0.0498931 0.2490787 0.2282382 0.0481329 0.2861378 0.0000000 0.0589636 0.1339395 0.1935216 0.1987893 0.2347819 0.2272060 
SRR8528357 0.1423297 0.0581586 0.0587804 0.1160900 0.0644990 0.0697152 0.2981870 0.2499653 0.0813703 0.2788490 0.0642754 0.3201419 0.1967135 0.0692818 0.0764659 0.2325192 0.2174846 0.3477400 0.3568597 0.1770955 0.0833615 0.2291903 0.0553626 0.0924210 0.0640492 0.0398217 0.0330509 0.0712039 0.0620889 0.2591807 0.0768176 0.0640492 0.2509835 0.2354618 0.0582292 0.3034980 0.0589636 0.0000000 0.1542158 0.2169185 0.1926719 0.2194552 0.2215209 
SRR8528359 0.2456980 0.0984469 0.1055232 0.1761688 0.1040962 0.1150692 0.1490940 0.2303834 0.1537015 0.1362693 0.1083477 0.2098895 0.1372891 0.0947527 0.1122487 0.1138728 0.1362324 0.2158592 0.2431483 0.1011730 0.1911827 0.1290727 0.1079005 0.2154623 0.1079005 0.0869160 0.1028543 0.1806475 0.1534192 0.1614055 0.2089849 0.1079005 0.1550743 0.1614763 0.1294268 0.1446895 0.1339395 0.1542158 0.0000000 0.1293106 0.1427385 0.2205622 0.1410087 
SRR8528372 0.2509128 0.1448830 0.1333926 0.2218788 0.1663782 0.1799379 0.1633429 0.2460913 0.2115696 0.1434976 0.1710404 0.2448803 0.2042925 0.1614545 0.1792773 0.0693661 0.0457852 0.2519890 0.2815441 0.0475290 0.2560650 0.1306195 0.1702025 0.2622212 0.1639939 0.1477399 0.1567435 0.2450849 0.2085151 0.1556852 0.2346572 0.1702025 0.1569748 0.1240872 0.1949401 0.1587443 0.1935216 0.2169185 0.1293106 0.0000000 0.1165973 0.1917368 0.1434231 
SRR8528379 0.2409713 0.1627530 0.1527638 0.2458911 0.1753316 0.1834490 0.1963926 0.2704681 0.2038887 0.1929566 0.1745483 0.2654798 0.1661343 0.1650488 0.1688808 0.1374033 0.1199758 0.2731138 0.2799492 0.0922876 0.2120016 0.1312692 0.1622217 0.2548876 0.1675164 0.1426194 0.1366495 0.2153536 0.1830522 0.1289960 0.2470493 0.1736990 0.1429354 0.1283393 0.1653795 0.2041799 0.1987893 0.1926719 0.1427385 0.1165973 0.0000000 0.2169931 0.0333083 
SRR8528391 0.1961874 0.1823670 0.2901809 0.2971713 0.2222320 0.2153980 0.3210078 0.1019639 0.2126677 0.3190861 0.2210927 0.4282217 0.1939865 0.1974355 0.2195454 0.2379510 0.2021852 0.4422538 0.4645226 0.2027576 0.2712224 0.2268165 0.2199057 0.2014532 0.2199057 0.1557144 0.1828163 0.2445255 0.2417273 0.2641950 0.1829091 0.2199057 0.2605919 0.2405144 0.1998292 0.3529998 0.2347819 0.2194552 0.2205622 0.1917368 0.2169931 0.0000000 0.2207406 
SRR8528400 0.2653021 0.1880144 0.1970432 0.2837342 0.2006801 0.2093660 0.1630383 0.2607533 0.2251710 0.1602873 0.1997454 0.2483639 0.2151330 0.1901175 0.1938056 0.1493838 0.1528216 0.2555100 0.2668518 0.1096693 0.2363917 0.0993076 0.1867697 0.2659373 0.1922674 0.1592218 0.1616780 0.2510458 0.2053964 0.1194885 0.2643378 0.1987500 0.1100149 0.1185798 0.1944505 0.1700368 0.2272060 0.2215209 0.1410087 0.1434231 0.0333083 0.2207406 0.0000000 
