106
PAFTOL_019361 0.0000000 0.2909747 0.2591859 0.2245114 0.2759575 0.2660480 0.2378085 0.1943872 0.2337412 0.3502410 0.2895034 0.2673235 0.1904307 0.2078759 0.2168594 0.2311847 0.2206810 0.2157652 0.2613367 0.2213606 0.2523327 0.2287365 0.2230375 0.1949258 0.2736167 0.2550344 0.2321789 0.1927972 0.1943578 0.2521501 0.2226249 0.2511145 0.3502410 0.1931761 0.2406348 0.2168466 0.2303770 0.2240643 0.2604016 0.2419360 0.2844642 0.2404370 0.2642986 0.2334889 0.2652508 0.2825415 0.2722655 0.2704884 0.2606079 0.2025465 9.0000000 0.2911393 0.3245169 0.2639996 0.2664858 0.2184655 9.0000000 0.2811744 0.2577062 0.2413303 0.1945477 0.1982688 0.2310989 0.2409942 0.2285972 0.2411172 0.2247299 0.2067266 0.2394198 0.2645873 0.2897638 0.3068466 0.2843077 0.2097327 0.2687711 0.2602959 0.2374908 0.2102780 0.2151787 0.2081747 0.2041425 0.2392191 0.2248970 0.2530558 0.2643568 0.2233914 0.2353508 0.2339835 0.2346809 0.2456777 0.2584395 0.2319801 0.2710122 0.2265669 0.2483818 0.2195646 0.2166750 0.2949399 0.2272676 0.2522293 0.2432655 0.2295271 0.2961704 0.2511344 0.2487960 0.2296808 
S0278         0.2909747 0.0000000 0.1451605 0.1282809 0.1357604 0.0818301 0.1632618 0.1202033 0.0860805 0.1244846 0.1666049 0.1052029 0.1056711 0.1289308 0.1222636 0.1544212 0.1042319 0.0936411 0.1295203 0.1582151 0.1315644 0.0609567 0.1217461 0.1210930 0.0806403 0.1191009 0.1051261 0.1404366 0.1386540 0.1225583 0.2046072 0.1632303 0.1244846 0.1166182 0.0985384 0.1222648 0.1304819 0.1292209 0.1304346 0.1101501 0.1143771 0.1110803 0.0898806 0.0941720 0.1013064 0.1184745 0.1418726 0.1170723 0.1767086 0.2189627 0.0000010 0.1251550 0.1506909 0.1271781 0.1339333 0.2036236 0.5244341 0.1471492 0.1437951 0.0853253 0.1274860 0.1847167 0.1334099 0.1560005 0.1169105 0.0871006 0.0995202 0.1250523 0.1252937 0.0755684 0.1482050 0.1046707 0.1418453 0.1281259 0.1274601 0.1960377 0.1497145 0.1148714 0.1214559 0.1424451 0.1354112 0.0997909 0.1700651 0.1561017 0.0767186 0.1361197 0.1433295 0.1058175 0.1361844 0.1557780 0.1220657 0.1341852 0.0611715 0.1160043 0.0886414 0.1281583 0.1180402 0.1682497 0.1570426 0.1100119 0.1357888 0.1236432 0.1750405 0.1106216 0.1155741 0.0931998 
S0281         0.2591859 0.1451605 0.0000000 0.1029189 0.1305710 0.1110893 0.0849828 0.0823468 0.1078959 0.1296779 0.1218256 0.1237491 0.1098154 0.0977181 0.0914225 0.0880485 0.1036011 0.1041292 0.0922622 0.0905860 0.0898849 0.0916906 0.0910465 0.0829363 0.0990584 0.1384305 0.1082373 0.1096526 0.1010990 0.0630788 0.1991668 0.0794354 0.1296779 0.0971899 0.0421488 0.0852993 0.0693722 0.0750779 0.0861081 0.0626006 0.0976605 0.1144069 0.0993507 0.0626772 0.0859567 0.0870660 0.1225816 0.0805346 0.1293816 0.1665715 0.2126221 0.1145339 0.1040037 0.0817646 0.0812570 0.1971173 1.1760520 0.0964001 0.0797901 0.0795920 0.0904810 0.1695152 0.1142929 0.1165347 0.0853362 0.1078207 0.1024400 0.1235976 0.1382529 0.1169068 0.1249941 0.1036591 0.1298517 0.0971006 0.0982472 0.1230571 0.0898494 0.0904516 0.0908295 0.0904810 0.0967000 0.1227688 0.1147521 0.0834244 0.1188437 0.1026108 0.0749844 0.1089729 0.1036828 0.0996501 0.0847004 0.1101710 0.1222875 0.0910631 0.1039504 0.0915129 0.1093763 0.1175188 0.1214744 0.1226854 0.0687888 0.0740834 0.1169973 0.0789679 0.0787578 0.0684403 
S0282         0.2245114 0.1282809 0.1029189 0.0000000 0.1287010 0.0969650 0.1020071 0.0085949 0.0891936 0.1345548 0.1351105 0.1146751 0.0836013 0.0214324 0.0169581 0.1058814 0.0846128 0.0954735 0.1092845 0.0984326 0.0818940 0.0800002 0.0256342 0.0175237 0.0967534 0.1093197 0.0840167 0.0664244 0.0310457 0.0844885 0.1798130 0.0866417 0.1345548 0.0302064 0.0538768 0.0169603 0.0702429 0.0756343 0.1217171 0.0737329 0.1036283 0.0894104 0.0863504 0.0740232 0.0806493 0.1157679 0.1273202 0.1033325 0.1125714 0.2024421 0.1670404 0.1018484 0.1252321 0.1235459 0.1342901 0.1945107 0.9240981 0.1261908 0.0804848 0.0706512 0.0584728 0.1763832 0.0346340 0.0698125 0.0964576 0.0837295 0.0788910 0.0910627 0.1091974 0.1022435 0.1191736 0.1094231 0.1346565 0.0213182 0.0983787 0.1249750 0.1032955 0.0213647 0.0168730 0.0939447 0.0542993 0.0949035 0.1040255 0.0924306 0.0977604 0.0595323 0.0808852 0.0845290 0.0306104 0.1031488 0.0851844 0.0634733 0.1030508 0.0349362 0.0853856 0.0350937 0.0644979 0.1128739 0.1101872 0.1016913 0.1082592 0.0853995 0.1157691 0.0792996 0.0795340 0.0693505 
S0288         0.2759575 0.1357604 0.1305710 0.1287010 0.0000000 0.1341342 0.1616105 0.0956756 0.1588651 0.0396961 0.1190417 0.1141425 0.0730315 0.1103791 0.1169102 0.1373427 0.0972312 0.0868968 0.1294877 0.1665961 0.1173160 0.1233764 0.1279972 0.1029226 0.1338393 0.1058299 0.1219655 0.1464016 0.1000159 0.1264835 0.2289181 0.1670254 0.0396961 0.1275369 0.0917366 0.1169119 0.0863618 0.0871891 0.1376025 0.1141104 0.0896739 0.1281540 0.1259270 0.1146108 0.0664440 0.1364974 0.1549818 0.1231038 0.1424598 0.2628311 9.0000000 0.1092569 0.1215663 0.1397562 0.1595301 0.2460416 9.0000000 0.1545048 0.1284259 0.0722163 0.1279707 0.2171735 0.1160628 0.1544321 0.1212399 0.1459809 0.1161789 0.0928829 0.1117593 0.1276303 0.1110076 0.0212809 0.0041191 0.1227277 0.0951617 0.1860526 0.1545098 0.1156527 0.1161407 0.1467359 0.1359337 0.1299008 0.1203197 0.1545926 0.1299905 0.1412718 0.0975038 0.1227838 0.1247350 0.1595933 0.1259764 0.1533826 0.1413970 0.1164441 0.1175703 0.1286476 0.1302471 0.1602264 0.1089462 0.1269322 0.1349522 0.1339259 0.1856431 0.1034442 0.1194972 0.1095859 
S0289         0.2660480 0.0818301 0.1110893 0.0969650 0.1341342 0.0000000 0.1477893 0.0833946 0.0546820 0.1281541 0.1581102 0.0644233 0.0737242 0.0920638 0.0861892 0.1318845 0.0700516 0.0703372 0.1043322 0.1234324 0.1174796 0.0408921 0.0858569 0.0839646 0.0448317 0.0882815 0.0655340 0.1069697 0.0938817 0.1025325 0.1885502 0.1282914 0.1281541 0.0915964 0.0699493 0.0861931 0.0985744 0.1045214 0.1050244 0.0910138 0.1071739 0.0707960 0.0563655 0.0758878 0.1000334 0.0819624 0.1278123 0.0927699 0.1576850 0.2162484 0.0000010 0.1114134 0.1244429 0.0891363 0.0993955 0.1941662 0.5244341 0.1209359 0.1043956 0.0666736 0.1018231 0.1693003 0.1076337 0.1276125 0.1098275 0.0595838 0.0604951 0.0826737 0.0881870 0.0398231 0.1343681 0.1034326 0.1401477 0.0915143 0.1198918 0.1727089 0.1360656 0.0853284 0.0856639 0.1402275 0.1088811 0.0749397 0.1547936 0.1414295 0.0353303 0.1210791 0.1102335 0.0659317 0.1039133 0.1534051 0.1145596 0.1151262 0.0602606 0.0754753 0.0555882 0.0862729 0.0872823 0.1437244 0.1614174 0.0650513 0.1048717 0.0924732 0.1633878 0.0863412 0.1082760 0.0812362 
S0292         0.2378085 0.1632618 0.0849828 0.1020071 0.1616105 0.1477893 0.0000000 0.0816211 0.1439291 0.1605504 0.1374569 0.1669582 0.1292980 0.0968528 0.0906248 0.0974382 0.1392828 0.1399570 0.1130242 0.1145601 0.0890577 0.1203609 0.0902557 0.0821998 0.1474529 0.1710254 0.1312697 0.0744688 0.1001743 0.1005367 0.1937149 0.0904717 0.1605504 0.0851896 0.0775905 0.0845652 0.1078724 0.1141658 0.1012176 0.0887165 0.1204450 0.1377483 0.1352035 0.0946193 0.1139696 0.1138629 0.1378474 0.1068353 0.1423796 0.1901339 0.2126221 0.1261290 0.1587973 0.1027323 0.1025770 0.1917869 1.1760520 0.1129529 0.0660237 0.0974228 0.0905562 0.1938934 0.1132689 0.1163257 0.0886576 0.1367492 0.1252361 0.1478418 0.1707948 0.1539485 0.1431996 0.1327141 0.1682347 0.0962471 0.1074640 0.0791216 0.0130595 0.0896714 0.0791094 0.0188353 0.0848078 0.1552519 0.0366508 0.0218198 0.1364262 0.1097023 0.1140192 0.1321816 0.1094210 0.0407682 0.0563304 0.1028296 0.1618716 0.0847786 0.1336755 0.0851464 0.0848341 0.0744461 0.0973062 0.1458978 0.0883916 0.1004281 0.1329047 0.1118539 0.0510397 0.0786978 
S0293         0.1943872 0.1202033 0.0823468 0.0085949 0.0956756 0.0833946 0.0816211 0.0000000 0.0811491 0.1205762 0.1270555 0.0882668 0.0507598 0.0042590 0.0086067 0.0940737 0.0601333 0.0653993 0.1011201 0.0787189 0.0677951 0.0666241 0.0129440 0.0086562 0.0832075 0.0826388 0.0707967 0.0579019 0.0043184 0.0712129 0.1656427 0.0730373 0.1205762 0.0173573 0.0408430 0.0086079 0.0458137 0.0508617 0.1014228 0.0605809 0.0838890 0.0761433 0.0728099 0.0709651 0.0671828 0.1019125 0.1251658 0.0951405 0.0998805 0.1720626 0.0000010 0.0876678 0.1104187 0.1029428 0.1136391 0.1798965 9.0000000 0.1059976 0.0667204 0.0561806 0.0502748 0.1620464 0.0263780 0.0564612 0.0883161 0.0705553 0.0656890 0.0656890 0.0825519 0.0886822 0.1108502 0.0956756 0.1013166 0.0129851 0.0786991 0.1167101 0.0836182 0.0130139 0.0085626 0.0850691 0.0459866 0.0955297 0.0779476 0.0836512 0.0840866 0.0511999 0.0558415 0.0712308 0.0222072 0.0949704 0.0718056 0.0504184 0.0948784 0.0220559 0.0716159 0.0221576 0.0512242 0.1045117 0.0891360 0.0881887 0.0885649 0.0825177 0.0900455 0.0660408 0.0662437 0.0560978 
S0299         0.2337412 0.0860805 0.1078959 0.0891936 0.1588651 0.0546820 0.1439291 0.0811491 0.0000000 0.1525985 0.1535314 0.0857579 0.0830706 0.1004515 0.0945560 0.1404655 0.0784122 0.0787296 0.0905378 0.1319201 0.1082668 0.0348563 0.0941925 0.0926176 0.0538030 0.0911787 0.0739767 0.1155805 0.1085782 0.1108501 0.1745776 0.1366909 0.1525985 0.0999450 0.0783004 0.0945594 0.1070258 0.1129770 0.1021563 0.0993186 0.1158129 0.0792419 0.0594331 0.0842973 0.1085869 0.0913142 0.1014257 0.0902868 0.1668121 0.1756136 0.0000010 0.1203123 0.1431520 0.0987214 0.1089755 0.1804720 0.5244341 0.1062909 0.1128416 0.0819933 0.1100876 0.1630709 0.1158981 0.1359744 0.1068403 0.0628711 0.0689519 0.0912218 0.0910827 0.0638871 0.1233823 0.1263451 0.1651676 0.0998609 0.1285419 0.1612858 0.1326430 0.0936181 0.0939832 0.1237313 0.1172149 0.0728781 0.1508555 0.1378721 0.0605732 0.1177692 0.1186695 0.0744220 0.1123147 0.1495329 0.1228847 0.1234605 0.0594154 0.0838534 0.0589918 0.0893857 0.0957433 0.1676152 0.1441694 0.0911299 0.1020105 0.1009008 0.1510951 0.0736917 0.1165838 0.0834628 
S0303         0.3502410 0.1244846 0.1296779 0.1345548 0.0396961 0.1281541 0.1605504 0.1205762 0.1525985 0.0000000 0.1300995 0.1478218 0.1313488 0.1293234 0.1226337 0.1652713 0.1410837 0.1417468 0.1353903 0.1689535 0.1165414 0.1174839 0.1221124 0.1214714 0.1278713 0.1521024 0.1161447 0.1526667 0.1390876 0.1206685 0.2215358 0.1461017 0.0000010 0.1286115 0.0863716 0.1226348 0.1167877 0.1179284 0.1366987 0.1084761 0.0890582 0.1165025 0.1199128 0.1089470 0.0613112 0.1304092 0.1466312 0.1289176 0.1729828 0.2612327 0.0000010 0.0969487 0.1155180 0.1388280 0.1584899 0.2382236 0.5244341 0.1535188 0.1295164 0.0606864 0.1337834 0.2098775 0.1217377 0.1481640 0.1154606 0.1398798 0.1104250 0.1367119 0.1588729 0.1217480 0.1052921 0.0169206 0.0443608 0.1285139 0.0945121 0.1845538 0.1535241 0.1213046 0.1218205 0.1532635 0.1419020 0.1446305 0.1673174 0.1536060 0.1239917 0.1351854 0.1290853 0.1169188 0.1306196 0.1658069 0.1201917 0.1471646 0.1234232 0.1106853 0.1185622 0.1227311 0.1242419 0.1589529 0.1545193 0.1210805 0.1340780 0.1279601 0.1854821 0.0979032 0.1138160 0.1039497 
S0308         0.2895034 0.1666049 0.1218256 0.1351105 0.1190417 0.1581102 0.1374569 0.1270555 0.1535314 0.1300995 0.0000000 0.1741159 0.1193504 0.1297884 0.1289727 0.1577008 0.1299156 0.1377388 0.1093639 0.1672162 0.1223941 0.1304211 0.1402974 0.1198039 0.1546570 0.1550011 0.1293185 0.1325218 0.1467313 0.1154038 0.2186256 0.1406064 0.1300995 0.1410875 0.0920053 0.1289732 0.1063858 0.1125670 0.1217976 0.1033295 0.1179770 0.1356726 0.1331351 0.0972386 0.0878983 0.1221308 0.1287244 0.1034107 0.1970745 0.2442443 0.4232718 0.1287670 0.1683648 0.1173835 0.1357152 0.2443816 2.9237913 0.1603951 0.1166821 0.0831422 0.1167685 0.2152484 0.1407409 0.1676211 0.0867383 0.1534207 0.1233942 0.1330900 0.1420154 0.1642691 0.1205143 0.1050082 0.1249653 0.1231271 0.1186892 0.1578923 0.1316550 0.1160188 0.1281070 0.1238451 0.1363916 0.1471755 0.1274708 0.1317185 0.1604072 0.1413012 0.1065923 0.1302018 0.1494549 0.1314645 0.1134667 0.1874920 0.1660891 0.1284481 0.1256681 0.1410170 0.1289147 0.1395419 0.1295437 0.1506746 0.1269416 0.1209645 0.2069625 0.1210451 0.1072597 0.1099273 
S0320         0.2673235 0.1052029 0.1237491 0.1146751 0.1141425 0.0644233 0.1669582 0.0882668 0.0857579 0.1478218 0.1741159 0.0000000 0.0503310 0.1026896 0.1033890 0.1310580 0.0493249 0.0495146 0.1290172 0.1471204 0.1371404 0.0558869 0.1140701 0.0951716 0.0749566 0.0605702 0.0924768 0.1191358 0.0814028 0.1320821 0.2110186 0.1604416 0.1478218 0.1136759 0.0969315 0.1033919 0.0915000 0.0972399 0.1367596 0.1195431 0.1330372 0.0981717 0.0717512 0.1035418 0.1302424 0.1164247 0.1413458 0.1038495 0.1565914 0.2163605 5.9653640 0.1439547 0.1510117 0.1197592 0.1246685 0.2086800 9.0000000 0.1536595 0.1217300 0.0963822 0.1196566 0.1749695 0.1257919 0.1595469 0.1403799 0.0751189 0.0870875 0.0656151 0.0605117 0.0643457 0.1601303 0.1333125 0.1198150 0.1089608 0.1468278 0.1847071 0.1627578 0.1023166 0.1027331 0.1554165 0.1272677 0.0688939 0.1333568 0.1629095 0.0653080 0.1523535 0.1027705 0.0930671 0.1221715 0.1744371 0.1392159 0.1450107 0.0708700 0.1029919 0.0655478 0.1146365 0.1160644 0.1708164 0.1395568 0.0865036 0.1300837 0.1215747 0.1780715 0.1032797 0.1324255 0.1150250 
S0327         0.1904307 0.1056711 0.1098154 0.0836013 0.0730315 0.0737242 0.1292980 0.0507598 0.0830706 0.1313488 0.1193504 0.0503310 0.0000000 0.0661161 0.0721593 0.0981839 0.0285892 0.0237848 0.0958470 0.1070126 0.0988856 0.0446918 0.0774550 0.0570763 0.0673968 0.0340396 0.0670132 0.0800977 0.0554422 0.1018865 0.1934790 0.1089051 0.1313488 0.0771872 0.0718615 0.0721642 0.0602957 0.0659771 0.0970346 0.0892829 0.0945175 0.0728211 0.0509664 0.0830906 0.0924337 0.1025280 0.1160572 0.0841076 0.1132218 0.1940821 9.0000000 0.1037165 0.1202105 0.0990799 0.1112348 0.2079186 9.0000000 0.1158400 0.0962886 0.0672229 0.0717828 0.1792888 0.0834069 0.1159995 0.0963426 0.0604688 0.0614624 0.0394234 0.0289689 0.0673414 0.1079091 0.1038540 0.0730315 0.0661780 0.1080830 0.1340988 0.1168583 0.0658731 0.0716911 0.1192985 0.0844213 0.0414614 0.0892333 0.1233055 0.0557016 0.1090792 0.0715443 0.0674612 0.0779060 0.1213795 0.1008746 0.1084053 0.0610128 0.0718754 0.0392972 0.0778634 0.0720200 0.1338136 0.0888105 0.0859117 0.0978862 0.0963907 0.1405319 0.0899967 0.0943486 0.0838613 
S0400         0.2078759 0.1289308 0.0977181 0.0214324 0.1103791 0.0920638 0.0968528 0.0042590 0.1004515 0.1293234 0.1297884 0.1026896 0.0661161 0.0000000 0.0127075 0.0885324 0.0738332 0.0791793 0.1042567 0.0816134 0.0822984 0.0752445 0.0213442 0.0086586 0.0918612 0.0974553 0.0792979 0.0616348 0.0217863 0.0797490 0.1742632 0.0817757 0.1293234 0.0213283 0.0493530 0.0127092 0.0597653 0.0649608 0.1165775 0.0690842 0.0986366 0.0846509 0.0815090 0.0794733 0.0758594 0.1106746 0.1279626 0.0983530 0.0939474 0.1967088 1.8129940 0.0967066 0.1197436 0.1183274 0.1290551 0.1958512 5.8876522 0.1210750 0.0701591 0.0655561 0.0539371 0.1707896 0.0302811 0.0651105 0.0969283 0.0790276 0.0742017 0.0799519 0.0973501 0.0973212 0.1197874 0.1044003 0.1160831 0.0170394 0.0934041 0.1197061 0.0983195 0.0170767 0.0126437 0.0886650 0.0497402 0.0898862 0.0923142 0.0983610 0.0928191 0.0598141 0.0700482 0.0797805 0.0262159 0.0981795 0.0804044 0.0589023 0.1035604 0.0305441 0.0749734 0.0306822 0.0598452 0.1076860 0.1037068 0.0967915 0.1032768 0.0911095 0.1174526 0.0745885 0.0748103 0.0646857 
S0405         0.2168594 0.1222636 0.0914225 0.0169581 0.1169102 0.0861892 0.0906248 0.0086067 0.0945560 0.1226337 0.1289727 0.1033890 0.0721593 0.0127075 0.0000000 0.0945740 0.0742929 0.0848697 0.0980975 0.0874687 0.0765305 0.0697217 0.0168884 0.0086555 0.0860010 0.0981138 0.0737745 0.0562209 0.0219051 0.0741954 0.1666623 0.0760547 0.1226337 0.0213216 0.0443642 0.0083805 0.0601294 0.0653626 0.1101453 0.0637477 0.0925823 0.0790236 0.0758185 0.0739427 0.0702901 0.1043649 0.1213405 0.0923168 0.1004475 0.1886106 0.1670404 0.0904934 0.1128397 0.1117781 0.1223652 0.1715818 0.9240981 0.1146229 0.0701467 0.0597558 0.0488868 0.1631663 0.0256701 0.0597575 0.0909963 0.0735281 0.0687654 0.0804635 0.0980070 0.0913640 0.1131622 0.0982442 0.1227277 0.0126399 0.0874278 0.1130780 0.0922876 0.0126673 0.0083379 0.0823831 0.0447078 0.0960467 0.0929320 0.0923251 0.0868880 0.0545781 0.0704874 0.0742174 0.0216041 0.0921571 0.0747981 0.0537606 0.0974503 0.0258900 0.0749614 0.0260062 0.0546045 0.1012930 0.1044214 0.0908692 0.0971830 0.0853041 0.0984993 0.0691235 0.0693289 0.0593776 
S0412sl       0.2311847 0.1544212 0.0880485 0.1058814 0.1373427 0.1318845 0.0974382 0.0940737 0.1404655 0.1652713 0.1577008 0.1310580 0.0981839 0.0885324 0.0945740 0.0000000 0.1041122 0.1102179 0.0948084 0.0612714 0.1066548 0.1058468 0.0997482 0.0952009 0.1196186 0.1302324 0.1149244 0.0680844 0.0899384 0.0828542 0.1815166 0.0664498 0.1652713 0.0942350 0.0761146 0.0826338 0.0816758 0.0873166 0.1060965 0.0822138 0.1372144 0.1209564 0.1195102 0.0765531 0.1185702 0.0953187 0.1240067 0.0942523 0.1007929 0.1551013 0.0000010 0.1247137 0.1359928 0.0897229 0.0844462 0.1809435 9.0000000 0.1179500 0.0664579 0.0972812 0.0832968 0.1628423 0.1053195 0.1202417 0.0882770 0.1280421 0.1092689 0.1092689 0.1365660 0.1252622 0.1338727 0.1373427 0.1435089 0.1001580 0.1380727 0.1156308 0.1056841 0.0935873 0.0939712 0.0906478 0.0830190 0.1255672 0.0996658 0.0825825 0.1330622 0.1194802 0.0927798 0.1086154 0.1132908 0.0946399 0.0663668 0.1291283 0.1323717 0.0887541 0.1238015 0.0946637 0.0713653 0.0908730 0.0942882 0.1232024 0.0931316 0.0607047 0.1244496 0.0933153 0.0609118 0.0719188 
S0428sl       0.2206810 0.1042319 0.1036011 0.0846128 0.0972312 0.0700516 0.1392828 0.0601333 0.0784122 0.1410837 0.1299156 0.0493249 0.0285892 0.0738332 0.0742929 0.1041122 0.0000000 0.0344603 0.1026050 0.1136689 0.1101046 0.0496188 0.0842007 0.0660679 0.0698991 0.0493762 0.0742937 0.0937126 0.0594520 0.1005227 0.1957438 0.1206152 0.1410837 0.0839344 0.0686209 0.0742972 0.0539685 0.0688350 0.0983858 0.0892549 0.1000124 0.0795842 0.0602316 0.0790747 0.0980229 0.0922502 0.1086458 0.0912495 0.1254708 0.2056857 5.9653640 0.1090563 0.1379987 0.1054498 0.1158968 0.2098179 9.0000000 0.1196038 0.0960779 0.0767348 0.0893368 0.1838432 0.0948696 0.1250301 0.1076333 0.0633200 0.0692463 0.0492524 0.0399188 0.0699667 0.1315226 0.1154376 0.1026905 0.0793965 0.1123214 0.1561979 0.1274229 0.0735782 0.0738571 0.1245848 0.0959493 0.0567759 0.0907588 0.1333926 0.0710232 0.1186510 0.0738907 0.0747429 0.0911212 0.1382405 0.1122828 0.1121944 0.0812288 0.0740286 0.0541213 0.0846013 0.0855708 0.1432237 0.1070656 0.0915325 0.0979038 0.0906568 0.1537376 0.0846652 0.1061431 0.0848500 
S0478         0.2157652 0.0936411 0.1041292 0.0954735 0.0868968 0.0703372 0.1399570 0.0653993 0.0787296 0.1417468 0.1377388 0.0495146 0.0237848 0.0791793 0.0848697 0.1102179 0.0344603 0.0000000 0.0975493 0.1255493 0.1055462 0.0498115 0.0949966 0.0715039 0.0752604 0.0495669 0.0745960 0.1052546 0.0696398 0.1009504 0.2106000 0.1379499 0.1417468 0.0946877 0.0688948 0.0848736 0.0639116 0.0691107 0.1043337 0.0896253 0.1004571 0.0799118 0.0604734 0.0747299 0.0984497 0.0981126 0.1204480 0.0862887 0.1324462 0.2209847 9.0000000 0.1155033 0.1430581 0.1008582 0.1113311 0.2255149 9.0000000 0.1201380 0.1024556 0.0771168 0.1002629 0.1984221 0.1059763 0.1372196 0.1081034 0.0635690 0.0695253 0.0494421 0.0495217 0.0702515 0.1444321 0.1159545 0.0922655 0.0901101 0.1128343 0.1698331 0.1221371 0.0840350 0.0843603 0.1189600 0.1071888 0.0519629 0.0964575 0.1280691 0.0713168 0.1305948 0.0741892 0.0750488 0.1022919 0.1329180 0.1127725 0.1238681 0.0815699 0.0845611 0.0543319 0.0954530 0.0965751 0.1299226 0.1075301 0.0919221 0.1094278 0.1017813 0.1544745 0.0850165 0.1065993 0.0852032 
S0552sl       0.2613367 0.1295203 0.0922622 0.1092845 0.1294877 0.1043322 0.1130242 0.1011201 0.0905378 0.1353903 0.1093639 0.1290172 0.0958470 0.1042567 0.0980975 0.0948084 0.1026050 0.0975493 0.0000000 0.1096392 0.0918437 0.0864891 0.1087117 0.1018394 0.0973439 0.1225646 0.1087996 0.1120360 0.1186891 0.0965658 0.1549474 0.1201770 0.1353903 0.1148989 0.0645547 0.0926883 0.0818802 0.0875455 0.0393703 0.0852680 0.1112341 0.1147300 0.0982837 0.0742631 0.0928003 0.0261072 0.0494206 0.0169535 0.1869959 0.1709278 0.1670404 0.1037463 0.1516092 0.0448097 0.0497735 0.1660627 0.9240981 0.0640402 0.0921884 0.0710060 0.0976916 0.1430784 0.1203235 0.1475298 0.0696058 0.1072112 0.1032259 0.1169892 0.1224213 0.1042032 0.1060325 0.1100435 0.1354933 0.1036216 0.1118961 0.1101481 0.1089583 0.0970863 0.0974797 0.0692970 0.0986114 0.1220862 0.1147510 0.1084341 0.1176293 0.1405442 0.0930329 0.1095097 0.1166524 0.1023872 0.0845692 0.1404636 0.1291064 0.0977232 0.0973819 0.1036651 0.1029736 0.0940829 0.0910602 0.1285232 0.0590427 0.0909950 0.1561851 0.0803995 0.0789619 0.0808060 
S0558         0.2213606 0.1582151 0.0905860 0.0984326 0.1665961 0.1234324 0.1145601 0.0787189 0.1319201 0.1689535 0.1672162 0.1471204 0.1070126 0.0816134 0.0874687 0.0612714 0.1136689 0.1255493 0.1096392 0.0000000 0.1110092 0.0983457 0.0871254 0.0852482 0.1231571 0.1475321 0.1072818 0.0823787 0.0946659 0.0913881 0.1851517 0.0545495 0.1689535 0.0764822 0.0798665 0.0874726 0.1023880 0.1083125 0.1218505 0.0906853 0.1428385 0.1131125 0.1064335 0.0803220 0.1224691 0.0990290 0.1393168 0.1089973 0.1344288 0.1869158 0.2108305 0.1357275 0.1400521 0.1045453 0.1168650 0.1771935 1.1330588 0.1400219 0.0859885 0.0949964 0.0925120 0.1732407 0.1092877 0.1049826 0.0968022 0.1199092 0.1017970 0.1194137 0.1473502 0.1170513 0.1459357 0.1411482 0.1666690 0.0928855 0.1437348 0.1196600 0.1214258 0.0865805 0.0869264 0.1127205 0.1049700 0.1354562 0.1264239 0.1214830 0.1228331 0.0988305 0.1025801 0.1079708 0.1055246 0.0971966 0.0857515 0.1102593 0.1210296 0.0871400 0.1098769 0.0821959 0.0700989 0.1133949 0.1081590 0.1266496 0.1028482 0.0691405 0.1347671 0.1075910 0.0800485 0.0809802 
S0616         0.2523327 0.1315644 0.0898849 0.0818940 0.1173160 0.1174796 0.0890577 0.0677951 0.1082668 0.1165414 0.1223941 0.1371404 0.0988856 0.0822984 0.0765305 0.1066548 0.1101046 0.1055462 0.0918437 0.1110092 0.0000000 0.0824037 0.0762377 0.0682481 0.1040194 0.1178111 0.1030793 0.1017882 0.0849924 0.1023443 0.1762930 0.1101081 0.1165414 0.0818831 0.0698106 0.0765349 0.0983889 0.1043273 0.0809653 0.0908427 0.0817041 0.1089212 0.0927350 0.0912199 0.0761350 0.0871460 0.0865796 0.0862016 0.1486843 0.1999940 0.2126221 0.0845151 0.1114474 0.0821001 0.0987337 0.1982706 1.1760520 0.0750268 0.0858984 0.0594320 0.0867515 0.1727921 0.0870115 0.0989996 0.0756505 0.1013575 0.0975759 0.1175125 0.1176738 0.1061184 0.0602779 0.0925655 0.1231492 0.0818052 0.0821603 0.1233458 0.0802406 0.0757710 0.0760672 0.0749961 0.0934864 0.1089719 0.0984738 0.0802708 0.1184974 0.0819945 0.1100320 0.1037454 0.0939662 0.0914048 0.0806996 0.1161815 0.0935319 0.0659525 0.0868509 0.0766099 0.0823095 0.1127595 0.0931283 0.1224490 0.0740532 0.1029527 0.1356789 0.0806794 0.0750781 0.0758967 
S0624         0.2287365 0.0609567 0.0916906 0.0800002 0.1233764 0.0408921 0.1203609 0.0666241 0.0348563 0.1174839 0.1304211 0.0558869 0.0446918 0.0752445 0.0697217 0.1058468 0.0496188 0.0498115 0.0864891 0.0983457 0.0824037 0.0000000 0.0694652 0.0670609 0.0355605 0.0552729 0.0448834 0.0828271 0.0824488 0.0852958 0.1569151 0.1030729 0.1174839 0.0748774 0.0543454 0.0697261 0.0812811 0.0868943 0.0870325 0.0744133 0.0830704 0.0497682 0.0263702 0.0598690 0.0766935 0.0764378 0.0925347 0.0755749 0.1277717 0.1714170 0.0000010 0.0862617 0.1068086 0.0774517 0.0941245 0.1690532 0.5244341 0.0974357 0.0867958 0.0496511 0.0795620 0.1455504 0.0854801 0.1033283 0.0861352 0.0351403 0.0401623 0.0605411 0.0552207 0.0261181 0.0961863 0.0932713 0.1293016 0.0748056 0.0947724 0.1437853 0.1096045 0.0690524 0.0693138 0.1124223 0.0859571 0.0477067 0.1277080 0.1153416 0.0463437 0.0972963 0.0923336 0.0451414 0.0864265 0.1266019 0.0907561 0.0912288 0.0362682 0.0595405 0.0261740 0.0697941 0.0650281 0.1373304 0.1338520 0.0604943 0.0813507 0.0699243 0.1223251 0.0596785 0.0849871 0.0592668 
S0641         0.2230375 0.1217461 0.0910465 0.0256342 0.1279972 0.0858569 0.0902557 0.0129440 0.0941925 0.1221124 0.1402974 0.1140701 0.0774550 0.0213442 0.0168884 0.0997482 0.0842007 0.0949966 0.1087117 0.0871254 0.0762377 0.0694652 0.0000000 0.0130172 0.0856698 0.1087457 0.0735043 0.0610183 0.0218210 0.0739220 0.1658900 0.0757664 0.1221124 0.0126166 0.0442141 0.0168905 0.0699057 0.0752660 0.1096901 0.0635198 0.0922162 0.0787297 0.0755326 0.0736711 0.0700294 0.1039394 0.1324246 0.1027976 0.0881966 0.1877014 0.0000010 0.0901257 0.1063302 0.1113084 0.1218450 0.1866672 0.5244341 0.1141494 0.0698871 0.0595232 0.0582060 0.1624057 0.0344864 0.0498182 0.0906438 0.0732595 0.0685163 0.0906072 0.1086247 0.0910078 0.1126817 0.0978509 0.1339130 0.0212300 0.0870851 0.1184387 0.0919239 0.0212761 0.0168044 0.0934324 0.0445545 0.0957025 0.1034838 0.0919608 0.0865497 0.0448194 0.0804868 0.0739435 0.0304789 0.1026163 0.0745207 0.0441654 0.0970631 0.0258067 0.0746816 0.0170939 0.0544121 0.1122624 0.1152231 0.0905165 0.0967971 0.0849789 0.1105145 0.0688716 0.0690764 0.0591658 
S0643         0.1949258 0.1210930 0.0829363 0.0175237 0.1029226 0.0839646 0.0821998 0.0086562 0.0926176 0.1214714 0.1198039 0.0951716 0.0570763 0.0086586 0.0086555 0.0952009 0.0660679 0.0715039 0.1018394 0.0852482 0.0682481 0.0670609 0.0130172 0.0000000 0.0837747 0.0893740 0.0712585 0.0582844 0.0087977 0.0716798 0.1669611 0.0735295 0.1214714 0.0175348 0.0410929 0.0086567 0.0512034 0.0566023 0.1021469 0.0609672 0.0844657 0.0766459 0.0732981 0.0666791 0.0676268 0.1026431 0.1260943 0.0958088 0.1011565 0.1734393 0.0000010 0.0882985 0.1112769 0.1036896 0.1144697 0.1886635 9.0000000 0.1067524 0.0674843 0.0565730 0.0505872 0.1633460 0.0265320 0.0568242 0.0889215 0.0710127 0.0661127 0.0718295 0.0892769 0.0892924 0.1116756 0.0963501 0.1087321 0.0130587 0.0792366 0.1175864 0.0838467 0.0130879 0.0086114 0.0857002 0.0462731 0.0966943 0.0845864 0.0842248 0.0846664 0.0515242 0.0617227 0.0716985 0.0223373 0.0956361 0.0722805 0.0507325 0.0955429 0.0176369 0.0724393 0.0222870 0.0515489 0.1052807 0.0961337 0.0887924 0.0891740 0.0830752 0.0971957 0.0664696 0.0666750 0.0564556 
S0645sl       0.2736167 0.0806403 0.0990584 0.0967534 0.1338393 0.0448317 0.1474529 0.0832075 0.0538030 0.1278713 0.1546570 0.0749566 0.0673968 0.0918612 0.0860010 0.1196186 0.0698991 0.0752604 0.0973439 0.1231571 0.1040194 0.0355605 0.0856698 0.0837747 0.0000000 0.0813821 0.0704368 0.1067279 0.0998018 0.0915201 0.1808139 0.1163952 0.1278713 0.0913963 0.0598166 0.0860049 0.0875023 0.0932675 0.0979712 0.0803489 0.1069309 0.0757564 0.0550643 0.0743695 0.0998089 0.0930421 0.1213107 0.0861253 0.1437558 0.2078181 0.0000010 0.1111538 0.0983716 0.0993895 0.1097175 0.1861394 0.5244341 0.1206707 0.1041643 0.0720637 0.1016025 0.1618825 0.1074002 0.1273323 0.1095856 0.0537716 0.0653536 0.0878240 0.0812980 0.0491090 0.1249894 0.1032052 0.1398406 0.0913144 0.1196193 0.1723254 0.1357635 0.0851437 0.0854776 0.1398956 0.1086431 0.0682389 0.1544534 0.1411174 0.0602610 0.1208144 0.0988353 0.0708663 0.0976372 0.1530701 0.1143086 0.1148739 0.0490105 0.0706091 0.0498039 0.0860841 0.0870891 0.1587219 0.1610636 0.0750364 0.1046382 0.0922691 0.1313881 0.0703669 0.1080401 0.0749552 
S0656sl       0.2550344 0.1191009 0.1384305 0.1093197 0.1058299 0.0882815 0.1710254 0.0826388 0.0911787 0.1521024 0.1550011 0.0605702 0.0340396 0.0974553 0.0981138 0.1302324 0.0493762 0.0495669 0.1225646 0.1475321 0.1178111 0.0552729 0.1087457 0.0893740 0.0813821 0.0000000 0.0872777 0.1202397 0.0820490 0.1266110 0.2162622 0.1546714 0.1521024 0.1083722 0.0917499 0.0981170 0.0804352 0.0859811 0.1233642 0.1141904 0.1068860 0.0929182 0.0451882 0.1037529 0.1067438 0.1301073 0.1416546 0.1168663 0.1476640 0.2075401 9.0000000 0.1163750 0.1310078 0.1339218 0.1451097 0.2281187 9.0000000 0.1478698 0.1220184 0.0788329 0.1142991 0.2006267 0.1086909 0.1538112 0.1347715 0.0692778 0.0819291 0.0603857 0.0258596 0.0817359 0.1189465 0.1250291 0.1115443 0.1036470 0.1195853 0.1892541 0.1569109 0.0971008 0.0974949 0.1466080 0.1217970 0.0515294 0.1278349 0.1634366 0.0840558 0.1466909 0.0913546 0.0878326 0.1167022 0.1685572 0.1395921 0.1363004 0.0770024 0.0977384 0.0304704 0.1092863 0.1055833 0.1749466 0.1339871 0.1058179 0.1304143 0.1218616 0.1720620 0.0910803 0.1327645 0.1096514 
S0673         0.2321789 0.1051261 0.1082373 0.0840167 0.1219655 0.0655340 0.1312697 0.0707967 0.0739767 0.1161447 0.1293185 0.0924768 0.0670132 0.0792979 0.0737745 0.1149244 0.0742937 0.0745960 0.1087996 0.1072818 0.1030793 0.0448834 0.0735043 0.0712585 0.0704368 0.0872777 0.0000000 0.0706574 0.0865668 0.0790098 0.1677785 0.0901478 0.1161447 0.0789134 0.0584179 0.0737789 0.0853531 0.0909581 0.1097819 0.0684426 0.0882990 0.0125268 0.0556050 0.0741096 0.0865725 0.1040668 0.1385455 0.1028675 0.1060359 0.1899125 0.0000010 0.0967415 0.1244096 0.0990193 0.1226885 0.1889134 0.5244341 0.1314845 0.0908543 0.0598091 0.0784997 0.1642690 0.0735043 0.1128717 0.0854440 0.0638000 0.0041220 0.0214459 0.0765975 0.0602610 0.1070523 0.0922392 0.1278181 0.0687947 0.1051198 0.1425525 0.1257380 0.0632401 0.0733452 0.1298899 0.0952604 0.0686881 0.1383900 0.1257974 0.0715905 0.1067470 0.0963755 0.0083323 0.0904665 0.1371899 0.1006339 0.1172438 0.0818885 0.0636172 0.0549609 0.0738497 0.0636501 0.1300183 0.1323226 0.0214359 0.0900709 0.0786398 0.1371678 0.0738943 0.0947339 0.0740561 
S0689         0.1927972 0.1404366 0.1096526 0.0664244 0.1464016 0.1069697 0.0744688 0.0579019 0.1155805 0.1526667 0.1325218 0.1191358 0.0800977 0.0616348 0.0562209 0.0680844 0.0937126 0.1052546 0.1120360 0.0823787 0.1017882 0.0828271 0.0610183 0.0582844 0.1067279 0.1202397 0.0706574 0.0000000 0.0734277 0.0875793 0.1582850 0.0609286 0.1526667 0.0511956 0.0760271 0.0562255 0.0944037 0.1003642 0.1189683 0.0763697 0.1269692 0.0759916 0.0957112 0.0872637 0.1071681 0.1187271 0.1366370 0.1059056 0.0927741 0.1592426 0.1670404 0.0994098 0.1362681 0.1128423 0.1138313 0.1711317 0.9240981 0.1373487 0.0662043 0.0854125 0.0460664 0.1471935 0.0662865 0.0780292 0.0884277 0.0983293 0.0655609 0.0774051 0.1083315 0.1125540 0.1240401 0.1255064 0.1464016 0.0512511 0.1206713 0.0851678 0.0777545 0.0458798 0.0558932 0.0721627 0.0566982 0.0999801 0.0836635 0.0887593 0.1078926 0.0726140 0.0998193 0.0710896 0.0726414 0.0771617 0.0714211 0.0826829 0.1127370 0.0560218 0.0946121 0.0561626 0.0219692 0.0794745 0.0945704 0.0826224 0.1053161 0.0709545 0.1240021 0.0929164 0.0658866 0.0718374 
S0690         0.1943578 0.1386540 0.1010990 0.0310457 0.1000159 0.0938817 0.1001743 0.0043184 0.1085782 0.1390876 0.1467313 0.0814028 0.0554422 0.0217863 0.0219051 0.0899384 0.0594520 0.0696398 0.1186891 0.0946659 0.0849924 0.0824488 0.0218210 0.0087977 0.0998018 0.0820490 0.0865668 0.0734277 0.0000000 0.0870663 0.1862067 0.0893570 0.1390876 0.0217639 0.0554409 0.0219078 0.0554347 0.0606138 0.1205319 0.0759371 0.1019060 0.0921493 0.0890422 0.0867538 0.0831358 0.1129502 0.1437928 0.1124219 0.0896349 0.2039128 6.9538889 0.1052260 0.1288853 0.1155928 0.1265333 0.2092452 9.0000000 0.1251550 0.0769872 0.0725917 0.0651938 0.1827091 0.0402891 0.0667223 0.1050505 0.0862614 0.0812717 0.0652380 0.0819635 0.0992520 0.1292966 0.1129644 0.1056401 0.0264397 0.0964953 0.1354616 0.1015682 0.0264992 0.0217900 0.1032324 0.0558963 0.0852094 0.0770174 0.1016131 0.0946674 0.0612771 0.0656971 0.0871126 0.0361852 0.1122121 0.0878049 0.0603171 0.1120460 0.0359189 0.0819596 0.0313885 0.0664266 0.1227268 0.0880551 0.0993465 0.1066874 0.0989588 0.1207318 0.0817025 0.0819499 0.0714313 
S0720         0.2521501 0.1225583 0.0630788 0.0844885 0.1264835 0.1025325 0.1005367 0.0712129 0.1108501 0.1206685 0.1154038 0.1320821 0.1018865 0.0797490 0.0741954 0.0828542 0.1005227 0.1009504 0.0965658 0.0913881 0.1023443 0.0852958 0.0739220 0.0716798 0.0915201 0.1266110 0.0790098 0.0875793 0.0870663 0.0000000 0.1741676 0.0549084 0.1206685 0.0692581 0.0256723 0.0741997 0.0495588 0.0545625 0.0974061 0.0083676 0.0976932 0.0789788 0.0917815 0.0440607 0.0803106 0.0972472 0.1194099 0.0908847 0.1143864 0.1693071 0.0000010 0.1071335 0.1026349 0.0876269 0.0980215 0.1887578 0.5244341 0.1128184 0.0696819 0.0699009 0.0639734 0.1706930 0.0843127 0.0970518 0.0592788 0.0997344 0.0739323 0.0965343 0.1149942 0.1078698 0.1113280 0.0967113 0.1323298 0.0691901 0.0982520 0.1112441 0.1018584 0.0636029 0.0737611 0.1041016 0.0801146 0.1026528 0.1136388 0.1019014 0.1095298 0.0964896 0.0594909 0.0744057 0.0909765 0.1017154 0.0637567 0.1178794 0.1206168 0.0739322 0.0907613 0.0742710 0.0797554 0.0832605 0.1027729 0.0964334 0.0956782 0.0638994 0.0927318 0.0487240 0.0585441 0.0396170 
S0735         0.2226249 0.2046072 0.1991668 0.1798130 0.2289181 0.1885502 0.1937149 0.1656427 0.1745776 0.2215358 0.2186256 0.2110186 0.1934790 0.1742632 0.1666623 0.1815166 0.1957438 0.2106000 0.1549474 0.1851517 0.1762930 0.1569151 0.1658900 0.1669611 0.1808139 0.2162622 0.1677785 0.1582850 0.1862067 0.1741676 0.0000000 0.1902371 0.2215358 0.1732426 0.1590616 0.1666578 0.1974757 0.2053141 0.1831950 0.1725973 0.1930233 0.1747934 0.1702764 0.1734508 0.1794583 0.1630743 0.1654360 0.1740106 0.2517598 0.0499288 0.0000010 0.1937987 0.2040387 0.1862151 0.1762941 0.0217308 0.5244341 0.1959425 0.1610251 0.1507922 0.1663876 0.0257632 0.1658900 0.1981541 0.1488544 0.1664428 0.1613316 0.1921258 0.2096049 0.1809825 0.1750302 0.1896659 0.2363555 0.1603463 0.1866903 0.1496486 0.1991791 0.1522590 0.1654761 0.1550163 0.1749779 0.1959945 0.2294138 0.2133522 0.1923319 0.1967539 0.1881626 0.1689857 0.1819908 0.1839132 0.1798514 0.1871264 0.1896186 0.1533658 0.1768950 0.1519082 0.1672310 0.1950159 0.2033233 0.1805984 0.1539099 0.1739214 0.2496941 0.1405426 0.1721591 0.1679923 
S0742         0.2511145 0.1632303 0.0794354 0.0866417 0.1670254 0.1282914 0.0904717 0.0730373 0.1366909 0.1461017 0.1406064 0.1604416 0.1089051 0.0817757 0.0760547 0.0664498 0.1206152 0.1379499 0.1201770 0.0545495 0.1101081 0.1030729 0.0757664 0.0735295 0.1163952 0.1546714 0.0901478 0.0609286 0.0893570 0.0549084 0.1902371 0.0000000 0.1461017 0.0709813 0.0542871 0.0760590 0.0811985 0.0868084 0.1161904 0.0545178 0.1351552 0.0904028 0.1166923 0.0746333 0.1154017 0.1159658 0.1258510 0.1140724 0.1156629 0.1997032 0.0000010 0.1271903 0.1203505 0.1096475 0.1220737 0.1910989 0.5244341 0.1392816 0.0752564 0.0939634 0.0605400 0.1867998 0.0864555 0.0996222 0.0802830 0.1246463 0.0849047 0.1084753 0.1367646 0.1340027 0.1385017 0.1336031 0.1670986 0.0709103 0.1359869 0.0784112 0.0977570 0.0651540 0.0755974 0.0997172 0.0821579 0.1352233 0.1045605 0.0977977 0.1294063 0.0990290 0.0813490 0.0907087 0.0933463 0.0858122 0.0645378 0.1093743 0.1274857 0.0757774 0.1154024 0.0761330 0.0594681 0.0728586 0.0920078 0.1083518 0.1078679 0.0637290 0.1101145 0.0903947 0.0592509 0.0599089 
S0748         0.3502410 0.1244846 0.1296779 0.1345548 0.0396961 0.1281541 0.1605504 0.1205762 0.1525985 0.0000010 0.1300995 0.1478218 0.1313488 0.1293234 0.1226337 0.1652713 0.1410837 0.1417468 0.1353903 0.1689535 0.1165414 0.1174839 0.1221124 0.1214714 0.1278713 0.1521024 0.1161447 0.1526667 0.1390876 0.1206685 0.2215358 0.1461017 0.0000000 0.1286115 0.0863716 0.1226348 0.1167877 0.1179284 0.1366987 0.1084761 0.0890582 0.1165025 0.1199128 0.1089470 0.0613112 0.1304092 0.1466312 0.1289176 0.1729828 0.2612327 0.0000010 0.0969487 0.1155180 0.1388280 0.1584899 0.2382236 0.5244341 0.1535188 0.1295164 0.0606864 0.1337834 0.2098775 0.1217377 0.1481640 0.1154606 0.1398798 0.1104250 0.1367119 0.1588729 0.1217480 0.1052921 0.0169206 0.0443608 0.1285139 0.0945121 0.1845538 0.1535241 0.1213046 0.1218205 0.1532635 0.1419020 0.1446305 0.1673174 0.1536060 0.1239917 0.1351854 0.1290853 0.1169188 0.1306196 0.1658069 0.1201917 0.1471646 0.1234232 0.1106853 0.1185622 0.1227311 0.1242419 0.1589529 0.1545193 0.1210805 0.1340780 0.1279601 0.1854821 0.0979032 0.1138160 0.1039497 
S0756         0.1931761 0.1166182 0.0971899 0.0302064 0.1275369 0.0915964 0.0851896 0.0173573 0.0999450 0.1286115 0.1410875 0.1136759 0.0771872 0.0213283 0.0213216 0.0942350 0.0839344 0.0946877 0.1148989 0.0764822 0.0818831 0.0748774 0.0126166 0.0175348 0.0913963 0.1083722 0.0789134 0.0511956 0.0217639 0.0692581 0.1732426 0.0709813 0.1286115 0.0000000 0.0491299 0.0213242 0.0696899 0.0750296 0.1159496 0.0589440 0.0981246 0.0842354 0.0811024 0.0690238 0.0754868 0.1100857 0.1390548 0.1088669 0.0884139 0.1820907 0.0000024 0.0961899 0.1129383 0.1176799 0.1167015 0.1877003 0.6322227 0.1204248 0.0749781 0.0652160 0.0441445 0.1697808 0.0391862 0.0407558 0.0964344 0.0786465 0.0738454 0.0903127 0.1082522 0.0968233 0.1191256 0.1038534 0.1334273 0.0257306 0.0929222 0.1132281 0.0870309 0.0257870 0.0212135 0.0881812 0.0307482 0.1013649 0.0922552 0.0870654 0.0923436 0.0309200 0.0802309 0.0793910 0.0351863 0.0976723 0.0698187 0.0396197 0.1030213 0.0304122 0.0798131 0.0127785 0.0498368 0.1014303 0.0981597 0.0962996 0.1027404 0.0802069 0.1054352 0.0742284 0.0644294 0.0545752 
S0760         0.2406348 0.0985384 0.0421488 0.0538768 0.0917366 0.0699493 0.0775905 0.0408430 0.0783004 0.0863716 0.0920053 0.0969315 0.0718615 0.0493530 0.0443642 0.0761146 0.0686209 0.0688948 0.0645547 0.0798665 0.0698106 0.0543454 0.0442141 0.0410929 0.0598166 0.0917499 0.0584179 0.0760271 0.0554409 0.0256723 0.1590616 0.0542871 0.0863716 0.0491299 0.0000000 0.0443683 0.0215532 0.0260944 0.0650690 0.0168240 0.0652689 0.0634126 0.0600165 0.0344953 0.0496672 0.0649980 0.0854469 0.0593989 0.1007705 0.1804831 0.0000010 0.0729556 0.0865523 0.0659574 0.0756847 0.1793038 0.5244341 0.0795953 0.0494155 0.0380581 0.0583954 0.1555486 0.0634178 0.0801051 0.0490466 0.0681079 0.0536173 0.0745884 0.0916526 0.0749269 0.0878834 0.0646926 0.0971322 0.0490776 0.0656206 0.1098147 0.0796301 0.0439672 0.0441230 0.0802203 0.0641276 0.0840735 0.0906184 0.0796591 0.0760585 0.0745843 0.0306353 0.0587562 0.0595134 0.0898812 0.0534464 0.0845011 0.0863487 0.0442177 0.0593312 0.0444173 0.0589484 0.0875569 0.0907931 0.0745234 0.0639758 0.0535573 0.0812485 0.0300865 0.0484583 0.0301538 
S0763         0.2168466 0.1222648 0.0852993 0.0169603 0.1169119 0.0861931 0.0845652 0.0086079 0.0945594 0.1226348 0.1289732 0.1033919 0.0721642 0.0127092 0.0083805 0.0826338 0.0742972 0.0848736 0.0926883 0.0874726 0.0765349 0.0697261 0.0168905 0.0086567 0.0860049 0.0981170 0.0737789 0.0562255 0.0219078 0.0741997 0.1666578 0.0760590 0.1226348 0.0213242 0.0443683 0.0000000 0.0601339 0.0653671 0.1101476 0.0637522 0.0925859 0.0790278 0.0758228 0.0739470 0.0702945 0.0988543 0.1156400 0.0869872 0.0876121 0.1886026 0.1670404 0.0850001 0.1128420 0.1117803 0.1166117 0.1875827 0.9240981 0.1146248 0.0701512 0.0597607 0.0488910 0.1631623 0.0256731 0.0597620 0.0910000 0.0735324 0.0687698 0.0804676 0.0980102 0.0913677 0.1004051 0.0982474 0.1227288 0.0126416 0.0874317 0.1130801 0.0922912 0.0126690 0.0083391 0.0823875 0.0393535 0.0960503 0.0929356 0.0807087 0.0868919 0.0545826 0.0704919 0.0742217 0.0216067 0.0921608 0.0748025 0.0537649 0.0974536 0.0258930 0.0749657 0.0260093 0.0546090 0.0956971 0.1044242 0.0908728 0.0971863 0.0853081 0.1053526 0.0691279 0.0693334 0.0593821 
S0765         0.2303770 0.1304819 0.0693722 0.0702429 0.0863618 0.0985744 0.1078724 0.0458137 0.1070258 0.1167877 0.1063858 0.0915000 0.0602957 0.0597653 0.0601294 0.0816758 0.0539685 0.0639116 0.0818802 0.1023880 0.0983889 0.0812811 0.0699057 0.0512034 0.0875023 0.0804352 0.0853531 0.0944037 0.0554347 0.0495588 0.1974757 0.0811985 0.1167877 0.0696899 0.0215532 0.0601339 0.0000000 0.0126618 0.0933960 0.0398235 0.0936770 0.0908476 0.0877612 0.0590312 0.0762605 0.0932473 0.1042614 0.0763379 0.1072557 0.2109868 5.5159049 0.1030471 0.1188614 0.0947543 0.1051298 0.2211202 9.0000000 0.1089407 0.0701193 0.0655094 0.0749539 0.1940684 0.0803400 0.1096085 0.0752695 0.0958548 0.0801370 0.0639947 0.0803532 0.1039507 0.1189407 0.0927344 0.0916923 0.0651344 0.0942175 0.1307486 0.1085170 0.0595596 0.0597823 0.0998884 0.0812637 0.0899418 0.0853076 0.1090156 0.1055722 0.1034339 0.0169859 0.0858828 0.0764489 0.1088118 0.0798465 0.1140655 0.1167389 0.0648409 0.0808057 0.0702395 0.0861764 0.1069174 0.0854701 0.1033808 0.0917246 0.0800430 0.1061981 0.0543232 0.0742917 0.0544444 
