53
S0055       0.0000000 0.0199790 0.0934737 0.0652446 0.0199742 0.0716413 0.0776662 0.0362681 0.0531946 0.0417008 0.0362458 0.0098738 0.1578356 0.0772269 0.0098712 0.0308588 0.0654346 0.0533605 0.0525928 0.0419998 0.0471395 0.1720794 0.0639144 0.0417437 0.0423365 0.0359793 0.0645873 0.0148968 0.0202662 0.0099869 0.0252632 0.0422949 0.0466981 0.0833331 0.0098738 0.0589085 0.0481590 0.0723796 0.0358135 0.0894972 0.0049326 0.0527016 0.0200959 0.0307371 0.0971006 0.0898563 0.0585030 0.0253310 0.0728091 0.0470857 0.0923631 0.0417690 0.0254578 
S0282       0.0199790 0.0000000 0.1073722 0.0848283 0.0187699 0.0792078 0.1021462 0.0497432 0.0608711 0.0444214 0.0497014 0.0140006 0.1889317 0.0967769 0.0187654 0.0289462 0.0735788 0.0728761 0.0602142 0.0500945 0.0602796 0.2103788 0.0710993 0.0604438 0.0504822 0.0444417 0.0718237 0.0140040 0.0289312 0.0339924 0.0337981 0.0504351 0.0494924 0.1032440 0.0140006 0.0779885 0.0561196 0.0794686 0.0336054 0.1077114 0.0287908 0.0767639 0.0238829 0.0391395 0.1031272 0.1098245 0.0605065 0.0444697 0.0977881 0.0549215 0.0986944 0.0604640 0.0446453 
S0308       0.0934737 0.1073722 0.0000000 0.0345303 0.1004689 0.1348451 0.1796267 0.1070942 0.0998269 0.1287232 0.0866628 0.0881985 0.2569351 0.0294347 0.1067014 0.1220595 0.1344818 0.0347738 0.1046063 0.0996973 0.1110968 0.2735459 0.1171260 0.0990590 0.1005953 0.1277136 0.1615835 0.1004935 0.1219093 0.1138400 0.1130352 0.1004935 0.1185513 0.1818642 0.0881985 0.1148723 0.1074483 0.1285601 0.1269834 0.1861831 0.1066373 0.1329265 0.1004938 0.0804695 0.1421662 0.1903193 0.1178507 0.1211171 0.1339315 0.0807571 0.1449928 0.0810782 0.1021208 
S0322       0.0652446 0.0848283 0.0345303 0.0000000 0.0960292 0.1222466 0.1642376 0.0846218 0.0897531 0.1095371 0.0773001 0.0785969 0.2279617 0.0233702 0.0843274 0.1102089 0.1156868 0.0234894 0.1003616 0.0896458 0.1004732 0.2436377 0.1123140 0.0777037 0.0904070 0.1155915 0.1346191 0.0901657 0.1037453 0.0907377 0.1019594 0.0903195 0.1014433 0.1661755 0.0785969 0.0916717 0.0968068 0.1165276 0.1149711 0.1704213 0.0842780 0.1208151 0.0901657 0.0714916 0.1292950 0.1740233 0.1066228 0.1096056 0.1090957 0.0718501 0.1380444 0.0610038 0.0917073 
S0400       0.0199742 0.0187699 0.1004689 0.0960292 0.0000000 0.0787604 0.1015622 0.0494773 0.0605410 0.0441855 0.0494360 0.0139299 0.1739029 0.0962224 0.0092359 0.0287955 0.0731649 0.0724700 0.0598902 0.0498251 0.0494032 0.1947292 0.0707131 0.0601174 0.0502083 0.0442056 0.0882469 0.0139332 0.0287807 0.0338145 0.0336222 0.0501616 0.0492294 0.1026470 0.0139299 0.0775552 0.0558126 0.0790182 0.0334316 0.1070954 0.0286418 0.0763444 0.0237598 0.0389333 0.1025320 0.1091838 0.0601795 0.0442334 0.0972228 0.0546272 0.0981186 0.0601374 0.0444074 
S0412sl     0.0716413 0.0792078 0.1348451 0.1222466 0.0787604 0.0000000 0.1505673 0.0665235 0.0783072 0.0929447 0.0608887 0.0673443 0.1879901 0.1224981 0.0787415 0.0921373 0.0920626 0.0969496 0.0774342 0.0669952 0.0775197 0.2093129 0.0774769 0.0821071 0.0720344 0.0974591 0.1346046 0.0730856 0.0920474 0.0850505 0.0786031 0.0663195 0.0964243 0.1371159 0.0673443 0.1225926 0.0780155 0.0968524 0.0839651 0.1496564 0.0786951 0.1144575 0.0730853 0.0499287 0.1273005 0.1599225 0.0720650 0.0974790 0.1238030 0.0773666 0.1165272 0.0832962 0.0917607 
S0417       0.0776662 0.1021462 0.1796267 0.1642376 0.1015622 0.1505673 0.0000000 0.1139635 0.0952204 0.1235703 0.1138583 0.0956385 0.2058979 0.1645833 0.1015385 0.1099286 0.1291058 0.1362922 0.1136590 0.0835448 0.1137873 0.2131718 0.1137232 0.1141075 0.1035684 0.1089443 0.0603699 0.0956610 0.1158113 0.0962550 0.0956225 0.1034663 0.1146319 0.1249045 0.0956385 0.1435136 0.1102829 0.1223372 0.1206655 0.0441491 0.0897154 0.0770875 0.0840199 0.1012730 0.1482052 0.1320134 0.1205564 0.0968921 0.1731132 0.1076800 0.1440838 0.1265118 0.0905050 
S0427       0.0362681 0.0497432 0.1070942 0.0846218 0.0494773 0.0665235 0.1139635 0.0000000 0.0716675 0.0727873 0.0495814 0.0442747 0.1515175 0.0965381 0.0391302 0.0495432 0.0848914 0.0840741 0.0708849 0.0606602 0.0709620 0.1713087 0.0819909 0.0548690 0.0556205 0.0598501 0.1000849 0.0442854 0.0501571 0.0445356 0.0547250 0.0501510 0.0658454 0.1152010 0.0442747 0.0899264 0.0613226 0.0779122 0.0603819 0.1074270 0.0391072 0.0820039 0.0442847 0.0390467 0.1087229 0.1219609 0.0656684 0.0662282 0.0910511 0.0654940 0.0966530 0.0497061 0.0609193 
S0552sl     0.0531946 0.0608711 0.0998269 0.0897531 0.0605410 0.0783072 0.0952204 0.0716675 0.0000000 0.0849009 0.0596698 0.0551738 0.1798582 0.0899324 0.0605264 0.0728001 0.0396765 0.0666173 0.0284520 0.0046161 0.0284825 0.1866942 0.0383758 0.0597917 0.0499375 0.0779311 0.0877420 0.0551872 0.0727401 0.0663612 0.0659529 0.0498914 0.0833074 0.1162697 0.0551738 0.0909982 0.0555071 0.0661457 0.0775527 0.1006845 0.0550522 0.0759194 0.0551866 0.0489511 0.0885358 0.1231053 0.0598445 0.0667868 0.1086601 0.0439575 0.0841330 0.0598029 0.0610028 
S0641       0.0417008 0.0444214 0.1287232 0.1095371 0.0441855 0.0929447 0.1235703 0.0727873 0.0849009 0.0000000 0.0727230 0.0390516 0.2168131 0.1097614 0.0441749 0.0496894 0.0984591 0.0849561 0.0839378 0.0733129 0.0840316 0.2170244 0.0956225 0.0842666 0.0739220 0.0725382 0.1088979 0.0390610 0.0555736 0.0610868 0.0607132 0.0738503 0.0778947 0.1245080 0.0390516 0.1034857 0.0800927 0.1055370 0.0603424 0.1294289 0.0552959 0.0959983 0.0500279 0.0613094 0.1181325 0.1315914 0.0900185 0.0670959 0.1317707 0.0782814 0.1266949 0.0899531 0.0673739 
S0689       0.0362458 0.0497014 0.0866628 0.0773001 0.0494360 0.0608887 0.1138583 0.0495814 0.0596698 0.0727230 0.0000000 0.0340237 0.1708757 0.0774522 0.0494241 0.0611021 0.0720662 0.0550531 0.0590378 0.0491212 0.0591004 0.1912687 0.0696891 0.0592587 0.0494932 0.0661407 0.0999954 0.0442486 0.0610569 0.0550079 0.0546790 0.0494478 0.0659169 0.1150935 0.0340237 0.1019431 0.0550067 0.0778201 0.0658305 0.1194875 0.0493953 0.0765179 0.0442480 0.0092911 0.1009235 0.1218449 0.0593190 0.0661710 0.0840747 0.0538550 0.0965647 0.0488569 0.0555786 
S0690       0.0098738 0.0140006 0.0881985 0.0785969 0.0139299 0.0673443 0.0956385 0.0442747 0.0551738 0.0390516 0.0340237 0.0000000 0.1807789 0.0787540 0.0139265 0.0238613 0.0675290 0.0559397 0.0545847 0.0445844 0.0546436 0.2018391 0.0652849 0.0547914 0.0449232 0.0390692 0.0825726 0.0092382 0.0238497 0.0288202 0.0286580 0.0448816 0.0389467 0.0966529 0.0000010 0.0719557 0.0504388 0.0733062 0.0284971 0.1011300 0.0237349 0.0600427 0.0189018 0.0239291 0.0965489 0.1030922 0.0548478 0.0390953 0.0795670 0.0493766 0.0920965 0.0443423 0.0291092 
S0735       0.1578356 0.1889317 0.2569351 0.2279617 0.1739029 0.1879901 0.2058979 0.1515175 0.1798582 0.2168131 0.1708757 0.1807789 0.0000000 0.2365098 0.1667732 0.1997154 0.1813735 0.2190070 0.1841431 0.1659365 0.1707785 0.0235797 0.1706463 0.1915183 0.1879990 0.2047021 0.1973608 0.1808168 0.1812608 0.1676641 0.1948104 0.1805349 0.2188485 0.2033067 0.1807789 0.2440262 0.1888414 0.2141940 0.1965617 0.1902181 0.1596577 0.1880838 0.1808208 0.1567005 0.2448817 0.2160562 0.1714609 0.1976143 0.2120064 0.1912060 0.2341743 0.1778351 0.2055012 
S0748       0.0772269 0.0967769 0.0294347 0.0233702 0.0962224 0.1224981 0.1645833 0.0965381 0.0899324 0.1097614 0.0774522 0.0787540 0.2365098 0.0000000 0.0961996 0.1104359 0.1159239 0.0235257 0.1005607 0.0898247 0.0890282 0.2524394 0.1125377 0.0892754 0.0905889 0.1035240 0.1479219 0.0903467 0.1103142 0.1028517 0.1021648 0.0905011 0.0955476 0.1665289 0.0787540 0.1039069 0.0970030 0.1167680 0.1029802 0.1707789 0.0961436 0.1210607 0.0903467 0.0716315 0.1295627 0.1743948 0.1068353 0.1098299 0.1217145 0.0719914 0.1383351 0.0721456 0.0918945 
S0756       0.0098712 0.0187654 0.1067014 0.0843274 0.0092359 0.0787415 0.1015385 0.0391302 0.0605264 0.0441749 0.0494241 0.0139265 0.1667732 0.0961996 0.0000000 0.0287886 0.0731471 0.0724526 0.0598760 0.0498130 0.0493914 0.1873285 0.0706964 0.0495248 0.0501960 0.0441950 0.0882263 0.0139299 0.0238049 0.0238815 0.0336141 0.0501494 0.0492176 0.1026228 0.0139265 0.0718361 0.0557990 0.0789991 0.0334226 0.1070707 0.0188820 0.0763265 0.0237540 0.0389239 0.1025079 0.1091582 0.0601651 0.0442227 0.0910766 0.0546141 0.0980950 0.0495412 0.0443967 
S0763       0.0308588 0.0289462 0.1220595 0.1102089 0.0287955 0.0921373 0.1099286 0.0495432 0.0728001 0.0496894 0.0611021 0.0238613 0.1997154 0.1104359 0.0287886 0.0000000 0.0862998 0.0854555 0.0719919 0.0615969 0.0720714 0.2219101 0.0832994 0.0612300 0.0620917 0.0495483 0.0959806 0.0238671 0.0342898 0.0447443 0.0444802 0.0620325 0.0553462 0.1172265 0.0238613 0.0906827 0.0680043 0.0850866 0.0442183 0.1156382 0.0392874 0.0666227 0.0342147 0.0500979 0.1170799 0.1241368 0.0723473 0.0556692 0.1051723 0.0665067 0.1045917 0.0722954 0.0558944 
S0771       0.0654346 0.0735788 0.1344818 0.1156868 0.0731649 0.0920626 0.1291058 0.0848914 0.0396765 0.0984591 0.0720662 0.0675290 0.1813735 0.1159239 0.0731471 0.0862998 0.0000000 0.0907952 0.0443428 0.0347185 0.0443906 0.1812278 0.0548500 0.0778183 0.0565266 0.0916083 0.1220766 0.0675455 0.0862197 0.0793585 0.0788476 0.0675455 0.0972125 0.1239086 0.0675290 0.1118827 0.0736137 0.0921833 0.0854119 0.1349627 0.0673758 0.1086724 0.0675450 0.0607701 0.1167355 0.1309433 0.0780425 0.0857131 0.1241914 0.0719792 0.1123454 0.0835287 0.0860822 
S0888       0.0533605 0.0728761 0.0347738 0.0234894 0.0724700 0.0969496 0.1362922 0.0840741 0.0666173 0.0849561 0.0550531 0.0559397 0.2190070 0.0235257 0.0724526 0.0854555 0.0907952 0.0000000 0.0769179 0.0665465 0.0770024 0.2343650 0.0882481 0.0661517 0.0670829 0.0907123 0.1210654 0.0669073 0.0853767 0.0785956 0.0780949 0.0670192 0.0844244 0.1378480 0.0559397 0.0924056 0.0730330 0.0914350 0.0902529 0.1422347 0.0724100 0.0958687 0.0669068 0.0496087 0.1035093 0.1451677 0.0827972 0.0850247 0.1040627 0.0605124 0.1114025 0.0606317 0.0738236 
S0959       0.0525928 0.0602142 0.1046063 0.1003616 0.0598902 0.0774342 0.1136590 0.0708849 0.0284520 0.0839378 0.0590378 0.0545847 0.1841431 0.1005607 0.0598760 0.0719919 0.0443428 0.0769179 0.0000000 0.0237132 0.0281956 0.1909454 0.0185854 0.0591564 0.0494071 0.0770663 0.0998225 0.0545977 0.0719336 0.0656387 0.0652395 0.0493619 0.0823799 0.1148902 0.0545847 0.1017636 0.0549107 0.0776834 0.0766965 0.1192796 0.0544656 0.0875569 0.0545971 0.0484417 0.1007475 0.1216296 0.0698546 0.0660552 0.1073973 0.0537635 0.0963937 0.0698064 0.0663237 
S0960       0.0419998 0.0500945 0.0996973 0.0896458 0.0498251 0.0669952 0.0835448 0.0606602 0.0046161 0.0733129 0.0491212 0.0445844 0.1659365 0.0898247 0.0498130 0.0615969 0.0347185 0.0665465 0.0237132 0.0000000 0.0237382 0.1726088 0.0335843 0.0492206 0.0394580 0.0666752 0.0764517 0.0445952 0.0615508 0.0554456 0.0551114 0.0394218 0.0719640 0.1037730 0.0445844 0.0908880 0.0448483 0.0552712 0.0663595 0.0889187 0.0444867 0.0649884 0.0445946 0.0386930 0.0771298 0.1103912 0.0492640 0.0557978 0.0965031 0.0439179 0.0726683 0.0597434 0.0502014 
S1129sl     0.0471395 0.0602796 0.1110968 0.1004732 0.0494032 0.0775197 0.1137873 0.0709620 0.0284825 0.0840316 0.0591004 0.0546436 0.1707785 0.0890282 0.0493914 0.0720714 0.0443906 0.0770024 0.0281956 0.0237382 0.0000000 0.1774439 0.0380252 0.0592204 0.0494604 0.0660973 0.0999328 0.0546566 0.0720129 0.0657102 0.0653101 0.0494151 0.0713398 0.1150212 0.0546436 0.1018783 0.0549703 0.0777695 0.0657875 0.1194140 0.0545242 0.0876525 0.0546560 0.0484929 0.1008599 0.1217689 0.0699291 0.0661276 0.1075181 0.0538203 0.0965026 0.0698809 0.0663967 
S1180       0.1720794 0.2103788 0.2735459 0.2436377 0.1947292 0.2093129 0.2131718 0.1713087 0.1866942 0.2170244 0.1912687 0.2018391 0.0235797 0.2524394 0.1873285 0.2219101 0.1812278 0.2343650 0.1909454 0.1726088 0.1774439 0.0000000 0.1773060 0.1984113 0.1808909 0.2268638 0.2044965 0.2018797 0.2023783 0.1883593 0.2163519 0.1874060 0.2414476 0.2028432 0.2018391 0.2517442 0.1958482 0.2215805 0.2183353 0.1972881 0.1799321 0.1950531 0.2018849 0.1765063 0.2526133 0.2155657 0.1919242 0.2047604 0.2343820 0.1980891 0.2419121 0.1984823 0.2127554 
S1189       0.0639144 0.0710993 0.1171260 0.1123140 0.0707131 0.0774769 0.1137232 0.0819909 0.0383758 0.0956225 0.0696891 0.0652849 0.1706463 0.1125377 0.0706964 0.0832994 0.0548500 0.0882481 0.0185854 0.0335843 0.0380252 0.1773060 0.0000000 0.0698310 0.0600007 0.0884196 0.0998776 0.0653003 0.0832257 0.0766593 0.0761840 0.0599454 0.0938148 0.1149557 0.0652849 0.1139134 0.0601944 0.0777387 0.0879847 0.1193467 0.0651416 0.0990451 0.0652998 0.0588068 0.1065469 0.1216992 0.0592490 0.0771489 0.1196218 0.0642869 0.0964646 0.0807222 0.0774668 
S1201sl     0.0417437 0.0604438 0.0990590 0.0777037 0.0601174 0.0821071 0.1141075 0.0548690 0.0597917 0.0842666 0.0592587 0.0547914 0.1915183 0.0892754 0.0495248 0.0612300 0.0778183 0.0661517 0.0591564 0.0492206 0.0592204 0.1984113 0.0698310 0.0000000 0.0386045 0.0773634 0.1002086 0.0548045 0.0609606 0.0551211 0.0654873 0.0385699 0.0826971 0.1153479 0.0547914 0.0774064 0.0438667 0.0656774 0.0703717 0.1134150 0.0494959 0.0766774 0.0548040 0.0486209 0.0766713 0.1096690 0.0701175 0.0663091 0.1016370 0.0539643 0.0776953 0.0593984 0.0665798 
S1214sl     0.0423365 0.0504822 0.1005953 0.0904070 0.0502083 0.0720344 0.1035684 0.0556205 0.0499375 0.0739220 0.0494932 0.0449232 0.1879990 0.0905889 0.0501960 0.0620917 0.0565266 0.0670829 0.0494071 0.0394580 0.0494604 0.1808909 0.0600007 0.0386045 0.0000000 0.0609507 0.0718847 0.0397729 0.0620447 0.0558798 0.0496278 0.0092505 0.0608213 0.1046981 0.0449232 0.0843865 0.0140209 0.0612305 0.0604652 0.1029329 0.0501664 0.0777671 0.0392675 0.0389780 0.0777608 0.1113914 0.0550010 0.0562383 0.0915312 0.0442463 0.0732652 0.0602074 0.0564689 
S1235sl     0.0359793 0.0444417 0.1277136 0.1155915 0.0442056 0.0974591 0.1089443 0.0598501 0.0779311 0.0725382 0.0661407 0.0390692 0.2047021 0.1035240 0.0441950 0.0495483 0.0916083 0.0907123 0.0770663 0.0666752 0.0660973 0.2268638 0.0884196 0.0773634 0.0609507 0.0000000 0.1012332 0.0340634 0.0501785 0.0496817 0.0286174 0.0608937 0.0338359 0.1144298 0.0390692 0.0959239 0.0667364 0.0846467 0.0497392 0.1270642 0.0441692 0.0826487 0.0188753 0.0550671 0.1225054 0.1211388 0.0719983 0.0499873 0.1046488 0.0715625 0.1040249 0.0773896 0.0501875 
S1239       0.0645873 0.0718237 0.1615835 0.1346191 0.0882469 0.1346046 0.0603699 0.1000849 0.0877420 0.1088979 0.0999954 0.0825726 0.1973608 0.1479219 0.0882263 0.0959806 0.1220766 0.1210654 0.0998225 0.0764517 0.0999328 0.2044965 0.0998776 0.1002086 0.0718847 0.1012332 0.0000000 0.0714472 0.1016476 0.0830849 0.0883996 0.0718171 0.1067454 0.1100342 0.0825726 0.1279013 0.0778485 0.0959263 0.1064344 0.0655119 0.0769053 0.0649646 0.0771302 0.0880098 0.1200795 0.1167653 0.1003149 0.0836222 0.1363493 0.0940907 0.1158164 0.1120748 0.0775640 
S1369       0.0148968 0.0140040 0.1004935 0.0901657 0.0139332 0.0730856 0.0956610 0.0442854 0.0551872 0.0390610 0.0442486 0.0092382 0.1808168 0.0903467 0.0139299 0.0238671 0.0675455 0.0669073 0.0545977 0.0445952 0.0546566 0.2018797 0.0653003 0.0548045 0.0397729 0.0340634 0.0714472 0.0000000 0.0238555 0.0288272 0.0237986 0.0397362 0.0390090 0.0966759 0.0092382 0.0719729 0.0452122 0.0733240 0.0285039 0.1011535 0.0237406 0.0708617 0.0141273 0.0338822 0.0965718 0.1031165 0.0443837 0.0391048 0.0795863 0.0493885 0.0921188 0.0548227 0.0392578 
S1370       0.0202662 0.0289312 0.1219093 0.1037453 0.0287807 0.0920474 0.1158113 0.0501571 0.0727401 0.0555736 0.0610569 0.0238497 0.1812608 0.1103142 0.0238049 0.0342898 0.0862197 0.0853767 0.0719336 0.0615508 0.0720129 0.2023783 0.0832257 0.0609606 0.0620447 0.0501785 0.1016476 0.0238555 0.0000000 0.0394510 0.0444525 0.0619856 0.0500840 0.1170914 0.0238497 0.0834236 0.0679499 0.0862582 0.0441910 0.1215443 0.0341025 0.0777301 0.0341956 0.0500647 0.1169453 0.1173953 0.0722883 0.0449919 0.0854539 0.0664552 0.1060859 0.0665670 0.0558549 
S1375       0.0099869 0.0339924 0.1138400 0.0907377 0.0338145 0.0850505 0.0962550 0.0445356 0.0663612 0.0610868 0.0550079 0.0288202 0.1676641 0.1028517 0.0238815 0.0447443 0.0793585 0.0785956 0.0656387 0.0554456 0.0657102 0.1883593 0.0766593 0.0551211 0.0558798 0.0496817 0.0830849 0.0288272 0.0394510 0.0000000 0.0388547 0.0558274 0.0547747 0.0955482 0.0288202 0.0779176 0.0616135 0.0853326 0.0494588 0.0943299 0.0141616 0.0766949 0.0288267 0.0442968 0.1092983 0.1019012 0.0659582 0.0497109 0.0976781 0.0602855 0.1049029 0.0551395 0.0499088 
S1381       0.0252632 0.0337981 0.1130352 0.1019594 0.0336222 0.0786031 0.0956225 0.0547250 0.0659529 0.0607132 0.0546790 0.0286580 0.1948104 0.1021648 0.0336141 0.0444802 0.0788476 0.0780949 0.0652395 0.0551114 0.0653101 0.2163519 0.0761840 0.0654873 0.0496278 0.0286174 0.0883996 0.0237986 0.0444525 0.0388547 0.0000000 0.0495822 0.0385089 0.1086861 0.0286580 0.0831995 0.0551577 0.0847763 0.0491675 0.1131043 0.0335946 0.0818860 0.0092382 0.0440382 0.1085596 0.1153204 0.0602810 0.0339531 0.0855435 0.0599220 0.1041874 0.0655091 0.0340849 
S1449       0.0422949 0.0504351 0.1004935 0.0903195 0.0501616 0.0663195 0.1034663 0.0501510 0.0498914 0.0738503 0.0494478 0.0448816 0.1805349 0.0905011 0.0501494 0.0620325 0.0675455 0.0670192 0.0493619 0.0394218 0.0494151 0.1874060 0.0599454 0.0385699 0.0092505 0.0608937 0.0718171 0.0397362 0.0619856 0.0558274 0.0495822 0.0000000 0.0607654 0.1045938 0.0448816 0.0843052 0.0140087 0.0611729 0.0604090 0.1028321 0.0501198 0.0776934 0.0392317 0.0389427 0.0776871 0.1112798 0.0444555 0.0561852 0.0914416 0.0442060 0.0731949 0.0601518 0.0564153 
S1460       0.0466981 0.0494924 0.1185513 0.1014433 0.0492294 0.0964243 0.1146319 0.0658454 0.0833074 0.0778947 0.0659169 0.0389467 0.2188485 0.0955476 0.0492176 0.0553462 0.0972125 0.0844244 0.0823799 0.0719640 0.0713398 0.2414476 0.0938148 0.0826971 0.0608213 0.0338359 0.1067454 0.0390090 0.0500840 0.0547747 0.0385089 0.0607654 0.0000000 0.1285004 0.0389467 0.0884705 0.0665920 0.0972514 0.0548383 0.1267601 0.0491891 0.0826130 0.0285752 0.0548862 0.1283309 0.1355205 0.0772851 0.0551114 0.0850898 0.0768407 0.1175012 0.0771200 0.0500232 
S1539       0.0833331 0.1032440 0.1818642 0.1661755 0.1026470 0.1371159 0.1249045 0.1152010 0.1162697 0.1245080 0.1150935 0.0966529 0.2033067 0.1665289 0.1026228 0.1172265 0.1239086 0.1378480 0.1148902 0.1037730 0.1150212 0.2028432 0.1149557 0.1153479 0.1046981 0.1144298 0.1100342 0.0966759 0.1170914 0.0955482 0.1086861 0.1045938 0.1285004 0.0000000 0.0966529 0.1516803 0.1115015 0.1132063 0.1219924 0.1097746 0.1025632 0.1028003 0.0966761 0.1023509 0.1393724 0.0285873 0.1280003 0.1101644 0.1443164 0.1088394 0.1350581 0.1074473 0.1106529 
S_670       0.0098738 0.0140006 0.0881985 0.0785969 0.0139299 0.0673443 0.0956385 0.0442747 0.0551738 0.0390516 0.0340237 0.0000010 0.1807789 0.0787540 0.0139265 0.0238613 0.0675290 0.0559397 0.0545847 0.0445844 0.0546436 0.2018391 0.0652849 0.0547914 0.0449232 0.0390692 0.0825726 0.0092382 0.0238497 0.0288202 0.0286580 0.0448816 0.0389467 0.0966529 0.0000000 0.0719557 0.0504388 0.0733062 0.0284971 0.1011300 0.0237349 0.0600427 0.0189018 0.0239291 0.0965489 0.1030922 0.0548478 0.0390953 0.0795670 0.0493766 0.0920965 0.0443423 0.0291092 
SRR11470320 0.0589085 0.0779885 0.1148723 0.0916717 0.0775552 0.1225926 0.1435136 0.0899264 0.0909982 0.1034857 0.1019431 0.0719557 0.2440262 0.1039069 0.0718361 0.0906827 0.1118827 0.0924056 0.1017636 0.0908880 0.1018783 0.2517442 0.1139134 0.0774064 0.0843865 0.0959239 0.1279013 0.0719729 0.0834236 0.0779176 0.0831995 0.0843052 0.0884705 0.1516803 0.0719557 0.0000000 0.0906663 0.0919917 0.0772103 0.1490346 0.0717943 0.1203002 0.0719725 0.0896713 0.1041040 0.1592588 0.1144026 0.0786813 0.1200192 0.0616602 0.1182280 0.0960751 0.0790132 
SRR8528336  0.0481590 0.0561196 0.1074483 0.0968068 0.0558126 0.0780155 0.1102829 0.0613226 0.0555071 0.0800927 0.0550067 0.0504388 0.1888414 0.0970030 0.0557990 0.0680043 0.0736137 0.0730330 0.0549107 0.0448483 0.0549703 0.1958482 0.0601944 0.0438667 0.0140209 0.0667364 0.0778485 0.0452122 0.0679499 0.0616135 0.0551577 0.0140087 0.0665920 0.1115015 0.0504388 0.0906663 0.0000000 0.0614326 0.0661973 0.1096013 0.0557660 0.0838566 0.0446295 0.0442961 0.0769443 0.1183454 0.0551770 0.0620120 0.0980201 0.0496690 0.0735186 0.0659099 0.0622695 
SRR8528341  0.0723796 0.0794686 0.1285601 0.1165276 0.0790182 0.0968524 0.1223372 0.0779122 0.0661457 0.1055370 0.0778201 0.0733062 0.2141940 0.1167680 0.0789991 0.0850866 0.0921833 0.0914350 0.0776834 0.0552712 0.0777695 0.2215805 0.0777387 0.0656774 0.0612305 0.0846467 0.0959263 0.0733240 0.0862582 0.0853326 0.0847763 0.0611729 0.0972514 0.1132063 0.0733062 0.0919917 0.0614326 0.0000000 0.0842390 0.1216154 0.0789525 0.0891721 0.0733237 0.0663479 0.0443076 0.1201738 0.0780679 0.0742531 0.1180652 0.0721345 0.0189436 0.0780117 0.0682005 
SRR8528343  0.0358135 0.0336054 0.1269834 0.1149711 0.0334316 0.0839651 0.1206655 0.0603819 0.0775527 0.0603424 0.0658305 0.0284971 0.1965617 0.1029802 0.0334226 0.0442183 0.0854119 0.0902529 0.0766965 0.0663595 0.0657875 0.2183353 0.0879847 0.0703717 0.0604652 0.0497392 0.1064344 0.0285039 0.0441910 0.0494588 0.0491675 0.0604090 0.0548383 0.1219924 0.0284971 0.0772103 0.0661973 0.0842390 0.0000000 0.1199637 0.0439748 0.0938826 0.0389081 0.0548165 0.1136883 0.1288953 0.0770715 0.0604010 0.1104193 0.0712231 0.1034632 0.0770167 0.0606446 
SRR8528347  0.0894972 0.1077114 0.1861831 0.1704213 0.1070954 0.1496564 0.0441491 0.1074270 0.1006845 0.1294289 0.1194875 0.1011300 0.1902181 0.1707789 0.1070707 0.1156382 0.1349627 0.1422347 0.1192796 0.0889187 0.1194140 0.1972881 0.1193467 0.1134150 0.1029329 0.1270642 0.0655119 0.1011535 0.1215443 0.0943299 0.1131043 0.1028321 0.1267601 0.1097746 0.1011300 0.1490346 0.1096013 0.1216154 0.1199637 0.0000000 0.0951616 0.0823682 0.1011539 0.1067864 0.1472795 0.1291628 0.1262538 0.1146274 0.1653616 0.1132623 0.1431707 0.1322399 0.1079587 
SRR8528350  0.0049326 0.0287908 0.1066373 0.0842780 0.0286418 0.0786951 0.0897154 0.0391072 0.0550522 0.0552959 0.0493953 0.0237349 0.1596577 0.0961436 0.0188820 0.0392874 0.0673758 0.0724100 0.0544656 0.0444867 0.0545242 0.1799321 0.0651416 0.0494959 0.0501664 0.0441692 0.0769053 0.0237406 0.0341025 0.0141616 0.0335946 0.0501198 0.0491891 0.1025632 0.0237349 0.0717943 0.0557660 0.0789525 0.0439748 0.0951616 0.0000000 0.0706889 0.0237402 0.0389012 0.1024484 0.1090949 0.0601302 0.0441969 0.0910231 0.0545824 0.0980370 0.0495123 0.0443707 
SRR8528354  0.0527016 0.0767639 0.1329265 0.1208151 0.0763444 0.1144575 0.0770875 0.0820039 0.0759194 0.0959983 0.0765179 0.0600427 0.1880838 0.1210607 0.0763265 0.0666227 0.1086724 0.0958687 0.0875569 0.0649884 0.0876525 0.1950531 0.0990451 0.0766774 0.0777671 0.0826487 0.0649646 0.0708617 0.0777301 0.0766949 0.0818860 0.0776934 0.0826130 0.1028003 0.0600427 0.1203002 0.0838566 0.0891721 0.0938826 0.0823682 0.0706889 0.0000000 0.0708612 0.0652602 0.1190374 0.1093494 0.0994587 0.0829313 0.1158848 0.0819950 0.1085112 0.0879218 0.0659201 
SRR8528357  0.0200959 0.0238829 0.1004938 0.0901657 0.0237598 0.0730853 0.0840199 0.0442847 0.0551866 0.0500279 0.0442480 0.0189018 0.1808208 0.0903467 0.0237540 0.0342147 0.0675450 0.0669068 0.0545971 0.0445946 0.0546560 0.2018849 0.0652998 0.0548040 0.0392675 0.0188753 0.0771302 0.0141273 0.0341956 0.0288267 0.0092382 0.0392317 0.0285752 0.0966761 0.0189018 0.0719725 0.0446295 0.0733237 0.0389081 0.1011539 0.0237402 0.0708612 0.0000000 0.0338816 0.0965720 0.1031169 0.0496825 0.0290000 0.0855642 0.0493879 0.0921189 0.0548221 0.0291121 
SRR8528359  0.0307371 0.0391395 0.0804695 0.0714916 0.0389333 0.0499287 0.1012730 0.0390467 0.0489511 0.0613094 0.0092911 0.0239291 0.1567005 0.0716315 0.0389239 0.0500979 0.0607701 0.0496087 0.0484417 0.0386930 0.0484929 0.1765063 0.0588068 0.0486209 0.0389780 0.0550671 0.0880098 0.0338822 0.0500647 0.0442968 0.0440382 0.0389427 0.0548862 0.1023509 0.0239291 0.0896713 0.0442961 0.0663479 0.0548165 0.1067864 0.0389012 0.0652602 0.0338816 0.0000000 0.0888084 0.1088616 0.0486705 0.0550971 0.0723536 0.0433886 0.0843954 0.0384880 0.0447502 
SRR8528365  0.0971006 0.1031272 0.1421662 0.1292950 0.1025320 0.1273005 0.1482052 0.1087229 0.0885358 0.1181325 0.1009235 0.0965489 0.2448817 0.1295627 0.1025079 0.1170799 0.1167355 0.1035093 0.1007475 0.0771298 0.1008599 0.2526133 0.1065469 0.0766713 0.0777608 0.1225054 0.1200795 0.0965718 0.1169453 0.1092983 0.1085596 0.0776871 0.1283309 0.1393724 0.0965489 0.1041040 0.0769443 0.0443076 0.1136883 0.1472795 0.1024484 0.1190374 0.0965720 0.0888084 0.0000000 0.1467833 0.1069987 0.0978274 0.1510677 0.0834172 0.0554894 0.1011756 0.0913707 
SRR8528370  0.0898563 0.1098245 0.1903193 0.1740233 0.1091838 0.1599225 0.1320134 0.1219609 0.1231053 0.1315914 0.1218449 0.1030922 0.2160562 0.1743948 0.1091582 0.1241368 0.1309433 0.1451677 0.1216296 0.1103912 0.1217689 0.2155657 0.1216992 0.1096690 0.1113914 0.1211388 0.1167653 0.1031165 0.1173953 0.1019012 0.1153204 0.1112798 0.1355205 0.0285873 0.1030922 0.1592588 0.1183454 0.1201738 0.1288953 0.1291628 0.1090949 0.1093494 0.1031169 0.1088616 0.1467833 0.0000000 0.1349802 0.1169050 0.1654436 0.1154845 0.1425155 0.1077172 0.1174289 
SRR8528372  0.0585030 0.0605065 0.1178507 0.1066228 0.0601795 0.0720650 0.1205564 0.0656684 0.0598445 0.0900185 0.0593190 0.0548478 0.1714609 0.1068353 0.0601651 0.0723473 0.0780425 0.0827972 0.0698546 0.0492640 0.0699291 0.1919242 0.0592490 0.0701175 0.0550010 0.0719983 0.1003149 0.0443837 0.0722883 0.0659582 0.0602810 0.0444555 0.0772851 0.1280003 0.0548478 0.1144026 0.0551770 0.0780679 0.0770715 0.1262538 0.0601302 0.0994587 0.0496825 0.0486705 0.1069987 0.1349802 0.0000000 0.0774732 0.0960081 0.0645496 0.0968800 0.0701406 0.0777939 
SRR8528379  0.0253310 0.0444697 0.1211171 0.1096056 0.0442334 0.0974790 0.0968921 0.0662282 0.0667868 0.0670959 0.0661710 0.0390953 0.1976143 0.1098299 0.0442227 0.0556692 0.0857131 0.0850247 0.0660552 0.0557978 0.0661276 0.2047604 0.0771489 0.0663091 0.0562383 0.0499873 0.0836222 0.0391048 0.0449919 0.0497109 0.0339531 0.0561852 0.0551114 0.1101644 0.0390953 0.0786813 0.0620120 0.0742531 0.0604010 0.1146274 0.0441969 0.0829313 0.0290000 0.0550971 0.0978274 0.1169050 0.0774732 0.0000000 0.1046138 0.0606671 0.0933286 0.0774179 0.0191093 
SRR8528381  0.0728091 0.0977881 0.1339315 0.1090957 0.0972228 0.1238030 0.1731132 0.0910511 0.1086601 0.1317707 0.0840747 0.0795670 0.2120064 0.1217145 0.0910766 0.1051723 0.1241914 0.1040627 0.1073973 0.0965031 0.1075181 0.2343820 0.1196218 0.1016370 0.0915312 0.1046488 0.1363493 0.0795863 0.0854539 0.0976781 0.0855435 0.0914416 0.0850898 0.1443164 0.0795670 0.1200192 0.0980201 0.1180652 0.1104193 0.1653616 0.0910231 0.1158848 0.0855642 0.0723536 0.1510677 0.1654436 0.0960081 0.1046138 0.0000000 0.1014993 0.1313810 0.0726181 0.0795085 
SRR8528384  0.0470857 0.0549215 0.0807571 0.0718501 0.0546272 0.0773666 0.1076800 0.0654940 0.0439575 0.0782814 0.0538550 0.0493766 0.1912060 0.0719914 0.0546141 0.0665067 0.0719792 0.0605124 0.0537635 0.0439179 0.0538203 0.1980891 0.0642869 0.0539643 0.0442463 0.0715625 0.0940907 0.0493885 0.0664552 0.0602855 0.0599220 0.0442060 0.0768407 0.1088394 0.0493766 0.0616602 0.0496690 0.0721345 0.0712231 0.1132623 0.0545824 0.0819950 0.0493879 0.0433886 0.0834172 0.1154845 0.0645496 0.0606671 0.1014993 0.0000000 0.0833984 0.0539745 0.0609121 
SRR8528389  0.0923631 0.0986944 0.1449928 0.1380444 0.0981186 0.1165272 0.1440838 0.0966530 0.0841330 0.1266949 0.0965647 0.0920965 0.2341743 0.1383351 0.0980950 0.1045917 0.1123454 0.1114025 0.0963937 0.0726683 0.0965026 0.2419121 0.0964646 0.0776953 0.0732652 0.1040249 0.1158164 0.0921188 0.1060859 0.1049029 0.1041874 0.0731949 0.1175012 0.1350581 0.0920965 0.1182280 0.0735186 0.0189436 0.1034632 0.1431707 0.0980370 0.1085112 0.0921189 0.0843954 0.0554894 0.1425155 0.0968800 0.0933286 0.1313810 0.0833984 0.0000000 0.0968089 0.0868526 
SRR8528391  0.0417690 0.0604640 0.0810782 0.0610038 0.0601374 0.0832962 0.1265118 0.0497061 0.0598029 0.0899531 0.0488569 0.0443423 0.1778351 0.0721456 0.0495412 0.0722954 0.0835287 0.0606317 0.0698064 0.0597434 0.0698809 0.1984823 0.0807222 0.0593984 0.0602074 0.0773896 0.1120748 0.0548227 0.0665670 0.0551395 0.0655091 0.0601518 0.0771200 0.1074473 0.0443423 0.0960751 0.0659099 0.0780117 0.0770167 0.1322399 0.0495123 0.0879218 0.0548221 0.0384880 0.1011756 0.1077172 0.0701406 0.0774179 0.0726181 0.0539745 0.0968089 0.0000000 0.0610145 
SRR8528400  0.0254578 0.0446453 0.1021208 0.0917073 0.0444074 0.0917607 0.0905050 0.0609193 0.0610028 0.0673739 0.0555786 0.0291092 0.2055012 0.0918945 0.0443967 0.0558944 0.0860822 0.0738236 0.0663237 0.0502014 0.0663967 0.2127554 0.0774668 0.0665798 0.0564689 0.0501875 0.0775640 0.0392578 0.0558549 0.0499088 0.0340849 0.0564153 0.0500232 0.1106529 0.0291092 0.0790132 0.0622695 0.0682005 0.0606446 0.1079587 0.0443707 0.0659201 0.0291121 0.0447502 0.0913707 0.1174289 0.0777939 0.0191093 0.0795085 0.0609121 0.0868526 0.0610145 0.0000000 
