126
PAFTOL_019361 0.0000000 0.2823191 0.2929329 0.2906538 0.2956227 0.2862945 0.3120131 0.2594567 0.0000010 0.3177827 0.2968871 0.2801059 0.3333961 0.3185526 0.3305076 0.2718551 0.2871831 0.2814019 0.2958418 0.3139734 0.2911672 0.2771488 0.2943786 0.2645755 0.3674671 0.2631100 0.3301283 0.2715496 0.2552348 0.3250288 0.2767775 0.3367692 0.3304137 0.3051534 0.3012315 0.2566293 0.2843292 0.2838762 0.2928088 0.3270791 0.2795370 0.2646855 0.3235385 0.2603802 0.2649840 0.2978281 0.2584778 0.2649896 0.2941466 0.2927712 0.3638876 0.2912868 0.2869908 0.3129746 0.2904195 0.2416290 0.2728187 0.2594043 0.2560033 0.2596546 0.2616269 0.2278898 0.2907662 0.3898905 0.2516299 0.2653373 0.2734289 0.2693969 0.2739104 0.3512419 0.2587356 0.3413945 0.3144048 0.2854823 0.2831222 0.2597501 0.3045224 0.3022874 0.3271013 0.2947498 0.3137760 0.2792624 0.3161493 0.2825078 0.2869908 0.2696617 0.3397889 0.2941814 0.2967977 0.2580310 0.3221873 0.2935729 0.3501622 0.2981469 0.3080740 0.2932722 0.2790855 0.2826025 0.2897996 0.3237289 0.2785890 0.2793833 0.3159561 0.3333421 0.2584944 0.2964126 0.2866484 0.2996351 0.2722577 0.2945487 0.2976103 0.3374632 0.2900583 0.2815285 0.0000010 0.2785990 0.3014797 0.2856986 0.3033355 0.2740198 0.2851937 0.3337735 0.2831763 0.2900922 0.2877131 0.2787101 
S0055         0.2823191 0.0000000 0.0938451 0.0898888 0.0683359 0.1359142 0.1081237 0.1037986 0.0837749 0.1051873 0.1338283 0.1382051 0.1366989 0.1386498 0.1235415 0.0949050 0.1501443 0.0967023 0.0697968 0.0727578 0.1219460 0.0899337 0.1065699 0.0812014 0.0980916 0.1355372 0.1184418 0.0984788 0.0681356 0.1296829 0.0751202 0.0789056 0.1369543 0.1136095 0.1148039 0.0606131 0.0752058 0.0861529 0.1360448 0.2174029 0.0737565 0.1353778 0.0788049 0.1233140 0.0811805 0.0715917 0.0829548 0.0769199 0.1011849 0.0784951 0.1233619 0.1402960 0.1132399 0.1224666 0.0954858 0.1216722 0.1160869 0.0968351 0.1156323 0.0997207 0.1143876 0.0822566 0.1047642 0.2319097 0.1023865 0.1355754 0.1392522 0.0998102 0.1024519 0.2165479 0.0866878 0.2114231 0.1273263 0.1053729 0.0942382 0.1296637 0.0803778 0.1027889 0.2073483 0.0717073 0.0739628 0.0914652 0.1217196 0.1094620 0.1267439 0.1432862 0.1292425 0.1250649 0.1126599 0.1361690 0.0723056 0.1461632 0.1169067 0.1067233 0.0710189 0.0689750 0.0286534 0.1070612 0.0672371 0.1246962 0.0981877 0.1139581 0.1184244 0.0837904 0.0802746 0.1042378 0.1219066 0.0702100 0.1075520 0.0953644 0.0788541 0.1261316 0.0708009 0.1238136 0.0663315 0.0677546 0.1051499 0.1036607 0.1156833 0.0951274 0.0958430 0.1332539 0.0848597 0.0983732 0.0852322 0.0844652 
S0196sl       0.2929329 0.0938451 0.0000000 0.0826907 0.0880759 0.1173629 0.1203051 0.0964531 0.0679231 0.1330499 0.1163677 0.1127634 0.1370203 0.1142238 0.1035730 0.0760690 0.1188035 0.0957584 0.0933527 0.0981359 0.1021278 0.1153253 0.0878661 0.0153610 0.1076906 0.1076317 0.1122674 0.0979189 0.0746322 0.1074222 0.0818901 0.1068568 0.1269741 0.0976508 0.0860374 0.0947749 0.0962166 0.0586209 0.1124921 0.2039840 0.0887388 0.1145651 0.1064506 0.0955586 0.0153719 0.0874796 0.0106863 0.0139031 0.1086900 0.0513617 0.1017713 0.1200400 0.0962807 0.1021549 0.0732617 0.0731470 0.1012032 0.0979926 0.1050330 0.0980365 0.1049668 0.0984570 0.0732929 0.2137155 0.0925248 0.1069978 0.1152068 0.0888330 0.0933470 0.1929900 0.0154232 0.2052836 0.1149431 0.0966303 0.0750397 0.1040746 0.0894441 0.0998997 0.1970149 0.0878850 0.0899807 0.0801430 0.1020501 0.0944391 0.0943470 0.1200076 0.1095234 0.1085202 0.0958170 0.1103084 0.1065000 0.1209798 0.0888583 0.1058755 0.0829035 0.0892654 0.0852774 0.1017248 0.0779562 0.1024458 0.0944067 0.1056739 0.1018505 0.0905539 0.0184973 0.0720220 0.1027224 0.0748520 0.0884240 0.0819933 0.1012034 0.1256852 0.0922640 0.0991384 0.0520175 0.0839281 0.0742982 0.0803436 0.1135775 0.1025448 0.0792685 0.1249038 0.0481229 0.0859884 0.0859173 0.0769116 
S0281         0.2906538 0.0898888 0.0826907 0.0000000 0.0944082 0.1321792 0.0972759 0.1039889 0.1245433 0.1382964 0.1245024 0.1365321 0.1309108 0.1392117 0.1241940 0.0932417 0.1342510 0.1174852 0.0949744 0.1000799 0.1183491 0.1268388 0.1052078 0.0695899 0.1205884 0.1262524 0.1180915 0.1002379 0.1009926 0.1244936 0.0973811 0.1009360 0.1248198 0.1124818 0.1135287 0.0873344 0.1047039 0.0583838 0.1242324 0.2096793 0.1080101 0.1277164 0.1007684 0.1176673 0.0712947 0.0987177 0.0704683 0.0670859 0.1003026 0.0545177 0.1266299 0.1263786 0.1041533 0.1243831 0.0921414 0.1332584 0.1099574 0.1003985 0.1147377 0.0976584 0.1122996 0.1129930 0.0793065 0.2279138 0.1017602 0.1236371 0.1314339 0.0959831 0.1015486 0.2123898 0.0753055 0.2000236 0.1378745 0.1052008 0.0922778 0.1172531 0.0984946 0.1052954 0.1961252 0.0943100 0.0995536 0.0864657 0.1136361 0.1015618 0.1207807 0.1336173 0.1241609 0.1248920 0.1131307 0.1264856 0.0975888 0.1300967 0.1155601 0.1039777 0.0918076 0.0925455 0.0891436 0.1085658 0.0876575 0.1257169 0.0983968 0.1096107 0.1215664 0.1046009 0.0686829 0.0795958 0.1190954 0.0975082 0.1086342 0.0993348 0.1093263 0.1249398 0.0980304 0.1257360 0.0915246 0.0962698 0.1050434 0.0999112 0.1156035 0.1011481 0.0915709 0.1254281 0.0606739 0.0993764 0.0995837 0.0838488 
S0282         0.2956227 0.0683359 0.0880759 0.0944082 0.0000000 0.1374684 0.1098395 0.1086055 0.0494917 0.1093502 0.1322311 0.1445010 0.1394024 0.1281981 0.1217729 0.0997151 0.1502758 0.1046087 0.0157077 0.0274547 0.1203000 0.0925849 0.1070837 0.0846496 0.1008610 0.1358176 0.1219954 0.1002303 0.0653293 0.1281424 0.0696018 0.0313438 0.1383446 0.1119659 0.1115408 0.0588256 0.0215872 0.0832423 0.1372392 0.2090088 0.0745770 0.1388394 0.0345159 0.1251253 0.0855105 0.0203393 0.0864120 0.0803490 0.1098447 0.0773196 0.1292998 0.1359566 0.1101355 0.1241729 0.0952755 0.1129659 0.1168866 0.0984655 0.1193537 0.1014879 0.1133442 0.0834145 0.1018927 0.2284194 0.1011094 0.1293459 0.1489522 0.1022719 0.1041304 0.2054258 0.0903996 0.2050948 0.1440378 0.1117604 0.0943272 0.1251300 0.0634825 0.1016205 0.2037379 0.0234514 0.0435908 0.0957552 0.1192928 0.1056323 0.1244623 0.1425697 0.1269998 0.1315376 0.1188864 0.1361568 0.0280505 0.1411252 0.1137148 0.1045830 0.0226772 0.0245162 0.0638552 0.1101538 0.0497530 0.1263946 0.1001592 0.1130782 0.1249148 0.0485757 0.0845940 0.1022815 0.1150584 0.0251284 0.1083933 0.0974714 0.0376434 0.1280649 0.0361161 0.1243770 0.0349224 0.0642278 0.1050418 0.1043672 0.1205937 0.0976839 0.0947149 0.1392045 0.0875880 0.0975411 0.0865840 0.0860795 
S0288         0.2862945 0.1359142 0.1173629 0.1321792 0.1374684 0.0000000 0.1408492 0.1369843 0.1762335 0.1809129 0.1795965 0.0279300 0.0804627 0.1877005 0.1648478 0.1291716 0.0325821 0.1495936 0.1325593 0.1397582 0.1536656 0.1435768 0.1478731 0.1103802 0.1452601 0.0121501 0.1511407 0.1313656 0.1432134 0.1645932 0.1413813 0.1429321 0.1780858 0.1420329 0.1427523 0.1294796 0.1385758 0.1157399 0.0221817 0.2403909 0.1341547 0.0149302 0.1408859 0.1469991 0.1111105 0.1338063 0.1142895 0.1107809 0.1405173 0.1029477 0.1541799 0.0961562 0.1510827 0.1562925 0.1287190 0.1724449 0.0387898 0.1286326 0.1409992 0.1307789 0.1432715 0.1519386 0.1198090 0.2539738 0.1199190 0.0803731 0.1016366 0.1324761 0.1362541 0.2335831 0.1191969 0.2334784 0.1289371 0.1433314 0.1149652 0.0814375 0.1372666 0.1363948 0.2275717 0.1339654 0.1420348 0.1179381 0.1579712 0.1439208 0.1665006 0.0171403 0.1566011 0.1710435 0.0878718 0.0080748 0.1432959 0.0970720 0.1454476 0.1385748 0.1321914 0.1355335 0.1239058 0.1429392 0.1235238 0.1560692 0.1371906 0.1426980 0.1648247 0.1452333 0.1121757 0.1189458 0.1521831 0.1422285 0.1400300 0.1252232 0.1450328 0.1737439 0.1376103 0.1571740 0.1322641 0.1235774 0.1325780 0.1405159 0.1568789 0.1326965 0.1272987 0.1742165 0.1134458 0.1253712 0.1301342 0.1201295 
S0289         0.3120131 0.1081237 0.1203051 0.0972759 0.1098395 0.1408492 0.0000000 0.1111112 0.1394080 0.1457238 0.0545579 0.1543958 0.1387330 0.0735240 0.0501092 0.1070656 0.1619750 0.1364606 0.1132885 0.1189133 0.0392022 0.1303914 0.0343653 0.1033313 0.1411282 0.1434879 0.0764504 0.1190671 0.1114856 0.0535232 0.1253001 0.1229862 0.0613472 0.0720816 0.0736189 0.1028530 0.1156606 0.0865267 0.1424413 0.2274844 0.1119406 0.1436752 0.1225701 0.1412751 0.1031933 0.1161557 0.1045887 0.1009095 0.1217077 0.0743918 0.0832665 0.1401693 0.0711857 0.0831685 0.1158644 0.0633689 0.1202577 0.1139791 0.1249424 0.1145209 0.1232688 0.1266458 0.1246210 0.2464043 0.1027021 0.1360692 0.1629796 0.1065224 0.1125176 0.2356172 0.1086914 0.2153395 0.1334493 0.1145395 0.0990121 0.1307197 0.1289754 0.1170393 0.2103315 0.1108488 0.1213923 0.0864618 0.0374677 0.0714743 0.0887418 0.1438786 0.0856162 0.0547213 0.1321288 0.1422799 0.1155301 0.1401095 0.1257110 0.1136638 0.1125743 0.1063719 0.0993234 0.1210324 0.1105571 0.0809158 0.1078571 0.1255886 0.0497728 0.1249571 0.1005692 0.1246460 0.0850085 0.1207933 0.1175019 0.1070345 0.1253918 0.0580481 0.1124377 0.0880426 0.0000010 0.1147111 0.1315311 0.1194079 0.0845725 0.1005134 0.1082674 0.1420740 0.0956189 0.1070816 0.1242792 0.1055220 
S0292         0.2594567 0.1037986 0.0964531 0.1039889 0.1086055 0.1369843 0.1111112 0.0000000 0.1401178 0.1484867 0.1355366 0.1447823 0.1407941 0.1337590 0.1254183 0.0832534 0.1455482 0.1302455 0.1091661 0.1112767 0.1242177 0.1300394 0.1098052 0.0906137 0.1353429 0.1348309 0.1215229 0.0932108 0.1031222 0.1277995 0.1095147 0.1198401 0.1419811 0.1148766 0.1193887 0.0933643 0.1121594 0.0896376 0.1339300 0.2271957 0.1159249 0.1355946 0.1190265 0.1091146 0.0923739 0.1139173 0.0906044 0.0882629 0.1025967 0.0866123 0.1237517 0.1453070 0.1235008 0.1199011 0.0875755 0.1393912 0.1135193 0.0933734 0.1028549 0.0909440 0.0973159 0.1412235 0.1086807 0.2346450 0.1121259 0.1353904 0.1406597 0.0973581 0.0935266 0.2195851 0.0975742 0.2178411 0.1541472 0.0954266 0.0937324 0.1326333 0.1176168 0.0515076 0.2154099 0.1104081 0.1208731 0.0817936 0.1181262 0.1158906 0.1369845 0.1420682 0.1295477 0.1343042 0.1202478 0.1310674 0.1163463 0.1461202 0.1058627 0.0312619 0.1097377 0.1066018 0.0965452 0.0542849 0.1068300 0.1252942 0.0355429 0.0384965 0.1335827 0.1230492 0.0905094 0.1100418 0.1251309 0.1128284 0.0465828 0.0876434 0.1219905 0.1305567 0.1093396 0.1241038 0.0884399 0.0966984 0.0982507 0.0941844 0.1217598 0.0932082 0.0850435 0.1510157 0.0837729 0.0940374 0.1161418 0.0883134 
S0293         0.0000010 0.0837749 0.0679231 0.1245433 0.0494917 0.1762335 0.1394080 0.1401178 0.0000000 0.1219641 0.1296721 0.1239025 0.1582163 0.0996250 0.1054667 0.1330861 0.1600566 0.0881411 0.0461606 0.0495798 0.1174070 0.1037203 0.1097845 0.1073995 0.1093855 0.1579706 0.1328279 0.1142326 0.0839489 0.1205931 0.0850020 0.0542882 0.1190250 0.1168097 0.1234940 0.0763831 0.0283504 0.1125205 0.1557281 0.2159541 0.0805701 0.1559401 0.0677929 0.1394388 0.1109780 0.0476174 0.1092429 0.1038517 0.1332334 0.1054523 0.1269276 0.1634674 0.1195705 0.1244285 0.1059306 0.1043311 0.1422618 0.1160819 0.1418207 0.1191324 0.1317530 0.1130734 0.1310400 0.2053318 0.1205565 0.1243786 0.1499478 0.1333468 0.1272892 0.1922453 0.0990651 0.2047510 0.0708454 0.1300378 0.1203954 0.1620558 0.0910702 0.1181953 0.2031055 0.0545738 0.0796232 0.1336301 0.1210650 0.1177091 0.1093976 0.1718441 0.1285382 0.1281165 0.1303943 0.1548858 0.0558600 0.1675373 0.1306484 0.1223908 0.0561588 0.0542957 0.0770194 0.1465330 0.0775384 0.0979291 0.1267792 0.1374911 0.1113087 0.0698867 0.1107676 0.1334901 0.1217656 0.0529535 0.1376165 0.1173770 0.0694139 0.1192350 0.0643113 0.1228497 0.0322365 0.0689971 0.1264637 0.1348488 0.1157301 0.1233118 0.1140074 0.1503599 0.1144359 0.1160916 0.0845502 0.0965489 
S0294         0.3177827 0.1051873 0.1330499 0.1382964 0.1093502 0.1809129 0.1457238 0.1484867 0.1219641 0.0000000 0.1757003 0.1910615 0.1740479 0.1748450 0.1565415 0.1408063 0.2009672 0.1399040 0.1060676 0.1085969 0.1606323 0.1315734 0.1451186 0.1262131 0.1444774 0.1797892 0.1627935 0.1442946 0.1012916 0.1658117 0.1006151 0.1188288 0.1737598 0.1570592 0.1562370 0.1004325 0.1141530 0.1212671 0.1848158 0.2544196 0.1143142 0.1810469 0.1162142 0.1695501 0.1280915 0.1111531 0.1259575 0.1215608 0.1527652 0.1174287 0.1694322 0.1759736 0.1559291 0.1655357 0.1373993 0.1648268 0.1616043 0.1464795 0.1553611 0.1426435 0.1576565 0.0628397 0.1415395 0.2686535 0.1404208 0.1672595 0.1876748 0.1391113 0.1490334 0.2518457 0.1278708 0.2518125 0.1810720 0.1473912 0.1467604 0.1668572 0.1131845 0.1429392 0.2450820 0.1111422 0.1121064 0.1345208 0.1635398 0.1531100 0.1710359 0.1844762 0.1710766 0.1609500 0.1539014 0.1809760 0.1132633 0.1809774 0.1559629 0.1463711 0.1114344 0.1025828 0.0932794 0.1499076 0.1046678 0.1638887 0.1486670 0.1584663 0.1634085 0.1187630 0.1270989 0.1431187 0.1603806 0.1058191 0.1455211 0.1450076 0.1142504 0.1566906 0.1141708 0.1642800 0.0794252 0.1051304 0.1497294 0.1450765 0.1622275 0.1409902 0.1404158 0.1797935 0.1304981 0.1482154 0.1273482 0.1345760 
S0299         0.2968871 0.1338283 0.1163677 0.1245024 0.1322311 0.1795965 0.0545579 0.1355366 0.1296721 0.1757003 0.0000000 0.1823986 0.1745742 0.0754665 0.0847257 0.1306092 0.1873970 0.1591823 0.1306402 0.1338337 0.0679265 0.1534038 0.0666290 0.1240475 0.1562828 0.1780642 0.1017745 0.1367016 0.1399220 0.0768227 0.1398718 0.1425345 0.0693692 0.0952149 0.0999766 0.1303739 0.1432061 0.1188448 0.1727664 0.2325979 0.1422790 0.1740807 0.1434799 0.1549782 0.1259690 0.1361399 0.1260142 0.1222626 0.1444426 0.1169115 0.1069336 0.1697439 0.1005873 0.1040938 0.1341100 0.0846410 0.1524983 0.1328996 0.1434728 0.1320533 0.1389497 0.1602235 0.1530491 0.2332967 0.1330459 0.1605042 0.1905222 0.1342203 0.1400444 0.2272047 0.1291590 0.2209029 0.1634216 0.1308003 0.1330625 0.1658499 0.1484148 0.1312541 0.2101858 0.1308943 0.1388445 0.1183887 0.0645225 0.0988860 0.1115852 0.1794752 0.1100837 0.0642501 0.1604926 0.1726874 0.1319549 0.1753831 0.1364181 0.1345230 0.1302177 0.1314705 0.1303301 0.1446438 0.1322962 0.1084288 0.1280272 0.1423059 0.0706848 0.1409407 0.1239769 0.1547427 0.1079798 0.1377835 0.1406371 0.1314039 0.1495698 0.0662012 0.1290193 0.1108978 0.0875727 0.1328193 0.1376109 0.1339965 0.1059176 0.1297795 0.1358675 0.1669897 0.1124148 0.1317037 0.1465161 0.1288903 
S0303         0.2801059 0.1382051 0.1127634 0.1365321 0.1445010 0.0279300 0.1543958 0.1447823 0.1239025 0.1910615 0.1823986 0.0000000 0.0872994 0.1739862 0.1599908 0.1318849 0.0217835 0.1436040 0.1395066 0.1449612 0.1587894 0.1517260 0.1529938 0.1217530 0.1546933 0.0269507 0.1578947 0.1428928 0.1513169 0.1732185 0.1483808 0.1562754 0.1768049 0.1480555 0.1551977 0.1295117 0.1434624 0.1261296 0.0192131 0.2469489 0.1428668 0.0296559 0.1490696 0.1409053 0.1225877 0.1420565 0.1237909 0.1212603 0.1502710 0.1143174 0.1579589 0.1010673 0.1600529 0.1615791 0.1287248 0.1509082 0.0468486 0.1431079 0.1590187 0.1421811 0.1544633 0.1644058 0.1407036 0.2614250 0.1244470 0.0810138 0.0991123 0.1451579 0.1483170 0.2438262 0.1248454 0.2410874 0.1084434 0.1561900 0.1251445 0.0864151 0.1494569 0.1444205 0.2352843 0.1397401 0.1550628 0.1219081 0.1574971 0.1560255 0.1602889 0.0304828 0.1630972 0.1671119 0.0906193 0.0235046 0.1483084 0.1030254 0.1422230 0.1468335 0.1368363 0.1394777 0.1344739 0.1496235 0.1362993 0.1632260 0.1432528 0.1549307 0.1621668 0.1524877 0.1214689 0.1389395 0.1563628 0.1462347 0.1442177 0.1304282 0.1570702 0.1708018 0.1416263 0.1602417 0.1244241 0.1254648 0.1373473 0.1418929 0.1649784 0.1399106 0.1341427 0.1852256 0.1214294 0.1285727 0.1425847 0.1222423 
S0308         0.3333961 0.1366989 0.1370203 0.1309108 0.1394024 0.0804627 0.1387330 0.1407941 0.1582163 0.1740479 0.1745742 0.0872994 0.0000000 0.1787144 0.1558383 0.1223969 0.0940745 0.1451527 0.1378910 0.1426414 0.1581697 0.1466666 0.1424041 0.1188113 0.1454201 0.0818747 0.1448625 0.1297663 0.1394302 0.1617753 0.1453164 0.1496955 0.1676796 0.1426517 0.1461151 0.1325782 0.1451316 0.1130486 0.0826347 0.2485972 0.1351602 0.0843914 0.1515429 0.1429730 0.1216510 0.1400001 0.1226549 0.1183436 0.1353439 0.1041429 0.1529306 0.1057662 0.1515348 0.1500573 0.1342386 0.1574887 0.0609223 0.1260817 0.1463419 0.1290950 0.1446158 0.1516851 0.1242087 0.2619289 0.1238748 0.0960074 0.1019535 0.1309138 0.1385484 0.2392258 0.1274136 0.2374941 0.1304446 0.1450204 0.1146697 0.0916608 0.1524553 0.1437596 0.2335374 0.1370453 0.1503784 0.1174075 0.1554581 0.1447447 0.1629617 0.0882545 0.1506447 0.1600143 0.0926577 0.0802023 0.1426072 0.1073222 0.1423559 0.1445301 0.1344483 0.1325683 0.1317070 0.1479412 0.1325712 0.1562644 0.1387681 0.1504154 0.1632793 0.1515744 0.1204636 0.1245623 0.1483752 0.1439273 0.1424543 0.1303824 0.1546255 0.1585911 0.1381712 0.1544229 0.1509149 0.1382170 0.1355459 0.1363569 0.1550630 0.1249058 0.1314964 0.1590180 0.1120026 0.1324808 0.1363104 0.1261805 
S0320         0.3185526 0.1386498 0.1142238 0.1392117 0.1281981 0.1877005 0.0735240 0.1337590 0.0996250 0.1748450 0.0754665 0.1739862 0.1787144 0.0000000 0.0784485 0.1277448 0.1830185 0.1435965 0.1275579 0.1255045 0.0748433 0.1598468 0.0562671 0.1186526 0.1506265 0.1783953 0.1156403 0.1358272 0.1272048 0.0755651 0.1409864 0.1405183 0.0805855 0.0963736 0.1085912 0.1414083 0.1369485 0.1217555 0.1769228 0.2492738 0.1363637 0.1744021 0.1427959 0.1361000 0.1185843 0.1292894 0.1161048 0.1194117 0.1471791 0.1231789 0.1165280 0.1750641 0.0995228 0.1056047 0.1305959 0.0667187 0.1582321 0.1383321 0.1476004 0.1337356 0.1368035 0.1704330 0.1509548 0.2503122 0.1440020 0.1457158 0.1694425 0.1311097 0.1384410 0.2306336 0.1153194 0.2377391 0.1356778 0.1248236 0.1354216 0.1590361 0.1450481 0.1326514 0.2352464 0.1268903 0.1374807 0.1236223 0.0662821 0.0982972 0.0899623 0.1865663 0.1131364 0.0711068 0.1565462 0.1757292 0.1336072 0.1696355 0.1498545 0.1294307 0.1287223 0.1255598 0.1312081 0.1421667 0.1357572 0.1101801 0.1224724 0.1361796 0.0747417 0.1446755 0.1172870 0.1513813 0.1085808 0.1284194 0.1359167 0.1267865 0.1468081 0.0811179 0.1323833 0.1067792 0.0753148 0.1303312 0.1396282 0.1239556 0.1053608 0.1382476 0.1381109 0.1750630 0.1274386 0.1340414 0.1412808 0.1282868 
S0327         0.3305076 0.1235415 0.1035730 0.1241940 0.1217729 0.1648478 0.0501092 0.1254183 0.1054667 0.1565415 0.0847257 0.1599908 0.1558383 0.0784485 0.0000000 0.1232052 0.1628179 0.1372333 0.1222811 0.1227335 0.0620850 0.1428672 0.0479013 0.1124897 0.1481096 0.1632161 0.0931339 0.1291288 0.1239847 0.0690314 0.1319650 0.1288180 0.0801457 0.0776334 0.0878235 0.1177901 0.1153525 0.1082331 0.1612062 0.2396347 0.1277686 0.1614001 0.1334729 0.1263122 0.1143515 0.1234303 0.1143922 0.1119633 0.1353495 0.0985915 0.0894454 0.1607008 0.0834091 0.0888260 0.1091765 0.0690050 0.1416691 0.1241279 0.1334099 0.1255454 0.1357126 0.1414417 0.1402621 0.2489330 0.1282863 0.1423096 0.1572072 0.1227175 0.1283542 0.2339488 0.1090253 0.2293502 0.1435128 0.1243904 0.1193066 0.1511273 0.1388152 0.1302794 0.2239488 0.1207035 0.1349472 0.0993422 0.0614476 0.0835607 0.0882109 0.1668376 0.0975608 0.0716971 0.1394040 0.1592454 0.1238845 0.1615770 0.1350255 0.1253226 0.1200234 0.1181147 0.1191083 0.1323442 0.1190871 0.0868152 0.1251519 0.1351774 0.0719991 0.1380204 0.1133734 0.1418505 0.0958485 0.1213041 0.1315383 0.1249114 0.1318128 0.0670963 0.1229180 0.0878921 0.0768839 0.1144102 0.1361707 0.1295434 0.0956049 0.1144693 0.1168313 0.1680557 0.1071270 0.1232254 0.1326217 0.1102376 
S0335         0.2718551 0.0949050 0.0760690 0.0932417 0.0997151 0.1291716 0.1070656 0.0832534 0.1330861 0.1408063 0.1306092 0.1318849 0.1223969 0.1277448 0.1232052 0.0000000 0.1364921 0.1190234 0.1014750 0.1035597 0.1244355 0.1217289 0.1067523 0.0813511 0.1161476 0.1263293 0.1210841 0.0933589 0.0999996 0.1221198 0.1066283 0.1137061 0.1358136 0.1064286 0.1157063 0.0914999 0.1045338 0.0881988 0.1263066 0.2070444 0.1103153 0.1275672 0.1108144 0.1084110 0.0831697 0.1025726 0.0832003 0.0797274 0.0964845 0.0844974 0.1246693 0.1324777 0.1191461 0.1166685 0.0948260 0.1283751 0.1052862 0.0916115 0.0956931 0.0920583 0.1025903 0.1045201 0.0991445 0.2113287 0.1009222 0.1142487 0.1279740 0.0918686 0.0932638 0.2084153 0.0842699 0.2007236 0.1566022 0.0946997 0.0723727 0.1166888 0.1096875 0.0849084 0.1965290 0.1045331 0.1133932 0.0715371 0.1130828 0.1123964 0.1307481 0.1336885 0.1211222 0.1280472 0.1079233 0.1210759 0.1079530 0.1354677 0.0833870 0.0831649 0.1009347 0.0988285 0.0907197 0.0869907 0.0950022 0.1187989 0.0791696 0.0933744 0.1244631 0.1181841 0.0831412 0.1005149 0.1248354 0.1011148 0.0840343 0.0710164 0.1146568 0.1252140 0.1008249 0.1184075 0.0975273 0.0939002 0.0750618 0.0279149 0.1264213 0.0862612 0.0921129 0.1407573 0.0744699 0.0739311 0.1069322 0.0867569 
S0355         0.2871831 0.1501443 0.1188035 0.1342510 0.1502758 0.0325821 0.1619750 0.1455482 0.1600566 0.2009672 0.1873970 0.0217835 0.0940745 0.1830185 0.1628179 0.1364921 0.0000000 0.1509416 0.1457790 0.1516726 0.1689494 0.1523960 0.1601588 0.1236382 0.1559303 0.0320685 0.1614327 0.1414519 0.1587390 0.1776282 0.1560102 0.1585181 0.1822597 0.1511842 0.1587573 0.1407539 0.1451451 0.1247453 0.0180307 0.2499567 0.1492822 0.0342904 0.1566798 0.1522205 0.1253525 0.1509586 0.1284830 0.1230893 0.1492477 0.1150060 0.1564324 0.1056274 0.1643546 0.1632892 0.1311895 0.1659776 0.0519548 0.1400232 0.1589519 0.1418825 0.1551284 0.1746029 0.1388775 0.2677151 0.1359858 0.0896011 0.1072895 0.1437692 0.1455378 0.2447570 0.1236880 0.2453803 0.1315856 0.1575759 0.1302357 0.0942581 0.1577899 0.1470946 0.2403023 0.1468745 0.1606404 0.1276935 0.1675503 0.1586957 0.1696117 0.0353020 0.1673830 0.1790087 0.0985214 0.0281800 0.1546476 0.1122248 0.1525295 0.1467863 0.1442431 0.1476941 0.1452481 0.1530014 0.1377385 0.1567426 0.1470333 0.1549922 0.1752946 0.1587432 0.1233775 0.1372877 0.1618845 0.1529464 0.1493760 0.1387064 0.1638462 0.1784170 0.1493725 0.1665008 0.1245001 0.1379286 0.1442672 0.1471481 0.1666923 0.1417244 0.1366228 0.1862432 0.1201860 0.1379143 0.1436219 0.1308240 
S0376         0.2814019 0.0967023 0.0957584 0.1174852 0.1046087 0.1495936 0.1364606 0.1302455 0.0881411 0.1399040 0.1591823 0.1436040 0.1451527 0.1435965 0.1372333 0.1190234 0.1509416 0.0000000 0.1002276 0.1073741 0.1380043 0.1156553 0.1260249 0.1062387 0.0710345 0.1415296 0.1312821 0.1233666 0.0974826 0.1484672 0.1072127 0.1173809 0.1467757 0.1213048 0.1241841 0.0946549 0.0947558 0.1069584 0.1440893 0.2247812 0.0923015 0.1445184 0.1182445 0.1302690 0.1071477 0.1071668 0.1081422 0.1016165 0.1263446 0.1034689 0.1374447 0.1426502 0.1237860 0.1346427 0.1079951 0.1365218 0.1236802 0.1176713 0.1326107 0.1156201 0.1320599 0.1263466 0.1220464 0.2488531 0.1036511 0.1283322 0.1359207 0.1223607 0.1240853 0.2248217 0.1042007 0.2313884 0.1459436 0.1301243 0.1261161 0.1343876 0.1171166 0.1278024 0.2226640 0.1073780 0.1171060 0.1105531 0.1379913 0.1229648 0.1323963 0.1482879 0.1453706 0.1496691 0.1337947 0.1379082 0.1107069 0.1455924 0.1348657 0.1251300 0.1057286 0.0979254 0.0925713 0.1295350 0.0962148 0.1227786 0.1253543 0.1357713 0.1411762 0.1162911 0.1071263 0.1225270 0.1333678 0.1098050 0.1293175 0.1278609 0.1162973 0.1453381 0.1104887 0.1378792 0.0567808 0.0960426 0.1243048 0.1233175 0.1367214 0.1182961 0.1124354 0.1517796 0.1040073 0.1227421 0.0573130 0.1068294 
S0400         0.2958418 0.0697968 0.0933527 0.0949744 0.0157077 0.1325593 0.1132885 0.1091661 0.0461606 0.1060676 0.1306402 0.1395066 0.1378910 0.1275579 0.1222811 0.1014750 0.1457790 0.1002276 0.0000000 0.0257819 0.1208064 0.0924195 0.1076187 0.0860784 0.1006017 0.1324106 0.1206003 0.1017160 0.0678377 0.1267094 0.0685169 0.0296711 0.1358997 0.1106416 0.1122270 0.0559579 0.0166975 0.0857040 0.1318829 0.2138115 0.0743129 0.1353392 0.0336145 0.1266018 0.0878084 0.0187185 0.0878390 0.0808439 0.1122487 0.0801037 0.1288040 0.1337557 0.1088107 0.1246922 0.0958385 0.1090875 0.1154965 0.1009626 0.1217675 0.1029651 0.1148695 0.0789029 0.1042787 0.2309989 0.1038837 0.1299742 0.1473025 0.1049346 0.1056164 0.2102107 0.0918826 0.2099180 0.1389717 0.1132253 0.1006062 0.1246631 0.0624313 0.1003681 0.2051490 0.0226057 0.0434457 0.0972102 0.1207395 0.1043303 0.1218900 0.1390847 0.1253686 0.1321700 0.1146587 0.1320481 0.0271849 0.1396364 0.1173160 0.1060866 0.0218860 0.0244373 0.0636296 0.1138419 0.0470597 0.1224189 0.1016350 0.1127264 0.1263554 0.0477126 0.0869099 0.1037534 0.1155741 0.0242705 0.1089533 0.0998772 0.0383189 0.1276015 0.0351564 0.1229641 0.0282516 0.0640102 0.1076666 0.1067402 0.1201769 0.1021928 0.0979853 0.1416642 0.0899436 0.0999485 0.0836282 0.0874222 
S0405         0.3139734 0.0727578 0.0981359 0.1000799 0.0274547 0.1397582 0.1189133 0.1112767 0.0495798 0.1085969 0.1338337 0.1449612 0.1426414 0.1255045 0.1227335 0.1035597 0.1516726 0.1073741 0.0257819 0.0000000 0.1251226 0.0947993 0.1097775 0.0920610 0.1086622 0.1389886 0.1280275 0.1059666 0.0750648 0.1291027 0.0705675 0.0298396 0.1329831 0.1170548 0.1185033 0.0615086 0.0333681 0.0916464 0.1385411 0.2074516 0.0790696 0.1400991 0.0402417 0.1311801 0.0938189 0.0305621 0.0938517 0.0876985 0.1166425 0.0846896 0.1338520 0.1457963 0.1129747 0.1302197 0.1045582 0.1148623 0.1239168 0.1052107 0.1231556 0.1072088 0.1184452 0.0862545 0.1095003 0.2253806 0.1043716 0.1348796 0.1544809 0.1025353 0.1050829 0.2050189 0.0972816 0.2062215 0.1445365 0.1145986 0.1019283 0.1320907 0.0645605 0.1061869 0.2034309 0.0281757 0.0494784 0.1031865 0.1209826 0.1084527 0.1244608 0.1457922 0.1319938 0.1323844 0.1210363 0.1384910 0.0257415 0.1506841 0.1198425 0.1073633 0.0290692 0.0221939 0.0665558 0.1123531 0.0515587 0.1298860 0.1056905 0.1159026 0.1268430 0.0521792 0.0929035 0.1089855 0.1199290 0.0299377 0.1121211 0.1058707 0.0410024 0.1258785 0.0401640 0.1275450 0.0284874 0.0685822 0.1120252 0.1083206 0.1235293 0.1025566 0.1040180 0.1465084 0.0957891 0.1029699 0.0903133 0.0951794 
S0407sl       0.2911672 0.1219460 0.1021278 0.1183491 0.1203000 0.1536656 0.0392022 0.1242177 0.1174070 0.1606323 0.0679265 0.1587894 0.1581697 0.0748433 0.0620850 0.1244355 0.1689494 0.1380043 0.1208064 0.1251226 0.0000000 0.1417415 0.0457358 0.1093203 0.1462904 0.1559476 0.0902467 0.1283732 0.1213955 0.0613658 0.1251770 0.1312383 0.0722778 0.0829936 0.0841378 0.1191197 0.1193975 0.1019312 0.1562605 0.2356897 0.1269513 0.1552070 0.1347570 0.1448308 0.1102138 0.1240906 0.1102692 0.1087913 0.1337089 0.0970209 0.0944692 0.1550102 0.0853158 0.0932787 0.1140394 0.0685321 0.1369895 0.1255610 0.1338431 0.1236115 0.1313116 0.1360325 0.1354052 0.2431971 0.1330425 0.1453034 0.1659731 0.1222454 0.1308029 0.2301740 0.1145380 0.2249774 0.1394828 0.1268699 0.1181376 0.1459223 0.1391126 0.1265675 0.2169495 0.1182226 0.1329686 0.1059352 0.0531277 0.0854952 0.0986741 0.1596631 0.1012660 0.0592087 0.1378925 0.1522864 0.1273980 0.1602911 0.1321301 0.1289040 0.1185197 0.1195992 0.1164615 0.1367534 0.1216500 0.0934117 0.1227464 0.1337223 0.0624752 0.1329717 0.1081432 0.1369449 0.0937480 0.1234893 0.1341178 0.1232910 0.1369069 0.0653505 0.1192718 0.0950898 0.0731831 0.1187369 0.1316355 0.1329242 0.0954281 0.1244179 0.1165393 0.1549974 0.1079118 0.1227844 0.1336561 0.1100914 
S0412sl       0.2771488 0.0899337 0.1153253 0.1268388 0.0925849 0.1435768 0.1303914 0.1300394 0.1037203 0.1315734 0.1534038 0.1517260 0.1466666 0.1598468 0.1428672 0.1217289 0.1523960 0.1156553 0.0924195 0.0947993 0.1417415 0.0000000 0.1299849 0.1113666 0.1150856 0.1467161 0.1370433 0.1268618 0.0827923 0.1526190 0.1075692 0.1004106 0.1630628 0.1298683 0.1360337 0.0830571 0.0950084 0.1104984 0.1405501 0.2210120 0.0582192 0.1477281 0.1014914 0.1409078 0.1112239 0.0926587 0.1133386 0.1065825 0.1341007 0.0969930 0.1406525 0.1533853 0.1379084 0.1399100 0.1152559 0.1574838 0.1255307 0.1228903 0.1403710 0.1252310 0.1346825 0.1045433 0.1288749 0.2402992 0.1036913 0.1529263 0.1618411 0.1298258 0.1292594 0.2202574 0.1115951 0.2265051 0.1384407 0.1349859 0.1174173 0.1491478 0.1015092 0.1273037 0.2181533 0.0965041 0.1000523 0.1168050 0.1395713 0.1318533 0.1495865 0.1493140 0.1460388 0.1493281 0.1275927 0.1414728 0.0960932 0.1583320 0.1463770 0.1287981 0.0919654 0.0869391 0.0853735 0.1354119 0.0833047 0.1415928 0.1247676 0.1410003 0.1517515 0.0974054 0.1103024 0.1321152 0.1412829 0.0948534 0.1321207 0.1260253 0.0995587 0.1495397 0.0898896 0.1419609 0.0856293 0.0873399 0.1356119 0.1275739 0.1384598 0.1192611 0.1145905 0.1588097 0.1156602 0.1249277 0.0983871 0.1118112 
S0417         0.2943786 0.1065699 0.0878661 0.1052078 0.1070837 0.1478731 0.0343653 0.1098052 0.1097845 0.1451186 0.0666290 0.1529938 0.1424041 0.0562671 0.0479013 0.1067523 0.1601588 0.1260249 0.1076187 0.1097775 0.0457358 0.1299849 0.0000000 0.0926135 0.1299385 0.1487377 0.0769042 0.1120460 0.1052886 0.0540067 0.1128435 0.1167294 0.0603016 0.0683860 0.0756811 0.1034351 0.1092316 0.0911268 0.1468021 0.2232780 0.1106577 0.1456963 0.1183618 0.1280298 0.0943831 0.1096031 0.0935115 0.0920488 0.1202091 0.0858041 0.0789957 0.1460968 0.0714312 0.0765408 0.1019614 0.0626525 0.1279295 0.1104343 0.1179921 0.1097662 0.1169028 0.1291315 0.1187746 0.2300353 0.1102813 0.1344428 0.1557502 0.1080213 0.1165315 0.2185061 0.0969482 0.2137981 0.1271769 0.1084186 0.1033915 0.1363402 0.1250251 0.1135095 0.2085809 0.1060698 0.1193748 0.0922379 0.0443436 0.0715344 0.0832502 0.1508397 0.0829689 0.0510553 0.1286909 0.1438134 0.1128872 0.1489571 0.1163497 0.1115688 0.1053885 0.1042840 0.0983142 0.1181126 0.1060847 0.0807598 0.1064911 0.1164116 0.0560446 0.1233280 0.0934614 0.1202031 0.0813858 0.1110195 0.1184481 0.1081739 0.1213992 0.0511799 0.1061750 0.0798535 0.0738387 0.0998971 0.1148388 0.1152921 0.0811977 0.1081442 0.1013874 0.1414452 0.0933030 0.1102908 0.1202947 0.0936003 
S0419         0.2645755 0.0812014 0.0153610 0.0695899 0.0846496 0.1103802 0.1033313 0.0906137 0.1073995 0.1262131 0.1240475 0.1217530 0.1188113 0.1186526 0.1124897 0.0813511 0.1236382 0.1062387 0.0860784 0.0920610 0.1093203 0.1113666 0.0926135 0.0000000 0.1083392 0.1073248 0.1049475 0.0904683 0.0819455 0.1129473 0.0915702 0.1002090 0.1210582 0.1014270 0.0996817 0.0757866 0.0902892 0.0545768 0.1114107 0.1976928 0.0878957 0.1116082 0.0981005 0.1072971 0.0073523 0.0879872 0.0073549 0.0058928 0.0943754 0.0484850 0.1081778 0.1120210 0.1019612 0.1102056 0.0809939 0.1034358 0.0907217 0.0869080 0.0971163 0.0883221 0.0952157 0.1013082 0.0646511 0.2047781 0.0930079 0.0979119 0.1250105 0.0854352 0.0872847 0.1920107 0.0107568 0.1915479 0.1170614 0.0922493 0.0792435 0.1044872 0.0971388 0.0938799 0.1888984 0.0891325 0.0962852 0.0738679 0.1074913 0.0957273 0.1130217 0.1152501 0.1115101 0.1213547 0.0947757 0.1068804 0.0967835 0.1184950 0.0952535 0.0940771 0.0866804 0.0882750 0.0779305 0.0988281 0.0846626 0.1035153 0.0858361 0.0985793 0.1099664 0.0965432 0.0095927 0.0640357 0.1060354 0.0910955 0.0959475 0.0850284 0.0992226 0.1187119 0.0893698 0.1130499 0.0520165 0.0798531 0.0850735 0.0865861 0.1093369 0.0849912 0.0812910 0.1301679 0.0491132 0.0841874 0.0915679 0.0738574 
S0427         0.3674671 0.0980916 0.1076906 0.1205884 0.1008610 0.1452601 0.1411282 0.1353429 0.1093855 0.1444774 0.1562828 0.1546933 0.1454201 0.1506265 0.1481096 0.1161476 0.1559303 0.0710345 0.1006017 0.1086622 0.1462904 0.1150856 0.1299385 0.1083392 0.0000000 0.1430014 0.1428592 0.1203632 0.0999605 0.1500646 0.1036997 0.1134216 0.1593806 0.1250450 0.1273311 0.0931672 0.1071342 0.1089975 0.1455873 0.2249879 0.1030813 0.1460585 0.1133326 0.1425524 0.1101691 0.1034414 0.1102079 0.1047331 0.1283069 0.1029369 0.1398614 0.1514362 0.1372627 0.1401453 0.1170274 0.1334218 0.1227010 0.1198229 0.1338739 0.1208167 0.1347863 0.1083692 0.1216735 0.2393606 0.1139844 0.1391726 0.1642236 0.1210536 0.1298661 0.2254960 0.1125599 0.2218014 0.1448499 0.1248011 0.1245710 0.1404619 0.1190099 0.1308474 0.2173550 0.1065222 0.1140003 0.1108482 0.1413201 0.1315288 0.1516061 0.1506247 0.1442633 0.1562294 0.1335428 0.1394545 0.1097732 0.1540107 0.1295991 0.1267522 0.1058592 0.0999590 0.0939177 0.1344479 0.0958846 0.1335245 0.1252953 0.1399279 0.1433670 0.1121729 0.1092095 0.1231297 0.1413877 0.1070090 0.1322773 0.1248138 0.1151278 0.1474358 0.1076946 0.1373189 0.0658193 0.0945033 0.1268108 0.1242336 0.1451333 0.1125261 0.1119353 0.1502857 0.1080945 0.1248350 0.0622048 0.1050429 
S0430         0.2631100 0.1355372 0.1076317 0.1262524 0.1358176 0.0121501 0.1434879 0.1348309 0.1579706 0.1797892 0.1780642 0.0269507 0.0818747 0.1783953 0.1632161 0.1263293 0.0320685 0.1415296 0.1324106 0.1389886 0.1559476 0.1467161 0.1487377 0.1073248 0.1430014 0.0000000 0.1519982 0.1286208 0.1389958 0.1625794 0.1383857 0.1449924 0.1743563 0.1411003 0.1431822 0.1272923 0.1408600 0.1113750 0.0217628 0.2379289 0.1349623 0.0159077 0.1409519 0.1438195 0.1090009 0.1354819 0.1119911 0.1077560 0.1381651 0.0991242 0.1503839 0.0956761 0.1485595 0.1551084 0.1251980 0.1672081 0.0392093 0.1270746 0.1443914 0.1280102 0.1403341 0.1521006 0.1221496 0.2502102 0.1223489 0.0835348 0.0993040 0.1308305 0.1335773 0.2317721 0.1172937 0.2334206 0.1359994 0.1435666 0.1136089 0.0829198 0.1399971 0.1342005 0.2274135 0.1315437 0.1459110 0.1154075 0.1579552 0.1430433 0.1644975 0.0187072 0.1557534 0.1679564 0.0841658 0.0118815 0.1409764 0.0992031 0.1390737 0.1372876 0.1289696 0.1321639 0.1286382 0.1401176 0.1244290 0.1539838 0.1340324 0.1431494 0.1621784 0.1460634 0.1089627 0.1205753 0.1484413 0.1392953 0.1344661 0.1280708 0.1468698 0.1695713 0.1370439 0.1559318 0.1200433 0.1231642 0.1281523 0.1379552 0.1531412 0.1299179 0.1249687 0.1716464 0.1103720 0.1272847 0.1270390 0.1162258 
S0478         0.3301283 0.1184418 0.1122674 0.1180915 0.1219954 0.1511407 0.0764504 0.1215229 0.1328279 0.1627935 0.1017745 0.1578947 0.1448625 0.1156403 0.0931339 0.1210841 0.1614327 0.1312821 0.1206003 0.1280275 0.0902467 0.1370433 0.0769042 0.1049475 0.1428592 0.1519982 0.0000000 0.1270657 0.1246054 0.0954701 0.1237404 0.1289021 0.1034060 0.0770745 0.0808293 0.1144424 0.1236625 0.1006554 0.1480250 0.2257641 0.1247412 0.1510051 0.1367311 0.1414349 0.1076725 0.1243299 0.1077103 0.1044104 0.1253845 0.0957624 0.0796322 0.1480433 0.0795635 0.0797163 0.1054129 0.1027909 0.1282950 0.1244382 0.1331456 0.1225490 0.1301548 0.1379873 0.1272112 0.2377819 0.1223988 0.1490785 0.1638946 0.1177082 0.1235996 0.2225252 0.1128380 0.2168054 0.1382266 0.1262555 0.1213552 0.1456828 0.1322513 0.1248681 0.2112696 0.1199719 0.1364936 0.1021280 0.0892966 0.0779380 0.0942311 0.1564472 0.0842748 0.0947127 0.1423787 0.1481508 0.1252706 0.1573605 0.1273299 0.1226151 0.1202673 0.1159257 0.1139342 0.1280099 0.1202730 0.0915671 0.1212701 0.1312752 0.1033788 0.1367236 0.1039539 0.1286975 0.0897536 0.1232210 0.1182945 0.1188569 0.1355123 0.1009580 0.1250850 0.0869901 0.1000835 0.1120119 0.1267765 0.1313873 0.0910567 0.1194393 0.1076058 0.1646368 0.1044847 0.1191009 0.1283177 0.1073903 
S0552sl       0.2715496 0.0984788 0.0979189 0.1002379 0.1002303 0.1313656 0.1190671 0.0932108 0.1142326 0.1442946 0.1367016 0.1428928 0.1297663 0.1358272 0.1291288 0.0933589 0.1414519 0.1233666 0.1017160 0.1059666 0.1283732 0.1268618 0.1120460 0.0904683 0.1203632 0.1286208 0.1270657 0.0000000 0.1041477 0.1223553 0.0989318 0.1107085 0.1355707 0.1126470 0.1195115 0.0954840 0.1075769 0.0908311 0.1308105 0.2188828 0.1104183 0.1302478 0.1114978 0.0449756 0.0895523 0.1016978 0.0922580 0.0898998 0.0611531 0.0856864 0.1262292 0.1273307 0.1158890 0.1264183 0.0859137 0.1313011 0.1087588 0.0250494 0.0560999 0.0296770 0.0387673 0.1179183 0.1016268 0.2365483 0.1155858 0.1323546 0.1409943 0.0538616 0.0553184 0.2167576 0.0937311 0.2116648 0.1642002 0.0516476 0.0925690 0.1210104 0.1146548 0.0913257 0.2051602 0.1001726 0.1141786 0.0884997 0.1255123 0.1103877 0.1319176 0.1379151 0.1240130 0.1280878 0.1097726 0.1270627 0.1061813 0.1302041 0.1080625 0.0966866 0.1004186 0.0965548 0.0951604 0.0989696 0.0954258 0.1252028 0.0875423 0.1021163 0.1289569 0.1190403 0.0913111 0.1029395 0.1229588 0.1034196 0.0987680 0.0887991 0.1103737 0.1311393 0.1050409 0.1245789 0.0665543 0.1014587 0.1050367 0.1013466 0.1197444 0.0640075 0.0852929 0.1424495 0.0875740 0.0892004 0.1044769 0.0812813 
S0558         0.2552348 0.0681356 0.0746322 0.1009926 0.0653293 0.1432134 0.1114856 0.1031222 0.0839489 0.1012916 0.1399220 0.1513169 0.1394302 0.1272048 0.1239847 0.0999996 0.1587390 0.0974826 0.0678377 0.0750648 0.1213955 0.0827923 0.1052886 0.0819455 0.0999605 0.1389958 0.1246054 0.1041477 0.0000000 0.1303780 0.0672018 0.0803420 0.1384435 0.1121639 0.1104877 0.0577297 0.0753169 0.0889828 0.1454457 0.2079309 0.0682092 0.1439467 0.0802397 0.1263992 0.0836690 0.0687781 0.0836983 0.0794002 0.1068437 0.0847669 0.1281071 0.1425548 0.1092960 0.1188567 0.0951785 0.1293475 0.1226430 0.1043325 0.1170243 0.1026416 0.1153396 0.0849297 0.1068101 0.2288454 0.1059627 0.1305658 0.1527104 0.1063905 0.1081747 0.2021255 0.0874585 0.2056247 0.1412160 0.1110578 0.0999714 0.1330716 0.0809416 0.1062657 0.2017594 0.0705719 0.0772384 0.0948993 0.1165610 0.1057037 0.1212773 0.1497852 0.1277258 0.1314629 0.1154826 0.1425778 0.0771593 0.1474136 0.1194728 0.1085236 0.0698901 0.0704419 0.0631539 0.1144855 0.0703831 0.1199695 0.1027515 0.1176239 0.1259600 0.0827845 0.0818918 0.1081596 0.1170200 0.0718288 0.1082726 0.1020068 0.0827876 0.1300114 0.0740883 0.1220423 0.0553898 0.0649982 0.1133455 0.1083580 0.1164066 0.0971539 0.0946182 0.1392620 0.0894045 0.1030130 0.0871621 0.0878922 
S0624         0.3250288 0.1296829 0.1074222 0.1244936 0.1281424 0.1645932 0.0535232 0.1277995 0.1205931 0.1658117 0.0768227 0.1732185 0.1617753 0.0755651 0.0690314 0.1221198 0.1776282 0.1484672 0.1267094 0.1291027 0.0613658 0.1526190 0.0540067 0.1129473 0.1500646 0.1625794 0.0954701 0.1223553 0.1303780 0.0000000 0.1332176 0.1333558 0.0737903 0.0881541 0.0950215 0.1241252 0.1299609 0.1078335 0.1636662 0.2316005 0.1322474 0.1603402 0.1377159 0.1438513 0.1147893 0.1319717 0.1127211 0.1124282 0.1337391 0.1024770 0.0987353 0.1597541 0.0935624 0.0984902 0.1205989 0.0725420 0.1441140 0.1188158 0.1328730 0.1221727 0.1328145 0.1349717 0.1377562 0.2376184 0.1339810 0.1480925 0.1808513 0.1191418 0.1277666 0.2299345 0.1181618 0.2184519 0.1585292 0.1248818 0.1175879 0.1508248 0.1472574 0.1283909 0.2129887 0.1270676 0.1419104 0.1095387 0.0587858 0.0900620 0.1079684 0.1668781 0.1045896 0.0626004 0.1461837 0.1596700 0.1311715 0.1640209 0.1366478 0.1314541 0.1264004 0.1211718 0.1200573 0.1346953 0.1285941 0.1003106 0.1243393 0.1374411 0.0746815 0.1390441 0.1159385 0.1393141 0.1050030 0.1306056 0.1335782 0.1239517 0.1421471 0.0625786 0.1251913 0.0993877 0.0672482 0.1245657 0.1329179 0.1294196 0.1038236 0.1242234 0.1200323 0.1582336 0.1124779 0.1232535 0.1428736 0.1137700 
S0641         0.2767775 0.0751202 0.0818901 0.0973811 0.0696018 0.1413813 0.1253001 0.1095147 0.0850020 0.1006151 0.1398718 0.1483808 0.1453164 0.1409864 0.1319650 0.1066283 0.1560102 0.1072127 0.0685169 0.0705675 0.1251770 0.1075692 0.1128435 0.0915702 0.1036997 0.1383857 0.1237404 0.0989318 0.0672018 0.1332176 0.0000000 0.0774000 0.1393615 0.1160789 0.1120989 0.0667177 0.0706316 0.0933145 0.1428397 0.2042340 0.0860276 0.1404481 0.0800376 0.1246078 0.0922830 0.0686142 0.0896303 0.0889926 0.1083271 0.0843006 0.1270061 0.1508071 0.1086941 0.1261361 0.0989274 0.1281750 0.1263279 0.0999981 0.1171391 0.0983583 0.1128479 0.0827679 0.1038677 0.2179206 0.1077248 0.1431051 0.1543098 0.1021301 0.1094456 0.1988067 0.0964769 0.1981863 0.1538361 0.1142448 0.1055519 0.1359903 0.0772676 0.1079047 0.1946000 0.0704085 0.0744312 0.0993508 0.1245209 0.1042868 0.1216872 0.1481078 0.1308500 0.1326829 0.1179616 0.1399928 0.0761119 0.1546876 0.1263657 0.1084395 0.0697228 0.0676913 0.0664734 0.1121410 0.0684030 0.1274012 0.1057058 0.1158947 0.1319100 0.0817044 0.0924083 0.1051875 0.1225005 0.0707807 0.1109896 0.1065507 0.0800570 0.1288004 0.0739975 0.1250063 0.0346017 0.0718041 0.1163112 0.1128546 0.1183327 0.1025759 0.0983268 0.1391527 0.0934782 0.1067805 0.0889451 0.0941162 
