45
S0055      0.0000000 0.0375350 0.0577540 0.0662084 0.0567201 0.0462027 0.0999503 0.1116977 0.0455781 0.0569214 0.0772163 0.0875359 0.0912772 0.0769329 0.0577517 0.0270059 0.0457424 0.0901247 0.0919996 0.0365451 0.0898638 0.0267891 0.0365451 0.0803783 0.0787894 0.0557662 0.0681880 0.0872160 0.0565281 0.0783971 0.0666646 0.0379452 0.1129805 0.0271462 0.1219026 0.0267891 0.0772305 0.0786468 0.0996169 0.0701125 0.0596028 0.1104956 0.0900770 0.0667926 0.0822035 
S0405      0.0375350 0.0000000 0.0184237 0.0370783 0.0181262 0.0181105 0.0566857 0.1033511 0.0274351 0.0181799 0.0467878 0.0565649 0.0825439 0.0466163 0.0279867 0.0089537 0.0184303 0.0582026 0.0592681 0.0089537 0.0579792 0.0089537 0.0089537 0.0486231 0.0476768 0.0373067 0.0279583 0.0563580 0.0276801 0.0474523 0.0369359 0.0190324 0.0795709 0.0089121 0.0885073 0.0089537 0.0486587 0.0579792 0.0675128 0.0387618 0.0384714 0.0778462 0.0581727 0.0274374 0.0477624 
S0412sl    0.0577540 0.0184237 0.0000000 0.0681722 0.0371322 0.0475211 0.0893513 0.1274376 0.0468589 0.0372528 0.0671238 0.0773013 0.1060387 0.0668765 0.0478032 0.0277435 0.0377654 0.0795818 0.0811793 0.0375676 0.0793259 0.0275146 0.0375676 0.0698456 0.0684661 0.0573771 0.0477844 0.0770173 0.0581884 0.0681302 0.0567654 0.0390493 0.1020371 0.0273745 0.1109974 0.0275146 0.0698851 0.0793259 0.0890475 0.0596695 0.0591995 0.0997946 0.0795398 0.0468477 0.0816693 
S0558      0.0662084 0.0370783 0.0681722 0.0000000 0.0669218 0.0560680 0.1111839 0.1410842 0.0552921 0.0671692 0.0667551 0.0766172 0.1192788 0.0875083 0.0681440 0.0364085 0.0554917 0.1012617 0.1034525 0.0461972 0.1010012 0.0361123 0.0461972 0.0914751 0.0896590 0.0459209 0.0788432 0.0559501 0.0465272 0.0892040 0.0770361 0.0479776 0.1246228 0.0563747 0.1335393 0.0361123 0.0878482 0.1010012 0.0885523 0.0810804 0.0684361 0.0988852 0.1012080 0.0771930 0.1039935 
S0641      0.0567201 0.0181262 0.0371322 0.0669218 0.0000000 0.0466919 0.0876447 0.1113712 0.0460548 0.0366263 0.0659155 0.0758826 0.0910170 0.0656770 0.0469657 0.0272860 0.0371216 0.0780765 0.0796040 0.0369297 0.0778268 0.0270653 0.0369297 0.0685333 0.0672057 0.0465104 0.0469463 0.0756100 0.0571375 0.0668828 0.0557700 0.0383593 0.1000151 0.0269301 0.0870154 0.0270653 0.0685721 0.0778268 0.0661792 0.0585654 0.0581135 0.0978606 0.0572087 0.0460446 0.0800795 
S0643      0.0462027 0.0181105 0.0475211 0.0560680 0.0466919 0.0000000 0.0456855 0.1267047 0.0360347 0.0468508 0.0464408 0.0768773 0.1054172 0.0665103 0.0475369 0.0087017 0.0361643 0.0674139 0.0807119 0.0086114 0.0788796 0.0176499 0.0086114 0.0694472 0.0680825 0.0459209 0.0577091 0.0765972 0.0265824 0.0677503 0.0564548 0.0281087 0.0790032 0.0367146 0.0878976 0.0176499 0.0667659 0.0788796 0.0885523 0.0488454 0.0588623 0.0772991 0.0790923 0.0565564 0.0811981 
S0645sl    0.0999503 0.0566857 0.0893513 0.1111839 0.0876447 0.0456855 0.0000000 0.1132643 0.0875083 0.0879930 0.0557750 0.0864836 0.0925260 0.0760315 0.0781582 0.0562576 0.0772118 0.0564799 0.0797141 0.0556334 0.0887494 0.0666500 0.0556334 0.0686227 0.0672913 0.0992230 0.1004408 0.0655263 0.0764634 0.0669675 0.0659008 0.0703282 0.0471466 0.0765791 0.0763432 0.0666500 0.0785577 0.0887494 0.0983714 0.0482977 0.0687147 0.0869566 0.0889602 0.0982607 0.0913353 
S0735      0.1116977 0.1033511 0.1274376 0.1410842 0.1113712 0.1267047 0.1132643 0.0000000 0.1245850 0.1253164 0.0797505 0.1001132 0.0369528 0.0890628 0.1147494 0.1025241 0.1133556 0.1267560 0.1173791 0.1147420 0.0911408 0.1015739 0.1147420 0.0817665 0.0801237 0.1379006 0.1294095 0.0997417 0.1403761 0.0797176 0.0783841 0.0952102 0.1270259 0.1123031 0.1124344 0.1015739 0.1274820 0.1028847 0.1124612 0.0713184 0.1049175 0.1241701 0.1030933 0.1123031 0.1059899 
S0756      0.0455781 0.0274351 0.0468589 0.0552921 0.0460548 0.0360347 0.0875083 0.1245850 0.0000000 0.0462080 0.0658013 0.0757592 0.1036858 0.0655635 0.0468754 0.0175684 0.0356925 0.0779466 0.0794699 0.0267303 0.0776972 0.0174309 0.0267303 0.0684118 0.0670879 0.0453046 0.0568847 0.0754863 0.0458931 0.0667659 0.0556682 0.0277331 0.0998679 0.0362278 0.1086488 0.0174309 0.0658117 0.0776972 0.0872160 0.0584553 0.0580050 0.0977180 0.0779063 0.0557665 0.0799446 
S0760      0.0569214 0.0181799 0.0372528 0.0671692 0.0366263 0.0468508 0.0879930 0.1253164 0.0462080 0.0000000 0.0661543 0.0761681 0.1042972 0.0659140 0.0471261 0.0273703 0.0181415 0.0783793 0.0799215 0.0370490 0.0781282 0.0271475 0.0370490 0.0687935 0.0674552 0.0565559 0.0087433 0.0758924 0.0573421 0.0671296 0.0559630 0.0384888 0.1004326 0.0270114 0.1092576 0.0271475 0.0688325 0.0781282 0.0876978 0.0587801 0.0583252 0.0982603 0.0783385 0.0461975 0.0804001 
S0959      0.0772163 0.0467878 0.0671238 0.0667551 0.0659155 0.0464408 0.0557750 0.0797505 0.0658013 0.0661543 0.0000000 0.0454643 0.0815599 0.0359822 0.0566765 0.0464353 0.0559877 0.0558949 0.0681626 0.0565753 0.0465469 0.0460495 0.0565753 0.0374711 0.0367636 0.0766936 0.0681422 0.0648410 0.0778214 0.0365979 0.0267357 0.0587874 0.0668171 0.0555616 0.0553750 0.0460495 0.0671539 0.0465469 0.0760513 0.0184567 0.0474318 0.0457001 0.0467147 0.0759958 0.0478651 
S1129sl    0.0875359 0.0565649 0.0773013 0.0766172 0.0758826 0.0768773 0.0864836 0.1001132 0.0757592 0.0761681 0.0454643 0.0000000 0.1023725 0.0265829 0.0666087 0.0561384 0.0658072 0.0770412 0.0785238 0.0665103 0.0562833 0.0556682 0.0665103 0.0471951 0.0270673 0.0869275 0.0784668 0.0545872 0.0882411 0.0460904 0.0359052 0.0691174 0.0986568 0.0652936 0.0858702 0.0556682 0.0566706 0.0562833 0.0861977 0.0279400 0.0573496 0.0552386 0.0564689 0.0861201 0.0578786 
S1148      0.0912772 0.0825439 0.1060387 0.1192788 0.0910170 0.1054172 0.0925260 0.0369528 0.1036858 0.1042972 0.0815599 0.1023725 0.0000000 0.0910623 0.0937764 0.0818765 0.0925975 0.1055428 0.0958398 0.0937098 0.1052745 0.0811220 0.0937098 0.0836721 0.0819560 0.1030807 0.1180935 0.0796631 0.1185797 0.0815310 0.0801365 0.0859068 0.1057608 0.0917655 0.0990662 0.0811220 0.1060808 0.1052745 0.1154868 0.0729862 0.0837991 0.1270259 0.1054847 0.1153143 0.1085182 
S1201sl    0.0769329 0.0466163 0.0668765 0.0875083 0.0656770 0.0665103 0.0760315 0.0890628 0.0655635 0.0659140 0.0359822 0.0265829 0.0910623 0.0000000 0.0366916 0.0462663 0.0557847 0.0666772 0.0679076 0.0563680 0.0271069 0.0458832 0.0563680 0.0373323 0.0366298 0.0764142 0.0678881 0.0646101 0.0775335 0.0364653 0.0086607 0.0585645 0.0878232 0.0553617 0.0754900 0.0458832 0.0466927 0.0271069 0.0757764 0.0184144 0.0472556 0.0653941 0.0465437 0.0757217 0.0476857 
S1211      0.0577517 0.0279867 0.0478032 0.0681440 0.0469657 0.0475369 0.0781582 0.1147494 0.0468754 0.0471261 0.0566765 0.0666087 0.0937764 0.0366916 0.0000000 0.0277729 0.0372124 0.0685471 0.0698553 0.0375938 0.0474958 0.0275437 0.0375938 0.0589278 0.0577768 0.0573756 0.0580310 0.0663654 0.0581851 0.0575002 0.0272591 0.0390754 0.0903378 0.0369412 0.0992395 0.0275437 0.0687935 0.0474958 0.0778901 0.0489491 0.0485746 0.0883751 0.0453467 0.0568678 0.0703026 
S1227      0.0270059 0.0089537 0.0277435 0.0364085 0.0272860 0.0087017 0.0562576 0.1025241 0.0175684 0.0273703 0.0464353 0.0561384 0.0818765 0.0462663 0.0277729 0.0000000 0.0176309 0.0577526 0.0588007 0.0000023 0.0575317 0.0000023 0.0000023 0.0482433 0.0473104 0.0268529 0.0374251 0.0559342 0.0177161 0.0470891 0.0366587 0.0091264 0.0789509 0.0178855 0.0878276 0.0000023 0.0464408 0.0575317 0.0669966 0.0384570 0.0381706 0.0772512 0.0577232 0.0367161 0.0591989 
S1235sl    0.0457424 0.0184303 0.0377654 0.0554917 0.0371216 0.0361643 0.0772118 0.1133556 0.0356925 0.0181415 0.0559877 0.0658072 0.0925975 0.0557847 0.0372124 0.0176309 0.0000000 0.0677023 0.0689769 0.0268262 0.0674646 0.0174925 0.0268262 0.0581862 0.0570617 0.0454669 0.0278940 0.0655692 0.0460598 0.0567917 0.0460442 0.0278362 0.0892400 0.0273758 0.0980628 0.0174925 0.0461234 0.0674646 0.0769490 0.0483236 0.0479584 0.0873209 0.0676675 0.0468193 0.0694162 
S1251      0.0901247 0.0582026 0.0795818 0.1012617 0.0780765 0.0674139 0.0564799 0.1267560 0.0779466 0.0783793 0.0558949 0.0770412 0.1055428 0.0666772 0.0685471 0.0577526 0.0677023 0.0000000 0.0808808 0.0684474 0.0790463 0.0572549 0.0684474 0.0696208 0.0682532 0.0894787 0.0905705 0.0561111 0.0908756 0.0679202 0.0566175 0.0712064 0.0470982 0.0671562 0.0762604 0.0572549 0.0688744 0.0790463 0.0569466 0.0476829 0.0590334 0.0871606 0.0579084 0.0886201 0.0813669 
S1260      0.0919996 0.0592681 0.0811793 0.1034525 0.0796040 0.0807119 0.0797141 0.1173791 0.0794699 0.0799215 0.0681626 0.0785238 0.0958398 0.0679076 0.0698553 0.0588007 0.0689769 0.0808808 0.0000000 0.0697545 0.0806195 0.0582831 0.0697545 0.0480613 0.0471354 0.0913212 0.0924659 0.0676112 0.0927888 0.0274119 0.0576197 0.0491181 0.0922314 0.0684066 0.1013366 0.0582831 0.0812151 0.0806195 0.0905137 0.0383115 0.0601332 0.1014685 0.0808373 0.0904211 0.0830432 
S1278      0.0365451 0.0089537 0.0375676 0.0461972 0.0369297 0.0086114 0.0556334 0.1147420 0.0267303 0.0370490 0.0565753 0.0665103 0.0937098 0.0563680 0.0375938 0.0000023 0.0268262 0.0684474 0.0697545 0.0000000 0.0682060 0.0087287 0.0000010 0.0588229 0.0576736 0.0363297 0.0475211 0.0662672 0.0175291 0.0573975 0.0465161 0.0185240 0.0902666 0.0272252 0.0991888 0.0087287 0.0565832 0.0682060 0.0778005 0.0488454 0.0484718 0.0883016 0.0684118 0.0465945 0.0702018 
S1332      0.0898638 0.0579792 0.0793259 0.1010012 0.0778268 0.0788796 0.0887494 0.0911408 0.0776972 0.0781282 0.0465469 0.0562833 0.1052745 0.0271069 0.0474958 0.0575317 0.0674646 0.0790463 0.0806195 0.0682060 0.0000000 0.0570369 0.0682060 0.0483654 0.0474275 0.0892200 0.0805524 0.0765161 0.0906121 0.0472050 0.0178953 0.0592483 0.1013318 0.0669213 0.0881051 0.0570369 0.0793604 0.0178815 0.0774334 0.0385477 0.0588053 0.0774806 0.0578774 0.0669213 0.0593626 
S1369      0.0267891 0.0089537 0.0275146 0.0361123 0.0270653 0.0176499 0.0666500 0.1015739 0.0174309 0.0271475 0.0460495 0.0556682 0.0811220 0.0458832 0.0275437 0.0000023 0.0174925 0.0572549 0.0582831 0.0087287 0.0570369 0.0000000 0.0087287 0.0478269 0.0469100 0.0266383 0.0371120 0.0554674 0.0269625 0.0466927 0.0363586 0.0090526 0.0782512 0.0177439 0.0870560 0.0000010 0.0460549 0.0570369 0.0664205 0.0381266 0.0378458 0.0765814 0.0572261 0.0364150 0.0586756 
S1370      0.0365451 0.0089537 0.0375676 0.0461972 0.0369297 0.0086114 0.0556334 0.1147420 0.0267303 0.0370490 0.0565753 0.0665103 0.0937098 0.0563680 0.0375938 0.0000023 0.0268262 0.0684474 0.0697545 0.0000010 0.0682060 0.0087287 0.0000000 0.0588229 0.0576736 0.0363297 0.0475211 0.0662672 0.0175291 0.0573975 0.0465161 0.0185240 0.0902666 0.0272252 0.0991888 0.0087287 0.0565832 0.0682060 0.0778005 0.0488454 0.0484718 0.0883016 0.0684118 0.0465945 0.0702018 
S1422      0.0803783 0.0486231 0.0698456 0.0914751 0.0685333 0.0694472 0.0686227 0.0817665 0.0684118 0.0687935 0.0374711 0.0471951 0.0836721 0.0373323 0.0589278 0.0482433 0.0581862 0.0696208 0.0480613 0.0588229 0.0483654 0.0478269 0.0588229 0.0000000 0.0181643 0.0798082 0.0709456 0.0570663 0.0810388 0.0180844 0.0277259 0.0497344 0.0806171 0.0577238 0.0681131 0.0478269 0.0698777 0.0483654 0.0791127 0.0092221 0.0493201 0.0682249 0.0485436 0.0790485 0.0497892 
S1449      0.0787894 0.0476768 0.0684661 0.0896590 0.0672057 0.0680825 0.0672913 0.0801237 0.0670879 0.0674552 0.0367636 0.0270673 0.0819560 0.0366298 0.0577768 0.0473104 0.0570617 0.0682532 0.0471354 0.0576736 0.0474275 0.0469100 0.0576736 0.0181643 0.0000000 0.0782427 0.0695256 0.0559847 0.0794225 0.0177510 0.0272064 0.0487450 0.0790245 0.0566176 0.0667999 0.0469100 0.0684973 0.0474275 0.0775727 0.0090479 0.0483466 0.0669086 0.0476004 0.0775129 0.0487974 
S1460      0.0557662 0.0373067 0.0573771 0.0459209 0.0465104 0.0459209 0.0992230 0.1379006 0.0453046 0.0565559 0.0766936 0.0869275 0.1030807 0.0764142 0.0573756 0.0268529 0.0454669 0.0894787 0.0913212 0.0363297 0.0892200 0.0266383 0.0363297 0.0798082 0.0782427 0.0000000 0.0677283 0.0658493 0.0365771 0.0778564 0.0662274 0.0377119 0.1121238 0.0461697 0.0986688 0.0266383 0.0767075 0.0892200 0.0772892 0.0696253 0.0575931 0.1096769 0.0787291 0.0663532 0.0918335 
S1462      0.0681880 0.0279583 0.0477844 0.0788432 0.0469463 0.0577091 0.1004408 0.1294095 0.0568847 0.0087433 0.0681422 0.0784668 0.1180935 0.0678881 0.0580310 0.0374251 0.0278940 0.0905705 0.0924659 0.0475211 0.0805524 0.0371120 0.0475211 0.0709456 0.0695256 0.0677283 0.0000000 0.0876344 0.0687189 0.0691795 0.0576278 0.0494084 0.1135452 0.0369148 0.1126657 0.0371120 0.0808183 0.0805524 0.1001056 0.0606204 0.0698949 0.1012989 0.0807692 0.0568613 0.0829635 
S1539      0.0872160 0.0563580 0.0770173 0.0559501 0.0756100 0.0765972 0.0655263 0.0997417 0.0754863 0.0758924 0.0648410 0.0545872 0.0796631 0.0646101 0.0663654 0.0559342 0.0655692 0.0561111 0.0676112 0.0662672 0.0765161 0.0554674 0.0662672 0.0570663 0.0559847 0.0658493 0.0876344 0.0000000 0.0667804 0.0557253 0.0548695 0.0584361 0.0562046 0.0650595 0.0855619 0.0554674 0.0770502 0.0765161 0.0454546 0.0474053 0.0463490 0.0750351 0.0767207 0.0858106 0.0786945 
S_670      0.0565281 0.0276801 0.0581884 0.0465272 0.0571375 0.0265824 0.0764634 0.1403761 0.0458931 0.0573421 0.0778214 0.0882411 0.1185797 0.0775335 0.0581851 0.0177161 0.0460598 0.0908756 0.0927888 0.0175291 0.0906121 0.0269625 0.0175291 0.0810388 0.0794225 0.0365771 0.0687189 0.0667804 0.0000000 0.0790233 0.0671692 0.0382134 0.1139841 0.0467829 0.1229928 0.0269625 0.0778359 0.0906121 0.0784387 0.0706756 0.0584111 0.1114531 0.0908270 0.0672996 0.0933135 
SRR8528336 0.0783971 0.0474523 0.0681302 0.0892040 0.0668828 0.0677503 0.0669675 0.0797176 0.0667659 0.0671296 0.0365979 0.0460904 0.0815310 0.0364653 0.0575002 0.0470891 0.0567917 0.0679202 0.0274119 0.0573975 0.0472050 0.0466927 0.0573975 0.0180844 0.0177510 0.0778564 0.0691795 0.0557253 0.0790233 0.0000000 0.0270861 0.0485105 0.0786312 0.0563522 0.0664806 0.0466927 0.0681611 0.0472050 0.0771930 0.0090084 0.0481156 0.0665885 0.0473767 0.0771343 0.0485620 
SRR8528341 0.0666646 0.0369359 0.0567654 0.0770361 0.0557700 0.0564548 0.0659008 0.0783841 0.0556682 0.0559630 0.0267357 0.0359052 0.0801365 0.0086607 0.0272591 0.0366587 0.0460442 0.0566175 0.0576197 0.0465161 0.0178953 0.0363586 0.0465161 0.0277259 0.0272064 0.0662274 0.0576278 0.0548695 0.0671692 0.0270861 0.0000000 0.0483204 0.0773387 0.0457054 0.0654298 0.0363586 0.0567920 0.0178953 0.0656761 0.0184144 0.0374373 0.0555288 0.0368834 0.0656399 0.0377739 
SRR8528343 0.0379452 0.0190324 0.0390493 0.0479776 0.0383593 0.0281087 0.0703282 0.0952102 0.0277331 0.0384888 0.0587874 0.0691174 0.0859068 0.0585645 0.0390754 0.0091264 0.0278362 0.0712064 0.0491181 0.0185240 0.0592483 0.0090526 0.0185240 0.0497344 0.0487450 0.0377119 0.0494084 0.0584361 0.0382134 0.0485105 0.0483204 0.0000000 0.0826811 0.0282664 0.0919323 0.0090526 0.0587962 0.0709523 0.0696789 0.0396511 0.0504334 0.0918348 0.0711680 0.0381277 0.0731070 
SRR8528347 0.1129805 0.0795709 0.1020371 0.1246228 0.1000151 0.0790032 0.0471466 0.1270259 0.0998679 0.1004326 0.0668171 0.0986568 0.1057608 0.0878232 0.0903378 0.0789509 0.0892400 0.0470982 0.0922314 0.0902666 0.1013318 0.0782512 0.0902666 0.0806171 0.0790245 0.1121238 0.1135452 0.0562046 0.1139841 0.0786312 0.0773387 0.0826811 0.0000000 0.0884734 0.0763958 0.0782512 0.0908496 0.1013318 0.0885588 0.0596040 0.0807334 0.0870188 0.1015381 0.1109924 0.1043322 
SRR8528350 0.0271462 0.0089121 0.0273745 0.0563747 0.0269301 0.0367146 0.0765791 0.1123031 0.0362278 0.0270114 0.0555616 0.0652936 0.0917655 0.0553617 0.0369412 0.0178855 0.0273758 0.0671562 0.0684066 0.0272252 0.0669213 0.0177439 0.0272252 0.0577238 0.0566176 0.0461697 0.0369148 0.0650595 0.0467829 0.0563522 0.0457054 0.0282664 0.0884734 0.0000000 0.0972160 0.0177439 0.0577612 0.0565046 0.0763207 0.0479485 0.0380852 0.0865887 0.0671220 0.0362257 0.0590133 
SRR8528354 0.1219026 0.0885073 0.1109974 0.1335393 0.0870154 0.0878976 0.0763432 0.1124344 0.1086488 0.1092576 0.0553750 0.0858702 0.0990662 0.0754900 0.0992395 0.0878276 0.0980628 0.0762604 0.1013366 0.0991888 0.0881051 0.0870560 0.0991888 0.0681131 0.0667999 0.0986688 0.1126657 0.0855619 0.1229928 0.0664806 0.0654298 0.0919323 0.0763958 0.0972160 0.0000000 0.0870560 0.1110380 0.0881051 0.1086488 0.0479339 0.0897858 0.0654298 0.0467005 0.1197529 0.0906558 
SRR8528357 0.0267891 0.0089537 0.0275146 0.0361123 0.0270653 0.0176499 0.0666500 0.1015739 0.0174309 0.0271475 0.0460495 0.0556682 0.0811220 0.0458832 0.0275437 0.0000023 0.0174925 0.0572549 0.0582831 0.0087287 0.0570369 0.0000010 0.0087287 0.0478269 0.0469100 0.0266383 0.0371120 0.0554674 0.0269625 0.0466927 0.0363586 0.0090526 0.0782512 0.0177439 0.0870560 0.0000000 0.0460549 0.0570369 0.0664205 0.0381266 0.0378458 0.0765814 0.0572261 0.0364150 0.0586756 
SRR8528359 0.0772305 0.0486587 0.0698851 0.0878482 0.0685721 0.0667659 0.0785577 0.1274820 0.0658117 0.0688325 0.0671539 0.0566706 0.1060808 0.0466927 0.0687935 0.0464408 0.0461234 0.0688744 0.0812151 0.0565832 0.0793604 0.0460549 0.0565832 0.0698777 0.0684973 0.0767075 0.0808183 0.0770502 0.0778359 0.0681611 0.0567920 0.0587962 0.0908496 0.0577612 0.1110380 0.0460549 0.0000000 0.0793604 0.0890840 0.0492300 0.0592281 0.0998333 0.0795743 0.0790865 0.0817053 
SRR8528361 0.0786468 0.0579792 0.0793259 0.1010012 0.0778268 0.0788796 0.0887494 0.1028847 0.0776972 0.0781282 0.0465469 0.0562833 0.1052745 0.0271069 0.0474958 0.0575317 0.0674646 0.0790463 0.0806195 0.0682060 0.0178815 0.0570369 0.0682060 0.0483654 0.0474275 0.0892200 0.0805524 0.0765161 0.0906121 0.0472050 0.0178953 0.0709523 0.1013318 0.0565046 0.0881051 0.0570369 0.0793604 0.0000000 0.0884493 0.0385477 0.0471120 0.0774806 0.0578774 0.0776371 0.0475395 
SRR8528370 0.0996169 0.0675128 0.0890475 0.0885523 0.0661792 0.0885523 0.0983714 0.1124612 0.0872160 0.0876978 0.0760513 0.0861977 0.1154868 0.0757764 0.0778901 0.0669966 0.0769490 0.0569466 0.0905137 0.0778005 0.0774334 0.0664205 0.0778005 0.0791127 0.0775727 0.0772892 0.1001056 0.0454546 0.0784387 0.0771930 0.0656761 0.0696789 0.0885588 0.0763207 0.1086488 0.0664205 0.0890840 0.0884493 0.0000000 0.0690167 0.0571040 0.1087373 0.0779063 0.0763207 0.0910201 
SRR8528372 0.0701125 0.0387618 0.0596695 0.0810804 0.0585654 0.0488454 0.0482977 0.0713184 0.0584553 0.0587801 0.0184567 0.0279400 0.0729862 0.0184144 0.0489491 0.0384570 0.0483236 0.0476829 0.0383115 0.0488454 0.0385477 0.0381266 0.0488454 0.0092221 0.0090479 0.0696253 0.0606204 0.0474053 0.0706756 0.0090084 0.0184144 0.0396511 0.0596040 0.0479485 0.0479339 0.0381266 0.0492300 0.0385477 0.0690167 0.0000000 0.0393148 0.0480230 0.0387031 0.0689727 0.0396868 
SRR8528379 0.0596028 0.0384714 0.0591995 0.0684361 0.0581135 0.0588623 0.0687147 0.1049175 0.0580050 0.0583252 0.0474318 0.0573496 0.0837991 0.0472556 0.0485746 0.0381706 0.0479584 0.0590334 0.0601332 0.0484718 0.0588053 0.0378458 0.0484718 0.0493201 0.0483466 0.0575931 0.0698949 0.0463490 0.0584111 0.0481156 0.0374373 0.0504334 0.0807334 0.0380852 0.0897858 0.0378458 0.0592281 0.0471120 0.0571040 0.0393148 0.0000000 0.0789595 0.0590027 0.0684295 0.0383120 
SRR8528381 0.1104956 0.0778462 0.0997946 0.0988852 0.0978606 0.0772991 0.0869566 0.1241701 0.0977180 0.0982603 0.0457001 0.0552386 0.1270259 0.0653941 0.0883751 0.0772512 0.0873209 0.0871606 0.1014685 0.0883016 0.0774806 0.0765814 0.0883016 0.0682249 0.0669086 0.1096769 0.1012989 0.0750351 0.1114531 0.0665885 0.0555288 0.0918348 0.0870188 0.0865887 0.0654298 0.0765814 0.0998333 0.0774806 0.1087373 0.0480230 0.0789595 0.0000000 0.0776889 0.0865887 0.0797144 
SRR8528389 0.0900770 0.0581727 0.0795398 0.1012080 0.0572087 0.0790923 0.0889602 0.1030933 0.0779063 0.0783385 0.0467147 0.0564689 0.1054847 0.0465437 0.0453467 0.0577232 0.0676675 0.0579084 0.0808373 0.0684118 0.0578774 0.0572261 0.0684118 0.0485436 0.0476004 0.0787291 0.0807692 0.0767207 0.0908270 0.0473767 0.0368834 0.0711680 0.1015381 0.0671220 0.0467005 0.0572261 0.0795743 0.0578774 0.0779063 0.0387031 0.0590027 0.0776889 0.0000000 0.0885740 0.0595626 
SRR8528391 0.0667926 0.0274374 0.0468477 0.0771930 0.0460446 0.0565564 0.0982607 0.1123031 0.0557665 0.0461975 0.0759958 0.0861201 0.1153143 0.0757217 0.0568678 0.0367161 0.0468193 0.0886201 0.0904211 0.0465945 0.0669213 0.0364150 0.0465945 0.0790485 0.0775129 0.0663532 0.0568613 0.0858106 0.0672996 0.0771343 0.0656399 0.0381277 0.1109924 0.0362257 0.1197529 0.0364150 0.0790865 0.0776371 0.0763207 0.0689727 0.0684295 0.0865887 0.0885740 0.0000000 0.0909261 
SRR8528400 0.0822035 0.0477624 0.0816693 0.1039935 0.0800795 0.0811981 0.0913353 0.1059899 0.0799446 0.0804001 0.0478651 0.0578786 0.1085182 0.0476857 0.0703026 0.0591989 0.0694162 0.0813669 0.0830432 0.0702018 0.0593626 0.0586756 0.0702018 0.0497892 0.0487974 0.0918335 0.0829635 0.0786945 0.0933135 0.0485620 0.0377739 0.0731070 0.1043322 0.0590133 0.0906558 0.0586756 0.0817053 0.0475395 0.0910201 0.0396868 0.0383120 0.0797144 0.0595626 0.0909261 0.0000000 
