50
S0289      0.0000000 0.1519237 0.0908200 0.1174919 0.1497131 0.0554176 0.1607482 0.1765330 0.1200912 0.2620936 0.1382918 0.0918736 0.1025309 0.1342281 0.1034053 0.1580650 0.1363343 0.1241540 0.1335057 0.1240897 0.1200201 0.1166700 0.1196963 0.1365214 0.1091182 0.1417389 0.0669537 0.0977642 0.1360385 0.0855483 0.0970450 0.1344054 0.1042662 0.0805878 0.1027959 0.0512880 0.1397231 0.0907889 0.1192653 0.0979369 0.0668680 0.0979273 0.0978253 0.0810574 0.0763463 0.1975612 0.0927871 0.0757759 0.1601170 0.0769269 
S0308      0.1519237 0.0000000 0.1263554 0.1013611 0.1483730 0.1349386 0.1609079 0.1804369 0.1180967 0.2865637 0.1375468 0.1331589 0.1292017 0.1713017 0.1488652 0.1461084 0.1247960 0.1346958 0.0752144 0.1129327 0.0936199 0.1160434 0.1374956 0.1181645 0.1417114 0.1301135 0.1290633 0.1481059 0.1353179 0.1120444 0.1788419 0.1395685 0.1581664 0.1256184 0.1341529 0.1597997 0.1452776 0.1394730 0.1407619 0.0915561 0.1108670 0.1510236 0.1646662 0.1241842 0.0952134 0.2523713 0.1183186 0.1308174 0.1602960 0.1063849 
S0335      0.0908200 0.1263554 0.0000000 0.0788997 0.0958563 0.0800392 0.1034401 0.1290330 0.0748384 0.2421050 0.0902945 0.0985704 0.0893221 0.1135457 0.0856326 0.1084734 0.0891404 0.0837176 0.1167777 0.0787681 0.0987836 0.0665923 0.0902747 0.0892718 0.0953998 0.0939988 0.0602970 0.0847682 0.0843724 0.0827976 0.1282438 0.0863684 0.0740576 0.0242734 0.0785376 0.0807871 0.0981143 0.0977568 0.0850641 0.0556714 0.0457422 0.0376434 0.1149173 0.0607292 0.0546713 0.1982602 0.0800396 0.0326992 0.1134454 0.0642608 
S0400      0.1174919 0.1013611 0.0788997 0.0000000 0.0748101 0.0954180 0.0924333 0.1126940 0.0559781 0.1950780 0.0248235 0.1006551 0.0864274 0.1213522 0.0920160 0.0502024 0.0245405 0.0456186 0.0967511 0.0160855 0.0944520 0.0251032 0.0290681 0.0553976 0.0874417 0.0329611 0.0804499 0.0967798 0.0458208 0.0844710 0.1238156 0.0251149 0.1061561 0.0784839 0.0284596 0.1071932 0.0369548 0.0998024 0.0464175 0.0465490 0.0649179 0.1052589 0.1052966 0.0758975 0.0600184 0.2003017 0.0811752 0.0831910 0.0813060 0.0699083 
S0412sl    0.1497131 0.1483730 0.0958563 0.0748101 0.0000000 0.1314381 0.1032436 0.0966721 0.0609574 0.2610239 0.0861394 0.1300779 0.1024838 0.1536410 0.1324156 0.0986662 0.0803759 0.0888731 0.1423142 0.0746846 0.1274588 0.0623823 0.0855806 0.0695327 0.1297425 0.0802183 0.1072324 0.1123337 0.0895749 0.1019192 0.1622938 0.0771215 0.1287634 0.0953222 0.0696379 0.1450521 0.0791560 0.1288736 0.0698807 0.0560688 0.1010809 0.1189225 0.1410447 0.1024714 0.0809719 0.1937482 0.1149616 0.1002922 0.0764769 0.1018709 
S0417      0.0554176 0.1349386 0.0800392 0.0954180 0.1314381 0.0000000 0.1469167 0.1637952 0.1080916 0.2348647 0.1255718 0.0854374 0.0858996 0.1155482 0.0969392 0.1398293 0.1238368 0.1225640 0.1194402 0.1120825 0.1161979 0.0938793 0.1204204 0.1240095 0.1021364 0.1291114 0.0612172 0.0810307 0.1342726 0.0755233 0.1072658 0.1216575 0.0973832 0.0701561 0.1117110 0.0461007 0.1333796 0.0847414 0.1130318 0.0867170 0.0519453 0.0867027 0.0960824 0.0655937 0.0610514 0.2109224 0.0818393 0.0654821 0.1579144 0.0711421 
S0427      0.1607482 0.1609079 0.1034401 0.0924333 0.1032436 0.1469167 0.0000000 0.1224588 0.0928635 0.2419018 0.1049310 0.1314104 0.1105944 0.1567304 0.1349491 0.1241714 0.1035056 0.1024733 0.1646247 0.0922658 0.1487642 0.0844982 0.1049021 0.0807413 0.1273352 0.1086846 0.1060449 0.1245814 0.1137398 0.1257518 0.1668678 0.1008881 0.1401083 0.1079171 0.0919732 0.1608574 0.1129850 0.1380609 0.0971603 0.0774323 0.1035867 0.1325975 0.1448187 0.1169503 0.0929795 0.2379033 0.1237446 0.1131083 0.0611289 0.1044179 
S0558      0.1765330 0.1804369 0.1290330 0.1126940 0.0966721 0.1637952 0.1224588 0.0000000 0.0798371 0.2675121 0.1186943 0.1481601 0.1352749 0.1712868 0.1490854 0.1225331 0.1242751 0.1174894 0.1567917 0.1124793 0.1585674 0.0992803 0.1198670 0.0964284 0.1458830 0.1239480 0.1307157 0.1437053 0.1184690 0.1358977 0.2001922 0.1090226 0.1656333 0.1282627 0.1067312 0.1782212 0.1172518 0.1597325 0.0969525 0.0653323 0.1239852 0.1548562 0.1759736 0.1257659 0.1026791 0.2150888 0.1454199 0.1335850 0.1308918 0.1249938 
S0689      0.1200912 0.1180967 0.0748384 0.0559781 0.0609574 0.1080916 0.0928635 0.0798371 0.0000000 0.2141817 0.0664957 0.0964986 0.0810728 0.1099975 0.1023417 0.0840979 0.0610651 0.0695752 0.1133956 0.0558908 0.1106102 0.0483061 0.0711824 0.0510507 0.0908073 0.0655543 0.0814930 0.1080499 0.0701126 0.0708211 0.1326977 0.0577838 0.1124937 0.0744429 0.0511227 0.1095479 0.0696745 0.0956827 0.0512955 0.0201826 0.0702764 0.1011230 0.1132490 0.0815934 0.0516391 0.1830915 0.0822377 0.0791526 0.0766359 0.0707983 
S0735      0.2620936 0.2865637 0.2421050 0.1950780 0.2610239 0.2348647 0.2419018 0.2675121 0.2141817 0.0000000 0.2277337 0.2367848 0.2370930 0.2576035 0.2245328 0.2438299 0.2239844 0.2278943 0.2957882 0.2079998 0.2604464 0.1981868 0.2105288 0.2085158 0.2470980 0.2299287 0.2299686 0.2550888 0.2435868 0.2273133 0.2737499 0.2087564 0.2601962 0.2202795 0.2068063 0.2623698 0.2082262 0.2361480 0.2147381 0.2003602 0.1856514 0.2567289 0.2639222 0.2040457 0.1971987 0.2983079 0.1988079 0.2268198 0.2547618 0.2126726 
S0756      0.1382918 0.1375468 0.0902945 0.0248235 0.0861394 0.1255718 0.1049310 0.1186943 0.0664957 0.2277337 0.0000000 0.1132633 0.0870414 0.1472900 0.1152471 0.0602383 0.0336343 0.0554339 0.1326903 0.0247891 0.1292670 0.0297821 0.0291259 0.0608047 0.1104668 0.0423542 0.0975963 0.1202277 0.0459113 0.0962061 0.1439705 0.0295978 0.1300407 0.0897992 0.0376030 0.1273130 0.0464284 0.1122566 0.0564389 0.0566030 0.0855830 0.1180026 0.1238752 0.0977250 0.0756492 0.2321516 0.0985240 0.0946929 0.0931602 0.0862372 
S0795      0.0918736 0.1331589 0.0985704 0.1006551 0.1300779 0.0854374 0.1314104 0.1481601 0.0964986 0.2367848 0.1132633 0.0000000 0.0514998 0.1388262 0.1186994 0.1378695 0.1004784 0.1106286 0.1283428 0.0905338 0.1541269 0.0870134 0.1183847 0.0963992 0.1245911 0.1168735 0.0860725 0.1233352 0.1324048 0.0465237 0.0860115 0.0978788 0.1106763 0.0883701 0.0802457 0.0811654 0.1210918 0.0598393 0.1179939 0.0855839 0.0747028 0.0943844 0.0697608 0.0961063 0.0651359 0.2337419 0.0756820 0.0835909 0.1132836 0.0752596 
S1083      0.1025309 0.1292017 0.0893221 0.0864274 0.1024838 0.0858996 0.1105944 0.1352749 0.0810728 0.2370930 0.0870414 0.0514998 0.0000000 0.1204432 0.1143171 0.1229333 0.0972067 0.0962599 0.1352380 0.0765044 0.1318125 0.0779386 0.1035749 0.0860415 0.1030121 0.1022811 0.0767403 0.1134617 0.1175831 0.0467679 0.1027638 0.0879763 0.1019440 0.0792759 0.0860091 0.0816073 0.1065306 0.0601531 0.1017235 0.0661071 0.0656903 0.0962671 0.0853810 0.0866502 0.0562587 0.1991905 0.0665417 0.0745471 0.1152404 0.0661766 
S1128      0.1342281 0.1713017 0.1135457 0.1213522 0.1536410 0.1155482 0.1567304 0.1712868 0.1099975 0.2576035 0.1472900 0.1388262 0.1204432 0.0000000 0.0508445 0.1434776 0.1451351 0.1435357 0.1537249 0.1323394 0.1616607 0.1248536 0.1472295 0.1453357 0.1067525 0.1388222 0.0916290 0.1034652 0.1562146 0.1201170 0.1306537 0.1373060 0.1200459 0.1025439 0.1318633 0.1343056 0.1551295 0.1311712 0.1464398 0.0987139 0.0814886 0.1272179 0.1306839 0.0818221 0.0812144 0.1967242 0.1102861 0.1076852 0.1752959 0.0920748 
S1129sl    0.1034053 0.1488652 0.0856326 0.0920160 0.1324156 0.0969392 0.1349491 0.1490854 0.1023417 0.2245328 0.1152471 0.1186994 0.1143171 0.0508445 0.0000000 0.1345791 0.1136671 0.1125155 0.1439853 0.1021651 0.1295581 0.0998879 0.1152117 0.1249071 0.0953173 0.1188981 0.0749513 0.0858936 0.1134524 0.1013756 0.1064564 0.1057411 0.0968154 0.0755326 0.1018336 0.1143134 0.1231848 0.1068714 0.1088758 0.0813358 0.0653784 0.0977011 0.1064707 0.0563777 0.0651719 0.1814188 0.0921024 0.0900356 0.1591680 0.0656513 
S1211      0.1580650 0.1461084 0.1084734 0.0502024 0.0986662 0.1398293 0.1241714 0.1225331 0.0840979 0.2438299 0.0602383 0.1378695 0.1229333 0.1434776 0.1345791 0.0000000 0.0505796 0.0726190 0.1407649 0.0501274 0.1376946 0.0563248 0.0602311 0.0930430 0.1334283 0.0329189 0.1098003 0.1272239 0.0729387 0.1248800 0.1632068 0.0609871 0.1420322 0.1078703 0.0633366 0.1528878 0.0724943 0.1305717 0.0833504 0.0741606 0.1037326 0.1369625 0.1424657 0.1051330 0.0935887 0.1931078 0.1229481 0.1128288 0.1164692 0.1045284 
S1227      0.1363343 0.1247960 0.0891404 0.0245405 0.0803759 0.1238368 0.1035056 0.1242751 0.0610651 0.2239844 0.0336343 0.1004784 0.0972067 0.1451351 0.1136671 0.0505796 0.0000000 0.0547744 0.1237535 0.0245071 0.1274962 0.0122427 0.0379786 0.0649743 0.1089553 0.0332013 0.0963092 0.1134142 0.0550180 0.0949567 0.1345821 0.0163247 0.1213717 0.0886587 0.0371679 0.1255289 0.0371195 0.1107614 0.0557538 0.0559138 0.0844941 0.1098787 0.1049623 0.0964341 0.0747007 0.2156112 0.0972112 0.0934835 0.0919293 0.0851312 
S1235sl    0.1241540 0.1346958 0.0837176 0.0456186 0.0888731 0.1225640 0.1024733 0.1174894 0.0695752 0.2278943 0.0554339 0.1106286 0.0962599 0.1435357 0.1125155 0.0726190 0.0547744 0.0000000 0.1299394 0.0369594 0.1266636 0.0381409 0.0554282 0.0688455 0.1293558 0.0546896 0.0953809 0.1173693 0.0328113 0.0940551 0.1514055 0.0514897 0.1219601 0.0878405 0.0410503 0.1349633 0.0497455 0.1198252 0.0596549 0.0508443 0.0837138 0.1152524 0.1313789 0.0955030 0.0740272 0.2187416 0.1015143 0.0830949 0.1058715 0.0843391 
S1260      0.1335057 0.0752144 0.1167777 0.0967511 0.1423142 0.1194402 0.1646247 0.1567917 0.1133956 0.2957882 0.1326903 0.1283428 0.1352380 0.1537249 0.1439853 0.1407649 0.1237535 0.1299394 0.0000000 0.1187209 0.0782240 0.0941566 0.1193650 0.1294844 0.1369035 0.1195192 0.1243259 0.1487434 0.1197867 0.1014197 0.1529050 0.1272904 0.1348022 0.1210094 0.1294169 0.1549289 0.1342659 0.1393271 0.1359774 0.0869634 0.1062614 0.1386790 0.1397629 0.1194384 0.0906708 0.2460987 0.1186147 0.1158460 0.1571131 0.1120064 
S1278      0.1240897 0.1129327 0.0787681 0.0160855 0.0746846 0.1120825 0.0922658 0.1124793 0.0558908 0.2079998 0.0247891 0.0905338 0.0765044 0.1323394 0.1021651 0.0501274 0.0245071 0.0369594 0.1187209 0.0000000 0.1157810 0.0250680 0.0290273 0.0464023 0.0975486 0.0329147 0.0854977 0.1069756 0.0457534 0.0747992 0.1294876 0.0250797 0.1164451 0.0783538 0.0284206 0.1135833 0.0369024 0.0996229 0.0463482 0.0464794 0.0742250 0.1050660 0.1106265 0.0856035 0.0647282 0.2128683 0.0862767 0.0830511 0.0811651 0.0747739 
S1315      0.1200201 0.0936199 0.0987836 0.0944520 0.1274588 0.1161979 0.1487642 0.1585674 0.1106102 0.2604464 0.1292670 0.1541269 0.1318125 0.1616607 0.1295581 0.1376946 0.1274962 0.1266636 0.0782240 0.1157810 0.0000000 0.0977670 0.1061453 0.1262319 0.1279698 0.1327261 0.1159611 0.1280756 0.1065097 0.1251411 0.1745347 0.1311112 0.1384860 0.0982416 0.1261691 0.1510401 0.1308887 0.1526644 0.1170230 0.0849212 0.1037175 0.1266898 0.1667456 0.1010641 0.0885570 0.1949172 0.1279358 0.1130529 0.1595208 0.1092911 
S1369      0.1166700 0.1160434 0.0665923 0.0251032 0.0623823 0.0938793 0.0844982 0.0992803 0.0483061 0.1981868 0.0297821 0.0870134 0.0779386 0.1248536 0.0998879 0.0563248 0.0122427 0.0381409 0.0941566 0.0250680 0.0977670 0.0000000 0.0341107 0.0569951 0.0950037 0.0383832 0.0778150 0.0888217 0.0383159 0.0816138 0.1205147 0.0166748 0.0976547 0.0708130 0.0336534 0.1113591 0.0336092 0.0971921 0.0524620 0.0388266 0.0665869 0.0914232 0.0915302 0.0779111 0.0570212 0.2144573 0.0730608 0.0660961 0.0837914 0.0670858 
S1370      0.1196963 0.1374956 0.0902747 0.0290681 0.0855806 0.1204204 0.1049021 0.1198670 0.0711824 0.2105288 0.0291259 0.1183847 0.1035749 0.1472295 0.1152117 0.0602311 0.0379786 0.0554282 0.1193650 0.0290273 0.1061453 0.0341107 0.0000000 0.0704176 0.1050620 0.0467560 0.0975722 0.1201891 0.0459080 0.1011308 0.1494299 0.0389033 0.1299956 0.0897798 0.0419312 0.1274497 0.0461589 0.1173228 0.0565126 0.0565968 0.0855655 0.1179662 0.1290661 0.0875937 0.0756361 0.2189472 0.0971926 0.0946710 0.0981699 0.0862192 
S1375      0.1365214 0.1181645 0.0892718 0.0553976 0.0695327 0.1240095 0.0807413 0.0964284 0.0510507 0.2085158 0.0608047 0.0963992 0.0860415 0.1453357 0.1249071 0.0930430 0.0649743 0.0688455 0.1294844 0.0464023 0.1262319 0.0569951 0.0704176 0.0000000 0.1183105 0.0741386 0.0964508 0.1187439 0.0787068 0.0756457 0.1421099 0.0617951 0.1284234 0.0887878 0.0595347 0.1257054 0.0782191 0.1060604 0.0597364 0.0463686 0.0846195 0.1014617 0.1223572 0.0965759 0.0654441 0.1926161 0.0973550 0.0936178 0.0608911 0.0852583 
S1376      0.1091182 0.1417114 0.0953998 0.0874417 0.1297425 0.1021364 0.1273352 0.1458830 0.0908073 0.2470980 0.1104668 0.1245911 0.1030121 0.1067525 0.0953173 0.1334283 0.1089553 0.1293558 0.1369035 0.0975486 0.1279698 0.0950037 0.1050620 0.1183105 0.0000000 0.1141743 0.0464603 0.0606973 0.1299538 0.1069572 0.1304631 0.1120377 0.0755759 0.0851017 0.0975800 0.0987765 0.1080340 0.1234519 0.1032207 0.0755247 0.0653478 0.1129739 0.1184349 0.0696919 0.0746996 0.1703969 0.0971858 0.0899624 0.1401025 0.0851204 
S1381      0.1417389 0.1301135 0.0939988 0.0329611 0.0802183 0.1291114 0.1086846 0.1239480 0.0655543 0.2299287 0.0423542 0.1168735 0.1022811 0.1388222 0.1188981 0.0329189 0.0332013 0.0546896 0.1195192 0.0329147 0.1327261 0.0383832 0.0467560 0.0741386 0.1141743 0.0000000 0.1013323 0.1186290 0.0549324 0.0999019 0.1409627 0.0428673 0.1335120 0.0934874 0.0371193 0.1308788 0.0458183 0.1101066 0.0556654 0.0558248 0.0893307 0.1215526 0.1214324 0.1014656 0.0794517 0.2012966 0.1022872 0.0983432 0.0962017 0.0900069 
S1422      0.0669537 0.1290633 0.0602970 0.0804499 0.1072324 0.0612172 0.1060449 0.1307157 0.0814930 0.2299686 0.0975963 0.0860725 0.0767403 0.0916290 0.0749513 0.1098003 0.0963092 0.0953809 0.1243259 0.0854977 0.1159611 0.0778150 0.0975722 0.0964508 0.0464603 0.1013323 0.0000000 0.0285765 0.1062323 0.0704532 0.0913166 0.0936065 0.0331462 0.0509836 0.0755989 0.0669760 0.1055442 0.0853651 0.0971120 0.0616015 0.0330899 0.0662245 0.0806524 0.0458833 0.0330899 0.1724358 0.0568224 0.0465321 0.1163323 0.0421302 
S1449      0.0977642 0.1481059 0.0847682 0.0967798 0.1123337 0.0810307 0.1245814 0.1437053 0.1080499 0.2550888 0.1202277 0.1233352 0.1134617 0.1034652 0.0858936 0.1272239 0.1134142 0.1173693 0.1487434 0.1069756 0.1280756 0.0888217 0.1201891 0.1187439 0.0606973 0.1186290 0.0285765 0.0000000 0.1289420 0.1059177 0.1240627 0.1162863 0.0557530 0.0747931 0.0964985 0.0978070 0.1280865 0.1222210 0.1195916 0.0866938 0.0556471 0.1016390 0.1123096 0.0599205 0.0647607 0.1875688 0.0914578 0.0795287 0.1406575 0.0748086 
S1460      0.1360385 0.1353179 0.0843724 0.0458208 0.0895749 0.1342726 0.1137398 0.1184690 0.0701126 0.2435868 0.0459113 0.1324048 0.1175831 0.1562146 0.1134524 0.0729387 0.0550180 0.0328113 0.1197867 0.0457534 0.1065097 0.0383159 0.0459080 0.0787068 0.1299538 0.0549324 0.1062323 0.1289420 0.0000000 0.0948033 0.1640011 0.0563704 0.1229747 0.0885240 0.0500330 0.1471299 0.0499646 0.1312014 0.0601055 0.0512261 0.0940470 0.1161944 0.1324702 0.1063740 0.0652586 0.2207829 0.1126421 0.0933364 0.1067369 0.0850034 
S1462      0.0855483 0.1120444 0.0827976 0.0844710 0.1019192 0.0755233 0.1257518 0.1358977 0.0708211 0.2273133 0.0962061 0.0465237 0.0467679 0.1201170 0.1013756 0.1248800 0.0949567 0.0940551 0.1014197 0.0747992 0.1251411 0.0816138 0.1011308 0.0756457 0.1069572 0.0999019 0.0704532 0.1059177 0.0948033 0.0000000 0.0965601 0.0922658 0.1002128 0.0730862 0.0840724 0.0759021 0.1040555 0.0550518 0.0908468 0.0607870 0.0598583 0.0893874 0.0701993 0.0800488 0.0332394 0.2130089 0.0606110 0.0684975 0.1145870 0.0512337 
S1539      0.0970450 0.1788419 0.1282438 0.1238156 0.1622938 0.1072658 0.1668678 0.2001922 0.1326977 0.2737499 0.1439705 0.0860115 0.1027638 0.1306537 0.1064564 0.1632068 0.1345821 0.1514055 0.1529050 0.1294876 0.1745347 0.1205147 0.1494299 0.1421099 0.1304631 0.1409627 0.0913166 0.1240627 0.1640011 0.0965601 0.0000000 0.1203387 0.1177984 0.1120738 0.1184157 0.0971953 0.1354874 0.0657376 0.1367606 0.1202810 0.0857576 0.1239489 0.0288741 0.1117006 0.0854681 0.2220557 0.0869217 0.1069220 0.1397921 0.0861206 
S_670      0.1344054 0.1395685 0.0863684 0.0251149 0.0771215 0.1216575 0.1008881 0.1090226 0.0577838 0.2087564 0.0295978 0.0978788 0.0879763 0.1373060 0.1057411 0.0609871 0.0163247 0.0514897 0.1272904 0.0250797 0.1311112 0.0166748 0.0389033 0.0617951 0.1120377 0.0428673 0.0936065 0.1162863 0.0563704 0.0922658 0.1203387 0.0000000 0.1191838 0.0811871 0.0336249 0.1111872 0.0426209 0.1034109 0.0524272 0.0525809 0.0816297 0.1016411 0.1131966 0.0937296 0.0716719 0.2288184 0.0945005 0.0860726 0.0891219 0.0822578 
SRR8528336 0.1042662 0.1581664 0.0740576 0.1061561 0.1287634 0.0973832 0.1401083 0.1656333 0.1124937 0.2601962 0.1300407 0.1106763 0.1019440 0.1200459 0.0968154 0.1420322 0.1213717 0.1219601 0.1348022 0.1164451 0.1384860 0.0976547 0.1299956 0.1284234 0.0755759 0.1335120 0.0331462 0.0557530 0.1229747 0.1002128 0.1177984 0.1191838 0.0000000 0.0743677 0.1058440 0.1043148 0.1377497 0.1162383 0.1348425 0.0910600 0.0508247 0.0800764 0.0996897 0.0745780 0.0598067 0.1914660 0.0859322 0.0745194 0.1390061 0.0696571 
SRR8528341 0.0805878 0.1256184 0.0242734 0.0784839 0.0953222 0.0701561 0.1079171 0.1282627 0.0744429 0.2202795 0.0897992 0.0883701 0.0792759 0.1025439 0.0755326 0.1078703 0.0886587 0.0878405 0.1210094 0.0783538 0.0982416 0.0708130 0.0897798 0.0887878 0.0851017 0.0934874 0.0509836 0.0747931 0.0885240 0.0730862 0.1120738 0.0811871 0.0743677 0.0000000 0.0781260 0.0759694 0.0879712 0.0782395 0.0846036 0.0553909 0.0369373 0.0375681 0.1042319 0.0558178 0.0456518 0.1849122 0.0701585 0.0200499 0.1179120 0.0549482 
SRR8528343 0.1027959 0.1341529 0.0785376 0.0284596 0.0696379 0.1117110 0.0919732 0.1067312 0.0511227 0.2068063 0.0376030 0.0802457 0.0860091 0.1318633 0.1018336 0.0633366 0.0371679 0.0410503 0.1294169 0.0284206 0.1261691 0.0336534 0.0419312 0.0595347 0.0975800 0.0371193 0.0755989 0.0964985 0.0500330 0.0840724 0.1184157 0.0336249 0.1058440 0.0781260 0.0000000 0.1028426 0.0411024 0.0993096 0.0417599 0.0418772 0.0740101 0.1047295 0.1002033 0.0853419 0.0645465 0.2052817 0.0860106 0.0828066 0.0759199 0.0745546 
SRR8528347 0.0512880 0.1597997 0.0807871 0.1071932 0.1450521 0.0461007 0.1608574 0.1782212 0.1095479 0.2623698 0.1273130 0.0811654 0.0816073 0.1343056 0.1143134 0.1528878 0.1255289 0.1349633 0.1549289 0.1135833 0.1510401 0.1113591 0.1274497 0.1257054 0.0987765 0.1308788 0.0669760 0.0978070 0.1471299 0.0759021 0.0971953 0.1111872 0.1043148 0.0759694 0.1028426 0.0000000 0.1300806 0.0758641 0.1145574 0.0979800 0.0668901 0.0875324 0.0972050 0.0763040 0.0763739 0.2218995 0.0875933 0.0711835 0.1602250 0.0870785 
SRR8528350 0.1397231 0.1452776 0.0981143 0.0369548 0.0791560 0.1333796 0.1129850 0.1172518 0.0696745 0.2082262 0.0464284 0.1210918 0.1065306 0.1551295 0.1231848 0.0724943 0.0371195 0.0497455 0.1342659 0.0369024 0.1308887 0.0336092 0.0461589 0.0782191 0.1080340 0.0458183 0.1055442 0.1280865 0.0499646 0.1040555 0.1354874 0.0426209 0.1377497 0.0879712 0.0411024 0.1300806 0.0000000 0.1098485 0.0507684 0.0599070 0.0838380 0.1257497 0.1207088 0.1056839 0.0835627 0.2386021 0.1065382 0.0927524 0.1060417 0.0941602 
SRR8528354 0.0907889 0.1394730 0.0977568 0.0998024 0.1288736 0.0847414 0.1380609 0.1597325 0.0956827 0.2361480 0.1122566 0.0598393 0.0601531 0.1311712 0.1068714 0.1305717 0.1107614 0.1198252 0.1393271 0.0996229 0.1526644 0.0971921 0.1173228 0.1060604 0.1234519 0.1101066 0.0853651 0.1222210 0.1312014 0.0550518 0.0657376 0.1034109 0.1162383 0.0782395 0.0993096 0.0758641 0.1098485 0.0000000 0.1112856 0.0848856 0.0741180 0.1048894 0.0550681 0.0952971 0.0646395 0.2098178 0.0656702 0.0735791 0.1241379 0.0651094 
SRR8528357 0.1192653 0.1407619 0.0850641 0.0464175 0.0698807 0.1130318 0.0971603 0.0969525 0.0512955 0.2147381 0.0564389 0.1179939 0.1017235 0.1464398 0.1088758 0.0833504 0.0557538 0.0596549 0.1359774 0.0463482 0.1170230 0.0524620 0.0565126 0.0597364 0.1032207 0.0556654 0.0971120 0.1195916 0.0601055 0.0908468 0.1367606 0.0524272 0.1348425 0.0846036 0.0417599 0.1145574 0.0507684 0.1112856 0.0000000 0.0465877 0.0901197 0.1122881 0.1227697 0.0923939 0.0706143 0.1874161 0.1032454 0.0894351 0.0859232 0.0855353 
SRR8528359 0.0979369 0.0915561 0.0556714 0.0465490 0.0560688 0.0867170 0.0774323 0.0653323 0.0201826 0.2003602 0.0566030 0.0855839 0.0661071 0.0987139 0.0813358 0.0741606 0.0559138 0.0508443 0.0869634 0.0464794 0.0849212 0.0388266 0.0565968 0.0463686 0.0755247 0.0558248 0.0616015 0.0866938 0.0512261 0.0607870 0.1202810 0.0525809 0.0910600 0.0553909 0.0418772 0.0979800 0.0599070 0.0848856 0.0465877 0.0000000 0.0512695 0.0804075 0.1017121 0.0616715 0.0334952 0.1645903 0.0670226 0.0599015 0.0714216 0.0516391 
SRR8528361 0.0668680 0.1108670 0.0457422 0.0649179 0.1010809 0.0519453 0.1035867 0.1239852 0.0702764 0.1856514 0.0855830 0.0747028 0.0656903 0.0814886 0.0653784 0.1037326 0.0844941 0.0837138 0.1062614 0.0742250 0.1037175 0.0665869 0.0855655 0.0846195 0.0653478 0.0893307 0.0330899 0.0556471 0.0940470 0.0598583 0.0857576 0.0816297 0.0508247 0.0369373 0.0740101 0.0668901 0.0838380 0.0741180 0.0901197 0.0512695 0.0000000 0.0510928 0.0789387 0.0376106 0.0241446 0.1706432 0.0466934 0.0326949 0.1136069 0.0327719 
SRR8528365 0.0979273 0.1510236 0.0376434 0.1052589 0.1189225 0.0867027 0.1325975 0.1548562 0.1011230 0.2567289 0.1180026 0.0943844 0.0962671 0.1272179 0.0977011 0.1369625 0.1098787 0.1152524 0.1386790 0.1050660 0.1266898 0.0914232 0.1179662 0.1014617 0.1129739 0.1215526 0.0662245 0.1016390 0.1161944 0.0893874 0.1239489 0.1016411 0.0800764 0.0375681 0.1047295 0.0875324 0.1257497 0.1048894 0.1122881 0.0804075 0.0510928 0.0000000 0.1106992 0.0762880 0.0603081 0.2169091 0.0867012 0.0419195 0.1431908 0.0702549 
SRR8528370 0.0978253 0.1646662 0.1149173 0.1052966 0.1410447 0.0960824 0.1448187 0.1759736 0.1132490 0.2639222 0.1238752 0.0697608 0.0853810 0.1306839 0.1064707 0.1424657 0.1049623 0.1313789 0.1397629 0.1106265 0.1667456 0.0915302 0.1290661 0.1223572 0.1184349 0.1214324 0.0806524 0.1123096 0.1324702 0.0701993 0.0288741 0.1131966 0.0996897 0.1042319 0.1002033 0.0972050 0.1207088 0.0550681 0.1227697 0.1017121 0.0789387 0.1106992 0.0000000 0.1004590 0.0601570 0.2034227 0.0704636 0.0992684 0.1197243 0.0605930 
SRR8528372 0.0810574 0.1241842 0.0607292 0.0758975 0.1024714 0.0655937 0.1169503 0.1257659 0.0815934 0.2040457 0.0977250 0.0961063 0.0866502 0.0818221 0.0563777 0.1051330 0.0964341 0.0955030 0.1194384 0.0856035 0.1010641 0.0779111 0.0875937 0.0965759 0.0696919 0.1014656 0.0458833 0.0599205 0.1063740 0.0800488 0.1117006 0.0937296 0.0745780 0.0558178 0.0853419 0.0763040 0.1056839 0.0952971 0.0923939 0.0616715 0.0376106 0.0762880 0.1004590 0.0000000 0.0417582 0.1556984 0.0662244 0.0603672 0.1273989 0.0510470 
SRR8528379 0.0763463 0.0952134 0.0546713 0.0600184 0.0809719 0.0610514 0.0929795 0.1026791 0.0516391 0.1971987 0.0756492 0.0651359 0.0562587 0.0812144 0.0651719 0.0935887 0.0747007 0.0740272 0.0906708 0.0647282 0.0885570 0.0570212 0.0756361 0.0654441 0.0746996 0.0794517 0.0330899 0.0647607 0.0652586 0.0332394 0.0854681 0.0716719 0.0598067 0.0456518 0.0645465 0.0763739 0.0835627 0.0646395 0.0706143 0.0334952 0.0241446 0.0603081 0.0601570 0.0417582 0.0000000 0.1585419 0.0377644 0.0413265 0.0926297 0.0160692 
SRR8528381 0.1975612 0.2523713 0.1982602 0.2003017 0.1937482 0.2109224 0.2379033 0.2150888 0.1830915 0.2983079 0.2321516 0.2337419 0.1991905 0.1967242 0.1814188 0.1931078 0.2156112 0.2187416 0.2460987 0.2128683 0.1949172 0.2144573 0.2189472 0.1926161 0.1703969 0.2012966 0.1724358 0.1875688 0.2207829 0.2130089 0.2220557 0.2288184 0.1914660 0.1849122 0.2052817 0.2218995 0.2386021 0.2098178 0.1874161 0.1645903 0.1706432 0.2169091 0.2034227 0.1556984 0.1585419 0.0000000 0.1932775 0.1908863 0.2254978 0.1713916 
SRR8528384 0.0927871 0.1183186 0.0800396 0.0811752 0.1149616 0.0818393 0.1237446 0.1454199 0.0822377 0.1988079 0.0985240 0.0756820 0.0665417 0.1102861 0.0921024 0.1229481 0.0972112 0.1015143 0.1186147 0.0862767 0.1279358 0.0730608 0.0971926 0.0973550 0.0971858 0.1022872 0.0568224 0.0914578 0.1126421 0.0606110 0.0869217 0.0945005 0.0859322 0.0701585 0.0860106 0.0875933 0.1065382 0.0656702 0.1032454 0.0670226 0.0466934 0.0867012 0.0704636 0.0662244 0.0377644 0.1932775 0.0000000 0.0654853 0.1285097 0.0426537 
SRR8528389 0.0757759 0.1308174 0.0326992 0.0831910 0.1002922 0.0654821 0.1131083 0.1335850 0.0791526 0.2268198 0.0946929 0.0835909 0.0745471 0.1076852 0.0900356 0.1128288 0.0934835 0.0830949 0.1158460 0.0830511 0.1130529 0.0660961 0.0946710 0.0936178 0.0899624 0.0983432 0.0465321 0.0795287 0.0933364 0.0684975 0.1069220 0.0860726 0.0745194 0.0200499 0.0828066 0.0711835 0.0927524 0.0735791 0.0894351 0.0599015 0.0326949 0.0419195 0.0992684 0.0603672 0.0413265 0.1908863 0.0654853 0.0000000 0.1231674 0.0505053 
SRR8528391 0.1601170 0.1602960 0.1134454 0.0813060 0.0764769 0.1579144 0.0611289 0.1308918 0.0766359 0.2547618 0.0931602 0.1132836 0.1152404 0.1752959 0.1591680 0.1164692 0.0919293 0.1058715 0.1571131 0.0811651 0.1595208 0.0837914 0.0981699 0.0608911 0.1401025 0.0962017 0.1163323 0.1406575 0.1067369 0.1145870 0.1397921 0.0891219 0.1390061 0.1179120 0.0759199 0.1602250 0.1060417 0.1241379 0.0859232 0.0714216 0.1136069 0.1431908 0.1197243 0.1273989 0.0926297 0.2254978 0.1285097 0.1231674 0.0000000 0.1145247 
SRR8528400 0.0769269 0.1063849 0.0642608 0.0699083 0.1018709 0.0711421 0.1044179 0.1249938 0.0707983 0.2126726 0.0862372 0.0752596 0.0661766 0.0920748 0.0656513 0.1045284 0.0851312 0.0843391 0.1120064 0.0747739 0.1092911 0.0670858 0.0862192 0.0852583 0.0851204 0.0900069 0.0421302 0.0748086 0.0850034 0.0512337 0.0861206 0.0822578 0.0696571 0.0549482 0.0745546 0.0870785 0.0941602 0.0651094 0.0855353 0.0516391 0.0327719 0.0702549 0.0605930 0.0510470 0.0160692 0.1713916 0.0426537 0.0505053 0.1145247 0.0000000 
