130
PAFTOL_019361 0.0000000 0.1834969 0.1918362 0.2224547 0.2015493 0.2040823 0.1544995 0.2079342 0.2266512 0.1872792 0.2126516 0.2130550 0.2116563 0.2126710 0.2054828 0.2049339 0.2176450 0.2339925 0.1818399 0.1922490 0.2149813 0.2070105 0.2050865 0.1944960 0.1830629 0.1938080 0.2796023 0.2202316 0.2241949 0.2105540 0.2170456 0.2104252 0.2147544 0.1849121 0.1979126 0.2128524 0.1882703 0.2169733 0.2287721 0.1966204 0.2219981 0.1937873 0.2424769 0.1819894 0.2174637 0.1873092 0.1979686 0.2009881 0.1892590 0.1913105 0.1876327 0.2021226 0.2271481 0.1946448 0.2215475 0.1916974 0.2129332 0.2068748 0.1981617 0.2175123 0.2114813 0.2365029 0.2044419 0.2073337 0.2198843 0.1744377 0.2377878 0.1999477 0.1820860 0.2133968 0.2435872 0.2519310 0.2428611 0.1836509 0.2337295 0.2731734 0.2466762 0.1922644 0.1956388 0.1980276 0.2169843 0.2344448 0.1874554 0.2291911 0.1970840 0.2274069 0.2122640 0.2113050 0.2199007 0.2033767 0.2968819 0.2118690 0.2123765 0.2115011 0.1965243 0.1962597 0.2146288 0.1872614 0.2127786 0.1873579 0.1788968 0.2226379 0.1580145 0.2138358 0.1971308 0.2067496 0.2149439 0.2186298 0.2026194 0.2338241 0.2007740 0.2128527 0.1855567 0.2007986 0.2045561 0.2083192 0.2173222 0.1898690 0.1988751 0.1928009 0.1921774 0.2118555 0.2084156 0.2381219 0.2138857 0.2182623 0.1834360 0.2025594 0.1886806 0.1973838 
S0055         0.1834969 0.0000000 0.0733151 0.0819770 0.0352170 0.0719438 0.0406164 0.0383067 0.0687045 0.0789926 0.0905966 0.0780490 0.0755302 0.1010965 0.0720732 0.0645006 0.0777813 0.1059274 0.0588980 0.0350529 0.0417075 0.0763091 0.0354904 0.0699309 0.0641597 0.0556261 0.1206161 0.0979907 0.0883375 0.0754766 0.0581267 0.0892619 0.0868711 0.0294547 0.0324175 0.0828867 0.0588704 0.0747358 0.0589333 0.0321940 0.0610857 0.0751868 0.1464732 0.0361075 0.1020046 0.0754309 0.0237794 0.0663682 0.0672297 0.0350020 0.0667265 0.0704763 0.0971995 0.0622252 0.0825201 0.0952640 0.0684491 0.0664642 0.0537206 0.0844113 0.0721845 0.0749951 0.0647454 0.0678791 0.0534317 0.0752171 0.1476328 0.0902149 0.0718374 0.0873024 0.0909875 0.0875598 0.1466685 0.0636550 0.1390297 0.1403114 0.0808887 0.0668094 0.0837469 0.0398809 0.0513334 0.1394123 0.0270950 0.0441234 0.0697948 0.0826060 0.0682681 0.0679944 0.1011081 0.0756768 0.1654404 0.0864655 0.0931852 0.1354724 0.0322560 0.0984483 0.0742749 0.0617955 0.0472234 0.0417781 0.0253613 0.0672710 0.0135459 0.0899548 0.0572191 0.0667881 0.0779269 0.0445724 0.0637989 0.0793137 0.0681981 0.0718257 0.0274321 0.0667186 0.0614711 0.0465935 0.0683014 0.0301860 0.0828931 0.0351514 0.0451079 0.0741281 0.0703143 0.0716711 0.0668071 0.0698161 0.0534908 0.0613815 0.0476128 0.0626528 
S0196sl       0.1918362 0.0733151 0.0000000 0.0972934 0.1050757 0.0724760 0.0113446 0.1053392 0.1142549 0.0980317 0.1164656 0.0762949 0.0733892 0.1239883 0.0683128 0.0724336 0.0916413 0.1346876 0.1150409 0.0940659 0.1180302 0.0640349 0.0950760 0.0607722 0.0075499 0.1036156 0.0937354 0.1288144 0.1124294 0.0915986 0.1028167 0.0508305 0.0789513 0.0904516 0.0999759 0.0839690 0.0545187 0.0875566 0.1083906 0.0996502 0.0572387 0.0819519 0.1788582 0.0809886 0.1184838 0.0828867 0.0855173 0.0775225 0.0153130 0.0990609 0.0037407 0.0075259 0.0810152 0.0541002 0.0791409 0.0865497 0.0825446 0.0857595 0.0624489 0.0743156 0.0822139 0.0760637 0.0803587 0.0664590 0.1052950 0.0745507 0.2127708 0.0789651 0.0668118 0.0790416 0.0936790 0.0937357 0.1678683 0.0037407 0.1792191 0.1260604 0.0913056 0.0853562 0.0831761 0.0916967 0.0617835 0.1792191 0.0913713 0.0958829 0.0646648 0.0836697 0.0822268 0.0771496 0.1062269 0.0740359 0.1529280 0.0532997 0.1100612 0.1304970 0.1043285 0.0907594 0.0718653 0.0541683 0.1399611 0.1110552 0.0785814 0.0618859 0.0593922 0.0829207 0.0567325 0.0571792 0.0887887 0.1017568 0.0113522 0.0591964 0.1089112 0.0932791 0.0922556 0.0675146 0.0725506 0.0961403 0.0781114 0.0990026 0.0793547 0.1055952 0.0913561 0.0864520 0.0814169 0.1000753 0.0764647 0.0763975 0.0477127 0.0668641 0.0957194 0.0613595 
S0278         0.2224547 0.0819770 0.0972934 0.0000000 0.0966499 0.0435622 0.0556685 0.0907431 0.1106543 0.0495604 0.1108426 0.0875789 0.0465523 0.1122951 0.0463162 0.1043384 0.1046965 0.1264924 0.0761165 0.0895801 0.1055806 0.0530037 0.0688088 0.0415915 0.0822658 0.0860574 0.0755526 0.1225265 0.0737475 0.1164532 0.0931683 0.0884300 0.0525756 0.0969039 0.0934558 0.0554768 0.0379818 0.0678832 0.0723260 0.0929494 0.1017204 0.0886098 0.1596668 0.0684783 0.1202390 0.0830255 0.0865127 0.0997484 0.0857636 0.0960397 0.0847526 0.0953006 0.1295651 0.0903861 0.0526109 0.0872491 0.0624062 0.0410623 0.0792296 0.0872386 0.0970880 0.1050743 0.0935570 0.1002018 0.0938379 0.1025384 0.1647831 0.0960956 0.0868840 0.1005151 0.1127723 0.1171279 0.1598817 0.0816117 0.1560476 0.1255129 0.1163453 0.1034525 0.0976922 0.0852394 0.0856768 0.1564801 0.0881346 0.1162308 0.0628695 0.0520845 0.0622490 0.0620096 0.1182154 0.0408733 0.1255376 0.1049536 0.1101234 0.1303163 0.0929102 0.0900241 0.1046721 0.0686999 0.1210414 0.0826186 0.0933391 0.0797046 0.0702807 0.0786699 0.0851456 0.0887940 0.0522453 0.1024341 0.0916251 0.0520555 0.0963888 0.0714353 0.0850208 0.0814444 0.1079710 0.1043256 0.0533032 0.0830696 0.0497462 0.0965517 0.0884119 0.1004240 0.1075913 0.0847652 0.0966087 0.0870747 0.0919880 0.1078570 0.0814176 0.0954791 
S0282         0.2015493 0.0352170 0.1050757 0.0966499 0.0000000 0.0930627 0.0609748 0.0129773 0.0433644 0.0903589 0.1089500 0.1022227 0.0937442 0.1207501 0.0864080 0.0948855 0.1064489 0.1246881 0.0643389 0.0102385 0.0158208 0.0982425 0.0595176 0.0855946 0.0911901 0.0761457 0.1412467 0.1165020 0.1098209 0.0995325 0.0690262 0.1113212 0.1087206 0.0290531 0.0129022 0.1013573 0.0799032 0.0928811 0.0733035 0.0076592 0.0943744 0.0936771 0.1675425 0.0496495 0.1241041 0.0964542 0.0208108 0.0874554 0.0943404 0.0102245 0.0936297 0.1043484 0.1152959 0.1028765 0.1009287 0.1100923 0.0894174 0.0813074 0.0802348 0.1063790 0.0961625 0.0959855 0.0882090 0.0914066 0.0295714 0.1076809 0.1768628 0.0942867 0.0842799 0.1019400 0.1132726 0.1093204 0.1677705 0.0904634 0.1677736 0.1532182 0.0987809 0.0941005 0.0876602 0.0537287 0.0807732 0.1682434 0.0051822 0.0464373 0.0873464 0.0942710 0.0891810 0.0888265 0.1196057 0.0939263 0.1973035 0.1042461 0.1150727 0.1578185 0.0128422 0.1132894 0.0983282 0.0857270 0.0285383 0.0419770 0.0395487 0.0878604 0.0301012 0.1046177 0.0804894 0.0904204 0.0926194 0.0469042 0.0850700 0.1094621 0.1019250 0.0899801 0.0052159 0.0943446 0.0983524 0.0375173 0.0930391 0.0384046 0.0943397 0.0320894 0.0558919 0.1024848 0.0942185 0.1076361 0.0841822 0.0907873 0.0825842 0.0982434 0.0583792 0.0831448 
S0289         0.2040823 0.0719438 0.0724760 0.0435622 0.0930627 0.0000000 0.0344140 0.0930863 0.1219185 0.0378198 0.0999146 0.0883848 0.0237962 0.1080875 0.0291328 0.0829732 0.1012807 0.1150368 0.0740347 0.0926291 0.1018392 0.0293790 0.0585255 0.0186530 0.0563752 0.0786739 0.0413101 0.1112200 0.0583668 0.0905526 0.0820729 0.0673061 0.0293910 0.0836574 0.0898908 0.0411565 0.0210974 0.0556252 0.0656122 0.0894076 0.0778262 0.0784557 0.1536916 0.0556977 0.1158956 0.0830353 0.0765886 0.0716779 0.0588254 0.0924766 0.0588996 0.0685646 0.0999272 0.0703361 0.0349895 0.0741620 0.0467181 0.0300144 0.0631609 0.0839674 0.0828031 0.0738154 0.0762233 0.0696755 0.1083097 0.0882860 0.1624983 0.0697991 0.0800049 0.0942914 0.0895804 0.0862124 0.1538944 0.0559472 0.1539024 0.1081082 0.0904684 0.0887541 0.0874076 0.0716800 0.0689493 0.1543233 0.0845760 0.1086026 0.0529533 0.0350666 0.0466034 0.0464283 0.1070749 0.0293292 0.0879907 0.0833497 0.0992895 0.1392024 0.0893706 0.0739754 0.0897716 0.0441942 0.1288824 0.0818513 0.0759122 0.0662360 0.0573485 0.0471830 0.0562093 0.0594992 0.0408103 0.1018700 0.0622478 0.0216634 0.0823489 0.0530271 0.0782516 0.0715013 0.0863814 0.1006361 0.0328817 0.0773383 0.0355774 0.0929693 0.0718222 0.0903892 0.0860653 0.0749421 0.0695098 0.0689622 0.0717073 0.0862758 0.0742515 0.0749711 
S0292         0.1544995 0.0406164 0.0113446 0.0556685 0.0609748 0.0344140 0.0000000 0.0675427 0.1174702 0.0454964 0.0681283 0.0552710 0.0457247 0.0739143 0.0452964 0.0448179 0.0627221 0.0805223 1.2594342 0.0726319 0.0817969 0.0516064 0.0368609 0.0506865 0.0291237 0.0500868 0.1229381 0.0738039 0.0613185 0.0449277 0.0798234 0.0636629 0.0458010 0.0448576 0.0674260 0.0502883 0.0347326 0.0615051 0.0391428 0.0668155 0.0498434 0.0419035 0.1459709 0.0448414 0.0808391 0.0449678 0.0502039 0.0249725 0.0338193 0.0666510 0.0388380 0.0551922 0.0606148 0.0450653 0.0511152 0.0499523 0.0449253 0.0349871 0.0391094 0.0626347 0.0343235 0.0345871 0.0393069 0.0341438 0.0865437 0.0434797 0.1384848 0.0446936 0.0525730 0.0630262 0.0473706 0.0471453 0.1601532 0.0338193 0.1459709 3.0904021 0.0506696 0.0497747 0.0410726 0.0555095 0.0238647 0.1466860 0.0631427 0.0857904 0.0289336 0.0563238 0.0449253 0.0501590 0.0740576 0.0398233 4.7218718 0.0746407 0.0793410 4.1605063 0.0556249 0.0553668 0.0618212 0.0092563 8.1982953 5.3322104 0.0577990 0.0294251 0.0447015 0.0737820 0.0189503 0.0289855 0.0454804 0.0795128 0.0499636 0.0578892 0.0485469 0.0448003 0.0585467 0.0201096 0.0502437 0.0789836 0.0519987 0.0451577 0.0519430 0.0606434 0.0504267 0.0622809 0.0557954 0.0620382 0.0187888 0.0388471 0.0446757 0.0620175 0.0342321 0.0337481 
S0293         0.2079342 0.0383067 0.1053392 0.0907431 0.0129773 0.0930863 0.0675427 0.0000000 0.0465413 0.0911055 0.1171466 0.1064466 0.0978855 0.1293184 0.0904018 0.0989666 0.1039066 0.1333911 0.0566811 0.0129170 0.0186351 0.1025004 0.0631904 0.0893296 0.0951950 0.0799501 0.1336057 0.1249210 0.1142008 0.1037457 0.0726856 0.1113678 0.1131609 0.0320037 0.0155918 0.1056512 0.0837939 0.0969720 0.0770820 0.0103067 0.0984255 0.1016340 0.1731558 0.0529475 0.1327536 0.0938740 0.0236353 0.0949991 0.0943649 0.0128992 0.0976415 0.1085663 0.1197311 0.1032143 0.1052035 0.1144788 0.0931977 0.0818949 0.0840093 0.1037643 0.1003203 0.0998631 0.0921795 0.0954271 0.0325804 0.1122058 0.1826927 0.0984581 0.0954232 0.1136379 0.1133213 0.1093638 0.1733959 0.0944269 0.1733965 0.1527958 0.1029529 0.0981406 0.0996326 0.0571536 0.0845803 0.1738895 0.0078461 0.0496713 0.0913941 0.0984382 0.0931977 0.0928234 0.1280822 0.0980780 0.1796599 0.1114876 0.1195957 0.1663766 0.0155547 0.1177255 0.0957856 0.0896852 0.0284287 0.0418159 0.0428174 0.0918060 0.0331693 0.1089721 0.0842803 0.0943809 0.0966965 0.0501747 0.0925093 0.1147095 0.1065501 0.0940385 0.0078976 0.0917269 0.1024957 0.0405965 0.0971440 0.0415663 0.0951311 0.0351068 0.0593023 0.1067219 0.0982699 0.1120204 0.0880537 0.0905716 0.0863646 0.1023846 0.0680375 0.0869561 
S0294         0.2266512 0.0687045 0.1142549 0.1106543 0.0433644 0.1219185 0.1174702 0.0465413 0.0000000 0.0978037 0.1356499 0.1170570 0.1146386 0.1484035 0.1068303 0.1198168 0.1400541 0.1526961 0.0562746 0.0431650 0.0500686 0.1227996 0.0729548 0.1136509 0.1194416 0.0966157 0.1397390 0.1437633 0.1325790 0.1365017 0.0761444 0.1386779 0.1305344 0.0581434 0.0462613 0.1227244 0.1000416 0.1213255 0.1007335 0.0403607 0.1228070 0.1199264 0.1754182 0.0745342 0.1481730 0.1331759 0.0462471 0.1200136 0.1227738 0.0431021 0.1218164 0.1260848 0.1454624 0.1214099 0.1148523 0.1325051 0.1179257 0.1017985 0.1005458 0.1178825 0.1290963 0.1250458 0.1163559 0.1197651 0.0405623 0.1300083 0.1849163 0.1117945 0.1099551 0.1281738 0.1401114 0.1312471 0.1756600 0.1184483 0.1756596 0.1503289 0.1278769 0.1188111 0.1289488 0.0860791 0.1080724 0.1761555 0.0353896 0.0712798 0.1160800 0.1073333 0.1176018 0.1171216 0.1469879 0.1148664 0.1656032 0.1380781 0.1380195 0.1380635 0.0460258 0.1358530 0.1235178 0.1102612 0.0459579 0.0474001 0.0649486 0.1050561 0.0602145 0.1161169 0.1041767 0.1112077 0.1132302 0.0751267 0.1466714 0.1246820 0.1300778 0.1215456 0.0385326 0.1125760 0.1235280 0.0644892 0.1137778 0.0724956 0.1153593 0.0649517 0.0813604 0.1280658 0.1189989 0.1452010 0.1084305 0.1118955 0.1062621 0.1234143 0.0904076 0.1035640 
S0299         0.1872792 0.0789926 0.0980317 0.0495604 0.0903589 0.0378198 0.0454964 0.0911055 0.0978037 0.0000000 0.0945302 0.0859496 0.0348530 0.1026543 0.0437697 0.0946837 0.1108427 0.1095969 0.0622857 0.0899349 0.0990861 0.0441427 0.0625428 0.0389776 0.0761228 0.0799396 0.0611199 0.1064797 0.0746995 0.1134133 0.0732840 0.0828443 0.0377682 0.0806229 0.0871803 0.0471173 0.0295130 0.0627178 0.0731331 0.0867124 0.0954011 0.0765721 0.1554658 0.0562389 0.1059034 0.1013047 0.0738900 0.0971661 0.0798849 0.0897866 0.0786345 0.0890327 0.1149962 0.0879325 0.0438189 0.0818790 0.0596995 0.0355329 0.0730499 0.0779893 0.1049012 0.0985277 0.1046697 0.0937874 0.0942690 0.1030600 0.1610867 0.0872594 0.0846357 0.0917262 0.1055685 0.1020137 0.1556735 0.0755203 0.1524194 0.1335102 0.1022195 0.1006152 0.0924664 0.0728198 0.0861826 0.1528405 0.0781504 0.1028122 0.0663179 0.0435574 0.0595490 0.0593192 0.1095671 0.0379813 0.1145181 0.0921566 0.1015782 0.1339661 0.0866753 0.0945945 0.0987838 0.0595817 0.1054844 0.0681715 0.0733331 0.0759417 0.0581042 0.0662166 0.0757006 0.0792511 0.0525612 0.0960958 0.0807604 0.0451988 0.1020203 0.0691662 0.0718420 0.0783578 0.0982486 0.0979121 0.0410238 0.0746150 0.0409981 0.0903927 0.0729660 0.0994654 0.0978935 0.0852217 0.0832033 0.0800153 0.0860844 0.0981365 0.0685418 0.0819113 
S0303         0.2126516 0.0905966 0.1164656 0.1108426 0.1089500 0.0999146 0.0681283 0.1171466 0.1356499 0.0945302 0.0000000 0.0638627 0.0940827 0.0155167 0.0967638 0.1058216 0.1061888 0.0102515 0.1100155 0.1120967 0.1185924 0.1018749 0.0803847 0.0966326 0.0907365 0.0920852 0.1537592 0.0237486 0.1113793 0.1008877 0.0941252 0.0783662 0.1015300 0.0952370 0.1093189 0.1051549 0.0914835 0.0825484 0.0864897 0.1017923 0.0897475 0.0052695 0.1806393 0.0863913 0.0210261 0.1062144 0.0951312 0.0752229 0.0939717 0.1119030 0.0932447 0.1008652 0.1268970 0.0925566 0.1090268 0.0624755 0.0836518 0.0923447 0.0908435 0.0721950 0.0931722 0.0986157 0.0932837 0.0932531 0.1137324 0.1112114 0.1780174 0.1225856 0.0506865 0.0618331 0.1252517 0.1129027 0.1808968 0.0899940 0.1726934 0.1528896 0.0947571 0.1083423 0.0624364 0.1016372 0.0796733 0.1731914 0.0999429 0.1221450 0.0781963 0.1091304 0.0871209 0.0867704 0.0182172 0.0976181 0.2009690 0.0773560 0.0182086 0.0281576 0.1086530 0.0748348 0.0951920 0.0802762 0.1662838 0.1336355 0.0941829 0.0942278 0.0787922 0.0993210 0.0896281 0.0933677 0.1045899 0.1060537 0.0933373 0.1101621 0.1222033 0.0860571 0.1013417 0.0816080 0.1028477 0.1133551 0.0902949 0.0989773 0.1104314 0.1123913 0.1084235 0.0950238 0.1091196 0.0962351 0.0939726 0.1013098 0.0976667 0.1059263 0.0939244 0.0930912 
S0308         0.2130550 0.0780490 0.0762949 0.0875789 0.1022227 0.0883848 0.0552710 0.1064466 0.1170570 0.0859496 0.0638627 0.0000000 0.0924458 0.0739787 0.0959707 0.0797529 0.0925309 0.0742182 0.1079752 0.1017527 0.1077320 0.0900365 0.0834930 0.0851698 0.0749568 0.0799625 0.1264782 0.0705661 0.1015792 0.1118873 0.1075264 0.0706043 0.0893706 0.0889893 0.0990406 0.0906516 0.0866149 0.0818915 0.0926422 0.0919145 0.0841555 0.0403671 0.1693335 0.0883301 0.0780571 0.0755435 0.0855532 0.0883691 0.0780150 0.1015841 0.0774376 0.0812722 0.1140786 0.0765213 0.0969360 0.0526307 0.0896900 0.0949751 0.0722381 0.0413848 0.1000222 0.1040158 0.0929885 0.0962612 0.1062500 0.0945748 0.1749052 0.1001518 0.0432419 0.0445248 0.1268623 0.1155183 0.1695667 0.0743724 0.1616409 0.1608878 0.1117842 0.0954477 0.0541954 0.0888933 0.0715260 0.1620949 0.0937871 0.1150495 0.0638797 0.1037929 0.0894519 0.0825984 0.0704111 0.0966786 0.1692352 0.0761718 0.0635108 0.0754220 0.0984629 0.0675999 0.0905549 0.0719901 0.1519258 0.1206969 0.0888337 0.0783305 0.0732927 0.0908365 0.0810279 0.0782384 0.0962255 0.1118597 0.0788723 0.0958082 0.0998352 0.0819240 0.0907919 0.0818690 0.0864998 0.1032546 0.0853641 0.0891706 0.0999615 0.1061747 0.1024557 0.0893411 0.0831533 0.1065198 0.0923295 0.0892117 0.0719135 0.0863940 0.0951459 0.0814910 
S0320         0.2116563 0.0755302 0.0733892 0.0465523 0.0937442 0.0237962 0.0457247 0.0978855 0.1146386 0.0348530 0.0940827 0.0924458 0.0000000 0.1021746 0.0265715 0.0876899 0.1030773 0.1090938 0.0755548 0.0933048 0.1026044 0.0326434 0.0524502 0.0188663 0.0635090 0.0832264 0.0464675 0.1053118 0.0651073 0.0879031 0.0834657 0.0788947 0.0238862 0.0839382 0.0905489 0.0296227 0.0130343 0.0595322 0.0698167 0.0900591 0.0794309 0.0725856 0.1604373 0.0596099 0.1054136 0.0870089 0.0771398 0.0757483 0.0728236 0.0931500 0.0660549 0.0760845 0.0897576 0.0784283 0.0266061 0.0785284 0.0472120 0.0158154 0.0665322 0.0847415 0.0801736 0.0744877 0.0800235 0.0670419 0.0935950 0.0965674 0.1661784 0.0837888 0.0810379 0.0952138 0.0830439 0.0834892 0.1606546 0.0630141 0.1606603 0.0939645 0.0772195 0.0935812 0.0888896 0.0760248 0.0663420 0.1611097 0.0852002 0.1059617 0.0568142 0.0266645 0.0502838 0.0500917 0.1012085 0.0155888 0.0796285 0.0957174 0.0934997 0.1148824 0.0900208 0.0846998 0.0913271 0.0478571 0.1123525 0.0750215 0.0840482 0.0698826 0.0611948 0.0537770 0.0601673 0.0635514 0.0349304 0.0992138 0.0811907 0.0283301 0.0867547 0.0568967 0.0751672 0.0760114 0.0911907 0.1013834 0.0212152 0.0779007 0.0266085 0.0934195 0.0761764 0.0919635 0.0908558 0.0716120 0.0601135 0.0762247 0.0760488 0.0910813 0.0716681 0.0753098 
S0322         0.2126710 0.1010965 0.1239883 0.1122951 0.1207501 0.1080875 0.0739143 0.1293184 0.1484035 0.1026543 0.0155167 0.0739787 0.1021746 0.0000000 0.1080406 0.1175803 0.1179903 0.0210074 0.1283432 0.1168186 0.1309146 0.1102390 0.0915935 0.1039643 0.0987369 0.0964944 0.1628142 0.0293141 0.1199222 0.1123559 0.1053780 0.0891550 0.1098515 0.1066460 0.1211861 0.1135793 0.0995709 0.0932765 0.1051945 0.1133679 0.1037463 0.0079465 0.1914284 0.0972908 0.0156796 0.1076383 0.1065139 0.0860369 0.1020448 0.1162914 0.1012425 0.1091235 0.1392885 0.1035808 0.1143254 0.0661159 0.0876072 0.1037271 0.1020174 0.0798330 0.0905536 0.1101478 0.0976271 0.1043987 0.1185440 0.1194205 0.1843863 0.1316674 0.0543670 0.0720622 0.1380628 0.1252061 0.1917073 0.0979139 0.1832893 0.1551386 0.1061158 0.1186505 0.0662466 0.1131952 0.0903531 0.1838262 0.1116332 0.1345721 0.0859267 0.1176995 0.0911320 0.0907624 0.0236524 0.0989138 0.2153552 0.0879701 0.0236420 0.0342177 0.1204296 0.0786666 0.1065971 0.0910578 0.1873527 0.1442503 0.1058171 0.1054961 0.0897579 0.1076872 0.1006287 0.1045171 0.1162067 0.1178317 0.0995678 0.1203244 0.1350700 0.0969256 0.1132260 0.0925821 0.1178265 0.1181375 0.0982549 0.1105427 0.1191276 0.1243018 0.1201741 0.1064010 0.1209724 0.1074371 0.1052185 0.1128376 0.1088960 0.1177092 0.0983057 0.1042159 
S0327         0.2054828 0.0720732 0.0683128 0.0463162 0.0864080 0.0291328 0.0452964 0.0904018 0.1068303 0.0437697 0.0967638 0.0959707 0.0265715 0.1080406 0.0000000 0.0799018 0.0946795 0.1117936 0.0477382 0.0788152 0.0949470 0.0324775 0.0488821 0.0215074 0.0631734 0.0721150 0.0465321 0.1111754 0.0647697 0.0906036 0.0822579 0.0751605 0.0322231 0.0834843 0.0832619 0.0414040 0.0184271 0.0527632 0.0626671 0.0828204 0.0748427 0.0747892 0.1553655 0.0468405 0.1158541 0.0766416 0.0767253 0.0750941 0.0724378 0.0858634 0.0657083 0.0756804 0.0999852 0.0737435 0.0322431 0.0844618 0.0438993 0.0241235 0.0632679 0.0882741 0.0828478 0.0738540 0.0826909 0.0697109 0.0936669 0.0809991 0.1642908 0.0766547 0.0843578 0.0988628 0.0934636 0.0935855 0.1555729 0.0626837 0.1555804 0.0793343 0.0905194 0.0856820 0.0884819 0.0687146 0.0659820 0.1560107 0.0779326 0.1088169 0.0532248 0.0379542 0.0437916 0.0436271 0.1070278 0.0266165 0.1176926 0.0917777 0.0992383 0.1215029 0.0827854 0.0906694 0.0832626 0.0471991 0.0971712 0.0682087 0.0793849 0.0694814 0.0574957 0.0595326 0.0593271 0.0626577 0.0347552 0.1020680 0.0803883 0.0315780 0.0748032 0.0561073 0.0716745 0.0748899 0.0832922 0.1008291 0.0386797 0.0774782 0.0324257 0.0931428 0.0625325 0.0872645 0.0829843 0.0719588 0.0695449 0.0728579 0.0756452 0.0831879 0.0712935 0.0719887 
S0335         0.2049339 0.0645006 0.0724336 0.1043384 0.0948855 0.0829732 0.0448179 0.0989666 0.1198168 0.0946837 0.1058216 0.0797529 0.0876899 0.1175803 0.0799018 0.0000000 0.0501146 0.1097077 0.0997549 0.0944493 0.1036157 0.0879829 0.0728878 0.0755101 0.0594108 0.0752627 0.1368796 0.1157843 0.1001848 0.0764573 0.0927215 0.0861824 0.0913606 0.0852454 0.0917464 0.0851220 0.0707019 0.0787887 0.0828289 0.0880763 0.0648860 0.0798899 0.1634792 0.0754364 0.1184785 0.0897938 0.0785546 0.0577662 0.0561895 0.0942953 0.0619317 0.0717010 0.0721006 0.0604294 0.0914286 0.0890854 0.0762544 0.0825409 0.0413004 0.0819352 0.0732375 0.0695608 0.0690367 0.0626661 0.1064342 0.0730245 0.1605420 0.1025672 0.0777371 0.0886148 0.0895582 0.0792494 0.1637004 0.0589574 0.1559184 0.1449309 0.0793824 0.0319369 0.0817932 0.0785324 0.0560091 0.1563501 0.0828300 0.1034833 0.0707974 0.0988504 0.0760555 0.0694591 0.1164603 0.0878604 0.1756694 0.0907312 0.1014270 0.1487883 0.0912204 0.0957925 0.0378941 0.0474720 0.1426976 0.1140283 0.0747854 0.0593478 0.0572726 0.0902160 0.0374925 0.0408181 0.0777813 0.1045836 0.0677623 0.1022076 0.0627106 0.0725841 0.0872959 0.0582020 0.0237522 0.0987730 0.0913950 0.0832753 0.0994435 0.0947909 0.0860383 0.0410388 0.0126898 0.0981811 0.0564490 0.0502119 0.0558998 0.0237111 0.0853337 0.0437227 
S0345         0.2176450 0.0777813 0.0916413 0.1046965 0.1064489 0.1012807 0.0627221 0.1039066 0.1400541 0.1108427 0.1061888 0.0925309 0.1030773 0.1179903 0.0946795 0.0501146 0.0000000 0.1136523 0.1088377 0.1059574 0.1157038 0.1068942 0.0949379 0.1009279 0.0825662 0.0970771 0.1492901 0.1212262 0.1121622 0.0844404 0.1014632 0.0748345 0.1109374 0.0964913 0.1032297 0.1056015 0.0919479 0.0857829 0.1053966 0.0993736 0.0925228 0.0831050 0.1869372 0.0931079 0.1261916 0.0951691 0.0963849 0.0753640 0.0790520 0.1057795 0.0850613 0.0956584 0.1039499 0.0877190 0.1141202 0.0921837 0.0872511 0.0978361 0.0631028 0.0746338 0.0841199 0.0874346 0.0863954 0.0796458 0.1114066 0.1016637 0.1839579 0.1148641 0.0880557 0.0948582 0.0942160 0.0943244 0.1872038 0.0819070 0.1789855 0.1613857 0.0915135 0.0556008 0.0881334 0.0939113 0.0656317 0.1794999 0.0940912 0.1229770 0.0962814 0.1184477 0.0870182 0.0866685 0.1168635 0.1067546 0.2025710 0.0903173 0.1052416 0.1435724 0.1026193 0.0989257 0.0443590 0.0635882 0.1421840 0.1296750 0.0927472 0.0729011 0.0739512 0.1090527 0.0526156 0.0623370 0.0983560 0.1243048 0.0876212 0.1212886 0.0797549 0.0819501 0.0953813 0.0655356 0.0531675 0.1177766 0.1074281 0.0863721 0.1156108 0.0995919 0.0998281 0.0289234 0.0529610 0.1035569 0.0730625 0.0726661 0.0818235 0.0530886 0.0965880 0.0654510 
S0355         0.2339925 0.1059274 0.1346876 0.1264924 0.1246881 0.1150368 0.0805223 0.1333911 0.1526961 0.1095969 0.0102515 0.0742182 0.1090938 0.0210074 0.1117936 0.1097077 0.1136523 0.0000000 0.1273873 0.1279362 0.1350394 0.1173398 0.0953172 0.1121269 0.1056004 0.1024025 0.1751055 0.0319853 0.1271161 0.1161760 0.1091207 0.0890464 0.1133391 0.1104424 0.1251480 0.1171013 0.1065050 0.0968377 0.0933890 0.1172248 0.0997909 0.0134404 0.2001962 0.1009106 0.0266923 0.1136362 0.1103010 0.0896270 0.1089480 0.1201603 0.1080856 0.1161393 0.1346256 0.1037692 0.1178757 0.0757531 0.0981507 0.1075131 0.1057323 0.0829977 0.1080218 0.1139890 0.1081387 0.1081051 0.1298503 0.1195946 0.1930843 0.1392533 0.0643301 0.0684267 0.1423628 0.1293196 0.2004930 0.1047126 0.1919223 0.1714989 0.1098954 0.1204460 0.0763434 0.1120989 0.0938972 0.1924908 0.1155283 0.1387365 0.0850727 0.1249292 0.1017876 0.1013704 0.0293332 0.1127965 0.2128655 0.0916566 0.0265695 0.0404448 0.1243598 0.0886123 0.1068961 0.0946373 0.1861300 0.1521275 0.1022280 0.1092441 0.0863229 0.1148069 0.1042843 0.1082244 0.1120377 0.1217602 0.1069133 0.1289221 0.1266845 0.1005355 0.1171884 0.0962263 0.1067161 0.1293782 0.1050870 0.1143946 0.1264578 0.1282807 0.1240953 0.1022400 0.1130378 0.1111643 0.1089593 0.1166785 0.1092982 0.1098202 0.1088990 0.1079152 
S0376         0.1818399 0.0588980 0.1150409 0.0761165 0.0643389 0.0740347 1.2594342 0.0566811 0.0562746 0.0622857 0.1100155 0.1079752 0.0755548 0.1283432 0.0477382 0.0997549 0.1088377 0.1273873 0.0000000 0.0496654 0.0563939 0.0684694 0.0493918 0.0579897 0.1076454 0.0360640 0.0638501 0.1190130 0.1048063 0.1192509 0.0417065 0.0872409 0.0900034 0.0791422 0.0499425 0.1044991 0.0698345 0.0619728 0.0623855 0.0499425 0.1118649 0.1024838 0.1350388 0.0170330 0.1362446 0.0937516 0.0717689 0.1185918 0.1074783 0.0564839 0.1070881 0.1070881 0.1351642 0.1086667 0.0833251 0.1234458 0.0763456 0.0789038 0.0938366 0.0873084 0.1012916 0.1180781 0.1089556 0.1167286 0.0636008 0.1166137 0.1464051 0.0943934 0.0917383 0.0940315 0.1191415 0.1276646 0.1189782 0.1070881 0.1193879 0.0611707 0.1180036 0.1157898 0.1328763 0.0357018 0.0993617 0.1193879 0.0436664 0.0943556 0.0711498 0.0769131 0.0759148 0.0685951 0.1253373 0.0843248 0.0908659 0.1011547 0.1007607 0.1007280 0.0636123 0.1303227 0.0926617 0.0702255 0.0430084 0.0119163 0.0520089 0.0979343 0.0181554 0.0852783 0.0835923 0.0908078 0.0822424 0.0878924 1.2594342 0.0681271 0.1248815 0.0837820 0.0501737 0.1000434 0.1092854 0.0863039 0.1002128 0.0737971 0.0693806 0.0720080 0.0478958 0.1009492 0.0922912 0.1218594 0.1273959 0.1093474 0.1068518 0.0920838 0.0414047 0.1071629 
S0400         0.1922490 0.0350529 0.0940659 0.0895801 0.0102385 0.0926291 0.0726319 0.0129170 0.0431650 0.0899349 0.1120967 0.1017527 0.0933048 0.1168186 0.0788152 0.0944493 0.1059574 0.1279362 0.0496654 0.0000000 0.0157463 0.0977788 0.0558299 0.0886192 0.0907716 0.0694941 0.1278129 0.1196901 0.1093152 0.0990704 0.0687044 0.1107889 0.1082107 0.0289198 0.0128425 0.1008817 0.0795274 0.0924492 0.0729580 0.0076239 0.0939427 0.0929500 0.1667731 0.0494199 0.1201468 0.0857514 0.0207152 0.0904442 0.0939088 0.0101775 0.0932041 0.1038739 0.1147715 0.0990746 0.1004563 0.1028114 0.0890010 0.0809200 0.0798692 0.1058741 0.0891159 0.0955387 0.0813950 0.0909859 0.0239225 0.1001516 0.1760507 0.0938426 0.0840987 0.1086501 0.1127379 0.1088044 0.1669991 0.0900511 0.1670025 0.1344734 0.0983251 0.0936707 0.0919233 0.0534762 0.0804030 0.1674685 0.0051577 0.0462233 0.0869340 0.0938274 0.0887666 0.0884151 0.1227980 0.0868651 0.1763307 0.1109221 0.1145385 0.1469170 0.0127827 0.1059617 0.0978764 0.0853281 0.0165594 0.0289601 0.0393581 0.0874568 0.0299581 0.1041274 0.0801215 0.0900085 0.0921896 0.0466861 0.0977591 0.1088596 0.0977065 0.0895593 0.0051912 0.0938993 0.0979008 0.0318004 0.0926053 0.0382244 0.0938955 0.0319401 0.0556328 0.1020127 0.0937872 0.1071350 0.0837961 0.0903720 0.0822115 0.0977922 0.0582558 0.0827675 
S0405         0.2149813 0.0417075 0.1180302 0.1055806 0.0158208 0.1018392 0.0817969 0.0186351 0.0500686 0.0990861 0.1185924 0.1077320 0.1026044 0.1309146 0.0949470 0.1036157 0.1157038 0.1350394 0.0563939 0.0157463 0.0000000 0.1073548 0.0670509 0.0979302 0.0997551 0.0809298 0.1575260 0.1264603 0.1191921 0.1085488 0.0768259 0.1211425 0.1182232 0.0352234 0.0130441 0.1105464 0.0882151 0.1016318 0.0780328 0.0104295 0.1030397 0.1029244 0.1752595 0.0566305 0.1343874 0.1053681 0.0266793 0.0996991 0.1030053 0.0157242 0.1022099 0.1133724 0.1247826 0.1120015 0.1100768 0.1158648 0.0980364 0.0897914 0.0882959 0.1122094 0.1050597 0.1048602 0.0966991 0.1000058 0.0358674 0.1130431 0.1849133 0.1032122 0.0928294 0.1187379 0.1230470 0.1189127 0.1755049 0.0989384 0.1755047 0.1425040 0.1077079 0.1027421 0.1045239 0.0609922 0.0889052 0.1760083 0.0106309 0.0532726 0.0925256 0.1031870 0.0977705 0.0973731 0.1296530 0.1028090 0.1851021 0.1210074 0.1210563 0.1553750 0.0184356 0.1191468 0.1071966 0.0941891 0.0222730 0.0350705 0.0464370 0.0962960 0.0365259 0.1103143 0.0885862 0.0988889 0.1013405 0.0538187 0.1085942 0.1207201 0.1118349 0.0986598 0.0107025 0.1032899 0.1072170 0.0439935 0.1018207 0.0450600 0.1032639 0.0384143 0.0631304 0.1115510 0.1028850 0.1170183 0.0924560 0.0993079 0.0906600 0.1071038 0.0720062 0.0912875 
S0407sl       0.2070105 0.0763091 0.0640349 0.0530037 0.0982425 0.0293790 0.0516064 0.1025004 0.1227996 0.0441427 0.1018749 0.0900365 0.0326434 0.1102390 0.0324775 0.0879829 0.1068942 0.1173398 0.0684694 0.0977788 0.1073548 0.0000000 0.0629188 0.0246552 0.0608802 0.0835025 0.0464691 0.1134326 0.0653214 0.1027358 0.0903423 0.0757788 0.0325059 0.0882619 0.0949990 0.0480617 0.0242528 0.0597306 0.0700506 0.0944754 0.0825816 0.0800025 0.1523939 0.0598087 0.1182297 0.0875839 0.0813187 0.0867117 0.0702017 0.0976139 0.0634483 0.0734608 0.1124285 0.0816590 0.0385159 0.0818989 0.0505805 0.0362359 0.0707292 0.0856092 0.0945185 0.0852440 0.0943226 0.0807844 0.1139920 0.0932417 0.1613048 0.0806969 0.0816113 0.0996719 0.1102415 0.1066163 0.1525975 0.0604046 0.1526061 0.0945278 0.1026394 0.0938896 0.0891227 0.0762770 0.0734921 0.1530291 0.0896078 0.1142995 0.0537021 0.0444155 0.0504532 0.0502600 0.1061390 0.0327001 0.1098499 0.0925280 0.1012230 0.1241626 0.0944354 0.0881164 0.0949910 0.0540381 0.1217797 0.0754862 0.0874800 0.0771378 0.0648299 0.0474493 0.0665680 0.0700314 0.0472437 0.1073853 0.0879899 0.0089675 0.0912124 0.0632237 0.0831270 0.0795245 0.0914945 0.1060596 0.0452800 0.0781734 0.0446906 0.1016496 0.0764296 0.0956497 0.0911580 0.0767457 0.0805845 0.0806493 0.0728187 0.0913848 0.0788911 0.0796644 
S0412sl       0.2050865 0.0354904 0.0950760 0.0688088 0.0595176 0.0585255 0.0368609 0.0631904 0.0729548 0.0625428 0.0803847 0.0834930 0.0524502 0.0915935 0.0488821 0.0728878 0.0949379 0.0953172 0.0493918 0.0558299 0.0670509 0.0629188 0.0000000 0.0538463 0.0729841 0.0465200 0.0939822 0.0879877 0.0720924 0.0771479 0.0368756 0.0826568 0.0623438 0.0532169 0.0564011 0.0667889 0.0498351 0.0688459 0.0432333 0.0529375 0.0656773 0.0680603 0.1305529 0.0218954 0.0953046 0.0842515 0.0468248 0.0678703 0.0724938 0.0591307 0.0756097 0.0796307 0.1005253 0.0672263 0.0659081 0.0847573 0.0556755 0.0471222 0.0661138 0.0715559 0.0695474 0.0804947 0.0660587 0.0660335 0.0699607 0.0927621 0.1314822 0.0800307 0.0731987 0.0969153 0.0894127 0.0866321 0.1307269 0.0723845 0.1268358 0.1020989 0.0875197 0.0822506 0.0851457 0.0370684 0.0492699 0.1271878 0.0506583 0.0700135 0.0534561 0.0659805 0.0589655 0.0587288 0.0946324 0.0525483 0.1511307 0.0887762 0.0833702 0.1316586 0.0592014 0.0949717 0.0728307 0.0524556 0.1007339 0.0562510 0.0519076 0.0725372 0.0316966 0.0668461 0.0620386 0.0719999 0.0652653 0.0673493 0.0609011 0.0673215 0.0896853 0.0659224 0.0511195 0.0716160 0.0731109 0.0697856 0.0594927 0.0542742 0.0664507 0.0632050 0.0426675 0.0838240 0.0726655 0.0750127 0.0689931 0.0689767 0.0684572 0.0730093 0.0456311 0.0685481 
S0417         0.1944960 0.0699309 0.0607722 0.0415915 0.0855946 0.0186530 0.0506865 0.0893296 0.1136509 0.0389776 0.0966326 0.0851698 0.0188663 0.1039643 0.0215074 0.0755101 0.1009279 0.1121269 0.0579897 0.0886192 0.0979302 0.0246552 0.0538463 0.0000000 0.0580396 0.0777409 0.0388918 0.1082183 0.0603063 0.0861503 0.0852742 0.0702444 0.0245190 0.0821049 0.0858016 0.0304541 0.0160894 0.0513745 0.0681003 0.0853315 0.0744115 0.0673408 0.1496397 0.0546301 0.1129939 0.0858600 0.0748816 0.0701864 0.0638799 0.0884701 0.0606300 0.0706220 0.0888971 0.0760106 0.0301944 0.0706638 0.0452287 0.0278069 0.0586559 0.0837461 0.0790975 0.0691775 0.0781863 0.0650371 0.0965731 0.0799959 0.1585697 0.0751768 0.0760840 0.0877059 0.0811095 0.0811407 0.1498404 0.0575852 0.1498501 0.0781113 0.0860681 0.0843589 0.0806785 0.0744119 0.0677562 0.1502674 0.0834228 0.1074448 0.0514025 0.0302625 0.0451146 0.0390521 0.1039765 0.0244664 0.0936910 0.0794602 0.0998532 0.1073363 0.0852947 0.0768772 0.0853938 0.0426041 0.0960699 0.0717801 0.0738997 0.0713673 0.0624462 0.0483512 0.0547163 0.0519121 0.0388216 0.1005822 0.0863697 0.0291425 0.0773029 0.0426682 0.0738657 0.0634397 0.0856240 0.0993389 0.0308533 0.0756283 0.0244991 0.0915436 0.0712661 0.0897360 0.0786492 0.0714294 0.0648802 0.0648388 0.0674631 0.0855157 0.0737799 0.0675519 
S0419         0.1830629 0.0641597 0.0075499 0.0822658 0.0911901 0.0563752 0.0291237 0.0951950 0.1194416 0.0761228 0.0907365 0.0749568 0.0635090 0.0987369 0.0631734 0.0594108 0.0825662 0.1056004 0.1076454 0.0907716 0.0997551 0.0608802 0.0729841 0.0580396 0.0000000 0.0830399 0.0877973 0.0950422 0.0753535 0.0788287 0.0898340 0.0681166 0.0671615 0.0751136 0.0880772 0.0732521 0.0478361 0.0689609 0.0792706 0.0876139 0.0528241 0.0693321 0.1540763 0.0719653 0.0994567 0.0758457 0.0750493 0.0603598 0.0103175 0.0906249 0.0050913 0.0129541 0.0814649 0.0509978 0.0700726 0.0717092 0.0596239 0.0681207 0.0559015 0.0705114 0.0725139 0.0628384 0.0714096 0.0590025 0.1060990 0.0668356 0.1671235 0.0736104 0.0629890 0.0803853 0.0886265 0.0816797 0.1542800 0.0025389 0.1542880 0.1187609 0.0787565 0.0649771 0.0708630 0.0822494 0.0524964 0.1547109 0.0828471 0.0963040 0.0511903 0.0765994 0.0594724 0.0592435 0.0876389 0.0636267 0.1451898 0.0662140 0.0836081 0.1229458 0.0875773 0.0777607 0.0627945 0.0533594 0.1325315 0.1038978 0.0678235 0.0557609 0.0540800 0.0663253 0.0462698 0.0493871 0.0669373 0.0898240 0.0143078 0.0646868 0.0730810 0.0693606 0.0802813 0.0573897 0.0625608 0.0917619 0.0668765 0.0767631 0.0741169 0.0874932 0.0824107 0.0723921 0.0684536 0.0770190 0.0588681 0.0651370 0.0435716 0.0624728 0.0850676 0.0582481 
S0427         0.1938080 0.0556261 0.1036156 0.0860574 0.0761457 0.0786739 0.0500868 0.0799501 0.0966157 0.0799396 0.0920852 0.0799625 0.0832264 0.0964944 0.0721150 0.0752627 0.0970771 0.1024025 0.0360640 0.0694941 0.0809298 0.0835025 0.0465200 0.0777409 0.0830399 0.0000000 0.1215029 0.0909061 0.0992109 0.0970893 0.0660540 0.1010150 0.0864724 0.0702876 0.0730610 0.0951923 0.0736016 0.0722576 0.0531000 0.0664248 0.0805213 0.0769445 0.1445057 0.0437578 0.1041867 0.0793561 0.0637866 0.0814873 0.0861974 0.0756683 0.0855428 0.0961917 0.1089216 0.0836745 0.0865356 0.0867409 0.0761327 0.0781186 0.0800145 0.0823011 0.0793660 0.0866699 0.0759011 0.0822657 0.0771817 0.0952467 0.1456352 0.0869678 0.0680023 0.0986875 0.1191301 0.1040438 0.1446957 0.0823742 0.1371737 0.1230390 0.0969996 0.0891005 0.0790525 0.0494711 0.0726989 0.1375461 0.0677449 0.0946261 0.0502039 0.0902832 0.0759345 0.0756356 0.1024312 0.0769032 0.1605927 0.1103330 0.0946205 0.1415198 0.0726531 0.0931111 0.0856848 0.0629405 0.1072445 0.0693097 0.0662176 0.0829339 0.0421825 0.0912575 0.0692111 0.0790153 0.0825280 0.0956412 0.0618486 0.0965524 0.0961463 0.0764146 0.0683556 0.0724644 0.0824629 0.0837252 0.0951187 0.0681571 0.0908041 0.0796880 0.0495730 0.0863843 0.0750994 0.0998085 0.0822811 0.0901046 0.0787650 0.0823601 0.0470040 0.0822994 
S0428sl       0.2796023 0.1206161 0.0937354 0.0755526 0.1412467 0.0413101 0.1229381 0.1336057 0.1397390 0.0611199 0.1537592 0.1264782 0.0464675 0.1628142 0.0465321 0.1368796 0.1492901 0.1751055 0.0638501 0.1278129 0.1575260 0.0464691 0.0939822 0.0388918 0.0877973 0.1215029 0.0000000 0.1681718 0.0962138 0.1368752 0.1259055 0.0739969 0.0608348 0.1358925 0.1346086 0.0673272 0.0425335 0.0924228 0.1210858 0.1346972 0.1030212 0.1150190 0.2019161 0.0910531 0.1697638 0.1238419 0.1180189 0.1146767 0.0922507 0.1337827 0.0874876 0.0927016 0.1235988 0.0950431 0.0516162 0.1245538 0.0862014 0.0574119 0.1010997 0.0960386 0.1174725 0.1170993 0.1224252 0.1056677 0.1332854 0.1373628 0.2329797 0.0944810 0.1120142 0.1190093 0.1253610 0.1198728 0.1894926 0.0874876 0.2023517 0.0831867 0.1363735 0.1463660 0.1293480 0.1039832 0.1047778 0.2023517 0.1254078 0.1420708 0.0876274 0.0611554 0.0867314 0.0813218 0.1666347 0.0468675 0.0920812 0.0943562 0.1460207 0.1147559 0.1401760 0.1179202 0.1242771 0.0833011 0.1130105 0.0801097 0.1104865 0.1049350 0.0910022 0.0762293 0.1043049 0.1051773 0.0708983 0.1495423 0.1590539 0.0418280 0.1328953 0.1039726 0.1143120 0.1133892 0.1371229 0.1430890 0.0616612 0.1257419 0.0569512 0.1367490 0.1023627 0.1252847 0.1363335 0.1090593 0.1181757 0.1050295 0.1031192 0.1290140 0.1075349 0.1049057 
S0430         0.2202316 0.0979907 0.1288144 0.1225265 0.1165020 0.1112200 0.0738039 0.1249210 0.1437633 0.1064797 0.0237486 0.0705661 0.1053118 0.0293141 0.1111754 0.1157843 0.1212262 0.0319853 0.1190130 0.1196901 0.1264603 0.1134326 0.0879877 0.1082183 0.0950422 0.0909061 0.1681718 0.0000000 0.1160238 0.1155246 0.1092124 0.0892573 0.1171755 0.1025624 0.1169126 0.1127826 0.1027227 0.0963238 0.0966003 0.1092130 0.0888583 0.0106806 0.1772737 0.1009984 0.0352196 0.1129967 0.1024403 0.0891453 0.0983241 0.1194804 0.0975550 0.1053330 0.1371561 0.0922753 0.1167645 0.0724339 0.0976226 0.1069113 0.1051508 0.0829362 0.1074301 0.1133451 0.1075463 0.1075130 0.1214541 0.1075569 0.1746401 0.1271831 0.0576280 0.0681400 0.1414869 0.1285483 0.1775255 0.0942549 0.1693571 0.1802272 0.1092825 0.1233028 0.0695379 0.1003394 0.0934004 0.1698440 0.1115458 0.1264226 0.0846262 0.1134682 0.1012348 0.1008222 0.0209617 0.1089678 0.2031732 0.0956485 0.0156105 0.0343772 0.1161903 0.0851605 0.1027979 0.0941317 0.1765810 0.1345201 0.1057316 0.1086396 0.0858617 0.1038433 0.1037192 0.1076315 0.1084072 0.1100945 0.0872791 0.1241471 0.1263343 0.0999961 0.1016607 0.0922371 0.1160238 0.1135772 0.1092313 0.1063960 0.1223953 0.1200077 0.1159446 0.1095711 0.1191245 0.1105535 0.1083574 0.1160210 0.0982608 0.1159079 0.0941146 0.1073251 
S0478         0.2241949 0.0883375 0.1124294 0.0737475 0.1098209 0.0583668 0.0613185 0.1142008 0.1325790 0.0746995 0.1113793 0.1015792 0.0651073 0.1199222 0.0647697 0.1001848 0.1121622 0.1271161 0.1048063 0.1093152 0.1191921 0.0653214 0.0720924 0.0603063 0.0753535 0.0992109 0.0962138 0.1160238 0.0000000 0.1120734 0.0964267 0.1023226 0.0715208 0.0963093 0.1065919 0.0759862 0.0531302 0.0525118 0.0853436 0.1060025 0.0915469 0.0890407 0.1645841 0.0811464 0.1280692 0.0884567 0.0927809 0.0852378 0.0784296 0.1091308 0.0778460 0.0881330 0.1106701 0.0867817 0.0715709 0.0938732 0.0436942 0.0600665 0.0718181 0.1017635 0.1002409 0.1043253 0.1035908 0.0994973 0.1220632 0.1053424 0.1699678 0.0923411 0.0832169 0.1083458 0.1195048 0.1157553 0.1648044 0.0747627 0.1570997 0.1175488 0.1119698 0.1060844 0.0943699 0.0916917 0.0918112 0.1575300 0.1013232 0.1155458 0.0718391 0.0751599 0.0435875 0.0434246 0.1187908 0.0652259 0.1555878 0.1085013 0.1038073 0.1494607 0.1017937 0.1041350 0.1004993 0.0718949 0.1437274 0.0968836 0.0962708 0.0956353 0.0734438 0.0596534 0.0845594 0.0881801 0.0678956 0.1157197 0.0739610 0.0742424 0.0961660 0.0558367 0.0952539 0.0885375 0.1037612 0.1177641 0.0659899 0.1013863 0.0715789 0.1097063 0.0918667 0.1009072 0.1033947 0.0563404 0.0925929 0.0926568 0.0816679 0.1036487 0.1011160 0.0915240 
S0552sl       0.2105540 0.0754766 0.0915986 0.1164532 0.0995325 0.0905526 0.0449277 0.1037457 0.1365017 0.1134133 0.1008877 0.1118873 0.0879031 0.1123559 0.0906036 0.0764573 0.0844404 0.1161760 0.1192509 0.0990704 0.1085488 0.1027358 0.0771479 0.0861503 0.0788287 0.0970893 0.1368752 0.1155246 0.1120734 0.0000000 0.1045876 0.0931996 0.1027992 0.0931403 0.0963348 0.1023316 0.0842059 0.0973480 0.0866338 0.0925606 0.0762250 0.0896023 0.1832607 0.0863577 0.1203114 0.1023592 0.0896696 0.0159190 0.0753684 0.0989056 0.0813248 0.0888659 0.0464776 0.0781708 0.1057696 0.1003194 0.0834114 0.0856316 0.0663273 0.0933279 0.0156280 0.0442289 0.0208556 0.0154967 0.1183437 0.0962157 0.1676918 0.1110155 0.0963069 0.1143068 0.0459381 0.0454277 0.1843841 0.0782049 0.1753320 0.1423493 0.0439519 0.0822209 0.1000238 0.0875933 0.0532242 0.1758354 0.0910330 0.1266288 0.0876706 0.1070534 0.0869223 0.0865729 0.1112973 0.0909293 0.2128916 0.0942080 0.1033607 0.1845024 0.0957709 0.1072782 0.0722739 0.0606051 0.1529128 0.1393791 0.0820949 0.0724014 0.0741808 0.1059244 0.0561208 0.0594116 0.0985038 0.1196385 0.0679318 0.1111537 0.0923649 0.0877113 0.0918826 0.0581307 0.0769144 0.1108789 0.0916213 0.0881103 0.1069305 0.1029563 0.0974887 0.0776529 0.0795205 0.1096824 0.0322077 0.0760053 0.0852210 0.0768135 0.0936322 0.0686671 
