136
PAFTOL_019361 0.0000000 0.2281131 0.2369945 0.2740031 0.2671175 0.2510076 0.2752803 0.2790268 0.2484172 0.2574709 0.2699895 0.2968444 0.2801176 0.2784042 0.2672278 0.2911519 0.2679541 0.2585327 0.2744832 0.2797180 0.2580385 0.2536972 0.2607731 0.2747348 0.2763208 0.2696801 0.2431254 0.2584726 0.2769636 0.2779462 0.2685156 0.2486535 0.2717085 0.2872003 0.2929429 0.2669777 0.2650226 0.2589448 0.2761384 0.2518178 0.2660048 0.2644912 0.2622595 0.2485983 0.2730548 0.2467120 0.2680657 0.2778019 0.2562719 0.2595748 0.2527029 0.2381601 0.2600757 0.2396022 0.2383558 0.2512853 0.2423054 0.2832068 0.2759462 0.2621857 0.2601842 0.2353382 0.2738284 0.2665861 0.2389027 0.2413724 0.2522559 0.2443040 0.2835648 0.2633429 0.2533927 0.2533726 0.2771920 0.2727524 0.2427974 0.2490496 0.2460769 0.2399550 0.2511223 0.2727608 0.2563356 0.2567233 0.2772540 0.2672483 0.2591313 0.2485245 0.2535837 0.2722437 0.2449798 0.2640521 0.2626336 0.2673682 0.2698194 0.2336062 0.2718975 0.2824767 0.2804755 0.2778372 0.2540285 0.2704933 0.2631806 0.2458859 0.2559764 0.2463717 0.2465668 0.2597635 0.2598654 0.2644257 0.2524422 0.2508268 0.2745234 0.2665535 0.2419394 0.2699913 0.2529148 0.2712266 0.2502486 0.2679317 0.2602698 0.2404815 0.2646583 0.2754077 0.2550158 0.2794875 0.2507872 0.2567871 0.2567632 0.2560220 0.2709703 0.2391596 0.2410621 0.3131569 0.2341646 0.2456281 0.2636071 0.2345726 
S0055         0.2281131 0.0000000 0.0694833 0.1205343 0.0963934 0.0852865 0.1000185 0.1209821 0.0762774 0.0911880 0.1152692 0.1314259 0.1016615 0.1112629 0.1131655 0.1088502 0.1113281 0.0825120 0.0885091 0.1003101 0.0900589 0.0851869 0.0910935 0.1102441 0.1002607 0.1059387 0.0722268 0.0939459 0.1081740 0.1000980 0.1058907 0.0818411 0.1022296 0.1057599 0.1031235 0.1136802 0.0967655 0.0865451 0.1199435 0.0924107 0.1088958 0.0919647 0.0896681 0.0814489 0.0965881 0.1275706 0.0976356 0.0982480 0.0909277 0.0866773 0.0831475 0.0685793 0.0883554 0.0721747 0.0703945 0.0918137 0.0782332 0.1238104 0.0950193 0.1060515 0.1128427 0.0723945 0.1113482 0.0896065 0.0780901 0.0797354 0.0878328 0.0809195 0.1059630 0.0873463 0.1324635 0.0859541 0.0943663 0.0982312 0.0827535 0.0813447 0.1282255 0.0708764 0.1328485 0.1150316 0.0917531 0.0789579 0.0940506 0.0942215 0.0878523 0.1292433 0.0861160 0.1026107 0.0708113 0.1078509 0.1080786 0.1075399 0.0946874 0.0821688 0.1183578 0.0974813 0.1024629 0.1008022 0.0887715 0.0930943 0.0849810 0.0753019 0.0855201 0.0816631 0.0194623 0.0888816 0.0898778 0.1103670 0.0796792 0.0799766 0.1173154 0.0963386 0.0738402 0.1153472 0.0778733 0.1119302 0.0836423 0.0880239 0.0860524 0.0695069 0.0910414 0.1154724 0.0886356 0.1204600 0.0872009 0.0850340 0.0749088 0.0837086 0.1123654 0.0762518 0.0733939 0.1538378 0.0663845 0.0734679 0.0942289 0.0709369 
S0196sl       0.2369945 0.0694833 0.0000000 0.1164004 0.0631324 0.0635505 0.0852655 0.1151825 0.0736896 0.0672552 0.0945125 0.1269302 0.0874320 0.0972123 0.1137196 0.0962892 0.1072489 0.0822615 0.0897303 0.0864753 0.0737561 0.0620720 0.0693204 0.1069912 0.0836380 0.1067033 0.0264385 0.0726674 0.1013644 0.0874183 0.1045907 0.0833183 0.0848640 0.0943997 0.0966989 0.1145442 0.0773573 0.0648292 0.1166500 0.0929806 0.1084775 0.0716544 0.0654272 0.0368975 0.0835093 0.1323231 0.0801851 0.0850228 0.0767896 0.0663311 0.0850664 0.0239258 0.0680981 0.0252867 0.0248720 0.0904131 0.0343472 0.1181683 0.0924605 0.1024486 0.1083355 0.0649467 0.1020347 0.0755164 0.0770764 0.0746769 0.0842247 0.0784751 0.0865948 0.0506784 0.1341500 0.0685477 0.0886393 0.0920642 0.0823172 0.0816021 0.1334041 0.0247133 0.1356314 0.1116754 0.0871342 0.0800082 0.0876079 0.0770709 0.0808513 0.1329461 0.0651252 0.0801979 0.0668090 0.1036437 0.1033577 0.1038304 0.0817507 0.0821027 0.1196926 0.0909334 0.0874144 0.0874444 0.0664798 0.0892202 0.0836110 0.0691818 0.0656691 0.0602713 0.0849459 0.0860762 0.0710329 0.1048104 0.0742457 0.0764212 0.1119678 0.0747887 0.0271682 0.1112852 0.0442793 0.1098219 0.0624299 0.0516543 0.0813796 0.0659817 0.0708104 0.1138662 0.0689132 0.1152885 0.0643200 0.0645308 0.0770762 0.0819961 0.1115324 0.0716726 0.0636160 0.1489255 0.0316935 0.0693218 0.0753840 0.0625202 
S0278         0.2740031 0.1205343 0.1164004 0.0000000 0.1534352 0.1336359 0.1537238 0.0542963 0.1279151 0.1401270 0.1596901 0.0589276 0.1586499 0.1637657 0.0493783 0.1654510 0.0529967 0.1339549 0.1437366 0.1569687 0.1386061 0.1341533 0.1436790 0.0504877 0.1524799 0.0498380 0.1226023 0.1379204 0.0554695 0.1556335 0.0661481 0.1331289 0.1530522 0.1659971 0.1581559 0.0487844 0.1462568 0.1367282 0.0529956 0.0454255 0.0721420 0.1390359 0.1340436 0.1254537 0.1528142 0.1642804 0.1478647 0.1552160 0.1447499 0.1388512 0.1362675 0.1186199 0.1397987 0.1209323 0.1208030 0.1396165 0.1237054 0.0811396 0.1590556 0.0698330 0.0606423 0.1228895 0.0524691 0.1457816 0.1252609 0.1224979 0.1357859 0.1274860 0.1541878 0.1455336 0.1682323 0.1364740 0.1545060 0.1538532 0.1312811 0.1271617 0.1671253 0.1217475 0.1690054 0.0717286 0.1400086 0.1390018 0.1525074 0.1430334 0.1380040 0.1655990 0.1360396 0.1534204 0.1236164 0.0459625 0.0697844 0.0702266 0.1504738 0.0373348 0.0444168 0.1563895 0.1575611 0.1568192 0.1413242 0.1544990 0.1398226 0.1268724 0.1370200 0.1311325 0.1334933 0.1411750 0.1359881 0.0689306 0.1298358 0.1313513 0.0522989 0.1453766 0.1239836 0.0537716 0.1360770 0.0753438 0.1319490 0.1457437 0.1373508 0.1264605 0.1404551 0.0493679 0.1395325 0.0815442 0.1340396 0.1295995 0.1313159 0.1386585 0.0767783 0.1243691 0.1234050 0.2104066 0.1191281 0.1277437 0.1422190 0.1208244 
S0281         0.2671175 0.0963934 0.0631324 0.1534352 0.0000000 0.0992115 0.1106638 0.1547585 0.1047911 0.1027742 0.1297471 0.1655767 0.1136926 0.1244567 0.1457191 0.1214960 0.1436551 0.1154833 0.1232738 0.1131339 0.1079050 0.0974812 0.1040262 0.1417179 0.1181438 0.1421999 0.0635775 0.1059416 0.1459044 0.1145242 0.1408178 0.1096706 0.1178916 0.1253897 0.1255202 0.1454736 0.1116165 0.0998365 0.1505127 0.1301607 0.1445363 0.1048384 0.1006076 0.0667188 0.1103048 0.1612667 0.1108614 0.1107022 0.1110229 0.0993035 0.1144139 0.0615257 0.1025852 0.0629674 0.0614992 0.1190478 0.0625602 0.1585681 0.1221033 0.1404404 0.1451042 0.0984249 0.1416975 0.1030412 0.1039919 0.1074889 0.1162322 0.1077467 0.1259703 0.0742898 0.1678297 0.1044000 0.1183190 0.1160764 0.1139614 0.1082008 0.1624244 0.0631069 0.1652214 0.1499813 0.1197657 0.1151002 0.1168687 0.1094890 0.1145959 0.1639865 0.0984258 0.1150868 0.0990887 0.1402248 0.1408708 0.1405745 0.1058252 0.1167123 0.1533673 0.1185692 0.1132852 0.1143510 0.1010927 0.1172954 0.1154705 0.1033569 0.0991005 0.0954050 0.1083028 0.1129277 0.1041422 0.1419354 0.1057138 0.1078287 0.1508927 0.1091479 0.0654722 0.1480663 0.0662864 0.1477790 0.0952524 0.0726393 0.1116428 0.1015044 0.1030892 0.1483392 0.1030141 0.1544514 0.0993322 0.0992969 0.1073533 0.1153343 0.1466497 0.1018733 0.0965547 0.1627485 0.0618814 0.1008476 0.1116709 0.0974031 
S0282         0.2510076 0.0852865 0.0635505 0.1336359 0.0992115 0.0000000 0.1023729 0.1372583 0.0904304 0.0210446 0.0754019 0.1464226 0.1054830 0.1164759 0.1325292 0.1129885 0.1265540 0.1048411 0.1139459 0.1034861 0.0566780 0.0136794 0.0259072 0.1272317 0.0664852 0.1245712 0.0685698 0.0539109 0.1210553 0.1045716 0.1227551 0.0970572 0.0693317 0.1113162 0.1083261 0.1318765 0.0372666 0.0236490 0.1310732 0.1086291 0.1301505 0.0544274 0.0162073 0.0755527 0.1007915 0.1482943 0.0638484 0.1022298 0.0934303 0.0242313 0.0999923 0.0643478 0.0203850 0.0675577 0.0665139 0.1018881 0.0721541 0.1368227 0.1061666 0.1242128 0.1273430 0.0825186 0.1235628 0.0943951 0.0896723 0.0884926 0.0982598 0.0916048 0.0739392 0.0916956 0.1534201 0.0818449 0.1033226 0.1067104 0.0985893 0.0955028 0.1486645 0.0667251 0.1523460 0.1277031 0.1061120 0.0992874 0.1011504 0.0551603 0.1018871 0.1482723 0.0187345 0.0453272 0.0833819 0.1216294 0.1252703 0.1254454 0.0989006 0.0959171 0.1373703 0.1039746 0.1060866 0.1044520 0.0231512 0.1036753 0.1072600 0.0867409 0.0197087 0.0216722 0.1001211 0.1021932 0.0506961 0.1210456 0.0937980 0.0938040 0.1319702 0.0395119 0.0685445 0.1290929 0.0838827 0.1313910 0.0148515 0.0922645 0.0979393 0.0895385 0.0279363 0.1350249 0.0299490 0.1349524 0.0252619 0.0449005 0.0976665 0.1021923 0.1319678 0.0892896 0.0837336 0.1654230 0.0641166 0.0908064 0.0572550 0.0822347 
S0288         0.2752803 0.1000185 0.0852655 0.1537238 0.1106638 0.1023729 0.0000000 0.1556450 0.1085534 0.1058710 0.1295368 0.1721088 0.0158375 0.0822121 0.1509628 0.0218957 0.1464876 0.1168926 0.1230020 0.0147895 0.1090028 0.1000953 0.1073271 0.1441235 0.1199474 0.1431646 0.0882881 0.1099673 0.1457076 0.0083459 0.1425109 0.1150611 0.1211119 0.0850994 0.0278752 0.1488980 0.1146757 0.1019401 0.1558943 0.1265608 0.1438464 0.1090395 0.1017309 0.0970976 0.0147836 0.1630460 0.1183007 0.0139014 0.1134367 0.1013502 0.1171036 0.0848528 0.1051100 0.0877711 0.0866587 0.1182954 0.0935120 0.1604752 0.0873758 0.1397877 0.1481741 0.1016723 0.1456774 0.0288286 0.1094502 0.1071721 0.1165100 0.1084340 0.1237298 0.1037149 0.1664711 0.1061534 0.0857274 0.0909922 0.1153599 0.1102191 0.1646452 0.0867178 0.1669319 0.1495587 0.1191375 0.1183284 0.0846602 0.1124362 0.1132718 0.1624286 0.1015782 0.1192126 0.1038009 0.1423764 0.1398536 0.1404896 0.0141215 0.1164732 0.1528434 0.0817528 0.0122226 0.0098570 0.1011335 0.0847644 0.1179837 0.1063972 0.1013683 0.0981070 0.1132814 0.1188196 0.1060888 0.1451970 0.1093440 0.1114443 0.1526988 0.1118642 0.0900085 0.1485485 0.0962994 0.1465797 0.0980105 0.1054452 0.1142936 0.1024676 0.1063755 0.1559626 0.1035299 0.1554560 0.1016722 0.0993439 0.1100410 0.1180450 0.1457106 0.1004371 0.0990896 0.1804038 0.0804468 0.1063561 0.1150585 0.0999503 
S0289         0.2790268 0.1209821 0.1151825 0.0542963 0.1547585 0.1372583 0.1556450 0.0000000 0.1282101 0.1414821 0.1611567 0.0606593 0.1606062 0.1649745 0.0460109 0.1680760 0.0494339 0.1344110 0.1450309 0.1601024 0.1396739 0.1360645 0.1467471 0.0465840 0.1539137 0.0447300 0.1241054 0.1372263 0.0500455 0.1584257 0.0639855 0.1354345 0.1534233 0.1632296 0.1625829 0.0478891 0.1511020 0.1396497 0.0538940 0.0442753 0.0697433 0.1410440 0.1377985 0.1307412 0.1566939 0.1669654 0.1504543 0.1576170 0.1459612 0.1417507 0.1383588 0.1200665 0.1418843 0.1228724 0.1220823 0.1406719 0.1277113 0.0785115 0.1588627 0.0670288 0.0578818 0.1222718 0.0536665 0.1484524 0.1287933 0.1252807 0.1375912 0.1315689 0.1582223 0.1506563 0.1699163 0.1368515 0.1565534 0.1572597 0.1345872 0.1310711 0.1690405 0.1223828 0.1701900 0.0713298 0.1428892 0.1369176 0.1529709 0.1457768 0.1349012 0.1664414 0.1381310 0.1570172 0.1232235 0.0445751 0.0675905 0.0665381 0.1528066 0.0346714 0.0557923 0.1567025 0.1581222 0.1599450 0.1421849 0.1538817 0.1377329 0.1270454 0.1402752 0.1339549 0.1355319 0.1400306 0.1383548 0.0667638 0.1321619 0.1325848 0.0489170 0.1488111 0.1259241 0.0499755 0.1407162 0.0739770 0.1346444 0.1510003 0.1364863 0.1251865 0.1440470 0.0508166 0.1415847 0.0807203 0.1368854 0.1307159 0.1307740 0.1375858 0.0737595 0.1290213 0.1211284 0.2085636 0.1194902 0.1268329 0.1430127 0.1197007 
S0292         0.2484172 0.0762774 0.0736896 0.1279151 0.1047911 0.0904304 0.1085534 0.1282101 0.0000000 0.0934346 0.1191134 0.1401233 0.1098192 0.1205680 0.1228565 0.1173031 0.1190486 0.0741826 0.0829246 0.1081606 0.0987640 0.0898826 0.0972439 0.1209183 0.1107410 0.1188920 0.0774983 0.0978751 0.1151278 0.1088643 0.1168411 0.0855001 0.1104389 0.1168226 0.1162369 0.1178779 0.1046708 0.0918713 0.1269536 0.1027423 0.1160351 0.0938639 0.0910499 0.0841316 0.1052044 0.1384500 0.1044000 0.1072250 0.1000508 0.0919515 0.0886657 0.0743881 0.0932787 0.0776681 0.0750267 0.0912739 0.0826290 0.1285271 0.1158992 0.1122667 0.1211312 0.0716731 0.1171628 0.0990004 0.0806641 0.0780437 0.0886689 0.0836194 0.1137436 0.1003466 0.1409891 0.0903465 0.1098326 0.1136272 0.0863729 0.0848225 0.1394986 0.0758479 0.1415326 0.1155632 0.0940818 0.0724188 0.1081568 0.0985739 0.0457824 0.1378514 0.0911217 0.1077105 0.0700738 0.1162145 0.1128357 0.1140911 0.1036590 0.0878438 0.1304634 0.1099378 0.1105104 0.1102544 0.0935478 0.1109467 0.0781474 0.0206369 0.0903073 0.0862392 0.0872994 0.0462740 0.0912622 0.1154908 0.0205065 0.0195048 0.1198605 0.1002125 0.0792245 0.1240008 0.0918743 0.1185678 0.0888851 0.1006143 0.0430344 0.0616991 0.0973904 0.1244672 0.0939154 0.1298677 0.0903392 0.0854822 0.0694466 0.0704823 0.1181650 0.0756251 0.0712778 0.1694232 0.0707182 0.0627943 0.1030138 0.0683733 
S0293         0.2574709 0.0911880 0.0672552 0.1401270 0.1027742 0.0210446 0.1058710 0.1414821 0.0934346 0.0000000 0.0794823 0.1500306 0.1087611 0.1211355 0.1352952 0.1070365 0.1315710 0.1078747 0.1163672 0.1068634 0.0600826 0.0173592 0.0302578 0.1328463 0.0744487 0.1296100 0.0718576 0.0568618 0.1264021 0.1075164 0.1265870 0.0997186 0.0757552 0.1149798 0.1122985 0.1360565 0.0426021 0.0275785 0.1363287 0.1135229 0.1321916 0.0583670 0.0207307 0.0793530 0.1040263 0.1553865 0.0696665 0.1053069 0.0990587 0.0301116 0.1039716 0.0682185 0.0263734 0.0716611 0.0703367 0.1023399 0.0738228 0.1341024 0.1109472 0.1273771 0.1328881 0.0859527 0.1300555 0.0966603 0.0917289 0.0937355 0.1010398 0.0936807 0.0777501 0.0945356 0.1580552 0.0826084 0.1052361 0.1109459 0.1005474 0.0961379 0.1547407 0.0707818 0.1591396 0.1293114 0.1117147 0.1033996 0.1032424 0.0601442 0.1060479 0.1556870 0.0227938 0.0504139 0.0864749 0.1261182 0.1277867 0.1293320 0.1026358 0.1016361 0.1442855 0.1097612 0.1084700 0.1073917 0.0287844 0.1090940 0.1103145 0.0897609 0.0239596 0.0257768 0.1088529 0.1056498 0.0539860 0.1257010 0.0953103 0.0967929 0.1388451 0.0411418 0.0724519 0.1363927 0.0878164 0.1342584 0.0190118 0.0955899 0.1005475 0.0906351 0.0329585 0.1407232 0.0337937 0.1393239 0.0293576 0.0476121 0.1000255 0.1060257 0.1353762 0.0926180 0.0871046 0.1686606 0.0670198 0.0924595 0.0603431 0.0854464 
S0294         0.2699895 0.1152692 0.0945125 0.1596901 0.1297471 0.0754019 0.1295368 0.1611567 0.1191134 0.0794823 0.0000000 0.1740917 0.1346384 0.1426186 0.1565864 0.1412312 0.1521755 0.1291303 0.1420214 0.1327353 0.0833231 0.0734577 0.0813157 0.1511665 0.0874508 0.1486320 0.0983624 0.0833080 0.1441964 0.1329627 0.1481677 0.1247387 0.0888840 0.1376606 0.1384378 0.1566245 0.0897606 0.0798677 0.1576802 0.1309880 0.1526151 0.0798472 0.0777130 0.1089757 0.1299511 0.1755123 0.0866872 0.1309934 0.1216990 0.0790741 0.1282925 0.0949929 0.0784938 0.0972241 0.0969044 0.1286360 0.1050993 0.1600441 0.1324349 0.1489335 0.1493405 0.1098859 0.1489066 0.1232167 0.1154930 0.1155048 0.1239058 0.1165252 0.0603468 0.1227641 0.1753468 0.1081186 0.1290518 0.1327034 0.1245938 0.1219232 0.1760388 0.0969625 0.1798340 0.1503546 0.1316760 0.1300272 0.1262433 0.0840869 0.1309301 0.1756572 0.0755343 0.0936664 0.1105904 0.1479432 0.1493325 0.1481148 0.1251880 0.1172875 0.1641226 0.1300467 0.1347781 0.1329187 0.0796147 0.1273559 0.1347576 0.1169346 0.0747862 0.0753202 0.1322366 0.1285678 0.0778198 0.1472613 0.1244095 0.1235021 0.1567989 0.0854480 0.0986897 0.1571290 0.1122102 0.1540678 0.0711184 0.1242181 0.1305364 0.1190725 0.0831866 0.1608502 0.0780713 0.1614289 0.0744579 0.0701116 0.1226522 0.1293869 0.1548949 0.1145085 0.1113636 0.1901007 0.0943226 0.1200618 0.0857806 0.1101823 
S0299         0.2968444 0.1314259 0.1269302 0.0589276 0.1655767 0.1464226 0.1721088 0.0606593 0.1401233 0.1500306 0.1740917 0.0000000 0.1761398 0.1791712 0.0540208 0.1760401 0.0619931 0.1495452 0.1591139 0.1766681 0.1519671 0.1456861 0.1546034 0.0567595 0.1629578 0.0563326 0.1351969 0.1512397 0.0617461 0.1756560 0.0707853 0.1439809 0.1667485 0.1756222 0.1783349 0.0576805 0.1621329 0.1478691 0.0618618 0.0550876 0.0798216 0.1529163 0.1440843 0.1376987 0.1719230 0.1798290 0.1575792 0.1743069 0.1557349 0.1503556 0.1505088 0.1320893 0.1526014 0.1353569 0.1340413 0.1513704 0.1351577 0.0878178 0.1709954 0.0778118 0.0678163 0.1300917 0.0612425 0.1643241 0.1382017 0.1313423 0.1478539 0.1400323 0.1661019 0.1590643 0.1854413 0.1436304 0.1691626 0.1732932 0.1407124 0.1351467 0.1837787 0.1348415 0.1860489 0.0791753 0.1526759 0.1513161 0.1664819 0.1563702 0.1480693 0.1819331 0.1467917 0.1631510 0.1327016 0.0545842 0.0775836 0.0772303 0.1685168 0.0456198 0.0576353 0.1681064 0.1763853 0.1745205 0.1514289 0.1672436 0.1526990 0.1405894 0.1481494 0.1429557 0.1457669 0.1498471 0.1498488 0.0782075 0.1433769 0.1448100 0.0602343 0.1560990 0.1364476 0.0594040 0.1471149 0.0844666 0.1438707 0.1593219 0.1487186 0.1374353 0.1538796 0.0552109 0.1506926 0.0958149 0.1444800 0.1414058 0.1447527 0.1501592 0.0832457 0.1374930 0.1302492 0.2165995 0.1302915 0.1397494 0.1545825 0.1287380 
S0303         0.2801176 0.1016615 0.0874320 0.1586499 0.1136926 0.1054830 0.0158375 0.1606062 0.1098192 0.1087611 0.1346384 0.1761398 0.0000000 0.0854554 0.1564206 0.0191651 0.1514005 0.1194977 0.1248794 0.0117676 0.1124887 0.1027192 0.1102510 0.1507034 0.1227655 0.1489762 0.0910308 0.1132690 0.1517680 0.0176718 0.1482029 0.1173873 0.1255741 0.0872282 0.0269005 0.1540610 0.1172392 0.1042962 0.1617145 0.1314507 0.1473281 0.1138765 0.1051457 0.1005196 0.0121098 0.1660112 0.1216427 0.0124198 0.1148063 0.1045940 0.1182989 0.0881801 0.1079970 0.0907276 0.0896028 0.1211186 0.0963020 0.1646439 0.0903721 0.1436936 0.1532483 0.1052441 0.1531005 0.0321603 0.1115037 0.1091589 0.1190477 0.1124172 0.1281334 0.1069814 0.1710140 0.1082519 0.0890547 0.0960955 0.1167961 0.1129927 0.1692206 0.0900695 0.1713480 0.1552899 0.1210406 0.1214278 0.0870072 0.1166794 0.1154533 0.1665670 0.1046323 0.1235578 0.1057344 0.1474524 0.1444803 0.1447779 0.0118780 0.1213047 0.1583460 0.0846570 0.0197800 0.0180344 0.1039808 0.0883066 0.1194555 0.1074025 0.1040099 0.1009767 0.1155245 0.1194205 0.1096848 0.1512970 0.1103538 0.1126928 0.1586986 0.1150222 0.0934016 0.1554560 0.0993168 0.1513443 0.1006336 0.1087129 0.1168367 0.1060119 0.1093254 0.1610368 0.1068751 0.1597804 0.1043303 0.1036775 0.1124092 0.1196352 0.1500976 0.1029797 0.1024273 0.1832824 0.0831336 0.1097393 0.1178491 0.1030416 
S0308         0.2784042 0.1112629 0.0972123 0.1637657 0.1244567 0.1164759 0.0822121 0.1649745 0.1205680 0.1211355 0.1426186 0.1791712 0.0854554 0.0000000 0.1602422 0.0927975 0.1598904 0.1318379 0.1394362 0.0844504 0.1205635 0.1134640 0.1213534 0.1535035 0.1299867 0.1545994 0.0995489 0.1207829 0.1554608 0.0843598 0.1538510 0.1266536 0.1319782 0.0987602 0.0957696 0.1574872 0.1268464 0.1189224 0.1636569 0.1386793 0.1534325 0.1202737 0.1171818 0.1074177 0.0828810 0.1801241 0.1322111 0.0837640 0.1290475 0.1157829 0.1280790 0.0970252 0.1198081 0.0989299 0.0983202 0.1328217 0.1041090 0.1713306 0.0990550 0.1496234 0.1560097 0.1153906 0.1507620 0.0720988 0.1204837 0.1199976 0.1291909 0.1216859 0.1424415 0.1188011 0.1839318 0.1182002 0.0982244 0.1046361 0.1298264 0.1258774 0.1811765 0.0987921 0.1857403 0.1610696 0.1334237 0.1305342 0.0961453 0.1221563 0.1296096 0.1825501 0.1157993 0.1326756 0.1151815 0.1524549 0.1489855 0.1498075 0.0806045 0.1270812 0.1617517 0.0943167 0.0850698 0.0829543 0.1177516 0.0960727 0.1330035 0.1196437 0.1153255 0.1115518 0.1269003 0.1317123 0.1176996 0.1578630 0.1227214 0.1252805 0.1617463 0.1271050 0.0995596 0.1560230 0.1100878 0.1551267 0.1109132 0.1180769 0.1304971 0.1178805 0.1200769 0.1619515 0.1173180 0.1687009 0.1158713 0.1108137 0.1243664 0.1359850 0.1583045 0.1190019 0.1143083 0.1940604 0.0943547 0.1211787 0.1244450 0.1134292 
S0320         0.2672278 0.1131655 0.1137196 0.0493783 0.1457191 0.1325292 0.1509628 0.0460109 0.1228565 0.1352952 0.1565864 0.0540208 0.1564206 0.1602422 0.0000000 0.1636997 0.0470266 0.1298414 0.1410968 0.1557873 0.1377470 0.1328366 0.1433454 0.0435575 0.1500404 0.0418906 0.1194241 0.1366552 0.0463019 0.1530088 0.0585558 0.1308899 0.1505670 0.1625632 0.1586802 0.0436796 0.1465871 0.1345037 0.0472734 0.0407045 0.0649210 0.1379144 0.1320178 0.1270498 0.1518864 0.1635266 0.1464972 0.1535146 0.1420397 0.1371009 0.1357366 0.1163449 0.1392596 0.1187099 0.1173929 0.1372641 0.1256907 0.0738388 0.1542201 0.0624241 0.0550164 0.1185474 0.0477281 0.1435377 0.1239075 0.1227384 0.1325552 0.1257073 0.1534929 0.1444187 0.1673873 0.1315102 0.1525435 0.1519824 0.1322591 0.1277582 0.1653364 0.1188213 0.1685752 0.0652472 0.1376141 0.1330212 0.1496014 0.1404457 0.1331624 0.1647299 0.1346375 0.1534095 0.1221527 0.0395728 0.0627948 0.0632857 0.1487519 0.0331069 0.0523115 0.1534628 0.1532064 0.1546619 0.1379879 0.1508564 0.1340609 0.1227805 0.1355371 0.1290488 0.1266666 0.1337709 0.1349295 0.0631509 0.1267742 0.1265280 0.0435902 0.1456432 0.1210534 0.0459621 0.1336977 0.0699802 0.1314193 0.1459894 0.1333814 0.1229087 0.1411930 0.0460131 0.1389287 0.0764925 0.1331988 0.1300173 0.1270182 0.1346119 0.0683848 0.1240931 0.1191295 0.2035412 0.1134648 0.1245065 0.1395128 0.1165430 
S0322         0.2911519 0.1088502 0.0962892 0.1654510 0.1214960 0.1129885 0.0218957 0.1680760 0.1173031 0.1070365 0.1412312 0.1760401 0.0191651 0.0927975 0.1636997 0.0000000 0.1585345 0.1262490 0.1217168 0.0182562 0.1149693 0.1100505 0.1179511 0.1587222 0.1302026 0.1553209 0.0993655 0.1198611 0.1464647 0.0239226 0.1561617 0.1244422 0.1312484 0.0933515 0.0252440 0.1604900 0.1241576 0.1118107 0.1679360 0.1398020 0.1549941 0.1194478 0.1025178 0.1069841 0.0168906 0.1758063 0.1275937 0.0175426 0.1242277 0.1123788 0.1265483 0.0952049 0.1151798 0.0975624 0.0966546 0.1289202 0.1030992 0.1651600 0.0962287 0.1517374 0.1610439 0.1107646 0.1617093 0.0374230 0.1192450 0.1168433 0.1263957 0.1194776 0.1228910 0.1149622 0.1796618 0.1065056 0.0955459 0.1034723 0.1239630 0.1193383 0.1776180 0.0969260 0.1805520 0.1649901 0.1290671 0.1259834 0.0934145 0.1215875 0.1240367 0.1756495 0.1118277 0.1313412 0.1134757 0.1549899 0.1522566 0.1524066 0.0177358 0.1282253 0.1651119 0.0897307 0.0257331 0.0249890 0.1112729 0.0943027 0.1265568 0.1146156 0.1107360 0.1074806 0.1245622 0.1281519 0.1151179 0.1580998 0.1180382 0.1205934 0.1664232 0.1224605 0.1000651 0.1599575 0.1068889 0.1589681 0.1084531 0.1166845 0.1246770 0.1119442 0.1163403 0.1685407 0.1142364 0.1678949 0.1112275 0.1101718 0.1186221 0.1269252 0.1584918 0.1100040 0.1089562 0.1911992 0.0909242 0.1157563 0.1245208 0.1102708 
S0327         0.2679541 0.1113281 0.1072489 0.0529967 0.1436551 0.1265540 0.1464876 0.0494339 0.1190486 0.1315710 0.1521755 0.0619931 0.1514005 0.1598904 0.0470266 0.1585345 0.0000000 0.1247515 0.1371546 0.1502597 0.1327269 0.1257732 0.1367447 0.0462312 0.1459089 0.0390213 0.1126887 0.1301854 0.0383437 0.1489854 0.0518631 0.1235071 0.1452864 0.1580033 0.1524051 0.0480043 0.1416091 0.1295965 0.0525500 0.0352224 0.0607905 0.1315218 0.1251403 0.1204389 0.1463787 0.1593560 0.1406027 0.1479100 0.1344438 0.1294734 0.1287458 0.1098631 0.1316223 0.1123953 0.1117937 0.1327042 0.1178697 0.0656697 0.1512554 0.0564261 0.0512425 0.1128549 0.0502820 0.1385764 0.1158208 0.1161906 0.1270445 0.1213096 0.1484878 0.1415456 0.1618579 0.1265576 0.1499803 0.1477662 0.1271184 0.1227671 0.1612297 0.1125044 0.1632357 0.0578299 0.1319407 0.1298816 0.1476661 0.1345995 0.1266827 0.1602189 0.1268664 0.1464321 0.1148422 0.0388862 0.0571744 0.0581638 0.1437385 0.0288238 0.0541215 0.1503077 0.1512129 0.1501440 0.1313509 0.1486179 0.1291181 0.1193711 0.1294518 0.1226888 0.1244999 0.1295222 0.1284129 0.0540131 0.1225214 0.1232108 0.0509038 0.1389642 0.1151717 0.0494854 0.1321317 0.0636250 0.1249509 0.1425256 0.1247433 0.1165142 0.1317467 0.0509309 0.1320535 0.0683906 0.1268050 0.1206181 0.1215969 0.1269149 0.0631735 0.1165232 0.1125305 0.1975143 0.1103967 0.1186976 0.1362997 0.1110782 
S0335         0.2585327 0.0825120 0.0822615 0.1339549 0.1154833 0.1048411 0.1168926 0.1344110 0.0741826 0.1078747 0.1291303 0.1495452 0.1194977 0.1318379 0.1298414 0.1262490 0.1247515 0.0000000 0.0319825 0.1177002 0.1097902 0.1020366 0.1083801 0.1290949 0.1212848 0.1272835 0.0872650 0.1067798 0.1289514 0.1175955 0.1202029 0.0972376 0.1212600 0.1278165 0.1266383 0.1248354 0.1139062 0.1047821 0.1321503 0.1127931 0.1257363 0.1063619 0.1025531 0.0971963 0.1149617 0.1465420 0.1158797 0.1159135 0.1116194 0.1047148 0.1001962 0.0832154 0.1068980 0.0862133 0.0844682 0.1014790 0.0926175 0.1365536 0.1182282 0.1210609 0.1261079 0.0780174 0.1259817 0.1088634 0.0913096 0.0903588 0.1007584 0.0937015 0.1256509 0.1079160 0.1501488 0.1000447 0.1130193 0.1187659 0.0958918 0.0936457 0.1485416 0.0849472 0.1504500 0.1291640 0.1016681 0.0665890 0.1137908 0.1106600 0.0865256 0.1479498 0.1048492 0.1198736 0.0801755 0.1220107 0.1221409 0.1231209 0.1141321 0.0985739 0.1365951 0.1189538 0.1200268 0.1180106 0.1045680 0.1134332 0.0333439 0.0738642 0.1039787 0.0992820 0.0936465 0.0875949 0.1047544 0.1234571 0.0759711 0.0786680 0.1339244 0.1123036 0.0880179 0.1307573 0.0989017 0.1282419 0.1004791 0.1079729 0.0838513 0.0550820 0.1090772 0.1315827 0.1075745 0.1336392 0.1025545 0.0996671 0.0225890 0.0590387 0.1274635 0.0886325 0.0802538 0.1739052 0.0812155 0.0569252 0.1123539 0.0786284 
S0345         0.2744832 0.0885091 0.0897303 0.1437366 0.1232738 0.1139459 0.1230020 0.1450309 0.0829246 0.1163672 0.1420214 0.1591139 0.1248794 0.1394362 0.1410968 0.1217168 0.1371546 0.0319825 0.0000000 0.1234613 0.1204390 0.1117636 0.1186429 0.1379684 0.1305107 0.1364996 0.0963813 0.1170428 0.1358112 0.1232927 0.1305155 0.1031034 0.1312113 0.1362353 0.1319133 0.1357207 0.1260557 0.1154242 0.1437251 0.1208363 0.1339976 0.1165253 0.1122843 0.1051704 0.1189550 0.1580949 0.1247884 0.1215833 0.1181783 0.1133271 0.1093150 0.0929256 0.1168765 0.0960902 0.0931504 0.1094336 0.1015210 0.1404163 0.1242934 0.1288186 0.1385184 0.0876024 0.1372779 0.1142376 0.0984450 0.0991113 0.1081446 0.1022897 0.1340229 0.1160999 0.1630706 0.1088921 0.1218498 0.1301137 0.1066198 0.1033819 0.1606250 0.0940964 0.1636748 0.1350011 0.1094523 0.0753893 0.1232911 0.1214157 0.0942972 0.1604178 0.1154725 0.1317503 0.0912711 0.1343584 0.1304332 0.1306640 0.1189041 0.1056757 0.1478161 0.1283734 0.1251945 0.1247269 0.1140571 0.1189133 0.0373098 0.0799016 0.1132426 0.1091676 0.1007834 0.0971475 0.1170760 0.1323482 0.0850934 0.0870051 0.1436524 0.1244593 0.0967108 0.1404959 0.1066893 0.1379473 0.1103450 0.1166925 0.0907959 0.0646173 0.1186202 0.1428692 0.1182289 0.1450306 0.1147395 0.1085588 0.0262746 0.0680572 0.1356432 0.0944048 0.0865396 0.1815637 0.0881760 0.0643568 0.1223370 0.0882843 
S0355         0.2797180 0.1003101 0.0864753 0.1569687 0.1131339 0.1034861 0.0147895 0.1601024 0.1081606 0.1068634 0.1327353 0.1766681 0.0117676 0.0844504 0.1557873 0.0182562 0.1502597 0.1177002 0.1234613 0.0000000 0.1099096 0.1009586 0.1080111 0.1491732 0.1212303 0.1470786 0.0905644 0.1107531 0.1486162 0.0164483 0.1452774 0.1159430 0.1210814 0.0842971 0.0251126 0.1523769 0.1145103 0.1022168 0.1602872 0.1314591 0.1468382 0.1115091 0.1022663 0.0971349 0.0108991 0.1647931 0.1175816 0.0108874 0.1147018 0.1030544 0.1168760 0.0864994 0.1053284 0.0896577 0.0881306 0.1201211 0.0947647 0.1634123 0.0882820 0.1429806 0.1528680 0.1038437 0.1504831 0.0304859 0.1105060 0.1081639 0.1166169 0.1107387 0.1251922 0.1056055 0.1681609 0.1082471 0.0865528 0.0937097 0.1154259 0.1113551 0.1667510 0.0883503 0.1691730 0.1534740 0.1200368 0.1189359 0.0853266 0.1132342 0.1135596 0.1630193 0.1022406 0.1214164 0.1047521 0.1456252 0.1430439 0.1437778 0.0104554 0.1199425 0.1564782 0.0817104 0.0178371 0.0169579 0.1013745 0.0858397 0.1181354 0.1057516 0.1018190 0.0985478 0.1142582 0.1179652 0.1070294 0.1478406 0.1091445 0.1112957 0.1564618 0.1140778 0.0919081 0.1541307 0.0974775 0.1501080 0.0986830 0.1064264 0.1152138 0.1034887 0.1062555 0.1590630 0.1046633 0.1594048 0.1021207 0.1003924 0.1099872 0.1182488 0.1487094 0.1007558 0.1010523 0.1824928 0.0815151 0.1069985 0.1137431 0.1020768 
S0376         0.2580385 0.0900589 0.0737561 0.1386061 0.1079050 0.0566780 0.1090028 0.1396739 0.0987640 0.0600826 0.0833231 0.1519671 0.1124887 0.1205635 0.1377470 0.1149693 0.1327269 0.1097902 0.1204390 0.1099096 0.0000000 0.0539359 0.0598119 0.1291764 0.0735941 0.1282032 0.0757044 0.0350649 0.1268269 0.1108285 0.1257836 0.1023210 0.0743551 0.1167553 0.1137058 0.1356696 0.0705277 0.0595487 0.1382678 0.1146601 0.1329404 0.0591169 0.0563141 0.0848919 0.1056208 0.1570470 0.0695741 0.1075643 0.1006915 0.0568366 0.1080303 0.0729688 0.0601569 0.0748636 0.0733910 0.1085677 0.0814298 0.1357161 0.1119700 0.1297622 0.1330929 0.0893876 0.1311472 0.0997911 0.0978022 0.0954481 0.1071972 0.1000691 0.0785944 0.0998801 0.1597622 0.0892381 0.1072633 0.1099440 0.1038306 0.1015685 0.1579103 0.0742429 0.1614486 0.1338975 0.1112140 0.1061406 0.1047316 0.0658696 0.1070268 0.1582641 0.0554887 0.0746397 0.0900531 0.1267540 0.1290327 0.1311755 0.1052929 0.1008437 0.1422052 0.1093614 0.1110399 0.1115910 0.0585685 0.1084255 0.1133755 0.0946801 0.0550161 0.0528224 0.1028208 0.1068455 0.0583053 0.1278585 0.1014131 0.1039329 0.1376269 0.0662094 0.0764907 0.1364508 0.0915039 0.1370679 0.0522398 0.0995199 0.1074152 0.0944783 0.0586220 0.1406825 0.0569734 0.1378711 0.0540173 0.0510948 0.1041907 0.1103466 0.1364578 0.0936217 0.0913281 0.1701663 0.0731592 0.0964591 0.0396784 0.0875713 
S0400         0.2536972 0.0851869 0.0620720 0.1341533 0.0974812 0.0136794 0.1000953 0.1360645 0.0898826 0.0173592 0.0734577 0.1456861 0.1027192 0.1134640 0.1328366 0.1100505 0.1257732 0.1020366 0.1117636 0.1009586 0.0539359 0.0000000 0.0215611 0.1272256 0.0645322 0.1240654 0.0663440 0.0510643 0.1208078 0.1018300 0.1207922 0.0955932 0.0653315 0.1090847 0.1063689 0.1310209 0.0344065 0.0208454 0.1315543 0.1070991 0.1280242 0.0499138 0.0109241 0.0751528 0.0985533 0.1516426 0.0618967 0.0995465 0.0914102 0.0209569 0.0990104 0.0629591 0.0163629 0.0657329 0.0648966 0.0987747 0.0698985 0.1357011 0.1034693 0.1228282 0.1256559 0.0800545 0.1245575 0.0912866 0.0886826 0.0875282 0.0975700 0.0897573 0.0705739 0.0898702 0.1549417 0.0802369 0.1003640 0.1055953 0.0969992 0.0931686 0.1511337 0.0651206 0.1566260 0.1257552 0.1042276 0.0974347 0.0974894 0.0526466 0.1013446 0.1529731 0.0149228 0.0410344 0.0804512 0.1205203 0.1236459 0.1245143 0.0973250 0.0970922 0.1375053 0.1023553 0.1037266 0.1023297 0.0202660 0.1009422 0.1051720 0.0854314 0.0157019 0.0184701 0.1002332 0.1012671 0.0473812 0.1210483 0.0915089 0.0925974 0.1332605 0.0346477 0.0668925 0.1306823 0.0820585 0.1296584 0.0104276 0.0903980 0.0972912 0.0867073 0.0238910 0.1352712 0.0248002 0.1343766 0.0212852 0.0402498 0.0952533 0.1010056 0.1313423 0.0870769 0.0811035 0.1639989 0.0612283 0.0883693 0.0537518 0.0791802 
S0405         0.2607731 0.0910935 0.0693204 0.1436790 0.1040262 0.0259072 0.1073271 0.1467471 0.0972439 0.0302578 0.0813157 0.1546034 0.1102510 0.1213534 0.1433454 0.1179511 0.1367447 0.1083801 0.1186429 0.1080111 0.0598119 0.0215611 0.0000000 0.1380047 0.0705348 0.1331622 0.0739147 0.0583275 0.1310698 0.1081757 0.1303815 0.1015159 0.0731998 0.1146472 0.1121028 0.1406799 0.0395924 0.0203726 0.1411890 0.1183719 0.1372298 0.0551805 0.0225053 0.0840832 0.1061625 0.1581205 0.0690424 0.1071797 0.0994755 0.0262699 0.1049583 0.0704445 0.0252314 0.0732870 0.0724248 0.1058938 0.0782996 0.1452232 0.1116447 0.1307656 0.1367833 0.0884147 0.1353437 0.0989025 0.0953182 0.0942873 0.1036307 0.0958384 0.0780208 0.0976933 0.1621128 0.0859699 0.1074017 0.1127135 0.1057255 0.1011115 0.1590956 0.0724663 0.1641629 0.1328729 0.1123348 0.1054294 0.1053970 0.0602829 0.1085356 0.1609214 0.0243162 0.0478608 0.0877734 0.1295910 0.1324872 0.1333580 0.1051618 0.1051818 0.1478178 0.1081100 0.1099365 0.1100881 0.0217255 0.1096413 0.1133415 0.0937891 0.0247301 0.0178590 0.1056924 0.1095092 0.0541662 0.1289406 0.1002456 0.1003691 0.1427118 0.0411499 0.0744702 0.1414101 0.0894070 0.1386778 0.0198934 0.0977935 0.1066680 0.0937376 0.0303028 0.1448099 0.0321463 0.1425654 0.0274533 0.0480062 0.1021716 0.1081069 0.1378479 0.0936085 0.0886741 0.1687465 0.0693304 0.0958512 0.0620231 0.0878728 
S0407sl       0.2747348 0.1102441 0.1069912 0.0504877 0.1417179 0.1272317 0.1441235 0.0465840 0.1209183 0.1328463 0.1511665 0.0567595 0.1507034 0.1535035 0.0435575 0.1587222 0.0462312 0.1290949 0.1379684 0.1491732 0.1291764 0.1272256 0.1380047 0.0000000 0.1440223 0.0402476 0.1134091 0.1311583 0.0471455 0.1467292 0.0587827 0.1267674 0.1427183 0.1563163 0.1511949 0.0468648 0.1421719 0.1296850 0.0491528 0.0402914 0.0652873 0.1322206 0.1277365 0.1206535 0.1457093 0.1575845 0.1414370 0.1470414 0.1396953 0.1320687 0.1294091 0.1103069 0.1324876 0.1131109 0.1114245 0.1336849 0.1182898 0.0744391 0.1490820 0.0627367 0.0522013 0.1147127 0.0490307 0.1355600 0.1191147 0.1181758 0.1306841 0.1206996 0.1512781 0.1370704 0.1608376 0.1286850 0.1461606 0.1460939 0.1257921 0.1213932 0.1608293 0.1128058 0.1611948 0.0650253 0.1334559 0.1296138 0.1443235 0.1366282 0.1298793 0.1589511 0.1282605 0.1440574 0.1171255 0.0397754 0.0629072 0.0632952 0.1447847 0.0316126 0.0539639 0.1480418 0.1484494 0.1482570 0.1321810 0.1455771 0.1325276 0.1196613 0.1295065 0.1250704 0.1246819 0.1304498 0.1286698 0.0610557 0.1228719 0.1237138 0.0463129 0.1388283 0.1148530 0.0149311 0.1270410 0.0700588 0.1242124 0.1376478 0.1296838 0.1195229 0.1354727 0.0506153 0.1325835 0.0746338 0.1282676 0.1238178 0.1237517 0.1296365 0.0700587 0.1207154 0.1136639 0.1941724 0.1093409 0.1217111 0.1342631 0.1123365 
S0412sl       0.2763208 0.1002607 0.0836380 0.1524799 0.1181438 0.0664852 0.1199474 0.1539137 0.1107410 0.0744487 0.0874508 0.1629578 0.1227655 0.1299867 0.1500404 0.1302026 0.1459089 0.1212848 0.1305107 0.1212303 0.0735941 0.0645322 0.0705348 0.1440223 0.0000000 0.1420700 0.0875451 0.0715681 0.1426808 0.1226650 0.1397716 0.1150902 0.0755420 0.1302524 0.1245152 0.1499392 0.0814003 0.0701351 0.1500092 0.1244944 0.1473952 0.0695089 0.0681937 0.0961507 0.1187826 0.1714869 0.0601970 0.1198376 0.1137539 0.0701150 0.1202043 0.0845272 0.0698511 0.0862138 0.0849372 0.1243124 0.0909640 0.1565813 0.1201953 0.1424323 0.1420856 0.0994225 0.1422529 0.1112790 0.1100723 0.1086346 0.1196313 0.1105696 0.0866693 0.1083908 0.1745254 0.1016574 0.1186033 0.1248851 0.1161414 0.1145701 0.1719306 0.0851475 0.1771264 0.1446425 0.1252930 0.1172346 0.1162623 0.0767462 0.1183880 0.1727259 0.0669518 0.0836325 0.1014630 0.1380840 0.1423694 0.1423303 0.1168429 0.1136330 0.1559368 0.1244207 0.1236415 0.1238669 0.0701811 0.1187878 0.1225027 0.1040224 0.0664292 0.0636883 0.1160582 0.1214286 0.0705560 0.1414276 0.1135800 0.1140292 0.1502185 0.0787144 0.0868354 0.1494108 0.1008314 0.1476026 0.0633286 0.1093209 0.1195296 0.1059540 0.0724349 0.1532817 0.0689566 0.1554937 0.0667072 0.0608441 0.1118155 0.1171594 0.1476109 0.1071621 0.1005389 0.1803083 0.0802098 0.1088464 0.0754060 0.1001322 
S0417         0.2696801 0.1059387 0.1067033 0.0498380 0.1421999 0.1245712 0.1431646 0.0447300 0.1188920 0.1296100 0.1486320 0.0563326 0.1489762 0.1545994 0.0418906 0.1553209 0.0390213 0.1272835 0.1364996 0.1470786 0.1282032 0.1240654 0.1331622 0.0402476 0.1420700 0.0000000 0.1129143 0.1277994 0.0397107 0.1449604 0.0515862 0.1236086 0.1402642 0.1549545 0.1490558 0.0421494 0.1380762 0.1254025 0.0475329 0.0332706 0.0605828 0.1293624 0.1246014 0.1211460 0.1426618 0.1579063 0.1376100 0.1440379 0.1369994 0.1281400 0.1287199 0.1100227 0.1290959 0.1130535 0.1111432 0.1315515 0.1184732 0.0672380 0.1473955 0.0578249 0.0451793 0.1111523 0.0428755 0.1342056 0.1175635 0.1158245 0.1250353 0.1194683 0.1489413 0.1388667 0.1601073 0.1235152 0.1460602 0.1474581 0.1232948 0.1194682 0.1604563 0.1123083 0.1617772 0.0613187 0.1320066 0.1277756 0.1425021 0.1340395 0.1268363 0.1577460 0.1254078 0.1440604 0.1124814 0.0310102 0.0576054 0.0581645 0.1431932 0.0251670 0.0531909 0.1462788 0.1458449 0.1466813 0.1276674 0.1432538 0.1302180 0.1170184 0.1262277 0.1205999 0.1187529 0.1285735 0.1272964 0.0557886 0.1212528 0.1221247 0.0468558 0.1380910 0.1150167 0.0438604 0.1291065 0.0647012 0.1211248 0.1388741 0.1276179 0.1159755 0.1312033 0.0466485 0.1297792 0.0679711 0.1242303 0.1197811 0.1219837 0.1276772 0.0632606 0.1179109 0.1110708 0.1958850 0.1073748 0.1177113 0.1334495 0.1087774 
S0419         0.2431254 0.0722268 0.0264385 0.1226023 0.0635775 0.0685698 0.0882881 0.1241054 0.0774983 0.0718576 0.0983624 0.1351969 0.0910308 0.0995489 0.1194241 0.0993655 0.1126887 0.0872650 0.0963813 0.0905644 0.0757044 0.0663440 0.0739147 0.1134091 0.0875451 0.1129143 0.0000000 0.0744673 0.1130546 0.0908838 0.1086209 0.0847559 0.0882105 0.0978336 0.0995475 0.1189311 0.0804868 0.0693266 0.1198039 0.0977434 0.1141814 0.0743269 0.0692579 0.0392511 0.0872959 0.1330315 0.0826840 0.0888672 0.0788163 0.0706736 0.0865938 0.0098019 0.0703210 0.0116410 0.0106333 0.0908742 0.0355921 0.1216491 0.0962024 0.1089522 0.1152056 0.0669700 0.1132826 0.0784720 0.0778752 0.0763970 0.0872213 0.0783998 0.0943375 0.0565062 0.1388870 0.0714455 0.0909061 0.0915222 0.0858234 0.0833928 0.1348968 0.0108047 0.1379101 0.1136991 0.0912834 0.0821581 0.0894956 0.0803046 0.0861812 0.1358593 0.0685863 0.0825317 0.0679053 0.1097529 0.1093298 0.1108310 0.0862695 0.0863059 0.1254590 0.0939171 0.0912237 0.0905245 0.0698390 0.0913353 0.0905467 0.0746024 0.0688672 0.0648956 0.0843213 0.0895899 0.0736636 0.1097695 0.0792795 0.0808093 0.1203030 0.0763396 0.0134744 0.1175504 0.0495075 0.1166361 0.0661620 0.0553071 0.0844140 0.0705693 0.0744097 0.1202703 0.0714326 0.1179624 0.0681755 0.0677952 0.0804714 0.0868489 0.1159927 0.0743339 0.0663526 0.1510803 0.0343578 0.0740607 0.0792470 0.0655665 
S0427         0.2584726 0.0939459 0.0726674 0.1379204 0.1059416 0.0539109 0.1099673 0.1372263 0.0978751 0.0568618 0.0833080 0.1512397 0.1132690 0.1207829 0.1366552 0.1198611 0.1301854 0.1067798 0.1170428 0.1107531 0.0350649 0.0510643 0.0583275 0.1311583 0.0715681 0.1277994 0.0744673 0.0000000 0.1276116 0.1116310 0.1243888 0.1022236 0.0713458 0.1153073 0.1197254 0.1344416 0.0656513 0.0555826 0.1356415 0.1149919 0.1321790 0.0565761 0.0539757 0.0830923 0.1080683 0.1541415 0.0678829 0.1096997 0.0992132 0.0550010 0.1063477 0.0709700 0.0563816 0.0738464 0.0725927 0.1075830 0.0792637 0.1389865 0.1112878 0.1271495 0.1301945 0.0868992 0.1301306 0.0991231 0.0962087 0.0952750 0.1069516 0.0982627 0.0784224 0.0984345 0.1589211 0.0893531 0.1067234 0.1103003 0.1025727 0.1002371 0.1563140 0.0732120 0.1596098 0.1298309 0.1109257 0.1054656 0.1046767 0.0615409 0.1092765 0.1567627 0.0523827 0.0709082 0.0899741 0.1248574 0.1273108 0.1291723 0.1075206 0.1002095 0.1417390 0.1066818 0.1131235 0.1128091 0.0561126 0.1068313 0.1111324 0.0929769 0.0523137 0.0506762 0.1053149 0.1067803 0.0546522 0.1255189 0.0997939 0.1023105 0.1338344 0.0624735 0.0752253 0.1366524 0.0902244 0.1342112 0.0486593 0.0981045 0.1058871 0.0951448 0.0582631 0.1392387 0.0543914 0.1392855 0.0519113 0.0486882 0.1008680 0.1062193 0.1350511 0.0949880 0.0881760 0.1701967 0.0708182 0.0959660 0.0368106 0.0863052 
S0428sl       0.2769636 0.1081740 0.1013644 0.0554695 0.1459044 0.1210553 0.1457076 0.0500455 0.1151278 0.1264021 0.1441964 0.0617461 0.1517680 0.1554608 0.0463019 0.1464647 0.0383437 0.1289514 0.1358112 0.1486162 0.1268269 0.1208078 0.1310698 0.0471455 0.1426808 0.0397107 0.1130546 0.1276116 0.0000000 0.1458797 0.0493358 0.1247392 0.1415405 0.1514247 0.1420912 0.0483781 0.1367329 0.1215327 0.0512558 0.0381540 0.0580335 0.1220679 0.1199206 0.1203385 0.1422767 0.1585774 0.1350175 0.1443963 0.1360985 0.1264458 0.1304107 0.1089370 0.1273674 0.1121808 0.1086579 0.1309505 0.1174168 0.0591661 0.1496048 0.0546974 0.0485777 0.1109466 0.0496207 0.1357512 0.1159777 0.1131567 0.1249624 0.1182376 0.1400724 0.1387945 0.1624978 0.1224901 0.1462887 0.1460879 0.1229419 0.1195193 0.1604566 0.1110405 0.1616822 0.0545189 0.1316090 0.1285416 0.1432045 0.1299218 0.1226874 0.1579543 0.1223314 0.1411787 0.1119315 0.0404967 0.0551216 0.0552854 0.1440545 0.0285851 0.0573117 0.1471027 0.1483871 0.1479264 0.1264343 0.1469306 0.1308870 0.1147723 0.1239018 0.1198404 0.1188234 0.1253832 0.1234929 0.0543400 0.1175718 0.1186172 0.0527978 0.1342535 0.1139247 0.0472048 0.1269390 0.0604290 0.1195048 0.1375800 0.1247546 0.1143139 0.1299759 0.0515259 0.1282196 0.0659545 0.1214523 0.1164288 0.1227623 0.1265628 0.0602754 0.1179904 0.1105106 0.2010703 0.1098549 0.1165750 0.1312094 0.1074938 
