131
PAFTOL_019361 0.0000000 0.2721972 0.2862436 0.3278723 0.2960898 0.2754736 0.3273178 0.3108115 0.2695243 0.3080537 0.2945876 0.3365417 0.3165838 0.3407471 0.3322110 0.3684743 0.3131596 0.2724801 0.3095473 0.3450709 0.2600186 0.2985458 0.2922328 0.3007075 0.3025299 0.2745220 0.2893172 0.3614620 0.2937719 0.2862395 0.3011872 0.3539022 0.2983089 0.3019076 0.3076706 0.3003900 0.3294591 0.2916716 0.2903333 0.2851403 0.3521168 0.3460056 0.2936434 0.3774167 0.2767085 0.2934275 0.2748655 0.2784436 0.2896792 0.2838638 0.2836208 0.2901601 0.2885637 0.3272025 0.3383116 0.3238454 0.3033210 0.2532322 0.3911133 0.3329370 0.2847959 0.2997701 0.2807321 0.2841614 0.2952262 0.3254851 0.3371689 0.2886932 0.3694159 0.3377879 0.2838535 0.2646268 0.3491580 0.2769826 0.3280013 0.2878652 0.2855170 0.2697494 0.3453615 0.2834272 0.2807396 0.3384523 0.2857506 0.2841172 0.2637223 0.3152672 0.3292934 0.3277870 0.3563465 0.3222763 0.3331071 0.3445203 0.3549112 0.3757608 0.2930687 0.3235340 0.3081111 0.2685949 0.2828066 0.2612091 0.2848385 0.2785798 0.2741620 0.3172522 0.2991543 0.2543480 0.3471904 0.2820952 0.2861992 0.3193836 0.3180496 0.2819263 0.3260093 0.2714727 0.2760812 0.2909684 0.3375236 0.2811229 0.3153677 0.2939958 0.2775444 0.2757292 0.2731715 0.3820136 0.2619807 0.2540106 0.5102091 0.2759392 0.2752432 0.2854349 0.2506032 
S0055         0.2721972 0.0000000 0.0530882 0.1171159 0.0888226 0.0566103 0.1375706 0.1021679 0.0854310 0.0636118 0.1038487 0.1351849 0.1027713 0.1449551 0.1165556 0.1529338 0.0909971 0.0867704 0.0876541 0.1359682 0.0715335 0.0672012 0.0618508 0.0668045 0.0879881 0.0621532 0.0739390 0.1388201 0.0969108 0.1130524 0.0729734 0.1539195 0.0693566 0.0674614 0.1077412 0.1021816 0.1130155 0.0685358 0.0607314 0.0698959 0.1475011 0.2489407 0.0680044 0.1700332 0.0797139 0.0630933 0.1079038 0.0620891 0.0669516 0.0679886 0.0656780 0.1168597 0.0789692 0.1125479 0.1417679 0.1035331 0.0933697 0.0642398 0.1348356 0.1174056 0.1086706 0.0977092 0.1036227 0.1132524 0.0853118 0.1069493 0.2238607 0.0856831 0.1575134 0.1452276 0.1064370 0.0967316 0.2385719 0.0615373 0.2203692 0.0801231 0.1092100 0.0847580 0.1460406 0.0706179 0.1058807 0.2352688 0.0578284 0.0680734 0.0651841 0.0943774 0.1006464 0.1006887 0.1342174 0.1031088 0.1177729 0.1488455 0.1355310 0.1521688 0.0655501 0.1387831 0.0957388 0.0882962 0.0586320 0.0498425 0.0329771 0.0920045 0.0599031 0.1110396 0.0978995 0.0911388 0.1324309 0.0580830 0.0728078 0.1043740 0.1048478 0.0560821 0.0961421 0.0916587 0.0719969 0.0596364 0.1179436 0.0539345 0.1184723 0.0619308 0.0679265 0.0862048 0.0813533 0.1395397 0.0758239 0.0619173 0.3009559 0.0598995 0.0754690 0.0830242 0.0635545 
S0196sl       0.2862436 0.0530882 0.0000000 0.1031190 0.0607393 0.0516506 0.1232428 0.0980729 0.0549775 0.0614447 0.1026520 0.1116604 0.1261174 0.1181324 0.0951165 0.1355427 0.0762565 0.0730885 0.0880172 0.1337355 0.0685200 0.0639739 0.0591425 0.0790679 0.0741337 0.0069628 0.0627356 0.1302414 0.0816422 0.0990814 0.0914557 0.1226675 0.0668785 0.0600487 0.0935103 0.0891910 0.1044024 0.0601417 0.0572817 0.0404471 0.1249145 0.1788987 0.0724657 0.1612452 0.0729131 0.0631962 0.0903811 0.0069327 0.0617793 0.0126683 0.0083703 0.0995020 0.0499467 0.1000649 0.1405919 0.0907408 0.0822688 0.0509146 0.0915705 0.1012695 0.0951276 0.0791733 0.0965988 0.0939411 0.0900015 0.0738288 0.1680789 0.0791047 0.1600846 0.1057836 0.0963901 0.0840090 0.1703656 0.0070303 0.1639380 0.0737708 0.0868081 0.0702028 0.1404351 0.0740261 0.0909228 0.1668181 0.0549071 0.0614657 0.0510227 0.0820344 0.0887792 0.0904414 0.1252458 0.0891969 0.1007842 0.1099120 0.1256846 0.1313431 0.0650873 0.1393734 0.0906788 0.0598030 0.0496221 0.0429804 0.0646532 0.0804036 0.0548222 0.0976383 0.0725473 0.0632232 0.1150750 0.0585044 0.0184794 0.0720764 0.0908709 0.0488094 0.0741857 0.0822761 0.0645820 0.0613292 0.0926105 0.0576180 0.1098139 0.0548398 0.0579600 0.0786169 0.0630871 0.1120627 0.0619915 0.0479462 0.2844673 0.0434159 0.0643885 0.0759170 0.0486224 
S0278         0.3278723 0.1171159 0.1031190 0.0000000 0.1137700 0.1217247 0.1791608 0.0341628 0.1156822 0.1174062 0.1449119 0.0589628 0.1328757 0.1727540 0.0580629 0.1686729 0.0613935 0.1306399 0.1533696 0.1670377 0.1097667 0.1265205 0.1275624 0.1259014 0.0402359 0.1072491 0.1242883 0.1731967 0.0628322 0.1448282 0.1323304 0.2013016 0.1302550 0.1357346 0.0421310 0.0834994 0.1280118 0.1155996 0.1280859 0.1039918 0.1812682 0.2494988 0.1319039 0.2038425 0.1122584 0.1248458 0.1378073 0.1071301 0.1295139 0.1115020 0.1113972 0.1446948 0.1070625 0.0956804 0.1880516 0.1179963 0.0750674 0.1002696 0.0681902 0.1556034 0.1402483 0.1338038 0.1380683 0.1448848 0.1501964 0.1411770 0.2212156 0.1276614 0.2029556 0.1721155 0.1446439 0.1303226 0.2380892 0.1071637 0.2167328 0.0993482 0.1393417 0.1216026 0.1937625 0.1309978 0.1313764 0.2211596 0.1219707 0.1209991 0.1100192 0.0411198 0.1153019 0.1201415 0.1603144 0.1021592 0.0538577 0.1870804 0.1718398 0.1907560 0.1285089 0.1730253 0.1285903 0.1144631 0.1241673 0.1122906 0.1260896 0.1293907 0.1086422 0.0907490 0.1316991 0.1172208 0.0630066 0.1109823 0.1146579 0.1383575 0.1251837 0.1219813 0.1314499 0.1196987 0.1230787 0.1167010 0.0432126 0.1229756 0.1068683 0.1254129 0.1182409 0.1213673 0.1260526 0.1583100 0.1102439 0.1013990 0.3046395 0.1053169 0.1263352 0.1205470 0.0993130 
S0281         0.2960898 0.0888226 0.0607393 0.1137700 0.0000000 0.0923118 0.1305645 0.1023358 0.0972377 0.1023203 0.1272556 0.1203943 0.1402849 0.1175521 0.1188531 0.1499746 0.0917256 0.0981659 0.1118385 0.1390265 0.0843045 0.1048135 0.0975425 0.1049966 0.0881759 0.0678296 0.1007775 0.1415492 0.0999754 0.1289403 0.1058556 0.1607813 0.0969075 0.1064863 0.1067645 0.1049224 0.1310759 0.0958064 0.0905954 0.0553246 0.1401125 0.2347591 0.1169357 0.1718497 0.0965739 0.0969655 0.1238569 0.0677575 0.1013952 0.0739630 0.0715372 0.1284405 0.0617540 0.1159682 0.1348304 0.1151769 0.0950104 0.0825290 0.1419470 0.1107027 0.1201473 0.1141856 0.1157328 0.1206373 0.1164009 0.0679789 0.2052464 0.1123326 0.1428468 0.0973016 0.1234620 0.1083175 0.2312483 0.0684798 0.2142269 0.1068725 0.1222842 0.0987556 0.1382406 0.0966475 0.1187063 0.2209061 0.0919531 0.0958895 0.0913399 0.0962293 0.1206758 0.1201116 0.1276204 0.1123337 0.1137066 0.1520474 0.1316373 0.1484957 0.0948291 0.1300988 0.1180174 0.1002249 0.0940989 0.0825486 0.0919412 0.1078810 0.0838747 0.1127951 0.1079663 0.1057354 0.1261543 0.0899258 0.0764403 0.0631387 0.1216170 0.0919286 0.0598428 0.0912560 0.0898013 0.0880815 0.1196915 0.0851087 0.1231062 0.0880921 0.0918877 0.1020880 0.0931543 0.1482471 0.0886106 0.0760944 0.2771257 0.0642487 0.0939232 0.1007989 0.0856551 
S0282         0.2754736 0.0566103 0.0516506 0.1217247 0.0923118 0.0000000 0.1385660 0.1080118 0.0834483 0.0175875 0.0870513 0.1374654 0.1148374 0.1428974 0.1212640 0.1670491 0.0922611 0.0871906 0.0916245 0.1486923 0.0588659 0.0168678 0.0169727 0.0644237 0.0934711 0.0657375 0.0643685 0.1433727 0.1012075 0.1149584 0.0732552 0.1603493 0.0293518 0.0208355 0.1083224 0.1064851 0.1218610 0.0514704 0.0122207 0.0727535 0.1508815 0.2416041 0.0618989 0.1881312 0.0715992 0.0215720 0.1062339 0.0656692 0.0139418 0.0716597 0.0693165 0.1139801 0.0828425 0.1183673 0.1508724 0.1118165 0.0999252 0.0576800 0.1319544 0.1261382 0.1036542 0.0994606 0.1051953 0.1091045 0.0589546 0.1120672 0.2126198 0.0786697 0.1701408 0.1456099 0.1086266 0.0995841 0.2328485 0.0640220 0.2157698 0.0829872 0.1081159 0.0819698 0.1581886 0.0587616 0.1124004 0.2266707 0.0110677 0.0488304 0.0666662 0.1001686 0.1120305 0.1116868 0.1381310 0.1181784 0.1226860 0.1443170 0.1400376 0.1570552 0.0187001 0.1423129 0.0877887 0.0825646 0.0158252 0.0113171 0.0579354 0.0861833 0.0455218 0.1184270 0.0958684 0.0867608 0.1331053 0.0373871 0.0777681 0.1094609 0.1187721 0.0083397 0.1065727 0.0834683 0.0748014 0.0195998 0.1197797 0.0275143 0.1203786 0.0442052 0.0475621 0.0876840 0.0793883 0.1521247 0.0734327 0.0564883 0.3066414 0.0612837 0.0772063 0.0731582 0.0558664 
S0288         0.3273178 0.1375706 0.1232428 0.1791608 0.1305645 0.1385660 0.0000000 0.1446096 0.1517736 0.1293199 0.1508283 0.1828456 0.0439679 0.0726978 0.1754202 0.0594127 0.1579272 0.1560574 0.1578315 0.0348018 0.1235728 0.1505868 0.1480659 0.1669914 0.1610802 0.1438804 0.1457595 0.0052840 0.1716478 0.1873270 0.1682210 0.1376103 0.1371595 0.1522989 0.1769453 0.1813973 0.1866729 0.1640992 0.1427737 0.1430243 0.0310718 0.2708956 0.1776871 0.0612157 0.1613535 0.1499388 0.1845230 0.1456596 0.1434108 0.1493963 0.1479912 0.1813362 0.1522397 0.1932683 0.1236757 0.1819084 0.1660875 0.1318948 0.1744854 0.0637084 0.1781281 0.1790305 0.1749936 0.1917232 0.1407809 0.1278299 0.2530851 0.1873365 0.1458442 0.1006614 0.1729458 0.1650633 0.2705719 0.1472581 0.2408745 0.1416433 0.1835267 0.1583073 0.1380244 0.1543052 0.1839920 0.2498682 0.1417987 0.1470246 0.1477981 0.1615669 0.1835119 0.1800517 0.0285165 0.1883021 0.1745316 0.1361687 0.0107323 0.0107434 0.1425150 0.1253346 0.1589149 0.1555043 0.1510786 0.1267593 0.1358662 0.1627697 0.1457886 0.1917938 0.1734373 0.1507875 0.1780497 0.1307764 0.1588034 0.1262215 0.1886083 0.1434645 0.1297740 0.1532370 0.1464522 0.1478690 0.1817592 0.1380312 0.1949418 0.1382161 0.1678958 0.1650277 0.1520621 0.2250162 0.1476249 0.1392535 0.2885511 0.1383841 0.1506104 0.1425963 0.1374282 
S0289         0.3108115 0.1021679 0.0980729 0.0341628 0.1023358 0.1080118 0.1446096 0.0000000 0.1035656 0.1213593 0.1353402 0.0509538 0.1333726 0.1596121 0.0407939 0.1624148 0.0442724 0.1198327 0.1477174 0.1488657 0.1051140 0.1192187 0.1148689 0.1156541 0.0303824 0.0983090 0.1203964 0.1471261 0.0559804 0.1390838 0.1251920 0.1834719 0.1186894 0.1214485 0.0334099 0.0693392 0.1216476 0.1100538 0.1185227 0.1004337 0.1562061 0.2338815 0.1193978 0.1836519 0.1028294 0.1150298 0.1353838 0.0982003 0.1156298 0.1024884 0.1023919 0.1348472 0.1011923 0.0799767 0.1676147 0.1103801 0.0613128 0.0909691 0.0695319 0.1335979 0.1363801 0.1241898 0.1332418 0.1393398 0.1485908 0.1350798 0.2081490 0.1192202 0.1812201 0.1716913 0.1392267 0.1232651 0.2259033 0.0979499 0.2113538 0.0960509 0.1314567 0.1122957 0.1729660 0.1145029 0.1222519 0.2180236 0.1095349 0.1138124 0.0965551 0.0354573 0.1087758 0.1151629 0.1419665 0.0872641 0.0485541 0.1803662 0.1456446 0.1634200 0.1133289 0.1578660 0.1224053 0.1039489 0.1117195 0.0998622 0.1133165 0.1188976 0.0955380 0.0822952 0.1163596 0.1033280 0.0503813 0.1039448 0.1094245 0.1322575 0.1215827 0.1107292 0.1216412 0.1131347 0.1093908 0.1095865 0.0376421 0.1068235 0.0910050 0.1159918 0.1047486 0.1124337 0.1150854 0.1430812 0.0983281 0.0933076 0.2766416 0.0924678 0.1097416 0.1097036 0.0889837 
S0292         0.2695243 0.0854310 0.0549775 0.1156822 0.0972377 0.0834483 0.1517736 0.1035656 0.0000000 0.0820711 0.1247984 0.1277045 0.1369032 0.1461525 0.1185204 0.1565095 0.0963975 0.0627027 0.0601970 0.1600170 0.0799645 0.0977560 0.0944784 0.1055172 0.0875484 0.0706422 0.1024641 0.1567344 0.0964476 0.0842861 0.1141381 0.1698994 0.0933635 0.0993352 0.1104888 0.1026415 0.1111361 0.0937127 0.0824925 0.0838132 0.1674150 0.2455062 0.0946368 0.1982794 0.0879032 0.0903930 0.0858665 0.0691688 0.0948928 0.0752362 0.0728653 0.0799408 0.0941037 0.1163304 0.1483267 0.1066899 0.0951553 0.0709100 0.1286721 0.1285195 0.0742636 0.0705927 0.0837870 0.0860293 0.1055802 0.1227372 0.2262950 0.1069795 0.1639134 0.1599694 0.0773779 0.0696361 0.2447848 0.0699641 0.2170045 0.0813275 0.0743377 0.0587513 0.1478204 0.1062801 0.0743188 0.2246856 0.0884264 0.0947327 0.0611267 0.1017729 0.1028765 0.1114270 0.1400075 0.1129341 0.1192716 0.1545989 0.1531361 0.1711270 0.0957089 0.1538172 0.0682372 0.0169819 0.0905263 0.0826948 0.0869463 0.0511821 0.0868325 0.1186223 0.0561661 0.0169514 0.1249216 0.0864503 0.0814235 0.1200388 0.1114988 0.0855703 0.1261299 0.0498903 0.0514670 0.0878020 0.1190374 0.0861008 0.1209790 0.0939297 0.0837571 0.0586379 0.0552554 0.1390532 0.0464234 0.0697590 0.3256742 0.0710687 0.0537122 0.0982096 0.0653084 
S0293         0.3080537 0.0636118 0.0614447 0.1174062 0.1023203 0.0175875 0.1293199 0.1213593 0.0820711 0.0000000 0.0982213 0.1345611 0.1177071 0.1460900 0.1244229 0.1486671 0.1040208 0.0950060 0.1110902 0.1455224 0.0698945 0.0289337 0.0272751 0.0842884 0.0919106 0.0635579 0.0709416 0.1399025 0.1081575 0.1174417 0.0892898 0.1663980 0.0390573 0.0249383 0.1119166 0.1190811 0.1220488 0.0529556 0.0252284 0.0760687 0.1452234 0.2072708 0.0711134 0.1886776 0.0670218 0.0324337 0.1033151 0.0631807 0.0249819 0.0722703 0.0656301 0.1189474 0.0917100 0.1275153 0.1546784 0.1030063 0.0999319 0.0632167 0.1083065 0.1203871 0.1115636 0.1051436 0.1193943 0.1176947 0.0677383 0.1129652 0.1918723 0.0822642 0.1764774 0.1042757 0.1055127 0.1019703 0.1972294 0.0619156 0.1926756 0.0870396 0.1033183 0.0846268 0.1503774 0.0652344 0.1221364 0.1956869 0.0193904 0.0483268 0.0744999 0.1088671 0.1062018 0.1059860 0.1364468 0.1116655 0.1188574 0.1370926 0.1418516 0.1407914 0.0287283 0.1532237 0.1108743 0.0816051 0.0212987 0.0200188 0.0681982 0.0929754 0.0528939 0.1263487 0.0964170 0.0843635 0.1485935 0.0425993 0.0742549 0.1105481 0.1084650 0.0177799 0.1130762 0.0947093 0.0814810 0.0304370 0.1083809 0.0343130 0.1359767 0.0403425 0.0570869 0.1022721 0.0840796 0.1317247 0.0782240 0.0634047 0.2844020 0.0720320 0.0831754 0.0768590 0.0626555 
S0294         0.2945876 0.1038487 0.1026520 0.1449119 0.1272556 0.0870513 0.1508283 0.1353402 0.1247984 0.0982213 0.0000000 0.1521493 0.1479303 0.1727624 0.1363459 0.1775300 0.1369879 0.1257954 0.1439573 0.1677764 0.1069708 0.0974033 0.0941649 0.1150412 0.1234984 0.1036582 0.0996205 0.1616680 0.1396146 0.1476312 0.1156183 0.1890594 0.1014100 0.0957410 0.1373742 0.1445921 0.1595096 0.1027451 0.0921737 0.1087969 0.1715054 0.2395096 0.1008097 0.2120639 0.1096636 0.0941003 0.1414526 0.1035463 0.0945642 0.1102892 0.1039307 0.1424388 0.1108433 0.1426782 0.1808616 0.1485339 0.1345650 0.1001506 0.1593497 0.1448096 0.1390345 0.1378136 0.1401256 0.1504943 0.0600889 0.1306377 0.2041802 0.1263678 0.2079696 0.1547360 0.1354298 0.1320340 0.2202670 0.1047855 0.2053780 0.1439718 0.1362902 0.1182953 0.1870850 0.0914156 0.1442171 0.2132810 0.0897913 0.0933384 0.1072207 0.1339381 0.1544038 0.1497039 0.1552368 0.1488593 0.1541232 0.1741951 0.1588198 0.1761045 0.0981220 0.1668387 0.1302894 0.1196410 0.0920549 0.0795155 0.0994086 0.1288383 0.0904336 0.1504087 0.1332857 0.1267574 0.1495943 0.0829260 0.1158066 0.1279205 0.1534438 0.0869510 0.1285800 0.1230210 0.1244911 0.0891545 0.1465012 0.0875335 0.1584829 0.0897165 0.1007365 0.1226739 0.1226785 0.1813025 0.1072248 0.1024370 0.3164037 0.1012423 0.1221680 0.1083505 0.0945408 
S0299         0.3365417 0.1351849 0.1116604 0.0589628 0.1203943 0.1374654 0.1828456 0.0509538 0.1277045 0.1345611 0.1521493 0.0000000 0.1322094 0.1786842 0.0593912 0.1857422 0.0726987 0.1387250 0.1671697 0.1785298 0.1166150 0.1454105 0.1449115 0.1445036 0.0574002 0.1187223 0.1427229 0.1848429 0.0789818 0.1587432 0.1496422 0.2192928 0.1439064 0.1523501 0.0570168 0.0940120 0.1335393 0.1311420 0.1424313 0.1119228 0.1875491 0.2239049 0.1457486 0.2207835 0.1268382 0.1405760 0.1541434 0.1185885 0.1386579 0.1231619 0.1230441 0.1527518 0.1120874 0.1068499 0.1951365 0.1259828 0.0895948 0.1115608 0.0758775 0.1619087 0.1535435 0.1393106 0.1543668 0.1611793 0.1600057 0.1467152 0.2117919 0.1442494 0.2133886 0.1548036 0.1554321 0.1394778 0.2144175 0.1187478 0.1964533 0.1017058 0.1468563 0.1287306 0.2034348 0.1420719 0.1472527 0.2042576 0.1377500 0.1379505 0.1271885 0.0522246 0.1287224 0.1364395 0.1709106 0.1078561 0.0738170 0.2142992 0.1775145 0.2007301 0.1445904 0.1920565 0.1495852 0.1306364 0.1386169 0.1258985 0.1406455 0.1373453 0.1202723 0.1082702 0.1447548 0.1248571 0.0525094 0.1283240 0.1263880 0.1424352 0.1360789 0.1393101 0.1365910 0.1358555 0.1292284 0.1375247 0.0658271 0.1290437 0.1167486 0.1404430 0.1351703 0.1351600 0.1351452 0.1556551 0.1238602 0.1153381 0.2703422 0.1165061 0.1298684 0.1399590 0.1155852 
S0303         0.3165838 0.1027713 0.1261174 0.1328757 0.1402849 0.1148374 0.0439679 0.1333726 0.1369032 0.1177071 0.1479303 0.1322094 0.0000000 0.1008470 0.1497885 0.0350473 0.1179757 0.1384599 0.1569698 0.0307441 0.1276776 0.1153848 0.1211620 0.1282748 0.1141474 0.1256407 0.1602451 0.0443310 0.1252346 0.1426320 0.1532922 0.1282762 0.1352968 0.1268608 0.1446851 0.1514497 0.1484232 0.1190041 0.1140585 0.1204921 0.0305843 0.1726105 0.1533410 0.0484592 0.1313728 0.1258128 0.1464508 0.1304405 0.1204550 0.1304968 0.1197039 0.1287711 0.1204759 0.1688587 0.1413362 0.1251905 0.1323707 0.1193056 0.1196700 0.0575040 0.1414908 0.1350290 0.1408059 0.1449381 0.1605115 0.1481710 0.1813819 0.1551916 0.1677718 0.1074640 0.1406350 0.1364802 0.1281436 0.1274495 0.1434045 0.1256229 0.1527466 0.1586060 0.1333973 0.1432909 0.1589130 0.1472838 0.1078076 0.1424594 0.1297242 0.1371887 0.1241661 0.1241661 0.0394645 0.1520057 0.1319504 0.1138116 0.0490564 0.0488696 0.1311865 0.1583115 0.1486230 0.1585392 0.1129789 0.1211744 0.1168697 0.1182702 0.1449186 0.1260594 0.1517842 0.1480542 0.1568920 0.1205262 0.1359788 0.1482193 0.1362384 0.1151143 0.1412173 0.1544430 0.1385615 0.1300070 0.1434497 0.1355729 0.1822075 0.1641500 0.1356846 0.1390799 0.1221350 0.1405049 0.1405994 0.1310965 0.1716571 0.1294757 0.1429084 0.1248947 0.1140587 
S0308         0.3407471 0.1449551 0.1181324 0.1727540 0.1175521 0.1428974 0.0726978 0.1596121 0.1461525 0.1460900 0.1727624 0.1786842 0.1008470 0.0000000 0.1793278 0.0866814 0.1573867 0.1491064 0.1637484 0.0707285 0.1189438 0.1522528 0.1519528 0.1665712 0.1526055 0.1324760 0.1550691 0.0784020 0.1702095 0.1870942 0.1681517 0.1320745 0.1468761 0.1592749 0.1786068 0.1692761 0.1741537 0.1565131 0.1386893 0.1362849 0.0788226 0.2971339 0.1679458 0.1001117 0.1629993 0.1564364 0.1797294 0.1337447 0.1466719 0.1413139 0.1384175 0.1875295 0.1421914 0.1878582 0.1255786 0.1700412 0.1667722 0.1279151 0.1846567 0.0729927 0.1759169 0.1696763 0.1740503 0.1830630 0.1537558 0.1331949 0.2755348 0.1735390 0.1407391 0.1034649 0.1665982 0.1574714 0.2883766 0.1354498 0.2645151 0.1454842 0.1722027 0.1595845 0.1311296 0.1635725 0.1768772 0.2850131 0.1439914 0.1528895 0.1489572 0.1589857 0.1754125 0.1761552 0.0739275 0.1850218 0.1669374 0.1226405 0.0726529 0.0864976 0.1474068 0.1278498 0.1645964 0.1496652 0.1462335 0.1269760 0.1494764 0.1564242 0.1540672 0.1788138 0.1649955 0.1441148 0.1803286 0.1401927 0.1422190 0.1304191 0.1767122 0.1434503 0.1396370 0.1553050 0.1469688 0.1518448 0.1761263 0.1382926 0.1868246 0.1383078 0.1519896 0.1534820 0.1500549 0.2058349 0.1426805 0.1283553 0.3275917 0.1289360 0.1505672 0.1502282 0.1335441 
S0320         0.3322110 0.1165556 0.0951165 0.0580629 0.1188531 0.1212640 0.1754202 0.0407939 0.1185204 0.1244229 0.1363459 0.0593912 0.1497885 0.1793278 0.0000000 0.1739315 0.0573047 0.1222632 0.1521870 0.1793822 0.1094062 0.1303230 0.1298139 0.1263026 0.0492104 0.1063400 0.1215241 0.1765035 0.0696415 0.1401055 0.1386063 0.1991209 0.1345299 0.1370273 0.0423916 0.0827706 0.1242757 0.1241943 0.1307865 0.1000081 0.1839881 0.2285178 0.1260505 0.2256348 0.1176789 0.1289243 0.1396619 0.1062192 0.1310827 0.1106842 0.1079750 0.1385954 0.1034093 0.0933567 0.1825510 0.1155724 0.0691588 0.0953816 0.0860536 0.1562152 0.1390134 0.1276178 0.1341773 0.1390004 0.1363669 0.1413070 0.2100259 0.1237239 0.2062243 0.1537178 0.1415934 0.1237326 0.2194385 0.1075517 0.2049510 0.1014648 0.1342167 0.1154241 0.2009465 0.1238022 0.1284910 0.2096968 0.1228738 0.1233132 0.1105379 0.0468197 0.1182089 0.1272593 0.1651774 0.0935136 0.0623844 0.1886130 0.1752484 0.1947897 0.1268622 0.1705361 0.1347071 0.1186065 0.1251268 0.1113815 0.1241573 0.1259345 0.1052407 0.1026641 0.1278182 0.1239203 0.0477577 0.1156202 0.1178836 0.1384129 0.1229496 0.1199929 0.1285910 0.1160456 0.1212469 0.1260063 0.0569370 0.1144730 0.1089975 0.1214196 0.1230611 0.1179841 0.1216673 0.1514286 0.1051819 0.1029627 0.2702853 0.0992689 0.1232045 0.1249892 0.0970089 
S0322         0.3684743 0.1529338 0.1355427 0.1686729 0.1499746 0.1670491 0.0594127 0.1624148 0.1565095 0.1486671 0.1775300 0.1857422 0.0350473 0.0866814 0.1739315 0.0000000 0.1694642 0.1602136 0.1749769 0.0354244 0.1375853 0.1702285 0.1690804 0.1758035 0.1572375 0.1566112 0.1665156 0.0595701 0.1742005 0.1977764 0.1820347 0.1789571 0.1738794 0.1693134 0.1812450 0.1748973 0.1797961 0.1776625 0.1679928 0.1565907 0.0470424 0.2528098 0.1910340 0.0743199 0.1749119 0.1730942 0.1841632 0.1589152 0.1720793 0.1670954 0.1562723 0.1871734 0.1663632 0.1946083 0.1561884 0.1788702 0.1719897 0.1416203 0.1589884 0.0769899 0.1891296 0.1766158 0.1792868 0.1932881 0.1740228 0.1688511 0.2451670 0.1870398 0.1626790 0.1238670 0.1791250 0.1736264 0.2544866 0.1614729 0.2393773 0.1614093 0.1851411 0.1680155 0.1532140 0.1816138 0.1738725 0.2392741 0.1665964 0.1724841 0.1591936 0.1631879 0.1837961 0.1872740 0.0413606 0.1904829 0.1781444 0.1303301 0.0542775 0.0568653 0.1685264 0.1428251 0.1683443 0.1561885 0.1658249 0.1405731 0.1724596 0.1564983 0.1713966 0.1878761 0.1670581 0.1578393 0.1897976 0.1559209 0.1725984 0.1648095 0.1852697 0.1652843 0.1547800 0.1694223 0.1607093 0.1707780 0.1700063 0.1665996 0.2075989 0.1593254 0.1777528 0.1639041 0.1574667 0.2137333 0.1542107 0.1491480 0.2665536 0.1551906 0.1719232 0.1555833 0.1429724 
S0327         0.3131596 0.0909971 0.0762565 0.0613935 0.0917256 0.0922611 0.1579272 0.0442724 0.0963975 0.1040208 0.1369879 0.0726987 0.1179757 0.1573867 0.0573047 0.1694642 0.0000000 0.1045031 0.1229581 0.1646494 0.0897487 0.1015308 0.0946260 0.1053849 0.0373359 0.0863584 0.1102250 0.1616988 0.0471548 0.1237035 0.1156125 0.1795760 0.1080395 0.1035370 0.0525988 0.0588592 0.1013897 0.0928422 0.0962967 0.0855820 0.1780006 0.2343830 0.1134438 0.2023350 0.0959551 0.1022588 0.1205666 0.0862655 0.0982303 0.0902983 0.0902160 0.1256882 0.0886439 0.0711864 0.1690535 0.0897651 0.0555475 0.0784505 0.0815794 0.1382694 0.1207461 0.1114958 0.1171166 0.1209684 0.1266032 0.1294103 0.2083215 0.1097384 0.1829553 0.1467820 0.1270315 0.1098237 0.2265940 0.0859225 0.2090826 0.0821160 0.1138309 0.0926360 0.1747598 0.1091002 0.1122914 0.2155928 0.0924413 0.1036660 0.0889500 0.0395112 0.0933484 0.0992063 0.1545516 0.0739827 0.0627135 0.1653011 0.1604083 0.1786066 0.1010042 0.1624689 0.1133395 0.1003560 0.0945569 0.0830246 0.0991399 0.1071104 0.0846286 0.0694416 0.1094635 0.0999930 0.0765014 0.0953101 0.0940567 0.1266748 0.1024282 0.0932612 0.1187452 0.1004403 0.0962801 0.0958628 0.0594398 0.0928323 0.0784439 0.1001896 0.0969575 0.0998741 0.1013580 0.1224643 0.0873289 0.0768995 0.2982788 0.0773259 0.0992047 0.1039536 0.0739897 
S0335         0.2724801 0.0867704 0.0730885 0.1306399 0.0981659 0.0871906 0.1560574 0.1198327 0.0627027 0.0950060 0.1257954 0.1387250 0.1384599 0.1491064 0.1222632 0.1602136 0.1045031 0.0000000 0.0564802 0.1638006 0.0816747 0.1003305 0.0970434 0.1032068 0.0966693 0.0754825 0.1012321 0.1669175 0.1028756 0.0682716 0.1125649 0.1622266 0.0974061 0.1030850 0.1184044 0.1077894 0.1177600 0.0910783 0.0893561 0.0834210 0.1668449 0.2418205 0.0991457 0.1987157 0.0839658 0.0977769 0.0762011 0.0739871 0.0970470 0.0800797 0.0777036 0.0797179 0.0902522 0.1253499 0.1433663 0.1125624 0.1001094 0.0619313 0.1564421 0.1343460 0.0684971 0.0625141 0.0644347 0.0698647 0.1173310 0.1234299 0.2217943 0.1003277 0.1700637 0.1562198 0.0745827 0.0658115 0.2387191 0.0736916 0.2169768 0.0955946 0.0660974 0.0523815 0.1532295 0.1046066 0.0843181 0.2206500 0.0855948 0.0947932 0.0628331 0.1093729 0.1107999 0.1198964 0.1537542 0.1127711 0.1317541 0.1494864 0.1606750 0.1764308 0.0966865 0.1515254 0.0603465 0.0622049 0.0891380 0.0788380 0.0823612 0.0610233 0.0843071 0.1191243 0.0615722 0.0649017 0.1374034 0.0853966 0.0824731 0.1207650 0.1199005 0.0919064 0.1254649 0.0598927 0.0397849 0.0903289 0.1288799 0.0862843 0.1203082 0.0915495 0.0900791 0.0455913 0.0235925 0.1494629 0.0437761 0.0618240 0.3117257 0.0712458 0.0399460 0.0989607 0.0588982 
S0345         0.3095473 0.0876541 0.0880172 0.1533696 0.1118385 0.0916245 0.1578315 0.1477174 0.0601970 0.1110902 0.1439573 0.1671697 0.1569698 0.1637484 0.1521870 0.1749769 0.1229581 0.0564802 0.0000000 0.1750087 0.1057127 0.1076338 0.1043553 0.1198486 0.1176795 0.0902613 0.1025898 0.1765150 0.1244597 0.0921585 0.1276824 0.1754091 0.1057064 0.1014732 0.1380488 0.1141231 0.1384178 0.0891919 0.0941945 0.1065692 0.1768431 0.2359194 0.1050222 0.2062693 0.0958200 0.1042793 0.0872426 0.0881395 0.1031920 0.0949765 0.0901131 0.0938261 0.1179106 0.1425239 0.1558708 0.1288682 0.1225968 0.0712422 0.1612716 0.1430998 0.0884434 0.0735406 0.0881808 0.0874009 0.1464550 0.1311275 0.2148314 0.1030567 0.1918974 0.1546791 0.0921700 0.0819712 0.2267060 0.0893627 0.2196402 0.1178094 0.0754124 0.0691924 0.1598772 0.1142378 0.1003254 0.2276968 0.0998780 0.1029679 0.0679875 0.1316623 0.1229212 0.1279541 0.1709687 0.1253110 0.1536706 0.1494516 0.1699565 0.1773140 0.1096642 0.1593506 0.0615179 0.0614937 0.0959345 0.0839713 0.0875008 0.0767335 0.0984641 0.1442918 0.0731923 0.0719905 0.1541768 0.0951291 0.0982772 0.1293893 0.1379408 0.0958330 0.1379083 0.0759817 0.0621641 0.1007484 0.1379874 0.0983966 0.1438243 0.1019365 0.0981078 0.0338966 0.0510271 0.1570166 0.0575687 0.0748741 0.2969147 0.0874561 0.0635732 0.1105343 0.0695453 
S0355         0.3450709 0.1359682 0.1337355 0.1670377 0.1390265 0.1486923 0.0348018 0.1488657 0.1600170 0.1455224 0.1677764 0.1785298 0.0307441 0.0707285 0.1793822 0.0354244 0.1646494 0.1638006 0.1750087 0.0000000 0.1303847 0.1582936 0.1578586 0.1570878 0.1533579 0.1484068 0.1554043 0.0402901 0.1649403 0.1946930 0.1762415 0.1515929 0.1478617 0.1623215 0.1777193 0.1698649 0.1766725 0.1731241 0.1483767 0.1482486 0.0306625 0.2787029 0.1776806 0.0546087 0.1672734 0.1545997 0.1794791 0.1502292 0.1554439 0.1581231 0.1522813 0.1815488 0.1576765 0.1831816 0.1316188 0.1699434 0.1616221 0.1366953 0.1756334 0.0613976 0.1877089 0.1784435 0.1793395 0.1967072 0.1502215 0.1352933 0.2621994 0.1822057 0.1577915 0.1222716 0.1789003 0.1697316 0.2760366 0.1521729 0.2487928 0.1465710 0.1892851 0.1614228 0.1415549 0.1603803 0.1783781 0.2594098 0.1497820 0.1511624 0.1574071 0.1576259 0.1741851 0.1712033 0.0339915 0.1849714 0.1692969 0.1407367 0.0341305 0.0460205 0.1512677 0.1293548 0.1681499 0.1607152 0.1523678 0.1311151 0.1499660 0.1664428 0.1593317 0.1752444 0.1795225 0.1568100 0.1901912 0.1369419 0.1610768 0.1325166 0.1754556 0.1473565 0.1310017 0.1711375 0.1498398 0.1514309 0.1722624 0.1455189 0.1936174 0.1536024 0.1723000 0.1649354 0.1604870 0.2105428 0.1511787 0.1389953 0.2927906 0.1430373 0.1604267 0.1534117 0.1439531 
S0376         0.2600186 0.0715335 0.0685200 0.1097667 0.0843045 0.0588659 0.1235728 0.1051140 0.0799645 0.0698945 0.1069708 0.1166150 0.1276776 0.1189438 0.1094062 0.1375853 0.0897487 0.0816747 0.1057127 0.1303847 0.0000000 0.0736274 0.0690856 0.0817532 0.0892241 0.0629662 0.0547349 0.1305968 0.0890458 0.1136459 0.0809158 0.1402911 0.0750490 0.0651432 0.1024935 0.0980253 0.1140604 0.0644710 0.0696045 0.0623693 0.1206366 0.1870642 0.0851814 0.1639625 0.0654876 0.0695542 0.1021529 0.0642648 0.0683055 0.0708799 0.0660542 0.1117242 0.0681478 0.1114204 0.1371612 0.0994493 0.0944844 0.0550508 0.1118927 0.1105424 0.1081492 0.0995560 0.1099481 0.1130039 0.0891873 0.1025730 0.1747433 0.0826128 0.1466584 0.1494498 0.1100718 0.1041364 0.1716986 0.0637278 0.1650195 0.0970965 0.1003186 0.0864276 0.1336726 0.0792943 0.1134761 0.1653796 0.0603673 0.0758150 0.0803819 0.1004970 0.1010756 0.1009265 0.1169156 0.1072999 0.1091853 0.1176018 0.1225721 0.1335155 0.0698401 0.1291883 0.1013982 0.0811235 0.0585679 0.0480870 0.0713908 0.0924086 0.0676282 0.1113531 0.0918847 0.0828502 0.1154794 0.0683037 0.0736693 0.0971227 0.1011663 0.0562894 0.1028144 0.0970360 0.0805366 0.0647105 0.1001182 0.0598516 0.1202360 0.0632252 0.0711897 0.0936752 0.0823521 0.1173473 0.0801562 0.0569264 0.2582141 0.0712459 0.0840010 0.0437021 0.0546681 
S0400         0.2985458 0.0672012 0.0639739 0.1265205 0.1048135 0.0168678 0.1505868 0.1192187 0.0977560 0.0289337 0.0974033 0.1454105 0.1153848 0.1522528 0.1303230 0.1702285 0.1015308 0.1003305 0.1076338 0.1582936 0.0736274 0.0000000 0.0259766 0.0732368 0.1015231 0.0767007 0.0741259 0.1536183 0.1102563 0.1250205 0.0845910 0.1666904 0.0411054 0.0300007 0.1181180 0.1135919 0.1320634 0.0606776 0.0208305 0.0841667 0.1634218 0.2567015 0.0717142 0.1966329 0.0854734 0.0316855 0.1148471 0.0766198 0.0237050 0.0817350 0.0792682 0.1240136 0.0945613 0.1265715 0.1550940 0.1216779 0.1106100 0.0694939 0.1441047 0.1363053 0.1190630 0.1093753 0.1150282 0.1217118 0.0726386 0.1224516 0.2203003 0.0891493 0.1740839 0.1409262 0.1215843 0.1110971 0.2395406 0.0738424 0.2238883 0.0965150 0.1193640 0.0962555 0.1597169 0.0692394 0.1226099 0.2289680 0.0207681 0.0581044 0.0788555 0.1096912 0.1245724 0.1213219 0.1466900 0.1268146 0.1328778 0.1559326 0.1522647 0.1699203 0.0287156 0.1441653 0.1014824 0.0940967 0.0237572 0.0192604 0.0698025 0.0955453 0.0567803 0.1313016 0.1073264 0.0986802 0.1423195 0.0450234 0.0868520 0.1224045 0.1289551 0.0160816 0.1167528 0.0951507 0.0897361 0.0296175 0.1299683 0.0378864 0.1277617 0.0553492 0.0566904 0.1009125 0.0922799 0.1648445 0.0886057 0.0705055 0.3057337 0.0720893 0.0922681 0.0857321 0.0676829 
S0405         0.2922328 0.0618508 0.0591425 0.1275624 0.0975425 0.0169727 0.1480659 0.1148689 0.0944784 0.0272751 0.0941649 0.1449115 0.1211620 0.1519528 0.1298139 0.1690804 0.0946260 0.0970434 0.1043553 0.1578586 0.0690856 0.0259766 0.0000000 0.0699665 0.0998632 0.0712408 0.0732975 0.1510389 0.1064113 0.1258041 0.0778187 0.1670854 0.0381230 0.0199771 0.1138061 0.1119573 0.1290874 0.0577499 0.0198238 0.0785435 0.1616647 0.2530310 0.0696624 0.1926235 0.0785834 0.0267889 0.1155177 0.0711659 0.0239040 0.0773406 0.0749298 0.1216174 0.0888742 0.1209532 0.1574516 0.1160720 0.1051644 0.0674727 0.1333143 0.1300526 0.1171596 0.1096312 0.1157440 0.1185035 0.0660965 0.1217042 0.2175782 0.0870558 0.1817829 0.1417710 0.1192555 0.1084676 0.2395829 0.0706806 0.2237565 0.0858726 0.1186913 0.0916668 0.1670240 0.0663171 0.1177197 0.2350458 0.0189456 0.0571682 0.0744917 0.1041315 0.1202833 0.1172614 0.1463066 0.1213420 0.1286443 0.1542365 0.1504795 0.1652035 0.0168814 0.1471454 0.1018907 0.0934552 0.0209180 0.0133514 0.0631901 0.0944312 0.0504447 0.1269948 0.1078365 0.0966505 0.1418769 0.0453482 0.0836382 0.1190066 0.1246082 0.0181200 0.1147089 0.0919226 0.0852934 0.0247480 0.1283210 0.0339263 0.1248449 0.0512146 0.0514435 0.0988148 0.0901927 0.1574123 0.0840280 0.0662207 0.3157851 0.0666705 0.0878032 0.0789129 0.0656519 
S0412sl       0.3007075 0.0668045 0.0790679 0.1259014 0.1049966 0.0644237 0.1669914 0.1156541 0.1055172 0.0842884 0.1150412 0.1445036 0.1282748 0.1665712 0.1263026 0.1758035 0.1053849 0.1032068 0.1198486 0.1570878 0.0817532 0.0732368 0.0699665 0.0000000 0.0957672 0.0808007 0.0847767 0.1690474 0.1093927 0.1163555 0.0728541 0.1726818 0.0766812 0.0742570 0.1118102 0.1149405 0.1371484 0.0765525 0.0759864 0.0802303 0.1682765 0.2251422 0.0633402 0.2017255 0.0869444 0.0710681 0.1142765 0.0807146 0.0740163 0.0846884 0.0810477 0.1276131 0.0867139 0.1220472 0.1657574 0.1301919 0.1039844 0.0756491 0.1397520 0.1345335 0.1112554 0.1135159 0.1107352 0.1135370 0.0926138 0.1247466 0.2038338 0.0908049 0.1885569 0.1501258 0.1284087 0.1154843 0.2166192 0.0816685 0.1994175 0.0949686 0.1209019 0.0970092 0.1673819 0.0687953 0.1241637 0.2092721 0.0656411 0.0688036 0.0819888 0.1021713 0.1314870 0.1296741 0.1558633 0.1209723 0.1263679 0.1708336 0.1634319 0.1841230 0.0737133 0.1545162 0.1114805 0.1046590 0.0641591 0.0550497 0.0694893 0.1135441 0.0591945 0.1201414 0.1181189 0.1063395 0.1328297 0.0599489 0.0899066 0.1220237 0.1268921 0.0626453 0.1176666 0.1077644 0.0838672 0.0675161 0.1295273 0.0637708 0.1280242 0.0752594 0.0721648 0.1039723 0.0947217 0.1594950 0.0952724 0.0732591 0.2975862 0.0847577 0.0915097 0.0896149 0.0773946 
S0417         0.3025299 0.0879881 0.0741337 0.0402359 0.0881759 0.0934711 0.1610802 0.0303824 0.0875484 0.0919106 0.1234984 0.0574002 0.1141474 0.1526055 0.0492104 0.1572375 0.0373359 0.0966693 0.1176795 0.1533579 0.0892241 0.1015231 0.0998632 0.0957672 0.0000000 0.0814959 0.1079876 0.1578184 0.0406211 0.1135950 0.1097366 0.1754226 0.1049763 0.1060303 0.0372540 0.0635191 0.0941272 0.0877357 0.0992033 0.0801220 0.1670735 0.2294331 0.1047752 0.1914630 0.0820084 0.0965187 0.1105858 0.0814092 0.1007371 0.0853709 0.0828354 0.1178968 0.0807816 0.0728521 0.1597385 0.0850972 0.0534567 0.0702460 0.0563186 0.1324136 0.1124695 0.1044759 0.1058841 0.1152260 0.1135792 0.1207878 0.1970118 0.1037968 0.1681939 0.1438016 0.1226356 0.1026979 0.2216732 0.0823670 0.2026998 0.0695436 0.1105899 0.0895827 0.1556912 0.0970088 0.1011372 0.2089368 0.0936538 0.0929520 0.0803466 0.0248777 0.0850457 0.0920237 0.1456300 0.0719691 0.0490818 0.1589525 0.1514766 0.1744469 0.1010513 0.1564842 0.1077843 0.0903188 0.0945485 0.0866913 0.0934778 0.1005326 0.0815970 0.0661296 0.1015738 0.0912523 0.0577125 0.0847412 0.0890787 0.1181126 0.0938277 0.0958951 0.1147512 0.0952820 0.0899242 0.0938515 0.0437057 0.0924678 0.0830201 0.0948224 0.0928755 0.0933450 0.0935483 0.1170159 0.0811705 0.0710492 0.2951776 0.0783360 0.0927727 0.1026066 0.0692396 
S0419         0.2745220 0.0621532 0.0069628 0.1072491 0.0678296 0.0657375 0.1438804 0.0983090 0.0706422 0.0635579 0.1036582 0.1187223 0.1256407 0.1324760 0.1063400 0.1566112 0.0863584 0.0754825 0.0902613 0.1484068 0.0629662 0.0767007 0.0712408 0.0808007 0.0814959 0.0000000 0.0747792 0.1471029 0.0886800 0.1071696 0.0876554 0.1362367 0.0757476 0.0769457 0.1034964 0.0988056 0.1056084 0.0651062 0.0683433 0.0414486 0.1525687 0.2175654 0.0840184 0.1855378 0.0752267 0.0723778 0.1025793 0.0027233 0.0764106 0.0073447 0.0054887 0.1082037 0.0476322 0.1022942 0.1337765 0.0988280 0.0874874 0.0551847 0.1178037 0.1168322 0.1017227 0.0912926 0.0989233 0.1036369 0.0876918 0.0753915 0.1932664 0.0791214 0.1516035 0.1257981 0.1079916 0.0974040 0.2069247 0.0027510 0.1903357 0.0721058 0.0990064 0.0745843 0.1450967 0.0796336 0.0931596 0.1945399 0.0681186 0.0726835 0.0539822 0.0857168 0.0975879 0.0971698 0.1320104 0.0981052 0.1019931 0.1216381 0.1424509 0.1595239 0.0712437 0.1364823 0.0897839 0.0723493 0.0688983 0.0613180 0.0658597 0.0813429 0.0610000 0.1020313 0.0781589 0.0775592 0.1193059 0.0649248 0.0120676 0.0730579 0.1049707 0.0639102 0.0833859 0.0790376 0.0697780 0.0699488 0.1065445 0.0639404 0.1110664 0.0679944 0.0655600 0.0770280 0.0711053 0.1245707 0.0679971 0.0529388 0.3042183 0.0433847 0.0709611 0.0824189 0.0531485 
S0427         0.2893172 0.0739390 0.0627356 0.1242883 0.1007775 0.0643685 0.1457595 0.1203964 0.1024641 0.0709416 0.0996205 0.1427229 0.1602451 0.1550691 0.1215241 0.1665156 0.1102250 0.1012321 0.1025898 0.1554043 0.0547349 0.0741259 0.0732975 0.0847767 0.1079876 0.0747792 0.0000000 0.1479169 0.1059631 0.1217637 0.0868350 0.1591110 0.0817437 0.0743316 0.1212575 0.1179800 0.1332819 0.0782795 0.0757242 0.0807196 0.1519887 0.2338918 0.0720102 0.1880102 0.0849569 0.0720627 0.1103225 0.0744616 0.0749617 0.0806008 0.0782069 0.1233366 0.0813801 0.1248723 0.1569717 0.1284195 0.1094023 0.0747552 0.1460332 0.1382087 0.1121674 0.1056223 0.1122087 0.1171554 0.0894767 0.1077341 0.2136896 0.0957994 0.1642595 0.1513815 0.1236683 0.1074210 0.2236357 0.0753184 0.2055497 0.1070460 0.1182617 0.0952749 0.1673577 0.0747040 0.1177038 0.2117185 0.0678833 0.0687414 0.0788268 0.1110445 0.1270396 0.1227212 0.1460572 0.1189922 0.1291194 0.1467567 0.1398308 0.1583063 0.0735572 0.1502520 0.1019129 0.0953055 0.0698998 0.0612411 0.0693922 0.1027398 0.0605622 0.1286072 0.1093601 0.1058071 0.1301571 0.0599642 0.0856949 0.1051628 0.1272970 0.0650807 0.1095466 0.1010124 0.0935437 0.0685534 0.1276580 0.0626505 0.1304559 0.0674893 0.0742422 0.1001638 0.0980796 0.1564253 0.0943280 0.0734797 0.3062111 0.0780366 0.0973048 0.0506576 0.0750613 
S0430         0.3614620 0.1388201 0.1302414 0.1731967 0.1415492 0.1433727 0.0052840 0.1471261 0.1567344 0.1399025 0.1616680 0.1848429 0.0443310 0.0784020 0.1765035 0.0595701 0.1616988 0.1669175 0.1765150 0.0402901 0.1305968 0.1536183 0.1510389 0.1690474 0.1578184 0.1471029 0.1479169 0.0000000 0.1722972 0.1926242 0.1671545 0.1515139 0.1410763 0.1554457 0.1757910 0.1745168 0.1814394 0.1681831 0.1456209 0.1483758 0.0337782 0.2911468 0.1773885 0.0576351 0.1632069 0.1569611 0.1842688 0.1489195 0.1480939 0.1567958 0.1509639 0.1833485 0.1606848 0.1879540 0.1345993 0.1765230 0.1647515 0.1382518 0.1707681 0.0669279 0.1840032 0.1779246 0.1776561 0.1944772 0.1514210 0.1383516 0.2761441 0.1894271 0.1682482 0.1156562 0.1782511 0.1643825 0.2854106 0.1508460 0.2648071 0.1455596 0.1912174 0.1660114 0.1479034 0.1614258 0.1785138 0.2777309 0.1459018 0.1472757 0.1553960 0.1599277 0.1773416 0.1758912 0.0306850 0.1914603 0.1652600 0.1411174 0.0111279 0.0130516 0.1446092 0.1341532 0.1707018 0.1589751 0.1481360 0.1284466 0.1489698 0.1653434 0.1518631 0.1834671 0.1781585 0.1551417 0.1811314 0.1331504 0.1618420 0.1382992 0.1833132 0.1448663 0.1400931 0.1619984 0.1534963 0.1537573 0.1740745 0.1403601 0.1970749 0.1420442 0.1632720 0.1690758 0.1587627 0.2141523 0.1479045 0.1419766 0.3021637 0.1426397 0.1600255 0.1527832 0.1427978 
S0478         0.2937719 0.0969108 0.0816422 0.0628322 0.0999754 0.1012075 0.1716478 0.0559804 0.0964476 0.1081575 0.1396146 0.0789818 0.1252346 0.1702095 0.0696415 0.1742005 0.0471548 0.1028756 0.1244597 0.1649403 0.0890458 0.1102563 0.1064113 0.1093927 0.0406211 0.0886800 0.1059631 0.1722972 0.0000000 0.1179531 0.1135007 0.1798164 0.1144439 0.1153596 0.0651298 0.0622029 0.1018197 0.0966071 0.1034302 0.0923751 0.1849679 0.2283918 0.1148626 0.1964890 0.0931968 0.1071907 0.1161500 0.0897378 0.1072981 0.0926075 0.0937308 0.1224818 0.0904431 0.0784205 0.1572279 0.0937847 0.0635375 0.0833701 0.0947623 0.1489326 0.1099300 0.1110297 0.1129555 0.1169298 0.1228774 0.1354946 0.2060827 0.1123908 0.1673455 0.1473941 0.1264921 0.1093368 0.2185031 0.0908047 0.2026846 0.0797041 0.1196550 0.0901158 0.1626380 0.1126908 0.1081118 0.2072237 0.1026109 0.1043392 0.0828065 0.0460949 0.0950109 0.0969618 0.1689351 0.0716486 0.0719526 0.1687392 0.1689033 0.1835322 0.1113840 0.1609082 0.1112906 0.0990126 0.1047497 0.0931110 0.1022782 0.1080704 0.0903672 0.0709564 0.1098298 0.1039469 0.0852961 0.0959274 0.0987878 0.1327331 0.1053779 0.1037149 0.1294370 0.1038902 0.0987788 0.1056302 0.0663281 0.1025142 0.0825373 0.1038015 0.0995618 0.0954884 0.0969487 0.1278528 0.0860520 0.0829168 0.2989887 0.0838059 0.1017325 0.1021975 0.0799878 
S0552sl       0.2862395 0.1130524 0.0990814 0.1448282 0.1289403 0.1149584 0.1873270 0.1390838 0.0842861 0.1174417 0.1476312 0.1587432 0.1426320 0.1870942 0.1401055 0.1977764 0.1237035 0.0682716 0.0921585 0.1946930 0.1136459 0.1250205 0.1258041 0.1163555 0.1135950 0.1071696 0.1217637 0.1926242 0.1179531 0.0000000 0.1346541 0.1984874 0.1295138 0.1312579 0.1353795 0.1252651 0.1351292 0.1191923 0.1230023 0.1144021 0.2011693 0.2439813 0.1151554 0.2261256 0.1077876 0.1251505 0.0260063 0.1053726 0.1201759 0.1122558 0.1070618 0.0553648 0.1199227 0.1419403 0.1828012 0.1296605 0.1211281 0.0923776 0.1534357 0.1608859 0.0238168 0.0469355 0.0170303 0.0330767 0.1393753 0.1557718 0.2300761 0.1221527 0.2080504 0.1694822 0.0682829 0.0545518 0.2360332 0.1066560 0.2133569 0.1047286 0.0546641 0.0726016 0.1856038 0.1242160 0.0829721 0.2217353 0.1204379 0.1171774 0.0918257 0.1288664 0.1323159 0.1417694 0.1815939 0.1325377 0.1518886 0.1735651 0.1852015 0.2061964 0.1283604 0.1824848 0.0915844 0.0797337 0.1226261 0.1059358 0.1122994 0.0785573 0.1049259 0.1331048 0.0823690 0.0891056 0.1503264 0.1101283 0.1132847 0.1495021 0.1353622 0.1162489 0.1504028 0.0757063 0.0733736 0.1169039 0.1445393 0.1136993 0.1472411 0.1195999 0.1147319 0.0796765 0.0638826 0.1624114 0.0552921 0.0894674 0.3153246 0.1041427 0.0688663 0.1231944 0.0852995 
