112
PAFTOL_019361 0.0000000 0.3009922 0.2867236 0.3432540 0.2923200 0.4104004 0.2400830 0.3078846 0.3238787 0.5463817 0.4197530 0.3840866 0.4252222 0.2730427 0.2842760 0.4260799 0.2717804 0.3018636 0.3007655 0.2833268 0.2845227 0.2813428 0.4277430 0.4081261 0.2700969 0.2923775 0.3837024 0.4088095 0.3019104 0.2972799 0.4202833 0.2742595 0.3098392 0.2797877 0.3919100 0.3315676 0.2668001 0.4214531 0.2917719 0.2729646 0.2781344 0.2968674 0.2875187 0.2782922 0.2839843 0.2819580 0.3935163 0.2725198 0.3806954 0.2707008 0.2644785 0.2623687 0.2611968 0.3293294 0.3548031 0.3220131 0.2580936 0.3736552 0.3574597 0.2648014 0.2519122 0.3034705 0.2887387 0.3037136 0.2708009 0.2796499 0.3460297 0.2852051 0.2471486 0.3016020 0.2965128 0.3097451 0.2776948 0.4138999 0.3503505 0.4408857 0.4334597 0.3081779 0.4051224 0.3069296 0.2434802 0.3007336 0.2711347 0.2826504 0.2722336 0.2966161 0.2528694 0.2514061 0.4930495 0.2944900 0.2943847 0.3488762 0.3416782 0.4909602 0.2820496 0.3526085 0.2404169 0.2611461 0.3008930 0.2775456 0.5564010 0.2863436 0.2474351 0.2924576 0.3015768 0.2691933 0.2736356 0.3397364 0.2821368 0.2758768 0.2710901 0.2798498 
S0055         0.3009922 0.0000000 0.0864259 0.1464384 0.0463039 0.1719711 0.0882591 0.0579914 0.0606759 0.2923948 0.1879132 0.1796215 0.1713736 0.1066969 0.0988043 0.1763618 0.0618451 0.0470502 0.0510964 0.0515669 0.0791856 0.0632134 0.2753820 0.1687688 0.0849668 0.0691748 0.1675940 0.1704550 0.0507134 0.0505561 0.2447759 0.0648581 0.0460608 0.0869515 0.1601111 0.1954745 0.0587781 0.1726407 0.0518521 0.0844271 0.0765289 0.0512259 0.0769748 0.0767019 0.0866775 0.0939734 0.1925112 0.0891857 0.1328511 0.0909995 0.0835995 0.0969957 0.0978285 0.1053982 0.1314577 0.1670180 0.0891733 0.1655868 0.1290327 0.1037905 0.0994995 0.1778183 0.0841681 0.1836675 0.1054575 0.0838571 0.1379522 0.0598182 0.0999449 0.1752712 0.0470190 0.0678824 0.0800532 0.1647542 0.1470289 0.1805091 0.1761912 0.0528855 0.1824745 0.1048748 0.0859357 0.0492036 0.0395154 0.0260304 0.1073354 0.0534902 0.0928656 0.0929542 0.2851459 0.0618626 0.0871918 0.2191733 0.1236906 0.2734579 0.0415303 0.1438538 0.0992332 0.0815086 0.0568414 0.0504637 0.3041250 0.0520815 0.0554158 0.0888922 0.1077155 0.0786318 0.0880477 0.1614682 0.0867766 0.0912664 0.0545726 0.0851949 
S0196sl       0.2867236 0.0864259 0.0000000 0.1137604 0.0828535 0.1649228 0.0805275 0.0865847 0.1116065 0.2940617 0.1963504 0.1874751 0.1767683 0.0930708 0.1049327 0.1803312 0.0934535 0.0838399 0.0888198 0.0904211 0.0149336 0.0944060 0.2207410 0.1718098 0.0877643 0.0999615 0.1745270 0.1794893 0.0925672 0.0825746 0.2690860 0.0877388 0.0823276 0.0482881 0.1667836 0.1856357 0.0976093 0.1790233 0.0866961 0.0809084 0.0137690 0.0854336 0.0149333 0.0137990 0.0948197 0.0546363 0.1951693 0.0783662 0.1440155 0.0878221 0.0897131 0.0849127 0.0801727 0.1240392 0.1156654 0.1639848 0.0906370 0.1687746 0.1427237 0.1110943 0.1009852 0.1779158 0.0181233 0.1822396 0.1115913 0.0855793 0.1488832 0.0966415 0.0973025 0.1702349 0.0808601 0.1016507 0.0736387 0.1720996 0.1501777 0.1904219 0.1818676 0.0862455 0.1948176 0.1085468 0.0743224 0.0820983 0.0743045 0.0835201 0.1158773 0.0897338 0.0915384 0.0855337 0.2569813 0.0956438 0.0227211 0.2530376 0.1106202 0.2581393 0.0719555 0.1235019 0.0899397 0.0797034 0.0928808 0.0833397 0.3110386 0.0932005 0.0769826 0.0941056 0.0967000 0.0837582 0.0811593 0.1575009 0.0622591 0.0911005 0.0864388 0.0754539 
S0281         0.3432540 0.1464384 0.1137604 0.0000000 0.1392360 0.1582453 0.1262040 0.1374263 0.1681763 0.3166397 0.1774787 0.1583458 0.1654162 0.1425370 0.1304800 0.1766378 0.1511796 0.1379288 0.1412301 0.1461694 0.1078956 0.1388235 0.1961577 0.1585859 0.1460633 0.1552121 0.1851896 0.1685406 0.1423497 0.1381556 0.1638401 0.1496841 0.1369906 0.1011988 0.1624896 0.2144408 0.1507308 0.1661289 0.1404581 0.1426524 0.1129527 0.1440734 0.1109308 0.1044349 0.1414529 0.1115335 0.1945429 0.1374008 0.1339785 0.1421012 0.1301825 0.1490358 0.1458060 0.1463579 0.1217510 0.2100915 0.1541911 0.1620812 0.1413918 0.1369765 0.1344085 0.2064526 0.1131895 0.2107675 0.1450739 0.1427084 0.1502419 0.1408811 0.1397732 0.2159545 0.1378088 0.1450660 0.1456679 0.1655609 0.1664126 0.1771448 0.1692743 0.1492989 0.1742253 0.1425072 0.1255603 0.1404409 0.1244979 0.1459845 0.1469620 0.1292830 0.1416316 0.1275544 0.2450051 0.1489747 0.1164002 0.1896639 0.1093400 0.2033246 0.1282709 0.1316639 0.1317379 0.1317421 0.1468867 0.1352559 0.2069933 0.1400224 0.1398396 0.1323719 0.1312414 0.1387568 0.1392876 0.1751546 0.1163817 0.1429230 0.1367717 0.1329563 
S0282         0.2923200 0.0463039 0.0828535 0.1392360 0.0000000 0.1711414 0.0871734 0.0295151 0.0655663 0.3007800 0.1930444 0.1715622 0.1759250 0.1126284 0.1058676 0.1794029 0.0702325 0.0152461 0.0240217 0.0683664 0.0698798 0.0665654 0.2372498 0.1687881 0.0947148 0.0857532 0.1676563 0.1734392 0.0340294 0.0216252 0.2169988 0.0685280 0.0163281 0.0863491 0.1653243 0.1969368 0.0762308 0.1742086 0.0427221 0.0915252 0.0694191 0.0197861 0.0723615 0.0695716 0.0953754 0.0918939 0.1825567 0.0938501 0.1415498 0.0956028 0.0882361 0.0992880 0.1012340 0.1118573 0.1227852 0.1727644 0.0903608 0.1615147 0.1368044 0.1048576 0.0973282 0.1862394 0.0769438 0.1855264 0.1104236 0.0862555 0.1423447 0.0628345 0.0993276 0.1801933 0.0173914 0.0469794 0.0812284 0.1696317 0.1451637 0.1831125 0.1847850 0.0259856 0.1833867 0.1138501 0.0866027 0.0194598 0.0187874 0.0470511 0.1094922 0.0552249 0.0930079 0.0930967 0.2730718 0.0434888 0.0823709 0.1880819 0.1160933 0.2626349 0.0111562 0.1309011 0.0978893 0.0826343 0.0429490 0.0393331 0.3046881 0.0404269 0.0598635 0.0965410 0.1130822 0.0841944 0.0926995 0.1660925 0.0870973 0.0950143 0.0594558 0.0897844 
S0288         0.4104004 0.1719711 0.1649228 0.1582453 0.1711414 0.0000000 0.1898962 0.1666604 0.2058809 0.2492299 0.0103023 0.0940550 0.0053539 0.1942472 0.1821803 0.0096476 0.1769676 0.1674010 0.1649945 0.1771989 0.1667896 0.1606632 0.2753086 0.0065045 0.1845490 0.2023408 0.1068714 0.0053906 0.1778961 0.1699628 0.2838759 0.1900656 0.1656143 0.1606477 0.0055654 0.3030894 0.1975245 0.0085616 0.1700269 0.1792757 0.1662420 0.1740106 0.1673445 0.1664043 0.1770287 0.1715565 0.1078325 0.2032765 0.0678055 0.1828027 0.1670091 0.1876841 0.1813364 0.1810045 0.1320445 0.2600926 0.1982685 0.0947059 0.0892770 0.1794474 0.1838133 0.2592031 0.1762759 0.2573529 0.1896170 0.1938566 0.0850352 0.1616310 0.2069199 0.2681960 0.1640577 0.1667629 0.1950942 0.0044660 0.1061802 0.0107920 0.0064069 0.1641183 0.0972344 0.1882315 0.1800651 0.1652550 0.1547684 0.1814703 0.2085720 0.1569009 0.1990793 0.1940233 0.2756728 0.1798905 0.1778461 0.2807570 0.1284606 0.2592489 0.1602362 0.1305545 0.1954780 0.1876711 0.1674477 0.1618682 0.2667197 0.1676852 0.1767606 0.1798397 0.1893884 0.1950296 0.2077500 0.2579930 0.1818208 0.2023554 0.1662381 0.2013920 
S0292         0.2400830 0.0882591 0.0805275 0.1262040 0.0871734 0.1898962 0.0000000 0.0972659 0.1114667 0.3572554 0.2147776 0.1986079 0.1976216 0.0752460 0.0969247 0.2029025 0.0996421 0.0848503 0.0896637 0.0909565 0.0770657 0.0977350 0.2605404 0.1923701 0.0820581 0.1009556 0.1978456 0.1956796 0.0935143 0.0849301 0.2274015 0.0868877 0.0851004 0.0884778 0.1878670 0.1798136 0.0988548 0.1944473 0.0891759 0.0776469 0.0764798 0.0905545 0.0770130 0.0742140 0.0792142 0.0927617 0.2030800 0.0735909 0.1650867 0.0768269 0.0810069 0.0809339 0.0795292 0.1454506 0.1557681 0.1774973 0.0842527 0.1799773 0.1533389 0.0909043 0.0920989 0.1778270 0.0816494 0.1777974 0.1042845 0.0816215 0.1609475 0.1010350 0.0364629 0.1751145 0.0831346 0.0992097 0.0643405 0.1953116 0.1870504 0.2052656 0.2063678 0.0928700 0.2107264 0.1038503 0.0079286 0.0854490 0.0785866 0.0903842 0.0446876 0.0908619 0.0159510 0.0128673 0.2886475 0.0913860 0.0834807 0.2209119 0.1458419 0.2739900 0.0803085 0.1618342 0.0341263 0.0685695 0.0923659 0.0843149 0.3114031 0.0841594 0.0772078 0.0909919 0.0900406 0.0772271 0.0750056 0.1496109 0.0712863 0.0753050 0.0917623 0.0700086 
S0293         0.3078846 0.0579914 0.0865847 0.1374263 0.0295151 0.1666604 0.0972659 0.0000000 0.0781371 0.2969744 0.1772003 0.1694205 0.1636746 0.1221810 0.1150582 0.1624420 0.0811765 0.0268058 0.0333286 0.0753899 0.0782820 0.0829091 0.2417228 0.1620991 0.0999027 0.0966281 0.1569435 0.1573218 0.0473469 0.0292688 0.2327651 0.0790921 0.0255248 0.0862844 0.1535527 0.1954884 0.0878845 0.1571979 0.0577479 0.1013704 0.0762561 0.0347519 0.0782128 0.0762574 0.1073681 0.0924371 0.1801635 0.1069559 0.1396509 0.1043690 0.1022313 0.1030459 0.1091664 0.1194081 0.1209694 0.1736691 0.1032907 0.1514684 0.1232055 0.1203614 0.1103509 0.1833001 0.0835108 0.1850401 0.1260939 0.0933768 0.1266195 0.0801314 0.1128589 0.1841281 0.0293528 0.0596487 0.0834132 0.1600907 0.1385908 0.1687527 0.1668563 0.0381172 0.1821165 0.1135328 0.0952911 0.0304765 0.0285511 0.0643826 0.1196743 0.0662461 0.1008090 0.1024915 0.2807306 0.0544745 0.0865760 0.2204307 0.1156888 0.2646181 0.0245230 0.1288833 0.1110314 0.0864463 0.0508430 0.0537108 0.3051325 0.0508394 0.0674464 0.1119353 0.1216660 0.0924968 0.1056520 0.1922705 0.0895272 0.0972766 0.0714018 0.1041284 
S0294         0.3238787 0.0606759 0.1116065 0.1681763 0.0655663 0.2058809 0.1114667 0.0781371 0.0000000 0.3316554 0.2230255 0.2009442 0.2099571 0.1225909 0.1240953 0.2135568 0.0822512 0.0635577 0.0642635 0.0704345 0.0994440 0.0796811 0.2723992 0.2040118 0.1156618 0.0911696 0.1998209 0.1951546 0.0714024 0.0673193 0.2717118 0.0801325 0.0649557 0.1173781 0.1948856 0.2146159 0.0768501 0.2027498 0.0685046 0.1107102 0.0978761 0.0683000 0.1012597 0.0967388 0.1186037 0.1222380 0.2222465 0.1055613 0.1651968 0.1192952 0.1094227 0.1221325 0.1253762 0.0981422 0.1595827 0.1898108 0.1048047 0.1997210 0.1520735 0.1371777 0.1346217 0.1965848 0.1061011 0.2007728 0.1334413 0.1003187 0.1782697 0.0790338 0.1258575 0.1934271 0.0586724 0.0901148 0.0960578 0.1985932 0.1752220 0.2145188 0.2134207 0.0698558 0.2157150 0.1263254 0.1090193 0.0622127 0.0557273 0.0573040 0.1334396 0.0647857 0.1143033 0.1163659 0.2895444 0.0848172 0.1082323 0.2298810 0.1542979 0.2748631 0.0565896 0.1686491 0.1205763 0.1061179 0.0721847 0.0695754 0.2834590 0.0749518 0.0738506 0.1130364 0.1210674 0.1060297 0.1058481 0.1712470 0.1047161 0.1120871 0.0694237 0.1055714 
S0299         0.5463817 0.2923948 0.2940617 0.3166397 0.3007800 0.2492299 0.3572554 0.2969744 0.3316554 0.0000000 0.3023655 0.3210365 0.2659344 0.3768385 0.3538080 0.2709911 0.3171729 0.3090354 0.3138406 0.3084099 0.2626530 0.3051364 0.0000010 0.2613029 0.3451501 0.3684951 0.3075673 0.2660137 0.2927345 0.2656377 0.0000010 0.3532830 0.2849480 0.2735954 0.2531036 0.5404553 0.3456535 0.2451148 0.2975995 0.3228885 0.2515291 0.2964279 0.2544712 0.2622291 0.3282402 0.2838016 0.2916966 0.3737634 0.2681296 0.2935402 0.2954650 0.3042830 0.3145030 0.4082305 0.3007786 0.5687637 0.3180450 0.2935960 0.2940109 0.2950538 0.2705404 0.4824617 0.2758022 0.4778705 0.3382822 0.3153616 0.2773735 0.3219330 0.3292149 0.4913740 0.3112455 0.3169153 0.3301850 0.2417103 0.3665048 0.2597526 0.2581757 0.2842219 0.2690351 0.3334708 0.3604418 0.3112455 0.2747760 0.4382493 0.3159208 0.3117563 0.3781615 0.3513603 0.0751600 0.3369169 0.2717140 0.0000010 0.3007786 0.1948843 0.2630672 0.3254467 0.3491281 0.2740136 0.2992979 0.2972562 0.1880042 0.3084099 0.3314628 0.3248831 0.2892525 0.3128209 0.3627768 0.4835954 0.3429828 0.3236471 0.3025241 0.3467533 
S0303         0.4197530 0.1879132 0.1963504 0.1774787 0.1930444 0.0103023 0.2147776 0.1772003 0.2230255 0.3023655 0.0000000 0.1076367 0.0087965 0.2151340 0.1914581 0.0108578 0.1828374 0.1853633 0.1825389 0.1925866 0.1882363 0.1672259 0.3044632 0.0100250 0.2096338 0.2133827 0.1134595 0.0076865 0.2039888 0.1895059 0.3061883 0.2001836 0.1854702 0.1836653 0.0033944 0.3296423 0.2083192 0.0119836 0.1827560 0.2075248 0.1841775 0.1919766 0.1870995 0.1860111 0.1982728 0.1893293 0.1308352 0.2259323 0.0773652 0.2084888 0.1906453 0.2126347 0.2055188 0.1958913 0.1506566 0.2894953 0.2052065 0.1098923 0.1052046 0.2000581 0.2063748 0.2857355 0.1988994 0.2765977 0.2085747 0.2092036 0.0970834 0.1835585 0.2390146 0.2898814 0.1813423 0.1943623 0.2193376 0.0068262 0.1249986 0.0154605 0.0109128 0.1801839 0.1141285 0.2052311 0.2033460 0.1809644 0.1737886 0.1882269 0.2396010 0.1748802 0.2276811 0.2179850 0.3068264 0.2046323 0.1977406 0.2844922 0.1525774 0.2867488 0.1801810 0.1511237 0.2250708 0.1983276 0.1835719 0.1827231 0.2966944 0.1896505 0.1927975 0.1953823 0.2085225 0.2222829 0.2304708 0.2820650 0.2000793 0.2141716 0.1813866 0.2206619 
S0308         0.3840866 0.1796215 0.1874751 0.1583458 0.1715622 0.0940550 0.1986079 0.1694205 0.2009442 0.3210365 0.1076367 0.0000000 0.1046315 0.2081615 0.1824203 0.1041250 0.1814048 0.1684908 0.1716337 0.1755536 0.1697545 0.1634078 0.2541830 0.0937091 0.2075003 0.2030439 0.1234667 0.0915405 0.1870614 0.1709796 0.2335826 0.2059454 0.1699306 0.1757651 0.0963874 0.2948153 0.1939169 0.1009531 0.1697133 0.1979755 0.1686980 0.1780244 0.1699722 0.1655633 0.1907311 0.1825613 0.1185380 0.2109987 0.0875737 0.1869989 0.1856862 0.2046967 0.1989710 0.1902758 0.1540115 0.2627682 0.1833709 0.0980760 0.0977806 0.1858694 0.1757471 0.2562988 0.1773686 0.2663452 0.2157067 0.1931211 0.0819890 0.1745320 0.2103814 0.2765166 0.1635624 0.1802615 0.1970412 0.0962653 0.1187426 0.1063973 0.1066622 0.1710448 0.1068235 0.2035346 0.1951683 0.1680066 0.1541755 0.1945815 0.2221115 0.1653363 0.2130639 0.2046075 0.2840079 0.1801395 0.1793585 0.2502761 0.1437277 0.2614878 0.1648605 0.1554235 0.2092623 0.1904082 0.1686222 0.1633160 0.2677323 0.1724579 0.1920023 0.1857420 0.2027190 0.2049923 0.2080176 0.2755380 0.1837825 0.2053353 0.1720328 0.2013306 
S0322         0.4252222 0.1713736 0.1767683 0.1654162 0.1759250 0.0053539 0.1976216 0.1636746 0.2099571 0.2659344 0.0087965 0.1046315 0.0000000 0.2008875 0.1831235 0.0113885 0.1763562 0.1707303 0.1681197 0.1803070 0.1737480 0.1599841 0.2856315 0.0095086 0.1924854 0.2034378 0.1153483 0.0073177 0.1844057 0.1745742 0.2748658 0.1949992 0.1685868 0.1673236 0.0042972 0.3117877 0.1973821 0.0103651 0.1727419 0.1942927 0.1700400 0.1714162 0.1726602 0.1717187 0.1823724 0.1765452 0.1237949 0.2108904 0.0730056 0.1936698 0.1749545 0.1994593 0.1926444 0.1798178 0.1425088 0.2679871 0.1967974 0.1070168 0.0985815 0.1872110 0.1918576 0.2671960 0.1835542 0.2647662 0.1957168 0.1955851 0.0899430 0.1697189 0.2141027 0.2782351 0.1674715 0.1727282 0.1994046 0.0032209 0.1184682 0.0125133 0.0072007 0.1671588 0.1080840 0.1870470 0.1870100 0.1671449 0.1616270 0.1785231 0.2207669 0.1620966 0.2077844 0.2024715 0.2912456 0.1861926 0.1824508 0.2767514 0.1403978 0.2663084 0.1643146 0.1409619 0.2028636 0.1862511 0.1702483 0.1663204 0.2728840 0.1725580 0.1832282 0.1839052 0.1939707 0.2045893 0.2150475 0.2656177 0.1886325 0.2029406 0.1675627 0.2087692 
S0335         0.2730427 0.1066969 0.0930708 0.1425370 0.1126284 0.1942472 0.0752460 0.1221810 0.1225909 0.3768385 0.2151340 0.2081615 0.2008875 0.0000000 0.0684437 0.2042206 0.1170597 0.1098721 0.1113489 0.1196214 0.0882503 0.1143395 0.2675179 0.1975377 0.0924790 0.1242469 0.2118239 0.1985520 0.1146724 0.1095436 0.2790080 0.1127387 0.1102103 0.1007178 0.1910878 0.2065667 0.1169035 0.2017853 0.1011620 0.0864528 0.0894128 0.1139095 0.0912375 0.0869887 0.0856154 0.1049536 0.2169871 0.0911625 0.1704947 0.0934681 0.0875184 0.0978698 0.0935508 0.1581036 0.1764374 0.2040281 0.0913516 0.1918634 0.1666024 0.1063440 0.1036727 0.2081121 0.0878688 0.2086840 0.1174916 0.0689399 0.1773649 0.1214228 0.0812405 0.2040416 0.1058791 0.1248974 0.0832654 0.1960474 0.1897537 0.2122879 0.2058518 0.1147087 0.2105462 0.0811454 0.0715427 0.1083070 0.0987382 0.1069063 0.1004283 0.1087717 0.0797872 0.0798403 0.3123103 0.1179206 0.0991689 0.2712539 0.1660459 0.2773813 0.1052590 0.1794529 0.0795686 0.0611852 0.1159270 0.1068867 0.3158739 0.1087525 0.0968544 0.0647407 0.0489907 0.0887774 0.0913989 0.1651211 0.0934655 0.0664643 0.1049012 0.0841377 
S0345         0.2842760 0.0988043 0.1049327 0.1304800 0.1058676 0.1821803 0.0969247 0.1150582 0.1240953 0.3538080 0.1914581 0.1824203 0.1831235 0.0684437 0.0000000 0.1865151 0.1033115 0.1032227 0.1050427 0.1161352 0.0948097 0.1044064 0.2683443 0.1806429 0.1042542 0.1208806 0.1857831 0.1806248 0.1079173 0.1055060 0.2325426 0.1111200 0.1021021 0.0963566 0.1682146 0.1960974 0.1193933 0.1853322 0.0909643 0.0995065 0.0933913 0.1104770 0.0952698 0.0922058 0.0890388 0.1005831 0.1826515 0.0988453 0.1548678 0.1010205 0.0872774 0.1131779 0.1068007 0.1357405 0.1563988 0.1914574 0.0943830 0.1710867 0.1449526 0.1080995 0.1088972 0.1940813 0.0934926 0.1922807 0.1202885 0.0630761 0.1522923 0.1105265 0.1045260 0.1844842 0.1005573 0.1067560 0.0863269 0.1722983 0.1657079 0.1925758 0.1864010 0.1113247 0.1861520 0.0485724 0.0931329 0.1029695 0.0949017 0.0990933 0.1108369 0.0983327 0.1016349 0.0998935 0.2878191 0.1060149 0.1047343 0.2245285 0.1449197 0.2657442 0.0986310 0.1623282 0.0946687 0.0678131 0.1008715 0.0948512 0.2870723 0.0990123 0.0960831 0.0345295 0.0701625 0.0941099 0.0976915 0.1815200 0.0942175 0.0708151 0.0956146 0.0929371 
S0355         0.4260799 0.1763618 0.1803312 0.1766378 0.1794029 0.0096476 0.2029025 0.1624420 0.2135568 0.2709911 0.0108578 0.1041250 0.0113885 0.2042206 0.1865151 0.0000000 0.1798366 0.1742165 0.1698987 0.1822334 0.1780819 0.1635665 0.3163310 0.0104226 0.1959346 0.2101481 0.1115808 0.0082521 0.1878164 0.1762775 0.2889062 0.1970087 0.1740848 0.1747631 0.0053092 0.3220211 0.2016870 0.0112394 0.1764390 0.1960020 0.1743764 0.1750162 0.1770104 0.1760528 0.1891847 0.1824708 0.1137538 0.2161565 0.0746026 0.1953814 0.1803004 0.2030057 0.1943713 0.1931267 0.1440223 0.2792072 0.1995782 0.1037760 0.0953668 0.1926399 0.1936380 0.2807369 0.1878595 0.2782373 0.2010735 0.1972644 0.0883954 0.1732477 0.2211908 0.2907316 0.1709839 0.1757794 0.2032341 0.0064054 0.1147387 0.0155907 0.0102575 0.1691523 0.1065054 0.1935580 0.1923586 0.1706537 0.1617932 0.1847334 0.2260107 0.1642746 0.2147973 0.2058722 0.2991562 0.1848674 0.1867703 0.2844291 0.1419187 0.2854932 0.1678811 0.1439702 0.2086304 0.1880366 0.1730104 0.1666920 0.2848978 0.1714532 0.1868567 0.1881560 0.2001611 0.2099420 0.2165313 0.2720853 0.1875209 0.2041144 0.1710507 0.2077395 
S0376         0.2717804 0.0618451 0.0934535 0.1511796 0.0702325 0.1769676 0.0996421 0.0811765 0.0822512 0.3171729 0.1828374 0.1814048 0.1763562 0.1170597 0.1033115 0.1798366 0.0000000 0.0694830 0.0711875 0.0636717 0.0885700 0.0407620 0.2617046 0.1721422 0.0908904 0.0777716 0.1646118 0.1770448 0.0722790 0.0715608 0.2245081 0.0717198 0.0697704 0.0971253 0.1645152 0.2103890 0.0772026 0.1760273 0.0682432 0.0872447 0.0819899 0.0720218 0.0877014 0.0860264 0.0961217 0.1018128 0.1803040 0.0942023 0.1408234 0.0971601 0.0980934 0.0945781 0.0959061 0.1082947 0.1404768 0.1841848 0.0829748 0.1552417 0.1277357 0.1074640 0.1087749 0.1895869 0.0922909 0.1893992 0.1095494 0.0887503 0.1397483 0.0758382 0.1101050 0.1851774 0.0670299 0.0816142 0.0991220 0.1636440 0.1468771 0.1840202 0.1813428 0.0709241 0.1817560 0.1063373 0.0930797 0.0644375 0.0602632 0.0545030 0.1170708 0.0662477 0.1047446 0.1043242 0.2772528 0.0722702 0.0956438 0.2225243 0.1370376 0.2713137 0.0613194 0.1531698 0.1024028 0.0821638 0.0723601 0.0582005 0.2840023 0.0644058 0.0668315 0.0966425 0.1105066 0.0888240 0.0956032 0.1642564 0.1005210 0.0919117 0.0356183 0.0980739 
S0400         0.3018636 0.0470502 0.0838399 0.1379288 0.0152461 0.1674010 0.0848503 0.0268058 0.0635577 0.3090354 0.1853633 0.1684908 0.1707303 0.1098721 0.1032227 0.1742165 0.0694830 0.0000000 0.0216360 0.0663043 0.0734368 0.0659400 0.2525049 0.1651872 0.0957783 0.0846055 0.1699951 0.1682689 0.0347514 0.0193050 0.2326649 0.0676732 0.0130469 0.0860379 0.1590769 0.1880905 0.0754101 0.1691259 0.0411388 0.0925827 0.0716888 0.0185400 0.0746543 0.0718477 0.0962180 0.0944198 0.1854562 0.0933148 0.1402138 0.0966621 0.0892864 0.1016558 0.1022955 0.1078570 0.1250079 0.1689350 0.0880116 0.1661812 0.1359797 0.1071801 0.0984218 0.1805627 0.0792390 0.1798848 0.1137823 0.0839551 0.1420389 0.0595633 0.0995036 0.1746643 0.0120269 0.0476379 0.0835197 0.1643811 0.1489552 0.1778099 0.1772781 0.0257910 0.1847852 0.1129800 0.0830621 0.0140473 0.0154061 0.0491954 0.1081130 0.0532271 0.0893959 0.0894803 0.2823971 0.0419174 0.0846928 0.2064253 0.1202663 0.2623651 0.0100336 0.1359690 0.0980794 0.0803863 0.0390804 0.0366988 0.3081132 0.0389226 0.0606764 0.0958300 0.1080974 0.0865348 0.0921710 0.1669058 0.0865611 0.0925497 0.0574900 0.0892763 
S0405         0.3007655 0.0510964 0.0888198 0.1412301 0.0240217 0.1649945 0.0896637 0.0333286 0.0642635 0.3138406 0.1825389 0.1716337 0.1681197 0.1113489 0.1050427 0.1698987 0.0711875 0.0216360 0.0000000 0.0733254 0.0788445 0.0704517 0.2560372 0.1621460 0.1004131 0.0859433 0.1621860 0.1639053 0.0371615 0.0205258 0.2153644 0.0745082 0.0205416 0.0934313 0.1566494 0.1993672 0.0812180 0.1662133 0.0447780 0.0957233 0.0774052 0.0263514 0.0804740 0.0775815 0.1024999 0.1006799 0.1791271 0.1008525 0.1365957 0.0998565 0.0912248 0.1064687 0.1070285 0.1136713 0.1328522 0.1800587 0.0941615 0.1600930 0.1341523 0.1157329 0.1082136 0.1870236 0.0851366 0.1898619 0.1139131 0.0895028 0.1389133 0.0647697 0.0999604 0.1842729 0.0216229 0.0513245 0.0894692 0.1620606 0.1409360 0.1755348 0.1729132 0.0248628 0.1802152 0.1164159 0.0878727 0.0237082 0.0186988 0.0490946 0.1119903 0.0573711 0.0942768 0.0943667 0.2840406 0.0416898 0.0866521 0.1987697 0.1279450 0.2522241 0.0196509 0.1405877 0.0972291 0.0847186 0.0438332 0.0402696 0.3002696 0.0425304 0.0621442 0.0975771 0.1157266 0.0906666 0.0996917 0.1696710 0.0926084 0.0943211 0.0627898 0.0967015 
S0412sl       0.2833268 0.0515669 0.0904211 0.1461694 0.0683664 0.1771989 0.0909565 0.0753899 0.0704345 0.3084099 0.1925866 0.1755536 0.1803070 0.1196214 0.1161352 0.1822334 0.0636717 0.0663043 0.0733254 0.0000000 0.0869732 0.0632522 0.2632413 0.1694487 0.0838587 0.0755165 0.1801665 0.1757321 0.0771867 0.0689880 0.2403559 0.0687325 0.0679171 0.1002620 0.1685419 0.1930117 0.0344520 0.1752996 0.0726547 0.0870008 0.0829990 0.0659201 0.0873439 0.0856763 0.0920995 0.1060617 0.1874587 0.0980918 0.1523193 0.0895387 0.0970032 0.0930446 0.0951226 0.1086890 0.1394071 0.1653051 0.0894183 0.1742955 0.1282195 0.1120978 0.1060263 0.1761590 0.0933031 0.1745179 0.1187746 0.0894402 0.1473639 0.0707317 0.1082441 0.1687019 0.0675919 0.0849609 0.0892729 0.1759187 0.1595428 0.1864601 0.1854225 0.0701861 0.1917631 0.1127957 0.0861083 0.0662878 0.0549502 0.0536431 0.1121609 0.0580480 0.0982778 0.0983718 0.2805531 0.0811114 0.0940716 0.2099718 0.1342044 0.2628009 0.0582924 0.1452362 0.1025357 0.0868851 0.0777736 0.0653187 0.2952928 0.0705736 0.0608467 0.1030452 0.1145924 0.0774979 0.0995085 0.1748060 0.0933983 0.0967349 0.0585476 0.0965226 
S0419         0.2845227 0.0791856 0.0149336 0.1078956 0.0698798 0.1667896 0.0770657 0.0782820 0.0994440 0.2626530 0.1882363 0.1697545 0.1737480 0.0882503 0.0948097 0.1780819 0.0885700 0.0734368 0.0788445 0.0869732 0.0000000 0.0841926 0.2211883 0.1668254 0.0842173 0.0955538 0.1619633 0.1737104 0.0850424 0.0719527 0.2298738 0.0862553 0.0748951 0.0431210 0.1641536 0.1815402 0.0896434 0.1711360 0.0769619 0.0782464 0.0069210 0.0756232 0.0059567 0.0049413 0.0885574 0.0467262 0.1974368 0.0745720 0.1411477 0.0831900 0.0797811 0.0828849 0.0788351 0.1127460 0.1098620 0.1650959 0.0790839 0.1642466 0.1327334 0.1032593 0.0963607 0.1755275 0.0109426 0.1772926 0.1039370 0.0771987 0.1476469 0.0846422 0.0936499 0.1683184 0.0733830 0.0894167 0.0680449 0.1690193 0.1456458 0.1839016 0.1791321 0.0764344 0.1915913 0.1028615 0.0696480 0.0757026 0.0630325 0.0774204 0.1108965 0.0785272 0.0870381 0.0778264 0.2507490 0.0838278 0.0141131 0.2145787 0.1025010 0.2432579 0.0636358 0.1172275 0.0881884 0.0693427 0.0838467 0.0750971 0.2871459 0.0829229 0.0735044 0.0849562 0.0900599 0.0767444 0.0734429 0.1533749 0.0521947 0.0811369 0.0810839 0.0681879 
S0427         0.2813428 0.0632134 0.0944060 0.1388235 0.0665654 0.1606632 0.0977350 0.0829091 0.0796811 0.3051364 0.1672259 0.1634078 0.1599841 0.1143395 0.1044064 0.1635665 0.0407620 0.0659400 0.0704517 0.0632522 0.0841926 0.0000000 0.2270099 0.1539917 0.1037412 0.0775140 0.1515627 0.1558475 0.0790064 0.0721869 0.1843648 0.0820655 0.0662122 0.0896085 0.1503398 0.1907960 0.0717080 0.1599346 0.0606854 0.0972497 0.0802016 0.0665726 0.0833064 0.0816519 0.1047803 0.0914640 0.1726556 0.1017852 0.1289035 0.1046741 0.1042668 0.1080303 0.1059248 0.0998529 0.1305478 0.1724801 0.0815605 0.1480214 0.1099691 0.1118817 0.1136870 0.1740090 0.0880057 0.1778199 0.1233484 0.0944824 0.1269923 0.0668452 0.1123115 0.1736423 0.0635042 0.0792889 0.0964482 0.1531846 0.1304266 0.1690320 0.1686193 0.0725557 0.1810851 0.1134788 0.0927665 0.0645840 0.0567639 0.0585264 0.1178826 0.0603595 0.1024484 0.1024372 0.2498374 0.0779029 0.0895138 0.1809717 0.1256516 0.2540852 0.0577837 0.1391677 0.1046690 0.0893286 0.0684465 0.0610551 0.2676628 0.0662710 0.0654661 0.1013102 0.1111485 0.0989848 0.1006142 0.1619447 0.0961674 0.0993600 0.0333897 0.0975934 
S0428sl       0.4277430 0.2753820 0.2207410 0.1961577 0.2372498 0.2753086 0.2605404 0.2417228 0.2723992 0.0000010 0.3044632 0.2541830 0.2856315 0.2675179 0.2683443 0.3163310 0.2617046 0.2525049 0.2560372 0.2632413 0.2211883 0.2270099 0.0000000 0.2749233 0.2606767 0.2433434 0.3230839 0.3166809 0.2659599 0.2632320 0.0744161 0.2467928 0.2581082 0.2014254 0.2952151 0.3001934 0.2759140 0.3112219 0.2482621 0.2586689 0.2164535 0.2129874 0.2192435 0.2166938 0.2764657 0.2129169 0.3402583 0.2703761 0.2751938 0.2577088 0.2464258 0.2724509 0.2598473 0.2533111 0.2244488 0.2863668 0.2292792 0.2744995 0.2170070 0.2415709 0.2270297 0.2455522 0.2209444 0.2502780 0.2586835 0.2656325 0.2535173 0.2713202 0.2562722 0.2340234 0.2364143 0.2350371 0.2642990 0.2690728 0.2667995 0.3055779 0.3026724 0.2552016 0.3299200 0.3005760 0.2609906 0.2410763 0.2032097 0.2435346 0.3188702 0.2455296 0.2783360 0.2645774 0.0764236 0.2380020 0.2422631 0.0442740 0.2193904 0.0870250 0.2409664 0.2052610 0.2884173 0.2600045 0.2640566 0.2293880 0.1138369 0.2466434 0.2415809 0.2635907 0.3109200 0.2637158 0.2716548 0.1924348 0.2241008 0.2774858 0.2556528 0.2559900 
S0430         0.4081261 0.1687688 0.1718098 0.1585859 0.1687881 0.0065045 0.1923701 0.1620991 0.2040118 0.2613029 0.0100250 0.0937091 0.0095086 0.1975377 0.1806429 0.0104226 0.1721422 0.1651872 0.1621460 0.1694487 0.1668254 0.1539917 0.2749233 0.0000000 0.1878836 0.2010855 0.1108520 0.0073793 0.1792748 0.1655324 0.2713397 0.1819471 0.1650602 0.1656431 0.0032440 0.3176836 0.1910140 0.0072681 0.1722415 0.1843561 0.1646998 0.1654867 0.1672864 0.1663701 0.1779272 0.1749343 0.1125579 0.2022713 0.0686053 0.1855102 0.1704593 0.1912704 0.1833165 0.1820704 0.1329792 0.2725713 0.1938326 0.0976584 0.0940761 0.1773603 0.1802202 0.2769305 0.1781209 0.2744072 0.1910958 0.1899164 0.0828362 0.1624113 0.2079426 0.2851856 0.1619471 0.1688696 0.1931805 0.0032672 0.1074997 0.0062690 0.0062524 0.1584444 0.0971407 0.1870900 0.1822920 0.1616319 0.1524495 0.1759003 0.2125415 0.1599828 0.2047265 0.1958899 0.2783639 0.1789218 0.1770502 0.2610712 0.1309205 0.2617482 0.1587584 0.1299918 0.1971059 0.1834549 0.1685712 0.1609035 0.2638314 0.1685819 0.1726593 0.1818177 0.1937735 0.1998860 0.2063548 0.2538311 0.1790523 0.1996527 0.1635704 0.2001809 
S0552sl       0.2700969 0.0849668 0.0877643 0.1460633 0.0947148 0.1845490 0.0820581 0.0999027 0.1156618 0.3451501 0.2096338 0.2075003 0.1924854 0.0924790 0.1042542 0.1959346 0.0908904 0.0957783 0.1004131 0.0838587 0.0842173 0.1037412 0.2606767 0.1878836 0.0000000 0.0977670 0.1835751 0.1946792 0.0966999 0.0954993 0.2393070 0.0930234 0.0948737 0.0965079 0.1821664 0.2188101 0.0970065 0.1938288 0.0969501 0.0201358 0.0790618 0.0966421 0.0832643 0.0817954 0.0502971 0.1008498 0.1950514 0.0836599 0.1745055 0.0298560 0.0383252 0.0182533 0.0298459 0.1406435 0.1491788 0.1929401 0.0773850 0.1730727 0.1512113 0.0664812 0.0713346 0.2035390 0.0892591 0.1996002 0.0542334 0.0755760 0.1553472 0.0975020 0.0950059 0.1938795 0.0931440 0.1076415 0.0780293 0.1853390 0.1722885 0.2044011 0.1979941 0.0980612 0.1945932 0.1045448 0.0770286 0.0929902 0.0863448 0.0809674 0.1108286 0.0860884 0.0883424 0.0852709 0.2935430 0.1020035 0.0937035 0.2147156 0.1453759 0.2832506 0.0870156 0.1541517 0.0907646 0.0716628 0.1030636 0.0876928 0.3125789 0.0972296 0.0816661 0.0890370 0.0984153 0.0531064 0.0850168 0.1634991 0.0789140 0.0786465 0.0897658 0.0845612 
S0558         0.2923775 0.0691748 0.0999615 0.1552121 0.0857532 0.2023408 0.1009556 0.0966281 0.0911696 0.3684951 0.2133827 0.2030439 0.2034378 0.1242469 0.1208806 0.2101481 0.0777716 0.0846055 0.0859433 0.0755165 0.0955538 0.0775140 0.2433434 0.2010855 0.0977670 0.0000000 0.2008336 0.2035714 0.0900698 0.0868573 0.2447954 0.0814741 0.0811992 0.0984839 0.1972361 0.2088143 0.0737492 0.2060298 0.0823363 0.0914710 0.0941007 0.0903726 0.0958129 0.0929608 0.1080276 0.1046672 0.2127889 0.1126749 0.1654756 0.0984760 0.1030356 0.0959023 0.0999393 0.1180691 0.1580444 0.1816167 0.1011641 0.1898478 0.1576795 0.1265553 0.1138441 0.1941271 0.1007739 0.1947129 0.1261142 0.1023064 0.1681736 0.0997703 0.1154379 0.1904391 0.0820580 0.0909197 0.1038675 0.2001509 0.1731388 0.2167202 0.2114269 0.0899994 0.2172100 0.1223554 0.0999406 0.0819861 0.0727289 0.0652532 0.1285262 0.0810349 0.1091808 0.1098980 0.2863599 0.0886117 0.1054427 0.2255543 0.1508998 0.3002437 0.0775957 0.1757216 0.1183733 0.1013184 0.0820730 0.0789787 0.3278784 0.0821103 0.0698463 0.1083505 0.1219841 0.0921161 0.1127207 0.1755404 0.1069477 0.1117523 0.0698854 0.1067663 
S0616         0.3837024 0.1675940 0.1745270 0.1851896 0.1676563 0.1068714 0.1978456 0.1569435 0.1998209 0.3075673 0.1134595 0.1234667 0.1153483 0.2118239 0.1857831 0.1115808 0.1646118 0.1699951 0.1621860 0.1801665 0.1619633 0.1515627 0.3230839 0.1108520 0.1835751 0.2008336 0.0000000 0.1051047 0.1700560 0.1616659 0.2277415 0.1954032 0.1650796 0.1692231 0.1022873 0.2984458 0.1970390 0.1159712 0.1641382 0.1789728 0.1598927 0.1754175 0.1642368 0.1600403 0.1853685 0.1638512 0.1235374 0.1997695 0.1090681 0.1857976 0.1787854 0.1981167 0.1822433 0.1893960 0.1451972 0.2561558 0.1823378 0.1018875 0.0952269 0.1850605 0.1837433 0.2494132 0.1697309 0.2623111 0.2013703 0.1829223 0.0905956 0.1552194 0.1936486 0.2673042 0.1698409 0.1789337 0.1928456 0.1057777 0.0497972 0.1255590 0.1188741 0.1631737 0.1246455 0.1939677 0.1833379 0.1725607 0.1571723 0.1702410 0.2141530 0.1462400 0.1983462 0.1998431 0.3027155 0.1729103 0.1733358 0.2363724 0.1416415 0.2828820 0.1633997 0.1440460 0.1945613 0.1862604 0.1776429 0.1507789 0.2829703 0.1562260 0.1779963 0.1850988 0.1949052 0.1946653 0.1968916 0.2858394 0.1732678 0.1925262 0.1621127 0.1973450 
S0620         0.4088095 0.1704550 0.1794893 0.1685406 0.1734392 0.0053906 0.1956796 0.1573218 0.1951546 0.2660137 0.0076865 0.0915405 0.0073177 0.1985520 0.1806248 0.0082521 0.1770448 0.1682689 0.1639053 0.1757321 0.1737104 0.1558475 0.3166809 0.0073793 0.1946792 0.2035714 0.1051047 0.0000000 0.1774994 0.1703371 0.2614043 0.1922421 0.1681396 0.1689221 0.0010658 0.3085545 0.1898476 0.0061307 0.1684266 0.1895593 0.1731508 0.1738227 0.1726147 0.1714516 0.1810545 0.1765309 0.1128047 0.2046219 0.0679851 0.1887055 0.1755959 0.1998307 0.1915946 0.1829331 0.1422971 0.2661936 0.1947930 0.1001040 0.0903368 0.1824606 0.1900973 0.2697762 0.1835518 0.2673144 0.2020734 0.1910673 0.0857180 0.1629540 0.2157108 0.2793475 0.1650125 0.1708536 0.1946802 0.0054202 0.1066037 0.0104302 0.0093759 0.1662636 0.0989303 0.1910936 0.1837779 0.1677840 0.1571848 0.1799475 0.2208886 0.1535931 0.2044019 0.1992051 0.2867477 0.1799529 0.1824844 0.2595513 0.1371424 0.2755176 0.1649473 0.1390904 0.2001677 0.1877297 0.1659300 0.1623629 0.2694127 0.1685540 0.1792686 0.1839048 0.1899323 0.2034869 0.2053701 0.2628513 0.1848175 0.1993576 0.1671513 0.1966172 
S0641         0.3019104 0.0507134 0.0925672 0.1423497 0.0340294 0.1778961 0.0935143 0.0473469 0.0714024 0.2927345 0.2039888 0.1870614 0.1844057 0.1146724 0.1079173 0.1878164 0.0722790 0.0347514 0.0371615 0.0771867 0.0850424 0.0790064 0.2659599 0.1792748 0.0966999 0.0900698 0.1700560 0.1774994 0.0000000 0.0379998 0.2136304 0.0722119 0.0359537 0.0955527 0.1720542 0.1975499 0.0848711 0.1810843 0.0494937 0.0946696 0.0835720 0.0410399 0.0854388 0.0837661 0.1015160 0.1027574 0.1984637 0.0974714 0.1493841 0.1001417 0.0964713 0.1067798 0.1101001 0.1243284 0.1386093 0.1753872 0.0913939 0.1793781 0.1339179 0.1133353 0.1071345 0.1838358 0.0914112 0.1813806 0.1104916 0.0894897 0.1530168 0.0658072 0.1051132 0.1745231 0.0347303 0.0545903 0.0906967 0.1761583 0.1425664 0.1891673 0.1850209 0.0437038 0.1932846 0.1163845 0.0928162 0.0368736 0.0306167 0.0531389 0.1132216 0.0593582 0.0968427 0.0981299 0.2786359 0.0562476 0.0971160 0.2085521 0.1336312 0.2698938 0.0316545 0.1484011 0.0973905 0.0884472 0.0518727 0.0459799 0.2992357 0.0482276 0.0622010 0.0976447 0.1142060 0.0909720 0.0950585 0.1782525 0.0955736 0.0953081 0.0651399 0.0960698 
S0643         0.2972799 0.0505561 0.0825746 0.1381556 0.0216252 0.1699628 0.0849301 0.0292688 0.0673193 0.2656377 0.1895059 0.1709796 0.1745742 0.1095436 0.1055060 0.1762775 0.0715608 0.0193050 0.0205258 0.0689880 0.0719527 0.0721869 0.2632320 0.1655324 0.0954993 0.0868573 0.1616659 0.1703371 0.0379998 0.0000000 0.2209932 0.0726125 0.0204027 0.0887726 0.1631986 0.1992829 0.0792535 0.1694720 0.0444001 0.0923167 0.0717571 0.0238922 0.0747256 0.0719162 0.0989847 0.0958671 0.1782844 0.0946916 0.1389296 0.0963811 0.0865440 0.1009490 0.1019935 0.1139849 0.1283891 0.1749348 0.0908009 0.1611288 0.1342779 0.1105421 0.1031240 0.1854312 0.0793149 0.1861418 0.1134362 0.0785141 0.1389917 0.0632445 0.0995981 0.1808275 0.0204247 0.0498003 0.0835978 0.1664903 0.1423263 0.1804059 0.1793692 0.0235825 0.1811274 0.1126350 0.0831400 0.0224915 0.0143350 0.0543953 0.1065920 0.0580399 0.0894795 0.0895640 0.2798369 0.0440668 0.0847740 0.1956606 0.1235898 0.2534424 0.0173387 0.1394749 0.0968783 0.0775197 0.0446341 0.0399332 0.3059956 0.0421730 0.0616119 0.0930299 0.1076737 0.0876651 0.0935456 0.1647759 0.0866428 0.0894597 0.0634874 0.0906363 
S0656sl       0.4202833 0.2447759 0.2690860 0.1638401 0.2169988 0.2838759 0.2274015 0.2327651 0.2717118 0.0000010 0.3061883 0.2335826 0.2748658 0.2790080 0.2325426 0.2889062 0.2245081 0.2326649 0.2153644 0.2403559 0.2298738 0.1843648 0.0744161 0.2713397 0.2393070 0.2447954 0.2277415 0.2614043 0.2136304 0.2209932 0.0000000 0.2592218 0.2163244 0.2085385 0.2527436 0.2579145 0.2453809 0.2766244 0.2322303 0.2465593 0.2355263 0.2126357 0.2263537 0.2180503 0.2523523 0.2271340 0.2432762 0.2266865 0.2767098 0.2251522 0.2635192 0.2536446 0.2450485 0.2358346 0.2152275 0.2314553 0.2004876 0.1961497 0.1709505 0.2091421 0.2141974 0.2179195 0.2351435 0.2312032 0.2593135 0.2261762 0.1762552 0.2394438 0.2255269 0.2329697 0.2256757 0.2278797 0.2330368 0.2791025 0.1886602 0.2944109 0.2876884 0.2448745 0.2345077 0.2532965 0.2267129 0.2252953 0.1977248 0.2409379 0.2651699 0.2442629 0.2445068 0.2286966 0.1126540 0.2146743 0.2505182 0.0738944 0.2002861 0.1082409 0.2166701 0.1890386 0.2308769 0.2446337 0.2446670 0.2196838 0.0688585 0.2167304 0.2423157 0.2324477 0.2780900 0.2124022 0.2331996 0.1966578 0.2442135 0.2523230 0.2193410 0.2253626 
S0689         0.2742595 0.0648581 0.0877388 0.1496841 0.0685280 0.1900656 0.0868877 0.0790921 0.0801325 0.3532830 0.2001836 0.2059454 0.1949992 0.1127387 0.1111200 0.1970087 0.0717198 0.0676732 0.0745082 0.0687325 0.0862553 0.0820655 0.2467928 0.1819471 0.0930234 0.0814741 0.1954032 0.1922421 0.0722119 0.0726125 0.2592218 0.0000000 0.0679506 0.1047649 0.1825988 0.1904192 0.0765238 0.1914533 0.0679102 0.0923281 0.0806374 0.0678778 0.0833175 0.0818573 0.1006027 0.1095612 0.2145424 0.0845064 0.1517697 0.0953167 0.0948849 0.0985798 0.0983414 0.1208766 0.1436861 0.1766038 0.0940676 0.1921379 0.1554929 0.1159864 0.1148894 0.1802775 0.0909007 0.1799805 0.1089791 0.0936887 0.1637596 0.0840122 0.1015140 0.1723966 0.0638819 0.0833241 0.0828213 0.1876949 0.1744959 0.1952622 0.1969763 0.0729804 0.2002624 0.1228302 0.0860318 0.0662440 0.0588586 0.0566261 0.1144611 0.0720503 0.0959967 0.0917656 0.2780856 0.0756921 0.0923664 0.2328643 0.1383494 0.2921471 0.0585663 0.1577769 0.0999099 0.0840302 0.0756798 0.0677099 0.3270314 0.0705840 0.0375516 0.1034141 0.1096880 0.0871601 0.0883626 0.1686425 0.0895282 0.0951650 0.0667430 0.0851199 
S0690         0.3098392 0.0460608 0.0823276 0.1369906 0.0163281 0.1656143 0.0851004 0.0255248 0.0649557 0.2849480 0.1854702 0.1699306 0.1685868 0.1102103 0.1021021 0.1740848 0.0697704 0.0130469 0.0205416 0.0679171 0.0748951 0.0662122 0.2581082 0.1650602 0.0948737 0.0811992 0.1650796 0.1681396 0.0359537 0.0204027 0.2163244 0.0679506 0.0000000 0.0852008 0.1609777 0.1865379 0.0757234 0.1689984 0.0423688 0.0916780 0.0731272 0.0196499 0.0761197 0.0732904 0.0953214 0.0948084 0.1818354 0.0948896 0.1341528 0.0957626 0.0870466 0.1007457 0.1014034 0.1069763 0.1212912 0.1639211 0.0895737 0.1644879 0.1334894 0.1088906 0.1015006 0.1753477 0.0807261 0.1777995 0.1141373 0.0854665 0.1403510 0.0585692 0.0984343 0.1695351 0.0151516 0.0477723 0.0821295 0.1664218 0.1442046 0.1776743 0.1771431 0.0269322 0.1831054 0.1100459 0.0831817 0.0161436 0.0165000 0.0494753 0.1051804 0.0545446 0.0896593 0.0897442 0.2782452 0.0420348 0.0862204 0.2071819 0.1165768 0.2654453 0.0110800 0.1378914 0.0970109 0.0818783 0.0425922 0.0379030 0.3063493 0.0401405 0.0609239 0.0961182 0.1112309 0.0852307 0.0937410 0.1665467 0.0880890 0.0927308 0.0576560 0.0894820 
S0720         0.2797877 0.0869515 0.0482881 0.1011988 0.0863491 0.1606477 0.0884778 0.0862844 0.1173781 0.2735954 0.1836653 0.1757651 0.1673236 0.1007178 0.0963566 0.1747631 0.0971253 0.0860379 0.0934313 0.1002620 0.0431210 0.0896085 0.2014254 0.1656431 0.0965079 0.0984839 0.1692231 0.1689221 0.0955527 0.0887726 0.2085385 0.1047649 0.0852008 0.0000000 0.1673389 0.1693612 0.1012168 0.1713132 0.0889382 0.0947226 0.0439944 0.0928627 0.0431190 0.0406739 0.1024358 0.0120829 0.1857950 0.0857327 0.1338872 0.0967819 0.0852889 0.0981859 0.0965925 0.1146697 0.1001781 0.1531288 0.1022954 0.1631872 0.1275636 0.1187530 0.1133535 0.1647611 0.0440596 0.1632014 0.1137447 0.0944850 0.1460936 0.0914335 0.1039201 0.1575015 0.0886206 0.1034332 0.0831356 0.1719376 0.1503968 0.1782747 0.1777061 0.0935342 0.1869506 0.1018291 0.0848760 0.0897114 0.0769554 0.0803679 0.1219950 0.0851731 0.0996602 0.0926684 0.2433548 0.0977617 0.0500155 0.2031854 0.0930462 0.2267003 0.0774401 0.1146161 0.0982862 0.0836556 0.0939695 0.0807814 0.2703276 0.0914694 0.0876386 0.0930036 0.1010285 0.0848645 0.0845934 0.1685010 0.0555167 0.0947331 0.0892927 0.0779686 
S0724sl       0.3919100 0.1601111 0.1667836 0.1624896 0.1653243 0.0055654 0.1878670 0.1535527 0.1948856 0.2531036 0.0033944 0.0963874 0.0042972 0.1910878 0.1682146 0.0053092 0.1645152 0.1590769 0.1566494 0.1685419 0.1641536 0.1503398 0.2952151 0.0032440 0.1821664 0.1972361 0.1022873 0.0010658 0.1720542 0.1631986 0.2527436 0.1825988 0.1609777 0.1673389 0.0000000 0.3021900 0.1852819 0.0042387 0.1600754 0.1800578 0.1603966 0.1616895 0.1612489 0.1621404 0.1739187 0.1726697 0.1089499 0.1953162 0.0651918 0.1793309 0.1627121 0.1869167 0.1769085 0.1786482 0.1342974 0.2597458 0.1866896 0.0931740 0.0888506 0.1765037 0.1805817 0.2629625 0.1741067 0.2497057 0.1851987 0.1787843 0.0777200 0.1563354 0.2087339 0.2633925 0.1560752 0.1657997 0.1857528 0.0000023 0.1088287 0.0086396 0.0031985 0.1559087 0.0984951 0.1754852 0.1788619 0.1574783 0.1499581 0.1719221 0.2088952 0.1503393 0.1999298 0.1909795 0.2784336 0.1747228 0.1730005 0.2636350 0.1304097 0.2678233 0.1544950 0.1342216 0.1937831 0.1731350 0.1607728 0.1568093 0.2656475 0.1610065 0.1708577 0.1710454 0.1864693 0.1905878 0.1975650 0.2495411 0.1783187 0.1873320 0.1564080 0.1950651 
