118
CRNC          0.0000000 0.2595019 0.3314908 0.4134335 0.3037879 0.3527871 0.2823932 0.3666844 0.2374283 0.3918809 0.3399319 0.4137935 0.3739806 0.3776276 0.3732518 0.4453306 0.3734017 0.4044436 0.3925626 0.3888604 0.3643307 0.4649582 0.3585584 0.3514841 0.4112301 0.3657190 0.3542669 0.3566065 0.3397326 0.3854192 0.3158637 0.3544016 0.3445480 0.3612923 0.3784686 0.3314735 0.4097646 0.3958768 0.3435512 0.3520718 0.4497665 0.3434480 0.2327085 0.3538155 0.3146708 0.3719435 0.3598259 0.3871718 0.3732507 0.3491236 0.3642894 0.3326540 0.3283355 0.3407516 0.3338296 0.3714647 0.3527814 0.4117986 0.3514045 0.4127799 0.4000680 0.3558244 0.4134916 0.3719010 0.3305218 0.3616078 0.3076700 0.3610185 0.2889527 0.3937970 0.3382426 0.3605654 0.3553354 0.3812731 0.3322868 0.3760228 0.3333217 0.3362005 0.2159560 0.3597508 0.3168893 0.3953270 0.3600933 0.3490420 0.4014519 0.3364280 0.3456544 0.3851448 0.3819489 0.3800665 0.3223390 0.3866499 0.3128200 0.3991290 0.4415512 0.3810728 0.3300382 0.3229723 0.3633659 0.3597454 0.3916030 0.3631733 0.3525661 0.3598923 0.3950665 0.4001807 0.3531679 0.3745287 0.3006380 0.3344546 0.4061890 0.3612409 0.3407516 0.4056737 0.3679182 0.4033745 0.3556645 0.3609422 
HYZL          0.2595019 0.0000000 0.1687793 0.6553986 0.0000010 0.4444506 0.3881906 0.4971643 0.0000010 0.6472290 0.4826039 0.5198110 0.5440479 0.5514276 0.5497657 0.5955005 0.5365945 0.5095104 0.8369840 0.4795855 0.5340189 0.6103272 0.5799949 0.4472623 0.6223431 0.5049634 0.5635510 0.5219896 0.5097639 0.5315996 0.4722595 0.5076975 0.4661158 0.4529167 0.6239131 0.5065359 0.5946514 0.5064120 0.4989599 0.4615085 0.5125263 0.4879391 0.0000010 0.4561142 0.4503236 0.6098266 0.5438470 0.4813509 0.5327966 0.4697399 0.4661158 0.5008773 0.4698178 0.4957905 0.5062068 0.4860632 0.5398257 0.5410686 0.5432893 0.4597225 0.5071541 0.4849446 0.4027932 0.4875128 0.5336970 0.4688466 0.5052615 0.5135360 0.5893841 0.4999656 0.5372448 0.5428259 0.4716228 0.5414969 0.4244272 0.5040304 0.5585586 0.4957905 0.0000010 0.5337662 0.4739225 0.5859095 0.4925819 0.5168241 0.6454706 0.5914176 0.4644091 0.5350485 0.5136724 0.5843469 0.3253482 0.4741985 0.4522951 0.4620382 0.6366166 0.5424981 0.5426986 0.4914082 0.5309114 0.5331501 0.6103272 0.5145437 0.4652001 0.4719432 0.5104682 0.5950933 0.4997090 0.5213235 0.4566105 0.5186265 0.6090130 0.5299316 0.4957905 0.4974880 0.4999656 0.4924711 0.5188291 0.4383736 
MYZV          0.3314908 0.1687793 0.0000000 0.4757742 0.4555030 0.3801720 0.2854174 0.4158361 0.3286666 0.5094992 0.3736200 0.4470528 0.4316201 0.4029458 0.4386926 0.4859052 0.4300106 0.4366940 0.5858965 0.4511757 0.4201086 0.5648862 0.4271563 0.3688408 0.4606570 0.4097241 0.4569928 0.4299341 0.3952531 0.4416623 0.4198058 0.4297414 0.4163328 0.3743236 0.4315358 0.4493760 0.4818298 0.4072740 0.3903464 0.4169060 0.4552501 0.4049866 0.2430453 0.4012961 0.4091074 0.4186654 0.3891469 0.4189098 0.4753178 0.3823770 0.4442656 0.4018268 0.3537439 0.4010015 0.4078627 0.4072141 0.4229717 0.5014189 0.4304450 0.4283409 0.4731993 0.3941068 0.4594568 0.4158629 0.4325255 0.4164890 0.3539508 0.4367854 0.3580419 0.4453210 0.3897285 0.4451540 0.4214915 0.4330669 0.4103375 0.4112527 0.3617817 0.4057086 0.2935601 0.4111856 0.3588062 0.4489475 0.4323469 0.3959709 0.4386176 0.4184739 0.3756274 0.3907971 0.4396764 0.4783633 0.3614714 0.4041576 0.4297512 0.4586681 0.5110930 0.4033979 0.4665921 0.4222407 0.3975376 0.4320425 0.4217008 0.4067287 0.3658738 0.3939913 0.4121560 0.4339692 0.3886914 0.4536475 0.3332046 0.3987851 0.4793353 0.3770409 0.4010015 0.4515732 0.4242099 0.4523754 0.3905768 0.4094680 
SRR6441723    0.4134335 0.6553986 0.4757742 0.0000000 0.0548481 0.1241065 0.2250477 0.0687482 0.0702780 0.1067133 0.0790229 0.0988930 0.0819919 0.0932629 0.0916135 0.1402595 0.0917417 0.1084415 0.1378166 0.0971315 0.0368074 0.0541949 0.0932440 0.0854255 0.1025770 0.0957165 0.0829974 0.0947161 0.0710553 0.0778303 0.0819033 0.0796554 0.0952003 0.0921344 0.0905197 0.0966541 0.0983352 0.0904724 0.0904349 0.0602280 0.1115699 0.0691239 0.0617681 0.0871825 0.0799253 0.1768706 0.0900810 0.1002677 0.0901211 0.0903900 0.1060659 0.0832598 0.0729963 0.0831661 0.0803245 0.0844849 0.0892560 0.0904803 0.0841542 0.1082009 0.0961345 0.0690459 0.1140691 0.0873216 0.0836165 0.1011801 0.0823195 0.1008855 0.0651391 0.1127176 0.1706605 0.0628185 0.0899332 0.0788935 0.0722182 0.0817208 0.1534823 0.0856670 0.1396466 0.0956801 0.1196601 0.0507584 0.0869779 0.0842820 0.1082460 0.1867933 0.0777384 0.0866489 0.0533338 0.0947977 0.0765970 0.0984681 0.0882847 0.0875086 0.1326017 0.0929689 0.0896082 0.0881830 0.0794744 0.0768410 0.0437836 0.0922476 0.0833696 0.0741448 0.0815537 0.1150253 0.0717044 0.0784697 0.0952513 0.0791875 0.0979940 0.0688324 0.0831661 0.1141983 0.1099850 0.1140792 0.0833251 0.0894602 
ERR4210213    0.3037879 0.0000010 0.4555030 0.0548481 0.0000000 0.1460969 0.2801585 0.1213291 0.0882237 0.0963820 0.1196028 0.0817009 0.0898056 0.1060528 0.1154176 0.1389452 0.0997050 0.1089218 0.1081427 0.0665769 0.0407991 0.0415844 0.0969839 0.1069710 0.0878372 0.0827850 0.0787771 0.0873504 0.0749339 0.0625424 0.0764650 0.0542451 0.0749501 0.0798412 0.0732772 0.0915960 0.0840105 0.1346584 0.1067344 0.0498989 0.1175595 0.0818989 0.1045611 0.0916681 0.0854949 0.1412692 0.0822846 0.1069428 0.0879950 0.1150532 0.0829380 0.0803896 0.1018970 0.0873504 0.0803896 0.0742303 0.0752662 0.0601056 0.0816809 0.1159843 0.0740005 0.0740635 0.0978146 0.0899302 0.0615560 0.0748272 0.0789222 0.0887754 0.0923485 0.1052329 0.1638786 0.0679616 0.1207073 0.0882929 0.0744429 0.0902571 0.1515440 0.0873384 0.1599995 0.0709682 0.0842500 0.0674419 0.1126740 0.0967509 0.1227556 0.1435590 0.1131163 0.1044003 0.0607825 0.0741624 0.1239865 0.1081003 0.0848809 0.0803103 0.1047546 0.0793362 0.0891880 0.0859897 0.1060528 0.0754855 0.0549011 0.1114541 0.1244591 0.1060528 0.1289456 0.0999963 0.0911296 0.0736265 0.1168195 0.0879817 0.0995849 0.0986952 0.0873504 0.0817936 0.0904299 0.1085778 0.1173503 0.1052609 
ERR2789774    0.3527871 0.4444506 0.3801720 0.1241065 0.1460969 0.0000000 0.1983327 0.0941277 0.1068702 0.1447564 0.0439230 0.1291204 0.1083434 0.0496959 0.0842626 0.1568590 0.1125426 0.1317747 0.1678223 0.1215159 0.1052107 0.1426701 0.1121132 0.0384263 0.1321341 0.1087101 0.1169378 0.1071612 0.0895346 0.1152631 0.1038723 0.0952106 0.1111720 0.1025923 0.1162271 0.1190202 0.1178155 0.0655761 0.0451007 0.0846603 0.1402512 0.0815650 0.0393327 0.1031170 0.1016398 0.2102260 0.1086632 0.1157976 0.1263868 0.0405706 0.1265876 0.1014233 0.0367498 0.1013054 0.1016617 0.1054505 0.1114030 0.1254567 0.1051113 0.1306410 0.1219764 0.0919987 0.1337417 0.1031458 0.1082139 0.1200660 0.1038079 0.1086164 0.0819023 0.1262252 0.2031059 0.0890311 0.1150291 0.1055164 0.0941357 0.1122418 0.1730921 0.1038900 0.1744838 0.1176083 0.1139231 0.1108789 0.1173404 0.0726345 0.1395087 0.2207143 0.0374414 0.0720216 0.1195887 0.1308471 0.1049709 0.1115567 0.1010526 0.1255046 0.1478013 0.1050392 0.1142068 0.1070195 0.0425653 0.1030093 0.1082138 0.1217320 0.0410429 0.0386158 0.1022923 0.1349979 0.0630700 0.1086717 0.1039799 0.1053358 0.1421531 0.0652094 0.1013054 0.1333046 0.1165931 0.1211181 0.0435059 0.0719995 
PAFTOL_019361 0.2823932 0.3881906 0.2854174 0.2250477 0.2801585 0.1983327 0.0000000 0.1878319 0.1733317 0.2520111 0.1949905 0.2470787 0.1894101 0.1968590 0.1884315 0.2907290 0.2043375 0.2489138 0.3274648 0.2274108 0.1872388 0.2663725 0.2044277 0.1754980 0.2607953 0.2041444 0.2250187 0.1964725 0.1828834 0.2144546 0.2181699 0.2046678 0.1957942 0.1645912 0.2104450 0.2219782 0.2394070 0.2110016 0.1808119 0.1680793 0.2617489 0.1765859 0.1297502 0.1922773 0.2136677 0.1794283 0.1944882 0.2176995 0.1987354 0.1838943 0.2130737 0.1804378 0.1693252 0.1807119 0.1804378 0.1985539 0.2059017 0.2294828 0.1966559 0.2442751 0.2034116 0.1882146 0.2704578 0.1983397 0.2116970 0.2236759 0.2115661 0.2084792 0.1356749 0.2348357 0.1778256 0.1864369 0.2113235 0.2057871 0.1748089 0.1945330 0.1694868 0.1848227 0.1826766 0.2174163 0.2240395 0.1808131 0.2142649 0.1882567 0.2143252 0.1951860 0.1888611 0.1786262 0.2125992 0.2473803 0.2252102 0.2055298 0.2155069 0.2129674 0.2610707 0.2060366 0.2275220 0.2071502 0.1786785 0.2047148 0.1867348 0.1851404 0.1875626 0.1845380 0.2088731 0.2284012 0.1732524 0.1932240 0.1760044 0.1692186 0.2752228 0.1748315 0.1807119 0.2504752 0.2177254 0.2506786 0.1877156 0.1836339 
S0055         0.3666844 0.4971643 0.4158361 0.0687482 0.1213291 0.0941277 0.1878319 0.0000000 0.0623072 0.0864849 0.0546991 0.0753789 0.0579265 0.0607259 0.0561669 0.1197691 0.0733428 0.0947573 0.1165727 0.0797981 0.0482830 0.0868798 0.0633057 0.0584307 0.0790427 0.0551751 0.0607518 0.0754381 0.0484375 0.0637517 0.0647275 0.0581432 0.0752641 0.0573287 0.0756934 0.0816521 0.0854030 0.0661535 0.0630945 0.0467402 0.0899244 0.0345643 0.0497876 0.0707525 0.0627373 0.1674897 0.0504504 0.0811931 0.0810750 0.0655655 0.0914077 0.0648041 0.0473014 0.0695829 0.0621073 0.0675645 0.0809999 0.0845986 0.0724576 0.0818230 0.0808620 0.0530528 0.0861860 0.0703464 0.0754549 0.0805075 0.0812864 0.0728105 0.0437867 0.0982681 0.1616266 0.0504834 0.0760326 0.0677371 0.0581533 0.0782463 0.1549006 0.0671122 0.1443888 0.0666884 0.0972209 0.0651076 0.0732452 0.0529962 0.0843448 0.1706649 0.0504170 0.0647917 0.0485636 0.0701884 0.0518669 0.0643596 0.0676923 0.0777896 0.1058934 0.0780574 0.0746852 0.0702047 0.0579188 0.0557700 0.0573461 0.0673232 0.0490824 0.0511157 0.0227284 0.0904060 0.0416842 0.0529439 0.0730930 0.0555655 0.0966700 0.0481989 0.0695829 0.0900263 0.0895712 0.0898106 0.0592173 0.0552574 
S0196sl       0.2374283 0.0000010 0.3286666 0.0702780 0.0882237 0.1068702 0.1733317 0.0623072 0.0000000 0.0817543 0.0842910 0.0738188 0.0545517 0.0855243 0.0729697 0.1048907 0.0793538 0.1007832 0.0691461 0.0650910 0.0507925 0.0699154 0.0662203 0.0743988 0.0774434 0.0697195 0.0538153 0.0226659 0.0622575 0.0559665 0.0673313 0.0622405 0.0616195 0.0728234 0.0618460 0.0798594 0.0825860 0.0921543 0.0704432 0.0461270 0.0839454 0.0546289 0.0496555 0.0443362 0.0645316 0.1044823 0.0620840 0.0794011 0.0901778 0.0782033 0.0777176 0.0126181 0.0756142 0.0191149 0.0126181 0.0577514 0.0399555 0.0784950 0.0691714 0.0706318 0.0868515 0.0502626 0.0909444 0.0700470 0.0676902 0.0655282 0.0615661 0.0728508 0.0674959 0.0551325 0.1033257 0.0509048 0.0783155 0.0695750 0.0744359 0.0897820 0.1053632 0.0158479 0.1109683 0.0539701 0.0696213 0.0697619 0.0780838 0.0813566 0.0622218 0.1116588 0.0809757 0.0977316 0.0543022 0.0656146 0.0672536 0.0714477 0.0686141 0.0822788 0.1070347 0.0777769 0.0711281 0.0766814 0.0738390 0.0547177 0.0620261 0.0616329 0.0785107 0.0706905 0.0778688 0.0747359 0.0752195 0.0582435 0.0607186 0.0582571 0.0974065 0.0780981 0.0191149 0.0866511 0.0473591 0.0798633 0.0829141 0.0856283 
S0278         0.3918809 0.6472290 0.5094992 0.1067133 0.0963820 0.1447564 0.2520111 0.0864849 0.0817543 0.0000000 0.0948536 0.0561194 0.0858501 0.1066550 0.1002899 0.0757986 0.0957136 0.0684518 0.1308904 0.0506358 0.0886602 0.1322052 0.0978383 0.1014522 0.0608748 0.0949262 0.0408012 0.1107674 0.0864359 0.0589510 0.0828629 0.0603346 0.0910577 0.0935559 0.0944245 0.0985611 0.0323525 0.1039641 0.1092716 0.0520950 0.0899381 0.0733344 0.0850242 0.1008308 0.0839249 0.1743452 0.0910971 0.1009050 0.1003038 0.1039575 0.1082293 0.1015899 0.0890387 0.1067857 0.0984495 0.0882540 0.1057225 0.0756356 0.0780940 0.0896725 0.0868573 0.0779789 0.0707065 0.0887310 0.0862571 0.0914355 0.0980302 0.0849434 0.0725027 0.1221991 0.1807482 0.0884419 0.0944134 0.0885939 0.0845692 0.0917830 0.1683672 0.1040614 0.1506005 0.0635148 0.1085993 0.1027193 0.0914421 0.0879757 0.1064079 0.1942681 0.0970014 0.0943803 0.0944256 0.0386197 0.0617112 0.0783282 0.0922859 0.0728323 0.0660864 0.0991296 0.0909514 0.0922793 0.0977791 0.0755140 0.1002393 0.0985282 0.1025243 0.0957253 0.1026553 0.1064494 0.0797033 0.0684833 0.1026442 0.0830534 0.0545542 0.0813747 0.1067857 0.0488389 0.1127510 0.0977316 0.0997611 0.1029076 
S0282         0.3399319 0.4826039 0.3736200 0.0790229 0.1196028 0.0439230 0.1949905 0.0546991 0.0842910 0.0948536 0.0000000 0.0892120 0.0648580 0.0125822 0.0524148 0.1229522 0.0730532 0.1013028 0.1242085 0.0880252 0.0624827 0.0981595 0.0785648 0.0083582 0.0866204 0.0653226 0.0735093 0.0852807 0.0526272 0.0736032 0.0696620 0.0528107 0.0780195 0.0699917 0.0750607 0.0818544 0.0881571 0.0330147 0.0147159 0.0509022 0.0879673 0.0452762 0.0095330 0.0752888 0.0675775 0.1704663 0.0652849 0.0811306 0.0865094 0.0147107 0.0922584 0.0768739 0.0020859 0.0767873 0.0770471 0.0675326 0.0835103 0.0878824 0.0749766 0.0848530 0.0848490 0.0599315 0.0957680 0.0755175 0.0757920 0.0752561 0.0814216 0.0754686 0.0513539 0.1051158 0.1675687 0.0571239 0.0784699 0.0675667 0.0628491 0.0750979 0.1488053 0.0792920 0.1570422 0.0661097 0.0950512 0.0779009 0.0807714 0.0444973 0.0899309 0.1804305 0.0021132 0.0421300 0.0756005 0.0805779 0.0710362 0.0698046 0.0698308 0.0807140 0.1078932 0.0723459 0.0854191 0.0753809 0.0082896 0.0626978 0.0702313 0.0801734 0.0041656 0.0083808 0.0647272 0.0931336 0.0354822 0.0624520 0.0755975 0.0676934 0.0973687 0.0306017 0.0767873 0.0897837 0.0959121 0.0869773 0.0105856 0.0394883 
S0289         0.4137935 0.5198110 0.4470528 0.0988930 0.0817009 0.1291204 0.2470787 0.0753789 0.0738188 0.0561194 0.0892120 0.0000000 0.0802303 0.0977932 0.0904598 0.0585743 0.0841194 0.0333721 0.1251724 0.0457159 0.0779888 0.1164556 0.0840199 0.0900287 0.0345449 0.0836457 0.0263850 0.0965445 0.0683340 0.0466238 0.0799677 0.0558564 0.0874145 0.0827691 0.0802389 0.0955593 0.0379025 0.0985894 0.0949564 0.0370075 0.0757754 0.0705665 0.0731545 0.0974891 0.0806662 0.1614165 0.0828087 0.0917934 0.1028928 0.0940854 0.1014411 0.0878340 0.0835619 0.0928627 0.0848694 0.0795183 0.1085421 0.0642100 0.0770874 0.0780941 0.0715551 0.0695795 0.0556167 0.0799403 0.0830419 0.0824756 0.0913525 0.0849256 0.0655035 0.1017450 0.1572456 0.0859737 0.0884764 0.0723019 0.0699946 0.0719254 0.1386554 0.0902395 0.1240788 0.0534468 0.0870104 0.0941935 0.0855857 0.0856237 0.0965898 0.1650620 0.0880724 0.0859590 0.0860148 0.0389966 0.0606442 0.0644832 0.0857954 0.0630927 0.0440386 0.0848281 0.0923517 0.0910731 0.0892050 0.0674403 0.0891245 0.0874992 0.0936690 0.0871561 0.0934469 0.0999991 0.0713319 0.0532331 0.0925964 0.0803322 0.0375802 0.0732773 0.0928627 0.0420138 0.0928998 0.0781895 0.0909669 0.0932357 
S0292         0.3739806 0.5440479 0.4316201 0.0819919 0.0898056 0.1083434 0.1894101 0.0579265 0.0545517 0.0858501 0.0648580 0.0802303 0.0000000 0.0787163 0.0759767 0.1134860 0.0537983 0.0999618 0.0878285 0.0766144 0.0553087 0.0979644 0.0675773 0.0712434 0.0810295 0.0678755 0.0628373 0.0729154 0.0651772 0.0510183 0.0401930 0.0654657 0.0342381 0.0723953 0.0601679 0.0613441 0.0789480 0.0737886 0.0760475 0.0441572 0.0842228 0.0530916 0.0453034 0.0713256 0.0429801 0.1646254 0.0599685 0.0586735 0.0763883 0.0786137 0.0483145 0.0623715 0.0623338 0.0671247 0.0597013 0.0296705 0.0762044 0.0687064 0.0573280 0.0839798 0.0788706 0.0274750 0.0836804 0.0481631 0.0390302 0.0434067 0.0428324 0.0386552 0.0560000 0.0903230 0.1677478 0.0603940 0.0603242 0.0480668 0.0264475 0.0401962 0.1306169 0.0646696 0.1431663 0.0635714 0.0515172 0.0729316 0.0577184 0.0674458 0.0507644 0.1741826 0.0661921 0.0624761 0.0653087 0.0721653 0.0652221 0.0674013 0.0452953 0.0725854 0.1169727 0.0625789 0.0541804 0.0501181 0.0706070 0.0412509 0.0730077 0.0165274 0.0745776 0.0636257 0.0701933 0.0464835 0.0562097 0.0655192 0.0159258 0.0145846 0.1000828 0.0556240 0.0671247 0.0841800 0.0818220 0.0812312 0.0748002 0.0752638 
S0293         0.3776276 0.5514276 0.4029458 0.0932629 0.1060528 0.0496959 0.1968590 0.0607259 0.0855243 0.1066550 0.0125822 0.0977932 0.0787163 0.0000000 0.0591060 0.1283336 0.0874765 0.1104401 0.1387519 0.0991881 0.0734347 0.1023308 0.0871645 0.0144062 0.0918724 0.0789654 0.0826803 0.0907647 0.0611689 0.0848676 0.0816094 0.0663750 0.0892083 0.0785110 0.0887998 0.0962835 0.1003137 0.0414252 0.0207030 0.0627813 0.1022404 0.0537984 0.0140557 0.0840686 0.0793864 0.1810693 0.0738543 0.0957633 0.0981097 0.0206960 0.1036306 0.0852990 0.0062024 0.0852029 0.0854913 0.0786398 0.0895336 0.0993629 0.0886941 0.0990240 0.0962738 0.0709841 0.1072474 0.0867038 0.0850501 0.0921929 0.0862329 0.0866592 0.0591106 0.1167256 0.1824570 0.0682914 0.0926836 0.0786808 0.0719879 0.0868593 0.1505256 0.0876992 0.1613228 0.0805034 0.1026265 0.0889163 0.0949635 0.0552704 0.1072136 0.1909417 0.0105808 0.0505072 0.0866521 0.0891170 0.0793216 0.0836278 0.0816016 0.0919235 0.1229385 0.0834327 0.0943008 0.0872423 0.0142896 0.0738087 0.0812339 0.0913119 0.0124240 0.0144734 0.0732228 0.1082189 0.0439284 0.0738024 0.0831946 0.0788173 0.1159984 0.0389728 0.0852029 0.0952427 0.1074004 0.0984091 0.0145790 0.0501430 
S0294         0.3732518 0.5497657 0.4386926 0.0916135 0.1154176 0.0842626 0.1884315 0.0561669 0.0729697 0.1002899 0.0524148 0.0904598 0.0759767 0.0591060 0.0000000 0.1357347 0.0735552 0.1003345 0.1143784 0.0809433 0.0701319 0.0906897 0.0727602 0.0486873 0.0879983 0.0734643 0.0703692 0.0783729 0.0648739 0.0653856 0.0635746 0.0648844 0.0816981 0.0674519 0.0727281 0.0763021 0.0902194 0.0537005 0.0562454 0.0410102 0.1013493 0.0460362 0.0422581 0.0792511 0.0613707 0.1722124 0.0705860 0.0705888 0.0845352 0.0563623 0.0970556 0.0726812 0.0467398 0.0780861 0.0695899 0.0731932 0.0852833 0.0922534 0.0753928 0.0861225 0.0889466 0.0702564 0.0816671 0.0703917 0.0740455 0.0903999 0.0859392 0.0790054 0.0236109 0.1040973 0.1605712 0.0644971 0.0818977 0.0784847 0.0623734 0.0854661 0.1634382 0.0752822 0.1505510 0.0765339 0.1006265 0.0810671 0.0819095 0.0454584 0.0997647 0.1922343 0.0478015 0.0529379 0.0722346 0.0814606 0.0753434 0.0790037 0.0640253 0.0812309 0.1160305 0.0671499 0.0742757 0.0669642 0.0533754 0.0587072 0.0748551 0.0833642 0.0544964 0.0458609 0.0696150 0.0907921 0.0355942 0.0566963 0.0840581 0.0701982 0.0914429 0.0353282 0.0780861 0.0886886 0.0978892 0.0861260 0.0572468 0.0581076 
S0299         0.4453306 0.5955005 0.4859052 0.1402595 0.1389452 0.1568590 0.2907290 0.1197691 0.1048907 0.0757986 0.1229522 0.0585743 0.1134860 0.1283336 0.1357347 0.0000000 0.1153822 0.0537817 0.1541130 0.0779209 0.1166897 0.1724778 0.1237931 0.1265860 0.0836485 0.1202596 0.0712908 0.1284561 0.1085953 0.0847671 0.1060453 0.0923239 0.1192157 0.1133176 0.1284021 0.1187022 0.0569649 0.1318623 0.1318230 0.0737023 0.0968924 0.1056785 0.0870990 0.1235988 0.1041051 0.1779650 0.1189824 0.1236766 0.1299046 0.1305237 0.1349445 0.1187124 0.1138642 0.1185691 0.1153555 0.1134014 0.1363563 0.1013163 0.1078601 0.0886712 0.1065287 0.1022395 0.1048589 0.1137106 0.1167020 0.1195247 0.1340560 0.1279141 0.0966650 0.1382505 0.1925490 0.1256626 0.1205221 0.0921753 0.1011190 0.0914728 0.1578493 0.1212580 0.1337342 0.0850987 0.1441386 0.1288918 0.1172550 0.1277825 0.1257500 0.1764790 0.1228297 0.1230126 0.1253414 0.0783750 0.0680835 0.0799410 0.1067338 0.1028229 0.0821427 0.1303202 0.1140806 0.1123362 0.1253883 0.1026465 0.1291111 0.1269501 0.1192462 0.1233685 0.1400716 0.1354383 0.1157278 0.0885900 0.1369556 0.1136299 0.0618035 0.1116962 0.1185691 0.0840154 0.1282886 0.0992907 0.1222573 0.1374987 
S0303         0.3734017 0.5365945 0.4300106 0.0917417 0.0997050 0.1125426 0.2043375 0.0733428 0.0793538 0.0957136 0.0730532 0.0841194 0.0537983 0.0874765 0.0735552 0.1153822 0.0000000 0.0939269 0.0551332 0.0860779 0.0637070 0.0993498 0.0789495 0.0769306 0.0875114 0.0820188 0.0686851 0.0926171 0.0713475 0.0644388 0.0147966 0.0716689 0.0608740 0.0917161 0.0608079 0.0300470 0.0895655 0.0861171 0.0847084 0.0525237 0.0915871 0.0661930 0.0560206 0.0936582 0.0126990 0.1765688 0.0757518 0.0144870 0.0937822 0.0873558 0.0764658 0.0811736 0.0678719 0.0862043 0.0782457 0.0534280 0.0988350 0.0801049 0.0479608 0.0913104 0.0870098 0.0463872 0.0902361 0.0439604 0.0571786 0.0507774 0.0562350 0.0633796 0.0597382 0.1030385 0.1819651 0.0765781 0.0462560 0.0389068 0.0487320 0.0603043 0.1517898 0.0835864 0.1537300 0.0675059 0.0643430 0.0847537 0.0437727 0.0716080 0.0856926 0.1800139 0.0688603 0.0766156 0.0766125 0.0813905 0.0803489 0.0706294 0.0148451 0.0817814 0.1219253 0.0607608 0.0257095 0.0170085 0.0765712 0.0324453 0.0763654 0.0657407 0.0801004 0.0718988 0.0862143 0.0809153 0.0619258 0.0717349 0.0547366 0.0538679 0.0983547 0.0591347 0.0862043 0.0967869 0.0940446 0.0880054 0.0725431 0.0811723 
S0320         0.4044436 0.5095104 0.4366940 0.1084415 0.1089218 0.1317747 0.2489138 0.0947573 0.1007832 0.0684518 0.1013028 0.0333721 0.0999618 0.1104401 0.1003345 0.0537817 0.0939269 0.0000000 0.1357276 0.0475804 0.0948610 0.1352182 0.0961918 0.1021920 0.0525482 0.0923233 0.0447355 0.1116332 0.0871751 0.0611181 0.0837598 0.0656703 0.0944631 0.0918142 0.0998478 0.1025487 0.0372326 0.1086424 0.1102518 0.0489469 0.0873681 0.0842440 0.0730681 0.0987113 0.0872208 0.1627879 0.0915169 0.1077317 0.1020062 0.1036835 0.1037686 0.1021878 0.0893185 0.1020655 0.0989566 0.0968834 0.1095688 0.0799626 0.0914159 0.0842065 0.0801334 0.0833827 0.0630876 0.0891196 0.0987662 0.1001992 0.1042097 0.0993437 0.0872610 0.1148005 0.1620151 0.0981135 0.0955107 0.0758862 0.0869652 0.0810003 0.1267140 0.1047278 0.1229626 0.0626444 0.1181870 0.1095701 0.0926589 0.0884497 0.1036306 0.1615345 0.1000287 0.0922512 0.1035956 0.0551216 0.0840880 0.0675404 0.0902321 0.0737027 0.0511944 0.0964264 0.0969794 0.0929543 0.1012137 0.0784884 0.1013338 0.1134013 0.1030401 0.0962932 0.1086296 0.1102164 0.0849842 0.0679397 0.1084651 0.0998413 0.0346423 0.0789262 0.1020655 0.0561042 0.1052823 0.0818113 0.0974421 0.1007394 
S0322         0.3925626 0.8369840 0.5858965 0.1378166 0.1081427 0.1678223 0.3274648 0.1165727 0.0691461 0.1308904 0.1242085 0.1251724 0.0878285 0.1387519 0.1143784 0.1541130 0.0551332 0.1357276 0.0000000 0.1202149 0.1080292 0.1728868 0.1071924 0.1308895 0.1301769 0.1169579 0.1115376 0.1376272 0.1018631 0.1061574 0.0474514 0.1194864 0.1050257 0.1291527 0.1015287 0.0550727 0.1221065 0.1405224 0.1339641 0.0973306 0.1453460 0.0997278 0.0620630 0.1351352 0.0472383 0.2448413 0.1143523 0.0726134 0.1314373 0.1372389 0.1109400 0.1219830 0.1228772 0.1250535 0.1179172 0.1014194 0.1394044 0.1238557 0.0913224 0.1346455 0.1300453 0.0920684 0.1365002 0.0760934 0.0943104 0.0979160 0.1140836 0.1112652 0.0528232 0.1577610 0.2448030 0.1158400 0.0826167 0.0884309 0.0927956 0.1050844 0.2490261 0.1250505 0.1309774 0.1166291 0.1299176 0.1330648 0.0792316 0.1127857 0.1207993 0.2381092 0.1140495 0.1196320 0.1109092 0.1311591 0.0675357 0.1221917 0.0473366 0.1124608 0.1591300 0.1012540 0.0523288 0.0471701 0.1234244 0.0748561 0.1296450 0.1042193 0.1250419 0.1169515 0.1371475 0.1203125 0.1001647 0.1161810 0.1190731 0.0956310 0.1601352 0.1031199 0.1250535 0.1318406 0.1489544 0.1274899 0.1216385 0.1266182 
S0327         0.3888604 0.4795855 0.4511757 0.0971315 0.0665769 0.1215159 0.2274108 0.0797981 0.0650910 0.0506358 0.0880252 0.0457159 0.0766144 0.0991881 0.0809433 0.0779209 0.0860779 0.0475804 0.1202149 0.0000000 0.0792841 0.1216238 0.0879774 0.0811243 0.0508025 0.0852145 0.0356800 0.0951534 0.0723285 0.0483257 0.0742986 0.0551687 0.0736620 0.0742237 0.0847676 0.0913774 0.0397102 0.0946100 0.0963734 0.0293925 0.0754814 0.0648843 0.0664201 0.0886232 0.0749389 0.1421457 0.0738551 0.0912183 0.0830746 0.0938021 0.0843398 0.0865916 0.0824609 0.0915442 0.0836786 0.0758981 0.0962809 0.0629810 0.0715321 0.0702118 0.0603614 0.0661709 0.0504865 0.0768371 0.0763206 0.0763843 0.0830153 0.0811743 0.0584186 0.1056096 0.1544767 0.0771043 0.0876943 0.0791221 0.0721441 0.0764930 0.1339451 0.0889619 0.1266695 0.0479106 0.0956069 0.1005135 0.0848332 0.0769586 0.0987305 0.1633802 0.0868831 0.0797182 0.0872241 0.0407664 0.0508134 0.0566579 0.0773830 0.0551180 0.0680494 0.0893475 0.0813858 0.0772135 0.0905915 0.0693853 0.0903049 0.0913701 0.0924273 0.0834391 0.0926759 0.0993902 0.0656719 0.0599679 0.0911615 0.0792042 0.0491426 0.0722506 0.0915442 0.0559794 0.0967849 0.0778270 0.0928058 0.0877381 
S0335         0.3643307 0.5340189 0.4201086 0.0368074 0.0407991 0.1052107 0.1872388 0.0482830 0.0507925 0.0886602 0.0624827 0.0779888 0.0553087 0.0734347 0.0701319 0.1166897 0.0637070 0.0948610 0.1080292 0.0792841 0.0000000 0.0411069 0.0654000 0.0660619 0.0812188 0.0726367 0.0629707 0.0696093 0.0529427 0.0583677 0.0572553 0.0531384 0.0699444 0.0697130 0.0625175 0.0709554 0.0824414 0.0740119 0.0708126 0.0439019 0.0816878 0.0459048 0.0452138 0.0679602 0.0552425 0.1532130 0.0651179 0.0713914 0.0699072 0.0707810 0.0806190 0.0592881 0.0597075 0.0616436 0.0566783 0.0572776 0.0727514 0.0733497 0.0598813 0.0814537 0.0780668 0.0458417 0.0918164 0.0626689 0.0617017 0.0726892 0.0682250 0.0724883 0.0528400 0.0917437 0.1477778 0.0477039 0.0705959 0.0502918 0.0402460 0.0592316 0.1251122 0.0615509 0.1224297 0.0663257 0.0734722 0.0339930 0.0678741 0.0652748 0.0814127 0.1580936 0.0610077 0.0674990 0.0340946 0.0748596 0.0551884 0.0725049 0.0626473 0.0700354 0.1146541 0.0622042 0.0642084 0.0625842 0.0654756 0.0531437 0.0318131 0.0647525 0.0668673 0.0585620 0.0602247 0.0846956 0.0535915 0.0575305 0.0599010 0.0553792 0.0865251 0.0507327 0.0616436 0.0919418 0.0804304 0.0868169 0.0667289 0.0700912 
S0345         0.4649582 0.6103272 0.5648862 0.0541949 0.0415844 0.1426701 0.2663725 0.0868798 0.0699154 0.1322052 0.0981595 0.1164556 0.0979644 0.1023308 0.0906897 0.1724778 0.0993498 0.1352182 0.1728868 0.1216238 0.0411069 0.0000000 0.0913210 0.1022232 0.1212746 0.0977068 0.0951016 0.0893977 0.0807002 0.1029212 0.0907442 0.0873205 0.1155243 0.1038509 0.0894775 0.1053676 0.1242947 0.1062967 0.1016756 0.0723419 0.1338372 0.0737215 0.0731637 0.0837451 0.0914364 0.1895510 0.0873485 0.1141545 0.0967549 0.1090417 0.1199038 0.0825949 0.0937551 0.0856718 0.0788647 0.1007584 0.0981487 0.0939395 0.0936990 0.1338808 0.1043413 0.0941525 0.1256925 0.0977830 0.0956355 0.1047786 0.1282392 0.1156679 0.0750234 0.1317798 0.1913627 0.0792494 0.1049427 0.0863448 0.0845318 0.1019143 0.1975533 0.0856660 0.1587456 0.1104324 0.1148804 0.0564340 0.1085266 0.0936525 0.1277716 0.1944230 0.0930270 0.0894923 0.0632938 0.1119264 0.1168594 0.1177511 0.0981477 0.0894294 0.1665377 0.0933344 0.1029684 0.0946536 0.1012648 0.0839768 0.0184852 0.1075140 0.1006233 0.0874942 0.0898929 0.1173819 0.0739124 0.0901572 0.1128398 0.0868636 0.1168547 0.0767749 0.0856718 0.1208861 0.1242528 0.1375127 0.1039309 0.1037529 
S0376         0.3585584 0.5799949 0.4271563 0.0932440 0.0969839 0.1121132 0.2044277 0.0633057 0.0662203 0.0978383 0.0785648 0.0840199 0.0675773 0.0871645 0.0727602 0.1237931 0.0789495 0.0961918 0.1071924 0.0879774 0.0654000 0.0913210 0.0000000 0.0794937 0.0901843 0.0584899 0.0712996 0.0757780 0.0343083 0.0740197 0.0699932 0.0684292 0.0808673 0.0606447 0.0811707 0.0871209 0.0853434 0.0844449 0.0740029 0.0521300 0.1007264 0.0463688 0.0617932 0.0872502 0.0654448 0.1687818 0.0584162 0.0869765 0.0981277 0.0818671 0.0920340 0.0676414 0.0756973 0.0724776 0.0648972 0.0780607 0.0977001 0.0877660 0.0753906 0.0950165 0.0902030 0.0673426 0.0947002 0.0732100 0.0815039 0.0862316 0.0805892 0.0835217 0.0558793 0.0889628 0.1493788 0.0732030 0.0841833 0.0782452 0.0688353 0.0815513 0.1536256 0.0699745 0.1279193 0.0741801 0.0876962 0.0861489 0.0813011 0.0660364 0.0928594 0.1595518 0.0772816 0.0756809 0.0707843 0.0807875 0.0720409 0.0754694 0.0730394 0.0861516 0.1248469 0.0810208 0.0770188 0.0755728 0.0787725 0.0683300 0.0812230 0.0774377 0.0777469 0.0691072 0.0808990 0.0936948 0.0566459 0.0735278 0.0758333 0.0682102 0.0929466 0.0584391 0.0724776 0.0952650 0.0806179 0.0919269 0.0806912 0.0753742 
S0405         0.3514841 0.4472623 0.3688408 0.0854255 0.1069710 0.0384263 0.1754980 0.0584307 0.0743988 0.1014522 0.0083582 0.0900287 0.0712434 0.0144062 0.0486873 0.1265860 0.0769306 0.1021920 0.1308895 0.0811243 0.0660619 0.1022232 0.0794937 0.0000000 0.0874826 0.0714647 0.0775518 0.0831679 0.0539789 0.0772155 0.0734928 0.0590766 0.0815510 0.0686344 0.0811785 0.0909412 0.0923335 0.0346434 0.0102302 0.0474647 0.0888365 0.0420488 0.0046765 0.0740091 0.0712792 0.1604712 0.0637432 0.0797787 0.0902392 0.0102270 0.0926196 0.0778125 0.0062141 0.0777266 0.0779852 0.0711709 0.0792105 0.0860556 0.0785890 0.0857709 0.0830986 0.0636455 0.0911415 0.0765777 0.0796009 0.0815833 0.0795509 0.0739566 0.0503849 0.1084047 0.1576579 0.0610165 0.0849043 0.0712068 0.0616844 0.0763454 0.1405327 0.0801880 0.1469901 0.0646109 0.0924563 0.0787003 0.0871769 0.0482978 0.0991266 0.1794878 0.0063261 0.0367864 0.0790319 0.0866847 0.0656412 0.0705036 0.0734872 0.0790860 0.1175367 0.0759176 0.0884915 0.0814987 0.0081142 0.0663972 0.0737212 0.0836615 0.0103494 0.0082176 0.0658773 0.1000393 0.0346799 0.0714314 0.0736404 0.0713353 0.0990378 0.0322574 0.0777266 0.0882237 0.0992954 0.0825680 0.0103772 0.0433036 
S0407sl       0.4112301 0.6223431 0.4606570 0.1025770 0.0878372 0.1321341 0.2607953 0.0790427 0.0774434 0.0608748 0.0866204 0.0345449 0.0810295 0.0918724 0.0879983 0.0836485 0.0875114 0.0525482 0.1301769 0.0508025 0.0812188 0.1212746 0.0901843 0.0874826 0.0000000 0.0889046 0.0240935 0.1029859 0.0740794 0.0494097 0.0756402 0.0563789 0.0882966 0.0803094 0.0751473 0.0965536 0.0497156 0.0959958 0.0977764 0.0423623 0.0739294 0.0712545 0.0792594 0.0949295 0.0763043 0.1597534 0.0771326 0.0927492 0.1039960 0.0915546 0.1025105 0.0939998 0.0810020 0.0991415 0.0909350 0.0803024 0.1033316 0.0750344 0.0777036 0.0711827 0.0714693 0.0702467 0.0686633 0.0806698 0.0813101 0.0858454 0.0959090 0.0857790 0.0624393 0.1140805 0.1695057 0.0816857 0.0866352 0.0754285 0.0706946 0.0777757 0.1403170 0.0964527 0.1261934 0.0531244 0.1051262 0.1030747 0.0837363 0.0831430 0.1001728 0.1708011 0.0854434 0.0834689 0.0867107 0.0435409 0.0507349 0.0625494 0.0814488 0.0686349 0.0657118 0.0797177 0.0854112 0.0840438 0.0918905 0.0606649 0.0873220 0.0936319 0.0910826 0.0846279 0.0916713 0.0982800 0.0716766 0.0612516 0.1003599 0.0811332 0.0401140 0.0708382 0.0991415 0.0296395 0.1048160 0.0739032 0.0883924 0.0967169 
S0412sl       0.3657190 0.5049634 0.4097241 0.0957165 0.0827850 0.1087101 0.2041444 0.0551751 0.0697195 0.0949262 0.0653226 0.0836457 0.0678755 0.0789654 0.0734643 0.1202596 0.0820188 0.0923233 0.1169579 0.0852145 0.0726367 0.0977068 0.0584899 0.0714647 0.0889046 0.0000000 0.0764609 0.0753796 0.0485391 0.0739581 0.0673762 0.0582303 0.0779701 0.0527806 0.0808620 0.0870333 0.0857369 0.0744786 0.0711860 0.0518743 0.1010029 0.0344801 0.0563487 0.0893424 0.0653912 0.1696128 0.0409158 0.0926937 0.1031267 0.0788616 0.0889858 0.0672961 0.0650683 0.0672235 0.0645702 0.0727879 0.0972307 0.0823720 0.0800230 0.0899219 0.0891234 0.0653211 0.0897739 0.0655383 0.0757244 0.0832125 0.0894840 0.0805904 0.0592316 0.1065895 0.1700296 0.0730837 0.0833625 0.0702206 0.0685584 0.0759610 0.1456835 0.0696154 0.1270340 0.0775014 0.0987411 0.0910387 0.0835302 0.0607436 0.0872459 0.1695860 0.0580784 0.0679133 0.0729386 0.0804332 0.0650666 0.0782411 0.0703818 0.0781476 0.1157514 0.0705893 0.0795502 0.0755225 0.0708248 0.0606306 0.0833712 0.0774844 0.0639511 0.0613363 0.0695880 0.0933164 0.0515228 0.0706479 0.0831338 0.0602504 0.0802468 0.0510394 0.0672235 0.0947438 0.0976665 0.1008636 0.0699968 0.0652137 
S0417         0.3542669 0.5635510 0.4569928 0.0829974 0.0787771 0.1169378 0.2250187 0.0607518 0.0538153 0.0408012 0.0735093 0.0263850 0.0628373 0.0826803 0.0703692 0.0712908 0.0686851 0.0447355 0.1115376 0.0356800 0.0629707 0.0951016 0.0712996 0.0775518 0.0240935 0.0764609 0.0000000 0.0790239 0.0583628 0.0339913 0.0617203 0.0433259 0.0700856 0.0705609 0.0653808 0.0746930 0.0294911 0.0833685 0.0852750 0.0332396 0.0711957 0.0505929 0.0591509 0.0690555 0.0622626 0.1421638 0.0629040 0.0738261 0.0826182 0.0791199 0.0811983 0.0704882 0.0679622 0.0729256 0.0676090 0.0647917 0.0799947 0.0669608 0.0573186 0.0709804 0.0641176 0.0523814 0.0556703 0.0626090 0.0640394 0.0728190 0.0741478 0.0701487 0.0459004 0.0947722 0.1545232 0.0605491 0.0733131 0.0599305 0.0543976 0.0668530 0.1330508 0.0729208 0.1202743 0.0398052 0.0876704 0.0765344 0.0706109 0.0655685 0.0785381 0.1634479 0.0723475 0.0684162 0.0709419 0.0308658 0.0464133 0.0541072 0.0648942 0.0581246 0.0502818 0.0726547 0.0665958 0.0647003 0.0794131 0.0525361 0.0740320 0.0753155 0.0781609 0.0720190 0.0789472 0.0791639 0.0562830 0.0434320 0.0730067 0.0604494 0.0386313 0.0557787 0.0729256 0.0384646 0.0857818 0.0657522 0.0754627 0.0787908 
S0419         0.3566065 0.5219896 0.4299341 0.0947161 0.0873504 0.1071612 0.1964725 0.0754381 0.0226659 0.1107674 0.0852807 0.0965445 0.0729154 0.0907647 0.0783729 0.1284561 0.0926171 0.1116332 0.1376272 0.0951534 0.0696093 0.0893977 0.0757780 0.0831679 0.1029859 0.0753796 0.0790239 0.0000000 0.0701813 0.0812774 0.0782120 0.0754614 0.0830907 0.0724693 0.0940770 0.0984292 0.1016506 0.0956004 0.0828643 0.0541207 0.1036145 0.0652567 0.0673769 0.0413634 0.0762462 0.1374597 0.0728264 0.1010014 0.0917440 0.0879866 0.0996547 0.0081263 0.0768716 0.0122439 0.0101945 0.0854055 0.0456934 0.0918060 0.0827019 0.0924631 0.0941476 0.0752236 0.1031296 0.0807039 0.0798827 0.0884696 0.0885773 0.0962601 0.0686696 0.0609480 0.1297622 0.0699408 0.0839563 0.0804820 0.0763757 0.0891188 0.1212717 0.0101695 0.1071554 0.0802034 0.0914177 0.0845700 0.0861999 0.0781153 0.0944282 0.1375305 0.0758119 0.0855196 0.0749605 0.0906571 0.0685424 0.0775362 0.0787395 0.0881343 0.1354125 0.0912725 0.0880414 0.0867009 0.0824238 0.0732363 0.0803337 0.0796955 0.0763085 0.0735200 0.0780644 0.1007798 0.0686278 0.0725860 0.0756687 0.0704950 0.1102957 0.0679591 0.0122439 0.1116797 0.0533216 0.0919229 0.0840265 0.0962484 
S0427         0.3397326 0.5097639 0.3952531 0.0710553 0.0749339 0.0895346 0.1828834 0.0484375 0.0622575 0.0864359 0.0526272 0.0683340 0.0651772 0.0611689 0.0648739 0.1085953 0.0713475 0.0871751 0.1018631 0.0723285 0.0529427 0.0807002 0.0343083 0.0539789 0.0740794 0.0485391 0.0583628 0.0701813 0.0000000 0.0638113 0.0649667 0.0439309 0.0727680 0.0459714 0.0705562 0.0766462 0.0750398 0.0616438 0.0537762 0.0369258 0.0899725 0.0278155 0.0451097 0.0711785 0.0604322 0.1490326 0.0461949 0.0762517 0.0842166 0.0562479 0.0804214 0.0621298 0.0500303 0.0621954 0.0595971 0.0627597 0.0811959 0.0691412 0.0625725 0.0817125 0.0765502 0.0502469 0.0809736 0.0653091 0.0676228 0.0705071 0.0710023 0.0703260 0.0566370 0.0895038 0.1408047 0.0556128 0.0653388 0.0627895 0.0531642 0.0705485 0.1360186 0.0645560 0.1176553 0.0635510 0.0703932 0.0672443 0.0626804 0.0509882 0.0842975 0.1460270 0.0510312 0.0555551 0.0604038 0.0673269 0.0624187 0.0701701 0.0679455 0.0703070 0.0962512 0.0703893 0.0745275 0.0704725 0.0535043 0.0557021 0.0655482 0.0772470 0.0520964 0.0467021 0.0652536 0.0902795 0.0419156 0.0605060 0.0685930 0.0652601 0.0731890 0.0437255 0.0621954 0.0814573 0.0810980 0.0923968 0.0547496 0.0580519 
S0428sl       0.3854192 0.5315996 0.4416623 0.0778303 0.0625424 0.1152631 0.2144546 0.0637517 0.0559665 0.0589510 0.0736032 0.0466238 0.0510183 0.0848676 0.0653856 0.0847671 0.0644388 0.0611181 0.1061574 0.0483257 0.0583677 0.1029212 0.0740197 0.0772155 0.0494097 0.0739581 0.0339913 0.0812774 0.0638113 0.0000000 0.0577988 0.0443488 0.0657867 0.0706215 0.0737484 0.0719857 0.0476845 0.0776380 0.0822472 0.0251896 0.0617758 0.0562984 0.0670725 0.0824163 0.0581684 0.1468578 0.0682690 0.0669824 0.0770012 0.0822081 0.0791018 0.0729579 0.0707771 0.0778648 0.0701468 0.0607081 0.0901084 0.0521352 0.0680968 0.0640913 0.0593258 0.0463450 0.0590012 0.0634354 0.0650322 0.0684492 0.0684533 0.0629478 0.0507160 0.0935381 0.1478148 0.0562456 0.0690346 0.0535775 0.0560519 0.0658318 0.1274068 0.0753201 0.1198203 0.0513008 0.0808616 0.0737361 0.0662962 0.0657142 0.0719799 0.1590309 0.0720254 0.0709151 0.0659742 0.0438821 0.0427261 0.0528184 0.0632448 0.0513896 0.0801823 0.0708275 0.0648238 0.0657431 0.0765139 0.0465560 0.0739085 0.0654525 0.0806978 0.0693983 0.0763804 0.0699689 0.0590010 0.0442266 0.0601000 0.0536503 0.0556302 0.0538167 0.0778648 0.0618496 0.0849148 0.0641712 0.0807826 0.0812569 
S0430         0.3158637 0.4722595 0.4198058 0.0819033 0.0764650 0.1038723 0.2181699 0.0647275 0.0673313 0.0828629 0.0696620 0.0799677 0.0401930 0.0816094 0.0635746 0.1060453 0.0147966 0.0837598 0.0474514 0.0742986 0.0572553 0.0907442 0.0699932 0.0734928 0.0756402 0.0673762 0.0617203 0.0782120 0.0649667 0.0577988 0.0000000 0.0650656 0.0423268 0.0774621 0.0493492 0.0127293 0.0795450 0.0822803 0.0760707 0.0478833 0.0846503 0.0520619 0.0562943 0.0817735 0.0000030 0.1682476 0.0642873 0.0236480 0.0847006 0.0787010 0.0572227 0.0671262 0.0666096 0.0720888 0.0643140 0.0422130 0.0813492 0.0733964 0.0419338 0.0790422 0.0809237 0.0352736 0.0834887 0.0306191 0.0397771 0.0470123 0.0402491 0.0469840 0.0485907 0.0964723 0.1681729 0.0650608 0.0377831 0.0328186 0.0415980 0.0535760 0.1540043 0.0695199 0.1414433 0.0605636 0.0614336 0.0753076 0.0353314 0.0569136 0.0735268 0.1717138 0.0655235 0.0701198 0.0676395 0.0747525 0.0601947 0.0666704 0.0000028 0.0754945 0.1086241 0.0518327 0.0041754 0.0000028 0.0756602 0.0260871 0.0701618 0.0519373 0.0768497 0.0683981 0.0749659 0.0689544 0.0528712 0.0678697 0.0485579 0.0401603 0.0892603 0.0526575 0.0720888 0.0842942 0.0875210 0.0681876 0.0688638 0.0692148 
S0478         0.3544016 0.5076975 0.4297414 0.0796554 0.0542451 0.0952106 0.2046678 0.0581432 0.0622405 0.0603346 0.0528107 0.0558564 0.0654657 0.0663750 0.0648844 0.0923239 0.0716689 0.0656703 0.1194864 0.0551687 0.0531384 0.0873205 0.0684292 0.0590766 0.0563789 0.0582303 0.0433259 0.0754614 0.0439309 0.0443488 0.0650656 0.0000000 0.0729687 0.0553082 0.0735069 0.0849460 0.0494949 0.0618759 0.0588549 0.0272309 0.0616170 0.0391119 0.0457951 0.0664057 0.0681883 0.1404786 0.0558627 0.0795666 0.0838268 0.0540167 0.0813307 0.0673735 0.0525103 0.0673008 0.0646457 0.0653977 0.0761994 0.0540523 0.0677648 0.0613653 0.0563901 0.0532624 0.0687379 0.0730869 0.0625670 0.0732276 0.0754408 0.0676853 0.0533669 0.0824674 0.1440733 0.0559005 0.0736554 0.0486204 0.0609133 0.0704983 0.1161165 0.0696940 0.1095596 0.0536486 0.0846532 0.0731762 0.0734148 0.0556580 0.0793919 0.1465424 0.0512167 0.0606019 0.0653757 0.0480021 0.0451768 0.0501364 0.0708532 0.0555233 0.0696288 0.0729948 0.0800642 0.0760163 0.0585533 0.0558755 0.0633140 0.0775872 0.0596944 0.0516747 0.0630262 0.0825814 0.0515475 0.0414943 0.0761951 0.0606462 0.0618172 0.0486831 0.0673008 0.0716785 0.0741679 0.0715015 0.0574419 0.0631493 
S0552sl       0.3445480 0.4661158 0.4163328 0.0952003 0.0749501 0.1111720 0.1957942 0.0752641 0.0616195 0.0910577 0.0780195 0.0874145 0.0342381 0.0892083 0.0816981 0.1192157 0.0608740 0.0944631 0.1050257 0.0736620 0.0699444 0.1155243 0.0808673 0.0815510 0.0882966 0.0779701 0.0700856 0.0830907 0.0727680 0.0657867 0.0423268 0.0729687 0.0000000 0.0743116 0.0721112 0.0664031 0.0901216 0.0808444 0.0864534 0.0541954 0.0948931 0.0601297 0.0445879 0.0790663 0.0451350 0.1647040 0.0649097 0.0658243 0.0715089 0.0839166 0.0122856 0.0721836 0.0674257 0.0770373 0.0694056 0.0272132 0.0840254 0.0736419 0.0542692 0.0892993 0.0866593 0.0315613 0.0803866 0.0479548 0.0267941 0.0339531 0.0334289 0.0229759 0.0586738 0.0983891 0.1617569 0.0604125 0.0529646 0.0525373 0.0263409 0.0328314 0.1311301 0.0745205 0.1375375 0.0660408 0.0479722 0.0883547 0.0504363 0.0700557 0.0680246 0.1680297 0.0767378 0.0723527 0.0753841 0.0772188 0.0681617 0.0778087 0.0474590 0.0826425 0.1135603 0.0719122 0.0539394 0.0522828 0.0808145 0.0456814 0.0858935 0.0454202 0.0824403 0.0737157 0.0829906 0.0609569 0.0636015 0.0755720 0.0417589 0.0342818 0.0918929 0.0653859 0.0770373 0.0892873 0.0896737 0.0867667 0.0853419 0.0829717 
