95
CRNC        0.0000000 0.4668034 0.5568473 0.7111308 0.4567779 0.6958135 0.6540120 0.7022771 0.7134982 0.6215664 0.6902932 0.6778737 0.6897145 0.6902932 0.6935456 0.8209063 0.7217070 0.6761788 0.7532130 0.7193655 0.6621987 0.6602688 0.6428162 0.6268262 0.6593103 0.7159672 0.7495770 0.7570512 0.6605944 0.6988800 0.6215797 0.6761788 0.6948981 0.7019197 0.5651723 0.6887335 0.6843003 0.8270550 0.6583012 0.5415578 0.6836444 0.6943814 0.7044698 0.6943814 0.7280479 0.6507688 0.6638793 0.7125242 0.7360072 0.7082214 0.6906859 0.6959605 0.6559623 0.6747769 0.6420730 0.6621416 0.6929033 0.7469450 0.6913537 0.7222411 0.6595486 0.6072894 0.6129346 0.6844309 0.7255094 0.7242791 0.6336278 0.6951740 0.6887335 0.6611154 0.6332275 0.6593103 0.7186638 0.7363192 0.6474987 0.8329245 0.8329245 0.7193559 0.6396732 0.7125845 0.7154358 0.6523304 0.6426218 0.6686301 0.8058728 0.4798446 0.6959340 0.6548034 0.6873052 0.6593387 0.8252080 0.7186638 0.7133324 0.7659724 0.6282532 
HYZL        0.4668034 0.0000000 0.1575848 0.4026271 0.2222820 0.3999289 0.4443466 0.4503262 0.3606901 0.4478521 0.3990411 0.4048581 0.4123023 0.3990411 0.3277656 0.5190610 0.3727324 0.3379634 0.4764093 0.5610243 0.4611148 0.3942692 0.3619914 0.4159554 0.3273838 0.4429804 0.4949689 0.3949759 0.4237833 0.5155575 0.3911748 0.3379634 0.4227738 0.3166217 0.3960282 0.3872104 0.4802766 0.5243627 0.4264466 0.3794716 0.3956843 0.4456452 0.4081057 0.4456452 0.4706768 0.4265098 0.4784167 0.5159335 0.4082220 0.3321167 0.4140973 0.4623440 0.4181262 0.4842074 0.4097162 0.4363642 0.4584700 0.5002695 0.4212918 0.4646430 0.4861506 0.4411641 0.4391633 0.4969212 0.3840233 0.5037381 0.3750566 0.3895491 0.3872104 0.3710135 0.3710393 0.3273838 0.3735071 0.3589894 0.4160415 0.5207685 0.5402430 0.5687356 0.4373561 0.4229838 0.3875672 0.4473997 0.3728934 0.5107051 0.3529744 0.2595621 0.3931913 0.4001034 0.4456452 0.3730313 0.5618904 0.3735071 0.4137640 0.5309522 0.3802562 
MYZV        0.5568473 0.1575848 0.0000000 0.5114724 0.3110732 0.5638447 0.6007426 0.5106154 0.4945124 0.4511510 0.5695017 0.5123338 0.5024720 0.5695017 0.4048111 0.5859261 0.5018349 0.4662741 0.5685512 0.7099559 0.5559304 0.6052081 0.4861581 0.6045094 0.4532428 0.5337711 0.6226176 0.5515858 0.5176498 0.6755119 0.5825409 0.4662741 0.5847842 0.4594022 0.5592536 0.5545716 0.5210766 0.5915917 0.5020448 0.5061734 0.5514676 0.5051029 0.5617163 0.5051029 0.5329640 0.5105828 0.5551333 0.5786405 0.5480802 0.4724244 0.5118318 0.5257541 0.5123684 0.5299074 0.5605506 0.5318551 0.6045531 0.5765924 0.6018163 0.5828062 0.5447749 0.4689867 0.4950728 0.5692136 0.4709377 0.6944052 0.4649522 0.4693282 0.5545716 0.5424383 0.4236519 0.4532428 0.5059720 0.4941052 0.5062890 0.5560733 0.5763887 0.6335939 0.6352772 0.4869047 0.5556501 0.5989628 0.4582193 0.6665542 0.4508656 0.4159249 0.4970941 0.5680636 0.4996768 0.4712693 0.6328107 0.5059720 0.5893863 0.5723269 0.5438847 
SRR6441723  0.7111308 0.4026271 0.5114724 0.0000000 0.0290538 0.1267044 0.1201970 0.0658841 0.1083231 0.0805639 0.1178037 0.1301335 0.0652195 0.1178037 0.1032217 0.1678472 0.1087674 0.0954988 0.0658178 0.1153438 0.1096784 0.1277982 0.1219744 0.1018330 0.0962668 0.0790537 0.1475834 0.1195280 0.0538480 0.1357567 0.1175253 0.0954988 0.1306580 0.1155341 0.0994665 0.1107870 0.0551998 0.1604788 0.1904725 0.0825356 0.1094457 0.0654227 0.1196593 0.0654227 0.0725031 0.0658997 0.0613745 0.1128010 0.0944098 0.1010745 0.0480374 0.1130654 0.0543690 0.0734119 0.0664069 0.0596472 0.1223164 0.0930923 0.1699110 0.1539553 0.1148294 0.0438066 0.0599346 0.0845586 0.0422945 0.1331430 0.0367380 0.1747907 0.1107870 0.1377610 0.0377313 0.0962668 0.1024319 0.0826674 0.0847632 0.1685243 0.1685243 0.1328732 0.0942243 0.0563220 0.1127914 0.1227565 0.0588768 0.1513273 0.1081287 0.0378311 0.0421371 0.1329558 0.0664399 0.1151448 0.1153080 0.1024319 0.1253803 0.1014923 0.1236123 
ERR4210213  0.4567779 0.2222820 0.3110732 0.0290538 0.0000000 0.0000010 0.0955005 0.0453627 0.0600249 0.0441403 0.0619413 0.0601956 0.0767887 0.0619413 0.0621977 0.1554177 0.0605127 0.0442942 0.0137245 0.0000010 0.1001653 0.0619413 0.0775095 0.0824830 0.0442942 0.0444947 0.1244970 0.0463437 0.0289510 0.0454958 0.0592029 0.0442942 0.0630231 0.0442942 0.0961983 0.0619413 0.0603016 0.1357143 0.1510218 0.1008463 0.0448560 0.0444947 0.0827392 0.0444947 0.0444947 0.0772411 0.0603016 0.0780825 0.0766929 0.0442439 0.0448028 0.1379283 0.0293909 0.0458889 0.0612082 0.0289510 0.0782113 0.0448560 0.1158994 0.0935324 0.1319054 0.0291830 0.0607931 0.0444947 0.0299425 0.1134460 0.0444947 0.1121409 0.0619413 0.0798889 0.0000025 0.0442942 0.0766929 0.0444947 0.0435520 0.1554177 0.1357143 0.0953380 0.0609682 0.0482236 0.0446012 0.0780973 0.0444947 0.1390035 0.0000010 0.0289510 0.0444947 0.0803792 0.0444947 0.0775095 0.0448560 0.0766929 0.0619413 0.0813319 0.0446012 
ERR2789774  0.6958135 0.3999289 0.5638447 0.1267044 0.0000010 0.0000000 0.0554033 0.1981204 0.2471043 0.1888664 0.0177993 0.2846078 0.1969251 0.0177993 0.2478443 0.1901994 0.2757277 0.2325074 0.1569278 0.1383620 0.0838163 0.0275299 0.2193478 0.1073434 0.2193478 0.2384754 0.1135561 0.2880132 0.1832573 0.1380349 0.1531431 0.2325074 0.0456285 0.2676578 0.0987712 0.0270247 0.1379577 0.1904402 0.2667282 0.1219901 0.0272825 0.1981204 0.0177993 0.1981204 0.2200305 0.1440042 0.1325667 0.2027106 0.2046257 0.2280728 0.1437122 0.1831646 0.1848580 0.2175991 0.1714782 0.1696610 0.1930209 0.1796165 0.2218083 0.2185563 0.2027494 0.1655115 0.1700093 0.2153994 0.1418893 0.0752986 0.1542656 0.2717161 0.0270247 0.0266731 0.1365546 0.2193478 0.2090958 0.2025801 0.1439308 0.1781986 0.1904402 0.2754594 0.0992621 0.1912944 0.0177993 0.0777597 0.1525681 0.0554033 0.2072173 0.0000010 0.1817812 0.0270989 0.2188947 0.2325074 0.1796165 0.2090958 0.0271471 0.1657160 0.0363784 
S0055       0.6540120 0.4443466 0.6007426 0.1201970 0.0955005 0.0554033 0.0000000 0.1603361 0.1864298 0.1562798 0.0618638 0.1897614 0.1436088 0.0618638 0.1944525 0.1958093 0.1846232 0.1715925 0.1550889 0.1142867 0.0734760 0.0761811 0.1722350 0.0990527 0.1645507 0.1788058 0.0790883 0.1716442 0.1383826 0.1144653 0.1188214 0.1715925 0.0494008 0.1952745 0.1134423 0.0679781 0.1475605 0.1883002 0.2238571 0.1218793 0.0552529 0.1590700 0.0690771 0.1590700 0.1697748 0.1389907 0.1442937 0.1506305 0.1776775 0.1548420 0.1377447 0.1646270 0.1326317 0.1585591 0.1413627 0.1311246 0.1729282 0.1659289 0.1686313 0.2285745 0.1746040 0.1211295 0.1317029 0.1627648 0.1385837 0.0660387 0.1223019 0.2395235 0.0679781 0.0552251 0.1120399 0.1645507 0.1815531 0.1345773 0.1189436 0.1807208 0.1807208 0.1967738 0.1047607 0.1600114 0.0633270 0.0156690 0.1418217 0.0549376 0.2067982 0.0944970 0.1286760 0.0501415 0.1693039 0.1793680 0.2081515 0.1815531 0.0681788 0.1777456 0.0553416 
S0196sl     0.7022771 0.4503262 0.5106154 0.0658841 0.0453627 0.1981204 0.1603361 0.0000000 0.0764932 0.0487035 0.1660824 0.0962854 0.0772795 0.1660824 0.0713951 0.1968148 0.0767970 0.0646102 0.1177025 0.2020670 0.1521597 0.1687116 0.0767920 0.1407549 0.0651123 0.0101130 0.1956125 0.0857122 0.0777219 0.1624876 0.1386010 0.0646102 0.1730726 0.0830044 0.1126396 0.1582844 0.0265497 0.1889215 0.1949254 0.1096624 0.1561961 0.0000030 0.1775094 0.0000030 0.0050016 0.1034223 0.0382573 0.1538320 0.1181497 0.0958121 0.0715215 0.1521387 0.0784968 0.0990738 0.0913233 0.0838474 0.1287456 0.0661131 0.1761747 0.1454945 0.1465821 0.0497241 0.0842613 0.1041399 0.0660642 0.1925878 0.0658562 0.1721026 0.1582844 0.1809027 0.0551891 0.0651123 0.1186220 0.0897933 0.1040147 0.1976074 0.1976074 0.1672595 0.1640903 0.0748814 0.1706339 0.1713810 0.0643049 0.1792319 0.0874305 0.0517249 0.0534986 0.1763574 0.0049911 0.0706827 0.1000801 0.1186220 0.1747063 0.0733643 0.1719858 
S0278       0.7134982 0.3606901 0.4945124 0.1083231 0.0600249 0.2471043 0.1864298 0.0764932 0.0000000 0.1305916 0.1929898 0.0355147 0.1202761 0.1929898 0.0253424 0.2004622 0.0303979 0.0096848 0.1505433 0.2806967 0.1909505 0.1960173 0.0299793 0.1826897 0.0146470 0.0899143 0.2304570 0.0414741 0.1022289 0.2014778 0.1773158 0.0096848 0.1841286 0.0248275 0.1065329 0.1853268 0.1052929 0.1929378 0.1914911 0.1505054 0.1829508 0.0759609 0.2046890 0.0759609 0.0832548 0.1293369 0.1037057 0.1863013 0.0683514 0.0460806 0.1012834 0.1912592 0.0969531 0.1253426 0.1036710 0.1086506 0.1350671 0.1372650 0.1753333 0.1232785 0.1859683 0.0991167 0.1224813 0.1442631 0.0888237 0.2182967 0.1010419 0.1506679 0.1853268 0.2073727 0.0846921 0.0146470 0.0529008 0.0629444 0.1337563 0.2012250 0.2012250 0.2087201 0.1907151 0.0996464 0.1980462 0.1977775 0.0813625 0.2118302 0.0258103 0.0243285 0.0700897 0.2033493 0.0830581 0.0247765 0.1795481 0.0529008 0.2015715 0.1471227 0.1830348 
S0281       0.6215664 0.4478521 0.4511510 0.0805639 0.0441403 0.1888664 0.1562798 0.0487035 0.1305916 0.0000000 0.1694040 0.1469218 0.0923636 0.1694040 0.1167979 0.1708913 0.1393435 0.1169622 0.0740133 0.1401526 0.1398306 0.1821379 0.1311034 0.1298710 0.1169622 0.0611891 0.1747298 0.1434159 0.0809601 0.1533707 0.1350097 0.1169622 0.1690865 0.1230274 0.1220747 0.1614193 0.0505034 0.1633984 0.1977067 0.1120830 0.1677120 0.0483661 0.1694040 0.0483661 0.0549550 0.1078332 0.0636447 0.1161358 0.1513101 0.1456488 0.0930050 0.1555375 0.0818025 0.1034545 0.0952597 0.0873731 0.1539120 0.1003709 0.2265713 0.1774697 0.1178737 0.0510502 0.0749398 0.1087112 0.0944696 0.1803265 0.0742307 0.1998233 0.1614193 0.1845606 0.0623286 0.1169622 0.1502113 0.1323168 0.0857409 0.1715872 0.1715872 0.1600241 0.1379139 0.1046173 0.1741451 0.1599559 0.1105697 0.1673885 0.1738389 0.0677511 0.0858921 0.1889698 0.0491002 0.1240305 0.1394332 0.1502113 0.1782523 0.1013618 0.1595197 
S0282       0.6902932 0.3990411 0.5695017 0.1178037 0.0619413 0.0177993 0.0618638 0.1660824 0.1929898 0.1694040 0.0000000 0.2125924 0.1485536 0.0000010 0.2016562 0.2047089 0.2076160 0.1774923 0.1606820 0.1551406 0.0890888 0.0104211 0.1937220 0.1303288 0.1701494 0.1855270 0.1162375 0.1937387 0.1585594 0.1342703 0.1259073 0.1774923 0.0439563 0.2022835 0.1169800 0.0050586 0.1460793 0.1970563 0.2789597 0.1327069 0.0209055 0.1647208 0.0051281 0.1647208 0.1760213 0.1594474 0.1427203 0.1806936 0.1613469 0.1537452 0.1343859 0.1811649 0.1604386 0.1887920 0.1621659 0.1507919 0.1635120 0.1557345 0.2162218 0.2174993 0.2056552 0.1407231 0.1673042 0.1848190 0.1433884 0.0873119 0.1410907 0.2500775 0.0050586 0.0322515 0.1084796 0.1701494 0.1661621 0.1468595 0.1354524 0.1893334 0.1893334 0.2309059 0.1155574 0.1741919 0.0105590 0.0691327 0.1381584 0.0884225 0.1994785 0.0993767 0.1329656 0.0320532 0.1755130 0.2013390 0.1847725 0.1661621 0.0050712 0.1675560 0.0154843 
S0289       0.6778737 0.4048581 0.5123338 0.1301335 0.0601956 0.2846078 0.1897614 0.0962854 0.0355147 0.1469218 0.2125924 0.0000000 0.1425651 0.2125924 0.0419631 0.1880711 0.0471786 0.0250131 0.1828255 0.3404577 0.2116952 0.2160991 0.0464900 0.1937040 0.0302694 0.1108062 0.2529204 0.0590467 0.1296199 0.2376251 0.1805651 0.0250131 0.2031717 0.0410705 0.1213338 0.2045826 0.1206194 0.1965757 0.1859944 0.1557207 0.1860694 0.0955942 0.2251909 0.0955942 0.1036277 0.1586169 0.1187338 0.1733854 0.0887389 0.0635657 0.1162503 0.1661955 0.1242858 0.1432210 0.1315464 0.1364427 0.1584276 0.1612045 0.1706858 0.1463673 0.1729557 0.1202124 0.1512936 0.1598606 0.1093877 0.2384985 0.1222320 0.1603765 0.2045826 0.2112820 0.0988487 0.0302694 0.0712441 0.0814448 0.1359487 0.2050666 0.2050666 0.1951153 0.2179440 0.1217673 0.2183144 0.2014303 0.1011528 0.2318254 0.0546447 0.0243895 0.0893730 0.2072277 0.1033725 0.0409754 0.2070357 0.0712441 0.2136685 0.1721563 0.2019415 
S0292       0.6897145 0.4123023 0.5024720 0.0652195 0.0767887 0.1969251 0.1436088 0.0772795 0.1202761 0.0923636 0.1485536 0.1425651 0.0000000 0.1485536 0.1152473 0.2021030 0.1207688 0.1072552 0.0832051 0.1458881 0.1257529 0.1599825 0.1207379 0.1326903 0.1081182 0.0908345 0.1583598 0.1242909 0.0534053 0.1628378 0.1169513 0.1072552 0.1465514 0.1276631 0.1189236 0.1410617 0.0613272 0.1942413 0.2421681 0.1023921 0.1541556 0.0767372 0.1592105 0.0767372 0.0841101 0.0896435 0.0676300 0.1507968 0.1175356 0.1018738 0.0530823 0.1654808 0.0539172 0.0727673 0.0603363 0.0591505 0.1498627 0.1052670 0.2124494 0.1593402 0.1448743 0.0490427 0.0594337 0.0778551 0.0829039 0.1593608 0.0475403 0.1991059 0.1410617 0.1629049 0.0486132 0.1081182 0.1250733 0.1085925 0.1166125 0.2029029 0.2029029 0.1652233 0.1469924 0.0497690 0.1525324 0.1468238 0.0699550 0.1679767 0.1466039 0.0506810 0.0361618 0.1739521 0.0779437 0.1139926 0.1442627 0.1250733 0.1567676 0.1140269 0.1394973 
S0293       0.6902932 0.3990411 0.5695017 0.1178037 0.0619413 0.0177993 0.0618638 0.1660824 0.1929898 0.1694040 0.0000010 0.2125924 0.1485536 0.0000000 0.2016562 0.2047089 0.2076160 0.1774923 0.1606820 0.1551406 0.0890888 0.0104211 0.1937220 0.1303288 0.1701494 0.1855270 0.1162375 0.1937387 0.1585594 0.1342703 0.1259073 0.1774923 0.0439563 0.2022835 0.1169800 0.0050586 0.1460793 0.1970563 0.2789597 0.1327069 0.0209055 0.1647208 0.0051281 0.1647208 0.1760213 0.1594474 0.1427203 0.1806936 0.1613469 0.1537452 0.1343859 0.1811649 0.1604386 0.1887920 0.1621659 0.1507919 0.1635120 0.1557345 0.2162218 0.2174993 0.2056552 0.1407231 0.1673042 0.1848190 0.1433884 0.0873119 0.1410907 0.2500775 0.0050586 0.0322515 0.1084796 0.1701494 0.1661621 0.1468595 0.1354524 0.1893334 0.1893334 0.2309059 0.1155574 0.1741919 0.0105590 0.0691327 0.1381584 0.0884225 0.1994785 0.0993767 0.1329656 0.0320532 0.1755130 0.2013390 0.1847725 0.1661621 0.0050712 0.1675560 0.0154843 
S0299       0.6935456 0.3277656 0.4048111 0.1032217 0.0621977 0.2478443 0.1944525 0.0713951 0.0253424 0.1167979 0.2016562 0.0419631 0.1152473 0.2016562 0.0000000 0.2096384 0.0366627 0.0149884 0.1537835 0.2834158 0.1961238 0.2049996 0.0361348 0.1840788 0.0201564 0.0847503 0.2417472 0.0482835 0.0970279 0.2178820 0.1851623 0.0149884 0.1922557 0.0251689 0.1240475 0.1935850 0.0925587 0.2016985 0.1974331 0.1567543 0.1909835 0.0708948 0.2141566 0.0708948 0.0781150 0.1241485 0.1059797 0.1950526 0.0697960 0.0529594 0.0962035 0.1998607 0.0916960 0.1200309 0.0984011 0.1034575 0.1404932 0.1321474 0.1830088 0.1282302 0.1943809 0.0922685 0.1172841 0.1390699 0.0780568 0.2280599 0.0959723 0.1633822 0.1935850 0.2167526 0.0726095 0.0201564 0.0602726 0.0706104 0.1390862 0.2003348 0.2104607 0.2187439 0.1924946 0.0883577 0.2071841 0.2065563 0.0826065 0.2212905 0.0356892 0.0250216 0.0650243 0.2126657 0.0779295 0.0307060 0.1744165 0.0602726 0.2107408 0.1419383 0.1910670 
S0303       0.8209063 0.5190610 0.5859261 0.1678472 0.1554177 0.1901994 0.1958093 0.1968148 0.2004622 0.1708913 0.2047089 0.1880711 0.2021030 0.2047089 0.2096384 0.0000000 0.2224777 0.1846345 0.2034447 0.2284260 0.2268561 0.2182649 0.2175336 0.2025054 0.1927888 0.2179542 0.2522976 0.2185158 0.1958965 0.2419161 0.1593464 0.1846345 0.2108557 0.2100196 0.1738810 0.1967533 0.1928325 0.0247523 0.2045680 0.1817745 0.1962575 0.1951702 0.2027631 0.1951702 0.2076604 0.2313491 0.1881714 0.1088008 0.2100609 0.1823829 0.1721794 0.0834175 0.1886030 0.1977589 0.2164475 0.2041673 0.2089566 0.2590240 0.2599493 0.2304830 0.1046201 0.1952269 0.2226310 0.2067946 0.2066093 0.2280437 0.1864579 0.2279335 0.1967533 0.1939870 0.1665226 0.1927888 0.2039368 0.1835048 0.0976238 0.0299496 0.0196919 0.1074459 0.2415646 0.1858962 0.2102226 0.1990439 0.2081937 0.2486761 0.1406938 0.1991287 0.1772065 0.2148325 0.2070429 0.2090076 0.3035709 0.2039368 0.1895377 0.2496622 0.1944594 
S0320       0.7217070 0.3727324 0.5018349 0.1087674 0.0605127 0.2757277 0.1846232 0.0767970 0.0303979 0.1393435 0.2076160 0.0471786 0.1207688 0.2076160 0.0366627 0.2224777 0.0000000 0.0199792 0.1656963 0.2814887 0.1890889 0.2110577 0.0305142 0.1965806 0.0201248 0.0902806 0.2297557 0.0536121 0.1083529 0.2240218 0.1781021 0.0199792 0.1981811 0.0358863 0.1296770 0.1995582 0.1057363 0.2145125 0.1836789 0.1625794 0.1968883 0.0762605 0.2202022 0.0762605 0.0835902 0.1221440 0.1041361 0.1959859 0.0827522 0.0582077 0.1016943 0.1765497 0.1030858 0.1318672 0.1098934 0.1148358 0.1320529 0.1378491 0.1610628 0.1402774 0.1868052 0.1053943 0.1154094 0.1508793 0.0891809 0.2173179 0.1014506 0.1370901 0.1995582 0.2226458 0.0850384 0.0201248 0.0656952 0.0759568 0.1343108 0.2233253 0.2233253 0.2096987 0.2050454 0.1000684 0.2132650 0.1962351 0.0697782 0.2106723 0.0452873 0.0244923 0.0703647 0.2186650 0.0833919 0.0252130 0.1803584 0.0656952 0.2167112 0.1477648 0.1969668 
S0327       0.6761788 0.3379634 0.4662741 0.0954988 0.0442942 0.2325074 0.1715925 0.0646102 0.0096848 0.1169622 0.1774923 0.0250131 0.1072552 0.1774923 0.0149884 0.1846345 0.0199792 0.0000000 0.1505433 0.2643977 0.1745660 0.1801969 0.0197110 0.1676412 0.0048158 0.0774969 0.2132453 0.0306581 0.0951424 0.1916875 0.1621721 0.0000010 0.1689549 0.0146911 0.1065329 0.1700088 0.0921735 0.1772954 0.1728636 0.1364451 0.1678648 0.0641658 0.1886433 0.0641658 0.0710864 0.1216396 0.0908128 0.1702102 0.0560797 0.0353400 0.0887254 0.1757719 0.0899092 0.1175654 0.0964601 0.1014309 0.1215442 0.1234498 0.1603637 0.1098482 0.1704437 0.0918866 0.1149356 0.1361883 0.0765807 0.2026223 0.0885166 0.1365104 0.1700088 0.1916341 0.0723169 0.0048158 0.0417060 0.0517164 0.1203511 0.1853468 0.1853468 0.1920813 0.1754479 0.0865914 0.1821006 0.1824045 0.0695077 0.1962368 0.0169593 0.0120003 0.0584549 0.1874560 0.0709212 0.0146620 0.1641030 0.0417060 0.1858085 0.1327800 0.1679558 
S0335       0.7532130 0.4764093 0.5685512 0.0658178 0.0137245 0.1569278 0.1550889 0.1177025 0.1505433 0.0740133 0.1606820 0.1828255 0.0832051 0.1606820 0.1537835 0.2034447 0.1656963 0.1505433 0.0000000 0.1082716 0.1375493 0.1729738 0.1657869 0.1352996 0.1518148 0.1334041 0.1719276 0.1800030 0.0663186 0.1600037 0.1238112 0.1505433 0.1446985 0.1673425 0.1282965 0.1528359 0.1010736 0.1955331 0.2648228 0.1329373 0.1591033 0.1168331 0.1720858 0.1168331 0.1256740 0.0915105 0.1082645 0.1512284 0.1626072 0.1663553 0.0780037 0.1706028 0.0669784 0.0870456 0.0795660 0.0723542 0.1759525 0.1500778 0.2444222 0.2066997 0.1604855 0.0619450 0.0727107 0.1053245 0.0659964 0.1461004 0.0720450 0.2404585 0.1528359 0.1756357 0.0487539 0.1518148 0.1686865 0.1525690 0.1103289 0.2042516 0.2042516 0.1902221 0.1121183 0.0953673 0.1557141 0.1587080 0.1088386 0.1742116 0.1984473 0.0823811 0.0835877 0.1633279 0.1188293 0.1582450 0.1692479 0.1686865 0.1693397 0.1607532 0.1510652 
S0345       0.7193655 0.5610243 0.7099559 0.1153438 0.0000010 0.1383620 0.1142867 0.2020670 0.2806967 0.1401526 0.1551406 0.3404577 0.1458881 0.1551406 0.2834158 0.2284260 0.2814887 0.2643977 0.1082716 0.0000000 0.1270890 0.1726051 0.2806967 0.0798530 0.2686167 0.2436734 0.1206740 0.2945201 0.1079200 0.1088601 0.1303004 0.2643977 0.1261675 0.3043348 0.1839815 0.1423430 0.1524745 0.2286880 0.3157524 0.1174067 0.1702959 0.2020670 0.1551406 0.2020670 0.2246699 0.0962277 0.1463744 0.1611833 0.2500626 0.2414835 0.1206271 0.1715432 0.1088091 0.1367556 0.1094255 0.1203026 0.2412451 0.2133644 0.2525931 0.2831816 0.1499873 0.1140293 0.0960048 0.1159530 0.1444534 0.1136816 0.1065559 0.3047111 0.1423430 0.1505055 0.1391234 0.2686167 0.2506595 0.2141237 0.1717830 0.2151050 0.2286880 0.2291456 0.0469596 0.1663530 0.1551406 0.1309609 0.1556222 0.0911037 0.2481664 0.0000010 0.1580740 0.1425706 0.2094036 0.2643977 0.2133644 0.2506595 0.1693706 0.1985185 0.1548183 
S0376       0.6621987 0.4611148 0.5559304 0.1096784 0.1001653 0.0838163 0.0734760 0.1521597 0.1909505 0.1398306 0.0890888 0.2116952 0.1257529 0.0890888 0.1961238 0.2268561 0.1890889 0.1745660 0.1375493 0.1270890 0.0000000 0.0975622 0.1607382 0.1192008 0.1668084 0.1719350 0.0225236 0.1615750 0.1334720 0.1273856 0.1149966 0.1745660 0.0811917 0.2007773 0.1398721 0.0820878 0.1369697 0.2182692 0.2695311 0.1049276 0.0818839 0.1508557 0.0980079 0.1508557 0.1622381 0.1186882 0.1362661 0.1649730 0.1732737 0.1495465 0.1266324 0.1910748 0.1350719 0.1626371 0.1357204 0.1412201 0.1773064 0.1316168 0.2349211 0.2106149 0.1809342 0.1060958 0.1111915 0.1429091 0.1309688 0.0869370 0.1034541 0.2613642 0.0820878 0.1093640 0.1289665 0.1668084 0.1685648 0.1274592 0.1481648 0.2182692 0.2182692 0.2032886 0.1102662 0.1417051 0.0896559 0.0662133 0.1244075 0.0659394 0.2162537 0.0727225 0.1252447 0.0968237 0.1407348 0.1591363 0.1316168 0.1685648 0.0965481 0.1429145 0.0812300 
S0405       0.6602688 0.3942692 0.6052081 0.1277982 0.0619413 0.0275299 0.0761811 0.1687116 0.1960173 0.1821379 0.0104211 0.2160991 0.1599825 0.0104211 0.2049996 0.2182649 0.2110577 0.1801969 0.1729738 0.1726051 0.0975622 0.0000000 0.1967707 0.1406731 0.1727075 0.1886326 0.1254301 0.1969091 0.1660891 0.1418293 0.1247157 0.1801969 0.0572039 0.2055318 0.1238329 0.0157445 0.1577526 0.2102805 0.2853347 0.1433589 0.0325775 0.1673039 0.0159732 0.1673039 0.1788941 0.1670191 0.1539927 0.1941743 0.1639188 0.1559598 0.1452564 0.1936641 0.1680661 0.1968857 0.1698869 0.1582384 0.1755646 0.1680214 0.2198594 0.2164826 0.2197936 0.1482966 0.1749551 0.1927219 0.1455632 0.1032570 0.1521937 0.2545205 0.0157445 0.0447333 0.1184876 0.1727075 0.1686878 0.1489465 0.1459363 0.2122335 0.2122335 0.2467542 0.1252470 0.1874243 0.0219497 0.0841382 0.1401589 0.1046180 0.2016325 0.1013016 0.1436627 0.0444395 0.1783676 0.2045477 0.1930136 0.1686878 0.0157855 0.1806880 0.0267977 
S0407sl     0.6428162 0.3619914 0.4861581 0.1219744 0.0775095 0.2193478 0.1722350 0.0767920 0.0299793 0.1311034 0.1937220 0.0464900 0.1207379 0.1937220 0.0361348 0.2175336 0.0305142 0.0197110 0.1657869 0.2806967 0.1607382 0.1967707 0.0000000 0.1682842 0.0248432 0.0902697 0.1990735 0.0528055 0.1215024 0.2257257 0.1935986 0.0197110 0.1697874 0.0353825 0.1198967 0.1860358 0.1057159 0.2097961 0.1653083 0.1510828 0.1836437 0.0762558 0.2054688 0.0762558 0.0835825 0.1357131 0.1041170 0.2036533 0.0813292 0.0573378 0.1146309 0.2079451 0.1162301 0.1460028 0.1163484 0.1281485 0.1355860 0.1378012 0.1609867 0.1376258 0.2026944 0.1053742 0.1153826 0.1508172 0.1018084 0.1882254 0.1143512 0.1512507 0.1860358 0.2081418 0.0978073 0.0248432 0.0646693 0.0747673 0.1480813 0.2183478 0.2183478 0.2266985 0.1914309 0.1065835 0.1988095 0.1830926 0.0816758 0.1818931 0.0258103 0.0508055 0.0823703 0.1883954 0.0833843 0.0048408 0.1802519 0.0646693 0.2023326 0.1477047 0.1837285 
S0412sl     0.6268262 0.4159554 0.6045094 0.1018330 0.0824830 0.1073434 0.0990527 0.1407549 0.1826897 0.1298710 0.1303288 0.1937040 0.1326903 0.1303288 0.1840788 0.2025054 0.1965806 0.1676412 0.1352996 0.0798530 0.1192008 0.1406731 0.1682842 0.0000000 0.1605008 0.1586472 0.1136982 0.1766228 0.1111117 0.1424614 0.1252713 0.1676412 0.1287670 0.1853699 0.1286173 0.1232618 0.1203636 0.2110661 0.2509720 0.0914666 0.1217648 0.1396325 0.1400491 0.1396325 0.1498659 0.1261381 0.1177357 0.1427841 0.1830145 0.1589861 0.1044752 0.1713302 0.1037083 0.1183236 0.1107730 0.1181604 0.1688194 0.1613361 0.1954036 0.2322853 0.1515214 0.1005314 0.1045957 0.1342934 0.1192426 0.1191491 0.1175400 0.2710654 0.1232618 0.1078923 0.0997619 0.1605008 0.1867394 0.1380728 0.1280200 0.2196019 0.2032730 0.1800908 0.0869954 0.1148318 0.1336798 0.1075151 0.1230510 0.1347945 0.2198506 0.0680579 0.1178322 0.1168362 0.1422549 0.1755212 0.2111447 0.1867394 0.1235674 0.1732121 0.1360460 
S0417       0.6593103 0.3273838 0.4532428 0.0962668 0.0442942 0.2193478 0.1645507 0.0651123 0.0146470 0.1169622 0.1701494 0.0302694 0.1081182 0.1701494 0.0201564 0.1927888 0.0201248 0.0048158 0.1518148 0.2686167 0.1668084 0.1727075 0.0248432 0.1605008 0.0000000 0.0781150 0.2051268 0.0360779 0.0959047 0.1839462 0.1635880 0.0048158 0.1617560 0.0197513 0.1003513 0.1627451 0.0929359 0.1853468 0.1748489 0.1297473 0.1607079 0.0646611 0.1810525 0.0646611 0.0716469 0.1226395 0.0915510 0.1719067 0.0622636 0.0407296 0.0894306 0.1773154 0.0906336 0.1185497 0.0972439 0.1022474 0.1150864 0.1244813 0.1617508 0.1166908 0.1719533 0.0926432 0.1158749 0.1373280 0.0771837 0.1952117 0.0892185 0.1376601 0.1627451 0.1841878 0.0728962 0.0000010 0.0473313 0.0573723 0.1213301 0.1935280 0.1935280 0.1938568 0.1682105 0.0873086 0.1745514 0.1751207 0.0700430 0.1888586 0.0258103 0.0120003 0.0589036 0.1799339 0.0714791 0.0197110 0.1655600 0.0473313 0.1783476 0.1339180 0.1608007 
S0419       0.7159672 0.4429804 0.5337711 0.0790537 0.0444947 0.2384754 0.1788058 0.0101130 0.0899143 0.0611891 0.1855270 0.1108062 0.0908345 0.1855270 0.0847503 0.2179542 0.0902806 0.0774969 0.1334041 0.2436734 0.1719350 0.1886326 0.0902697 0.1586472 0.0781150 0.0000000 0.2178521 0.1000756 0.0913813 0.1838774 0.1561914 0.0774969 0.1927308 0.0967979 0.1364224 0.1773449 0.0381891 0.2096555 0.1945141 0.1257536 0.1749117 0.0100471 0.1979051 0.0100471 0.0153891 0.1183238 0.0505906 0.1731460 0.1348563 0.1028787 0.0848686 0.1703663 0.0923199 0.1140996 0.1057857 0.0977774 0.1541373 0.0793351 0.1858300 0.1634558 0.1647474 0.0625182 0.0982709 0.1191852 0.0792776 0.2127523 0.0790073 0.1814906 0.1773449 0.2009448 0.0681085 0.0781150 0.1345545 0.0967390 0.1190682 0.2188295 0.2188295 0.1871550 0.1831927 0.0889772 0.1907664 0.1907607 0.0770934 0.1989631 0.1140343 0.0508778 0.0659676 0.1965276 0.0153559 0.0838679 0.1153270 0.1345545 0.1946665 0.0871518 0.1914936 
S0427       0.7495770 0.4949689 0.6226176 0.1475834 0.1244970 0.1135561 0.0790883 0.1956125 0.2304570 0.1747298 0.1162375 0.2529204 0.1583598 0.1162375 0.2417472 0.2522976 0.2297557 0.2132453 0.1719276 0.1206740 0.0225236 0.1254301 0.1990735 0.1136982 0.2051268 0.2178521 0.0000000 0.2002403 0.1666108 0.1412584 0.1373364 0.2132453 0.0935502 0.2410641 0.1699309 0.1089619 0.1865049 0.2437555 0.2883043 0.1080296 0.1086553 0.1938909 0.1260059 0.1938909 0.2070193 0.1509068 0.1818767 0.1913211 0.2117307 0.1932668 0.1595025 0.2165238 0.1576312 0.1751616 0.1694790 0.1748576 0.2096305 0.1848974 0.2392704 0.2583020 0.2061900 0.1380566 0.1428981 0.1772395 0.1632788 0.0991904 0.1345408 0.2938782 0.1089619 0.1219780 0.1624397 0.2051268 0.2141474 0.1699804 0.1787744 0.2437555 0.2437555 0.2424674 0.1229767 0.1654415 0.1169774 0.0781494 0.1561711 0.0778229 0.2752513 0.0922063 0.1576618 0.1095458 0.1823384 0.1970941 0.1848974 0.2141474 0.1240899 0.1987982 0.1077829 
S0478       0.7570512 0.3949759 0.5515858 0.1195280 0.0463437 0.2880132 0.1716442 0.0857122 0.0414741 0.1434159 0.1937387 0.0590467 0.1242909 0.1937387 0.0482835 0.2185158 0.0536121 0.0306581 0.1800030 0.2945201 0.1615750 0.1969091 0.0528055 0.1766228 0.0360779 0.1000756 0.2002403 0.0000000 0.1251081 0.1926446 0.1710765 0.0306581 0.1845027 0.0472279 0.1371780 0.1857538 0.1166576 0.2104607 0.2107461 0.1582556 0.1832747 0.0850887 0.2059588 0.0850887 0.0929569 0.1543753 0.1148009 0.2040845 0.0836007 0.0363334 0.1179766 0.2085292 0.1196794 0.1506632 0.1350121 0.1319970 0.1479502 0.1505401 0.1865468 0.1419240 0.2099432 0.1162580 0.1469774 0.1706625 0.0967245 0.2039964 0.1176799 0.1712920 0.1857538 0.2087264 0.0946182 0.0360779 0.0663131 0.0532301 0.1464774 0.2193662 0.2193662 0.2281173 0.2076711 0.1169945 0.1990314 0.1829138 0.0964938 0.1841926 0.0453852 0.0249561 0.0722168 0.2045506 0.0927261 0.0471133 0.1962966 0.0663131 0.2026908 0.1613375 0.1833629 
S0552sl     0.6605944 0.4237833 0.5176498 0.0538480 0.0289510 0.1832573 0.1383826 0.0777219 0.1022289 0.0809601 0.1585594 0.1296199 0.0534053 0.1585594 0.0970279 0.1958965 0.1083529 0.0951424 0.0663186 0.1079200 0.1334720 0.1660891 0.1215024 0.1111117 0.0959047 0.0913813 0.1666108 0.1251081 0.0000000 0.1279973 0.1315752 0.0951424 0.1500585 0.1093326 0.1048174 0.1508403 0.0680027 0.1880343 0.2349954 0.1091376 0.1488643 0.0771736 0.1697323 0.0771736 0.0846051 0.0308820 0.0744943 0.1454617 0.1327949 0.1155029 0.0478702 0.1514278 0.0000030 0.0153962 0.0100797 0.0049482 0.1507773 0.1195109 0.1977261 0.1433040 0.1314638 0.0207972 0.0151210 0.0310726 0.0593737 0.1694161 0.0366323 0.2092757 0.1508403 0.1732806 0.0375502 0.0959047 0.1399009 0.1092670 0.1109510 0.1899415 0.1899415 0.1589379 0.1043941 0.0442113 0.1628932 0.1415013 0.0586697 0.1628114 0.1594503 0.0121415 0.0419919 0.1686502 0.0783951 0.1147033 0.1434391 0.1399009 0.1670658 0.1288668 0.1491200 
S0558       0.6988800 0.5155575 0.6755119 0.1357567 0.0454958 0.1380349 0.1144653 0.1624876 0.2014778 0.1533707 0.1342703 0.2376251 0.1628378 0.1342703 0.2178820 0.2419161 0.2240218 0.1916875 0.1600037 0.1088601 0.1273856 0.1418293 0.2257257 0.1424614 0.1839462 0.1838774 0.1412584 0.1926446 0.1279973 0.0000000 0.1248376 0.1916875 0.1252448 0.2180031 0.1389863 0.1265621 0.1664296 0.2334737 0.3177551 0.1080005 0.1328565 0.1624876 0.1449818 0.1624876 0.1740884 0.1285789 0.1624184 0.1759000 0.1925688 0.1740204 0.1387445 0.2044812 0.1294684 0.1555880 0.1282709 0.1353907 0.1675508 0.1626424 0.2699815 0.2020515 0.2013200 0.1102318 0.1361401 0.1525530 0.1481552 0.1220947 0.1165954 0.2878587 0.1265621 0.1401084 0.1247551 0.1839462 0.1959794 0.1595594 0.1565873 0.2358655 0.2358655 0.2267595 0.1149997 0.1708393 0.1184408 0.1241899 0.1596026 0.0948723 0.2087509 0.1267230 0.1544281 0.1432764 0.1735695 0.2169067 0.1934379 0.1959794 0.1426703 0.1646602 0.1251163 
S0616       0.6215797 0.3911748 0.5825409 0.1175253 0.0592029 0.1531431 0.1188214 0.1386010 0.1773158 0.1350097 0.1259073 0.1805651 0.1169513 0.1259073 0.1851623 0.1593464 0.1781021 0.1621721 0.1238112 0.1303004 0.1149966 0.1247157 0.1935986 0.1252713 0.1635880 0.1561914 0.1373364 0.1710765 0.1315752 0.1248376 0.0000000 0.1621721 0.1257518 0.1863001 0.1393240 0.1187303 0.1615564 0.1521211 0.2285594 0.0964846 0.1331123 0.1375087 0.1357129 0.1375087 0.1475551 0.1470764 0.1577726 0.1456080 0.1822001 0.1573334 0.1104819 0.1359176 0.1330605 0.1588631 0.1318449 0.1388591 0.1638630 0.1365728 0.1995704 0.1812265 0.1465309 0.1141922 0.1396132 0.1799415 0.1174020 0.1261526 0.0958430 0.2097661 0.1187303 0.1252273 0.1051071 0.1635880 0.1861214 0.1433915 0.0854313 0.1599897 0.1599897 0.1671717 0.1425101 0.1231425 0.1292143 0.1285112 0.1210921 0.1358655 0.2192950 0.0841837 0.1239759 0.1279865 0.1471498 0.1854667 0.1704079 0.1861214 0.1336892 0.1473476 0.1174645 
S0624       0.6761788 0.3379634 0.4662741 0.0954988 0.0442942 0.2325074 0.1715925 0.0646102 0.0096848 0.1169622 0.1774923 0.0250131 0.1072552 0.1774923 0.0149884 0.1846345 0.0199792 0.0000010 0.1505433 0.2643977 0.1745660 0.1801969 0.0197110 0.1676412 0.0048158 0.0774969 0.2132453 0.0306581 0.0951424 0.1916875 0.1621721 0.0000000 0.1689549 0.0146911 0.1065329 0.1700088 0.0921735 0.1772954 0.1728636 0.1364451 0.1678648 0.0641658 0.1886433 0.0641658 0.0710864 0.1216396 0.0908128 0.1702102 0.0560797 0.0353400 0.0887254 0.1757719 0.0899092 0.1175654 0.0964601 0.1014309 0.1215442 0.1234498 0.1603637 0.1098482 0.1704437 0.0918866 0.1149356 0.1361883 0.0765807 0.2026223 0.0885166 0.1365104 0.1700088 0.1916341 0.0723169 0.0048158 0.0417060 0.0517164 0.1203511 0.1853468 0.1853468 0.1920813 0.1754479 0.0865914 0.1821006 0.1824045 0.0695077 0.1962368 0.0169593 0.0120003 0.0584549 0.1874560 0.0709212 0.0146620 0.1641030 0.0417060 0.1858085 0.1327800 0.1679558 
S0641       0.6948981 0.4227738 0.5847842 0.1306580 0.0630231 0.0456285 0.0494008 0.1730726 0.1841286 0.1690865 0.0439563 0.2031717 0.1465514 0.0439563 0.1922557 0.2108557 0.1981811 0.1689549 0.1446985 0.1261675 0.0811917 0.0572039 0.1697874 0.1287670 0.1617560 0.1927308 0.0935502 0.1845027 0.1500585 0.1252448 0.1257518 0.1689549 0.0000000 0.1931669 0.1234851 0.0498125 0.1506786 0.2032098 0.2877072 0.1248864 0.0438308 0.1716584 0.0505917 0.1716584 0.1831331 0.1664490 0.1472619 0.1873082 0.1750017 0.1662428 0.1411597 0.1790122 0.1442831 0.1794072 0.1534232 0.1424442 0.1702030 0.1629017 0.2132460 0.2271957 0.2120366 0.1323148 0.1585975 0.1758228 0.1502907 0.0738044 0.1330447 0.2558763 0.0498125 0.0492658 0.1225925 0.1617560 0.1791105 0.1594744 0.1436394 0.1954922 0.1954922 0.2374753 0.1007674 0.1814996 0.0449752 0.0561908 0.1533605 0.0623323 0.1937346 0.1003345 0.1396627 0.0326546 0.1826051 0.1770962 0.1922485 0.1791105 0.0499539 0.1749458 0.0266471 
S0645sl     0.7019197 0.3166217 0.4594022 0.1155341 0.0442942 0.2676578 0.1952745 0.0830044 0.0248275 0.1230274 0.2022835 0.0410705 0.1276631 0.2022835 0.0251689 0.2100196 0.0358863 0.0146911 0.1673425 0.3043348 0.2007773 0.2055318 0.0353825 0.1853699 0.0197513 0.0967979 0.2410641 0.0472279 0.1093326 0.2180031 0.1863001 0.0146911 0.1931669 0.0000000 0.1267579 0.1944628 0.1052350 0.2023314 0.1931797 0.1586743 0.1919295 0.0824200 0.2143958 0.0824200 0.0899620 0.1370432 0.1036501 0.1959286 0.0750411 0.0518126 0.1083034 0.2005455 0.1040192 0.1331366 0.1109029 0.1158843 0.1428286 0.1452160 0.1842019 0.1309265 0.1952465 0.1048971 0.1300370 0.1523492 0.0899610 0.2278573 0.1080414 0.1589031 0.1944628 0.2169040 0.0846516 0.0197513 0.0589150 0.0690227 0.1414444 0.2108167 0.2108167 0.2188377 0.1935361 0.1009980 0.2076478 0.2070228 0.0878806 0.2212984 0.0350419 0.0120003 0.0764291 0.2129509 0.0897464 0.0300747 0.1887367 0.0589150 0.2110847 0.1554462 0.1920098 
S0689       0.5651723 0.3960282 0.5592536 0.0994665 0.0961983 0.0987712 0.1134423 0.1126396 0.1065329 0.1220747 0.1169800 0.1213338 0.1189236 0.1169800 0.1240475 0.1738810 0.1296770 0.1065329 0.1282965 0.1839815 0.1398721 0.1238329 0.1198967 0.1286173 0.1003513 0.1364224 0.1699309 0.1371780 0.1048174 0.1389863 0.1393240 0.1065329 0.1234851 0.1267579 0.0000000 0.1100125 0.1248088 0.1664880 0.2190519 0.1336706 0.1225510 0.1193514 0.1263394 0.1193514 0.1284651 0.1188130 0.1221172 0.1440296 0.1035397 0.1073070 0.1061647 0.1512594 0.0994296 0.1286196 0.1128279 0.1114050 0.0911346 0.1536080 0.1745202 0.1308362 0.1378417 0.1017016 0.1119731 0.1337685 0.1126775 0.1420976 0.0989073 0.2025121 0.1100125 0.1164636 0.1018591 0.1003513 0.1038495 0.1140506 0.0915980 0.1681188 0.1681188 0.1739081 0.1432569 0.1184365 0.1199903 0.1225135 0.1175207 0.1358310 0.1061854 0.0812937 0.1050612 0.1257547 0.1281304 0.1263191 0.1808285 0.1038495 0.1245003 0.1563558 0.1087790 
S0690       0.6887335 0.3872104 0.5545716 0.1107870 0.0619413 0.0270247 0.0679781 0.1582844 0.1853268 0.1614193 0.0050586 0.2045826 0.1410617 0.0050586 0.1935850 0.1967533 0.1995582 0.1700088 0.1528359 0.1423430 0.0820878 0.0157445 0.1860358 0.1232618 0.1627451 0.1773449 0.1089619 0.1857538 0.1508403 0.1265621 0.1187303 0.1700088 0.0498125 0.1944628 0.1100125 0.0000000 0.1539104 0.1891836 0.2789597 0.1254760 0.0263174 0.1569912 0.0103307 0.1569912 0.1680150 0.1516838 0.1503417 0.1724358 0.1534837 0.1466016 0.1270397 0.1734919 0.1526172 0.1804515 0.1542468 0.1585594 0.1558527 0.1638083 0.2245470 0.2089725 0.1973833 0.1329895 0.1594474 0.1766795 0.1358453 0.0938106 0.1336944 0.2588287 0.0000010 0.0379013 0.1157818 0.1627451 0.1586675 0.1397898 0.1283741 0.1815450 0.1815450 0.2220504 0.1087109 0.1659790 0.0159542 0.0754503 0.1309338 0.0950081 0.1863025 0.0993767 0.1257104 0.0376638 0.1675328 0.1935741 0.1934294 0.1586675 0.0102133 0.1759739 0.0207916 
S0720       0.6843003 0.4802766 0.5210766 0.0551998 0.0603016 0.1379577 0.1475605 0.0265497 0.1052929 0.0505034 0.1460793 0.1206194 0.0613272 0.1460793 0.0925587 0.1928325 0.1057363 0.0921735 0.1010736 0.1524745 0.1369697 0.1577526 0.1057159 0.1203636 0.0929359 0.0381891 0.1865049 0.1166576 0.0680027 0.1664296 0.1615564 0.0921735 0.1506786 0.1052350 0.1248088 0.1539104 0.0000000 0.1848511 0.2209132 0.1215577 0.1365819 0.0263685 0.1569729 0.0263685 0.0323447 0.0939782 0.0050983 0.1340779 0.1294290 0.1052317 0.0737689 0.1478285 0.0686957 0.0893640 0.0816407 0.0618721 0.1503521 0.0621415 0.1789802 0.1556282 0.1232473 0.0615921 0.0745773 0.0877866 0.0810479 0.1794430 0.0683156 0.1746608 0.1539104 0.1675706 0.0495956 0.0929359 0.1293828 0.0989628 0.1087954 0.1936248 0.1936248 0.1430102 0.1430448 0.0711581 0.1501059 0.1481407 0.0796232 0.1660571 0.0934782 0.0644742 0.0606527 0.1628366 0.0263685 0.0989337 0.0967628 0.1293828 0.1544974 0.0694806 0.1521196 
S0724sl     0.8270550 0.5243627 0.5915917 0.1604788 0.1357143 0.1904402 0.1883002 0.1889215 0.1929378 0.1633984 0.1970563 0.1965757 0.1942413 0.1970563 0.2016985 0.0247523 0.2145125 0.1772954 0.1955331 0.2286880 0.2182692 0.2102805 0.2097961 0.2110661 0.1853468 0.2096555 0.2437555 0.2104607 0.1880343 0.2334737 0.1521211 0.1772954 0.2032098 0.2023314 0.1664880 0.1891836 0.1848511 0.0000000 0.2154085 0.1743280 0.2047993 0.1873483 0.1952021 0.1873483 0.1995483 0.2230381 0.1804154 0.1160585 0.2018539 0.1751498 0.1645904 0.1026434 0.1808090 0.1898154 0.2082162 0.1962116 0.2010633 0.2314930 0.2518509 0.1883003 0.1115655 0.1871117 0.2144194 0.2159989 0.1985474 0.2370133 0.1787627 0.2373080 0.1891836 0.2024211 0.1589404 0.1853468 0.1962574 0.1762300 0.1044310 0.0147095 0.0147095 0.1146266 0.2166552 0.1779712 0.2023453 0.1836504 0.2003434 0.2404982 0.1409026 0.1795061 0.1696713 0.2070192 0.1989582 0.2013761 0.2738311 0.1962574 0.2058963 0.2408571 0.1869974 
S0735       0.6583012 0.4264466 0.5020448 0.1904725 0.1510218 0.2667282 0.2238571 0.1949254 0.1914911 0.1977067 0.2789597 0.1859944 0.2421681 0.2789597 0.1974331 0.2045680 0.1836789 0.1728636 0.2648228 0.3157524 0.2695311 0.2853347 0.1653083 0.2509720 0.1748489 0.1945141 0.2883043 0.2107461 0.2349954 0.3177551 0.2285594 0.1728636 0.2877072 0.1931797 0.2190519 0.2789597 0.2209132 0.2154085 0.0000000 0.2563325 0.2533340 0.1930610 0.2753649 0.1930610 0.2073432 0.2260098 0.2209132 0.1645897 0.2079490 0.1615310 0.2157253 0.1658031 0.2384301 0.2779768 0.2498310 0.2349954 0.2779617 0.2318231 0.0716723 0.2510143 0.1734522 0.2146395 0.2260098 0.2707327 0.1960868 0.2669401 0.1896071 0.0431983 0.2789597 0.2852041 0.1902377 0.1748489 0.2059114 0.1535928 0.1575671 0.2259618 0.2259618 0.1754435 0.2731410 0.2341609 0.2887160 0.2399747 0.1912073 0.2616806 0.1679202 0.1555958 0.1927028 0.2834817 0.2066351 0.1741544 0.2988755 0.2059114 0.2808345 0.2487014 0.2746965 
S0742       0.5415578 0.3794716 0.5061734 0.0825356 0.1008463 0.1219901 0.1218793 0.1096624 0.1505054 0.1120830 0.1327069 0.1557207 0.1023921 0.1327069 0.1567543 0.1817745 0.1625794 0.1364451 0.1329373 0.1174067 0.1049276 0.1433589 0.1510828 0.0914666 0.1297473 0.1257536 0.1080296 0.1582556 0.1091376 0.1080005 0.0964846 0.1364451 0.1248864 0.1586743 0.1336706 0.1254760 0.1215577 0.1743280 0.2563325 0.0000000 0.1239193 0.1088186 0.1348497 0.1088186 0.1178126 0.1237560 0.1188690 0.1215780 0.1607383 0.1531989 0.0955495 0.1186966 0.1018810 0.1060049 0.1093877 0.1160548 0.1361974 0.1131278 0.2257275 0.1781240 0.1308181 0.0784227 0.1027373 0.1310694 0.1032776 0.1291191 0.0754075 0.2413108 0.1254760 0.1466532 0.0913243 0.1297473 0.1655788 0.1322606 0.1061975 0.1824909 0.1824909 0.1502029 0.1015772 0.0985964 0.1361926 0.1382495 0.1071336 0.1309360 0.1709848 0.0829478 0.1020298 0.1418808 0.1175002 0.1437676 0.1561352 0.1655788 0.1405712 0.1228401 0.1241293 
S0756       0.6836444 0.3956843 0.5514676 0.1094457 0.0448560 0.0272825 0.0552529 0.1561961 0.1829508 0.1677120 0.0209055 0.1860694 0.1541556 0.0209055 0.1909835 0.1962575 0.1968883 0.1678648 0.1591033 0.1702959 0.0818839 0.0325775 0.1836437 0.1217648 0.1607079 0.1749117 0.1086553 0.1832747 0.1488643 0.1328565 0.1331123 0.1678648 0.0438308 0.1919295 0.1225510 0.0263174 0.1365819 0.2047993 0.2533340 0.1239193 0.0000000 0.1549366 0.0267033 0.1549366 0.1657493 0.1496860 0.1335109 0.1610221 0.1656916 0.1590270 0.1254402 0.1649773 0.1505934 0.1779319 0.1521779 0.1413122 0.1690560 0.1458295 0.1891585 0.2152061 0.1870103 0.1312325 0.1573291 0.1583022 0.1340958 0.0927406 0.1320039 0.2302429 0.0263174 0.0434980 0.1071503 0.1607079 0.1715568 0.1381025 0.1342476 0.1970123 0.1970123 0.2106473 0.1074245 0.1636814 0.0213673 0.0622299 0.1293137 0.0810191 0.2155546 0.0658091 0.1241459 0.0319671 0.1652804 0.1910694 0.1668732 0.1715568 0.0209871 0.1570863 0.0260997 
