101
CRNC          0.0000000 0.2624835 0.3010648 0.5254323 0.4412928 0.4582626 0.4228572 0.4141412 0.4531109 0.4334731 0.4685174 0.4542093 0.4670312 0.4556095 0.5621635 0.5761321 0.4339092 0.5900173 0.4482017 0.4885670 0.5397457 0.4459940 0.4409288 0.4339149 0.4622176 0.4300375 0.4550773 0.5569840 0.4385354 0.4984818 0.4837019 0.4537927 0.4862592 0.4511563 0.4770061 0.4455508 0.5657880 0.4569758 0.4766647 0.5570743 0.4537796 0.4840244 0.4329540 0.4373777 0.4399931 0.4816819 0.4537261 0.4658081 0.5660170 0.4496708 0.4551666 0.4397434 0.4056826 0.5474589 0.4814894 0.4549353 0.4970371 0.4539313 0.4232978 0.4730085 0.4583398 0.5370285 0.5392524 0.4899755 0.4911007 0.4756015 0.4332277 0.4676117 0.4557221 0.4912176 0.4726434 0.5986432 0.4697294 0.4868568 0.4688573 0.4478950 0.4591236 0.4524051 0.4375818 0.5635274 0.4258466 0.4758179 0.4672292 0.5595402 0.5816807 0.5724566 0.5235578 0.4641260 0.4481096 0.5043364 0.4268975 0.4713436 0.4631874 0.4670340 0.4309550 0.4311481 0.4632053 0.4254945 0.4565170 0.4351818 0.4721790 
HYZL          0.2624835 0.0000000 0.0959960 0.4326853 0.4464453 0.3957693 0.3610211 0.3707751 0.3974198 0.3739960 0.3893871 0.4136523 0.3873596 0.4164591 0.4800427 0.5326937 0.3868915 0.4776038 0.3899961 0.4432983 0.4925949 0.4120878 0.3894066 0.4086356 0.3851772 0.3836957 0.4123756 0.4839426 0.3944888 0.3962674 0.4263471 0.3989476 0.3998261 0.3858009 0.4279448 0.3932164 0.4897933 0.3964604 0.4253410 0.4890740 0.3875480 0.4015161 0.3769650 0.3881671 0.3832805 0.4104512 0.4076526 0.4025687 0.5186806 0.3827533 0.4140848 0.4045904 0.3658867 0.5004923 0.4082184 0.3885977 0.4003701 0.3689715 0.3671531 0.4114267 0.4008333 0.4285672 0.4784549 0.4238544 0.4224348 0.4129332 0.3821854 0.4052162 0.3906385 0.4122108 0.4201420 0.5130947 0.3988460 0.4372535 0.4104385 0.3719501 0.3981827 0.3852624 0.3765590 0.4728580 0.3696852 0.3889125 0.4371913 0.4850231 0.5047482 0.5193506 0.5059337 0.4231007 0.3816071 0.4605623 0.3838678 0.4027408 0.4136280 0.4029149 0.3880761 0.3886006 0.4028270 0.3691767 0.3895449 0.3778942 0.3983899 
MYZV          0.3010648 0.0959960 0.0000000 0.4870743 0.4744205 0.4418213 0.4143959 0.4322172 0.4543809 0.4374796 0.4455309 0.4622749 0.4449404 0.4629255 0.5123991 0.5520062 0.4420450 0.5097231 0.4478931 0.4832150 0.5205139 0.4633823 0.4477226 0.4533335 0.4363141 0.4466993 0.4672958 0.5235315 0.4398411 0.4206981 0.4766657 0.4585781 0.4569674 0.4410591 0.4711987 0.4413369 0.5197138 0.4543870 0.4738337 0.5225047 0.4357235 0.4337525 0.4387839 0.4517807 0.4461739 0.4324050 0.4583834 0.4750391 0.5407690 0.4404540 0.4859019 0.4694665 0.4091641 0.5364835 0.4368088 0.4104917 0.4362778 0.3987209 0.4269068 0.4754942 0.4369220 0.4644879 0.4939053 0.4659261 0.4609419 0.4725136 0.4448347 0.4631290 0.4208858 0.4426228 0.4662930 0.5617584 0.4742338 0.4771285 0.4690746 0.4284043 0.4549170 0.4442849 0.4374560 0.5048048 0.4360130 0.4501627 0.4663606 0.5173054 0.5375823 0.5483402 0.5285400 0.4609462 0.4499119 0.4967022 0.4321541 0.4407712 0.4551429 0.4556710 0.4395690 0.4489913 0.4559661 0.4291805 0.4424966 0.4311842 0.4637719 
SRR6441723    0.5254323 0.4326853 0.4870743 0.0000000 0.0691595 0.1212308 0.2410053 0.0993521 0.1064717 0.1079297 0.1008448 0.0627976 0.1199572 0.1137060 0.1709828 0.1908447 0.1073822 0.1809814 0.0974894 0.0636456 0.1170779 0.1221648 0.1335164 0.1153740 0.0929973 0.0937430 0.1235327 0.1832013 0.0989193 0.0857295 0.1044637 0.1009980 0.1009472 0.0865364 0.1132956 0.1038985 0.1806962 0.1451286 0.1186792 0.1750094 0.1091840 0.0842784 0.0975966 0.0994058 0.0946446 0.0955496 0.1162521 0.1084720 0.1720688 0.0851398 0.1062827 0.0696550 0.1010946 0.1798924 0.0908126 0.0816254 0.0935753 0.0961200 0.0965382 0.1310162 0.1164173 0.1760885 0.1759020 0.0884778 0.0854415 0.1379957 0.0921633 0.1320744 0.1051638 0.0863882 0.0624086 0.2000631 0.1040523 0.0806860 0.1358766 0.0839921 0.0970327 0.0867408 0.0977624 0.1707983 0.1055011 0.1015302 0.1373846 0.2060828 0.1918230 0.1767945 0.1156372 0.0608995 0.0969844 0.0983440 0.1021144 0.0691100 0.0612068 0.1205378 0.1008999 0.0963299 0.1020432 0.0952588 0.0892924 0.0951760 0.0966051 
ERR4210213    0.4412928 0.4464453 0.4744205 0.0691595 0.0000000 0.1280420 0.2298682 0.1068979 0.1073011 0.1180408 0.1145694 0.0698395 0.1179166 0.1136476 0.1988663 0.2186781 0.1121298 0.2208584 0.0921851 0.0343413 0.0949649 0.1201221 0.1219788 0.1118882 0.1041327 0.0969471 0.0890439 0.2021322 0.1127229 0.0863504 0.1135154 0.0989625 0.1099468 0.0971177 0.1178873 0.1108995 0.2040227 0.1433183 0.1357193 0.2040839 0.1148667 0.0860460 0.1095446 0.1073076 0.1014648 0.1061959 0.1206406 0.1119981 0.1975867 0.0942829 0.1140778 0.0690161 0.0996199 0.1887947 0.0931021 0.0793264 0.1031924 0.0899322 0.0937666 0.1392715 0.1008037 0.2418611 0.1886317 0.0867274 0.0858503 0.1313917 0.1016850 0.1398745 0.1167599 0.0861034 0.0705487 0.2744923 0.1167814 0.0937371 0.1424265 0.0981106 0.0894201 0.0946936 0.0944926 0.2047111 0.1164718 0.1134156 0.1519789 0.2187979 0.2191315 0.2045008 0.1078642 0.0714504 0.0958113 0.1002039 0.1091181 0.0796758 0.0715536 0.1182909 0.0920627 0.1046092 0.1099311 0.0914050 0.0944321 0.0914910 0.1004443 
ERR2789774    0.4582626 0.3957693 0.4418213 0.1212308 0.1280420 0.0000000 0.2269961 0.0976184 0.1023070 0.1018203 0.0900998 0.1087395 0.0532460 0.1032441 0.1622315 0.1928441 0.0971301 0.1675552 0.0945766 0.1247587 0.1654614 0.1089607 0.1236974 0.1039369 0.0904607 0.0934493 0.1344118 0.1754610 0.0982004 0.1051477 0.1075658 0.0418469 0.0964569 0.0846389 0.1115842 0.1025109 0.1716886 0.1394681 0.1089332 0.1695163 0.1167478 0.1033332 0.0905292 0.0978354 0.0960388 0.1113280 0.1131248 0.1043505 0.1772464 0.0818549 0.1090475 0.0990063 0.0966278 0.1776841 0.1033338 0.0907606 0.1159409 0.1182023 0.0917458 0.1303775 0.1250346 0.1838029 0.1735616 0.1111034 0.1079722 0.1358817 0.0956582 0.1325330 0.1145371 0.1157930 0.1086795 0.2088945 0.0750531 0.1232320 0.1367761 0.1172419 0.0965607 0.0848601 0.0984409 0.1637249 0.1031940 0.0990934 0.1397658 0.1968388 0.1830978 0.1855415 0.1702299 0.1134407 0.0456313 0.1354426 0.0932854 0.1089192 0.1109341 0.1187609 0.0500845 0.0947505 0.1023478 0.0904605 0.0859843 0.0878726 0.0536879 
PAFTOL_019361 0.4228572 0.3610211 0.4143959 0.2410053 0.2298682 0.2269961 0.0000000 0.1958118 0.2041899 0.1971125 0.1946669 0.2144020 0.2326447 0.2118510 0.2731017 0.2998709 0.2089933 0.2810839 0.2045030 0.2361347 0.2806860 0.2434957 0.2240535 0.2404003 0.1993588 0.1871702 0.2616709 0.2726045 0.2008721 0.2126160 0.2189763 0.2170681 0.2026215 0.1949093 0.2194047 0.2029548 0.2752067 0.2464392 0.2269798 0.2740536 0.2305229 0.2174242 0.1916695 0.1928838 0.1904296 0.2109705 0.2146637 0.2103734 0.2841061 0.1929192 0.2173999 0.2006215 0.2095025 0.2805605 0.2170435 0.1973706 0.2308343 0.2271373 0.2015828 0.2210736 0.2331505 0.3063140 0.2652391 0.2251448 0.2265620 0.2414902 0.1865086 0.2362095 0.2256687 0.2301206 0.2242031 0.3172975 0.2213335 0.2414865 0.2454305 0.2259255 0.2015529 0.1973839 0.2134468 0.2723210 0.2066009 0.2036946 0.2226585 0.3015583 0.2915333 0.2755847 0.2874614 0.2190307 0.2148487 0.2577521 0.2075057 0.2044497 0.2334895 0.2157649 0.2188326 0.1922317 0.2044088 0.2031317 0.1987540 0.2135323 0.2098545 
S0196sl       0.4141412 0.3707751 0.4322172 0.0993521 0.1068979 0.0976184 0.1958118 0.0000000 0.0702639 0.0449543 0.0661975 0.0767246 0.0880788 0.0854156 0.1074680 0.1437819 0.0740865 0.1161017 0.0653175 0.0998240 0.1422100 0.1042082 0.0833876 0.0842861 0.0652213 0.0111270 0.0899331 0.1192774 0.0640528 0.0794731 0.0750788 0.0710023 0.0760487 0.0604843 0.0817228 0.0307727 0.1205489 0.1028269 0.0823378 0.1155595 0.0824391 0.0777058 0.0131832 0.0132613 0.0111356 0.0833559 0.0393176 0.0706242 0.1316548 0.0579345 0.0701192 0.0659234 0.0641025 0.1168937 0.0816447 0.0756238 0.0890700 0.0865545 0.0437229 0.0954633 0.0842515 0.1409948 0.1296127 0.0767897 0.0779664 0.1090021 0.0110950 0.1032281 0.0725043 0.0844955 0.0904814 0.1682775 0.0967618 0.1012907 0.1099173 0.0775609 0.0749115 0.0606415 0.0695534 0.1102417 0.0665138 0.0632436 0.0859487 0.1351893 0.1326403 0.1386287 0.1460293 0.0838902 0.0682279 0.1146941 0.0626478 0.0784318 0.0867416 0.0835515 0.0792933 0.0153068 0.0685311 0.0425975 0.0617238 0.0414405 0.0674442 
S0278         0.4531109 0.3974198 0.4543809 0.1064717 0.1073011 0.1023070 0.2041899 0.0702639 0.0000000 0.0986322 0.0254954 0.0910595 0.0867913 0.0300562 0.1451391 0.1602234 0.0278513 0.1497432 0.0278798 0.1059150 0.1544059 0.1159500 0.0545413 0.0947197 0.0214257 0.0661636 0.0734315 0.1539450 0.0380208 0.0797371 0.0333690 0.0750778 0.0298186 0.0290694 0.0883133 0.0842649 0.1520156 0.1200347 0.0902922 0.1478130 0.0926951 0.0811222 0.0697783 0.0713531 0.0674409 0.0840674 0.0936785 0.0578212 0.1432660 0.0268326 0.0597442 0.0774506 0.0404428 0.1501106 0.0888623 0.0791637 0.0964469 0.0944481 0.0918503 0.1028332 0.0956308 0.1557123 0.1457724 0.0875653 0.0902917 0.1143068 0.0683097 0.1079850 0.0484600 0.0945611 0.0945317 0.1756542 0.1062681 0.1123028 0.1116590 0.0969032 0.0320981 0.0291442 0.0381616 0.1444003 0.0554667 0.0162185 0.1085688 0.1752719 0.1651866 0.1491801 0.1618522 0.0927391 0.0745951 0.1219063 0.0530291 0.0909779 0.0950711 0.0448170 0.0833430 0.0722114 0.0378063 0.0905769 0.0301723 0.0883388 0.0789972 
S0281         0.4334731 0.3739960 0.4374796 0.1079297 0.1180408 0.1018203 0.1971125 0.0449543 0.0986322 0.0000000 0.0889870 0.0786186 0.0935582 0.1069626 0.1275651 0.1682722 0.0948608 0.1372432 0.0881671 0.1039816 0.1536438 0.1170848 0.1135727 0.1083416 0.0829716 0.0469989 0.1208780 0.1434074 0.0856231 0.0829276 0.0958486 0.0829749 0.0968066 0.0830215 0.1064543 0.0537671 0.1432492 0.1224535 0.1042923 0.1393166 0.1065904 0.0772281 0.0492644 0.0484036 0.0470346 0.0931047 0.0614630 0.0952246 0.1622420 0.0802605 0.0955992 0.0837033 0.0898851 0.1450583 0.0798700 0.0867221 0.0942146 0.0909099 0.0472893 0.1076056 0.1184712 0.1600883 0.1601946 0.0883911 0.0869747 0.1230810 0.0468572 0.1101750 0.1004171 0.0886713 0.0972853 0.1868417 0.1026554 0.1062564 0.1186415 0.0948459 0.0956363 0.0832377 0.0954841 0.1294391 0.0918319 0.0901478 0.1144157 0.1673669 0.1575434 0.1692585 0.1561286 0.0894928 0.0800318 0.1138732 0.0860393 0.0811431 0.0907803 0.1169606 0.0853269 0.0481440 0.0881812 0.0461515 0.0843562 0.0534432 0.0800649 
S0289         0.4685174 0.3893871 0.4455309 0.1008448 0.1145694 0.0900998 0.1946669 0.0661975 0.0254954 0.0889870 0.0000000 0.0840518 0.0800351 0.0364394 0.1396966 0.1547012 0.0277735 0.1442404 0.0256637 0.1014550 0.1599458 0.1157008 0.0484358 0.0861454 0.0181909 0.0611573 0.0703963 0.1515082 0.0367598 0.0770340 0.0320877 0.0686641 0.0264802 0.0257062 0.0855969 0.0762465 0.1484851 0.1152988 0.0820999 0.1429993 0.0885926 0.0767365 0.0647161 0.0649424 0.0624107 0.0834273 0.0867351 0.0576439 0.1416566 0.0235098 0.0607556 0.0708666 0.0364404 0.1441921 0.0843410 0.0750080 0.0909787 0.0914655 0.0824091 0.1012545 0.0952815 0.1473327 0.1482183 0.0821942 0.0848726 0.1153025 0.0632871 0.1074521 0.0498627 0.0890625 0.0892223 0.1695399 0.0992502 0.1088509 0.1111072 0.0949609 0.0287151 0.0257720 0.0368238 0.1389398 0.0541412 0.0235704 0.0988094 0.1714819 0.1615098 0.1446648 0.1609056 0.0873585 0.0693844 0.1197051 0.0470235 0.0881850 0.0925233 0.0412194 0.0741053 0.0671104 0.0301052 0.0811683 0.0267914 0.0815151 0.0713562 
S0292         0.4542093 0.4136523 0.4622749 0.0627976 0.0698395 0.1087395 0.2144020 0.0767246 0.0910595 0.0786186 0.0840518 0.0000000 0.1008855 0.0965373 0.1472391 0.1769523 0.0874423 0.1629519 0.0771249 0.0665172 0.1190491 0.1075210 0.1072332 0.0956804 0.0768066 0.0715425 0.1139171 0.1697779 0.0821965 0.0696221 0.0907197 0.0869744 0.0916822 0.0745141 0.0974459 0.0767392 0.1677727 0.1242465 0.0995297 0.1633638 0.0928317 0.0654362 0.0751693 0.0767730 0.0739615 0.0857816 0.0893241 0.0980414 0.1597319 0.0718198 0.1022580 0.0651253 0.0819236 0.1624741 0.0704812 0.0725895 0.0768400 0.0773610 0.0745195 0.1163611 0.1012965 0.1551932 0.1579740 0.0715009 0.0728258 0.1218648 0.0736777 0.1148901 0.0857484 0.0735703 0.0572873 0.1765215 0.1005432 0.0535885 0.1218032 0.0732236 0.0792300 0.0747090 0.0853993 0.1546962 0.0989885 0.0847041 0.1218196 0.1905831 0.1775484 0.1645036 0.1129844 0.0183696 0.0868546 0.0651583 0.0889100 0.0294106 0.0282171 0.1047652 0.0914758 0.0762625 0.0813873 0.0733069 0.0758185 0.0761221 0.0869010 
S0293         0.4670312 0.3873596 0.4449404 0.1199572 0.1179166 0.0532460 0.2326447 0.0880788 0.0867913 0.0935582 0.0800351 0.1008855 0.0000000 0.0935649 0.1470867 0.1910871 0.0809046 0.1562937 0.0806722 0.1160465 0.1604597 0.1071601 0.1121625 0.0905741 0.0778817 0.0866913 0.1208189 0.1612828 0.0912042 0.0996527 0.0952666 0.0264238 0.0866353 0.0766017 0.1039913 0.0969787 0.1613525 0.1299981 0.0999370 0.1523802 0.1162021 0.0978041 0.0852141 0.0910294 0.0892706 0.1045476 0.1055131 0.0960711 0.1706083 0.0738610 0.1033760 0.0899642 0.0838546 0.1704822 0.0993261 0.0894952 0.1106660 0.1125952 0.0878139 0.1263587 0.1219793 0.1727236 0.1755787 0.1077220 0.1061625 0.1280359 0.0889144 0.1251723 0.1015171 0.1070263 0.1050612 0.2006703 0.0645607 0.1226947 0.1323995 0.1068723 0.0895966 0.0768040 0.0889065 0.1503686 0.0978860 0.0862235 0.1312475 0.1821334 0.1686977 0.1773423 0.1603171 0.1025212 0.0289170 0.1340072 0.0825581 0.0997957 0.1046025 0.1052377 0.0421531 0.0905040 0.0924873 0.0865214 0.0779284 0.0843617 0.0424601 
S0299         0.4556095 0.4164591 0.4629255 0.1137060 0.1136476 0.1032441 0.2118510 0.0854156 0.0300562 0.1069626 0.0364394 0.0965373 0.0935649 0.0000000 0.1526523 0.1718780 0.0332967 0.1593010 0.0343860 0.1067702 0.1690749 0.1254111 0.0628382 0.1025486 0.0301417 0.0800252 0.0827533 0.1678259 0.0459473 0.0911670 0.0376950 0.0823703 0.0365776 0.0367457 0.0953657 0.0976428 0.1658162 0.1234203 0.0984803 0.1603331 0.1037449 0.0916410 0.0821883 0.0854675 0.0813598 0.0961502 0.1072307 0.0686079 0.1571246 0.0344407 0.0730406 0.0835399 0.0404652 0.1602736 0.0995859 0.0883494 0.1060963 0.1005693 0.1025713 0.1056486 0.1094390 0.1657030 0.1535695 0.0957144 0.0985088 0.1189218 0.0822012 0.1153070 0.0579607 0.0989138 0.1015287 0.1828593 0.1100762 0.1137373 0.1190299 0.1079708 0.0397200 0.0368400 0.0483499 0.1539226 0.0665551 0.0335895 0.1210287 0.1898589 0.1794297 0.1610162 0.1692842 0.0930316 0.0844578 0.1269644 0.0638075 0.1008581 0.1023151 0.0520724 0.0883354 0.0862947 0.0439896 0.1012667 0.0378767 0.1016971 0.0828115 
S0303         0.5621635 0.4800427 0.5123991 0.1709828 0.1988663 0.1622315 0.2731017 0.1074680 0.1451391 0.1275651 0.1396966 0.1472391 0.1470867 0.1526523 0.0000000 0.0890813 0.1456640 0.0163528 0.1388371 0.1582284 0.2083033 0.1752111 0.1644469 0.1535606 0.1387144 0.1084088 0.1484287 0.0096203 0.1420662 0.1448771 0.1439444 0.1339690 0.1477382 0.1320353 0.1389844 0.1148405 0.0096501 0.1838361 0.1451417 0.0106968 0.1586122 0.1442087 0.1099651 0.1049746 0.1084996 0.1573265 0.1209596 0.1356771 0.1071106 0.1284620 0.1480709 0.1386774 0.1390804 0.0612480 0.1479903 0.1364276 0.1546832 0.1566494 0.1265890 0.1684337 0.1689873 0.1153525 0.0949738 0.1442716 0.1490489 0.1736483 0.1080213 0.1763099 0.1569912 0.1529976 0.1633120 0.1254864 0.1504137 0.1730166 0.1834876 0.1466842 0.1428346 0.1307906 0.1465604 0.0086487 0.1313195 0.1376809 0.0730307 0.0230583 0.0173836 0.1061360 0.2127367 0.1518670 0.1280940 0.1888630 0.1319938 0.1502700 0.1511856 0.1779601 0.1382798 0.1050644 0.1277495 0.1250769 0.1285789 0.1205919 0.1351799 
S0308         0.5761321 0.5326937 0.5520062 0.1908447 0.2186781 0.1928441 0.2998709 0.1437819 0.1602234 0.1682722 0.1547012 0.1769523 0.1910871 0.1718780 0.0890813 0.0000000 0.1661507 0.0988422 0.1583458 0.1926182 0.2517909 0.2286119 0.1877076 0.1960865 0.1543799 0.1445471 0.1927586 0.0956341 0.1593317 0.1869976 0.1661223 0.1744340 0.1590268 0.1476091 0.1746148 0.1423660 0.0959462 0.2171477 0.1779326 0.0931352 0.1963623 0.1775473 0.1447885 0.1462751 0.1414778 0.1844784 0.1500909 0.1690258 0.1296576 0.1463082 0.1755429 0.1740164 0.1502252 0.0987903 0.1818498 0.1711700 0.1909863 0.1919780 0.1637895 0.2001273 0.2088883 0.1244162 0.1266851 0.1793797 0.1776780 0.2176852 0.1440597 0.2090697 0.1673574 0.1862200 0.1946940 0.1350116 0.1866664 0.2065991 0.2138229 0.1883652 0.1576370 0.1501576 0.1667607 0.0889405 0.1630083 0.1633360 0.0979593 0.1123672 0.1020866 0.1240102 0.2553717 0.1757687 0.1722863 0.2220537 0.1557943 0.1719453 0.1790716 0.1941114 0.1781220 0.1429223 0.1381051 0.1622963 0.1514197 0.1607517 0.1739040 
S0320         0.4339092 0.3868915 0.4420450 0.1073822 0.1121298 0.0971301 0.2089933 0.0740865 0.0278513 0.0948608 0.0277735 0.0874423 0.0809046 0.0332967 0.1456640 0.1661507 0.0000000 0.1522519 0.0269310 0.1105973 0.1602072 0.1243265 0.0534904 0.0881742 0.0205041 0.0688819 0.0736704 0.1589886 0.0371063 0.0827065 0.0357639 0.0717938 0.0300094 0.0314390 0.0901902 0.0832876 0.1558964 0.1129728 0.0867864 0.1520519 0.0988134 0.0836803 0.0725325 0.0741356 0.0713166 0.0897151 0.0941744 0.0653665 0.1544405 0.0291679 0.0685185 0.0778288 0.0330233 0.1500193 0.0914672 0.0783558 0.0970486 0.0973310 0.0881367 0.0999375 0.1045175 0.1595248 0.1475672 0.0895415 0.0908358 0.1129787 0.0710399 0.1040760 0.0569731 0.0939179 0.0965666 0.1790998 0.1041195 0.1197868 0.1075804 0.1003199 0.0278934 0.0315202 0.0418157 0.1468740 0.0619256 0.0280854 0.1146761 0.1764299 0.1692615 0.1606039 0.1675879 0.0932902 0.0725552 0.1216202 0.0556964 0.0929791 0.0973693 0.0475164 0.0825553 0.0724911 0.0366286 0.0868719 0.0325568 0.0872442 0.0756920 
S0322         0.5900173 0.4776038 0.5097231 0.1809814 0.2208584 0.1675552 0.2810839 0.1161017 0.1497432 0.1372432 0.1442404 0.1629519 0.1562937 0.1593010 0.0163528 0.0988422 0.1522519 0.0000000 0.1453155 0.1712130 0.2183929 0.1852530 0.1721615 0.1630983 0.1432692 0.1174941 0.1596842 0.0152181 0.1466574 0.1518139 0.1496258 0.1426714 0.1492252 0.1365212 0.1524863 0.1256367 0.0107695 0.1865905 0.1614876 0.0163159 0.1586890 0.1511194 0.1191037 0.1139166 0.1155400 0.1662911 0.1316811 0.1364774 0.1196556 0.1329081 0.1462736 0.1501793 0.1472873 0.0669461 0.1549818 0.1461065 0.1613380 0.1603259 0.1374672 0.1735968 0.1743569 0.1303129 0.1007023 0.1563644 0.1592684 0.1833020 0.1170666 0.1815960 0.1657403 0.1651271 0.1769565 0.1385342 0.1660411 0.1854399 0.1889144 0.1544674 0.1509531 0.1352740 0.1476210 0.0153682 0.1301466 0.1464459 0.0830274 0.0266892 0.0232084 0.1216092 0.2277071 0.1633432 0.1367674 0.1988090 0.1335113 0.1617865 0.1639288 0.1808529 0.1461531 0.1175007 0.1434980 0.1359083 0.1330284 0.1312780 0.1438956 
S0327         0.4482017 0.3899961 0.4478931 0.0974894 0.0921851 0.0945766 0.2045030 0.0653175 0.0278798 0.0881671 0.0256637 0.0771249 0.0806722 0.0343860 0.1388371 0.1583458 0.0269310 0.1453155 0.0000000 0.1017399 0.1541164 0.1138256 0.0429661 0.0815378 0.0205319 0.0602677 0.0576814 0.1512538 0.0303237 0.0735522 0.0334722 0.0703555 0.0278491 0.0215867 0.0845230 0.0740376 0.1497033 0.1076905 0.0854274 0.1441634 0.0824653 0.0721847 0.0638360 0.0653634 0.0626472 0.0838986 0.0847294 0.0543150 0.1457833 0.0194148 0.0561691 0.0674185 0.0280900 0.1425016 0.0797495 0.0717611 0.0851402 0.0839606 0.0791279 0.0988395 0.0882085 0.1454657 0.1500527 0.0762266 0.0800482 0.1101941 0.0624061 0.1012218 0.0452262 0.0842938 0.0871775 0.1663564 0.0971055 0.1066958 0.1048591 0.0866974 0.0277410 0.0216423 0.0315433 0.1399793 0.0495690 0.0259412 0.1061696 0.1715027 0.1628461 0.1517860 0.1571250 0.0802385 0.0710991 0.1074649 0.0438330 0.0836746 0.0853351 0.0428754 0.0735379 0.0662365 0.0255234 0.0778889 0.0226625 0.0782243 0.0705592 
S0335         0.4885670 0.4432983 0.4832150 0.0636456 0.0343413 0.1247587 0.2361347 0.0998240 0.1059150 0.1039816 0.1014550 0.0665172 0.1160465 0.1067702 0.1582284 0.1926182 0.1105973 0.1712130 0.1017399 0.0000000 0.0977755 0.1233964 0.1328423 0.1107075 0.0976369 0.0941231 0.1355572 0.1766905 0.1074966 0.0874112 0.1036366 0.1025751 0.1015603 0.0948794 0.1137688 0.1040224 0.1784961 0.1498378 0.1201837 0.1724348 0.1200115 0.0924149 0.0980382 0.0984065 0.0950377 0.0963272 0.1151377 0.1131915 0.1620987 0.0919740 0.1111791 0.0765242 0.0995499 0.1731251 0.0939130 0.0919312 0.0982223 0.1012673 0.0957645 0.1353305 0.1198603 0.1654395 0.1853117 0.0911674 0.0894886 0.1394521 0.0963490 0.1426236 0.1095062 0.0930984 0.0715284 0.1882372 0.1046274 0.0772605 0.1465499 0.0885143 0.0986836 0.0951298 0.1066173 0.1587061 0.1145319 0.1063074 0.1413513 0.1992353 0.1851859 0.1704824 0.1046721 0.0642652 0.0995370 0.1025295 0.1094678 0.0707267 0.0684397 0.1216808 0.0890684 0.0964790 0.0958263 0.0944675 0.0948191 0.0961056 0.0999645 
S0345         0.5397457 0.4925949 0.5205139 0.1170779 0.0949649 0.1654614 0.2806860 0.1422100 0.1544059 0.1536438 0.1599458 0.1190491 0.1604597 0.1690749 0.2083033 0.2517909 0.1602072 0.2183929 0.1541164 0.0977755 0.0000000 0.1192924 0.1732485 0.1513782 0.1536301 0.1381401 0.1872544 0.2253601 0.1535749 0.1278065 0.1628156 0.1327624 0.1570376 0.1448438 0.1518781 0.1425083 0.2294162 0.1909475 0.1757912 0.2202667 0.1596382 0.1369905 0.1398251 0.1436288 0.1372874 0.1358623 0.1520950 0.1591334 0.2267851 0.1412416 0.1590605 0.1249129 0.1372822 0.2318423 0.1273897 0.1258378 0.1410360 0.1333399 0.1294020 0.1759038 0.1429295 0.2242000 0.2255127 0.1298059 0.1305174 0.1818734 0.1406182 0.1798388 0.1396620 0.1350674 0.1195035 0.2485767 0.1370676 0.1317925 0.1827375 0.1282597 0.1495168 0.1436201 0.1403462 0.2033716 0.1544107 0.1568200 0.1825216 0.2316515 0.2304584 0.2447137 0.0399160 0.1208307 0.1311900 0.1520507 0.1530793 0.1279091 0.1271767 0.1681062 0.1205097 0.1407755 0.1504234 0.1278964 0.1465813 0.1238273 0.1234395 
S0376         0.4459940 0.4120878 0.4633823 0.1221648 0.1201221 0.1089607 0.2434957 0.1042082 0.1159500 0.1170848 0.1157008 0.1075210 0.1071601 0.1254111 0.1752111 0.2286119 0.1243265 0.1852530 0.1138256 0.1233964 0.1192924 0.0000000 0.1153687 0.1051277 0.1116229 0.1061243 0.1357410 0.1979641 0.1147800 0.1005597 0.1279942 0.0903345 0.1198894 0.1047814 0.1173021 0.1114744 0.1935584 0.1249540 0.1271938 0.1894281 0.1184844 0.0996789 0.1032084 0.1107160 0.1070171 0.1100294 0.1185838 0.1268929 0.2005173 0.1017817 0.1251553 0.1057640 0.0968904 0.2001926 0.1026864 0.1024127 0.1096077 0.0964842 0.1055850 0.1386966 0.1151103 0.1760067 0.1989602 0.1054704 0.0996224 0.1417681 0.1083638 0.1368257 0.1102660 0.1187775 0.1075498 0.2193615 0.0925756 0.1291788 0.1407205 0.0995174 0.1142705 0.1050585 0.1039337 0.1753773 0.1173199 0.1196722 0.1547902 0.1960508 0.2037081 0.2120404 0.1172548 0.1114776 0.0899841 0.1279779 0.1106056 0.1160221 0.1120729 0.1137200 0.0744451 0.1074690 0.1141702 0.1042552 0.1062276 0.0976013 0.0880585 
S0407sl       0.4409288 0.3894066 0.4477226 0.1335164 0.1219788 0.1236974 0.2240535 0.0833876 0.0545413 0.1135727 0.0484358 0.1072332 0.1121625 0.0628382 0.1644469 0.1877076 0.0534904 0.1721615 0.0429661 0.1328423 0.1732485 0.1153687 0.0000000 0.0911183 0.0465259 0.0839136 0.0807903 0.1826568 0.0610954 0.1020392 0.0579325 0.0991609 0.0510242 0.0502623 0.1170386 0.0977656 0.1793639 0.1268698 0.1100069 0.1732158 0.1018058 0.1002703 0.0889593 0.0895053 0.0864722 0.1080238 0.1090357 0.0829464 0.1740908 0.0477857 0.0876200 0.1001812 0.0381398 0.1696982 0.1058075 0.0922338 0.1140077 0.0958441 0.1027613 0.1309427 0.0991505 0.1618199 0.1794108 0.1063783 0.1105337 0.1410307 0.0861284 0.1377824 0.0595280 0.1125534 0.1210463 0.1990362 0.1330122 0.1375018 0.1416808 0.0956698 0.0544062 0.0503941 0.0516377 0.1704582 0.0711351 0.0511611 0.1317031 0.1826994 0.1902102 0.1764224 0.1799256 0.1142253 0.1002577 0.1391827 0.0634427 0.1151677 0.1225744 0.0503472 0.0953079 0.0903350 0.0281258 0.1014384 0.0514710 0.1046319 0.1017757 
S0412sl       0.4339149 0.4086356 0.4533335 0.1153740 0.1118882 0.1039369 0.2404003 0.0842861 0.0947197 0.1083416 0.0861454 0.0956804 0.0905741 0.1025486 0.1535606 0.1960865 0.0881742 0.1630983 0.0815378 0.1107075 0.1513782 0.1051277 0.0911183 0.0000000 0.0857104 0.0863699 0.1066653 0.1710037 0.0804676 0.1058188 0.0991077 0.0814868 0.0915614 0.0772639 0.0757049 0.0974441 0.1717435 0.1179313 0.0598411 0.1634290 0.1010553 0.1013420 0.0902734 0.0920726 0.0889740 0.1062133 0.1088171 0.1001969 0.1738927 0.0744967 0.1024253 0.0828144 0.0691474 0.1790600 0.0991635 0.0949149 0.1141248 0.0928838 0.0993285 0.1324242 0.1015532 0.1563119 0.1873626 0.0998866 0.1053376 0.1361825 0.0886154 0.1304443 0.0924002 0.1097880 0.1057129 0.2084336 0.1046041 0.1268765 0.1345659 0.0843399 0.0897271 0.0774695 0.0763615 0.1535414 0.0855531 0.0911927 0.1347577 0.1680262 0.1786662 0.1762171 0.1643402 0.1045558 0.0811015 0.1344378 0.0849218 0.1027186 0.1064527 0.0907822 0.0706137 0.0874325 0.0838906 0.0980093 0.0786033 0.1014734 0.0757796 
S0417         0.4622176 0.3851772 0.4363141 0.0929973 0.1041327 0.0904607 0.1993588 0.0652213 0.0214257 0.0829716 0.0181909 0.0768066 0.0778817 0.0301417 0.1387144 0.1543799 0.0205041 0.1432692 0.0205319 0.0976369 0.1536301 0.1116229 0.0465259 0.0857104 0.0000000 0.0601799 0.0684623 0.1525278 0.0315126 0.0710975 0.0279630 0.0665592 0.0224157 0.0205788 0.0831616 0.0778683 0.1494805 0.1081931 0.0814275 0.1439457 0.0876160 0.0680754 0.0637425 0.0652671 0.0611287 0.0785198 0.0872023 0.0556665 0.1417042 0.0205276 0.0587946 0.0673106 0.0292886 0.1454032 0.0755240 0.0704904 0.0844728 0.0824285 0.0788993 0.0923023 0.0932557 0.1454850 0.1444264 0.0777559 0.0759884 0.1034774 0.0623153 0.1004586 0.0469089 0.0829681 0.0856601 0.1646010 0.0941546 0.1054621 0.1041102 0.0891943 0.0225638 0.0227745 0.0338135 0.1379507 0.0521169 0.0184435 0.1048559 0.1726728 0.1626147 0.1475885 0.1580032 0.0801070 0.0672588 0.1106752 0.0462654 0.0796944 0.0864899 0.0404117 0.0715935 0.0637066 0.0279879 0.0776643 0.0237990 0.0779979 0.0679018 
S0419         0.4300375 0.3836957 0.4466993 0.0937430 0.0969471 0.0934493 0.1871702 0.0111270 0.0661636 0.0469989 0.0611573 0.0715425 0.0866913 0.0800252 0.1084088 0.1445471 0.0688819 0.1174941 0.0602677 0.0941231 0.1381401 0.1061243 0.0839136 0.0863699 0.0601799 0.0000000 0.0874256 0.1201121 0.0611961 0.0776209 0.0698725 0.0696488 0.0719900 0.0555160 0.0762413 0.0328312 0.1213791 0.1076038 0.0769509 0.1163979 0.0790281 0.0747361 0.0079780 0.0080248 0.0059733 0.0814579 0.0401755 0.0703075 0.1310329 0.0530194 0.0661802 0.0622012 0.0658449 0.1201224 0.0797753 0.0738156 0.0862789 0.0884053 0.0423461 0.0912622 0.0871606 0.1416895 0.1304217 0.0714276 0.0725891 0.1056967 0.0059518 0.1000035 0.0676189 0.0844154 0.0862997 0.1690433 0.0940412 0.0981444 0.1066129 0.0821262 0.0697168 0.0556597 0.0669492 0.1111839 0.0656413 0.0582032 0.0854421 0.1415562 0.1334406 0.1366245 0.1416744 0.0786099 0.0668736 0.1100510 0.0629365 0.0731963 0.0813985 0.0867033 0.0771615 0.0100345 0.0641133 0.0412305 0.0567315 0.0400851 0.0662867 
S0428sl       0.4550773 0.4123756 0.4672958 0.1235327 0.0890439 0.1344118 0.2616709 0.0899331 0.0734315 0.1208780 0.0703963 0.1139171 0.1208189 0.0827533 0.1484287 0.1927586 0.0736704 0.1596842 0.0576814 0.1355572 0.1872544 0.1357410 0.0807903 0.1066653 0.0684623 0.0874256 0.0000000 0.1872543 0.0742726 0.1070704 0.0816717 0.1066261 0.0786141 0.0621325 0.1118198 0.1025140 0.1849445 0.1434150 0.1219845 0.1782640 0.1150107 0.1040012 0.0915500 0.0934585 0.0901769 0.1155569 0.1101232 0.0942652 0.1760384 0.0593551 0.1020201 0.0920316 0.0255412 0.1820098 0.1129085 0.1018990 0.1204278 0.1080286 0.1070511 0.1432585 0.1130822 0.1484065 0.1832330 0.1080061 0.1124836 0.1536396 0.0884328 0.1446472 0.0468758 0.1172297 0.1193289 0.1809444 0.1245378 0.1346815 0.1488577 0.1026041 0.0716656 0.0623074 0.0611068 0.1506095 0.0931435 0.0701218 0.1330462 0.1943245 0.2004642 0.1845804 0.1930599 0.1152994 0.1030960 0.1453461 0.0812285 0.1171273 0.1184694 0.0852911 0.1105782 0.0945931 0.0307191 0.1056208 0.0634820 0.1025679 0.0945262 
S0430         0.5569840 0.4839426 0.5235315 0.1832013 0.2021322 0.1754610 0.2726045 0.1192774 0.1539450 0.1434074 0.1515082 0.1697779 0.1612828 0.1678259 0.0096203 0.0956341 0.1589886 0.0152181 0.1512538 0.1766905 0.2253601 0.1979641 0.1826568 0.1710037 0.1525278 0.1201121 0.1872543 0.0000000 0.1541523 0.1620098 0.1603549 0.1486274 0.1561429 0.1432309 0.1542549 0.1289371 0.0078171 0.1929260 0.1642189 0.0087750 0.1802061 0.1577304 0.1215852 0.1168284 0.1202043 0.1651728 0.1394656 0.1439045 0.1172150 0.1398599 0.1529268 0.1528532 0.1454597 0.0614833 0.1631692 0.1471039 0.1711204 0.1733413 0.1404796 0.1784261 0.1839292 0.1260498 0.1024649 0.1575659 0.1637847 0.1912573 0.1197137 0.1857785 0.1570822 0.1751400 0.1820630 0.1314241 0.1658339 0.1941457 0.1940245 0.1627637 0.1583616 0.1436127 0.1569198 0.0086453 0.1394162 0.1537342 0.0850559 0.0158673 0.0108049 0.1189850 0.2339618 0.1718250 0.1432256 0.2075362 0.1438555 0.1641844 0.1688731 0.1864809 0.1516838 0.1185938 0.1381092 0.1390468 0.1418017 0.1346116 0.1497053 
S0478         0.4385354 0.3944888 0.4398411 0.0989193 0.1127229 0.0982004 0.2008721 0.0640528 0.0380208 0.0856231 0.0367598 0.0821965 0.0912042 0.0459473 0.1420662 0.1593317 0.0371063 0.1466574 0.0303237 0.1074966 0.1535749 0.1147800 0.0610954 0.0804676 0.0315126 0.0611961 0.0742726 0.1541523 0.0000000 0.0744702 0.0449522 0.0749284 0.0402302 0.0258653 0.0818408 0.0767630 0.1522164 0.1090551 0.0825495 0.1466372 0.0913825 0.0729261 0.0660601 0.0676032 0.0648673 0.0849441 0.0835055 0.0553940 0.1449176 0.0248114 0.0582203 0.0737541 0.0461054 0.1502933 0.0794741 0.0714383 0.0886592 0.0832527 0.0766376 0.0989381 0.0927647 0.1477296 0.1518689 0.0769534 0.0807617 0.1090653 0.0646178 0.1001015 0.0517718 0.0814317 0.0934761 0.1708451 0.1005998 0.1106586 0.1037419 0.0955866 0.0379688 0.0271101 0.0383179 0.1413137 0.0518576 0.0349172 0.1022082 0.1725346 0.1654317 0.1511852 0.1597712 0.0863793 0.0757213 0.1187475 0.0471973 0.0900477 0.0915480 0.0558508 0.0836841 0.0684695 0.0420628 0.0754052 0.0281401 0.0769062 0.0726367 
S0552sl       0.4984818 0.3962674 0.4206981 0.0857295 0.0863504 0.1051477 0.2126160 0.0794731 0.0797371 0.0829276 0.0770340 0.0696221 0.0996527 0.0911670 0.1448771 0.1869976 0.0827065 0.1518139 0.0735522 0.0874112 0.1278065 0.1005597 0.1020392 0.1058188 0.0710975 0.0776209 0.1070704 0.1620098 0.0744702 0.0000000 0.0850171 0.0857502 0.0872676 0.0682918 0.0991358 0.0896605 0.1600330 0.1109840 0.1134161 0.1557072 0.0943090 0.0237902 0.0799791 0.0830278 0.0801081 0.0498243 0.0977551 0.0917075 0.1598282 0.0656540 0.0923891 0.0713984 0.0813726 0.1616324 0.0237402 0.0414448 0.0216241 0.0302982 0.0745754 0.1033732 0.0935442 0.1457662 0.1719590 0.0485876 0.0451191 0.1108580 0.0797952 0.1006931 0.0874530 0.0439580 0.0832651 0.1726089 0.0970726 0.0881538 0.1043519 0.0847166 0.0766035 0.0671257 0.0775511 0.1420555 0.0910812 0.0814098 0.1244670 0.1837518 0.1734653 0.1658490 0.1296428 0.0738978 0.0867015 0.0897709 0.0865962 0.0735493 0.0740761 0.0975915 0.0880739 0.0813028 0.0793260 0.0733440 0.0670840 0.0736620 0.0852405 
S0624         0.4837019 0.4263471 0.4766657 0.1044637 0.1135154 0.1075658 0.2189763 0.0750788 0.0333690 0.0958486 0.0320877 0.0907197 0.0952666 0.0376950 0.1439444 0.1661223 0.0357639 0.1496258 0.0334722 0.1036366 0.1628156 0.1279942 0.0579325 0.0991077 0.0279630 0.0698725 0.0816717 0.1603549 0.0449522 0.0850171 0.0000000 0.0827594 0.0300259 0.0357714 0.0982696 0.0882555 0.1572550 0.1292067 0.0932173 0.1515816 0.1026251 0.0875314 0.0735212 0.0751280 0.0711648 0.0986888 0.0976576 0.0653227 0.1499383 0.0334669 0.0660267 0.0816785 0.0429639 0.1541349 0.0872079 0.0896064 0.0967222 0.1054468 0.0917439 0.1101911 0.1095949 0.1622717 0.1615842 0.0944560 0.0972438 0.1225855 0.0720261 0.1209433 0.0598785 0.1003660 0.1004132 0.1763061 0.1136302 0.1181038 0.1246949 0.1014904 0.0375665 0.0358636 0.0473797 0.1442842 0.0642801 0.0290924 0.1160408 0.1809025 0.1706456 0.1560137 0.1730881 0.0971942 0.0824479 0.1279790 0.0579728 0.0981225 0.1025253 0.0532853 0.0850166 0.0759779 0.0387712 0.0904722 0.0369031 0.0908582 0.0842661 
S0643         0.4537927 0.3989476 0.4585781 0.1009980 0.0989625 0.0418469 0.2170681 0.0710023 0.0750778 0.0829749 0.0686641 0.0869744 0.0264238 0.0823703 0.1339690 0.1744340 0.0717938 0.1426714 0.0703555 0.1025751 0.1327624 0.0903345 0.0991609 0.0814868 0.0665592 0.0696488 0.1066261 0.1486274 0.0749284 0.0857502 0.0827594 0.0000000 0.0750253 0.0612817 0.0883909 0.0803269 0.1486922 0.1221480 0.0873489 0.1432027 0.0958912 0.0856974 0.0697218 0.0736506 0.0720734 0.0904838 0.0885061 0.0782137 0.1546900 0.0587392 0.0851642 0.0794743 0.0677289 0.1574458 0.0882129 0.0763054 0.0962307 0.0994915 0.0693651 0.1093004 0.1023596 0.1553178 0.1594638 0.0923772 0.0909216 0.1142563 0.0717953 0.1099996 0.0811291 0.0916490 0.0894509 0.1783883 0.0539663 0.1074407 0.1168673 0.0973384 0.0748262 0.0614400 0.0739640 0.1369799 0.0797849 0.0744574 0.1138131 0.1684455 0.1556475 0.1608159 0.1341554 0.0915006 0.0080618 0.1211690 0.0679911 0.0886732 0.0889013 0.0941046 0.0312177 0.0732425 0.0773003 0.0681516 0.0625172 0.0660544 0.0316523 
S0645sl       0.4862592 0.3998261 0.4569674 0.1009472 0.1099468 0.0964569 0.2026215 0.0760487 0.0298186 0.0968066 0.0264802 0.0916822 0.0866353 0.0365776 0.1477382 0.1590268 0.0300094 0.1492252 0.0278491 0.1015603 0.1570376 0.1198894 0.0510242 0.0915614 0.0224157 0.0719900 0.0786141 0.1561429 0.0402302 0.0872676 0.0300259 0.0750253 0.0000000 0.0311357 0.0975739 0.0867053 0.1530864 0.1174407 0.0874878 0.1475152 0.0966120 0.0831938 0.0756434 0.0772620 0.0732857 0.0941599 0.0934743 0.0601439 0.1441083 0.0300112 0.0632676 0.0786464 0.0379395 0.1455718 0.0908066 0.0828016 0.1002575 0.0995985 0.0885615 0.1029626 0.1024136 0.1484504 0.1528772 0.0886597 0.0913900 0.1171182 0.0741392 0.1107397 0.0596717 0.0983606 0.0933797 0.1663007 0.1057350 0.1143880 0.1144275 0.1009735 0.0353028 0.0323557 0.0426020 0.1438950 0.0578008 0.0278969 0.1080478 0.1749621 0.1662724 0.1486739 0.1688622 0.0950101 0.0758193 0.1221634 0.0517684 0.0959113 0.1002767 0.0448769 0.0779492 0.0781037 0.0352783 0.0873056 0.0333862 0.0876767 0.0784348 
S0673         0.4511563 0.3858009 0.4410591 0.0865364 0.0971177 0.0846389 0.1949093 0.0604843 0.0290694 0.0830215 0.0257062 0.0745141 0.0766017 0.0367457 0.1320353 0.1476091 0.0314390 0.1365212 0.0215867 0.0948794 0.1448438 0.1047814 0.0502623 0.0772639 0.0205788 0.0555160 0.0621325 0.1432309 0.0258653 0.0682918 0.0357714 0.0612817 0.0311357 0.0000000 0.0714559 0.0729012 0.1413658 0.1028854 0.0785096 0.1359953 0.0808763 0.0684478 0.0590412 0.0605283 0.0578665 0.0785681 0.0821815 0.0448581 0.1389873 0.0039583 0.0490276 0.0611389 0.0331576 0.1426198 0.0759377 0.0666610 0.0824578 0.0812779 0.0738042 0.0904742 0.0864745 0.1380168 0.1495080 0.0734332 0.0772164 0.1041279 0.0576448 0.0953606 0.0403566 0.0789412 0.0857112 0.1610459 0.0829688 0.0996875 0.0989498 0.0850993 0.0289743 0.0059877 0.0162875 0.1312494 0.0412158 0.0248591 0.0943724 0.1639919 0.1541814 0.1427055 0.1466813 0.0762687 0.0619176 0.1075748 0.0369214 0.0797431 0.0800475 0.0462723 0.0693327 0.0614119 0.0293304 0.0725855 0.0069817 0.0728977 0.0614582 
S0689         0.4770061 0.4279448 0.4711987 0.1132956 0.1178873 0.1115842 0.2194047 0.0817228 0.0883133 0.1064543 0.0855969 0.0974459 0.1039913 0.0953657 0.1389844 0.1746148 0.0901902 0.1524863 0.0845230 0.1137688 0.1518781 0.1173021 0.1170386 0.0757049 0.0831616 0.0762413 0.1118198 0.1542549 0.0818408 0.0991358 0.0982696 0.0883909 0.0975739 0.0714559 0.0000000 0.0913403 0.1544367 0.1294643 0.0651157 0.1503795 0.1137373 0.1002523 0.0800617 0.0817754 0.0787895 0.1090939 0.1024031 0.0976913 0.1568780 0.0687243 0.1038880 0.0803695 0.0952802 0.1699610 0.1032903 0.0974341 0.1173106 0.1105622 0.1010295 0.1185765 0.1156720 0.1687182 0.1658720 0.1046791 0.1059342 0.1222242 0.0784736 0.1190015 0.0855276 0.1067180 0.1033821 0.1898643 0.1010015 0.1173272 0.1245380 0.0991473 0.0882626 0.0716473 0.0850503 0.1370917 0.0948736 0.0864867 0.1125231 0.1710076 0.1635284 0.1558400 0.1536999 0.1015518 0.0891670 0.1301077 0.0942206 0.0971038 0.1033467 0.1164906 0.0872489 0.0797932 0.0886602 0.0997029 0.0727797 0.0956387 0.0681182 
S0720         0.4455508 0.3932164 0.4413369 0.1038985 0.1108995 0.1025109 0.2029548 0.0307727 0.0842649 0.0537671 0.0762465 0.0767392 0.0969787 0.0976428 0.1148405 0.1423660 0.0832876 0.1256367 0.0740376 0.1040224 0.1425083 0.1114744 0.0977656 0.0974441 0.0778683 0.0328312 0.1025140 0.1289371 0.0767630 0.0896605 0.0882555 0.0803269 0.0867053 0.0729012 0.0913403 0.0000000 0.1302298 0.1152913 0.0784702 0.1250452 0.0937526 0.0864238 0.0350408 0.0352522 0.0328566 0.0849206 0.0091584 0.0900945 0.1414295 0.0701918 0.0918103 0.0731429 0.0766219 0.1258832 0.0905054 0.0819189 0.0974355 0.1018547 0.0537796 0.1073213 0.0983532 0.1404605 0.1332626 0.0855026 0.0880381 0.1196060 0.0327327 0.1115038 0.0891593 0.0912957 0.0911904 0.1630560 0.1031041 0.1045031 0.1169489 0.0942853 0.0841036 0.0730942 0.0863758 0.1179041 0.0894127 0.0783501 0.0960576 0.1493552 0.1411344 0.1472832 0.1431425 0.0864644 0.0801480 0.1124055 0.0872065 0.0824224 0.0909201 0.1007463 0.0897652 0.0362742 0.0735877 0.0526091 0.0704168 0.0478461 0.0790812 
S0724sl       0.5657880 0.4897933 0.5197138 0.1806962 0.2040227 0.1716886 0.2752067 0.1205489 0.1520156 0.1432492 0.1484851 0.1677727 0.1613525 0.1658162 0.0096501 0.0959462 0.1558964 0.0107695 0.1497033 0.1784961 0.2294162 0.1935584 0.1793639 0.1717435 0.1494805 0.1213791 0.1849445 0.0078171 0.1522164 0.1600330 0.1572550 0.1486922 0.1530864 0.1413658 0.1544367 0.1302298 0.0000000 0.1946407 0.1648166 0.0087994 0.1737580 0.1575499 0.1228548 0.1180866 0.1214721 0.1663783 0.1407626 0.1456565 0.1176138 0.1380179 0.1550922 0.1523176 0.1420863 0.0591390 0.1629799 0.1519536 0.1709190 0.1712904 0.1448016 0.1800881 0.1859094 0.1266004 0.0999372 0.1556253 0.1599688 0.1929559 0.1209767 0.1858670 0.1565119 0.1751744 0.1795612 0.1319221 0.1708006 0.1900418 0.1957267 0.1592756 0.1564061 0.1417420 0.1549576 0.0086721 0.1411760 0.1519678 0.0837911 0.0200302 0.0148777 0.1193913 0.2357173 0.1680173 0.1432887 0.2015155 0.1423160 0.1624773 0.1650652 0.1858352 0.1554132 0.1230899 0.1348012 0.1433582 0.1399440 0.1388818 0.1497703 
S0735         0.4569758 0.3964604 0.4543870 0.1451286 0.1433183 0.1394681 0.2464392 0.1028269 0.1200347 0.1224535 0.1152988 0.1242465 0.1299981 0.1234203 0.1838361 0.2171477 0.1129728 0.1865905 0.1076905 0.1498378 0.1909475 0.1249540 0.1268698 0.1179313 0.1081931 0.1076038 0.1434150 0.1929260 0.1090551 0.1109840 0.1292067 0.1221480 0.1174407 0.1028854 0.1294643 0.1152913 0.1946407 0.0000000 0.1377488 0.1896925 0.1261059 0.1166014 0.1116383 0.1122302 0.1102961 0.1352483 0.1207999 0.1264053 0.1973561 0.0999078 0.1232102 0.1150493 0.1004202 0.1992569 0.1236788 0.1189448 0.1282350 0.1105894 0.1111540 0.0383456 0.1264227 0.1987925 0.2142846 0.1317673 0.1332047 0.0329375 0.1098519 0.0305370 0.1300647 0.1373067 0.1383544 0.2339591 0.1321222 0.1442418 0.0348896 0.1221135 0.1154809 0.1031570 0.1032924 0.1767364 0.1113152 0.1177058 0.1578185 0.1895504 0.2039193 0.2148977 0.1947678 0.1314000 0.1193049 0.1552481 0.1036172 0.1292267 0.1306481 0.1199777 0.1160178 0.1089565 0.1286531 0.1098070 0.0988443 0.1102780 0.1193798 
S0742         0.4766647 0.4253410 0.4738337 0.1186792 0.1357193 0.1089332 0.2269798 0.0823378 0.0902922 0.1042923 0.0820999 0.0995297 0.0999370 0.0984803 0.1451417 0.1779326 0.0867864 0.1614876 0.0854274 0.1201837 0.1757912 0.1271938 0.1100069 0.0598411 0.0814275 0.0769509 0.1219845 0.1642189 0.0825495 0.1134161 0.0932173 0.0873489 0.0874878 0.0785096 0.0651157 0.0784702 0.1648166 0.1377488 0.0000000 0.1569007 0.1100469 0.1082500 0.0807034 0.0823895 0.0794539 0.1153703 0.0914275 0.0972142 0.1538950 0.0757719 0.0979180 0.0927378 0.0958992 0.1668910 0.1131398 0.0985105 0.1216611 0.1236627 0.0923319 0.1268601 0.1258707 0.1628428 0.1727442 0.1007347 0.1065651 0.1347011 0.0791413 0.1277690 0.1070358 0.1143069 0.1049518 0.1891773 0.1020631 0.1269292 0.1320580 0.1118831 0.0886543 0.0787155 0.0895696 0.1502186 0.0954124 0.0842235 0.1194614 0.1833502 0.1722032 0.1589099 0.1717078 0.1080086 0.0830069 0.1432476 0.0945809 0.0998647 0.1106130 0.1075649 0.0853581 0.0804377 0.0866851 0.0910512 0.0798343 0.0914418 0.0831425 
