122
CRNC          0.0000000 0.2158533 0.2994220 0.4609983 0.5082758 0.4353161 0.3303103 0.4114170 0.4198408 0.4384000 0.4484276 0.4313886 0.4389212 0.4302135 0.4426094 0.3974648 0.4635592 0.4724242 0.4357038 0.4530933 0.4568310 0.4620466 0.4683890 0.4702545 0.4086867 0.4161518 0.4241978 0.4650211 0.4247652 0.4438916 0.4137437 0.4004316 0.4581990 0.4439825 0.4375329 0.4163064 0.4249565 0.4614209 0.4545744 0.4408225 0.4310130 0.4274709 0.4561965 0.4513365 0.4621058 0.4460025 0.4305897 0.4547463 0.4011431 0.4075595 0.4565451 0.4391101 0.4204748 0.4155731 0.4230260 0.4277695 0.4217414 0.4209336 0.4560150 0.4269778 0.4407738 0.4140869 0.4503542 0.4475090 0.4197882 0.4436703 0.4168378 0.4130277 0.4247661 0.4141201 0.4219372 0.4767356 0.4572818 0.4001181 0.4287450 0.4075747 0.4139393 0.4409240 0.4204920 0.4087181 0.4224765 0.3996023 0.4396451 0.4182737 0.4487631 0.4117934 0.4379055 0.4481240 0.4039750 0.4386006 0.4161067 0.4318536 0.4474329 0.4482560 0.4463476 0.4460468 0.4746513 0.4466702 0.4414996 0.4587624 0.4696034 0.4331913 0.4336070 0.4604729 0.4260841 0.4256913 0.4226646 0.4107056 0.4399970 0.4101592 0.4170984 0.4248171 0.4309011 0.4540528 0.3968716 0.4244092 0.4909490 0.4562505 0.4325153 0.4221870 0.4502518 0.4056224 
HYZL          0.2158533 0.0000000 0.1285676 0.3244857 0.2605307 0.3312196 0.2462010 0.2854539 0.2908456 0.3312968 0.3103952 0.2985727 0.3168617 0.2967853 0.3049389 0.2850308 0.3317691 0.3249570 0.3148293 0.3214865 0.3198738 0.3306679 0.3202486 0.3391422 0.2864096 0.2908786 0.2914728 0.3612297 0.3061049 0.3021748 0.2832483 0.2896241 0.3237766 0.3170203 0.2964963 0.2947766 0.3082918 0.3155276 0.3218147 0.3232238 0.3145642 0.2940855 0.3114125 0.2952274 0.3061963 0.3224838 0.3001408 0.3187300 0.2874831 0.2910556 0.3219710 0.3247055 0.2858065 0.2889675 0.2857103 0.2981584 0.2852251 0.2867602 0.3115795 0.2964316 0.3051402 0.3074026 0.2988373 0.2861990 0.2965539 0.3155592 0.2888865 0.2875219 0.2835584 0.2880762 0.2913332 0.3740022 0.3118475 0.3019166 0.3019100 0.3015602 0.3046524 0.3081469 0.2922976 0.2933697 0.2849892 0.2907506 0.2951231 0.2945585 0.3118310 0.3103683 0.3086501 0.3078753 0.2857128 0.2971049 0.2805219 0.2942108 0.3125001 0.2952102 0.3125876 0.3171850 0.3160692 0.3121367 0.3145713 0.3248284 0.3276754 0.2902207 0.3214571 0.3357784 0.2957906 0.2916255 0.2917994 0.2941029 0.3131768 0.3003614 0.3093678 0.2832132 0.2892602 0.3281018 0.2771130 0.2911621 0.3631370 0.3153735 0.2932840 0.2930683 0.3180969 0.2755530 
MYZV          0.2994220 0.1285676 0.0000000 0.4256992 0.4263659 0.4206059 0.3431048 0.3722942 0.3943991 0.4207689 0.4304334 0.3947620 0.4170890 0.4091792 0.3957011 0.3572008 0.4228307 0.4297388 0.4204737 0.4104027 0.4191872 0.4260243 0.4204322 0.4298922 0.3838556 0.3922996 0.3850463 0.4346636 0.3927592 0.4027463 0.3806040 0.3715423 0.4141729 0.4161202 0.4018931 0.3920607 0.4072101 0.4130080 0.4150300 0.4197955 0.3933783 0.3849465 0.4074738 0.3917241 0.4178068 0.4045909 0.4125744 0.4182036 0.3634690 0.3808087 0.4197882 0.4175440 0.3883967 0.3884117 0.3834511 0.3966180 0.3869038 0.3867089 0.4161285 0.4081637 0.3993470 0.3913540 0.4057387 0.3698010 0.3969104 0.4166029 0.3854209 0.3825879 0.3792318 0.3882541 0.3967520 0.4631102 0.4250021 0.3805307 0.4017338 0.3869644 0.3887754 0.4052295 0.3870218 0.3654757 0.3889856 0.3644168 0.4108600 0.3941767 0.4038792 0.4066354 0.4037221 0.4247840 0.3643994 0.3969786 0.3680634 0.4004968 0.3976842 0.4033062 0.4034389 0.4180216 0.4227320 0.4055692 0.4162850 0.4233085 0.4270254 0.3870299 0.4109106 0.4341766 0.3996200 0.3912214 0.3854973 0.3888970 0.4194630 0.3798279 0.4056130 0.3994568 0.4018082 0.4271455 0.3626696 0.3889599 0.4521568 0.4277065 0.4045631 0.3930080 0.4319611 0.3757261 
SRR6441723    0.4609983 0.3244857 0.4256992 0.0000000 0.0677155 0.1019727 0.1894867 0.0642417 0.0685643 0.1084831 0.1022033 0.0693513 0.1130400 0.0470572 0.0805394 0.0811183 0.1147142 0.0972484 0.1048594 0.1165057 0.0934147 0.1161444 0.0486158 0.0430336 0.0831793 0.0700226 0.0736694 0.1201554 0.0778159 0.1012122 0.0666565 0.0785445 0.1068534 0.0907290 0.1013505 0.0705202 0.0857502 0.1098968 0.0940952 0.0989651 0.0819379 0.0686714 0.1075383 0.1096939 0.1041767 0.0734465 0.0817337 0.0965798 0.1141245 0.0729469 0.0921178 0.0819065 0.0666137 0.0694888 0.0693108 0.0743987 0.0677781 0.0710671 0.0746063 0.0829864 0.0993688 0.1086396 0.0943663 0.1004094 0.0559875 0.0996402 0.0734399 0.0666237 0.0635351 0.0711080 0.0718076 0.1257663 0.1024966 0.1240267 0.0904910 0.0955502 0.1013969 0.0744348 0.0645930 0.1111443 0.0683437 0.1125072 0.0950295 0.0721183 0.0491151 0.0977319 0.0798105 0.0540143 0.1181194 0.0714583 0.0777380 0.0581436 0.0957305 0.0987642 0.0916468 0.0913998 0.1208339 0.0986073 0.1101838 0.0932570 0.0958699 0.0674733 0.1135916 0.0450680 0.0436047 0.0677680 0.0702939 0.0752083 0.0548700 0.0656600 0.1026935 0.0553513 0.0495134 0.1148345 0.0795798 0.0717612 0.1379788 0.1007617 0.1015624 0.0727267 0.1023960 0.0699257 
ERR4210213    0.5082758 0.2605307 0.4263659 0.0677155 0.0000000 0.0000010 0.2145116 0.0719397 0.1135669 0.1505280 0.1341649 0.0761912 0.1399231 0.0515945 0.0780425 0.0955238 0.1279449 0.1485080 0.1046439 0.1251549 0.1615379 0.1546927 0.0138694 0.0695972 0.1060147 0.0770435 0.0780373 0.0000010 0.0714696 0.1329802 0.1166455 0.0890153 0.1345952 0.1495120 0.1527545 0.0941529 0.0876788 0.1030359 0.1694071 0.1540224 0.0770907 0.0604830 0.1255051 0.1362769 0.1045639 0.0770435 0.1144542 0.1616740 0.1124934 0.0852359 0.1590971 0.0000010 0.0770435 0.0760662 0.1231713 0.0945853 0.1123419 0.1231739 0.0670373 0.1123419 0.1185022 0.1039654 0.1045639 0.1056951 0.0604830 0.1507745 0.0923056 0.0938989 0.0714362 0.1039017 0.1111251 0.0877992 0.1349403 0.1322890 0.1420489 0.0955140 0.0942283 0.1044792 0.0963050 0.1110549 0.1123419 0.1110549 0.1283672 0.0940587 0.0595473 0.1038758 0.0778539 0.0850431 0.1110549 0.0687793 0.0770435 0.0843484 0.1543476 0.0964228 0.0000010 0.1692904 0.1647557 0.1073796 0.1251325 0.1590971 0.1590971 0.0685971 0.1119883 0.1197481 0.0519362 0.0714326 0.0685971 0.0779236 0.0602512 0.0731621 0.1651521 0.0677081 0.0441575 0.1345952 0.0955238 0.1215680 0.1805480 0.1349403 0.1056595 0.0855925 0.1349403 0.0770435 
ERR2789774    0.4353161 0.3312196 0.4206059 0.1019727 0.0000010 0.0000000 0.1958410 0.0665042 0.0811194 0.1115144 0.1119002 0.0495311 0.1141108 0.0828847 0.0604570 0.0685282 0.1241827 0.1065703 0.1345331 0.1211331 0.1049960 0.1078286 0.1001168 0.0916535 0.0898873 0.0468145 0.0509966 0.1117114 0.0732977 0.1043149 0.0806876 0.0920779 0.0973268 0.1038863 0.0975814 0.1058863 0.0921088 0.1230073 0.1084429 0.0990355 0.0575519 0.0457318 0.1136648 0.1113567 0.1324992 0.0564025 0.1008421 0.1095703 0.1208782 0.0685124 0.1077703 0.1015579 0.0466235 0.1025412 0.0839386 0.0508094 0.0794109 0.0853505 0.0983097 0.1003397 0.1051753 0.1222154 0.1234343 0.1105541 0.0889908 0.1038615 0.0884562 0.0944587 0.0883585 0.0982677 0.0996446 0.1347582 0.1121025 0.1327549 0.0954486 0.1066649 0.1071885 0.1060515 0.0911056 0.1236764 0.0823857 0.1205167 0.1068224 0.1017790 0.1049312 0.1119312 0.0699936 0.0981762 0.1303568 0.0493407 0.0672657 0.0858522 0.0953244 0.1302539 0.1240465 0.1054453 0.1106176 0.1066475 0.1160507 0.1083434 0.1133215 0.0494379 0.1294143 0.0947818 0.0809304 0.0482284 0.0557198 0.0716349 0.0917173 0.0528096 0.1115716 0.0872853 0.0903960 0.1161616 0.0659509 0.0824468 0.0962274 0.1121190 0.1224514 0.0497179 0.1069841 0.0615913 
PAFTOL_019361 0.3303103 0.2462010 0.3431048 0.1894867 0.2145116 0.1958410 0.0000000 0.1597374 0.1685854 0.2053706 0.1948749 0.1713886 0.2083012 0.1829137 0.1800802 0.1648141 0.2158559 0.2102487 0.1930408 0.2154647 0.1965938 0.2074706 0.2010912 0.2204608 0.1758335 0.1726408 0.1747790 0.2218207 0.1742503 0.1921060 0.1630078 0.1691621 0.2082229 0.1964793 0.1961875 0.1787384 0.1862310 0.1998178 0.1974780 0.1970640 0.1804439 0.1702688 0.2008165 0.1921129 0.2021575 0.1799701 0.1747415 0.1973698 0.1681883 0.1646210 0.1968408 0.1685988 0.1668576 0.1808061 0.1688746 0.1731667 0.1690942 0.1724454 0.1823661 0.1775031 0.1832812 0.1884698 0.1931551 0.1805737 0.1682465 0.1915368 0.1687164 0.1721534 0.1750564 0.1773170 0.1792781 0.2206533 0.1966486 0.1728144 0.1928247 0.1775925 0.1836732 0.1886555 0.1797502 0.1676701 0.1674734 0.1599025 0.1845115 0.1909774 0.1886629 0.1812322 0.1837912 0.1913305 0.1645033 0.1699384 0.1668574 0.1649835 0.1926438 0.1959608 0.1881929 0.1929046 0.2050865 0.1939560 0.2007820 0.1975866 0.2023955 0.1670517 0.1960702 0.2091606 0.1748347 0.1721103 0.1687986 0.1696572 0.1880195 0.1661778 0.1902503 0.1843160 0.1806811 0.2180051 0.1611268 0.1729663 0.2342164 0.1956959 0.1980560 0.1679752 0.2010297 0.1589508 
S0055         0.4114170 0.2854539 0.3722942 0.0642417 0.0719397 0.0665042 0.1597374 0.0000000 0.0400174 0.0814584 0.0679179 0.0271015 0.0878817 0.0562347 0.0339604 0.0347177 0.0911384 0.0779176 0.0832873 0.0903208 0.0725716 0.0868591 0.0759237 0.0677026 0.0464597 0.0263025 0.0301828 0.0969156 0.0430244 0.0737247 0.0389451 0.0429335 0.0844958 0.0699810 0.0770713 0.0616416 0.0531938 0.0791081 0.0741524 0.0757020 0.0386533 0.0234669 0.0763191 0.0762216 0.0780608 0.0327103 0.0547432 0.0757018 0.0833328 0.0413950 0.0730537 0.0621492 0.0266342 0.0622505 0.0400769 0.0308622 0.0401152 0.0440304 0.0702224 0.0552624 0.0696204 0.0832835 0.0718932 0.0728938 0.0440433 0.0721479 0.0528911 0.0577229 0.0513660 0.0622688 0.0629786 0.0816405 0.0718140 0.0935699 0.0587739 0.0727265 0.0743441 0.0664382 0.0581975 0.0842414 0.0407586 0.0852161 0.0694412 0.0675658 0.0683328 0.0767018 0.0371333 0.0646327 0.0870140 0.0277077 0.0316742 0.0530736 0.0710464 0.0754637 0.0697963 0.0707492 0.0918146 0.0755595 0.0802945 0.0724486 0.0751866 0.0248004 0.0907148 0.0748821 0.0501788 0.0241741 0.0229598 0.0168503 0.0627788 0.0256849 0.0736987 0.0600249 0.0572034 0.0926041 0.0309199 0.0439432 0.1082733 0.0718206 0.0755162 0.0263837 0.0709174 0.0211577 
S0196sl       0.4198408 0.2908456 0.3943991 0.0685643 0.1135669 0.0811194 0.1685854 0.0400174 0.0000000 0.0845910 0.0420111 0.0470748 0.0865555 0.0539975 0.0518665 0.0577779 0.0934229 0.0721529 0.0768317 0.0922954 0.0673465 0.0854636 0.0765118 0.0794676 0.0644308 0.0461416 0.0503427 0.0919764 0.0554637 0.0735040 0.0062613 0.0555610 0.0871275 0.0648527 0.0766766 0.0648819 0.0708930 0.0807864 0.0680253 0.0755718 0.0592963 0.0448574 0.0810919 0.0787835 0.0795699 0.0509934 0.0237334 0.0695809 0.0928173 0.0528595 0.0678337 0.0629821 0.0483262 0.0630913 0.0081174 0.0517824 0.0074419 0.0101965 0.0700391 0.0243322 0.0730894 0.0797797 0.0717893 0.0710096 0.0444054 0.0728636 0.0509607 0.0586815 0.0516782 0.0638702 0.0629501 0.1070601 0.0410251 0.1012636 0.0684954 0.0685470 0.0734833 0.0680708 0.0608467 0.0901783 0.0074190 0.0878063 0.0732684 0.0683876 0.0699976 0.0724138 0.0600418 0.0677784 0.0930852 0.0476048 0.0542349 0.0539733 0.0725326 0.0761905 0.0658866 0.0664123 0.0912566 0.0745134 0.0766104 0.0672354 0.0706755 0.0469093 0.0859169 0.0807226 0.0497140 0.0440454 0.0461446 0.0496259 0.0651583 0.0470758 0.0698724 0.0600949 0.0565119 0.0910375 0.0542317 0.0101774 0.1090045 0.0402680 0.0770919 0.0486611 0.0394795 0.0415640 
S0278         0.4384000 0.3312968 0.4207689 0.1084831 0.1505280 0.1115144 0.2053706 0.0814584 0.0845910 0.0000000 0.1126747 0.0888668 0.0321522 0.0940315 0.0963747 0.0926807 0.0288324 0.1157913 0.1250668 0.0348500 0.1105174 0.0489719 0.1136799 0.1259985 0.1059642 0.0877751 0.0900980 0.0513689 0.0929958 0.0317516 0.0830605 0.0944682 0.0509665 0.1104415 0.0424918 0.1003486 0.0958897 0.1216141 0.1102615 0.0113272 0.0989113 0.0847152 0.0245486 0.0562705 0.0904776 0.0906407 0.0940192 0.1126795 0.1373965 0.0837421 0.1117811 0.1020339 0.0859626 0.1000896 0.0845409 0.0924881 0.0837758 0.0873093 0.1066836 0.0972808 0.0469974 0.1284727 0.0833777 0.0495138 0.0874387 0.0307314 0.0897985 0.0951995 0.0921545 0.0999946 0.0980169 0.1460438 0.1136270 0.1490397 0.1050479 0.1185235 0.1170990 0.1032469 0.0955343 0.1349970 0.0834864 0.1347755 0.0677071 0.1065130 0.1121716 0.1227634 0.0992420 0.1058277 0.1407913 0.0858086 0.0935234 0.0993666 0.0290833 0.0861441 0.0769884 0.1082771 0.0710576 0.0157735 0.1203024 0.1121831 0.1149664 0.0865774 0.1333934 0.1149976 0.0887577 0.0872165 0.0855210 0.0902103 0.1000520 0.0856015 0.0562888 0.1030385 0.0986599 0.0327381 0.0917397 0.0827944 0.0591532 0.1136420 0.0887881 0.0898405 0.1114523 0.0797163 
S0281         0.4484276 0.3103952 0.4304334 0.1022033 0.1341649 0.1119002 0.1948749 0.0679179 0.0420111 0.1126747 0.0000000 0.0786061 0.1172928 0.0895229 0.0840295 0.0876379 0.1189414 0.1015030 0.1054853 0.1189674 0.0994213 0.1156157 0.1130226 0.0993752 0.0869798 0.0775210 0.0806666 0.1199927 0.0908130 0.1020033 0.0363602 0.0848981 0.1101365 0.0966571 0.0981709 0.0985518 0.0980676 0.1085656 0.1001800 0.1048925 0.0858233 0.0762713 0.1044662 0.1029161 0.1092336 0.0805551 0.0421273 0.1018558 0.1166063 0.0853748 0.0998838 0.0912034 0.0783774 0.0974539 0.0404453 0.0821278 0.0389578 0.0428238 0.1024092 0.0410747 0.0995954 0.1061644 0.1020513 0.0957675 0.0771958 0.0975526 0.0782486 0.0892572 0.0851356 0.0956133 0.0963215 0.1338705 0.0558224 0.1220383 0.1015094 0.0983226 0.1012491 0.0974578 0.0895774 0.1135493 0.0395967 0.1111499 0.0950873 0.1026218 0.1019121 0.1024534 0.0877522 0.0992511 0.1168456 0.0790894 0.0840659 0.0893554 0.1012680 0.1046446 0.0993551 0.0966463 0.1174909 0.1026220 0.1067465 0.0993201 0.1020070 0.0749818 0.1089287 0.1139967 0.0834344 0.0753480 0.0761672 0.0773671 0.0981400 0.0761406 0.1009994 0.0957575 0.0924126 0.1196532 0.0840607 0.0427398 0.1373854 0.0550622 0.1083184 0.0804381 0.0542204 0.0716432 
S0282         0.4313886 0.2985727 0.3947620 0.0693513 0.0761912 0.0495311 0.1713886 0.0271015 0.0470748 0.0888668 0.0786061 0.0000000 0.0936200 0.0584362 0.0194308 0.0378378 0.1022985 0.0840732 0.0907255 0.0958111 0.0773462 0.0923393 0.0788478 0.0711192 0.0530502 0.0102141 0.0165756 0.0971522 0.0470395 0.0828454 0.0438982 0.0484461 0.0921785 0.0747585 0.0826968 0.0629838 0.0629720 0.0894116 0.0780833 0.0798388 0.0274419 0.0095625 0.0844091 0.0861919 0.0874289 0.0160862 0.0586573 0.0788305 0.0964411 0.0469561 0.0778591 0.0690602 0.0145545 0.0612380 0.0479155 0.0151280 0.0455298 0.0503415 0.0733274 0.0623904 0.0770777 0.0917336 0.0804368 0.0833734 0.0480746 0.0769835 0.0597895 0.0583977 0.0546415 0.0620342 0.0635267 0.0866597 0.0798759 0.1038939 0.0635099 0.0802239 0.0781519 0.0713269 0.0623428 0.0972516 0.0470392 0.0975611 0.0818252 0.0681786 0.0749197 0.0850564 0.0379473 0.0701376 0.0993971 0.0122623 0.0318383 0.0578458 0.0784342 0.0839546 0.0775466 0.0764145 0.1010763 0.0814179 0.0856873 0.0772686 0.0800128 0.0115848 0.0992476 0.0769255 0.0517125 0.0116457 0.0138869 0.0342238 0.0666744 0.0237182 0.0863437 0.0648264 0.0593998 0.0953936 0.0310970 0.0502430 0.1062650 0.0790861 0.0865652 0.0116348 0.0771727 0.0222040 
S0289         0.4389212 0.3168617 0.4170890 0.1130400 0.1399231 0.1141108 0.2083012 0.0878817 0.0865555 0.0321522 0.1172928 0.0936200 0.0000000 0.0999790 0.0975492 0.0948668 0.0390837 0.1173313 0.1265061 0.0266301 0.1119899 0.0513431 0.1174373 0.1331730 0.1091716 0.0925403 0.0937691 0.0462253 0.0968423 0.0366029 0.0859882 0.0955399 0.0541656 0.1097534 0.0462463 0.1024501 0.1039900 0.1232746 0.1107164 0.0245539 0.1040099 0.0883585 0.0291253 0.0546546 0.0898770 0.0975652 0.0980380 0.1161829 0.1379930 0.0884034 0.1124117 0.1037110 0.0904740 0.1031804 0.0873448 0.0954687 0.0865555 0.0893120 0.1133548 0.0995425 0.0476253 0.1310697 0.0825704 0.0519900 0.0912791 0.0325442 0.0937298 0.0981480 0.0939134 0.1030044 0.1010297 0.1392138 0.1172190 0.1527716 0.1070677 0.1180344 0.1218049 0.1130082 0.1044751 0.1355436 0.0844903 0.1350050 0.0714824 0.1099741 0.1189270 0.1213825 0.1024299 0.1064197 0.1403098 0.0886938 0.0955596 0.1033794 0.0299236 0.0853746 0.0801559 0.1106603 0.0705203 0.0262860 0.1225193 0.1128271 0.1147237 0.0903656 0.1328765 0.1198880 0.0935949 0.0910120 0.0921797 0.0976522 0.1023596 0.0874341 0.0604948 0.1042423 0.1019141 0.0259892 0.0938107 0.0854840 0.0506111 0.1142729 0.0907045 0.0937136 0.1120300 0.0823252 
S0292         0.4302135 0.2967853 0.4091792 0.0470572 0.0515945 0.0828847 0.1829137 0.0562347 0.0539975 0.0940315 0.0895229 0.0584362 0.0999790 0.0000000 0.0684080 0.0699759 0.1058152 0.0835093 0.0897286 0.1052583 0.0797187 0.0984140 0.0512387 0.0498967 0.0715628 0.0559155 0.0586465 0.1092611 0.0670130 0.0869414 0.0525349 0.0649501 0.0954986 0.0779709 0.0884176 0.0603984 0.0781484 0.0911141 0.0804013 0.0842403 0.0667210 0.0553241 0.0965783 0.0903180 0.0903941 0.0569681 0.0681563 0.0820030 0.1045058 0.0613353 0.0801706 0.0673483 0.0571566 0.0594358 0.0531604 0.0615618 0.0540036 0.0564250 0.0662590 0.0692541 0.0822092 0.0942115 0.0834183 0.0842478 0.0433456 0.0820152 0.0561781 0.0558067 0.0510271 0.0602137 0.0609103 0.1137837 0.0872520 0.1188489 0.0774673 0.0834807 0.0748459 0.0666842 0.0578530 0.1025410 0.0538262 0.0991831 0.0851754 0.0637113 0.0445872 0.0865940 0.0704875 0.0385034 0.1028547 0.0565704 0.0634862 0.0493138 0.0841577 0.0877945 0.0848257 0.0787294 0.1037421 0.0866841 0.0906545 0.0795852 0.0821207 0.0566446 0.0970234 0.0572973 0.0054524 0.0561055 0.0534847 0.0635731 0.0354259 0.0563849 0.0870070 0.0166680 0.0095338 0.1033371 0.0627062 0.0555099 0.1219485 0.0863975 0.0861256 0.0584837 0.0863103 0.0544044 
S0293         0.4426094 0.3049389 0.3957011 0.0805394 0.0780425 0.0604570 0.1800802 0.0339604 0.0518665 0.0963747 0.0840295 0.0194308 0.0975492 0.0684080 0.0000000 0.0449553 0.1077865 0.0848333 0.0963723 0.1034432 0.0781109 0.1008001 0.0897230 0.0860813 0.0607104 0.0186656 0.0252598 0.1026627 0.0543622 0.0911889 0.0487948 0.0556525 0.0996062 0.0755215 0.0883761 0.0705432 0.0657500 0.0930840 0.0797358 0.0873684 0.0364833 0.0173124 0.0918418 0.0909575 0.0967115 0.0232016 0.0637087 0.0795410 0.1004950 0.0542654 0.0785684 0.0827399 0.0232523 0.0703574 0.0527255 0.0223288 0.0502988 0.0551953 0.0811175 0.0674317 0.0843060 0.0992207 0.0895741 0.0879717 0.0577363 0.0853034 0.0641959 0.0658522 0.0629551 0.0695129 0.0693655 0.0973075 0.0835873 0.1098704 0.0736604 0.0874613 0.0843194 0.0781597 0.0706909 0.1012813 0.0518267 0.1015668 0.0905659 0.0794030 0.0836846 0.0923027 0.0457414 0.0795304 0.1035001 0.0179185 0.0379543 0.0663017 0.0865902 0.0931556 0.0877600 0.0771267 0.1087950 0.0878714 0.0930548 0.0779801 0.0807259 0.0200755 0.1069157 0.0878840 0.0615714 0.0194731 0.0225758 0.0411052 0.0769006 0.0329134 0.0957351 0.0742399 0.0694247 0.1039590 0.0379596 0.0543047 0.1133929 0.0827335 0.0941570 0.0201636 0.0807896 0.0280896 
S0294         0.3974648 0.2850308 0.3572008 0.0811183 0.0955238 0.0685282 0.1648141 0.0347177 0.0577779 0.0926807 0.0876379 0.0378378 0.0948668 0.0699759 0.0449553 0.0000000 0.1034531 0.0866035 0.0937399 0.0968047 0.0826541 0.1006846 0.0915988 0.0829282 0.0524735 0.0362084 0.0410764 0.1025916 0.0511504 0.0825968 0.0556849 0.0510536 0.0958883 0.0799765 0.0880318 0.0695156 0.0677284 0.0915913 0.0816161 0.0813000 0.0515119 0.0348204 0.0889869 0.0881811 0.0948962 0.0394029 0.0674422 0.0841761 0.0931441 0.0536247 0.0814437 0.0802619 0.0374550 0.0693765 0.0578603 0.0409781 0.0561560 0.0612397 0.0791236 0.0714007 0.0760456 0.0860580 0.0877001 0.0824876 0.0580970 0.0824804 0.0611009 0.0647859 0.0591586 0.0693385 0.0674839 0.0683000 0.0906162 0.1036916 0.0742934 0.0810975 0.0837929 0.0790363 0.0705348 0.0978091 0.0577316 0.0944136 0.0828616 0.0767405 0.0845317 0.0860584 0.0449493 0.0743543 0.0979450 0.0384387 0.0417587 0.0642467 0.0836340 0.0912800 0.0849290 0.0816866 0.1051476 0.0841034 0.0906165 0.0825695 0.0845328 0.0362077 0.0953622 0.0871874 0.0638144 0.0379455 0.0336462 0.0428586 0.0776300 0.0343590 0.0905618 0.0740861 0.0718634 0.0981865 0.0394376 0.0602866 0.1158565 0.0880433 0.0876860 0.0371418 0.0895355 0.0331846 
S0299         0.4635592 0.3317691 0.4228307 0.1147142 0.1279449 0.1241827 0.2158559 0.0911384 0.0934229 0.0288324 0.1189414 0.1022985 0.0390837 0.1058152 0.1077865 0.1034531 0.0000000 0.1264091 0.1323588 0.0436550 0.1221766 0.0585292 0.1203258 0.1372409 0.1101817 0.0999432 0.1005263 0.0662076 0.1017191 0.0454744 0.0899021 0.1066194 0.0483805 0.1210555 0.0496928 0.1016640 0.1133601 0.1318321 0.1229106 0.0308476 0.1072037 0.0957695 0.0272427 0.0639248 0.0990041 0.1061026 0.1006049 0.1265486 0.1389441 0.0919111 0.1215016 0.1124321 0.0952375 0.1014744 0.0924038 0.1012843 0.0905062 0.0943794 0.1109258 0.1043171 0.0597530 0.1396505 0.0910889 0.0608248 0.0968027 0.0441511 0.0945331 0.0969183 0.0946779 0.1013267 0.1002894 0.1606162 0.1151890 0.1572425 0.1133022 0.1234206 0.1237575 0.1127450 0.1031134 0.1386336 0.0912243 0.1384339 0.0811183 0.1115317 0.1227375 0.1280733 0.1065095 0.1129472 0.1439461 0.0969082 0.1055265 0.1060227 0.0323372 0.0940691 0.0903720 0.1196525 0.0852118 0.0350243 0.1276276 0.1229644 0.1250141 0.0970403 0.1433027 0.1241824 0.1011364 0.0975556 0.0963796 0.1026837 0.1107486 0.0932419 0.0671477 0.1110251 0.1111561 0.0413869 0.1025484 0.0904775 0.0670629 0.1151995 0.0980251 0.1034013 0.1157741 0.0900851 
S0303         0.4724242 0.3249570 0.4297388 0.0972484 0.1485080 0.1065703 0.2102487 0.0779176 0.0721529 0.1157913 0.1015030 0.0840732 0.1173313 0.0835093 0.0848333 0.0866035 0.1264091 0.0000000 0.0661629 0.1237900 0.0108393 0.1156188 0.1011877 0.1117193 0.0905957 0.0808692 0.0841121 0.1036541 0.0917708 0.1033729 0.0710003 0.0854481 0.1025833 0.0101164 0.1052209 0.0963650 0.0994271 0.0661785 0.0123384 0.1030033 0.0889793 0.0795302 0.1106707 0.1100751 0.1150444 0.0911861 0.0846362 0.0130291 0.1224668 0.0853782 0.0108084 0.0889532 0.0822032 0.0942229 0.0720040 0.0866948 0.0713477 0.0767410 0.1001510 0.0849748 0.1018606 0.0685278 0.1067075 0.1012083 0.0807444 0.1041207 0.0277837 0.0894776 0.0815478 0.0953147 0.0950180 0.1485321 0.0981378 0.1333691 0.1053845 0.0596260 0.0674216 0.0957218 0.0863591 0.1214656 0.0719924 0.1209123 0.1027805 0.0978369 0.0963546 0.0655461 0.0917224 0.0927746 0.1282003 0.0845293 0.0850241 0.0819745 0.1001170 0.1103251 0.1055816 0.0093773 0.1206827 0.1074027 0.0675455 0.0101018 0.0123276 0.0792338 0.0737410 0.1019190 0.0787225 0.0814223 0.0785095 0.0822962 0.0922431 0.0784607 0.1057138 0.0945998 0.0890156 0.1199250 0.0879496 0.0730304 0.1159630 0.0971996 0.1144919 0.0803297 0.0989923 0.0801364 
S0308         0.4357038 0.3148293 0.4204737 0.1048594 0.1046439 0.1345331 0.1930408 0.0832873 0.0768317 0.1250668 0.1054853 0.0907255 0.1265061 0.0897286 0.0963723 0.0937399 0.1323588 0.0661629 0.0000000 0.1297451 0.0584775 0.1269134 0.1107871 0.1247769 0.0996946 0.0877403 0.0919072 0.1300706 0.0986382 0.1169446 0.0746692 0.0919653 0.1289053 0.0552677 0.1119757 0.1018051 0.1038941 0.0642030 0.0592429 0.1112457 0.0967784 0.0857598 0.1202653 0.1168814 0.1206329 0.0935737 0.0872741 0.0599147 0.1192300 0.0885642 0.0557095 0.1054701 0.0917234 0.0980000 0.0796328 0.0932562 0.0788835 0.0814670 0.1039960 0.0902458 0.1114234 0.0671893 0.1143481 0.1041973 0.0841777 0.1120438 0.0378680 0.0924872 0.0900613 0.0979319 0.1021609 0.1489115 0.1066506 0.1276020 0.1129586 0.0580087 0.0610592 0.1026398 0.0947143 0.1172257 0.0786166 0.1168042 0.1086802 0.1046520 0.1089648 0.0595162 0.0991427 0.0986101 0.1234527 0.0885524 0.0942341 0.0918345 0.1144548 0.1159599 0.1099763 0.0576024 0.1352598 0.1136401 0.0652815 0.0576011 0.0617594 0.0861182 0.0756262 0.1179111 0.0869869 0.0865135 0.0873749 0.0891909 0.1009535 0.0840518 0.1175182 0.1012290 0.0978421 0.1352364 0.0933566 0.0804673 0.1550841 0.1039720 0.1178317 0.0916897 0.1065448 0.0877915 
S0320         0.4530933 0.3214865 0.4104027 0.1165057 0.1251549 0.1211331 0.2154647 0.0903208 0.0922954 0.0348500 0.1189674 0.0958111 0.0266301 0.1052583 0.1034432 0.0968047 0.0436550 0.1237900 0.1297451 0.0000000 0.1188372 0.0527246 0.1217595 0.1304121 0.1151769 0.0955620 0.0959682 0.0523138 0.0998842 0.0347658 0.0900138 0.1021743 0.0507442 0.1176725 0.0447520 0.1079703 0.1060139 0.1300265 0.1185620 0.0307989 0.1040477 0.0924865 0.0334271 0.0552619 0.0930768 0.0966164 0.0980881 0.1209664 0.1456025 0.0915301 0.1182328 0.1198978 0.0927825 0.1076898 0.0921949 0.0994769 0.0914252 0.0941308 0.1176841 0.1004907 0.0516624 0.1322422 0.0859610 0.0510709 0.0923639 0.0359989 0.0960492 0.1018786 0.0958649 0.1065433 0.1055752 0.1517102 0.1218567 0.1614446 0.1110654 0.1228093 0.1254784 0.1154200 0.1064852 0.1431380 0.0893868 0.1427833 0.0783918 0.1124866 0.1237790 0.1270981 0.1049625 0.1127438 0.1480757 0.0926890 0.0992384 0.1072381 0.0342205 0.0878713 0.0835624 0.1174208 0.0741329 0.0332279 0.1279789 0.1205192 0.1223932 0.0925544 0.1421591 0.1241427 0.0981609 0.0923822 0.0962667 0.0988397 0.1105434 0.0896840 0.0619035 0.1096991 0.1071205 0.0172139 0.0985349 0.0874944 0.0522985 0.1190663 0.0921310 0.0966726 0.1177651 0.0890339 
S0322         0.4568310 0.3198738 0.4191872 0.0934147 0.1615379 0.1049960 0.1965938 0.0725716 0.0673465 0.1105174 0.0994213 0.0773462 0.1119899 0.0797187 0.0781109 0.0826541 0.1221766 0.0108393 0.0584775 0.1188372 0.0000000 0.1093354 0.0988677 0.1074344 0.0919800 0.0745414 0.0775019 0.1081171 0.0859012 0.1007483 0.0663172 0.0787252 0.1089470 0.0067462 0.1014765 0.0904965 0.0942081 0.0594482 0.0088125 0.0971696 0.0846483 0.0741963 0.1056526 0.1041286 0.1126493 0.0833029 0.0806283 0.0094663 0.1183469 0.0847359 0.0074065 0.0850841 0.0773561 0.0885875 0.0681240 0.0816873 0.0683272 0.0725204 0.0988527 0.0836504 0.0955195 0.0656148 0.1048323 0.0972246 0.0744221 0.0959287 0.0229706 0.0842064 0.0767593 0.0896052 0.0903091 0.1445181 0.0952642 0.1277789 0.0997323 0.0556464 0.0587121 0.0920334 0.0850928 0.1164791 0.0689278 0.1140778 0.1005532 0.0946758 0.0950486 0.0603588 0.0872615 0.0891881 0.1217607 0.0770009 0.0808943 0.0771668 0.0967132 0.1082340 0.0992758 0.0067459 0.1200600 0.0995512 0.0621045 0.0067468 0.0101943 0.0729498 0.0731868 0.1038125 0.0751901 0.0749446 0.0722563 0.0767372 0.0896075 0.0739686 0.1013482 0.0917756 0.0857150 0.1173001 0.0827724 0.0699009 0.1402006 0.0944518 0.1120445 0.0747892 0.0970317 0.0746223 
S0327         0.4620466 0.3306679 0.4260243 0.1161444 0.1546927 0.1078286 0.2074706 0.0868591 0.0854636 0.0489719 0.1156157 0.0923393 0.0513431 0.0984140 0.1008001 0.1006846 0.0585292 0.1156188 0.1269134 0.0527246 0.1093354 0.0000000 0.1195749 0.1349340 0.1086734 0.0912326 0.0915906 0.0652485 0.0983589 0.0395400 0.0848862 0.0968248 0.0490883 0.1102031 0.0456235 0.1054941 0.1081509 0.1244136 0.1100245 0.0380752 0.1025316 0.0881656 0.0449468 0.0554616 0.0911610 0.0938610 0.0948669 0.1121746 0.1282141 0.0898347 0.1106128 0.1020773 0.0894086 0.1043005 0.0871029 0.0959889 0.0854557 0.0881212 0.1181137 0.0981301 0.0494581 0.1255023 0.0823082 0.0502382 0.0889509 0.0276774 0.0870633 0.1014664 0.0975218 0.1045070 0.1052278 0.1490800 0.1126410 0.1460439 0.1085980 0.1138587 0.1138786 0.1157441 0.1078400 0.1272354 0.0860376 0.1248786 0.0688299 0.1110989 0.1185640 0.1162001 0.1039253 0.1103047 0.1319067 0.0892445 0.0951815 0.1008753 0.0329256 0.0859412 0.0789864 0.1089184 0.0691438 0.0445454 0.1214791 0.1119411 0.1147171 0.0884873 0.1288342 0.1225550 0.0939160 0.0906813 0.0890033 0.0953206 0.1072378 0.0891933 0.0505276 0.1085796 0.1041241 0.0505257 0.0922668 0.0844971 0.0719353 0.1126559 0.0894948 0.0933230 0.1123223 0.0839076 
S0335         0.4683890 0.3202486 0.4204322 0.0486158 0.0138694 0.1001168 0.2010912 0.0759237 0.0765118 0.1136799 0.1130226 0.0788478 0.1174373 0.0512387 0.0897230 0.0915988 0.1203258 0.1011877 0.1107871 0.1217595 0.0988677 0.1195749 0.0000000 0.0549645 0.0872169 0.0796945 0.0844626 0.1187325 0.0808186 0.1065456 0.0730176 0.0841009 0.1168727 0.0961415 0.1044805 0.0748304 0.0939914 0.1113641 0.0995485 0.1050423 0.0866043 0.0758421 0.1126061 0.1117668 0.1117564 0.0798165 0.0891811 0.0994382 0.1232106 0.0767402 0.0992575 0.0820958 0.0770577 0.0721394 0.0756175 0.0842529 0.0748695 0.0774221 0.0742387 0.0904275 0.1035032 0.1142950 0.1027715 0.1045267 0.0595584 0.1039134 0.0736937 0.0700782 0.0621167 0.0737531 0.0744541 0.1377623 0.1105028 0.1385106 0.0973141 0.1010061 0.1037495 0.0767511 0.0678674 0.1240425 0.0746165 0.1247812 0.0902496 0.0755912 0.0517577 0.1050881 0.0832906 0.0575545 0.1257104 0.0803400 0.0877212 0.0633019 0.1007213 0.1071823 0.0969528 0.0978058 0.1272339 0.1019861 0.1128064 0.0986999 0.0995706 0.0770632 0.1215921 0.0505219 0.0485954 0.0774247 0.0792775 0.0842122 0.0551349 0.0684569 0.1057450 0.0580239 0.0528771 0.1212911 0.0878921 0.0781211 0.1410068 0.1095960 0.1075247 0.0808154 0.1103925 0.0770886 
S0345         0.4702545 0.3391422 0.4298922 0.0430336 0.0695972 0.0916535 0.2204608 0.0677026 0.0794676 0.1259985 0.0993752 0.0711192 0.1331730 0.0498967 0.0860813 0.0829282 0.1372409 0.1117193 0.1247769 0.1304121 0.1074344 0.1349340 0.0549645 0.0000000 0.0833696 0.0680831 0.0716036 0.1194376 0.0685202 0.1015686 0.0788389 0.0818359 0.1238685 0.0992927 0.1134136 0.0763079 0.0903935 0.1171545 0.1086442 0.1121891 0.0737549 0.0686209 0.1309676 0.1307630 0.1277572 0.0745937 0.0918025 0.1117667 0.1239801 0.0770976 0.1066569 0.0862849 0.0672869 0.0759696 0.0791877 0.0696879 0.0778839 0.0822975 0.0759751 0.0911639 0.1174907 0.1122571 0.1163816 0.1239418 0.0640751 0.1198539 0.0781804 0.0751770 0.0640089 0.0732316 0.0804713 0.1568030 0.1080883 0.1309702 0.0899796 0.1065856 0.1141951 0.0864296 0.0715808 0.1234613 0.0775793 0.1208184 0.1204363 0.0865485 0.0646531 0.1122831 0.0799698 0.0624998 0.1211103 0.0749927 0.0860476 0.0622847 0.1081464 0.1207371 0.1175150 0.1053446 0.1489237 0.1213584 0.1245359 0.1038312 0.1071490 0.0667467 0.1195329 0.0263252 0.0455494 0.0686892 0.0723043 0.0701231 0.0595086 0.0626755 0.1289897 0.0531267 0.0540767 0.1193841 0.0833062 0.0791239 0.1593883 0.1078659 0.1212535 0.0741923 0.1060479 0.0696359 
S0376         0.4086867 0.2864096 0.3838556 0.0831793 0.1060147 0.0898873 0.1758335 0.0464597 0.0644308 0.1059642 0.0869798 0.0530502 0.1091716 0.0715628 0.0607104 0.0524735 0.1101817 0.0905957 0.0996946 0.1151769 0.0919800 0.1086734 0.0872169 0.0833696 0.0000000 0.0513121 0.0523911 0.0998045 0.0671257 0.0928192 0.0590685 0.0370500 0.0962752 0.0892021 0.0870011 0.0732934 0.0784552 0.0981743 0.0926863 0.0973873 0.0615682 0.0466127 0.1020479 0.0955213 0.0993208 0.0575867 0.0746206 0.0926045 0.0937596 0.0602453 0.0906289 0.0750604 0.0495516 0.0748112 0.0620542 0.0522496 0.0612354 0.0655260 0.0769925 0.0758438 0.0903569 0.0968246 0.0929098 0.0881744 0.0579716 0.0907182 0.0683223 0.0693813 0.0625999 0.0713328 0.0728306 0.1057675 0.0898489 0.1094492 0.0764052 0.0838370 0.0865752 0.0811578 0.0724343 0.0946612 0.0610895 0.0949057 0.0866663 0.0804145 0.0819678 0.0915424 0.0607431 0.0780406 0.0959307 0.0535929 0.0564164 0.0694529 0.0853961 0.0955089 0.0880796 0.0891284 0.1124380 0.0924815 0.0991225 0.0917398 0.0947749 0.0520535 0.1019240 0.0850438 0.0671142 0.0514386 0.0520286 0.0539526 0.0749292 0.0489157 0.0979617 0.0784412 0.0744327 0.1116570 0.0539300 0.0653380 0.1058110 0.0871899 0.0947679 0.0531039 0.0897815 0.0480514 
S0400         0.4161518 0.2908786 0.3922996 0.0700226 0.0770435 0.0468145 0.1726408 0.0263025 0.0461416 0.0877751 0.0775210 0.0102141 0.0925403 0.0559155 0.0186656 0.0362084 0.0999432 0.0808692 0.0877403 0.0955620 0.0745414 0.0912326 0.0796945 0.0680831 0.0513121 0.0000000 0.0158343 0.0955556 0.0445936 0.0809189 0.0429538 0.0467819 0.0889222 0.0719816 0.0807597 0.0612592 0.0596367 0.0864275 0.0752239 0.0788060 0.0266685 0.0088514 0.0850738 0.0851132 0.0872019 0.0117328 0.0576863 0.0759665 0.0933572 0.0445144 0.0750093 0.0714562 0.0131248 0.0610999 0.0469759 0.0144035 0.0446053 0.0493869 0.0714992 0.0613647 0.0741977 0.0887076 0.0801713 0.0792738 0.0471901 0.0759212 0.0569461 0.0566541 0.0528783 0.0602796 0.0609735 0.0854621 0.0787897 0.1026619 0.0625525 0.0773276 0.0752618 0.0703292 0.0613836 0.0961356 0.0461064 0.0963637 0.0818014 0.0698425 0.0739131 0.0820633 0.0371096 0.0691957 0.0982581 0.0115379 0.0310298 0.0535775 0.0773900 0.0837372 0.0772341 0.0735729 0.0980093 0.0803244 0.0819689 0.0744171 0.0771259 0.0101822 0.0961308 0.0778281 0.0492289 0.0109260 0.0131502 0.0326762 0.0657043 0.0244182 0.0840778 0.0622245 0.0568647 0.0942691 0.0302920 0.0492905 0.1050626 0.0779506 0.0855397 0.0109157 0.0760513 0.0214414 
S0405         0.4241978 0.2914728 0.3850463 0.0736694 0.0780373 0.0509966 0.1747790 0.0301828 0.0503427 0.0900980 0.0806666 0.0165756 0.0937691 0.0586465 0.0252598 0.0410764 0.1005263 0.0841121 0.0919072 0.0959682 0.0775019 0.0915906 0.0844626 0.0716036 0.0523911 0.0158343 0.0000000 0.1027117 0.0495694 0.0840524 0.0464338 0.0494485 0.0924346 0.0749097 0.0830211 0.0647610 0.0648761 0.0897398 0.0781866 0.0820173 0.0319789 0.0109600 0.0882428 0.0864479 0.0866350 0.0196433 0.0605240 0.0789356 0.0958370 0.0494821 0.0771178 0.0756992 0.0188993 0.0637739 0.0495359 0.0208699 0.0487800 0.0528016 0.0752805 0.0634249 0.0782424 0.0937285 0.0816175 0.0827945 0.0498061 0.0771953 0.0564492 0.0584072 0.0564541 0.0629440 0.0644399 0.0880016 0.0793875 0.1024185 0.0670081 0.0821387 0.0767438 0.0724160 0.0633826 0.0957717 0.0503043 0.0960645 0.0808231 0.0736143 0.0777046 0.0861138 0.0410324 0.0712042 0.0987947 0.0172024 0.0341820 0.0612438 0.0787370 0.0851451 0.0811358 0.0756724 0.1023989 0.0826449 0.0869217 0.0773718 0.0801418 0.0129848 0.1013988 0.0817364 0.0519190 0.0166104 0.0160287 0.0357123 0.0685701 0.0290639 0.0866474 0.0667237 0.0612390 0.0955682 0.0334302 0.0535510 0.1082877 0.0793738 0.0869641 0.0172994 0.0791528 0.0266114 
S0407sl       0.4650211 0.3612297 0.4346636 0.1201554 0.0000010 0.1117114 0.2218207 0.0969156 0.0919764 0.0513689 0.1199927 0.0971522 0.0462253 0.1092611 0.1026627 0.1025916 0.0662076 0.1036541 0.1300706 0.0523138 0.1081171 0.0652485 0.1187325 0.1194376 0.0998045 0.0955556 0.1027117 0.0000000 0.1018484 0.0581418 0.0927304 0.0989379 0.0518120 0.1084305 0.0538072 0.1103380 0.1111057 0.1319142 0.1111303 0.0473863 0.1039108 0.0936784 0.0566538 0.0773293 0.0994716 0.0943013 0.1042794 0.1156978 0.1429780 0.0920602 0.1105056 0.1065705 0.0943367 0.1080026 0.0932098 0.0969596 0.0908974 0.0957695 0.1163584 0.1036692 0.0735970 0.1249545 0.0891590 0.0769381 0.0961751 0.0523495 0.0971545 0.1027929 0.1002542 0.1072575 0.1072711 0.1724738 0.1179080 0.1654724 0.1099781 0.1144638 0.1157985 0.1139851 0.1037581 0.1429386 0.0894287 0.1467611 0.0849408 0.1094139 0.1265631 0.1202465 0.1075580 0.1182725 0.1525034 0.0929900 0.1026232 0.1094378 0.0441301 0.0929050 0.0918754 0.1055304 0.0942373 0.0517828 0.1255816 0.1108462 0.1135655 0.0940617 0.1309810 0.1110528 0.1029770 0.0944336 0.1016154 0.1037452 0.1074556 0.0969926 0.0741156 0.1176112 0.1093236 0.0438154 0.1036435 0.0895039 0.0207542 0.1180418 0.1005598 0.0975670 0.1136319 0.0894111 
S0412sl       0.4247652 0.3061049 0.3927592 0.0778159 0.0714696 0.0732977 0.1742503 0.0430244 0.0554637 0.0929958 0.0908130 0.0470395 0.0968423 0.0670130 0.0543622 0.0511504 0.1017191 0.0917708 0.0986382 0.0998842 0.0859012 0.0983589 0.0808186 0.0685202 0.0671257 0.0445936 0.0495694 0.1018484 0.0000000 0.0823328 0.0565769 0.0577640 0.0920910 0.0832333 0.0885084 0.0701198 0.0533192 0.0927010 0.0855216 0.0828426 0.0599061 0.0440171 0.0856956 0.0922650 0.0932504 0.0459408 0.0716099 0.0890730 0.1001837 0.0346407 0.0863379 0.0742662 0.0458569 0.0682664 0.0578675 0.0494554 0.0571313 0.0595833 0.0724201 0.0728946 0.0827242 0.0976769 0.0870917 0.0844060 0.0580191 0.0829767 0.0628197 0.0662357 0.0589810 0.0681840 0.0689363 0.0969179 0.0894127 0.1115648 0.0706127 0.0865237 0.0870099 0.0767773 0.0675934 0.1018516 0.0569407 0.1022176 0.0870983 0.0744618 0.0819175 0.0906058 0.0535349 0.0747595 0.1021943 0.0468167 0.0550796 0.0613667 0.0814960 0.0906199 0.0875769 0.0848774 0.1027643 0.0817286 0.0949227 0.0857551 0.0875949 0.0453133 0.1016342 0.0801834 0.0601878 0.0431727 0.0445232 0.0502799 0.0755453 0.0412170 0.0930396 0.0711030 0.0673220 0.0983839 0.0526299 0.0602347 0.1119519 0.0885428 0.0906410 0.0478390 0.0874013 0.0429910 
S0417         0.4438916 0.3021748 0.4027463 0.1012122 0.1329802 0.1043149 0.1921060 0.0737247 0.0735040 0.0317516 0.1020033 0.0828454 0.0366029 0.0869414 0.0911889 0.0825968 0.0454744 0.1033729 0.1169446 0.0347658 0.1007483 0.0395400 0.1065456 0.1015686 0.0928192 0.0809189 0.0840524 0.0581418 0.0823328 0.0000000 0.0715571 0.0863710 0.0364577 0.0997044 0.0359453 0.0940556 0.0862332 0.1155805 0.0996267 0.0235706 0.0937846 0.0786933 0.0317417 0.0457723 0.0791862 0.0809361 0.0826729 0.1020519 0.1238475 0.0798108 0.0993507 0.0915288 0.0780198 0.0947204 0.0734230 0.0838035 0.0717979 0.0744094 0.1005620 0.0859180 0.0429855 0.1140744 0.0703825 0.0443170 0.0788327 0.0250442 0.0778731 0.0907243 0.0868009 0.0937230 0.0917651 0.1360742 0.1028518 0.1393910 0.0939870 0.1038861 0.1040769 0.1050264 0.0943068 0.1215972 0.0724075 0.1193203 0.0577478 0.0990048 0.1050395 0.1080846 0.0913337 0.0993029 0.1252266 0.0781124 0.0866408 0.0922749 0.0235546 0.0731943 0.0698475 0.0985468 0.0654007 0.0252349 0.1094514 0.1015222 0.1042745 0.0807216 0.1184183 0.1046868 0.0816393 0.0803140 0.0778923 0.0833890 0.0975474 0.0793163 0.0444896 0.0950260 0.0906669 0.0325853 0.0839974 0.0725578 0.0594013 0.1019415 0.0783595 0.0829258 0.1009406 0.0746644 
S0419         0.4137437 0.2832483 0.3806040 0.0666565 0.1166455 0.0806876 0.1630078 0.0389451 0.0062613 0.0830605 0.0363602 0.0438982 0.0859882 0.0525349 0.0487948 0.0556849 0.0899021 0.0710003 0.0746692 0.0900138 0.0663172 0.0848862 0.0730176 0.0788389 0.0590685 0.0429538 0.0464338 0.0927304 0.0565769 0.0715571 0.0000000 0.0542678 0.0852339 0.0637513 0.0697467 0.0637850 0.0682625 0.0757465 0.0670172 0.0718079 0.0538765 0.0415841 0.0777675 0.0735517 0.0761124 0.0484722 0.0207993 0.0686194 0.0890926 0.0507055 0.0668223 0.0617022 0.0459005 0.0627809 0.0027643 0.0487136 0.0020736 0.0048613 0.0673112 0.0214267 0.0703542 0.0748607 0.0681854 0.0651366 0.0427533 0.0709338 0.0491509 0.0565744 0.0501673 0.0619159 0.0618025 0.1024598 0.0376698 0.0948699 0.0633467 0.0642688 0.0717914 0.0679097 0.0588047 0.0864218 0.0020667 0.0839491 0.0726909 0.0673897 0.0681547 0.0682388 0.0563384 0.0675420 0.0875807 0.0444562 0.0496199 0.0525093 0.0690111 0.0726569 0.0638439 0.0636999 0.0890661 0.0717856 0.0749929 0.0662045 0.0696544 0.0437394 0.0793830 0.0799853 0.0481494 0.0407952 0.0429054 0.0481502 0.0639977 0.0445524 0.0679188 0.0587841 0.0551130 0.0897221 0.0504783 0.0048528 0.1071156 0.0368949 0.0735751 0.0455185 0.0360925 0.0375457 
S0427         0.4004316 0.2896241 0.3715423 0.0785445 0.0890153 0.0920779 0.1691621 0.0429335 0.0555610 0.0944682 0.0848981 0.0484461 0.0955399 0.0649501 0.0556525 0.0510536 0.1066194 0.0854481 0.0919653 0.1021743 0.0787252 0.0968248 0.0841009 0.0818359 0.0370500 0.0467819 0.0494485 0.0989379 0.0577640 0.0863710 0.0542678 0.0000000 0.0934742 0.0761134 0.0863176 0.0703212 0.0708110 0.0902213 0.0794677 0.0862414 0.0589054 0.0454541 0.0898177 0.0890587 0.0867332 0.0544686 0.0692645 0.0819132 0.0958165 0.0528008 0.0792377 0.0718650 0.0481046 0.0693458 0.0572439 0.0500914 0.0565061 0.0597727 0.0799211 0.0706022 0.0822561 0.0897903 0.0840139 0.0852663 0.0525497 0.0827036 0.0614361 0.0648068 0.0601505 0.0683951 0.0700143 0.0992215 0.0878568 0.1038780 0.0732609 0.0800166 0.0774196 0.0797423 0.0678370 0.0939614 0.0563173 0.0941689 0.0813793 0.0775840 0.0800212 0.0848981 0.0548301 0.0751351 0.0978841 0.0482052 0.0492645 0.0633377 0.0820339 0.0866487 0.0826802 0.0777847 0.1061221 0.0861081 0.0865300 0.0786459 0.0822747 0.0467449 0.0945092 0.0842832 0.0596366 0.0461351 0.0459084 0.0455113 0.0687702 0.0426879 0.0902024 0.0705023 0.0649040 0.1009364 0.0467738 0.0571889 0.1188801 0.0870486 0.0864063 0.0469036 0.0842026 0.0421223 
