135
PAFTOL_019361 0.0000000 0.2684367 0.2535264 0.2743631 0.2926133 0.2703582 0.2834902 0.2732273 0.2662666 0.2725230 0.2884015 0.2775283 0.2815386 0.3043672 0.2867176 0.2766075 0.2626094 0.3006481 0.2905245 0.2805982 0.2825793 0.2694694 0.2652571 0.2746620 0.2660535 0.2548962 0.2515415 0.2827327 0.2618751 0.2745384 0.2503693 0.2789830 0.2731390 0.2938284 0.2731126 0.2783015 0.2728819 0.2662780 0.2716280 0.2540533 0.2589298 0.2595151 0.2709360 0.2706832 0.2775135 0.2719976 0.2787833 0.2793797 0.2899691 0.2733526 0.2863783 0.2514611 0.2693830 0.2507558 0.2470336 0.2823227 0.2676242 0.2559629 0.2926612 0.2594706 0.2590636 0.2415587 0.2699739 0.2774338 0.2823067 0.2785312 0.2876295 0.2811194 0.2800075 0.2844164 0.2755493 0.2662287 0.2868128 0.2921659 0.3062732 0.3212519 0.2687575 0.2506999 0.2668126 0.2887085 0.2760137 0.2852219 0.2715341 0.2872862 0.2690060 0.2701912 0.2800781 0.2553310 0.2604801 0.2490550 0.2544869 0.2764254 0.2530565 0.2764144 0.2758642 0.2734463 0.2726941 0.2679416 0.2823315 0.3041099 0.2597965 0.2700265 0.2532653 0.2725250 0.2950896 0.2689509 0.2515876 0.2702833 0.2724791 0.2749341 0.2781532 0.2521881 0.2780457 0.2818657 0.2589965 0.2715027 0.2848600 0.2923729 0.2752145 0.2692342 0.2767015 0.2649762 0.2595597 0.2665047 0.2627611 0.2980241 0.2897234 0.2520515 0.2669707 0.2450172 0.3256244 0.2489964 0.2786507 0.2767244 0.2444719 
S0055         0.2684367 0.0000000 0.0785970 0.0966308 0.1059695 0.0450919 0.1124006 0.0940335 0.0869879 0.0550055 0.0874188 0.0956227 0.1130623 0.1257214 0.1019858 0.1099255 0.0877976 0.1120976 0.1041057 0.1095481 0.0765188 0.0451803 0.0486465 0.0972741 0.0690664 0.0861877 0.0798771 0.0772785 0.0847590 0.1092001 0.0889728 0.0902242 0.0695477 0.1271918 0.1057576 0.0960872 0.0567204 0.0473502 0.0925306 0.0928485 0.0969364 0.0554048 0.0480563 0.0935613 0.1105855 0.1600036 0.0694276 0.1096643 0.0857309 0.0504919 0.0991753 0.0802624 0.0459632 0.0788311 0.0786466 0.1010639 0.0957564 0.0907331 0.1231157 0.0917636 0.0893434 0.0676196 0.1009146 0.1046103 0.0942932 0.0926782 0.0993982 0.0982667 0.0714249 0.1058354 0.1694699 0.0759799 0.1138470 0.1152263 0.1099646 0.1229603 0.1673493 0.0788394 0.1640344 0.1005773 0.0935567 0.1177753 0.0604864 0.1124793 0.1661315 0.0448269 0.0640222 0.0860475 0.0873321 0.0852119 0.0904961 0.1143469 0.0900802 0.0979386 0.1101241 0.1068892 0.1058820 0.0471488 0.1104839 0.1164480 0.0783921 0.0493138 0.0459181 0.0316461 0.1105976 0.0558327 0.0891210 0.0877200 0.0884646 0.0964448 0.0594148 0.0804397 0.0960157 0.1046026 0.0967967 0.0475377 0.1060396 0.1032764 0.0883975 0.0514833 0.0932916 0.0503189 0.0971010 0.0514979 0.0529808 0.1080976 0.1032151 0.0927044 0.0788644 0.0712576 0.1306495 0.0729518 0.0909023 0.0722665 0.0719567 
S0196sl       0.2535264 0.0785970 0.0000000 0.0892867 0.0510362 0.0775199 0.0919708 0.0903261 0.0738542 0.0837988 0.1118498 0.0934159 0.0922983 0.1053640 0.0989666 0.0909950 0.0786293 0.1003752 0.0892565 0.0897417 0.0903798 0.0739762 0.0787947 0.0901397 0.0821880 0.0766506 0.0079774 0.0911100 0.0765108 0.0888646 0.0760443 0.0774528 0.0896407 0.1077374 0.0868171 0.0901334 0.0838700 0.0765212 0.0902602 0.0820999 0.0920524 0.0721056 0.0797904 0.0312705 0.0895365 0.1548617 0.0884128 0.0894149 0.0844399 0.0834796 0.0828210 0.0074847 0.0783280 0.0062183 0.0067147 0.0884602 0.0335697 0.0799832 0.1014541 0.0861682 0.0832759 0.0513584 0.0838908 0.0842258 0.0817937 0.0813558 0.0819582 0.0834729 0.0949568 0.0430099 0.1596380 0.0797058 0.0917322 0.1003499 0.0954693 0.1099480 0.1573705 0.0064493 0.1490218 0.0896913 0.0862594 0.0965459 0.0852776 0.0934232 0.1490336 0.0795056 0.0908909 0.0719792 0.0786151 0.0812236 0.0877098 0.0925466 0.0803830 0.0932564 0.0948681 0.0877016 0.0868130 0.0785430 0.0932819 0.1013551 0.0677000 0.0805033 0.0745960 0.0818607 0.0934606 0.0819762 0.0770643 0.0760810 0.0781320 0.0929421 0.0841755 0.0074622 0.0903401 0.0442086 0.0909396 0.0788765 0.0436506 0.0907801 0.0780774 0.0840182 0.0920518 0.0783528 0.0905283 0.0780481 0.0751761 0.0944755 0.0922144 0.0865387 0.0698227 0.0553853 0.1324191 0.0380230 0.0801876 0.0899072 0.0555435 
S0278         0.2743631 0.0966308 0.0892867 0.0000000 0.1123106 0.0967747 0.1142257 0.0409907 0.1079180 0.1034592 0.1337727 0.0337277 0.1158123 0.1259213 0.0416640 0.1147187 0.0364069 0.1259401 0.1194716 0.1131998 0.1113516 0.0957076 0.0978097 0.0453634 0.1114167 0.0356928 0.0875607 0.1123919 0.0394213 0.1118426 0.0554068 0.1089720 0.1111067 0.1278484 0.1093154 0.0303775 0.1046267 0.0968226 0.0309100 0.0625683 0.0788160 0.0931873 0.0987698 0.1039318 0.1092777 0.1682699 0.1159795 0.1122468 0.1144006 0.0989402 0.1160368 0.0892239 0.0954477 0.0852642 0.0860630 0.1170845 0.1051204 0.0587083 0.1245996 0.0751026 0.0614827 0.0852872 0.0464580 0.1052026 0.1097024 0.1088782 0.1119271 0.1130076 0.1178386 0.1097981 0.1743796 0.1102364 0.1104712 0.1174897 0.1294738 0.1355386 0.1721318 0.0853393 0.1691697 0.1190070 0.1109932 0.1145735 0.1054841 0.1261969 0.1690234 0.0969482 0.1067438 0.0994938 0.0370900 0.0682683 0.0753790 0.1154593 0.0598240 0.0264570 0.1181535 0.1107272 0.1080234 0.0948181 0.1153389 0.1283366 0.0985195 0.0971621 0.0939001 0.1004372 0.1213035 0.0994227 0.0611110 0.1087029 0.1081896 0.0381107 0.1016657 0.0878303 0.0445399 0.1089883 0.0812198 0.0962229 0.1106578 0.1208832 0.1071624 0.1011444 0.0330501 0.0965028 0.0715113 0.0992180 0.0954564 0.1234021 0.1211312 0.0736028 0.1039880 0.0862378 0.1548577 0.0872472 0.1093523 0.1083256 0.0883680 
S0281         0.2926133 0.1059695 0.0510362 0.1123106 0.0000000 0.1019629 0.1213155 0.1179239 0.1070510 0.1103559 0.1388203 0.1195678 0.1220299 0.1270159 0.1258425 0.1133846 0.1141723 0.1296303 0.1145777 0.1183691 0.1164122 0.0995798 0.1031664 0.1201335 0.1118873 0.1113859 0.0532262 0.1206789 0.1069801 0.1152282 0.1113006 0.1090745 0.1135675 0.1277606 0.1145557 0.1175642 0.1153859 0.1029085 0.1131784 0.1161779 0.1163010 0.1004190 0.1048983 0.0546613 0.1180187 0.1928496 0.1143816 0.1166496 0.1267218 0.1086564 0.1138170 0.0535336 0.1036715 0.0511745 0.0521625 0.1176404 0.0556550 0.1116556 0.1283273 0.1121358 0.1144852 0.0842404 0.1237494 0.1103843 0.1132049 0.1099468 0.1149849 0.1180207 0.1202233 0.0626345 0.1996167 0.1139073 0.1175348 0.1224378 0.1254642 0.1385962 0.1931265 0.0517911 0.1847983 0.1211635 0.1136259 0.1221299 0.1107775 0.1283099 0.1858189 0.1042531 0.1172956 0.1016590 0.1114294 0.1049488 0.1120948 0.1192026 0.1118644 0.1209557 0.1192848 0.1145567 0.1137253 0.1035351 0.1150684 0.1317971 0.1015338 0.1052301 0.1009305 0.1086425 0.1225699 0.1058453 0.1086336 0.1105218 0.1112345 0.1207754 0.1130441 0.0540108 0.1189214 0.0630469 0.1168177 0.1035806 0.0632615 0.1227826 0.1087843 0.1094714 0.1161368 0.1079497 0.1233587 0.1066214 0.1053313 0.1221879 0.1238083 0.1089756 0.1045135 0.0850339 0.1644544 0.0695922 0.1111316 0.1149836 0.0879340 
S0282         0.2703582 0.0450919 0.0775199 0.0967747 0.1019629 0.0000000 0.1066364 0.0962324 0.0874054 0.0163281 0.0722342 0.0939504 0.1040271 0.1180965 0.1036202 0.1022126 0.0858920 0.1086923 0.0953367 0.1045186 0.0713928 0.0072931 0.0155969 0.0947632 0.0613730 0.0845943 0.0756589 0.0736221 0.0827180 0.1002380 0.0886632 0.0878392 0.0614385 0.1216710 0.0976877 0.0977927 0.0259753 0.0139665 0.0936957 0.0901961 0.0991617 0.0490559 0.0099700 0.0884973 0.1039151 0.1618038 0.0660641 0.1000847 0.0807931 0.0261489 0.0968614 0.0768797 0.0094143 0.0748837 0.0747859 0.0988254 0.0907648 0.0895343 0.1214053 0.0942709 0.0888467 0.0678372 0.0989887 0.0977475 0.0917871 0.0904978 0.0983594 0.0980225 0.0481530 0.1015064 0.1709848 0.0714489 0.1106871 0.1124203 0.1054171 0.1165878 0.1698163 0.0743663 0.1646585 0.0967532 0.0889526 0.1150292 0.0425251 0.1048327 0.1669931 0.0079123 0.0339059 0.0792628 0.0861051 0.0881153 0.0936839 0.1065942 0.0895186 0.0994594 0.1046833 0.1003775 0.0991835 0.0141551 0.1076254 0.1066811 0.0770424 0.0119440 0.0159382 0.0459904 0.1012542 0.0340587 0.0870178 0.0882270 0.0852113 0.0980838 0.0305765 0.0762747 0.0940321 0.0982985 0.0999666 0.0103583 0.1020148 0.1024995 0.0847917 0.0271712 0.0974118 0.0272848 0.0985882 0.0205589 0.0510198 0.1000528 0.1012148 0.0952015 0.0728405 0.0717978 0.1275496 0.0704913 0.0859525 0.0667313 0.0729404 
S0288         0.2834902 0.1124006 0.0919708 0.1142257 0.1213155 0.1066364 0.0000000 0.1185529 0.1121318 0.1152662 0.1468721 0.1210938 0.0156953 0.0672684 0.1272718 0.0134142 0.1094890 0.1387939 0.1211275 0.0156195 0.1224509 0.1046704 0.1081435 0.1166624 0.1170522 0.1039144 0.0948428 0.1247573 0.1045662 0.0158379 0.1016696 0.1134769 0.1207317 0.0722476 0.0127568 0.1203563 0.1160103 0.1052518 0.1185710 0.1088415 0.1157164 0.1041379 0.1097834 0.1035168 0.0119844 0.1833479 0.1252540 0.0130987 0.1278936 0.1111031 0.1231895 0.0958261 0.1082298 0.0927476 0.0929094 0.1256010 0.1053778 0.1073465 0.0647953 0.1107490 0.1110017 0.0911861 0.1201321 0.0442819 0.1202614 0.1196707 0.1220138 0.1264309 0.1242940 0.1150943 0.1880612 0.1145826 0.0598756 0.0634444 0.1287755 0.1410324 0.1851017 0.0930387 0.1814173 0.1238148 0.1192106 0.0611546 0.1194654 0.1269736 0.1852937 0.1077995 0.1204498 0.1075677 0.1086056 0.1047111 0.1094097 0.0138360 0.1074593 0.1198191 0.0596828 0.0132094 0.0129455 0.1069828 0.0580523 0.1424157 0.1038232 0.1089562 0.1005747 0.1110473 0.1283507 0.1135999 0.1037107 0.1153645 0.1137918 0.1201090 0.1143172 0.0951098 0.1131700 0.1142922 0.1147982 0.1068231 0.1165589 0.1255541 0.1150432 0.1150128 0.1173453 0.1135331 0.1137376 0.1087928 0.1075134 0.1346083 0.1330144 0.1114777 0.1081248 0.0937551 0.1774309 0.0923519 0.1138398 0.1217780 0.0917613 
S0289         0.2732273 0.0940335 0.0903261 0.0409907 0.1179239 0.0962324 0.1185529 0.0000000 0.1023728 0.1019075 0.1336925 0.0438611 0.1211110 0.1308586 0.0433221 0.1159482 0.0355166 0.1217608 0.1163600 0.1180382 0.1104790 0.0955516 0.0957180 0.0435978 0.1059911 0.0346266 0.0876086 0.1115397 0.0374111 0.1161998 0.0567084 0.1116395 0.1104944 0.1319813 0.1137529 0.0458142 0.1064621 0.0959011 0.0391567 0.0622985 0.0793325 0.0926393 0.0988475 0.1043327 0.1151111 0.1626952 0.1149651 0.1161303 0.1140381 0.1008108 0.1205939 0.0884854 0.0958309 0.0855259 0.0866117 0.1204660 0.1079097 0.0575226 0.1317703 0.0733960 0.0624754 0.0844023 0.0465703 0.1102081 0.1124252 0.1118093 0.1180951 0.1184505 0.1156433 0.1146683 0.1728517 0.1057208 0.1183323 0.1227156 0.1299551 0.1405738 0.1650174 0.0853020 0.1638823 0.1219761 0.1070074 0.1216039 0.1047449 0.1193444 0.1637798 0.0961760 0.1105495 0.0949933 0.0349968 0.0684093 0.0751146 0.1188696 0.0583202 0.0452936 0.1229085 0.1152458 0.1131805 0.0936835 0.1218001 0.1215328 0.0945497 0.0976919 0.0923132 0.1048965 0.1149521 0.0983167 0.0598824 0.1044084 0.1034385 0.0395134 0.1049527 0.0896085 0.0427601 0.1137332 0.0802725 0.0960796 0.1135980 0.1145880 0.0989611 0.1027106 0.0439990 0.0971938 0.0706925 0.0982286 0.0917364 0.1193123 0.1143293 0.0738133 0.1016994 0.0867421 0.1563929 0.0866928 0.1004846 0.1074584 0.0882895 
S0292         0.2662666 0.0869879 0.0738542 0.1079180 0.1070510 0.0874054 0.1121318 0.1023728 0.0000000 0.0979687 0.1298255 0.1079054 0.1134219 0.1219859 0.1147139 0.1083705 0.0958990 0.0893302 0.0822072 0.1099692 0.1025018 0.0888663 0.0900655 0.1073280 0.1049833 0.0940550 0.0795383 0.1012341 0.0891269 0.1080963 0.0932159 0.0773471 0.0943252 0.1239755 0.1035347 0.1079819 0.0980481 0.0870587 0.1059893 0.0957785 0.1005686 0.0823712 0.0915599 0.0935656 0.1083420 0.1674140 0.1000969 0.1078219 0.1005659 0.0960737 0.0860421 0.0810521 0.0897550 0.0775716 0.0789358 0.0817350 0.0962183 0.0956443 0.1298518 0.0963260 0.0946773 0.0601416 0.1063743 0.1036874 0.0801386 0.0771422 0.0843690 0.0846401 0.1114626 0.1042327 0.1719653 0.0943206 0.1154430 0.1173053 0.0986128 0.1062475 0.1704666 0.0776655 0.1637951 0.0842785 0.0723026 0.1177657 0.1001226 0.0514968 0.1664155 0.0872049 0.1051303 0.0675795 0.0965637 0.0911314 0.0960718 0.1130694 0.0928852 0.1079375 0.1134578 0.1066216 0.1054714 0.0898364 0.1191466 0.0918587 0.0185487 0.0908002 0.0843566 0.0901317 0.0497994 0.0920064 0.0956414 0.0237105 0.0193933 0.1096994 0.0963581 0.0784129 0.1051707 0.1011459 0.1003816 0.0902521 0.1033542 0.0438242 0.0662485 0.0957734 0.1069854 0.0916636 0.1011285 0.0939458 0.0840254 0.0852364 0.0824678 0.0959203 0.0678185 0.0634772 0.1543451 0.0752716 0.0667913 0.0966002 0.0604475 
S0293         0.2725230 0.0550055 0.0837988 0.1034592 0.1103559 0.0163281 0.1152662 0.1019075 0.0979687 0.0000000 0.0825279 0.1000677 0.1133678 0.1261351 0.1104384 0.1113433 0.0926662 0.1178246 0.0987710 0.1125127 0.0808776 0.0170197 0.0262301 0.1026640 0.0721120 0.0916478 0.0841316 0.0832819 0.0894092 0.1097190 0.0952480 0.0980429 0.0724240 0.1278083 0.1072638 0.1040663 0.0340237 0.0242858 0.1006702 0.0988620 0.1061208 0.0588911 0.0199872 0.0976649 0.1128008 0.1748148 0.0783145 0.1092068 0.0910059 0.0356419 0.1059866 0.0856736 0.0193167 0.0833489 0.0829611 0.1054780 0.0999805 0.0975051 0.1306749 0.1021866 0.0992170 0.0781813 0.1065004 0.1064981 0.0998190 0.1003454 0.1068789 0.1059056 0.0545603 0.1120970 0.1861954 0.0810367 0.1183542 0.1183648 0.1136003 0.1236047 0.1829031 0.0833612 0.1773415 0.1071275 0.0985576 0.1224354 0.0513354 0.1160270 0.1793791 0.0184264 0.0431546 0.0886405 0.0934624 0.0956607 0.1022118 0.1156092 0.0977064 0.1074391 0.1118424 0.1093097 0.1083296 0.0244657 0.1163410 0.1147662 0.0877187 0.0222235 0.0256898 0.0559307 0.1131634 0.0433339 0.0959846 0.0983841 0.0968688 0.1051897 0.0390108 0.0847649 0.1012927 0.1045933 0.1069028 0.0208183 0.1123066 0.1140535 0.0946386 0.0374613 0.1030069 0.0363349 0.1063453 0.0306902 0.0596834 0.1111446 0.1085474 0.1036994 0.0820631 0.0810162 0.1373707 0.0794398 0.0967703 0.0764180 0.0810582 
S0294         0.2884015 0.0874188 0.1118498 0.1337727 0.1388203 0.0722342 0.1468721 0.1336925 0.1298255 0.0825279 0.0000000 0.1309004 0.1475714 0.1548633 0.1369143 0.1431984 0.1237344 0.1533874 0.1412688 0.1425419 0.1119660 0.0709643 0.0701488 0.1366258 0.1045556 0.1225021 0.1125909 0.1134226 0.1237800 0.1430056 0.1266807 0.1295528 0.1107852 0.1561529 0.1397072 0.1345618 0.0812963 0.0731599 0.1266303 0.1269509 0.1339182 0.0859224 0.0751263 0.1254588 0.1445882 0.1961006 0.1044234 0.1418179 0.1188993 0.0758376 0.1420976 0.1121824 0.0733100 0.1130842 0.1113017 0.1363618 0.1302055 0.1258007 0.1601005 0.1270964 0.1257583 0.1077177 0.1356351 0.1381303 0.1352831 0.1324487 0.1376619 0.1377643 0.0677005 0.1466320 0.2042539 0.1135673 0.1491685 0.1453400 0.1393964 0.1514564 0.2015678 0.1123449 0.1987313 0.1385224 0.1305634 0.1532375 0.0860281 0.1519825 0.1992857 0.0728427 0.0880522 0.1229409 0.1258251 0.1231920 0.1272999 0.1478425 0.1276601 0.1365941 0.1418601 0.1399482 0.1394190 0.0715795 0.1465234 0.1570605 0.1226709 0.0777573 0.0696734 0.0921000 0.1479703 0.0806283 0.1227537 0.1298345 0.1317085 0.1362977 0.0850390 0.1138895 0.1367128 0.1448629 0.1336005 0.0748917 0.1471675 0.1484975 0.1287141 0.0759918 0.1326495 0.0743816 0.1324737 0.0765070 0.0928989 0.1500515 0.1409451 0.1270516 0.1195071 0.1126286 0.1569873 0.1118406 0.1302265 0.1116599 0.1120751 
S0299         0.2775283 0.0956227 0.0934159 0.0337277 0.1195678 0.0939504 0.1210938 0.0438611 0.1079054 0.1000677 0.1309004 0.0000000 0.1241895 0.1321792 0.0471006 0.1198078 0.0392549 0.1204103 0.1149262 0.1208931 0.1119945 0.0924535 0.0942265 0.0459002 0.1081235 0.0365160 0.0902661 0.1145558 0.0422376 0.1183023 0.0593870 0.1084892 0.1076181 0.1351949 0.1156362 0.0378839 0.1047180 0.0930869 0.0364418 0.0664693 0.0801087 0.0899441 0.0943470 0.1045341 0.1179989 0.1737452 0.1183123 0.1200458 0.1125854 0.0993168 0.1162626 0.0912663 0.0923647 0.0885291 0.0886570 0.1193014 0.1069370 0.0619545 0.1337486 0.0761086 0.0662564 0.0866647 0.0511218 0.1079750 0.1124837 0.1101362 0.1160484 0.1160552 0.1145158 0.1157621 0.1886596 0.1039284 0.1182349 0.1242053 0.1303211 0.1384197 0.1794748 0.0882872 0.1770529 0.1196761 0.1058173 0.1228355 0.1039495 0.1231358 0.1768197 0.0935997 0.1053789 0.0989477 0.0399711 0.0704021 0.0770273 0.1232547 0.0604690 0.0373768 0.1229319 0.1173894 0.1159142 0.0933217 0.1252797 0.1218918 0.0983162 0.0935343 0.0890024 0.0993399 0.1188015 0.0957946 0.0636565 0.1093223 0.1078300 0.0417030 0.0996707 0.0902519 0.0469402 0.1153217 0.0805597 0.0924951 0.1148979 0.1205912 0.1008570 0.1016003 0.0380232 0.0968768 0.0726280 0.0978050 0.0915198 0.1193252 0.1181293 0.0748952 0.1031017 0.0872073 0.1505475 0.0885931 0.1044037 0.1105374 0.0894145 
S0303         0.2815386 0.1130623 0.0922983 0.1158123 0.1220299 0.1040271 0.0156953 0.1211110 0.1134219 0.1133678 0.1475714 0.1241895 0.0000000 0.0694640 0.1300251 0.0139173 0.1116430 0.1405513 0.1210126 0.0177858 0.1252205 0.1020585 0.1068554 0.1177651 0.1177875 0.1069498 0.0959873 0.1253312 0.1074308 0.0138669 0.1071048 0.1161120 0.1226916 0.0742491 0.0094300 0.1218306 0.1141073 0.1036412 0.1212646 0.1094664 0.1172587 0.1025390 0.1081257 0.1037227 0.0145421 0.1827666 0.1254502 0.0097945 0.1239526 0.1099580 0.1237170 0.0969468 0.1055886 0.0938699 0.0940318 0.1264669 0.1059116 0.1081478 0.0680421 0.1122009 0.1125866 0.0908077 0.1207048 0.0461053 0.1205958 0.1197687 0.1238747 0.1267942 0.1189780 0.1164570 0.1850317 0.1120712 0.0622119 0.0663994 0.1303538 0.1426547 0.1828867 0.0941652 0.1806267 0.1246222 0.1205728 0.0632504 0.1166153 0.1306758 0.1845213 0.1058383 0.1187160 0.1080747 0.1096379 0.1057815 0.1102371 0.0150448 0.1083316 0.1202747 0.0617938 0.0150933 0.0141483 0.1053788 0.0590210 0.1438417 0.1048044 0.1067164 0.1003565 0.1115403 0.1278081 0.1115549 0.1057167 0.1156682 0.1137675 0.1220538 0.1119000 0.0956670 0.1153188 0.1163726 0.1162739 0.1052417 0.1176135 0.1253650 0.1140429 0.1137257 0.1184414 0.1110099 0.1155815 0.1061584 0.1060347 0.1356655 0.1343806 0.1107477 0.1107571 0.0942805 0.1733670 0.0928419 0.1129566 0.1224607 0.0934641 
S0308         0.3043672 0.1257214 0.1053640 0.1259213 0.1270159 0.1180965 0.0672684 0.1308586 0.1219859 0.1261351 0.1548633 0.1321792 0.0694640 0.0000000 0.1407464 0.0663927 0.1187712 0.1497370 0.1321817 0.0673481 0.1358311 0.1166381 0.1196846 0.1287692 0.1253251 0.1193718 0.1048965 0.1382589 0.1208989 0.0667630 0.1193029 0.1272933 0.1274224 0.0848077 0.0648804 0.1345218 0.1306715 0.1189781 0.1280882 0.1224347 0.1311672 0.1167210 0.1217892 0.1138841 0.0675020 0.1997435 0.1355208 0.0663602 0.1353090 0.1246366 0.1383060 0.1042301 0.1194682 0.1027541 0.1029284 0.1365234 0.1171338 0.1186822 0.0797431 0.1256925 0.1202303 0.1011342 0.1329455 0.0566222 0.1356193 0.1330762 0.1346014 0.1363268 0.1361812 0.1246696 0.2017655 0.1267988 0.0717297 0.0694299 0.1453396 0.1560980 0.1977625 0.1024283 0.1961007 0.1425296 0.1313431 0.0730441 0.1319445 0.1417697 0.1990970 0.1169808 0.1289726 0.1180421 0.1218178 0.1202584 0.1277946 0.0701776 0.1177197 0.1311945 0.0744973 0.0658128 0.0639596 0.1193018 0.0715292 0.1475611 0.1147008 0.1185671 0.1119218 0.1231377 0.1383598 0.1244032 0.1178247 0.1245870 0.1250062 0.1341898 0.1261402 0.1054666 0.1300969 0.1250896 0.1326336 0.1170318 0.1250490 0.1382096 0.1232211 0.1260812 0.1319956 0.1278545 0.1279437 0.1233174 0.1185712 0.1403266 0.1402396 0.1254847 0.1227637 0.1040731 0.1842474 0.1025621 0.1241759 0.1345673 0.1047242 
S0320         0.2867176 0.1019858 0.0989666 0.0416640 0.1258425 0.1036202 0.1272718 0.0433221 0.1147139 0.1104384 0.1369143 0.0471006 0.1300251 0.1407464 0.0000000 0.1266052 0.0419332 0.1302048 0.1222348 0.1270561 0.1206793 0.1021576 0.1048997 0.0504548 0.1185698 0.0398717 0.0979701 0.1230180 0.0459079 0.1252644 0.0655702 0.1181785 0.1142392 0.1426916 0.1228063 0.0462818 0.1134743 0.1031704 0.0377944 0.0695800 0.0868445 0.0991501 0.1055466 0.1123555 0.1244361 0.1754764 0.1273431 0.1261807 0.1214261 0.1055588 0.1262739 0.0977099 0.1021655 0.0951834 0.0963247 0.1276237 0.1157011 0.0635195 0.1428634 0.0823002 0.0672085 0.0923988 0.0526676 0.1199800 0.1193919 0.1178380 0.1218486 0.1249624 0.1242858 0.1242781 0.1886377 0.1142898 0.1269547 0.1315134 0.1335617 0.1426986 0.1834249 0.0946324 0.1789985 0.1278118 0.1161161 0.1304514 0.1111246 0.1326500 0.1773677 0.1038882 0.1169453 0.1059480 0.0423272 0.0778937 0.0834231 0.1295148 0.0637896 0.0443325 0.1316859 0.1246958 0.1213904 0.1021588 0.1325228 0.1313049 0.1042684 0.1043914 0.0994331 0.1094709 0.1289979 0.1011896 0.0645232 0.1153899 0.1160896 0.0362172 0.1116293 0.0979480 0.0499631 0.1240287 0.0876631 0.1036363 0.1233726 0.1274371 0.1071181 0.1079866 0.0452165 0.1026060 0.0784014 0.1060825 0.1031601 0.1266577 0.1242262 0.0815165 0.1071053 0.0923800 0.1589543 0.0930697 0.1086836 0.1198830 0.0964575 
S0322         0.2766075 0.1099255 0.0909950 0.1147187 0.1133846 0.1022126 0.0134142 0.1159482 0.1083705 0.1113433 0.1431984 0.1198078 0.0139173 0.0663927 0.1266052 0.0000000 0.1060320 0.1339768 0.1197297 0.0138901 0.1212119 0.1008175 0.1041080 0.1163577 0.1128349 0.1028891 0.0919985 0.1214245 0.1017486 0.0134126 0.1017575 0.1125028 0.1172219 0.0709203 0.0107287 0.1169106 0.1115332 0.1012444 0.1177098 0.1067780 0.1095123 0.0995547 0.1050972 0.1001519 0.0120181 0.1794569 0.1206951 0.0113146 0.1225250 0.1074868 0.1213077 0.0926566 0.1039605 0.0898809 0.0903479 0.1235127 0.1010687 0.1054052 0.0620505 0.1049423 0.1082872 0.0868481 0.1200982 0.0437148 0.1208366 0.1164333 0.1219227 0.1245643 0.1204095 0.1104179 0.1815325 0.1131649 0.0576043 0.0625359 0.1254397 0.1382860 0.1789400 0.0895962 0.1765186 0.1212307 0.1165403 0.0586689 0.1151472 0.1239502 0.1792134 0.1041829 0.1168929 0.1023457 0.1060907 0.0985768 0.1032939 0.0111392 0.1046876 0.1181195 0.0575057 0.0137299 0.0127602 0.1029600 0.0539736 0.1355807 0.0998782 0.1060388 0.0966207 0.1077094 0.1247031 0.1092488 0.1013570 0.1118356 0.1098459 0.1190860 0.1107300 0.0916720 0.1152604 0.1107914 0.1096343 0.1018489 0.1118820 0.1198988 0.1104707 0.1110782 0.1166094 0.1087080 0.1116813 0.1048196 0.1018568 0.1289600 0.1253599 0.1043090 0.1059462 0.0888124 0.1678571 0.0879432 0.1093848 0.1194009 0.0880443 
S0327         0.2626094 0.0877976 0.0786293 0.0364069 0.1141723 0.0858920 0.1094890 0.0355166 0.0958990 0.0926662 0.1237344 0.0392549 0.1116430 0.1187712 0.0419332 0.1060320 0.0000000 0.1163971 0.1046838 0.1091921 0.1010021 0.0837199 0.0862292 0.0378225 0.0981526 0.0240364 0.0779075 0.1049372 0.0280456 0.1072489 0.0486398 0.1011595 0.1011419 0.1250509 0.1045425 0.0374197 0.0958005 0.0860288 0.0356029 0.0538476 0.0713607 0.0816024 0.0874588 0.0946412 0.1053821 0.1585644 0.1053968 0.1062745 0.1078535 0.0903122 0.1092685 0.0790525 0.0853158 0.0758935 0.0769653 0.1095704 0.0980530 0.0502082 0.1259767 0.0667370 0.0518379 0.0756536 0.0384753 0.0998907 0.1030864 0.1008369 0.1074621 0.1082287 0.1041353 0.1064459 0.1697306 0.0966127 0.1124955 0.1136098 0.1223156 0.1302330 0.1647458 0.0754453 0.1598642 0.1090163 0.0982765 0.1149104 0.0974144 0.1177934 0.1613261 0.0874576 0.0981325 0.0859673 0.0249420 0.0617933 0.0674259 0.1105692 0.0507761 0.0408013 0.1118419 0.1052107 0.1032547 0.0840014 0.1165918 0.1173749 0.0878115 0.0880082 0.0824508 0.0930229 0.1145607 0.0875768 0.0512678 0.0952470 0.0961096 0.0391391 0.0933504 0.0778779 0.0377384 0.1049097 0.0706854 0.0854919 0.1049645 0.1131966 0.0936810 0.0922388 0.0391109 0.0879824 0.0600996 0.0887612 0.0811481 0.1129702 0.1093442 0.0662147 0.0899866 0.0765420 0.1530984 0.0788941 0.0965737 0.1000505 0.0781674 
S0335         0.3006481 0.1120976 0.1003752 0.1259401 0.1296303 0.1086923 0.1387939 0.1217608 0.0893302 0.1178246 0.1533874 0.1204103 0.1405513 0.1497370 0.1302048 0.1339768 0.1163971 0.0000000 0.0626097 0.1393026 0.1242658 0.1075507 0.1081522 0.1273387 0.1223841 0.1177308 0.1047235 0.1257764 0.1121867 0.1353620 0.1111724 0.1022263 0.1167390 0.1518764 0.1335314 0.1263273 0.1184712 0.1098107 0.1208722 0.1197699 0.1222130 0.1031039 0.1120069 0.1180107 0.1348397 0.1947273 0.1246281 0.1350352 0.1245088 0.1190768 0.1105736 0.1051622 0.1094622 0.1023842 0.1031440 0.1074830 0.1220542 0.1174167 0.1517957 0.1189436 0.1168504 0.0910021 0.1278931 0.1304498 0.1044263 0.1023619 0.1071294 0.1075590 0.1306665 0.1247371 0.2023671 0.1139475 0.1379295 0.1420625 0.1167845 0.1251447 0.2000626 0.1026526 0.1917683 0.1110820 0.0766432 0.1412068 0.1197076 0.1058807 0.1926461 0.1107886 0.1258918 0.0889848 0.1152382 0.1140919 0.1206248 0.1394197 0.1150394 0.1256916 0.1446108 0.1345794 0.1321647 0.1106321 0.1425094 0.0689770 0.0822771 0.1104333 0.1016230 0.1104889 0.0990549 0.1151105 0.1157130 0.0898819 0.0894475 0.1264896 0.1175489 0.1037901 0.1263778 0.1271804 0.1260625 0.1124954 0.1251453 0.1005504 0.0585251 0.1177397 0.1240488 0.1093868 0.1239736 0.1110183 0.1103636 0.0642826 0.0333651 0.1201237 0.0952806 0.0911708 0.1750172 0.1001286 0.0587069 0.1195626 0.0918284 
S0345         0.2905245 0.1041057 0.0892565 0.1194716 0.1145777 0.0953367 0.1211275 0.1163600 0.0822072 0.0987710 0.1412688 0.1149262 0.1210126 0.1321817 0.1222348 0.1197297 0.1046838 0.0626097 0.0000000 0.1184173 0.1179609 0.0937500 0.0980120 0.1171680 0.1075625 0.1062485 0.0918242 0.1156589 0.1063174 0.1135483 0.1047018 0.0982630 0.1077136 0.1302022 0.1130443 0.1180516 0.1018387 0.0974323 0.1162604 0.1067044 0.1125945 0.0929618 0.0997975 0.0988419 0.1161278 0.1834834 0.1109009 0.1146951 0.1157800 0.1087456 0.1066896 0.0921695 0.0971714 0.0886387 0.0899556 0.1030816 0.1042130 0.1070010 0.1310587 0.1074413 0.1067253 0.0829921 0.1160644 0.1133316 0.1034569 0.1017599 0.1063208 0.1068690 0.1205074 0.1059042 0.1802396 0.1057877 0.1230087 0.1240959 0.1139697 0.1235476 0.1815281 0.0894404 0.1789598 0.1104979 0.0718768 0.1241539 0.1042998 0.0971790 0.1776221 0.0997935 0.1111758 0.0802682 0.1073424 0.1044216 0.1087494 0.1189481 0.1035695 0.1180462 0.1245305 0.1147912 0.1148903 0.0971602 0.1218424 0.0345583 0.0743464 0.1000541 0.0927849 0.0990362 0.0964986 0.1007019 0.1052622 0.0839452 0.0800207 0.1211786 0.1058779 0.0889150 0.1190946 0.1070611 0.1111733 0.0967486 0.1078695 0.0965717 0.0539384 0.1037529 0.1208258 0.0975224 0.1144117 0.0998321 0.0958852 0.0285639 0.0627690 0.1073135 0.0846673 0.0842900 0.1592531 0.0872340 0.0528586 0.1115677 0.0833073 
S0355         0.2805982 0.1095481 0.0897417 0.1131998 0.1183691 0.1045186 0.0156195 0.1180382 0.1099692 0.1125127 0.1425419 0.1208931 0.0177858 0.0673481 0.1270561 0.0138901 0.1091921 0.1393026 0.1184173 0.0000000 0.1204633 0.1013427 0.1066541 0.1164607 0.1155044 0.1044921 0.0937343 0.1212864 0.1050692 0.0147271 0.1053407 0.1120513 0.1190084 0.0705351 0.0132160 0.1197274 0.1134337 0.1034585 0.1192001 0.1075045 0.1116836 0.1018335 0.1069691 0.1004397 0.0135771 0.1808839 0.1224337 0.0137765 0.1249983 0.1079909 0.1203706 0.0944758 0.1052286 0.0919963 0.0924402 0.1230957 0.1025113 0.1062537 0.0655199 0.1053306 0.1099653 0.0875630 0.1198100 0.0437979 0.1180754 0.1160436 0.1192158 0.1235001 0.1181986 0.1132906 0.1833055 0.1118393 0.0592951 0.0633805 0.1285179 0.1398700 0.1801794 0.0925604 0.1798823 0.1200794 0.1184108 0.0600463 0.1168708 0.1267987 0.1824747 0.1060053 0.1179821 0.1048500 0.1085616 0.0996905 0.1037198 0.0170420 0.1048866 0.1201246 0.0596740 0.0141359 0.0136405 0.1044426 0.0571846 0.1402359 0.1005710 0.1065442 0.0979503 0.1083735 0.1276905 0.1118661 0.1039648 0.1131807 0.1107423 0.1206797 0.1123674 0.0943575 0.1142310 0.1112659 0.1099482 0.1053586 0.1149244 0.1236277 0.1118025 0.1114932 0.1182913 0.1103680 0.1126477 0.1060399 0.1037653 0.1317880 0.1318704 0.1052028 0.1087936 0.0897991 0.1740273 0.0888771 0.1111606 0.1196158 0.0893231 
S0376         0.2825793 0.0765188 0.0903798 0.1113516 0.1164122 0.0713928 0.1224509 0.1104790 0.1025018 0.0808776 0.1119660 0.1119945 0.1252205 0.1358311 0.1206793 0.1212119 0.1010021 0.1242658 0.1179609 0.1204633 0.0000000 0.0722859 0.0724546 0.1153784 0.0869854 0.1003485 0.0889342 0.0293134 0.0962688 0.1199606 0.0988448 0.1008163 0.0862776 0.1351959 0.1171937 0.1094900 0.0818056 0.0696375 0.1086053 0.1022696 0.1073638 0.0712380 0.0755131 0.1056249 0.1211884 0.1775732 0.0924371 0.1197349 0.1005626 0.0787446 0.1091122 0.0902276 0.0719979 0.0880992 0.0879910 0.1160029 0.1098734 0.1005891 0.1378272 0.1035821 0.1030779 0.0848008 0.1155879 0.1146068 0.1046780 0.1057236 0.1082518 0.1100687 0.0917682 0.1208986 0.1858878 0.0929897 0.1260929 0.1267201 0.1216264 0.1326043 0.1833599 0.0887078 0.1829132 0.1108590 0.1076497 0.1292149 0.0797040 0.1223824 0.1844001 0.0724581 0.0908277 0.0982170 0.1009020 0.0983348 0.1056474 0.1262620 0.1021899 0.1142873 0.1194083 0.1170590 0.1152011 0.0709724 0.1280522 0.1264258 0.0918133 0.0742878 0.0677102 0.0752514 0.1203848 0.0763708 0.0971614 0.1001784 0.1021604 0.1121074 0.0847745 0.0895382 0.1139593 0.1202394 0.1094440 0.0738385 0.1207523 0.1184435 0.0997858 0.0773234 0.1119401 0.0751590 0.1114269 0.0734426 0.0708633 0.1217122 0.1153508 0.1065505 0.0943011 0.0883311 0.1395774 0.0846293 0.1019212 0.0384717 0.0890760 
S0400         0.2694694 0.0451803 0.0739762 0.0957076 0.0995798 0.0072931 0.1046704 0.0955516 0.0888663 0.0170197 0.0709643 0.0924535 0.1020585 0.1166381 0.1021576 0.1008175 0.0837199 0.1075507 0.0937500 0.1013427 0.0722859 0.0000000 0.0169845 0.0937126 0.0601873 0.0836088 0.0739351 0.0750543 0.0826905 0.0983470 0.0874066 0.0885201 0.0634260 0.1169402 0.0957902 0.0972944 0.0257387 0.0148821 0.0929612 0.0907121 0.0974573 0.0509615 0.0106453 0.0851572 0.1016698 0.1613910 0.0680399 0.0981582 0.0801702 0.0276133 0.0978439 0.0748306 0.0103112 0.0731625 0.0725148 0.0992965 0.0877411 0.0895837 0.1189434 0.0926170 0.0891848 0.0681355 0.0965324 0.0959430 0.0924801 0.0910303 0.0987127 0.0983994 0.0474048 0.0991754 0.1710312 0.0694628 0.1055269 0.1095223 0.1047084 0.1167488 0.1693548 0.0732043 0.1641579 0.0985279 0.0897966 0.1091997 0.0412677 0.1065699 0.1661777 0.0097860 0.0338739 0.0780677 0.0851160 0.0859334 0.0916930 0.1049773 0.0892017 0.0981262 0.1010425 0.0978631 0.0972435 0.0150689 0.1041390 0.1059970 0.0782067 0.0130774 0.0168668 0.0470923 0.1054462 0.0335607 0.0875255 0.0894209 0.0878605 0.0972033 0.0310625 0.0739840 0.0929630 0.0951285 0.0979506 0.0110342 0.0994382 0.1034511 0.0852630 0.0283881 0.0958802 0.0270686 0.0976546 0.0212936 0.0518155 0.1007178 0.1003761 0.0935614 0.0736219 0.0717345 0.1245519 0.0693251 0.0866769 0.0683841 0.0728750 
S0405         0.2652571 0.0486465 0.0787947 0.0978097 0.1031664 0.0155969 0.1081435 0.0957180 0.0900655 0.0262301 0.0701488 0.0942265 0.1068554 0.1196846 0.1048997 0.1041080 0.0862292 0.1081522 0.0980120 0.1066541 0.0724546 0.0169845 0.0000000 0.0961803 0.0624224 0.0848445 0.0766298 0.0751556 0.0826513 0.1021361 0.0887533 0.0896826 0.0634187 0.1211119 0.0991606 0.1011380 0.0304559 0.0138166 0.0936858 0.0936610 0.0990328 0.0508608 0.0196996 0.0883147 0.1057397 0.1648022 0.0685076 0.1022221 0.0799012 0.0299245 0.0987403 0.0778331 0.0190373 0.0753045 0.0763139 0.0995247 0.0905515 0.0912145 0.1198185 0.0950879 0.0902756 0.0706365 0.1000423 0.1009109 0.0946837 0.0926556 0.0992493 0.1004878 0.0525939 0.1043754 0.1738544 0.0733459 0.1109578 0.1117654 0.1057802 0.1157475 0.1705914 0.0758962 0.1677774 0.0996376 0.0904107 0.1148500 0.0443292 0.1071733 0.1688573 0.0172237 0.0384621 0.0792312 0.0876053 0.0887830 0.0942066 0.1084668 0.0907766 0.1003213 0.1064926 0.1016110 0.1013374 0.0151480 0.1089211 0.1093788 0.0794801 0.0216942 0.0148771 0.0503685 0.1034646 0.0361947 0.0882450 0.0898920 0.0878992 0.0984271 0.0358414 0.0766888 0.0959498 0.1033662 0.1003963 0.0202865 0.1052007 0.1032272 0.0844548 0.0314256 0.0974972 0.0307680 0.0993405 0.0236515 0.0509429 0.1030863 0.1007073 0.0966001 0.0724670 0.0742306 0.1260771 0.0724523 0.0873787 0.0699248 0.0745344 
S0407sl       0.2746620 0.0972741 0.0901397 0.0453634 0.1201335 0.0947632 0.1166624 0.0435978 0.1073280 0.1026640 0.1366258 0.0459002 0.1177651 0.1287692 0.0504548 0.1163577 0.0378225 0.1273387 0.1171680 0.1164607 0.1153784 0.0937126 0.0961803 0.0000000 0.1068848 0.0342355 0.0894049 0.1192413 0.0382085 0.1146062 0.0605511 0.1118214 0.1135348 0.1351412 0.1106483 0.0458126 0.1047265 0.0953758 0.0431991 0.0672923 0.0820945 0.0949633 0.0977844 0.1058402 0.1126190 0.1752148 0.1174820 0.1131164 0.1157803 0.0999438 0.1195488 0.0895764 0.0937191 0.0878291 0.0883734 0.1247270 0.1094354 0.0640977 0.1320330 0.0788450 0.0651773 0.0857767 0.0497160 0.1088700 0.1150431 0.1116868 0.1173457 0.1198645 0.1130627 0.1164830 0.1843391 0.1087110 0.1213569 0.1260899 0.1336389 0.1412123 0.1826260 0.0881848 0.1774636 0.1239864 0.1092392 0.1229955 0.1076756 0.1235753 0.1783554 0.0953638 0.1090223 0.1027197 0.0369493 0.0722756 0.0784556 0.1161158 0.0629238 0.0500613 0.1226097 0.1128433 0.1106428 0.0939749 0.1241926 0.1336943 0.0987305 0.0961963 0.0921062 0.1024542 0.1236050 0.0987566 0.0651210 0.1080348 0.1103804 0.0475997 0.1040118 0.0899995 0.0129007 0.1162602 0.0837366 0.0944214 0.1160053 0.1231785 0.1041959 0.0993097 0.0476072 0.0967735 0.0759596 0.0985741 0.0932563 0.1238614 0.1227721 0.0752299 0.0999489 0.0892491 0.1579870 0.0883469 0.1091077 0.1135975 0.0891021 
S0412sl       0.2660535 0.0690664 0.0821880 0.1114167 0.1118873 0.0613730 0.1170522 0.1059911 0.1049833 0.0721120 0.1045556 0.1081235 0.1177875 0.1253251 0.1185698 0.1128349 0.0981526 0.1223841 0.1075625 0.1155044 0.0869854 0.0601873 0.0624224 0.1068848 0.0000000 0.0968170 0.0850918 0.0846880 0.0941188 0.1146185 0.0944073 0.0992352 0.0705014 0.1273799 0.1109799 0.1107266 0.0717172 0.0619355 0.1078599 0.1001834 0.1076776 0.0595045 0.0662197 0.1021396 0.1149025 0.1710983 0.0593068 0.1114773 0.0972555 0.0673574 0.1102994 0.0869930 0.0637240 0.0854963 0.0857057 0.1118362 0.1016196 0.0994497 0.1294536 0.1021044 0.0957868 0.0809920 0.1105499 0.1094163 0.1064591 0.1065773 0.1101455 0.1118497 0.0808880 0.1090028 0.1824942 0.0909480 0.1147656 0.1179686 0.1172284 0.1268812 0.1783108 0.0849072 0.1733888 0.1107103 0.1056938 0.1192362 0.0726036 0.1199867 0.1739342 0.0648207 0.0747512 0.0989369 0.1000028 0.0959796 0.1028179 0.1180894 0.1000003 0.1130856 0.1151812 0.1119360 0.1124751 0.0618832 0.1171906 0.1219473 0.0903155 0.0664082 0.0607205 0.0693212 0.1241639 0.0669523 0.0983437 0.1029082 0.1015652 0.1132306 0.0689927 0.0881627 0.1059651 0.1080908 0.1092646 0.0634918 0.1096987 0.1175744 0.0990570 0.0698281 0.1085464 0.0663485 0.1102711 0.0625399 0.0565716 0.1130163 0.1147549 0.1048410 0.0866323 0.0836333 0.1364385 0.0840596 0.0992260 0.0824813 0.0858130 
S0417         0.2548962 0.0861877 0.0766506 0.0356928 0.1113859 0.0845943 0.1039144 0.0346266 0.0940550 0.0916478 0.1225021 0.0365160 0.1069498 0.1193718 0.0398717 0.1028891 0.0240364 0.1177308 0.1062485 0.1044921 0.1003485 0.0836088 0.0848445 0.0342355 0.0968170 0.0000000 0.0750650 0.1029581 0.0260530 0.1021421 0.0449622 0.1014421 0.1010010 0.1222830 0.0995953 0.0371553 0.0945930 0.0855871 0.0326597 0.0514332 0.0689226 0.0823049 0.0861982 0.0921990 0.1003683 0.1578099 0.1049214 0.1019721 0.1025914 0.0901483 0.1092260 0.0755725 0.0843951 0.0730777 0.0741309 0.1092316 0.0947568 0.0489287 0.1224680 0.0651928 0.0510026 0.0746898 0.0349770 0.0978266 0.1029349 0.1008149 0.1059982 0.1074684 0.1031086 0.1080840 0.1687710 0.0947697 0.1089984 0.1135537 0.1217815 0.1314416 0.1643906 0.0728838 0.1600352 0.1089469 0.0981633 0.1111284 0.0932086 0.1121985 0.1609803 0.0858497 0.0987930 0.0886133 0.0187468 0.0593988 0.0647942 0.1058799 0.0483324 0.0393817 0.1099579 0.1010042 0.0984208 0.0844157 0.1130722 0.1202592 0.0842725 0.0864446 0.0831277 0.0902437 0.1107018 0.0857699 0.0484009 0.0922385 0.0948302 0.0374912 0.0934166 0.0758774 0.0336855 0.1056338 0.0693920 0.0845083 0.1065929 0.1093235 0.0940983 0.0918386 0.0379131 0.0869981 0.0588021 0.0876919 0.0815424 0.1143259 0.1098887 0.0630803 0.0906235 0.0761999 0.1445904 0.0763651 0.0978180 0.0987901 0.0768859 
S0419         0.2515415 0.0798771 0.0079774 0.0875607 0.0532262 0.0756589 0.0948428 0.0876086 0.0795383 0.0841316 0.1125909 0.0902661 0.0959873 0.1048965 0.0979701 0.0919985 0.0779075 0.1047235 0.0918242 0.0937343 0.0889342 0.0739351 0.0766298 0.0894049 0.0850918 0.0750650 0.0000000 0.0912542 0.0739262 0.0919697 0.0780554 0.0810865 0.0884920 0.1069622 0.0894762 0.0910684 0.0853267 0.0746691 0.0862057 0.0824309 0.0923608 0.0728405 0.0775711 0.0326191 0.0921960 0.1589141 0.0916292 0.0921017 0.0885634 0.0812107 0.0901900 0.0075523 0.0767663 0.0055808 0.0066661 0.0930858 0.0353530 0.0803698 0.1053646 0.0875386 0.0805168 0.0556957 0.0911469 0.0852026 0.0860037 0.0846713 0.0882956 0.0894788 0.0927337 0.0480570 0.1669907 0.0807390 0.0969761 0.1018668 0.1004270 0.1125922 0.1607185 0.0057869 0.1543294 0.0943339 0.0884905 0.1003831 0.0865570 0.0977676 0.1549998 0.0776726 0.0912034 0.0726993 0.0764337 0.0812861 0.0881086 0.0959808 0.0799739 0.0922137 0.0959962 0.0914761 0.0893328 0.0766745 0.0953616 0.1079595 0.0720700 0.0781427 0.0735699 0.0836576 0.0954695 0.0798272 0.0769136 0.0777103 0.0810221 0.0925204 0.0840180 0.0077529 0.0889701 0.0465895 0.0914122 0.0773623 0.0483274 0.0939990 0.0806836 0.0833277 0.0908550 0.0790329 0.0908148 0.0780499 0.0740123 0.0998058 0.0987796 0.0870384 0.0763607 0.0584354 0.1366251 0.0384185 0.0834711 0.0879799 0.0590762 
S0427         0.2827327 0.0772785 0.0911100 0.1123919 0.1206789 0.0736221 0.1247573 0.1115397 0.1012341 0.0832819 0.1134226 0.1145558 0.1253312 0.1382589 0.1230180 0.1214245 0.1049372 0.1257764 0.1156589 0.1212864 0.0293134 0.0750543 0.0751556 0.1192413 0.0846880 0.1029581 0.0912542 0.0000000 0.0992983 0.1190442 0.1033530 0.1070078 0.0897299 0.1387698 0.1166615 0.1140989 0.0828382 0.0721340 0.1108375 0.1075618 0.1114971 0.0738662 0.0775693 0.1064720 0.1223500 0.1720925 0.0917463 0.1205797 0.0992193 0.0787838 0.1157182 0.0922267 0.0758417 0.0901558 0.0909051 0.1170956 0.1093314 0.1079220 0.1391632 0.1075054 0.1067031 0.0910208 0.1180684 0.1188722 0.1113628 0.1079371 0.1148201 0.1150576 0.0884098 0.1222268 0.1834302 0.0937315 0.1278246 0.1292204 0.1247154 0.1351351 0.1788527 0.0901375 0.1763457 0.1118662 0.1076212 0.1325619 0.0832780 0.1220165 0.1781378 0.0749156 0.0907783 0.0999667 0.1046715 0.1031660 0.1094863 0.1265650 0.1079479 0.1128039 0.1230006 0.1192702 0.1155809 0.0728259 0.1293494 0.1269990 0.0922292 0.0779437 0.0699119 0.0757187 0.1200068 0.0780295 0.1039495 0.1009817 0.1020541 0.1126038 0.0855617 0.0915916 0.1202308 0.1213460 0.1129332 0.0760434 0.1221109 0.1164454 0.0992788 0.0789448 0.1129274 0.0775834 0.1184390 0.0751311 0.0738219 0.1245197 0.1187847 0.1084751 0.0961035 0.0925929 0.1420342 0.0901059 0.1003987 0.0388873 0.0930543 
S0428sl       0.2618751 0.0847590 0.0765108 0.0394213 0.1069801 0.0827180 0.1045662 0.0374111 0.0891269 0.0894092 0.1237800 0.0422376 0.1074308 0.1208989 0.0459079 0.1017486 0.0280456 0.1121867 0.1063174 0.1050692 0.0962688 0.0826905 0.0826513 0.0382085 0.0941188 0.0260530 0.0739262 0.0992983 0.0000000 0.1029871 0.0461111 0.0988362 0.0967796 0.1193239 0.0989012 0.0396940 0.0930605 0.0828335 0.0370634 0.0511806 0.0679027 0.0789678 0.0853323 0.0914216 0.1002026 0.1584416 0.1032108 0.1014908 0.1012374 0.0871058 0.1070262 0.0738503 0.0836672 0.0723849 0.0719980 0.1099250 0.0945692 0.0475708 0.1265597 0.0647213 0.0512700 0.0682891 0.0385419 0.0952035 0.1011478 0.1001188 0.1059032 0.1060057 0.1030594 0.1054870 0.1694368 0.0948041 0.1110411 0.1156036 0.1192290 0.1292681 0.1625102 0.0718782 0.1589887 0.1078395 0.0962607 0.1141192 0.0930973 0.1109225 0.1600040 0.0838401 0.0988461 0.0858065 0.0257293 0.0589005 0.0634788 0.1043341 0.0473594 0.0439004 0.1046711 0.1009389 0.0992632 0.0831923 0.1151229 0.1178298 0.0820208 0.0829329 0.0789130 0.0909413 0.1082311 0.0858373 0.0486471 0.0900706 0.0906714 0.0421424 0.0924189 0.0744980 0.0369523 0.1043768 0.0669078 0.0834721 0.1043170 0.1050543 0.0921333 0.0882036 0.0412637 0.0861924 0.0579083 0.0858735 0.0788096 0.1113714 0.1033864 0.0619407 0.0888253 0.0711075 0.1476706 0.0716465 0.0947308 0.0962776 0.0723692 
