112
PAFTOL_019361 0.0000000 0.1867476 0.2904032 0.2689375 0.2258188 0.1725161 0.2362141 0.2511130 0.1915126 0.1954254 0.2474157 0.2533443 0.3049836 0.2360545 0.2319947 0.1930890 0.2034807 0.1826213 0.1827633 0.2485007 0.2640709 0.2095062 0.2091156 0.1710718 0.2677811 0.3841314 0.2338985 0.1879191 0.1895703 0.1885275 0.2515939 0.1830791 0.1880547 0.2378190 0.2563067 0.3184835 0.2678987 0.2351310 0.1806724 0.2796218 0.2140271 0.1881756 0.2104404 0.2101759 0.2261080 0.2423234 0.2321666 0.1653014 0.1654703 0.1760868 0.1614885 0.2679644 0.1999366 0.3275951 0.2373042 0.1812515 0.1773204 0.3027984 0.2988556 0.1715822 0.2135303 0.2790209 0.1796644 0.2124931 0.2897299 0.1945150 0.2154995 0.1960551 0.1668683 0.2665521 0.1597495 0.1973001 0.2530389 0.2600584 0.2612934 0.2230971 0.1890615 0.2186416 0.2746558 0.1906388 0.1687382 0.1840761 0.1643111 0.1915341 0.1986819 0.1660133 0.1725207 0.2261360 0.2501003 0.2129179 0.2154056 0.2063214 0.2352707 0.1655635 0.1944078 0.1822356 0.1854690 0.2350064 0.1947385 0.2337796 0.1848326 0.1937264 0.1916233 0.1941609 0.2175539 0.1679929 0.1602566 0.2025358 0.2270392 0.1878725 0.2084460 0.1800836 
S0055         0.1867476 0.0000000 0.0863260 0.0845159 0.0722777 0.0487095 0.1064307 0.1047301 0.0702451 0.0587055 0.1114275 0.0851502 0.1313574 0.0936428 0.0937063 0.0797401 0.0686533 0.0447089 0.0519558 0.1067085 0.0909842 0.0725049 0.0689262 0.0589423 0.1134779 0.1336086 0.0905240 0.0550168 0.0526605 0.0654794 0.0948434 0.0509305 0.0520858 0.0865590 0.0749777 0.1553220 0.1197849 0.1017405 0.0519732 0.0927774 0.0699123 0.0459227 0.0656734 0.0689840 0.0792995 0.0820569 0.0917231 0.0588975 0.0652967 0.0623319 0.0587190 0.0887053 0.0716781 0.1767456 0.1145431 0.0593464 0.0632022 0.1485365 0.1350410 0.0664188 0.0948309 0.0895532 0.0593786 0.0724904 0.1421535 0.0492455 0.0751385 0.0775910 0.0526729 0.0887191 0.0540004 0.0843670 0.0991383 0.0920910 0.1098091 0.0980934 0.0845583 0.0530274 0.0903154 0.0833614 0.0715602 0.0493260 0.0367348 0.0162136 0.0792272 0.0593714 0.0627881 0.0803693 0.0789607 0.0649185 0.0693745 0.0754339 0.1175246 0.0553762 0.0649117 0.0784216 0.0687641 0.1083644 0.0751201 0.1070722 0.0644226 0.0686844 0.0862358 0.0831501 0.1121280 0.0626807 0.0736731 0.0791011 0.0916542 0.0856716 0.0719755 0.0801322 
S0196sl       0.2904032 0.0863260 0.0000000 0.1439685 0.0482669 0.0629650 0.1933234 0.1552814 0.1008237 0.0490009 0.1950395 0.1604850 0.2387146 0.1567371 0.1676077 0.1236105 0.0912261 0.0558558 0.0633378 0.1724378 0.1583802 0.0356146 0.0911213 0.0842431 0.1524719 0.1586195 0.1683592 0.0795107 0.0563328 2.7005622 0.1387436 0.0930935 0.0707856 0.0488446 0.0569032 0.1722380 0.1854439 0.1816599 0.0776856 0.0904722 0.0543562 0.0698141 0.0355005 0.0229232 0.0356247 0.2165683 0.1366056 0.0848693 0.0844899 0.0842431 0.0842431 0.1065470 0.0484595 0.1992140 2.7005622 0.0909886 0.0754081 0.1766408 0.1634406 0.0855723 0.1507621 0.1921462 0.1310509 0.0946264 0.1772737 0.0561613 0.1077665 0.1092873 2.7005622 0.1666060 2.2011681 6.0033453 0.1303451 0.1544246 0.2225133 0.1696961 6.0033453 0.0664664 0.1593838 0.1069994 0.0919745 0.0718535 0.0709149 0.1103504 0.0919745 0.1178531 0.0847188 0.1268021 0.1665451 0.0916242 0.0486191 0.0484595 0.1844981 0.0701773 0.0775424 0.1072567 0.0850101 0.1530015 0.0988172 0.1542488 0.0978762 0.1071304 0.1155706 0.1254614 0.1602494 0.0910563 0.0850131 0.1004041 0.0554382 0.1163979 0.0971806 0.0932710 
S0278         0.2689375 0.0845159 0.1439685 0.0000000 0.0997670 0.0797445 0.1222406 0.0435380 0.0989409 0.0905821 0.1597449 0.0255049 0.1244728 0.0342693 0.1211590 0.1263196 0.1138997 0.0768052 0.0834411 0.1503092 0.0193512 0.0878959 0.1175357 0.0991021 0.1629004 0.2485125 0.0314303 0.0776454 0.0840895 0.0264230 0.0491022 0.0897170 0.0766845 0.1117428 0.1473125 0.2100912 0.1508657 0.1217443 0.0834804 0.2137407 0.0818925 0.0801706 0.0850368 0.0886135 0.1000580 0.1035339 0.1063553 0.0990045 0.1062111 0.1030341 0.0986836 0.1569908 0.1061391 0.2135382 0.0937006 0.1071063 0.1082966 0.1920353 0.1769889 0.1119545 0.1216240 0.1294574 0.1097322 0.0995124 0.1810301 0.0806928 0.1054251 0.1155936 0.0205853 0.0554180 0.0212189 0.0567118 0.0709512 0.0342202 0.1379200 0.1132072 0.0568576 0.1601908 0.1234605 0.1355817 0.1017000 0.0808185 0.0841145 0.0873305 0.1068630 0.0998206 0.0953096 0.1084030 0.0315952 0.1052103 0.0926390 0.1105364 0.0781243 0.0868226 0.0908598 0.1096940 0.1025617 0.0430615 0.1015228 0.0680210 0.0895854 0.1061551 0.1343425 0.1367064 0.0721202 0.0988883 0.1245099 0.1168474 0.1098418 0.1178806 0.1177041 0.1198046 
S0281         0.2258188 0.0722777 0.0482669 0.0997670 0.0000000 0.0681773 0.1025776 0.1205285 0.0805389 0.0720301 0.1339337 0.1004083 0.1134028 0.1130819 0.0901356 0.0899529 0.0829777 0.0648517 0.0716712 0.1270077 0.1140584 0.0187930 0.0731741 0.0851922 0.1403698 0.1558041 0.1095821 0.0790912 0.0657548 0.0792200 0.1092346 0.0802853 0.0718651 0.0301907 0.0559685 0.1737584 0.1364079 0.1021773 0.0652210 0.1491400 0.0203276 0.0685293 0.0187667 0.0160012 0.0300408 0.1185382 0.0870612 0.0784279 0.0919006 0.0854150 0.0848518 0.1171240 0.0417311 0.1782599 0.1282112 0.0926341 0.0890225 0.1651709 0.1511197 0.0889120 0.1185457 0.1113120 0.0937675 0.0796466 0.1586569 0.0689585 0.0997217 0.0982596 0.0778171 0.1044081 0.0483640 0.0863628 0.1087736 0.1085793 0.1210335 0.0943548 0.0865618 0.0897314 0.1190757 0.0973395 0.0819357 0.0625712 0.0727377 0.0829482 0.0797291 0.0804060 0.0728244 0.0880138 0.1091087 0.0855376 0.0213881 0.0449496 0.1216057 0.0753972 0.0717983 0.0861674 0.0860859 0.1164434 0.0895000 0.1140587 0.0814629 0.0898286 0.0930036 0.0980830 0.1244203 0.0927587 0.0991190 0.1033643 0.0655877 0.0936730 0.0864573 0.0878198 
S0282         0.1725161 0.0487095 0.0629650 0.0797445 0.0681773 0.0000000 0.0904328 0.0925551 0.0626323 0.0219230 0.1044222 0.0805296 0.1304386 0.0889219 0.0852039 0.0819866 0.0579363 0.0082329 0.0132528 0.1052887 0.0931672 0.0585303 0.0614424 0.0581127 0.1013397 0.1375894 0.0789204 0.0189376 0.0106989 0.0537623 0.0805955 0.0439329 0.0079074 0.0588111 0.0643905 0.1609459 0.1068622 0.0900862 0.0187400 0.1052419 0.0540964 0.0160189 0.0551506 0.0552125 0.0522393 0.0936867 0.0800472 0.0580693 0.0579400 0.0614498 0.0578957 0.0859610 0.0547632 0.1705069 0.1017726 0.0648555 0.0687605 0.1578025 0.1442041 0.0654639 0.1045005 0.0962067 0.0548204 0.0682279 0.1432297 0.0106543 0.0602322 0.0764493 0.0583810 0.0813750 0.0313759 0.0658438 0.0802060 0.0800987 0.1041579 0.0826343 0.0660006 0.0304995 0.0992819 0.0891309 0.0640325 0.0106732 0.0107020 0.0550584 0.0681401 0.0518903 0.0554971 0.0758729 0.0783808 0.0539957 0.0619381 0.0582252 0.0963918 0.0106191 0.0608740 0.0740639 0.0217567 0.0926190 0.0480314 0.0897610 0.0360357 0.0613534 0.0781154 0.0897948 0.0889343 0.0617889 0.0794992 0.0648075 0.0598328 0.0743663 0.0611182 0.0688901 
S0288         0.2362141 0.1064307 0.1933234 0.1222406 0.1025776 0.0904328 0.0000000 0.1178485 0.1017675 0.0950461 0.1589762 0.1275807 0.1037084 0.1207486 0.0138873 0.1200315 0.1179455 0.0915279 0.1013388 0.1581923 0.1253493 0.1114677 0.1056236 0.0922909 0.1676995 0.1705895 0.1209076 0.1066406 0.0957686 0.0544784 0.1406836 0.1059310 0.0945417 0.1161127 0.0342005 0.2387212 0.1570387 0.0107045 0.0943151 0.2102921 0.1056731 0.0979578 0.1036228 0.1073772 0.1116518 0.0923961 0.0470065 0.0844708 0.0955402 0.0923852 0.0881895 0.1765884 0.1028062 0.2485014 0.0835464 0.0963335 0.1010306 0.2279233 0.2112660 0.0973178 0.1381074 0.0776784 0.0964353 0.0965220 0.2212800 0.0915290 0.1169564 0.0949477 0.0475168 0.1171584 0.0318310 0.0151078 0.1344279 0.1346721 0.0900839 0.0052782 0.0151486 0.1787080 0.0881601 0.1321731 0.0905772 0.0846761 0.0957359 0.1179097 0.1038662 0.1045399 0.0823215 0.1006271 0.1297498 0.1093642 0.1068068 0.1071634 0.1128425 0.0948760 0.0879191 0.1106770 0.1100968 0.1362322 0.1098702 0.1478172 0.0764286 0.1105219 0.1194461 0.1332685 0.1219374 0.0964673 0.1134783 0.1187575 0.1163675 0.1189418 0.1178217 0.1089256 
S0289         0.2511130 0.1047301 0.1552814 0.0435380 0.1205285 0.0925551 0.1178485 0.0000000 0.1133527 0.1004885 0.1602372 0.0284510 0.1318464 0.0432490 0.1091756 0.1371186 0.1276828 0.0901249 0.1033811 0.1587522 0.0464691 0.1086494 0.1280330 0.1074893 0.1586009 0.2247399 0.0401454 0.0861194 0.0869910 0.0484093 0.0520335 0.0995866 0.0894860 0.1254157 0.1323662 0.2173321 0.1521660 0.1173837 0.1034352 0.2123601 0.1036628 0.1000306 0.1052233 0.1089336 0.1171700 0.1253436 0.0983996 0.1032013 0.1145667 0.1114305 0.1070382 0.1658835 0.1046666 0.2260182 0.1162716 0.1120804 0.1167863 0.2134002 0.2064189 0.1095751 0.1518910 0.1405085 0.1113322 0.1045772 0.2020801 0.0936662 0.1219280 0.1264082 0.0473255 0.0648408 0.0314636 0.0667357 0.0634996 0.0594937 0.1388218 0.1091970 0.0668962 0.1639748 0.1321502 0.1449197 0.1066858 0.0938072 0.0978517 0.1081081 0.1206367 0.1083827 0.1095245 0.1266267 0.0377596 0.1231557 0.1131944 0.1089935 0.0830629 0.0966388 0.0959207 0.1271078 0.1087563 0.0523354 0.1157196 0.0632190 0.1032692 0.1074039 0.1447508 0.1513489 0.0807163 0.1087999 0.1210587 0.1323859 0.1259811 0.1356220 0.1315629 0.1209474 
S0292         0.1915126 0.0702451 0.1008237 0.0989409 0.0805389 0.0626323 0.1017675 0.1133527 0.0000000 0.0696815 0.1151794 0.0933556 0.1489693 0.1074052 0.0888017 0.0504026 0.0771119 0.0654436 0.0726835 0.1049278 0.1062809 0.0738096 0.0737589 0.0491822 0.1048103 0.1722293 0.0888147 0.0566205 0.0700107 0.0496053 0.0989947 0.0543655 0.0662873 0.0776201 0.0913977 0.1716638 0.1062440 0.1013609 0.0795851 0.0757700 0.0648123 0.0763163 0.0668445 0.0702185 0.0670998 0.1285882 0.0943243 0.0491473 0.0521075 0.0524476 0.0490011 0.1110704 0.0731329 0.1878618 0.1066160 0.0433165 0.0498787 0.1631941 0.1490547 0.0499336 0.0640638 0.1239645 0.0601295 0.0374657 0.1524066 0.0633529 0.0826115 0.0376726 0.0661460 0.0992447 0.0440812 0.0757533 0.1095554 0.0952300 0.1211223 0.0933697 0.0695116 0.1139007 0.1262620 0.0603092 0.0250788 0.0602060 0.0628749 0.0843090 0.0403301 0.0637454 0.0193782 0.0317196 0.0891841 0.0764478 0.0667752 0.0769782 0.1107139 0.0695635 0.0280738 0.0531349 0.0736833 0.0946347 0.0767861 0.1160421 0.0655856 0.0730197 0.0629950 0.0639948 0.1066601 0.0428775 0.0506266 0.0699779 0.0898392 0.0533493 0.0805799 0.0408581 
S0293         0.1954254 0.0587055 0.0490009 0.0905821 0.0720301 0.0219230 0.0950461 0.1004885 0.0696815 0.0000000 0.1104448 0.0914909 0.1278701 0.1002675 0.0897932 0.0894878 0.0715653 0.0199915 0.0305981 0.1204606 0.1015164 0.0622183 0.0748098 0.0684708 0.1136983 0.1280102 0.0902334 0.0338980 0.0279160 0.0734673 0.0773939 0.0574087 0.0248979 0.0691798 0.0563547 0.1534917 0.1261380 0.0874554 0.0365344 0.0973456 0.0628870 0.0336317 0.0621160 0.0588346 0.0623279 0.1044930 0.0809302 0.0684155 0.0618442 0.0719553 0.0682063 0.0916429 0.0682301 0.1787669 0.0915897 0.0755230 0.0796689 0.1636345 0.1497280 0.0762501 0.1128781 0.1087144 0.0620813 0.0689991 0.1530346 0.0279684 0.0678943 0.0803607 0.0780360 0.0931141 0.0546585 0.0799631 0.0847432 0.0916171 0.1091819 0.0870465 0.0801504 0.0311325 0.1077495 0.0971404 0.0711714 0.0280167 0.0280967 0.0653197 0.0754801 0.0590771 0.0622954 0.0832713 0.0823892 0.0614083 0.0691381 0.0719266 0.1084405 0.0276954 0.0615479 0.0849909 0.0367265 0.0969391 0.0584575 0.0952805 0.0454134 0.0684004 0.0928150 0.0978809 0.1010331 0.0723617 0.0872943 0.0754667 0.0505654 0.0853473 0.0748972 0.0763319 
S0294         0.2474157 0.1114275 0.1950395 0.1597449 0.1339337 0.1044222 0.1589762 0.1602372 0.1151794 0.1104448 0.0000000 0.1336214 0.2008842 0.1562601 0.1542970 0.1431398 0.1387666 0.1094966 0.1156834 0.1608736 0.1618361 0.1263307 0.1312197 0.1087386 0.1724174 0.2647155 0.1437277 0.1016530 0.1138314 0.0940201 0.1479684 0.1146252 0.1087353 0.1350720 0.2079766 0.2130488 0.1700291 0.1627590 0.1160396 0.2162129 0.1038661 0.1125131 0.1222442 0.1220817 0.1265322 0.1471748 0.1500719 0.1086283 0.1195660 0.1127316 0.1082768 0.1170055 0.1250741 0.2111614 0.1241172 0.1083105 0.1166095 0.2066336 0.1910702 0.1092890 0.1797576 0.1585420 0.1138134 0.1265311 0.1910640 0.1057091 0.1162632 0.1376352 0.1053173 0.1512838 0.0688058 0.1084724 0.1673435 0.1532162 0.1820144 0.1532652 0.1087128 0.1714788 0.1600256 0.1434312 0.1168482 0.1022749 0.0983120 0.1273861 0.1300152 0.1182586 0.1113416 0.1362465 0.1439799 0.1208079 0.1222464 0.1205587 0.1690196 0.1054780 0.1169664 0.1447691 0.1290157 0.1646514 0.1248101 0.1488066 0.1171589 0.1216768 0.1385197 0.1531267 0.1693511 0.1172343 0.1310080 0.1265678 0.1421170 0.1454409 0.1271889 0.1058008 
S0299         0.2533443 0.0851502 0.1604850 0.0255049 0.1004083 0.0805296 0.1275807 0.0284510 0.0933556 0.0914909 0.1336214 0.0000000 0.1331649 0.0312568 0.1223487 0.1148498 0.1111750 0.0809317 0.0912250 0.1459664 0.0313765 0.0921407 0.1071357 0.0879778 0.1544171 0.2223888 0.0254168 0.0740999 0.0847142 0.0207092 0.0455045 0.0874056 0.0774395 0.1089398 0.1881952 0.1919593 0.1382004 0.1270563 0.0912702 0.1993131 0.0683381 0.0878822 0.0890317 0.0926599 0.1009107 0.1135168 0.1113659 0.0878961 0.0949118 0.0917768 0.0876145 0.1470142 0.1033674 0.1975641 0.0904792 0.0923147 0.0964977 0.1858215 0.1708210 0.0932505 0.1188081 0.1394519 0.0951215 0.0850377 0.1747491 0.0812894 0.1045746 0.1091891 0.0309980 0.0560200 0.0153984 0.0432583 0.0648837 0.0376138 0.1260779 0.1183176 0.0433697 0.1706184 0.1408001 0.1192428 0.0954275 0.0816249 0.0855760 0.0915453 0.0931017 0.0921378 0.0896441 0.1093829 0.0231025 0.0981988 0.0970149 0.1077562 0.0698861 0.0876870 0.0768665 0.1019485 0.1036171 0.0375394 0.0995030 0.0646427 0.0911268 0.0988947 0.1184407 0.1204103 0.0685076 0.0890739 0.1001107 0.1231736 0.1146390 0.1099317 0.1149887 0.0958373 
S0308         0.3049836 0.1313574 0.2387146 0.1244728 0.1134028 0.1304386 0.1037084 0.1318464 0.1489693 0.1278701 0.2008842 0.1331649 0.0000000 0.1344942 0.1034235 0.1650086 0.1470396 0.1244440 0.1345789 0.1935821 0.1275140 0.1190573 0.1457950 0.1461763 0.1909567 0.1606239 0.1306834 0.1358642 0.1252284 0.0819232 0.1553019 0.1400159 0.1352698 0.1354529 0.1065264 0.2328735 0.1879066 0.0917081 0.1386016 0.2816820 0.0999416 0.1348516 0.1145699 0.1184154 0.1268780 0.1171897 0.0571126 0.1331166 0.1501012 0.1507292 0.1454970 0.1944848 0.1215851 0.2267384 0.1047675 0.1597818 0.1658674 0.2292398 0.2126815 0.1468749 0.1855581 0.1077718 0.1599260 0.1384182 0.2163694 0.1284680 0.1653093 0.1595921 0.0736335 0.1340207 0.0631176 0.0679774 0.1481290 0.1501125 0.1078230 0.0953973 0.0681430 0.2212852 0.1268954 0.1832315 0.1231960 0.1245520 0.1370647 0.1399753 0.1469174 0.1480655 0.1310403 0.1428306 0.1348345 0.1607362 0.1177769 0.1262324 0.1559222 0.1357609 0.1321985 0.1581439 0.1530231 0.1477140 0.1615264 0.1575795 0.1310270 0.1409673 0.1771131 0.1848588 0.1602243 0.1557567 0.1671005 0.1649142 0.1357070 0.1677191 0.1511572 0.1612279 
S0320         0.2360545 0.0936428 0.1567371 0.0342693 0.1130819 0.0889219 0.1207486 0.0432490 0.1074052 0.1002675 0.1562601 0.0312568 0.1344942 0.0000000 0.1196510 0.1211918 0.1045117 0.0899279 0.0996258 0.1521791 0.0433592 0.1008705 0.1159882 0.0942073 0.1604845 0.2040884 0.0308445 0.0903869 0.0937386 0.0423871 0.0562042 0.0896535 0.0858707 0.1178332 0.1619290 0.2249069 0.1453494 0.1202632 0.0996767 0.1904993 0.0844449 0.0963038 0.0980482 0.1016948 0.1097592 0.1120577 0.1050778 0.0941173 0.1011675 0.0980410 0.0938173 0.1770722 0.1046412 0.2282717 0.1087398 0.1020034 0.1031220 0.2156868 0.1997932 0.0992047 0.1308776 0.1360062 0.0978699 0.0983547 0.2044401 0.0899823 0.1190986 0.1154268 0.0470914 0.0515565 0.0258335 0.0602437 0.0734300 0.0532854 0.1270055 0.1118479 0.0603902 0.1743022 0.1336493 0.1297649 0.1005291 0.0901176 0.0833629 0.0964160 0.1056120 0.0949064 0.0951941 0.1145016 0.0381955 0.1115584 0.1058534 0.1089622 0.0739708 0.0964302 0.0898254 0.1010002 0.1121147 0.0368900 0.1043254 0.0775435 0.0855406 0.1011759 0.1247885 0.1268562 0.0646103 0.0987483 0.1001189 0.1166815 0.1079968 0.1088936 0.1081825 0.1033067 
S0322         0.2319947 0.0937063 0.1676077 0.1211590 0.0901356 0.0852039 0.0138873 0.1091756 0.0888017 0.0897932 0.1542970 0.1223487 0.1034235 0.1196510 0.0000000 0.1069474 0.1050669 0.0851467 0.0961718 0.1408978 0.1243325 0.0987974 0.0943386 0.0869807 0.1585004 0.1691330 0.1198115 0.1014377 0.0833729 0.0707021 0.1436239 0.0967531 0.0893094 0.1031329 0.0264946 0.2150090 0.1435490 0.0138368 0.0890929 0.1837282 0.0957550 0.0927570 0.0910595 0.0947770 0.0951191 0.1023588 0.0484225 0.0756941 0.0902710 0.0870715 0.0828806 0.1623206 0.0866155 0.2292759 0.0958600 0.0910282 0.0957119 0.2089732 0.1926606 0.0919714 0.1246721 0.0764651 0.0984407 0.0912084 0.1970628 0.0862484 0.1198250 0.0931980 0.0630548 0.1159578 0.0399884 0.0272654 0.1251420 0.1338240 0.0970619 0.0081843 0.0273411 0.1534731 0.0874313 0.1189404 0.0853458 0.0793430 0.0904544 0.1089394 0.0986092 0.1067439 0.0769083 0.0878072 0.1239923 0.1081093 0.0906747 0.0908034 0.1115249 0.0896313 0.0826197 0.1092128 0.1049292 0.1354272 0.1125543 0.1389047 0.0782138 0.1015525 0.1025013 0.1199287 0.1208216 0.0911572 0.1082055 0.1097361 0.1151931 0.1176033 0.1088723 0.0959206 
S0335         0.1930890 0.0797401 0.1236105 0.1263196 0.0899529 0.0819866 0.1200315 0.1371186 0.0504026 0.0894878 0.1431398 0.1148498 0.1650086 0.1211918 0.1069474 0.0000000 0.0939957 0.0750822 0.0924942 0.1436861 0.1423729 0.1006892 0.0978068 0.0650237 0.1362414 0.1995656 0.1143776 0.0835348 0.0861914 0.0626281 0.1220649 0.0816801 0.0859046 0.0977128 0.1167490 0.1699456 0.1335375 0.1155149 0.0925397 0.0843013 0.0839131 0.0892145 0.0932663 0.0968307 0.0833005 0.1284854 0.1123504 0.0649718 0.0614754 0.0684619 0.0647752 0.1442026 0.0997394 0.1976739 0.1198250 0.0620832 0.0659633 0.1723944 0.1578997 0.0691778 0.0657663 0.1391183 0.0838540 0.0737552 0.1614852 0.0900195 0.1030623 0.0731518 0.0927902 0.1205890 0.0610863 0.0884950 0.1161449 0.1258266 0.1444304 0.1111865 0.0821068 0.1293113 0.1351384 0.0218275 0.0588585 0.0833149 0.0759751 0.0976292 0.0728021 0.0739640 0.0467777 0.0668722 0.1139602 0.0887930 0.0931742 0.1039385 0.1302449 0.0893319 0.0628107 0.0484451 0.0937966 0.1333083 0.0938342 0.1401267 0.0786594 0.0894539 0.0272912 0.0219615 0.1189504 0.0686197 0.0592190 0.0943064 0.1218632 0.0549027 0.0975870 0.0556441 
S0376         0.2034807 0.0686533 0.0912261 0.1138997 0.0829777 0.0579363 0.1179455 0.1276828 0.0771119 0.0715653 0.1387666 0.1111750 0.1470396 0.1045117 0.1050669 0.0939957 0.0000000 0.0609344 0.0612837 0.0895005 0.1207101 0.0794984 0.0163767 0.0787157 0.1257395 0.1657042 0.1086964 0.0621979 0.0653936 0.1065041 0.1126273 0.0708436 0.0614424 0.0831337 0.0806719 0.1514546 0.0981662 0.1174803 0.0678285 0.0897928 0.0843365 0.0647033 0.0725067 0.0758870 0.0759412 0.1338052 0.1028214 0.0786475 0.0853583 0.0823252 0.0784040 0.1193615 0.0685280 0.1661607 0.1389268 0.0794623 0.0835040 0.1530777 0.1393992 0.0834644 0.1102151 0.1206323 0.0727855 0.0933791 0.1416345 0.0585830 0.0752698 0.0952795 0.0912903 0.1202587 0.0742946 0.0935421 0.1184707 0.1256970 0.1246461 0.1092780 0.0937549 0.0800864 0.1308021 0.1086957 0.0851400 0.0555349 0.0524621 0.0689118 0.0898032 0.0665851 0.0729663 0.0911153 0.1127296 0.0685906 0.0798376 0.0722447 0.1164288 0.0584816 0.0851111 0.1068132 0.0613614 0.1193928 0.0616445 0.1225855 0.0741923 0.0788678 0.0968333 0.1095446 0.1196006 0.0795701 0.0690159 0.0758541 0.0915926 0.1072780 0.0133619 0.0767387 
S0400         0.1826213 0.0447089 0.0558558 0.0768052 0.0648517 0.0082329 0.0915279 0.0901249 0.0654436 0.0199915 0.1094966 0.0809317 0.1244440 0.0899279 0.0851467 0.0750822 0.0609344 0.0000000 0.0138811 0.1110738 0.0907838 0.0615900 0.0646508 0.0607230 0.1108217 0.1378600 0.0794476 0.0227785 0.0140366 0.0524859 0.0768020 0.0529583 0.0110829 0.0652470 0.0645123 0.1570140 0.1050576 0.0874718 0.0138840 0.0972693 0.0617622 0.0110752 0.0580116 0.0579358 0.0582256 0.0952722 0.0791975 0.0606751 0.0604641 0.0642273 0.0604857 0.0823018 0.0608460 0.1673297 0.0978350 0.0677317 0.0716711 0.1541044 0.1399935 0.0683955 0.1017415 0.0976199 0.0576462 0.0682539 0.1431845 0.0139754 0.0599045 0.0806190 0.0513902 0.0820385 0.0282968 0.0655827 0.0772390 0.0770783 0.1056197 0.0833418 0.0657526 0.0305488 0.1007925 0.0786128 0.0668342 0.0140327 0.0140312 0.0512709 0.0711741 0.0448187 0.0579361 0.0793342 0.0789002 0.0533979 0.0616590 0.0645632 0.0978665 0.0139575 0.0605713 0.0670519 0.0257667 0.0938058 0.0471772 0.0794810 0.0346860 0.0610698 0.0711652 0.0790022 0.0899782 0.0645237 0.0831565 0.0714099 0.0662177 0.0742248 0.0642941 0.0719955 
S0405         0.1827633 0.0519558 0.0633378 0.0834411 0.0716712 0.0132528 0.1013388 0.1033811 0.0726835 0.0305981 0.1156834 0.0912250 0.1345789 0.0996258 0.0961718 0.0924942 0.0612837 0.0138811 0.0000000 0.1092029 0.0928333 0.0619148 0.0648454 0.0678445 0.1053144 0.1385562 0.0893759 0.0274594 0.0190044 0.0714840 0.0850230 0.0568736 0.0160505 0.0686687 0.0648245 0.1706546 0.1180942 0.1009477 0.0215695 0.1058832 0.0621557 0.0188222 0.0584850 0.0585503 0.0618752 0.1024837 0.0906782 0.0677898 0.0676350 0.0712930 0.0675852 0.0898473 0.0643700 0.1698691 0.1213923 0.0748227 0.0789221 0.1625125 0.1487168 0.0755372 0.1112886 0.1071204 0.0644380 0.0783044 0.1519814 0.0161911 0.0698683 0.0869550 0.0642215 0.0922020 0.0481419 0.0841738 0.0839301 0.0907329 0.1119918 0.0932344 0.0843644 0.0306769 0.1102527 0.0998630 0.0738577 0.0189578 0.0190099 0.0583870 0.0744749 0.0517881 0.0652398 0.0862817 0.0891717 0.0634545 0.0653730 0.0679780 0.1081022 0.0188593 0.0706213 0.0842013 0.0303651 0.1034393 0.0573540 0.0971128 0.0450146 0.0711839 0.0884606 0.1006224 0.1000306 0.0716916 0.0900483 0.0747683 0.0698755 0.0845519 0.0645027 0.0790764 
S0412sl       0.2485007 0.1067085 0.1724378 0.1503092 0.1270077 0.1052887 0.1581923 0.1587522 0.1049278 0.1204606 0.1608736 0.1459664 0.1935821 0.1521791 0.1408978 0.1436861 0.0895005 0.1110738 0.1092029 0.0000000 0.1400072 0.1231414 0.0830108 0.1169237 0.1080840 0.2402348 0.1398352 0.0922316 0.1073240 0.1280801 0.1677495 0.0739554 0.1012854 0.1272968 0.1622186 0.1923334 0.0765247 0.1575551 0.1095302 0.1578808 0.1167855 0.1097169 0.1152477 0.1190125 0.1191112 0.1409610 0.1377231 0.1096450 0.1240464 0.1209198 0.1164309 0.1687423 0.1140647 0.2077097 0.1539789 0.1058191 0.1138911 0.1819401 0.1673422 0.1228572 0.1424543 0.1500266 0.1146585 0.1204511 0.1755239 0.1065592 0.1027325 0.1359061 0.0913246 0.1539920 0.0943043 0.1140065 0.1722545 0.1561832 0.1634432 0.1484008 0.1142529 0.1542761 0.1436451 0.1478883 0.1177258 0.1031943 0.1028904 0.1071383 0.1231734 0.1081898 0.1011676 0.1287774 0.1478750 0.1217290 0.1236578 0.1098070 0.1460816 0.1063307 0.1199477 0.1452288 0.1058235 0.1551374 0.1149131 0.1705804 0.1164896 0.0741258 0.1465398 0.1564304 0.1567337 0.1144897 0.1278171 0.1177297 0.1402813 0.1458902 0.0930222 0.1105018 
S0417         0.2640709 0.0909842 0.1583802 0.0193512 0.1140584 0.0931672 0.1253493 0.0464691 0.1062809 0.1015164 0.1618361 0.0313765 0.1275140 0.0433592 0.1243325 0.1423729 0.1207101 0.0907838 0.0928333 0.1400072 0.0000000 0.1017290 0.1174918 0.1049059 0.1605297 0.2554876 0.0370093 0.0906777 0.0949091 0.0362715 0.0636373 0.0961071 0.0900817 0.1264521 0.1742623 0.1977687 0.1458527 0.1248423 0.0970526 0.2182772 0.0990468 0.0936707 0.0988877 0.1025674 0.1181419 0.1159514 0.0980260 0.1048013 0.1120035 0.1088502 0.1044640 0.1545245 0.1128069 0.1950583 0.0962356 0.1131672 0.1141855 0.1812785 0.1667273 0.1143292 0.1084702 0.1278505 0.1096018 0.1094288 0.1748733 0.0942918 0.1194617 0.1102245 0.0097434 0.0686467 0.0315931 0.0544715 0.0879782 0.0429363 0.1361198 0.1162850 0.0546064 0.1761950 0.1341584 0.1505904 0.1158332 0.0944342 0.0977961 0.0937798 0.1161825 0.0982926 0.0993702 0.1273323 0.0348676 0.1162356 0.1067668 0.1172782 0.0811476 0.0976259 0.1005407 0.1126893 0.1092012 0.0486190 0.1124608 0.0706885 0.1074502 0.1047532 0.1495807 0.1563320 0.0747076 0.1012985 0.1229530 0.1314286 0.1247095 0.1208969 0.1245467 0.1300793 
S0419         0.2095062 0.0725049 0.0356146 0.0878959 0.0187930 0.0585303 0.1114677 0.1086494 0.0738096 0.0622183 0.1263307 0.0921407 0.1190573 0.1008705 0.0987974 0.1006892 0.0794984 0.0615900 0.0619148 0.1231414 0.1017290 0.0000000 0.0697656 0.0785505 0.1286751 0.1705761 0.0974778 0.0690602 0.0560544 0.0856237 0.0904291 0.0739958 0.0620776 0.0216766 0.0574629 0.1738979 0.1405070 0.1110259 0.0620879 0.1415993 0.0065742 0.0653740 0.0052414 0.0026063 0.0215709 0.1177840 0.0953668 0.0718865 0.0851769 0.0787566 0.0782402 0.1056743 0.0329631 0.1805994 0.1351743 0.0858496 0.0823021 0.1652927 0.1512303 0.0821961 0.1303138 0.1205917 0.0938343 0.0798999 0.1587751 0.0591898 0.0998032 0.0912603 0.0840946 0.0935356 0.0542026 0.0929237 0.0932518 0.0965981 0.1307444 0.1029075 0.0931343 0.0747025 0.1229479 0.1082998 0.0753308 0.0592849 0.0628253 0.0787587 0.0797857 0.0839422 0.0662794 0.0811415 0.0967142 0.0855998 0.0133506 0.0360575 0.1120978 0.0655029 0.0720227 0.0967698 0.0758774 0.1041436 0.0930716 0.1031095 0.0782428 0.0865071 0.1037732 0.1091421 0.1114700 0.0859654 0.0955551 0.0927806 0.0559135 0.0971881 0.0829479 0.0843608 
S0427         0.2091156 0.0689262 0.0911213 0.1175357 0.0731741 0.0614424 0.1056236 0.1280330 0.0737589 0.0748098 0.1312197 0.1071357 0.1457950 0.1159882 0.0943386 0.0978068 0.0163767 0.0646508 0.0648454 0.0830108 0.1174918 0.0697656 0.0000000 0.0790295 0.1303807 0.1653646 0.1130369 0.0658224 0.0621603 0.1008665 0.1080621 0.0782480 0.0650168 0.0733052 0.0805745 0.1385610 0.1088814 0.1142581 0.0714888 0.1047143 0.0718731 0.0683253 0.0629394 0.0662506 0.0662961 0.1292209 0.0996389 0.0723222 0.0856982 0.0826542 0.0787154 0.1120859 0.0558239 0.1647056 0.1331613 0.0797814 0.0838426 0.1412087 0.1279038 0.0838017 0.1103059 0.1173218 0.0723413 0.0902530 0.1348112 0.0621353 0.0787492 0.0953605 0.0857231 0.1248964 0.0806068 0.0878470 0.1230235 0.1303345 0.1262373 0.1060999 0.0880516 0.0799991 0.1275778 0.1130346 0.0820883 0.0590508 0.0624631 0.0759766 0.0866955 0.0696173 0.0662382 0.0876814 0.1124609 0.0589328 0.0700665 0.0593624 0.1297334 0.0584207 0.0820595 0.1110594 0.0649304 0.1238655 0.0585997 0.1272027 0.0745081 0.0827315 0.1009731 0.1139270 0.1296593 0.0798900 0.0692913 0.0936340 0.0957312 0.1115472 0.0219792 0.0736601 
S0552sl       0.1710718 0.0589423 0.0842431 0.0991021 0.0851922 0.0581127 0.0922909 0.1074893 0.0491822 0.0684708 0.1087386 0.0879778 0.1461763 0.0942073 0.0869807 0.0650237 0.0787157 0.0607230 0.0678445 0.1169237 0.1049059 0.0785505 0.0790295 0.0000000 0.1167682 0.1487423 0.0869065 0.0647987 0.0620179 0.0673878 0.0928993 0.0602800 0.0616302 0.0858792 0.0730607 0.1633603 0.1104428 0.0919307 0.0745231 0.0350702 0.0707016 0.0713496 0.0716511 0.0749884 0.0786840 0.1107120 0.0924570 0.0079541 0.0216166 0.0106855 0.0079323 0.1162954 0.0711321 0.1902604 0.1116030 0.0246228 0.0248093 0.1611497 0.1472056 0.0305898 0.0757922 0.1213798 0.0494051 0.0557076 0.1588612 0.0587629 0.0945372 0.0404459 0.0719329 0.0927233 0.0485320 0.0739401 0.1073395 0.1004812 0.1180869 0.0843070 0.0741168 0.0882313 0.1160120 0.0717932 0.0518287 0.0588561 0.0523817 0.0789188 0.0556849 0.0624882 0.0369608 0.0630462 0.0822114 0.0851700 0.0716565 0.0748540 0.0966590 0.0650283 0.0487084 0.0615520 0.0788471 0.1081023 0.0786293 0.1058884 0.0614105 0.0748134 0.0615650 0.0723090 0.0931096 0.0303666 0.0495147 0.0826163 0.0943978 0.0617995 0.0821284 0.0555425 
S0558         0.2677811 0.1134779 0.1524719 0.1629004 0.1403698 0.1013397 0.1676995 0.1586009 0.1048103 0.1136983 0.1724174 0.1544171 0.1909567 0.1604845 0.1585004 0.1362414 0.1257395 0.1108217 0.1053144 0.1080840 0.1605297 0.1286751 0.1303807 0.1167682 0.0000000 0.2834288 0.1476564 0.0872554 0.1026246 0.0784693 0.1682885 0.0680673 0.1056284 0.1295052 0.1755560 0.2370271 0.1075208 0.1604948 0.1203190 0.1688763 0.1220887 0.1167489 0.1205774 0.1244331 0.1248567 0.1862826 0.1549577 0.1127172 0.1238692 0.1168854 0.1123499 0.1786020 0.1367818 0.2500109 0.1619311 0.1087657 0.1083385 0.2266421 0.2103241 0.1188792 0.1594337 0.1911118 0.1029459 0.1239640 0.2106809 0.1025903 0.1321531 0.1364551 0.0973402 0.1670390 0.0869759 0.1208758 0.1435577 0.1340493 0.2059989 0.1574023 0.1118124 0.1656890 0.1773156 0.1448383 0.1138927 0.0955952 0.1068147 0.1139497 0.1306442 0.1110294 0.1122652 0.1271952 0.1459318 0.1412991 0.1329902 0.1416594 0.1750786 0.0988323 0.1161920 0.1497000 0.1182854 0.1622228 0.1300164 0.1686788 0.1124509 0.0734954 0.1600641 0.1671900 0.1677756 0.1142058 0.1360399 0.1152253 0.1317853 0.1504010 0.1220362 0.1177771 
S0616         0.3841314 0.1336086 0.1586195 0.2485125 0.1558041 0.1375894 0.1705895 0.2247399 0.1722293 0.1280102 0.2647155 0.2223888 0.1606239 0.2040884 0.1691330 0.1995656 0.1657042 0.1378600 0.1385562 0.2402348 0.2554876 0.1705761 0.1653646 0.1487423 0.2834288 0.0000000 0.1952371 0.1440119 0.1393239 1.9122897 0.2435191 0.1637242 0.1489350 0.1927622 0.0951935 0.2678008 0.2385799 0.1592364 0.1576736 0.1802557 0.1589487 0.1369919 0.1500276 0.1586195 0.1703936 0.1932038 0.1157666 0.1384362 0.1487423 0.1487423 0.1487423 0.1563899 0.1466831 0.2837196 1.9122897 0.1570800 0.1695848 0.2430018 0.2567135 0.1493454 0.2472929 0.1383148 0.1990906 0.1744508 0.2767217 0.1393367 0.1789056 0.1585930 1.9122897 0.2155276 0.0000010 1.9122897 0.2475235 0.2848245 0.0302090 0.1476657 1.9122897 0.1443715 0.1444492 0.1892033 0.1548165 0.1336512 0.1491837 0.1734213 0.1686747 0.1932336 0.1592839 0.1822554 0.2344226 0.1575208 0.1473034 0.1466831 0.2740108 0.1473703 0.1500274 0.1787567 0.1674221 0.2139978 0.2065514 0.2867164 0.1450449 0.1677961 0.1892033 0.1928411 0.2520542 0.1572104 0.1504547 0.1875500 0.2052389 0.1913674 0.1722367 0.1617119 
S0624         0.2338985 0.0905240 0.1683592 0.0314303 0.1095821 0.0789204 0.1209076 0.0401454 0.0888147 0.0902334 0.1437277 0.0254168 0.1306834 0.0308445 0.1198115 0.1143776 0.1086964 0.0794476 0.0893759 0.1398352 0.0370093 0.0974778 0.1130369 0.0869065 0.1476564 0.1952371 0.0000000 0.0729053 0.0837669 0.0364580 0.0370986 0.0860895 0.0758911 0.1052342 0.1754215 0.2150107 0.1255487 0.1204210 0.0894196 0.1814930 0.0848379 0.0861047 0.0946503 0.0982734 0.0975148 0.1173363 0.1052151 0.0868268 0.0937496 0.0906522 0.0865524 0.1520119 0.1086610 0.2290683 0.0887589 0.0910232 0.0918263 0.2067338 0.1911218 0.0956570 0.1236532 0.1321367 0.0945285 0.0874669 0.1955485 0.0798483 0.1077676 0.1075011 0.0411597 0.0483728 0.0152166 0.0538244 0.0630800 0.0468122 0.1185637 0.1119933 0.0539564 0.1677983 0.1338235 0.1264548 0.0832056 0.0760201 0.0838281 0.0933082 0.0986412 0.0915623 0.0846814 0.1038248 0.0320430 0.1045949 0.1023905 0.1130549 0.0667332 0.0864899 0.0793078 0.0940768 0.0904844 0.0279764 0.0974481 0.0468986 0.0824878 0.0939394 0.1215184 0.1235331 0.0641637 0.0879423 0.1074867 0.1208738 0.1083758 0.1018249 0.1124175 0.1031033 
S0641         0.1879191 0.0550168 0.0795107 0.0776454 0.0790912 0.0189376 0.1066406 0.0861194 0.0566205 0.0338980 0.1016530 0.0740999 0.1358642 0.0903869 0.1014377 0.0835348 0.0621979 0.0227785 0.0274594 0.0922316 0.0906777 0.0690602 0.0658224 0.0647987 0.0872554 0.1440119 0.0729053 0.0000000 0.0220755 0.0535901 0.0809836 0.0379475 0.0218475 0.0659899 0.0839609 0.1601645 0.0933704 0.1019366 0.0332902 0.0989905 0.0660688 0.0304321 0.0656746 0.0655813 0.0591891 0.1005651 0.0957066 0.0647477 0.0646002 0.0682235 0.0645519 0.0792136 0.0651987 0.1656624 0.1147828 0.0621550 0.0691753 0.1570348 0.1432279 0.0692540 0.1026891 0.1005655 0.0458367 0.0685826 0.1464048 0.0248449 0.0483911 0.0804662 0.0581968 0.0782575 0.0367535 0.0779916 0.0815684 0.0738431 0.1137993 0.0982802 0.0781713 0.0450869 0.1084655 0.1014969 0.0618852 0.0220407 0.0249585 0.0615040 0.0758766 0.0396983 0.0565007 0.0771584 0.0679563 0.0518935 0.0728197 0.0688640 0.1045842 0.0247557 0.0611835 0.0819417 0.0307747 0.0899223 0.0489006 0.0832263 0.0456953 0.0585157 0.0898782 0.1022813 0.0922280 0.0654945 0.0799236 0.0759390 0.0706308 0.0822852 0.0654694 0.0760493 
S0643         0.1895703 0.0526605 0.0563328 0.0840895 0.0657548 0.0106989 0.0957686 0.0869910 0.0700107 0.0279160 0.1138314 0.0847142 0.1252284 0.0937386 0.0833729 0.0861914 0.0653936 0.0140366 0.0190044 0.1073240 0.0949091 0.0560544 0.0621603 0.0620179 0.1026246 0.1393239 0.0837669 0.0220755 0.0000000 0.0550285 0.0823796 0.0511898 0.0134988 0.0563261 0.0651529 0.1601871 0.1117419 0.0953945 0.0246845 0.0981464 0.0468003 0.0218808 0.0526658 0.0526013 0.0497314 0.0952764 0.0850801 0.0556343 0.0618287 0.0654350 0.0617817 0.0835055 0.0522933 0.1699707 0.1110303 0.0652741 0.0690419 0.1570530 0.1432402 0.0695848 0.1097718 0.1018371 0.0585504 0.0727379 0.1464187 0.0163373 0.0676703 0.0806100 0.0597365 0.0859470 0.0369132 0.0736822 0.0811960 0.0846106 0.1100493 0.0876947 0.0738578 0.0308013 0.0976767 0.0935430 0.0683673 0.0164022 0.0164477 0.0591894 0.0726395 0.0555759 0.0625815 0.0803954 0.0828012 0.0612067 0.0594733 0.0557597 0.1052823 0.0162187 0.0651272 0.0786898 0.0278727 0.0937616 0.0550524 0.0879183 0.0426267 0.0656505 0.0824822 0.0944934 0.0979717 0.0658019 0.0843980 0.0723888 0.0638534 0.0790185 0.0686910 0.0768876 
S0645sl       0.1885275 0.0654794 2.7005622 0.0264230 0.0792200 0.0537623 0.0544784 0.0484093 0.0496053 0.0734673 0.0940201 0.0207092 0.0819232 0.0423871 0.0707021 0.0626281 0.1065041 0.0524859 0.0714840 0.1280801 0.0362715 0.0856237 0.1008665 0.0673878 0.0784693 1.9122897 0.0364580 0.0535901 0.0550285 0.0000000 0.0459342 0.0491536 0.0537623 0.0859122 0.0000010 0.1759079 0.0806174 0.0604454 0.0594298 1.4773042 0.0793675 0.0601385 0.0788523 0.0860232 0.0859122 0.0670512 0.0699476 0.0729697 0.0859588 0.0802686 0.0730173 0.1595135 0.0991693 0.1637495 0.0975584 0.0812373 0.0816217 0.1547828 0.1404857 0.0886547 0.0683680 0.0726245 0.0554455 0.0531538 0.1508685 0.0543976 0.0912379 0.0678001 0.0358665 0.0429321 0.0266069 0.0611332 0.0666956 0.0368291 0.0740132 0.0544784 0.0542137 1.9122897 0.0804745 0.1024973 0.0602447 0.0479078 0.0541709 0.0654794 0.0738764 0.0490857 0.0561031 0.0551130 0.0266106 0.0852468 0.0925040 0.1070832 0.0562806 0.0545004 0.0541012 0.0609801 0.0732217 0.0535049 0.0669234 0.0551394 0.0601996 0.0731810 0.0876419 0.0957696 0.0680848 0.0672162 0.1035159 0.0543150 0.0816069 0.0670982 0.1080284 0.0795956 
S0656sl       0.2515939 0.0948434 0.1387436 0.0491022 0.1092346 0.0805955 0.1406836 0.0520335 0.0989947 0.0773939 0.1479684 0.0455045 0.1553019 0.0562042 0.1436239 0.1220649 0.1126273 0.0768020 0.0850230 0.1677495 0.0636373 0.0904291 0.1080621 0.0928993 0.1682885 0.2435191 0.0370986 0.0809836 0.0823796 0.0459342 0.0000000 0.0906760 0.0769418 0.1130888 0.1511264 0.2028174 0.1549182 0.1412149 0.0892018 0.1582469 0.0952561 0.0725062 0.0912531 0.0956043 0.1079295 0.1353588 0.1195274 0.0886929 0.1010150 0.0924449 0.0883222 0.1446112 0.1123980 0.2207111 0.1080687 0.1022941 0.0991106 0.2057793 0.1922370 0.1026663 0.1466079 0.1464356 0.0902852 0.0899277 0.1922556 0.0771162 0.1105914 0.1127033 0.0368918 0.0633547 0.0146956 0.0719819 0.0384597 0.0640907 0.1666197 0.1353087 0.0722528 0.1549169 0.1452673 0.1365654 0.0934976 0.0772006 0.0900622 0.0939550 0.1027431 0.0869235 0.0955528 0.1194113 0.0421785 0.1077949 0.0958672 0.1177788 0.0731329 0.0897928 0.0843134 0.1103694 0.1038289 0.0554245 0.0990711 0.0307706 0.0889299 0.0962756 0.1352502 0.1370034 0.0733261 0.0925893 0.1124601 0.1309625 0.1099795 0.1200634 0.1073885 0.1071878 
S0689         0.1830791 0.0509305 0.0930935 0.0897170 0.0802853 0.0439329 0.1059310 0.0995866 0.0543655 0.0574087 0.1146252 0.0874056 0.1400159 0.0896535 0.0967531 0.0816801 0.0708436 0.0529583 0.0568736 0.0739554 0.0961071 0.0739958 0.0782480 0.0602800 0.0680673 0.1637242 0.0860895 0.0379475 0.0511898 0.0491536 0.0906760 0.0000000 0.0506153 0.0814154 0.0830421 0.1695060 0.0818854 0.1055053 0.0635418 0.0995369 0.0652654 0.0567401 0.0670064 0.0703916 0.0741262 0.0936178 0.0941563 0.0602324 0.0634491 0.0637558 0.0600461 0.1185258 0.0776783 0.1845557 0.1205059 0.0641190 0.0671404 0.1654697 0.1510963 0.0613599 0.0888483 0.1073588 0.0575725 0.0675298 0.1492814 0.0476899 0.0806002 0.0640520 0.0424123 0.0971971 0.0385886 0.0821133 0.1016190 0.0850513 0.1254946 0.0973875 0.0823092 0.0768942 0.1034092 0.0848711 0.0639255 0.0477706 0.0443873 0.0608623 0.0750221 0.0642872 0.0650520 0.0761332 0.0836806 0.0883532 0.0670270 0.0816487 0.0991415 0.0539913 0.0599438 0.0768421 0.0677443 0.0992273 0.0849511 0.1043778 0.0567725 0.0314192 0.0883176 0.0861276 0.0946823 0.0569376 0.0640834 0.0637975 0.0755905 0.0771679 0.0742825 0.0606812 
S0690         0.1880547 0.0520858 0.0707856 0.0766845 0.0718651 0.0079074 0.0945417 0.0894860 0.0662873 0.0248979 0.1087353 0.0774395 0.1352698 0.0858707 0.0893094 0.0859046 0.0614424 0.0110829 0.0160505 0.1012854 0.0900817 0.0620776 0.0650168 0.0616302 0.1056284 0.1489350 0.0758911 0.0218475 0.0134988 0.0537623 0.0769418 0.0506153 0.0000000 0.0623777 0.0733543 0.1667121 0.1111758 0.0941767 0.0216171 0.1143264 0.0584211 0.0188629 0.0586360 0.0587016 0.0556941 0.0988854 0.0840013 0.0615826 0.0614436 0.0650239 0.0613970 0.0901134 0.0582197 0.1759609 0.1017726 0.0684912 0.0724860 0.1630464 0.1491941 0.0691408 0.1088163 0.1004959 0.0519252 0.0646958 0.1524795 0.0134422 0.0637252 0.0803389 0.0583810 0.0782515 0.0313759 0.0658438 0.0771269 0.0770238 0.1085841 0.0865900 0.0660006 0.0373876 0.1034590 0.0931682 0.0676125 0.0134661 0.0135019 0.0585376 0.0718238 0.0553205 0.0590059 0.0763437 0.0752529 0.0573955 0.0655458 0.0617509 0.0930939 0.0133968 0.0644104 0.0778067 0.0247089 0.0895511 0.0513544 0.0866805 0.0391821 0.0579303 0.0819541 0.0938710 0.0857713 0.0653863 0.0834203 0.0684398 0.0634709 0.0781280 0.0646719 0.0726251 
S0720         0.2378190 0.0865590 0.0488446 0.1117428 0.0301907 0.0588111 0.1161127 0.1254157 0.0776201 0.0691798 0.1350720 0.1089398 0.1354529 0.1178332 0.1031329 0.0977128 0.0831337 0.0652470 0.0686687 0.1272968 0.1264521 0.0216766 0.0733052 0.0858792 0.1295052 0.1927622 0.1052342 0.0659899 0.0563261 0.0859122 0.1130888 0.0814154 0.0623777 0.0000000 0.0734955 0.1844119 0.1370829 0.1194073 0.0688644 0.1512126 0.0239819 0.0722227 0.0216453 0.0188400 0.0105240 0.1342194 0.1033193 0.0790581 0.0926423 0.0861053 0.0855333 0.1091127 0.0331141 0.1949723 0.1356261 0.0897576 0.0861539 0.1790475 0.1644617 0.0896326 0.1349892 0.1212222 0.0978975 0.0873768 0.1724778 0.0594767 0.1039081 0.0990766 0.0969841 0.1091036 0.0543788 0.0932401 0.1083377 0.1096183 0.1438692 0.1110526 0.0934519 0.0909630 0.1314139 0.1091179 0.0790787 0.0528126 0.0631325 0.1011363 0.0872449 0.0949291 0.0699441 0.0850747 0.1139202 0.0894956 0.0303280 0.0362238 0.1308059 0.0658218 0.0792172 0.1045923 0.0727734 0.1212411 0.0970926 0.1172387 0.0855360 0.0941126 0.0972110 0.1099726 0.1217086 0.0935141 0.1035275 0.1004787 0.0627395 0.1050513 0.0866226 0.0849982 
S0724sl       0.2563067 0.0749777 0.0569032 0.1473125 0.0559685 0.0643905 0.0342005 0.1323662 0.0913977 0.0563547 0.2079766 0.1881952 0.1065264 0.1619290 0.0264946 0.1167490 0.0806719 0.0645123 0.0648245 0.1622186 0.1742623 0.0574629 0.0805745 0.0730607 0.1755560 0.0951935 0.1754215 0.0839609 0.0651529 0.0000010 0.1511264 0.0830421 0.0733543 0.0734955 0.0000000 0.1721441 0.1754442 0.0339006 0.0812551 0.0996412 0.0561903 0.0722059 0.0416145 0.0491207 0.0655355 0.1757647 0.0259429 0.0647712 0.0730607 0.0730607 0.0730607 0.1084458 0.0484942 0.2081437 0.0000010 0.0806333 0.0905308 0.1878246 0.1721441 0.0732684 0.1474494 0.0912115 0.1164813 0.0842976 0.1748668 0.0651542 0.1078868 0.0919991 0.0000010 0.1628737 0.0000010 0.0000010 0.1434065 0.1856958 0.1157972 0.0264946 0.0000010 0.0841354 0.0889949 0.1077030 0.0637582 0.0587250 0.0735059 0.1105800 0.0816242 0.1098784 0.0735172 0.0919191 0.1733354 0.0894726 0.0411986 0.0484942 0.1593591 0.0726341 0.0655189 0.0898064 0.0896810 0.1786294 0.1243956 0.1972246 0.0712525 0.0894680 0.1077030 0.1187430 0.1602496 0.0807017 0.0738042 0.0982544 0.0805726 0.0996604 0.0955969 0.0829271 
