108
S0055       0.0000000 0.1145944 0.1714085 0.1570805 0.0630354 0.1282395 0.1594039 0.0810557 0.0678168 0.1414418 0.1569085 0.1557132 0.0930223 0.1013275 0.1639624 0.1069425 0.0569713 0.0744167 0.1514138 0.0747990 0.1357214 0.1145944 0.1328119 0.1347682 0.1408015 0.0896232 0.0649487 0.0403004 0.0747765 0.1344561 0.1667486 0.1654083 0.0635699 0.1432615 0.1588019 0.0766274 0.1363353 0.1382880 0.0629299 0.1288075 0.1394477 0.1517213 0.1278339 0.1407792 0.1273156 0.0961145 0.1252285 0.1080671 0.1034354 0.1274907 0.1532930 0.1167180 0.1420879 0.1421745 0.1366256 0.1588019 0.1155291 0.2068213 0.1011338 0.0810114 0.1188154 0.1220422 0.2068213 0.0623369 0.0801229 0.0901542 0.1554051 0.1498725 0.1637266 0.1742068 0.1497992 0.1275156 0.1275156 0.0512548 0.0717605 0.0923727 0.0570353 0.0741530 0.0702810 0.0874432 0.0859013 0.1370723 0.0936778 0.0984791 0.1462855 0.0570568 0.1211611 0.1281750 0.1581259 0.0567600 0.1427122 0.1285653 0.0977770 0.0567600 0.1440940 0.0514677 0.1645454 0.0567600 0.0577686 0.1045922 0.1420859 0.1111733 0.0728227 0.1361091 0.1255996 0.1114139 0.1269554 0.0988087 
S0196sl     0.1145944 0.0000000 0.1172752 0.0460797 0.1210913 0.1199413 0.1188369 0.1021690 0.1073934 0.0916279 0.1046597 0.1466078 0.1095642 0.1156672 0.1545516 0.1120317 0.1137187 0.1268485 0.1190088 0.1264116 0.0864282 0.0000010 0.1236397 0.0858222 0.0912408 0.1283429 0.0716383 0.1146787 0.1274665 0.0853234 0.1126326 0.1062671 0.1222737 0.0407888 0.1275232 0.1149107 0.1277369 0.1148260 0.1012591 0.0097381 0.1481474 0.0997258 0.1483046 0.0913342 0.1191052 0.1222380 0.1334741 0.1290391 0.1477997 0.0249479 0.1135123 0.0937133 0.1466103 0.1510913 0.1527213 0.1275232 0.0048664 0.1430670 0.1352881 0.1065468 0.1365459 0.1309315 0.1430670 0.1196723 0.1407894 0.0811074 0.1039019 0.0931869 0.1052972 0.1190584 0.1277071 0.1192799 0.1192799 0.1067993 0.0775505 0.1142047 0.1138427 0.1338244 0.1313108 0.1091387 0.1208735 0.0871570 0.1031046 0.1207891 0.1068541 0.1138404 0.0048049 0.0196527 0.1000174 0.1007506 0.0300167 0.1258997 0.1063021 0.1007506 0.0929382 0.1204343 0.1113225 0.1131946 0.0944789 0.1077239 0.0866558 0.1336240 0.0871775 0.1535057 0.0295115 0.1021529 0.1242786 0.1000582 
S0278       0.1714085 0.1172752 0.0000000 0.1393841 0.1580477 0.1280839 0.0712484 0.1562836 0.1428698 0.0298616 0.0406228 0.1555034 0.1451268 0.1531149 0.1637331 0.1706702 0.1498438 0.1502776 0.0766585 0.1710387 0.0522822 0.1172752 0.2072957 0.0524726 0.0631665 0.1670112 0.1301529 0.1574162 0.1649964 0.0628539 0.0895182 0.0831832 0.1597212 0.1329270 0.1940156 0.1451978 0.1361633 0.1500977 0.1578056 0.1312055 0.1596077 0.0770521 0.1713629 0.0519698 0.1138435 0.1522193 0.1580188 0.1610967 0.2143562 0.1255607 0.1810206 0.1388000 0.1720269 0.2232121 0.2066549 0.1940156 0.1253652 0.2291253 0.1746366 0.1560365 0.1825480 0.1817864 0.2291253 0.1561373 0.1651883 0.1601897 0.0634792 0.0706572 0.0824386 0.0299504 0.1659400 0.1273620 0.1273620 0.1420963 0.0986064 0.1836026 0.1500028 0.1718690 0.1762606 0.1930675 0.1439680 0.0759682 0.1784009 0.1700527 0.0466901 0.1499638 0.1237048 0.1178992 0.0771393 0.1490709 0.1317430 0.1881829 0.1498102 0.1490709 0.0635692 0.1572216 0.1020655 0.1490709 0.1420755 0.1349256 0.0706935 0.1723844 0.1204130 0.2089040 0.1047158 0.1519617 0.2079516 0.1480578 
S0281       0.1570805 0.0460797 0.1393841 0.0000000 0.1440163 0.1426750 0.1412215 0.1448668 0.1293137 0.1119656 0.1116948 0.1643215 0.1336301 0.1322856 0.1728079 0.1473593 0.1360772 0.1500508 0.1289912 0.1570931 0.1065580 0.0460797 0.1660869 0.1058088 0.1055603 0.1453100 0.1110717 0.1434254 0.1507877 0.1179860 0.1211196 0.1062522 0.1388313 0.0519972 0.1515242 0.1369613 0.1511512 0.1363018 0.1303111 0.0574830 0.1664271 0.1077596 0.1806133 0.1115377 0.1416083 0.1312631 0.1366352 0.1398469 0.1734034 0.0522562 0.1231376 0.1273972 0.1627705 0.1845015 0.1710180 0.1515242 0.0522180 0.1518470 0.1385341 0.1355227 0.1752526 0.1694648 0.1518470 0.1422841 0.1548975 0.0818920 0.1119131 0.0931639 0.1052817 0.1263185 0.1444880 0.1418525 0.1418525 0.1286031 0.1001872 0.1579182 0.1362242 0.1575069 0.1386936 0.1527863 0.1509255 0.0947538 0.1462765 0.1652353 0.1286754 0.1362001 0.0515424 0.0462914 0.1127892 0.1222264 0.0576522 0.1644302 0.1220592 0.1222264 0.0937446 0.1432479 0.1196658 0.1353991 0.1285810 0.1237347 0.1068938 0.1510261 0.1075801 0.1792974 0.0568188 0.1166968 0.1660518 0.1150206 
S0282       0.0630354 0.1210913 0.1580477 0.1440163 0.0000000 0.1158199 0.1461676 0.0993207 0.0247483 0.1288022 0.1438378 0.1427492 0.0834866 0.0883761 0.1507504 0.1031861 0.0147370 0.0302404 0.1384051 0.1001031 0.1231452 0.1210913 0.1204890 0.1222689 0.1282208 0.0955943 0.0653168 0.0198337 0.0303879 0.1219888 0.1450837 0.1520962 0.0200851 0.1373493 0.1742371 0.0890163 0.1151875 0.1389303 0.0198968 0.1223593 0.1197967 0.1307091 0.1582533 0.1209140 0.1023440 0.1021538 0.1131566 0.1007141 0.0969752 0.1211136 0.1693012 0.1304653 0.1427586 0.1629575 0.1443395 0.1742371 0.1294928 0.2237631 0.1146559 0.0933180 0.0750225 0.1352569 0.2237631 0.0197171 0.0354469 0.0698357 0.1425258 0.1369630 0.1505686 0.1606181 0.1236410 0.1151732 0.1151732 0.0097305 0.0655292 0.1109713 0.0147541 0.0301219 0.0709375 0.1060454 0.0678909 0.1243408 0.1070705 0.1173290 0.1469851 0.0147645 0.1148406 0.1217562 0.1449756 0.0146915 0.1360879 0.1281298 0.0863987 0.0146915 0.1447774 0.0198097 0.1432301 0.0146915 0.0694118 0.0930491 0.1293825 0.1132772 0.0620871 0.1734490 0.1134555 0.0996878 0.1262014 0.0800722 
S0288       0.1282395 0.1199413 0.1280839 0.1426750 0.1158199 0.0000000 0.1454118 0.1282229 0.1021359 0.1009920 0.1147942 0.0195194 0.1162600 0.1080638 0.0246799 0.1337972 0.0946235 0.1005949 0.1319708 0.1651218 0.1027413 0.1199413 0.1744554 0.1087570 0.1145972 0.0946484 0.1186724 0.1153212 0.1222667 0.0946807 0.1154128 0.1314497 0.1169540 0.1369705 0.1795475 0.1389867 0.0048361 0.1309328 0.1156323 0.1342465 0.1204054 0.1021340 0.0633429 0.1146516 0.0195825 0.1025356 0.1136215 0.1090539 0.1649363 0.1128933 0.1866421 0.1287732 0.0516589 0.1639089 0.1373750 0.1795475 0.1282671 0.2137748 0.1151391 0.0882286 0.1371162 0.1374290 0.2137748 0.1018320 0.1151386 0.0888644 0.1285166 0.1169693 0.1301567 0.1301080 0.0582849 0.0000028 0.0000028 0.1015611 0.0849378 0.1330086 0.1085812 0.1285923 0.1436402 0.1342689 0.1218042 0.1045988 0.1278228 0.1398143 0.1028778 0.1016239 0.1265340 0.1134770 0.1245901 0.1079627 0.1274013 0.1461220 0.1001547 0.1079627 0.1168121 0.1151789 0.1140328 0.1079627 0.1287886 0.1072226 0.1169831 0.1137436 0.1062543 0.1662272 0.0947137 0.1086830 0.1520373 0.1289715 
S0289       0.1594039 0.1188369 0.0712484 0.1412215 0.1461676 0.1454118 0.0000000 0.1604418 0.1312465 0.0528336 0.0647582 0.1743138 0.1350477 0.1471664 0.1753733 0.1745299 0.1381092 0.1385073 0.0777603 0.1590634 0.0530436 0.1188369 0.2099257 0.0587185 0.0574339 0.1548712 0.1261085 0.1455644 0.1451447 0.0637469 0.0840986 0.0900382 0.1476998 0.1346967 0.1817134 0.1333927 0.1540684 0.1520137 0.1459375 0.1329334 0.1617324 0.0717116 0.1911353 0.0527211 0.1443025 0.1556270 0.1601096 0.1701591 0.1733208 0.1272367 0.1834365 0.1217682 0.1742556 0.2259748 0.2288484 0.1817134 0.1270349 0.2319190 0.1585922 0.1580834 0.1849197 0.1867315 0.2319190 0.1443910 0.1532199 0.1455914 0.0583305 0.0772127 0.0892183 0.0723298 0.1503665 0.1445587 0.1445587 0.1305194 0.0869931 0.1884745 0.1382594 0.1598400 0.1639373 0.1833277 0.1459048 0.0770516 0.1831804 0.1814984 0.0717347 0.1382335 0.1253388 0.1194761 0.0838684 0.1374104 0.1200556 0.2119758 0.1439371 0.1374104 0.0770159 0.1453826 0.0965778 0.1374104 0.1304972 0.1384917 0.0772479 0.1746225 0.1351878 0.1809266 0.1061333 0.1539985 0.2105806 0.1500093 
S0292       0.0810557 0.1021690 0.1562836 0.1448668 0.0993207 0.1282229 0.1604418 0.0000000 0.1040697 0.1361619 0.1515645 0.1420308 0.0631129 0.0882707 0.1638603 0.0770852 0.0925156 0.0923604 0.1054378 0.1008832 0.1304267 0.1021690 0.1078187 0.1294985 0.1355416 0.0951295 0.0779533 0.0932903 0.1053036 0.1349774 0.1696490 0.1382149 0.1002321 0.1179334 0.1826291 0.1024303 0.1363014 0.1325918 0.0991614 0.1160113 0.0767113 0.1543616 0.1440512 0.1223754 0.1346755 0.0706463 0.0759935 0.0831335 0.1309346 0.1148316 0.1692028 0.1212022 0.1636043 0.0966404 0.1031512 0.1826291 0.1101016 0.2174319 0.0766722 0.0870848 0.1079231 0.0419594 0.2174319 0.0981929 0.1109092 0.0787401 0.1501299 0.1368433 0.1504743 0.1588035 0.1576275 0.1274998 0.1274998 0.0861308 0.0515376 0.0048789 0.0926166 0.1112950 0.0877860 0.0304048 0.1049661 0.1453587 0.0252698 0.0148263 0.1440155 0.0926282 0.1086007 0.1154356 0.1448696 0.0921243 0.1296021 0.0648861 0.0750579 0.0921243 0.1518872 0.0865250 0.1532382 0.0861308 0.0818944 0.0621612 0.1367838 0.0760676 0.0740237 0.1591977 0.1212511 0.0941760 0.1018746 0.0817150 
S0293       0.0678168 0.1073934 0.1428698 0.1293137 0.0247483 0.1021359 0.1312465 0.1040697 0.0000000 0.1147318 0.1291335 0.1281743 0.0883845 0.0932024 0.1358168 0.0956504 0.0195213 0.0350430 0.1298894 0.1048858 0.1150946 0.1073934 0.1126313 0.1084200 0.1142213 0.1004678 0.0587867 0.0246285 0.0352114 0.1081769 0.1381319 0.1237033 0.0249380 0.1228407 0.1584151 0.0938747 0.1015970 0.1376778 0.0146655 0.1085013 0.1245612 0.1239919 0.1430746 0.1072335 0.0891703 0.1070172 0.1179258 0.1055223 0.0950423 0.1074157 0.1599788 0.1292658 0.1282056 0.1539953 0.1357176 0.1584151 0.1153747 0.2060906 0.1194764 0.0980906 0.0684261 0.1283468 0.2060906 0.0244846 0.0402372 0.0888616 0.1280365 0.1095964 0.1225087 0.1451585 0.0970063 0.1015790 0.1015790 0.0145009 0.0645299 0.1156687 0.0195435 0.0349090 0.0758366 0.0986528 0.0726059 0.0975079 0.0931686 0.1220151 0.1319424 0.0195568 0.1013160 0.1079664 0.1170040 0.0096273 0.1217427 0.1200462 0.0911506 0.0096273 0.1300163 0.0245991 0.1363907 0.0194603 0.0742215 0.0978049 0.1096158 0.1180513 0.0559259 0.1717612 0.1000930 0.0924566 0.1182660 0.0734236 
S0299       0.1414418 0.0916279 0.0298616 0.1119656 0.1288022 0.1009920 0.0528336 0.1361619 0.1147318 0.0000000 0.0301219 0.1267401 0.1250608 0.1238235 0.1342881 0.1478807 0.1212186 0.1215539 0.0528453 0.1411539 0.0303165 0.0916279 0.1592664 0.0355915 0.0406779 0.1368595 0.1096198 0.1282629 0.1353281 0.0404906 0.0647815 0.0588816 0.1300885 0.1058517 0.1626259 0.1165524 0.1083696 0.1225158 0.1285981 0.1045675 0.1299789 0.0531265 0.1414649 0.0301469 0.1003190 0.1306006 0.1287112 0.1376113 0.1803266 0.0990951 0.1491493 0.1197046 0.1419408 0.1893685 0.1738993 0.1626259 0.0989694 0.1951619 0.1440123 0.1271607 0.1513492 0.1604515 0.1951619 0.1272750 0.1355016 0.1247394 0.0408975 0.0472426 0.0583784 0.0302817 0.1361323 0.1004470 0.1004470 0.1140968 0.0780697 0.1627232 0.1213507 0.1418265 0.1453623 0.1717299 0.1155594 0.0523923 0.1574845 0.1560778 0.0250778 0.1213421 0.0976755 0.0920900 0.0532003 0.1206430 0.1049537 0.1840723 0.1268641 0.1206430 0.0523807 0.1281053 0.0765771 0.1206430 0.1140744 0.1155673 0.0472773 0.1422072 0.1062168 0.1766757 0.0798008 0.1228820 0.1749938 0.1198183 
S0320       0.1569085 0.1046597 0.0406228 0.1116948 0.1438378 0.1147942 0.0647582 0.1515645 0.1291335 0.0301219 0.0000000 0.1415176 0.1402777 0.1388563 0.1494512 0.1641746 0.1358974 0.1362843 0.0647866 0.1565775 0.0412541 0.1046597 0.1758211 0.0467094 0.0519123 0.1523952 0.1166171 0.1432470 0.1506118 0.0516633 0.0772362 0.0710946 0.1453249 0.1196687 0.1789350 0.1237324 0.1225635 0.1366733 0.1436126 0.1181600 0.1452137 0.0651270 0.1568996 0.0410141 0.1139947 0.1459324 0.1437753 0.1532390 0.1911736 0.1125742 0.1656321 0.1341122 0.1574722 0.2070926 0.2096325 0.1789350 0.1124139 0.2129810 0.1598288 0.1419973 0.1674984 0.1771192 0.2129810 0.1421067 0.1507964 0.1356692 0.0521824 0.0589658 0.0704694 0.0412019 0.1514928 0.1141578 0.1141578 0.1284235 0.0922692 0.1790604 0.1360442 0.1573349 0.1449893 0.1885480 0.1301004 0.0642151 0.1737830 0.1722026 0.0471295 0.1360211 0.1109280 0.1052048 0.0652092 0.1352201 0.1186231 0.1835874 0.1416614 0.1352201 0.0522589 0.1430696 0.0894603 0.1352201 0.1284014 0.1301209 0.0590026 0.1577854 0.1200935 0.1934943 0.0924106 0.1378005 0.1921818 0.1342944 
S0322       0.1557132 0.1466078 0.1555034 0.1643215 0.1427492 0.0195194 0.1743138 0.1420308 0.1281743 0.1267401 0.1415176 0.0000000 0.1433037 0.1343461 0.0144793 0.1626315 0.1199983 0.1262554 0.1602770 0.1948626 0.1289806 0.1466078 0.2050757 0.1352196 0.1412845 0.0937260 0.1464041 0.1421655 0.1495169 0.1200393 0.1508304 0.1456564 0.1442138 0.1651971 0.1919958 0.1608615 0.0247736 0.1648263 0.1425269 0.1618387 0.1413637 0.1363913 0.0627661 0.1412604 0.0401312 0.1156729 0.1268813 0.1079521 0.1955994 0.1391001 0.1999598 0.1635029 0.0741817 0.1872827 0.1597097 0.1919958 0.1556542 0.2266868 0.1285994 0.1133039 0.1514165 0.1517020 0.2266868 0.1278186 0.1419376 0.1202198 0.1559714 0.1441950 0.1580196 0.1580007 0.0753484 0.0194294 0.0194294 0.1274733 0.1053153 0.1467861 0.1350248 0.1561340 0.1721096 0.1553217 0.1489687 0.1313462 0.1415948 0.1537976 0.1290868 0.1275807 0.1535446 0.1398576 0.1523897 0.1342136 0.1546868 0.1607746 0.1256417 0.1342136 0.1439978 0.1419906 0.1488994 0.1342136 0.1564012 0.1332742 0.1441817 0.1270220 0.1320780 0.1882674 0.1201307 0.1350962 0.1812749 0.1500298 
S0335       0.0930223 0.1095642 0.1451268 0.1336301 0.0834866 0.1162600 0.1350477 0.0631129 0.0883845 0.1250608 0.1402777 0.1433037 0.0000000 0.0593782 0.1513431 0.0716238 0.0768223 0.0586656 0.1206028 0.1030091 0.1193093 0.1095642 0.1237927 0.1184388 0.1244854 0.0837143 0.0796038 0.0757599 0.0894344 0.1224521 0.1498703 0.1486413 0.0842484 0.1263842 0.1627216 0.0919793 0.1241355 0.1488260 0.0833465 0.1177227 0.0815304 0.1349802 0.1692469 0.1156811 0.1181204 0.0831217 0.0885468 0.0838434 0.1114948 0.1095870 0.1636243 0.1037995 0.1530692 0.1206174 0.1246866 0.1627216 0.1177701 0.2121140 0.0896974 0.0830780 0.1099261 0.0874890 0.2121140 0.0825227 0.0829802 0.0714541 0.1389905 0.1333087 0.1471218 0.1474894 0.1407209 0.1156084 0.1156084 0.0705664 0.0283885 0.0735910 0.0769097 0.0954082 0.0900514 0.0687189 0.1002595 0.1340763 0.0746118 0.0793758 0.1337245 0.0769289 0.1101865 0.1101631 0.1414172 0.0765060 0.1243024 0.0881477 0.0591205 0.0765060 0.1269372 0.0830058 0.1478909 0.0765060 0.0777942 0.0249989 0.1332510 0.0886362 0.0755139 0.1531721 0.1103617 0.0597370 0.1013950 0.0768675 
S0345       0.1013275 0.1156672 0.1531149 0.1322856 0.0883761 0.1080638 0.1471664 0.0882707 0.0932024 0.1238235 0.1388563 0.1343461 0.0593782 0.0000000 0.1421013 0.0986965 0.0817009 0.0687234 0.1180541 0.1090903 0.1181302 0.1156672 0.1293486 0.1172751 0.1232593 0.0698468 0.0915763 0.0879842 0.0943040 0.1212677 0.1483205 0.1392615 0.0891798 0.1251220 0.1610344 0.0980291 0.1074881 0.1200929 0.0882307 0.1300257 0.0750458 0.1336070 0.1593521 0.1232918 0.1157193 0.0643613 0.0746315 0.0521378 0.1344908 0.1085938 0.1471231 0.1023414 0.1437099 0.1137247 0.1017851 0.1610344 0.1166191 0.1944238 0.0640607 0.0638557 0.1082399 0.0945444 0.1944238 0.0873656 0.0878502 0.0512636 0.1376011 0.1244347 0.1378708 0.1556302 0.1378344 0.1074716 0.1074716 0.0754364 0.0108827 0.0992238 0.0817923 0.1002516 0.1087315 0.1065076 0.0817355 0.1327218 0.0951876 0.1054628 0.1189701 0.0818090 0.1222975 0.1163023 0.1322556 0.0813634 0.1305747 0.1091020 0.0695085 0.0813634 0.1256660 0.0878775 0.1463835 0.0813634 0.0894327 0.0524767 0.1243850 0.0753789 0.0811352 0.1603735 0.1154201 0.0706535 0.1163865 0.0697665 
S0355       0.1639624 0.1545516 0.1637331 0.1728079 0.1507504 0.0246799 0.1753733 0.1638603 0.1358168 0.1342881 0.1494512 0.0144793 0.1513431 0.1421013 0.0000000 0.1713471 0.1273938 0.1337756 0.1688098 0.2040566 0.1366906 0.1545516 0.2146150 0.1430345 0.1492067 0.1129604 0.1546781 0.1501394 0.1576578 0.1274276 0.1590560 0.1681369 0.1523278 0.1737346 0.2010180 0.1694190 0.0300743 0.1730260 0.1505169 0.1701580 0.1630678 0.1442821 0.0803118 0.1491534 0.0456810 0.1364086 0.1478152 0.1281244 0.1887788 0.1468604 0.2097433 0.1719015 0.0804766 0.2113500 0.1828156 0.2010180 0.1638715 0.2365826 0.1498606 0.1205771 0.1740615 0.1742852 0.2365826 0.1354455 0.1498965 0.1311173 0.1642112 0.1522962 0.1663995 0.1663915 0.0817593 0.0245646 0.0245646 0.1350757 0.1203318 0.1685680 0.1428344 0.1644056 0.1807604 0.1776527 0.1570814 0.1392236 0.1633680 0.1759172 0.1367830 0.1351991 0.1616349 0.1476768 0.1607163 0.1419583 0.1628720 0.1839740 0.1331030 0.1419583 0.1520840 0.1499537 0.1569818 0.1419583 0.1646980 0.1409523 0.1522729 0.1479873 0.1396821 0.1973147 0.1275404 0.1428937 0.1902263 0.1582032 
S0376       0.1069425 0.1120317 0.1706702 0.1473593 0.1031861 0.1337972 0.1745299 0.0770852 0.0956504 0.1478807 0.1641746 0.1626315 0.0716238 0.0986965 0.1713471 0.0000000 0.0960753 0.0907997 0.1502378 0.1241317 0.1343934 0.1120317 0.0600333 0.1408783 0.1471849 0.1117573 0.0556131 0.0947075 0.1094200 0.1536643 0.1745939 0.1250533 0.1041727 0.1406388 0.1817311 0.0998424 0.1423367 0.1510086 0.0905572 0.1132394 0.1166143 0.1587912 0.1726426 0.1392541 0.1265445 0.1051148 0.1098375 0.1051513 0.1344895 0.1253071 0.1659707 0.1207355 0.1705339 0.1250750 0.1142806 0.1817311 0.1204790 0.2176400 0.1113305 0.0906673 0.0918856 0.1115074 0.2176400 0.1019724 0.0948107 0.0938477 0.1625005 0.1107648 0.1238310 0.1735400 0.1358523 0.1330084 0.1330084 0.0894094 0.0671198 0.0827135 0.0961834 0.1156595 0.1060645 0.0897587 0.1146491 0.1433907 0.0839109 0.1011090 0.1593670 0.0961934 0.1056582 0.1259996 0.1182700 0.0834681 0.1409664 0.0861643 0.0965421 0.0834681 0.1500964 0.1026044 0.1808821 0.0834681 0.0893880 0.0777347 0.1191944 0.0955087 0.0767942 0.1645297 0.1397881 0.0779912 0.0593452 0.0840366 
S0400       0.0569713 0.1137187 0.1498438 0.1360772 0.0147370 0.0946235 0.1381092 0.0925156 0.0195213 0.1212186 0.1358974 0.1199983 0.0768223 0.0817009 0.1273938 0.0960753 0.0000000 0.0248448 0.1305338 0.0932324 0.1156366 0.1137187 0.1131504 0.1148131 0.1206762 0.0886975 0.0590144 0.0146640 0.0249653 0.1145534 0.1295474 0.1439585 0.0148478 0.1295199 0.1656826 0.0822854 0.0941374 0.1313417 0.0147108 0.1148985 0.1125164 0.1157986 0.1500494 0.1135509 0.0820236 0.0951214 0.1060166 0.0937934 0.0899726 0.1137411 0.1604432 0.1228017 0.1200393 0.1547907 0.1363977 0.1656826 0.1218835 0.2142355 0.1074056 0.0866108 0.0686936 0.1275764 0.2142355 0.0145796 0.0299561 0.0698357 0.1347044 0.1291642 0.1425315 0.1522603 0.1160949 0.0941180 0.0941180 0.0047964 0.0586489 0.1039870 0.0096962 0.0247469 0.0645496 0.0990825 0.0618072 0.1167340 0.1000405 0.1102223 0.1388594 0.0097034 0.1075700 0.1143329 0.1369784 0.0096561 0.1283488 0.1206138 0.0676120 0.0096561 0.1368065 0.0146464 0.1279532 0.0096561 0.0631739 0.0863704 0.1217573 0.1061272 0.0561303 0.1585968 0.1062740 0.0854275 0.1188154 0.0737129 
S0405       0.0744167 0.1268485 0.1502776 0.1500508 0.0302404 0.1005949 0.1385073 0.0923604 0.0350430 0.1215539 0.1362843 0.1262554 0.0586656 0.0687234 0.1337756 0.0907997 0.0248448 0.0000000 0.1309046 0.1002034 0.1159555 0.1268485 0.1147148 0.1151277 0.1210085 0.0698118 0.0653740 0.0300940 0.0304089 0.1065561 0.1455391 0.1443738 0.0304779 0.1357117 0.1661736 0.0771199 0.1000720 0.1317011 0.0301876 0.1281762 0.0926505 0.1311109 0.1504837 0.1138586 0.0955362 0.0758885 0.0865123 0.0748532 0.1097064 0.1268704 0.1609383 0.1295509 0.1352823 0.1325481 0.1147808 0.1661736 0.1353722 0.2079632 0.0876128 0.0868313 0.0636644 0.1320309 0.2079632 0.0299123 0.0354721 0.0875256 0.1350828 0.1295283 0.1429391 0.1527081 0.1164165 0.1000538 0.1000538 0.0196824 0.0394452 0.1031386 0.0248734 0.0301425 0.0694771 0.0982763 0.0679484 0.1170595 0.0992187 0.1093063 0.1299244 0.0248884 0.1205659 0.1275485 0.1373709 0.0247645 0.1420220 0.1195540 0.0927873 0.0247645 0.1371973 0.0300577 0.1436731 0.0247645 0.0694723 0.0682259 0.1220957 0.0865976 0.0621381 0.1654255 0.1204265 0.0877396 0.1136049 0.0687248 
S0407sl     0.1514138 0.1190088 0.0766585 0.1289912 0.1384051 0.1319708 0.0777603 0.1054378 0.1298894 0.0528453 0.0647866 0.1602770 0.1206028 0.1180541 0.1688098 0.1502378 0.1305338 0.1309046 0.0000000 0.1368857 0.0530555 0.1190088 0.1770355 0.0587376 0.0640954 0.1389105 0.1186705 0.1378284 0.1451388 0.0637734 0.0908781 0.0834677 0.1375502 0.1158825 0.1811152 0.1258231 0.1403422 0.1204789 0.1381859 0.1331627 0.0993704 0.0782181 0.1605020 0.0417265 0.1309901 0.1267301 0.1112375 0.1332340 0.1920520 0.1204681 0.1766107 0.1442158 0.1602519 0.1704810 0.1801316 0.1811152 0.1272409 0.2155898 0.1396795 0.1228462 0.1618308 0.1419947 0.2155898 0.1367358 0.1376054 0.1104659 0.0644154 0.0708832 0.0827165 0.0778209 0.1541891 0.1312056 0.1312056 0.1231305 0.0723324 0.1311275 0.1306764 0.1518284 0.1556847 0.1533830 0.1233598 0.0771029 0.1393591 0.1381080 0.0717759 0.1306588 0.1255358 0.1196513 0.0773954 0.1298894 0.1337185 0.1726632 0.1162251 0.1298894 0.0770672 0.1376569 0.0910666 0.1298894 0.1231080 0.1111526 0.0772999 0.1244963 0.1148989 0.1899950 0.1062611 0.1120693 0.1697251 0.1083555 
S0412sl     0.0747990 0.1264116 0.1710387 0.1570931 0.1001031 0.1651218 0.1590634 0.1008832 0.1048858 0.1411539 0.1565775 0.1948626 0.1030091 0.1090903 0.2040566 0.1241317 0.0932324 0.1002034 0.1368857 0.0000000 0.1354469 0.1264116 0.1356554 0.1408305 0.1468941 0.1158894 0.0651297 0.0996708 0.1061403 0.1474965 0.1589675 0.1636813 0.0888142 0.1432886 0.1595669 0.0648954 0.1741804 0.1442478 0.0999418 0.1409303 0.1481939 0.1580343 0.1793876 0.1404950 0.1638176 0.1228126 0.1335374 0.1160494 0.1462711 0.1394857 0.1594393 0.1227107 0.1947475 0.1501579 0.1374239 0.1595669 0.1274506 0.2078235 0.1222009 0.1002191 0.1544257 0.1507855 0.2078235 0.0989573 0.1049132 0.0916882 0.1550822 0.1483049 0.1620309 0.1738256 0.1731993 0.1641384 0.1641384 0.0867884 0.0656897 0.1127284 0.0933349 0.1121858 0.1092742 0.1077331 0.1237085 0.1569749 0.1143527 0.1191999 0.1459769 0.0933461 0.1330831 0.1402463 0.1427645 0.0928342 0.1550952 0.1375005 0.1063859 0.0928342 0.1575493 0.0995507 0.1708991 0.0928342 0.0639486 0.0945010 0.1482361 0.1190161 0.0630026 0.1558112 0.1329165 0.1203205 0.1082548 0.1066018 
S0417       0.1357214 0.0864282 0.0522822 0.1065580 0.1231452 0.1027413 0.0530436 0.1304267 0.1150946 0.0303165 0.0412541 0.1289806 0.1193093 0.1181302 0.1366906 0.1343934 0.1156366 0.1159555 0.0530555 0.1354469 0.0000000 0.0864282 0.1681945 0.0357397 0.0408422 0.1310828 0.1040443 0.1226216 0.1296290 0.0406544 0.0650297 0.0644961 0.1243682 0.1004716 0.1567441 0.1109364 0.1102733 0.1171375 0.1229476 0.0992615 0.1242601 0.0533386 0.1577921 0.0302743 0.1146700 0.1248510 0.1155024 0.1318059 0.1740350 0.0937864 0.1343082 0.1142106 0.1344804 0.1831493 0.1852821 0.1567441 0.0936722 0.1889404 0.1381827 0.1215668 0.1454512 0.1507813 0.1889404 0.1216829 0.1297993 0.1134328 0.0410644 0.0527046 0.0639420 0.0530470 0.1365294 0.1021762 0.1021762 0.1085904 0.0722762 0.1568326 0.1157642 0.1360932 0.1394878 0.1657243 0.1099832 0.0525994 0.1419471 0.1502204 0.0474328 0.1157612 0.0924423 0.0868623 0.0587570 0.1150946 0.0996220 0.1778288 0.1212825 0.1150946 0.0525877 0.1224712 0.0768574 0.1150946 0.1085678 0.1099868 0.0463961 0.1364520 0.1008171 0.1706984 0.0800806 0.1172248 0.1688781 0.1070456 
S0419       0.1145944 0.0000010 0.1172752 0.0460797 0.1210913 0.1199413 0.1188369 0.1021690 0.1073934 0.0916279 0.1046597 0.1466078 0.1095642 0.1156672 0.1545516 0.1120317 0.1137187 0.1268485 0.1190088 0.1264116 0.0864282 0.0000000 0.1236397 0.0858222 0.0912408 0.1283429 0.0716383 0.1146787 0.1274665 0.0853234 0.1126326 0.1062671 0.1222737 0.0407888 0.1275232 0.1149107 0.1277369 0.1148260 0.1012591 0.0097381 0.1481474 0.0997258 0.1483046 0.0913342 0.1191052 0.1222380 0.1334741 0.1290391 0.1477997 0.0249479 0.1135123 0.0937133 0.1466103 0.1510913 0.1527213 0.1275232 0.0048664 0.1430670 0.1352881 0.1065468 0.1365459 0.1309315 0.1430670 0.1196723 0.1407894 0.0811074 0.1039019 0.0931869 0.1052972 0.1190584 0.1277071 0.1192799 0.1192799 0.1067993 0.0775505 0.1142047 0.1138427 0.1338244 0.1313108 0.1091387 0.1208735 0.0871570 0.1031046 0.1207891 0.1068541 0.1138404 0.0048049 0.0196527 0.1000174 0.1007506 0.0300167 0.1258997 0.1063021 0.1007506 0.0929382 0.1204343 0.1113225 0.1131946 0.0944789 0.1077239 0.0866558 0.1336240 0.0871775 0.1535057 0.0295115 0.1021529 0.1242786 0.1000582 
S0427       0.1328119 0.1236397 0.2072957 0.1660869 0.1204890 0.1744554 0.2099257 0.1078187 0.1126313 0.1592664 0.1758211 0.2050757 0.1237927 0.1293486 0.2146150 0.0600333 0.1131504 0.1147148 0.1770355 0.1356554 0.1681945 0.1236397 0.0000000 0.1822836 0.1889153 0.1368528 0.0662321 0.1199825 0.1208928 0.1658875 0.2002649 0.1649832 0.1216607 0.1431561 0.2266847 0.1301930 0.1838505 0.1630561 0.1007436 0.1249667 0.1415722 0.2022590 0.2074779 0.1650892 0.1587998 0.1306023 0.1344835 0.1300183 0.1313284 0.1356151 0.2218818 0.1612318 0.1869151 0.1589327 0.1399850 0.2266847 0.1323068 0.2440614 0.1213052 0.1204806 0.1295655 0.1453442 0.2440614 0.1190817 0.1241920 0.0907004 0.1893821 0.1494623 0.1633065 0.2108323 0.1689253 0.1733931 0.1733931 0.1062635 0.0924229 0.1136882 0.1132734 0.1271854 0.1238381 0.1214509 0.1464129 0.1856331 0.1153445 0.1332045 0.1868725 0.1132716 0.1172238 0.1363628 0.1577065 0.1002399 0.1513564 0.1184521 0.1199222 0.1002399 0.1768628 0.1057642 0.2161116 0.1002399 0.1062414 0.1142353 0.1589671 0.1193005 0.0933113 0.1989691 0.1438020 0.1071386 0.0939941 0.1206287 
S0428sl     0.1347682 0.0858222 0.0524726 0.1058088 0.1222689 0.1087570 0.0587185 0.1294985 0.1084200 0.0355915 0.0467094 0.1352196 0.1184388 0.1172751 0.1430345 0.1408783 0.1148131 0.1151277 0.0587376 0.1408305 0.0357397 0.0858222 0.1822836 0.0000000 0.0354471 0.1301442 0.1032864 0.1217509 0.1287119 0.0460217 0.0591168 0.0586320 0.1234754 0.0997609 0.1556609 0.1101330 0.1164028 0.1163347 0.1220735 0.0985672 0.1233671 0.0476098 0.1504118 0.0355359 0.1019973 0.1239503 0.1221675 0.1159374 0.1727972 0.0931237 0.1420733 0.1134065 0.1352411 0.1818863 0.1839916 0.1556609 0.0930116 0.1876539 0.1371986 0.1207079 0.1444189 0.1533316 0.1876539 0.1208236 0.1288807 0.1137376 0.0464832 0.0470456 0.0581330 0.0587315 0.1294841 0.1081573 0.1081573 0.1078160 0.0716978 0.1557474 0.1149391 0.1351360 0.1384897 0.1645775 0.1091909 0.0469523 0.1505105 0.1337456 0.0530447 0.1149360 0.0917968 0.0862504 0.0529759 0.1142778 0.0989224 0.1765830 0.1204270 0.1142778 0.0582114 0.1216013 0.0707751 0.1142778 0.1077936 0.1091939 0.0470802 0.1354894 0.1001018 0.1695353 0.0741330 0.1163802 0.1676959 0.1134941 
S0478       0.1408015 0.0912408 0.0631665 0.1055603 0.1282208 0.1145972 0.0574339 0.1355416 0.1142213 0.0406779 0.0519123 0.1412845 0.1244854 0.1232593 0.1492067 0.1471849 0.1206762 0.1210085 0.0640954 0.1468941 0.0408422 0.0912408 0.1889153 0.0354471 0.0000000 0.1362328 0.1091265 0.1276853 0.1347153 0.0511417 0.0589626 0.0584800 0.1294952 0.1053915 0.1618815 0.1160261 0.1223539 0.1219879 0.1280182 0.1041187 0.1293869 0.0474831 0.1566465 0.0406084 0.1138003 0.1236581 0.1218820 0.1369771 0.1686418 0.0986688 0.1417418 0.1191769 0.1412962 0.1884744 0.1836007 0.1618815 0.0985445 0.1872658 0.1368842 0.1265924 0.1506482 0.1596980 0.1872658 0.1267064 0.1348878 0.1127043 0.0412149 0.0469216 0.0579844 0.0572989 0.1206351 0.1139628 0.1139628 0.1135912 0.0777012 0.1619772 0.1208073 0.1411832 0.1381712 0.1709337 0.1009831 0.0468287 0.1567570 0.1553624 0.0583638 0.1207992 0.0972611 0.0916989 0.0582822 0.1201062 0.1045013 0.1831951 0.1262982 0.1201062 0.0580624 0.1275291 0.0705947 0.1201062 0.1135688 0.1150488 0.0523133 0.1415599 0.1057534 0.1758641 0.0794665 0.1223253 0.1741698 0.1192879 
S0552sl     0.0896232 0.1283429 0.1670112 0.1453100 0.0955943 0.0946484 0.1548712 0.0951295 0.1004678 0.1368595 0.1523952 0.0937260 0.0837143 0.0698468 0.1129604 0.1117573 0.0886975 0.0698118 0.1389105 0.1158894 0.1310828 0.1283429 0.1368528 0.1301442 0.1362328 0.0000000 0.0849007 0.0951719 0.0893693 0.1279539 0.1622629 0.1468014 0.0964870 0.1460957 0.1423165 0.0856745 0.1018713 0.1132135 0.0954376 0.1431310 0.0693127 0.1471322 0.1214779 0.1362257 0.1077480 0.0253001 0.0574712 0.0305642 0.1217391 0.1283650 0.1590058 0.1105891 0.1292196 0.0947721 0.0831109 0.1423165 0.1294147 0.1815069 0.0470671 0.0804082 0.1156236 0.1076346 0.1815069 0.0944850 0.1018286 0.0508262 0.1509388 0.1453142 0.1592839 0.1697772 0.1291965 0.0941424 0.0941424 0.0822306 0.0335455 0.0999599 0.0887972 0.0953571 0.1091360 0.0949624 0.1138815 0.1461402 0.1013951 0.1062556 0.1258442 0.0888110 0.1351310 0.1290610 0.1536036 0.0883180 0.1437594 0.1038557 0.0942100 0.0883180 0.1329910 0.0950552 0.1600978 0.0883180 0.0832912 0.0877278 0.1374895 0.0640594 0.0869407 0.1615290 0.1280686 0.0825248 0.1297097 0.1020791 
S0558       0.0649487 0.0716383 0.1301529 0.1110717 0.0653168 0.1186724 0.1261085 0.0779533 0.0587867 0.1096198 0.1166171 0.1464041 0.0796038 0.0915763 0.1546781 0.0556131 0.0590144 0.0653740 0.1186705 0.0651297 0.1040443 0.0716383 0.0662321 0.1032864 0.1091265 0.0849007 0.0000000 0.0650107 0.0710595 0.1091741 0.1330212 0.1039544 0.0658914 0.0981535 0.1335438 0.0543004 0.1267649 0.1068709 0.0475668 0.0844809 0.1164086 0.1188245 0.1481698 0.1091938 0.1178139 0.0914347 0.1025830 0.0978838 0.1001556 0.0899156 0.1401592 0.0853981 0.1464071 0.1326470 0.1131055 0.1335438 0.0787721 0.1799771 0.1039575 0.0776965 0.0905763 0.0987725 0.1799771 0.0587867 0.0830398 0.0720026 0.1229928 0.0904814 0.1029736 0.1322432 0.1267371 0.1179921 0.1179921 0.0530793 0.0473455 0.0895920 0.0590826 0.0768424 0.0731700 0.0724130 0.0947081 0.0977989 0.0786500 0.0958624 0.1267763 0.0591047 0.0776989 0.0903663 0.0975073 0.0475668 0.1037625 0.0740976 0.0834191 0.0475668 0.1174577 0.0649304 0.1313329 0.0587867 0.0359956 0.0779458 0.0837665 0.0886491 0.0417014 0.1324375 0.0835487 0.0717734 0.0725033 0.0716684 
S0641       0.0403004 0.1146787 0.1574162 0.1434254 0.0198337 0.1153212 0.1455644 0.0932903 0.0246285 0.1282629 0.1432470 0.1421655 0.0757599 0.0879842 0.1501394 0.0947075 0.0146640 0.0300940 0.1378284 0.0996708 0.1226216 0.1146787 0.1199825 0.1217509 0.1276853 0.0951719 0.0650107 0.0000000 0.0302401 0.1214727 0.1527031 0.1514778 0.0199851 0.1367772 0.1670575 0.0886204 0.1146937 0.1383736 0.0197986 0.1158761 0.1192956 0.1380676 0.1432388 0.1204050 0.1018952 0.1017064 0.1126784 0.1002772 0.0965420 0.1147012 0.1618444 0.1299174 0.1421758 0.1623226 0.1437479 0.1670575 0.1229162 0.2159561 0.1141671 0.0929118 0.0692776 0.1286480 0.2159561 0.0196205 0.0352781 0.0902772 0.1419461 0.1363948 0.1499604 0.1599711 0.1231138 0.1146793 0.1146793 0.0096820 0.0651937 0.1048469 0.0146809 0.0299765 0.0706096 0.0999130 0.0623257 0.1238082 0.1008843 0.1111299 0.1463755 0.0146913 0.1084843 0.1153026 0.1443786 0.0146189 0.1294324 0.1216283 0.0860204 0.0146189 0.1441828 0.0197123 0.1507239 0.0146189 0.0690962 0.0926453 0.1288392 0.1127980 0.0618074 0.1727746 0.1129738 0.0992586 0.1198034 0.0743310 
S0643       0.0747765 0.1274665 0.1649964 0.1507877 0.0303879 0.1222667 0.1451447 0.1053036 0.0352114 0.1353281 0.1506118 0.1495169 0.0894344 0.0943040 0.1576578 0.1094200 0.0249653 0.0304089 0.1451388 0.1061403 0.1296290 0.1274665 0.1208928 0.1287119 0.1347153 0.0893693 0.0710595 0.0302401 0.0000000 0.1359182 0.1603005 0.1590091 0.0306277 0.1440522 0.1662740 0.0949926 0.1215910 0.1323331 0.0303345 0.1288059 0.1133670 0.1454150 0.1652462 0.1272820 0.1085983 0.0958453 0.1068148 0.0944982 0.1031474 0.1141524 0.1654221 0.1370510 0.1495140 0.1559849 0.1374629 0.1662740 0.1360362 0.2080428 0.1013087 0.0935037 0.0751750 0.1418388 0.2080428 0.0300568 0.0355224 0.0904714 0.1491995 0.1436428 0.1573997 0.1676898 0.1228081 0.1215791 0.1215791 0.0197775 0.0653374 0.1170527 0.0249941 0.0302892 0.0767176 0.1121326 0.0796218 0.1385846 0.1132111 0.1234882 0.1539057 0.0147968 0.1211562 0.1147483 0.1517927 0.0248841 0.1288134 0.1345979 0.0922074 0.0248841 0.1515715 0.0302036 0.1581954 0.0248841 0.0750654 0.0989534 0.1359423 0.1069271 0.0675320 0.1806098 0.1197004 0.1056964 0.1192388 0.0857655 
S0645sl     0.1344561 0.0853234 0.0628539 0.1179860 0.1219888 0.0946807 0.0637469 0.1349774 0.1081769 0.0404906 0.0516633 0.1200393 0.1224521 0.1212677 0.1274276 0.1536643 0.1145534 0.1065561 0.0637734 0.1474965 0.0406544 0.0853234 0.1658875 0.0460217 0.0511417 0.1279539 0.1091741 0.1214727 0.1359182 0.0000000 0.0759886 0.0753724 0.1231894 0.1061580 0.1691188 0.1214608 0.1018972 0.1285054 0.1146152 0.0979817 0.1213171 0.0641033 0.1500527 0.0404220 0.1077674 0.1218786 0.1201565 0.1286450 0.1872095 0.1049908 0.1497745 0.1258224 0.1349268 0.1785608 0.1805786 0.1691188 0.0924605 0.2019097 0.1348628 0.1204344 0.1440741 0.1506238 0.2019097 0.1205499 0.1285832 0.1110499 0.0514047 0.0633478 0.0747188 0.0637706 0.1291841 0.0941750 0.0941750 0.1075753 0.0760206 0.1530538 0.1146790 0.1348224 0.1422394 0.1616726 0.1089439 0.0521081 0.1479022 0.1466105 0.0464287 0.1146760 0.0912595 0.0978834 0.0695509 0.1140209 0.1108833 0.1733428 0.1330799 0.1140209 0.0632007 0.1213238 0.0823882 0.1140209 0.1202058 0.1132397 0.0633839 0.1332118 0.1122238 0.1832303 0.0737081 0.1291831 0.1817067 0.1259626 
S0656sl     0.1667486 0.1126326 0.0895182 0.1211196 0.1450837 0.1154128 0.0840986 0.1696490 0.1381319 0.0647815 0.0772362 0.1508304 0.1498703 0.1483205 0.1590560 0.1745939 0.1295474 0.1455391 0.0908781 0.1589675 0.0650297 0.1126326 0.2002649 0.0591168 0.0589626 0.1622629 0.1330212 0.1527031 0.1603005 0.0759886 0.0000000 0.0781664 0.1549592 0.1136634 0.1832521 0.1404051 0.1313920 0.1381040 0.1530893 0.1265736 0.1528577 0.0096445 0.1840729 0.0646187 0.1224370 0.1408858 0.1387895 0.1631703 0.2030641 0.1066826 0.1533644 0.1355495 0.1508250 0.1981190 0.1845240 0.1832521 0.1206970 0.2016652 0.1548108 0.1513515 0.1778407 0.1967710 0.2016652 0.1514558 0.1604925 0.1262827 0.0648283 0.0656625 0.0774634 0.0839661 0.1544828 0.1226242 0.1226242 0.1373708 0.0862354 0.1895737 0.1452731 0.1672036 0.1562821 0.1906558 0.1326822 0.0655264 0.1842495 0.1911894 0.0771122 0.1452398 0.1190804 0.0994358 0.0723961 0.1443672 0.1057847 0.2132962 0.1352811 0.1443672 0.0711100 0.1525119 0.0297387 0.1443672 0.1373492 0.1392271 0.0777964 0.1677038 0.1287042 0.1805106 0.1000360 0.1375404 0.2033093 0.1433728 
S0673       0.1654083 0.1062671 0.0831832 0.1062522 0.1520962 0.1314497 0.0900382 0.1382149 0.1237033 0.0588816 0.0710946 0.1456564 0.1486413 0.1392615 0.1681369 0.1250533 0.1439585 0.1443738 0.0834677 0.1636813 0.0644961 0.1062671 0.1649832 0.0586320 0.0584800 0.1468014 0.1039544 0.1514778 0.1590091 0.0753724 0.0781664 0.0000000 0.1537002 0.1130030 0.1817254 0.1392740 0.1397841 0.1444370 0.1381137 0.1199793 0.1319311 0.0659172 0.1615433 0.0640917 0.1304760 0.1260881 0.1168681 0.1397131 0.1986747 0.1143217 0.1599565 0.1496954 0.1660074 0.1861461 0.1640448 0.1817254 0.1141549 0.1999729 0.1318906 0.1334491 0.1476288 0.1564358 0.1999729 0.1502517 0.1419349 0.1480353 0.0642980 0.0097017 0.0196150 0.0776715 0.1393865 0.1306894 0.1306894 0.1362845 0.0857268 0.1652490 0.1441124 0.1658572 0.1550039 0.1600970 0.1316208 0.0535508 0.1458879 0.1584869 0.0783004 0.1440811 0.1126285 0.1068286 0.0249200 0.1297913 0.1204577 0.1651075 0.1331377 0.1297913 0.0769209 0.1512904 0.0905265 0.1432224 0.1185174 0.1316428 0.0304887 0.1346298 0.1147637 0.1940586 0.1060454 0.1315392 0.1510071 0.1215473 
S0690       0.0635699 0.1222737 0.1597212 0.1388313 0.0200851 0.1169540 0.1476998 0.1002321 0.0249380 0.1300885 0.1453249 0.1442138 0.0842484 0.0891798 0.1523278 0.1041727 0.0148478 0.0304779 0.1375502 0.0888142 0.1243682 0.1222737 0.1216607 0.1234754 0.1294952 0.0964870 0.0658914 0.0199851 0.0306277 0.1231894 0.1549592 0.1537002 0.0000000 0.1387568 0.1691098 0.0898324 0.1163079 0.1403075 0.0200492 0.1235674 0.1209528 0.1400822 0.1599285 0.1220933 0.1033166 0.1031205 0.1142333 0.1016530 0.0978934 0.1222962 0.1639125 0.1317802 0.1442207 0.1646690 0.1458323 0.1691098 0.1307886 0.2188137 0.1157626 0.0941667 0.0756780 0.1366183 0.2188137 0.0198667 0.0357282 0.0889636 0.1439789 0.1383617 0.1521379 0.1623484 0.1248745 0.1162939 0.1162939 0.0098025 0.0661594 0.1120057 0.0148651 0.0303576 0.0596587 0.1070352 0.0684652 0.1255910 0.1072632 0.1184360 0.1485383 0.0148757 0.1159521 0.1229528 0.1464850 0.0148016 0.1374674 0.1293983 0.0871683 0.0148016 0.1462798 0.0199608 0.1529189 0.0148016 0.0700131 0.0938918 0.1306813 0.1143564 0.0516075 0.1753363 0.1145413 0.1006065 0.1274307 0.0807713 
S0720       0.1432615 0.0407888 0.1329270 0.0519972 0.1373493 0.1369705 0.1346967 0.1179334 0.1228407 0.1058517 0.1196687 0.1651971 0.1263842 0.1251220 0.1737346 0.1406388 0.1295199 0.1357117 0.1158825 0.1432886 0.1004716 0.0407888 0.1431561 0.0997609 0.1053915 0.1460957 0.0981535 0.1367772 0.1440522 0.1061580 0.1136634 0.1130030 0.1387568 0.0000000 0.1647546 0.1374608 0.1453589 0.1239393 0.1237786 0.0465238 0.1605470 0.1146251 0.1726831 0.1054641 0.1420376 0.1396821 0.1450780 0.1406086 0.1677065 0.0409683 0.1438006 0.1079478 0.1715416 0.1708597 0.1728282 0.1647546 0.0468028 0.1821255 0.1471225 0.1291090 0.1664930 0.1408842 0.1821255 0.1356981 0.1482360 0.0727006 0.1187135 0.0996502 0.1119577 0.1350090 0.1514994 0.1361802 0.1361802 0.1221603 0.0916744 0.1314192 0.1296613 0.1507142 0.1473332 0.1398351 0.1507354 0.1013697 0.1198943 0.1249407 0.1162917 0.1296454 0.0461966 0.0352912 0.1066388 0.1158367 0.0462186 0.1498349 0.1224209 0.1158367 0.1139066 0.1366074 0.1138739 0.1288849 0.1155008 0.1167654 0.1007746 0.1452494 0.1014140 0.1793673 0.0569648 0.1170440 0.1592728 0.1220471 
S0735       0.1588019 0.1275232 0.1940156 0.1515242 0.1742371 0.1795475 0.1817134 0.1826291 0.1584151 0.1626259 0.1789350 0.1919958 0.1627216 0.1610344 0.2010180 0.1817311 0.1656826 0.1661736 0.1811152 0.1595669 0.1567441 0.1275232 0.2266847 0.1556609 0.1618815 0.1423165 0.1335438 0.1670575 0.1662740 0.1691188 0.1832521 0.1817254 0.1691098 0.1647546 0.0000000 0.1465760 0.1889476 0.2045860 0.1597104 0.1421772 0.2213201 0.1737129 0.1942043 0.1617777 0.1780879 0.1831383 0.2038163 0.1734442 0.2116941 0.1357746 0.0261947 0.1657535 0.2098934 0.1900797 0.1923284 0.0000010 0.1195292 0.0352324 0.1978991 0.1493248 0.1839751 0.2184778 0.0352324 0.1721087 0.1664665 0.1240885 0.1770761 0.1655381 0.1798348 0.1972234 0.1886294 0.1784615 0.1784615 0.1575668 0.1128253 0.1965158 0.1658557 0.1885254 0.1871141 0.1663108 0.1739357 0.1583799 0.1844738 0.2044524 0.1743560 0.1511265 0.1342533 0.1277099 0.1681042 0.1508546 0.1422031 0.2069946 0.1799178 0.1508546 0.1690807 0.1733433 0.1868416 0.1647905 0.1296936 0.1597246 0.1574221 0.2040844 0.1484110 0.2400068 0.1674885 0.1619863 0.1644455 0.1433162 
S0742       0.0766274 0.1149107 0.1451978 0.1369613 0.0890163 0.1389867 0.1333927 0.1024303 0.0938747 0.1165524 0.1237324 0.1608615 0.0919793 0.0980291 0.1694190 0.0998424 0.0822854 0.0771199 0.1258231 0.0648954 0.1109364 0.1149107 0.1301930 0.1101330 0.1160261 0.0856745 0.0543004 0.0886204 0.0949926 0.1214608 0.1404051 0.1392740 0.0898324 0.1374608 0.1465760 0.0000000 0.1475262 0.1327008 0.0888699 0.1291718 0.1369127 0.1260089 0.1627835 0.1160774 0.1379364 0.0983221 0.1224320 0.0987469 0.1341437 0.1278475 0.1467664 0.1044764 0.1676257 0.1541446 0.1411412 0.1465760 0.1158499 0.1938563 0.1110295 0.0894440 0.1292414 0.1531332 0.1938563 0.0879924 0.0951315 0.1153927 0.1300804 0.1244788 0.1378862 0.1475593 0.1467913 0.1381734 0.1381734 0.0759690 0.0538093 0.1144442 0.0823779 0.1009877 0.0978188 0.1093906 0.1069816 0.1251880 0.1161122 0.1210136 0.1205295 0.0823944 0.1214984 0.1285359 0.1322840 0.0819425 0.1431236 0.1396498 0.1080078 0.0819425 0.1321246 0.0885122 0.1447961 0.0819425 0.0533167 0.0959488 0.1170735 0.1225669 0.0637166 0.1606911 0.1213561 0.1028209 0.1109684 0.0832868 
