61
S0055       0.0000000 0.0918913 0.0998057 0.0666707 0.0489035 0.1010395 0.0869293 0.0876152 0.0848768 0.0614252 0.0888239 0.0878641 0.0817693 0.0672818 0.0379771 0.0827893 0.0945852 0.0491138 0.0670022 0.0799678 0.1467015 0.1170154 0.1679505 0.1473915 0.0880189 0.1078284 0.0796502 0.0693380 0.0745346 0.1119667 0.1581921 0.0621717 0.0804656 0.0820369 0.1086424 0.0654045 0.0742720 0.0616881 0.0440605 0.1031963 0.0504315 0.0225050 0.0880189 0.0811904 0.0861023 0.0833850 0.0431652 0.0616713 0.0431970 0.1006140 0.0674317 0.0662819 0.0764463 0.0555948 0.1836860 0.0818401 0.1640399 0.0800856 0.0489527 0.0798610 0.0691366 
S0282       0.0918913 0.0000000 0.1647625 0.0996904 0.1223610 0.1342916 0.1184134 0.0372721 0.0970863 0.0916852 0.1140116 0.1203206 0.0850164 0.0421371 0.0731330 0.1154217 0.1275093 0.0592706 0.0421663 0.0312783 0.1682674 0.1665844 0.2073028 0.1844360 0.1205113 0.1218595 0.1301059 0.0794042 0.0869000 0.1471249 0.1965392 0.0928404 0.0314762 0.1210815 0.1389276 0.0390508 0.0260783 0.1128153 0.0740295 0.1330499 0.0685612 0.0660306 0.1205113 0.0373433 0.1353025 0.1491800 0.0675635 0.0481747 0.0789499 0.1278006 0.0424175 0.0958524 0.1051915 0.1152583 0.2073028 0.1034661 0.2434142 0.0859578 0.0737932 0.0908996 0.1038047 
S0289       0.0998057 0.1647625 0.0000000 0.1220457 0.1293332 0.1685681 0.1110804 0.1612609 0.1312899 0.1195207 0.1276839 0.1526475 0.1386168 0.1429510 0.0990541 0.1217105 0.1609028 0.1121242 0.1198008 0.1507935 0.1026163 0.1606862 0.1559508 0.0925645 0.1119750 0.1848686 0.1923543 0.0906628 0.1556115 0.0735100 0.1466909 0.1211923 0.1517310 0.1205089 0.1906167 0.1297074 0.1441888 0.1146454 0.1162776 0.1765359 0.1087350 0.0774875 0.1119750 0.1532904 0.1440782 0.1257962 0.1224019 0.1284672 0.1136869 0.0708387 0.1351948 0.1327354 0.1525417 0.1291879 0.1711001 0.1298017 0.2234671 0.1420081 0.1300277 0.1184794 0.1391468 
S0308       0.0666707 0.0996904 0.1220457 0.0000000 0.0737430 0.0404833 0.0724723 0.0951889 0.0821035 0.0282118 0.0667808 0.0284750 0.0891112 0.0865814 0.0477338 0.0606214 0.0344945 0.0530625 0.0725237 0.0795874 0.1073556 0.0673775 0.1134415 0.1024315 0.0592655 0.0465431 0.0886991 0.0890581 0.0826044 0.0907958 0.1118790 0.0228735 0.0738597 0.0289200 0.1194049 0.0711816 0.0805424 0.0812529 0.0615874 0.1049533 0.0690685 0.0239376 0.0592655 0.0745742 0.0667551 0.0753832 0.0470257 0.0667785 0.0602379 0.0503455 0.0661639 0.0586230 0.0767430 0.0606356 0.1207771 0.0820207 0.1399428 0.0463054 0.0533611 0.0652178 0.0683442 
S0335       0.0489035 0.1223610 0.1293332 0.0737430 0.0000000 0.1084613 0.0803437 0.1183517 0.0856721 0.0678698 0.0947970 0.0949976 0.1048402 0.0954661 0.0635011 0.0899176 0.1018787 0.0753737 0.0950344 0.1095303 0.1444298 0.1249405 0.1493273 0.1163592 0.0951623 0.1080704 0.0672497 0.1031885 0.1038014 0.1272055 0.1402126 0.0830010 0.1102143 0.0826255 0.0737067 0.0812240 0.1034412 0.0895191 0.0765799 0.0761532 0.0775026 0.0165778 0.0951623 0.1112689 0.0930642 0.0692195 0.0488610 0.0761838 0.0687688 0.0918214 0.0956931 0.0809202 0.0387521 0.0315454 0.1643546 0.0733995 0.1591815 0.0869322 0.0430527 0.0733018 0.0552748 
S0355       0.1010395 0.1342916 0.1685681 0.0404833 0.1084613 0.0000000 0.1065140 0.1305104 0.1265082 0.0609418 0.1096238 0.0101097 0.1247342 0.1212589 0.0819981 0.0950305 0.0152918 0.0868451 0.1067222 0.1140964 0.1284994 0.0950200 0.1452507 0.1475036 0.1001824 0.0808410 0.1170239 0.1247654 0.1113233 0.1292645 0.1433099 0.0443072 0.1086255 0.0686212 0.1557106 0.0995733 0.1153743 0.1164099 0.0907432 0.1224290 0.0978503 0.0525865 0.1001824 0.1096500 0.1010258 0.1005747 0.0807824 0.1012731 0.0817142 0.0821662 0.1003648 0.0928056 0.1127969 0.0951402 0.1526818 0.1078396 0.1977803 0.0794589 0.0872742 0.1053587 0.0944858 
S0376       0.0869293 0.1184134 0.1110804 0.0724723 0.0803437 0.1065140 0.0000000 0.1144683 0.0975141 0.0491806 0.0601664 0.0933107 0.1146881 0.0861311 0.0618464 0.0383020 0.0867496 0.0730711 0.0920568 0.1060132 0.1345458 0.1297270 0.1468763 0.0877317 0.0494454 0.1063923 0.1016723 0.0795968 0.1160431 0.1182550 0.1379439 0.0816218 0.1066583 0.0876028 0.1214816 0.0720337 0.1001244 0.0871052 0.0884271 0.0748363 0.0754272 0.0284388 0.0494454 0.1076455 0.0616792 0.0697389 0.0672393 0.0866888 0.0802926 0.0534847 0.0926736 0.0845819 0.0765691 0.0802663 0.1543487 0.0876568 0.1565294 0.0671940 0.0734376 0.0423387 0.0682632 
S0405       0.0876152 0.0372721 0.1612609 0.0951889 0.1183517 0.1305104 0.1144683 0.0000000 0.0827023 0.0874102 0.1099351 0.1163432 0.0938185 0.0374382 0.0686276 0.1113179 0.1236250 0.0547371 0.0374646 0.0264607 0.1647777 0.1632260 0.1867905 0.1813261 0.1165333 0.1318820 0.1261930 0.0749612 0.0825014 0.1433995 0.1763948 0.0885290 0.0153526 0.1170962 0.1351033 0.0340163 0.0101750 0.1087620 0.0628084 0.1291030 0.0639062 0.0610840 0.1165333 0.0208125 0.1315187 0.1454482 0.0629602 0.0370055 0.0745341 0.1091793 0.0376904 0.0917230 0.1008151 0.1111547 0.1867905 0.0991376 0.2412332 0.0943895 0.0692577 0.0797833 0.0994672 
S0412sl     0.0848768 0.0970863 0.1312899 0.0821035 0.0856721 0.1265082 0.0975141 0.0827023 0.0000000 0.0834690 0.0919772 0.1095879 0.0534466 0.0825034 0.0694102 0.1114620 0.1182586 0.0388907 0.0669963 0.0743614 0.1503136 0.1372951 0.1639517 0.1329134 0.1184911 0.1365300 0.1042872 0.0598660 0.0943359 0.1190838 0.1639517 0.0689810 0.0743614 0.1008695 0.0874276 0.0343168 0.0671075 0.1018124 0.0694938 0.1487780 0.0795500 0.0428646 0.1184911 0.0745990 0.1367804 0.1133087 0.0617602 0.0527628 0.0766031 0.0891136 0.0596536 0.0823750 0.0729945 0.0619066 0.1947357 0.0944698 0.2159527 0.0978662 0.0693291 0.0665004 0.0865354 
S0419       0.0614252 0.0916852 0.1195207 0.0282118 0.0678698 0.0609418 0.0491806 0.0874102 0.0834690 0.0000000 0.0685834 0.0491556 0.0886266 0.0796562 0.0440189 0.0383716 0.0551028 0.0489799 0.0668332 0.0797762 0.0989089 0.0934997 0.1255015 0.0948059 0.0435563 0.0791927 0.0818756 0.0817347 0.0885901 0.0905052 0.1170944 0.0381921 0.0802722 0.0553661 0.0937671 0.0589101 0.0740882 0.0877009 0.0566611 0.0965336 0.0634527 0.0054162 0.0435563 0.0809945 0.0555685 0.0698464 0.0434174 0.0615102 0.0555187 0.0454781 0.0672608 0.0662431 0.0566815 0.0617089 0.1397920 0.0685906 0.1558955 0.0262774 0.0492380 0.0543856 0.0563388 
S0427       0.0888239 0.1140116 0.1276839 0.0667808 0.0947970 0.1096238 0.0601664 0.1099351 0.0919772 0.0685834 0.0000000 0.0960157 0.0951258 0.0947267 0.0695425 0.0756206 0.1029726 0.0683118 0.0874338 0.1014653 0.1387308 0.1263063 0.1437103 0.1247357 0.0745805 0.1175332 0.1111125 0.0748626 0.1114713 0.1145623 0.1346495 0.0839008 0.1020966 0.0966458 0.1028303 0.0801576 0.0955023 0.0953161 0.0765280 0.1036627 0.0705497 0.0473225 0.0745805 0.1030548 0.0878376 0.1049075 0.0624256 0.0819718 0.0755341 0.0548109 0.0880258 0.0929687 0.0851060 0.0692741 0.1587588 0.0835683 0.1707722 0.0878478 0.0686643 0.0487883 0.0898021 
S0430       0.0878641 0.1203206 0.1526475 0.0284750 0.0949976 0.0101097 0.0933107 0.1163432 0.1095879 0.0491556 0.0960157 0.0000000 0.1105745 0.1075372 0.0692543 0.0819378 0.0050280 0.0741745 0.0934886 0.1005893 0.1139310 0.0819201 0.1300471 0.1326857 0.0871256 0.0682805 0.1031567 0.1105668 0.1042290 0.1145406 0.1283196 0.0327448 0.0951408 0.0563555 0.1405904 0.0857774 0.1017215 0.1026091 0.0774732 0.1085793 0.0909363 0.0402857 0.0871256 0.0960272 0.0878589 0.0874561 0.0682481 0.0880420 0.0815323 0.0731169 0.0872605 0.0800409 0.0987365 0.0820388 0.1372807 0.0944713 0.1813419 0.0671514 0.0745508 0.0923183 0.0814766 
S0558       0.0817693 0.0850164 0.1386168 0.0891112 0.1048402 0.1247342 0.1146881 0.0938185 0.0534466 0.0886266 0.0951258 0.1105745 0.0000000 0.0858756 0.0752388 0.1191064 0.1178406 0.0608870 0.0728482 0.0722306 0.1758188 0.1270692 0.1853220 0.1588928 0.1243317 0.1230837 0.1257605 0.0750300 0.1175079 0.1374112 0.1875956 0.0828427 0.0865370 0.0899053 0.1346568 0.0520181 0.0802813 0.1089572 0.0755715 0.1353061 0.0905910 0.0612579 0.1243317 0.0873193 0.1397008 0.1136516 0.0821156 0.0675222 0.0812359 0.1141178 0.0601408 0.0986551 0.1006210 0.0885609 0.2154294 0.1208802 0.2333151 0.1090289 0.0887312 0.1000680 0.1143106 
S0643       0.0672818 0.0421371 0.1429510 0.0865814 0.0954661 0.1212589 0.0861311 0.0374382 0.0825034 0.0796562 0.0947267 0.1075372 0.0858756 0.0000000 0.0614339 0.0958744 0.1007032 0.0481478 0.0423537 0.0314138 0.1537816 0.1527706 0.1922588 0.1701657 0.1010678 0.1083461 0.1308359 0.0615357 0.0747842 0.1333959 0.1818280 0.0806500 0.0316133 0.1082272 0.1397249 0.0334177 0.0261904 0.0937470 0.0621835 0.1338151 0.0507179 0.0599425 0.1010678 0.0375101 0.1153240 0.1352766 0.0678936 0.0371922 0.0671945 0.0997367 0.0426071 0.0840064 0.0985924 0.0887396 0.2004819 0.1040285 0.2189858 0.0991017 0.0741588 0.0789844 0.0904356 
S0689       0.0379771 0.0731330 0.0990541 0.0477338 0.0635011 0.0819981 0.0618464 0.0686276 0.0694102 0.0440189 0.0695425 0.0692543 0.0752388 0.0614339 0.0000000 0.0517597 0.0757209 0.0320689 0.0433672 0.0615249 0.1160628 0.1106214 0.1364261 0.1178479 0.0630231 0.0815427 0.0761071 0.0629758 0.0623790 0.0842481 0.1275346 0.0445435 0.0619153 0.0697140 0.0982649 0.0465111 0.0559476 0.0621328 0.0385856 0.0922416 0.0387822 0.0229975 0.0630231 0.0624640 0.0760564 0.0926346 0.0385465 0.0439136 0.0322332 0.0632347 0.0380474 0.0208595 0.0596047 0.0639758 0.1513346 0.0782085 0.1462218 0.0620294 0.0444151 0.0614495 0.0651963 
S0720       0.0827893 0.1154217 0.1217105 0.0606214 0.0899176 0.0950305 0.0383020 0.1113179 0.1114620 0.0383716 0.0756206 0.0819378 0.1191064 0.0958744 0.0517597 0.0000000 0.0886053 0.0690991 0.0884741 0.1027087 0.1303677 0.1318861 0.1393474 0.1029406 0.0319274 0.1153079 0.1055544 0.0903443 0.1128933 0.1111774 0.1306047 0.0702013 0.1033548 0.0890209 0.1355962 0.0738904 0.0966689 0.0808359 0.0846597 0.0912746 0.0713895 0.0291805 0.0319274 0.1043371 0.0434462 0.0776789 0.0631403 0.0829493 0.0764241 0.0630817 0.0762277 0.0750131 0.0857996 0.0832111 0.1539455 0.0909337 0.1329869 0.0561885 0.0694590 0.0682714 0.0776369 
S0724sl     0.0945852 0.1275093 0.1609028 0.0344945 0.1018787 0.0152918 0.0867496 0.1236250 0.1182586 0.0551028 0.1029726 0.0050280 0.1178406 0.1007032 0.0757209 0.0886053 0.0000000 0.0806136 0.1002497 0.1075028 0.1214144 0.0885910 0.1378886 0.1403338 0.0937850 0.0620673 0.1102593 0.1178518 0.1114142 0.1221033 0.1360478 0.0385492 0.1020329 0.0625569 0.1484092 0.0928074 0.1087120 0.1096764 0.0842221 0.1156837 0.0979294 0.0464737 0.0937850 0.1029912 0.0945759 0.0941472 0.0746073 0.0947911 0.0881633 0.0731169 0.0939436 0.0865386 0.0987365 0.0887113 0.1378886 0.1013031 0.1899246 0.0733944 0.0810175 0.0989790 0.0750256 
S0742       0.0491138 0.0592706 0.1121242 0.0530625 0.0753737 0.0868451 0.0730711 0.0547371 0.0388907 0.0489799 0.0683118 0.0741745 0.0608870 0.0481478 0.0320689 0.0690991 0.0806136 0.0000000 0.0367003 0.0482164 0.1297239 0.1153697 0.1503319 0.1310168 0.0743097 0.0872206 0.0951353 0.0492864 0.0683174 0.0968497 0.1411247 0.0495582 0.0485181 0.0746570 0.0897152 0.0333494 0.0428755 0.0676349 0.0440005 0.1044703 0.0444947 0.0285750 0.0743097 0.0489310 0.0875335 0.0982075 0.0378921 0.0315668 0.0375223 0.0631995 0.0369169 0.0424030 0.0711643 0.0689930 0.1655005 0.0832263 0.1828293 0.0669094 0.0436558 0.0603982 0.0702902 
S0756       0.0670022 0.0421663 0.1198008 0.0725237 0.0950344 0.1067222 0.0920568 0.0374646 0.0669963 0.0668332 0.0874338 0.0934886 0.0728482 0.0423537 0.0433672 0.0884741 0.1002497 0.0367003 0.0000000 0.0314354 0.1378543 0.1368569 0.1666231 0.1319004 0.0805241 0.1078496 0.1022612 0.0551055 0.0622460 0.1041512 0.1569608 0.0676458 0.0316352 0.0940896 0.1103228 0.0275404 0.0262084 0.0865441 0.0498075 0.1045116 0.0386927 0.0407409 0.0805241 0.0318998 0.0939440 0.1121778 0.0437759 0.0260352 0.0433432 0.0722015 0.0206327 0.0713053 0.0780119 0.0883435 0.1666231 0.0902178 0.2083217 0.0732857 0.0496495 0.0662878 0.0770362 
S0763       0.0799678 0.0312783 0.1507935 0.0795874 0.1095303 0.1140964 0.1060132 0.0264607 0.0743614 0.0797762 0.1014653 0.1005893 0.0722306 0.0314138 0.0615249 0.1027087 0.1075028 0.0482164 0.0314354 0.0000000 0.1540629 0.1449989 0.1800233 0.1704747 0.1078872 0.1152987 0.1096814 0.0676580 0.0748974 0.1336263 0.1821707 0.0741755 0.0208564 0.1012365 0.1256440 0.0277103 0.0155501 0.0934592 0.0622768 0.1197428 0.0567942 0.0536708 0.1078872 0.0157171 0.1223920 0.1184207 0.0559707 0.0372451 0.0672941 0.1007051 0.0204720 0.0841309 0.0922683 0.0938648 0.1926317 0.0907763 0.2281772 0.0865240 0.0620777 0.0791024 0.0910698 
S0827       0.1467015 0.1682674 0.1026163 0.1073556 0.1444298 0.1284994 0.1345458 0.1647777 0.1503136 0.0989089 0.1387308 0.1139310 0.1758188 0.1537816 0.1160628 0.1303677 0.1214144 0.1297239 0.1378543 0.1540629 0.0000000 0.1765219 0.1189657 0.0685276 0.1211596 0.1691039 0.1837936 0.1560350 0.1762569 0.0446712 0.1106947 0.1157853 0.1550306 0.1387443 0.1906660 0.1392762 0.1473438 0.1828267 0.1196170 0.1798330 0.1444990 0.0838403 0.1211596 0.1651013 0.1544057 0.1449544 0.1227330 0.1472052 0.1315686 0.0298847 0.1541983 0.1512706 0.1527943 0.1295029 0.1331451 0.1363055 0.2635071 0.1204597 0.1303422 0.1329571 0.1285308 
S0888       0.1170154 0.1665844 0.1606862 0.0673775 0.1249405 0.0950200 0.1297270 0.1632260 0.1372951 0.0934997 0.1263063 0.0819201 0.1270692 0.1527706 0.1106214 0.1318861 0.0885910 0.1153697 0.1368569 0.1449989 0.1765219 0.0000000 0.2038697 0.1729220 0.1369887 0.1226578 0.1564883 0.1462177 0.1405802 0.1699449 0.2010658 0.0897911 0.1393836 0.0317137 0.1911304 0.1253767 0.1466294 0.1334704 0.1269180 0.1618238 0.1358663 0.0740341 0.1369887 0.1407579 0.1381591 0.1219463 0.1088830 0.1313324 0.1240080 0.1004919 0.1301110 0.1216217 0.1450169 0.1247834 0.2121613 0.1384068 0.2008002 0.1137601 0.1159110 0.1212417 0.1342947 
S0894       0.1679505 0.2073028 0.1559508 0.1134415 0.1493273 0.1452507 0.1468763 0.1867905 0.1639517 0.1255015 0.1437103 0.1300471 0.1853220 0.1922588 0.1364261 0.1393474 0.1378886 0.1503319 0.1666231 0.1800233 0.1189657 0.2038697 0.0000000 0.1066408 0.1394844 0.1353863 0.2069764 0.1778403 0.2076822 0.0965865 0.0050134 0.1157417 0.1937892 0.1522606 0.1954632 0.1549063 0.1856823 0.1838494 0.1406634 0.1887578 0.1747893 0.1126821 0.1394844 0.1958630 0.1553808 0.1420292 0.1431670 0.1521784 0.1603246 0.0810610 0.1637669 0.1413137 0.1494973 0.1319632 0.0206035 0.1689228 0.2805035 0.1479778 0.1353417 0.1377939 0.1605255 
S0899       0.1473915 0.1844360 0.0925645 0.1024315 0.1163592 0.1475036 0.0877317 0.1813261 0.1329134 0.0948059 0.1247357 0.1326857 0.1588928 0.1701657 0.1178479 0.1029406 0.1403338 0.1310168 0.1319004 0.1704747 0.0685276 0.1729220 0.1066408 0.0000000 0.1020237 0.1689679 0.1743889 0.1563861 0.1682550 0.0496218 0.0990028 0.1261084 0.1714922 0.1254417 0.1728948 0.1339017 0.1638701 0.1665313 0.1213215 0.1512382 0.1379853 0.0810859 0.1020237 0.1732460 0.1324215 0.1198081 0.1242746 0.1478795 0.1258567 0.0292354 0.1546133 0.1517845 0.1295023 0.1162364 0.1199465 0.1482283 0.2432249 0.1153939 0.1316156 0.0935299 0.1403933 
S1083       0.0880189 0.1205113 0.1119750 0.0592655 0.0951623 0.1001824 0.0494454 0.1165333 0.1184911 0.0435563 0.0745805 0.0871256 0.1243317 0.1010678 0.0630231 0.0319274 0.0937850 0.0743097 0.0805241 0.1078872 0.1211596 0.1369887 0.1394844 0.1020237 0.0000000 0.1203914 0.1108439 0.0956209 0.1181639 0.1053207 0.1307559 0.0754851 0.1085528 0.0942159 0.1263965 0.0799846 0.1018942 0.0859675 0.0899956 0.1194798 0.0767454 0.0347671 0.0000010 0.1095751 0.0208450 0.0840504 0.0683751 0.0881976 0.0816791 0.0713995 0.0942880 0.0927572 0.0918427 0.0884682 0.1540508 0.0962291 0.1525505 0.0613651 0.0746870 0.0673545 0.0829679 
S1120       0.1078284 0.1218595 0.1848686 0.0465431 0.1080704 0.0808410 0.1063923 0.1318820 0.1365300 0.0791927 0.1175332 0.0682805 0.1230837 0.1083461 0.0815427 0.1153079 0.0620673 0.0872206 0.1078496 0.1152987 0.1691039 0.1226578 0.1353863 0.1689679 0.1203914 0.0000000 0.1315583 0.1261032 0.1264622 0.1507270 0.1336060 0.0628694 0.1097878 0.0811862 0.1488324 0.1076009 0.1165981 0.1244749 0.0977184 0.1321537 0.1125738 0.0724433 0.1203914 0.1108318 0.1214045 0.1257609 0.0878904 0.0887357 0.1020307 0.0889605 0.1014360 0.0862739 0.0982911 0.1085482 0.1353863 0.1316260 0.2328169 0.0985016 0.0812921 0.1129075 0.1031394 
S1201sl     0.0796502 0.1301059 0.1923543 0.0886991 0.0672497 0.1170239 0.1016723 0.1261930 0.1042872 0.0818756 0.1111125 0.1031567 0.1257605 0.1308359 0.0761071 0.1055544 0.1102593 0.0951353 0.1022612 0.1096814 0.1837936 0.1564883 0.2069764 0.1743889 0.1108439 0.1315583 0.0000000 0.1347508 0.1252302 0.1725003 0.2040951 0.0839701 0.1178298 0.1107689 0.0884912 0.0956553 0.1109350 0.1095867 0.0966722 0.1113372 0.0978662 0.0345417 0.1108439 0.1189696 0.1083257 0.1189260 0.0549565 0.1101823 0.0881214 0.1238082 0.0958276 0.1073304 0.0576343 0.0564117 0.2154058 0.0759543 0.2202251 0.0888217 0.0609439 0.1009392 0.0757970 
S1211       0.0693380 0.0794042 0.0906628 0.0890581 0.1031885 0.1247654 0.0795968 0.0749612 0.0598660 0.0817347 0.0748626 0.1105668 0.0750300 0.0615357 0.0629758 0.0903443 0.1178518 0.0492864 0.0551055 0.0676580 0.1560350 0.1462177 0.1778403 0.1563861 0.0956209 0.1261032 0.1347508 0.0000000 0.1040743 0.1200112 0.1676754 0.0827844 0.0680857 0.1019559 0.1263625 0.0591380 0.0620283 0.0755867 0.0446195 0.1274171 0.0638846 0.0544689 0.0956209 0.0686938 0.1098833 0.1217241 0.0696320 0.0497813 0.0688951 0.0814265 0.0554519 0.0861699 0.1006946 0.0897778 0.1940584 0.0756804 0.1876667 0.1017986 0.0760862 0.0798476 0.0981398 
S1235sl     0.0745346 0.0869000 0.1556115 0.0826044 0.1038014 0.1113233 0.1160431 0.0825014 0.0943359 0.0885901 0.1114713 0.1042290 0.1175079 0.0747842 0.0623790 0.1128933 0.1114142 0.0683174 0.0622460 0.0748974 0.1762569 0.1405802 0.2076822 0.1682550 0.1181639 0.1264622 0.1252302 0.1040743 0.0000000 0.1378041 0.1965441 0.0832349 0.0630054 0.1049185 0.1407819 0.0666276 0.0691566 0.0876970 0.0693941 0.1543925 0.0265255 0.0613432 0.1181639 0.0574402 0.1191926 0.1476152 0.0763466 0.0690350 0.0318398 0.0999566 0.0749552 0.0929362 0.1165908 0.1127259 0.2076822 0.1145782 0.2226844 0.1089512 0.0829096 0.0878098 0.1149721 
S1239       0.1119667 0.1471249 0.0735100 0.0907958 0.1272055 0.1292645 0.1182550 0.1433995 0.1190838 0.0905052 0.1145623 0.1145406 0.1374112 0.1333959 0.0842481 0.1111774 0.1221033 0.0968497 0.1041512 0.1336263 0.0446712 0.1699449 0.0965865 0.0496218 0.1053207 0.1507270 0.1725003 0.1200112 0.1378041 0.0000000 0.0889719 0.0917091 0.1344588 0.1215597 0.1709756 0.1110634 0.1272380 0.1440022 0.0866307 0.1611784 0.1088321 0.0762601 0.1053207 0.1358009 0.1369234 0.1279732 0.1063416 0.1122615 0.0981788 0.0219104 0.1187650 0.1166877 0.1168496 0.1128864 0.1100524 0.1299207 0.2367435 0.1114243 0.1136075 0.1099168 0.1221738 
S1245       0.1581921 0.1965392 0.1466909 0.1118790 0.1402126 0.1433099 0.1379439 0.1763948 0.1639517 0.1170944 0.1346495 0.1283196 0.1875956 0.1818280 0.1275346 0.1306047 0.1360478 0.1411247 0.1569608 0.1821707 0.1106947 0.2010658 0.0050134 0.0990028 0.1307559 0.1336060 0.2040951 0.1676754 0.1965441 0.0889719 0.0000000 0.1142054 0.1832646 0.1502283 0.1848115 0.1449061 0.1753693 0.1813662 0.1314109 0.1782282 0.1645029 0.1040483 0.1307559 0.1851885 0.1462047 0.1436704 0.1341443 0.1428241 0.1507518 0.0712832 0.1656896 0.1324286 0.1399550 0.1408689 0.0152216 0.1591031 0.2672775 0.1389786 0.1265418 0.1291907 0.1509535 
S1260       0.0621717 0.0928404 0.1211923 0.0228735 0.0830010 0.0443072 0.0816218 0.0885290 0.0689810 0.0381921 0.0839008 0.0327448 0.0828427 0.0806500 0.0445435 0.0702013 0.0385492 0.0495582 0.0676458 0.0741755 0.1157853 0.0897911 0.1157417 0.1261084 0.0754851 0.0628694 0.0839701 0.0827844 0.0832349 0.0917091 0.1142054 0.0000000 0.0750118 0.0509428 0.1277074 0.0653106 0.0750118 0.0756245 0.0573605 0.1131596 0.0642510 0.0287631 0.0754851 0.0756921 0.0825013 0.0910007 0.0567740 0.0622602 0.0561889 0.0744428 0.0617243 0.0551916 0.0862619 0.0702115 0.1301497 0.0832148 0.1848096 0.0559293 0.0629772 0.0806638 0.0702749 
S1278       0.0804656 0.0314762 0.1517310 0.0738597 0.1102143 0.1086255 0.1066583 0.0153526 0.0743614 0.0802722 0.1020966 0.0951408 0.0865370 0.0316133 0.0619153 0.1033548 0.1020329 0.0485181 0.0316352 0.0208564 0.1550306 0.1393836 0.1937892 0.1714922 0.1085528 0.1097878 0.1178298 0.0680857 0.0630054 0.1344588 0.1832646 0.0750118 0.0000000 0.0957606 0.1264287 0.0278985 0.0050151 0.1010258 0.0561918 0.1205012 0.0571641 0.0540408 0.1085528 0.0050665 0.1094793 0.1363644 0.0563305 0.0312520 0.0677164 0.0993105 0.0318223 0.0846407 0.0928726 0.1032037 0.1776717 0.0913629 0.2295105 0.0870606 0.0624747 0.0729139 0.0916602 
S1315       0.0820369 0.1210815 0.1205089 0.0289200 0.0826255 0.0686212 0.0876028 0.1170962 0.1008695 0.0553661 0.0966458 0.0563555 0.0899053 0.1082272 0.0697140 0.0890209 0.0625569 0.0746570 0.0940896 0.1012365 0.1387443 0.0317137 0.1522606 0.1254417 0.0942159 0.0811862 0.1107689 0.1019559 0.1049185 0.1215597 0.1502283 0.0509428 0.0957606 0.0000000 0.1415055 0.0802176 0.1023805 0.0899842 0.0838664 0.1143577 0.0915459 0.0407664 0.0942159 0.0966576 0.0950129 0.0852951 0.0686951 0.0886164 0.0820658 0.0466104 0.0878257 0.0805568 0.0994004 0.0825773 0.1597555 0.0951671 0.1770379 0.0737361 0.0750373 0.0803122 0.0905881 
S1332       0.1086424 0.1389276 0.1906167 0.1194049 0.0737067 0.1557106 0.1214816 0.1351033 0.0874276 0.0937671 0.1028303 0.1405904 0.1346568 0.1397249 0.0982649 0.1355962 0.1484092 0.0897152 0.1103228 0.1256440 0.1906660 0.1911304 0.1954632 0.1728948 0.1263965 0.1488324 0.0884912 0.1263625 0.1407819 0.1709756 0.1848115 0.1277074 0.1264287 0.1415055 0.0000000 0.1113568 0.1193531 0.1428302 0.1210591 0.1036773 0.1124939 0.0533671 0.1263965 0.1276737 0.1234602 0.1187943 0.0615035 0.1041363 0.1019513 0.1204157 0.1111165 0.0955279 0.0267622 0.0740059 0.1954632 0.0952451 0.2138048 0.1167973 0.0554152 0.1066392 0.0884435 
S1369       0.0654045 0.0390508 0.1297074 0.0711816 0.0812240 0.0995733 0.0720337 0.0340163 0.0343168 0.0589101 0.0801576 0.0857774 0.0520181 0.0334177 0.0465111 0.0738904 0.0928074 0.0333494 0.0275404 0.0277103 0.1392762 0.1253767 0.1549063 0.1339017 0.0799846 0.1076009 0.0956553 0.0591380 0.0666276 0.1110634 0.1449061 0.0653106 0.0278985 0.0802176 0.1113568 0.0000000 0.0221775 0.0795451 0.0468206 0.0880449 0.0474327 0.0429077 0.0799846 0.0338988 0.0943696 0.0965097 0.0468430 0.0278155 0.0524823 0.0962236 0.0277103 0.0700166 0.0763343 0.0810356 0.1630670 0.0815075 0.2092188 0.0720905 0.0531613 0.0520727 0.0747326 
S1370       0.0742720 0.0260783 0.1441888 0.0805424 0.1034412 0.1153743 0.1001244 0.0101750 0.0671075 0.0740882 0.0955023 0.1017215 0.0802813 0.0261904 0.0559476 0.0966689 0.1087120 0.0428755 0.0262084 0.0155501 0.1473438 0.1466294 0.1856823 0.1638701 0.1018942 0.1165981 0.1109350 0.0620283 0.0691566 0.1272380 0.1753693 0.0750118 0.0050151 0.1023805 0.1193531 0.0221775 0.0000000 0.0945071 0.0502616 0.1134357 0.0511311 0.0477183 0.1018942 0.0101953 0.1162734 0.1290447 0.0503892 0.0258917 0.0617034 0.0902840 0.0263618 0.0785373 0.0861174 0.0965261 0.1856823 0.0847336 0.2209308 0.0807690 0.0564500 0.0669003 0.0850066 
S1375       0.0616881 0.1128153 0.1146454 0.0812529 0.0895191 0.1164099 0.0871052 0.1087620 0.1018124 0.0877009 0.0953161 0.1026091 0.1089572 0.0937470 0.0621328 0.0808359 0.1096764 0.0676349 0.0865441 0.0934592 0.1828267 0.1334704 0.1838494 0.1665313 0.0859675 0.1244749 0.1095867 0.0755867 0.0876970 0.1440022 0.1813662 0.0756245 0.1010258 0.0899842 0.1428302 0.0795451 0.0945071 0.0000000 0.0625832 0.1377241 0.0500353 0.0542454 0.0859675 0.1019638 0.0994434 0.1230302 0.0755706 0.0811343 0.0549807 0.1025654 0.0804226 0.0920259 0.1153598 0.1048381 0.2081042 0.1283434 0.1653792 0.1007498 0.0820688 0.0873863 0.1137737 
S1381       0.0440605 0.0740295 0.1162776 0.0615874 0.0765799 0.0907432 0.0884271 0.0628084 0.0694938 0.0566611 0.0765280 0.0774732 0.0755715 0.0621835 0.0385856 0.0846597 0.0842221 0.0440005 0.0498075 0.0622768 0.1196170 0.1269180 0.1406634 0.1213215 0.0899956 0.0977184 0.0966722 0.0446195 0.0693941 0.0866307 0.1314109 0.0573605 0.0561918 0.0838664 0.1210591 0.0468206 0.0502616 0.0625832 0.0000000 0.1150627 0.0451937 0.0354484 0.0899956 0.0566899 0.1041784 0.1163178 0.0510340 0.0386059 0.0380926 0.0481221 0.0501207 0.0673660 0.0873269 0.0845303 0.1561072 0.0845828 0.1989031 0.0755170 0.0571773 0.0625079 0.0861836 
S1449       0.1031963 0.1330499 0.1765359 0.1049533 0.0761532 0.1224290 0.0748363 0.1291030 0.1487780 0.0965336 0.1036627 0.1085793 0.1353061 0.1338151 0.0922416 0.0912746 0.1156837 0.1044703 0.1045116 0.1197428 0.1798330 0.1618238 0.1887578 0.1512382 0.1194798 0.1321537 0.1113372 0.1274171 0.1543925 0.1611784 0.1782282 0.1131596 0.1205012 0.1143577 0.1036773 0.0880449 0.1134357 0.1377241 0.1150627 0.0000000 0.1245190 0.0479108 0.1194798 0.1216926 0.1167106 0.0487827 0.0694495 0.0983061 0.1129979 0.0844648 0.1052650 0.0961274 0.0719000 0.1025780 0.1887578 0.0884744 0.1992763 0.1038710 0.0630787 0.0943857 0.0692221 
S1460       0.0504315 0.0685612 0.1087350 0.0690685 0.0775026 0.0978503 0.0754272 0.0639062 0.0795500 0.0634527 0.0705497 0.0909363 0.0905910 0.0507179 0.0387822 0.0713895 0.0979294 0.0444947 0.0386927 0.0567942 0.1444990 0.1358663 0.1747893 0.1379853 0.0767454 0.1125738 0.0978662 0.0638846 0.0265255 0.1088321 0.1645029 0.0642510 0.0571641 0.0915459 0.1124939 0.0474327 0.0511311 0.0500353 0.0451937 0.1245190 0.0000000 0.0358763 0.0767454 0.0576791 0.0904353 0.1178554 0.0516250 0.0449470 0.0103702 0.0639325 0.0506909 0.0681389 0.0884421 0.0855755 0.1912642 0.0941044 0.1894879 0.0828077 0.0578456 0.0629183 0.0872693 
S1462       0.0225050 0.0660306 0.0774875 0.0239376 0.0165778 0.0525865 0.0284388 0.0610840 0.0428646 0.0054162 0.0473225 0.0402857 0.0612579 0.0599425 0.0229975 0.0291805 0.0464737 0.0285750 0.0407409 0.0536708 0.0838403 0.0740341 0.1126821 0.0810859 0.0347671 0.0724433 0.0345417 0.0544689 0.0613432 0.0762601 0.1040483 0.0287631 0.0540408 0.0407664 0.0533671 0.0429077 0.0477183 0.0542454 0.0354484 0.0479108 0.0358763 0.0000000 0.0347671 0.0545535 0.0405852 0.0290806 0.0054556 0.0411740 0.0287338 0.0403668 0.0410090 0.0464477 0.0231196 0.0224257 0.1201147 0.0224799 0.1128286 0.0224646 0.0110040 0.0281265 0.0110616 
S1498       0.0880189 0.1205113 0.1119750 0.0592655 0.0951623 0.1001824 0.0494454 0.1165333 0.1184911 0.0435563 0.0745805 0.0871256 0.1243317 0.1010678 0.0630231 0.0319274 0.0937850 0.0743097 0.0805241 0.1078872 0.1211596 0.1369887 0.1394844 0.1020237 0.0000010 0.1203914 0.1108439 0.0956209 0.1181639 0.1053207 0.1307559 0.0754851 0.1085528 0.0942159 0.1263965 0.0799846 0.1018942 0.0859675 0.0899956 0.1194798 0.0767454 0.0347671 0.0000000 0.1095751 0.0208450 0.0840504 0.0683751 0.0881976 0.0816791 0.0713995 0.0942880 0.0927572 0.0918427 0.0884682 0.1540508 0.0962291 0.1525505 0.0613651 0.0746870 0.0673545 0.0829679 
S_670       0.0811904 0.0373433 0.1532904 0.0745742 0.1112689 0.1096500 0.1076455 0.0208125 0.0745990 0.0809945 0.1030548 0.0960272 0.0873193 0.0375101 0.0624640 0.1043371 0.1029912 0.0489310 0.0318998 0.0157171 0.1651013 0.1407579 0.1958630 0.1732460 0.1095751 0.1108318 0.1189696 0.0686938 0.0574402 0.1358009 0.1851885 0.0756921 0.0050665 0.0966576 0.1276737 0.0338988 0.0101953 0.1019638 0.0566899 0.1216926 0.0576791 0.0545535 0.1095751 0.0000000 0.1105181 0.1377419 0.0568305 0.0315102 0.0683169 0.0906330 0.0320900 0.0853882 0.0937743 0.1041838 0.1795526 0.0922344 0.2320482 0.0878518 0.0630331 0.0735566 0.0925376 
SRR11470320 0.0861023 0.1353025 0.1440782 0.0667551 0.0930642 0.1010258 0.0616792 0.1315187 0.1367804 0.0555685 0.0878376 0.0878589 0.1397008 0.1153240 0.0760564 0.0434462 0.0945759 0.0875335 0.0939440 0.1223920 0.1544057 0.1381591 0.1553808 0.1324215 0.0208450 0.1214045 0.1083257 0.1098833 0.1191926 0.1369234 0.1462047 0.0825013 0.1094793 0.0950129 0.1234602 0.0943696 0.1162734 0.0994434 0.1041784 0.1167106 0.0904353 0.0405852 0.0208450 0.1105181 0.0000000 0.0821730 0.0669223 0.1020725 0.0953046 0.0998022 0.1083030 0.1064938 0.0897567 0.0865309 0.1553808 0.0940846 0.1490158 0.0740056 0.0730893 0.0801993 0.0811397 
SRR8528336  0.0833850 0.1491800 0.1257962 0.0753832 0.0692195 0.1005747 0.0697389 0.1454482 0.1133087 0.0698464 0.1049075 0.0874561 0.1136516 0.1352766 0.0926346 0.0776789 0.0941472 0.0982075 0.1121778 0.1184207 0.1449544 0.1219463 0.1420292 0.1198081 0.0840504 0.1257609 0.1189260 0.1217241 0.1476152 0.1279732 0.1436704 0.0910007 0.1363644 0.0852951 0.1187943 0.0965097 0.1290447 0.1230302 0.1163178 0.0487827 0.1178554 0.0290806 0.0840504 0.1377419 0.0821730 0.0000000 0.0760743 0.0993322 0.1066106 0.0933862 0.1041245 0.0971063 0.0785085 0.0742124 0.1685154 0.0813103 0.1714536 0.0895457 0.0695738 0.0694674 0.0747912 
SRR8528341  0.0431652 0.0675635 0.1224019 0.0470257 0.0488610 0.0807824 0.0672393 0.0629602 0.0617602 0.0434174 0.0624256 0.0682481 0.0821156 0.0678936 0.0385465 0.0631403 0.0746073 0.0378921 0.0437759 0.0559707 0.1227330 0.1088830 0.1431670 0.1242746 0.0683751 0.0878904 0.0549565 0.0696320 0.0763466 0.1063416 0.1341443 0.0567740 0.0563305 0.0686951 0.0615035 0.0468430 0.0503892 0.0755706 0.0510340 0.0694495 0.0516250 0.0054556 0.0683751 0.0568305 0.0669223 0.0760743 0.0000000 0.0500473 0.0441792 0.0553001 0.0440472 0.0607682 0.0328472 0.0430872 0.1431670 0.0380328 0.1473650 0.0494401 0.0050172 0.0547500 0.0267835 
SRR8528343  0.0616713 0.0481747 0.1284672 0.0667785 0.0761838 0.1012731 0.0866888 0.0370055 0.0527628 0.0615102 0.0819718 0.0880420 0.0675222 0.0371922 0.0439136 0.0829493 0.0947911 0.0315668 0.0260352 0.0372451 0.1472052 0.1313324 0.1521784 0.1478795 0.0881976 0.0887357 0.1101823 0.0497813 0.0690350 0.1122615 0.1428241 0.0622602 0.0312520 0.0886164 0.1041363 0.0278155 0.0258917 0.0811343 0.0386059 0.0983061 0.0449470 0.0411740 0.0881976 0.0315102 0.1020725 0.0993322 0.0500473 0.0000000 0.0495432 0.0811432 0.0261866 0.0541626 0.0719452 0.0828246 0.1675588 0.0979328 0.2027019 0.0802311 0.0440910 0.0550674 0.0844135 
SRR8528350  0.0431970 0.0789499 0.1136869 0.0602379 0.0687688 0.0817142 0.0802926 0.0745341 0.0766031 0.0555187 0.0755341 0.0815323 0.0812359 0.0671945 0.0322332 0.0764241 0.0881633 0.0375223 0.0433432 0.0672941 0.1315686 0.1240080 0.1603246 0.1258567 0.0816791 0.1020307 0.0881214 0.0688951 0.0318398 0.0981788 0.1507518 0.0561889 0.0677164 0.0820658 0.1019513 0.0524823 0.0617034 0.0549807 0.0380926 0.1129979 0.0103702 0.0287338 0.0816791 0.0683169 0.0953046 0.1066106 0.0441792 0.0495432 0.0000000 0.0549398 0.0551773 0.0601586 0.0787592 0.0763081 0.1759052 0.0910666 0.1937976 0.0739481 0.0501062 0.0672096 0.0777646 
SRR8528354  0.1006140 0.1278006 0.0708387 0.0503455 0.0918214 0.0821662 0.0534847 0.1091793 0.0891136 0.0454781 0.0548109 0.0731169 0.1141178 0.0997367 0.0632347 0.0630817 0.0731169 0.0631995 0.0722015 0.1007051 0.0298847 0.1004919 0.0810610 0.0292354 0.0713995 0.0889605 0.1238082 0.0814265 0.0999566 0.0219104 0.0712832 0.0744428 0.0993105 0.0466104 0.1204157 0.0962236 0.0902840 0.1025654 0.0481221 0.0844648 0.0639325 0.0403668 0.0713995 0.0906330 0.0998022 0.0933862 0.0553001 0.0811432 0.0549398 0.0000000 0.0909564 0.0799593 0.0935455 0.0826563 0.0798562 0.0741292 0.1598248 0.0715549 0.0639111 0.0536380 0.0752960 
SRR8528357  0.0674317 0.0424175 0.1351948 0.0661639 0.0956931 0.1003648 0.0926736 0.0376904 0.0596536 0.0672608 0.0880258 0.0872605 0.0601408 0.0426071 0.0380474 0.0762277 0.0939436 0.0369169 0.0206327 0.0204720 0.1541983 0.1301110 0.1637669 0.1546133 0.0942880 0.1014360 0.0958276 0.0554519 0.0749552 0.1187650 0.1656896 0.0617243 0.0318223 0.0878257 0.1111165 0.0277103 0.0263618 0.0804226 0.0501207 0.1052650 0.0506909 0.0410090 0.0942880 0.0320900 0.1083030 0.1041245 0.0440472 0.0261866 0.0551773 0.0909564 0.0000000 0.0599984 0.0785541 0.0807654 0.1756636 0.0908488 0.1935666 0.0737617 0.0499611 0.0667081 0.0775636 
SRR8528359  0.0662819 0.0958524 0.1327354 0.0586230 0.0809202 0.0928056 0.0845819 0.0917230 0.0823750 0.0662431 0.0929687 0.0800409 0.0986551 0.0840064 0.0208595 0.0750131 0.0865386 0.0424030 0.0713053 0.0841309 0.1512706 0.1216217 0.1413137 0.1517845 0.0927572 0.0862739 0.1073304 0.0861699 0.0929362 0.1166877 0.1324286 0.0551916 0.0846407 0.0805568 0.0955279 0.0700166 0.0785373 0.0920259 0.0673660 0.0961274 0.0681389 0.0464477 0.0927572 0.0853882 0.1064938 0.0971063 0.0607682 0.0541626 0.0601586 0.0799593 0.0599984 0.0000000 0.0704739 0.0875003 0.1561114 0.1025109 0.1489871 0.0847942 0.0547646 0.0840192 0.0891485 
SRR8528361  0.0764463 0.1051915 0.1525417 0.0767430 0.0387521 0.1127969 0.0765691 0.1008151 0.0729945 0.0566815 0.0851060 0.0987365 0.1006210 0.0985924 0.0596047 0.0857996 0.0987365 0.0711643 0.0780119 0.0922683 0.1527943 0.1450169 0.1494973 0.1295023 0.0918427 0.0982911 0.0576343 0.1006946 0.1165908 0.1168496 0.1399550 0.0862619 0.0928726 0.0994004 0.0267622 0.0763343 0.0861174 0.1153598 0.0873269 0.0719000 0.0884421 0.0231196 0.0918427 0.0937743 0.0897567 0.0785085 0.0328472 0.0719452 0.0787592 0.0935455 0.0785541 0.0704739 0.0000000 0.0447456 0.1399550 0.0643418 0.1641370 0.0772457 0.0271282 0.0760436 0.0456213 
SRR8528365  0.0555948 0.1152583 0.1291879 0.0606356 0.0315454 0.0951402 0.0802663 0.1111547 0.0619066 0.0617089 0.0692741 0.0820388 0.0885609 0.0887396 0.0639758 0.0832111 0.0887113 0.0689930 0.0883435 0.0938648 0.1295029 0.1247834 0.1319632 0.1162364 0.0884682 0.1085482 0.0564117 0.0897778 0.1127259 0.1128864 0.1408689 0.0702115 0.1032037 0.0825773 0.0740059 0.0810356 0.0965261 0.1048381 0.0845303 0.1025780 0.0855755 0.0224257 0.0884682 0.1041838 0.0865309 0.0742124 0.0430872 0.0828246 0.0763081 0.0826563 0.0807654 0.0875003 0.0447456 0.0000000 0.1651513 0.0495459 0.1654231 0.0804782 0.0488653 0.0612164 0.0552252 
SRR8528370  0.1836860 0.2073028 0.1711001 0.1207771 0.1643546 0.1526818 0.1543487 0.1867905 0.1947357 0.1397920 0.1587588 0.1372807 0.2154294 0.2004819 0.1513346 0.1539455 0.1378886 0.1655005 0.1666231 0.1926317 0.1331451 0.2121613 0.0206035 0.1199465 0.1540508 0.1353863 0.2154058 0.1940584 0.2076822 0.1100524 0.0152216 0.1301497 0.1776717 0.1597555 0.1954632 0.1630670 0.1856823 0.2081042 0.1561072 0.1887578 0.1912642 0.1201147 0.1540508 0.1795526 0.1553808 0.1685154 0.1431670 0.1675588 0.1759052 0.0798562 0.1756636 0.1561114 0.1399550 0.1651513 0.0000000 0.1689228 0.2995352 0.1479778 0.1353417 0.1521796 0.1530014 
SRR8528379  0.0818401 0.1034661 0.1298017 0.0820207 0.0733995 0.1078396 0.0876568 0.0991376 0.0944698 0.0685906 0.0835683 0.0944713 0.1208802 0.1040285 0.0782085 0.0909337 0.1013031 0.0832263 0.0902178 0.0907763 0.1363055 0.1384068 0.1689228 0.1482283 0.0962291 0.1316260 0.0759543 0.0756804 0.1145782 0.1299207 0.1591031 0.0832148 0.0913629 0.0951671 0.0952451 0.0815075 0.0847336 0.1283434 0.0845828 0.0884744 0.0941044 0.0224799 0.0962291 0.0922344 0.0940846 0.0813103 0.0380328 0.0979328 0.0910666 0.0741292 0.0908488 0.1025109 0.0643418 0.0495459 0.1689228 0.0000000 0.1839783 0.0752335 0.0438210 0.0747278 0.0374281 
SRR8528381  0.1640399 0.2434142 0.2234671 0.1399428 0.1591815 0.1977803 0.1565294 0.2412332 0.2159527 0.1558955 0.1707722 0.1813419 0.2333151 0.2189858 0.1462218 0.1329869 0.1899246 0.1828293 0.2083217 0.2281772 0.2635071 0.2008002 0.2805035 0.2432249 0.1525505 0.2328169 0.2202251 0.1876667 0.2226844 0.2367435 0.2672775 0.1848096 0.2295105 0.1770379 0.2138048 0.2092188 0.2209308 0.1653792 0.1989031 0.1992763 0.1894879 0.1128286 0.1525505 0.2320482 0.1490158 0.1714536 0.1473650 0.2027019 0.1937976 0.1598248 0.1935666 0.1489871 0.1641370 0.1654231 0.2995352 0.1839783 0.0000000 0.1797752 0.1551281 0.1648141 0.1688004 
SRR8528384  0.0800856 0.0859578 0.1420081 0.0463054 0.0869322 0.0794589 0.0671940 0.0943895 0.0978662 0.0262774 0.0878478 0.0671514 0.1090289 0.0991017 0.0620294 0.0561885 0.0733944 0.0669094 0.0732857 0.0865240 0.1204597 0.1137601 0.1479778 0.1153939 0.0613651 0.0985016 0.0888217 0.1017986 0.1089512 0.1114243 0.1389786 0.0559293 0.0870606 0.0737361 0.1167973 0.0720905 0.0807690 0.1007498 0.0755170 0.1038710 0.0828077 0.0224646 0.0613651 0.0878518 0.0740056 0.0895457 0.0494401 0.0802311 0.0739481 0.0715549 0.0737617 0.0847942 0.0772457 0.0804782 0.1479778 0.0752335 0.1797752 0.0000000 0.0553757 0.0724117 0.0627493 
SRR8528389  0.0489527 0.0737932 0.1300277 0.0533611 0.0430527 0.0872742 0.0734376 0.0692577 0.0693291 0.0492380 0.0686643 0.0745508 0.0887312 0.0741588 0.0444151 0.0694590 0.0810175 0.0436558 0.0496495 0.0620777 0.1303422 0.1159110 0.1353417 0.1316156 0.0746870 0.0812921 0.0609439 0.0760862 0.0829096 0.1136075 0.1265418 0.0629772 0.0624747 0.0750373 0.0554152 0.0531613 0.0564500 0.0820688 0.0571773 0.0630787 0.0578456 0.0110040 0.0746870 0.0630331 0.0730893 0.0695738 0.0050172 0.0440910 0.0501062 0.0639111 0.0499611 0.0547646 0.0271282 0.0488653 0.1353417 0.0438210 0.1551281 0.0553757 0.0000000 0.0607068 0.0324017 
SRR8528391  0.0798610 0.0908996 0.1184794 0.0652178 0.0733018 0.1053587 0.0423387 0.0797833 0.0665004 0.0543856 0.0487883 0.0923183 0.1000680 0.0789844 0.0614495 0.0682714 0.0989790 0.0603982 0.0662878 0.0791024 0.1329571 0.1212417 0.1377939 0.0935299 0.0673545 0.1129075 0.1009392 0.0798476 0.0878098 0.1099168 0.1291907 0.0806638 0.0729139 0.0803122 0.1066392 0.0520727 0.0669003 0.0873863 0.0625079 0.0943857 0.0629183 0.0281265 0.0673545 0.0735566 0.0801993 0.0694674 0.0547500 0.0550674 0.0672096 0.0536380 0.0667081 0.0840192 0.0760436 0.0612164 0.1521796 0.0747278 0.1648141 0.0724117 0.0607068 0.0000000 0.0807109 
SRR8528400  0.0691366 0.1038047 0.1391468 0.0683442 0.0552748 0.0944858 0.0682632 0.0994672 0.0865354 0.0563388 0.0898021 0.0814766 0.1143106 0.0904356 0.0651963 0.0776369 0.0750256 0.0702902 0.0770362 0.0910698 0.1285308 0.1342947 0.1605255 0.1403933 0.0829679 0.1031394 0.0757970 0.0981398 0.1149721 0.1221738 0.1509535 0.0702749 0.0916602 0.0905881 0.0884435 0.0747326 0.0850066 0.1137737 0.0861836 0.0692221 0.0872693 0.0110616 0.0829679 0.0925376 0.0811397 0.0747912 0.0267835 0.0844135 0.0777646 0.0752960 0.0775636 0.0891485 0.0456213 0.0552252 0.1530014 0.0374281 0.1688004 0.0627493 0.0324017 0.0807109 0.0000000 
