106
PAFTOL_019361 0.0000000 0.1649916 0.0000010 0.1855307 0.2058826 0.1755200 0.1962088 0.1406751 0.0000010 0.2511586 0.1480406 0.1892872 0.1672639 0.1288483 0.1861822 0.1572233 0.2161354 0.2132553 0.1804968 0.1530301 0.2006106 0.1537156 0.1638280 0.2322108 0.1354622 0.1827605 0.2224644 0.1668401 0.1494626 0.1624940 0.1588028 0.0000010 0.1556668 0.1594367 0.1826917 0.1733445 0.2176607 0.2015655 0.1437738 0.1923067 0.1530301 0.1541021 0.1729057 0.1507609 0.1636504 0.1520833 0.1363792 0.1527363 0.1474328 0.1834509 0.1729941 0.0000010 0.0000010 0.1767123 0.1499323 0.1509309 0.1318693 0.1534477 0.1661100 0.1436396 0.1976008 0.1866872 0.1536088 0.1830551 0.2131923 0.1536056 0.1528121 0.1445857 0.1958934 0.1589994 0.1870873 0.1801634 0.2061193 0.1397579 0.1839026 0.1955657 0.0962133 0.1375438 0.1782092 0.1088823 0.1648979 0.1548606 0.1692297 0.1666281 0.1606275 0.1945408 0.1862737 0.1625640 0.1936878 0.1231406 0.1381549 0.1822937 0.1933206 0.1758240 0.1707538 0.1324702 0.1978173 0.1546131 0.1457822 0.1491819 0.1204426 0.2003084 0.1409360 0.1459554 0.2024996 0.1219078 
S0055         0.1649916 0.0000000 0.0774503 0.0821565 0.0960712 0.0389228 0.0940350 0.0672091 0.0679545 0.0745915 0.0857652 0.1232460 0.0867849 0.0791632 0.0880994 0.0413541 0.0613160 0.0575308 0.0810719 0.0700999 0.0901220 0.0813506 0.0969842 0.0914449 0.1027103 0.0939788 0.0605705 0.0517811 0.0886673 0.0944104 0.0564798 0.0568178 0.0793925 0.1206555 0.0729765 0.0914653 0.1293086 0.0553082 0.0732906 0.0547285 0.0700999 0.0731649 0.1056317 0.1190889 0.0713714 0.0811128 0.0692553 0.0743682 0.0965219 0.0798250 0.0911623 0.0987627 0.0715826 0.0983246 0.1353392 0.0903579 0.1001796 0.1081243 0.0901262 0.0754440 0.0573022 0.0958318 0.1082808 0.0496314 0.0749495 0.0815520 0.0852453 0.0782141 0.0810047 0.1180578 0.0523949 0.1202400 0.0840036 0.0482401 0.0389202 0.0341021 0.0048144 0.0885394 0.0544603 0.0659125 0.0647908 0.0725131 0.0892472 0.0334154 0.0729536 0.0928514 0.1017088 0.0821881 0.0498981 0.0769395 0.0726494 0.0528916 0.0957762 0.0385758 0.1228533 0.0500791 0.0989883 0.0821922 0.0882791 0.0913859 0.0670631 0.1641889 0.0766950 0.0815904 0.0907555 0.0555386 
S0196sl       0.0000010 0.0774503 0.0000000 0.0919738 0.0434709 0.0686421 0.0741003 0.0940723 0.0596222 0.0515814 0.0000010 0.1242121 0.0862146 0.0857371 0.0946479 0.0521581 0.0692289 0.0587440 0.0843843 0.0066532 0.0963220 0.0748952 0.0918733 0.1737035 0.1064808 0.0000010 0.0686855 0.0000010 0.0667043 0.1232979 0.0786681 0.0521581 0.0206131 0.1666633 0.1047056 0.0686055 0.1256586 0.0706194 0.0066532 0.0859226 0.0066532 0.0134395 0.1094244 0.1002454 0.0699825 0.1131681 0.0424984 0.0668001 0.1094829 0.1008309 0.1095837 0.1005921 0.1544424 0.0352256 0.2220761 0.0964946 0.1299147 0.1933140 0.0901410 0.0759756 0.0874052 0.1044749 0.2103244 0.0696715 0.0678706 0.0859482 0.1024029 0.1148719 0.0833641 0.1067335 0.0686855 0.1003356 0.0782849 0.0000010 0.0608282 0.0450377 0.0461243 0.1037361 0.0605193 0.0923233 0.1038050 0.0947025 0.0833641 0.0607525 0.0066532 0.0855248 0.0278754 0.1225547 0.0530379 0.1116543 0.0774499 0.0877118 0.0946995 0.0509763 0.1568720 0.0962687 0.1262128 0.0857371 0.1075261 0.1128900 0.0507078 0.1707296 0.0426572 0.0856681 0.1054760 0.0428394 
S0278         0.1855307 0.0821565 0.0919738 0.0000000 0.1012583 0.0906556 0.0241932 0.0720208 0.0815420 0.1150025 0.0411263 0.1243847 0.0310287 0.0660830 0.1035777 0.0872770 0.1050425 0.0960589 0.0360945 0.0860072 0.1011922 0.0284525 0.0917978 0.1162995 0.0981490 0.0208038 0.0974227 0.0842512 0.0332562 0.0633289 0.0824539 0.0702387 0.0904144 0.1200904 0.1077751 0.0989827 0.1120889 0.1050515 0.0893335 0.1090937 0.0860072 0.0891720 0.0967580 0.1098980 0.0502527 0.0574912 0.0708628 0.0787115 0.0880503 0.0901520 0.0914405 0.0776944 0.0807050 0.1048249 0.1312360 0.0796706 0.0887613 0.1139169 0.0981621 0.0680878 0.1154242 0.0938968 0.1112471 0.0939716 0.1195196 0.0359913 0.0605133 0.0629039 0.0045215 0.1114613 0.0943527 0.1121374 0.0705299 0.0678072 0.0910267 0.0828751 0.0528663 0.0781749 0.1056468 0.0533826 0.0719198 0.0714598 0.0258019 0.0675507 0.0889153 0.0308596 0.1081881 0.0632064 0.0978028 0.0727308 0.0680580 0.0985292 0.0285891 0.0970314 0.0921780 0.0755042 0.0782354 0.0752315 0.0577947 0.0889137 0.0687131 0.1461793 0.0773482 0.0679924 0.1136031 0.0627610 
S0281         0.2058826 0.0960712 0.0434709 0.1012583 0.0000000 0.0893877 0.1109684 0.1011627 0.0905801 0.1118881 0.1307830 0.1330350 0.1059476 0.0948115 0.0947065 0.0859629 0.1104664 0.1072737 0.1104294 0.0385927 0.1054960 0.0962717 0.1200220 0.1345159 0.1299423 0.1378931 0.1089415 0.0891435 0.1005441 0.1378062 0.0928782 0.0855958 0.0413173 0.1461437 0.1098965 0.1281553 0.1427954 0.1039918 0.0413148 0.1081215 0.0385927 0.0411449 0.1317719 0.1353227 0.1125011 0.1098021 0.0717896 0.0980758 0.1187842 0.1083243 0.1260338 0.0983310 0.1523888 0.0668147 0.1526876 0.1269422 0.1300606 0.1436724 0.1164797 0.0932181 0.1008355 0.1204765 0.1322660 0.0856744 0.1329924 0.1004124 0.1276006 0.1170277 0.1028830 0.1366920 0.0993792 0.1370501 0.0937603 0.0923805 0.0897604 0.0844933 0.0506387 0.1078654 0.1078116 0.0929122 0.1073587 0.1034079 0.1086168 0.0897805 0.0411448 0.1248803 0.0698176 0.1308141 0.0901511 0.1041898 0.0912977 0.0932404 0.1198816 0.0885745 0.1555780 0.0853820 0.1012627 0.0908382 0.1192668 0.1168827 0.0724833 0.1744455 0.0663976 0.0941763 0.1105941 0.0663702 
S0282         0.1755200 0.0389228 0.0686421 0.0906556 0.0893877 0.0000000 0.0997286 0.0694308 0.0169785 0.0572244 0.0936884 0.1295813 0.0894211 0.0816873 0.0782458 0.0090251 0.0233410 0.0629007 0.0903914 0.0725931 0.0845624 0.0809937 0.0993680 0.0912967 0.1095604 0.1086905 0.0330313 0.0199712 0.0824660 0.0868942 0.0638300 0.0083037 0.0632095 0.1178352 0.0814004 0.1017426 0.1167335 0.0333311 0.0758006 0.0182233 0.0725931 0.0727669 0.1112227 0.1216274 0.0645210 0.0846221 0.0633749 0.0828517 0.0988955 0.0846105 0.0996418 0.0968275 0.1081593 0.0947289 0.1309655 0.0962280 0.1028825 0.1086728 0.0897383 0.0752265 0.0545798 0.0883028 0.1158699 0.0136322 0.0642225 0.0869467 0.0780245 0.0876111 0.0893822 0.1063468 0.0159854 0.1227376 0.0805528 0.0604969 0.0113517 0.0115409 0.0252194 0.0843269 0.0492301 0.0634487 0.0723887 0.0690376 0.0889974 0.0339953 0.0754508 0.0926852 0.0980636 0.0808537 0.0137008 0.0823644 0.0782073 0.0258912 0.1025040 0.0211378 0.1222832 0.0520779 0.1015879 0.0847238 0.0820563 0.0908401 0.0633780 0.1393840 0.0792259 0.0775808 0.0916051 0.0579824 
S0289         0.1962088 0.0940350 0.0741003 0.0241932 0.1109684 0.0997286 0.0000000 0.0830279 0.0826737 0.1186597 0.0459557 0.1354499 0.0166438 0.0796067 0.1133598 0.0961416 0.1116893 0.0990223 0.0265777 0.0915860 0.1148061 0.0370820 0.0884986 0.1305259 0.1083190 0.0310946 0.0997756 0.0944127 0.0345749 0.0648718 0.0784052 0.0704823 0.0994217 0.1290007 0.1076952 0.1088525 0.1110402 0.1118158 0.0920781 0.1190985 0.0915860 0.0948945 0.0905518 0.1284991 0.0569812 0.0504019 0.0816438 0.0903192 0.0847047 0.0898215 0.0881449 0.0677124 0.0859442 0.1118596 0.1335616 0.0788706 0.0824008 0.1093811 0.0977705 0.0729197 0.1217971 0.1063153 0.1131327 0.1032442 0.1332477 0.0293468 0.0619802 0.0558157 0.0239618 0.1202325 0.1036726 0.1264683 0.0754729 0.0843302 0.0969738 0.0885268 0.0606092 0.0831319 0.1154467 0.0465133 0.0889396 0.0764601 0.0265828 0.0806081 0.0946114 0.0263798 0.1154051 0.0647436 0.1073316 0.0838804 0.0816180 0.1081641 0.0191058 0.1064461 0.0787233 0.0803129 0.0895729 0.0894559 0.0620019 0.0977248 0.0794772 0.1637870 0.0796180 0.0757035 0.1245493 0.0731317 
S0292         0.1406751 0.0672091 0.0940723 0.0720208 0.1011627 0.0694308 0.0830279 0.0000000 0.0776797 0.1024014 0.0714789 0.1189530 0.0711644 0.0521083 0.0850891 0.0663347 0.0885766 0.0779341 0.0746500 0.0808029 0.0953091 0.0651503 0.0818425 0.1152219 0.1021281 0.0671809 0.0727754 0.0568602 0.0849131 0.0743206 0.0822657 0.0663234 0.0843673 0.1246235 0.0948506 0.1028206 0.1122789 0.0854818 0.0840933 0.0867993 0.0808029 0.0839439 0.0993389 0.1286176 0.0616436 0.0687072 0.0684974 0.0851780 0.0877725 0.0868072 0.0911464 0.1021775 0.0730384 0.0997261 0.1276604 0.0883470 0.0922072 0.1176982 0.0887530 0.0515647 0.0836600 0.0542381 0.1089298 0.0724849 0.1049281 0.0769971 0.0750557 0.0772121 0.0710357 0.1123321 0.0785680 0.1269840 0.0619161 0.0000022 0.0728754 0.0677998 0.0389899 0.0332342 0.0805095 0.0621595 0.0307196 0.0231294 0.0734651 0.0701484 0.0837008 0.0910705 0.1030749 0.0715175 0.0759554 0.0336335 0.0489112 0.0706764 0.0860862 0.0787758 0.1087573 0.0724156 0.0665576 0.0490876 0.0716111 0.0828003 0.0663243 0.1584576 0.0722543 0.0625632 0.0981986 0.0603821 
S0293         0.0000010 0.0679545 0.0596222 0.0815420 0.0905801 0.0169785 0.0826737 0.0776797 0.0000000 0.0262685 0.0000010 0.1078038 0.0774901 0.0891872 0.0937073 0.0083755 0.0261736 0.0614144 0.0773990 0.0772254 0.0776241 0.0707708 0.1058010 0.1209001 0.1094398 0.0000010 0.0215113 0.0000010 0.0662978 0.0823075 0.0790737 0.0083755 0.0552845 0.1673702 0.1026618 0.0791981 0.1176562 0.0311929 0.0772254 0.0258086 0.0772254 0.0825852 0.1149037 0.1142677 0.0517707 0.0783827 0.0669776 0.0843297 0.1101312 0.0833370 0.1101960 0.1091157 0.0823447 0.1061242 0.1900345 0.1165394 0.1377573 0.1798926 0.1000737 0.0663212 0.0612133 0.0989408 0.1749833 0.0171150 0.0611338 0.0831059 0.0707569 0.0845831 0.0709173 0.1094267 0.0169844 0.1196331 0.0796630 0.0000010 0.0172087 0.0130871 0.0377127 0.1006692 0.0565463 0.0664548 0.0769699 0.0716662 0.0761866 0.0517869 0.0772254 0.0709342 0.1061421 0.0819887 0.0172026 0.1033830 0.0884221 0.0262471 0.0838222 0.0360901 0.1084428 0.0783536 0.1081844 0.0891858 0.0737003 0.1112812 0.0612858 0.1512224 0.0944875 0.0763119 0.0885043 0.0621073 
S0294         0.2511586 0.0745915 0.0515814 0.1150025 0.1118881 0.0572244 0.1186597 0.1024014 0.0262685 0.0000000 0.1409235 0.1568536 0.1072115 0.1118546 0.1068140 0.0490200 0.0752244 0.0926993 0.1146878 0.0868176 0.1038342 0.1076555 0.1113822 0.1232874 0.1468962 0.1553313 0.0712928 0.0568659 0.0918339 0.1113452 0.0975262 0.0260227 0.1036184 0.1604395 0.1032461 0.1348208 0.1472186 0.0808653 0.0872739 0.0626638 0.0868176 0.0870283 0.1299255 0.1548808 0.0878897 0.1024555 0.0829177 0.1041996 0.1171381 0.1062662 0.1180266 0.1057578 0.0726152 0.1162339 0.1802007 0.1149521 0.1214060 0.1529658 0.0991369 0.0985791 0.0832045 0.1334379 0.1500356 0.0575112 0.0968833 0.1109304 0.1019489 0.0963275 0.1133643 0.1445966 0.0603389 0.1479308 0.0982669 0.1450474 0.0604158 0.0585084 0.0523316 0.1220687 0.0831363 0.0839243 0.1087730 0.1048556 0.1128433 0.0638564 0.0897615 0.1090505 0.1197700 0.1049249 0.0578253 0.1138596 0.1050524 0.0721439 0.1209688 0.0689702 0.1404815 0.0930553 0.1166627 0.1226796 0.1028642 0.1281681 0.0925992 0.1739370 0.1103809 0.1049518 0.1173797 0.0860782 
S0299         0.1480406 0.0857652 0.0000010 0.0411263 0.1307830 0.0936884 0.0459557 0.0714789 0.0000010 0.1409235 0.0000000 0.1682464 0.0274259 0.0707809 0.1204593 0.0998030 0.1264569 0.1405663 0.0651813 0.0905094 0.1442439 0.0577710 0.0854046 0.1347767 0.1166606 0.0593301 0.1069324 0.1386974 0.0891899 0.0647539 0.0946844 0.0000010 0.0983226 0.1180657 0.1168749 0.1466682 0.1228498 0.1080882 0.0905094 0.1080642 0.0905094 0.0905094 0.1069539 0.1159779 0.0647805 0.0457042 0.0761778 0.1029964 0.0716107 0.1156290 0.0928786 0.0000010 0.0000010 0.1160680 0.1152273 0.0672751 0.0519722 0.0857373 0.1300725 0.0773305 0.1211564 0.1045497 0.0996252 0.1003337 0.1523908 0.0334810 0.0654421 0.0574830 0.0459557 0.1166348 0.1173434 0.1283630 0.1110053 0.0714789 0.1008439 0.1097918 0.0574639 0.0788724 0.0914023 0.0357280 0.0931379 0.0713976 0.0394040 0.0729383 0.0972874 0.0669389 0.1243425 0.0647805 0.1081450 0.0785519 0.0707518 0.0927570 0.0453881 0.1008439 0.0968645 0.0721894 0.1142081 0.0927857 0.0578951 0.1000507 0.0640239 0.1522556 0.0723475 0.0761582 0.1361093 0.0571648 
S0308         0.1892872 0.1232460 0.1242121 0.1243847 0.1330350 0.1295813 0.1354499 0.1189530 0.1078038 0.1568536 0.1682464 0.0000000 0.1192566 0.1244954 0.1378945 0.1255976 0.1537994 0.1415715 0.1208396 0.1090414 0.1448126 0.1197863 0.1374653 0.1869245 0.0648047 0.1717092 0.1552048 0.1261539 0.1198332 0.1335474 0.1290886 0.0950833 0.1206371 0.1872883 0.1543283 0.0697288 0.1593717 0.1448903 0.1127223 0.1503228 0.1090414 0.1124974 0.1495548 0.0729753 0.1119026 0.1197506 0.1154636 0.0543450 0.1394865 0.1389606 0.1403022 0.1270812 0.0933192 0.1399852 0.2167100 0.1459375 0.1479614 0.1854452 0.1414979 0.1168668 0.1333182 0.1560647 0.1861283 0.1266576 0.1658722 0.1167308 0.1234876 0.1242318 0.1225652 0.0658104 0.1409279 0.0811463 0.1415663 0.1236779 0.1233718 0.1219956 0.0779471 0.1397935 0.1393945 0.1101269 0.1254855 0.1211923 0.1251056 0.1268328 0.1121586 0.1333366 0.1437778 0.1266581 0.1202218 0.1221341 0.1167501 0.1462481 0.1372756 0.1368430 0.1585375 0.1233132 0.1541156 0.1328738 0.1334598 0.1342113 0.1134490 0.1887115 0.1055543 0.1168156 0.1473727 0.1001173 
S0320         0.1672639 0.0867849 0.0862146 0.0310287 0.1059476 0.0894211 0.0166438 0.0711644 0.0774901 0.1072115 0.0274259 0.1192566 0.0000000 0.0763962 0.1051398 0.0860968 0.1035706 0.0917029 0.0282256 0.0905776 0.1033455 0.0356889 0.0818373 0.1210767 0.0969518 0.0257431 0.0928462 0.0719365 0.0362113 0.0625806 0.0785825 0.0661576 0.0950471 0.1239690 0.0997464 0.0945797 0.1105357 0.1005441 0.0910448 0.1075888 0.0905776 0.0937489 0.0867115 0.1125533 0.0496609 0.0485222 0.0755076 0.0807058 0.0782966 0.0830009 0.0815250 0.0738005 0.0726015 0.1110177 0.1346792 0.0756325 0.0789088 0.1115849 0.0937720 0.0617111 0.1138247 0.0987803 0.1088645 0.0926843 0.1238001 0.0279893 0.0598008 0.0537184 0.0281653 0.1056362 0.0930568 0.1108634 0.0844414 0.0645259 0.0868055 0.0787957 0.0524423 0.0888569 0.1041971 0.0476452 0.0843848 0.0706180 0.0256076 0.0715280 0.0934801 0.0391558 0.1144488 0.0624608 0.0964513 0.0803761 0.0753807 0.0971580 0.0209092 0.0957008 0.0813655 0.0772816 0.0918600 0.0857710 0.0571156 0.0905595 0.0733985 0.1597885 0.0769814 0.0697800 0.1157167 0.0645352 
S0335         0.1288483 0.0791632 0.0857371 0.0660830 0.0948115 0.0816873 0.0796067 0.0521083 0.0891872 0.1118546 0.0707809 0.1244954 0.0763962 0.0000000 0.0911741 0.0784132 0.1018671 0.0899448 0.0744097 0.0687762 0.1017979 0.0625890 0.0763268 0.1235289 0.1109916 0.0796392 0.1038571 0.0833621 0.0739337 0.0861105 0.0728796 0.0773226 0.0816597 0.1100862 0.0851510 0.1019423 0.1023864 0.0989724 0.0718953 0.0936510 0.0687762 0.0717751 0.0869040 0.1205263 0.0636394 0.0629364 0.0517039 0.0785991 0.0784646 0.0717054 0.0816966 0.0848301 0.1196912 0.0941384 0.1242984 0.0786968 0.0855357 0.1107179 0.0787054 0.0405162 0.0997699 0.0665770 0.1016026 0.0849069 0.1190211 0.0681560 0.0773355 0.0769533 0.0706546 0.1178368 0.0912786 0.1223485 0.0394366 0.0254529 0.0820215 0.0739616 0.0444128 0.0550697 0.0903603 0.0425061 0.0519113 0.0490676 0.0730764 0.0791495 0.0715715 0.0745256 0.0974520 0.0801354 0.0886034 0.0524722 0.0409103 0.0864200 0.0826416 0.0879157 0.1014382 0.0606444 0.0462472 0.0113997 0.0802398 0.0735588 0.0494951 0.1462237 0.0722917 0.0517131 0.1079048 0.0439492 
S0376         0.1861822 0.0880994 0.0946479 0.1035777 0.0947065 0.0782458 0.1133598 0.0850891 0.0937073 0.1068140 0.1204593 0.1378945 0.1051398 0.0911741 0.0000000 0.0753513 0.0980427 0.0865857 0.1004143 0.0817655 0.0364183 0.0902984 0.0972740 0.1114567 0.1275891 0.1434792 0.1002709 0.0661462 0.0956042 0.1006401 0.0819951 0.0817932 0.0909846 0.1237887 0.0819672 0.1244667 0.1220791 0.1016447 0.0851029 0.0960440 0.0817655 0.0790950 0.0933154 0.1446684 0.0863166 0.0815177 0.0635280 0.1020432 0.0994229 0.0893795 0.1030392 0.0842338 0.0889034 0.1071893 0.1323004 0.1064274 0.1067325 0.1170526 0.0975018 0.0904187 0.0731957 0.0974463 0.1207728 0.0758117 0.1299233 0.0965044 0.0974513 0.0972490 0.1021021 0.1239674 0.0817284 0.1499078 0.0972060 0.0819235 0.0757204 0.0705976 0.0527395 0.0947038 0.0905730 0.0691553 0.0850271 0.0873634 0.1046138 0.0855980 0.0847007 0.1067698 0.1137396 0.1004477 0.0762399 0.0889695 0.0844767 0.0951905 0.1156354 0.0785008 0.1187427 0.0692683 0.1018673 0.0943027 0.1068372 0.1004398 0.0697848 0.1602160 0.0821768 0.0932939 0.0520433 0.0608794 
S0400         0.1572233 0.0413541 0.0521581 0.0872770 0.0859629 0.0090251 0.0961416 0.0663347 0.0083755 0.0490200 0.0998030 0.1255976 0.0860968 0.0784132 0.0753513 0.0000000 0.0234526 0.0632315 0.0870208 0.0694468 0.0812534 0.0748193 0.0898860 0.0918153 0.1023953 0.1145597 0.0304525 0.0160041 0.0753009 0.0835844 0.0613116 0.0000010 0.0602144 0.1173596 0.0788372 0.0947954 0.1095731 0.0307252 0.0726014 0.0230486 0.0694468 0.0696115 0.1076169 0.1176903 0.0614519 0.0813159 0.0575898 0.0795253 0.0954404 0.0813055 0.0961561 0.0968105 0.0907243 0.0912636 0.1337504 0.0926975 0.0993536 0.1113824 0.0836385 0.0720571 0.0517040 0.0909277 0.1186031 0.0136949 0.0583492 0.0836360 0.0748238 0.0784021 0.0860595 0.0994258 0.0160607 0.1188496 0.0772311 0.0659700 0.0114041 0.0115951 0.0277477 0.0810331 0.0464180 0.0603138 0.0692550 0.0659635 0.0915560 0.0313330 0.0722711 0.0889942 0.0945492 0.0776212 0.0137636 0.0732236 0.0749993 0.0233678 0.0989886 0.0261508 0.1129703 0.0523467 0.0980189 0.0814116 0.0787666 0.0934515 0.0603727 0.1247958 0.0759678 0.0744052 0.0881799 0.0550344 
S0405         0.2161354 0.0613160 0.0692289 0.1050425 0.1104664 0.0233410 0.1116893 0.0885766 0.0261736 0.0752244 0.1264569 0.1537994 0.1035706 0.1018671 0.0980427 0.0234526 0.0000000 0.0755147 0.1047406 0.0920379 0.1049442 0.0947640 0.1206571 0.1122559 0.1293491 0.1262217 0.0491104 0.0203560 0.0943334 0.0947860 0.0796207 0.0170591 0.0817543 0.1488413 0.0983084 0.1243669 0.1322110 0.0495895 0.0955518 0.0381612 0.0920379 0.0922674 0.1399603 0.1456424 0.0745918 0.0986944 0.0789655 0.1033606 0.1266250 0.1075164 0.1210151 0.1213688 0.1015440 0.1127149 0.1630065 0.1195805 0.1231331 0.1382269 0.1141745 0.0917121 0.0697332 0.1090626 0.1461964 0.0283440 0.0800681 0.1010378 0.0855751 0.1018442 0.1035239 0.1288711 0.0208153 0.1464214 0.0946941 0.0873790 0.0259623 0.0211945 0.0477948 0.0942746 0.0638387 0.0767688 0.0856995 0.0820844 0.1092983 0.0506171 0.0950839 0.0981533 0.1130390 0.0885058 0.0284149 0.0932211 0.0979981 0.0416539 0.1141502 0.0418777 0.1352835 0.0613441 0.1168123 0.1051252 0.0931577 0.1211787 0.0789695 0.1566186 0.0930789 0.0940844 0.1062015 0.0704719 
S0412sl       0.2132553 0.0575308 0.0587440 0.0960589 0.1072737 0.0629007 0.0990223 0.0779341 0.0614144 0.0926993 0.1405663 0.1415715 0.0917029 0.0899448 0.0865857 0.0632315 0.0755147 0.0000000 0.0990401 0.0865379 0.1092662 0.0891740 0.1083860 0.0756191 0.1181670 0.1474198 0.0752278 0.0564799 0.0844201 0.1150739 0.0465106 0.0507295 0.0962049 0.1476814 0.0547480 0.1134793 0.1293000 0.0851166 0.0898913 0.0740484 0.0865379 0.0897291 0.1163287 0.1382110 0.0913575 0.0898431 0.0769237 0.0908005 0.1071364 0.1006405 0.1046222 0.0786421 0.0792229 0.1030753 0.1600690 0.1055808 0.1116538 0.1444348 0.1076961 0.0892111 0.0767345 0.1099158 0.1378256 0.0687894 0.0962517 0.0892454 0.1055584 0.0928453 0.0947141 0.1283059 0.0717200 0.1330420 0.0824542 0.0864741 0.0576529 0.0527383 0.0383338 0.0934130 0.0793581 0.0775452 0.0780681 0.0889455 0.0940037 0.0576716 0.0894677 0.1051793 0.1002377 0.1023759 0.0691642 0.0877661 0.0859706 0.0819045 0.1016266 0.0623065 0.1278001 0.0543977 0.0991864 0.0930239 0.1025095 0.1053662 0.0775887 0.1525914 0.0873674 0.0921957 0.1003873 0.0658260 
S0417         0.1804968 0.0810719 0.0843843 0.0360945 0.1104294 0.0903914 0.0265777 0.0746500 0.0773990 0.1146878 0.0651813 0.1208396 0.0282256 0.0744097 0.1004143 0.0870208 0.1047406 0.0990401 0.0000000 0.0918304 0.0973321 0.0335348 0.0829579 0.1296180 0.0979263 0.0199817 0.0999929 0.0836352 0.0389262 0.0631297 0.0826707 0.0660810 0.0963885 0.1206360 0.1074693 0.0988433 0.1055972 0.1016763 0.0923106 0.1087899 0.0918304 0.0950529 0.0878944 0.1161331 0.0500884 0.0511089 0.0764210 0.0846032 0.0793565 0.0841544 0.0826369 0.0689344 0.0734438 0.1115572 0.1312486 0.0826131 0.0857800 0.1052098 0.0919627 0.0651224 0.1151076 0.1092772 0.1056972 0.0936990 0.1289046 0.0335624 0.0603219 0.0563371 0.0356247 0.1066785 0.0940784 0.1143933 0.0853567 0.0722674 0.0877452 0.0796448 0.0527839 0.0869191 0.1053510 0.0503015 0.0862968 0.0769002 0.0383192 0.0809052 0.0888590 0.0391986 0.1150028 0.0630078 0.0975199 0.0813785 0.0763967 0.0982428 0.0331044 0.0967524 0.0842708 0.0783500 0.0928533 0.0838199 0.0576106 0.0918117 0.0742921 0.1580958 0.0859708 0.0734494 0.1159299 0.0682244 
S0419         0.1530301 0.0700999 0.0066532 0.0860072 0.0385927 0.0725931 0.0915860 0.0808029 0.0772254 0.0868176 0.0905094 0.1090414 0.0905776 0.0687762 0.0817655 0.0694468 0.0920379 0.0865379 0.0918304 0.0000000 0.0948087 0.0759275 0.0947598 0.1290106 0.0931240 0.0984011 0.0969086 0.0772556 0.0908657 0.1014272 0.0735653 0.0724232 0.0280808 0.1278081 0.0916072 0.0979946 0.1111381 0.0920475 0.0022284 0.0901745 0.0000010 0.0022256 0.0997431 0.1084172 0.0784694 0.0800727 0.0483840 0.0715750 0.0968654 0.0867602 0.1003629 0.0956993 0.1475840 0.0464780 0.1427842 0.0947677 0.0978802 0.1149242 0.0947153 0.0682495 0.0901841 0.1032404 0.1186381 0.0756944 0.1224420 0.0853165 0.0922990 0.0888181 0.0877069 0.1030692 0.0818632 0.1102880 0.0732607 0.0656861 0.0728899 0.0678142 0.0332450 0.0810663 0.0869377 0.0672940 0.0807390 0.0830452 0.0931403 0.0729039 0.0022202 0.0972237 0.0492197 0.0951988 0.0733877 0.0778340 0.0711200 0.0819629 0.1034631 0.0749947 0.1211148 0.0692763 0.0841844 0.0715199 0.0922652 0.0918534 0.0461974 0.1465686 0.0384792 0.0794770 0.1041499 0.0407943 
S0427         0.2006106 0.0901220 0.0963220 0.1011922 0.1054960 0.0845624 0.1148061 0.0953091 0.0776241 0.1038342 0.1442439 0.1448126 0.1033455 0.1017979 0.0364183 0.0812534 0.1049442 0.1092662 0.0973321 0.0948087 0.0000000 0.0875210 0.1179212 0.1286180 0.1397237 0.1401110 0.1035309 0.0723661 0.0705932 0.1115050 0.0955359 0.0662659 0.0985167 0.1253590 0.1052409 0.1313263 0.1412978 0.0945602 0.0983550 0.1027684 0.0948087 0.0950448 0.1102293 0.1527903 0.0902357 0.0878387 0.0787746 0.1204970 0.1135606 0.1098075 0.1174182 0.0970401 0.0823858 0.1286906 0.1313901 0.1247401 0.1276646 0.1190373 0.1124579 0.0914502 0.0880244 0.1213191 0.1228426 0.0821082 0.1302108 0.0906693 0.1018261 0.1036867 0.0962412 0.1391304 0.0881645 0.1626199 0.1046089 0.0949274 0.0820035 0.0801900 0.0497287 0.1084812 0.0934726 0.0720926 0.1045428 0.0975904 0.0987574 0.0887178 0.0978708 0.1071238 0.1324297 0.1048914 0.0792347 0.1025281 0.0914680 0.0922304 0.1023425 0.0851060 0.1269737 0.0849517 0.1093178 0.1050575 0.1117855 0.1213109 0.0825102 0.1794973 0.0991131 0.1005390 0.0520431 0.0760769 
S0478         0.1537156 0.0813506 0.0748952 0.0284525 0.0962717 0.0809937 0.0370820 0.0651503 0.0707708 0.1076555 0.0577710 0.1197863 0.0356889 0.0625890 0.0902984 0.0748193 0.0947640 0.0891740 0.0335348 0.0759275 0.0875210 0.0000000 0.0737029 0.1108352 0.0939294 0.0255576 0.0932220 0.0676266 0.0330045 0.0566396 0.0729040 0.0660651 0.0828281 0.1187559 0.0968568 0.0857494 0.0982538 0.0977764 0.0763088 0.0988843 0.0759275 0.0789441 0.0870450 0.1129819 0.0417902 0.0489233 0.0592354 0.0749940 0.0758521 0.0775336 0.0734230 0.0687549 0.0806150 0.0952459 0.1215280 0.0789241 0.0821459 0.1064678 0.0822075 0.0565620 0.1080440 0.0891073 0.1037298 0.0841780 0.1183129 0.0280832 0.0518125 0.0541720 0.0255612 0.1008277 0.0845197 0.1144885 0.0757851 0.0534276 0.0813236 0.0733380 0.0495768 0.0627337 0.0985160 0.0393130 0.0678065 0.0619366 0.0278583 0.0842105 0.0787224 0.0388494 0.0985063 0.0487303 0.0878323 0.0630048 0.0646210 0.0875217 0.0356246 0.0833798 0.0790128 0.0634903 0.0831933 0.0715401 0.0487937 0.0765763 0.0624910 0.1445281 0.0738346 0.0617976 0.1129265 0.0567201 
S0552sl       0.1638280 0.0969842 0.0918733 0.0917978 0.1200220 0.0993680 0.0884986 0.0818425 0.1058010 0.1113822 0.0854046 0.1374653 0.0818373 0.0763268 0.0972740 0.0898860 0.1206571 0.1083860 0.0829579 0.0947598 0.1179212 0.0737029 0.0000000 0.1335984 0.1275464 0.0992346 0.1155342 0.0885473 0.0843870 0.0859842 0.0918082 0.0933701 0.0962588 0.1245466 0.1074971 0.1083811 0.1238926 0.1130931 0.0952577 0.1055261 0.0947598 0.0980113 0.0380539 0.1303723 0.0811976 0.0770579 0.0736617 0.0899710 0.0159935 0.0210584 0.0160670 0.0171181 0.1098912 0.1192472 0.1450470 0.0213949 0.0283317 0.1328661 0.0165773 0.0757376 0.1252621 0.0868020 0.1276605 0.0905568 0.1389115 0.0708887 0.0919784 0.0742146 0.0905336 0.1342707 0.1094355 0.1279876 0.0871356 0.0646052 0.0846568 0.0855120 0.0649113 0.0832037 0.1109127 0.0616504 0.0769538 0.0792378 0.0871763 0.0964971 0.0977257 0.0842286 0.1228079 0.0919784 0.1004809 0.0712796 0.0728724 0.1095740 0.0913231 0.0996869 0.1112076 0.0872481 0.0979743 0.0818894 0.0861908 0.0409920 0.0772028 0.1588454 0.0896566 0.0735149 0.1238104 0.0655047 
S0558         0.2322108 0.0914449 0.1737035 0.1162995 0.1345159 0.0912967 0.1305259 0.1152219 0.1209001 0.1232874 0.1347767 0.1869245 0.1210767 0.1235289 0.1114567 0.0918153 0.1122559 0.0756191 0.1296180 0.1290106 0.1286180 0.1108352 0.1335984 0.0000000 0.1689868 0.1514778 0.1039361 0.0991291 0.1300005 0.1423364 0.0857111 0.1075562 0.1334830 0.1828229 0.0880276 0.1496820 0.1539483 0.1167882 0.1280647 0.1098948 0.1290106 0.1293502 0.1492055 0.1798646 0.1249420 0.1226023 0.1079931 0.1332105 0.1325749 0.1321903 0.1330256 0.1231309 0.1140636 0.1398943 0.1736915 0.1227391 0.1287271 0.1780956 0.1226702 0.1143439 0.1034921 0.1378054 0.1501708 0.0939183 0.1281965 0.1185012 0.1370213 0.1259533 0.1244223 0.1700354 0.0981923 0.1731796 0.1276963 0.1095986 0.0855914 0.0748712 0.0715428 0.1261541 0.1125770 0.1098407 0.1087074 0.1141635 0.1234313 0.0820732 0.1323500 0.1347788 0.1437620 0.1254124 0.0985120 0.1199550 0.1218880 0.1066085 0.1287162 0.0903603 0.1627847 0.0817536 0.1415169 0.1270119 0.1323013 0.1340364 0.1155156 0.1821256 0.1240178 0.1187471 0.1260901 0.0987454 
S0616         0.1354622 0.1027103 0.1064808 0.0981490 0.1299423 0.1095604 0.1083190 0.1021281 0.1094398 0.1468962 0.1166606 0.0648047 0.0969518 0.1109916 0.1275891 0.1023953 0.1293491 0.1181670 0.0979263 0.0931240 0.1397237 0.0939294 0.1275464 0.1689868 0.0000000 0.1226358 0.1343725 0.1193999 0.1127420 0.1216913 0.1153472 0.0958685 0.1043194 0.1481227 0.1400836 0.0667843 0.1339624 0.1321737 0.0966836 0.1264784 0.0931240 0.0964981 0.1329064 0.0788893 0.0965229 0.1045851 0.0957624 0.0449674 0.1296543 0.1289516 0.1337984 0.1298492 0.1028284 0.1168341 0.1671436 0.1247193 0.1243444 0.1466413 0.1281427 0.1003506 0.1367929 0.1456685 0.1509422 0.1132933 0.1503683 0.0940737 0.1115628 0.1046096 0.1030395 0.0318047 0.1205617 0.0812106 0.1272271 0.0932088 0.1097065 0.1047735 0.0707175 0.1225593 0.1293920 0.0972729 0.1151947 0.1175812 0.1120473 0.1026321 0.0962048 0.1145070 0.1204781 0.1147628 0.1176586 0.1047400 0.1098351 0.1289710 0.1139453 0.1166430 0.1389816 0.1066060 0.1432930 0.1191506 0.1115799 0.1242756 0.0998915 0.1755227 0.0958911 0.1098974 0.1358015 0.0837684 
S0624         0.1827605 0.0939788 0.0000010 0.0208038 0.1378931 0.1086905 0.0310946 0.0671809 0.0000010 0.1553313 0.0593301 0.1717092 0.0257431 0.0796392 0.1434792 0.1145597 0.1262217 0.1474198 0.0199817 0.0984011 0.1401110 0.0255576 0.0992346 0.1514778 0.1226358 0.0000000 0.1087453 0.1040270 0.0459701 0.0546385 0.1048494 0.0000010 0.0993127 0.1323201 0.1258855 0.1533957 0.1357501 0.1300174 0.0995456 0.1228237 0.0984011 0.0990330 0.1064675 0.1393482 0.0549720 0.0663595 0.1106101 0.1096710 0.0857523 0.1146152 0.0932130 0.0000010 0.0000010 0.1208242 0.1298101 0.0754795 0.0604649 0.0928489 0.1280077 0.0792422 0.1355015 0.1399900 0.1063424 0.1151826 0.1543249 0.0255376 0.0613222 0.0716998 0.0252987 0.1298589 0.1175548 0.1279427 0.1030824 0.0729687 0.1157323 0.1247181 0.0603381 0.0799621 0.1128520 0.0516518 0.1000912 0.0854662 0.0255483 0.0815731 0.1049655 0.0406479 0.1286266 0.0546595 0.1236304 0.0860643 0.0722670 0.1007797 0.0308820 0.1157323 0.1124156 0.0885032 0.0995336 0.1012473 0.0484141 0.1066941 0.0985421 0.1537526 0.0783410 0.0720662 0.1511680 0.0845669 
S0641         0.2224644 0.0605705 0.0686855 0.0974227 0.1089415 0.0330313 0.0997756 0.0727754 0.0215113 0.0712928 0.1069324 0.1552048 0.0928462 0.1038571 0.1002709 0.0304525 0.0491104 0.0752278 0.0999929 0.0969086 0.1035309 0.0932220 0.1155342 0.1039361 0.1343725 0.1087453 0.0000000 0.0373276 0.0860050 0.0994833 0.0786152 0.0126206 0.0807134 0.1538355 0.0907579 0.1244154 0.1372487 0.0437811 0.0962388 0.0482169 0.0969086 0.0971481 0.1343788 0.1417485 0.0823323 0.1034143 0.0897054 0.1083022 0.1213742 0.1002196 0.1158702 0.1032449 0.1006225 0.1209189 0.1475566 0.1089233 0.1192486 0.1329285 0.1095942 0.0932611 0.0715324 0.1075677 0.1472370 0.0382040 0.0749409 0.0964050 0.0963365 0.1096216 0.0960393 0.1303231 0.0408048 0.1320332 0.0902877 0.0793479 0.0332752 0.0338569 0.0471868 0.0841876 0.0714828 0.0846603 0.0787058 0.0810280 0.0984095 0.0500063 0.0999500 0.1026776 0.1245377 0.0932213 0.0384027 0.0951312 0.0967029 0.0360629 0.0999300 0.0523151 0.1455842 0.0716186 0.1087147 0.1070942 0.1008074 0.1196794 0.0868145 0.1658456 0.1042407 0.0897509 0.1047559 0.0811089 
S0643         0.1668401 0.0517811 0.0000010 0.0842512 0.0891435 0.0199712 0.0944127 0.0568602 0.0000010 0.0568659 0.1386974 0.1261539 0.0719365 0.0833621 0.0661462 0.0160041 0.0203560 0.0564799 0.0836352 0.0772556 0.0723661 0.0676266 0.0885473 0.0991291 0.1193999 0.1040270 0.0373276 0.0000000 0.0903002 0.0619132 0.0617135 0.0000010 0.0612709 0.1179660 0.0661445 0.1180870 0.1324554 0.0373343 0.0772556 0.0199554 0.0772556 0.0772556 0.1146618 0.1499635 0.0530846 0.0781199 0.0616774 0.0904370 0.0983574 0.0734117 0.0837072 0.0941326 0.0863965 0.0881797 0.1214353 0.1011780 0.0945305 0.1098672 0.0737937 0.0769320 0.0669352 0.0825362 0.1162582 0.0201220 0.0617763 0.0878117 0.0576534 0.0826095 0.0878117 0.1122622 0.0078434 0.1458691 0.0634753 0.0706077 0.0158808 0.0199620 0.0404264 0.0719227 0.0775245 0.0602592 0.0621302 0.0566338 0.1037643 0.0338805 0.0822982 0.0959818 0.0991533 0.0523826 0.0201285 0.0523518 0.0716093 0.0289885 0.0938717 0.0334442 0.1137769 0.0421361 0.0841964 0.0827480 0.0626545 0.0940463 0.0670445 0.1264563 0.0672881 0.0773366 0.0883844 0.0570914 
S0645sl       0.1494626 0.0886673 0.0667043 0.0332562 0.1005441 0.0824660 0.0345749 0.0849131 0.0662978 0.0918339 0.0891899 0.1198332 0.0362113 0.0739337 0.0956042 0.0753009 0.0943334 0.0844201 0.0389262 0.0908657 0.0705932 0.0330045 0.0843870 0.1300005 0.1127420 0.0459701 0.0860050 0.0903002 0.0000000 0.0645348 0.0820938 0.0554730 0.0996859 0.1154806 0.0930238 0.0937440 0.1188158 0.0910589 0.0908657 0.0963718 0.0908657 0.0942670 0.0901220 0.1135622 0.0492462 0.0541588 0.0702745 0.0890804 0.0801850 0.0858067 0.0840078 0.0680863 0.0817594 0.1072314 0.1208237 0.0838015 0.0876767 0.0998725 0.0844124 0.0668481 0.1001565 0.1030091 0.1111888 0.0829588 0.1195529 0.0330357 0.0612692 0.0571923 0.0270360 0.1209434 0.0791052 0.1197589 0.0691885 0.1011034 0.0794238 0.0695821 0.0542676 0.0853290 0.0998659 0.0429895 0.0883594 0.0810192 0.0298676 0.0864738 0.0942670 0.0439308 0.1112049 0.0643906 0.0832449 0.0789870 0.0801091 0.0948821 0.0328870 0.0862153 0.0826923 0.0780248 0.0815737 0.0809535 0.0583892 0.0839643 0.0743420 0.1561073 0.0912057 0.0762730 0.1062853 0.0673081 
S0673         0.1624940 0.0944104 0.1232979 0.0633289 0.1378062 0.0868942 0.0648718 0.0743206 0.0823075 0.1113452 0.0647539 0.1335474 0.0625806 0.0861105 0.1006401 0.0835844 0.0947860 0.1150739 0.0631297 0.1014272 0.1115050 0.0566396 0.0859842 0.1423364 0.1216913 0.0546385 0.0994833 0.0619132 0.0645348 0.0000000 0.0912829 0.0708762 0.1048277 0.1257541 0.1164805 0.1047189 0.1110400 0.1103502 0.1019687 0.1050466 0.1014272 0.1047618 0.0971266 0.1152340 0.0091995 0.0598448 0.0853503 0.0969930 0.0881121 0.0838837 0.0915109 0.1070032 0.1007942 0.1262023 0.1235284 0.0951374 0.0950458 0.1197437 0.0983632 0.0739726 0.1221880 0.0991820 0.1107174 0.0901463 0.1402902 0.0654638 0.0113774 0.0742990 0.0624729 0.1201000 0.0905102 0.1231953 0.1042585 0.0657077 0.0872474 0.0791941 0.0647721 0.0892119 0.1092939 0.0510937 0.0799380 0.0765035 0.0648816 0.0912645 0.1044521 0.0690242 0.1298437 0.0112624 0.0938926 0.0692291 0.0911656 0.1037835 0.0713890 0.0972830 0.0915122 0.0844985 0.1055910 0.0959284 0.0411151 0.1040751 0.0832472 0.1364284 0.0933270 0.0939541 0.1242729 0.0769633 
S0689         0.1588028 0.0564798 0.0786681 0.0824539 0.0928782 0.0638300 0.0784052 0.0822657 0.0790737 0.0975262 0.0946844 0.1290886 0.0785825 0.0728796 0.0819951 0.0613116 0.0796207 0.0465106 0.0826707 0.0735653 0.0955359 0.0729040 0.0918082 0.0857111 0.1153472 0.1048494 0.0786152 0.0617135 0.0820938 0.0912829 0.0000000 0.0674693 0.0858429 0.1284521 0.0556699 0.0949879 0.1081835 0.0836349 0.0703502 0.0751713 0.0735653 0.0766866 0.0969177 0.1241144 0.0746134 0.0795552 0.0638103 0.0844971 0.0907434 0.0839911 0.0882027 0.0858048 0.1219823 0.0927231 0.1382068 0.0856216 0.0890701 0.1220439 0.0870611 0.0674275 0.0880449 0.1024255 0.1159987 0.0698254 0.0979283 0.0731984 0.0822029 0.0885350 0.0844323 0.1190132 0.0728089 0.1256557 0.0809395 0.0619965 0.0584970 0.0507786 0.0366559 0.0831546 0.0847942 0.0670692 0.0707006 0.0788758 0.0840547 0.0620908 0.0764626 0.0931093 0.1023464 0.0791748 0.0673380 0.0803165 0.0759201 0.0803844 0.0882531 0.0696907 0.1134154 0.0309663 0.0907155 0.0758417 0.0920783 0.0918035 0.0645603 0.1388216 0.0742800 0.0699432 0.0964430 0.0530693 
S0690         0.0000010 0.0568178 0.0521581 0.0702387 0.0855958 0.0083037 0.0704823 0.0663234 0.0083755 0.0260227 0.0000010 0.0950833 0.0661576 0.0773226 0.0817932 0.0000010 0.0170591 0.0507295 0.0660810 0.0724232 0.0662659 0.0660651 0.0933701 0.1075562 0.0958685 0.0000010 0.0126206 0.0000010 0.0554730 0.0708762 0.0674693 0.0000000 0.0557564 0.1515587 0.0900731 0.0675769 0.1102493 0.0217671 0.0724232 0.0255713 0.0724232 0.0777621 0.1023834 0.1012698 0.0413471 0.0775456 0.0560264 0.0776417 0.0976799 0.0717416 0.0977370 0.0968105 0.0907243 0.1011641 0.1732476 0.1032293 0.1239451 0.1637003 0.0872292 0.0554904 0.0505619 0.0868912 0.1588455 0.0083686 0.0504954 0.0715478 0.0598726 0.0836639 0.0600093 0.0964810 0.0083065 0.1064952 0.0679760 0.0000010 0.0084139 0.0042642 0.0275995 0.0883544 0.0459991 0.0670432 0.0657347 0.0606254 0.0650833 0.0413523 0.0724232 0.0592619 0.1011810 0.0706018 0.0084110 0.0906704 0.0766790 0.0264564 0.0721415 0.0363890 0.1072141 0.0668783 0.0954083 0.0773204 0.0676864 0.0986803 0.0506259 0.1362881 0.0895753 0.0651884 0.0767525 0.0512836 
S0720         0.1556668 0.0793925 0.0206131 0.0904144 0.0413173 0.0632095 0.0994217 0.0843673 0.0552845 0.1036184 0.0983226 0.1206371 0.0950471 0.0816597 0.0909846 0.0602144 0.0817543 0.0962049 0.0963885 0.0280808 0.0985167 0.0828281 0.0962588 0.1334830 0.1043194 0.0993127 0.0807134 0.0612709 0.0996859 0.1048277 0.0858429 0.0557564 0.0000000 0.1368690 0.1079365 0.1028727 0.1246611 0.0787402 0.0306425 0.0801447 0.0280808 0.0306028 0.1106396 0.1055794 0.0816429 0.0932770 0.0571088 0.0756119 0.0983901 0.0875096 0.1019597 0.1034883 0.1508002 0.0574677 0.1506019 0.1061203 0.1059256 0.1268443 0.0994145 0.0807496 0.1028883 0.1101221 0.1344990 0.0661684 0.1165231 0.0837692 0.0955957 0.0993785 0.0921034 0.1065172 0.0720794 0.1074755 0.0834186 0.0533719 0.0634640 0.0615223 0.0389696 0.0906297 0.0905983 0.0712309 0.0902476 0.0866165 0.0976567 0.0732962 0.0305228 0.0990146 0.0603322 0.0985257 0.0695107 0.0842149 0.0809085 0.0663899 0.1083139 0.0667786 0.1370484 0.0784450 0.0978685 0.0779701 0.0968656 0.0964177 0.0491617 0.1543338 0.0491221 0.0772044 0.1047354 0.0492530 
S0735         0.1594367 0.1206555 0.1666633 0.1200904 0.1461437 0.1178352 0.1290007 0.1246235 0.1673702 0.1604395 0.1180657 0.1872883 0.1239690 0.1100862 0.1237887 0.1173596 0.1488413 0.1476814 0.1206360 0.1278081 0.1253590 0.1187559 0.1245466 0.1828229 0.1481227 0.1323201 0.1538355 0.1179660 0.1154806 0.1257541 0.1284521 0.1515587 0.1368690 0.0000000 0.1423040 0.1607314 0.1472192 0.1382886 0.1319013 0.1383870 0.1278081 0.1281490 0.1381045 0.1556876 0.1078208 0.0979173 0.0999884 0.1349931 0.1236189 0.1135760 0.1276125 0.1452588 0.1780313 0.1539660 0.0419936 0.1251173 0.1357631 0.0360716 0.1257526 0.1059819 0.1342630 0.1247611 0.0361449 0.1322417 0.1712117 0.1174953 0.1156960 0.1079117 0.1282209 0.1418310 0.1359610 0.1609783 0.1159430 0.0881579 0.1251250 0.1122055 0.0859232 0.1356639 0.1336932 0.0892171 0.1239345 0.1234150 0.1308211 0.1116428 0.1311887 0.1282143 0.1580661 0.1188708 0.1285784 0.1110347 0.1079661 0.1241833 0.1269062 0.1186116 0.1319205 0.1239834 0.1341348 0.1180086 0.1139625 0.1331971 0.1042440 0.1785115 0.1159363 0.1221536 0.1189545 0.1000607 
S0742         0.1826917 0.0729765 0.1047056 0.1077751 0.1098965 0.0814004 0.1076952 0.0948506 0.1026618 0.1032461 0.1168749 0.1543283 0.0997464 0.0851510 0.0819672 0.0788372 0.0983084 0.0547480 0.1074693 0.0916072 0.1052409 0.0968568 0.1074971 0.0880276 0.1400836 0.1258855 0.0907579 0.0661445 0.0930238 0.1164805 0.0556699 0.0900731 0.1079365 0.1423040 0.0000000 0.1180011 0.1269992 0.0996864 0.0909737 0.0993685 0.0916072 0.0949170 0.1126724 0.1452913 0.0955704 0.0917604 0.0813668 0.1068027 0.1096256 0.0996635 0.1070567 0.0918279 0.1070742 0.1024077 0.1381496 0.1013582 0.1044796 0.1395814 0.1100055 0.0850954 0.0873328 0.1224889 0.1288580 0.0877799 0.1092232 0.0901596 0.1068393 0.1073044 0.1062225 0.1469293 0.0909330 0.1395789 0.1047151 0.0874981 0.0758589 0.0647232 0.0445667 0.1050736 0.0960534 0.0792156 0.0889027 0.0940707 0.1020828 0.0731682 0.0946334 0.1140133 0.1122902 0.1036148 0.0793252 0.0991792 0.0879637 0.0962444 0.1101310 0.0805888 0.1270676 0.0548873 0.1126617 0.0921653 0.1175600 0.1078347 0.0823511 0.1632634 0.0854677 0.0850935 0.1056625 0.0701760 
S0748         0.1733445 0.0914653 0.0686055 0.0989827 0.1281553 0.1017426 0.1088525 0.1028206 0.0791981 0.1348208 0.1466682 0.0697288 0.0945797 0.1019423 0.1244667 0.0947954 0.1243669 0.1134793 0.0988433 0.0979946 0.1313263 0.0857494 0.1083811 0.1496820 0.0667843 0.1533957 0.1244154 0.1180870 0.0937440 0.1047189 0.0949879 0.0675769 0.1028727 0.1607314 0.1180011 0.0000000 0.1460933 0.1115232 0.0944497 0.1216010 0.0979946 0.1013852 0.1233163 0.0652782 0.0840547 0.0948135 0.0919243 0.0449575 0.1137158 0.1097742 0.1111100 0.0856990 0.0658979 0.1218109 0.1817577 0.1157382 0.1182530 0.1628001 0.1153602 0.0918625 0.1315733 0.1263063 0.1597592 0.1053529 0.1442438 0.0859619 0.0952432 0.1051488 0.0975546 0.0619429 0.1124184 0.0764402 0.1146849 0.1195377 0.0984649 0.0898738 0.0636990 0.1162345 0.1142424 0.0820657 0.0922002 0.0987833 0.1002506 0.1008756 0.1010796 0.1076609 0.1254741 0.0982498 0.1055992 0.1071327 0.0947487 0.1205314 0.1081647 0.1086318 0.1146429 0.0873220 0.1299172 0.1096820 0.1015789 0.1115924 0.0959634 0.1825999 0.0884828 0.0918062 0.1389426 0.0830916 
S0753         0.2176607 0.1293086 0.1256586 0.1120889 0.1427954 0.1167335 0.1110402 0.1122789 0.1176562 0.1472186 0.1228498 0.1593717 0.1105357 0.1023864 0.1220791 0.1095731 0.1322110 0.1293000 0.1055972 0.1111381 0.1412978 0.0982538 0.1238926 0.1539483 0.1339624 0.1357501 0.1372487 0.1324554 0.1188158 0.1110400 0.1081835 0.1102493 0.1246611 0.1472192 0.1269992 0.1460933 0.0000000 0.1401370 0.1149012 0.1334977 0.1111381 0.1114212 0.1322782 0.1361149 0.0901857 0.0949833 0.0853253 0.1145541 0.1259583 0.1115326 0.1266819 0.1204613 0.1196016 0.1245877 0.1586816 0.1170257 0.1176589 0.1302974 0.1245925 0.1015107 0.1490586 0.1200732 0.1416657 0.1204712 0.1566081 0.1045907 0.1014497 0.1137450 0.1136110 0.1226740 0.1277121 0.1412729 0.1157542 0.1055797 0.1139088 0.1052259 0.0896426 0.1016737 0.1414385 0.0958056 0.1127628 0.0981364 0.1129919 0.1284480 0.1143158 0.1118588 0.1349630 0.1044881 0.1214465 0.0988720 0.0951926 0.1292063 0.1179301 0.1287332 0.1373286 0.1012454 0.1372459 0.1131552 0.1118041 0.1273018 0.0953282 0.1028142 0.1157952 0.0952528 0.1480579 0.0885881 
