77
S0055      0.0000000 0.1737507 0.0838746 0.1699884 0.1341042 0.1971102 0.1125370 0.1695420 0.1395079 0.0992800 0.0803941 0.2097162 0.1014325 0.1771100 0.1905743 0.1035481 0.0950006 0.0983523 0.0919378 0.0657499 0.0848202 0.1878345 0.1296853 0.0910598 0.1101612 0.0848068 0.2070722 0.1381606 0.1433169 0.1336704 0.1282194 0.1119167 0.1349778 0.1224079 0.1555947 0.1578895 0.1509808 0.1463177 0.1707032 0.0857014 0.0784832 0.1317187 0.1705369 0.1893065 0.1789947 0.1873998 0.1217310 0.0920308 0.1466951 0.0773232 0.0848493 0.0917968 0.0816756 0.1215891 0.1564559 0.1443924 0.0847993 0.1081385 0.1224079 0.1714810 0.0718848 0.1596929 0.1115777 0.0991588 0.1942080 0.0972473 0.1131529 0.1536323 0.1637996 0.1992126 0.1500971 0.1487165 0.1716493 0.1230539 0.0981426 0.1549878 0.1330104 
S0281      0.1737507 0.0000000 0.1269787 0.1817887 0.1469006 0.2114900 0.1436582 0.1978495 0.1614244 0.1299978 0.1372369 0.1907912 0.0712814 0.1620221 0.2131391 0.1438355 0.2045209 0.1588080 0.1447760 0.0875328 0.1686949 0.1722728 0.1540827 0.1282686 0.0662851 0.1138366 0.2046332 0.1604556 0.1639248 0.1438070 0.1884797 0.1532078 0.1643936 0.0886019 0.1610991 0.1635434 0.1905016 0.1946921 0.1772108 0.1283442 0.1285256 0.1654638 0.1576120 0.1998902 0.1892025 0.1718036 0.1149394 0.1424096 0.1694413 0.1194605 0.1377341 0.1249648 0.1257331 0.1411045 0.1777155 0.1535058 0.1429675 0.0775376 0.0886019 0.1814981 0.1137261 0.1711520 0.1490287 0.1298469 0.1900218 0.1351729 0.1363694 0.1802580 0.2001865 0.1925361 0.1694974 0.1810518 0.2061105 0.0912103 0.1455113 0.2087964 0.1348066 
S0282      0.0838746 0.1269787 0.0000000 0.1362711 0.1144771 0.1875459 0.1182124 0.1351646 0.1220927 0.0304284 0.0308141 0.1480873 0.0637291 0.1594079 0.1800089 0.1195460 0.1188138 0.0717908 0.0851496 0.0105777 0.0988647 0.1694482 0.0883296 0.0247501 0.0709825 0.0248162 0.1454533 0.1294404 0.1352205 0.1110452 0.1606391 0.1274138 0.1374247 0.0952320 0.1501011 0.1523268 0.1408799 0.1584425 0.1609331 0.0700006 0.0196890 0.0660350 0.1222901 0.1733580 0.1634693 0.1769831 0.1064426 0.0357090 0.1376713 0.0144473 0.0308527 0.1117780 0.0527825 0.1220342 0.1461270 0.0995512 0.0407842 0.0697239 0.0952320 0.1561401 0.0096316 0.1695551 0.1099317 0.0303868 0.1435990 0.0351267 0.0724239 0.1432285 0.1233062 0.1624769 0.1555559 0.1314056 0.1459557 0.0702559 0.1170951 0.1686282 0.0899490 
S0289      0.1699884 0.1817887 0.1362711 0.0000000 0.1514814 0.0366149 0.1485764 0.0191977 0.1954657 0.1556148 0.1578075 0.0300929 0.1124972 0.1772579 0.0846978 0.1468213 0.2046966 0.1587196 0.1485143 0.1128755 0.1657478 0.1883680 0.1067702 0.1274255 0.1148939 0.1307392 0.2017261 0.1572942 0.0471965 0.1481207 0.1925484 0.1248354 0.1669652 0.1356544 0.1722817 0.1619218 0.1935225 0.1729324 0.1826963 0.1874869 0.1379700 0.2042479 0.0197979 0.0651943 0.0587415 0.1965209 0.1268796 0.1631496 0.1664407 0.1284472 0.1584287 0.1796644 0.1503773 0.1795504 0.1986022 0.0301527 0.1538376 0.1196383 0.1356544 0.0586165 0.1225839 0.2246315 0.1504209 0.1327117 0.0242437 0.1599637 0.1719973 0.1466765 0.2202763 0.0583727 0.2222536 0.1863900 0.2043236 0.1068988 0.1437050 0.2363185 0.1465067 
S0292      0.1341042 0.1469006 0.1144771 0.1514814 0.0000000 0.1477519 0.1440857 0.1583761 0.1439476 0.1334281 0.1354140 0.1542896 0.1043511 0.1686023 0.1726832 0.0771607 0.1298958 0.1207035 0.0879900 0.0997150 0.1370750 0.1798881 0.1361148 0.1157016 0.0962931 0.1086719 0.1418407 0.1890596 0.1404529 0.1638297 0.1227488 0.0911137 0.0933140 0.1118663 0.1045038 0.1060779 0.1084976 0.1418400 0.1906538 0.1574821 0.1159590 0.1502900 0.1369701 0.1477051 0.1381838 0.1882643 0.1420596 0.1333277 0.1996231 0.1066860 0.1440380 0.1390911 0.1171010 0.0702703 0.0633093 0.1237405 0.1387944 0.1116909 0.1118663 0.1309156 0.1000468 0.0891381 0.1125704 0.1172155 0.1597129 0.1219252 0.1062529 0.1251313 0.1409657 0.1607610 0.1183479 0.1160153 0.1323746 0.0755157 0.1117355 0.1700561 0.1040513 
S0299      0.1971102 0.2114900 0.1875459 0.0366149 0.1477519 0.0000000 0.1641154 0.0365108 0.1989028 0.1989854 0.2041946 0.0374143 0.1453277 0.1912306 0.1093154 0.1276655 0.1879796 0.1611154 0.1466529 0.1680128 0.1646401 0.2051841 0.1173055 0.1875459 0.1572934 0.1806379 0.1967101 0.1767366 0.0951156 0.1744377 0.1610679 0.1181736 0.1590484 0.1551708 0.1544036 0.1428074 0.1800498 0.1526420 0.2089241 0.2597995 0.1803076 0.2041916 0.0379683 0.0864681 0.0864681 0.2149034 0.1806296 0.2053076 0.1882817 0.1668542 0.2207744 0.1718730 0.1730983 0.1827705 0.1970967 0.0508823 0.2021237 0.1453277 0.1551708 0.0862414 0.1668542 0.2160350 0.1320912 0.1937383 0.0497163 0.1891459 0.1745573 0.1292614 0.2014980 0.1041383 0.2008353 0.1585416 0.2296250 0.1286757 0.1234580 0.2209735 0.1369382 
S0308      0.1125370 0.1436582 0.1182124 0.1485764 0.1440857 0.1641154 0.0000000 0.1178811 0.1465908 0.1513765 0.1303710 0.1455166 0.1032447 0.0597486 0.1298291 0.1298252 0.1409233 0.1322181 0.1181325 0.0844081 0.1191962 0.0665028 0.0906913 0.1340941 0.1043589 0.1202456 0.1996130 0.0739925 0.1162994 0.0467092 0.1896161 0.1610367 0.1567661 0.1110080 0.1699953 0.1725884 0.1824457 0.1546882 0.0664781 0.1424903 0.1343563 0.1647998 0.1115093 0.1504965 0.1411994 0.0725153 0.0308253 0.1350325 0.0808736 0.1251779 0.1308203 0.1105436 0.1183394 0.1192376 0.1733694 0.1176703 0.0993846 0.1100642 0.1110080 0.1341212 0.1194683 0.1736646 0.1056353 0.1215054 0.1562758 0.1337875 0.1170409 0.1462940 0.1436078 0.1403173 0.1845533 0.1273168 0.1816280 0.0845061 0.1128521 0.1798062 0.0989698 
S0320      0.1695420 0.1978495 0.1351646 0.0191977 0.1583761 0.0365108 0.1178811 0.0000000 0.1948218 0.1708307 0.1732284 0.0247664 0.1122120 0.1684950 0.0720347 0.1464356 0.1853086 0.1583105 0.1481204 0.1280095 0.1653043 0.1793056 0.0926380 0.1413966 0.1209976 0.1451011 0.1922588 0.1559835 0.0602630 0.1468919 0.1920316 0.1391749 0.1665187 0.1353056 0.1718261 0.1614983 0.1930029 0.1724881 0.1650883 0.2035625 0.1525175 0.1865920 0.0197514 0.0775162 0.0707363 0.1873256 0.1258138 0.1785599 0.1650497 0.1425526 0.1657476 0.1791906 0.1353274 0.1789422 0.2058245 0.0300816 0.1384167 0.1193345 0.1353056 0.0705834 0.1366595 0.2240162 0.1500341 0.1473086 0.0343885 0.1595481 0.1705797 0.1462919 0.2011336 0.0702955 0.2216502 0.1777384 0.2037847 0.1066252 0.1433333 0.2356873 0.1305345 
S0376      0.1395079 0.1614244 0.1220927 0.1954657 0.1439476 0.1989028 0.1465908 0.1948218 0.0000000 0.1266895 0.1353009 0.1520181 0.1195601 0.1835081 0.2326836 0.0772262 0.1135038 0.1126850 0.1030721 0.1040554 0.0943007 0.1972765 0.1363244 0.1220927 0.1305853 0.0938819 0.1082271 0.1932028 0.2223334 0.1465054 0.1227646 0.1097522 0.1051128 0.1107918 0.1183073 0.1204260 0.1236795 0.1182118 0.1968952 0.1163645 0.1149781 0.1348653 0.1559674 0.2081869 0.2081869 0.1793192 0.1684881 0.1359602 0.1932028 0.1040554 0.1486161 0.1124905 0.0938444 0.1272177 0.1677281 0.1315257 0.1338252 0.1195601 0.1107918 0.1982308 0.1040554 0.1616189 0.1016865 0.1259693 0.1952490 0.1055400 0.0865473 0.1452922 0.1084232 0.2256146 0.1239049 0.1444250 0.1131580 0.1037255 0.1098837 0.0962905 0.1320042 
S0400      0.0992800 0.1299978 0.0304284 0.1556148 0.1334281 0.1989854 0.1513765 0.1708307 0.1266895 0.0000000 0.0428334 0.1773045 0.0775228 0.1713481 0.2026633 0.1308890 0.1460562 0.0733732 0.0870767 0.0221033 0.1011549 0.1819579 0.1176256 0.0360854 0.0854624 0.0253047 0.1737231 0.1576716 0.1575334 0.1282547 0.1744100 0.1392152 0.1569124 0.1110976 0.1469160 0.1491413 0.1601477 0.1563367 0.1819772 0.0715045 0.0307504 0.0804805 0.1330136 0.1957393 0.1850060 0.1897993 0.1314718 0.0478528 0.1667994 0.0250527 0.0487064 0.1192970 0.0538935 0.1453241 0.1663461 0.1163917 0.0416121 0.0838959 0.1110976 0.1772354 0.0200462 0.1754967 0.1269543 0.0422229 0.1633963 0.0360117 0.1010347 0.1629367 0.1503921 0.1755580 0.1765791 0.1506313 0.1427493 0.0845709 0.1346523 0.1666486 0.1199592 
S0405      0.0803941 0.1372369 0.0308141 0.1578075 0.1354140 0.2041946 0.1303710 0.1732284 0.1353009 0.0428334 0.0000000 0.1798630 0.0785456 0.1656071 0.2055744 0.1317409 0.1482534 0.0876682 0.0882690 0.0224116 0.1099921 0.1761348 0.1191980 0.0365483 0.0866108 0.0366454 0.1761883 0.1426512 0.1480219 0.1227550 0.1759424 0.1480164 0.1591304 0.0986514 0.1725309 0.1751916 0.1623616 0.1728625 0.1761800 0.0789991 0.0311442 0.0815816 0.1428128 0.1985721 0.1876621 0.1839717 0.1180759 0.0250927 0.1514657 0.0253678 0.0255162 0.1159478 0.0669363 0.1352716 0.1605985 0.1180191 0.0421480 0.0850059 0.0986514 0.1797854 0.0148799 0.1854379 0.1214940 0.0427744 0.1491829 0.0419993 0.1024240 0.1569908 0.1512919 0.1865179 0.1537053 0.1518252 0.1675757 0.0856980 0.1291477 0.1670744 0.1140877 
S0417      0.2097162 0.1907912 0.1480873 0.0300929 0.1542896 0.0374143 0.1455166 0.0247664 0.1520181 0.1773045 0.1798630 0.0000000 0.1161486 0.1646644 0.0873410 0.1518931 0.2214029 0.1641352 0.1698379 0.1234850 0.1884869 0.1755682 0.1030174 0.1464932 0.1253321 0.1504571 0.1964431 0.1505454 0.0685940 0.1528045 0.2172595 0.1600478 0.1729102 0.1224618 0.1783624 0.1675409 0.2005336 0.1952141 0.1596205 0.2113844 0.1426660 0.2117774 0.0203295 0.0841914 0.0772073 0.1836964 0.1386074 0.1853473 0.1595831 0.1327311 0.1691688 0.1723171 0.1554752 0.1637238 0.2048644 0.0253935 0.1591570 0.1235528 0.1224618 0.0770385 0.1416547 0.2235426 0.1555154 0.1528226 0.0248825 0.1654710 0.1859430 0.1595315 0.2186978 0.0851174 0.2142672 0.1824013 0.2028095 0.1103874 0.1449908 0.2283259 0.1434294 
S0419      0.1014325 0.0712814 0.0637291 0.1124972 0.1043511 0.1453277 0.1032447 0.1122120 0.1195601 0.0775228 0.0785456 0.1161486 0.0000000 0.1342258 0.1378598 0.0970235 0.1162927 0.0895300 0.0775362 0.0519581 0.1105877 0.1433584 0.0870893 0.0702105 0.0095938 0.0703765 0.1412231 0.1274615 0.1160400 0.1094141 0.1343031 0.1178282 0.1204469 0.0245471 0.1326873 0.1346094 0.1358201 0.1411333 0.1435185 0.0958615 0.0585491 0.0795322 0.0861029 0.1464099 0.1374005 0.1504560 0.0912798 0.0835543 0.1355446 0.0577231 0.0787624 0.0829827 0.0634419 0.0770471 0.1351074 0.0851944 0.0766869 0.0047063 0.0245471 0.1305076 0.0525224 0.1353247 0.0949428 0.0774259 0.1193647 0.0700602 0.1098232 0.1260902 0.1511342 0.1365552 0.1446027 0.1081669 0.1359361 0.0352592 0.1016844 0.1650765 0.0763867 
S0430      0.1771100 0.1620221 0.1594079 0.1772579 0.1686023 0.1912306 0.0597486 0.1684950 0.1835081 0.1713481 0.1656071 0.1646644 0.1342258 0.0000000 0.2022654 0.1720640 0.2193262 0.1504599 0.1477221 0.1092112 0.1573587 0.0047263 0.1323525 0.1689938 0.1357645 0.1455325 0.2020401 0.1182698 0.1646236 0.0412061 0.2520939 0.2083919 0.2141745 0.1284418 0.1915622 0.1945775 0.2242036 0.2008357 0.0946758 0.1704498 0.1693029 0.2067838 0.1291980 0.1907124 0.2022784 0.0143892 0.0607644 0.1702309 0.1264526 0.1587487 0.1614755 0.1430399 0.1504316 0.1529363 0.1955732 0.1440361 0.1300477 0.1344709 0.1284418 0.1940146 0.1527790 0.1994014 0.1457939 0.1554981 0.1855882 0.1685978 0.1882484 0.1582432 0.2065372 0.1789372 0.2190393 0.1354971 0.1951129 0.1138418 0.1356892 0.2131124 0.1383209 
S0478      0.1905743 0.2131391 0.1800089 0.0846978 0.1726832 0.1093154 0.1298291 0.0720347 0.2326836 0.2026633 0.2055744 0.0873410 0.1378598 0.2022654 0.0000000 0.1522841 0.2092885 0.1883402 0.1950210 0.1408144 0.1864864 0.1903310 0.1167446 0.1696720 0.1477552 0.1661139 0.2641886 0.1634721 0.0618741 0.1776089 0.2299257 0.2068045 0.1700714 0.1632957 0.1857167 0.1886589 0.1972591 0.2252640 0.1655653 0.1964762 0.1823565 0.2043042 0.0599071 0.0947527 0.0871967 0.2138887 0.1545017 0.2110522 0.1727083 0.1711528 0.1880704 0.1840669 0.1633494 0.1786545 0.2220288 0.0741396 0.1538672 0.1456276 0.1632957 0.0879303 0.1650211 0.2411753 0.1828603 0.1638334 0.0910895 0.1899401 0.2023398 0.2052626 0.2622815 0.0866361 0.2385249 0.1835980 0.2385432 0.1320637 0.1746186 0.2518566 0.1756674 
S0552sl    0.1035481 0.1438355 0.1195460 0.1468213 0.0771607 0.1276655 0.1298252 0.1464356 0.0772262 0.1308890 0.1317409 0.1518931 0.0970235 0.1720640 0.1522841 0.0000000 0.0812217 0.1297226 0.0915321 0.0889306 0.1233033 0.1827614 0.1052967 0.1207498 0.0980685 0.1071480 0.0667987 0.1584427 0.1474248 0.1685039 0.0251612 0.0301705 0.0149368 0.1047452 0.0359400 0.0364001 0.0251695 0.1036151 0.1933501 0.1142160 0.1121596 0.1750159 0.1177855 0.1932754 0.1826687 0.1822592 0.1321211 0.1369939 0.1676749 0.1121596 0.1322185 0.1021753 0.1020430 0.0696855 0.1024576 0.1017622 0.1284695 0.1037783 0.1047452 0.1749736 0.1064480 0.0729825 0.0844931 0.1222305 0.1544420 0.1192728 0.0857080 0.1153034 0.1229557 0.1850551 0.0732313 0.1077021 0.1246164 0.0848940 0.0780705 0.1170529 0.1067681 
S0558      0.0950006 0.2045209 0.1188138 0.2046966 0.1298958 0.1879796 0.1409233 0.1853086 0.1135038 0.1460562 0.1482534 0.2214029 0.1162927 0.2193262 0.2092885 0.0812217 0.0000000 0.1258693 0.0821699 0.1113656 0.0902876 0.2321188 0.1259434 0.1433885 0.1329058 0.1209800 0.1400962 0.1699046 0.1937446 0.1757533 0.0897630 0.0954801 0.1125470 0.1251866 0.1235235 0.1253694 0.1206545 0.1170666 0.2020823 0.1293293 0.1283066 0.1843558 0.1876191 0.2308471 0.2187615 0.2315448 0.1458523 0.1383770 0.1795782 0.1261999 0.1323052 0.1294855 0.1011622 0.1126359 0.1460193 0.1584764 0.1373998 0.1237029 0.1251866 0.2102951 0.1194935 0.1512388 0.1174211 0.1467719 0.2323347 0.1173931 0.0962394 0.1296468 0.0979800 0.2340890 0.1299982 0.1367940 0.1420567 0.1255464 0.1107152 0.1500569 0.1265534 
S0641      0.0983523 0.1588080 0.0717908 0.1587196 0.1207035 0.1611154 0.1322181 0.1583105 0.1126850 0.0733732 0.0876682 0.1641352 0.0895300 0.1504599 0.1883402 0.1297226 0.1258693 0.0000000 0.0802979 0.0459084 0.0879039 0.1601705 0.1177231 0.0786740 0.1039280 0.0661767 0.1809270 0.1324728 0.1301474 0.1241327 0.1570627 0.1529079 0.1485873 0.1240758 0.1456149 0.1478075 0.1737839 0.1768370 0.1451875 0.1063321 0.0726112 0.1104023 0.1236121 0.1982258 0.1876613 0.1755439 0.1271590 0.0799422 0.1405627 0.0654572 0.0945937 0.1041660 0.0714605 0.0956805 0.1561809 0.1063979 0.0667820 0.0960768 0.1240758 0.1800316 0.0600656 0.1822472 0.1120323 0.0803892 0.1663671 0.0784994 0.1211730 0.1614359 0.1645179 0.1783726 0.1677344 0.1412685 0.1357269 0.1034585 0.1193674 0.1565029 0.1188526 
S0689      0.0919378 0.1447760 0.0851496 0.1485143 0.0879900 0.1466529 0.1181325 0.1481204 0.1030721 0.0870767 0.0882690 0.1698379 0.0775362 0.1477221 0.1950210 0.0915321 0.0821699 0.0802979 0.0000000 0.0731500 0.0545102 0.1576226 0.1112315 0.0924603 0.0914531 0.0669601 0.1429117 0.1413159 0.1540656 0.1209239 0.1151984 0.1056049 0.1147545 0.0846024 0.1125272 0.1141477 0.1374490 0.1449829 0.1237169 0.1070837 0.0861450 0.1158415 0.1260967 0.1712521 0.1614853 0.1651732 0.1165337 0.0864405 0.1500615 0.0784909 0.0885346 0.1078501 0.0648341 0.0758248 0.1285677 0.1097179 0.0730303 0.0839187 0.0846024 0.1542312 0.0729769 0.1409394 0.0974577 0.1007096 0.1720033 0.0857580 0.0771872 0.1221845 0.1283186 0.1622558 0.1260477 0.1273165 0.1223486 0.0586271 0.0913415 0.1573244 0.0905989 
S0690      0.0657499 0.0875328 0.0105777 0.1128755 0.0997150 0.1680128 0.0844081 0.1280095 0.1040554 0.0221033 0.0224116 0.1234850 0.0519581 0.1092112 0.1408144 0.0889306 0.1113656 0.0459084 0.0731500 0.0000000 0.0580846 0.1183198 0.0771268 0.0105777 0.0529789 0.0161902 0.1132068 0.1026198 0.1187648 0.0780697 0.1307900 0.0961423 0.1067445 0.0713406 0.1185151 0.1204091 0.1033586 0.1150643 0.1346659 0.0584055 0.0106951 0.0462550 0.0981615 0.1122193 0.1122193 0.1254989 0.0872238 0.0164240 0.1108086 0.0052210 0.0283308 0.0926835 0.0462099 0.1039663 0.1078559 0.0808390 0.0275291 0.0519581 0.0713406 0.1050558 0.0000024 0.1487686 0.0730676 0.0108051 0.1205733 0.0216151 0.0531914 0.0979198 0.0981333 0.1212850 0.1215153 0.0949636 0.1244243 0.0523784 0.0719393 0.1271748 0.0726686 
S0742      0.0848202 0.1686949 0.0988647 0.1657478 0.1370750 0.1646401 0.1191962 0.1653043 0.0943007 0.1011549 0.1099921 0.1884869 0.1105877 0.1573587 0.1864864 0.1233033 0.0902876 0.0879039 0.0545102 0.0580846 0.0000000 0.1676721 0.1116007 0.1066068 0.1262263 0.0736341 0.1691225 0.1433513 0.1493553 0.1371787 0.1503945 0.1219317 0.1419745 0.1261677 0.1281625 0.1300530 0.1506694 0.1493039 0.1437337 0.0939614 0.1000440 0.1319371 0.1424007 0.2001751 0.1894154 0.1672054 0.1328842 0.1064041 0.1522515 0.0918862 0.1175487 0.1228658 0.0849909 0.1025882 0.1929190 0.1251124 0.0868263 0.1175946 0.1261677 0.1816630 0.0790866 0.1847154 0.1001484 0.1016016 0.1902404 0.0995985 0.0853330 0.1651839 0.1471182 0.1799709 0.1499522 0.1506849 0.1599152 0.1050742 0.0934182 0.1701476 0.1256024 
S0748      0.1878345 0.1722728 0.1694482 0.1883680 0.1798881 0.2051841 0.0665028 0.1793056 0.1972765 0.1819579 0.1761348 0.1755682 0.1433584 0.0047263 0.1903310 0.1827614 0.2321188 0.1601705 0.1576226 0.1183198 0.1676721 0.0000000 0.1413235 0.1794251 0.1450339 0.1552208 0.2138523 0.1272621 0.1663559 0.0472563 0.2657209 0.2203500 0.2265150 0.1374855 0.2029935 0.2062315 0.2368979 0.2122762 0.1027626 0.1810032 0.1797477 0.2186211 0.1387844 0.1925971 0.2043208 0.0195355 0.0676557 0.1807699 0.1357547 0.1687426 0.1716835 0.1442785 0.1601521 0.1491967 0.2073466 0.1540587 0.1392486 0.1436216 0.1374855 0.2059874 0.1626819 0.2110718 0.1555389 0.1656172 0.1969581 0.1790008 0.1993992 0.1686341 0.2187077 0.1806608 0.2317704 0.1447455 0.2064461 0.1224196 0.1449844 0.2011263 0.1478383 
S0753      0.1296853 0.1540827 0.0883296 0.1067702 0.1361148 0.1173055 0.0906913 0.0926380 0.1363244 0.1176256 0.1191980 0.1030174 0.0870893 0.1323525 0.1167446 0.1052967 0.1259434 0.1177231 0.1112315 0.0771268 0.1116007 0.1413235 0.0000000 0.1089463 0.1010232 0.0897758 0.1598426 0.1215070 0.0918250 0.1010232 0.1446243 0.1409074 0.1222681 0.1074469 0.1492224 0.1514257 0.1454375 0.1360536 0.1295440 0.1377566 0.1025888 0.1321264 0.0806223 0.1290769 0.1314549 0.1409489 0.0989293 0.1242567 0.1295164 0.0946425 0.1126309 0.1105264 0.0884045 0.1096928 0.1528969 0.0732618 0.1031162 0.0872006 0.1074469 0.1245737 0.0892117 0.1522893 0.1158308 0.1041322 0.1136153 0.1087052 0.1102181 0.1504250 0.1449812 0.1306336 0.1701849 0.1375082 0.1604957 0.0818488 0.1198712 0.1833368 0.1027408 
S0756      0.0910598 0.1282686 0.0247501 0.1274255 0.1157016 0.1875459 0.1340941 0.1413966 0.1220927 0.0360854 0.0365483 0.1464932 0.0702105 0.1689938 0.1696720 0.1207498 0.1433885 0.0786740 0.0924603 0.0105777 0.1066068 0.1794251 0.1089463 0.0000000 0.0716183 0.0302606 0.1547743 0.1539706 0.1352205 0.1336894 0.1541543 0.1287168 0.1388699 0.1026110 0.1516845 0.1539560 0.1272496 0.1600791 0.1876579 0.0706196 0.0250062 0.0728104 0.1138135 0.1631476 0.1536381 0.1871577 0.1207813 0.0414880 0.1628692 0.0195656 0.0422112 0.1198047 0.0590468 0.1220342 0.1476930 0.0918280 0.0466417 0.0763684 0.1026110 0.1465076 0.0146749 0.1714184 0.1110003 0.0306288 0.1345487 0.0408006 0.0861434 0.1447335 0.1400306 0.1527049 0.1572563 0.1399142 0.1474552 0.0708791 0.1182517 0.1704661 0.1043292 
S0760      0.1101612 0.0662851 0.0709825 0.1148939 0.0962931 0.1572934 0.1043589 0.1209976 0.1305853 0.0854624 0.0866108 0.1253321 0.0095938 0.1357645 0.1477552 0.0980685 0.1329058 0.1039280 0.0914531 0.0529789 0.1262263 0.1450339 0.1010232 0.0716183 0.0000000 0.0779484 0.1429146 0.1375308 0.1186342 0.1185236 0.1358432 0.1128401 0.1218100 0.0354048 0.1341895 0.1361538 0.1373893 0.1426944 0.1611789 0.0909180 0.0656829 0.0938902 0.0940716 0.1496542 0.1404131 0.1522220 0.0930095 0.0917062 0.1459756 0.0647331 0.0868649 0.0970304 0.0763101 0.0863669 0.1189362 0.0930626 0.0904164 0.0145349 0.0354048 0.1333707 0.0594033 0.1368886 0.0959430 0.0724344 0.1219117 0.0833758 0.1048781 0.1275144 0.1529088 0.1395383 0.1463059 0.1093278 0.1374459 0.0355883 0.1027699 0.1670219 0.0771713 
S0763      0.0848068 0.1138366 0.0248162 0.1307392 0.1086719 0.1806379 0.1202456 0.1451011 0.0938819 0.0253047 0.0366454 0.1504571 0.0703765 0.1455325 0.1661139 0.1071480 0.1209800 0.0661767 0.0669601 0.0161902 0.0736341 0.1552208 0.0897758 0.0302606 0.0779484 0.0000000 0.1475318 0.1317438 0.1288542 0.1056975 0.1472761 0.1148275 0.1244823 0.0900219 0.1220209 0.1238193 0.1281663 0.1457070 0.1475736 0.0586263 0.0250733 0.0729873 0.1094505 0.1676277 0.1577963 0.1503772 0.0997989 0.0415950 0.1401417 0.0196174 0.0423216 0.0996188 0.0474248 0.1151261 0.1405186 0.0941142 0.0356184 0.0765459 0.0900219 0.1504624 0.0147152 0.1716734 0.0979428 0.0361309 0.1380644 0.0409045 0.0736288 0.1377119 0.1182286 0.1490021 0.1420850 0.1331405 0.1405783 0.0651063 0.1049293 0.1551619 0.0980320 
S0771      0.2070722 0.2046332 0.1454533 0.2017261 0.1418407 0.1967101 0.1996130 0.1922588 0.1082271 0.1737231 0.1761883 0.1964431 0.1412231 0.2020401 0.2641886 0.0667987 0.1400962 0.1809270 0.1429117 0.1132068 0.1691225 0.2138523 0.1598426 0.1547743 0.1429146 0.1475318 0.0000000 0.2570307 0.2085364 0.2076544 0.1223873 0.0963682 0.0971894 0.1511783 0.0921314 0.0934357 0.0725410 0.1966264 0.2579941 0.1646802 0.1431689 0.2162496 0.1680541 0.2578037 0.2447803 0.2222723 0.1941002 0.1725828 0.2691552 0.1449088 0.1550966 0.2078476 0.1530318 0.1253912 0.2024075 0.1486025 0.1560180 0.1491678 0.1511783 0.2358464 0.1293312 0.1564438 0.1566881 0.1414161 0.2105914 0.1543419 0.1356551 0.1806116 0.1754685 0.2433256 0.1470909 0.1643232 0.1547947 0.1271930 0.1735691 0.2179853 0.1489601 
S0888      0.1381606 0.1604556 0.1294404 0.1572942 0.1890596 0.1767366 0.0739925 0.1559835 0.1932028 0.1576716 0.1426512 0.1505454 0.1274615 0.1182698 0.1634721 0.1584427 0.1699046 0.1324728 0.1413159 0.1026198 0.1433513 0.1272621 0.1215070 0.1539706 0.1375308 0.1317438 0.2570307 0.0000000 0.1337715 0.0740748 0.2246078 0.1679061 0.2057018 0.1049355 0.1853286 0.1882553 0.2155484 0.1580574 0.0476512 0.1718482 0.1466118 0.2072870 0.1225014 0.1835309 0.1732830 0.1344864 0.0690220 0.1557852 0.0000022 0.1367828 0.1431780 0.1185481 0.1591655 0.1623802 0.2077998 0.1315340 0.1425312 0.1348825 0.1049355 0.1657708 0.1233669 0.1869736 0.1163177 0.1574942 0.1651652 0.1451649 0.1398785 0.1757954 0.1962996 0.1859323 0.2125631 0.1708218 0.2068077 0.1218109 0.1217764 0.1986027 0.1313111 
S0894      0.1433169 0.1639248 0.1352205 0.0471965 0.1404529 0.0951156 0.1162994 0.0602630 0.2223334 0.1575334 0.1480219 0.0685940 0.1160400 0.1646236 0.0618741 0.1474248 0.1937446 0.1301474 0.1540656 0.1187648 0.1493553 0.1663559 0.0918250 0.1352205 0.1186342 0.1288542 0.2085364 0.1337715 0.0000000 0.1248464 0.2010310 0.1561054 0.1709320 0.1245298 0.1741853 0.1622887 0.1917813 0.1674920 0.1705847 0.1704886 0.1371615 0.1573570 0.0626329 0.0054217 0.0054217 0.1852416 0.1288336 0.1487058 0.1432965 0.1262601 0.1608315 0.1422755 0.1238834 0.1671472 0.1865874 0.0613783 0.1465524 0.1160400 0.1245298 0.0166204 0.1180440 0.2225420 0.1235969 0.1263596 0.0670827 0.1533098 0.1452818 0.1373867 0.1873662 0.0168630 0.1867552 0.1556330 0.2035485 0.1013115 0.1315147 0.2030841 0.1278582 
S0952      0.1336704 0.1438070 0.1110452 0.1481207 0.1638297 0.1744377 0.0467092 0.1468919 0.1465054 0.1282547 0.1227550 0.1528045 0.1094141 0.0412061 0.1776089 0.1685039 0.1757533 0.1241327 0.1209239 0.0780697 0.1371787 0.0472563 0.1010232 0.1336894 0.1185236 0.1056975 0.2076544 0.0740748 0.1248464 0.0000000 0.2343266 0.1860756 0.1985050 0.1105486 0.1945193 0.1975094 0.2265816 0.1864433 0.0539884 0.1501407 0.1268180 0.1748606 0.1179869 0.1513453 0.1613766 0.0586269 0.0308063 0.1351949 0.0809676 0.1178896 0.1231670 0.1241734 0.1240878 0.1285809 0.1735877 0.1241657 0.1050824 0.1096118 0.1105486 0.1538766 0.1122149 0.1988224 0.1341582 0.1288224 0.1558030 0.1404502 0.1507200 0.1456891 0.1729596 0.1604385 0.2203032 0.1498682 0.1889447 0.1039674 0.1247087 0.1964280 0.1194527 
S0956      0.1282194 0.1884797 0.1606391 0.1925484 0.1227488 0.1610679 0.1896161 0.1920316 0.1227646 0.1744100 0.1759424 0.2172595 0.1343031 0.2520939 0.2299257 0.0251612 0.0897630 0.1570627 0.1151984 0.1307900 0.1503945 0.2657209 0.1446243 0.1541543 0.1358432 0.1472761 0.1223873 0.2246078 0.2010310 0.2343266 0.0000000 0.0526198 0.0611174 0.1513246 0.0853558 0.0865530 0.0596155 0.1422947 0.2652501 0.1637066 0.1423260 0.2059737 0.1765512 0.2649962 0.2521193 0.2649763 0.1932421 0.1652517 0.2356091 0.1522907 0.1766653 0.1347906 0.1400008 0.0949090 0.1485432 0.1494183 0.1714996 0.1418454 0.1513246 0.2433336 0.1463074 0.1322582 0.1353059 0.1514278 0.2183407 0.1506753 0.1227918 0.1482002 0.1716927 0.2687107 0.0926393 0.1636562 0.1707338 0.1359699 0.1139454 0.1439215 0.1622361 
S0959      0.1119167 0.1532078 0.1274138 0.1248354 0.0911137 0.1181736 0.1610367 0.1391749 0.1097522 0.1392152 0.1480164 0.1600478 0.1178282 0.2083919 0.2068045 0.0301705 0.0954801 0.1529079 0.1056049 0.0961423 0.1219317 0.2203500 0.1409074 0.1287168 0.1128401 0.1148275 0.0963682 0.1679061 0.1561054 0.1860756 0.0526198 0.0000000 0.0599921 0.1337901 0.0520595 0.0527337 0.0586933 0.1042939 0.2302575 0.1297003 0.1110887 0.2014158 0.1252032 0.2032419 0.1923283 0.2197443 0.1484840 0.1532978 0.1774003 0.1198432 0.1485796 0.1394425 0.1227086 0.0836372 0.1421329 0.1235806 0.1593697 0.1249742 0.1337901 0.1844859 0.1061119 0.1146935 0.0979268 0.1303108 0.1470618 0.1428784 0.0862736 0.1167073 0.1564032 0.2059618 0.0778453 0.1296540 0.1517221 0.1050654 0.0983507 0.1476970 0.1118487 
S0960      0.1349778 0.1643936 0.1374247 0.1669652 0.0933140 0.1590484 0.1567661 0.1665187 0.1051128 0.1569124 0.1591304 0.1729102 0.1204469 0.2141745 0.1700714 0.0149368 0.1125470 0.1485873 0.1147545 0.1067445 0.1419745 0.2265150 0.1222681 0.1388699 0.1218100 0.1244823 0.0971894 0.2057018 0.1709320 0.1985050 0.0611174 0.0599921 0.0000000 0.1442138 0.0530438 0.0596469 0.0367340 0.1344105 0.2262986 0.1476373 0.1391458 0.1972808 0.1362806 0.2167684 0.2053276 0.2258830 0.1596691 0.1644892 0.2162062 0.1295479 0.1597605 0.1495275 0.1097903 0.0988106 0.1286071 0.1190300 0.1551153 0.1277554 0.1442138 0.1972081 0.1236560 0.1101345 0.1000556 0.1406267 0.1750235 0.1460610 0.0946877 0.1340366 0.1599881 0.2197299 0.1045879 0.1399164 0.1594754 0.1005434 0.0932535 0.1587852 0.1240824 
S1083      0.1224079 0.0886019 0.0952320 0.1356544 0.1118663 0.1551708 0.1110080 0.1353056 0.1107918 0.1110976 0.0986514 0.1224618 0.0245471 0.1284418 0.1632957 0.1047452 0.1251866 0.1240758 0.0846024 0.0713406 0.1261677 0.1374855 0.1074469 0.1026110 0.0354048 0.0900219 0.1511783 0.1049355 0.1245298 0.1105486 0.1513246 0.1337901 0.1442138 0.0000000 0.1493683 0.1515761 0.1447671 0.1498031 0.1345919 0.1166508 0.0898780 0.1142084 0.1076133 0.1597499 0.1504706 0.1445750 0.0987978 0.1037044 0.1124048 0.0885554 0.0989565 0.0693382 0.0948111 0.0852994 0.1446847 0.0987203 0.0962918 0.0297510 0.0000010 0.1434854 0.0768232 0.1599709 0.1023810 0.1109675 0.1429521 0.0828877 0.1177605 0.1201497 0.1370933 0.1539464 0.1427355 0.1302575 0.1373845 0.0523090 0.1075417 0.1622417 0.0900274 
S1128      0.1555947 0.1610991 0.1501011 0.1722817 0.1045038 0.1544036 0.1699953 0.1718261 0.1183073 0.1469160 0.1725309 0.1783624 0.1326873 0.1915622 0.1857167 0.0359400 0.1235235 0.1456149 0.1125272 0.1185151 0.1281625 0.2029935 0.1492224 0.1516845 0.1341895 0.1220209 0.0921314 0.1853286 0.1741853 0.1945193 0.0853558 0.0520595 0.0530438 0.1493683 0.0000000 0.0095861 0.0590745 0.1254048 0.2125826 0.1446945 0.1519721 0.2115441 0.1338111 0.2221785 0.2107005 0.2024331 0.1650124 0.1690541 0.1952560 0.1420757 0.1732245 0.1557801 0.1092273 0.1123206 0.1579342 0.1243595 0.1520277 0.1401162 0.1493683 0.2025948 0.1268510 0.1225890 0.1052002 0.1535943 0.1803278 0.1512671 0.0928541 0.1393448 0.1573874 0.2160408 0.1069373 0.1226928 0.1563542 0.1125750 0.1193639 0.1564603 0.1258065 
S1129sl    0.1578895 0.1635434 0.1523268 0.1619218 0.1060779 0.1428074 0.1725884 0.1614983 0.1204260 0.1491413 0.1751916 0.1675409 0.1346094 0.1945775 0.1886589 0.0364001 0.1253694 0.1478075 0.1141477 0.1204091 0.1300530 0.2062315 0.1514257 0.1539560 0.1361538 0.1238193 0.0934357 0.1882553 0.1622887 0.1975094 0.0865530 0.0527337 0.0596469 0.1515761 0.0095861 0.0000000 0.0598618 0.1168801 0.2159698 0.1468645 0.1542494 0.2149100 0.1245860 0.2099771 0.1989621 0.2056566 0.1594272 0.1716256 0.1983618 0.1441693 0.1759071 0.1581581 0.1177803 0.1143732 0.1603821 0.1155256 0.1543108 0.1421560 0.1515761 0.1818838 0.1286994 0.1244079 0.0972505 0.1559188 0.1697289 0.1535281 0.1082376 0.1300664 0.1474426 0.2039140 0.1084874 0.1245137 0.1586660 0.1141978 0.1109552 0.1588601 0.1276286 
S1189      0.1509808 0.1905016 0.1408799 0.1935225 0.1084976 0.1800498 0.1824457 0.1930029 0.1236795 0.1601477 0.1623616 0.2005336 0.1358201 0.2242036 0.1972591 0.0251695 0.1206545 0.1737839 0.1374490 0.1033586 0.1506694 0.2368979 0.1454375 0.1272496 0.1373893 0.1281663 0.0725410 0.2155484 0.1917813 0.2265816 0.0596155 0.0586933 0.0367340 0.1447671 0.0590745 0.0598618 0.0000000 0.1423006 0.2568669 0.1434378 0.1239959 0.1999791 0.1612629 0.2469034 0.2345441 0.2362360 0.1859182 0.1591118 0.2263094 0.1331090 0.1629949 0.1666849 0.1407802 0.0956608 0.1531691 0.1427230 0.1583544 0.1434307 0.1447671 0.2259957 0.1200480 0.1330417 0.1072973 0.1440993 0.2020111 0.1341130 0.1088451 0.1422385 0.1688064 0.2503389 0.1020739 0.1481657 0.1716055 0.1223897 0.1146370 0.1848133 0.1400914 
S1201sl    0.1463177 0.1946921 0.1584425 0.1729324 0.1418400 0.1526420 0.1546882 0.1724881 0.1182118 0.1563367 0.1728625 0.1952141 0.1411333 0.2008357 0.2252640 0.1036151 0.1170666 0.1768370 0.1449829 0.1150643 0.1493039 0.2122762 0.1360536 0.1600791 0.1426944 0.1457070 0.1966264 0.1580574 0.1674920 0.1864433 0.1422947 0.1042939 0.1344105 0.1498031 0.1254048 0.1168801 0.1423006 0.0000000 0.2208612 0.1540530 0.1603671 0.2107315 0.1581010 0.2224129 0.2198902 0.2117844 0.1498506 0.1859750 0.1568896 0.1504999 0.1815393 0.1710492 0.1294528 0.1090750 0.1364749 0.1405676 0.1764578 0.1338159 0.1498031 0.2193758 0.1373674 0.1321940 0.0567655 0.1620426 0.1807581 0.1373585 0.1361350 0.0834838 0.0977716 0.2186385 0.1596352 0.1387175 0.1654474 0.1213401 0.0690048 0.1535923 0.1241152 
S1210      0.1707032 0.1772108 0.1609331 0.1826963 0.1906538 0.2089241 0.0664781 0.1650883 0.1968952 0.1819772 0.1761800 0.1596205 0.1435185 0.0946758 0.1655653 0.1933501 0.2020823 0.1451875 0.1237169 0.1346659 0.1437337 0.1027626 0.1295440 0.1876579 0.1611789 0.1475736 0.2579941 0.0476512 0.1705847 0.0539884 0.2652501 0.2302575 0.2262986 0.1345919 0.2125826 0.2159698 0.2568669 0.2208612 0.0000000 0.1893125 0.1797765 0.2036838 0.1231273 0.2028914 0.1920273 0.1095145 0.0676272 0.1899294 0.0536998 0.1688165 0.1768903 0.1404643 0.1602583 0.1606430 0.2117984 0.1399781 0.1355466 0.1512708 0.1345919 0.1842166 0.1627799 0.2121270 0.1480770 0.1828136 0.1909810 0.1790328 0.1900061 0.2134102 0.2075144 0.1968064 0.2427360 0.1984929 0.1940618 0.1199469 0.1378075 0.2171968 0.1365365 
S1211      0.0857014 0.1283442 0.0700006 0.1874869 0.1574821 0.2597995 0.1424903 0.2035625 0.1163645 0.0715045 0.0789991 0.2113844 0.0958615 0.1704498 0.1964762 0.1142160 0.1293293 0.1063321 0.1070837 0.0584055 0.0939614 0.1810032 0.1377566 0.0706196 0.0909180 0.0586263 0.1646802 0.1718482 0.1704886 0.1501407 0.1637066 0.1297003 0.1476373 0.1166508 0.1446945 0.1468645 0.1434378 0.1540530 0.1893125 0.0000000 0.0647634 0.1284909 0.1635788 0.2311412 0.2194146 0.1805098 0.1382578 0.0904242 0.1812516 0.0638379 0.0856287 0.1063980 0.0717674 0.1544298 0.1909800 0.1455586 0.0829009 0.1025161 0.1166508 0.2111968 0.0585728 0.1570045 0.1187357 0.0637364 0.1957312 0.0888152 0.0933553 0.1859909 0.1335967 0.2005771 0.1395275 0.1641926 0.1341606 0.1033661 0.1262067 0.1641262 0.1405597 
S1227      0.0784832 0.1285256 0.0196890 0.1379700 0.1159590 0.1803076 0.1343563 0.1525175 0.1149781 0.0307504 0.0311442 0.1426660 0.0585491 0.1693029 0.1823565 0.1121596 0.1283066 0.0726112 0.0861450 0.0106951 0.1000440 0.1797477 0.1025888 0.0250062 0.0656829 0.0250733 0.1431689 0.1466118 0.1371615 0.1268180 0.1423260 0.1110887 0.1391458 0.0898780 0.1519721 0.1542494 0.1239959 0.1603671 0.1797765 0.0647634 0.0000000 0.0667899 0.1238065 0.1756286 0.1655821 0.1874869 0.1222571 0.0360889 0.1553460 0.0047875 0.0367144 0.1062317 0.0533614 0.0936078 0.1479819 0.1007478 0.0412173 0.0645123 0.0898780 0.1581545 0.0097285 0.1717331 0.1112294 0.0307079 0.1306648 0.0354948 0.0863369 0.1450145 0.1403098 0.1645695 0.1372501 0.1401819 0.1365899 0.0710410 0.1184920 0.1707776 0.1045488 
S1235sl    0.1317187 0.1654638 0.0660350 0.2042479 0.1502900 0.2041916 0.1647998 0.1865920 0.1348653 0.0804805 0.0815816 0.2117774 0.0795322 0.2067838 0.2043042 0.1750159 0.1843558 0.1104023 0.1158415 0.0462550 0.1319371 0.2186211 0.1321264 0.0728104 0.0938902 0.0729873 0.2162496 0.2072870 0.1573570 0.1748606 0.2059737 0.2014158 0.1972808 0.1142084 0.2115441 0.2149100 0.1999791 0.2107315 0.2036838 0.1284909 0.0667899 0.0000000 0.1569369 0.2158020 0.2200720 0.2270167 0.1840665 0.0867744 0.2176003 0.0597764 0.0884340 0.1487707 0.0812438 0.1125863 0.1923910 0.1438640 0.0536506 0.0796390 0.1142084 0.2115828 0.0543849 0.2110102 0.1435082 0.0803770 0.2130047 0.0726485 0.1491693 0.1854848 0.1902460 0.2187471 0.2199937 0.1879644 0.1830785 0.0984252 0.1585064 0.2182503 0.1356339 
S1239      0.1705369 0.1576120 0.1222901 0.0197979 0.1369701 0.0379683 0.1115093 0.0197514 0.1559674 0.1330136 0.1428128 0.0203295 0.0861029 0.1291980 0.0599071 0.1177855 0.1876191 0.1236121 0.1260967 0.0981615 0.1424007 0.1387844 0.0806223 0.1138135 0.0940716 0.1094505 0.1680541 0.1225014 0.0626329 0.1179869 0.1765512 0.1252032 0.1362806 0.1076133 0.1338111 0.1245860 0.1612629 0.1581010 0.1231273 0.1635788 0.1238065 0.1569369 0.0000000 0.0802936 0.0732291 0.1462941 0.0964093 0.1481747 0.1306201 0.1147082 0.1433574 0.1487298 0.1144543 0.1401169 0.1727750 0.0149086 0.1064543 0.0928047 0.1076133 0.0730654 0.1088739 0.1900300 0.1217986 0.1184969 0.0249496 0.1305396 0.1567705 0.1333369 0.1760786 0.0659877 0.1880884 0.1552195 0.1720825 0.0807153 0.1294955 0.2019473 0.1175073 
S1245      0.1893065 0.1998902 0.1733580 0.0651943 0.1477051 0.0864681 0.1504965 0.0775162 0.2081869 0.1957393 0.1985721 0.0841914 0.1464099 0.1907124 0.0947527 0.1932754 0.2308471 0.1982258 0.1712521 0.1122193 0.2001751 0.1925971 0.1290769 0.1631476 0.1496542 0.1676277 0.2578037 0.1835309 0.0054217 0.1513453 0.2649962 0.2032419 0.2167684 0.1597499 0.2221785 0.2099771 0.2469034 0.2224129 0.2028914 0.2311412 0.1756286 0.2158020 0.0802936 0.0000000 0.0046952 0.2109107 0.1568382 0.1944578 0.1933717 0.1645695 0.1994356 0.1799649 0.1597982 0.1549319 0.2356437 0.0722970 0.1767633 0.1466827 0.1597499 0.0143531 0.1584122 0.2460689 0.1806379 0.1703047 0.0839363 0.1999473 0.1895770 0.1853020 0.2402645 0.0252410 0.2586655 0.1850118 0.2403612 0.1405649 0.1643576 0.2721184 0.1854321 
S1246      0.1789947 0.1892025 0.1634693 0.0587415 0.1381838 0.0864681 0.1411994 0.0707363 0.2081869 0.1850060 0.1876621 0.0772073 0.1374005 0.2022784 0.0871967 0.1826687 0.2187615 0.1876613 0.1614853 0.1122193 0.1894154 0.2043208 0.1314549 0.1536381 0.1404131 0.1577963 0.2447803 0.1732830 0.0054217 0.1613766 0.2521193 0.1923283 0.2053276 0.1504706 0.2107005 0.1989621 0.2345441 0.2198902 0.1920273 0.2194146 0.1655821 0.2200720 0.0732291 0.0046952 0.0000000 0.2232197 0.1470747 0.1837865 0.1827951 0.1549483 0.1884586 0.1699436 0.1505069 0.1549319 0.2233029 0.0655759 0.1666254 0.1451358 0.1504706 0.0094223 0.1488717 0.2337060 0.1786474 0.1602786 0.0769801 0.1892486 0.1792508 0.1832131 0.2374463 0.0198631 0.2458354 0.1829254 0.2283677 0.1316237 0.1743137 0.2591345 0.1750308 
S1249      0.1873998 0.1718036 0.1769831 0.1965209 0.1882643 0.2149034 0.0725153 0.1873256 0.1793192 0.1897993 0.1839717 0.1836964 0.1504560 0.0143892 0.2138887 0.1822592 0.2315448 0.1755439 0.1651732 0.1254989 0.1672054 0.0195355 0.1409489 0.1871577 0.1522220 0.1503772 0.2222723 0.1344864 0.1852416 0.0586269 0.2649763 0.2197443 0.2258830 0.1445750 0.2024331 0.2056566 0.2362360 0.2117844 0.1095145 0.1805098 0.1874869 0.2270167 0.1462941 0.2109107 0.2232197 0.0000000 0.0731022 0.1885704 0.1431349 0.1762495 0.1793235 0.1598815 0.1675361 0.1649616 0.2158858 0.1617420 0.1464456 0.1507305 0.1445750 0.2145980 0.1701809 0.2104907 0.1551803 0.1732509 0.2052186 0.1867164 0.1988567 0.1765212 0.2181769 0.1983595 0.2311122 0.1519858 0.2145888 0.1292987 0.1446553 0.2248494 0.1552605 
S1260      0.1217310 0.1149394 0.1064426 0.1268796 0.1420596 0.1806296 0.0308253 0.1258138 0.1684881 0.1314718 0.1180759 0.1386074 0.0912798 0.0607644 0.1545017 0.1321211 0.1458523 0.1271590 0.1165337 0.0872238 0.1328842 0.0676557 0.0989293 0.1207813 0.0930095 0.0997989 0.1941002 0.0690220 0.1288336 0.0308063 0.1932421 0.1484840 0.1596691 0.0987978 0.1650124 0.1594272 0.1859182 0.1498506 0.0676272 0.1382578 0.1222571 0.1840665 0.0964093 0.1568382 0.1470747 0.0731022 0.0000000 0.1306517 0.0759066 0.1133290 0.1184710 0.1195043 0.1271149 0.1232083 0.1497969 0.1112163 0.1076504 0.0979673 0.0987978 0.1396322 0.1075770 0.1769525 0.1005828 0.1167961 0.1343049 0.1359970 0.1308680 0.1333020 0.1474057 0.1342395 0.1881165 0.1297382 0.1764005 0.0792697 0.1077982 0.1831930 0.0936451 
S1278      0.0920308 0.1424096 0.0357090 0.1631496 0.1333277 0.2053076 0.1350325 0.1785599 0.1359602 0.0478528 0.0250927 0.1853473 0.0835543 0.1702309 0.2110522 0.1369939 0.1383770 0.0799422 0.0864405 0.0164240 0.1064041 0.1807699 0.1242567 0.0414880 0.0917062 0.0415950 0.1725828 0.1557852 0.1487058 0.1351949 0.1652517 0.1532978 0.1644892 0.1037044 0.1690541 0.1716256 0.1591118 0.1859750 0.1899294 0.0904242 0.0360889 0.0867744 0.1481747 0.1944578 0.1837865 0.1885704 0.1306517 0.0000000 0.1648107 0.0302397 0.0304181 0.1211386 0.0719958 0.1359324 0.1660059 0.1233106 0.0470947 0.0900214 0.1037044 0.1760518 0.0252064 0.1994265 0.1338322 0.0477885 0.1710361 0.0469287 0.1003102 0.1623072 0.1493582 0.1826742 0.1672883 0.1416421 0.1727644 0.0907533 0.1416738 0.1646644 0.1192235 
S1315      0.1466951 0.1694413 0.1376713 0.1664407 0.1996231 0.1882817 0.0808736 0.1650497 0.1932028 0.1667994 0.1514657 0.1595831 0.1355446 0.1264526 0.1727083 0.1676749 0.1795782 0.1405627 0.1500615 0.1108086 0.1522515 0.1357547 0.1295164 0.1628692 0.1459756 0.1401417 0.2691552 0.0000022 0.1432965 0.0809676 0.2356091 0.1774003 0.2162062 0.1124048 0.1952560 0.1983618 0.2263094 0.1568896 0.0536998 0.1812516 0.1553460 0.2176003 0.1306201 0.1933717 0.1827951 0.1431349 0.0759066 0.1648107 0.0000000 0.1451827 0.1520417 0.1263250 0.1680816 0.1623802 0.2184610 0.1399468 0.1509896 0.1431441 0.1124048 0.1751199 0.1315251 0.1854948 0.1243427 0.1666141 0.1744903 0.1538146 0.1485041 0.1854875 0.2065958 0.1959304 0.2231880 0.1801768 0.2170646 0.1298482 0.1298361 0.2087000 0.1397106 
S1369      0.0773232 0.1194605 0.0144473 0.1284472 0.1066860 0.1668542 0.1251779 0.1425526 0.1040554 0.0250527 0.0253678 0.1327311 0.0577231 0.1587487 0.1711528 0.1121596 0.1261999 0.0654572 0.0784909 0.0052210 0.0918862 0.1687426 0.0946425 0.0195656 0.0647331 0.0196174 0.1449088 0.1367828 0.1262601 0.1178896 0.1522907 0.1198432 0.1295479 0.0885554 0.1420757 0.1441693 0.1331090 0.1504999 0.1688165 0.0638379 0.0047875 0.0597764 0.1147082 0.1645695 0.1549483 0.1762495 0.1133290 0.0302397 0.1451827 0.0000000 0.0307522 0.1046057 0.0469313 0.1039663 0.1380167 0.0925115 0.0352614 0.0635947 0.0885554 0.1477465 0.0047590 0.1609921 0.1028743 0.0250181 0.1213742 0.0297531 0.0786735 0.1353015 0.1306090 0.1540013 0.1471880 0.1308752 0.1381778 0.0640719 0.1098683 0.1601438 0.0963998 
S1370      0.0848493 0.1377341 0.0308527 0.1584287 0.1440380 0.2207744 0.1308203 0.1657476 0.1486161 0.0487064 0.0255162 0.1691688 0.0787624 0.1614755 0.1880704 0.1322185 0.1323052 0.0945937 0.0885346 0.0283308 0.1175487 0.1716835 0.1126309 0.0422112 0.0868649 0.0423216 0.1550966 0.1431780 0.1608315 0.1231670 0.1766653 0.1485796 0.1597605 0.0989565 0.1732245 0.1759071 0.1629949 0.1815393 0.1768903 0.0856287 0.0367144 0.0884340 0.1433574 0.1994356 0.1884586 0.1793235 0.1184710 0.0304181 0.1520417 0.0307522 0.0000000 0.1163425 0.0671099 0.1486240 0.1694032 0.1184314 0.0479223 0.0852493 0.0989565 0.1805400 0.0256338 0.1948341 0.1291347 0.0486401 0.1663584 0.0477503 0.0958480 0.1576041 0.1529972 0.1873062 0.1624984 0.1330202 0.1682290 0.0859462 0.1369885 0.1760024 0.1074755 
