99
PAFTOL_019361 0.0000000 0.2801653 0.2527608 0.2487188 0.2703090 0.2639094 0.2927665 0.3459098 0.3142088 0.2815192 0.2737052 0.2846405 0.2347019 0.2559984 0.2547400 0.2920500 0.2934846 0.2444283 0.2942326 0.3351410 0.2945154 0.2715087 0.2856890 0.2788702 0.3294780 0.2751639 0.2669872 0.2697764 0.2312952 0.2461350 0.2579645 0.2742103 0.2811429 0.2581027 0.2662163 0.2586113 0.2521975 0.2642386 0.3372011 0.3012633 0.2693726 0.3256516 0.3182545 0.2585788 0.2683254 0.2689854 0.2735163 0.2758991 0.2736825 0.2904115 0.2890810 0.2842399 0.2731505 0.2589751 0.2978147 0.2482699 0.3230507 0.2475707 0.2646201 0.2950705 0.2928411 0.2815775 0.2534057 0.2900237 0.2719324 0.3221928 0.2905086 0.2779788 0.2593680 0.2688666 0.2462588 0.2691217 0.2631417 0.3063393 0.2625288 0.2864420 0.3156911 0.2589556 0.2475875 0.3048181 0.2325743 0.2462285 0.2681785 0.2609612 0.2653330 0.3078282 0.3016976 0.2792761 0.2481023 0.2524255 0.2765671 0.3025449 0.2819097 0.2748022 0.3152966 0.2273904 0.2556993 0.2908536 0.2453013 
S0055         0.2801653 0.0000000 0.1101558 0.0832160 0.1543045 0.1527222 0.1025429 0.1074797 0.1896848 0.1596572 0.1201080 0.1518467 0.1198614 0.0803672 0.0857221 0.1093548 0.1809379 0.1218159 0.1161852 0.1691486 0.1458008 0.1472955 0.1113551 0.1580517 0.1187124 0.0861799 0.1574792 0.1377150 0.0936150 0.0813185 0.1185870 0.1537712 0.2090459 0.0937307 0.1476429 0.0795064 0.1250452 0.1344918 0.1577667 0.1411598 0.1440046 0.1572768 0.1624850 0.1336320 0.1185069 0.1620539 0.1488989 0.1484490 0.1886006 0.2143651 0.1392153 0.1429216 0.1240351 0.1426354 0.2279255 0.0957233 0.1163794 0.1201889 0.1470953 0.1437411 0.1324742 0.1601309 0.1391318 0.1525651 0.0904631 0.1749787 0.1364678 0.1526117 0.0932568 0.0857350 0.0540978 0.1448784 0.0916779 0.1672421 0.1670334 0.1723118 0.0930379 0.1218229 0.1083521 0.1366437 0.0691404 0.1331093 0.1414549 0.0851563 0.1684619 0.1251104 0.1761513 0.0872342 0.0880460 0.1339014 0.1377792 0.1486252 0.1271536 0.1368158 0.1723218 0.1179376 0.1253877 0.1419103 0.1036684 
S0281         0.2527608 0.1101558 0.0000000 0.0949710 0.1694355 0.1215347 0.1276758 0.1377040 0.1714551 0.1735663 0.1318421 0.1439696 0.1295146 0.0976482 0.0979306 0.1301520 0.1876847 0.0752101 0.1225793 0.1779815 0.1707855 0.1531530 0.1126101 0.1698803 0.1428751 0.1066404 0.1692345 0.1394014 0.1071068 0.1046641 0.0858390 0.1475673 0.2087794 0.1210991 0.1440231 0.0998897 0.0778562 0.0857312 0.1214061 0.1696728 0.1509744 0.1603158 0.1569660 0.1428758 0.0822615 0.2314731 0.1461969 0.1525378 0.1914550 0.2053767 0.1375256 0.1344976 0.1219598 0.1111301 0.2185297 0.1115621 0.1415663 0.0988753 0.1543531 0.1655424 0.1605023 0.1634651 0.1362163 0.1475001 0.1093378 0.1792910 0.1493857 0.1316031 0.1115134 0.1069102 0.1088343 0.1273270 0.1155601 0.1525830 0.1417735 0.1837341 0.1199820 0.0750743 0.0808722 0.1666406 0.0887235 0.1197915 0.1452492 0.1088458 0.1733198 0.1389575 0.2025464 0.1199170 0.1191167 0.1233314 0.1444212 0.1740218 0.1173848 0.1298911 0.1713358 0.0860235 0.1202534 0.1165485 0.1153822 
S0282         0.2487188 0.0832160 0.0949710 0.0000000 0.1153267 0.1357581 0.0277927 0.1063869 0.1640108 0.1279817 0.1085771 0.1360216 0.0901154 0.0076667 0.0116402 0.1020519 0.1386686 0.1011124 0.1089757 0.1509809 0.1160890 0.1410419 0.0931883 0.1185960 0.0790913 0.0156562 0.1155949 0.1179560 0.0696956 0.0059274 0.1107747 0.1333567 0.1905797 0.0954941 0.1333015 0.0155752 0.1041183 0.1205455 0.1446403 0.1125325 0.1047836 0.1407977 0.1349936 0.1175996 0.1081993 0.1595660 0.1393709 0.1423296 0.1627514 0.1801380 0.1169806 0.1434386 0.0973057 0.1043660 0.1963992 0.0238213 0.1128822 0.0849186 0.1083836 0.1127947 0.1072058 0.1135916 0.1307518 0.1393595 0.0301288 0.1668743 0.1226197 0.1452388 0.0258679 0.0177153 0.0814573 0.1031938 0.0671462 0.1153544 0.1525804 0.1340209 0.0896575 0.1037713 0.0924048 0.1143612 0.0038695 0.1060384 0.1233529 0.0261447 0.1251628 0.1027443 0.1291818 0.0763465 0.0688921 0.0947965 0.1216694 0.1211455 0.1128486 0.1270516 0.1579933 0.0993710 0.1002985 0.1168553 0.1071040 
S0289         0.2703090 0.1543045 0.1694355 0.1153267 0.0000000 0.1744209 0.1508836 0.1904067 0.2153238 0.0391561 0.1715153 0.1768659 0.1190178 0.1244797 0.1217511 0.1461221 0.0542832 0.1425051 0.1493508 0.2003114 0.0759585 0.1769893 0.1541416 0.0518896 0.1751606 0.1342274 0.0430288 0.1022154 0.1028084 0.1211769 0.1462858 0.1791884 0.2365576 0.1336457 0.1633537 0.1204082 0.1483223 0.1550063 0.1843891 0.0965622 0.0610102 0.1844628 0.1921520 0.1460088 0.1658498 0.1831542 0.1790363 0.1913117 0.2082849 0.2376870 0.1704200 0.1760327 0.1685126 0.1580374 0.2472534 0.1339337 0.2218675 0.1360417 0.0453858 0.0945072 0.0819497 0.0755895 0.1486955 0.1758451 0.1388484 0.2000116 0.1874027 0.1820053 0.1392874 0.1281441 0.1328296 0.1697028 0.1357679 0.1719148 0.1861667 0.0433339 0.1818312 0.1423314 0.1518411 0.1012302 0.1026282 0.1572415 0.1686547 0.1328559 0.0501248 0.1836377 0.0828529 0.1461323 0.1096150 0.1552741 0.1776190 0.0916440 0.1466907 0.1630770 0.1993837 0.1234431 0.1473529 0.1391656 0.1256095 
S0292         0.2639094 0.1527222 0.1215347 0.1357581 0.1744209 0.0000000 0.1693800 0.1726580 0.1751497 0.1800902 0.1047556 0.1219854 0.1551665 0.1388472 0.1426936 0.1475623 0.1899697 0.1267199 0.1403547 0.1396169 0.1897620 0.1268424 0.1566361 0.1740504 0.1734799 0.1490676 0.1745564 0.1535801 0.1044630 0.1481521 0.1021224 0.1208987 0.1989151 0.1357648 0.1167626 0.1299249 0.1297334 0.1386272 0.1283834 0.1699768 0.1822182 0.1339482 0.1432911 0.1149616 0.1238122 0.1556769 0.1155040 0.1091971 0.1783275 0.1874227 0.1250002 0.0909718 0.1755620 0.0688988 0.1964907 0.1543147 0.1553716 0.0959365 0.1721496 0.1659268 0.1819212 0.1910085 0.1288559 0.1251140 0.1606813 0.1564378 0.1157800 0.0116313 0.1485911 0.1525626 0.1290364 0.0890264 0.1413956 0.0787540 0.0235320 0.1934349 0.1439458 0.1320545 0.1082642 0.1767900 0.1286735 0.0877019 0.0972321 0.1471468 0.1735245 0.1585660 0.2030697 0.1439949 0.1254550 0.0949526 0.1143052 0.1810119 0.1155972 0.1073423 0.1854989 0.1169539 0.0732249 0.1300295 0.0801216 
S0293         0.2927665 0.1025429 0.1276758 0.0277927 0.1508836 0.1693800 0.0000000 0.1471280 0.2077275 0.1643035 0.1490516 0.1769471 0.1226180 0.0276661 0.0379349 0.1324494 0.1783350 0.1249476 0.1430267 0.1804154 0.1468572 0.1823182 0.1327884 0.1589725 0.1157066 0.0378232 0.1548336 0.1622059 0.0860407 0.0239077 0.1517491 0.1697728 0.2262519 0.1215345 0.1709081 0.0325485 0.1322220 0.1534546 0.2043865 0.1559769 0.1421213 0.1723036 0.1556350 0.1582960 0.1175560 0.2028103 0.1739785 0.1890259 0.1950333 0.2075292 0.1496154 0.1694572 0.1137242 0.1322016 0.2204187 0.0453359 0.1361516 0.1073435 0.1422424 0.1558105 0.1327668 0.1551387 0.1529780 0.1807147 0.0481083 0.2184951 0.1588871 0.1816573 0.0450705 0.0379755 0.1041404 0.1537556 0.0858248 0.1478844 0.1906253 0.1748895 0.1140829 0.1351870 0.1125085 0.1505753 0.0234118 0.1391801 0.1703438 0.0484874 0.1641101 0.1238753 0.1699836 0.0995632 0.0850435 0.1259851 0.1630604 0.1629470 0.1362974 0.1504598 0.2051268 0.1333385 0.1427662 0.1484103 0.1269743 
S0294         0.3459098 0.1074797 0.1377040 0.1063869 0.1904067 0.1726580 0.1471280 0.0000000 0.2101275 0.2016027 0.1495857 0.1828818 0.1617193 0.1092402 0.1094453 0.1473931 0.2178638 0.1376990 0.1518666 0.1992186 0.1922117 0.1806437 0.1681824 0.1983004 0.1538639 0.1191010 0.1975072 0.1759881 0.1335737 0.1142463 0.1502673 0.1855053 0.2284102 0.1329838 0.1793924 0.1082132 0.1295339 0.1482246 0.1666410 0.1856292 0.1770077 0.1880646 0.1938384 0.1820290 0.1484325 0.2243941 0.1711333 0.1835236 0.2133815 0.2294809 0.1799166 0.1885751 0.1410068 0.1566935 0.2476215 0.1174995 0.1326595 0.1380198 0.1795194 0.1808613 0.1600749 0.1951589 0.1718413 0.1868583 0.1266191 0.1861507 0.1770885 0.1779491 0.1120974 0.1212746 0.0955057 0.1623364 0.1190176 0.1807648 0.1953804 0.2014412 0.1074299 0.1347242 0.1370623 0.1775103 0.0961382 0.1509184 0.1683049 0.1206089 0.2103608 0.1224779 0.2101509 0.1310049 0.1300876 0.1567890 0.1562544 0.1916109 0.1590974 0.1582726 0.2170685 0.1549318 0.1400014 0.1543929 0.1476975 
S0308         0.3142088 0.1896848 0.1714551 0.1640108 0.2153238 0.1751497 0.2077275 0.2101275 0.0000000 0.2229254 0.1825211 0.1297473 0.1844142 0.1704317 0.1783209 0.2009895 0.2375043 0.1680890 0.1898953 0.1521856 0.2213288 0.2018140 0.1972065 0.2078875 0.2419571 0.1807281 0.2091207 0.2124531 0.1637403 0.1721846 0.1399099 0.1374249 0.2367302 0.1729602 0.1269248 0.1696137 0.1685688 0.1846062 0.1280551 0.2092551 0.1969716 0.1452184 0.2292133 0.2039135 0.1693889 0.1737127 0.2162905 0.2198886 0.2219204 0.2523852 0.1933170 0.1774375 0.1952087 0.1500050 0.2735834 0.1941636 0.2162744 0.1591640 0.2034534 0.2159932 0.1839438 0.2018532 0.1297769 0.1318004 0.1872312 0.1535494 0.2082065 0.1810388 0.1897980 0.1896520 0.1620993 0.1613883 0.1753931 0.1955205 0.1939239 0.2315829 0.2093457 0.1742266 0.1465020 0.2297171 0.1550655 0.1588966 0.1881390 0.1883367 0.2079033 0.1981795 0.1939756 0.1973581 0.1778771 0.1754015 0.2110237 0.2235956 0.1813543 0.1789427 0.1893561 0.1429820 0.1574821 0.1874264 0.1675187 
S0320         0.2815192 0.1596572 0.1735663 0.1279817 0.0391561 0.1800902 0.1643035 0.2016027 0.2229254 0.0000000 0.1800103 0.1967905 0.1390876 0.1376181 0.1347727 0.1657984 0.0494570 0.1594861 0.1668895 0.2302626 0.0844628 0.1834273 0.1713550 0.0543116 0.1846062 0.1479097 0.0453646 0.1117013 0.1177803 0.1346599 0.1500027 0.1994440 0.2475894 0.1444698 0.1907279 0.1332466 0.1656052 0.1678290 0.1763311 0.1086881 0.0583676 0.2073400 0.2024945 0.1455531 0.1672218 0.1863119 0.1855000 0.1981069 0.2140036 0.2440702 0.1766689 0.1820334 0.1681589 0.1758274 0.2537995 0.1475750 0.2301864 0.1440478 0.0473724 0.1063186 0.0988223 0.0783486 0.1679057 0.1987336 0.1526303 0.2030548 0.1761215 0.1871182 0.1531258 0.1415246 0.1438442 0.1827890 0.1407196 0.1803285 0.1920937 0.0603219 0.1893775 0.1592902 0.1530806 0.1132009 0.1185041 0.1686274 0.1730515 0.1391571 0.0544209 0.1837184 0.0856778 0.1543880 0.1274216 0.1623864 0.1860521 0.1007050 0.1551588 0.1660603 0.2206706 0.1381226 0.1570897 0.1559113 0.1334344 
S0335         0.2737052 0.1201080 0.1318421 0.1085771 0.1715153 0.1047556 0.1490516 0.1495857 0.1825211 0.1800103 0.0000000 0.1458564 0.1231724 0.1146396 0.1210965 0.1395905 0.2013944 0.1517038 0.1288766 0.1782469 0.1797049 0.1174767 0.1280397 0.1824552 0.1643240 0.1218349 0.1767377 0.1640235 0.1073657 0.1218841 0.1174895 0.1447118 0.2099855 0.1405908 0.1362875 0.1197240 0.1490009 0.1576864 0.1510668 0.1494058 0.1639700 0.1552230 0.1376980 0.1090171 0.1513476 0.1650035 0.0979982 0.0932780 0.1955218 0.2098865 0.1164065 0.1223055 0.1616162 0.0965885 0.2187278 0.1281362 0.1493131 0.1009220 0.1668198 0.1664009 0.1472474 0.1797017 0.1475839 0.1493804 0.1418161 0.1714956 0.0908655 0.1078876 0.1316124 0.1241883 0.1112921 0.0926965 0.1398554 0.1119208 0.1095679 0.1946386 0.1507987 0.1545335 0.1338159 0.1693620 0.1074744 0.1092481 0.0837443 0.1200836 0.1811220 0.1492550 0.2007402 0.1198934 0.1235284 0.0666363 0.0351810 0.1688320 0.1085957 0.1134752 0.1718598 0.1158597 0.0680724 0.1317617 0.0912782 
S0355         0.2846405 0.1518467 0.1439696 0.1360216 0.1768659 0.1219854 0.1769471 0.1828818 0.1297473 0.1967905 0.1458564 0.0000000 0.1383661 0.1391185 0.1402500 0.1578610 0.1858034 0.1349862 0.1511482 0.0121742 0.1945362 0.1765240 0.1556622 0.1795503 0.1835740 0.1493668 0.1785133 0.2060623 0.1255792 0.1484574 0.1178428 0.0135996 0.1858520 0.1491397 0.0217069 0.1329346 0.1299453 0.1536142 0.0806350 0.1823705 0.1870844 0.0430474 0.2123354 0.1857709 0.1363991 0.1135611 0.1853116 0.1804689 0.1617031 0.1838282 0.1811212 0.1527651 0.1773151 0.1271086 0.1981415 0.1543136 0.1941609 0.1203161 0.1559183 0.1811368 0.1740719 0.2028070 0.0877209 0.0115211 0.1524560 0.1189878 0.1960927 0.1324235 0.1595464 0.1499645 0.1220395 0.1334596 0.1413562 0.1459749 0.1377690 0.2029766 0.1728071 0.1406037 0.1285768 0.1955745 0.1289220 0.1403873 0.1668958 0.1519544 0.1745224 0.1859031 0.2152557 0.1477050 0.1352270 0.1522764 0.1690955 0.1995650 0.1525668 0.1439339 0.1768648 0.0971127 0.1354784 0.1415346 0.1279883 
S0376         0.2347019 0.1198614 0.1295146 0.0901154 0.1190178 0.1551665 0.1226180 0.1617193 0.1844142 0.1390876 0.1231724 0.1383661 0.0000000 0.0876061 0.0934718 0.1272422 0.1437416 0.1291678 0.0690672 0.1713617 0.1205076 0.1478079 0.1171575 0.1197594 0.1280881 0.0904967 0.1120704 0.1131030 0.0677361 0.0961493 0.1368626 0.1421109 0.1847510 0.1095222 0.1319724 0.0892513 0.1358144 0.1427978 0.1453318 0.1246533 0.1168212 0.1719982 0.1655656 0.1338440 0.1235005 0.1324625 0.1534636 0.1609221 0.1595171 0.1775712 0.1509342 0.1649919 0.1193576 0.1299453 0.1726861 0.1049797 0.1866979 0.1100059 0.1197840 0.1212794 0.1189385 0.1327594 0.1456597 0.1388905 0.1078548 0.1681088 0.1566259 0.1669967 0.1106116 0.0989584 0.1050562 0.1503684 0.1285504 0.1621156 0.1615933 0.1335042 0.1510563 0.1321230 0.1261138 0.1146234 0.0855366 0.1420823 0.1455499 0.1001459 0.1240512 0.1475987 0.1543982 0.1149670 0.0810617 0.1398115 0.1359385 0.1235192 0.1171226 0.1222653 0.1587340 0.1151078 0.1224716 0.0604110 0.1147058 
S0400         0.2559984 0.0803672 0.0976482 0.0076667 0.1244797 0.1388472 0.0276661 0.1092402 0.1704317 0.1376181 0.1146396 0.1391185 0.0876061 0.0000000 0.0156351 0.1018002 0.1453701 0.1037942 0.1066486 0.1515548 0.1227508 0.1480410 0.1015339 0.1277882 0.0762670 0.0155976 0.1246806 0.1272776 0.0670296 0.0079165 0.1135697 0.1364370 0.1993547 0.0924285 0.1404075 0.0155172 0.1068315 0.1233889 0.1501150 0.1220061 0.1112793 0.1444847 0.1446313 0.1241105 0.1109772 0.1512796 0.1423220 0.1453030 0.1708735 0.1887777 0.1262090 0.1438717 0.0948982 0.1071521 0.2054184 0.0237290 0.1096456 0.0875947 0.1174172 0.1220960 0.1116706 0.1227696 0.1364904 0.1397768 0.0300089 0.1674297 0.1294943 0.1484218 0.0257666 0.0176483 0.0812740 0.1095698 0.0696613 0.1189029 0.1557959 0.1438636 0.0866800 0.1064744 0.0980143 0.1209102 0.0038674 0.1088131 0.1329216 0.0260415 0.1347166 0.1028317 0.1389381 0.0736235 0.0662603 0.1010925 0.1312006 0.1278220 0.1130333 0.1272645 0.1613397 0.1021415 0.1090929 0.1145129 0.1098483 
S0405         0.2547400 0.0857221 0.0979306 0.0116402 0.1217511 0.1426936 0.0379349 0.1094453 0.1783209 0.1347727 0.1210965 0.1402500 0.0934718 0.0156351 0.0000000 0.1054149 0.1423923 0.1071697 0.1064934 0.1484097 0.1200121 0.1459134 0.0990581 0.1191546 0.0847100 0.0198325 0.1193836 0.1212106 0.0698414 0.0162174 0.1171420 0.1375456 0.2044957 0.1009573 0.1415600 0.0156085 0.1102629 0.1270751 0.1564263 0.1158008 0.1085692 0.1458758 0.1467869 0.1240535 0.1145135 0.1523451 0.1482248 0.1512453 0.1652107 0.1892371 0.1227606 0.1464055 0.1064062 0.1106797 0.1995356 0.0303199 0.1140287 0.0877801 0.1147104 0.1160041 0.1166736 0.1200305 0.1375985 0.1436593 0.0301922 0.1713042 0.1391094 0.1524292 0.0345119 0.0177253 0.0844219 0.1130369 0.0725175 0.1259832 0.1598757 0.1366365 0.0905449 0.1098911 0.1012800 0.1149022 0.0098343 0.1151542 0.1367521 0.0262008 0.1291529 0.1090848 0.1389881 0.0765034 0.0690343 0.1100587 0.1293240 0.1278608 0.1185107 0.1273020 0.1484382 0.1054379 0.1125376 0.1170892 0.1073178 
S0412sl       0.2920500 0.1093548 0.1301520 0.1020519 0.1461221 0.1475623 0.1324494 0.1473931 0.2009895 0.1657984 0.1395905 0.1578610 0.1272422 0.1018002 0.1054149 0.0000000 0.1762648 0.1446813 0.1384873 0.1681145 0.1524241 0.1402398 0.0945692 0.1516341 0.1366067 0.1115124 0.1510550 0.1418505 0.0976365 0.0994027 0.1265341 0.1596552 0.2475180 0.0668130 0.1524921 0.0980025 0.1481679 0.1619672 0.1733290 0.1391477 0.1288818 0.1805912 0.1671566 0.1478967 0.1449419 0.1524901 0.1487573 0.1548848 0.2145201 0.2434379 0.1413966 0.1679169 0.1427869 0.1310185 0.2470782 0.1168554 0.1300030 0.1221789 0.1421637 0.1431255 0.1218792 0.1464222 0.1366545 0.1586761 0.1163512 0.1838892 0.1793773 0.1591021 0.1223747 0.1075638 0.1116617 0.1425865 0.1248469 0.1676679 0.1603550 0.1715247 0.1063355 0.1442548 0.1338876 0.1444667 0.0917768 0.1423174 0.1404936 0.1103357 0.1593179 0.1392970 0.1703230 0.1179634 0.0966932 0.1498666 0.1368252 0.1455266 0.1291601 0.1193657 0.1816829 0.1258581 0.1276270 0.1363513 0.1071954 
S0417         0.2934846 0.1809379 0.1876847 0.1386686 0.0542832 0.1899697 0.1783350 0.2178638 0.2375043 0.0494570 0.2013944 0.1858034 0.1437416 0.1453701 0.1423923 0.1762648 0.0000000 0.1709587 0.1794191 0.2248230 0.0946290 0.2140799 0.1775534 0.0580712 0.1867377 0.1562242 0.0537689 0.1234875 0.1187144 0.1381351 0.1502063 0.1883329 0.2389538 0.1647948 0.1805776 0.1407213 0.1725893 0.1849419 0.1776584 0.1095645 0.0751176 0.2019909 0.2022203 0.1755577 0.1817244 0.2174698 0.1984563 0.2117136 0.1956761 0.2330889 0.1968863 0.1890017 0.1806149 0.1786966 0.2429306 0.1543991 0.2390563 0.1578992 0.0629045 0.1094338 0.0870146 0.0964768 0.1650208 0.1878036 0.1611049 0.2007135 0.2034641 0.2046498 0.1579021 0.1457117 0.1545814 0.1827792 0.1510433 0.2001656 0.2056992 0.0637633 0.2016112 0.1707439 0.1702339 0.1192376 0.1254122 0.1680544 0.1980738 0.1545182 0.0539194 0.1927619 0.1049297 0.1622793 0.1316089 0.1833614 0.2152764 0.1063005 0.1634431 0.1715268 0.2299786 0.1357073 0.1805727 0.1578706 0.1491665 
S0419         0.2444283 0.1218159 0.0752101 0.1011124 0.1425051 0.1267199 0.1249476 0.1376990 0.1680890 0.1594861 0.1517038 0.1349862 0.1291678 0.1037942 0.1071697 0.1446813 0.1709587 0.0000000 0.1286829 0.1495520 0.1569446 0.1640757 0.1352606 0.1492215 0.1488697 0.1128413 0.1486890 0.1407916 0.0983423 0.1110418 0.0935542 0.1357357 0.1906156 0.1373912 0.1320257 0.1060158 0.0096348 0.0176399 0.1415429 0.1530996 0.1481555 0.1447279 0.1632093 0.1381398 0.0884231 0.1459575 0.1655586 0.1686417 0.1708123 0.1862037 0.1559734 0.1424513 0.1262610 0.1116482 0.1971237 0.1177356 0.1500111 0.1010545 0.1328902 0.1526068 0.1647232 0.1629923 0.1177854 0.1382908 0.1103531 0.1617407 0.1473107 0.1357483 0.1151853 0.1159082 0.1138206 0.1352325 0.1128081 0.1377267 0.1372273 0.1588937 0.1329403 0.0096061 0.0845814 0.1555282 0.0898075 0.1107478 0.1389932 0.1178029 0.1561563 0.1501716 0.1965931 0.1314217 0.1098845 0.1317219 0.1584323 0.1571771 0.1268028 0.1434504 0.1914286 0.0854076 0.1176362 0.1274596 0.1178903 
S0427         0.2942326 0.1161852 0.1225793 0.1089757 0.1493508 0.1403547 0.1430267 0.1518666 0.1898953 0.1668895 0.1288766 0.1511482 0.0690672 0.1066486 0.1064934 0.1384873 0.1794191 0.1286829 0.0000000 0.1751820 0.1586739 0.1645787 0.1348327 0.1596122 0.1550627 0.1212996 0.1590184 0.1414245 0.0684350 0.1196637 0.1272511 0.1577175 0.2095015 0.1163351 0.1423005 0.1079975 0.1291386 0.1445232 0.1586368 0.1508462 0.1480704 0.1651770 0.1810719 0.1505756 0.1288516 0.1763886 0.1634226 0.1600821 0.1815273 0.1987128 0.1606672 0.1515903 0.1214435 0.1297452 0.2108122 0.1237224 0.1828167 0.1023380 0.1479790 0.1533475 0.1475447 0.1633246 0.1535348 0.1547167 0.1285159 0.1968614 0.1739131 0.1402341 0.1263169 0.1151563 0.0951304 0.1423238 0.1271765 0.1591994 0.1486836 0.1613252 0.1516961 0.1344134 0.1189581 0.1429995 0.1052107 0.1586281 0.1523838 0.1156177 0.1575713 0.1436145 0.1673407 0.1346240 0.0883103 0.1452988 0.1457524 0.1556821 0.1346433 0.1359628 0.1866465 0.1179642 0.1324630 0.0730273 0.1267623 
S0430         0.3351410 0.1691486 0.1779815 0.1509809 0.2003114 0.1396169 0.1804154 0.1992186 0.1521856 0.2302626 0.1782469 0.0121742 0.1713617 0.1515548 0.1484097 0.1681145 0.2248230 0.1495520 0.1751820 0.0000000 0.2204256 0.2027040 0.1774259 0.2142251 0.2119921 0.1651636 0.2132351 0.2408120 0.1450156 0.1606989 0.1388329 0.0172789 0.2267699 0.1740837 0.0224018 0.1479672 0.1469331 0.1750128 0.1129492 0.2096633 0.2226571 0.0503987 0.2499633 0.2177201 0.1717584 0.1070873 0.2210649 0.2228263 0.1916946 0.2112396 0.2018396 0.1660828 0.1961569 0.1473648 0.2222020 0.1727460 0.2053321 0.1401808 0.1790337 0.2080615 0.1943363 0.2227659 0.1065598 0.0072519 0.1742351 0.1467856 0.2333395 0.1532875 0.1755977 0.1623045 0.1291029 0.1598702 0.1577109 0.1517447 0.1603282 0.2259729 0.1805990 0.1534094 0.1573207 0.2219058 0.1381295 0.1651728 0.1973672 0.1687273 0.2040218 0.2071969 0.2507230 0.1581600 0.1623106 0.1797626 0.2038081 0.2314905 0.1760211 0.1658443 0.2276642 0.1213549 0.1584118 0.1731725 0.1441092 
S0478         0.2945154 0.1458008 0.1707855 0.1160890 0.0759585 0.1897620 0.1468572 0.1922117 0.2213288 0.0844628 0.1797049 0.1945362 0.1205076 0.1227508 0.1200121 0.1524241 0.0946290 0.1569446 0.1586739 0.2204256 0.0000000 0.1963597 0.1489410 0.0836442 0.1723349 0.1325239 0.0809147 0.1002199 0.1040811 0.1192661 0.1667771 0.1971651 0.2368705 0.1309253 0.1772010 0.1186797 0.1603087 0.1551181 0.2054587 0.0939761 0.0705753 0.2011830 0.2190793 0.1484832 0.1689387 0.1957049 0.1891599 0.1933173 0.2024579 0.2331599 0.1898273 0.1743855 0.1485715 0.1703603 0.2427594 0.1322325 0.2219783 0.1414071 0.0740876 0.0868878 0.0864271 0.0840152 0.1802839 0.1936170 0.1278465 0.2119127 0.1844665 0.2011153 0.1370148 0.1264195 0.1333137 0.1807102 0.1330504 0.1855539 0.2053041 0.0872296 0.1850023 0.1480939 0.1590765 0.0960609 0.1069784 0.1540426 0.1841873 0.1311617 0.0812593 0.1728629 0.0954956 0.1473422 0.1189764 0.1659302 0.1827702 0.0964805 0.1556719 0.1722558 0.2001639 0.1411932 0.1680427 0.1437004 0.1390568 
S0552sl       0.2715087 0.1472955 0.1531530 0.1410419 0.1769893 0.1268424 0.1823182 0.1806437 0.2018140 0.1834273 0.1174767 0.1765240 0.1478079 0.1480410 0.1459134 0.1402398 0.2140799 0.1640757 0.1645787 0.2027040 0.1963597 0.0000000 0.1476164 0.1718477 0.1862349 0.1616152 0.1679255 0.1732749 0.1340292 0.1484528 0.1237327 0.1788719 0.1931969 0.1540507 0.1602465 0.1442482 0.1641195 0.1836400 0.1571380 0.1663206 0.1609345 0.1885748 0.1062440 0.0614354 0.1521457 0.2799241 0.0746937 0.0895846 0.1786018 0.1995071 0.0745316 0.1377171 0.1877371 0.0977156 0.2057948 0.1666550 0.1847837 0.1189432 0.1691179 0.1701024 0.1466201 0.1715677 0.1557142 0.1803154 0.1700107 0.2046869 0.1258571 0.1333839 0.1667256 0.1615209 0.1457770 0.1248983 0.1589596 0.1495944 0.1404280 0.1905508 0.1669640 0.1635466 0.1350050 0.1715074 0.1408847 0.1074720 0.1256202 0.1683543 0.1890299 0.1657227 0.2008535 0.1591915 0.1428265 0.1106770 0.1206102 0.1765574 0.1031241 0.1076704 0.1787812 0.1337909 0.0922869 0.1440431 0.0791512 
S0558         0.2856890 0.1113551 0.1126101 0.0931883 0.1541416 0.1566361 0.1327884 0.1681824 0.1972065 0.1713550 0.1280397 0.1556622 0.1171575 0.1015339 0.0990581 0.0945692 0.1775534 0.1352606 0.1348327 0.1774259 0.1489410 0.1476164 0.0000000 0.1494159 0.1519415 0.1105405 0.1485883 0.1349226 0.0898125 0.0972831 0.1292468 0.1544225 0.2365012 0.0939153 0.1362034 0.0980042 0.1384090 0.1508585 0.1474773 0.1272924 0.1399061 0.1685820 0.1838657 0.1387333 0.1448284 0.2557597 0.1484589 0.1601632 0.2135287 0.2541491 0.1477580 0.1597549 0.1504944 0.1317572 0.2635396 0.1128868 0.1683595 0.1308597 0.1555864 0.1375187 0.1266774 0.1589805 0.1431925 0.1591889 0.1047585 0.1949882 0.1784185 0.1667579 0.1179782 0.1038213 0.1043022 0.1417401 0.1265689 0.1760048 0.1801016 0.1722893 0.1499773 0.1379313 0.1308619 0.1333472 0.0923132 0.1339865 0.1588269 0.1094574 0.1595863 0.1691374 0.1797269 0.1254158 0.1009719 0.1451232 0.1488269 0.1279664 0.1158842 0.1311314 0.1546249 0.1156076 0.1360192 0.1362314 0.1153701 
S0624         0.2788702 0.1580517 0.1698803 0.1185960 0.0518896 0.1740504 0.1589725 0.1983004 0.2078875 0.0543116 0.1824552 0.1795503 0.1197594 0.1277882 0.1191546 0.1516341 0.0580712 0.1492215 0.1596122 0.2142251 0.0836442 0.1718477 0.1494159 0.0000000 0.1731876 0.1311782 0.0320792 0.0948374 0.1059425 0.1246659 0.1437350 0.1819115 0.2208705 0.1342139 0.1737022 0.1184580 0.1551608 0.1620172 0.1579384 0.0943581 0.0631290 0.2010321 0.1761010 0.1441037 0.1632998 0.2026917 0.1771855 0.1894988 0.2023854 0.2286515 0.1565248 0.1776693 0.1695151 0.1558428 0.2344462 0.1374844 0.2219758 0.1368262 0.0584634 0.0923454 0.0785174 0.0757779 0.1669003 0.1815060 0.1357834 0.1890899 0.1855576 0.1816126 0.1401096 0.1316185 0.1336971 0.1767514 0.1364605 0.1891131 0.1827757 0.0657768 0.1873552 0.1490390 0.1493300 0.0940982 0.1093483 0.1432203 0.1729915 0.1324275 0.0542775 0.1816933 0.0825079 0.1528374 0.1208973 0.1594411 0.1822893 0.0942817 0.1393676 0.1609300 0.1812586 0.1380676 0.1445108 0.1456156 0.1236730 
S0641         0.3294780 0.1187124 0.1428751 0.0790913 0.1751606 0.1734799 0.1157066 0.1538639 0.2419571 0.1846062 0.1643240 0.1835740 0.1280881 0.0762670 0.0847100 0.1366067 0.1867377 0.1488697 0.1550627 0.2119921 0.1723349 0.1862349 0.1519415 0.1731876 0.0000000 0.0796117 0.1756679 0.1752704 0.1154675 0.0715667 0.1449112 0.1806840 0.2582068 0.1435094 0.1853695 0.0784282 0.1406219 0.1652429 0.1750899 0.1766585 0.1646130 0.2134108 0.1894293 0.1593979 0.1511708 0.2275786 0.1725260 0.1582763 0.2283605 0.2442310 0.1657442 0.1927980 0.1586162 0.1472692 0.2586972 0.0891485 0.1484791 0.1422357 0.1521967 0.1781015 0.1314169 0.1770316 0.1959739 0.1844811 0.0912276 0.2166456 0.1759144 0.1785101 0.0915739 0.0815253 0.1241356 0.1619104 0.1147960 0.1665707 0.1861992 0.1890181 0.1124344 0.1459996 0.1401186 0.1809378 0.0702177 0.1578986 0.1858939 0.0848845 0.1748643 0.1325602 0.2064583 0.0921858 0.1190203 0.1461513 0.1781266 0.1818793 0.1630696 0.1723699 0.2111791 0.1494614 0.1613442 0.1593833 0.1524169 
S0643         0.2751639 0.0861799 0.1066404 0.0156562 0.1342274 0.1490676 0.0378232 0.1191010 0.1807281 0.1479097 0.1218349 0.1493668 0.0904967 0.0155976 0.0198325 0.1115124 0.1562242 0.1128413 0.1212996 0.1651636 0.1325239 0.1616152 0.1105405 0.1311782 0.0796117 0.0000000 0.1345565 0.1374239 0.0749235 0.0161770 0.1230721 0.1466174 0.2123402 0.1066134 0.1507780 0.0176526 0.1160062 0.1303983 0.1462054 0.1321082 0.1208484 0.1567741 0.1582107 0.1365731 0.1204035 0.1430151 0.1558538 0.1589589 0.1826056 0.2011975 0.1362478 0.1543938 0.1122967 0.1165831 0.2187534 0.0323247 0.1162497 0.0962051 0.1270267 0.1320074 0.1221686 0.1325446 0.1466622 0.1500860 0.0301175 0.1681408 0.1426553 0.1590060 0.0344260 0.0176802 0.0873374 0.1189661 0.0721887 0.1309005 0.1665250 0.1543890 0.0954166 0.1156123 0.1069514 0.1334734 0.0118407 0.1210865 0.1402826 0.0305054 0.1392724 0.1123100 0.1511947 0.0791762 0.0740502 0.1095197 0.1356321 0.1408846 0.1280918 0.1344650 0.1681639 0.1111273 0.1157477 0.1227999 0.1191496 
S0645sl       0.2669872 0.1574792 0.1692345 0.1155949 0.0430288 0.1745564 0.1548336 0.1975072 0.2091207 0.0453646 0.1767377 0.1785133 0.1120704 0.1246806 0.1193836 0.1510550 0.0537689 0.1486890 0.1590184 0.2132351 0.0809147 0.1679255 0.1485883 0.0320792 0.1756679 0.1345565 0.0000000 0.0945326 0.1031218 0.1214745 0.1374901 0.1808465 0.2333326 0.1366992 0.1727055 0.1206904 0.1546012 0.1614235 0.1874489 0.0940490 0.0629401 0.1925423 0.1861961 0.1463688 0.1626144 0.1830844 0.1761467 0.1948460 0.2049034 0.2340901 0.1646554 0.1735115 0.1688722 0.1464654 0.2398824 0.1342613 0.2267361 0.1391046 0.0538637 0.0920507 0.0859936 0.0755490 0.1662884 0.1804601 0.1391893 0.2004568 0.1879114 0.1821500 0.1396313 0.1284538 0.1359972 0.1671954 0.1414661 0.1830731 0.1863149 0.0642277 0.1866198 0.1485075 0.1516662 0.0937983 0.1063973 0.1454446 0.1742193 0.1278625 0.0452650 0.1840392 0.0829760 0.1464243 0.1178845 0.1646490 0.1876543 0.0841662 0.1470481 0.1542972 0.1964167 0.1319151 0.1527192 0.1424344 0.1285449 
S0673         0.2697764 0.1377150 0.1394014 0.1179560 0.1022154 0.1535801 0.1622059 0.1759881 0.2124531 0.1117013 0.1640235 0.2060623 0.1131030 0.1272776 0.1212106 0.1418505 0.1234875 0.1407916 0.1414245 0.2408120 0.1002199 0.1732749 0.1349226 0.0948374 0.1752704 0.1374239 0.0945326 0.0000000 0.0998776 0.1231523 0.1491619 0.2005456 0.2271643 0.1343425 0.1911462 0.1231673 0.1439837 0.1405125 0.1876364 0.0446915 0.0871918 0.2160070 0.1695507 0.1363992 0.1574330 0.2056840 0.1665447 0.1754256 0.1996646 0.2215843 0.1530534 0.1725954 0.1576322 0.1464327 0.2274325 0.1371151 0.2002057 0.1268106 0.1134078 0.0418216 0.0416572 0.0925492 0.1707664 0.2080389 0.1336232 0.2129719 0.1697120 0.1698944 0.1399110 0.1300969 0.1280530 0.1754921 0.1476156 0.1909755 0.1804884 0.1136196 0.1582421 0.1323179 0.1472577 0.0414514 0.1118017 0.1394839 0.1805602 0.1359855 0.1034502 0.1456793 0.1135847 0.1581518 0.1206836 0.1586097 0.1626029 0.0555321 0.1404109 0.1534663 0.1927661 0.1655307 0.1519956 0.1373527 0.1268437 
S0689         0.2312952 0.0936150 0.1071068 0.0696956 0.1028084 0.1044630 0.0860407 0.1335737 0.1637403 0.1177803 0.1073657 0.1255792 0.0677361 0.0670296 0.0698414 0.0976365 0.1187144 0.0983423 0.0684350 0.1450156 0.1040811 0.1340292 0.0898125 0.1059425 0.1154675 0.0749235 0.1031218 0.0998776 0.0000000 0.0697536 0.0983242 0.1300836 0.1768231 0.0824482 0.1213176 0.0640195 0.1011986 0.1125563 0.1137464 0.1078585 0.0986192 0.1357856 0.1456056 0.1140731 0.0982104 0.1455760 0.1221403 0.1306412 0.1539827 0.1730941 0.1253607 0.1328043 0.1069891 0.0867076 0.1812539 0.0771717 0.1315458 0.0839836 0.1010555 0.1082065 0.1033027 0.1091373 0.1104350 0.1261690 0.0768195 0.1405009 0.1304674 0.1132955 0.0795158 0.0745994 0.0790211 0.1105787 0.0935387 0.1351672 0.1118830 0.1179218 0.1064344 0.1008549 0.0882975 0.0991565 0.0631189 0.1156684 0.1180579 0.0748672 0.1041630 0.1221003 0.1180067 0.0866131 0.0390919 0.1013951 0.1141215 0.1020327 0.0919261 0.1116095 0.1489158 0.0854414 0.0999816 0.0798100 0.0875882 
S0690         0.2461350 0.0813185 0.1046641 0.0059274 0.1211769 0.1481521 0.0239077 0.1142463 0.1721846 0.1346599 0.1218841 0.1484574 0.0961493 0.0079165 0.0162174 0.0994027 0.1381351 0.1110418 0.1196637 0.1606989 0.1192661 0.1484528 0.0972831 0.1246659 0.0715667 0.0161770 0.1214745 0.1231523 0.0697536 0.0000000 0.1214931 0.1456337 0.1978227 0.0939223 0.1404321 0.0160906 0.1142757 0.1318058 0.1555642 0.1187862 0.1071728 0.1524459 0.1420256 0.1235610 0.1187575 0.1611012 0.1399448 0.1488307 0.1687222 0.1937807 0.1230106 0.1476941 0.0991354 0.1082409 0.2114543 0.0246245 0.1144725 0.0939846 0.1138827 0.1186413 0.1079800 0.1193892 0.1426477 0.1491922 0.0311562 0.1754135 0.1291252 0.1583524 0.0267418 0.0161565 0.0821243 0.1074361 0.0676165 0.1254681 0.1660816 0.1410864 0.0904113 0.1138772 0.1047487 0.1202392 0.0060303 0.1046048 0.1385502 0.0270382 0.1287068 0.1103198 0.1359945 0.0766234 0.0689234 0.1051772 0.1307457 0.1274924 0.1181720 0.1388335 0.1728174 0.1060477 0.1135364 0.1251111 0.1118519 
S0720         0.2579645 0.1185870 0.0858390 0.1107747 0.1462858 0.1021224 0.1517491 0.1502673 0.1399099 0.1500027 0.1174895 0.1178428 0.1368626 0.1135697 0.1171420 0.1265341 0.1502063 0.0935542 0.1272511 0.1388329 0.1667771 0.1237327 0.1292468 0.1437350 0.1449112 0.1230721 0.1374901 0.1491619 0.0983242 0.1214931 0.0000000 0.1248158 0.1803654 0.1232206 0.1206987 0.1158468 0.0879735 0.1072630 0.1342690 0.1591954 0.1397306 0.1188286 0.1469173 0.1241151 0.0719739 0.1451765 0.1391367 0.1363071 0.1673549 0.1931448 0.1241417 0.1112445 0.1417911 0.0765513 0.2050048 0.1281215 0.1487628 0.0953735 0.1318558 0.1661006 0.1599852 0.1534779 0.1205498 0.1209594 0.1341643 0.1613620 0.1300531 0.1028011 0.1253545 0.1262929 0.1170218 0.1012606 0.1053099 0.1042905 0.1122847 0.1605354 0.1316026 0.0959896 0.0679715 0.1671796 0.0987565 0.0887964 0.1233562 0.1161214 0.1352916 0.1148392 0.1765109 0.1150297 0.1106717 0.1082362 0.1211767 0.1556078 0.1123655 0.0993515 0.1517955 0.0913481 0.1003564 0.1093083 0.0887341 
S0724sl       0.2742103 0.1537712 0.1475673 0.1333567 0.1791884 0.1208987 0.1697728 0.1855053 0.1374249 0.1994440 0.1447118 0.0135996 0.1421109 0.1364370 0.1375456 0.1596552 0.1883329 0.1357357 0.1577175 0.0172789 0.1971651 0.1788719 0.1544225 0.1819115 0.1806840 0.1466174 0.1808465 0.2005456 0.1300836 0.1456337 0.1248158 0.0000000 0.1921708 0.1510580 0.0281874 0.1302872 0.1306649 0.1544934 0.0910669 0.1819254 0.1896488 0.0512435 0.2063877 0.1850216 0.1398095 0.0981728 0.1877937 0.1796665 0.1674566 0.1936779 0.1835608 0.1491154 0.1812852 0.1316069 0.2079853 0.1515596 0.1969182 0.1262782 0.1610644 0.1806861 0.1831636 0.2019319 0.0884025 0.0176230 0.1468374 0.1207471 0.1958135 0.1314449 0.1511131 0.1472030 0.1209307 0.1351280 0.1490444 0.1440826 0.1368459 0.2057649 0.1752125 0.1413897 0.1290563 0.1952898 0.1269860 0.1421400 0.1659592 0.1491997 0.1768170 0.1921379 0.2182749 0.1495848 0.1427234 0.1542433 0.1681830 0.1993271 0.1545092 0.1457463 0.1859550 0.0982489 0.1371661 0.1449187 0.1295445 
S0735         0.2811429 0.2090459 0.2087794 0.1905797 0.2365576 0.1989151 0.2262519 0.2284102 0.2367302 0.2475894 0.2099855 0.1858520 0.1847510 0.1993547 0.2044957 0.2475180 0.2389538 0.1906156 0.2095015 0.2267699 0.2368705 0.1931969 0.2365012 0.2208705 0.2582068 0.2123402 0.2333326 0.2271643 0.1768231 0.1978227 0.1803654 0.1921708 0.0000000 0.2249855 0.1781677 0.1887206 0.1943666 0.2091305 0.2306910 0.2148378 0.2364517 0.2073151 0.2204640 0.1914069 0.1717785 0.2609752 0.2096688 0.2139608 0.0402578 0.0545907 0.1864489 0.2005894 0.2365612 0.1876576 0.0620300 0.2250486 0.2440984 0.1642215 0.2301990 0.2149043 0.1951648 0.2445770 0.2165344 0.1898527 0.2263207 0.2540169 0.2006387 0.2063153 0.2172784 0.2167253 0.1992638 0.1866663 0.2088390 0.2172886 0.2153994 0.2578262 0.2192037 0.2003408 0.1704511 0.2385989 0.1848948 0.1772629 0.2154609 0.2248019 0.2270588 0.2099344 0.2641715 0.2272060 0.2004372 0.1816356 0.2094991 0.2091039 0.1996062 0.2082953 0.2279711 0.1941887 0.1807997 0.1954465 0.1684101 
S0742         0.2581027 0.0937307 0.1210991 0.0954941 0.1336457 0.1357648 0.1215345 0.1329838 0.1729602 0.1444698 0.1405908 0.1491397 0.1095222 0.0924285 0.1009573 0.0668130 0.1647948 0.1373912 0.1163351 0.1740837 0.1309253 0.1540507 0.0939153 0.1342139 0.1435094 0.1066134 0.1366992 0.1343425 0.0824482 0.0939223 0.1232206 0.1510580 0.2249855 0.0000000 0.1479431 0.0941162 0.1347860 0.1472992 0.1686600 0.1453246 0.1232526 0.1667940 0.1763315 0.1506870 0.1123077 0.1187582 0.1467089 0.1556055 0.2038020 0.2384020 0.1428641 0.1451506 0.1172416 0.1314206 0.2468026 0.1061919 0.1394701 0.1054922 0.1195017 0.1426318 0.1390453 0.1467752 0.1389088 0.1498567 0.1111458 0.1702160 0.1651146 0.1463015 0.1112768 0.1061175 0.0872845 0.1358018 0.1019099 0.1541923 0.1505888 0.1536871 0.1170442 0.1370118 0.1056396 0.1475439 0.0860296 0.1290300 0.1574066 0.1055617 0.1471464 0.1412955 0.1314624 0.1156076 0.0818258 0.1407310 0.1564971 0.1382864 0.1175884 0.1289008 0.1584091 0.1048572 0.1314884 0.1174611 0.1091656 
S0748         0.2662163 0.1476429 0.1440231 0.1333015 0.1633537 0.1167626 0.1709081 0.1793924 0.1269248 0.1907279 0.1362875 0.0217069 0.1319724 0.1404075 0.1415600 0.1524921 0.1805776 0.1320257 0.1423005 0.0224018 0.1772010 0.1602465 0.1362034 0.1737022 0.1853695 0.1507780 0.1727055 0.1911462 0.1213176 0.1404321 0.1206987 0.0281874 0.1781677 0.1479431 0.0000000 0.1341550 0.1270136 0.1504845 0.0902364 0.1683258 0.1777643 0.0402698 0.1910632 0.1719828 0.1367214 0.1056279 0.1698809 0.1741458 0.1544641 0.1856873 0.1633475 0.1412253 0.1679183 0.1217394 0.1967743 0.1557703 0.1953430 0.1146865 0.1503025 0.1673981 0.1649053 0.1881881 0.0836032 0.0258572 0.1539024 0.1229870 0.1754726 0.1244806 0.1610530 0.1513871 0.1144642 0.1297137 0.1428808 0.1487537 0.1323973 0.1883424 0.1796753 0.1376001 0.1203343 0.1753235 0.1301132 0.1320831 0.1562678 0.1533909 0.1686956 0.1824437 0.2035421 0.1490842 0.1394739 0.1391818 0.1554849 0.1819095 0.1411495 0.1383850 0.1753830 0.0971674 0.1258934 0.1390151 0.1146982 
S0756         0.2586113 0.0795064 0.0998897 0.0155752 0.1204082 0.1299249 0.0325485 0.1082132 0.1696137 0.1332466 0.1197240 0.1329346 0.0892513 0.0155172 0.0156085 0.0980025 0.1407213 0.1060158 0.1079975 0.1479672 0.1186797 0.1442482 0.0980042 0.1184580 0.0784282 0.0176526 0.1206904 0.1231673 0.0640195 0.0160906 0.1158468 0.1302872 0.1887206 0.0941162 0.1341550 0.0000000 0.1090673 0.1256671 0.1291388 0.1178072 0.1073591 0.1412102 0.1376999 0.1174637 0.1132504 0.1529088 0.1355528 0.1384671 0.1608259 0.1782501 0.1193842 0.1364963 0.1052154 0.1068285 0.1945398 0.0257348 0.1066366 0.0872690 0.1134432 0.1124451 0.1022838 0.1186976 0.1303455 0.1335587 0.0256292 0.1562974 0.1319988 0.1392428 0.0277634 0.0175883 0.0755761 0.1117785 0.0646791 0.1324047 0.1524053 0.1393588 0.0888661 0.1087034 0.1001783 0.1195039 0.0117790 0.1138762 0.1296734 0.0217130 0.1304008 0.1052248 0.1347704 0.0659159 0.0632953 0.1008115 0.1252975 0.1264064 0.1120503 0.1232355 0.1471365 0.0992551 0.1060998 0.1130917 0.1011341 
S0760         0.2521975 0.1250452 0.0778562 0.1041183 0.1483223 0.1297334 0.1322220 0.1295339 0.1685688 0.1656052 0.1490009 0.1299453 0.1358144 0.1068315 0.1102629 0.1481679 0.1725893 0.0096348 0.1291386 0.1469331 0.1603087 0.1641195 0.1384090 0.1551608 0.1406219 0.1160062 0.1546012 0.1439837 0.1011986 0.1142757 0.0879735 0.1306649 0.1943666 0.1347860 0.1270136 0.1090673 0.0000000 0.0197021 0.1365747 0.1564646 0.1542403 0.1423234 0.1533594 0.1438440 0.0886541 0.1436771 0.1629014 0.1659711 0.1743769 0.1899494 0.1533207 0.1429465 0.1184061 0.1092187 0.2009846 0.1209416 0.1532337 0.0988535 0.1329257 0.1559061 0.1553015 0.1664084 0.1208460 0.1332106 0.1134974 0.1574441 0.1446930 0.1362164 0.1156514 0.1191161 0.1141901 0.1383809 0.1079445 0.1450866 0.1403202 0.1605241 0.1335778 0.0115866 0.0848044 0.1588512 0.0927330 0.1136264 0.1450218 0.1210127 0.1622224 0.1391011 0.2003426 0.1291440 0.1101200 0.1291435 0.1557353 0.1605458 0.1298763 0.1380113 0.1917257 0.0880753 0.1206103 0.1249218 0.1184997 
S0770         0.2642386 0.1344918 0.0857312 0.1205455 0.1550063 0.1386272 0.1534546 0.1482246 0.1846062 0.1678290 0.1576864 0.1536142 0.1427978 0.1233889 0.1270751 0.1619672 0.1849419 0.0176399 0.1445232 0.1750128 0.1551181 0.1836400 0.1508585 0.1620172 0.1652429 0.1303983 0.1614235 0.1405125 0.1125563 0.1318058 0.1072630 0.1544934 0.2091305 0.1472992 0.1504845 0.1256671 0.0197021 0.0000000 0.1566869 0.1588452 0.1612632 0.1713154 0.1708973 0.1530846 0.0993603 0.1437639 0.1730396 0.1761956 0.1884329 0.2047002 0.1691409 0.1554488 0.1447914 0.1260882 0.2161775 0.1382030 0.1697808 0.1150329 0.1452135 0.1582423 0.1749590 0.1735657 0.1354836 0.1571358 0.1305418 0.1800231 0.1530931 0.1453210 0.1355293 0.1364179 0.1262851 0.1538047 0.1303202 0.1534216 0.1494387 0.1720664 0.1519121 0.0196424 0.0955168 0.1581905 0.1089024 0.1305686 0.1521435 0.1340813 0.1692570 0.1606537 0.2082554 0.1467550 0.1243598 0.1429262 0.1584026 0.1629104 0.1365313 0.1593394 0.1913298 0.0986987 0.1326537 0.1387481 0.1355956 
S0888         0.3372011 0.1577667 0.1214061 0.1446403 0.1843891 0.1283834 0.2043865 0.1666410 0.1280551 0.1763311 0.1510668 0.0806350 0.1453318 0.1501150 0.1564263 0.1733290 0.1776584 0.1415429 0.1586368 0.1129492 0.2054587 0.1571380 0.1474773 0.1579384 0.1750899 0.1462054 0.1874489 0.1876364 0.1137464 0.1555642 0.1342690 0.0910669 0.2306910 0.1686600 0.0902364 0.1291388 0.1365747 0.1566869 0.0000000 0.1545680 0.1777312 0.1226094 0.1654528 0.1460752 0.1472595 0.0000010 0.1373545 0.1603581 0.2212353 0.2239265 0.1434466 0.1636064 0.2000042 0.1204786 0.2377506 0.1495572 0.1617820 0.1213473 0.1585609 0.1679945 0.1729478 0.1948826 0.0796428 0.0810460 0.1446164 0.0335781 0.1660288 0.1277763 0.1485537 0.1513470 0.1273608 0.1413038 0.1701715 0.1513110 0.1377538 0.1960395 0.1623105 0.1462764 0.1423064 0.1891815 0.1425745 0.1364839 0.1438512 0.1381778 0.1711038 0.1865404 0.2030320 0.1479351 0.1397345 0.1459975 0.1663025 0.1870652 0.1534714 0.1397618 0.1668142 0.1007421 0.1076808 0.1412512 0.1250633 
