105
S0055      0.0000000 0.0964939 0.0317808 0.0426088 0.0549406 0.1080318 0.0709458 0.0236335 0.0812230 0.1175791 0.0666917 0.0918322 0.1370634 0.0728890 0.1098184 0.0914672 0.1019381 0.0634250 0.0614056 0.0674821 0.0944784 0.0430122 0.0359550 0.0669692 0.0556579 0.0617936 0.0448156 0.0666258 0.1241270 0.0420440 0.0357097 0.1373562 0.1323176 0.0302888 0.0362209 0.0521803 0.0678636 0.1184195 0.0417969 0.0712186 0.0234502 0.0362047 0.0295508 0.0421385 0.1018314 0.0867144 0.1403886 0.0424892 0.0689294 0.0622812 0.0623652 0.0689647 0.1847106 0.0977658 0.0400448 0.0565894 0.0707813 0.1557627 0.0425504 0.0623906 0.0763748 0.0299547 0.0939273 0.1450630 0.0298111 0.0550094 0.0482540 0.0521970 0.1489088 0.0654391 0.0693871 0.0710210 0.0424759 0.1337358 0.1083044 0.0783561 0.0120206 0.0238915 0.0173696 0.0580387 0.0359202 0.1511498 0.0926243 0.0842166 0.0254783 0.0421385 0.0689647 0.0235602 0.0845640 0.0928380 0.0615824 0.1074706 0.0297809 0.1566040 0.0494842 0.0625305 0.0771213 0.0912293 0.0564031 0.0548645 0.0760081 0.0424989 0.0992468 0.0296882 0.0359083 
S0278      0.0964939 0.0000000 0.0622250 0.0884478 0.0678850 0.0380542 0.1082503 0.0964385 0.1042635 0.0322994 0.0856049 0.1416040 0.0603756 0.0838523 0.0270220 0.1482176 0.1271855 0.0824027 0.0974087 0.1265200 0.0255312 0.0591682 0.0811688 0.0783876 0.1685383 0.1278329 0.1020379 0.0933776 0.0315274 0.1031847 0.0953388 0.0190017 0.0456298 0.0825996 0.0806942 0.0697287 0.0872067 0.1542790 0.1183554 0.0984537 0.0803864 0.0585462 0.0800720 0.0578781 0.1722083 0.1244387 0.0451643 0.0747038 0.1402127 0.1775397 0.1779627 0.0948383 0.2173019 0.1382788 0.0568701 0.1232966 0.1325042 0.1651638 0.0584856 0.1127127 0.1128945 0.0815502 0.1463334 0.1725699 0.0887348 0.1191440 0.0505304 0.0854510 0.0521167 0.1014810 0.0789652 0.0819722 0.1044408 0.1517626 0.1400338 0.1170283 0.0765546 0.0815749 0.1029119 0.1098450 0.0960514 0.0788938 0.1336387 0.1232714 0.0872439 0.0578781 0.0948383 0.0808276 0.1062593 0.1308580 0.1109580 0.0315278 0.0964939 0.0589150 0.0888205 0.1045322 0.1309588 0.1477377 0.1355683 0.0659753 0.1558819 0.0580327 0.1577215 0.0969840 0.0668480 
S0281      0.0317808 0.0622250 0.0000000 0.0454766 0.0330100 0.0897697 0.0752961 0.0317769 0.0705091 0.0823422 0.0403887 0.0706166 0.1001108 0.0439727 0.0957766 0.0980576 0.0834941 0.0355845 0.0652924 0.0577266 0.0678435 0.0185242 0.0315154 0.0378080 0.0902923 0.0660074 0.0333039 0.0403441 0.1058198 0.0448332 0.0380571 0.1015352 0.0816283 0.0323207 0.0316025 0.0062634 0.0411100 0.0991416 0.0583350 0.0457135 0.0249705 0.0184345 0.0314815 0.0182385 0.1004281 0.0678096 0.0968521 0.0453389 0.0828109 0.0979762 0.0981462 0.0245583 0.1555705 0.0803759 0.0271903 0.0605264 0.0758172 0.1375947 0.0184156 0.0666927 0.0817387 0.0319409 0.0921874 0.1269775 0.0317769 0.0444936 0.0206106 0.0332096 0.1048178 0.0465626 0.0344983 0.0347809 0.0453252 0.1145415 0.1082715 0.0764168 0.0193042 0.0254713 0.0379950 0.0543310 0.0382976 0.0720971 0.0915796 0.0902380 0.0270588 0.0182385 0.0245583 0.0250943 0.0906375 0.0918048 0.0657645 0.0741136 0.0314815 0.1045214 0.0459121 0.0668440 0.0751368 0.0823284 0.0685922 0.0444370 0.0889757 0.0183936 0.0986308 0.0315140 0.0382840 
S0282      0.0426088 0.0884478 0.0454766 0.0000000 0.0633972 0.1154691 0.0784116 0.0299043 0.0676779 0.1092181 0.0743545 0.1086623 0.1280521 0.0813719 0.1096795 0.0926360 0.0959698 0.0714836 0.0695697 0.0552615 0.0941221 0.0495350 0.0424675 0.0586211 0.0787767 0.0425363 0.0518942 0.0742824 0.1317930 0.0358566 0.0296086 0.1203033 0.1087129 0.0368046 0.0300303 0.0591738 0.0682730 0.1456300 0.0486423 0.0787205 0.0175009 0.0492893 0.0235228 0.0487577 0.1112308 0.0946481 0.1164177 0.0491635 0.0856544 0.0859656 0.0861009 0.0761931 0.2072749 0.0990074 0.0330913 0.0572968 0.0651394 0.1842538 0.0425178 0.0631629 0.0773320 0.0363944 0.0961355 0.1725802 0.0237298 0.0300545 0.0336794 0.0595095 0.1175640 0.0653853 0.0769680 0.0709558 0.0362210 0.1283641 0.1028382 0.0860053 0.0120833 0.0178284 0.0485185 0.0587825 0.0424278 0.1415435 0.1005649 0.0918826 0.0255637 0.0487577 0.0761931 0.0175821 0.0771138 0.0870760 0.0551400 0.0994829 0.0299074 0.1249989 0.0300566 0.0696525 0.0715650 0.0923916 0.0799079 0.0617148 0.1058360 0.0491802 0.0937972 0.0428050 0.0424095 
S0288      0.0549406 0.0678850 0.0330100 0.0633972 0.0000000 0.1033612 0.0633502 0.0634332 0.0740221 0.1059338 0.0147015 0.0393298 0.1169263 0.0159029 0.1018973 0.1088036 0.1272357 0.0155770 0.0900179 0.0889048 0.0935501 0.0393827 0.0471001 0.0150114 0.1104640 0.0709318 0.0373227 0.0146822 0.0924302 0.0622987 0.0542127 0.0975141 0.1241082 0.0387948 0.0552792 0.0416726 0.0150795 0.1236309 0.0706940 0.0144494 0.0460620 0.0388919 0.0543008 0.0386031 0.1105996 0.0454724 0.1343030 0.0466219 0.1096005 0.1104640 0.1202997 0.0548312 0.1687889 0.0999701 0.0151420 0.0726906 0.0914718 0.1470818 0.0390866 0.0807924 0.0983570 0.0465983 0.1140330 0.1341521 0.0549216 0.0709214 0.0338830 0.0148748 0.1450966 0.0220174 0.0076386 0.0077086 0.0543008 0.0703136 0.1298615 0.0640450 0.0401064 0.0464054 0.0540388 0.0661277 0.0460620 0.1328483 0.0803785 0.0713431 0.0586340 0.0386031 0.0548312 0.0463480 0.0626697 0.1095066 0.0891491 0.0926307 0.0634596 0.1549066 0.0727967 0.0630145 0.0995829 0.1182074 0.0841984 0.0550100 0.1197528 0.0552628 0.1175437 0.0638366 0.0383954 
S0289      0.1080318 0.0380542 0.0897697 0.1154691 0.1033612 0.0000000 0.1531103 0.1237769 0.1422893 0.0500118 0.1227274 0.1724997 0.0436385 0.1251012 0.0124797 0.1773261 0.1677468 0.1226358 0.1299958 0.1541445 0.0245128 0.0854138 0.1096075 0.1191635 0.1795108 0.1558360 0.1309217 0.1226204 0.0431281 0.1304417 0.1223654 0.0512230 0.0497518 0.1100032 0.1151730 0.1059524 0.1250199 0.1979517 0.1294934 0.1354747 0.1070504 0.0773378 0.1147518 0.0835374 0.2031370 0.1504333 0.0423815 0.1167118 0.1604930 0.1883463 0.1887940 0.1216983 0.2614097 0.1695626 0.0930172 0.1519719 0.1615331 0.2064882 0.0844214 0.1406285 0.1408233 0.1086098 0.1669673 0.2138247 0.1158586 0.1467770 0.0637425 0.1151148 0.0488756 0.1461252 0.1095676 0.1122867 0.1320437 0.1779740 0.1603405 0.1624877 0.1042675 0.1006097 0.1142503 0.1280876 0.1233135 0.0885278 0.1799236 0.1684127 0.0938392 0.0835374 0.1216983 0.1076417 0.1502476 0.1802871 0.1383815 0.0490504 0.1238670 0.0552354 0.1243348 0.1380816 0.1596246 0.1558230 0.1653123 0.0995675 0.1676302 0.0918241 0.1870886 0.1244866 0.1081325 
S0292      0.0709458 0.1082503 0.0752961 0.0784116 0.0633502 0.1531103 0.0000000 0.0709184 0.1003533 0.1303723 0.0841474 0.1381546 0.1478316 0.1085321 0.1321512 0.0691432 0.0612496 0.0900813 0.0995309 0.0906719 0.1217299 0.0792387 0.0706912 0.0755128 0.0995096 0.0835753 0.0588500 0.0917838 0.1547158 0.0636471 0.0701637 0.1517417 0.1458634 0.0436981 0.0712609 0.0837982 0.0937359 0.1358056 0.0840025 0.1037250 0.0565110 0.0783947 0.0633292 0.0774905 0.1006969 0.1224563 0.1544248 0.0571244 0.0625936 0.1069094 0.1070919 0.1078505 0.2185194 0.1239788 0.0708496 0.0493210 0.0562172 0.1678718 0.0783147 0.0493802 0.0551656 0.0498446 0.0946086 0.1750499 0.0639166 0.0917982 0.0263124 0.0759795 0.1635004 0.0988373 0.0870676 0.0982229 0.0627316 0.1568144 0.0759476 0.0000023 0.0520572 0.0576509 0.0699810 0.0438240 0.0560258 0.1533733 0.0236877 0.0173819 0.0618273 0.0774905 0.1078505 0.0567985 0.0174446 0.0553263 0.0849446 0.1194138 0.0709458 0.1629594 0.0791591 0.0707513 0.0556897 0.0689778 0.0708264 0.0775614 0.1326925 0.0782119 0.0613699 0.0632419 0.0570607 
S0293      0.0236335 0.0964385 0.0317769 0.0299043 0.0634332 0.1237769 0.0709184 0.0000000 0.0734682 0.1174971 0.0666669 0.0999287 0.1369486 0.0728562 0.1269299 0.0914201 0.1018729 0.0634015 0.0613866 0.0674587 0.1020858 0.0430038 0.0359498 0.0669412 0.0705615 0.0485620 0.0448060 0.0666011 0.1404926 0.0295171 0.0234018 0.1372409 0.1322144 0.0302855 0.0237293 0.0521663 0.0678374 0.1183308 0.0546577 0.0711909 0.0115284 0.0425839 0.0174304 0.0421307 0.1017707 0.0866712 0.1402724 0.0424812 0.0845343 0.0775300 0.0776452 0.0689397 0.1845006 0.0977121 0.0400373 0.0565731 0.0707541 0.1556139 0.0361641 0.0623705 0.0763431 0.0299516 0.1016371 0.1449352 0.0056703 0.0420457 0.0482416 0.0521829 0.1487778 0.0654157 0.0693590 0.0709908 0.0298126 0.1336290 0.1082360 0.0783218 0.0000022 0.0117415 0.0294414 0.0580210 0.0359150 0.1510063 0.0925756 0.0841771 0.0189253 0.0421307 0.0689397 0.0115813 0.0845240 0.0927887 0.0484037 0.1074038 0.0175642 0.1564600 0.0364592 0.0556367 0.0770887 0.0911826 0.0715482 0.0548498 0.0902474 0.0424909 0.0991906 0.0296852 0.0359042 
S0294      0.0812230 0.1042635 0.0705091 0.0676779 0.0740221 0.1422893 0.1003533 0.0734682 0.0000000 0.1463493 0.0942343 0.1227238 0.1672680 0.0853699 0.1365200 0.1297724 0.1363099 0.0923752 0.0968193 0.1035370 0.1262448 0.0821513 0.0741496 0.0762048 0.1058563 0.0962925 0.0782661 0.0950733 0.1521090 0.0659124 0.0726579 0.1296388 0.1443642 0.0751204 0.0738358 0.0790074 0.0872680 0.1644335 0.0956978 0.1002043 0.0585003 0.0812448 0.0655716 0.0802740 0.1520074 0.1253538 0.1532513 0.0814228 0.1220578 0.1137555 0.1056930 0.0884565 0.2267042 0.0898620 0.0482297 0.0900163 0.0904755 0.1937144 0.0733222 0.0960974 0.1121488 0.0741990 0.0992576 0.1812522 0.0662004 0.0883120 0.0680291 0.0789846 0.1626741 0.1011607 0.0908416 0.0933511 0.0809792 0.1335011 0.1497663 0.1171323 0.0464840 0.0597221 0.0875993 0.0847546 0.0808528 0.1642227 0.1253267 0.1312567 0.0712088 0.0802740 0.0884565 0.0588089 0.1245077 0.1401259 0.0805563 0.1158750 0.0734988 0.1710892 0.0751108 0.0962617 0.1133338 0.1293757 0.0826495 0.0953803 0.1554416 0.0810481 0.1387899 0.0816305 0.0734839 
S0299      0.1175791 0.0322994 0.0823422 0.1092181 0.1059338 0.0500118 0.1303723 0.1174971 0.1463493 0.0000000 0.1167858 0.1633759 0.0500208 0.1383672 0.0258563 0.1709725 0.1629791 0.1163237 0.1066730 0.1449851 0.0308987 0.0791898 0.1012301 0.1125728 0.1920834 0.1495919 0.1243280 0.1249244 0.0439441 0.1242181 0.1161501 0.0453934 0.0503937 0.1036326 0.1089344 0.0819767 0.1189982 0.2042395 0.1396481 0.1188280 0.1008370 0.0783476 0.1085294 0.0774451 0.1966400 0.1368137 0.0429082 0.0954347 0.1540824 0.2012437 0.2017490 0.1226363 0.2854788 0.1553581 0.0862943 0.1455519 0.1550947 0.2126563 0.0782666 0.1343116 0.1345053 0.1023115 0.1568303 0.2337838 0.1095852 0.1405633 0.0562842 0.1172771 0.0494944 0.1231512 0.1210612 0.1144831 0.1257493 0.1640947 0.1539398 0.1394482 0.0977940 0.0943425 0.1238995 0.1210135 0.1170477 0.0907866 0.1564627 0.1455322 0.1030676 0.0774451 0.1226363 0.1013965 0.1279549 0.1738535 0.1321653 0.0506166 0.1175791 0.0559420 0.1180402 0.1166255 0.1532559 0.1495746 0.1679195 0.0790850 0.1697151 0.0856539 0.1807454 0.1158160 0.0872290 
S0303      0.0666917 0.0856049 0.0403887 0.0743545 0.0147015 0.1227274 0.0841474 0.0666669 0.0942343 0.1167858 0.0000000 0.0325334 0.1356199 0.0000021 0.1239720 0.1314595 0.1146844 0.0000023 0.0965612 0.0807203 0.1067630 0.0595035 0.0597792 0.0135855 0.1330592 0.0883609 0.0187580 0.0000029 0.1226047 0.0653099 0.0659334 0.1187208 0.1318320 0.0605435 0.0669972 0.0545586 0.0000023 0.1554612 0.0876084 0.0000023 0.0518987 0.0588747 0.0589022 0.0581993 0.1541391 0.0370070 0.1403105 0.0668615 0.1236264 0.1336986 0.1418237 0.0722804 0.2073820 0.1045990 0.0127609 0.0910893 0.1077842 0.1754758 0.0588133 0.0972416 0.1135389 0.0598087 0.1365859 0.1635614 0.0594681 0.0722549 0.0513241 0.0000030 0.1492673 0.0120212 0.0000025 0.0000023 0.0667327 0.0777843 0.1424953 0.0923792 0.0471193 0.0529810 0.0730503 0.0857774 0.0663882 0.1385361 0.1074763 0.0986405 0.0645942 0.0581993 0.0722804 0.0521705 0.0990854 0.1250128 0.0886874 0.0978031 0.0666917 0.1573582 0.0825349 0.0897638 0.1147541 0.1310504 0.1017121 0.0805808 0.1300540 0.0587366 0.1319761 0.0670232 0.0592532 
S0308      0.0918322 0.1416040 0.0706166 0.1086623 0.0393298 0.1724997 0.1381546 0.0999287 0.1227238 0.1633759 0.0325334 0.0000000 0.1756358 0.0429034 0.1754240 0.1730201 0.1573689 0.0348593 0.1385656 0.0901651 0.1444772 0.0920042 0.0905620 0.0519909 0.1566570 0.1238221 0.0466891 0.0324979 0.1927352 0.0977225 0.0987478 0.1908152 0.1687591 0.0937296 0.0914356 0.0707687 0.0330956 0.1795953 0.1149100 0.0382443 0.0832201 0.0909511 0.0909989 0.0898252 0.1998691 0.0661391 0.1779028 0.1082199 0.1547603 0.1574396 0.1661808 0.0979023 0.2615221 0.1486436 0.0403043 0.1279934 0.1469107 0.2023027 0.0908513 0.1342463 0.1525385 0.0925213 0.1660141 0.2107303 0.0919199 0.1052958 0.0858314 0.0330486 0.1876523 0.0523170 0.0339836 0.0343949 0.1000695 0.1194165 0.1861015 0.1478717 0.0793641 0.0850766 0.1066177 0.1215333 0.0995166 0.1739372 0.1660612 0.1542458 0.0993563 0.0898252 0.0979023 0.0836934 0.1550212 0.1664323 0.1243042 0.1527119 0.0999903 0.1869819 0.1180317 0.1243600 0.1542609 0.1724053 0.1406667 0.1231359 0.1713329 0.0907236 0.1645294 0.0984536 0.0993503 
S0320      0.1370634 0.0603756 0.1001108 0.1280521 0.1169263 0.0436385 0.1478316 0.1369486 0.1672680 0.0500208 0.1356199 0.1756358 0.0000000 0.1395918 0.0395192 0.1723870 0.1824858 0.1363554 0.1333678 0.1654964 0.0510115 0.0961618 0.1195047 0.1332424 0.1937514 0.1507578 0.1353552 0.1355033 0.0716300 0.1439182 0.1353060 0.0654591 0.0641329 0.1043875 0.1277152 0.1075981 0.1382576 0.2032845 0.1602395 0.1385719 0.1190418 0.0950902 0.1272322 0.0939442 0.1983930 0.1656110 0.0498951 0.1204145 0.1553270 0.2030128 0.2035296 0.1345181 0.2687201 0.1768514 0.1038651 0.1467098 0.1563553 0.2118478 0.0949891 0.1353399 0.1355359 0.1030463 0.1581193 0.2193708 0.1285143 0.1613170 0.0730271 0.1276408 0.0629707 0.1514965 0.1125417 0.1252011 0.1457876 0.1952172 0.1551809 0.1573018 0.1166085 0.1123214 0.1435444 0.1130418 0.1179076 0.1079631 0.1749532 0.1633657 0.1128900 0.0939442 0.1345181 0.1197353 0.1450264 0.1753190 0.1523631 0.0787691 0.1370634 0.0695842 0.1375719 0.1328657 0.1544835 0.1507411 0.1693457 0.1110879 0.1929442 0.1028376 0.1822678 0.1349028 0.1202981 
S0322      0.0728890 0.0838523 0.0439727 0.0813719 0.0159029 0.1251012 0.1085321 0.0728562 0.0853699 0.1383672 0.0000021 0.0429034 0.1395918 0.0000000 0.1267028 0.1450481 0.1368207 0.0000024 0.1143688 0.0964049 0.1007422 0.0649754 0.0653017 0.0072288 0.1470025 0.0967585 0.0271195 0.0000022 0.1341769 0.0712326 0.0641562 0.1302951 0.1336093 0.0654382 0.0732534 0.0597435 0.0000022 0.1506650 0.0958511 0.0129542 0.0565664 0.0642234 0.0642565 0.0634191 0.1611188 0.0551197 0.1442439 0.0810570 0.1363471 0.1477757 0.1470025 0.0719154 0.2220097 0.1249891 0.0068592 0.1000564 0.1187077 0.1858987 0.0641512 0.1067310 0.1248893 0.0653414 0.1302468 0.1724188 0.0649298 0.0794516 0.0562417 0.0000022 0.1540206 0.0197677 0.0000023 0.0000021 0.0642565 0.1020163 0.1454183 0.1179752 0.0515285 0.0575200 0.0798103 0.0857819 0.0725281 0.1445610 0.1268056 0.1246765 0.0706355 0.0634191 0.0719154 0.0568913 0.1253040 0.1362112 0.0971488 0.0977849 0.0728890 0.1628252 0.0904751 0.1068786 0.1263550 0.1353820 0.1018004 0.0962386 0.1337944 0.0640598 0.1437446 0.0732853 0.0724438 
S0327      0.1098184 0.0270220 0.0957766 0.1096795 0.1018973 0.0124797 0.1321512 0.1269299 0.1365200 0.0258563 0.1239720 0.1754240 0.0395192 0.1267028 0.0000000 0.1745964 0.1530175 0.1234420 0.1156302 0.1489124 0.0193686 0.0848224 0.1098671 0.1188998 0.1769046 0.1529970 0.1256908 0.1312891 0.0259718 0.1341478 0.1253611 0.0406873 0.0127416 0.1119941 0.1175604 0.0974591 0.1259575 0.1832497 0.1247606 0.1381413 0.1087380 0.0765958 0.1170957 0.0832907 0.1922655 0.1393335 0.0124975 0.1030426 0.1565899 0.1863731 0.1868466 0.1164141 0.2397147 0.1618836 0.0910893 0.1474953 0.1576820 0.1842552 0.0842435 0.1354995 0.1357059 0.1104557 0.1511760 0.1911655 0.1183187 0.1347207 0.0685651 0.1245261 0.0189252 0.1341448 0.1179174 0.1188459 0.1359387 0.1672888 0.1564337 0.1418993 0.1047251 0.1017692 0.1165409 0.1216518 0.1264186 0.0721142 0.1397012 0.1483926 0.1028968 0.0832907 0.1164141 0.1093896 0.1295300 0.1769283 0.1339857 0.0323940 0.1184074 0.0188850 0.1275446 0.1259136 0.1556909 0.1430490 0.1705791 0.0851892 0.1562071 0.0922449 0.1660009 0.1257734 0.0940805 
S0335      0.0914672 0.1482176 0.0980576 0.0926360 0.1088036 0.1773261 0.0691432 0.0914201 0.1297724 0.1709725 0.1314595 0.1730201 0.1723870 0.1450481 0.1745964 0.0000000 0.0538480 0.1319124 0.1209685 0.1053445 0.1535896 0.1003722 0.0911283 0.1096567 0.0906400 0.0836311 0.0878641 0.1313489 0.1965009 0.0838044 0.0766164 0.1751857 0.1794316 0.0632227 0.0918764 0.1059063 0.1245533 0.1743075 0.0840587 0.1344469 0.0763065 0.0992810 0.0833791 0.0981136 0.0844075 0.1421482 0.1884385 0.0910327 0.0550466 0.0978060 0.0979642 0.1297459 0.2474135 0.1476640 0.0936100 0.0291333 0.0354018 0.1942575 0.0991783 0.0422312 0.0355492 0.0694084 0.0857056 0.2014916 0.0841548 0.1062013 0.0402723 0.1142107 0.1980624 0.1289119 0.1276352 0.1408676 0.0989525 0.1574475 0.0623989 0.0763355 0.0580829 0.0778655 0.0975794 0.0367046 0.0756439 0.2121299 0.0901905 0.0751322 0.0837951 0.0981136 0.1297459 0.0767033 0.0823848 0.0553884 0.1205121 0.1585222 0.0914672 0.2063870 0.1076974 0.1053978 0.0356725 0.0359374 0.0628764 0.1125494 0.1638904 0.0990458 0.0549895 0.0832534 0.0909415 
S0345      0.1019381 0.1271855 0.0834941 0.0959698 0.1272357 0.1677468 0.0612496 0.1018729 0.1363099 0.1629791 0.1146844 0.1573689 0.1824858 0.1368207 0.1530175 0.0538480 0.0000000 0.1060415 0.1266763 0.0938009 0.1407545 0.1121655 0.1015148 0.1269449 0.1102988 0.0849893 0.1044133 0.1157585 0.1668655 0.0848025 0.0851873 0.1544389 0.1605841 0.0702312 0.1024465 0.0914825 0.1080853 0.1985013 0.0934319 0.1214686 0.0848025 0.1108005 0.0927408 0.1093457 0.1117330 0.1398401 0.1701064 0.0934180 0.0541478 0.1102988 0.1187980 0.1096590 0.2289078 0.1741301 0.1006819 0.0543045 0.0475955 0.2013928 0.1106736 0.0466287 0.0606954 0.0770801 0.0956112 0.2091378 0.0936963 0.0932688 0.0143603 0.0897263 0.1618076 0.1056165 0.1113404 0.1246692 0.1008281 0.1472336 0.0404938 0.0618263 0.0646779 0.0867293 0.1003607 0.0483307 0.0839857 0.1879989 0.0839365 0.0681125 0.1025014 0.1093457 0.1096590 0.0852940 0.0684060 0.0331914 0.1261453 0.1388524 0.1019381 0.1706079 0.1203875 0.1000590 0.0195631 0.0610374 0.0783033 0.1172664 0.1842054 0.1105080 0.0329423 0.0773542 0.0933167 
S0355      0.0634250 0.0824027 0.0355845 0.0714836 0.0155770 0.1226358 0.0900813 0.0634015 0.0923752 0.1163237 0.0000023 0.0348593 0.1363554 0.0000024 0.1234420 0.1319124 0.1060415 0.0000000 0.0949373 0.0782328 0.1057036 0.0558618 0.0561368 0.0146898 0.1336185 0.0864178 0.0201524 0.0000023 0.1225056 0.0620412 0.0626650 0.1183716 0.1323079 0.0493773 0.0637318 0.0500127 0.0000023 0.1355012 0.0855102 0.0000025 0.0479106 0.0552394 0.0552666 0.0545719 0.1466853 0.0397140 0.1413230 0.0635975 0.1235898 0.1343010 0.1429480 0.0693795 0.1999849 0.1119044 0.0137304 0.0891071 0.1067753 0.1668622 0.0551788 0.0956424 0.1128920 0.0561636 0.1373902 0.1546059 0.0558285 0.0693571 0.0467531 0.0000021 0.1508594 0.0128775 0.0000024 0.0000023 0.0558804 0.0837669 0.1436682 0.0989806 0.0426984 0.0484976 0.0701596 0.0834286 0.0631191 0.1404316 0.1064974 0.1056285 0.0599446 0.0545719 0.0693795 0.0479105 0.1061402 0.1250634 0.0866238 0.0962282 0.0634250 0.1594682 0.0800924 0.0797912 0.1141751 0.1314763 0.1003111 0.0780887 0.1217803 0.0551028 0.1324626 0.0637596 0.0556160 
S0376      0.0614056 0.0974087 0.0652924 0.0695697 0.0900179 0.1299958 0.0995309 0.0613866 0.0968193 0.1066730 0.0965612 0.1385656 0.1333678 0.1143688 0.1156302 0.1209685 0.1266763 0.0949373 0.0000000 0.0799673 0.0918478 0.0831033 0.0608206 0.0924421 0.1292551 0.1027466 0.0866920 0.1041270 0.1339493 0.0811107 0.0741877 0.1277815 0.1207980 0.0693075 0.0753124 0.0793860 0.0982978 0.1532754 0.0946256 0.1078314 0.0609033 0.0822463 0.0675434 0.0813272 0.1401009 0.1250595 0.1136908 0.0686022 0.1211521 0.1370092 0.1372707 0.1108020 0.2056482 0.0969063 0.0608202 0.0981453 0.0992999 0.1927100 0.0821644 0.1038296 0.0899656 0.0616980 0.1230841 0.1808384 0.0681488 0.0816140 0.0546939 0.0883682 0.1215452 0.0947393 0.1086545 0.1030530 0.0819945 0.1594255 0.1393011 0.1074821 0.0500189 0.0620927 0.0672827 0.0779967 0.0746737 0.1489762 0.1225562 0.1132815 0.0666161 0.0813272 0.1108020 0.0612044 0.1070395 0.1228243 0.0880000 0.0991111 0.0680867 0.1288037 0.0835774 0.0899587 0.1057454 0.1110895 0.1083866 0.0813957 0.1340751 0.0820602 0.1292914 0.0417246 0.0614763 
S0412sl    0.0674821 0.1265200 0.0577266 0.0552615 0.0889048 0.1541445 0.0906719 0.0674587 0.1035370 0.1449851 0.0807203 0.0901651 0.1654964 0.0964049 0.1489124 0.1053445 0.0938009 0.0782328 0.0799673 0.0000000 0.1217414 0.0752642 0.0537723 0.0826483 0.0921145 0.0677884 0.0715951 0.0806442 0.1717441 0.0605893 0.0540428 0.1608815 0.1442530 0.0618448 0.0677658 0.0783986 0.0747445 0.1438787 0.0479380 0.0848772 0.0538409 0.0745054 0.0603018 0.0736907 0.1244096 0.1224904 0.1522626 0.0742846 0.0983683 0.0993972 0.0995612 0.1022674 0.2030098 0.1165727 0.0530051 0.0697631 0.0705506 0.1806338 0.0744315 0.0754996 0.0898183 0.0611553 0.1071574 0.1786493 0.0608341 0.0609594 0.0470727 0.0658366 0.1451805 0.0928653 0.0840184 0.0859989 0.0675212 0.1648997 0.0999821 0.0913681 0.0366230 0.0548733 0.0733212 0.0641673 0.0672000 0.1761998 0.1203706 0.1113165 0.0518899 0.0736907 0.1022674 0.0541013 0.1117834 0.0849128 0.0941483 0.1368562 0.0674821 0.1372832 0.0686353 0.0955987 0.0768619 0.1050620 0.0861486 0.0869770 0.1184206 0.0743400 0.0914682 0.0476567 0.0671407 
S0417      0.0944784 0.0255312 0.0678435 0.0941221 0.0935501 0.0245128 0.1217299 0.1020858 0.1262448 0.0308987 0.1067630 0.1444772 0.0510115 0.1007422 0.0193686 0.1535896 0.1407545 0.1057036 0.0918478 0.1217414 0.0000000 0.0650022 0.0792956 0.1016707 0.1646351 0.1332452 0.1079336 0.1076936 0.0378963 0.1087382 0.1009351 0.0317382 0.0367590 0.0884189 0.0938752 0.0816355 0.1087398 0.1799265 0.1158616 0.1124681 0.0860754 0.0639919 0.0935245 0.0635978 0.1873209 0.1379853 0.0432064 0.0876687 0.1371538 0.1734027 0.1738022 0.1004069 0.2317180 0.1174947 0.0695969 0.1288915 0.1380549 0.1793442 0.0642594 0.1182852 0.1184682 0.0873089 0.1386310 0.1866340 0.0944265 0.1245879 0.0417201 0.1002502 0.0498351 0.1057886 0.0945068 0.0968482 0.1100480 0.1655302 0.1576692 0.1305962 0.0825103 0.0879068 0.1007725 0.0980172 0.1016866 0.0912183 0.1472697 0.1366784 0.0863897 0.0635978 0.1004069 0.0865430 0.1195027 0.1561438 0.1164554 0.0304679 0.1021471 0.0563230 0.1025720 0.1268873 0.1364603 0.1332193 0.1504771 0.0717469 0.1444627 0.0714098 0.1630234 0.0933724 0.0796703 
S0419      0.0430122 0.0591682 0.0185242 0.0495350 0.0393827 0.0854138 0.0792387 0.0430038 0.0821513 0.0791898 0.0595035 0.0920042 0.0961618 0.0649754 0.0848224 0.1003722 0.1121655 0.0558618 0.0831033 0.0752642 0.0650022 0.0000000 0.0302588 0.0589499 0.1014887 0.0695172 0.0452264 0.0594429 0.1006104 0.0491062 0.0425679 0.0963893 0.0856889 0.0371539 0.0363603 0.0313844 0.0605420 0.1366361 0.0620974 0.0641956 0.0299407 0.0000023 0.0362273 0.0000023 0.1115118 0.0653150 0.1005236 0.0367907 0.0932772 0.1090584 0.1092499 0.0485772 0.2053366 0.0988553 0.0330805 0.0643356 0.0790519 0.1749289 0.0000029 0.0702117 0.0846834 0.0367356 0.1112100 0.1635524 0.0365525 0.0494129 0.0411586 0.0526850 0.1082887 0.0583885 0.0536160 0.0551474 0.0496242 0.1102692 0.1179581 0.0869305 0.0247786 0.0305165 0.0489794 0.0660180 0.0364016 0.1078805 0.1016783 0.0928696 0.0327180 0.0000023 0.0485772 0.0300838 0.0932633 0.1019130 0.0692704 0.0843956 0.0430122 0.1155481 0.0569310 0.0703577 0.0855282 0.1001002 0.0875455 0.0361004 0.1069955 0.0235395 0.1084506 0.0494077 0.0302214 
S0427      0.0359550 0.0811688 0.0315154 0.0424675 0.0471001 0.1096075 0.0706912 0.0359498 0.0741496 0.1012301 0.0597792 0.0905620 0.1195047 0.0653017 0.1098671 0.0911283 0.1015148 0.0561368 0.0608206 0.0537723 0.0792956 0.0302588 0.0000000 0.0592549 0.0921119 0.0615821 0.0446590 0.0597188 0.1259608 0.0419065 0.0355945 0.1222932 0.1155300 0.0301900 0.0361023 0.0446391 0.0608270 0.1203010 0.0544894 0.0644816 0.0233766 0.0299692 0.0294569 0.0296561 0.1093393 0.0722088 0.1232769 0.0423488 0.0842636 0.0994046 0.0995688 0.0687237 0.1876599 0.0823523 0.0327844 0.0563930 0.0705270 0.1581933 0.0299403 0.0621749 0.0761022 0.0298581 0.0926901 0.1472895 0.0297153 0.0421622 0.0333629 0.0454902 0.1314169 0.0652008 0.0621789 0.0636403 0.0423354 0.1177355 0.1011102 0.0780688 0.0181229 0.0238151 0.0417996 0.0507090 0.0358037 0.1429357 0.0922767 0.0839088 0.0252656 0.0296561 0.0687237 0.0234860 0.0842535 0.0924886 0.0613724 0.0936123 0.0359550 0.1388784 0.0493165 0.0623135 0.0768433 0.0908924 0.0720149 0.0485924 0.0910538 0.0295627 0.0988728 0.0294245 0.0357930 
S0430      0.0669692 0.0783876 0.0378080 0.0586211 0.0150114 0.1191635 0.0755128 0.0669412 0.0762048 0.1125728 0.0135855 0.0519909 0.1332424 0.0072288 0.1188998 0.1096567 0.1269449 0.0146898 0.0924421 0.0826483 0.1016707 0.0589499 0.0592549 0.0000000 0.1204437 0.0745438 0.0349886 0.0135689 0.1087128 0.0658154 0.0661195 0.1038037 0.1188165 0.0601011 0.0673124 0.0457915 0.0136422 0.1663667 0.0738536 0.0133698 0.0504994 0.0582561 0.0582864 0.0575128 0.1429055 0.0491896 0.1292691 0.0671598 0.1104101 0.1204437 0.1298566 0.0576847 0.2286746 0.1013903 0.0068483 0.0757087 0.0933950 0.1913085 0.0581884 0.0749704 0.0998318 0.0592871 0.1263992 0.1773300 0.0589110 0.0737300 0.0311130 0.0139433 0.1389646 0.0204606 0.0141351 0.0000028 0.0662268 0.0723208 0.1293983 0.0762988 0.0446362 0.0516735 0.0659215 0.0696224 0.0586335 0.1371091 0.1012606 0.0831609 0.0646306 0.0575128 0.0576847 0.0507937 0.0742828 0.1098197 0.0911350 0.0919349 0.0669692 0.1478138 0.0753166 0.0833276 0.1009976 0.1184793 0.0866082 0.0824907 0.1289309 0.0581040 0.1178551 0.0673420 0.0586738 
S0552sl    0.0556579 0.1685383 0.0902923 0.0787767 0.1104640 0.1795108 0.0995096 0.0705615 0.1058563 0.1920834 0.1330592 0.1566570 0.1937514 0.1470025 0.1769046 0.0906400 0.1102988 0.1336185 0.1292551 0.0921145 0.1646351 0.1014887 0.0921119 0.1204437 0.0000000 0.0702188 0.0888485 0.1329460 0.1989789 0.0703579 0.0633477 0.1961176 0.2008432 0.0709555 0.0781298 0.1155206 0.1260714 0.1665648 0.0570620 0.1360344 0.0630962 0.0928450 0.0700043 0.0991789 0.0915233 0.1553232 0.2103043 0.0920127 0.0683322 0.0056526 0.0056578 0.1312212 0.2394782 0.1315469 0.0947275 0.0560975 0.0563632 0.2144812 0.0927485 0.0699053 0.0757026 0.0701320 0.1104148 0.1939566 0.0706548 0.0922257 0.0707680 0.1155678 0.2204665 0.1304523 0.1292329 0.1427074 0.0850872 0.1900727 0.1072892 0.1074664 0.0444303 0.0643756 0.0766930 0.0575218 0.0764326 0.2366703 0.1225545 0.1132708 0.0689515 0.0991789 0.1312212 0.0634202 0.1137558 0.0991509 0.0988317 0.1785757 0.0624442 0.2290816 0.0860863 0.1065484 0.0764363 0.0904068 0.0484001 0.1137858 0.1370949 0.1001321 0.0983382 0.0919953 0.0919194 
S0558      0.0617936 0.1278329 0.0660074 0.0425363 0.0709318 0.1558360 0.0835753 0.0485620 0.0962925 0.1495919 0.0883609 0.1238221 0.1507578 0.0967585 0.1529970 0.0836311 0.0849893 0.0864178 0.1027466 0.0677884 0.1332452 0.0695172 0.0615821 0.0745438 0.0702188 0.0000000 0.0579006 0.0882789 0.1650725 0.0419733 0.0356498 0.1627548 0.1488019 0.0423099 0.0487758 0.0806048 0.0823947 0.1502525 0.0549117 0.0923476 0.0355193 0.0688114 0.0417763 0.0680534 0.1012551 0.1087619 0.1571315 0.0615481 0.0768743 0.0771522 0.0772663 0.0966945 0.2184650 0.1273684 0.0540252 0.0495623 0.0633776 0.1880382 0.0619687 0.0553306 0.0689674 0.0418460 0.0934039 0.1765354 0.0421450 0.0549162 0.0551480 0.0731518 0.1659614 0.0867045 0.0836578 0.0942118 0.0551512 0.1505728 0.0999247 0.0910977 0.0181206 0.0361948 0.0677105 0.0508159 0.0477841 0.1679441 0.1054693 0.0968364 0.0454434 0.0680534 0.0966945 0.0356890 0.0972356 0.0846588 0.0746103 0.1382713 0.0485731 0.1738185 0.0624657 0.0747976 0.0696335 0.0834203 0.0711958 0.0814103 0.1196508 0.0686572 0.0911973 0.0683120 0.0614833 
S0616      0.0448156 0.1020379 0.0333039 0.0518942 0.0373227 0.1309217 0.0588500 0.0448060 0.0782661 0.1243280 0.0187580 0.0466891 0.1353552 0.0271195 0.1256908 0.0878641 0.1044133 0.0201524 0.0866920 0.0715951 0.1079336 0.0452264 0.0446590 0.0349886 0.0888485 0.0579006 0.0000000 0.0187368 0.1487742 0.0441596 0.0443331 0.1455880 0.1399224 0.0318281 0.0450128 0.0474563 0.0190709 0.1434061 0.0576832 0.0243112 0.0311662 0.0447618 0.0377214 0.0442618 0.1066378 0.0439645 0.1485067 0.0514659 0.0807510 0.0888485 0.0811826 0.0650583 0.2174137 0.1036614 0.0063968 0.0519766 0.0665381 0.1848991 0.0447153 0.0584958 0.0723661 0.0314597 0.0991755 0.1726842 0.0380731 0.0576047 0.0346006 0.0188739 0.1575936 0.0246674 0.0260365 0.0198913 0.0443895 0.0859467 0.0962973 0.0662163 0.0258307 0.0317907 0.0510213 0.0533557 0.0377214 0.1489602 0.0805153 0.0722486 0.0412300 0.0442618 0.0650583 0.0313223 0.0725496 0.0807090 0.0511912 0.1134645 0.0314279 0.1657424 0.0593809 0.0657913 0.0730992 0.0876295 0.0673094 0.0649538 0.1118074 0.0446590 0.0724530 0.0514869 0.0445938 
S0620      0.0666258 0.0933776 0.0403441 0.0742824 0.0146822 0.1226204 0.0917838 0.0666011 0.0950733 0.1249244 0.0000029 0.0324979 0.1355033 0.0000022 0.1312891 0.1313489 0.1157585 0.0000023 0.1041270 0.0806442 0.1076936 0.0594429 0.0597188 0.0135689 0.1329460 0.0882789 0.0187368 0.0000000 0.1306801 0.0652464 0.0658688 0.1270170 0.1387229 0.0604815 0.0669300 0.0550168 0.0000026 0.1570071 0.0800807 0.0000026 0.0518461 0.0588160 0.0588433 0.0581415 0.1540124 0.0437056 0.1486625 0.0736233 0.1235188 0.1335846 0.1417058 0.0722115 0.2202536 0.1045049 0.0128613 0.0910024 0.1076858 0.1872092 0.0587548 0.0971516 0.1134387 0.0597482 0.1364682 0.1747874 0.0594083 0.0721862 0.0512652 0.0000022 0.1577577 0.0182470 0.0000023 0.0000025 0.0666677 0.0853571 0.1423765 0.1001657 0.0468158 0.0529264 0.0729807 0.0856928 0.0663227 0.1398333 0.1065774 0.1064051 0.0645251 0.0581415 0.0722115 0.0521181 0.1068893 0.1249038 0.0886049 0.1054891 0.0666258 0.1659126 0.0824557 0.0972982 0.1146524 0.1309406 0.1016158 0.0878540 0.1299446 0.0586780 0.1318646 0.0669576 0.0662602 
S0624      0.1241270 0.0315274 0.1058198 0.1317930 0.0924302 0.0431281 0.1547158 0.1404926 0.1521090 0.0439441 0.1226047 0.1927352 0.0716300 0.1341769 0.0259718 0.1965009 0.1668655 0.1225056 0.1339493 0.1717441 0.0378963 0.1006104 0.1259608 0.1087128 0.1989789 0.1650725 0.1487742 0.1306801 0.0000000 0.1472594 0.1388529 0.0520539 0.0721491 0.1264469 0.1314576 0.1146495 0.1248939 0.2097485 0.1461516 0.1337774 0.1229712 0.0920694 0.1309763 0.0983440 0.2240225 0.1610920 0.0637684 0.1178198 0.1696837 0.2081299 0.2086569 0.1380628 0.2759676 0.1831672 0.1016267 0.1702224 0.1802519 0.2190417 0.0994124 0.1581133 0.1583168 0.1248103 0.1864390 0.2264979 0.1322583 0.1642110 0.0803947 0.1231148 0.0569096 0.1473742 0.1176545 0.1205885 0.1491203 0.1896109 0.1788950 0.1642272 0.1207613 0.1164398 0.1303868 0.1479085 0.1399765 0.1066739 0.1819115 0.1702112 0.1187010 0.0983440 0.1380628 0.1236696 0.1517879 0.1998447 0.1554889 0.0571268 0.1406097 0.0776036 0.1411074 0.1394294 0.1780516 0.1866297 0.1846098 0.1004619 0.1764486 0.1071015 0.2066821 0.1413233 0.1091335 
S0641      0.0420440 0.1031847 0.0448332 0.0358566 0.0622987 0.1304417 0.0636471 0.0295171 0.0659124 0.1242181 0.0653099 0.0977225 0.1439182 0.0712326 0.1341478 0.0838044 0.0848025 0.0620412 0.0811107 0.0605893 0.1087382 0.0491062 0.0419065 0.0658154 0.0703579 0.0419733 0.0441596 0.0652464 0.1472594 0.0000000 0.0173415 0.1442163 0.1389269 0.0363141 0.0296397 0.0586282 0.0664324 0.1431271 0.0479966 0.0697789 0.0172810 0.0486259 0.0232242 0.0481088 0.1014857 0.0848889 0.1470133 0.0485041 0.0770301 0.0708406 0.0774239 0.0751254 0.2113582 0.1040865 0.0394369 0.0496517 0.0634997 0.1810541 0.0421578 0.0554316 0.0691010 0.0359151 0.0936106 0.1696559 0.0234257 0.0480051 0.0478138 0.0511496 0.1555615 0.0641083 0.0678885 0.0694506 0.0357467 0.1306791 0.1001484 0.0778739 0.0119266 0.0176001 0.0478765 0.0509102 0.0418677 0.1582276 0.0848478 0.0905442 0.0252108 0.0481088 0.0751254 0.0173602 0.0909176 0.0850442 0.0358521 0.1139542 0.0295201 0.1632358 0.0424978 0.0686830 0.0697699 0.0835925 0.0713393 0.0608795 0.1042772 0.0485193 0.0913925 0.0482848 0.0418499 
S0643      0.0357097 0.0953388 0.0380571 0.0296086 0.0542127 0.1223654 0.0701637 0.0234018 0.0726579 0.1161501 0.0659334 0.0987478 0.1353060 0.0641562 0.1253611 0.0766164 0.0851873 0.0626650 0.0741877 0.0540428 0.1009351 0.0425679 0.0355945 0.0661195 0.0633477 0.0356498 0.0443331 0.0658688 0.1388529 0.0173415 0.0000000 0.1355930 0.1306897 0.0237910 0.0234974 0.0516051 0.0670781 0.1341647 0.0416184 0.0704291 0.0114190 0.0421564 0.0172634 0.0417133 0.0937818 0.0857145 0.1386415 0.0420562 0.0699315 0.0701871 0.0702876 0.0682257 0.2013721 0.0966582 0.0395975 0.0430345 0.0566032 0.1717117 0.0358052 0.0488115 0.0622280 0.0296552 0.0860637 0.1606213 0.0174127 0.0416294 0.0405659 0.0447766 0.1470294 0.0577300 0.0685647 0.0625534 0.0174145 0.1320662 0.0925581 0.0774766 0.0059085 0.0057680 0.0415146 0.0441183 0.0355601 0.1491162 0.0915616 0.0832751 0.0123811 0.0417133 0.0682257 0.0114708 0.0836145 0.0777398 0.0479206 0.1062089 0.0234032 0.1546159 0.0360937 0.0618656 0.0628267 0.0764273 0.0642204 0.0542984 0.0968375 0.0420654 0.0840505 0.0418642 0.0355501 
S0645sl    0.1373562 0.0190017 0.1015352 0.1203033 0.0975141 0.0512230 0.1517417 0.1372409 0.1296388 0.0453934 0.1187208 0.1908152 0.0654591 0.1302951 0.0406873 0.1751857 0.1544389 0.1183716 0.1277815 0.1608815 0.0317382 0.0963893 0.1222932 0.1038037 0.1961176 0.1627548 0.1455880 0.1270170 0.0520539 0.1442163 0.1355930 0.0000000 0.0519269 0.1227754 0.1279931 0.1097861 0.1197995 0.2083695 0.1521460 0.1303148 0.1193062 0.0953142 0.1188252 0.0941636 0.2215461 0.1808211 0.0588839 0.1139491 0.1664693 0.2054995 0.2060313 0.1348023 0.2771027 0.1717298 0.0961187 0.1575711 0.1582153 0.2180447 0.0952127 0.1456443 0.1458480 0.1211400 0.1835462 0.2257703 0.1287949 0.1531706 0.0737148 0.1192286 0.0660739 0.1441710 0.1127311 0.1164629 0.1460914 0.2006726 0.1891500 0.1615203 0.1157491 0.1219969 0.1438417 0.1336269 0.1367178 0.1107020 0.1797381 0.1677164 0.1117277 0.0941636 0.1348023 0.1200023 0.1487834 0.1646845 0.1425626 0.0442793 0.1373562 0.0730306 0.1193516 0.1566162 0.1655214 0.1614368 0.1716767 0.0962466 0.1932939 0.0957553 0.1942580 0.1380751 0.1050801 
S0656sl    0.1323176 0.0456298 0.0816283 0.1087129 0.1241082 0.0497518 0.1458634 0.1322144 0.1443642 0.0503937 0.1318320 0.1687591 0.0641329 0.1336093 0.0127416 0.1794316 0.1605841 0.1323079 0.1207980 0.1442530 0.0367590 0.0856889 0.1155300 0.1188165 0.2008432 0.1488019 0.1399224 0.1387229 0.0721491 0.1389269 0.1306897 0.0519269 0.0000000 0.1183087 0.1233987 0.0963594 0.1246817 0.1901989 0.1389411 0.1529771 0.1150947 0.0920904 0.1229468 0.0910190 0.1971441 0.1734796 0.0178945 0.1098780 0.1624159 0.2100590 0.2105961 0.1149792 0.2548843 0.1832960 0.0846773 0.1537962 0.1634771 0.2000164 0.0919949 0.1422913 0.1424885 0.1167934 0.1484977 0.2074163 0.1241410 0.1244360 0.0633594 0.1323909 0.0240753 0.1479083 0.1172326 0.1128888 0.1406567 0.1953622 0.1842734 0.1551560 0.1047853 0.1175901 0.1385773 0.1133024 0.1317244 0.0992569 0.1555837 0.1611367 0.1186830 0.0910190 0.1149792 0.1157396 0.1431399 0.1820162 0.1470059 0.0494892 0.1323176 0.0302401 0.1328013 0.1506490 0.1615248 0.1416686 0.1766162 0.0929593 0.1955772 0.0995453 0.1893071 0.1303144 0.1014049 
S0689      0.0302888 0.0825996 0.0323207 0.0368046 0.0387948 0.1100032 0.0436981 0.0302855 0.0751204 0.1036326 0.0605435 0.0937296 0.1043875 0.0654382 0.1119941 0.0632227 0.0702312 0.0493773 0.0693075 0.0618448 0.0884189 0.0371539 0.0301900 0.0601011 0.0709555 0.0423099 0.0318281 0.0604815 0.1264469 0.0363141 0.0237910 0.1227754 0.1183087 0.0000000 0.0304144 0.0460391 0.0616188 0.1027762 0.0489802 0.0652852 0.0177171 0.0367890 0.0238167 0.0363955 0.0727876 0.0807409 0.1262774 0.0301892 0.0566540 0.0779697 0.0780868 0.0632058 0.1679533 0.0920385 0.0336569 0.0368786 0.0499991 0.1310609 0.0367528 0.0362599 0.0493066 0.0117233 0.0720853 0.1295304 0.0240289 0.0492863 0.0271315 0.0458112 0.1346615 0.0590744 0.0551657 0.0641374 0.0303199 0.1195323 0.0785457 0.0505519 0.0122123 0.0118919 0.0362196 0.0375814 0.0175737 0.1359671 0.0639887 0.0564288 0.0191876 0.0363955 0.0632058 0.0178005 0.0566520 0.0641413 0.0558682 0.0939280 0.0302888 0.1423293 0.0436434 0.0302331 0.0497791 0.0630724 0.0577823 0.0491551 0.0781139 0.0367077 0.0704271 0.0365294 0.0301527 
S0690      0.0362209 0.0806942 0.0316025 0.0300303 0.0552792 0.1151730 0.0712609 0.0237293 0.0738358 0.1089344 0.0669972 0.0914356 0.1277152 0.0732534 0.1175604 0.0918764 0.1024465 0.0637318 0.0753124 0.0677658 0.0938752 0.0363603 0.0361023 0.0673124 0.0781298 0.0487758 0.0450128 0.0669300 0.1314576 0.0296397 0.0234974 0.1279931 0.1233987 0.0304144 0.0000000 0.0449925 0.0681795 0.1172108 0.0549002 0.0715351 0.0115738 0.0360110 0.0175000 0.0356345 0.1102866 0.0871117 0.1312735 0.0426663 0.0849515 0.0852581 0.0853908 0.0618146 0.1826851 0.0982019 0.0402286 0.0568340 0.0710936 0.1541386 0.0297363 0.0626584 0.0767084 0.0300781 0.1021708 0.1435906 0.0176533 0.0422266 0.0407870 0.0524309 0.1395654 0.0657339 0.0615695 0.0630028 0.0299379 0.1343789 0.1088060 0.0787074 0.0120702 0.0117886 0.0421087 0.0582961 0.0360672 0.1411626 0.0930451 0.0845907 0.0190078 0.0356345 0.0618146 0.0116270 0.0849410 0.0932602 0.0486157 0.0992278 0.0237308 0.1471137 0.0366169 0.0627988 0.0774610 0.0916363 0.0792438 0.0481091 0.0983862 0.0359324 0.0996964 0.0424690 0.0360564 
S0720      0.0521803 0.0697287 0.0062634 0.0591738 0.0416726 0.1059524 0.0837982 0.0521663 0.0790074 0.0819767 0.0545586 0.0707687 0.1075981 0.0597435 0.0974591 0.1059063 0.0914825 0.0500127 0.0793860 0.0783986 0.0816355 0.0313844 0.0446391 0.0457915 0.1155206 0.0806048 0.0474563 0.0550168 0.1146495 0.0586282 0.0516051 0.1097861 0.0963594 0.0460391 0.0449925 0.0000000 0.0550168 0.1361131 0.0725226 0.0600813 0.0380846 0.0312272 0.0448204 0.0308887 0.1354285 0.0748403 0.1040641 0.0523166 0.1065595 0.1236863 0.1239275 0.0310539 0.1948638 0.1031520 0.0272889 0.0753194 0.0912606 0.1754562 0.0310418 0.0814727 0.0970999 0.0454905 0.1075398 0.1635443 0.0452450 0.0650967 0.0275378 0.0475469 0.1121229 0.0533890 0.0491027 0.0498433 0.0592883 0.1221314 0.1164464 0.0919919 0.0329016 0.0388616 0.0584702 0.0690474 0.0519449 0.0960468 0.1076797 0.0982309 0.0484125 0.0308887 0.0310539 0.0382785 0.0986721 0.0996703 0.0802947 0.0820600 0.0521803 0.1196336 0.0672482 0.0667183 0.0826060 0.1138272 0.0931333 0.0512600 0.1211798 0.0248100 0.1065257 0.0514615 0.0450869 
S0724sl    0.0678636 0.0872067 0.0411100 0.0682730 0.0150795 0.1250199 0.0937359 0.0678374 0.0872680 0.1189982 0.0000023 0.0330956 0.1382576 0.0000022 0.1259575 0.1245533 0.1080853 0.0000023 0.0982978 0.0747445 0.1087398 0.0605420 0.0608270 0.0136422 0.1260714 0.0823947 0.0190709 0.0000026 0.1248939 0.0664324 0.0670781 0.1197995 0.1246817 0.0616188 0.0681795 0.0550168 0.0000000 0.1598344 0.0742121 0.0000026 0.0527886 0.0598907 0.0599197 0.0591922 0.1469238 0.0376124 0.1344380 0.0676654 0.1167220 0.1266822 0.1347925 0.0735281 0.2242597 0.1146580 0.0128615 0.0843443 0.1009194 0.1905028 0.0598278 0.0905723 0.1067786 0.0608583 0.1294217 0.1777967 0.0605049 0.0663354 0.0517876 0.0000025 0.1434390 0.0122140 0.0000029 0.0000029 0.0679073 0.0715207 0.1354329 0.1023208 0.0472521 0.0539088 0.0743260 0.0788836 0.0675497 0.1422021 0.1186790 0.1086741 0.0658163 0.0591922 0.0735281 0.0530711 0.1091796 0.1175360 0.0902688 0.0995877 0.0678636 0.1516127 0.0840226 0.0913835 0.1079285 0.1241692 0.0947429 0.0819990 0.1324780 0.0597483 0.1250484 0.0682074 0.0602824 
