136
PAFTOL_019361 0.0000000 0.2007608 0.2129439 0.2213143 0.2111453 0.1977317 0.2309330 0.2129314 0.2024194 0.1978557 0.2080110 0.2212315 0.2245641 0.2257275 0.2195400 0.2234792 0.2061930 0.2112084 0.2291212 0.2218797 0.2021536 0.1877629 0.1921876 0.2135266 0.2073892 0.1977356 0.1942365 0.1976474 0.2254451 0.2225056 0.1970023 0.2156945 0.2311392 0.2272376 0.2326429 0.2081848 0.2039484 0.1947168 0.2175935 0.1926900 0.2029739 0.1887930 0.1994478 0.2033848 0.2194417 0.2158410 0.2155187 0.2229989 0.2046714 0.1913481 0.2242950 0.1908448 0.1940850 0.1918952 0.1917508 0.2225330 0.2019695 0.2070046 0.2197190 0.2037668 0.1973127 0.1837215 0.2116242 0.2199635 0.2204696 0.2122116 0.2188025 0.2204134 0.2267493 0.2045230 0.2170373 0.2174044 0.2236397 0.2292813 0.2261435 0.2195562 0.2151914 0.1932798 0.2158819 0.2038435 0.2147632 0.2122551 0.2233084 0.2064988 0.2101862 0.2178143 0.1905109 0.2056625 0.1920423 0.2042005 0.2021452 0.2013603 0.2287551 0.2023350 0.2243675 0.2157315 0.2221342 0.2209300 0.1932412 0.2223719 0.2210713 0.2019348 0.1915698 0.1859936 0.1982573 0.2128388 0.2019661 0.2090212 0.2020730 0.1984647 0.2123865 0.2021526 0.1932240 0.2022598 0.2037796 0.2045085 0.1929381 0.2570224 0.2045588 0.1990482 0.1959806 0.2173274 0.1899951 0.2099213 0.1946250 0.1944740 0.2150338 0.2120851 0.2068084 0.2125198 0.1889528 0.1801378 0.1848447 0.2091543 0.1940109 0.1855292 
S0055         0.2007608 0.0000000 0.1001884 0.1042811 0.0990821 0.0554523 0.1155311 0.0974164 0.0739614 0.0668402 0.0739810 0.1059891 0.1061077 0.1116155 0.0994903 0.1087396 0.0896880 0.0792658 0.0918679 0.1030092 0.0640028 0.0504941 0.0532872 0.0930730 0.0607029 0.0821126 0.0802076 0.0620044 0.1009708 0.1061842 0.0822679 0.0800766 0.0725873 0.1094634 0.1158491 0.0962404 0.0600114 0.0534061 0.1008753 0.0808952 0.0883622 0.0440945 0.0552177 0.0919252 0.1024442 0.1205223 0.0582967 0.1079466 0.0873639 0.0536956 0.0856035 0.0831731 0.0544327 0.0785365 0.0807055 0.0885018 0.0889046 0.0912469 0.1034798 0.0896610 0.0858699 0.0627396 0.0990706 0.0998001 0.0851910 0.0763447 0.0826413 0.0824470 0.0821562 0.0911386 0.1238371 0.0959941 0.1099182 0.1178553 0.0845470 0.0803625 0.1205637 0.0784307 0.1202790 0.0889597 0.0800200 0.0827828 0.1078418 0.0568650 0.0812518 0.1210551 0.0516947 0.0648332 0.0662998 0.0892896 0.0893036 0.0879505 0.1100093 0.0876488 0.1071399 0.1010961 0.1058461 0.1049938 0.0519999 0.1068401 0.0861848 0.0714018 0.0534849 0.0482247 0.0289620 0.0856848 0.0515927 0.0898642 0.0709701 0.0718946 0.0946752 0.0578117 0.0811017 0.0890900 0.0916169 0.0891235 0.0520385 0.1086626 0.0776750 0.0693722 0.0599320 0.1004629 0.0512088 0.0901221 0.0476799 0.0415032 0.0845675 0.0801519 0.0907332 0.0723624 0.0658348 0.0570574 0.0730704 0.0741100 0.0588228 0.0608882 
S0196sl       0.2129439 0.1001884 0.0000000 0.1117362 0.0665341 0.0999479 0.1154549 0.1063833 0.0961138 0.1008879 0.1130158 0.1114435 0.1101293 0.1201410 0.1120859 0.1100227 0.1018319 0.0995103 0.1059673 0.1095354 0.0988214 0.0930281 0.0949249 0.1045395 0.1067431 0.0918595 0.0302643 0.1040457 0.0975462 0.1101456 0.0909387 0.1029757 0.1226247 0.1149661 0.1116335 0.1063770 0.1020126 0.0931056 0.1121691 0.0857855 0.0895436 0.0952394 0.0956139 0.0564939 0.1071580 0.1343055 0.1094206 0.1122961 0.1047493 0.0961679 0.1012408 0.0360456 0.0979214 0.0280040 0.0291305 0.1100532 0.0522385 0.0969932 0.1034641 0.0901701 0.0909667 0.0810991 0.0962064 0.1077782 0.1105795 0.1023449 0.1067493 0.1085782 0.1147925 0.0574571 0.1350374 0.1135777 0.1090237 0.1247890 0.1056038 0.1025115 0.1315607 0.0293335 0.1337039 0.0815674 0.1037939 0.0999858 0.1089330 0.1037203 0.1031962 0.1335453 0.0957194 0.1042411 0.0881594 0.0960142 0.0894249 0.0889537 0.1171837 0.0980700 0.1152295 0.1072626 0.1102604 0.1084136 0.0942289 0.1101188 0.1052330 0.0964648 0.0945919 0.0896454 0.0991484 0.1090057 0.0981101 0.1010152 0.0948392 0.0932585 0.1045133 0.1002236 0.0296500 0.0964871 0.0560012 0.0923392 0.0974064 0.0608778 0.0969761 0.0896770 0.1029727 0.1100853 0.0916223 0.0959319 0.0929001 0.0901414 0.1056366 0.0998794 0.0931411 0.0985981 0.0849465 0.0768228 0.0552392 0.0965681 0.0944740 0.0791771 
S0278         0.2213143 0.1042811 0.1117362 0.0000000 0.1091039 0.1069443 0.1295980 0.0408445 0.1036537 0.1163519 0.1206181 0.0436932 0.1213070 0.1216150 0.0431531 0.1230917 0.0442534 0.1123029 0.1283595 0.1189451 0.1085230 0.1007285 0.1051502 0.0512465 0.1155155 0.0438412 0.0897451 0.1035341 0.0784852 0.1207620 0.0575306 0.1116845 0.1263604 0.1226255 0.1302781 0.0373796 0.1104369 0.1066471 0.0407423 0.0562013 0.0917110 0.1011988 0.1088451 0.1020688 0.1179276 0.1423133 0.1129384 0.1214042 0.1144861 0.1014989 0.1180729 0.0947817 0.1071859 0.0889674 0.0904996 0.1208436 0.0982187 0.0627965 0.1165473 0.0932983 0.0607089 0.0928175 0.0542451 0.1110093 0.1173006 0.1114474 0.1148824 0.1155565 0.1322584 0.1022839 0.1457065 0.1231030 0.1189459 0.1283013 0.1157523 0.1110457 0.1412795 0.0884325 0.1419131 0.0917735 0.1123833 0.1076296 0.1168883 0.1081363 0.1109110 0.1401511 0.1016681 0.1129284 0.0987787 0.0457817 0.0911051 0.0904855 0.1243365 0.0426090 0.0371680 0.1150992 0.1206711 0.1202001 0.1045840 0.1173213 0.1193996 0.1021227 0.1017681 0.0997539 0.1065566 0.1132851 0.1037628 0.0707206 0.1038018 0.1016722 0.0385522 0.1073821 0.0909166 0.0436226 0.1027931 0.0907624 0.1040278 0.1143818 0.1085649 0.0999880 0.1085612 0.0418833 0.1005321 0.0629642 0.0997907 0.0970705 0.1176333 0.1141834 0.0937741 0.1067780 0.0957282 0.0866846 0.0866565 0.1057945 0.1022160 0.0915185 
S0281         0.2111453 0.0990821 0.0665341 0.1091039 0.0000000 0.1011446 0.1223417 0.1028793 0.1004809 0.1057636 0.1176545 0.1086364 0.1141754 0.1186395 0.1117847 0.1155365 0.0984702 0.1069466 0.1182724 0.1118018 0.1059434 0.0950851 0.0951717 0.1040216 0.1091454 0.0889428 0.0454093 0.1039088 0.1113825 0.1136827 0.0865634 0.1076841 0.1219401 0.1165060 0.1216998 0.1007239 0.1037404 0.0970737 0.1078561 0.0826761 0.0921035 0.0962875 0.1010619 0.0449891 0.1092035 0.1325020 0.1102504 0.1156032 0.1060672 0.0970257 0.1131299 0.0494222 0.1003167 0.0450050 0.0461402 0.1173267 0.0421417 0.0952326 0.1108427 0.0939427 0.0916886 0.0879996 0.1049992 0.1104531 0.1129322 0.1072665 0.1096745 0.1131764 0.1270179 0.0469192 0.1345427 0.1255035 0.1179077 0.1255063 0.1112967 0.1068970 0.1312476 0.0446399 0.1318607 0.0938824 0.1104143 0.1089617 0.1159816 0.1035340 0.1082577 0.1304958 0.0952538 0.1071171 0.0923100 0.0953675 0.0918222 0.0911864 0.1193002 0.0951423 0.1118683 0.1081984 0.1141840 0.1130058 0.0976050 0.1152159 0.1123707 0.0975265 0.0954393 0.0913677 0.1018809 0.1099385 0.1008964 0.0952856 0.1002038 0.0995267 0.1009865 0.1019590 0.0455962 0.0957448 0.0471365 0.0925066 0.0991076 0.0567740 0.1055700 0.0982791 0.1013570 0.1049993 0.0943074 0.0951360 0.0963650 0.0951846 0.1132593 0.1103381 0.0933103 0.1040077 0.0912603 0.0787826 0.0544094 0.1048025 0.1000707 0.0870436 
S0282         0.1977317 0.0554523 0.0999479 0.1069443 0.1011446 0.0000000 0.1158437 0.0995941 0.0720965 0.0293142 0.0467800 0.1097040 0.1077086 0.1105988 0.1055381 0.1102719 0.0954369 0.0778192 0.0930775 0.1061852 0.0671258 0.0219499 0.0248870 0.0993024 0.0663274 0.0862466 0.0827989 0.0642350 0.1073699 0.1081765 0.0848034 0.0770947 0.0795687 0.1114694 0.1169456 0.0984537 0.0352949 0.0261548 0.1032667 0.0827383 0.0902251 0.0509095 0.0250759 0.0919070 0.1035689 0.1231800 0.0665986 0.1088632 0.0859163 0.0347240 0.0826103 0.0855705 0.0223585 0.0799338 0.0823105 0.0874149 0.0900060 0.0944419 0.1051528 0.0902643 0.0896714 0.0626873 0.0998403 0.1002196 0.0835297 0.0759890 0.0804289 0.0813661 0.0599123 0.0938905 0.1244872 0.0941999 0.1094100 0.1165697 0.0833504 0.0798768 0.1222200 0.0811782 0.1221474 0.0899968 0.0821361 0.0822376 0.1076053 0.0564679 0.0824017 0.1220501 0.0222204 0.0477960 0.0658815 0.0927922 0.0894616 0.0876815 0.1133424 0.0914525 0.1106307 0.1022130 0.1085047 0.1077789 0.0265722 0.1058030 0.0847813 0.0700044 0.0240018 0.0225833 0.0573202 0.0844663 0.0535131 0.0946323 0.0712385 0.0711992 0.0986692 0.0400786 0.0832956 0.0946396 0.0932264 0.0906658 0.0218471 0.1138210 0.0765891 0.0686735 0.0424622 0.1025212 0.0332281 0.0941792 0.0506780 0.0511844 0.0831137 0.0809403 0.0908921 0.0740949 0.0652337 0.0595367 0.0746626 0.0728234 0.0630238 0.0614280 
S0288         0.2309330 0.1155311 0.1154549 0.1295980 0.1223417 0.1158437 0.0000000 0.1199049 0.1165348 0.1223488 0.1282394 0.1298158 0.0209880 0.0597654 0.1266764 0.0209582 0.1182124 0.1220611 0.1347721 0.0183220 0.1163514 0.1088335 0.1090857 0.1202643 0.1234719 0.1069780 0.1011335 0.1186015 0.1320019 0.0160636 0.1054901 0.1202353 0.1371457 0.0950523 0.0203313 0.1227477 0.1163733 0.1104231 0.1288246 0.1026031 0.1133425 0.1095530 0.1189493 0.1138239 0.0145761 0.1524204 0.1274089 0.0181727 0.1160371 0.1098324 0.1225381 0.1062333 0.1121764 0.0985891 0.1004653 0.1290060 0.1098635 0.1107869 0.0874532 0.1144364 0.1104666 0.1035904 0.1219336 0.0408260 0.1233628 0.1198959 0.1197185 0.1235795 0.1430881 0.1122719 0.1528958 0.1347673 0.0948059 0.1013176 0.1260308 0.1240996 0.1505230 0.0995214 0.1510005 0.1218687 0.1232345 0.1241138 0.0929754 0.1180413 0.1213821 0.1511054 0.1098556 0.1178232 0.1084902 0.1126922 0.1128298 0.1110277 0.0228273 0.1126529 0.1351979 0.0900792 0.0164980 0.0143054 0.1108535 0.0897475 0.1303016 0.1148882 0.1128713 0.1064047 0.1164566 0.1260022 0.1115027 0.1167069 0.1114810 0.1120060 0.1206720 0.1137831 0.1016376 0.1175390 0.1126862 0.1131242 0.1115500 0.1143198 0.1167098 0.1102660 0.1161151 0.1264481 0.1070386 0.1157037 0.1103540 0.1082233 0.1271850 0.1253552 0.1155445 0.1155609 0.1061416 0.0949203 0.0984459 0.1152265 0.1162442 0.1017369 
S0289         0.2129314 0.0974164 0.1063833 0.0408445 0.1028793 0.0995941 0.1199049 0.0000000 0.0989209 0.1096501 0.1141044 0.0403093 0.1117220 0.1115010 0.0370969 0.1136594 0.0377543 0.1059061 0.1203556 0.1089152 0.1015541 0.0938299 0.0974820 0.0476587 0.1102793 0.0378572 0.0823790 0.0981149 0.0713812 0.1113681 0.0500867 0.1052486 0.1186554 0.1144544 0.1181972 0.0351611 0.1035195 0.0985946 0.0408585 0.0478074 0.0820596 0.0952035 0.1013109 0.0940720 0.1074251 0.1337459 0.1063626 0.1103667 0.1077338 0.0947851 0.1114147 0.0867623 0.1000866 0.0814665 0.0840718 0.1144908 0.0898655 0.0553161 0.1113031 0.0826619 0.0529919 0.0857542 0.0469002 0.1026330 0.1115746 0.1051149 0.1079329 0.1082349 0.1271709 0.0954312 0.1357020 0.1185684 0.1182744 0.1237840 0.1113314 0.1069061 0.1320202 0.0818759 0.1337412 0.0773501 0.1067581 0.1039672 0.1126297 0.1028389 0.1055336 0.1327437 0.0941810 0.1047155 0.0916155 0.0388241 0.0805588 0.0801091 0.1138138 0.0380481 0.0443951 0.1072108 0.1114487 0.1103237 0.0983646 0.1117208 0.1109471 0.0966959 0.0945994 0.0942240 0.0984440 0.1073398 0.0979249 0.0626156 0.0960873 0.0972261 0.0301014 0.1000064 0.0841034 0.0412799 0.0955330 0.0796265 0.0966972 0.1098801 0.1024007 0.0929556 0.1015483 0.0385933 0.0926990 0.0541994 0.0937441 0.0924389 0.1107140 0.1089116 0.0830972 0.0996659 0.0899694 0.0804658 0.0803134 0.0989556 0.0959153 0.0845183 
S0292         0.2024194 0.0739614 0.0961138 0.1036537 0.1004809 0.0720965 0.1165348 0.0989209 0.0000000 0.0790405 0.0898744 0.1059725 0.1071888 0.1100914 0.1011857 0.1107862 0.0934019 0.0463291 0.0652142 0.1062281 0.0764721 0.0666084 0.0696676 0.0987606 0.0857117 0.0839364 0.0819068 0.0742162 0.1049441 0.1086725 0.0825358 0.0494287 0.0944234 0.1089091 0.1170022 0.0969552 0.0762353 0.0708505 0.1019847 0.0812349 0.0895387 0.0680072 0.0733752 0.0921055 0.1036193 0.1252394 0.0822973 0.1087954 0.0834506 0.0700355 0.0558286 0.0849061 0.0705035 0.0794742 0.0810625 0.0596259 0.0897325 0.0920387 0.1037097 0.0895105 0.0873918 0.0579315 0.1002015 0.1001294 0.0542600 0.0476386 0.0514414 0.0534708 0.0957537 0.0936362 0.1280660 0.0896142 0.1103174 0.1170164 0.0536611 0.0513761 0.1251052 0.0797268 0.1259599 0.0920200 0.0509740 0.0491720 0.1064584 0.0802711 0.0334278 0.1262979 0.0694138 0.0815780 0.0605212 0.0894880 0.0893213 0.0881212 0.1124464 0.0876200 0.1074191 0.0991396 0.1089326 0.1075761 0.0700678 0.1051908 0.0581060 0.0133292 0.0690835 0.0652267 0.0737665 0.0349628 0.0741803 0.0913062 0.0166142 0.0113964 0.0973015 0.0763696 0.0824333 0.0937224 0.0927594 0.0899456 0.0696358 0.1053552 0.0298476 0.0372662 0.0754147 0.1000112 0.0679907 0.0942104 0.0694175 0.0663811 0.0561851 0.0482539 0.0908355 0.0458111 0.0608507 0.0534201 0.0755267 0.0431484 0.0731696 0.0564717 
S0293         0.1978557 0.0668402 0.1008879 0.1163519 0.1057636 0.0293142 0.1223488 0.1096501 0.0790405 0.0000000 0.0564383 0.1092859 0.1166453 0.1206856 0.1137801 0.1184303 0.1043285 0.0838248 0.0881066 0.1148679 0.0712576 0.0307744 0.0360959 0.1083397 0.0738695 0.0933089 0.0885228 0.0745850 0.1010653 0.1170458 0.0938133 0.0859125 0.0894315 0.1193601 0.1249715 0.1082188 0.0455379 0.0367877 0.1117639 0.0902123 0.0960206 0.0606249 0.0258923 0.0983480 0.1131305 0.1305001 0.0770097 0.1192320 0.0961302 0.0459814 0.0919344 0.0921117 0.0326387 0.0857425 0.0881808 0.0950466 0.0972332 0.1021623 0.1126450 0.0955557 0.0991608 0.0698676 0.1048165 0.1095418 0.0919389 0.0848384 0.0887294 0.0892653 0.0652644 0.0982861 0.1317247 0.1025802 0.1177976 0.1228360 0.0926703 0.0895468 0.1296422 0.0864219 0.1296225 0.0894094 0.0913912 0.0900360 0.1152218 0.0654544 0.0897813 0.1294887 0.0324605 0.0583338 0.0730513 0.1025013 0.0938015 0.0935541 0.1229116 0.0984880 0.1195852 0.1117617 0.1177357 0.1163940 0.0359380 0.1141696 0.0923122 0.0773341 0.0350506 0.0328175 0.0682438 0.0903621 0.0631323 0.1030598 0.0789071 0.0778215 0.1061625 0.0512127 0.0890512 0.1018492 0.0970726 0.0962596 0.0328530 0.1142585 0.0843207 0.0768281 0.0516941 0.1127685 0.0428859 0.1022260 0.0620170 0.0582992 0.0913815 0.0884525 0.0965331 0.0809592 0.0735152 0.0664791 0.0814682 0.0832772 0.0700041 0.0693752 
S0294         0.2080110 0.0739810 0.1130158 0.1206181 0.1176545 0.0467800 0.1282394 0.1141044 0.0898744 0.0564383 0.0000000 0.1239539 0.1202887 0.1247245 0.1207036 0.1223148 0.1083613 0.0962424 0.1110814 0.1175564 0.0839621 0.0420961 0.0450857 0.1170806 0.0858252 0.1031329 0.0986279 0.0800824 0.1243474 0.1193296 0.1018919 0.0943537 0.0980619 0.1243884 0.1275379 0.1132827 0.0526084 0.0446320 0.1186655 0.0982479 0.1054076 0.0680842 0.0502984 0.1084001 0.1152774 0.1335705 0.0856597 0.1195436 0.0994880 0.0503666 0.0993575 0.1021239 0.0462396 0.0964890 0.0983466 0.1042358 0.1066367 0.1100719 0.1207160 0.1067257 0.1070884 0.0776099 0.1183860 0.1141523 0.1007026 0.0911601 0.0972722 0.0983723 0.0641133 0.1103019 0.1362447 0.1099608 0.1272006 0.1332126 0.1014719 0.0978706 0.1319117 0.0967287 0.1327537 0.1082356 0.0952290 0.0984478 0.1215925 0.0731398 0.0979904 0.1335324 0.0426916 0.0632251 0.0839370 0.1102116 0.1056547 0.1044959 0.1234605 0.1073040 0.1258917 0.1171314 0.1190845 0.1185494 0.0450526 0.1231314 0.0999323 0.0869132 0.0447236 0.0424504 0.0747710 0.1030150 0.0690461 0.1097850 0.0882963 0.0887104 0.1145876 0.0571677 0.0989777 0.1093891 0.1091748 0.1056757 0.0462186 0.1254593 0.0924747 0.0848267 0.0581870 0.1184968 0.0505392 0.1123695 0.0666773 0.0700600 0.1012840 0.0975978 0.1069633 0.0922876 0.0808034 0.0730509 0.0897465 0.0911967 0.0777137 0.0774331 
S0299         0.2212315 0.1059891 0.1114435 0.0436932 0.1086364 0.1097040 0.1298158 0.0403093 0.1059725 0.1092859 0.1239539 0.0000000 0.1198675 0.1218411 0.0435993 0.1228358 0.0434459 0.1129732 0.1214748 0.1173100 0.1095909 0.1021888 0.1051784 0.0525880 0.1149775 0.0444415 0.0888357 0.1062242 0.0696742 0.1183737 0.0570671 0.1136750 0.1259970 0.1225832 0.1282195 0.0383790 0.1122364 0.1073245 0.0426904 0.0548504 0.0887372 0.1036949 0.1067449 0.1018685 0.1159636 0.1394851 0.1144550 0.1214057 0.1174988 0.1029374 0.1189462 0.0942784 0.1076428 0.0879478 0.0902164 0.1220969 0.1001033 0.0619613 0.1186536 0.0903366 0.0597011 0.0933410 0.0529886 0.1106865 0.1186411 0.1124703 0.1166442 0.1164789 0.1345509 0.1015460 0.1433507 0.1260049 0.1260821 0.1311487 0.1188426 0.1127324 0.1376946 0.0881418 0.1392237 0.0861662 0.1160113 0.1103227 0.1207215 0.1087884 0.1113363 0.1381546 0.1043417 0.1129691 0.0969218 0.0469935 0.0875533 0.0877066 0.1236886 0.0451839 0.0485681 0.1168490 0.1208247 0.1188216 0.1058439 0.1171490 0.1192662 0.1046419 0.1062225 0.1028824 0.1074928 0.1155203 0.1060438 0.0711203 0.1042177 0.1037267 0.0371224 0.1087712 0.0900720 0.0449868 0.1012572 0.0864035 0.1048910 0.1093864 0.1096090 0.1009030 0.1085399 0.0413928 0.1015776 0.0622254 0.1047309 0.1012607 0.1186383 0.1144616 0.0907264 0.1072919 0.0970935 0.0873501 0.0847424 0.1051435 0.1049285 0.0931239 
S0303         0.2245641 0.1061077 0.1101293 0.1213070 0.1141754 0.1077086 0.0209880 0.1117220 0.1071888 0.1166453 0.1202887 0.1198675 0.0000000 0.0514988 0.1211575 0.0129466 0.1111316 0.1144797 0.1266172 0.0100521 0.1116385 0.1007532 0.1028961 0.1122487 0.1161624 0.0980415 0.0936240 0.1108168 0.1217140 0.0118231 0.0982528 0.1111922 0.1278445 0.0860316 0.0178537 0.1148558 0.1096407 0.1031186 0.1196407 0.0953604 0.1045933 0.1000587 0.1112943 0.1052144 0.0100855 0.1421293 0.1172965 0.0125191 0.1104108 0.1021356 0.1174891 0.0978452 0.1054082 0.0916377 0.0936018 0.1215920 0.1015550 0.1059040 0.0796311 0.1049210 0.1027766 0.0957510 0.1141237 0.0363646 0.1168408 0.1122339 0.1141471 0.1140613 0.1330732 0.1039662 0.1427945 0.1259578 0.0874004 0.0926424 0.1184819 0.1153141 0.1403708 0.0923214 0.1410982 0.1092550 0.1145977 0.1149514 0.0831337 0.1095335 0.1131468 0.1410860 0.1021740 0.1101930 0.0991311 0.1034124 0.1034242 0.1020806 0.0131916 0.1058981 0.1265126 0.0806887 0.0123226 0.0115348 0.1034660 0.0805292 0.1193198 0.1067717 0.1039378 0.0994417 0.1069754 0.1166808 0.1031357 0.1071119 0.1042987 0.1047776 0.1126302 0.1060733 0.0942603 0.1087494 0.1045431 0.1035335 0.1038116 0.1050737 0.1096635 0.1011468 0.1092166 0.1185968 0.1009966 0.1083344 0.1009573 0.0994825 0.1196347 0.1176143 0.1058841 0.1079765 0.0980986 0.0862663 0.0885233 0.1065626 0.1070196 0.0935951 
S0308         0.2257275 0.1116155 0.1201410 0.1216150 0.1186395 0.1105988 0.0597654 0.1115010 0.1100914 0.1206856 0.1247245 0.1218411 0.0514988 0.0000000 0.1226578 0.0537908 0.1129932 0.1167115 0.1326499 0.0496140 0.1132412 0.1034859 0.1061335 0.1154065 0.1173459 0.0989244 0.0983292 0.1115550 0.1231529 0.0498557 0.1007236 0.1170777 0.1336018 0.0871032 0.0590965 0.1116509 0.1136336 0.1081351 0.1195286 0.0989856 0.1067971 0.1030805 0.1147614 0.1101384 0.0472716 0.1462669 0.1188080 0.0524440 0.1151411 0.1055334 0.1229885 0.1001526 0.1086766 0.0968109 0.0974593 0.1248896 0.1072175 0.1065859 0.0801092 0.1076884 0.1057927 0.0999897 0.1172712 0.0469884 0.1229427 0.1171562 0.1187485 0.1210269 0.1391461 0.1106327 0.1468491 0.1312365 0.0899779 0.0944087 0.1208336 0.1178449 0.1454516 0.0970097 0.1449284 0.1117842 0.1188711 0.1183557 0.0856089 0.1136863 0.1174133 0.1453331 0.1058887 0.1137304 0.1024503 0.1058498 0.1056241 0.1046122 0.0553243 0.1058268 0.1257639 0.0799888 0.0515796 0.0493208 0.1064812 0.0819644 0.1234848 0.1085987 0.1057646 0.1035464 0.1116525 0.1196241 0.1076219 0.1082982 0.1080307 0.1062070 0.1135535 0.1081991 0.0987518 0.1102748 0.1106045 0.1069681 0.1078237 0.1235543 0.1115888 0.1072841 0.1118947 0.1200920 0.1039576 0.1101508 0.1053214 0.1005515 0.1218023 0.1208156 0.1073115 0.1121772 0.1024997 0.0892941 0.0915517 0.1123671 0.1091205 0.0979630 
S0320         0.2195400 0.0994903 0.1120859 0.0431531 0.1117847 0.1055381 0.1266764 0.0370969 0.1011857 0.1137801 0.1207036 0.0435993 0.1211575 0.1226578 0.0000000 0.1226905 0.0429571 0.1107785 0.1209603 0.1191920 0.1047344 0.0987056 0.1033712 0.0462451 0.1130034 0.0423176 0.0898018 0.1045751 0.0739869 0.1209124 0.0542491 0.1101176 0.1269255 0.1253081 0.1270948 0.0393577 0.1084196 0.1024699 0.0421396 0.0525764 0.0880094 0.0995915 0.1041403 0.0998815 0.1172513 0.1391820 0.1122015 0.1224378 0.1150312 0.1016496 0.1165522 0.0951518 0.1059172 0.0889091 0.0903914 0.1213065 0.0957265 0.0590055 0.1183723 0.0888310 0.0567408 0.0883977 0.0472747 0.1110211 0.1154283 0.1091047 0.1142365 0.1123865 0.1340146 0.1028396 0.1428645 0.1196148 0.1212314 0.1281701 0.1137720 0.1076167 0.1368979 0.0883946 0.1384129 0.0849599 0.1097464 0.1074242 0.1194157 0.1062164 0.1079996 0.1380538 0.1000813 0.1105688 0.0937918 0.0417795 0.0867523 0.0868858 0.1247286 0.0413610 0.0477287 0.1167340 0.1198965 0.1193487 0.1023934 0.1180319 0.1169541 0.0996356 0.1013626 0.0970140 0.1045450 0.1094660 0.1029495 0.0687377 0.1007651 0.0977379 0.0325475 0.1051907 0.0914914 0.0376734 0.1033596 0.0861326 0.1006424 0.0972496 0.1056908 0.0994188 0.1077148 0.0410449 0.0970083 0.0608512 0.0990066 0.0972189 0.1153719 0.1141693 0.0895062 0.1050311 0.0920618 0.0841647 0.0850576 0.1039912 0.1031617 0.0873410 
S0322         0.2234792 0.1087396 0.1100227 0.1230917 0.1155365 0.1102719 0.0209582 0.1136594 0.1107862 0.1184303 0.1223148 0.1228358 0.0129466 0.0537908 0.1226905 0.0000000 0.1119115 0.1171772 0.1333815 0.0114332 0.1136722 0.1031949 0.1052360 0.1152757 0.1182528 0.0999249 0.0943682 0.1131032 0.1255842 0.0130959 0.0987778 0.1145778 0.1310101 0.0893773 0.0185760 0.1163783 0.1118637 0.1033975 0.1213657 0.0958020 0.1064381 0.1039782 0.1135052 0.1061441 0.0111514 0.1465740 0.1204704 0.0132828 0.1116763 0.1052225 0.1206907 0.0985190 0.1085922 0.0917243 0.0941024 0.1250403 0.1021394 0.1068687 0.0823791 0.1063507 0.1036875 0.0984618 0.1175171 0.0349394 0.1207454 0.1159152 0.1168758 0.1180619 0.1362764 0.1062036 0.1481293 0.1289074 0.0900526 0.0966527 0.1230727 0.1188733 0.1446868 0.0928290 0.1457160 0.1103751 0.1169890 0.1196168 0.0865585 0.1122787 0.1160791 0.1455075 0.1048470 0.1121911 0.1016023 0.1066815 0.1046231 0.1032236 0.0126393 0.1068336 0.1270078 0.0852927 0.0135316 0.0124513 0.1044381 0.0834663 0.1236106 0.1098562 0.1062445 0.1012399 0.1098517 0.1199217 0.1065537 0.1107304 0.1074934 0.1077330 0.1139072 0.1076640 0.0950217 0.1079277 0.1070067 0.1055833 0.1063677 0.1106876 0.1126949 0.1059147 0.1116242 0.1200432 0.1034247 0.1106253 0.1030138 0.1029743 0.1223513 0.1203825 0.1075772 0.1112598 0.1008906 0.0882299 0.0905836 0.1109834 0.1097323 0.0964461 
S0327         0.2061930 0.0896880 0.1018319 0.0442534 0.0984702 0.0954369 0.1182124 0.0377543 0.0934019 0.1043285 0.1083613 0.0434459 0.1111316 0.1129932 0.0429571 0.1119115 0.0000000 0.1005210 0.1123265 0.1078849 0.0987166 0.0882898 0.0909760 0.0471359 0.1041574 0.0351947 0.0794640 0.0914001 0.0650412 0.1105118 0.0449797 0.0976148 0.1121269 0.1101401 0.1173572 0.0334145 0.0975971 0.0924311 0.0396156 0.0444282 0.0774815 0.0881914 0.0936558 0.0905258 0.1066336 0.1301863 0.1011721 0.1099906 0.1035616 0.0892911 0.1043934 0.0843239 0.0913834 0.0781922 0.0801520 0.1073710 0.0865729 0.0509651 0.1039921 0.0797622 0.0492437 0.0795727 0.0437345 0.1015709 0.1052827 0.0969975 0.1017431 0.1021991 0.1206153 0.0906614 0.1330802 0.1125581 0.1133625 0.1207462 0.1032548 0.0990814 0.1287401 0.0773008 0.1297584 0.0768720 0.0998783 0.0992429 0.1088319 0.0943948 0.0990887 0.1290113 0.0892610 0.0999429 0.0852326 0.0395950 0.0772998 0.0776037 0.1138505 0.0328740 0.0480434 0.1039210 0.1091593 0.1094989 0.0910529 0.1065172 0.1055622 0.0912648 0.0918727 0.0873209 0.0912548 0.1014698 0.0905954 0.0571420 0.0902226 0.0901435 0.0370495 0.0942338 0.0800195 0.0397190 0.0905664 0.0772822 0.0898341 0.1019946 0.0962056 0.0870459 0.0948987 0.0377496 0.0868861 0.0513474 0.0888362 0.0854220 0.1063676 0.1026886 0.0798424 0.0925200 0.0831710 0.0774870 0.0744380 0.0929695 0.0919103 0.0781507 
S0335         0.2112084 0.0792658 0.0995103 0.1123029 0.1069466 0.0778192 0.1220611 0.1059061 0.0463291 0.0838248 0.0962424 0.1129732 0.1144797 0.1167115 0.1107785 0.1171772 0.1005210 0.0000000 0.0621470 0.1127657 0.0820406 0.0729591 0.0756840 0.1044676 0.0899544 0.0893019 0.0859401 0.0806113 0.1104011 0.1146217 0.0901525 0.0559425 0.1010621 0.1148001 0.1251704 0.1038881 0.0841858 0.0764720 0.1081490 0.0899490 0.0940122 0.0750100 0.0846066 0.0969732 0.1091012 0.1284985 0.0895569 0.1150787 0.0928121 0.0756765 0.0619723 0.0878077 0.0768009 0.0840250 0.0854288 0.0661712 0.0938590 0.1009893 0.1086451 0.0951275 0.0954984 0.0662222 0.1071029 0.1060344 0.0608385 0.0551714 0.0591039 0.0601553 0.1014874 0.0977246 0.1309278 0.0980616 0.1144793 0.1187926 0.0607394 0.0584324 0.1287381 0.0844867 0.1282854 0.0975827 0.0594390 0.0472877 0.1116170 0.0841444 0.0562267 0.1286262 0.0753596 0.0881788 0.0682206 0.0948579 0.0945622 0.0933494 0.1191943 0.0963588 0.1183370 0.1069902 0.1149950 0.1137187 0.0756533 0.1107983 0.0559083 0.0479109 0.0762568 0.0725397 0.0789506 0.0585717 0.0795552 0.0993091 0.0454082 0.0456078 0.1047814 0.0809252 0.0852362 0.0996590 0.0970550 0.0940865 0.0767542 0.0983860 0.0520172 0.0355618 0.0796437 0.1081507 0.0737610 0.0998189 0.0767439 0.0732475 0.0519105 0.0260754 0.0948902 0.0504558 0.0702891 0.0622682 0.0809140 0.0415732 0.0805946 0.0656479 
S0345         0.2291212 0.0918679 0.1059673 0.1283595 0.1182724 0.0930775 0.1347721 0.1203556 0.0652142 0.0881066 0.1110814 0.1214748 0.1266172 0.1326499 0.1209603 0.1333815 0.1123265 0.0621470 0.0000000 0.1251813 0.0934247 0.0858665 0.0892002 0.1157023 0.1001162 0.1035174 0.1006136 0.0964889 0.1102979 0.1301593 0.1054395 0.0733206 0.1150589 0.1329108 0.1396687 0.1161217 0.0969323 0.0927622 0.1228643 0.1039102 0.1070570 0.0903989 0.0818847 0.1097305 0.1220232 0.1460561 0.0999668 0.1315950 0.1099771 0.0852874 0.0785661 0.1037056 0.0920646 0.0979120 0.0992525 0.0828919 0.1071885 0.1089793 0.1249204 0.1118552 0.1111700 0.0786208 0.1175818 0.1214275 0.0768698 0.0732012 0.0756088 0.0749785 0.1082951 0.1102190 0.1457426 0.1120118 0.1226494 0.1353736 0.0745380 0.0757540 0.1434422 0.0994203 0.1454402 0.0946470 0.0771943 0.0679401 0.1253616 0.0982412 0.0722628 0.1455992 0.0895169 0.1043456 0.0810919 0.1076176 0.1102029 0.1091827 0.1353352 0.1103303 0.1323234 0.1254978 0.1286322 0.1293500 0.0909983 0.1282267 0.0383924 0.0658358 0.0902295 0.0869375 0.0943938 0.0775296 0.0964735 0.1143058 0.0640966 0.0641792 0.1170502 0.0976246 0.1006970 0.1121436 0.1088888 0.1087912 0.0879960 0.0990125 0.0679719 0.0555786 0.0919139 0.1176311 0.0859761 0.1134197 0.0893674 0.0861387 0.0374988 0.0663944 0.1090543 0.0679089 0.0838572 0.0761857 0.0957024 0.0611255 0.0949145 0.0794369 
S0355         0.2218797 0.1030092 0.1095354 0.1189451 0.1118018 0.1061852 0.0183220 0.1089152 0.1062281 0.1148679 0.1175564 0.1173100 0.0100521 0.0496140 0.1191920 0.0114332 0.1078849 0.1127657 0.1251813 0.0000000 0.1096772 0.0994643 0.1018578 0.1097655 0.1139308 0.0951073 0.0914792 0.1086332 0.1200658 0.0089947 0.0969757 0.1105101 0.1257912 0.0834815 0.0163100 0.1119229 0.1076825 0.1014146 0.1158205 0.0930871 0.1024790 0.0986271 0.1096903 0.1029278 0.0082367 0.1402044 0.1157864 0.0101915 0.1079706 0.1002429 0.1167601 0.0954357 0.1039226 0.0895019 0.0916518 0.1201650 0.0990389 0.1037305 0.0782757 0.1023922 0.1006479 0.0935006 0.1120306 0.0357099 0.1170327 0.1110762 0.1136591 0.1135509 0.1326794 0.1019296 0.1417670 0.1250576 0.0862832 0.0915764 0.1182233 0.1146116 0.1389459 0.0897925 0.1391820 0.1065325 0.1141142 0.1136509 0.0813641 0.1078511 0.1124324 0.1396867 0.0994782 0.1081824 0.0974586 0.1023007 0.1009145 0.0993477 0.0115000 0.1031214 0.1228139 0.0793131 0.0104993 0.0088977 0.1011674 0.0799555 0.1189900 0.1048488 0.1009506 0.0981502 0.1044751 0.1151014 0.1008970 0.1062485 0.1030702 0.1033401 0.1095761 0.1051671 0.0921058 0.1063553 0.1029061 0.1016350 0.1022411 0.1031748 0.1095912 0.1009513 0.1068527 0.1169539 0.0993157 0.1063681 0.0990500 0.0970626 0.1183005 0.1162675 0.1033482 0.1056585 0.0962360 0.0855672 0.0866148 0.1053106 0.1058018 0.0921640 
S0376         0.2021536 0.0640028 0.0988214 0.1085230 0.1059434 0.0671258 0.1163514 0.1015541 0.0764721 0.0712576 0.0839621 0.1095909 0.1116385 0.1132412 0.1047344 0.1136722 0.0987166 0.0820406 0.0934247 0.1096772 0.0000000 0.0606832 0.0624965 0.1004323 0.0711598 0.0864320 0.0856427 0.0400616 0.1052341 0.1131660 0.0857215 0.0831936 0.0861789 0.1154721 0.1207513 0.1000821 0.0720111 0.0653606 0.1034984 0.0844433 0.0957513 0.0589955 0.0612658 0.0968805 0.1076509 0.1252471 0.0754027 0.1113698 0.0878568 0.0628257 0.0869274 0.0891716 0.0646394 0.0829187 0.0857829 0.0912123 0.0946349 0.0949068 0.1087295 0.0955130 0.0923420 0.0661139 0.1032407 0.1036677 0.0888934 0.0830076 0.0864572 0.0866444 0.0943180 0.0986791 0.1263810 0.0989691 0.1118111 0.1174653 0.0899829 0.0859849 0.1242633 0.0834099 0.1243580 0.0936409 0.0851241 0.0846110 0.1109766 0.0677647 0.0846713 0.1240576 0.0622751 0.0741869 0.0687250 0.0949220 0.0948992 0.0934716 0.1157808 0.0940194 0.1090183 0.1075944 0.1114992 0.1109139 0.0634792 0.1108431 0.0897619 0.0742020 0.0642600 0.0576148 0.0669996 0.0881504 0.0651745 0.0931102 0.0739350 0.0747210 0.0995056 0.0675333 0.0857774 0.0920230 0.0979862 0.0947229 0.0656790 0.1059230 0.0828082 0.0708880 0.0694949 0.1043445 0.0619801 0.0935068 0.0612111 0.0544203 0.0871696 0.0848193 0.0949411 0.0772212 0.0689438 0.0606304 0.0779042 0.0754871 0.0325696 0.0638642 
S0400         0.1877629 0.0504941 0.0930281 0.1007285 0.0950851 0.0219499 0.1088335 0.0938299 0.0666084 0.0307744 0.0420961 0.1021888 0.1007532 0.1034859 0.0987056 0.1031949 0.0882898 0.0729591 0.0858665 0.0994643 0.0606832 0.0000000 0.0182307 0.0925379 0.0591389 0.0789654 0.0755441 0.0587293 0.0996535 0.1010811 0.0793598 0.0719089 0.0745567 0.1038318 0.1093720 0.0927240 0.0285464 0.0196635 0.0972408 0.0764697 0.0834333 0.0443473 0.0222932 0.0863879 0.0960863 0.1138540 0.0585835 0.1023551 0.0770292 0.0283122 0.0772351 0.0789822 0.0211323 0.0732594 0.0754449 0.0811642 0.0847702 0.0883792 0.0993565 0.0837925 0.0833731 0.0557470 0.0949559 0.0925009 0.0784585 0.0711747 0.0738834 0.0760008 0.0539374 0.0871188 0.1154795 0.0865806 0.1031173 0.1113286 0.0786525 0.0754182 0.1121053 0.0735656 0.1126335 0.0825917 0.0753853 0.0762163 0.0999250 0.0502561 0.0760399 0.1129029 0.0119410 0.0410574 0.0604035 0.0862826 0.0834067 0.0814334 0.1057624 0.0847535 0.1047155 0.0957645 0.1014555 0.1004206 0.0196131 0.1006673 0.0791655 0.0644605 0.0133338 0.0168955 0.0510093 0.0779314 0.0456843 0.0878672 0.0651790 0.0655055 0.0926209 0.0351622 0.0760465 0.0883781 0.0864473 0.0842467 0.0197200 0.0979521 0.0703161 0.0631536 0.0346103 0.0960994 0.0273355 0.0869944 0.0440935 0.0441103 0.0785097 0.0751333 0.0848816 0.0674383 0.0584603 0.0537325 0.0702435 0.0680432 0.0569648 0.0545255 
S0405         0.1921876 0.0532872 0.0949249 0.1051502 0.0951717 0.0248870 0.1090857 0.0974820 0.0696676 0.0360959 0.0450857 0.1051784 0.1028961 0.1061335 0.1033712 0.1052360 0.0909760 0.0756840 0.0892002 0.1018578 0.0624965 0.0182307 0.0000000 0.0967158 0.0626243 0.0819041 0.0783847 0.0605227 0.1023758 0.1027463 0.0816700 0.0757622 0.0762150 0.1065942 0.1106234 0.0964269 0.0313420 0.0171316 0.1005880 0.0788148 0.0855739 0.0488838 0.0265937 0.0868371 0.0983651 0.1188104 0.0630521 0.1034778 0.0823788 0.0309088 0.0810142 0.0812826 0.0245585 0.0757550 0.0779285 0.0844173 0.0854689 0.0900813 0.1011423 0.0853529 0.0847081 0.0589762 0.0962396 0.0955309 0.0816191 0.0742669 0.0785364 0.0781740 0.0554744 0.0892288 0.1215441 0.0893078 0.1059293 0.1122901 0.0819297 0.0780943 0.1178617 0.0764147 0.1179884 0.0856096 0.0794177 0.0787755 0.1027022 0.0537544 0.0774243 0.1182756 0.0196621 0.0432177 0.0635532 0.0905130 0.0853272 0.0832081 0.1075708 0.0887876 0.1080243 0.0984268 0.1030321 0.1023903 0.0181960 0.1031947 0.0812820 0.0675517 0.0218388 0.0156193 0.0541841 0.0806246 0.0498979 0.0913512 0.0680661 0.0685775 0.0967227 0.0376350 0.0782784 0.0886657 0.0885467 0.0867705 0.0227779 0.1117879 0.0725745 0.0652715 0.0372062 0.0993900 0.0289456 0.0901347 0.0462820 0.0477401 0.0806300 0.0774610 0.0868376 0.0714276 0.0620530 0.0559548 0.0710472 0.0692507 0.0581793 0.0569859 
S0407sl       0.2135266 0.0930730 0.1045395 0.0512465 0.1040216 0.0993024 0.1202643 0.0476587 0.0987606 0.1083397 0.1170806 0.0525880 0.1122487 0.1154065 0.0462451 0.1152757 0.0471359 0.1044676 0.1157023 0.1097655 0.1004323 0.0925379 0.0967158 0.0000000 0.1086652 0.0364908 0.0835303 0.0952049 0.0699436 0.1113838 0.0500725 0.1037176 0.1207849 0.1164049 0.1209951 0.0446881 0.1000170 0.0975370 0.0500238 0.0478817 0.0815785 0.0926780 0.1027401 0.0945514 0.1080586 0.1329023 0.1052123 0.1127890 0.1073401 0.0946844 0.1093918 0.0882801 0.0973454 0.0815817 0.0844735 0.1149108 0.0912556 0.0526945 0.1102497 0.0828444 0.0511828 0.0843614 0.0484804 0.1065778 0.1096902 0.1027280 0.1061436 0.1068844 0.1257920 0.0939430 0.1353688 0.1147068 0.1151072 0.1222778 0.1054698 0.1030250 0.1320819 0.0822178 0.1333084 0.0821915 0.1058555 0.1023478 0.1134164 0.1009035 0.1057812 0.1322520 0.0942732 0.1051144 0.0889185 0.0361157 0.0806826 0.0807810 0.1155381 0.0443757 0.0558728 0.1121154 0.1119576 0.1112680 0.0963907 0.1103072 0.1102332 0.0967505 0.0958977 0.0923879 0.0971207 0.1078469 0.0960761 0.0607914 0.0953814 0.0957344 0.0422901 0.0990757 0.0847341 0.0221322 0.0940478 0.0810656 0.0951468 0.1039914 0.1018776 0.0933459 0.1005473 0.0496304 0.0916935 0.0540101 0.0941201 0.0907912 0.1085788 0.1071199 0.0841316 0.0980522 0.0883797 0.0807524 0.0800229 0.0985355 0.0941266 0.0817053 
S0412sl       0.2073892 0.0607029 0.1067431 0.1155155 0.1091454 0.0663274 0.1234719 0.1102793 0.0857117 0.0738695 0.0858252 0.1149775 0.1161624 0.1173459 0.1130034 0.1182528 0.1041574 0.0899544 0.1001162 0.1139308 0.0711598 0.0591389 0.0626243 0.1086652 0.0000000 0.0927608 0.0905184 0.0726778 0.1134178 0.1164900 0.0960923 0.0905562 0.0716469 0.1167727 0.1293382 0.1066689 0.0692892 0.0640485 0.1126582 0.0936941 0.0984050 0.0507018 0.0622240 0.1024749 0.1146218 0.1295647 0.0497532 0.1189203 0.0931282 0.0624398 0.0950396 0.0929432 0.0646295 0.0879761 0.0891605 0.0987230 0.1005350 0.1060970 0.1132275 0.1013547 0.0988033 0.0718075 0.1092283 0.1084334 0.0955195 0.0888620 0.0929635 0.0942662 0.0946980 0.1012934 0.1332831 0.1053176 0.1215240 0.1255303 0.0961652 0.0920697 0.1289383 0.0888522 0.1286342 0.1027960 0.0944319 0.0918857 0.1168381 0.0658764 0.0906700 0.1287839 0.0607294 0.0755063 0.0755702 0.0983341 0.0994426 0.0978064 0.1212676 0.1018693 0.1181516 0.1101252 0.1160082 0.1154102 0.0640121 0.1150161 0.0980087 0.0829413 0.0603404 0.0574885 0.0603045 0.0966493 0.0609216 0.0996121 0.0817050 0.0826969 0.1060161 0.0685141 0.0904380 0.1001334 0.1001686 0.1001118 0.0640907 0.1007468 0.0880551 0.0805387 0.0692301 0.1104710 0.0599836 0.1038167 0.0543447 0.0491634 0.0950146 0.0918001 0.1010623 0.0847956 0.0746271 0.0651307 0.0849014 0.0857027 0.0720966 0.0706901 
S0417         0.1977356 0.0821126 0.0918595 0.0438412 0.0889428 0.0862466 0.1069780 0.0378572 0.0839364 0.0933089 0.1031329 0.0444415 0.0980415 0.0989244 0.0423176 0.0999249 0.0351947 0.0893019 0.1035174 0.0951073 0.0864320 0.0789654 0.0819041 0.0364908 0.0927608 0.0000000 0.0699803 0.0827550 0.0545828 0.0975478 0.0377770 0.0907426 0.1049475 0.1007045 0.1071500 0.0356645 0.0903043 0.0843277 0.0402137 0.0355218 0.0677166 0.0795561 0.0862748 0.0825228 0.0938632 0.1191698 0.0922487 0.0992729 0.0923759 0.0791332 0.0968810 0.0746759 0.0850378 0.0690562 0.0706758 0.0990394 0.0787728 0.0444937 0.0945449 0.0684207 0.0398758 0.0712071 0.0347778 0.0906316 0.0960694 0.0890340 0.0931629 0.0927218 0.1130332 0.0830704 0.1220360 0.1004004 0.1014559 0.1083159 0.0940862 0.0890711 0.1179611 0.0687709 0.1189593 0.0679430 0.0930760 0.0889469 0.0978374 0.0874422 0.0898645 0.1184444 0.0804597 0.0926165 0.0757401 0.0214956 0.0657014 0.0663112 0.1014634 0.0324271 0.0487388 0.0946375 0.0982282 0.0956641 0.0836090 0.0958758 0.0959981 0.0818710 0.0824426 0.0785257 0.0851853 0.0927424 0.0816940 0.0499956 0.0812112 0.0817344 0.0343901 0.0868441 0.0708605 0.0317734 0.0831657 0.0654848 0.0826275 0.0817106 0.0876874 0.0777863 0.0857661 0.0388519 0.0788116 0.0417061 0.0794256 0.0769892 0.0928143 0.0914372 0.0681624 0.0834188 0.0747871 0.0676834 0.0664766 0.0841780 0.0814060 0.0696475 
S0419         0.1942365 0.0802076 0.0302643 0.0897451 0.0454093 0.0827989 0.1011335 0.0823790 0.0819068 0.0885228 0.0986279 0.0888357 0.0936240 0.0983292 0.0898018 0.0943682 0.0794640 0.0859401 0.1006136 0.0914792 0.0856427 0.0755441 0.0783847 0.0835303 0.0905184 0.0699803 0.0000000 0.0854400 0.0904424 0.0927525 0.0682217 0.0882613 0.1031943 0.0959711 0.0995093 0.0815527 0.0851573 0.0782950 0.0876948 0.0635374 0.0734126 0.0766453 0.0856718 0.0374544 0.0893517 0.1148308 0.0920863 0.0954780 0.0880800 0.0780328 0.0941627 0.0130572 0.0812771 0.0084174 0.0088700 0.0979632 0.0349032 0.0764038 0.0930111 0.0746445 0.0712437 0.0676560 0.0867917 0.0877846 0.0925493 0.0873634 0.0896760 0.0930834 0.1072960 0.0374051 0.1163726 0.1012244 0.0977313 0.1051915 0.0915748 0.0880723 0.1144924 0.0077662 0.1144225 0.0746742 0.0911396 0.0883293 0.0958173 0.0835350 0.0877314 0.1141452 0.0771981 0.0876851 0.0722378 0.0744107 0.0728163 0.0716316 0.0991105 0.0759837 0.0940768 0.0881923 0.0937076 0.0918075 0.0783317 0.0938994 0.0923870 0.0802724 0.0783063 0.0730859 0.0804493 0.0919919 0.0804013 0.0790260 0.0794904 0.0803438 0.0806254 0.0827603 0.0093376 0.0776523 0.0374476 0.0728804 0.0800428 0.0564684 0.0856811 0.0763849 0.0838058 0.0852000 0.0749999 0.0762675 0.0776418 0.0739293 0.0920128 0.0880002 0.0743883 0.0820737 0.0707833 0.0609352 0.0362361 0.0817205 0.0777860 0.0661767 
S0427         0.1976474 0.0620044 0.1040457 0.1035341 0.1039088 0.0642350 0.1186015 0.0981149 0.0742162 0.0745850 0.0800824 0.1062242 0.1108168 0.1115550 0.1045751 0.1131032 0.0914001 0.0806113 0.0964889 0.1086332 0.0400616 0.0587293 0.0605227 0.0952049 0.0726778 0.0827550 0.0854400 0.0000000 0.1043403 0.1122229 0.0852038 0.0826306 0.0830548 0.1151022 0.1217084 0.0962991 0.0694056 0.0629237 0.1004092 0.0824786 0.0927321 0.0563779 0.0656662 0.0947145 0.1061503 0.1199557 0.0725829 0.1112901 0.0861121 0.0618118 0.0880717 0.0886966 0.0635140 0.0829848 0.0855750 0.0898612 0.0923974 0.0913728 0.1076143 0.0931585 0.0890834 0.0643556 0.0998095 0.1015486 0.0869878 0.0807942 0.0844473 0.0834602 0.0918892 0.0975153 0.1212767 0.0954543 0.1141620 0.1202916 0.0864715 0.0822084 0.1192078 0.0834669 0.1193091 0.0916024 0.0824900 0.0815030 0.1087798 0.0673587 0.0823235 0.1194675 0.0608563 0.0721758 0.0665182 0.0894831 0.0927260 0.0907870 0.1151712 0.0886253 0.1077129 0.1068957 0.1108275 0.1102966 0.0613233 0.1087952 0.0894076 0.0714833 0.0621837 0.0567234 0.0658508 0.0866014 0.0635291 0.0895377 0.0716680 0.0732868 0.0969788 0.0662671 0.0857798 0.0901158 0.0974288 0.0927519 0.0625433 0.0997254 0.0794315 0.0702349 0.0675134 0.0997969 0.0609138 0.0900055 0.0598592 0.0548567 0.0871294 0.0837447 0.0931766 0.0760926 0.0663549 0.0581836 0.0755370 0.0746498 0.0356803 0.0619844 
S0428sl       0.2254451 0.1009708 0.0975462 0.0784852 0.1113825 0.1073699 0.1320019 0.0713812 0.1049441 0.1010653 0.1243474 0.0696742 0.1217140 0.1231529 0.0739869 0.1255842 0.0650412 0.1104011 0.1102979 0.1200658 0.1052341 0.0996535 0.1023758 0.0699436 0.1134178 0.0545828 0.0904424 0.1043403 0.0000000 0.1221357 0.0615183 0.1123725 0.1292208 0.1249344 0.1279651 0.0650638 0.1096871 0.1037112 0.0713135 0.0581276 0.0908408 0.0994920 0.1024343 0.1014162 0.1182621 0.1391858 0.1114942 0.1221575 0.1128038 0.0996898 0.1155755 0.0964734 0.1050274 0.0893838 0.0917496 0.1234621 0.1021156 0.0683650 0.1197102 0.0905359 0.0622602 0.0904881 0.0576518 0.1119035 0.1180298 0.1106329 0.1166971 0.1162479 0.1258924 0.1034601 0.1416902 0.1219528 0.1255550 0.1331462 0.1177970 0.1125541 0.1387524 0.0898531 0.1384264 0.0907130 0.1146829 0.1097119 0.1238504 0.1080450 0.1122014 0.1388661 0.1015557 0.1117013 0.0926668 0.0610198 0.0882932 0.0882504 0.1236597 0.0645044 0.0833979 0.1174789 0.1226453 0.1214584 0.1043630 0.1229412 0.1196706 0.1024366 0.1039514 0.0991336 0.1033041 0.1142809 0.1029356 0.0736089 0.1009922 0.1031959 0.0668646 0.1072694 0.0920587 0.0643066 0.1036030 0.0892092 0.1026631 0.0878865 0.1086470 0.1003056 0.1048289 0.0702893 0.1005099 0.0656331 0.1033357 0.0960249 0.1153277 0.1131316 0.0923387 0.1043121 0.0940664 0.0928994 0.0859945 0.1064781 0.1022417 0.0896055 
