124
S0055       0.0000000 0.0838596 0.0831368 0.0521663 0.0277111 0.0624684 0.0663360 0.0529359 0.0530227 0.0944591 0.0626499 0.0874297 0.0730575 0.0777261 0.0731239 0.0688956 0.0759877 0.0430614 0.0277111 0.0375346 0.0923859 0.0537333 0.0744721 0.0453921 0.0639983 0.0680988 0.0557977 0.0616354 0.0686782 0.0971901 0.0455132 0.0694606 0.0863810 0.0725811 0.0662808 0.0382650 0.0406722 0.0626095 0.0638284 0.1059516 0.0662912 0.0643349 0.0433067 0.0325518 0.0506498 0.0503260 0.0641586 0.0535513 0.0699221 0.0781594 0.0608825 0.0737488 0.0423244 0.0848286 0.0711634 0.0585126 0.0584024 0.0582574 0.0821700 0.0632227 0.1046202 0.0551174 0.0732789 0.0818565 0.0584179 0.0612076 0.0983205 0.0565799 0.0998090 0.0609245 0.0639383 0.0747019 0.0531074 0.0636274 0.0936760 0.0303332 0.0480691 0.0579436 0.0725057 0.0582845 0.0608825 0.0824566 0.0759330 0.0858703 0.0812290 0.0660144 0.0683375 0.0477206 0.0770051 0.0558540 0.0290739 0.0377722 0.0226590 0.0618576 0.0454653 0.0710403 0.0609530 0.0429347 0.0842595 0.0428557 0.0530569 0.0551023 0.0689173 0.0706033 0.0329734 0.0639205 0.0514254 0.0642294 0.0509266 0.0978537 0.0278102 0.0902417 0.0349989 0.0448340 0.0667329 0.0532190 0.0719716 0.0720273 0.0421723 0.0466513 0.0601320 0.0501264 0.0609966 0.0524804 
S0196sl     0.0838596 0.0000000 0.1022926 0.0514228 0.0599985 0.0861182 0.0838602 0.0731047 0.0734708 0.1024221 0.0822245 0.0880388 0.0864657 0.0779191 0.0997563 0.0783599 0.0954144 0.0564566 0.0643628 0.0645745 0.1023101 0.0507541 0.0824147 0.0607990 0.0847044 0.0730760 0.0844937 0.0787573 0.1037511 0.0981889 0.0732890 0.0792895 0.1026530 0.0821657 0.0638987 0.0692329 0.0614463 0.0000010 0.0828922 0.1261914 0.0829543 0.0754195 0.0738711 0.0739639 0.0514604 0.0509567 0.0849742 0.0567488 0.0775179 0.0992683 0.0553730 0.0775198 0.0643138 0.0875924 0.0975086 0.0844131 0.0795096 0.0887957 0.0000010 0.0731572 0.1485867 0.0376133 0.1021697 0.0974613 0.0654824 0.0838810 0.1341626 0.0512408 0.1268329 0.0944958 0.0737768 0.1077907 0.0732762 0.0690006 0.1313460 0.0643359 0.0985083 0.0742780 0.0751483 0.0553730 0.0553730 0.1037809 0.0817309 0.1037680 0.0919851 0.0764618 0.0875190 0.0823027 0.1018055 0.0732988 0.0627164 0.0605989 0.0559245 0.0699727 0.0693502 0.0768944 0.0775870 0.0646587 0.1010447 0.0878966 0.0554458 0.0000010 0.0732941 0.0643222 0.0694695 0.0783768 0.0742448 0.0646811 0.0795383 0.1082992 0.0643491 0.0976692 0.0688134 0.0638110 0.0922381 0.0837235 0.0639392 0.0886068 0.0595877 0.0543037 0.0642546 0.0601743 0.0786818 0.0642297 
S0278       0.0831368 0.1022926 0.0000000 0.0722943 0.0679521 0.0789963 0.0158098 0.0742450 0.1030908 0.0349097 0.0793294 0.0861484 0.0290353 0.0235247 0.0902909 0.1066206 0.0930013 0.0753084 0.0627115 0.0791871 0.0469140 0.0645044 0.0203399 0.0802221 0.0865519 0.0560386 0.0740638 0.0914335 0.1010476 0.0273239 0.0916451 0.1230073 0.0275079 0.0506179 0.0473270 0.0609539 0.0803242 0.0524701 0.0807502 0.1177118 0.0800340 0.0835047 0.0895358 0.0739002 0.0634058 0.0603971 0.0773735 0.0590065 0.0454744 0.0938560 0.0446829 0.0419630 0.0628231 0.0303422 0.0848445 0.0715047 0.0767709 0.0765723 0.1179472 0.0773304 0.1306269 0.0724571 0.0873458 0.1109814 0.0605005 0.0742927 0.1100649 0.0687558 0.1144874 0.0797488 0.0888724 0.0965411 0.0886583 0.0739998 0.1051305 0.0711552 0.0767850 0.0660315 0.0327710 0.0446873 0.0446829 0.0904604 0.0482322 0.0274484 0.1009156 0.0832235 0.0819851 0.0903735 0.0855755 0.0774489 0.0600081 0.0796180 0.0684052 0.0716993 0.0748534 0.0525153 0.0827804 0.0664659 0.0280750 0.0800896 0.0632137 0.0000026 0.0774191 0.0535059 0.0743347 0.0763098 0.0760263 0.0836442 0.0980006 0.0324856 0.0713293 0.0693553 0.0792250 0.0707262 0.0886938 0.0719313 0.0550887 0.0771280 0.0625897 0.0685608 0.0736124 0.0685278 0.0889749 0.0655479 
S0281       0.0521663 0.0514228 0.0722943 0.0000000 0.0334434 0.0459690 0.0525311 0.0517866 0.0476849 0.0638816 0.0465647 0.0602208 0.0650373 0.0637287 0.0686293 0.0518938 0.0573851 0.0310905 0.0369637 0.0441846 0.0638693 0.0591149 0.0521609 0.0338113 0.0452126 0.0556155 0.0604325 0.0720959 0.0600704 0.0644599 0.0476847 0.0516006 0.0721016 0.0631887 0.0516311 0.0482593 0.0453442 0.0000010 0.0429046 0.0938111 0.0712892 0.0415337 0.0481360 0.0444660 0.0269606 0.0232836 0.0608960 0.0236936 0.0593254 0.0724304 0.0443725 0.0593242 0.0407202 0.0599357 0.0636629 0.0605637 0.0602248 0.0640370 0.0000010 0.0265333 0.1115780 0.0248675 0.0692223 0.0600580 0.0486995 0.0604762 0.0957954 0.0233906 0.0942100 0.0565055 0.0371664 0.0754450 0.0477313 0.0445391 0.0937547 0.0409368 0.0635244 0.0485879 0.0569618 0.0480179 0.0443725 0.0689740 0.0666987 0.0605441 0.0556433 0.0459206 0.0464396 0.0513670 0.0596391 0.0519004 0.0387068 0.0374715 0.0480914 0.0489934 0.0443945 0.0629751 0.0554965 0.0446928 0.0700202 0.0482029 0.0268428 0.0000010 0.0337166 0.0519246 0.0449561 0.0302044 0.0486152 0.0526973 0.0560147 0.0768983 0.0369566 0.0881305 0.0440849 0.0440340 0.0595731 0.0561099 0.0443881 0.0638112 0.0369566 0.0316460 0.0336061 0.0372145 0.0482025 0.0481846 
S0282       0.0277111 0.0599985 0.0679521 0.0334434 0.0000000 0.0484935 0.0521214 0.0421708 0.0250642 0.0733084 0.0514045 0.0723020 0.0577337 0.0623322 0.0666206 0.0518322 0.0614246 0.0365998 0.0043778 0.0156490 0.0631333 0.0415586 0.0598219 0.0348968 0.0529186 0.0481942 0.0448684 0.0503769 0.0520709 0.0812684 0.0251810 0.0402973 0.0709545 0.0527374 0.0520754 0.0328033 0.0158458 0.0705900 0.0492913 0.0868958 0.0549516 0.0529917 0.0277473 0.0133889 0.0399173 0.0396701 0.0528179 0.0480468 0.0554890 0.0640669 0.0420275 0.0592604 0.0320731 0.0631015 0.0620065 0.0474575 0.0473696 0.0472569 0.0721928 0.0520770 0.0922016 0.0311749 0.0699128 0.0584931 0.0473820 0.0500343 0.0794625 0.0373728 0.0811162 0.0498108 0.0577852 0.0714834 0.0371211 0.0473467 0.0753622 0.0066310 0.0347280 0.0470102 0.0580451 0.0395861 0.0420275 0.0664827 0.0609517 0.0705558 0.0611659 0.0511591 0.0512749 0.0225760 0.0705168 0.0449133 0.0069148 0.0111665 0.0274606 0.0502028 0.0299052 0.0570377 0.0498325 0.0349621 0.0688397 0.0299466 0.0422618 0.0546129 0.0574834 0.0506970 0.0089195 0.0443548 0.0431261 0.0528797 0.0349494 0.0763695 0.0133840 0.0744540 0.0250112 0.0368833 0.0604864 0.0498983 0.0469289 0.0604096 0.0319612 0.0384802 0.0491852 0.0395196 0.0498697 0.0444472 
S0288       0.0624684 0.0861182 0.0789963 0.0459690 0.0484935 0.0000000 0.0679910 0.0591166 0.0746633 0.0911706 0.0045501 0.0460163 0.0810388 0.0734163 0.0649056 0.0530382 0.0067826 0.0435285 0.0484935 0.0589565 0.0810256 0.0541276 0.0736192 0.0459104 0.0022400 0.0699349 0.0589411 0.0711389 0.0525174 0.0871727 0.0680095 0.0981401 0.0734283 0.0744936 0.0674779 0.0462760 0.0601963 0.0623520 0.0045931 0.0996848 0.0650284 0.0067421 0.0629163 0.0594400 0.0568368 0.0512311 0.0567426 0.0495847 0.0717609 0.0539824 0.0619744 0.0701272 0.0510615 0.0747353 0.0259040 0.0511897 0.0560393 0.0614301 0.1222937 0.0533747 0.1051495 0.0532900 0.0620910 0.0674465 0.0432112 0.0484299 0.0950870 0.0503480 0.0966038 0.0433141 0.0536429 0.0666957 0.0679199 0.0615462 0.0941126 0.0514771 0.0595660 0.0589159 0.0741832 0.0646795 0.0619744 0.0122615 0.0749248 0.0733356 0.0616806 0.0023681 0.0045653 0.0702385 0.0749688 0.0617192 0.0453808 0.0568695 0.0565467 0.0711352 0.0541178 0.0722893 0.0590528 0.0486500 0.0862592 0.0648690 0.0540164 0.0830503 0.0589334 0.0691047 0.0544596 0.0501029 0.0576427 0.0567556 0.0712357 0.0975194 0.0486794 0.0985325 0.0589530 0.0536365 0.0670248 0.0532305 0.0733878 0.0612732 0.0534711 0.0473792 0.0589781 0.0404208 0.0590639 0.0619649 
S0289       0.0663360 0.0838602 0.0158098 0.0525311 0.0521214 0.0679910 0.0000000 0.0660739 0.0820880 0.0203816 0.0712067 0.0839761 0.0117434 0.0139803 0.0787771 0.0883020 0.0816867 0.0557997 0.0521214 0.0627829 0.0223394 0.0605146 0.0134244 0.0607134 0.0724195 0.0604009 0.0690967 0.0743106 0.0922959 0.0251206 0.0744679 0.0990137 0.0252900 0.0429281 0.0349186 0.0506679 0.0636634 0.0524701 0.0667041 0.1154436 0.0634279 0.0725249 0.0695873 0.0628834 0.0580930 0.0525859 0.0664230 0.0510736 0.0378910 0.0950115 0.0323924 0.0346100 0.0549880 0.0199281 0.0796719 0.0636317 0.0717874 0.0716028 0.1179472 0.0634485 0.1210634 0.0572497 0.0815177 0.1021970 0.0556319 0.0663655 0.1077559 0.0569826 0.1122168 0.0660484 0.0775574 0.0911147 0.0743588 0.0717403 0.1028514 0.0550741 0.0604159 0.0554409 0.0207251 0.0348217 0.0323924 0.0918210 0.0405633 0.0204384 0.0957874 0.0748226 0.0708905 0.0734614 0.0744097 0.0691653 0.0466529 0.0631179 0.0524548 0.0640616 0.0582023 0.0448784 0.0744037 0.0584228 0.0208372 0.0634749 0.0553226 0.0000026 0.0635198 0.0406589 0.0580205 0.0563200 0.0676415 0.0724249 0.0776582 0.0252613 0.0552020 0.0586417 0.0628127 0.0547563 0.0774126 0.0611103 0.0473999 0.0721227 0.0547862 0.0546711 0.0655438 0.0578989 0.0692055 0.0576479 
S0292       0.0529359 0.0731047 0.0742450 0.0517866 0.0421708 0.0591166 0.0660739 0.0000000 0.0770705 0.0912939 0.0593541 0.0772592 0.0697475 0.0714093 0.0503674 0.0588734 0.0696605 0.0461533 0.0421708 0.0550978 0.0818547 0.0454899 0.0658650 0.0502907 0.0608698 0.0671155 0.0398685 0.0692742 0.0802866 0.0879135 0.0526363 0.0869780 0.0773572 0.0666268 0.0604637 0.0482482 0.0558413 0.0716049 0.0576956 0.0987652 0.0713651 0.0662423 0.0586044 0.0526110 0.0477201 0.0474181 0.0423783 0.0561576 0.0641475 0.0864847 0.0551914 0.0652350 0.0346971 0.0795385 0.0699748 0.0424112 0.0473234 0.0422381 0.0893776 0.0629837 0.1041810 0.0515788 0.0757957 0.0872452 0.0423436 0.0499842 0.0912508 0.0483779 0.0957150 0.0499880 0.0525889 0.0829047 0.0520608 0.0371057 0.0868401 0.0424967 0.0660192 0.0469644 0.0664877 0.0526475 0.0551914 0.0754732 0.0671335 0.0883687 0.0833230 0.0624207 0.0648492 0.0629509 0.0651794 0.0111546 0.0391170 0.0501620 0.0473761 0.0397937 0.0449139 0.0704552 0.0204323 0.0044315 0.0752313 0.0608026 0.0500996 0.0470539 0.0686524 0.0645648 0.0452834 0.0634420 0.0279917 0.0477287 0.0664531 0.0884974 0.0423259 0.0837566 0.0497079 0.0521801 0.0604201 0.0498485 0.0687095 0.0525866 0.0345748 0.0411215 0.0571059 0.0346320 0.0526250 0.0422658 
S0293       0.0530227 0.0734708 0.1030908 0.0476849 0.0250642 0.0746633 0.0820880 0.0770705 0.0000000 0.1079002 0.0761786 0.0832070 0.0797753 0.0863137 0.1060511 0.0777301 0.0910761 0.0462683 0.0207863 0.0339036 0.1015173 0.0634766 0.0967692 0.0529799 0.0686681 0.0675174 0.0786825 0.0786896 0.0838330 0.1092359 0.0523029 0.0420105 0.1146403 0.0917063 0.0662670 0.0675782 0.0350525 0.0000010 0.0709965 0.1184898 0.0872846 0.0685946 0.0483167 0.0251846 0.0526547 0.0622727 0.0899023 0.0585644 0.0864479 0.1108808 0.0615412 0.0864526 0.0522733 0.0972005 0.0988053 0.0892396 0.0732836 0.0833926 0.0000010 0.0616124 0.1428692 0.0413069 0.1171690 0.0838381 0.0780614 0.0783641 0.1270259 0.0524058 0.1134148 0.0784235 0.0727824 0.1157830 0.0431665 0.0721845 0.1241043 0.0342641 0.0726953 0.0778134 0.0894809 0.0615412 0.0615412 0.0837459 0.0911652 0.1037190 0.0875763 0.0698897 0.0707579 0.0428245 0.0976270 0.0772998 0.0355311 0.0345281 0.0481772 0.0675337 0.0481057 0.0822609 0.0871043 0.0722258 0.1064510 0.0577640 0.0570734 0.0000010 0.0719853 0.0716169 0.0297792 0.0670770 0.0780834 0.0779326 0.0583610 0.1262228 0.0385397 0.1041287 0.0384942 0.0663647 0.0872005 0.0828942 0.0615562 0.1048316 0.0522733 0.0654449 0.0620303 0.0672061 0.0674516 0.0769149 
S0299       0.0944591 0.1024221 0.0349097 0.0638816 0.0733084 0.0911706 0.0203816 0.0912939 0.1079002 0.0000000 0.0976463 0.1049352 0.0366583 0.0386888 0.1025705 0.1155894 0.1086008 0.0892150 0.0733084 0.0847187 0.0339334 0.0810979 0.0322661 0.0914535 0.0984046 0.0799328 0.0910209 0.1029348 0.1173044 0.0422505 0.0939176 0.1279443 0.0450357 0.0639778 0.0603735 0.0749453 0.0803803 0.0788806 0.0961890 0.1351931 0.0912353 0.0899447 0.0981874 0.0848633 0.0799532 0.0739921 0.0917097 0.0728176 0.0560279 0.1227913 0.0575926 0.0547059 0.0764664 0.0373242 0.0977658 0.0855412 0.0938484 0.0935949 0.1309786 0.0856504 0.1410006 0.0815490 0.1099732 0.1175015 0.0740575 0.0884486 0.1273830 0.0765080 0.1317836 0.0944786 0.1037806 0.1185459 0.0943816 0.0917509 0.1219145 0.0765915 0.0878364 0.0799152 0.0428774 0.0601955 0.0575926 0.1216470 0.0615505 0.0348903 0.1173829 0.1027951 0.0971862 0.0904451 0.1002721 0.0947432 0.0684623 0.0824134 0.0792031 0.0922439 0.0916011 0.0657863 0.1002779 0.0832384 0.0405896 0.0912964 0.0769573 0.0224358 0.0857494 0.0670474 0.0798458 0.0755784 0.0935411 0.0984114 0.1009385 0.0324000 0.0822378 0.0863000 0.0902926 0.0815243 0.1035523 0.0861358 0.0684570 0.0979867 0.0761751 0.0830443 0.0876903 0.0824655 0.1004664 0.0766068 
S0303       0.0626499 0.0822245 0.0793294 0.0465647 0.0514045 0.0045501 0.0712067 0.0593541 0.0761786 0.0976463 0.0000000 0.0410849 0.0846273 0.0736938 0.0707558 0.0558850 0.0022559 0.0441020 0.0514045 0.0620045 0.0866823 0.0612969 0.0739304 0.0410944 0.0045197 0.0665962 0.0539343 0.0747610 0.0554605 0.0820890 0.0712250 0.0956752 0.0737380 0.0748108 0.0677599 0.0519877 0.0633230 0.0704516 0.0046103 0.1005804 0.0681927 0.0090749 0.0606041 0.0625204 0.0544373 0.0462633 0.0569784 0.0496931 0.0720673 0.0595100 0.0622326 0.0677121 0.0512715 0.0754450 0.0285530 0.0514007 0.0536660 0.0564175 0.1213767 0.0537336 0.1121313 0.0565404 0.0623614 0.0680268 0.0459253 0.0486287 0.0989072 0.0469879 0.0974680 0.0513348 0.0565073 0.0643018 0.0683460 0.0671665 0.0978811 0.0544493 0.0653756 0.0563005 0.0746642 0.0649492 0.0622326 0.0073541 0.0724302 0.0766487 0.0620724 0.0023875 0.0092021 0.0734627 0.0752790 0.0593219 0.0483785 0.0599180 0.0595768 0.0714359 0.0571253 0.0725882 0.0566603 0.0462723 0.0839478 0.0680239 0.0516286 0.0824582 0.0593345 0.0693991 0.0574905 0.0507602 0.0553304 0.0569915 0.0716884 0.0979392 0.0516039 0.0960011 0.0566837 0.0514001 0.0727429 0.0532703 0.0736962 0.0616601 0.0536904 0.0449397 0.0565953 0.0405848 0.0621203 0.0622224 
S0308       0.0874297 0.0880388 0.0861484 0.0602208 0.0723020 0.0460163 0.0839761 0.0772592 0.0832070 0.1049352 0.0410849 0.0000000 0.0952712 0.0864887 0.0927529 0.0677809 0.0536552 0.0622834 0.0723020 0.0833606 0.1079520 0.0915353 0.0836891 0.0668931 0.0480990 0.0923169 0.0719723 0.0993075 0.0773803 0.1004463 0.0902056 0.1059872 0.0889238 0.0907684 0.0773960 0.0646806 0.0880208 0.0893604 0.0469809 0.1248025 0.0815803 0.0454378 0.0823472 0.0840813 0.0748035 0.0689219 0.0669542 0.0730272 0.0875971 0.0773645 0.0772546 0.0912560 0.0692287 0.0974502 0.0385069 0.0694108 0.0689360 0.0744930 0.1585414 0.0746035 0.1337199 0.0745820 0.0781968 0.0841816 0.0636323 0.0664725 0.1202636 0.0643985 0.1214983 0.0668039 0.0692301 0.0793737 0.0785221 0.0856580 0.1189841 0.0756426 0.0928219 0.0774180 0.0900458 0.0800240 0.0772546 0.0577730 0.0879704 0.0951929 0.0749726 0.0429589 0.0544688 0.0897660 0.0800442 0.0772156 0.0700835 0.0785835 0.0809315 0.0873783 0.0753070 0.0968640 0.0775682 0.0666049 0.0977391 0.0841702 0.0718467 0.0839212 0.0805710 0.0849138 0.0789569 0.0684480 0.0767087 0.0698320 0.0939442 0.1079218 0.0725930 0.1181957 0.0778152 0.0804959 0.0882507 0.0801166 0.0890324 0.0861172 0.0716635 0.0550727 0.0802450 0.0528528 0.0861157 0.0806650 
S0320       0.0730575 0.0864657 0.0290353 0.0650373 0.0577337 0.0810388 0.0117434 0.0697475 0.0797753 0.0366583 0.0846273 0.0952712 0.0000000 0.0275203 0.0866332 0.0972123 0.0959270 0.0598960 0.0577337 0.0691598 0.0380791 0.0761734 0.0263476 0.0699205 0.0856661 0.0738413 0.0790279 0.0756337 0.0982774 0.0391716 0.0817717 0.0949636 0.0343060 0.0481130 0.0447050 0.0561812 0.0719009 0.0612224 0.0799222 0.1266038 0.0728610 0.0858009 0.0795316 0.0637385 0.0699101 0.0638668 0.0764369 0.0595377 0.0427277 0.1074752 0.0419473 0.0391188 0.0582018 0.0364453 0.0907885 0.0762908 0.0819360 0.0817084 0.1293723 0.0757387 0.1326476 0.0674061 0.0975650 0.1078437 0.0672721 0.0822154 0.1184137 0.0701515 0.1230906 0.0788800 0.0882153 0.1033152 0.0788680 0.0847717 0.1129195 0.0579879 0.0694349 0.0587042 0.0345861 0.0445717 0.0419473 0.1048862 0.0427748 0.0340695 0.1046884 0.0860581 0.0842191 0.0778710 0.0818585 0.0762461 0.0491640 0.0693963 0.0581281 0.0765139 0.0703311 0.0581851 0.0818549 0.0647116 0.0342721 0.0699531 0.0668704 0.0072628 0.0758296 0.0482040 0.0611230 0.0692468 0.0776326 0.0827099 0.0882287 0.0394111 0.0610820 0.0537776 0.0691944 0.0606583 0.0847434 0.0732343 0.0582252 0.0823416 0.0579746 0.0639584 0.0779099 0.0668536 0.0820510 0.0583220 
S0327       0.0777261 0.0779191 0.0235247 0.0637287 0.0623322 0.0734163 0.0139803 0.0714093 0.0863137 0.0386888 0.0736938 0.0864887 0.0275203 0.0000000 0.0848960 0.0861543 0.0879602 0.0586003 0.0623322 0.0705028 0.0366051 0.0647345 0.0234567 0.0660236 0.0781528 0.0556215 0.0774583 0.0833316 0.0929485 0.0359459 0.0864239 0.1098724 0.0310412 0.0471874 0.0359790 0.0582503 0.0748580 0.0610063 0.0752692 0.1203823 0.0628979 0.0782719 0.0811162 0.0738948 0.0599080 0.0568708 0.0752405 0.0556031 0.0392339 0.0985988 0.0333704 0.0383931 0.0597554 0.0138262 0.0854429 0.0747784 0.0742540 0.0800840 0.1390284 0.0712949 0.1262523 0.0628343 0.0881067 0.1031665 0.0575050 0.0714939 0.1152541 0.0600459 0.1169936 0.0834423 0.0773921 0.0976209 0.0862600 0.0773778 0.1103016 0.0655586 0.0654475 0.0575788 0.0214873 0.0333704 0.0333704 0.0910471 0.0394119 0.0361187 0.0931958 0.0770966 0.0801040 0.0851913 0.0801858 0.0713681 0.0569587 0.0741816 0.0627562 0.0718568 0.0720565 0.0465847 0.0741327 0.0606561 0.0240828 0.0713168 0.0597299 0.0146260 0.0713784 0.0367613 0.0687697 0.0678477 0.0731757 0.0751511 0.0899347 0.0336409 0.0657219 0.0580635 0.0738047 0.0651552 0.0833566 0.0662420 0.0488629 0.0806921 0.0595267 0.0592378 0.0708488 0.0628249 0.0746979 0.0625482 
S0335       0.0731239 0.0997563 0.0902909 0.0686293 0.0666206 0.0649056 0.0787771 0.0503674 0.1060511 0.1025705 0.0707558 0.0927529 0.0866332 0.0848960 0.0000000 0.0363586 0.0811986 0.0562715 0.0666206 0.0808092 0.0989155 0.0774287 0.0785099 0.0665369 0.0666142 0.0894112 0.0583946 0.0966702 0.0810948 0.0990823 0.0837650 0.1089460 0.0907605 0.0766059 0.0755643 0.0624135 0.0819620 0.0707582 0.0663167 0.1028794 0.0900446 0.0721029 0.0850481 0.0753511 0.0697185 0.0639086 0.0611039 0.0706393 0.0768485 0.0903486 0.0699527 0.0749460 0.0532240 0.0903189 0.0730604 0.0585355 0.0636892 0.0608612 0.1093480 0.0743201 0.1056060 0.0617692 0.0924160 0.0996195 0.0504640 0.0665423 0.0952706 0.0645840 0.0997652 0.0637606 0.0586017 0.0929242 0.0834529 0.0694047 0.0907106 0.0698624 0.0929106 0.0584275 0.0792868 0.0727057 0.0699527 0.0912204 0.0772116 0.1023660 0.0925483 0.0682690 0.0735349 0.0832118 0.0630828 0.0584534 0.0642237 0.0782685 0.0723964 0.0673143 0.0697457 0.0776938 0.0695006 0.0454559 0.0849901 0.0872534 0.0667970 0.0649075 0.0802602 0.0773993 0.0730830 0.0805620 0.0601062 0.0563286 0.0935414 0.1025275 0.0668847 0.0998768 0.0748114 0.0746918 0.0555847 0.0374259 0.0843822 0.0479925 0.0530265 0.0576137 0.0772291 0.0426108 0.0720882 0.0614391 
S0345       0.0688956 0.0783599 0.1066206 0.0518938 0.0518322 0.0530382 0.0883020 0.0588734 0.0777301 0.1155894 0.0558850 0.0677809 0.0972123 0.0861543 0.0363586 0.0000000 0.0897500 0.0443229 0.0518322 0.0680201 0.1156723 0.0000010 0.0782495 0.0613810 0.0532954 0.0442493 0.0595723 0.0877136 0.0975808 0.0974196 0.0672729 0.0682290 0.0984639 0.0446090 0.0519890 0.0602380 0.0639430 0.0000010 0.0639540 0.0884135 0.0762664 0.0781646 0.0604919 0.0518322 0.0520715 0.0515290 0.0789302 0.0288040 0.0442534 0.0882121 0.0441810 0.0521783 0.0284524 0.0777563 0.0670575 0.0523806 0.0516658 0.0595723 0.0000010 0.0598168 0.0987261 0.0304614 0.0743894 0.1364843 0.0213561 0.0444576 0.0891092 0.0520715 0.0884135 0.0521165 0.0283216 0.0692418 0.0514511 0.0434267 0.0884135 0.0604679 0.0867398 0.0518058 0.0524586 0.0441810 0.0441810 0.0875028 0.0520940 0.1192749 0.1037375 0.0609561 0.0646835 0.0678814 0.0505014 0.0504225 0.0468161 0.0617201 0.0687396 0.0439460 0.0600012 0.0688162 0.0660035 0.0504225 0.1121193 0.0856817 0.0520715 0.0000010 0.0776673 0.0526990 0.0697014 0.0687037 0.0434070 0.0362048 0.0695833 0.1170469 0.0598452 0.0698303 0.0520326 0.0517895 0.0510251 0.0439477 0.0442534 0.0604299 0.0284524 0.0456707 0.0434079 0.0281489 0.0602222 0.0520497 
S0355       0.0759877 0.0954144 0.0930013 0.0573851 0.0614246 0.0067826 0.0816867 0.0696605 0.0910761 0.1086008 0.0022559 0.0536552 0.0959270 0.0879602 0.0811986 0.0897500 0.0000000 0.0563007 0.0614246 0.0721871 0.1002391 0.0610649 0.0874983 0.0509566 0.0090210 0.0821711 0.0666059 0.0821404 0.0631651 0.0987040 0.0817047 0.1100125 0.0872687 0.0885455 0.0810610 0.0621259 0.0737307 0.0789849 0.0022872 0.1114168 0.0785904 0.0158881 0.0709749 0.0727957 0.0674343 0.0616343 0.0700175 0.0628703 0.0857462 0.0671478 0.0753749 0.0810047 0.0640616 0.0914139 0.0408212 0.0642280 0.0664648 0.0692951 0.1313022 0.0637350 0.1230767 0.0679286 0.0760863 0.0727226 0.0559466 0.0613429 0.1098528 0.0620337 0.1082471 0.0560835 0.0694237 0.0801060 0.0787618 0.0748473 0.1087086 0.0645932 0.0757181 0.0721453 0.0883806 0.0781611 0.0753749 0.0073096 0.0859440 0.0871926 0.0722782 0.0071474 0.0068311 0.0839075 0.0886312 0.0696215 0.0587937 0.0701626 0.0697700 0.0849953 0.0673118 0.0827063 0.0669122 0.0563460 0.0980090 0.0783932 0.0645173 0.0915503 0.0694798 0.0830399 0.0677471 0.0617235 0.0685480 0.0669989 0.0822411 0.1122601 0.0616659 0.1104020 0.0667876 0.0640545 0.0804984 0.0659672 0.0872173 0.0745067 0.0664931 0.0552632 0.0695338 0.0529959 0.0723248 0.0753607 
S0376       0.0430614 0.0564566 0.0753084 0.0310905 0.0365998 0.0435285 0.0557997 0.0461533 0.0462683 0.0892150 0.0441020 0.0622834 0.0598960 0.0586003 0.0562715 0.0443229 0.0563007 0.0000000 0.0365998 0.0486053 0.0787268 0.0529405 0.0686634 0.0162404 0.0431790 0.0507476 0.0460352 0.0530979 0.0611663 0.0856653 0.0558327 0.0696276 0.0658689 0.0630828 0.0490755 0.0312076 0.0497974 0.0630059 0.0416345 0.0943760 0.0456784 0.0462876 0.0529342 0.0457867 0.0398386 0.0365951 0.0529067 0.0435855 0.0566782 0.0785667 0.0459299 0.0552107 0.0277184 0.0771642 0.0570792 0.0401411 0.0397561 0.0489473 0.1135466 0.0452670 0.1080922 0.0398226 0.0732514 0.0721909 0.0399615 0.0490739 0.0955516 0.0313468 0.0907091 0.0431800 0.0429395 0.0749667 0.0556402 0.0553876 0.0903794 0.0399184 0.0553967 0.0458961 0.0595726 0.0459299 0.0459299 0.0588029 0.0569909 0.0756122 0.0787563 0.0436789 0.0507628 0.0615307 0.0611162 0.0461250 0.0354834 0.0458487 0.0368199 0.0563777 0.0432813 0.0646365 0.0522393 0.0368567 0.0665595 0.0522026 0.0367394 0.0563707 0.0516484 0.0536287 0.0432617 0.0407912 0.0441469 0.0430158 0.0625226 0.0859453 0.0367610 0.0701485 0.0426214 0.0396445 0.0553647 0.0457716 0.0650787 0.0624743 0.0306131 0.0408494 0.0456321 0.0306261 0.0246997 0.0397241 
S0400       0.0277111 0.0643628 0.0627115 0.0369637 0.0043778 0.0484935 0.0521214 0.0421708 0.0207863 0.0733084 0.0514045 0.0723020 0.0577337 0.0623322 0.0666206 0.0518322 0.0614246 0.0365998 0.0000000 0.0156490 0.0674503 0.0415586 0.0598219 0.0348968 0.0529186 0.0445757 0.0448684 0.0503769 0.0573935 0.0812684 0.0251810 0.0435901 0.0709545 0.0578848 0.0520754 0.0328033 0.0158458 0.0620541 0.0492913 0.0868958 0.0549516 0.0529917 0.0277473 0.0088739 0.0399173 0.0396701 0.0528179 0.0480468 0.0554890 0.0694329 0.0469795 0.0592604 0.0320731 0.0669346 0.0620065 0.0474575 0.0473696 0.0472569 0.0721599 0.0520770 0.0922016 0.0338988 0.0699128 0.0637641 0.0473820 0.0500343 0.0794625 0.0409701 0.0811162 0.0498108 0.0577852 0.0714834 0.0322877 0.0473467 0.0753622 0.0066310 0.0347280 0.0470102 0.0580451 0.0445105 0.0469795 0.0607529 0.0609517 0.0705558 0.0664740 0.0511591 0.0512749 0.0225760 0.0705168 0.0449133 0.0069148 0.0157246 0.0274606 0.0502028 0.0251534 0.0621661 0.0498325 0.0349621 0.0688397 0.0299466 0.0422618 0.0546129 0.0574834 0.0558697 0.0089195 0.0479993 0.0431261 0.0528797 0.0349494 0.0763695 0.0133840 0.0744540 0.0250112 0.0368833 0.0657276 0.0498983 0.0519339 0.0604096 0.0319612 0.0384802 0.0491852 0.0395196 0.0498697 0.0444472 
S0405       0.0375346 0.0645745 0.0791871 0.0441846 0.0156490 0.0589565 0.0627829 0.0550978 0.0339036 0.0847187 0.0620045 0.0833606 0.0691598 0.0705028 0.0808092 0.0680201 0.0721871 0.0486053 0.0156490 0.0000000 0.0635849 0.0531782 0.0707372 0.0447698 0.0633501 0.0595005 0.0579634 0.0585382 0.0682747 0.0929213 0.0374389 0.0437451 0.0736504 0.0715436 0.0596359 0.0404889 0.0277590 0.0894836 0.0599381 0.1080180 0.0601384 0.0634394 0.0351448 0.0250779 0.0473303 0.0470340 0.0663186 0.0585597 0.0634559 0.0804015 0.0544438 0.0727123 0.0444878 0.0671398 0.0728802 0.0606753 0.0575781 0.0604117 0.1010636 0.0596358 0.1135208 0.0422513 0.0813747 0.0716868 0.0575931 0.0603366 0.0974434 0.0483595 0.1018962 0.0630736 0.0682905 0.0824055 0.0498045 0.0605310 0.0957811 0.0180629 0.0421597 0.0600877 0.0690406 0.0519369 0.0544438 0.0782100 0.0717763 0.0818628 0.0773234 0.0622402 0.0622286 0.0250780 0.0845724 0.0524128 0.0164439 0.0181472 0.0323457 0.0635833 0.0423256 0.0758011 0.0600894 0.0476626 0.0747615 0.0370686 0.0496914 0.0818263 0.0651743 0.0636567 0.0205050 0.0554973 0.0563752 0.0663901 0.0451970 0.0879414 0.0227581 0.0888961 0.0371792 0.0445045 0.0796958 0.0631827 0.0594706 0.0741570 0.0443285 0.0487358 0.0622571 0.0522844 0.0601320 0.0574032 
S0407sl     0.0923859 0.1023101 0.0469140 0.0638693 0.0631333 0.0810256 0.0223394 0.0818547 0.1015173 0.0339334 0.0866823 0.1079520 0.0380791 0.0366051 0.0989155 0.1156723 0.1002391 0.0787268 0.0674503 0.0635849 0.0000000 0.0692704 0.0420111 0.0730155 0.0839945 0.0730455 0.0986844 0.1019808 0.0972643 0.0386908 0.0770172 0.0796216 0.0470749 0.0592503 0.0504780 0.0775066 0.0768861 0.0000010 0.0777821 0.1199940 0.0737014 0.0882849 0.0823888 0.0725423 0.0691168 0.0687857 0.0893669 0.0655480 0.0549310 0.1136289 0.0423082 0.0549291 0.0774623 0.0342494 0.0928358 0.0941321 0.1030589 0.1030589 0.0000010 0.0683723 0.1261858 0.0369561 0.1027722 0.0968937 0.0785762 0.0987702 0.1126498 0.0643980 0.1205966 0.0889160 0.0876410 0.1127558 0.0906360 0.0779165 0.1098304 0.0679222 0.0818877 0.0562005 0.0394549 0.0464084 0.0423082 0.1211910 0.0589738 0.0386849 0.0872171 0.0892162 0.0813826 0.0760447 0.0971303 0.0872322 0.0661331 0.0729628 0.0729794 0.0785045 0.0732480 0.0689550 0.0916332 0.0783191 0.0429088 0.0773560 0.0687546 0.0000010 0.0684989 0.0463592 0.0730747 0.0682570 0.0927715 0.0931099 0.0873244 0.0558093 0.0725156 0.0969530 0.0814560 0.0633039 0.0870653 0.0836504 0.0423250 0.0932902 0.0725156 0.0637732 0.0818714 0.0733034 0.0920083 0.0681468 
S0412sl     0.0537333 0.0507541 0.0645044 0.0591149 0.0415586 0.0541276 0.0605146 0.0454899 0.0634766 0.0810979 0.0612969 0.0915353 0.0761734 0.0647345 0.0774287 0.0000010 0.0610649 0.0529405 0.0415586 0.0531782 0.0692704 0.0000000 0.0568300 0.0492645 0.0648722 0.0892691 0.0568585 0.0457396 0.0721865 0.0837847 0.0497424 0.1190794 0.0646903 0.0699697 0.0611013 0.0387001 0.0526502 0.0629639 0.0549959 0.1079838 0.0495018 0.0492905 0.0578171 0.0571326 0.0497096 0.0494885 0.0526964 0.0666307 0.0705977 0.0823731 0.0570717 0.0680746 0.0489350 0.0821900 0.0547708 0.0491027 0.0568452 0.0604609 0.0913891 0.0728606 0.1072646 0.0546856 0.0818451 0.0540582 0.0527319 0.0643970 0.0925434 0.0597831 0.1034090 0.0566965 0.0812277 0.0906738 0.0696435 0.0646108 0.0902188 0.0418106 0.0532659 0.0561152 0.0645362 0.0532864 0.0570717 0.0607560 0.0711125 0.0719308 0.0694032 0.0549134 0.0612482 0.0648989 0.0934392 0.0537633 0.0391391 0.0526607 0.0455446 0.0696767 0.0423913 0.0716751 0.0535908 0.0385939 0.0605146 0.0536212 0.0532516 0.0554194 0.0728606 0.0668501 0.0342726 0.0741763 0.0547551 0.0653861 0.0535102 0.0771127 0.0381188 0.0869772 0.0526513 0.0416006 0.0813188 0.0683479 0.0774028 0.0561603 0.0486735 0.0431428 0.0681031 0.0453421 0.0732644 0.0489972 
S0417       0.0744721 0.0824147 0.0203399 0.0521609 0.0598219 0.0736192 0.0134244 0.0658650 0.0967692 0.0322661 0.0739304 0.0836891 0.0263476 0.0234567 0.0785099 0.0782495 0.0874983 0.0686634 0.0598219 0.0707372 0.0420111 0.0568300 0.0000000 0.0716419 0.0780340 0.0671046 0.0688744 0.0851859 0.0953548 0.0297055 0.0772741 0.1147670 0.0299069 0.0477216 0.0445157 0.0610054 0.0717385 0.0532008 0.0752476 0.1241388 0.0794485 0.0781489 0.0806445 0.0708529 0.0552982 0.0498632 0.0721121 0.0483147 0.0426496 0.0891588 0.0419153 0.0392456 0.0522492 0.0264337 0.0794001 0.0663304 0.0715544 0.0713713 0.1198024 0.0661621 0.1297963 0.0599498 0.0759652 0.1052823 0.0503333 0.0690852 0.1164558 0.0525540 0.1208577 0.0744875 0.0744629 0.0855292 0.0853945 0.0688410 0.1113442 0.0628884 0.0683575 0.0604412 0.0301331 0.0443904 0.0419153 0.0982445 0.0453581 0.0298418 0.0953760 0.0808546 0.0765703 0.0816370 0.0795932 0.0689427 0.0545814 0.0711173 0.0626908 0.0636087 0.0717575 0.0472115 0.0741605 0.0582413 0.0254846 0.0715282 0.0525640 0.0000022 0.0687688 0.0505537 0.0659406 0.0598095 0.0674213 0.0667971 0.0889110 0.0298732 0.0601990 0.0688578 0.0707707 0.0649949 0.0826355 0.0609194 0.0521634 0.0718874 0.0520587 0.0545704 0.0626907 0.0525951 0.0801492 0.0573278 
S0427       0.0453921 0.0607990 0.0802221 0.0338113 0.0348968 0.0459104 0.0607134 0.0502907 0.0529799 0.0914535 0.0410944 0.0668931 0.0699205 0.0660236 0.0665369 0.0613810 0.0509566 0.0162404 0.0348968 0.0447698 0.0730155 0.0492645 0.0716419 0.0000000 0.0427679 0.0562091 0.0557930 0.0588836 0.0627830 0.0885120 0.0531000 0.0692878 0.0774852 0.0697370 0.0604803 0.0353354 0.0482133 0.0616151 0.0364970 0.0960392 0.0580024 0.0478782 0.0431352 0.0451166 0.0350702 0.0348540 0.0556892 0.0457456 0.0670967 0.0720350 0.0552049 0.0656473 0.0447397 0.0762068 0.0620071 0.0558056 0.0554413 0.0582522 0.1107802 0.0418613 0.1073428 0.0460288 0.0724557 0.0695335 0.0503205 0.0582014 0.0943505 0.0304512 0.0930047 0.0582076 0.0552450 0.0768934 0.0478326 0.0554072 0.0898520 0.0376144 0.0528310 0.0552660 0.0696638 0.0526597 0.0552049 0.0550980 0.0701285 0.0774202 0.0690519 0.0403933 0.0517252 0.0552950 0.0735784 0.0502648 0.0340731 0.0424911 0.0399857 0.0617085 0.0403030 0.0762676 0.0528040 0.0402118 0.0784814 0.0502227 0.0374048 0.0729739 0.0470516 0.0618915 0.0403437 0.0373774 0.0461366 0.0557535 0.0534243 0.0948038 0.0350234 0.0815676 0.0373821 0.0397987 0.0687506 0.0578611 0.0713596 0.0692069 0.0445786 0.0413605 0.0523462 0.0421865 0.0274069 0.0526048 
S0430       0.0639983 0.0847044 0.0865519 0.0452126 0.0529186 0.0022400 0.0724195 0.0608698 0.0686681 0.0984046 0.0045197 0.0480990 0.0856661 0.0781528 0.0666142 0.0532954 0.0090210 0.0431790 0.0529186 0.0633501 0.0839945 0.0648722 0.0780340 0.0427679 0.0000000 0.0687363 0.0662478 0.0728354 0.0570465 0.0921396 0.0724379 0.0932714 0.0809420 0.0789508 0.0718775 0.0563464 0.0646727 0.0789849 0.0022852 0.1052034 0.0694523 0.0112004 0.0619997 0.0637161 0.0586619 0.0530940 0.0640893 0.0540077 0.0762326 0.0584482 0.0663848 0.0718278 0.0554777 0.0774273 0.0355246 0.0584522 0.0632899 0.0687374 0.1313022 0.0552033 0.1132471 0.0583562 0.0667284 0.0694378 0.0503728 0.0556472 0.1035876 0.0495047 0.1020877 0.0504936 0.0606755 0.0710871 0.0696050 0.0688682 0.1025183 0.0559265 0.0666796 0.0633093 0.0786060 0.0690819 0.0663848 0.0121653 0.0794035 0.0808737 0.0690181 0.0000021 0.0091471 0.0746303 0.0766096 0.0661121 0.0500076 0.0613097 0.0581409 0.0755755 0.0585598 0.0739563 0.0634545 0.0530870 0.0880401 0.0692827 0.0558609 0.0915503 0.0607234 0.0735948 0.0589280 0.0492679 0.0596115 0.0610448 0.0727233 0.1018852 0.0531206 0.0999991 0.0581149 0.0554717 0.0713954 0.0576442 0.0777899 0.0683982 0.0578646 0.0517045 0.0581774 0.0448253 0.0580869 0.0663740 
S0478       0.0680988 0.0730760 0.0560386 0.0556155 0.0481942 0.0699349 0.0604009 0.0671155 0.0675174 0.0799328 0.0665962 0.0923169 0.0738413 0.0556215 0.0894112 0.0442493 0.0821711 0.0507476 0.0445757 0.0595005 0.0730455 0.0892691 0.0671046 0.0562091 0.0687363 0.0000000 0.0724428 0.0804709 0.0765029 0.0643686 0.0631369 0.0626905 0.0719956 0.0556066 0.0443089 0.0634927 0.0572706 0.0000010 0.0670251 0.0973680 0.0758286 0.0726459 0.0637594 0.0523749 0.0486976 0.0519324 0.0851675 0.0454224 0.0518268 0.0843084 0.0371807 0.0518248 0.0481685 0.0598537 0.0958316 0.0806027 0.0721892 0.0761227 0.0000010 0.0594804 0.1211591 0.0437150 0.0872574 0.0927648 0.0681162 0.0685894 0.0994242 0.0521882 0.0935371 0.0890315 0.0714441 0.0924262 0.0631869 0.0595879 0.0973098 0.0562194 0.0800556 0.0602928 0.0532423 0.0336699 0.0371807 0.0689652 0.0590824 0.0686679 0.0789888 0.0633066 0.0706777 0.0670196 0.0833362 0.0672691 0.0502525 0.0563868 0.0632633 0.0683523 0.0597923 0.0483904 0.0709800 0.0597968 0.0739464 0.0715781 0.0559011 0.0000010 0.0595763 0.0445577 0.0605798 0.0637807 0.0639704 0.0803825 0.0721750 0.0848747 0.0518800 0.0761812 0.0593603 0.0515212 0.0753281 0.0680493 0.0301681 0.0840421 0.0442785 0.0549370 0.0629539 0.0632539 0.0715734 0.0554732 
S0552sl     0.0557977 0.0844937 0.0740638 0.0604325 0.0448684 0.0589411 0.0690967 0.0398685 0.0786825 0.0910209 0.0539343 0.0719723 0.0790279 0.0774583 0.0583946 0.0595723 0.0666059 0.0460352 0.0448684 0.0579634 0.0986844 0.0568585 0.0688744 0.0557930 0.0662478 0.0724428 0.0000000 0.0752408 0.0687348 0.0794296 0.0637281 0.0836704 0.0744303 0.0696769 0.0634027 0.0481326 0.0561414 0.0612193 0.0575200 0.1085059 0.0799176 0.0634249 0.0615580 0.0554526 0.0531675 0.0477297 0.0322095 0.0590882 0.0671766 0.0748678 0.0580638 0.0682110 0.0300265 0.0894736 0.0590989 0.0224584 0.0155675 0.0021816 0.0887109 0.0660904 0.1140357 0.0456151 0.0787586 0.0813530 0.0225829 0.0249774 0.1008965 0.0532562 0.1023513 0.0323155 0.0554287 0.0744635 0.0662799 0.0496832 0.0962039 0.0477353 0.0690401 0.0472296 0.0664097 0.0606906 0.0580638 0.0723754 0.0619589 0.0853479 0.0694164 0.0650548 0.0619929 0.0606529 0.0598156 0.0425939 0.0444997 0.0555385 0.0552647 0.0533118 0.0584028 0.0681713 0.0475088 0.0326647 0.0723301 0.0637622 0.0504315 0.0377374 0.0718576 0.0676180 0.0506031 0.0688461 0.0458481 0.0505232 0.0694965 0.0855002 0.0450357 0.0927626 0.0474321 0.0601424 0.0602461 0.0447029 0.0663956 0.0474270 0.0299210 0.0387754 0.0599679 0.0372292 0.0690477 0.0424640 
S0558       0.0616354 0.0787573 0.0914335 0.0720959 0.0503769 0.0711389 0.0743106 0.0692742 0.0786896 0.1029348 0.0747610 0.0993075 0.0756337 0.0833316 0.0966702 0.0877136 0.0821404 0.0530979 0.0503769 0.0585382 0.1019808 0.0457396 0.0851859 0.0588836 0.0728354 0.0804709 0.0752408 0.0000000 0.0840207 0.0999115 0.0586084 0.0931296 0.0775296 0.0783005 0.0688794 0.0485763 0.0646894 0.0452289 0.0727240 0.1153303 0.0531462 0.0729759 0.0617944 0.0611016 0.0586471 0.0582664 0.0786296 0.0673852 0.0754897 0.0991410 0.0634532 0.0709933 0.0555181 0.1106905 0.0862641 0.0672165 0.0779965 0.0777912 0.0914030 0.0774239 0.1209663 0.0616710 0.0915248 0.0882677 0.0780187 0.0754779 0.1076299 0.0770406 0.1090373 0.0670796 0.0831740 0.0953077 0.0669399 0.0772518 0.1087259 0.0507352 0.0751902 0.0746497 0.0749679 0.0608445 0.0634532 0.0896990 0.0786226 0.0885512 0.0956828 0.0694173 0.0775766 0.0665760 0.0967256 0.0753165 0.0395388 0.0534797 0.0555433 0.0846836 0.0563169 0.0760162 0.0751543 0.0643097 0.0905109 0.0640866 0.0610834 0.0379141 0.0775127 0.0732772 0.0563184 0.0847241 0.0625430 0.0778032 0.0615739 0.1006098 0.0480868 0.0786922 0.0581797 0.0401221 0.0885879 0.0807624 0.0746058 0.0922450 0.0553123 0.0634666 0.0740971 0.0663763 0.0721406 0.0634490 
S0616       0.0686782 0.1037511 0.1010476 0.0600704 0.0520709 0.0525174 0.0922959 0.0802866 0.0838330 0.1173044 0.0554605 0.0773803 0.0982774 0.0929485 0.0810948 0.0975808 0.0631651 0.0611663 0.0573935 0.0682747 0.0972643 0.0721865 0.0953548 0.0627830 0.0570465 0.0765029 0.0687348 0.0840207 0.0000000 0.1007835 0.0778432 0.1061440 0.0892279 0.0873428 0.0886467 0.0607993 0.0725614 0.0888233 0.0564042 0.1250648 0.0888764 0.0571261 0.0723889 0.0688573 0.0716916 0.0656929 0.0807239 0.0726649 0.0903648 0.0625935 0.0770648 0.0943707 0.0600372 0.0979235 0.0630201 0.0745622 0.0684938 0.0713202 0.1379094 0.0733038 0.1201875 0.0572058 0.0714795 0.0519941 0.0654880 0.0714780 0.1171541 0.0646955 0.1184734 0.0741319 0.0768090 0.0701603 0.0748734 0.0794626 0.1158830 0.0605658 0.0774248 0.0738346 0.0994100 0.0799185 0.0770648 0.0715713 0.0904259 0.0979641 0.0410628 0.0555388 0.0586429 0.0800973 0.0909962 0.0802388 0.0548126 0.0634465 0.0679897 0.0906928 0.0688200 0.0769126 0.0800140 0.0690200 0.1031507 0.0717380 0.0686749 0.0929995 0.0793503 0.0849614 0.0637285 0.0721813 0.0762677 0.0778990 0.0808854 0.1211595 0.0576217 0.1085059 0.0682721 0.0737453 0.0740173 0.0714295 0.0774554 0.0739898 0.0598063 0.0623179 0.0794149 0.0626270 0.0795508 0.0742082 
S0624       0.0971901 0.0981889 0.0273239 0.0644599 0.0812684 0.0871727 0.0251206 0.0879135 0.1092359 0.0422505 0.0820890 0.1004463 0.0391716 0.0359459 0.0990823 0.0974196 0.0987040 0.0856653 0.0812684 0.0929213 0.0386908 0.0837847 0.0297055 0.0885120 0.0921396 0.0643686 0.0794296 0.0999115 0.1007835 0.0000000 0.1059602 0.1443184 0.0370884 0.0609523 0.0574361 0.0712801 0.0942731 0.0854902 0.0864400 0.1337008 0.0939403 0.0890442 0.1038974 0.0930824 0.0713325 0.0655719 0.0883843 0.0642664 0.0556797 0.1119489 0.0546997 0.0468655 0.0733164 0.0303377 0.0872873 0.0823123 0.0876835 0.0819533 0.1576785 0.0827587 0.1394371 0.0846971 0.0931720 0.1230216 0.0709872 0.0851795 0.1323339 0.0609411 0.1303382 0.0907663 0.1001978 0.0964718 0.1057951 0.0876238 0.1267866 0.0846663 0.0878577 0.0740380 0.0425267 0.0572695 0.0546997 0.1105790 0.0482064 0.0227217 0.1066787 0.0925361 0.0875849 0.1044677 0.0910912 0.0912960 0.0766871 0.0934320 0.0818233 0.0888166 0.0914970 0.0627724 0.0967616 0.0799530 0.0353759 0.0940031 0.0684364 0.0295247 0.0828540 0.0613353 0.0846538 0.0683980 0.0815230 0.0921793 0.1096619 0.0422400 0.0848816 0.0719836 0.0929657 0.0787065 0.0999830 0.0828075 0.0654083 0.0770640 0.0730399 0.0766564 0.0789317 0.0766257 0.0947336 0.0761179 
S0641       0.0455132 0.0732890 0.0916451 0.0476847 0.0251810 0.0680095 0.0744679 0.0526363 0.0523029 0.0939176 0.0712250 0.0902056 0.0817717 0.0864239 0.0837650 0.0672729 0.0817047 0.0558327 0.0251810 0.0374389 0.0770172 0.0497424 0.0772741 0.0531000 0.0724379 0.0631369 0.0637281 0.0586084 0.0778432 0.1059602 0.0000000 0.0652345 0.0949934 0.0809254 0.0744079 0.0510620 0.0354441 0.1021882 0.0691710 0.1062338 0.0632306 0.0695475 0.0402555 0.0350360 0.0558680 0.0581056 0.0639211 0.0673581 0.0784300 0.0902331 0.0688910 0.0819564 0.0498764 0.0833122 0.0766531 0.0612046 0.0663841 0.0662158 0.0726327 0.0686773 0.1117809 0.0518171 0.0857092 0.0814219 0.0664023 0.0692655 0.0956219 0.0519273 0.1000748 0.0636244 0.0720593 0.0865446 0.0469805 0.0610505 0.0939250 0.0277533 0.0528337 0.0605994 0.0808445 0.0662456 0.0688910 0.0887160 0.0844071 0.0944209 0.0841844 0.0719007 0.0708718 0.0449216 0.0909154 0.0555347 0.0289981 0.0350949 0.0450841 0.0669199 0.0448931 0.0819033 0.0636469 0.0454166 0.0928928 0.0477802 0.0609142 0.0942274 0.0744874 0.0789941 0.0303452 0.0590930 0.0568637 0.0693454 0.0452107 0.0980178 0.0300421 0.0990177 0.0371725 0.0498953 0.0859728 0.0690595 0.0688136 0.0776735 0.0496950 0.0574591 0.0680310 0.0552843 0.0633889 0.0631007 
