126
PAFTOL_019361 0.0000000 0.3048993 0.2395207 0.3431253 0.2866282 0.2492114 0.2695413 0.3104049 0.3007682 0.3308464 0.2761584 0.2673356 0.2594948 0.2829008 0.2769061 0.2127467 0.2330133 0.2878846 0.2975721 0.2960116 0.2884552 0.1915088 0.3133493 0.2832290 0.3000418 0.2791883 0.2922354 0.2734241 0.2453175 0.3402308 0.2748038 0.2620938 0.2938392 0.2988042 0.2580518 0.2321792 0.2474074 0.2445741 0.2866282 0.3004926 0.2797726 0.2796742 0.3126837 0.2972951 0.2525862 0.2959696 0.3526083 0.3092449 0.2979090 0.3075231 0.3016271 0.2549188 0.2998686 0.2502214 0.2489183 0.2517205 0.2491914 0.2523610 0.3223435 0.4051991 0.2658789 0.2322339 0.2231171 0.0000010 0.3874674 0.2962210 0.2784183 0.2903099 0.2864707 0.2517667 0.2979258 0.2551883 0.2844979 0.2807174 0.2924034 0.2620525 0.2512506 0.3176729 0.2783261 0.2533089 0.2709266 0.2492297 0.2304964 0.2860483 0.2305642 0.2787580 0.3112213 0.2748763 0.2975162 0.2979090 0.2662943 0.2309710 0.2697586 0.3033574 0.2683734 0.3421871 0.2481050 0.2599242 0.2338229 0.2568860 0.2461727 0.2598355 0.2309602 0.3163302 0.4753776 0.2406140 0.2979090 0.3665654 0.2484168 0.2575116 0.2943064 0.2855257 0.2672655 0.2499664 0.2799468 0.2508482 0.2382734 0.2127590 0.2517628 0.2525580 0.2418774 0.1660930 0.2612016 0.2487525 0.3061023 0.2506324 
S0055         0.3048993 0.0000000 0.1504889 0.1886006 0.0796547 0.1791800 0.1513851 0.0893618 0.1054925 0.1819931 0.2074849 0.1615445 0.1915275 0.1905712 0.1649533 0.1542787 0.1535385 0.1919196 0.1479981 0.0811684 0.0861306 0.1781815 0.1202651 0.1580703 0.1256765 0.0868425 0.1979669 0.1598515 0.1616279 0.1243216 0.1913373 0.1840473 0.0875535 0.0743667 0.1780892 0.1681718 0.1555210 0.0994753 0.0717280 0.1465347 0.1953507 0.1923698 0.1189666 0.1945443 0.1556309 0.0909598 0.1945814 0.1254108 0.0837586 0.1295366 0.1279719 0.1524420 0.1427205 0.1764175 0.1979429 0.1508297 0.1709907 0.1446060 0.1583850 0.1636703 0.1474819 0.1539717 0.1542159 0.2379039 0.1769426 0.1955408 0.1586517 0.1482341 0.1576470 0.1738036 0.1232121 0.1586237 0.1453307 0.1816761 0.0821974 0.1551768 0.1725091 0.0817302 0.0760083 0.1395234 0.1756254 0.1552678 0.1419145 0.1880609 0.1632055 0.1796034 0.1512361 0.2045314 0.1978487 0.0780598 0.1959442 0.1524497 0.1395433 0.0794943 0.0786497 0.0503972 0.1466205 0.0731494 0.1810766 0.1469341 0.1465193 0.2974779 0.0606634 0.1314324 0.1865842 0.1502121 0.0762035 0.1905674 0.1450037 0.1631452 0.0740121 0.1960238 0.0554967 0.1721011 0.0777593 0.1102384 0.1529177 0.1413684 0.1601907 0.1394896 0.1464590 0.0964959 0.1234767 0.1675846 0.0954576 0.1452324 
S0196sl       0.2395207 0.1504889 0.0000000 0.1136623 0.1310229 0.1207961 0.0965837 0.1446886 0.1670512 0.1246129 0.1693081 0.1492172 0.1391257 0.1797133 0.1252530 0.1275529 0.1047429 0.1654278 0.2101597 0.1274385 0.1281435 0.1234260 0.1546742 0.1050102 0.0388548 0.1262959 0.1699423 0.1025994 0.1045730 0.1517964 0.2026960 0.1250295 0.1452141 0.1248151 0.1116134 0.1273600 0.0979732 0.0932095 0.1214978 0.0775111 0.1730365 0.1546031 0.1529502 0.1685201 0.1156286 0.1410385 0.1456244 0.0387466 0.1346065 0.0388264 0.0466430 0.0982553 0.0871122 0.1215955 0.1725575 0.1022607 0.1066955 0.0639459 0.1271262 0.1014740 0.1041352 0.0831911 0.0917413 0.0000010 0.1424712 0.1855674 0.1418224 0.0848614 0.0866326 0.1512602 0.0387839 0.1332616 0.1195484 0.1249669 0.1598568 0.0998099 0.1463892 0.1271210 0.1576512 0.0898578 0.1050470 0.1008931 0.1013943 0.1601637 0.1279716 0.1331051 0.1164425 0.1810959 0.1698784 0.1386195 0.1842547 0.1444894 0.0853367 0.1271123 0.1339214 0.1358701 0.1020417 0.1390440 0.1289418 0.0930226 0.0892648 0.1409258 0.1172210 0.0464224 0.1407659 0.0979711 0.1249935 0.1425943 0.0996546 0.1288143 0.1369797 0.1388133 0.1309179 0.1207494 0.1294378 0.1049510 0.1239289 0.1301476 0.1176489 0.0867663 0.0724094 0.0617292 0.0489032 0.1251347 0.1371924 0.0791125 
S0281         0.3431253 0.1886006 0.1136623 0.0000000 0.2035295 0.2317106 0.2003111 0.2171200 0.2375104 0.2386469 0.2633624 0.2098543 0.2256980 0.2442256 0.2245180 0.2073472 0.1999355 0.2431193 0.2466346 0.2075273 0.2130574 0.2367068 0.2158280 0.2199728 0.1193394 0.2014773 0.2500951 0.2257294 0.1971983 0.2027282 0.2225967 0.2498234 0.2070652 0.2016193 0.2317451 0.2395703 0.2388328 0.1949018 0.1905738 0.1141124 0.2342928 0.2382185 0.2176397 0.2333813 0.1926779 0.2163550 0.2067764 0.1190894 0.2170397 0.1191344 0.1234821 0.1969400 0.1120889 0.2446131 0.2141975 0.2139770 0.2285045 0.1722155 0.1927145 0.1927046 0.2107475 0.1806625 0.1913826 0.4196189 0.1469686 0.2509426 0.2421625 0.1667387 0.1721620 0.2203070 0.1148783 0.2100277 0.1840522 0.2219492 0.1854371 0.1971169 0.2389365 0.1943276 0.2202688 0.1916402 0.2380116 0.2355727 0.2194842 0.2320732 0.2395555 0.2422370 0.1931583 0.2582163 0.2526447 0.2181505 0.2187353 0.1906528 0.1943571 0.2046670 0.2109744 0.1938100 0.1810800 0.1734390 0.2455962 0.1983579 0.2047672 0.3597811 0.1898548 0.1275013 0.1344548 0.2192850 0.2038969 0.1564443 0.1912632 0.1957299 0.2048101 0.2522536 0.1959541 0.2286221 0.1991416 0.2042577 0.1795155 0.2048883 0.2381600 0.1743903 0.1748289 0.1628486 0.1359286 0.2041420 0.1972885 0.1947844 
S0282         0.2866282 0.0796547 0.1310229 0.2035295 0.0000000 0.1625363 0.1301657 0.0233315 0.1057685 0.1615128 0.2000205 0.1691720 0.1712064 0.1890729 0.1456154 0.1645799 0.1595886 0.1857436 0.1556108 0.0168610 0.0234412 0.1639423 0.1093373 0.1365648 0.1119008 0.0910297 0.1917206 0.1491302 0.1555578 0.1239152 0.2031445 0.1592195 0.0632522 0.0091664 0.1570358 0.1485915 0.1344018 0.0798192 0.0078771 0.1314823 0.1868495 0.1793015 0.1201982 0.1852109 0.1510876 0.0249350 0.1887059 0.1135637 0.0185770 0.1197412 0.1160304 0.1559420 0.1411758 0.1498077 0.1717490 0.1278020 0.1441206 0.1253625 0.1465645 0.1630420 0.1333143 0.1482104 0.1484447 0.1549638 0.1847984 0.2000233 0.1621910 0.1383952 0.1453174 0.1631494 0.1138199 0.1454336 0.1484549 0.1759147 0.0853096 0.1359567 0.1585259 0.0138356 0.0811304 0.1329926 0.1491467 0.1361435 0.1252917 0.1817646 0.1416451 0.1564728 0.1430280 0.1949692 0.1916043 0.0186459 0.1812629 0.1593067 0.1189446 0.0169493 0.0187577 0.0836428 0.1313961 0.0806765 0.1582353 0.1299299 0.1204569 0.2634743 0.0676746 0.1194743 0.1965964 0.1313237 0.0122762 0.2051362 0.1260544 0.1525327 0.0216695 0.1765522 0.0624172 0.1522038 0.0662875 0.0882251 0.1648391 0.1470358 0.1382987 0.1325147 0.1249874 0.0822484 0.1075596 0.1628799 0.0949013 0.1199718 
S0289         0.2492114 0.1791800 0.1207961 0.2317106 0.1625363 0.0000000 0.1362689 0.1726634 0.1914786 0.0624487 0.2405165 0.2252675 0.0506251 0.2410844 0.0440185 0.1407543 0.1416038 0.2269296 0.2430158 0.1640384 0.1591613 0.0528951 0.1966542 0.0355185 0.1390857 0.1647660 0.2336675 0.0684736 0.1433836 0.1803987 0.2932108 0.0526631 0.1751154 0.1534258 0.0505137 0.0517670 0.0776373 0.1265744 0.1506153 0.1661879 0.2250659 0.1617487 0.1816199 0.2298369 0.1278331 0.1764304 0.1810133 0.1387818 0.1679212 0.1453943 0.1430618 0.1617362 0.1741571 0.0491003 0.2329819 0.0637312 0.0548226 0.1186722 0.2012628 0.1767546 0.1515328 0.1399990 0.1402181 0.2820018 0.2477873 0.1709896 0.1515713 0.1437370 0.1525792 0.1551852 0.1413128 0.1366333 0.1506467 0.1528995 0.1634037 0.1553771 0.1544263 0.1652823 0.1707556 0.1275162 0.0470798 0.0756306 0.0703924 0.2315381 0.0505664 0.0594787 0.2007621 0.2318490 0.2274224 0.1636292 0.2485202 0.1679141 0.1275943 0.1600241 0.1619571 0.1739457 0.1324397 0.1633291 0.0776469 0.1386893 0.1279959 0.1141349 0.1489238 0.1497419 0.2595077 0.0699206 0.1586051 0.2702974 0.1392995 0.1457515 0.1666170 0.0671031 0.1514536 0.0625869 0.1572557 0.1380839 0.1665447 0.1385507 0.0934042 0.1245650 0.1205103 0.0952222 0.1306858 0.1443136 0.1759315 0.1254718 
S0292         0.2695413 0.1513851 0.0965837 0.2003111 0.1301657 0.1362689 0.0000000 0.1457221 0.1822797 0.1457543 0.1990497 0.1772470 0.1254414 0.1970852 0.1232982 0.1057977 0.1071310 0.1915719 0.1871585 0.1358755 0.1466564 0.1418293 0.1565030 0.1143825 0.1125668 0.1204968 0.1975473 0.1230561 0.1187170 0.1464518 0.2153945 0.1390327 0.1353510 0.1258369 0.1373551 0.1278506 0.1243999 0.1110997 0.1275188 0.1364780 0.1924568 0.1463851 0.1420925 0.1870456 0.1085685 0.1430643 0.1390014 0.1123306 0.1393061 0.1144985 0.1143180 0.1193910 0.1367919 0.1264378 0.1927901 0.1159423 0.1327107 0.0943068 0.1366143 0.1398036 0.1096632 0.1036294 0.1122552 0.3022418 0.1980775 0.1795584 0.1579463 0.1045016 0.1107493 0.1372147 0.1146521 0.1227569 0.1246092 0.1127501 0.1579337 0.0623438 0.1402448 0.1368785 0.1546075 0.0851840 0.1284541 0.1220559 0.1165990 0.1852391 0.1280079 0.1410845 0.1623543 0.2016916 0.1942530 0.1375108 0.1987490 0.1132566 0.0203205 0.1320434 0.1356555 0.1494494 0.0568912 0.1387501 0.1335421 0.0298243 0.0171258 0.2151533 0.1313649 0.1226001 0.2001855 0.1100172 0.1284309 0.2220290 0.0589447 0.0911211 0.1362010 0.1534708 0.1399712 0.1320153 0.1491715 0.1242850 0.1042051 0.0942961 0.1226972 0.1011667 0.0960572 0.0860914 0.1186476 0.0934137 0.1408089 0.0866741 
S0293         0.3104049 0.0893618 0.1446886 0.2171200 0.0233315 0.1726634 0.1457221 0.0000000 0.1082509 0.1707147 0.2114105 0.1676938 0.1847710 0.1901651 0.1552735 0.1701166 0.1750148 0.1915265 0.1675068 0.0216572 0.0317307 0.1697980 0.1139616 0.1459826 0.1266351 0.1049192 0.1976236 0.1572298 0.1565470 0.1390372 0.2128550 0.1745312 0.0799111 0.0186181 0.1645851 0.1584850 0.1437743 0.0857784 0.0180156 0.1469983 0.1926772 0.1894627 0.1258931 0.1941731 0.1641412 0.0364384 0.1967479 0.1283152 0.0201128 0.1347099 0.1309170 0.1678734 0.1571487 0.1573287 0.1841100 0.1355830 0.1537825 0.1412925 0.1682310 0.1696849 0.1426802 0.1534727 0.1537185 0.1663919 0.1929236 0.2131501 0.1719904 0.1524772 0.1637349 0.1729539 0.1286097 0.1574223 0.1532081 0.1863531 0.0913609 0.1451076 0.1680143 0.0249964 0.0908323 0.1423765 0.1588328 0.1455339 0.1344143 0.1876308 0.1467862 0.1708753 0.1527344 0.2008835 0.1975045 0.0250714 0.1892955 0.1618862 0.1321314 0.0249686 0.0285845 0.0934758 0.1426321 0.0924449 0.1686689 0.1431549 0.1336424 0.2742832 0.0771995 0.1323659 0.1993703 0.1425432 0.0170360 0.2136820 0.1392721 0.1651720 0.0297866 0.1870186 0.0715930 0.1618984 0.0773964 0.0964237 0.1749750 0.1479485 0.1449349 0.1417358 0.1388897 0.0910203 0.1180622 0.1684698 0.1011106 0.1352026 
S0294         0.3007682 0.1054925 0.1670512 0.2375104 0.1057685 0.1914786 0.1822797 0.1082509 0.0000000 0.1803080 0.2325830 0.1979680 0.1933694 0.2228079 0.1815342 0.1914175 0.1709428 0.2217759 0.1789844 0.1033762 0.1169678 0.2003069 0.1481937 0.1663953 0.1624205 0.1276100 0.2284372 0.1875249 0.1761269 0.1457982 0.2476387 0.1964153 0.1229584 0.1000211 0.1956962 0.1647364 0.1698488 0.1096402 0.0962871 0.1809692 0.2204308 0.2225368 0.1397929 0.2169080 0.2094509 0.1131629 0.2241964 0.1620540 0.1081597 0.1636134 0.1650090 0.1827299 0.1869502 0.1836245 0.2177224 0.1715532 0.1726788 0.1562703 0.1992122 0.2050545 0.1768385 0.1830797 0.1868926 0.1395342 0.2113680 0.2218045 0.2094032 0.1779451 0.1855074 0.2093517 0.1624440 0.1942153 0.1906456 0.2055739 0.1149119 0.1806934 0.2000928 0.1080479 0.1135315 0.1658443 0.1791039 0.1793889 0.1726268 0.2156511 0.1676258 0.1876860 0.2062112 0.2316574 0.2257391 0.1109034 0.2212059 0.1899174 0.1682764 0.1055493 0.1052125 0.1016296 0.1835904 0.0989522 0.1902769 0.1850617 0.1772538 0.3096779 0.0961030 0.1716169 0.2172007 0.1762169 0.1021653 0.2336233 0.1817233 0.1879246 0.1015651 0.2170561 0.0977701 0.1737494 0.1167165 0.1201408 0.1913977 0.1773314 0.1840042 0.1706482 0.1604523 0.1158371 0.1605854 0.2011733 0.1187793 0.1585471 
S0299         0.3308464 0.1819931 0.1246129 0.2386469 0.1615128 0.0624487 0.1457543 0.1707147 0.1803080 0.0000000 0.2630043 0.2407286 0.0470557 0.2548329 0.0622905 0.1454641 0.1514990 0.2399711 0.2490891 0.1551047 0.1653290 0.0660952 0.1882060 0.0489194 0.1478606 0.1630858 0.2480436 0.0820409 0.1445178 0.1750876 0.2858643 0.0466158 0.1819915 0.1501869 0.0487434 0.0646602 0.0733451 0.1231630 0.1365512 0.1737437 0.2333134 0.1965568 0.1773648 0.2368488 0.1539452 0.1788465 0.1521388 0.1474510 0.1653863 0.1531566 0.1529209 0.1522865 0.1876551 0.0667230 0.2601555 0.0690740 0.0678628 0.1347873 0.2235810 0.1595106 0.1544700 0.1364628 0.1396664 0.2480597 0.2348138 0.2032501 0.1676351 0.1446374 0.1419270 0.1904790 0.1479713 0.1637805 0.1434090 0.1640071 0.1641965 0.1509419 0.1852640 0.1588807 0.1661402 0.1421718 0.0442928 0.0711046 0.0713342 0.2415839 0.0667531 0.0462296 0.1885064 0.2426809 0.2341104 0.1602174 0.2583828 0.1816339 0.1238965 0.1586762 0.1496245 0.1798953 0.1467838 0.1553018 0.0916889 0.1355881 0.1341852 0.1134062 0.1354749 0.1530605 0.2494176 0.0776780 0.1535261 0.2640617 0.1513018 0.1607054 0.1582256 0.0554499 0.1612541 0.0663595 0.1584380 0.1372015 0.1608328 0.1431798 0.0967700 0.1378688 0.1371351 0.1170198 0.1474404 0.1554718 0.1649695 0.1440605 
S0303         0.2761584 0.2074849 0.1693081 0.2633624 0.2000205 0.2405165 0.1990497 0.2114105 0.2325830 0.2630043 0.0000000 0.0915275 0.2419481 0.0321515 0.2349562 0.2080240 0.2195705 0.0131397 0.2721924 0.2049200 0.2105116 0.2402296 0.2477274 0.2222117 0.1853301 0.2131815 0.0165759 0.2341823 0.2120080 0.2406373 0.1671152 0.2638643 0.2281398 0.1953919 0.2570455 0.2180331 0.2355342 0.1905554 0.1792529 0.1867059 0.0268040 0.2572157 0.2548462 0.0249565 0.2035304 0.2195117 0.2106058 0.1792670 0.2090112 0.1851506 0.1873518 0.2048460 0.1831393 0.2177262 0.1233008 0.2357076 0.2327949 0.1868279 0.0986667 0.2405045 0.2145891 0.2046316 0.2004957 0.4438133 0.2383559 0.2678705 0.2457436 0.1858731 0.1936781 0.2318986 0.1846200 0.2166602 0.2273631 0.2236757 0.1957297 0.2153999 0.2402334 0.2035942 0.2013819 0.1944908 0.2415618 0.2406698 0.2305447 0.0203717 0.2265640 0.2664158 0.1162768 0.0251367 0.0199551 0.1989704 0.1245740 0.2136409 0.1884677 0.2022551 0.1954148 0.1993473 0.1781328 0.1945323 0.2603026 0.1926016 0.1917472 0.3813128 0.1759733 0.1980016 0.2404063 0.2318526 0.1960952 0.2495788 0.2063046 0.2140293 0.1994147 0.2654922 0.1973298 0.2216809 0.1938272 0.2121962 0.2149111 0.2098708 0.2473354 0.1703275 0.1889206 0.1413217 0.1862924 0.2249681 0.2202883 0.1963014 
S0308         0.2673356 0.1615445 0.1492172 0.2098543 0.1691720 0.2252675 0.1772470 0.1676938 0.1979680 0.2407286 0.0915275 0.0000000 0.2633829 0.0817317 0.2232509 0.1806554 0.1857687 0.0795930 0.1980840 0.1635299 0.1837952 0.2262548 0.1957777 0.2147970 0.1543517 0.1574273 0.0840750 0.2347571 0.1901484 0.2025501 0.1241033 0.2522665 0.1829629 0.1624499 0.2287132 0.2298497 0.2158170 0.1552021 0.1706844 0.1606440 0.0799159 0.2143664 0.2220981 0.0796167 0.2167284 0.1765083 0.2095730 0.1488235 0.1750581 0.1565616 0.1516576 0.1862902 0.1695872 0.2267488 0.0943406 0.1998627 0.2242355 0.1604449 0.0835612 0.1805600 0.1906876 0.1692969 0.1766076 0.3414593 0.1944038 0.2371373 0.2209572 0.1604522 0.1658880 0.2029745 0.1543758 0.1860287 0.1966112 0.2016168 0.1660891 0.1809927 0.2081462 0.1666966 0.1797463 0.1717775 0.2415814 0.2184729 0.2092555 0.0711983 0.2131848 0.2537589 0.0872201 0.0963339 0.0840085 0.1762282 0.0889260 0.1812923 0.1652328 0.1663400 0.1665866 0.1517262 0.1524867 0.1585743 0.2375694 0.1655465 0.1713696 0.3444416 0.1527881 0.1686106 0.2041731 0.2083614 0.1601056 0.2062522 0.1628530 0.1873291 0.1636461 0.2621315 0.1486709 0.2224267 0.1656199 0.1942942 0.1853224 0.1731040 0.2244611 0.1541946 0.1624729 0.1356568 0.1470440 0.1908016 0.1656449 0.1736692 
S0320         0.2594948 0.1915275 0.1391257 0.2256980 0.1712064 0.0506251 0.1254414 0.1847710 0.1933694 0.0470557 0.2419481 0.2633829 0.0000000 0.2598951 0.0578871 0.1396502 0.1339311 0.2448201 0.2531453 0.1737463 0.1658822 0.0647798 0.2079413 0.0556416 0.1509328 0.1766014 0.2470253 0.0602586 0.1440192 0.1920112 0.2933145 0.0457729 0.1761067 0.1612462 0.0409629 0.0573700 0.0770325 0.1322320 0.1564191 0.1733033 0.2412336 0.1838973 0.1923654 0.2479599 0.1406811 0.1845522 0.1878716 0.1504785 0.1747551 0.1567111 0.1564499 0.1460266 0.1872864 0.0579642 0.2604605 0.0713626 0.0560528 0.1364678 0.2069750 0.1782676 0.1485412 0.1342303 0.1370518 1.0095294 0.2623337 0.1994260 0.1678986 0.1403272 0.1438579 0.1779463 0.1506126 0.1596906 0.1494149 0.1629357 0.1780692 0.1406970 0.1734281 0.1749958 0.1828434 0.1256941 0.0481164 0.0743160 0.0748277 0.2458348 0.0575837 0.0549371 0.1895675 0.2480770 0.2444900 0.1684722 0.2805608 0.1842429 0.1155675 0.1643355 0.1770394 0.1879664 0.1377561 0.1625442 0.0915248 0.1283438 0.1227039 0.0527705 0.1589100 0.1593355 0.2554262 0.0718887 0.1655151 0.2712573 0.1411214 0.1593769 0.1835496 0.0580040 0.1669540 0.0550093 0.1615967 0.1363303 0.1705774 0.1454922 0.0900805 0.1399835 0.1390122 0.0853680 0.1384143 0.1469524 0.1813823 0.1468024 
S0322         0.2829008 0.1905712 0.1797133 0.2442256 0.1890729 0.2410844 0.1970852 0.1901651 0.2228079 0.2548329 0.0321515 0.0817317 0.2598951 0.0000000 0.2338473 0.2057651 0.2029899 0.0184987 0.2617600 0.1883528 0.1985835 0.2293219 0.2286340 0.2220628 0.1806758 0.2007015 0.0233642 0.2265776 0.2175526 0.2379382 0.1710770 0.2632479 0.2088619 0.1825969 0.2536632 0.2318105 0.2288744 0.1874459 0.1775143 0.1823111 0.0201621 0.2571871 0.2475305 0.0200992 0.2132946 0.2037728 0.2318831 0.1751216 0.1948653 0.1828179 0.1825420 0.2034207 0.1785000 0.2288409 0.1215138 0.2235853 0.2313535 0.1767601 0.0960475 0.2325142 0.2067281 0.2008423 0.2048146 0.4136313 0.2289822 0.2690415 0.2477842 0.1812400 0.1906012 0.2358009 0.1800373 0.2173194 0.2158886 0.2176260 0.1899541 0.2121146 0.2363209 0.1894600 0.1851517 0.1918127 0.2472873 0.2256852 0.2170176 0.0141181 0.2204337 0.2654406 0.1067146 0.0331004 0.0249521 0.1857889 0.1208742 0.2053597 0.1877132 0.1886528 0.1840509 0.1878088 0.1688117 0.1908480 0.2535061 0.1888648 0.1927495 0.3677115 0.1598758 0.1900007 0.2541971 0.2182636 0.1803361 0.2500138 0.1989693 0.2178460 0.1887659 0.2641192 0.1931611 0.2283080 0.1858319 0.2123649 0.2158117 0.1997335 0.2365156 0.1707525 0.1786771 0.1498395 0.1809104 0.2252095 0.2117413 0.1821899 
S0327         0.2769061 0.1649533 0.1252530 0.2245180 0.1456154 0.0440185 0.1232982 0.1552735 0.1815342 0.0622905 0.2349562 0.2232509 0.0578871 0.2338473 0.0000000 0.1429091 0.1515097 0.2198454 0.2362677 0.1471222 0.1514257 0.0509656 0.1738870 0.0370388 0.1413145 0.1566040 0.2264853 0.0685562 0.1448628 0.1662745 0.2639432 0.0562236 0.1538795 0.1368647 0.0521073 0.0422414 0.0740853 0.1248949 0.1396662 0.1661721 0.2179836 0.1643084 0.1787964 0.2227180 0.1353263 0.1567953 0.1873924 0.1410047 0.1507285 0.1453406 0.1431285 0.1620052 0.1744901 0.0401611 0.2407628 0.0634712 0.0456859 0.1147438 0.2041730 0.1625927 0.1403678 0.1402219 0.1404419 0.2208158 0.2376086 0.1750973 0.1515040 0.1481120 0.1562502 0.1510234 0.1435535 0.1364240 0.1525754 0.1516275 0.1496478 0.1483189 0.1559920 0.1460912 0.1536043 0.1261868 0.0468971 0.0757256 0.0704797 0.2242307 0.0399900 0.0560354 0.1905398 0.2215533 0.2226119 0.1465767 0.2503278 0.1692288 0.1188074 0.1411195 0.1470885 0.1632711 0.1303255 0.1455105 0.0772631 0.1277647 0.1191769 0.1319902 0.1344572 0.1520235 0.2370346 0.0664330 0.1417813 0.2579829 0.1328927 0.1509341 0.1452496 0.0726468 0.1360539 0.0415417 0.1435663 0.1257763 0.1621288 0.1360383 0.0816031 0.1145823 0.1165778 0.0906445 0.1394300 0.1450694 0.1599918 0.1193506 
S0335         0.2127467 0.1542787 0.1275529 0.2073472 0.1645799 0.1407543 0.1057977 0.1701166 0.1914175 0.1454641 0.2080240 0.1806554 0.1396502 0.2057651 0.1429091 0.0000000 0.0866515 0.2001134 0.2102829 0.1616502 0.1732976 0.1446087 0.1746438 0.1338561 0.1418876 0.1408054 0.2062538 0.1420246 0.1226476 0.1605731 0.2125937 0.1464803 0.1653526 0.1555404 0.1436060 0.1328881 0.1362387 0.1108992 0.1588776 0.1605356 0.2010523 0.1642804 0.1815451 0.1955035 0.1304044 0.1783637 0.1427878 0.1415792 0.1699293 0.1439082 0.1394588 0.1305810 0.1660631 0.1440169 0.1989048 0.1168831 0.1551870 0.1057607 0.1797808 0.1313934 0.1112037 0.1138467 0.1142642 0.2221564 0.2157652 0.1891027 0.1603373 0.1092069 0.1220463 0.1624866 0.1441084 0.1407956 0.1253680 0.1059291 0.1630832 0.0984781 0.1579726 0.1605641 0.1661792 0.0968941 0.1328538 0.1337938 0.1210270 0.1962751 0.1366353 0.1500495 0.1761032 0.2186931 0.2061333 0.1585633 0.1998541 0.0787149 0.0950525 0.1598011 0.1504527 0.1570465 0.0923052 0.1476476 0.1499858 0.0961246 0.1034229 0.2315981 0.1381279 0.1476403 0.2138229 0.1331455 0.1606868 0.2310731 0.0986044 0.0907652 0.1641670 0.1594396 0.1573519 0.1491168 0.1696677 0.1279172 0.0828928 0.0348539 0.1429788 0.1104677 0.1036120 0.0981699 0.1327691 0.0910549 0.1551490 0.1121758 
S0345         0.2330133 0.1535385 0.1047429 0.1999355 0.1595886 0.1416038 0.1071310 0.1750148 0.1709428 0.1514990 0.2195705 0.1857687 0.1339311 0.2029899 0.1515097 0.0866515 0.0000000 0.2068128 0.2324083 0.1590625 0.1762324 0.1774224 0.1846472 0.1388707 0.1316525 0.1600519 0.2117296 0.1553234 0.1343574 0.1482050 0.2387888 0.1467992 0.1613545 0.1531099 0.1610822 0.1322059 0.1367216 0.1398242 0.1352802 0.1481547 0.2043912 0.1790820 0.1689380 0.1966076 0.1246468 0.1695827 0.1797881 0.1347281 0.1742948 0.1375960 0.1281033 0.1324251 0.1517978 0.1327025 0.2242892 0.1257498 0.1415736 0.1148877 0.1754413 0.1475465 0.1303800 0.1195133 0.1266760 0.4295470 0.1987445 0.1936232 0.1836775 0.1319997 0.1373057 0.1607501 0.1348608 0.1483217 0.1359309 0.1039448 0.1416143 0.1149529 0.1739519 0.1744402 0.1598238 0.1170373 0.1539255 0.1393625 0.1329967 0.2005592 0.1454553 0.1500998 0.1777174 0.2260880 0.2117330 0.1638759 0.2164477 0.0528348 0.1023195 0.1630163 0.1416687 0.1679211 0.0981809 0.1316009 0.1494115 0.1041786 0.1027113 0.1997939 0.1349792 0.1513566 0.2161045 0.1261412 0.1566682 0.2179272 0.1025324 0.0923747 0.1563740 0.1659973 0.1504289 0.1386366 0.1640137 0.1537671 0.0309155 0.0727130 0.1373056 0.1224253 0.1175598 0.1083711 0.1317195 0.0927251 0.1662764 0.1088959 
S0355         0.2878846 0.1919196 0.1654278 0.2431193 0.1857436 0.2269296 0.1915719 0.1915265 0.2217759 0.2399711 0.0131397 0.0795930 0.2448201 0.0184987 0.2198454 0.2001134 0.2068128 0.0000000 0.2552219 0.1850409 0.1951322 0.2229484 0.2309907 0.2084499 0.1774794 0.1925315 0.0045373 0.2205494 0.2090985 0.2290453 0.1649740 0.2484742 0.2053035 0.1793213 0.2392041 0.2171863 0.2201141 0.1794728 0.1712095 0.1790749 0.0137467 0.2479230 0.2467939 0.0137043 0.1997428 0.2002982 0.2214712 0.1719919 0.1914673 0.1796046 0.1793338 0.1952785 0.1754304 0.2089527 0.1170157 0.2140554 0.2174048 0.1792490 0.0856245 0.2170934 0.2018034 0.1905602 0.1966067 0.4059786 0.2205186 0.2566017 0.2386608 0.1734295 0.1829341 0.2269310 0.1768566 0.2054393 0.2123378 0.2166941 0.1866377 0.2063472 0.2272766 0.1861214 0.1865038 0.1863286 0.2330467 0.2169996 0.2084430 0.0093058 0.2095476 0.2506206 0.1023508 0.0137737 0.0060578 0.1824722 0.1163403 0.2025727 0.1822637 0.1853330 0.1807380 0.1869711 0.1636708 0.1853387 0.2438625 0.1834806 0.1872278 0.3497688 0.1639064 0.1867158 0.2358395 0.2146512 0.1770794 0.2386116 0.1933905 0.2119831 0.1854439 0.2492894 0.1898030 0.2149607 0.1847652 0.2039902 0.2099180 0.1999915 0.2276194 0.1632542 0.1811713 0.1471364 0.1731974 0.2192557 0.2033369 0.1847145 
S0376         0.2975721 0.1479981 0.2101597 0.2466346 0.1556108 0.2430158 0.1871585 0.1675068 0.1789844 0.2490891 0.2721924 0.1980840 0.2531453 0.2617600 0.2362677 0.2102829 0.2324083 0.2552219 0.0000000 0.1571010 0.1637348 0.2490068 0.1570161 0.2128835 0.1847204 0.0828146 0.2570476 0.2154964 0.1984872 0.1528665 0.2595213 0.2448499 0.1659440 0.1495431 0.2439220 0.2324878 0.2080867 0.1355078 0.1468463 0.1900943 0.2511688 0.2490817 0.1547224 0.2553896 0.2334460 0.1515174 0.2460458 0.1843003 0.1564318 0.1914911 0.1820095 0.2139395 0.1947912 0.2460782 0.2281473 0.1987004 0.2373520 0.1801439 0.2105175 0.2176817 0.2008477 0.1823600 0.1876529 0.2824628 0.2177756 0.2553232 0.2239485 0.1947341 0.1989531 0.2378373 0.1871417 0.2221563 0.2085452 0.2158867 0.1477988 0.1906659 0.2447649 0.1510189 0.1579650 0.1687625 0.2386110 0.2099257 0.1895173 0.2464215 0.2252633 0.2453281 0.1998433 0.2667468 0.2622875 0.1618151 0.2319719 0.2056153 0.1676272 0.1552757 0.1574857 0.1393659 0.1824381 0.1296684 0.2391270 0.1868131 0.1794439 0.3460090 0.1398822 0.1964734 0.2259547 0.1985710 0.1517555 0.2313527 0.1777490 0.1918558 0.1508880 0.2456520 0.1385988 0.2349181 0.1498114 0.1493027 0.2093817 0.1980410 0.2191997 0.1815337 0.1820574 0.1689539 0.1735840 0.2070416 0.0914723 0.1690149 
S0400         0.2960116 0.0811684 0.1274385 0.2075273 0.0168610 0.1640384 0.1358755 0.0216572 0.1033762 0.1551047 0.2049200 0.1635299 0.1737463 0.1883528 0.1471222 0.1616502 0.1590625 0.1850409 0.1571010 0.0000000 0.0265878 0.1656084 0.1050858 0.1380747 0.1134119 0.0963312 0.1907434 0.1460944 0.1527076 0.1254154 0.2026226 0.1658778 0.0683461 0.0122319 0.1585347 0.1527808 0.1359142 0.0776611 0.0078398 0.1371621 0.1861384 0.1783338 0.1220185 0.1876300 0.1536001 0.0296550 0.1848050 0.1150696 0.0200846 0.1212434 0.1175397 0.1574351 0.1469681 0.1491362 0.1687314 0.1249461 0.1456346 0.1293463 0.1549452 0.1563566 0.1370525 0.1454367 0.1456649 0.1780448 0.1816276 0.2038787 0.1705037 0.1443138 0.1533841 0.1646565 0.1153287 0.1492505 0.1499471 0.1750309 0.0868209 0.1374756 0.1600549 0.0184737 0.0789751 0.1345133 0.1485289 0.1376509 0.1268051 0.1810529 0.1410235 0.1623655 0.1468820 0.1942266 0.1908721 0.0217712 0.1735501 0.1517470 0.1246276 0.0184532 0.0219019 0.0851583 0.1370839 0.0840820 0.1621239 0.1356300 0.1261298 0.2590917 0.0655950 0.1209738 0.1924972 0.1328298 0.0137834 0.2017677 0.1317392 0.1547124 0.0231707 0.1780419 0.0639223 0.1536869 0.0660058 0.0935991 0.1595859 0.1442579 0.1355859 0.1340115 0.1289590 0.0879945 0.1090695 0.1577742 0.0964076 0.1234246 
S0405         0.2884552 0.0861306 0.1281435 0.2130574 0.0234412 0.1591613 0.1466564 0.0317307 0.1169678 0.1653290 0.2105116 0.1837952 0.1658822 0.1985835 0.1514257 0.1732976 0.1762324 0.1951322 0.1637348 0.0265878 0.0000000 0.1728609 0.1180803 0.1445943 0.1233156 0.1055672 0.2013147 0.1533828 0.1588703 0.1355915 0.2090128 0.1731806 0.0785732 0.0170523 0.1656182 0.1546880 0.1401062 0.0861580 0.0098772 0.1434359 0.1963131 0.1932978 0.1256355 0.1978115 0.1427224 0.0383134 0.1830019 0.1250020 0.0284375 0.1313864 0.1275890 0.1689567 0.1510868 0.1581782 0.1774993 0.1337767 0.1523975 0.1421971 0.1531356 0.1740754 0.1381695 0.1564779 0.1567304 0.2233461 0.1917796 0.2137326 0.1662930 0.1484473 0.1598556 0.1765918 0.1252896 0.1581913 0.1567397 0.1828215 0.0955836 0.1526297 0.1719704 0.0251144 0.0911998 0.1409748 0.1545704 0.1418690 0.1330118 0.1937410 0.1497373 0.1670871 0.1484448 0.2045865 0.2011937 0.0268093 0.1906659 0.1657605 0.1301324 0.0267302 0.0269731 0.0921123 0.1478474 0.0889568 0.1610935 0.1435849 0.1366438 0.2652669 0.0776755 0.1310882 0.1984226 0.1434516 0.0219219 0.2148556 0.1403520 0.1678071 0.0315924 0.1856865 0.0702001 0.1582094 0.0720792 0.0945030 0.1737262 0.1553177 0.1508688 0.1383481 0.1374934 0.0893478 0.1169058 0.1695193 0.1017438 0.1360680 
S0407sl       0.1915088 0.1781815 0.1234260 0.2367068 0.1639423 0.0528951 0.1418293 0.1697980 0.2003069 0.0660952 0.2402296 0.2262548 0.0647798 0.2293219 0.0509656 0.1446087 0.1774224 0.2229484 0.2490068 0.1656084 0.1728609 0.0000000 0.1840443 0.0454078 0.1338218 0.1677138 0.2303315 0.0730319 0.1471301 0.1774203 0.2964460 0.0605952 0.1812986 0.1541047 0.0540287 0.0561824 0.0854906 0.1294837 0.1556579 0.1661160 0.2229474 0.1566062 0.1878465 0.2261365 0.1397540 0.1759836 0.1916823 0.1337807 0.1670916 0.1433433 0.1384920 0.1633708 0.1693029 0.0589275 0.2330194 0.0725126 0.0614340 0.1098060 0.2027280 0.1742167 0.1441439 0.1467870 0.1446754 0.2358852 0.2576384 0.1836200 0.1508793 0.1520468 0.1619540 0.1513182 0.1388679 0.1401122 0.1606693 0.1642800 0.1617175 0.1576897 0.1525378 0.1587423 0.1700098 0.1305197 0.0523680 0.0873199 0.0814218 0.2268175 0.0585885 0.0641714 0.2062469 0.2345194 0.2262591 0.1651684 0.2532524 0.1819890 0.1274827 0.1610570 0.1631608 0.1743491 0.1331350 0.1620469 0.0879855 0.1398168 0.1305796 0.1478386 0.1497712 0.1406970 0.2597155 0.0767371 0.1595708 0.2825262 0.1434929 0.1569476 0.1630139 0.0660773 0.1572596 0.0681974 0.1710154 0.1443886 0.1742124 0.1399791 0.0990360 0.1241022 0.1118157 0.1064325 0.1393916 0.1511835 0.1768133 0.1150708 
S0412sl       0.3133493 0.1202651 0.1546742 0.2158280 0.1093373 0.1966542 0.1565030 0.1139616 0.1481937 0.1882060 0.2477274 0.1957777 0.2079413 0.2286340 0.1738870 0.1746438 0.1846472 0.2309907 0.1570161 0.1050858 0.1180803 0.1840443 0.0000000 0.1708045 0.1557473 0.1093568 0.2326031 0.1772184 0.1514081 0.1063031 0.2393217 0.1904053 0.1182446 0.1013729 0.1897445 0.1868644 0.1633200 0.0924862 0.0914631 0.1663140 0.2348773 0.2090625 0.1094425 0.2287979 0.1663495 0.1116112 0.1872675 0.1554022 0.1159892 0.1622135 0.1532185 0.1460776 0.1795511 0.1850442 0.2224736 0.1496745 0.1809843 0.1428121 0.1857639 0.1578859 0.1387600 0.1492411 0.1474364 0.2168947 0.2069134 0.2140594 0.1954790 0.1518855 0.1572346 0.1883575 0.1580415 0.1717950 0.1603438 0.2003271 0.1138189 0.1650573 0.1851471 0.1091690 0.1090153 0.1391503 0.1742350 0.1607502 0.1572215 0.2196513 0.1737277 0.1905752 0.1908889 0.2472422 0.2375890 0.1118901 0.2224123 0.1659915 0.1473144 0.1112003 0.1039916 0.1124274 0.1545975 0.1020160 0.1746510 0.1642175 0.1522437 0.3082019 0.0934512 0.1647223 0.2085894 0.1565100 0.1078122 0.2264908 0.1525294 0.1725211 0.1111594 0.1906486 0.1073854 0.1783135 0.1048988 0.1008624 0.1689596 0.1640298 0.1750873 0.1461321 0.1446667 0.1163070 0.1530708 0.1756144 0.1083263 0.1344100 
S0417         0.2832290 0.1580703 0.1050102 0.2199728 0.1365648 0.0355185 0.1143825 0.1459826 0.1663953 0.0489194 0.2222117 0.2147970 0.0556416 0.2220628 0.0370388 0.1338561 0.1388707 0.2084499 0.2128835 0.1380747 0.1445943 0.0454078 0.1708045 0.0000000 0.1189869 0.1444147 0.2148653 0.0589194 0.1317187 0.1578638 0.2553637 0.0457026 0.1509315 0.1279968 0.0420190 0.0354461 0.0668157 0.1051975 0.1324463 0.1446504 0.2089821 0.1522337 0.1701299 0.2112377 0.1281992 0.1496316 0.1780195 0.1187346 0.1415383 0.1250296 0.1228199 0.1457247 0.1521416 0.0386958 0.2216339 0.0497401 0.0407549 0.0995831 0.1882445 0.1482444 0.1288534 0.1270024 0.1271959 0.1991377 0.2256301 0.1645419 0.1420473 0.1255872 0.1356344 0.1435769 0.1211061 0.1226156 0.1390497 0.1394113 0.1467450 0.1323784 0.1395167 0.1390957 0.1485619 0.1110018 0.0384509 0.0684468 0.0612394 0.2124363 0.0367364 0.0542627 0.1752956 0.2182101 0.2088934 0.1374578 0.2305991 0.1566298 0.1038736 0.1342306 0.1376700 0.1552317 0.1150225 0.1404496 0.0661549 0.1146245 0.1041898 0.1204446 0.1275047 0.1291689 0.2267253 0.0573419 0.1327796 0.2507626 0.1197647 0.1367304 0.1404624 0.0618900 0.1337622 0.0484947 0.1383412 0.1183648 0.1504873 0.1297388 0.0818605 0.1080691 0.1012532 0.0822393 0.1171116 0.1310113 0.1474088 0.1106501 
S0419         0.3000418 0.1256765 0.0388548 0.1193394 0.1119008 0.1390857 0.1125668 0.1266351 0.1624205 0.1478606 0.1853301 0.1543517 0.1509328 0.1806758 0.1413145 0.1418876 0.1316525 0.1774794 0.1847204 0.1134119 0.1233156 0.1338218 0.1557473 0.1189869 0.0000000 0.1187998 0.1832299 0.1297045 0.1222118 0.1417312 0.2051620 0.1543384 0.1342772 0.1081275 0.1360894 0.1491835 0.1376942 0.0981692 0.1104523 0.0482100 0.1786273 0.1381446 0.1378045 0.1733907 0.1264263 0.1282610 0.1380362 0.0060531 0.1205258 0.0106620 0.0106838 0.1299798 0.0521056 0.1452077 0.1697667 0.1222199 0.1394316 0.0838683 0.1299995 0.1216385 0.1157822 0.1132906 0.1134579 0.2525613 0.1252097 0.1677922 0.1494507 0.0987950 0.1055220 0.1354202 0.0075981 0.1238172 0.1237955 0.1461262 0.1298551 0.1224437 0.1390085 0.1077720 0.1306428 0.1036100 0.1337169 0.1394432 0.1291740 0.1710994 0.1444546 0.1559353 0.1341097 0.1902971 0.1831187 0.1210709 0.1816839 0.1536642 0.1012803 0.1156505 0.1170925 0.1262013 0.1119812 0.1234691 0.1423156 0.1056569 0.1097480 0.2343538 0.1140645 0.0153218 0.1249614 0.1264527 0.1122415 0.1394451 0.1082672 0.1256957 0.1152499 0.1525232 0.1108448 0.1476547 0.1114964 0.1030349 0.1436906 0.1311935 0.1493307 0.0971052 0.0896547 0.0814332 0.0480384 0.1283346 0.1232718 0.0941544 
S0427         0.2791883 0.0868425 0.1262959 0.2014773 0.0910297 0.1647660 0.1204968 0.1049192 0.1276100 0.1630858 0.2131815 0.1574273 0.1766014 0.2007015 0.1566040 0.1408054 0.1600519 0.1925315 0.0828146 0.0963312 0.1055672 0.1677138 0.1093568 0.1444147 0.1187998 0.0000000 0.1986078 0.1527246 0.1365194 0.1029332 0.1967059 0.1672002 0.1015346 0.0894032 0.1645001 0.1589125 0.1416665 0.0794997 0.0862122 0.1391908 0.1912128 0.1697593 0.0897846 0.1951680 0.1551058 0.0946269 0.1819399 0.1185518 0.0991306 0.1247487 0.1165494 0.1436152 0.1443875 0.1651770 0.1823381 0.1281650 0.1619985 0.1159394 0.1375391 0.1456974 0.1391475 0.1361048 0.1377973 0.2665518 0.1857620 0.1853634 0.1586476 0.1304733 0.1396680 0.1703298 0.1208860 0.1491116 0.1550933 0.1568769 0.0986978 0.1346361 0.1696557 0.0931942 0.1006271 0.1183440 0.1621217 0.1434027 0.1304550 0.1862668 0.1480253 0.1704991 0.1581085 0.2048068 0.1984891 0.0996971 0.1810911 0.1461562 0.1051340 0.0946322 0.0977999 0.0911805 0.1188102 0.0902208 0.1629779 0.1183130 0.1156524 0.2540991 0.0810184 0.1249315 0.1881530 0.1385248 0.0913044 0.2004653 0.1188334 0.1370929 0.0945968 0.1747012 0.0734773 0.1698829 0.0903332 0.0920344 0.1461642 0.1302048 0.1554999 0.1269468 0.1177261 0.1004996 0.1169824 0.1417704 0.0448784 0.1081977 
S0430         0.2922354 0.1979669 0.1699423 0.2500951 0.1917206 0.2336675 0.1975473 0.1976236 0.2284372 0.2480436 0.0165759 0.0840750 0.2470253 0.0233642 0.2264853 0.2062538 0.2117296 0.0045373 0.2570476 0.1907434 0.2013147 0.2303315 0.2326031 0.2148653 0.1832299 0.1986078 0.0000000 0.2249189 0.2154291 0.2357576 0.1658404 0.2555850 0.2116642 0.1852116 0.2461310 0.2241098 0.2267033 0.1830053 0.1755568 0.1802697 0.0185189 0.2549658 0.2488250 0.0184603 0.2047286 0.2016670 0.2270418 0.1776307 0.1975594 0.1853822 0.1851025 0.2013411 0.1766027 0.2153318 0.1216138 0.2207015 0.2240109 0.1850668 0.0888316 0.2210636 0.2031769 0.1942291 0.2003661 0.4064630 0.2220341 0.2638098 0.2455725 0.1791908 0.1887920 0.2336205 0.1825797 0.2119353 0.2186758 0.2205893 0.1878922 0.2126244 0.2340985 0.1921147 0.1924466 0.1875781 0.2398474 0.2235245 0.2148625 0.0141057 0.2159525 0.2577612 0.1069451 0.0185548 0.0107103 0.1884316 0.1209741 0.2086803 0.1881541 0.1912937 0.1866934 0.1929377 0.1691964 0.1811029 0.2456699 0.1893023 0.1932050 0.3560000 0.1695764 0.1926116 0.2366484 0.2211403 0.1829393 0.2402722 0.1938230 0.2183742 0.1914082 0.2564301 0.1958258 0.2164414 0.1907056 0.2053796 0.2160670 0.2061281 0.2340400 0.1643188 0.1870087 0.1525642 0.1788862 0.2257588 0.2096158 0.1906371 
S0478         0.2734241 0.1598515 0.1025994 0.2257294 0.1491302 0.0684736 0.1230561 0.1572298 0.1875249 0.0820409 0.2341823 0.2347571 0.0602586 0.2265776 0.0685562 0.1420246 0.1553234 0.2205494 0.2154964 0.1460944 0.1533828 0.0730319 0.1772184 0.0589194 0.1297045 0.1527246 0.2249189 0.0000000 0.1428893 0.1681746 0.2717191 0.0765506 0.1609996 0.1396541 0.0738421 0.0663588 0.0639053 0.1099269 0.1297192 0.1488084 0.2157391 0.1645163 0.1616850 0.2181946 0.1180206 0.1588689 0.1583827 0.1294042 0.1518685 0.1363504 0.1339045 0.1453625 0.1518242 0.0682852 0.2251871 0.0542698 0.0669436 0.1178222 0.1693068 0.1454223 0.1366993 0.1227040 0.1254866 0.2804709 0.2333033 0.1902745 0.1559902 0.1349756 0.1491197 0.1649927 0.1320431 0.1494847 0.1360741 0.1498314 0.1587921 0.1421613 0.1665025 0.1519608 0.1534088 0.1169586 0.0678172 0.0676705 0.0602669 0.2186833 0.0640987 0.0841102 0.1734710 0.2256677 0.2177551 0.1478866 0.2461349 0.1588460 0.1182407 0.1442066 0.1552485 0.1464657 0.1259243 0.1435050 0.0803260 0.1278267 0.1162025 0.1040692 0.1330669 0.1409212 0.2366788 0.0579475 0.1423297 0.2528018 0.1356852 0.1447613 0.1534119 0.0934525 0.1430640 0.0754638 0.1414367 0.1220557 0.1656659 0.1349755 0.0846102 0.1087623 0.1153816 0.0895985 0.1306524 0.1282195 0.1669923 0.1180564 
S0552sl       0.2453175 0.1616279 0.1045730 0.1971983 0.1555578 0.1433836 0.1187170 0.1565470 0.1761269 0.1445178 0.2120080 0.1901484 0.1440192 0.2175526 0.1448628 0.1226476 0.1343574 0.2090985 0.1984872 0.1527076 0.1588703 0.1471301 0.1514081 0.1317187 0.1222118 0.1365194 0.2154291 0.1428893 0.0000000 0.1545900 0.2520724 0.1467813 0.1639893 0.1494882 0.1418588 0.1435557 0.1340854 0.1111521 0.1447242 0.1457153 0.2078209 0.1586531 0.1678210 0.2069747 0.1405345 0.1646473 0.0711322 0.1219531 0.1607841 0.1282586 0.1199171 0.0925416 0.1507185 0.1467834 0.2135297 0.1276923 0.1323874 0.1099302 0.1685449 0.0445582 0.0891945 0.0350146 0.0382714 0.2513278 0.1895352 0.1888215 0.1657307 0.0770705 0.0870758 0.1541093 0.1222311 0.1397023 0.0827355 0.1382385 0.1302052 0.1200260 0.1503776 0.1582216 0.1401516 0.1040188 0.1305232 0.1358370 0.1250738 0.1981608 0.1455600 0.1511940 0.1720747 0.2281679 0.2153046 0.1539591 0.2200288 0.1555157 0.1057892 0.1552225 0.1412011 0.1584346 0.1044191 0.1441859 0.1445444 0.1100765 0.1120548 0.2379669 0.1307958 0.1346241 0.1896562 0.1331017 0.1473723 0.2100731 0.1236123 0.1283599 0.1574312 0.1631690 0.1501209 0.1450566 0.1603902 0.1286368 0.1353496 0.1144400 0.1474328 0.0791951 0.1077524 0.0934820 0.1182279 0.1240826 0.1461935 0.1083787 
S0558         0.3402308 0.1243216 0.1517964 0.2027282 0.1239152 0.1803987 0.1464518 0.1390372 0.1457982 0.1750876 0.2406373 0.2025501 0.1920112 0.2379382 0.1662745 0.1605731 0.1482050 0.2290453 0.1528665 0.1254154 0.1355915 0.1774203 0.1063031 0.1578638 0.1417312 0.1029332 0.2357576 0.1681746 0.1545900 0.0000000 0.2696031 0.1792599 0.1284238 0.1200770 0.1813937 0.1710814 0.1646556 0.0956265 0.1129129 0.1679069 0.2329174 0.2085310 0.1188950 0.2268533 0.1893848 0.1256488 0.1893518 0.1414234 0.1308187 0.1480112 0.1393050 0.1474165 0.1691545 0.1769802 0.2144879 0.1557893 0.1726596 0.1464351 0.1897858 0.1682649 0.1425174 0.1494413 0.1454126 0.2347149 0.2079100 0.2231742 0.1764101 0.1485671 0.1576060 0.1973177 0.1439500 0.1792430 0.1550037 0.1862772 0.1087365 0.1555613 0.1999627 0.1237205 0.1203251 0.1423743 0.1693129 0.1664425 0.1577616 0.2232684 0.1609765 0.1724558 0.2012027 0.2462423 0.2356245 0.1313709 0.2273184 0.1534497 0.1377632 0.1236555 0.1208680 0.1200196 0.1489870 0.1037107 0.1784140 0.1468993 0.1443343 0.2845311 0.1051294 0.1502250 0.2100683 0.1547429 0.1242979 0.2277774 0.1476665 0.1547870 0.1216288 0.1916995 0.1191513 0.1794363 0.1195358 0.1095643 0.1483966 0.1561265 0.1741645 0.1359895 0.1482891 0.1136845 0.1310093 0.1598913 0.1055555 0.1402716 
S0616         0.2748038 0.1913373 0.2026960 0.2225967 0.2031445 0.2932108 0.2153945 0.2128550 0.2476387 0.2858643 0.1671152 0.1241033 0.2933145 0.1710770 0.2639432 0.2125937 0.2387888 0.1649740 0.2595213 0.2026226 0.2090128 0.2964460 0.2393217 0.2553637 0.2051620 0.1967059 0.1658404 0.2717191 0.2520724 0.2696031 0.0000000 0.2905195 0.2237858 0.1960054 0.2919921 0.2770908 0.2632027 0.2068193 0.1956197 0.1953214 0.1658091 0.2672909 0.2622636 0.1574351 0.2549902 0.2083043 0.2772382 0.2009930 0.2105416 0.2049410 0.2046617 0.2489037 0.2003908 0.2758005 0.1539093 0.2521423 0.2792100 0.2059739 0.1425596 0.2487176 0.2385871 0.2322538 0.2400655 0.3866371 0.2084508 0.2669357 0.2474940 0.2044229 0.2153292 0.2514291 0.2015544 0.2333952 0.2385398 0.2392244 0.2072368 0.2233994 0.2548587 0.2036210 0.2127859 0.2160176 0.2900844 0.2630788 0.2471079 0.1568574 0.2629954 0.3067956 0.0856499 0.1730210 0.1711695 0.2109614 0.1483236 0.1935846 0.2038703 0.1972886 0.2090260 0.1906586 0.2012928 0.1874101 0.2808335 0.2089650 0.2053122 0.4235256 0.1881220 0.2151236 0.2189429 0.2528033 0.1931752 0.2187862 0.2093179 0.2189806 0.1937061 0.3014347 0.1954811 0.2757090 0.2155183 0.2270561 0.2154037 0.2140286 0.2649427 0.1960191 0.2054723 0.1782980 0.2016908 0.2317436 0.2060259 0.2282769 
