113
S0196sl    0.0000000 0.0844110 0.0836850 0.1260836 0.1325713 0.0757641 0.0920569 0.0991703 0.1371753 0.0944990 0.1345906 0.1385464 0.1237911 0.1742379 0.0889834 0.0855438 0.1211563 0.0758426 0.0754558 0.0802568 0.1191196 0.1035936 0.0900224 0.0101223 0.0690037 0.1030063 0.0949724 0.1022773 0.1252937 0.0891139 0.1093791 0.1103969 0.1225924 0.0795557 0.0739700 0.0441422 0.1057109 0.2081850 0.1282761 0.1022650 0.0962293 0.0784229 0.0152885 0.0786622 0.0128592 0.0126677 0.0400216 0.1138274 0.1050478 0.0693779 0.1087135 0.0731363 0.0852308 0.0944917 0.0537373 0.1794740 0.0980431 0.1252799 0.1032274 0.1402309 0.1638742 0.1832846 0.0075368 0.1840618 0.1266387 0.1272202 0.0898102 0.1274833 0.0778931 0.1938709 0.0739538 0.0895823 0.1020546 0.0659149 0.1113533 0.1052925 0.1088678 0.0640313 0.1866235 0.1120850 0.0810102 0.1171133 0.0864565 0.0783068 0.0879713 0.1035716 0.0960064 0.0831897 0.1483350 0.0982042 0.0913328 0.1209240 0.0926606 0.0154173 0.1110974 0.0537373 0.1160463 0.0722691 0.0917819 0.0803949 0.0910864 0.1365037 0.0871950 0.1221236 0.0831502 0.0886966 0.1102977 0.0911217 0.0821923 0.0554113 0.1082911 0.0810570 0.0669741 
S0281      0.0844110 0.0000000 0.1537522 0.1781415 0.1799597 0.1376028 0.1629294 0.1616296 0.1823482 0.1436126 0.1769298 0.1906198 0.1963347 0.2067956 0.1590062 0.1609484 0.1824254 0.1455561 0.1438283 0.1438041 0.1775514 0.1791056 0.1457276 0.0871840 0.1400475 0.1600240 0.1600049 0.1726973 0.1849136 0.1536431 0.1891043 0.1657031 0.1839233 0.1343363 0.1436984 0.1040502 0.1687069 0.2633235 0.2017802 0.1613753 0.1451228 0.1432232 0.0900497 0.1481520 0.0865597 0.0870017 0.0960101 0.1811290 0.1650370 0.1172734 0.1666010 0.1358038 0.1547030 0.1596925 0.1125173 0.2519790 0.1704891 0.1851052 0.1496144 0.1923703 0.2107665 0.2482807 0.0840361 0.2476040 0.1685746 0.1786884 0.1663722 0.1869930 0.1332043 0.2584009 0.1452848 0.1637417 0.1574493 0.1124606 0.1607694 0.1620769 0.1611507 0.1240104 0.2420843 0.1654358 0.1460801 0.1733804 0.1447403 0.1449311 0.1499230 0.1650157 0.1531226 0.1462619 0.1966379 0.1547973 0.1665414 0.1676952 0.1627677 0.0851443 0.1658250 0.1139393 0.1703116 0.1431663 0.1404875 0.1470747 0.1561471 0.1875177 0.1617439 0.1916308 0.1568690 0.1413713 0.1775712 0.1448377 0.1367758 0.1092843 0.1730213 0.1586675 0.1276619 
S0282      0.0836850 0.1537522 0.0000000 0.1387992 0.1407530 0.0907444 0.0419072 0.0660290 0.1394764 0.1204642 0.1612940 0.1534785 0.1630508 0.1684089 0.1151067 0.1075133 0.1570753 0.0871982 0.0237899 0.0332232 0.1265139 0.1014157 0.1006263 0.0931875 0.0889799 0.1016633 0.1328156 0.1105187 0.1390451 0.0465494 0.0776180 0.1259128 0.1226705 0.0702402 0.0272947 0.1104478 0.1303981 0.2178069 0.1276292 0.1306480 0.1094769 0.0331275 0.0974546 0.0332696 0.0928788 0.0944293 0.1071007 0.1235612 0.1379288 0.0774904 0.1193602 0.0955813 0.1211569 0.0544833 0.1208780 0.1962226 0.1236347 0.1576600 0.1184552 0.1666989 0.1934859 0.2031166 0.0902121 0.2017648 0.1214782 0.1427082 0.1192303 0.1559183 0.0755025 0.2024790 0.0248890 0.0886007 0.1076092 0.0759805 0.1229258 0.1313882 0.1183139 0.0495029 0.2106209 0.1439929 0.0318975 0.1472119 0.0918237 0.0271662 0.0331298 0.0887695 0.1037374 0.0731844 0.1403797 0.1008208 0.1016829 0.1257172 0.0886859 0.0886420 0.1193879 0.1223352 0.1284762 0.0283284 0.1027934 0.0975546 0.0379813 0.1417794 0.0681854 0.1425003 0.0999867 0.1056800 0.1293921 0.1126037 0.0995871 0.0861007 0.1384693 0.0974246 0.0911131 
S0288      0.1260836 0.1781415 0.1387992 0.0000000 0.1661360 0.1331055 0.1369966 0.1566611 0.1574532 0.0135961 0.1120786 0.1675158 0.0365290 0.1902087 0.1554447 0.1538625 0.0651607 0.1464088 0.1325658 0.1375453 0.1389734 0.1402384 0.1252556 0.1333270 0.1407629 0.1387649 0.0154168 0.1537917 0.1380856 0.1511829 0.9304729 0.1544583 0.1432995 0.1238748 0.1346882 0.1472150 0.0151585 0.2542830 0.1979901 0.0134180 0.1472186 0.1342450 0.1380060 0.1366444 0.1269667 0.1324445 0.1571758 0.1268528 0.0938078 0.0820088 0.1219568 0.1080063 0.0650754 0.1618812 0.1413003 0.2682771 0.1685234 0.1077821 0.0612782 0.1967162 0.2064878 0.2819448 0.1295421 0.2656456 0.1410090 0.1890608 0.1576072 0.1010716 0.1371023 0.2734619 0.1378444 0.1518949 0.1376455 0.0859142 0.1258796 0.0094793 0.1348887 0.0000010 0.0295825 0.0358403 0.1313017 0.1012022 0.1541527 0.1369957 0.1407825 0.1399714 0.1516303 0.1392979 0.1771564 0.1514975 0.1548596 0.1393481 0.1575038 0.1282783 0.1388017 0.1491104 0.1314864 0.1350066 0.1569468 0.1444219 0.1450448 0.1448193 0.1570341 0.1722230 0.1394446 0.1310556 0.1592262 0.1495475 0.1129213 0.1205972 0.1860786 0.1546006 0.1204794 
S0289      0.1325713 0.1799597 0.1407530 0.1661360 0.0000000 0.1164536 0.1487514 0.1646672 0.1202937 0.1603478 0.1950271 0.0828389 0.1922070 0.1510158 0.1590911 0.1534963 0.1989596 0.1423530 0.1367102 0.1334089 0.0773996 0.1608403 0.0570562 0.1370012 0.1326474 0.0965128 0.1754362 0.0826378 0.1016173 0.1425453 0.2005757 0.0764030 0.1065216 0.1280428 0.1362523 0.1569262 0.1743653 0.2332538 0.1819293 0.1606515 0.1478833 0.1358713 0.1417262 0.1408226 0.1357574 0.1353689 0.1486774 0.1031747 0.1626798 0.0612114 0.1014807 0.1278068 0.1539477 0.1559432 0.1488312 0.2320035 0.1857807 0.1967420 0.1457633 0.1833390 0.2055555 0.2322301 0.1336420 0.2390422 0.1140036 0.1709487 0.1487071 0.1909883 0.1389359 0.2429797 0.1393742 0.1449230 0.0840980 0.0596020 0.1028638 0.1726957 0.0840893 0.1138049 0.2276534 0.1801109 0.1400476 0.1753589 0.1225007 0.1404888 0.1369739 0.1293719 0.1309595 0.1370881 0.1272962 0.1297140 0.1322018 0.0948177 0.1570811 0.1359754 0.0747858 0.1519900 0.1212473 0.1385801 0.1222520 0.1380411 0.1462449 0.1176875 0.1515342 0.1137373 0.1367879 0.1444615 0.1165930 0.1567339 0.1232786 0.1355051 0.1803201 0.1404138 0.1154601 
S0292      0.0757641 0.1376028 0.0907444 0.1331055 0.1164536 0.0000000 0.0956844 0.1105362 0.1275230 0.1075163 0.1406913 0.1250582 0.1486425 0.1375531 0.0817380 0.0818363 0.1480869 0.0842312 0.0798701 0.0849497 0.1100096 0.1076145 0.0783841 0.0784203 0.0807385 0.0956739 0.1371779 0.0990385 0.1250529 0.0919286 0.1076930 0.1034072 0.1103855 0.0792575 0.0767526 0.1027977 0.1293230 0.2135231 0.1514517 0.1231594 0.1112596 0.0833847 0.0799561 0.0878302 0.0807828 0.0783689 0.0963037 0.1112201 0.1241649 0.0621735 0.1012818 0.0754539 0.1050750 0.1092438 0.1050940 0.1969132 0.1165638 0.1518389 0.1065610 0.1467710 0.1693797 0.2044488 0.0781814 0.1978121 0.1181203 0.1366282 0.1028646 0.1469533 0.0905880 0.2045224 0.0780977 0.1045825 0.0904585 0.0577169 0.1031075 0.1272859 0.1021472 0.0526855 0.1698658 0.1349125 0.0829079 0.1334541 0.0264881 0.0792147 0.0820524 0.0915734 0.0489110 0.0909872 0.1323989 0.0333696 0.0331578 0.1237004 0.1117528 0.0779934 0.1044729 0.1065083 0.1050472 0.0831903 0.0440919 0.0776928 0.0930400 0.1340750 0.1043609 0.1150252 0.0792522 0.0815081 0.1236962 0.0901286 0.0777239 0.0758012 0.1121150 0.0930676 0.0657026 
S0293      0.0920569 0.1629294 0.0419072 0.1369966 0.1487514 0.0956844 0.0000000 0.0722375 0.1436215 0.1324609 0.1612859 0.1654468 0.1831064 0.1855069 0.1198458 0.1160858 0.1723800 0.0964303 0.0330571 0.0429989 0.1306441 0.1110289 0.1066701 0.1026797 0.0923923 0.1170437 0.1438531 0.1177010 0.1488291 0.0609512 0.0821262 0.1329152 0.1340557 0.0741610 0.0330699 0.1273253 0.1370094 0.2284990 0.1308369 0.1350198 0.1167165 0.0403850 0.1071964 0.0417754 0.1027123 0.1011333 0.1174945 0.1364888 0.1501487 0.0847758 0.1255658 0.1020159 0.1341058 0.0653741 0.1228090 0.2100290 0.1313259 0.1743838 0.1301045 0.1681407 0.1941812 0.2127065 0.0995172 0.2117466 0.1159996 0.1488259 0.1288246 0.1723624 0.0867749 0.2197278 0.0342028 0.1018801 0.1135854 0.0815976 0.1270357 0.1379204 0.1252153 0.0497573 0.1940966 0.1459812 0.0415600 0.1595800 0.0969953 0.0341289 0.0441410 0.0881248 0.1059521 0.0813778 0.1543609 0.1062374 0.1070630 0.1393343 0.1006680 0.1010845 0.1261800 0.1243238 0.1347509 0.0365742 0.1084767 0.0994238 0.0504836 0.1501556 0.0839488 0.1481673 0.1086005 0.1084958 0.1347209 0.1205753 0.1076010 0.0964066 0.1484222 0.1043331 0.0973187 
S0294      0.0991703 0.1616296 0.0660290 0.1566611 0.1646672 0.1105362 0.0722375 0.0000000 0.1549903 0.1472619 0.1717826 0.1638160 0.1912979 0.1993068 0.1390796 0.1322285 0.1764122 0.1142692 0.0593463 0.0591685 0.1440084 0.1255958 0.1115205 0.1103366 0.1101071 0.1232611 0.1519187 0.1314843 0.1515524 0.0744809 0.1061940 0.1428309 0.1536155 0.0888553 0.0528790 0.1295366 0.1552818 0.2323749 0.1502950 0.1569949 0.1241913 0.0640568 0.1175783 0.0592606 0.1072883 0.1129934 0.1325780 0.1448940 0.1580322 0.0927517 0.1405155 0.1155246 0.1453697 0.0697148 0.1375441 0.2101640 0.1423584 0.1875278 0.1342145 0.1870167 0.2109949 0.2196004 0.1099554 0.2153661 0.1429673 0.1634632 0.1379872 0.1871974 0.0903870 0.2209537 0.0579435 0.1098239 0.1218769 0.0891693 0.1371501 0.1617877 0.1359508 0.0834041 0.2501924 0.1954826 0.0551517 0.1670186 0.1133477 0.0591190 0.0604858 0.1063650 0.1238466 0.0907174 0.1483574 0.1207111 0.1223591 0.1425215 0.1142527 0.1043239 0.1371454 0.1390502 0.1434794 0.0576294 0.1170463 0.1234199 0.0693633 0.1505040 0.0823784 0.1647990 0.1223810 0.1305969 0.1408834 0.1276097 0.1168560 0.1059238 0.1735578 0.1235344 0.1037814 
S0299      0.1371753 0.1823482 0.1394764 0.1574532 0.1202937 0.1275230 0.1436215 0.1549903 0.0000000 0.1530366 0.1939084 0.1135985 0.1823541 0.1344129 0.1583097 0.1651024 0.1892933 0.1498605 0.1291992 0.1321649 0.0963111 0.1708707 0.0752418 0.1427742 0.1363885 0.1038790 0.1706560 0.1105089 0.1081270 0.1506231 0.1791553 0.1027531 0.1266575 0.1307582 0.1317542 0.1606531 0.1627157 0.2459071 0.1878131 0.1647647 0.1530946 0.1293532 0.1494350 0.1430936 0.1446977 0.1458103 0.1582855 0.1257293 0.1704170 0.0740566 0.1141899 0.1381880 0.1601802 0.1613123 0.1515297 0.2453413 0.1809416 0.2001734 0.1426803 0.2008230 0.2194265 0.2420159 0.1439698 0.2346470 0.1128324 0.1838401 0.1775433 0.1958525 0.1360958 0.2486457 0.1345032 0.1519308 0.0861748 0.0692296 0.1183616 0.1613257 0.0910766 0.1194845 0.2199200 0.1627545 0.1362239 0.1872147 0.1312879 0.1361317 0.1363555 0.1335677 0.1389321 0.1371983 0.1423728 0.1441482 0.1413587 0.0869080 0.1566755 0.1434780 0.0949502 0.1563573 0.1198624 0.1341721 0.1465645 0.1480201 0.1441049 0.0789630 0.1523028 0.1351129 0.1531514 0.1449981 0.1286814 0.1519108 0.1365553 0.1368891 0.1898274 0.1520245 0.1360179 
S0303      0.0944990 0.1436126 0.1204642 0.0135961 0.1603478 0.1075163 0.1324609 0.1472619 0.1530366 0.0000000 0.0875856 0.1584623 0.0372349 0.1709726 0.1307892 0.1203321 0.0467407 0.1156754 0.1128686 0.1157711 0.1423269 0.1299928 0.1082050 0.1024506 0.1080392 0.1132519 0.0288068 0.1398708 0.1496182 0.1324055 0.1475998 0.1379591 0.1401775 0.0995285 0.1155924 0.1232107 0.0170590 0.2270320 0.1617047 0.0161020 0.1216555 0.1138357 0.1024832 0.1247994 0.1002638 0.1035218 0.1204958 0.1321767 0.0693600 0.0816488 0.1160480 0.0911871 0.0568762 0.1369466 0.1141056 0.2136387 0.1324225 0.1003247 0.0714036 0.1633989 0.1872507 0.2209032 0.1019208 0.2234787 0.1442748 0.1507747 0.1378823 0.0963333 0.1194729 0.2230998 0.1111576 0.1287934 0.1312487 0.0813566 0.1277755 0.0207357 0.1383219 0.0835403 0.0330774 0.0303613 0.1181745 0.0794255 0.1131508 0.1136914 0.1185443 0.1281216 0.1208092 0.1171556 0.1610435 0.1208897 0.1251840 0.1391697 0.1274615 0.1016906 0.1377348 0.1185025 0.1360764 0.1166511 0.1228452 0.1130988 0.1210371 0.1546147 0.1317717 0.1554009 0.1147310 0.1238175 0.1489116 0.1177977 0.0940162 0.0897488 0.1461468 0.1266453 0.0926303 
S0308      0.1345906 0.1769298 0.1612940 0.1120786 0.1950271 0.1406913 0.1612859 0.1717826 0.1939084 0.0875856 0.0000000 0.2027466 0.1277120 0.2118914 0.1848134 0.1599600 0.1247177 0.1591236 0.1511067 0.1472218 0.1802020 0.1740577 0.1413673 0.1421097 0.1535676 0.1593446 0.1028050 0.1678553 0.1924622 0.1618700 0.1723118 0.1755961 0.1883879 0.1364345 0.1506409 0.1649069 0.1098190 0.2700412 0.2026350 0.1030009 0.1579604 0.1497129 0.1421615 0.1537668 0.1384571 0.1431736 0.1588060 0.1720403 0.0996698 0.1274160 0.1688376 0.1445352 0.0876958 0.1779250 0.1561815 0.2678763 0.1922619 0.1213388 0.1041989 0.2128659 0.2325258 0.2757443 0.1397448 0.2678612 0.1638394 0.1983269 0.1847173 0.1237427 0.1622684 0.2750086 0.1539686 0.1645206 0.1706564 0.1216705 0.1745836 0.1109212 0.1756179 0.1005376 0.1738731 0.1228046 0.1508879 0.1124609 0.1529090 0.1566692 0.1535939 0.1480975 0.1610459 0.1638019 0.2006224 0.1619803 0.1752352 0.1735680 0.1653029 0.1417555 0.1792791 0.1611322 0.1824632 0.1497255 0.1555459 0.1550845 0.1595884 0.1984498 0.1693907 0.1975598 0.1672541 0.1683376 0.1878897 0.1551965 0.1456939 0.1349023 0.1731550 0.1752245 0.1359978 
S0320      0.1385464 0.1906198 0.1534785 0.1675158 0.0828389 0.1250582 0.1654468 0.1638160 0.1135985 0.1584623 0.2027466 0.0000000 0.1845316 0.1327292 0.1681291 0.1581162 0.1920177 0.1434973 0.1428861 0.1394367 0.0919499 0.1673974 0.0712518 0.1458510 0.1320717 0.0955348 0.1714830 0.0971242 0.1065910 0.1579095 0.1886688 0.0916554 0.1221725 0.1311317 0.1439360 0.1605935 0.1659034 0.2556174 0.1922162 0.1653875 0.1481764 0.1449994 0.1507032 0.1501051 0.1479643 0.1471689 0.1546603 0.1191995 0.1517924 0.0631340 0.1082139 0.1277234 0.1576046 0.1672693 0.1626095 0.2342202 0.1791096 0.2004286 0.1408268 0.2026962 0.2264768 0.2430915 0.1453736 0.2414507 0.1198551 0.1798463 0.1636246 0.1945147 0.1431046 0.2518628 0.1471396 0.1555271 0.0856425 0.0600589 0.1065749 0.1695441 0.0900832 0.1145682 0.2292369 0.1898025 0.1479017 0.1747017 0.1296486 0.1482621 0.1547179 0.1526132 0.1463542 0.1429304 0.1325329 0.1403733 0.1457887 0.0963944 0.1680903 0.1462099 0.0866193 0.1674023 0.1151006 0.1508593 0.1298287 0.1453822 0.1593702 0.1170864 0.1603618 0.1324240 0.1428684 0.1561051 0.1217359 0.1575895 0.1231526 0.1348422 0.1838977 0.1466188 0.1212518 
S0322      0.1237911 0.1963347 0.1630508 0.0365290 0.1922070 0.1486425 0.1831064 0.1912979 0.1823541 0.0372349 0.1277120 0.1845316 0.0000000 0.2157501 0.1862544 0.1684171 0.0682995 0.1450914 0.1573799 0.1631223 0.1659995 0.1733994 0.1363406 0.1393489 0.1408279 0.1546923 0.0533323 0.1808896 0.1720506 0.1771177 0.1897580 0.1757543 0.1939042 0.1335172 0.1660263 0.1565214 0.0391388 0.2908581 0.1976816 0.0481770 0.1617276 0.1543467 0.1411412 0.1771842 0.1323478 0.1407446 0.1594036 0.1753400 0.1082196 0.1260632 0.1657715 0.1319659 0.0740509 0.1837317 0.1573341 0.2847834 0.1788000 0.1324620 0.0941106 0.2196275 0.2563761 0.2854738 0.1323535 0.2932915 0.2056728 0.2075263 0.1783369 0.1245043 0.1602424 0.2836220 0.1615016 0.1684189 0.1685437 0.1244668 0.1571273 0.0481015 0.1692993 0.0997325 0.0791513 0.0584958 0.1606342 0.1195510 0.1550033 0.1650424 0.1638713 0.1736556 0.1634700 0.1563206 0.2039465 0.1502300 0.1597915 0.1831728 0.1705270 0.1395034 0.1684942 0.1637136 0.1846684 0.1647086 0.1567261 0.1547034 0.1585627 0.1889877 0.1778731 0.1920638 0.1533649 0.1710305 0.1885423 0.1723583 0.1336277 0.1238759 0.1860956 0.1625084 0.1292927 
S0327      0.1742379 0.2067956 0.1684089 0.1902087 0.1510158 0.1375531 0.1855069 0.1993068 0.1344129 0.1709726 0.2118914 0.1327292 0.2157501 0.0000000 0.1743108 0.1574292 0.2543923 0.1596423 0.1639308 0.1763255 0.1189406 0.1804395 0.0893337 0.1546406 0.1517431 0.0930584 0.1797865 0.1148812 0.1359957 0.1663510 0.1840938 0.1020944 0.1642707 0.1596721 0.1657996 0.1932857 0.1931419 0.2731117 0.2374474 0.1791150 0.1994769 0.1629053 0.1568318 0.1670326 0.1518190 0.1565890 0.1823422 0.1288137 0.1552487 0.0787946 0.1303357 0.1445988 0.1659142 0.1800895 0.1669258 0.2611264 0.2025284 0.1774021 0.1375928 0.2147779 0.2252398 0.2583846 0.1565853 0.2613241 0.1484933 0.2049061 0.1842769 0.1687249 0.1672792 0.2691836 0.1704863 0.1817028 0.0970579 0.0785396 0.1254733 0.1862926 0.1127296 0.1171625 0.2311846 0.1907346 0.1669427 0.1713677 0.1564870 0.1651498 0.1709563 0.1594463 0.1554926 0.1645296 0.1489025 0.1557438 0.1625018 0.1154382 0.1978220 0.1551559 0.1073173 0.1749540 0.1371093 0.1648734 0.1500793 0.1527043 0.1738672 0.1390781 0.1813595 0.1622222 0.1639418 0.1626946 0.1572090 0.1690563 0.1521568 0.1501765 0.1898635 0.1738377 0.1528149 
S0335      0.0889834 0.1590062 0.1151067 0.1554447 0.1590911 0.0817380 0.1198458 0.1390796 0.1583097 0.1307892 0.1848134 0.1681291 0.1862544 0.1743108 0.0000000 0.0770258 0.1671673 0.1047010 0.1034874 0.1102906 0.1440243 0.1386960 0.1122281 0.0984652 0.1005407 0.1197188 0.1452193 0.1323465 0.1593224 0.1230963 0.1625289 0.1344179 0.1452547 0.1035718 0.1074571 0.1223365 0.1511453 0.2389502 0.1680010 0.1421195 0.1312986 0.1127879 0.1014543 0.1148500 0.0950407 0.0982566 0.1166299 0.1275720 0.1504151 0.0964961 0.1394915 0.1011524 0.1307974 0.1345340 0.1179302 0.2183078 0.1385308 0.1783598 0.1328425 0.1767422 0.2033694 0.2208914 0.0981605 0.2261317 0.1555701 0.1534649 0.1111404 0.1746055 0.1141255 0.2303538 0.1030934 0.1292634 0.1277853 0.0902740 0.1306914 0.1479387 0.1354662 0.1231373 0.2099383 0.1621249 0.1065715 0.1660570 0.0940779 0.1001406 0.1158986 0.1160720 0.0894568 0.1105456 0.1652894 0.0985605 0.1038204 0.1539788 0.1384114 0.0952627 0.1366455 0.1193793 0.1382182 0.1043110 0.0914051 0.0734104 0.1203491 0.1523516 0.1232388 0.1578219 0.0737325 0.0363952 0.1514060 0.1243460 0.1050146 0.1052542 0.1076015 0.1104270 0.0923541 
S0345      0.0855438 0.1609484 0.1075133 0.1538625 0.1534963 0.0818363 0.1160858 0.1322285 0.1651024 0.1203321 0.1599600 0.1581162 0.1684171 0.1574292 0.0770258 0.0000000 0.1678400 0.1026900 0.1011596 0.1054340 0.1458288 0.1264797 0.1174133 0.0927425 0.0967455 0.1149508 0.1344055 0.1210885 0.1635982 0.1128915 0.1459971 0.1347321 0.1438448 0.1139248 0.0992169 0.1124306 0.1386208 0.2665474 0.1626651 0.1333229 0.1190777 0.1033354 0.0926852 0.1071471 0.0861063 0.0924692 0.1046326 0.1238842 0.1364473 0.0897162 0.1348505 0.0956266 0.1147960 0.1254010 0.1190763 0.2349817 0.1297760 0.1525207 0.1075860 0.1620073 0.1848881 0.2446234 0.0879232 0.2385657 0.1271022 0.1405775 0.1097208 0.1487947 0.1096977 0.2405087 0.1005198 0.1262735 0.1243334 0.0861008 0.1288884 0.1381433 0.1363027 0.0946586 0.1838057 0.1378052 0.1063705 0.1453621 0.0923583 0.1048731 0.1068919 0.1153093 0.0921030 0.1108102 0.1658897 0.0940304 0.1034591 0.1413322 0.1329322 0.0923895 0.1376512 0.1206990 0.1505189 0.0927374 0.0927994 0.0679298 0.1164468 0.1641137 0.1196706 0.1526716 0.0412352 0.0694359 0.1556153 0.1191713 0.0983237 0.0965222 0.0937323 0.1077311 0.0871573 
S0355      0.1211563 0.1824254 0.1570753 0.0651607 0.1989596 0.1480869 0.1723800 0.1764122 0.1892933 0.0467407 0.1247177 0.1920177 0.0682995 0.2543923 0.1671673 0.1678400 0.0000000 0.1338071 0.1518933 0.1529061 0.1661638 0.1711792 0.1453434 0.1262996 0.1373572 0.1503835 0.0301851 0.1721292 0.1804370 0.1679721 0.1515201 0.1694887 0.1829321 0.1331327 0.1485274 0.1481078 0.0436762 0.2684491 0.1924896 0.0441151 0.1622373 0.1481280 0.1264634 0.1644777 0.1278216 0.1296981 0.1561823 0.1659934 0.0912144 0.1154717 0.1514402 0.1309330 0.0809777 0.1741741 0.1377443 0.2437712 0.1614133 0.1213553 0.1117299 0.2062421 0.2386797 0.2488866 0.1273582 0.2466045 0.1519189 0.1777972 0.1818085 0.1258957 0.1506195 0.2401635 0.1461542 0.1676273 0.1650170 0.1130669 0.1645462 0.0474607 0.1699762 0.0963649 0.1636983 0.0402428 0.1535409 0.1028478 0.1589495 0.1557363 0.1582627 0.1617070 0.1577717 0.1501221 0.2014656 0.1672770 0.1646741 0.1728767 0.1638073 0.1326874 0.1626230 0.1396399 0.1705290 0.1595434 0.1584473 0.1574940 0.1516706 0.1865604 0.1613789 0.1927638 0.1551551 0.1586316 0.1598615 0.1666590 0.1344075 0.1254678 0.1821512 0.1555925 0.1245905 
S0376      0.0758426 0.1455561 0.0871982 0.1464088 0.1423530 0.0842312 0.0964303 0.1142692 0.1498605 0.1156754 0.1591236 0.1434973 0.1450914 0.1596423 0.1047010 0.1026900 0.1338071 0.0000000 0.0858340 0.0804634 0.1222432 0.1036189 0.1042764 0.0801224 0.0377565 0.1100469 0.1236027 0.1055382 0.1427462 0.0996164 0.1129350 0.1199784 0.1321406 0.0686591 0.0817600 0.1015732 0.1311105 0.2221767 0.1297515 0.1268891 0.1003377 0.0816393 0.0841581 0.0913802 0.0837716 0.0812757 0.0976503 0.1286027 0.1377361 0.0770187 0.1152488 0.0957743 0.1179254 0.0999824 0.1064562 0.1998821 0.1150693 0.1564800 0.1133686 0.1673237 0.1955649 0.2078749 0.0798209 0.2057975 0.1338737 0.1405267 0.1180331 0.1545778 0.0827363 0.2089679 0.0842261 0.0940424 0.1110146 0.0755925 0.1178970 0.1245167 0.1212914 0.0562901 0.1921975 0.1493405 0.0836950 0.1452695 0.0923363 0.0867093 0.0897273 0.1009018 0.1006702 0.0808712 0.1483309 0.0957906 0.1034553 0.1400053 0.1023656 0.0783581 0.1208110 0.1051028 0.1264024 0.0760824 0.0958195 0.0935607 0.0885442 0.1473390 0.0897200 0.1414213 0.0962465 0.0959970 0.1289339 0.1190716 0.1024790 0.0880439 0.1196043 0.0437792 0.0871731 
S0400      0.0754558 0.1438283 0.0237899 0.1325658 0.1367102 0.0798701 0.0330571 0.0593463 0.1291992 0.1128686 0.1511067 0.1428861 0.1573799 0.1639308 0.1034874 0.1011596 0.1518933 0.0858340 0.0000000 0.0271965 0.1179961 0.0958179 0.0921312 0.0834495 0.0807965 0.0949890 0.1273626 0.1023962 0.1319476 0.0426969 0.0615270 0.1158146 0.1157702 0.0632984 0.0213747 0.1062203 0.1228331 0.2053366 0.1153947 0.1225840 0.1010540 0.0294558 0.0891021 0.0272339 0.0847275 0.0861511 0.0984892 0.1152309 0.1332199 0.0707766 0.1123239 0.0873631 0.1111607 0.0467632 0.1105515 0.1816947 0.1117359 0.1526157 0.1124783 0.1585086 0.1850359 0.1885529 0.0820165 0.1875555 0.1116240 0.1299196 0.1118848 0.1509397 0.0689072 0.1920502 0.0190261 0.0804537 0.0993694 0.0678005 0.1102984 0.1237588 0.1114882 0.0451432 0.1956108 0.1378133 0.0259185 0.1438028 0.0821627 0.0189871 0.0283381 0.0793306 0.0966329 0.0665946 0.1391289 0.0896836 0.0905802 0.1174910 0.0845018 0.0805632 0.1081061 0.1119781 0.1196121 0.0224192 0.0915146 0.0892529 0.0354148 0.1302963 0.0614336 0.1306992 0.0933330 0.0958093 0.1221372 0.1041238 0.0885994 0.0820309 0.1279827 0.0931992 0.0790467 
S0405      0.0802568 0.1438041 0.0332232 0.1375453 0.1334089 0.0849497 0.0429989 0.0591685 0.1321649 0.1157711 0.1472218 0.1394367 0.1631223 0.1763255 0.1102906 0.1054340 0.1529061 0.0804634 0.0271965 0.0000000 0.1206987 0.0995314 0.0959546 0.0860238 0.0848392 0.1032552 0.1304646 0.1035873 0.1331658 0.0438000 0.0648055 0.1199626 0.1213726 0.0577146 0.0236210 0.1017875 0.1257140 0.2038281 0.1268171 0.1254347 0.1007733 0.0317147 0.0902035 0.0318490 0.0858449 0.0872523 0.0968478 0.1251944 0.1281250 0.0732191 0.1164509 0.0881615 0.1179669 0.0515635 0.1131533 0.1852396 0.1173376 0.1459238 0.1134719 0.1579498 0.1827049 0.1921307 0.0831187 0.1895103 0.1216271 0.1325498 0.1128234 0.1443335 0.0673981 0.1962360 0.0282913 0.0830237 0.1061324 0.0686130 0.1113126 0.1250864 0.1140800 0.0525469 0.2036455 0.1387242 0.0212487 0.1403597 0.0886876 0.0294123 0.0236644 0.0843071 0.0962517 0.0702988 0.1402182 0.0933606 0.0999525 0.1229436 0.0871271 0.0816816 0.1178639 0.1145837 0.1237746 0.0293419 0.0953006 0.0900335 0.0388427 0.1309342 0.0625376 0.1423986 0.0929317 0.1010522 0.1325196 0.0982116 0.0907406 0.0817408 0.1281798 0.0930894 0.0827069 
S0407sl    0.1191196 0.1775514 0.1265139 0.1389734 0.0773996 0.1100096 0.1306441 0.1440084 0.0963111 0.1423269 0.1802020 0.0919499 0.1659995 0.1189406 0.1440243 0.1458288 0.1661638 0.1222432 0.1179961 0.1206987 0.0000000 0.1485948 0.0406216 0.1194202 0.1113423 0.0747025 0.1486037 0.0731321 0.0831909 0.1322545 0.1682072 0.0678649 0.0963134 0.1102201 0.1148310 0.1432855 0.1502189 0.2250422 0.1757749 0.1440560 0.1437225 0.1187834 0.1267787 0.1219951 0.1239434 0.1235158 0.1420767 0.0901390 0.1532011 0.0487993 0.0783917 0.1106892 0.1388205 0.1448404 0.1429926 0.2197047 0.1681070 0.1799258 0.1337477 0.1729054 0.2001768 0.2195756 0.1218613 0.2167826 0.1040088 0.1647767 0.1454527 0.1744947 0.1213121 0.2265287 0.1191968 0.1365199 0.0573901 0.0433361 0.0847363 0.1454508 0.0666377 0.1033270 0.2099141 0.1583835 0.1228390 0.1676785 0.1094211 0.1203120 0.1249040 0.1256539 0.1154630 0.1222785 0.1077190 0.1216324 0.1238938 0.0784050 0.1394285 0.1224799 0.0257169 0.1475551 0.0956510 0.1228183 0.1189139 0.1330262 0.1306735 0.0875059 0.1331555 0.0883099 0.1336083 0.1342066 0.1040213 0.1406427 0.1119067 0.1212658 0.1806476 0.1257834 0.1043805 
S0412sl    0.1035936 0.1791056 0.1014157 0.1402384 0.1608403 0.1076145 0.1110289 0.1255958 0.1708707 0.1299928 0.1740577 0.1673974 0.1733994 0.1804395 0.1386960 0.1264797 0.1711792 0.1036189 0.0958179 0.0995314 0.1485948 0.0000000 0.1189465 0.1139098 0.1011511 0.1207017 0.1482951 0.1291714 0.1623380 0.1040071 0.1389620 0.1546749 0.1500820 0.0817308 0.0954460 0.1417380 0.1444365 0.2243874 0.1388272 0.1416778 0.1285376 0.0925040 0.1168956 0.1010680 0.1110769 0.1150848 0.1381984 0.1415985 0.1537628 0.0970310 0.1302693 0.1210011 0.1405070 0.1198865 0.1431425 0.2030328 0.1422901 0.1858056 0.1378912 0.1920382 0.2088889 0.1996900 0.1106846 0.2064320 0.1513220 0.1422430 0.1418693 0.1819162 0.1025692 0.2078083 0.0955125 0.1201184 0.1397899 0.0966780 0.1351987 0.1438982 0.1513993 0.0566299 0.2191317 0.1580577 0.0963359 0.1661702 0.1143962 0.0993765 0.0995232 0.1106269 0.1284581 0.0975477 0.1660107 0.1265114 0.1338426 0.1552981 0.1202740 0.1067147 0.1318123 0.1446601 0.1563226 0.0937484 0.1201963 0.1305658 0.0995812 0.1563082 0.1075911 0.1584826 0.1277737 0.1348076 0.1656997 0.1375516 0.1280377 0.1198587 0.1688364 0.1171269 0.1201004 
S0417      0.0900224 0.1457276 0.1006263 0.1252556 0.0570562 0.0783841 0.1066701 0.1115205 0.0752418 0.1082050 0.1413673 0.0712518 0.1363406 0.0893337 0.1122281 0.1174133 0.1453434 0.1042764 0.0921312 0.0959546 0.0406216 0.1189465 0.0000000 0.0953947 0.0914898 0.0522459 0.1184658 0.0459054 0.0573534 0.1021751 0.1091795 0.0422977 0.0733599 0.0903370 0.0887491 0.1155675 0.1222957 0.1896217 0.1527614 0.1130004 0.1118282 0.0929495 0.0999581 0.0945186 0.0966509 0.0967184 0.1150901 0.0659871 0.1165276 0.0288161 0.0551566 0.0851916 0.1051106 0.1226684 0.1078221 0.1823563 0.1428530 0.1470546 0.1024862 0.1511960 0.1678358 0.1824868 0.0950810 0.1861254 0.0832204 0.1415878 0.1169024 0.1419349 0.0928328 0.1929976 0.0947552 0.1047011 0.0303517 0.0233182 0.0645175 0.1151567 0.0436257 0.0468983 0.1747233 0.1243852 0.0955278 0.1305604 0.0835714 0.0959524 0.1005958 0.0958733 0.0948020 0.0934815 0.0834207 0.0931170 0.0925729 0.0581807 0.1075435 0.0952854 0.0381473 0.1123654 0.0742397 0.0971464 0.0889317 0.0987593 0.0988416 0.0680791 0.1064595 0.0718503 0.0978939 0.0995699 0.0768656 0.1140131 0.0910547 0.0913965 0.1333312 0.1051536 0.0848865 
S0419      0.0101223 0.0871840 0.0931875 0.1333270 0.1370012 0.0784203 0.1026797 0.1103366 0.1427742 0.1024506 0.1421097 0.1458510 0.1393489 0.1546406 0.0984652 0.0927425 0.1262996 0.0801224 0.0834495 0.0860238 0.1194202 0.1139098 0.0953947 0.0000000 0.0752280 0.1014992 0.1004675 0.1086419 0.1369267 0.0979937 0.1165256 0.1129341 0.1236627 0.0827537 0.0820458 0.0441183 0.1161282 0.2154244 0.1410048 0.1146866 0.1030536 0.0843959 0.0155355 0.0900192 0.0156964 0.0132500 0.0393713 0.1249541 0.1115674 0.0683578 0.1109328 0.0745370 0.0949714 0.1071717 0.0474524 0.1925774 0.1078341 0.1321233 0.1016771 0.1404296 0.1637452 0.1987640 0.0121117 0.1951596 0.1291833 0.1335863 0.0973848 0.1291425 0.0813321 0.2023586 0.0803883 0.0982309 0.1043420 0.0656255 0.1121772 0.1157049 0.1119101 0.0673658 0.1921286 0.1356894 0.0882611 0.1190144 0.0891667 0.0854997 0.0913910 0.1008145 0.0988272 0.0847115 0.1477490 0.0961605 0.0961275 0.1305519 0.1054450 0.0179872 0.1109001 0.0486741 0.1242710 0.0803670 0.0936172 0.0846920 0.0968931 0.1416816 0.0965578 0.1339158 0.0913280 0.0920824 0.1193431 0.0873729 0.0835016 0.0590162 0.1152814 0.0858714 0.0703670 
S0427      0.0690037 0.1400475 0.0889799 0.1407629 0.1326474 0.0807385 0.0923923 0.1101071 0.1363885 0.1080392 0.1535676 0.1320717 0.1408279 0.1517431 0.1005407 0.0967455 0.1373572 0.0377565 0.0807965 0.0848392 0.1113423 0.1011511 0.0914898 0.0752280 0.0000000 0.1076611 0.1214677 0.1005441 0.1298775 0.0946175 0.1070990 0.1148694 0.1196285 0.0699083 0.0834371 0.0992887 0.1250011 0.2172670 0.1351272 0.1207681 0.0962419 0.0793110 0.0792384 0.0903965 0.0761284 0.0763841 0.0908998 0.1176155 0.1252932 0.0687471 0.1024974 0.0880605 0.1106319 0.1031085 0.0983484 0.1940602 0.1108419 0.1484284 0.1084308 0.1644355 0.1891624 0.2019879 0.0749445 0.1983490 0.1306684 0.1361410 0.1154023 0.1465974 0.0831138 0.1988057 0.0832343 0.0944761 0.0989355 0.0687414 0.1084352 0.1217820 0.1077078 0.0415148 0.1788590 0.1228452 0.0867726 0.1330063 0.0860016 0.0843232 0.0888081 0.0973391 0.0984006 0.0838757 0.1399802 0.0933647 0.0998406 0.1216194 0.1027954 0.0733901 0.1099857 0.0997300 0.1224602 0.0804825 0.0964932 0.0867816 0.0901915 0.1403263 0.0914129 0.1257213 0.0925193 0.0963664 0.1246394 0.1148255 0.0946976 0.0831107 0.1157271 0.0390590 0.0848066 
S0428sl    0.1030063 0.1600240 0.1016633 0.1387649 0.0965128 0.0956739 0.1170437 0.1232611 0.1038790 0.1132519 0.1593446 0.0955348 0.1546923 0.0930584 0.1197188 0.1149508 0.1503835 0.1100469 0.0949890 0.1032552 0.0747025 0.1207017 0.0522459 0.1014992 0.1076611 0.0000000 0.1294106 0.0733151 0.0928022 0.1134957 0.1345561 0.0763242 0.0963363 0.0983312 0.0975993 0.1281068 0.1318620 0.2120979 0.1622546 0.1273524 0.1274513 0.1016616 0.1105710 0.1049003 0.1056285 0.1072708 0.1228515 0.0814959 0.1222520 0.0463600 0.0886651 0.0948916 0.1082405 0.1202060 0.1266182 0.1987350 0.1452868 0.1496566 0.1178811 0.1658220 0.1919607 0.1980721 0.1056007 0.2028730 0.1100656 0.1473997 0.1226642 0.1445551 0.1061573 0.2102489 0.1003934 0.1197514 0.0554161 0.0417527 0.0840248 0.1344641 0.0764432 0.0801142 0.1695107 0.1343437 0.1041736 0.1411670 0.1042020 0.0986889 0.1093046 0.1043165 0.1104972 0.1023979 0.1103087 0.1091287 0.1113636 0.0884240 0.1212107 0.1043954 0.0624152 0.1312878 0.0915597 0.1014009 0.1050986 0.1060208 0.1047380 0.0937827 0.1184881 0.1082435 0.1060432 0.1145661 0.1140681 0.1180175 0.0935837 0.0938887 0.1327329 0.1182717 0.0906895 
S0430      0.0949724 0.1600049 0.1328156 0.0154168 0.1754362 0.1371779 0.1438531 0.1519187 0.1706560 0.0288068 0.1028050 0.1714830 0.0533323 0.1797865 0.1452193 0.1344055 0.0301851 0.1236027 0.1273626 0.1304646 0.1486037 0.1482951 0.1184658 0.1004675 0.1214677 0.1294106 0.0000000 0.1496345 0.1698175 0.1404651 0.1567617 0.1427212 0.1524590 0.1082059 0.1252402 0.1237690 0.0293898 0.2478105 0.1587904 0.0230127 0.1351442 0.1191068 0.1029024 0.1432397 0.1042484 0.1063147 0.1321734 0.1439795 0.0748993 0.1052690 0.1222534 0.1161355 0.0708320 0.1519520 0.1128992 0.2073019 0.1382499 0.1201296 0.0892661 0.1937524 0.2320916 0.2173906 0.1040485 0.2189796 0.1602827 0.1562495 0.1541261 0.1196180 0.1377142 0.2206599 0.1232295 0.1547586 0.1488219 0.1028014 0.1472099 0.0280881 0.1591302 0.1191078 0.0000010 0.0410938 0.1338729 0.0910252 0.1423127 0.1310877 0.1320665 0.1424562 0.1372599 0.1366354 0.1790708 0.1533601 0.1511725 0.1547252 0.1498173 0.1093305 0.1462057 0.1128992 0.1566705 0.1288025 0.1401363 0.1430770 0.1227692 0.1678011 0.1420876 0.1543096 0.1318145 0.1351319 0.1437536 0.1488922 0.1201005 0.0990295 0.1673188 0.1396111 0.1112253 
S0478      0.1022773 0.1726973 0.1105187 0.1537917 0.0826378 0.0990385 0.1177010 0.1314843 0.1105089 0.1398708 0.1678553 0.0971242 0.1808896 0.1148812 0.1323465 0.1210885 0.1721292 0.1055382 0.1023962 0.1035873 0.0731321 0.1291714 0.0459054 0.1086419 0.1005441 0.0733151 0.1496345 0.0000000 0.0929043 0.1177322 0.1434939 0.0710618 0.0837805 0.0999380 0.1034677 0.1280000 0.1569462 0.2111550 0.1629224 0.1464762 0.1337687 0.1045155 0.1145785 0.1077363 0.1100464 0.1114020 0.1292828 0.0913484 0.1438444 0.0451592 0.0791375 0.1053739 0.1389927 0.1316425 0.1329897 0.1931165 0.1446699 0.1818255 0.1387260 0.1779668 0.1995108 0.1932624 0.1070187 0.1992221 0.0846224 0.1570070 0.1374964 0.1763528 0.1129556 0.2081399 0.1077340 0.1117035 0.0613874 0.0397024 0.0797722 0.1521632 0.0708015 0.0634359 0.2154203 0.1621623 0.1099851 0.1617086 0.1042826 0.1074838 0.1119465 0.1129077 0.1116548 0.1022691 0.1051749 0.1118068 0.1124351 0.0890583 0.1230477 0.1088325 0.0719275 0.1345445 0.0890590 0.1071103 0.1062992 0.1234916 0.1161995 0.1022059 0.1188519 0.0956074 0.1207590 0.1242669 0.0958770 0.1314572 0.1039591 0.1076958 0.1694386 0.1134400 0.0978128 
S0624      0.1252937 0.1849136 0.1390451 0.1380856 0.1016173 0.1250529 0.1488291 0.1515524 0.1081270 0.1496182 0.1924622 0.1065910 0.1720506 0.1359957 0.1593224 0.1635982 0.1804370 0.1427462 0.1319476 0.1331658 0.0831909 0.1623380 0.0573534 0.1369267 0.1298775 0.0928022 0.1698175 0.0929043 0.0000000 0.1403087 0.1633866 0.0832892 0.1096864 0.1227547 0.1300603 0.1564973 0.1530526 0.2320047 0.1960171 0.1532782 0.1475393 0.1311345 0.1416944 0.1360731 0.1371364 0.1382365 0.1565393 0.0981132 0.1614705 0.0718397 0.0919731 0.1243084 0.1521979 0.1598606 0.1466734 0.2197363 0.1813189 0.1870190 0.1375010 0.2145845 0.2411752 0.2272886 0.1364812 0.2259826 0.1171938 0.1805676 0.1556390 0.1813595 0.1354708 0.2354215 0.1341715 0.1474773 0.0657943 0.0658915 0.1111202 0.1528428 0.0515333 0.0880836 0.1927071 0.1646235 0.1383436 0.1796832 0.1265274 0.1357480 0.1405687 0.1372056 0.1405743 0.1287142 0.1139189 0.1401868 0.1441763 0.0778340 0.1636820 0.1343652 0.0832965 0.1513261 0.1157772 0.1368679 0.1320072 0.1451304 0.1406331 0.0934541 0.1450606 0.1113286 0.1471779 0.1490906 0.1053658 0.1598658 0.1271261 0.1308336 0.1852001 0.1459490 0.1176522 
S0641      0.0891139 0.1536431 0.0465494 0.1511829 0.1425453 0.0919286 0.0609512 0.0744809 0.1506231 0.1324055 0.1618700 0.1579095 0.1771177 0.1663510 0.1230963 0.1128915 0.1679721 0.0996164 0.0426969 0.0438000 0.1322545 0.1040071 0.1021751 0.0979937 0.0946175 0.1134957 0.1404651 0.1177322 0.1403087 0.0000000 0.0924304 0.1302522 0.1342355 0.0728007 0.0413391 0.1168953 0.1405033 0.2225470 0.1303758 0.1359001 0.1180930 0.0376928 0.1009351 0.0449757 0.0963367 0.0992326 0.1091174 0.1306440 0.1486273 0.0877210 0.1207126 0.1033892 0.1295950 0.0680540 0.1240117 0.1973765 0.1369529 0.1583575 0.1230762 0.1761513 0.1988674 0.2055283 0.0949992 0.2033096 0.1283437 0.1405132 0.1169353 0.1597505 0.0806924 0.2104965 0.0437901 0.0926078 0.1131694 0.0830677 0.1257737 0.1401157 0.1281424 0.0634089 0.2168575 0.1585594 0.0435932 0.1564438 0.0999664 0.0449374 0.0450472 0.0911880 0.1119805 0.0768940 0.1493422 0.1076021 0.1087592 0.1332379 0.1024022 0.0922406 0.1280093 0.1254638 0.1355299 0.0448156 0.1065612 0.1015184 0.0461948 0.1494728 0.0755144 0.1510013 0.1071411 0.1063809 0.1399866 0.1162230 0.1074290 0.0937984 0.1327800 0.1086416 0.0988473 
S0643      0.1093791 0.1891043 0.0776180 0.9304729 0.2005757 0.1076930 0.0821262 0.1061940 0.1791553 0.1475998 0.1723118 0.1886688 0.1897580 0.1840938 0.1625289 0.1459971 0.1515201 0.1129350 0.0615270 0.0648055 0.1682072 0.1389620 0.1091795 0.1165256 0.1070990 0.1345561 0.1567617 0.1434939 0.1633866 0.0924304 0.0000000 0.1544894 0.1709916 0.0934459 0.0677281 0.1421487 0.1465956 0.2281571 0.1380067 0.1554755 0.1313866 0.0675416 0.1169833 0.0808772 0.1172257 0.1200241 0.1357248 0.1834537 0.1495879 0.1384331 0.1439299 0.1289155 0.1536631 0.0840801 0.1372736 0.1887676 0.1333030 0.1686143 0.1454642 0.1875812 0.2280209 0.1928305 0.1067080 0.2040490 0.1845305 0.1815564 0.1526412 0.1765088 0.0966879 0.2114019 0.0640959 0.1382984 0.1387492 0.1282113 0.1784036 0.1528842 0.1540423 0.0603787 0.0000010 0.1156457 0.0706420 0.1648715 0.0938089 0.0701691 0.0612098 0.1314558 0.1288982 0.0811190 0.1600975 0.1143058 0.1190235 0.1630268 0.1303993 0.1084448 0.1540349 0.1372736 0.1739738 0.0668234 0.1167168 0.1397964 0.0730510 0.1789337 0.1125308 0.1541269 0.1502801 0.1620362 0.1612985 0.1348401 0.1357559 0.1244115 0.1639645 0.1286040 0.1104305 
S0645sl    0.1103969 0.1657031 0.1259128 0.1544583 0.0764030 0.1034072 0.1329152 0.1428309 0.1027531 0.1379591 0.1755961 0.0916554 0.1757543 0.1020944 0.1344179 0.1347321 0.1694887 0.1199784 0.1158146 0.1199626 0.0678649 0.1546749 0.0422977 0.1129341 0.1148694 0.0763242 0.1427212 0.0710618 0.0832892 0.1302522 0.1544894 0.0000000 0.0831768 0.1141411 0.1154343 0.1366562 0.1517730 0.2116764 0.1662387 0.1398363 0.1379354 0.1194924 0.1173997 0.1213731 0.1159460 0.1141999 0.1310548 0.0906310 0.1397877 0.0424266 0.0759220 0.1072402 0.1319712 0.1444697 0.1263208 0.2135952 0.1599146 0.1711098 0.1290705 0.1755936 0.2048624 0.2159358 0.1125788 0.2095119 0.0998425 0.1636621 0.1435787 0.1658198 0.1162800 0.2190810 0.1199653 0.1316071 0.0499333 0.0369997 0.0798894 0.1470041 0.0590936 0.0836615 0.2065804 0.1549727 0.1236291 0.1555105 0.1076910 0.1210865 0.1239210 0.1129891 0.1092248 0.1171443 0.1041998 0.1163066 0.1202138 0.0721175 0.1390208 0.1144960 0.0602236 0.1307400 0.1010352 0.1222029 0.1140721 0.1191921 0.1300936 0.0983696 0.1330918 0.0936166 0.1224849 0.1233605 0.0888192 0.1391222 0.1056931 0.1116507 0.1486843 0.1282199 0.0955239 
S0656sl    0.1225924 0.1839233 0.1226705 0.1432995 0.1065216 0.1103855 0.1340557 0.1536155 0.1266575 0.1401775 0.1883879 0.1221725 0.1939042 0.1642707 0.1452547 0.1438448 0.1829321 0.1321406 0.1157702 0.1213726 0.0963134 0.1500820 0.0733599 0.1236627 0.1196285 0.0963363 0.1524590 0.0837805 0.1096864 0.1342355 0.1709916 0.0831768 0.0000000 0.1262623 0.1212884 0.1436955 0.1574326 0.2261447 0.1662891 0.1546497 0.1426304 0.1251969 0.1298322 0.1257299 0.1206257 0.1265064 0.1451604 0.0779434 0.1560960 0.0615166 0.0548939 0.1146134 0.1403340 0.1492150 0.1459693 0.2145612 0.1581678 0.1917382 0.1460417 0.1880084 0.2095751 0.2186583 0.1232682 0.2124998 0.0965105 0.1673384 0.1566954 0.1860368 0.1361580 0.2212656 0.1223502 0.1315898 0.0801040 0.0598477 0.1004804 0.1524513 0.0828304 0.1003335 0.2161493 0.1922332 0.1250438 0.1721743 0.1163558 0.1254327 0.1180417 0.1220461 0.1224357 0.1277158 0.0896928 0.1221777 0.1278501 0.0941378 0.1402860 0.1224352 0.0882606 0.1505975 0.1092919 0.1249878 0.1211411 0.1265008 0.1344562 0.1171733 0.1345726 0.0766101 0.1315579 0.1383662 0.1180318 0.1421030 0.1144952 0.1283694 0.1848398 0.1311294 0.1054167 
S0689      0.0795557 0.1343363 0.0702402 0.1238748 0.1280428 0.0792575 0.0741610 0.0888553 0.1307582 0.0995285 0.1364345 0.1311317 0.1335172 0.1596721 0.1035718 0.1139248 0.1331327 0.0686591 0.0632984 0.0577146 0.1102201 0.0817308 0.0903370 0.0827537 0.0699083 0.0983312 0.1082059 0.0999380 0.1227547 0.0728007 0.0934459 0.1141411 0.1262623 0.0000000 0.0588638 0.0981185 0.1151280 0.1584635 0.0990874 0.1088455 0.0922428 0.0590345 0.0856058 0.0686331 0.0880964 0.0839870 0.1000660 0.1129113 0.1187930 0.0685067 0.1005883 0.0865177 0.1008999 0.0888474 0.1127566 0.1493087 0.1001101 0.1370363 0.1027978 0.1584551 0.1810380 0.1490393 0.0839011 0.1451742 0.1207484 0.1165886 0.1203796 0.1359555 0.0674257 0.1580459 0.0631573 0.0859911 0.1013760 0.0653473 0.1010662 0.1113634 0.1102462 0.0326738 0.1938297 0.1433927 0.0629200 0.1271173 0.0836348 0.0643150 0.0632026 0.0798826 0.0894818 0.0701538 0.1277214 0.0895699 0.0923496 0.1181954 0.0946340 0.0822944 0.1088745 0.1157775 0.1054771 0.0670023 0.0944052 0.0916701 0.0687062 0.1259972 0.0808971 0.1345310 0.0974544 0.0971986 0.1144920 0.1033150 0.0880386 0.0770752 0.1211606 0.0827046 0.0836198 
S0690      0.0739700 0.1436984 0.0272947 0.1346882 0.1362523 0.0767526 0.0330699 0.0528790 0.1317542 0.1155924 0.1506409 0.1439360 0.1660263 0.1657996 0.1074571 0.0992169 0.1485274 0.0817600 0.0213747 0.0236210 0.1148310 0.0954460 0.0887491 0.0820458 0.0834371 0.0975993 0.1252402 0.1034677 0.1300603 0.0413391 0.0677281 0.1154343 0.1212884 0.0588638 0.0000000 0.1058786 0.1242083 0.2151835 0.1254353 0.1239704 0.0992610 0.0281859 0.0875057 0.0213527 0.0816865 0.0845755 0.0981730 0.1178760 0.1297864 0.0690579 0.1134928 0.0883747 0.1151014 0.0478215 0.1060246 0.1893460 0.1144902 0.1537295 0.1136772 0.1609630 0.1857721 0.1984868 0.0804659 0.1952382 0.1129194 0.1321777 0.1100006 0.1520436 0.0608053 0.1998716 0.0190403 0.0830229 0.0977034 0.0661610 0.1127513 0.1221891 0.1097405 0.0452869 0.1929677 0.1439620 0.0223709 0.1420176 0.0804308 0.0224317 0.0271212 0.0790279 0.0920499 0.0663421 0.1356273 0.0893736 0.0902272 0.1199834 0.0844405 0.0762319 0.1078497 0.1074357 0.1178046 0.0212412 0.0911313 0.0915903 0.0341056 0.1328251 0.0637760 0.1318128 0.0930101 0.0955063 0.1206100 0.1024228 0.0923155 0.0777400 0.1292231 0.0930915 0.0826833 
