100
PAFTOL_019361 0.0000000 0.3154447 0.2359361 0.3651254 0.3202708 0.3795828 0.3231430 0.2518821 0.3683656 0.3662906 0.3522466 0.4084101 0.3115582 0.2931446 0.3377920 0.3795429 0.3054247 0.3768013 0.2864093 0.3417233 0.3384307 0.2975852 0.3496762 0.3860493 0.3646431 0.2251411 0.4155497 0.4006384 0.2798991 0.2481408 0.3086722 0.3481704 0.3487592 0.3210295 0.2859420 0.3132009 0.3338703 0.3533969 0.3343977 0.3459575 0.2789240 0.3935569 0.3071539 0.3370699 0.3099600 0.2985091 0.3015182 0.3143963 0.3226810 0.2883549 0.3072314 0.3258860 0.3508720 0.3035966 0.2882608 0.3115838 0.3147702 0.2971091 0.3808325 0.3308414 0.3558185 0.3675439 0.3804695 0.3360489 0.2607409 0.3126818 0.3376801 0.3323356 0.3069962 0.3285071 0.3337791 0.2943423 0.3017673 0.3449375 0.3347946 0.3113312 0.3599383 0.3127888 0.2791469 0.3773318 0.3315787 0.3622024 0.3118574 0.3178102 0.3215502 0.3192566 0.3889929 0.3223875 0.3640703 0.3139464 0.3128281 0.3068740 0.3591227 0.3057358 0.2962801 0.3705542 0.3102211 0.3327825 0.3362842 0.3072269 
S0055         0.3154447 0.0000000 0.0639976 0.1038914 0.0702295 0.1363812 0.0694064 0.0491746 0.1293419 0.1557392 0.1107998 0.1572364 0.0943130 0.0663799 0.0886621 0.1408768 0.1250211 0.1288816 0.0731081 0.1026496 0.1690266 0.0954880 0.1229255 0.1461653 0.0807202 0.0504162 0.1652530 0.1274512 0.0673857 0.0485561 0.2021624 0.1184830 0.1175639 0.0670942 0.0730299 0.0985007 0.1101144 0.1297666 0.1059212 0.1145901 0.0669772 0.1221149 0.1025982 0.1118497 0.1180871 0.0906039 0.0820190 0.0920331 0.2042025 0.0867069 0.1912121 0.0794691 0.0907392 0.0791194 0.1769364 0.0664188 0.0770182 0.0770205 0.1364630 0.1186170 0.1215794 0.1368603 0.1362116 0.0946372 0.1210962 0.0664719 0.1131603 0.1120873 0.0693459 0.0796675 0.0739793 0.0379745 0.0501638 0.1714372 0.0860600 0.0700333 0.1313350 0.0667605 0.0699907 0.1434530 0.1046669 0.1452319 0.0760345 0.0899490 0.0869014 0.0701032 0.1389221 0.0629827 0.1685280 0.0736096 0.0898449 0.0768165 0.1252921 0.0980838 0.0702375 0.1372943 0.0694917 0.1121926 0.0878686 0.0703101 
S0196sl       0.2359361 0.0639976 0.0000000 0.0720323 0.0631851 0.0954632 0.0637034 0.0656843 0.1222120 0.1243497 0.0905759 0.1285946 0.0728535 0.0588156 0.0904054 0.0775179 0.0644110 0.0953970 0.0074351 0.0933568 0.1371181 0.0645588 0.0910601 0.0989570 0.0865407 0.0576580 0.1248374 0.1177292 0.0557957 0.0588038 0.2057983 0.0729341 0.1103610 0.0594625 0.0074263 0.0603266 0.0399481 0.0985767 0.0861549 0.0949691 0.0427248 0.1028144 0.0647868 0.0596322 0.1053343 0.0675707 0.0523077 0.0608103 0.2225230 0.0188049 0.2051745 0.0684180 0.0849629 0.0588510 0.1874208 0.0586863 0.0679397 0.0636679 0.0902349 0.0875200 0.1103610 0.1030971 0.1095407 0.1009828 0.1086587 0.0630902 0.0957452 0.0947958 0.0594241 0.0760079 0.0638802 0.0633791 0.0459044 0.1321794 0.0828613 0.0555671 0.0950258 0.0465634 0.0074294 0.0859488 0.0554005 0.1227336 0.0713132 0.0677975 0.0677567 0.0594206 0.0948593 0.0547224 0.1124575 0.0639973 0.0718177 0.0595624 0.1007241 0.0547586 0.0466637 0.1151511 0.0380219 0.1000619 0.0822646 0.0512541 
S0281         0.3651254 0.1038914 0.0720323 0.0000000 0.1130110 0.1506132 0.1067581 0.1076230 0.1758500 0.1864352 0.1392917 0.1679167 0.0902068 0.1122433 0.1332101 0.1474311 0.1586028 0.1592871 0.0897234 0.1423737 0.1945579 0.0865070 0.1567467 0.1564652 0.1285132 0.1041414 0.1600347 0.1672721 0.1128627 0.0960040 0.2329396 0.1328484 0.1358958 0.1134908 0.0862085 0.1002275 0.1051513 0.1513726 0.1303898 0.1521512 0.0942538 0.1286839 0.0935492 0.1150699 0.1675644 0.1043371 0.0835499 0.0869539 0.2207887 0.1038037 0.2166224 0.1109480 0.1098180 0.0957642 0.2075711 0.1123185 0.1244288 0.1080416 0.1554752 0.1368116 0.1400910 0.1579033 0.1598794 0.1160146 0.1259370 0.1123934 0.1228906 0.1216720 0.0996346 0.1266774 0.1211194 0.0891419 0.0956572 0.1762027 0.1185748 0.1002937 0.1531382 0.1025074 0.0896706 0.1463446 0.1078598 0.1727080 0.1225571 0.1070787 0.0928835 0.1026603 0.1570360 0.1024419 0.1901979 0.1194978 0.0858454 0.0794813 0.1461316 0.1154684 0.0976928 0.1584478 0.0821975 0.1148909 0.1216326 0.0973597 
S0282         0.3202708 0.0702295 0.0631851 0.1130110 0.0000000 0.1275308 0.0968869 0.0195519 0.1279636 0.1460491 0.1165886 0.1357935 0.0963295 0.0168344 0.0515506 0.1392122 0.1136409 0.1197933 0.0824537 0.1277110 0.1398552 0.0829644 0.1289840 0.1404985 0.0567221 0.0238456 0.1590594 0.1592163 0.0913805 0.0104375 0.2111287 0.1282154 0.1338990 0.0286835 0.0823643 0.0826950 0.1087689 0.1346318 0.0978120 0.1309555 0.0831830 0.1277577 0.0831167 0.1105895 0.1277140 0.0976370 0.0700645 0.0798800 0.2130718 0.0962253 0.2001302 0.0965669 0.0761223 0.1062131 0.1783947 0.0168424 0.0596905 0.0966167 0.1273916 0.1253207 0.1381164 0.1416313 0.1467674 0.1018208 0.1265391 0.0284348 0.1001990 0.1211489 0.0967916 0.0284770 0.0347712 0.0661625 0.0590207 0.1680503 0.1083677 0.1046530 0.1226826 0.0499974 0.0793213 0.1257812 0.1034998 0.1598195 0.0254523 0.1106505 0.1032135 0.0315382 0.1373045 0.0438825 0.1574020 0.0978230 0.0987298 0.0856942 0.1163201 0.0929364 0.0899889 0.1424756 0.0751409 0.1175014 0.1108393 0.0862868 
S0289         0.3795828 0.1363812 0.0954632 0.1506132 0.1275308 0.0000000 0.1199607 0.1215483 0.2066847 0.0589148 0.1347474 0.0640371 0.1201325 0.1236007 0.1671722 0.0403947 0.1377064 0.0352849 0.1002812 0.1828396 0.1023221 0.1181380 0.1685394 0.0489668 0.1690851 0.1077638 0.0718215 0.1065696 0.1258502 0.1124029 0.2480148 0.1436351 0.1448326 0.1396311 0.1042484 0.1479035 0.1332753 0.0954727 0.1178756 0.0901237 0.1018810 0.1397186 0.1259239 0.1468602 0.1745099 0.1185886 0.1106887 0.1260035 0.2401028 0.1227027 0.2358308 0.1125987 0.1441047 0.1114570 0.2178169 0.1308421 0.1474658 0.1051776 0.0383699 0.0807539 0.1491507 0.0951917 0.0589274 0.1390343 0.1210255 0.1237185 0.1227843 0.1279181 0.1124901 0.1461712 0.1479735 0.1347378 0.1115199 0.1155723 0.1083527 0.1136271 0.0432226 0.1275950 0.1003224 0.0342890 0.1391014 0.1185698 0.1340752 0.1160489 0.1073840 0.1312132 0.0339506 0.1268428 0.1206808 0.1278333 0.1043971 0.1059198 0.0803950 0.1162092 0.1053862 0.1772904 0.1067345 0.1304674 0.1674502 0.1014645 
S0292         0.3231430 0.0694064 0.0637034 0.1067581 0.0968869 0.1199607 0.0000000 0.0616964 0.1475696 0.1231492 0.1077664 0.1395140 0.0828371 0.0926227 0.1146719 0.1205595 0.1339689 0.1198538 0.0729329 0.1122971 0.1673134 0.0836776 0.1441332 0.1259224 0.0967880 0.0632624 0.1512727 0.1334606 0.0906699 0.0721583 0.2314855 0.1285339 0.1121866 0.0936426 0.0695586 0.1161203 0.1096080 0.1153745 0.1005583 0.1051966 0.0559737 0.1166093 0.0905198 0.1172158 0.1389813 0.0861186 0.0886282 0.0990186 0.2203967 0.0865019 0.2200362 0.0655212 0.1185657 0.0616542 0.2015938 0.0926817 0.1034164 0.0693994 0.1189031 0.1058361 0.1160964 0.1192076 0.1234507 0.1002429 0.1151800 0.0927490 0.0997702 0.0999732 0.0166932 0.1031137 0.1009825 0.0823091 0.0754664 0.1522050 0.0320468 0.0167516 0.1152417 0.0927939 0.0728900 0.1231801 0.1100569 0.1351972 0.1026997 0.0622294 0.0757441 0.0831689 0.1189324 0.0897831 0.1444525 0.0938352 0.0786382 0.0794040 0.1165914 0.1007314 0.0590975 0.1508230 0.0785754 0.1000690 0.1118417 0.0655409 
S0293         0.2518821 0.0491746 0.0656843 0.1076230 0.0195519 0.1215483 0.0616964 0.0000000 0.1016292 0.1370569 0.1054991 0.1305201 0.1002248 0.0155291 0.0592430 0.1061396 0.0964108 0.1060263 0.0757998 0.0903229 0.1341171 0.0895314 0.1114525 0.1251130 0.0623365 0.0283716 0.1384990 0.1176331 0.0679143 0.0155286 0.1968060 0.1010491 0.1263404 0.0234499 0.0756873 0.0755317 0.0973744 0.0972284 0.1006191 0.1005723 0.0573296 0.1180779 0.0898666 0.1036684 0.1053770 0.0899829 0.0719815 0.0810641 0.2080551 0.0849416 0.1961912 0.0896112 0.0704998 0.1083124 0.1599192 0.0154974 0.0620231 0.0850402 0.1100205 0.1016563 0.1263404 0.1014093 0.1372162 0.0958163 0.1289432 0.0357274 0.1005169 0.0998587 0.0618996 0.0316983 0.0361741 0.0580416 0.0483024 0.1384781 0.0866101 0.0711398 0.1152701 0.0443329 0.0714940 0.1108674 0.0988625 0.1342033 0.0274718 0.1091218 0.0993375 0.0314572 0.1207179 0.0401598 0.1216887 0.0860968 0.0939147 0.0856519 0.0994861 0.0887173 0.0614970 0.0835024 0.0703952 0.1247745 0.0950834 0.0573450 
S0294         0.3683656 0.1293419 0.1222120 0.1758500 0.1279636 0.2066847 0.1475696 0.1016292 0.0000000 0.2337180 0.1700731 0.2219906 0.1609915 0.1229664 0.1465454 0.2014303 0.1773783 0.1942680 0.1302828 0.1838941 0.1948164 0.1580339 0.1808511 0.2172170 0.1494061 0.0684994 0.2412041 0.2177353 0.1203441 0.0962446 0.2916354 0.1538967 0.1711851 0.1244238 0.1262768 0.1318693 0.1534717 0.1882725 0.1652194 0.1840227 0.1407554 0.1841228 0.1583789 0.1643877 0.1717056 0.1399468 0.1348929 0.1466420 0.2823466 0.1422203 0.2776954 0.1436261 0.1478529 0.1496860 0.2662139 0.1193401 0.1238950 0.1350387 0.2033103 0.1819572 0.1759369 0.1882869 0.2147990 0.1761678 0.1529365 0.1231382 0.1830727 0.1858854 0.1473873 0.1347205 0.1326989 0.1277488 0.1188621 0.2265943 0.1622839 0.1527941 0.2001006 0.1122048 0.1268037 0.2055373 0.1561233 0.2188232 0.1340495 0.1469190 0.1437459 0.1200191 0.2175838 0.1123709 0.2150387 0.1283998 0.1507958 0.1488501 0.1875591 0.1514076 0.1446430 0.1640221 0.1340382 0.1693436 0.1509691 0.1401104 
S0299         0.3662906 0.1557392 0.1243497 0.1864352 0.1460491 0.0589148 0.1231492 0.1370569 0.2337180 0.0000000 0.1500640 0.0812275 0.1302164 0.1455008 0.1843239 0.0684467 0.1802896 0.0540371 0.1179275 0.1996490 0.1175183 0.1440163 0.2020700 0.0707666 0.1844194 0.1335762 0.0884406 0.1250978 0.1525982 0.1312498 0.2661855 0.1715208 0.1686753 0.1666787 0.1221060 0.1713435 0.1602802 0.1139613 0.1395231 0.1131026 0.1190146 0.1701025 0.1518417 0.1621237 0.1946024 0.1295550 0.1365489 0.1527003 0.2578878 0.1379185 0.2535489 0.1336914 0.1677244 0.1286858 0.2167123 0.1416847 0.1698752 0.1188711 0.0604788 0.0903419 0.1732438 0.1205623 0.0687001 0.1582488 0.1377576 0.1536583 0.1414779 0.1459787 0.1301815 0.1572775 0.1755226 0.1613667 0.1222372 0.1339649 0.1299016 0.1239829 0.0589341 0.1495987 0.1179754 0.0681108 0.1541638 0.1254510 0.1526759 0.1300111 0.1246416 0.1577246 0.0616045 0.1618846 0.1351376 0.1472660 0.1324668 0.1266833 0.0940522 0.1535842 0.1225988 0.2050566 0.1315895 0.1485389 0.1835822 0.1185148 
S0308         0.3522466 0.1107998 0.0905759 0.1392917 0.1165886 0.1347474 0.1077664 0.1054991 0.1700731 0.1500640 0.0000000 0.1427367 0.1241681 0.1197771 0.1514642 0.1391758 0.1539749 0.1193182 0.0940489 0.1577314 0.1711571 0.1212641 0.1426909 0.1516062 0.1334448 0.1020066 0.1672384 0.1598940 0.1264391 0.0991625 0.2171879 0.1453295 0.0841146 0.1286955 0.0904661 0.1256151 0.1229308 0.1399280 0.1040845 0.1302565 0.0976855 0.1002735 0.1287696 0.1347465 0.1711268 0.0968912 0.1071445 0.1183104 0.2063239 0.1083911 0.2059749 0.1197532 0.1329936 0.1034627 0.1831404 0.1198616 0.1322355 0.1057908 0.1224110 0.1291974 0.0877448 0.1429518 0.1472190 0.1090835 0.0679869 0.1240696 0.1000948 0.1432144 0.1153822 0.1237445 0.1333001 0.1020502 0.0942902 0.1652935 0.1180948 0.1129479 0.1302045 0.1094024 0.0866921 0.1417311 0.1271937 0.1690715 0.1305389 0.1043306 0.1147857 0.1204763 0.1410584 0.1129632 0.1702506 0.1209877 0.1117840 0.1096527 0.1364607 0.1123190 0.1011443 0.1755554 0.0829721 0.1383289 0.1441326 0.0979184 
S0320         0.4084101 0.1572364 0.1285946 0.1679167 0.1357935 0.0640371 0.1395140 0.1305201 0.2219906 0.0812275 0.1427367 0.0000000 0.1470745 0.1352706 0.1687750 0.0743045 0.1792544 0.0628707 0.1182335 0.1982198 0.1411793 0.1580991 0.1783776 0.0769817 0.1830767 0.1337828 0.0853751 0.1172107 0.1575767 0.1307147 0.2786198 0.1680974 0.1624278 0.1512397 0.1225380 0.1780409 0.1619293 0.1341891 0.1255715 0.0989929 0.1353677 0.1525798 0.1584435 0.1521960 0.1989889 0.1378296 0.1341133 0.1548534 0.2697257 0.1422899 0.2651737 0.1428355 0.1525734 0.1380118 0.2362161 0.1392330 0.1690284 0.1316256 0.0731188 0.1035667 0.1670636 0.1264353 0.0883370 0.1521263 0.1508377 0.1472731 0.1307744 0.1393727 0.1393466 0.1552626 0.1614095 0.1475366 0.1300060 0.1531731 0.1327137 0.1329077 0.0607138 0.1476795 0.1182829 0.0676965 0.1441240 0.1399708 0.1425749 0.1431953 0.1366028 0.1423994 0.0765234 0.1557504 0.1496186 0.1472507 0.1335134 0.1393458 0.0902650 0.1500587 0.1391786 0.1645350 0.1250160 0.1537977 0.1904371 0.1347605 
S0335         0.3115582 0.0943130 0.0728535 0.0902068 0.0963295 0.1201325 0.0828371 0.1002248 0.1609915 0.1302164 0.1241681 0.1470745 0.0000000 0.0952065 0.1136555 0.1279339 0.1335535 0.1198558 0.0829456 0.1490581 0.1575076 0.0846210 0.1438228 0.1330518 0.1033363 0.0865075 0.1512630 0.1390694 0.0946999 0.0845141 0.2178902 0.1245485 0.1325561 0.1004990 0.0794860 0.0986314 0.1056098 0.1120338 0.1122164 0.1102869 0.0570462 0.1286330 0.0847794 0.1137872 0.1350524 0.1083359 0.0752172 0.0853868 0.2108257 0.0968271 0.2067918 0.0662499 0.1224856 0.0689083 0.1989422 0.0994623 0.1078892 0.0595412 0.1198112 0.1029178 0.1367337 0.1231561 0.1391265 0.1246422 0.1322177 0.0921299 0.1149077 0.0679700 0.0827605 0.1135937 0.1079615 0.0932479 0.0859876 0.1473025 0.0861420 0.0802101 0.1154031 0.0970704 0.0828968 0.1270097 0.1066656 0.1271723 0.1095880 0.0760148 0.0434053 0.0826144 0.1298630 0.1008306 0.1449881 0.0979020 0.0431467 0.0312735 0.1211185 0.0905418 0.0635090 0.1516726 0.0755746 0.0590007 0.1236672 0.0701420 
S0400         0.2931446 0.0663799 0.0588156 0.1122433 0.0168344 0.1236007 0.0926227 0.0155291 0.1229664 0.1455008 0.1197771 0.1352706 0.0952065 0.0000000 0.0444025 0.1386892 0.1181372 0.1193380 0.0854724 0.1228538 0.1291996 0.0860018 0.1314687 0.1366657 0.0500151 0.0156744 0.1550138 0.1497340 0.0905510 0.0069134 0.1983710 0.1270001 0.1288577 0.0226282 0.0853794 0.0857226 0.1048925 0.1224425 0.1009236 0.1214961 0.0862290 0.1308973 0.0861600 0.1137027 0.1228614 0.0933329 0.0730803 0.0829178 0.2003673 0.0992885 0.1878852 0.0996406 0.0722130 0.1018388 0.1678454 0.0110755 0.0529442 0.0882938 0.1269054 0.1168154 0.1329878 0.1293032 0.1378279 0.0974207 0.1148470 0.0224349 0.1032866 0.1197019 0.0925339 0.0224676 0.0285691 0.0624183 0.0554273 0.1506036 0.1037435 0.1002322 0.1189618 0.0465261 0.0823379 0.1301146 0.1065924 0.1502846 0.0195255 0.1061706 0.0988688 0.0254459 0.1367954 0.0345540 0.1405835 0.0969332 0.0975872 0.0782557 0.1116697 0.1029418 0.0930536 0.1423515 0.0781144 0.1161032 0.1063478 0.0893311 
S0405         0.3377920 0.0886621 0.0904054 0.1332101 0.0515506 0.1671722 0.1146719 0.0592430 0.1465454 0.1843239 0.1514642 0.1687750 0.1136555 0.0444025 0.0000000 0.1733080 0.1506681 0.1634461 0.1071487 0.1450932 0.1892614 0.0996124 0.1432610 0.1741006 0.0696802 0.0455152 0.2010348 0.2008683 0.1205794 0.0438129 0.2129572 0.1422525 0.1594361 0.0344373 0.1070135 0.1153014 0.1514967 0.1621393 0.1174641 0.1449966 0.1112535 0.1559299 0.0997275 0.1483950 0.1473973 0.0962161 0.0931497 0.1048174 0.2156918 0.1192873 0.2016327 0.1272563 0.0910734 0.1171162 0.1866243 0.0411001 0.0765330 0.1148108 0.1686917 0.1469119 0.1644068 0.1665357 0.1753477 0.1123572 0.1502440 0.0444694 0.1234741 0.1465420 0.1145401 0.0512717 0.0447161 0.0878962 0.0867403 0.1950805 0.1326312 0.1231923 0.1616234 0.0725054 0.1035748 0.1669711 0.1399746 0.1760073 0.0476499 0.1217047 0.1225902 0.0480881 0.1739291 0.0622950 0.1838090 0.1284556 0.1168742 0.1099094 0.1585594 0.1355866 0.1191503 0.1732653 0.1098703 0.1425696 0.1299809 0.1109057 
S0407sl       0.3795429 0.1408768 0.0775179 0.1474311 0.1392122 0.0403947 0.1205595 0.1061396 0.2014303 0.0684467 0.1391758 0.0743045 0.1279339 0.1386892 0.1733080 0.0000000 0.1281088 0.0446242 0.1042396 0.1843405 0.0979504 0.1266595 0.1819144 0.0550469 0.1704534 0.0874266 0.0718821 0.1178560 0.1342512 0.0987774 0.2612470 0.1523362 0.1483489 0.1482258 0.1082701 0.1490779 0.1443391 0.1064451 0.1247864 0.1097732 0.1129423 0.1514815 0.1421539 0.1514546 0.1837692 0.1186694 0.1187507 0.1308395 0.2530653 0.1269605 0.2487501 0.1275937 0.1528271 0.1226463 0.2313555 0.1425742 0.1562353 0.1162981 0.0477770 0.0944676 0.1526900 0.1061268 0.0653384 0.1510194 0.1093752 0.1392803 0.1342685 0.1430665 0.1130485 0.1582759 0.1526864 0.1465701 0.1156336 0.1304157 0.1074600 0.1141967 0.0588496 0.1359116 0.1042824 0.0343151 0.1435986 0.1261072 0.1458343 0.1274341 0.1184273 0.1395929 0.0401440 0.1436238 0.1204339 0.1361751 0.1227657 0.1169276 0.0940410 0.1389448 0.1165231 0.1818287 0.1176949 0.1421705 0.1723257 0.1124690 
S0412sl       0.3054247 0.1250211 0.0644110 0.1586028 0.1136409 0.1377064 0.1339689 0.0964108 0.1773783 0.1802896 0.1539749 0.1792544 0.1335535 0.1181372 0.1506681 0.1281088 0.0000000 0.1195196 0.0950506 0.1594016 0.1558935 0.1308090 0.0982632 0.1560745 0.1564633 0.0830602 0.1858306 0.1875909 0.0860315 0.1132981 0.2658458 0.0661660 0.1664167 0.1194981 0.0949096 0.1410442 0.1386758 0.1528062 0.1315408 0.1444473 0.1145288 0.1567884 0.1267919 0.1495049 0.1449781 0.1271749 0.1224873 0.1272386 0.2839264 0.1093930 0.2650223 0.1284393 0.1482681 0.1127848 0.2469349 0.1178366 0.1291941 0.1338909 0.1294391 0.1516444 0.1664167 0.1524893 0.1685427 0.1665743 0.1224388 0.1230539 0.1538514 0.1416975 0.1289420 0.1378764 0.1247385 0.1236945 0.1027518 0.1901525 0.1412143 0.1203659 0.1423997 0.1137095 0.0907958 0.1321651 0.1443912 0.1925405 0.1321730 0.1284338 0.1271774 0.1288614 0.1417664 0.1135490 0.1629419 0.0936747 0.1230751 0.1136811 0.1561590 0.1085847 0.1189063 0.1659967 0.1167177 0.1478659 0.1303639 0.1185576 
S0417         0.3768013 0.1288816 0.0953970 0.1592871 0.1197933 0.0352849 0.1198538 0.1060263 0.1942680 0.0540371 0.1193182 0.0628707 0.1198558 0.1193380 0.1634461 0.0446242 0.1195196 0.0000000 0.0890453 0.1712557 0.0926516 0.1258128 0.1504644 0.0502031 0.1663105 0.1076836 0.0737086 0.0941093 0.1090498 0.1025370 0.2135929 0.1304640 0.1452072 0.1357656 0.0929817 0.1443137 0.1254640 0.0899188 0.1132541 0.0932183 0.1011498 0.1358190 0.1293119 0.1432722 0.1844003 0.1139469 0.1064006 0.1258509 0.2063879 0.1114798 0.2022402 0.1195034 0.1484163 0.1145852 0.1799509 0.1231597 0.1399003 0.1082115 0.0383502 0.0829614 0.1496445 0.0934704 0.0573364 0.1392494 0.1264664 0.1309271 0.1145083 0.1309367 0.1197198 0.1348574 0.1444163 0.1348390 0.1002884 0.1257110 0.1114901 0.1098275 0.0476569 0.1160529 0.0890830 0.0382091 0.1353682 0.1175119 0.1264602 0.1193467 0.1067317 0.1312225 0.0442177 0.1312772 0.1143670 0.1074976 0.1147321 0.1087588 0.0825825 0.1233428 0.1047414 0.1768803 0.1061345 0.1303780 0.1559668 0.1007262 
S0419         0.2864093 0.0731081 0.0074351 0.0897234 0.0824537 0.1002812 0.0729329 0.0757998 0.1302828 0.1179275 0.0940489 0.1182335 0.0829456 0.0854724 0.1071487 0.1042396 0.0950506 0.0890453 0.0000000 0.1067211 0.1325088 0.0673480 0.1054687 0.1127813 0.1013387 0.0670932 0.1368361 0.1291504 0.0698642 0.0718456 0.2067311 0.0948636 0.1169335 0.0864029 0.0055411 0.0801886 0.0569138 0.1154714 0.0830753 0.1044271 0.0630522 0.0986556 0.0739955 0.0664323 0.1199859 0.0798174 0.0642568 0.0740839 0.2087045 0.0168945 0.1958493 0.0791804 0.1073912 0.0687312 0.1894292 0.0855254 0.0863789 0.0694183 0.0959140 0.1015147 0.1209264 0.1145995 0.1112299 0.1013995 0.1200291 0.0855889 0.0933650 0.1001079 0.0728681 0.0992082 0.0935800 0.0824161 0.0622398 0.1549015 0.0931697 0.0702765 0.0959594 0.0661595 0.0055427 0.0998389 0.0599589 0.1303074 0.0953832 0.0791740 0.0723106 0.0828327 0.1028760 0.0723179 0.1409859 0.0732326 0.0787394 0.0728551 0.1046722 0.0661884 0.0662555 0.1424296 0.0462911 0.0932431 0.0977030 0.0695839 
S0427         0.3417233 0.1026496 0.0933568 0.1423737 0.1277110 0.1828396 0.1122971 0.0903229 0.1838941 0.1996490 0.1577314 0.1982198 0.1490581 0.1228538 0.1450932 0.1843405 0.1594016 0.1712557 0.1067211 0.0000000 0.2207655 0.1213556 0.1600780 0.1929980 0.1330727 0.0981128 0.2234688 0.1951748 0.1186716 0.1278953 0.2805826 0.1592881 0.1559751 0.1242700 0.1065954 0.1257663 0.1381103 0.1759339 0.1538058 0.1764210 0.1096009 0.1529917 0.1215985 0.1484241 0.1803706 0.1283141 0.1114050 0.1228830 0.2726369 0.1217502 0.2673588 0.1121234 0.1356661 0.1259857 0.2424139 0.1191907 0.1318513 0.1330602 0.1711409 0.1720634 0.1604952 0.1745383 0.1823793 0.1444134 0.1357730 0.1230216 0.1522382 0.1531709 0.1154393 0.1302215 0.1323101 0.1129389 0.1051824 0.2117372 0.1348565 0.1084838 0.1631065 0.1126613 0.1024988 0.1725898 0.1405646 0.2034409 0.1297933 0.1226226 0.1243882 0.1237129 0.1852317 0.1199822 0.1911709 0.1179390 0.1395746 0.1251175 0.1635823 0.1278711 0.1131745 0.1792231 0.1162320 0.1531250 0.0596534 0.1022095 
S0478         0.3384307 0.1690266 0.1371181 0.1945579 0.1398552 0.1023221 0.1673134 0.1341171 0.1948164 0.1175183 0.1711571 0.1411793 0.1575076 0.1291996 0.1892614 0.0979504 0.1558935 0.0926516 0.1325088 0.2207655 0.0000000 0.1699107 0.1957989 0.1114155 0.1874750 0.1180255 0.1338153 0.1341990 0.1406849 0.1287131 0.2772114 0.1493948 0.1912973 0.1515275 0.1384925 0.1648147 0.1774515 0.1200182 0.1590470 0.1012822 0.1295452 0.2063294 0.1706219 0.2079594 0.1790452 0.1646407 0.1376816 0.1482383 0.2824461 0.1546864 0.2762985 0.1504476 0.1536079 0.1652008 0.2301567 0.1339038 0.1790566 0.1390755 0.1070080 0.1024779 0.1912973 0.1040806 0.1227413 0.1868643 0.1533576 0.1557761 0.1683823 0.1668471 0.1616945 0.1503553 0.1628656 0.1670492 0.1075941 0.1456593 0.1645013 0.1524816 0.1216586 0.1447859 0.1325818 0.1024976 0.2020211 0.1341259 0.1493666 0.1664858 0.1449975 0.1506542 0.0969928 0.1553726 0.1463610 0.1621155 0.1550011 0.1410369 0.1223631 0.1603111 0.1291096 0.1829238 0.1580925 0.1742439 0.1859707 0.1348427 
S0552sl       0.2975852 0.0954880 0.0645588 0.0865070 0.0829644 0.1181380 0.0836776 0.0895314 0.1580339 0.1440163 0.1212641 0.1580991 0.0846210 0.0860018 0.0996124 0.1266595 0.1308090 0.1258128 0.0673480 0.1213556 0.1699107 0.0000000 0.1475586 0.1391223 0.1050862 0.0812919 0.1656693 0.1659979 0.0966003 0.0760403 0.2075782 0.1351503 0.1364657 0.0869441 0.0639777 0.0566142 0.1073453 0.1290781 0.1102000 0.1319079 0.0602358 0.1302853 0.0111970 0.1204221 0.1534500 0.0952269 0.0291538 0.0351587 0.2006711 0.0809194 0.1966476 0.0868752 0.1019086 0.0862224 0.1832994 0.0825397 0.0937793 0.0809005 0.1293741 0.1265689 0.1407854 0.1330980 0.1454524 0.1217059 0.1296996 0.0861197 0.1085929 0.1126836 0.0736483 0.0963616 0.0867713 0.1012224 0.0832268 0.1539165 0.1013342 0.0807378 0.1240678 0.0799633 0.0673079 0.1178564 0.1130487 0.1581717 0.0959790 0.0903108 0.0772365 0.0766099 0.1210296 0.0869246 0.1398467 0.1071305 0.0703621 0.0739174 0.1255430 0.0704402 0.0634389 0.1518349 0.0797300 0.0948950 0.1091481 0.0632346 
S0558         0.3496762 0.1229255 0.0910601 0.1567467 0.1289840 0.1685394 0.1441332 0.1114525 0.1808511 0.2020700 0.1426909 0.1783776 0.1438228 0.1314687 0.1432610 0.1819144 0.0982632 0.1504644 0.1054687 0.1600780 0.1957989 0.1475586 0.0000000 0.1865162 0.1669613 0.1078818 0.2022513 0.1910846 0.0846173 0.1085518 0.2226011 0.0896788 0.1622000 0.1330086 0.1095104 0.1424816 0.1355115 0.1564429 0.1287887 0.1537159 0.1180268 0.1422083 0.1467785 0.1489576 0.1579120 0.1200487 0.1285356 0.1399839 0.2351227 0.1209855 0.2215585 0.1202715 0.1446997 0.1160357 0.2079210 0.1315649 0.1333542 0.1323591 0.1607320 0.1633578 0.1667401 0.1607659 0.1890467 0.1379806 0.1569340 0.1316488 0.1287488 0.1470357 0.1439608 0.1469919 0.1412814 0.1209600 0.1088654 0.1960025 0.1532394 0.1380371 0.1632003 0.1210811 0.1063027 0.1679951 0.1410692 0.1964266 0.1424808 0.1279595 0.1201283 0.1362263 0.1793476 0.1247367 0.1938837 0.0900721 0.1356553 0.1323858 0.1654920 0.1181259 0.1216803 0.1704716 0.0910256 0.1403996 0.1374191 0.1220831 
S0624         0.3860493 0.1461653 0.0989570 0.1564652 0.1404985 0.0489668 0.1259224 0.1251130 0.2172170 0.0707666 0.1516062 0.0769817 0.1330518 0.1366657 0.1741006 0.0550469 0.1560745 0.0502031 0.1127813 0.1929980 0.1114155 0.1391223 0.1865162 0.0000000 0.1791088 0.1114381 0.0463710 0.1057503 0.1431845 0.1156537 0.2691133 0.1571948 0.1586757 0.1493932 0.1168419 0.1536466 0.1355552 0.1090942 0.1342006 0.0967859 0.1145817 0.1491008 0.1394054 0.1451717 0.1969025 0.1317545 0.1165193 0.1356356 0.2608066 0.1355330 0.2564846 0.1290381 0.1623417 0.1209083 0.2384549 0.1404812 0.1572878 0.1184076 0.0410699 0.0900377 0.1630840 0.1087697 0.0523165 0.1490842 0.1416147 0.1405660 0.1393483 0.1443749 0.1257839 0.1559013 0.1578188 0.1299154 0.1209702 0.1403219 0.1181710 0.1196341 0.0551285 0.1370947 0.1128267 0.0428242 0.1375195 0.1248342 0.1364555 0.1256020 0.1061760 0.1408770 0.0309060 0.1448526 0.1337915 0.1338742 0.1136259 0.1221215 0.0864109 0.1330129 0.1109004 0.1791703 0.1192425 0.1360944 0.1696607 0.1141077 
S0641         0.3646431 0.0807202 0.0865407 0.1285132 0.0567221 0.1690851 0.0967880 0.0623365 0.1494061 0.1844194 0.1334448 0.1830767 0.1033363 0.0500151 0.0696802 0.1704534 0.1564633 0.1663105 0.1013387 0.1330727 0.1874750 0.1050862 0.1669613 0.1791088 0.0000000 0.0497780 0.2001301 0.1913994 0.1061432 0.0518057 0.2365460 0.1577306 0.1295201 0.0505393 0.0975181 0.1155728 0.1323294 0.1511485 0.1207851 0.1623162 0.1123668 0.1482752 0.1122684 0.1329340 0.1530538 0.1136452 0.1024395 0.1091452 0.2298919 0.1159528 0.2247523 0.1113036 0.1118416 0.1134422 0.2013901 0.0500425 0.0694576 0.1045549 0.1648508 0.1491182 0.1336747 0.1633207 0.1728846 0.1134848 0.1272276 0.0436588 0.1194615 0.1367692 0.1041659 0.0627384 0.0570837 0.0829681 0.0861367 0.1901965 0.1231386 0.1122309 0.1634185 0.0595983 0.0980685 0.1722340 0.1254962 0.1783486 0.0593160 0.1143286 0.1149148 0.0438960 0.1715178 0.0667491 0.1746216 0.1124835 0.1133740 0.0930157 0.1519323 0.1383417 0.1196631 0.1738358 0.1005258 0.1329832 0.1231259 0.1119445 
S0643         0.2251411 0.0504162 0.0576580 0.1041414 0.0238456 0.1077638 0.0632624 0.0283716 0.0684994 0.1335762 0.1020066 0.1337828 0.0865075 0.0156744 0.0455152 0.0874266 0.0830602 0.1076836 0.0670932 0.0981128 0.1180255 0.0812919 0.1078818 0.1114381 0.0497780 0.0000000 0.1297631 0.1332652 0.0545635 0.0156188 0.1757889 0.0877254 0.1124525 0.0240121 0.0669953 0.0673638 0.0960612 0.0887414 0.0922199 0.1035767 0.0632317 0.1096566 0.0815975 0.0905753 0.0861754 0.0863669 0.0637274 0.0727832 0.1868392 0.0761285 0.1752382 0.0870676 0.0669480 0.1000223 0.1716909 0.0196843 0.0495215 0.0717481 0.0965707 0.1043183 0.1124525 0.0871258 0.1231897 0.1033212 0.1213245 0.0278660 0.1018649 0.0954566 0.0634760 0.0362511 0.0282145 0.0499071 0.0446564 0.1296323 0.0884270 0.0729793 0.1017106 0.0321759 0.0628157 0.0973070 0.0858353 0.1378901 0.0277849 0.1007755 0.0857404 0.0322172 0.1070278 0.0280519 0.1131536 0.0777553 0.0805177 0.0722614 0.1071295 0.0805514 0.0675293 0.0909336 0.0667401 0.1105952 0.0819125 0.0632476 
S0645sl       0.4155497 0.1652530 0.1248374 0.1600347 0.1590594 0.0718215 0.1512727 0.1384990 0.2412041 0.0884406 0.1672384 0.0853751 0.1512630 0.1550138 0.2010348 0.0718821 0.1858306 0.0737086 0.1368361 0.2234688 0.1338153 0.1656693 0.2022513 0.0463710 0.2001301 0.1297631 0.0000000 0.1215690 0.1700556 0.1321194 0.2770604 0.1635457 0.1749620 0.1643821 0.1412571 0.1652940 0.1565358 0.1371774 0.1557797 0.1259091 0.1391168 0.1715114 0.1660256 0.1641045 0.2065928 0.1493498 0.1454508 0.1583107 0.2683713 0.1612405 0.2639119 0.1544777 0.1859524 0.1456878 0.2453793 0.1590437 0.1769247 0.1358391 0.0641856 0.1126840 0.1796383 0.1367496 0.0629097 0.1551657 0.1518570 0.1591334 0.1652904 0.1709219 0.1510884 0.1752871 0.1775239 0.1555571 0.1457455 0.1709290 0.1436367 0.1408423 0.0688823 0.1555329 0.1368911 0.0590024 0.1560364 0.1449626 0.1623413 0.1508751 0.1227712 0.1554077 0.0525033 0.1637141 0.1633651 0.1598506 0.1456120 0.1397657 0.0975402 0.1664036 0.1351689 0.2039093 0.1363453 0.1543724 0.1981487 0.1385040 
S0673         0.4006384 0.1274512 0.1177292 0.1672721 0.1592163 0.1065696 0.1334606 0.1176331 0.2177353 0.1250978 0.1598940 0.1172107 0.1390694 0.1497340 0.2008683 0.1178560 0.1875909 0.0941093 0.1291504 0.1951748 0.1341990 0.1659979 0.1910846 0.1057503 0.1913994 0.1332652 0.1215690 0.0000000 0.1437875 0.1356787 0.2839674 0.1679927 0.1810743 0.1536673 0.1296720 0.1736345 0.1529921 0.1046348 0.1609191 0.0560150 0.1185072 0.1780100 0.1699938 0.1764157 0.2011382 0.1444130 0.1371141 0.1532007 0.2750595 0.1496985 0.2705412 0.1335562 0.1706728 0.1214275 0.2620047 0.1537885 0.1593761 0.1230513 0.1021175 0.0472522 0.1858762 0.1043177 0.1175161 0.1533432 0.1671536 0.1580821 0.1711941 0.1555433 0.1333056 0.1701536 0.1723516 0.1426475 0.1296428 0.1246242 0.1301153 0.1269610 0.1135922 0.1463322 0.1253364 0.1133771 0.1679780 0.0537862 0.1615643 0.1339913 0.1382513 0.1448383 0.1129757 0.1543124 0.1458442 0.1428873 0.1413450 0.1353600 0.0601044 0.1546774 0.1221808 0.1763081 0.1286239 0.1675957 0.1768524 0.1179961 
S0689         0.2798991 0.0673857 0.0557957 0.1128627 0.0913805 0.1258502 0.0906699 0.0679143 0.1203441 0.1525982 0.1264391 0.1575767 0.0946999 0.0905510 0.1205794 0.1342512 0.0860315 0.1090498 0.0698642 0.1186716 0.1406849 0.0966003 0.0846173 0.1431845 0.1061432 0.0545635 0.1700556 0.1437875 0.0000000 0.0648460 0.1901407 0.0738910 0.1377936 0.0915599 0.0697900 0.1070055 0.1027021 0.1132210 0.1096785 0.1232104 0.0812049 0.1268291 0.1036941 0.1160341 0.1300448 0.1016782 0.0901787 0.0971815 0.1922320 0.0833723 0.1796619 0.0764834 0.1021809 0.0895320 0.1645180 0.0906091 0.0878435 0.0841935 0.1256666 0.1152426 0.1420596 0.1327101 0.1365337 0.1258366 0.1156403 0.0906763 0.1169827 0.1121049 0.0837122 0.1046853 0.0989625 0.0735938 0.0635966 0.1538925 0.1053334 0.0847569 0.1284859 0.0804013 0.0667588 0.1252522 0.1087584 0.1444867 0.1007287 0.0936712 0.0803218 0.0946560 0.1400902 0.0834294 0.1594971 0.0345953 0.0902067 0.0843714 0.1300568 0.0883882 0.0805293 0.1421416 0.0732529 0.0984971 0.0950960 0.0846760 
S0690         0.2481408 0.0485561 0.0588038 0.0960040 0.0104375 0.1124029 0.0721583 0.0155286 0.0962446 0.1312498 0.0991625 0.1307147 0.0845141 0.0069134 0.0438129 0.0987774 0.1132981 0.1025370 0.0718456 0.1278953 0.1287131 0.0760403 0.1085518 0.1156537 0.0518057 0.0156188 0.1321194 0.1356787 0.0648460 0.0000000 0.1807924 0.1036090 0.1175806 0.0212582 0.0717502 0.0720186 0.0910246 0.1012827 0.0943041 0.1042246 0.0641296 0.1190057 0.0806021 0.0971332 0.1027390 0.0803641 0.0604554 0.0684783 0.1894958 0.0887382 0.1740287 0.0893734 0.0592427 0.0965265 0.1476368 0.0069010 0.0516972 0.0763720 0.1064745 0.1002948 0.1175806 0.1097710 0.1262271 0.0997973 0.1099220 0.0246847 0.0979615 0.1056021 0.0680374 0.0247299 0.0249575 0.0441545 0.0396556 0.1325356 0.0908398 0.0811880 0.1118991 0.0436851 0.0679826 0.1074520 0.0928351 0.1351089 0.0174527 0.0971722 0.0887172 0.0285008 0.1117168 0.0361262 0.1236170 0.0769136 0.0875605 0.0718729 0.1078821 0.0840777 0.0679747 0.1024565 0.0630877 0.1104484 0.0981620 0.0639883 
S0735         0.3086722 0.2021624 0.2057983 0.2329396 0.2111287 0.2480148 0.2314855 0.1968060 0.2916354 0.2661855 0.2171879 0.2786198 0.2178902 0.1983710 0.2129572 0.2612470 0.2658458 0.2135929 0.2067311 0.2805826 0.2772114 0.2075782 0.2226011 0.2691133 0.2365460 0.1757889 0.2770604 0.2839674 0.1901407 0.1807924 0.0000000 0.2280266 0.2556383 0.1969554 0.2064351 0.2494913 0.2445225 0.2343869 0.2437217 0.2518809 0.1833072 0.2400760 0.2212173 0.2496539 0.2473837 0.2125020 0.2373560 0.2463840 0.0168158 0.2254022 0.0083306 0.2224129 0.2205311 0.2066842 0.0143256 0.2047507 0.2086826 0.1904198 0.2715672 0.2475573 0.2614129 0.2535808 0.2422103 0.2200525 0.2096271 0.2055332 0.2127805 0.2238946 0.2219424 0.2182306 0.2080285 0.1836691 0.1971945 0.2703118 0.2289745 0.2252519 0.2598479 0.1887510 0.2028679 0.2611498 0.2400427 0.2887160 0.2087307 0.2168686 0.1945345 0.2150704 0.2697304 0.2035746 0.2519117 0.2126813 0.2018525 0.1964742 0.2447528 0.2239454 0.1972248 0.2592844 0.1873291 0.2075741 0.2689549 0.1975001 
S0742         0.3481704 0.1184830 0.0729341 0.1328484 0.1282154 0.1436351 0.1285339 0.1010491 0.1538967 0.1715208 0.1453295 0.1680974 0.1245485 0.1270001 0.1422525 0.1523362 0.0661660 0.1304640 0.0948636 0.1592881 0.1493948 0.1351503 0.0896788 0.1571948 0.1577306 0.0877254 0.1635457 0.1679927 0.0738910 0.1036090 0.2280266 0.0000000 0.1702884 0.1284745 0.0947556 0.1267250 0.1355823 0.1336942 0.1194301 0.1272741 0.1175954 0.1528991 0.1388870 0.1440327 0.1491112 0.1156027 0.1239090 0.1268148 0.2373642 0.1058008 0.2238526 0.1127489 0.1438881 0.1048258 0.2187715 0.1270915 0.1322414 0.1163173 0.1477577 0.1378791 0.1749190 0.1430201 0.1553193 0.1442472 0.1447994 0.1271737 0.1316879 0.1388617 0.1283883 0.1423156 0.1366212 0.1166054 0.0910334 0.1724564 0.1330066 0.1186763 0.1423017 0.1092668 0.0916044 0.1429379 0.1362590 0.1693557 0.1378827 0.1166579 0.1126104 0.1316682 0.1541202 0.1165708 0.1782959 0.0762360 0.1203719 0.1097782 0.1492229 0.1286349 0.1212365 0.1832855 0.1078121 0.1321866 0.1324527 0.1208739 
S0748         0.3487592 0.1175639 0.1103610 0.1358958 0.1338990 0.1448326 0.1121866 0.1263404 0.1711851 0.1686753 0.0841146 0.1624278 0.1325561 0.1288577 0.1594361 0.1483489 0.1664167 0.1452072 0.1169335 0.1559751 0.1912973 0.1364657 0.1622000 0.1586757 0.1295201 0.1124525 0.1749620 0.1810743 0.1377936 0.1175806 0.2556383 0.1702884 0.0000000 0.1303750 0.1131023 0.1377956 0.1354988 0.1568851 0.1011283 0.1448824 0.1105569 0.0938899 0.1367522 0.1336184 0.1738377 0.0873023 0.1128330 0.1240252 0.2435383 0.1282549 0.2431408 0.1207628 0.1451789 0.1152543 0.2189403 0.1289520 0.1416152 0.1166928 0.1366713 0.1418274 0.0027565 0.1523621 0.1448890 0.0986205 0.0041199 0.1256706 0.1016764 0.1516885 0.1199407 0.1405301 0.1350572 0.1125787 0.1162862 0.1821909 0.1155870 0.1212346 0.1360638 0.1217735 0.1090156 0.1485660 0.1261357 0.1870459 0.1322222 0.1199182 0.1195360 0.1220278 0.1588584 0.1255799 0.1758615 0.1319943 0.1235759 0.1177132 0.1458170 0.1336724 0.1141649 0.1861991 0.1046389 0.1469931 0.1443566 0.1037301 
S0756         0.3210295 0.0670942 0.0594625 0.1134908 0.0286835 0.1396311 0.0936426 0.0234499 0.1244238 0.1666787 0.1286955 0.1512397 0.1004990 0.0226282 0.0344373 0.1482258 0.1194981 0.1357656 0.0864029 0.1242700 0.1515275 0.0869441 0.1330086 0.1493932 0.0505393 0.0240121 0.1643821 0.1536673 0.0915599 0.0212582 0.1969554 0.1284745 0.1303750 0.0000000 0.0863079 0.0866587 0.1134131 0.1349645 0.1020580 0.1208033 0.0871765 0.1323851 0.0871051 0.1149827 0.1168420 0.0943681 0.0738743 0.0838261 0.1989852 0.1003869 0.1863813 0.0937519 0.0796475 0.1029592 0.1731873 0.0226392 0.0534999 0.0933824 0.1397947 0.1204601 0.1345637 0.1419790 0.1507044 0.0985124 0.1275586 0.0226596 0.1044388 0.1290376 0.0935516 0.0285107 0.0256877 0.0630798 0.0623382 0.1722579 0.1086377 0.1013520 0.1345487 0.0470088 0.0832334 0.1427261 0.1077837 0.1542374 0.0313610 0.1073523 0.1042770 0.0196913 0.1495521 0.0378779 0.1577865 0.0980149 0.1028941 0.0896871 0.1152367 0.1040867 0.0940830 0.1350156 0.0789514 0.1219962 0.1004563 0.0903124 
S0765         0.2859420 0.0730299 0.0074263 0.0862085 0.0823643 0.1042484 0.0695586 0.0756873 0.1262768 0.1221060 0.0904661 0.1225380 0.0794860 0.0853794 0.1070135 0.1082701 0.0949096 0.0929817 0.0055411 0.1065954 0.1384925 0.0639777 0.1095104 0.1168419 0.0975181 0.0669953 0.1412571 0.1296720 0.0697900 0.0717502 0.2064351 0.0947556 0.1131023 0.0863079 0.0000000 0.0801010 0.0603467 0.1159337 0.0796124 0.1048670 0.0597659 0.0951117 0.0705692 0.0663625 0.1198426 0.0698983 0.0609039 0.0706532 0.2039553 0.0168796 0.1955760 0.0757709 0.1072676 0.0654336 0.1891647 0.0854323 0.0862839 0.0660838 0.0999253 0.1019042 0.1170503 0.1150549 0.1153431 0.0977406 0.1143635 0.0854957 0.0898128 0.0965000 0.0664480 0.0990969 0.0934751 0.0823267 0.0621758 0.1555558 0.0895012 0.0668967 0.0998433 0.0660903 0.0055379 0.1037833 0.0598968 0.1308387 0.0952773 0.0757642 0.0689680 0.0793814 0.1068422 0.0722414 0.1415638 0.0731541 0.0753493 0.0694853 0.1050740 0.0661190 0.0629445 0.1384012 0.0462454 0.0896933 0.0975918 0.0662428 
S0771         0.3132009 0.0985007 0.0603266 0.1002275 0.0826950 0.1479035 0.1161203 0.0755317 0.1318693 0.1713435 0.1256151 0.1780409 0.0986314 0.0857226 0.1153014 0.1490779 0.1410442 0.1443137 0.0801886 0.1257663 0.1648147 0.0566142 0.1424816 0.1536466 0.1155728 0.0673638 0.1652940 0.1736345 0.1070055 0.0720186 0.2494913 0.1267250 0.1377956 0.0866587 0.0801010 0.0000000 0.0997390 0.1485177 0.1100081 0.1451817 0.0806251 0.1338327 0.0504807 0.0975213 0.1407152 0.1203431 0.0442590 0.0471226 0.2511894 0.0940642 0.2372147 0.1016735 0.1050179 0.1078678 0.2234113 0.0857760 0.0974295 0.0940266 0.1405737 0.1382827 0.1420588 0.1515561 0.1680927 0.1172806 0.1387279 0.0858398 0.1162917 0.1386953 0.1125922 0.0995037 0.0864870 0.0938251 0.0829556 0.1775602 0.1248432 0.1131246 0.1382809 0.0832960 0.0801412 0.1397394 0.0905537 0.1746156 0.0956649 0.1123970 0.0909364 0.0830764 0.1429490 0.0866393 0.1757667 0.1063486 0.0942515 0.0910277 0.1399524 0.0810355 0.0839815 0.1478910 0.0762570 0.1091954 0.1087771 0.0871293 
S0795         0.3338703 0.1101144 0.0399481 0.1051513 0.1087689 0.1332753 0.1096080 0.0973744 0.1534717 0.1602802 0.1229308 0.1619293 0.1056098 0.1048925 0.1514967 0.1443391 0.1386758 0.1254640 0.0569138 0.1381103 0.1774515 0.1073453 0.1355115 0.1355552 0.1323294 0.0960612 0.1565358 0.1529921 0.1027021 0.0910246 0.2445225 0.1355823 0.1354988 0.1134131 0.0603467 0.0997390 0.0000000 0.1372061 0.1368978 0.1381867 0.0888445 0.1275412 0.1075569 0.0950933 0.1633417 0.1180830 0.0900369 0.1006077 0.2462583 0.0736881 0.2323893 0.1127438 0.1324650 0.0908613 0.2396101 0.1087503 0.1134016 0.1062188 0.1257155 0.1280346 0.1397862 0.1402560 0.1459030 0.1304107 0.1390837 0.1122861 0.1292384 0.1235902 0.1094927 0.1234293 0.1095304 0.1056925 0.1018426 0.1803625 0.1213617 0.1070037 0.1282582 0.0948395 0.0603741 0.1326350 0.0880875 0.1585781 0.1155590 0.1022491 0.0942954 0.1095059 0.1432372 0.0979962 0.1720342 0.0992178 0.1080134 0.1019168 0.1215009 0.0960064 0.0959021 0.1705122 0.0735306 0.1193576 0.1211531 0.0955703 
S0827         0.3533969 0.1297666 0.0985767 0.1513726 0.1346318 0.0954727 0.1153745 0.0972284 0.1882725 0.1139613 0.1399280 0.1341891 0.1120338 0.1224425 0.1621393 0.1064451 0.1528062 0.0899188 0.1154714 0.1759339 0.1200182 0.1290781 0.1564429 0.1090942 0.1511485 0.0887414 0.1371774 0.1046348 0.1132210 0.1012827 0.2343869 0.1336942 0.1568851 0.1349645 0.1159337 0.1485177 0.1372061 0.0000000 0.1305197 0.0923186 0.0980450 0.1618476 0.1328126 0.1596368 0.1705478 0.1266306 0.1143437 0.1206507 0.2227115 0.1280693 0.2225866 0.1198563 0.1513901 0.1033764 0.2004960 0.1296500 0.1421816 0.0966573 0.0905743 0.0824590 0.1614321 0.0259325 0.1137801 0.1521329 0.1355123 0.1301678 0.1284193 0.1389937 0.1196358 0.1452111 0.1354739 0.1315983 0.1083644 0.0779864 0.1151064 0.1171459 0.1024615 0.1262866 0.1117274 0.1062873 0.1514754 0.1049317 0.1370997 0.1115828 0.1048614 0.1264844 0.1059141 0.1298428 0.0532471 0.1204991 0.1229230 0.0978260 0.0885836 0.1404435 0.1053288 0.1616671 0.1145977 0.1322084 0.1559172 0.1007691 
S0888         0.3343977 0.1059212 0.0861549 0.1303898 0.0978120 0.1178756 0.1005583 0.1006191 0.1652194 0.1395231 0.1040845 0.1255715 0.1122164 0.1009236 0.1174641 0.1247864 0.1315408 0.1132541 0.0830753 0.1538058 0.1590470 0.1102000 0.1287887 0.1342006 0.1207851 0.0922199 0.1557797 0.1609191 0.1096785 0.0943041 0.2437217 0.1194301 0.1011283 0.1020580 0.0796124 0.1100081 0.1368978 0.1305197 0.0000000 0.1171657 0.0908035 0.0948595 0.1104165 0.1191791 0.1531232 0.0627769 0.0960234 0.1105481 0.2322126 0.0969678 0.2318360 0.1008947 0.1316544 0.1002157 0.2130263 0.1009904 0.1092612 0.0976381 0.1098081 0.1165413 0.1049113 0.1335102 0.1401921 0.0764940 0.1032853 0.1010624 0.0377281 0.1297487 0.1080245 0.1153469 0.1096461 0.0974970 0.0864564 0.1762177 0.1074927 0.1059046 0.1099512 0.0910500 0.0759883 0.1246068 0.1118924 0.1582052 0.1112706 0.1045968 0.1032931 0.0944428 0.1310685 0.0944729 0.1529736 0.1010917 0.1037818 0.1016080 0.1197532 0.1085131 0.0942201 0.1364881 0.0889068 0.1260230 0.1388175 0.0906372 
