121
PAFTOL_019361 0.0000000 0.2404910 0.2694762 0.2517817 0.2627775 0.3282979 0.2391781 0.2477637 0.2990162 0.3491819 0.3502337 0.3318933 0.3382823 0.3544022 0.2978993 0.2475898 0.2247206 0.3339194 0.2576587 0.2502730 0.2522376 0.2687946 0.2456410 0.3075742 0.2698632 0.2676298 0.2816030 0.3408630 0.2890900 0.2664968 0.2550934 0.3406146 0.2827571 0.2326005 0.2625753 0.2983063 0.2468665 0.3036748 0.2743919 0.2502730 0.2895822 0.3412130 0.2711475 0.3334212 0.2664968 0.2694762 0.2498918 0.2712201 0.2563773 0.2989649 0.2435359 0.2953145 0.2825633 0.2996632 0.2224154 0.2824385 0.2818797 0.2915540 0.2703033 0.2850539 0.2755519 0.2214828 0.2650861 0.3274720 0.3455412 0.2639317 0.2751013 0.2764470 0.2600353 0.3383885 0.2152379 0.2543371 0.3349913 0.2364994 0.2518700 0.2687814 0.2637324 0.2263357 0.2910781 0.3012586 0.3328738 0.2970584 0.3184772 0.3088844 0.3450135 0.3279062 0.3083895 0.2496455 0.2290289 0.2565835 0.2421115 0.2448916 0.2179657 0.2439066 0.2501386 0.2591031 0.2880273 0.2786554 0.2787490 0.2821604 0.2650861 0.3070144 0.2566213 0.2617158 0.2442978 0.2383810 0.3049185 0.2698251 0.2486338 0.2410210 0.2551346 0.2308348 0.2444255 0.2942970 0.2828818 0.2309479 0.3655708 0.2714007 0.2550923 0.2333615 0.2309139 
S0055         0.2404910 0.0000000 0.0371657 0.0428715 0.0226289 0.0712168 0.0270536 0.0227810 0.0815241 0.0700142 0.0842151 0.0881968 0.0535520 0.0823174 0.0438938 0.0324907 0.0423859 0.0699838 0.0430499 0.0178052 0.0178958 0.0390180 0.0630461 0.0489539 0.0420710 0.0465764 0.0424989 0.0708022 0.0526481 0.0518324 0.0418153 0.1018931 0.0381199 0.0087776 0.0270856 0.0643936 0.0326686 0.0610878 0.0320535 0.0178052 0.0431804 0.0763358 0.0363753 0.0789370 0.0518324 0.0371657 0.0224161 0.0474072 0.0366314 0.0481949 0.0374845 0.0739268 0.0549715 0.0487931 0.0181113 0.0474897 0.0856534 0.0630124 0.0484708 0.0620613 0.0568805 0.0627022 0.0533633 0.0637819 0.0867063 0.0539824 0.0635739 0.0606098 0.0420710 0.0670258 0.0140706 0.0416149 0.0810955 0.0178231 0.0523006 0.0526154 0.0416519 0.0241437 0.0441297 0.0500194 0.0656325 0.0589933 0.0694488 0.0648079 0.0777221 0.0756120 0.0692875 0.0421103 0.0177213 0.0317845 0.0087862 0.0367646 0.0189757 0.0688910 0.0412971 0.0322856 0.0482293 0.0523978 0.0420710 0.0380925 0.0533633 0.0614103 0.0275343 0.0529858 0.0223889 0.0179544 0.0538952 0.0271580 0.0428991 0.0132451 0.0414627 0.0369566 0.0431349 0.0661271 0.0426218 0.0228020 0.1259959 0.0324954 0.0271615 0.0328279 0.0227950 
S0196sl       0.2694762 0.0371657 0.0000000 0.0484755 0.0472165 0.0826849 0.0320252 0.0475205 0.1108791 0.0944007 0.0962950 0.0954732 0.0580816 0.0941100 0.0596720 0.0482025 0.0323023 0.0812582 0.0590885 0.0417673 0.0419907 0.0437522 0.0738913 0.0649225 0.0043159 0.0567018 0.0584217 0.0821955 0.0632204 0.0685978 0.0474533 0.1145376 0.0661805 0.0320112 0.0517988 0.0873217 0.0381301 0.0840045 0.0573873 0.0417673 0.0382250 0.0878961 0.0572897 0.0909120 0.0685978 0.0000010 0.0467539 0.0087470 0.0422290 0.0431971 0.0536724 0.0924514 0.0715723 0.0704697 0.0275317 0.0636588 0.0930893 0.0807521 0.0655696 0.0794749 0.0739562 0.0794734 0.0325660 0.0751713 0.0984841 0.0710171 0.0756049 0.0729107 0.0043159 0.0807410 0.0290529 0.0416410 0.0927014 0.0472658 0.0525691 0.0801691 0.0416782 0.0347132 0.0656638 0.0721532 0.0769209 0.0824746 0.0925897 0.0759381 0.0894978 0.0946527 0.0804061 0.0529110 0.0224683 0.0625492 0.0475495 0.0419841 0.0393727 0.0864078 0.0465752 0.0422665 0.0693905 0.0797837 0.0043159 0.0427146 0.0325660 0.0779619 0.0425041 0.0638467 0.0317705 0.0421307 0.0647420 0.0475119 0.0532680 0.0368117 0.0514014 0.0318789 0.0431650 0.0827851 0.0528402 0.0323564 0.1401068 0.0423668 0.0367166 0.0427934 0.0323470 
S0281         0.2517817 0.0428715 0.0484755 0.0000000 0.0652274 0.0890497 0.0480138 0.0656476 0.1161128 0.1018067 0.1030560 0.0927253 0.0658351 0.1006998 0.0722251 0.0597573 0.0477896 0.0943100 0.0651756 0.0591410 0.0594775 0.0383693 0.0826898 0.0777177 0.0536604 0.0752749 0.0768427 0.0885149 0.0944408 0.0641547 0.0701241 0.1087716 0.0661754 0.0485537 0.0700227 0.0762282 0.0657329 0.0723418 0.0762687 0.0591410 0.0270168 0.0943313 0.0636376 0.0975935 0.0641547 0.0484755 0.0645517 0.0593919 0.0523500 0.0316581 0.0595863 0.0912708 0.0706939 0.0785775 0.0379053 0.0824394 0.0971044 0.0762408 0.0426938 0.0750306 0.0695148 0.0926552 0.0419564 0.0953440 0.1050802 0.0771060 0.0364471 0.0429492 0.0536604 0.1326022 0.0240602 0.0534674 0.0991800 0.0587692 0.0585701 0.1014477 0.0641342 0.0462085 0.0655450 0.0720280 0.0831623 0.0762835 0.0878328 0.0820843 0.0960617 0.0934154 0.0865623 0.0577501 0.0377079 0.0755979 0.0591405 0.0587894 0.0570998 0.0865344 0.0427201 0.0479589 0.0759360 0.1008973 0.0536604 0.0541345 0.0419564 0.0843556 0.0712294 0.0645276 0.0481591 0.0596838 0.0905222 0.0702492 0.0657250 0.0537437 0.0694601 0.0533312 0.0596523 0.0775502 0.0370056 0.0429570 0.1099149 0.0600152 0.0535937 0.0540213 0.0429450 
S0282         0.2627775 0.0226289 0.0472165 0.0652274 0.0000000 0.0590626 0.0418143 0.0088763 0.0829167 0.0758980 0.0712698 0.0811371 0.0643582 0.0587916 0.0488596 0.0421990 0.0526422 0.0476040 0.0486634 0.0043364 0.0043578 0.0439819 0.0632297 0.0481851 0.0522648 0.0466968 0.0528061 0.0587307 0.0575363 0.0580982 0.0530607 0.0765425 0.0598780 0.0131920 0.0131920 0.0755478 0.0374068 0.0662809 0.0271608 0.0043364 0.0494155 0.0533198 0.0471712 0.0661618 0.0580982 0.0472165 0.0087349 0.0578336 0.0423087 0.0601065 0.0481136 0.0685089 0.0600659 0.0432950 0.0275890 0.0579274 0.0724518 0.0697890 0.0548157 0.0687028 0.0633276 0.0469204 0.0535117 0.0639552 0.0740475 0.0529724 0.0704235 0.0675818 0.0522648 0.0801340 0.0142257 0.0516736 0.0686790 0.0229242 0.0686769 0.0472623 0.0517254 0.0346793 0.0491153 0.0551061 0.0484264 0.0707518 0.0806856 0.0427497 0.0651673 0.0700631 0.0575106 0.0748961 0.0319451 0.0224209 0.0273856 0.0521122 0.0140626 0.0739513 0.0567415 0.0475436 0.0648964 0.0370653 0.0522648 0.0429367 0.0535117 0.0666361 0.0134098 0.0695945 0.0318338 0.0133148 0.0588994 0.0223773 0.0376057 0.0087321 0.0415660 0.0470794 0.0431563 0.0776144 0.0529319 0.0324217 0.1207939 0.0369944 0.0367876 0.0329071 0.0324122 
S0288         0.3282979 0.0712168 0.0826849 0.0890497 0.0590626 0.0000000 0.0761285 0.0718998 0.1287828 0.1255857 0.0089071 0.0466297 0.1088132 0.0177098 0.1051351 0.0845480 0.0772709 0.0222000 0.0852516 0.0651446 0.0655208 0.0918246 0.0894145 0.1036077 0.0884232 0.0704636 0.1085815 0.0000021 0.1014514 0.0953872 0.0667850 0.0587758 0.1002791 0.0650649 0.0762941 0.1303659 0.0896787 0.0941098 0.0827640 0.0651446 0.0780606 0.0131499 0.0712476 0.0135619 0.0953872 0.0826849 0.0706890 0.0950420 0.0771297 0.0836864 0.1035877 0.0529896 0.0825519 0.1024842 0.0602454 0.1081771 0.0495768 0.1093449 0.0779835 0.1074709 0.1013268 0.0887257 0.0761148 0.1167038 0.0523646 0.0587741 0.0945141 0.0922977 0.0769209 0.1212172 0.0406648 0.0872412 0.0473132 0.0715201 0.1075653 0.0766423 0.0873671 0.0830701 0.0764585 0.0820868 0.0043391 0.1323481 0.1229647 0.0278766 0.0043914 0.0087570 0.0424757 0.1023325 0.0647515 0.0884766 0.0834641 0.0880878 0.0521600 0.1212706 0.0815395 0.0832028 0.1091456 0.0943127 0.0884232 0.0971089 0.0761148 0.0899132 0.0776212 0.1090933 0.0645126 0.0596075 0.1078733 0.0765483 0.1026846 0.0596075 0.0646822 0.0762292 0.0906313 0.0892944 0.0752175 0.0657539 0.1258875 0.0651303 0.0703078 0.0667849 0.0657370 
S0292         0.2391781 0.0270536 0.0320252 0.0480138 0.0418143 0.0761285 0.0000000 0.0420837 0.0964135 0.0759218 0.0819891 0.0885064 0.0632417 0.0872557 0.0537613 0.0326967 0.0371053 0.0748249 0.0429173 0.0365445 0.0367365 0.0488804 0.0677692 0.0588863 0.0368263 0.0511360 0.0423983 0.0756869 0.0678585 0.0579209 0.0520510 0.1069815 0.0542025 0.0270182 0.0463344 0.0694478 0.0372862 0.0773286 0.0517372 0.0365445 0.0483621 0.0812371 0.0462920 0.0768421 0.0579209 0.0320252 0.0414114 0.0420106 0.0422103 0.0534477 0.0432542 0.0696181 0.0652944 0.0642813 0.0225958 0.0473802 0.0859681 0.0695376 0.0546513 0.0684621 0.0631202 0.0732021 0.0477597 0.0693936 0.0801327 0.0648009 0.0644968 0.0550440 0.0368263 0.0944920 0.0188918 0.0364384 0.0746579 0.0372901 0.0369397 0.0681676 0.0269392 0.0242339 0.0595681 0.0658229 0.0705218 0.0709294 0.0745221 0.0696377 0.0756869 0.0826994 0.0632030 0.0524121 0.0087223 0.0416238 0.0375066 0.0178129 0.0337400 0.0687476 0.0222406 0.0179292 0.0527277 0.0678631 0.0368263 0.0477167 0.0477597 0.0777594 0.0470993 0.0374147 0.0268193 0.0368576 0.0587341 0.0464669 0.0476153 0.0317119 0.0459840 0.0366212 0.0377567 0.0762167 0.0372352 0.0273097 0.1188085 0.0370650 0.0316318 0.0374382 0.0179299 
S0293         0.2477637 0.0227810 0.0475205 0.0656476 0.0088763 0.0718998 0.0420837 0.0000000 0.0834394 0.0763765 0.0850415 0.0890493 0.0647689 0.0651275 0.0491827 0.0424727 0.0529784 0.0535264 0.0489838 0.0043663 0.0043880 0.0442770 0.0569977 0.0543024 0.0525978 0.0469944 0.0531450 0.0714784 0.0578993 0.0584674 0.0534031 0.0825964 0.0602681 0.0132812 0.0132812 0.0760214 0.0321776 0.0667118 0.0273404 0.0043663 0.0497455 0.0594678 0.0474745 0.0797140 0.0584674 0.0475205 0.0087945 0.0582001 0.0425842 0.0604996 0.0484287 0.0816501 0.0604574 0.0435826 0.0277738 0.0582948 0.0790799 0.0702295 0.0551778 0.0691308 0.0637259 0.0472209 0.0538589 0.0643602 0.0875313 0.0584670 0.0708699 0.0680282 0.0525978 0.0718105 0.0093185 0.0519993 0.0818654 0.0230801 0.0622766 0.0475673 0.0520518 0.0349229 0.0494410 0.0554709 0.0606261 0.0712042 0.0811840 0.0544815 0.0784758 0.0835770 0.0699349 0.0753623 0.0321543 0.0225703 0.0275679 0.0463041 0.0141636 0.0740415 0.0570956 0.0478510 0.0653128 0.0373077 0.0525978 0.0432198 0.0538589 0.0670717 0.0135018 0.0630924 0.0320416 0.0134056 0.0592781 0.0225261 0.0378546 0.0087917 0.0418326 0.0473814 0.0434415 0.0781102 0.0532725 0.0326366 0.1137169 0.0372358 0.0370264 0.0331281 0.0326271 
S0294         0.2990162 0.0815241 0.1108791 0.1161128 0.0829167 0.1287828 0.0964135 0.0834394 0.0000000 0.0947977 0.1389448 0.1411758 0.1453351 0.1351962 0.1229223 0.1018150 0.1100510 0.1197782 0.1042117 0.0763263 0.0767760 0.1176024 0.1369092 0.1291338 0.1171832 0.1066112 0.1222395 0.1350024 0.1268580 0.1126169 0.0963719 0.1488662 0.0957684 0.0877999 0.0877999 0.1342236 0.1096202 0.1363309 0.0939113 0.0763263 0.0980362 0.1277857 0.0888423 0.1470965 0.1126169 0.1108791 0.0820324 0.1246798 0.1013429 0.1104837 0.1157469 0.1235587 0.1254176 0.1240587 0.0908585 0.1153519 0.1014921 0.1272697 0.0959048 0.1250602 0.1187265 0.0665843 0.1072338 0.1096867 0.1539801 0.1489882 0.1201013 0.1115043 0.1045208 0.1861100 0.0589195 0.1154263 0.1470678 0.0883207 0.1270819 0.1027509 0.1156343 0.0813372 0.1254843 0.1321047 0.1219504 0.1411390 0.1268632 0.1058397 0.1445878 0.1403109 0.1316733 0.1219994 0.0840756 0.0937408 0.0859634 0.0971221 0.0699589 0.1432666 0.1144975 0.0937540 0.1145480 0.0998331 0.1171832 0.1144320 0.1072338 0.1255037 0.0750771 0.1218702 0.0880189 0.0822935 0.1386752 0.1000883 0.1104684 0.0820130 0.0768009 0.1010847 0.0982713 0.1442247 0.1234375 0.0969331 0.1423131 0.0723734 0.0943652 0.0911674 0.0969109 
S0299         0.3491819 0.0700142 0.0944007 0.1018067 0.0758980 0.1255857 0.0759218 0.0763765 0.0947977 0.0000000 0.1494893 0.1437563 0.0642070 0.1458729 0.0420301 0.0876381 0.1009521 0.1302188 0.0913382 0.0695607 0.0699614 0.0477170 0.1206381 0.0471420 0.1003248 0.0994021 0.0520422 0.1316840 0.0847236 0.1032268 0.1015149 0.1596509 0.0274586 0.0694757 0.0807096 0.0570497 0.0581753 0.1079012 0.0872245 0.0695607 0.0784784 0.1383544 0.0938429 0.1434242 0.1032268 0.0944007 0.0751042 0.1072509 0.0897106 0.0718971 0.0636407 0.1373803 0.0935298 0.0803454 0.0770988 0.0368733 0.1254943 0.1055739 0.1066841 0.1157165 0.1093621 0.0873648 0.1028582 0.1054192 0.1502917 0.1222227 0.1091571 0.0986122 0.1003248 0.1537039 0.0521389 0.0757244 0.1435231 0.0718089 0.0993150 0.0822798 0.0990835 0.0394760 0.0882064 0.0952858 0.1257681 0.0686071 0.0516674 0.1239754 0.1410169 0.1410169 0.1284958 0.1206016 0.0645371 0.0694573 0.0828766 0.0879028 0.0680699 0.1178994 0.0928264 0.0706403 0.0320577 0.0994618 0.1003248 0.0466071 0.1028582 0.1085710 0.0820970 0.1007011 0.0813027 0.0642197 0.0473263 0.0809789 0.0679201 0.0640199 0.0930598 0.0924816 0.0945367 0.1099323 0.1079623 0.0828760 0.1337262 0.0647080 0.0874626 0.0841844 0.0828563 
S0303         0.3502337 0.0842151 0.0962950 0.1030560 0.0712698 0.0089071 0.0819891 0.0850415 0.1389448 0.1494893 0.0000000 0.0578145 0.1240074 0.0274308 0.1204612 0.0984570 0.0906244 0.0320916 0.0993000 0.0777685 0.0782346 0.1064102 0.1035318 0.1186830 0.1023072 0.0833138 0.1237524 0.0088623 0.1161262 0.1097055 0.0798018 0.0654385 0.1224336 0.0776691 0.0894656 0.1542811 0.1038089 0.1082842 0.0964008 0.0777685 0.0916244 0.0226278 0.0842804 0.0133679 0.1097055 0.0962950 0.0835856 0.1093483 0.0904732 0.0975130 0.1187021 0.0540377 0.0961480 0.1173780 0.0727092 0.1300714 0.0508827 0.1245809 0.0915032 0.1223729 0.1159258 0.1098880 0.0776640 0.1324235 0.0639541 0.0708986 0.1087156 0.0908986 0.0902433 0.1514587 0.0526793 0.1008589 0.0586733 0.0845984 0.1225383 0.0887154 0.1010219 0.0983176 0.0896932 0.0956001 0.0134412 0.1492881 0.1462169 0.0384167 0.0043293 0.0180879 0.0536486 0.1171271 0.0772721 0.0952804 0.0972203 0.1018840 0.0579628 0.1371418 0.0948835 0.0968712 0.1312605 0.1000595 0.1023072 0.1118146 0.0776640 0.1041017 0.0910454 0.1243163 0.0769813 0.0785142 0.1229141 0.0897804 0.1176226 0.0719433 0.0659860 0.0893896 0.1048595 0.1106001 0.0881711 0.0784877 0.1502683 0.0836861 0.0831194 0.0797401 0.0784685 
S0308         0.3318933 0.0881968 0.0954732 0.0927253 0.0811371 0.0466297 0.0885064 0.0890493 0.1411758 0.1437563 0.0578145 0.0000000 0.1277823 0.0565851 0.1159463 0.1024038 0.1020637 0.0614721 0.1032689 0.0817751 0.0822594 0.0961593 0.1074351 0.1145712 0.1014298 0.0820216 0.1226498 0.0463816 0.1072045 0.1010532 0.0957503 0.0920955 0.1177914 0.0816715 0.0818568 0.1297659 0.1029064 0.0997290 0.1003152 0.0817751 0.0818820 0.0513330 0.0882728 0.0529787 0.1010532 0.0954732 0.0875502 0.0959546 0.0878556 0.0874424 0.1176360 0.0634849 0.0818375 0.1212087 0.0767760 0.1289087 0.0494556 0.1152512 0.0888310 0.1132648 0.1070532 0.1084043 0.0820846 0.1227359 0.0627279 0.0695107 0.0981114 0.0960374 0.0894777 0.1229336 0.0514088 0.1000087 0.0575498 0.0885973 0.1180762 0.1007126 0.0947702 0.0768822 0.0818575 0.0875484 0.0416586 0.1435552 0.1407226 0.0581880 0.0522168 0.0568625 0.0526197 0.1292738 0.0766352 0.1062431 0.1011510 0.1010154 0.0689885 0.1060030 0.0940878 0.0934053 0.1215717 0.1123272 0.1014298 0.1076933 0.0820846 0.0955728 0.0950085 0.1197364 0.0698663 0.0825485 0.1218264 0.0937143 0.1165761 0.0759869 0.0811893 0.1006877 0.1039445 0.1020621 0.0856734 0.0825116 0.1313729 0.0876570 0.0757628 0.0838058 0.0824921 
S0320         0.3382823 0.0535520 0.0580816 0.0658351 0.0643582 0.1088132 0.0632417 0.0647689 0.1453351 0.0642070 0.1240074 0.1277823 0.0000000 0.1211186 0.0429698 0.0708520 0.0637635 0.1069260 0.0767904 0.0583580 0.0586860 0.0280362 0.0984778 0.0377338 0.0633212 0.0793544 0.0469278 0.1081345 0.0625310 0.0866080 0.0872766 0.1300108 0.0384669 0.0479075 0.0691002 0.0579886 0.0425873 0.0831950 0.0752577 0.0583580 0.0663376 0.1142891 0.0802315 0.1183188 0.0866080 0.0580816 0.0636992 0.0691844 0.0692074 0.0717857 0.0524479 0.1188987 0.0765510 0.0581320 0.0481156 0.0418155 0.1262616 0.0884773 0.0839755 0.0866080 0.0808945 0.0924989 0.0758755 0.1132689 0.1254919 0.0880807 0.0886464 0.1052592 0.0633212 0.1210140 0.0449944 0.0525426 0.1192490 0.0644278 0.0926833 0.1000874 0.0738893 0.0291504 0.0650654 0.0714784 0.1025644 0.0751062 0.0467844 0.1011849 0.1164168 0.1218763 0.1056611 0.0870571 0.0525287 0.0807676 0.0648438 0.0744727 0.0625928 0.1113097 0.0682505 0.0697458 0.0421594 0.0995524 0.0633212 0.0273981 0.0758755 0.0836691 0.0702786 0.0868165 0.0523403 0.0588873 0.0424991 0.0693208 0.0520631 0.0530309 0.0735504 0.0629248 0.0765823 0.0819982 0.0645184 0.0533233 0.1468185 0.0642260 0.0577672 0.0648635 0.0533091 
S0322         0.3544022 0.0823174 0.0941100 0.1006998 0.0587916 0.0177098 0.0872557 0.0651275 0.1351962 0.1458729 0.0274308 0.0565851 0.1211186 0.0000000 0.1176008 0.0961903 0.1006044 0.0130923 0.0969970 0.0648406 0.0652143 0.1039017 0.0954390 0.1158965 0.0999834 0.0814525 0.1208716 0.0176209 0.1134521 0.1071936 0.0779739 0.0534563 0.1194927 0.0759345 0.0759345 0.1505916 0.0954533 0.1058184 0.0942096 0.0648406 0.0834907 0.0043085 0.0823765 0.0228530 0.1071936 0.0941100 0.0703570 0.1068434 0.0884229 0.0952730 0.1159075 0.0633306 0.0939677 0.1019739 0.0710760 0.1270462 0.0551221 0.1216763 0.0894088 0.1195642 0.1132695 0.0950007 0.0872788 0.1293084 0.0625764 0.0641749 0.1062392 0.1043563 0.0881996 0.1479429 0.0405137 0.0986030 0.0574103 0.0826825 0.1138102 0.0945677 0.0987571 0.0959201 0.0876712 0.0934415 0.0176706 0.1456715 0.1427507 0.0277563 0.0225354 0.0269754 0.0524913 0.1274070 0.0755559 0.0880498 0.0949970 0.0939906 0.0692707 0.1209506 0.0927642 0.0946685 0.1281866 0.0938553 0.0999834 0.1092010 0.0872788 0.1016982 0.0772488 0.1154298 0.0752771 0.0767434 0.1200698 0.0877584 0.1021722 0.0703395 0.0754876 0.0992617 0.0901862 0.1080391 0.0862174 0.0767220 0.1203825 0.0818081 0.0812670 0.0779222 0.0767034 
S0327         0.2978993 0.0438938 0.0596720 0.0722251 0.0488596 0.1051351 0.0537613 0.0491827 0.1229223 0.0420301 0.1204612 0.1159463 0.0429698 0.1176008 0.0000000 0.0598244 0.0655367 0.1032711 0.0788653 0.0432072 0.0434459 0.0136631 0.0869174 0.0228609 0.0650731 0.0755520 0.0275188 0.1044685 0.0578733 0.0889155 0.0759865 0.1404706 0.0278920 0.0331148 0.0535839 0.0522882 0.0231235 0.0666963 0.0529223 0.0432072 0.0727873 0.1107001 0.0692836 0.1146813 0.0889155 0.0596720 0.0483657 0.0711350 0.0710322 0.0663641 0.0325964 0.1154085 0.0482999 0.0430276 0.0439689 0.0322880 0.1050860 0.0977008 0.0862854 0.1007847 0.0947520 0.0875334 0.0780719 0.0956962 0.1220746 0.0842516 0.0891794 0.0868025 0.0650731 0.0967884 0.0349439 0.0536301 0.1157526 0.0551822 0.0693362 0.0709438 0.0643494 0.0243600 0.0494068 0.0554412 0.0988115 0.0373198 0.0469761 0.0974617 0.1128030 0.1183460 0.1020416 0.0896266 0.0431659 0.0647211 0.0492162 0.0648588 0.0403848 0.0878574 0.0696951 0.0536932 0.0325540 0.0825946 0.0650731 0.0133597 0.0780719 0.0670567 0.0545037 0.0766616 0.0482985 0.0435952 0.0229600 0.0479946 0.0323677 0.0380794 0.0629246 0.0594687 0.0667355 0.0781161 0.0717297 0.0492247 0.1308933 0.0602128 0.0537573 0.0608262 0.0492111 
S0335         0.2475898 0.0324907 0.0482025 0.0597573 0.0421990 0.0845480 0.0326967 0.0424727 0.1018150 0.0876381 0.0984570 0.1024038 0.0708520 0.0961903 0.0598244 0.0000000 0.0419488 0.0830682 0.0480202 0.0368805 0.0370758 0.0548673 0.0755235 0.0650669 0.0533494 0.0579582 0.0636646 0.0840378 0.0684629 0.0655263 0.0649112 0.1170395 0.0601337 0.0272706 0.0467537 0.0873979 0.0476869 0.0780395 0.0471250 0.0368805 0.0671276 0.0898486 0.0536324 0.0929804 0.0655263 0.0482025 0.0417891 0.0544601 0.0535101 0.0726274 0.0525167 0.0944683 0.0714982 0.0582068 0.0179271 0.0689397 0.1001945 0.0825378 0.0670781 0.0766068 0.0709875 0.0738499 0.0654635 0.0812843 0.1006190 0.0726365 0.0832978 0.0807687 0.0533494 0.0878127 0.0297697 0.0527344 0.0947287 0.0426547 0.0591381 0.0744763 0.0527887 0.0350528 0.0601233 0.0664369 0.0786685 0.0751988 0.0926416 0.0776447 0.0915118 0.0967561 0.0821774 0.0526165 0.0326133 0.0572853 0.0424919 0.0428526 0.0393997 0.0843745 0.0374468 0.0336881 0.0702785 0.0741301 0.0533494 0.0535385 0.0654635 0.0784784 0.0475313 0.0599354 0.0324976 0.0371989 0.0701118 0.0367434 0.0521310 0.0320054 0.0525450 0.0472699 0.0228822 0.0846527 0.0435439 0.0225699 0.1353047 0.0433409 0.0375540 0.0324879 0.0133360 
S0345         0.2247206 0.0423859 0.0323023 0.0477896 0.0526422 0.0772709 0.0371053 0.0529784 0.1100510 0.1009521 0.0906244 0.1020637 0.0637635 0.1006044 0.0655367 0.0419488 0.0000000 0.0874668 0.0422621 0.0470385 0.0472934 0.0493062 0.0798564 0.0708752 0.0371414 0.0418651 0.0641511 0.0768164 0.0799362 0.0744502 0.0692786 0.1214807 0.0722460 0.0370906 0.0572599 0.0936739 0.0480306 0.0904260 0.0630025 0.0470385 0.0544556 0.0942625 0.0628895 0.0975093 0.0744502 0.0323023 0.0521207 0.0423685 0.0578508 0.0596781 0.0529002 0.0988200 0.0777104 0.0693984 0.0222103 0.0694746 0.0924102 0.0869021 0.0715554 0.0855119 0.0798974 0.0855383 0.0481665 0.0934585 0.1049669 0.0770970 0.0816987 0.0791637 0.0371414 0.1036091 0.0343959 0.0468912 0.0990922 0.0424504 0.0687631 0.0863106 0.0469359 0.0349996 0.0716685 0.0783369 0.0715767 0.0811682 0.0989941 0.0762632 0.0839551 0.0890741 0.0865234 0.0178056 0.0273396 0.0682524 0.0530201 0.0472853 0.0395895 0.0850535 0.0519158 0.0425841 0.0753395 0.0747131 0.0371414 0.0481241 0.0481665 0.0909594 0.0523349 0.0696827 0.0272442 0.0474520 0.0706657 0.0574323 0.0525084 0.0419805 0.0467216 0.0088424 0.0371038 0.0891108 0.0584132 0.0268445 0.1247759 0.0477156 0.0321362 0.0272360 0.0268367 
S0355         0.3339194 0.0699838 0.0812582 0.0943100 0.0476040 0.0222000 0.0748249 0.0535264 0.1197782 0.1302188 0.0320916 0.0614721 0.1069260 0.0130923 0.1032711 0.0830682 0.0874668 0.0000000 0.0837496 0.0533009 0.0535999 0.0911385 0.0940245 0.1017895 0.0869031 0.0802618 0.1066993 0.0220890 0.0997019 0.0937424 0.0656057 0.0584762 0.1113341 0.0639424 0.0639424 0.1349393 0.0823863 0.0993707 0.0813336 0.0533009 0.0773795 0.0086420 0.0700120 0.0275000 0.0937424 0.0812582 0.0585903 0.0934031 0.0757939 0.0889445 0.1017648 0.0683884 0.0877392 0.0885708 0.0591952 0.1126603 0.0602939 0.1074457 0.0831982 0.1056312 0.0995867 0.0819879 0.0812197 0.1146711 0.0675724 0.0692929 0.0997809 0.0977250 0.0755900 0.1372196 0.0298089 0.0857621 0.0623640 0.0702762 0.1000300 0.0816132 0.0858823 0.0820538 0.0815841 0.0872488 0.0221518 0.1300065 0.1275115 0.0324739 0.0271176 0.0315625 0.0574178 0.1130101 0.0636399 0.0754600 0.0820133 0.0811872 0.0568467 0.1067276 0.0914250 0.0817625 0.1136590 0.0810303 0.0869031 0.0954027 0.0812197 0.0952292 0.0650374 0.1014307 0.0634084 0.0646069 0.1060139 0.0752305 0.0887331 0.0585752 0.0635714 0.0863055 0.0773053 0.1014444 0.0802523 0.0646121 0.1135810 0.0695435 0.0691027 0.0656102 0.0645957 
S0376         0.2576587 0.0430499 0.0590885 0.0651756 0.0486634 0.0852516 0.0429173 0.0489838 0.1042117 0.0913382 0.0993000 0.1032689 0.0767904 0.0969970 0.0788653 0.0480202 0.0422621 0.0837496 0.0000000 0.0430410 0.0432776 0.0736921 0.0761269 0.0844806 0.0644103 0.0429612 0.0600919 0.0847338 0.0762113 0.0549160 0.0535775 0.1180576 0.0795310 0.0429921 0.0533650 0.0960762 0.0652781 0.0988389 0.0591303 0.0430410 0.0615366 0.0905961 0.0533224 0.0937770 0.0549160 0.0590885 0.0481738 0.0703733 0.0387897 0.0669764 0.0654965 0.0900868 0.0915830 0.0766969 0.0274445 0.0654659 0.0935133 0.0668236 0.0514504 0.0657573 0.0602647 0.0818676 0.0659857 0.0779903 0.1014558 0.0848451 0.0674498 0.0761845 0.0644103 0.1070310 0.0196771 0.0636313 0.0955126 0.0439474 0.0704954 0.0752287 0.0637049 0.0300545 0.0792351 0.0862418 0.0793196 0.0900481 0.0967398 0.0782794 0.0922847 0.0922847 0.0828422 0.0579077 0.0327903 0.0536674 0.0547744 0.0534857 0.0460980 0.0926543 0.0582195 0.0436660 0.0772583 0.0639865 0.0644103 0.0718157 0.0659857 0.0994489 0.0483733 0.0667758 0.0327400 0.0434256 0.0781144 0.0535269 0.0698690 0.0379376 0.0427460 0.0534326 0.0532686 0.0853582 0.0652260 0.0322498 0.1151918 0.0482137 0.0378367 0.0132150 0.0322405 
S0400         0.2502730 0.0178052 0.0417673 0.0591410 0.0043364 0.0651446 0.0365445 0.0043663 0.0763263 0.0695607 0.0777685 0.0817751 0.0583580 0.0648406 0.0432072 0.0368805 0.0470385 0.0533009 0.0430410 0.0000000 0.0000010 0.0384066 0.0573378 0.0481851 0.0466974 0.0413180 0.0471795 0.0647717 0.0518411 0.0523398 0.0473976 0.0831528 0.0539162 0.0086528 0.0086528 0.0692562 0.0321776 0.0600986 0.0222585 0.0000010 0.0436881 0.0592112 0.0417290 0.0725661 0.0523398 0.0417673 0.0042973 0.0520946 0.0369679 0.0541150 0.0425482 0.0747180 0.0540947 0.0378130 0.0226082 0.0521864 0.0790799 0.0636623 0.0489548 0.0626902 0.0574468 0.0415101 0.0477987 0.0580145 0.0804087 0.0588251 0.0642360 0.0612564 0.0466974 0.0723639 0.0093185 0.0461852 0.0749094 0.0180327 0.0626543 0.0418004 0.0462283 0.0291926 0.0434372 0.0492207 0.0542283 0.0645133 0.0743029 0.0483427 0.0714600 0.0764433 0.0634034 0.0686719 0.0269274 0.0176416 0.0224420 0.0465674 0.0092137 0.0737150 0.0511347 0.0420597 0.0588441 0.0318817 0.0466974 0.0375093 0.0477987 0.0604097 0.0087945 0.0634796 0.0268348 0.0087321 0.0530502 0.0176093 0.0323424 0.0042959 0.0363285 0.0416542 0.0377047 0.0711291 0.0472973 0.0273258 0.1131376 0.0318248 0.0316516 0.0277309 0.0273177 
S0405         0.2522376 0.0178958 0.0419907 0.0594775 0.0043578 0.0655208 0.0367365 0.0043880 0.0767760 0.0699614 0.0782346 0.0822594 0.0586860 0.0652143 0.0434459 0.0370758 0.0472934 0.0535999 0.0432776 0.0000010 0.0000000 0.0386188 0.0576551 0.0484529 0.0469490 0.0415366 0.0474361 0.0651445 0.0521228 0.0526269 0.0476569 0.0836527 0.0542210 0.0086956 0.0086956 0.0696534 0.0323475 0.0604450 0.0223722 0.0000010 0.0439323 0.0595485 0.0419520 0.0730004 0.0526269 0.0419907 0.0043183 0.0523796 0.0371645 0.0544222 0.0427796 0.0751497 0.0544009 0.0380184 0.0227252 0.0524719 0.0795619 0.0640226 0.0492307 0.0630393 0.0577642 0.0417307 0.0480628 0.0583378 0.0808771 0.0591583 0.0646026 0.0616162 0.0469490 0.0728702 0.0093681 0.0464310 0.0753427 0.0181257 0.0630038 0.0420245 0.0464747 0.0293557 0.0436781 0.0494991 0.0545368 0.0648841 0.0747286 0.0486120 0.0718811 0.0768944 0.0637604 0.0690615 0.0270661 0.0177307 0.0225574 0.0468175 0.0092622 0.0741348 0.0514089 0.0422859 0.0591773 0.0320487 0.0469490 0.0377107 0.0480628 0.0607601 0.0088386 0.0638384 0.0269725 0.0087756 0.0533445 0.0176980 0.0325142 0.0043169 0.0365184 0.0418762 0.0379098 0.0715467 0.0475549 0.0274685 0.1138452 0.0319911 0.0318161 0.0278778 0.0274603 
S0407sl       0.2687946 0.0390180 0.0437522 0.0383693 0.0439819 0.0918246 0.0488804 0.0442770 0.1176024 0.0477170 0.1064102 0.0961593 0.0280362 0.1039017 0.0136631 0.0548673 0.0493062 0.0911385 0.0736921 0.0384066 0.0386188 0.0000000 0.0836648 0.0182766 0.0489351 0.0705708 0.0229187 0.0912548 0.0530698 0.0720881 0.0783215 0.1257707 0.0232325 0.0283754 0.0487275 0.0424222 0.0184866 0.0391690 0.0544549 0.0384066 0.0438187 0.0972830 0.0713602 0.1007545 0.0720881 0.0437522 0.0435365 0.0546342 0.0598166 0.0489214 0.0279251 0.1019914 0.0333021 0.0382430 0.0390842 0.0276645 0.1002336 0.0801687 0.0614972 0.0835802 0.0777457 0.0761091 0.0487292 0.0844293 0.1084043 0.0719678 0.0648738 0.0618736 0.0489351 0.0999941 0.0407244 0.0435453 0.1022843 0.0501832 0.0650723 0.0778883 0.0594241 0.0144590 0.0285028 0.0339289 0.0857225 0.0428904 0.0422816 0.0845758 0.0991222 0.1045379 0.0891765 0.0721609 0.0383629 0.0597749 0.0443004 0.0598946 0.0351804 0.0763854 0.0593128 0.0488226 0.0278936 0.0775046 0.0489351 0.0000021 0.0487292 0.0446191 0.0495717 0.0652684 0.0434704 0.0387523 0.0281186 0.0488749 0.0277302 0.0333143 0.0647637 0.0436254 0.0616462 0.0547044 0.0540322 0.0443097 0.1197288 0.0552206 0.0488778 0.0557926 0.0442970 
S0412sl       0.2456410 0.0630461 0.0738913 0.0826898 0.0632297 0.0894145 0.0677692 0.0569977 0.1369092 0.1206381 0.1035318 0.1074351 0.0984778 0.0954390 0.0869174 0.0755235 0.0798564 0.0940245 0.0761269 0.0573378 0.0576551 0.0836648 0.0000000 0.1005416 0.0793362 0.0623993 0.0982668 0.0888738 0.1032564 0.0747119 0.0689066 0.1076823 0.0962891 0.0572712 0.0679061 0.1253000 0.0743180 0.1030536 0.0626527 0.0573378 0.0833346 0.0891159 0.0625409 0.0980291 0.0747119 0.0738913 0.0625918 0.0855512 0.0636225 0.0890037 0.0934170 0.0993350 0.1013963 0.0955336 0.0526463 0.1040294 0.0982937 0.0872854 0.0718012 0.0858753 0.0802076 0.0974335 0.0812582 0.0956644 0.1055570 0.0715378 0.0827771 0.0802328 0.0793362 0.1091914 0.0239167 0.0676022 0.0996118 0.0632972 0.0685679 0.0983688 0.0784404 0.0623071 0.0951992 0.1025562 0.0834873 0.1204249 0.1308796 0.0777016 0.0964801 0.1017491 0.0869012 0.0917401 0.0570118 0.0793785 0.0745632 0.0672115 0.0556934 0.1239138 0.0623328 0.0743564 0.1049341 0.0978522 0.0793362 0.0873279 0.0812582 0.1163304 0.0690490 0.0798229 0.0568089 0.0578501 0.1058755 0.0631571 0.0926423 0.0521002 0.0564928 0.0788128 0.0812762 0.1015420 0.0751633 0.0578664 0.1478995 0.0626513 0.0622691 0.0587420 0.0578515 
S0417         0.3075742 0.0489539 0.0649225 0.0777177 0.0481851 0.1036077 0.0588863 0.0543024 0.1291338 0.0471420 0.1186830 0.1145712 0.0377338 0.1158965 0.0228609 0.0650669 0.0708752 0.1017895 0.0844806 0.0481851 0.0484529 0.0182766 0.1005416 0.0000000 0.0703846 0.0809352 0.0225409 0.1029593 0.0419868 0.0945614 0.0890807 0.1383995 0.0229617 0.0379798 0.0586791 0.0367971 0.0278429 0.0604405 0.0645927 0.0481851 0.0667505 0.1091018 0.0818498 0.1059223 0.0945614 0.0649225 0.0534022 0.0765558 0.0764320 0.0722473 0.0274546 0.1137617 0.0485834 0.0375738 0.0490389 0.0273449 0.1123983 0.0966562 0.0920822 0.1018216 0.1004640 0.0813894 0.0836508 0.0895089 0.1067489 0.0830578 0.0948439 0.0926288 0.0703846 0.0974222 0.0519719 0.0481609 0.1007537 0.0604392 0.0810239 0.0886068 0.0641222 0.0094435 0.0436726 0.0494936 0.0973764 0.0421378 0.0417816 0.0960634 0.1111508 0.1166195 0.1005976 0.0953346 0.0481477 0.0699863 0.0543481 0.0701455 0.0456119 0.0753887 0.0749876 0.0588062 0.0275688 0.0834457 0.0594553 0.0178696 0.0836508 0.0607553 0.0596839 0.0821339 0.0533347 0.0486193 0.0277886 0.0588608 0.0371260 0.0429945 0.0749980 0.0646909 0.0721687 0.0715437 0.0771738 0.0543556 0.1204141 0.0654960 0.0588796 0.0661569 0.0543409 
S0419         0.2698632 0.0420710 0.0043159 0.0536604 0.0522648 0.0884232 0.0368263 0.0525978 0.1171832 0.1003248 0.1023072 0.1014298 0.0633212 0.0999834 0.0650731 0.0533494 0.0371414 0.0869031 0.0644103 0.0466974 0.0469490 0.0489351 0.0793362 0.0703846 0.0000000 0.0618094 0.0637034 0.0878961 0.0685210 0.0739562 0.0474533 0.1207818 0.0717412 0.0368117 0.0568601 0.0930814 0.0431699 0.0898344 0.0625681 0.0466974 0.0432710 0.0936675 0.0624568 0.0968840 0.0739562 0.0043159 0.0517498 0.0131985 0.0472161 0.0482974 0.0589444 0.0982146 0.0771814 0.0760122 0.0323167 0.0690004 0.0992075 0.0863452 0.0710600 0.0849693 0.0793791 0.0849929 0.0374451 0.0806832 0.1043384 0.0765751 0.0811622 0.0786202 0.0086828 0.0876553 0.0341182 0.0465522 0.0984841 0.0523195 0.0577191 0.0857558 0.0465961 0.0399356 0.0711707 0.0778023 0.0825818 0.0882365 0.0983848 0.0815188 0.0953740 0.1005680 0.0859706 0.0580797 0.0271274 0.0677916 0.0526382 0.0469410 0.0445914 0.0921007 0.0515476 0.0472576 0.0748343 0.0853343 0.0086828 0.0477692 0.0374451 0.0779619 0.0475205 0.0692057 0.0365316 0.0471056 0.0701784 0.0525876 0.0584951 0.0416707 0.0564224 0.0366561 0.0482579 0.0885323 0.0580005 0.0372049 0.1466943 0.0473662 0.0415617 0.0478388 0.0371943 
S0427         0.2676298 0.0465764 0.0567018 0.0752749 0.0466968 0.0704636 0.0511360 0.0469944 0.1066112 0.0994021 0.0833138 0.0820216 0.0793544 0.0814525 0.0755520 0.0579582 0.0418651 0.0802618 0.0429612 0.0413180 0.0415366 0.0705708 0.0623993 0.0809352 0.0618094 0.0000000 0.0791779 0.0700582 0.0789407 0.0677979 0.0627476 0.1008110 0.0767247 0.0412730 0.0512271 0.1039801 0.0626104 0.0946166 0.0567396 0.0413180 0.0648286 0.0755354 0.0566447 0.0780859 0.0677979 0.0567018 0.0462444 0.0675122 0.0517445 0.0701469 0.0744496 0.0689340 0.0877082 0.0807182 0.0368065 0.0845911 0.0778347 0.0797714 0.0647864 0.0785262 0.0730841 0.0785208 0.0632684 0.0860743 0.0745093 0.0701590 0.0804865 0.0779509 0.0618094 0.1021322 0.0287324 0.0610935 0.0691064 0.0368203 0.0785220 0.0791972 0.0506755 0.0448134 0.0758995 0.0825751 0.0649374 0.0991935 0.1092928 0.0586852 0.0768948 0.0819015 0.0578632 0.0630404 0.0411008 0.0618351 0.0572024 0.0616194 0.0441341 0.1084602 0.0560176 0.0520031 0.0853055 0.0680013 0.0618094 0.0688411 0.0632684 0.0832214 0.0464281 0.0795640 0.0314402 0.0416735 0.0860347 0.0513760 0.0738695 0.0364214 0.0410452 0.0413218 0.0633192 0.0932623 0.0625705 0.0417057 0.1190525 0.0462807 0.0363283 0.0324877 0.0416943 
S0428sl       0.2816030 0.0424989 0.0584217 0.0768427 0.0528061 0.1085815 0.0423983 0.0531450 0.1222395 0.0520422 0.1237524 0.1226498 0.0469278 0.1208716 0.0275188 0.0636646 0.0641511 0.1066993 0.0600919 0.0471795 0.0474361 0.0229187 0.0982668 0.0225409 0.0637034 0.0791779 0.0000000 0.1079036 0.0412185 0.0874142 0.0807371 0.1434773 0.0322866 0.0371958 0.0574404 0.0415311 0.0226656 0.0591318 0.0632083 0.0471795 0.0774374 0.1140503 0.0739448 0.1109773 0.0874142 0.0584217 0.0522811 0.0696192 0.0698753 0.0830285 0.0179309 0.1133425 0.0480448 0.0368060 0.0479975 0.0131862 0.1209726 0.0959878 0.0847881 0.0943871 0.0931384 0.0910424 0.0763761 0.0873018 0.1116010 0.0878843 0.0953231 0.0931147 0.0637034 0.0807163 0.0453025 0.0525271 0.1056019 0.0543021 0.0750024 0.0866258 0.0630111 0.0093402 0.0427548 0.0484365 0.1023410 0.0423668 0.0465792 0.1009661 0.1161729 0.1161729 0.1054391 0.0812802 0.0323751 0.0577672 0.0484484 0.0528687 0.0450831 0.0632364 0.0575696 0.0532324 0.0322677 0.0815823 0.0637034 0.0224069 0.0763761 0.0594322 0.0584048 0.0760222 0.0522149 0.0475957 0.0226682 0.0576141 0.0317297 0.0421028 0.0733845 0.0582287 0.0653026 0.0591573 0.0754721 0.0531945 0.1394793 0.0640743 0.0576303 0.0647094 0.0531804 
S0430         0.3408630 0.0708022 0.0821955 0.0885149 0.0587307 0.0000021 0.0756869 0.0714784 0.1350024 0.1316840 0.0088623 0.0463816 0.1081345 0.0176209 0.1044685 0.0840378 0.0768164 0.0220890 0.0847338 0.0647717 0.0651445 0.0912548 0.0888738 0.1029593 0.0878961 0.0700582 0.1079036 0.0000000 0.1008296 0.0948091 0.0663928 0.0584469 0.1061544 0.0646929 0.0758512 0.1364280 0.0891363 0.0935444 0.0822728 0.0647717 0.0775953 0.0130846 0.0708334 0.0134926 0.0948091 0.0821955 0.0702810 0.0944664 0.0766764 0.0831842 0.1029379 0.0526984 0.0820640 0.1018480 0.0599007 0.1139174 0.0495768 0.1086610 0.0775198 0.1068101 0.1007086 0.0948878 0.0756721 0.1159622 0.0520802 0.0584456 0.0939450 0.0917255 0.0764696 0.1300180 0.0404298 0.0867301 0.0470581 0.0711018 0.1069013 0.0825601 0.0868540 0.0830701 0.0760120 0.0816042 0.0043178 0.1314714 0.1289250 0.0277298 0.0043697 0.0087137 0.0422475 0.1017010 0.0643834 0.0879486 0.0829654 0.0875656 0.0518504 0.1205001 0.0810646 0.0827082 0.1149353 0.0937454 0.0878961 0.0965077 0.0756721 0.0893675 0.0771625 0.1084114 0.0641472 0.0653716 0.1072047 0.0761019 0.1020466 0.0592695 0.0643145 0.0757861 0.0900801 0.0954951 0.0747859 0.0653755 0.1330381 0.0703548 0.0699043 0.0663940 0.0653587 
S0478         0.2890900 0.0526481 0.0632204 0.0944408 0.0575363 0.1014514 0.0678585 0.0578993 0.1268580 0.0847236 0.1161262 0.1072045 0.0625310 0.1134521 0.0578733 0.0684629 0.0799362 0.0997019 0.0762113 0.0518411 0.0521228 0.0530698 0.1032564 0.0419868 0.0685210 0.0789407 0.0412185 0.1008296 0.0000000 0.0973895 0.0695905 0.1353525 0.0581624 0.0418082 0.0621464 0.0622197 0.0573608 0.0579024 0.0679811 0.0518411 0.0832197 0.1068286 0.0738934 0.1036766 0.0973895 0.0632204 0.0569657 0.0744918 0.0687093 0.0888650 0.0465068 0.1114052 0.0476979 0.0519557 0.0527386 0.0463076 0.1182008 0.1041460 0.0950542 0.1045139 0.1031625 0.0734909 0.0928010 0.1041532 0.1045733 0.0928776 0.1119903 0.1102756 0.0579138 0.0532798 0.0504125 0.0675466 0.0987149 0.0639674 0.0859628 0.0802407 0.0735113 0.0238664 0.0424513 0.0474361 0.0953667 0.0682790 0.0676585 0.0941075 0.1087972 0.1141440 0.0985650 0.1043975 0.0571037 0.0732672 0.0579529 0.0791387 0.0501035 0.0789627 0.0838762 0.0744419 0.0630417 0.0819164 0.0685210 0.0518241 0.0928010 0.0536742 0.0527550 0.0987770 0.0569005 0.0522970 0.0470597 0.0623357 0.0566045 0.0467349 0.0674630 0.0736993 0.0813548 0.0534210 0.0803681 0.0579595 0.1384913 0.0689065 0.0623605 0.0695793 0.0579445 
S0552sl       0.2664968 0.0518324 0.0685978 0.0641547 0.0580982 0.0953872 0.0579209 0.0584674 0.1126169 0.1032268 0.1097055 0.1010532 0.0866080 0.1071936 0.0889155 0.0655263 0.0744502 0.0937424 0.0549160 0.0523398 0.0526269 0.0720881 0.0747119 0.0945614 0.0739562 0.0677979 0.0874142 0.0948091 0.0973895 0.0000000 0.0683559 0.1285824 0.0886131 0.0522799 0.0627504 0.1010075 0.0749498 0.0847631 0.0686520 0.0523398 0.0646316 0.1007086 0.0620737 0.1041976 0.0000010 0.0685978 0.0472928 0.0690714 0.0369301 0.0699258 0.0750416 0.0919680 0.0779826 0.0943260 0.0476804 0.0930494 0.1116453 0.0178743 0.0276074 0.0087009 0.0043196 0.0866723 0.0650811 0.0828676 0.1115528 0.0949203 0.0432179 0.0550476 0.0739562 0.1273347 0.0191393 0.0624760 0.1055720 0.0471522 0.0754351 0.0925185 0.0625464 0.0621961 0.0775402 0.0843784 0.0894075 0.0999136 0.1142122 0.0882391 0.1025568 0.0941352 0.0927014 0.0908729 0.0474174 0.0641527 0.0576823 0.0689061 0.0560435 0.1127835 0.0629971 0.0432180 0.0938553 0.0920470 0.0739562 0.0816695 0.0650811 0.0972748 0.0638038 0.0700224 0.0518631 0.0528044 0.0998305 0.0584552 0.0869067 0.0471817 0.0622613 0.0734782 0.0711638 0.0955076 0.0688658 0.0528275 0.1165238 0.0575685 0.0572230 0.0536254 0.0528135 
S0558         0.2550934 0.0418153 0.0474533 0.0701241 0.0530607 0.0667850 0.0520510 0.0534031 0.0963719 0.1015149 0.0798018 0.0957503 0.0872766 0.0779739 0.0759865 0.0649112 0.0692786 0.0656057 0.0535775 0.0473976 0.0476569 0.0783215 0.0689066 0.0890807 0.0474533 0.0627476 0.0807371 0.0663928 0.0695905 0.0683559 0.0000000 0.0976380 0.0771757 0.0473438 0.0577218 0.1061847 0.0697302 0.0961373 0.0525771 0.0473976 0.0597142 0.0719656 0.0318356 0.0744585 0.0683559 0.0474533 0.0525300 0.0581297 0.0420981 0.0650026 0.0750820 0.0807298 0.0781914 0.0888488 0.0427446 0.0862743 0.0933616 0.0804496 0.0653345 0.0791825 0.0736899 0.0750941 0.0704743 0.0825294 0.0940915 0.0894431 0.0811765 0.0786395 0.0423876 0.1038583 0.0191253 0.0679695 0.0882875 0.0471157 0.0584914 0.0705732 0.0680506 0.0510827 0.0780912 0.0838424 0.0723939 0.0946492 0.0941288 0.0603907 0.0732951 0.0712728 0.0760012 0.0797648 0.0418143 0.0629831 0.0576659 0.0627574 0.0453620 0.0987439 0.0674466 0.0581279 0.0870178 0.0814560 0.0525285 0.0763352 0.0704743 0.0904537 0.0482450 0.0811368 0.0469688 0.0478182 0.0943590 0.0530031 0.0815591 0.0422914 0.0322260 0.0683669 0.0705151 0.0899891 0.0696590 0.0478467 0.1207475 0.0525752 0.0522626 0.0429386 0.0478337 
S0616         0.3406146 0.1018931 0.1145376 0.1087716 0.0765425 0.0587758 0.1069815 0.0825964 0.1488662 0.1596509 0.0654385 0.0920955 0.1300108 0.0534563 0.1404706 0.1170395 0.1214807 0.0584762 0.1180576 0.0831528 0.0836527 0.1257707 0.1076823 0.1383995 0.1207818 0.1008110 0.1434773 0.0584469 0.1353525 0.1285824 0.0976380 0.0000000 0.1427448 0.0949626 0.0949626 0.1607118 0.1152332 0.1190976 0.1146824 0.0831528 0.1034634 0.0480855 0.1020166 0.0658324 0.1285824 0.1145376 0.0890261 0.1282332 0.1084815 0.1160326 0.1384847 0.0798598 0.1067737 0.1233239 0.0899229 0.1499999 0.0772167 0.1383539 0.1097336 0.1417451 0.1350386 0.1157099 0.1070901 0.1526691 0.0846734 0.0751419 0.1144561 0.1261609 0.1082368 0.1688998 0.0576910 0.1189833 0.0791944 0.1023854 0.1127636 0.1151852 0.1191986 0.1180586 0.1001778 0.1061728 0.0586334 0.1708002 0.1525230 0.0427176 0.0648474 0.0697208 0.0683954 0.1503664 0.0944515 0.1080564 0.1156405 0.1059733 0.0890633 0.1509649 0.1003981 0.1151648 0.1513736 0.1142466 0.1207818 0.1311943 0.1070901 0.1150184 0.0966340 0.1283058 0.0940962 0.0960127 0.1340800 0.1076517 0.1235848 0.0890055 0.0943923 0.1198459 0.0947640 0.1297483 0.0935889 0.0959318 0.1500418 0.1012785 0.1005655 0.0974641 0.0959101 
