80
PAFTOL_019361 0.0000000 0.1112094 0.1443896 0.1235836 0.1205241 0.1103772 0.1021289 0.1412576 0.1492988 0.1197066 0.1118370 0.1281244 0.1092306 0.1251052 0.1430849 0.1124532 0.1411545 0.1153937 0.1293874 0.1103591 0.1116036 0.1465250 0.1243756 0.1199028 0.0847553 0.1038022 0.1461252 0.1124197 0.1291267 0.1222035 0.1344195 0.1159652 0.1242265 0.1165635 0.1223911 0.1405794 0.1249432 0.1422441 0.1223911 0.0992823 0.1269267 0.1479132 0.1221801 0.1354559 0.1492988 0.1160544 0.0938091 0.1134773 0.0851359 0.1006561 0.1124740 0.1322546 0.1372402 0.1162615 0.1286111 0.1360588 0.1183095 0.1083216 0.1412709 0.1406488 0.1298001 0.1134692 0.1343158 0.1226802 0.1136898 0.1050576 0.1472636 0.1049211 0.1217259 0.1067294 0.0921734 0.1120144 0.1232752 0.1295788 0.1046770 0.1288369 0.1094199 0.1248420 0.1103971 0.1257169 
S0055         0.1112094 0.0000000 0.0734578 0.0354822 0.0595545 0.0302902 0.0233087 0.0495141 0.0727479 0.0652704 0.0266948 0.0397858 0.0573993 0.0364365 0.0501573 0.0445724 0.0495437 0.0493735 0.0556909 0.0263235 0.0607530 0.0775797 0.0880138 0.0367497 0.0241227 0.0510033 0.0776960 0.0538245 0.0520492 0.0523360 0.0650453 0.0976251 0.0641717 0.0813752 0.0867069 0.0760263 0.0307989 0.0717416 0.0867069 0.0169712 0.0263244 0.0545191 0.0503175 0.0607357 0.0727479 0.0404316 0.0213456 0.0547794 0.0043259 0.0260271 0.0000023 0.0595018 0.0448737 0.0492261 0.0708759 0.0450208 0.0126344 0.0591524 0.0495177 0.0702238 0.0559102 0.0263157 0.0550596 0.0651910 0.0542011 0.0213698 0.0543208 0.0213452 0.0451750 0.0259184 0.0127961 0.0610579 0.0692696 0.0510896 0.0427259 0.0600054 0.0499079 0.0541604 0.0508414 0.0590291 
S0288         0.1443896 0.0734578 0.0000000 0.0848727 0.1003387 0.0730279 0.0675762 0.1016358 0.0000023 0.1074104 0.0738681 0.0895299 0.0867837 0.0859344 0.0958038 0.0974143 0.0900267 0.0618176 0.0852387 0.0611082 0.1025629 0.0000020 0.1170644 0.0933515 0.0400264 0.0912382 0.0562915 0.0089423 0.0879657 0.0875985 0.0952631 0.1289183 0.0951378 0.1159646 0.1220566 0.1199711 0.1000462 0.1158781 0.1220566 0.0676933 0.0921657 0.1010645 0.0789275 0.0909207 0.0000023 0.0783423 0.0683292 0.0950161 0.0470615 0.0685675 0.0742798 0.1002283 0.0922691 0.0891756 0.1062589 0.0829499 0.0797099 0.0995084 0.0950342 0.1011141 0.0855621 0.0804182 0.0840908 0.1141351 0.0937892 0.0624169 0.1073874 0.0730418 0.0837381 0.0738249 0.0563586 0.1031086 0.1112837 0.0969791 0.0709323 0.0985770 0.0893344 0.1048664 0.0912298 0.0992707 
S0289         0.1235836 0.0354822 0.0848727 0.0000000 0.0452151 0.0601750 0.0495382 0.0127048 0.0840362 0.0654725 0.0458108 0.0213436 0.0468668 0.0505589 0.0128693 0.0710732 0.0127174 0.0339742 0.0509057 0.0451378 0.0609379 0.0897382 0.0883272 0.0671084 0.0292674 0.0412503 0.0840086 0.0594605 0.0417313 0.0419652 0.0652456 0.0979838 0.0531528 0.0816516 0.0870093 0.0710608 0.0612878 0.0566122 0.0870093 0.0453478 0.0516047 0.0170943 0.0456126 0.0559119 0.0840362 0.0310880 0.0502018 0.0549381 0.0319538 0.0361721 0.0358410 0.0451775 0.0770003 0.0399149 0.0559427 0.0171754 0.0359368 0.0593262 0.0127055 0.0704465 0.0504651 0.0563895 0.0552199 0.0505626 0.0446701 0.0502678 0.0170367 0.0502063 0.0357302 0.0554788 0.0307047 0.0612448 0.0694855 0.0463123 0.0424731 0.0702817 0.0500481 0.0446366 0.0611453 0.0542377 
S0292         0.1205241 0.0595545 0.1003387 0.0452151 0.0000000 0.0743827 0.0493214 0.0596824 0.0993488 0.0307924 0.0598651 0.0640986 0.0319130 0.0707307 0.0604618 0.0910649 0.0499240 0.0437577 0.0700813 0.0635655 0.0264451 0.1061003 0.0815592 0.0772514 0.0189320 0.0452960 0.0942863 0.0740061 0.0370910 0.0321797 0.0496091 0.0700211 0.0375587 0.0751742 0.0803740 0.0310254 0.0771185 0.0128247 0.0803740 0.0592445 0.0708433 0.0599119 0.0644602 0.0752452 0.0993488 0.0400394 0.0641951 0.0261975 0.0459019 0.0500155 0.0601750 0.0083323 0.0811801 0.0593146 0.0084564 0.0652039 0.0542844 0.0258030 0.0498977 0.0545289 0.0703432 0.0655963 0.0400834 0.0084597 0.0041629 0.0642828 0.0546268 0.0642044 0.0447305 0.0696802 0.0441014 0.0265762 0.0258693 0.0702047 0.0275307 0.0353389 0.0171380 0.0126259 0.0599581 0.0258029 
S0293         0.1103772 0.0302902 0.0730279 0.0601750 0.0743827 0.0000000 0.0280271 0.0752024 0.0776725 0.0759109 0.0406842 0.0645689 0.0781251 0.0509029 0.0761828 0.0397082 0.0752231 0.0491016 0.0604035 0.0445901 0.0758985 0.0828254 0.0868843 0.0614251 0.0392591 0.0657540 0.0937723 0.0587971 0.0846204 0.0788227 0.0801265 0.1024836 0.0747314 0.0861899 0.0915369 0.0915549 0.0506465 0.0874036 0.0915369 0.0126068 0.0358169 0.0806634 0.0549606 0.0654761 0.0776725 0.0546150 0.0169133 0.0695156 0.0175706 0.0259321 0.0305891 0.0743129 0.0592235 0.0646082 0.0863275 0.0705122 0.0351106 0.0738529 0.0752086 0.0854745 0.0606368 0.0217121 0.0698493 0.0862522 0.0687414 0.0169320 0.0803532 0.0169127 0.0594842 0.0260316 0.0259946 0.0762781 0.0798508 0.0708262 0.0630644 0.0807805 0.0644754 0.0787203 0.0657107 0.0736944 
S0294         0.1021289 0.0233087 0.0675762 0.0495382 0.0493214 0.0280271 0.0000000 0.0658802 0.0672822 0.0607384 0.0342172 0.0546038 0.0517418 0.0451376 0.0668228 0.0383273 0.0603246 0.0589342 0.0665524 0.0333199 0.0558210 0.0720749 0.0906880 0.0452751 0.0261149 0.0600209 0.0784671 0.0584363 0.0580512 0.0522327 0.0546938 0.0950315 0.0584672 0.0833962 0.0892186 0.0611774 0.0444487 0.0619939 0.0892186 0.0137180 0.0388650 0.0716957 0.0604561 0.0721944 0.0672822 0.0546474 0.0137180 0.0492771 0.0142305 0.0281823 0.0234354 0.0492771 0.0437277 0.0599743 0.0549378 0.0608139 0.0284005 0.0542337 0.0603885 0.0601615 0.0668292 0.0187427 0.0441403 0.0611599 0.0437243 0.0184360 0.0662585 0.0184131 0.0599713 0.0137180 0.0186705 0.0561271 0.0597154 0.0666828 0.0413147 0.0540677 0.0442309 0.0540738 0.0502836 0.0541893 
S0299         0.1412576 0.0495141 0.1016358 0.0127048 0.0596824 0.0752024 0.0658802 0.0000000 0.1006166 0.0807522 0.0604916 0.0346365 0.0618666 0.0715144 0.0172025 0.0921501 0.0258004 0.0493454 0.0711220 0.0595731 0.0761879 0.1015283 0.1047296 0.0828097 0.0446386 0.0558601 0.1005917 0.0756240 0.0564965 0.0467679 0.0746284 0.1144730 0.0687557 0.0975974 0.1031293 0.0919775 0.0766353 0.0719196 0.1031293 0.0598561 0.0667211 0.0303496 0.0653882 0.0763855 0.1006166 0.0450879 0.0648720 0.0697541 0.0463599 0.0505168 0.0500216 0.0596295 0.0929050 0.0444834 0.0710484 0.0215255 0.0501677 0.0741194 0.0169851 0.0799095 0.0713914 0.0716131 0.0644745 0.0653401 0.0589441 0.0649619 0.0302450 0.0648816 0.0498783 0.0704378 0.0445214 0.0765717 0.0846579 0.0664093 0.0575255 0.0856516 0.0646799 0.0588999 0.0764627 0.0739592 
S0303         0.1492988 0.0727479 0.0000023 0.0840362 0.0993488 0.0776725 0.0672822 0.1006166 0.0000000 0.1063309 0.0731502 0.0886514 0.0859157 0.0850777 0.0948527 0.1021965 0.0891384 0.0611910 0.0843945 0.0656395 0.1015288 0.0000024 0.1158426 0.0923988 0.0396317 0.0903286 0.0557697 0.0088634 0.0928644 0.0867125 0.0943247 0.1275676 0.0941498 0.1147671 0.1207898 0.1187481 0.0990065 0.1146767 0.1207898 0.0723272 0.0984103 0.1067547 0.0781591 0.0900139 0.0000010 0.0775868 0.0730006 0.0940795 0.0468771 0.0732658 0.0735540 0.0992408 0.0913391 0.0938525 0.1052027 0.0821516 0.0789253 0.0985367 0.1006259 0.1001107 0.0847126 0.0851909 0.0832719 0.1129723 0.0928794 0.0670368 0.1063050 0.0776886 0.0829263 0.0789900 0.0558362 0.1020641 0.1101801 0.0960031 0.0702255 0.1038249 0.0884616 0.1038397 0.0903184 0.0983038 
S0335         0.1197066 0.0652704 0.1074104 0.0654725 0.0307924 0.0759109 0.0607384 0.0807522 0.1063309 0.0000000 0.0656162 0.0698930 0.0371184 0.0768143 0.0551214 0.0975889 0.0601591 0.0654976 0.0704592 0.0692947 0.0313869 0.1076079 0.0991513 0.0882617 0.0241054 0.0655669 0.1064143 0.0868600 0.0527079 0.0374341 0.0550626 0.0867716 0.0373450 0.0921927 0.0976523 0.0456291 0.0718523 0.0458628 0.0976523 0.0649181 0.0844829 0.0706733 0.0648001 0.0756562 0.1063309 0.0597540 0.0699868 0.0310890 0.0513884 0.0657133 0.0659621 0.0401149 0.0875246 0.0697718 0.0407810 0.0760078 0.0710418 0.0306091 0.0807590 0.0601081 0.0707237 0.0715481 0.0453091 0.0407755 0.0260426 0.0700854 0.0651347 0.0699986 0.0647005 0.0756499 0.0493393 0.0315432 0.0214624 0.0705838 0.0326956 0.0500266 0.0217841 0.0351062 0.0541158 0.0398185 
S0412sl       0.1118370 0.0266948 0.0738681 0.0458108 0.0598651 0.0406842 0.0342172 0.0604916 0.0731502 0.0656162 0.0000000 0.0502225 0.0628785 0.0171558 0.0610089 0.0559410 0.0605201 0.0496519 0.0453258 0.0308900 0.0610762 0.0780372 0.0884995 0.0306445 0.0242568 0.0613311 0.0781263 0.0541257 0.0689989 0.0634358 0.0653884 0.0981604 0.0699137 0.0818156 0.0871781 0.0706277 0.0520699 0.0721315 0.0871781 0.0265745 0.0471862 0.0657772 0.0402303 0.0501813 0.0731502 0.0502661 0.0312031 0.0550649 0.0043158 0.0362647 0.0269668 0.0598119 0.0563475 0.0553850 0.0712563 0.0558402 0.0316029 0.0594585 0.0604963 0.0705963 0.0455071 0.0366851 0.0553475 0.0712118 0.0544801 0.0312411 0.0655276 0.0312036 0.0551396 0.0361063 0.0128592 0.0551394 0.0696323 0.0454115 0.0480133 0.0704311 0.0501665 0.0642514 0.0511099 0.0593339 
S0417         0.1281244 0.0397858 0.0895299 0.0213436 0.0640986 0.0645689 0.0546038 0.0346365 0.0886514 0.0698930 0.0502225 0.0000000 0.0615727 0.0607840 0.0350788 0.0808629 0.0346627 0.0596990 0.0706069 0.0494835 0.0653885 0.0946395 0.1041426 0.0716337 0.0340269 0.0656562 0.0885682 0.0695480 0.0562350 0.0565371 0.0696463 0.1138178 0.0684114 0.0970720 0.1025629 0.0807241 0.0607190 0.0764911 0.1025629 0.0497132 0.0608864 0.0302297 0.0649295 0.0709373 0.0886514 0.0545166 0.0545751 0.0593134 0.0363989 0.0502920 0.0401862 0.0640411 0.0710464 0.0536633 0.0755658 0.0303142 0.0448548 0.0636603 0.0346387 0.0645897 0.0708725 0.0608715 0.0596098 0.0698033 0.0586792 0.0546474 0.0391816 0.0545809 0.0593859 0.0598915 0.0349805 0.0657150 0.0738424 0.0659350 0.0470240 0.0746871 0.0544110 0.0586354 0.0656128 0.0635268 
S0552sl       0.1092306 0.0573993 0.0867837 0.0468668 0.0319130 0.0781251 0.0517418 0.0618666 0.0859157 0.0371184 0.0628785 0.0615727 0.0000000 0.0743586 0.0522959 0.0901447 0.0417358 0.0511423 0.0675851 0.0612187 0.0424628 0.0858250 0.0800368 0.0750595 0.0297022 0.0525156 0.0869740 0.0719896 0.0225833 0.0088378 0.0622713 0.0787461 0.0324108 0.0734193 0.0788258 0.0576103 0.0701132 0.0423318 0.0788258 0.0621920 0.0870633 0.0621134 0.0618289 0.0728948 0.0859157 0.0468466 0.0621920 0.0420429 0.0479933 0.0525147 0.0580237 0.0366791 0.0909010 0.0725457 0.0368892 0.0676111 0.0684392 0.0413490 0.0618715 0.0675829 0.0678484 0.0689468 0.0520240 0.0422933 0.0269804 0.0621920 0.0566182 0.0674102 0.0518195 0.0678826 0.0462401 0.0377215 0.0414708 0.0677092 0.0226361 0.0513396 0.0320563 0.0316526 0.0740230 0.0511404 
S0558         0.1251052 0.0364365 0.0859344 0.0505589 0.0707307 0.0509029 0.0451376 0.0715144 0.0850777 0.0768143 0.0171558 0.0607840 0.0743586 0.0000000 0.0724672 0.0612470 0.0715381 0.0611266 0.0503711 0.0406436 0.0721962 0.0909215 0.1008204 0.0403049 0.0348316 0.0724941 0.0902130 0.0656429 0.0808865 0.0750329 0.0765255 0.1106662 0.0819830 0.0937094 0.0992693 0.0819834 0.0630929 0.0838089 0.0992693 0.0362624 0.0580515 0.0770339 0.0451478 0.0553125 0.0850777 0.0608179 0.0410590 0.0657918 0.0132429 0.0464184 0.0368152 0.0605139 0.0673568 0.0661748 0.0827608 0.0667479 0.0416148 0.0702238 0.0715204 0.0819399 0.0447721 0.0469689 0.0661191 0.0826927 0.0650551 0.0411117 0.0767326 0.0410613 0.0658614 0.0462101 0.0219197 0.0658545 0.0808003 0.0504654 0.0590618 0.0817553 0.0606998 0.0751610 0.0618780 0.0645595 
S0624         0.1430849 0.0501573 0.0958038 0.0128693 0.0604618 0.0761828 0.0668228 0.0172025 0.0948527 0.0551214 0.0610089 0.0350788 0.0522959 0.0724672 0.0000000 0.0867130 0.0171874 0.0497630 0.0615325 0.0603494 0.0771939 0.0953944 0.1061117 0.0839169 0.0447634 0.0566044 0.0961799 0.0757967 0.0572561 0.0472958 0.0755954 0.1159535 0.0577881 0.0988726 0.1044722 0.0931774 0.0713804 0.0728837 0.1044722 0.0606397 0.0615697 0.0217001 0.0559617 0.0667195 0.0948527 0.0456790 0.0657197 0.0706637 0.0467310 0.0511867 0.0504104 0.0604074 0.0874089 0.0354246 0.0719903 0.0171378 0.0508280 0.0699465 0.0172034 0.0809441 0.0617740 0.0725684 0.0653134 0.0661997 0.0597047 0.0658120 0.0171186 0.0657298 0.0505313 0.0713635 0.0450982 0.0775865 0.0753344 0.0568361 0.0583121 0.0867636 0.0655234 0.0596594 0.0711536 0.0749085 
S0641         0.1124532 0.0445724 0.0974143 0.0710732 0.0910649 0.0397082 0.0383273 0.0921501 0.1021965 0.0975889 0.0559410 0.0808629 0.0901447 0.0612470 0.0867130 0.0000000 0.0921538 0.0706554 0.0767128 0.0552957 0.0822259 0.1093367 0.0997875 0.0674532 0.0497039 0.0933386 0.1122885 0.0750678 0.0970837 0.0909697 0.0971798 0.1095176 0.0908879 0.0927817 0.0982713 0.1093045 0.0496513 0.1052800 0.0982713 0.0259564 0.0496014 0.0979333 0.0708503 0.0820468 0.1021965 0.0808572 0.0215130 0.0860294 0.0269904 0.0400704 0.0397897 0.0909724 0.0537482 0.0744046 0.0980170 0.0873144 0.0497576 0.0848015 0.0921582 0.1028062 0.0819080 0.0265268 0.0864169 0.1038107 0.0849993 0.0305056 0.0904665 0.0304699 0.0860669 0.0309178 0.0401629 0.0934468 0.1013745 0.0768474 0.0746529 0.0815548 0.0807116 0.0954204 0.0823244 0.0694426 
S0645sl       0.1411545 0.0495437 0.0900267 0.0127174 0.0499240 0.0752231 0.0603246 0.0258004 0.0891384 0.0601591 0.0605201 0.0346627 0.0417358 0.0715381 0.0171874 0.0921538 0.0000000 0.0491106 0.0607533 0.0596015 0.0658806 0.0951951 0.0936069 0.0828243 0.0394611 0.0558900 0.1005830 0.0756459 0.0465414 0.0369116 0.0701685 0.1032812 0.0582174 0.0867936 0.0922012 0.0813482 0.0662609 0.0615769 0.0922012 0.0598846 0.0667476 0.0258929 0.0552621 0.0658711 0.0891384 0.0451175 0.0648986 0.0597474 0.0463904 0.0505470 0.0500515 0.0498816 0.0929077 0.0540454 0.0608438 0.0305185 0.0501977 0.0641253 0.0258019 0.0754254 0.0609896 0.0716367 0.0600477 0.0553658 0.0493180 0.0649885 0.0302694 0.0649083 0.0499081 0.0704618 0.0445505 0.0662120 0.0743948 0.0561151 0.0473741 0.0752529 0.0548045 0.0492810 0.0764827 0.0639898 
S0656sl       0.1153937 0.0493735 0.0618176 0.0339742 0.0437577 0.0491016 0.0589342 0.0493454 0.0611910 0.0654976 0.0496519 0.0596990 0.0511423 0.0611266 0.0497630 0.0706554 0.0491106 0.0000000 0.0441863 0.0483173 0.0606210 0.0644198 0.0664354 0.0672719 0.0314437 0.0187822 0.0847480 0.0460089 0.0573602 0.0516217 0.0764200 0.0828260 0.0521868 0.0658968 0.0714501 0.0771226 0.0557522 0.0610810 0.0714501 0.0491062 0.0617461 0.0548435 0.0386856 0.0494474 0.0611910 0.0091383 0.0491062 0.0541846 0.0346401 0.0391774 0.0496434 0.0542354 0.0655978 0.0435928 0.0492161 0.0551364 0.0500888 0.0536394 0.0493493 0.0821776 0.0443788 0.0612221 0.0653620 0.0552292 0.0431926 0.0544569 0.0490415 0.0543851 0.0137880 0.0547644 0.0331781 0.0501409 0.0698072 0.0549642 0.0463843 0.0643029 0.0489396 0.0534021 0.0553070 0.0587682 
S0673         0.1293874 0.0556909 0.0852387 0.0509057 0.0700813 0.0604035 0.0665524 0.0711220 0.0843945 0.0704592 0.0453258 0.0706069 0.0675851 0.0503711 0.0615325 0.0767128 0.0607533 0.0441863 0.0000000 0.0597987 0.0764418 0.0901514 0.0987645 0.0654949 0.0393295 0.0560399 0.1010502 0.0597025 0.0849149 0.0681835 0.0866520 0.1148776 0.0860517 0.0979341 0.1034880 0.0872720 0.0841862 0.0762736 0.1034880 0.0554006 0.0738781 0.0766176 0.0041697 0.0127484 0.0843945 0.0452274 0.0604035 0.0699806 0.0318943 0.0560667 0.0562802 0.0757247 0.0882719 0.0550503 0.0819942 0.0663739 0.0564550 0.0743591 0.0711279 0.0921801 0.0127310 0.0670240 0.0760564 0.0749640 0.0691925 0.0604865 0.0763191 0.0604115 0.0453993 0.0659209 0.0401716 0.0709663 0.0849374 0.0171591 0.0632302 0.0859380 0.0648876 0.0792800 0.0661434 0.0640209 
S0689         0.1103591 0.0263235 0.0611082 0.0451378 0.0635655 0.0445901 0.0333199 0.0595731 0.0656395 0.0692947 0.0308900 0.0494835 0.0612187 0.0406436 0.0603494 0.0552957 0.0596015 0.0483173 0.0597987 0.0000000 0.0648323 0.0698334 0.0873884 0.0462241 0.0286892 0.0650957 0.0712392 0.0526761 0.0519373 0.0566322 0.0690532 0.0969208 0.0679981 0.0808164 0.0861018 0.0800068 0.0467312 0.0758095 0.0861018 0.0305962 0.0464715 0.0600723 0.0544140 0.0648213 0.0656395 0.0540756 0.0308671 0.0588260 0.0175937 0.0402458 0.0265870 0.0635091 0.0556919 0.0592068 0.0686327 0.0549972 0.0311538 0.0631355 0.0549372 0.0742087 0.0600281 0.0407060 0.0591180 0.0697249 0.0582036 0.0352286 0.0645214 0.0351869 0.0588982 0.0357106 0.0169298 0.0651531 0.0732121 0.0499739 0.0467652 0.0678724 0.0539716 0.0678692 0.0549747 0.0630045 
S0720         0.1116036 0.0607530 0.1025629 0.0609379 0.0264451 0.0758985 0.0558210 0.0761879 0.1015288 0.0313869 0.0610762 0.0653885 0.0424628 0.0721962 0.0771939 0.0822259 0.0658806 0.0606210 0.0764418 0.0648323 0.0000000 0.1085907 0.0944544 0.0835835 0.0095160 0.0610315 0.1016026 0.0819668 0.0480255 0.0428301 0.0408129 0.0821655 0.0486504 0.0875743 0.0930253 0.0411592 0.0787565 0.0413601 0.0930253 0.0604291 0.0844734 0.0764928 0.0705952 0.0817644 0.1015288 0.0552899 0.0654861 0.0266986 0.0468271 0.0611658 0.0613988 0.0357315 0.0828824 0.0652774 0.0363227 0.0610111 0.0664636 0.0172865 0.0761942 0.0456963 0.0767265 0.0669463 0.0313393 0.0363203 0.0217445 0.0655777 0.0708038 0.0654961 0.0602272 0.0711013 0.0449546 0.0270927 0.0355670 0.0765758 0.0280852 0.0455792 0.0127878 0.0307817 0.0611742 0.0354699 
S0724sl       0.1465250 0.0775797 0.0000020 0.0897382 0.1061003 0.0828254 0.0720749 0.1015283 0.0000024 0.1076079 0.0780372 0.0946395 0.0858250 0.0909215 0.0953944 0.1093367 0.0951951 0.0644198 0.0901514 0.0698334 0.1085907 0.0000000 0.1094922 0.0989112 0.0423167 0.0950198 0.0593098 0.0093962 0.0994339 0.0867464 0.1007223 0.1216634 0.1009072 0.1084485 0.1146752 0.1271092 0.1061211 0.1229016 0.1146752 0.0770938 0.1054388 0.1080692 0.0833917 0.0962012 0.0000024 0.0814755 0.0778552 0.1004664 0.0498723 0.0781703 0.0784971 0.1059749 0.0976944 0.1002122 0.1124105 0.0875856 0.0842726 0.1051586 0.1075867 0.1069557 0.0905061 0.0910456 0.0888495 0.1209209 0.0990764 0.0714229 0.1075842 0.0828456 0.0871064 0.0843303 0.0593802 0.1086989 0.1116804 0.0952545 0.0750442 0.1108174 0.0944086 0.1108385 0.0965374 0.1048917 
S0735         0.1243756 0.0880138 0.1170644 0.0883272 0.0815592 0.0868843 0.0906880 0.1047296 0.1158426 0.0991513 0.0884995 0.1041426 0.0800368 0.1008204 0.1061117 0.0997875 0.0936069 0.0664354 0.0987645 0.0873884 0.0944544 0.1094922 0.0000000 0.1017951 0.0623283 0.0884184 0.1277939 0.0947213 0.0928596 0.0867243 0.1101565 0.0170138 0.0941412 0.0041739 0.0083993 0.0998550 0.0968960 0.1004755 0.0083993 0.0766543 0.1146977 0.0939942 0.0923532 0.1044138 0.1158426 0.0760501 0.0714646 0.0873488 0.0734963 0.0722121 0.0889892 0.0923818 0.1009153 0.1039190 0.0883059 0.1113622 0.0944788 0.0917538 0.1047392 0.1160601 0.0881110 0.0895164 0.0989104 0.0940759 0.0756174 0.0820822 0.1103434 0.0819778 0.0812521 0.0772778 0.0704360 0.0828271 0.1029894 0.1052698 0.0815454 0.0983194 0.0819256 0.0859993 0.0945763 0.0915437 
S0742         0.1199028 0.0367497 0.0933515 0.0671084 0.0772514 0.0614251 0.0452751 0.0828097 0.0923988 0.0882617 0.0306445 0.0716337 0.0750595 0.0403049 0.0839169 0.0674532 0.0828243 0.0672719 0.0654949 0.0462241 0.0835835 0.0989112 0.1017951 0.0000000 0.0458161 0.0731604 0.0976796 0.0662191 0.0816676 0.0692757 0.0879042 0.1117347 0.0827856 0.0945938 0.1002129 0.0889011 0.0636765 0.0909519 0.1002129 0.0462780 0.0692478 0.0885508 0.0599354 0.0706380 0.0923988 0.0613577 0.0414133 0.0767940 0.0178159 0.0568952 0.0371357 0.0771752 0.0679734 0.0762558 0.0839257 0.0779419 0.0519667 0.0812363 0.0781511 0.0935107 0.0657447 0.0575834 0.0771613 0.0896980 0.0713463 0.0513041 0.0881952 0.0512402 0.0664496 0.0466146 0.0313187 0.0710937 0.0819071 0.0656126 0.0596135 0.0722593 0.0715143 0.0712910 0.0682661 0.0765035 
S0770         0.0847553 0.0241227 0.0400264 0.0292674 0.0189320 0.0392591 0.0261149 0.0446386 0.0396317 0.0241054 0.0242568 0.0340269 0.0297022 0.0348316 0.0447634 0.0497039 0.0394611 0.0314437 0.0393295 0.0286892 0.0095160 0.0423167 0.0623283 0.0458161 0.0000000 0.0291634 0.0345131 0.0199607 0.0298799 0.0299719 0.0190979 0.0613058 0.0302772 0.0558539 0.0613576 0.0344769 0.0401494 0.0241608 0.0613576 0.0240062 0.0402738 0.0498708 0.0339000 0.0445610 0.0396317 0.0290083 0.0290054 0.0140903 0.0096158 0.0242899 0.0242515 0.0238094 0.0447640 0.0286997 0.0293139 0.0239356 0.0294068 0.0000024 0.0446420 0.0240682 0.0395040 0.0345134 0.0142249 0.0293153 0.0139984 0.0240062 0.0391085 0.0290057 0.0340470 0.0342948 0.0092697 0.0194316 0.0286654 0.0394119 0.0147236 0.0341093 0.0093691 0.0236102 0.0240744 0.0236594 
S0827         0.1038022 0.0510033 0.0912382 0.0412503 0.0452960 0.0657540 0.0600209 0.0558601 0.0903286 0.0655669 0.0613311 0.0656562 0.0525156 0.0724941 0.0566044 0.0933386 0.0558900 0.0187822 0.0560399 0.0650957 0.0610315 0.0950198 0.0884184 0.0731604 0.0291634 0.0000000 0.0940641 0.0599969 0.0583435 0.0529751 0.0710898 0.0980651 0.0591091 0.0876970 0.0931467 0.0763718 0.0900817 0.0614625 0.0931467 0.0606789 0.0796714 0.0611022 0.0506299 0.0611166 0.0903286 0.0085571 0.0657540 0.0543556 0.0420878 0.0512322 0.0515417 0.0550741 0.0941116 0.0555158 0.0560338 0.0614078 0.0618542 0.0496958 0.0558644 0.0764101 0.0562614 0.0725946 0.0710349 0.0560128 0.0447497 0.0658463 0.0608708 0.0657641 0.0129067 0.0713910 0.0451436 0.0613391 0.0695791 0.0664632 0.0480851 0.0657707 0.0501335 0.0447161 0.0668366 0.0646752 
S0888         0.1461252 0.0776960 0.0562915 0.0840086 0.0942863 0.0937723 0.0784671 0.1005917 0.0557697 0.1064143 0.0781263 0.0885682 0.0869740 0.0902130 0.0961799 0.1122885 0.1005830 0.0847480 0.1010502 0.0712392 0.1016026 0.0593098 0.1277939 0.0976796 0.0345131 0.0940641 0.0000000 0.0229620 0.0940446 0.0877921 0.0994242 0.1327059 0.0953646 0.1196430 0.1256824 0.1188613 0.1093665 0.1093446 0.1256824 0.0772383 0.1037745 0.1067319 0.0944121 0.0936165 0.0557697 0.0885952 0.0826258 0.0869808 0.0579052 0.0732386 0.0785588 0.0941854 0.1078951 0.0937700 0.1078739 0.0946847 0.0839802 0.0986025 0.1006010 0.1052657 0.1014122 0.0903292 0.0882831 0.1077344 0.0879071 0.0719042 0.1062821 0.0826446 0.0940713 0.0887658 0.0605477 0.1021393 0.1102705 0.1012197 0.0762652 0.1168433 0.0885104 0.0988113 0.0832210 0.1033576 
S0952         0.1124197 0.0538245 0.0089423 0.0594605 0.0740061 0.0587971 0.0584363 0.0756240 0.0088634 0.0868600 0.0541257 0.0695480 0.0719896 0.0656429 0.0757967 0.0750678 0.0756459 0.0460089 0.0597025 0.0526761 0.0819668 0.0093962 0.0947213 0.0662191 0.0199607 0.0599969 0.0229620 0.0000000 0.0787189 0.0726686 0.0696840 0.1059169 0.0735024 0.0938803 0.0997729 0.0990499 0.0713041 0.0878893 0.0997729 0.0535305 0.0653913 0.0815184 0.0538741 0.0651531 0.0088634 0.0535124 0.0535305 0.0749206 0.0387985 0.0542077 0.0541169 0.0739320 0.0700426 0.0638036 0.0799510 0.0641833 0.0538746 0.0687026 0.0756307 0.0752830 0.0599512 0.0657423 0.0642676 0.0866538 0.0740061 0.0483268 0.0751110 0.0588049 0.0587298 0.0592173 0.0375646 0.0824089 0.0909822 0.0709109 0.0561265 0.0852261 0.0694306 0.0848506 0.0649664 0.0793831 
S0959         0.1291267 0.0520492 0.0879657 0.0417313 0.0370910 0.0846204 0.0580512 0.0564965 0.0928644 0.0527079 0.0689989 0.0562350 0.0225833 0.0808865 0.0572561 0.0970837 0.0465414 0.0573602 0.0849149 0.0519373 0.0480255 0.0994339 0.0928596 0.0816676 0.0298799 0.0583435 0.0940446 0.0787189 0.0000000 0.0179796 0.0683113 0.0913014 0.0376840 0.0857472 0.0914003 0.0635659 0.0643652 0.0374073 0.0914003 0.0682228 0.0810154 0.0519430 0.0786698 0.0905333 0.0928644 0.0524484 0.0682228 0.0475435 0.0537571 0.0583445 0.0526097 0.0419734 0.0979295 0.0669841 0.0422219 0.0621066 0.0628530 0.0467367 0.0517433 0.0737812 0.0852342 0.0753082 0.0577838 0.0424472 0.0319969 0.0682228 0.0513477 0.0735892 0.0575492 0.0741237 0.0517564 0.0431891 0.0468805 0.0799555 0.0276140 0.0570090 0.0372598 0.0367794 0.0805132 0.0567792 
S0960         0.1222035 0.0523360 0.0875985 0.0419652 0.0321797 0.0788227 0.0522327 0.0467679 0.0867125 0.0374341 0.0634358 0.0565371 0.0088378 0.0750329 0.0472958 0.0909697 0.0369116 0.0516217 0.0681835 0.0566322 0.0428301 0.0867464 0.0867243 0.0692757 0.0299719 0.0529751 0.0877921 0.0726686 0.0179796 0.0000000 0.0628172 0.0852959 0.0326853 0.0798432 0.0853854 0.0581165 0.0647204 0.0426971 0.0853854 0.0627366 0.0814424 0.0570260 0.0623677 0.0735445 0.0867125 0.0472486 0.0627366 0.0424031 0.0484155 0.0529743 0.0529021 0.0369867 0.0917409 0.0673370 0.0372009 0.0624394 0.0631932 0.0416968 0.0568058 0.0681799 0.0684507 0.0695686 0.0524748 0.0424900 0.0272027 0.0627366 0.0516275 0.0680042 0.0522665 0.0684856 0.0466317 0.0380476 0.0369344 0.0630086 0.0228237 0.0517786 0.0323254 0.0319148 0.0746922 0.0515757 
S1083         0.1344195 0.0650453 0.0952631 0.0652456 0.0496091 0.0801265 0.0546938 0.0746284 0.0943247 0.0550626 0.0653884 0.0696463 0.0622713 0.0765255 0.0755954 0.0971798 0.0701685 0.0764200 0.0866520 0.0690532 0.0408129 0.1007223 0.1101565 0.0879042 0.0190979 0.0710898 0.0994242 0.0696840 0.0683113 0.0628172 0.0000000 0.1086463 0.0692069 0.1029177 0.1084716 0.0554715 0.0831391 0.0611541 0.1084716 0.0646961 0.0888425 0.0807648 0.0806151 0.0920628 0.0943247 0.0696657 0.0697398 0.0449353 0.0512235 0.0654846 0.0605700 0.0495675 0.0763983 0.0741364 0.0604323 0.0597833 0.0707853 0.0305868 0.0746344 0.0041609 0.0869629 0.0661187 0.0083518 0.0604054 0.0444812 0.0698376 0.0750671 0.0697515 0.0747032 0.0650382 0.0491889 0.0508441 0.0591034 0.0867980 0.0475643 0.0499787 0.0402055 0.0539525 0.0759266 0.0397856 
S1100         0.1159652 0.0976251 0.1289183 0.0979838 0.0700211 0.1024836 0.0950315 0.1144730 0.1275676 0.0867716 0.0981604 0.1138178 0.0787461 0.1106662 0.1159535 0.1095176 0.1032812 0.0828260 0.1148776 0.0969208 0.0821655 0.1216634 0.0170138 0.1117347 0.0613058 0.0980651 0.1327059 0.1059169 0.0913014 0.0852959 0.1086463 0.0000000 0.0925394 0.0125242 0.0168005 0.0873925 0.1069237 0.0878624 0.0168005 0.0861036 0.1248253 0.1037228 0.1081475 0.1206650 0.1275676 0.0913456 0.0808832 0.0813614 0.0778458 0.0817407 0.0987016 0.0804130 0.0995196 0.1135657 0.0763056 0.1212031 0.1042416 0.0798971 0.1144835 0.1144553 0.1040092 0.0992791 0.0975726 0.0818403 0.0644112 0.0915824 0.1201052 0.0914667 0.0966625 0.0868178 0.0797210 0.0710914 0.0906560 0.1150541 0.0802049 0.0969952 0.0703309 0.0744121 0.0983871 0.0903402 
S1129sl       0.1242265 0.0641717 0.0951378 0.0531528 0.0375587 0.0747314 0.0584672 0.0687557 0.0941498 0.0373450 0.0699137 0.0684114 0.0324108 0.0819830 0.0577881 0.0908879 0.0582174 0.0521868 0.0860517 0.0679981 0.0486504 0.1009072 0.0941412 0.0827856 0.0302772 0.0591091 0.0953646 0.0735024 0.0376840 0.0326853 0.0692069 0.0925394 0.0000000 0.0869059 0.0926413 0.0644020 0.0658060 0.0485004 0.0926413 0.0691161 0.0764752 0.0690396 0.0797069 0.0917519 0.0941498 0.0531241 0.0691161 0.0481562 0.0544668 0.0591104 0.0591513 0.0425047 0.0916586 0.0682099 0.0427599 0.0747984 0.0757572 0.0427124 0.0687615 0.0747546 0.0863779 0.0763237 0.0585345 0.0484506 0.0323952 0.0691161 0.0522633 0.0745576 0.0582935 0.0751074 0.0524145 0.0437515 0.0428434 0.0862049 0.0279609 0.0577398 0.0377316 0.0372389 0.0683645 0.0575036 
S1148         0.1165635 0.0813752 0.1159646 0.0816516 0.0751742 0.0861899 0.0833962 0.0975974 0.1147671 0.0921927 0.0818156 0.0970720 0.0734193 0.0937094 0.0988726 0.0927817 0.0867936 0.0658968 0.0979341 0.0808164 0.0875743 0.1084485 0.0041739 0.0945938 0.0558539 0.0876970 0.1196430 0.0938803 0.0857472 0.0798432 0.1029177 0.0125242 0.0869059 0.0000000 0.0041227 0.0928463 0.0897597 0.0933759 0.0041227 0.0703845 0.1070306 0.0871358 0.0915997 0.1035202 0.1147671 0.0754646 0.0653319 0.0807655 0.0671523 0.0659937 0.0822586 0.0856939 0.0937925 0.0968735 0.0816225 0.1039918 0.0875835 0.0851331 0.0976060 0.1086463 0.0873927 0.0827384 0.0919810 0.0872277 0.0694512 0.0756547 0.1030574 0.0755601 0.0806164 0.0709365 0.0644112 0.0763250 0.0960357 0.0980941 0.0747729 0.0914313 0.0755071 0.0795622 0.0876820 0.0849434 
S1180         0.1223911 0.0867069 0.1220566 0.0870093 0.0803740 0.0915369 0.0892186 0.1031293 0.1207898 0.0976523 0.0871781 0.1025629 0.0788258 0.0992693 0.1044722 0.0982713 0.0922012 0.0714501 0.1034880 0.0861018 0.0930253 0.1146752 0.0083993 0.1002129 0.0613576 0.0931467 0.1256824 0.0997729 0.0914003 0.0853854 0.1084716 0.0168005 0.0926413 0.0041227 0.0000000 0.0983374 0.0953843 0.0989306 0.0000010 0.0755455 0.1128593 0.0925743 0.0970268 0.1091389 0.1207898 0.0806782 0.0704385 0.0860602 0.0724110 0.0711628 0.0876529 0.0910159 0.0993605 0.1023475 0.0869866 0.1096326 0.0930460 0.0904087 0.1031386 0.1142680 0.0928418 0.0881646 0.0974206 0.0926573 0.0745387 0.0808832 0.1086450 0.0807818 0.0858834 0.0761491 0.0694397 0.0816056 0.1014488 0.1036538 0.0802879 0.0968449 0.0807300 0.0847546 0.0931427 0.0902051 
S1201sl       0.1405794 0.0760263 0.1199711 0.0710608 0.0310254 0.0915549 0.0611774 0.0919775 0.1187481 0.0456291 0.0706277 0.0807241 0.0576103 0.0819834 0.0931774 0.1093045 0.0813482 0.0771226 0.0872720 0.0800068 0.0411592 0.1271092 0.0998550 0.0889011 0.0344769 0.0763718 0.1188613 0.0990499 0.0635659 0.0581165 0.0554715 0.0873925 0.0644020 0.0928463 0.0983374 0.0000000 0.0951375 0.0462121 0.0983374 0.0755945 0.1010611 0.0923511 0.0811861 0.0927220 0.1187481 0.0702532 0.0808051 0.0407641 0.0568469 0.0765526 0.0768444 0.0404156 0.0881548 0.0805740 0.0410916 0.0871554 0.0820803 0.0401128 0.0813394 0.0605519 0.0875864 0.0773061 0.0554289 0.0410859 0.0262391 0.0809236 0.0863848 0.0808223 0.0753332 0.0867161 0.0594159 0.0413663 0.0402268 0.0874196 0.0429011 0.0407488 0.0310992 0.0353683 0.0765786 0.0308397 
S1211         0.1249432 0.0307989 0.1000462 0.0612878 0.0771185 0.0506465 0.0444487 0.0766353 0.0990065 0.0718523 0.0520699 0.0607190 0.0701132 0.0630929 0.0713804 0.0496513 0.0662609 0.0557522 0.0841862 0.0467312 0.0787565 0.1061211 0.0968960 0.0636765 0.0401494 0.0900817 0.1093665 0.0713041 0.0643652 0.0647204 0.0831391 0.1069237 0.0658060 0.0897597 0.0953843 0.0951375 0.0000000 0.0832717 0.0953843 0.0404849 0.0314917 0.0717198 0.0779897 0.0897689 0.0990065 0.0774219 0.0357814 0.0720469 0.0323411 0.0506735 0.0261862 0.0770424 0.0398089 0.0697183 0.0838038 0.0718495 0.0357112 0.0710308 0.0766417 0.0887401 0.0845019 0.0512700 0.0724020 0.0833431 0.0712066 0.0453327 0.0752771 0.0452776 0.0827308 0.0407671 0.0361972 0.0683938 0.0758881 0.0792565 0.0546460 0.0827666 0.0667853 0.0816182 0.0788518 0.0763708 
S1214sl       0.1422441 0.0717416 0.1158781 0.0566122 0.0128247 0.0874036 0.0619939 0.0719196 0.1146767 0.0458628 0.0721315 0.0764911 0.0423318 0.0838089 0.0728837 0.1052800 0.0615769 0.0610810 0.0762736 0.0758095 0.0413601 0.1229016 0.1004755 0.0909519 0.0241608 0.0614625 0.1093446 0.0878893 0.0374073 0.0426971 0.0611541 0.0878624 0.0485004 0.0933759 0.0989306 0.0462121 0.0832717 0.0000000 0.0989306 0.0713353 0.0778182 0.0722100 0.0704431 0.0815827 0.1146767 0.0556648 0.0765796 0.0409603 0.0574927 0.0616882 0.0725224 0.0173175 0.0873198 0.0762399 0.0219972 0.0778717 0.0660689 0.0403011 0.0615531 0.0663812 0.0765573 0.0783446 0.0510733 0.0220014 0.0173140 0.0766921 0.0665274 0.0765948 0.0606453 0.0824982 0.0551425 0.0415696 0.0404165 0.0764071 0.0378840 0.0506727 0.0312294 0.0262699 0.0771314 0.0403031 
S1223         0.1223911 0.0867069 0.1220566 0.0870093 0.0803740 0.0915369 0.0892186 0.1031293 0.1207898 0.0976523 0.0871781 0.1025629 0.0788258 0.0992693 0.1044722 0.0982713 0.0922012 0.0714501 0.1034880 0.0861018 0.0930253 0.1146752 0.0083993 0.1002129 0.0613576 0.0931467 0.1256824 0.0997729 0.0914003 0.0853854 0.1084716 0.0168005 0.0926413 0.0041227 0.0000010 0.0983374 0.0953843 0.0989306 0.0000000 0.0755455 0.1128593 0.0925743 0.0970268 0.1091389 0.1207898 0.0806782 0.0704385 0.0860602 0.0724110 0.0711628 0.0876529 0.0910159 0.0993605 0.1023475 0.0869866 0.1096326 0.0930460 0.0904087 0.1031386 0.1142680 0.0928418 0.0881646 0.0974206 0.0926573 0.0745387 0.0808832 0.1086450 0.0807818 0.0858834 0.0761491 0.0694397 0.0816056 0.1014488 0.1036538 0.0802879 0.0968449 0.0807300 0.0847546 0.0931427 0.0902051 
S1227         0.0992823 0.0169712 0.0676933 0.0453478 0.0592445 0.0126068 0.0137180 0.0598561 0.0723272 0.0649181 0.0265745 0.0497132 0.0621920 0.0362624 0.0606397 0.0259564 0.0598846 0.0491062 0.0554006 0.0305962 0.0604291 0.0770938 0.0766543 0.0462780 0.0240062 0.0606789 0.0772383 0.0535305 0.0682228 0.0627366 0.0646961 0.0861036 0.0691161 0.0703845 0.0755455 0.0755945 0.0404849 0.0713353 0.0755455 0.0000000 0.0310735 0.0650740 0.0500639 0.0604115 0.0723272 0.0497566 0.0041472 0.0544996 0.0043053 0.0127120 0.0171355 0.0591925 0.0446561 0.0497449 0.0704806 0.0552580 0.0215071 0.0588473 0.0598607 0.0698376 0.0556176 0.0085128 0.0547770 0.0704378 0.0539281 0.0041515 0.0648302 0.0041468 0.0545737 0.0127617 0.0127436 0.0607306 0.0688948 0.0555030 0.0475038 0.0652102 0.0496589 0.0635841 0.0505821 0.0587254 
S1235sl       0.1269267 0.0263244 0.0921657 0.0516047 0.0708433 0.0358169 0.0388650 0.0667211 0.0984103 0.0844829 0.0471862 0.0608864 0.0870633 0.0580515 0.0615697 0.0496014 0.0667476 0.0617461 0.0738781 0.0464715 0.0844734 0.1054388 0.1146977 0.0692478 0.0402738 0.0796714 0.1037745 0.0653913 0.0810154 0.0814424 0.0888425 0.1248253 0.0764752 0.1070306 0.1128593 0.1010611 0.0314917 0.0778182 0.1128593 0.0310735 0.0000000 0.0721886 0.0678850 0.0793610 0.0984103 0.0674105 0.0357443 0.0775787 0.0226011 0.0409041 0.0217609 0.0707764 0.0503619 0.0549750 0.0828862 0.0619610 0.0216780 0.0764656 0.0667265 0.0945306 0.0741654 0.0413800 0.0779527 0.0768251 0.0766528 0.0357885 0.0655612 0.0357455 0.0726413 0.0402516 0.0315772 0.0849140 0.0885200 0.0689846 0.0711782 0.0871983 0.0722286 0.0872029 0.0736899 0.0818835 
S1239         0.1479132 0.0545191 0.1010645 0.0170943 0.0599119 0.0806634 0.0716957 0.0303496 0.1067547 0.0706733 0.0657772 0.0302297 0.0621134 0.0770339 0.0217001 0.0979333 0.0258929 0.0548435 0.0766176 0.0600723 0.0764928 0.1080692 0.0939942 0.0885508 0.0498708 0.0611022 0.1067319 0.0815184 0.0519430 0.0570260 0.0807648 0.1037228 0.0690396 0.0871358 0.0925743 0.0923511 0.0717198 0.0722100 0.0925743 0.0650740 0.0721886 0.0000000 0.0707424 0.0819671 0.1067547 0.0500674 0.0701663 0.0700265 0.0514914 0.0556443 0.0550834 0.0598585 0.0987531 0.0590627 0.0713314 0.0351705 0.0552493 0.0744078 0.0211359 0.0861823 0.0664542 0.0771378 0.0703655 0.0655964 0.0591674 0.0702657 0.0258556 0.0701783 0.0549286 0.0758598 0.0494312 0.0768799 0.0746644 0.0718562 0.0577567 0.0859947 0.0649303 0.0591227 0.0820394 0.0742462 
S1245         0.1221801 0.0503175 0.0789275 0.0456126 0.0644602 0.0549606 0.0604561 0.0653882 0.0781591 0.0648001 0.0402303 0.0649295 0.0618289 0.0451478 0.0559617 0.0708503 0.0552621 0.0386856 0.0041697 0.0544140 0.0705952 0.0833917 0.0923532 0.0599354 0.0339000 0.0506299 0.0944121 0.0538741 0.0786698 0.0623677 0.0806151 0.1081475 0.0797069 0.0915997 0.0970268 0.0811861 0.0779897 0.0704431 0.0970268 0.0500639 0.0678850 0.0707424 0.0000000 0.0083907 0.0781591 0.0401402 0.0549606 0.0643613 0.0269626 0.0506512 0.0508421 0.0699497 0.0820875 0.0497419 0.0760002 0.0607162 0.0509937 0.0687091 0.0653934 0.0860112 0.0083795 0.0613119 0.0702519 0.0759469 0.0636584 0.0550339 0.0704721 0.0549665 0.0448499 0.0603183 0.0352226 0.0652560 0.0790389 0.0127038 0.0574934 0.0799522 0.0593870 0.0735382 0.0605139 0.0586114 
S1246         0.1354559 0.0607357 0.0909207 0.0559119 0.0752452 0.0654761 0.0721944 0.0763855 0.0900139 0.0756562 0.0501813 0.0709373 0.0728948 0.0553125 0.0667195 0.0820468 0.0658711 0.0494474 0.0127484 0.0648213 0.0817644 0.0962012 0.1044138 0.0706380 0.0445610 0.0611166 0.0936165 0.0651531 0.0905333 0.0735445 0.0920628 0.1206650 0.0917519 0.1035202 0.1091389 0.0927220 0.0897689 0.0815827 0.1091389 0.0604115 0.0793610 0.0819671 0.0083907 0.0000000 0.0900139 0.0500765 0.0654761 0.0751447 0.0366906 0.0611490 0.0613823 0.0809856 0.0886917 0.0600388 0.0874077 0.0716044 0.0615787 0.0795144 0.0763919 0.0976641 0.0170825 0.0722988 0.0813421 0.0873291 0.0742812 0.0655677 0.0816448 0.0553323 0.0549400 0.0711014 0.0449235 0.0762076 0.0902364 0.0215856 0.0685588 0.0913093 0.0699798 0.0844805 0.0713483 0.0690330 
S1249         0.1492988 0.0727479 0.0000023 0.0840362 0.0993488 0.0776725 0.0672822 0.1006166 0.0000010 0.1063309 0.0731502 0.0886514 0.0859157 0.0850777 0.0948527 0.1021965 0.0891384 0.0611910 0.0843945 0.0656395 0.1015288 0.0000024 0.1158426 0.0923988 0.0396317 0.0903286 0.0557697 0.0088634 0.0928644 0.0867125 0.0943247 0.1275676 0.0941498 0.1147671 0.1207898 0.1187481 0.0990065 0.1146767 0.1207898 0.0723272 0.0984103 0.1067547 0.0781591 0.0900139 0.0000000 0.0775868 0.0730006 0.0940795 0.0468771 0.0732658 0.0735540 0.0992408 0.0913391 0.0938525 0.1052027 0.0821516 0.0789253 0.0985367 0.1006259 0.1001107 0.0847126 0.0851909 0.0832719 0.1129723 0.0928794 0.0670368 0.1063050 0.0776886 0.0829263 0.0789900 0.0558362 0.1020641 0.1101801 0.0960031 0.0702255 0.1038249 0.0884616 0.1038397 0.0903184 0.0983038 
S1250sl       0.1160544 0.0404316 0.0783423 0.0310880 0.0400394 0.0546150 0.0546474 0.0450879 0.0775868 0.0597540 0.0502661 0.0545166 0.0468466 0.0608179 0.0456790 0.0808572 0.0451175 0.0091383 0.0452274 0.0540756 0.0552899 0.0814755 0.0760501 0.0613577 0.0290083 0.0085571 0.0885952 0.0535124 0.0524484 0.0472486 0.0696657 0.0913456 0.0531241 0.0754646 0.0806782 0.0702532 0.0774219 0.0556648 0.0806782 0.0497566 0.0674105 0.0500674 0.0401402 0.0500765 0.0775868 0.0000000 0.0546150 0.0495231 0.0317117 0.0406091 0.0408455 0.0495710 0.0814891 0.0448293 0.0504125 0.0503129 0.0506733 0.0538600 0.0450911 0.0748663 0.0454081 0.0609053 0.0596446 0.0503981 0.0395671 0.0546872 0.0498850 0.0546208 0.0041763 0.0599261 0.0350251 0.0555650 0.0637507 0.0551567 0.0424574 0.0546196 0.0447567 0.0395378 0.0554717 0.0537501 
S1278         0.0938091 0.0213456 0.0683292 0.0502018 0.0641951 0.0169133 0.0137180 0.0648720 0.0730006 0.0699868 0.0312031 0.0545751 0.0621920 0.0410590 0.0657197 0.0215130 0.0648986 0.0491062 0.0604035 0.0308671 0.0654861 0.0778552 0.0714646 0.0414133 0.0290054 0.0657540 0.0826258 0.0535305 0.0682228 0.0627366 0.0697398 0.0808832 0.0691161 0.0653319 0.0704385 0.0808051 0.0357814 0.0765796 0.0704385 0.0041472 0.0357443 0.0701663 0.0549606 0.0654761 0.0730006 0.0546150 0.0000000 0.0594117 0.0086655 0.0170552 0.0215532 0.0641375 0.0399708 0.0546093 0.0702207 0.0602462 0.0259719 0.0637562 0.0648771 0.0749459 0.0606368 0.0128501 0.0597084 0.0756019 0.0587765 0.0083539 0.0699013 0.0083444 0.0594842 0.0084615 0.0170978 0.0658129 0.0739309 0.0605135 0.0475038 0.0649692 0.0545092 0.0685335 0.0555321 0.0636227 
S1332         0.1134773 0.0547794 0.0950161 0.0549381 0.0261975 0.0695156 0.0492771 0.0697541 0.0940795 0.0310890 0.0550649 0.0593134 0.0420429 0.0657918 0.0706637 0.0860294 0.0597474 0.0541846 0.0699806 0.0588260 0.0266986 0.1004664 0.0873488 0.0767940 0.0140903 0.0543556 0.0869808 0.0749206 0.0475435 0.0424031 0.0449353 0.0813614 0.0481562 0.0807655 0.0860602 0.0407641 0.0720469 0.0409603 0.0860602 0.0544996 0.0775787 0.0700265 0.0643613 0.0751447 0.0940795 0.0495231 0.0594117 0.0000000 0.0411573 0.0551424 0.0553491 0.0353948 0.0761627 0.0592181 0.0359747 0.0651037 0.0602638 0.0260448 0.0697597 0.0498072 0.0702423 0.0607010 0.0354936 0.0359724 0.0215431 0.0594917 0.0645433 0.0594191 0.0543229 0.0648190 0.0395466 0.0268330 0.0352334 0.0701038 0.0278066 0.0400805 0.0172973 0.0304953 0.0551459 0.0303399 
S1369         0.0851359 0.0043259 0.0470615 0.0319538 0.0459019 0.0175706 0.0142305 0.0463599 0.0468771 0.0513884 0.0043158 0.0363989 0.0479933 0.0132429 0.0467310 0.0269904 0.0463904 0.0346401 0.0318943 0.0175937 0.0468271 0.0498723 0.0734963 0.0178159 0.0096158 0.0420878 0.0579052 0.0387985 0.0537571 0.0484155 0.0512235 0.0778458 0.0544668 0.0671523 0.0724110 0.0568469 0.0323411 0.0574927 0.0724110 0.0043053 0.0226011 0.0514914 0.0269626 0.0366906 0.0468771 0.0317117 0.0086655 0.0411573 0.0000000 0.0132082 0.0043687 0.0458632 0.0366970 0.0316643 0.0568030 0.0363989 0.0132355 0.0456036 0.0463633 0.0563092 0.0320294 0.0133570 0.0413825 0.0567807 0.0407388 0.0086751 0.0512987 0.0086649 0.0364456 0.0130954 0.0000024 0.0415219 0.0555383 0.0319582 0.0333420 0.0460148 0.0363697 0.0455131 0.0370445 0.0455099 
