134
PAFTOL_019361 0.0000000 0.2065281 0.2078839 0.2177593 0.2229653 0.2057701 0.2168451 0.2073238 0.2169219 0.2328837 0.2175490 0.2374406 0.2342694 0.2205070 0.2382431 0.1962684 0.2356136 0.2218011 0.2460387 0.2128736 0.2009370 0.2074934 0.2236307 0.2048640 0.2064086 0.2228152 0.2114995 0.2086823 0.2219594 0.2003895 0.2258699 0.2288759 0.2311625 0.2271445 0.2183847 0.2222649 0.2017035 0.2210152 0.2096626 0.2296235 0.2065851 0.1999598 0.2010210 0.2329646 0.2355172 0.2439911 0.2336125 0.2449541 0.1893055 0.2268563 0.2072796 0.2011656 0.2066844 0.2030567 0.2424213 0.1873749 0.2206388 0.2407065 0.2124203 0.2129643 0.2090423 0.1912317 0.2338782 0.2352039 0.2296677 0.2258475 0.2265330 0.2332569 0.2221108 0.2352170 0.2244305 0.2287866 0.2422032 0.2304959 0.2217260 0.2297227 0.2045493 0.2303449 0.1795976 0.2326444 0.2180302 0.2358537 0.2086626 0.2169645 0.2280468 0.2026548 0.2159363 0.2219727 0.2191063 0.2187184 0.2292136 0.2302577 0.2099904 0.2299923 0.2307312 0.2274651 0.2352380 0.2029406 0.2234855 0.2312682 0.2101851 0.1993726 0.2058218 0.2087525 0.2238548 0.2030345 0.2068515 0.2104682 0.2114112 0.2164881 0.2169603 0.2123308 0.2169972 0.2229611 0.2218959 0.1999012 0.2168886 0.2129924 0.2171878 0.2190728 0.2138942 0.2180945 0.2087941 0.1997920 0.2339823 0.2247546 0.2213373 0.2270088 0.2090800 0.2802012 0.1982011 0.2136873 0.2136466 0.2073814 
S0055         0.2065281 0.0000000 0.0768923 0.0851756 0.0787671 0.0384164 0.0798431 0.0589579 0.0477477 0.0697110 0.0923151 0.1056263 0.1152377 0.0924128 0.1049590 0.0626991 0.0886877 0.0888761 0.1106591 0.0661315 0.0347354 0.0370475 0.0909993 0.0706364 0.0780023 0.0655091 0.0570869 0.0786671 0.0969395 0.0663353 0.0765783 0.0684965 0.1054820 0.0991375 0.0884515 0.0489700 0.0338789 0.0896992 0.0742401 0.0878955 0.0543453 0.0405461 0.0632033 0.1037482 0.1247920 0.0830246 0.1036169 0.0840031 0.0271188 0.0790689 0.0644758 0.0373160 0.0639341 0.0640070 0.0922670 0.0532132 0.0835577 0.1185656 0.0776131 0.0806811 0.0615515 0.0706378 0.1005707 0.0801569 0.0769136 0.0767840 0.0781576 0.0750454 0.0857982 0.1210563 0.0859336 0.1058168 0.1195878 0.0777195 0.0757830 0.1176646 0.0607421 0.1224565 0.0620608 0.0813772 0.0722757 0.1054103 0.0517321 0.0686851 0.1201178 0.0378983 0.0516290 0.0710380 0.0812568 0.0771653 0.0864001 0.1004474 0.0707712 0.0930292 0.1023604 0.1023775 0.1026588 0.0372221 0.0972339 0.0862884 0.0622689 0.0397168 0.0358249 0.0333384 0.0757806 0.0453218 0.0804024 0.0652386 0.0606451 0.0877621 0.0511276 0.0704064 0.0842722 0.0883729 0.0868226 0.0360617 0.0664374 0.0652633 0.0510843 0.0855155 0.0433035 0.0812590 0.0470130 0.0417763 0.0880875 0.0782658 0.0843105 0.0756413 0.0595294 0.1395521 0.0614700 0.0680734 0.0574009 0.0632986 
S0196sl       0.2078839 0.0768923 0.0000000 0.0867486 0.0526588 0.0744578 0.0807314 0.0705107 0.0779699 0.1000068 0.0921354 0.0948351 0.1072491 0.0909957 0.1013820 0.0654151 0.0971968 0.0877779 0.1052328 0.0816626 0.0738340 0.0778344 0.0885592 0.0914719 0.0823977 0.0198993 0.0811048 0.0649003 0.0857655 0.0709266 0.0842030 0.0988153 0.0997362 0.0860244 0.0883714 0.0906101 0.0763204 0.0945409 0.0809495 0.0893418 0.0802786 0.0727779 0.0364727 0.0951194 0.1265256 0.1033008 0.0944954 0.1029032 0.0622173 0.0830160 0.0195713 0.0755072 0.0190117 0.0172898 0.1034833 0.0274507 0.0876019 0.1104131 0.0786189 0.0860037 0.0693448 0.0739698 0.0909330 0.0852946 0.0876100 0.0817252 0.0780080 0.1052812 0.0552809 0.1250544 0.0960676 0.0850655 0.1165612 0.0903632 0.0849426 0.1191847 0.0150935 0.1266996 0.0591465 0.0901812 0.0802479 0.0952060 0.0807988 0.0868472 0.1202002 0.0743498 0.0901620 0.0792857 0.0848295 0.0794905 0.0828730 0.0929768 0.0830257 0.0958853 0.0999790 0.0903399 0.0944190 0.0773738 0.0877714 0.0934342 0.0731853 0.0723441 0.0763311 0.0812813 0.0833545 0.0739953 0.0856896 0.0731706 0.0719876 0.0876977 0.0869841 0.0242408 0.0819548 0.0554484 0.0888113 0.0779339 0.0732654 0.0691476 0.0897232 0.0859441 0.0801412 0.0882397 0.0852037 0.0677765 0.0957850 0.0840540 0.0879451 0.0829832 0.0686443 0.1361248 0.0544214 0.0705808 0.0810736 0.0672178 
S0278         0.2177593 0.0851756 0.0867486 0.0000000 0.0833488 0.0848125 0.0303057 0.0808544 0.0959431 0.1102799 0.0359001 0.1084037 0.1208149 0.0398159 0.1132287 0.0258846 0.1028243 0.1024529 0.1189801 0.0993406 0.0808263 0.0809581 0.0364000 0.0961369 0.0323295 0.0786068 0.0860474 0.0458154 0.1025919 0.0480693 0.0922401 0.1020643 0.1084595 0.1059656 0.0248958 0.0942804 0.0823472 0.0433279 0.0607889 0.0772310 0.0928992 0.0844457 0.0757899 0.1072598 0.1362959 0.1126746 0.1070207 0.1094234 0.0749810 0.0931507 0.0744596 0.0832517 0.0750455 0.0724140 0.1070886 0.0662112 0.0698836 0.1147972 0.0637088 0.0654405 0.0811207 0.0246028 0.1068849 0.0978171 0.0933400 0.0909901 0.0936561 0.1187422 0.0938988 0.1288845 0.1071645 0.1100793 0.1187920 0.0962701 0.0931235 0.1261812 0.0716312 0.1318502 0.0529371 0.0944507 0.0847405 0.1093998 0.0857911 0.0915894 0.1274579 0.0843256 0.0984415 0.0856626 0.0339655 0.0687650 0.0745076 0.1086247 0.0653621 0.0344518 0.1066461 0.1080991 0.1120258 0.0849602 0.0986533 0.1035674 0.0801958 0.0810641 0.0811854 0.0901655 0.0910208 0.0794407 0.0591001 0.0804604 0.0774814 0.0340945 0.0937295 0.0824867 0.0320793 0.0947806 0.0754776 0.0851189 0.0852437 0.0816677 0.0946900 0.0353881 0.0910187 0.0687417 0.0927495 0.0802830 0.1014814 0.0894334 0.0725470 0.0890976 0.0782586 0.1547239 0.0715848 0.0834399 0.0887456 0.0817155 
S0281         0.2229653 0.0787671 0.0526588 0.0833488 0.0000000 0.0750464 0.0812023 0.0698880 0.0874240 0.1053681 0.0933674 0.1002890 0.1114133 0.0898682 0.1007470 0.0634664 0.0943067 0.0989881 0.1093752 0.0899408 0.0723792 0.0758107 0.0910160 0.0908749 0.0801106 0.0447247 0.0834447 0.0857880 0.0921442 0.0751305 0.0856114 0.0970617 0.1067064 0.0941513 0.0884703 0.0864754 0.0726998 0.0941921 0.0818831 0.0947711 0.0871076 0.0793121 0.0454552 0.0986109 0.1374710 0.1059589 0.0976763 0.1130724 0.0648227 0.0881559 0.0409591 0.0758813 0.0399616 0.0404894 0.0995863 0.0334769 0.0883905 0.1130426 0.0820655 0.0818084 0.0733531 0.0754093 0.0985287 0.0889689 0.0839542 0.0846852 0.0848590 0.1070620 0.0634123 0.1330302 0.1048270 0.1013303 0.1152097 0.0884769 0.0874915 0.1288997 0.0368522 0.1364101 0.0658180 0.0867313 0.0793726 0.1025972 0.0816129 0.0827237 0.1361865 0.0761553 0.0916427 0.0796436 0.0840226 0.0827090 0.0939127 0.0955382 0.0785220 0.0908617 0.1030591 0.0969394 0.0966027 0.0774677 0.0875563 0.0933747 0.0760259 0.0734750 0.0760507 0.0840994 0.0792045 0.0736528 0.0860882 0.0775122 0.0722267 0.0877782 0.0911151 0.0485157 0.0840986 0.0663367 0.0918953 0.0769531 0.0758296 0.0725419 0.0927681 0.0847675 0.0771466 0.0885677 0.0865353 0.0719245 0.0958097 0.0819167 0.0863927 0.0851694 0.0699887 0.1412978 0.0582619 0.0765214 0.0805134 0.0727639 
S0282         0.2057701 0.0384164 0.0744578 0.0848125 0.0750464 0.0000000 0.0799399 0.0617569 0.0271726 0.0635833 0.0924986 0.1019162 0.1132102 0.0884570 0.1023700 0.0600746 0.0844065 0.0867249 0.1092862 0.0579104 0.0133969 0.0210268 0.0900742 0.0660129 0.0736564 0.0625934 0.0557491 0.0797560 0.0938519 0.0649446 0.0770625 0.0659344 0.1053039 0.0957835 0.0859985 0.0339862 0.0190138 0.0886141 0.0751101 0.0860017 0.0523680 0.0203355 0.0594201 0.1000689 0.1264620 0.0833351 0.0992798 0.0907671 0.0130212 0.0789005 0.0624559 0.0143383 0.0619166 0.0609773 0.0922210 0.0495276 0.0835439 0.1158082 0.0757567 0.0780627 0.0640678 0.0694058 0.0964003 0.0813758 0.0766967 0.0778405 0.0790876 0.0690285 0.0831662 0.1227261 0.0830558 0.1050248 0.1163792 0.0785073 0.0753469 0.1174759 0.0610096 0.1264536 0.0587283 0.0789627 0.0746028 0.1045269 0.0535417 0.0716464 0.1247737 0.0181228 0.0477101 0.0692098 0.0785246 0.0780121 0.0873623 0.0966998 0.0732775 0.0897907 0.1001989 0.0992785 0.0983457 0.0203783 0.0955474 0.0825929 0.0672885 0.0201708 0.0195035 0.0424917 0.0725623 0.0444963 0.0807024 0.0660276 0.0603605 0.0840894 0.0456401 0.0683122 0.0832558 0.0863322 0.0854120 0.0148800 0.0671846 0.0628552 0.0344357 0.0805228 0.0389641 0.0812454 0.0399252 0.0394143 0.0852684 0.0748595 0.0818632 0.0760190 0.0607934 0.1415424 0.0593787 0.0666312 0.0555146 0.0634937 
S0289         0.2168451 0.0798431 0.0807314 0.0303057 0.0812023 0.0799399 0.0000000 0.0736676 0.0906444 0.1054202 0.0357552 0.1053119 0.1162217 0.0340709 0.1070346 0.0247622 0.1001391 0.0999176 0.1145938 0.0944453 0.0766078 0.0774028 0.0333359 0.0969961 0.0292360 0.0744417 0.0823674 0.0394568 0.0983512 0.0425685 0.0877500 0.0987390 0.1055442 0.0995250 0.0350679 0.0897972 0.0775452 0.0426402 0.0589039 0.0734627 0.0857289 0.0822439 0.0727028 0.1035926 0.1328005 0.1080022 0.1026886 0.1027298 0.0690561 0.0893276 0.0702565 0.0778714 0.0702882 0.0688085 0.1020754 0.0628679 0.0662847 0.1116102 0.0601660 0.0614285 0.0779180 0.0225323 0.1040236 0.0944725 0.0913037 0.0866194 0.0903031 0.1149955 0.0912204 0.1273296 0.1018522 0.1034493 0.1150350 0.0900405 0.0864333 0.1252972 0.0659302 0.1316667 0.0477609 0.0941157 0.0831653 0.1028256 0.0815866 0.0888222 0.1284433 0.0782966 0.0957891 0.0847140 0.0308107 0.0629927 0.0702831 0.1036613 0.0607139 0.0438246 0.1054224 0.1038202 0.1058700 0.0790315 0.0966775 0.0994323 0.0748878 0.0761693 0.0758085 0.0875212 0.0911446 0.0757574 0.0555715 0.0783615 0.0742419 0.0310061 0.0921130 0.0798103 0.0285118 0.0938662 0.0701511 0.0785685 0.0836455 0.0790831 0.0920907 0.0327774 0.0879197 0.0656584 0.0917734 0.0761073 0.0988763 0.0892632 0.0672542 0.0880528 0.0750508 0.1502521 0.0708284 0.0808377 0.0838053 0.0762615 
S0292         0.2073238 0.0589579 0.0705107 0.0808544 0.0698880 0.0617569 0.0736676 0.0000000 0.0757344 0.0918550 0.0853080 0.0987905 0.1091673 0.0875822 0.1010303 0.0597069 0.0730340 0.0732775 0.1085730 0.0772682 0.0593036 0.0624137 0.0861061 0.0741452 0.0723922 0.0621589 0.0688330 0.0739248 0.0899685 0.0621336 0.0543308 0.0809299 0.1020086 0.0956984 0.0843326 0.0744291 0.0605308 0.0882362 0.0714615 0.0829375 0.0700409 0.0661181 0.0614434 0.1000171 0.1256045 0.0867070 0.0967346 0.0933256 0.0533928 0.0573205 0.0584523 0.0637668 0.0579068 0.0590659 0.0692965 0.0485183 0.0796097 0.1085321 0.0726630 0.0759568 0.0481976 0.0660546 0.0953219 0.0594410 0.0556908 0.0541117 0.0606502 0.0971559 0.0801461 0.1183918 0.0834667 0.0970097 0.1104358 0.0541717 0.0514473 0.1171300 0.0570978 0.1261921 0.0578812 0.0586912 0.0569024 0.0962530 0.0699133 0.0388887 0.1257588 0.0623029 0.0700657 0.0553739 0.0777812 0.0722593 0.0820533 0.0933597 0.0703629 0.0891889 0.0978184 0.0948267 0.0950735 0.0636071 0.0870939 0.0693835 0.0099995 0.0596791 0.0627229 0.0678076 0.0426241 0.0630611 0.0798577 0.0164125 0.0151652 0.0823902 0.0684115 0.0644827 0.0810380 0.0833114 0.0767902 0.0615333 0.0332622 0.0487176 0.0749309 0.0788879 0.0708356 0.0773605 0.0710748 0.0544747 0.0724173 0.0618952 0.0765525 0.0580700 0.0450532 0.1338745 0.0555724 0.0519046 0.0708343 0.0470396 
S0293         0.2169219 0.0477477 0.0779699 0.0959431 0.0874240 0.0271726 0.0906444 0.0757344 0.0000000 0.0757241 0.1065742 0.1116744 0.1250475 0.1013852 0.1149043 0.0740790 0.1010704 0.0943866 0.1190800 0.0678764 0.0245167 0.0329844 0.0992043 0.0792898 0.0896243 0.0764793 0.0675271 0.0822839 0.1043696 0.0763892 0.0848066 0.0784495 0.1160044 0.1035094 0.0984516 0.0461879 0.0297363 0.1041648 0.0878594 0.0987267 0.0629529 0.0278910 0.0733521 0.1096917 0.1379442 0.0910926 0.1128036 0.0966103 0.0235044 0.0857712 0.0762134 0.0255835 0.0749698 0.0722924 0.1032563 0.0630171 0.0916403 0.1329893 0.0871597 0.0923705 0.0726810 0.0776054 0.1040261 0.0884125 0.0861692 0.0833833 0.0814504 0.0738983 0.0947108 0.1346426 0.0927815 0.1080362 0.1312875 0.0907570 0.0843641 0.1289195 0.0756445 0.1394528 0.0634940 0.0898802 0.0865582 0.1163437 0.0588645 0.0857459 0.1347709 0.0282747 0.0612178 0.0794953 0.0916576 0.0900188 0.0907015 0.1107552 0.0874864 0.1065493 0.1163303 0.1077070 0.1112092 0.0312044 0.1127068 0.0989979 0.0781550 0.0300347 0.0302672 0.0544168 0.0854611 0.0565093 0.0907866 0.0766043 0.0733272 0.0958614 0.0571791 0.0808157 0.0925902 0.0962410 0.0995406 0.0272508 0.0807496 0.0737197 0.0455923 0.0945218 0.0498757 0.0949264 0.0499353 0.0498933 0.1017580 0.0867774 0.0956308 0.0886763 0.0720108 0.1561353 0.0705684 0.0784702 0.0661263 0.0749596 
S0294         0.2328837 0.0697110 0.1000068 0.1102799 0.1053681 0.0635833 0.1054202 0.0918550 0.0757241 0.0000000 0.1131444 0.1285482 0.1452227 0.1155543 0.1343488 0.0874239 0.1145456 0.1184094 0.1405051 0.0934108 0.0604960 0.0658881 0.1133444 0.0878878 0.0994665 0.0891746 0.0858074 0.1039933 0.1222678 0.0972686 0.1050487 0.0950424 0.1335326 0.1255643 0.1118370 0.0716860 0.0638340 0.1139990 0.1066174 0.1160279 0.0773415 0.0634868 0.0866591 0.1262258 0.1550643 0.1104425 0.1240808 0.1139112 0.0499967 0.1069471 0.0880411 0.0628363 0.0898541 0.0888368 0.1227393 0.0754127 0.1131059 0.1439769 0.1032273 0.1088492 0.0916382 0.0921393 0.1270751 0.1087124 0.1052458 0.1033781 0.1077050 0.0575125 0.1104452 0.1543354 0.1080768 0.1322168 0.1458812 0.1105325 0.1079767 0.1483757 0.0873486 0.1574422 0.0838796 0.1078780 0.1060301 0.1336853 0.0798077 0.1028311 0.1565188 0.0634846 0.0783630 0.0977624 0.1070748 0.1055992 0.1144588 0.1264996 0.1066319 0.1145020 0.1350982 0.1272121 0.1263329 0.0647961 0.1223442 0.1175120 0.0970048 0.0633970 0.0617928 0.0742981 0.1077227 0.0688757 0.1095408 0.0936022 0.0885164 0.1118559 0.0739377 0.0990922 0.1072405 0.1119277 0.1146885 0.0653489 0.1007742 0.0927154 0.0781484 0.1024155 0.0648601 0.1116606 0.0743743 0.0697475 0.1176093 0.1032612 0.1107267 0.1078530 0.0875336 0.1625753 0.0901634 0.0985433 0.0866561 0.0909157 
S0299         0.2175490 0.0923151 0.0921354 0.0359001 0.0933674 0.0924986 0.0357552 0.0853080 0.1065742 0.1131444 0.0000000 0.1115784 0.1214226 0.0498777 0.1112921 0.0354022 0.1086148 0.1146856 0.1185723 0.1062991 0.0895687 0.0880920 0.0473246 0.1028250 0.0389408 0.0892554 0.0931321 0.0559922 0.1023628 0.0545053 0.0981183 0.1090074 0.1113234 0.1072824 0.0382568 0.1024340 0.0899759 0.0508176 0.0686973 0.0804981 0.0980860 0.0937023 0.0847959 0.1091730 0.1462393 0.1167373 0.1069374 0.1222186 0.0824959 0.0990836 0.0828021 0.0903137 0.0835393 0.0825672 0.1134104 0.0740283 0.0770335 0.1154419 0.0688577 0.0689436 0.0898652 0.0364834 0.1053898 0.1019870 0.1035824 0.0961787 0.1014532 0.1259618 0.1000151 0.1435517 0.1065955 0.1075610 0.1205252 0.1011856 0.0964492 0.1377370 0.0809995 0.1426106 0.0615355 0.1066133 0.0938811 0.1075871 0.0955955 0.0969466 0.1412733 0.0908123 0.1087973 0.0942420 0.0389639 0.0717762 0.0795639 0.1071755 0.0706183 0.0443155 0.1144756 0.1079419 0.1082147 0.0915271 0.1005013 0.1150876 0.0909316 0.0882531 0.0888067 0.0974361 0.0995712 0.0862478 0.0658595 0.0878126 0.0859650 0.0444668 0.1050451 0.0925166 0.0423863 0.1034851 0.0788296 0.0916810 0.0933731 0.0900089 0.1019232 0.0388809 0.0964301 0.0741885 0.0990574 0.0877773 0.1098916 0.0987940 0.0746040 0.0972013 0.0862257 0.1612370 0.0806135 0.0894823 0.0953474 0.0886305 
S0303         0.2374406 0.1056263 0.0948351 0.1084037 0.1002890 0.1019162 0.1053119 0.0987905 0.1116744 0.1285482 0.1115784 0.0000000 0.0750567 0.1127046 0.0281142 0.0912262 0.1253454 0.1209265 0.0232338 0.1179207 0.0982248 0.1006544 0.1126360 0.1166555 0.1092855 0.0920118 0.1095077 0.1027288 0.0168166 0.0963788 0.1152927 0.1245807 0.0747122 0.0203717 0.1103348 0.1086908 0.0997200 0.1213172 0.1085594 0.1170712 0.1074802 0.1019850 0.0869199 0.0171254 0.1590772 0.1307469 0.0084446 0.1289350 0.0888874 0.1149140 0.0901264 0.1009775 0.0894644 0.0861075 0.1263395 0.0775862 0.1156830 0.0898016 0.1054198 0.1168427 0.0998861 0.0928066 0.0583514 0.1169461 0.1162227 0.1130507 0.1145899 0.1350166 0.1020509 0.1496134 0.1156406 0.0728048 0.0883061 0.1178494 0.1165698 0.1487371 0.0850999 0.1556253 0.0909953 0.1178103 0.1094692 0.0759146 0.1080001 0.1139254 0.1513662 0.1010949 0.1100357 0.1024269 0.1123247 0.1116144 0.1155598 0.0186770 0.1126121 0.1197328 0.0804627 0.0190852 0.0213770 0.1042077 0.0680328 0.1232339 0.1029047 0.0991330 0.1002676 0.1077711 0.1083266 0.1028707 0.1167592 0.1010215 0.0997936 0.1151896 0.1131065 0.0953435 0.1083694 0.1023803 0.1161434 0.1022137 0.1099417 0.1048074 0.1134564 0.1114890 0.1036219 0.1133365 0.1138044 0.0967340 0.1273802 0.1102005 0.1139104 0.1128742 0.0991713 0.1591017 0.0878483 0.1067113 0.1098954 0.1059258 
S0308         0.2342694 0.1152377 0.1072491 0.1208149 0.1114133 0.1132102 0.1162217 0.1091673 0.1250475 0.1452227 0.1214226 0.0750567 0.0000000 0.1227353 0.0804450 0.0976168 0.1344848 0.1280941 0.0823187 0.1333102 0.1088803 0.1127042 0.1262150 0.1262043 0.1168524 0.1032447 0.1159496 0.1087726 0.0675058 0.1000231 0.1228987 0.1345153 0.0838985 0.0720915 0.1198896 0.1224123 0.1096863 0.1313966 0.1179468 0.1205639 0.1209810 0.1131009 0.1028397 0.0746764 0.1654134 0.1405319 0.0738447 0.1366558 0.0980736 0.1249496 0.0984692 0.1133425 0.0991823 0.0968474 0.1299194 0.0894462 0.1219546 0.0996148 0.1124142 0.1211831 0.1064646 0.1038089 0.0807498 0.1280172 0.1207352 0.1237011 0.1249479 0.1440952 0.1098682 0.1678243 0.1210496 0.0865740 0.1038767 0.1236279 0.1231323 0.1605869 0.0945420 0.1691819 0.0954949 0.1245983 0.1201005 0.0862609 0.1214653 0.1156664 0.1654992 0.1131625 0.1198169 0.1138864 0.1147259 0.1149222 0.1225828 0.0729996 0.1159081 0.1313196 0.0882794 0.0726554 0.0746709 0.1149995 0.0810450 0.1286788 0.1094025 0.1099890 0.1116461 0.1144547 0.1175512 0.1098851 0.1185234 0.1093444 0.1039886 0.1238431 0.1251574 0.1021980 0.1200591 0.1112505 0.1212500 0.1103620 0.1124624 0.1133569 0.1186104 0.1214004 0.1163181 0.1176849 0.1169245 0.1090933 0.1340283 0.1202942 0.1176254 0.1192231 0.1045717 0.1617348 0.1018746 0.1133535 0.1212607 0.1060718 
S0320         0.2205070 0.0924128 0.0909957 0.0398159 0.0898682 0.0884570 0.0340709 0.0875822 0.1013852 0.1155543 0.0498777 0.1127046 0.1227353 0.0000000 0.1131956 0.0297800 0.1051780 0.1063653 0.1209097 0.1025637 0.0868351 0.0888405 0.0418160 0.1063035 0.0381676 0.0849435 0.0939190 0.0472261 0.1056143 0.0511408 0.0936825 0.1107414 0.1092467 0.1111220 0.0415166 0.0992389 0.0895396 0.0543465 0.0691017 0.0835101 0.0979464 0.0884288 0.0837227 0.1115288 0.1410293 0.1197209 0.1113018 0.1150158 0.0807353 0.0939989 0.0794184 0.0898449 0.0798880 0.0772381 0.1101937 0.0729096 0.0729230 0.1216512 0.0699439 0.0721854 0.0869873 0.0279991 0.1090036 0.0997835 0.1015313 0.0935737 0.0932851 0.1256354 0.0966059 0.1377635 0.1074650 0.1123728 0.1217238 0.0997069 0.0989191 0.1291222 0.0727808 0.1408428 0.0572653 0.1032935 0.0919952 0.1128574 0.0930387 0.0964410 0.1348591 0.0904223 0.1064934 0.0900436 0.0397128 0.0744925 0.0792067 0.1122924 0.0726733 0.0520791 0.1090666 0.1117429 0.1144897 0.0921771 0.1074815 0.1051679 0.0898011 0.0883771 0.0889125 0.0993023 0.1002288 0.0893687 0.0648144 0.0870001 0.0846081 0.0363563 0.1065552 0.0896706 0.0380354 0.0974991 0.0824126 0.0906533 0.0929865 0.0871007 0.1004525 0.0423397 0.0996310 0.0737728 0.1024193 0.0862829 0.1042698 0.0950921 0.0788553 0.0924488 0.0851998 0.1640015 0.0796408 0.0893828 0.0948495 0.0870452 
S0322         0.2382431 0.1049590 0.1013820 0.1132287 0.1007470 0.1023700 0.1070346 0.1010303 0.1149043 0.1343488 0.1112921 0.0281142 0.0804450 0.1131956 0.0000000 0.0899221 0.1257238 0.1204775 0.0246720 0.1203976 0.0993139 0.1012361 0.1158519 0.1188881 0.1072592 0.0970727 0.1062638 0.1053099 0.0229164 0.0979328 0.1139648 0.1275089 0.0778869 0.0257865 0.1145492 0.1079789 0.0990098 0.1211874 0.1138075 0.1187107 0.1097979 0.1055983 0.0915696 0.0241908 0.1617207 0.1351743 0.0275927 0.1328355 0.0896089 0.1167166 0.0941473 0.1026093 0.0934759 0.0930655 0.1265970 0.0816530 0.1192660 0.0932521 0.1108210 0.1171340 0.1027925 0.0993944 0.0625934 0.1200028 0.1158984 0.1148691 0.1164316 0.1342703 0.1060494 0.1544520 0.1198094 0.0813269 0.0923293 0.1182088 0.1146610 0.1519830 0.0895565 0.1596742 0.0972618 0.1174606 0.1101575 0.0821130 0.1096795 0.1149755 0.1587899 0.1015478 0.1123853 0.1061136 0.1109999 0.1132430 0.1210981 0.0200279 0.1112393 0.1184093 0.0797518 0.0247110 0.0236939 0.1035166 0.0685999 0.1198039 0.1088733 0.0990178 0.1013901 0.1096334 0.1075905 0.1044891 0.1178058 0.1063115 0.1014925 0.1169195 0.1136507 0.1012165 0.1116141 0.1089118 0.1192334 0.1026696 0.1086216 0.1035764 0.1151921 0.1104050 0.1052442 0.1173921 0.1142405 0.1000671 0.1240386 0.1124870 0.1161491 0.1164001 0.0991078 0.1591490 0.0917555 0.1054734 0.1111508 0.1052072 
S0327         0.1962684 0.0626991 0.0654151 0.0258846 0.0634664 0.0600746 0.0247622 0.0597069 0.0740790 0.0874239 0.0354022 0.0912262 0.0976168 0.0297800 0.0899221 0.0000000 0.0814538 0.0847846 0.0992475 0.0770674 0.0580654 0.0591457 0.0298855 0.0746149 0.0178836 0.0585409 0.0644761 0.0319007 0.0830764 0.0285915 0.0706828 0.0790926 0.0925976 0.0853332 0.0277528 0.0691008 0.0588302 0.0347807 0.0431803 0.0570561 0.0701330 0.0634176 0.0563773 0.0884089 0.1166420 0.0898929 0.0891590 0.0934865 0.0520687 0.0721300 0.0554890 0.0587051 0.0555604 0.0545829 0.0871960 0.0476171 0.0509971 0.0954888 0.0460040 0.0466578 0.0603157 0.0184707 0.0873422 0.0777002 0.0741658 0.0716785 0.0734365 0.0954322 0.0737868 0.1123868 0.0849868 0.0933993 0.1022723 0.0746376 0.0723463 0.1079678 0.0519493 0.1162779 0.0334371 0.0756693 0.0639918 0.0905122 0.0684788 0.0715791 0.1142948 0.0600839 0.0760554 0.0659184 0.0213638 0.0483203 0.0554547 0.0870955 0.0447989 0.0355083 0.0901283 0.0885394 0.0894399 0.0608265 0.0839621 0.0819478 0.0626703 0.0578894 0.0588106 0.0691695 0.0703849 0.0615204 0.0442494 0.0619777 0.0560848 0.0261043 0.0736819 0.0655185 0.0269058 0.0763377 0.0548811 0.0614233 0.0631405 0.0609809 0.0712885 0.0288622 0.0667220 0.0488460 0.0711784 0.0585390 0.0826872 0.0720654 0.0531333 0.0687248 0.0569720 0.1330409 0.0553752 0.0626986 0.0671807 0.0597699 
S0335         0.2356136 0.0886877 0.0971968 0.1028243 0.0943067 0.0844065 0.1001391 0.0730340 0.1010704 0.1145456 0.1086148 0.1253454 0.1344848 0.1051780 0.1257238 0.0814538 0.0000000 0.0659186 0.1324861 0.1044308 0.0800884 0.0878286 0.1043243 0.1016223 0.0930624 0.0847485 0.0954672 0.0953404 0.1152178 0.0884311 0.0836381 0.1076302 0.1223868 0.1213630 0.1040612 0.0948297 0.0836088 0.1076199 0.1005164 0.1114431 0.0931497 0.0888862 0.0803831 0.1246535 0.1497108 0.1142936 0.1194338 0.1252711 0.0765557 0.0867227 0.0854763 0.0864543 0.0859537 0.0856208 0.0989096 0.0711496 0.1061098 0.1358939 0.0963882 0.0992027 0.0773124 0.0905739 0.1174615 0.0904163 0.0880976 0.0834228 0.0883043 0.1234056 0.1038665 0.1466430 0.1103606 0.1245193 0.1295363 0.0875584 0.0865921 0.1403411 0.0808109 0.1525123 0.0872216 0.0926079 0.0681020 0.1247532 0.0938816 0.0819393 0.1517714 0.0866845 0.1022337 0.0795828 0.0975441 0.1000781 0.1101764 0.1194136 0.0987469 0.1069414 0.1206461 0.1213195 0.1215945 0.0866354 0.1125714 0.0616872 0.0791920 0.0839412 0.0870591 0.0937542 0.0828864 0.0827891 0.1021941 0.0764884 0.0704060 0.1049635 0.0979386 0.0919259 0.0999024 0.1066699 0.1086339 0.0842050 0.0740015 0.0577533 0.1004130 0.1000825 0.0917915 0.0996054 0.0962085 0.0730157 0.0619381 0.0260080 0.1041258 0.0849256 0.0733946 0.1705155 0.0855762 0.0614594 0.0974358 0.0750949 
S0345         0.2218011 0.0888761 0.0877779 0.1024529 0.0989881 0.0867249 0.0999176 0.0732775 0.0943866 0.1184094 0.1146856 0.1209265 0.1280941 0.1063653 0.1204775 0.0847846 0.0659186 0.0000000 0.1256225 0.1021057 0.0787032 0.0855650 0.1073524 0.1057317 0.1013845 0.0813964 0.0954125 0.0990014 0.1109377 0.0818519 0.0861776 0.1107097 0.1215381 0.1138587 0.1080554 0.0976670 0.0848823 0.1141259 0.0982792 0.1098645 0.0920113 0.0865797 0.0830699 0.1187021 0.1434475 0.1209454 0.1177461 0.1163878 0.0741288 0.0872824 0.0826582 0.0869709 0.0798327 0.0793322 0.1087759 0.0706607 0.1003137 0.1336893 0.0941785 0.0976980 0.0744456 0.0858799 0.1104422 0.0904453 0.0945972 0.0825297 0.0830616 0.1183585 0.1024225 0.1406467 0.1126342 0.1207708 0.1268861 0.0923185 0.0867243 0.1354828 0.0765312 0.1461511 0.0820370 0.0978396 0.0643142 0.1269425 0.0884373 0.0866552 0.1410909 0.0843288 0.0999803 0.0856680 0.1017385 0.0983346 0.0971351 0.1196951 0.0914099 0.1115653 0.1245216 0.1176141 0.1224329 0.0860886 0.1146162 0.0333156 0.0753758 0.0796014 0.0855058 0.0954076 0.0842925 0.0865281 0.0985733 0.0718091 0.0706569 0.1021985 0.0955656 0.0880555 0.1027984 0.1035014 0.1064451 0.0875879 0.0782721 0.0513475 0.0989082 0.1068976 0.0931298 0.1056428 0.0932095 0.0740065 0.0367377 0.0506364 0.1036076 0.0940363 0.0724476 0.1562830 0.0811545 0.0551252 0.0956989 0.0778536 
S0355         0.2460387 0.1106591 0.1052328 0.1189801 0.1093752 0.1092862 0.1145938 0.1085730 0.1190800 0.1405051 0.1185723 0.0232338 0.0823187 0.1209097 0.0246720 0.0992475 0.1324861 0.1256225 0.0000000 0.1204800 0.1054811 0.1042918 0.1220649 0.1238185 0.1198804 0.1030755 0.1125794 0.1088257 0.0267368 0.1029259 0.1236159 0.1309304 0.0801837 0.0308250 0.1209155 0.1161789 0.1058407 0.1327994 0.1156692 0.1252717 0.1136025 0.1078412 0.0971472 0.0279369 0.1663751 0.1396224 0.0265861 0.1332008 0.0938148 0.1232053 0.1014827 0.1095091 0.1007922 0.0973466 0.1321308 0.0871739 0.1224707 0.1003970 0.1146452 0.1236857 0.1071383 0.1049919 0.0686512 0.1273919 0.1244469 0.1206870 0.1229328 0.1397751 0.1136482 0.1583656 0.1202699 0.0844846 0.0979457 0.1255544 0.1249450 0.1565317 0.0954677 0.1635212 0.0997587 0.1267339 0.1143857 0.0862436 0.1160590 0.1214954 0.1599344 0.1078203 0.1148145 0.1091608 0.1224096 0.1209619 0.1256009 0.0300627 0.1200203 0.1285305 0.0855407 0.0309752 0.0313731 0.1091997 0.0760517 0.1276698 0.1127515 0.1065728 0.1064271 0.1140318 0.1136237 0.1120131 0.1223687 0.1095214 0.1083391 0.1252773 0.1187115 0.1068523 0.1166501 0.1140196 0.1261953 0.1089345 0.1174038 0.1116054 0.1214617 0.1190811 0.1114367 0.1250071 0.1201619 0.1068901 0.1320924 0.1164752 0.1236973 0.1229077 0.1064030 0.1713316 0.0976119 0.1123535 0.1156779 0.1127052 
S0376         0.2128736 0.0661315 0.0816626 0.0993406 0.0899408 0.0579104 0.0944453 0.0772682 0.0678764 0.0934108 0.1062991 0.1179207 0.1333102 0.1025637 0.1203976 0.0770674 0.1044308 0.1021057 0.1204800 0.0000000 0.0597863 0.0625558 0.1011763 0.0812886 0.0919216 0.0806209 0.0392801 0.0874941 0.1122061 0.0709151 0.0904405 0.0864824 0.1182662 0.1124938 0.1029560 0.0768475 0.0628351 0.1038941 0.0879458 0.0970255 0.0746432 0.0635666 0.0763572 0.1158057 0.1314210 0.0894115 0.1195476 0.0961359 0.0516764 0.0894039 0.0804035 0.0628448 0.0786256 0.0757364 0.1046248 0.0672612 0.0933223 0.1355222 0.0876441 0.0925097 0.0737375 0.0832302 0.1065793 0.0965918 0.0911383 0.0882686 0.0883532 0.0910266 0.0973270 0.1270169 0.0915759 0.1114166 0.1356117 0.0964619 0.0920286 0.1211544 0.0775510 0.1315106 0.0673258 0.0953976 0.0888722 0.1197866 0.0750158 0.0892577 0.1294512 0.0629829 0.0824069 0.0831545 0.0973294 0.0889920 0.0883188 0.1187799 0.0919502 0.1065646 0.1154534 0.1169056 0.1179084 0.0632846 0.1081262 0.1039625 0.0814460 0.0653444 0.0627950 0.0758482 0.0928374 0.0706456 0.0925396 0.0770761 0.0761817 0.0997203 0.0799677 0.0869001 0.0951654 0.0995005 0.0965799 0.0638070 0.0816908 0.0814357 0.0781514 0.0983283 0.0732360 0.0943179 0.0701586 0.0602691 0.1053806 0.0932209 0.0956904 0.0942249 0.0713452 0.1538168 0.0751455 0.0863106 0.0354693 0.0743025 
S0400         0.2009370 0.0347354 0.0738340 0.0808263 0.0723792 0.0133969 0.0766078 0.0593036 0.0245167 0.0604960 0.0895687 0.0982248 0.1088803 0.0868351 0.0993139 0.0580654 0.0800884 0.0787032 0.1054811 0.0597863 0.0000000 0.0171620 0.0854595 0.0651758 0.0727594 0.0614857 0.0548122 0.0779205 0.0902730 0.0628563 0.0743053 0.0645269 0.1014939 0.0920496 0.0836875 0.0323201 0.0161329 0.0882147 0.0752602 0.0860121 0.0505400 0.0152662 0.0596795 0.0970047 0.1231060 0.0799817 0.0962667 0.0883517 0.0101271 0.0767934 0.0609876 0.0124510 0.0604535 0.0583639 0.0886030 0.0497835 0.0818194 0.1126095 0.0746969 0.0777534 0.0609805 0.0671024 0.0945043 0.0792130 0.0750866 0.0740398 0.0757782 0.0651161 0.0814847 0.1200005 0.0801762 0.1016893 0.1143555 0.0775371 0.0737086 0.1148172 0.0588410 0.1244375 0.0598430 0.0795087 0.0713682 0.1013799 0.0495892 0.0695981 0.1227412 0.0134227 0.0448698 0.0672066 0.0764704 0.0775275 0.0862043 0.0942906 0.0722366 0.0892590 0.0991214 0.0956344 0.0959316 0.0174829 0.0937483 0.0787878 0.0642314 0.0163152 0.0166051 0.0412513 0.0699145 0.0412321 0.0789937 0.0623927 0.0562608 0.0819073 0.0428297 0.0657030 0.0792996 0.0840090 0.0848362 0.0134380 0.0640998 0.0603064 0.0308652 0.0796032 0.0357799 0.0806271 0.0367298 0.0371943 0.0802173 0.0705486 0.0813535 0.0738387 0.0582783 0.1453355 0.0569754 0.0640324 0.0540490 0.0614963 
S0405         0.2074934 0.0370475 0.0778344 0.0809581 0.0758107 0.0210268 0.0774028 0.0624137 0.0329844 0.0658881 0.0880920 0.1006544 0.1127042 0.0888405 0.1012361 0.0591457 0.0878286 0.0855650 0.1042918 0.0625558 0.0171620 0.0000000 0.0879858 0.0677318 0.0739284 0.0659019 0.0590320 0.0773182 0.0920399 0.0617390 0.0787755 0.0667028 0.1047040 0.0944436 0.0843942 0.0365560 0.0172189 0.0867646 0.0706164 0.0884844 0.0531101 0.0234656 0.0633959 0.0982476 0.1273096 0.0856849 0.0986521 0.0908443 0.0144938 0.0812580 0.0658180 0.0204949 0.0652726 0.0636646 0.0932667 0.0534185 0.0807797 0.1142393 0.0763610 0.0784597 0.0646334 0.0698180 0.0963265 0.0837574 0.0808158 0.0795290 0.0802606 0.0685738 0.0837707 0.1223930 0.0859428 0.1063235 0.1133433 0.0814972 0.0779062 0.1189555 0.0634206 0.1249748 0.0595986 0.0842445 0.0751791 0.1045205 0.0504366 0.0744399 0.1230109 0.0200754 0.0467671 0.0682780 0.0771595 0.0793283 0.0879896 0.0973243 0.0711801 0.0906543 0.1017262 0.0980285 0.0994754 0.0190438 0.0964895 0.0854594 0.0673422 0.0235868 0.0167675 0.0466738 0.0765686 0.0456251 0.0773860 0.0676185 0.0624763 0.0832866 0.0452067 0.0711462 0.0823449 0.0857152 0.0861869 0.0206243 0.0699939 0.0650400 0.0354958 0.0787327 0.0395431 0.0802342 0.0436672 0.0420340 0.0880206 0.0769950 0.0837571 0.0782871 0.0619071 0.1399217 0.0627606 0.0688412 0.0560709 0.0656772 
S0407sl       0.2236307 0.0909993 0.0885592 0.0364000 0.0910160 0.0900742 0.0333359 0.0861061 0.0992043 0.1133444 0.0473246 0.1126360 0.1262150 0.0418160 0.1158519 0.0298855 0.1043243 0.1073524 0.1220649 0.1011763 0.0854595 0.0879858 0.0000000 0.1084500 0.0373179 0.0832219 0.0930141 0.0463141 0.1064530 0.0518415 0.0958424 0.1069901 0.1134381 0.1092337 0.0381871 0.0990812 0.0881189 0.0515559 0.0664543 0.0810555 0.0970879 0.0882297 0.0793616 0.1098247 0.1397426 0.1190108 0.1133433 0.1134065 0.0774921 0.0961708 0.0791438 0.0862069 0.0791803 0.0759783 0.1120160 0.0691154 0.0720048 0.1235824 0.0663544 0.0709363 0.0844716 0.0286990 0.1100546 0.1021775 0.1018298 0.0939981 0.0966182 0.1229923 0.0988846 0.1374354 0.1058636 0.1136342 0.1236880 0.0983712 0.0975517 0.1314890 0.0750074 0.1385895 0.0564073 0.1047780 0.0916730 0.1139556 0.0916148 0.0963126 0.1342068 0.0878667 0.1034575 0.0897901 0.0324651 0.0708918 0.0766449 0.1112003 0.0718766 0.0471371 0.1152641 0.1126277 0.1159616 0.0896295 0.1059461 0.1084405 0.0860487 0.0852388 0.0863704 0.0966920 0.0974329 0.0862720 0.0639220 0.0861525 0.0808719 0.0342171 0.1027718 0.0884052 0.0054533 0.0992151 0.0747210 0.0886460 0.0908741 0.0880547 0.0983577 0.0395053 0.0958987 0.0741126 0.0973818 0.0837605 0.1082569 0.0953748 0.0746902 0.0954395 0.0832521 0.1598223 0.0749720 0.0909970 0.0922266 0.0856368 
S0412sl       0.2048640 0.0706364 0.0914719 0.0961369 0.0908749 0.0660129 0.0969961 0.0741452 0.0792898 0.0878878 0.1028250 0.1166555 0.1262043 0.1063035 0.1188881 0.0746149 0.1016223 0.1057317 0.1238185 0.0812886 0.0651758 0.0677318 0.1084500 0.0000000 0.0908642 0.0839703 0.0729845 0.0955610 0.1102808 0.0778998 0.0903745 0.0800022 0.1193987 0.1083451 0.1003126 0.0766493 0.0633708 0.1055010 0.0896171 0.0974380 0.0765601 0.0711424 0.0768166 0.1152590 0.1247109 0.0783474 0.1156979 0.1092399 0.0587906 0.0913119 0.0781590 0.0666404 0.0775757 0.0796530 0.1023730 0.0646217 0.0983240 0.1232185 0.0931596 0.0985689 0.0769198 0.0864524 0.1177658 0.0924512 0.0829921 0.0902111 0.0914146 0.0904906 0.0934995 0.1249499 0.1016995 0.1135757 0.1182215 0.0909591 0.0910741 0.1174145 0.0782315 0.1280090 0.0838698 0.0886675 0.0834613 0.1171520 0.0777049 0.0813098 0.1298784 0.0678882 0.0852730 0.0832964 0.1033185 0.0930308 0.1024018 0.1117290 0.0937207 0.1059145 0.1122035 0.1151532 0.1138315 0.0671703 0.1009318 0.1007893 0.0800898 0.0660100 0.0653720 0.0734218 0.0841374 0.0678292 0.0976075 0.0793071 0.0777068 0.1024237 0.0826489 0.0853310 0.1023125 0.0981792 0.0990829 0.0658380 0.0774758 0.0807755 0.0794968 0.0967911 0.0687683 0.0988093 0.0727955 0.0613366 0.1018608 0.0893118 0.0971786 0.0867690 0.0734440 0.1511832 0.0814008 0.0822213 0.0707655 0.0755036 
S0417         0.2064086 0.0780023 0.0823977 0.0323295 0.0801106 0.0736564 0.0292360 0.0723922 0.0896243 0.0994665 0.0389408 0.1092855 0.1168524 0.0381676 0.1072592 0.0178836 0.0930624 0.1013845 0.1198804 0.0919216 0.0727594 0.0739284 0.0373179 0.0908642 0.0000000 0.0733549 0.0783083 0.0394842 0.1011135 0.0404378 0.0820802 0.0962331 0.1075243 0.1035590 0.0331958 0.0845151 0.0716913 0.0411082 0.0581290 0.0668395 0.0828097 0.0812515 0.0675826 0.1062754 0.1277323 0.1048173 0.1042203 0.1071579 0.0661356 0.0839690 0.0686678 0.0734305 0.0686985 0.0688692 0.1005670 0.0580567 0.0640311 0.1106924 0.0548243 0.0589914 0.0750345 0.0243179 0.1034200 0.0890972 0.0883629 0.0824794 0.0861023 0.1143009 0.0876857 0.1240602 0.1028924 0.1053231 0.1145343 0.0868947 0.0849094 0.1190778 0.0648191 0.1266725 0.0482319 0.0900004 0.0815843 0.1064045 0.0826997 0.0847647 0.1260718 0.0748511 0.0910844 0.0773074 0.0283554 0.0566066 0.0647952 0.1039426 0.0590268 0.0418347 0.1053798 0.1060093 0.1062252 0.0755329 0.0942230 0.0980126 0.0763439 0.0727678 0.0718836 0.0861922 0.0871601 0.0746727 0.0554886 0.0755841 0.0698186 0.0300461 0.0876071 0.0787726 0.0340617 0.0909219 0.0646794 0.0751727 0.0796392 0.0752312 0.0856877 0.0352864 0.0826537 0.0634004 0.0848998 0.0705575 0.0970530 0.0840881 0.0612824 0.0829665 0.0705759 0.1463768 0.0678910 0.0775194 0.0798319 0.0722754 
S0419         0.2228152 0.0655091 0.0198993 0.0786068 0.0447247 0.0625934 0.0744417 0.0621589 0.0764793 0.0891746 0.0892554 0.0920118 0.1032447 0.0849435 0.0970727 0.0585409 0.0847485 0.0813964 0.1030755 0.0806209 0.0614857 0.0659019 0.0832219 0.0839703 0.0733549 0.0000000 0.0727742 0.0734201 0.0855782 0.0658008 0.0763400 0.0909145 0.0937515 0.0870787 0.0795516 0.0778960 0.0663291 0.0884729 0.0731642 0.0846753 0.0781889 0.0631249 0.0313161 0.0939546 0.1260875 0.0975675 0.0920710 0.0963113 0.0535734 0.0788340 0.0090048 0.0656244 0.0095333 0.0068638 0.0958581 0.0197663 0.0821384 0.1085079 0.0722012 0.0766345 0.0603386 0.0703027 0.0913044 0.0822872 0.0769568 0.0760375 0.0768852 0.1019178 0.0471322 0.1224550 0.0910062 0.0971401 0.1106337 0.0828368 0.0790883 0.1159979 0.0048784 0.1247598 0.0540267 0.0781223 0.0724325 0.0962351 0.0765080 0.0766392 0.1215302 0.0658910 0.0805147 0.0697212 0.0805956 0.0727125 0.0828559 0.0904923 0.0751713 0.0855475 0.0924847 0.0914836 0.0940444 0.0686966 0.0806260 0.0828263 0.0697527 0.0637326 0.0651183 0.0768016 0.0756286 0.0674872 0.0814792 0.0691143 0.0613861 0.0808703 0.0768793 0.0171927 0.0773971 0.0485535 0.0825929 0.0665107 0.0692383 0.0647579 0.0816926 0.0784200 0.0707139 0.0767889 0.0809139 0.0619900 0.0871496 0.0758720 0.0805127 0.0773131 0.0571448 0.1328206 0.0474580 0.0667677 0.0725300 0.0642701 
S0427         0.2114995 0.0570869 0.0811048 0.0860474 0.0834447 0.0557491 0.0823674 0.0688330 0.0675271 0.0858074 0.0931321 0.1095077 0.1159496 0.0939190 0.1062638 0.0644761 0.0954672 0.0954125 0.1125794 0.0392801 0.0548122 0.0590320 0.0930141 0.0729845 0.0783083 0.0727742 0.0000000 0.0777708 0.1007775 0.0661452 0.0810706 0.0760297 0.1039554 0.1037365 0.0900638 0.0700958 0.0550033 0.0904264 0.0782977 0.0880442 0.0646231 0.0612930 0.0682496 0.1065794 0.1276748 0.0851575 0.1068247 0.0921667 0.0468559 0.0842276 0.0705607 0.0586823 0.0689402 0.0695384 0.0969876 0.0576760 0.0887061 0.1202931 0.0794371 0.0823884 0.0677709 0.0737593 0.1014784 0.0884114 0.0834482 0.0830807 0.0856339 0.0880203 0.0911029 0.1272031 0.0871222 0.1113061 0.1242956 0.0838415 0.0797593 0.1198669 0.0663650 0.1290564 0.0624666 0.0822546 0.0801547 0.1080647 0.0707893 0.0764048 0.1280358 0.0583114 0.0719276 0.0769248 0.0837656 0.0783910 0.0877240 0.1048290 0.0800962 0.0927599 0.1016328 0.1055537 0.1052780 0.0574900 0.0966518 0.0905556 0.0750245 0.0576331 0.0550427 0.0675003 0.0847717 0.0627772 0.0827917 0.0724641 0.0689795 0.0905093 0.0707727 0.0778413 0.0862755 0.0937948 0.0870260 0.0584294 0.0739698 0.0692992 0.0702975 0.0841985 0.0656120 0.0829876 0.0641229 0.0536967 0.0931871 0.0842814 0.0862587 0.0820742 0.0628804 0.1435089 0.0658357 0.0732450 0.0323257 0.0677286 
S0428sl       0.2086823 0.0786671 0.0649003 0.0458154 0.0857880 0.0797560 0.0394568 0.0739248 0.0822839 0.1039933 0.0559922 0.1027288 0.1087726 0.0472261 0.1053099 0.0319007 0.0953404 0.0990014 0.1088257 0.0874941 0.0779205 0.0773182 0.0463141 0.0955610 0.0394842 0.0734201 0.0777708 0.0000000 0.0933780 0.0343440 0.0886127 0.0955102 0.1036253 0.0941839 0.0466404 0.0902719 0.0776438 0.0521849 0.0552777 0.0646397 0.0793335 0.0816674 0.0697955 0.1008760 0.1270072 0.1032085 0.1019061 0.1005709 0.0705804 0.0870546 0.0710322 0.0787251 0.0690661 0.0681857 0.1058703 0.0591298 0.0576004 0.1141794 0.0529437 0.0600054 0.0742910 0.0357838 0.0943770 0.0911144 0.0898878 0.0844946 0.0851802 0.1134152 0.0872631 0.1257841 0.0948362 0.0978446 0.1190545 0.0892680 0.0855162 0.1189865 0.0662092 0.1271579 0.0365863 0.0916809 0.0830189 0.1048780 0.0822519 0.0849307 0.1223249 0.0790241 0.0929160 0.0798442 0.0407053 0.0576522 0.0576903 0.1023099 0.0592307 0.0582487 0.1071658 0.0980606 0.1034008 0.0810202 0.0965814 0.0993245 0.0732408 0.0761293 0.0770290 0.0858684 0.0903886 0.0743660 0.0481611 0.0748678 0.0715518 0.0448510 0.0908773 0.0789062 0.0427515 0.0886910 0.0647219 0.0793846 0.0798683 0.0756272 0.0895951 0.0469232 0.0856763 0.0599657 0.0894026 0.0724453 0.0990845 0.0850517 0.0634499 0.0839796 0.0724285 0.1451629 0.0708254 0.0793439 0.0824568 0.0711931 
S0430         0.2219594 0.0969395 0.0857655 0.1025919 0.0921442 0.0938519 0.0983512 0.0899685 0.1043696 0.1222678 0.1023628 0.0168166 0.0675058 0.1056143 0.0229164 0.0830764 0.1152178 0.1109377 0.0267368 0.1122061 0.0902730 0.0920399 0.1064530 0.1102808 0.1011135 0.0855782 0.1007775 0.0933780 0.0000000 0.0880233 0.1074768 0.1196862 0.0715845 0.0107627 0.1051053 0.0993155 0.0917208 0.1141621 0.1004766 0.1095434 0.1005317 0.0933414 0.0807677 0.0134948 0.1558584 0.1221490 0.0163259 0.1214534 0.0809257 0.1071266 0.0830105 0.0941125 0.0823642 0.0790575 0.1189563 0.0702114 0.1075142 0.0853801 0.0986633 0.1066781 0.0924787 0.0820755 0.0520508 0.1097676 0.1096473 0.1064877 0.1061525 0.1250704 0.0957217 0.1479018 0.1084088 0.0699305 0.0843897 0.1098448 0.1099396 0.1455671 0.0785885 0.1524266 0.0822553 0.1129489 0.1055494 0.0704622 0.0992715 0.1043329 0.1481587 0.0930592 0.1009756 0.0968960 0.1040586 0.1046849 0.1093180 0.0080582 0.1038835 0.1119904 0.0756850 0.0080296 0.0098196 0.0961788 0.0631205 0.1135061 0.0958488 0.0917151 0.0934348 0.1002603 0.1013197 0.0948384 0.1071377 0.0947463 0.0923045 0.1063451 0.1054358 0.0892945 0.1007662 0.0954408 0.1099502 0.0935450 0.1012143 0.0955780 0.1056996 0.1051917 0.0972993 0.1075010 0.1049548 0.0899645 0.1157813 0.1002896 0.1064168 0.1076322 0.0917830 0.1507356 0.0817879 0.0951284 0.1030662 0.0984179 
