104
S0055       0.0000000 0.0601206 0.1788496 0.0726391 0.0368411 0.1302473 0.1042314 0.0321812 0.1090206 0.1406382 0.0803661 0.1387977 0.1404110 0.1576342 0.0942466 0.1092981 0.0314712 0.0262500 0.1096407 0.0655504 0.1015697 0.0663124 0.0616479 0.1322940 0.1301829 0.1202357 0.0614171 0.0318943 0.1540809 0.1900753 0.0672993 0.0603905 0.1977043 0.0999500 0.0313704 0.0935040 0.0601206 0.0313571 0.0720106 0.1090861 0.0608964 0.1547354 0.1605395 0.1289304 0.0872892 0.1093080 0.1030761 0.1232680 0.1323031 0.1149913 0.1004985 0.1199810 0.0865930 0.1942744 0.1269845 0.1168193 0.1934738 0.1926194 0.1263740 0.1171540 0.0796025 0.2016156 0.0492789 0.0259396 0.1091375 0.1282146 0.1590642 0.1391046 0.1463902 0.1106469 0.0312371 0.1135173 0.1283361 0.0373090 0.0313502 0.0377085 0.1102964 0.0683275 0.1281353 0.1089646 0.1343565 0.0312741 0.0732107 0.0998422 0.1929790 0.0314880 0.0724781 0.1011084 0.0992190 0.0313571 0.1874124 0.0314846 0.1535986 0.0547471 0.0673444 0.0997482 0.0943329 0.1735920 0.1161059 0.0945138 0.0603861 0.0797083 0.0488693 0.0798873 
S0196sl     0.0601206 0.0000000 0.1185767 0.0199753 0.0527199 0.0779155 0.0548872 0.0483843 0.0857409 0.0859154 0.0525523 0.0970233 0.1043319 0.1020473 0.0476831 0.0658818 0.0473137 0.0476973 0.0601458 0.0358938 0.0451963 0.0048851 0.0413881 0.0973241 0.0787573 0.0619329 0.0782186 0.0445251 0.0989632 0.1140173 0.0367678 0.0098241 0.1231812 0.0659965 0.0471626 0.0473628 0.0000010 0.0471333 0.0098095 0.0598204 0.0099010 0.0926164 0.0911324 0.0655034 0.0419139 0.0600102 0.0718263 0.0727248 0.0668683 0.0787365 0.0531904 0.0695285 0.0416345 0.1189491 0.0755066 0.0544938 0.1186008 0.1180117 0.0668683 0.0716780 0.0479292 0.1254014 0.0658110 0.0416045 0.0603578 0.0769035 0.0904854 0.0728688 0.1037303 0.0904260 0.0469432 0.0645172 0.0743643 0.0534130 0.0362416 0.0539844 0.0603772 0.0372766 0.0887293 0.0597123 0.0800023 0.0470100 0.0099315 0.0418224 0.1179014 0.0473325 0.0199322 0.0534204 0.0526294 0.0471333 0.1258886 0.0360404 0.0988296 0.0659569 0.0478271 0.0528764 0.0477323 0.0977047 0.0657071 0.0478034 0.0198672 0.0359647 0.0198726 0.0360421 
S0278       0.1788496 0.1185767 0.0000000 0.1411855 0.1790890 0.0774351 0.1739896 0.1715135 0.1985910 0.0619413 0.1724330 0.0721358 0.2317709 0.0664072 0.1419734 0.1722652 0.1727305 0.1575128 0.0597684 0.1360171 0.0511353 0.1259013 0.1220114 0.2136627 0.2205626 0.0554279 0.1700354 0.2017620 0.1076497 0.1281898 0.1511529 0.1109768 0.1718708 0.1657083 0.1580125 0.1446706 0.1185767 0.1717562 0.1263987 0.1633521 0.1053734 0.0787141 0.1042281 0.0650973 0.1518735 0.0487094 0.2024613 0.2050663 0.1995343 0.2204746 0.1669901 0.1812234 0.1413986 0.1679666 0.1012604 0.2024282 0.1749983 0.1665017 0.1995343 0.1630565 0.1550499 0.1675946 0.2009590 0.1644215 0.1703804 0.0659418 0.1034489 0.0790509 0.0924401 0.2278030 0.1567183 0.1789201 0.1879921 0.1764723 0.1554291 0.1408185 0.1803378 0.1634376 0.0844315 0.1633263 0.1934440 0.1712818 0.1346142 0.1425058 0.1318878 0.1727096 0.1465433 0.1539294 0.1427345 0.1576411 0.0724254 0.1566980 0.1108763 0.1834980 0.1607919 0.1435616 0.1603111 0.1477636 0.1864262 0.1464034 0.1324022 0.1403074 0.1194180 0.1425165 
S0281       0.0726391 0.0199753 0.1411855 0.0000000 0.0646170 0.0979989 0.0673757 0.0488901 0.0867586 0.1068067 0.0530924 0.1053536 0.0917735 0.1158455 0.0595576 0.0666075 0.0590815 0.0595661 0.0793213 0.0362416 0.0638718 0.0252288 0.0528304 0.0849635 0.0920664 0.0873057 0.0913756 0.0587520 0.1131525 0.1368451 0.0483080 0.0200546 0.1378735 0.0667265 0.0588892 0.0591425 0.0199753 0.0588430 0.0200226 0.0722799 0.0202134 0.1140171 0.1121171 0.0848150 0.0535315 0.0845290 0.0726304 0.0858262 0.0798218 0.0920415 0.0652223 0.0706203 0.0531592 0.1337861 0.0831944 0.0668791 0.1333596 0.1327125 0.0798218 0.0845635 0.0424310 0.1404016 0.0784936 0.0415952 0.0741994 0.1020191 0.1112500 0.0929684 0.1178151 0.0914893 0.0585926 0.0769071 0.0878468 0.0655048 0.0476005 0.0662183 0.0729811 0.0429259 0.1019628 0.0721616 0.0799808 0.0469992 0.0307954 0.0478688 0.1404401 0.0591008 0.0305256 0.0655302 0.0531718 0.0588430 0.1545745 0.0418949 0.1204275 0.0712492 0.0597434 0.0534241 0.0596163 0.1204898 0.0783993 0.0597118 0.0304184 0.0472228 0.0304306 0.0473252 
S0282       0.0368411 0.0527199 0.1790890 0.0646170 0.0000000 0.1322001 0.0941486 0.0152077 0.1038864 0.1422665 0.0665016 0.1404804 0.1079673 0.1586259 0.0849555 0.0795071 0.0148906 0.0255396 0.1122671 0.0579675 0.0980459 0.0586065 0.0655209 0.1006820 0.1059857 0.1157409 0.0425742 0.0181262 0.1552252 0.1527123 0.0481025 0.0529462 0.1461875 0.0904725 0.0252595 0.0843184 0.0527199 0.0048905 0.0528462 0.0989380 0.0533762 0.1502870 0.1476915 0.1178907 0.0783751 0.1119352 0.0742273 0.0995361 0.1207992 0.0920458 0.0909377 0.1062932 0.0777827 0.1559307 0.0845671 0.0934134 0.1416937 0.1410126 0.1207992 0.1121120 0.0595963 0.1489062 0.0310121 0.0200579 0.1039844 0.1172801 0.1464176 0.1273221 0.1478035 0.0946780 0.0251597 0.1033553 0.1167647 0.0201548 0.0252457 0.0311958 0.0999778 0.0487881 0.1301239 0.0988150 0.1225934 0.0251862 0.0651001 0.0903645 0.1783028 0.0049090 0.0644774 0.0914449 0.0898413 0.0252510 0.1873287 0.0253454 0.1411256 0.0475198 0.0710562 0.0902991 0.0720649 0.1515954 0.1055709 0.0851856 0.0529391 0.0712723 0.0529764 0.0714280 
S0289       0.1302473 0.0779155 0.0774351 0.0979989 0.1322001 0.0000000 0.1098029 0.1235818 0.1402504 0.0600734 0.1260209 0.0699688 0.1928594 0.0710322 0.1125436 0.1240528 0.1260867 0.1203721 0.0469742 0.1054434 0.0496006 0.0844034 0.0799676 0.1632568 0.1584826 0.0549526 0.1498884 0.1241063 0.0915535 0.1109362 0.1085403 0.0713150 0.1221793 0.1315128 0.1256681 0.0988713 0.0779155 0.1254412 0.0848036 0.1145475 0.0659362 0.0771795 0.0887851 0.0521138 0.0926772 0.0476248 0.1520699 0.1513068 0.1378039 0.1584288 0.1058802 0.1027001 0.1251342 0.1177437 0.0912201 0.1291062 0.1243390 0.1167752 0.1319318 0.1092166 0.1088812 0.1244797 0.1507749 0.1187064 0.1077025 0.0639935 0.0881745 0.0650025 0.0774893 0.1750368 0.1117923 0.1264027 0.1339872 0.1344272 0.1109374 0.0976828 0.1158180 0.1103952 0.0702124 0.1144319 0.1399265 0.1250963 0.0917813 0.1260442 0.1147703 0.1260833 0.1032385 0.0936560 0.1117641 0.1109696 0.0844935 0.1116945 0.0830850 0.1510190 0.0992996 0.1067837 0.1070296 0.1088111 0.1215735 0.1073378 0.0904155 0.0973695 0.0783649 0.0852107 
S0292       0.1042314 0.0548872 0.1739896 0.0673757 0.0941486 0.1098029 0.0000000 0.0903213 0.1123428 0.1353906 0.0937596 0.1478630 0.1301925 0.1527080 0.0492425 0.1108220 0.0880764 0.0888488 0.1178201 0.0742069 0.1102304 0.0610620 0.0683642 0.1410104 0.0660107 0.1289142 0.1254629 0.0779611 0.1548894 0.1732680 0.0688299 0.0435762 0.1575764 0.1036673 0.0877697 0.0258497 0.0548872 0.0876590 0.0667961 0.0149378 0.0439450 0.1584276 0.1449670 0.1237358 0.0320382 0.1174464 0.1006629 0.0601807 0.0370800 0.0659941 0.0313586 0.0952350 0.0939347 0.1536094 0.1175415 0.0426435 0.1603490 0.1523218 0.0490415 0.0492835 0.0743058 0.1606011 0.0958200 0.0812201 0.0556159 0.1367279 0.1436857 0.1338820 0.1412386 0.1213105 0.0872220 0.0667140 0.0100345 0.0888433 0.0876345 0.0967733 0.0153044 0.0775381 0.1504934 0.0205474 0.0150678 0.0874119 0.0679053 0.0945454 0.1764374 0.0880901 0.0672240 0.0099475 0.0543495 0.0742069 0.1650943 0.0746209 0.1578237 0.1168403 0.0891874 0.0662933 0.0492946 0.1565923 0.0257418 0.0439966 0.0551274 0.0370811 0.0551694 0.0262201 
S0293       0.0321812 0.0483843 0.1715135 0.0488901 0.0152077 0.1235818 0.0903213 0.0000000 0.0864113 0.1244319 0.0557983 0.1239215 0.0969537 0.1427087 0.0810530 0.0754615 0.0100986 0.0208030 0.1031832 0.0425211 0.0872860 0.0543512 0.0613116 0.0896859 0.1084108 0.1194129 0.0494136 0.0119836 0.1388628 0.1503270 0.0551482 0.0485956 0.1508551 0.0678112 0.0152581 0.0738405 0.0483843 0.0100656 0.0485035 0.0882834 0.0490002 0.1418858 0.1393519 0.1089992 0.0678576 0.1085994 0.0632789 0.1017963 0.1100848 0.0940957 0.0804329 0.0923644 0.0737878 0.1467819 0.0794367 0.0955297 0.1462664 0.1455505 0.1025446 0.1022832 0.0552881 0.1537506 0.0263234 0.0153089 0.0968001 0.1273605 0.1381301 0.1109062 0.1358572 0.0835874 0.0204897 0.0929335 0.1133903 0.0153840 0.0205591 0.0264813 0.0963073 0.0559662 0.1140379 0.0951567 0.1194041 0.0205102 0.0609074 0.0866095 0.1706960 0.0101061 0.0603143 0.0876632 0.0738072 0.0205635 0.1860028 0.0206407 0.1326300 0.0372590 0.0669715 0.0741856 0.0670569 0.1505578 0.1020568 0.0746026 0.0485873 0.0671785 0.0486194 0.0610311 
S0294       0.1090206 0.0857409 0.1985910 0.0867586 0.1038864 0.1402504 0.1123428 0.0864113 0.0000000 0.1683898 0.0939797 0.1572484 0.1244703 0.1521332 0.1018238 0.1175185 0.0979531 0.0861878 0.1264023 0.0790649 0.1240502 0.0925053 0.1009641 0.1236604 0.1327976 0.1284734 0.1437763 0.1046714 0.1767363 0.2043758 0.0672680 0.0861521 0.1675604 0.1158589 0.1052736 0.0939474 0.0857409 0.0974900 0.0859553 0.1096733 0.0868907 0.1664935 0.1832601 0.1550508 0.0946443 0.1325282 0.0885948 0.1256968 0.1025610 0.1327540 0.0870263 0.0832550 0.1134507 0.1636716 0.1515001 0.1174827 0.1705523 0.1552402 0.0967781 0.1117234 0.0942202 0.1637185 0.1205487 0.0986093 0.1162871 0.1521332 0.1814377 0.1665393 0.1719979 0.1172823 0.1045772 0.1010039 0.1373491 0.1055186 0.1050858 0.1147859 0.1185184 0.0862447 0.1436981 0.1182130 0.1434392 0.1048262 0.0864230 0.1142514 0.2181325 0.0904299 0.0991991 0.1089071 0.0812176 0.0913403 0.1775864 0.0918857 0.1669213 0.1349456 0.0803805 0.0943989 0.0928111 0.1754859 0.1092355 0.1097439 0.0729684 0.0743239 0.0738997 0.0869567 
S0299       0.1406382 0.0859154 0.0619413 0.1068067 0.1422665 0.0600734 0.1353906 0.1244319 0.1683898 0.0000000 0.1359003 0.0547354 0.1902697 0.0556019 0.1373509 0.1342721 0.1360128 0.1301800 0.0429077 0.1015107 0.0276909 0.0926657 0.0882588 0.1745185 0.1797677 0.0445851 0.1631074 0.1431480 0.0885191 0.0875509 0.1238796 0.0790224 0.1423943 0.1278295 0.1251244 0.1092150 0.0859154 0.1352899 0.0930964 0.1259620 0.0735153 0.0596906 0.0665237 0.0419570 0.1083590 0.0377962 0.1631714 0.1721487 0.1653987 0.1797016 0.1302232 0.1348744 0.1215138 0.1380593 0.0792526 0.1629111 0.1450011 0.1368655 0.1472524 0.1345927 0.1184488 0.1452101 0.1618038 0.1283315 0.1332087 0.0487977 0.0660977 0.0420626 0.0540300 0.1869728 0.1211540 0.1420793 0.1620411 0.1447508 0.1201982 0.1210281 0.1416567 0.1260798 0.0667047 0.1399007 0.1680679 0.1349120 0.1004153 0.1224052 0.0917880 0.1360046 0.1121450 0.1174167 0.1362444 0.1352899 0.0822796 0.1210651 0.0772118 0.1620471 0.1090872 0.1233975 0.1237543 0.1043474 0.1476405 0.1161312 0.0988664 0.1206033 0.0864418 0.1002933 
S0308       0.0803661 0.0525523 0.1724330 0.0530924 0.0665016 0.1260209 0.0937596 0.0557983 0.0939797 0.1359003 0.0000000 0.1341632 0.0537690 0.1445253 0.0846264 0.0870439 0.0661616 0.0667140 0.1062289 0.0537167 0.0909218 0.0584129 0.0652926 0.0477921 0.1276202 0.1139813 0.0941610 0.0603353 0.1566299 0.1684958 0.0614763 0.0527765 0.1578931 0.0866629 0.0659414 0.0839951 0.0525523 0.0658822 0.0475376 0.0985295 0.0532038 0.1227357 0.1413241 0.0990969 0.0780811 0.1114571 0.0256354 0.1208803 0.1202608 0.1275806 0.0905786 0.0692900 0.0766195 0.1540952 0.1003279 0.1001840 0.1605555 0.1528567 0.1202608 0.1116301 0.0616368 0.1607978 0.0864003 0.0599732 0.0966260 0.1241371 0.1401218 0.1079019 0.1471178 0.0419625 0.0655895 0.1029311 0.1162363 0.0728716 0.0658657 0.0736840 0.0924422 0.0624055 0.1295530 0.0984069 0.1220376 0.0541497 0.0648747 0.0770509 0.1716444 0.0661798 0.0642570 0.0910804 0.0775140 0.0658822 0.1864207 0.0539712 0.1366373 0.0920998 0.0789456 0.0779011 0.0847028 0.1430134 0.1051244 0.0848545 0.0413373 0.0710170 0.0528066 0.0711716 
S0320       0.1387977 0.0970233 0.0721358 0.1053536 0.1404804 0.0699688 0.1478630 0.1239215 0.1572484 0.0547354 0.1341632 0.0000000 0.1880352 0.0657574 0.1282011 0.1249609 0.1342662 0.1217668 0.0418179 0.1000937 0.0327183 0.1038842 0.0996933 0.1724674 0.1649973 0.0434102 0.1371280 0.1328062 0.0845925 0.1056461 0.1222169 0.0899794 0.1462742 0.1174635 0.1338201 0.1209655 0.0970233 0.1335589 0.1043363 0.1381504 0.0845077 0.0718960 0.0835589 0.0469864 0.1206221 0.0368227 0.1611611 0.1577560 0.1781358 0.1649404 0.1421772 0.1457913 0.1199009 0.1420566 0.0853585 0.1490940 0.1489123 0.1408432 0.1720665 0.1469724 0.1101285 0.1491307 0.1598083 0.1266594 0.1389585 0.0475525 0.0829884 0.0597426 0.0721822 0.1773454 0.1195507 0.1491166 0.1750849 0.1429125 0.1186158 0.1050223 0.1540960 0.1243671 0.0650007 0.1522011 0.1810063 0.1331881 0.1118577 0.1207692 0.1096092 0.1342590 0.1106531 0.1294120 0.1344987 0.1335589 0.0840471 0.1194604 0.0899061 0.1659375 0.1224333 0.1217484 0.1143982 0.1234863 0.1425242 0.1285871 0.0975089 0.1190111 0.0852111 0.1192705 
S0322       0.1404110 0.1043319 0.2317709 0.0917735 0.1079673 0.1928594 0.1301925 0.0969537 0.1244703 0.1902697 0.0537690 0.1880352 0.0000000 0.1981423 0.1256225 0.1322079 0.1074941 0.1233251 0.1556881 0.1069600 0.1321365 0.1113497 0.1203877 0.0257082 0.1596987 0.1708261 0.1568726 0.1011267 0.2011989 0.1967263 0.1029956 0.1048435 0.1652158 0.1317410 0.1218339 0.1246025 0.1043319 0.1069600 0.0990752 0.1279058 0.1057347 0.1758198 0.1841133 0.1473788 0.1182430 0.1610412 0.0478098 0.1524762 0.1660001 0.1596440 0.1173318 0.1187349 0.1329651 0.1615195 0.1366614 0.1438773 0.1679958 0.1763260 0.1660001 0.1558362 0.1182426 0.1846720 0.1312913 0.1003393 0.1262976 0.1749900 0.1823468 0.1585149 0.2021249 0.0778050 0.1209526 0.1453379 0.1555005 0.1154846 0.1215789 0.1322520 0.1283549 0.1199428 0.1807160 0.1433436 0.1613258 0.0938159 0.1051920 0.1339642 0.2176893 0.1074993 0.1182594 0.1262726 0.1172841 0.1216163 0.2471833 0.1076615 0.1836374 0.1373624 0.1144972 0.1179176 0.0985066 0.2041684 0.1488584 0.1259910 0.0911477 0.1099071 0.1050233 0.1101430 
S0327       0.1576342 0.1020473 0.0664072 0.1158455 0.1586259 0.0710322 0.1527080 0.1427087 0.1521332 0.0556019 0.1445253 0.0657574 0.1981423 0.0000000 0.1540059 0.1432751 0.1525151 0.1316527 0.0536848 0.1107483 0.0325570 0.1088764 0.1048332 0.1824592 0.1965897 0.0314010 0.1633758 0.1652361 0.0716198 0.1204678 0.1255847 0.0950107 0.1429917 0.1370207 0.1520364 0.1259584 0.1020473 0.1517056 0.1022933 0.1430540 0.0896114 0.0851922 0.0971909 0.0589603 0.1327460 0.0254012 0.1715056 0.1890490 0.1824899 0.1965174 0.1469192 0.1397317 0.1232728 0.1388303 0.0993071 0.1797527 0.1455100 0.1376747 0.1765531 0.1517971 0.1276509 0.1457124 0.1785341 0.1447916 0.1628664 0.0412422 0.0964867 0.0725008 0.0648610 0.1948240 0.1375967 0.1744083 0.1796068 0.1613833 0.1365211 0.1227969 0.1588141 0.1344329 0.0526440 0.1569030 0.1853682 0.1512968 0.1168465 0.1241488 0.1242515 0.1447799 0.1005947 0.1343796 0.1448851 0.1517056 0.0655696 0.1375358 0.1037309 0.1787566 0.1409479 0.1323616 0.1405505 0.1318122 0.1646506 0.1408462 0.1150399 0.1369875 0.1027025 0.1242077 
S0335       0.0942466 0.0476831 0.1419734 0.0595576 0.0849555 0.1125436 0.0492425 0.0810530 0.1018238 0.1373509 0.0846264 0.1282011 0.1256225 0.1540059 0.0000000 0.0852053 0.0791196 0.0797911 0.1071971 0.0543886 0.0994836 0.0535570 0.0721814 0.1358807 0.0851484 0.1174579 0.0982716 0.0757712 0.1561272 0.1595059 0.0677914 0.0478882 0.1519475 0.0914354 0.0788523 0.0419688 0.0476831 0.0787660 0.0590743 0.0542271 0.0482814 0.1296514 0.1330718 0.1128978 0.0251851 0.0997773 0.0911731 0.0790229 0.0731009 0.0851254 0.0477299 0.0899391 0.0718467 0.1480401 0.1007379 0.0604723 0.1545324 0.1468434 0.0731009 0.0660026 0.0802205 0.1547567 0.0876842 0.0726264 0.0604752 0.1253530 0.1319696 0.1222968 0.1429779 0.1107841 0.0783956 0.0472260 0.0622593 0.0862302 0.0787453 0.0872129 0.0547268 0.0688376 0.1252769 0.0546945 0.0678932 0.0785505 0.0600027 0.0722483 0.1488632 0.0791355 0.0594272 0.0479298 0.0359617 0.0660131 0.1659640 0.0663544 0.1448978 0.0923444 0.0678373 0.0469682 0.0422942 0.1358681 0.0600643 0.0362334 0.0368040 0.0200519 0.0479104 0.0307879 
S0376       0.1092981 0.0658818 0.1722652 0.0666075 0.0795071 0.1240528 0.1108220 0.0754615 0.1175185 0.1342721 0.0870439 0.1249609 0.1322079 0.1432751 0.0852053 0.0000000 0.0859303 0.0923757 0.1169562 0.0733336 0.1063627 0.0721544 0.0734987 0.1243019 0.1387367 0.1043468 0.0999433 0.1002285 0.1558174 0.1438676 0.0747231 0.0661800 0.1375314 0.0869986 0.0992989 0.0997494 0.0658818 0.0855362 0.0544300 0.1155925 0.0607594 0.1498830 0.1330595 0.1162389 0.0786105 0.1089874 0.0957838 0.1316636 0.1390869 0.1386911 0.1068269 0.0919883 0.0989122 0.1332426 0.0939894 0.1099079 0.1399871 0.1321224 0.1292171 0.1070551 0.0755837 0.1401749 0.1078399 0.0926962 0.1053523 0.1145191 0.1319043 0.1340684 0.1522759 0.1317976 0.0922605 0.1199186 0.1352661 0.0932378 0.0991306 0.0950456 0.1168871 0.0765743 0.1277606 0.1154770 0.1412471 0.0988842 0.0791903 0.0995592 0.1642612 0.0859441 0.0783911 0.0944996 0.0927724 0.0991587 0.1572804 0.0860343 0.1567557 0.1286474 0.0943052 0.0932624 0.0867671 0.1512258 0.1226897 0.0854365 0.0661775 0.0857651 0.0602755 0.0859558 
S0400       0.0314712 0.0473137 0.1727305 0.0590815 0.0148906 0.1260867 0.0880764 0.0100986 0.0979531 0.1360128 0.0661616 0.1342662 0.1074941 0.1525151 0.0791196 0.0859303 0.0000000 0.0203580 0.1062174 0.0525636 0.0917612 0.0531356 0.0599049 0.1002271 0.1128762 0.1163392 0.0482981 0.0120299 0.1489669 0.1521713 0.0538972 0.0475159 0.1606122 0.0846586 0.0201348 0.0785297 0.0473137 0.0098581 0.0586065 0.0929451 0.0479030 0.1439564 0.1414606 0.1118642 0.0726076 0.1059090 0.0738519 0.1063327 0.1146035 0.0986641 0.0850869 0.0972340 0.0720640 0.1567837 0.0919311 0.1001521 0.1562270 0.1555003 0.1146035 0.1060503 0.0655614 0.1636238 0.0257533 0.0149876 0.0973162 0.1241940 0.1402513 0.1211364 0.1415848 0.0942348 0.0200579 0.0974594 0.1104364 0.0150594 0.0201251 0.0259034 0.0939148 0.0546761 0.1241196 0.0928198 0.1163078 0.0200775 0.0595178 0.0845494 0.1719380 0.0098961 0.0589529 0.0855489 0.0840709 0.0201292 0.1809531 0.0202025 0.1349196 0.0421090 0.0654334 0.0844980 0.0663579 0.1524804 0.0995253 0.0793335 0.0475076 0.0656304 0.0475376 0.0657750 
S0405       0.0262500 0.0476973 0.1575128 0.0595661 0.0255396 0.1203721 0.0888488 0.0208030 0.0861878 0.1301800 0.0667140 0.1217668 0.1233251 0.1316527 0.0797911 0.0923757 0.0203580 0.0000000 0.1005305 0.0529874 0.0917612 0.0535691 0.0545319 0.1156595 0.1063353 0.1031253 0.0486976 0.0121482 0.1362911 0.1702855 0.0425333 0.0479030 0.1783516 0.0853711 0.0202949 0.0791914 0.0476973 0.0202893 0.0590829 0.0937461 0.0482959 0.1452257 0.1426897 0.1128197 0.0732201 0.1002432 0.0879503 0.0998556 0.1156092 0.0923294 0.0858073 0.0887451 0.0726671 0.1747141 0.1087641 0.0937081 0.1740450 0.1732570 0.1076188 0.0993049 0.0538947 0.1817758 0.0371482 0.0151063 0.0825362 0.1185737 0.1414578 0.1221934 0.1357933 0.0812472 0.0202169 0.0982828 0.1114291 0.0258458 0.0202851 0.0261146 0.0947330 0.0551358 0.1185031 0.0936200 0.1173423 0.0202368 0.0600105 0.0852611 0.1734423 0.0203706 0.0594355 0.0862784 0.0847734 0.0202893 0.1570560 0.0203637 0.1360915 0.0424528 0.0600676 0.0852076 0.0798654 0.1538948 0.0940223 0.0800085 0.0478947 0.0661750 0.0423017 0.0663218 
S0407sl     0.1096407 0.0601458 0.0597684 0.0793213 0.1122671 0.0469742 0.1178201 0.1031832 0.1264023 0.0429077 0.1062289 0.0418179 0.1556881 0.0536848 0.1071971 0.1169562 0.1062174 0.1005305 0.0000000 0.0863652 0.0105629 0.0663382 0.0860053 0.1421006 0.1460237 0.0319092 0.1289637 0.1171364 0.0730498 0.0794591 0.0944822 0.0653930 0.1303148 0.1242911 0.1058571 0.0935287 0.0601458 0.1056970 0.0666799 0.1091068 0.0659330 0.0481898 0.0593362 0.0253220 0.1000329 0.0205393 0.1308505 0.1388742 0.1380473 0.1459747 0.1135269 0.1204044 0.0992139 0.1259506 0.0775185 0.1304828 0.1326334 0.1249001 0.1321626 0.1308533 0.0890953 0.1327983 0.1296643 0.0991626 0.1242012 0.0362686 0.0589751 0.0311443 0.0597978 0.1530480 0.0925176 0.1267442 0.1427261 0.1140880 0.0918312 0.0852469 0.1239068 0.0960455 0.0362461 0.1224087 0.1486879 0.1054048 0.0732371 0.0998653 0.0837272 0.1062232 0.0845620 0.1142586 0.1064689 0.1056970 0.0649428 0.0924083 0.0653455 0.1299042 0.0945998 0.1070453 0.0943576 0.0825823 0.1297254 0.1075061 0.0721896 0.0921084 0.0604614 0.0923123 
S0412sl     0.0655504 0.0358938 0.1360171 0.0362416 0.0579675 0.1054434 0.0742069 0.0425211 0.0790649 0.1015107 0.0537167 0.1000937 0.1069600 0.1107483 0.0543886 0.0733336 0.0525636 0.0529874 0.0863652 0.0000000 0.0646636 0.0414499 0.0590166 0.0997409 0.1123129 0.0883923 0.0717970 0.0441629 0.1345401 0.1454859 0.0420293 0.0360413 0.1327949 0.0483720 0.0523958 0.0655415 0.0358938 0.0523598 0.0359782 0.0791087 0.0363304 0.1220223 0.1199553 0.0919259 0.0598212 0.0853355 0.0735246 0.1058105 0.0996533 0.1122798 0.0717842 0.0618100 0.0709517 0.1285903 0.0772626 0.0859355 0.1350873 0.1275480 0.0996533 0.0852135 0.0421270 0.1352545 0.0596339 0.0468054 0.0749738 0.0969224 0.1189966 0.1004075 0.1126398 0.0926350 0.0521459 0.0837083 0.0886994 0.0587364 0.0523477 0.0593625 0.0798959 0.0426138 0.0968690 0.0728124 0.0944748 0.0522236 0.0474549 0.0713412 0.1352733 0.0525828 0.0470207 0.0721399 0.0594087 0.0523598 0.1495057 0.0411986 0.1285242 0.0766812 0.0420353 0.0482933 0.0660765 0.1217914 0.0853839 0.0661863 0.0254427 0.0532883 0.0360484 0.0534048 
S0417       0.1015697 0.0451963 0.0511353 0.0638718 0.0980459 0.0496006 0.1102304 0.0872860 0.1240502 0.0276909 0.0909218 0.0327183 0.1321365 0.0325570 0.0994836 0.1063627 0.0917612 0.0917612 0.0105629 0.0646636 0.0000000 0.0514291 0.0775085 0.1272040 0.1320391 0.0107511 0.1009982 0.0978515 0.0571168 0.0633299 0.0862906 0.0506902 0.0922981 0.0942805 0.0914317 0.0853772 0.0451963 0.0913074 0.0512130 0.1013165 0.0511278 0.0450821 0.0437471 0.0212588 0.0921103 0.0052567 0.1154472 0.1246841 0.1323810 0.1319941 0.1060662 0.1000058 0.0846680 0.0873509 0.0657911 0.1161857 0.0931365 0.0939623 0.1234270 0.1211871 0.0798003 0.1015699 0.1154437 0.0846167 0.1115377 0.0158432 0.0498534 0.0272703 0.0326863 0.1380207 0.0778624 0.1121302 0.1359229 0.0996646 0.0708370 0.0705921 0.1166006 0.0797811 0.0379994 0.1151243 0.1422055 0.0910418 0.0582625 0.0852135 0.0679256 0.0913075 0.0700033 0.1067578 0.0978435 0.0913074 0.0578586 0.0777466 0.0631078 0.1156847 0.0857069 0.0851564 0.0861619 0.0658826 0.1226926 0.0997809 0.0636065 0.0840396 0.0574666 0.0842360 
S0419       0.0663124 0.0048851 0.1259013 0.0252288 0.0586065 0.0844034 0.0610620 0.0543512 0.0925053 0.0926657 0.0584129 0.1038842 0.1113497 0.1088764 0.0535570 0.0721544 0.0531356 0.0535691 0.0663382 0.0414499 0.0514291 0.0000000 0.0470497 0.1041911 0.0853395 0.0683234 0.0847274 0.0515474 0.1059813 0.1214044 0.0424760 0.0148869 0.1304535 0.0722910 0.0529639 0.0531904 0.0048851 0.0529264 0.0148642 0.0659824 0.0150042 0.0995308 0.0979139 0.0717402 0.0476610 0.0661823 0.0781962 0.0792039 0.0732728 0.0853164 0.0591425 0.0784609 0.0473362 0.1262912 0.0827735 0.0606180 0.1259053 0.1252866 0.0732728 0.0780511 0.0538321 0.1328253 0.0720844 0.0473028 0.0671968 0.0832832 0.0971981 0.0793581 0.1106996 0.0971337 0.0527076 0.0706470 0.0810287 0.0593946 0.0418606 0.0600355 0.0666092 0.0430740 0.0952787 0.0658688 0.0867076 0.0527875 0.0150553 0.0475600 0.1251997 0.0531551 0.0251745 0.0594099 0.0585043 0.0529264 0.1333470 0.0416274 0.1058142 0.0597899 0.0537214 0.0587825 0.0536108 0.1050609 0.0719838 0.0536939 0.0250889 0.0415350 0.0250973 0.0416252 
S0427       0.0616479 0.0413881 0.1220114 0.0528304 0.0655209 0.0799676 0.0683642 0.0613116 0.1009641 0.0882588 0.0652926 0.0996933 0.1203877 0.1048332 0.0721814 0.0734987 0.0599049 0.0545319 0.0860053 0.0590166 0.0775085 0.0470497 0.0000000 0.1129346 0.1193297 0.0823895 0.0927505 0.0597496 0.1149523 0.1450048 0.0605540 0.0308216 0.1536414 0.0798860 0.0597070 0.0599674 0.0413881 0.0596588 0.0524201 0.0733312 0.0257112 0.1215743 0.1195176 0.0915538 0.0542730 0.0735434 0.0859581 0.1127336 0.0936615 0.1192938 0.0661453 0.0712521 0.0711041 0.1497134 0.0917314 0.0925313 0.1562836 0.1484891 0.0880405 0.0680512 0.0725524 0.1565161 0.0796486 0.0538520 0.0693273 0.0911219 0.1185644 0.1073093 0.1066178 0.1055758 0.0594008 0.0901025 0.0892092 0.0664369 0.0596443 0.0611429 0.0740548 0.0614559 0.0973215 0.0732105 0.0950142 0.0594979 0.0532101 0.0714959 0.1485077 0.0599241 0.0527162 0.0547376 0.0771169 0.0596588 0.1295825 0.0479747 0.1280699 0.0852960 0.0605862 0.0775000 0.0722492 0.1429056 0.0795544 0.0605536 0.0415521 0.0591519 0.0308251 0.0479665 
S0430       0.1322940 0.0973241 0.2136627 0.0849635 0.1006820 0.1632568 0.1410104 0.0896859 0.1236604 0.1745185 0.0477921 0.1724674 0.0257082 0.1824592 0.1358807 0.1243019 0.1002271 0.1156595 0.1421006 0.0997409 0.1272040 0.1041911 0.1129346 0.0000000 0.1866345 0.1506565 0.1484367 0.0930201 0.1967919 0.1923594 0.0956833 0.0902703 0.1839654 0.1395164 0.1142640 0.1347363 0.0973241 0.0997409 0.0920926 0.1525317 0.0910242 0.1607541 0.1801081 0.1343015 0.1281456 0.1473016 0.0546646 0.1790001 0.1783276 0.1865655 0.1271221 0.1291287 0.1253731 0.1804434 0.1252296 0.1552039 0.1871259 0.1789529 0.1783276 0.1675410 0.1105601 0.1874710 0.1234291 0.0932339 0.1386101 0.1606013 0.1711260 0.1445315 0.1859339 0.0859022 0.1134652 0.1563294 0.1676941 0.1079993 0.1140399 0.1069603 0.1389800 0.1121232 0.1661135 0.1454101 0.1736215 0.0868230 0.0981097 0.1262855 0.2129210 0.1002355 0.1109630 0.1366248 0.1270607 0.1140742 0.2283268 0.1003720 0.1755434 0.1294519 0.1070798 0.1277739 0.1208043 0.1841715 0.1603083 0.1362973 0.0843942 0.1193242 0.0979464 0.1195839 
S0552sl     0.1301829 0.0787573 0.2205626 0.0920664 0.1059857 0.1584826 0.0660107 0.1084108 0.1327976 0.1797677 0.1276202 0.1649973 0.1596987 0.1965897 0.0851484 0.1387367 0.1128762 0.1063353 0.1460237 0.1123129 0.1320391 0.0853395 0.1193297 0.1866345 0.0000000 0.1493621 0.1379282 0.0818540 0.1555223 0.2042273 0.1023662 0.0791270 0.1934912 0.1533833 0.1124944 0.0583386 0.0787573 0.1123129 0.0789525 0.0474531 0.0797987 0.1889958 0.1739767 0.1519600 0.0785366 0.1455160 0.1350488 0.0048609 0.0655077 0.0097691 0.0643241 0.1327261 0.1202388 0.1900643 0.1425190 0.0198172 0.1893045 0.1814120 0.0786611 0.0852167 0.0923729 0.1900860 0.1293788 0.1056911 0.0941416 0.1510437 0.1723468 0.1631430 0.1855583 0.1487191 0.1117234 0.0911575 0.0859532 0.1138363 0.0994163 0.1223536 0.0714949 0.1041123 0.1792567 0.0775089 0.0915444 0.1120019 0.0928372 0.1211108 0.2068764 0.1128790 0.0918634 0.0642415 0.0779606 0.0982215 0.1880488 0.1130607 0.1706517 0.1428607 0.1226513 0.1028831 0.0666521 0.1773242 0.0691770 0.0923866 0.0914353 0.0597403 0.0915527 0.0715585 
S0624       0.1202357 0.0619329 0.0554279 0.0873057 0.1157409 0.0549526 0.1289142 0.1194129 0.1284734 0.0445851 0.1139813 0.0434102 0.1708261 0.0314010 0.1174579 0.1043468 0.1163392 0.1031253 0.0319092 0.0883923 0.0107511 0.0683234 0.0823895 0.1506565 0.1493621 0.0000000 0.1115940 0.1302207 0.0612036 0.0958085 0.0902731 0.0673195 0.1105816 0.1134721 0.1159382 0.1031517 0.0619329 0.1157409 0.0680243 0.1255561 0.0618188 0.0556877 0.0737910 0.0371820 0.1099301 0.0050913 0.1315230 0.1420349 0.1428883 0.1493106 0.1240222 0.1347953 0.0956128 0.1059284 0.0646831 0.1274567 0.1115683 0.1050507 0.1368373 0.1281642 0.0977543 0.1126837 0.1410510 0.1089336 0.1367384 0.0101558 0.0732939 0.0497798 0.0429832 0.1537859 0.1019791 0.1377635 0.1552218 0.1246592 0.0946333 0.0810416 0.1351865 0.0911379 0.0481566 0.1335061 0.1612922 0.1154135 0.0754635 0.0962474 0.1000230 0.1089379 0.0871098 0.1112183 0.1223229 0.1157409 0.0493893 0.1018709 0.0736505 0.1413010 0.1043846 0.1096243 0.1098930 0.0993672 0.1331626 0.1178110 0.0806021 0.1015145 0.0684071 0.1017429 
S0641       0.0614171 0.0782186 0.1700354 0.0913756 0.0425742 0.1498884 0.1254629 0.0494136 0.1437763 0.1631074 0.0941610 0.1371280 0.1568726 0.1633758 0.0982716 0.0999433 0.0482981 0.0486976 0.1289637 0.0717970 0.1009982 0.0847274 0.0927505 0.1484367 0.1379282 0.1115940 0.0000000 0.0446554 0.1743360 0.2051635 0.0737425 0.0785819 0.1812990 0.0974344 0.0370124 0.1134846 0.0782186 0.0481091 0.0784111 0.1300915 0.0792426 0.1694052 0.1747219 0.1347448 0.0914250 0.1216881 0.1181205 0.1309093 0.1485247 0.1224262 0.1132868 0.1198059 0.1062029 0.1776456 0.1029752 0.1243990 0.1769483 0.1761398 0.1544916 0.1444795 0.0862540 0.1772631 0.0672328 0.0424613 0.1391991 0.1206626 0.1730763 0.1450265 0.1364133 0.1260688 0.0479106 0.1342225 0.1509669 0.0492121 0.0480979 0.0316546 0.1315939 0.0748893 0.1473951 0.1163759 0.1424097 0.0479807 0.0921307 0.1200256 0.2078109 0.0483178 0.0911757 0.1216316 0.1062338 0.0369939 0.1932509 0.0483296 0.1594612 0.0728034 0.0986076 0.1068085 0.1145192 0.1766702 0.1374506 0.0860463 0.0785866 0.0989373 0.0786721 0.0991557 
S0643       0.0318943 0.0445251 0.2017620 0.0587520 0.0181262 0.1241063 0.0779611 0.0119836 0.1046714 0.1431480 0.0603353 0.1328062 0.1011267 0.1652361 0.0757712 0.1002285 0.0120299 0.0121482 0.1171364 0.0441629 0.0978515 0.0515474 0.0597496 0.0930201 0.0818540 0.1302207 0.0446554 0.0000000 0.1606869 0.1560674 0.0450208 0.0447545 0.1765043 0.0742024 0.0119836 0.0672230 0.0445251 0.0119836 0.0581796 0.0841123 0.0451974 0.1652371 0.1450587 0.1240863 0.0675383 0.1167010 0.0850585 0.0824411 0.1100166 0.0740193 0.0677779 0.0973253 0.0669328 0.1720658 0.0879456 0.0752864 0.1783445 0.1805717 0.1010212 0.1091068 0.0521339 0.1910936 0.0122120 0.0120299 0.0825975 0.1393313 0.1339599 0.1267211 0.1413924 0.1013791 0.0181262 0.0744209 0.0942317 0.0059732 0.0181987 0.0251375 0.0850051 0.0457927 0.1388179 0.0746801 0.1012504 0.0181459 0.0515474 0.0747380 0.1655038 0.0120399 0.0447437 0.0752864 0.0893632 0.0182032 0.1899513 0.0182820 0.1446916 0.0314270 0.0443660 0.0742256 0.0592489 0.1244437 0.0842840 0.0756086 0.0380282 0.0667332 0.0447760 0.0594254 
S0645sl     0.1540809 0.0989632 0.1076497 0.1131525 0.1552252 0.0915535 0.1548894 0.1388628 0.1767363 0.0885191 0.1566299 0.0845925 0.2011989 0.0716198 0.1561272 0.1558174 0.1489669 0.1362911 0.0730498 0.1345401 0.0571168 0.1059813 0.1149523 0.1967919 0.1555223 0.0612036 0.1743360 0.1606869 0.0000000 0.1288239 0.1528248 0.0917538 0.1661241 0.1639064 0.1484841 0.1275892 0.0989632 0.1481608 0.0992104 0.1450247 0.0861796 0.1072681 0.1047384 0.0785338 0.1344902 0.0540560 0.1667815 0.1484868 0.1704302 0.1554706 0.1489140 0.1700019 0.1360269 0.1622531 0.1155891 0.1558506 0.1616474 0.1608818 0.1643935 0.1539463 0.1462679 0.1693464 0.1754688 0.1411091 0.1558173 0.0708194 0.1039513 0.0935157 0.0972475 0.1903044 0.1473169 0.1768919 0.1823773 0.1579798 0.1194961 0.1187687 0.1610947 0.1463586 0.0835027 0.1520125 0.1882208 0.1477510 0.1141598 0.1370876 0.1325251 0.1410989 0.1260526 0.1361794 0.1468151 0.1481608 0.0970044 0.1492956 0.0938183 0.1757019 0.1531744 0.1476566 0.1424417 0.1406916 0.1492917 0.1427466 0.1254068 0.1387698 0.1125220 0.1257853 
S0673       0.1900753 0.1140173 0.1281898 0.1368451 0.1527123 0.1109362 0.1732680 0.1503270 0.2043758 0.0875509 0.1684958 0.1056461 0.1967263 0.1204678 0.1595059 0.1438676 0.1521713 0.1702855 0.0794591 0.1454859 0.0633299 0.1214044 0.1450048 0.1923594 0.2042273 0.0958085 0.2051635 0.1560674 0.1288239 0.0000000 0.1562042 0.1193898 0.1385332 0.1766161 0.1682398 0.1441014 0.1140173 0.1454859 0.1219047 0.1626860 0.1136880 0.1012319 0.0200263 0.0728360 0.1512730 0.0807302 0.1693936 0.1963309 0.2048946 0.2041481 0.1521165 0.2373227 0.1389450 0.1401725 0.1099932 0.1865421 0.1410033 0.1331334 0.2048946 0.1782051 0.1507201 0.1411938 0.1794358 0.1603590 0.1750415 0.0987386 0.0204782 0.0875945 0.1243473 0.2114839 0.1525528 0.1502379 0.2024308 0.1614467 0.1512767 0.1524195 0.1795960 0.1591999 0.1058871 0.1699518 0.2082678 0.1673359 0.1301590 0.1400611 0.0307039 0.1462819 0.1286695 0.1533099 0.1580914 0.1678108 0.1248871 0.1525215 0.1019580 0.1823556 0.1630534 0.1449805 0.1161781 0.0573527 0.1856662 0.1600254 0.1279941 0.1416613 0.1282352 0.1419655 
S0689       0.0672993 0.0367678 0.1511529 0.0483080 0.0481025 0.1085403 0.0688299 0.0551482 0.0672680 0.1238796 0.0614763 0.1222169 0.1029956 0.1255847 0.0677914 0.0747231 0.0538972 0.0425333 0.0944822 0.0420293 0.0862906 0.0424760 0.0605540 0.0956833 0.1023662 0.0902731 0.0737425 0.0450208 0.1528248 0.1562042 0.0000000 0.0369231 0.1359141 0.0733737 0.0537206 0.0672924 0.0367678 0.0536819 0.0368574 0.0738290 0.0372262 0.1316754 0.1293790 0.1001758 0.0614053 0.0942184 0.0825387 0.0957714 0.1025899 0.1023359 0.0609774 0.0722233 0.0728505 0.1316636 0.0857330 0.0757099 0.1383074 0.1305729 0.1025899 0.0942976 0.0431882 0.1384875 0.0731599 0.0479741 0.0695295 0.0996778 0.1282934 0.1091390 0.1237398 0.1026657 0.0477878 0.0724178 0.0898638 0.0602589 0.0536691 0.0609191 0.0821583 0.0209951 0.1255084 0.0811958 0.0957135 0.0535387 0.0370149 0.0732653 0.1596100 0.0539168 0.0482011 0.0741126 0.0728694 0.0536819 0.1591550 0.0422124 0.1324988 0.0787498 0.0426456 0.0602313 0.0549392 0.1319764 0.0878059 0.0679743 0.0369131 0.0546605 0.0369315 0.0547832 
S0720       0.0603905 0.0098241 0.1109768 0.0200546 0.0529462 0.0713150 0.0435762 0.0485956 0.0861521 0.0790224 0.0527765 0.0899794 0.1048435 0.0950107 0.0478882 0.0661800 0.0475159 0.0479030 0.0653930 0.0360413 0.0506902 0.0148869 0.0308216 0.0902703 0.0791270 0.0673195 0.0785819 0.0447545 0.0917538 0.1193898 0.0369231 0.0000000 0.1368261 0.0662954 0.0473624 0.0365729 0.0098241 0.0473325 0.0199218 0.0485950 0.0000021 0.0979664 0.0964028 0.0707122 0.0312014 0.0652425 0.0721536 0.0730625 0.0553126 0.0791060 0.0422512 0.0535561 0.0418093 0.1327566 0.0687350 0.0547365 0.1323384 0.1316998 0.0553126 0.0602415 0.0481365 0.1393145 0.0661082 0.0417791 0.0479224 0.0820666 0.0957127 0.0781775 0.0843297 0.0908545 0.0471417 0.0648026 0.0624596 0.0536459 0.0363922 0.0479030 0.0490365 0.0374363 0.0938566 0.0484987 0.0681032 0.0472090 0.0201832 0.0419998 0.1231517 0.0475353 0.0200114 0.0424218 0.0528550 0.0473325 0.1181210 0.0361898 0.1041392 0.0715904 0.0480338 0.0531041 0.0479378 0.1033082 0.0543620 0.0369073 0.0199451 0.0361129 0.0199505 0.0255551 
S0735       0.1977043 0.1231812 0.1718708 0.1378735 0.1461875 0.1221793 0.1575764 0.1508551 0.1675604 0.1423943 0.1578931 0.1462742 0.1652158 0.1429917 0.1519475 0.1375314 0.1606122 0.1783516 0.1303148 0.1327949 0.0922981 0.1304535 0.1536414 0.1839654 0.1934912 0.1105816 0.1812990 0.1765043 0.1661241 0.1385332 0.1359141 0.1368261 0.0000000 0.1451562 0.1763058 0.1374330 0.1231812 0.1461887 0.1168924 0.1616779 0.1312277 0.1566169 0.1340086 0.1225787 0.1442140 0.1152895 0.1587015 0.1860906 0.1870224 0.1934214 0.1430803 0.1169763 0.1615445 0.0151932 0.1065203 0.1629725 0.0000021 0.0152342 0.1943489 0.1623770 0.1440724 0.0101650 0.1873025 0.1686156 0.1652005 0.1207706 0.1328954 0.1406628 0.1408932 0.1974728 0.1609969 0.1588727 0.1842883 0.1697285 0.1596918 0.1644610 0.1635834 0.1545083 0.1409798 0.1547364 0.1899252 0.1753766 0.1242315 0.1628784 0.1637468 0.1469572 0.1508688 0.1393107 0.1429970 0.1597442 0.1547092 0.1609881 0.1574809 0.2049485 0.1551466 0.1251096 0.1313598 0.1567855 0.1693285 0.1605819 0.1368764 0.1352320 0.1371431 0.1355114 
S0742       0.0999500 0.0659965 0.1657083 0.0667265 0.0904725 0.1315128 0.1036673 0.0678112 0.1158589 0.1278295 0.0866629 0.1174635 0.1317410 0.1370207 0.0914354 0.0869986 0.0846586 0.0853711 0.1242911 0.0483720 0.0942805 0.0722910 0.0798860 0.1395164 0.1533833 0.1134721 0.0974344 0.0742024 0.1639064 0.1766161 0.0733737 0.0662954 0.1451562 0.0000000 0.0843752 0.1000040 0.0659965 0.0842770 0.0661593 0.1159306 0.0608587 0.1504236 0.1477054 0.1165810 0.0847233 0.1093140 0.1098705 0.1461480 0.1395580 0.1533310 0.1071160 0.0629093 0.0991609 0.1409565 0.1191266 0.1238053 0.1477534 0.1561722 0.1395580 0.1163575 0.0735738 0.1647190 0.1061790 0.0781259 0.1067071 0.1216865 0.1463727 0.1345154 0.1537531 0.1313318 0.0838773 0.1202707 0.1197376 0.0918364 0.0842546 0.0864944 0.1172358 0.0745097 0.1350906 0.1158149 0.1257116 0.0840486 0.0793546 0.0998129 0.1797708 0.0846727 0.0785505 0.0947343 0.0929945 0.0842770 0.1802841 0.0718238 0.1573310 0.0979407 0.0856774 0.0808919 0.1008989 0.1753858 0.1230660 0.0916861 0.0662940 0.0859561 0.0663544 0.0861480 
S0756       0.0313704 0.0471626 0.1580125 0.0588892 0.0252595 0.1256681 0.0877697 0.0152581 0.1052736 0.1251244 0.0659414 0.1338201 0.1218339 0.1520364 0.0788523 0.0992989 0.0201348 0.0202949 0.1058571 0.0523958 0.0914317 0.0529639 0.0597070 0.1142640 0.1124944 0.1159382 0.0370124 0.0119836 0.1484841 0.1682398 0.0537206 0.0473624 0.1763058 0.0843752 0.0000000 0.0782667 0.0471626 0.0200675 0.0584174 0.0926268 0.0477478 0.1434789 0.1409964 0.1114892 0.0664940 0.1055508 0.0868958 0.1059711 0.1084973 0.0983303 0.0848004 0.1065189 0.0718238 0.1726654 0.0928004 0.0998084 0.1720134 0.1712363 0.0990955 0.1056896 0.0653450 0.1723027 0.0367269 0.0149421 0.0892059 0.1237873 0.1397946 0.1141520 0.1305392 0.0939089 0.0199965 0.0971333 0.1100464 0.0204927 0.0200634 0.0258225 0.0935898 0.0544952 0.1237133 0.0800152 0.1025506 0.0200160 0.0593232 0.0842663 0.1714047 0.0201472 0.0587613 0.0852588 0.0718422 0.0099159 0.1804063 0.0201403 0.1344725 0.0419736 0.0652178 0.0842156 0.0789252 0.1519569 0.0991840 0.0611301 0.0473545 0.0654135 0.0473843 0.0598316 
S0758       0.0935040 0.0473628 0.1446706 0.0591425 0.0843184 0.0988713 0.0258497 0.0738405 0.0939474 0.1092150 0.0839951 0.1209655 0.1246025 0.1259584 0.0419688 0.0997494 0.0785297 0.0791914 0.0935287 0.0655415 0.0853772 0.0531904 0.0599674 0.1347363 0.0583386 0.1031517 0.1134846 0.0672230 0.1275892 0.1441014 0.0672924 0.0365729 0.1374330 0.1000040 0.0782667 0.0000000 0.0473628 0.0781824 0.0586665 0.0200855 0.0368707 0.1303046 0.1188121 0.0991716 0.0256327 0.0932706 0.0904822 0.0527604 0.0363525 0.0583248 0.0147602 0.0809380 0.0721396 0.1333530 0.0989211 0.0360163 0.1397666 0.1322865 0.0363525 0.0539819 0.0656296 0.1399446 0.0930047 0.0720952 0.0472036 0.1114182 0.1178715 0.1080205 0.1148153 0.1099130 0.0778182 0.0585846 0.0430171 0.0791902 0.0781620 0.0865390 0.0310312 0.0683219 0.1242639 0.0364531 0.0483987 0.0779703 0.0595802 0.0725452 0.1475976 0.0785461 0.0590135 0.0252020 0.0469193 0.0655415 0.1366975 0.0658764 0.1298895 0.1054766 0.0794657 0.0582430 0.0363698 0.1277639 0.0361251 0.0369075 0.0475568 0.0305270 0.0475869 0.0201586 
S0760       0.0601206 0.0000010 0.1185767 0.0199753 0.0527199 0.0779155 0.0548872 0.0483843 0.0857409 0.0859154 0.0525523 0.0970233 0.1043319 0.1020473 0.0476831 0.0658818 0.0473137 0.0476973 0.0601458 0.0358938 0.0451963 0.0048851 0.0413881 0.0973241 0.0787573 0.0619329 0.0782186 0.0445251 0.0989632 0.1140173 0.0367678 0.0098241 0.1231812 0.0659965 0.0471626 0.0473628 0.0000000 0.0471333 0.0098095 0.0598204 0.0099010 0.0926164 0.0911324 0.0655034 0.0419139 0.0600102 0.0718263 0.0727248 0.0668683 0.0787365 0.0531904 0.0695285 0.0416345 0.1189491 0.0755066 0.0544938 0.1186008 0.1180117 0.0668683 0.0716780 0.0479292 0.1254014 0.0658110 0.0416045 0.0603578 0.0769035 0.0904854 0.0728688 0.1037303 0.0904260 0.0469432 0.0645172 0.0743643 0.0534130 0.0362416 0.0539844 0.0603772 0.0372766 0.0887293 0.0597123 0.0800023 0.0470100 0.0099315 0.0418224 0.1179014 0.0473325 0.0199322 0.0534204 0.0526294 0.0471333 0.1258886 0.0360404 0.0988296 0.0659569 0.0478271 0.0528764 0.0477323 0.0977047 0.0657071 0.0478034 0.0198672 0.0359647 0.0198726 0.0360421 
