90
PAFTOL_019361 0.0000000 0.1739675 0.1900902 0.1971037 0.2160894 0.1816982 0.2003263 0.2083184 0.1958900 0.2516348 0.1908945 0.2094708 0.2252455 0.1984497 0.2106723 0.1900902 0.1907396 0.1997940 0.2051592 0.2148355 0.2387972 0.1803009 0.2005772 0.1913827 0.2208408 0.1993444 0.2742431 0.2033983 0.1892794 0.1749153 0.1997898 0.1971037 0.2223124 0.2119268 0.1868195 0.1981038 0.2034498 0.2443623 0.2157114 0.1988973 0.1913371 0.2829608 0.1994469 0.1622766 0.2081746 0.2760300 0.3094471 0.2107035 0.1947749 0.2248839 0.2341176 0.1942036 0.3002077 0.1948609 0.1975051 0.1723932 0.2503429 0.1958900 0.2041136 0.1965653 0.2201129 0.2005186 0.2063382 0.1778603 0.2002418 0.1619631 0.2080316 0.1921164 0.1724074 0.2125843 0.1697491 0.1992816 0.1913371 0.2081321 0.2220626 0.1943111 0.1835773 0.1892794 0.1917062 0.1882933 0.1873088 0.1813266 0.2080701 0.1839034 0.1992816 0.2439981 0.1724933 0.1716825 0.1576050 0.2101947 
S0055         0.1739675 0.0000000 0.0371169 0.0431989 0.0763935 0.0574780 0.0371693 0.0508518 0.0804646 0.1004082 0.0931874 0.0817770 0.0809345 0.0305141 0.0506798 0.0371169 0.0621682 0.0818514 0.0651448 0.0656331 0.1340909 0.0180131 0.0307641 0.0643406 0.0728113 0.0664082 0.1561202 0.0581961 0.0307641 0.0587846 0.0437433 0.0303476 0.0982520 0.0611485 0.0810521 0.0576549 0.0789485 0.0914990 0.0805966 0.0643712 0.0663784 0.1303170 0.0645433 0.0751522 0.0944802 0.1571805 0.1903786 0.0829776 0.0588349 0.1143644 0.0730283 0.0654507 0.1917467 0.0312324 0.0502862 0.0577337 0.1209327 0.0804646 0.0834178 0.0302690 0.1148911 0.0937975 0.0733603 0.0184395 0.0307303 0.0181234 0.0713055 0.0508064 0.0785779 0.0717332 0.0366734 0.0436502 0.0663784 0.0369729 0.0892659 0.0587629 0.0606109 0.0307641 0.0311657 0.0241169 0.0496949 0.0646138 0.1128686 0.0515351 0.0507342 0.1161968 0.0441185 0.0597843 0.0684937 0.0578657 
S0196sl       0.1900902 0.0371169 0.0000000 0.0429612 0.0384201 0.0367562 0.0369653 0.0505610 0.0434008 0.0528643 0.0636946 0.0577008 0.0504816 0.0303503 0.0371215 0.0000010 0.0400695 0.0440931 0.0241115 0.0313881 0.0891883 0.0237772 0.0305975 0.0370200 0.0367616 0.0374843 0.1156719 0.0310085 0.0305976 0.0181255 0.0057957 0.0301855 0.0582653 0.0316152 0.0412828 0.0237478 0.0365251 0.0519300 0.0434867 0.0298283 0.0306999 0.1114418 0.0299045 0.0514095 0.0763895 0.1284198 0.1589814 0.0446859 0.0369561 0.0783782 0.0306962 0.0439296 0.1600786 0.0310607 0.0562469 0.0237791 0.0787861 0.0434008 0.0448790 0.0301070 0.0727730 0.0775660 0.0511271 0.0248563 0.0305641 0.0303390 0.0360391 0.0243648 0.0565227 0.0437741 0.0364749 0.0057842 0.0306999 0.0367710 0.0507435 0.0375558 0.0248757 0.0305976 0.0371826 0.0239899 0.0238487 0.0567798 0.0790457 0.0179022 0.0176376 0.0735652 0.0237876 0.0245568 0.0451223 0.0238235 
S0282         0.1971037 0.0431989 0.0429612 0.0000000 0.0894199 0.0696457 0.0178396 0.0567336 0.0930100 0.1064734 0.1055110 0.0944989 0.0935304 0.0238304 0.0565385 0.0429612 0.0851820 0.0945978 0.0710328 0.0715524 0.1473611 0.0364024 0.0240202 0.0701623 0.0852577 0.0871072 0.1517758 0.0640982 0.0240226 0.0578605 0.0495882 0.0116597 0.1111838 0.0741065 0.0884922 0.0698576 0.0705285 0.1045254 0.0931475 0.0765693 0.0789253 0.1267140 0.0767700 0.0879626 0.0918752 0.1527855 0.1848642 0.0958632 0.0712688 0.1294630 0.0789448 0.0778295 0.1861558 0.0181075 0.0490571 0.0699500 0.1177022 0.0930100 0.0963859 0.0236429 0.1117795 0.1135501 0.0858992 0.0120735 0.0239948 0.0427061 0.0835234 0.0566797 0.0908477 0.0775556 0.0298336 0.0494833 0.0789253 0.0177493 0.1020089 0.0711765 0.0657448 0.0240226 0.0432702 0.0299209 0.0424336 0.0768578 0.1257159 0.0638536 0.0628787 0.1293784 0.0562490 0.0651855 0.0815137 0.0701147 
S0288         0.2160894 0.0763935 0.0384201 0.0894199 0.0000000 0.0520248 0.0829390 0.0994979 0.0060452 0.0471376 0.0667322 0.0252498 0.0835579 0.0743918 0.0681149 0.0384201 0.0822402 0.0061391 0.0520569 0.0776058 0.0613766 0.0664617 0.0755122 0.0598508 0.0674677 0.0000022 0.1237794 0.0765579 0.0754602 0.0537260 0.0452924 0.0743579 0.0458557 0.0628830 0.0345932 0.0521890 0.0586709 0.0463999 0.0523550 0.0520248 0.0535736 0.1288600 0.0591694 0.0471314 0.0633679 0.1472769 0.1571339 0.0391025 0.0526098 0.0571137 0.0676678 0.0600208 0.1582616 0.0767699 0.0743918 0.0387173 0.0664600 0.0060452 0.0061199 0.0741520 0.0602619 0.0981595 0.0679853 0.0622131 0.0754129 0.0601207 0.0660402 0.0683009 0.0589537 0.0743629 0.0817132 0.0451923 0.0535736 0.0824475 0.0687264 0.0615478 0.0468451 0.0754602 0.0683203 0.0671347 0.0595404 0.0751595 0.0742368 0.0459225 0.0451923 0.0678909 0.0522836 0.0462051 0.0695111 0.0454561 
S0292         0.1816982 0.0574780 0.0367562 0.0696457 0.0520248 0.0000000 0.0635829 0.0783054 0.0433251 0.0671012 0.0622356 0.0575985 0.0721721 0.0563710 0.0502383 0.0367562 0.0478130 0.0374258 0.0367122 0.0510955 0.0890227 0.0564821 0.0568521 0.0501047 0.0644113 0.0507419 0.1351036 0.0440636 0.0568299 0.0444822 0.0433132 0.0560549 0.0581610 0.0528886 0.0484495 0.0498926 0.0494284 0.0583124 0.0434118 0.0431472 0.0581187 0.1189136 0.0432600 0.0597376 0.0680351 0.1360152 0.1450391 0.0509722 0.0509558 0.0862573 0.0722590 0.0302539 0.1460010 0.0577296 0.0697655 0.0306422 0.0786450 0.0433251 0.0447989 0.0427769 0.0726410 0.0774289 0.0118996 0.0444883 0.0567849 0.0431079 0.0496564 0.0502979 0.0175635 0.0177746 0.0627150 0.0432216 0.0581187 0.0632368 0.0801299 0.0374901 0.0314124 0.0568299 0.0503183 0.0495029 0.0363054 0.0566808 0.0789036 0.0308311 0.0432216 0.0962436 0.0368662 0.0310067 0.0450413 0.0500677 
S0293         0.2003263 0.0371693 0.0369653 0.0178396 0.0829390 0.0635829 0.0000000 0.0506341 0.0867691 0.0998989 0.0993875 0.0881712 0.0872651 0.0179357 0.0504635 0.0369653 0.0784751 0.0882577 0.0648533 0.0653378 0.1408094 0.0304477 0.0180784 0.0640567 0.0707731 0.0807815 0.1273094 0.0579402 0.0117806 0.0514856 0.0435608 0.0058494 0.1047636 0.0594321 0.0896596 0.0637779 0.0785864 0.0980541 0.0869044 0.0704936 0.0726779 0.1029326 0.0706800 0.0815890 0.0852408 0.1281764 0.1587004 0.0894562 0.0650747 0.1225308 0.0645146 0.0716651 0.1597949 0.0000020 0.0563264 0.0638633 0.1113477 0.0867691 0.0899376 0.0177939 0.1207364 0.1073882 0.0796586 0.0000027 0.0179685 0.0367453 0.0774403 0.0505895 0.0776796 0.0714099 0.0365256 0.0434682 0.0726779 0.0058782 0.0956759 0.0649928 0.0594262 0.0117806 0.0243837 0.0240231 0.0365094 0.0707593 0.1193493 0.0577150 0.0568258 0.1228506 0.0502021 0.0589190 0.0677315 0.0640116 
S0294         0.2083184 0.0508518 0.0505610 0.0567336 0.0994979 0.0783054 0.0506341 0.0000000 0.1028493 0.1089039 0.1156592 0.0889213 0.1034283 0.0436383 0.0647306 0.0505610 0.0784032 0.1046623 0.0799194 0.0805059 0.1601213 0.0437217 0.0440068 0.0789042 0.0797111 0.0968461 0.1712552 0.0726854 0.0439980 0.0734608 0.0438877 0.0433949 0.1220781 0.0756304 0.0813737 0.0785499 0.0941575 0.1152216 0.1029947 0.0855087 0.0581198 0.1663054 0.0857378 0.0899237 0.0925684 0.1723908 0.1958110 0.1060872 0.0801822 0.1036185 0.0882431 0.0869499 0.2077087 0.0446872 0.0706308 0.0786557 0.1285781 0.1028493 0.1067017 0.0432817 0.1225939 0.1068701 0.0877692 0.0383200 0.0439563 0.0502518 0.0927394 0.0648982 0.1003831 0.0866376 0.0499449 0.0573393 0.0581198 0.0503601 0.0801240 0.0800703 0.0826604 0.0439980 0.0509318 0.0369486 0.0634534 0.0858428 0.1204186 0.0724052 0.0712730 0.1222086 0.0643923 0.0734358 0.0989860 0.0788515 
S0303         0.1958900 0.0804646 0.0434008 0.0930100 0.0060452 0.0433251 0.0867691 0.1028493 0.0000000 0.0452367 0.0639576 0.0180434 0.0873887 0.0788599 0.0582324 0.0434008 0.0707024 0.0000020 0.0433493 0.0669188 0.0588772 0.0706951 0.0795732 0.0573667 0.0717264 0.0059054 0.1268484 0.0660593 0.0795153 0.0514720 0.0501018 0.0783956 0.0373951 0.0674475 0.0266218 0.0568119 0.0562799 0.0441159 0.0502132 0.0499079 0.0653810 0.1227917 0.0500391 0.0383925 0.0534263 0.1496269 0.1591357 0.0372028 0.0437963 0.0621635 0.0798183 0.0507295 0.1602346 0.0808498 0.0784304 0.0372153 0.0568917 0.0000010 0.0000020 0.0781866 0.0509165 0.0864892 0.0581280 0.0667582 0.0794709 0.0645861 0.0565408 0.0725847 0.0498637 0.0642509 0.0855303 0.0499947 0.0653810 0.0862722 0.0730208 0.0519566 0.0381622 0.0795153 0.0726019 0.0713876 0.0570808 0.0648966 0.0641503 0.0374474 0.0499947 0.0801450 0.0435320 0.0376650 0.0593623 0.0570159 
S0308         0.2516348 0.1004082 0.0528643 0.1064734 0.0471376 0.0671012 0.0998989 0.1089039 0.0452367 0.0000000 0.0981389 0.0514387 0.1170228 0.0912680 0.0845163 0.0528643 0.0836450 0.0384773 0.0528000 0.0787606 0.0590119 0.0822932 0.0921525 0.0680141 0.0991833 0.0530238 0.1396550 0.0699913 0.0920649 0.0618485 0.0528643 0.0906953 0.0682829 0.0955717 0.0347874 0.0821790 0.0666523 0.0600315 0.0748800 0.0744116 0.0768419 0.1536106 0.0599322 0.0702170 0.0773388 0.1544061 0.1642591 0.0524588 0.0678594 0.0644470 0.0757267 0.0682251 0.1654299 0.0937223 0.1230099 0.0462837 0.0898443 0.0452367 0.0468422 0.0904409 0.0742500 0.1158154 0.0842284 0.0866254 0.0920238 0.0912237 0.0742954 0.0751087 0.0819003 0.0754289 0.0983818 0.0599583 0.0768419 0.0992881 0.1092635 0.0763985 0.0539339 0.0920649 0.1004924 0.0831535 0.0676598 0.0917102 0.0984515 0.0609442 0.0745497 0.1071734 0.0674418 0.0613397 0.0770218 0.0825100 
S0335         0.1908945 0.0931874 0.0636946 0.1055110 0.0667322 0.0622356 0.0993875 0.1156592 0.0639576 0.0981389 0.0000000 0.0868151 0.0874443 0.0841722 0.0850716 0.0636946 0.0707648 0.0650086 0.0708067 0.0649200 0.0975973 0.0850057 0.0921804 0.0567515 0.0790553 0.0721278 0.1537325 0.0787146 0.0920989 0.0514423 0.0707702 0.0908226 0.0801904 0.0749911 0.0798626 0.0778109 0.0702135 0.0955573 0.0503545 0.0432873 0.0873459 0.1449854 0.0706773 0.0673246 0.0988402 0.1447943 0.1636909 0.0872139 0.0650742 0.1292659 0.0872545 0.0563627 0.1647992 0.0936395 0.1057000 0.0574841 0.0865962 0.0639576 0.0661988 0.0905852 0.1113417 0.0844506 0.0778955 0.0795605 0.0920606 0.0769918 0.0634717 0.0851842 0.0689275 0.0839228 0.0835378 0.0706150 0.0873459 0.0988219 0.1111934 0.0716480 0.0450354 0.0920989 0.0851955 0.0837937 0.0693264 0.0567077 0.0581417 0.0577170 0.0706150 0.1048541 0.0502711 0.0378257 0.0524757 0.0781063 
S0355         0.2094708 0.0817770 0.0577008 0.0944989 0.0252498 0.0575985 0.0881712 0.0889213 0.0180434 0.0514387 0.0868151 0.0000000 0.1043659 0.0801226 0.0736601 0.0577008 0.0880278 0.0183220 0.0576349 0.0831604 0.0650810 0.0718090 0.0808585 0.0725281 0.0728715 0.0246426 0.1470704 0.0820587 0.0807974 0.0665981 0.0647653 0.0796439 0.0585711 0.0685657 0.0270721 0.0718090 0.0711223 0.0586739 0.0649029 0.0645075 0.0664331 0.1343223 0.0646803 0.0459463 0.0534263 0.1716942 0.1715579 0.0512927 0.0444821 0.0632250 0.0963955 0.0655911 0.1830352 0.0821757 0.0796799 0.0513144 0.0577816 0.0180434 0.0186403 0.0794287 0.0517238 0.1033046 0.0735214 0.0678553 0.0807532 0.0656150 0.0714578 0.0887963 0.0715716 0.0797528 0.0868943 0.0646224 0.0664331 0.0876588 0.0742072 0.0672294 0.0526644 0.0807974 0.0737746 0.0725231 0.0721650 0.0659346 0.0870816 0.0516440 0.0646224 0.0967826 0.0578797 0.0519594 0.0751448 0.0720812 
S0376         0.2252455 0.0809345 0.0504816 0.0935304 0.0835579 0.0721721 0.0872651 0.1034283 0.0873887 0.1170228 0.0874443 0.1043659 0.0000000 0.0793135 0.0876373 0.0504816 0.0329956 0.0888970 0.0653277 0.0823626 0.1247018 0.0642376 0.0800343 0.0727265 0.0796296 0.0813714 0.1410392 0.0811001 0.0799754 0.0585112 0.0573629 0.0788445 0.1055129 0.0755577 0.0821872 0.0642376 0.0859381 0.0987679 0.0796248 0.0636241 0.0732088 0.1460985 0.0711849 0.0897965 0.1198254 0.1459035 0.1778087 0.0901085 0.0800989 0.1130695 0.0880130 0.0807121 0.1790567 0.0813242 0.0937000 0.0643241 0.1035842 0.0873887 0.0905983 0.0786335 0.1060778 0.0871010 0.0891338 0.0671618 0.0799310 0.0649670 0.0779870 0.0730113 0.0942004 0.0954174 0.0715782 0.0572382 0.0732088 0.0867632 0.0963599 0.0661182 0.0601751 0.0799754 0.0730284 0.0718016 0.0713561 0.0797795 0.0966689 0.0581391 0.0572382 0.1072743 0.0506362 0.0374772 0.0388797 0.0644746 
S0405         0.1984497 0.0305141 0.0303503 0.0238304 0.0743918 0.0563710 0.0179357 0.0436383 0.0788599 0.0912680 0.0841722 0.0801226 0.0793135 0.0000000 0.0434977 0.0303503 0.0701690 0.0801926 0.0574776 0.0579096 0.1312284 0.0240008 0.0118752 0.0567849 0.0713726 0.0728943 0.1528150 0.0507294 0.0118790 0.0444595 0.0367850 0.0117216 0.0962250 0.0599557 0.0802795 0.0565420 0.0639773 0.0896002 0.0718342 0.0563710 0.0650584 0.1275674 0.0632925 0.0736225 0.0924628 0.1538372 0.1861988 0.0812763 0.0576770 0.1217224 0.0650678 0.0641657 0.1875088 0.0120515 0.0363496 0.0566173 0.1184401 0.0788599 0.0816968 0.0116918 0.1124883 0.0991337 0.0719002 0.0060262 0.0118634 0.0301726 0.0699228 0.0436042 0.0770455 0.0639394 0.0299945 0.0367080 0.0650584 0.0178445 0.0874541 0.0576084 0.0520012 0.0118790 0.0305717 0.0177556 0.0299813 0.0633599 0.1105478 0.0505315 0.0497601 0.1137443 0.0432737 0.0585890 0.0671513 0.0567440 
S0412sl       0.2106723 0.0506798 0.0371215 0.0565385 0.0681149 0.0502383 0.0504635 0.0647306 0.0582324 0.0845163 0.0850716 0.0736601 0.0876373 0.0434977 0.0000000 0.0371215 0.0557197 0.0592013 0.0512246 0.0369091 0.1243588 0.0435810 0.0438636 0.0506079 0.0650677 0.0663634 0.1191143 0.0367267 0.0438550 0.0449382 0.0437453 0.0432563 0.0745261 0.0605696 0.0655616 0.0640462 0.0646628 0.0898795 0.0726146 0.0569650 0.0729900 0.1031956 0.0571158 0.0820579 0.1018279 0.1285545 0.1591451 0.0815206 0.0654409 0.1234650 0.0730051 0.0579104 0.1602442 0.0445391 0.0565616 0.0504594 0.1118204 0.0582324 0.0603004 0.0431436 0.1057772 0.0781075 0.0655481 0.0381967 0.0438134 0.0500840 0.0637374 0.0508042 0.0708189 0.0577036 0.0497794 0.0436521 0.0729900 0.0501915 0.0960855 0.0513481 0.0529321 0.0438550 0.0507591 0.0368344 0.0366619 0.0571751 0.1039518 0.0443336 0.0570650 0.1233820 0.0371855 0.0522198 0.0678418 0.0642819 
S0419         0.1900902 0.0371169 0.0000010 0.0429612 0.0384201 0.0367562 0.0369653 0.0505610 0.0434008 0.0528643 0.0636946 0.0577008 0.0504816 0.0303503 0.0371215 0.0000000 0.0400695 0.0440931 0.0241115 0.0313881 0.0891883 0.0237772 0.0305975 0.0370200 0.0367616 0.0374843 0.1156719 0.0310085 0.0305976 0.0181255 0.0057957 0.0301855 0.0582653 0.0316152 0.0412828 0.0237478 0.0365251 0.0519300 0.0434867 0.0298283 0.0306999 0.1114418 0.0299045 0.0514095 0.0763895 0.1284198 0.1589814 0.0446859 0.0369561 0.0783782 0.0306962 0.0439296 0.1600786 0.0310607 0.0562469 0.0237791 0.0787861 0.0434008 0.0448790 0.0301070 0.0727730 0.0775660 0.0511271 0.0248563 0.0305641 0.0303390 0.0360391 0.0243648 0.0565227 0.0437741 0.0364749 0.0057842 0.0306999 0.0367710 0.0507435 0.0375558 0.0248757 0.0305976 0.0371826 0.0239899 0.0238487 0.0567798 0.0790457 0.0179022 0.0176376 0.0735652 0.0237876 0.0245568 0.0451223 0.0238235 
S0427         0.1907396 0.0621682 0.0400695 0.0851820 0.0822402 0.0478130 0.0784751 0.0784032 0.0707024 0.0836450 0.0707648 0.0880278 0.0329956 0.0701690 0.0557197 0.0400695 0.0000000 0.0638461 0.0554324 0.0573959 0.1002058 0.0544568 0.0708436 0.0482430 0.0702735 0.0792579 0.1208807 0.0415274 0.0707983 0.0412570 0.0472513 0.0697290 0.0720506 0.0656005 0.0622236 0.0617202 0.0700111 0.0729452 0.0708339 0.0541765 0.0712269 0.1256396 0.0543304 0.0637198 0.0831184 0.1254777 0.1592516 0.0644417 0.0631610 0.1049505 0.0715069 0.0485616 0.1604723 0.0720636 0.0853462 0.0472310 0.0960997 0.0707024 0.0734472 0.0695292 0.0981246 0.0774830 0.0557003 0.0643304 0.0707484 0.0624684 0.0468567 0.0560014 0.0701788 0.0635454 0.0547947 0.0471425 0.0712269 0.0779959 0.0959906 0.0486123 0.0348209 0.0707983 0.0710388 0.0623152 0.0472950 0.0628791 0.0719376 0.0406650 0.0542784 0.1077164 0.0331576 0.0265588 0.0133835 0.0619625 
S0430         0.1997940 0.0818514 0.0440931 0.0945978 0.0061391 0.0374258 0.0882577 0.1046623 0.0000020 0.0384773 0.0650086 0.0183220 0.0888970 0.0801926 0.0592013 0.0440931 0.0638461 0.0000000 0.0440405 0.0680699 0.0524720 0.0718632 0.0809309 0.0583071 0.0729283 0.0059950 0.1185598 0.0520210 0.0808694 0.0523244 0.0509089 0.0797125 0.0379945 0.0686174 0.0200125 0.0577343 0.0571853 0.0381171 0.0510235 0.0507088 0.0664801 0.1142950 0.0508441 0.0390239 0.0543424 0.1408105 0.1501990 0.0312445 0.0445008 0.0550689 0.0733568 0.0447498 0.1512311 0.0822513 0.0797486 0.0378091 0.0578159 0.0000020 0.0000020 0.0794967 0.0446548 0.0879701 0.0521002 0.0679052 0.0808248 0.0656602 0.0506632 0.0661536 0.0439760 0.0583095 0.0869769 0.0507983 0.0664801 0.0877432 0.0742675 0.0528237 0.0385781 0.0808694 0.0655076 0.0725791 0.0580123 0.0659805 0.0652075 0.0380484 0.0507983 0.0815200 0.0442284 0.0382733 0.0600338 0.0579453 
S0552sl       0.2051592 0.0651448 0.0241115 0.0710328 0.0520569 0.0367122 0.0648533 0.0799194 0.0433493 0.0528000 0.0708067 0.0576349 0.0653277 0.0574776 0.0512246 0.0241115 0.0554324 0.0440405 0.0000000 0.0315222 0.0890951 0.0499859 0.0579783 0.0510861 0.0644539 0.0507722 0.1352516 0.0449282 0.0579541 0.0246628 0.0304426 0.0571488 0.0433153 0.0599745 0.0268678 0.0433365 0.0236278 0.0583498 0.0434354 0.0431702 0.0581560 0.1314004 0.0432832 0.0597772 0.0763032 0.1493549 0.1588549 0.0510028 0.0509863 0.0785170 0.0581613 0.0438773 0.1599512 0.0588905 0.0855243 0.0306573 0.0787029 0.0433493 0.0448238 0.0569976 0.0584541 0.0790069 0.0507961 0.0523795 0.0579079 0.0574536 0.0496849 0.0512866 0.0564590 0.0363824 0.0639503 0.0303793 0.0581560 0.0644930 0.0801902 0.0518410 0.0314277 0.0579541 0.0652323 0.0504601 0.0369880 0.0718609 0.0865635 0.0239607 0.0367753 0.0963252 0.0368855 0.0310215 0.0521361 0.0500969 
S0558         0.2148355 0.0656331 0.0313881 0.0715524 0.0776058 0.0510955 0.0653378 0.0805059 0.0669188 0.0787606 0.0649200 0.0831604 0.0823626 0.0579096 0.0369091 0.0313881 0.0573959 0.0680699 0.0315222 0.0000000 0.1190312 0.0515883 0.0584177 0.0446492 0.0739140 0.0755469 0.1493696 0.0373403 0.0583929 0.0321345 0.0380505 0.0575756 0.0746073 0.0695850 0.0589980 0.0585109 0.0445648 0.0843035 0.0598090 0.0445776 0.0673921 0.1226250 0.0515301 0.0764324 0.0953837 0.1402806 0.1723868 0.0759158 0.0526944 0.1178008 0.0601279 0.0519182 0.1736146 0.0593430 0.0861335 0.0448106 0.0985675 0.0669188 0.0693740 0.0574234 0.1003355 0.0869365 0.0667084 0.0527897 0.0583465 0.0578852 0.0582239 0.0516811 0.0720479 0.0506145 0.0644227 0.0379680 0.0673921 0.0649727 0.0906515 0.0522424 0.0470404 0.0583929 0.0657215 0.0508428 0.0372734 0.0638250 0.0909427 0.0311824 0.0514831 0.1180669 0.0448288 0.0463961 0.0621787 0.0587272 
S0616         0.2387972 0.1340909 0.0891883 0.1473611 0.0613766 0.0890227 0.1408094 0.1601213 0.0588772 0.0590119 0.0975973 0.0650810 0.1247018 0.1312284 0.1243588 0.0891883 0.1002058 0.0524720 0.0890951 0.1190312 0.0000000 0.1210026 0.1325611 0.0902438 0.1228865 0.0671032 0.1378958 0.1093137 0.1323628 0.0919086 0.0970512 0.1303754 0.0906041 0.1201175 0.0497591 0.1048212 0.1037789 0.0832436 0.0972362 0.0966430 0.0998332 0.1717298 0.0969110 0.0773599 0.0940726 0.1523570 0.1620459 0.0749903 0.0900137 0.0805247 0.1071967 0.0907275 0.1631835 0.1348656 0.1476540 0.0674865 0.0720230 0.0588772 0.0609887 0.1300109 0.0820053 0.1405901 0.1074684 0.1188582 0.1323600 0.1145943 0.0967120 0.1063440 0.1044746 0.1138878 0.1219112 0.0968233 0.0998332 0.1399138 0.1253649 0.1009451 0.0688501 0.1323628 0.1245336 0.1223173 0.1053912 0.1072394 0.0972970 0.0829377 0.0968233 0.1166086 0.0744310 0.0683852 0.0687495 0.1052631 
S0641         0.1803009 0.0180131 0.0237772 0.0364024 0.0664617 0.0564821 0.0304477 0.0437217 0.0706951 0.0822932 0.0850057 0.0718090 0.0642376 0.0240008 0.0435810 0.0237772 0.0544568 0.0718632 0.0499859 0.0515883 0.1210026 0.0000000 0.0241933 0.0568976 0.0634752 0.0647926 0.1414756 0.0508292 0.0241958 0.0438484 0.0300144 0.0238716 0.0873099 0.0520547 0.0716222 0.0491929 0.0630878 0.0808151 0.0708148 0.0556050 0.0572738 0.1202402 0.0557489 0.0654365 0.0840276 0.1463667 0.1783793 0.0728250 0.0501612 0.1112435 0.0572786 0.0642974 0.1796347 0.0245564 0.0494238 0.0492577 0.1089178 0.0706951 0.0731837 0.0238111 0.1029983 0.0921422 0.0720515 0.0184204 0.0241676 0.0178163 0.0622071 0.0436870 0.0772060 0.0640695 0.0300481 0.0299528 0.0572738 0.0302896 0.0789181 0.0577245 0.0516118 0.0241958 0.0306274 0.0177863 0.0427461 0.0634877 0.0939153 0.0432730 0.0426229 0.1041313 0.0363137 0.0509337 0.0521108 0.0493629 
S0643         0.2005772 0.0307641 0.0305975 0.0240202 0.0755122 0.0568521 0.0180784 0.0440068 0.0795732 0.0921525 0.0921804 0.0808585 0.0800343 0.0118752 0.0438636 0.0305975 0.0708436 0.0809309 0.0579783 0.0584177 0.1325611 0.0241933 0.0000000 0.0500783 0.0720075 0.0735577 0.1544472 0.0511660 0.0119724 0.0516693 0.0370890 0.0118126 0.0971408 0.0605009 0.0815892 0.0570260 0.0715664 0.0904528 0.0797034 0.0636714 0.0656372 0.1289004 0.0638400 0.0742990 0.0933702 0.1554893 0.1781223 0.0820347 0.0581804 0.1230169 0.0656471 0.0647290 0.1793767 0.0121477 0.0497420 0.0571026 0.1195887 0.0795732 0.0824637 0.0117824 0.1126540 0.1000420 0.0725449 0.0060741 0.0119566 0.0304170 0.0705322 0.0439719 0.0777257 0.0644978 0.0302359 0.0370107 0.0656372 0.0179857 0.0882655 0.0581106 0.0524610 0.0119724 0.0308225 0.0178955 0.0302226 0.0639088 0.1116100 0.0509649 0.0501805 0.1148698 0.0436359 0.0591095 0.0677697 0.0572317 
S0689         0.1913827 0.0643406 0.0370200 0.0701623 0.0598508 0.0501047 0.0640567 0.0789042 0.0573667 0.0680141 0.0567515 0.0725281 0.0727265 0.0567849 0.0506079 0.0370200 0.0482430 0.0583071 0.0510861 0.0446492 0.0902438 0.0568976 0.0500783 0.0000000 0.0791964 0.0653515 0.1362824 0.0443884 0.0572503 0.0380315 0.0436269 0.0564640 0.0732671 0.0751270 0.0567699 0.0638804 0.0644937 0.0734680 0.0581849 0.0434026 0.0728003 0.1373819 0.0569659 0.0589056 0.0842279 0.1372084 0.1685141 0.0656566 0.0373108 0.1040133 0.0584863 0.0441170 0.1696896 0.0581626 0.0844489 0.0503247 0.0652055 0.0573667 0.0593728 0.0563164 0.0885197 0.0638422 0.0653754 0.0517343 0.0572048 0.0567615 0.0635730 0.0506684 0.0706384 0.0575509 0.0497115 0.0435339 0.0728003 0.0637054 0.0958469 0.0512095 0.0457216 0.0572503 0.0644267 0.0498617 0.0239455 0.0504340 0.0581752 0.0442124 0.0569152 0.0894980 0.0371317 0.0383851 0.0531685 0.0503694 
S0720         0.2208408 0.0728113 0.0367616 0.0852577 0.0674677 0.0644113 0.0707731 0.0797111 0.0717264 0.0991833 0.0790553 0.0728715 0.0796296 0.0713726 0.0650677 0.0367616 0.0702735 0.0729283 0.0644539 0.0739140 0.1228865 0.0634752 0.0720075 0.0791964 0.0000000 0.0657496 0.1349257 0.0729628 0.0561832 0.0581664 0.0433148 0.0709582 0.0737182 0.0060224 0.0568957 0.0498897 0.0780855 0.0820407 0.0718486 0.0563928 0.0443884 0.1310835 0.0565406 0.0811581 0.1099129 0.1489458 0.1714574 0.0739166 0.0647587 0.0960388 0.0563776 0.0726151 0.1829329 0.0731506 0.0854095 0.0499563 0.0949919 0.0717264 0.0742873 0.0707702 0.0801123 0.1088159 0.0807280 0.0593113 0.0719171 0.0574077 0.0366358 0.0651499 0.0779443 0.0869521 0.0779480 0.0432236 0.0443884 0.0786164 0.0655372 0.0518046 0.0523779 0.0561832 0.0651693 0.0640879 0.0636957 0.0862686 0.1109550 0.0438917 0.0432236 0.1057351 0.0499763 0.0516804 0.0667592 0.0500647 
S0724sl       0.1993444 0.0664082 0.0374843 0.0871072 0.0000022 0.0507419 0.0807815 0.0968461 0.0059054 0.0530238 0.0721278 0.0246426 0.0813714 0.0728943 0.0663634 0.0374843 0.0792579 0.0059950 0.0507722 0.0755469 0.0671032 0.0647926 0.0735577 0.0653515 0.0657496 0.0000000 0.1381226 0.0745527 0.0735088 0.0593925 0.0441798 0.0724617 0.0447162 0.0612245 0.0341727 0.0508982 0.0640895 0.0452346 0.0578980 0.0575430 0.0593312 0.1342735 0.0576969 0.0459301 0.0616868 0.1621279 0.1720188 0.0381352 0.0512996 0.0626726 0.0737890 0.0585078 0.1716176 0.0747513 0.0724938 0.0444962 0.0647923 0.0059054 0.0060973 0.0722658 0.0587352 0.0955756 0.0662404 0.0605876 0.0734622 0.0586003 0.0643915 0.0665398 0.0574914 0.0724678 0.0796174 0.0440845 0.0593312 0.0803152 0.0669439 0.0599580 0.0456564 0.0735088 0.0665592 0.0582840 0.0650229 0.0732231 0.0723486 0.0447798 0.0440845 0.0740997 0.0509883 0.0450489 0.0676876 0.0510807 
S0735         0.2742431 0.1561202 0.1156719 0.1517758 0.1237794 0.1351036 0.1273094 0.1712552 0.1268484 0.1396550 0.1537325 0.1470704 0.1410392 0.1528150 0.1191143 0.1156719 0.1208807 0.1185598 0.1352516 0.1493696 0.1378958 0.1414756 0.1544472 0.1362824 0.1349257 0.1381226 0.0000000 0.1382131 0.1541667 0.1015042 0.1242182 0.1342207 0.1491332 0.1295709 0.1015647 0.1326067 0.1416599 0.1381293 0.1347055 0.1144110 0.1091424 0.0332397 0.1075471 0.1488233 0.1784819 0.0127735 0.0334808 0.1481363 0.1358428 0.1349149 0.1432325 0.1375279 0.0336749 0.1288426 0.1606315 0.0997473 0.1346698 0.1268484 0.1229088 0.1513411 0.1551284 0.1434368 0.1575121 0.1212309 0.1541969 0.1349264 0.1235001 0.1421059 0.1618692 0.1641383 0.1513411 0.1239124 0.1091424 0.1350500 0.1334795 0.1384615 0.0935454 0.1541667 0.1365943 0.1518628 0.1250477 0.1269744 0.1664936 0.1092791 0.1239124 0.1555076 0.0997972 0.0856983 0.1170902 0.1332114 
S0742         0.2033983 0.0581961 0.0310085 0.0640982 0.0765579 0.0440636 0.0579402 0.0726854 0.0660593 0.0699913 0.0787146 0.0820587 0.0811001 0.0507294 0.0367267 0.0310085 0.0415274 0.0520210 0.0449282 0.0373403 0.1093137 0.0508292 0.0511660 0.0443884 0.0729628 0.0745527 0.1382131 0.0000000 0.0511500 0.0386130 0.0375864 0.0504418 0.0829322 0.0686579 0.0586592 0.0577790 0.0583336 0.0680133 0.0661772 0.0507565 0.0665212 0.1216612 0.0508919 0.0754169 0.0948150 0.1391608 0.1709424 0.0601579 0.0590432 0.0971954 0.0594970 0.0380129 0.1721495 0.0519670 0.0783307 0.0442587 0.1050935 0.0660593 0.0684511 0.0503081 0.0912881 0.0863608 0.0591398 0.0455036 0.0511054 0.0507087 0.0439294 0.0379582 0.0645341 0.0514188 0.0571402 0.0375060 0.0665212 0.0576217 0.0894453 0.0450429 0.0394719 0.0511500 0.0432574 0.0438499 0.0306242 0.0648360 0.0972587 0.0380955 0.0508459 0.1164177 0.0442765 0.0458046 0.0539495 0.0579910 
S0756         0.1892794 0.0307641 0.0305976 0.0240226 0.0754602 0.0568299 0.0117806 0.0439980 0.0795153 0.0920649 0.0920989 0.0807974 0.0799754 0.0118790 0.0438550 0.0305976 0.0707983 0.0808694 0.0579541 0.0583929 0.1323628 0.0241958 0.0119724 0.0572503 0.0561832 0.0735088 0.1541667 0.0511500 0.0000000 0.0516526 0.0370854 0.0118160 0.0970441 0.0448034 0.0815203 0.0570036 0.0715229 0.0903702 0.0796452 0.0636402 0.0656019 0.1287075 0.0638086 0.0742491 0.0932795 0.1552036 0.1878792 0.0819696 0.0581563 0.1228373 0.0500587 0.0646959 0.1892118 0.0121513 0.0497281 0.0570800 0.1194350 0.0795153 0.0823987 0.0117858 0.1037428 0.0999426 0.0724992 0.0060765 0.0119602 0.0304171 0.0704909 0.0439631 0.0700341 0.0644655 0.0302362 0.0370071 0.0656019 0.0179890 0.0881903 0.0580860 0.0524432 0.0000010 0.0308225 0.0178989 0.0302228 0.0638773 0.1114781 0.0509492 0.0501658 0.1147255 0.0436277 0.0590835 0.0598920 0.0572089 
S0758         0.1749153 0.0587846 0.0181255 0.0578605 0.0537260 0.0444822 0.0514856 0.0734608 0.0514720 0.0618485 0.0514423 0.0665981 0.0585112 0.0444595 0.0449382 0.0181255 0.0412570 0.0523244 0.0246628 0.0321345 0.0919086 0.0438484 0.0516693 0.0380315 0.0581664 0.0593925 0.1015042 0.0386130 0.0516526 0.0000000 0.0244120 0.0509298 0.0590901 0.0534602 0.0421224 0.0372716 0.0059704 0.0674657 0.0248913 0.0119431 0.0518335 0.1054440 0.0371925 0.0595757 0.0868151 0.1137323 0.1438073 0.0596720 0.0447293 0.0894773 0.0518358 0.0521169 0.1448072 0.0454468 0.0720529 0.0308010 0.0664144 0.0514720 0.0532918 0.0507941 0.0751262 0.0797965 0.0597485 0.0455988 0.0516073 0.0512023 0.0435831 0.0449921 0.0651939 0.0443630 0.0441281 0.0243611 0.0518335 0.0577577 0.0737166 0.0454821 0.0320106 0.0516526 0.0517928 0.0442639 0.0308973 0.0583695 0.0813617 0.0181255 0.0371591 0.0911385 0.0244120 0.0187790 0.0464130 0.0439443 
S0760         0.1997898 0.0437433 0.0057957 0.0495882 0.0452924 0.0433132 0.0435608 0.0438877 0.0501018 0.0528643 0.0707702 0.0647653 0.0573629 0.0367850 0.0437453 0.0057957 0.0472513 0.0509089 0.0304426 0.0380505 0.0970512 0.0300144 0.0370890 0.0436269 0.0433148 0.0441798 0.1242182 0.0375864 0.0370854 0.0244120 0.0000000 0.0365833 0.0654096 0.0383294 0.0487068 0.0299767 0.0430397 0.0590275 0.0501977 0.0361448 0.0372101 0.1201775 0.0362386 0.0584266 0.0842277 0.1374576 0.1687865 0.0515935 0.0435477 0.0864695 0.0372074 0.0507135 0.1699644 0.0376539 0.0631220 0.0300165 0.0862244 0.0501018 0.0518244 0.0364880 0.0802214 0.0848862 0.0581087 0.0313911 0.0370476 0.0367710 0.0424600 0.0307641 0.0634357 0.0505326 0.0429779 0.0116815 0.0372101 0.0433292 0.0576674 0.0442607 0.0314149 0.0370854 0.0438168 0.0302862 0.0301070 0.0637278 0.0865144 0.0241063 0.0237478 0.0810991 0.0300276 0.0310092 0.0521108 0.0300746 
S0763         0.1971037 0.0303476 0.0301855 0.0116597 0.0743579 0.0560549 0.0058494 0.0433949 0.0783956 0.0906953 0.0908226 0.0796439 0.0788445 0.0117216 0.0432563 0.0301855 0.0697290 0.0797125 0.0571488 0.0575756 0.1303754 0.0238716 0.0118126 0.0564640 0.0709582 0.0724617 0.1342207 0.0504418 0.0118160 0.0509298 0.0365833 0.0000000 0.0956329 0.0595991 0.0802398 0.0562240 0.0705285 0.0890478 0.0785231 0.0627698 0.0646796 0.1098449 0.0629338 0.0731825 0.0763895 0.1351213 0.1658182 0.0807841 0.0573462 0.1121154 0.0646887 0.0637979 0.1669552 0.0059357 0.0490571 0.0562985 0.1021162 0.0783956 0.0811995 0.0116309 0.1117795 0.0985465 0.0714795 0.0000024 0.0118006 0.0300098 0.0695247 0.0433615 0.0766024 0.0635735 0.0298336 0.0365071 0.0646796 0.0058203 0.0869278 0.0572785 0.0516986 0.0118160 0.0304041 0.0176621 0.0298200 0.0630003 0.1098639 0.0502460 0.0494833 0.1130206 0.0430349 0.0512665 0.0667473 0.0564236 
S0771         0.2223124 0.0982520 0.0582653 0.1111838 0.0458557 0.0581610 0.1047636 0.1220781 0.0373951 0.0682829 0.0801904 0.0585711 0.1055129 0.0962250 0.0745261 0.0582653 0.0720506 0.0379945 0.0433153 0.0746073 0.0906041 0.0873099 0.0971408 0.0732671 0.0737182 0.0447162 0.1491332 0.0829322 0.0970441 0.0590901 0.0654096 0.0956329 0.0000000 0.0693878 0.0411584 0.0655169 0.0633394 0.0664859 0.0655496 0.0651464 0.0820548 0.1455183 0.0653227 0.0535048 0.0776769 0.1644618 0.1745145 0.0588265 0.0588044 0.0961015 0.0974400 0.0662519 0.1757731 0.0987596 0.1113936 0.0518139 0.0874018 0.0373951 0.0386760 0.0953709 0.0813335 0.1206074 0.0665684 0.0838786 0.0970070 0.0810283 0.0721749 0.0897458 0.0650877 0.0640074 0.1032040 0.0652637 0.0820548 0.1041351 0.1061839 0.0754630 0.0531908 0.0970441 0.0897548 0.0882055 0.0728971 0.0968186 0.0804385 0.0372898 0.0583613 0.1058747 0.0584478 0.0524717 0.0759410 0.0728115 
S0795         0.2119268 0.0611485 0.0316152 0.0741065 0.0628830 0.0528886 0.0594321 0.0756304 0.0674475 0.0955717 0.0749911 0.0685657 0.0755577 0.0599557 0.0605696 0.0316152 0.0656005 0.0686174 0.0599745 0.0695850 0.1201175 0.0520547 0.0605009 0.0751270 0.0060224 0.0612245 0.1295709 0.0686579 0.0448034 0.0534602 0.0383294 0.0595991 0.0693878 0.0000000 0.0516480 0.0382457 0.0740350 0.0779290 0.0675701 0.0517766 0.0393129 0.1255101 0.0519174 0.0770629 0.1065949 0.1436103 0.1663285 0.0695862 0.0602727 0.0921270 0.0517572 0.0683166 0.1779315 0.0614935 0.0815781 0.0451438 0.0913801 0.0674475 0.0699432 0.0524510 0.0760214 0.0972001 0.0691532 0.0473732 0.0604249 0.0457701 0.0448605 0.0606481 0.0666847 0.0756268 0.0739022 0.0382457 0.0393129 0.0672902 0.0610217 0.0613315 0.0396607 0.0448034 0.0606691 0.0596250 0.0522852 0.0824265 0.1078528 0.0388591 0.0382457 0.1023818 0.0451623 0.0467536 0.0609389 0.0452432 
S0888         0.1868195 0.0810521 0.0412828 0.0884922 0.0345932 0.0484495 0.0896596 0.0813737 0.0266218 0.0347874 0.0798626 0.0270721 0.0821872 0.0802795 0.0655616 0.0412828 0.0622236 0.0200125 0.0268678 0.0589980 0.0497591 0.0716222 0.0815892 0.0567699 0.0568957 0.0341727 0.1015647 0.0586592 0.0815203 0.0421224 0.0487068 0.0802398 0.0411584 0.0516480 0.0000000 0.0636764 0.0336569 0.0344318 0.0487796 0.0484495 0.0420028 0.1155142 0.0560247 0.0586427 0.0595697 0.1147725 0.1146985 0.0344318 0.0490336 0.0068777 0.0564663 0.0494273 0.1252683 0.0830555 0.0968221 0.0343155 0.0486243 0.0266218 0.0275991 0.0800014 0.0000026 0.0980122 0.0653319 0.0748608 0.0814714 0.0725914 0.0559058 0.0485961 0.0711680 0.0558062 0.0802398 0.0485910 0.0420028 0.0890848 0.0494422 0.0498142 0.0351336 0.0815203 0.0818088 0.0724054 0.0564549 0.0894065 0.0787387 0.0340328 0.0559695 0.0646846 0.0487068 0.0421894 0.0507931 0.0639355 
S0906         0.1981038 0.0576549 0.0237478 0.0698576 0.0521890 0.0498926 0.0637779 0.0785499 0.0568119 0.0821790 0.0778109 0.0718090 0.0642376 0.0565420 0.0640462 0.0237478 0.0617202 0.0577343 0.0433365 0.0585109 0.1048212 0.0491929 0.0570260 0.0638804 0.0498897 0.0508982 0.1326067 0.0577790 0.0570036 0.0372716 0.0299767 0.0562240 0.0655169 0.0382457 0.0636764 0.0000000 0.0630062 0.0661184 0.0569164 0.0424971 0.0437557 0.1287638 0.0426065 0.0654365 0.0920062 0.1463010 0.1783114 0.0585091 0.0501612 0.0945007 0.0572038 0.0575056 0.1795663 0.0579087 0.0699781 0.0363000 0.0935949 0.0568119 0.0587788 0.0560777 0.0876192 0.0921422 0.0581087 0.0446261 0.0569583 0.0432375 0.0489015 0.0504514 0.0703299 0.0712113 0.0629048 0.0299156 0.0437557 0.0634297 0.0645866 0.0509879 0.0380043 0.0570036 0.0504722 0.0496517 0.0493549 0.0706564 0.0939153 0.0303685 0.0176376 0.0885790 0.0363137 0.0375112 0.0591098 0.0363727 
S0956         0.2034498 0.0789485 0.0365251 0.0705285 0.0586709 0.0494284 0.0785864 0.0941575 0.0562799 0.0666523 0.0702135 0.0711223 0.0859381 0.0639773 0.0646628 0.0365251 0.0700111 0.0571853 0.0236278 0.0445648 0.1037789 0.0630878 0.0715664 0.0644937 0.0780855 0.0640895 0.1416599 0.0583336 0.0715229 0.0059704 0.0430397 0.0705285 0.0633394 0.0740350 0.0336569 0.0630062 0.0000000 0.0720256 0.0302707 0.0300854 0.0717732 0.1380108 0.0561912 0.0737735 0.0910686 0.1559428 0.1654415 0.0643829 0.0643572 0.0937836 0.0717872 0.0569612 0.1665761 0.0726974 0.0849070 0.0433405 0.0781358 0.0562799 0.0582100 0.0703425 0.0721640 0.1082006 0.0644608 0.0661395 0.0714771 0.0709077 0.0627070 0.0647440 0.0696699 0.0489780 0.0634991 0.0429492 0.0717732 0.0781449 0.0944629 0.0654433 0.0444410 0.0715229 0.0790365 0.0636937 0.0498056 0.0857572 0.1008343 0.0362918 0.0561418 0.1111542 0.0496625 0.0373321 0.0658302 0.0632342 
S0959         0.2443623 0.0914990 0.0519300 0.1045254 0.0463999 0.0583124 0.0980541 0.1152216 0.0441159 0.0600315 0.0955573 0.0586739 0.0987679 0.0896002 0.0898795 0.0519300 0.0729452 0.0381171 0.0583498 0.0843035 0.0832436 0.0808151 0.0904528 0.0734680 0.0820407 0.0452346 0.1381293 0.0680133 0.0903702 0.0674657 0.0590275 0.0890478 0.0664859 0.0779290 0.0344318 0.0661184 0.0720256 0.0000000 0.0657243 0.0653190 0.0754315 0.1342822 0.0654964 0.0683245 0.0678448 0.1526433 0.1623659 0.0178653 0.0589592 0.0715032 0.0832090 0.0521683 0.1635094 0.0919674 0.1047231 0.0519473 0.0801273 0.0441159 0.0456438 0.0888018 0.0668585 0.1209792 0.0744880 0.0771066 0.0903287 0.0744806 0.0581302 0.0756544 0.0797697 0.0808008 0.0965903 0.0588954 0.0754315 0.0819964 0.0748674 0.0588872 0.0462772 0.0903702 0.0830895 0.0816454 0.0730960 0.0971027 0.0958549 0.0522842 0.0588954 0.0722242 0.0586006 0.0526088 0.0686482 0.0593473 
S0960         0.2157114 0.0805966 0.0434867 0.0931475 0.0523550 0.0434118 0.0869044 0.1029947 0.0502132 0.0748800 0.0503545 0.0649029 0.0796248 0.0718342 0.0726146 0.0434867 0.0708339 0.0510235 0.0434354 0.0598090 0.0972362 0.0708148 0.0797034 0.0581849 0.0718486 0.0578980 0.1347055 0.0661772 0.0796452 0.0248913 0.0501977 0.0785231 0.0655496 0.0675701 0.0487796 0.0569164 0.0302707 0.0657243 0.0000000 0.0118673 0.0654980 0.1308559 0.0501348 0.0673367 0.0844028 0.1487239 0.1581762 0.0581640 0.0444115 0.0869063 0.0654201 0.0374452 0.1592629 0.0809829 0.0933158 0.0372926 0.0577724 0.0502132 0.0519425 0.0783136 0.0803836 0.0866241 0.0582356 0.0668791 0.0796009 0.0647019 0.0566445 0.0727092 0.0635688 0.0643648 0.0856630 0.0500902 0.0654980 0.0864064 0.0880439 0.0591283 0.0382427 0.0796452 0.0727258 0.0715091 0.0571861 0.0723670 0.0795106 0.0375253 0.0500902 0.1045931 0.0436187 0.0312316 0.0594743 0.0571210 
S0964         0.1988973 0.0643712 0.0298283 0.0765693 0.0520248 0.0431472 0.0704936 0.0855087 0.0499079 0.0744116 0.0432873 0.0645075 0.0636241 0.0563710 0.0569650 0.0298283 0.0541765 0.0507088 0.0431702 0.0445776 0.0966430 0.0556050 0.0636714 0.0434026 0.0563928 0.0575430 0.1144110 0.0507565 0.0636402 0.0119431 0.0361448 0.0627698 0.0651464 0.0517766 0.0484495 0.0424971 0.0300854 0.0653190 0.0118673 0.0000000 0.0502487 0.1101878 0.0361020 0.0581926 0.0838675 0.1269871 0.1571953 0.0578061 0.0304392 0.0863404 0.0501852 0.0372124 0.1582693 0.0646587 0.0767021 0.0299045 0.0574190 0.0499079 0.0516171 0.0626066 0.0798937 0.0702627 0.0578772 0.0512565 0.0635946 0.0496543 0.0422997 0.0570340 0.0631881 0.0639754 0.0695247 0.0360705 0.0502487 0.0701066 0.0713884 0.0440867 0.0312924 0.0636402 0.0570543 0.0561269 0.0426876 0.0567719 0.0715935 0.0240159 0.0360705 0.0958637 0.0299156 0.0245366 0.0519012 0.0426404 
S1083         0.1913371 0.0663784 0.0306999 0.0789253 0.0535736 0.0581187 0.0726779 0.0581198 0.0653810 0.0768419 0.0873459 0.0664331 0.0732088 0.0650584 0.0729900 0.0306999 0.0712269 0.0664801 0.0581560 0.0673921 0.0998332 0.0572738 0.0656372 0.0728003 0.0443884 0.0593312 0.1091424 0.0665212 0.0656019 0.0518335 0.0372101 0.0646796 0.0820548 0.0393129 0.0420028 0.0437557 0.0717732 0.0754315 0.0654980 0.0502487 0.0000000 0.1419075 0.0503815 0.0746207 0.1029569 0.1216796 0.1424772 0.0673926 0.0584376 0.0562339 0.0592682 0.0661986 0.1412278 0.0666854 0.0790663 0.0307807 0.0884801 0.0653810 0.0677247 0.0645067 0.0823461 0.1023360 0.0742165 0.0528567 0.0655554 0.0511555 0.0569244 0.0587898 0.0794795 0.0805031 0.0716494 0.0371306 0.0000010 0.0722668 0.0304087 0.0594331 0.0459454 0.0656019 0.0588106 0.0578273 0.0574714 0.0798625 0.1043632 0.0377098 0.0371306 0.0821560 0.0438322 0.0453296 0.0681232 0.0439081 
S1100         0.2829608 0.1303170 0.1114418 0.1267140 0.1288600 0.1189136 0.1029326 0.1663054 0.1227917 0.1536106 0.1449854 0.1343223 0.1460985 0.1275674 0.1031956 0.1114418 0.1256396 0.1142950 0.1314004 0.1226250 0.1717298 0.1202402 0.1289004 0.1373819 0.1310835 0.1342735 0.0332397 0.1216612 0.1287075 0.1054440 0.1201775 0.1098449 0.1455183 0.1255101 0.1155142 0.1287638 0.1380108 0.1342822 0.1308559 0.1101878 0.1419075 0.0000000 0.1031346 0.1455206 0.1518364 0.0332631 0.0558788 0.1445155 0.1231817 0.1632899 0.1473884 0.1210493 0.0562161 0.1041573 0.1352383 0.1117698 0.1489066 0.1227917 0.1186163 0.1263480 0.1517203 0.1359598 0.1394784 0.0966655 0.1286999 0.1104103 0.1025261 0.1259158 0.1450409 0.1470806 0.1437310 0.1198734 0.1419075 0.1105142 0.1500155 0.1218752 0.0971589 0.1287075 0.1117845 0.1267829 0.1092574 0.1194468 0.1601753 0.1048458 0.1198734 0.1944913 0.1118292 0.0971590 0.1212855 0.1293651 
S1102         0.1994469 0.0645433 0.0299045 0.0767700 0.0591694 0.0432600 0.0706800 0.0857378 0.0500391 0.0599322 0.0706773 0.0646803 0.0711849 0.0632925 0.0571158 0.0299045 0.0543304 0.0508441 0.0432832 0.0515301 0.0969110 0.0557489 0.0638400 0.0569659 0.0565406 0.0576969 0.1075471 0.0508919 0.0638086 0.0371925 0.0362386 0.0629338 0.0653227 0.0519174 0.0560247 0.0426065 0.0561912 0.0654964 0.0501348 0.0361020 0.0503815 0.1031346 0.0000000 0.0583503 0.0841064 0.1198520 0.1497408 0.0579614 0.0434937 0.0865100 0.0640369 0.0506493 0.1507649 0.0648324 0.0769034 0.0299811 0.0861061 0.0500391 0.0449203 0.0627698 0.0801108 0.0704483 0.0580333 0.0513947 0.0637628 0.0497842 0.0424089 0.0571852 0.0633542 0.0641455 0.0697064 0.0361629 0.0503815 0.0702912 0.0715796 0.0442050 0.0313763 0.0638086 0.0572055 0.0562735 0.0427980 0.0500103 0.0792436 0.0240781 0.0361629 0.0808752 0.0299922 0.0309715 0.0520428 0.0427506 
