111
SRR6441723  0.0000000 0.0523932 0.1038605 0.1163757 0.0719949 0.1499763 0.1236254 0.1063893 0.1295217 0.0646940 0.1017412 0.1213561 0.1603012 0.1341496 0.1326223 0.1350061 0.1326965 0.1305274 0.0691338 0.0739696 0.1056162 0.1070154 0.0996993 0.1504519 0.1227306 0.1189795 0.0756088 0.1175780 0.1065405 0.1349980 0.1361191 0.0764929 0.1043982 0.1011825 0.1475805 0.1538904 0.1121259 0.1277243 0.1367476 0.1294860 0.1518221 0.1114313 0.1125803 0.0895923 0.1375260 0.1178665 0.1376473 0.1110112 0.0847223 0.0994042 0.0662763 0.1060638 0.0713716 0.0761785 0.0788664 0.0942755 0.1344465 0.1207039 0.1252047 0.1400430 0.0742122 0.1188635 0.0932855 0.0848305 0.0921503 0.0886721 0.1345544 0.1013636 0.0992665 0.1192195 0.0970582 0.0995510 0.0731349 0.0865927 0.0774491 0.1198444 0.0929338 0.1047823 0.1241182 0.1143604 0.0981170 0.1247355 0.1170596 0.1173134 0.1382682 0.1445254 0.1391666 0.1080230 0.1401801 0.1317293 0.0996229 0.1190162 0.0642367 0.0686523 0.1160421 0.0906067 0.0983913 0.1084481 0.1153372 0.1371130 0.0714357 0.0765212 0.1561783 0.1186333 0.0763606 0.1626608 0.1015150 0.1409827 0.0889408 0.0884329 0.1002191 
ERR4210213  0.0523932 0.0000000 0.1057038 0.1103466 0.0000010 0.1392246 0.1105340 0.1074836 0.1398507 0.0824636 0.1195367 0.1306730 0.1862441 0.1846134 0.1959844 0.1377076 0.1792764 0.1314830 0.0291653 0.0339010 0.1166963 0.1074836 0.1035157 0.1501763 0.1330580 0.1095269 0.0929543 0.1266161 0.0942037 0.1733130 0.1792819 0.1178122 0.1315499 0.1355518 0.1711343 0.1549813 0.1078913 0.1190986 0.1309515 0.1509464 0.1745645 0.1230991 0.1089823 0.1041676 0.1862024 0.1320139 0.1948037 0.1117298 0.0837879 0.1000248 0.0869404 0.1074087 0.0929709 0.0933241 0.0898970 0.0987578 0.1573428 0.1448586 0.1468550 0.1575516 0.1057285 0.1291618 0.0897520 0.0888913 0.0700811 0.0864239 0.1881105 0.1673935 0.1029657 0.1337345 0.0925419 0.0929763 0.0876676 0.0849535 0.0715372 0.1337345 0.1205259 0.1123129 0.1394714 0.1757445 0.1074627 0.1253203 0.1523564 0.1475844 0.1711343 0.1769440 0.1431669 0.1434103 0.1711343 0.1720126 0.1216732 0.1604203 0.0381817 0.0730676 0.1352119 0.0976883 0.1040671 0.1220903 0.1135270 0.1552002 0.0786709 0.1025069 0.1665628 0.1460925 0.0929709 0.1426216 0.1609082 0.1593405 0.0909862 0.1153393 0.1218046 
ERR2789774  0.1038605 0.1057038 0.0000000 0.0726395 0.0947247 0.1656715 0.1408145 0.0675612 0.1431399 0.1095797 0.0638795 0.0926725 0.1865711 0.1597044 0.1650279 0.1620061 0.1583348 0.1552930 0.1254734 0.1266521 0.1089476 0.0701852 0.0654512 0.1650125 0.0986823 0.1434302 0.0997186 0.1243321 0.1586790 0.1577701 0.1631489 0.1230118 0.1029112 0.1515146 0.1732570 0.1635087 0.0760925 0.0903231 0.1628603 0.1461234 0.1781664 0.0820855 0.0716015 0.1029647 0.1604789 0.0956616 0.1636577 0.1161146 0.0429006 0.1379541 0.0944714 0.0718595 0.0950580 0.0921681 0.1260807 0.1133392 0.1524647 0.1259355 0.1585849 0.1292329 0.1027752 0.1447872 0.1416673 0.1170889 0.1446752 0.1235114 0.0909053 0.1150623 0.1140729 0.1300001 0.1312709 0.1398614 0.0922262 0.1452744 0.1275730 0.1335332 0.0961083 0.1372096 0.0840188 0.1129296 0.1040028 0.1543671 0.1483601 0.1527050 0.1588334 0.1533553 0.1604840 0.1308971 0.1629158 0.1557197 0.0635885 0.1246318 0.1091796 0.1090017 0.0829617 0.0568115 0.0764745 0.1542631 0.0797468 0.1575056 0.1228427 0.1112940 0.1654741 0.0967932 0.0936140 0.1648371 0.1152433 0.1662376 0.0497556 0.1075246 0.0829437 
S0055       0.1163757 0.1103466 0.0726395 0.0000000 0.0759869 0.1439690 0.1312343 0.0627669 0.1211671 0.1001761 0.0592156 0.0802459 0.1680734 0.1404586 0.1340266 0.1316176 0.1442255 0.1224405 0.1065999 0.1038642 0.0896058 0.0609025 0.0586659 0.1365260 0.0683714 0.1140906 0.0841829 0.0910128 0.1120921 0.1385804 0.1340646 0.1144429 0.0903668 0.1504384 0.1601673 0.1488240 0.0757137 0.0820666 0.1424386 0.1214156 0.1450186 0.0675189 0.0683170 0.0940395 0.1411075 0.0778218 0.1440191 0.1008942 0.0378728 0.1203408 0.0814381 0.0605894 0.0819167 0.0824925 0.1147983 0.1104582 0.1293633 0.1132157 0.1265830 0.1021603 0.1057399 0.1227442 0.1261118 0.1118147 0.1351431 0.1148506 0.0979611 0.1120913 0.1059277 0.1128409 0.1159934 0.1186154 0.0793380 0.1319268 0.1142054 0.1187745 0.0719891 0.1122887 0.0738434 0.0932189 0.0965433 0.1236894 0.1201786 0.1289731 0.1394651 0.1253916 0.1319102 0.1285812 0.1413640 0.1417501 0.0585668 0.1115353 0.0959559 0.0899973 0.0749496 0.0547610 0.0426439 0.1401747 0.0764266 0.1342301 0.0997932 0.0870035 0.1369473 0.0859766 0.0871192 0.1571252 0.1149283 0.1395468 0.0453587 0.0949099 0.0690449 
S0196sl     0.0719949 0.0000010 0.0947247 0.0759869 0.0000000 0.0849021 0.1189503 0.0790012 0.0591638 0.0588163 0.0677183 0.0748251 0.0937514 0.0902593 0.0811426 0.0807609 0.1002175 0.0704213 0.0673689 0.0998846 0.0674192 0.0838430 0.0741925 0.0887943 0.0935816 0.0599064 0.0204579 0.0631445 0.0803309 0.0858298 0.0684827 0.0680966 0.0931640 0.1017496 0.1361249 0.0850267 0.0930110 0.1127046 0.0966590 0.0817964 0.0907581 0.0740679 0.0919099 0.0470867 0.0951116 0.0684729 0.0902593 0.0861713 0.0622686 0.1044831 0.0099967 0.0787391 0.0135107 0.0136382 0.0762575 0.0760370 0.0915791 0.0898287 0.0912676 0.0819383 0.0583827 0.1021164 0.1000644 0.0756835 0.1500118 0.0989403 0.0863052 0.0506628 0.0803683 0.0947661 0.0908601 0.0956965 0.0099956 0.1107371 0.0715156 0.0957167 0.0591609 0.0761818 0.0746765 0.0749392 0.0709145 0.0713155 0.0725507 0.0818585 0.1060829 0.0856014 0.0812245 0.0836884 0.0955113 0.0864766 0.0659704 0.0766615 0.0810676 0.0634086 0.0889269 0.0624510 0.0652635 0.1201074 0.0866606 0.0962973 0.0582351 0.0546535 0.0820860 0.0841241 0.0172522 0.0804142 0.0547606 0.1083591 0.0703774 0.0608115 0.0625565 
S0278       0.1499763 0.1392246 0.1656715 0.1439690 0.0849021 0.0000000 0.1572648 0.1386947 0.0546034 0.1308437 0.1325160 0.1578345 0.0648315 0.1746599 0.1635793 0.0565330 0.1824009 0.0637124 0.1273173 0.1428546 0.1369860 0.1365981 0.1307705 0.0673173 0.1498657 0.0506089 0.1151903 0.1408148 0.0467249 0.1627584 0.0702794 0.1501414 0.1536750 0.1599251 0.1973064 0.0419862 0.1387199 0.1692142 0.0547429 0.0851854 0.1093682 0.1285743 0.1354089 0.1192610 0.1756695 0.1582725 0.1788019 0.1350216 0.1163354 0.1569480 0.1064891 0.1358044 0.1153264 0.1135434 0.1553469 0.1207863 0.0910601 0.1573544 0.0926556 0.0894990 0.1321553 0.1513747 0.1634340 0.1415724 0.1696189 0.1529969 0.1668676 0.1513313 0.1338291 0.1664679 0.1446982 0.1536596 0.1075100 0.1638742 0.1268529 0.1646995 0.1465481 0.1428667 0.1529405 0.1580348 0.1370938 0.0521526 0.0855519 0.0907185 0.1767102 0.0969831 0.0582606 0.1543255 0.1758643 0.1662921 0.1364804 0.1557662 0.1172307 0.1379768 0.1499834 0.1234283 0.1605150 0.1627564 0.1484122 0.0961260 0.1203067 0.1175906 0.0613152 0.1611761 0.1164906 0.0769955 0.1515818 0.1149852 0.1126297 0.1369830 0.1192557 
S0281       0.1236254 0.1105340 0.1408145 0.1312343 0.1189503 0.1572648 0.0000000 0.1333609 0.1391170 0.1080624 0.1316668 0.1384366 0.1604934 0.1498264 0.1456756 0.1433857 0.1600393 0.1466577 0.1186338 0.1184007 0.1234101 0.1178057 0.1185411 0.1620942 0.1509245 0.1389382 0.0955268 0.1253407 0.1478224 0.1505641 0.1601791 0.1188510 0.1576168 0.1411058 0.1674992 0.1532647 0.1365857 0.1610665 0.1518095 0.1433258 0.1718503 0.1178924 0.1186135 0.0749274 0.1563608 0.1473568 0.1565386 0.1245706 0.1142842 0.1181125 0.1006228 0.1357536 0.0978616 0.1007948 0.1260165 0.0898122 0.1522235 0.1407795 0.1425250 0.1491285 0.1125388 0.1341257 0.1200485 0.1149803 0.1263368 0.1228798 0.1525251 0.0916616 0.1191807 0.1445147 0.1201160 0.1221363 0.0971543 0.1207786 0.1231754 0.1425829 0.1295035 0.1253217 0.1478121 0.1646843 0.1026306 0.1386733 0.1363332 0.1371283 0.1541883 0.1647757 0.1448168 0.1390708 0.1481075 0.1598160 0.1284324 0.1383677 0.1202405 0.0928514 0.1447356 0.1182369 0.1360649 0.1321915 0.1378835 0.1545686 0.1133276 0.1096586 0.1754628 0.1599488 0.1085047 0.1778527 0.0942031 0.1577538 0.1252776 0.0891185 0.1269260 
S0282       0.1063893 0.1074836 0.0675612 0.0627669 0.0790012 0.1386947 0.1333609 0.0000000 0.1180813 0.0976511 0.0136284 0.0489297 0.1651182 0.1387911 0.1421131 0.1319788 0.1403057 0.1301056 0.0971636 0.1080655 0.0839910 0.0152747 0.0190597 0.1331836 0.0814164 0.1229337 0.0852666 0.0950922 0.1205345 0.1396527 0.1340674 0.1149400 0.0818140 0.1353499 0.1528102 0.1462955 0.0592577 0.0382450 0.1399978 0.1124818 0.1419802 0.0740875 0.0116085 0.0910317 0.1421571 0.0824729 0.1422875 0.1041132 0.0380462 0.1233774 0.0833624 0.0188447 0.0809834 0.0859048 0.1228176 0.1027450 0.1140856 0.1184013 0.1251025 0.1003726 0.0982748 0.1285231 0.1293371 0.1196705 0.1405905 0.1204591 0.0541624 0.0966301 0.0878336 0.1259074 0.1183494 0.1309735 0.0784420 0.1352389 0.1083584 0.1292968 0.0680468 0.1221895 0.0298339 0.0970133 0.1080535 0.1206422 0.1164727 0.1200341 0.1339815 0.1178960 0.1492494 0.1170276 0.1396733 0.1349665 0.0153785 0.1171007 0.0961634 0.0942500 0.0321076 0.0084582 0.0691134 0.1414007 0.0666391 0.1156628 0.0951645 0.0898447 0.1354725 0.0808339 0.0817395 0.1506159 0.0967705 0.1457074 0.0155177 0.0955504 0.0558409 
S0289       0.1295217 0.1398507 0.1431399 0.1211671 0.0591638 0.0546034 0.1391170 0.1180813 0.0000000 0.1122537 0.1121038 0.1429911 0.0676921 0.1471297 0.1419011 0.0566629 0.1541194 0.0637331 0.1130600 0.1332983 0.1059612 0.1160540 0.1105132 0.0534186 0.1445610 0.0484874 0.0899499 0.1119975 0.0504647 0.1428076 0.0635204 0.1324245 0.1377293 0.1469197 0.1718746 0.0571253 0.1305392 0.1490600 0.0439410 0.0688733 0.0905918 0.1017329 0.1204993 0.0990425 0.1472260 0.1397199 0.1508166 0.1093351 0.0979354 0.1395233 0.0856453 0.1154068 0.0900610 0.0907102 0.1384976 0.1064360 0.0734769 0.1387814 0.0760674 0.0721493 0.1260594 0.1382159 0.1456350 0.1300941 0.1563351 0.1379298 0.1531201 0.1220440 0.1215560 0.1452972 0.1308545 0.1335630 0.0829056 0.1543328 0.1221056 0.1460899 0.1234585 0.1136576 0.1312583 0.1330012 0.1149308 0.0432657 0.0692688 0.0741715 0.1541243 0.0771657 0.0571892 0.1459002 0.1480955 0.1432276 0.1159495 0.1371205 0.1149845 0.1237955 0.1282284 0.1066926 0.1277932 0.1469081 0.1300644 0.0710165 0.1035922 0.1041570 0.0302775 0.1318530 0.0955243 0.0668802 0.1222338 0.0957269 0.0957619 0.1132030 0.1016188 
S0292       0.0646940 0.0824636 0.1095797 0.1001761 0.0588163 0.1308437 0.1080624 0.0976511 0.1122537 0.0000000 0.0987635 0.1095426 0.1524176 0.1219352 0.1203566 0.1273526 0.1254005 0.1168498 0.0659841 0.0724077 0.0964926 0.0982128 0.0935707 0.1269823 0.1261195 0.1009980 0.0678358 0.1153335 0.0973428 0.1177864 0.1172045 0.0764565 0.1172751 0.0973151 0.1390621 0.1344496 0.1065425 0.1259954 0.1245832 0.1100511 0.1281664 0.0905760 0.1022340 0.0634586 0.1251268 0.1092854 0.1207269 0.0889297 0.0768784 0.0820408 0.0615215 0.0997584 0.0637488 0.0641800 0.0794506 0.0790022 0.1047412 0.1065869 0.1164867 0.1190619 0.0773306 0.1047640 0.0784718 0.0663011 0.0877287 0.0747711 0.1281300 0.0951741 0.0868335 0.1053882 0.0822887 0.0842270 0.0614014 0.0854195 0.0698512 0.1106236 0.0846737 0.0608123 0.1147088 0.1082574 0.0804298 0.1042970 0.1085863 0.1138833 0.1255223 0.1166813 0.1231813 0.0971299 0.1226947 0.1208812 0.0955895 0.1048839 0.0596760 0.0263346 0.1116227 0.0846094 0.0920522 0.0855269 0.0922551 0.1134395 0.0246498 0.0267604 0.1372330 0.1101118 0.0684953 0.1382740 0.0953130 0.1357347 0.0826614 0.0857268 0.0816139 
S0293       0.1017412 0.1195367 0.0638795 0.0592156 0.0677183 0.1325160 0.1316668 0.0136284 0.1121038 0.0987635 0.0000000 0.0494482 0.1588863 0.1352894 0.1385457 0.1258814 0.1367773 0.1291035 0.0959585 0.1093280 0.0782552 0.0154179 0.0192417 0.1321365 0.0879888 0.1168308 0.0817711 0.0893041 0.1176866 0.1361379 0.1304824 0.1130322 0.0782776 0.1318025 0.1544462 0.1374641 0.0556701 0.0347343 0.1299743 0.1088951 0.1358148 0.0702306 0.0197626 0.0874762 0.1386498 0.0789015 0.1387735 0.1004756 0.0345529 0.1193547 0.0798546 0.0155039 0.0774825 0.0823878 0.1186384 0.1014946 0.1105229 0.1148538 0.1190443 0.1014226 0.0947333 0.1249352 0.1251594 0.1113212 0.1478984 0.1162869 0.0547544 0.0931371 0.0886964 0.1223754 0.1219598 0.1315720 0.0749544 0.1310264 0.1049533 0.1257545 0.0687764 0.1132356 0.0282672 0.0934388 0.1021625 0.1146449 0.1104936 0.1164559 0.1304612 0.1143682 0.1427459 0.1182832 0.1361538 0.1314250 0.0137862 0.1135204 0.0949359 0.1005797 0.0305312 0.0085367 0.0673441 0.1397792 0.0610106 0.1170593 0.0939413 0.0885577 0.1293382 0.0772565 0.0780637 0.1495915 0.0932730 0.1421372 0.0133831 0.0919396 0.0523325 
S0294       0.1213561 0.1306730 0.0926725 0.0802459 0.0748251 0.1578345 0.1384366 0.0489297 0.1429911 0.1095426 0.0494482 0.0000000 0.1736093 0.1626373 0.1660376 0.1464771 0.1599723 0.1488136 0.1116110 0.1290415 0.1018838 0.0511308 0.0515088 0.1712107 0.0987644 0.1443883 0.1052776 0.1086248 0.1285019 0.1636757 0.1648244 0.1232348 0.1075404 0.1532863 0.1775857 0.1732960 0.0949071 0.0745558 0.1629824 0.1383455 0.1812765 0.0972489 0.0502697 0.1170898 0.1663788 0.1096580 0.1641004 0.1158996 0.0605660 0.1377453 0.1032659 0.0508695 0.1006183 0.1061052 0.1326354 0.1299459 0.1541771 0.1393274 0.1642119 0.1462582 0.1226849 0.1549392 0.1408278 0.1305079 0.1581816 0.1380432 0.0663164 0.1237499 0.1088351 0.1485498 0.1333388 0.1441019 0.0977608 0.1428674 0.1230358 0.1578540 0.0996408 0.1308510 0.0638239 0.1136271 0.1099519 0.1450561 0.1539755 0.1548240 0.1618020 0.1582221 0.1517875 0.1502933 0.1637358 0.1587092 0.0405788 0.1381183 0.1120584 0.1038586 0.0669443 0.0410931 0.0863393 0.1519523 0.0932551 0.1492509 0.1049610 0.1022905 0.1676183 0.1012505 0.1016152 0.1869419 0.1267963 0.1807412 0.0325834 0.1193033 0.0781390 
S0299       0.1603012 0.1862441 0.1865711 0.1680734 0.0937514 0.0648315 0.1604934 0.1651182 0.0676921 0.1524176 0.1588863 0.1736093 0.0000000 0.1993736 0.1833892 0.0480357 0.2008534 0.0729261 0.1410444 0.1832793 0.1584299 0.1630030 0.1628413 0.0766698 0.1875533 0.0640520 0.1385981 0.1691867 0.0676908 0.1947329 0.0926595 0.1635524 0.1732821 0.1723443 0.2344385 0.0764681 0.1871179 0.2105422 0.0726621 0.1044599 0.1256683 0.1354443 0.1762457 0.1299822 0.2005365 0.1743573 0.2039058 0.1551799 0.1429384 0.1676921 0.1327981 0.1692880 0.1387529 0.1398209 0.1678754 0.1289352 0.1072051 0.1679388 0.1103429 0.1117294 0.1595391 0.1801481 0.1687840 0.1493611 0.1906926 0.1692840 0.2017877 0.1494566 0.1525391 0.1791243 0.1577700 0.1633952 0.1303924 0.1752571 0.1472293 0.1829070 0.1699822 0.1558773 0.1880410 0.1759864 0.1396225 0.0697004 0.1026576 0.1053862 0.2026550 0.1110164 0.0606548 0.1738039 0.1948559 0.1954330 0.1674694 0.1663992 0.1516579 0.1654856 0.1794227 0.1566208 0.1794630 0.1749410 0.1803877 0.1066711 0.1399894 0.1401476 0.0748074 0.1713883 0.1454037 0.0867976 0.1523278 0.1252062 0.1343628 0.1349055 0.1496588 
S0303       0.1341496 0.1846134 0.1597044 0.1404586 0.0902593 0.1746599 0.1498264 0.1387911 0.1471297 0.1219352 0.1352894 0.1626373 0.1993736 0.0000000 0.0724445 0.1599105 0.0101438 0.1574135 0.1422058 0.1308817 0.1315361 0.1368335 0.1263987 0.1634033 0.1669227 0.1298058 0.0854849 0.1266307 0.1173366 0.0083908 0.1552047 0.1304511 0.1661559 0.0849493 0.0171112 0.1724278 0.1643485 0.1635975 0.1615546 0.1264768 0.1756017 0.1306005 0.1457154 0.1227286 0.0100919 0.1697228 0.0083952 0.1469016 0.1148421 0.1456302 0.0926596 0.1360511 0.0876389 0.0882679 0.1466799 0.1281927 0.1396899 0.0909764 0.1570083 0.1416086 0.1089147 0.0605170 0.1514222 0.1377186 0.1562455 0.1484160 0.1608995 0.1118957 0.1349654 0.0902266 0.1460169 0.1544160 0.0849603 0.1524392 0.1494212 0.0838370 0.1229845 0.1380950 0.1476994 0.1462701 0.1337366 0.1359412 0.1508590 0.1542585 0.0135851 0.1376089 0.1609032 0.0669183 0.0101025 0.0101525 0.1328419 0.0893452 0.1365931 0.1145620 0.1528200 0.1243852 0.1329751 0.1732659 0.1542445 0.1518060 0.1213845 0.1058520 0.1584403 0.1489564 0.0976456 0.1703174 0.1120669 0.1759894 0.1306557 0.1126742 0.1325278 
S0308       0.1326223 0.1959844 0.1650279 0.1340266 0.0811426 0.1635793 0.1456756 0.1421131 0.1419011 0.1203566 0.1385457 0.1660376 0.1833892 0.0724445 0.0000000 0.1516673 0.0775830 0.1525594 0.1250033 0.1492488 0.1382525 0.1401129 0.1319016 0.1579895 0.1602082 0.1209681 0.0889281 0.1358206 0.1141142 0.0749568 0.1533762 0.1246067 0.1490745 0.0716233 0.0896068 0.1722922 0.1505130 0.1633858 0.1519390 0.1204445 0.1717815 0.1230682 0.1513879 0.0999313 0.0771226 0.1547385 0.0750520 0.1395289 0.1096459 0.1293350 0.0885483 0.1392924 0.0865710 0.0871989 0.1462176 0.1051570 0.1322386 0.0897739 0.1492012 0.1331472 0.1204061 0.0529024 0.1357456 0.1326954 0.1565852 0.1390548 0.1499064 0.0993965 0.1260820 0.0890287 0.1433588 0.1516460 0.0883742 0.1469053 0.1435372 0.0894745 0.1219241 0.1478310 0.1513050 0.1428170 0.1229693 0.1408104 0.1455924 0.1484307 0.0819924 0.1262653 0.1635587 0.0500381 0.0772335 0.0732492 0.1398843 0.0881230 0.1258716 0.1282503 0.1566243 0.1273149 0.1265350 0.1669212 0.1377527 0.1323023 0.1237020 0.1094244 0.1487783 0.1369858 0.0966676 0.1604966 0.0995482 0.1586841 0.1277538 0.1027466 0.1213150 
S0320       0.1350061 0.1377076 0.1620061 0.1316176 0.0807609 0.0565330 0.1433857 0.1319788 0.0566629 0.1273526 0.1258814 0.1464771 0.0480357 0.1599105 0.1516673 0.0000000 0.1640620 0.0609667 0.1141723 0.1399141 0.1252760 0.1299099 0.1303752 0.0672896 0.1488553 0.0527515 0.1170811 0.1352450 0.0551704 0.1554790 0.0727603 0.1421355 0.1307506 0.1442688 0.1798261 0.0584157 0.1557565 0.1667899 0.0489556 0.0783301 0.1000054 0.1181267 0.1303374 0.1159865 0.1632649 0.1469675 0.1638279 0.1292232 0.1134459 0.1517266 0.1116843 0.1305471 0.1172182 0.1132201 0.1462215 0.1288237 0.0808003 0.1390101 0.0849925 0.0751247 0.1279824 0.1425080 0.1511033 0.1315321 0.1531866 0.1445424 0.1697674 0.1346045 0.1404782 0.1419233 0.1316362 0.1395251 0.1093902 0.1481444 0.1157864 0.1452549 0.1291813 0.1255271 0.1474263 0.1436831 0.1291085 0.0498115 0.0779845 0.0830816 0.1574096 0.0845419 0.0600919 0.1300630 0.1555250 0.1502598 0.1337864 0.1373723 0.1149684 0.1323354 0.1444357 0.1237112 0.1433948 0.1554037 0.1464496 0.0814739 0.1159368 0.1108266 0.0551051 0.1490822 0.1183990 0.0769611 0.1373433 0.0982565 0.1255418 0.1154253 0.1221656 
S0322       0.1326965 0.1792764 0.1583348 0.1442255 0.1002175 0.1824009 0.1600393 0.1403057 0.1541194 0.1254005 0.1367773 0.1599723 0.2008534 0.0101438 0.0775830 0.1640620 0.0000000 0.1648329 0.1408070 0.1322084 0.1381447 0.1383305 0.1277673 0.1707840 0.1722387 0.1330173 0.0909082 0.1381052 0.1281014 0.0119133 0.1625895 0.1425073 0.1648277 0.0903211 0.0212479 0.1801431 0.1630062 0.1654791 0.1690277 0.1328709 0.1803280 0.1372672 0.1475503 0.1290843 0.0136477 0.1741107 0.0119201 0.1539524 0.1133539 0.1526323 0.0982646 0.1375316 0.0931054 0.0937837 0.1506326 0.1346916 0.1464110 0.0940593 0.1644091 0.1495706 0.1148855 0.0653022 0.1554357 0.1414449 0.1643104 0.1524274 0.1627418 0.1228699 0.1366301 0.0956456 0.1554857 0.1641206 0.0903423 0.1619820 0.1533002 0.0891308 0.1264982 0.1470419 0.1493334 0.1501902 0.1373570 0.1426384 0.1580850 0.1615932 0.0172253 0.1442944 0.1650812 0.0701730 0.0136606 0.0137297 0.1342780 0.0948283 0.1402671 0.1240639 0.1475713 0.1257337 0.1340739 0.1834158 0.1582990 0.1589725 0.1248291 0.1111988 0.1658166 0.1529139 0.0986750 0.1779053 0.1230623 0.1789638 0.1250645 0.1239564 0.1442786 
S0327       0.1305274 0.1314830 0.1552930 0.1224405 0.0704213 0.0637124 0.1466577 0.1301056 0.0637331 0.1168498 0.1291035 0.1488136 0.0729261 0.1574135 0.1525594 0.0609667 0.1648329 0.0000000 0.1238619 0.1388770 0.1242846 0.1279976 0.1220556 0.0658544 0.1372269 0.0409439 0.1069662 0.1344680 0.0383486 0.1584367 0.0512694 0.1377495 0.1514245 0.1445355 0.1618349 0.0618407 0.1443414 0.1451642 0.0644332 0.0750370 0.0897541 0.1167217 0.1330643 0.1081718 0.1583308 0.1356846 0.1613479 0.1274205 0.1102573 0.1397895 0.1031285 0.1272522 0.1070966 0.1127925 0.1374621 0.1109209 0.0774183 0.1243620 0.0764857 0.0717373 0.1260608 0.1410225 0.1486806 0.1355696 0.1605140 0.1408885 0.1607285 0.1314783 0.1189036 0.1292649 0.1475275 0.1531818 0.1041229 0.1602019 0.1293805 0.1356034 0.1267699 0.1335572 0.1441724 0.1460257 0.1182839 0.0364367 0.0696424 0.0745799 0.1648502 0.0811955 0.0615753 0.1360342 0.1541593 0.1546664 0.1249981 0.1226386 0.1226384 0.1164676 0.1411266 0.1180896 0.1361980 0.1599836 0.1390136 0.0662379 0.1031571 0.1075285 0.0781006 0.1410577 0.1180389 0.0732596 0.1346547 0.0952301 0.1056564 0.1106021 0.1154737 
S0335       0.0691338 0.0291653 0.1254734 0.1065999 0.0673689 0.1273173 0.1186338 0.0971636 0.1130600 0.0659841 0.0959585 0.1116110 0.1410444 0.1422058 0.1250033 0.1141723 0.1408070 0.1238619 0.0000000 0.0542367 0.0891158 0.0997948 0.0985982 0.1406940 0.1311898 0.1090209 0.0767225 0.1061216 0.1124253 0.1351888 0.1333347 0.0796205 0.1120079 0.1048859 0.1597591 0.1336111 0.1043970 0.1240203 0.1292432 0.1244626 0.1376842 0.1001703 0.1070582 0.0837623 0.1456294 0.1269607 0.1457692 0.1034830 0.0815037 0.0812301 0.0702115 0.1001842 0.0725266 0.0730252 0.0791748 0.0951082 0.1213126 0.1120384 0.1285663 0.1276954 0.0819876 0.1113924 0.0775720 0.0675432 0.0813104 0.0827010 0.1378073 0.1069051 0.0898058 0.1022504 0.0672822 0.0737934 0.0700753 0.0777192 0.0627150 0.1100249 0.1006632 0.0771175 0.1151949 0.1237606 0.0965135 0.1171301 0.1279254 0.1283841 0.1424420 0.1313605 0.1204996 0.0985950 0.1431192 0.1386870 0.0959490 0.1103737 0.0456172 0.0574625 0.1170023 0.0848692 0.0968776 0.1117751 0.1135933 0.1380878 0.0616039 0.0683662 0.1288595 0.1178309 0.0731970 0.1524671 0.1096806 0.1452088 0.0857072 0.0949054 0.0973709 
S0345       0.0739696 0.0339010 0.1266521 0.1038642 0.0998846 0.1428546 0.1184007 0.1080655 0.1332983 0.0724077 0.1093280 0.1290415 0.1832793 0.1308817 0.1492488 0.1399141 0.1322084 0.1388770 0.0542367 0.0000000 0.0951349 0.1084789 0.1056964 0.1466135 0.1367175 0.1173729 0.0769619 0.1049393 0.1059323 0.1253559 0.1580222 0.0908531 0.1237724 0.1228118 0.1245513 0.1471838 0.1148966 0.1146442 0.1440650 0.1253423 0.1699529 0.1009800 0.1087914 0.0894336 0.1350317 0.1320486 0.1351752 0.1268945 0.0858674 0.0880687 0.0744180 0.1107017 0.0742691 0.0776094 0.0781282 0.0891063 0.1396599 0.1217211 0.1545815 0.1374759 0.0870941 0.1153124 0.0945885 0.0729549 0.0653521 0.0932398 0.1490074 0.1189234 0.0936315 0.1164846 0.0853669 0.0909381 0.0689728 0.0859457 0.0642733 0.1264473 0.1060251 0.0866543 0.1197656 0.1366090 0.0942944 0.1195278 0.1452155 0.1581486 0.1288240 0.1413460 0.1356602 0.1221039 0.1351268 0.1324268 0.1113510 0.1259658 0.0412931 0.0674836 0.1190052 0.0939752 0.0986654 0.1053277 0.1091543 0.1404779 0.0701938 0.0764697 0.1559316 0.1223711 0.0805430 0.1687714 0.1191509 0.1608636 0.1029028 0.0953086 0.1074105 
S0376       0.1056162 0.1166963 0.1089476 0.0896058 0.0674192 0.1369860 0.1234101 0.0839910 0.1059612 0.0964926 0.0782552 0.1018838 0.1584299 0.1315361 0.1382525 0.1252760 0.1381447 0.1242846 0.0891158 0.0951349 0.0000000 0.0864984 0.0780404 0.1216512 0.1270986 0.1138901 0.0839353 0.0382738 0.1026852 0.1323669 0.1362656 0.1004585 0.0988010 0.1292762 0.1525334 0.1365824 0.0893989 0.1108063 0.1352309 0.1150454 0.1263795 0.0799670 0.0830979 0.0831938 0.1400296 0.1138443 0.1401570 0.1096099 0.0692830 0.1041807 0.0753868 0.0772987 0.0796297 0.0758497 0.1112803 0.0993202 0.1193254 0.1133332 0.1173328 0.1205091 0.0837158 0.1227757 0.1120906 0.0959739 0.1105918 0.1035071 0.1234870 0.0834609 0.0843664 0.1178503 0.0946608 0.1066491 0.0728232 0.0979879 0.1039619 0.1258380 0.0829120 0.0904379 0.0912281 0.0868344 0.0928287 0.1110992 0.1118563 0.1122494 0.1403513 0.1268305 0.1314932 0.1251617 0.1323780 0.1276436 0.0777891 0.1116252 0.0942319 0.0836854 0.0949101 0.0713533 0.0813700 0.1145007 0.0941158 0.1198819 0.0886188 0.0767972 0.1294118 0.0894818 0.0803787 0.1352516 0.0857118 0.1351466 0.0664274 0.0845214 0.0711305 
S0400       0.1070154 0.1074836 0.0701852 0.0609025 0.0838430 0.1365981 0.1178057 0.0152747 0.1160540 0.0982128 0.0154179 0.0511308 0.1630030 0.1368335 0.1401129 0.1299099 0.1383305 0.1279976 0.0997948 0.1084789 0.0864984 0.0000000 0.0209109 0.1361383 0.0845468 0.1208634 0.0812935 0.0977094 0.1165562 0.1376862 0.1319696 0.1082009 0.0779152 0.1361781 0.1593863 0.1441948 0.0548812 0.0364368 0.1378834 0.1104387 0.1398782 0.0743251 0.0116287 0.0958937 0.1401906 0.0850522 0.1403167 0.1041697 0.0400972 0.1190457 0.0858496 0.0206737 0.0834412 0.0884249 0.1233736 0.1101298 0.1120521 0.1167347 0.1230387 0.1007258 0.0988437 0.1218287 0.1171464 0.1176526 0.1442934 0.1138732 0.0564600 0.0992473 0.0933196 0.1242495 0.1212109 0.1262900 0.0808647 0.1258649 0.1110976 0.1276346 0.0703765 0.1251076 0.0280693 0.0996955 0.1086872 0.1186081 0.1144368 0.1179768 0.1269394 0.1158734 0.1471444 0.1206903 0.1377042 0.1329936 0.0171833 0.1154183 0.0967197 0.0999102 0.0303138 0.0084618 0.0715565 0.1317817 0.0689770 0.1136010 0.0977840 0.0924509 0.1333911 0.0833433 0.0842251 0.1563715 0.0993925 0.1435868 0.0155737 0.0982434 0.0580586 
S0405       0.0996993 0.1035157 0.0654512 0.0586659 0.0741925 0.1307705 0.1185411 0.0190597 0.1105132 0.0935707 0.0192417 0.0515088 0.1628413 0.1263987 0.1319016 0.1303752 0.1277673 0.1220556 0.0985982 0.1056964 0.0780404 0.0209109 0.0000000 0.1252094 0.0737756 0.1120572 0.0748276 0.0891155 0.1090557 0.1269957 0.1259953 0.1106664 0.0760203 0.1375389 0.1413774 0.1418657 0.0513738 0.0405980 0.1294598 0.1002465 0.1376371 0.0701982 0.0241455 0.0847686 0.1294389 0.0762530 0.1297311 0.0974508 0.0342487 0.1168905 0.0729335 0.0208135 0.0706320 0.0753867 0.1184948 0.0986228 0.1124436 0.1116327 0.1208530 0.1010990 0.0943257 0.1211184 0.1225475 0.1154564 0.1444648 0.1188151 0.0479641 0.0860849 0.0858710 0.1184892 0.1225836 0.1329141 0.0681900 0.1258438 0.1075130 0.1217869 0.0663687 0.1179668 0.0319915 0.0953396 0.1009839 0.1130113 0.1122900 0.1131297 0.1253097 0.1138290 0.1448059 0.1185051 0.1271883 0.1225685 0.0172993 0.1102901 0.0920609 0.0920966 0.0343296 0.0120421 0.0648266 0.1395843 0.0649435 0.1080034 0.0911050 0.0857508 0.1338727 0.0791360 0.0712859 0.1486432 0.0862083 0.1413227 0.0087699 0.0892554 0.0541448 
S0407sl     0.1504519 0.1501763 0.1650125 0.1365260 0.0887943 0.0673173 0.1620942 0.1331836 0.0534186 0.1269823 0.1321365 0.1712107 0.0766698 0.1634033 0.1579895 0.0672896 0.1707840 0.0658544 0.1406940 0.1466135 0.1216512 0.1361383 0.1252094 0.0000000 0.1474782 0.0504945 0.1133496 0.1437075 0.0430337 0.1590028 0.0699852 0.1584965 0.1513611 0.1604483 0.1846725 0.0791373 0.1465515 0.1690074 0.0699040 0.0780203 0.1136017 0.1134982 0.1352442 0.1134239 0.1643339 0.1533195 0.1673298 0.1364584 0.1230017 0.1620828 0.1088569 0.1353628 0.1134823 0.1116169 0.1570099 0.1236561 0.0803892 0.1465264 0.0944882 0.0723340 0.1373639 0.1514631 0.1693424 0.1496704 0.1816259 0.1517210 0.1660665 0.1355190 0.1317763 0.1530844 0.1599159 0.1685097 0.1058120 0.1699929 0.1430748 0.1515437 0.1390119 0.1388388 0.1521407 0.1509447 0.1297603 0.0475405 0.0872427 0.0904702 0.1683215 0.0841134 0.0788495 0.1453667 0.1645008 0.1595012 0.1360231 0.1448933 0.1381304 0.1368625 0.1492360 0.1263562 0.1495798 0.1785181 0.1407539 0.0766732 0.1178458 0.1188058 0.0696150 0.1477614 0.1194617 0.0340320 0.1357355 0.1136762 0.1073515 0.1204903 0.1267402 
S0412sl     0.1227306 0.1330580 0.0986823 0.0683714 0.0935816 0.1498657 0.1509245 0.0814164 0.1445610 0.1261195 0.0879888 0.0987644 0.1875533 0.1669227 0.1602082 0.1488553 0.1722387 0.1372269 0.1311898 0.1367175 0.1270986 0.0845468 0.0737756 0.1474782 0.0000000 0.1223990 0.1176947 0.1220348 0.1370040 0.1602620 0.1510726 0.1275553 0.0820297 0.1699114 0.1599803 0.1560293 0.0901785 0.0896868 0.1510367 0.1299735 0.1693860 0.0862916 0.0874464 0.1284791 0.1716658 0.0659797 0.1634076 0.1155290 0.0708385 0.1312137 0.1085642 0.0895781 0.1116035 0.1156929 0.1138035 0.1497754 0.1437667 0.1721181 0.1465618 0.1124513 0.1390333 0.1688160 0.1389746 0.1263475 0.1378167 0.1171501 0.1211072 0.1343785 0.1275825 0.1623045 0.1140359 0.1132697 0.1056185 0.1384359 0.1156397 0.1782196 0.0917978 0.1398447 0.1050389 0.0954740 0.1134777 0.1366147 0.1346579 0.1283170 0.1610753 0.1454657 0.1562642 0.1526884 0.1649067 0.1647636 0.0752427 0.1701599 0.1187792 0.1107447 0.0980891 0.0761431 0.0792303 0.1717929 0.0886032 0.1327289 0.1149968 0.1024850 0.1592946 0.0766038 0.1160622 0.1663198 0.1411703 0.1556411 0.0717914 0.1248768 0.0777445 
S0417       0.1189795 0.1095269 0.1434302 0.1140906 0.0599064 0.0506089 0.1389382 0.1229337 0.0484874 0.1009980 0.1168308 0.1443883 0.0640520 0.1298058 0.1209681 0.0527515 0.1330173 0.0409439 0.1090209 0.1173729 0.1138901 0.1208634 0.1120572 0.0504945 0.1223990 0.0000000 0.0867282 0.1251638 0.0277464 0.1201181 0.0471694 0.1326848 0.1316856 0.1196530 0.1475874 0.0552303 0.1332622 0.1496000 0.0551169 0.0620424 0.0809028 0.1008052 0.1277701 0.0949046 0.1278152 0.1250811 0.1332631 0.1167160 0.0908101 0.1342410 0.0767043 0.1201739 0.0868376 0.0874701 0.1237489 0.1047138 0.0686580 0.1176371 0.0659230 0.0658907 0.1093792 0.1200036 0.1376507 0.1171979 0.1411172 0.1276126 0.1462995 0.1150305 0.1088538 0.1182162 0.1285662 0.1313726 0.0796549 0.1369366 0.1108033 0.1188426 0.1049981 0.1233911 0.1314326 0.1255650 0.1058585 0.0248950 0.0592869 0.0640249 0.1364083 0.0657935 0.0529412 0.1168348 0.1306406 0.1222291 0.1207543 0.1159117 0.1065706 0.1134906 0.1308919 0.1088056 0.1179302 0.1486505 0.1161921 0.0538358 0.0958791 0.0904363 0.0597161 0.1152064 0.0923075 0.0594770 0.1152117 0.0858380 0.0904589 0.1014922 0.0970535 
S0419       0.0756088 0.0929543 0.0997186 0.0841829 0.0204579 0.1151903 0.0955268 0.0852666 0.0899499 0.0678358 0.0817711 0.1052776 0.1385981 0.0854849 0.0889281 0.1170811 0.0909082 0.1069662 0.0767225 0.0769619 0.0839353 0.0812935 0.0748276 0.1133496 0.1176947 0.0867282 0.0000000 0.0788985 0.0739190 0.0857238 0.1046574 0.0815260 0.1118854 0.0957344 0.0989488 0.1235009 0.0933559 0.1071652 0.1116420 0.0900848 0.1237540 0.0744745 0.0867718 0.0534510 0.0879395 0.1033407 0.0882544 0.0839507 0.0617370 0.0974247 0.0136698 0.0873024 0.0101491 0.0136888 0.0907365 0.0618035 0.0998177 0.0897317 0.1042509 0.0970494 0.0658472 0.0884118 0.0983165 0.0916975 0.0999675 0.1016816 0.1100844 0.0616536 0.0783341 0.0978053 0.0996631 0.1020751 0.0118205 0.1104800 0.0872084 0.0982987 0.0781077 0.0970029 0.0970148 0.0991626 0.0745291 0.0895417 0.0961130 0.1017309 0.0886438 0.0989163 0.1153472 0.0803524 0.0904992 0.0887021 0.0832579 0.0879991 0.0814919 0.0621309 0.1030880 0.0727043 0.0846027 0.1059783 0.0900889 0.1082679 0.0678087 0.0667032 0.1166254 0.0992671 0.0172411 0.1240935 0.0617380 0.1188086 0.0707328 0.0652743 0.0837492 
S0427       0.1175780 0.1266161 0.1243321 0.0910128 0.0631445 0.1408148 0.1253407 0.0950922 0.1119975 0.1153335 0.0893041 0.1086248 0.1691867 0.1266307 0.1358206 0.1352450 0.1381052 0.1344680 0.1061216 0.1049393 0.0382738 0.0977094 0.0891155 0.1437075 0.1220348 0.1251638 0.0788985 0.0000000 0.1218215 0.1324152 0.1510025 0.1130666 0.1012255 0.1335775 0.1533150 0.1422197 0.1064627 0.1253436 0.1415137 0.1224405 0.1423309 0.0791268 0.1044214 0.0869369 0.1348886 0.1130693 0.1299688 0.1242755 0.0824354 0.1172030 0.0790062 0.0881977 0.0789400 0.0794876 0.1088772 0.0961103 0.1331930 0.1282672 0.1351806 0.1334212 0.0965105 0.1206482 0.1255074 0.1085163 0.1299607 0.1167030 0.1326712 0.0874534 0.1131062 0.1265517 0.1074890 0.1224759 0.0764173 0.1135943 0.1106215 0.1373532 0.0941029 0.0899597 0.1026041 0.0955634 0.0989129 0.1247669 0.1261313 0.1298798 0.1351827 0.1370553 0.1416367 0.1352094 0.1274233 0.1277635 0.0864358 0.1266033 0.1093859 0.1064247 0.1065434 0.0821483 0.0770719 0.1312425 0.1101884 0.1282130 0.1008958 0.0888109 0.1322237 0.1034474 0.0884289 0.1580095 0.0920416 0.1421973 0.0803964 0.0875863 0.0916984 
S0428sl     0.1065405 0.0942037 0.1586790 0.1120921 0.0803309 0.0467249 0.1478224 0.1205345 0.0504647 0.0973428 0.1176866 0.1285019 0.0676908 0.1173366 0.1141142 0.0551704 0.1281014 0.0383486 0.1124253 0.1059323 0.1026852 0.1165562 0.1090557 0.0430337 0.1370040 0.0277464 0.0739190 0.1218215 0.0000000 0.1173366 0.0430798 0.1137111 0.1434438 0.1184054 0.1191984 0.0432946 0.1254521 0.1214770 0.0721755 0.0425126 0.0716706 0.0904506 0.1176298 0.0873227 0.1225678 0.1273086 0.1228675 0.1234619 0.1015874 0.1406234 0.0739478 0.1247268 0.0781189 0.0791719 0.1134509 0.0964362 0.0503211 0.1384691 0.0665402 0.0445925 0.1012569 0.1242313 0.1473934 0.1229415 0.1531729 0.1351783 0.1256996 0.1008481 0.0921310 0.1319027 0.1328645 0.1319933 0.0698915 0.1565470 0.0929535 0.1332439 0.1205296 0.1383949 0.1353114 0.1330040 0.0959484 0.0274264 0.0498933 0.0499687 0.1335756 0.0495744 0.0771297 0.1084779 0.1261951 0.1230693 0.1258095 0.1294779 0.1018623 0.1001949 0.1379312 0.1068176 0.1243662 0.1611883 0.1238242 0.0500254 0.0927659 0.0939828 0.0642025 0.1165324 0.0924042 0.0760642 0.1011373 0.0682327 0.1105557 0.0831123 0.1016467 
S0430       0.1349980 0.1733130 0.1577701 0.1385804 0.0858298 0.1627584 0.1505641 0.1396527 0.1428076 0.1177864 0.1361379 0.1636757 0.1947329 0.0083908 0.0749568 0.1554790 0.0119133 0.1584367 0.1351888 0.1253559 0.1323669 0.1376862 0.1269957 0.1590028 0.1602620 0.1201181 0.0857238 0.1324152 0.1173366 0.0000000 0.1507227 0.1313890 0.1672231 0.0830923 0.0191544 0.1679154 0.1626531 0.1621670 0.1570820 0.1223194 0.1709515 0.1310177 0.1438221 0.1185567 0.0084208 0.1708317 0.0101412 0.1420948 0.1130053 0.1384233 0.0883725 0.1368949 0.0878849 0.0840059 0.1446957 0.1289982 0.1354596 0.0891538 0.1525344 0.1396524 0.1117758 0.0628615 0.1441204 0.1307081 0.1502024 0.1410655 0.1614434 0.1174273 0.1259243 0.0884190 0.1440116 0.1524050 0.0807684 0.1534196 0.1423282 0.0820265 0.1237584 0.1389628 0.1486231 0.1525452 0.1291604 0.1316883 0.1464298 0.1497972 0.0153861 0.1329661 0.1564553 0.0697370 0.0084289 0.0084708 0.1336623 0.0875104 0.1296599 0.1181878 0.1537878 0.1220294 0.1285146 0.1743838 0.1552317 0.1474217 0.1221385 0.1041344 0.1469493 0.1552708 0.0933077 0.1658594 0.1176091 0.1771556 0.1273620 0.1158836 0.1333578 
S0478       0.1361191 0.1792819 0.1631489 0.1340646 0.0684827 0.0702794 0.1601791 0.1340674 0.0635204 0.1172045 0.1304824 0.1648244 0.0926595 0.1552047 0.1533762 0.0727603 0.1625895 0.0512694 0.1333347 0.1580222 0.1362656 0.1319696 0.1259953 0.0699852 0.1510726 0.0471694 0.1046574 0.1510025 0.0430798 0.1507227 0.0000000 0.1406995 0.1575187 0.1503970 0.1778766 0.0755665 0.1481666 0.1676819 0.0642507 0.0734767 0.0930492 0.1195735 0.1387216 0.1109788 0.1553059 0.1476050 0.1591157 0.1381583 0.1154284 0.1502499 0.0961841 0.1364037 0.1047859 0.1055750 0.1508687 0.1238847 0.0758676 0.1284408 0.0772467 0.0660904 0.1289639 0.1414533 0.1627485 0.1434756 0.1726843 0.1480633 0.1649408 0.1257552 0.1292973 0.1392080 0.1526086 0.1590144 0.0971045 0.1691962 0.1378246 0.1346315 0.1201380 0.1449163 0.1536221 0.1549351 0.1287806 0.0420989 0.0703167 0.0753200 0.1598532 0.0796786 0.0806436 0.1378974 0.1519629 0.1470316 0.1318539 0.1294942 0.1328205 0.1262258 0.1506602 0.1220500 0.1441921 0.1688125 0.1407067 0.0644091 0.1167556 0.1058367 0.0800896 0.1484895 0.1081254 0.0827640 0.1259570 0.1010462 0.1130089 0.1132486 0.1129869 
S0552sl     0.0764929 0.1178122 0.1230118 0.1144429 0.0680966 0.1501414 0.1188510 0.1149400 0.1324245 0.0764565 0.1130322 0.1232348 0.1635524 0.1304511 0.1246067 0.1421355 0.1425073 0.1377495 0.0796205 0.0908531 0.1004585 0.1082009 0.1106664 0.1584965 0.1275553 0.1326848 0.0815260 0.1130666 0.1137111 0.1313890 0.1406995 0.0000000 0.1168039 0.1185518 0.1482197 0.1482471 0.1140656 0.1248147 0.1500914 0.1301672 0.1452419 0.1028688 0.1187103 0.0878744 0.1360276 0.1255024 0.1330656 0.0958250 0.0972045 0.0378287 0.0773219 0.1123388 0.0797265 0.0759382 0.0575507 0.0971362 0.1390377 0.1163637 0.1249890 0.1471611 0.0893928 0.1134699 0.0379814 0.0499678 0.0442691 0.0417270 0.1443202 0.1045655 0.0996543 0.1140604 0.0467720 0.0486103 0.0729034 0.0625084 0.0846348 0.1218904 0.1059995 0.0757710 0.1258298 0.1234767 0.0984973 0.1295202 0.1166848 0.1224681 0.1373308 0.1440573 0.1455968 0.1274655 0.1365941 0.1295373 0.1081857 0.1150516 0.0749858 0.0628080 0.1201386 0.1010621 0.0909100 0.0847078 0.1217849 0.1418638 0.0737517 0.0597288 0.1539827 0.1194978 0.0848822 0.1711669 0.1070293 0.1481034 0.0934880 0.0913201 0.0879724 
S0558       0.1043982 0.1315499 0.1029112 0.0903668 0.0931640 0.1536750 0.1576168 0.0818140 0.1377293 0.1172751 0.0782776 0.1075404 0.1732821 0.1661559 0.1490745 0.1307506 0.1648277 0.1514245 0.1120079 0.1237724 0.0988010 0.0779152 0.0760203 0.1513611 0.0820297 0.1316856 0.1118854 0.1012255 0.1434438 0.1672231 0.1575187 0.1168039 0.0000000 0.1518854 0.1880747 0.1592265 0.0882513 0.1073409 0.1520149 0.1357943 0.1625555 0.0913007 0.0862564 0.1117379 0.1699619 0.0923493 0.1633259 0.1137463 0.0699466 0.1339832 0.1017569 0.0795079 0.1071718 0.1079645 0.1111075 0.1240790 0.1441502 0.1391215 0.1524056 0.1311673 0.1107268 0.1429575 0.1300228 0.1247658 0.1470946 0.1216591 0.1159218 0.1346043 0.1221229 0.1454937 0.1217863 0.1245085 0.1042509 0.1277022 0.1192022 0.1518491 0.0882406 0.1186737 0.0885122 0.0917215 0.1247131 0.1460783 0.1426399 0.1374511 0.1653438 0.1481070 0.1577210 0.1403014 0.1617437 0.1677698 0.0709109 0.1400219 0.1133770 0.1059776 0.0830756 0.0691843 0.0819670 0.1314993 0.0931311 0.1250300 0.1117103 0.0912450 0.1541577 0.0814460 0.1082371 0.1717881 0.1372995 0.1483632 0.0755849 0.1284246 0.0940205 
S0616       0.1011825 0.1355518 0.1515146 0.1504384 0.1017496 0.1599251 0.1411058 0.1353499 0.1469197 0.0973151 0.1318025 0.1532863 0.1723443 0.0849493 0.0716233 0.1442688 0.0903211 0.1445355 0.1048859 0.1228118 0.1292762 0.1361781 0.1375389 0.1604483 0.1699114 0.1196530 0.0957344 0.1335775 0.1184054 0.0830923 0.1503970 0.1185518 0.1518854 0.0000000 0.0866206 0.1604926 0.1528679 0.1619729 0.1539664 0.1171994 0.1561636 0.1264168 0.1404115 0.1062173 0.0876693 0.1511489 0.0791238 0.1330149 0.1151180 0.1305875 0.0931637 0.1443326 0.0911818 0.0964822 0.1276966 0.1061166 0.1189495 0.0825901 0.1425987 0.1219063 0.1009666 0.0695218 0.1343525 0.1214088 0.1365423 0.1272434 0.1617662 0.1037136 0.1113143 0.0818610 0.1271110 0.1383152 0.0929817 0.1317469 0.1241320 0.0822649 0.1186501 0.1313146 0.1564792 0.1455044 0.1181112 0.1301481 0.1401929 0.1433964 0.0872606 0.1277990 0.1495561 0.0225189 0.0899176 0.0836529 0.1397448 0.0809286 0.1002917 0.0986282 0.1611299 0.1194194 0.1330460 0.1433065 0.1349908 0.1406113 0.1039679 0.0892005 0.1387272 0.1269172 0.1014212 0.1673744 0.1038721 0.1533561 0.1249970 0.0906956 0.1232240 
S0620       0.1475805 0.1711343 0.1732570 0.1601673 0.1361249 0.1973064 0.1674992 0.1528102 0.1718746 0.1390621 0.1544462 0.1775857 0.2344385 0.0171112 0.0896068 0.1798261 0.0212479 0.1618349 0.1597591 0.1245513 0.1525334 0.1593863 0.1413774 0.1846725 0.1599803 0.1475874 0.0989488 0.1533150 0.1191984 0.0191544 0.1778766 0.1482197 0.1880747 0.0866206 0.0000000 0.1911205 0.1741442 0.1639932 0.1862696 0.1413835 0.1920310 0.1460873 0.1397827 0.1402453 0.0211257 0.1915624 0.0191681 0.1687332 0.1271330 0.1577169 0.1052625 0.1554497 0.0988992 0.0996983 0.1653790 0.1466492 0.1567120 0.1062034 0.1766166 0.1355501 0.1326047 0.0756272 0.1677880 0.1516341 0.1410569 0.1645067 0.1773494 0.1359250 0.1292414 0.1000426 0.1649269 0.1742132 0.0963043 0.1808257 0.1592851 0.0953010 0.1405906 0.1603497 0.1691999 0.1698366 0.1504055 0.1488337 0.1694008 0.1734231 0.0252400 0.1543374 0.1840671 0.0752347 0.0211497 0.0212682 0.1516339 0.1044300 0.1504983 0.1144909 0.1753543 0.1420189 0.1496035 0.1990500 0.1590508 0.1702621 0.1412540 0.1262194 0.1761455 0.1678231 0.1104501 0.1928967 0.1361650 0.1992502 0.1515110 0.1132531 0.1534888 
