115
CRNC          0.0000000 0.2974532 0.3174862 0.4901518 0.5051107 0.4543421 0.4289847 0.4166230 0.4172314 0.4301337 0.4311682 0.4902863 0.4296205 0.4445410 0.5063929 0.4267757 0.4591506 0.4150345 0.4510084 0.4433937 0.4245521 0.4435044 0.4898672 0.5086198 0.4363089 0.4654679 0.4136912 0.4335595 0.4289963 0.4246979 0.4345766 0.4246313 0.4872916 0.4701783 0.4448415 0.4815519 0.4860001 0.4387168 0.4012995 0.4237812 0.4515015 0.4990078 0.4381015 0.4570909 0.4317821 0.4528486 0.4329015 0.3632219 0.4639899 0.4316080 0.4080565 0.4942153 0.4255964 0.4185302 0.4369950 0.4936316 0.4171062 0.4287354 0.4496249 0.3970549 0.4572200 0.4951331 0.4208232 0.4474954 0.5909499 0.4429035 0.4681375 0.4283812 0.4259791 0.4996885 0.4635461 0.4541321 0.4476295 0.4283300 0.4410027 0.4084897 0.4446900 0.4325875 0.4583347 0.4409248 0.4375262 0.4738758 0.4354233 0.4662022 0.4538356 0.4743774 0.4295274 0.4414836 0.4455425 0.4108852 0.3771968 0.4424231 0.4447972 0.4363102 0.4806206 0.4160711 0.4452544 0.4607958 0.4647473 0.3872345 0.4007689 0.4318099 0.4046304 0.4071316 0.5171744 0.4560178 0.4369872 0.4320695 0.4214746 0.4266014 0.4348903 0.4199398 0.4728643 0.4403425 0.4424984 
HYZL          0.2974532 0.0000000 0.1089729 0.3687600 0.3493267 0.3185472 0.3224377 0.3630093 0.3087690 0.3772372 0.3522752 0.3281628 0.3811526 0.3843944 0.3598568 0.3848117 0.3613623 0.3442866 0.3998312 0.3905899 0.3187498 0.4031712 0.3939579 0.4206243 0.2989372 0.3025192 0.3880259 0.3652262 0.3429582 0.3474159 0.3425472 0.3585670 0.3997210 0.3930878 0.3774718 0.3028281 0.2670131 0.4083694 0.3768744 0.3734317 0.3853582 0.3403969 0.3563308 0.3427224 0.3167724 0.3656244 0.3371374 0.4205884 0.3153434 0.3520360 0.3289677 0.3310805 0.3342089 0.3320108 0.3507520 0.4128396 0.3751249 0.3530682 0.3905811 0.3581034 0.3521807 0.4172087 0.3459083 0.3608282 0.5143198 0.3527000 0.2530400 0.3733178 0.3277618 0.3852484 0.3632731 0.4005007 0.3653942 0.3625525 0.3351209 0.3331193 0.3334494 0.3766804 0.3652712 0.3766074 0.3353935 0.3653591 0.3103496 0.3050654 0.3728697 0.3471823 0.3685651 0.3723624 0.3857158 0.3248763 0.3385987 0.3778217 0.3560388 0.3365011 0.3486065 0.3270431 0.3650703 0.3817750 0.3286558 0.2858467 0.3261871 0.3701536 0.3326357 0.3678168 0.4262269 0.3917265 0.3952658 0.3669542 0.3414522 0.4175926 0.3793316 0.3874021 0.3154662 0.3801322 0.3558658 
MYZV          0.3174862 0.1089729 0.0000000 0.4000122 0.3670007 0.3295898 0.3649850 0.3805273 0.3461542 0.3686075 0.4102582 0.3554139 0.3792966 0.3930370 0.3985143 0.4009463 0.3686679 0.3607323 0.4430267 0.3850279 0.3438893 0.3822751 0.4221284 0.4520376 0.3256683 0.3349065 0.3901532 0.3665297 0.3961101 0.3714082 0.3689235 0.3793512 0.4217928 0.3922709 0.3805201 0.3515283 0.2872084 0.4108797 0.3796888 0.3880437 0.3792628 0.3742909 0.3947254 0.3691036 0.3859742 0.3924659 0.3631872 0.3243060 0.3499578 0.3669283 0.3806673 0.3640894 0.3782623 0.3844306 0.3639914 0.4310862 0.3804755 0.3527875 0.4069760 0.3655633 0.3720906 0.4176349 0.3694859 0.3866124 0.5375218 0.3876181 0.2460177 0.4009502 0.3844746 0.4379344 0.3819832 0.4083628 0.3714314 0.3698923 0.3969160 0.3838115 0.3908756 0.3844428 0.3786384 0.3853571 0.3605615 0.3959279 0.3785205 0.3446851 0.4053423 0.3771398 0.3851120 0.3998053 0.4122756 0.3560171 0.3278014 0.3970721 0.3861360 0.3659382 0.3821987 0.3434421 0.3937674 0.3806608 0.3422213 0.3082945 0.3532166 0.3838706 0.3551698 0.3534790 0.4383940 0.4004772 0.3855196 0.3941277 0.3953531 0.4347540 0.4072896 0.4024617 0.3473845 0.4126044 0.3865947 
SRR6441723    0.4901518 0.3687600 0.4000122 0.0000000 0.0739658 0.1534043 0.2573487 0.1385038 0.0872886 0.1569284 0.1260326 0.1459039 0.1622966 0.1076387 0.1698988 0.1398883 0.1482686 0.1270899 0.1604723 0.1543073 0.1350447 0.1618131 0.0528552 0.1671592 0.1190857 0.1298828 0.1249211 0.1325492 0.1118954 0.1143972 0.1377592 0.1086310 0.1483485 0.1543309 0.1497101 0.1306314 0.1055167 0.1417035 0.1385335 0.1485538 0.1302565 0.1338063 0.1188253 0.1496544 0.1688945 0.1336736 0.1337335 0.1298557 0.1422322 0.0836609 0.1089970 0.1422963 0.1091786 0.1107953 0.1354991 0.1541352 0.1383564 0.1337430 0.1349770 0.1520123 0.0980329 0.1716900 0.1119816 0.1134475 0.1821165 0.1081330 0.1172537 0.1481569 0.1480841 0.1421917 0.1425127 0.1537693 0.1280720 0.1183980 0.1499976 0.1019804 0.1434522 0.1297906 0.0799874 0.1475976 0.1221905 0.1101844 0.1512632 0.1270825 0.1318372 0.0938470 0.1488761 0.1349930 0.1410951 0.1289617 0.1437357 0.1491981 0.1598458 0.1372568 0.1333211 0.1206303 0.0345080 0.1025629 0.1399670 0.1003707 0.1240152 0.1045662 0.1214084 0.1361345 0.1443318 0.1143601 0.1492252 0.1225858 0.1110318 0.1514807 0.1393516 0.1504435 0.1350610 0.1393180 0.1131349 
ERR4210213    0.5051107 0.3493267 0.3670007 0.0739658 0.0000000 0.1661205 0.2482372 0.1240208 0.0903056 0.1548118 0.1453533 0.1292064 0.1473886 0.0957397 0.1809913 0.1374118 0.1363031 0.1387455 0.1693720 0.1601986 0.1343065 0.1405578 0.0047302 0.2497367 0.1298500 0.1303760 0.1250188 0.1557414 0.1161974 0.1353605 0.1349986 0.1366742 0.1784172 0.1311631 0.1271603 0.1353691 0.1224983 0.1772693 0.1512414 0.1738435 0.1218569 0.1511439 0.1521002 0.1292053 0.1595097 0.1380587 0.1217491 0.0000010 0.1361185 0.1106666 0.1163578 0.1600066 0.1149911 0.1043058 0.1527972 0.1733826 0.1335139 0.1515407 0.1526366 0.1516404 0.1078893 0.1870601 0.1385811 0.1218034 0.4449775 0.1298009 0.1656818 0.1864604 0.1456959 0.1789586 0.1607975 0.1397090 0.1153784 0.1112071 0.1357664 0.1086301 0.1437265 0.1450700 0.0573967 0.1508250 0.1297737 0.1103919 0.1423441 0.1359930 0.1340868 0.1157562 0.1278005 0.1503742 0.1576550 0.1419882 0.1484555 0.1528813 0.1427273 0.1349986 0.1361003 0.1243811 0.0258650 0.0970417 0.1464508 0.0987575 0.1367828 0.1166937 0.1238755 0.1600216 0.1099342 0.0964223 0.1516848 0.1280326 0.1127057 0.1471224 0.1864604 0.1612577 0.1372513 0.1864604 0.1068975 
ERR2789774    0.4543421 0.3185472 0.3295898 0.1534043 0.1661205 0.0000000 0.2576769 0.1010817 0.0883326 0.1100601 0.0923437 0.0578669 0.1283422 0.1007893 0.0827819 0.0995732 0.1384547 0.1256589 0.1388172 0.1138077 0.1057034 0.1064355 0.1554955 0.1261539 0.0479605 0.0554096 0.1247435 0.0979568 0.0875826 0.0742101 0.1193969 0.0980158 0.0886999 0.1183474 0.1063552 0.0552480 0.0493190 0.1248069 0.1129793 0.1030457 0.0853973 0.0490350 0.0964876 0.1059525 0.1416991 0.0839697 0.1116589 0.1097757 0.0577959 0.0912773 0.0899858 0.0675027 0.0901324 0.0862395 0.1042359 0.1335073 0.0980155 0.1102202 0.1076913 0.1245770 0.1029064 0.1556646 0.0933565 0.1008436 0.1855218 0.0872234 0.0917009 0.1213146 0.1407082 0.1322964 0.1182244 0.1253610 0.1166295 0.1070713 0.1366113 0.0805405 0.1322516 0.1062547 0.1365769 0.1184228 0.0849772 0.1035924 0.1458413 0.0573625 0.0930596 0.0954332 0.1149232 0.1010024 0.1055652 0.1140234 0.1189072 0.1100954 0.1353995 0.1162119 0.0552914 0.0886699 0.1300032 0.1066173 0.0575374 0.0331581 0.0855260 0.1117192 0.0719055 0.0885285 0.1324375 0.1128862 0.1117514 0.0847856 0.0890258 0.1171910 0.1185832 0.1098391 0.0488186 0.1242020 0.0762376 
PAFTOL_019361 0.4289847 0.3224377 0.3649850 0.2573487 0.2482372 0.2576769 0.0000000 0.2432008 0.1991455 0.2422034 0.2044210 0.2518695 0.2469869 0.2153447 0.2836167 0.2476649 0.2466650 0.2213196 0.2581412 0.2358808 0.2218303 0.2390230 0.2485998 0.2601174 0.2319072 0.2418860 0.2410416 0.2459572 0.1990780 0.1906985 0.2330338 0.2056631 0.2638857 0.2323058 0.2555440 0.2420060 0.2079762 0.2566740 0.2315209 0.2186274 0.2326613 0.2462565 0.1968518 0.2171903 0.1750311 0.2441354 0.2187761 0.2206915 0.2507611 0.1974761 0.1918566 0.2581986 0.2025196 0.1852246 0.2189796 0.2108556 0.2384823 0.2166943 0.2055225 0.2615205 0.1898123 0.2659107 0.2169308 0.2166126 0.3173125 0.1969250 0.1926945 0.2184486 0.1634602 0.2508807 0.2213009 0.2216425 0.2339361 0.2118997 0.1653189 0.1974077 0.1654980 0.2356221 0.2433139 0.2193593 0.2276330 0.2113361 0.1730777 0.2393016 0.2240191 0.1845292 0.2465474 0.2229902 0.2257566 0.2160097 0.2520288 0.2594323 0.2484357 0.2239201 0.2389010 0.1921601 0.2357307 0.2035497 0.2368141 0.1965520 0.2110523 0.2042158 0.2090172 0.2328097 0.2472655 0.2180052 0.2320784 0.2185706 0.1924638 0.2569805 0.2078661 0.2175104 0.2348472 0.2149417 0.2184463 
S0055         0.4166230 0.3630093 0.3805273 0.1385038 0.1240208 0.1010817 0.2432008 0.0000000 0.0498034 0.1062884 0.0737804 0.0807664 0.1162188 0.0847721 0.1090860 0.0785109 0.1178780 0.0984053 0.1086362 0.0972998 0.0917930 0.1086304 0.1399361 0.0920035 0.0762713 0.0804207 0.1135703 0.0917989 0.0601949 0.0508297 0.0886325 0.0705676 0.0907997 0.1116173 0.1060331 0.0777752 0.0330053 0.1072860 0.0963213 0.0893446 0.0583331 0.0771388 0.0697487 0.0992792 0.1264257 0.0811105 0.0861275 0.0989978 0.0853833 0.0601454 0.0577905 0.0928919 0.0580347 0.0563193 0.0736077 0.1013487 0.0958781 0.0898231 0.0943202 0.1049970 0.0820180 0.1326918 0.0758065 0.0828963 0.1456619 0.0678693 0.0567960 0.0725309 0.1172092 0.1115677 0.0891396 0.0941082 0.0901831 0.0708799 0.1162646 0.0536760 0.1118622 0.0796613 0.1303737 0.0884060 0.0575573 0.0771293 0.1191811 0.0822692 0.0574406 0.0694794 0.1010623 0.0922863 0.0976028 0.0865551 0.1078265 0.1015918 0.1049979 0.0879834 0.0770123 0.0761055 0.1175294 0.0900878 0.0821408 0.0483437 0.0200503 0.0894624 0.0455023 0.0937382 0.1199091 0.0983939 0.0942575 0.0438335 0.0586024 0.1041847 0.0701624 0.1006949 0.0814517 0.0749935 0.0484630 
S0196sl       0.4172314 0.3087690 0.3461542 0.0872886 0.0903056 0.0883326 0.1991455 0.0498034 0.0000000 0.0922348 0.0214785 0.0725447 0.0794117 0.0559789 0.0762483 0.0698144 0.1052954 0.0598213 0.0704597 0.0778566 0.0538184 0.0847388 0.1125497 0.0410658 0.0596600 0.0656950 0.0870938 0.0634778 0.0104837 0.0354574 0.0539676 0.0477522 0.0595041 0.0593438 0.0819927 0.0691686 0.0330157 0.0892026 0.0794888 0.0775631 0.0498587 0.0633029 0.0305515 0.0696284 0.0817136 0.0538306 0.0600938 0.0808043 0.0756122 0.0358651 0.0077982 0.0749294 0.0052101 0.0079217 0.0572105 0.0473904 0.0757496 0.0495865 0.0736675 0.0984784 0.0528686 0.0669215 0.0420822 0.0570931 0.0358621 0.0329910 0.0613360 0.0439806 0.0820643 0.0763839 0.0385961 0.0549911 0.0597167 0.0418746 0.0733139 0.0052506 0.0754566 0.0504471 0.1035482 0.0414344 0.0445048 0.0529792 0.0910391 0.0624204 0.0472127 0.0380014 0.0812029 0.0779033 0.0779119 0.0507696 0.0922359 0.0840207 0.0849874 0.0535883 0.0593949 0.0339695 0.0738625 0.0563557 0.0658389 0.0397221 0.0441337 0.0558918 0.0490717 0.0760259 0.0632753 0.0661310 0.0777170 0.0441965 0.0078999 0.0832757 0.0353450 0.0787205 0.0666011 0.0381976 0.0440557 
S0278         0.4301337 0.3772372 0.3686075 0.1569284 0.1548118 0.1100601 0.2422034 0.1062884 0.0922348 0.0000000 0.1004835 0.1130959 0.0357425 0.0952328 0.1477837 0.1079338 0.0530275 0.1069501 0.1141642 0.0439633 0.1050198 0.0603548 0.1523838 0.1341805 0.1072568 0.1153074 0.0602604 0.1033473 0.1006698 0.0876502 0.1020480 0.0877291 0.0993150 0.1142328 0.0443305 0.1013060 0.0780121 0.0467938 0.0516712 0.0677149 0.0906760 0.0980273 0.1047926 0.0963916 0.1533042 0.0883704 0.0994883 0.0852846 0.1125207 0.0883127 0.0979297 0.1206775 0.0955978 0.0994846 0.1044744 0.1357026 0.0469393 0.0929556 0.0640696 0.0578061 0.1108042 0.1324181 0.0907369 0.0954186 0.1861340 0.0823448 0.0978550 0.1237100 0.1457341 0.1286051 0.1059582 0.1075851 0.0925794 0.0932583 0.1419755 0.0909182 0.1320162 0.1034604 0.1226450 0.1039195 0.0955052 0.0950417 0.1484297 0.1091032 0.0909582 0.0896481 0.0534022 0.0631025 0.0703096 0.0990128 0.0632285 0.0316551 0.1225167 0.1012974 0.1124435 0.0945902 0.1376519 0.1118176 0.1089226 0.0782841 0.0808499 0.0987586 0.0885754 0.0379788 0.1356784 0.1180298 0.0374607 0.0832115 0.1023144 0.0541064 0.1155405 0.0730542 0.1081114 0.1209986 0.0875635 
S0281         0.4311682 0.3522752 0.4102582 0.1260326 0.1453533 0.0923437 0.2044210 0.0737804 0.0214785 0.1004835 0.0000000 0.0873006 0.1018377 0.0642740 0.1236674 0.0827128 0.0915753 0.0641848 0.0813640 0.0918181 0.0779937 0.1004034 0.1305360 0.0941308 0.0633417 0.0819917 0.0876455 0.0697938 0.0248107 0.0541398 0.0750542 0.0693625 0.0743579 0.0821798 0.0925571 0.0818373 0.0629212 0.0962662 0.0959592 0.0818653 0.0741132 0.0695262 0.0321302 0.0830140 0.1020715 0.0727340 0.0726036 0.0824887 0.0897191 0.0446229 0.0269105 0.0948858 0.0291826 0.0229704 0.0798832 0.0560232 0.0850137 0.0675107 0.0783945 0.1044911 0.0664011 0.1094269 0.0673013 0.0718951 0.1484522 0.0570652 0.0670623 0.0639127 0.0979758 0.1025675 0.0725146 0.0819666 0.0841436 0.0693618 0.0938455 0.0206936 0.0902746 0.0819016 0.1218012 0.0748074 0.0662739 0.0665162 0.1027842 0.0890507 0.0715670 0.0374843 0.0869865 0.0740290 0.0765073 0.0726091 0.1076886 0.0926108 0.1023982 0.0695800 0.0796227 0.0598567 0.0947174 0.0670990 0.0889075 0.0516290 0.0641327 0.0661206 0.0612658 0.0803946 0.0894473 0.0749897 0.0891168 0.0638983 0.0251770 0.0947690 0.0568082 0.0877661 0.0829594 0.0591561 0.0638033 
S0282         0.4902863 0.3281628 0.3554139 0.1459039 0.1292064 0.0578669 0.2518695 0.0807664 0.0725447 0.1130959 0.0873006 0.0000000 0.1172132 0.0938262 0.0369706 0.0892192 0.1238103 0.1131745 0.1322764 0.1086943 0.1069994 0.0987769 0.1422526 0.1006792 0.0091109 0.0266188 0.1046523 0.0864800 0.0726250 0.0656262 0.1122684 0.0857888 0.0964195 0.1215414 0.1067738 0.0372261 0.0126480 0.1219293 0.1094322 0.1030754 0.0786298 0.0133915 0.0887024 0.1068252 0.1321910 0.0765672 0.1016359 0.1265305 0.0373744 0.0775904 0.0749077 0.0286247 0.0750247 0.0687527 0.1024382 0.1190737 0.1046871 0.1015377 0.1134343 0.1205171 0.0879831 0.1459782 0.0862715 0.0934740 0.1674167 0.0779663 0.0625552 0.1099872 0.1314510 0.1150378 0.1058978 0.1201323 0.1012688 0.0920377 0.1273474 0.0683350 0.1256297 0.1044927 0.1244251 0.1050326 0.0701900 0.0936057 0.1359377 0.0159611 0.0751082 0.0768545 0.1007717 0.1063732 0.1145807 0.1091783 0.1188849 0.1049110 0.1209312 0.1060830 0.0308279 0.0845878 0.1199407 0.0993513 0.0266710 0.0166023 0.0686357 0.0985220 0.0656701 0.0972601 0.1248186 0.1079988 0.1066761 0.0704500 0.0737674 0.1071921 0.1020732 0.1119060 0.0183466 0.1073592 0.0676103 
S0289         0.4296205 0.3811526 0.3792966 0.1622966 0.1473886 0.1283422 0.2469869 0.1162188 0.0794117 0.0357425 0.1018377 0.1172132 0.0000000 0.1024670 0.1564680 0.1204394 0.0471045 0.1002603 0.1122090 0.0445130 0.0993680 0.0538804 0.1481414 0.1436097 0.1016958 0.1224010 0.0553735 0.1043945 0.1049749 0.0965490 0.1017036 0.0908042 0.1134226 0.1135648 0.0496103 0.1188022 0.0795013 0.0426128 0.0543998 0.0726714 0.1079531 0.1016608 0.1066185 0.1091602 0.1452532 0.1091999 0.1044175 0.0812392 0.1171350 0.0830107 0.1019272 0.1251233 0.0971498 0.1005253 0.0990874 0.1257894 0.0474691 0.0886161 0.0776418 0.0585584 0.1121697 0.1260899 0.0887801 0.0991995 0.1849757 0.0858546 0.0832756 0.1314635 0.1416276 0.1293719 0.0918106 0.1025222 0.0936384 0.0893161 0.1365062 0.0950098 0.1239394 0.1048415 0.1390297 0.0992118 0.1055104 0.0965342 0.1401541 0.1131049 0.1026315 0.0674388 0.0541411 0.0638518 0.0738041 0.0955974 0.0612856 0.0319108 0.1301050 0.1009406 0.1194444 0.0873697 0.1394208 0.1162731 0.1129146 0.0813985 0.0949998 0.0978183 0.1013357 0.0338083 0.1373107 0.1199148 0.0334502 0.0945762 0.1067240 0.0573376 0.1258153 0.0754841 0.1181147 0.1286698 0.0961839 
S0292         0.4445410 0.3843944 0.3930370 0.1076387 0.0957397 0.1007893 0.2153447 0.0847721 0.0559789 0.0952328 0.0642740 0.0938262 0.1024670 0.0000000 0.1248622 0.0885550 0.0988009 0.0742006 0.0994196 0.0921892 0.0708035 0.0895055 0.1003786 0.0951437 0.0885611 0.0882255 0.0868561 0.0806535 0.0603630 0.0623798 0.0730306 0.0681313 0.0913751 0.0853596 0.0980355 0.0931493 0.0615321 0.0942310 0.0935431 0.0770398 0.0771435 0.0771220 0.0699734 0.0708676 0.0968448 0.0816740 0.0707902 0.0895145 0.1011391 0.0603820 0.0625887 0.1011736 0.0628362 0.0564739 0.0836048 0.0961849 0.0879089 0.0785673 0.0863923 0.1016868 0.0465404 0.1064309 0.0733235 0.0705726 0.1514485 0.0607228 0.0809880 0.0956670 0.0910439 0.0956404 0.0858051 0.0799082 0.0702434 0.0655801 0.0892475 0.0584564 0.0858233 0.0752061 0.0959263 0.0775672 0.0720856 0.0285767 0.0979872 0.0876523 0.0829331 0.0517234 0.0981810 0.0774905 0.0826040 0.0681264 0.1025408 0.0962723 0.0901280 0.0678595 0.0831262 0.0582313 0.0829817 0.0159622 0.0900128 0.0530960 0.0750322 0.0371354 0.0722461 0.0861520 0.0358282 0.0181220 0.0919172 0.0750648 0.0589311 0.0955438 0.0880635 0.0828635 0.0946888 0.0880456 0.0744913 
S0293         0.5063929 0.3598568 0.3985143 0.1698988 0.1809913 0.0827819 0.2836167 0.1090860 0.0762483 0.1477837 0.1236674 0.0369706 0.1564680 0.1248622 0.0000000 0.1126846 0.1302642 0.1172000 0.1608278 0.1451266 0.1342294 0.1337935 0.1660580 0.1321197 0.0101777 0.0548059 0.1138058 0.0981527 0.0992604 0.0937397 0.1468520 0.1180828 0.1193744 0.1487237 0.1403448 0.0569563 0.0520204 0.1487417 0.1419999 0.1391075 0.1097427 0.0337238 0.1186082 0.1335829 0.1650208 0.0981933 0.1342002 0.1438109 0.0542222 0.0843651 0.1021751 0.0467558 0.1020838 0.0950231 0.1319167 0.1517341 0.1407011 0.1368444 0.1338637 0.1490339 0.0993215 0.1815434 0.1183219 0.1144441 0.1996686 0.0965352 0.0770928 0.1475853 0.1639216 0.1398435 0.1414799 0.1571645 0.1397947 0.1259809 0.1626741 0.0946106 0.1564666 0.1269945 0.1453423 0.1343267 0.0908857 0.1210742 0.1619365 0.0368016 0.1026156 0.0846165 0.1382674 0.1398045 0.1465012 0.1398421 0.1544505 0.1372300 0.1473095 0.1389197 0.0546811 0.1131711 0.1372500 0.1285123 0.0473037 0.0409516 0.0939824 0.1234903 0.0824232 0.1319688 0.1607494 0.1274696 0.1397681 0.0992594 0.0981341 0.1411738 0.1380397 0.1437496 0.0375101 0.1444181 0.0959222 
S0294         0.4267757 0.3848117 0.4009463 0.1398883 0.1374118 0.0995732 0.2476649 0.0785109 0.0698144 0.1079338 0.0827128 0.0892192 0.1204394 0.0885550 0.1126846 0.0000000 0.1272869 0.1101861 0.1161208 0.1062831 0.1020057 0.1125994 0.1436815 0.1090534 0.0804384 0.0864713 0.1178722 0.0957840 0.0708209 0.0634078 0.1043846 0.0813833 0.0997532 0.1194509 0.0986566 0.0811450 0.0477879 0.1112727 0.1025961 0.0979841 0.0810514 0.0814364 0.0785682 0.1100220 0.1190345 0.0763825 0.1017630 0.1017235 0.0942337 0.0751169 0.0682987 0.0891084 0.0660050 0.0669115 0.0929378 0.1083336 0.0935095 0.0973239 0.1060632 0.1082073 0.0880273 0.1448251 0.0818393 0.0838938 0.1695661 0.0711922 0.0332893 0.0867846 0.1113032 0.1147920 0.1075628 0.1089361 0.0935403 0.0841816 0.1115061 0.0640996 0.1100048 0.0938694 0.1258779 0.1080897 0.0759915 0.0910154 0.1228168 0.0809252 0.0685153 0.0931540 0.1127454 0.0883443 0.0936668 0.0961807 0.1087771 0.1081527 0.1159428 0.1036023 0.0786975 0.0877554 0.1189662 0.0939982 0.0856864 0.0510822 0.0638979 0.0882314 0.0682407 0.0835838 0.1245958 0.0966967 0.1069018 0.0586888 0.0692318 0.1173976 0.0842897 0.1014101 0.0825946 0.0893926 0.0633927 
S0299         0.4591506 0.3613623 0.3686679 0.1482686 0.1363031 0.1384547 0.2466650 0.1178780 0.1052954 0.0530275 0.0915753 0.1238103 0.0471045 0.0988009 0.1302642 0.1272869 0.0000000 0.1134364 0.1299964 0.0498972 0.1066760 0.0553331 0.1551520 0.0967467 0.1120898 0.1300913 0.0538984 0.1038530 0.1005344 0.1006650 0.1100614 0.0977538 0.1038748 0.1274266 0.0460612 0.1267662 0.0806269 0.0716849 0.0659979 0.0771818 0.0924227 0.1097003 0.0936804 0.1142247 0.1281821 0.0989060 0.1100489 0.0979373 0.1231044 0.0975768 0.0996263 0.1290467 0.0935695 0.0984267 0.1019420 0.1081568 0.0591130 0.0977841 0.0787151 0.0771967 0.1103512 0.1215708 0.0944510 0.1077120 0.0942041 0.0909353 0.0873186 0.1072248 0.1176860 0.1353468 0.0979208 0.1059146 0.0902332 0.0946554 0.1294417 0.0908895 0.1177870 0.1071292 0.1267205 0.0983159 0.1151591 0.0917994 0.1306774 0.1179598 0.0968811 0.0831951 0.0613604 0.0803072 0.0803159 0.1065719 0.0844870 0.0416602 0.1336182 0.1062738 0.1220477 0.0954875 0.1405792 0.1168360 0.1216016 0.0870047 0.1013206 0.1019667 0.0985738 0.0591234 0.1215505 0.1251284 0.0525320 0.1001834 0.0981244 0.0599659 0.1039157 0.0811427 0.1204531 0.1072668 0.1065779 
S0303         0.4150345 0.3442866 0.3607323 0.1270899 0.1387455 0.1256589 0.2213196 0.0984053 0.0598213 0.1069501 0.0641848 0.1131745 0.1002603 0.0742006 0.1172000 0.1101861 0.1134364 0.0000000 0.0779823 0.1009986 0.0235876 0.1110638 0.1373228 0.0771629 0.1028880 0.1155974 0.1107839 0.0933626 0.0662902 0.0686819 0.0185964 0.0729528 0.1093938 0.0770832 0.1144096 0.1119920 0.0706832 0.0991893 0.1060343 0.1036576 0.0930208 0.0868785 0.0746836 0.0233615 0.1257954 0.1004611 0.0114327 0.0883891 0.1220140 0.0641561 0.0687424 0.1174128 0.0664425 0.0643859 0.0789943 0.0969243 0.0985324 0.0543014 0.1070952 0.1149737 0.0774756 0.0386138 0.0791755 0.0814800 0.0670034 0.0671170 0.0871627 0.0836914 0.1219891 0.0959388 0.0627877 0.0645125 0.0815852 0.0729299 0.1141106 0.0640649 0.1096796 0.0808554 0.1387050 0.0599908 0.0862695 0.0775660 0.1205551 0.1110662 0.0965724 0.0556569 0.1101267 0.1012700 0.1046070 0.0138282 0.1223760 0.1082777 0.1052309 0.0162148 0.1094703 0.0322566 0.1133678 0.0806915 0.1179556 0.0836409 0.0836999 0.0803426 0.0809363 0.0938079 0.1185424 0.0901407 0.1064020 0.0811897 0.0642171 0.1126195 0.0750865 0.1050585 0.1075636 0.0750695 0.0833803 
S0308         0.4510084 0.3998312 0.4430267 0.1604723 0.1693720 0.1388172 0.2581412 0.1086362 0.0704597 0.1141642 0.0813640 0.1322764 0.1122090 0.0994196 0.1608278 0.1161208 0.1299964 0.0779823 0.0000000 0.1017086 0.0845446 0.1138273 0.1720425 0.1264701 0.1160589 0.1230533 0.1146298 0.1266148 0.0794198 0.0918301 0.0791368 0.0951332 0.1296132 0.0840603 0.0956063 0.1258419 0.0949636 0.0974599 0.1087723 0.0997536 0.1080888 0.1118261 0.0875690 0.0945560 0.1478828 0.1217163 0.0816632 0.1181303 0.1230918 0.0818271 0.0767968 0.1375442 0.0771215 0.0780066 0.1046494 0.1243181 0.1060254 0.0508915 0.0944465 0.1154126 0.0998524 0.0840002 0.0956913 0.0927593 0.1858719 0.0875114 0.1109716 0.1122588 0.1264353 0.1330007 0.0483294 0.0698493 0.1091949 0.1040755 0.1212836 0.0725242 0.1196247 0.1007056 0.1556819 0.0531488 0.1005822 0.1021113 0.1371348 0.1222794 0.0933088 0.0908983 0.1119534 0.0921396 0.0977583 0.0738602 0.1248111 0.0949118 0.0993729 0.0785536 0.1232311 0.0413109 0.1356488 0.1020760 0.1252244 0.0902901 0.1006110 0.1022976 0.1015093 0.0980267 0.1400892 0.1108152 0.0933444 0.0953486 0.0807081 0.0997402 0.1041561 0.1011893 0.1220857 0.1095682 0.0945806 
S0320         0.4433937 0.3905899 0.3850279 0.1543073 0.1601986 0.1138077 0.2358808 0.0972998 0.0778566 0.0439633 0.0918181 0.1086943 0.0445130 0.0921892 0.1451266 0.1062831 0.0498972 0.1009986 0.1017086 0.0000000 0.1021593 0.0578616 0.1558188 0.1252719 0.0961604 0.1082371 0.0464404 0.0988422 0.0894093 0.0817140 0.1018237 0.0691286 0.1030165 0.1051522 0.0397562 0.1026834 0.0696302 0.0531853 0.0351025 0.0712745 0.1004348 0.0935085 0.0903871 0.1013945 0.1422829 0.0931400 0.0992725 0.0939523 0.1003910 0.0699002 0.0917412 0.1161186 0.0869178 0.0881275 0.0826961 0.1200769 0.0465528 0.0811668 0.0682440 0.0385810 0.0964044 0.1256453 0.0671295 0.0816593 0.1580294 0.0644977 0.0712144 0.1114160 0.1241017 0.1152781 0.0956926 0.0952389 0.0789792 0.0822241 0.1313360 0.0875640 0.1218071 0.0915935 0.1249932 0.0891344 0.1000075 0.0892347 0.1266837 0.1100051 0.0822151 0.0691918 0.0555218 0.0599660 0.0695871 0.0990391 0.0479787 0.0382117 0.1194897 0.0959392 0.1054697 0.0799496 0.1368414 0.1027222 0.1098253 0.0670273 0.0798987 0.0922264 0.0908062 0.0352750 0.1223213 0.1060421 0.0372730 0.0768479 0.0908372 0.0486572 0.1088248 0.0795311 0.1070176 0.1141466 0.0811128 
S0322         0.4245521 0.3187498 0.3438893 0.1350447 0.1343065 0.1057034 0.2218303 0.0917930 0.0538184 0.1050198 0.0779937 0.1069994 0.0993680 0.0708035 0.1342294 0.1020057 0.1066760 0.0235876 0.0845446 0.1021593 0.0000000 0.1108471 0.1304242 0.1078615 0.1064796 0.1059994 0.1170261 0.0934511 0.0666922 0.0709438 0.0121018 0.0675929 0.0982395 0.0868390 0.1079413 0.1004446 0.0695798 0.0984112 0.1065853 0.0993685 0.0888224 0.0902218 0.0769025 0.0203234 0.1148644 0.0961247 0.0225419 0.0846491 0.1146412 0.0619669 0.0665830 0.1169252 0.0642686 0.0650097 0.0779307 0.1016708 0.0947044 0.0665562 0.1022070 0.1138922 0.0717653 0.0621449 0.0729070 0.0697645 0.1530919 0.0600134 0.0875864 0.0851358 0.1118070 0.1023563 0.0712249 0.0780294 0.0773650 0.0725325 0.1052981 0.0622016 0.1038644 0.0746808 0.1305633 0.0708839 0.0788974 0.0764776 0.1132392 0.1000150 0.0954131 0.0589312 0.1136934 0.0893893 0.0948088 0.0120853 0.1136579 0.1036927 0.0896676 0.0141786 0.1062505 0.0466100 0.1139569 0.0765095 0.1028894 0.0772133 0.0766869 0.0764310 0.0816361 0.0880662 0.1080524 0.0845974 0.1016475 0.0770193 0.0651176 0.1119705 0.0775430 0.1086746 0.1053935 0.0775275 0.0839064 
S0327         0.4435044 0.4031712 0.3822751 0.1618131 0.1405578 0.1064355 0.2390230 0.1086304 0.0847388 0.0603548 0.1004034 0.0987769 0.0538804 0.0895055 0.1337935 0.1125994 0.0553331 0.1110638 0.1138273 0.0578616 0.1108471 0.0000000 0.1549997 0.1274282 0.0880542 0.1010916 0.0438423 0.0936561 0.0926114 0.0848047 0.1159096 0.0900873 0.1015561 0.1209223 0.0486531 0.1032653 0.0732015 0.0657798 0.0706344 0.0692802 0.0956633 0.0910635 0.0934713 0.1134782 0.1328957 0.0939021 0.1079402 0.1001713 0.0984320 0.0851642 0.0949686 0.1087519 0.0951199 0.0884753 0.1034249 0.1182413 0.0581085 0.0932678 0.0809841 0.0747267 0.0969925 0.1416609 0.0905964 0.1029869 0.1787853 0.0872033 0.0815295 0.1204061 0.1245514 0.1284405 0.1016591 0.1076503 0.0974949 0.0934439 0.1273334 0.0880166 0.1233091 0.1196233 0.1372629 0.1008065 0.0957083 0.0955454 0.1391103 0.1001620 0.0954194 0.0725750 0.0462616 0.0651018 0.0725115 0.1043068 0.0729917 0.0547154 0.1195715 0.1097364 0.0956559 0.0887955 0.1369673 0.0999418 0.1000002 0.0621704 0.0983080 0.0956587 0.0914747 0.0539006 0.1256355 0.1084558 0.0441815 0.0897937 0.0941050 0.0539408 0.1123324 0.0701317 0.0994987 0.1177263 0.0941232 
S0335         0.4898672 0.3939579 0.4221284 0.0528552 0.0047302 0.1554955 0.2485998 0.1399361 0.1125497 0.1523838 0.1305360 0.1422526 0.1481414 0.1003786 0.1660580 0.1436815 0.1551520 0.1373228 0.1720425 0.1558188 0.1304242 0.1549997 0.0000000 0.1642578 0.1333741 0.1387984 0.1336694 0.1477752 0.1193750 0.1154827 0.1330925 0.1159659 0.1563462 0.1534961 0.1493004 0.1328107 0.1130135 0.1551631 0.1486263 0.1433021 0.1339701 0.1331144 0.1322096 0.1389464 0.1782727 0.1416499 0.1297473 0.1402321 0.1444162 0.1053237 0.1218856 0.1444819 0.1220905 0.1128403 0.1456081 0.1616390 0.1379504 0.1360361 0.1399123 0.1496283 0.1025235 0.1724932 0.1193961 0.1243477 0.2080602 0.1154375 0.1422584 0.1595766 0.1584871 0.1424580 0.1564976 0.1518189 0.1323938 0.1172607 0.1588823 0.1143294 0.1494191 0.1374447 0.0733251 0.1468013 0.1331599 0.1003627 0.1599740 0.1291717 0.1334356 0.1046555 0.1492393 0.1320101 0.1379633 0.1328094 0.1512229 0.1476923 0.1629573 0.1269573 0.1354979 0.1170902 0.0316796 0.1012973 0.1447820 0.1026521 0.1286576 0.1004816 0.1210591 0.1455881 0.1353923 0.1105313 0.1525125 0.1271769 0.1186131 0.1441350 0.1531431 0.1412688 0.1340475 0.1505663 0.1087464 
S0376         0.5086198 0.4206243 0.4520376 0.1671592 0.2497367 0.1261539 0.2601174 0.0920035 0.0410658 0.1341805 0.0941308 0.1006792 0.1436097 0.0951437 0.1321197 0.1090534 0.0967467 0.0771629 0.1264701 0.1252719 0.1078615 0.1274282 0.1642578 0.0000000 0.0591059 0.1027616 0.0911299 0.0626209 0.0813265 0.0736874 0.1075454 0.0863886 0.1086920 0.1199866 0.1359068 0.0999406 0.1017794 0.1264560 0.1301656 0.1126889 0.0876457 0.0996455 0.0950831 0.1105206 0.1464353 0.1011080 0.1019430 0.0899730 0.1049202 0.0489044 0.0836754 0.1149916 0.0838094 0.0774251 0.1058768 0.1209715 0.1249665 0.1049876 0.1178397 0.1390795 0.0938746 0.1513544 0.0971252 0.0996186 0.1341607 0.0867837 0.0618386 0.1117885 0.1338349 0.1216660 0.1032577 0.1162116 0.1106037 0.1011649 0.1296718 0.0794254 0.1278951 0.1052574 0.1511873 0.0972860 0.0919595 0.0975442 0.1412426 0.1073182 0.0918696 0.0422238 0.1302553 0.1242514 0.1301260 0.1098574 0.1378994 0.1336780 0.1223631 0.1014065 0.0999841 0.0817600 0.1442494 0.1007633 0.1071401 0.0685374 0.0818959 0.1052875 0.0876773 0.1162719 0.1324409 0.1095639 0.1285538 0.0836304 0.0798037 0.1289539 0.1037324 0.1250916 0.1066866 0.1091134 0.0835273 
S0400         0.4363089 0.2989372 0.3256683 0.1190857 0.1298500 0.0479605 0.2319072 0.0762713 0.0596600 0.1072568 0.0633417 0.0091109 0.1016958 0.0885611 0.0101777 0.0804384 0.1120898 0.1028880 0.1160589 0.0961604 0.1064796 0.0880542 0.1333741 0.0591059 0.0000000 0.0184529 0.0923076 0.0800547 0.0567393 0.0542183 0.1089157 0.0736303 0.0796028 0.1042164 0.0975394 0.0256040 0.0079179 0.1098933 0.0932202 0.0961618 0.0683654 0.0025646 0.0703330 0.1060203 0.1153767 0.0662796 0.0965866 0.1096428 0.0232492 0.0657779 0.0591280 0.0183505 0.0593869 0.0548024 0.0859784 0.0979606 0.0918949 0.0899400 0.0984495 0.1104063 0.0848287 0.1189077 0.0715496 0.0855844 0.0683048 0.0654329 0.0628063 0.0906722 0.1186466 0.0984753 0.0803874 0.0982567 0.0940498 0.0804750 0.1135828 0.0518959 0.1092740 0.0910771 0.1162033 0.0860490 0.0542026 0.0851993 0.1207758 0.0090484 0.0598712 0.0582035 0.0958270 0.0998449 0.1060635 0.1025218 0.1149475 0.0969879 0.1225394 0.1019185 0.0184910 0.0718719 0.1075943 0.0948063 0.0185754 0.0093305 0.0651395 0.0936032 0.0512616 0.0832619 0.1237965 0.1012334 0.0938463 0.0569065 0.0573395 0.0959265 0.0820878 0.0997549 0.0068490 0.0878167 0.0512533 
S0405         0.4654679 0.3025192 0.3349065 0.1298828 0.1303760 0.0554096 0.2418860 0.0804207 0.0656950 0.1153074 0.0819917 0.0266188 0.1224010 0.0882255 0.0548059 0.0864713 0.1300913 0.1155974 0.1230533 0.1082371 0.1059994 0.1010916 0.1387984 0.1027616 0.0184529 0.0000000 0.1039519 0.0862428 0.0676504 0.0653447 0.1143692 0.0905908 0.0910384 0.1157530 0.1040132 0.0372356 0.0126329 0.1150378 0.1036826 0.1005180 0.0733655 0.0251256 0.0856015 0.1089233 0.1292274 0.0789769 0.1037347 0.1197957 0.0351597 0.0799418 0.0699098 0.0373528 0.0700182 0.0661647 0.1022562 0.1211558 0.1042412 0.0952904 0.1077700 0.1164635 0.0875155 0.1514502 0.0860663 0.0881572 0.1705864 0.0777841 0.0617909 0.1067124 0.1228398 0.1144137 0.1064743 0.1166321 0.1058673 0.0940533 0.1219529 0.0633871 0.1203113 0.1065511 0.1237590 0.1071001 0.0605334 0.0931062 0.1332924 0.0305672 0.0729635 0.0762954 0.1056785 0.1010284 0.1091248 0.1087081 0.1183787 0.1074432 0.1233532 0.1055006 0.0244212 0.0843245 0.1167611 0.0936406 0.0374277 0.0102384 0.0683395 0.0928630 0.0655901 0.0941157 0.1185199 0.1021074 0.1062246 0.0701485 0.0662935 0.1066845 0.0988866 0.1096707 0.0289867 0.1041133 0.0673223 
S0407sl       0.4136912 0.3880259 0.3901532 0.1249211 0.1250188 0.1247435 0.2410416 0.1135703 0.0870938 0.0602604 0.0876455 0.1046523 0.0553735 0.0868561 0.1138058 0.1178722 0.0538984 0.1107839 0.1146298 0.0464404 0.1170261 0.0438423 0.1336694 0.0911299 0.0923076 0.1039519 0.0000000 0.0956547 0.0889801 0.0860065 0.1132556 0.0855554 0.1046773 0.1085521 0.0440429 0.1101300 0.0904484 0.0687207 0.0495939 0.0683664 0.0837815 0.0893521 0.0922090 0.1201808 0.1466856 0.0965370 0.1067957 0.0975228 0.1070897 0.0840900 0.0914573 0.1124086 0.0918795 0.0872626 0.0956944 0.1119990 0.0470395 0.0853280 0.0693686 0.0628181 0.1004061 0.1143119 0.0868103 0.0895685 0.0891725 0.0802747 0.0998862 0.1136988 0.1302368 0.1193201 0.0935246 0.1056978 0.0951293 0.0871904 0.1407005 0.0836556 0.1266585 0.1137863 0.1266779 0.0899275 0.0867702 0.0926121 0.1356380 0.1062117 0.0925247 0.0718318 0.0462366 0.0656796 0.0713948 0.1067322 0.0766852 0.0502676 0.1363543 0.1058401 0.0980668 0.0845609 0.1179188 0.1021722 0.1042037 0.0674462 0.0954600 0.0867654 0.0878168 0.0496552 0.1293044 0.1060785 0.0413983 0.0860226 0.0870285 0.0128559 0.1045060 0.0635411 0.1047938 0.1106437 0.0881801 
S0412sl       0.4335595 0.3652262 0.3665297 0.1325492 0.1557414 0.0979568 0.2459572 0.0917989 0.0634778 0.1033473 0.0697938 0.0864800 0.1043945 0.0806535 0.0981527 0.0957840 0.1038530 0.0933626 0.1266148 0.0988422 0.0934511 0.0936561 0.1477752 0.0626209 0.0800547 0.0862428 0.0956547 0.0000000 0.0715008 0.0653939 0.0970100 0.0857810 0.0629199 0.1036809 0.1001335 0.0952173 0.0426409 0.1036011 0.1006993 0.0904801 0.0632599 0.0730360 0.0799820 0.0965814 0.1068401 0.0497326 0.0938021 0.1118113 0.0980644 0.0778101 0.0739472 0.0973405 0.0742811 0.0696473 0.0861360 0.1053089 0.0885941 0.1002045 0.1023023 0.1145491 0.0914349 0.1192933 0.0831899 0.0950053 0.0803987 0.0742092 0.0619659 0.1005096 0.1231447 0.1186810 0.0925356 0.1115678 0.1005218 0.0867213 0.1145305 0.0662447 0.1074892 0.1013790 0.1397281 0.0955141 0.0803756 0.0864853 0.1221742 0.0855382 0.0860883 0.0614779 0.0929453 0.0994754 0.1027078 0.0997739 0.1186650 0.0994698 0.1137047 0.0902373 0.0863322 0.0775927 0.1140999 0.0926699 0.0827298 0.0534941 0.0803211 0.0912878 0.0780831 0.0860803 0.1151867 0.0964601 0.0962450 0.0766100 0.0722823 0.1003402 0.0916478 0.0914050 0.0897181 0.0916261 0.0796637 
S0419         0.4289963 0.3429582 0.3961101 0.1118954 0.1161974 0.0875826 0.1990780 0.0601949 0.0104837 0.1006698 0.0248107 0.0726250 0.1049749 0.0603630 0.0992604 0.0708209 0.1005344 0.0662902 0.0794198 0.0894093 0.0666922 0.0926114 0.1193750 0.0813265 0.0567393 0.0676504 0.0889801 0.0715008 0.0000000 0.0374509 0.0713590 0.0584491 0.0706545 0.0754419 0.0901118 0.0651643 0.0397922 0.0911495 0.0908287 0.0844057 0.0558378 0.0630909 0.0272530 0.0764146 0.0919317 0.0637341 0.0689636 0.0804305 0.0725269 0.0440721 0.0059027 0.0773708 0.0059253 0.0000024 0.0712524 0.0558030 0.0852622 0.0613269 0.0790852 0.0952484 0.0532422 0.1070940 0.0563930 0.0582875 0.1329305 0.0467403 0.0618278 0.0511787 0.0881229 0.0848517 0.0659195 0.0754428 0.0725675 0.0610138 0.0818033 0.0019727 0.0807278 0.0678086 0.1053003 0.0656967 0.0487473 0.0602298 0.0927719 0.0719988 0.0604145 0.0343836 0.0896928 0.0772557 0.0825421 0.0639710 0.1019742 0.0903153 0.0822758 0.0660342 0.0652087 0.0487999 0.0850846 0.0605580 0.0720967 0.0388002 0.0510494 0.0507431 0.0482207 0.0807409 0.0843465 0.0680906 0.0892681 0.0531611 0.0019836 0.0892060 0.0444032 0.0854617 0.0661743 0.0489200 0.0553566 
S0427         0.4246979 0.3474159 0.3714082 0.1143972 0.1353605 0.0742101 0.1906985 0.0508297 0.0354574 0.0876502 0.0541398 0.0656262 0.0965490 0.0623798 0.0937397 0.0634078 0.1006650 0.0686819 0.0918301 0.0817140 0.0709438 0.0848047 0.1154827 0.0736874 0.0542183 0.0653447 0.0860065 0.0653939 0.0374509 0.0000000 0.0731763 0.0606271 0.0703646 0.0875382 0.0871146 0.0557892 0.0362943 0.0909536 0.0805605 0.0841142 0.0442417 0.0605750 0.0502954 0.0758972 0.1012580 0.0564641 0.0684956 0.0713743 0.0677106 0.0440403 0.0373897 0.0676901 0.0419494 0.0357278 0.0710444 0.0805817 0.0699805 0.0709309 0.0838246 0.0951410 0.0599753 0.1117321 0.0607419 0.0677606 0.1324654 0.0488501 0.0569549 0.0654849 0.0979053 0.0814163 0.0658844 0.0725625 0.0747838 0.0561928 0.0915915 0.0352877 0.0903854 0.0676285 0.1023594 0.0631348 0.0508515 0.0623624 0.1000259 0.0625019 0.0510374 0.0456665 0.0898640 0.0723965 0.0774331 0.0611943 0.0908525 0.0821129 0.0918735 0.0682684 0.0604897 0.0557900 0.0898982 0.0674371 0.0671166 0.0365291 0.0397192 0.0669832 0.0410645 0.0780312 0.0865580 0.0727310 0.0791327 0.0395075 0.0380079 0.0863613 0.0584367 0.0826610 0.0637753 0.0631381 0.0439453 
S0430         0.4345766 0.3425472 0.3689235 0.1377592 0.1349986 0.1193969 0.2330338 0.0886325 0.0539676 0.1020480 0.0750542 0.1122684 0.1017036 0.0730306 0.1468520 0.1043846 0.1100614 0.0185964 0.0791368 0.1018237 0.0121018 0.1159096 0.1330925 0.1075454 0.1089157 0.1143692 0.1132556 0.0970100 0.0713590 0.0731763 0.0000000 0.0698581 0.1121983 0.0865599 0.1049403 0.1109884 0.0737814 0.0954719 0.1035644 0.0990888 0.0969836 0.0988652 0.0792481 0.0224139 0.1270886 0.1045991 0.0140001 0.0883417 0.1227181 0.0585944 0.0688171 0.1250193 0.0666560 0.0674264 0.0802345 0.1040413 0.0918275 0.0611605 0.0992077 0.1103131 0.0764845 0.0546770 0.0751975 0.0720281 0.1523281 0.0622492 0.0824294 0.0874501 0.1173717 0.1043073 0.0656811 0.0751817 0.0796524 0.0748125 0.1108515 0.0644381 0.1064789 0.0714595 0.1332340 0.0657764 0.0836636 0.0787408 0.1158729 0.1078024 0.0897999 0.0646754 0.1079573 0.0865669 0.0919304 0.0120411 0.1104654 0.1008100 0.0945534 0.0059320 0.1141826 0.0417340 0.1165701 0.0787740 0.1107297 0.0822473 0.0737220 0.0786931 0.0865717 0.0877858 0.1104554 0.0868966 0.1013220 0.0717331 0.0675387 0.1086143 0.0798384 0.1110386 0.1134414 0.0798223 0.0785457 
S0552sl       0.4246313 0.3585670 0.3793512 0.1086310 0.1366742 0.0980158 0.2056631 0.0705676 0.0477522 0.0877291 0.0693625 0.0857888 0.0908042 0.0681313 0.1180828 0.0813833 0.0977538 0.0729528 0.0951332 0.0691286 0.0675929 0.0900873 0.1159659 0.0863886 0.0736303 0.0905908 0.0855554 0.0857810 0.0584491 0.0606271 0.0698581 0.0000000 0.0833719 0.0884812 0.0902934 0.0829440 0.0628906 0.0821673 0.0649487 0.0843599 0.0805669 0.0800235 0.0650572 0.0713963 0.1099227 0.0734828 0.0723446 0.0764739 0.0906651 0.0161678 0.0560377 0.0980810 0.0515233 0.0545328 0.0375569 0.0831247 0.0829271 0.0718922 0.0759899 0.0734197 0.0604011 0.1015142 0.0119840 0.0396117 0.0812008 0.0222101 0.0625765 0.0786016 0.0935329 0.0925497 0.0787067 0.0912091 0.0461516 0.0399345 0.0910204 0.0518921 0.0933324 0.0468118 0.0986505 0.0756428 0.0755043 0.0627648 0.0953387 0.0823264 0.0705661 0.0543359 0.0952810 0.0800204 0.0876669 0.0647632 0.0749112 0.0818455 0.0883780 0.0693396 0.0906040 0.0560722 0.0928341 0.0683553 0.0821980 0.0457374 0.0634790 0.0678886 0.0731611 0.0653815 0.1020285 0.0736753 0.0796136 0.0560054 0.0593528 0.0856682 0.0761705 0.0880462 0.0865300 0.0761555 0.0602248 
S0558         0.4872916 0.3997210 0.4217928 0.1483485 0.1784172 0.0886999 0.2638857 0.0907997 0.0595041 0.0993150 0.0743579 0.0964195 0.1134226 0.0913751 0.1193744 0.0997532 0.1038748 0.1093938 0.1296132 0.1030165 0.0982395 0.1015561 0.1563462 0.1086920 0.0796028 0.0910384 0.1046773 0.0629199 0.0706545 0.0703646 0.1121983 0.0833719 0.0000000 0.1139885 0.1012781 0.0832915 0.0701533 0.1076813 0.1046427 0.1055446 0.0608743 0.0772452 0.0886789 0.0981846 0.1270175 0.0517987 0.1015258 0.0820635 0.0962628 0.0714179 0.0729432 0.1014489 0.0682456 0.0691839 0.0916475 0.1180029 0.0962262 0.1051431 0.0951784 0.1149243 0.0901724 0.1562183 0.0838401 0.0859892 0.1625584 0.0684042 0.0977785 0.1099501 0.1297762 0.1176945 0.1093928 0.1075824 0.0957662 0.0837379 0.1195241 0.0663462 0.1216268 0.0989920 0.1230283 0.1076531 0.0734463 0.0861133 0.1347560 0.0955546 0.0880925 0.0694375 0.1197143 0.1008833 0.1089888 0.1038648 0.1194771 0.1043816 0.1101342 0.1060082 0.0883856 0.0897734 0.1191442 0.0968759 0.0902982 0.0557510 0.0808480 0.1014001 0.0712859 0.0864955 0.1127788 0.1054834 0.0983223 0.0801226 0.0717689 0.1106046 0.1020278 0.1068912 0.0870145 0.1020060 0.0775575 
S0616         0.4701783 0.3930878 0.3922709 0.1543309 0.1311631 0.1183474 0.2323058 0.1116173 0.0593438 0.1142328 0.0821798 0.1215414 0.1135648 0.0853596 0.1487237 0.1194509 0.1274266 0.0770832 0.0840603 0.1051522 0.0868390 0.1209223 0.1534961 0.1199866 0.1042164 0.1157530 0.1085521 0.1036809 0.0754419 0.0875382 0.0865599 0.0884812 0.1139885 0.0000000 0.1103977 0.1182828 0.0851457 0.1159630 0.1127747 0.1140752 0.1014772 0.1097577 0.0935834 0.0845367 0.1422541 0.1108646 0.0790836 0.1049296 0.1268607 0.0744406 0.0775740 0.1324528 0.0755924 0.0714000 0.1057703 0.1190683 0.1181406 0.0509336 0.1060082 0.1201812 0.0905916 0.0965494 0.0889836 0.0840811 0.1791345 0.0810694 0.0764502 0.1180319 0.1242720 0.1168954 0.0655394 0.0787410 0.1073908 0.0941689 0.1257325 0.0735468 0.1240241 0.0877642 0.1283247 0.0606955 0.0933234 0.0932400 0.1371917 0.1204148 0.0991542 0.0763646 0.1203095 0.1058145 0.1103193 0.0863078 0.1281495 0.1189380 0.0949218 0.0809388 0.1128790 0.0413139 0.1211288 0.0856449 0.1202111 0.0786935 0.0986003 0.0847789 0.0917745 0.1047794 0.1213733 0.0938841 0.1156600 0.0960159 0.0741626 0.0989341 0.1099715 0.1101370 0.1175021 0.1153561 0.0952557 
