109
HYZL       0.0000000 0.1366990 0.4112611 0.4011423 0.4122221 0.4109406 0.3539803 0.4676820 0.4939805 0.2880751 0.4929943 0.4056867 0.3818766 0.4244303 0.4068032 0.4503096 0.4300644 0.3056911 0.3568321 0.4380896 0.4427664 0.4117543 0.4498899 0.3839506 0.4094749 0.5458348 0.4990687 0.3860291 0.4426800 0.4670351 0.4807892 0.3441548 0.4472776 0.4647004 0.4626448 0.4022354 0.3479459 0.4275437 0.3719798 0.4217848 0.3906105 0.4253234 0.3526843 0.4785070 0.3974011 0.3397737 0.3829181 0.3897627 0.5173007 0.4451821 0.4327513 0.4126719 0.4987053 0.4475934 0.3372712 0.4269127 0.4959310 0.4637261 0.4860073 0.5156650 0.5215227 0.3945088 0.3902104 0.3571122 0.4159848 0.5369348 0.4623384 0.4119710 0.4122221 0.4174553 0.4311649 0.4998821 0.5030912 0.3960383 0.4212214 0.4828099 0.4306023 0.3371526 0.4123594 0.4511731 0.4184000 0.4551548 0.4514848 0.4438749 0.3981240 0.4113947 0.3531718 0.4280340 0.4049980 0.3239255 0.3798873 0.4565452 0.4587941 0.3371526 0.2995370 0.3794938 0.5064792 0.4392381 0.4622211 0.4578009 0.4355264 0.4003293 0.3141164 0.3905049 0.4292534 0.3812061 0.4419291 0.3141953 0.4361672 
MYZV       0.1366990 0.0000000 0.3481926 0.3769371 0.3596271 0.3793939 0.3192597 0.4092921 0.4914879 0.2854050 0.4317853 0.3831653 0.3825344 0.3462329 0.3806707 0.4424259 0.3781897 0.2880739 0.3211815 0.3948579 0.3243187 0.3341448 0.3648299 0.3509604 0.3303998 0.4610237 0.4070013 0.3336992 0.4143099 0.4217378 0.3935462 0.2784136 0.4238143 0.4068210 0.3419314 0.3498812 0.3292878 0.3457738 0.3470368 0.3666610 0.3392694 0.3978638 0.3846483 0.4478102 0.3460295 0.3156133 0.3596271 0.3251813 0.4245268 0.3608558 0.3764982 0.3598470 0.4266746 0.3801303 0.3055270 0.3729803 0.4555001 0.4215908 0.4265861 0.4279351 0.4780932 0.3806428 0.3268575 0.3460584 0.3888154 0.4711818 0.4248375 0.3972282 0.3596271 0.3499306 0.4325812 0.4227814 0.4138776 0.3698180 0.4104923 0.4436346 0.3894202 0.3030289 0.3595884 0.3953507 0.3913221 0.3832617 0.3805373 0.4155455 0.3248982 0.3967456 0.3078418 0.4004512 0.3786527 0.2904888 0.3300676 0.4150816 0.4549196 0.3030289 0.2716820 0.3153929 0.4446854 0.4127271 0.4192795 0.4411976 0.4119433 0.3540401 0.2693709 0.3670736 0.3870944 0.3674575 0.4184418 0.2810708 0.4665581 
SRR6441723 0.4112611 0.3481926 0.0000000 0.0826836 0.0561473 0.1015165 0.1319979 0.1131115 0.0760677 0.0996167 0.0768346 0.1095986 0.0833667 0.1222874 0.0761245 0.1366015 0.0503818 0.1113233 0.1334916 0.0843640 0.0998790 0.0560708 0.1057483 0.0974232 0.0797241 0.0957467 0.0973226 0.1161982 0.0842445 0.0839335 0.0689117 0.1416679 0.0983998 0.0908644 0.1221532 0.0638671 0.1280560 0.0755318 0.0692567 0.1416848 0.0637277 0.0835570 0.1074474 0.0878395 0.0499750 0.1538672 0.0561473 0.0567599 0.0712452 0.1118304 0.0799254 0.0635601 0.1187911 0.0441934 0.0692346 0.0642053 0.1021257 0.0843630 0.0763202 0.0853795 0.0872132 0.0963179 0.1236399 0.1236540 0.0941929 0.0804424 0.0734576 0.1562538 0.0561473 0.1433443 0.1142518 0.0712073 0.0496439 0.0768995 0.1003744 0.0824990 0.1645093 0.1415562 0.0902726 0.0263827 0.0770467 0.1066305 0.1043986 0.0935324 0.0608223 0.1199924 0.0985638 0.1004873 0.0918928 0.1232435 0.0631921 0.0444441 0.0689012 0.1415562 0.0865048 0.0509956 0.0684303 0.1031310 0.1068986 0.0777749 0.0503359 0.1251440 0.0882651 0.0616487 0.0832886 0.0964342 0.1304814 0.1240626 0.0227901 
S0055      0.4011423 0.3769371 0.0826836 0.0000000 0.0382973 0.0857933 0.0844603 0.0695946 0.0981289 0.0471956 0.0849206 0.0714221 0.0757899 0.1113282 0.0700132 0.0954952 0.0828856 0.0523879 0.0631260 0.0697672 0.0636816 0.0382436 0.0916667 0.0780366 0.0520080 0.0864227 0.0707664 0.0979425 0.0625501 0.0830897 0.0569072 0.0697521 0.0696447 0.0628950 0.0973709 0.0332626 0.0576830 0.0324236 0.0697410 0.1237145 0.0379580 0.0834074 0.0544476 0.0754685 0.0324596 0.0784328 0.0382973 0.0387032 0.0761880 0.0569879 0.0396365 0.0562517 0.0799762 0.0626701 0.0478892 0.0501084 0.0926119 0.0888488 0.0746400 0.0777282 0.0950710 0.0573284 0.0856749 0.0917602 0.0644670 0.0847860 0.0778773 0.0958506 0.0382973 0.1026641 0.0771294 0.0787969 0.0748660 0.0558970 0.0639198 0.0967991 0.1209236 0.0697038 0.0684268 0.0497653 0.0563742 0.0782396 0.0779497 0.0833834 0.0529193 0.0852214 0.0851201 0.0765101 0.0689206 0.0639058 0.0437770 0.0763747 0.0924148 0.0697038 0.0405654 0.0104102 0.0690138 0.0664539 0.0837168 0.1029410 0.1004213 0.0834681 0.0629197 0.0378726 0.0561722 0.0442612 0.0913947 0.0642963 0.0458872 
S0196sl    0.4122221 0.3596271 0.0561473 0.0382973 0.0000000 0.0802763 0.1052176 0.0772987 0.0632807 0.0666625 0.0862505 0.0793697 0.0573899 0.0700353 0.0450949 0.1122294 0.0624761 0.0717169 0.0824232 0.0774921 0.0449545 0.0101258 0.0648675 0.0778184 0.0592794 0.0808595 0.0506764 0.0775460 0.0512874 0.0761974 0.0500170 0.0894487 0.0773536 0.0703377 0.0919586 0.0159305 0.0769789 0.0387654 0.0449025 0.1336526 0.0270468 0.0575227 0.0545645 0.0680323 0.0050142 0.0990396 0.0101404 0.0102389 0.0568798 0.0642670 0.0464688 0.0326121 0.0956727 0.0316517 0.0553290 0.0269102 0.0870862 0.0835245 0.0693851 0.0781605 0.0874938 0.0509758 0.1012805 0.0818240 0.0457236 0.0646328 0.0581289 0.1156955 0.0101404 0.1195100 0.0921405 0.0733011 0.0552776 0.0381697 0.0770393 0.0624729 0.1391014 0.0893847 0.0759768 0.0318563 0.0573433 0.0935386 0.0931624 0.0575120 0.0469457 0.0936730 0.0651851 0.0714642 0.0639167 0.0834492 0.0211605 0.0563622 0.0577616 0.0893847 0.0528797 0.0160068 0.0378089 0.0721308 0.0919806 0.0662226 0.0647011 0.0924677 0.0703651 0.0207826 0.0633311 0.0510381 0.1072924 0.0839782 0.0217094 
S0281      0.4109406 0.3793939 0.1015165 0.0857933 0.0802763 0.0000000 0.1608134 0.1531023 0.1248474 0.1235015 0.1118159 0.1447678 0.0838158 0.1255640 0.0862779 0.1726145 0.1453615 0.1282688 0.1620284 0.1363395 0.0960813 0.0801630 0.1093810 0.1240949 0.1321498 0.1407663 0.1384878 0.0882322 0.1115466 0.1411467 0.1363706 0.1714292 0.1519181 0.1438788 0.1636761 0.0989243 0.1382719 0.0638392 0.0789358 0.1869092 0.0881168 0.0917941 0.1189874 0.1599324 0.0732542 0.1861053 0.0802763 0.0671978 0.1184576 0.0715566 0.1157939 0.0936235 0.1696901 0.1022006 0.0779898 0.0942938 0.1495464 0.1200845 0.1417019 0.1382557 0.1828583 0.0642381 0.1483134 0.1485442 0.0955133 0.1115366 0.1029831 0.1479698 0.0802763 0.1708098 0.1356461 0.1289817 0.1342861 0.1009922 0.1255223 0.1410135 0.1812475 0.1712775 0.1345117 0.1102515 0.1272186 0.1553510 0.1437073 0.1093602 0.1079897 0.1282858 0.0880002 0.1189294 0.1094566 0.1422744 0.0788385 0.1373417 0.1094894 0.1712775 0.1080290 0.0528503 0.1352340 0.1309937 0.1247908 0.1202611 0.1110890 0.1368106 0.1090379 0.0950936 0.1343944 0.0507054 0.1819181 0.1433175 0.0655878 
S0282      0.3539803 0.3192597 0.1319979 0.0844603 0.1052176 0.1608134 0.0000000 0.0982136 0.1709021 0.0165310 0.1369168 0.1103886 0.1140347 0.1652483 0.1288349 0.1137333 0.1271077 0.0162007 0.0272251 0.1076459 0.1155748 0.0910792 0.1119168 0.1068360 0.0962953 0.1494042 0.1052204 0.1404526 0.1231079 0.1143078 0.0839930 0.0330862 0.1074428 0.1140391 0.1316397 0.0699295 0.0337470 0.0914194 0.1135031 0.1334088 0.1071445 0.1293461 0.0896666 0.1183220 0.0979058 0.0400569 0.1052176 0.1064896 0.1375758 0.0988811 0.1025060 0.1218228 0.0808976 0.1108979 0.0765443 0.1226447 0.1571946 0.1521592 0.1499716 0.1733810 0.1339585 0.1065914 0.1310376 0.1261912 0.1195536 0.1657194 0.1570313 0.1055248 0.1052176 0.1423670 0.1240062 0.1450538 0.1344897 0.1073709 0.0994314 0.1428184 0.1765507 0.0330648 0.0966684 0.1187996 0.1061484 0.0856377 0.0847759 0.1497091 0.1045528 0.1073024 0.1244960 0.1332944 0.1233938 0.0157517 0.1058809 0.1198276 0.1529281 0.0330648 0.0166145 0.0718754 0.1255544 0.0953235 0.1316663 0.1483444 0.1458601 0.1090686 0.0750511 0.1039629 0.0916388 0.0994512 0.1079689 0.0158357 0.1592568 
S0289      0.4676820 0.4092921 0.1131115 0.0695946 0.0772987 0.1531023 0.0982136 0.0000000 0.1155330 0.0748331 0.1088269 0.0445452 0.1144640 0.1065862 0.1143011 0.0599949 0.1041539 0.0799087 0.0907726 0.0494988 0.0842666 0.0771926 0.1070098 0.0516320 0.0278139 0.0854315 0.1061302 0.1285812 0.0911229 0.0617351 0.0851523 0.0980916 0.0494139 0.0441044 0.0832807 0.0581072 0.0852426 0.0718398 0.0994423 0.1437225 0.0705818 0.1147360 0.0814009 0.0910111 0.0705439 0.1082569 0.0772987 0.0781946 0.0900954 0.0785533 0.0274893 0.0979100 0.0519160 0.0758872 0.0225950 0.0772987 0.0915526 0.1031804 0.0738367 0.0980759 0.1221729 0.0858205 0.1497238 0.1456649 0.1013109 0.0993386 0.0921156 0.1163856 0.0772987 0.1454281 0.0635275 0.0858994 0.1189958 0.0904399 0.0846000 0.1138984 0.1670326 0.0980191 0.0822973 0.0763972 0.0380529 0.0508426 0.0641799 0.1146885 0.0401773 0.0508310 0.1171544 0.1144013 0.1053543 0.0919266 0.0832676 0.0972753 0.1096495 0.0917230 0.0471115 0.0519295 0.0841384 0.0809124 0.0633939 0.1214313 0.1106061 0.0977608 0.0900490 0.0763972 0.0496188 0.0859277 0.0505882 0.0925268 0.0738573 
S0292      0.4939805 0.4914879 0.0760677 0.0981289 0.0632807 0.1248474 0.1709021 0.1155330 0.0000000 0.1188970 0.1254882 0.1333657 0.1156811 0.1243352 0.1008719 0.1385882 0.0906782 0.1310999 0.1520301 0.1152873 0.1245752 0.0763517 0.1343113 0.1087831 0.0813972 0.1129566 0.0988891 0.1338487 0.1000050 0.1004863 0.0975156 0.1607464 0.1141674 0.0927449 0.1404756 0.0715232 0.1298064 0.1073973 0.1005046 0.1806045 0.0918188 0.1159574 0.1332702 0.1038149 0.0697812 0.1741227 0.0764557 0.0773319 0.0865001 0.1251129 0.0747288 0.0724673 0.1204612 0.0765488 0.0862304 0.0721363 0.1035135 0.1001576 0.0914387 0.1027792 0.1280842 0.1130750 0.1691928 0.1466852 0.1164762 0.1035729 0.0952703 0.1793782 0.0764557 0.1827730 0.1070037 0.0816550 0.0892725 0.0992497 0.1490386 0.0560165 0.1932205 0.1535942 0.1214852 0.0502954 0.0786101 0.1107817 0.1095046 0.1245931 0.0758818 0.1418174 0.1184198 0.1242691 0.1147666 0.1447117 0.0781516 0.0839801 0.0104105 0.1606135 0.1046461 0.0725052 0.0447063 0.1178881 0.1065586 0.0161130 0.0215972 0.1438823 0.1371870 0.0755730 0.0988637 0.1132136 0.1322959 0.1457425 0.1079645 
S0293      0.2880751 0.2854050 0.0996167 0.0471956 0.0666625 0.1235015 0.0165310 0.0748331 0.1188970 0.0000000 0.1041630 0.0693702 0.0813214 0.1294823 0.0884039 0.0844118 0.0934621 0.0000023 0.0110122 0.0682004 0.0754731 0.0598882 0.0657079 0.0671307 0.0633179 0.1065598 0.0730126 0.0984005 0.0740659 0.0678390 0.0602321 0.0167381 0.0675443 0.0744712 0.0975737 0.0466399 0.0164930 0.0536491 0.0740791 0.1011320 0.0679091 0.0808794 0.0696885 0.0869958 0.0598882 0.0169543 0.0666625 0.0674487 0.0963594 0.0604623 0.0626691 0.0816317 0.0758409 0.0792600 0.0376409 0.0822451 0.1094892 0.1160447 0.1015741 0.1203543 0.0997744 0.0675011 0.1067563 0.0866250 0.0477142 0.1122683 0.1036192 0.0901990 0.0666625 0.1101204 0.0744712 0.0946158 0.0944192 0.0606652 0.0681360 0.1255607 0.1099310 0.0167272 0.0597183 0.0729355 0.0672502 0.0688777 0.0607916 0.1068309 0.0709661 0.0679292 0.0830007 0.0915048 0.0827533 0.0000027 0.0670502 0.0788550 0.1035436 0.0167272 0.0000021 0.0350929 0.0940048 0.0633450 0.0976240 0.1104389 0.1037765 0.0792642 0.0459356 0.0658637 0.0538041 0.0608158 0.0833148 0.0000027 0.0973613 
S0294      0.4929943 0.4317853 0.0768346 0.0849206 0.0862505 0.1118159 0.1369168 0.1088269 0.1254882 0.1041630 0.0000000 0.1107541 0.1212800 0.1663722 0.1064290 0.1360449 0.1161693 0.1090070 0.1130105 0.1013740 0.1008082 0.0861301 0.1139416 0.1008860 0.0885146 0.1125553 0.1167553 0.1512247 0.1230121 0.1158676 0.0855408 0.1386490 0.1164730 0.1082846 0.1503034 0.0730960 0.1181369 0.0845622 0.0987106 0.1435512 0.0786989 0.1215687 0.1160413 0.0914230 0.0791702 0.1510785 0.0862505 0.0872860 0.1091065 0.1080374 0.0743143 0.0996603 0.1297158 0.1004995 0.0775984 0.1003604 0.1125574 0.1232187 0.1214468 0.1030371 0.0744966 0.0922854 0.1099657 0.1558598 0.1190796 0.1195980 0.1116775 0.1501360 0.0862505 0.1290077 0.1336917 0.1163335 0.1050774 0.1145155 0.0936911 0.1300276 0.1704361 0.1385370 0.1055540 0.0781385 0.1004244 0.1258152 0.1156557 0.1231866 0.0813854 0.1087590 0.1320147 0.1491902 0.1387490 0.1129328 0.0847207 0.1088537 0.1091642 0.1385370 0.0811227 0.0524484 0.0987738 0.1053846 0.1335272 0.1119460 0.1023291 0.1200998 0.0830072 0.0922056 0.1000197 0.0924001 0.1430186 0.1136944 0.0613217 
S0299      0.4056867 0.3831653 0.1095986 0.0714221 0.0793697 0.1447678 0.1103886 0.0445452 0.1333657 0.0693702 0.1107541 0.0000000 0.1005942 0.1322918 0.1175193 0.0654447 0.0998919 0.0745812 0.0863095 0.0329677 0.0797079 0.0792585 0.1176646 0.0654330 0.0466221 0.0870403 0.1018277 0.1146522 0.0936011 0.0448677 0.0874775 0.0793791 0.0326781 0.0385088 0.0837869 0.0662691 0.0800194 0.0876548 0.1022019 0.1654282 0.0650424 0.1008320 0.1142815 0.0934837 0.0724191 0.1039144 0.0793697 0.0733098 0.0996773 0.1021728 0.0399853 0.1005887 0.0592534 0.0847079 0.0169399 0.0932506 0.1005580 0.1133169 0.0823536 0.1081304 0.1258352 0.0881821 0.1542050 0.1582793 0.0947313 0.1001761 0.0921727 0.1505965 0.0793697 0.1767991 0.0503963 0.1031648 0.1222990 0.0928843 0.0852973 0.1324721 0.1872486 0.0936392 0.0851578 0.0784217 0.0450153 0.0584314 0.0582361 0.1007953 0.0401351 0.0398173 0.1285662 0.1005500 0.0919130 0.0874316 0.0854954 0.0929159 0.1284090 0.0872384 0.0612784 0.0464426 0.1005525 0.0888011 0.0575203 0.1404044 0.1225044 0.0776123 0.0793565 0.0784217 0.0330489 0.0882948 0.0514095 0.0880119 0.0897935 
S0303      0.3818766 0.3825344 0.0833667 0.0757899 0.0573899 0.0838158 0.1140347 0.1144640 0.1156811 0.0813214 0.1212800 0.1005942 0.0000000 0.0578532 0.0211953 0.1142661 0.1073109 0.0863217 0.1148705 0.0997240 0.0645621 0.0573103 0.0770003 0.0766386 0.0806305 0.1125805 0.1022969 0.0640706 0.0276202 0.0902509 0.0724642 0.1228709 0.0851558 0.0918950 0.1079188 0.0732991 0.1092490 0.0678054 0.0103643 0.1447235 0.0705001 0.0102509 0.0982614 0.0989675 0.0510740 0.1344814 0.0573899 0.0580296 0.0907178 0.0829026 0.0950089 0.0504106 0.1124161 0.0836793 0.0605170 0.0507859 0.1260612 0.1060139 0.0902020 0.1001264 0.1143656 0.0565867 0.1262358 0.1045106 0.0656485 0.0911668 0.0841748 0.1168227 0.0573899 0.1468077 0.0937045 0.0930687 0.0981480 0.0445173 0.0975601 0.1225598 0.1681797 0.1227743 0.0987352 0.0706377 0.0778909 0.1007437 0.0849537 0.0215050 0.0742331 0.0998583 0.0452887 0.0275502 0.0215114 0.0983530 0.0501270 0.1002204 0.1000331 0.1227743 0.0603970 0.0505757 0.0779046 0.0944445 0.1008004 0.1110400 0.0944148 0.1178807 0.0766308 0.0706377 0.0842102 0.0500268 0.1242328 0.0989989 0.0462376 
S0308      0.4244303 0.3462329 0.1222874 0.1113282 0.0700353 0.1255640 0.1652483 0.1065862 0.1243352 0.1294823 0.1663722 0.1322918 0.0578532 0.0000000 0.0578109 0.1211426 0.1215765 0.1341204 0.1449063 0.1210012 0.0703533 0.0834216 0.0995335 0.0925418 0.0873533 0.1271380 0.0936474 0.0845923 0.0516886 0.1188874 0.1005453 0.1535162 0.1056506 0.0983688 0.1074592 0.0863913 0.1393735 0.0979194 0.0452395 0.1727909 0.0906409 0.0579881 0.1125432 0.1132987 0.0766956 0.1665984 0.0835352 0.0708318 0.1112281 0.0996338 0.0943687 0.0830278 0.1274372 0.0969426 0.0839735 0.0634066 0.1332122 0.0915244 0.0965806 0.1067871 0.1572707 0.0989555 0.1615991 0.1217288 0.1003755 0.1213921 0.0993189 0.1474556 0.0835352 0.1748715 0.1076497 0.1178920 0.1203443 0.0759767 0.1292510 0.0860738 0.1987916 0.1533900 0.1190726 0.0979611 0.0841761 0.1244945 0.1239280 0.0579771 0.0598462 0.1252741 0.0726178 0.0644500 0.0644500 0.1468347 0.0825343 0.1142912 0.1183913 0.1533900 0.0815302 0.0776068 0.0778628 0.1259562 0.0993593 0.1307835 0.1194361 0.1419499 0.0988567 0.0979611 0.1044567 0.0990777 0.1237028 0.1478959 0.0477004 
S0322      0.4068032 0.3806707 0.0761245 0.0700132 0.0450949 0.0862779 0.1288349 0.1143011 0.1008719 0.0884039 0.1064290 0.1175193 0.0211953 0.0578109 0.0000000 0.1220751 0.0929026 0.0933382 0.1223068 0.0995974 0.0645088 0.0450304 0.0769248 0.0832814 0.0724970 0.0973958 0.0878255 0.0632878 0.0276119 0.0901481 0.0723957 0.1304545 0.0850624 0.0917871 0.1152709 0.0599435 0.1167073 0.0621975 0.0050606 0.1611613 0.0576789 0.0212457 0.0908593 0.0988436 0.0390207 0.1424205 0.0450949 0.0455868 0.0771621 0.0770424 0.0807500 0.0320197 0.1201018 0.0704148 0.0690236 0.0264206 0.1105728 0.0917842 0.0767272 0.0859576 0.0956771 0.0565472 0.1260659 0.1116118 0.0722703 0.0858843 0.0788900 0.1265990 0.0450949 0.1462154 0.0940350 0.0791695 0.0842881 0.0505489 0.1139043 0.1075948 0.1678765 0.1303509 0.1122506 0.0577992 0.0778129 0.1080003 0.0987284 0.0212450 0.0597915 0.0997308 0.0381109 0.0329764 0.0268257 0.1054249 0.0318481 0.0860472 0.0858804 0.1303509 0.0670764 0.0388978 0.0647146 0.0932308 0.1006706 0.0960706 0.0937318 0.1069937 0.0893671 0.0577992 0.0841197 0.0566155 0.1319028 0.1061250 0.0351643 
S0327      0.4503096 0.4424259 0.1366015 0.0954952 0.1122294 0.1726145 0.1137333 0.0599949 0.1385882 0.0844118 0.1360449 0.0654447 0.1142661 0.1211426 0.1220751 0.0000000 0.1187556 0.0895311 0.0888473 0.0735109 0.1127604 0.1120677 0.1458050 0.0413079 0.0350124 0.1051247 0.1035895 0.1136939 0.0881200 0.0876032 0.0971967 0.0964831 0.0728152 0.0398548 0.0729214 0.0889142 0.0949701 0.0987762 0.1061282 0.1620586 0.1041218 0.1136088 0.1216859 0.1190058 0.1043855 0.1070782 0.1122294 0.1136732 0.1184996 0.0989322 0.0473656 0.1196419 0.0468153 0.1176633 0.0239302 0.0967606 0.1157493 0.1175702 0.0992659 0.1277654 0.1563667 0.1071341 0.1683725 0.1831025 0.0970363 0.1295521 0.1203438 0.1411258 0.1122294 0.1640799 0.0279622 0.1144724 0.1429062 0.0963712 0.1045363 0.1282021 0.1638497 0.0964085 0.0872133 0.0955560 0.0466152 0.0411562 0.0474136 0.1225197 0.0346490 0.0828528 0.1093219 0.1066267 0.0973611 0.0900314 0.1188524 0.1112740 0.1335221 0.0964085 0.0295504 0.0683151 0.0959714 0.1011788 0.0468153 0.1410418 0.1338230 0.0923559 0.0955138 0.1108124 0.0591103 0.0995387 0.0403770 0.0906463 0.0962103 
S0335      0.4300644 0.3781897 0.0503818 0.0828856 0.0624761 0.1453615 0.1271077 0.1041539 0.0906782 0.0934621 0.1161693 0.0998919 0.1073109 0.1215765 0.0929026 0.1187556 0.0000000 0.1062848 0.1168725 0.0834303 0.0846608 0.0623914 0.1057813 0.0994545 0.0724009 0.0785566 0.0823834 0.0977002 0.0844556 0.0905265 0.0690609 0.1246164 0.0832820 0.0761811 0.1130104 0.0566078 0.1114630 0.0995471 0.0925575 0.1878839 0.0705998 0.1075646 0.0961621 0.0880599 0.0561618 0.1358661 0.0624761 0.0631675 0.0767195 0.1141842 0.0653532 0.0775948 0.1020076 0.0494224 0.0684901 0.0708695 0.0771329 0.0744610 0.0751513 0.0759231 0.1092988 0.1147098 0.1585722 0.1338917 0.1093066 0.0833963 0.0766099 0.1823353 0.0624761 0.1809517 0.0982370 0.0775038 0.0557882 0.0838189 0.1054419 0.0826997 0.2050233 0.1245218 0.1100982 0.0320000 0.0630656 0.0927718 0.0993304 0.1075229 0.0534276 0.1149467 0.1006374 0.1072584 0.0984475 0.1183537 0.0771316 0.0154348 0.0850062 0.1245218 0.0868468 0.0648311 0.0685770 0.1083081 0.0912148 0.0870613 0.0786144 0.1152063 0.1113674 0.0617718 0.0690744 0.1148520 0.1135500 0.1191469 0.0340501 
S0400      0.3056911 0.2880739 0.1113233 0.0523879 0.0717169 0.1282688 0.0162007 0.0799087 0.1310999 0.0000023 0.1090070 0.0745812 0.0863217 0.1341204 0.0933382 0.0895311 0.1062848 0.0000000 0.0107926 0.0733424 0.0805797 0.0586069 0.0855629 0.0722172 0.0618898 0.1202561 0.0779963 0.1033586 0.0791044 0.0796825 0.0589365 0.0163999 0.0726491 0.0795277 0.0953351 0.0517827 0.0161649 0.0588065 0.0791227 0.1227412 0.0730312 0.0858595 0.0826632 0.0918755 0.0649811 0.0227076 0.0717169 0.0725525 0.1012548 0.0655966 0.0679521 0.0866459 0.0741395 0.0908879 0.0432967 0.0872767 0.1307166 0.1302285 0.1134739 0.1340845 0.1053802 0.0726084 0.1204898 0.0983533 0.0599541 0.1267659 0.1177835 0.1070445 0.0717169 0.1242328 0.0795277 0.1083494 0.1134212 0.0731533 0.0732763 0.1301195 0.1240343 0.0163895 0.0712520 0.0845709 0.0723391 0.0673418 0.0594715 0.1117394 0.0762631 0.0730655 0.0885538 0.0965492 0.0878066 0.0000023 0.0721318 0.0992502 0.1156541 0.0163895 0.0000028 0.0404079 0.0988194 0.0686675 0.1025593 0.1225312 0.1159048 0.0845649 0.0510137 0.0708725 0.0589692 0.0659726 0.0883944 0.0000023 0.1118553 
S0405      0.3568321 0.3211815 0.1334916 0.0631260 0.0824232 0.1620284 0.0272251 0.0907726 0.1520301 0.0110122 0.1130105 0.0863095 0.1148705 0.1449063 0.1223068 0.0888473 0.1168725 0.0107926 0.0000000 0.0842524 0.0765119 0.0693185 0.1056149 0.1004728 0.0731256 0.1224556 0.0824347 0.1143224 0.0985166 0.0983128 0.0627945 0.0157532 0.0841013 0.0903456 0.1062786 0.0499141 0.0160494 0.0787467 0.1071125 0.1339268 0.0838939 0.1227855 0.0820299 0.0948138 0.0756764 0.0217811 0.0824232 0.0833705 0.1120525 0.0926287 0.0790757 0.1054510 0.0735804 0.1014248 0.0695792 0.0981547 0.1297358 0.1407827 0.1240157 0.1448572 0.0998188 0.1002426 0.1315392 0.1270937 0.0945721 0.1376345 0.1296393 0.1180299 0.0824232 0.1354996 0.0992297 0.1310694 0.1239620 0.0840422 0.0768060 0.1319268 0.1772803 0.0157435 0.0747524 0.0951785 0.0831245 0.0865742 0.0862358 0.1058500 0.0875279 0.1009080 0.1178625 0.1075896 0.0987348 0.0104937 0.0904234 0.1098802 0.1461786 0.0157435 0.0053973 0.0583755 0.1015550 0.0724212 0.1134621 0.1415016 0.1391348 0.0839026 0.0692212 0.0814728 0.0697345 0.0931642 0.1001604 0.0105493 0.1168809 
S0407sl    0.4380896 0.3948579 0.0843640 0.0697672 0.0774921 0.1363395 0.1076459 0.0494988 0.1152873 0.0682004 0.1013740 0.0329677 0.0997240 0.1210012 0.0995974 0.0735109 0.0834303 0.0733424 0.0842524 0.0000000 0.0778140 0.0773856 0.1147285 0.0578192 0.0275490 0.0785222 0.0849888 0.1062874 0.0774269 0.0321966 0.0715469 0.0914524 0.0209994 0.0382118 0.0899220 0.0647130 0.0787041 0.0855378 0.0783243 0.1521463 0.0705653 0.0999583 0.1131800 0.0912387 0.0707207 0.1013290 0.0774921 0.0783923 0.0832502 0.0996673 0.0393673 0.0839785 0.0592059 0.0827232 0.0228406 0.0771435 0.0845816 0.0961521 0.0674919 0.0910278 0.1225052 0.0860388 0.1333337 0.1541923 0.0941715 0.0921921 0.0851101 0.1380541 0.0774921 0.1539511 0.0571843 0.0861065 0.1043878 0.0768405 0.0917747 0.1136594 0.1761223 0.0913854 0.0892541 0.0633869 0.0322965 0.0579551 0.0577632 0.0999224 0.0402889 0.0449328 0.1095446 0.0996816 0.0911357 0.0853230 0.0834742 0.0768744 0.1094145 0.0851411 0.0536032 0.0520633 0.0839682 0.0955460 0.0570587 0.1211608 0.1103674 0.0620575 0.0835835 0.0765866 0.0210870 0.0861465 0.0576537 0.0858753 0.0727226 
S0412sl    0.4427664 0.3243187 0.0998790 0.0636816 0.0449545 0.0960813 0.1155748 0.0842666 0.1245752 0.0754731 0.1008082 0.0797079 0.0645621 0.0703533 0.0645088 0.1127604 0.0846608 0.0805797 0.0765119 0.0778140 0.0000000 0.0448913 0.0645423 0.0781430 0.0666610 0.0886063 0.0724278 0.0706708 0.0582678 0.0765083 0.0725497 0.0988997 0.0776740 0.0706229 0.0772001 0.0523080 0.0859482 0.0515815 0.0516401 0.1273266 0.0455827 0.0647125 0.0750345 0.0848046 0.0388937 0.1091740 0.0449545 0.0333327 0.0761591 0.0583084 0.0593907 0.0635694 0.0961050 0.0626520 0.0555607 0.0571902 0.1090759 0.1044915 0.0757344 0.0848197 0.0904202 0.0648082 0.1098706 0.1201594 0.0657383 0.0847484 0.0778463 0.1172662 0.0449545 0.1288329 0.0925397 0.0879709 0.0982912 0.0569598 0.0839815 0.1227773 0.1492152 0.0988260 0.0762860 0.0707178 0.0575677 0.0939513 0.0935710 0.0510909 0.0534421 0.0940868 0.0727650 0.0792297 0.0713261 0.0926869 0.0505806 0.0846830 0.1186190 0.0988260 0.0605098 0.0334957 0.0780001 0.0873778 0.0923790 0.1310523 0.1196682 0.0765866 0.0706505 0.0576389 0.0635814 0.0648887 0.1077764 0.0932969 0.0459017 
S0419      0.4117543 0.3341448 0.0560708 0.0382436 0.0101258 0.0801630 0.0910792 0.0771926 0.0763517 0.0598882 0.0861301 0.0792585 0.0573103 0.0834216 0.0450304 0.1120677 0.0623914 0.0586069 0.0693185 0.0773856 0.0448913 0.0000000 0.0647769 0.0777102 0.0465026 0.0807444 0.0632373 0.0774395 0.0512156 0.0760941 0.0381726 0.0760604 0.0772468 0.0702412 0.0781809 0.0214536 0.0638828 0.0387106 0.0448393 0.1334612 0.0270078 0.0574429 0.0544841 0.0679414 0.0050069 0.0850147 0.0101258 0.0102239 0.0446517 0.0641779 0.0464014 0.0325659 0.0812888 0.0316079 0.0552463 0.0268717 0.0869635 0.0834109 0.0692909 0.0780525 0.0873703 0.0509038 0.1011384 0.0817145 0.0456583 0.0645428 0.0580475 0.1154872 0.0101258 0.1193382 0.0920136 0.0731975 0.0552033 0.0381164 0.0769339 0.0753582 0.1388957 0.0760072 0.0758741 0.0318120 0.0572638 0.0794982 0.0791979 0.0574322 0.0468772 0.0935419 0.0650938 0.0713651 0.0638286 0.0701755 0.0211300 0.0562852 0.0707754 0.0760072 0.0464528 0.0159830 0.0496126 0.0720297 0.0918540 0.0799622 0.0780863 0.0923306 0.0702686 0.0207531 0.0632443 0.0509669 0.1071436 0.0706085 0.0216454 
S0427      0.4498899 0.3648299 0.1057483 0.0916667 0.0648675 0.1093810 0.1119168 0.1070098 0.1343113 0.0657079 0.1139416 0.1176646 0.0770003 0.0995335 0.0769248 0.1458050 0.1057813 0.0855629 0.1056149 0.1147285 0.0645423 0.0647769 0.0000000 0.0974075 0.0888258 0.0722777 0.0925875 0.0923406 0.0865194 0.0976296 0.0861108 0.1132998 0.1145097 0.0922902 0.1311870 0.0524820 0.1082606 0.0694518 0.0636940 0.1522604 0.0723571 0.0771774 0.0742551 0.1066443 0.0583055 0.1242685 0.0648675 0.0524930 0.0772151 0.0828005 0.0877303 0.0706168 0.1274179 0.0704567 0.0835321 0.0711328 0.0864774 0.1034960 0.0905842 0.0988168 0.1139225 0.0769468 0.1412576 0.1188771 0.0657611 0.0839377 0.0771040 0.1698770 0.0648675 0.1623979 0.1313766 0.0834640 0.1152278 0.0569802 0.0907312 0.1151681 0.2082429 0.1132134 0.0896186 0.0859368 0.0918861 0.1236482 0.1137182 0.0935799 0.0885879 0.1143731 0.0717930 0.1099915 0.1008975 0.0898069 0.0572124 0.0834040 0.1175260 0.1132134 0.0661305 0.0517480 0.0994184 0.0874271 0.1159795 0.1205615 0.1185573 0.1252810 0.0748138 0.0786604 0.0841852 0.0770411 0.1486675 0.0903805 0.0742908 
S0428sl    0.3839506 0.3509604 0.0974232 0.0780366 0.0778184 0.1240949 0.1068360 0.0516320 0.1087831 0.0671307 0.1008860 0.0654330 0.0766386 0.0925418 0.0832814 0.0413079 0.0994545 0.0722172 0.1004728 0.0578192 0.0781430 0.0777102 0.0974075 0.0000000 0.0224760 0.0945834 0.1013729 0.0925141 0.0931934 0.0502807 0.0870973 0.1081776 0.0572960 0.0390984 0.0586740 0.0797935 0.0940775 0.0697632 0.0698558 0.1464610 0.0789439 0.0835602 0.0901941 0.1079009 0.0710173 0.1190857 0.0778184 0.0787258 0.0835978 0.0636797 0.0341955 0.0769137 0.0472891 0.0830667 0.0055521 0.0643950 0.1001138 0.1128115 0.0820170 0.0993074 0.1244872 0.0704584 0.1361211 0.1260597 0.0790052 0.0925848 0.0848237 0.1263721 0.0778184 0.1482267 0.0390984 0.0848474 0.1217377 0.0641356 0.0784498 0.1165535 0.1578421 0.1080944 0.0711457 0.0780944 0.0330386 0.0337309 0.0331799 0.1003496 0.0285217 0.0578488 0.0717755 0.1022081 0.0934015 0.0846777 0.0764575 0.0925145 0.0940822 0.1080944 0.0346158 0.0456836 0.0860388 0.0745905 0.0584230 0.1040363 0.0948907 0.0697421 0.0634059 0.0921527 0.0446833 0.0640348 0.0337717 0.0852223 0.0750415 
S0478      0.4094749 0.3303998 0.0797241 0.0520080 0.0592794 0.1321498 0.0962953 0.0278139 0.0813972 0.0633179 0.0885146 0.0466221 0.0806305 0.0873533 0.0724970 0.0350124 0.0724009 0.0618898 0.0731256 0.0275490 0.0666610 0.0465026 0.0888258 0.0224760 0.0000000 0.0606594 0.0737817 0.0865008 0.0592305 0.0458095 0.0407445 0.0802820 0.0335824 0.0107203 0.0463443 0.0472399 0.0674230 0.0668652 0.0662942 0.1393362 0.0522423 0.0808233 0.0930215 0.0726195 0.0527324 0.0898924 0.0592794 0.0599630 0.0527723 0.0743678 0.0164917 0.0585918 0.0230754 0.0588721 0.0174091 0.0395646 0.0667401 0.0784991 0.0507800 0.0731748 0.0924357 0.0672454 0.1291665 0.1350901 0.0821505 0.0741266 0.0671905 0.1205595 0.0592794 0.1410275 0.0281804 0.0610552 0.0855548 0.0587633 0.0737714 0.0802720 0.1628271 0.0802227 0.0650739 0.0458159 0.0106740 0.0224777 0.0225313 0.0727192 0.0110209 0.0535082 0.0742545 0.0725544 0.0648511 0.0736776 0.0582481 0.0658424 0.0754856 0.0802227 0.0354939 0.0344694 0.0527257 0.0617266 0.0280401 0.0854990 0.0761443 0.0496877 0.0725356 0.0585802 0.0216650 0.0673318 0.0342435 0.0745590 0.0755231 
S0552sl    0.5458348 0.4610237 0.0957467 0.0864227 0.0808595 0.1407663 0.1494042 0.0854315 0.1129566 0.1065598 0.1125553 0.0870403 0.1125805 0.1271380 0.0973958 0.1051247 0.0785566 0.1202561 0.1224556 0.0785222 0.0886063 0.0807444 0.0722777 0.0945834 0.0606594 0.0000000 0.0715782 0.1259996 0.0884493 0.0856603 0.0785716 0.1218542 0.0783804 0.0712517 0.1156143 0.0532509 0.1256364 0.0963429 0.0970248 0.1510743 0.0584942 0.1128576 0.0845772 0.1013383 0.0737687 0.1426499 0.0808595 0.0666906 0.0595355 0.1016156 0.0602010 0.0876452 0.0888364 0.0726250 0.0708432 0.0804818 0.0338324 0.0705553 0.0393245 0.0466668 0.1171345 0.1199480 0.1345639 0.1529657 0.1217536 0.0661256 0.0594517 0.1618776 0.0808595 0.1554316 0.0934133 0.0463756 0.0949736 0.0941993 0.1011427 0.0870137 0.2007482 0.1305289 0.1054652 0.0595721 0.0580642 0.0948541 0.0944655 0.1128098 0.0618053 0.1101895 0.1221805 0.1125169 0.1031710 0.1240749 0.0870968 0.0719460 0.1068545 0.1305289 0.0823897 0.0671850 0.0662646 0.1054192 0.0932507 0.1096848 0.1157873 0.0993190 0.1067033 0.0798773 0.0513107 0.1201022 0.1088309 0.1249479 0.0619800 
S0558      0.4990687 0.4070013 0.0973226 0.0707664 0.0506764 0.1384878 0.1052204 0.1061302 0.0988891 0.0730126 0.1167553 0.1018277 0.1022969 0.0936474 0.0878255 0.1035895 0.0823834 0.0779963 0.0824347 0.0849888 0.0724278 0.0632373 0.0925875 0.1013729 0.0737817 0.0715782 0.0000000 0.1004960 0.0794120 0.0991768 0.0495542 0.0894580 0.0848352 0.0775876 0.1220028 0.0266315 0.0832226 0.0727454 0.0874889 0.1488580 0.0715852 0.1025416 0.0975182 0.0824314 0.0569186 0.0990453 0.0633242 0.0512313 0.0987018 0.0713865 0.0665876 0.0786895 0.0875894 0.0816929 0.0777160 0.0718618 0.1002553 0.1121903 0.0904186 0.1087833 0.1116715 0.1016139 0.1153921 0.1358542 0.1109366 0.1084566 0.1009547 0.1360050 0.0633242 0.1344532 0.1001071 0.0860118 0.0757409 0.0850009 0.1059586 0.0823583 0.1757733 0.0893940 0.0889155 0.0626004 0.0705997 0.1016687 0.1012432 0.1025031 0.0676037 0.1172077 0.1035973 0.1022499 0.0934607 0.0834605 0.0782135 0.0759108 0.0931325 0.0893940 0.0533299 0.0464086 0.0502605 0.1012538 0.0999430 0.0873856 0.0931200 0.0915884 0.0832677 0.0626004 0.0703337 0.1017420 0.1157570 0.0839893 0.1031634 
S0616      0.3860291 0.3336992 0.1161982 0.0979425 0.0775460 0.0882322 0.1404526 0.1285812 0.1338487 0.0984005 0.1512247 0.1146522 0.0640706 0.0845923 0.0632878 0.1136939 0.0977002 0.1033586 0.1143224 0.1062874 0.0706708 0.0774395 0.0923406 0.0925141 0.0865008 0.1259996 0.1004960 0.0000000 0.0720601 0.1044543 0.1009527 0.1222757 0.1060900 0.0983320 0.1074077 0.0864927 0.0941957 0.0848179 0.0576974 0.1908673 0.0851600 0.0707564 0.1051712 0.1381809 0.0707788 0.1338037 0.0775460 0.0649159 0.0970729 0.0988047 0.1016718 0.0689573 0.1118612 0.0966880 0.0544183 0.0558799 0.1163126 0.1053028 0.1181050 0.1144210 0.1456675 0.0927307 0.1697518 0.1451392 0.0800857 0.0907321 0.0837778 0.1715053 0.0775460 0.1931721 0.0865939 0.1248728 0.1060664 0.0573991 0.0971170 0.1476584 0.2183872 0.1221801 0.0980316 0.0918035 0.0841596 0.1093093 0.1088377 0.0561549 0.0726269 0.1251923 0.0215749 0.0571208 0.0501753 0.1158187 0.0685602 0.1068067 0.1278322 0.1221801 0.0678696 0.0649732 0.1147107 0.0774815 0.1074321 0.1312195 0.1216488 0.0911534 0.0922373 0.0918035 0.0905166 0.0858087 0.1236246 0.1166185 0.0742513 
S0620      0.4426800 0.4143099 0.0842445 0.0625501 0.0512874 0.1115466 0.1231079 0.0911229 0.1000050 0.0740659 0.1230121 0.0936011 0.0276202 0.0516886 0.0276119 0.0881200 0.0844556 0.0791044 0.0985166 0.0774269 0.0582678 0.0512156 0.0865194 0.0931934 0.0592305 0.0884493 0.0794120 0.0720601 0.0000000 0.0912025 0.0519789 0.1060458 0.0639616 0.0702798 0.0989686 0.0525420 0.0843948 0.0776313 0.0162032 0.1514829 0.0567546 0.0276862 0.0893587 0.0768885 0.0450805 0.1166568 0.0512874 0.0518540 0.0840499 0.1007967 0.0725585 0.0509451 0.0867317 0.0771426 0.0627722 0.0448242 0.0923269 0.0834537 0.0690223 0.0853819 0.1056427 0.0648990 0.1328251 0.1316578 0.0572610 0.0930918 0.0859419 0.1152852 0.0512874 0.1532673 0.0783937 0.0806301 0.0762662 0.0446401 0.1069261 0.0986281 0.1601406 0.1059659 0.0964384 0.0507024 0.0572976 0.0934550 0.0930796 0.0276845 0.0602784 0.0940263 0.0596501 0.0276299 0.0215741 0.0997814 0.0506561 0.0778265 0.0942062 0.1059659 0.0610016 0.0452587 0.0573313 0.1040177 0.0782425 0.0956685 0.0950144 0.0906571 0.0907266 0.0507024 0.0632802 0.0649797 0.1071940 0.1004453 0.0479789 
S0624      0.4670351 0.4217378 0.0839335 0.0830897 0.0761974 0.1411467 0.1143078 0.0617351 0.1004863 0.0678390 0.1158676 0.0448677 0.0902509 0.1188874 0.0901481 0.0876032 0.0905265 0.0796825 0.0983128 0.0321966 0.0765083 0.0760941 0.0976296 0.0502807 0.0458095 0.0856603 0.0991768 0.1044543 0.0912025 0.0000000 0.0852267 0.1058329 0.0321404 0.0501383 0.0829795 0.0780920 0.0927589 0.0764931 0.0764673 0.1442240 0.0772786 0.0904577 0.1037134 0.1055695 0.0695472 0.1164286 0.0761974 0.0770680 0.0689438 0.0901998 0.0516868 0.0692224 0.0725701 0.0685242 0.0226158 0.0758596 0.0917981 0.1037136 0.0676767 0.0903972 0.1067397 0.0771276 0.1416121 0.1490452 0.0997922 0.0841254 0.0772787 0.1468946 0.0761974 0.1628199 0.0700321 0.0856510 0.1046956 0.0755653 0.0902125 0.1289356 0.1856289 0.1057533 0.0827343 0.0635649 0.0439447 0.0643819 0.0637128 0.0981966 0.0461026 0.0506869 0.0994576 0.1145070 0.1054487 0.0916768 0.0688210 0.0838394 0.1014150 0.0993425 0.0530718 0.0515610 0.0979653 0.0938594 0.0698912 0.1126474 0.1022907 0.0690650 0.0830051 0.0902029 0.0322741 0.0772223 0.0706293 0.0922742 0.0855130 
S0641      0.4807892 0.3935462 0.0689117 0.0569072 0.0500170 0.1363706 0.0839930 0.0851523 0.0975156 0.0602321 0.0855408 0.0874775 0.0724642 0.1005453 0.0723957 0.0971967 0.0690609 0.0589365 0.0627945 0.0715469 0.0725497 0.0381726 0.0861108 0.0870973 0.0407445 0.0785716 0.0495542 0.1009527 0.0519789 0.0852267 0.0000000 0.0693813 0.0714185 0.0644849 0.0929101 0.0326297 0.0642370 0.0717432 0.0590348 0.1228249 0.0635887 0.0726349 0.0986028 0.0436181 0.0439627 0.0779999 0.0500170 0.0505571 0.0781351 0.0921410 0.0665783 0.0642263 0.0676024 0.0752467 0.0635178 0.0577815 0.1013312 0.1051092 0.0834988 0.0930074 0.0666737 0.0721474 0.1060715 0.1283549 0.0802951 0.1012430 0.0938727 0.1245015 0.0500170 0.1242378 0.0860419 0.0861557 0.0615998 0.0575470 0.0712497 0.0812591 0.1635816 0.0693335 0.0757094 0.0376386 0.0577892 0.0735064 0.0732341 0.0726164 0.0608213 0.1022845 0.0877520 0.0724527 0.0647857 0.0635671 0.0638507 0.0628183 0.0918309 0.0693335 0.0404759 0.0396240 0.0494721 0.0731203 0.0858839 0.0940674 0.0784690 0.0850953 0.0701150 0.0494594 0.0575766 0.0722377 0.1010412 0.0639533 0.0728383 
S0643      0.3441548 0.2784136 0.1416679 0.0697521 0.0894487 0.1714292 0.0330862 0.0980916 0.1607464 0.0167381 0.1386490 0.0793791 0.1228709 0.1535162 0.1304545 0.0964831 0.1246164 0.0163999 0.0157532 0.0914524 0.0988997 0.0760604 0.1132998 0.1081776 0.0802820 0.1218542 0.0894580 0.1222757 0.1060458 0.1058329 0.0693813 0.0000000 0.0912867 0.0976238 0.1140200 0.0561695 0.0216757 0.0859155 0.1149233 0.1342223 0.0834796 0.1309795 0.0895452 0.1020288 0.0825461 0.0275733 0.0894487 0.0835386 0.1198310 0.1001126 0.0862970 0.1131292 0.0807861 0.1087669 0.0769695 0.1056546 0.1380505 0.1491007 0.1319003 0.1534548 0.1246734 0.1079269 0.1399924 0.1351906 0.1022245 0.1461164 0.1379343 0.1286852 0.0894487 0.1442259 0.1068132 0.1394462 0.1318446 0.0912235 0.0837914 0.1399897 0.1873027 0.0212559 0.0815296 0.1024260 0.0902165 0.0940005 0.0936197 0.1309171 0.0950362 0.1086555 0.1260939 0.1154305 0.1062835 0.0159399 0.0977123 0.1174865 0.1548711 0.0212559 0.0109365 0.0650581 0.1089036 0.0794987 0.1213503 0.1502625 0.1477188 0.0916285 0.0759516 0.0884099 0.0765188 0.1006958 0.1078372 0.0160259 0.1168809 
S0645sl    0.4472776 0.4238143 0.0983998 0.0696447 0.0773536 0.1519181 0.1074428 0.0494139 0.1141674 0.0675443 0.1164730 0.0326781 0.0851558 0.1056506 0.0850624 0.0728152 0.0832820 0.0726491 0.0841013 0.0209994 0.0776740 0.0772468 0.1145097 0.0572960 0.0335824 0.0783804 0.0848352 0.1060900 0.0639616 0.0321404 0.0714185 0.0912867 0.0000000 0.0381451 0.0897610 0.0645981 0.0647856 0.0853824 0.0713422 0.1695445 0.0704402 0.0853541 0.1120377 0.0910739 0.0705951 0.1011389 0.0773536 0.0782508 0.0831025 0.0994829 0.0392967 0.0838279 0.0586580 0.0825774 0.0169178 0.0770064 0.0837944 0.0959805 0.0673770 0.0908637 0.1222566 0.0858815 0.1498162 0.1538734 0.0922563 0.0920239 0.0843149 0.1362611 0.0773536 0.1715588 0.0499152 0.0859493 0.1041974 0.0767043 0.0916078 0.1134457 0.1816179 0.0912199 0.0890961 0.0632756 0.0322400 0.0578518 0.0576608 0.0853284 0.0402151 0.0448533 0.1093352 0.0851312 0.0771064 0.0851683 0.0833257 0.0767382 0.1092058 0.0849871 0.0535044 0.0519698 0.0838179 0.0953654 0.0569582 0.1199279 0.1028633 0.0614576 0.0834338 0.0764514 0.0210494 0.0859888 0.0571335 0.0857186 0.0875804 
S0656sl    0.4647004 0.4068210 0.0908644 0.0628950 0.0703377 0.1438788 0.1140391 0.0441044 0.0927449 0.0744712 0.1082846 0.0385088 0.0918950 0.0983688 0.0917871 0.0398548 0.0761811 0.0795277 0.0903456 0.0382118 0.0706229 0.0702412 0.0922902 0.0390984 0.0107203 0.0712517 0.0775876 0.0983320 0.0702798 0.0501383 0.0644849 0.0976238 0.0381451 0.0000000 0.0558272 0.0578453 0.0848391 0.0780873 0.0778505 0.1509908 0.0636127 0.0921087 0.1046123 0.0837256 0.0637494 0.1077209 0.0703377 0.0711405 0.0760154 0.0781851 0.0161297 0.0766705 0.0275254 0.0755432 0.0228642 0.0573316 0.0772086 0.0886450 0.0608685 0.0835325 0.1136157 0.0785330 0.1407205 0.1449090 0.0935825 0.0845877 0.0776964 0.1248496 0.0703377 0.1527714 0.0266594 0.0716729 0.0965950 0.0697474 0.0842028 0.0914787 0.1747254 0.0975520 0.0689924 0.0566761 0.0156119 0.0269760 0.0269049 0.0920787 0.0163546 0.0641990 0.0940158 0.0918626 0.0836319 0.0914890 0.0762174 0.0697817 0.0869624 0.0975520 0.0468278 0.0390494 0.0637395 0.0805219 0.0156778 0.0973370 0.0877059 0.0683386 0.0763187 0.0695251 0.0263923 0.0786308 0.0382612 0.0920833 0.0741668 
S0673      0.4626448 0.3419314 0.1221532 0.0973709 0.0919586 0.1636761 0.1316397 0.0832807 0.1404756 0.0975737 0.1503034 0.0837869 0.1079188 0.1074592 0.1152709 0.0729214 0.1130104 0.0953351 0.1062786 0.0899220 0.0772001 0.0781809 0.1311870 0.0586740 0.0463443 0.1156143 0.1220028 0.1074077 0.0989686 0.0829795 0.0929101 0.1140200 0.0897610 0.0558272 0.0000000 0.0926185 0.1006962 0.1077120 0.1002795 0.1511539 0.0779832 0.1157139 0.1065721 0.1447026 0.0848510 0.1250861 0.0919586 0.0930579 0.0982923 0.1078848 0.0650808 0.0987234 0.0394529 0.1118121 0.0550851 0.0779341 0.1220324 0.1339554 0.1013895 0.1212507 0.1668736 0.1159104 0.1408696 0.1555149 0.1026614 0.1228938 0.1151449 0.1244802 0.0919586 0.1529379 0.0631977 0.1161525 0.1275469 0.0776258 0.1223566 0.1384092 0.1749235 0.1139325 0.0834820 0.0978720 0.0566610 0.0386511 0.0385399 0.1156652 0.0465167 0.1072627 0.1031481 0.1080929 0.0991887 0.1076561 0.0981150 0.1130381 0.1344906 0.1139325 0.0540243 0.0646753 0.1063805 0.1195941 0.0758557 0.1478901 0.1356907 0.0823999 0.0913638 0.0978720 0.0752703 0.1085185 0.0503335 0.1083873 0.1050877 
S0689      0.4022354 0.3498812 0.0638671 0.0332626 0.0159305 0.0989243 0.0699295 0.0581072 0.0715232 0.0466399 0.0730960 0.0662691 0.0732991 0.0863913 0.0599435 0.0889142 0.0566078 0.0517827 0.0499141 0.0647130 0.0523080 0.0214536 0.0524820 0.0797935 0.0472399 0.0532509 0.0266315 0.0864927 0.0525420 0.0780920 0.0326297 0.0561695 0.0645981 0.0578453 0.0926185 0.0000000 0.0570256 0.0466164 0.0596928 0.1190135 0.0279156 0.0734735 0.0485187 0.0499553 0.0159305 0.0641006 0.0214850 0.0217075 0.0582708 0.0658597 0.0343636 0.0461849 0.0736365 0.0323704 0.0494951 0.0399957 0.0658719 0.0706925 0.0570824 0.0726538 0.0741566 0.0596495 0.0876340 0.0777477 0.0608273 0.0662616 0.0595793 0.1090186 0.0214850 0.1050957 0.0788442 0.0603237 0.0565920 0.0521269 0.0580130 0.0567660 0.1431676 0.0561321 0.0562264 0.0325842 0.0510619 0.0800060 0.0797020 0.0734544 0.0473615 0.0801230 0.0821063 0.0732866 0.0655090 0.0505181 0.0336767 0.0505519 0.0658412 0.0561321 0.0281456 0.0165267 0.0323705 0.0529311 0.0786918 0.0669987 0.0727322 0.0769333 0.0507579 0.0212470 0.0511335 0.0597252 0.0934678 0.0508134 0.0355449 
