116
CRNC        0.0000000 0.3019006 0.4115059 0.5758829 0.4709437 0.6696302 0.6088245 0.6118920 0.6750489 0.5791050 0.6281675 0.6828562 0.6239817 0.6196764 0.6529046 0.6167022 0.6279050 0.6251537 0.6714227 0.6186993 0.6431642 0.6130587 0.6457868 0.5916282 0.6233452 0.5985006 0.6579285 0.6108279 0.6439034 0.6085286 0.6239111 0.7281907 0.6240254 0.6379780 0.5905109 0.6363588 0.6178965 0.6019959 0.6635602 0.6405057 0.6079965 0.6877557 0.6389546 0.6357353 0.5915652 0.6195964 0.6168878 0.6202783 0.5864389 0.6257270 0.5990322 0.6358736 0.5982275 0.6167766 0.6313867 0.6188418 0.6164402 0.6366603 0.6227369 0.6297341 0.6388389 0.6497383 0.5650876 0.6084995 0.6693693 0.5673254 0.6055016 0.6153894 0.6324312 0.6396591 0.6533415 0.6079361 0.6503596 0.5879462 0.6095707 0.5959196 0.6245611 0.6201539 0.5808646 0.6042678 0.6072783 0.6033063 0.6122032 0.6233340 0.5986763 0.6054236 0.6435426 0.6707805 0.6455646 0.6212279 0.6475375 0.6813726 0.5994219 0.6059314 0.6331563 0.6105667 0.6048028 0.6226250 0.6101448 0.6150264 0.5871455 0.5644404 0.6617081 0.6051725 0.6050022 0.6290445 0.6323890 0.6567350 0.6208474 0.6230349 0.6583897 0.5973746 0.6651756 0.6139113 0.6619351 0.6111032 
HYZL        0.3019006 0.0000000 0.1445911 0.4484553 0.5095191 0.5432569 0.4922320 0.5037753 0.5552440 0.5217746 0.5158910 0.5553146 0.5438132 0.5181404 0.5271361 0.5236432 0.5264147 0.5116807 0.5830392 0.5190695 0.5229323 0.5034313 0.5638020 0.4998365 0.5175583 0.4980434 0.5598237 0.5067923 0.5385550 0.5020553 0.5189458 0.5938954 0.5221302 0.5409052 0.5042057 0.5199483 0.5075567 0.4997861 0.5524159 0.4995003 0.5050294 0.5493069 0.5416726 0.5409185 0.4972751 0.5135008 0.5398987 0.5211244 0.5102768 0.5130527 0.4990232 0.5006977 0.5141347 0.5036696 0.5327749 0.5098626 0.5040131 0.5376442 0.5506782 0.5412316 0.5449350 0.5502823 0.4521843 0.4623028 0.5618455 0.4773872 0.5203335 0.5198537 0.5368349 0.5232036 0.5242081 0.5403849 0.5060974 0.5191209 0.4900547 0.5093168 0.5516028 0.4910235 0.5101596 0.4979982 0.5244614 0.4990109 0.5318820 0.5062590 0.4850973 0.4851124 0.5424673 0.5568244 0.5443527 0.5215740 0.5315872 0.5709847 0.4797843 0.5068892 0.5219778 0.5086286 0.5335171 0.5524113 0.5194147 0.5094135 0.5082613 0.4874484 0.5681869 0.4959374 0.5139582 0.5376844 0.5484020 0.5682798 0.5063932 0.5108981 0.5446661 0.5423378 0.5368318 0.5159118 0.6470476 0.4884292 
MYZV        0.4115059 0.1445911 0.0000000 0.5818962 0.6274715 0.6281939 0.5713076 0.6050559 0.6143226 0.6184754 0.5852456 0.6050209 0.6430023 0.5880805 0.5925475 0.5960288 0.6069297 0.6163917 0.6359104 0.6032802 0.6382731 0.6226528 0.6679810 0.5774127 0.5954069 0.5656367 0.6551127 0.5941157 0.6124273 0.6087725 0.5948335 0.6734056 0.6137521 0.6327927 0.5835987 0.6116590 0.6288282 0.5868222 0.6144768 0.5790049 0.5746165 0.6275034 0.6174989 0.6301703 0.5665771 0.5880473 0.6133584 0.5981763 0.5896994 0.6088801 0.5733556 0.6052991 0.5806605 0.6068535 0.6048390 0.6150167 0.6071675 0.6262251 0.6220503 0.6406136 0.6481030 0.6213858 0.5234921 0.5537655 0.6375158 0.5576472 0.5824324 0.6137319 0.5987526 0.5928699 0.5882954 0.6546855 0.6145747 0.5940768 0.5636613 0.5687475 0.6317749 0.5399289 0.5985772 0.6002694 0.6097978 0.5873734 0.6154817 0.5636655 0.5801785 0.5746297 0.6070922 0.6392801 0.6122465 0.5935608 0.6387583 0.6318785 0.5828299 0.5922572 0.6074035 0.5708355 0.6322282 0.6744383 0.6182280 0.5730175 0.5723058 0.5692808 0.6472436 0.5735589 0.6079590 0.6328762 0.6416114 0.6120063 0.5876556 0.6092622 0.6154914 0.6572032 0.6165052 0.5861063 0.7194099 0.5607217 
SRR6441723  0.5758829 0.4484553 0.5818962 0.0000000 0.0000010 0.1151065 0.0902759 0.0860610 0.1421686 0.0924080 0.0815119 0.1446328 0.0994103 0.1069566 0.1590438 0.1488820 0.1217517 0.1006558 0.1252292 0.1167179 0.1152228 0.0496095 0.0416196 0.0984362 0.0896742 0.0907821 0.1252963 0.1125013 0.1255306 0.0860121 0.0952297 0.1686531 0.1201413 0.1153468 0.1097201 0.1122514 0.1173829 0.1029424 0.1307255 0.0863148 0.0930053 0.1272775 0.1099935 0.1194551 0.1003390 0.0818420 0.0561981 0.1196779 0.0916790 0.1144014 0.1025754 0.0914934 0.1007934 0.0879518 0.1030145 0.0882501 0.0906113 0.1067207 0.0562760 0.1168324 0.1053894 0.1192115 0.0635921 0.0834858 0.1137429 0.1041846 0.1031451 0.1010154 0.1150303 0.1107440 0.1458312 0.0801564 0.1145184 0.1227276 0.1003409 0.1050380 0.1083745 0.0718470 0.0822537 0.0559752 0.1176716 0.0979268 0.1162202 0.0936350 0.0918630 0.0791697 0.1369969 0.1193618 0.1065423 0.1155484 0.1141960 0.1346142 0.0956810 0.1256672 0.1225483 0.0904603 0.1037672 0.0523079 0.0990376 0.1022862 0.0829886 0.0870933 0.1143731 0.0893757 0.1065476 0.0979423 0.1072907 0.1262320 0.0888570 0.0834716 0.1283697 0.0830656 0.1195316 0.0983081 0.1176526 0.0838667 
ERR4210213  0.4709437 0.5095191 0.6274715 0.0000010 0.0000000 0.1766752 0.1162720 0.0470553 0.1152043 0.0977616 0.1510850 0.1024319 0.0435410 0.1526020 0.1291348 0.1227462 0.1631175 0.1436440 0.1227569 0.1727272 0.1032426 0.0188276 0.0855863 0.0767573 0.1548410 0.1392142 0.0992435 0.1076467 0.1054096 0.0506541 0.0953474 0.0945235 0.1645926 0.0972785 0.0628513 0.1359038 0.1251965 0.1656462 0.1169984 0.1335423 0.1390416 0.1381063 0.0983136 0.0889910 0.1235913 0.1567852 0.0790254 0.1740911 0.0952237 0.1703547 0.0622086 0.1094341 0.0824325 0.0507469 0.1449440 0.0470553 0.0509865 0.0672176 0.0791419 0.1047747 0.1599339 0.0930317 0.1020344 0.0710538 0.0938659 0.0702714 0.0678625 0.0560424 0.0881711 0.0765509 0.1284371 0.1144863 0.0834777 0.1269146 0.1310799 0.0651413 0.0855470 0.0962579 0.0671357 0.0660220 0.1382771 0.1579904 0.0550222 0.1580175 0.1337027 0.0653893 0.0893223 0.0931225 0.0979322 0.1591509 0.1139670 0.1148548 0.1477859 0.1680368 0.1782259 0.1448277 0.1394881 0.0976617 0.0268128 0.1673386 0.1548168 0.0694842 0.0695547 0.1344214 0.0935642 0.0629656 0.0661103 0.1075530 0.1403120 0.0628116 0.0953946 0.1152861 0.0932313 0.1404407 0.1162889 0.1326747 
ERR2789774  0.6696302 0.5432569 0.6281939 0.1151065 0.1766752 0.0000000 0.0643952 0.1293104 0.1568628 0.1327703 0.0429311 0.1603477 0.1220539 0.0508797 0.1410492 0.1457962 0.1443182 0.1472994 0.1509262 0.1447439 0.1283349 0.1312451 0.1463092 0.1039927 0.0410381 0.0439897 0.1468099 0.1032197 0.1381583 0.1269936 0.1139850 0.1662829 0.1431409 0.1339366 0.1333069 0.1048091 0.1327439 0.1335532 0.1462885 0.0719109 0.0380296 0.1557583 0.1296382 0.1446521 0.0908372 0.0388368 0.1342895 0.1459559 0.1094422 0.1417725 0.1158887 0.0711033 0.1402289 0.1252267 0.0483984 0.1305873 0.1311936 0.1435717 0.1288797 0.1333100 0.1346067 0.1471999 0.0889996 0.0892851 0.1456033 0.1217042 0.1383773 0.1260381 0.1586303 0.1498085 0.1250598 0.1490621 0.1249015 0.1332910 0.1180746 0.1436612 0.1574023 0.1238414 0.1429224 0.1271773 0.1366198 0.0766857 0.1388950 0.0484294 0.0725416 0.1032672 0.1481568 0.1512265 0.1404523 0.1422968 0.1403103 0.1508818 0.1177009 0.1475531 0.1500163 0.0387236 0.1346571 0.1604692 0.1200264 0.0526783 0.0443614 0.0615594 0.1379431 0.0763832 0.1224574 0.1319189 0.1321176 0.1653205 0.0661313 0.1335225 0.1450212 0.1474485 0.1482953 0.0496038 0.2062619 0.0515489 
S0055       0.6088245 0.4922320 0.5713076 0.0902759 0.1162720 0.0643952 0.0000000 0.0861340 0.1193279 0.0986997 0.0433013 0.1250463 0.0832813 0.0536173 0.1067336 0.1201856 0.1178762 0.1245849 0.1169842 0.1165267 0.0893634 0.0945099 0.1199600 0.0714609 0.0444901 0.0495780 0.1125176 0.0674481 0.1015395 0.0884993 0.0809657 0.1241956 0.1210859 0.0982035 0.0884919 0.0815026 0.1086242 0.1093260 0.1117788 0.0478640 0.0424931 0.1211314 0.0909161 0.1092282 0.0654737 0.0433003 0.1044674 0.1210463 0.0765626 0.1197999 0.0884700 0.0455934 0.0949961 0.0859617 0.0509601 0.0872782 0.0876134 0.1018408 0.0994166 0.1020410 0.1160720 0.1069820 0.0568827 0.0629190 0.1040972 0.0985536 0.0999141 0.0944456 0.1158174 0.1104360 0.0905040 0.1156300 0.0886415 0.1096191 0.0922854 0.1023075 0.1138805 0.0846782 0.1025281 0.0981098 0.1095736 0.0464892 0.1005508 0.0489161 0.0466413 0.0673792 0.1074618 0.1061346 0.1036258 0.1191786 0.1026524 0.1191874 0.1044169 0.1251884 0.1288053 0.0431176 0.1135734 0.1236576 0.0830127 0.0542560 0.0466932 0.0206153 0.1021969 0.0466689 0.0891363 0.0925342 0.0887694 0.1240540 0.0415782 0.0898129 0.1088176 0.1139361 0.1054329 0.0486668 0.1572770 0.0341180 
S0196sl     0.6118920 0.5037753 0.6050559 0.0860610 0.0470553 0.1293104 0.0861340 0.0000000 0.1078534 0.0465594 0.0970661 0.1015873 0.0686296 0.1073972 0.1248680 0.0968386 0.0932845 0.0878460 0.0975824 0.0934093 0.0861848 0.0781667 0.1002774 0.0830949 0.1021333 0.0993531 0.0926494 0.0972027 0.0898443 0.0052214 0.0835098 0.0992437 0.0929811 0.0812313 0.0677018 0.1116081 0.0828033 0.0822302 0.0939991 0.0972713 0.0879691 0.1100005 0.0858442 0.0980066 0.0842138 0.0959822 0.0468534 0.0973753 0.1017615 0.0940623 0.0831023 0.0879753 0.0718876 0.0060892 0.1063638 0.0043415 0.0078831 0.0708998 0.0477821 0.0929205 0.0948293 0.0927714 0.0551666 0.0587556 0.0827436 0.0694471 0.0675048 0.0588069 0.0832424 0.0743732 0.1093566 0.0625075 0.0884144 0.0971555 0.0854020 0.0641522 0.0756260 0.0733358 0.0647871 0.0795698 0.0970409 0.0931025 0.0835605 0.1052425 0.0974629 0.0620767 0.0875070 0.0943111 0.0891590 0.0934894 0.0878895 0.1046851 0.0801529 0.1001938 0.1023446 0.0964993 0.0964304 0.1028707 0.0648485 0.1085715 0.0940303 0.0637415 0.0837548 0.0884784 0.0805502 0.0709342 0.0738186 0.1020886 0.0902989 0.0061071 0.0953263 0.0636965 0.0897136 0.1050644 0.0949662 0.0866363 
S0278       0.6750489 0.5552440 0.6143226 0.1421686 0.1152043 0.1568628 0.1193279 0.1078534 0.0000000 0.1116296 0.1391598 0.0639931 0.1231037 0.1406671 0.1684312 0.0590414 0.1601329 0.1551384 0.0578571 0.1621443 0.0630961 0.1213702 0.1419223 0.1238548 0.1298405 0.1346488 0.0544271 0.1405898 0.0556847 0.1063765 0.1241922 0.0711803 0.1594267 0.0666682 0.1180431 0.1354079 0.1488848 0.1512099 0.0508423 0.1355688 0.1290351 0.0698017 0.0683238 0.0927506 0.1316598 0.1325148 0.1121208 0.1675214 0.1450965 0.1661082 0.1367370 0.1204609 0.1255063 0.1066315 0.1379907 0.1090848 0.1083224 0.1234263 0.1099268 0.0798939 0.1576190 0.0833428 0.0643508 0.0959704 0.0562593 0.1318384 0.1269439 0.1040908 0.1400157 0.1272386 0.1631195 0.1310531 0.1355841 0.1620709 0.1345472 0.1246229 0.1323744 0.0790166 0.1181438 0.1288830 0.1582911 0.1324646 0.1379990 0.1384680 0.1358082 0.1034390 0.0557884 0.0789346 0.0790706 0.1569175 0.0786693 0.0476086 0.1574020 0.1636963 0.1642288 0.1293825 0.1581401 0.1455826 0.1222486 0.1454090 0.1290880 0.0978650 0.1349537 0.1241902 0.0726527 0.1246527 0.1309435 0.0646131 0.1400605 0.1107104 0.0554911 0.1268503 0.0778570 0.1387613 0.1670053 0.1193379 
S0281       0.5791050 0.5217746 0.6184754 0.0924080 0.0977616 0.1327703 0.0986997 0.0465594 0.1116296 0.0000000 0.1033426 0.1112611 0.0898968 0.1153192 0.1433930 0.1094125 0.1014654 0.0916205 0.0991696 0.0991775 0.0991445 0.0903252 0.0982283 0.0993945 0.1040849 0.1108065 0.0976907 0.1054499 0.0981709 0.0475173 0.0986781 0.1160038 0.1011283 0.0951598 0.0734898 0.1150640 0.0922292 0.0898907 0.1007506 0.1101121 0.1014914 0.1128079 0.0955377 0.0973154 0.0986856 0.1087860 0.0547581 0.1009597 0.1138776 0.1022559 0.0965143 0.1015488 0.0825402 0.0507630 0.1143148 0.0476785 0.0520463 0.0780308 0.0545764 0.1016743 0.0995350 0.1009725 0.0679762 0.0750076 0.0942881 0.0776829 0.0768813 0.0695618 0.0899155 0.0842851 0.1268025 0.0648946 0.1019415 0.0918842 0.0789894 0.0777572 0.0903787 0.0902375 0.0680102 0.0977944 0.0905733 0.0993867 0.1017632 0.1137314 0.1050476 0.0692930 0.0990111 0.1002266 0.0984324 0.0993308 0.1005349 0.1082028 0.0838530 0.1022045 0.1023487 0.1097152 0.0961365 0.1043489 0.0861059 0.1170467 0.1043320 0.0756018 0.0989375 0.1000430 0.0949238 0.0897823 0.0943526 0.1069820 0.1077135 0.0509295 0.1043977 0.0616743 0.1010054 0.1141553 0.1076399 0.1028748 
S0282       0.6281675 0.5158910 0.5852456 0.0815119 0.1510850 0.0429311 0.0433013 0.0970661 0.1391598 0.1033426 0.0000000 0.1373177 0.0956750 0.0210057 0.1204385 0.1273352 0.1181159 0.1255891 0.1317427 0.1190354 0.1040353 0.1021648 0.1200194 0.0810167 0.0134022 0.0217726 0.1244516 0.0782772 0.1169236 0.0971876 0.0869602 0.1407674 0.1173882 0.1125938 0.1096419 0.0817776 0.1104075 0.1083146 0.1267786 0.0464416 0.0180809 0.1394384 0.1031601 0.1179652 0.0669118 0.0115574 0.1072309 0.1235541 0.0829216 0.1161255 0.0935703 0.0456286 0.1135656 0.0956545 0.0171713 0.0982315 0.0985683 0.1174387 0.1038283 0.1109583 0.1137267 0.1193030 0.0635562 0.0663810 0.1187347 0.0976076 0.1139824 0.1012581 0.1271383 0.1213385 0.1071221 0.1203804 0.1060455 0.1115209 0.0943739 0.1148480 0.1310995 0.1011158 0.1154519 0.1006830 0.1122155 0.0564654 0.1122228 0.0171085 0.0477374 0.0834235 0.1222938 0.1241156 0.1130632 0.1165328 0.1098615 0.1336674 0.0985819 0.1215186 0.1237697 0.0198427 0.1125948 0.1363257 0.0920663 0.0228343 0.0209486 0.0416640 0.1117899 0.0531653 0.0971379 0.1047616 0.1036204 0.1397885 0.0417648 0.1008385 0.1220474 0.1157130 0.1230140 0.0143413 0.1867455 0.0304710 
S0289       0.6828562 0.5553146 0.6050209 0.1446328 0.1024319 0.1603477 0.1250463 0.1015873 0.0639931 0.1112611 0.1373177 0.0000000 0.1236467 0.1430070 0.1628456 0.0637038 0.1483654 0.1461035 0.0534130 0.1458462 0.0568757 0.1255568 0.1341601 0.1246368 0.1332291 0.1386197 0.0450529 0.1322097 0.0537854 0.1013428 0.1228058 0.0649460 0.1483820 0.0627869 0.1257641 0.1411457 0.1320437 0.1345215 0.0611525 0.1343441 0.1297606 0.0672210 0.0580348 0.0800928 0.1287515 0.1332015 0.1084585 0.1522200 0.1254432 0.1469640 0.1320331 0.1198955 0.1237572 0.1063553 0.1387127 0.1040069 0.1081708 0.1242862 0.1085812 0.0678299 0.1469923 0.0736393 0.0509621 0.0979656 0.0502393 0.1198857 0.1214924 0.1079127 0.1396859 0.1293500 0.1639564 0.1227813 0.1359274 0.1535087 0.1288220 0.1212961 0.1281347 0.0676478 0.1081225 0.1355151 0.1550962 0.1370491 0.1361406 0.1399522 0.1369923 0.1040564 0.0470517 0.0703504 0.0683673 0.1408322 0.0703393 0.0531154 0.1353078 0.1477273 0.1486775 0.1341423 0.1483046 0.1367189 0.1200541 0.1423510 0.1355190 0.1022506 0.1365004 0.1230616 0.0718830 0.1236651 0.1350571 0.0594183 0.1380116 0.1055975 0.0409097 0.1213102 0.0690876 0.1408071 0.1516829 0.1230530 
S0292       0.6239817 0.5438132 0.6430023 0.0994103 0.0435410 0.1220539 0.0832813 0.0686296 0.1231037 0.0898968 0.0956750 0.1236467 0.0000000 0.1061118 0.1195582 0.1183447 0.1258046 0.1198809 0.1110490 0.1302228 0.0997338 0.0788352 0.1026424 0.0824930 0.0995517 0.0988683 0.1079227 0.0906033 0.1036587 0.0708703 0.0856493 0.1167183 0.1258895 0.0988338 0.0819972 0.1117854 0.1062431 0.1169791 0.1071374 0.0891657 0.0901578 0.1338400 0.0918054 0.1116326 0.0823439 0.0933885 0.0838851 0.1360796 0.0944257 0.1260968 0.0822348 0.0804237 0.0802980 0.0684509 0.1049040 0.0697181 0.0721972 0.0905018 0.0801646 0.1011983 0.1185204 0.1046527 0.0594730 0.0649506 0.1020635 0.0953270 0.0829536 0.0794118 0.0960327 0.0929695 0.1063918 0.0967670 0.0829129 0.1229944 0.1124117 0.0892089 0.0975958 0.0886546 0.0847855 0.0823787 0.1242407 0.0917253 0.0399379 0.1013965 0.0961091 0.0528143 0.1045459 0.1039708 0.1009598 0.1263457 0.1025424 0.1182779 0.1076294 0.1299370 0.1348578 0.0930485 0.1145809 0.1118752 0.0116438 0.1059277 0.0879677 0.0567118 0.0396043 0.0904872 0.0861327 0.0256893 0.0216785 0.1193568 0.0924938 0.0709661 0.1107806 0.0962798 0.1040180 0.1053438 0.1214308 0.0834583 
S0293       0.6196764 0.5181404 0.5880805 0.1069566 0.1526020 0.0508797 0.0536173 0.1073972 0.1406671 0.1153192 0.0210057 0.1430070 0.1061118 0.0000000 0.1223402 0.1333376 0.1239447 0.1276365 0.1337382 0.1260631 0.1096661 0.1112533 0.1323556 0.0919567 0.0200885 0.0298405 0.1263896 0.0839011 0.1215843 0.1059433 0.1005363 0.1380283 0.1228542 0.1157051 0.1136614 0.0897273 0.1194062 0.1165140 0.1273968 0.0577810 0.0250754 0.1415566 0.1096957 0.1266961 0.0761660 0.0191029 0.1181568 0.1294957 0.0939376 0.1231079 0.1035314 0.0558842 0.1207349 0.1059062 0.0229653 0.1086100 0.1077847 0.1208612 0.1158620 0.1162131 0.1151383 0.1253373 0.0691801 0.0761961 0.1261718 0.1043036 0.1251748 0.1081699 0.1302486 0.1274766 0.1169554 0.1313098 0.1193113 0.1142066 0.1002667 0.1234991 0.1418027 0.1007733 0.1239473 0.1137944 0.1151567 0.0639970 0.1229679 0.0259520 0.0581012 0.0931602 0.1266751 0.1303365 0.1189170 0.1235506 0.1166081 0.1368782 0.1059200 0.1300023 0.1309890 0.0278097 0.1125155 0.1465369 0.1024681 0.0318646 0.0300170 0.0519497 0.1230774 0.0603673 0.1042590 0.1155339 0.1130515 0.1408138 0.0518863 0.1113479 0.1236757 0.1264554 0.1290666 0.0250374 0.1819324 0.0399268 
S0294       0.6529046 0.5271361 0.5925475 0.1590438 0.1291348 0.1410492 0.1067336 0.1248680 0.1684312 0.1433930 0.1204385 0.1628456 0.1195582 0.1223402 0.0000000 0.1609366 0.1667116 0.1742011 0.1640126 0.1653052 0.1485795 0.1470178 0.1572893 0.1101028 0.1220482 0.1153168 0.1500188 0.0954922 0.1451398 0.1237550 0.1131824 0.1676779 0.1651000 0.1444803 0.1434316 0.1307727 0.1542162 0.1535950 0.1595241 0.1121720 0.1030682 0.1640178 0.1419883 0.1610191 0.0840332 0.1178070 0.1452509 0.1685804 0.1004755 0.1621156 0.1465180 0.1008257 0.1491101 0.1182479 0.1209535 0.1261612 0.1280188 0.1551239 0.1371916 0.1437479 0.1618526 0.1539224 0.0960304 0.1051914 0.1459357 0.1357103 0.1534014 0.1412474 0.1636222 0.1537410 0.0735585 0.1503023 0.1594723 0.1598181 0.1329305 0.1403710 0.1614692 0.1121006 0.1511917 0.1431166 0.1612515 0.1142999 0.1338597 0.1216586 0.1247094 0.1138445 0.1537293 0.1582461 0.1546853 0.1646477 0.1497722 0.1657674 0.1410951 0.1680250 0.1738832 0.1137541 0.1537706 0.1673125 0.1130660 0.1267947 0.1147094 0.0817246 0.1351509 0.1118196 0.1331253 0.1185298 0.1235813 0.1623461 0.1254969 0.1291232 0.1544207 0.1527847 0.1522647 0.1236013 0.1687640 0.1102800 
S0299       0.6167022 0.5236432 0.5960288 0.1488820 0.1227462 0.1457962 0.1201856 0.0968386 0.0590414 0.1094125 0.1273352 0.0637038 0.1183447 0.1333376 0.1609366 0.0000000 0.1475631 0.1386791 0.0584444 0.1476120 0.0625112 0.1131573 0.1182699 0.1040030 0.1238065 0.1292494 0.0550877 0.1271221 0.0584224 0.0977695 0.1085273 0.0758704 0.1442551 0.0642911 0.1176286 0.1269541 0.1312893 0.1335420 0.0524933 0.1229081 0.1179031 0.0694861 0.0576092 0.0793365 0.1161124 0.1239465 0.1057791 0.1484962 0.1248699 0.1459094 0.1226869 0.1073430 0.1192390 0.0979611 0.1293930 0.0992343 0.1032151 0.1266152 0.1061021 0.0644819 0.1418043 0.0714709 0.0545396 0.0897346 0.0625277 0.1152704 0.1222818 0.0993948 0.1273843 0.1183149 0.1571022 0.1193677 0.1264050 0.1484741 0.1288276 0.1187605 0.1272549 0.0628881 0.1084758 0.1171643 0.1502633 0.1251718 0.1307781 0.1297878 0.1191310 0.0999189 0.0569328 0.0681977 0.0672616 0.1377625 0.0679425 0.0520834 0.1398712 0.1472512 0.1489298 0.1223740 0.1431385 0.1322547 0.1136807 0.1286490 0.1178318 0.0947264 0.1328979 0.1206016 0.0658210 0.1164887 0.1249624 0.0653556 0.1220722 0.1007949 0.0585996 0.1167773 0.0716717 0.1268803 0.1443963 0.1130076 
S0303       0.6279050 0.5264147 0.6069297 0.1217517 0.1631175 0.1443182 0.1178762 0.0932845 0.1601329 0.1014654 0.1181159 0.1483654 0.1258046 0.1239447 0.1667116 0.1475631 0.0000000 0.0662516 0.1498454 0.0080495 0.1395041 0.1319085 0.1379393 0.1088005 0.1198175 0.1145303 0.1435129 0.1282433 0.1367193 0.0899639 0.1151247 0.1526114 0.0062674 0.1329704 0.1074187 0.1350680 0.0605876 0.0063233 0.1384439 0.1247052 0.1071164 0.1571669 0.1272980 0.1366569 0.1164666 0.1143927 0.0956796 0.0164056 0.1339023 0.0099291 0.1104130 0.1187195 0.1124855 0.0945347 0.1229467 0.0934768 0.0996418 0.1142057 0.0978450 0.1321115 0.0656933 0.1337360 0.0929053 0.0984486 0.1403695 0.0422149 0.1099843 0.1061595 0.1183546 0.1243197 0.1494553 0.1039221 0.1284561 0.0591534 0.0591398 0.1155372 0.1294211 0.1170480 0.1117480 0.1261812 0.0557020 0.1158332 0.1474399 0.1194571 0.1186421 0.1049406 0.1501154 0.1381250 0.1284526 0.0099743 0.1288392 0.1481458 0.0439330 0.0136531 0.0135897 0.1166858 0.0621261 0.1314207 0.1167662 0.1298064 0.1170893 0.0960855 0.1447720 0.1125307 0.1255596 0.1322388 0.1274263 0.1565016 0.1238700 0.0971735 0.1440398 0.1016345 0.1369325 0.1267556 0.1543818 0.1188890 
S0308       0.6251537 0.5116807 0.6163917 0.1006558 0.1436440 0.1472994 0.1245849 0.0878460 0.1551384 0.0916205 0.1255891 0.1461035 0.1198809 0.1276365 0.1742011 0.1386791 0.0662516 0.0000000 0.1472954 0.0700697 0.1346356 0.1164003 0.1166640 0.1165813 0.1250388 0.1283050 0.1386131 0.1343915 0.1311922 0.0856024 0.1189675 0.1506192 0.0672796 0.1323159 0.1069211 0.1423714 0.0656807 0.0625733 0.1363499 0.1423517 0.1200158 0.1389072 0.1267330 0.1319666 0.1229531 0.1244545 0.0910169 0.0725813 0.1369701 0.0683184 0.1098010 0.1268841 0.1161749 0.0923466 0.1370487 0.0890476 0.0950846 0.1125182 0.0931452 0.1312892 0.0760081 0.1273247 0.0951998 0.0934293 0.1327403 0.0513283 0.1105113 0.1058547 0.1161158 0.1201330 0.1458953 0.1054809 0.1119960 0.0741049 0.0683457 0.1150993 0.1259459 0.1105366 0.1113804 0.1165497 0.0740165 0.1255238 0.1397427 0.1284031 0.1310454 0.1000714 0.1381523 0.1278833 0.1208432 0.0685996 0.1316643 0.1462075 0.0561797 0.0729752 0.0760873 0.1252931 0.0796823 0.1214228 0.1164967 0.1292554 0.1224371 0.1048252 0.1357592 0.1184784 0.1216069 0.1277134 0.1284079 0.1549452 0.1326263 0.0926660 0.1425595 0.1055745 0.1240691 0.1370383 0.1699000 0.1266069 
S0320       0.6714227 0.5830392 0.6359104 0.1252292 0.1227569 0.1509262 0.1169842 0.0975824 0.0578571 0.0991696 0.1317427 0.0534130 0.1110490 0.1337382 0.1640126 0.0584444 0.1498454 0.1472954 0.0000000 0.1459199 0.0548521 0.1224231 0.1242608 0.1113585 0.1268832 0.1304914 0.0465256 0.1362902 0.0507643 0.0996980 0.1172976 0.0705928 0.1484368 0.0674814 0.1108494 0.1328601 0.1347512 0.1346799 0.0571794 0.1268466 0.1192840 0.0545806 0.0621387 0.0816182 0.1238778 0.1251737 0.1027194 0.1496166 0.1349319 0.1470302 0.1295849 0.1200160 0.1141836 0.0974448 0.1288030 0.0999732 0.1004363 0.1150751 0.1013588 0.0677192 0.1406558 0.0695861 0.0533652 0.0943697 0.0474187 0.1205578 0.1191160 0.0973711 0.1259247 0.1157902 0.1557937 0.1120296 0.1289509 0.1387640 0.1218398 0.1092306 0.1119433 0.0677587 0.0973767 0.1235118 0.1413620 0.1215744 0.1208977 0.1317361 0.1284401 0.1002976 0.0460449 0.0696036 0.0697221 0.1394792 0.0700266 0.0449060 0.1445813 0.1514715 0.1513642 0.1261219 0.1431767 0.1256495 0.1112783 0.1366775 0.1233144 0.0920918 0.1234196 0.1190014 0.0722485 0.1103624 0.1158966 0.0508171 0.1311893 0.1015323 0.0421257 0.1093208 0.0683164 0.1326532 0.1459220 0.1171712 
S0322       0.6186993 0.5190695 0.6032802 0.1167179 0.1727272 0.1447439 0.1165267 0.0934093 0.1621443 0.0991775 0.1190354 0.1458462 0.1302228 0.1260631 0.1653052 0.1476120 0.0080495 0.0700697 0.1459199 0.0000000 0.1384414 0.1298229 0.1355980 0.1101762 0.1207071 0.1167230 0.1424685 0.1277371 0.1318540 0.0911688 0.1185384 0.1551729 0.0079183 0.1320676 0.1037950 0.1382502 0.0655577 0.0062079 0.1433326 0.1279598 0.1085128 0.1529867 0.1240511 0.1364798 0.1176840 0.1153814 0.0967838 0.0142122 0.1345431 0.0097016 0.1130893 0.1249644 0.1101222 0.0956500 0.1250879 0.0946130 0.1006595 0.1118159 0.0989041 0.1287074 0.0673649 0.1333805 0.0907899 0.0983025 0.1379998 0.0422728 0.1076588 0.1061909 0.1156451 0.1213886 0.1477634 0.1048690 0.1275958 0.0621795 0.0610718 0.1141098 0.1263278 0.1152568 0.1133891 0.1278715 0.0577106 0.1156201 0.1500019 0.1216377 0.1195548 0.1058468 0.1462054 0.1378260 0.1281997 0.0079544 0.1271362 0.1443083 0.0470038 0.0115320 0.0133202 0.1176303 0.0650454 0.1305643 0.1227684 0.1305248 0.1194891 0.0962508 0.1460280 0.1123853 0.1236553 0.1353318 0.1290994 0.1523241 0.1271185 0.0982397 0.1402622 0.1026285 0.1365130 0.1275184 0.1641509 0.1197907 
S0327       0.6431642 0.5229323 0.6382731 0.1152228 0.1032426 0.1283349 0.0893634 0.0861848 0.0630961 0.0991445 0.1040353 0.0568757 0.0997338 0.1096661 0.1485795 0.0625112 0.1395041 0.1346356 0.0548521 0.1384414 0.0000000 0.1034755 0.1190387 0.0978302 0.0982481 0.1064870 0.0431439 0.1099845 0.0407710 0.0885808 0.0995750 0.0614992 0.1395543 0.0515972 0.1057694 0.1186420 0.1231539 0.1261490 0.0510086 0.1043641 0.0959132 0.0603906 0.0521907 0.0613768 0.1053734 0.1002945 0.0987011 0.1392456 0.1098613 0.1381933 0.1120856 0.0897226 0.1080006 0.0895969 0.1068987 0.0873439 0.0888434 0.1091240 0.0964943 0.0560778 0.1306080 0.0511748 0.0378988 0.0733989 0.0396644 0.1160245 0.1062692 0.0938385 0.1193821 0.1081441 0.1356111 0.1162177 0.1093937 0.1344132 0.1159249 0.1036652 0.1096489 0.0508399 0.0977096 0.1057698 0.1335831 0.1041901 0.1151459 0.1061895 0.0978151 0.0832331 0.0482237 0.0491404 0.0471780 0.1349057 0.0563306 0.0561531 0.1288516 0.1398602 0.1450885 0.0989096 0.1303908 0.1222264 0.0946099 0.1151131 0.0986201 0.0759402 0.1166336 0.1010722 0.0516580 0.1011460 0.1077846 0.0617325 0.0957681 0.0899109 0.0401547 0.1097506 0.0481580 0.1070661 0.1417543 0.0871741 
S0335       0.6130587 0.5034313 0.6226528 0.0496095 0.0188276 0.1312451 0.0945099 0.0781667 0.1213702 0.0903252 0.1021648 0.1255568 0.0788352 0.1112533 0.1470178 0.1131573 0.1319085 0.1164003 0.1224231 0.1298229 0.1034755 0.0000000 0.0683447 0.0938228 0.1050124 0.1029851 0.1125373 0.1058006 0.1139675 0.0790731 0.0948596 0.1306061 0.1307379 0.1051413 0.0841766 0.1165834 0.1189768 0.1190568 0.1168291 0.1069217 0.1001539 0.1302057 0.0941408 0.1089155 0.1053364 0.0998802 0.0827915 0.1342697 0.1042618 0.1318868 0.0909564 0.1007047 0.0907448 0.0791425 0.1083989 0.0792756 0.0794389 0.0900074 0.0843074 0.1003131 0.1265193 0.1094604 0.0682839 0.0755610 0.1069808 0.1012527 0.0900342 0.0830456 0.0983765 0.0968511 0.1315194 0.0993681 0.1014206 0.1313787 0.1111736 0.0893107 0.1014863 0.0816146 0.0859783 0.0653658 0.1301928 0.1088424 0.0908990 0.1087840 0.0973700 0.0739589 0.1078796 0.1098018 0.1032853 0.1275494 0.1061780 0.1228677 0.1132043 0.1346865 0.1372581 0.1030371 0.1235151 0.0807349 0.0739573 0.1133420 0.0991881 0.0731906 0.0898628 0.1082167 0.0977670 0.0845327 0.0876022 0.1191674 0.0987498 0.0817136 0.1154854 0.1012308 0.1082662 0.1118303 0.1291083 0.0938751 
S0345       0.6457868 0.5638020 0.6679810 0.0416196 0.0855863 0.1463092 0.1199600 0.1002774 0.1419223 0.0982283 0.1200194 0.1341601 0.1026424 0.1323556 0.1572893 0.1182699 0.1379393 0.1166640 0.1242608 0.1355980 0.1190387 0.0683447 0.0000000 0.1084956 0.1192057 0.1184966 0.1267134 0.1250565 0.1244293 0.1001544 0.1132241 0.1531397 0.1313495 0.1228584 0.1092094 0.1383286 0.1254020 0.1243745 0.1338446 0.1277268 0.1128445 0.1336674 0.1071986 0.1216641 0.1162471 0.1161586 0.0958010 0.1385240 0.1213961 0.1338080 0.1135335 0.1173868 0.1189784 0.1024817 0.1257823 0.1026616 0.1066322 0.1155493 0.0975576 0.1140584 0.1292983 0.1172129 0.0878327 0.0895722 0.1210611 0.1034877 0.1137807 0.1083266 0.1274228 0.1164919 0.1441184 0.1125568 0.1210494 0.1293663 0.1128737 0.1161516 0.1235673 0.1051664 0.1035528 0.0868636 0.1299103 0.1207220 0.1133319 0.1249818 0.1164053 0.0931858 0.1240438 0.1201411 0.1159110 0.1308546 0.1212536 0.1307218 0.1166329 0.1352856 0.1366703 0.1158814 0.1269945 0.0450216 0.0980077 0.1246382 0.1141927 0.0967980 0.1123742 0.1164939 0.1147354 0.1070770 0.1136180 0.1317059 0.1229542 0.1053522 0.1312052 0.1145882 0.1255875 0.1253174 0.1532841 0.1107290 
S0376       0.5916282 0.4998365 0.5774127 0.0984362 0.0767573 0.1039927 0.0714609 0.0830949 0.1238548 0.0993945 0.0810167 0.1246368 0.0824930 0.0919567 0.1101028 0.1040030 0.1088005 0.1165813 0.1113585 0.1101762 0.0978302 0.0938228 0.1084956 0.0000000 0.0820938 0.0867943 0.1100831 0.0864208 0.1052310 0.0831984 0.0425186 0.1240000 0.1122296 0.0971234 0.0887928 0.0969735 0.1115778 0.0993960 0.1055439 0.0839185 0.0757178 0.1159862 0.0883230 0.0994728 0.0691555 0.0799563 0.0972940 0.1133308 0.0856157 0.1109733 0.0948034 0.0723970 0.0910194 0.0839954 0.0897510 0.0853455 0.0856163 0.1017145 0.0946244 0.0948458 0.1137403 0.0919700 0.0545521 0.0647053 0.1004566 0.0932801 0.0926211 0.0922489 0.1014435 0.0974272 0.0997869 0.1097794 0.1016789 0.1155402 0.0943919 0.0993700 0.1089308 0.0841799 0.1019134 0.0937205 0.1182184 0.0789550 0.1010222 0.0825539 0.0780608 0.0655766 0.1050357 0.0951004 0.0860712 0.1100184 0.0949918 0.1085681 0.1066482 0.1186111 0.1222244 0.0786213 0.1107787 0.1107018 0.0801181 0.0834945 0.0825823 0.0574087 0.1047931 0.0824693 0.0888607 0.0904438 0.0903171 0.1154142 0.0803944 0.0878428 0.1094332 0.1117576 0.0975904 0.0912274 0.1286616 0.0688136 
S0400       0.6233452 0.5175583 0.5954069 0.0896742 0.1548410 0.0410381 0.0444901 0.1021333 0.1298405 0.1040849 0.0134022 0.1332291 0.0995517 0.0200885 0.1220482 0.1238065 0.1198175 0.1250388 0.1268832 0.1207071 0.0982481 0.1050124 0.1192057 0.0820938 0.0000000 0.0227639 0.1178298 0.0808154 0.1133924 0.1022616 0.0880518 0.1369972 0.1190605 0.1103574 0.1111775 0.0843559 0.1130819 0.1099361 0.1201894 0.0507003 0.0190554 0.1331470 0.1033293 0.1144334 0.0691446 0.0115364 0.1104851 0.1252668 0.0866481 0.1177885 0.0985646 0.0488380 0.1162674 0.1006905 0.0161987 0.1033157 0.1036723 0.1150300 0.1055519 0.1111437 0.1153747 0.1129340 0.0635849 0.0697343 0.1135571 0.0979266 0.1157106 0.1064270 0.1287957 0.1229664 0.1111935 0.1266416 0.1100291 0.1120885 0.0987437 0.1190454 0.1356131 0.0950105 0.1180559 0.1070633 0.1127845 0.0566436 0.1163237 0.0218849 0.0497351 0.0822694 0.1187226 0.1176268 0.1067885 0.1182039 0.1100447 0.1283284 0.1026185 0.1214609 0.1254857 0.0208213 0.1142833 0.1317579 0.0959427 0.0266897 0.0210151 0.0449078 0.1188958 0.0534084 0.0963129 0.1087288 0.1075777 0.1343389 0.0449419 0.1059725 0.1154526 0.1218881 0.1178838 0.0191130 0.1868541 0.0315120 
S0405       0.5985006 0.4980434 0.5656367 0.0907821 0.1392142 0.0439897 0.0495780 0.0993531 0.1346488 0.1108065 0.0217726 0.1386197 0.0988683 0.0298405 0.1153168 0.1292494 0.1145303 0.1283050 0.1304914 0.1167230 0.1064870 0.1029851 0.1184966 0.0867943 0.0227639 0.0000000 0.1270755 0.0783849 0.1166938 0.0994774 0.0928417 0.1418416 0.1150680 0.1138337 0.1134724 0.0875627 0.1117443 0.1048202 0.1242201 0.0504917 0.0180910 0.1379037 0.1056467 0.1218067 0.0703546 0.0189507 0.1109989 0.1188001 0.0875978 0.1138108 0.0971987 0.0518497 0.1112605 0.0979302 0.0266816 0.1005241 0.1008692 0.1213574 0.1059476 0.1159486 0.1087201 0.1205344 0.0669875 0.0706540 0.1201279 0.0976654 0.1129208 0.1037558 0.1287062 0.1228799 0.1045773 0.1162290 0.1122373 0.1052833 0.0984009 0.1187974 0.1338870 0.0990678 0.1155350 0.1032094 0.1084767 0.0554199 0.1101302 0.0286050 0.0529725 0.0880191 0.1208430 0.1253691 0.1155514 0.1142091 0.1122411 0.1337601 0.0973824 0.1204524 0.1214242 0.0198539 0.1074563 0.1272183 0.0955207 0.0335286 0.0228526 0.0425436 0.1128933 0.0541978 0.1023504 0.1079801 0.1068368 0.1382363 0.0469202 0.1031490 0.1273628 0.1116067 0.1255820 0.0277285 0.1749866 0.0343843 
S0407sl     0.6579285 0.5598237 0.6551127 0.1252963 0.0992435 0.1468099 0.1125176 0.0926494 0.0544271 0.0976907 0.1244516 0.0450529 0.1079227 0.1263896 0.1500188 0.0550877 0.1435129 0.1386131 0.0465256 0.1424685 0.0431439 0.1125373 0.1267134 0.1100831 0.1178298 0.1270755 0.0000000 0.1179478 0.0422914 0.0935884 0.1110098 0.0574009 0.1421387 0.0497327 0.1171976 0.1243324 0.1254811 0.1312246 0.0462583 0.1217732 0.1132003 0.0624743 0.0536729 0.0724368 0.1111493 0.1179604 0.0976345 0.1473548 0.1173725 0.1407488 0.1228638 0.1080990 0.1156837 0.0961669 0.1244609 0.0938462 0.0954153 0.1151849 0.0961390 0.0636375 0.1372901 0.0593201 0.0492182 0.0876227 0.0368189 0.1099534 0.1127827 0.0973719 0.1241304 0.1194709 0.1480374 0.1150799 0.1240629 0.1407023 0.1277324 0.1150406 0.1201707 0.0573893 0.0972654 0.1187224 0.1418785 0.1242561 0.1191228 0.1269193 0.1249944 0.0938357 0.0400863 0.0561750 0.0562676 0.1360886 0.0623785 0.0468487 0.1315062 0.1437498 0.1437121 0.1189189 0.1392347 0.1272682 0.1067432 0.1291146 0.1175263 0.0853587 0.1228772 0.1198680 0.0556959 0.1055299 0.1190709 0.0596636 0.1253758 0.0965135 0.0228868 0.1096590 0.0562534 0.1277915 0.1429444 0.1101945 
S0412sl     0.6108279 0.5067923 0.5941157 0.1125013 0.1076467 0.1032197 0.0674481 0.0972027 0.1405898 0.1054499 0.0782772 0.1322097 0.0906033 0.0839011 0.0954922 0.1271221 0.1282433 0.1343915 0.1362902 0.1277371 0.1099845 0.1058006 0.1250565 0.0864208 0.0808154 0.0783849 0.1179478 0.0000000 0.1139687 0.0945503 0.0863414 0.1359029 0.1273367 0.1152158 0.1083713 0.0790446 0.1174437 0.1167485 0.1250553 0.0806415 0.0695509 0.1478051 0.1064734 0.1244416 0.0668445 0.0771614 0.1071741 0.1324691 0.0553714 0.1260197 0.1097207 0.0671276 0.1052927 0.0957732 0.0831837 0.0970139 0.0998829 0.1172653 0.1033263 0.1159992 0.1288495 0.1218386 0.0629267 0.0756430 0.1173247 0.0991405 0.1057608 0.1096821 0.1255056 0.1252712 0.0847420 0.1122057 0.1134158 0.1294661 0.1004903 0.1126765 0.1221922 0.1017344 0.1213579 0.1101192 0.1294102 0.0826038 0.1078938 0.0836468 0.0892798 0.0831332 0.1203208 0.1272826 0.1185155 0.1267545 0.1180631 0.1350716 0.1118310 0.1300008 0.1339501 0.0747933 0.1253736 0.1314040 0.0842572 0.0884003 0.0751337 0.0603444 0.1024880 0.0753748 0.1003571 0.0947173 0.0932475 0.1310835 0.0825625 0.1010234 0.1228718 0.1117940 0.1270896 0.0845872 0.1454332 0.0748901 
S0417       0.6439034 0.5385550 0.6124273 0.1255306 0.1054096 0.1381583 0.1015395 0.0898443 0.0556847 0.0981709 0.1169236 0.0537854 0.1036587 0.1215843 0.1451398 0.0584224 0.1367193 0.1311922 0.0507643 0.1318540 0.0407710 0.1139675 0.1244293 0.1052310 0.1133924 0.1166938 0.0422914 0.1139687 0.0000000 0.0923941 0.1058245 0.0557139 0.1341755 0.0497848 0.1054463 0.1220628 0.1267818 0.1219095 0.0442082 0.1107139 0.1049710 0.0614243 0.0565362 0.0647010 0.1076484 0.1130523 0.1039998 0.1333418 0.1148365 0.1328340 0.1182092 0.1009087 0.1060768 0.0945848 0.1191787 0.0946228 0.0985156 0.1123959 0.1001114 0.0585211 0.1304039 0.0564797 0.0431870 0.0827096 0.0408106 0.1106762 0.1087078 0.0946026 0.1229080 0.1127805 0.1343609 0.1206935 0.1178202 0.1342645 0.1156934 0.1067634 0.1117260 0.0507441 0.1038257 0.1153691 0.1307582 0.1162954 0.1134446 0.1167948 0.1037182 0.0879342 0.0418163 0.0523526 0.0524373 0.1269448 0.0596461 0.0458545 0.1287350 0.1357223 0.1369649 0.1103350 0.1265523 0.1244807 0.0997258 0.1194618 0.1114015 0.0791654 0.1104736 0.1066521 0.0549161 0.1013311 0.1095346 0.0576797 0.1062681 0.0972560 0.0402640 0.1141290 0.0536204 0.1175830 0.1535888 0.0932915 
S0419       0.6085286 0.5020553 0.6087725 0.0860121 0.0506541 0.1269936 0.0884993 0.0052214 0.1063765 0.0475173 0.0971876 0.1013428 0.0708703 0.1059433 0.1237550 0.0977695 0.0899639 0.0856024 0.0996980 0.0911688 0.0885808 0.0790731 0.1001544 0.0831984 0.1022616 0.0994774 0.0935884 0.0945503 0.0923941 0.0000000 0.0858506 0.1029104 0.0907266 0.0821678 0.0711190 0.1088330 0.0792129 0.0811680 0.0937775 0.0996908 0.0894346 0.1085014 0.0856441 0.1004743 0.0855226 0.0961025 0.0469106 0.0951051 0.1030718 0.0918047 0.0840335 0.0891998 0.0753912 0.0078571 0.1036421 0.0060993 0.0096689 0.0743495 0.0478403 0.0915282 0.0926538 0.0963668 0.0551331 0.0608943 0.0851192 0.0672571 0.0709630 0.0610639 0.0868748 0.0779149 0.1111474 0.0615139 0.0907923 0.0924758 0.0805187 0.0675680 0.0791888 0.0768414 0.0682410 0.0796690 0.0923672 0.0932184 0.0832655 0.1053758 0.0987225 0.0642409 0.0920108 0.0979331 0.0927204 0.0912217 0.0865274 0.1044330 0.0757249 0.0979005 0.1000450 0.0966194 0.0941937 0.1013327 0.0659971 0.1087138 0.0941484 0.0648852 0.0846694 0.0874632 0.0816254 0.0731922 0.0760824 0.1017020 0.0950780 0.0078799 0.0974634 0.0626999 0.0933006 0.1051971 0.0953363 0.0867447 
S0427       0.6239111 0.5189458 0.5948335 0.0952297 0.0953474 0.1139850 0.0809657 0.0835098 0.1241922 0.0986781 0.0869602 0.1228058 0.0856493 0.1005363 0.1131824 0.1085273 0.1151247 0.1189675 0.1172976 0.1185384 0.0995750 0.0948596 0.1132241 0.0425186 0.0880518 0.0928417 0.1110098 0.0863414 0.1058245 0.0858506 0.0000000 0.1231881 0.1182558 0.0967815 0.0927969 0.0926585 0.1117658 0.1052884 0.1097920 0.0866030 0.0804688 0.1264415 0.0950344 0.0981485 0.0714623 0.0858875 0.1009492 0.1229795 0.0871218 0.1169705 0.0938826 0.0749868 0.0992237 0.0832873 0.0970903 0.0857724 0.0894948 0.1069638 0.0970772 0.0996581 0.1132245 0.0977573 0.0601838 0.0669148 0.1018740 0.1010567 0.0964472 0.0927414 0.1133557 0.1038066 0.1024650 0.1080099 0.0996381 0.1240422 0.0968989 0.1031874 0.1173476 0.0850400 0.1025673 0.0993763 0.1252337 0.0834717 0.1016072 0.0870584 0.0851525 0.0651380 0.1057736 0.0994455 0.0903341 0.1133412 0.0985717 0.1140320 0.1051558 0.1247779 0.1259732 0.0833320 0.1131351 0.1196958 0.0832945 0.0891669 0.0873420 0.0621212 0.1029702 0.0814346 0.0916672 0.0898055 0.0935379 0.1200964 0.0863618 0.0882853 0.1046549 0.1099810 0.1019523 0.0974085 0.1325411 0.0789446 
S0428sl     0.7281907 0.5938954 0.6734056 0.1686531 0.0945235 0.1662829 0.1241956 0.0992437 0.0711803 0.1160038 0.1407674 0.0649460 0.1167183 0.1380283 0.1676779 0.0758704 0.1526114 0.1506192 0.0705928 0.1551729 0.0614992 0.1306061 0.1531397 0.1240000 0.1369972 0.1418416 0.0574009 0.1359029 0.0557139 0.1029104 0.1231881 0.0000000 0.1578334 0.0634146 0.1241174 0.1440564 0.1432545 0.1443094 0.0634440 0.1319030 0.1285437 0.0795338 0.0618553 0.0829306 0.1278895 0.1339836 0.1186109 0.1558838 0.1415933 0.1563753 0.1351583 0.1209959 0.1189394 0.1055786 0.1420527 0.1032011 0.1060467 0.1259581 0.1210161 0.0686139 0.1481717 0.0751275 0.0528271 0.0961695 0.0557654 0.1242436 0.1185368 0.1040785 0.1320421 0.1277659 0.1535311 0.1344638 0.1367324 0.1539459 0.1367924 0.1177019 0.1240576 0.0539794 0.1176648 0.1336884 0.1534883 0.1390692 0.1290606 0.1401126 0.1371525 0.1066361 0.0536354 0.0718447 0.0718870 0.1515802 0.0636464 0.0675344 0.1492040 0.1593126 0.1608643 0.1349348 0.1510869 0.1573487 0.1142487 0.1425974 0.1363394 0.0987329 0.1307261 0.1267791 0.0667571 0.1149621 0.1281534 0.0820799 0.1375794 0.1059663 0.0585444 0.1301334 0.0766306 0.1396198 0.1501618 0.1183943 
S0430       0.6240254 0.5221302 0.6137521 0.1201413 0.1645926 0.1431409 0.1210859 0.0929811 0.1594267 0.1011283 0.1173882 0.1483820 0.1258895 0.1228542 0.1651000 0.1442551 0.0062674 0.0672796 0.1484368 0.0079183 0.1395543 0.1307379 0.1313495 0.1122296 0.1190605 0.1150680 0.1421387 0.1273367 0.1341755 0.0907266 0.1182558 0.1578334 0.0000000 0.1318719 0.1067890 0.1379064 0.0627781 0.0035430 0.1386109 0.1289667 0.1068339 0.1541647 0.1249580 0.1357402 0.1147705 0.1137242 0.0963708 0.0152170 0.1316603 0.0070687 0.1125778 0.1229887 0.1135091 0.0952338 0.1234450 0.0941918 0.1002731 0.1152081 0.0985049 0.1310250 0.0634509 0.1326375 0.0927141 0.0978431 0.1404063 0.0414699 0.1110414 0.1070102 0.1203230 0.1249476 0.1487878 0.1032629 0.1260350 0.0593219 0.0592251 0.1163024 0.1300268 0.1181883 0.1154902 0.1275415 0.0559182 0.1189170 0.1471558 0.1199814 0.1204830 0.1054944 0.1487108 0.1370883 0.1274471 0.0062020 0.1294303 0.1467823 0.0442288 0.0088777 0.0070236 0.1159815 0.0610280 0.1276797 0.1170012 0.1289701 0.1163779 0.0981599 0.1445363 0.1143752 0.1246172 0.1338073 0.1287153 0.1549503 0.1281126 0.0978388 0.1427296 0.1010141 0.1357731 0.1258825 0.1554055 0.1207131 
S0478       0.6379780 0.5409052 0.6327927 0.1153468 0.0972785 0.1339366 0.0982035 0.0812313 0.0666682 0.0951598 0.1125938 0.0627869 0.0988338 0.1157051 0.1444803 0.0642911 0.1329704 0.1323159 0.0674814 0.1320676 0.0515972 0.1051413 0.1228584 0.0971234 0.1103574 0.1138337 0.0497327 0.1152158 0.0497848 0.0821678 0.0967815 0.0634146 0.1318719 0.0000000 0.1104316 0.1209472 0.1265248 0.1153586 0.0506578 0.1128709 0.1019427 0.0730125 0.0552352 0.0687005 0.1064048 0.1075183 0.0999370 0.1316393 0.1184991 0.1305237 0.1102777 0.0978793 0.1090143 0.0857944 0.1152012 0.0835392 0.0873304 0.1155694 0.0984306 0.0595300 0.1343868 0.0635579 0.0463880 0.0833404 0.0538937 0.1047233 0.1073945 0.0928833 0.1288695 0.1161848 0.1403525 0.1091768 0.1152707 0.1391203 0.1199950 0.1088516 0.1132596 0.0725103 0.1022616 0.1109444 0.1355600 0.1089211 0.1101223 0.1170372 0.1071672 0.0793091 0.0508358 0.0616703 0.0604672 0.1299963 0.0633185 0.0630645 0.1270588 0.1359793 0.1399421 0.1045084 0.1363463 0.1271941 0.0963919 0.1198755 0.1095364 0.0760600 0.1095917 0.1107707 0.0539703 0.1033266 0.1111230 0.0710104 0.1086834 0.0860969 0.0486481 0.1106167 0.0593190 0.1178835 0.1301321 0.0993063 
