134
CRNC          0.0000000 0.2524131 0.2465683 0.3334412 0.5731704 0.3438441 0.2875838 0.3400666 0.3167803 0.3331934 0.3391404 0.3370853 0.4803673 0.3666752 0.3482383 0.3865279 0.3407470 0.3158849 0.3646001 0.4203592 0.3538843 0.3344220 0.3159491 0.3333423 0.3332219 0.5252670 0.3127730 0.4195803 0.3119679 0.3672035 0.5574307 0.3363529 0.3993279 0.3411279 0.3595105 0.3604225 0.3127109 0.4329519 0.3369061 0.3445284 0.4487623 0.4152437 0.4074240 0.3213949 0.3447206 0.2935918 0.3436816 0.3377240 0.3402370 0.3220308 0.3520744 0.3311691 0.3343806 0.3140854 0.3468271 0.3119679 0.3115753 0.3257839 0.2953682 0.4805820 0.3527161 0.3911345 0.3234385 0.4283612 0.3063119 0.3518026 0.3260698 0.3359683 0.3278500 0.3843865 0.3156431 0.3272756 0.3250331 0.3601564 0.2923130 0.3228119 0.3139329 0.3238692 0.3191798 0.3392589 0.2929273 0.3620454 0.3349205 0.3734874 0.3520141 0.3170871 0.3272871 0.3584299 0.3436696 0.3467004 0.3076261 0.3926705 0.4232953 0.3202932 0.3289267 0.3444469 0.3389681 0.3518949 0.3157839 0.3289514 0.3450147 0.3446881 0.3469788 0.3267882 0.3855626 0.3386640 0.3175831 0.3256280 0.3546847 0.3404839 0.3075225 0.3962600 0.3105813 0.4089348 0.3309362 0.3118212 0.3234056 0.3429568 0.3320352 0.4474390 0.3371999 0.4643721 0.3282274 0.3580247 0.3334019 0.3624706 0.3971369 0.3376503 0.3295837 0.5639473 0.3416054 0.3431770 0.3605852 0.3144269 
HYZL          0.2524131 0.0000000 0.1141621 0.3465886 0.4427399 0.3671029 0.2607338 0.3396221 0.3331089 0.3573412 0.3359500 0.3713923 0.4777353 0.3373825 0.3431170 0.3490967 0.3900801 0.3790801 0.3818491 0.4957817 0.3454111 0.3644669 0.3931432 0.3321426 0.3389248 0.5122213 0.3426001 0.4550108 0.3395444 0.3567826 0.5336953 0.3914536 0.4970632 0.3945089 0.3813648 0.3832711 0.3887341 0.4574349 0.3442622 0.3335155 0.5149713 0.5187269 0.4343434 0.3660835 0.3440905 0.3338819 0.3752621 0.3460559 0.3509968 0.3757184 0.3257293 0.3694704 0.3752559 0.3416798 0.3449297 0.3367566 0.3343415 0.3837662 0.3254195 0.5152201 0.3821893 0.4435997 0.3259101 0.4384887 0.3752025 0.3808536 0.3871000 0.3620889 0.3791848 0.3594508 0.3608533 0.3396247 0.3159808 0.3737809 0.3723383 0.3761094 0.3585335 0.3237471 0.3306259 0.3425205 0.4424925 0.3936627 0.3397888 0.3579562 0.3660153 0.3740934 0.3369790 0.3468028 0.3560337 0.3376068 0.3837448 0.4317821 0.5169580 0.3760328 0.3639222 0.3900636 0.3784033 0.3439928 0.3660580 0.3439414 0.3299124 0.3452518 0.3334398 0.3302312 0.3627327 0.3495804 0.3802089 0.3361178 0.3424120 0.3475949 0.3334926 0.3704641 0.3806396 0.4541906 0.3358478 0.3713645 0.3659475 0.3331554 0.3739369 0.4946093 0.3531234 0.5064924 0.3430542 0.3578546 0.3471167 0.3453663 0.4738719 0.3792500 0.3071669 0.5478837 0.3524166 0.3302379 0.3631369 0.3148700 
MYZV          0.2465683 0.1141621 0.0000000 0.3190628 0.5198289 0.3143082 0.2415287 0.3181225 0.3108126 0.3313417 0.3084654 0.3082310 0.3550236 0.3229328 0.3314090 0.3034009 0.3399573 0.3181069 0.3478141 0.4040731 0.3168461 0.3489485 0.3308469 0.3040224 0.3129418 0.3984927 0.2887748 0.3504272 0.3185989 0.3345177 0.4641933 0.3438879 0.3864318 0.3619918 0.3572427 0.3576818 0.3340562 0.3728133 0.3041449 0.3151531 0.4273655 0.4118783 0.3586430 0.3148865 0.3161828 0.2974048 0.3338795 0.3177439 0.3061556 0.3152290 0.2869445 0.3173511 0.3172745 0.3231845 0.3156217 0.3156801 0.3083338 0.3218560 0.3020316 0.4056216 0.3474495 0.3679397 0.3118029 0.3542958 0.3163209 0.3314753 0.3294989 0.3343905 0.3504806 0.3502067 0.3372041 0.2916904 0.3128221 0.3110456 0.3077638 0.3259104 0.3072832 0.2968912 0.3208185 0.3087001 0.4798552 0.3560436 0.3081991 0.3077996 0.3318862 0.3624735 0.3110896 0.3255398 0.3069177 0.3207975 0.2568308 0.3553018 0.3855089 0.3323065 0.3216368 0.3469673 0.3334550 0.3187590 0.3161291 0.3272268 0.3146704 0.3215424 0.3124645 0.2988343 0.3272850 0.3048819 0.3208548 0.3146734 0.3200085 0.3089775 0.3125428 0.3381204 0.3532138 0.3730239 0.3128713 0.3345533 0.3405989 0.3167007 0.3254584 0.3670119 0.3149071 0.3902292 0.3049758 0.3212782 0.3320109 0.3165589 0.3730098 0.3476911 0.3140296 0.5109322 0.3134855 0.3196282 0.3429523 0.3049351 
SRR6441723    0.3334412 0.3465886 0.3190628 0.0000000 0.2309608 0.0848506 0.2153546 0.0831567 0.0624023 0.0877546 0.0761191 0.0936211 0.2196714 0.0729315 0.0778068 0.1171452 0.1196423 0.1319039 0.1127895 0.2194014 0.0533367 0.0511118 0.1134749 0.0771131 0.0751478 0.2373007 0.0772664 0.1751338 0.0631212 0.0896327 0.1886100 0.1193921 0.2070743 0.1175275 0.0994373 0.1226853 0.1173580 0.2107449 0.0912767 0.0718058 0.2673335 0.2059409 0.1951139 0.0915588 0.0753155 0.0817403 0.1144361 0.1728750 0.0929355 0.1113163 0.0982648 0.0975544 0.0967176 0.0609722 0.0802598 0.0597963 0.0590245 0.0994188 0.0861380 0.2312283 0.1131486 0.1975975 0.0614151 0.1913820 0.0915729 0.1060388 0.0905086 0.0985417 0.1008475 0.1044386 0.0888748 0.1570116 0.0799551 0.1141802 0.1092646 0.0898771 0.0882303 0.1599058 0.0632310 0.1681956 0.1449686 0.1028462 0.0499117 0.1060407 0.0872463 0.0782471 0.1683085 0.0802550 0.0881342 0.0645285 0.1252708 0.1871636 0.2314678 0.1214759 0.1091352 0.1147977 0.1179889 0.0789801 0.1017003 0.0336923 0.0602051 0.0806264 0.0690807 0.0970805 0.0843896 0.0908825 0.1504516 0.0631731 0.0635929 0.0882463 0.0595684 0.1670709 0.0921470 0.2156426 0.0713869 0.0871486 0.0819612 0.0441141 0.0960120 0.2244964 0.0737766 0.2221183 0.0791569 0.0789450 0.0498541 0.0537424 0.1925513 0.0865225 0.0556004 0.3512921 0.0645039 0.0447143 0.0765184 0.0581656 
ERR4210213    0.5731704 0.4427399 0.5198289 0.2309608 0.0000000 0.2356521 0.3840115 0.2177072 0.2163593 0.2395138 0.2084915 0.2458621 0.4504550 0.2053211 0.2240889 0.2491347 0.2605130 0.2671597 0.2692722 0.5178112 0.1753383 0.1880256 0.2467977 0.2169580 0.2096227 0.4602660 0.2082310 0.4489059 0.2057744 0.2295427 0.3190515 0.2612377 0.4676648 0.2705459 0.2382961 0.3101033 0.2456230 0.4773165 0.2244751 0.2133469 0.4732385 0.5157308 0.3664756 0.2343330 0.2130529 0.2364589 0.2547376 0.3186194 0.2426721 0.2397832 0.2699936 0.2085544 0.2626341 0.2109225 0.2078901 0.2057744 0.2084774 0.2716231 0.2457361 0.4120564 0.2672277 0.3518422 0.2102850 0.5653091 0.2490097 0.2708722 0.2448603 0.2601733 0.2714411 0.2385265 0.2505136 0.2963155 0.2192884 0.2742591 0.2382269 0.2828077 0.2683602 0.2982711 0.2149472 0.3145718 0.2288381 0.2698896 0.1962743 0.2787215 0.2174648 0.2311058 0.3137168 0.2316937 0.2184326 0.2174304 0.2318059 0.3508115 0.3602043 0.2569221 0.2678718 0.2550350 0.2555986 0.2118988 0.2432389 0.1954069 0.1930638 0.2169531 0.2129822 0.2243246 0.2456864 0.2257911 0.3572931 0.2030285 0.2066393 0.2267625 0.2096445 0.4550990 0.2467727 0.3991586 0.2064768 0.2388308 0.2279962 0.1951849 0.2186630 0.4349228 0.2109698 0.3761214 0.2112726 0.2420391 0.1956218 0.1822352 0.3619304 0.2422583 0.2150354 0.5776577 0.2050029 0.2077756 0.2172941 0.2003333 
ERR2789774    0.3438441 0.3671029 0.3143082 0.0848506 0.2356521 0.0000000 0.2127002 0.0393551 0.0669088 0.0848484 0.0368085 0.1006111 0.2096914 0.0711175 0.0392797 0.0678540 0.1062436 0.1250338 0.0944389 0.2136676 0.0750858 0.0825890 0.1012351 0.0334368 0.0346777 0.2274040 0.0462197 0.1842465 0.0691050 0.0690873 0.2008376 0.1099581 0.1957747 0.1047334 0.0641623 0.1060257 0.1095429 0.1829664 0.0429206 0.0315294 0.2521575 0.1898661 0.1730968 0.0521378 0.0379833 0.0773978 0.0996158 0.1579273 0.0546546 0.1007169 0.0935460 0.0403360 0.0942476 0.0669087 0.0392295 0.0668899 0.0660868 0.0936026 0.0830418 0.2114841 0.1148867 0.1780635 0.0711854 0.1764328 0.0849595 0.0996548 0.0931995 0.0902682 0.0957785 0.0666420 0.0900962 0.1507051 0.0604152 0.1157430 0.0979744 0.0818703 0.0851760 0.1465296 0.0692281 0.1524190 0.1644001 0.0958451 0.0755000 0.1075470 0.0607267 0.0843515 0.1494533 0.0403353 0.0413312 0.0659524 0.1229251 0.1689576 0.2099897 0.1103522 0.0961329 0.1114758 0.1083808 0.0403046 0.1047716 0.0753327 0.0584490 0.0416292 0.0348925 0.0488742 0.0936736 0.0531556 0.1477120 0.0691378 0.0653524 0.0413251 0.0630634 0.1543340 0.0881861 0.1932520 0.0346665 0.0856245 0.0894975 0.0617384 0.0399666 0.2159186 0.0481008 0.1965611 0.0355339 0.0507869 0.0756031 0.0767959 0.1727008 0.0846380 0.0564684 0.3475445 0.0657512 0.0578562 0.0615763 0.0637540 
PAFTOL_019361 0.2875838 0.2607338 0.2415287 0.2153546 0.3840115 0.2127002 0.0000000 0.2180800 0.2012736 0.2103251 0.1992309 0.2280516 0.3164546 0.1992838 0.2042297 0.2366654 0.2590937 0.2786184 0.2504146 0.3229595 0.2079533 0.2257213 0.2579264 0.1947307 0.2019451 0.3564109 0.2035067 0.3046271 0.1997139 0.1958676 0.3310618 0.2546171 0.3071780 0.2242897 0.2475742 0.2638260 0.2566417 0.3218106 0.2069906 0.1962645 0.3750651 0.3092220 0.2932785 0.2188634 0.1994357 0.1994596 0.2529349 0.1965851 0.2208718 0.2456837 0.1984167 0.2268011 0.2275664 0.2008063 0.1983076 0.1930698 0.1952222 0.2205130 0.2000538 0.3344115 0.2744001 0.2982734 0.1967903 0.3005077 0.2452504 0.2311102 0.2250151 0.2191833 0.2306381 0.2369078 0.2159729 0.1897480 0.1756684 0.2734877 0.2650477 0.2150702 0.2173337 0.1793911 0.1977847 0.1852011 0.2856328 0.2288324 0.1986666 0.2625278 0.2347537 0.2244829 0.1917295 0.2099939 0.2234854 0.2088370 0.2512079 0.2885750 0.3498685 0.2459569 0.2392257 0.2558547 0.2514887 0.1994708 0.2590264 0.2129313 0.1995647 0.2118434 0.1931606 0.2240468 0.2202512 0.2088640 0.2346663 0.1976145 0.2075219 0.2183794 0.1981461 0.2493832 0.2131513 0.3119833 0.1955626 0.2208202 0.2146620 0.2036548 0.2306387 0.3217517 0.2122941 0.3104751 0.2023331 0.2054943 0.2234048 0.2099769 0.3017668 0.2124549 0.1828780 0.5052991 0.1941197 0.1976130 0.2179276 0.1958225 
S0055         0.3400666 0.3396221 0.3181225 0.0831567 0.2177072 0.0393551 0.2180800 0.0000000 0.0606728 0.0753114 0.0262940 0.0959871 0.1969231 0.0673366 0.0306375 0.0727731 0.1101145 0.1203259 0.1017063 0.2027912 0.0739881 0.0821523 0.1041439 0.0272688 0.0263866 0.2187453 0.0444174 0.1748938 0.0628106 0.0703076 0.1830222 0.1113748 0.2015309 0.1103989 0.0547811 0.1085623 0.1093070 0.1954084 0.0375508 0.0244003 0.2524756 0.1868452 0.1661273 0.0453011 0.0268323 0.0722687 0.1036895 0.1644950 0.0467178 0.1006682 0.0831264 0.0498601 0.0995717 0.0606728 0.0295929 0.0583006 0.0599011 0.0966347 0.0752344 0.2087170 0.1149583 0.1727352 0.0677030 0.1691874 0.0808426 0.1062928 0.0930578 0.0907399 0.1010914 0.0577988 0.0825352 0.1398837 0.0602716 0.1114463 0.1029483 0.0918023 0.0899915 0.1496602 0.0629192 0.1542158 0.1196669 0.0948013 0.0694176 0.1032336 0.0601801 0.0777210 0.1598975 0.0295902 0.0475245 0.0632961 0.1172401 0.1665168 0.2064256 0.1117035 0.0985134 0.1098018 0.1084876 0.0317948 0.1019738 0.0738219 0.0575616 0.0297099 0.0254732 0.0263488 0.0880339 0.0488493 0.1372907 0.0607695 0.0645762 0.0475177 0.0592780 0.1458511 0.0889274 0.1912608 0.0232038 0.0800522 0.0811424 0.0631448 0.0505477 0.2142311 0.0450446 0.1930952 0.0393280 0.0451619 0.0757450 0.0733555 0.1784726 0.0832868 0.0543155 0.3275906 0.0548587 0.0582191 0.0628061 0.0590176 
S0196sl       0.3167803 0.3331089 0.3108126 0.0624023 0.2163593 0.0669088 0.2012736 0.0606728 0.0000000 0.0420242 0.0530551 0.0751023 0.1993418 0.0488050 0.0592690 0.0899253 0.0987933 0.1041031 0.0852192 0.1979882 0.0575690 0.0544681 0.0960501 0.0540910 0.0533125 0.2065966 0.0525201 0.1665877 0.0087632 0.0627640 0.1729767 0.0930802 0.1890268 0.0806105 0.0754508 0.0869653 0.0952469 0.1905361 0.0667126 0.0501130 0.2386836 0.1686533 0.1559378 0.0691593 0.0530715 0.0411311 0.0925929 0.1478202 0.0678505 0.0908791 0.0715686 0.0762347 0.0664558 0.0068164 0.0555983 0.0068149 0.0058693 0.0675038 0.0435499 0.1860809 0.0948811 0.1654750 0.0452494 0.1680198 0.0746213 0.0725275 0.0656159 0.0655738 0.0626246 0.0762448 0.0523243 0.1365861 0.0504343 0.0975582 0.0826279 0.0626461 0.0599970 0.1370532 0.0068094 0.1404935 0.1110817 0.0700633 0.0528963 0.0911969 0.0622344 0.0522827 0.1526091 0.0568203 0.0746287 0.0465211 0.1176683 0.1553018 0.2018386 0.0946047 0.0827895 0.0928619 0.0889511 0.0569829 0.0838790 0.0485371 0.0340726 0.0547772 0.0477215 0.0672435 0.0599746 0.0667190 0.1168054 0.0405207 0.0405531 0.0661822 0.0058152 0.1385865 0.0566960 0.1681154 0.0475388 0.0497446 0.0580131 0.0494644 0.0735404 0.2103223 0.0545641 0.1765554 0.0644602 0.0592217 0.0494296 0.0546094 0.1614582 0.0545862 0.0316866 0.3246321 0.0315155 0.0457078 0.0674052 0.0365850 
S0281         0.3331934 0.3573412 0.3313417 0.0877546 0.2395138 0.0848484 0.2103251 0.0753114 0.0420242 0.0000000 0.0701952 0.0898981 0.2029520 0.0689224 0.0769159 0.1089525 0.1163296 0.1230654 0.1066257 0.2030032 0.0784214 0.0808434 0.1103302 0.0698384 0.0716961 0.2256647 0.0687791 0.1770284 0.0428345 0.0770722 0.1829684 0.1089067 0.2063761 0.0838317 0.0958604 0.1125420 0.1139771 0.1983476 0.0887771 0.0645682 0.2503996 0.1674164 0.1736997 0.0782144 0.0703927 0.0507543 0.1111399 0.1488879 0.0835797 0.1106978 0.0731861 0.0898470 0.0709051 0.0407586 0.0729249 0.0396564 0.0398619 0.0719180 0.0556163 0.1963412 0.1154702 0.1832127 0.0641236 0.1761280 0.0915346 0.0745047 0.0694990 0.0687180 0.0670140 0.0998929 0.0502505 0.1381090 0.0695234 0.1208355 0.1063323 0.0699628 0.0726770 0.1381683 0.0429049 0.1385272 0.1344993 0.0768975 0.0729351 0.1127078 0.0794708 0.0748111 0.1473550 0.0754798 0.0893388 0.0651780 0.1331792 0.1662823 0.2031162 0.1177747 0.1079702 0.1117479 0.1075907 0.0769294 0.1080486 0.0664100 0.0553402 0.0758273 0.0656377 0.0834065 0.0841873 0.0814695 0.1352644 0.0585483 0.0623000 0.0864518 0.0395128 0.1433876 0.0534997 0.1942065 0.0642651 0.0465203 0.0731365 0.0672671 0.0904405 0.2159991 0.0662520 0.1907930 0.0822674 0.0756317 0.0656102 0.0765813 0.1801940 0.0586996 0.0508276 0.3447723 0.0410812 0.0610375 0.0826792 0.0532278 
S0282         0.3391404 0.3359500 0.3084654 0.0761191 0.2084915 0.0368085 0.1992309 0.0262940 0.0530551 0.0701952 0.0000000 0.0854510 0.1917307 0.0636391 0.0108152 0.0633980 0.1022663 0.1107626 0.0938059 0.1881890 0.0658971 0.0742466 0.0926981 0.0048330 0.0097816 0.2073658 0.0329026 0.1665250 0.0552098 0.0621911 0.1698497 0.1060931 0.1829389 0.0971402 0.0517003 0.0994337 0.0974603 0.1851358 0.0253502 0.0088347 0.2404098 0.1778333 0.1680258 0.0473841 0.0049392 0.0607092 0.0946219 0.1613211 0.0427853 0.0916073 0.0813683 0.0403757 0.0853065 0.0531095 0.0088075 0.0519730 0.0523142 0.0863821 0.0647012 0.2053180 0.1124271 0.1753853 0.0583478 0.1603147 0.0792117 0.0943119 0.0857463 0.0844343 0.0892872 0.0560211 0.0786180 0.1392626 0.0502504 0.1089517 0.0951605 0.0828407 0.0779974 0.1498796 0.0553037 0.1514417 0.1122802 0.0875979 0.0613609 0.1024383 0.0526196 0.0711506 0.1600396 0.0107902 0.0413689 0.0580458 0.1101684 0.1635885 0.2041882 0.1063430 0.0909577 0.1047444 0.1018753 0.0138151 0.0968197 0.0694463 0.0525936 0.0128401 0.0108402 0.0317164 0.0746301 0.0461828 0.1370129 0.0592243 0.0582439 0.0391512 0.0517804 0.1413427 0.0832393 0.1882928 0.0029031 0.0745389 0.0745282 0.0532029 0.0472990 0.2080490 0.0412978 0.1856421 0.0324872 0.0369217 0.0696271 0.0651396 0.1708975 0.0761080 0.0466110 0.3242083 0.0497020 0.0471029 0.0528046 0.0502700 
S0288         0.3370853 0.3713923 0.3082310 0.0936211 0.2458621 0.1006111 0.2280516 0.0959871 0.0751023 0.0898981 0.0854510 0.0000000 0.2738053 0.0834307 0.0999337 0.1281535 0.0280430 0.0746608 0.0208575 0.2748252 0.0996860 0.1011834 0.0357754 0.0911479 0.0837638 0.2798857 0.0870999 0.2442164 0.0747994 0.0887568 0.2855310 0.0085254 0.2556377 0.1177508 0.1094389 0.0586637 0.0375520 0.2489251 0.0968585 0.0828456 0.2780851 0.2391452 0.2250337 0.0946224 0.0918562 0.0811649 0.0204665 0.1612781 0.0836717 0.0267303 0.0983612 0.1052819 0.1061033 0.0752051 0.0956428 0.0734134 0.0720079 0.1043508 0.0773660 0.2894213 0.0550292 0.2245073 0.0773051 0.2266354 0.0407443 0.1156815 0.1006259 0.0909409 0.1019423 0.1175247 0.0807930 0.1360917 0.0803159 0.0535782 0.0506106 0.0939347 0.0988627 0.1498990 0.0768474 0.1516804 0.2636238 0.1130806 0.0856947 0.0502774 0.0951411 0.0872518 0.1541674 0.0916309 0.0888232 0.0933660 0.1504198 0.2228872 0.2286011 0.0159905 0.0485989 0.0099980 0.0070698 0.0919239 0.0507982 0.0761088 0.0697794 0.0901643 0.0822284 0.1064908 0.0963519 0.0990150 0.1738454 0.0745889 0.0657706 0.0926002 0.0729919 0.2027229 0.0824607 0.2397281 0.0839791 0.0826139 0.0912984 0.0854915 0.1104178 0.2721614 0.0880623 0.2357484 0.0953042 0.0860036 0.0875661 0.0887378 0.2321639 0.0926522 0.0735780 0.3815066 0.0752723 0.0860251 0.0975604 0.0765403 
S0289         0.4803673 0.4777353 0.3550236 0.2196714 0.4504550 0.2096914 0.3164546 0.1969231 0.1993418 0.2029520 0.1917307 0.2738053 0.0000000 0.2055762 0.1994364 0.2158645 0.2326684 0.2624270 0.2303965 0.1338213 0.2185717 0.2215725 0.2445723 0.1892390 0.1958721 0.0890310 0.2026888 0.1188981 0.1959140 0.2115525 0.1485330 0.2411326 0.1414988 0.2405576 0.2184651 0.2539960 0.2277759 0.1208543 0.2026330 0.1897774 0.1602423 0.0941518 0.1107064 0.2034969 0.1947553 0.2048224 0.2307931 0.2779775 0.2180417 0.2211996 0.2001677 0.2139568 0.2208369 0.1911206 0.1933581 0.1949831 0.1906133 0.2291528 0.2193001 0.1168778 0.2424809 0.1101463 0.2128528 0.1172159 0.2264354 0.2174873 0.2130272 0.2113525 0.2217872 0.2230096 0.2216931 0.2615583 0.1842806 0.2308186 0.2423066 0.1938626 0.2006664 0.2596901 0.1995667 0.2687453 0.1253816 0.2169365 0.2110566 0.2260462 0.2093979 0.2102556 0.2792143 0.1948098 0.2093826 0.1990740 0.1174610 0.1014726 0.1419221 0.2453152 0.2406596 0.2415091 0.2367677 0.1999917 0.2246763 0.2057595 0.1985031 0.1988222 0.1876506 0.2117905 0.2057318 0.1969833 0.0947759 0.2074395 0.2112440 0.2092938 0.1940359 0.0528702 0.2293256 0.1107819 0.1888718 0.2184758 0.2142584 0.2023613 0.2211877 0.0734746 0.1857631 0.1103568 0.2015360 0.1963207 0.2178891 0.2074889 0.1155486 0.1973100 0.1973125 0.3437039 0.1946234 0.1982863 0.2131356 0.2007758 
S0292         0.3666752 0.3373825 0.3229328 0.0729315 0.2053211 0.0711175 0.1992838 0.0673366 0.0488050 0.0689224 0.0636391 0.0834307 0.2055762 0.0000000 0.0688905 0.1018248 0.1074088 0.1096438 0.0961673 0.2001816 0.0687606 0.0693103 0.1117533 0.0646353 0.0612528 0.2101775 0.0679977 0.1693621 0.0520163 0.0791488 0.1930024 0.0999373 0.2026656 0.0946277 0.0897964 0.1007280 0.1066167 0.1837402 0.0796244 0.0617807 0.2325106 0.1784065 0.1632389 0.0750115 0.0623610 0.0657562 0.0996450 0.1634021 0.0796765 0.0993115 0.0824679 0.0877947 0.0820648 0.0499126 0.0676226 0.0487803 0.0478881 0.0838051 0.0670711 0.2036044 0.1033260 0.1745091 0.0525056 0.1591887 0.0797965 0.0884158 0.0771474 0.0758636 0.0819544 0.0951410 0.0779903 0.1441426 0.0617728 0.1013893 0.0900912 0.0774049 0.0736339 0.1538457 0.0521045 0.1558068 0.0987195 0.0880717 0.0605872 0.0946154 0.0702501 0.0421048 0.1621341 0.0687907 0.0852477 0.0595749 0.1216193 0.1598198 0.2032786 0.1029617 0.0918517 0.0996889 0.0970901 0.0671959 0.0906387 0.0585352 0.0200007 0.0678799 0.0590982 0.0822646 0.0467306 0.0763269 0.1344874 0.0295119 0.0251715 0.0839448 0.0485999 0.1272998 0.0833235 0.1799341 0.0613939 0.0784736 0.0500925 0.0535879 0.0872216 0.2083543 0.0657949 0.1932248 0.0766516 0.0737952 0.0603694 0.0656993 0.1699807 0.0701523 0.0431326 0.3286073 0.0511821 0.0497716 0.0757545 0.0481130 
S0293         0.3482383 0.3431170 0.3314090 0.0778068 0.2240889 0.0392797 0.2042297 0.0306375 0.0592690 0.0769159 0.0108152 0.0999337 0.1994364 0.0688905 0.0000000 0.0673871 0.1085389 0.1158623 0.1001073 0.1906985 0.0685869 0.0734862 0.0994312 0.0117840 0.0148718 0.2177105 0.0395618 0.1741073 0.0613965 0.0650870 0.1859393 0.1125122 0.1915784 0.0992391 0.0520060 0.1012437 0.1036602 0.1879829 0.0329854 0.0139303 0.2520661 0.1853533 0.1768747 0.0511475 0.0110300 0.0709990 0.1007482 0.1636705 0.0474348 0.0977263 0.0883481 0.0462012 0.0872397 0.0592690 0.0138869 0.0581079 0.0584944 0.0883237 0.0752697 0.2157580 0.1190289 0.1850828 0.0623356 0.1745807 0.0850219 0.0963471 0.0876934 0.0863654 0.0896909 0.0622548 0.0792238 0.1414148 0.0552963 0.1155144 0.1014121 0.0832966 0.0797041 0.1521421 0.0615021 0.1536984 0.1133581 0.0850100 0.0652919 0.1088781 0.0588441 0.0763750 0.1624021 0.0159086 0.0461094 0.0643522 0.1179644 0.1741861 0.2146933 0.1114765 0.0938279 0.1083236 0.1082695 0.0200369 0.1015409 0.0710848 0.0599974 0.0180225 0.0159835 0.0361643 0.0825588 0.0521724 0.1412260 0.0655603 0.0657764 0.0438438 0.0578889 0.1501470 0.0838838 0.1956472 0.0078467 0.0775443 0.0782572 0.0593627 0.0523484 0.2183024 0.0471658 0.1950728 0.0358983 0.0404630 0.0713865 0.0691454 0.1804557 0.0791703 0.0528060 0.3323986 0.0546779 0.0520038 0.0554740 0.0564343 
S0294         0.3865279 0.3490967 0.3034009 0.1171452 0.2491347 0.0678540 0.2366654 0.0727731 0.0899253 0.1089525 0.0633980 0.1281535 0.2158645 0.1018248 0.0673871 0.0000000 0.1314838 0.1503054 0.1231116 0.1969694 0.1061411 0.1172522 0.1300526 0.0608251 0.0647882 0.2284260 0.0624664 0.1907332 0.0947756 0.1045261 0.1900878 0.1347699 0.1853508 0.1314916 0.0815187 0.1544604 0.1278262 0.1997477 0.0726254 0.0612854 0.2549831 0.1961399 0.1726149 0.0756027 0.0633070 0.1062594 0.1262661 0.1836754 0.0747470 0.1230223 0.1240366 0.0852763 0.1222473 0.0924964 0.0622242 0.0911890 0.0918457 0.1240819 0.1166569 0.2164600 0.1470398 0.1891501 0.1011078 0.1814686 0.1148506 0.1291537 0.1190251 0.1204851 0.1294596 0.0394996 0.1182797 0.1625553 0.0930871 0.1436685 0.1227293 0.1112777 0.1016242 0.1718151 0.0923741 0.1767664 0.1730647 0.1131586 0.1049700 0.1350466 0.0936338 0.1147910 0.1772543 0.0696561 0.0855340 0.0915445 0.1347934 0.1771354 0.2183092 0.1300317 0.1351556 0.1332685 0.1300917 0.0658890 0.1309808 0.1021418 0.0903722 0.0712747 0.0611053 0.0798265 0.1054300 0.0767335 0.1451768 0.0995298 0.0978141 0.0802576 0.0908121 0.1696055 0.1176927 0.1979722 0.0585971 0.1105657 0.1238561 0.0925408 0.0918458 0.2275705 0.0749080 0.1986983 0.0746639 0.0774385 0.1057605 0.0993045 0.1863867 0.1064747 0.0846686 0.3124736 0.0899086 0.0875382 0.0940195 0.0878054 
S0303         0.3407470 0.3900801 0.3399573 0.1196423 0.2605130 0.1062436 0.2590937 0.1101145 0.0987933 0.1163296 0.1022663 0.0280430 0.2326684 0.1074088 0.1085389 0.1314838 0.0000000 0.0721853 0.0184314 0.2251704 0.1138496 0.1224647 0.0242645 0.1006610 0.0999599 0.2457159 0.1080503 0.2074561 0.0984804 0.1104310 0.2206427 0.0221021 0.2397955 0.1343081 0.1274080 0.0620157 0.0157670 0.2262408 0.1032878 0.0976767 0.2770628 0.2152095 0.1973056 0.1003758 0.1004291 0.1091206 0.0088022 0.1750613 0.1042399 0.0058713 0.1266440 0.1123735 0.1208460 0.0962282 0.1037409 0.0934424 0.0930386 0.1285503 0.1091311 0.2465173 0.0740046 0.2078929 0.1025407 0.2147391 0.0394715 0.1310591 0.1226375 0.1157308 0.1235222 0.1302492 0.1085353 0.1573829 0.0999058 0.0691128 0.0555598 0.1132641 0.1153428 0.1657925 0.0986626 0.1719633 0.2030642 0.1242653 0.1016612 0.0644954 0.1084907 0.1044980 0.1653932 0.0968112 0.1048961 0.1017252 0.1532521 0.1978427 0.2489236 0.0277542 0.0538909 0.0233961 0.0212948 0.1017114 0.0587172 0.1045585 0.0971005 0.0998453 0.0961034 0.1174464 0.1145497 0.1006426 0.1609639 0.0986969 0.0937855 0.1076171 0.0945395 0.1806409 0.1109394 0.2158567 0.0972238 0.1097406 0.1125234 0.1072789 0.1130155 0.2284173 0.0998786 0.2226416 0.1056858 0.1030318 0.1099317 0.0993898 0.2055978 0.1101922 0.0944598 0.3681147 0.1019398 0.1015600 0.1039290 0.0992889 
S0308         0.3158849 0.3790801 0.3181069 0.1319039 0.2671597 0.1250338 0.2786184 0.1203259 0.1041031 0.1230654 0.1107626 0.0746608 0.2624270 0.1096438 0.1158623 0.1503054 0.0721853 0.0000000 0.0605647 0.2569885 0.1275795 0.1252991 0.0673933 0.1117846 0.1108257 0.2641053 0.1175168 0.2322252 0.1083079 0.1226246 0.2502034 0.0697595 0.2664379 0.1422686 0.1314323 0.0720558 0.0689087 0.2493445 0.1273475 0.1085710 0.3002493 0.2246499 0.2284386 0.1208888 0.1104681 0.1193742 0.0673620 0.1972372 0.1237688 0.0641520 0.1318996 0.1338081 0.1298067 0.1059537 0.1143015 0.1045761 0.1037496 0.1300457 0.1229514 0.2628954 0.0896504 0.2329317 0.1088453 0.2291237 0.0539076 0.1391982 0.1259260 0.1214107 0.1353214 0.1450131 0.1267793 0.1744221 0.1135195 0.0875494 0.0609806 0.1150936 0.1124932 0.1856343 0.1085182 0.1874522 0.1947326 0.1324612 0.1094645 0.0808190 0.1078773 0.1047111 0.1951480 0.1118227 0.1213027 0.1115732 0.1645654 0.2182218 0.2654478 0.0720125 0.0623902 0.0692197 0.0664593 0.1156587 0.0806648 0.1108966 0.0991937 0.1109729 0.1023316 0.1240510 0.1256553 0.1100633 0.1814968 0.1027452 0.1018245 0.1222740 0.1041238 0.1767899 0.1259515 0.2423613 0.1054576 0.1188618 0.1121145 0.1139598 0.1383329 0.2699206 0.1149955 0.2470582 0.1199474 0.1178802 0.1171449 0.1179477 0.2248004 0.1124802 0.0985737 0.3710362 0.1045697 0.1122663 0.1134199 0.0998266 
S0322         0.3646001 0.3818491 0.3478141 0.1127895 0.2692722 0.0944389 0.2504146 0.1017063 0.0852192 0.1066257 0.0938059 0.0208575 0.2303965 0.0961673 0.1001073 0.1231116 0.0184314 0.0605647 0.0000000 0.2173406 0.1062047 0.1130767 0.0180004 0.0921982 0.0899025 0.2402714 0.0950755 0.2026116 0.0861687 0.1015395 0.2039963 0.0184757 0.2272755 0.1172303 0.1163328 0.0581473 0.0216826 0.2187251 0.1007352 0.0874970 0.2774003 0.2003290 0.1912985 0.0944218 0.0917735 0.0939035 0.0152779 0.1721196 0.0946448 0.0144258 0.1164505 0.1094348 0.1080485 0.0851211 0.0924172 0.0839074 0.0845179 0.1098850 0.0936262 0.2342765 0.0693217 0.1973760 0.0937460 0.1979480 0.0340102 0.1155829 0.1068187 0.1055571 0.1107481 0.1170419 0.1006854 0.1539714 0.0909371 0.0682077 0.0442935 0.1012220 0.0968632 0.1667288 0.0851053 0.1691493 0.2006486 0.1113517 0.0973973 0.0632789 0.0927422 0.0935876 0.1663151 0.0896010 0.0911251 0.0978054 0.1508904 0.1900377 0.2377614 0.0250999 0.0485484 0.0186474 0.0165084 0.0916302 0.0571824 0.0927181 0.0844136 0.0913297 0.0860113 0.1075607 0.1064069 0.0936147 0.1520971 0.0864357 0.0814544 0.0938521 0.0835566 0.1707831 0.1033091 0.2110956 0.0885658 0.1007356 0.1029702 0.0960343 0.1042460 0.2181845 0.0887292 0.2054222 0.0988109 0.0946513 0.1005627 0.0955624 0.2018198 0.0971516 0.0879446 0.3574456 0.0856271 0.0953271 0.0951595 0.0907931 
S0327         0.4203592 0.4957817 0.4040731 0.2194014 0.5178112 0.2136676 0.3229595 0.2027912 0.1979882 0.2030032 0.1881890 0.2748252 0.1338213 0.2001816 0.1906985 0.1969694 0.2251704 0.2569885 0.2173406 0.0000000 0.2108978 0.2343430 0.2518919 0.1872183 0.1943048 0.1226936 0.2000411 0.0995566 0.1989985 0.2010179 0.0756805 0.2346974 0.1111114 0.2317460 0.2052327 0.2459841 0.2259004 0.0710047 0.2104782 0.1919759 0.1157965 0.1285959 0.1052523 0.1963123 0.1861047 0.2136421 0.2173667 0.2835197 0.2014977 0.2111313 0.2062239 0.2124240 0.2141393 0.1944010 0.1857370 0.1896135 0.1975978 0.2246933 0.2204497 0.1266436 0.2511305 0.1289846 0.1957443 0.0698685 0.2201783 0.2149808 0.2195976 0.2036398 0.2051705 0.2119123 0.2151676 0.2596695 0.2089031 0.2447602 0.2397427 0.2046299 0.2042415 0.2634683 0.1988214 0.2835242 0.0948359 0.2180346 0.2029064 0.2332650 0.2082419 0.1914359 0.2728511 0.1920983 0.2132519 0.2032805 0.0935330 0.1080298 0.1575928 0.2498325 0.2283633 0.2335072 0.2313702 0.1965955 0.2323451 0.1994992 0.1983347 0.1937708 0.1894114 0.2135663 0.1992636 0.1925905 0.0787159 0.1949594 0.2081727 0.2056918 0.1969696 0.1107875 0.2191480 0.1126454 0.1813406 0.2119789 0.2185918 0.1943926 0.2186526 0.1199950 0.1917404 0.1316700 0.2014782 0.1958844 0.2232422 0.2062154 0.1224257 0.2073692 0.1885889 0.3018912 0.1946660 0.1991471 0.2123294 0.1944620 
S0335         0.3538843 0.3454111 0.3168461 0.0533367 0.1753383 0.0750858 0.2079533 0.0739881 0.0575690 0.0784214 0.0658971 0.0996860 0.2185717 0.0687606 0.0685869 0.1061411 0.1138496 0.1275795 0.1062047 0.2108978 0.0000000 0.0551065 0.1116071 0.0668736 0.0661557 0.2344467 0.0716655 0.1818625 0.0560417 0.0839840 0.1887097 0.1124927 0.2062833 0.1016039 0.0865000 0.1116385 0.1090177 0.2035987 0.0804035 0.0629058 0.2624353 0.2004908 0.1743101 0.0805347 0.0649285 0.0746433 0.1075871 0.1629574 0.0841369 0.1045156 0.0922932 0.0850471 0.0827799 0.0539492 0.0685144 0.0550636 0.0554242 0.0903720 0.0788197 0.2184985 0.1093589 0.1927394 0.0518939 0.1913114 0.0891497 0.0927570 0.0865354 0.0889965 0.0904511 0.0990573 0.0790546 0.1500296 0.0669093 0.1124595 0.1024225 0.0853956 0.0851035 0.1503886 0.0583969 0.1579435 0.1389861 0.0923165 0.0453873 0.1059363 0.0829775 0.0726338 0.1555940 0.0697904 0.0773980 0.0562056 0.1200484 0.1724179 0.2177667 0.1114670 0.1042623 0.1125806 0.1110820 0.0723593 0.0980176 0.0433854 0.0553563 0.0688502 0.0602992 0.0830897 0.0763215 0.0837492 0.1472993 0.0562369 0.0609726 0.0737090 0.0526212 0.1512463 0.0865216 0.1994931 0.0601691 0.0816696 0.0786632 0.0402695 0.0895136 0.2357876 0.0673378 0.2082746 0.0676901 0.0736055 0.0503868 0.0300464 0.1840452 0.0779953 0.0439017 0.3369803 0.0551603 0.0396574 0.0788656 0.0419470 
S0345         0.3344220 0.3644669 0.3489485 0.0511118 0.1880256 0.0825890 0.2257213 0.0821523 0.0544681 0.0808434 0.0742466 0.1011834 0.2215725 0.0693103 0.0734862 0.1172522 0.1224647 0.1252991 0.1130767 0.2343430 0.0551065 0.0000000 0.1189653 0.0752342 0.0745493 0.2294209 0.0801297 0.1780483 0.0577026 0.0904937 0.2270489 0.1237584 0.2119646 0.1071198 0.0957246 0.1142625 0.1202009 0.1964153 0.0919690 0.0737341 0.2480237 0.2128423 0.1926009 0.0862334 0.0720351 0.0840754 0.1158397 0.1770775 0.0959916 0.1142066 0.0997166 0.0993153 0.0885156 0.0555881 0.0757980 0.0544404 0.0511263 0.0925539 0.0884407 0.2256509 0.1150648 0.2068272 0.0633185 0.2029406 0.0975831 0.0975307 0.0890803 0.0864814 0.0925033 0.1079248 0.0873457 0.1574653 0.0741656 0.1169965 0.1054574 0.0848310 0.0818173 0.1639643 0.0578011 0.1695126 0.1641519 0.0944374 0.0504768 0.1086902 0.0833714 0.0745015 0.1724891 0.0771145 0.0913300 0.0639861 0.1291219 0.1845293 0.2312109 0.1230444 0.1076287 0.1208488 0.1209850 0.0785603 0.1020898 0.0354591 0.0557813 0.0786833 0.0697578 0.0935985 0.0794548 0.0849528 0.1562692 0.0626135 0.0603541 0.0900343 0.0542372 0.1583162 0.0881879 0.2123159 0.0695658 0.0857614 0.0731889 0.0515671 0.1038833 0.2375748 0.0719290 0.2134208 0.0784391 0.0797734 0.0345225 0.0486657 0.1864573 0.0812473 0.0513335 0.3468086 0.0601543 0.0478116 0.0799467 0.0539020 
S0355         0.3159491 0.3931432 0.3308469 0.1134749 0.2467977 0.1012351 0.2579264 0.1041439 0.0960501 0.1103302 0.0926981 0.0357754 0.2445723 0.1117533 0.0994312 0.1300526 0.0242645 0.0673933 0.0180004 0.2518919 0.1116071 0.1189653 0.0000000 0.0909422 0.0943353 0.2659568 0.1004388 0.2352346 0.0971330 0.1143139 0.2532464 0.0338285 0.2409417 0.1253348 0.1167988 0.0624317 0.0119323 0.2477252 0.1013840 0.0920572 0.2883769 0.2270718 0.2176945 0.1024426 0.0904992 0.1067168 0.0220860 0.1819386 0.1023282 0.0165678 0.1276013 0.1126751 0.1168326 0.0960500 0.0945298 0.0946161 0.0939329 0.1235118 0.1082853 0.2569200 0.0721799 0.2144991 0.0952496 0.2275258 0.0376037 0.1277574 0.1203953 0.1113368 0.1215786 0.1285109 0.1116449 0.1621730 0.0952714 0.0753955 0.0523580 0.1127781 0.1146759 0.1762844 0.0987388 0.1809165 0.1847795 0.1198335 0.1005105 0.0689795 0.1007259 0.1035705 0.1780785 0.0893513 0.0969324 0.1022793 0.1642811 0.2058613 0.2120844 0.0316538 0.0546325 0.0352707 0.0327660 0.0993435 0.0624724 0.0987878 0.0955079 0.0912611 0.0916190 0.1119933 0.1094652 0.0969733 0.1790544 0.0943130 0.0905990 0.0996769 0.0941871 0.1792315 0.1085929 0.2290709 0.0870881 0.1043577 0.1049517 0.1009675 0.1134450 0.2539028 0.0899337 0.2179130 0.1025786 0.0944473 0.1055614 0.1001111 0.2076656 0.1092461 0.0889496 0.3930107 0.0948746 0.0942778 0.1030807 0.0949413 
S0400         0.3333423 0.3321426 0.3040224 0.0771131 0.2169580 0.0334368 0.1947307 0.0272688 0.0540910 0.0698384 0.0048330 0.0911479 0.1892390 0.0646353 0.0117840 0.0608251 0.1006610 0.1117846 0.0921982 0.1872183 0.0668736 0.0752342 0.0909422 0.0000000 0.0107465 0.2047370 0.0360274 0.1644864 0.0561880 0.0644485 0.1764609 0.1070925 0.1788773 0.0940154 0.0526786 0.1004393 0.0984615 0.1844337 0.0263289 0.0098043 0.2397990 0.1750776 0.1657582 0.0461500 0.0059134 0.0629459 0.0956232 0.1557614 0.0437662 0.0926201 0.0809479 0.0391886 0.0848564 0.0540910 0.0078000 0.0529552 0.0533020 0.0859263 0.0681691 0.1995716 0.1079503 0.1728225 0.0580558 0.1580156 0.0802255 0.0899027 0.0852914 0.0839872 0.0874601 0.0582800 0.0782145 0.1340510 0.0478956 0.1058199 0.0948633 0.0813037 0.0776481 0.1444630 0.0562831 0.1460469 0.1117218 0.0845327 0.0623423 0.0993597 0.0536131 0.0721472 0.1544451 0.0107628 0.0413216 0.0577618 0.1083211 0.1613688 0.2017877 0.1073557 0.0919645 0.1057564 0.1015546 0.0147832 0.0938005 0.0704527 0.0535866 0.0138104 0.0118112 0.0326947 0.0743863 0.0459635 0.1364830 0.0602092 0.0592326 0.0391069 0.0527593 0.1382905 0.0828102 0.1812423 0.0038662 0.0741602 0.0755189 0.0542417 0.0459795 0.2038962 0.0423118 0.1850440 0.0355712 0.0367875 0.0707058 0.0661228 0.1684461 0.0757129 0.0463822 0.3199626 0.0507363 0.0481023 0.0549415 0.0500263 
S0405         0.3332219 0.3389248 0.3129418 0.0751478 0.2096227 0.0346777 0.2019451 0.0263866 0.0533125 0.0716961 0.0097816 0.0837638 0.1958721 0.0612528 0.0148718 0.0647882 0.0999599 0.1108257 0.0899025 0.1943048 0.0661557 0.0745493 0.0943353 0.0107465 0.0000000 0.2096851 0.0351313 0.1688169 0.0554218 0.0613050 0.1835695 0.1006330 0.1850559 0.0971074 0.0518579 0.0984664 0.1005008 0.1892008 0.0254094 0.0058766 0.2371413 0.1829406 0.1703744 0.0464333 0.0079591 0.0610076 0.0923217 0.1593813 0.0429442 0.0919427 0.0800302 0.0404743 0.0843286 0.0533126 0.0128277 0.0521714 0.0525142 0.0879402 0.0650230 0.2063126 0.1068526 0.1755838 0.0572067 0.1606788 0.0769355 0.0933471 0.0861250 0.0833385 0.0883139 0.0563085 0.0776501 0.1418204 0.0504631 0.1065824 0.0955832 0.0818445 0.0782792 0.1495214 0.0555162 0.1510830 0.1177630 0.0879885 0.0616011 0.0985045 0.0515998 0.0698848 0.1596560 0.0128261 0.0404303 0.0582717 0.1149057 0.1658840 0.2072921 0.1008064 0.0925553 0.0992389 0.0964116 0.0128447 0.0929321 0.0683710 0.0514542 0.0149025 0.0088672 0.0318298 0.0746651 0.0440842 0.1392345 0.0569102 0.0570924 0.0393224 0.0519773 0.1471250 0.0797187 0.1923347 0.0068305 0.0710666 0.0720990 0.0545544 0.0425541 0.2123588 0.0403719 0.1864288 0.0314985 0.0370556 0.0684764 0.0642483 0.1713512 0.0751221 0.0443021 0.3309721 0.0499418 0.0495580 0.0506904 0.0516176 
S0407sl       0.5252670 0.5122213 0.3984927 0.2373007 0.4602660 0.2274040 0.3564109 0.2187453 0.2065966 0.2256647 0.2073658 0.2798857 0.0890310 0.2101775 0.2177105 0.2284260 0.2457159 0.2641053 0.2402714 0.1226936 0.2344467 0.2294209 0.2659568 0.2047370 0.2096851 0.0000000 0.2167623 0.1158378 0.2084892 0.2265555 0.1556811 0.2565759 0.1372869 0.2460690 0.2190369 0.2763786 0.2449535 0.1348744 0.2182906 0.2075087 0.1620594 0.0877319 0.1130197 0.2234540 0.2112407 0.2205576 0.2414399 0.3102636 0.2232311 0.2335942 0.2255879 0.2283779 0.2238635 0.2035642 0.2127124 0.2075707 0.2074818 0.2432336 0.2269872 0.1068284 0.2579294 0.1178299 0.2223903 0.1168473 0.2483457 0.2187336 0.2238766 0.2219799 0.2295746 0.2411725 0.2394444 0.2826663 0.2229378 0.2519179 0.2602117 0.2183738 0.2258134 0.2825277 0.2089420 0.2898227 0.1512056 0.2257166 0.2240628 0.2439192 0.2209677 0.2092849 0.2923762 0.2105410 0.2311763 0.2223981 0.0986031 0.1016866 0.1368030 0.2571529 0.2527483 0.2509001 0.2460104 0.2144298 0.2359454 0.2194188 0.2121008 0.2147386 0.2031754 0.2216261 0.2086012 0.2152097 0.0950797 0.2146498 0.2240965 0.2232651 0.2065429 0.0417140 0.2394780 0.1099248 0.2028158 0.2340704 0.2331190 0.2188687 0.2310278 0.0895528 0.2128357 0.0938529 0.2172328 0.2199554 0.2320601 0.2191338 0.1024146 0.2099789 0.2047061 0.3532827 0.2177517 0.2168145 0.2278789 0.2176209 
S0412sl       0.3127730 0.3426001 0.2887748 0.0772664 0.2082310 0.0462197 0.2035067 0.0444174 0.0525201 0.0687791 0.0329026 0.0870999 0.2026888 0.0679977 0.0395618 0.0624664 0.1080503 0.1175168 0.0950755 0.2000411 0.0716655 0.0801297 0.1004388 0.0360274 0.0351313 0.2167623 0.0000000 0.1782377 0.0571441 0.0657970 0.1921874 0.1063069 0.1906473 0.1035775 0.0555695 0.1121536 0.1045402 0.1939734 0.0490512 0.0320285 0.2538758 0.1944750 0.1662392 0.0513638 0.0357789 0.0715592 0.1002095 0.1623415 0.0350281 0.0985556 0.0893768 0.0519714 0.0915050 0.0550112 0.0373462 0.0538544 0.0542133 0.0860844 0.0757862 0.2125736 0.1124705 0.1844188 0.0590886 0.1732146 0.0842458 0.0981056 0.0879496 0.0892764 0.0929889 0.0551322 0.0845740 0.1444764 0.0618527 0.1103309 0.0999447 0.0795155 0.0848594 0.1505296 0.0572425 0.1547867 0.1321285 0.0916170 0.0693872 0.1037282 0.0561502 0.0793542 0.1587800 0.0406665 0.0555743 0.0651182 0.1209609 0.1698305 0.2105956 0.1081110 0.0964006 0.1049586 0.1020483 0.0385446 0.1010474 0.0664829 0.0542382 0.0397092 0.0310050 0.0549291 0.0832647 0.0510620 0.1441519 0.0636318 0.0612434 0.0497819 0.0536517 0.1532722 0.0883512 0.2002955 0.0296765 0.0794238 0.0829103 0.0599943 0.0526452 0.2128836 0.0418022 0.2019822 0.0437929 0.0440585 0.0731592 0.0707853 0.1719410 0.0728479 0.0472535 0.3202670 0.0515761 0.0560458 0.0627609 0.0520533 
S0417         0.4195803 0.4550108 0.3504272 0.1751338 0.4489059 0.1842465 0.3046271 0.1748938 0.1665877 0.1770284 0.1665250 0.2442164 0.1188981 0.1693621 0.1741073 0.1907332 0.2074561 0.2322252 0.2026116 0.0995566 0.1818625 0.1780483 0.2352346 0.1644864 0.1688169 0.1158378 0.1782377 0.0000000 0.1636511 0.1647103 0.0897539 0.2099681 0.1005706 0.2004233 0.1819760 0.2291549 0.2140423 0.0877278 0.1798527 0.1652603 0.1349508 0.1108496 0.1146189 0.1724859 0.1686402 0.1737134 0.2030704 0.2697337 0.1852660 0.1995532 0.1709623 0.1853211 0.1804654 0.1596086 0.1628034 0.1626944 0.1621663 0.1920923 0.1808807 0.1260084 0.2163284 0.1158002 0.1777447 0.0733899 0.1995144 0.1891776 0.1781232 0.1724551 0.1821860 0.2035089 0.1971360 0.2513946 0.1709706 0.2105827 0.2169531 0.1680178 0.1636592 0.2574149 0.1669879 0.2723149 0.1119450 0.1861947 0.1692134 0.2000071 0.1871253 0.1682500 0.2660352 0.1684151 0.1797161 0.1700055 0.0655050 0.1012652 0.1397977 0.2238739 0.2140121 0.2063041 0.2070503 0.1751844 0.1963821 0.1672470 0.1609441 0.1716176 0.1611244 0.1845111 0.1750123 0.1688868 0.0651102 0.1697424 0.1699437 0.1796451 0.1619432 0.0894728 0.2028731 0.1201124 0.1623178 0.2000140 0.1853755 0.1642800 0.1917372 0.1228177 0.1597067 0.1277437 0.1755280 0.1705085 0.1787779 0.1755639 0.1175500 0.1769386 0.1602307 0.3078057 0.1670305 0.1633440 0.1768284 0.1660193 
S0419         0.3119679 0.3395444 0.3185989 0.0631212 0.2057744 0.0691050 0.1997139 0.0628106 0.0087632 0.0428345 0.0552098 0.0747994 0.1959140 0.0520163 0.0613965 0.0947756 0.0984804 0.1083079 0.0861687 0.1989985 0.0560417 0.0577026 0.0971330 0.0561880 0.0554218 0.2084892 0.0571441 0.1636511 0.0000000 0.0662000 0.1744512 0.0953450 0.1838405 0.0775106 0.0767558 0.0906827 0.0963206 0.1924858 0.0688652 0.0522251 0.2368232 0.1674026 0.1537161 0.0713180 0.0552141 0.0431783 0.0948450 0.1480194 0.0700043 0.0918756 0.0697819 0.0784004 0.0647928 0.0038564 0.0577120 0.0057981 0.0048551 0.0681985 0.0456075 0.1870313 0.0977082 0.1612949 0.0460611 0.1730422 0.0768411 0.0731959 0.0651590 0.0662836 0.0633447 0.0826811 0.0530865 0.1368653 0.0466298 0.1011675 0.0878260 0.0635030 0.0608363 0.1373324 0.0077437 0.1393249 0.1049788 0.0671514 0.0536483 0.0947904 0.0655403 0.0532460 0.1527746 0.0589380 0.0744069 0.0473101 0.1166920 0.1501601 0.1931819 0.0969045 0.0866863 0.0951496 0.0899564 0.0591073 0.0866412 0.0518022 0.0371940 0.0569007 0.0498231 0.0717942 0.0609594 0.0664345 0.1179098 0.0424350 0.0415158 0.0659882 0.0048103 0.1322900 0.0574333 0.1657809 0.0496326 0.0505149 0.0612666 0.0502832 0.0759129 0.2067410 0.0553704 0.1715733 0.0665758 0.0613476 0.0516940 0.0530996 0.1658461 0.0553515 0.0325612 0.3277388 0.0323893 0.0465058 0.0693035 0.0374225 
