120
CRNC          0.0000000 0.2747561 0.3733547 0.4400229 0.4168346 0.4208139 0.3303007 0.3998384 0.4771973 0.4080094 0.4331884 0.4014539 0.4246997 0.4092422 0.4033658 0.3996639 0.4190366 0.4406142 0.4945044 0.4156829 0.4411927 0.3883508 0.4498496 0.4295745 0.3749973 0.3952290 0.4195663 0.4115561 0.3909775 0.3983220 0.4094259 0.3976506 0.4008077 0.4472706 0.3913227 0.4267012 0.4100519 0.3787952 0.4343200 0.3977119 0.4171187 0.4132393 0.3811907 0.4190410 0.3864323 0.4839618 0.3994982 0.4463409 0.4404507 0.4119964 0.4516265 0.4423036 0.4118705 0.4272004 0.4213968 0.4042410 0.4181860 0.4043550 0.4387225 0.3865161 0.3733937 0.4195630 0.3788774 0.3649345 0.4187514 0.4023980 0.4151792 0.4679014 0.4319093 0.4259207 0.4457417 0.4504267 0.4231361 0.4345178 0.4188712 0.3996995 0.4128799 0.4195553 0.4421110 0.4188482 0.4192544 0.3744527 0.4491739 0.4339251 0.4323309 0.4217558 0.4216209 0.3993356 0.4069512 0.4072046 0.3911107 0.3769670 0.4080957 0.4403070 0.3916511 0.4041944 0.4561429 0.4229238 0.4540679 0.4268578 0.3959472 0.4102938 0.4011838 0.4059212 0.4106998 0.3741423 0.4104598 0.4521693 0.3629517 0.3897500 0.4012972 0.3956813 0.4192246 0.4072680 0.3991536 0.4406226 0.4004541 0.4012693 0.4484277 0.4029356 
HYZL          0.2747561 0.0000000 0.1554669 0.4266302 0.3903596 0.4003277 0.2978006 0.4114446 0.4728089 0.4094418 0.4360119 0.3840949 0.4222812 0.4043088 0.3673958 0.4589416 0.4730930 0.4198778 0.4391325 0.4118888 0.4381435 0.3942908 0.4401665 0.4006544 0.3594893 0.3847822 0.3813057 0.4377698 0.4025911 0.4008671 0.4068679 0.4240296 0.3560705 0.4501490 0.3989381 0.4145995 0.4412880 0.4133361 0.4242637 0.4405150 0.4303276 0.4369990 0.4050610 0.4098703 0.4386673 0.4169801 0.4179613 0.4403233 0.4605219 0.4050075 0.4401150 0.4324750 0.3967172 0.4103009 0.4139767 0.3891423 0.4160005 0.4017800 0.4359652 0.4281827 0.3665288 0.3820090 0.4161478 0.3562789 0.3989531 0.4091473 0.4125841 0.4048592 0.4235131 0.4189079 0.4460941 0.4426361 0.4329501 0.4293691 0.4104193 0.3884836 0.4450440 0.4347533 0.4249735 0.4073091 0.4388448 0.3683152 0.4173491 0.4127279 0.4122003 0.4180574 0.4413866 0.3931271 0.4049656 0.3938818 0.4065713 0.4139872 0.4476780 0.4434786 0.3928871 0.4244368 0.4287126 0.4212827 0.4471737 0.4113390 0.3708104 0.4291108 0.4054919 0.3905387 0.3958560 0.3937004 0.3932291 0.4241113 0.3715579 0.4032032 0.4151303 0.4104562 0.4034307 0.4049944 0.4056789 0.4279303 0.4119944 0.3773020 0.4301602 0.3883313 
MYZV          0.3733547 0.1554669 0.0000000 0.5199188 0.4796751 0.5011225 0.3715906 0.5155676 0.5426087 0.5188755 0.5331995 0.4569358 0.5172284 0.4862761 0.4365440 0.4960572 0.5449573 0.5317180 0.5277689 0.5111657 0.5373428 0.5094266 0.5272353 0.5005740 0.4151876 0.4565727 0.4784820 0.5426813 0.4244786 0.4868606 0.4698543 0.4798617 0.4278618 0.5290527 0.5044974 0.5114746 0.5000154 0.5126833 0.5259210 0.5453907 0.4933541 0.4977325 0.5131477 0.5017794 0.5380513 0.5712790 0.5327179 0.5445392 0.5904437 0.4877677 0.5329490 0.5300404 0.4852255 0.5015527 0.4837253 0.4767208 0.4807681 0.4646084 0.4946889 0.5406345 0.4656324 0.4798725 0.5110827 0.4311614 0.4994326 0.5129168 0.4773806 0.4942060 0.5131490 0.5093936 0.5193916 0.5272988 0.5573188 0.4930086 0.5088719 0.4970581 0.5143590 0.5068860 0.5386834 0.4805577 0.5639478 0.4673489 0.5131779 0.5130662 0.4926591 0.4804438 0.5622789 0.4710340 0.4695705 0.4847085 0.5095577 0.5081324 0.5416271 0.5474938 0.5007299 0.5256818 0.5392883 0.5109160 0.5481791 0.4990303 0.4716836 0.5257684 0.4755207 0.4725350 0.4848461 0.4917966 0.4832391 0.5249579 0.4850241 0.4740904 0.4976773 0.5195608 0.4730558 0.4733780 0.5113704 0.5162212 0.4930987 0.4783716 0.5269840 0.4602562 
SRR6441723    0.4400229 0.4266302 0.5199188 0.0000000 0.0453226 0.0692339 0.1751432 0.0693581 0.0928470 0.0853427 0.0842139 0.0539404 0.0788750 0.0666000 0.0735088 0.1371346 0.0974302 0.0930683 0.0986706 0.0788280 0.1044177 0.0910969 0.0591260 0.0489263 0.0887727 0.0533534 0.0525902 0.0880042 0.1058063 0.0739176 0.0590688 0.0843536 0.0964335 0.0993161 0.0781458 0.0618035 0.0955314 0.1046904 0.1038653 0.0854306 0.0745997 0.0735273 0.0851642 0.0962729 0.0836969 0.0743334 0.0697967 0.1010229 0.1464281 0.1133100 0.0932516 0.0722196 0.0597779 0.0761166 0.0639412 0.0572663 0.0641587 0.0640691 0.0721392 0.0738090 0.0715401 0.0974839 0.0783120 0.0728119 0.0549923 0.0784828 0.0899384 0.0827680 0.0673307 0.0640911 0.1440227 0.0748352 0.1324208 0.0666067 0.1010933 0.1204654 0.0793293 0.0865804 0.1388560 0.0591181 0.1316413 0.0754016 0.0760410 0.1059922 0.0900203 0.0715413 0.1321989 0.0546977 0.0715036 0.0575100 0.0757156 0.0733315 0.0848877 0.0956339 0.0878777 0.0893404 0.0988063 0.0882062 0.0964398 0.0619532 0.0915498 0.0431194 0.0657119 0.0514144 0.0571359 0.0730182 0.0707025 0.0720297 0.0797540 0.0616823 0.0616045 0.0765650 0.0574122 0.0660946 0.0861816 0.0772616 0.0837274 0.0573841 0.0795163 0.0643660 
ERR4210213    0.4168346 0.3903596 0.4796751 0.0453226 0.0000000 0.0852008 0.2118737 0.1299737 0.2189706 0.1406978 0.0842159 0.0706788 0.1264053 0.0703366 0.0706788 0.1247430 0.1454261 0.1048250 0.1261742 0.1406830 0.1048250 0.1150009 0.0219399 0.0341086 0.1124406 0.0706788 0.0579160 0.1441121 0.1124231 0.1264053 0.0838209 0.1185605 0.1937409 0.1048250 0.0969201 0.0333868 0.1320987 0.0706788 0.1060835 0.1264053 0.0706788 0.0706788 0.1710574 0.1124231 0.1152706 1.4891451 0.1000498 0.1356941 0.2696227 0.1124231 0.1048250 0.0877787 0.0706788 0.0571997 0.0838209 0.0706788 0.0995606 0.0838209 0.0452350 0.1129698 0.0785797 0.0987464 0.1140613 0.0849662 0.0461853 0.1560685 0.0589507 0.0000010 0.0697649 0.0450332 0.7985612 0.1000163 0.1809025 0.0815670 0.0728824 0.1135040 0.0454700 0.0586834 0.2059964 0.0838209 0.1809025 0.0966268 0.0845100 0.0719565 0.1113657 0.0834125 0.1830812 0.0572140 0.0716019 0.0579285 0.1560685 0.0982736 0.1328435 0.1048250 0.1129698 0.1710666 0.0581949 0.1193956 0.1048250 0.0712649 0.1154507 0.0386146 0.0830247 0.0572140 0.0697649 0.1174630 0.0579285 0.0982736 0.0982736 0.0585075 0.0579285 0.1124231 0.0854295 0.0860856 0.1264053 0.1138699 0.1420857 0.0715713 0.0992236 0.0856734 
ERR2789774    0.4208139 0.4003277 0.5011225 0.0692339 0.0852008 0.0000000 0.1315117 0.0385525 0.0731718 0.0644753 0.0728143 0.0180218 0.0583734 0.0686008 0.0313847 0.1010016 0.0872789 0.0775716 0.0904972 0.0696970 0.0880224 0.0743842 0.0901912 0.0860050 0.0544216 0.0178399 0.0280858 0.0676566 0.0634710 0.0515614 0.0467724 0.0603762 0.0801544 0.0808158 0.0603871 0.0659030 0.0964927 0.0910107 0.0779615 0.0720605 0.0409419 0.0405791 0.0621776 0.0630101 0.0609122 0.0359707 0.0495317 0.0849568 0.1150950 0.0818312 0.0753303 0.0724263 0.0237985 0.0802533 0.0513489 0.0237573 0.0515172 0.0492405 0.0835862 0.0625846 0.0488744 0.0833887 0.0560055 0.0487086 0.0548514 0.0602643 0.0661962 0.0883275 0.0763469 0.0681928 0.1006173 0.0638643 0.0996817 0.0554649 0.0810744 0.0898658 0.0835086 0.0933779 0.1111319 0.0468102 0.1016662 0.0489519 0.0888900 0.0856980 0.0572524 0.0829972 0.1020729 0.0236924 0.0447891 0.0593753 0.0578253 0.0514313 0.0617104 0.0775716 0.0627932 0.0742437 0.0955500 0.0706473 0.0809563 0.0300531 0.0793044 0.0832505 0.0653746 0.0200801 0.0217298 0.0418852 0.0751317 0.0622263 0.0588965 0.0612856 0.0635275 0.0629765 0.0362329 0.0534208 0.0723672 0.0638380 0.0559583 0.0238023 0.0587633 0.0386814 
PAFTOL_019361 0.3303007 0.2978006 0.3715906 0.1751432 0.2118737 0.1315117 0.0000000 0.1402880 0.1938770 0.1378612 0.1836841 0.1186414 0.1477975 0.1543533 0.1309750 0.1605697 0.1740074 0.1670761 0.1904078 0.1518467 0.1649611 0.1571386 0.2067887 0.1756658 0.1296182 0.1208518 0.1460217 0.1475401 0.1522500 0.1462106 0.1560790 0.1384946 0.1876516 0.1638247 0.1538209 0.1704198 0.2009267 0.1682353 0.1647279 0.1476123 0.1362057 0.1722916 0.1559593 0.1506601 0.1764419 0.1670712 0.1644359 0.1866246 0.1914037 0.1643886 0.1750866 0.1705203 0.1375905 0.1813736 0.1606560 0.1334275 0.1651248 0.1499323 0.1877905 0.1757918 0.1303845 0.1483432 0.1592617 0.1276848 0.1529292 0.1464107 0.1589774 0.1825693 0.1725893 0.1736898 0.2232072 0.1891756 0.1573659 0.1465172 0.1490993 0.1704902 0.1889827 0.1960038 0.1855038 0.1526555 0.1712315 0.1433653 0.1948819 0.1447301 0.1739719 0.1736698 0.1721717 0.1332008 0.1504746 0.1331058 0.1418309 0.1596600 0.1699451 0.1711001 0.1499040 0.1420179 0.1752813 0.1638620 0.1712050 0.1340634 0.1460175 0.1817189 0.1535109 0.1333900 0.1338677 0.1329083 0.1654278 0.1860651 0.1306819 0.1411355 0.1480298 0.1454182 0.1391398 0.1552852 0.1565570 0.1807922 0.1485470 0.1230813 0.1749124 0.1401277 
S0055         0.3998384 0.4114446 0.5155676 0.0693581 0.1299737 0.0385525 0.1402880 0.0000000 0.0640190 0.0534877 0.0568533 0.0287036 0.0430513 0.0617995 0.0447003 0.0917319 0.0612457 0.0642454 0.0914712 0.0540032 0.0743689 0.0540348 0.0830561 0.0824155 0.0497744 0.0284064 0.0390262 0.0496874 0.0587616 0.0410685 0.0362027 0.0475883 0.0544153 0.0672947 0.0405612 0.0543729 0.0892281 0.0821227 0.0669042 0.0472043 0.0435454 0.0519863 0.0512503 0.0564010 0.0476148 0.0458239 0.0412675 0.0714505 0.1135761 0.0684970 0.0620278 0.0701361 0.0345099 0.0685961 0.0406268 0.0322746 0.0407585 0.0385511 0.0764878 0.0471882 0.0422604 0.0763175 0.0451296 0.0380676 0.0482053 0.0406648 0.0642291 0.0655988 0.0693476 0.0614013 0.0947413 0.0568942 0.1112438 0.0510618 0.0740246 0.0906202 0.0716666 0.0884971 0.1124335 0.0404650 0.1028260 0.0442941 0.0768625 0.0786032 0.0548139 0.0665608 0.1032423 0.0343539 0.0471388 0.0526944 0.0341592 0.0406913 0.0504983 0.0688940 0.0562090 0.0560740 0.0915429 0.0574398 0.0674082 0.0410252 0.0722300 0.0741950 0.0542232 0.0308412 0.0323501 0.0179365 0.0636512 0.0577564 0.0459832 0.0546166 0.0568352 0.0518775 0.0321063 0.0426733 0.0514236 0.0523833 0.0472730 0.0345149 0.0519418 0.0300365 
S0196sl       0.4771973 0.4728089 0.5426087 0.0928470 0.2189706 0.0731718 0.1938770 0.0640190 0.0000000 0.0744123 0.0743293 0.0561265 0.0757733 0.0867648 0.0785947 0.1235688 0.0987797 0.0999027 0.1123210 0.0798670 0.1113874 0.0902688 0.1047629 0.1181982 0.0725482 0.0578271 0.0694913 0.0855489 0.0909842 0.0713699 0.0283058 0.0762220 0.1019453 0.0950568 0.0754710 0.0840655 0.1166576 0.1147361 0.1081579 0.0829524 0.0768629 0.0790855 0.0867643 0.0930114 0.0809219 0.0481454 0.0577980 0.1027241 0.1546826 0.1065066 0.0975262 0.1027758 0.0665967 0.0993592 0.0326758 0.0640269 0.0327823 0.0327374 0.0979354 0.0708301 0.0759851 0.1047471 0.0756061 0.0721899 0.0870853 0.0753052 0.0937799 0.0756465 0.0868045 0.0914553 0.1084797 0.0675090 0.1376275 0.0742712 0.1079392 0.1150196 0.1004293 0.1159886 0.1449092 0.0325450 0.1396837 0.0805031 0.1036196 0.1068040 0.0923488 0.0943983 0.1402778 0.0662791 0.0707529 0.0695367 0.0726893 0.0706817 0.0820655 0.1050071 0.0901745 0.0900908 0.1221463 0.0924758 0.1003599 0.0738299 0.1062285 0.1124825 0.0858443 0.0608121 0.0664913 0.0732213 0.0938258 0.0804248 0.0765264 0.0765701 0.0815734 0.0682589 0.0545975 0.0390396 0.0729509 0.0579349 0.0733387 0.0666041 0.0668859 0.0665736 
S0278         0.4080094 0.4094418 0.5188755 0.0853427 0.1406978 0.0644753 0.1378612 0.0534877 0.0744123 0.0000000 0.0631093 0.0592182 0.0300135 0.0773658 0.0653881 0.1068286 0.0541295 0.0825849 0.0985123 0.0381366 0.0834188 0.0514231 0.1020156 0.0938830 0.0624235 0.0563438 0.0699032 0.0427687 0.0715944 0.0343426 0.0574002 0.0696343 0.0571743 0.0859243 0.0490773 0.0747057 0.1059318 0.0962861 0.0854200 0.0363024 0.0748431 0.0768940 0.0401184 0.0648821 0.0674100 0.0682124 0.0585157 0.0851988 0.1311290 0.0843474 0.0803206 0.0844971 0.0648832 0.0844803 0.0621171 0.0623899 0.0623223 0.0599827 0.0878671 0.0666740 0.0486373 0.0901793 0.0624413 0.0297079 0.0659435 0.0298824 0.0660144 0.0812863 0.0799905 0.0770228 0.1243529 0.0726439 0.1205399 0.0553459 0.0878531 0.0949013 0.0877851 0.1000609 0.1218279 0.0618641 0.1119967 0.0386284 0.0980813 0.0869688 0.0875832 0.0919076 0.1124499 0.0645817 0.0758220 0.0630777 0.0318141 0.0578002 0.0637237 0.0873900 0.0602821 0.0341310 0.1062696 0.0755716 0.0860763 0.0627985 0.0837246 0.0934404 0.0765709 0.0615117 0.0625381 0.0596759 0.0700118 0.0904233 0.0453481 0.0701954 0.0747575 0.0360958 0.0620482 0.0597600 0.0395227 0.0677910 0.0737406 0.0603929 0.0651360 0.0603660 
S0281         0.4331884 0.4360119 0.5331995 0.0842139 0.0842159 0.0728143 0.1836841 0.0568533 0.0743293 0.0631093 0.0000000 0.0578089 0.0518819 0.0741588 0.0752747 0.1093809 0.0683750 0.0721114 0.1007763 0.0656128 0.0777169 0.0657144 0.0914063 0.1020628 0.0783856 0.0571847 0.0663822 0.0609550 0.0823777 0.0568470 0.0407675 0.0758732 0.0852638 0.0753287 0.0610469 0.0731488 0.1077759 0.0907666 0.0772579 0.0634165 0.0736189 0.0680160 0.0626854 0.0728666 0.0711600 0.0852580 0.0436977 0.0746862 0.1480879 0.0912652 0.0674340 0.0944089 0.0635593 0.0829376 0.0452967 0.0610431 0.0454457 0.0409166 0.0838612 0.0518757 0.0589543 0.0891710 0.0706603 0.0464572 0.0741235 0.0535327 0.0795056 0.0890615 0.0861732 0.0731188 0.1349767 0.0526833 0.1369703 0.0632796 0.0868128 0.0791737 0.0762026 0.0882354 0.1328921 0.0451134 0.1279017 0.0665283 0.0772271 0.0915260 0.0810526 0.0766621 0.1284368 0.0632606 0.0727623 0.0691147 0.0582950 0.0658185 0.0721528 0.0768920 0.0731242 0.0701886 0.0980416 0.0651225 0.0728964 0.0660318 0.0900017 0.0877785 0.0707864 0.0601276 0.0634378 0.0633173 0.0614392 0.0689622 0.0695186 0.0667298 0.0689321 0.0499358 0.0588189 0.0409532 0.0584201 0.0481936 0.0706439 0.0635669 0.0501812 0.0589931 
S0282         0.4014539 0.3840949 0.4569358 0.0539404 0.0706788 0.0180218 0.1186414 0.0287036 0.0561265 0.0592182 0.0578089 0.0000000 0.0484769 0.0535582 0.0071230 0.0881048 0.0772757 0.0581855 0.0794782 0.0572904 0.0680894 0.0621482 0.0747223 0.0757514 0.0400640 0.0000024 0.0099441 0.0599574 0.0484245 0.0464482 0.0303925 0.0486765 0.0694255 0.0611719 0.0435378 0.0532400 0.0775592 0.0781367 0.0631287 0.0621608 0.0223287 0.0174146 0.0568995 0.0576737 0.0486984 0.0211301 0.0352090 0.0653711 0.1103062 0.0693328 0.0559598 0.0615402 0.0058988 0.0673727 0.0347915 0.0058889 0.0349051 0.0348568 0.0679499 0.0482582 0.0431092 0.0679218 0.0483601 0.0388889 0.0467383 0.0504231 0.0512965 0.0711700 0.0607863 0.0555066 0.0952381 0.0557726 0.0951351 0.0471992 0.0657588 0.0810625 0.0704693 0.0825764 0.1036532 0.0283049 0.0997771 0.0369045 0.0657929 0.0703481 0.0467850 0.0653079 0.1001864 0.0058727 0.0349675 0.0398029 0.0480166 0.0437861 0.0538008 0.0581855 0.0573600 0.0643637 0.0703517 0.0513755 0.0612750 0.0119192 0.0637304 0.0676589 0.0528434 0.0019776 0.0078604 0.0362012 0.0600902 0.0402290 0.0516000 0.0486182 0.0508403 0.0506096 0.0222142 0.0368503 0.0619984 0.0510878 0.0460167 0.0058996 0.0579338 0.0201885 
S0289         0.4246997 0.4222812 0.5172284 0.0788750 0.1264053 0.0583734 0.1477975 0.0430513 0.0757733 0.0300135 0.0518819 0.0484769 0.0000000 0.0733713 0.0582294 0.1081683 0.0456447 0.0687264 0.0968540 0.0322057 0.0789683 0.0450833 0.0931315 0.0921686 0.0579996 0.0457522 0.0591161 0.0321538 0.0670667 0.0281741 0.0491700 0.0566253 0.0520390 0.0718437 0.0408656 0.0634582 0.0995926 0.0946865 0.0714260 0.0343484 0.0593418 0.0686854 0.0298109 0.0429535 0.0589546 0.0664990 0.0476379 0.0712405 0.1246115 0.0781653 0.0664989 0.0773938 0.0542382 0.0729873 0.0538048 0.0518179 0.0539825 0.0516784 0.0761869 0.0557633 0.0357131 0.0885659 0.0540845 0.0172016 0.0574020 0.0258163 0.0698536 0.0690321 0.0737880 0.0657316 0.1194567 0.0614057 0.1247557 0.0438550 0.0862251 0.0930550 0.0710414 0.0828792 0.1261081 0.0535860 0.1055445 0.0290467 0.0829922 0.0909035 0.0660570 0.0907448 0.1059736 0.0539862 0.0623089 0.0595897 0.0257506 0.0495123 0.0551968 0.0662408 0.0475110 0.0321820 0.1019794 0.0618754 0.0719662 0.0521555 0.0820626 0.0892349 0.0726673 0.0507328 0.0519405 0.0533810 0.0634092 0.0763881 0.0438181 0.0662561 0.0708271 0.0301772 0.0515362 0.0558932 0.0332453 0.0591463 0.0652857 0.0498115 0.0496978 0.0542208 
S0292         0.4092422 0.4043088 0.4862761 0.0666000 0.0703366 0.0686008 0.1543533 0.0617995 0.0867648 0.0773658 0.0741588 0.0535582 0.0733713 0.0000000 0.0586484 0.1129493 0.0965783 0.0875531 0.0897583 0.0757275 0.0910144 0.0783247 0.0729218 0.0651543 0.0643028 0.0529799 0.0643844 0.0780226 0.0768629 0.0739807 0.0542238 0.0763089 0.0822131 0.0910914 0.0707051 0.0688587 0.0989355 0.0905944 0.0981405 0.0825593 0.0717209 0.0722088 0.0775288 0.0883624 0.0686556 0.0812089 0.0696269 0.0953577 0.1277418 0.1046219 0.0827300 0.0878876 0.0571108 0.0810693 0.0589924 0.0568781 0.0591907 0.0591083 0.0693578 0.0709430 0.0662204 0.0868475 0.0590038 0.0578597 0.0570957 0.0755860 0.0591240 0.0867585 0.0790633 0.0711829 0.1330704 0.0744809 0.1163578 0.0769585 0.0844940 0.1031414 0.0818495 0.0891156 0.1203335 0.0587479 0.1164065 0.0638695 0.0739871 0.0864166 0.0865668 0.0409501 0.1168864 0.0613732 0.0592774 0.0573275 0.0729584 0.0543326 0.0648794 0.0926177 0.0776678 0.0799935 0.0926291 0.0827629 0.0908240 0.0687736 0.0827154 0.0638117 0.0135722 0.0558662 0.0638642 0.0613351 0.0407163 0.0763156 0.0740798 0.0197131 0.0136077 0.0734946 0.0501552 0.0566082 0.0755587 0.0695361 0.0594707 0.0571177 0.0789300 0.0570920 
S0293         0.4033658 0.3673958 0.4365440 0.0735088 0.0706788 0.0313847 0.1309750 0.0447003 0.0785947 0.0653881 0.0752747 0.0071230 0.0582294 0.0586484 0.0000000 0.0876125 0.0897153 0.0605320 0.0763222 0.0686126 0.0637887 0.0720597 0.0993235 0.0831960 0.0554662 0.0094120 0.0240290 0.0636699 0.0642392 0.0582860 0.0465085 0.0612445 0.0705458 0.0579670 0.0494523 0.0639310 0.0881340 0.0853220 0.0689680 0.0748995 0.0238456 0.0382414 0.0683541 0.0579508 0.0668721 0.0489062 0.0475390 0.0689823 0.1184995 0.0809191 0.0552285 0.0772707 0.0189613 0.0752602 0.0493678 0.0189223 0.0522287 0.0467586 0.0762267 0.0633694 0.0432325 0.0704498 0.0663377 0.0437062 0.0588428 0.0605208 0.0613220 0.0877452 0.0673050 0.0694702 0.1264689 0.0728849 0.0962458 0.0482653 0.0700631 0.0866214 0.0821577 0.0877591 0.1069207 0.0439485 0.1020483 0.0439753 0.0917788 0.0668919 0.0643458 0.0752272 0.1025477 0.0164453 0.0471598 0.0421113 0.0547672 0.0606228 0.0676131 0.0605320 0.0604057 0.0775603 0.0913607 0.0525565 0.0579233 0.0213863 0.0684034 0.0809009 0.0579405 0.0119278 0.0213617 0.0461660 0.0692475 0.0567733 0.0561951 0.0557386 0.0556957 0.0605676 0.0366614 0.0492307 0.0699425 0.0670348 0.0605262 0.0093150 0.0755026 0.0289145 
S0294         0.3996639 0.4589416 0.4960572 0.1371346 0.1247430 0.1010016 0.1605697 0.0917319 0.1235688 0.1068286 0.1093809 0.0881048 0.1081683 0.1129493 0.0876125 0.0000000 0.1209524 0.1168205 0.1341840 0.1163305 0.1153510 0.0969614 0.1448110 0.1202288 0.0708676 0.0899185 0.1006677 0.1026394 0.0544568 0.0944073 0.0934642 0.0912124 0.0992242 0.1267890 0.0995931 0.1219878 0.0963954 0.1286310 0.1203400 0.1109042 0.1122714 0.1057961 0.1149173 0.1023794 0.1057398 0.1292997 0.0927922 0.1256071 0.1641891 0.0891548 0.1198693 0.1334777 0.0999320 0.1396299 0.0939846 0.0968640 0.0996068 0.0914933 0.1271514 0.1048463 0.0898890 0.1179333 0.0996003 0.0525886 0.1129987 0.1047998 0.0973022 0.1544050 0.1352632 0.1219320 0.0808747 0.1057269 0.1463950 0.0879269 0.1127339 0.1228513 0.1325068 0.1434004 0.1481756 0.0935000 0.1455219 0.0806703 0.1404635 0.1179808 0.1219477 0.1273415 0.1433150 0.0965763 0.0990139 0.1098739 0.0963737 0.0939905 0.1019161 0.1252292 0.1019781 0.1161151 0.1305212 0.1143061 0.1206797 0.1029245 0.1195157 0.1414005 0.1139879 0.0910059 0.0942441 0.0917854 0.1065809 0.1273100 0.0926324 0.1119142 0.1090704 0.1110124 0.0883918 0.0934642 0.1035948 0.1032457 0.0914649 0.0999431 0.1088608 0.0945722 
S0299         0.4190366 0.4730930 0.5449573 0.0974302 0.1454261 0.0872789 0.1740074 0.0612457 0.0987797 0.0541295 0.0683750 0.0772757 0.0456447 0.0965783 0.0897153 0.1209524 0.0000000 0.0966231 0.1203494 0.0523090 0.1053273 0.0732912 0.1071733 0.1213391 0.0891287 0.0740301 0.0859541 0.0524344 0.0905197 0.0526858 0.0701335 0.0854937 0.0808955 0.0977116 0.0657901 0.0833403 0.1211061 0.1089663 0.0996620 0.0434854 0.0937779 0.0967661 0.0475521 0.0781690 0.0808756 0.0998106 0.0691656 0.0993987 0.1391268 0.0990999 0.0916013 0.1079384 0.0829857 0.0939914 0.0751540 0.0802694 0.0754107 0.0729300 0.1001566 0.0752077 0.0638028 0.1051707 0.0803022 0.0463923 0.0844100 0.0500764 0.0966114 0.0962925 0.0972270 0.0861708 0.1451365 0.0812287 0.1392923 0.0662658 0.1048266 0.1209613 0.0870113 0.0994863 0.1408293 0.0748360 0.1193540 0.0606913 0.1052933 0.1097733 0.0861483 0.1043876 0.1198488 0.0825860 0.0896309 0.0790821 0.0476241 0.0753158 0.0820185 0.0965738 0.0780281 0.0638057 0.1247803 0.0892908 0.1004563 0.0808202 0.1010097 0.1146169 0.0929528 0.0797242 0.0804679 0.0725404 0.0836409 0.0997727 0.0670934 0.0888602 0.0911397 0.0501922 0.0751014 0.0773269 0.0540622 0.0786588 0.0874416 0.0782134 0.0686615 0.0829549 
S0303         0.4406142 0.4198778 0.5317180 0.0930683 0.1048250 0.0775716 0.1670761 0.0642454 0.0999027 0.0825849 0.0721114 0.0581855 0.0687264 0.0875531 0.0605320 0.1168205 0.0966231 0.0000000 0.0625533 0.0882504 0.0157128 0.0907395 0.1082368 0.1030697 0.0724977 0.0575530 0.0667408 0.0783266 0.0840073 0.0764810 0.0660748 0.0862487 0.0842398 0.0137248 0.0760567 0.0894047 0.1077117 0.0795552 0.0135966 0.0858134 0.0765315 0.0752780 0.0872080 0.0862110 0.0910970 0.0957016 0.0691472 0.0135691 0.1493221 0.0957617 0.0135615 0.0922998 0.0663095 0.1049743 0.0687133 0.0637511 0.0713150 0.0712152 0.0875134 0.0781575 0.0741340 0.0768161 0.0855758 0.0580244 0.0819562 0.0757783 0.0537081 0.1145339 0.0957265 0.0918626 0.1518704 0.0823611 0.1437325 0.0820535 0.0716872 0.0795562 0.1029864 0.1159792 0.1367454 0.0707692 0.1289390 0.0632790 0.0852477 0.0762518 0.0891205 0.1001892 0.1294838 0.0659945 0.0733006 0.0874309 0.0730482 0.0804896 0.0845982 0.0155129 0.0860063 0.0831972 0.0745223 0.0096346 0.0117026 0.0688219 0.0747746 0.0904697 0.0838610 0.0628806 0.0685274 0.0710625 0.0917680 0.0901022 0.0770996 0.0747692 0.0820113 0.0757451 0.0614987 0.0682488 0.0734467 0.0774535 0.0759801 0.0617108 0.0839135 0.0667244 
S0308         0.4945044 0.4391325 0.5277689 0.0986706 0.1261742 0.0904972 0.1904078 0.0914712 0.1123210 0.0985123 0.1007763 0.0794782 0.0968540 0.0897583 0.0763222 0.1341840 0.1203494 0.0625533 0.0000000 0.0933837 0.0681354 0.1076182 0.1296486 0.1274908 0.0794854 0.0789676 0.0883868 0.1105975 0.1000880 0.0911507 0.0828706 0.1027038 0.0895494 0.0657118 0.0886738 0.0951278 0.1205249 0.0763083 0.0677227 0.1103081 0.1055721 0.1033852 0.1062415 0.1015861 0.1054427 0.1175518 0.0891780 0.0700527 0.1504359 0.1155084 0.0650987 0.1213255 0.0885625 0.1171568 0.0884453 0.0856302 0.0887736 0.0860377 0.1012060 0.0937447 0.0888060 0.0676146 0.0993235 0.0706147 0.1036401 0.0963292 0.0359700 0.1155251 0.1132573 0.1031594 0.1643570 0.0914735 0.1329501 0.0975892 0.0654101 0.0889174 0.1187255 0.1329627 0.1403603 0.0829455 0.1292191 0.0732364 0.1165004 0.0701324 0.1213712 0.1071650 0.1297868 0.0881078 0.0910418 0.1038772 0.0932190 0.0937308 0.0988778 0.0625533 0.1048482 0.1100990 0.0666022 0.0602391 0.0658271 0.0914275 0.0612602 0.1018764 0.0944264 0.0851656 0.0909982 0.0918726 0.0926922 0.1098769 0.0957337 0.0849025 0.0925003 0.0833276 0.0805476 0.0908507 0.1031931 0.0923248 0.0914520 0.0834452 0.0966602 0.0891694 
S0320         0.4156829 0.4118888 0.5111657 0.0788280 0.1406830 0.0696970 0.1518467 0.0540032 0.0798670 0.0381366 0.0656128 0.0572904 0.0322057 0.0757275 0.0686126 0.1163305 0.0523090 0.0882504 0.0933837 0.0000000 0.0991770 0.0582696 0.0980287 0.0912615 0.0710367 0.0544317 0.0705988 0.0450964 0.0778750 0.0344660 0.0579248 0.0702905 0.0575814 0.0917183 0.0539566 0.0680061 0.1013720 0.1047593 0.0911723 0.0428677 0.0755955 0.0805780 0.0256898 0.0628454 0.0680441 0.0691833 0.0564753 0.0909338 0.1237674 0.0925919 0.0859472 0.0849242 0.0655207 0.0729440 0.0626909 0.0629988 0.0629000 0.0605366 0.0761041 0.0646485 0.0466364 0.0983954 0.0630212 0.0297022 0.0666025 0.0258014 0.0692376 0.0689852 0.0708764 0.0702996 0.1193719 0.0705723 0.1239095 0.0532104 0.0927212 0.0929414 0.0760722 0.0929888 0.1252437 0.0624332 0.1048465 0.0414345 0.0940120 0.0917830 0.0787208 0.0830428 0.1052699 0.0652132 0.0696633 0.0591120 0.0257359 0.0583322 0.0643280 0.0882062 0.0608410 0.0406214 0.1045349 0.0810962 0.0918847 0.0634155 0.0914268 0.0892969 0.0702928 0.0621241 0.0631499 0.0625352 0.0633418 0.0815373 0.0524883 0.0686111 0.0731098 0.0256347 0.0581458 0.0648020 0.0418793 0.0657314 0.0697852 0.0587032 0.0585526 0.0654984 
S0322         0.4411927 0.4381435 0.5373428 0.1044177 0.1048250 0.0880224 0.1649611 0.0743689 0.1113874 0.0834188 0.0777169 0.0680894 0.0789683 0.0910144 0.0637887 0.1153510 0.1053273 0.0157128 0.0681354 0.0991770 0.0000000 0.0967090 0.1200658 0.1071924 0.0759809 0.0674910 0.0769720 0.0840047 0.0876702 0.0870653 0.0761843 0.0921423 0.0918880 0.0177652 0.0865744 0.1005101 0.1141657 0.0851035 0.0301671 0.0916270 0.0871214 0.0848080 0.0979804 0.0971161 0.0963917 0.1124464 0.0742795 0.0259448 0.1627581 0.1036422 0.0259303 0.1041264 0.0764613 0.1166376 0.0765798 0.0737847 0.0816742 0.0815587 0.0926669 0.0809806 0.0849673 0.0825189 0.0907614 0.0614027 0.0927983 0.0862459 0.0537357 0.1307497 0.1071911 0.1030434 0.1690695 0.0932697 0.1511731 0.0935494 0.0772525 0.0884121 0.1119744 0.1253255 0.1440932 0.0786044 0.1416328 0.0665788 0.0902893 0.0819035 0.1001688 0.1038710 0.1422440 0.0760915 0.0836747 0.0985255 0.0833843 0.0855889 0.0898508 0.0279491 0.0968763 0.0889410 0.0851022 0.0218199 0.0241025 0.0790826 0.0774678 0.0967304 0.0872152 0.0731040 0.0787358 0.0741253 0.0952754 0.1012987 0.0877793 0.0779955 0.0853564 0.0862092 0.0714659 0.0736598 0.0791808 0.0881971 0.0864842 0.0717168 0.0947622 0.0721652 
S0327         0.3883508 0.3942908 0.5094266 0.0910969 0.1150009 0.0743842 0.1571386 0.0540348 0.0902688 0.0514231 0.0657144 0.0621482 0.0450833 0.0783247 0.0720597 0.0969614 0.0732912 0.0907395 0.1076182 0.0582696 0.0967090 0.0000000 0.1082639 0.0971897 0.0745525 0.0614767 0.0730910 0.0495041 0.0757748 0.0496613 0.0624775 0.0697967 0.0548465 0.0942517 0.0585003 0.0752350 0.0995974 0.0997852 0.0936892 0.0450012 0.0804246 0.0831404 0.0554565 0.0674874 0.0589271 0.0835277 0.0498583 0.0984676 0.1383191 0.0877747 0.0884276 0.0953822 0.0701874 0.0776923 0.0673206 0.0676208 0.0675465 0.0651482 0.0827305 0.0557637 0.0560416 0.0985587 0.0585493 0.0378771 0.0713553 0.0469491 0.0812656 0.0751324 0.0811449 0.0797791 0.1153953 0.0777329 0.1248692 0.0461571 0.0961812 0.1131254 0.0826954 0.0842970 0.1316645 0.0670417 0.1213924 0.0497090 0.1067308 0.1009369 0.0883441 0.0981098 0.1218940 0.0698564 0.0813320 0.0735958 0.0425187 0.0539173 0.0597588 0.0956736 0.0654774 0.0558856 0.1123029 0.0835488 0.0944240 0.0680713 0.0944532 0.0884177 0.0796275 0.0644813 0.0677837 0.0577510 0.0726923 0.0889239 0.0597334 0.0756763 0.0803320 0.0473053 0.0672437 0.0649020 0.0558222 0.0753928 0.0652867 0.0655990 0.0700646 0.0655691 
S0335         0.4498496 0.4401665 0.5272353 0.0591260 0.0219399 0.0901912 0.2067887 0.0830561 0.1047629 0.1020156 0.0914063 0.0747223 0.0931315 0.0729218 0.0993235 0.1448110 0.1071733 0.1082368 0.1296486 0.0980287 0.1200658 0.1082639 0.0000000 0.0739508 0.1060084 0.0763019 0.0781818 0.1024217 0.1145366 0.0886091 0.0724793 0.0960356 0.1135343 0.1148320 0.0777856 0.0754910 0.1212039 0.1198427 0.1194276 0.0997565 0.0886654 0.0961551 0.0994381 0.1057112 0.1002271 0.0955950 0.0842539 0.1164688 0.1625100 0.1256613 0.1032237 0.0790472 0.0777078 0.0853868 0.0775395 0.0801526 0.0778061 0.0776976 0.0862976 0.0871445 0.0778917 0.1183208 0.0945871 0.0817630 0.0660672 0.0925420 0.1043456 0.0995717 0.0886209 0.0731214 0.1697907 0.0893169 0.1568274 0.0810940 0.1212282 0.1281062 0.0936809 0.1038140 0.1548513 0.0772103 0.1447682 0.0923735 0.0853238 0.1262468 0.1097926 0.0807811 0.1453862 0.0726587 0.0901417 0.0663836 0.0897584 0.0894146 0.0993357 0.1161339 0.0898127 0.1070457 0.1146488 0.0981338 0.1094188 0.0828526 0.1168828 0.0784625 0.0722046 0.0694309 0.0799561 0.0958195 0.0800058 0.1018172 0.0939805 0.0728732 0.0652727 0.0957096 0.0755134 0.0775116 0.1010274 0.0918169 0.0923587 0.0803228 0.0913957 0.0780607 
S0345         0.4295745 0.4006544 0.5005740 0.0489263 0.0341086 0.0860050 0.1756658 0.0824155 0.1181982 0.0938830 0.1020628 0.0757514 0.0921686 0.0651543 0.0831960 0.1202288 0.1213391 0.1030697 0.1274908 0.0912615 0.1071924 0.0971897 0.0739508 0.0000000 0.0986200 0.0746801 0.0802320 0.0971011 0.1064535 0.0922569 0.0789490 0.0920639 0.0970610 0.1033695 0.0884101 0.0651084 0.0997705 0.1129250 0.1161992 0.1033215 0.0827579 0.1158498 0.0968599 0.0916009 0.1075325 0.1028829 0.0871568 0.1129792 0.1447677 0.1282578 0.1001872 0.0907266 0.0829860 0.0737290 0.0823117 0.0796619 0.0856483 0.0794047 0.0774091 0.0976319 0.0732237 0.1129857 0.1005131 0.0798248 0.0623312 0.0943332 0.0962413 0.0728185 0.0714690 0.0678655 0.1449394 0.0934047 0.1307326 0.0710428 0.1059473 0.1320725 0.0897169 0.0854851 0.1348829 0.0818855 0.1269723 0.0850946 0.0957272 0.1085225 0.1158255 0.0765616 0.1272873 0.0733251 0.0859098 0.0652661 0.0878629 0.0940827 0.1057340 0.1125856 0.0906767 0.1122850 0.1308466 0.0970746 0.0995774 0.0737513 0.1144397 0.0360084 0.0643353 0.0690475 0.0794231 0.0883830 0.0730282 0.1128444 0.0775667 0.0623227 0.0594367 0.0944760 0.0739626 0.0820719 0.0978988 0.0962124 0.1009364 0.0709187 0.1021579 0.0795746 
S0376         0.3749973 0.3594893 0.4151876 0.0887727 0.1124406 0.0544216 0.1296182 0.0497744 0.0725482 0.0624235 0.0783856 0.0400640 0.0579996 0.0643028 0.0554662 0.0708676 0.0891287 0.0724977 0.0794854 0.0710367 0.0759809 0.0745525 0.1060084 0.0986200 0.0000000 0.0423353 0.0503640 0.0660883 0.0529017 0.0495145 0.0492599 0.0312535 0.0774518 0.0755497 0.0603064 0.0753989 0.0854540 0.0704850 0.0843136 0.0745565 0.0499779 0.0748560 0.0763359 0.0655263 0.0577514 0.0722024 0.0531741 0.0813268 0.1159009 0.0662970 0.0783945 0.0895353 0.0499875 0.0870792 0.0521607 0.0471229 0.0523556 0.0495268 0.0791449 0.0630734 0.0430303 0.0577848 0.0519938 0.0462299 0.0618118 0.0629768 0.0612522 0.0878899 0.0820577 0.0810951 0.0986705 0.0670992 0.1001907 0.0511583 0.0548375 0.0929380 0.0943425 0.1000733 0.1044324 0.0519094 0.0998496 0.0576610 0.0944095 0.0545233 0.0760429 0.0754114 0.1003275 0.0470555 0.0495497 0.0529579 0.0571977 0.0465814 0.0556922 0.0839590 0.0574400 0.0687653 0.0849225 0.0698449 0.0726267 0.0526233 0.0530420 0.0849649 0.0635207 0.0454794 0.0525594 0.0432342 0.0666692 0.0767945 0.0529277 0.0558367 0.0612852 0.0629891 0.0442132 0.0520143 0.0723885 0.0644312 0.0465455 0.0444565 0.0694830 0.0470773 
S0400         0.3952290 0.3847822 0.4565727 0.0533534 0.0706788 0.0178399 0.1208518 0.0284064 0.0578271 0.0563438 0.0571847 0.0000024 0.0457522 0.0529799 0.0094120 0.0899185 0.0740301 0.0575530 0.0789676 0.0544317 0.0674910 0.0614767 0.0763019 0.0746801 0.0423353 0.0000000 0.0098438 0.0570367 0.0477770 0.0437457 0.0300816 0.0481568 0.0651165 0.0604983 0.0430945 0.0526678 0.0766943 0.0800087 0.0647904 0.0592082 0.0221008 0.0172778 0.0540654 0.0547907 0.0481782 0.0207523 0.0348416 0.0646527 0.1090073 0.0685758 0.0553520 0.0608331 0.0058401 0.0666338 0.0344321 0.0058305 0.0345433 0.0344956 0.0671986 0.0477472 0.0403957 0.0698042 0.0478469 0.0357814 0.0462373 0.0476819 0.0506078 0.0701097 0.0601204 0.0549084 0.0902202 0.0526768 0.0940259 0.0442915 0.0676531 0.0800606 0.0696870 0.0816483 0.0995196 0.0301056 0.0986141 0.0338923 0.0676882 0.0722269 0.0439779 0.0620992 0.0990147 0.0058145 0.0324709 0.0393822 0.0453232 0.0433249 0.0532169 0.0575530 0.0544975 0.0613809 0.0745861 0.0508205 0.0605986 0.0097840 0.0656383 0.0668900 0.0522799 0.0019575 0.0077825 0.0358122 0.0616978 0.0397992 0.0487794 0.0480996 0.0502969 0.0478560 0.0219877 0.0364703 0.0589519 0.0480968 0.0455305 0.0058411 0.0547999 0.0199827 
S0405         0.4195663 0.3813057 0.4784820 0.0525902 0.0579160 0.0280858 0.1460217 0.0390262 0.0694913 0.0699032 0.0663822 0.0099441 0.0591161 0.0643844 0.0240290 0.1006677 0.0859541 0.0667408 0.0883868 0.0705988 0.0769720 0.0730910 0.0781818 0.0802320 0.0503640 0.0098438 0.0000000 0.0684345 0.0672587 0.0543855 0.0385086 0.0593578 0.0778046 0.0746436 0.0585045 0.0591385 0.0943967 0.0818988 0.0789934 0.0706417 0.0304130 0.0327070 0.0652384 0.0684665 0.0548386 0.0330656 0.0435891 0.0716138 0.1286543 0.0829154 0.0692135 0.0656320 0.0157604 0.0663153 0.0429895 0.0157336 0.0431300 0.0430708 0.0716905 0.0566615 0.0518041 0.0763751 0.0544459 0.0494513 0.0504223 0.0610292 0.0672438 0.0856929 0.0668645 0.0613992 0.1130968 0.0597257 0.1125116 0.0487013 0.0795747 0.0970180 0.0764111 0.0884848 0.1218524 0.0385396 0.1145218 0.0464577 0.0766787 0.0842389 0.0575185 0.0715058 0.1149965 0.0116597 0.0476252 0.0529155 0.0585540 0.0520754 0.0625131 0.0714625 0.0659008 0.0728468 0.0791094 0.0645365 0.0723475 0.0177458 0.0753050 0.0688653 0.0612214 0.0079029 0.0136794 0.0468065 0.0708847 0.0487486 0.0601233 0.0571169 0.0593543 0.0615659 0.0324301 0.0450525 0.0709022 0.0551437 0.0522621 0.0157627 0.0618750 0.0282301 
S0407sl       0.4115561 0.4377698 0.5426813 0.0880042 0.1441121 0.0676566 0.1475401 0.0496874 0.0855489 0.0427687 0.0609550 0.0599574 0.0321538 0.0780226 0.0636699 0.1026394 0.0524344 0.0783266 0.1105975 0.0450964 0.0840047 0.0495041 0.1024217 0.0971011 0.0660883 0.0570367 0.0684345 0.0000000 0.0754801 0.0366830 0.0580940 0.0705055 0.0613364 0.0840729 0.0517896 0.0775563 0.1039898 0.0924913 0.0835771 0.0299412 0.0757943 0.0835115 0.0404101 0.0631431 0.0653823 0.0728008 0.0521477 0.0809224 0.1304422 0.0928462 0.0784702 0.0898209 0.0656868 0.0874654 0.0583812 0.0631569 0.0630876 0.0607158 0.0884408 0.0603163 0.0490720 0.0937363 0.0627745 0.0272311 0.0661864 0.0341825 0.0698311 0.0847962 0.0884414 0.0799013 0.1365682 0.0685631 0.1250963 0.0581158 0.0963392 0.0989141 0.0855193 0.0923523 0.1230955 0.0626179 0.1110800 0.0417920 0.0880101 0.1011046 0.0834265 0.0950592 0.1115355 0.0653777 0.0745280 0.0737074 0.0299160 0.0581055 0.0640711 0.0855608 0.0583252 0.0361713 0.1099204 0.0737101 0.0813950 0.0635758 0.0946092 0.0936239 0.0746095 0.0622829 0.0609415 0.0580609 0.0721630 0.0831108 0.0479208 0.0682164 0.0727831 0.0430057 0.0628064 0.0649952 0.0161576 0.0639130 0.0695439 0.0611349 0.0588024 0.0656644 
S0412sl       0.3909775 0.4025911 0.4244786 0.1058063 0.1124231 0.0634710 0.1522500 0.0587616 0.0909842 0.0715944 0.0823777 0.0484245 0.0670667 0.0768629 0.0642392 0.0544568 0.0905197 0.0840073 0.1000880 0.0778750 0.0876702 0.0757748 0.1145366 0.1064535 0.0529017 0.0477770 0.0672587 0.0754801 0.0000000 0.0589844 0.0635920 0.0505823 0.0850298 0.0813195 0.0642101 0.0884137 0.0594179 0.0924721 0.0814021 0.0813233 0.0611665 0.0779838 0.0833153 0.0697275 0.0615337 0.0867407 0.0615948 0.0930991 0.1221450 0.0419466 0.0783951 0.0943251 0.0611808 0.1006390 0.0667116 0.0581757 0.0666840 0.0611636 0.0882962 0.0782144 0.0463599 0.0822427 0.0556036 0.0470032 0.0680707 0.0695808 0.0647181 0.0988414 0.0955107 0.0943575 0.0763093 0.0860449 0.1090591 0.0486480 0.0755771 0.0891827 0.1049091 0.1108082 0.1127360 0.0663786 0.1086768 0.0553617 0.1095362 0.0723469 0.0888104 0.0907982 0.1092136 0.0580898 0.0610929 0.0587284 0.0635845 0.0500432 0.0508382 0.0898210 0.0611341 0.0871788 0.0978658 0.0755421 0.0812626 0.0638970 0.0861640 0.1012675 0.0817032 0.0454673 0.0583443 0.0578846 0.0786889 0.0870446 0.0652522 0.0795572 0.0794816 0.0695938 0.0555230 0.0639110 0.0820936 0.0828745 0.0552742 0.0554089 0.0851971 0.0585682 
S0417         0.3983220 0.4008671 0.4868606 0.0739176 0.1264053 0.0515614 0.1462106 0.0410685 0.0713699 0.0343426 0.0568470 0.0464482 0.0281741 0.0739807 0.0582860 0.0944073 0.0526858 0.0764810 0.0911507 0.0344660 0.0870653 0.0496613 0.0886091 0.0922569 0.0495145 0.0437457 0.0543855 0.0366830 0.0589844 0.0000000 0.0450217 0.0564443 0.0490122 0.0797584 0.0410306 0.0637235 0.0924305 0.0821657 0.0765992 0.0345003 0.0619230 0.0689349 0.0341234 0.0519710 0.0524278 0.0669741 0.0434450 0.0790792 0.1214593 0.0809078 0.0742080 0.0808258 0.0522404 0.0732971 0.0496108 0.0498286 0.0497744 0.0474902 0.0741053 0.0515764 0.0403163 0.0832974 0.0476525 0.0197470 0.0530884 0.0259293 0.0642978 0.0694250 0.0741043 0.0660070 0.1053961 0.0571074 0.1162313 0.0370240 0.0841273 0.0990043 0.0764446 0.0885266 0.1174772 0.0494094 0.1025851 0.0316055 0.0896149 0.0839208 0.0743534 0.0811880 0.1029996 0.0519971 0.0584790 0.0576631 0.0217621 0.0431502 0.0486296 0.0812850 0.0521496 0.0386932 0.0998515 0.0694633 0.0798989 0.0501536 0.0797583 0.0872558 0.0706200 0.0487020 0.0499470 0.0488387 0.0613716 0.0770987 0.0437664 0.0641993 0.0687689 0.0324081 0.0473573 0.0516958 0.0379459 0.0548603 0.0587339 0.0522466 0.0543939 0.0522237 
S0419         0.4094259 0.4068679 0.4698543 0.0590688 0.0838209 0.0467724 0.1560790 0.0362027 0.0283058 0.0574002 0.0407675 0.0303925 0.0491700 0.0542238 0.0465085 0.0934642 0.0701335 0.0660748 0.0828706 0.0579248 0.0761843 0.0624775 0.0724793 0.0789490 0.0492599 0.0300816 0.0385086 0.0580940 0.0635920 0.0450217 0.0000000 0.0471786 0.0698146 0.0644370 0.0487809 0.0494719 0.0830095 0.0813647 0.0734172 0.0557595 0.0450742 0.0429197 0.0595458 0.0649220 0.0537915 0.0586207 0.0323534 0.0685564 0.1205310 0.0772121 0.0638664 0.0743807 0.0361145 0.0630722 0.0038200 0.0338957 0.0038316 0.0038265 0.0614530 0.0424791 0.0508268 0.0778386 0.0490640 0.0456375 0.0519998 0.0488828 0.0635440 0.0682864 0.0636311 0.0561072 0.1040981 0.0345153 0.1100827 0.0482795 0.0755630 0.0841758 0.0637102 0.0776625 0.1165735 0.0038058 0.1069128 0.0515322 0.0663889 0.0801076 0.0587700 0.0610671 0.1073435 0.0359524 0.0445793 0.0432006 0.0465581 0.0446097 0.0545117 0.0707094 0.0646685 0.0623627 0.0906928 0.0592911 0.0692495 0.0425674 0.0737913 0.0759320 0.0513085 0.0325096 0.0381650 0.0438330 0.0582782 0.0501020 0.0567112 0.0473562 0.0494531 0.0470286 0.0318379 0.0096061 0.0555081 0.0302863 0.0468687 0.0361192 0.0386172 0.0361042 
S0427         0.3976506 0.4240296 0.4798617 0.0843536 0.1185605 0.0603762 0.1384946 0.0475883 0.0762220 0.0696343 0.0758732 0.0486765 0.0566253 0.0763089 0.0612445 0.0912124 0.0854937 0.0862487 0.1027038 0.0702905 0.0921423 0.0697967 0.0960356 0.0920639 0.0312535 0.0481568 0.0593578 0.0705055 0.0505823 0.0564443 0.0471786 0.0000000 0.0806998 0.0847122 0.0654972 0.0759211 0.0900657 0.0951798 0.0891614 0.0680451 0.0595851 0.0695097 0.0718605 0.0799182 0.0610333 0.0766592 0.0571510 0.0939213 0.1320213 0.0731875 0.0888788 0.0910193 0.0544581 0.0907577 0.0474089 0.0520272 0.0519705 0.0518990 0.0843270 0.0677336 0.0632879 0.0856305 0.0583896 0.0492182 0.0692475 0.0607987 0.0674575 0.0851966 0.0843475 0.0782780 0.1006626 0.0762130 0.1212937 0.0685646 0.0809424 0.0965324 0.0892041 0.0982883 0.1280727 0.0515884 0.1179810 0.0606734 0.0998215 0.0879447 0.0790321 0.0862622 0.1184639 0.0542041 0.0585286 0.0645666 0.0606708 0.0537726 0.0641851 0.0911558 0.0749759 0.0748784 0.1022951 0.0790919 0.0898592 0.0613860 0.0815530 0.0840291 0.0729042 0.0486682 0.0566171 0.0535659 0.0782433 0.0794878 0.0640001 0.0664547 0.0734539 0.0635099 0.0473364 0.0538895 0.0730431 0.0738570 0.0605913 0.0544645 0.0731704 0.0522003 
