122
CRNC          0.0000000 0.3017275 0.4425896 0.6464460 0.7621571 0.5934638 0.5499139 0.5808905 0.5989602 0.6647704 0.6132436 0.5718579 0.6396004 0.5930544 0.5925114 0.5608321 0.6718832 0.6537069 0.6225817 0.6306199 0.7251465 0.6370246 0.5699301 0.6475356 0.6541675 0.5940124 0.5479187 0.6512774 0.6309068 0.5772254 0.5898891 0.6457283 0.6417792 0.6385286 0.6048960 0.5968012 0.6777592 0.6040191 0.6968292 0.6383504 0.5900668 0.5845937 0.6533125 0.5950280 0.6083410 0.6143948 0.5631012 0.6037083 0.6426772 0.5497701 0.6013605 0.6502012 0.5352768 0.6153548 0.5798153 0.6116307 0.5906478 0.6059318 0.5864396 0.6009803 0.5993471 0.5950287 0.6261382 0.6043168 0.5752458 0.5880565 0.6204806 0.5934862 0.5859410 0.6071406 0.5600777 0.5997198 0.6478861 0.6401570 0.5569987 0.6309687 0.6190767 0.6619645 0.5620692 0.5705174 0.5721168 0.5927876 0.5527451 0.6112160 0.5862435 0.5903703 0.5977915 0.6145404 0.6298634 0.5382475 0.5738425 0.6208118 0.6010080 0.6440459 0.6119356 0.6280421 0.6427067 0.6500274 0.6252462 0.6144850 0.8217826 0.5740040 0.6686988 0.6111684 0.6271646 0.5552484 0.5843611 0.6036837 0.6025335 0.6041933 0.5997663 0.6122525 0.6012480 0.6780036 0.5928709 0.5945883 0.6551242 0.6550966 0.6112188 0.5658437 0.6531474 0.6157680 
HYZL          0.3017275 0.0000000 0.1594529 0.4610514 0.4825871 0.4357816 0.3839216 0.4573151 0.4489758 0.4911891 0.4632253 0.4479470 0.4604526 0.4370937 0.4689146 0.4698977 0.4819740 0.5192569 0.4939012 0.4626456 0.5331592 0.4618968 0.4642273 0.4173312 0.4595458 0.4524275 0.4348583 0.5047311 0.4507766 0.4308500 0.4323070 0.4528577 0.4480865 0.5215465 0.4360073 0.4326979 0.5005522 0.4595343 0.4984100 0.4666640 0.4609076 0.4402798 0.4837561 0.4335788 0.4532500 0.4144708 0.4432149 0.4368772 0.5124716 0.3922237 0.4364712 0.5315079 0.3666109 0.4673375 0.4371845 0.4417299 0.4617794 0.4425235 0.4305773 0.4556917 0.4409840 0.4081922 0.5205297 0.4471853 0.4202888 0.4311044 0.4864270 0.4609575 0.4285883 0.4575652 0.3991145 0.4205439 0.5192431 0.5040489 0.4032365 0.4505995 0.5010411 0.4904051 0.4181988 0.4288877 0.4045083 0.4324800 0.3977163 0.4406314 0.4304418 0.4565291 0.4811798 0.5012286 0.4674977 0.3808412 0.4384558 0.4745481 0.4403366 0.4558784 0.4422094 0.4646571 0.5147566 0.4424784 0.4920402 0.4625346 0.5728921 0.4513730 0.5329779 0.4573872 0.4558467 0.4344109 0.4440855 0.4764381 0.4817834 0.4715520 0.4552458 0.4554995 0.4533518 0.4901267 0.4656791 0.4259370 0.4892546 0.4904635 0.4687439 0.4464762 0.4996376 0.4695010 
MYZV          0.4425896 0.1594529 0.0000000 0.5192618 0.5453102 0.4958379 0.4485795 0.5150765 0.5401166 0.5377973 0.5045536 0.5343594 0.5321266 0.5037888 0.5724545 0.5438506 0.5355532 0.5488468 0.6013074 0.5241013 0.5582558 0.5354021 0.5500831 0.4938213 0.4998726 0.5476492 0.5073917 0.5724848 0.5280649 0.4898587 0.5273456 0.5098997 0.5138726 0.5829099 0.4983023 0.5389971 0.5710783 0.5282270 0.5603753 0.5161468 0.5733172 0.5582287 0.5454716 0.5135317 0.5276141 0.4993778 0.5243400 0.5306437 0.5873629 0.4774017 0.5012520 0.5919882 0.4076980 0.5521555 0.4970781 0.5239488 0.5685053 0.5262840 0.5164301 0.5150950 0.5386283 0.4886443 0.6044896 0.4961211 0.5153844 0.5195379 0.5461989 0.5090130 0.4962857 0.5309585 0.4630316 0.5125524 0.5837886 0.5527738 0.4964451 0.5287754 0.5864675 0.5377856 0.5019634 0.5028607 0.5255747 0.5246712 0.4970826 0.5913061 0.4902974 0.5279003 0.5633041 0.5361745 0.5425095 0.4639811 0.5374737 0.5614135 0.5483611 0.5135221 0.4970358 0.5274682 0.5512123 0.5149794 0.5576084 0.5479709 0.5745414 0.5341082 0.5743855 0.5205693 0.5276604 0.5639417 0.5209889 0.5237385 0.5426519 0.5373272 0.5218457 0.5320142 0.5165877 0.5567851 0.5398337 0.5158218 0.5213170 0.5846797 0.5452008 0.5411306 0.5440640 0.5563406 
SRR6441723    0.6464460 0.4610514 0.5192618 0.0000000 0.0852395 0.1182188 0.3296279 0.0963025 0.0739955 0.1409454 0.0861264 0.1008473 0.1311493 0.0757655 0.1081899 0.1432887 0.1499800 0.1406744 0.1266729 0.1229520 0.1356091 0.1235475 0.0769615 0.0597350 0.1139993 0.1086215 0.1018634 0.1332483 0.1081904 0.1129058 0.0752456 0.1208646 0.1104177 0.1460793 0.0954572 0.0903787 0.1333723 0.1243672 0.1207912 0.1228400 0.1144028 0.1066393 0.1371786 0.1129100 0.1100406 0.0896311 0.1039633 0.0915422 0.1392062 0.1980585 0.0952660 0.1373444 0.0644528 0.1034683 0.0893579 0.0796711 0.1071748 0.0750934 0.0772097 0.1001166 0.0917676 0.1141163 0.1206027 0.1113517 0.1009627 0.0914754 0.1256357 0.1005680 0.0848987 0.0900391 0.0721275 0.0965924 0.1605533 0.1169419 0.1836488 0.1082955 0.1322510 0.1255868 0.0879021 0.0960120 0.2093413 0.0730943 0.1943363 0.1291219 0.0973282 0.0632942 0.1222995 0.1320530 0.1015152 0.1876700 0.1025484 0.1122117 0.0713260 0.1243108 0.1105085 0.1143510 0.1481955 0.1174478 0.1344463 0.1216574 0.1543971 0.1070638 0.1252985 0.0672794 0.0817714 0.1143556 0.1061768 0.1146622 0.0931072 0.0981000 0.1153293 0.0742865 0.0799858 0.1404355 0.1057380 0.0733628 0.1050031 0.1100983 0.1277375 0.1005210 0.1205443 0.1074774 
ERR4210213    0.7621571 0.4825871 0.5453102 0.0852395 0.0000000 0.1276489 0.3677220 0.1211527 0.0975116 0.1449118 0.0934353 0.1299539 0.1362496 0.0918491 0.1214148 0.1634621 0.1616125 0.1424367 0.1446526 0.1516567 0.1491401 0.1406943 0.0516312 0.0597453 0.1275441 0.1257057 0.1218886 0.1484996 0.1380810 0.1286921 0.0819253 0.1294877 0.1519930 0.1432922 0.1174975 0.0991727 0.1344810 0.1444828 0.1285754 0.1440153 0.1412506 0.1154958 0.1644466 0.1360639 0.1400734 0.1054535 0.1300469 0.1192172 0.1425028 0.2598024 0.1267432 0.1444459 0.0904081 0.1303118 0.1010996 0.0922057 0.1224640 0.0817582 0.0872216 0.0965771 0.1228173 0.1404720 0.1407943 0.1382626 0.1205918 0.1085482 0.1540622 0.1130655 0.1118597 0.1105710 0.0868340 0.1053692 0.1713345 0.1341339 0.2464146 0.1239309 0.1471855 0.1536011 0.1024578 0.1124333 0.2551436 0.0834633 0.2619386 0.1626367 0.1236941 0.0786970 0.1443934 0.1510641 0.1016568 0.2553953 0.1094107 0.1412946 0.0781711 0.1345225 0.1327548 0.1382584 0.1629689 0.1405347 0.1516625 0.1430221 0.1573744 0.1159439 0.1451258 0.0907046 0.0880962 0.1245341 0.1127422 0.1417000 0.1116651 0.1208332 0.1403892 0.0974885 0.0965668 0.1529204 0.1373583 0.0799453 0.1393434 0.1296749 0.1470843 0.1198379 0.1366178 0.1325712 
ERR2789774    0.5934638 0.4357816 0.4958379 0.1182188 0.1276489 0.0000000 0.3174447 0.0820344 0.0883440 0.1361652 0.1133933 0.0876562 0.1277444 0.1062433 0.0827888 0.1182008 0.1424066 0.1632689 0.1420135 0.1229497 0.1586435 0.1190020 0.1149746 0.0978670 0.1259625 0.0859289 0.0884828 0.1322874 0.1000805 0.1125940 0.0856288 0.1103672 0.1250238 0.1541675 0.0939301 0.1058459 0.1244027 0.1481425 0.1395905 0.1236051 0.1123732 0.0879796 0.1361263 0.1184192 0.1126296 0.0718428 0.0882425 0.1179995 0.1526684 0.1969945 0.0900243 0.1490333 0.0718079 0.1002858 0.1134929 0.0900200 0.0815437 0.0887297 0.0897047 0.1149337 0.1227017 0.1173063 0.1370410 0.0976057 0.1017727 0.0955729 0.1257019 0.1172481 0.1089764 0.1085241 0.0915537 0.1051833 0.1387729 0.1452724 0.1891790 0.1104013 0.1379811 0.1310633 0.1101416 0.1135656 0.2129816 0.0874461 0.1957386 0.1174713 0.1181695 0.1108181 0.1376303 0.1196228 0.1265793 0.1922816 0.0817128 0.1105334 0.1018184 0.1228489 0.1041423 0.1153869 0.1742258 0.1139243 0.1355854 0.1302995 0.1719501 0.0816571 0.1571721 0.1369128 0.1056413 0.0917386 0.0795980 0.1090295 0.1301089 0.0877411 0.1109032 0.1049514 0.1102752 0.1320214 0.1048742 0.0877211 0.1211631 0.1355606 0.1214478 0.0815974 0.1438262 0.0999716 
PAFTOL_019361 0.5499139 0.3839216 0.4485795 0.3296279 0.3677220 0.3174447 0.0000000 0.2987254 0.3346829 0.3215723 0.3317030 0.3208747 0.3179840 0.3161261 0.3136833 0.3486344 0.3203958 0.3922918 0.3501614 0.3103003 0.3851385 0.3035290 0.3257470 0.3302224 0.3608174 0.3134827 0.3097666 0.3086964 0.3085251 0.2833290 0.3172472 0.3500718 0.3314026 0.3785437 0.2931644 0.3075226 0.3583521 0.3498387 0.3808384 0.3059182 0.3164633 0.3150409 0.3090031 0.3012058 0.3212101 0.2915763 0.3055045 0.3428754 0.3640275 0.2864308 0.3105548 0.3721147 0.2721030 0.3194076 0.3133582 0.3085905 0.3069420 0.3124546 0.3172762 0.3325718 0.3512823 0.2974237 0.3642180 0.3063360 0.2723155 0.3042134 0.3054606 0.3503489 0.3204662 0.3142333 0.2963031 0.3223548 0.3901649 0.3768990 0.2988784 0.3146985 0.3591790 0.3851728 0.3142596 0.3317760 0.3233485 0.3146975 0.2882492 0.3198020 0.3093175 0.3030392 0.3669174 0.3340944 0.3491540 0.2858339 0.3040669 0.3072710 0.3113691 0.2963195 0.3048022 0.3228266 0.4021209 0.3124333 0.3217947 0.3569175 0.4298201 0.3057930 0.3893226 0.3484254 0.3169746 0.3009243 0.3022538 0.3181383 0.3390953 0.3116088 0.2912646 0.3196913 0.3315377 0.3187548 0.3090426 0.3109610 0.3011210 0.3601567 0.3404000 0.2982542 0.3811977 0.3045562 
S0055         0.5808905 0.4573151 0.5150765 0.0963025 0.1211527 0.0820344 0.2987254 0.0000000 0.0709881 0.1105799 0.0924530 0.0747777 0.0992665 0.0825857 0.0727680 0.0940990 0.1159046 0.1383660 0.1128590 0.1011946 0.1316370 0.0969467 0.0940622 0.0712699 0.0812939 0.0697276 0.0786396 0.1071113 0.0672419 0.0805339 0.0675478 0.0839552 0.0922617 0.1235430 0.0765356 0.0858077 0.0885412 0.1157150 0.1156494 0.0977609 0.0642984 0.0617131 0.1001039 0.0914383 0.0891273 0.0513194 0.0764811 0.0964510 0.1229516 0.1733917 0.0679661 0.1249370 0.0589673 0.0555743 0.0865950 0.0728360 0.0668671 0.0685436 0.0673717 0.1020157 0.1010603 0.0992361 0.1070761 0.0801080 0.0736169 0.0766139 0.0976454 0.0959543 0.0934400 0.0854862 0.0741479 0.0928741 0.1078863 0.1100911 0.1693251 0.0881703 0.1068097 0.1170973 0.0835247 0.0970802 0.1854407 0.0673791 0.1711055 0.0967038 0.0929885 0.0840101 0.1113462 0.0775552 0.0969343 0.1629726 0.0627897 0.0653755 0.0716034 0.0943594 0.0821748 0.0919733 0.1462567 0.0897981 0.1022952 0.1066666 0.1552356 0.0668362 0.1282521 0.1123837 0.0818687 0.0745616 0.0636801 0.0373328 0.0987546 0.0470231 0.0848165 0.0848298 0.0828850 0.1118613 0.0624451 0.0675875 0.0843346 0.1007266 0.1017177 0.0646970 0.1122651 0.0545493 
S0196sl       0.5989602 0.4489758 0.5401166 0.0739955 0.0975116 0.0883440 0.3346829 0.0709881 0.0000000 0.0892960 0.0467262 0.0798274 0.0901871 0.0607637 0.0764446 0.1056794 0.1028905 0.0940509 0.0915695 0.0891708 0.0894028 0.0693972 0.0750681 0.0396951 0.0863799 0.0775875 0.0780942 0.0887193 0.0754567 0.0741259 0.0104885 0.0842383 0.0745227 0.1008765 0.0542776 0.0633096 0.0995010 0.0936244 0.0747119 0.0832069 0.0912654 0.0737297 0.0972657 0.0634918 0.0718022 0.0607492 0.0841293 0.0546486 0.0967948 0.1838016 0.0603101 0.1040775 0.0455789 0.0733376 0.0647279 0.0174570 0.0775008 0.0124387 0.0114642 0.0808925 0.0588995 0.0706470 0.0904461 0.0663710 0.0503358 0.0633211 0.0867366 0.0720485 0.0717672 0.0642360 0.0509990 0.0654387 0.1268714 0.0687641 0.1819170 0.0806690 0.0953767 0.0911846 0.0635753 0.0775622 0.1908332 0.0114276 0.1821933 0.0832537 0.0774159 0.0697769 0.0938794 0.1013621 0.0832699 0.1794382 0.0747969 0.0851968 0.0577836 0.0855747 0.0683466 0.0765844 0.1160223 0.0656869 0.0927813 0.0904077 0.0983737 0.0699716 0.1068519 0.0777504 0.0573456 0.0840005 0.0734799 0.0938488 0.0773883 0.0720559 0.0729756 0.0619648 0.0628743 0.0986140 0.0811674 0.0133995 0.0766898 0.0634291 0.0854004 0.0760285 0.0718204 0.0785061 
S0278         0.6647704 0.4911891 0.5377973 0.1409454 0.1449118 0.1361652 0.3215723 0.1105799 0.0892960 0.0000000 0.1238614 0.1310971 0.0441118 0.1220536 0.1217591 0.1535411 0.0478802 0.1850192 0.1589163 0.0420506 0.1781535 0.0605529 0.1351449 0.0939116 0.1417633 0.1232171 0.1267705 0.0606143 0.1156898 0.0588620 0.0995086 0.1311290 0.0651318 0.1739725 0.0624231 0.1202581 0.1339981 0.1595558 0.1645457 0.0479762 0.1302409 0.1199118 0.0639611 0.0664328 0.0850123 0.1031872 0.1298194 0.1292772 0.1671696 0.2042314 0.1201101 0.1701585 0.0846714 0.1120695 0.1124922 0.0998455 0.1206868 0.0972539 0.0975102 0.1459738 0.1315623 0.0773381 0.1437004 0.0774504 0.0559917 0.1167216 0.0532994 0.1405785 0.1327996 0.1259787 0.1183884 0.1320486 0.1542863 0.1506763 0.2042433 0.1161102 0.1472753 0.1538374 0.1239247 0.1414900 0.2204771 0.0992520 0.2004242 0.0896791 0.1339063 0.1256633 0.1532559 0.1363469 0.1341316 0.2078816 0.1155115 0.1257791 0.1064687 0.0514405 0.0809477 0.0897990 0.1922947 0.0733859 0.0395708 0.1561412 0.2073300 0.1146559 0.1609932 0.1527479 0.1228719 0.1260845 0.1172512 0.1320572 0.1343190 0.1105911 0.0678827 0.1171101 0.1297786 0.0539413 0.1177847 0.0951218 0.0521369 0.1426644 0.1002657 0.1180343 0.1557337 0.1149853 
S0281         0.6132436 0.4632253 0.5045536 0.0861264 0.0934353 0.1133933 0.3317030 0.0924530 0.0467262 0.1238614 0.0000000 0.0951422 0.1160888 0.0751842 0.1005844 0.1289667 0.1261193 0.1307943 0.1086282 0.1072506 0.1125216 0.1119419 0.0975887 0.0567886 0.1026131 0.1030483 0.0983149 0.1241818 0.1002244 0.1014688 0.0492851 0.1100361 0.0869964 0.1296350 0.0866553 0.0863171 0.1231644 0.1164020 0.1096859 0.1076245 0.1159934 0.0950916 0.1196727 0.0950702 0.0954499 0.0821902 0.0948451 0.0453872 0.1247781 0.1812144 0.0873441 0.1260932 0.0692222 0.0994863 0.0916895 0.0573707 0.0989158 0.0493876 0.0493710 0.0892155 0.0471369 0.1001250 0.1129714 0.0915716 0.0878898 0.0848558 0.1065554 0.0915539 0.0847515 0.0826373 0.0750952 0.0891389 0.1441597 0.0653983 0.1674195 0.1100384 0.1180267 0.1069624 0.0783143 0.0923729 0.1889945 0.0501743 0.1778847 0.1109413 0.0971501 0.0799479 0.1113076 0.1188703 0.0971951 0.1746675 0.1005697 0.1065216 0.0729532 0.1135426 0.0900011 0.0968784 0.1324295 0.1045552 0.1172249 0.1058551 0.1322815 0.0966731 0.1186536 0.0918595 0.0828055 0.1102757 0.0959564 0.1063644 0.0901984 0.0968426 0.1011267 0.0737117 0.0764150 0.1233154 0.1041971 0.0513038 0.0967036 0.0629374 0.1103485 0.0968115 0.0657328 0.1016687 
S0282         0.5718579 0.4479470 0.5343594 0.1008473 0.1299539 0.0876562 0.3208747 0.0747777 0.0798274 0.1310971 0.0951422 0.0000000 0.1203008 0.0871208 0.0240827 0.0985662 0.1389018 0.1390156 0.1229654 0.1156661 0.1273491 0.1150190 0.1105043 0.0795723 0.0994509 0.0224784 0.0241454 0.1281370 0.0876261 0.1116082 0.0809739 0.1018936 0.0976478 0.1417433 0.0918278 0.0922363 0.1154977 0.1246015 0.1137525 0.1079922 0.0943850 0.0281316 0.1249754 0.1131360 0.1071455 0.0629425 0.0142091 0.1055210 0.1366605 0.1824638 0.0777118 0.1405176 0.0649642 0.0819519 0.0964354 0.0872447 0.0240617 0.0829578 0.0827061 0.0960447 0.1047965 0.1095034 0.1302808 0.0970562 0.0981722 0.0871520 0.1103927 0.0934061 0.0912804 0.0923660 0.0740929 0.0953137 0.1267604 0.1261364 0.1670397 0.1057160 0.1219769 0.1213084 0.0901392 0.0995484 0.1940012 0.0827142 0.1776384 0.1155276 0.0980294 0.1000764 0.1181416 0.0979772 0.1023709 0.1754671 0.0215755 0.0882968 0.0871803 0.1101563 0.1014436 0.1103568 0.1487374 0.1118917 0.1248130 0.1165010 0.1548569 0.0282605 0.1328414 0.1174908 0.0914244 0.0289440 0.0285904 0.0934620 0.1018521 0.0706387 0.1039418 0.0820484 0.0864633 0.1298510 0.0854470 0.0829716 0.1015776 0.1189670 0.1194948 0.0190902 0.1244105 0.0787989 
S0289         0.6396004 0.4604526 0.5321266 0.1311493 0.1362496 0.1277444 0.3179840 0.0992665 0.0901871 0.0441118 0.1160888 0.1203008 0.0000000 0.1164682 0.1153581 0.1462570 0.0554903 0.1724569 0.1433479 0.0342714 0.1619866 0.0559153 0.1275635 0.0921463 0.1258060 0.1167157 0.1227840 0.0577847 0.1121031 0.0424993 0.0895608 0.1243868 0.0554598 0.1564734 0.0498502 0.1177526 0.1281656 0.1381328 0.1509054 0.0428285 0.1159309 0.1130111 0.0586374 0.0690412 0.0832285 0.0958083 0.1225080 0.1219379 0.1485523 0.1948426 0.1124744 0.1526615 0.0803191 0.1024831 0.1076713 0.0940277 0.1141594 0.0886085 0.0916428 0.1403956 0.1207117 0.0738882 0.1340959 0.0755636 0.0569475 0.1059280 0.0479544 0.1290712 0.1261088 0.1274299 0.1104059 0.1261830 0.1463804 0.1405849 0.1955076 0.1072393 0.1332382 0.1364041 0.1224309 0.1397382 0.2089622 0.0893278 0.1924018 0.0972362 0.1350763 0.1158455 0.1415905 0.1266721 0.1294096 0.1947097 0.1059062 0.1184871 0.1004397 0.0401934 0.0760214 0.0924010 0.1755760 0.0697576 0.0489235 0.1425643 0.1918561 0.1107449 0.1565107 0.1423495 0.1183211 0.1181240 0.1076572 0.1171063 0.1293729 0.1056368 0.0638145 0.1102480 0.1227143 0.0426069 0.1083298 0.0872483 0.0507303 0.1310777 0.0955276 0.1094697 0.1468860 0.1053893 
S0292         0.5930544 0.4370937 0.5037888 0.0757655 0.0918491 0.1062433 0.3161261 0.0825857 0.0607637 0.1220536 0.0751842 0.0871208 0.1164682 0.0000000 0.0952004 0.1183036 0.1276992 0.1272511 0.1131708 0.1121302 0.1179484 0.1084422 0.0838918 0.0646756 0.0922409 0.0963812 0.0888257 0.1229423 0.0992924 0.1016614 0.0631905 0.1021318 0.0891056 0.1320374 0.0844969 0.0772449 0.1157768 0.1046730 0.1084163 0.1049726 0.1020481 0.0867820 0.1204891 0.1035848 0.1065661 0.0714540 0.0868987 0.0800140 0.1237953 0.1851045 0.0875554 0.1255340 0.0476907 0.0912088 0.0726232 0.0702563 0.0960586 0.0630637 0.0639772 0.0900393 0.0805150 0.1012311 0.1039252 0.1048572 0.0897124 0.0778205 0.1053299 0.0893372 0.0772511 0.0705952 0.0617495 0.0789898 0.1355145 0.0959709 0.1689297 0.0952135 0.1139712 0.1195981 0.0691149 0.0807858 0.1941051 0.0630331 0.1802734 0.1112271 0.0761594 0.0755998 0.1077647 0.1210334 0.0490341 0.1755976 0.0906735 0.1055345 0.0680292 0.1039888 0.1037999 0.1127278 0.1333980 0.1034343 0.1193682 0.0965228 0.1374693 0.0869210 0.1094014 0.0873833 0.0149911 0.0993493 0.0909077 0.1013409 0.0315474 0.0820802 0.0946782 0.0203670 0.0158887 0.1231774 0.0988570 0.0650918 0.0961710 0.0931717 0.1274343 0.0907429 0.0981739 0.0920689 
S0293         0.5925114 0.4689146 0.5724545 0.1081899 0.1214148 0.0827888 0.3136833 0.0727680 0.0764446 0.1217591 0.1005844 0.0240827 0.1153581 0.0952004 0.0000000 0.1093514 0.1255588 0.1450489 0.1152216 0.1080167 0.1358116 0.1093044 0.1023006 0.0741778 0.1104008 0.0183073 0.0320265 0.1134882 0.0852799 0.1022251 0.0718636 0.1016242 0.1020755 0.1321076 0.0862646 0.0892856 0.1035342 0.1351996 0.1259873 0.1105857 0.0901976 0.0244027 0.1108630 0.1052771 0.1008435 0.0612043 0.0259816 0.1097784 0.1286611 0.1885136 0.0853795 0.1322099 0.0706385 0.0809286 0.0866573 0.0779515 0.0190612 0.0737278 0.0757125 0.0973883 0.1143795 0.1108839 0.1228049 0.0883258 0.0901229 0.0805672 0.1038587 0.0973923 0.0936381 0.0927057 0.0765718 0.0900949 0.1292194 0.1301415 0.1777871 0.1007769 0.1201062 0.1364154 0.0904494 0.0987364 0.2030447 0.0735823 0.1860988 0.1118115 0.1008487 0.0931034 0.1283854 0.0937817 0.0978388 0.1865925 0.0166174 0.0862395 0.0818817 0.1007614 0.0914852 0.1002956 0.1611055 0.1051477 0.1178562 0.1211073 0.1630883 0.0248508 0.1413667 0.1227103 0.0915973 0.0253056 0.0242627 0.0945177 0.1080888 0.0705858 0.0974129 0.0887592 0.0956838 0.1223374 0.0843752 0.0738091 0.0943802 0.1159102 0.1091503 0.0125699 0.1310224 0.0777865 
S0294         0.5608321 0.4698977 0.5438506 0.1432887 0.1634621 0.1182008 0.3486344 0.0940990 0.1056794 0.1535411 0.1289667 0.0985662 0.1462570 0.1183036 0.1093514 0.0000000 0.1550984 0.1670312 0.1542356 0.1331164 0.1663156 0.1380413 0.1469887 0.1071268 0.1208166 0.1049527 0.0995903 0.1519482 0.0950076 0.1254177 0.1104486 0.1144969 0.1273356 0.1711063 0.1194183 0.1291441 0.1173563 0.1394910 0.1397182 0.1354720 0.1036996 0.1039321 0.1548632 0.1303665 0.1305939 0.0913300 0.1016997 0.1343560 0.1682296 0.1970484 0.0929027 0.1666634 0.0944838 0.0904883 0.1283531 0.1184359 0.0992151 0.1170779 0.1145005 0.1402611 0.1361310 0.1290903 0.1594729 0.1176315 0.1145239 0.1224966 0.1327455 0.1227743 0.1350347 0.1280019 0.1096983 0.1412462 0.0633620 0.1490325 0.1733871 0.1383468 0.1459208 0.1473785 0.1229878 0.1406951 0.2048755 0.1134497 0.1920013 0.1306031 0.1280949 0.1326926 0.1379437 0.1109853 0.1396051 0.1837107 0.0982513 0.1049465 0.1209287 0.1323121 0.1214605 0.1317553 0.1802165 0.1306914 0.1460906 0.1335401 0.1924181 0.1037214 0.1667718 0.1505548 0.1229553 0.1062092 0.1015021 0.1145772 0.1323192 0.0880015 0.1304980 0.1158314 0.1212348 0.1552623 0.1037320 0.1181415 0.1231340 0.1492476 0.1369528 0.1015320 0.1561830 0.0957064 
S0299         0.6718832 0.4819740 0.5355532 0.1499800 0.1616125 0.1424066 0.3203958 0.1159046 0.1028905 0.0478802 0.1261193 0.1389018 0.0554903 0.1276992 0.1255588 0.1550984 0.0000000 0.1852523 0.1653041 0.0478332 0.1802455 0.0626719 0.1511029 0.1037186 0.1393720 0.1297042 0.1368099 0.0653442 0.1140090 0.0648968 0.1046199 0.1334391 0.0714744 0.1751956 0.0657651 0.1227163 0.1375803 0.1553071 0.1656605 0.0526886 0.1354897 0.1240596 0.0737058 0.0801408 0.0890885 0.1062911 0.1376461 0.1352799 0.1659145 0.2099110 0.1207850 0.1698899 0.0884957 0.1232959 0.1145875 0.1117266 0.1259718 0.1033846 0.1025867 0.1335942 0.1408831 0.0883910 0.1480172 0.0825188 0.0681523 0.1191741 0.0558933 0.1457123 0.1328280 0.1210370 0.1126426 0.1347352 0.1567633 0.1540742 0.2136850 0.1202261 0.1429792 0.1628417 0.1190634 0.1326590 0.2311962 0.1043465 0.2093791 0.1049427 0.1346719 0.1321308 0.1478107 0.1475650 0.1357031 0.2188882 0.1232301 0.1300249 0.1111101 0.0618846 0.0843117 0.0928970 0.1865242 0.0882297 0.0541754 0.1560162 0.2004274 0.1208623 0.1642815 0.1586532 0.1270254 0.1316112 0.1214592 0.1338338 0.1329112 0.1192360 0.0741911 0.1198533 0.1329356 0.0538721 0.1230188 0.1022102 0.0562998 0.1420973 0.1023208 0.1255096 0.1580679 0.1225657 
S0303         0.6537069 0.5192569 0.5488468 0.1406744 0.1424367 0.1632689 0.3922918 0.1383660 0.0940509 0.1850192 0.1307943 0.1390156 0.1724569 0.1272511 0.1450489 0.1670312 0.1852523 0.0000000 0.1092882 0.1485966 0.0261112 0.1689848 0.1505964 0.0934152 0.1406439 0.1504770 0.1443620 0.1718903 0.1615802 0.1532720 0.1183991 0.1636822 0.1386786 0.0280266 0.1368680 0.1258179 0.1693581 0.1203646 0.0266862 0.1664038 0.1627548 0.1471197 0.1810895 0.1517824 0.1667986 0.1335344 0.1429272 0.1243895 0.0267133 0.2336098 0.1457633 0.0302064 0.1122781 0.1494566 0.1153576 0.1199140 0.1499344 0.1174149 0.1171045 0.1346572 0.1282500 0.1552266 0.1105640 0.1509812 0.1416379 0.1397943 0.1557069 0.0611813 0.1257512 0.1163005 0.1003317 0.1263240 0.1702225 0.1479728 0.2304201 0.1652260 0.1039177 0.1059915 0.1315237 0.1445634 0.2479159 0.1180891 0.2268305 0.1887749 0.1285043 0.1438041 0.0944899 0.1630976 0.1450911 0.2246639 0.1462890 0.1600013 0.1287876 0.1683287 0.1524692 0.1674529 0.0319154 0.1559552 0.1704280 0.1094110 0.0396439 0.1427050 0.1122680 0.1414086 0.1352114 0.1539905 0.1428226 0.1458603 0.1397582 0.1441154 0.1497561 0.1208256 0.1278231 0.1773669 0.1569317 0.1184710 0.1292628 0.1436854 0.1793217 0.1415276 0.1538076 0.1534812 
S0308         0.6225817 0.4939012 0.6013074 0.1266729 0.1446526 0.1420135 0.3501614 0.1128590 0.0915695 0.1589163 0.1086282 0.1229654 0.1433479 0.1131708 0.1152216 0.1542356 0.1653041 0.1092882 0.0000000 0.1425270 0.1104744 0.1369685 0.1173229 0.0906119 0.1365849 0.1233578 0.1252091 0.1455146 0.1354538 0.1249616 0.0911517 0.1526656 0.1220347 0.0940515 0.0979652 0.1036755 0.1398795 0.0897601 0.1004238 0.1415582 0.1307816 0.1157035 0.1435141 0.1239467 0.1315089 0.1126639 0.1241434 0.1109766 0.0923706 0.2285589 0.1302918 0.0890616 0.0837168 0.1252641 0.0963617 0.0934733 0.1218357 0.0902224 0.0909120 0.1200456 0.1167385 0.1352709 0.0882830 0.1211159 0.1116178 0.1110436 0.1329040 0.0714749 0.1101736 0.1053986 0.0915027 0.1100056 0.1665415 0.1327271 0.2192643 0.1346583 0.0838156 0.0985495 0.1076713 0.1197960 0.2413186 0.0909204 0.2260065 0.1472287 0.1179262 0.1164995 0.0908089 0.1404293 0.1259990 0.2255250 0.1148941 0.1264857 0.1042965 0.1325084 0.1238476 0.1389018 0.1152500 0.1330822 0.1420859 0.0909109 0.1274021 0.1140604 0.1038089 0.1275399 0.1135715 0.1227029 0.1143376 0.1231845 0.1323978 0.1121220 0.1251876 0.1163784 0.1156495 0.1563342 0.1226149 0.0891583 0.1155015 0.1224104 0.1461328 0.1149876 0.1332492 0.1177265 
S0320         0.6306199 0.4626456 0.5241013 0.1229520 0.1516567 0.1229497 0.3103003 0.1011946 0.0891708 0.0420506 0.1072506 0.1156661 0.0342714 0.1121302 0.1080167 0.1331164 0.0478332 0.1485966 0.1425270 0.0000000 0.1463405 0.0576942 0.1281468 0.0956936 0.1235269 0.1142488 0.1137470 0.0586800 0.1052864 0.0519421 0.0877762 0.1154828 0.0614436 0.1486029 0.0488148 0.1074737 0.1265438 0.1322979 0.1247921 0.0454342 0.1131212 0.1077789 0.0569592 0.0636716 0.0801884 0.0946021 0.1169230 0.1179607 0.1409503 0.1873761 0.1043384 0.1481622 0.0714840 0.1058659 0.1010188 0.0925203 0.1117273 0.0868063 0.0878189 0.1186083 0.1202574 0.0686174 0.1210977 0.0713996 0.0527278 0.1060266 0.0493504 0.1143019 0.1132383 0.1111459 0.0977677 0.1136475 0.1588302 0.1369240 0.1906636 0.1070677 0.1168757 0.1282484 0.1068263 0.1218788 0.2026688 0.0875451 0.1849150 0.0946791 0.1222720 0.1186103 0.1176021 0.1302469 0.1292715 0.1861549 0.1056784 0.1155571 0.0919870 0.0453946 0.0709395 0.0852917 0.1626300 0.0727293 0.0487134 0.1267898 0.1563624 0.1078386 0.1336346 0.1351063 0.1114973 0.1154574 0.1081338 0.1222223 0.1218147 0.1065905 0.0631804 0.1055991 0.1200474 0.0349726 0.1089179 0.0877708 0.0529731 0.1238517 0.0923846 0.1102039 0.1372648 0.1074507 
S0322         0.7251465 0.5331592 0.5582558 0.1356091 0.1491401 0.1586435 0.3851385 0.1316370 0.0894028 0.1781535 0.1125216 0.1273491 0.1619866 0.1179484 0.1358116 0.1663156 0.1802455 0.0261112 0.1104744 0.1463405 0.0000000 0.1662043 0.1441213 0.1008449 0.1203564 0.1403100 0.1300913 0.1709023 0.1597653 0.1505078 0.1026778 0.1540236 0.1441458 0.0276946 0.1335362 0.1245144 0.1630293 0.1148994 0.0332489 0.1571889 0.1512891 0.1323625 0.1780687 0.1521537 0.1543772 0.1210748 0.1282470 0.1152866 0.0191428 0.2307049 0.1389270 0.0250058 0.1030770 0.1356142 0.1231484 0.1028632 0.1400343 0.1024306 0.1035933 0.1258858 0.1171312 0.1486529 0.1029327 0.1377270 0.1385966 0.1273497 0.1500891 0.0595317 0.1244379 0.1178301 0.0980331 0.1198288 0.1696239 0.1364221 0.2266818 0.1523213 0.0960159 0.1024694 0.1260216 0.1397243 0.2438018 0.1036319 0.2248318 0.1945950 0.1294239 0.1348168 0.0840454 0.1517565 0.1365620 0.2238755 0.1365642 0.1522820 0.1178121 0.1580054 0.1360778 0.1553865 0.0369034 0.1478489 0.1663470 0.1062443 0.0400682 0.1328995 0.0876196 0.1343482 0.1288267 0.1434323 0.1259563 0.1339600 0.1299287 0.1352716 0.1406648 0.1178999 0.1183928 0.1615490 0.1472708 0.1011507 0.1311171 0.1374668 0.1689864 0.1298345 0.1426477 0.1461417 
S0327         0.6370246 0.4618968 0.5354021 0.1235475 0.1406943 0.1190020 0.3035290 0.0969467 0.0693972 0.0605529 0.1119419 0.1150190 0.0559153 0.1084422 0.1093044 0.1380413 0.0626719 0.1689848 0.1369685 0.0576942 0.1662043 0.0000000 0.1250470 0.0902082 0.1259939 0.1127719 0.1128758 0.0554967 0.1032616 0.0528040 0.0783517 0.1207169 0.0554076 0.1587102 0.0505494 0.1103348 0.1204699 0.1337918 0.1608346 0.0568754 0.1180965 0.1078296 0.0720079 0.0573368 0.0768944 0.0930054 0.1158962 0.1147130 0.1524640 0.1903281 0.0954842 0.1598019 0.0731868 0.1043961 0.1012939 0.0816138 0.1113728 0.0783842 0.0803348 0.1220845 0.1136643 0.0726052 0.1291779 0.0656655 0.0506156 0.1017959 0.0606543 0.1244165 0.1146238 0.1168734 0.0955577 0.1130450 0.1442686 0.1325135 0.1894756 0.1060494 0.1339261 0.1480627 0.1009793 0.1182170 0.2095390 0.0781539 0.1879737 0.0951242 0.1220351 0.1095359 0.1382943 0.1363324 0.1221222 0.1930435 0.1043435 0.1141289 0.0939998 0.0595394 0.0693019 0.0769842 0.1774147 0.0668940 0.0682604 0.1349977 0.1929097 0.1035494 0.1488894 0.1394541 0.1103030 0.1139723 0.1071886 0.1154282 0.1297444 0.1005577 0.0681723 0.1024530 0.1166822 0.0619956 0.1063833 0.0793477 0.0486055 0.1197735 0.0876927 0.1047529 0.1323521 0.1027391 
S0335         0.5699301 0.4642273 0.5500831 0.0769615 0.0516312 0.1149746 0.3257470 0.0940622 0.0750681 0.1351449 0.0975887 0.1105043 0.1275635 0.0838918 0.1023006 0.1469887 0.1511029 0.1505964 0.1173229 0.1281468 0.1441213 0.1250470 0.0000000 0.0543229 0.1302225 0.1049217 0.1099544 0.1268348 0.1054264 0.1070509 0.0744427 0.1238717 0.1138427 0.1389657 0.0926026 0.0846213 0.1223238 0.1371386 0.1233312 0.1245729 0.1124725 0.0993162 0.1368055 0.1136890 0.1169786 0.0872062 0.1134501 0.1014540 0.1359646 0.2039932 0.1063644 0.1356766 0.0723941 0.1020163 0.0895991 0.0798057 0.1014727 0.0732550 0.0763858 0.1035056 0.1050422 0.1238414 0.1210423 0.1124162 0.0970052 0.0870398 0.1196948 0.1051315 0.0940027 0.0962283 0.0759347 0.0957126 0.1656320 0.1249478 0.1945890 0.1080044 0.1300635 0.1416433 0.0911769 0.0983498 0.2149905 0.0742576 0.2056683 0.1157224 0.1043432 0.0720371 0.1322697 0.1302992 0.0904160 0.1977528 0.0959339 0.1116701 0.0706655 0.1125145 0.1101928 0.1196413 0.1587908 0.1186654 0.1309250 0.1265074 0.1611049 0.1023542 0.1443806 0.0830513 0.0851870 0.1067849 0.1012968 0.1157779 0.0983258 0.0948454 0.1112660 0.0859491 0.0873269 0.1385746 0.1058636 0.0744860 0.1079325 0.1142678 0.1239139 0.1001072 0.1225797 0.1049094 
S0345         0.6475356 0.4173312 0.4938213 0.0597350 0.0597453 0.0978670 0.3302224 0.0712699 0.0396951 0.0939116 0.0567886 0.0795723 0.0921463 0.0646756 0.0741778 0.1071268 0.1037186 0.0934152 0.0906119 0.0956936 0.1008449 0.0902082 0.0543229 0.0000000 0.0787281 0.0724177 0.0748576 0.1009442 0.0674732 0.0817312 0.0448753 0.0814936 0.0872334 0.0958800 0.0786504 0.0688340 0.0837955 0.0874270 0.0830316 0.0898854 0.0940804 0.0697236 0.1158636 0.0772069 0.0769887 0.0523689 0.0799424 0.0731109 0.0950940 0.1902787 0.0655026 0.0953226 0.0417021 0.0715430 0.0741907 0.0516728 0.0765483 0.0446789 0.0478420 0.0762940 0.0747738 0.0760148 0.1003955 0.0739969 0.0606815 0.0688118 0.0912022 0.0717427 0.0778652 0.0777702 0.0616925 0.0685251 0.1164667 0.0867559 0.1766274 0.0813579 0.1067502 0.0941570 0.0654640 0.0724117 0.1870933 0.0446945 0.1897873 0.0968138 0.0846290 0.0546253 0.1042417 0.0952458 0.0717096 0.1996173 0.0691085 0.0905683 0.0532738 0.0932291 0.0746602 0.0844818 0.1138744 0.0736135 0.0899825 0.0829512 0.1055752 0.0709341 0.0949333 0.0342874 0.0594721 0.0782901 0.0684770 0.0840772 0.0748650 0.0691342 0.0854609 0.0624836 0.0645286 0.1057853 0.0829188 0.0447103 0.0907032 0.0830430 0.0921859 0.0725660 0.0885325 0.0849589 
S0376         0.6541675 0.4595458 0.4998726 0.1139993 0.1275441 0.1259625 0.3608174 0.0812939 0.0863799 0.1417633 0.1026131 0.0994509 0.1258060 0.0922409 0.1104008 0.1208166 0.1393720 0.1406439 0.1365849 0.1235269 0.1203564 0.1259939 0.1302225 0.0787281 0.0000000 0.1071965 0.0947084 0.1344759 0.0879025 0.1068928 0.0902936 0.0647755 0.1183609 0.1540780 0.1085976 0.1206451 0.1068400 0.1259234 0.1244558 0.1203636 0.1010530 0.0982722 0.1414533 0.1236870 0.1163969 0.0655604 0.0998116 0.1140510 0.1458027 0.2123080 0.0777541 0.1491736 0.0602257 0.0870026 0.1107548 0.1018177 0.1047394 0.0887473 0.0925127 0.1225013 0.1148020 0.1131991 0.1279722 0.1042815 0.1033586 0.0943837 0.1225817 0.1141442 0.1158614 0.1123398 0.0934081 0.1220130 0.1178654 0.1156456 0.1976657 0.1099662 0.1359352 0.1266798 0.1070651 0.1308353 0.2228426 0.0913521 0.2124011 0.1462241 0.1186410 0.1134115 0.1290993 0.1166763 0.1245120 0.2060625 0.0989365 0.1046271 0.1055667 0.1231452 0.0981319 0.1221032 0.1578250 0.1234281 0.1248136 0.1213291 0.1374211 0.1003468 0.1164302 0.1261190 0.1051321 0.1060612 0.0977470 0.0949104 0.1200640 0.0866150 0.1131260 0.1004650 0.0970491 0.1383289 0.0975079 0.0899617 0.1129289 0.1208008 0.1285505 0.1028648 0.1259464 0.0951383 
S0400         0.5940124 0.4524275 0.5476492 0.1086215 0.1257057 0.0859289 0.3134827 0.0697276 0.0775875 0.1232171 0.1030483 0.0224784 0.1167157 0.0963812 0.0183073 0.1049527 0.1297042 0.1504770 0.1233578 0.1142488 0.1403100 0.1127719 0.1049217 0.0724177 0.1071965 0.0000000 0.0294207 0.1232554 0.0813329 0.1048229 0.0758106 0.1017430 0.1022529 0.1375397 0.0874773 0.0927117 0.1041642 0.1364970 0.1266434 0.1119622 0.0871846 0.0226456 0.1179487 0.1087400 0.1042268 0.0593364 0.0234519 0.1109031 0.1360259 0.1910996 0.0844123 0.1375603 0.0730197 0.0769610 0.0922821 0.0819741 0.0158096 0.0777647 0.0777689 0.1044744 0.1154837 0.1144088 0.1241162 0.0915809 0.0913305 0.0818870 0.1063777 0.1029433 0.0994890 0.0985197 0.0818785 0.0948152 0.1214519 0.1332183 0.1777189 0.1001300 0.1214082 0.1379327 0.0959549 0.1055550 0.2003857 0.0775380 0.1886742 0.1074319 0.1025256 0.0896377 0.1286533 0.0917204 0.1039074 0.1865216 0.0125775 0.0844669 0.0823977 0.1055543 0.0959047 0.1016125 0.1626257 0.1022093 0.1171936 0.1258450 0.1678033 0.0223571 0.1418096 0.1254487 0.0916428 0.0209571 0.0226150 0.0904941 0.1094795 0.0677007 0.0966251 0.0924184 0.0957323 0.1227471 0.0813554 0.0777779 0.0981675 0.1187694 0.1126122 0.0125749 0.1313711 0.0738579 
S0405         0.5479187 0.4348583 0.5073917 0.1018634 0.1218886 0.0884828 0.3097666 0.0786396 0.0780942 0.1267705 0.0983149 0.0241454 0.1227840 0.0888257 0.0320265 0.0995903 0.1368099 0.1443620 0.1252091 0.1137470 0.1300913 0.1128758 0.1099544 0.0748576 0.0947084 0.0294207 0.0000000 0.1304401 0.0893449 0.1094606 0.0817471 0.1049443 0.0992572 0.1486554 0.0946888 0.0885352 0.1152798 0.1272015 0.1184833 0.1075361 0.0973306 0.0274396 0.1217512 0.1098138 0.1037499 0.0634378 0.0251460 0.1073439 0.1419766 0.1811640 0.0752484 0.1447417 0.0663616 0.0869909 0.0914147 0.0870557 0.0319412 0.0837512 0.0857329 0.0998542 0.1108398 0.1072545 0.1353164 0.0958638 0.0912136 0.0846661 0.1055986 0.0987170 0.0939201 0.0942912 0.0765755 0.0970043 0.1204435 0.1259900 0.1648161 0.1077424 0.1290868 0.1306209 0.0906236 0.1013675 0.1913101 0.0835029 0.1763220 0.1087871 0.0979294 0.0996201 0.1237048 0.1013858 0.1112414 0.1711973 0.0285203 0.0912869 0.0903204 0.1133640 0.1002665 0.1102782 0.1591925 0.1084993 0.1237841 0.1190600 0.1577802 0.0259042 0.1393049 0.1182687 0.0932693 0.0372915 0.0270605 0.0998408 0.1037271 0.0763453 0.1028140 0.0847542 0.0881659 0.1293428 0.0892881 0.0826360 0.1012942 0.1176907 0.1173416 0.0259678 0.1242551 0.0837559 
S0407sl       0.6512774 0.5047311 0.5724848 0.1332483 0.1484996 0.1322874 0.3086964 0.1071113 0.0887193 0.0606143 0.1241818 0.1281370 0.0577847 0.1229423 0.1134882 0.1519482 0.0653442 0.1718903 0.1455146 0.0586800 0.1709023 0.0554967 0.1268348 0.1009442 0.1344759 0.1232554 0.1304401 0.0000000 0.1136059 0.0521249 0.0872611 0.1277528 0.0633386 0.1561450 0.0548163 0.1181544 0.1308886 0.1510456 0.1699125 0.0664130 0.1263251 0.1152479 0.0656436 0.0677594 0.0819079 0.1037899 0.1280498 0.1275635 0.1523090 0.1937840 0.1120494 0.1609748 0.0814683 0.1152252 0.1048409 0.0950070 0.1206574 0.0859611 0.0913621 0.1338455 0.1299681 0.0758246 0.1372025 0.0682542 0.0559958 0.1046726 0.0591327 0.1306564 0.1214731 0.1169922 0.1009609 0.1256026 0.1555694 0.1478491 0.1971214 0.1121994 0.1398034 0.1507942 0.1178506 0.1351869 0.2092871 0.0890770 0.1928021 0.0987188 0.1201067 0.1126826 0.1470305 0.1400594 0.1306553 0.1993052 0.1155421 0.1218886 0.1018758 0.0571620 0.0682151 0.0780049 0.1864562 0.0766870 0.0636262 0.1409424 0.1921943 0.1168108 0.1535951 0.1446432 0.1222442 0.1234916 0.1183731 0.1259296 0.1333599 0.1069037 0.0677468 0.1141235 0.1266942 0.0649827 0.1139893 0.0870714 0.0175086 0.1395710 0.0928481 0.1149021 0.1498872 0.1134254 
S0412sl       0.6309068 0.4507766 0.5280649 0.1081904 0.1380810 0.1000805 0.3085251 0.0672419 0.0754567 0.1156898 0.1002244 0.0876261 0.1121031 0.0992924 0.0852799 0.0950076 0.1140090 0.1615802 0.1354538 0.1052864 0.1597653 0.1032616 0.1054264 0.0674732 0.0879025 0.0813329 0.0893449 0.1136059 0.0000000 0.0930014 0.0773083 0.0917525 0.1029266 0.1490106 0.0879166 0.0921425 0.0861259 0.1253264 0.1306630 0.1099428 0.0794169 0.0771474 0.1146512 0.1007440 0.0934173 0.0606328 0.0891795 0.1129449 0.1444057 0.1920861 0.0555494 0.1472355 0.0659463 0.0769916 0.0952171 0.0847540 0.0811133 0.0773857 0.0792854 0.1093383 0.1132085 0.1040542 0.1229785 0.0844056 0.0830789 0.0835086 0.1093422 0.1146067 0.1017944 0.1007715 0.0852267 0.1043823 0.1032127 0.1207309 0.1755731 0.1036394 0.1205232 0.1426039 0.0951832 0.1080483 0.2026921 0.0751387 0.1897725 0.0967666 0.1034128 0.0964305 0.1251614 0.0958924 0.1054061 0.1874033 0.0762199 0.0810128 0.0889572 0.1051281 0.0863319 0.0962233 0.1735237 0.0992641 0.1175500 0.1153998 0.1826586 0.0766960 0.1397081 0.1299627 0.0934390 0.0847583 0.0741182 0.0853983 0.1114688 0.0685842 0.0951213 0.0963586 0.1007626 0.1164337 0.0779452 0.0783395 0.0951905 0.1168004 0.1006868 0.0790517 0.1240117 0.0746453 
S0417         0.5772254 0.4308500 0.4898587 0.1129058 0.1286921 0.1125940 0.2833290 0.0805339 0.0741259 0.0588620 0.1014688 0.1116082 0.0424993 0.1016614 0.1022251 0.1254177 0.0648968 0.1532720 0.1249616 0.0519421 0.1505078 0.0528040 0.1070509 0.0817312 0.1068928 0.1048229 0.1094606 0.0521249 0.0930014 0.0000000 0.0751646 0.1098307 0.0457584 0.1384081 0.0372298 0.0990986 0.1171957 0.1286469 0.1343114 0.0558701 0.0991255 0.0957812 0.0485480 0.0545661 0.0633324 0.0821205 0.1102667 0.1073712 0.1332196 0.1651259 0.0963778 0.1380765 0.0620761 0.0847456 0.0909523 0.0804879 0.1003480 0.0691714 0.0771499 0.1177077 0.1109808 0.0572671 0.1194809 0.0587610 0.0427583 0.0875757 0.0495452 0.1109493 0.1034847 0.1093313 0.0909410 0.1070084 0.1318712 0.1244563 0.1696640 0.0886090 0.1218307 0.1261140 0.0945842 0.1131634 0.1809073 0.0730373 0.1616240 0.0718895 0.1164038 0.0930604 0.1276728 0.1142830 0.1182950 0.1664130 0.0944632 0.0983109 0.0803576 0.0416656 0.0583249 0.0700285 0.1578480 0.0553811 0.0568182 0.1246103 0.1783367 0.0991852 0.1353220 0.1288940 0.1066395 0.1057212 0.0982515 0.1067082 0.1221218 0.0864680 0.0500131 0.0999453 0.1088078 0.0574078 0.0908932 0.0749791 0.0375100 0.1113674 0.0756872 0.0989776 0.1265394 0.0891476 
S0419         0.5898891 0.4323070 0.5273456 0.0752456 0.0819253 0.0856288 0.3172472 0.0675478 0.0104885 0.0995086 0.0492851 0.0809739 0.0895608 0.0631905 0.0718636 0.1104486 0.1046199 0.1183991 0.0911517 0.0877762 0.1026778 0.0783517 0.0744427 0.0448753 0.0902936 0.0758106 0.0817471 0.0872611 0.0773083 0.0751646 0.0000000 0.0965422 0.0702549 0.1074982 0.0578690 0.0646133 0.1005335 0.1065324 0.1001737 0.0902840 0.0880042 0.0691669 0.0918773 0.0716922 0.0743584 0.0600542 0.0835298 0.0561826 0.1030408 0.1730793 0.0731614 0.1075526 0.0513258 0.0716708 0.0638961 0.0117751 0.0707823 0.0069786 0.0085514 0.0790617 0.0604488 0.0785880 0.0880515 0.0659680 0.0620506 0.0563976 0.0835643 0.0775977 0.0715774 0.0681200 0.0554852 0.0684071 0.1181403 0.0733922 0.1669849 0.0793449 0.0965091 0.1022125 0.0647869 0.0804223 0.1841534 0.0061791 0.1708100 0.0874793 0.0775852 0.0628128 0.0987973 0.1025185 0.0794652 0.1724877 0.0705152 0.0810789 0.0545929 0.0814043 0.0664329 0.0782958 0.1279408 0.0765099 0.0937286 0.0984697 0.1235078 0.0685979 0.1070877 0.0858525 0.0615377 0.0785948 0.0695698 0.0927622 0.0807635 0.0684904 0.0761337 0.0638405 0.0663175 0.1003947 0.0789773 0.0077614 0.0737621 0.0620854 0.0844011 0.0695042 0.0756895 0.0745785 
S0427         0.6457283 0.4528577 0.5098997 0.1208646 0.1294877 0.1103672 0.3500718 0.0839552 0.0842383 0.1311290 0.1100361 0.1018936 0.1243868 0.1021318 0.1016242 0.1144969 0.1334391 0.1636822 0.1526656 0.1154828 0.1540236 0.1207169 0.1238717 0.0814936 0.0647755 0.1017430 0.1049443 0.1277528 0.0917525 0.1098307 0.0965422 0.0000000 0.1076291 0.1589327 0.1044509 0.1188064 0.1066083 0.1331450 0.1344615 0.1179563 0.0923127 0.0943676 0.1306583 0.1129296 0.1072218 0.0727404 0.1037047 0.1135115 0.1554653 0.2041008 0.0816690 0.1589746 0.0747514 0.0841059 0.1121666 0.1021048 0.0993945 0.0963436 0.0976857 0.1274467 0.1160880 0.1182917 0.1423988 0.1001958 0.0917543 0.1010782 0.1188513 0.1289714 0.1219576 0.1140246 0.0970260 0.1232871 0.1258988 0.1235025 0.2010122 0.1219705 0.1374233 0.1473624 0.1048545 0.1204979 0.2180832 0.0962933 0.2064164 0.1256126 0.1251921 0.1078793 0.1354219 0.1063476 0.1242905 0.2000058 0.0961675 0.0969253 0.1002431 0.1114780 0.0989949 0.1091671 0.1751012 0.1171652 0.1316657 0.1353167 0.1735371 0.1023527 0.1449005 0.1330566 0.0989950 0.1087218 0.0970956 0.0977216 0.1254014 0.0824504 0.1014744 0.1018877 0.1061801 0.1313558 0.0893356 0.0962958 0.1087242 0.1160263 0.1252305 0.0981266 0.1365962 0.0880895 
