114
CRNC          0.0000000 0.2813907 0.3794705 0.5103203 0.2341044 0.5553623 0.3194194 0.4386294 0.4596112 0.4762539 0.4132073 0.4837712 0.4563319 0.4425728 0.4473867 0.4539869 0.4836422 0.5126029 0.4005686 0.4873492 0.4721659 0.4282223 0.2799945 0.4678058 0.4450223 0.4302454 0.4550420 0.4729941 0.4567407 0.4614866 0.4768944 0.4009121 0.4948144 0.4765147 0.4317567 0.5026275 0.4848172 0.4921501 0.4754894 0.4273630 0.4336950 0.4715613 0.4603379 0.4737664 0.2849740 0.4856055 0.4846106 0.4847461 0.4440945 0.4759828 0.4395498 0.4594194 0.4409256 0.4549374 0.4652612 0.4461679 0.4764590 0.5095484 0.4485577 0.4723619 0.4177332 0.4444566 0.4783053 0.4693386 0.4284549 0.4384132 0.4510876 0.4898404 0.4646138 0.4956804 0.4359286 0.4747643 0.4827996 0.4749242 0.4788686 0.5061855 0.4310462 0.4166902 0.4759065 0.4755397 0.4725650 0.4288082 0.4275828 0.4548667 0.4125457 0.4368695 0.4894777 0.4639687 0.4843793 0.4545878 0.4577716 0.4939670 0.4966983 0.4869719 0.4275368 0.4825369 0.4403972 0.4580907 0.4357957 0.4096953 0.4143675 0.5171206 0.4568322 0.4612153 0.4490155 0.4613395 0.4187832 0.4587289 0.4533912 0.4530066 0.4636407 0.4176684 0.4713314 0.4303462 
HYZL          0.2813907 0.0000000 0.1859078 0.4707425 0.3665508 0.4678793 0.2629588 0.4153843 0.4054694 0.4429419 0.4128753 0.4288303 0.4358445 0.4223461 0.4087612 0.3960427 0.4547477 0.4199633 0.3942070 0.4320993 0.4178888 0.4234321 0.4217189 0.3957261 0.4248278 0.4005899 0.4091380 0.4216351 0.4526087 0.4126433 0.4093519 0.3920119 0.4802905 0.4161721 0.4052886 0.4752782 0.4714181 0.5047829 0.4341275 0.4024917 0.4249812 0.4373758 0.3992388 0.4262175 0.3309738 0.4512208 0.4684424 0.4820629 0.3965951 0.4356252 0.4291839 0.4012039 0.4208238 0.4083005 0.3923254 0.4426416 0.4494530 0.4752108 0.4226025 0.4249337 0.4035180 0.4353266 0.4581135 0.4663174 0.4150360 0.4389875 0.4196179 0.4898820 0.3934658 0.4514605 0.5302593 0.4531119 0.4560463 0.4721560 0.4089400 0.4439952 0.4286425 0.4143740 0.4390303 0.4466732 0.4059701 0.4187409 0.4270940 0.4072516 0.3771722 0.4258240 0.4405397 0.4172690 0.4595549 0.3860881 0.4022071 0.4561760 0.4816307 0.4714514 0.4174364 0.4409350 0.4374632 0.4068308 0.4300294 0.3999829 0.3889216 0.4910302 0.3993928 0.3859712 0.4290448 0.4630424 0.3941759 0.4116084 0.4065722 0.4118075 0.4167637 0.4099097 0.4170861 0.4254760 
MYZV          0.3794705 0.1859078 0.0000000 0.5398304 0.3750431 0.5849213 0.4407440 0.4755979 0.4762909 0.5046230 0.4648124 0.5164462 0.5121591 0.4757348 0.4773245 0.4519066 0.5199596 0.4728985 0.4944028 0.4777176 0.5060627 0.4482156 0.4613038 0.4436623 0.4577872 0.4580379 0.4939122 0.5437192 0.5319914 0.4797124 0.4469901 0.4465400 0.5516192 0.4837946 0.4766142 0.5565710 0.5175664 0.5677896 0.5289594 0.4663839 0.4882857 0.5427900 0.4702804 0.4800958 0.3185731 0.5120776 0.5190053 0.4809582 0.4779214 0.4872763 0.4829101 0.4709456 0.4844695 0.4793423 0.4609594 0.5158819 0.4984793 0.5665410 0.5059690 0.4747495 0.4670951 0.4971230 0.5215681 0.5227870 0.5053363 0.5224020 0.4648956 0.4888038 0.5111268 0.5012079 0.5877617 0.5015972 0.5272555 0.4843764 0.4915036 0.5718170 0.5173745 0.5131893 0.5122368 0.5146330 0.5073221 0.4341432 0.4804197 0.5045479 0.4476002 0.5187406 0.4854015 0.4594686 0.5160467 0.4636356 0.5167100 0.5107558 0.5421555 0.5137642 0.4698042 0.4983419 0.5022033 0.4879624 0.4896345 0.4503355 0.4581248 0.5541157 0.4621760 0.4667219 0.4831777 0.5195677 0.4782090 0.4943586 0.5040069 0.4565393 0.4535165 0.4722713 0.4623127 0.4876781 
SRR6441723    0.5103203 0.4707425 0.5398304 0.0000000 0.1885968 0.1437786 0.3117343 0.0999182 0.0819705 0.0958190 0.0845074 0.0987583 0.0958009 0.0905560 0.1356928 0.0890499 0.1370805 0.1492117 0.1114093 0.1468924 0.0905655 0.0601051 0.0571271 0.0987237 0.0875787 0.0825297 0.1030196 0.0839941 0.0924360 0.0741201 0.1033611 0.0960883 0.1287813 0.0706348 0.1122920 0.1230283 0.1186240 0.1340414 0.0804099 0.0785517 0.0740976 0.1107751 0.0782032 0.0896343 0.0657112 0.0799743 0.1452331 0.2061285 0.0896432 0.1332240 0.0821788 0.0706366 0.0823730 0.0762479 0.0707095 0.0932369 0.0764790 0.0844698 0.1187709 0.0859180 0.0679862 0.0866283 0.1120819 0.0951186 0.0950543 0.0917297 0.0908339 0.2058627 0.0891246 0.1121781 0.1407544 0.0836664 0.1010295 0.2068431 0.0742015 0.1920464 0.1031706 0.0702352 0.1151531 0.1078049 0.0982913 0.1878564 0.0845933 0.0814698 0.0703655 0.0946472 0.0894140 0.0806216 0.1296756 0.0822200 0.1011912 0.1353077 0.1518007 0.1394320 0.0766585 0.1331580 0.0506386 0.0850389 0.0877352 0.0818593 0.0806122 0.0952197 0.0799376 0.0854043 0.0996964 0.1126644 0.0827255 0.0791442 0.1005948 0.0965203 0.0982310 0.0858429 0.0980883 0.0852810 
ERR4210213    0.2341044 0.3665508 0.3750431 0.1885968 0.0000000 0.1896754 0.3626181 0.1871909 0.1882829 0.2117543 0.1883460 0.2458526 0.2306911 0.1883460 0.2371976 0.1976995 0.1931263 0.2729478 0.1600478 0.1654912 0.1868792 0.1299604 0.1448696 0.2065220 0.1883460 0.1883460 0.2342666 0.1668999 0.1835141 0.1882829 0.2170644 0.1690991 0.2128885 0.1827287 0.2915728 0.2451216 0.2737595 0.1700867 0.2373821 0.1801631 0.1883460 0.2863294 0.2065220 0.2458622 0.0770032 0.1645782 0.1853690 0.2688935 0.2248086 0.1960716 0.1883460 0.1882829 0.1883460 0.1882829 0.1882829 0.3082438 0.1645782 0.2065220 0.2113698 0.2186164 0.1644842 0.1956256 0.2652170 0.3029137 0.2537943 0.2778503 0.1896120 0.2750786 0.1773614 0.2128328 0.3577821 0.1162115 0.2286079 0.3249244 0.2141840 0.0000010 0.2577041 0.1682928 0.1931404 0.1814876 0.1877175 0.2420070 0.1704790 0.1309743 0.2055860 0.2125889 0.2458622 0.2218044 0.1791043 0.2140959 0.2658298 0.2817253 0.2467003 0.2208122 0.1883460 0.2079642 0.1479999 0.2087227 0.1704790 0.1897638 0.1865876 0.2530984 0.1801631 0.1479999 0.2362089 0.2601598 0.1479999 0.1535067 0.2257586 0.1896120 0.2458622 0.2139528 0.2157152 0.1869421 
ERR2789774    0.5553623 0.4678793 0.5849213 0.1437786 0.1896754 0.0000000 0.4168161 0.1016184 0.1071895 0.1271536 0.0944875 0.1189797 0.1382888 0.1064034 0.1581052 0.1105884 0.1577314 0.1744198 0.1400096 0.1384635 0.1322539 0.1532055 0.2477225 0.1221741 0.1008218 0.0858579 0.1273735 0.1242062 0.1284617 0.1049144 0.1356199 0.1621770 0.1695411 0.1053677 0.1361207 0.1316134 0.1483378 0.1827496 0.1251362 0.0961422 0.1005378 0.1414506 0.1162183 0.1194020 0.1357984 0.1228816 0.1666626 0.2493193 0.1084451 0.1466590 0.0975598 0.1034051 0.0923283 0.1037337 0.0979861 0.1261286 0.1128339 0.1455515 0.1351991 0.1003642 0.0955189 0.1281343 0.1372714 0.1243865 0.1215727 0.1204905 0.1297691 0.2415611 0.1174266 0.1280952 0.1952134 0.0801412 0.1181488 0.2578172 0.1134539 0.2350885 0.1245289 0.1482382 0.1491217 0.1155972 0.1276899 0.2543272 0.1000528 0.1113524 0.0970728 0.1309980 0.1099388 0.1031523 0.1657804 0.1112739 0.1367998 0.1607106 0.1666658 0.1534567 0.0917283 0.1428342 0.1301430 0.1327685 0.1062914 0.0913505 0.0876452 0.1340370 0.0813129 0.1170668 0.1413959 0.1330526 0.1037645 0.1188184 0.1250894 0.1242785 0.1228859 0.1015714 0.1385163 0.0942689 
PAFTOL_019361 0.3194194 0.2629588 0.4407440 0.3117343 0.3626181 0.4168161 0.0000000 0.2707158 0.2796547 0.2693865 0.2727073 0.3092974 0.3105492 0.2664296 0.3399431 0.3156227 0.3169859 0.3156938 0.2630697 0.3346464 0.3010496 0.3258569 0.2673083 0.2880635 0.2737690 0.2804661 0.3096173 0.2798328 0.3219998 0.2870711 0.3063275 0.3169024 0.3257713 0.3057489 0.2971592 0.3398591 0.2936140 0.3046428 0.3198258 0.2499234 0.2805503 0.3061360 0.2791145 0.3072525 0.2211778 0.3129872 0.3532487 0.3429181 0.2584055 0.3198700 0.2726234 0.2797289 0.2778186 0.2812322 0.2750171 0.3099729 0.3089062 0.2874944 0.3159740 0.3062649 0.2620427 0.3035910 0.3039784 0.3079296 0.2851022 0.2862572 0.2788607 0.3413737 0.2824272 0.3213876 0.3702158 0.3160666 0.3101860 0.3602570 0.2950543 0.2807687 0.2861065 0.2993442 0.3277458 0.2878513 0.3000428 0.2917609 0.2675908 0.2821221 0.2524053 0.2878483 0.3156255 0.2939499 0.3418198 0.2795919 0.3411105 0.3102919 0.3594786 0.3101490 0.2727073 0.3084004 0.3076121 0.3101220 0.2749060 0.2742641 0.2466539 0.3270252 0.2483375 0.2647320 0.3116390 0.3227978 0.2579516 0.2894063 0.2948750 0.2694959 0.2960098 0.2736933 0.2947788 0.2876431 
S0055         0.4386294 0.4153843 0.4755979 0.0999182 0.1871909 0.1016184 0.2707158 0.0000000 0.0701953 0.0873073 0.0420842 0.0726462 0.0933201 0.0518617 0.0905942 0.0862705 0.1027346 0.1320827 0.0926490 0.0983702 0.0852598 0.0929805 0.0827270 0.0729671 0.0471135 0.0398971 0.0850530 0.0767872 0.0718973 0.0679053 0.0810544 0.0881903 0.1153975 0.0624796 0.0932294 0.0818187 0.1145929 0.0995049 0.0771631 0.0300899 0.0431566 0.1035335 0.0667084 0.0742745 0.0399555 0.0761833 0.1127894 0.1909559 0.0662473 0.0963038 0.0445517 0.0645825 0.0446515 0.0647624 0.0597385 0.0672715 0.0677705 0.0708851 0.0964247 0.0687749 0.0579719 0.0797834 0.0934511 0.0808280 0.0807785 0.0776637 0.0900581 0.1915903 0.0933730 0.0883596 0.1285693 0.0600382 0.0749576 0.1983360 0.0730213 0.1943081 0.0779506 0.0980449 0.1048565 0.0519795 0.0806600 0.1785965 0.0467860 0.0537731 0.0546693 0.0770826 0.0719704 0.0637255 0.1077796 0.0589103 0.0942646 0.1126624 0.1115016 0.1041332 0.0397496 0.1165863 0.0815147 0.0882454 0.0543746 0.0421828 0.0283062 0.0919134 0.0306137 0.0736002 0.0911119 0.0802128 0.0398020 0.0778815 0.0792255 0.0850376 0.0771718 0.0450259 0.0941747 0.0420641 
S0196sl       0.4596112 0.4054694 0.4762909 0.0819705 0.1882829 0.1071895 0.2796547 0.0701953 0.0000000 0.0623009 0.0615879 0.0597507 0.0836221 0.0615342 0.1056089 0.0748383 0.0888736 0.1198143 0.0821019 0.0914667 0.0640966 0.0836980 0.0733870 0.0713307 0.0670095 0.0545260 0.0671879 0.0734177 0.0684212 0.0125769 0.0803835 0.0757016 0.0922285 0.0513053 0.0923100 0.0906729 0.0830825 0.1004647 0.0525448 0.0563303 0.0618461 0.0684493 0.0501290 0.0609050 0.0542107 0.0498705 0.1018409 0.1760147 0.0661139 0.0862034 0.0593580 0.0082601 0.0594926 0.0125252 0.0124650 0.0864950 0.0399430 0.0565326 0.0738838 0.0556449 0.0494535 0.0593943 0.0677263 0.0798620 0.0789592 0.0817830 0.0442481 0.1800944 0.0709006 0.0653443 0.1068395 0.0628633 0.0911046 0.1874429 0.0190521 0.1906516 0.0815286 0.0799302 0.0843510 0.0804157 0.0816524 0.1785212 0.0568001 0.0693193 0.0584511 0.0569888 0.0555670 0.0503909 0.0972925 0.0506882 0.0777236 0.0907164 0.1066931 0.0953628 0.0543183 0.0941558 0.0599239 0.0813485 0.0595469 0.0541109 0.0576185 0.0854431 0.0571844 0.0543418 0.0814515 0.0819859 0.0592021 0.0190001 0.0673185 0.0490537 0.0608268 0.0674692 0.0497760 0.0567215 
S0281         0.4762539 0.4429419 0.5046230 0.0958190 0.2117543 0.1271536 0.2693865 0.0873073 0.0623009 0.0000000 0.0621248 0.0705250 0.0892415 0.0676085 0.1032211 0.0777248 0.1054547 0.1378685 0.0731053 0.1012530 0.0833953 0.0943501 0.0731489 0.0943662 0.0676007 0.0601184 0.0784390 0.0920912 0.0767484 0.0572730 0.0889005 0.0927502 0.1152608 0.0669013 0.0886775 0.1088206 0.1192240 0.1268437 0.0573653 0.0670802 0.0624314 0.0734805 0.0658517 0.0630258 0.0588404 0.0577069 0.1126550 0.1826291 0.0775508 0.1020415 0.0547816 0.0518615 0.0600133 0.0520000 0.0567046 0.0806827 0.0474454 0.0741100 0.0996716 0.0579989 0.0517449 0.0678257 0.0917818 0.0763787 0.0758284 0.0733390 0.0523160 0.1898362 0.0875001 0.0911971 0.1528351 0.0723903 0.0787755 0.1898413 0.0647781 0.2231071 0.0783630 0.0906668 0.1025738 0.1091679 0.0872792 0.1708040 0.0524499 0.0831724 0.0664377 0.0728215 0.0660257 0.0575848 0.1131056 0.0582170 0.0751080 0.1213097 0.1302263 0.1125490 0.0547890 0.1131530 0.0727934 0.0842649 0.0551738 0.0596522 0.0711308 0.0793014 0.0757615 0.0648382 0.0900006 0.0875319 0.0701333 0.0620880 0.0756806 0.0573182 0.0711119 0.0680686 0.0634141 0.0699943 
S0282         0.4132073 0.4128753 0.4648124 0.0845074 0.1883460 0.0944875 0.2727073 0.0420842 0.0615879 0.0621248 0.0000000 0.0583172 0.0829358 0.0165861 0.0548058 0.0665610 0.0983109 0.1244465 0.0662538 0.0886284 0.0723436 0.0832345 0.0824588 0.0717042 0.0165853 0.0102809 0.0703529 0.0640806 0.0687947 0.0543016 0.0749943 0.0867541 0.1022748 0.0516369 0.0734511 0.0624526 0.1031102 0.1024812 0.0578091 0.0297840 0.0088078 0.0741896 0.0506227 0.0608508 0.0081642 0.0625014 0.1052342 0.1719327 0.0479460 0.0950268 0.0102449 0.0512804 0.0102669 0.0514157 0.0513319 0.0706841 0.0545440 0.0596626 0.0825525 0.0502524 0.0416953 0.0576278 0.0843511 0.0694415 0.0589458 0.0615833 0.0597242 0.1788813 0.0730087 0.0817165 0.1155780 0.0538759 0.0691696 0.1788767 0.0591729 0.1991347 0.0614063 0.0797565 0.0982172 0.0664334 0.0707408 0.1691547 0.0122986 0.0461903 0.0414799 0.0600039 0.0531326 0.0451357 0.0976253 0.0459133 0.0656058 0.1079863 0.1098273 0.1025920 0.0060961 0.1032234 0.0672715 0.0780495 0.0187453 0.0123596 0.0325683 0.0820300 0.0393736 0.0542769 0.0781450 0.0757339 0.0278063 0.0638520 0.0652332 0.0599016 0.0636030 0.0166867 0.0762872 0.0299790 
S0289         0.4837712 0.4288303 0.5164462 0.0987583 0.2458526 0.1189797 0.3092974 0.0726462 0.0597507 0.0705250 0.0583172 0.0000000 0.0826818 0.0689036 0.1121983 0.0377430 0.0977993 0.1294576 0.0535606 0.0868759 0.0542144 0.0976153 0.0943951 0.0798456 0.0638241 0.0585589 0.0420203 0.0967303 0.0455304 0.0601349 0.0881072 0.0657258 0.1013954 0.0489431 0.0886458 0.0935270 0.0946486 0.0983869 0.0477187 0.0606583 0.0637130 0.0555318 0.0484014 0.0748304 0.0557457 0.0712658 0.1048549 0.1601196 0.0790492 0.0914265 0.0610082 0.0569631 0.0611502 0.0590779 0.0522011 0.0667126 0.0629516 0.0577386 0.0868137 0.0637982 0.0559631 0.0400340 0.0953304 0.0786299 0.0702051 0.0754796 0.0734331 0.1606354 0.0859364 0.0866715 0.1070068 0.0605943 0.0638098 0.1669432 0.0651487 0.1785292 0.0727737 0.0925043 0.0975246 0.0830682 0.0669261 0.1506896 0.0633581 0.0715894 0.0575444 0.0403926 0.0637987 0.0611289 0.0973212 0.0435526 0.0445753 0.1051027 0.1031169 0.0954609 0.0558147 0.1101835 0.0738940 0.0804094 0.0662476 0.0580991 0.0541685 0.0863336 0.0611897 0.0552513 0.0889335 0.0740972 0.0586673 0.0699399 0.0425089 0.0736570 0.0777513 0.0693813 0.0796054 0.0635460 
S0292         0.4563319 0.4358445 0.5121591 0.0958009 0.2306911 0.1382888 0.3105492 0.0933201 0.0836221 0.0892415 0.0829358 0.0826818 0.0000000 0.0888509 0.1252774 0.0966899 0.1212269 0.1416234 0.0854942 0.1285425 0.0901599 0.0884306 0.1080395 0.1033605 0.0888351 0.0809861 0.0843363 0.0948559 0.0892508 0.0757899 0.0916280 0.0907417 0.1164298 0.0754197 0.0981531 0.1211122 0.1076121 0.1404117 0.0817608 0.0728684 0.0850754 0.0968226 0.0855628 0.0802521 0.0595375 0.0898587 0.1289181 0.2070971 0.0883331 0.1175852 0.0806479 0.0723520 0.0808355 0.0725579 0.0774730 0.1015500 0.0809303 0.1027495 0.1055810 0.0712882 0.0650748 0.0789315 0.1058656 0.1002783 0.0966370 0.0996861 0.1039918 0.2109590 0.0982512 0.1086588 0.1222183 0.0761112 0.0919729 0.2113491 0.0837128 0.1726096 0.0884511 0.0996564 0.1200453 0.0969250 0.0489725 0.1807450 0.0778972 0.0860119 0.0590650 0.0851134 0.0718306 0.0657250 0.1307417 0.0777338 0.0962303 0.1218759 0.1412591 0.1290082 0.0752412 0.1129960 0.0817541 0.0166368 0.0809157 0.0803403 0.0717268 0.0566962 0.0673993 0.0754936 0.0370775 0.0369728 0.0811753 0.0859832 0.0842316 0.1098169 0.0805089 0.0869161 0.1084259 0.0733958 
S0293         0.4425728 0.4223461 0.4757348 0.0905560 0.1883460 0.1064034 0.2664296 0.0518617 0.0615342 0.0676085 0.0165861 0.0689036 0.0888509 0.0000000 0.0601580 0.0729882 0.0978037 0.1301234 0.0771261 0.1029705 0.0729025 0.0891731 0.0742369 0.0716400 0.0209869 0.0145704 0.0709463 0.0673458 0.0718503 0.0595956 0.0807452 0.0910107 0.1074479 0.0571022 0.0897126 0.0727185 0.1027948 0.1022088 0.0632654 0.0300079 0.0111301 0.0773249 0.0505788 0.0664126 0.0123378 0.0680262 0.1142039 0.1652548 0.0529669 0.1012662 0.0145179 0.0564594 0.0145494 0.0566107 0.0565164 0.0737340 0.0598685 0.0630143 0.0936542 0.0554389 0.0465871 0.0630652 0.0895140 0.0801328 0.0742081 0.0719850 0.0596719 0.1763792 0.0736077 0.0816397 0.1204320 0.0573162 0.0800220 0.1763725 0.0645604 0.2050455 0.0767634 0.0855712 0.1043893 0.0769579 0.0816627 0.1747174 0.0165983 0.0535476 0.0511025 0.0627700 0.0585238 0.0503029 0.1040686 0.0511833 0.0763578 0.1133119 0.1223517 0.1080131 0.0102834 0.1096213 0.0678325 0.0838923 0.0231939 0.0166808 0.0327586 0.0880451 0.0489793 0.0542304 0.0839990 0.0815528 0.0347085 0.0693086 0.0679349 0.0646456 0.0663249 0.0254684 0.0762164 0.0392253 
S0294         0.4473867 0.4087612 0.4773245 0.1356928 0.2371976 0.1581052 0.3399431 0.0905942 0.1056089 0.1032211 0.0548058 0.1121983 0.1252774 0.0601580 0.0000000 0.1200222 0.1670734 0.2039626 0.0986503 0.1486562 0.1305934 0.1316567 0.1233504 0.1106783 0.0599130 0.0576515 0.1258163 0.1162154 0.1142526 0.1000792 0.1088600 0.1146348 0.1661572 0.1028613 0.1204065 0.1023212 0.1651017 0.1734960 0.1013972 0.0735942 0.0597641 0.1154151 0.0993489 0.1084274 0.0345631 0.1138018 0.1762350 0.2143665 0.0882305 0.1564841 0.0574208 0.0960530 0.0575514 0.0963483 0.0961527 0.1183352 0.1040137 0.1181776 0.1373547 0.0983214 0.0935230 0.1107112 0.1480320 0.1217052 0.1058759 0.1152416 0.1017993 0.2221922 0.1146408 0.1403186 0.1630270 0.0897400 0.1128046 0.2222331 0.1057182 0.2485271 0.1148204 0.1332588 0.1620612 0.1188487 0.1033311 0.2244349 0.0597220 0.0988304 0.0874464 0.1171747 0.0985225 0.0921126 0.1611941 0.0878771 0.1074491 0.1805438 0.1762702 0.1625004 0.0523649 0.1546166 0.1161727 0.1227013 0.0677571 0.0600497 0.0723481 0.1442790 0.0931333 0.1089909 0.1262548 0.1260505 0.0767938 0.1109483 0.1235693 0.1077657 0.1060394 0.0705797 0.1199298 0.0818463 
S0299         0.4539869 0.3960427 0.4519066 0.0890499 0.1976995 0.1105884 0.3156227 0.0862705 0.0748383 0.0777248 0.0665610 0.0377430 0.0966899 0.0729882 0.1200222 0.0000000 0.1262855 0.1507677 0.0491176 0.1181284 0.0541569 0.0975690 0.0979567 0.0757597 0.0726384 0.0668203 0.0535801 0.1054408 0.0609394 0.0722253 0.0716133 0.0826163 0.1242079 0.0595439 0.0922612 0.1029123 0.1122254 0.1212910 0.0516966 0.0692329 0.0670491 0.0669334 0.0612339 0.0782195 0.0534350 0.0786780 0.1309187 0.1608351 0.0874973 0.1152833 0.0696877 0.0683654 0.0698719 0.0707670 0.0684445 0.0704923 0.0690597 0.0766360 0.0999640 0.0701227 0.0668770 0.0515744 0.1135689 0.0801849 0.0683770 0.0805260 0.0807404 0.1759630 0.0796044 0.1096490 0.1192432 0.0701448 0.0702767 0.1721878 0.0781033 0.1749350 0.0742767 0.0927981 0.1218028 0.1015793 0.0824529 0.1547268 0.0722063 0.0761920 0.0685242 0.0547235 0.0795036 0.0695427 0.1108917 0.0526525 0.0596043 0.1139708 0.1376414 0.1272601 0.0636806 0.1132656 0.0745393 0.0909752 0.0725040 0.0663709 0.0644291 0.0786436 0.0759413 0.0634450 0.1073944 0.0908722 0.0670122 0.0807040 0.0508783 0.0869031 0.0815101 0.0794601 0.0784869 0.0726155 
S0303         0.4836422 0.4547477 0.5199596 0.1370805 0.1931263 0.1577314 0.3169859 0.1027346 0.0888736 0.1054547 0.0983109 0.0977993 0.1212269 0.0978037 0.1670734 0.1262855 0.0000000 0.1005725 0.1249253 0.0196949 0.1057696 0.1364743 0.1062796 0.1037475 0.1046241 0.1018151 0.1075244 0.1188722 0.0941206 0.0983884 0.1200247 0.1275295 0.0236121 0.0899798 0.1217868 0.1267449 0.0875604 0.0136923 0.0989376 0.0886900 0.1078537 0.1202102 0.1024537 0.0855843 0.0840355 0.0878913 0.0149492 0.2189510 0.1094998 0.0148546 0.1013709 0.0944982 0.1016136 0.0918672 0.0945950 0.1056994 0.0816181 0.1073710 0.0638624 0.0856163 0.0904029 0.1137496 0.0335998 0.1066485 0.1065712 0.1030871 0.0986080 0.2203708 0.1316634 0.0526753 0.0915047 0.0868810 0.1134352 0.2317411 0.1039809 0.3108721 0.1153850 0.1383392 0.0564559 0.0911080 0.1191835 0.2285489 0.0984152 0.1065197 0.1001383 0.0935350 0.0858031 0.0803377 0.0218219 0.0970168 0.1028825 0.0898890 0.0313851 0.0150188 0.0955720 0.0831311 0.1083405 0.1186752 0.0979419 0.0955834 0.0884705 0.1223912 0.0969181 0.0985712 0.1117851 0.1193326 0.0988973 0.1091279 0.1015685 0.0935142 0.0907875 0.0998871 0.1027044 0.1069865 
S0308         0.5126029 0.4199633 0.4728985 0.1492117 0.2729478 0.1744198 0.3156938 0.1320827 0.1198143 0.1378685 0.1244465 0.1294576 0.1416234 0.1301234 0.2039626 0.1507677 0.1005725 0.0000000 0.1483376 0.0958327 0.1333948 0.1623393 0.1243759 0.1425811 0.1373525 0.1284120 0.1412628 0.1357079 0.1145411 0.1179986 0.1619584 0.1616814 0.1104764 0.1163345 0.1426020 0.1622357 0.1242896 0.1121009 0.1265869 0.1136784 0.1214148 0.1508665 0.1168020 0.1157696 0.1117333 0.1051404 0.1115332 0.2426171 0.1334790 0.1037129 0.1278180 0.1136588 0.1281373 0.1137788 0.1194081 0.1345032 0.0984423 0.1247869 0.1018777 0.1102908 0.1125607 0.1324174 0.0809754 0.1362876 0.1427133 0.1322197 0.1042487 0.2475565 0.1503999 0.0835396 0.1347911 0.1260652 0.1305720 0.2562327 0.1297317 0.2884684 0.1391976 0.1468200 0.1006590 0.1470451 0.1557691 0.2326425 0.1304145 0.1256783 0.1199477 0.1069899 0.1136373 0.1046555 0.1126541 0.1149466 0.1181040 0.1236219 0.1305275 0.1165986 0.1214944 0.0887574 0.1221798 0.1389970 0.1341746 0.1272992 0.1165738 0.1466031 0.1257798 0.1233044 0.1447798 0.1399952 0.1115201 0.1293354 0.1378005 0.1045785 0.1155903 0.1294134 0.1118888 0.1274514 
S0320         0.4005686 0.3942070 0.4944028 0.1114093 0.1600478 0.1400096 0.2630697 0.0926490 0.0821019 0.0731053 0.0662538 0.0535606 0.0854942 0.0771261 0.0986503 0.0491176 0.1249253 0.1483376 0.0000000 0.1144214 0.0767546 0.1005189 0.0510402 0.0915493 0.0716422 0.0693160 0.0527063 0.1068208 0.0564146 0.0742427 0.0909458 0.0768449 0.1295168 0.0656512 0.1041746 0.1087940 0.1260426 0.1210074 0.0510824 0.0715571 0.0695324 0.0673041 0.0672952 0.0923159 0.0506639 0.0748096 0.1324181 0.1712073 0.0841385 0.1212197 0.0690264 0.0707528 0.0691885 0.0675912 0.0708260 0.0894452 0.0713975 0.0721352 0.0961917 0.0808104 0.0613176 0.0584754 0.1172884 0.0991934 0.0817672 0.0957094 0.0819794 0.1849732 0.0918175 0.1135747 0.1052344 0.0849530 0.0838303 0.1815529 0.0795093 0.1958864 0.0900635 0.0971532 0.1212917 0.1051481 0.0724698 0.1686709 0.0714077 0.0829652 0.0632149 0.0561990 0.0871261 0.0777513 0.1282988 0.0567342 0.0559099 0.1346284 0.1350191 0.1264014 0.0636955 0.1092212 0.0853076 0.0804539 0.0744008 0.0687610 0.0702154 0.0805766 0.0778372 0.0712839 0.0918967 0.0835505 0.0695838 0.0844880 0.0478085 0.0874991 0.0954390 0.0776653 0.0860998 0.0746019 
S0322         0.4873492 0.4320993 0.4777176 0.1468924 0.1654912 0.1384635 0.3346464 0.0983702 0.0914667 0.1012530 0.0886284 0.0868759 0.1285425 0.1029705 0.1486562 0.1181284 0.0196949 0.0958327 0.1144214 0.0000000 0.1053275 0.1301367 0.1231043 0.0957041 0.0963099 0.0852875 0.1124207 0.1084594 0.0949318 0.1008094 0.1206452 0.1247091 0.0377537 0.0906976 0.1221726 0.1241508 0.0860407 0.0117750 0.0964682 0.0914809 0.0992644 0.1329589 0.1048068 0.0913997 0.0814134 0.0747077 0.0168020 0.2093015 0.0988963 0.0167545 0.0922097 0.0989622 0.0926769 0.0954818 0.0921082 0.1025112 0.0811063 0.1000448 0.0693961 0.0943569 0.0933508 0.1131241 0.0380140 0.1079675 0.1043283 0.1077179 0.1046864 0.2010780 0.1397308 0.0595890 0.0837569 0.0795072 0.1167897 0.2186792 0.1001034 0.0000010 0.1151542 0.1353017 0.0563950 0.0791118 0.1049669 0.1932606 0.0846850 0.1031158 0.0913756 0.0827158 0.0951953 0.0907408 0.0262448 0.0937425 0.0942971 0.0845873 0.0390040 0.0202560 0.0885088 0.0810551 0.1122359 0.1251954 0.0878082 0.0812074 0.0897607 0.1357365 0.0859002 0.1035705 0.1160643 0.1185433 0.0930990 0.1140299 0.1121909 0.0979034 0.1022667 0.0901538 0.1095702 0.0915077 
S0327         0.4721659 0.4178888 0.5060627 0.0905655 0.1868792 0.1322539 0.3010496 0.0852598 0.0640966 0.0833953 0.0723436 0.0542144 0.0901599 0.0729025 0.1305934 0.0541569 0.1057696 0.1333948 0.0767546 0.1053275 0.0000000 0.0994301 0.0723881 0.0837501 0.0729614 0.0702983 0.0538539 0.0834943 0.0512878 0.0642092 0.0987993 0.0735715 0.1095510 0.0496792 0.0997267 0.1050208 0.1114285 0.1041001 0.0490424 0.0669228 0.0628680 0.0670290 0.0540682 0.0676932 0.0568069 0.0702835 0.1131748 0.1796940 0.0830323 0.1022619 0.0700008 0.0584861 0.0701673 0.0639214 0.0585472 0.0814192 0.0617349 0.0566630 0.0885972 0.0652088 0.0621150 0.0539949 0.0918165 0.0890246 0.0826705 0.0828800 0.0720787 0.1794590 0.0874561 0.0944387 0.1036279 0.0796842 0.0922992 0.1869536 0.0695530 0.2067880 0.0853697 0.0999852 0.1028086 0.0951876 0.0789843 0.1685677 0.0724148 0.0827956 0.0662721 0.0431002 0.0714032 0.0624739 0.1038770 0.0465106 0.0672332 0.1129211 0.1212386 0.1127967 0.0645862 0.1066521 0.0755301 0.0849898 0.0754592 0.0697272 0.0627777 0.0852559 0.0733345 0.0610426 0.0964918 0.0901637 0.0694417 0.0718488 0.0536906 0.0723018 0.0731255 0.0762004 0.0700263 0.0674525 
S0335         0.4282223 0.4234321 0.4482156 0.0601051 0.1299604 0.1532055 0.3258569 0.0929805 0.0836980 0.0943501 0.0832345 0.0976153 0.0884306 0.0891731 0.1316567 0.0975690 0.1364743 0.1623393 0.1005189 0.1301367 0.0994301 0.0000000 0.0484423 0.0896570 0.0835889 0.0812800 0.0984741 0.0882004 0.0979164 0.0784234 0.0759504 0.0797203 0.1346872 0.0755769 0.1018860 0.1201148 0.1172243 0.1473899 0.0818488 0.0837181 0.0850346 0.1151198 0.0858797 0.0920897 0.0495464 0.0793123 0.1416367 0.1933201 0.0991740 0.1326391 0.0809392 0.0749002 0.0811283 0.0805232 0.0749765 0.0867325 0.0758541 0.0944974 0.1261380 0.0853871 0.0646905 0.0846747 0.1119066 0.0947225 0.0883861 0.0913512 0.0898140 0.1930738 0.0799789 0.1235542 0.1443450 0.0827298 0.0943444 0.1939614 0.0785097 0.1663343 0.0962987 0.0772469 0.1263487 0.1100137 0.0934274 0.1553991 0.0833175 0.0866803 0.0646580 0.0882114 0.0886693 0.0795179 0.1296295 0.0836692 0.1000214 0.1435237 0.1511037 0.1384114 0.0755127 0.1408535 0.0521282 0.0780244 0.0864019 0.0752150 0.0827442 0.0941123 0.0759960 0.0841028 0.0890036 0.0932822 0.0818077 0.0834256 0.0982923 0.0954267 0.0947991 0.0845297 0.0993455 0.0788011 
S0345         0.2799945 0.4217189 0.4613038 0.0571271 0.1448696 0.2477225 0.2673083 0.0827270 0.0733870 0.0731489 0.0824588 0.0943951 0.1080395 0.0742369 0.1233504 0.0979567 0.1062796 0.1243759 0.0510402 0.1231043 0.0723881 0.0484423 0.0000000 0.0998927 0.0824588 0.0924822 0.0911276 0.0808503 0.0739009 0.0657797 0.1211073 0.0350146 0.1374943 0.0849547 0.1393964 0.1198248 0.1633306 0.1077724 0.0833680 0.0807085 0.0824588 0.1023578 0.0646815 0.1015440 0.0678182 0.0487368 0.1331903 0.1105020 0.1062938 0.1294224 0.0824588 0.0570564 0.0824588 0.0570564 0.0570564 0.1169055 0.0487368 0.0735328 0.1189431 0.1001917 0.0733743 0.0660064 0.1401179 0.1246792 0.1062277 0.1238513 0.0727915 0.1302627 0.0815715 0.1284081 0.1450485 0.0784103 0.1272972 0.1305184 0.0657797 0.0000010 0.1252307 0.0651694 0.1279447 0.0875538 0.0643501 0.0836550 0.0829885 0.0884726 0.0721495 0.0653780 0.1015440 0.0922175 0.1218683 0.0748169 0.0918602 0.1559070 0.1444087 0.1509094 0.0824588 0.1611623 0.0342451 0.0989198 0.1022211 0.0900900 0.0824475 0.1097735 0.0573865 0.0562362 0.1085405 0.1125994 0.0731423 0.0572391 0.0890048 0.0727915 0.1103845 0.0848074 0.0741347 0.0819618 
S0376         0.4678058 0.3957261 0.4436623 0.0987237 0.2065220 0.1221741 0.2880635 0.0729671 0.0713307 0.0943662 0.0717042 0.0798456 0.1033605 0.0716400 0.1106783 0.0757597 0.1037475 0.1425811 0.0915493 0.0957041 0.0837501 0.0896570 0.0998927 0.0000000 0.0720018 0.0697388 0.0867528 0.0791484 0.0800771 0.0694354 0.0348575 0.1043150 0.1018639 0.0648327 0.1101752 0.1078107 0.0839722 0.1095880 0.0677808 0.0613890 0.0728318 0.1047420 0.0681636 0.0879883 0.0494031 0.0811407 0.1175698 0.1584369 0.0819490 0.1068448 0.0694558 0.0661291 0.0646577 0.0715098 0.0661956 0.0822031 0.0726218 0.0796506 0.0859442 0.0822597 0.0649998 0.0737223 0.0850423 0.1025822 0.0904792 0.0991153 0.0853445 0.1722372 0.0711305 0.0847269 0.1168267 0.0788624 0.0944851 0.1757884 0.0745005 0.1793890 0.0935239 0.0921493 0.0965413 0.0862962 0.0902745 0.1592774 0.0717722 0.0696196 0.0688527 0.0761951 0.0856660 0.0764727 0.1073095 0.0632481 0.0985322 0.1096320 0.1231376 0.1047430 0.0642640 0.1185912 0.0867069 0.0982648 0.0746867 0.0591542 0.0652586 0.0989793 0.0646719 0.0623301 0.1102202 0.0979418 0.0546109 0.0742852 0.0783829 0.0907936 0.0822377 0.0778654 0.0840382 0.0615757 
S0400         0.4450223 0.4248278 0.4577872 0.0875787 0.1883460 0.1008218 0.2737690 0.0471135 0.0670095 0.0676007 0.0165853 0.0638241 0.0888351 0.0209869 0.0599130 0.0726384 0.1046241 0.1373525 0.0716422 0.0963099 0.0729614 0.0835889 0.0824588 0.0720018 0.0000000 0.0145697 0.0709374 0.0643639 0.0745298 0.0595899 0.0753086 0.0836420 0.1143409 0.0492712 0.0896961 0.0756103 0.1094706 0.1105570 0.0632587 0.0344637 0.0133846 0.0853170 0.0559574 0.0664049 0.0081852 0.0627609 0.1117548 0.1864446 0.0529626 0.1012434 0.0145172 0.0564544 0.0145487 0.0566056 0.0517369 0.0763980 0.0547663 0.0598618 0.0936360 0.0555421 0.0466709 0.0630586 0.0957054 0.0801208 0.0689538 0.0719759 0.0651663 0.1870518 0.0733072 0.0824104 0.1115668 0.0605125 0.0776228 0.1936242 0.0645534 0.2016419 0.0714736 0.0828769 0.0990444 0.0719380 0.0710404 0.1821379 0.0165975 0.0559596 0.0510985 0.0654730 0.0585182 0.0502989 0.1067849 0.0486329 0.0763470 0.1199320 0.1165358 0.1060405 0.0102829 0.1095931 0.0728566 0.0838786 0.0231928 0.0166800 0.0328167 0.0823847 0.0419034 0.0595640 0.0839852 0.0815400 0.0370003 0.0693004 0.0657716 0.0653621 0.0692270 0.0254671 0.0821447 0.0392230 
S0405         0.4302454 0.4005899 0.4580379 0.0825297 0.1883460 0.0858579 0.2804661 0.0398971 0.0545260 0.0601184 0.0102809 0.0585589 0.0809861 0.0145704 0.0576515 0.0668203 0.1018151 0.1284120 0.0693160 0.0852875 0.0702983 0.0812800 0.0924822 0.0697388 0.0145697 0.0000000 0.0683522 0.0619428 0.0667610 0.0522875 0.0730213 0.0804755 0.1058719 0.0495309 0.0817711 0.0704260 0.1012095 0.1069010 0.0557691 0.0277736 0.0066329 0.0773681 0.0485536 0.0588027 0.0124667 0.0604835 0.1088756 0.1732844 0.0459739 0.0927030 0.0082277 0.0492792 0.0082454 0.0494093 0.0493291 0.0686772 0.0525207 0.0569345 0.0857617 0.0481972 0.0396788 0.0555930 0.0876474 0.0724688 0.0667111 0.0644908 0.0577064 0.1802946 0.0710776 0.0797328 0.1123289 0.0510065 0.0722873 0.1802081 0.0571732 0.1853523 0.0692279 0.0750590 0.0963345 0.0693992 0.0738396 0.1745960 0.0102886 0.0488498 0.0440765 0.0579787 0.0510696 0.0430796 0.1011866 0.0438246 0.0686312 0.0998623 0.1104811 0.1031906 0.0040793 0.1013212 0.0652768 0.0760756 0.0167293 0.0061510 0.0305296 0.0800386 0.0395708 0.0522630 0.0707665 0.0737453 0.0302234 0.0618723 0.0632179 0.0628239 0.0615572 0.0189440 0.0742865 0.0324196 
S0407sl       0.4550420 0.4091380 0.4939122 0.1030196 0.2342666 0.1273735 0.3096173 0.0850530 0.0671879 0.0784390 0.0703529 0.0420203 0.0843363 0.0709463 0.1258163 0.0535801 0.1075244 0.1412628 0.0527063 0.1124207 0.0538539 0.0984741 0.0911276 0.0867528 0.0709374 0.0683522 0.0000000 0.0987943 0.0449209 0.0645322 0.0950316 0.0740371 0.1112098 0.0508219 0.1109681 0.1127905 0.1158183 0.1149342 0.0454857 0.0698536 0.0686865 0.0636171 0.0552267 0.0798053 0.0590240 0.0705176 0.1147367 0.1712757 0.0914790 0.1041058 0.0680710 0.0589762 0.0682287 0.0610762 0.0590358 0.0872058 0.0598166 0.0603727 0.0860097 0.0686512 0.0653886 0.0351149 0.1000020 0.0969082 0.0936189 0.0935240 0.0701009 0.1781973 0.0824215 0.0831321 0.1143478 0.0796180 0.0848892 0.1813055 0.0721491 0.2078250 0.0963103 0.1066093 0.0910914 0.1037826 0.0816186 0.1675738 0.0704204 0.0861289 0.0589573 0.0400554 0.0686523 0.0688003 0.1129058 0.0504587 0.0614210 0.1225439 0.1225859 0.1143647 0.0628178 0.1075573 0.0759195 0.0820865 0.0733659 0.0678121 0.0604808 0.0793192 0.0764210 0.0522414 0.0963405 0.0766525 0.0758572 0.0719402 0.0191405 0.0703120 0.0827628 0.0706609 0.0710238 0.0757092 
S0412sl       0.4729941 0.4216351 0.5437192 0.0839941 0.1668999 0.1242062 0.2798328 0.0767872 0.0734177 0.0920912 0.0640806 0.0967303 0.0948559 0.0673458 0.1162154 0.1054408 0.1188722 0.1357079 0.1068208 0.1084594 0.0834943 0.0882004 0.0808503 0.0791484 0.0643639 0.0619428 0.0987943 0.0000000 0.0897858 0.0617677 0.0889204 0.1007529 0.1236565 0.0654759 0.1145624 0.0980658 0.1172894 0.1144016 0.0806637 0.0589411 0.0532576 0.1062692 0.0752071 0.0700176 0.0642799 0.0687043 0.1270745 0.1865453 0.0639816 0.1149958 0.0616757 0.0617323 0.0565837 0.0619154 0.0645386 0.0992337 0.0655780 0.0663093 0.0971374 0.0634699 0.0587739 0.0771111 0.0937759 0.1068758 0.0997126 0.1002028 0.0861852 0.1862871 0.0802840 0.0908450 0.1276881 0.0938124 0.0977145 0.1872051 0.0681174 0.1608697 0.0964789 0.1005158 0.0972897 0.0823335 0.0957955 0.1802223 0.0589030 0.0786452 0.0613756 0.0853791 0.0666857 0.0576283 0.1225096 0.0669019 0.1057031 0.1421043 0.1304167 0.1146800 0.0562161 0.1172684 0.0803006 0.0894144 0.0618878 0.0615082 0.0598421 0.0968242 0.0486482 0.0677856 0.0955220 0.0957075 0.0621008 0.0677071 0.0946756 0.0921962 0.0731274 0.0651173 0.0898686 0.0700136 
S0417         0.4567407 0.4526087 0.5319914 0.0924360 0.1835141 0.1284617 0.3219998 0.0718973 0.0684212 0.0767484 0.0687947 0.0455304 0.0892508 0.0718503 0.1142526 0.0609394 0.0941206 0.1145411 0.0564146 0.0949318 0.0512878 0.0979164 0.0739009 0.0800771 0.0745298 0.0667610 0.0449209 0.0897858 0.0000000 0.0576429 0.0948161 0.0759094 0.0921713 0.0388663 0.1033813 0.1086751 0.1042782 0.1000017 0.0459451 0.0527592 0.0696980 0.0662944 0.0509330 0.0748268 0.0504636 0.0602964 0.1010260 0.1572824 0.0792758 0.0908457 0.0664840 0.0576112 0.0666400 0.0597492 0.0602145 0.0737876 0.0526419 0.0572634 0.0818212 0.0637860 0.0480343 0.0454729 0.0782747 0.0870828 0.0870266 0.0838002 0.0737810 0.1702478 0.0774473 0.0778846 0.1112229 0.0703926 0.0770389 0.1670107 0.0685335 0.2037877 0.0897222 0.0994835 0.0887076 0.0933712 0.0836800 0.1661538 0.0688612 0.0677664 0.0603665 0.0214799 0.0698217 0.0615760 0.0937592 0.0487036 0.0553896 0.1035057 0.1027549 0.0918758 0.0611828 0.0880445 0.0660612 0.0841265 0.0718293 0.0662280 0.0565527 0.0837848 0.0694328 0.0629520 0.0959280 0.0838746 0.0607010 0.0675434 0.0376902 0.0791766 0.0777504 0.0723126 0.0693048 0.0637202 
S0419         0.4614866 0.4126433 0.4797124 0.0741201 0.1882829 0.1049144 0.2870711 0.0679053 0.0125769 0.0572730 0.0543016 0.0601349 0.0757899 0.0595956 0.1000792 0.0722253 0.0983884 0.1179986 0.0742427 0.1008094 0.0642092 0.0784234 0.0657797 0.0694354 0.0595899 0.0522875 0.0645322 0.0617677 0.0576429 0.0000000 0.0726974 0.0760842 0.1019205 0.0439299 0.0892768 0.0848790 0.0898344 0.1088503 0.0476295 0.0491698 0.0539479 0.0658195 0.0481209 0.0585717 0.0502925 0.0424070 0.1053163 0.1704860 0.0638780 0.0951020 0.0520812 0.0041008 0.0521990 0.0082905 0.0061820 0.0786474 0.0352476 0.0500637 0.0768785 0.0533325 0.0395706 0.0491445 0.0766775 0.0775715 0.0766944 0.0795064 0.0445347 0.1702643 0.0658621 0.0686564 0.1075345 0.0630115 0.0830247 0.1774689 0.0125976 0.1696312 0.0792607 0.0750100 0.0820300 0.0835862 0.0764585 0.1667949 0.0495762 0.0618834 0.0512908 0.0491354 0.0532580 0.0481038 0.0981228 0.0434066 0.0726516 0.1060389 0.1106981 0.1055808 0.0471405 0.0974669 0.0549158 0.0735236 0.0522449 0.0518892 0.0502856 0.0799723 0.0524137 0.0547053 0.0846302 0.0766340 0.0519490 0.0146726 0.0620644 0.0493753 0.0613132 0.0599958 0.0501080 0.0495088 
S0427         0.4768944 0.4093519 0.4469901 0.1033611 0.2170644 0.1356199 0.3063275 0.0810544 0.0803835 0.0889005 0.0749943 0.0881072 0.0916280 0.0807452 0.1088600 0.0716133 0.1200247 0.1619584 0.0909458 0.1206452 0.0987993 0.0759504 0.1211073 0.0348575 0.0753086 0.0730213 0.0950316 0.0889204 0.0948161 0.0726974 0.0000000 0.1090311 0.1124984 0.0710397 0.0949304 0.1076367 0.1051019 0.1351154 0.0702885 0.0647511 0.0764227 0.1019808 0.0829192 0.0853292 0.0662458 0.0816259 0.1276117 0.1942101 0.0905869 0.1164311 0.0727202 0.0693019 0.0728883 0.0747888 0.0693721 0.0867219 0.0730478 0.0991378 0.1114200 0.0796398 0.0735823 0.0817630 0.0995083 0.0945588 0.0776384 0.0911977 0.0893758 0.1975890 0.0848346 0.1061773 0.1378564 0.0695960 0.0863738 0.2048694 0.0778471 0.1873292 0.0965302 0.1012678 0.1115940 0.1064344 0.0896902 0.1878195 0.0750668 0.0782936 0.0723724 0.0905535 0.0830080 0.0738988 0.1171740 0.0718731 0.0958242 0.1384214 0.1275667 0.1154973 0.0674348 0.1342950 0.0903285 0.0866472 0.0780447 0.0622331 0.0713582 0.0898345 0.0755910 0.0818108 0.0981608 0.0916047 0.0628000 0.0776198 0.0839650 0.0949573 0.0774423 0.0813010 0.0934498 0.0699316 
S0428sl       0.4009121 0.3920119 0.4465400 0.0960883 0.1690991 0.1621770 0.3169024 0.0881903 0.0757016 0.0927502 0.0867541 0.0657258 0.0907417 0.0910107 0.1146348 0.0826163 0.1275295 0.1616814 0.0768449 0.1247091 0.0735715 0.0797203 0.0350146 0.1043150 0.0836420 0.0804755 0.0740371 0.1007529 0.0759094 0.0760842 0.1090311 0.0000000 0.1332745 0.0642801 0.1258428 0.0975048 0.1237569 0.1593222 0.0653909 0.0866584 0.0892393 0.0859999 0.0633855 0.0992621 0.0401836 0.0908982 0.1328440 0.1890124 0.0971325 0.1187350 0.0836097 0.0716338 0.0874665 0.0716338 0.0684808 0.0906074 0.0829291 0.0927443 0.1155954 0.0917931 0.0798240 0.0789399 0.1332769 0.1045147 0.0998377 0.1075590 0.0857154 0.1891493 0.1107403 0.1205344 0.1260269 0.0881094 0.1060706 0.1898101 0.0794338 0.1784785 0.0963023 0.0966100 0.1265596 0.1017849 0.0692740 0.1807899 0.0869830 0.1040446 0.0622446 0.0685064 0.0961346 0.0880713 0.1295183 0.0628704 0.0779672 0.1337544 0.1292790 0.1253040 0.0800557 0.1367029 0.0754031 0.0901735 0.0910546 0.0796440 0.0853950 0.0988055 0.0738033 0.0650017 0.0914214 0.0942960 0.0902591 0.0820071 0.0679675 0.0859387 0.0998599 0.0882299 0.0898309 0.0866212 
S0430         0.4948144 0.4802905 0.5516192 0.1287813 0.2128885 0.1695411 0.3257713 0.1153975 0.0922285 0.1152608 0.1022748 0.1013954 0.1164298 0.1074479 0.1661572 0.1242079 0.0236121 0.1104764 0.1295168 0.0377537 0.1095510 0.1346872 0.1374943 0.1018639 0.1143409 0.1058719 0.1112098 0.1236565 0.0921713 0.1019205 0.1124984 0.1332745 0.0000000 0.0825374 0.1174531 0.1409996 0.0824329 0.0221954 0.0970218 0.0874975 0.1123535 0.1183630 0.1005409 0.0865809 0.0804696 0.0912924 0.0285046 0.2369087 0.1136748 0.0259926 0.1054020 0.0979394 0.1056576 0.1010717 0.1034374 0.1037925 0.0849008 0.1112836 0.0669946 0.0864327 0.0940363 0.1118845 0.0386424 0.0992983 0.0992286 0.0958071 0.1021525 0.2457539 0.1299073 0.0630621 0.0966140 0.0843162 0.1083472 0.2464448 0.1075926 0.3281477 0.1079776 0.1335095 0.0667670 0.1033118 0.1231271 0.2423953 0.1079036 0.1077611 0.0928864 0.0914011 0.0868050 0.0812710 0.0217015 0.1011165 0.1065306 0.0878437 0.0270163 0.0151920 0.0994857 0.0895747 0.1064460 0.1081143 0.1073762 0.0994981 0.0948970 0.1205259 0.1093696 0.0997242 0.1042680 0.1270673 0.1028903 0.1127990 0.1080686 0.1022589 0.0864568 0.1039370 0.1063471 0.1111227 
S0478         0.4765147 0.4161721 0.4837946 0.0706348 0.1827287 0.1053677 0.3057489 0.0624796 0.0513053 0.0669013 0.0516369 0.0489431 0.0754197 0.0571022 0.1028613 0.0595439 0.0899798 0.1163345 0.0656512 0.0906976 0.0496792 0.0755769 0.0849547 0.0648327 0.0492712 0.0495309 0.0508219 0.0654759 0.0388663 0.0439299 0.0710397 0.0642801 0.0825374 0.0000000 0.0854441 0.0953013 0.0879102 0.0879943 0.0391399 0.0410908 0.0510356 0.0624791 0.0392373 0.0598870 0.0311533 0.0461889 0.0941370 0.1729293 0.0643938 0.0840672 0.0493278 0.0409923 0.0494440 0.0460879 0.0410350 0.0652139 0.0385309 0.0389737 0.0746615 0.0492207 0.0442700 0.0464505 0.0767958 0.0668135 0.0641003 0.0637721 0.0643542 0.1661320 0.0633874 0.0733993 0.0991197 0.0557805 0.0688465 0.1801589 0.0488550 0.1959765 0.0640130 0.0695347 0.0767281 0.0782784 0.0682020 0.1721512 0.0516846 0.0489095 0.0509970 0.0459885 0.0549433 0.0469858 0.0838966 0.0344212 0.0646323 0.1133499 0.0929462 0.0826143 0.0442238 0.0959021 0.0625721 0.0704039 0.0571255 0.0442266 0.0446100 0.0709568 0.0544720 0.0511270 0.0817386 0.0764243 0.0467936 0.0460283 0.0461331 0.0696911 0.0601018 0.0575008 0.0649504 0.0515987 
