141
CRNC          0.0000000 0.1891566 0.2629138 0.3616640 0.4003259 0.3878135 0.3856625 0.3802077 0.4129374 0.3811850 0.3887932 0.4877485 0.3890676 0.3526893 0.3907372 0.3618582 0.4366977 0.4084386 0.3961747 0.3977577 0.4103396 0.3626564 0.3255775 0.4202545 0.4579172 0.3492035 0.3916384 0.3751748 0.3958915 0.3383860 0.3911213 0.3849329 0.3877059 0.3516830 0.4007952 0.3825782 0.3731786 0.4445274 0.4310362 0.4415289 0.3769424 0.3884520 0.4231420 0.4437024 0.3672185 0.4258693 0.3847843 0.5161685 0.3892936 0.4084386 0.3597161 0.3739763 0.3930314 0.3570447 0.4000784 0.3777214 0.3711791 0.3802831 0.3804123 0.3897014 0.3658719 0.3898913 0.3729723 0.4432467 0.4087293 0.3695406 0.3665010 0.3892551 0.4039028 0.3804115 0.3857901 0.3868694 0.3844901 0.4048118 0.4290056 0.3906202 0.3596384 0.3659821 0.4242277 0.3666615 0.3666615 0.3516993 0.3921380 0.3655195 0.3801931 0.3734551 0.3414045 0.3718690 0.3693295 0.3623599 0.3725028 0.3842424 0.4131770 0.3491200 0.4001449 0.4258693 0.4875557 0.4003969 0.3618282 0.4131121 0.4162840 0.4029668 0.3950236 0.3846070 0.4282566 0.3450286 0.3660032 0.3880848 0.3827735 0.3723587 0.4185392 0.3655208 0.3417333 0.3673398 0.3814818 0.3871569 0.4104233 0.3938045 0.3956050 0.4373466 0.4301450 0.3880699 0.4009822 0.4477143 0.3572663 0.3895022 0.4796453 0.4547464 0.4170735 0.4004690 0.4079388 0.3809624 0.3600246 0.4785695 0.3947369 0.4176282 0.3818413 0.3780393 0.3749022 0.4107194 0.4035073 
HYZL          0.1891566 0.0000000 0.1633155 0.3302087 0.4067776 0.3981550 0.2607777 0.3440830 0.3657374 0.3576075 0.3663066 0.3980323 0.3655256 0.3526893 0.3520039 0.3222264 0.3805128 0.3552200 0.3797242 0.3654791 0.3427653 0.3273809 0.2971862 0.3517796 0.3682475 0.3457757 0.3839863 0.3673758 0.3772180 0.3542053 0.3514780 0.3294341 0.3393421 0.3467212 0.3421129 0.3608506 0.3293069 0.3654919 0.3972454 0.4023044 0.3381889 0.3720462 0.3909110 0.3934132 0.3168316 0.3827123 0.3486533 0.4149069 0.3636771 0.3487997 0.3670720 0.3597855 0.3467229 0.3416551 0.3683859 0.3486679 0.3193848 0.3516385 0.3315602 0.3345564 0.3290754 0.3233679 0.3243076 0.3801893 0.3521224 0.3291632 0.3329891 0.3461537 0.3487454 0.3412842 0.3434027 0.3562161 0.3424142 0.3534783 0.3640943 0.3431253 0.3454308 0.3339794 0.3889793 0.3226655 0.3162598 0.3343534 0.3340645 0.3451672 0.3178574 0.3483563 0.3199295 0.3261113 0.3522736 0.3359397 0.3650306 0.3492234 0.3738716 0.3430890 0.3620578 0.3676983 0.3989749 0.3565763 0.3405567 0.3562789 0.3905001 0.3646002 0.3384979 0.3465200 0.3790525 0.3373357 0.3527950 0.3659740 0.3722548 0.3441144 0.3872345 0.3522913 0.3209129 0.3419055 0.3582825 0.3573185 0.3723839 0.3326798 0.3719515 0.3690767 0.3744648 0.3634304 0.3435754 0.3975063 0.3042670 0.4154405 0.3809727 0.3886612 0.3594247 0.3537465 0.3863555 0.3391591 0.3251634 0.3915576 0.3532637 0.3750431 0.4040297 0.3346455 0.3144817 0.4312609 0.3427579 
MYZV          0.2629138 0.1633155 0.0000000 0.4290505 0.5169664 0.4321466 0.3678378 0.4302006 0.4338676 0.4247242 0.4305906 0.4632066 0.4499423 0.4164973 0.4075287 0.4376363 0.4499952 0.4371518 0.4755485 0.4442407 0.4185424 0.4071038 0.4219389 0.4565061 0.4732763 0.4211127 0.4493937 0.4349895 0.4701723 0.4243620 0.4239200 0.4188279 0.4444909 0.4355671 0.4230991 0.4230362 0.4468418 0.4263835 0.4513235 0.4849368 0.4076774 0.4170236 0.4608775 0.4526295 0.4106009 0.4580085 0.4170507 0.4673538 0.4246674 0.4308197 0.4857181 0.4150366 0.4343687 0.4221914 0.4294631 0.4397789 0.4168183 0.4059267 0.4261128 0.4294241 0.4177624 0.3948078 0.3994444 0.4562547 0.4471342 0.4000587 0.4320038 0.4214853 0.4202036 0.4511725 0.4467847 0.4571466 0.4527615 0.4901191 0.4374311 0.4654644 0.4263391 0.3980930 0.4641389 0.4156503 0.4131361 0.4461896 0.4294867 0.4816334 0.4243612 0.4304090 0.4179456 0.3994579 0.4267868 0.4313083 0.5131392 0.4088208 0.4361447 0.4348295 0.4355345 0.4530598 0.4791847 0.4337347 0.4233453 0.4332015 0.4492258 0.4437686 0.4193644 0.4218298 0.4599048 0.4223706 0.4455634 0.4278394 0.4402327 0.4221952 0.4567092 0.4320552 0.4347949 0.4338654 0.4367747 0.4279059 0.4289729 0.4276357 0.4532477 0.4428079 0.4786459 0.4241218 0.4195214 0.4925970 0.4000477 0.4760241 0.4830147 0.4567839 0.4509966 0.4241611 0.4906391 0.4462351 0.4371853 0.4824692 0.4411791 0.4879148 0.5043102 0.4187621 0.4118932 0.5299040 0.4441377 
SRR6441723    0.3616640 0.3302087 0.4290505 0.0000000 0.0507208 0.1139188 0.1588131 0.0714866 0.0879604 0.0610908 0.0692851 0.1024698 0.0771299 0.0408064 0.0615317 0.0813169 0.0817210 0.0780953 0.0940618 0.0679872 0.0612631 0.0649443 0.0523566 0.0677861 0.0899743 0.0710028 0.0725398 0.0637071 0.0820573 0.0701373 0.0604352 0.0578077 0.0657045 0.0580829 0.0611630 0.0628863 0.0401865 0.1073247 0.0780616 0.0929333 0.0804236 0.0765459 0.0829321 0.0859228 0.0658369 0.0734737 0.0746326 0.0734637 0.0759202 0.0588179 0.1184293 0.0755913 0.0586424 0.0579834 0.0631435 0.0398396 0.0649026 0.0634235 0.0572487 0.0650253 0.0604867 0.0579847 0.0580512 0.0885402 0.0682816 0.0697322 0.0374078 0.0756210 0.0481905 0.0404463 0.0432789 0.0476716 0.0405291 0.0677502 0.0776897 0.1364787 0.0583295 0.0692448 0.0803102 0.0427908 0.0378972 0.1029811 0.0600496 0.1210992 0.0511295 0.0479287 0.0565764 0.0684794 0.0660242 0.0402667 0.1377100 0.0715049 0.0761390 0.0446093 0.0630098 0.0735492 0.0884719 0.0560676 0.0692527 0.0899144 0.0832818 0.0564153 0.0638794 0.0686293 0.0883549 0.0483386 0.0404478 0.0719338 0.0721465 0.0689256 0.0610934 0.0732385 0.0526654 0.0404187 0.0404583 0.0871950 0.0690892 0.0598428 0.0714308 0.0776877 0.0764345 0.0688273 0.0769009 0.0584937 0.0258401 0.0756465 0.0761773 0.0878869 0.0835023 0.0708975 0.1014714 0.0484202 0.0554377 0.0812893 0.0476497 0.0549744 0.0695570 0.0650068 0.0327037 0.0878829 0.0498483 
ERR4210213    0.4003259 0.4067776 0.5169664 0.0507208 0.0000000 0.1625747 0.1894097 0.1028877 0.1384987 0.0661121 0.1002120 0.1223030 0.1225317 0.0518942 0.0839824 0.1076769 0.1140415 0.1269292 0.0984551 0.1081587 0.0819577 0.0915796 0.0197734 0.0281270 0.1053083 0.1040319 0.1094010 0.0880190 0.1201144 0.0867987 0.0975155 0.0659473 0.0872616 0.0718706 0.0820180 0.0877511 0.0660028 0.1233459 0.0900396 0.1206907 0.1294560 0.1082555 0.0927977 0.1361464 0.0865763 0.1145127 0.0944855 0.0867586 0.0756982 0.0774988 0.1538153 0.0770221 0.0764498 0.0713141 0.0870044 0.0601714 0.0707585 0.0929720 0.0653931 0.0759649 0.0658697 0.0590983 0.0815671 0.0869620 0.1037527 0.0952903 0.0603224 0.1140994 0.0719133 0.0617960 0.0670446 0.0807766 0.0657414 0.0914360 0.0768894 0.1664887 0.0720790 0.0818764 0.0755183 0.0822650 0.0716822 0.1402717 0.0663302 0.1662880 0.0951825 0.0555658 0.0601955 0.0768503 0.0878348 0.0461093 0.1811804 0.1099761 0.0984198 0.0461641 0.1035526 0.1147457 0.1154081 0.0714073 0.1005007 0.1382082 0.0990629 0.0719133 0.0870357 0.0763067 0.0927864 0.0427497 0.0560456 0.1048322 0.0993948 0.0975142 0.0664059 0.0967386 0.0759179 0.0467947 0.0557651 0.1137754 0.0830636 0.0756530 0.1037651 0.0769197 0.1145765 0.1043268 0.0763241 0.0607729 0.0457668 0.0992102 0.1209547 0.0880562 0.0911699 0.0977246 0.1592387 0.0417983 0.0238692 0.1048792 0.0608209 0.0751472 0.0783697 0.0762124 0.0457895 0.1014729 0.0654736 
ERR2789774    0.3878135 0.3981550 0.4321466 0.1139188 0.1625747 0.0000000 0.1891913 0.0771077 0.1390293 0.1086856 0.0713270 0.1097461 0.1305021 0.1043835 0.0623986 0.0934388 0.1217931 0.0907402 0.1388919 0.1063623 0.1052808 0.1128143 0.1377376 0.1427745 0.1058581 0.0697955 0.0443816 0.0646471 0.1176389 0.0824493 0.1141689 0.0968786 0.0795817 0.0972505 0.1050627 0.1090681 0.1167477 0.0845956 0.1187885 0.1094101 0.1200140 0.0799862 0.0841952 0.1366982 0.1126960 0.1184905 0.0612310 0.0970168 0.1113338 0.1016031 0.1543273 0.0699017 0.1097660 0.0743522 0.0639666 0.1119498 0.1097508 0.0643046 0.0990876 0.1021498 0.1162628 0.0882824 0.1088738 0.1299596 0.1185336 0.1088906 0.0979035 0.1165565 0.1023140 0.1177846 0.1188153 0.1249955 0.1181156 0.0795519 0.1248088 0.1640833 0.0716454 0.1066537 0.1169927 0.1093154 0.1059155 0.1395364 0.1032112 0.1342436 0.0908897 0.1251027 0.1096188 0.1093472 0.0732326 0.1105893 0.1546355 0.0640448 0.0577019 0.1020961 0.1178501 0.1078605 0.1244376 0.1026688 0.1131960 0.1284294 0.1184201 0.1030631 0.1019704 0.0705215 0.1252985 0.1259885 0.1031518 0.0641057 0.0672986 0.0743599 0.1259102 0.0792661 0.1147919 0.1061195 0.1103910 0.1218024 0.0646610 0.1062079 0.1035339 0.1248017 0.1228349 0.0643046 0.1195095 0.1310194 0.1101198 0.0755822 0.1258211 0.0839388 0.1330136 0.0701664 0.0353581 0.1136798 0.1438044 0.1222448 0.1205169 0.1246484 0.0904516 0.1123450 0.1248252 0.0984341 0.1248524 
PAFTOL_019361 0.3856625 0.2607777 0.3678378 0.1588131 0.1894097 0.1891913 0.0000000 0.1588363 0.1870012 0.1651137 0.1682871 0.2071200 0.1926745 0.1666660 0.1627082 0.1632843 0.1869316 0.1811766 0.2087332 0.1781191 0.1726256 0.1697517 0.1658863 0.1905361 0.1926957 0.1592617 0.1764806 0.1704840 0.1893225 0.1622741 0.1597636 0.1643725 0.1672722 0.1696674 0.1655252 0.1732058 0.1571338 0.1765222 0.1861811 0.1980004 0.1753063 0.1801082 0.1969213 0.1934004 0.1794438 0.1790803 0.1718801 0.2037638 0.1929333 0.1696069 0.1406451 0.1791904 0.1586871 0.1570387 0.1687762 0.1620417 0.1679768 0.1548897 0.1624982 0.1666144 0.1768294 0.1440270 0.1721380 0.1826198 0.1654299 0.1850853 0.1451411 0.1777869 0.1576621 0.1549980 0.1653577 0.1585392 0.1587752 0.1740114 0.1777855 0.1470759 0.1642829 0.1713714 0.1769866 0.1578658 0.1506096 0.1364845 0.1668475 0.1416299 0.1437801 0.1673456 0.1665065 0.1744267 0.1614882 0.1704347 0.1560936 0.1656441 0.1820941 0.1587003 0.1684194 0.1792901 0.1974892 0.1618049 0.1855649 0.1868457 0.1962540 0.1698580 0.1626312 0.1681429 0.1821841 0.1661573 0.1648735 0.1717187 0.1753953 0.1670424 0.1712962 0.1748691 0.1701241 0.1580218 0.1668385 0.1977932 0.1744764 0.1662924 0.1753751 0.1812483 0.1780333 0.1737717 0.1687537 0.1907330 0.1423235 0.1727569 0.1793627 0.1902106 0.1891677 0.1756270 0.1774151 0.1601231 0.1758112 0.1851045 0.1748399 0.1745024 0.1684890 0.1633233 0.1492049 0.1893650 0.1540011 
S0055         0.3802077 0.3440830 0.4302006 0.0714866 0.1028877 0.0771077 0.1588363 0.0000000 0.1067065 0.0806977 0.0427298 0.1145372 0.0981107 0.0636064 0.0356533 0.0700673 0.0970892 0.0834628 0.1083790 0.0825163 0.0735419 0.0818696 0.0843184 0.0983547 0.0954716 0.0494608 0.0446379 0.0377916 0.1022033 0.0589012 0.0826468 0.0796412 0.0566214 0.0755801 0.0734213 0.0796535 0.0714674 0.0822601 0.0871103 0.1028904 0.1038793 0.0495729 0.0526206 0.1053964 0.0788723 0.0916862 0.0549518 0.0518635 0.0962490 0.0710668 0.1144853 0.0542339 0.0688431 0.0474407 0.0374732 0.0786370 0.0870784 0.0329769 0.0788409 0.0845054 0.0933235 0.0785228 0.0766900 0.0980382 0.0917129 0.0893972 0.0654625 0.0988557 0.0685725 0.0719600 0.0781470 0.0739931 0.0721172 0.0493369 0.0900936 0.1289238 0.0478789 0.0830445 0.1028255 0.0791474 0.0735720 0.1059163 0.0819471 0.1052350 0.0679606 0.0823118 0.0766116 0.0852800 0.0376618 0.0658106 0.1240440 0.0401352 0.0445745 0.0733753 0.0854254 0.0917840 0.1080479 0.0687480 0.0887655 0.1028498 0.0944898 0.0718449 0.0762227 0.0423657 0.0978289 0.0777983 0.0630270 0.0427270 0.0452869 0.0237318 0.0745736 0.0444070 0.0744473 0.0629750 0.0601494 0.1028659 0.0378912 0.0790110 0.0909887 0.0928892 0.0949261 0.0424784 0.0836050 0.0799867 0.0687109 0.0487110 0.0863366 0.0572885 0.1001763 0.0395330 0.0619175 0.0812672 0.0980890 0.1014317 0.0880423 0.0878671 0.0491937 0.0786672 0.0768085 0.0790985 0.0768906 
S0278         0.4129374 0.3657374 0.4338676 0.0879604 0.1384987 0.1390293 0.1870012 0.1067065 0.0000000 0.0853456 0.0976920 0.0981102 0.0455714 0.0804608 0.0953287 0.1103080 0.0403575 0.0823291 0.1154475 0.0330393 0.0725899 0.0569236 0.1117703 0.1202408 0.0945674 0.0888404 0.1055794 0.0971121 0.0551373 0.1054038 0.0427917 0.0822568 0.0915425 0.0460457 0.0750222 0.0731793 0.0759977 0.1412202 0.0812248 0.0939315 0.0471830 0.0960393 0.1150206 0.0498012 0.0632212 0.0935911 0.1065934 0.1166419 0.1074584 0.0754266 0.1450006 0.1146485 0.0723903 0.0921842 0.0906509 0.0836986 0.0862658 0.0848646 0.0814286 0.0898963 0.0970068 0.0879811 0.0554984 0.0974581 0.0880748 0.0696368 0.0786860 0.0519176 0.0667615 0.0771452 0.0923680 0.0879875 0.0799975 0.0992191 0.1033832 0.1609087 0.1004508 0.0829813 0.1068225 0.0848402 0.0816638 0.1224903 0.0845641 0.1243776 0.0776987 0.0917213 0.1044791 0.0820432 0.1024957 0.0826954 0.1411882 0.0999410 0.1133793 0.0785112 0.0452199 0.0881423 0.1040608 0.0724651 0.0665830 0.0499209 0.0920140 0.0729318 0.0778960 0.1023907 0.0972512 0.0982547 0.0797029 0.1005620 0.1035812 0.1195707 0.0940117 0.1053505 0.0880360 0.0796319 0.0800063 0.0500392 0.1031210 0.0816046 0.0453415 0.1062365 0.0968248 0.1027090 0.0937867 0.0922125 0.0850309 0.1142079 0.0420321 0.1196776 0.0929660 0.0990466 0.1327066 0.0898820 0.1161540 0.0977261 0.0966849 0.1021191 0.1173569 0.0817674 0.0879955 0.1037407 0.0880936 
S0281         0.3811850 0.3576075 0.4247242 0.0610908 0.0661121 0.1086856 0.1651137 0.0806977 0.0853456 0.0000000 0.0703533 0.0661814 0.0692893 0.0460537 0.0680390 0.0826008 0.0845386 0.0727739 0.0873885 0.0655092 0.0621885 0.0525314 0.0749223 0.0898855 0.0845582 0.0749382 0.0765511 0.0697749 0.0684026 0.0772378 0.0501643 0.0333128 0.0718691 0.0485804 0.0594786 0.0483439 0.0555398 0.1122594 0.0739695 0.0875469 0.0701271 0.0723810 0.0870237 0.0870526 0.0612931 0.0615642 0.0785489 0.0943938 0.0331256 0.0568841 0.1266601 0.0775426 0.0595223 0.0646394 0.0693231 0.0501115 0.0377231 0.0696384 0.0330033 0.0401541 0.0777662 0.0188283 0.0586024 0.0747552 0.0720608 0.0650985 0.0479381 0.0679079 0.0541139 0.0559111 0.0647483 0.0635580 0.0560307 0.0714162 0.0362126 0.1389357 0.0624131 0.0562716 0.0815469 0.0665674 0.0611610 0.1079809 0.0354979 0.1232817 0.0486673 0.0669110 0.0713245 0.0639102 0.0719253 0.0582193 0.1370555 0.0779970 0.0827566 0.0505579 0.0580454 0.0668360 0.0816373 0.0569039 0.0646489 0.0873117 0.0820342 0.0572622 0.0648501 0.0750077 0.0746013 0.0729754 0.0456439 0.0784745 0.0787101 0.0786542 0.0747579 0.0770535 0.0510212 0.0508992 0.0585957 0.0765505 0.0701688 0.0400714 0.0581820 0.0362123 0.0639511 0.0752301 0.0311744 0.0691137 0.0558983 0.0682745 0.0733855 0.0921278 0.0781464 0.0746685 0.0990546 0.0624828 0.0785417 0.0679316 0.0692410 0.0690994 0.0746188 0.0525813 0.0637090 0.0802721 0.0663184 
S0282         0.3887932 0.3663066 0.4305906 0.0692851 0.1002120 0.0713270 0.1682871 0.0427298 0.0976920 0.0703533 0.0000000 0.1055667 0.0987079 0.0593571 0.0128710 0.0573779 0.0976737 0.0882025 0.1033201 0.0829992 0.0693129 0.0716796 0.0890722 0.0993923 0.1006507 0.0401858 0.0201657 0.0171109 0.1001606 0.0470907 0.0777213 0.0668369 0.0424476 0.0694785 0.0666081 0.0747608 0.0745328 0.0746834 0.0941052 0.1048081 0.0988735 0.0327324 0.0331143 0.1059970 0.0773284 0.0950303 0.0406192 0.0326158 0.0830028 0.0668224 0.1211123 0.0472644 0.0672034 0.0404956 0.0148085 0.0764552 0.0741782 0.0126929 0.0661720 0.0716485 0.0911201 0.0678151 0.0718347 0.0872290 0.0922626 0.0843685 0.0607571 0.0938519 0.0643170 0.0720664 0.0786043 0.0831809 0.0752167 0.0472067 0.0849908 0.1296825 0.0432957 0.0673286 0.0986152 0.0735866 0.0681216 0.1065628 0.0691388 0.1019342 0.0750552 0.0801085 0.0770530 0.0748938 0.0449863 0.0693869 0.1205098 0.0149190 0.0328118 0.0711932 0.0804797 0.0951324 0.1116724 0.0644812 0.0837720 0.0977363 0.0930398 0.0675604 0.0693861 0.0214536 0.0870440 0.0816769 0.0613696 0.0171924 0.0262233 0.0479576 0.0838530 0.0470364 0.0723650 0.0613191 0.0640892 0.0977516 0.0217338 0.0663131 0.0889221 0.0877693 0.0983274 0.0215073 0.0785939 0.0839322 0.0665136 0.0283105 0.0904808 0.0402145 0.0944089 0.0282338 0.0593495 0.0735878 0.0958494 0.0994955 0.0803668 0.0829577 0.0534481 0.0711231 0.0746063 0.0646241 0.0773676 
S0288         0.4877485 0.3980323 0.4632066 0.1024698 0.1223030 0.1097461 0.2071200 0.1145372 0.0981102 0.0661814 0.1055667 0.0000000 0.1037447 0.0910396 0.1062508 0.1356959 0.0895336 0.0088905 0.0644533 0.0888011 0.0277000 0.0835804 0.1023130 0.1508770 0.0135174 0.1015116 0.0823974 0.1098880 0.1088726 0.1206829 0.0902222 0.0782958 0.1018450 0.0618365 0.0181619 0.0822726 0.1024010 0.1540746 0.0772411 0.0089706 0.1142177 0.1077732 0.1085894 0.1140900 0.0658220 0.1212665 0.1303988 0.0967261 0.0951856 0.0228364 0.1608458 0.1014236 0.0278698 0.0968288 0.1021634 0.0885360 0.0836216 0.0970194 0.0770907 0.0773437 0.1217724 0.0880386 0.0658220 0.0712069 0.1087785 0.0784285 0.0771861 0.0898824 0.0324030 0.0974142 0.0972426 0.1148870 0.1019093 0.1157677 0.0972332 0.1449342 0.1037287 0.0535810 0.0749322 0.0963637 0.0904498 0.1254641 0.0783945 0.1386567 0.0554782 0.0962100 0.1085076 0.0483716 0.1145372 0.0959150 0.1469718 0.0962529 0.1207121 0.0657222 0.0970300 0.1151182 0.1084656 0.0279183 0.0786978 0.1300881 0.0593907 0.0279615 0.0228364 0.1095551 0.0708986 0.1231561 0.0959926 0.0899253 0.1163515 0.1365955 0.1280901 0.1138815 0.1109130 0.0839771 0.1022816 0.0829768 0.1028291 0.0778322 0.0905958 0.0972829 0.1213444 0.1094431 0.0843401 0.1022442 0.0897743 0.1027398 0.1043381 0.1157061 0.0727269 0.1084965 0.0836110 0.0893718 0.0957232 0.0904912 0.0943179 0.0895129 0.1034615 0.0782869 0.0894696 0.1096291 0.0902652 
S0289         0.3890676 0.3655256 0.4499423 0.0771299 0.1225317 0.1305021 0.1926745 0.0981107 0.0455714 0.0692893 0.0987079 0.1037447 0.0000000 0.0671274 0.0934199 0.1084592 0.0356618 0.0785654 0.1067248 0.0194513 0.0725889 0.0377228 0.0917641 0.1142804 0.0905409 0.0946231 0.1006265 0.0952297 0.0380841 0.1027713 0.0285069 0.0637988 0.0915394 0.0279631 0.0778426 0.0578367 0.0554238 0.1304727 0.0755925 0.0935194 0.0377152 0.0998205 0.1073026 0.0356574 0.0433315 0.0772087 0.1074591 0.1181090 0.0878608 0.0754254 0.1201777 0.1060926 0.0698737 0.0804505 0.0943462 0.0654179 0.0658660 0.0920089 0.0631697 0.0711972 0.0838416 0.0704230 0.0408209 0.0910892 0.0719000 0.0490935 0.0581430 0.0450557 0.0667610 0.0557944 0.0672395 0.0634208 0.0559120 0.0936016 0.0809536 0.1429711 0.0863631 0.0775717 0.1039436 0.0768917 0.0713261 0.1056491 0.0660810 0.1149036 0.0547930 0.0721574 0.0905847 0.0793830 0.0976584 0.0746378 0.1316005 0.1009765 0.1058078 0.0655291 0.0308171 0.0719544 0.0869967 0.0724641 0.0463089 0.0431164 0.0984321 0.0729308 0.0807455 0.1005371 0.0908985 0.0898801 0.0665049 0.1016104 0.1017136 0.1049057 0.0878951 0.0996706 0.0665299 0.0664487 0.0745366 0.0353097 0.0983528 0.0653630 0.0287379 0.0871496 0.0802524 0.1008513 0.0835170 0.0838687 0.0690714 0.1017573 0.0368601 0.1219777 0.0678922 0.1028881 0.1059323 0.0789265 0.0957383 0.0885447 0.0774659 0.0801395 0.0834648 0.0685939 0.0772189 0.0970557 0.0661738 
S0292         0.3526893 0.3526893 0.4164973 0.0408064 0.0518942 0.1043835 0.1666660 0.0636064 0.0804608 0.0460537 0.0593571 0.0910396 0.0671274 0.0000000 0.0490032 0.0772194 0.0743486 0.0755429 0.0866059 0.0608099 0.0541326 0.0553663 0.0561237 0.0716544 0.0873961 0.0612748 0.0621331 0.0539291 0.0662292 0.0661273 0.0508537 0.0482914 0.0586207 0.0430817 0.0564929 0.0507608 0.0404808 0.0995155 0.0739068 0.0947871 0.0705927 0.0665741 0.0727407 0.0822127 0.0561241 0.0634000 0.0672282 0.0680846 0.0660781 0.0541431 0.1169542 0.0663873 0.0569915 0.0484112 0.0534535 0.0401287 0.0553327 0.0536884 0.0478269 0.0529217 0.0557730 0.0504942 0.0484914 0.0696123 0.0583148 0.0567213 0.0332813 0.0658176 0.0461516 0.0359812 0.0488985 0.0428143 0.0384491 0.0662253 0.0702469 0.1306467 0.0487021 0.0538057 0.0756719 0.0455110 0.0405389 0.1014965 0.0505345 0.1164904 0.0489969 0.0511438 0.0604654 0.0557217 0.0582809 0.0214615 0.1330870 0.0615895 0.0663600 0.0452838 0.0533781 0.0634648 0.0779128 0.0518208 0.0593748 0.0824565 0.0785225 0.0547315 0.0591868 0.0587991 0.0694697 0.0463097 0.0083953 0.0619589 0.0621437 0.0610923 0.0381312 0.0603439 0.0408306 0.0127559 0.0193728 0.0797624 0.0567403 0.0503605 0.0560040 0.0702452 0.0662582 0.0589665 0.0695362 0.0357344 0.0407330 0.0500989 0.0620811 0.0751287 0.0749467 0.0586380 0.0910386 0.0442717 0.0619440 0.0700874 0.0508527 0.0532312 0.0501570 0.0609183 0.0481374 0.0700228 0.0506166 
S0293         0.3907372 0.3520039 0.4075287 0.0615317 0.0839824 0.0623986 0.1627082 0.0356533 0.0953287 0.0680390 0.0128710 0.1062508 0.0934199 0.0490032 0.0000000 0.0526679 0.0925338 0.0821299 0.0924561 0.0806717 0.0644041 0.0720646 0.0808659 0.0906322 0.0943308 0.0380260 0.0133825 0.0084823 0.0838605 0.0401515 0.0781156 0.0671723 0.0355470 0.0629396 0.0617282 0.0724678 0.0692784 0.0697420 0.0888474 0.0984161 0.0937990 0.0193508 0.0240779 0.0979240 0.0777185 0.0812113 0.0359773 0.0222638 0.0749928 0.0619254 0.1157409 0.0379386 0.0622780 0.0358079 0.0084142 0.0660524 0.0745493 0.0084468 0.0664995 0.0720065 0.0802586 0.0649941 0.0721947 0.0876125 0.0812541 0.0848042 0.0532457 0.0943325 0.0594341 0.0697573 0.0732122 0.0747643 0.0699101 0.0426236 0.0798412 0.1273443 0.0361209 0.0649941 0.0906010 0.0658468 0.0605080 0.1042255 0.0694839 0.0996333 0.0688768 0.0719910 0.0718468 0.0725594 0.0356836 0.0587904 0.1181773 0.0106371 0.0238591 0.0634722 0.0808890 0.0840473 0.0999912 0.0595840 0.0842017 0.0953723 0.0935247 0.0626070 0.0619070 0.0127636 0.0874259 0.0735360 0.0510433 0.0085258 0.0129170 0.0334658 0.0701732 0.0377568 0.0619086 0.0510031 0.0536623 0.0954154 0.0151364 0.0692374 0.0783727 0.0798390 0.0871270 0.0106252 0.0762958 0.0700822 0.0639759 0.0154962 0.0815333 0.0287160 0.0949693 0.0171680 0.0528135 0.0655916 0.0874263 0.0900246 0.0723681 0.0749200 0.0418863 0.0714766 0.0720156 0.0611402 0.0720681 
S0294         0.3618582 0.3222264 0.4376363 0.0813169 0.1076769 0.0934388 0.1632843 0.0700673 0.1103080 0.0826008 0.0573779 0.1356959 0.1084592 0.0772194 0.0526679 0.0000000 0.1160560 0.0966563 0.1239483 0.1008585 0.0793743 0.0945646 0.0959293 0.1065524 0.1093518 0.0647304 0.0599243 0.0497171 0.1070139 0.0694068 0.0899860 0.0815267 0.0570008 0.0851734 0.0766088 0.0842406 0.0893163 0.0995171 0.1039991 0.1088824 0.1001258 0.0668419 0.0625885 0.1186830 0.0787903 0.1047670 0.0603719 0.0747384 0.0925619 0.0768596 0.1340293 0.0695092 0.0740038 0.0627046 0.0541165 0.0831659 0.0862299 0.0543472 0.0833820 0.0918268 0.1035032 0.0780680 0.0838992 0.1063630 0.1047976 0.0968484 0.0725344 0.1119665 0.0796327 0.0871865 0.0937155 0.0954175 0.0901382 0.0375037 0.0975695 0.1491430 0.0582187 0.0800661 0.1152199 0.0889436 0.0832617 0.1223244 0.0865158 0.1232058 0.0861816 0.0950340 0.0811695 0.0850210 0.0647771 0.0848076 0.1395032 0.0620120 0.0665267 0.0778944 0.0927931 0.0991920 0.1156952 0.0739268 0.0961654 0.1190241 0.1124892 0.0743966 0.0794568 0.0543961 0.1061346 0.0885869 0.0740020 0.0623710 0.0575480 0.0629699 0.1029223 0.0667927 0.0687365 0.0764328 0.0793306 0.1220355 0.0572201 0.0862108 0.1013369 0.0947673 0.0967449 0.0594685 0.0937772 0.0999932 0.0785116 0.0704303 0.0980009 0.0750072 0.0951589 0.0615036 0.0762329 0.0751182 0.1027864 0.1039199 0.0953777 0.0897285 0.0811902 0.0884113 0.0867543 0.0910130 0.0922355 
S0299         0.4366977 0.3805128 0.4499952 0.0817210 0.1140415 0.1217931 0.1869316 0.0970892 0.0403575 0.0845386 0.0976737 0.0895336 0.0356618 0.0743486 0.0925338 0.1160560 0.0000000 0.0841992 0.1216900 0.0237121 0.0743836 0.0515621 0.1049065 0.1154202 0.0963448 0.0881340 0.1055588 0.0970944 0.0351247 0.1043652 0.0424043 0.0761652 0.0934054 0.0277593 0.0797664 0.0699065 0.0705720 0.1241337 0.0808280 0.0993100 0.0420356 0.1016465 0.1149987 0.0398518 0.0576124 0.0732304 0.1057635 0.1124502 0.0926526 0.0773665 0.1341107 0.1076708 0.0718306 0.0773116 0.0962000 0.0776541 0.0834952 0.0910590 0.0754104 0.0836609 0.0912903 0.0783089 0.0472635 0.0927233 0.0680552 0.0611088 0.0702849 0.0470342 0.0687172 0.0710527 0.0832093 0.0789690 0.0712060 0.0899616 0.0975437 0.1400130 0.0972626 0.0821964 0.1000692 0.0875539 0.0818151 0.1123291 0.0784453 0.1215751 0.0667406 0.0882241 0.0951636 0.0812747 0.0995054 0.0765635 0.1382785 0.0999226 0.1076112 0.0726024 0.0448086 0.0681057 0.0826982 0.0744092 0.0608363 0.0450263 0.0971503 0.0716164 0.0772873 0.1023718 0.0963116 0.0888343 0.0736586 0.1003288 0.1002292 0.1060877 0.0875972 0.1014951 0.0789834 0.0735957 0.0764600 0.0353749 0.1002087 0.0755707 0.0260005 0.1003583 0.0761803 0.1026900 0.0936846 0.0857806 0.0787079 0.1013962 0.0393945 0.1237225 0.0852998 0.1047041 0.1138861 0.0834762 0.1052731 0.0897836 0.0902170 0.0929460 0.0796493 0.0810019 0.0871613 0.1023449 0.0818692 
S0303         0.4084386 0.3552200 0.4371518 0.0780953 0.1269292 0.0907402 0.1811766 0.0834628 0.0823291 0.0727739 0.0882025 0.0088905 0.0785654 0.0755429 0.0821299 0.0966563 0.0841992 0.0000000 0.0733084 0.0645432 0.0177795 0.0837894 0.0881482 0.0974696 0.0154080 0.0898878 0.0567899 0.0810749 0.0814126 0.0995140 0.0718589 0.0719255 0.0769571 0.0686058 0.0177484 0.0702841 0.0808232 0.1232749 0.0641806 0.0289533 0.0838461 0.0832479 0.1017253 0.0975984 0.0617220 0.0909142 0.0879129 0.1045979 0.1052034 0.0151485 0.1387127 0.0862711 0.0286000 0.0847660 0.0802018 0.0705632 0.0775926 0.0806402 0.0710641 0.0710026 0.0911220 0.0866599 0.0615245 0.0710741 0.0843678 0.0684967 0.0641833 0.0806899 0.0258037 0.0814992 0.0821711 0.0880272 0.0817155 0.0834740 0.1041727 0.1486197 0.0887386 0.0461997 0.0638172 0.0774284 0.0743079 0.1161795 0.0715290 0.1305341 0.0387308 0.0889917 0.0970834 0.0459133 0.0801938 0.0782214 0.1468585 0.0803012 0.0960134 0.0640248 0.0751002 0.0877089 0.1027919 0.0232446 0.0650409 0.0989511 0.0640533 0.0232639 0.0204150 0.0871740 0.0674940 0.0930075 0.0746959 0.0803763 0.0845958 0.0875942 0.0954643 0.0831729 0.0786423 0.0743892 0.0780932 0.0770431 0.0876217 0.0743732 0.0686528 0.1007164 0.0947490 0.0806402 0.0959672 0.0997330 0.0747134 0.1015573 0.0847887 0.1116454 0.0830337 0.0835268 0.0659122 0.0737503 0.0894454 0.0803295 0.0841954 0.0910962 0.1081812 0.0738524 0.0846745 0.1165850 0.0879328 
S0308         0.3961747 0.3797242 0.4755485 0.0940618 0.0984551 0.1388919 0.2087332 0.1083790 0.1154475 0.0873885 0.1033201 0.0644533 0.1067248 0.0866059 0.0924561 0.1239483 0.1216900 0.0733084 0.0000000 0.1059697 0.0626519 0.1051454 0.1059460 0.1240009 0.0847147 0.1058787 0.1013930 0.0941908 0.1131217 0.1025797 0.1004238 0.0946815 0.1024678 0.0869261 0.0575452 0.0975066 0.0970125 0.1454770 0.0744543 0.0884986 0.1166813 0.1052338 0.1183634 0.1272211 0.1038258 0.1092585 0.1128405 0.1198431 0.1180103 0.0602417 0.1638950 0.1000800 0.0555248 0.0893784 0.0961267 0.1016696 0.1023674 0.0965794 0.0937025 0.0964876 0.1120093 0.1012688 0.0950046 0.0932394 0.1064120 0.1084244 0.0715606 0.1174186 0.0499218 0.0948852 0.1046254 0.1030514 0.0947345 0.1026720 0.1119121 0.1649092 0.0926292 0.0738495 0.0736493 0.0965590 0.0906346 0.1434036 0.0970333 0.1565519 0.0636551 0.1007857 0.1142452 0.0756588 0.1030813 0.1002414 0.1751885 0.1055637 0.1083802 0.0877287 0.1033627 0.1093769 0.1266618 0.0605889 0.1081140 0.1309085 0.0816591 0.0634203 0.0601846 0.1022861 0.0904309 0.1109187 0.0885402 0.0974864 0.0912455 0.1098112 0.1162527 0.1050720 0.0863398 0.0856905 0.0915134 0.1077178 0.1038565 0.0966814 0.1072169 0.1119075 0.1127169 0.1026034 0.1047974 0.1191777 0.0968528 0.1011756 0.1101090 0.1276980 0.1136612 0.1083750 0.1329638 0.1051874 0.1101604 0.1104841 0.1120360 0.0946763 0.0923503 0.0969178 0.1056747 0.1159884 0.0860730 
S0320         0.3977577 0.3654791 0.4442407 0.0679872 0.1081587 0.1063623 0.1781191 0.0825163 0.0330393 0.0655092 0.0829992 0.0888011 0.0194513 0.0608099 0.0806717 0.1008585 0.0237121 0.0645432 0.1059697 0.0000000 0.0609649 0.0347916 0.0846395 0.1002311 0.0755942 0.0792947 0.0870505 0.0825229 0.0328260 0.0869724 0.0259699 0.0576499 0.0790956 0.0218124 0.0660028 0.0519514 0.0524289 0.1139634 0.0697758 0.0784765 0.0302336 0.0870315 0.0996335 0.0304184 0.0402065 0.0654786 0.0941297 0.0959109 0.0862907 0.0636541 0.1159610 0.0900629 0.0583778 0.0769644 0.0817772 0.0592989 0.0647264 0.0767846 0.0570939 0.0648485 0.0769466 0.0632023 0.0377634 0.0820388 0.0604010 0.0405886 0.0522180 0.0372689 0.0554705 0.0527749 0.0639741 0.0602744 0.0528853 0.0811509 0.0774699 0.1308697 0.0855250 0.0683730 0.0908319 0.0735272 0.0680646 0.0950690 0.0598862 0.1039329 0.0476504 0.0688261 0.0808846 0.0676265 0.0848892 0.0630057 0.1128272 0.0852316 0.0927201 0.0593969 0.0282410 0.0604456 0.0746312 0.0608635 0.0379781 0.0307139 0.0856469 0.0612422 0.0687527 0.0876351 0.0818701 0.0773728 0.0602596 0.0826481 0.0886280 0.0914748 0.0763159 0.0869031 0.0653671 0.0602107 0.0629239 0.0282320 0.0854703 0.0622115 0.0237580 0.0801387 0.0683411 0.0878985 0.0740038 0.0716830 0.0601951 0.1004651 0.0288752 0.1080238 0.0636833 0.0899361 0.1008986 0.0668942 0.0884071 0.0780751 0.0708435 0.0734333 0.0828371 0.0623259 0.0680095 0.0963655 0.0629727 
S0322         0.4103396 0.3427653 0.4185424 0.0612631 0.0819577 0.1052808 0.1726256 0.0735419 0.0725899 0.0621885 0.0693129 0.0277000 0.0725889 0.0541326 0.0644041 0.0793743 0.0743836 0.0177795 0.0626519 0.0609649 0.0000000 0.0713113 0.0718473 0.0808105 0.0262446 0.0685938 0.0691236 0.0637320 0.0748744 0.0759477 0.0615335 0.0638640 0.0580368 0.0595646 0.0083191 0.0609118 0.0689726 0.1005627 0.0485459 0.0403615 0.0819086 0.0681994 0.0829658 0.0878395 0.0536261 0.0800536 0.0693639 0.0792755 0.0854648 0.0062377 0.1284472 0.0735865 0.0148106 0.0639862 0.0631683 0.0632127 0.0685345 0.0634485 0.0632333 0.0632333 0.0772192 0.0642832 0.0509861 0.0501182 0.0746980 0.0595225 0.0554888 0.0770169 0.0126176 0.0694472 0.0728819 0.0774342 0.0695983 0.0657727 0.0874774 0.1389825 0.0698136 0.0307990 0.0474097 0.0662100 0.0608400 0.1157755 0.0635738 0.1312147 0.0417664 0.0750371 0.0794550 0.0306466 0.0660264 0.0639336 0.1483975 0.0715336 0.0788217 0.0526057 0.0641600 0.0747548 0.0899803 0.0105217 0.0619776 0.0888284 0.0475721 0.0127144 0.0104543 0.0686566 0.0501176 0.0732029 0.0560695 0.0690664 0.0661511 0.0771233 0.0749274 0.0655291 0.0615636 0.0560241 0.0587322 0.0740071 0.0691169 0.0633515 0.0643305 0.0847075 0.0831364 0.0688547 0.0810419 0.0781568 0.0635676 0.0809010 0.0719502 0.0879231 0.0711195 0.0683535 0.0922914 0.0600580 0.0753837 0.0701184 0.0745799 0.0772271 0.0845937 0.0655354 0.0690931 0.0907162 0.0715988 
S0327         0.3626564 0.3273809 0.4071038 0.0649443 0.0915796 0.1128143 0.1697517 0.0818696 0.0569236 0.0525314 0.0716796 0.0835804 0.0377228 0.0553663 0.0720646 0.0945646 0.0515621 0.0837894 0.1051454 0.0347916 0.0713113 0.0000000 0.0760743 0.0994369 0.0958607 0.0787080 0.0834671 0.0765584 0.0398618 0.0891364 0.0257994 0.0474503 0.0785120 0.0244340 0.0764672 0.0444113 0.0520625 0.1130106 0.0887077 0.0988118 0.0437508 0.0870800 0.0877596 0.0490599 0.0352569 0.0701031 0.0850100 0.0955485 0.0751334 0.0740923 0.1091549 0.0761442 0.0738652 0.0737338 0.0758749 0.0540097 0.0495009 0.0709629 0.0470021 0.0544658 0.0763771 0.0548419 0.0328726 0.0929525 0.0650025 0.0406279 0.0518544 0.0416360 0.0656010 0.0524036 0.0609403 0.0598454 0.0525124 0.0858439 0.0663513 0.1177644 0.0768220 0.0762057 0.0994066 0.0678412 0.0625085 0.0887454 0.0496554 0.0917616 0.0537211 0.0605506 0.0776630 0.0779963 0.0896504 0.0676246 0.1070379 0.0792083 0.0919891 0.0594268 0.0280545 0.0650503 0.0793765 0.0711909 0.0380150 0.0491897 0.0967620 0.0716412 0.0793117 0.0815828 0.0927591 0.0767969 0.0548719 0.0743647 0.0798300 0.0991552 0.0816630 0.0916382 0.0525144 0.0499178 0.0624734 0.0467998 0.0794360 0.0519329 0.0398618 0.0689322 0.0729975 0.0818236 0.0631065 0.0764273 0.0548139 0.0873838 0.0464295 0.1014981 0.0605832 0.0838614 0.0965633 0.0664023 0.0796497 0.0745783 0.0652156 0.0728979 0.0863525 0.0520249 0.0624572 0.0879099 0.0625214 
S0335         0.3255775 0.2971862 0.4219389 0.0523566 0.0197734 0.1377376 0.1658863 0.0843184 0.1117703 0.0749223 0.0890722 0.1023130 0.0917641 0.0561237 0.0808659 0.0959293 0.1049065 0.0881482 0.1059460 0.0846395 0.0718473 0.0760743 0.0000000 0.0574604 0.0961454 0.0906576 0.0904876 0.0776498 0.0968457 0.0877220 0.0714492 0.0686959 0.0850080 0.0620889 0.0717283 0.0766434 0.0577247 0.1256697 0.0921477 0.1106101 0.0948670 0.0965950 0.0978895 0.1075102 0.0629462 0.0849895 0.0891292 0.0962154 0.0903181 0.0693504 0.1382121 0.0798546 0.0744200 0.0689418 0.0822958 0.0547299 0.0733654 0.0826757 0.0680172 0.0735081 0.0690282 0.0671052 0.0658991 0.0852981 0.0795997 0.0726227 0.0497246 0.0926420 0.0660904 0.0581106 0.0612884 0.0657588 0.0557029 0.0816615 0.0952455 0.1474875 0.0746299 0.0747070 0.0929556 0.0605882 0.0553478 0.1251501 0.0683839 0.1409646 0.0644123 0.0559353 0.0571716 0.0712538 0.0772941 0.0579590 0.1520774 0.0913178 0.0960673 0.0523470 0.0768006 0.0850786 0.1007787 0.0717251 0.0721205 0.1021161 0.1032183 0.0721820 0.0745473 0.0714032 0.0851211 0.0534431 0.0581384 0.0918805 0.0838228 0.0851026 0.0802745 0.0793088 0.0633160 0.0555982 0.0628234 0.0984812 0.0888111 0.0733478 0.0857329 0.0952423 0.0881128 0.0857038 0.0942439 0.0802175 0.0378754 0.0886923 0.0978291 0.1087352 0.0799498 0.0816248 0.1264760 0.0439842 0.0195319 0.0848200 0.0606313 0.0707324 0.0832701 0.0734886 0.0451285 0.1057887 0.0628740 
S0345         0.4202545 0.3517796 0.4565061 0.0677861 0.0281270 0.1427745 0.1905361 0.0983547 0.1202408 0.0898855 0.0993923 0.1508770 0.1142804 0.0716544 0.0906322 0.1065524 0.1154202 0.0974696 0.1240009 0.1002311 0.0808105 0.0994369 0.0574604 0.0000000 0.0873882 0.0923795 0.0983314 0.0871404 0.1166912 0.1064016 0.0946031 0.0858273 0.0922018 0.0938489 0.0838505 0.0973572 0.0764209 0.1469401 0.1061009 0.1022428 0.1081581 0.1073368 0.0926443 0.1235026 0.0950649 0.1065976 0.0966864 0.0719281 0.1153868 0.0813317 0.1524293 0.1038200 0.0867585 0.0856368 0.0920141 0.0676690 0.0907703 0.0924634 0.0849266 0.0909608 0.0805440 0.0921854 0.0919484 0.1044942 0.1006979 0.1000267 0.0622526 0.1148171 0.0777107 0.0769660 0.0750201 0.0853235 0.0771396 0.0882665 0.1080261 0.1724818 0.0895706 0.0963400 0.1106379 0.0796460 0.0738572 0.1380523 0.0854128 0.1550435 0.0821330 0.0690376 0.0731101 0.0922857 0.0895977 0.0626416 0.1741626 0.1017339 0.1010078 0.0704130 0.0975749 0.1067161 0.1073887 0.0838462 0.0992795 0.1178350 0.1180302 0.0844154 0.0869165 0.0803715 0.1077332 0.0579837 0.0709704 0.0987487 0.0938141 0.0956600 0.0796456 0.0974498 0.0797345 0.0709075 0.0738399 0.1130226 0.0929530 0.0907498 0.1045893 0.1077804 0.1101168 0.0957303 0.1008882 0.0740547 0.0491526 0.1075690 0.1099616 0.1009810 0.0937383 0.0980491 0.1351643 0.0442702 0.0545230 0.0962274 0.0652655 0.0704246 0.1084999 0.0881332 0.0517912 0.1226146 0.0652464 
S0355         0.4579172 0.3682475 0.4732763 0.0899743 0.1053083 0.1058581 0.1926957 0.0954716 0.0945674 0.0845582 0.1006507 0.0135174 0.0905409 0.0873961 0.0943308 0.1093518 0.0963448 0.0154080 0.0847147 0.0755942 0.0262446 0.0958607 0.0961454 0.0873882 0.0000000 0.0982908 0.0777660 0.0930724 0.0934765 0.1122962 0.0834528 0.0835314 0.0886217 0.0840026 0.0261967 0.0815553 0.0927792 0.1376190 0.0751511 0.0127827 0.0959311 0.0952125 0.0852635 0.1104464 0.0726760 0.1000376 0.1002979 0.0850964 0.1185603 0.0234748 0.1539689 0.0983692 0.0376349 0.0970176 0.0920383 0.0788240 0.0893838 0.0925613 0.0824959 0.0824169 0.1004408 0.1002429 0.0724376 0.0784535 0.0932054 0.0798858 0.0751559 0.0926242 0.0346731 0.0935835 0.0943839 0.1004444 0.0938411 0.0954864 0.1177608 0.1642830 0.1012780 0.0562676 0.0677765 0.0891738 0.0859033 0.1301534 0.0830545 0.1452641 0.0574424 0.1015788 0.1098489 0.0559038 0.0920291 0.0901329 0.1626004 0.0921552 0.1085989 0.0749669 0.0868698 0.0966995 0.0828755 0.0320383 0.0762010 0.1120410 0.0749957 0.0320667 0.0290067 0.0950602 0.0747159 0.1058889 0.0863810 0.0884475 0.0936162 0.0999330 0.1050639 0.0951233 0.0906349 0.0860110 0.0899777 0.0887213 0.0999645 0.0859976 0.0800690 0.1141200 0.1040896 0.0925613 0.1089577 0.0798294 0.0864005 0.0921677 0.0788704 0.0948998 0.0592706 0.0955443 0.0705828 0.0683195 0.0761936 0.0709421 0.0684705 0.0718993 0.0985268 0.0853760 0.0720308 0.1068779 0.0759592 
S0376         0.3492035 0.3457757 0.4211127 0.0710028 0.1040319 0.0697955 0.1592617 0.0494608 0.0888404 0.0749382 0.0401858 0.1015116 0.0946231 0.0612748 0.0380260 0.0647304 0.0881340 0.0898878 0.1058787 0.0792947 0.0685938 0.0787080 0.0906576 0.0923795 0.0982908 0.0000000 0.0469431 0.0399816 0.0905718 0.0489773 0.0741153 0.0739693 0.0420211 0.0622395 0.0658921 0.0682663 0.0762117 0.0765465 0.0896598 0.0988987 0.0894295 0.0422004 0.0573407 0.1075181 0.0712644 0.0829865 0.0498263 0.0545941 0.0849985 0.0687029 0.1287157 0.0515669 0.0664736 0.0353988 0.0396454 0.0781065 0.0813136 0.0351489 0.0732338 0.0787771 0.0786840 0.0670843 0.0659156 0.0860390 0.0830104 0.0780265 0.0599922 0.0899372 0.0635230 0.0767368 0.0802797 0.0848052 0.0769044 0.0491210 0.0896420 0.1434844 0.0428738 0.0770962 0.0945075 0.0731016 0.0676732 0.1140913 0.0762576 0.1160485 0.0701305 0.0764136 0.0656930 0.0792094 0.0469175 0.0686374 0.1352938 0.0423293 0.0467611 0.0730306 0.0768161 0.0803786 0.0959502 0.0663814 0.0774838 0.0993263 0.0918323 0.0694548 0.0634870 0.0445564 0.0858589 0.0779134 0.0607165 0.0425697 0.0475073 0.0547851 0.0829185 0.0442000 0.0742701 0.0606668 0.0634026 0.0993417 0.0377540 0.0733902 0.0796962 0.0924214 0.0861107 0.0446751 0.0831946 0.0829960 0.0682478 0.0516563 0.0859519 0.0545887 0.0860888 0.0373362 0.0644011 0.0699837 0.0973976 0.0918916 0.0839015 0.0818775 0.0520926 0.0729532 0.0710269 0.0382138 0.0763671 
S0400         0.3916384 0.3839863 0.4493937 0.0725398 0.1094010 0.0443816 0.1764806 0.0446379 0.1055794 0.0765511 0.0201657 0.0823974 0.1006265 0.0621331 0.0133825 0.0599243 0.1055588 0.0567899 0.1013930 0.0870505 0.0691236 0.0834671 0.0904876 0.0983314 0.0777660 0.0469431 0.0000000 0.0132848 0.0991783 0.0491679 0.0842994 0.0727526 0.0443130 0.0737330 0.0663324 0.0811445 0.0780360 0.0781698 0.0953243 0.0750043 0.1037492 0.0293908 0.0297464 0.1052986 0.0838513 0.0967309 0.0449515 0.0342503 0.0927808 0.0665529 0.1259994 0.0493579 0.0669440 0.0473258 0.0131724 0.0772764 0.0804759 0.0132260 0.0719918 0.0746926 0.0926206 0.0767608 0.0808188 0.0934121 0.0938335 0.0914379 0.0554316 0.0980114 0.0639657 0.0786045 0.0823810 0.0842991 0.0759770 0.0492942 0.0917054 0.1335649 0.0452384 0.0697795 0.0994354 0.0770178 0.0712659 0.1139035 0.0751610 0.1089290 0.0624815 0.0839072 0.0804114 0.0776305 0.0419968 0.0699373 0.1285231 0.0154346 0.0294645 0.0717819 0.0872280 0.0968405 0.1105467 0.0641344 0.0907582 0.1026267 0.0995918 0.0673110 0.0691995 0.0177693 0.0932056 0.0823673 0.0642216 0.0155215 0.0226408 0.0423398 0.0852013 0.0416728 0.0786336 0.0641646 0.0670832 0.0997109 0.0203349 0.0776486 0.0874839 0.0917023 0.1001938 0.0155317 0.0878169 0.0880055 0.0723809 0.0231821 0.0954088 0.0370682 0.1032277 0.0224156 0.0272199 0.0743032 0.0976016 0.0971839 0.0813761 0.0781302 0.0614128 0.0772086 0.0809615 0.0730089 0.0782576 
S0405         0.3751748 0.3673758 0.4349895 0.0637071 0.0880190 0.0646471 0.1704840 0.0377916 0.0971121 0.0697749 0.0171109 0.1098880 0.0952297 0.0539291 0.0084823 0.0497171 0.0970944 0.0810749 0.0941908 0.0825229 0.0637320 0.0765584 0.0776498 0.0871404 0.0930724 0.0399816 0.0132848 0.0000000 0.0939321 0.0421051 0.0772792 0.0664664 0.0375336 0.0650502 0.0610873 0.0743389 0.0687126 0.0715910 0.0878579 0.0970890 0.0982940 0.0235784 0.0193885 0.0996873 0.0768906 0.0823955 0.0380448 0.0246657 0.0825262 0.0612802 0.1201344 0.0398944 0.0616255 0.0402889 0.0083376 0.0680827 0.0737633 0.0083696 0.0658081 0.0712484 0.0850985 0.0674034 0.0714331 0.0866500 0.0797453 0.0838761 0.0554003 0.0933037 0.0588165 0.0691838 0.0726026 0.0771404 0.0693336 0.0375237 0.0872530 0.1317036 0.0382740 0.0643092 0.0923532 0.0653167 0.0600249 0.1086461 0.0687542 0.1039948 0.0644185 0.0741590 0.0713616 0.0717908 0.0353370 0.0637966 0.1225500 0.0148484 0.0236342 0.0605444 0.0800188 0.0824819 0.0980719 0.0589631 0.0769619 0.0971560 0.0924873 0.0619474 0.0637996 0.0083777 0.0864674 0.0703897 0.0559500 0.0171105 0.0127968 0.0381089 0.0753697 0.0373913 0.0666929 0.0559049 0.0586070 0.0971712 0.0149944 0.0685131 0.0829133 0.0872504 0.0854945 0.0126758 0.0836115 0.0779863 0.0610205 0.0152791 0.0867997 0.0307131 0.0937706 0.0192005 0.0522359 0.0625483 0.0840861 0.0854349 0.0717726 0.0770951 0.0490040 0.0707303 0.0689471 0.0601926 0.0742405 
