112
CRNC          0.0000000 0.2104913 0.2815576 0.4792421 0.6108071 0.5107726 0.3797649 0.4651913 0.4986107 0.4895400 0.5029630 0.4700003 0.5175835 0.5542353 0.4182794 0.5497710 0.6522949 0.5151566 0.5203651 0.4812631 0.5664610 0.4805668 0.5262299 0.5229086 0.5299144 0.5616468 0.5486455 0.4503939 0.4712080 0.5065678 0.5460063 0.5280172 0.5049361 0.5040844 0.5170178 0.5295642 0.4821102 0.4902770 0.5463270 0.5117798 0.5231556 0.5878711 0.4604964 0.5075362 0.5476329 0.5206917 0.5334300 0.5482440 0.4672547 0.4963530 0.4507960 0.4931933 0.4570168 0.4505948 0.5281306 0.4589109 0.5077472 0.5102732 0.6283702 0.4969856 0.4523887 0.5323198 0.4810937 0.4958028 0.5093049 0.5501985 0.4854867 0.5369911 0.4918702 0.4979182 0.4583596 0.5373789 0.5304435 0.5174786 0.4579232 0.5493244 0.4561375 0.4986937 0.5088874 0.5154941 0.4967569 0.5548098 0.4846602 0.4569618 0.4866719 0.5593848 0.5156270 0.5342564 0.5396215 0.5433104 0.5634371 0.5384016 0.4821374 0.5252498 0.5060421 0.5498803 0.4801929 0.4799154 0.4805282 0.5136699 0.4541990 0.4940619 0.5429178 0.5242002 0.4417645 0.4505948 0.5306440 0.5026281 0.4732626 0.4889660 0.5088307 0.4573153 
HYZL          0.2104913 0.0000000 0.1203075 0.3324213 0.0000010 0.3344176 0.2447500 0.2871418 0.3455689 0.3475516 0.3338745 0.3320726 0.3444490 0.3900598 0.2697498 0.3209454 0.3976050 0.3032399 0.3416579 0.2891517 0.3550354 0.3333148 0.3614658 0.3094047 0.3346128 0.3446207 0.3041257 0.2759264 0.3273516 0.3348742 0.2749284 0.3399257 0.2956310 0.3118583 0.2723634 0.3184634 0.3406672 0.3093550 0.3198239 0.2980232 0.3073751 0.3762730 0.2788605 0.2675155 0.3199064 0.3580623 0.2676986 0.3531920 0.3124734 0.3035112 0.2975660 0.3295673 0.2932402 0.2850082 0.3356189 0.2699733 0.3006605 0.3305571 0.4247528 0.2896031 0.2900888 0.3610503 0.3464738 0.3134963 0.2988599 0.3839259 0.3388241 0.3198141 0.2554328 0.2924260 0.3430819 0.3506820 0.3387481 0.2887573 0.2942292 0.3140694 0.3075032 0.3045751 0.2860560 0.3291366 0.3063551 0.3137798 0.3093550 0.2995961 0.2891157 0.3481671 0.3365901 0.3291724 0.2581543 0.3422129 0.2394284 0.2252724 0.2987272 0.3024664 0.2958547 0.3402681 0.3113872 0.3093003 0.2998487 0.3057632 0.2787066 0.3321429 0.3330920 0.3307840 0.2921787 0.2850082 0.3760133 0.3217802 0.2993170 0.3220862 0.3594852 0.2791945 
MYZV          0.2815576 0.1203075 0.0000000 0.4296085 0.5737445 0.3973125 0.3164724 0.3719635 0.4053430 0.4089226 0.3934951 0.4006766 0.4155629 0.5313093 0.3376777 0.4547194 0.5223005 0.3985425 0.4128541 0.4066893 0.4638942 0.4302232 0.4168667 0.4039569 0.4223513 0.4728919 0.4222792 0.3560948 0.3934210 0.4254597 0.4037582 0.4474084 0.4009728 0.4000366 0.3717434 0.4342525 0.3932290 0.3924695 0.4243452 0.3929692 0.4424875 0.4527170 0.3548454 0.3850553 0.4027338 0.3956346 0.3932515 0.4389703 0.3862946 0.3900034 0.3638937 0.3984701 0.3677977 0.3622842 0.4450000 0.3419309 0.3952960 0.3920646 0.5216223 0.3997376 0.3734558 0.4363412 0.4371100 0.4099468 0.4050807 0.4233290 0.3948028 0.4110776 0.4028348 0.4080222 0.4655668 0.4082842 0.4022117 0.3908611 0.3685329 0.4091462 0.3857286 0.3974655 0.3721199 0.4241497 0.4180268 0.4398755 0.3876863 0.3682357 0.3773871 0.4372097 0.4615566 0.4499741 0.4034459 0.4085006 0.3504848 0.3485193 0.4082372 0.3836301 0.3897158 0.4377760 0.3835975 0.3771824 0.3970532 0.4156437 0.3747672 0.4230015 0.4330373 0.4111135 0.3926202 0.3622842 0.4269292 0.3768076 0.4381610 0.3850996 0.4146324 0.3795991 
SRR6441723    0.4792421 0.3324213 0.4296085 0.0000000 0.0840687 0.0978556 0.1794843 0.0983308 0.1250171 0.1254490 0.1062308 0.0833572 0.1074165 0.1370912 0.0705281 0.1567636 0.2063149 0.1310493 0.1184299 0.0387205 0.0691523 0.1083185 0.0989428 0.1085419 0.1226950 0.1442200 0.1120262 0.0737961 0.0803604 0.1099226 0.1312566 0.1173828 0.0971485 0.1173755 0.1518876 0.1354780 0.1076229 0.0874345 0.1424037 0.1162147 0.0927396 0.1208511 0.0772684 0.1206941 0.1259908 0.1060028 0.1245014 0.1199858 0.0908175 0.0909640 0.0803664 0.0949195 0.0802361 0.0770680 0.1302155 0.0758224 0.1199635 0.1445900 0.1377715 0.0958967 0.0567989 0.1098007 0.1269042 0.1115175 0.0921241 0.1108725 0.0978348 0.1346527 0.1038129 0.1307315 0.1386971 0.1199584 0.1235388 0.1354208 0.0803664 0.1207718 0.1195955 0.0537831 0.1321963 0.1031498 0.0822807 0.1144713 0.0834521 0.1046257 0.0630462 0.1245246 0.1049124 0.0932035 0.1311821 0.1399481 0.1123244 0.1236348 0.0802076 0.1378580 0.0449242 0.0960504 0.0869921 0.0838185 0.0913275 0.0955446 0.0878356 0.0848781 0.1253316 0.1049848 0.1133357 0.0770680 0.1029148 0.0948574 0.1012527 0.0839071 0.1039425 0.0742323 
ERR4210213    0.6108071 0.0000010 0.5737445 0.0840687 0.0000000 0.1028999 0.3205168 0.1308247 0.0966271 0.1459648 0.1556342 0.1314596 0.1656993 0.0000010 0.1249654 0.1456147 0.2063976 0.2339465 0.1464654 0.0333594 0.0733429 0.0780870 0.1506069 0.1997816 0.1274806 0.1539966 0.1637095 0.1362359 0.1169346 0.1623639 0.2282500 0.1470787 0.1216409 0.1028811 0.3133937 0.1466973 0.2196748 0.1506069 0.1460231 0.1861427 0.1462251 0.1506069 0.1748487 0.1923721 0.1963286 0.1168218 0.2326389 0.1336737 0.1713214 0.1038056 0.1362359 0.1690814 0.1362359 0.1362359 0.1565174 0.1780158 0.1887297 0.2136725 0.1656710 0.1471753 0.1171398 0.0621516 0.1432045 0.0491303 0.1038056 0.1196902 0.2085313 0.2223434 0.2093440 0.0000010 0.2589799 0.1544756 0.1544756 0.2158102 0.1362359 0.1897558 0.1940389 0.0857123 0.2482894 0.1189511 0.1490410 1.7822126 0.1506069 0.1346990 0.0866091 0.1307687 0.1839659 0.1292949 0.2282500 0.2037579 0.2282500 0.2282500 0.1137346 0.2088338 0.0733429 0.1149573 0.1506069 0.1506069 0.1156069 0.1492365 0.1346990 0.1618553 0.1120129 0.1551822 0.1524354 0.1362359 0.1274806 0.1886475 0.1292949 0.1506069 0.1886475 0.1346990 
ERR2789774    0.5107726 0.3344176 0.3973125 0.0978556 0.1028999 0.0000000 0.1569114 0.0663301 0.1114041 0.1236478 0.1090871 0.0663614 0.1222435 0.0928194 0.0467112 0.1486408 0.1814920 0.1434305 0.1032985 0.1026221 0.0971429 0.0675540 0.0799768 0.0763932 0.1237218 0.0896734 0.0944524 0.0768508 0.0606813 0.1099897 0.1320802 0.1067472 0.1200748 0.0671766 0.1572180 0.1317587 0.1007861 0.0562373 0.1303422 0.0982960 0.1011677 0.0856277 0.0902513 0.1252000 0.1156609 0.0734818 0.1333152 0.1201352 0.0824841 0.1019910 0.0904032 0.0666380 0.0833112 0.0801355 0.1379643 0.0824004 0.1089600 0.1540146 0.1522589 0.0868685 0.0702755 0.1229050 0.1322475 0.1121768 0.1078647 0.0795100 0.1114278 0.1083571 0.0878535 0.1415438 0.1225055 0.1210100 0.1207702 0.1279418 0.0834466 0.0955222 0.1286686 0.0797504 0.1254545 0.0738744 0.0960106 0.1194916 0.0625131 0.0683656 0.0701361 0.1062151 0.1176354 0.1047356 0.1320048 0.1280305 0.1005960 0.1294817 0.0696242 0.1309710 0.0987135 0.1111145 0.0596782 0.0596337 0.0604103 0.1143510 0.0664874 0.0850259 0.1136494 0.1121949 0.0794616 0.0801355 0.1235669 0.1064973 0.1139575 0.0628381 0.1182551 0.0661582 
PAFTOL_019361 0.3797649 0.2447500 0.3164724 0.1794843 0.3205168 0.1569114 0.0000000 0.1406942 0.1597913 0.1901549 0.1675440 0.1449399 0.2026955 0.2027726 0.1119314 0.2200720 0.2384451 0.1817685 0.1776113 0.1899230 0.2011492 0.1571045 0.1629510 0.1488724 0.1895551 0.2112074 0.1648015 0.1277743 0.1494159 0.1837221 0.1787373 0.1925511 0.1721987 0.1627306 0.1935314 0.1997923 0.1607670 0.1392044 0.2236270 0.1618950 0.1845155 0.1861760 0.1367479 0.1768783 0.1734906 0.1733292 0.1714838 0.1883893 0.1312189 0.1652333 0.1314812 0.1457402 0.1312516 0.1277115 0.1746055 0.1328168 0.1778409 0.1866016 0.2445693 0.1658185 0.1398280 0.1889406 0.1926503 0.1881656 0.1661537 0.1796802 0.1566210 0.1700206 0.1556207 0.1938930 0.2226351 0.1804574 0.1846163 0.1648833 0.1314812 0.1559391 0.1764160 0.1585627 0.1693684 0.1576902 0.1620041 0.1642218 0.1392044 0.1405399 0.1357588 0.1816353 0.1972119 0.1811817 0.1786227 0.1891102 0.1648897 0.1784201 0.1491250 0.1857317 0.1846429 0.1945665 0.1360142 0.1322022 0.1531673 0.1752672 0.1373836 0.1643852 0.1909647 0.1876380 0.1373350 0.1277115 0.2098013 0.1338357 0.1873471 0.1400309 0.1599450 0.1355889 
S0055         0.4651913 0.2871418 0.3719635 0.0983308 0.1308247 0.0663301 0.1406942 0.0000000 0.1291954 0.1057864 0.1174738 0.0571442 0.1222168 0.1126530 0.0344809 0.1385529 0.2120126 0.1593874 0.1079254 0.1062261 0.1082700 0.0998619 0.0734199 0.0702860 0.1241223 0.1095943 0.0979337 0.0834876 0.0734589 0.1093080 0.1436842 0.1103016 0.0917981 0.0697842 0.1738297 0.1127363 0.0768294 0.0594618 0.1250295 0.1166999 0.1047101 0.0827055 0.0973219 0.1408512 0.1117299 0.0700556 0.1367592 0.1192374 0.0759533 0.0818121 0.0901974 0.0606429 0.0900497 0.0868290 0.1228611 0.0887369 0.1278971 0.1617310 0.1565178 0.1006851 0.0637029 0.1078340 0.1204864 0.1014164 0.0858764 0.0805029 0.1156901 0.1045081 0.0947638 0.1780186 0.1476925 0.1148257 0.1184278 0.1204549 0.0901974 0.1061257 0.1208310 0.0799527 0.1487250 0.0641233 0.0892512 0.1062392 0.0566511 0.0626358 0.0696032 0.1098553 0.1214083 0.1083163 0.1435992 0.1405269 0.0907624 0.1006538 0.0603268 0.1548400 0.0989916 0.1186210 0.0538244 0.0507936 0.0241223 0.1036800 0.0508025 0.0845102 0.1302525 0.1164869 0.0665791 0.0868290 0.1182907 0.0886922 0.1137726 0.0569446 0.1188329 0.0479724 
S0196sl       0.4986107 0.3455689 0.4053430 0.1250171 0.0966271 0.1114041 0.1597913 0.1291954 0.0000000 0.1505424 0.0820514 0.1238856 0.1444456 0.1088042 0.0957743 0.1799143 0.1650867 0.1189072 0.0891086 0.1307105 0.1342379 0.0859658 0.0890978 0.1235613 0.1415610 0.0967155 0.1276691 0.0313473 0.0943563 0.1005806 0.1195024 0.1252251 0.1176259 0.1394408 0.1553124 0.1460670 0.1449004 0.1065050 0.1499100 0.1371913 0.1325223 0.0898504 0.0624935 0.1207941 0.1481775 0.1236347 0.1165204 0.0821841 0.1217210 0.1059080 0.0349109 0.1193154 0.0312994 0.0280885 0.1417850 0.0606638 0.1424205 0.1388820 0.1377916 0.0959689 0.0859162 0.1022895 0.1255402 0.1127100 0.0996643 0.0845488 0.0664809 0.1435556 0.1067282 0.1615942 0.1392006 0.1286288 0.1283248 0.1481643 0.0313523 0.1244094 0.1285621 0.0933439 0.1286808 0.1437776 0.1166848 0.1566132 0.1100096 0.1315455 0.0899292 0.1376210 0.1441321 0.1328235 0.1152980 0.1624407 0.1190554 0.1329110 0.1201559 0.1261186 0.1171494 0.1352324 0.1103198 0.1063728 0.1083716 0.1391465 0.1328451 0.1150056 0.1383619 0.1363453 0.1367590 0.0280885 0.1095031 0.0794881 0.1407398 0.1068340 0.0735902 0.1152988 
S0278         0.4895400 0.3475516 0.4089226 0.1254490 0.1459648 0.1236478 0.1901549 0.1057864 0.1505424 0.0000000 0.0952055 0.1050681 0.1280868 0.1679796 0.0916180 0.0533900 0.1688743 0.1516455 0.0660161 0.1178579 0.1250550 0.1316980 0.1313569 0.1249388 0.0412830 0.1738693 0.0484852 0.0974793 0.1071467 0.0372405 0.1427155 0.0521669 0.1347051 0.1162206 0.1534739 0.0418328 0.1263971 0.1009075 0.0643868 0.0992381 0.0726496 0.1512159 0.1068217 0.1246089 0.1072944 0.1195324 0.1443652 0.1299627 0.1114055 0.1168056 0.1108523 0.1203064 0.0969905 0.0974793 0.1575011 0.0970292 0.0983069 0.1595225 0.1092285 0.0807195 0.1009707 0.1243080 0.1535916 0.1333636 0.1204873 0.1232421 0.1343387 0.1333450 0.0936686 0.1377841 0.1543791 0.1558436 0.1558643 0.1264514 0.1017551 0.1212914 0.1557280 0.1203079 0.1311545 0.1247705 0.1045446 0.1267695 0.1099183 0.1102066 0.0980663 0.0339072 0.0771537 0.0799372 0.1426134 0.0982193 0.1086369 0.1381825 0.1103991 0.1557221 0.1331851 0.1099361 0.1146373 0.0974488 0.1102596 0.1286354 0.1110617 0.0750602 0.1498011 0.1156199 0.1208651 0.0974793 0.0377410 0.1187666 0.0856373 0.1018918 0.1432245 0.1058581 
S0281         0.5029630 0.3338745 0.3934951 0.1062308 0.1556342 0.1090871 0.1675440 0.1174738 0.0820514 0.0952055 0.0000000 0.1316590 0.1267856 0.2018557 0.1037899 0.1466133 0.1721828 0.1195640 0.1302603 0.1118243 0.1102969 0.1297104 0.1370001 0.1155558 0.1215601 0.1411209 0.1165806 0.0420066 0.1017155 0.1011313 0.1126903 0.1257150 0.1206249 0.1356321 0.1364678 0.1413391 0.1431809 0.1161482 0.1359751 0.1277596 0.1136086 0.1492412 0.0672465 0.1140878 0.1383429 0.1177516 0.1137114 0.1412695 0.1189327 0.1024655 0.0542080 0.1323507 0.0479200 0.0449880 0.1403523 0.0657300 0.1266167 0.1221353 0.1717485 0.0911423 0.0875391 0.1232506 0.1242021 0.1207031 0.1080428 0.1309089 0.0600105 0.1455403 0.0953073 0.1678578 0.1382923 0.1247224 0.1244702 0.1440087 0.0479932 0.1251201 0.1259748 0.0981204 0.1101798 0.1423224 0.1001054 0.1475689 0.1192400 0.1262116 0.0840975 0.1254899 0.1270771 0.1176407 0.1126304 0.1393685 0.0394600 0.0624350 0.1283766 0.1186895 0.1077270 0.1154755 0.1231917 0.1160210 0.1067535 0.1115671 0.1244740 0.0902089 0.1268603 0.1205641 0.1370702 0.0449880 0.0997058 0.0606497 0.1313314 0.1199239 0.0660738 0.1166701 
S0282         0.4700003 0.3320726 0.4006766 0.0833572 0.1314596 0.0663614 0.1449399 0.0571442 0.1238856 0.1050681 0.1316590 0.0000000 0.1073810 0.0558443 0.0167883 0.1349785 0.1947136 0.1291852 0.0957415 0.0867153 0.1399754 0.0834573 0.0301061 0.0359042 0.1113817 0.1130908 0.0899171 0.0829764 0.0543741 0.0897978 0.1271959 0.0887305 0.1081754 0.0795915 0.1550652 0.1153727 0.0572281 0.0186250 0.1215220 0.0912353 0.0921822 0.0460726 0.0824462 0.1206824 0.1076177 0.0798670 0.1205139 0.1234399 0.0384611 0.1018854 0.0829866 0.0160889 0.0828528 0.0796961 0.1302199 0.0781512 0.1017038 0.1358403 0.1328721 0.0716394 0.0599437 0.1177221 0.1309757 0.1286052 0.1034594 0.0499977 0.0970992 0.1072648 0.0875350 0.1127873 0.1243265 0.1286220 0.1322836 0.1266151 0.0829866 0.1018261 0.1283334 0.0794685 0.1167298 0.0545420 0.0887009 0.0987996 0.0131744 0.0439891 0.0761845 0.1013822 0.1006993 0.0926403 0.1271250 0.1133210 0.1025397 0.1132951 0.0132110 0.1292254 0.0983497 0.1039099 0.0105392 0.0132241 0.0600439 0.1065484 0.0327626 0.0636008 0.1214277 0.0947442 0.0477366 0.0796961 0.0975175 0.1017962 0.0859719 0.0132376 0.1074308 0.0326153 
S0292         0.5175835 0.3444490 0.4155629 0.1074165 0.1656993 0.1222435 0.2026955 0.1222168 0.1444456 0.1280868 0.1267856 0.1073810 0.0000000 0.1575132 0.0837760 0.1731969 0.2154561 0.1460447 0.1359753 0.0949904 0.1086601 0.1249121 0.1190606 0.1287429 0.1302562 0.1744274 0.1113097 0.0925114 0.0870612 0.1168515 0.1347236 0.1386070 0.1080584 0.1516837 0.1598230 0.1328282 0.1282205 0.1068980 0.1275373 0.1182258 0.1293975 0.1423558 0.0930006 0.1281412 0.1303501 0.1414377 0.1279574 0.1158295 0.1103939 0.1053129 0.0992928 0.1048548 0.0991302 0.0958881 0.1387172 0.0886268 0.1219085 0.1560718 0.1844322 0.1077776 0.0725381 0.1186995 0.1261590 0.1243954 0.1028578 0.1328619 0.1288857 0.1371096 0.0968009 0.1538251 0.1574915 0.1232983 0.1268897 0.1473931 0.0992928 0.1317023 0.1255839 0.0890964 0.1391724 0.1159736 0.0441966 0.1506699 0.1026429 0.1110252 0.0855787 0.1234030 0.1428999 0.1375646 0.1346467 0.1417239 0.0918752 0.1019225 0.1110680 0.1453761 0.1013225 0.0244051 0.0996531 0.1030990 0.1218296 0.0543291 0.1006328 0.1133254 0.0268880 0.0160697 0.1198898 0.0958881 0.1115111 0.1120001 0.1274721 0.1032085 0.1320323 0.1000886 
S0293         0.5542353 0.3900598 0.5313093 0.1370912 0.0000010 0.0928194 0.2027726 0.1126530 0.1088042 0.1679796 0.2018557 0.0558443 0.1575132 0.0000000 0.0539246 0.2113895 0.2654677 0.1936526 0.0885456 0.1519518 0.2574943 0.0616382 0.0216080 0.0605765 0.1448768 0.0845953 0.1313867 0.1236456 0.0880148 0.1033739 0.1972425 0.1151819 0.1761647 0.1224991 0.2137995 0.1727781 0.0890777 0.0506114 0.1803170 0.1390546 0.1420344 0.0215246 0.1166553 0.1970221 0.1384488 0.1172894 0.1838805 0.1231718 0.0868885 0.1661713 0.1237857 0.0508805 0.1233208 0.1176900 0.2006542 0.1096136 0.1590275 0.2135334 0.1469092 0.0857885 0.1244248 0.1636140 0.2088185 0.1834100 0.1664205 0.0420127 0.1501229 0.1331390 0.1188199 0.1731983 0.1691787 0.2089640 0.2147102 0.1578683 0.1236672 0.1330180 0.1851117 0.1162709 0.1700600 0.0947080 0.1405295 0.1454150 0.0455800 0.1032647 0.1056106 0.1462727 0.1254336 0.1424417 0.1900108 0.1695609 1.7694477 1.7694477 0.0458177 0.2100131 0.1504682 0.1624852 0.0457529 0.0456826 0.1007554 0.1656923 0.0878443 0.1188076 0.1737460 0.1576481 0.0978450 0.1176900 0.0908513 0.2450280 0.1453294 0.0411919 0.1631735 0.0766302 
S0294         0.4182794 0.2697498 0.3376777 0.0705281 0.1249654 0.0467112 0.1119314 0.0344809 0.0957743 0.0916180 0.1037899 0.0167883 0.0837760 0.0539246 0.0000000 0.1105843 0.1559130 0.1096020 0.0785654 0.0779525 0.0905049 0.0561334 0.0315563 0.0376382 0.0878530 0.0797971 0.0700670 0.0567897 0.0408904 0.0765419 0.1056800 0.0760577 0.0743889 0.0597896 0.1338972 0.0873518 0.0470688 0.0194604 0.1000374 0.0642880 0.0840840 0.0451789 0.0599240 0.1021710 0.0797699 0.0597792 0.0954458 0.0870740 0.0342802 0.0680947 0.0600296 0.0197313 0.0599319 0.0567897 0.1006514 0.0516580 0.0778784 0.1118793 0.1246622 0.0700365 0.0467474 0.0853661 0.0951041 0.0854566 0.0680904 0.0391614 0.0842190 0.0729199 0.0636235 0.1024904 0.1041404 0.0969898 0.1005889 0.0942381 0.0600296 0.0738781 0.0989695 0.0597326 0.0965818 0.0318284 0.0657358 0.0851138 0.0166040 0.0370083 0.0564726 0.0850753 0.0917920 0.0840509 0.1056236 0.0821913 0.0870676 0.0972433 0.0225912 0.1162392 0.0708535 0.0803481 0.0138364 0.0110265 0.0437667 0.0831047 0.0254779 0.0621428 0.0832115 0.0775343 0.0404834 0.0567897 0.0973966 0.0712397 0.0851025 0.0166880 0.0909607 0.0224554 
S0299         0.5497710 0.3209454 0.4547194 0.1567636 0.1456147 0.1486408 0.2200720 0.1385529 0.1799143 0.0533900 0.1466133 0.1349785 0.1731969 0.2113895 0.1105843 0.0000000 0.2438627 0.1865821 0.0785997 0.1536391 0.1358108 0.1730218 0.1498346 0.1481900 0.0630025 0.2056126 0.0636568 0.1251339 0.1301792 0.0733606 0.1787800 0.0903431 0.1397130 0.1563399 0.1776862 0.0609627 0.1552470 0.1280437 0.0576293 0.1110906 0.0763560 0.1677057 0.1217885 0.1624420 0.1437776 0.1668964 0.1805768 0.1727910 0.1402123 0.1289154 0.1408739 0.1449417 0.1283667 0.1289018 0.1812965 0.1138075 0.1254508 0.1808229 0.1212288 0.1059409 0.1274060 0.1479651 0.2001559 0.1532554 0.1371818 0.1528948 0.1619063 0.1704494 0.1246215 0.1727258 0.1645059 0.1649793 0.1645761 0.1692145 0.1327009 0.1563829 0.1951028 0.1351599 0.1498917 0.1501503 0.1424057 0.1588173 0.1311969 0.1210234 0.1164877 0.0668173 0.0833268 0.0855312 0.1786634 0.1255736 0.1130135 0.1441063 0.1229074 0.1638221 0.1586880 0.1507378 0.1353075 0.1204720 0.1462597 0.1547245 0.1252870 0.1011208 0.1935001 0.1665697 0.1499120 0.1289018 0.0541878 0.1654586 0.0758904 0.1319653 0.1696070 0.1320800 
S0303         0.6522949 0.3976050 0.5223005 0.2063149 0.2063976 0.1814920 0.2384451 0.2120126 0.1650867 0.1688743 0.1721828 0.1947136 0.2154561 0.2654677 0.1559130 0.2438627 0.0000000 0.1006248 0.2092645 0.1974592 0.3034719 0.1675213 0.2099339 0.1899581 0.1863213 0.1716538 0.1743907 0.1374710 0.1562672 0.1408100 0.0524552 0.2014542 0.2136488 0.1962405 0.0992168 0.2067094 0.2024231 0.1814400 0.2094335 0.1942332 0.1900297 0.2280289 0.1502789 0.0465396 0.1992406 0.1926780 0.0529176 0.2057791 0.1724540 0.2000642 0.1515157 0.1924409 0.1421030 0.1381562 0.2268405 0.1463430 0.2052704 0.1249023 0.2458283 0.1150592 0.1598385 0.1889914 0.2245688 0.2050047 0.1918995 0.2204377 0.1621924 0.2181634 0.1653497 0.1519343 0.1367685 0.2161357 0.2154423 0.2296846 0.1423775 0.1864309 0.2161613 0.1795631 0.1069991 0.2316610 0.1817300 0.2428952 0.1851598 0.2036993 0.1618880 0.1875218 0.2000197 0.1964320 0.0524326 0.2077569 0.0405961 0.0591631 0.1979555 0.1123645 0.2026072 0.1999412 0.1904115 0.1812044 0.1881717 0.1970245 0.2108263 0.1260938 0.1918193 0.2030577 0.1965996 0.1381562 0.1467426 0.2182271 0.1919505 0.1864407 0.1706335 0.2000236 
S0308         0.5151566 0.3032399 0.3985425 0.1310493 0.2339465 0.1434305 0.1817685 0.1593874 0.1189072 0.1516455 0.1195640 0.1291852 0.1460447 0.1936526 0.1096020 0.1865821 0.1006248 0.0000000 0.1411231 0.1410086 0.1810278 0.1406048 0.1433596 0.1327604 0.1369198 0.1839630 0.1372174 0.0923795 0.1194113 0.1124205 0.0418732 0.1409062 0.1619672 0.1624918 0.0725514 0.1743639 0.1453268 0.1222844 0.1693451 0.1309235 0.1323494 0.1564855 0.0950492 0.0423424 0.1401375 0.1556093 0.0422059 0.1326436 0.1271061 0.1507550 0.0994566 0.1386455 0.0922402 0.0890411 0.1776780 0.0907510 0.1424471 0.0705215 0.1648100 0.0907354 0.1069067 0.1653662 0.1844988 0.1602621 0.1462255 0.1508203 0.1207560 0.1365464 0.1186620 0.0664624 0.0979775 0.1676862 0.1672729 0.1449366 0.0923904 0.1264349 0.1768801 0.1229568 0.0602702 0.1741608 0.1353837 0.1388695 0.1253722 0.1516481 0.1149592 0.1424488 0.1347999 0.1327553 0.0360578 0.1476351 0.0326144 0.0550158 0.1346345 0.0515914 0.1414205 0.1417545 0.1293570 0.1221511 0.1437404 0.1475450 0.1494111 0.1097824 0.1579009 0.1396915 0.1514683 0.0890411 0.1220960 0.1318068 0.1355838 0.1226255 0.1249768 0.1411661 
S0327         0.5203651 0.3416579 0.4128541 0.1184299 0.1464654 0.1032985 0.1776113 0.1079254 0.0891086 0.0660161 0.1302603 0.0957415 0.1359753 0.0885456 0.0785654 0.0785997 0.2092645 0.1411231 0.0000000 0.1232917 0.1480775 0.0898475 0.0740403 0.1117764 0.0514557 0.1574908 0.0364153 0.0913389 0.0956363 0.0249536 0.1434002 0.0515476 0.1217174 0.1276251 0.1648783 0.0707542 0.1279749 0.0851213 0.0683319 0.0615074 0.0647370 0.0897169 0.0918399 0.1319069 0.1134085 0.1218564 0.1407971 0.0921758 0.1030095 0.1111386 0.0950166 0.0999888 0.0875683 0.0879297 0.1529212 0.0902055 0.0680699 0.1517290 0.0788128 0.0539598 0.0947416 0.1328934 0.1627151 0.1316389 0.1101257 0.0832371 0.1250480 0.1306371 0.0921095 0.1341044 0.1433596 0.1514349 0.1510788 0.1404672 0.0913500 0.1100480 0.1640571 0.1019823 0.1201590 0.1229482 0.1152213 0.1267816 0.0881331 0.1031950 0.0916912 0.0425332 0.0685155 0.0674331 0.1433136 0.0817766 0.1425321 0.1773282 0.0925814 0.1403013 0.1230868 0.1242520 0.0883493 0.0850309 0.1037181 0.1313293 0.0997310 0.0652911 0.1505780 0.1296077 0.1155710 0.0879297 0.0375057 0.1426221 0.0757762 0.0886241 0.1322124 0.0993862 
S0335         0.4812631 0.2891517 0.4066893 0.0387205 0.0333594 0.1026221 0.1899230 0.1062261 0.1307105 0.1178579 0.1118243 0.0867153 0.0949904 0.1519518 0.0779525 0.1536391 0.1974592 0.1410086 0.1232917 0.0000000 0.0494501 0.1141833 0.1069109 0.1139250 0.1197075 0.1550455 0.1010504 0.0777031 0.0773466 0.1161886 0.1243129 0.1144412 0.1014744 0.1065371 0.1540589 0.1324330 0.1142344 0.0949966 0.1392831 0.1144235 0.0831801 0.1296874 0.0876589 0.1138547 0.1207755 0.1141299 0.1176109 0.1184269 0.0915354 0.0912839 0.0843888 0.1027339 0.0842503 0.0810323 0.1371961 0.0829268 0.1182058 0.1466497 0.1346718 0.0912658 0.0574991 0.1066207 0.1235762 0.1167188 0.0965852 0.1194915 0.1062145 0.1294296 0.1055225 0.1337212 0.1487111 0.1216030 0.1252370 0.1301726 0.0843888 0.1154545 0.1126218 0.0574952 0.1340453 0.1005600 0.0767429 0.1212572 0.0908575 0.1095501 0.0606323 0.1140951 0.1019598 0.0903136 0.1242438 0.1383728 0.1123244 0.1236348 0.0835467 0.1398224 0.0244310 0.0838991 0.0945045 0.0912636 0.0990270 0.0870138 0.0882649 0.0859177 0.1112143 0.0924848 0.1185305 0.0810323 0.1043221 0.0898714 0.0914018 0.0913614 0.1093616 0.0882319 
S0345         0.5664610 0.3550354 0.4638942 0.0691523 0.0733429 0.0971429 0.2011492 0.1082700 0.1342379 0.1250550 0.1102969 0.1399754 0.1086601 0.2574943 0.0905049 0.1358108 0.3034719 0.1810278 0.1480775 0.0494501 0.0000000 0.1048814 0.1612958 0.1418875 0.1375141 0.1877551 0.1193032 0.0804013 0.0908221 0.1428059 0.1529755 0.1414150 0.0972563 0.1176599 0.1939316 0.1508458 0.1407502 0.1139424 0.1483625 0.1283771 0.1208401 0.1852743 0.0915871 0.1404112 0.1384338 0.1036224 0.1618613 0.1146745 0.1213699 0.0804859 0.0967905 0.1332937 0.0856960 0.0856960 0.1454478 0.0864168 0.1404083 0.1719281 0.1920902 0.1119428 0.0751433 0.1119812 0.1192197 0.0805238 0.0849290 0.1618767 0.1151246 0.1524583 0.1325888 0.1597631 0.1701913 0.1209951 0.1151069 0.1531296 0.0856960 0.1292922 0.1274096 0.0589771 0.1530858 0.1173939 0.0850978 0.1484614 0.1201027 0.1089853 0.0536543 0.1530356 0.1335760 0.1192535 0.1592186 0.1825868 0.1241247 0.1569562 0.1200721 0.1428903 0.0346775 0.0849224 0.1206620 0.1146720 0.1091567 0.0904906 0.1044266 0.1321022 0.1170693 0.0929187 0.1473398 0.0856960 0.0904034 0.1082620 0.1371303 0.1261990 0.1203591 0.1041899 
S0376         0.4805668 0.3333148 0.4302232 0.1083185 0.0780870 0.0675540 0.1571045 0.0998619 0.0859658 0.1316980 0.1297104 0.0834573 0.1249121 0.0616382 0.0561334 0.1730218 0.1675213 0.1406048 0.0898475 0.1141833 0.1048814 0.0000000 0.0704625 0.1001976 0.1237044 0.0579811 0.1021048 0.0785273 0.0385446 0.0948483 0.1331193 0.1082812 0.1239099 0.0958429 0.1475013 0.1323742 0.1044048 0.0748832 0.1357962 0.1109246 0.1145104 0.0644302 0.0788347 0.1247547 0.1265046 0.0864592 0.1301578 0.0876537 0.0863221 0.1077307 0.0942858 0.0759379 0.0860175 0.0823355 0.1309516 0.0696665 0.1241648 0.1533944 0.1526518 0.0959540 0.0791379 0.1037911 0.1219171 0.1143600 0.1043726 0.0663176 0.1199887 0.1306316 0.0868305 0.1365305 0.1458848 0.1302461 0.1299326 0.1454672 0.0861793 0.1195964 0.1249231 0.0900878 0.1341659 0.0767074 0.1019404 0.1360940 0.0748832 0.0904218 0.0716537 0.1112424 0.1340156 0.1231616 0.1287601 0.1342209 0.1564830 0.1716310 0.0837498 0.1442446 0.1051991 0.1118363 0.0713686 0.0714228 0.0802056 0.1237712 0.0759429 0.1036240 0.1147719 0.1095078 0.0905342 0.0823355 0.1043929 0.1526803 0.1306594 0.0717105 0.1280832 0.0718425 
S0400         0.5262299 0.3614658 0.4168667 0.0989428 0.1506069 0.0799768 0.1629510 0.0734199 0.0890978 0.1313569 0.1370001 0.0301061 0.1190606 0.0216080 0.0315563 0.1498346 0.2099339 0.1433596 0.0740403 0.1069109 0.1612958 0.0704625 0.0000000 0.0450115 0.1248225 0.1218911 0.1022105 0.0871341 0.0641874 0.0820583 0.1414477 0.1008199 0.1239746 0.0950162 0.1708930 0.1290574 0.0670882 0.0243806 0.1358075 0.0956409 0.1125362 0.0190833 0.0901462 0.1346790 0.1193518 0.0902824 0.1306259 0.0925472 0.0417117 0.1175013 0.0841662 0.0302153 0.0870021 0.0837875 0.1464250 0.0822935 0.1063403 0.1467229 0.1172671 0.0637269 0.0769025 0.1405968 0.1440297 0.1476643 0.1162162 0.0338984 0.1015832 0.1189545 0.0986026 0.1363039 0.1385232 0.1413708 0.1451523 0.1391517 0.0871448 0.1134811 0.1451659 0.0835469 0.1304853 0.0707074 0.0995591 0.1191971 0.0214486 0.0563736 0.0801978 0.1106167 0.1183614 0.1131161 0.1413637 0.1144258 0.1501603 0.1633748 0.0273445 0.1437950 0.1029159 0.1154717 0.0214972 0.0215320 0.0733639 0.1181260 0.0475616 0.0815109 0.1350404 0.1130688 0.0604875 0.0837875 0.0894745 0.1206612 0.1059203 0.0215538 0.1121360 0.0415131 
S0405         0.5229086 0.3094047 0.4039569 0.1085419 0.1997816 0.0763932 0.1488724 0.0702860 0.1235613 0.1249388 0.1155558 0.0359042 0.1287429 0.0605765 0.0376382 0.1481900 0.1899581 0.1327604 0.1117764 0.1139250 0.1418875 0.1001976 0.0450115 0.0000000 0.1235831 0.1179853 0.1012874 0.0894089 0.0770105 0.1145312 0.1307994 0.0972263 0.1349458 0.0980595 0.1509888 0.1309105 0.0607089 0.0327938 0.1343728 0.0994004 0.1122784 0.0558409 0.0923911 0.1324455 0.1029815 0.0838414 0.1240796 0.1400930 0.0413019 0.1246903 0.0894196 0.0360371 0.0892745 0.0860841 0.1500051 0.0846453 0.1101931 0.1395398 0.1529616 0.0919143 0.0900559 0.1527818 0.1557189 0.1515799 0.1276283 0.0666282 0.0968652 0.1026482 0.0999363 0.1320697 0.1204914 0.1528187 0.1566530 0.1215299 0.0894196 0.1042052 0.1490029 0.0968972 0.1202628 0.0736742 0.1089088 0.0981662 0.0270550 0.0653711 0.0800745 0.1133049 0.1135451 0.1087684 0.1307256 0.1297927 0.0848427 0.0947013 0.0331148 0.1253209 0.1098514 0.1251253 0.0299411 0.0271614 0.0734032 0.1277432 0.0536299 0.0940808 0.1334457 0.1157678 0.0697093 0.0860841 0.1187134 0.0899239 0.1056927 0.0271889 0.1071744 0.0474680 
S0407sl       0.5299144 0.3346128 0.4223513 0.1226950 0.1274806 0.1237218 0.1895551 0.1241223 0.1415610 0.0412830 0.1215601 0.1113817 0.1302562 0.1448768 0.0878530 0.0630025 0.1863213 0.1369198 0.0514557 0.1197075 0.1375141 0.1237044 0.1248225 0.1235831 0.0000000 0.1639341 0.0384670 0.0938632 0.1087777 0.0359141 0.1384173 0.0563579 0.1259190 0.1331579 0.1467823 0.0571477 0.1300164 0.1047991 0.0541270 0.0740406 0.0537057 0.1488620 0.0975579 0.1273795 0.1147595 0.1352669 0.1397127 0.1282420 0.1196599 0.1120922 0.1010668 0.1203877 0.0900999 0.0904679 0.1487710 0.0896344 0.0808911 0.1470734 0.0996803 0.0670955 0.1041747 0.1285629 0.1732733 0.1360295 0.1145265 0.1387874 0.1274336 0.1286004 0.1005514 0.1308480 0.1343835 0.1512289 0.1508821 0.1222381 0.0938744 0.1225471 0.1686046 0.1069480 0.1130182 0.1361138 0.1172143 0.1175490 0.1078388 0.1236303 0.0797760 0.0413633 0.0539854 0.0563395 0.1383374 0.0850804 0.1018753 0.1311511 0.1001761 0.1395814 0.1241681 0.1176625 0.1116498 0.1046864 0.1239901 0.1316516 0.1124376 0.0671973 0.1521769 0.1314865 0.1359486 0.0904679 0.0143348 0.1342686 0.0639839 0.1084464 0.1345478 0.1159293 
S0412sl       0.5616468 0.3446207 0.4728919 0.1442200 0.1539966 0.0896734 0.2112074 0.1095943 0.0967155 0.1738693 0.1411209 0.1130908 0.1744274 0.0845953 0.0797971 0.2056126 0.1716538 0.1839630 0.1574908 0.1550455 0.1877551 0.0579811 0.1218911 0.1179853 0.1639341 0.0000000 0.1454609 0.1106617 0.0984912 0.1661629 0.1776516 0.1592528 0.1668322 0.0982563 0.1814824 0.1731615 0.1383938 0.0962271 0.1865234 0.1662796 0.1535111 0.1125124 0.1172955 0.1687464 0.1798992 0.0862885 0.1795758 0.1612018 0.1168639 0.1497114 0.1268146 0.1022892 0.1182319 0.1145388 0.1848309 0.1089855 0.1806697 0.1906907 0.2180525 0.1627736 0.1186907 0.1351027 0.1786594 0.1062492 0.1450014 0.1144654 0.1432924 0.1749889 0.1311805 0.1247818 0.1903327 0.1737983 0.1733211 0.1989569 0.1184499 0.1639134 0.1691139 0.1164342 0.1788578 0.1236119 0.1377467 0.1942804 0.1006622 0.1041154 0.1108516 0.1606705 0.1782922 0.1619992 0.1775270 0.1919764 0.2559951 0.2717664 0.1096945 0.1862040 0.1456826 0.1606858 0.1046312 0.0973470 0.0923626 0.1602525 0.1095351 0.1469721 0.1139228 0.1633761 0.1164735 0.1145388 0.1715592 0.2056784 0.1744784 0.0973040 0.1568082 0.1016092 
S0417         0.5486455 0.3041257 0.4222792 0.1120262 0.1637095 0.0944524 0.1648015 0.0979337 0.1276691 0.0484852 0.1165806 0.0899171 0.1113097 0.1313867 0.0700670 0.0636568 0.1743907 0.1372174 0.0364153 0.1010504 0.1193032 0.1021048 0.1022105 0.1012874 0.0384670 0.1454609 0.0000000 0.0830484 0.0871129 0.0284732 0.1183288 0.0440006 0.1228900 0.1049802 0.1474168 0.0504021 0.1096006 0.0836101 0.0480789 0.0578748 0.0476174 0.1166981 0.0864413 0.1078406 0.0997859 0.1122869 0.1193958 0.1086646 0.0941859 0.1124775 0.0967771 0.0981441 0.0860219 0.0863707 0.1373240 0.0817723 0.0672221 0.1509389 0.0995897 0.0543206 0.0863214 0.1254743 0.1511437 0.1327847 0.1072416 0.1070045 0.1189853 0.1131419 0.0729660 0.1261426 0.1346458 0.1324484 0.1321683 0.1252324 0.0897199 0.1001620 0.1523432 0.0932730 0.1129721 0.1132413 0.0889964 0.1031144 0.0865652 0.0943494 0.0797008 0.0243406 0.0539253 0.0562778 0.1182654 0.0777546 0.0926167 0.1207296 0.0868573 0.1360041 0.1052141 0.1004876 0.0901320 0.0835230 0.0978443 0.1104416 0.0910096 0.0596211 0.1220069 0.1052217 0.1056126 0.0863707 0.0373124 0.1191171 0.0639152 0.0870382 0.1259394 0.0907065 
S0419         0.4503939 0.2759264 0.3560948 0.0737961 0.1362359 0.0768508 0.1277743 0.0834876 0.0313473 0.0974793 0.0420066 0.0829764 0.0925114 0.1236456 0.0567897 0.1251339 0.1374710 0.0923795 0.0913389 0.0777031 0.0804013 0.0785273 0.0871341 0.0894089 0.0938632 0.1106617 0.0830484 0.0000000 0.0570129 0.0901146 0.0859803 0.0914473 0.0761469 0.1023615 0.1075919 0.1077505 0.0916350 0.0696279 0.1060646 0.0935481 0.0797941 0.1039993 0.0271266 0.0836443 0.1098169 0.0835991 0.0867140 0.0931169 0.0787237 0.0668229 0.0105187 0.0833441 0.0052018 0.0025947 0.1050144 0.0249083 0.0970294 0.0977516 0.1347318 0.0854330 0.0447058 0.0792681 0.0890066 0.0827719 0.0602784 0.0840954 0.0356592 0.1165058 0.0699525 0.1062526 0.1018641 0.0841016 0.0839714 0.1146918 0.0052090 0.0938564 0.0862624 0.0537907 0.0834807 0.1022418 0.0686642 0.1043048 0.0724992 0.0891518 0.0506915 0.0942097 0.1020674 0.0904273 0.0859401 0.1085637 0.0531643 0.0771542 0.0799592 0.0910394 0.0676614 0.0823365 0.0758736 0.0695576 0.0704873 0.0853581 0.0831453 0.0718710 0.0967190 0.0866252 0.1009201 0.0025947 0.0933244 0.0312166 0.0951491 0.0728834 0.0413593 0.0699044 
S0427         0.4712080 0.3273516 0.3934210 0.0803604 0.1169346 0.0606813 0.1494159 0.0734589 0.0943563 0.1071467 0.1017155 0.0543741 0.0870612 0.0880148 0.0408904 0.1301792 0.1562672 0.1194113 0.0956363 0.0773466 0.0908221 0.0385446 0.0641874 0.0770105 0.1087777 0.0984912 0.0871129 0.0570129 0.0000000 0.0913054 0.1086884 0.0916843 0.0968283 0.0879041 0.1321490 0.1020190 0.0772271 0.0541421 0.1077762 0.0911374 0.0903559 0.0829841 0.0634253 0.0986080 0.1004047 0.0730770 0.1021981 0.1086369 0.0634468 0.0902218 0.0632215 0.0517368 0.0631229 0.0601049 0.1130862 0.0552535 0.1015915 0.1210726 0.1436613 0.0814476 0.0511749 0.1061048 0.0983502 0.1110651 0.0881971 0.0736550 0.0899205 0.1106029 0.0742954 0.1148481 0.1221778 0.1055843 0.1090651 0.1229755 0.0632215 0.1051748 0.0990488 0.0633034 0.1061787 0.0713814 0.0694631 0.1046892 0.0507380 0.0664131 0.0604242 0.0985367 0.1099001 0.1014062 0.1086316 0.1131913 0.0767186 0.0861978 0.0575469 0.1145444 0.0705205 0.0837312 0.0479232 0.0509473 0.0669845 0.0863877 0.0605838 0.0806270 0.0943972 0.0812397 0.0742919 0.0601049 0.0946042 0.0940097 0.1026425 0.0509997 0.0929418 0.0602865 
S0428sl       0.5065678 0.3348742 0.4254597 0.1099226 0.1623639 0.1099897 0.1837221 0.1093080 0.1005806 0.0372405 0.1011313 0.0897978 0.1168515 0.1033739 0.0765419 0.0733606 0.1408100 0.1124205 0.0249536 0.1161886 0.1428059 0.0948483 0.0820583 0.1145312 0.0359141 0.1661629 0.0284732 0.0901146 0.0913054 0.0000000 0.1229387 0.0438012 0.1294563 0.1206463 0.1385964 0.0645491 0.1163207 0.0907865 0.0560562 0.0740244 0.0600147 0.0927298 0.0954470 0.1094885 0.1097957 0.1049491 0.1192042 0.0724972 0.0957161 0.1156153 0.0994075 0.1104471 0.0896381 0.0901146 0.1330859 0.0893734 0.0692271 0.1289083 0.0652860 0.0460076 0.0901254 0.1330797 0.1543975 0.1205577 0.1093400 0.0840391 0.1332303 0.1322497 0.0817579 0.0908910 0.1391330 0.1416380 0.1416679 0.1339333 0.0945487 0.1148478 0.1574469 0.1047428 0.1055584 0.1151979 0.1067564 0.1184568 0.0946919 0.1008688 0.0906022 0.0138610 0.0688183 0.0680413 0.1181753 0.0645022 0.1127922 0.1360716 0.0951179 0.1298771 0.1272799 0.1078405 0.0991206 0.0906613 0.1038410 0.1278837 0.1054075 0.0447332 0.1387946 0.1142379 0.1118769 0.0901146 0.0256440 0.1377033 0.0731326 0.0910929 0.1376301 0.0951484 
S0430         0.5460063 0.2749284 0.4037582 0.1312566 0.2282500 0.1320802 0.1787373 0.1436842 0.1195024 0.1427155 0.1126903 0.1271959 0.1347236 0.1972425 0.1056800 0.1787800 0.0524552 0.0418732 0.1434002 0.1243129 0.1529755 0.1331193 0.1414477 0.1307994 0.1384173 0.1776516 0.1183288 0.0859803 0.1086884 0.1229387 0.0000000 0.1451446 0.1424695 0.1447410 0.0656580 0.1637150 0.1455726 0.1202345 0.1552232 0.1333029 0.1265993 0.1578955 0.0926693 0.0052508 0.1416768 0.1362446 0.0052343 0.1323363 0.1140141 0.1316168 0.0937769 0.1367054 0.0895684 0.0863643 0.1568899 0.0882952 0.1411471 0.0783100 0.1708352 0.1001914 0.0966009 0.1526245 0.1635852 0.1425950 0.1225735 0.1477235 0.1082134 0.1453807 0.1081278 0.0852235 0.0919144 0.1438138 0.1434932 0.1580564 0.0897147 0.1240627 0.1602707 0.1191503 0.0612462 0.1619470 0.1101719 0.1465746 0.1233528 0.1379718 0.1043928 0.1321682 0.1333654 0.1313129 0.0051948 0.1503924 0.0000010 0.0194756 0.1326659 0.0587248 0.1319002 0.1305595 0.1273663 0.1201016 0.1284997 0.1215768 0.1430178 0.1063847 0.1449771 0.1284188 0.1410364 0.0863643 0.1274256 0.1077060 0.1341534 0.1240668 0.1150304 0.1348313 
S0478         0.5280172 0.3399257 0.4474084 0.1173828 0.1470787 0.1067472 0.1925511 0.1103016 0.1252251 0.0521669 0.1257150 0.0887305 0.1386070 0.1151819 0.0760577 0.0903431 0.2014542 0.1409062 0.0515476 0.1144412 0.1414150 0.1082812 0.1008199 0.0972263 0.0563579 0.1592528 0.0440006 0.0914473 0.0916843 0.0438012 0.1451446 0.0000000 0.1356341 0.1258015 0.1659346 0.0785821 0.1290595 0.0825103 0.0701414 0.0698533 0.0562681 0.1184623 0.0984653 0.1340130 0.1096658 0.1209428 0.1465073 0.1288160 0.0995454 0.1214738 0.0984417 0.0968215 0.0848989 0.0881459 0.1580869 0.0946010 0.0796021 0.1669037 0.0980262 0.0582359 0.0952163 0.1354054 0.1589684 0.1432961 0.1203756 0.0981843 0.1168338 0.1163462 0.0994222 0.1381680 0.1491334 0.1497183 0.1419817 0.1285434 0.0914581 0.1104037 0.1602170 0.1089428 0.1313482 0.1182605 0.1183287 0.1064608 0.0854270 0.1134529 0.0850121 0.0534535 0.0659760 0.0588802 0.1450597 0.0902603 0.1177268 0.1483657 0.0857115 0.1515107 0.1187742 0.1271730 0.0889409 0.0824253 0.1101946 0.1304687 0.1032656 0.0514592 0.1530785 0.1324227 0.1220729 0.0881459 0.0452003 0.1293228 0.0665722 0.0794669 0.1236556 0.1029177 
S0552sl       0.5049361 0.2956310 0.4009728 0.0971485 0.1216409 0.1200748 0.1721987 0.0917981 0.1176259 0.1347051 0.1206249 0.1081754 0.1080584 0.1761647 0.0743889 0.1397130 0.2136488 0.1619672 0.1217174 0.1014744 0.0972563 0.1239099 0.1239746 0.1349458 0.1259190 0.1668322 0.1228900 0.0761469 0.0968283 0.1294563 0.1424695 0.1356341 0.0000000 0.1333668 0.1760758 0.1292079 0.1362848 0.1115012 0.1411948 0.1234008 0.1109126 0.1479296 0.0758111 0.1435260 0.1501297 0.1270402 0.1433079 0.1284820 0.1150656 0.0079359 0.0797558 0.1125632 0.0825492 0.0794015 0.0665507 0.0776629 0.1303419 0.1540910 0.1678392 0.1154755 0.0764370 0.0324392 0.0524195 0.0243378 0.0139795 0.1264447 0.1181875 0.1502531 0.0984832 0.1625040 0.1624413 0.0450050 0.0512155 0.1649620 0.0826821 0.1409606 0.0585895 0.0855676 0.1518131 0.1153953 0.0696761 0.1603117 0.1071279 0.1045599 0.0859112 0.1309731 0.1356761 0.1226214 0.1501680 0.1400612 0.1207253 0.1323792 0.1037433 0.1500744 0.0944037 0.1031211 0.1040980 0.1006235 0.0984558 0.0860972 0.0950930 0.1066573 0.1126486 0.1041510 0.1243324 0.0794015 0.1236287 0.1018880 0.1204900 0.1077281 0.1213124 0.0907363 
S0558         0.5040844 0.3118583 0.4000366 0.1173755 0.1028811 0.0671766 0.1627306 0.0697842 0.1394408 0.1162206 0.1356321 0.0795915 0.1516837 0.1224991 0.0597896 0.1563399 0.1962405 0.1624918 0.1276251 0.1065371 0.1176599 0.0958429 0.0950162 0.0980595 0.1331579 0.0982563 0.1049802 0.1023615 0.0879041 0.1206463 0.1447410 0.1258015 0.1333668 0.0000000 0.1628006 0.1296511 0.1076464 0.0730364 0.1284293 0.1266114 0.1131099 0.1048016 0.1060061 0.1376829 0.1471153 0.0817203 0.1418532 0.1326786 0.0974925 0.1185018 0.1132219 0.0874413 0.1093075 0.1059131 0.1612851 0.0979140 0.1379685 0.1617388 0.1668710 0.0922604 0.0983585 0.1413618 0.1510209 0.1306424 0.1217460 0.1020906 0.1366660 0.1392133 0.0941691 0.1621086 0.1626505 0.1481642 0.1515604 0.1570811 0.1094939 0.1297523 0.1428647 0.1016557 0.1472279 0.0740358 0.1187277 0.1502127 0.0763353 0.0730135 0.0874246 0.1257426 0.1304488 0.1168277 0.1446548 0.1478528 0.1213000 0.1211507 0.0765864 0.1574625 0.1069518 0.1363233 0.0797809 0.0764481 0.0606211 0.1273761 0.0736206 0.0816566 0.1364136 0.1446050 0.0871119 0.1059131 0.1253619 0.1330311 0.1223843 0.0767455 0.1403581 0.0737223 
S0616         0.5170178 0.2723634 0.3717434 0.1518876 0.3133937 0.1572180 0.1935314 0.1738297 0.1553124 0.1534739 0.1364678 0.1550652 0.1598230 0.2137995 0.1338972 0.1776862 0.0992168 0.0725514 0.1648783 0.1540589 0.1939316 0.1475013 0.1708930 0.1509888 0.1467823 0.1814824 0.1474168 0.1075919 0.1321490 0.1385964 0.0656580 0.1659346 0.1760758 0.1628006 0.0000000 0.1701172 0.1779313 0.1477493 0.1583949 0.1488136 0.1384248 0.1857007 0.1183551 0.0601086 0.1623896 0.1438364 0.0661945 0.1541923 0.1448026 0.1644994 0.1223025 0.1619629 0.1145039 0.1111304 0.2009412 0.1143129 0.1609974 0.0877491 0.1770427 0.1106848 0.1189983 0.1849496 0.2048523 0.1749530 0.1552515 0.1795818 0.1501549 0.1785604 0.1282866 0.0730704 0.1013651 0.1778355 0.1773776 0.1796528 0.1146974 0.1519481 0.1791390 0.1317026 0.0767826 0.1894090 0.1485172 0.1645228 0.1509735 0.1709487 0.1234384 0.1493647 0.1488905 0.1465731 0.0656305 0.1645079 0.0750337 0.1008947 0.1568343 0.0743432 0.1468406 0.1435376 0.1553082 0.1475809 0.1531772 0.1576366 0.1687875 0.1243775 0.1728295 0.1574195 0.1748220 0.1111304 0.1331724 0.1712422 0.1400982 0.1481939 0.1575516 0.1599872 
