110
CRNC          0.0000000 0.2893989 0.2397597 0.3396745 0.0000010 0.3280199 0.3607043 0.5594874 0.3307137 0.3505657 0.3292955 0.3147063 0.3341225 0.3302128 0.3572187 0.3795989 0.3914689 0.3441008 0.3600190 0.3280334 0.3263110 0.4250424 0.3394324 0.4096033 0.3643046 0.3872183 0.3300847 0.3646296 0.3229429 0.3868454 0.3374213 0.3205376 0.3322905 0.3849290 0.4008606 0.3660618 0.3601205 0.3839516 0.3824763 0.3217150 0.3482985 0.3473466 0.2897687 0.3896705 0.3849290 0.3580639 0.3499491 0.3128444 0.3360539 0.3814808 0.2911689 0.3390535 0.3676120 0.3387255 0.3996721 0.3609843 0.3217855 0.3824763 0.3420541 0.3690583 0.3803159 0.3321829 0.3375787 0.3630605 0.4457926 0.3824653 0.3165128 0.3025821 0.3210065 0.3602012 0.4577897 0.3032259 0.3126191 0.3227474 0.3360539 0.3217306 0.2636577 0.3616722 0.2843194 0.3428158 0.3643670 0.3749413 0.3190464 0.3567141 0.3889329 0.3267966 0.3325511 0.3153130 0.3154793 0.3711781 0.3382332 0.3877041 0.3578248 0.3694869 0.3491290 0.3084745 0.4079354 0.3154717 0.3719890 0.3440922 0.3466428 0.3127233 0.3109892 0.4295328 0.3429553 0.3777694 0.3165128 0.3408178 0.3061762 0.3582950 
HYZL          0.2893989 0.0000000 0.1273000 0.5020606 0.7069970 0.4565788 0.5919040 0.6600142 0.4066720 0.5973172 0.4705913 0.4745903 0.4983284 0.6145588 0.5565597 0.5445514 0.6290172 0.4854068 0.5396844 0.4403649 0.4463796 0.4833848 0.4712254 0.5994821 0.5734475 0.6235118 0.4865848 0.4832924 0.4736268 0.5779798 0.5384597 0.5143044 0.5686877 0.5644884 0.4582403 0.5158070 0.6163395 0.4981900 0.5114297 0.5801877 0.5475783 0.4312150 0.5112799 0.5086159 0.5390966 0.5289802 0.5221565 0.4130129 0.4325228 0.6259710 0.3807465 0.4325228 0.5098999 0.4343036 0.4602112 0.5138785 0.5632390 0.4806060 0.5145586 0.4753712 0.5085223 0.5205075 0.4603339 0.5860917 0.7375492 0.6338801 0.4657305 0.4557584 0.5123798 0.5401891 0.4553246 0.4635140 0.4133724 0.4984045 0.4137867 0.4654669 0.5606906 0.5233510 0.4366932 0.5083669 0.5092424 0.4700646 0.4718165 0.5675514 0.5506381 0.4904763 0.5008372 0.5358381 0.5468097 0.4339964 0.5000424 0.5798722 0.6163645 0.5191995 0.4418423 0.4227143 0.7321647 0.5208658 0.5730125 0.5580577 0.4719303 0.5157374 0.5206060 0.6350173 0.5282387 0.4847005 0.4702961 0.5978614 0.4332697 0.5283056 
MYZV          0.2397597 0.1273000 0.0000000 0.4271696 1.0633181 0.3538205 0.4359102 0.7414261 0.4296487 0.4428888 0.4428182 0.4370575 0.4255044 0.4548948 0.4537043 0.5122702 0.5688370 0.4642276 0.4792151 0.4141255 0.4134329 0.4989213 0.4384527 0.4647164 0.4426042 0.4176432 0.4483829 0.4292797 0.4274087 0.5290936 0.4778055 0.4667844 0.4511963 0.5226868 0.4617539 0.4201872 0.4284358 0.4565191 0.4609997 0.4776590 0.4159042 0.4049628 0.4070476 0.4591868 0.5199195 0.4521375 0.4060029 0.4139844 0.4352090 0.4602028 0.3813773 0.4386573 0.4494125 0.4535439 0.4646224 0.4817557 0.4800648 0.4433309 0.4530438 0.4552809 0.4663688 0.4457134 0.4470761 0.4870536 0.5793430 0.4644985 0.4329290 0.3875575 0.4236466 0.4810528 0.3549654 0.4532221 0.3929310 0.3990656 0.4236517 0.3821050 0.3345387 0.4765817 0.4065559 0.4670609 0.4539472 0.4657917 0.3852475 0.4394437 0.4800634 0.4261673 0.3974861 0.4699222 0.4639473 0.4045534 0.4466634 0.5335525 0.4340846 0.4772259 0.4421664 0.4475575 0.5365998 0.4320711 0.4576700 0.4225266 0.4190447 0.4651692 0.4702406 0.5336462 0.4230651 0.4970658 0.4329290 0.4982641 0.4226398 0.4314142 
SRR6441723    0.3396745 0.5020606 0.4271696 0.0000000 0.6792120 0.2309771 0.0911395 0.1948801 0.1188521 0.0953723 0.0968503 0.0751112 0.0730401 0.1151406 0.1341363 0.1484124 0.2057993 0.1289970 0.1381882 0.1042718 0.0705037 0.1012836 0.1148390 0.0874766 0.0764919 0.1292564 0.1190448 0.1236407 0.1198850 0.1414488 0.0964841 0.1042545 0.1486473 0.1563911 0.1372418 0.1138508 0.0956904 0.1362637 0.1182287 0.1294980 0.1164389 0.0807167 0.1863787 0.1179819 0.1478137 0.1027464 0.0839589 0.0691050 0.0818985 0.0970953 0.0496163 0.0824437 0.1097616 0.0989422 0.1533814 0.1271814 0.1152787 0.1274172 0.1069379 0.1288855 0.1228933 0.1028220 0.1168122 0.1202248 0.1580883 0.1098289 0.1046516 0.1751590 0.1077532 0.1212396 0.1512394 0.1219349 0.1153513 0.1664011 0.0865149 0.1509221 0.0972813 0.0742270 0.0652135 0.1263632 0.1001656 0.0960504 0.1499638 0.0873706 0.1058102 0.0813964 0.1153423 0.1076395 0.1125320 0.1167882 0.1196710 0.1519252 0.0960267 0.1362210 0.0743635 0.0983120 0.1426553 0.0756237 0.0958522 0.0724275 0.1104636 0.0893769 0.0928675 0.1577581 0.0931839 0.1138377 0.1050842 0.1408734 0.1045178 0.0912795 
ERR4210213    0.0000010 0.7069970 1.0633181 0.6792120 0.0000000 1.2410502 0.5030147 0.5143627 0.4255516 0.4982473 0.3871556 0.4665973 0.3898682 0.6988847 0.2604488 0.3584332 0.6281262 0.4965838 0.5028594 0.3589094 0.3926142 0.6453541 0.6437219 0.5005669 0.4220594 0.5005669 0.3274295 0.5150815 0.4059147 0.3926142 0.2696610 0.5695413 0.5283945 0.4586080 0.2696610 0.6803601 0.4974852 0.5173145 0.2696610 0.7685081 0.5563818 7.7503020 0.4913442 0.3849742 0.4957118 0.5489194 0.3355285 0.3124446 0.3898682 0.5437517 0.2865374 0.3898682 0.5425524 1.1712821 0.2696610 0.7386756 0.7883101 0.2696610 0.5052936 0.2696610 0.8454873 0.5695413 0.6834341 0.5974155 0.6213022 0.5007089 0.5030147 0.7572824 0.8360953 0.4454494 0.0000010 0.5030147 0.7084265 0.4913442 0.3627533 0.4913442 0.0000010 0.3926142 0.5030147 0.9105864 0.4998176 0.5030147 0.4913442 0.3898682 0.3898682 0.5030147 0.4939730 0.7883101 0.8480449 0.4059147 0.3589094 0.3926142 0.5007089 0.7399297 0.2742734 0.4783271 0.3898682 0.3898682 0.3926142 0.4502607 0.4194485 0.5275617 0.6563637 0.3128690 0.2119898 0.3898682 0.5030147 0.7872723 0.5030147 0.3557667 
PAFTOL_019361 0.3280199 0.4565788 0.3538205 0.2309771 1.2410502 0.0000000 0.2331243 0.3840494 0.2874838 0.2621534 0.2106242 0.2186706 0.2373503 0.2647325 0.2568900 0.2381329 0.2885446 0.2476658 0.2244607 0.2218647 0.2530406 0.3201565 0.2364610 0.2759117 0.2338661 0.2785880 0.2482822 0.2428359 0.2258536 0.2350576 0.2244289 0.2313629 0.2878435 0.2471037 0.2475956 0.2680606 0.2629334 0.2635158 0.2327347 0.2456492 0.2419727 0.2063118 0.1882339 0.2566437 0.2286169 0.2472322 0.2472469 0.1985229 0.2233023 0.2651666 0.1812593 0.2248686 0.2269204 0.2373205 0.2578141 0.2303878 0.2302194 0.2327347 0.1773023 0.2618790 0.2296747 0.2210603 0.2063869 0.2452192 0.3081455 0.2725615 0.2278937 0.2007054 0.2287352 0.2224640 0.0000010 0.1898216 0.2022053 0.1767103 0.2162900 0.1936180 0.2087090 0.2259095 0.2166797 0.2056126 0.2627563 0.2588261 0.2000172 0.2488870 0.2862973 0.1943921 0.2499263 0.2332977 0.2268766 0.2165787 0.2485761 0.2433305 0.2552014 0.2354753 0.2235634 0.2383048 0.3324096 0.2297446 0.2615825 0.2465961 0.2115183 0.2557531 0.2473291 0.3044661 0.2561785 0.2641579 0.2289810 0.2581076 0.2303512 0.2636376 
S0055         0.3607043 0.5919040 0.4359102 0.0911395 0.5030147 0.2331243 0.0000000 0.1714571 0.1101877 0.0313169 0.0753419 0.0705158 0.0213627 0.0551546 0.0970643 0.1206752 0.1807388 0.0921896 0.1113121 0.0657890 0.0959594 0.1010517 0.0834084 0.0352824 0.0174349 0.0632069 0.0916198 0.0750295 0.0834893 0.1148821 0.0754169 0.0669809 0.0885995 0.1291358 0.0958644 0.0470014 0.0313928 0.0978814 0.0916958 0.1159641 0.0560002 0.0861478 0.1824836 0.0621888 0.1207482 0.0604143 0.0246579 0.0527792 0.0741015 0.0356227 0.0454146 0.0746008 0.1014675 0.0947127 0.1198447 0.1105261 0.1062051 0.1003870 0.0907395 0.0961872 0.1054127 0.0732458 0.0741265 0.0943125 0.1296344 0.0354288 0.0796343 0.1916985 0.0586250 0.1042287 0.3549654 0.1010055 0.0921654 0.1874065 0.0786280 0.1696179 0.0752445 0.0746485 0.0900755 0.1140222 0.0543272 0.0780086 0.1685461 0.0207309 0.0592477 0.0567019 0.0886815 0.0986035 0.0989660 0.0852272 0.1003338 0.1155044 0.0315052 0.1236689 0.0791066 0.0850044 0.0627136 0.0243673 0.0207550 0.0175216 0.0931994 0.0932666 0.0753996 0.1163864 0.0514067 0.1055389 0.0799577 0.1219647 0.0878672 0.0317159 
S0196sl       0.5594874 0.6600142 0.7414261 0.1948801 0.5143627 0.3840494 0.1714571 0.0000000 0.1540103 0.1720678 0.1560350 0.1746529 0.1322608 0.2169503 0.1757378 0.2023834 0.2839820 0.1756898 0.1911576 0.1421588 0.1564995 0.1929312 0.2011414 0.1641299 0.1454373 0.2214224 0.1533946 0.2226434 0.1347761 0.1759686 0.1455085 0.1747839 0.2925243 0.1986125 0.1439661 0.2057526 0.1719943 0.1793571 0.1564644 0.1921148 0.2431390 0.0929323 0.2223748 0.2287384 0.2018611 0.1986369 0.1675967 0.1045374 0.0774727 0.1968986 0.0754495 0.0774727 0.1754619 0.1361306 0.1583713 0.1925808 0.1906343 0.1360565 0.1800535 0.1229484 0.1997267 0.1682916 0.1617223 0.2260747 0.1251509 0.1639920 0.1328892 0.2431759 0.1740653 0.1860935 0.1512394 0.1328780 0.2125821 0.2529100 0.0871116 0.2220656 0.9028814 0.1249193 0.1514149 0.2205443 0.1502932 0.1821257 0.2212239 0.1536649 0.1854586 0.1104646 0.2112659 0.1721448 0.1734835 0.1631847 0.1519386 0.1764651 0.1515487 0.2136108 0.1333410 0.1844956 0.1733388 0.1376766 0.1611450 0.1502637 0.1388656 0.1673091 0.1909064 0.1581433 0.1835244 0.0862346 0.1232241 0.1871894 0.1227606 0.1744562 
S0281         0.3307137 0.4066720 0.4296487 0.1188521 0.4255516 0.2874838 0.1101877 0.1540103 0.0000000 0.1284627 0.1208199 0.1154076 0.0999273 0.1516684 0.1469636 0.1509034 0.2339561 0.1415416 0.1335094 0.1148265 0.0955159 0.1415179 0.1303190 0.1204580 0.1084876 0.1346817 0.1307918 0.1446402 0.1317487 0.1435887 0.1058353 0.1081246 0.1658912 0.1592363 0.1324236 0.1203090 0.1245323 0.1438124 0.1093323 0.1409944 0.1484463 0.0753911 0.1964581 0.1300183 0.1502703 0.1134685 0.0975926 0.0768004 0.0642938 0.1310495 0.0475268 0.0647453 0.1162358 0.0758759 0.1196040 0.1348769 0.1305882 0.1001707 0.1124859 0.1305110 0.1342318 0.1012100 0.1095007 0.1315542 0.1492877 0.1109391 0.0638500 0.1978174 0.1091528 0.1375369 0.1512394 0.0846286 0.1019178 0.1752779 0.0688128 0.1588600 0.0916211 0.0907479 0.0847280 0.1424740 0.1199187 0.1146381 0.1599752 0.1203033 0.1108522 0.0888349 0.1219956 0.1273726 0.1278791 0.0971967 0.1305544 0.1444153 0.1249964 0.1397238 0.0915313 0.1330654 0.1609039 0.1116534 0.1203182 0.0979190 0.1104553 0.1375080 0.1246295 0.1728929 0.0927520 0.0958784 0.0641091 0.1330892 0.0687449 0.1058476 
S0282         0.3505657 0.5973172 0.4428888 0.0953723 0.4982473 0.2621534 0.0313169 0.1720678 0.1284627 0.0000000 0.0965355 0.0829115 0.0250597 0.0670877 0.1238722 0.1388280 0.1952714 0.1236102 0.1291460 0.0993013 0.1042885 0.1317336 0.0965953 0.0390050 0.0210381 0.0708053 0.1143931 0.0879466 0.1146241 0.1326997 0.0881449 0.0791169 0.0972965 0.1474412 0.1217128 0.0587048 0.0277494 0.1300928 0.1137560 0.1352352 0.0809271 0.0997257 0.2090921 0.0824534 0.1389102 0.0813053 0.0396340 0.0692765 0.0863782 0.0392217 0.0617790 0.0869535 0.1194662 0.1221644 0.1435434 0.1190551 0.1394802 0.1228730 0.1205461 0.1235056 0.1371145 0.0903214 0.0989376 0.1167364 0.1538956 0.0427446 0.1008011 0.2294910 0.0871116 0.1123626 0.1512394 0.1267883 0.1097867 0.2142135 0.0910784 0.1953557 0.0982516 0.0909743 0.1114512 0.1317872 0.0582321 0.0942994 0.1941195 0.0243120 0.0671159 0.0775281 0.1065782 0.1270255 0.1322072 0.1119968 0.1227958 0.1334275 0.0351847 0.1418362 0.0917710 0.1074134 0.0667177 0.0279973 0.0426467 0.0175320 0.1153926 0.1022469 0.0925288 0.1454668 0.0593139 0.1188362 0.1012182 0.1516116 0.1093691 0.0429811 
S0289         0.3292955 0.4705913 0.4428182 0.0968503 0.3871556 0.2106242 0.0753419 0.1560350 0.1208199 0.0965355 0.0000000 0.0935268 0.0655298 0.1169612 0.0514789 0.1019033 0.1708748 0.0428740 0.0988269 0.0206257 0.0843868 0.0959699 0.1013234 0.0928890 0.0688495 0.1212431 0.0392425 0.1011657 0.0356964 0.0974140 0.0478276 0.0797768 0.1283503 0.1054462 0.0490575 0.0702885 0.0881934 0.0472446 0.0554046 0.0517820 0.0941077 0.0911581 0.1533248 0.1058530 0.0973614 0.0868548 0.0590175 0.0659645 0.0832951 0.1027821 0.0502150 0.0838568 0.1116616 0.1040441 0.0769034 0.0931482 0.0433194 0.0554046 0.0550723 0.0431437 0.0980899 0.0906809 0.0700899 0.1003348 0.1344676 0.0934489 0.0936073 0.1521347 0.0842307 0.1055039 0.1512394 0.0977754 0.0755834 0.1528180 0.0879980 0.1458256 0.0387759 0.0757399 0.0748353 0.1110124 0.0795653 0.0883876 0.1448971 0.0843040 0.0842131 0.0495636 0.0434210 0.0322400 0.0362848 0.0522443 0.0392399 0.1068824 0.0885061 0.1155515 0.0635488 0.1037146 0.1348236 0.0680983 0.0832303 0.0690395 0.0440382 0.1081417 0.0893710 0.0602284 0.0764794 0.1158334 0.0939969 0.0559700 0.1021594 0.0705511 
S0292         0.3147063 0.4745903 0.4370575 0.0751112 0.4665973 0.2186706 0.0705158 0.1746529 0.1154076 0.0829115 0.0935268 0.0000000 0.0651287 0.0977937 0.1315811 0.1408410 0.1878614 0.1072907 0.1306524 0.0922776 0.0713706 0.1172891 0.1074590 0.0793288 0.0520405 0.1027795 0.1072257 0.1072880 0.1074742 0.1339707 0.0891012 0.0882217 0.1402532 0.1488781 0.1121548 0.1016375 0.0748443 0.1234334 0.1018210 0.1314543 0.1137075 0.0772446 0.1888682 0.0966357 0.1402609 0.0904357 0.0725116 0.0568357 0.0745870 0.0887304 0.0418081 0.0750920 0.1109810 0.0864415 0.1360199 0.1201512 0.1261586 0.1108063 0.0947145 0.1163554 0.1197241 0.0820358 0.0963852 0.1034206 0.1452447 0.0882201 0.0885751 0.1771487 0.0871907 0.1038713 0.4325524 0.1011945 0.1028159 0.1780020 0.0700942 0.1626341 0.1152018 0.0669136 0.0741052 0.1193786 0.0714557 0.0670182 0.1615918 0.0710512 0.0936453 0.0737861 0.1077351 0.1092396 0.1142188 0.1000554 0.1164294 0.1295069 0.0751081 0.1292129 0.0586634 0.0395034 0.1107120 0.0554014 0.0622417 0.0644134 0.0940495 0.0393793 0.0279941 0.1381895 0.0769273 0.1062497 0.0889400 0.1430511 0.0883108 0.0794740 
S0293         0.3341225 0.4983284 0.4255044 0.0730401 0.3898682 0.2373503 0.0213627 0.1322608 0.0999273 0.0250597 0.0655298 0.0651287 0.0000000 0.0488498 0.0922978 0.1014825 0.1495762 0.0916525 0.0919471 0.0686081 0.0778145 0.0853688 0.0781196 0.0176640 0.0107641 0.0656873 0.0868980 0.0737576 0.0829549 0.0959046 0.0788624 0.0613178 0.0833977 0.1099827 0.0856713 0.0408330 0.0251252 0.0980508 0.0959065 0.1118845 0.0620454 0.0755264 0.1740568 0.0688953 0.1015454 0.0628843 0.0218482 0.0465068 0.0561723 0.0178357 0.0346422 0.0565715 0.1009404 0.0895703 0.1158978 0.0961725 0.1021502 0.0959065 0.0897254 0.0871982 0.0997847 0.0673538 0.0683267 0.0792947 0.1242857 0.0368136 0.0782679 0.1941770 0.0649135 0.0986187 0.1512394 0.0894273 0.0827342 0.1738228 0.0605764 0.1559838 0.0916387 0.0732636 0.0805650 0.1089331 0.0366303 0.0727412 0.1542099 0.0069473 0.0450985 0.0501685 0.0785762 0.0942586 0.0991825 0.0848767 0.0958559 0.0964326 0.0252190 0.1187661 0.0608748 0.0891879 0.0570328 0.0142553 0.0289771 0.0107174 0.0834318 0.0931222 0.0745592 0.1127695 0.0373341 0.0870838 0.0785968 0.1231652 0.0867528 0.0253432 
S0294         0.3302128 0.6145588 0.4548948 0.1151406 0.6988847 0.2647325 0.0551546 0.2169503 0.1516684 0.0670877 0.1169612 0.0977937 0.0488498 0.0000000 0.1261803 0.1603058 0.2036665 0.1457539 0.1500988 0.1148991 0.1202247 0.1534228 0.0894814 0.0717399 0.0524321 0.0988765 0.1353570 0.0939185 0.1406622 0.1536796 0.1218599 0.1022937 0.0894363 0.1692235 0.1463936 0.0896284 0.0630199 0.1464739 0.1311072 0.1579583 0.0914933 0.1160759 0.2078667 0.1003718 0.1603973 0.1053442 0.0606457 0.0881770 0.1053660 0.0642923 0.0713741 0.1060713 0.1402264 0.1288377 0.1628943 0.1381123 0.1373390 0.1407633 0.1278340 0.1501371 0.1288988 0.1101717 0.1055778 0.1412385 0.1709248 0.0593029 0.1210719 0.2175181 0.0889602 0.1269083 0.1876083 0.1357958 0.1256574 0.2130664 0.1057928 0.1892099 0.0974531 0.1152591 0.1178942 0.1471212 0.0884676 0.1097271 0.1879915 0.0469620 0.0984771 0.0879627 0.1372633 0.1342151 0.1395709 0.1295143 0.1547825 0.1500315 0.0632435 0.1533819 0.1071269 0.1075729 0.0938328 0.0475449 0.0757084 0.0487240 0.1372239 0.1131079 0.0945087 0.1615601 0.0815877 0.1399803 0.1215888 0.1549505 0.1301182 0.0762954 
S0299         0.3572187 0.5565597 0.4537043 0.1341363 0.2604488 0.2568900 0.0970643 0.1757378 0.1469636 0.1238722 0.0514789 0.1315811 0.0922978 0.1261803 0.0000000 0.1410409 0.2231312 0.0663621 0.1375649 0.0387437 0.1101352 0.1279675 0.1172399 0.1206875 0.0955263 0.1412386 0.0547011 0.1170495 0.0588775 0.1411904 0.0634619 0.1027707 0.1552647 0.1497792 0.0716870 0.1071141 0.1155846 0.0628175 0.0676705 0.0803177 0.1098540 0.1071863 0.1597482 0.1210072 0.1411252 0.1105724 0.0857976 0.0932055 0.1060113 0.1309324 0.0814040 0.1067240 0.1562748 0.1348172 0.0899934 0.1190713 0.0714844 0.0676705 0.0840340 0.0667364 0.1362313 0.1149742 0.1021353 0.1296187 0.1616676 0.1018245 0.1169211 0.1585005 0.1069470 0.1213025 0.1512394 0.1120627 0.1027332 0.1645789 0.1110945 0.1527398 0.0385715 0.1023229 0.1053155 0.1315303 0.1063487 0.1200237 0.1517581 0.1115264 0.1128572 0.0796135 0.0677399 0.0641018 0.0643250 0.0649487 0.0663505 0.1419884 0.1160004 0.1428011 0.0980581 0.1346871 0.1656509 0.0944424 0.1207519 0.0958158 0.0695200 0.1484439 0.1281002 0.0724614 0.1078601 0.1408547 0.1174217 0.0855414 0.1259311 0.1025344 
S0303         0.3795989 0.5445514 0.5122702 0.1484124 0.3584332 0.2381329 0.1206752 0.2023834 0.1509034 0.1388280 0.1019033 0.1408410 0.1014825 0.1603058 0.1410409 0.0000000 0.1074603 0.1270493 0.0172741 0.1108892 0.1338013 0.1343239 0.1318495 0.1403673 0.1144157 0.1456565 0.1262023 0.1266894 0.1271020 0.0101266 0.0981347 0.0979124 0.1761535 0.0134317 0.1297267 0.1402203 0.1349656 0.1334730 0.1154114 0.1222346 0.1431982 0.1109757 0.1860068 0.1342823 0.0101159 0.1139084 0.1175000 0.0928460 0.0929462 0.1463800 0.0731755 0.0935755 0.1153479 0.1206328 0.1354522 0.1208980 0.1212938 0.1154114 0.0961032 0.1258306 0.0724432 0.0958159 0.0969801 0.1222532 0.1589270 0.1246011 0.1169891 0.2078159 0.1294661 0.1102058 0.0000010 0.0977263 0.1138700 0.2037566 0.0978414 0.2033066 0.0968507 0.0973298 0.1145416 0.1211833 0.1198557 0.1302888 0.2019785 0.1307910 0.1469791 0.0931850 0.1220659 0.1186676 0.1191216 0.1180481 0.1209466 0.0242222 0.1354594 0.1258636 0.1113869 0.1540886 0.1875553 0.1085621 0.1255087 0.1194328 0.1117991 0.1574158 0.1525217 0.1604567 0.1366365 0.1163950 0.1123587 0.1282103 0.1260008 0.1257079 
S0308         0.3914689 0.6290172 0.5688370 0.2057993 0.6281262 0.2885446 0.1807388 0.2839820 0.2339561 0.1952714 0.1708748 0.1878614 0.1495762 0.2036665 0.2231312 0.1074603 0.0000000 0.2119010 0.0988025 0.1810342 0.1674177 0.2303691 0.2059871 0.1974769 0.1738140 0.1956608 0.1922634 0.1998833 0.2009788 0.1065862 0.1667364 0.1498972 0.2244459 0.1206480 0.1822597 0.1835225 0.1942569 0.2043128 0.1863373 0.2029116 0.2029949 0.1930215 0.2512253 0.1900001 0.1080408 0.1640755 0.1709802 0.1471404 0.1732892 0.1891096 0.1396173 0.1744590 0.1879931 0.1984044 0.2110299 0.1620611 0.2012605 0.1863373 0.1720918 0.2009146 0.1109696 0.1438518 0.1649173 0.1833074 0.2150042 0.2019032 0.1920946 0.2645719 0.1754391 0.1699979 0.1519211 0.1583851 0.1622116 0.2659173 0.1794001 0.2652765 0.1677723 0.1589031 0.1779853 0.1556933 0.1859258 0.1852123 0.2635142 0.1868194 0.1977527 0.1458590 0.1891782 0.1865499 0.1939079 0.1908286 0.1773258 0.1078123 0.1949975 0.1666101 0.1693487 0.2196622 0.2369817 0.1726550 0.1696572 0.1754121 0.1902453 0.2199373 0.2063050 0.2486732 0.1902514 0.2142322 0.1929651 0.2221947 0.1900391 0.1740467 
S0320         0.3441008 0.4854068 0.4642276 0.1289970 0.4965838 0.2476658 0.0921896 0.1756898 0.1415416 0.1236102 0.0428740 0.1072907 0.0916525 0.1457539 0.0663621 0.1270493 0.2119010 0.0000000 0.1232064 0.0348947 0.0966988 0.1101399 0.1245691 0.1152000 0.0948677 0.1458504 0.0543183 0.1243682 0.0467346 0.1265762 0.0634820 0.0930310 0.1434374 0.1350149 0.0529113 0.1009413 0.1148113 0.0503032 0.0712384 0.0719080 0.1172599 0.1062620 0.1908953 0.1199973 0.1265162 0.1099512 0.0891122 0.0750756 0.1012461 0.1306561 0.0720432 0.1019261 0.1358050 0.1235229 0.0936878 0.1218548 0.0628015 0.0712384 0.0927175 0.0583930 0.1263981 0.1046423 0.0959633 0.1146801 0.1556714 0.1206326 0.1123151 0.1845483 0.1065736 0.1209260 0.1512394 0.1077046 0.0881503 0.1854073 0.1062448 0.1775765 0.0523934 0.0848297 0.0963400 0.1304671 0.1056358 0.1108373 0.1764383 0.1107779 0.1120920 0.0707616 0.0553148 0.0514705 0.0514245 0.0681866 0.0622177 0.1272801 0.1063407 0.1406771 0.0762153 0.1231257 0.1547418 0.0895755 0.1107897 0.0951535 0.0687209 0.1320539 0.1120796 0.0598975 0.1026962 0.1355691 0.1127935 0.0763470 0.1212353 0.0971094 
S0322         0.3600190 0.5396844 0.4792151 0.1381882 0.5028594 0.2244607 0.1113121 0.1911576 0.1335094 0.1291460 0.0988269 0.1306524 0.0919471 0.1500988 0.1375649 0.0172741 0.0988025 0.1232064 0.0000000 0.1071318 0.1239087 0.1270372 0.1367146 0.1211416 0.1049717 0.1261760 0.1223809 0.1314967 0.1232620 0.0101269 0.0943788 0.0794909 0.1673920 0.0206659 0.1306760 0.1304302 0.1253148 0.1347344 0.1116437 0.1226786 0.1436244 0.1064985 0.1864706 0.1297608 0.0173001 0.1146418 0.1080961 0.0828429 0.0968346 0.1364008 0.0724839 0.0974871 0.1058539 0.1154668 0.1316220 0.1119624 0.1174888 0.1116437 0.0963524 0.1220206 0.0597491 0.0817567 0.0881766 0.1130286 0.1430840 0.1152086 0.1015706 0.2020189 0.1199635 0.1005380 0.0000010 0.0921229 0.1042022 0.1979721 0.1017734 0.1975398 0.0963525 0.0882407 0.1137605 0.1114819 0.1105675 0.1157026 0.1962514 0.1211909 0.1369718 0.0788763 0.1128669 0.1148095 0.1106292 0.1142051 0.1171498 0.0171519 0.1257699 0.1160480 0.1019427 0.1434103 0.1710222 0.0993264 0.1160472 0.1098600 0.1080042 0.1467741 0.1419847 0.1565003 0.1324320 0.1204434 0.0971409 0.1292597 0.1209083 0.1162235 
S0327         0.3280334 0.4403649 0.4141255 0.1042718 0.3589094 0.2218647 0.0657890 0.1421588 0.1148265 0.0993013 0.0206257 0.0922776 0.0686081 0.1148991 0.0387437 0.1108892 0.1810342 0.0348947 0.1071318 0.0000000 0.0832724 0.0865554 0.1008394 0.0956944 0.0718702 0.1196739 0.0274619 0.1006830 0.0240441 0.1104753 0.0353956 0.0794069 0.1277182 0.1186209 0.0313702 0.0830363 0.0910227 0.0279398 0.0426531 0.0467514 0.0936566 0.0860097 0.1512426 0.1045183 0.1104202 0.0857470 0.0670359 0.0655436 0.0783547 0.1055427 0.0496975 0.0788806 0.1150850 0.0993230 0.0628967 0.1026411 0.0389117 0.0426531 0.0582457 0.0311365 0.0970078 0.0902439 0.0783817 0.0990425 0.1292902 0.0918199 0.0840016 0.1405182 0.0788926 0.1054777 0.3549654 0.0914836 0.0713118 0.1462117 0.0829427 0.1394446 0.0248470 0.0709056 0.0697170 0.1109795 0.0824503 0.0828922 0.1385656 0.0871696 0.0881960 0.0448212 0.0279547 0.0318837 0.0319873 0.0397954 0.0346872 0.1110712 0.0913414 0.1116172 0.0627176 0.0990106 0.1373153 0.0710934 0.0871740 0.0720691 0.0397919 0.1075276 0.0888768 0.0435444 0.0794211 0.1101519 0.0843450 0.0511894 0.0923057 0.0744148 
S0335         0.3263110 0.4463796 0.4134329 0.0705037 0.3926142 0.2530406 0.0959594 0.1564995 0.0955159 0.1042885 0.0843868 0.0713706 0.0778145 0.1202247 0.1101352 0.1338013 0.1674177 0.0966988 0.1239087 0.0832724 0.0000000 0.1109565 0.1292535 0.0967720 0.0811955 0.1295427 0.0972285 0.1290436 0.0932394 0.1271929 0.0751142 0.0826817 0.1530489 0.1416798 0.1068736 0.1099807 0.1005893 0.1083271 0.0959043 0.1162221 0.1170306 0.0860425 0.1822703 0.1232514 0.1332537 0.0899815 0.0801620 0.0525803 0.0700122 0.1107059 0.0416030 0.0704854 0.1236965 0.0862827 0.1197873 0.1246319 0.1111860 0.0959043 0.0899703 0.0976875 0.1232565 0.0807801 0.1040980 0.1113646 0.1234245 0.1052376 0.0921088 0.1707750 0.0952491 0.1177461 0.1512394 0.1048448 0.0969003 0.1620237 0.0744732 0.1466131 0.0727140 0.0620340 0.0537835 0.1331811 0.0963503 0.0747998 0.1456782 0.0966539 0.1109249 0.0732073 0.0977766 0.0947361 0.0994821 0.0894083 0.0970861 0.1236186 0.1009451 0.1433469 0.0546385 0.0944228 0.1389210 0.0760936 0.1007624 0.0813025 0.0931621 0.0855258 0.0890360 0.1337444 0.0893348 0.1010586 0.0924871 0.1272178 0.0828395 0.0831135 
S0345         0.4250424 0.4833848 0.4989213 0.1012836 0.6453541 0.3201565 0.1010517 0.1929312 0.1415179 0.1317336 0.0959699 0.1172891 0.0853688 0.1534228 0.1279675 0.1343239 0.2303691 0.1101399 0.1270372 0.0865554 0.1109565 0.0000000 0.1102230 0.1251418 0.1029983 0.1437315 0.1082330 0.1246960 0.0946404 0.1176037 0.1266713 0.1017189 0.1964312 0.1334033 0.1013802 0.0944178 0.1400437 0.1272426 0.1331442 0.1601896 0.1290497 0.0615503 0.1565608 0.1327437 0.1350122 0.1207459 0.0894696 0.0506525 0.0866216 0.1422458 0.0718007 0.0866216 0.1316613 0.0889800 0.1343861 0.1629814 0.1505565 0.1331442 0.0938485 0.0935221 0.1341170 0.1116551 0.0937288 0.1283965 0.2043159 0.1101134 0.0801721 0.1808248 0.1013493 0.1591811 0.3571213 0.1240253 0.1104483 0.2184169 0.0871860 0.2093376 0.0693050 0.0949667 0.0730968 0.1747536 0.0926788 0.0947857 0.2071655 0.1169298 0.0955856 0.0692796 0.1331828 0.1287777 0.1305421 0.1138921 0.1227561 0.1178472 0.1245709 0.1773727 0.0737535 0.1372697 0.1845563 0.0973473 0.1160367 0.0982997 0.0971528 0.1043929 0.1272149 0.1636767 0.0905037 0.0936715 0.0733441 0.1635076 0.0801721 0.1009304 
S0376         0.3394324 0.4712254 0.4384527 0.1148390 0.6437219 0.2364610 0.0834084 0.2011414 0.1303190 0.0965953 0.1013234 0.1074590 0.0781196 0.0894814 0.1172399 0.1318495 0.2059871 0.1245691 0.1367146 0.1008394 0.1292535 0.1102230 0.0000000 0.0970126 0.0684179 0.0905505 0.1063910 0.0134227 0.1213256 0.1309064 0.1031853 0.0965696 0.1063886 0.1405386 0.1185049 0.0916009 0.0837883 0.1259511 0.1121099 0.1376808 0.0801468 0.1005291 0.1518528 0.1015910 0.1266572 0.1043614 0.0715689 0.0973131 0.0879457 0.1070317 0.0631754 0.0885397 0.1355416 0.0999301 0.1365935 0.1309547 0.1210722 0.1213858 0.1005567 0.1304554 0.1116864 0.1040371 0.0954860 0.1189303 0.1752064 0.0885472 0.1158954 0.1510257 0.0968024 0.1338994 0.0000010 0.1248904 0.0924230 0.1768410 0.0927406 0.1550202 0.1152914 0.1102749 0.1175918 0.1391100 0.0741270 0.1193747 0.1560568 0.0883556 0.0939043 0.0956580 0.1221481 0.1133332 0.1137625 0.0945952 0.1145371 0.1366328 0.0880835 0.1399584 0.1060618 0.1130235 0.1299895 0.0761893 0.0970568 0.0772570 0.1132393 0.1218501 0.1071275 0.1598177 0.0811234 0.1164990 0.1163876 0.1221917 0.1248357 0.0883864 
S0400         0.4096033 0.5994821 0.4647164 0.0874766 0.5005669 0.2759117 0.0352824 0.1641299 0.1204580 0.0390050 0.0928890 0.0793288 0.0176640 0.0717399 0.1206875 0.1403673 0.1974769 0.1152000 0.1211416 0.0956944 0.0967720 0.1251418 0.0970126 0.0000000 0.0249034 0.0675420 0.1148826 0.0883287 0.1109184 0.1341590 0.0978948 0.0885337 0.1024780 0.1490678 0.1175039 0.0551885 0.0390962 0.1225443 0.1150046 0.1410961 0.0858878 0.0913610 0.2050675 0.0788906 0.1404507 0.0779888 0.0361460 0.0656078 0.0746284 0.0355095 0.0498528 0.0751333 0.1201416 0.1092309 0.1451363 0.1245764 0.1356693 0.1242201 0.1174219 0.1197785 0.1333591 0.0957559 0.0953395 0.1129634 0.1457224 0.0509839 0.1060028 0.2145679 0.0835189 0.1230361 0.4979392 0.1175111 0.1151479 0.2053559 0.0791834 0.1811438 0.1072914 0.0835688 0.0992648 0.1374701 0.0547394 0.0953257 0.1799934 0.0206725 0.0635584 0.0739541 0.1071907 0.1232035 0.1188261 0.1134891 0.1241408 0.1349020 0.0392358 0.1477099 0.0797939 0.1036779 0.0713451 0.0319434 0.0392101 0.0213513 0.1116517 0.1075359 0.0888856 0.1416150 0.0557618 0.1062576 0.1064457 0.1529959 0.1058667 0.0395212 
S0405         0.3643046 0.5734475 0.4426042 0.0764919 0.4220594 0.2338661 0.0174349 0.1454373 0.1084876 0.0210381 0.0688495 0.0520405 0.0107641 0.0524321 0.0955263 0.1144157 0.1738140 0.0948677 0.1049717 0.0718702 0.0811955 0.1029983 0.0684179 0.0249034 0.0000000 0.0604450 0.0901233 0.0601684 0.0862093 0.1082830 0.0735319 0.0772231 0.0910030 0.1229981 0.0942783 0.0402814 0.0139330 0.1012828 0.0901986 0.1150427 0.0569778 0.0791850 0.1716757 0.0636285 0.1144864 0.0705007 0.0253035 0.0582732 0.0635779 0.0251436 0.0383694 0.0640209 0.1085967 0.0930164 0.1239449 0.0993851 0.1098923 0.0990968 0.0928962 0.0947964 0.1079873 0.0840866 0.0758099 0.0875285 0.1435077 0.0211856 0.0859312 0.1914997 0.0723250 0.0973565 0.1512394 0.0934729 0.0903104 0.1821642 0.0680477 0.1641715 0.0856474 0.0682417 0.0838864 0.1120605 0.0359941 0.0758030 0.1631092 0.0104470 0.0484096 0.0580603 0.0824330 0.0975340 0.1024430 0.0881909 0.0990436 0.1092191 0.0139851 0.1218580 0.0643887 0.0833290 0.0521279 0.0069478 0.0285174 0.0070599 0.0867117 0.0828503 0.0650294 0.1154730 0.0404838 0.0948130 0.0862908 0.1262935 0.0944572 0.0286410 
S0412sl       0.3872183 0.6235118 0.4176432 0.1292564 0.5005669 0.2785880 0.0632069 0.2214224 0.1346817 0.0708053 0.1212431 0.1027795 0.0656873 0.0988765 0.1412386 0.1456565 0.1956608 0.1458504 0.1261760 0.1196739 0.1295427 0.1437315 0.0905505 0.0675420 0.0604450 0.0000000 0.1266566 0.0818238 0.1362882 0.1393244 0.1125123 0.1117391 0.1159588 0.1544323 0.1360236 0.0719809 0.0628564 0.1529950 0.1308488 0.1469670 0.1002743 0.1053790 0.2031912 0.0761474 0.1511968 0.1056157 0.0521054 0.0885367 0.1056925 0.0848091 0.0721312 0.1064023 0.1350740 0.1397675 0.1567382 0.1407530 0.1414206 0.1404846 0.1279189 0.1349265 0.1400375 0.1107773 0.1138101 0.1294914 0.1615744 0.0751123 0.1261817 0.2306880 0.1023158 0.1287303 0.1512394 0.1226732 0.1166643 0.2181776 0.1107646 0.2127762 0.1062319 0.1152234 0.1307398 0.1494046 0.0754930 0.1233891 0.2113961 0.0675666 0.0678594 0.0975210 0.1277939 0.1335446 0.1292904 0.1293554 0.1403851 0.1356535 0.0754976 0.1543689 0.1070836 0.1224572 0.1071498 0.0719813 0.0674002 0.0480265 0.1222594 0.1176392 0.1070957 0.1635412 0.0595442 0.1298299 0.1214654 0.1537638 0.1353446 0.0714420 
S0417         0.3300847 0.4865848 0.4483829 0.1190448 0.3274295 0.2482822 0.0916198 0.1533946 0.1307918 0.1143931 0.0392425 0.1072257 0.0868980 0.1353570 0.0547011 0.1262023 0.1922634 0.0543183 0.1223809 0.0274619 0.0972285 0.1082330 0.1063910 0.1148826 0.0901233 0.1266566 0.0000000 0.1062234 0.0391229 0.1257355 0.0472888 0.0978536 0.1397044 0.1246915 0.0485522 0.1003623 0.1057588 0.0551545 0.0550831 0.0591225 0.1089364 0.0960837 0.1685591 0.1151827 0.1256756 0.0905736 0.0806333 0.0793234 0.0919985 0.1254619 0.0631717 0.0926163 0.1305333 0.1193328 0.0764347 0.1220353 0.0549356 0.0550831 0.0792232 0.0465719 0.1206762 0.1097528 0.0921054 0.1140381 0.1512723 0.1198660 0.0979219 0.1672529 0.0970213 0.1254864 0.1512394 0.1086593 0.0898533 0.1633051 0.0968365 0.1515837 0.0385118 0.0843679 0.0912566 0.1306677 0.1008514 0.1101401 0.1506167 0.1059039 0.1071575 0.0658967 0.0472608 0.0477069 0.0478668 0.0565149 0.0502889 0.1264305 0.1102902 0.1409032 0.0758026 0.1189475 0.1588873 0.0891155 0.1059144 0.0903908 0.0523462 0.1278505 0.1085431 0.0682161 0.0935550 0.1253448 0.0983298 0.0633936 0.1065386 0.0924296 
S0427         0.3646296 0.4832924 0.4292797 0.1236407 0.5150815 0.2428359 0.0750295 0.2226434 0.1446402 0.0879466 0.1011657 0.1072880 0.0737576 0.0939185 0.1170495 0.1266894 0.1998833 0.1243682 0.1314967 0.1006830 0.1290436 0.1246960 0.0134227 0.0883287 0.0601684 0.0818238 0.1062234 0.0000000 0.1211298 0.1257921 0.1030217 0.0964206 0.1062208 0.1353050 0.1182895 0.0830915 0.0753841 0.1257449 0.1209887 0.1374506 0.0717529 0.1050421 0.1614174 0.0928010 0.1215765 0.1041940 0.0633562 0.0971556 0.0878120 0.0980661 0.0630785 0.0884043 0.1353187 0.1132611 0.1459126 0.1258417 0.1208770 0.1304139 0.1004011 0.1302411 0.1200510 0.1038704 0.0953400 0.1234837 0.1702293 0.0884115 0.1157098 0.1704700 0.0966526 0.1286516 0.0000010 0.1306069 0.0922817 0.1867628 0.0925978 0.1645382 0.1066340 0.1101007 0.1174061 0.1339433 0.0740185 0.1191838 0.1656422 0.0798390 0.0937591 0.0955053 0.1128169 0.1131499 0.1135777 0.0988244 0.1143558 0.1314198 0.0795874 0.1441887 0.1058950 0.1128403 0.1206003 0.0678489 0.0883662 0.0687848 0.1176229 0.1216516 0.1069584 0.1595411 0.0809998 0.1208643 0.1161995 0.1312783 0.1246337 0.0798653 
S0428sl       0.3229429 0.4736268 0.4274087 0.1198850 0.4059147 0.2258536 0.0834893 0.1347761 0.1317487 0.1146241 0.0356964 0.1074742 0.0829549 0.1406622 0.0588775 0.1271020 0.2009788 0.0467346 0.1232620 0.0240441 0.0932394 0.0946404 0.1213256 0.1109184 0.0862093 0.1362882 0.0391229 0.1211298 0.0000000 0.1266300 0.0476716 0.0985694 0.1445836 0.1350640 0.0445918 0.1018067 0.1059717 0.0514989 0.0552181 0.0595851 0.1139673 0.1011298 0.1527605 0.1201872 0.1265687 0.1009219 0.0852333 0.0752791 0.0926693 0.1214060 0.0589255 0.0932942 0.1314570 0.1141451 0.0766177 0.1229124 0.0553687 0.0552181 0.0798133 0.0390776 0.1215359 0.1052587 0.0967841 0.1148719 0.1467720 0.1158616 0.1076219 0.1581127 0.1019814 0.1264063 0.1512394 0.1095937 0.0900355 0.1541669 0.0975403 0.1471071 0.0386968 0.0849969 0.0919184 0.1315927 0.0969717 0.1062045 0.1461669 0.1019829 0.1031951 0.0664239 0.0435056 0.0480955 0.0482575 0.0566561 0.0467132 0.1273337 0.1016782 0.1418965 0.0763754 0.1198142 0.1546874 0.0852462 0.1019922 0.0864626 0.0524777 0.1287695 0.1032627 0.0599003 0.0939797 0.1262337 0.1080766 0.0686504 0.1164462 0.0885826 
S0430         0.3868454 0.5779798 0.5290936 0.1414488 0.3926142 0.2350576 0.1148821 0.1759686 0.1435887 0.1326997 0.0974140 0.1339707 0.0959046 0.1536796 0.1411904 0.0101266 0.1065862 0.1265762 0.0101269 0.1104753 0.1271929 0.1176037 0.1309064 0.1341590 0.1082830 0.1393244 0.1257355 0.1257921 0.1266300 0.0000000 0.0977601 0.0881982 0.1709974 0.0100377 0.1291858 0.1340133 0.1288861 0.1381188 0.1149827 0.1260376 0.1421501 0.1099213 0.1845614 0.1333324 0.0067198 0.1183003 0.1117057 0.0828340 0.0873025 0.1400062 0.0676200 0.0878889 0.1046502 0.1141006 0.1349551 0.1103571 0.1208437 0.1149827 0.0954627 0.1253648 0.0631314 0.0907382 0.0873635 0.1166420 0.1464228 0.1187602 0.1107073 0.2052335 0.1235205 0.1039647 0.0000010 0.0908796 0.1075941 0.2012158 0.0920588 0.2007776 0.1040342 0.0872415 0.1124732 0.1148173 0.1141148 0.1190215 0.1994786 0.1247748 0.1405829 0.0872869 0.1216099 0.1182190 0.1186698 0.1176026 0.1204987 0.0134458 0.1293519 0.1193792 0.1052784 0.1467640 0.1803206 0.1029385 0.1196185 0.1135200 0.1113785 0.1500861 0.1453085 0.1598682 0.1360579 0.1101507 0.1061873 0.1277314 0.1195129 0.1198019 
S0478         0.3374213 0.5384597 0.4778055 0.0964841 0.2696610 0.2244289 0.0754169 0.1455085 0.1058353 0.0881449 0.0478276 0.0891012 0.0788624 0.1218599 0.0634619 0.0981347 0.1667364 0.0634820 0.0943788 0.0353956 0.0751142 0.1266713 0.1031853 0.0978948 0.0735319 0.1125123 0.0472888 0.1030217 0.0476716 0.0977601 0.0000000 0.0673216 0.1357919 0.1058218 0.0584831 0.0889990 0.0931026 0.0601534 0.0390379 0.0637239 0.0958526 0.0914570 0.1534697 0.1022333 0.0977070 0.0688259 0.0683576 0.0619651 0.0790736 0.1030919 0.0504446 0.0796088 0.1071108 0.1051030 0.0672201 0.1079088 0.0594380 0.0466261 0.0624387 0.0554083 0.1026150 0.0819868 0.0841360 0.0951077 0.1251428 0.0931480 0.0933204 0.1522779 0.0794952 0.1008989 0.1512394 0.0812063 0.0859894 0.1483531 0.0837157 0.1474061 0.0315802 0.0628262 0.0784377 0.1163771 0.0843228 0.0926787 0.1471060 0.0891633 0.0989415 0.0573032 0.0518337 0.0521172 0.0522948 0.0516165 0.0509806 0.0982856 0.0934350 0.1262498 0.0632727 0.0913912 0.1406008 0.0723552 0.0891680 0.0737399 0.0519948 0.0952310 0.0902173 0.0781917 0.0812445 0.1112564 0.0937081 0.0729550 0.1018565 0.0761006 
S0552sl       0.3205376 0.5143044 0.4667844 0.1042545 0.5695413 0.2313629 0.0669809 0.1747839 0.1081246 0.0791169 0.0797768 0.0882217 0.0613178 0.1022937 0.1027707 0.0979124 0.1498972 0.0930310 0.0794909 0.0794069 0.0826817 0.1017189 0.0965696 0.0885337 0.0772231 0.1117391 0.0978536 0.0964206 0.0985694 0.0881982 0.0673216 0.0000000 0.1016868 0.1015697 0.0913232 0.0918146 0.0923325 0.0986014 0.0965138 0.1169866 0.0939293 0.0901030 0.1780699 0.1011595 0.0934950 0.0773478 0.0633205 0.0253358 0.0783099 0.0935296 0.0541179 0.0788359 0.0887589 0.0851818 0.1158071 0.1108810 0.1014991 0.0965138 0.0779427 0.1072880 0.0924275 0.0102674 0.0582210 0.0853281 0.0854480 0.0923471 0.0827330 0.1813177 0.0746561 0.0989385 0.0000010 0.0861453 0.0841419 0.1724412 0.0829018 0.1720869 0.0742990 0.0543250 0.0735577 0.1097376 0.0837628 0.0707572 0.1709860 0.0800311 0.0982684 0.0565056 0.0984088 0.0896174 0.0899413 0.0886513 0.0930495 0.0886661 0.0926597 0.1192951 0.0707659 0.0889209 0.1255389 0.0680882 0.0800327 0.0689631 0.0937623 0.0930306 0.0881446 0.1346573 0.0897654 0.1101418 0.0830673 0.1169980 0.0962681 0.0755977 
S0558         0.3322905 0.5686877 0.4511963 0.1486473 0.5283945 0.2878435 0.0885995 0.2925243 0.1658912 0.0972965 0.1283503 0.1402532 0.0833977 0.0894363 0.1552647 0.1761535 0.2244459 0.1434374 0.1673920 0.1277182 0.1530489 0.1964312 0.1063886 0.1024780 0.0910030 0.1159588 0.1397044 0.1062208 0.1445836 0.1709974 0.1357919 0.1016868 0.0000000 0.1798536 0.1678876 0.1057677 0.0875926 0.1598701 0.1445558 0.1775291 0.1179190 0.1307359 0.2372868 0.1285305 0.1709177 0.1201164 0.0849951 0.1075515 0.1287694 0.1037702 0.0891417 0.1296306 0.1557437 0.1476020 0.1771558 0.1593611 0.1494948 0.1544101 0.1521287 0.1593462 0.1429532 0.1137270 0.1223584 0.1589829 0.1770800 0.1072914 0.1402636 0.2524316 0.1109224 0.1588514 0.1876083 0.1602862 0.1293253 0.2376291 0.1293033 0.2174164 0.1048554 0.1298231 0.1490330 0.1743904 0.1152505 0.1429864 0.2160085 0.0936630 0.1110339 0.1248640 0.1364694 0.1513152 0.1519144 0.1366991 0.1540293 0.1719967 0.0880412 0.1755227 0.1446514 0.1358688 0.1404546 0.0898458 0.1025260 0.0734220 0.1509225 0.1560756 0.1238690 0.1857727 0.0930463 0.1655630 0.1408721 0.1620117 0.1388038 0.0936959 
S0620         0.3849290 0.5644884 0.5226868 0.1563911 0.4586080 0.2471037 0.1291358 0.1986125 0.1592363 0.1474412 0.1054462 0.1488781 0.1099827 0.1692235 0.1497792 0.0134317 0.1206480 0.1350149 0.0206659 0.1186209 0.1416798 0.1334033 0.1405386 0.1490678 0.1229981 0.1544323 0.1246915 0.1353050 0.1350640 0.0100377 0.1058218 0.1015697 0.1798536 0.0000000 0.1331984 0.1489227 0.1435816 0.1415598 0.1231803 0.1344407 0.1520914 0.1145026 0.1953607 0.1428781 0.0100273 0.1277833 0.1260219 0.0965329 0.1005408 0.1552022 0.0811677 0.1012130 0.1184388 0.1287218 0.1434250 0.1244635 0.1291625 0.1231803 0.1041545 0.1337238 0.0756834 0.1045389 0.1006094 0.1259770 0.1619334 0.1330588 0.1248490 0.2164088 0.1334617 0.1181744 0.0000010 0.1068295 0.1217952 0.2123740 0.1055045 0.2119033 0.1121381 0.1004783 0.1264011 0.1290525 0.1282531 0.1333463 0.2105293 0.1393926 0.1558220 0.1011217 0.1299946 0.1266346 0.1271196 0.1259809 0.1287978 0.0240082 0.1441065 0.1337713 0.1191550 0.1623623 0.1967863 0.1169960 0.1340225 0.1280949 0.1196098 0.1656212 0.1607016 0.1687990 0.1453651 0.1242214 0.1201851 0.1362342 0.1339107 0.1342416 
S0624         0.4008606 0.4582403 0.4617539 0.1372418 0.2696610 0.2475956 0.0958644 0.1439661 0.1324236 0.1217128 0.0490575 0.1121548 0.0856713 0.1463936 0.0716870 0.1297267 0.1822597 0.0529113 0.1306760 0.0313702 0.1068736 0.1013802 0.1185049 0.1175039 0.0942783 0.1360236 0.0485522 0.1182895 0.0445918 0.1291858 0.0584831 0.0913232 0.1678876 0.1331984 0.0000000 0.1009488 0.1168479 0.0539268 0.0621557 0.0768537 0.1151288 0.1055810 0.1625771 0.1281411 0.1284423 0.0994888 0.0828973 0.0758599 0.0856287 0.1296333 0.0662038 0.0856287 0.1338505 0.1193957 0.0813420 0.1355662 0.0718639 0.0621557 0.0908249 0.0580059 0.1286030 0.1098622 0.1062110 0.1204199 0.1576273 0.1283902 0.1003653 0.1614628 0.0960839 0.1268078 0.3549654 0.1162009 0.0980439 0.1691456 0.0909610 0.1623674 0.0668321 0.0967623 0.1046964 0.1325673 0.1015302 0.1276113 0.1612077 0.1072773 0.1129975 0.0561404 0.0582534 0.0633024 0.0638374 0.0639651 0.0567910 0.1293732 0.1116200 0.1406526 0.0773981 0.1432534 0.1624561 0.0930763 0.1065487 0.0896486 0.0591908 0.1306666 0.1191972 0.0640327 0.0932498 0.1226626 0.1008320 0.0876826 0.1099925 0.0913432 
