113
HYZL          0.0000000 0.1835806 0.2991908 0.2892394 0.2940186 0.3131596 0.3175857 0.3274230 0.3168177 0.3064827 0.3471637 0.2823060 0.3012797 0.2982423 0.3430243 0.3153895 0.2871803 0.3105277 0.2450083 0.2551381 0.3146652 0.3349255 0.3049955 0.3542669 0.2911172 0.3058952 0.3172444 0.2764810 0.2684785 0.2944002 0.3044555 0.2739594 0.3106802 0.3257179 0.2993593 0.3027412 0.3405866 0.3082122 0.2893157 0.3349255 0.3394262 0.2893777 0.2919279 0.2778780 0.2967955 0.3458715 0.3289159 0.2898821 0.3118207 0.3000667 0.3069676 0.3174794 0.2884497 0.3476487 0.2998877 0.3148827 0.3010007 0.3122938 0.2738379 0.2832137 0.3173296 0.3015310 0.2959411 0.3031951 0.3000863 0.2803999 0.3150104 0.3137630 0.3844712 0.2835422 0.2793783 0.2897204 0.3170201 0.3087508 0.2911231 0.3591726 0.2920565 0.3070518 0.2853591 0.2920346 0.3058700 0.3034904 0.2991143 0.3032902 0.3458233 0.3050517 0.3012173 0.2980670 0.3081897 0.3360757 0.3031557 0.2988094 0.2952576 0.3292023 0.2875360 0.2814859 0.3243150 0.3036089 0.2773585 0.2909976 0.2762785 0.3116692 0.2743646 0.2922306 0.3475785 0.3013169 0.3202642 0.3590749 0.3048778 0.3386003 0.2940124 0.3077000 0.2930001 
MYZV          0.1835806 0.0000000 0.4728858 0.4886680 0.3694917 0.4774365 0.4541663 0.6166228 0.4689600 0.4313766 0.5208432 0.4703819 0.4147790 0.4379762 0.4603965 0.5818406 0.4154254 0.4779722 0.0000010 0.0000010 0.4299117 0.4677750 0.4281000 0.6223888 0.4754113 0.5837146 0.4725993 0.4277987 0.5128501 0.4154254 0.5325278 0.4916862 0.3823206 0.5559028 0.4729608 0.4376224 0.5684826 0.5503105 0.4663453 0.4677750 0.5108488 0.3986089 0.4630063 0.5357732 0.4154254 0.5306368 0.4826626 0.4703819 0.4798526 0.4601773 0.4517666 0.4583195 0.4907827 0.5108488 0.5545044 0.4998481 0.4714524 0.5480764 0.4703819 0.4246014 0.4759006 0.4970579 0.4703819 0.5143596 0.4679707 0.4266701 0.4971431 0.4252603 0.4048679 0.5215629 0.4770683 0.4504206 0.4517666 0.4400918 0.4411055 0.4897588 0.5189379 0.4516738 0.4315159 0.4462510 0.4831434 0.4482150 0.4281611 0.4531408 0.5606915 0.4714524 0.4714524 0.4179395 0.5382496 0.5606915 0.5018941 0.4010843 0.4505875 0.4593474 0.5492048 0.5081748 0.4482150 0.4482150 0.4633297 0.4667736 0.3891856 0.5405082 0.5021616 0.5111814 0.5677859 0.4559134 0.4689600 0.6187220 0.4877793 0.4527870 0.4482150 0.4877793 0.4469256 
SRR6441723    0.2991908 0.4728858 0.0000000 0.0729564 0.1912201 0.0689519 0.0638171 0.0955103 0.0627727 0.0770130 0.0994852 0.0434141 0.0821945 0.0829882 0.0624744 0.0951737 0.0817308 0.0786110 0.0427475 0.0430655 0.0885614 0.0697920 0.0822558 0.0930835 0.0623712 0.0712454 0.0572953 0.0734538 0.0845444 0.0832611 0.0820585 0.0527744 0.0768380 0.1055531 0.0788808 0.0678737 0.0832176 0.1035337 0.0797866 0.0696030 0.0715871 0.0830022 0.1240468 0.0684750 0.0809821 0.0679275 0.0717621 0.0630545 0.0575767 0.0678760 0.0556105 0.0595341 0.0649268 0.0758684 0.1030402 0.0824137 0.0785123 0.0993501 0.0415688 0.0761323 0.0710582 0.0590480 0.0626910 0.0980673 0.0591569 0.1145333 0.0571713 0.0845844 0.0962512 0.0649934 0.0588255 0.1193446 0.0553108 0.1052006 0.0838430 0.0857817 0.0509455 0.0873254 0.0547605 0.0565479 0.1040026 0.0745467 0.0699014 0.0473203 0.0952292 0.0766127 0.0786788 0.0854039 0.0964529 0.0900938 0.0823655 0.0804547 0.0638411 0.0955640 0.0340634 0.0532151 0.0773277 0.0704477 0.0614891 0.0612431 0.0610396 0.0969445 0.0433238 0.0490943 0.1032473 0.0642428 0.0594567 0.1051274 0.0535139 0.1070355 0.0614118 0.0574802 0.0647554 
ERR2789774    0.2892394 0.4886680 0.0729564 0.0000000 0.1938045 0.0814240 0.0795835 0.1060939 0.0863972 0.0693242 0.1200475 0.0687733 0.0803143 0.0835343 0.0703281 0.1153294 0.0845053 0.0977388 0.0691472 0.0532295 0.0861343 0.0774429 0.0745647 0.1125202 0.0686715 0.0963909 0.0780684 0.0822822 0.0965065 0.0817435 0.0976246 0.0722999 0.0791242 0.1043552 0.0881458 0.0681549 0.1114095 0.1318723 0.0903691 0.0772278 0.0932952 0.0859271 0.1323941 0.0769617 0.0815047 0.0955245 0.0743204 0.0838321 0.0784669 0.0721424 0.0763590 0.0827866 0.0791700 0.0979116 0.1312565 0.0944069 0.0952019 0.1270623 0.0625939 0.0854392 0.0987379 0.0836617 0.0828263 0.1087853 0.0781891 0.1396802 0.0794036 0.1006075 0.1048760 0.0920299 0.0811034 0.1313989 0.0759400 0.1261461 0.0962790 0.1053842 0.0755235 0.0989590 0.0694344 0.0768971 0.1181975 0.0747779 0.0785318 0.0666809 0.1044272 0.0911703 0.0954071 0.0859536 0.1238423 0.1074834 0.0848057 0.0806230 0.0641052 0.1005556 0.0765900 0.0729090 0.0895536 0.0666541 0.0595389 0.0837298 0.0796515 0.1303205 0.0604893 0.0706030 0.1242792 0.0744838 0.0740106 0.1288094 0.0807775 0.1227129 0.0675568 0.0805501 0.0649564 
PAFTOL_019361 0.2940186 0.3694917 0.1912201 0.1938045 0.0000000 0.1855262 0.2118180 0.2188062 0.1834311 0.1985083 0.2095696 0.1881775 0.2089979 0.1877078 0.1809187 0.2123558 0.1797803 0.1869180 0.1973143 0.1910288 0.1920120 0.1868121 0.1939539 0.2214034 0.1998061 0.1909274 0.1920895 0.1901699 0.2037901 0.1898112 0.2019935 0.1722277 0.1842920 0.2293510 0.2107659 0.1933624 0.2109181 0.2295246 0.1774045 0.1862087 0.1971487 0.1855104 0.1778367 0.2103236 0.1857842 0.1932859 0.2043017 0.1824207 0.1909614 0.1989319 0.1838163 0.2015488 0.1897146 0.2035767 0.2248516 0.1939110 0.1828232 0.2184168 0.1680925 0.1918430 0.1888498 0.1776886 0.1763504 0.2870970 0.1965615 0.1777374 0.2111876 0.2027800 0.1978448 0.1952276 0.1859855 0.1697742 0.1891127 0.1729975 0.2161020 0.1852978 0.2022553 0.1931439 0.1814054 0.1974843 0.1798156 0.1945228 0.1797970 0.1788166 0.2171462 0.1829818 0.1832780 0.1846004 0.2238542 0.2227904 0.1961314 0.1965024 0.1877041 0.1932319 0.1887437 0.1898428 0.2272413 0.1945925 0.1758120 0.1847310 0.1946792 0.1999046 0.1765173 0.1830205 0.2163956 0.1793474 0.1846102 0.2381220 0.1945400 0.2138107 0.1905527 0.2001276 0.1912645 
S0055         0.3131596 0.4774365 0.0689519 0.0814240 0.1855262 0.0000000 0.0698501 0.0818469 0.0798415 0.0452588 0.0879717 0.0567237 0.0508739 0.0743030 0.0624697 0.0857659 0.0698820 0.0737765 0.0827015 0.0722299 0.0689461 0.0517712 0.0503372 0.0858534 0.0566091 0.0623478 0.0677534 0.0637623 0.0789128 0.0747324 0.0751629 0.0510358 0.0734218 0.1073234 0.0529380 0.0384021 0.0783852 0.0901804 0.0671797 0.0516336 0.0805378 0.0742397 0.1288128 0.0593505 0.0725322 0.0811595 0.0375799 0.0596687 0.0680940 0.0384037 0.0700122 0.0741222 0.0670626 0.0849753 0.0940437 0.0830727 0.0681246 0.0924504 0.0453558 0.0703013 0.0761182 0.0575643 0.0570036 0.1002708 0.0777632 0.1284446 0.0657149 0.0786273 0.0886355 0.0654153 0.0592047 0.1240618 0.0656907 0.1166058 0.0736607 0.0850012 0.0820286 0.0814233 0.0378733 0.0607063 0.1131819 0.0413881 0.0447866 0.0529050 0.0794391 0.0701388 0.0682666 0.0768166 0.0854183 0.0746501 0.0845081 0.0719892 0.0347128 0.0958327 0.0649789 0.0610057 0.0417502 0.0394506 0.0177144 0.0570080 0.0361815 0.0903054 0.0451935 0.0511660 0.0934653 0.0409898 0.0700238 0.1046503 0.0741875 0.0933252 0.0362707 0.0760680 0.0395545 
S0196sl       0.3175857 0.4541663 0.0638171 0.0795835 0.2118180 0.0698501 0.0000000 0.0972066 0.0399343 0.0673829 0.1074801 0.0591104 0.0839948 0.0684122 0.0550323 0.0982983 0.0784305 0.0814528 0.0979133 0.0878481 0.0853692 0.0450334 0.0718392 0.1022319 0.0715073 0.0718878 0.0160623 0.0720129 0.0793714 0.0764375 0.0775439 0.0616281 0.0740902 0.0927846 0.0854183 0.0584108 0.0879272 0.0986150 0.0698558 0.0450334 0.0289727 0.0759412 0.1274573 0.0795527 0.0766002 0.0739697 0.0791899 0.0695965 0.0161495 0.0636704 0.0182015 0.0223885 0.0768769 0.0334200 0.0985991 0.0807330 0.0710796 0.1019215 0.0451107 0.0688570 0.0969751 0.0643380 0.0741164 0.1104607 0.0425163 0.1335558 0.0723679 0.0783283 0.0958979 0.0666595 0.0668296 0.1226506 0.0139968 0.1296788 0.0614830 0.1171202 0.0778685 0.0845983 0.0523197 0.0735417 0.1228633 0.0692874 0.0807409 0.0616551 0.0932727 0.0733791 0.0711091 0.0792109 0.0898098 0.0902680 0.0660754 0.0749598 0.0588320 0.0914990 0.0713151 0.0671671 0.0726282 0.0669278 0.0649498 0.0773126 0.0671415 0.0917326 0.0543160 0.0617170 0.1033826 0.0762680 0.0182041 0.1148318 0.0424673 0.0973891 0.0621799 0.0404869 0.0695494 
S0278         0.3274230 0.6166228 0.0955103 0.1060939 0.2188062 0.0818469 0.0972066 0.0000000 0.1003683 0.0943004 0.0395892 0.0818798 0.0999464 0.0949860 0.1038929 0.0323408 0.0981708 0.0492806 0.1142401 0.0975164 0.1093474 0.0970041 0.1024683 0.0343822 0.0904403 0.0307809 0.0875386 0.1019772 0.0468284 0.0908532 0.0401787 0.0817451 0.1061417 0.1109150 0.1013277 0.0898504 0.0340903 0.0872123 0.0603006 0.0967300 0.0969670 0.0907877 0.1401925 0.0954786 0.0926339 0.0908577 0.0926661 0.0917007 0.0879972 0.0876813 0.0899997 0.0943923 0.0915686 0.1016997 0.0821334 0.1026299 0.0656569 0.0869965 0.0758487 0.0884106 0.1152818 0.0936790 0.0884149 0.1454853 0.0938844 0.1520773 0.1010343 0.1042515 0.1068528 0.1030542 0.0959525 0.1352685 0.0853290 0.1369950 0.0670518 0.1358013 0.0964651 0.1068772 0.0864402 0.0956305 0.1389910 0.0945763 0.0922417 0.0755171 0.0303716 0.0676989 0.0657964 0.0972711 0.0912332 0.0269289 0.0897499 0.0924472 0.0855378 0.1037911 0.0933770 0.0893885 0.1017054 0.0900077 0.0706231 0.0892206 0.0909675 0.0865126 0.0718152 0.0845695 0.0457058 0.0837800 0.0876633 0.0500891 0.0945291 0.0888055 0.0891159 0.0921633 0.0882762 
S0281         0.3168177 0.4689600 0.0627727 0.0863972 0.1834311 0.0798415 0.0399343 0.1003683 0.0000000 0.0800230 0.0980592 0.0608964 0.0896797 0.0749019 0.0571765 0.1022460 0.0781065 0.0811495 0.0803250 0.0852203 0.0980050 0.0835143 0.0853344 0.1023448 0.0733836 0.0777302 0.0342226 0.0774710 0.0813587 0.0759834 0.0763678 0.0629825 0.0836208 0.0890426 0.0888210 0.0724369 0.0906961 0.1100492 0.0747023 0.0832827 0.0511488 0.0774922 0.1236870 0.0840111 0.0755045 0.0758475 0.0831992 0.0737412 0.0343820 0.0788664 0.0325707 0.0398100 0.0778285 0.0551062 0.1095191 0.0708499 0.0755188 0.1057416 0.0472973 0.0670499 0.0831115 0.0672967 0.0711434 0.1100861 0.0344680 0.1325277 0.0680666 0.0793345 0.0825116 0.0802836 0.0737191 0.1142005 0.0323998 0.1249292 0.0787150 0.1079627 0.0767006 0.0801373 0.0572460 0.0708028 0.1242374 0.0855889 0.0766952 0.0612090 0.0930084 0.0776135 0.0756814 0.0821740 0.0982334 0.0926432 0.0667875 0.0792746 0.0706453 0.0881742 0.0689818 0.0674278 0.0835831 0.0773031 0.0686869 0.0757238 0.0716393 0.0860354 0.0569590 0.0630359 0.1061847 0.0789660 0.0325749 0.1103983 0.0364077 0.0978714 0.0761357 0.0364143 0.0773839 
S0282         0.3064827 0.4313766 0.0770130 0.0693242 0.1985083 0.0452588 0.0673829 0.0943004 0.0800230 0.0000000 0.0957655 0.0625904 0.0189191 0.0768628 0.0626900 0.0984928 0.0772507 0.0783534 0.0903037 0.0769433 0.0664798 0.0103395 0.0180824 0.0962855 0.0604855 0.0765363 0.0699154 0.0698401 0.0878056 0.0772481 0.0794306 0.0606141 0.0735317 0.0971559 0.0383101 0.0116533 0.0907264 0.1115590 0.0815241 0.0103131 0.0824870 0.0769227 0.1374582 0.0692431 0.0750158 0.0898635 0.0170589 0.0696084 0.0702684 0.0116539 0.0721956 0.0763351 0.0750350 0.0869454 0.1134240 0.0836961 0.0845440 0.1064411 0.0547860 0.0769343 0.0908008 0.0714899 0.0667676 0.1050130 0.0759544 0.1368128 0.0718249 0.0875528 0.0967008 0.0748347 0.0731249 0.1325822 0.0678371 0.1290657 0.0882621 0.0980362 0.0823167 0.0840017 0.0362475 0.0648646 0.1284883 0.0164883 0.0359138 0.0567506 0.0897985 0.0866543 0.0847238 0.0793580 0.1088023 0.0888749 0.0782075 0.0743949 0.0082768 0.0895932 0.0748710 0.0669746 0.0196958 0.0114172 0.0328964 0.0644772 0.0380770 0.1064845 0.0508589 0.0626230 0.1022840 0.0323310 0.0675225 0.1130785 0.0785073 0.1104717 0.0065828 0.0782882 0.0215546 
S0289         0.3471637 0.5208432 0.0994852 0.1200475 0.2095696 0.0879717 0.1074801 0.0395892 0.0980592 0.0957655 0.0000000 0.0857298 0.1018959 0.1040225 0.1043076 0.0341990 0.1063045 0.0508933 0.1101314 0.0965774 0.1155948 0.1072211 0.1037240 0.0288379 0.0987063 0.0324825 0.0936752 0.1079038 0.0569971 0.1038977 0.0478139 0.0841688 0.1103647 0.1221236 0.1096015 0.0911956 0.0339470 0.0891402 0.0683301 0.1069151 0.1078051 0.0972091 0.1314960 0.1037072 0.1014211 0.1090624 0.0984870 0.0942610 0.0941678 0.0955642 0.0961818 0.1006318 0.1042147 0.1126776 0.0860017 0.1115475 0.0694116 0.0889365 0.0796712 0.0924764 0.1147696 0.0962554 0.0909147 0.1646177 0.1000822 0.1408891 0.1050799 0.1130428 0.1190414 0.1114675 0.1042230 0.1267014 0.0895424 0.1262745 0.0666635 0.1304732 0.1056834 0.1134211 0.0948468 0.0952105 0.1304124 0.0980425 0.0961510 0.0843507 0.0340072 0.0714680 0.0695593 0.1061855 0.0908325 0.0394341 0.1006663 0.0991318 0.0890724 0.1071756 0.0973409 0.0906709 0.1038715 0.0956084 0.0798524 0.0904530 0.0972802 0.0884194 0.0756136 0.0817987 0.0324971 0.0897085 0.0961985 0.0418484 0.1050844 0.0927223 0.0929984 0.1026465 0.0917392 
S0292         0.2823060 0.4703819 0.0434141 0.0687733 0.1881775 0.0567237 0.0591104 0.0818798 0.0608964 0.0625904 0.0857298 0.0000000 0.0651258 0.0659765 0.0567097 0.0815884 0.0617026 0.0626517 0.0427685 0.0464173 0.0718526 0.0576704 0.0677495 0.0821956 0.0547014 0.0630163 0.0513564 0.0548586 0.0673302 0.0665532 0.0693793 0.0376538 0.0664460 0.0939057 0.0707304 0.0536554 0.0724435 0.0970732 0.0674656 0.0575163 0.0713297 0.0678059 0.1162193 0.0605419 0.0644220 0.0617791 0.0611857 0.0436971 0.0516049 0.0536578 0.0496794 0.0535246 0.0547833 0.0755925 0.0966076 0.0784826 0.0664065 0.0950100 0.0304554 0.0680320 0.0613489 0.0454780 0.0470386 0.1097600 0.0570710 0.1112888 0.0401016 0.0802766 0.0857641 0.0550764 0.0491220 0.1116270 0.0494136 0.1065870 0.0560148 0.0777788 0.0551158 0.0830478 0.0492015 0.0289338 0.1032536 0.0602899 0.0581988 0.0341594 0.0813973 0.0684176 0.0665451 0.0685865 0.0921748 0.0727768 0.0717587 0.0656445 0.0497969 0.0845082 0.0434453 0.0165479 0.0679058 0.0563830 0.0487900 0.0328181 0.0531205 0.0897629 0.0114795 0.0130910 0.0828750 0.0542767 0.0534587 0.0955945 0.0555424 0.0896089 0.0513139 0.0553990 0.0526972 
S0293         0.3012797 0.4147790 0.0821945 0.0803143 0.2089979 0.0508739 0.0839948 0.0999464 0.0896797 0.0189191 0.1018959 0.0651258 0.0000000 0.0906156 0.0625352 0.1075700 0.0843899 0.0856323 0.0933120 0.0889360 0.0686653 0.0107948 0.0257911 0.0999077 0.0688556 0.0841909 0.0789900 0.0726676 0.0864611 0.0908963 0.0847563 0.0610065 0.0849605 0.1123175 0.0436272 0.0156141 0.0992079 0.1144916 0.0873123 0.0107659 0.0919880 0.0895391 0.1420224 0.0742346 0.0863441 0.0876136 0.0233626 0.0703530 0.0794080 0.0173832 0.0814305 0.0837175 0.0801207 0.0967222 0.1140289 0.0931034 0.0858592 0.1095406 0.0588741 0.0905023 0.0860480 0.0721934 0.0673941 0.1247252 0.0896212 0.1413382 0.0744152 0.0978465 0.0997195 0.0827927 0.0781267 0.1367258 0.0767837 0.1309668 0.0827456 0.0972579 0.0919845 0.0960588 0.0452215 0.0568924 0.1302841 0.0223699 0.0447844 0.0627307 0.1026855 0.0880539 0.0860487 0.0910506 0.1120224 0.0972761 0.0917545 0.0858882 0.0155912 0.0942985 0.0800525 0.0697174 0.0265492 0.0187608 0.0402561 0.0670929 0.0357289 0.1152389 0.0548806 0.0650606 0.1131811 0.0372650 0.0764155 0.1189624 0.0881238 0.1159596 0.0120040 0.0878629 0.0259122 
S0303         0.2982423 0.4379762 0.0829882 0.0835343 0.1877078 0.0743030 0.0684122 0.0949860 0.0749019 0.0768628 0.1040225 0.0659765 0.0906156 0.0000000 0.0329451 0.1083111 0.0053826 0.0906941 0.0855013 0.0916639 0.0780826 0.0769733 0.0863177 0.1059516 0.0723491 0.0830923 0.0692351 0.0893784 0.0932909 0.0049752 0.0859089 0.0699127 0.0825565 0.0586409 0.0921780 0.0736681 0.1000148 0.1173917 0.0837197 0.0767610 0.0845619 0.0034624 0.1268410 0.0916566 0.0016421 0.0864259 0.0797756 0.0792704 0.0695907 0.0735401 0.0715527 0.0716672 0.0784721 0.0846571 0.1168727 0.0436367 0.0844242 0.1128969 0.0593884 0.0294762 0.1016978 0.0812879 0.0763717 0.1204391 0.0776752 0.1264715 0.0834308 0.0532618 0.0564597 0.0877544 0.0830785 0.1218144 0.0671219 0.1119740 0.0836100 0.1095815 0.0770011 0.0524205 0.0724764 0.0782851 0.1061050 0.0798391 0.0802711 0.0660974 0.0994570 0.0865799 0.0846077 0.0083886 0.1031295 0.0960773 0.0393419 0.0067712 0.0694867 0.0534073 0.0826825 0.0787291 0.0890071 0.0741573 0.0630277 0.0747141 0.0791029 0.1017738 0.0677282 0.0699852 0.1056719 0.0760769 0.0693294 0.1144725 0.0803046 0.1072452 0.0729514 0.0775970 0.0742348 
S0308         0.3430243 0.4603965 0.0624744 0.0703281 0.1809187 0.0624697 0.0550323 0.1038929 0.0571765 0.0626900 0.1043076 0.0567097 0.0625352 0.0329451 0.0000000 0.1080515 0.0331052 0.0819648 0.0557380 0.0911148 0.0777654 0.0618202 0.0738666 0.1052212 0.0596853 0.0804074 0.0509290 0.0763044 0.0850956 0.0329138 0.0876880 0.0599022 0.0857075 0.0608743 0.0688604 0.0512907 0.0922516 0.1250056 0.0805159 0.0616513 0.0668110 0.0321680 0.1449395 0.0630601 0.0327771 0.0676497 0.0580398 0.0661841 0.0513242 0.0571018 0.0542827 0.0540659 0.0601622 0.0668110 0.1355682 0.0307511 0.0792333 0.1198582 0.0504712 0.0328263 0.0601841 0.0605458 0.0633905 0.1128679 0.0543537 0.1553846 0.0776176 0.0419677 0.0365305 0.0740930 0.0636893 0.1368900 0.0448487 0.1389661 0.0746912 0.0790710 0.0636229 0.0444488 0.0499964 0.0564482 0.1293764 0.0590496 0.0561129 0.0416670 0.1050417 0.0827913 0.0796985 0.0386189 0.1050899 0.0939287 0.0511305 0.0364310 0.0480861 0.0422844 0.0719352 0.0535907 0.0727667 0.0590619 0.0474908 0.0570948 0.0537994 0.1041607 0.0536213 0.0567555 0.1038992 0.0530052 0.0477897 0.1234754 0.0576044 0.1046967 0.0569616 0.0542701 0.0530013 
S0320         0.3153895 0.5818406 0.0951737 0.1153294 0.2123558 0.0857659 0.0982983 0.0323408 0.1022460 0.0984928 0.0341990 0.0815884 0.1075700 0.1083111 0.1080515 0.0000000 0.1080911 0.0454033 0.1071891 0.0847057 0.1115501 0.1039029 0.1067194 0.0345249 0.0878755 0.0271434 0.0866604 0.0992806 0.0489072 0.1038079 0.0418965 0.0766578 0.1121202 0.1220266 0.0993036 0.0917373 0.0323581 0.0869005 0.0642971 0.1039029 0.1004268 0.1042966 0.1323264 0.0951423 0.1055945 0.0973331 0.0947703 0.0863145 0.0871099 0.0939146 0.0890933 0.0934393 0.0903099 0.1051709 0.0818401 0.1089194 0.0654175 0.0890112 0.0754407 0.0945590 0.1093088 0.0882566 0.0791319 0.1498035 0.0957475 0.1465236 0.1004910 0.0932383 0.1087285 0.0972125 0.0904718 0.1248304 0.0844743 0.1343368 0.0641620 0.1262661 0.1005106 0.0977818 0.0905925 0.0951188 0.1289093 0.0942398 0.0919193 0.0768307 0.0322151 0.0674527 0.0654399 0.1078416 0.0909095 0.0338680 0.1005771 0.1033646 0.0897320 0.1086562 0.0927127 0.0890710 0.0976075 0.0897048 0.0705663 0.0907924 0.0888214 0.0884036 0.0715557 0.0842679 0.0362658 0.0834831 0.0891093 0.0442175 0.0964040 0.0884907 0.0909697 0.0940291 0.0902753 
S0322         0.2871803 0.4154254 0.0817308 0.0845053 0.1797803 0.0698820 0.0784305 0.0981708 0.0781065 0.0772507 0.1063045 0.0617026 0.0843899 0.0053826 0.0331052 0.1080911 0.0000000 0.0898736 0.0884178 0.0900363 0.0804329 0.0805774 0.0850414 0.1060915 0.0748802 0.0818037 0.0686918 0.0891689 0.0879979 0.0034882 0.0892403 0.0657089 0.0788134 0.0622309 0.0888975 0.0738786 0.1020086 0.1184525 0.0844344 0.0803534 0.0846624 0.0018341 0.1287388 0.0839164 0.0017441 0.0903125 0.0805377 0.0756313 0.0690621 0.0738214 0.0689683 0.0712404 0.0743397 0.0872764 0.1178505 0.0442050 0.0831882 0.1131229 0.0636377 0.0274424 0.0937932 0.0776821 0.0725876 0.1263351 0.0782628 0.1283395 0.0779285 0.0542763 0.0497924 0.0865881 0.0794413 0.1235862 0.0664771 0.1180165 0.0843672 0.1018878 0.0825971 0.0557016 0.0728497 0.0746745 0.1141945 0.0782795 0.0764148 0.0613356 0.1038209 0.0852435 0.0832112 0.0070722 0.1030755 0.1001710 0.0417375 0.0035509 0.0672493 0.0521084 0.0838825 0.0750390 0.0896804 0.0743901 0.0616716 0.0708127 0.0774798 0.1066888 0.0635500 0.0639437 0.1058393 0.0745020 0.0686198 0.1185529 0.0810541 0.1067181 0.0710073 0.0808087 0.0723765 
S0327         0.3105277 0.4779722 0.0786110 0.0977388 0.1869180 0.0737765 0.0814528 0.0492806 0.0811495 0.0783534 0.0508933 0.0626517 0.0856323 0.0906941 0.0819648 0.0454033 0.0898736 0.0000000 0.0887026 0.0755915 0.1043618 0.0730591 0.0897191 0.0454574 0.0780306 0.0269117 0.0730660 0.0791673 0.0402604 0.0867612 0.0360836 0.0740171 0.0927611 0.1020131 0.0868143 0.0774434 0.0413964 0.0735694 0.0494760 0.0728604 0.0880585 0.0823340 0.1189955 0.0852678 0.0885033 0.0896643 0.0817861 0.0834861 0.0734326 0.0734564 0.0713777 0.0772512 0.0850733 0.0925594 0.0771927 0.0935434 0.0505986 0.0796085 0.0640578 0.0800384 0.1011350 0.0854023 0.0804089 0.1194452 0.0735730 0.1278597 0.0856550 0.0929759 0.1068711 0.0896494 0.0829786 0.1143576 0.0709910 0.1205950 0.0516246 0.1153460 0.0881994 0.0956413 0.0704307 0.0787165 0.1197987 0.0780170 0.0775263 0.0702681 0.0472911 0.0525091 0.0507017 0.0929888 0.0769966 0.0430837 0.0795194 0.0882450 0.0733451 0.0979782 0.0805782 0.0709492 0.0828148 0.0778253 0.0673252 0.0746337 0.0765621 0.0756752 0.0546447 0.0665345 0.0556704 0.0775745 0.0753615 0.0580630 0.0740580 0.0747518 0.0708444 0.0718811 0.0741088 
S0335         0.2450083 0.0000010 0.0427475 0.0691472 0.1973143 0.0827015 0.0979133 0.1142401 0.0803250 0.0903037 0.1101314 0.0427685 0.0933120 0.0855013 0.0557380 0.1071891 0.0884178 0.0887026 0.0000000 0.0358314 0.1000084 0.0819390 0.0984740 0.1025518 0.0658159 0.0889784 0.0878896 0.0895356 0.0985912 0.0900692 0.0964200 0.0539094 0.0759868 0.0961589 0.1068860 0.0830352 0.1020199 0.1090009 0.0926296 0.0814426 0.1047395 0.0836888 0.1135760 0.0844052 0.0864488 0.0718717 0.0856029 0.0674903 0.0841977 0.0864089 0.0885947 0.0916101 0.0692243 0.1051251 0.1020278 0.0874365 0.0948656 0.1142876 0.0515628 0.0750013 0.0865375 0.0703341 0.0658690 0.0734340 0.0868118 0.0984878 0.0513375 0.0971340 0.1060272 0.0764714 0.0696993 0.1105128 0.0878338 0.0967873 0.0925481 0.0912764 0.0570922 0.0892922 0.0606247 0.0580778 0.0963897 0.0894566 0.0787280 0.0547627 0.1034402 0.0949870 0.0951812 0.0827239 0.1098169 0.1050698 0.0809807 0.0851942 0.0857554 0.0985587 0.0151176 0.0484827 0.0946938 0.0858164 0.0844307 0.0586272 0.0670068 0.1048774 0.0397664 0.0456134 0.1294064 0.0851369 0.0919144 0.1006060 0.0841693 0.1206529 0.0680742 0.0907079 0.0800379 
S0345         0.2551381 0.0000010 0.0430655 0.0532295 0.1910288 0.0722299 0.0878481 0.0975164 0.0852203 0.0769433 0.0965774 0.0464173 0.0889360 0.0916639 0.0911148 0.0847057 0.0900363 0.0755915 0.0358314 0.0000000 0.0970315 0.0883968 0.0799489 0.0917817 0.0643842 0.0714193 0.0854897 0.0935350 0.0808886 0.0920902 0.0836471 0.0603573 0.0602081 0.0958030 0.0886469 0.0687487 0.1005218 0.1042148 0.0844980 0.1015524 0.0984351 0.0884764 0.1134988 0.0836827 0.0883217 0.0758292 0.0846300 0.0777334 0.0858951 0.0727039 0.0863265 0.0899955 0.0720572 0.1074205 0.0918642 0.1079083 0.0829924 0.1104916 0.0499447 0.0834561 0.0855120 0.0771055 0.0754129 0.0852294 0.0941819 0.1052119 0.0496781 0.1025406 0.1235601 0.0642901 0.0645644 0.1057889 0.0854237 0.1068309 0.0679141 0.0957445 0.0496307 0.0966900 0.0646845 0.0652564 0.1062840 0.0721683 0.0785542 0.0467695 0.0968529 0.0827557 0.0790582 0.0886415 0.1001044 0.0907586 0.0735197 0.0852732 0.0762246 0.1069237 0.0188033 0.0535414 0.0700395 0.0721025 0.0728960 0.0660252 0.0722466 0.1052836 0.0425910 0.0534689 0.1014584 0.0826879 0.0903612 0.0930179 0.0982400 0.1180776 0.0537744 0.0991549 0.0730036 
S0376         0.3146652 0.4299117 0.0885614 0.0861343 0.1920120 0.0689461 0.0853692 0.1093474 0.0980050 0.0664798 0.1155948 0.0718526 0.0686653 0.0780826 0.0777654 0.1115501 0.0804329 0.1043618 0.1000084 0.0970315 0.0000000 0.0532482 0.0721005 0.1148594 0.0769608 0.1005847 0.0851131 0.0330528 0.1016278 0.0812882 0.1088853 0.0677579 0.0741836 0.1145115 0.0779456 0.0629382 0.1086444 0.1384812 0.1082659 0.0532482 0.1016225 0.0834341 0.1395362 0.0748680 0.0785074 0.1027194 0.0717123 0.0822587 0.0855866 0.0586971 0.0877184 0.0900386 0.0903137 0.1018798 0.1401339 0.0975528 0.1066163 0.1384496 0.0653406 0.0857701 0.0959897 0.0798095 0.0746771 0.1397361 0.0931519 0.1453067 0.0779077 0.0947190 0.1029989 0.0885776 0.0815655 0.1380773 0.0804916 0.1321865 0.1006171 0.0992788 0.0982976 0.0980506 0.0686546 0.0788563 0.1287359 0.0593880 0.0680527 0.0718291 0.1195003 0.1067117 0.1066574 0.0856896 0.1384289 0.1134114 0.0998417 0.0801501 0.0566107 0.1067544 0.0853992 0.0767313 0.0697554 0.0594286 0.0510795 0.0790932 0.0645658 0.1341296 0.0656902 0.0698167 0.1189012 0.0638024 0.0877353 0.1353014 0.0916134 0.1317157 0.0562340 0.0913306 0.0617940 
S0400         0.3349255 0.4677750 0.0697920 0.0774429 0.1868121 0.0517712 0.0450334 0.0970041 0.0835143 0.0103395 0.1072211 0.0576704 0.0107948 0.0769733 0.0618202 0.1039029 0.0805774 0.0730591 0.0819390 0.0883968 0.0532482 0.0000000 0.0206349 0.0980481 0.0513647 0.0807233 0.0610634 0.0558245 0.0814561 0.0801018 0.0850288 0.0607673 0.0734120 0.0982922 0.0292523 0.0131840 0.0890696 0.1313209 0.0840005 0.0000021 0.0767328 0.0797348 0.1557486 0.0519171 0.0797419 0.0762359 0.0188531 0.0607358 0.0615293 0.0078228 0.0644416 0.0641947 0.0706680 0.0767328 0.1379191 0.0820305 0.0827006 0.1262114 0.0514800 0.0794472 0.0699945 0.0612974 0.0580471 0.1251862 0.0705873 0.1578829 0.0716501 0.0776317 0.0854708 0.0710001 0.0705725 0.1438238 0.0550118 0.1497031 0.0842318 0.0759056 0.0870127 0.0797345 0.0289441 0.0572605 0.1410781 0.0102291 0.0345488 0.0514723 0.1079509 0.0861831 0.0829413 0.0862697 0.1300223 0.0906336 0.0941409 0.0782537 0.0052147 0.0872782 0.0726659 0.0612727 0.0161679 0.0101839 0.0341515 0.0578936 0.0349282 0.1232987 0.0458604 0.0547349 0.1030847 0.0208082 0.0579233 0.1336463 0.0682621 0.1143995 0.0025702 0.0644275 0.0235090 
S0405         0.3049955 0.4281000 0.0822558 0.0745647 0.1939539 0.0503372 0.0718392 0.1024683 0.0853344 0.0180824 0.1037240 0.0677495 0.0257911 0.0863177 0.0738666 0.1067194 0.0850414 0.0897191 0.0984740 0.0799489 0.0721005 0.0206349 0.0000000 0.1044745 0.0618274 0.0843329 0.0731462 0.0751113 0.0843512 0.0844888 0.0873458 0.0657630 0.0787983 0.1067602 0.0434127 0.0132085 0.0987244 0.1199993 0.0891605 0.0205824 0.0878189 0.0887607 0.1475069 0.0724485 0.0842442 0.0969354 0.0240443 0.0748669 0.0735135 0.0200109 0.0754315 0.0795666 0.0802714 0.0944850 0.1175164 0.0909894 0.0897741 0.1147603 0.0599102 0.0861713 0.0877403 0.0767466 0.0719592 0.1153752 0.0852873 0.1468250 0.0731327 0.0950760 0.1030406 0.0807392 0.0742882 0.1425870 0.0710689 0.1389737 0.0901797 0.0947782 0.0917564 0.0934172 0.0413097 0.0660819 0.1412001 0.0247711 0.0426822 0.0656914 0.1020479 0.0898478 0.0899643 0.0886669 0.1171575 0.0968726 0.0875984 0.0837732 0.0115275 0.0927123 0.0801011 0.0682928 0.0273853 0.0162698 0.0382661 0.0696402 0.0432473 0.1208374 0.0559575 0.0677835 0.1104832 0.0373326 0.0707429 0.1222470 0.0838400 0.1167496 0.0148381 0.0836055 0.0264596 
S0407sl       0.3542669 0.6223888 0.0930835 0.1125202 0.2214034 0.0858534 0.1022319 0.0343822 0.1023448 0.0962855 0.0288379 0.0821956 0.0999077 0.1059516 0.1052212 0.0345249 0.1060915 0.0454574 0.1025518 0.0917817 0.1148594 0.0980481 0.1044745 0.0000000 0.0902267 0.0271783 0.0894826 0.1022617 0.0518704 0.1016810 0.0440913 0.0841763 0.1103746 0.1221349 0.1010729 0.0918590 0.0288715 0.0805348 0.0623801 0.0977682 0.1034553 0.0992301 0.1458390 0.0952362 0.1034673 0.0921663 0.0924810 0.0942695 0.0899515 0.0918622 0.0919557 0.0941505 0.0957069 0.1082724 0.0797955 0.1089131 0.0633088 0.0827660 0.0756563 0.0924847 0.1149889 0.0961107 0.0909228 0.1781585 0.0958425 0.1527851 0.1002315 0.1033501 0.1118227 0.1005693 0.0957082 0.1405948 0.0872654 0.1402669 0.0601151 0.1354517 0.1003316 0.1038526 0.0906833 0.0953878 0.1422277 0.0966787 0.0920103 0.0801340 0.0306685 0.0675270 0.0656289 0.1082559 0.0846522 0.0343130 0.1003276 0.1034852 0.0875312 0.1041573 0.0973495 0.0891616 0.1052347 0.0919780 0.0729817 0.0890479 0.0930840 0.0884280 0.0716333 0.0842243 0.0344062 0.0835690 0.0919724 0.0192719 0.0964999 0.0844622 0.0891675 0.0941234 0.0881063 
S0412sl       0.2911172 0.4754113 0.0623712 0.0686715 0.1998061 0.0566091 0.0715073 0.0904403 0.0733836 0.0604855 0.0987063 0.0547014 0.0688556 0.0723491 0.0596853 0.0878755 0.0748802 0.0780306 0.0658159 0.0643842 0.0769608 0.0513647 0.0618274 0.0902267 0.0000000 0.0686256 0.0672994 0.0653393 0.0869049 0.0689134 0.0775711 0.0563405 0.0644611 0.1053573 0.0707068 0.0552839 0.0827358 0.1004045 0.0793246 0.0513647 0.0819662 0.0722373 0.1269144 0.0467076 0.0726356 0.0698941 0.0589313 0.0691440 0.0676356 0.0552859 0.0695426 0.0696504 0.0583699 0.0863961 0.0984066 0.0895592 0.0780656 0.1008264 0.0505255 0.0743569 0.0713072 0.0571919 0.0624803 0.0971902 0.0713512 0.1278361 0.0609234 0.0890824 0.0818472 0.0610154 0.0589192 0.1198210 0.0652501 0.1166945 0.0707592 0.0859331 0.0730110 0.0897591 0.0548175 0.0602218 0.1110372 0.0581110 0.0562054 0.0488290 0.0880956 0.0781303 0.0780923 0.0769308 0.1002939 0.0788324 0.0797949 0.0695969 0.0515153 0.0954267 0.0620074 0.0627706 0.0734716 0.0579797 0.0427711 0.0644264 0.0531016 0.0952652 0.0487824 0.0565747 0.0957767 0.0579946 0.0673881 0.1064869 0.0717651 0.1063815 0.0548629 0.0736344 0.0525785 
S0417         0.3058952 0.5837146 0.0712454 0.0963909 0.1909274 0.0623478 0.0718878 0.0307809 0.0777302 0.0765363 0.0324825 0.0630163 0.0841909 0.0830923 0.0804074 0.0271434 0.0818037 0.0269117 0.0889784 0.0714193 0.1005847 0.0807233 0.0843329 0.0271783 0.0686256 0.0000000 0.0676474 0.0817730 0.0280935 0.0793283 0.0271621 0.0647828 0.0913983 0.0983721 0.0813654 0.0719883 0.0234660 0.0695842 0.0479067 0.0804987 0.0804199 0.0766194 0.1151667 0.0816415 0.0810819 0.0792248 0.0740314 0.0739856 0.0679870 0.0719907 0.0699036 0.0740101 0.0694580 0.0848544 0.0649158 0.0858710 0.0491611 0.0715863 0.0549710 0.0727126 0.0870237 0.0717631 0.0710508 0.1322330 0.0762531 0.1240274 0.0778495 0.0853450 0.0977509 0.0758990 0.0694439 0.1105368 0.0655867 0.1167833 0.0496584 0.1074550 0.0846333 0.0880996 0.0670419 0.0733011 0.1158812 0.0765956 0.0703854 0.0609549 0.0289343 0.0510804 0.0492620 0.0855086 0.0690730 0.0251176 0.0780796 0.0806873 0.0679111 0.0901702 0.0712405 0.0674390 0.0739025 0.0724724 0.0550922 0.0692387 0.0692182 0.0670132 0.0511938 0.0611393 0.0366287 0.0642603 0.0699152 0.0400925 0.0746532 0.0709242 0.0693788 0.0745470 0.0687551 
S0419         0.3172444 0.4725993 0.0572953 0.0780684 0.1920895 0.0677534 0.0160623 0.0875386 0.0342226 0.0699154 0.0936752 0.0513564 0.0789900 0.0692351 0.0509290 0.0866604 0.0686918 0.0730660 0.0878896 0.0854897 0.0851131 0.0610634 0.0731462 0.0894826 0.0672994 0.0676474 0.0000000 0.0717869 0.0760849 0.0696651 0.0682439 0.0533753 0.0714285 0.0828063 0.0784562 0.0585042 0.0782569 0.1032942 0.0665693 0.0608983 0.0306144 0.0714057 0.1194791 0.0692594 0.0697579 0.0657195 0.0709798 0.0637865 0.0064887 0.0646906 0.0081235 0.0114305 0.0697783 0.0305629 0.1027934 0.0673621 0.0674900 0.0990420 0.0420369 0.0615561 0.0831381 0.0594409 0.0634149 0.1047441 0.0326112 0.1285269 0.0660206 0.0669607 0.0779115 0.0721032 0.0657016 0.1171372 0.0048295 0.1231350 0.0640508 0.0967090 0.0661806 0.0698766 0.0517910 0.0568825 0.1223919 0.0714382 0.0705350 0.0534879 0.0845848 0.0672652 0.0676333 0.0718546 0.0917003 0.0821739 0.0608197 0.0711151 0.0567262 0.0733505 0.0634287 0.0576553 0.0689491 0.0634284 0.0599478 0.0638685 0.0620922 0.0837307 0.0475162 0.0534216 0.0973312 0.0689942 0.0081243 0.1015318 0.0328126 0.0955209 0.0621519 0.0309548 0.0634937 
S0427         0.2764810 0.4277987 0.0734538 0.0822822 0.1901699 0.0637623 0.0720129 0.1019772 0.0774710 0.0698401 0.1079038 0.0548586 0.0726676 0.0893784 0.0763044 0.0992806 0.0891689 0.0791673 0.0895356 0.0935350 0.0330528 0.0558245 0.0751113 0.1022617 0.0653393 0.0817730 0.0717869 0.0000000 0.0824286 0.0881826 0.0889501 0.0649034 0.0820141 0.1185860 0.0783067 0.0646240 0.0893001 0.1253995 0.0891849 0.0556725 0.0931834 0.0948821 0.1254628 0.0675920 0.0895709 0.1055019 0.0707087 0.0782788 0.0721501 0.0606804 0.0700848 0.0741974 0.0797512 0.0933965 0.1248087 0.1083691 0.0877331 0.1232203 0.0528867 0.0915351 0.0871606 0.0760222 0.0752640 0.1112546 0.0737451 0.1284397 0.0660054 0.1033579 0.1050903 0.0802085 0.0736611 0.1240597 0.0697015 0.1141527 0.0732608 0.1077971 0.0889082 0.1059695 0.0594797 0.0692732 0.1155389 0.0674244 0.0690020 0.0689349 0.0993318 0.0878067 0.0879225 0.0967658 0.1199611 0.0963152 0.1005102 0.0916551 0.0605872 0.1098297 0.0752897 0.0653394 0.0715917 0.0672613 0.0495445 0.0737338 0.0618794 0.1202459 0.0511280 0.0571731 0.1051923 0.0650286 0.0740916 0.1201815 0.0722484 0.1126597 0.0602045 0.0720505 0.0634330 
S0428sl       0.2684785 0.5128501 0.0845444 0.0965065 0.2037901 0.0789128 0.0793714 0.0468284 0.0813587 0.0878056 0.0569971 0.0673302 0.0864611 0.0932909 0.0850956 0.0489072 0.0879979 0.0402604 0.0985912 0.0808886 0.1016278 0.0814561 0.0843512 0.0518704 0.0869049 0.0280935 0.0760849 0.0824286 0.0000000 0.0872434 0.0330269 0.0752849 0.0993068 0.1055580 0.0942423 0.0724125 0.0513665 0.0709463 0.0437344 0.0814561 0.0880018 0.0863071 0.1010841 0.0885724 0.0901465 0.0941868 0.0879465 0.0856961 0.0766165 0.0783028 0.0792869 0.0850860 0.0872112 0.0942454 0.0681330 0.0898164 0.0430585 0.0713751 0.0619599 0.0784034 0.0925026 0.0883374 0.0838068 0.1449037 0.0917048 0.1200122 0.0884309 0.0934014 0.1029626 0.0816116 0.0761121 0.0958898 0.0731916 0.1146178 0.0344563 0.1235253 0.0945005 0.1004905 0.0790575 0.0765727 0.1095369 0.0842766 0.0833941 0.0731205 0.0515768 0.0429750 0.0430786 0.0934996 0.0619938 0.0356207 0.0804035 0.0884161 0.0754981 0.0927972 0.0874853 0.0736437 0.0929246 0.0815355 0.0762729 0.0734510 0.0734738 0.0824008 0.0592965 0.0701348 0.0552264 0.0840863 0.0793057 0.0519881 0.0887444 0.0702230 0.0760787 0.0893428 0.0877558 
S0430         0.2944002 0.4154254 0.0832611 0.0817435 0.1898112 0.0747324 0.0764375 0.0908532 0.0759834 0.0772481 0.1038977 0.0665532 0.0908963 0.0049752 0.0329138 0.1038079 0.0034882 0.0867612 0.0900692 0.0920902 0.0812882 0.0801018 0.0844888 0.1016810 0.0689134 0.0793283 0.0696651 0.0881826 0.0872434 0.0000000 0.0820414 0.0704191 0.0808032 0.0572998 0.0881453 0.0741167 0.0958009 0.1126309 0.0799129 0.0798802 0.0848098 0.0016954 0.1248118 0.0832750 0.0016182 0.0873300 0.0802453 0.0798024 0.0700159 0.0739903 0.0719390 0.0720525 0.0748518 0.0872544 0.1123198 0.0446182 0.0806533 0.1082552 0.0644325 0.0271414 0.0973786 0.0817186 0.0769067 0.1150327 0.0740236 0.1290116 0.0838257 0.0561758 0.0530409 0.0859498 0.0793141 0.1200744 0.0675921 0.1146312 0.0813375 0.1093421 0.0820629 0.0553002 0.0751649 0.0808880 0.1112261 0.0801657 0.0743041 0.0666728 0.0952040 0.0825557 0.0808246 0.0065692 0.0987924 0.0919528 0.0404431 0.0032838 0.0700114 0.0540927 0.0852617 0.0790795 0.0918819 0.0745884 0.0594327 0.0773653 0.0794483 0.0993951 0.0682722 0.0705958 0.1013440 0.0725329 0.0697580 0.1101730 0.0765605 0.1049019 0.0734084 0.0763479 0.0746652 
S0478         0.3044555 0.5325278 0.0820585 0.0976246 0.2019935 0.0751629 0.0775439 0.0401787 0.0763678 0.0794306 0.0478139 0.0693793 0.0847563 0.0859089 0.0876880 0.0418965 0.0892403 0.0360836 0.0964200 0.0836471 0.1088853 0.0850288 0.0873458 0.0440913 0.0775711 0.0271621 0.0682439 0.0889501 0.0330269 0.0820414 0.0000000 0.0629489 0.0967359 0.0950498 0.0884908 0.0748628 0.0417982 0.0743379 0.0464155 0.0847884 0.0854321 0.0816098 0.1208619 0.0868038 0.0838095 0.0824361 0.0834111 0.0720982 0.0685896 0.0789368 0.0705235 0.0746700 0.0844154 0.0899739 0.0721331 0.0887442 0.0495782 0.0745314 0.0611337 0.0733912 0.0921827 0.0740016 0.0691924 0.1264877 0.0678548 0.1298886 0.0850012 0.0881962 0.0978899 0.0868971 0.0801785 0.1161378 0.0661633 0.1224816 0.0500005 0.1131802 0.0807315 0.0909475 0.0717592 0.0799204 0.1217240 0.0835359 0.0810558 0.0669642 0.0455663 0.0515152 0.0496806 0.0840490 0.0719523 0.0360255 0.0767633 0.0834612 0.0707160 0.0925836 0.0821212 0.0739371 0.0804788 0.0752988 0.0660297 0.0713192 0.0753972 0.0769872 0.0593592 0.0694149 0.0543636 0.0769699 0.0705354 0.0587852 0.0683014 0.0715453 0.0738086 0.0661562 0.0715297 
S0552sl       0.2739594 0.4916862 0.0527744 0.0722999 0.1722277 0.0510358 0.0616281 0.0817451 0.0629825 0.0606141 0.0841688 0.0376538 0.0610065 0.0699127 0.0599022 0.0766578 0.0657089 0.0740171 0.0539094 0.0603573 0.0677579 0.0607673 0.0657630 0.0841763 0.0563405 0.0647828 0.0533753 0.0649034 0.0752849 0.0704191 0.0629489 0.0000000 0.0685241 0.0895954 0.0686988 0.0517055 0.0786457 0.0967296 0.0613125 0.0606041 0.0735097 0.0718578 0.1092660 0.0605232 0.0682594 0.0514057 0.0591412 0.0098669 0.0518612 0.0517076 0.0554910 0.0594041 0.0304042 0.0778110 0.0962665 0.0715994 0.0623259 0.0946726 0.0287129 0.0583170 0.0344233 0.0115203 0.0081083 0.1040974 0.0629724 0.1089498 0.0513535 0.0654903 0.0708153 0.0287691 0.0234013 0.1047469 0.0514166 0.1075959 0.0659054 0.0448565 0.0584989 0.0683591 0.0510131 0.0432751 0.1039234 0.0583356 0.0580704 0.0319760 0.0794172 0.0643113 0.0624552 0.0704946 0.0918471 0.0745592 0.0758608 0.0695594 0.0478691 0.0735812 0.0470257 0.0415736 0.0590781 0.0524409 0.0444190 0.0417090 0.0511895 0.0876017 0.0321619 0.0341103 0.0917717 0.0523650 0.0554995 0.0975078 0.0614583 0.0894457 0.0493910 0.0612962 0.0507848 
S0558         0.3106802 0.3823206 0.0768380 0.0791242 0.1842920 0.0734218 0.0740902 0.1061417 0.0836208 0.0735317 0.1103647 0.0664460 0.0849605 0.0825565 0.0857075 0.1121202 0.0788134 0.0927611 0.0759868 0.0602081 0.0741836 0.0734120 0.0787983 0.1103746 0.0644611 0.0913983 0.0714285 0.0820141 0.0993068 0.0808032 0.0967359 0.0685241 0.0000000 0.1100448 0.0841342 0.0682075 0.1026286 0.1272565 0.1014713 0.0734120 0.0949057 0.0848959 0.1352854 0.0688891 0.0805698 0.0811818 0.0766468 0.0756760 0.0699613 0.0641416 0.0737092 0.0778434 0.0936414 0.0995200 0.1311705 0.0962966 0.0998056 0.1295922 0.0584430 0.0828614 0.0989214 0.0775793 0.0789616 0.0899381 0.0817948 0.1346481 0.0711255 0.1001163 0.0993461 0.0920326 0.0812506 0.1304179 0.0693525 0.1344405 0.0858026 0.1063538 0.0901515 0.1009042 0.0652491 0.0806421 0.1338952 0.0705209 0.0686184 0.0685482 0.1037619 0.0998886 0.0998408 0.0829242 0.1258832 0.1046003 0.0801702 0.0798507 0.0642691 0.1002077 0.0739439 0.0748089 0.0802023 0.0688950 0.0594666 0.0813296 0.0674181 0.1043829 0.0623301 0.0724869 0.1137989 0.0685391 0.0737216 0.1262087 0.0844124 0.1254277 0.0655128 0.0841742 0.0651830 
S0616         0.3257179 0.5559028 0.1055531 0.1043552 0.2293510 0.1073234 0.0927846 0.1109150 0.0890426 0.0971559 0.1221236 0.0939057 0.1123175 0.0586409 0.0608743 0.1220266 0.0622309 0.1020131 0.0961589 0.0958030 0.1145115 0.0982922 0.1067602 0.1221349 0.1053573 0.0983721 0.0828063 0.1185860 0.1055580 0.0572998 0.0950498 0.0895954 0.1100448 0.0000000 0.1090803 0.0984762 0.1143961 0.1328940 0.0890131 0.0980110 0.0917113 0.0540764 0.1514728 0.1163361 0.0552248 0.0947427 0.1032834 0.1018376 0.0832351 0.0983029 0.0852127 0.0895255 0.0987181 0.0942298 0.1342789 0.0591114 0.0941115 0.1278028 0.0790945 0.0553577 0.1229576 0.1062743 0.0965611 0.1427738 0.0895874 0.1596316 0.1012490 0.0688703 0.0752880 0.1151782 0.1079037 0.1477687 0.0806375 0.1441404 0.1026332 0.1285051 0.1026253 0.0657352 0.1036037 0.1051730 0.1388772 0.1028505 0.1049427 0.0856930 0.1085033 0.0962998 0.0943160 0.0592963 0.1177127 0.1095036 0.0310839 0.0602899 0.0940778 0.0648926 0.1032100 0.0988725 0.1054883 0.0983694 0.0956797 0.0993064 0.1061671 0.1172862 0.0872924 0.0939473 0.1199615 0.0983932 0.0768102 0.1324341 0.0944314 0.1152987 0.0931681 0.0920688 0.0944618 
