109
CRNC          0.0000000 0.3285451 0.3918519 0.5171773 0.5015568 0.5283426 0.3961259 0.4815226 0.4312394 0.4195918 0.4818972 0.4922500 0.5163102 0.4877726 0.6150172 0.4219363 0.4711937 0.4629963 0.4751695 0.4773716 0.5016469 0.7006995 0.4663637 0.4877726 0.5103934 0.4470086 0.5490707 0.4409457 0.4642859 0.4923559 0.4354054 0.4386200 0.4538379 0.4993126 0.4702945 0.3956129 0.4674050 0.4980826 0.4883771 0.4394938 0.5076639 0.5042392 0.3260210 0.4674936 0.4384444 0.5220306 0.4518341 0.5142426 0.4642859 0.4836590 0.4861341 0.4642859 0.4555964 0.4736839 0.5311166 0.6331850 0.4458851 0.4553458 0.3699334 0.4989359 0.5131968 0.4936579 0.3995043 0.5408933 0.3333090 0.3897506 0.4629046 0.4408122 0.6422138 0.4231939 0.4160140 0.4595359 0.3861815 0.4804235 0.4563468 0.4626408 0.4991035 0.5743007 0.3703466 0.4423439 0.4931838 0.4905817 0.4430729 0.4909153 0.4909153 0.4573743 0.4940531 0.4012465 0.4165348 0.4034562 0.5048870 0.5017199 0.5271529 0.4035525 0.5257145 0.4719772 0.4676247 0.5695264 0.5498935 0.4615320 0.5372318 0.6124034 0.4027798 0.4794147 0.4809310 0.4796770 0.4777025 0.4791886 0.5216573 
HYZL          0.3285451 0.0000000 0.1402107 0.3696454 0.4435176 0.4432227 0.3582149 0.4169739 0.4074175 0.3650691 0.4219248 0.4354509 0.3503896 0.3815390 0.4405117 0.4022058 0.4668661 0.4687444 0.3885920 0.3982606 0.4209433 0.7006995 0.4183237 0.3889343 0.4035963 0.4263739 0.4137876 0.3864083 0.4325149 0.4113794 0.3806091 0.4736825 0.3532600 0.3657460 0.3522491 0.3789729 0.3994753 0.3938703 0.4048245 0.3050997 0.3544160 0.3809022 0.3735374 0.4608072 0.3960772 0.3933963 0.4447183 0.4179588 0.4325149 0.3953376 0.4506258 0.4240859 0.3723997 0.3493202 0.4640121 0.4245303 0.3692927 0.3422244 0.3062182 0.4274695 0.3966565 0.3441756 0.3810183 0.3850714 0.3227039 0.3845600 0.3958493 0.4291106 0.5820284 0.3785722 0.3881479 0.4307671 0.3942283 0.3924071 0.3813208 0.4155221 0.4233692 0.3870153 0.3983804 0.4043725 0.3838688 0.3567509 0.3900345 0.3587270 0.3488160 0.4635584 0.3091511 0.3561527 0.4426888 0.4222716 0.4877195 0.4066454 0.4045850 0.3413916 0.3655281 0.3988642 0.3860236 0.4293493 0.4395783 0.3775075 0.3634201 0.4632754 0.3970717 0.3945372 0.4326418 0.3958264 0.3491517 0.3933267 0.4607824 
MYZV          0.3918519 0.1402107 0.0000000 0.4852221 0.4665507 0.4756576 0.3730937 0.4464860 0.3988754 0.3672637 0.4623349 0.4283492 0.4254234 0.4294151 0.4817820 0.4050293 0.5224057 0.4930836 0.4109942 0.4388318 0.4606702 0.0000010 0.4224218 0.4475609 0.4428608 0.4350394 0.4244923 0.3910474 0.4314294 0.4658256 0.4022019 0.4764390 0.3712448 0.4332881 0.4461501 0.3813819 0.4277425 0.4325614 0.4471084 0.3506401 0.3978381 0.4520992 0.3580101 0.5174979 0.5249845 0.4527287 0.5023035 0.4575362 0.4314294 0.4341444 0.4596891 0.4229400 0.4438324 0.3569751 0.4582238 0.5254906 0.3976110 0.4155400 0.3434522 0.4836863 0.4329491 0.4474355 0.3615164 0.4466929 0.4009673 0.4977474 0.4610655 0.4555677 0.6305389 0.4752413 0.5096897 0.4351338 0.4758373 0.4272602 0.4568457 0.4311748 0.4322466 0.4758746 0.4970566 0.4436184 0.4323948 0.4491985 0.3756100 0.4101448 0.3990897 0.5371377 0.3351509 0.3695101 0.4509792 0.4508860 0.5497306 0.4457616 0.4047528 0.4373778 0.4275192 0.4375950 0.4639906 0.5254151 0.4674645 0.3923155 0.4307504 0.5329652 0.4280509 0.4630364 0.4315548 0.3901731 0.4099584 0.4237069 0.4670716 
SRR6441723    0.5171773 0.3696454 0.4852221 0.0000000 0.0648007 0.1108232 0.1597349 0.0661967 0.0519573 0.0878907 0.0925868 0.1008572 0.0322778 0.0820327 0.1229001 0.1065546 0.1310837 0.1207700 0.0963338 0.0830204 0.0438853 0.0000010 0.0913500 0.0782799 0.0930731 0.1040341 0.0833602 0.0785720 0.0478208 0.0892764 0.0881659 0.1180062 0.0610918 0.0652467 0.0829074 0.0917588 0.1142765 0.0838127 0.0883950 0.0610008 0.0780085 0.0642108 0.0765267 0.1219692 0.1112293 0.0699101 0.1289318 0.1268942 0.0478208 0.0794658 0.0609716 0.0518505 0.0727580 0.0897646 0.1390250 0.0992502 0.0852776 0.0438467 0.0722993 0.1320205 0.0752154 0.0642593 0.0779455 0.0763804 0.1104566 0.1069448 0.0703031 0.1402243 0.2094610 0.0651521 0.1359989 0.0602664 0.1178211 0.0577251 0.0357143 0.1312719 0.1048593 0.0470888 0.1408237 0.0966370 0.1071678 0.0405256 0.0835759 0.0652714 0.0655213 0.1331381 0.0679208 0.1018460 0.0902214 0.0932723 0.1417229 0.0870663 0.1396786 0.0333678 0.0208328 0.0920384 0.0930983 0.0892288 0.1264226 0.0871293 0.0317065 0.0563114 0.1118736 0.1121893 0.0611823 0.0980330 0.0739739 0.0881744 0.0983465 
ERR4210213    0.5015568 0.4435176 0.4665507 0.0648007 0.0000000 0.1233465 0.1736658 0.0540910 0.0764039 0.0991054 0.1006241 0.1020592 0.0775804 0.0983672 0.1756210 0.1591226 0.1391400 0.1126773 0.1092300 0.1231982 0.0172099 0.0000010 0.0526702 0.0981798 0.1130913 0.1222578 0.0759577 0.0882695 0.0764039 0.0862968 0.1099219 0.1126097 0.0801566 0.0752266 0.0989130 0.1224781 0.1384546 0.0868139 0.1007008 0.0890488 0.0996848 0.0637451 0.0000010 0.1257811 0.1040173 0.0763635 0.1398543 0.1476684 0.0764039 0.0900638 0.1068471 0.0764039 0.0758013 0.1221684 0.1158890 0.1434751 0.1223881 0.0753367 0.1111005 0.1257829 0.0642367 0.0968562 0.0437542 0.0999243 0.0000010 0.1865710 0.0883098 0.1584475 3.1242002 0.0842400 0.2196325 0.0764039 0.1912037 0.1046236 0.0855019 0.1584475 0.1480092 0.0752152 0.2294338 0.0982465 0.1256332 0.0769959 0.1136687 0.0881211 0.0881211 0.1355721 0.0746486 0.1122483 0.1090806 0.0896362 0.1401726 0.0981798 0.1267075 0.0566372 0.0552927 0.1100712 0.0967181 0.1094687 0.1124371 0.0558612 0.0656324 0.0788048 0.1109408 0.1256332 0.1035475 0.1511663 0.0881211 0.1004292 0.0888745 
ERR2789774    0.5283426 0.4432227 0.4756576 0.1108232 0.1233465 0.0000000 0.2101356 0.0613918 0.0825055 0.1196555 0.0614360 0.1291833 0.1066084 0.0568013 0.1077586 0.1300521 0.1410606 0.1300025 0.1210830 0.1322186 0.1201588 0.0000010 0.0607858 0.0568406 0.0533008 0.1418087 0.0787706 0.1241633 0.0866622 0.0717697 0.1098005 0.1548566 0.1116712 0.1258157 0.0935466 0.1256921 0.0495028 0.0533317 0.1235712 0.0859324 0.1099891 0.0921381 0.0606116 0.1248702 0.1539401 0.0841010 0.1386700 0.0481111 0.0866622 0.0527949 0.0923256 0.0823945 0.1217989 0.1223685 0.1454342 0.1516969 0.1123513 0.0959954 0.0995760 0.1288730 0.1334425 0.1342407 0.1381733 0.1326428 0.0834594 0.1707890 0.1188681 0.1466445 0.1933023 0.0989001 0.2038799 0.0918086 0.1777200 0.1279804 0.0972172 0.1373813 0.0972043 0.1472012 0.2096215 0.0653098 0.0491106 0.0990885 0.1252556 0.1152422 0.1157311 0.1307792 0.1121780 0.1249811 0.1176791 0.1107335 0.1465727 0.0483862 0.1410238 0.1129678 0.1060385 0.0610922 0.0618115 0.0958038 0.0847844 0.1248154 0.0919829 0.1314063 0.1483418 0.0615585 0.1024862 0.1255644 0.1152083 0.0573622 0.0578256 
PAFTOL_019361 0.3961259 0.3582149 0.3730937 0.1597349 0.1736658 0.2101356 0.0000000 0.1749322 0.1443183 0.1458286 0.1888611 0.1755089 0.1614338 0.1673406 0.2215941 0.1694108 0.2250690 0.1982332 0.1519792 0.1523485 0.1627791 0.0000010 0.1811038 0.1813112 0.1896634 0.1783678 0.1859585 0.1606926 0.1571403 0.2079987 0.1581333 0.2180235 0.1509867 0.1767988 0.2035538 0.1763182 0.2072309 0.1710615 0.1585793 0.1383266 0.1531679 0.1713443 0.1693785 0.2258486 0.1696664 0.1847192 0.2092223 0.2023245 0.1571403 0.1758935 0.1600557 0.1629059 0.1664452 0.1734867 0.1920286 0.1894050 0.1745889 0.1548650 0.1346705 0.2114360 0.1927697 0.1675931 0.1576309 0.1965719 0.1954306 0.1772306 0.1760558 0.2206600 0.3344007 0.1539838 0.1868890 0.1754298 0.1668542 0.1745347 0.1697834 0.2077154 0.2085742 0.1973903 0.1739320 0.1819153 0.2074221 0.1563225 0.1419637 0.1475481 0.1482027 0.2147445 0.1599282 0.1636247 0.1906090 0.1984388 0.2445231 0.1806677 0.1920031 0.1590919 0.1616561 0.1753284 0.1897352 0.2076813 0.2298567 0.1688944 0.1724553 0.1905651 0.1757363 0.2142982 0.1785272 0.1668084 0.1521748 0.1831081 0.1610982 
S0055         0.4815226 0.4169739 0.4464860 0.0661967 0.0540910 0.0613918 0.1749322 0.0000000 0.0449118 0.0713907 0.0363443 0.0722302 0.0620277 0.0362150 0.0775553 0.0936248 0.0955406 0.0863268 0.0715829 0.0818331 0.0700715 0.0000010 0.0471132 0.0322942 0.0365784 0.0904412 0.0535143 0.0712493 0.0407086 0.0547140 0.0716304 0.0895997 0.0606335 0.0673123 0.0765281 0.0857329 0.0439355 0.0288597 0.0831388 0.0557365 0.0802957 0.0516078 0.0254765 0.0879754 0.1073929 0.0460879 0.0940501 0.0733531 0.0407086 0.0251402 0.0526193 0.0447109 0.0843255 0.0946041 0.0929088 0.1025171 0.0898807 0.0616138 0.0521101 0.1020918 0.0746534 0.0863111 0.0869306 0.0819489 0.0723375 0.1217701 0.0727025 0.0924547 0.1809764 0.0562927 0.1444914 0.0530487 0.1258818 0.0754308 0.0621923 0.0906757 0.0664368 0.0984392 0.1494817 0.0400157 0.0526485 0.0589922 0.0761903 0.0671880 0.0674523 0.0981463 0.0807223 0.0849120 0.0716559 0.0605664 0.1104191 0.0321845 0.0937926 0.0634340 0.0576009 0.0361552 0.0406787 0.0541735 0.0623384 0.0868656 0.0575152 0.0840416 0.0958422 0.0650872 0.0538607 0.0794385 0.0761487 0.0325849 0.0486779 
S0196sl       0.4312394 0.4074175 0.3988754 0.0519573 0.0764039 0.0825055 0.1443183 0.0449118 0.0000000 0.0567979 0.0742887 0.0630695 0.0658353 0.0694301 0.1229373 0.0738008 0.1207450 0.1109747 0.0654847 0.0752957 0.0517430 0.0000010 0.0657254 0.0694397 0.0747052 0.0710140 0.0785758 0.0566871 0.0174093 0.0706555 0.0655378 0.1047646 0.0411842 0.0531087 0.0842760 0.0701634 0.0991633 0.0659162 0.0674343 0.0411165 0.0706008 0.0700558 0.0607242 0.1120704 0.1071096 0.0710599 0.1187873 0.1072607 0.0174093 0.0617603 0.0287296 0.0210359 0.0593845 0.0645821 0.1186747 0.1065775 0.0603722 0.0320230 0.0465255 0.1160146 0.0657311 0.0651090 0.0603233 0.0636095 0.0723777 0.1031306 0.0615887 0.1191385 0.2098598 0.0449640 0.1272448 0.0285193 0.1090170 0.0585140 0.0481617 0.1109627 0.0774769 0.0821080 0.1320313 0.0782349 0.0789154 0.0449391 0.0612584 0.0665897 0.0668495 0.1176948 0.0521841 0.0694977 0.0807721 0.0791559 0.1312141 0.0692010 0.1092235 0.0538430 0.0524548 0.0738624 0.0837956 0.1004553 0.1105623 0.0531712 0.0517069 0.0880168 0.0795366 0.0835119 0.0289344 0.0737515 0.0665655 0.0700793 0.0796332 
S0278         0.4195918 0.3650691 0.3672637 0.0878907 0.0991054 0.1196555 0.1458286 0.0713907 0.0567979 0.0000000 0.0883506 0.0292808 0.0889356 0.0844838 0.1398335 0.0357203 0.1231158 0.1181740 0.0364939 0.0403238 0.0968413 0.0000010 0.0929047 0.0831898 0.0888240 0.0360669 0.0895169 0.0361976 0.0697666 0.0863007 0.0283576 0.1165470 0.0332404 0.0718774 0.0937141 0.0246831 0.1160961 0.0748792 0.0330017 0.0375858 0.0522449 0.0828668 0.0852364 0.1144690 0.1232590 0.0864919 0.1211431 0.1132083 0.0697666 0.0753012 0.0867532 0.0741552 0.0910000 0.0645778 0.1269751 0.0891492 0.0689117 0.0524221 0.0106045 0.1069770 0.0808638 0.0797578 0.0593748 0.0728729 0.0710100 0.1250627 0.0742512 0.1166955 0.2336180 0.0555966 0.1357278 0.0834028 0.1175702 0.0770020 0.0880593 0.1027306 0.0991704 0.1026915 0.1405472 0.0923983 0.0920141 0.0622377 0.0246394 0.0484474 0.0486277 0.1200451 0.0614800 0.0244461 0.0726987 0.0973264 0.1334685 0.0829028 0.1173955 0.0849559 0.0841092 0.0878282 0.0888476 0.1054311 0.1176731 0.0715635 0.0662205 0.1101286 0.0365179 0.1059912 0.0847251 0.0378405 0.0484291 0.0839628 0.1041091 
S0282         0.4818972 0.4219248 0.4623349 0.0925868 0.1006241 0.0614360 0.1888611 0.0363443 0.0742887 0.0883506 0.0000000 0.0962186 0.0890183 0.0209882 0.0680228 0.1079145 0.1124071 0.1131847 0.0894174 0.0994112 0.0921400 0.0000010 0.0562148 0.0173361 0.0212087 0.1082562 0.0570216 0.0925691 0.0609321 0.0681688 0.0793959 0.1203161 0.0733121 0.1068445 0.0843840 0.1033433 0.0451837 0.0139439 0.0961290 0.0725232 0.0884629 0.0562203 0.0185674 0.1078005 0.1114077 0.0578976 0.1105892 0.0647516 0.0609321 0.0137945 0.0614866 0.0651823 0.1085409 0.1124847 0.1080292 0.1118137 0.1075772 0.0875704 0.0689994 0.1117437 0.1144717 0.1205692 0.1069459 0.1177397 0.0588830 0.1379555 0.0899257 0.0983856 0.2085232 0.0768151 0.1613082 0.0741043 0.1424683 0.0919625 0.0883640 0.0853613 0.0658093 0.1273464 0.1664714 0.0246057 0.0363432 0.0809733 0.0933765 0.0839843 0.0843196 0.1086646 0.1025826 0.1023741 0.0801481 0.0846409 0.1280012 0.0172778 0.1090463 0.0877569 0.0833235 0.0209612 0.0286938 0.0705683 0.0543343 0.0952458 0.0745093 0.1079504 0.1139800 0.0480937 0.0752619 0.0974126 0.0932948 0.0174900 0.0406066 
S0289         0.4922500 0.4354509 0.4283492 0.1008572 0.1020592 0.1291833 0.1755089 0.0722302 0.0630695 0.0292808 0.0962186 0.0000000 0.1021012 0.0922108 0.1335229 0.0443801 0.1165072 0.1170015 0.0371735 0.0291130 0.1050477 0.0000010 0.1023776 0.0907605 0.0916132 0.0289644 0.0915951 0.0375217 0.0766915 0.0878120 0.0288879 0.1067292 0.0344879 0.0727259 0.1024055 0.0414657 0.1105280 0.0821067 0.0342322 0.0475018 0.0573412 0.0847758 0.0948597 0.1132078 0.1258535 0.0997925 0.1200146 0.1173627 0.0766915 0.0825696 0.0952956 0.0812930 0.1040189 0.0715878 0.1310456 0.0960791 0.0761469 0.0630124 0.0265141 0.1157152 0.0818218 0.0922742 0.0673088 0.0834122 0.1106231 0.1263584 0.0723826 0.1236536 0.2645361 0.0686831 0.1388106 0.0910161 0.1203709 0.0895587 0.1010329 0.1090636 0.1076450 0.1166802 0.1318915 0.1004148 0.1013374 0.0736956 0.0255363 0.0536391 0.0538448 0.1189007 0.0684390 0.0331075 0.0792044 0.0836660 0.1326006 0.0854643 0.1162167 0.0869975 0.0969458 0.0956278 0.1019580 0.1127547 0.1221076 0.0742438 0.0778943 0.1248405 0.0372787 0.1162089 0.0878755 0.0385682 0.0536188 0.0916276 0.1183090 
S0292         0.5163102 0.3503896 0.4254234 0.0322778 0.0775804 0.1066084 0.1614338 0.0620277 0.0658353 0.0889356 0.0890183 0.1021012 0.0000000 0.0785122 0.1298671 0.1121072 0.1255950 0.1222748 0.1029450 0.0933594 0.0572134 0.0000010 0.0802687 0.0747455 0.0894970 0.1053034 0.0746009 0.0902312 0.0614126 0.0804213 0.0987740 0.1134966 0.0617986 0.0710776 0.0734128 0.0928714 0.1000167 0.0802415 0.0900486 0.0617064 0.0789179 0.0649449 0.0774286 0.1167182 0.1197389 0.0663576 0.1243434 0.1225669 0.0614126 0.0758912 0.0668567 0.0657014 0.0879842 0.0908079 0.1237362 0.1067255 0.0862649 0.0571833 0.0728976 0.1400110 0.0753693 0.0699772 0.0912494 0.0858315 0.1123998 0.1146506 0.0711281 0.1347054 0.1756322 0.0544282 0.1377542 0.0747101 0.1193673 0.0682703 0.0484066 0.1320734 0.1036694 0.0441075 0.1426444 0.0930863 0.1035845 0.0447303 0.0848935 0.0660258 0.0662810 0.1285589 0.0878627 0.0937873 0.0866798 0.0945125 0.1370324 0.0835325 0.1283413 0.0505482 0.0103213 0.0884895 0.0895210 0.0856187 0.1167562 0.0992244 0.0323581 0.0363725 0.1132295 0.1085972 0.0709884 0.0996275 0.0748359 0.0846048 0.0850999 
S0293         0.4877726 0.3815390 0.4294151 0.0820327 0.0983672 0.0568013 0.1673406 0.0362150 0.0694301 0.0844838 0.0209882 0.0922108 0.0785122 0.0000000 0.0623647 0.1039320 0.1075097 0.1128491 0.0795910 0.0933488 0.0870023 0.0000010 0.0516073 0.0172728 0.0211312 0.1042671 0.0490126 0.0886982 0.0563366 0.0632665 0.0755689 0.1154310 0.0631607 0.0953543 0.0740551 0.0993831 0.0450229 0.0138922 0.0948115 0.0624819 0.0827572 0.0434567 0.0123374 0.1030954 0.1003348 0.0486579 0.1057790 0.0645376 0.0563366 0.0137435 0.0567833 0.0605107 0.1030526 0.1010821 0.1034636 0.1114473 0.0963675 0.0789579 0.0640455 0.1114142 0.1051656 0.1086793 0.0927142 0.1057802 0.0597794 0.1085478 0.0847146 0.1033811 0.2001692 0.0716535 0.1365500 0.0692607 0.1183457 0.0866518 0.0832507 0.0900459 0.0610892 0.1111280 0.1413834 0.0245168 0.0285558 0.0666849 0.0894768 0.0783923 0.0786995 0.1039266 0.0915896 0.0984437 0.0798767 0.0800905 0.1229867 0.0172152 0.1044447 0.0784966 0.0731437 0.0208850 0.0285902 0.0653205 0.0505737 0.0934089 0.0608059 0.0925835 0.1032890 0.0399704 0.0703339 0.0933467 0.0874603 0.0174254 0.0404625 
S0294         0.6150172 0.4405117 0.4817820 0.1229001 0.1756210 0.1077586 0.2215941 0.0775553 0.1229373 0.1398335 0.0680228 0.1335229 0.1298671 0.0623647 0.0000000 0.1576386 0.1566430 0.1548611 0.1258483 0.1368319 0.1437235 0.0000010 0.0912114 0.0545111 0.0595375 0.1580830 0.0882490 0.1335923 0.1068635 0.1018047 0.1242156 0.1604883 0.1129931 0.1474200 0.1354110 0.1520019 0.0945097 0.0595731 0.1560002 0.1224828 0.1228876 0.0912380 0.0397767 0.1584577 0.1313493 0.0922267 0.1625509 0.0913850 0.1068635 0.0589660 0.1092620 0.1118785 0.1484825 0.1566800 0.1418760 0.1632017 0.1451520 0.1276682 0.1191717 0.1527661 0.1554790 0.1625752 0.1444617 0.1600376 0.0828936 0.1627467 0.1155555 0.1487940 0.2437380 0.1180878 0.1806799 0.1225830 0.1611335 0.1371692 0.1187035 0.1320761 0.1130077 0.1604512 0.1861744 0.0720297 0.0774674 0.1211494 0.1458437 0.1238671 0.1244070 0.1556334 0.1342134 0.1562723 0.1233162 0.1209974 0.1833449 0.0543184 0.1320845 0.1168170 0.1229293 0.0676276 0.0727572 0.0930338 0.0950306 0.1483941 0.1129051 0.1515677 0.1650809 0.0912894 0.1140884 0.1413894 0.1345691 0.0637763 0.0809063 
S0299         0.4219363 0.4022058 0.4050293 0.1065546 0.1591226 0.1300521 0.1694108 0.0936248 0.0738008 0.0357203 0.1079145 0.0443801 0.1121072 0.1039320 0.1576386 0.0000000 0.1490551 0.1323938 0.0437823 0.0474688 0.1158477 0.0000010 0.0982332 0.1023299 0.1084580 0.0355458 0.1142237 0.0604698 0.0874954 0.0979231 0.0354512 0.1336617 0.0537764 0.0905993 0.1089707 0.0322729 0.1310042 0.0936767 0.0574334 0.0627939 0.0721353 0.0974159 0.0952013 0.1392983 0.1367600 0.1163176 0.1465885 0.1184887 0.0874954 0.0978011 0.0923908 0.0921053 0.1060181 0.0868581 0.1521119 0.1003931 0.0826577 0.0691362 0.0216615 0.1375782 0.1037117 0.1022784 0.0607122 0.0913062 0.1112118 0.1407072 0.0880658 0.1419614 0.2334065 0.0614317 0.1529650 0.1018812 0.1344722 0.1057058 0.0974628 0.1330823 0.1094085 0.1222051 0.1464796 0.1022669 0.1022137 0.0798056 0.0477554 0.0739320 0.0742201 0.1349678 0.0838782 0.0473543 0.1013177 0.1153144 0.1598328 0.1019768 0.1369487 0.1038481 0.1077249 0.0975570 0.1084904 0.1367929 0.1276771 0.0950904 0.0839304 0.1247670 0.0516498 0.1166766 0.0988811 0.0372685 0.0739064 0.1032890 0.1140712 
S0303         0.4711937 0.4668661 0.5224057 0.1310837 0.1391400 0.1410606 0.2250690 0.0955406 0.1207450 0.1231158 0.1124071 0.1165072 0.1255950 0.1075097 0.1566430 0.1490551 0.0000000 0.0420620 0.1297630 0.1145040 0.1414228 0.0000010 0.0993125 0.1063799 0.0975592 0.1279966 0.1308552 0.1249734 0.1043798 0.1176588 0.1129508 0.0344076 0.1178520 0.1378506 0.1189902 0.1403620 0.1259980 0.1025323 0.1143971 0.1128780 0.1319947 0.1156669 0.0952979 0.0141629 0.1350123 0.1200944 0.0070383 0.1337280 0.1043798 0.0976523 0.1242203 0.1094876 0.1535441 0.1360100 0.0791144 0.1696355 0.1426786 0.1360347 0.0963455 0.0793663 0.1615643 0.1384284 0.1778393 0.1819788 0.1358009 0.1480052 0.1196894 0.0686361 0.1462631 0.1275513 0.1606346 0.1138530 0.1470674 0.1419015 0.1372812 0.0837790 0.1206214 0.1388232 0.1721501 0.1168617 0.1186834 0.0966343 0.1182298 0.1135664 0.1140587 0.0178840 0.1451287 0.1281179 0.0530050 0.0072347 0.0181594 0.0957499 0.0901639 0.0816828 0.1258058 0.1116735 0.1034590 0.1300638 0.1248242 0.1596338 0.1194360 0.1618085 0.1229675 0.1297646 0.1216632 0.1315271 0.1191826 0.1024755 0.1163156 
S0308         0.4629963 0.4687444 0.4930836 0.1207700 0.1126773 0.1300025 0.1982332 0.0863268 0.1109747 0.1181740 0.1131847 0.1170015 0.1222748 0.1128491 0.1548611 0.1323938 0.0420620 0.0000000 0.1094110 0.0953189 0.1305842 0.0000010 0.1083527 0.1073312 0.1035410 0.1136849 0.1153003 0.1020553 0.0955576 0.1206881 0.1185102 0.0462663 0.1129875 0.1297784 0.1447798 0.1346542 0.1133911 0.1036050 0.1220090 0.1145845 0.1316486 0.1061443 0.1083180 0.0451402 0.1201955 0.1051667 0.0414868 0.1231618 0.0955576 0.0988705 0.1195342 0.1003895 0.1316646 0.1304718 0.0770420 0.1695133 0.1468586 0.1254766 0.0933095 0.0548066 0.1460040 0.1175876 0.1639261 0.1570465 0.1556111 0.1396204 0.1338822 0.0782518 0.1389139 0.1224122 0.1501411 0.1106648 0.1372836 0.1274095 0.1266003 0.0882190 0.1185670 0.1592621 0.1551770 0.1175017 0.1241396 0.1173463 0.1015944 0.1203297 0.1208436 0.0455034 0.1327740 0.1229719 0.0434978 0.0261891 0.0545156 0.0970072 0.0872011 0.0833601 0.1169554 0.1124687 0.1137964 0.1376828 0.1347796 0.1519862 0.1104879 0.1562831 0.1355822 0.1361117 0.1124984 0.1208160 0.1307751 0.1083666 0.1136561 
S0320         0.4751695 0.3885920 0.4109942 0.0963338 0.1092300 0.1210830 0.1519792 0.0715829 0.0654847 0.0364939 0.0894174 0.0371735 0.1029450 0.0795910 0.1258483 0.0437823 0.1297630 0.1094110 0.0000000 0.0356756 0.1067834 0.0000010 0.0833514 0.0841932 0.0898985 0.0285743 0.0821054 0.0447375 0.0788926 0.0764044 0.0210710 0.1153378 0.0412628 0.0802113 0.0936025 0.0408957 0.1125744 0.0757972 0.0448569 0.0457923 0.0592922 0.0784929 0.0784844 0.1207532 0.1003246 0.0770260 0.1276471 0.1097529 0.0788926 0.0762266 0.0931167 0.0834191 0.0965619 0.0690794 0.1334513 0.0837455 0.0691452 0.0658008 0.0257144 0.1030813 0.0961303 0.0881119 0.0651658 0.0910484 0.0856301 0.1073771 0.0799368 0.1344510 0.2269224 0.0614640 0.1250433 0.0929912 0.1071258 0.0854518 0.0886511 0.1192103 0.0906746 0.1114262 0.1297368 0.0935033 0.0994089 0.0706052 0.0367717 0.0607598 0.0609907 0.1264779 0.0612689 0.0483766 0.0875715 0.0923315 0.1456485 0.0839005 0.1187745 0.0947661 0.0925606 0.0888835 0.0899228 0.1052682 0.1203606 0.0755508 0.0703986 0.1137778 0.0435191 0.1139482 0.0899289 0.0260310 0.0607377 0.0849822 0.1053623 
S0327         0.4773716 0.3982606 0.4388318 0.0830204 0.1231982 0.1322186 0.1523485 0.0818331 0.0752957 0.0403238 0.0994112 0.0291130 0.0933594 0.0933488 0.1368319 0.0474688 0.1145040 0.0953189 0.0356756 0.0000000 0.1081621 0.0000010 0.1119525 0.0939646 0.0902870 0.0321615 0.0869784 0.0449187 0.0799709 0.0956778 0.0397742 0.1059550 0.0333018 0.0854242 0.1032710 0.0528457 0.1190389 0.0853827 0.0327114 0.0456747 0.0593279 0.0828328 0.0878140 0.1061577 0.1235833 0.0814949 0.1126760 0.1102282 0.0799709 0.0858515 0.0993871 0.0845495 0.1075547 0.0732375 0.1290026 0.0940164 0.0776797 0.0749338 0.0257417 0.1144291 0.1064652 0.0934056 0.0713402 0.0965428 0.1269718 0.1237183 0.0802498 0.1350414 0.2401217 0.0725405 0.1360036 0.0942328 0.1178732 0.0813795 0.0990640 0.1197240 0.1008042 0.1072066 0.1298048 0.1035652 0.1097327 0.0706431 0.0251126 0.0524334 0.0526293 0.1168117 0.0701956 0.0442116 0.0786374 0.0832858 0.1247859 0.0842587 0.1144524 0.0960498 0.0884860 0.0988068 0.0999586 0.1057265 0.1306236 0.0806758 0.0746810 0.1196459 0.0435502 0.1247134 0.0911529 0.0418498 0.0607747 0.0948497 0.1159686 
S0335         0.5016469 0.4209433 0.4606702 0.0438853 0.0172099 0.1201588 0.1627791 0.0700715 0.0517430 0.0968413 0.0921400 0.1050477 0.0572134 0.0870023 0.1437235 0.1158477 0.1414228 0.1305842 0.1067834 0.1081621 0.0000000 0.0000010 0.0912069 0.0869527 0.0926224 0.1134180 0.0966015 0.0966485 0.0476276 0.1081800 0.1067599 0.1354175 0.0708309 0.0883263 0.1028057 0.1120959 0.1184957 0.0834171 0.1098631 0.0794543 0.1070517 0.0786180 0.0768396 0.1318848 0.1182206 0.0890289 0.1390770 0.1365935 0.0476276 0.0790949 0.0513369 0.0516370 0.0902724 0.1096875 0.1382782 0.1230363 0.1049106 0.0639494 0.0775328 0.1420769 0.0927724 0.0869566 0.0851586 0.0948941 0.0820920 0.1238454 0.0788900 0.1394441 0.2199848 0.0754319 0.1537441 0.0600083 0.1351839 0.0853706 0.0561386 0.1305654 0.1043438 0.0645152 0.1587815 0.0961684 0.1066306 0.0614298 0.1019584 0.0932158 0.0935915 0.1432986 0.0867572 0.1017311 0.0997524 0.1028272 0.1522027 0.0866559 0.1389280 0.0538007 0.0442965 0.0915972 0.0904884 0.1085899 0.1305734 0.0792510 0.0516886 0.0745351 0.1229517 0.1116196 0.0609166 0.1127610 0.1027309 0.0877535 0.0982319 
S0345         0.7006995 0.7006995 0.0000010 0.0000010 0.0000010 0.0000010 0.0000010 0.0000010 0.0000010 0.0000010 0.0000010 0.0000010 0.0000010 0.0000010 0.0000010 0.0000010 0.0000010 0.0000010 0.0000010 0.0000010 0.0000010 0.0000000 0.0000010 0.0000010 0.0000010 0.0000010 0.0000010 0.0000010 0.0000010 0.0000010 0.0000010 0.0000010 0.0000010 0.0000010 0.0000010 0.0000010 0.0000010 0.0000010 0.0000010 0.0000010 0.0000010 0.0000010 0.0000010 0.0000010 0.7006995 0.0000010 0.0000010 0.0000010 0.0000010 0.0000010 0.0000010 0.0000010 0.0000010 0.0000010 0.0000010 0.0000010 0.0000010 0.7006995 0.0000010 0.0000010 0.0000010 0.7006995 0.0000010 0.0000010 0.0000010 0.7006995 0.0000010 0.0000010 0.0000010 0.0000010 0.7006995 0.0000010 0.0000021 0.0000010 0.0000010 0.0000010 0.0000010 0.0000010 0.7006995 0.0000010 0.0000010 0.0000010 0.0000010 0.0000010 0.0000010 0.0000010 0.0000010 1.6587099 0.0000010 0.0000010 0.0000010 0.0000010 0.0000010 0.0000010 0.0000010 0.0000010 0.0000010 0.0000010 0.0000010 0.0000010 0.0000010 0.0000010 0.0000010 0.0000010 0.0000010 0.0000010 0.0000010 0.0000010 0.0000010 
S0376         0.4663637 0.4183237 0.4224218 0.0913500 0.0526702 0.0607858 0.1811038 0.0471132 0.0657254 0.0929047 0.0562148 0.1023776 0.0802687 0.0516073 0.0912114 0.0982332 0.0993125 0.1083527 0.0833514 0.1119525 0.0912069 0.0000010 0.0000000 0.0564375 0.0518642 0.0997929 0.0516668 0.0992032 0.0605299 0.0332235 0.0830719 0.0904407 0.0728704 0.0893242 0.0511721 0.0995338 0.0629853 0.0524156 0.1078482 0.0625184 0.0678765 0.0566703 0.0531990 0.0842435 0.1045794 0.0623788 0.0975414 0.0716823 0.0605299 0.0469727 0.0712622 0.0559485 0.0925844 0.0570470 0.1153651 0.0896960 0.0714938 0.0753737 0.0705025 0.1139085 0.0978832 0.0880926 0.0920016 0.1004552 0.0394540 0.1017774 0.0774471 0.1016008 0.1805303 0.0596890 0.1226220 0.0658303 0.1037064 0.0846619 0.0716697 0.0993809 0.0598131 0.1056981 0.1361876 0.0612213 0.0571885 0.0654479 0.0987798 0.0789858 0.0793506 0.0955501 0.0625536 0.0933936 0.0839614 0.0647672 0.0980462 0.0562148 0.1051211 0.0806092 0.0809112 0.0516756 0.0574369 0.0874553 0.0845122 0.0688630 0.0756886 0.1080172 0.1061553 0.0718703 0.0667010 0.0764730 0.0789542 0.0524108 0.0720561 
S0400         0.4877726 0.3889343 0.4475609 0.0782799 0.0981798 0.0568406 0.1813112 0.0322942 0.0694397 0.0831898 0.0173361 0.0907605 0.0747455 0.0172728 0.0545111 0.1023299 0.1063799 0.1073312 0.0841932 0.0939646 0.0869527 0.0000010 0.0564375 0.0000000 0.0174554 0.1026576 0.0525327 0.0782537 0.0563764 0.0545727 0.0744110 0.1142293 0.0682942 0.0913852 0.0792773 0.0978513 0.0408755 0.0103292 0.0954432 0.0675594 0.0742843 0.0517908 0.0122982 0.1020500 0.1118569 0.0533278 0.1046852 0.0601446 0.0563764 0.0102189 0.0617322 0.0605423 0.0933297 0.1068291 0.1024457 0.1012913 0.1020214 0.0735398 0.0640365 0.1059783 0.0989070 0.1046718 0.1005181 0.1017294 0.0594133 0.1311889 0.0846729 0.1023279 0.1994702 0.0663236 0.1542832 0.0692707 0.1356661 0.0827220 0.0742125 0.0891676 0.0611197 0.1113906 0.1593387 0.0208294 0.0322969 0.0668958 0.0881028 0.0700035 0.0702753 0.1028662 0.0971383 0.0969361 0.0748799 0.0792881 0.1216817 0.0136529 0.1034100 0.0730750 0.0694455 0.0172516 0.0247935 0.0571889 0.0497898 0.0990879 0.0610018 0.0928291 0.1082302 0.0438269 0.0703410 0.0918602 0.0788862 0.0138193 0.0364427 
S0405         0.5103934 0.4035963 0.4428608 0.0930731 0.1130913 0.0533008 0.1896634 0.0365784 0.0747052 0.0888240 0.0212087 0.0916132 0.0894970 0.0211312 0.0595375 0.1084580 0.0975592 0.1035410 0.0898985 0.0902870 0.0926224 0.0000010 0.0518642 0.0174554 0.0000000 0.1088015 0.0535210 0.0930557 0.0612895 0.0642721 0.0798357 0.1106477 0.0682942 0.1073975 0.0804409 0.1038717 0.0416640 0.0140423 0.1015164 0.0683767 0.0796941 0.0565538 0.0060697 0.0935613 0.1068842 0.0582474 0.0960131 0.0566405 0.0612895 0.0138911 0.0617322 0.0655584 0.1090876 0.1130407 0.0987767 0.1012913 0.1081174 0.0880369 0.0694128 0.1022297 0.1150405 0.1211585 0.1004773 0.1183296 0.0485666 0.1279479 0.0904108 0.0985270 0.1893124 0.0771408 0.1571164 0.0745191 0.1382624 0.0983411 0.0888363 0.0854987 0.0620419 0.1230451 0.1622535 0.0247699 0.0288495 0.0770113 0.0938691 0.0753105 0.0756084 0.0943202 0.1031054 0.1028960 0.0758282 0.0709916 0.1126912 0.0102896 0.0997172 0.0882461 0.0837756 0.0211035 0.0213575 0.0627983 0.0546703 0.1052035 0.0749280 0.1084930 0.1045193 0.0403648 0.0756870 0.0979384 0.0844129 0.0104160 0.0408655 
S0407sl       0.4470086 0.4263739 0.4350394 0.1040341 0.1222578 0.1418087 0.1783678 0.0904412 0.0710140 0.0360669 0.1082562 0.0289644 0.1053034 0.1042671 0.1580830 0.0355458 0.1279966 0.1136849 0.0285743 0.0321615 0.1134180 0.0000010 0.0997929 0.1026576 0.1088015 0.0000000 0.0951574 0.0405107 0.0848156 0.0947576 0.0281650 0.1095123 0.0457741 0.0873671 0.1093172 0.0325873 0.1330631 0.0939874 0.0412017 0.0502795 0.0640634 0.0977329 0.0947795 0.1191630 0.1209252 0.0968314 0.1259380 0.1297451 0.0848156 0.0944850 0.0944792 0.0894657 0.1071489 0.0783813 0.1377721 0.0954513 0.0742419 0.0663187 0.0257137 0.1172227 0.0968629 0.0955047 0.0661188 0.0987732 0.1104378 0.1208440 0.0669414 0.1389206 0.2474955 0.0624652 0.1332930 0.0993156 0.1149847 0.0928551 0.1042078 0.1235171 0.0998412 0.1198010 0.1381332 0.0930125 0.1187820 0.0770268 0.0286520 0.0656651 0.0659186 0.1247978 0.0753401 0.0398757 0.0822744 0.0967063 0.1384056 0.1023030 0.1230464 0.0962917 0.1001686 0.0884113 0.1088340 0.1269156 0.1348903 0.0861776 0.0848189 0.1229195 0.0440706 0.1302694 0.0962561 0.0218695 0.0656414 0.1036211 0.1252183 
S0412sl       0.5490707 0.4137876 0.4244923 0.0833602 0.0759577 0.0787706 0.1859585 0.0535143 0.0785758 0.0895169 0.0570216 0.0915951 0.0746009 0.0490126 0.0882490 0.1142237 0.1308552 0.1153003 0.0821054 0.0869784 0.0966015 0.0000010 0.0516668 0.0525327 0.0535210 0.0951574 0.0000000 0.0892834 0.0650496 0.0628973 0.0853182 0.1206154 0.0678713 0.0959920 0.0752700 0.1047196 0.0675916 0.0490438 0.1073504 0.0722756 0.0764180 0.0568369 0.0393665 0.1254167 0.0929176 0.0412421 0.1286571 0.0840299 0.0650496 0.0450772 0.0769093 0.0693459 0.1033450 0.0931142 0.1152454 0.1163068 0.0884513 0.0653238 0.0743698 0.1187590 0.0987216 0.1141669 0.1225937 0.1166905 0.0970825 0.1063713 0.0757832 0.1240255 0.2061387 0.0870662 0.1309613 0.0695164 0.1123696 0.0918096 0.0835268 0.1144685 0.0783373 0.1172290 0.1358590 0.0608522 0.0661077 0.0725391 0.0846259 0.0770817 0.0773928 0.1368871 0.0837396 0.1037285 0.0798937 0.0960408 0.1472263 0.0485935 0.1121381 0.0972541 0.0692980 0.0567069 0.0573741 0.0718553 0.0737408 0.0949450 0.0663569 0.1027852 0.1167176 0.0791798 0.0705948 0.0793630 0.0864039 0.0530126 0.0568246 
S0417         0.4409457 0.3864083 0.3910474 0.0785720 0.0882695 0.1241633 0.1606926 0.0712493 0.0566871 0.0361976 0.0925691 0.0375217 0.0902312 0.0886982 0.1335923 0.0604698 0.1249734 0.1020553 0.0447375 0.0449187 0.0966485 0.0000010 0.0992032 0.0782537 0.0930557 0.0405107 0.0892834 0.0000000 0.0696299 0.0811485 0.0442366 0.1182855 0.0418235 0.0628435 0.1049054 0.0484590 0.1082468 0.0790033 0.0413562 0.0464357 0.0612179 0.0870185 0.0926561 0.1161545 0.1156772 0.0862696 0.1229447 0.1176362 0.0696299 0.0794400 0.0928722 0.0740096 0.0816966 0.0742769 0.1394394 0.0947952 0.0787984 0.0441950 0.0336972 0.1128143 0.0715861 0.0706164 0.0596822 0.0729507 0.1068000 0.1179227 0.0844748 0.1406615 0.2437715 0.0509533 0.1349972 0.0832375 0.1169484 0.0677832 0.0787360 0.1249907 0.0988886 0.1020976 0.1397822 0.0966223 0.1025305 0.0631380 0.0244693 0.0573097 0.0575277 0.1218177 0.0613593 0.0400205 0.0879607 0.0930814 0.1354709 0.0870451 0.1294601 0.0710158 0.0748230 0.0920204 0.0930809 0.0999134 0.1222546 0.0714203 0.0615604 0.1057646 0.0451924 0.1170141 0.0845549 0.0510354 0.0572884 0.0881537 0.1084904 
S0419         0.4642859 0.4325149 0.4314294 0.0478208 0.0764039 0.0866622 0.1571403 0.0407086 0.0174093 0.0697666 0.0609321 0.0766915 0.0614126 0.0563366 0.1068635 0.0874954 0.1043798 0.0955576 0.0788926 0.0799709 0.0476276 0.0000010 0.0605299 0.0563764 0.0612895 0.0848156 0.0650496 0.0696299 0.0000000 0.0750298 0.0789293 0.0892431 0.0452967 0.0660073 0.0888173 0.0838046 0.0844553 0.0528916 0.0812274 0.0493644 0.0749502 0.0655766 0.0386577 0.0964813 0.0948927 0.0576531 0.1027399 0.0923851 0.0000010 0.0488961 0.0078219 0.0033648 0.0683245 0.0777744 0.1031640 0.1009781 0.0733786 0.0436562 0.0551770 0.1059998 0.0791819 0.0783858 0.0792902 0.0773228 0.0715895 0.1027098 0.0572273 0.1030714 0.1782827 0.0547698 0.1267960 0.0102589 0.1085853 0.0629423 0.0440665 0.0955507 0.0641338 0.0775165 0.1256557 0.0647779 0.0740845 0.0408251 0.0744618 0.0621264 0.0623668 0.1068392 0.0648444 0.0830134 0.0662155 0.0648665 0.1144534 0.0561835 0.1041361 0.0537626 0.0482730 0.0605937 0.0699652 0.0950801 0.0952146 0.0660923 0.0475879 0.0832771 0.0936975 0.0785857 0.0104021 0.0832947 0.0708806 0.0568909 0.0659378 
S0427         0.4923559 0.4113794 0.4658256 0.0892764 0.0862968 0.0717697 0.2079987 0.0547140 0.0706555 0.0863007 0.0681688 0.0878120 0.0804213 0.0632665 0.1018047 0.0979231 0.1176588 0.1206881 0.0764044 0.0956778 0.1081800 0.0000010 0.0332235 0.0545727 0.0642721 0.0947576 0.0628973 0.0811485 0.0750298 0.0000000 0.0757226 0.1074562 0.0739507 0.0770956 0.0716232 0.1015877 0.0740890 0.0596643 0.0991483 0.0693902 0.0728815 0.0807696 0.0566427 0.1030129 0.1456479 0.0681979 0.1157362 0.0910191 0.0750298 0.0554399 0.0892511 0.0707860 0.0896887 0.0909084 0.1389075 0.1261980 0.0861693 0.0659646 0.0711779 0.1257707 0.0845690 0.0851138 0.0938279 0.0924296 0.0755238 0.1287695 0.0974659 0.1267938 0.1985255 0.0552135 0.1840881 0.0800537 0.1641037 0.0837759 0.0757620 0.1242761 0.0892942 0.1118195 0.1897339 0.0722037 0.0640559 0.0670175 0.0914229 0.0840243 0.0843756 0.1184929 0.0813856 0.0912087 0.0983816 0.0788667 0.1229394 0.0630681 0.1355671 0.0839033 0.0799994 0.0677700 0.0642868 0.0780318 0.0942839 0.0927345 0.0710791 0.1086336 0.0955948 0.0774959 0.0859535 0.0849443 0.0839948 0.0596546 0.0776655 
S0428sl       0.4354054 0.3806091 0.4022019 0.0881659 0.1099219 0.1098005 0.1581333 0.0716304 0.0655378 0.0283576 0.0793959 0.0288879 0.0987740 0.0755689 0.1242156 0.0354512 0.1129508 0.1185102 0.0210710 0.0397742 0.1067599 0.0000010 0.0830719 0.0744110 0.0798357 0.0281650 0.0853182 0.0442366 0.0789293 0.0757226 0.0000000 0.1095164 0.0374837 0.0812937 0.0801605 0.0286765 0.1062354 0.0662324 0.0410844 0.0459388 0.0555392 0.0788013 0.0781219 0.1047506 0.1244349 0.0867730 0.1111688 0.0989534 0.0789293 0.0666186 0.0927944 0.0834483 0.0965642 0.0693060 0.1273220 0.0898363 0.0652654 0.0609960 0.0218179 0.1072908 0.0905313 0.0892816 0.0660715 0.0922887 0.0974286 0.1296564 0.0792048 0.1280935 0.2255181 0.0612658 0.1419479 0.0930016 0.1236711 0.0866063 0.0977730 0.1133433 0.0994734 0.1128913 0.1468336 0.0833978 0.0890192 0.0712905 0.0322619 0.0569211 0.0571364 0.1101658 0.0575955 0.0397658 0.0822578 0.0869344 0.1281699 0.0741536 0.1129605 0.0947726 0.0937910 0.0789330 0.0798557 0.1057506 0.1028551 0.0765726 0.0753609 0.1207192 0.0439460 0.1030626 0.0899460 0.0218129 0.0569001 0.0751019 0.0946705 
S0430         0.4386200 0.4736825 0.4764390 0.1180062 0.1126097 0.1548566 0.2180235 0.0895997 0.1047646 0.1165470 0.1203161 0.1067292 0.1134966 0.1154310 0.1604883 0.1336617 0.0344076 0.0462663 0.1153378 0.1059550 0.1354175 0.0000010 0.0904407 0.1142293 0.1106477 0.1095123 0.1206154 0.1182855 0.0892431 0.1074562 0.1095164 0.0000000 0.0988611 0.1454936 0.1234571 0.1196768 0.1330494 0.1104393 0.1204104 0.1063783 0.1163535 0.1033425 0.1111835 0.0295815 0.1325356 0.1133160 0.0339384 0.1407899 0.0892431 0.1055643 0.1056801 0.0941207 0.1594841 0.1228982 0.0828062 0.1755989 0.1392262 0.1301386 0.0962572 0.0781218 0.1626702 0.1324209 0.1676903 0.1747364 0.1851788 0.1436478 0.1261731 0.0679604 0.1724831 0.1205112 0.1639805 0.1044690 0.1429727 0.1432128 0.1176215 0.0774833 0.1140454 0.1316425 0.1820312 0.1247316 0.1371822 0.1031598 0.1117864 0.1137580 0.1142500 0.0376773 0.1313528 0.1214265 0.0571433 0.0000021 0.0467218 0.1086693 0.0878421 0.0805820 0.1141406 0.1195377 0.1159134 0.1327033 0.1361814 0.1508703 0.1067123 0.1536637 0.1211997 0.1497893 0.1003957 0.1163955 0.1242430 0.1103732 0.1208177 
S0478         0.4538379 0.3532600 0.3712448 0.0610918 0.0801566 0.1116712 0.1509867 0.0606335 0.0411842 0.0332404 0.0733121 0.0344879 0.0617986 0.0631607 0.1129931 0.0537764 0.1178520 0.1129875 0.0412628 0.0333018 0.0708309 0.0000010 0.0728704 0.0682942 0.0682942 0.0457741 0.0678713 0.0418235 0.0452967 0.0739507 0.0374837 0.0988611 0.0000000 0.0540893 0.0706063 0.0410192 0.1052967 0.0599512 0.0377064 0.0218795 0.0529401 0.0538740 0.0714559 0.1091750 0.1072620 0.0634073 0.1159197 0.0978250 0.0452967 0.0603214 0.0571541 0.0494191 0.0793574 0.0362988 0.1116150 0.0852876 0.0440818 0.0491592 0.0223996 0.1073565 0.0728429 0.0663106 0.0477360 0.0637937 0.0993762 0.1093670 0.0495083 0.1118298 0.2162496 0.0410397 0.1219127 0.0580276 0.1037193 0.0547122 0.0618683 0.0976645 0.0725413 0.0833328 0.1266622 0.0774082 0.0876205 0.0451351 0.0373575 0.0452968 0.0454676 0.1201572 0.0407110 0.0452094 0.0712234 0.0812939 0.1284305 0.0680501 0.0922564 0.0688203 0.0573991 0.0728766 0.0831669 0.0929274 0.0965946 0.0414809 0.0448541 0.0908985 0.0496221 0.1020569 0.0502987 0.0479894 0.0536034 0.0689482 0.0986462 
S0552sl       0.4993126 0.3657460 0.4332881 0.0652467 0.0752266 0.1258157 0.1767988 0.0673123 0.0531087 0.0718774 0.1068445 0.0727259 0.0710776 0.0953543 0.1474200 0.0905993 0.1378506 0.1297784 0.0802113 0.0854242 0.0883263 0.0000010 0.0893242 0.0913852 0.1073975 0.0873671 0.0959920 0.0628435 0.0660073 0.0770956 0.0812937 0.1454936 0.0540893 0.0000000 0.0956785 0.0863066 0.1162851 0.0923039 0.0671479 0.0550348 0.0807836 0.0878806 0.1066360 0.1346233 0.1350369 0.0911914 0.1355539 0.1430712 0.0660073 0.0928072 0.0835390 0.0703761 0.0487659 0.0833379 0.1346142 0.1091823 0.0879807 0.0329967 0.0601328 0.1305154 0.0252889 0.0370581 0.0314007 0.0379098 0.1031296 0.1285017 0.0716423 0.1283465 0.2085087 0.0316551 0.1593751 0.0655117 0.1402566 0.0427397 0.0675209 0.1380414 0.1154440 0.0876955 0.1646005 0.1111092 0.1036349 0.0450622 0.0767063 0.0766396 0.0769470 0.1240164 0.0700933 0.0854775 0.0979150 0.1037627 0.1486697 0.1007926 0.1244848 0.0677597 0.0615748 0.1061771 0.1127912 0.1192097 0.1216924 0.0714729 0.0610777 0.0992807 0.0842826 0.1088206 0.0808337 0.0960052 0.0722855 0.1021210 0.1230644 
S0558         0.4702945 0.3522491 0.4461501 0.0829074 0.0989130 0.0935466 0.2035538 0.0765281 0.0842760 0.0937141 0.0843840 0.1024055 0.0734128 0.0740551 0.1354110 0.1089707 0.1189902 0.1447798 0.0936025 0.1032710 0.1028057 0.0000010 0.0511721 0.0792773 0.0804409 0.1093172 0.0752700 0.1049054 0.0888173 0.0716232 0.0801605 0.1234571 0.0706063 0.0956785 0.0000000 0.1090749 0.1021372 0.0756998 0.0939219 0.0654272 0.0744579 0.0521728 0.0845459 0.0966151 0.1341217 0.0708003 0.1170864 0.0991938 0.0888173 0.0713930 0.0995946 0.0844351 0.1142021 0.0775563 0.1534799 0.1093702 0.0731702 0.0841932 0.0729902 0.1431184 0.1096353 0.1036277 0.1065354 0.1160724 0.0761534 0.1314924 0.0791402 0.1386632 0.2226150 0.0894944 0.1565609 0.0843815 0.1377696 0.0953423 0.0806967 0.1288887 0.1062158 0.1047045 0.1616775 0.0884304 0.0678258 0.0643227 0.0988645 0.0753821 0.0756799 0.1160223 0.0745274 0.0986395 0.1051401 0.0891236 0.1241611 0.0790023 0.1430283 0.1024835 0.0739211 0.0838857 0.0804612 0.0981873 0.1097671 0.0816205 0.0745664 0.1127070 0.1028115 0.0812790 0.0952774 0.0945973 0.0717835 0.0756758 0.1000018 
S0624         0.3956129 0.3789729 0.3813819 0.0917588 0.1224781 0.1256921 0.1763182 0.0857329 0.0701634 0.0246831 0.1033433 0.0414657 0.0928714 0.0993831 0.1520019 0.0322729 0.1403620 0.1346542 0.0408957 0.0528457 0.1120959 0.0000010 0.0995338 0.0978513 0.1038717 0.0325873 0.1047196 0.0484590 0.0838046 0.1015877 0.0286765 0.1196768 0.0410192 0.0863066 0.1090749 0.0000000 0.1221207 0.0892655 0.0372212 0.0503299 0.0653201 0.0975132 0.0952283 0.1309031 0.1307724 0.1018202 0.1380449 0.1190737 0.0838046 0.0897455 0.0931865 0.0884016 0.0966798 0.0781993 0.1335432 0.0902034 0.0740673 0.0655259 0.0106910 0.1227784 0.0956967 0.0943667 0.0664171 0.0874987 0.0990217 0.1316567 0.0792868 0.1334403 0.2263525 0.0615417 0.1422592 0.0981380 0.1239120 0.0917287 0.0911847 0.1183910 0.1047780 0.1115680 0.1471666 0.0977898 0.1070272 0.0760925 0.0362476 0.0613911 0.0616267 0.1367792 0.0706800 0.0359513 0.0873527 0.1068047 0.1510885 0.0975132 0.1281987 0.0936473 0.0926901 0.0931334 0.1039020 0.1216146 0.1346002 0.0859744 0.0744795 0.1192810 0.0409203 0.1216426 0.0997224 0.0340689 0.0613687 0.0987679 0.1200122 
