132
CRNC          0.0000000 4.5849968 0.2470519 0.5127990 0.0000010 0.5154294 0.4963159 0.5337946 0.5646919 0.4672063 0.4791746 0.5143814 0.4940311 0.5165585 0.4923129 0.4499369 0.4994879 0.5079664 0.5756580 0.4958860 0.5245067 0.4849183 0.5165367 0.5647007 0.5141824 0.4862717 0.5258959 0.4887316 0.5194330 0.5159573 0.4607591 0.5572313 0.4734300 0.5288882 0.5165585 0.4388118 0.5477788 0.5029043 0.5238993 0.5233266 0.5551241 0.5114953 0.5294200 0.4608341 0.4838354 0.4896671 0.5200276 0.4758967 0.5291203 0.4546094 0.4466155 0.5288882 0.0000010 0.5175484 0.4109370 0.4607591 0.4989660 0.5126917 0.4652187 0.4626124 0.4607591 0.4628945 0.4410493 0.4972141 0.4483807 0.4546728 0.5207125 0.5538556 0.4245815 0.4176595 0.4250432 0.4285781 0.5288186 0.4518684 0.4568233 0.4480271 0.5286066 0.5546459 0.4678195 0.4540226 0.4568233 0.4990426 0.4497530 0.4282524 0.5089216 0.4911331 0.5469370 0.4280501 0.5241444 0.4947659 0.5151556 0.4734300 0.5521599 0.4972141 0.5137555 0.4757412 0.6029335 0.5177745 0.5238993 0.5400963 0.5096783 0.5487920 0.5159351 0.4974491 0.4940999 0.5154987 0.5822252 0.5483924 0.5067799 0.4843065 0.5471402 0.5165585 0.5217562 0.4995475 0.4758967 0.4858788 0.4415849 0.4847719 0.4940999 0.5660012 0.5421537 0.4626185 0.5332058 0.4853309 0.5125179 0.4783694 0.4929367 0.4091178 0.4548964 0.5195356 0.5605414 0.4615237 
HYZL          4.5849968 0.0000000 2.1763099 0.7529171 0.4572354 0.8324704 0.8735544 0.8208121 0.8552896 0.7933327 0.8390320 0.8887580 0.8539926 0.8126647 0.8162454 0.8381220 0.8853299 0.8779349 0.8338291 0.8315535 0.8609491 0.8241604 0.7960397 0.8453506 0.8055169 0.8972503 0.8488085 0.8339919 0.8961304 0.8185185 0.7394349 0.8007858 0.7623721 0.8777254 0.8177413 0.7916700 0.8186033 0.8047670 0.8737296 0.8257070 0.8544347 0.8644689 0.8833372 0.7940630 0.7769025 0.8083416 0.8233637 0.7574005 0.8510568 0.8338356 0.8686214 0.8490238 0.8487131 0.8831495 0.7948489 0.7445743 0.8168036 0.7576011 0.7524981 0.8208492 0.7635083 0.7989906 0.8034565 0.7384134 0.8281283 0.7365770 0.7779629 0.8118676 0.7777601 0.8184559 0.7794648 0.8248486 0.8691834 0.7521221 0.8651248 0.8252165 0.7964598 0.8657270 0.7904363 0.8022231 0.8973526 0.7727257 0.8310586 0.7971665 0.7841111 0.8376911 0.8170852 0.8821382 0.8223272 0.8492260 0.8280204 0.7908376 0.7432023 0.7432023 0.8640996 0.8025617 0.8268166 0.8073549 0.8904366 0.8809629 0.8830065 0.7840914 0.7340093 0.7524972 0.8048303 0.7933520 0.8272465 0.7738212 0.8226122 0.7776997 0.8055149 0.7910199 0.8716489 0.8852785 0.7442635 0.8598140 0.7560436 0.7630189 0.8705592 0.7889053 0.8572392 0.8442428 0.8732662 0.8549186 0.7700351 0.7619046 0.7787296 0.8110297 0.7491360 0.8028713 0.8097179 0.7493474 
MYZV          0.2470519 2.1763099 0.0000000 0.4389983 0.7588331 0.3860221 0.4446990 0.3812129 0.3860657 0.4079934 0.3711510 0.5717693 0.3440858 0.4004942 0.3771362 0.4024967 0.3299120 0.4582225 0.4855073 0.3564503 0.4686335 0.3590928 0.3959386 0.4675820 0.3922950 0.3572551 0.3878179 0.3695450 0.3922411 0.3331701 0.3651203 0.4176671 0.3780285 0.4612549 0.3414669 0.4142421 0.3831506 0.4109967 0.4585503 0.3718075 0.4298807 0.3598651 0.3801110 0.3627967 0.3759322 0.3642409 0.3836955 0.3813318 0.4755884 0.3673429 0.4028481 0.4612549 0.5788354 0.4093911 0.3977498 0.3651203 0.3644041 0.4021670 0.3672449 0.4403993 0.3727082 0.3345855 0.3638049 0.3748864 0.3398653 0.3658730 0.3456269 0.4216225 0.4328236 0.4372575 0.4217244 0.3912441 0.4421664 0.3764096 0.3666210 0.3310999 0.4114457 0.4967896 0.4383831 0.4381655 0.3589905 0.3941415 0.4056257 0.3858135 0.4008286 0.4039688 0.4078012 0.3576549 0.3785262 0.3805703 0.3872769 0.3559668 0.4105568 0.3748864 0.4382673 0.3694834 0.4191592 0.4195435 0.4585503 0.4780287 0.3832261 0.4091395 0.4085482 0.3722091 0.3623125 0.3549992 0.4257991 0.3999804 0.4082542 0.3662020 0.4264202 0.3914208 0.3760785 0.3827958 0.3819355 0.3681832 0.3819786 0.3757514 0.3623125 0.4113637 0.4433434 0.3392774 0.4177384 0.3754309 0.3795952 0.4237527 0.3711705 0.4066545 0.3866351 0.3745978 0.3904764 0.3620655 
SRR6441723    0.5127990 0.7529171 0.4389983 0.0000000 0.0380631 0.0774180 0.1693758 0.0732324 0.0959312 0.0735401 0.0710236 0.0925873 0.0778451 0.0522527 0.0706097 0.0839141 0.0764254 0.0850070 0.0882696 0.0725341 0.0885589 0.0658612 0.0418621 0.0839373 0.0712119 0.0713330 0.0701466 0.0660121 0.0824009 0.0662645 0.0508161 0.0762353 0.0614469 0.0833028 0.0626148 0.0598452 0.0858757 0.0780388 0.0811411 0.0772344 0.0848502 0.0820812 0.0787584 0.0598208 0.0632083 0.0625962 0.0659810 0.0639174 0.0881837 0.1062793 0.0929706 0.0803352 0.0850872 0.0814088 0.0586804 0.0525197 0.0682586 0.0575235 0.0569466 0.0699351 0.0674772 0.0638215 0.0768153 0.0596510 0.0616406 0.0494488 0.0663863 0.0666688 0.0587629 0.0625831 0.0538265 0.0670616 0.0897977 0.0684732 0.0987727 0.0747504 0.0758271 0.0953848 0.0647770 0.0624044 0.1128920 0.0592187 0.1191630 0.0600120 0.0762910 0.0775207 0.0687500 0.1188572 0.0639790 0.0889351 0.0621587 0.0607310 0.0641216 0.0613204 0.0840442 0.0613491 0.0812739 0.0742459 0.0849562 0.0870087 0.0781697 0.0822444 0.0502460 0.0457392 0.0601888 0.0620732 0.0815861 0.0671721 0.0750873 0.0639919 0.0584687 0.0513586 0.0869630 0.0843092 0.0540991 0.0747307 0.0630035 0.0662907 0.0700803 0.0574834 0.0802926 0.0784761 0.0884080 0.0717052 0.0675444 0.0597101 0.0427602 0.0588615 0.0512994 0.0858600 0.0676774 0.0520383 
ERR4210213    0.0000010 0.4572354 0.7588331 0.0380631 0.0000000 0.0719787 0.1794262 0.0606532 0.0719964 0.0785505 0.0684875 0.1170365 0.0722736 0.0485353 0.0637284 0.0858254 0.0632102 0.1031377 0.0824856 0.0809750 0.1001296 0.0590057 0.0083615 0.0969431 0.0455600 0.0628360 0.0768819 0.0562340 0.0705859 0.0645748 0.0544873 0.0529072 0.0553878 0.0941036 0.0588757 0.0608594 0.0747941 0.0886539 0.1058630 0.0704205 0.0755131 0.0691196 0.0696870 0.0639029 0.0608036 0.0506971 0.0663008 0.0675727 0.1065822 0.1278551 0.0769497 0.0967154 0.0991049 0.0697107 0.0586160 0.0574395 0.0684201 0.0623563 0.0597364 0.0893246 0.0653406 0.0607907 0.1063247 0.0658871 0.0688535 0.0406912 0.0588428 0.0819551 0.0539868 0.0637310 0.0511341 0.0583141 0.0867118 0.0703485 0.1194446 0.0603173 0.0881097 0.0989852 0.0877093 0.0768066 0.1408108 0.0598860 0.1561579 0.0582983 0.0903519 0.0630588 0.0614934 0.1502460 0.0583104 0.0633925 0.0507934 0.0563029 0.0712142 0.0683128 0.0940598 0.0664726 0.0717976 0.0757027 0.0967555 0.0967220 0.0694149 0.1059554 0.0511621 0.0440672 0.0661342 0.0608397 0.0665941 0.0640182 0.0554381 0.0557053 0.0588345 0.0558437 0.0835898 0.0512597 0.0647237 0.0700590 0.0703485 0.0630586 0.0588987 0.0638153 0.0671253 0.0696122 0.0624072 0.0482301 0.0508868 0.0520155 0.0170441 0.0554864 0.0538751 0.1067964 0.0404276 0.0385667 
ERR2789774    0.5154294 0.8324704 0.3860221 0.0774180 0.0719787 0.0000000 0.1747746 0.0659513 0.0983332 0.0882002 0.0543926 0.1056293 0.0850048 0.0752213 0.0520855 0.0604697 0.0834768 0.0937797 0.0955996 0.0764146 0.1022104 0.0698250 0.0742988 0.0943317 0.0741973 0.0501072 0.0558230 0.0728246 0.0697164 0.0682880 0.0642425 0.0867273 0.0652816 0.0926625 0.0673472 0.0768961 0.0741446 0.0903556 0.0964764 0.0760491 0.0627102 0.0653094 0.0830118 0.0636758 0.0668047 0.0470432 0.0453109 0.0770730 0.1009229 0.1102981 0.0749663 0.0946002 0.0962736 0.0618183 0.0738512 0.0660483 0.0502192 0.0720008 0.0707668 0.0871446 0.0807673 0.0705483 0.0949176 0.0670203 0.0641667 0.0634195 0.0685205 0.0794012 0.0768397 0.0846182 0.0723806 0.0877019 0.0681495 0.0770787 0.1087836 0.0787615 0.0864187 0.1057455 0.0851062 0.0825753 0.1169369 0.0728590 0.1264463 0.0791676 0.0842837 0.0628358 0.0897852 0.1220519 0.0427533 0.0772254 0.0791609 0.0628335 0.0699311 0.0687679 0.0956266 0.0688726 0.0864789 0.0817993 0.0984308 0.0996721 0.0570616 0.1004841 0.0829268 0.0663032 0.0438997 0.0482188 0.0723161 0.0854164 0.0619750 0.0671093 0.0774216 0.0707828 0.0916728 0.0771950 0.0701261 0.0809224 0.0714040 0.0712493 0.0505737 0.0775079 0.0578130 0.0777401 0.0753321 0.0632763 0.0541111 0.0952567 0.0745252 0.0729682 0.0618005 0.0961498 0.0713629 0.0651142 
PAFTOL_019361 0.4963159 0.8735544 0.4446990 0.1693758 0.1794262 0.1747746 0.0000000 0.1708982 0.2028606 0.1582833 0.1650469 0.1852259 0.1758683 0.1538848 0.1647204 0.1761320 0.1725765 0.1721313 0.1769110 0.1663558 0.1744119 0.1656477 0.1623146 0.1730097 0.1657587 0.1634954 0.1627744 0.1729379 0.1931617 0.1662283 0.1507310 0.1713656 0.1625535 0.1702694 0.1573273 0.1705016 0.1915221 0.1710303 0.1722518 0.1715831 0.1750222 0.1819269 0.1804245 0.1592916 0.1642198 0.1615389 0.1589584 0.1584024 0.1771471 0.1623727 0.1795148 0.1685293 0.2002324 0.1788514 0.1649331 0.1503937 0.1618532 0.1500483 0.1561853 0.1795437 0.1630710 0.1598961 0.1698964 0.1568714 0.1580603 0.1609760 0.1595816 0.1631534 0.1701636 0.1747831 0.1651087 0.1743001 0.1809339 0.1542949 0.1561295 0.1618610 0.1609732 0.1872991 0.1812890 0.1795576 0.1636582 0.1506071 0.1680247 0.1673150 0.1631480 0.1668811 0.1686254 0.1722760 0.1564910 0.1783423 0.1502988 0.1619438 0.1633716 0.1603743 0.1706552 0.1567368 0.1815020 0.1685860 0.1732571 0.1732444 0.1738264 0.1815868 0.1692197 0.1497101 0.1579690 0.1573310 0.1801971 0.1689080 0.1717766 0.1608077 0.1641261 0.1618292 0.1818992 0.1724975 0.1469590 0.1775491 0.1495670 0.1621974 0.1602505 0.1678117 0.1694235 0.1776028 0.1823716 0.1688533 0.1653945 0.1727711 0.1679128 0.1679879 0.1601855 0.1882619 0.1639372 0.1600964 
S0055         0.5337946 0.8208121 0.3812129 0.0732324 0.0606532 0.0659513 0.1708982 0.0000000 0.1057011 0.0819647 0.0563102 0.1101641 0.0909483 0.0741089 0.0531948 0.0688303 0.0857677 0.1060546 0.0845733 0.0863821 0.1059693 0.0793456 0.0766581 0.1011214 0.0698769 0.0522389 0.0561185 0.0813167 0.0827268 0.0787031 0.0601839 0.0793524 0.0729842 0.1005101 0.0733280 0.0762708 0.0788953 0.0947665 0.1030273 0.0885801 0.0540476 0.0532272 0.0879203 0.0668813 0.0709769 0.0560713 0.0481213 0.0782465 0.1075772 0.1237056 0.0618876 0.0992531 0.1029914 0.0508809 0.0724047 0.0636317 0.0521529 0.0696897 0.0682624 0.0843671 0.0819270 0.0721151 0.0926354 0.0692634 0.0654781 0.0649733 0.0667697 0.0838656 0.0733832 0.0793475 0.0682656 0.0851130 0.0700847 0.0773787 0.1219754 0.0793445 0.0870300 0.1133002 0.0816343 0.0809548 0.1274179 0.0714505 0.1371922 0.0784446 0.0856512 0.0451289 0.0880779 0.1368806 0.0447100 0.0546963 0.0695737 0.0705077 0.0738920 0.0709777 0.1031309 0.0684787 0.0926921 0.0872525 0.1050141 0.1062902 0.0610163 0.0961422 0.0815783 0.0667653 0.0450591 0.0502036 0.0252630 0.0864725 0.0436601 0.0746500 0.0734881 0.0693991 0.0904228 0.0536388 0.0678436 0.0886891 0.0771707 0.0736904 0.0535485 0.0761829 0.0662535 0.0925030 0.0541981 0.0429176 0.0432496 0.0689056 0.0754156 0.0743132 0.0687903 0.1059890 0.0699109 0.0686692 
S0278         0.5646919 0.8552896 0.3860657 0.0959312 0.0719964 0.0983332 0.2028606 0.1057011 0.0000000 0.1033364 0.1021939 0.1117152 0.0639683 0.0887159 0.0978481 0.1053268 0.0448635 0.1079930 0.1023201 0.0494608 0.1098314 0.0519206 0.0832514 0.1058945 0.0919508 0.0930413 0.1002252 0.0528812 0.1012012 0.0554433 0.0767281 0.0983086 0.0536665 0.1062587 0.0574435 0.0979885 0.1147045 0.0956756 0.1068924 0.0563883 0.1100782 0.1110448 0.0543843 0.0643602 0.0710339 0.0909329 0.0926360 0.0900479 0.1104319 0.1286497 0.1106019 0.1040065 0.1091070 0.1032308 0.0998447 0.0804200 0.0913426 0.0847857 0.0844700 0.1095587 0.0917327 0.0691228 0.1010699 0.0718757 0.0708728 0.0824464 0.0422698 0.0887013 0.0991030 0.0959439 0.0937152 0.1095120 0.1159079 0.0874751 0.1264315 0.0912644 0.0942687 0.1061568 0.1076087 0.0988732 0.1359524 0.0874746 0.1503146 0.1000370 0.0929357 0.0982101 0.1050248 0.1415516 0.0885565 0.1159024 0.0910681 0.0477313 0.0765432 0.0736003 0.1050633 0.0722014 0.0505356 0.0921874 0.1079275 0.1092197 0.1028995 0.1057084 0.0872297 0.0832093 0.0874764 0.0873873 0.1107661 0.1078604 0.0984467 0.0708877 0.0998894 0.0878468 0.0694742 0.1112290 0.0827896 0.0601979 0.0877892 0.0763664 0.0905967 0.0955559 0.1012338 0.0585703 0.1156361 0.0979678 0.0945865 0.1011062 0.0840372 0.0977509 0.0878654 0.1100234 0.0932498 0.0815667 
S0281         0.4672063 0.7933327 0.4079934 0.0735401 0.0785505 0.0882002 0.1582833 0.0819647 0.1033364 0.0000000 0.0779023 0.0970011 0.0753381 0.0720798 0.0773603 0.0853366 0.0800938 0.0906801 0.0936460 0.0762804 0.0905869 0.0687005 0.0718662 0.0877508 0.0767541 0.0791938 0.0770605 0.0714343 0.0922740 0.0735287 0.0296216 0.0856324 0.0616443 0.0871687 0.0663394 0.0717301 0.0958311 0.0857474 0.0859894 0.0775047 0.0939240 0.0899079 0.0781281 0.0671848 0.0668289 0.0719380 0.0726354 0.0422158 0.0911426 0.1076116 0.1005538 0.0850922 0.0945646 0.0864937 0.0761161 0.0312566 0.0740965 0.0334676 0.0343990 0.0860665 0.0446430 0.0709740 0.0830774 0.0632605 0.0690440 0.0610432 0.0718719 0.0706629 0.0707092 0.0793370 0.0727170 0.0848502 0.0910488 0.0537700 0.1079315 0.0821770 0.0777956 0.0986836 0.0816360 0.0791459 0.1101432 0.0342558 0.1209500 0.0748934 0.0784931 0.0843676 0.0822979 0.1199370 0.0697145 0.0959335 0.0688845 0.0669956 0.0677454 0.0649306 0.0869900 0.0677822 0.0830546 0.0740515 0.0887854 0.0878617 0.0832063 0.0883555 0.0805360 0.0622609 0.0685639 0.0696193 0.0856316 0.0804096 0.0836475 0.0667900 0.0751256 0.0651002 0.0896294 0.0932190 0.0326493 0.0785097 0.0486627 0.0675376 0.0778814 0.0733040 0.0832858 0.0778495 0.0983093 0.0802639 0.0789763 0.0926619 0.0729343 0.0739636 0.0655044 0.0990402 0.0740019 0.0671503 
S0282         0.4791746 0.8390320 0.3711510 0.0710236 0.0684875 0.0543926 0.1650469 0.0563102 0.1021939 0.0779023 0.0000000 0.1066740 0.0807554 0.0718932 0.0191850 0.0407325 0.0806648 0.1012793 0.0958641 0.0757093 0.1021161 0.0704658 0.0725475 0.0982477 0.0721675 0.0217369 0.0258062 0.0717509 0.0754866 0.0709685 0.0549965 0.0798476 0.0645692 0.0967321 0.0691902 0.0757427 0.0720217 0.0904091 0.0964339 0.0769145 0.0448790 0.0312990 0.0792559 0.0584891 0.0650066 0.0456778 0.0126132 0.0678715 0.1027099 0.1129256 0.0752058 0.0947413 0.0915336 0.0409859 0.0719964 0.0573540 0.0147613 0.0624541 0.0629109 0.0795414 0.0714121 0.0680388 0.0865296 0.0641921 0.0606825 0.0635205 0.0693832 0.0821740 0.0748009 0.0806230 0.0678257 0.0836363 0.0441466 0.0733820 0.1132994 0.0698558 0.0854539 0.1058540 0.0817606 0.0772530 0.1205309 0.0632824 0.1238402 0.0770536 0.0839373 0.0484261 0.0820793 0.1211047 0.0132798 0.0634441 0.0598186 0.0621772 0.0678254 0.0650071 0.0996617 0.0644505 0.0836359 0.0818463 0.1015201 0.0997384 0.0267335 0.0918459 0.0789120 0.0619554 0.0133724 0.0200467 0.0587291 0.0868712 0.0501024 0.0636262 0.0739026 0.0691457 0.0863664 0.0615633 0.0606642 0.0787927 0.0697389 0.0710781 0.0253393 0.0739435 0.0385456 0.0761459 0.0594171 0.0487718 0.0531961 0.0751692 0.0751469 0.0755676 0.0657191 0.0963745 0.0661012 0.0671663 
S0288         0.5143814 0.8887580 0.5717693 0.0925873 0.1170365 0.1056293 0.1852259 0.1101641 0.1117152 0.0970011 0.1066740 0.0000000 0.1045715 0.0910175 0.1049154 0.1131905 0.0981570 0.0145966 0.0606907 0.0939501 0.0138050 0.0863076 0.0939074 0.0122464 0.1026103 0.1047853 0.1056577 0.0938038 0.1102714 0.0896660 0.0780999 0.1079493 0.0841711 0.0114857 0.0838140 0.0916053 0.1173485 0.0484155 0.0138172 0.0874542 0.1195660 0.1236322 0.0914915 0.0782345 0.0880001 0.0883775 0.0973337 0.0926442 0.0146766 0.1382709 0.1088962 0.0099081 0.1041080 0.1107664 0.0907940 0.0788901 0.1021118 0.0847453 0.0844656 0.1019364 0.1009745 0.0888175 0.0679532 0.0867570 0.0842429 0.0868044 0.0873017 0.0259318 0.0877997 0.1002559 0.0837666 0.1021811 0.1164872 0.0907616 0.1368495 0.1026169 0.0672529 0.0711665 0.0967102 0.0970068 0.1407247 0.0886850 0.1454420 0.0890451 0.0638814 0.1117676 0.1071120 0.1473063 0.0939202 0.1250026 0.0847383 0.0843221 0.0918878 0.0897246 0.0122707 0.0849754 0.0924781 0.0473407 0.0122744 0.0122865 0.1094289 0.0655204 0.0974088 0.0835535 0.0957947 0.0980340 0.1144964 0.0980248 0.1109776 0.0885730 0.0903516 0.0897740 0.1069415 0.1199073 0.0836675 0.0965686 0.0853408 0.0845676 0.1053469 0.0941710 0.1097190 0.0915452 0.1211483 0.1074160 0.0946373 0.1144738 0.0977458 0.0902380 0.0793454 0.1060220 0.0972901 0.0919651 
S0289         0.4940311 0.8539926 0.3440858 0.0778451 0.0722736 0.0850048 0.1758683 0.0909483 0.0639683 0.0753381 0.0807554 0.1045715 0.0000000 0.0710497 0.0822548 0.0911679 0.0474106 0.0956235 0.0943346 0.0425026 0.0973635 0.0423180 0.0719399 0.0935810 0.0778324 0.0805371 0.0837050 0.0314200 0.0940160 0.0361978 0.0574725 0.0871343 0.0423781 0.0938955 0.0441968 0.0783105 0.0931388 0.0822203 0.0934731 0.0482248 0.0963076 0.0919139 0.0473567 0.0542693 0.0521745 0.0739898 0.0774434 0.0694252 0.0979662 0.1031657 0.0969664 0.0917604 0.0894905 0.0906680 0.0772446 0.0592159 0.0771030 0.0641098 0.0628949 0.0844914 0.0729453 0.0581892 0.0862021 0.0556276 0.0545617 0.0664247 0.0366151 0.0733089 0.0772560 0.0786904 0.0745674 0.0871852 0.0955643 0.0753418 0.1067769 0.0805931 0.0774997 0.0919236 0.0887077 0.0781897 0.1060734 0.0632936 0.1261565 0.0766495 0.0762378 0.0920939 0.0821235 0.1208120 0.0735654 0.0976302 0.0772515 0.0336750 0.0581524 0.0572626 0.0937003 0.0550605 0.0473269 0.0813129 0.0955286 0.0967430 0.0891227 0.0906231 0.0728461 0.0647529 0.0715427 0.0706250 0.0978535 0.0862173 0.0904430 0.0537649 0.0778487 0.0684714 0.0486204 0.0930287 0.0623103 0.0380255 0.0697829 0.0606710 0.0791762 0.0711059 0.0887103 0.0463182 0.1001456 0.0799900 0.0812235 0.0920510 0.0694913 0.0730956 0.0703407 0.0947436 0.0716728 0.0638348 
S0292         0.5165585 0.8126647 0.4004942 0.0522527 0.0485353 0.0752213 0.1538848 0.0741089 0.0887159 0.0720798 0.0718932 0.0910175 0.0710497 0.0000000 0.0651888 0.0755763 0.0696605 0.0825266 0.0911089 0.0604031 0.0833466 0.0612296 0.0527295 0.0814750 0.0619231 0.0686140 0.0692179 0.0605319 0.0746518 0.0622979 0.0490225 0.0672814 0.0593947 0.0806130 0.0520597 0.0544935 0.0829279 0.0730084 0.0796990 0.0721722 0.0838542 0.0770597 0.0728181 0.0546536 0.0602312 0.0581666 0.0649208 0.0625140 0.0856497 0.1009556 0.0883546 0.0770299 0.0862317 0.0792875 0.0533070 0.0507104 0.0663895 0.0538413 0.0524526 0.0632407 0.0625693 0.0594516 0.0732380 0.0566543 0.0556106 0.0476358 0.0606584 0.0644463 0.0533643 0.0615161 0.0503171 0.0608328 0.0830522 0.0654726 0.0957117 0.0673380 0.0646906 0.0816991 0.0612102 0.0588554 0.1055115 0.0555083 0.1135807 0.0522462 0.0644640 0.0737855 0.0335531 0.1112968 0.0612506 0.0888200 0.0600527 0.0552341 0.0601048 0.0575308 0.0815779 0.0544679 0.0735796 0.0700763 0.0833507 0.0844968 0.0752163 0.0776520 0.0538939 0.0106882 0.0583286 0.0567030 0.0789979 0.0344787 0.0737132 0.0627076 0.0213871 0.0125764 0.0835022 0.0822360 0.0521135 0.0681439 0.0600879 0.0626650 0.0673842 0.0274706 0.0715326 0.0688488 0.0874824 0.0690208 0.0632060 0.0699095 0.0528209 0.0570514 0.0545603 0.0741465 0.0587523 0.0476144 
S0293         0.4923129 0.8162454 0.3771362 0.0706097 0.0637284 0.0520855 0.1647204 0.0531948 0.0978481 0.0773603 0.0191850 0.1049154 0.0822548 0.0651888 0.0000000 0.0377155 0.0792091 0.0979223 0.0916180 0.0706892 0.1006170 0.0664320 0.0676036 0.0949090 0.0635504 0.0225582 0.0214278 0.0710827 0.0731466 0.0703526 0.0535303 0.0748370 0.0648107 0.0933887 0.0651156 0.0698379 0.0662595 0.0879710 0.0931011 0.0752996 0.0434319 0.0284488 0.0796014 0.0578337 0.0609791 0.0456770 0.0119365 0.0666368 0.0993330 0.1125162 0.0719828 0.0931683 0.0828461 0.0356091 0.0712921 0.0542434 0.0155342 0.0593160 0.0588384 0.0771611 0.0701876 0.0673942 0.0874205 0.0618660 0.0608612 0.0568077 0.0660649 0.0780200 0.0714200 0.0755342 0.0680466 0.0783468 0.0410388 0.0701666 0.1090044 0.0655477 0.0803520 0.1032916 0.0778453 0.0754019 0.1181672 0.0601409 0.1255040 0.0719913 0.0788809 0.0477891 0.0787997 0.1207231 0.0097604 0.0645074 0.0539584 0.0615474 0.0654815 0.0626793 0.0963037 0.0655223 0.0839476 0.0777117 0.0972447 0.0982725 0.0223174 0.0927868 0.0738782 0.0587212 0.0098286 0.0156780 0.0571871 0.0826127 0.0487039 0.0604366 0.0671497 0.0624900 0.0875934 0.0599751 0.0575396 0.0769633 0.0665472 0.0670014 0.0231521 0.0670021 0.0362153 0.0755399 0.0570941 0.0473029 0.0492649 0.0747446 0.0693123 0.0714356 0.0606600 0.0921506 0.0620752 0.0630962 
S0294         0.4499369 0.8381220 0.4024967 0.0839141 0.0858254 0.0604697 0.1761320 0.0688303 0.1053268 0.0853366 0.0407325 0.1131905 0.0911679 0.0755763 0.0377155 0.0000000 0.0890444 0.1044375 0.1101802 0.0794035 0.1072491 0.0740944 0.0789020 0.1051924 0.0780491 0.0455795 0.0408101 0.0806848 0.0867707 0.0745671 0.0618165 0.0913502 0.0735382 0.1036702 0.0774231 0.0840272 0.0822433 0.0999970 0.1052227 0.0806347 0.0595070 0.0476732 0.0848256 0.0716881 0.0685339 0.0548316 0.0321103 0.0779334 0.1078768 0.1224101 0.0879973 0.1016321 0.1045870 0.0536320 0.0829943 0.0642073 0.0383483 0.0694177 0.0699312 0.0896965 0.0789006 0.0797528 0.0917601 0.0678920 0.0703092 0.0715990 0.0785969 0.0914608 0.0849591 0.0899611 0.0803572 0.0912615 0.0411944 0.0763819 0.1212920 0.0834161 0.0892919 0.1125642 0.0941198 0.0898000 0.1261743 0.0711744 0.1322952 0.0862550 0.0886986 0.0639496 0.0932400 0.1273075 0.0320326 0.0797568 0.0761644 0.0708716 0.0698647 0.0687161 0.1056944 0.0760172 0.0901661 0.0849296 0.1085540 0.1077200 0.0401615 0.0971142 0.0864777 0.0709814 0.0299184 0.0340537 0.0686338 0.0944239 0.0649483 0.0725573 0.0829482 0.0754194 0.0979043 0.0761453 0.0693056 0.0870941 0.0707664 0.0748724 0.0452368 0.0821199 0.0513611 0.0851854 0.0740481 0.0643698 0.0674274 0.0949021 0.0833732 0.0856231 0.0756279 0.1038648 0.0726761 0.0770317 
S0299         0.4994879 0.8853299 0.3299120 0.0764254 0.0632102 0.0834768 0.1725765 0.0857677 0.0448635 0.0800938 0.0806648 0.0981570 0.0474106 0.0696605 0.0792091 0.0890444 0.0000000 0.0924502 0.0875190 0.0379192 0.0942275 0.0338865 0.0676726 0.0886007 0.0721449 0.0731788 0.0804144 0.0370733 0.0890472 0.0395824 0.0570135 0.0867302 0.0370995 0.0888983 0.0389088 0.0756975 0.0949441 0.0787767 0.0884979 0.0436710 0.0903991 0.0926290 0.0444548 0.0495266 0.0524390 0.0700520 0.0744141 0.0676048 0.0910519 0.1071247 0.0970704 0.0867911 0.0867399 0.0875816 0.0754433 0.0596126 0.0740854 0.0628656 0.0624651 0.0863385 0.0685393 0.0516736 0.0805415 0.0543424 0.0539814 0.0659381 0.0344640 0.0719717 0.0756211 0.0767305 0.0717880 0.0855024 0.0916439 0.0714485 0.1051152 0.0742323 0.0743399 0.0908271 0.0819737 0.0782707 0.1170065 0.0636997 0.1223954 0.0785104 0.0730957 0.0781731 0.0853238 0.1190576 0.0705530 0.0894360 0.0794744 0.0331006 0.0587133 0.0559826 0.0887140 0.0503575 0.0410589 0.0790756 0.0887105 0.0898962 0.0848890 0.0841193 0.0704260 0.0669444 0.0693939 0.0683771 0.0930577 0.0894726 0.0774501 0.0516281 0.0782348 0.0677315 0.0522168 0.0867140 0.0602133 0.0439047 0.0676377 0.0575492 0.0736658 0.0751918 0.0835098 0.0385611 0.0909925 0.0795752 0.0789236 0.0895260 0.0652680 0.0755217 0.0680825 0.0907130 0.0731892 0.0632898 
S0303         0.5079664 0.8779349 0.4582225 0.0850070 0.1031377 0.0937797 0.1721313 0.1060546 0.1079930 0.0906801 0.1012793 0.0145966 0.0956235 0.0825266 0.0979223 0.1044375 0.0924502 0.0000000 0.0564668 0.0887301 0.0125552 0.0819435 0.0897763 0.0111532 0.0977448 0.0975586 0.0992600 0.0850893 0.1026517 0.0842613 0.0736529 0.1034195 0.0791439 0.0090410 0.0788827 0.0904730 0.1087036 0.0470585 0.0097292 0.0875284 0.1148477 0.1129431 0.0896973 0.0765005 0.0834527 0.0830782 0.0910022 0.0848768 0.0133390 0.1287634 0.1070988 0.0076155 0.1125116 0.1020083 0.0888530 0.0726526 0.0942928 0.0806058 0.0776526 0.1007262 0.0922849 0.0868593 0.0615251 0.0831822 0.0800771 0.0808492 0.0819081 0.0242690 0.0860876 0.0984705 0.0851642 0.0990743 0.1108227 0.0859429 0.1220654 0.0975892 0.0656817 0.0674983 0.0923205 0.0916730 0.1324462 0.0815426 0.1349346 0.0884321 0.0626349 0.1046569 0.0986579 0.1347782 0.0887754 0.1176013 0.0832421 0.0793124 0.0889647 0.0858942 0.0090435 0.0807150 0.0925428 0.0452105 0.0111667 0.0126066 0.1016980 0.0650059 0.0911093 0.0787810 0.0867571 0.0915426 0.1080746 0.0905081 0.1048998 0.0839464 0.0846079 0.0832417 0.1072734 0.1149971 0.0778121 0.0894794 0.0801985 0.0812779 0.0960388 0.0891801 0.1040966 0.0878932 0.1171672 0.1026459 0.0886232 0.1064057 0.0924859 0.0886914 0.0802498 0.1016844 0.0939378 0.0882941 
S0308         0.5756580 0.8338291 0.4855073 0.0882696 0.0824856 0.0955996 0.1769110 0.0845733 0.1023201 0.0936460 0.0958641 0.0606907 0.0943346 0.0911089 0.0916180 0.1101802 0.0875190 0.0564668 0.0000000 0.0878764 0.0589137 0.0806934 0.0878079 0.0563673 0.0897072 0.0948047 0.0966773 0.0876119 0.1098136 0.0832638 0.0770708 0.0888168 0.0797728 0.0549003 0.0795183 0.0922288 0.1111510 0.0559443 0.0554969 0.0919326 0.0979771 0.0974963 0.0959555 0.0777837 0.0859476 0.0864846 0.0884566 0.0886468 0.0567624 0.1349621 0.0876185 0.0539961 0.1092878 0.0917951 0.0867698 0.0769350 0.0889742 0.0851795 0.0829455 0.1042454 0.0952720 0.0837185 0.0753611 0.0847873 0.0794295 0.0842521 0.0730889 0.0415357 0.0913188 0.0990387 0.0818926 0.1035508 0.1136920 0.0841444 0.1271847 0.1003269 0.0733785 0.0737524 0.0988009 0.0971695 0.1397556 0.0861054 0.1498405 0.0908244 0.0701818 0.0844590 0.1059370 0.1426641 0.0844188 0.0960718 0.0779877 0.0779650 0.0875784 0.0865744 0.0557793 0.0819051 0.0954356 0.0533318 0.0574265 0.0575024 0.0971956 0.0806380 0.0964812 0.0847684 0.0842144 0.0871647 0.0844925 0.1004365 0.0826006 0.0864737 0.0920707 0.0900080 0.1058079 0.0894628 0.0832131 0.0939543 0.0828081 0.0854911 0.0914687 0.0961625 0.1013680 0.0922698 0.0937046 0.0805714 0.0735307 0.0912768 0.0905260 0.0929485 0.0848655 0.1084613 0.0842314 0.0890446 
S0320         0.4958860 0.8315535 0.3564503 0.0725341 0.0809750 0.0764146 0.1663558 0.0863821 0.0494608 0.0762804 0.0757093 0.0939501 0.0425026 0.0604031 0.0706892 0.0794035 0.0379192 0.0887301 0.0878764 0.0000000 0.0904763 0.0321511 0.0658357 0.0849552 0.0664601 0.0733339 0.0730529 0.0322285 0.0844303 0.0322715 0.0550095 0.0770222 0.0314243 0.0852364 0.0339098 0.0725948 0.0887788 0.0753329 0.0849838 0.0370322 0.0858962 0.0830809 0.0361001 0.0467709 0.0449056 0.0687855 0.0686148 0.0663360 0.0891109 0.1073931 0.0887838 0.0831780 0.0848010 0.0832909 0.0732163 0.0567398 0.0683697 0.0582685 0.0603857 0.0800542 0.0636333 0.0498471 0.0763374 0.0449301 0.0495043 0.0611367 0.0311033 0.0669440 0.0716196 0.0755556 0.0706296 0.0830857 0.0884183 0.0690407 0.1024192 0.0701525 0.0693891 0.0900226 0.0833012 0.0760789 0.1172227 0.0599302 0.1235916 0.0771342 0.0682433 0.0794341 0.0737276 0.1233065 0.0649086 0.0897476 0.0719915 0.0245143 0.0491236 0.0465174 0.0850627 0.0500139 0.0368479 0.0726626 0.0850600 0.0880110 0.0764628 0.0816566 0.0676279 0.0549365 0.0619989 0.0594149 0.0882030 0.0749869 0.0786920 0.0424799 0.0677798 0.0595715 0.0502874 0.0842365 0.0581766 0.0372635 0.0652456 0.0506018 0.0720334 0.0650675 0.0794016 0.0391248 0.0953830 0.0763865 0.0740204 0.0864449 0.0616906 0.0741760 0.0657990 0.0861422 0.0666984 0.0585706 
S0322         0.5245067 0.8609491 0.4686335 0.0885589 0.1001296 0.1022104 0.1744119 0.1059693 0.1098314 0.0905869 0.1021161 0.0138050 0.0973635 0.0833466 0.1006170 0.1072491 0.0942275 0.0125552 0.0589137 0.0904763 0.0000000 0.0845171 0.0896778 0.0111457 0.0995500 0.1012609 0.0991583 0.0867882 0.1061396 0.0869122 0.0744757 0.1004800 0.0808445 0.0090348 0.0788010 0.0885561 0.1135330 0.0486222 0.0111386 0.0911328 0.1137574 0.1170707 0.0914482 0.0773054 0.0824853 0.0856891 0.0936491 0.0884293 0.0104553 0.1286679 0.1108301 0.0076131 0.1135681 0.1037756 0.0868819 0.0751933 0.0969472 0.0823061 0.0802413 0.1015354 0.0959024 0.0868038 0.0642389 0.0822583 0.0808869 0.0844023 0.0837018 0.0257331 0.0850207 0.1001799 0.0832301 0.0970931 0.1150209 0.0886437 0.1250166 0.1003316 0.0673508 0.0708813 0.0958811 0.0933974 0.1313574 0.0832470 0.1348695 0.0892284 0.0642797 0.1074334 0.1013628 0.1336820 0.0914001 0.1174796 0.0832350 0.0810170 0.0879806 0.0849223 0.0097446 0.0788231 0.0924841 0.0467852 0.0111592 0.0125982 0.1044129 0.0677216 0.0910091 0.0815273 0.0912450 0.0933134 0.1079870 0.0950464 0.1057475 0.0829892 0.0872295 0.0858431 0.1081270 0.1148767 0.0794994 0.0911886 0.0828518 0.0803207 0.0997578 0.0918286 0.1059561 0.0905140 0.1180678 0.1025397 0.0903551 0.1043655 0.0923847 0.0922278 0.0838092 0.1025248 0.0929521 0.0909966 
S0327         0.4849183 0.8241604 0.3590928 0.0658612 0.0590057 0.0698250 0.1656477 0.0793456 0.0519206 0.0687005 0.0704658 0.0863076 0.0423180 0.0612296 0.0664320 0.0740944 0.0338865 0.0819435 0.0806934 0.0321511 0.0845171 0.0000000 0.0610622 0.0771249 0.0614370 0.0671965 0.0706620 0.0304913 0.0812023 0.0290171 0.0480528 0.0690048 0.0273679 0.0793675 0.0298688 0.0675864 0.0842315 0.0715830 0.0791347 0.0337672 0.0804923 0.0820417 0.0359773 0.0384221 0.0429686 0.0586653 0.0635919 0.0589704 0.0832179 0.0987990 0.0852659 0.0773646 0.0775930 0.0760255 0.0672778 0.0497299 0.0633198 0.0536970 0.0532482 0.0796899 0.0581879 0.0455493 0.0731801 0.0437886 0.0426378 0.0549445 0.0271124 0.0631471 0.0665791 0.0722562 0.0656744 0.0778546 0.0807759 0.0626881 0.0949085 0.0679439 0.0698520 0.0840258 0.0762932 0.0691635 0.1074268 0.0545021 0.1135874 0.0711449 0.0686567 0.0752182 0.0754345 0.1113204 0.0599406 0.0884041 0.0661368 0.0228701 0.0471254 0.0445595 0.0792074 0.0430641 0.0352475 0.0697914 0.0800600 0.0811813 0.0746336 0.0802217 0.0619391 0.0540085 0.0587517 0.0595544 0.0849383 0.0738506 0.0745116 0.0413614 0.0667263 0.0569068 0.0500657 0.0847669 0.0519746 0.0370307 0.0590481 0.0469791 0.0668302 0.0629598 0.0720471 0.0334513 0.0898350 0.0713124 0.0698660 0.0820410 0.0603488 0.0683068 0.0578080 0.0837757 0.0575387 0.0542306 
S0335         0.5165367 0.7960397 0.3959386 0.0418621 0.0083615 0.0742988 0.1623146 0.0766581 0.0832514 0.0718662 0.0725475 0.0939074 0.0719399 0.0527295 0.0676036 0.0789020 0.0676726 0.0897763 0.0878079 0.0658357 0.0896778 0.0610622 0.0000000 0.0868637 0.0688556 0.0673261 0.0707422 0.0620640 0.0814947 0.0640238 0.0512493 0.0749848 0.0591094 0.0862378 0.0578821 0.0557909 0.0863779 0.0810095 0.0879546 0.0719405 0.0854235 0.0779558 0.0716895 0.0578939 0.0618164 0.0631960 0.0638774 0.0625306 0.0911274 0.1031381 0.0906554 0.0850756 0.0859126 0.0790629 0.0529464 0.0529437 0.0670023 0.0579188 0.0573470 0.0664372 0.0652293 0.0600014 0.0801760 0.0599858 0.0605802 0.0457938 0.0623631 0.0687348 0.0555130 0.0583796 0.0491624 0.0647145 0.0873544 0.0679406 0.1017997 0.0706838 0.0759474 0.0956164 0.0641680 0.0618173 0.1067099 0.0579322 0.1198325 0.0552017 0.0746747 0.0797519 0.0671880 0.1145927 0.0627579 0.0884464 0.0623729 0.0568827 0.0644275 0.0616441 0.0869735 0.0585352 0.0715601 0.0772385 0.0878856 0.0899447 0.0694617 0.0835523 0.0425916 0.0462865 0.0598417 0.0599656 0.0809173 0.0656532 0.0763860 0.0600684 0.0588945 0.0500589 0.0835041 0.0838493 0.0561666 0.0705877 0.0625181 0.0648704 0.0669845 0.0560713 0.0703191 0.0734174 0.0830638 0.0712746 0.0671388 0.0534127 0.0215030 0.0548158 0.0493410 0.0845295 0.0637282 0.0475417 
S0355         0.5647007 0.8453506 0.4675820 0.0839373 0.0969431 0.0943317 0.1730097 0.1011214 0.1058945 0.0877508 0.0982477 0.0122464 0.0935810 0.0814750 0.0949090 0.1051924 0.0886007 0.0111532 0.0563673 0.0849552 0.0111457 0.0771249 0.0868637 0.0000000 0.0927733 0.0954663 0.0953611 0.0831237 0.1002713 0.0814362 0.0726406 0.0963164 0.0745364 0.0069314 0.0752101 0.0875349 0.1056763 0.0437939 0.0097403 0.0855684 0.1116995 0.1120781 0.0859097 0.0754339 0.0805862 0.0819769 0.0870491 0.0838098 0.0119194 0.1275148 0.1068952 0.0076241 0.1048894 0.0989265 0.0868254 0.0716462 0.0913343 0.0777963 0.0766174 0.0986360 0.0902727 0.0831068 0.0616123 0.0803653 0.0772337 0.0798030 0.0791034 0.0227474 0.0831549 0.0954494 0.0822675 0.0960308 0.1077847 0.0858671 0.1208481 0.0946421 0.0638880 0.0674040 0.0902998 0.0905732 0.1301613 0.0787235 0.1326073 0.0864218 0.0608727 0.1035353 0.0956549 0.1335073 0.0858653 0.1134191 0.0804414 0.0746939 0.0860479 0.0830141 0.0083472 0.0778744 0.0908127 0.0419286 0.0097581 0.0111912 0.1008311 0.0650975 0.0863400 0.0769275 0.0856715 0.0886245 0.1030749 0.0902975 0.1009116 0.0811213 0.0817328 0.0803922 0.1070721 0.1107997 0.0750318 0.0874707 0.0801291 0.0784422 0.0940126 0.0842381 0.1008260 0.0829814 0.1116981 0.0986621 0.0845467 0.1002656 0.0895514 0.0855623 0.0772256 0.0965160 0.0907999 0.0842788 
S0376         0.5141824 0.8055169 0.3922950 0.0712119 0.0455600 0.0741973 0.1657587 0.0698769 0.0919508 0.0767541 0.0721675 0.1026103 0.0778324 0.0619231 0.0635504 0.0780491 0.0721449 0.0977448 0.0897072 0.0664601 0.0995500 0.0614370 0.0688556 0.0927733 0.0000000 0.0698730 0.0677593 0.0617578 0.0828498 0.0643812 0.0544881 0.0443068 0.0605966 0.0940618 0.0592204 0.0702904 0.0823961 0.0850718 0.0938434 0.0737089 0.0764661 0.0729332 0.0769958 0.0568283 0.0589431 0.0628987 0.0651184 0.0675070 0.0982547 0.1164691 0.0848070 0.0919758 0.0802059 0.0751110 0.0690921 0.0562242 0.0666404 0.0592957 0.0590598 0.0835769 0.0693128 0.0625410 0.0879067 0.0570906 0.0597066 0.0563579 0.0547722 0.0751130 0.0700584 0.0742158 0.0684524 0.0787615 0.0854291 0.0630615 0.1099146 0.0665443 0.0808733 0.1018731 0.0792202 0.0758115 0.1232259 0.0611293 0.1236261 0.0750641 0.0795399 0.0643446 0.0716876 0.1274103 0.0597747 0.0788490 0.0652429 0.0573417 0.0598354 0.0587478 0.0939383 0.0608667 0.0777712 0.0802596 0.0957872 0.0942132 0.0737426 0.0923615 0.0699246 0.0562193 0.0602634 0.0605154 0.0768807 0.0764919 0.0662047 0.0622233 0.0666000 0.0609291 0.0800009 0.0779036 0.0585145 0.0703353 0.0649873 0.0630437 0.0685028 0.0644642 0.0764763 0.0757438 0.0774055 0.0638971 0.0596701 0.0820529 0.0689780 0.0700181 0.0592036 0.0904019 0.0360951 0.0547393 
S0400         0.4862717 0.8972503 0.3572551 0.0713330 0.0628360 0.0501072 0.1634954 0.0522389 0.0930413 0.0791938 0.0217369 0.1047853 0.0805371 0.0686140 0.0225582 0.0455795 0.0731788 0.0975586 0.0948047 0.0733339 0.1012609 0.0671965 0.0673261 0.0954663 0.0698730 0.0000000 0.0285991 0.0693559 0.0613971 0.0685928 0.0533107 0.0776382 0.0629964 0.0939253 0.0632083 0.0742436 0.0671449 0.0875308 0.0934882 0.0745408 0.0424707 0.0367583 0.0778644 0.0542021 0.0616120 0.0447985 0.0172547 0.0665495 0.0999607 0.1109139 0.0712018 0.0936060 0.0878536 0.0401073 0.0694417 0.0559011 0.0187125 0.0600091 0.0604529 0.0763395 0.0710256 0.0637480 0.0860052 0.0634577 0.0563639 0.0619167 0.0660406 0.0783314 0.0732768 0.0715244 0.0661043 0.0822096 0.0491327 0.0688158 0.1093387 0.0666745 0.0822441 0.1036165 0.0796763 0.0772015 0.1186060 0.0608442 0.1229709 0.0737763 0.0819298 0.0459994 0.0814736 0.1206503 0.0157225 0.0610950 0.0642153 0.0597093 0.0671328 0.0642827 0.0955904 0.0627474 0.0840515 0.0808005 0.0974586 0.0987050 0.0303478 0.0904966 0.0766424 0.0585502 0.0165751 0.0242056 0.0580120 0.0826101 0.0477147 0.0611550 0.0706253 0.0649754 0.0868418 0.0591730 0.0573606 0.0764399 0.0651928 0.0686713 0.0127706 0.0687798 0.0326819 0.0737866 0.0552496 0.0463143 0.0499322 0.0805473 0.0710086 0.0723040 0.0632543 0.0955283 0.0637433 0.0647215 
S0405         0.5258959 0.8488085 0.3878179 0.0701466 0.0768819 0.0558230 0.1627744 0.0561185 0.1002252 0.0770605 0.0258062 0.1056577 0.0837050 0.0692179 0.0214278 0.0408101 0.0804144 0.0992600 0.0966773 0.0730529 0.0991583 0.0706620 0.0707422 0.0953611 0.0677593 0.0285991 0.0000000 0.0725561 0.0736692 0.0700751 0.0566129 0.0806949 0.0679558 0.0938477 0.0665649 0.0756884 0.0719353 0.0884486 0.0963155 0.0777633 0.0465655 0.0237543 0.0810541 0.0628003 0.0677018 0.0514036 0.0184181 0.0697943 0.0997725 0.1221591 0.0724867 0.0936997 0.0917971 0.0394731 0.0754277 0.0573231 0.0220834 0.0624198 0.0628763 0.0830389 0.0733631 0.0696664 0.0861202 0.0660174 0.0641588 0.0634815 0.0693386 0.0785255 0.0764797 0.0796273 0.0711911 0.0844876 0.0442151 0.0733408 0.1176622 0.0758667 0.0782128 0.1008296 0.0837151 0.0812639 0.1249906 0.0632475 0.1334945 0.0769295 0.0767688 0.0515990 0.0829666 0.1317200 0.0161773 0.0650591 0.0631330 0.0646862 0.0705550 0.0677024 0.0967521 0.0662505 0.0862661 0.0791070 0.0985977 0.0987154 0.0184959 0.0914629 0.0761837 0.0628526 0.0162910 0.0141746 0.0620319 0.0840624 0.0492841 0.0627336 0.0738133 0.0682316 0.0880950 0.0614732 0.0589501 0.0814671 0.0697001 0.0720796 0.0307056 0.0730097 0.0418295 0.0825380 0.0585064 0.0495101 0.0523069 0.0770757 0.0715370 0.0745930 0.0663768 0.0972651 0.0668949 0.0679634 
S0407sl       0.4887316 0.8339919 0.3695450 0.0660121 0.0562340 0.0728246 0.1729379 0.0813167 0.0528812 0.0714343 0.0717509 0.0938038 0.0314200 0.0605319 0.0710827 0.0806848 0.0370733 0.0850893 0.0876119 0.0322285 0.0867882 0.0304913 0.0620640 0.0831237 0.0617578 0.0693559 0.0725561 0.0000000 0.0786794 0.0291587 0.0505965 0.0767383 0.0290184 0.0833988 0.0307081 0.0686323 0.0827603 0.0755310 0.0831518 0.0385352 0.0845990 0.0843329 0.0391812 0.0426450 0.0424066 0.0632288 0.0665210 0.0651790 0.0873192 0.0989589 0.0836019 0.0812926 0.0756647 0.0791590 0.0690811 0.0522920 0.0662334 0.0562910 0.0542101 0.0780863 0.0652371 0.0464673 0.0742341 0.0440108 0.0444769 0.0567528 0.0249074 0.0634978 0.0702254 0.0730649 0.0666749 0.0798720 0.0878190 0.0662542 0.0950302 0.0664144 0.0683382 0.0831254 0.0782354 0.0711477 0.1085411 0.0571030 0.1156867 0.0712963 0.0671498 0.0754488 0.0756293 0.1144055 0.0628111 0.0841009 0.0680045 0.0214986 0.0481799 0.0455900 0.0832291 0.0441983 0.0408222 0.0746460 0.0850056 0.0861595 0.0777304 0.0795501 0.0604345 0.0533111 0.0607730 0.0615322 0.0851452 0.0758241 0.0747397 0.0430339 0.0649828 0.0578932 0.0452037 0.0795307 0.0545485 0.0171229 0.0608842 0.0496526 0.0698281 0.0622863 0.0788416 0.0367374 0.0864385 0.0697906 0.0683026 0.0813552 0.0579740 0.0684416 0.0604943 0.0887664 0.0603751 0.0542442 
S0412sl       0.5194330 0.8961304 0.3922411 0.0824009 0.0705859 0.0697164 0.1931617 0.0827268 0.1012012 0.0922740 0.0754866 0.1102714 0.0940160 0.0746518 0.0731466 0.0867707 0.0890472 0.1026517 0.1098136 0.0844303 0.1061396 0.0812023 0.0814947 0.1002713 0.0828498 0.0613971 0.0736692 0.0786794 0.0000000 0.0778634 0.0688773 0.0891523 0.0773391 0.1017237 0.0758613 0.0891709 0.0657222 0.0950380 0.1012274 0.0897071 0.0878297 0.0866050 0.0941729 0.0735417 0.0771367 0.0561378 0.0666006 0.0792784 0.1070834 0.1211614 0.0660823 0.1005628 0.1104593 0.0847151 0.0860105 0.0716401 0.0682964 0.0777646 0.0756636 0.0939516 0.0839884 0.0786170 0.0993173 0.0768617 0.0740964 0.0726019 0.0820719 0.0831379 0.0883105 0.0903538 0.0842422 0.0995162 0.0945527 0.0858765 0.1185139 0.0809602 0.0922844 0.1078120 0.0949422 0.0883521 0.1280224 0.0786483 0.1322633 0.0859357 0.0948519 0.0721605 0.0857906 0.1355641 0.0637985 0.0938939 0.0878178 0.0710046 0.0816883 0.0786372 0.0994383 0.0816596 0.0974771 0.0823732 0.1025474 0.1057840 0.0805969 0.1039335 0.0869068 0.0689745 0.0590490 0.0654970 0.0832349 0.0845320 0.0740842 0.0798785 0.0785290 0.0700575 0.1047159 0.0950589 0.0749144 0.0879731 0.0799433 0.0817187 0.0659022 0.0793480 0.0791682 0.0935377 0.0892274 0.0762718 0.0619534 0.0994221 0.0809353 0.0850515 0.0755744 0.1093591 0.0791380 0.0771288 
