118
CRNC          0.0000000 0.1706096 0.2289964 0.3545798 0.4234702 0.3431018 0.3639941 0.3807311 0.3503116 0.3581811 0.3893843 0.3019441 0.3962518 0.4352636 0.4300275 0.3949699 0.3569100 0.3568243 0.3846617 0.3435801 0.3567777 0.3510304 0.3500964 0.3913118 0.4010869 0.4052707 0.3820168 0.3669145 0.3300978 0.3251243 0.4286545 0.3402015 0.3820001 0.3577885 0.3837457 0.4204158 0.3586626 0.3911480 0.3965379 0.3442014 0.3878009 0.3825958 0.3523977 0.4810566 0.3806926 0.3670538 0.4428522 0.3601245 0.3619020 0.3246621 0.3708526 0.3189485 0.3517343 0.3914712 0.3539499 0.3479084 0.3861288 0.3479415 0.3248378 0.3193997 0.3566821 0.3135489 0.3303589 0.3799099 0.3831961 0.3751166 0.3721157 0.3850635 0.3898920 0.4274049 0.3674965 0.4223476 0.4153525 0.3506292 0.3789188 0.4166585 0.4369239 0.3805889 0.4404222 0.3675793 0.3600040 0.3418221 0.3882765 0.3812448 0.4439928 0.3926129 0.4193477 0.3347972 0.3686317 0.3283067 0.4164544 0.3459917 0.3204451 0.3234035 0.4208851 0.3686757 0.3487161 0.4094723 0.3293019 0.3754916 0.3186697 0.3643144 0.3991183 0.3993588 0.3697371 0.3916547 0.3664685 0.3984830 0.3735582 0.3904988 0.4321750 0.3589049 0.4873627 0.3633880 0.3746003 0.3948870 0.3758910 0.4229889 
HYZL          0.1706096 0.0000000 0.0919370 0.2468955 0.2745541 0.1731795 0.2428931 0.2181227 0.2249915 0.2233813 0.2428024 0.2301756 0.2446670 0.2736755 0.2741736 0.3026480 0.2115744 0.2494904 0.2454014 0.2351890 0.2251600 0.2034190 0.2040010 0.2147973 0.2450540 0.2368727 0.2424075 0.2287613 0.1882698 0.2148426 0.1962984 0.2271439 0.2331730 0.2096688 0.2317998 0.2901370 0.2120074 0.2379944 0.2423537 0.2008820 0.2498012 0.2347096 0.2275593 0.2923869 0.2256127 0.2549058 0.2703489 0.2112154 0.2432723 0.1893155 0.2212586 0.2083804 0.1981911 0.2528180 0.2047941 0.1998325 0.2463492 0.2013476 0.2309241 0.2129377 0.2519529 0.1872746 0.1948728 0.2313645 0.2548763 0.2422010 0.2494377 0.2264088 0.2411346 0.2767220 0.2503155 0.2628600 0.2507658 0.2429391 0.2371739 0.2675891 0.2653164 0.2184147 0.2559301 0.2465172 0.2643848 0.2360307 0.2408893 0.2208317 0.2735356 0.2596812 0.2508480 0.1974940 0.2172109 0.1974816 0.2322299 0.2287559 0.2048628 0.1976560 0.2651293 0.2490800 0.2339063 0.2511899 0.2257303 0.2340806 0.1970482 0.2270211 0.2438467 0.2686059 0.2207364 0.2428857 0.2598596 0.2617226 0.2266786 0.2196598 0.2783386 0.2015789 0.3342416 0.2462473 0.2349565 0.2508382 0.2298846 0.2544130 
MYZV          0.2289964 0.0919370 0.0000000 0.3523599 0.3518762 0.2725150 0.3463032 0.3095902 0.3403097 0.3472160 0.3087800 0.3910651 0.3572049 0.3504084 0.3578225 0.3795879 0.2888319 0.3548383 0.3384775 0.3112751 0.3262402 0.3076273 0.3198462 0.2961053 0.3117233 0.3324157 0.3473763 0.3362693 0.2945279 0.3274326 0.3384809 0.3082954 0.3363725 0.3138357 0.3392827 0.3745614 0.3142142 0.3320334 0.3221391 0.3010337 0.3571134 0.3326257 0.3130411 0.3783591 0.3240192 0.3263616 0.3730063 0.2942834 0.2958209 0.2928671 0.2977878 0.3105416 0.3056536 0.3352055 0.3074530 0.3018678 0.3274053 0.3089411 0.3431184 0.3033124 0.3772233 0.2949144 0.3028859 0.3334099 0.3342174 0.3164354 0.3472463 0.3023829 0.3409824 0.3620039 0.3616101 0.3637337 0.3500032 0.3238577 0.3386244 0.3756685 0.3675023 0.3312373 0.3781340 0.3390707 0.3724192 0.3233412 0.3289779 0.3188044 0.3667970 0.3515027 0.3342693 0.3025564 0.3157734 0.2932757 0.3486232 0.3054080 0.3126792 0.3119997 0.3613731 0.3345508 0.3162158 0.3329641 0.2912383 0.3516740 0.3038469 0.3085570 0.3241745 0.3872159 0.3204895 0.3343302 0.3433300 0.3863756 0.3451069 0.3175334 0.3892471 0.3114570 0.4280673 0.3575958 0.3420623 0.3323716 0.3222348 0.3473045 
SRR6441723    0.3545798 0.2468955 0.3523599 0.0000000 0.1903904 0.1940609 0.1026093 0.0986584 0.1386143 0.1265338 0.1292862 0.1076180 0.0919777 0.1523649 0.1725881 0.2074459 0.1543103 0.1496118 0.1398082 0.1350384 0.1266400 0.0381014 0.0533634 0.1647041 0.1506239 0.1551909 0.1086032 0.1479466 0.0763468 0.1222697 0.1128137 0.1399666 0.1512971 0.0957942 0.1341900 0.1635621 0.1404968 0.1451803 0.1389963 0.1575236 0.1695602 0.2079095 0.1135673 0.2204936 0.1071981 0.1461277 0.1838811 0.1129609 0.1575927 0.0843162 0.1366613 0.0965604 0.0796546 0.1461588 0.0713245 0.0759257 0.1181284 0.0937750 0.1634599 0.1458677 0.1899440 0.1207297 0.0666576 0.1482039 0.1358292 0.1222446 0.1346334 0.1625031 0.1224921 0.1744078 0.1249203 0.1933597 0.1350483 0.1339724 0.1111657 0.1274059 0.1849149 0.0939797 0.1653079 0.1222286 0.0754389 0.1345411 0.1298324 0.0893533 0.1593243 0.1518314 0.1469223 0.0938657 0.1276275 0.1524480 0.1784760 0.1508508 0.1267358 0.1379647 0.1508913 0.1405289 0.1567297 0.1453852 0.1431078 0.0419249 0.0534914 0.1176678 0.1500305 0.1191352 0.0838482 0.1354050 0.1982330 0.0716482 0.0690166 0.1455691 0.1259209 0.0808092 0.2615123 0.1209759 0.1753120 0.1301177 0.1352553 0.1449364 
ERR2789774    0.4234702 0.2745541 0.3518762 0.1903904 0.0000000 0.2560113 0.1032580 0.1464569 0.1504528 0.1511993 0.0575814 0.1809418 0.1967802 0.0532556 0.1172705 0.2399728 0.1460240 0.1411478 0.1616776 0.1336572 0.1356917 0.1635606 0.1758903 0.0639316 0.0663506 0.1628015 0.1169163 0.1672525 0.1362728 0.1518456 0.1478065 0.1337012 0.1440239 0.1252743 0.1237967 0.1459412 0.1376279 0.0900864 0.0617877 0.1431447 0.1856541 0.2013550 0.1256326 0.1083011 0.1587349 0.1294745 0.2106541 0.1199837 0.1300379 0.1305931 0.0461356 0.1287118 0.1293997 0.0624293 0.1348809 0.1303851 0.1560180 0.1438646 0.1681843 0.1447302 0.1864715 0.1235179 0.1047619 0.1453380 0.1303289 0.1607859 0.1755892 0.2132518 0.1498470 0.1068762 0.1619968 0.2313477 0.1811526 0.1328842 0.1311073 0.1793600 0.2118558 0.1361047 0.1867042 0.1718588 0.1722356 0.1545570 0.0796868 0.1724692 0.2257591 0.0662576 0.0894686 0.1397984 0.1495575 0.1440535 0.1809291 0.1216518 0.1453173 0.1588349 0.1703787 0.1342308 0.1344787 0.0622940 0.1508222 0.1741249 0.1161871 0.0518311 0.0705493 0.1134805 0.1690316 0.0756318 0.1569491 0.1584826 0.1572828 0.1493153 0.1080385 0.1314286 0.2582898 0.1580092 0.1854805 0.0620602 0.1454421 0.0929583 
PAFTOL_019361 0.3431018 0.1731795 0.2725150 0.1940609 0.2560113 0.0000000 0.1966595 0.1817306 0.1755113 0.2091587 0.2026278 0.1930026 0.1919471 0.2139188 0.2316941 0.2934451 0.2024959 0.1664278 0.1971786 0.1756291 0.1921214 0.1670297 0.1882369 0.2303680 0.2160064 0.1979634 0.1951949 0.1957848 0.1708914 0.1778526 0.1027603 0.1708957 0.2221939 0.1756498 0.1920104 0.2136374 0.1806575 0.2109805 0.1910297 0.1935117 0.2023334 0.2016998 0.1916468 0.2727290 0.1723959 0.1952527 0.1961108 0.1578246 0.1846578 0.1622613 0.1883665 0.1796644 0.1736840 0.2114193 0.1682279 0.1743805 0.1793955 0.1610013 0.1982979 0.1826888 0.2295177 0.1570637 0.1469093 0.1979257 0.1880451 0.2224106 0.2262643 0.2617053 0.2269730 0.2229444 0.2116413 0.1952048 0.2323009 0.1782852 0.1776356 0.2031107 0.1972323 0.1796596 0.1871400 0.2204580 0.1926667 0.1684720 0.1940499 0.1905709 0.1430880 0.2298059 0.2143659 0.1815552 0.1685038 0.1615823 0.1760551 0.1708250 0.1682651 0.1667100 0.1935624 0.1884271 0.1950162 0.2100900 0.1681875 0.1828257 0.1467633 0.1802474 0.2034599 0.2075370 0.1818183 0.2007498 0.2209634 0.1897613 0.1857314 0.2005654 0.2332114 0.1765676 0.2953918 0.2075704 0.1840587 0.2098416 0.1927584 0.1945782 
S0055         0.3639941 0.2428931 0.3463032 0.1026093 0.1032580 0.1966595 0.0000000 0.0628524 0.1087192 0.1046358 0.0622262 0.1789429 0.1196186 0.0819152 0.0896216 0.2313720 0.0834535 0.0963507 0.1117646 0.0799128 0.0985439 0.0803792 0.0826402 0.0747038 0.0711820 0.1238484 0.0548302 0.1168945 0.0503825 0.0713449 0.0782895 0.0799354 0.1056710 0.0530808 0.0709139 0.0992556 0.1017539 0.0545655 0.0665126 0.1170312 0.1324282 0.1493379 0.0421895 0.1099757 0.0838015 0.0806171 0.1455795 0.0622753 0.0854163 0.0533225 0.0589951 0.0519062 0.0457195 0.0672588 0.0499250 0.0460290 0.0760526 0.0710436 0.1626992 0.0935623 0.1637703 0.0866262 0.0260650 0.0977393 0.0673139 0.0792618 0.0941368 0.1276181 0.0779712 0.0744976 0.0998004 0.1513861 0.0937938 0.0581698 0.0770582 0.0805451 0.1463706 0.0585886 0.1331806 0.0803977 0.1019948 0.0796857 0.0416343 0.1024696 0.1153339 0.0892131 0.0583955 0.0626110 0.1076941 0.1063276 0.1386995 0.0738364 0.0884502 0.1219512 0.1048803 0.0802277 0.0940011 0.0713428 0.0814298 0.0793373 0.0444500 0.0471231 0.0669323 0.0258349 0.0968681 0.0378115 0.1685203 0.0791551 0.0907322 0.1120986 0.0628608 0.0463538 0.2010241 0.0959135 0.1383023 0.0668097 0.0946002 0.0537277 
S0196sl       0.3807311 0.2181227 0.3095902 0.0986584 0.1464569 0.1817306 0.0628524 0.0000000 0.1049921 0.0863635 0.0999600 0.1798592 0.1218743 0.1204893 0.1202605 0.2102437 0.1128280 0.1088029 0.1174542 0.1199572 0.1040088 0.0723261 0.0890719 0.1152382 0.1101977 0.1298865 0.0733054 0.1341745 0.0184205 0.1065498 0.0797996 0.1151480 0.1267929 0.0674910 0.0948534 0.1161178 0.1072083 0.0916127 0.0997506 0.1224381 0.1436587 0.1519056 0.0809499 0.1678334 0.0578626 0.1161924 0.1759254 0.0861918 0.1166976 0.0540459 0.0969632 0.0668415 0.0144982 0.1060496 0.0182616 0.0145911 0.0811490 0.0457863 0.1458360 0.1108108 0.1549488 0.0920742 0.0383198 0.1091581 0.0968310 0.0940704 0.1099243 0.1341252 0.0881640 0.1102893 0.0772650 0.1745327 0.0899138 0.1001576 0.0832438 0.0944831 0.1769240 0.0259884 0.1679370 0.0943053 0.0842038 0.1053009 0.0869009 0.1136735 0.1521553 0.1305856 0.0963468 0.0671728 0.1133268 0.1068272 0.1278360 0.1096328 0.0894022 0.1182759 0.1319063 0.1204684 0.1309650 0.1053431 0.1124113 0.0852319 0.0584758 0.0794280 0.1097581 0.0766322 0.0940190 0.0826880 0.1619112 0.0859082 0.0919948 0.1074643 0.0916960 0.0146889 0.2032662 0.0733954 0.1335170 0.1052835 0.0811705 0.1007796 
S0278         0.3503116 0.2249915 0.3403097 0.1386143 0.1504528 0.1755113 0.1087192 0.1049921 0.0000000 0.1164048 0.1341542 0.0349527 0.1483878 0.1582526 0.1513147 0.1455500 0.1402023 0.1429824 0.0553336 0.1389064 0.0428075 0.1050792 0.1118610 0.1331278 0.1453671 0.0552713 0.1098765 0.0552336 0.0957878 0.1171837 0.0276238 0.1339536 0.0637207 0.0905866 0.1097916 0.1738907 0.0418262 0.1309395 0.1338821 0.0541854 0.0817346 0.1025903 0.1093320 0.1675430 0.1216698 0.1407347 0.1630975 0.1141654 0.1413578 0.0748554 0.1314844 0.1019065 0.0990298 0.1411277 0.0947706 0.0997533 0.1247434 0.1074400 0.0974286 0.1665887 0.1094905 0.0352571 0.0860242 0.0426871 0.1414185 0.1392934 0.1576706 0.1487664 0.1239665 0.1362581 0.1614659 0.1793302 0.1300233 0.1497481 0.1208105 0.1299943 0.1585777 0.1097987 0.1907695 0.1280087 0.1332409 0.1535862 0.1151210 0.1280171 0.1240922 0.1461935 0.1370087 0.1041168 0.0506986 0.0615919 0.0887774 0.1345205 0.0466768 0.0342104 0.1484199 0.1395075 0.1555904 0.1401718 0.1691065 0.1188907 0.0768424 0.1033996 0.1447928 0.1258420 0.1084800 0.1160072 0.1068126 0.1149512 0.1320608 0.0624231 0.1367349 0.1005176 0.1409424 0.1574833 0.0910964 0.1335404 0.1551495 0.1252990 
S0281         0.3581811 0.2233813 0.3472160 0.1265338 0.1511993 0.2091587 0.1046358 0.0863635 0.1164048 0.0000000 0.1200795 0.2276086 0.1392232 0.1403613 0.1310040 0.1763937 0.1289437 0.1298283 0.1214990 0.1308943 0.1065795 0.1024617 0.1076273 0.1326655 0.1309486 0.1319168 0.1060385 0.1314213 0.0730071 0.1297283 0.1153596 0.1309377 0.1160626 0.0960761 0.1152587 0.1259113 0.1042892 0.1379500 0.1198312 0.1093880 0.1333389 0.1387514 0.1306661 0.1887271 0.0627783 0.1321488 0.2215746 0.1100371 0.1378731 0.0898008 0.1172550 0.0925612 0.0677395 0.1265250 0.0723147 0.0682173 0.1267695 0.0504451 0.1069299 0.1313509 0.1347407 0.0855601 0.0781243 0.1109960 0.1072058 0.1245549 0.1363726 0.1481104 0.1135374 0.1478365 0.0950592 0.2317693 0.1128320 0.1151577 0.0887698 0.1310701 0.2151027 0.0817618 0.2026610 0.1319225 0.1195811 0.1206785 0.1206930 0.1185426 0.2270636 0.1269479 0.1309250 0.0823026 0.1152098 0.0993248 0.1346061 0.1309090 0.0876187 0.1100470 0.1399885 0.1314617 0.1474618 0.1258641 0.1387141 0.1119724 0.0817762 0.0987108 0.1304263 0.1060227 0.1236554 0.1118164 0.1685587 0.1055988 0.1132772 0.1090788 0.1167636 0.0687212 0.1989621 0.0911821 0.1257475 0.1208492 0.0809827 0.1161503 
S0282         0.3893843 0.2428024 0.3087800 0.1292862 0.0575814 0.2026278 0.0622262 0.0999600 0.1341542 0.1200795 0.0000000 0.2044500 0.1516687 0.0137880 0.0791181 0.2653047 0.1161339 0.1011029 0.1391232 0.1081942 0.1192692 0.1150355 0.1301714 0.0257425 0.0219030 0.1400629 0.0732127 0.1443852 0.0907952 0.1141499 0.0873011 0.1082275 0.1226086 0.0955110 0.0802852 0.1195171 0.1167038 0.0541466 0.0180671 0.1327361 0.1616479 0.1745691 0.0951714 0.0714472 0.1165179 0.1041161 0.1803336 0.0765354 0.1092833 0.0953125 0.0183152 0.0969522 0.0851247 0.0219871 0.0899204 0.0857346 0.1088327 0.1028884 0.1953060 0.1124738 0.1571274 0.1126952 0.0630813 0.1236879 0.0857583 0.1175844 0.1301871 0.1742954 0.1180383 0.0642647 0.1247774 0.1865755 0.1351495 0.0845559 0.0963521 0.1293781 0.1813290 0.0998307 0.1570853 0.1291200 0.1329732 0.0895378 0.0413209 0.1351995 0.1562695 0.0373746 0.0497926 0.1045198 0.1230479 0.1161855 0.1329994 0.0963890 0.1189367 0.1424039 0.1208771 0.1086408 0.1139637 0.0219423 0.0991288 0.1246112 0.0766155 0.0150730 0.0256559 0.0711774 0.1272541 0.0375253 0.1903650 0.1175626 0.1156137 0.1276000 0.0580979 0.0863796 0.2356960 0.1208394 0.1447253 0.0107866 0.1096397 0.0452812 
S0289         0.3019441 0.2301756 0.3910651 0.1076180 0.1809418 0.1930026 0.1789429 0.1798592 0.0349527 0.2276086 0.2044500 0.0000000 0.1573792 0.2278783 0.2950058 2.2692214 0.2962705 0.1531590 0.0713975 0.2142260 0.0519039 0.1360814 0.2157631 0.2272605 0.2044500 0.0561962 0.1564421 0.0330558 0.1371533 0.0896532 0.0442164 0.2142260 0.0513737 0.2128690 0.1599486 0.2399934 0.0330558 0.2112324 0.2044500 0.0330558 0.1154814 0.0722998 0.1820992 0.5376761 0.1564421 0.2161907 0.1313604 0.1841384 0.2182845 0.1610932 0.1800153 0.1940959 0.1564421 0.2044500 0.1564421 0.1564421 0.1568398 0.1318058 0.1190009 0.2698945 0.0862714 0.0505889 0.1525735 0.0554034 0.2075625 0.2090043 0.2501072 0.3624162 0.2275196 0.2607488 0.1836524 0.1313604 0.4630814 0.2587452 0.1798592 0.2049922 0.1126172 0.1564421 0.1525735 0.1568398 0.1107963 0.2998618 0.1841384 0.1573792 0.1111925 0.2044500 0.1870728 0.1145521 0.0514097 0.0506798 0.3518107 0.2186772 0.0335439 0.0162696 0.1855127 0.2514909 0.2466167 0.2044500 0.2470777 0.1598110 0.1602118 0.2044500 0.2044500 0.1564421 0.1354506 0.1841384 0.0157751 0.1346452 0.1717655 0.0708623 0.1830476 0.1591590 0.0533880 0.1869750 0.0898340 0.2044500 0.1836524 0.1564421 
S0292         0.3962518 0.2446670 0.3572049 0.0919777 0.1967802 0.1919471 0.1196186 0.1218743 0.1483878 0.1392232 0.1516687 0.1573792 0.0000000 0.1758808 0.1887105 0.2616720 0.1670359 0.1630574 0.1745729 0.1501448 0.1475390 0.0648823 0.0925437 0.1869589 0.1635061 0.1676336 0.1380206 0.1706973 0.0977711 0.1228781 0.1334150 0.1501978 0.1670529 0.0819357 0.1521282 0.1778799 0.1623283 0.1790104 0.1513632 0.1733912 0.1941534 0.2362030 0.1314573 0.2252823 0.1217259 0.1625005 0.2006218 0.1372651 0.1688123 0.1201527 0.1428051 0.1035363 0.1010599 0.1591852 0.0967119 0.1018132 0.1410563 0.1074478 0.2058071 0.1474760 0.2271722 0.1417445 0.0866409 0.1710272 0.1507008 0.1308702 0.1540248 0.1834890 0.1244442 0.1798693 0.1204279 0.2104853 0.1768257 0.1360518 0.1250265 0.1375697 0.2017897 0.1167709 0.1954448 0.1585712 0.1110609 0.1469261 0.1488977 0.0632732 0.1971993 0.1544937 0.1623352 0.1157619 0.1436649 0.1693656 0.2040957 0.1542130 0.1529339 0.1476611 0.1860913 0.1556426 0.1678460 0.1580865 0.1430589 0.0741951 0.0279631 0.1307480 0.1628569 0.1374598 0.0507563 0.1548801 0.2427515 0.0552421 0.0267279 0.1678263 0.1555452 0.1026095 0.2773545 0.1164753 0.2006075 0.1526736 0.1306941 0.1650672 
S0293         0.4352636 0.2736755 0.3504084 0.1523649 0.0532556 0.2139188 0.0819152 0.1204893 0.1582526 0.1403613 0.0137880 0.2278783 0.1758808 0.0000000 0.0759950 0.2583432 0.1490027 0.1018820 0.1533354 0.1324397 0.1327626 0.1353237 0.1519663 0.0412114 0.0234770 0.1610401 0.0782670 0.1592623 0.1082502 0.1388014 0.0974685 0.1324953 0.1388499 0.1024797 0.1067076 0.1138810 0.1295637 0.0436759 0.0232745 0.1434879 0.1588192 0.1685581 0.1277101 0.0468682 0.1295294 0.1270871 0.1974389 0.0952099 0.1328296 0.1270621 0.0236919 0.1002820 0.1004631 0.0333878 0.1068894 0.1014032 0.1330778 0.1111937 0.1984521 0.1250261 0.1511912 0.1227630 0.0718635 0.1404623 0.0954447 0.1454772 0.1635082 0.2188638 0.1320834 0.0671201 0.1406820 0.1984923 0.1656346 0.0829763 0.1081147 0.1539815 0.1988400 0.1202690 0.1679728 0.1602568 0.1515410 0.1016204 0.0538432 0.1610476 0.1597795 0.0380945 0.0543308 0.1263611 0.1437032 0.1027110 0.1305673 0.1097590 0.1438784 0.1551381 0.1290090 0.1261105 0.1333180 0.0332994 0.1077824 0.1539292 0.0772564 0.0145301 0.0329143 0.0701926 0.1444684 0.0488867 0.1847142 0.1377950 0.1420574 0.1512751 0.0597514 0.1019199 0.3093326 0.1348409 0.1455644 0.0186150 0.1206319 0.0590803 
S0294         0.4300275 0.2741736 0.3578225 0.1725881 0.1172705 0.2316941 0.0896216 0.1202605 0.1513147 0.1310040 0.0791181 0.2950058 0.1887105 0.0759950 0.0000000 0.2975337 0.1406097 0.1365840 0.1575200 0.1285069 0.1312875 0.1466493 0.1610554 0.0843173 0.0840180 0.1636664 0.0971339 0.1681441 0.1106308 0.1427721 0.1232435 0.1340098 0.1446133 0.1125713 0.1090816 0.1289273 0.1383076 0.0810164 0.0835807 0.1555339 0.1597028 0.2006462 0.1254639 0.1269525 0.1271052 0.1347571 0.2194379 0.0962207 0.1348388 0.1356447 0.0673700 0.0998790 0.1044304 0.0845383 0.1044143 0.1001243 0.1252136 0.1131153 0.2051888 0.1145841 0.1960885 0.1396646 0.0955146 0.1460788 0.1054071 0.1293424 0.1575055 0.1805986 0.1355294 0.0431740 0.1511735 0.2264049 0.1860765 0.1184254 0.1268204 0.1421481 0.2207117 0.1200879 0.1858607 0.1355775 0.1661178 0.1385088 0.0625958 0.1641856 0.1877019 0.0891358 0.0761415 0.1310303 0.1352381 0.1549040 0.1882831 0.1279281 0.1454359 0.1557403 0.1416819 0.1299999 0.1357288 0.0887239 0.1261001 0.1620433 0.1174677 0.0741332 0.0929327 0.0994741 0.1494113 0.0588201 0.2227412 0.1442233 0.1492533 0.1378483 0.0807686 0.1060172 0.2636435 0.1471922 0.1960898 0.0839611 0.1299920 0.0670949 
S0299         0.3949699 0.3026480 0.3795879 0.2074459 0.2399728 0.2934451 0.2313720 0.2102437 0.1455500 0.1763937 0.2653047 2.2692214 0.2616720 0.2583432 0.2975337 0.0000000 0.1505962 0.2633440 0.1351991 0.2385045 0.1128240 0.1776814 0.0988104 0.1855444 0.2701356 0.1351535 0.1871658 0.1251856 0.1995751 0.2473467 0.5785001 0.2385045 0.1476806 0.1587380 0.1742102 0.2522091 0.1226540 0.2392041 0.2518006 0.1319501 0.1420953 0.1905578 0.2299445 0.1959362 0.2174909 0.2505672 0.2961326 0.2225606 0.2629388 0.0996772 0.2582836 0.1649980 0.2061621 0.2699204 0.2172510 0.2061621 0.2310105 0.2063204 0.1509679 0.2337284 0.1786010 0.1181637 0.1787996 0.1343631 0.2447557 0.2411804 0.2200033 0.2039815 0.1945788 0.2925176 0.2323624 0.3207774 0.1274514 0.2261954 0.2317724 0.2687559 0.2961326 0.2191081 0.2654927 0.2109355 0.2305599 0.2342949 0.2137438 0.2223994 0.8922698 0.2464763 0.2978721 0.2066380 0.1229138 0.1555617 0.1176859 0.2608060 0.1324931 0.1230376 0.2447597 0.2149355 0.2385045 0.2518006 0.2456490 0.1977531 0.1612811 0.1679685 0.2761092 0.2348237 0.2408793 0.2253469 0.2008617 0.2326476 0.2396018 0.1334786 0.2151242 0.2095916 0.3530876 0.2207886 0.1910778 0.2690507 0.2563260 0.2639456 
S0303         0.3569100 0.2115744 0.2888319 0.1543103 0.1460240 0.2024959 0.0834535 0.1128280 0.1402023 0.1289437 0.1161339 0.2962705 0.1670359 0.1490027 0.1406097 0.1505962 0.0000000 0.0856028 0.1400083 0.0126298 0.1235113 0.1183805 0.1074022 0.1185926 0.1172752 0.1378532 0.1252566 0.1409717 0.1016500 0.1098638 0.0887643 0.0126331 0.1258109 0.1021148 0.1047649 0.0842499 0.1204402 0.1236103 0.1218435 0.1220580 0.1732557 0.1888761 0.1124825 0.1423678 0.1047478 0.0257038 0.2147431 0.1170581 0.0260233 0.0951749 0.1073823 0.1094916 0.1005878 0.1177535 0.1064041 0.1014392 0.1484486 0.0893180 0.1770762 0.0901298 0.2550788 0.1159854 0.0749062 0.1260144 0.0537995 0.1402011 0.1410924 0.1257259 0.1384622 0.1205154 0.1363798 0.2190009 0.1180310 0.0637934 0.0913783 0.1543766 0.2147431 0.1184756 0.2579846 0.1405105 0.1298942 0.0684606 0.0946703 0.1346339 0.2091973 0.1408901 0.1172898 0.1011391 0.1165722 0.1521079 0.1655864 0.0175158 0.1344644 0.1450001 0.0746143 0.0168668 0.0258915 0.1287516 0.0808869 0.1238550 0.0978692 0.1038107 0.1226449 0.1122215 0.1404150 0.1004245 0.2420885 0.1346158 0.1316827 0.1321401 0.1235111 0.1019071 0.2104982 0.1249242 0.1721683 0.1225198 0.1296126 0.1169131 
S0308         0.3568243 0.2494904 0.3548383 0.1496118 0.1411478 0.1664278 0.0963507 0.1088029 0.1429824 0.1298283 0.1011029 0.1531590 0.1630574 0.1018820 0.1365840 0.2633440 0.0856028 0.0000000 0.1576225 0.0774719 0.1428267 0.1241960 0.1280908 0.1270151 0.1159251 0.1534767 0.1251759 0.1577094 0.0991581 0.1185663 0.0784108 0.0774942 0.1500303 0.1047788 0.1110362 0.0774014 0.1335723 0.1065105 0.1103829 0.1240827 0.1758681 0.1769718 0.1336879 0.1525244 0.0921550 0.0821042 0.2095051 0.1232136 0.0782297 0.1106380 0.0926908 0.0992902 0.0930910 0.1067446 0.0981619 0.0937862 0.1244813 0.0736212 0.2019702 0.1060322 0.2218179 0.1194413 0.0699393 0.1430824 0.0553537 0.1330863 0.1520319 0.1919125 0.1327220 0.1205659 0.1127367 0.1994542 0.1345540 0.0771348 0.0734394 0.1445984 0.2107204 0.1086513 0.2120231 0.1441815 0.1214395 0.0732768 0.1008932 0.1417043 0.1328646 0.1316583 0.1213632 0.0974277 0.1313570 0.1337414 0.1627816 0.0706431 0.1213109 0.1336972 0.0964885 0.0775044 0.0918082 0.1162378 0.1029396 0.1389177 0.0836489 0.0948287 0.1110197 0.1228133 0.1370984 0.0966041 0.2354387 0.1269161 0.1371090 0.1461978 0.1221263 0.0945232 0.2471183 0.1083149 0.1636026 0.1064952 0.1167979 0.1013208 
S0320         0.3846617 0.2454014 0.3384775 0.1398082 0.1616776 0.1971786 0.1117646 0.1174542 0.0553336 0.1214990 0.1391232 0.0713975 0.1745729 0.1533354 0.1575200 0.1351991 0.1400083 0.1576225 0.0000000 0.1437746 0.0305490 0.1177615 0.1209871 0.1373882 0.1504635 0.0598338 0.1094405 0.0470212 0.1175289 0.1415380 0.0478698 0.1387858 0.0423382 0.1099189 0.1050200 0.1905977 0.0262137 0.1405392 0.1388427 0.0423095 0.0589604 0.1125209 0.1274899 0.1815081 0.1356600 0.1503217 0.1745417 0.0935240 0.1509898 0.0938945 0.1365064 0.1117455 0.1112819 0.1459996 0.1163782 0.1120922 0.1327516 0.1168161 0.0670529 0.1774839 0.1092665 0.0268448 0.0982046 0.0346706 0.1410314 0.1420156 0.1602755 0.1568348 0.1329010 0.1411571 0.1725016 0.1969740 0.1388613 0.1541419 0.1361036 0.1473426 0.1699662 0.1269158 0.1909405 0.1344858 0.1300613 0.1704815 0.1199472 0.1592676 0.1687732 0.1417074 0.1517355 0.1159037 0.0549705 0.0751804 0.1115826 0.1495286 0.0421410 0.0590180 0.1630409 0.1443989 0.1606189 0.1452271 0.1693571 0.1317012 0.1052421 0.1127347 0.1498707 0.1238242 0.1416008 0.1193739 0.0995717 0.1482943 0.1513503 0.0546994 0.1418138 0.1129516 0.1224934 0.1685131 0.0905185 0.1400251 0.1555830 0.1286088 
S0322         0.3435801 0.2351890 0.3112751 0.1350384 0.1336572 0.1756291 0.0799128 0.1199572 0.1389064 0.1308943 0.1081942 0.2142260 0.1501448 0.1324397 0.1285069 0.2385045 0.0126298 0.0774719 0.1437746 0.0000000 0.1237875 0.1155448 0.1017099 0.1122598 0.1091119 0.1348010 0.1153508 0.1389134 0.1008846 0.0976361 0.0776138 0.0000023 0.1257772 0.1012346 0.1078571 0.0759440 0.1211170 0.1197768 0.1130552 0.1225262 0.1664985 0.1813235 0.1101295 0.1501509 0.1031477 0.0146786 0.1846385 0.1138225 0.0110012 0.0897140 0.1006112 0.1074833 0.0995343 0.1094863 0.1041772 0.0998977 0.1346134 0.0897614 0.1825928 0.0893333 0.2144456 0.1222460 0.0725212 0.1234841 0.0459649 0.1337154 0.1407489 0.1731405 0.1344092 0.1236976 0.1302962 0.1877418 0.1245026 0.0626854 0.0908152 0.1457541 0.1856807 0.1149503 0.2177341 0.1329741 0.1146453 0.0587898 0.0944604 0.1234525 0.1695164 0.1291194 0.1083227 0.1050656 0.1130661 0.1432863 0.1713903 0.0037093 0.1332545 0.1424058 0.0809767 0.0072398 0.0109541 0.1188612 0.0773012 0.1251719 0.0918679 0.0974673 0.1136970 0.1043967 0.1333156 0.0994483 0.2200182 0.1234362 0.1230637 0.1317875 0.1196514 0.1010350 0.2149181 0.1263376 0.1720188 0.1135947 0.1245268 0.1084304 
S0327         0.3567777 0.2251600 0.3262402 0.1266400 0.1356917 0.1921214 0.0985439 0.1040088 0.0428075 0.1065795 0.1192692 0.0519039 0.1475390 0.1327626 0.1312875 0.1128240 0.1235113 0.1428267 0.0305490 0.1237875 0.0000000 0.0942513 0.0997501 0.1277418 0.1300639 0.0387517 0.0911327 0.0303687 0.1040757 0.1218064 0.0091006 0.1189787 0.0384783 0.0910790 0.0864340 0.1622911 0.0184546 0.1204604 0.1190235 0.0341081 0.0510525 0.0881235 0.1137978 0.1677751 0.1163292 0.1299262 0.1411192 0.0998912 0.1304940 0.0846382 0.1067461 0.0864332 0.0981154 0.1256649 0.1030640 0.0988253 0.1093569 0.1023033 0.0661910 0.1558971 0.1012893 0.0191582 0.0804485 0.0227700 0.1255898 0.1183481 0.1355294 0.1364838 0.1087065 0.1252810 0.1394181 0.1620066 0.1292101 0.1289484 0.1161042 0.1234236 0.1367113 0.1132958 0.1594471 0.1171976 0.1027881 0.1444855 0.1007197 0.1276694 0.1333858 0.1261732 0.1311245 0.1082191 0.0343786 0.0570367 0.0948099 0.1286500 0.0341773 0.0422658 0.1306119 0.1243142 0.1398620 0.1250113 0.1428782 0.1076185 0.0861135 0.0934001 0.1295474 0.1101028 0.1170438 0.1058756 0.0873898 0.1178320 0.1313218 0.0339382 0.1107914 0.0995752 0.1193652 0.1405695 0.0817905 0.1200295 0.1398201 0.1149928 
S0335         0.3510304 0.2034190 0.3076273 0.0381014 0.1635606 0.1670297 0.0803792 0.0723261 0.1050792 0.1024617 0.1150355 0.1360814 0.0648823 0.1353237 0.1466493 0.1776814 0.1183805 0.1241960 0.1177615 0.1155448 0.0942513 0.0000000 0.0257564 0.1328967 0.1257540 0.1204477 0.0961619 0.1140288 0.0508783 0.0982523 0.0773035 0.1155817 0.1174821 0.0724989 0.1051995 0.1428570 0.1074847 0.1259266 0.1147967 0.1231663 0.1342040 0.1695154 0.0905785 0.1757386 0.0806270 0.1265428 0.1526648 0.1005104 0.1272735 0.0537727 0.1121641 0.0770437 0.0545245 0.1213539 0.0505539 0.0549008 0.0953910 0.0677693 0.1417142 0.1259266 0.1864482 0.0878500 0.0421887 0.1142070 0.1115067 0.0991903 0.1097050 0.1231777 0.0985802 0.1299470 0.1011833 0.1618804 0.1007655 0.1099888 0.0880042 0.1089977 0.1535081 0.0679088 0.1482352 0.1038947 0.0504757 0.1201376 0.1058934 0.0676090 0.1330087 0.1267292 0.1219890 0.0678324 0.0949916 0.1223788 0.1525390 0.1251749 0.0899049 0.1046160 0.1310375 0.1160363 0.1314651 0.1207228 0.1229861 0.0146797 0.0364057 0.0937846 0.1252521 0.0957804 0.0625669 0.1111404 0.1900968 0.0506675 0.0433271 0.1122242 0.1115898 0.0552971 0.2238793 0.0972449 0.1497824 0.1157687 0.1110223 0.1302551 
S0345         0.3500964 0.2040010 0.3198462 0.0533634 0.1758903 0.1882369 0.0826402 0.0890719 0.1118610 0.1076273 0.1301714 0.2157631 0.0925437 0.1519663 0.1610554 0.0988104 0.1074022 0.1280908 0.1209871 0.1017099 0.0997501 0.0257564 0.0000000 0.1448436 0.1430746 0.1323990 0.1008567 0.1100721 0.0734705 0.1032017 0.0992902 0.1017460 0.1269008 0.0793241 0.1180816 0.1439349 0.1151459 0.1223577 0.1298641 0.1336392 0.1408648 0.1723471 0.1060539 0.1684118 0.0935553 0.1133856 0.1812523 0.1050744 0.1201275 0.0637268 0.1270222 0.0849402 0.0727394 0.1379173 0.0680809 0.0733255 0.1112074 0.0785128 0.1230175 0.1252206 0.1911499 0.0870850 0.0535966 0.1082378 0.1087366 0.1103809 0.1166412 0.1021465 0.1080233 0.1539014 0.1131069 0.1794093 0.1071070 0.1124272 0.0975395 0.1161670 0.1812523 0.0889469 0.1831500 0.1104713 0.0584993 0.1119361 0.1060425 0.0943444 0.1819215 0.1443936 0.1295759 0.0782853 0.1113225 0.1271637 0.1473988 0.1114289 0.0943644 0.1172923 0.1190412 0.0967611 0.1142428 0.1370757 0.1269662 0.0124629 0.0478324 0.0990087 0.1424187 0.1003995 0.0827689 0.1120158 0.2207687 0.0737442 0.0646081 0.1201464 0.1294328 0.0736456 0.2385527 0.1080918 0.1462739 0.1311441 0.1247571 0.1403725 
S0400         0.3913118 0.2147973 0.2961053 0.1647041 0.0639316 0.2303680 0.0747038 0.1152382 0.1331278 0.1326655 0.0257425 0.2272605 0.1869589 0.0412114 0.0843173 0.1855444 0.1185926 0.1270151 0.1373882 0.1122598 0.1277418 0.1328967 0.1448436 0.0000000 0.0349793 0.1425583 0.0940868 0.1520266 0.0980510 0.1331991 0.1014739 0.1127822 0.1263691 0.1159528 0.0910364 0.1315068 0.1244557 0.0643267 0.0302376 0.1439373 0.1649793 0.1880132 0.1207643 0.0612185 0.1408870 0.1074807 0.2161103 0.0919286 0.1140836 0.1081869 0.0307350 0.1193222 0.1024339 0.0258427 0.1079153 0.1028742 0.1247859 0.1241540 0.1726297 0.1299937 0.1714849 0.1141123 0.0810707 0.1302456 0.0979790 0.1423423 0.1434657 0.1400210 0.1411548 0.0760746 0.1518984 0.2241746 0.1335689 0.1068562 0.1105390 0.1574390 0.2161103 0.1150475 0.1763465 0.1305757 0.1625887 0.1118959 0.0489846 0.1588455 0.2128500 0.0396153 0.0591108 0.1024534 0.1321564 0.1241137 0.1369838 0.0983938 0.1273024 0.1495440 0.1202218 0.1128043 0.1196301 0.0257813 0.1117686 0.1386193 0.0935993 0.0178059 0.0349863 0.0857323 0.1491238 0.0349077 0.1906911 0.1431284 0.1382646 0.1370439 0.0846512 0.1038037 0.2366096 0.1465416 0.1515538 0.0303861 0.1329307 0.0583265 
S0405         0.4010869 0.2450540 0.3117233 0.1506239 0.0663506 0.2160064 0.0711820 0.1101977 0.1453671 0.1309486 0.0219030 0.2044500 0.1635061 0.0234770 0.0840180 0.2701356 0.1172752 0.1159251 0.1504635 0.1091119 0.1300639 0.1257540 0.1430746 0.0349793 0.0000000 0.1514951 0.0827695 0.1558851 0.1007869 0.1247804 0.0982175 0.1091458 0.1333681 0.1061019 0.0898272 0.1205496 0.1272137 0.0545857 0.0181919 0.1437956 0.1737275 0.1871382 0.1052564 0.0667129 0.1270083 0.1050023 0.1927930 0.0860508 0.1102194 0.1069516 0.0260597 0.1082557 0.0948436 0.0221408 0.0998002 0.0955346 0.1192501 0.1130451 0.1982658 0.1134276 0.1766442 0.1235584 0.0721764 0.1345644 0.0864807 0.1281867 0.1413395 0.1871822 0.1290826 0.0686348 0.1357572 0.1992552 0.1481426 0.0852580 0.1065767 0.1404547 0.1938736 0.1100463 0.1716304 0.1401689 0.1440651 0.0994457 0.0496405 0.1461622 0.1652005 0.0376392 0.0584169 0.1148593 0.1338524 0.1321017 0.1585674 0.0972181 0.1296807 0.1537223 0.1219328 0.1095660 0.1149398 0.0220954 0.0999681 0.1355718 0.0866779 0.0190663 0.0258350 0.0804318 0.1283435 0.0457760 0.2065587 0.1281730 0.1264027 0.1385128 0.0755528 0.0962654 0.2455689 0.1317895 0.1668421 0.0182669 0.1201504 0.0619511 
S0407sl       0.4052707 0.2368727 0.3324157 0.1551909 0.1628015 0.1979634 0.1238484 0.1298865 0.0552713 0.1319168 0.1400629 0.0561962 0.1676336 0.1610401 0.1636664 0.1351535 0.1378532 0.1534767 0.0598338 0.1348010 0.0387517 0.1204477 0.1323990 0.1425583 0.1514951 0.0000000 0.1213715 0.0509095 0.1202045 0.1274043 0.0463738 0.1298600 0.0639438 0.1125991 0.0963854 0.1869576 0.0377507 0.1414979 0.1397792 0.0542867 0.0729072 0.1167381 0.1403917 0.1868070 0.1365553 0.1412068 0.1742468 0.1146687 0.1418339 0.1046548 0.1374409 0.1136376 0.1233049 0.1470024 0.1286585 0.1242308 0.1402743 0.1166810 0.0833724 0.1838934 0.1355794 0.0436744 0.1097495 0.0462186 0.1418937 0.1399090 0.1687353 0.1603347 0.1305907 0.1467352 0.1573036 0.1966354 0.1507571 0.1551943 0.1370331 0.1552926 0.1752263 0.1397325 0.1765052 0.1539239 0.1495717 0.1650554 0.1207498 0.1346364 0.1614806 0.1475979 0.1477745 0.1244542 0.0549073 0.0792954 0.1034319 0.1401886 0.0589833 0.0545701 0.1641838 0.1353848 0.1514112 0.1462195 0.1705558 0.1347163 0.1027425 0.1135006 0.1508951 0.1366669 0.1447235 0.1262242 0.0998830 0.1470517 0.1489712 0.0546368 0.1427905 0.1252119 0.1476936 0.1640005 0.1046856 0.1409767 0.1511664 0.1356858 
S0412sl       0.3820168 0.2424075 0.3473763 0.1086032 0.1169163 0.1951949 0.0548302 0.0733054 0.1098765 0.1060385 0.0732127 0.1564421 0.1380206 0.0782670 0.0971339 0.1871658 0.1252566 0.1251759 0.1094405 0.1153508 0.0911327 0.0961619 0.1008567 0.0940868 0.0827695 0.1213715 0.0000000 0.1040198 0.0645680 0.1072781 0.0913794 0.1153876 0.1202668 0.0776517 0.0732824 0.1205525 0.0990648 0.0652250 0.0730546 0.1145040 0.1423388 0.1567943 0.0823159 0.1262115 0.0937693 0.1215927 0.1825020 0.0421025 0.1271435 0.0859597 0.0699641 0.0835156 0.0594703 0.0786783 0.0639584 0.0598883 0.0971759 0.0806314 0.1477871 0.1110437 0.1671946 0.0886480 0.0601194 0.0949881 0.0820693 0.1097852 0.1266579 0.1650399 0.1046125 0.0868135 0.0853091 0.1810492 0.1376557 0.1051495 0.0986293 0.1116571 0.1835467 0.0732210 0.1580195 0.1114364 0.0979089 0.1200678 0.0471356 0.1175608 0.1526277 0.0970369 0.0600258 0.1010230 0.1050472 0.1135109 0.1409961 0.1150822 0.1009546 0.1194841 0.1228017 0.1158406 0.1213793 0.0781573 0.1030404 0.0948609 0.0683842 0.0484478 0.0723976 0.0640034 0.1039381 0.0474019 0.1822218 0.0947277 0.1074116 0.0937197 0.0553824 0.0603283 0.1917808 0.0814668 0.1402234 0.0781266 0.0810664 0.0641819 
S0417         0.3669145 0.2287613 0.3362693 0.1479466 0.1672525 0.1957848 0.1168945 0.1341745 0.0552336 0.1314213 0.1443852 0.0330558 0.1706973 0.1592623 0.1681441 0.1251856 0.1409717 0.1577094 0.0470212 0.1389134 0.0303687 0.1140288 0.1100721 0.1520266 0.1558851 0.0509095 0.1040198 0.0000000 0.1244603 0.1253341 0.0271896 0.1339625 0.0637335 0.1272177 0.1004572 0.1908588 0.0259775 0.1339134 0.1440954 0.0419174 0.0770093 0.1050327 0.1447305 0.1982808 0.1358260 0.1453680 0.1559666 0.1174289 0.1460123 0.1124682 0.1418209 0.1237339 0.1275179 0.1513988 0.1329059 0.1284754 0.1502498 0.1160683 0.0979130 0.1764492 0.1346194 0.0393474 0.0994626 0.0342042 0.1460704 0.1598854 0.1793039 0.1709456 0.1510301 0.1466866 0.1656361 0.1719050 0.1603325 0.1543386 0.1357396 0.1654994 0.1515191 0.1440483 0.1672670 0.1582587 0.1374668 0.1707044 0.1137982 0.1429483 0.1131260 0.1520108 0.1399559 0.1287039 0.0505356 0.0744263 0.1114962 0.1444547 0.0503369 0.0502263 0.1513188 0.1395143 0.1555896 0.1505941 0.1686408 0.1168017 0.1066803 0.1122318 0.1552715 0.1292083 0.1378728 0.1190889 0.1116303 0.1445266 0.1535581 0.0498825 0.1241008 0.1294899 0.1297613 0.1616763 0.0995775 0.1453263 0.1607936 0.1283019 
S0419         0.3300978 0.1882698 0.2945279 0.0763468 0.1362728 0.1708914 0.0503825 0.0184205 0.0957878 0.0730071 0.0907952 0.1371533 0.0977711 0.1082502 0.1106308 0.1995751 0.1016500 0.0991581 0.1175289 0.1008846 0.1040757 0.0508783 0.0734705 0.0980510 0.1007869 0.1202045 0.0645680 0.1244603 0.0000000 0.0883697 0.0900321 0.1009157 0.1172507 0.0540488 0.0858226 0.1065171 0.1072762 0.0873815 0.0906032 0.1229208 0.1386779 0.1572495 0.0724536 0.1529753 0.0456823 0.1018198 0.1760334 0.0772748 0.1070664 0.0490836 0.0877139 0.0523755 0.0035784 0.0966612 0.0072113 0.0036004 0.0723790 0.0338894 0.1469548 0.0966493 0.1654200 0.0874993 0.0264680 0.1139802 0.0876018 0.0806777 0.0905770 0.1034043 0.0745031 0.1057858 0.0641749 0.1746392 0.0846861 0.0864254 0.0697694 0.0810308 0.1770332 0.0146578 0.1689222 0.0808815 0.0711970 0.0959905 0.0779069 0.0905140 0.1349306 0.1207369 0.0827454 0.0506478 0.1040662 0.1073343 0.1274185 0.0950801 0.0894602 0.1089169 0.1219514 0.1013054 0.1113466 0.0960199 0.0980294 0.0634838 0.0367114 0.0704044 0.1003834 0.0636518 0.0762851 0.0737381 0.1695390 0.0639725 0.0694514 0.1075325 0.0830677 0.0036247 0.2102091 0.0603211 0.1336006 0.0959713 0.0680580 0.0915335 
S0427         0.3251243 0.2148426 0.3274326 0.1222697 0.1518456 0.1778526 0.0713449 0.1065498 0.1171837 0.1297283 0.1141499 0.0896532 0.1228781 0.1388014 0.1427721 0.2473467 0.1098638 0.1185663 0.1415380 0.0976361 0.1218064 0.0982523 0.1032017 0.1331991 0.1247804 0.1274043 0.1072781 0.1253341 0.0883697 0.0000000 0.0912232 0.0976663 0.1283174 0.0876188 0.1061858 0.1387821 0.1189359 0.1117230 0.1191309 0.1300892 0.1467700 0.1462919 0.1067088 0.1840765 0.1159920 0.1133325 0.1623600 0.0904903 0.1136208 0.0975084 0.1058631 0.0878075 0.0917162 0.1102410 0.0918667 0.0923933 0.1049616 0.0964441 0.1625961 0.1266524 0.1826856 0.0987850 0.0601943 0.1210173 0.1057507 0.1143503 0.1362686 0.1537638 0.1093558 0.1376678 0.1395864 0.1706753 0.1444391 0.1060204 0.1125877 0.1257197 0.1632606 0.1070321 0.1679374 0.1323692 0.1262321 0.1161471 0.0865911 0.1096150 0.1356823 0.1356485 0.1067980 0.0880905 0.1163747 0.1121849 0.1529552 0.1008432 0.1003201 0.1106231 0.1384351 0.1024627 0.1130276 0.1251231 0.1173735 0.0968941 0.0729511 0.0988357 0.1244747 0.0952761 0.1103480 0.0915335 0.1940040 0.1107230 0.1034705 0.1409828 0.1056251 0.0931087 0.2292522 0.1355145 0.1508379 0.1197090 0.1333717 0.1098741 
S0428sl       0.4286545 0.1962984 0.3384809 0.1128137 0.1478065 0.1027603 0.0782895 0.0797996 0.0276238 0.1153596 0.0873011 0.0442164 0.1334150 0.0974685 0.1232435 0.5785001 0.0887643 0.0784108 0.0478698 0.0776138 0.0091006 0.0773035 0.0992902 0.1014739 0.0982175 0.0463738 0.0913794 0.0271896 0.0900321 0.0912232 0.0000000 0.0671832 0.0567652 0.1166563 0.0908633 0.1806039 0.0269414 0.0992530 0.0876062 0.0275318 0.1173335 0.0696734 0.1151757 0.1351668 0.1096207 0.0786612 0.1482750 0.0675872 0.0692671 0.0782895 0.0683840 0.0973316 0.0900321 0.0785181 0.0908307 0.0916438 0.0910904 0.0875112 2.6627468 0.1656229 0.9243101 0.0285456 0.0773035 0.0178054 0.1012436 0.1019322 0.1142301 0.1071957 0.1287666 0.0804162 0.1650498 0.1606687 0.1043531 0.1347575 0.0911667 0.0897228 0.1482750 0.1148528 0.1773323 0.1156627 0.0890360 0.1240757 0.0667656 0.0886666 0.1344931 0.1109442 0.0777869 0.1013536 0.0184654 0.0681224 0.0634397 0.0696732 0.0280227 0.0278110 0.1005389 0.0884732 0.1128886 0.1005757 0.1512517 0.0775438 0.1059424 0.1005757 0.0782182 0.1037495 0.0902676 0.0673691 0.1648641 0.1028475 0.1032121 0.0269414 0.1005350 0.0908307 0.0297209 0.1537478 0.0673081 0.0769108 0.1526520 0.0779346 
S0430         0.3402015 0.2271439 0.3082954 0.1399666 0.1337012 0.1708957 0.0799354 0.1151480 0.1339536 0.1309377 0.1082275 0.2142260 0.1501978 0.1324953 0.1340098 0.2385045 0.0126331 0.0774942 0.1387858 0.0000023 0.1189787 0.1155817 0.1017460 0.1127822 0.1091458 0.1298600 0.1153876 0.1339625 0.1009157 0.0976663 0.0671832 0.0000000 0.1258171 0.1012672 0.1078902 0.0806343 0.1164250 0.1198152 0.1130903 0.1168741 0.1665577 0.1758476 0.1046064 0.1502180 0.1031789 0.0146316 0.1791798 0.1138582 0.0073022 0.0845621 0.1006421 0.1075204 0.0995644 0.1095204 0.1045914 0.1002945 0.1407398 0.0897878 0.1929741 0.0896784 0.2144456 0.1217804 0.0725417 0.1186898 0.0459767 0.1337594 0.1413397 0.1739147 0.1344551 0.1177784 0.1303392 0.1821831 0.1178399 0.0627023 0.0908422 0.1458038 0.1801873 0.1149868 0.2260588 0.1390079 0.1146816 0.0585871 0.0944885 0.1234921 0.1605269 0.1291616 0.1083561 0.1050981 0.1083934 0.1381607 0.1651320 0.0036970 0.1283783 0.1374668 0.0857705 0.0072414 0.0109566 0.1188990 0.0776010 0.1252126 0.0918969 0.0974974 0.1137326 0.1044288 0.1333594 0.0994783 0.2284604 0.1234758 0.1231045 0.1269627 0.1196898 0.1010661 0.2085848 0.1263792 0.1667210 0.1136302 0.1245671 0.1084638 
S0478         0.3820001 0.2331730 0.3363725 0.1512971 0.1440239 0.2221939 0.1056710 0.1267929 0.0637207 0.1160626 0.1226086 0.0513737 0.1670529 0.1388499 0.1446133 0.1476806 0.1258109 0.1500303 0.0423382 0.1257772 0.0384783 0.1174821 0.1269008 0.1263691 0.1333681 0.0639438 0.1202668 0.0637335 0.1172507 0.1283174 0.0567652 0.1258171 0.0000000 0.1039319 0.0989640 0.1746855 0.0418582 0.1335543 0.1179655 0.0505502 0.0636941 0.1172504 0.1325257 0.1879295 0.1353301 0.1367392 0.1725619 0.1186646 0.1423383 0.1101241 0.1198553 0.0998527 0.1110250 0.1290090 0.1161057 0.1118323 0.1324267 0.1165417 0.0826264 0.1639425 0.1192976 0.0349972 0.0931129 0.0426982 0.1224848 0.1366038 0.1446092 0.1562932 0.1274043 0.1446431 0.1771942 0.2079447 0.1515201 0.1468830 0.1291992 0.1469726 0.1680385 0.1266103 0.1677282 0.1310311 0.1360352 0.1680099 0.1135001 0.1485610 0.1743364 0.1196943 0.1396230 0.1170414 0.0591028 0.0792857 0.1294638 0.1356456 0.0541991 0.0631732 0.1484534 0.1309043 0.1415955 0.1238778 0.1615372 0.1313811 0.1049853 0.0977051 0.1283662 0.1173222 0.1412501 0.1143619 0.0998852 0.1367032 0.1518595 0.0588124 0.1347374 0.1126864 0.1482328 0.1732187 0.1097943 0.1233834 0.1601665 0.1235101 
