91
CRNC        0.0000000 0.2553106 0.3959994 0.3778400 0.4051090 0.1921411 0.4154299 0.3517632 0.3629583 0.3742678 0.3660189 0.4894754 0.4062023 0.3938891 0.5531666 0.3954039 0.1484326 0.4020510 0.3323308 0.6872808 0.3837736 0.4033627 0.4342302 0.4279068 0.3952209 0.3186359 0.3960980 0.3705514 0.3449153 0.4489216 0.3845646 0.3958493 0.4862181 0.4083394 0.3879744 0.3929074 0.4015303 0.4172422 0.3322005 0.4390391 0.3890073 0.3720825 0.3416192 0.2074084 0.4330764 0.4361607 0.3770652 0.4019479 0.3557536 0.3489355 0.4443446 0.4502625 0.3400201 0.2323689 0.3995224 0.4025878 0.3405608 0.3344545 0.3605547 0.4401804 0.3955150 0.3973262 0.3711657 0.7159707 0.3312649 0.4075666 0.3935320 0.3653180 0.3910241 0.4194954 0.1801288 0.3890073 0.3918081 0.3182847 0.4354072 0.3887929 0.2719818 0.3441812 0.3605666 0.3816283 0.3591223 0.3921134 0.3680624 0.3688203 0.3782828 0.3722546 0.3923111 0.4155352 0.3684714 0.4318574 0.3603017 
HYZL        0.2553106 0.0000000 0.3123340 0.3444706 0.3334073 0.1932356 0.3790325 0.3407259 0.3599275 0.3110053 0.3148571 0.4378750 0.3390926 0.3807449 0.4161998 0.3494045 0.1778169 0.3357798 0.2817627 0.4554228 0.3497285 0.3353463 0.4058649 0.3387679 0.3494865 0.2740554 0.3311762 0.3340351 0.3230649 0.4091278 0.3247734 0.3619546 0.4158429 0.3506002 0.2923997 0.3111698 0.3569004 0.3700291 0.3109226 0.3484046 0.3444938 0.3113749 0.3109475 0.2236415 0.3447006 0.3663521 0.3342809 0.3057160 0.3068436 0.3229261 0.4017570 0.4097423 0.3021992 0.2833996 0.3260230 0.3254849 0.3506937 0.3007895 0.3013709 0.3188774 0.3205713 0.3626691 0.3191514 0.5305285 0.2818358 0.3184051 0.3199874 0.3313596 0.2988019 0.3580720 0.2119955 0.3444938 0.3468520 0.2896776 0.3957028 0.3238124 0.2577142 0.3093101 0.2993301 0.2809744 0.3011088 0.3293515 0.3076435 0.2973928 0.3330999 0.3257470 0.3576724 0.2994938 0.3363433 0.3933876 0.3497011 
SRR6441723  0.3959994 0.3123340 0.0000000 0.1245157 0.0963834 0.0162623 0.1339946 0.0698421 0.1294363 0.1259440 0.0555234 0.1806203 0.1156956 0.1587203 0.1589151 0.1243353 0.0274868 0.1179845 0.0500856 0.2057927 0.1123967 0.1077640 0.1427514 0.1211991 0.1485832 0.1023289 0.1238514 0.0930949 0.1244256 0.1378795 0.1202938 0.1236853 0.1187957 0.1356414 0.0798733 0.1237740 0.0856433 0.1111510 0.1589566 0.1061272 0.1102092 0.1164878 0.0920549 0.0371747 0.1080711 0.1061167 0.1314233 0.1054299 0.0537249 0.0755520 0.1082883 0.1034995 0.1624843 0.0774332 0.1021934 0.0890202 0.1455769 0.0623039 0.0489902 0.0905021 0.0616559 0.1262918 0.1110986 0.1078553 0.0767449 0.1102262 0.1236126 0.1315367 0.0854432 0.1387393 0.0688599 0.1102092 0.1118832 0.0916025 0.1275645 0.0598116 0.0249942 0.0878400 0.0980080 0.0992861 0.0346976 0.0906668 0.0283757 0.0764258 0.1345560 0.0913453 0.0974526 0.1380509 0.1092535 0.1043427 0.1100411 
ERR2789774  0.3778400 0.3444706 0.1245157 0.0000000 0.0954368 0.1128816 0.1390168 0.0901043 0.0494895 0.1473312 0.1260898 0.1163506 0.0579532 0.1600523 0.2046403 0.1483060 0.0675218 0.1422298 0.1121847 0.1524049 0.0449912 0.0268071 0.1437479 0.0911861 0.1563714 0.0611028 0.1410644 0.0726671 0.0903091 0.1509374 0.1552131 0.0391704 0.0487501 0.1499781 0.1333798 0.1550116 0.1021135 0.1408120 0.1369115 0.1095112 0.1395299 0.0441332 0.0289344 0.1006334 0.1082039 0.1256496 0.1534597 0.1492281 0.1365833 0.0921510 0.0725072 0.1486742 0.1455255 0.1100938 0.0960149 0.0826385 0.1319014 0.0730003 0.1245827 0.1114412 0.1337443 0.0452831 0.0497600 0.2118794 0.1088137 0.1465629 0.1548001 0.1631831 0.1260827 0.1654236 0.0793148 0.1395299 0.1487142 0.0291347 0.1483180 0.1226412 0.0903950 0.0300535 0.0289635 0.0674668 0.1147056 0.0990262 0.1044376 0.1438342 0.1487437 0.1201613 0.1206979 0.1633123 0.0337075 0.1341937 0.0339048 
S0055       0.4051090 0.3334073 0.0963834 0.0954368 0.0000000 0.0521266 0.1504904 0.0740383 0.0940643 0.1347913 0.0971883 0.1381037 0.0862839 0.1733113 0.1700857 0.1460236 0.0792622 0.1333531 0.1048962 0.1194882 0.0782029 0.0633599 0.1599070 0.0881339 0.1658912 0.0713003 0.1322904 0.0675523 0.0902927 0.1196303 0.1501500 0.1005555 0.0658144 0.1524160 0.0992311 0.1457992 0.1032495 0.1252461 0.1284946 0.0882895 0.1241478 0.0824608 0.0658802 0.0906281 0.0955707 0.1136867 0.1540921 0.1265636 0.0952309 0.0931809 0.0975881 0.1368873 0.1230919 0.1001914 0.0837693 0.0703034 0.1235336 0.0726669 0.1086029 0.0840666 0.0980105 0.0904598 0.0829575 0.1551219 0.0957818 0.1448278 0.1456037 0.1328498 0.1050473 0.1784781 0.1152076 0.1241478 0.1260916 0.0601642 0.1358565 0.1152422 0.0697441 0.0561152 0.0770080 0.0394586 0.0997513 0.0726541 0.0836603 0.1138623 0.1579696 0.1309156 0.1094081 0.1610788 0.0762133 0.1226748 0.0767079 
S0196sl     0.1921411 0.1932356 0.0162623 0.1128816 0.0521266 0.0000000 0.0332407 0.0000024 0.1125330 0.0511698 0.0729059 0.1148951 0.0956624 0.0332407 0.0697602 0.1102200 0.0332407 0.0509544 0.0521633 0.0000010 0.0917008 0.0000010 0.0741168 0.1167739 0.0700213 0.0915625 0.0700213 0.0167546 0.0941866 0.0000010 0.0511698 0.1128816 0.0000010 0.0526400 0.0332407 0.0510958 0.0169070 0.0919916 0.1369004 0.0712979 0.0697602 0.1130533 0.1125330 0.0166977 0.0695618 0.0544204 0.0510958 0.0332407 0.0510528 0.0508690 0.0000010 0.0942285 0.1033167 0.0510528 0.0510528 0.0173488 0.0926248 0.0332118 0.0528703 0.0543632 0.0333784 0.1404437 0.0958828 0.0000010 0.0332407 0.0510958 0.0510958 0.0708336 0.0332407 0.0332407 0.0728781 0.0697602 0.0520277 0.0917008 0.0743197 0.0511698 0.0165771 0.1176996 0.0731995 0.0359204 0.0165591 0.0941866 0.0162623 0.1143097 0.0510958 0.0343398 0.0527002 0.0699188 0.0917008 0.0736808 0.0917008 
S0278       0.4154299 0.3790325 0.1339946 0.1390168 0.1504904 0.0332407 0.0000000 0.0808423 0.1546178 0.0388325 0.1241965 0.2452914 0.1584624 0.0496687 0.2332620 0.1504872 0.0000010 0.0285753 0.1142848 0.3400649 0.1508164 0.1408987 0.0341994 0.1720740 0.0285664 0.1270641 0.0547115 0.1008045 0.1349992 0.1783354 0.0284056 0.1485755 0.2001372 0.0287022 0.0394013 0.0665686 0.0995824 0.1431720 0.1646610 0.1723857 0.1418427 0.1408234 0.1140312 0.0360799 0.1179719 0.1278634 0.0660242 0.0504903 0.1126320 0.0766857 0.1712682 0.1116012 0.1592750 0.0645109 0.1247752 0.1116717 0.1504269 0.0758634 0.1205836 0.1203893 0.1245976 0.1441038 0.1285028 0.3114320 0.0143827 0.0662024 0.0664879 0.1517497 0.0341083 0.0442411 0.0561501 0.1418427 0.1441832 0.1070587 0.1510733 0.1249331 0.0669289 0.1043264 0.1206692 0.1105486 0.1115024 0.1505750 0.1001097 0.1216954 0.0385583 0.0900254 0.0869878 0.0960625 0.1325863 0.1063788 0.1336152 
S0281       0.3517632 0.3407259 0.0698421 0.0901043 0.0740383 0.0000024 0.0808423 0.0000000 0.1031921 0.1002753 0.0765224 0.1661722 0.0971682 0.1221974 0.1473394 0.1001888 0.0178496 0.1014132 0.0759898 0.1750794 0.0928458 0.0652714 0.0957540 0.1264161 0.1013979 0.0859851 0.0944506 0.0403532 0.0872314 0.0941271 0.1006842 0.0976757 0.0883956 0.0877300 0.0638793 0.1134289 0.0143445 0.0875516 0.1274888 0.1198717 0.0868322 0.0901746 0.0797966 0.0179474 0.0729389 0.0631462 0.1058603 0.0826137 0.0869146 0.0409438 0.0918631 0.0399901 0.1290285 0.0558481 0.0674055 0.0535170 0.1223337 0.0353113 0.0757302 0.1015928 0.0701430 0.0930590 0.0799318 0.1679779 0.0590560 0.1127090 0.1132788 0.1070285 0.0635845 0.1156606 0.0573750 0.0868322 0.0881222 0.0736516 0.0818484 0.0863695 0.0373805 0.0642775 0.0736199 0.0636471 0.0602930 0.1082935 0.0633443 0.0993425 0.1074419 0.0173516 0.0241728 0.1342832 0.0844188 0.0293787 0.0849925 
S0282       0.3629583 0.3599275 0.1294363 0.0494895 0.0940643 0.1125330 0.1546178 0.1031921 0.0000000 0.1555912 0.1241372 0.0747733 0.0571229 0.1886895 0.2196580 0.1458949 0.0674153 0.1399877 0.1195256 0.1479429 0.0443798 0.0195585 0.1750303 0.1018316 0.1730286 0.0712652 0.1388253 0.0850831 0.0878051 0.1477441 0.1717091 0.0543635 0.0477437 0.1594544 0.1312883 0.1666266 0.1285203 0.1523094 0.1387114 0.1203226 0.1509179 0.0435447 0.0141399 0.1004670 0.1349773 0.1405003 0.1649554 0.1468242 0.1344856 0.0982961 0.0711696 0.1642813 0.1338808 0.1099128 0.1219763 0.1091058 0.1338588 0.0785470 0.1294636 0.1097575 0.1316403 0.0446641 0.0490877 0.2049837 0.1150642 0.1654860 0.1664011 0.1749207 0.1241271 0.1824043 0.0791859 0.1509179 0.1469785 0.0287507 0.1643013 0.1300847 0.0890095 0.0296439 0.0386208 0.0721534 0.1275926 0.1099370 0.1028808 0.1416054 0.1799252 0.1218856 0.1349993 0.1750518 0.0234466 0.1491034 0.0334582 
S0289       0.3742678 0.3110053 0.1259440 0.1473312 0.1347913 0.0511698 0.0388325 0.1002753 0.1555912 0.0000000 0.1029738 0.2474016 0.1417580 0.0611099 0.2047837 0.1494910 0.0086514 0.0337922 0.0882233 0.2355614 0.1517768 0.1321674 0.0558754 0.1555434 0.0390084 0.0998200 0.0716025 0.1004925 0.1429374 0.1409789 0.0286980 0.1638810 0.1891208 0.0392087 0.0442531 0.0771097 0.1116086 0.1259699 0.1416392 0.1558256 0.1248592 0.1342011 0.1146790 0.0457404 0.1175835 0.1208743 0.0834326 0.0554415 0.1051860 0.0826413 0.1523468 0.1176219 0.1500412 0.0747486 0.1243516 0.1112948 0.1418489 0.0689603 0.1128325 0.1061400 0.1102689 0.1528319 0.1431501 0.2637615 0.0144225 0.0766791 0.0770162 0.1339180 0.0389198 0.0620017 0.0664433 0.1248592 0.1268245 0.1076526 0.1435715 0.0986934 0.0668963 0.1040064 0.1213681 0.1031729 0.1093153 0.1348728 0.0929553 0.1009599 0.0493793 0.1051611 0.0928114 0.0950649 0.1333707 0.1124170 0.1344138 
S0292       0.3660189 0.3148571 0.0555234 0.1260898 0.0971883 0.0729059 0.1241965 0.0765224 0.1241372 0.1029738 0.0000000 0.2024134 0.1021711 0.1565266 0.1662098 0.1210121 0.0475258 0.1082768 0.0351282 0.1363553 0.1200584 0.0735745 0.1329006 0.1179002 0.1112483 0.0851735 0.1205321 0.0757473 0.1210980 0.1029515 0.0972954 0.1236057 0.0967845 0.1257434 0.0879943 0.1270523 0.0804704 0.1076095 0.1200696 0.1026580 0.1066824 0.0985010 0.0937489 0.0687905 0.0908229 0.1024515 0.1349654 0.1017746 0.0496260 0.0529500 0.1101407 0.0938658 0.1351173 0.1004312 0.0850814 0.0714572 0.1283128 0.0517801 0.0447975 0.0867135 0.0350912 0.1139606 0.1124926 0.0751264 0.0600742 0.1262240 0.1268823 0.1283290 0.0815433 0.1355029 0.0919591 0.1066824 0.1083344 0.0872248 0.1234168 0.0449609 0.0201953 0.0765268 0.0927943 0.0758005 0.0408632 0.0917240 0.0340706 0.0235076 0.1313328 0.1005073 0.0864270 0.1417955 0.0978415 0.0931413 0.1048027 
S0293       0.4894754 0.4378750 0.1806203 0.1163506 0.1381037 0.1148951 0.2452914 0.1661722 0.0747733 0.2474016 0.2024134 0.0000000 0.1276653 0.2791878 0.2119493 0.2512473 0.1515927 0.2254570 0.1752490 0.1011260 0.0812633 0.0929897 0.2495419 0.1165970 0.2724517 0.1296570 0.2052107 0.1512525 0.1406573 0.2285611 0.2469050 0.1082579 0.1000996 0.2753276 0.1844633 0.2599492 0.2067814 0.2408248 0.2146962 0.1453672 0.2287340 0.1008035 0.0694400 0.1867006 0.2152320 0.2355236 0.2323648 0.1938010 0.2143296 0.1784601 0.1818285 0.2554641 0.1993211 0.1813104 0.2064068 0.1840619 0.2178064 0.1343951 0.2087726 0.1470210 0.2050834 0.1107211 0.0949619 0.1586887 0.1933965 0.2452862 0.2348553 0.2367471 0.2026052 0.2863218 0.1888831 0.2287340 0.2252207 0.0884386 0.2436276 0.2012070 0.1390296 0.0918551 0.1010498 0.1402826 0.2049605 0.1323917 0.1729755 0.2239213 0.2546350 0.1852945 0.2152870 0.2525058 0.0804316 0.2344611 0.0875404 
S0294       0.4062023 0.3390926 0.1156956 0.0579532 0.0862839 0.0956624 0.1584624 0.0971682 0.0571229 0.1417580 0.1021711 0.1276653 0.0000000 0.1752831 0.1954624 0.1463742 0.0616452 0.1401641 0.1053033 0.1351746 0.0524872 0.0426941 0.1612253 0.0818205 0.1593288 0.0629634 0.1176276 0.0709000 0.1010891 0.1355150 0.1580777 0.0631301 0.0592119 0.1606025 0.1173886 0.1423227 0.1148609 0.1386917 0.1415286 0.1130754 0.1373960 0.0514310 0.0354370 0.0834365 0.1082404 0.1334567 0.1621024 0.1329855 0.1209612 0.0913489 0.0740533 0.1510380 0.1439738 0.1190889 0.1016934 0.0877860 0.1363811 0.0644158 0.1086788 0.1021028 0.1176995 0.0528422 0.0574520 0.1757232 0.1005569 0.1521859 0.1530458 0.1616423 0.1101747 0.1794952 0.0857483 0.1373960 0.1396811 0.0300417 0.1579012 0.1226882 0.0742552 0.0254678 0.0461760 0.0637796 0.1133506 0.1022765 0.0889128 0.1197276 0.1580889 0.1368226 0.1214402 0.1617748 0.0403632 0.1357006 0.0406131 
S0299       0.3938891 0.3807449 0.1587203 0.1600523 0.1733113 0.0332407 0.0496687 0.1221974 0.1886895 0.0611099 0.1565266 0.2791878 0.1752831 0.0000000 0.2542886 0.1935098 0.0176994 0.0499194 0.1282718 0.3319215 0.1662797 0.1749587 0.0555120 0.1879006 0.0607161 0.1587351 0.0900024 0.1216403 0.1746854 0.2148851 0.0440058 0.1886771 0.2135041 0.0501652 0.0671472 0.1163248 0.1422533 0.1853411 0.2161992 0.1882381 0.1834682 0.1737150 0.1361449 0.0567238 0.1559867 0.1679413 0.1088877 0.0730501 0.1427084 0.1111719 0.2004112 0.1554483 0.1916612 0.0869380 0.1635717 0.1502924 0.1919037 0.0949119 0.1663350 0.1441276 0.1654787 0.1865892 0.1827496 0.3039426 0.0351982 0.1021214 0.1017947 0.1755511 0.0674258 0.0859138 0.0785547 0.1834682 0.1867316 0.1368558 0.1747648 0.1486277 0.0934616 0.1336443 0.1518159 0.1392730 0.1487273 0.1769852 0.1291575 0.1532088 0.0490693 0.1231402 0.1281032 0.1367260 0.1644409 0.1500971 0.1582793 
S0303       0.5531666 0.4161998 0.1589151 0.2046403 0.1700857 0.0697602 0.2332620 0.1473394 0.2196580 0.2047837 0.1662098 0.2119493 0.1954624 0.2542886 0.0000000 0.0774028 0.1228215 0.2169905 0.1277319 0.1405537 0.1912404 0.1743075 0.2101510 0.1244643 0.2564755 0.1443326 0.2042700 0.1110937 0.1476549 0.0451036 0.2198934 0.1822067 0.1754421 0.2105771 0.1543729 0.1729002 0.1430247 0.0359317 0.1870213 0.1244167 0.0294105 0.1998325 0.1642290 0.1429060 0.1323938 0.0778681 0.1729002 0.1640522 0.1256975 0.1037119 0.2213095 0.1599131 0.1862207 0.1036610 0.1244326 0.1148715 0.1781694 0.0863254 0.1431232 0.1343013 0.1542761 0.1909495 0.1559164 0.1182652 0.1651647 0.1716930 0.1617866 0.0355017 0.1553932 0.2186623 0.0903442 0.0294105 0.0361351 0.1371982 0.0847822 0.1624202 0.0979768 0.1394664 0.1377436 0.1187068 0.1116119 0.1346198 0.1340404 0.1904397 0.1700857 0.1835148 0.1514623 0.1769308 0.1886076 0.1617116 0.1814399 
S0308       0.3954039 0.3494045 0.1243353 0.1483060 0.1460236 0.1102200 0.1504872 0.1001888 0.1458949 0.1494910 0.1210121 0.2512473 0.1463742 0.1935098 0.0774028 0.0000000 0.0655017 0.1407302 0.0950808 0.2260323 0.1562029 0.1198119 0.1523901 0.1393797 0.1512740 0.1044473 0.1327680 0.0925888 0.1334472 0.0558908 0.1579558 0.1463158 0.1590045 0.1218848 0.1122610 0.1326843 0.0973283 0.0392807 0.1338864 0.1463642 0.0390030 0.1524493 0.1195237 0.0869491 0.1092455 0.0555598 0.1406882 0.1270213 0.0855628 0.0623509 0.1393145 0.1095584 0.1351293 0.0750364 0.1032845 0.0962676 0.1208432 0.0683951 0.1107570 0.1326775 0.1121244 0.1390870 0.1265370 0.1850218 0.1027914 0.1318152 0.1325072 0.0554992 0.1054122 0.1484866 0.0364997 0.0390030 0.0447411 0.0997756 0.0732219 0.1249541 0.0710807 0.1010612 0.1063172 0.0986383 0.1019389 0.1329345 0.0978540 0.1453456 0.1305112 0.1237587 0.1034413 0.1404421 0.1378163 0.1104600 0.1388852 
S0320       0.1484326 0.1778169 0.0274868 0.0675218 0.0792622 0.0332407 0.0000010 0.0178496 0.0674153 0.0086514 0.0475258 0.1515927 0.0616452 0.0176994 0.1228215 0.0655017 0.0000000 0.0086329 0.0371564 2.6314793 0.0570825 0.0388379 0.0180182 0.1179879 0.0175442 0.0563075 0.0454691 0.0473285 0.0697644 0.0183862 0.0175308 0.0891710 0.0701982 0.0087705 0.0000010 0.0364996 0.0271588 0.0561301 0.1009212 0.0921136 0.0553672 0.0781449 0.0674153 0.0363885 0.0558493 0.0676893 0.0266052 0.0000010 0.0461007 0.0265217 0.0403844 0.0670358 0.0829307 0.0650723 0.0662217 0.0487865 0.0905670 0.0269068 0.0469356 0.0486252 0.0269798 0.0797669 0.0810384 2.7165608 0.0000010 0.0266052 0.0266052 0.0558145 0.0000010 0.0086449 0.0566463 0.0553672 0.0459977 0.0675766 0.0893235 0.0364056 0.0182145 0.0689599 0.0583304 0.0484648 0.0383757 0.0695240 0.0177333 0.0571174 0.0266435 0.0461584 0.0270126 0.0660309 0.0570825 0.0567882 0.0792927 
S0327       0.4020510 0.3357798 0.1179845 0.1422298 0.1333531 0.0509544 0.0285753 0.1014132 0.1399877 0.0337922 0.1082768 0.2254570 0.1401641 0.0499194 0.2169905 0.1407302 0.0086329 0.0000000 0.1079241 0.2653749 0.1500866 0.1304493 0.0343662 0.1538373 0.0387922 0.1114090 0.0537253 0.1082113 0.1350277 0.1528850 0.0285452 0.1620529 0.1859240 0.0288447 0.0387033 0.0764120 0.1000944 0.1336868 0.1608951 0.1541138 0.1324848 0.1401559 0.1006540 0.0456367 0.1256504 0.1285649 0.0826636 0.0495681 0.0978479 0.0835665 0.1502995 0.1252258 0.1554742 0.0745765 0.1326217 0.1196178 0.1470397 0.0752882 0.1180045 0.1050759 0.1156207 0.1511195 0.1415919 0.2387333 0.0094608 0.0759891 0.0763201 0.1418816 0.0335124 0.0503080 0.0662876 0.1324848 0.1346068 0.1065568 0.1519149 0.1185608 0.0596835 0.1029292 0.1200988 0.1021137 0.1026341 0.1334335 0.0859199 0.1061705 0.0387492 0.1138603 0.0998400 0.0941717 0.1319644 0.1199725 0.1329837 
S0335       0.3323308 0.2817627 0.0500856 0.1121847 0.1048962 0.0521633 0.1142848 0.0759898 0.1195256 0.0882233 0.0351282 0.1752490 0.1053033 0.1282718 0.1277319 0.0950808 0.0371564 0.1079241 0.0000000 0.1372862 0.1003446 0.0832432 0.0998189 0.0925485 0.0944430 0.0804356 0.1009608 0.0748751 0.1077304 0.0839179 0.0816899 0.1269501 0.0982153 0.1156526 0.0751583 0.1270102 0.0731978 0.0948591 0.1215285 0.0904042 0.0940595 0.0999333 0.0820404 0.0575834 0.0843823 0.0752317 0.1190717 0.0813847 0.0443213 0.0525967 0.1102131 0.0858203 0.1202516 0.0775694 0.0787368 0.0650670 0.1219506 0.0410006 0.0395102 0.0746417 0.0461939 0.1161252 0.1077667 0.0508786 0.0599000 0.1184685 0.1115183 0.1000451 0.0754869 0.1119135 0.0469130 0.0940595 0.0954893 0.0756876 0.0809394 0.0238849 0.0099224 0.0716036 0.0880070 0.0891728 0.0407959 0.0866994 0.0289774 0.0557739 0.0998800 0.0834675 0.0799616 0.1280247 0.0993660 0.0865002 0.1000848 
S0376       0.6872808 0.4554228 0.2057927 0.1524049 0.1194882 0.0000010 0.3400649 0.1750794 0.1479429 0.2355614 0.1363553 0.1011260 0.1351746 0.3319215 0.1405537 0.2260323 2.6314793 0.2653749 0.1372862 0.0000000 0.1218806 0.0835287 0.2612698 0.0928864 0.3426726 0.0835264 0.2082623 0.1108820 0.1545152 0.1694614 0.2705516 0.1345801 0.0931312 0.3204296 0.2016206 0.2355395 0.1769564 0.1882976 0.1536024 0.1321366 0.1882976 0.1208987 0.0994263 2.6314793 0.1365113 0.1735813 0.2355395 0.2194344 0.1627706 0.1326774 0.1646540 0.1952883 0.1562904 1.1773167 0.1365666 0.1280359 0.1681066 0.0999011 0.1770062 0.1187333 0.1880298 0.1252121 0.0959800 0.0825451 0.1868495 0.2326293 0.2143496 0.2001698 0.2039935 0.4185797 2.6314793 0.1882976 0.2085493 0.0861361 0.1575122 0.1539411 0.0776076 0.0764711 0.0948671 0.1083663 0.1540703 0.1199311 0.1632889 0.1459864 0.2484938 0.2602903 0.1770175 0.2276539 0.1195182 0.1770175 0.0948671 
S0400       0.3837736 0.3497285 0.1123967 0.0449912 0.0782029 0.0917008 0.1508164 0.0928458 0.0443798 0.1517768 0.1200584 0.0812633 0.0524872 0.1662797 0.1912404 0.1562029 0.0570825 0.1500866 0.1003446 0.1218806 0.0000000 0.0198027 0.1529644 0.0914547 0.1694026 0.0668946 0.1348705 0.0806972 0.0905714 0.1287937 0.1589779 0.0499267 0.0152484 0.1707507 0.1065011 0.1630317 0.1245498 0.1485273 0.1443351 0.1098653 0.1471511 0.0340365 0.0293316 0.0893161 0.1310817 0.1365204 0.1443594 0.1265492 0.1305954 0.1013122 0.0729281 0.1606989 0.1299874 0.0987378 0.1179370 0.1047182 0.1393071 0.0741444 0.1254739 0.0991710 0.1211971 0.0400981 0.0446225 0.1743762 0.1107566 0.1532345 0.1455869 0.1536626 0.1200419 0.1788832 0.0684343 0.1471511 0.1495704 0.0241828 0.1429945 0.1193223 0.0775504 0.0249419 0.0341202 0.0677419 0.1234481 0.0870124 0.0986568 0.1377884 0.1579506 0.1314516 0.1311029 0.1715547 0.0287812 0.1453553 0.0289480 
S0405       0.4033627 0.3353463 0.1077640 0.0268071 0.0633599 0.0000010 0.1408987 0.0652714 0.0195585 0.1321674 0.0735745 0.0929897 0.0426941 0.1749587 0.1743075 0.1198119 0.0388379 0.1304493 0.0832432 0.0835287 0.0198027 0.0000000 0.1408987 0.0795167 0.1658652 0.0483526 0.1380563 0.0487960 0.0633902 0.1001758 0.1528244 0.0334533 0.0074646 0.1549289 0.1088279 0.1379751 0.0881250 0.1001126 0.1157627 0.0975310 0.1090502 0.0194846 0.0000021 0.0586113 0.0811728 0.0832167 0.1251890 0.1192810 0.0975550 0.0594072 0.0411691 0.0975608 0.1185146 0.1030866 0.0652649 0.0601206 0.1271508 0.0345612 0.0892028 0.0732549 0.1011889 0.0131453 0.0194572 0.1283494 0.0869587 0.1357548 0.1266183 0.1274971 0.1001015 0.1794904 0.0382977 0.1090502 0.1196374 0.0000028 0.0925507 0.0827004 0.0602750 0.0000026 0.0063307 0.0481040 0.1024096 0.0737813 0.0729592 0.0878825 0.1425567 0.0865771 0.0881531 0.1587785 0.0063395 0.0881531 0.0129051 
S0407sl     0.4342302 0.4058649 0.1427514 0.1437479 0.1599070 0.0741168 0.0341994 0.0957540 0.1750303 0.0558754 0.1329006 0.2495419 0.1612253 0.0555120 0.2101510 0.1523901 0.0180182 0.0343662 0.0998189 0.2612698 0.1529644 0.1408987 0.0000000 0.1557188 0.0447977 0.1356151 0.0674206 0.1011533 0.1464843 0.1408725 0.0390144 0.1686872 0.1839151 0.0450273 0.0508037 0.0981110 0.0863690 0.1449627 0.1674107 0.1746234 0.1435979 0.1602846 0.1316276 0.0573277 0.1193474 0.1203743 0.0910847 0.0564502 0.1206755 0.0775402 0.1843857 0.1128903 0.1436488 0.0769903 0.1262472 0.1130308 0.1529088 0.0766988 0.1289528 0.1218226 0.1333692 0.1642414 0.1472756 0.2350856 0.0300829 0.0906602 0.0843703 0.1432807 0.0510053 0.0682007 0.0660241 0.1435979 0.1460000 0.1241083 0.1265890 0.1264082 0.0671613 0.1136685 0.1367729 0.1188392 0.1130830 0.1524789 0.1078072 0.1301699 0.0440508 0.0994270 0.0879556 0.1177569 0.1512890 0.1076100 0.1525392 
S0412sl     0.4279068 0.3387679 0.1211991 0.0911861 0.0881339 0.1167739 0.1720740 0.1264161 0.1018316 0.1555434 0.1179002 0.1165970 0.0818205 0.1879006 0.1244643 0.1393797 0.1179879 0.1538373 0.0925485 0.0928864 0.0914547 0.0795167 0.1557188 0.0000000 0.1729753 0.0668150 0.1395018 0.0985873 0.0562913 0.1268282 0.1644224 0.0963815 0.1038430 0.1664150 0.1184852 0.1459144 0.1376551 0.1321250 0.1379768 0.0385292 0.1309519 0.0955598 0.0671073 0.1572410 0.1033691 0.1268686 0.1470219 0.1198705 0.1136204 0.1140857 0.1045462 0.1576330 0.1464783 0.1672418 0.0911676 0.0837391 0.1316413 0.0849370 0.1146475 0.0549905 0.1252687 0.0982846 0.0845113 0.0842068 0.1162293 0.1382443 0.1387124 0.1466360 0.1178808 0.1943658 0.1326459 0.1309519 0.1397562 0.0612691 0.1425907 0.1091463 0.0703452 0.0571625 0.0717809 0.0674811 0.1062350 0.0444497 0.0954908 0.1352800 0.1506892 0.1771739 0.1443698 0.1402461 0.0833153 0.1590514 0.0838750 
S0417       0.3952209 0.3494865 0.1485832 0.1563714 0.1658912 0.0700213 0.0285664 0.1013979 0.1730286 0.0390084 0.1112483 0.2724517 0.1593288 0.0607161 0.2564755 0.1512740 0.0175442 0.0387922 0.0944430 0.3426726 0.1694026 0.1658652 0.0447977 0.1729753 0.0000000 0.1277127 0.0549632 0.1142804 0.1599937 0.1792546 0.0285318 0.1667608 0.2360408 0.0389725 0.0501729 0.0899504 0.1128656 0.1583141 0.1444655 0.1884891 0.1568052 0.1440760 0.1302026 0.0556706 0.1317863 0.1423507 0.0966472 0.0617472 0.1263739 0.0832527 0.1878719 0.1189539 0.1529591 0.0852575 0.1388338 0.1260276 0.1446824 0.0884465 0.1211984 0.1345254 0.1188525 0.1623444 0.1456321 0.3139011 0.0194070 0.0894274 0.0898386 0.1673023 0.0446703 0.0669380 0.0563053 0.1568052 0.1594510 0.1227840 0.1665546 0.1255608 0.0733878 0.1124458 0.1372235 0.1247483 0.1258331 0.1659771 0.1134647 0.1223214 0.0490754 0.0978006 0.0938275 0.0965245 0.1496227 0.1136937 0.1508433 
S0427       0.3186359 0.2740554 0.1023289 0.0611028 0.0713003 0.0915625 0.1270641 0.0859851 0.0712652 0.0998200 0.0851735 0.1296570 0.0629634 0.1587351 0.1443326 0.1044473 0.0563075 0.1114090 0.0804356 0.0835264 0.0668946 0.0483526 0.1356151 0.0668150 0.1277127 0.0000000 0.1105711 0.0620577 0.0674096 0.0821385 0.1268058 0.0551576 0.0665695 0.1215492 0.0914689 0.1105012 0.0896877 0.0979069 0.0954941 0.0783375 0.0850821 0.0655625 0.0448030 0.0880185 0.0837894 0.0927658 0.1178219 0.1050330 0.0952299 0.0681839 0.0809720 0.1216556 0.1010366 0.0973030 0.0722936 0.0643971 0.0905974 0.0560334 0.0960628 0.0725239 0.0916731 0.0673300 0.0662378 0.1283584 0.0758399 0.1098187 0.1103587 0.1048097 0.0851210 0.1525777 0.0674705 0.0850821 0.0923372 0.0393987 0.1132677 0.1027905 0.0468475 0.0350617 0.0443967 0.0396434 0.0873784 0.0613969 0.0778050 0.1015958 0.1206032 0.1282629 0.0955803 0.1049056 0.0544534 0.1081927 0.0547897 
S0478       0.3960980 0.3311762 0.1238514 0.1410644 0.1322904 0.0700213 0.0547115 0.0944506 0.1388253 0.0716025 0.1205321 0.2052107 0.1176276 0.0900024 0.2042700 0.1327680 0.0454691 0.0537253 0.1009608 0.2082623 0.1348705 0.1380563 0.0674206 0.1395018 0.0549632 0.1105711 0.0000000 0.1134369 0.1337645 0.1404798 0.0654456 0.1329397 0.1703308 0.0662084 0.0335131 0.0542103 0.1120444 0.1324497 0.1188723 0.1602980 0.1312710 0.1255787 0.1000687 0.0866056 0.1307932 0.1273690 0.0655298 0.0441334 0.1160581 0.0949842 0.1486315 0.1180649 0.1119395 0.0747486 0.1377710 0.1250385 0.1063569 0.0808081 0.0985060 0.1108522 0.1208974 0.1284062 0.1136334 0.1829437 0.0292292 0.0593447 0.0595910 0.1405447 0.0284290 0.0674115 0.0876011 0.1312710 0.1333525 0.0934173 0.1504391 0.1244646 0.0593119 0.0833487 0.1125648 0.1073536 0.1020469 0.1395001 0.0974917 0.1181780 0.0549116 0.1128634 0.0991214 0.0654680 0.1178102 0.1190681 0.1186898 
S0552sl     0.3705514 0.3340351 0.0930949 0.0726671 0.0675523 0.0167546 0.1008045 0.0403532 0.0850831 0.1004925 0.0757473 0.1512525 0.0709000 0.1216403 0.1110937 0.0925888 0.0473285 0.1082113 0.0748751 0.1108820 0.0806972 0.0487960 0.1011533 0.0985873 0.1142804 0.0620577 0.1134369 0.0000000 0.0808319 0.0817907 0.1074233 0.0735650 0.0766728 0.1088984 0.0815260 0.1067880 0.0444764 0.0743561 0.1320479 0.0987679 0.0737687 0.0790067 0.0571790 0.0476250 0.0492386 0.0561899 0.1141847 0.0949717 0.0800207 0.0294394 0.0817338 0.0732949 0.1338507 0.0889287 0.0441101 0.0302871 0.1269702 0.0192639 0.0866596 0.0880341 0.0684657 0.0676946 0.0734937 0.1329400 0.0651141 0.1061185 0.1066476 0.0929077 0.0752177 0.1217051 0.0677124 0.0737687 0.0748272 0.0459019 0.0683285 0.0796296 0.0421011 0.0410356 0.0674689 0.0345412 0.0709041 0.0813192 0.0684977 0.0983217 0.1077077 0.0695377 0.0556214 0.1272925 0.0671658 0.0614929 0.0564076 
S0558       0.3449153 0.3230649 0.1244256 0.0903091 0.0902927 0.0941866 0.1349992 0.0872314 0.0878051 0.1429374 0.1210980 0.1406573 0.1010891 0.1746854 0.1476549 0.1334472 0.0697644 0.1350277 0.1077304 0.1545152 0.0905714 0.0633902 0.1464843 0.0562913 0.1599937 0.0674096 0.1337645 0.0808319 0.0000000 0.1099528 0.1515915 0.0836850 0.0945980 0.1534015 0.0940516 0.1202367 0.1125472 0.1130550 0.1221876 0.0617241 0.1120762 0.0946485 0.0611866 0.1042062 0.1120465 0.1077739 0.1059363 0.0951016 0.1165764 0.0883381 0.0791282 0.1318050 0.1308196 0.1139957 0.0993456 0.0920303 0.1172883 0.0681430 0.1049313 0.0685874 0.1214690 0.0909182 0.0715961 0.1459562 0.1040702 0.1130174 0.1133779 0.1270076 0.0935783 0.1611531 0.1054888 0.1120762 0.1203430 0.0607134 0.1227253 0.1120080 0.0721550 0.0514629 0.0719915 0.0510631 0.0961472 0.0572880 0.0978980 0.1389966 0.1379887 0.1342066 0.1189961 0.1332758 0.0825395 0.1329567 0.0830870 
S0620       0.4489216 0.4091278 0.1378795 0.1509374 0.1196303 0.0000010 0.1783354 0.0941271 0.1477441 0.1409789 0.1029515 0.2285611 0.1355150 0.2148851 0.0451036 0.0558908 0.0183862 0.1528850 0.0839179 0.1694614 0.1287937 0.1001758 0.1408725 0.1268282 0.1792546 0.0821385 0.1404798 0.0817907 0.1099528 0.0000000 0.1652693 0.1288964 0.1201069 0.1535761 0.1010447 0.1500069 0.0891996 0.0193523 0.1394570 0.1385789 0.0127954 0.1373121 0.0931020 0.0369900 0.0984041 0.0552749 0.1380356 0.1105127 0.1083623 0.0679457 0.1294335 0.0802007 0.1325262 0.1229349 0.0986509 0.0945525 0.1404574 0.0580031 0.1078436 0.1086315 0.1109662 0.1083740 0.1180982 0.1467809 0.1085830 0.1370179 0.1268341 0.0192134 0.1017118 0.1748455 0.0573226 0.0127954 0.0195700 0.0837973 0.0551012 0.1106333 0.0606519 0.0672745 0.1174878 0.0890408 0.1026529 0.1094277 0.0997746 0.1181616 0.1438555 0.1240122 0.0892283 0.1513122 0.1269617 0.0892283 0.1283179 
S0624       0.3845646 0.3247734 0.1202938 0.1552131 0.1501500 0.0511698 0.0284056 0.1006842 0.1717091 0.0286980 0.0972954 0.2469050 0.1580777 0.0440058 0.2198934 0.1579558 0.0175308 0.0285452 0.0816899 0.2705516 0.1589779 0.1528244 0.0390144 0.1644224 0.0285318 0.1268058 0.0654456 0.1074233 0.1515915 0.1652693 0.0000000 0.1804047 0.2018731 0.0286718 0.0496543 0.0893601 0.1120641 0.1505293 0.1642262 0.1647212 0.1491163 0.1430127 0.1292592 0.0556268 0.1247306 0.1349322 0.0892802 0.0554141 0.0996991 0.0829742 0.1752820 0.1181038 0.1647350 0.0851908 0.1316413 0.1187026 0.1644671 0.0817869 0.1072462 0.1136735 0.1045020 0.1692629 0.1589520 0.2079432 0.0095207 0.0884424 0.0827355 0.1504845 0.0444045 0.0503035 0.0769573 0.1491163 0.1515990 0.1219072 0.1498202 0.0929513 0.0605154 0.1184672 0.1362192 0.1175053 0.1112563 0.1432561 0.0875245 0.0953908 0.0332330 0.1050630 0.0931820 0.1080223 0.1485211 0.1128790 0.1497225 
S0641       0.3958493 0.3619546 0.1236853 0.0391704 0.1005555 0.1128816 0.1485755 0.0976757 0.0543635 0.1638810 0.1236057 0.1082579 0.0631301 0.1886771 0.1822067 0.1463158 0.0891710 0.1620529 0.1269501 0.1345801 0.0499267 0.0334533 0.1686872 0.0963815 0.1667608 0.0551576 0.1329397 0.0735650 0.0836850 0.1288964 0.1804047 0.0000000 0.0476864 0.1751624 0.1254801 0.1393414 0.1228423 0.1389355 0.1291054 0.1147641 0.1243780 0.0489725 0.0341025 0.1252625 0.1223083 0.1336744 0.1379903 0.1408479 0.1419620 0.1058520 0.0795793 0.1583334 0.1370899 0.1348437 0.1095997 0.1022524 0.1241241 0.0725071 0.1169987 0.1167887 0.1319713 0.0447445 0.0441243 0.1892491 0.1225078 0.1250365 0.1391548 0.1468523 0.1183826 0.1829511 0.1028502 0.1243780 0.1329825 0.0339502 0.1482168 0.1375915 0.0895270 0.0244462 0.0337505 0.0666460 0.1151225 0.0959260 0.1097286 0.1492443 0.1736379 0.1387814 0.1292857 0.1334590 0.0333748 0.1432820 0.0286395 
S0643       0.4862181 0.4158429 0.1187957 0.0487501 0.0658144 0.0000010 0.2001372 0.0883956 0.0477437 0.1891208 0.0967845 0.1000996 0.0592119 0.2135041 0.1754421 0.1590045 0.0701982 0.1859240 0.0982153 0.0931312 0.0152484 0.0074646 0.1839151 0.1038430 0.2360408 0.0665695 0.1703308 0.0766728 0.0945980 0.1201069 0.2018731 0.0476864 0.0000000 0.2210488 0.1211312 0.1671366 0.1269835 0.1330391 0.1521287 0.1265906 0.1330391 0.0230685 0.0235474 0.1099369 0.1067591 0.1116322 0.1507422 0.1555616 0.1165220 0.0920779 0.0663908 0.1397240 0.1442524 0.1100978 0.0871672 0.0805946 0.1524451 0.0590421 0.1063744 0.0967955 0.1223908 0.0317589 0.0390470 0.1385485 0.1293789 0.1656188 0.1528527 0.1423493 0.1443624 0.2410345 0.0336039 0.1330391 0.1467284 0.0154013 0.1005281 0.1089309 0.0716815 0.0159221 0.0227650 0.0662975 0.1111515 0.0780090 0.0965711 0.1046744 0.1739547 0.1266225 0.1270263 0.1839889 0.0307702 0.1270263 0.0227744 
S0645sl     0.4083394 0.3506002 0.1356414 0.1499781 0.1524160 0.0526400 0.0287022 0.0877300 0.1594544 0.0392087 0.1257434 0.2753276 0.1606025 0.0501652 0.2105771 0.1218848 0.0087705 0.0288447 0.1156526 0.3204296 0.1707507 0.1549289 0.0450273 0.1664150 0.0389725 0.1215492 0.0662084 0.1088984 0.1534015 0.1535761 0.0286718 0.1751624 0.2210488 0.0000000 0.0504349 0.0843722 0.0988883 0.1284940 0.1738138 0.1591304 0.1273356 0.1596920 0.1311382 0.0464330 0.1195488 0.1053472 0.0909720 0.0620844 0.1139592 0.0840624 0.1764300 0.1108085 0.1646138 0.0759312 0.1264594 0.1122597 0.1592172 0.0828425 0.1193824 0.1218390 0.1337732 0.1719604 0.1614052 0.2919371 0.0145177 0.0838851 0.0842673 0.1366543 0.0448984 0.0619308 0.0675043 0.1273356 0.1282738 0.1236482 0.1266185 0.1264253 0.0739407 0.1201891 0.1308801 0.1111260 0.1267114 0.1449238 0.1012682 0.1231785 0.0337626 0.0901492 0.0863986 0.1030021 0.1507338 0.1056233 0.1519752 
S0656sl     0.3879744 0.2923997 0.0798733 0.1333798 0.0992311 0.0332407 0.0394013 0.0638793 0.1312883 0.0442531 0.0879943 0.1844633 0.1173886 0.0671472 0.1543729 0.1122610 0.0000010 0.0387033 0.0751583 0.2016206 0.1065011 0.1088279 0.0508037 0.1184852 0.0501729 0.0914689 0.0335131 0.0815260 0.0940516 0.1010447 0.0496543 0.1254801 0.1211312 0.0504349 0.0000000 0.0436362 0.0805707 0.0993230 0.1247127 0.1187011 0.0984925 0.1181213 0.0932975 0.0360799 0.0981482 0.0942429 0.0436006 0.0139605 0.0848727 0.0642463 0.1193459 0.0862472 0.1102294 0.0645109 0.1045795 0.0911422 0.1121320 0.0516834 0.0798750 0.0739600 0.0822391 0.1209229 0.1065394 0.1628439 0.0095094 0.0432332 0.0382031 0.0993315 0.0045631 0.0624880 0.0561501 0.0984925 0.0999754 0.0868040 0.1075655 0.0862327 0.0421654 0.0767895 0.0993438 0.0757843 0.0705980 0.0872559 0.0675843 0.0863382 0.0444512 0.0754302 0.0686402 0.0597228 0.1107557 0.0869349 0.1115668 
S0673       0.3929074 0.3111698 0.1237740 0.1550116 0.1457992 0.0510958 0.0665686 0.1134289 0.1666266 0.0771097 0.1270523 0.2599492 0.1423227 0.1163248 0.1729002 0.1326843 0.0364996 0.0764120 0.1270102 0.2355395 0.1630317 0.1379751 0.0981110 0.1459144 0.0899504 0.1105012 0.0542103 0.1067880 0.1202367 0.1500069 0.0893601 0.1393414 0.1671366 0.0843722 0.0436362 0.0000000 0.1249538 0.1124478 0.1455808 0.1461765 0.1114811 0.1590908 0.1258494 0.0773458 0.1176186 0.1202834 0.0141153 0.0546412 0.1159590 0.1076578 0.1293680 0.1310957 0.1461747 0.0866355 0.1243894 0.1180228 0.1324624 0.0807746 0.1104363 0.1107567 0.1343159 0.1562722 0.1267602 0.2282607 0.0450760 0.0092455 0.0092785 0.1200507 0.0383857 0.0981185 0.0782482 0.1114811 0.1196789 0.1058622 0.1358165 0.1376480 0.0840959 0.1021757 0.1124925 0.1008218 0.1019561 0.1188586 0.1097883 0.1312157 0.0611185 0.1281794 0.1116657 0.0338310 0.1308438 0.1322331 0.1453957 
S0720       0.4015303 0.3569004 0.0856433 0.1021135 0.1032495 0.0169070 0.0995824 0.0143445 0.1285203 0.1116086 0.0804704 0.2067814 0.1148609 0.1422533 0.1430247 0.0973283 0.0271588 0.1000944 0.0731978 0.1769564 0.1245498 0.0881250 0.0863690 0.1376551 0.1128656 0.0896877 0.1120444 0.0444764 0.1125472 0.0891996 0.1120641 0.1228423 0.1269835 0.0988883 0.0805707 0.1249538 0.0000000 0.0850882 0.1371616 0.1310573 0.0844097 0.1217555 0.0983408 0.0273135 0.0709804 0.0603659 0.1327025 0.0938243 0.0906399 0.0398598 0.1255385 0.0389552 0.1392641 0.0657009 0.0656028 0.0520387 0.1321438 0.0398696 0.0856470 0.1051733 0.0806137 0.1183598 0.1043584 0.1754204 0.0699492 0.1241531 0.1247892 0.1039406 0.0743467 0.1289866 0.0452790 0.0844097 0.0856272 0.0918294 0.0781040 0.0900837 0.0419634 0.0819270 0.0973500 0.0741808 0.0587935 0.1181517 0.0731630 0.1028800 0.1189524 0.0289816 0.0235669 0.1461169 0.1085117 0.0286334 0.1092876 
S0724sl     0.4172422 0.3700291 0.1111510 0.1408120 0.1252461 0.0919916 0.1431720 0.0875516 0.1523094 0.1259699 0.1076095 0.2408248 0.1386917 0.1853411 0.0359317 0.0392807 0.0561301 0.1336868 0.0948591 0.1882976 0.1485273 0.1001126 0.1449627 0.1321250 0.1583141 0.0979069 0.1324497 0.0743561 0.1130550 0.0193523 0.1505293 0.1389355 0.1330391 0.1284940 0.0993230 0.1124478 0.0850882 0.0000000 0.1335627 0.1255408 0.0092092 0.1450025 0.1126082 0.0773075 0.0905881 0.0447283 0.1199412 0.1134781 0.0795441 0.0633208 0.1184594 0.0894702 0.1421582 0.0656581 0.0848470 0.0772388 0.1205539 0.0509655 0.0980180 0.1124465 0.0991889 0.1318496 0.1194722 0.1650233 0.0970032 0.1117389 0.1123001 0.0237888 0.0927235 0.1412847 0.0467826 0.0092092 0.0140698 0.0932262 0.0617344 0.1116797 0.0650279 0.0944186 0.0996376 0.0861909 0.0821316 0.1126611 0.0855465 0.1314740 0.1234547 0.1154132 0.0910295 0.1331251 0.1306623 0.0901672 0.1316599 
S0735       0.3322005 0.3109226 0.1589566 0.1369115 0.1284946 0.1369004 0.1646610 0.1274888 0.1387114 0.1416392 0.1200696 0.2146962 0.1415286 0.2161992 0.1870213 0.1338864 0.1009212 0.1608951 0.1215285 0.1536024 0.1443351 0.1157627 0.1674107 0.1379768 0.1444655 0.0954941 0.1188723 0.1320479 0.1221876 0.1394570 0.1642262 0.1291054 0.1521287 0.1738138 0.1247127 0.1455808 0.1371616 0.1335627 0.0000000 0.1654354 0.1323632 0.1279290 0.1169891 0.1364547 0.1436390 0.1349210 0.1538335 0.1332566 0.1235160 0.1049039 0.1570480 0.1673477 0.0303085 0.1219706 0.1300662 0.1239651 0.0142633 0.1117356 0.1247115 0.1287841 0.1112886 0.1315971 0.1098584 0.1961838 0.1139990 0.1446160 0.1453864 0.1555185 0.1176831 0.2008331 0.0907064 0.1323632 0.1412954 0.0977455 0.1585808 0.1458564 0.0904190 0.1003005 0.1031565 0.1168252 0.1295804 0.1446774 0.1302190 0.1441491 0.1576431 0.1655470 0.1376583 0.1389510 0.1271821 0.1518462 0.1281217 
S0742       0.4390391 0.3484046 0.1061272 0.1095112 0.0882895 0.0712979 0.1723857 0.1198717 0.1203226 0.1558256 0.1026580 0.1453672 0.1130754 0.1882381 0.1244167 0.1463642 0.0921136 0.1541138 0.0904042 0.1321366 0.1098653 0.0975310 0.1746234 0.0385292 0.1884891 0.0783375 0.1602980 0.0987679 0.0617241 0.1385789 0.1647212 0.1147641 0.1265906 0.1591304 0.1187011 0.1461765 0.1310573 0.1255408 0.1654354 0.0000000 0.1244376 0.1137689 0.0842859 0.1284391 0.1161006 0.1202845 0.1472878 0.1200913 0.0990746 0.1142975 0.1240675 0.1508033 0.1684673 0.1382615 0.0913527 0.0902217 0.1519441 0.0850916 0.0999296 0.0550902 0.1162547 0.1170823 0.1085291 0.0935802 0.1164485 0.1384936 0.1389624 0.1398311 0.1180948 0.1947238 0.1300232 0.1244376 0.1330391 0.0781519 0.1357099 0.0946182 0.0639019 0.0742709 0.0900505 0.0676052 0.0914762 0.0445309 0.0818437 0.1070375 0.1509671 0.1571008 0.1376882 0.1614967 0.1009462 0.1521471 0.1016492 
S0748       0.3890073 0.3444938 0.1102092 0.1395299 0.1241478 0.0697602 0.1418427 0.0868322 0.1509179 0.1248592 0.1066824 0.2287340 0.1373960 0.1834682 0.0294105 0.0390030 0.0553672 0.1324848 0.0940595 0.1882976 0.1471511 0.1090502 0.1435979 0.1309519 0.1568052 0.0850821 0.1312710 0.0737687 0.1120762 0.0127954 0.1491163 0.1243780 0.1330391 0.1273356 0.0984925 0.1114811 0.0844097 0.0092092 0.1323632 0.1244376 0.0000000 0.1436946 0.1116399 0.0762027 0.0898613 0.0444064 0.1188885 0.1124923 0.0789144 0.0628286 0.1278041 0.0961901 0.1407919 0.0647561 0.0841725 0.0766037 0.1194911 0.0505870 0.0972101 0.1114800 0.0983596 0.1306814 0.1184281 0.1650233 0.0961659 0.1107854 0.1113360 0.0139875 0.0919603 0.1399915 0.0461514 0.0000010 0.0045969 0.0924549 0.0612669 0.1107274 0.0645083 0.0936272 0.0988012 0.0854940 0.0814588 0.1116909 0.0848608 0.1303147 0.1223368 0.1142170 0.0902956 0.1187066 0.1295166 0.0969551 0.1304952 
S0756       0.3720825 0.3113749 0.1164878 0.0441332 0.0824608 0.1130533 0.1408234 0.0901746 0.0435447 0.1342011 0.0985010 0.1008035 0.0514310 0.1737150 0.1998325 0.1524493 0.0781449 0.1401559 0.0999333 0.1208987 0.0340365 0.0194846 0.1602846 0.0955598 0.1440760 0.0655625 0.1255787 0.0790067 0.0946485 0.1373121 0.1430127 0.0489725 0.0230685 0.1596920 0.1181213 0.1590908 0.1217555 0.1450025 0.1279290 0.1137689 0.1436946 0.0000000 0.0287905 0.1121075 0.1281157 0.1332906 0.1575141 0.1395394 0.1276506 0.0990727 0.0631173 0.1503611 0.1433228 0.1215873 0.1153174 0.1023216 0.1360921 0.0726209 0.1098918 0.1032602 0.0974740 0.0393339 0.0437781 0.1728300 0.1018057 0.1580142 0.1588767 0.1672153 0.1173226 0.1674873 0.0903749 0.1436946 0.1459957 0.0237428 0.1566011 0.1103921 0.0765791 0.0244736 0.0334899 0.0553929 0.1074723 0.0975153 0.0965319 0.1090686 0.1652418 0.1296849 0.1220096 0.1673438 0.0282599 0.1356817 0.0284206 
S0763       0.3416192 0.3109475 0.0920549 0.0289344 0.0658802 0.1125330 0.1140312 0.0797966 0.0141399 0.1146790 0.0937489 0.0694400 0.0354370 0.1361449 0.1642290 0.1195237 0.0674153 0.1006540 0.0820404 0.0994263 0.0293316 0.0000021 0.1316276 0.0671073 0.1302026 0.0448030 0.1000687 0.0571790 0.0611866 0.0931020 0.1292592 0.0341025 0.0235474 0.1311382 0.0932975 0.1258494 0.0983408 0.1126082 0.1169891 0.0842859 0.1116399 0.0287905 0.0000000 0.1004670 0.1044867 0.1012022 0.1246560 0.1071906 0.0970976 0.0760319 0.0338029 0.1241463 0.1110163 0.1099128 0.0921478 0.0784848 0.1112545 0.0508943 0.0981040 0.0739211 0.1006169 0.0295218 0.0340780 0.1179466 0.0836971 0.1185837 0.1256825 0.1333283 0.0868040 0.1387553 0.0791859 0.1116399 0.1133601 0.0140416 0.1226492 0.0986941 0.0593705 0.0144669 0.0239403 0.0453636 0.0887216 0.0740407 0.0734364 0.1107887 0.1369496 0.1148765 0.1044999 0.1334431 0.0093011 0.1177425 0.0189597 
