94
HYZL          0.0000000 0.1485058 0.3332167 0.3266531 0.2692664 0.3472188 0.3125595 0.3293097 0.3193776 0.3030568 0.3543342 0.4842500 0.3120264 0.3164615 0.3411908 0.3182517 0.3018101 0.3193950 0.3149497 0.3329921 0.3106370 0.5134685 0.2189177 0.2830497 0.3377478 0.3327724 0.2864630 0.3561670 0.3475829 0.3492243 0.3107071 0.2973177 0.3241580 0.3268679 0.3497871 0.3164429 0.2963605 0.3063624 0.2919226 0.3251311 0.3426517 0.3374075 0.3258532 0.3670229 0.3554522 0.3054509 0.3004952 0.3065849 0.5869570 0.2610073 0.3145054 0.5011160 0.3781374 0.2810831 0.2532344 0.3646788 0.3562167 0.3266448 0.2603281 0.2805256 0.2645158 0.2743028 0.3774056 0.3627207 0.2711218 0.2656150 0.3347958 0.3318673 0.2923637 0.3147038 0.2886656 0.3452025 0.3179797 0.3034393 0.3196434 0.3392210 0.2427974 0.3193776 0.3059293 0.3323274 0.3518128 0.3809853 0.3523985 0.3032200 0.3545770 0.2923637 0.3310228 0.3282392 0.2916230 0.3537938 0.3052586 0.2969905 0.3396168 0.3539114 
MYZV          0.1485058 0.0000000 0.3112854 0.3264970 0.2964460 0.3275735 0.2902022 0.3392666 0.3396948 0.2928176 0.3696654 0.4525094 0.3146102 0.3273224 0.3762309 0.3450732 0.3016553 0.3147237 0.2595447 0.3113746 0.2970885 0.4195480 0.1634114 0.2974949 0.3215537 0.3253936 0.2874651 0.3191176 0.3312261 0.3559894 0.2658958 0.3090580 0.2946861 0.3117327 0.3524300 0.2915620 0.3436960 0.3436507 0.2742097 0.3198269 0.3102709 0.3423327 0.2902022 0.3651050 0.3153699 0.2947653 0.3016973 0.2823980 0.4596712 0.2532400 0.3161047 0.5449861 0.3568023 0.2883782 0.2717085 0.3194744 0.3698948 0.3166299 0.3234734 0.2157354 0.2801852 0.2767942 0.3345756 0.3092624 0.3262978 0.3164702 0.3275970 0.3404478 0.3085920 0.3063087 0.2966953 0.3117481 0.3150325 0.3205301 0.2982004 0.2981387 0.1926253 0.3081732 0.2946861 0.3338383 0.3206421 0.3649799 0.3424340 0.3419444 0.3350316 0.3235321 0.3272511 0.3038414 0.2940525 0.3407936 0.2673821 0.2946861 0.3455682 0.3571269 
SRR6441723    0.3332167 0.3112854 0.0000000 0.0638400 0.2349172 0.0672326 0.0549520 0.0807646 0.0553392 0.1031153 0.0804098 0.0375547 0.0890251 0.0884156 0.0974179 0.0956946 0.0722320 0.0457606 0.0711944 0.0558207 0.0492532 0.0986847 0.1168834 0.0627473 0.0673818 0.1040573 0.0688346 0.0894101 0.0761825 0.1182400 0.0952689 0.0822926 0.0558825 0.0772711 0.0815441 0.1303568 0.1091696 0.0978837 0.1023683 0.0686598 0.0683189 0.0748104 0.0611914 0.0921167 0.1043034 0.0689945 0.0656658 0.0680731 0.0988934 0.1530572 0.1030473 0.1323379 0.0608203 0.0622875 0.1002011 0.1121884 0.0988390 0.0760680 0.1040252 0.0789421 0.0825681 0.0555472 0.1195980 0.0692252 0.1069509 0.1170488 0.0618966 0.0738841 0.0750504 0.0830573 0.0685706 0.1273629 0.0668656 0.0823853 0.0553886 0.0437511 0.0802376 0.0553392 0.0559345 0.0559444 0.0673487 0.0821327 0.0932289 0.0549525 0.0555733 0.0750504 0.0890570 0.0615143 0.0623255 0.0608324 0.0816706 0.0497620 0.0817733 0.0821131 
ERR2789774    0.3266531 0.3264970 0.0638400 0.0000000 0.2396742 0.0635409 0.0753666 0.1037449 0.0389541 0.0855865 0.0912846 0.0000010 0.1016279 0.0712538 0.1077572 0.0783567 0.0610964 0.0679861 0.1412048 0.0215824 0.0160968 0.0515079 0.1002827 0.0459293 0.0889632 0.1003480 0.0645158 0.0940140 0.0734003 0.1002775 0.0716705 0.0713280 0.0161414 0.0598934 0.0842320 0.1271345 0.0986346 0.0872448 0.1058345 0.0275759 0.0760570 0.0273132 0.0685701 0.1107339 0.0864620 0.0646695 0.0744886 0.0637808 0.0516159 0.1349046 0.1002138 0.0802826 0.0968825 0.0776278 0.1391458 0.1022953 0.1032251 0.0950546 0.1010173 0.1070203 0.0718711 0.0715498 0.0951599 0.0453947 0.1140677 0.0989053 0.0216740 0.0571886 0.0457151 0.0789369 0.0642545 0.1241354 0.0689892 0.0651939 0.0160094 0.0778329 0.0756310 0.0159947 0.0161653 0.0594791 0.0707430 0.0576624 0.0890849 0.0768454 0.0643056 0.0581313 0.0717805 0.0689416 0.0456178 0.0969031 0.0775857 0.0106519 0.1220007 0.0780139 
PAFTOL_019361 0.2692664 0.2964460 0.2349172 0.2396742 0.0000000 0.2487423 0.2253227 0.2590071 0.2466760 0.2522993 0.2484446 0.2457717 0.2436419 0.2430742 0.2156075 0.2247826 0.2167465 0.2205652 0.3071798 0.2384000 0.2072186 0.2591939 0.2946577 0.2135667 0.2460780 0.2706518 0.1905912 0.2356470 0.2663208 0.2478042 0.2426065 0.2638881 0.2305305 0.2245822 0.2506700 0.2405487 0.2215459 0.2437704 0.1883079 0.2510415 0.2496040 0.2613496 0.2361245 0.2686245 0.1981802 0.2229908 0.2066837 0.1871032 0.3084062 0.2456285 0.2184030 0.2536344 0.2718316 0.2199170 0.2479105 0.2070396 0.2541430 0.2457253 0.2265001 0.2792888 0.1955914 0.2112004 0.2163763 0.2624525 0.2560168 0.1893097 0.2396276 0.2232451 0.2311501 0.2310566 0.2092781 0.2160602 0.2257457 0.2308037 0.2276618 0.2271240 0.2257466 0.2274621 0.2302852 0.2242202 0.2277243 0.2849509 0.2548076 0.2114835 0.2292507 0.2311501 0.2859045 0.2191973 0.2117744 0.2519746 0.2416973 0.2092490 0.2923281 0.2504786 
S0055         0.3472188 0.3275735 0.0672326 0.0635409 0.2487423 0.0000000 0.0927722 0.1220117 0.0805431 0.1037186 0.0808505 0.0649614 0.1108382 0.0889140 0.1121783 0.1101575 0.0860356 0.0846609 0.1458061 0.0613507 0.0490390 0.1318745 0.1440864 0.0758226 0.1067455 0.1128270 0.0953151 0.1037322 0.0898719 0.1337966 0.1038171 0.0898132 0.0433641 0.0825809 0.1102638 0.1296402 0.1388311 0.1213320 0.1096040 0.0683416 0.0935804 0.0744585 0.0857342 0.1362241 0.1193305 0.0821820 0.0999428 0.0812159 0.1321482 0.1406959 0.1179252 0.1684205 0.0990774 0.1091939 0.1172353 0.1276459 0.1224753 0.0975796 0.1419683 0.1005506 0.1103744 0.0875662 0.1353810 0.0564780 0.1176434 0.1473807 0.0495804 0.0683976 0.0885557 0.0969601 0.0816989 0.1120524 0.1018415 0.0829859 0.0551428 0.0808325 0.1041536 0.0550935 0.0556833 0.0563264 0.0802138 0.0688709 0.1154690 0.0672947 0.0680744 0.0754613 0.0967724 0.0861973 0.0753016 0.0990976 0.0953151 0.0436905 0.1233438 0.0768805 
S0196sl       0.3125595 0.2902022 0.0549520 0.0753666 0.2253227 0.0927722 0.0000000 0.0319566 0.0663408 0.1011926 0.1068579 0.0496806 0.1034768 0.0868074 0.1234494 0.0939333 0.0644527 0.0710891 0.0925745 0.0727615 0.0667799 0.0806731 0.1279565 0.0616362 0.0102209 0.1021045 0.0676098 0.1112082 0.1009698 0.1304199 0.0816953 0.1001699 0.0669961 0.0758532 0.0799700 0.1341559 0.1071338 0.0961849 0.0995229 0.0799894 0.0103641 0.0862198 0.0050644 0.0844486 0.1163530 0.0677641 0.0581322 0.0548153 0.0808413 0.1394686 0.1165147 0.1457725 0.0376025 0.0676351 0.1269395 0.1329428 0.0989688 0.0777343 0.1095802 0.0088802 0.0810612 0.0555977 0.1406421 0.0867303 0.0958618 0.1069166 0.0730749 0.0725805 0.0737096 0.0815351 0.0673529 0.1311255 0.0656099 0.0940122 0.0663993 0.0679149 0.0806708 0.0663408 0.0670479 0.0753516 0.0927817 0.1000293 0.0846382 0.0794650 0.0803995 0.0737096 0.0874264 0.0102706 0.0612287 0.0264301 0.0801973 0.0548033 0.0566933 0.0935534 
S0281         0.3293097 0.3392666 0.0807646 0.1037449 0.2590071 0.1220117 0.0319566 0.0000000 0.0928872 0.1018138 0.1298680 0.0793084 0.1330641 0.0873235 0.1312000 0.0945006 0.0575902 0.0927574 0.1177063 0.0999845 0.0935323 0.0805974 0.1430440 0.0619878 0.0435275 0.1328096 0.0679987 0.1186473 0.1312980 0.1383047 0.0955130 0.1159677 0.0938650 0.0824861 0.0804729 0.1423396 0.1234055 0.1265977 0.1070260 0.1080857 0.0441396 0.1148921 0.0377321 0.0904043 0.1239469 0.0681549 0.0712336 0.0672232 0.0807652 0.1544179 0.1239613 0.1460381 0.0613114 0.0816444 0.1539690 0.1409982 0.0918025 0.0851799 0.1262266 0.0473476 0.0959429 0.0949909 0.1488813 0.1155310 0.1513310 0.1231392 0.1004313 0.0985657 0.0741371 0.0820221 0.0677396 0.1390822 0.0660079 0.0945808 0.0929695 0.0951798 0.1191200 0.0928872 0.0939073 0.1177966 0.1306092 0.1142704 0.0837723 0.1155512 0.1170173 0.0741371 0.1225758 0.0379257 0.0615757 0.0493492 0.0806685 0.0805458 0.0694797 0.1215438 
S0282         0.3193776 0.3396948 0.0553392 0.0389541 0.2466760 0.0805431 0.0663408 0.0928872 0.0000000 0.0887431 0.0942444 0.0370765 0.1112970 0.0747777 0.1102671 0.0817009 0.0650468 0.0587721 0.1046032 0.0262235 0.0320960 0.0974659 0.0923818 0.0501163 0.0790963 0.1030804 0.0682102 0.1123037 0.0902550 0.1030099 0.0882580 0.0622802 0.0321890 0.0638025 0.0739713 0.1290812 0.1081536 0.0835449 0.1085129 0.0439558 0.0801822 0.0496946 0.0727615 0.1131945 0.0896154 0.0683670 0.0649386 0.0674617 0.0976699 0.1407947 0.1176550 0.1307494 0.0864456 0.0682365 0.1151760 0.1050059 0.1059382 0.0979958 0.1106421 0.1006846 0.0818058 0.0684246 0.1122694 0.0621665 0.1063107 0.1159523 0.0378135 0.0491031 0.0498892 0.0822874 0.0679498 0.1261422 0.0662101 0.0689045 0.0319218 0.0684111 0.0924895 0.0318932 0.0322276 0.0633780 0.0936382 0.0746946 0.0854501 0.0801797 0.0811317 0.0619909 0.0753119 0.0731475 0.0497859 0.0864632 0.0809250 0.0265514 0.1097187 0.0813594 
S0289         0.3030568 0.2928176 0.1031153 0.0855865 0.2522993 0.1037186 0.1011926 0.1018138 0.0887431 0.0000000 0.1113807 0.0815494 0.1105882 0.0209820 0.1200759 0.0557106 0.0457008 0.0784873 0.1609131 0.0824782 0.0761304 0.0496263 0.0813116 0.0266785 0.1157182 0.0857046 0.0494774 0.0999727 0.0973008 0.1342292 0.0560207 0.1118603 0.0763937 0.0451134 0.0664679 0.1327714 0.1131172 0.0833266 0.1035444 0.0620187 0.1173342 0.0833282 0.1085634 0.0840109 0.1115555 0.0495890 0.0643616 0.0893545 0.0497271 0.1588048 0.1054208 0.1928459 0.1086561 0.0905850 0.1445679 0.1453394 0.1078245 0.0997183 0.1136360 0.1543260 0.0915590 0.0979458 0.1535156 0.0838452 0.0987681 0.1128481 0.0828503 0.0813189 0.0321714 0.0625045 0.0631693 0.1215269 0.0527320 0.0378605 0.0756734 0.1045679 0.1094749 0.0756045 0.0764460 0.0837744 0.1120074 0.0770465 0.0777821 0.0837594 0.0985990 0.0210980 0.1125448 0.1091813 0.0321067 0.0949718 0.0614953 0.0697340 0.1131600 0.0897956 
S0292         0.3543342 0.3696654 0.0804098 0.0912846 0.2484446 0.0808505 0.1068579 0.1298680 0.0942444 0.1113807 0.0000000 0.0816988 0.1117997 0.0829165 0.1030509 0.1178972 0.0937835 0.0917087 0.1448995 0.1014583 0.0812048 0.1151018 0.1427635 0.0828486 0.1214894 0.1138201 0.0892649 0.0949828 0.1042821 0.1254601 0.0838312 0.1108738 0.0952509 0.0961322 0.1042766 0.1474974 0.1341603 0.1596450 0.1181796 0.1096993 0.1231693 0.1166165 0.1142922 0.1115487 0.1258623 0.0894764 0.0925171 0.0880318 0.0835538 0.1233456 0.1086487 0.1731729 0.0856600 0.1185465 0.1419536 0.1195850 0.1281615 0.1030702 0.1372512 0.1256013 0.1126020 0.0882844 0.1124200 0.0966468 0.0867809 0.1427380 0.1019177 0.0616062 0.0958065 0.1046745 0.0889622 0.1286589 0.0883685 0.0902101 0.0812677 0.0890419 0.0372742 0.0942444 0.0952927 0.0691891 0.0318151 0.0955539 0.1142055 0.0493611 0.0210061 0.0824493 0.1039715 0.1221856 0.0822722 0.0856773 0.1028817 0.0882837 0.1086810 0.0629462 
S0293         0.4842500 0.4525094 0.0375547 0.0000010 0.2457717 0.0649614 0.0496806 0.0793084 0.0370765 0.0815494 0.0816988 0.0000000 0.1335948 0.0968988 0.1307170 0.1301426 0.0986244 0.0704103 9.0000000 0.0370765 0.0372012 0.0515079 1.5132081 0.0665124 0.0782938 0.0634178 0.0823192 0.0973716 0.0853585 0.1103402 0.0829137 0.0503432 0.0240588 0.0665124 0.1031078 0.1346094 0.0954063 0.0642553 0.1387849 0.0516206 0.0654536 0.0372453 0.0496806 0.1388417 0.0965585 0.0665124 0.0679901 0.0517083 0.0516159 9.0000000 0.1111203 0.0802826 0.0958547 0.0509002 9.0000000 0.1128512 0.0982051 0.0820436 0.0790378 9.0000000 0.0530091 0.0671235 0.0970428 0.0368453 0.2447187 0.0820434 0.0372453 0.0371391 0.0665124 0.0823192 0.0655632 0.1506115 0.0842626 0.0523407 0.0367345 0.0523392 1.5132081 0.0240588 0.0240588 0.0521730 0.0659919 0.0650602 0.1536033 0.0793828 0.0659919 0.0815494 0.0510733 0.0496806 0.0665124 0.1114471 0.0962179 0.0240588 0.1114471 0.1138332 
S0294         0.3120264 0.3146102 0.0890251 0.1016279 0.2436419 0.1108382 0.1034768 0.1330641 0.1112970 0.1105882 0.1117997 0.1335948 0.0000000 0.0896910 0.1295378 0.1109680 0.0789951 0.0991959 0.1493988 0.0978170 0.0901326 0.1299856 0.1320670 0.0763438 0.1183230 0.1456303 0.0959929 0.1307146 0.0952731 0.1596577 0.0831133 0.1232340 0.0983107 0.0918611 0.1193251 0.1557927 0.1293534 0.1102429 0.1373488 0.0958846 0.1199990 0.1203680 0.1110146 0.1060759 0.1442676 0.0962221 0.0990109 0.0904394 0.0976607 0.1608109 0.1380079 0.1155354 0.1247010 0.1275597 0.1293929 0.1377685 0.1323418 0.1154157 0.1127321 0.1176227 0.1076640 0.0909537 0.1457954 0.1142004 0.1338689 0.1379669 0.1051833 0.1044130 0.0891768 0.1118181 0.1130361 0.1637947 0.1026143 0.1110793 0.0838628 0.1200785 0.0828198 0.0972417 0.0983511 0.0702494 0.0835733 0.1293402 0.1071863 0.0963646 0.0840527 0.0891768 0.1220897 0.1190145 0.0758154 0.1103398 0.1098847 0.0911130 0.1520331 0.1142474 
S0299         0.3164615 0.3273224 0.0884156 0.0712538 0.2430742 0.0889140 0.0868074 0.0873235 0.0747777 0.0209820 0.0829165 0.0968988 0.0896910 0.0000000 0.1042712 0.0433820 0.0333477 0.0645177 0.1179975 0.0687348 0.0626437 0.0631486 0.0925548 0.0155979 0.1005997 0.0845724 0.0374717 0.0849626 0.0827575 0.1178350 0.0499674 0.0965725 0.0628496 0.0329440 0.0528541 0.1166288 0.0841219 0.0983606 0.0818342 0.0493771 0.1019954 0.0694232 0.0937835 0.0700127 0.0963018 0.0375537 0.0573220 0.0752787 0.0367125 0.1136276 0.0903654 0.1916551 0.0938830 0.0762914 0.1041621 0.1135000 0.0923508 0.0847489 0.0921857 0.1134668 0.0705741 0.0832975 0.1210072 0.0698668 0.0679992 0.0839382 0.0690384 0.0678037 0.0208977 0.0497590 0.0502840 0.0995429 0.0398964 0.0378309 0.0501942 0.0838756 0.0718989 0.0622229 0.0629031 0.0697977 0.0833520 0.0633931 0.0639492 0.0698135 0.0707667 0.0102823 0.0971632 0.0943027 0.0208564 0.0808086 0.0489739 0.0565225 0.0977235 0.0756638 
S0308         0.3411908 0.3762309 0.0974179 0.1077572 0.2156075 0.1121783 0.1234494 0.1312000 0.1102671 0.1200759 0.1030509 0.1307170 0.1295378 0.1042712 0.0000000 0.1188631 0.0795029 0.0943900 0.1229436 0.1037227 0.0906001 0.1904342 0.1331930 0.0836197 0.1390027 0.1316582 0.0825049 0.0909468 0.1151103 0.0555589 0.1343154 0.1220642 0.0973896 0.0921134 0.1020218 0.0703515 0.1441904 0.1217333 0.0460150 0.0902365 0.1409464 0.0961858 0.1313817 0.0768210 0.0619618 0.0973240 0.0989162 0.0691238 0.1908254 0.0751024 0.0829620 0.1534562 0.1484194 0.1196046 0.0957792 0.0685939 0.1059891 0.1135360 0.1541931 0.1297610 0.1209449 0.1206503 0.0750193 0.1131243 0.1001287 0.1438229 0.1042008 0.1036202 0.0900298 0.0975932 0.0971606 0.0688874 0.0863918 0.0843688 0.0964272 0.0909241 0.0698965 0.0963395 0.0974305 0.0853701 0.1021962 0.1217675 0.1150504 0.0700774 0.0893150 0.0900298 0.1262273 0.1321539 0.0898338 0.1484506 0.1111699 0.0902609 0.1499349 0.1058042 
S0320         0.3182517 0.3450732 0.0956946 0.0783567 0.2247826 0.1101575 0.0939333 0.0945006 0.0817009 0.0557106 0.1178972 0.1301426 0.1109680 0.0433820 0.1188631 0.0000000 0.0394740 0.0574126 0.1063933 0.0755499 0.0693326 0.0921565 0.0686139 0.0209162 0.1080785 0.1127568 0.0434294 0.0989767 0.0963570 0.1108418 0.0617604 0.1041360 0.0695672 0.0379955 0.0464080 0.1385904 0.0889595 0.1128363 0.1100083 0.0614589 0.1095818 0.0825343 0.1010998 0.0832057 0.1134031 0.0435264 0.0577336 0.0822558 0.0923418 0.1136276 0.1043785 0.2584464 0.1150254 0.0833750 0.1041621 0.1366151 0.0771394 0.0839989 0.0996276 0.1023472 0.0776509 0.0905544 0.1445750 0.0901278 0.0868852 0.0976014 0.0758870 0.0745074 0.0318971 0.0560835 0.0566777 0.1353610 0.0462629 0.0495220 0.0689237 0.1035401 0.0612366 0.0688611 0.0696206 0.0692039 0.1185648 0.0811295 0.0708077 0.0964243 0.1050771 0.0318971 0.1047728 0.1016669 0.0264334 0.1012174 0.0434959 0.0630766 0.1166813 0.0960829 
S0327         0.3018101 0.3016553 0.0722320 0.0610964 0.2167465 0.0860356 0.0644527 0.0575902 0.0650468 0.0457008 0.0937835 0.0986244 0.0789951 0.0333477 0.0795029 0.0394740 0.0000000 0.0541580 0.0878189 0.0588761 0.0526795 0.0642114 0.0872812 0.0107612 0.0779084 0.0872733 0.0218130 0.0747001 0.0798713 0.1002714 0.0454692 0.0730637 0.0528536 0.0281272 0.0358188 0.1116667 0.0872165 0.1031449 0.0831421 0.0515634 0.0790421 0.0726401 0.0712205 0.0592067 0.0864530 0.0106934 0.0409709 0.0519677 0.0643426 0.0938339 0.0803104 0.1711941 0.0846425 0.0599215 0.0864831 0.1022896 0.0675214 0.0680277 0.0893969 0.0727402 0.0605600 0.0668880 0.1097875 0.0653548 0.0935069 0.0950126 0.0527135 0.0580627 0.0217881 0.0220427 0.0222854 0.1090737 0.0232766 0.0334059 0.0523651 0.0869690 0.0421080 0.0523156 0.0529076 0.0666879 0.0943082 0.0722347 0.0339013 0.0799299 0.0809443 0.0217881 0.0875463 0.0716203 0.0106934 0.0713404 0.0216944 0.0464683 0.0944206 0.0791727 
S0335         0.3193950 0.3147237 0.0457606 0.0679861 0.2205652 0.0846609 0.0710891 0.0927574 0.0587721 0.0784873 0.0917087 0.0704103 0.0991959 0.0645177 0.0943900 0.0574126 0.0541580 0.0000000 0.0624508 0.0654898 0.0522860 0.0996297 0.0836410 0.0454993 0.0848453 0.1034365 0.0457332 0.0880385 0.0716772 0.0943891 0.0777874 0.0942749 0.0593856 0.0524384 0.0423381 0.1129194 0.0791804 0.0818200 0.0919252 0.0516321 0.0860808 0.0727440 0.0780191 0.0877400 0.0814947 0.0519532 0.0676032 0.0723748 0.0998433 0.1175891 0.1023495 0.1840285 0.0775206 0.0467873 0.0844288 0.1036752 0.0824700 0.0809909 0.0887735 0.0824101 0.0601400 0.0590033 0.1112822 0.0537514 0.0801912 0.0803705 0.0657904 0.0785485 0.0516828 0.0655689 0.0662976 0.1029904 0.0554026 0.0585371 0.0588277 0.0525676 0.0615618 0.0462938 0.0594411 0.0521908 0.0646399 0.0598014 0.0883259 0.0578370 0.0650056 0.0516828 0.0948773 0.0718266 0.0454993 0.0775370 0.0644610 0.0528565 0.0932963 0.1015373 
S0345         0.3149497 0.2595447 0.0711944 0.1412048 0.3071798 0.1458061 0.0925745 0.1177063 0.1046032 0.1609131 0.1448995 9.0000000 0.1493988 0.1179975 0.1229436 0.1063933 0.0878189 0.0624508 0.0000000 0.1178124 0.1056839 9.0000000 0.1479648 0.0938348 0.0925745 0.1855935 0.0925409 0.1483486 0.1338548 0.1661166 0.1437243 0.1319965 0.1201476 0.1235783 0.0891644 0.1695407 0.1335249 0.1707829 0.1143568 0.1183103 0.1052818 0.1458999 0.1052818 0.0934957 0.1503134 0.1058285 0.0999978 0.1161418 9.0000000 0.1855221 0.1464762 9.0000000 0.0924293 0.0956769 0.1466089 0.1484316 0.1356810 0.1342570 0.1550413 0.1052818 0.1189624 0.1052433 0.1627092 0.0949996 0.1351369 0.1464572 0.1183103 0.1427990 0.1172538 0.1202366 0.1058285 0.1500743 0.0895924 0.1457029 0.1056839 0.0939271 0.1048265 0.1178124 0.1201779 0.1174292 0.1064540 0.0934729 0.0860063 0.1064540 0.1075495 0.1047671 0.1620580 0.1063363 0.0926864 0.0811007 0.1058285 0.1069360 0.1233593 0.1061762 
S0400         0.3329921 0.3113746 0.0558207 0.0215824 0.2384000 0.0613507 0.0727615 0.0999845 0.0262235 0.0824782 0.1014583 0.0370765 0.0978170 0.0687348 0.1037227 0.0755499 0.0588761 0.0654898 0.1178124 0.0000000 0.0155780 0.0974659 0.1050410 0.0443529 0.0858230 0.0966262 0.0622602 0.1056358 0.0839144 0.0965622 0.0820314 0.0688026 0.0156197 0.0577596 0.0810088 0.1221406 0.1017187 0.0906869 0.1017119 0.0266646 0.0734098 0.0321345 0.0662318 0.1065008 0.0832962 0.0624035 0.0717507 0.0615728 0.0976699 0.1410360 0.1110188 0.1307494 0.0933989 0.0686070 0.1143348 0.0984396 0.0992876 0.0914906 0.0972525 0.0883838 0.0756361 0.0690140 0.1056175 0.0438552 0.0968583 0.1094122 0.0209689 0.0552331 0.0441540 0.0760890 0.0620127 0.1193663 0.0664263 0.0628915 0.0154962 0.0750583 0.0816324 0.0154823 0.0156422 0.0573730 0.0874207 0.0556737 0.0857257 0.0741402 0.0750155 0.0561160 0.0692262 0.0665784 0.0440631 0.0934181 0.0748311 0.0103109 0.1173796 0.0752292 
S0405         0.3106370 0.2970885 0.0492532 0.0160968 0.2072186 0.0490390 0.0667799 0.0935323 0.0320960 0.0761304 0.0812048 0.0372012 0.0901326 0.0626437 0.0906001 0.0693326 0.0526795 0.0522860 0.1056839 0.0155780 0.0000000 0.0977572 0.0933099 0.0385933 0.0796308 0.0900481 0.0562766 0.0909106 0.0702380 0.0899891 0.0692317 0.0627019 0.0103571 0.0516905 0.0743298 0.1149864 0.0951461 0.0841393 0.0947655 0.0212185 0.0673817 0.0266307 0.0603705 0.0996462 0.0768905 0.0564058 0.0653961 0.0497308 0.0979626 0.1275025 0.0971296 0.1311190 0.0797860 0.0687010 0.1163675 0.0917391 0.0925023 0.0773523 0.0973793 0.0776034 0.0694020 0.0561730 0.0988095 0.0381629 0.0870984 0.1027081 0.0156417 0.0494249 0.0384207 0.0698235 0.0560444 0.1123904 0.0600400 0.0568438 0.0102762 0.0620074 0.0705402 0.0102670 0.0103728 0.0448262 0.0680119 0.0498156 0.0791122 0.0493761 0.0561252 0.0502203 0.0630900 0.0606848 0.0383419 0.0798022 0.0686735 0.0051283 0.1024477 0.0630442 
S0407sl       0.5134685 0.4195480 0.0986847 0.0515079 0.2591939 0.1318745 0.0806731 0.0805974 0.0974659 0.0496263 0.1151018 0.0515079 0.1299856 0.0631486 0.1904342 0.0921565 0.0642114 0.0996297 9.0000000 0.0974659 0.0977572 0.0000000 1.5132081 0.0364553 0.1132605 0.0961719 0.0500351 0.0989190 0.1149170 0.1651506 0.0503774 0.1134959 0.0811083 0.0364553 0.0669455 0.1573125 0.1333134 0.1113873 0.1433939 0.0781572 0.0993296 0.0979535 0.0806731 0.0980358 0.1500960 0.0364553 0.0371921 0.0842463 0.0236190 9.0000000 0.1127958 0.1512640 0.1300725 0.0827621 9.0000000 0.1690731 0.0997783 0.0834041 0.1143053 9.0000000 0.0864637 0.1019915 0.1508894 0.0966974 0.2447187 0.1187221 0.0979535 0.0653766 0.0364553 0.0500351 0.0666807 0.1742778 0.0512236 0.0496263 0.0963714 0.1183759 1.5132081 0.0811083 0.0811083 0.0974387 0.1342629 0.0962221 0.0966094 0.1493071 0.1342629 0.0496263 0.1154371 0.0806731 0.0364553 0.1131307 0.0627292 0.0811083 0.1131307 0.1160348 
S0412sl       0.2189177 0.1634114 0.1168834 0.1002827 0.2946577 0.1440864 0.1279565 0.1430440 0.0923818 0.0813116 0.1427635 1.5132081 0.1320670 0.0925548 0.1331930 0.0686139 0.0872812 0.0836410 0.1479648 0.1050410 0.0933099 1.5132081 0.0000000 0.0693746 0.1279565 0.1407816 0.1037093 0.1664117 0.0940943 0.1454623 0.0817785 0.1176324 0.1070705 0.0948098 0.1285715 0.1536953 0.1544224 0.0966132 0.1255936 0.0927904 0.1419658 0.1182180 0.1419658 0.1332194 0.1631593 0.1174159 0.1250334 0.1035858 1.5132081 0.2065883 0.1642251 1.5132081 0.1277607 0.1324346 0.1444840 0.1824060 0.1070245 0.1059602 0.1799069 0.1419658 0.1571326 0.1167670 0.1679221 0.1346435 0.1331576 0.1714744 0.1054794 0.1292132 0.0920149 0.1322738 0.1174159 0.1478541 0.1145485 0.0919059 0.0933099 0.0926184 0.1081177 0.1050410 0.1071265 0.0932199 0.1294503 0.1161494 0.0986523 0.1163533 0.1059792 0.0804140 0.1289986 0.1434337 0.0808718 0.1156032 0.1174159 0.0943963 0.1444238 0.1049528 
S0417         0.2830497 0.2974949 0.0627473 0.0459293 0.2135667 0.0758226 0.0616362 0.0619878 0.0501163 0.0266785 0.0828486 0.0665124 0.0763438 0.0155979 0.0836197 0.0209162 0.0107612 0.0454993 0.0938348 0.0443529 0.0385933 0.0364553 0.0693746 0.0000000 0.0744424 0.0778496 0.0155615 0.0650564 0.0634119 0.0893883 0.0321603 0.0700633 0.0387098 0.0104721 0.0284123 0.1006503 0.0696784 0.0778488 0.0740524 0.0321089 0.0754850 0.0507532 0.0680750 0.0512115 0.0837764 0.0155951 0.0333135 0.0504420 0.0365294 0.1006876 0.0704680 0.1726604 0.0808581 0.0511042 0.0924482 0.0990385 0.0651145 0.0582527 0.0784849 0.0903322 0.0516201 0.0576061 0.1062728 0.0573069 0.0679445 0.0771366 0.0445452 0.0437825 0.0051003 0.0267698 0.0270528 0.0984060 0.0165590 0.0210912 0.0383769 0.0698795 0.0500552 0.0383419 0.0387551 0.0448078 0.0832834 0.0502339 0.0393539 0.0634570 0.0707126 0.0051003 0.0705003 0.0684405 0.0000021 0.0681884 0.0263588 0.0328370 0.0828018 0.0630232 
S0419         0.3377478 0.3215537 0.0673818 0.0889632 0.2460780 0.1067455 0.0102209 0.0435275 0.0790963 0.1157182 0.1214894 0.0782938 0.1183230 0.1005997 0.1390027 0.1080785 0.0779084 0.0848453 0.0925745 0.0858230 0.0796308 0.1132605 0.1279565 0.0744424 0.0000000 0.1167500 0.0806235 0.1264903 0.1154403 0.1462156 0.0954617 0.1145245 0.0799006 0.0894852 0.0944370 0.1505407 0.1218203 0.1107041 0.1146641 0.0934518 0.0211595 0.0999377 0.0155079 0.0897680 0.1316165 0.0808102 0.0713097 0.0672157 0.1134959 0.1394686 0.1318053 0.1478400 0.0377821 0.0806683 0.1269395 0.1490712 0.1139724 0.0917436 0.1245767 0.0088802 0.0947569 0.0681718 0.1571077 0.1005104 0.0958618 0.1215615 0.0861986 0.0856051 0.0869310 0.0952984 0.0803392 0.1470650 0.0793005 0.1081820 0.0791660 0.0810053 0.0806708 0.0790963 0.0799499 0.0826270 0.1067544 0.1144068 0.0990101 0.0928441 0.0939649 0.0869310 0.1013271 0.0209698 0.0739403 0.0265528 0.0937073 0.0672000 0.0569849 0.1076504 
S0427         0.3327724 0.3253936 0.1040573 0.1003480 0.2706518 0.1128270 0.1021045 0.1328096 0.1030804 0.0857046 0.1138201 0.0634178 0.1456303 0.0845724 0.1316582 0.1127568 0.0872733 0.1034365 0.1855935 0.0966262 0.0900481 0.0961719 0.1407816 0.0778496 0.1167500 0.0000000 0.0912115 0.1086400 0.1221253 0.1307563 0.1134293 0.1112911 0.0903737 0.0947298 0.1143143 0.1453037 0.1288620 0.1298859 0.1148680 0.0909554 0.1183888 0.0976443 0.1095381 0.1259696 0.1395522 0.0828043 0.0958331 0.0780789 0.0963714 0.1656584 0.1141226 0.1640687 0.1254742 0.1052594 0.1558094 0.1581712 0.1151623 0.1068515 0.1294651 0.1775417 0.1064176 0.0988577 0.1667114 0.0818952 0.1012582 0.1285436 0.0970695 0.1044123 0.0842276 0.0824183 0.0823159 0.1332805 0.0975967 0.0910687 0.0894940 0.0929885 0.1406800 0.0894121 0.0904197 0.1009000 0.1190478 0.1063841 0.1161540 0.0903396 0.1054808 0.0709894 0.1133806 0.1101657 0.0840439 0.1110094 0.0960285 0.0834002 0.1156699 0.1044283 
S0478         0.2864630 0.2874651 0.0688346 0.0645158 0.1905912 0.0953151 0.0676098 0.0679987 0.0682102 0.0494774 0.0892649 0.0823192 0.0959929 0.0374717 0.0825049 0.0434294 0.0218130 0.0457332 0.0925409 0.0622602 0.0562766 0.0500351 0.1037093 0.0155615 0.0806235 0.0912115 0.0000000 0.0780674 0.0890944 0.0889689 0.0492349 0.0894413 0.0564570 0.0324893 0.0342793 0.0992356 0.0830015 0.0912359 0.0730364 0.0551332 0.0817475 0.0755844 0.0741621 0.0575459 0.0760187 0.0209021 0.0390699 0.0500629 0.0501376 0.1122345 0.0834670 0.1951894 0.0871211 0.0570992 0.1029970 0.0773908 0.0788525 0.0715945 0.0849991 0.0891318 0.0576792 0.0637110 0.0841505 0.0760571 0.0766437 0.0771322 0.0625325 0.0614299 0.0262462 0.0209731 0.0268561 0.0836112 0.0221929 0.0434459 0.0559532 0.0827818 0.0493889 0.0559026 0.0565095 0.0698602 0.0897390 0.0751796 0.0513075 0.0761149 0.0770355 0.0262462 0.0899901 0.0745621 0.0154661 0.0742783 0.0317981 0.0502718 0.0966080 0.0818770 
S0552sl       0.3561670 0.3191176 0.0894101 0.0940140 0.2356470 0.1037322 0.1112082 0.1186473 0.1123037 0.0999727 0.0949828 0.0973716 0.1307146 0.0849626 0.0909468 0.0989767 0.0747001 0.0880385 0.1483486 0.1056358 0.0909106 0.0989190 0.1664117 0.0650564 0.1264903 0.1086400 0.0780674 0.0000000 0.1079400 0.1296579 0.1060700 0.1272125 0.0991853 0.0730066 0.0995838 0.1353714 0.1241195 0.1321071 0.1062571 0.0998152 0.1282920 0.0833253 0.1189800 0.0702971 0.1230068 0.0643553 0.0964607 0.0852389 0.0991281 0.0186823 0.0156341 0.2148090 0.1167612 0.1071031 0.1126689 0.1211387 0.0703439 0.0500739 0.1336896 0.1617993 0.1014924 0.0919018 0.1288080 0.1028098 0.1022675 0.1238098 0.1061311 0.0904001 0.0713057 0.0784899 0.0639451 0.1321536 0.0835302 0.0648731 0.0981867 0.0848213 0.0806090 0.0980961 0.0992254 0.0701411 0.1026374 0.1048661 0.0864233 0.0815856 0.0960403 0.0713057 0.1286108 0.1196807 0.0711507 0.1027122 0.0642035 0.0919084 0.1216447 0.1138445 
S0558         0.3475829 0.3312261 0.0761825 0.0734003 0.2663208 0.0898719 0.1009698 0.1312980 0.0902550 0.0973008 0.1042821 0.0853585 0.0952731 0.0827575 0.1151103 0.0963570 0.0798713 0.0716772 0.1338548 0.0839144 0.0702380 0.1149170 0.0940943 0.0634119 0.1154403 0.1221253 0.0890944 0.1079400 0.0000000 0.1444229 0.0895524 0.1069512 0.0777534 0.0789600 0.1114136 0.1303857 0.1451722 0.0980743 0.1096160 0.0631430 0.1170473 0.0847890 0.1083128 0.1143196 0.1376885 0.0830380 0.1004565 0.0968275 0.1151581 0.1132120 0.1226360 0.2016585 0.1076441 0.1205397 0.1307819 0.1466205 0.1257562 0.0921962 0.1551876 0.1256661 0.1218922 0.0976706 0.1388870 0.0848962 0.0983482 0.1254205 0.0842970 0.0972582 0.0694946 0.0979375 0.0924410 0.1273908 0.0951909 0.0705677 0.0770108 0.0904463 0.0705147 0.0769399 0.0778058 0.0634505 0.0898819 0.1006480 0.0937291 0.0762544 0.0771764 0.0694946 0.1143876 0.1089272 0.0693469 0.1076663 0.0962668 0.0709944 0.1266982 0.0986548 
S0616         0.3492243 0.3559894 0.1182400 0.1002775 0.2478042 0.1337966 0.1304199 0.1383047 0.1030099 0.1342292 0.1254601 0.1103402 0.1596577 0.1178350 0.0555589 0.1108418 0.1002714 0.0943891 0.1661166 0.0965622 0.0899891 0.1651506 0.1454623 0.0893883 0.1462156 0.1307563 0.0889689 0.1296579 0.1444229 0.0000000 0.1416086 0.1363166 0.0903140 0.0963098 0.1029553 0.0829570 0.1477244 0.1462995 0.0581307 0.0896501 0.1482505 0.1041353 0.1384887 0.1134949 0.0439529 0.1040802 0.1057839 0.0822439 0.1654867 0.1157364 0.1202829 0.1470893 0.1558230 0.1267025 0.1093277 0.0566608 0.1232983 0.1375568 0.1618807 0.1591784 0.1281300 0.1277779 0.0629075 0.1270113 0.1344506 0.1586533 0.0910406 0.1104133 0.0894448 0.1043623 0.1039034 0.0812113 0.0931884 0.0974947 0.0894355 0.1041920 0.1080890 0.0893546 0.0903601 0.0915379 0.1392151 0.1324842 0.1146088 0.1022594 0.1253365 0.1031506 0.1280935 0.1393063 0.0964445 0.1558556 0.1181016 0.0833469 0.1381011 0.1441795 
S0624         0.3107071 0.2658958 0.0952689 0.0716705 0.2426065 0.1038171 0.0816953 0.0955130 0.0882580 0.0560207 0.0838312 0.0829137 0.0831133 0.0499674 0.1343154 0.0617604 0.0454692 0.0777874 0.1437243 0.0820314 0.0692317 0.0503774 0.0817785 0.0321603 0.0954617 0.1134293 0.0492349 0.1060700 0.0895524 0.1416086 0.0000000 0.1112093 0.0759831 0.0504005 0.0661045 0.1303758 0.1126227 0.1039323 0.1092095 0.0741656 0.0968050 0.0963679 0.0886503 0.0835480 0.1268626 0.0493447 0.0573800 0.0888625 0.0381568 0.1530766 0.1048119 0.1699072 0.1007588 0.0900792 0.1546157 0.1381136 0.0993170 0.0843469 0.1069394 0.1033870 0.0837142 0.0768087 0.1305239 0.0969409 0.0968908 0.1207610 0.0823988 0.0681806 0.0433995 0.0621832 0.0628416 0.1343498 0.0524562 0.0617942 0.0696767 0.0955570 0.0498581 0.0752025 0.0760351 0.0701978 0.0842764 0.0958417 0.0773553 0.0896153 0.0715572 0.0433995 0.0977487 0.0959984 0.0319567 0.0874326 0.0611847 0.0626813 0.1254707 0.0892996 
S0641         0.2973177 0.3090580 0.0822926 0.0713280 0.2638881 0.0898132 0.1001699 0.1159677 0.0622802 0.1118603 0.1108738 0.0503432 0.1232340 0.0965725 0.1220642 0.1041360 0.0730637 0.0942749 0.1319965 0.0688026 0.0627019 0.1134959 0.1176324 0.0700633 0.1145245 0.1112911 0.0894413 0.1272125 0.1069512 0.1363166 0.1112093 0.0000000 0.0569623 0.0776828 0.0972483 0.1422884 0.1326113 0.1211956 0.1126611 0.0761315 0.1161102 0.0824835 0.1074527 0.1220338 0.1216072 0.0896548 0.0867764 0.0765600 0.1137321 0.1707408 0.1325542 0.1338751 0.1230589 0.1032124 0.1738712 0.1283703 0.1049264 0.1029107 0.1356464 0.1559501 0.1043279 0.0969310 0.1361176 0.0691502 0.1430119 0.1410873 0.0691068 0.0562305 0.0827349 0.1049262 0.0891378 0.1389186 0.0885516 0.0903934 0.0623367 0.0969878 0.1046343 0.0622802 0.0629619 0.0762683 0.1101248 0.0820380 0.1008133 0.0957473 0.0969375 0.0827349 0.0683493 0.1080581 0.0695813 0.1230845 0.1031208 0.0565717 0.1500104 0.0972082 
S0643         0.3241580 0.2946861 0.0558825 0.0161414 0.2305305 0.0433641 0.0669961 0.0938650 0.0321890 0.0763937 0.0952509 0.0240588 0.0983107 0.0628496 0.0973896 0.0695672 0.0528536 0.0593856 0.1201476 0.0156197 0.0103571 0.0811083 0.1070705 0.0387098 0.0799006 0.0903737 0.0564570 0.0991853 0.0777534 0.0903140 0.0759831 0.0569623 0.0000000 0.0447399 0.0674805 0.0996718 0.0954911 0.0844415 0.0875857 0.0212774 0.0676017 0.0267060 0.0605609 0.1000239 0.0771593 0.0565871 0.0656206 0.0558291 0.0812785 0.1441140 0.1046058 0.1126472 0.0873451 0.0689303 0.1311072 0.0920771 0.0928481 0.0851822 0.0977402 0.0899661 0.0696366 0.0631118 0.0991814 0.0382761 0.0984156 0.1030894 0.0156837 0.0438984 0.0385360 0.0700609 0.0562235 0.0974744 0.0602465 0.0570282 0.0103029 0.0691082 0.0831433 0.0102937 0.0103997 0.0515099 0.0813876 0.0499706 0.0793988 0.0682645 0.0690670 0.0503778 0.0573185 0.0608772 0.0384566 0.0873631 0.0689032 0.0051412 0.1109367 0.0692669 
S0645sl       0.3268679 0.3117327 0.0772711 0.0598934 0.2245822 0.0825809 0.0758532 0.0824861 0.0638025 0.0451134 0.0961322 0.0665124 0.0918611 0.0329440 0.0921134 0.0379955 0.0281272 0.0524384 0.1235783 0.0577596 0.0516905 0.0364553 0.0948098 0.0104721 0.0894852 0.0947298 0.0324893 0.0730066 0.0789600 0.0963098 0.0504005 0.0776828 0.0447399 0.0000000 0.0406211 0.1003084 0.0839183 0.0947629 0.0743645 0.0450822 0.0907562 0.0653891 0.0827303 0.0585231 0.0912885 0.0325621 0.0462735 0.0642342 0.0365294 0.1176224 0.0784890 0.1726604 0.0962573 0.0712907 0.1236753 0.1070137 0.0797515 0.0724130 0.1011484 0.1186455 0.0720435 0.0720391 0.1144292 0.0716737 0.0918149 0.1004758 0.0580175 0.0503457 0.0215376 0.0447523 0.0452335 0.0980857 0.0346274 0.0389948 0.0513884 0.0859387 0.0718950 0.0513407 0.0519107 0.0579966 0.0966508 0.0573814 0.0522459 0.0769590 0.0837667 0.0215376 0.0781718 0.0831916 0.0158210 0.0828514 0.0440382 0.0456065 0.0912045 0.0776041 
S0656sl       0.3497871 0.3524300 0.0815441 0.0842320 0.2506700 0.1102638 0.0799700 0.0804729 0.0739713 0.0664679 0.1042766 0.1031078 0.1193251 0.0528541 0.1020218 0.0464080 0.0358188 0.0423381 0.0891644 0.0810088 0.0743298 0.0669455 0.1285715 0.0284123 0.0944370 0.1143143 0.0342793 0.0995838 0.1114136 0.1029553 0.0661045 0.0972483 0.0674805 0.0406211 0.0000000 0.1128718 0.1047827 0.1299845 0.0831426 0.0727086 0.0958403 0.0961915 0.0872726 0.0758257 0.0887463 0.0343600 0.0164383 0.0744454 0.0670877 0.1242939 0.1053447 0.2280530 0.1016108 0.0755163 0.1274532 0.1113723 0.0847148 0.0923021 0.1074189 0.0986395 0.0763598 0.0830003 0.1191607 0.0825742 0.0956391 0.1131947 0.0813941 0.0597092 0.0402645 0.0472843 0.0478188 0.1017681 0.0108231 0.0596398 0.0738598 0.0889743 0.0664716 0.0605366 0.0746557 0.0898929 0.1123030 0.0729491 0.0687468 0.0968452 0.0981377 0.0402645 0.0979062 0.0877849 0.0282209 0.0873999 0.0464893 0.0676041 0.0944151 0.1031622 
S0724sl       0.3164429 0.2915620 0.1303568 0.1271345 0.2405487 0.1296402 0.1341559 0.1423396 0.1290812 0.1327714 0.1474974 0.1346094 0.1557927 0.1166288 0.0703515 0.1385904 0.1116667 0.1129194 0.1695407 0.1221406 0.1149864 0.1573125 0.1536953 0.1006503 0.1505407 0.1453037 0.0992356 0.1353714 0.1303857 0.0829570 0.1303758 0.1422884 0.0996718 0.1003084 0.1128718 0.0000000 0.1594809 0.1412538 0.0219693 0.1077062 0.1526908 0.1235041 0.1425299 0.1183741 0.0769308 0.1153896 0.1091976 0.0920880 0.1808391 0.1191933 0.1409613 0.1879013 0.1605470 0.1394583 0.1252744 0.0859139 0.1534039 0.1623158 0.1580047 0.1623122 0.1322303 0.1406222 0.0929393 0.1397725 0.1125607 0.1380854 0.1227270 0.1150595 0.1074672 0.1156997 0.1151813 0.0322217 0.1041673 0.1016065 0.1081419 0.0930612 0.1100424 0.1141265 0.0988426 0.1113112 0.1461398 0.1494983 0.1179817 0.1209200 0.1315701 0.1074672 0.1496909 0.1433974 0.1072235 0.1605816 0.1302372 0.1077276 0.1513220 0.1420720 
S0735         0.2963605 0.3436960 0.1091696 0.0986346 0.2215459 0.1388311 0.1071338 0.1234055 0.1081536 0.1131172 0.1341603 0.0954063 0.1293534 0.0841219 0.1441904 0.0889595 0.0872165 0.0791804 0.1335249 0.1017187 0.0951461 0.1333134 0.1544224 0.0696784 0.1218203 0.1288620 0.0830015 0.1241195 0.1451722 0.1477244 0.1126227 0.1326113 0.0954911 0.0839183 0.1047827 0.1594809 0.0000000 0.1378985 0.1293061 0.1039571 0.1235098 0.1108297 0.1145962 0.1322282 0.1429820 0.0831984 0.1011628 0.0952889 0.1002574 0.1621998 0.1217165 0.1888816 0.1456099 0.0320572 0.1228606 0.1284942 0.1291371 0.1204821 0.0270242 0.1538827 0.0104645 0.1040292 0.1362777 0.1035592 0.1209936 0.0215567 0.1021807 0.1153927 0.0836400 0.0982101 0.0827060 0.1556232 0.0887235 0.1053973 0.0814602 0.1129816 0.1091411 0.0944788 0.0955329 0.1107346 0.0905925 0.1023955 0.1243113 0.1114910 0.1049103 0.0836400 0.1334065 0.1152492 0.0760907 0.1306313 0.0965224 0.0884998 0.1406737 0.1402899 
S0742         0.3063624 0.3436507 0.0978837 0.0872448 0.2437704 0.1213320 0.0961849 0.1265977 0.0835449 0.0833266 0.1596450 0.0642553 0.1102429 0.0983606 0.1217333 0.1128363 0.1031449 0.0818200 0.1707829 0.0906869 0.0841393 0.1113873 0.0966132 0.0778488 0.1107041 0.1298859 0.0912359 0.1321071 0.0980743 0.1462995 0.1039323 0.1211956 0.0844415 0.0947629 0.1299845 0.1412538 0.1378985 0.0000000 0.1305930 0.0775048 0.1122730 0.0771488 0.1035440 0.1312983 0.1394676 0.1052942 0.1004802 0.1038364 0.1116170 0.1662079 0.1295461 0.1667270 0.1253444 0.1133511 0.1262279 0.1420875 0.1228682 0.1060420 0.1278648 0.1362100 0.1148227 0.1135711 0.1503619 0.1063156 0.1372796 0.1224961 0.0911038 0.1042885 0.0842380 0.1216267 0.1128998 0.1334298 0.1124414 0.0775850 0.0836218 0.0992726 0.1551663 0.0835449 0.0844911 0.0937857 0.1276807 0.1147811 0.1344332 0.1121395 0.1284597 0.0842380 0.1058885 0.1041375 0.0840539 0.1253709 0.1194734 0.0705325 0.1463032 0.1288068 
S0748         0.2919226 0.2742097 0.1023683 0.1058345 0.1883079 0.1096040 0.0995229 0.1070260 0.1085129 0.1035444 0.1181796 0.1387849 0.1373488 0.0818342 0.0460150 0.1100083 0.0831421 0.0919252 0.1143568 0.1017119 0.0947655 0.1433939 0.1255936 0.0740524 0.1146641 0.1148680 0.0730364 0.1062571 0.1096160 0.0581307 0.1092095 0.1126611 0.0875857 0.0743645 0.0831426 0.0219693 0.1293061 0.1305930 0.0000000 0.0877175 0.1163410 0.1028382 0.1072002 0.0833822 0.0585378 0.0880231 0.0755477 0.0663193 0.1667267 0.0798621 0.1044905 0.1742088 0.1234005 0.1107328 0.0875032 0.0668207 0.1224179 0.1315219 0.1393517 0.1097154 0.1037580 0.1117785 0.0735969 0.1107958 0.0632338 0.1096635 0.1022003 0.0945185 0.0806241 0.0882864 0.0878729 0.0052493 0.0684045 0.0816046 0.0881227 0.0669798 0.0740153 0.0940631 0.0951731 0.0906893 0.1171190 0.1125393 0.0976897 0.0865389 0.1030996 0.0736798 0.1274973 0.1078371 0.0804418 0.1160063 0.1021805 0.0877434 0.1171605 0.1126484 
S0756         0.3251311 0.3198269 0.0686598 0.0275759 0.2510415 0.0683416 0.0799894 0.1080857 0.0439558 0.0620187 0.1096993 0.0516206 0.0958846 0.0493771 0.0902365 0.0614589 0.0515634 0.0516321 0.1183103 0.0266646 0.0212185 0.0781572 0.0927904 0.0321089 0.0934518 0.0909554 0.0551332 0.0998152 0.0631430 0.0896501 0.0741656 0.0761315 0.0212774 0.0450822 0.0727086 0.1077062 0.1039571 0.0775048 0.0877175 0.0000000 0.0807002 0.0269120 0.0732392 0.0839006 0.0835625 0.0552574 0.0640123 0.0685991 0.0783159 0.1142812 0.1052490 0.1515763 0.1013137 0.0823472 0.1044290 0.0987599 0.1001271 0.0922625 0.1125488 0.0887322 0.0832088 0.0763548 0.1059624 0.0503901 0.0870715 0.1037192 0.0267761 0.0620497 0.0264507 0.0683799 0.0691034 0.1052919 0.0587501 0.0438014 0.0211045 0.0695790 0.0819672 0.0210854 0.0213068 0.0508199 0.0952184 0.0569646 0.0774212 0.0687247 0.0825127 0.0376428 0.0766029 0.0736293 0.0375666 0.1013346 0.0672753 0.0158009 0.1199377 0.0827469 
S0760         0.3426517 0.3102709 0.0683189 0.0760570 0.2496040 0.0935804 0.0103641 0.0441396 0.0801822 0.1173342 0.1231693 0.0654536 0.1199990 0.1019954 0.1409464 0.1095818 0.0790421 0.0860808 0.1052818 0.0734098 0.0673817 0.0993296 0.1419658 0.0754850 0.0211595 0.1183888 0.0817475 0.1282920 0.1170473 0.1482505 0.0968050 0.1161102 0.0676017 0.0907562 0.0958403 0.1526908 0.1235098 0.1122730 0.1163410 0.0807002 0.0000000 0.0869788 0.0051154 0.1001256 0.1334606 0.0819386 0.0723485 0.0681485 0.0995402 0.1549970 0.1336545 0.1693815 0.0500783 0.0817955 0.1407438 0.1511741 0.1156264 0.0930737 0.1263267 0.0000010 0.0960868 0.0691288 0.1593217 0.0874957 0.1196353 0.1232438 0.0737282 0.0867804 0.0881375 0.0966397 0.0814588 0.1491264 0.0804705 0.1096891 0.0669949 0.0821402 0.0927972 0.0669356 0.0676539 0.0901451 0.1082270 0.1008978 0.1004508 0.0941239 0.0952740 0.0881375 0.1027410 0.0103729 0.0749693 0.0383216 0.0950083 0.0553077 0.0705466 0.1091447 
