141
CRNC          0.0000000 0.1962501 0.2702212 0.3609835 0.4689743 0.3778110 0.3113764 0.3704581 0.4229308 0.3912548 0.3695147 0.3652704 0.3614815 0.3674198 0.3463464 0.3670589 0.4056054 0.3538094 0.3671089 0.3640145 0.3513601 0.3694714 0.3392862 0.3693950 0.3835835 0.4103777 0.3744397 0.3509549 0.3546169 0.3807247 0.3335061 0.3452798 0.3650170 0.3588624 0.3578731 0.3446854 0.3641613 0.3785103 0.3461923 0.3438595 0.3536119 0.3668599 0.3544527 0.3540739 0.3692925 0.3437747 0.3571076 0.3679242 0.3476478 0.3829194 0.3344713 0.3464534 0.3717862 0.3359777 0.3690078 0.3915525 0.3479445 0.3493853 0.3497653 0.3623030 0.3780198 0.3453951 0.3476843 0.3477729 0.3411439 0.3618281 0.3411433 0.3675436 0.3589661 0.3732284 0.3487945 0.3768826 0.3704400 0.4234764 0.3741058 0.3635639 0.3606896 0.3533531 0.3845733 0.4030947 0.3586946 0.3259242 0.3558261 0.3281641 0.3191221 0.3778492 0.3718014 0.3608880 0.3923559 0.3621348 0.3375844 0.3554036 0.3594958 0.3444130 0.3300086 0.3368918 0.3404000 0.3755454 0.3530748 0.3671602 0.3365403 0.3583300 0.3858062 0.3590733 0.3540896 0.4166603 0.3600479 0.3566038 0.3587654 0.3711938 0.3711708 0.3628726 0.3331240 0.3718560 0.3676955 0.3433595 0.3484136 0.3438047 0.3728572 0.3704225 0.3472366 0.3642073 0.3843070 0.3548658 0.3674103 0.3545763 0.3910079 0.3461387 0.3485267 0.3568681 0.3574555 0.3982435 0.3744628 0.3462508 0.3639748 0.3260594 0.3902534 0.3538585 0.3608905 0.3526613 0.3535531 
HYZL          0.1962501 0.0000000 0.1286077 0.3067286 0.2736512 0.3252801 0.2626088 0.3093506 0.3523490 0.3622167 0.3133327 0.3008278 0.3139418 0.3144905 0.3029890 0.3110222 0.3542970 0.3022520 0.3140386 0.3170132 0.2969615 0.3153376 0.2926573 0.3079552 0.3580278 0.3710941 0.3174248 0.2949561 0.2939243 0.3485128 0.2896258 0.2927412 0.3208057 0.2856399 0.3011248 0.2915164 0.3171813 0.3083161 0.3015842 0.2970703 0.2990661 0.3099683 0.3039701 0.3125758 0.3205336 0.2889797 0.3158979 0.3149064 0.3192465 0.3313499 0.2722843 0.2966585 0.3108669 0.3048615 0.3056191 0.3400701 0.2886369 0.2891854 0.2942995 0.3024750 0.3292235 0.3109788 0.2961502 0.3168093 0.2815350 0.2993026 0.2984787 0.2732764 0.3079710 0.3216240 0.3038563 0.3319782 0.3320085 0.3959210 0.3160176 0.2989045 0.3077781 0.3058006 0.3327482 0.3495072 0.3243531 0.2816386 0.2922405 0.2778902 0.2865387 0.3374445 0.3296042 0.3087575 0.3348449 0.3067017 0.2723716 0.2990288 0.3052289 0.3053677 0.2912174 0.2836157 0.2908176 0.3220182 0.3020860 0.3209378 0.3041283 0.2979759 0.3157812 0.3003811 0.3200568 0.3460199 0.3109834 0.3027341 0.3149884 0.3137739 0.3115697 0.3028092 0.2974737 0.3150193 0.3126555 0.2958553 0.2983243 0.2891678 0.3170077 0.3129398 0.3006744 0.3038712 0.3282318 0.2999546 0.3151608 0.3073341 0.3295245 0.2979534 0.2973912 0.3040567 0.2999684 0.3418498 0.3095127 0.3027707 0.3174205 0.2807476 0.3238599 0.3011600 0.3067073 0.3105282 0.3034822 
MYZV          0.2702212 0.1286077 0.0000000 0.3740770 0.3293036 0.3805897 0.3374976 0.3755757 0.3985106 0.4126693 0.3689445 0.3570033 0.3674052 0.3520604 0.3561512 0.3676491 0.4057006 0.3600703 0.3735658 0.3796181 0.3517750 0.3656955 0.3543519 0.3698371 0.4098246 0.4504595 0.3621066 0.3482101 0.3515975 0.3985128 0.3414034 0.3474138 0.3633561 0.3300494 0.3601952 0.3500569 0.3799674 0.3685322 0.3652399 0.3601706 0.3705949 0.3747004 0.3627951 0.3713730 0.3736298 0.3327533 0.3804824 0.3826502 0.3707138 0.3810200 0.3300913 0.3613162 0.3653978 0.3294251 0.3697651 0.4102432 0.3471330 0.3517858 0.3493177 0.3561804 0.3932088 0.3602718 0.3639488 0.3804159 0.3361588 0.3583277 0.3514764 0.3249819 0.3701097 0.3848197 0.3647775 0.3991645 0.3973519 0.4251997 0.3693740 0.3792453 0.3657415 0.3684458 0.4046037 0.4177829 0.3869307 0.3495386 0.3471016 0.3376488 0.3338447 0.3997020 0.3857418 0.3684188 0.3892814 0.3543062 0.3309007 0.3578275 0.3644809 0.3671538 0.3337513 0.3363392 0.3301564 0.3747884 0.3629911 0.3676053 0.3725255 0.3457167 0.3794134 0.3582402 0.3764737 0.4008483 0.3652021 0.3634972 0.3775540 0.3679478 0.3625627 0.3543250 0.3491164 0.3752838 0.3614361 0.3400109 0.3530885 0.3462299 0.3753567 0.3687244 0.3507312 0.3530326 0.3831487 0.3586699 0.3765679 0.3632393 0.3855764 0.3522142 0.3449681 0.3571015 0.3578949 0.3881822 0.3768162 0.3637082 0.3710000 0.3412521 0.3991471 0.3564736 0.3721176 0.3498602 0.3581739 
SRR6441723    0.3609835 0.3067286 0.3740770 0.0000000 0.0296145 0.0883928 0.1434927 0.0707552 0.0929383 0.1130517 0.0729125 0.0652503 0.0989874 0.0889624 0.0464410 0.0757485 0.0894749 0.1039855 0.0699154 0.0927563 0.0818751 0.0726515 0.0765073 0.0328526 0.0598025 0.0803115 0.0496645 0.0610832 0.0651296 0.0840538 0.0727690 0.0584942 0.0554763 0.0852538 0.0693907 0.0710340 0.0685984 0.0814462 0.0722343 0.0680063 0.0848238 0.0756265 0.0696182 0.0818589 0.0833545 0.0728008 0.0755668 0.0676605 0.0614915 0.0799687 0.1071112 0.0649422 0.0686122 0.0561965 0.0688025 0.0833156 0.0600659 0.0651835 0.0585490 0.0640167 0.0591692 0.0595533 0.0780736 0.0835035 0.0685355 0.0676757 0.0496411 0.0978702 0.0632332 0.0714774 0.0577134 0.0756922 0.0717995 0.1261379 0.0744409 0.1293799 0.0613491 0.0862122 0.0944815 0.0845020 0.0688005 0.1055160 0.0588718 0.0998735 0.0737883 0.0757753 0.0443468 0.0900749 0.0748607 0.0590761 0.0973422 0.0653960 0.0667995 0.0577655 0.0752528 0.0698920 0.0727658 0.0722387 0.0743853 0.0978860 0.0745436 0.0719903 0.0725930 0.0663577 0.0856381 0.0514323 0.0451905 0.0665455 0.0723350 0.0794467 0.0491236 0.0660765 0.0719174 0.0469861 0.0544279 0.0882772 0.0606386 0.0559985 0.0879806 0.0706917 0.0684203 0.0654809 0.0805529 0.0497241 0.0367733 0.0702477 0.0929591 0.0652517 0.0741865 0.0596698 0.0593253 0.0526408 0.0365917 0.0814902 0.0678963 0.0470224 0.0969108 0.0456405 0.0341863 0.0549037 0.0506080 
ERR4210213    0.4689743 0.2736512 0.3293036 0.0296145 0.0000000 0.1427248 0.1947669 0.0647021 0.0516690 0.0436879 0.0757402 0.0890242 0.0367843 0.0416313 0.0649105 0.1033638 0.0905000 0.0781447 0.0219253 0.1414489 0.0528676 0.0415508 0.0641234 0.0000010 0.0637859 0.0207627 0.0755707 0.0890242 0.1034119 0.0664132 0.0655045 0.0630876 0.0553380 0.0631478 0.0329048 0.0903174 0.0405097 0.0753133 0.0530473 0.0214510 0.0777974 0.0890242 0.1194734 0.0655813 0.0416313 0.0925469 0.0890242 0.0890242 0.0896940 0.0631348 0.0633460 0.0522903 0.0224816 0.0000010 0.1037905 0.0406272 0.0761886 0.1019699 0.0743928 0.0764539 0.0406272 0.0636161 0.0641158 0.0629949 0.0927154 0.0644519 0.0308126 0.0000010 0.0414301 0.0406272 0.0633150 0.0522903 0.0406272 0.1019699 0.0630876 0.0752318 0.0407292 0.0894899 0.0747700 0.1367140 0.0513299 0.0641930 0.0879996 0.0633460 0.0901738 0.0755670 0.0400001 0.0774565 0.0776885 0.0523111 0.0757294 0.0890242 0.0770212 0.0529560 0.0409039 0.0927154 0.0794704 0.0335133 0.0416313 0.0665174 0.0638189 0.0402586 0.0321555 0.1012519 0.0515437 0.0893603 0.0524711 0.1143177 0.1012519 0.0884050 0.0534895 0.1192617 0.0425339 0.0415291 0.0640721 0.0408011 0.0652080 0.0743928 0.0314430 0.0630876 0.0425339 0.0890242 0.0761886 0.0534415 0.0627007 0.1146313 0.0649780 0.0753728 0.0538677 0.0524249 0.0886298 0.1024482 0.0197480 0.0425339 0.0515847 0.0420775 0.1296118 0.0405297 0.0407223 0.0873015 0.0524711 
ERR2789774    0.3778110 0.3252801 0.3805897 0.0883928 0.1427248 0.0000000 0.1527475 0.0593125 0.1139612 0.1269698 0.0993025 0.0473622 0.1128685 0.0979705 0.0763930 0.0541620 0.0775179 0.1180747 0.0883164 0.1073568 0.0969234 0.0896761 0.0882327 0.0827855 0.1239487 0.0946527 0.0532375 0.0421533 0.0460374 0.0868597 0.0886735 0.0763375 0.0588609 0.0903667 0.0908892 0.0837543 0.0846811 0.0765556 0.0949316 0.0804238 0.0996837 0.0559199 0.0502501 0.0956284 0.1062417 0.0829895 0.0508445 0.0497680 0.0899042 0.1007515 0.1107563 0.0673415 0.0854057 0.0654260 0.0464912 0.0987423 0.0749429 0.0460741 0.0739130 0.0782311 0.0741921 0.0837761 0.0918174 0.0961572 0.0783983 0.0867750 0.0738437 0.1084463 0.0864433 0.0861125 0.0786706 0.0920665 0.0920736 0.1079278 0.0920940 0.1320280 0.0757809 0.1038921 0.1187662 0.0958315 0.0850411 0.1152121 0.0740809 0.1156720 0.0835883 0.0871574 0.0917472 0.1079256 0.0629625 0.0902967 0.1080079 0.0436273 0.0556630 0.0797624 0.0836897 0.0798112 0.0800140 0.0923999 0.0893231 0.1089182 0.0943143 0.0951815 0.0924784 0.0472495 0.1016455 0.1075251 0.0823684 0.0434827 0.0554793 0.0607645 0.0854145 0.0490551 0.0901571 0.0829966 0.0809606 0.0956450 0.0468447 0.0709785 0.1069577 0.0941579 0.0856821 0.0448035 0.1017603 0.0892900 0.0858119 0.0437452 0.1075294 0.0502772 0.0875859 0.0487100 0.0371104 0.1120255 0.0892188 0.0901200 0.0851460 0.0741219 0.1234895 0.0639754 0.0812553 0.0541457 0.0786442 
PAFTOL_019361 0.3113764 0.2626088 0.3374976 0.1434927 0.1947669 0.1527475 0.0000000 0.1307564 0.1811765 0.1668422 0.1458610 0.1293140 0.1531948 0.1499660 0.1349767 0.1392577 0.1662726 0.1397733 0.1270029 0.1479966 0.1351464 0.1335223 0.1254871 0.1357694 0.1805855 0.1662317 0.1207794 0.1229777 0.1208821 0.1560571 0.1314187 0.1323864 0.1234501 0.1385417 0.1344201 0.1131665 0.1425126 0.1600317 0.1440612 0.1247286 0.1348334 0.1312638 0.1299020 0.1371379 0.1407241 0.1197624 0.1409907 0.1343112 0.1502614 0.1468807 0.1230343 0.1340728 0.1277840 0.1315386 0.1292106 0.1592426 0.1378402 0.1262585 0.1361963 0.1444530 0.1359636 0.1451590 0.1329215 0.1463201 0.1146463 0.1201961 0.1324872 0.1571484 0.1285070 0.1458540 0.1337017 0.1508861 0.1515192 0.2121314 0.1488714 0.1397051 0.1321848 0.1455524 0.1608323 0.1554883 0.1359861 0.1217055 0.1379706 0.1194649 0.1346231 0.1498282 0.1493669 0.1548222 0.1452999 0.1400471 0.1118718 0.1281032 0.1281867 0.1433482 0.1229235 0.1162075 0.1146554 0.1316727 0.1260058 0.1494362 0.1452221 0.1371689 0.1409701 0.1238888 0.1499763 0.1601508 0.1387538 0.1295746 0.1316346 0.1339229 0.1430340 0.1323714 0.1283826 0.1420472 0.1354662 0.1367334 0.1192600 0.1326409 0.1435087 0.1445039 0.1269880 0.1301519 0.1564638 0.1454869 0.1355566 0.1250173 0.1540409 0.1236979 0.1221579 0.1241819 0.1228145 0.1604451 0.1429667 0.1293405 0.1415065 0.1322898 0.1652592 0.1245677 0.1365787 0.1184220 0.1370821 
S0055         0.3704581 0.3093506 0.3755757 0.0707552 0.0647021 0.0593125 0.1307564 0.0000000 0.0879460 0.1210809 0.0756431 0.0360605 0.0969402 0.0823599 0.0595733 0.0409534 0.0601914 0.1004029 0.0728851 0.0893323 0.0827723 0.0727524 0.0748506 0.0659132 0.1011119 0.0813595 0.0391237 0.0299364 0.0312276 0.0656680 0.0753323 0.0532432 0.0406765 0.0884211 0.0724141 0.0721759 0.0698303 0.0518193 0.0809805 0.0649897 0.0845589 0.0414344 0.0350368 0.0828407 0.0880217 0.0643782 0.0484741 0.0349457 0.0614816 0.0817998 0.0913046 0.0417772 0.0716905 0.0559561 0.0352538 0.0816984 0.0547739 0.0336084 0.0548037 0.0572853 0.0590729 0.0555708 0.0734890 0.0817901 0.0601384 0.0689893 0.0543074 0.0966049 0.0700137 0.0711839 0.0602091 0.0767770 0.0742160 0.0913144 0.0759392 0.1066982 0.0614778 0.0876136 0.1006413 0.0801704 0.0647460 0.0836918 0.0561741 0.0897107 0.0702656 0.0699191 0.0654977 0.0943153 0.0443435 0.0695481 0.0841634 0.0337667 0.0475268 0.0546672 0.0723222 0.0614638 0.0642542 0.0739146 0.0713323 0.0929575 0.0833574 0.0750860 0.0755393 0.0347926 0.0854344 0.0827978 0.0623552 0.0360239 0.0424012 0.0228367 0.0584638 0.0364595 0.0729526 0.0683457 0.0649486 0.0850861 0.0366004 0.0506923 0.0951247 0.0763279 0.0654486 0.0324928 0.0820880 0.0685306 0.0657032 0.0321252 0.0927929 0.0399833 0.0697540 0.0312345 0.0286515 0.0856009 0.0658386 0.0725128 0.0702075 0.0545097 0.1091954 0.0414474 0.0641329 0.0418923 0.0582888 
S0196sl       0.4229308 0.3523490 0.3985106 0.0929383 0.0516690 0.1139612 0.1811765 0.0879460 0.0000000 0.1626966 0.0796689 0.0879206 0.1470675 0.1234569 0.0779594 0.0945542 0.1226964 0.1378316 0.1044898 0.1180883 0.1141242 0.1003615 0.0987169 0.0937434 0.0623390 0.1448523 0.0819198 0.0845474 0.0847323 0.1258907 0.1040720 0.0398481 0.0793403 0.0719166 0.0984892 0.1054435 0.1078169 0.1020339 0.1044903 0.0898627 0.1169083 0.0969569 0.0931364 0.1187625 0.1206683 0.0999698 0.1143691 0.0913405 0.0657054 0.1143080 0.1332117 0.1003863 0.0942659 0.0412521 0.0922299 0.1239095 0.0427549 0.0830829 0.0427810 0.0478921 0.0935973 0.0589644 0.1044652 0.1131760 0.0931201 0.1006714 0.0814763 0.0803906 0.0953676 0.1094241 0.0864966 0.1139479 0.1132090 0.1595218 0.0752471 0.1461321 0.0942005 0.1164636 0.1274664 0.1246362 0.1049808 0.1292262 0.0412775 0.1316424 0.1054937 0.0998998 0.0897098 0.1241652 0.1122759 0.0966514 0.1200178 0.0877032 0.0975652 0.0899333 0.1036611 0.0948020 0.0961706 0.0987818 0.1002825 0.1221800 0.1056659 0.1049900 0.1060571 0.0891578 0.1098351 0.1136420 0.0811800 0.0904247 0.0945466 0.0948230 0.0845601 0.0954274 0.1099407 0.0834449 0.0886984 0.1174689 0.0869590 0.0399516 0.1324890 0.0773078 0.0997182 0.0877474 0.0772187 0.0833732 0.0899594 0.0892455 0.1233423 0.0909804 0.0998063 0.0874092 0.0849519 0.1100677 0.0952177 0.1013569 0.1018068 0.0766044 0.1286049 0.0703533 0.0866741 0.0867087 0.0847892 
S0278         0.3912548 0.3622167 0.4126693 0.1130517 0.0436879 0.1269698 0.1668422 0.1210809 0.1626966 0.0000000 0.1282907 0.1095794 0.1733934 0.0726608 0.1028037 0.1150679 0.1294926 0.0788569 0.1255088 0.1408047 0.0711939 0.1321732 0.0676077 0.1123785 0.1553879 0.1683350 0.0993754 0.1000407 0.1044205 0.1072074 0.0637175 0.1166082 0.1048891 0.0450723 0.1251443 0.0859871 0.1200922 0.1336101 0.1246760 0.1218442 0.0606998 0.1073044 0.1052171 0.0609225 0.0640359 0.0764807 0.1234043 0.0818051 0.1203089 0.1398280 0.1286353 0.1069363 0.1218521 0.0890083 0.1074299 0.1359893 0.1168619 0.1049633 0.1167134 0.1191469 0.1056632 0.1132589 0.0950550 0.1349701 0.0736085 0.0885460 0.1108524 0.0434589 0.1223307 0.1213812 0.1053149 0.1232579 0.1283618 0.1770359 0.1249327 0.1498210 0.1152064 0.1368429 0.1170411 0.1312339 0.1091907 0.1294394 0.1142165 0.1252707 0.0934878 0.1183843 0.1208336 0.1411083 0.1255745 0.1221256 0.1209242 0.1083640 0.1133515 0.1132379 0.0580404 0.0751208 0.0752423 0.1337390 0.0927173 0.0621306 0.1292492 0.1328881 0.1350614 0.1057678 0.1379188 0.1406738 0.1078317 0.1095747 0.1111310 0.1267391 0.1200424 0.1115627 0.0872203 0.1017449 0.1089928 0.0663504 0.1028223 0.1137591 0.0510275 0.1225952 0.0798955 0.1031730 0.1376698 0.1196569 0.1189023 0.1083359 0.0695813 0.1006343 0.0952779 0.1061521 0.1042917 0.1410160 0.1140395 0.0859036 0.1126191 0.1076467 0.1556182 0.1018146 0.1072432 0.1056437 0.1101979 
S0281         0.3695147 0.3133327 0.3689445 0.0729125 0.0757402 0.0993025 0.1458610 0.0756431 0.0796689 0.1282907 0.0000000 0.0768654 0.1039491 0.0955736 0.0627277 0.0837308 0.1082315 0.1125685 0.0858625 0.0997455 0.0853460 0.0837410 0.0828069 0.0694837 0.0976775 0.0971865 0.0607437 0.0698258 0.0699997 0.1029349 0.0788857 0.0415347 0.0598771 0.0916947 0.0835948 0.0809256 0.0771228 0.0876828 0.0964121 0.0806680 0.0956232 0.0877495 0.0773586 0.0850470 0.0982653 0.0802196 0.0794729 0.0789118 0.0467279 0.0945155 0.1116790 0.0818795 0.0815000 0.0617640 0.0764304 0.0920845 0.0429699 0.0712813 0.0429941 0.0450731 0.0650731 0.0473465 0.0772416 0.0995115 0.0758428 0.0741371 0.0617503 0.1057881 0.0735572 0.0799313 0.0632908 0.0856765 0.0830706 0.1358917 0.0646896 0.1197021 0.0732260 0.0915838 0.1056268 0.0924423 0.0719961 0.0965289 0.0417964 0.0993569 0.0754359 0.0677528 0.0688493 0.1012968 0.0880876 0.0662530 0.0951940 0.0726149 0.0799061 0.0688560 0.0801611 0.0772286 0.0801788 0.0850905 0.0779158 0.1015343 0.0899900 0.0862164 0.0900508 0.0739495 0.1000380 0.0904253 0.0603446 0.0750743 0.0801530 0.0859776 0.0613928 0.0789974 0.0824881 0.0648952 0.0696189 0.0906173 0.0705475 0.0403832 0.1041764 0.0623438 0.0833298 0.0742006 0.0664094 0.0649672 0.0662007 0.0708510 0.0933438 0.0727598 0.0817211 0.0710366 0.0681229 0.0908035 0.0695408 0.0863375 0.0776716 0.0589720 0.1014627 0.0508142 0.0661704 0.0621107 0.0643401 
S0282         0.3652704 0.3008278 0.3570033 0.0652503 0.0890242 0.0473622 0.1293140 0.0360605 0.0879206 0.1095794 0.0768654 0.0000000 0.0949429 0.0782599 0.0452543 0.0199209 0.0551074 0.0990264 0.0642860 0.0791739 0.0741851 0.0643198 0.0692118 0.0630757 0.1052428 0.0719085 0.0365535 0.0100675 0.0135191 0.0628482 0.0642573 0.0517230 0.0418426 0.0790498 0.0652891 0.0625219 0.0656768 0.0530448 0.0692897 0.0581179 0.0759368 0.0254692 0.0170464 0.0787182 0.0789069 0.0576512 0.0424296 0.0145751 0.0666513 0.0746735 0.0859484 0.0416642 0.0616767 0.0464604 0.0160049 0.0773764 0.0532363 0.0135102 0.0532653 0.0542881 0.0591601 0.0594102 0.0651359 0.0717674 0.0548694 0.0567433 0.0490706 0.0894211 0.0591395 0.0670167 0.0574566 0.0725430 0.0686467 0.0870410 0.0646998 0.1054008 0.0574315 0.0760437 0.0886094 0.0829517 0.0673525 0.0871956 0.0520534 0.0887454 0.0622052 0.0672478 0.0626803 0.0783649 0.0404995 0.0627051 0.0817774 0.0135734 0.0301823 0.0518968 0.0667088 0.0561789 0.0616157 0.0680915 0.0576891 0.0813654 0.0650698 0.0694503 0.0683377 0.0146468 0.0740373 0.0867804 0.0530953 0.0158055 0.0217358 0.0411934 0.0582635 0.0266348 0.0629179 0.0561966 0.0555769 0.0765326 0.0243057 0.0491904 0.0830125 0.0664502 0.0601163 0.0147093 0.0734085 0.0628516 0.0602453 0.0144903 0.0782211 0.0300716 0.0654645 0.0228281 0.0212246 0.0853058 0.0630046 0.0697772 0.0633316 0.0492511 0.0969451 0.0414215 0.0587140 0.0404208 0.0528762 
S0288         0.3614815 0.3139418 0.3674052 0.0989874 0.0367843 0.1128685 0.1531948 0.0969402 0.1470675 0.1733934 0.1039491 0.0949429 0.0000000 0.1196688 0.0876024 0.1033768 0.1334780 0.1327990 0.0189485 0.0693680 0.1093764 0.0184997 0.1039094 0.0818030 0.1053946 0.0220038 0.0866332 0.0924296 0.0968860 0.1140524 0.1003231 0.0856801 0.0893737 0.1092359 0.0152763 0.0994805 0.1134884 0.1072200 0.0617511 0.0189707 0.1196416 0.1065727 0.0998201 0.1205329 0.1348532 0.1091658 0.0967558 0.1050594 0.0905188 0.0341524 0.1258404 0.0959329 0.0190519 0.1020005 0.0978788 0.1268352 0.0901000 0.0948847 0.0900867 0.0925143 0.0938355 0.0933799 0.1038084 0.0671332 0.1048311 0.0986368 0.0823534 0.1623312 0.0270627 0.1112264 0.0975488 0.1165799 0.1114329 0.1249625 0.1133713 0.1361837 0.0835070 0.0716274 0.0690170 0.1154265 0.1093057 0.1169134 0.0858469 0.1255157 0.0919391 0.1181913 0.1041970 0.0708580 0.1075677 0.1028359 0.1121217 0.0970719 0.0823545 0.0929482 0.1019605 0.1071924 0.1119306 0.0187306 0.1095476 0.1285555 0.0613363 0.0235689 0.0187026 0.0987800 0.0687409 0.1122266 0.0921312 0.0990772 0.1034807 0.0977102 0.0991202 0.0833035 0.1000146 0.0976676 0.0921275 0.1141911 0.0748210 0.0880692 0.1350982 0.1074858 0.1075109 0.0929807 0.1213769 0.1076234 0.0909434 0.0949220 0.1258145 0.0841976 0.0998810 0.0838117 0.0800581 0.1073495 0.0954932 0.1179541 0.1051187 0.0842550 0.1270531 0.0777685 0.0927737 0.0820138 0.0824608 
S0289         0.3674198 0.3144905 0.3520604 0.0889624 0.0416313 0.0979705 0.1499660 0.0823599 0.1234569 0.0726608 0.0955736 0.0782599 0.1196688 0.0000000 0.0781495 0.0823348 0.1006033 0.0588980 0.0951137 0.1075073 0.0261288 0.0964037 0.0431773 0.0866759 0.1297593 0.0921421 0.0648367 0.0711924 0.0697004 0.0982510 0.0379041 0.0868183 0.0667226 0.0481942 0.0962184 0.0621135 0.0861823 0.0934389 0.0965074 0.0883220 0.0473962 0.0804118 0.0770271 0.0461457 0.0754981 0.0537185 0.0830883 0.0772225 0.0872323 0.1071175 0.1029515 0.0821007 0.0919567 0.0924788 0.0793200 0.1014734 0.0886311 0.0727346 0.0886752 0.0855405 0.0730988 0.0838519 0.0675158 0.1045066 0.0496360 0.0586614 0.0727350 0.0399568 0.0914176 0.0875973 0.0732212 0.0906057 0.0922480 0.1359372 0.0969929 0.1192514 0.0807499 0.1074852 0.1251730 0.0907765 0.0764544 0.1005490 0.0845016 0.0985309 0.0565174 0.0891760 0.0921396 0.1114980 0.0895073 0.0816674 0.0958576 0.0756980 0.0809907 0.0828544 0.0279789 0.0522048 0.0510299 0.0989181 0.0637155 0.0489803 0.0959181 0.0986726 0.1013678 0.0736340 0.1066122 0.1152386 0.0813140 0.0781756 0.0825703 0.0855787 0.0870486 0.0786933 0.0568280 0.0756752 0.0840229 0.0291650 0.0721452 0.0841823 0.0487612 0.0962244 0.0512159 0.0727927 0.1096722 0.0895773 0.0909072 0.0756583 0.0423991 0.0715056 0.0678889 0.0724835 0.0697615 0.1183411 0.0896859 0.0588012 0.0820880 0.0730130 0.1216061 0.0686856 0.0862195 0.0651745 0.0787994 
S0292         0.3463464 0.3029890 0.3561512 0.0464410 0.0649105 0.0763930 0.1349767 0.0595733 0.0779594 0.1028037 0.0627277 0.0452543 0.0876024 0.0781495 0.0000000 0.0519595 0.0862842 0.0954776 0.0627032 0.0760994 0.0738721 0.0641460 0.0688741 0.0456782 0.0791586 0.0737423 0.0405189 0.0413640 0.0451715 0.0746422 0.0625732 0.0437425 0.0433108 0.0696079 0.0608414 0.0596760 0.0628673 0.0628568 0.0734536 0.0607461 0.0741309 0.0588176 0.0467640 0.0770085 0.0739078 0.0613946 0.0577221 0.0475191 0.0529631 0.0729566 0.0874924 0.0550033 0.0614155 0.0486275 0.0483899 0.0756997 0.0451852 0.0452078 0.0452103 0.0486455 0.0537149 0.0522861 0.0648740 0.0719088 0.0572973 0.0578059 0.0362959 0.0848605 0.0549570 0.0641966 0.0534005 0.0683039 0.0604378 0.1138560 0.0548414 0.0990808 0.0532962 0.0745537 0.0808345 0.0770734 0.0644634 0.0887954 0.0440178 0.0859105 0.0602813 0.0617235 0.0481068 0.0783532 0.0673080 0.0353240 0.0818820 0.0439070 0.0504999 0.0439647 0.0650073 0.0586095 0.0613677 0.0650285 0.0614634 0.0810008 0.0648802 0.0650769 0.0653477 0.0463614 0.0740666 0.0721021 0.0135191 0.0462567 0.0518635 0.0625762 0.0276576 0.0535546 0.0613512 0.0206813 0.0205160 0.0733670 0.0443722 0.0413332 0.0769851 0.0564845 0.0626525 0.0466377 0.0605698 0.0291100 0.0507837 0.0499640 0.0790623 0.0465457 0.0612465 0.0438508 0.0428735 0.0704170 0.0495872 0.0694890 0.0605722 0.0338142 0.0930060 0.0376140 0.0467407 0.0447253 0.0396228 
S0293         0.3670589 0.3110222 0.3676491 0.0757485 0.1033638 0.0541620 0.1392577 0.0409534 0.0945542 0.1150679 0.0837308 0.0199209 0.1033768 0.0823348 0.0519595 0.0000000 0.0638394 0.1086683 0.0753399 0.0923392 0.0790075 0.0735157 0.0772466 0.0735309 0.1096253 0.0756963 0.0429250 0.0150977 0.0175008 0.0707589 0.0747519 0.0560887 0.0484179 0.0818422 0.0762113 0.0686191 0.0722072 0.0629164 0.0848710 0.0594022 0.0871001 0.0313169 0.0188295 0.0873732 0.0847035 0.0678663 0.0455104 0.0171436 0.0730773 0.0858611 0.0977971 0.0470031 0.0724821 0.0465396 0.0214007 0.0858575 0.0590283 0.0187057 0.0590608 0.0586197 0.0652923 0.0640316 0.0731117 0.0784873 0.0648341 0.0640650 0.0573439 0.0892840 0.0708049 0.0720771 0.0663013 0.0794131 0.0781628 0.0912776 0.0724843 0.1169751 0.0647928 0.0827697 0.0963612 0.0919772 0.0753062 0.1000866 0.0578039 0.1007446 0.0678615 0.0752611 0.0714864 0.0867155 0.0470211 0.0732004 0.0935504 0.0187682 0.0386836 0.0617296 0.0702978 0.0662847 0.0692035 0.0773524 0.0666634 0.0888234 0.0771100 0.0787455 0.0796012 0.0186688 0.0806891 0.0987751 0.0628028 0.0199183 0.0235279 0.0463053 0.0684318 0.0336115 0.0723456 0.0663414 0.0655815 0.0835830 0.0300774 0.0548673 0.0907483 0.0743655 0.0705522 0.0187647 0.0788215 0.0719576 0.0674629 0.0208087 0.0883262 0.0334817 0.0718850 0.0284164 0.0269577 0.0955555 0.0733655 0.0763753 0.0739906 0.0575033 0.1097819 0.0479611 0.0673816 0.0473792 0.0613468 
S0294         0.4056054 0.3542970 0.4057006 0.0894749 0.0905000 0.0775179 0.1662726 0.0601914 0.1226964 0.1294926 0.1082315 0.0551074 0.1334780 0.1006033 0.0862842 0.0638394 0.0000000 0.1150469 0.0943263 0.1113266 0.1022492 0.0969859 0.0993363 0.0935205 0.1360464 0.1120133 0.0649376 0.0484261 0.0537479 0.0923118 0.1029051 0.0863535 0.0725609 0.1002455 0.1016887 0.0959250 0.0925473 0.0891366 0.0927567 0.0910268 0.1131499 0.0594677 0.0593519 0.1045394 0.1060099 0.0913140 0.0715355 0.0539511 0.1000733 0.1078483 0.1099378 0.0695030 0.0918659 0.0701470 0.0584817 0.1054633 0.0881782 0.0550502 0.0882226 0.0863986 0.0900795 0.0922290 0.1021507 0.1078387 0.0866338 0.0986337 0.0877336 0.0947183 0.0918819 0.0939895 0.0864174 0.1000052 0.1017817 0.0867811 0.0993706 0.1365047 0.0887365 0.1127748 0.1234962 0.1111047 0.0974537 0.1095573 0.0869369 0.1035392 0.0958060 0.0966469 0.0913592 0.1184377 0.0724397 0.1002349 0.1038176 0.0526574 0.0622332 0.0892010 0.0953054 0.0880647 0.0881882 0.1017263 0.1010318 0.1112356 0.0968137 0.1055838 0.1051898 0.0563128 0.1067347 0.1156314 0.0920459 0.0549900 0.0646763 0.0713110 0.0872004 0.0636225 0.1024316 0.0911485 0.0951403 0.1053960 0.0560074 0.0835612 0.1146902 0.0997798 0.0891630 0.0523787 0.1062262 0.1037740 0.0918013 0.0579863 0.1170941 0.0591590 0.0991084 0.0552216 0.0587082 0.1185697 0.0949328 0.0976795 0.0924148 0.0880760 0.1345254 0.0721486 0.0915530 0.0697938 0.0929457 
S0299         0.3538094 0.3022520 0.3600703 0.1039855 0.0781447 0.1180747 0.1397733 0.1004029 0.1378316 0.0788569 0.1125685 0.0990264 0.1327990 0.0588980 0.0954776 0.1086683 0.1150469 0.0000000 0.1031973 0.1090057 0.0575147 0.1060506 0.0575128 0.1015947 0.1415563 0.1057525 0.0892181 0.0900621 0.0928478 0.1170083 0.0569916 0.0974092 0.0900185 0.0547699 0.1058916 0.0734238 0.0997869 0.1137359 0.1014397 0.1009741 0.0547870 0.0968178 0.0977625 0.0521968 0.0848885 0.0676381 0.0902415 0.1026987 0.1036691 0.1147957 0.1032675 0.0969910 0.1015519 0.1107888 0.0969258 0.1127189 0.0974097 0.0946738 0.1022562 0.1025662 0.0891507 0.0970386 0.0785226 0.1122662 0.0666623 0.0706529 0.0899868 0.0768417 0.1006717 0.1011935 0.0878895 0.0999552 0.1091232 0.1636724 0.1138469 0.1251576 0.0984127 0.1204482 0.1306671 0.1064639 0.0907721 0.1060340 0.1008489 0.1032498 0.0742291 0.1060845 0.1070159 0.1259865 0.1075870 0.1028039 0.1021154 0.0978559 0.1024433 0.1007999 0.0505796 0.0649942 0.0637508 0.1055725 0.0714619 0.0550945 0.1008202 0.1082198 0.1112073 0.0954923 0.1146989 0.1315297 0.0988456 0.1004018 0.1007526 0.1053583 0.1018902 0.1027625 0.0704020 0.0884277 0.1001463 0.0518683 0.0913464 0.0975845 0.0728012 0.1143466 0.0651071 0.0960964 0.1257408 0.1010928 0.1089935 0.0911141 0.0644140 0.0915557 0.0700801 0.0943359 0.0907248 0.1312815 0.1033453 0.0635357 0.1011691 0.0899559 0.1269155 0.0889179 0.1040454 0.0883049 0.0948982 
S0303         0.3671089 0.3140386 0.3735658 0.0699154 0.0219253 0.0883164 0.1270029 0.0728851 0.1044898 0.1255088 0.0858625 0.0642860 0.0189485 0.0951137 0.0627032 0.0753399 0.0943263 0.1031973 0.0000000 0.0343179 0.0829330 0.0058543 0.0729957 0.0629630 0.0959739 0.0185504 0.0577290 0.0599279 0.0612565 0.0895737 0.0764487 0.0670225 0.0637135 0.0848589 0.0094926 0.0716981 0.0808810 0.0837985 0.0395218 0.0108850 0.0889751 0.0733764 0.0672009 0.0875422 0.0978389 0.0732098 0.0716768 0.0699026 0.0717698 0.0105410 0.1007395 0.0709920 0.0047385 0.0775344 0.0694224 0.0922856 0.0715353 0.0642898 0.0715740 0.0760211 0.0662936 0.0726968 0.0788500 0.0396236 0.0704703 0.0714371 0.0617264 0.1054126 0.0117318 0.0824268 0.0675165 0.0884730 0.0827653 0.1260827 0.0841309 0.1238663 0.0631763 0.0437063 0.0441914 0.0953778 0.0780758 0.1000236 0.0685983 0.0961937 0.0816836 0.0850986 0.0731890 0.0446963 0.0754035 0.0705575 0.0902438 0.0659546 0.0659747 0.0703360 0.0745873 0.0718941 0.0764138 0.0046992 0.0782324 0.0995414 0.0369052 0.0082288 0.0083140 0.0639425 0.0433756 0.0847266 0.0643728 0.0683910 0.0655951 0.0705758 0.0742058 0.0593795 0.0756651 0.0692772 0.0656399 0.0834366 0.0511407 0.0670339 0.0901310 0.0817315 0.0764957 0.0602465 0.0907314 0.0751487 0.0676248 0.0636086 0.1022652 0.0630392 0.0793494 0.0558112 0.0551654 0.0846057 0.0690723 0.0825997 0.0768322 0.0588964 0.1056393 0.0532901 0.0674421 0.0591553 0.0601337 
S0308         0.3640145 0.3170132 0.3796181 0.0927563 0.1414489 0.1073568 0.1479966 0.0893323 0.1180883 0.1408047 0.0997455 0.0791739 0.0693680 0.1075073 0.0760994 0.0923392 0.1113266 0.1090057 0.0343179 0.0000000 0.0939751 0.0388065 0.0895521 0.0857370 0.1293572 0.0693317 0.0741199 0.0733341 0.0778018 0.0992284 0.0887082 0.0792317 0.0789453 0.0962412 0.0367023 0.0854004 0.0976937 0.0931314 0.0585006 0.0387664 0.0966666 0.0884559 0.0852855 0.0986246 0.1072936 0.0868122 0.0912079 0.0877623 0.0764179 0.0446196 0.1140137 0.0876354 0.0383478 0.0722921 0.0845335 0.1094161 0.0838044 0.0791799 0.0838471 0.0885495 0.0859436 0.0788132 0.0879932 0.0638163 0.0840779 0.0778044 0.0751933 0.0984634 0.0382787 0.0991602 0.0797750 0.1052958 0.0995589 0.1500646 0.0937638 0.1325256 0.0810960 0.0680857 0.0739187 0.1094348 0.0885680 0.1211390 0.0810650 0.1123901 0.0942484 0.0972588 0.0962560 0.0716432 0.0982384 0.0783210 0.1079130 0.0791327 0.0866534 0.0839699 0.0870295 0.0855062 0.0886661 0.0418874 0.0873612 0.1103776 0.0515811 0.0398735 0.0407400 0.0818521 0.0660287 0.1121563 0.0821431 0.0832975 0.0881603 0.0942879 0.0878009 0.0769330 0.0865994 0.0812377 0.0847445 0.0915308 0.0716474 0.0792456 0.1016771 0.0973001 0.0869670 0.0779762 0.1014959 0.0859467 0.0936632 0.0826643 0.1051096 0.0793926 0.0913389 0.0761249 0.0720657 0.1102171 0.0936967 0.0950495 0.0919365 0.0696052 0.1278852 0.0708752 0.0918539 0.0736719 0.0767324 
S0320         0.3513601 0.2969615 0.3517750 0.0818751 0.0528676 0.0969234 0.1351464 0.0827723 0.1141242 0.0711939 0.0853460 0.0741851 0.1093764 0.0261288 0.0738721 0.0790075 0.1022492 0.0575147 0.0829330 0.0939751 0.0000000 0.0814113 0.0323370 0.0823830 0.1218613 0.0699375 0.0633967 0.0684356 0.0656897 0.0892405 0.0311425 0.0769908 0.0679808 0.0411078 0.0825645 0.0454803 0.0789075 0.0956712 0.0920975 0.0680929 0.0350385 0.0809930 0.0729559 0.0378730 0.0666012 0.0481660 0.0818217 0.0724303 0.0801376 0.0934264 0.0962826 0.0749163 0.0799597 0.0854925 0.0766222 0.0899035 0.0801709 0.0672554 0.0802124 0.0816154 0.0720468 0.0797244 0.0588488 0.1048712 0.0454322 0.0500789 0.0713306 0.0237849 0.0799063 0.0802349 0.0659887 0.0833154 0.0849429 0.1386000 0.0927654 0.1089243 0.0778605 0.1033965 0.1181738 0.0911012 0.0720355 0.0984079 0.0760377 0.0918336 0.0425109 0.0790631 0.0911234 0.1104972 0.0827726 0.0775827 0.0889802 0.0730986 0.0769426 0.0802205 0.0286975 0.0480274 0.0468317 0.0852124 0.0581571 0.0431424 0.0869852 0.0852399 0.0874333 0.0696730 0.1086821 0.1110885 0.0769388 0.0754984 0.0754270 0.0846638 0.0826715 0.0775698 0.0493984 0.0729831 0.0768545 0.0247894 0.0692908 0.0756262 0.0445025 0.0948971 0.0495418 0.0699435 0.1055110 0.0835539 0.0866561 0.0680188 0.0312774 0.0673059 0.0538217 0.0698551 0.0625106 0.1107675 0.0837541 0.0544293 0.0760093 0.0669548 0.1162849 0.0616707 0.0835969 0.0592401 0.0696685 
S0322         0.3694714 0.3153376 0.3656955 0.0726515 0.0415508 0.0896761 0.1335223 0.0727524 0.1003615 0.1321732 0.0837410 0.0643198 0.0184997 0.0964037 0.0641460 0.0735157 0.0969859 0.1060506 0.0058543 0.0388065 0.0814113 0.0000000 0.0761097 0.0632152 0.0931735 0.0223236 0.0579462 0.0614213 0.0655774 0.0892817 0.0794301 0.0656097 0.0625761 0.0885791 0.0069986 0.0732439 0.0807592 0.0849277 0.0443078 0.0132020 0.0918321 0.0746725 0.0701904 0.0908662 0.0957991 0.0775963 0.0731788 0.0711469 0.0702394 0.0091832 0.1037599 0.0723344 0.0058867 0.0798411 0.0693565 0.0949550 0.0700146 0.0643227 0.0700520 0.0727644 0.0664282 0.0711275 0.0816361 0.0429149 0.0748792 0.0727709 0.0632916 0.1175366 0.0127189 0.0836810 0.0704275 0.0897340 0.0840184 0.1268674 0.0838830 0.1260029 0.0648037 0.0468378 0.0460910 0.0982050 0.0793329 0.0978321 0.0686925 0.1005700 0.0743262 0.0863326 0.0760182 0.0477968 0.0753207 0.0720057 0.0917789 0.0658524 0.0659761 0.0717059 0.0791477 0.0762938 0.0793939 0.0058017 0.0810485 0.0994344 0.0403249 0.0057498 0.0082134 0.0668382 0.0438219 0.0843365 0.0657948 0.0683456 0.0716202 0.0703932 0.0755906 0.0608996 0.0784501 0.0675939 0.0671454 0.0896995 0.0514252 0.0671258 0.0952384 0.0829046 0.0778601 0.0603577 0.0903577 0.0765349 0.0675102 0.0620079 0.1004709 0.0629314 0.0805830 0.0559178 0.0568096 0.0840324 0.0676032 0.0867725 0.0781112 0.0604364 0.1083449 0.0549101 0.0673315 0.0563070 0.0616841 
S0327         0.3392862 0.2926573 0.3543519 0.0765073 0.0641234 0.0882327 0.1254871 0.0748506 0.0987169 0.0676077 0.0828069 0.0692118 0.1039094 0.0431773 0.0688741 0.0772466 0.0993363 0.0575128 0.0729957 0.0895521 0.0323370 0.0761097 0.0000000 0.0769648 0.1076288 0.0914413 0.0601187 0.0623766 0.0584370 0.0849289 0.0315433 0.0732380 0.0659483 0.0341911 0.0771428 0.0495185 0.0822809 0.0883562 0.0777627 0.0694832 0.0379464 0.0741671 0.0653501 0.0367232 0.0647427 0.0468966 0.0757339 0.0722472 0.0775857 0.0846875 0.0873434 0.0681986 0.0701716 0.0689167 0.0701347 0.0946028 0.0749237 0.0638529 0.0749620 0.0748199 0.0700995 0.0744391 0.0543094 0.0895095 0.0415939 0.0487949 0.0707035 0.0431091 0.0717605 0.0836696 0.0682046 0.0866134 0.0895614 0.1368417 0.0869194 0.1066368 0.0684786 0.0940318 0.1028259 0.0931256 0.0743375 0.0872874 0.0737171 0.0858117 0.0404360 0.0837724 0.0838517 0.1008352 0.0814360 0.0796648 0.0845362 0.0668099 0.0735502 0.0763332 0.0279203 0.0442158 0.0442779 0.0768405 0.0525357 0.0445037 0.0800548 0.0783653 0.0788491 0.0622583 0.0961459 0.1049986 0.0718934 0.0691385 0.0706980 0.0822282 0.0773054 0.0710749 0.0478426 0.0696392 0.0731110 0.0390840 0.0618431 0.0705748 0.0527770 0.0889300 0.0468976 0.0651705 0.0977252 0.0781037 0.0842705 0.0647249 0.0457695 0.0627420 0.0535828 0.0637348 0.0579853 0.1059939 0.0768046 0.0530819 0.0812861 0.0679384 0.1111596 0.0585798 0.0797155 0.0575099 0.0707595 
S0335         0.3693950 0.3079552 0.3698371 0.0328526 0.0000010 0.0827855 0.1357694 0.0659132 0.0937434 0.1123785 0.0694837 0.0630757 0.0818030 0.0866759 0.0456782 0.0735309 0.0935205 0.1015947 0.0629630 0.0857370 0.0823830 0.0632152 0.0769648 0.0000000 0.0584291 0.0737631 0.0488922 0.0589061 0.0629587 0.0751904 0.0704854 0.0562505 0.0532408 0.0797288 0.0612538 0.0658428 0.0664039 0.0749821 0.0726303 0.0594523 0.0825282 0.0734499 0.0674428 0.0855137 0.0778266 0.0692076 0.0697051 0.0653788 0.0539932 0.0690726 0.1017253 0.0667212 0.0588653 0.0541003 0.0666105 0.0796439 0.0578146 0.0616400 0.0578460 0.0617255 0.0543055 0.0533137 0.0744251 0.0764656 0.0649564 0.0668451 0.0448754 0.0896110 0.0553828 0.0692008 0.0595925 0.0720582 0.0664471 0.1259762 0.0695940 0.1160018 0.0579317 0.0807805 0.0839009 0.0837168 0.0679501 0.0916691 0.0566151 0.0960022 0.0711204 0.0737446 0.0447574 0.0846334 0.0739830 0.0570216 0.0903727 0.0632179 0.0592814 0.0529452 0.0713207 0.0663115 0.0691750 0.0654179 0.0707799 0.0955770 0.0723170 0.0613488 0.0672111 0.0641925 0.0773978 0.0504167 0.0445302 0.0656593 0.0701649 0.0745491 0.0484552 0.0612044 0.0695335 0.0489474 0.0496763 0.0827415 0.0531048 0.0550801 0.0836423 0.0658315 0.0677929 0.0645866 0.0756600 0.0517648 0.0370729 0.0679491 0.0907321 0.0577480 0.0746308 0.0522571 0.0557278 0.0476188 0.0171135 0.0763039 0.0656016 0.0422719 0.1010397 0.0434311 0.0331893 0.0524490 0.0457518 
S0345         0.3835835 0.3580278 0.4098246 0.0598025 0.0637859 0.1239487 0.1805855 0.1011119 0.0623390 0.1553879 0.0976775 0.1052428 0.1053946 0.1297593 0.0791586 0.1096253 0.1360464 0.1415563 0.0959739 0.1293572 0.1218613 0.0931735 0.1076288 0.0584291 0.0000000 0.0999655 0.0872058 0.0986409 0.1029892 0.1204387 0.1083634 0.0780859 0.0858416 0.0941768 0.0789836 0.1120801 0.1100506 0.0946936 0.1185178 0.0799077 0.1255099 0.1084000 0.1058821 0.1190881 0.1163965 0.1065674 0.1039798 0.1025322 0.0808250 0.1116457 0.1352768 0.1041671 0.0915852 0.0441378 0.1042865 0.1274380 0.0783613 0.1051358 0.0803265 0.0805875 0.0889678 0.0751813 0.1033679 0.1223262 0.1041347 0.0982643 0.0781561 0.1222844 0.0949977 0.1103836 0.0929558 0.1136036 0.1153050 0.1275492 0.1093234 0.1565275 0.0897798 0.1248888 0.1372464 0.1313897 0.1100883 0.1250196 0.0782120 0.1333436 0.0977759 0.1089939 0.0700143 0.1306046 0.1154848 0.1013292 0.1274244 0.1031779 0.0969828 0.0806803 0.1060059 0.1041266 0.1085229 0.0952391 0.1070111 0.1306102 0.1200135 0.0952305 0.0957994 0.1048187 0.1210568 0.0581505 0.0813830 0.1092318 0.1072305 0.1146536 0.0872717 0.0980779 0.1179291 0.0821600 0.0870493 0.1222341 0.0934800 0.0783645 0.1374945 0.1036119 0.1000206 0.0994645 0.1169566 0.0908051 0.0641995 0.1010398 0.1218445 0.0963437 0.1040215 0.0962993 0.0904092 0.0395266 0.0638293 0.1075485 0.1028349 0.0739909 0.1400008 0.0765479 0.0603040 0.0884744 0.0741170 
S0355         0.4103777 0.3710941 0.4504595 0.0803115 0.0207627 0.0946527 0.1662317 0.0813595 0.1448523 0.1683350 0.0971865 0.0719085 0.0220038 0.0921421 0.0737423 0.0756963 0.1120133 0.1057525 0.0185504 0.0693317 0.0699375 0.0223236 0.0914413 0.0737631 0.0999655 0.0000000 0.0645982 0.0690603 0.0758896 0.1036776 0.0895509 0.0891527 0.0726691 0.0675884 0.0266971 0.0888521 0.0832590 0.0888856 0.0644002 0.0142073 0.1055832 0.0839837 0.0791795 0.1007119 0.1198105 0.0994839 0.0743930 0.0713507 0.0947608 0.0320406 0.1195843 0.0846980 0.0251867 0.0640061 0.0749379 0.0808114 0.0944690 0.0739294 0.0999317 0.0973900 0.0641397 0.0976856 0.0888032 0.0769523 0.0997963 0.0843546 0.0597958 0.4324987 0.0323078 0.0809617 0.0738795 0.0890932 0.0814246 0.1105601 0.0993397 0.1289646 0.0789203 0.0808940 0.0994203 0.0912167 0.0782384 0.1261514 0.0947798 0.1120143 0.0747118 0.0913933 0.0812656 0.0787791 0.0771184 0.0786914 0.1150642 0.0765848 0.0645497 0.0766889 0.0917269 0.1025701 0.1003455 0.0244191 0.0981171 0.1048956 0.0595847 0.0323737 0.0223916 0.0734280 0.0835373 0.0969757 0.0737490 0.0812147 0.0782662 0.0789681 0.0837632 0.0773250 0.0894548 0.0668113 0.0790376 0.0864952 0.0581199 0.0894269 0.0952909 0.0953153 0.0925230 0.0669759 0.1104085 0.0980476 0.0776650 0.0608733 0.1055415 0.0761757 0.0840790 0.0593604 0.0639008 0.1022879 0.0793812 0.1032380 0.0739963 0.0622952 0.1174595 0.0644048 0.0829490 0.0691554 0.0647383 
S0376         0.3744397 0.3174248 0.3621066 0.0496645 0.0755707 0.0532375 0.1207794 0.0391237 0.0819198 0.0993754 0.0607437 0.0365535 0.0866332 0.0648367 0.0405189 0.0429250 0.0649376 0.0892181 0.0577290 0.0741199 0.0633967 0.0579462 0.0601187 0.0488922 0.0872058 0.0645982 0.0000000 0.0303414 0.0340899 0.0541328 0.0565426 0.0456439 0.0102321 0.0666763 0.0573911 0.0577539 0.0486123 0.0537530 0.0653593 0.0543060 0.0679812 0.0420113 0.0379900 0.0650565 0.0737599 0.0528407 0.0459167 0.0382107 0.0524560 0.0668640 0.0855672 0.0408762 0.0565301 0.0447356 0.0370276 0.0597085 0.0471207 0.0340664 0.0471470 0.0520147 0.0398563 0.0477848 0.0628911 0.0684458 0.0514358 0.0544960 0.0392252 0.0827825 0.0515711 0.0499046 0.0420148 0.0551983 0.0540079 0.0993233 0.0621988 0.1031289 0.0474005 0.0726731 0.0848362 0.0607324 0.0501343 0.0818870 0.0459356 0.0811688 0.0530761 0.0552447 0.0511583 0.0765083 0.0395708 0.0524886 0.0784519 0.0342287 0.0429134 0.0432707 0.0563716 0.0527461 0.0528763 0.0601856 0.0594811 0.0787005 0.0622835 0.0589843 0.0603785 0.0352669 0.0707437 0.0731385 0.0405254 0.0365164 0.0429892 0.0431514 0.0467683 0.0370028 0.0592972 0.0407587 0.0469060 0.0686426 0.0319765 0.0431289 0.0689811 0.0611867 0.0538629 0.0328498 0.0680729 0.0514360 0.0487396 0.0352964 0.0742396 0.0354077 0.0606045 0.0279180 0.0276687 0.0744398 0.0528875 0.0634790 0.0502661 0.0393692 0.0918725 0.0280668 0.0472776 0.0083989 0.0427404 
S0400         0.3509549 0.2949561 0.3482101 0.0610832 0.0890242 0.0421533 0.1229777 0.0299364 0.0845474 0.1000407 0.0698258 0.0100675 0.0924296 0.0711924 0.0413640 0.0150977 0.0484261 0.0900621 0.0599279 0.0733341 0.0684356 0.0614213 0.0623766 0.0589061 0.0986409 0.0690603 0.0303414 0.0000000 0.0078064 0.0520299 0.0600830 0.0452369 0.0354922 0.0695817 0.0623416 0.0519679 0.0588581 0.0490500 0.0679017 0.0551869 0.0687986 0.0171405 0.0112594 0.0701719 0.0715418 0.0536129 0.0323160 0.0096261 0.0598501 0.0717085 0.0786060 0.0328635 0.0587393 0.0440442 0.0101937 0.0702839 0.0466980 0.0078012 0.0467239 0.0476113 0.0510885 0.0526639 0.0582523 0.0675314 0.0508717 0.0500450 0.0451330 0.0855324 0.0563367 0.0601755 0.0507549 0.0655936 0.0643981 0.0738577 0.0565748 0.1005891 0.0507874 0.0716972 0.0839863 0.0756515 0.0617837 0.0823400 0.0455235 0.0813542 0.0558271 0.0630205 0.0585387 0.0754808 0.0341867 0.0585612 0.0745094 0.0078376 0.0276651 0.0479063 0.0599021 0.0521672 0.0548766 0.0651179 0.0523721 0.0768799 0.0635659 0.0665196 0.0653532 0.0089223 0.0670518 0.0822405 0.0490972 0.0100580 0.0158526 0.0373792 0.0542029 0.0229865 0.0558855 0.0521264 0.0515547 0.0667852 0.0183465 0.0427455 0.0755906 0.0582452 0.0560611 0.0089593 0.0650502 0.0586972 0.0561210 0.0095701 0.0737863 0.0240409 0.0586714 0.0146481 0.0151674 0.0780043 0.0588402 0.0600171 0.0605426 0.0452991 0.0937515 0.0351386 0.0546214 0.0337280 0.0488045 
