108
CRNC          0.0000000 0.2190139 0.0594541 0.4505993 0.2590135 0.4181355 0.2169935 0.3950256 0.3352848 0.4590922 0.4228624 0.4055600 0.3661158 0.4540300 0.4994888 0.3509769 0.4471279 0.5057393 0.4281529 0.3281523 0.4207481 0.4668620 0.4747796 0.4224140 0.4455509 0.4809770 0.4100091 0.4488778 0.4112189 0.4678156 0.4025070 0.4179190 0.3746528 0.4446469 0.4471472 0.3976499 0.4395375 0.4986362 0.4366084 0.4417836 0.3749171 0.4032738 0.3956425 0.4725287 0.3916789 0.3747698 0.4134910 0.4533647 0.4280413 0.4288183 0.4373620 0.4688293 0.3822591 0.4126965 0.4412769 0.4445887 0.4164494 0.4216309 0.4310232 0.4419894 0.4548766 0.4376116 0.5196171 0.4428044 0.4677358 0.4426336 0.4387935 0.6370298 0.4417471 0.4992231 0.1515709 0.5376702 0.4309527 0.4185306 0.4524653 0.4623380 0.4938984 0.4715289 0.4318459 0.4741465 0.4266314 0.4545458 0.4402478 0.4680651 0.4188492 0.4661922 0.4678156 0.4433859 0.4536191 0.4530064 0.4468416 0.4439861 0.4224140 0.4306838 0.4315336 0.4121418 0.4208720 0.4421680 0.4645956 0.4689123 0.4928321 0.4373620 0.5139103 0.4489266 0.4192594 0.4419858 0.4928273 0.5246400 
HYZL          0.2190139 0.0000000 0.0618802 0.3302875 0.2392275 0.3208819 0.1886980 0.3383030 0.2353746 0.3120730 0.2896281 0.3115229 0.2780869 0.2963373 0.3396776 0.3516159 0.2982228 0.2949402 0.3321975 0.2269658 0.2893562 0.3294069 0.3156133 0.3063798 0.3162324 0.3618015 0.2900125 0.3048258 0.3156669 0.2622452 0.3077359 0.3048750 0.3124051 0.2888208 0.3120637 0.3023074 0.3313513 0.3648375 0.2835102 0.2988370 0.2525304 0.2753973 0.2772587 0.4145137 0.3042976 0.2448929 0.3109998 0.3218382 0.2936406 0.3302795 0.3016910 0.3267212 0.2836525 0.2811808 0.2870267 0.3006455 0.2784920 0.2885245 0.3056986 0.3241412 0.3263345 0.3121422 0.4481728 0.3071121 0.3424917 0.3272774 0.3097586 0.5353320 0.3045358 0.4266213 0.1411777 0.4090751 0.2925187 0.2875823 0.3308468 0.2886190 0.3997888 0.3601050 0.3851615 0.3054320 0.2848399 0.2518077 0.2881895 0.3133965 0.3061184 0.2689482 0.2839974 0.3351717 0.3044777 0.3054755 0.2975608 0.3461524 0.2981759 0.3343806 0.3023023 0.3169254 0.3119024 0.2870905 0.3048266 0.3179414 0.4095150 0.3016910 0.3553551 0.3216795 0.2803850 0.3305999 0.3426273 0.3578413 
MYZV          0.0594541 0.0618802 0.0000000 0.1919840 0.2562692 0.1499373 0.2485835 0.1919840 0.1919840 0.1919840 0.1499373 0.1919840 0.2380697 0.2963828 0.3722335 0.1919840 0.1483318 0.0000010 0.1961835 0.2182423 0.2356725 0.2460161 0.1919840 0.1919840 0.1483318 0.0000010 0.1919840 0.1919840 0.1919840 0.0000010 0.2079822 0.1416409 0.1919840 0.2004100 0.1919840 0.1919840 0.1919840 0.2550446 0.1613477 0.1919840 0.1919840 0.1919840 0.1383334 0.2755436 0.1919840 0.1383334 0.1919840 0.1862676 0.1919840 0.1919840 0.1919840 0.2460161 0.1919840 0.2057849 0.1059421 0.1919840 0.1499373 0.1961835 0.2075042 0.2316353 0.1919840 0.1919840 0.5283973 0.0000010 0.0000010 0.2004100 0.1549461 0.2755436 0.1919840 0.3280913 0.1499373 0.0000010 0.1919840 0.2223234 0.3187347 0.2963828 0.2755436 0.1919840 0.1940045 0.1919840 0.1919840 0.0000010 0.1499373 0.1919840 0.2460161 0.0000010 0.0000010 0.1919840 0.2004100 0.2052269 0.2963828 0.1919840 0.1919840 0.1919840 0.2963828 0.1919840 0.2460161 0.2963828 0.2963828 0.1919840 0.3238499 0.1919840 0.2146837 0.1919840 0.1919840 0.1559164 0.1919840 0.2539062 
SRR6441723    0.4505993 0.3302875 0.1919840 0.0000000 0.0305853 0.0784641 0.1809818 0.0722851 0.0195165 0.0983062 0.0642384 0.0787088 0.1113918 0.0719884 0.0862324 0.0977015 0.1014693 0.1113266 0.0996157 0.0423521 0.0928622 0.0975536 0.0805871 0.0603841 0.0920709 0.1000901 0.1030301 0.0536674 0.0661591 0.0837586 0.1140953 0.0725958 0.0865285 0.0971542 0.1166019 0.0746171 0.0786681 0.1108727 0.1059972 0.0924686 0.0274501 0.0533931 0.1152245 0.1459687 0.0792923 0.0998662 0.0601320 0.0938084 0.0487464 0.0727381 0.0480156 0.0667082 0.0970396 0.0541777 0.0968312 0.0796153 0.0937632 0.0972741 0.1019363 0.0982366 0.0855412 0.0763593 0.2146678 0.1194979 0.1653759 0.0882313 0.0972294 0.2834467 0.0483784 0.1449615 0.0289757 0.1157455 0.0736520 0.0970030 0.1001015 0.0796568 0.1556258 0.0870758 0.0992136 0.0820467 0.0744187 0.0913744 0.0984656 0.1064361 0.0919940 0.1150079 0.0988676 0.0909635 0.1105620 0.0717468 0.0792746 0.0801599 0.0721044 0.0997434 0.0973094 0.0727381 0.1178273 0.0848878 0.0840153 0.0983025 0.1078526 0.0480156 0.0957380 0.0706278 0.0799678 0.0866520 0.0808768 0.1057427 
ERR4210213    0.2590135 0.2392275 0.2562692 0.0305853 0.0000000 0.0635219 0.2110600 0.0305853 0.0305853 0.0305853 0.0635219 0.0305853 0.0635219 0.1013430 0.0474692 0.0305853 0.0628782 0.0000010 0.0628782 0.0340478 0.0628782 0.0000010 0.0305853 0.0305853 0.0628782 0.0000010 0.0305853 0.0305853 0.0305853 0.0000010 0.1042569 0.0313667 0.0305853 0.1013430 0.0305853 0.0305853 0.0305853 0.0668616 0.0675914 0.0305853 0.0305853 0.0305853 0.1049668 0.1535873 0.0305853 0.1049668 0.0305853 0.1172258 0.0305853 0.0305853 0.0305853 0.0651128 0.0305853 0.0000030 0.1899899 0.0305853 0.0635219 0.0628782 0.1042227 0.1013430 0.0305853 0.0305853 0.8501760 0.0000010 0.0000010 0.0299326 0.0652426 0.1535873 0.0305853 0.1961680 0.0635219 0.0000010 0.0305853 0.1483889 0.0313476 0.1013430 0.1535873 0.0305853 0.0986763 0.0305853 0.0305853 0.0000010 0.0635219 0.0305853 0.0651128 0.0000010 0.0000010 0.0305853 0.1013430 0.1031225 0.1013430 0.0305853 0.0305853 0.0976876 0.1013430 0.0305853 0.0651128 0.1013430 0.1013430 0.0305853 0.1110463 0.0305853 0.0333437 0.0305853 0.0305853 0.0319821 0.0305853 0.0663276 
ERR2789774    0.4181355 0.3208819 0.1499373 0.0784641 0.0635219 0.0000000 0.1588490 0.0357141 0.0095094 0.1007494 0.0421961 0.0306102 0.0910167 0.0606867 0.0521576 0.0550874 0.1343124 0.1184305 0.1062210 0.0308820 0.0810554 0.0793062 0.0727935 0.0251966 0.0417854 0.0446375 0.0914272 0.0427473 0.0200338 0.0855844 0.0755019 0.0542163 0.0310211 0.0789594 0.1117712 0.0368279 0.0305978 0.1059582 0.0683288 0.0864113 0.0132316 0.0425244 0.1107370 0.1395712 0.0415209 0.0953075 0.0251063 0.0944816 0.0377419 0.0253838 0.0371735 0.0553737 0.0568651 0.0431461 0.0852020 0.0868048 0.0686868 0.0804136 0.0702344 0.0864061 0.0738746 0.0652264 0.1675024 0.1227381 0.1394527 0.0704034 0.0652865 0.2414604 0.0374553 0.1386022 0.0000010 0.1087563 0.0430512 0.0788353 0.0482860 0.0561352 0.1491661 0.0478692 0.0478438 0.0763976 0.0749240 0.0933654 0.0678996 0.1073692 0.0802683 0.1359689 0.0855844 0.0412877 0.0987127 0.0772587 0.0616910 0.0419857 0.0356424 0.0478322 0.0734463 0.0204480 0.0937191 0.0614169 0.0607948 0.0932691 0.0651290 0.0371735 0.1225652 0.0595429 0.0739798 0.0312135 0.0743486 0.0732078 
PAFTOL_019361 0.2169935 0.1886980 0.2485835 0.1809818 0.2110600 0.1588490 0.0000000 0.1809818 0.1809818 0.2082087 0.1869479 0.1809818 0.2355521 0.1780125 0.2142720 0.2113918 0.1940045 0.0000010 0.2614336 0.2226807 0.2317853 0.1840415 0.1809818 0.1809818 0.2661548 0.1668774 0.1850949 0.2046760 0.1809818 0.2141418 0.2478105 0.1807241 0.2113918 0.1588490 0.2082087 0.1809818 0.1809818 0.2416277 0.2218443 0.1809818 0.1853300 0.1809818 0.2578843 0.1347112 0.2046760 0.2226959 0.2046760 0.2413879 0.1809818 0.1809818 0.1809818 0.1809818 0.1529318 0.1875384 0.1841076 0.1809818 0.1850949 0.2035621 0.1621300 0.2678524 0.2035621 0.1588490 0.2079208 0.0000010 0.4656331 0.1850807 0.1370114 0.1144189 0.1809818 0.1561476 0.1107564 0.1649326 0.2104864 0.1883677 0.2415810 0.1780125 0.1653890 0.1809818 0.1595216 0.2400971 0.1809818 0.2141418 0.2130293 0.2001116 0.1554179 0.0000010 0.2141418 0.2082087 0.1420976 0.2107695 0.1780125 0.1809818 0.1809818 0.1621300 0.2046760 0.1809818 0.2330097 0.1535106 0.1780125 0.2082087 0.2197961 0.1809818 0.1691930 0.1588490 0.1809818 0.1958838 0.1917260 0.1893153 
S0055         0.3950256 0.3383030 0.1919840 0.0722851 0.0305853 0.0357141 0.1809818 0.0000000 0.0000010 0.0924686 0.0587791 0.0250754 0.0838639 0.0541816 0.0446614 0.0669723 0.1324553 0.1261043 0.1042514 0.0203234 0.0803758 0.0786577 0.0594987 0.0198195 0.0359363 0.0579651 0.0906582 0.0482020 0.0147740 0.0905355 0.0935319 0.0531693 0.0419071 0.0909636 0.1107765 0.0421790 0.0250657 0.0914541 0.0798949 0.0796331 0.0000010 0.0479530 0.1079052 0.1218219 0.0357081 0.0929016 0.0301960 0.0807579 0.0432345 0.0199627 0.0425839 0.0610503 0.0505762 0.0486567 0.1034560 0.0799882 0.0936792 0.0784204 0.0759248 0.0731755 0.0611043 0.0708156 0.1775645 0.1650218 0.1341700 0.0822852 0.0773031 0.2189359 0.0429072 0.1210061 0.0289757 0.0993658 0.0370053 0.1036512 0.0471226 0.0738862 0.1307271 0.0418163 0.0527751 0.0757527 0.0683017 0.0981787 0.0793831 0.1064052 0.0861829 0.1303377 0.0905355 0.0355110 0.1035859 0.0704583 0.0609384 0.0361079 0.0300380 0.0307220 0.0658813 0.0305348 0.0913831 0.0664662 0.0657977 0.0924666 0.0586535 0.0425839 0.1439516 0.0650998 0.0674520 0.0308651 0.0817755 0.0790205 
S0196sl       0.3352848 0.2353746 0.1919840 0.0195165 0.0305853 0.0095094 0.1809818 0.0000010 0.0000000 0.0196574 0.0293706 0.0096149 0.0620183 0.0296397 0.0320702 0.0426355 0.0280518 0.0000010 0.0517907 0.0203234 0.0297609 0.0292378 0.0000010 0.0000010 0.0299126 0.0463465 0.0395752 0.0095094 0.0000010 0.0303272 0.0406089 0.0097269 0.0300129 0.0512157 0.0297609 0.0098296 0.0096400 0.0297688 0.0524087 0.0096400 0.0000010 0.0197007 0.0765741 0.1033983 0.0195243 0.0642946 0.0095094 0.0416591 0.0000022 0.0000010 0.0000010 0.0200771 0.0194103 0.0202390 0.0738009 0.0096400 0.0533896 0.0297638 0.0197423 0.0399318 0.0094786 0.0299126 0.1653205 4.2878544 0.1347524 0.0296397 0.0201459 0.0782708 0.0000010 0.1158380 0.0289757 0.0295156 0.0095791 0.0632263 0.0300873 0.0304388 0.1198889 0.0000022 0.0755600 0.0195342 0.0096400 0.0463465 0.0513876 0.0413877 0.0404762 0.0000010 0.0303272 0.0296369 0.0746565 0.0396279 0.0406213 0.0000010 0.0000010 0.0198161 0.0405069 0.0095720 0.0401763 0.0407448 0.0296397 0.0303149 0.0764448 0.0000010 0.0000030 0.0197666 0.0096400 0.0099009 0.0299126 0.0403947 
S0278         0.4590922 0.3120730 0.1919840 0.0983062 0.0305853 0.1007494 0.2082087 0.0924686 0.0196574 0.0000000 0.0791409 0.0941245 0.0391135 0.0716589 0.1307987 0.1169984 0.0396966 0.1177855 0.0917988 0.0000022 0.0421563 0.0593308 0.0873620 0.0870319 0.1006840 0.1362536 0.0528314 0.0801401 0.0807631 0.0870652 0.0784035 0.0665749 0.0865213 0.1083453 0.0203835 0.1176717 0.0867415 0.0368992 0.0533992 0.0534348 0.0134873 0.0724260 0.0975148 0.1375524 0.1070085 0.0898971 0.1002200 0.0949151 0.0683832 0.0878430 0.0739982 0.0752978 0.0757429 0.0735351 0.1079719 0.0420868 0.0656646 0.0760235 0.0869758 0.0868388 0.0743004 0.0725538 0.1886299 0.1766243 0.1423123 0.0796445 0.0747975 0.2372483 0.0745807 0.1366147 0.0289757 0.1449854 0.0672686 0.1093075 0.1083765 0.0858137 0.1469265 0.0956243 0.1303788 0.0212958 0.0425093 0.0943517 0.0473130 0.0373248 0.0909725 0.1146352 0.0728829 0.0942291 0.0958833 0.1041112 0.0717737 0.0884109 0.0922141 0.1087528 0.0656844 0.0935007 0.0829749 0.0780747 0.0772835 0.0152824 0.1316454 0.0739982 0.0325968 0.0667160 0.0533422 0.1028080 0.0937945 0.1327031 
S0281         0.4228624 0.2896281 0.1499373 0.0642384 0.0635219 0.0421961 0.1869479 0.0587791 0.0293706 0.0791409 0.0000000 0.0534515 0.0781888 0.0474482 0.0749989 0.0877858 0.0816195 0.0683024 0.0780358 0.0531160 0.0788979 0.0594964 0.0730744 0.0474852 0.0656758 0.0743009 0.0771382 0.0306711 0.0419491 0.0734962 0.0734954 0.0521668 0.0602834 0.0707084 0.0778143 0.0606365 0.0534266 0.0842184 0.0665624 0.0659533 0.0267978 0.0201292 0.0803333 0.1207110 0.0652790 0.0667414 0.0472988 0.0787932 0.0257799 0.0478693 0.0254049 0.0423241 0.0690607 0.0204064 0.0705095 0.0662330 0.0669047 0.0708036 0.0620073 0.0714260 0.0596513 0.0305658 0.1525046 0.0772148 0.0987132 0.0621683 0.0571565 0.2562274 0.0255912 0.1199120 0.0000010 0.0889537 0.0367797 0.0649112 0.0727062 0.0541552 0.1294881 0.0607017 0.0666618 0.0551382 0.0607242 0.0807381 0.0600265 0.0852814 0.0656780 0.0820701 0.0594086 0.0648894 0.0713538 0.0632834 0.0538739 0.0544302 0.0586443 0.0666102 0.0708258 0.0478693 0.0777078 0.0592570 0.0586782 0.0722822 0.0854269 0.0254049 0.0684221 0.0358753 0.0658374 0.0545491 0.0380763 0.0663063 
S0282         0.4055600 0.3115229 0.1919840 0.0787088 0.0305853 0.0306102 0.1809818 0.0250754 0.0096149 0.0941245 0.0534515 0.0000000 0.0778310 0.0487814 0.0382824 0.0614243 0.1127486 0.0983692 0.0938181 0.0312775 0.0747047 0.0731044 0.0605480 0.0148593 0.0255144 0.0451600 0.0850862 0.0428559 0.0098444 0.0767595 0.0877761 0.0537870 0.0366687 0.0914661 0.1051055 0.0369170 0.0200464 0.0993265 0.0742525 0.0679024 0.0134391 0.0426314 0.0960701 0.1384529 0.0416228 0.0790514 0.0251601 0.0811889 0.0378361 0.0149653 0.0372645 0.0555290 0.0507978 0.0432571 0.0978386 0.0804096 0.0879353 0.0555209 0.0763257 0.0735434 0.0613875 0.0654138 0.1821230 0.1362576 0.1382250 0.0764941 0.0714370 0.2490574 0.0375480 0.1374984 0.0289757 0.1000741 0.0317204 0.0980159 0.0366894 0.0682634 0.1479543 0.0365988 0.0475087 0.0699838 0.0686395 0.0843268 0.0737804 0.1006368 0.0805263 0.1142258 0.0767595 0.0304366 0.0979715 0.0650755 0.0554269 0.0309522 0.0250292 0.0474975 0.0599812 0.0203789 0.0857543 0.0554717 0.0488681 0.0867871 0.0533465 0.0372645 0.1223969 0.0597092 0.0677796 0.0257171 0.0829029 0.0734330 
S0289         0.3661158 0.2780869 0.2380697 0.1113918 0.0635219 0.0910167 0.2355521 0.0838639 0.0620183 0.0391135 0.0781888 0.0778310 0.0000000 0.0702672 0.1019045 0.1059929 0.0344293 0.0916187 0.1113397 0.0408894 0.0439213 0.0693814 0.0918368 0.0772078 0.0902163 0.1247625 0.0445130 0.0923302 0.0708498 0.1019125 0.0837227 0.0855888 0.0829885 0.1224144 0.0384218 0.0990492 0.0769115 0.0510308 0.0627758 0.0628361 0.0572477 0.0640525 0.1115577 0.1552639 0.1039573 0.0960150 0.0905444 0.1226520 0.0791346 0.0779358 0.0856772 0.1000707 0.0988733 0.0650788 0.1287413 0.0565324 0.0690830 0.0871386 0.1072234 0.0997007 0.0993874 0.0766001 0.1929604 0.1559107 0.1343402 0.0988787 0.0938497 0.1725242 0.0863951 0.1541289 0.0600178 0.1686182 0.0760616 0.1304267 0.0982474 0.0852795 0.1570788 0.0856982 0.1145993 0.0402258 0.0571420 0.1099216 0.0621080 0.0516710 0.1104257 0.1082119 0.0863615 0.0829505 0.1024256 0.0982094 0.0645412 0.0784488 0.0825540 0.0925643 0.0639314 0.0837465 0.0821449 0.0770682 0.0699501 0.0329293 0.1152869 0.0856772 0.0173018 0.0829717 0.0688403 0.0929394 0.1023253 0.0921988 
S0292         0.4540300 0.2963373 0.2963828 0.0719884 0.1013430 0.0606867 0.1780125 0.0541816 0.0296397 0.0716589 0.0474482 0.0487814 0.0702672 0.0000000 0.0620629 0.0970917 0.0914806 0.0315494 0.0831891 0.0423521 0.0598558 0.0527734 0.0684425 0.0428011 0.0545644 0.0765483 0.0698807 0.0370032 0.0372204 0.0443104 0.0719389 0.0399692 0.0681118 0.0636802 0.0821046 0.0684985 0.0425877 0.0766517 0.0595040 0.0589668 0.0419019 0.0368099 0.0786205 0.1150030 0.0732084 0.0653416 0.0543729 0.0665567 0.0320048 0.0431493 0.0315259 0.0375657 0.0566956 0.0373411 0.0635119 0.0592083 0.0721094 0.0526097 0.0617439 0.0482308 0.0481139 0.0591157 0.1336589 0.0935737 0.0874125 0.0550935 0.0501321 0.2377561 0.0317639 0.1142435 0.0953794 0.0756437 0.0312008 0.0778543 0.0680715 0.0258853 0.1236589 0.0678627 0.0800445 0.0491336 0.0482376 0.0510041 0.0532325 0.0775925 0.0475849 0.0432667 0.0443104 0.0539002 0.0636305 0.0588069 0.0049501 0.0613623 0.0478261 0.0799764 0.0306369 0.0550583 0.0703697 0.0099073 0.0098198 0.0650675 0.0808803 0.0315259 0.0855387 0.0535260 0.0476682 0.0556758 0.0745868 0.0809813 
S0293         0.4994888 0.3396776 0.3722335 0.0862324 0.0474692 0.0521576 0.2142720 0.0446614 0.0320702 0.1307987 0.0749989 0.0382824 0.1019045 0.0620629 0.0000000 0.0709488 0.1161372 0.0853906 0.1212799 0.0503822 0.1047392 0.0940919 0.0778725 0.0185985 0.0389114 0.0464274 0.1094910 0.0619525 0.0249389 0.0762024 0.1133778 0.0790453 0.0530820 0.1100870 0.1447900 0.0469547 0.0382622 0.1373512 0.0946715 0.1041426 0.0157984 0.0689198 0.1144049 0.1623616 0.0527777 0.1049423 0.0251018 0.0789461 0.0631638 0.0317078 0.0619525 0.0788189 0.0643676 0.0698306 0.1103995 0.1047675 0.1060453 0.1101664 0.1170350 0.0867573 0.0872712 0.0914178 0.2381308 0.1073272 0.1621371 0.1079052 0.1103248 0.2833915 0.0625522 0.1609233 0.0956692 0.1056597 0.0470884 0.1005327 0.0598993 0.0879397 0.1623638 0.0464424 0.0461813 0.0819889 0.0893570 0.0854267 0.0944498 0.1270707 0.1122638 0.1007286 0.0945412 0.0447577 0.1003019 0.0624053 0.0709421 0.0391443 0.0314125 0.0742755 0.0852591 0.0455083 0.1189570 0.0780102 0.0770052 0.1206768 0.0534839 0.0619525 0.1612402 0.0839536 0.0879122 0.0385499 0.1119621 0.1020617 
S0294         0.3509769 0.3516159 0.1919840 0.0977015 0.0305853 0.0550874 0.2113918 0.0669723 0.0426355 0.1169984 0.0877858 0.0614243 0.1059929 0.0970917 0.0709488 0.0000000 0.1141412 0.1165296 0.1032677 0.0441102 0.0963081 0.1089345 0.1107811 0.0550919 0.0743624 0.0618048 0.1220844 0.0762604 0.0492733 0.1040967 0.1194202 0.0906148 0.0313493 0.1158740 0.1282906 0.0570352 0.0613938 0.1384868 0.0957208 0.0889058 0.0449961 0.0684253 0.1105870 0.1808772 0.0609008 0.1042281 0.0434235 0.1126817 0.0641755 0.0555623 0.0699549 0.0839793 0.0767200 0.0695024 0.1227079 0.0893236 0.0678418 0.1014106 0.1044734 0.1171390 0.1033200 0.0874771 0.1988535 0.1087664 0.1512216 0.0984801 0.0996524 0.2777827 0.0705239 0.1795659 0.0289757 0.1586901 0.0768439 0.0936064 0.0800486 0.0989012 0.1918057 0.0816108 0.0778913 0.1070419 0.0771105 0.1123094 0.0950620 0.1404611 0.0953011 0.1338036 0.1040967 0.0682575 0.1235108 0.1021113 0.0884782 0.0747337 0.0550919 0.0942695 0.1182895 0.0489106 0.1013035 0.1045083 0.1033368 0.1090474 0.0925534 0.0699549 0.1218371 0.0813107 0.0761127 0.0688736 0.1146788 0.1116852 
S0299         0.4471279 0.2982228 0.1483318 0.1014693 0.0628782 0.1343124 0.1940045 0.1324553 0.0280518 0.0396966 0.0816195 0.1127486 0.0344293 0.0914806 0.1161372 0.1141412 0.0000000 0.0902352 0.0942330 0.0309354 0.0731822 0.0646220 0.1407640 0.1127486 0.0855663 0.1540958 0.0550012 0.0927195 0.1032244 0.1016483 0.1124963 0.0972338 0.1020632 0.1504563 0.0468580 0.1271055 0.0938336 0.0478261 0.0730088 0.0646098 0.0280518 0.0814117 0.1028716 0.1719031 0.1452576 0.0914806 0.1042087 0.1078741 0.0927195 0.1143679 0.0927195 0.1120804 0.0903104 0.0825264 0.1311790 0.0473152 0.0730225 0.1074045 0.1274156 0.1259779 0.1073108 0.0902782 0.2411917 0.1127187 0.1442901 0.1149890 0.1053268 0.3706423 0.0927195 0.1701446 0.0594412 0.1975336 0.0851647 0.1095636 0.1353001 0.1119712 0.1719072 0.1254187 0.1224048 0.0323663 0.0480322 0.1016483 0.0633901 0.0307677 0.1232764 0.1045269 0.0776458 0.0938336 0.1098701 0.0935267 0.0816162 0.1154899 0.0940808 0.1559400 0.0915211 0.1122492 0.1106430 0.0909268 0.1000129 0.0227431 0.1268132 0.0927195 0.0401099 0.0902782 0.0644428 0.1251087 0.1048838 0.1517100 
S0303         0.5057393 0.2949402 0.0000010 0.1113266 0.0000010 0.1184305 0.0000010 0.1261043 0.0000010 0.1177855 0.0683024 0.0983692 0.0916187 0.0315494 0.0853906 0.1165296 0.0902352 0.0000000 0.0930957 0.0000010 0.0800567 0.0658645 0.1679988 0.0983692 0.0842326 0.1024035 0.0896409 0.0709307 0.0850680 0.0102525 0.0924357 0.0697272 0.0989581 0.0785847 0.1266554 0.0901210 0.0828661 0.1154344 0.0535189 0.0783575 0.0000010 0.0562696 0.0105459 0.1307866 0.1442970 0.0000010 0.0862085 0.0695336 0.0709307 0.1003540 0.0709307 0.0836818 0.0896953 0.0562696 0.0542547 0.0790459 0.0541372 0.0312678 0.0981170 0.0825661 0.0973102 0.0927648 0.1148084 0.0563442 0.0719962 0.0709014 0.0709014 0.4812046 0.0709307 0.1153015 0.0000010 0.1450931 0.0566263 0.0563442 0.0855594 0.0570032 0.1307846 0.1625101 0.0850680 0.0703194 0.0560574 0.0102525 0.0423387 0.1019042 0.0564325 0.0104089 0.0102525 0.0828661 0.0538199 0.0704961 0.0207762 0.1474113 0.0831747 0.1597244 0.0554758 0.0847872 0.0776453 0.0324027 0.0436931 0.0888603 0.0858404 0.0709307 0.1165506 0.0927648 0.0546968 0.1135188 0.1430664 0.1469162 
S0308         0.4281529 0.3321975 0.1961835 0.0996157 0.0628782 0.1062210 0.2614336 0.1042514 0.0517907 0.0917988 0.0780358 0.0938181 0.1113397 0.0831891 0.1212799 0.1032677 0.0942330 0.0930957 0.0000000 0.0535133 0.1039168 0.0967733 0.1171279 0.0992719 0.0939082 0.1099300 0.1286402 0.0790116 0.0928931 0.0886295 0.1262924 0.0915681 0.0861849 0.0863847 0.1025043 0.1028096 0.0989879 0.1032287 0.1033184 0.0588606 0.0424739 0.0714202 0.0909521 0.1520038 0.0976145 0.0850669 0.0863410 0.1043508 0.0674065 0.1002170 0.0729512 0.0864559 0.1013001 0.0724999 0.0889323 0.0705475 0.0914080 0.0596353 0.1125838 0.1085831 0.0959040 0.0833303 0.1969062 0.1098158 0.0846529 0.1142296 0.1095027 0.3023776 0.0735179 0.1509956 0.0594412 0.1485768 0.0670037 0.0984117 0.1303754 0.0911512 0.1614010 0.1161905 0.1274096 0.0945276 0.0651396 0.0960865 0.0960154 0.0979495 0.0777822 0.1078784 0.0741349 0.1067145 0.1011796 0.1113137 0.0907366 0.1085713 0.0919143 0.1345116 0.1011212 0.1002170 0.1148452 0.0963450 0.0833337 0.0846832 0.1286316 0.0729512 0.0867673 0.0774806 0.0701326 0.1024928 0.0982666 0.1308268 
S0320         0.3281523 0.2269658 0.2182423 0.0423521 0.0340478 0.0308820 0.2226807 0.0203234 0.0203234 0.0000022 0.0531160 0.0312775 0.0408894 0.0423521 0.0503822 0.0441102 0.0309354 0.0000010 0.0535133 0.0000000 0.0098512 0.0528259 0.0203234 0.0203234 0.0541175 0.0462171 0.0412388 0.0308820 0.0203234 0.0302624 0.0423646 0.0206741 0.0310000 0.0528975 0.0098512 0.0319941 0.0313607 0.0310255 0.0312152 0.0099515 0.0141245 0.0307311 0.0791846 0.0919887 0.0201568 0.0664722 0.0308820 0.0562746 0.0101786 0.0203234 0.0203234 0.0318016 0.0421070 0.0316076 0.0762290 0.0099515 0.0318264 0.0307341 0.0428675 0.0424819 0.0307760 0.0414824 0.1939602 4.2878544 0.1337629 0.0536237 0.0437983 0.0671586 0.0206250 0.1043675 0.0320620 0.0633523 0.0311573 0.0653350 0.0545320 0.0435552 0.1080453 0.0206253 0.1061164 0.0203453 0.0099515 0.0462171 0.0306121 0.0432148 0.0418058 0.0000010 0.0302624 0.0434726 0.0771348 0.0645032 0.0545320 0.0203234 0.0203234 0.0430100 0.0312775 0.0311140 0.0414862 0.0547010 0.0423521 0.0100294 0.1073473 0.0203234 0.0000020 0.0308367 0.0099515 0.0322529 0.0541175 0.0659012 
S0327         0.4207481 0.2893562 0.2356725 0.0928622 0.0628782 0.0810554 0.2317853 0.0803758 0.0297609 0.0421563 0.0788979 0.0747047 0.0439213 0.0598558 0.1047392 0.0963081 0.0731822 0.0800567 0.1039168 0.0098512 0.0000000 0.0705939 0.0984249 0.0680186 0.0810069 0.1027876 0.0417218 0.0678238 0.0619716 0.0657167 0.0663255 0.0600498 0.0676291 0.0837271 0.0523201 0.0805602 0.0677405 0.0536328 0.0421723 0.0645495 0.0273373 0.0605100 0.0915432 0.1456049 0.0871941 0.0777016 0.0806667 0.0946231 0.0562554 0.0686258 0.0618110 0.0750591 0.0697078 0.0614251 0.0954740 0.0529664 0.0540409 0.0643655 0.0751939 0.0865717 0.0800916 0.0842386 0.1880878 0.1351089 0.1120515 0.0737517 0.0688527 0.2173449 0.0622961 0.1446040 0.0594412 0.1288169 0.0553068 0.0966573 0.0823949 0.0734226 0.1457271 0.0884594 0.1092627 0.0316139 0.0479536 0.0727686 0.0471655 0.0596847 0.0786368 0.0941861 0.0657167 0.0747903 0.0956040 0.0914136 0.0599452 0.0814124 0.0731924 0.0960324 0.0654812 0.0742189 0.0710231 0.0660593 0.0653990 0.0362748 0.1103707 0.0618110 0.0668587 0.0783289 0.0531761 0.0827134 0.1013243 0.1166535 
S0335         0.4668620 0.3294069 0.2460161 0.0975536 0.0000010 0.0793062 0.1840415 0.0786577 0.0292378 0.0593308 0.0594964 0.0731044 0.0693814 0.0527734 0.0940919 0.1089345 0.0646220 0.0658645 0.0967733 0.0528259 0.0705939 0.0000000 0.0945908 0.0665813 0.0792592 0.1172481 0.0690697 0.0602549 0.0606689 0.0713140 0.0638309 0.0586917 0.0793051 0.1009548 0.0696480 0.0947273 0.0663112 0.0642899 0.0588023 0.0471935 0.0270582 0.0599453 0.0967914 0.1321579 0.0993305 0.0828309 0.0789367 0.0920297 0.0552994 0.0671618 0.0544583 0.0737846 0.0678992 0.0490742 0.1006199 0.0473790 0.0712485 0.0693637 0.0728135 0.0842281 0.0662392 0.0716649 0.1534999 0.1180378 0.1308389 0.0538956 0.0611408 0.2466427 0.0548756 0.1312500 0.0614269 0.1000679 0.0539273 0.1018591 0.0732873 0.0656825 0.1414988 0.0813034 0.0939957 0.0485443 0.0421117 0.0783211 0.0526118 0.0650587 0.0838185 0.0790786 0.0576705 0.0783010 0.0887286 0.0713012 0.0528470 0.0744636 0.0716536 0.0876653 0.0587824 0.0726391 0.0760963 0.0587132 0.0581444 0.0477404 0.0949620 0.0544583 0.0580739 0.0658904 0.0471125 0.0808957 0.0910027 0.1140042 
S0376         0.4747796 0.3156133 0.1919840 0.0805871 0.0305853 0.0727935 0.1809818 0.0594987 0.0000010 0.0873620 0.0730744 0.0605480 0.0918368 0.0684425 0.0778725 0.1107811 0.1407640 0.1679988 0.1171279 0.0203234 0.0984249 0.0945908 0.0000000 0.0430355 0.0732282 0.1082473 0.1090335 0.0620181 0.0486165 0.0952440 0.1127454 0.0758161 0.0806591 0.1028690 0.1154247 0.0810749 0.0605182 0.1094702 0.0978190 0.1022216 0.0000010 0.0616916 0.1262685 0.1562032 0.0735535 0.1100436 0.0662315 0.1037674 0.0569389 0.0547908 0.0560505 0.0759967 0.0648869 0.0626431 0.1077828 0.1027122 0.1128466 0.0943093 0.0989594 0.0952607 0.0822608 0.0859096 0.2146142 0.2104019 0.1635774 0.0991130 0.0940889 0.2319011 0.0564919 0.1550975 0.0289757 0.0964985 0.0379560 0.1211161 0.0740892 0.0897769 0.1663326 0.0681959 0.0927988 0.0725754 0.0903517 0.1032617 0.0955000 0.1109672 0.1028102 0.1630172 0.1111253 0.0723423 0.1079153 0.0733740 0.0758517 0.0616721 0.0658398 0.0855014 0.0943444 0.0670911 0.1100142 0.0816234 0.0807616 0.0964181 0.0870178 0.0560505 0.1536369 0.0798785 0.0891757 0.0678373 0.1101128 0.0804846 
S0400         0.4224140 0.3063798 0.1919840 0.0603841 0.0305853 0.0251966 0.1809818 0.0198195 0.0000010 0.0870319 0.0474852 0.0148593 0.0772078 0.0428011 0.0185985 0.0550919 0.1127486 0.0983692 0.0992719 0.0203234 0.0680186 0.0665813 0.0430355 0.0000000 0.0253581 0.0444146 0.0783471 0.0370191 0.0048643 0.0609770 0.0807732 0.0471294 0.0310337 0.0725470 0.0979042 0.0312505 0.0148539 0.0921963 0.0676074 0.0733210 0.0000010 0.0368254 0.0946940 0.1302253 0.0254164 0.0802553 0.0198861 0.0743434 0.0320131 0.0098576 0.0315333 0.0493152 0.0445473 0.0373577 0.0786994 0.0736429 0.0809414 0.0663735 0.0694698 0.0669592 0.0550577 0.0591849 0.1720021 0.1362576 0.1275939 0.0696366 0.0645760 0.2207089 0.0317717 0.1293407 0.0289757 0.0763806 0.0261018 0.0909834 0.0361892 0.0617362 0.1394197 0.0204442 0.0416937 0.0571507 0.0620594 0.0682495 0.0671891 0.0933928 0.0737609 0.1142258 0.0754523 0.0250557 0.0788315 0.0476713 0.0492256 0.0151286 0.0197844 0.0416886 0.0663945 0.0201018 0.0789376 0.0546949 0.0541531 0.0798908 0.0474027 0.0315333 0.1223969 0.0535789 0.0612918 0.0203205 0.0747411 0.0668664 
S0405         0.4455509 0.3162324 0.1483318 0.0920709 0.0628782 0.0417854 0.2661548 0.0359363 0.0299126 0.1006840 0.0656758 0.0255144 0.0902163 0.0545644 0.0389114 0.0743624 0.0855663 0.0842326 0.0939082 0.0541175 0.0810069 0.0792592 0.0732282 0.0253581 0.0000000 0.0593572 0.0913714 0.0548685 0.0201639 0.0839560 0.0942964 0.0613564 0.0482883 0.0978584 0.1116972 0.0485934 0.0203127 0.1058889 0.0805182 0.0801151 0.0278060 0.0545825 0.1088253 0.1544891 0.0474460 0.0936538 0.0360593 0.0817646 0.0498469 0.0255481 0.0490835 0.0682568 0.0578700 0.0554029 0.0917973 0.0867526 0.0944434 0.0729318 0.0842445 0.0811302 0.0686161 0.0780981 0.1939830 0.1379981 0.1388067 0.0829472 0.0779266 0.2524475 0.0494624 0.1534066 0.0594412 0.1097421 0.0372513 0.1062100 0.0536212 0.0744536 0.1644810 0.0481667 0.0594488 0.0763520 0.0748803 0.0916115 0.0799973 0.1072978 0.0868654 0.0994106 0.0839560 0.0308384 0.0976612 0.0659397 0.0613842 0.0422489 0.0253581 0.0594213 0.0790457 0.0364774 0.0854630 0.0669574 0.0603895 0.0932107 0.0655176 0.0490835 0.1213067 0.0722296 0.0739373 0.0368771 0.0995027 0.0867651 
S0412sl       0.4809770 0.3618015 0.0000010 0.1000901 0.0000010 0.0446375 0.1668774 0.0579651 0.0463465 0.1362536 0.0743009 0.0451600 0.1247625 0.0765483 0.0464274 0.0618048 0.1540958 0.1024035 0.1099300 0.0462171 0.1027876 0.1172481 0.1082473 0.0444146 0.0593572 0.0000000 0.1259848 0.0682410 0.0377922 0.0687710 0.1210799 0.1042834 0.0450730 0.0980293 0.1498757 0.0462483 0.0515215 0.1525293 0.1004384 0.1014004 0.0551109 0.0594248 0.0947607 0.1562220 0.0510606 0.0845870 0.0311846 0.1016938 0.0542543 0.0448447 0.0609689 0.0691703 0.0972933 0.0598482 0.0896991 0.1019882 0.0867459 0.0833300 0.1147427 0.1101940 0.1105936 0.0736704 0.1543828 0.1112020 0.1488155 0.1156130 0.1181795 0.3022259 0.0615487 0.1464966 0.0000010 0.1361717 0.0688507 0.0823984 0.0515241 0.0863954 0.1684535 0.0745315 0.0744503 0.1247200 0.0870618 0.0761860 0.1009543 0.1661133 0.0923831 0.1190740 0.0687710 0.0592694 0.1074205 0.0908626 0.0858893 0.0666672 0.0444146 0.0745430 0.1015941 0.0312689 0.1157408 0.0767019 0.0917651 0.1262793 0.0803088 0.0609689 0.1779685 0.0666445 0.0856960 0.0593231 0.1123632 0.1002369 
S0417         0.4100091 0.2900125 0.1919840 0.1030301 0.0305853 0.0914272 0.1850949 0.0906582 0.0395752 0.0528314 0.0771382 0.0850862 0.0445130 0.0698807 0.1094910 0.1220844 0.0550012 0.0896409 0.1286402 0.0412388 0.0417218 0.0690697 0.1090335 0.0783471 0.0913714 0.1259848 0.0000000 0.0780933 0.0723261 0.1004895 0.0648644 0.0710862 0.0914289 0.1074535 0.0407849 0.1074397 0.0780663 0.0577190 0.0528692 0.0755581 0.0267978 0.0659637 0.1033502 0.1228270 0.1119576 0.0891040 0.0909773 0.1049559 0.0732270 0.0790462 0.0721102 0.0924651 0.0802573 0.0669613 0.1194332 0.0637621 0.0650344 0.0869078 0.0912763 0.0967962 0.0843534 0.0778349 0.1698001 0.1442979 0.1498201 0.0839841 0.0792612 0.2343362 0.0726648 0.1369953 0.0289757 0.1492998 0.0655642 0.1209004 0.0986782 0.0836269 0.1473333 0.0988920 0.1196760 0.0369627 0.0587965 0.0933771 0.0578153 0.0583916 0.1023820 0.1037856 0.1004895 0.0902779 0.1072111 0.1014627 0.0699891 0.0918159 0.0834017 0.1002110 0.0640565 0.0845406 0.0705708 0.0761222 0.0753691 0.0467705 0.1208359 0.0721102 0.0483817 0.0838587 0.0640202 0.0932512 0.0834381 0.1138594 
S0419         0.4488778 0.3048258 0.1919840 0.0536674 0.0305853 0.0427473 0.2046760 0.0482020 0.0095094 0.0801401 0.0306711 0.0428559 0.0923302 0.0370032 0.0619525 0.0762604 0.0927195 0.0709307 0.0790116 0.0308820 0.0678238 0.0602549 0.0620181 0.0370191 0.0548685 0.0682410 0.0780933 0.0000000 0.0315333 0.0675104 0.0744392 0.0406937 0.0494347 0.0715891 0.0908934 0.0497513 0.0428367 0.0852624 0.0674162 0.0667938 0.0000010 0.0203950 0.0875341 0.1221736 0.0545221 0.0735225 0.0260615 0.0677067 0.0049251 0.0373141 0.0048556 0.0202097 0.0577041 0.0206796 0.0713847 0.0670804 0.0677651 0.0600663 0.0628273 0.0605770 0.0489254 0.0416995 0.1620274 0.0800715 0.1088286 0.0629899 0.0579305 0.2417896 0.0048901 0.1213580 0.0289757 0.0829532 0.0378088 0.0714783 0.0616576 0.0434541 0.1236200 0.0614891 0.0734525 0.0567531 0.0556852 0.0747731 0.0607977 0.0863492 0.0548914 0.0852906 0.0675104 0.0541983 0.0841468 0.0528618 0.0432162 0.0551389 0.0480962 0.0733987 0.0600824 0.0373141 0.0786776 0.0486149 0.0481411 0.0731980 0.0742263 0.0048556 0.0796516 0.0363371 0.0550052 0.0435423 0.0451207 0.0671568 
S0427         0.4112189 0.3156669 0.1919840 0.0661591 0.0305853 0.0200338 0.1809818 0.0147740 0.0000010 0.0807631 0.0419491 0.0098444 0.0708498 0.0372204 0.0249389 0.0492733 0.1032244 0.0850680 0.0928931 0.0203234 0.0619716 0.0606689 0.0486165 0.0048643 0.0201639 0.0377922 0.0723261 0.0315333 0.0000000 0.0681013 0.0745404 0.0409623 0.0256997 0.0784637 0.0916226 0.0258852 0.0098410 0.0859341 0.0615953 0.0672740 0.0000010 0.0313679 0.0882480 0.1233254 0.0306377 0.0740747 0.0148236 0.0682030 0.0265086 0.0048979 0.0261133 0.0435641 0.0387306 0.0318178 0.0846645 0.0675656 0.0747151 0.0604775 0.0632831 0.0609978 0.0492415 0.0534857 0.1639219 0.1225182 0.1187075 0.0634474 0.0583462 0.2288535 0.0263099 0.1224919 0.0289757 0.0837433 0.0207517 0.0847981 0.0308267 0.0557848 0.1323411 0.0256663 0.0362588 0.0571507 0.0560656 0.0754523 0.0612198 0.0870414 0.0676832 0.1003446 0.0681013 0.0199225 0.0847976 0.0532005 0.0434845 0.0202606 0.0147488 0.0362582 0.0604949 0.0149813 0.0728555 0.0489266 0.0484456 0.0737445 0.0418847 0.0261133 0.1120067 0.0479315 0.0553758 0.0151451 0.0674496 0.0609189 
S0430         0.4678156 0.2622452 0.0000010 0.0837586 0.0000010 0.0855844 0.2141418 0.0905355 0.0303272 0.0870652 0.0734962 0.0767595 0.1019125 0.0443104 0.0762024 0.1040967 0.1016483 0.0102525 0.0886295 0.0302624 0.0657167 0.0713140 0.0952440 0.0609770 0.0839560 0.0687710 0.1004895 0.0675104 0.0681013 0.0000000 0.0881773 0.0673275 0.0833719 0.0580627 0.0995548 0.0797745 0.0751093 0.1010224 0.0643325 0.0577052 0.0551109 0.0588269 0.0317189 0.1351015 0.0838214 0.0245822 0.0760190 0.0742766 0.0537048 0.0762761 0.0603361 0.0684187 0.0860672 0.0592409 0.0440547 0.0579870 0.0663162 0.0243034 0.0759286 0.0818951 0.0822026 0.0870950 0.1138892 0.0803500 0.1039343 0.0678469 0.0692337 0.2590450 0.0609033 0.1260086 0.0000010 0.1007225 0.0596318 0.0588694 0.0607749 0.0607981 0.1463412 0.0942871 0.1101553 0.0679765 0.0448907 0.0059840 0.0575120 0.1113530 0.0589275 0.0210746 0.0120300 0.0838003 0.0580215 0.0600057 0.0447150 0.0855877 0.0672014 0.1102172 0.0598197 0.0604478 0.0709724 0.0383878 0.0517894 0.0788663 0.1087804 0.0603361 0.1282660 0.0800385 0.0442587 0.0928289 0.1204300 0.1260972 
S0478         0.4025070 0.3077359 0.2079822 0.1140953 0.1042569 0.0755019 0.2478105 0.0935319 0.0406089 0.0784035 0.0734954 0.0877761 0.0837227 0.0719389 0.1133778 0.1194202 0.1124963 0.0924357 0.1262924 0.0423646 0.0663255 0.0638309 0.1127454 0.0807732 0.0942964 0.1210799 0.0648644 0.0744392 0.0745404 0.0881773 0.0000000 0.0734018 0.0880486 0.0920349 0.0889867 0.1044048 0.0804820 0.0834470 0.0430328 0.0778079 0.0274636 0.0740506 0.1197146 0.1271186 0.1090861 0.1043889 0.0876078 0.1084060 0.0694016 0.0815203 0.0683105 0.0890957 0.0828077 0.0752133 0.1042073 0.0781474 0.0495029 0.0895348 0.0815739 0.0998884 0.0869910 0.0988934 0.1600374 0.1355995 0.1329093 0.0686180 0.0636195 0.2237896 0.0688511 0.1262355 0.0305842 0.1366004 0.0675226 0.1055323 0.1019046 0.0801218 0.1364669 0.1099560 0.1102530 0.0554570 0.0666965 0.0956125 0.0481395 0.0844921 0.0993456 0.1071562 0.0881773 0.0931345 0.1106260 0.1046805 0.0720551 0.1023990 0.0859843 0.0968522 0.0659218 0.0810156 0.0847322 0.0784055 0.0776051 0.0716068 0.1249998 0.0683105 0.0973572 0.0927228 0.0658836 0.0897224 0.1182931 0.1245739 
S0552sl       0.4179190 0.3048750 0.1416409 0.0725958 0.0313667 0.0542163 0.1807241 0.0531693 0.0097269 0.0665749 0.0521668 0.0537870 0.0855888 0.0399692 0.0790453 0.0906148 0.0972338 0.0697272 0.0915681 0.0206741 0.0600498 0.0586917 0.0758161 0.0471294 0.0613564 0.1042834 0.0710862 0.0406937 0.0409623 0.0673275 0.0734018 0.0000000 0.0683647 0.0843365 0.0780687 0.0758992 0.0477891 0.0717513 0.0596610 0.0525248 0.0000027 0.0404621 0.0736659 0.1069247 0.0739462 0.0667918 0.0599641 0.0165151 0.0352299 0.0475550 0.0346524 0.0480143 0.0169405 0.0411051 0.0911838 0.0527564 0.0735889 0.0595847 0.0281150 0.0107635 0.0108496 0.0519752 0.1114554 0.1141476 0.1178642 0.0399137 0.0345976 0.2291948 0.0349388 0.1061869 0.0296737 0.0638782 0.0409120 0.0864609 0.0696421 0.0475422 0.1158238 0.0684201 0.0887287 0.0478147 0.0408509 0.0753619 0.0527564 0.0796470 0.0576392 0.0866122 0.0673275 0.0605296 0.0837834 0.0647358 0.0406503 0.0678371 0.0536322 0.0742672 0.0400875 0.0551394 0.0798989 0.0404655 0.0400446 0.0657943 0.0897293 0.0346524 0.1012627 0.0459857 0.0403262 0.0615527 0.0675384 0.0962452 
S0558         0.3746528 0.3124051 0.1919840 0.0865285 0.0305853 0.0310211 0.2113918 0.0419071 0.0300129 0.0865213 0.0602834 0.0366687 0.0829885 0.0681118 0.0530820 0.0313493 0.1020632 0.0989581 0.0861849 0.0310000 0.0676291 0.0793051 0.0806591 0.0310337 0.0482883 0.0450730 0.0914289 0.0494347 0.0256997 0.0833719 0.0880486 0.0683647 0.0000000 0.0856271 0.0973314 0.0432376 0.0316329 0.1059645 0.0672234 0.0729028 0.0274636 0.0427675 0.0929221 0.1547760 0.0363999 0.0869112 0.0309181 0.1034818 0.0382415 0.0312734 0.0436654 0.0561285 0.0568605 0.0433966 0.0919576 0.0732207 0.0675716 0.0726790 0.0828314 0.0949546 0.0819304 0.0656142 0.1943342 0.0925755 0.1194495 0.0829977 0.0779729 0.2445753 0.0440047 0.1536868 0.0289757 0.1288059 0.0497944 0.0775541 0.0536035 0.0693197 0.1648155 0.0546566 0.0662812 0.0763958 0.0617066 0.0909424 0.0668099 0.1073761 0.0746971 0.1148969 0.0833719 0.0426924 0.1057278 0.0851708 0.0682226 0.0485243 0.0418193 0.0662417 0.0872504 0.0255204 0.0854846 0.0746984 0.0739166 0.0794305 0.0725530 0.0436654 0.0893042 0.0598942 0.0609481 0.0430269 0.0926999 0.0811625 
S0616         0.4446469 0.2888208 0.2004100 0.0971542 0.1013430 0.0789594 0.1588490 0.0909636 0.0512157 0.1083453 0.0707084 0.0914661 0.1224144 0.0636802 0.1100870 0.1158740 0.1504563 0.0785847 0.0863847 0.0528975 0.0837271 0.1009548 0.1028690 0.0725470 0.0978584 0.0980293 0.1074535 0.0715891 0.0784637 0.0580627 0.0920349 0.0843365 0.0856271 0.0000000 0.1188789 0.0875339 0.0842889 0.1216566 0.0714451 0.0811879 0.0735408 0.0643530 0.1037171 0.1188445 0.0725773 0.0893974 0.0841997 0.1034331 0.0602831 0.0853406 0.0657020 0.0661424 0.0877176 0.0653032 0.0306869 0.0815326 0.0717993 0.0641324 0.0864272 0.0954026 0.0831136 0.0875868 0.1542548 0.0942282 0.0926298 0.0929048 0.0880945 0.2226455 0.0662043 0.1180729 0.0298916 0.1063039 0.0598999 0.0542923 0.1138236 0.0708392 0.1274142 0.1003439 0.1135578 0.0925331 0.0704204 0.0649689 0.0764565 0.1297303 0.0364932 0.0925178 0.0718126 0.0915664 0.0528093 0.0956639 0.0704992 0.0931461 0.0896474 0.1005733 0.0819098 0.0853406 0.0943989 0.0759015 0.0751522 0.1010677 0.1146813 0.0657020 0.1238483 0.0818044 0.0695875 0.0809127 0.0972320 0.1135134 
S0624         0.4471472 0.3120637 0.1919840 0.1166019 0.0305853 0.1117712 0.2082087 0.1107765 0.0297609 0.0203835 0.0778143 0.1051055 0.0384218 0.0821046 0.1447900 0.1282906 0.0468580 0.1266554 0.1025043 0.0098512 0.0523201 0.0696480 0.1154247 0.0979042 0.1116972 0.1498757 0.0407849 0.0908934 0.0916226 0.0995548 0.0889867 0.0780687 0.0973314 0.1188789 0.0000000 0.1289932 0.0976228 0.0471316 0.0636282 0.0636863 0.0273373 0.0712186 0.0959052 0.1418636 0.1179816 0.0884269 0.1111666 0.1059558 0.0791627 0.0988215 0.0847402 0.0862057 0.0867634 0.0722925 0.1184570 0.0522572 0.0760410 0.0862665 0.0978519 0.0976910 0.0851138 0.0713426 0.1933560 0.1849891 0.1392924 0.0903623 0.0856595 0.2608168 0.0853976 0.1563097 0.0289757 0.1586596 0.0779330 0.1198992 0.1194976 0.0965459 0.1671764 0.1067618 0.1416897 0.0317350 0.0527785 0.1068517 0.0574284 0.0476769 0.1015693 0.1422193 0.0853685 0.1052179 0.1063597 0.1148240 0.0822420 0.0994587 0.1030056 0.1213983 0.0761175 0.1044129 0.0816227 0.0886057 0.0877115 0.0253040 0.1430147 0.0847402 0.0400595 0.0772626 0.0635781 0.1140147 0.0843685 0.1304211 
S0641         0.3976499 0.3023074 0.1919840 0.0746171 0.0305853 0.0368279 0.1809818 0.0421790 0.0098296 0.1176717 0.0606365 0.0369170 0.0990492 0.0684985 0.0469547 0.0570352 0.1271055 0.0901210 0.1028096 0.0319941 0.0805602 0.0947273 0.0810749 0.0312505 0.0485934 0.0462483 0.1074397 0.0497513 0.0258852 0.0797745 0.1044048 0.0758992 0.0432376 0.0875339 0.1289932 0.0000000 0.0369010 0.1229938 0.0963060 0.0894599 0.0138596 0.0494868 0.0992833 0.1510767 0.0482848 0.0840563 0.0205435 0.0907938 0.0446478 0.0314924 0.0439568 0.0630460 0.0714681 0.0502357 0.0940035 0.0898818 0.0838502 0.0818289 0.0991182 0.0954011 0.0823570 0.0730538 0.1983605 0.0993842 0.1392255 0.0992722 0.0942314 0.2391892 0.0442997 0.1499980 0.0289757 0.1293577 0.0501148 0.0815855 0.0606221 0.0613871 0.1512192 0.0549902 0.0666529 0.0839819 0.0776160 0.0876544 0.0956410 0.1246984 0.0763817 0.1064545 0.0797745 0.0480040 0.1081020 0.0804254 0.0759286 0.0488315 0.0312505 0.0666133 0.0944799 0.0314924 0.1083935 0.0817168 0.0808514 0.1096858 0.0729430 0.0439568 0.1358953 0.0671662 0.0766076 0.0433112 0.0854559 0.0815844 
