116
SRR6441723    0.0000000 0.0447427 0.0553954 0.1396773 0.0450288 0.0416709 0.0622201 0.0580978 0.0400353 0.0833763 0.0376982 0.0657954 0.0528927 0.0793437 0.0795878 0.0993283 0.0617869 0.0725048 0.0617469 0.0468630 0.1016484 0.0425070 0.0468861 0.0759888 0.0469758 0.0524716 0.0381049 0.0465843 0.0751343 0.0610257 0.0643655 0.0788824 0.0959712 0.0826392 0.0612284 0.0450252 0.0401595 0.0611355 0.0500001 0.0573805 0.0393093 0.0425891 0.0739503 0.1214386 0.0534716 0.0999616 0.0404717 0.0609669 0.0404493 0.0424208 0.0467568 0.0402483 0.0688897 0.0470311 0.0537505 0.0721495 0.0569583 0.0659011 0.0421305 0.0692980 0.0611943 0.0762951 0.0521054 0.0668572 0.0665450 0.0709950 0.0555035 0.1214153 0.0803424 0.0698868 0.1003187 0.0744847 0.0696352 0.1126833 0.0359681 0.1208532 0.0780854 0.0539910 0.0273010 0.0735006 0.0302731 0.0423859 0.1113722 0.0423929 0.0609168 0.0295860 0.0544320 0.0547269 0.0538026 0.0741101 0.0582496 0.0915189 0.0939209 0.0676366 0.0795263 0.0403164 0.0625326 0.0451320 0.0313669 0.0383710 0.0358368 0.0520239 0.0426279 0.0338244 0.0570389 0.0357051 0.0354106 0.0639019 0.0496596 0.0424060 0.0711167 0.0575378 0.0571708 0.0424236 0.0512477 0.0491688 
ERR4210213    0.0447427 0.0000000 0.0645047 0.1871176 0.0423874 0.0513407 0.0815282 0.0579887 0.0547621 0.1014066 0.0451599 0.0624625 0.0577636 0.1098702 0.0819551 0.0838198 0.0814201 0.0746249 0.0745570 0.0170335 0.0910836 0.0586268 0.0584006 0.0916538 0.0589221 0.0704408 0.0418767 0.0649125 0.0751181 0.0661790 0.0670867 0.0715177 0.0865328 0.0806008 0.0771231 0.0486407 0.0518841 0.0803553 0.0498276 0.0741672 0.0482343 0.0453449 0.0809001 0.1395903 0.0649486 0.1112860 0.0419318 0.0699128 0.0418767 0.0552310 0.0483054 0.0450964 0.0740549 0.0449222 0.0595451 0.0703118 0.0812351 0.0698131 0.0482214 0.0763267 0.0417505 0.0808359 0.0524274 0.0708307 0.0776996 0.1052147 0.0548133 0.1287925 0.0800296 0.0535590 0.0859354 0.0785126 0.0708902 0.1302870 0.0418767 0.1384069 0.0967939 0.0660376 0.0290038 0.0554364 0.0427456 0.0450468 0.1247247 0.0618823 0.0592013 0.0293799 0.0733326 0.0779575 0.0659627 0.0738391 0.0591293 0.1036850 0.0710081 0.0716911 0.0818594 0.0553506 0.0601266 0.0563071 0.0350829 0.0557521 0.0514936 0.0665350 0.0485129 0.0388443 0.0735186 0.0421317 0.0384411 0.0843427 0.0527770 0.0450964 0.0848417 0.0547597 0.0776529 0.0586088 0.0483102 0.0519970 
ERR2789774    0.0553954 0.0645047 0.0000000 0.1739704 0.0574024 0.0660023 0.1021557 0.0793027 0.0412303 0.1110345 0.0600489 0.0627286 0.0471374 0.1168242 0.1133068 0.1323249 0.1040274 0.1019404 0.1011440 0.0621997 0.1151489 0.0437941 0.0505586 0.1122382 0.0581804 0.0930494 0.0574056 0.0623595 0.1084506 0.0986708 0.0843541 0.0892956 0.1234021 0.1180482 0.1029422 0.0556807 0.0413621 0.1053422 0.0840801 0.1006182 0.0428133 0.0576440 0.1076765 0.1383016 0.0644662 0.1337220 0.0484378 0.0776982 0.0600667 0.0437026 0.0668538 0.0597466 0.0864920 0.0624553 0.0913239 0.1047481 0.0998946 0.0966513 0.0617137 0.1008638 0.0924326 0.0918999 0.0681853 0.0843959 0.0839745 0.0761798 0.0643689 0.1308902 0.0915336 0.0876773 0.1380067 0.0927570 0.0849490 0.1335500 0.0597466 0.1438108 0.1218739 0.0776473 0.0526003 0.0947557 0.0402543 0.0673772 0.1272515 0.0481523 0.0703320 0.0533955 0.0950701 0.0973464 0.0938051 0.1094662 0.0912456 0.1344561 0.1149938 0.1052615 0.1158761 0.0415289 0.0962922 0.0683888 0.0547538 0.0414918 0.0344356 0.0657110 0.0618301 0.0392036 0.0982916 0.0552440 0.0597738 0.1063102 0.0583148 0.0621035 0.1095938 0.0664906 0.1086992 0.0437057 0.0622051 0.0553259 
PAFTOL_019361 0.1396773 0.1871176 0.1739704 0.0000000 0.1540349 0.1595639 0.1870894 0.1387335 0.1515652 0.1988397 0.1427544 0.1816714 0.1553185 0.1993409 0.1556771 0.1800286 0.1789352 0.1437416 0.1653018 0.1542015 0.1803372 0.1557949 0.1624468 0.1778858 0.1675029 0.1719837 0.1381672 0.1487670 0.1454304 0.1606834 0.1659770 0.1752126 0.1711933 0.1622245 0.1762526 0.1457396 0.1435538 0.1623384 0.1475402 0.1701493 0.1520935 0.1329291 0.1536579 0.1578552 0.1675926 0.1687328 0.1444840 0.1475138 0.1420334 0.1556710 0.1409324 0.1411381 0.1627573 0.1391137 0.1519829 0.1628395 0.1675244 0.1609609 0.1335980 0.1918949 0.1485592 0.1578500 0.1418371 0.1600294 0.1547822 0.1398094 0.1302573 0.1581098 0.1590058 0.1266480 0.1856298 0.1694990 0.1757448 0.1598837 0.1411381 0.1593437 0.2405292 0.1438970 0.1340497 0.1326122 0.1269527 0.1509445 0.1638587 0.1583593 0.1580652 0.1441706 0.1669756 0.1649292 0.1461087 0.1542358 0.1491838 0.2040521 0.2037143 0.1456527 0.1617319 0.1495182 0.1499331 0.1431379 0.1395473 0.1511656 0.1457371 0.1590188 0.1526550 0.1431759 0.1568610 0.1269084 0.1361795 0.1776633 0.1554770 0.1441272 0.1717621 0.1325694 0.1734716 0.1508089 0.1356219 0.1475227 
S0055         0.0450288 0.0423874 0.0574024 0.1540349 0.0000000 0.0359446 0.0812255 0.0631108 0.0403012 0.1000614 0.0446845 0.0606547 0.0535009 0.1086204 0.0863779 0.0958540 0.0772180 0.0784232 0.0780343 0.0497337 0.0876814 0.0427916 0.0472709 0.0907034 0.0476747 0.0729752 0.0383867 0.0406558 0.0818010 0.0690008 0.0601415 0.0817633 0.1056060 0.0897824 0.0822894 0.0361985 0.0383669 0.0845792 0.0653798 0.0859533 0.0395794 0.0429061 0.0806811 0.1256671 0.0587264 0.1106508 0.0385555 0.0544673 0.0407504 0.0427044 0.0471050 0.0405465 0.0622146 0.0473830 0.0691676 0.0810004 0.0746310 0.0745301 0.0424721 0.0953058 0.0674954 0.0695150 0.0434857 0.0626170 0.0645935 0.0720319 0.0447381 0.1212144 0.0758000 0.0785570 0.1156406 0.0751332 0.0725959 0.1167479 0.0405465 0.1250501 0.0969909 0.0590546 0.0361001 0.0796481 0.0304476 0.0474445 0.1153697 0.0426762 0.0473259 0.0367311 0.0749690 0.0722744 0.0692326 0.0830811 0.0739685 0.1049211 0.1030221 0.0818792 0.0887777 0.0405860 0.0756342 0.0503358 0.0402988 0.0386286 0.0381726 0.0339805 0.0544356 0.0298534 0.0704037 0.0474762 0.0449089 0.0852982 0.0408046 0.0427207 0.0879632 0.0467572 0.0822931 0.0427073 0.0472011 0.0321402 
S0196sl       0.0416709 0.0513407 0.0660023 0.1595639 0.0359446 0.0000000 0.0687140 0.0416724 0.0443910 0.0931055 0.0331850 0.0885328 0.0527441 0.0932142 0.0554899 0.0706194 0.0719249 0.0529469 0.0648137 0.0449011 0.1087424 0.0448624 0.0386146 0.0745833 0.0334756 0.0645772 0.0104936 0.0419339 0.0529430 0.0596792 0.0491706 0.0713132 0.0687769 0.0543564 0.0677207 0.0302859 0.0417391 0.0739478 0.0667386 0.0791461 0.0435775 0.0188531 0.0533351 0.1138219 0.0542901 0.0829794 0.0331594 0.0329347 0.0104936 0.0477588 0.0213737 0.0131776 0.0426944 0.0187573 0.0686346 0.0456194 0.0649053 0.0825613 0.0326730 0.1045964 0.0394159 0.0491100 0.0244691 0.0400793 0.0489625 0.0701867 0.0358846 0.1020388 0.0658265 0.0529313 0.0682944 0.0553678 0.0520056 0.0944636 0.0131776 0.1009831 0.0895411 0.0452035 0.0298938 0.0584261 0.0276049 0.0360039 0.0974921 0.0507164 0.0392729 0.0245341 0.0682859 0.0617649 0.0648112 0.0554899 0.0686317 0.0881264 0.0752837 0.0531391 0.0591252 0.0448240 0.0427993 0.0359131 0.0269899 0.0391363 0.0414498 0.0517194 0.0481702 0.0214662 0.0648841 0.0362486 0.0329621 0.0676625 0.0332097 0.0158862 0.0718117 0.0328565 0.0789874 0.0477636 0.0188297 0.0298409 
S0278         0.0622201 0.0815282 0.1021557 0.1870894 0.0812255 0.0687140 0.0000000 0.0904527 0.0771542 0.0486792 0.0643814 0.0982393 0.0741385 0.0445058 0.1126957 0.1244487 0.0258509 0.1020210 0.0321628 0.0791428 0.1305771 0.0803374 0.0791761 0.0384951 0.0743949 0.0155724 0.0653570 0.0846214 0.1078757 0.0386943 0.0952989 0.0995935 0.1255567 0.1077976 0.0214029 0.0785328 0.0774143 0.0255342 0.0416459 0.0544687 0.0777261 0.0699617 0.1008105 0.1500427 0.0927057 0.1374283 0.0755617 0.0747366 0.0681556 0.0801445 0.0751428 0.0677819 0.0983915 0.0749852 0.0495238 0.1068666 0.0452683 0.0637298 0.0746190 0.0359283 0.0961567 0.0913069 0.0754628 0.0812789 0.0860187 0.1110532 0.0747370 0.1499302 0.1062696 0.1007523 0.1254601 0.0972701 0.0861754 0.1401835 0.0677819 0.1492325 0.0643482 0.0812088 0.0598053 0.1118445 0.0592617 0.0699537 0.1445201 0.0801469 0.0932296 0.0572113 0.0237082 0.0431138 0.0450662 0.1008735 0.0567744 0.0391376 0.1184951 0.0998654 0.1042267 0.0777572 0.0979227 0.0778681 0.0596532 0.0710029 0.0747156 0.0861097 0.0730174 0.0652666 0.0479895 0.0647140 0.0594215 0.0278468 0.0778727 0.0702235 0.0407479 0.0791936 0.0589392 0.0801530 0.0853447 0.0772068 
S0281         0.0580978 0.0579887 0.0793027 0.1387335 0.0631108 0.0416724 0.0904527 0.0000000 0.0575861 0.1099111 0.0582322 0.0791176 0.0720571 0.1098955 0.1013574 0.1108780 0.0872103 0.0938650 0.0871572 0.0630692 0.1069440 0.0603220 0.0650191 0.0972859 0.0655922 0.0820199 0.0424779 0.0604148 0.0967346 0.0803547 0.0715659 0.0939848 0.1077047 0.1025916 0.0837606 0.0585322 0.0556504 0.0936641 0.0720184 0.0925357 0.0551601 0.0426830 0.0958242 0.1299998 0.0723252 0.1232650 0.0559428 0.0611479 0.0448773 0.0601927 0.0512525 0.0446522 0.0760588 0.0471323 0.0757479 0.0905693 0.0893778 0.0938526 0.0598114 0.1030217 0.0840993 0.0765605 0.0590636 0.0668866 0.0618767 0.0908694 0.0534647 0.1242503 0.0881076 0.0805321 0.1162305 0.0844294 0.0844127 0.1154690 0.0446522 0.1179318 0.1161225 0.0610839 0.0487957 0.0841111 0.0456845 0.0560658 0.1086522 0.0646989 0.0634116 0.0518030 0.0839825 0.0869517 0.0780674 0.0953614 0.0757468 0.1146807 0.1130825 0.0943143 0.1012661 0.0580028 0.0827151 0.0591672 0.0487141 0.0560464 0.0553683 0.0754156 0.0586762 0.0467322 0.0796434 0.0561403 0.0468397 0.0832539 0.0565860 0.0468408 0.0893327 0.0554989 0.1001579 0.0601977 0.0513557 0.0627624 
S0282         0.0400353 0.0547621 0.0412303 0.1515652 0.0403012 0.0443910 0.0771542 0.0575861 0.0000000 0.0851402 0.0401001 0.0294685 0.0283813 0.0982678 0.0821610 0.0992529 0.0741259 0.0749140 0.0789533 0.0512071 0.0919219 0.0094568 0.0193515 0.0765327 0.0382679 0.0644167 0.0377893 0.0379514 0.0776888 0.0747487 0.0615348 0.0707475 0.1064119 0.0853234 0.0782543 0.0318316 0.0114126 0.0756586 0.0642699 0.0767790 0.0137943 0.0337388 0.0765370 0.1200961 0.0488977 0.1083135 0.0254630 0.0558982 0.0401103 0.0133916 0.0420648 0.0399127 0.0635787 0.0380141 0.0680016 0.0795153 0.0762585 0.0806403 0.0375953 0.0843903 0.0663506 0.0707988 0.0472166 0.0615655 0.0612825 0.0380162 0.0462627 0.1258180 0.0748072 0.0722961 0.1134903 0.0689891 0.0666438 0.1170799 0.0399127 0.1252335 0.1167811 0.0535976 0.0355431 0.0782693 0.0238433 0.0466875 0.1157220 0.0173156 0.0492274 0.0382147 0.0711277 0.0739149 0.0655889 0.0789890 0.0727116 0.1000582 0.1064684 0.0777617 0.0845021 0.0114876 0.0719717 0.0473342 0.0354861 0.0194194 0.0094547 0.0471391 0.0491203 0.0212779 0.0739435 0.0380846 0.0399336 0.0762762 0.0340878 0.0420500 0.0741882 0.0482577 0.0841543 0.0133921 0.0508055 0.0358254 
S0289         0.0833763 0.1014066 0.1110345 0.1988397 0.1000614 0.0931055 0.0486792 0.1099111 0.0851402 0.0000000 0.0805390 0.1152750 0.0910041 0.0563924 0.1396969 0.1443491 0.0439532 0.1281235 0.0461835 0.1046140 0.1575205 0.0884765 0.0935251 0.0529462 0.0931106 0.0396025 0.0831069 0.1011306 0.1346052 0.0531196 0.1095452 0.1263517 0.1432402 0.1323828 0.0435378 0.0918742 0.0854311 0.0478130 0.0537637 0.0810585 0.0913757 0.0878651 0.1271915 0.1550741 0.1070053 0.1682209 0.0887085 0.0913079 0.0861557 0.0831762 0.0934251 0.0856650 0.1093011 0.0931890 0.0677216 0.1260285 0.0649908 0.0800565 0.0927417 0.0616594 0.1147783 0.1057583 0.0885792 0.0887866 0.1035277 0.1181805 0.0931995 0.1648092 0.1263762 0.1142924 0.1436038 0.1073874 0.0932709 0.1548588 0.0856650 0.1608157 0.0974020 0.0946971 0.0774068 0.1254144 0.0748827 0.0886333 0.1558401 0.0882597 0.1075322 0.0814986 0.0415468 0.0626823 0.0552770 0.1266241 0.0694739 0.0692344 0.1404418 0.1259400 0.1304372 0.0858177 0.1199317 0.1001137 0.0772020 0.0789441 0.0826386 0.1021758 0.0837508 0.0779002 0.0657874 0.0782811 0.0800539 0.0389665 0.0939259 0.0882404 0.0507443 0.1006216 0.0809186 0.0882682 0.1015957 0.0851279 
S0292         0.0376982 0.0451599 0.0600489 0.1427544 0.0446845 0.0331850 0.0643814 0.0582322 0.0401001 0.0805390 0.0000000 0.0659110 0.0532173 0.0974553 0.0772218 0.0917030 0.0657704 0.0701674 0.0663783 0.0424500 0.0990262 0.0425758 0.0468297 0.0710103 0.0448344 0.0616587 0.0381947 0.0488069 0.0727768 0.0609259 0.0645173 0.0740659 0.0934155 0.0801769 0.0611757 0.0364274 0.0402247 0.0680026 0.0523192 0.0664708 0.0438360 0.0383799 0.0715622 0.1159581 0.0534645 0.1000395 0.0341048 0.0497800 0.0405448 0.0424893 0.0468660 0.0403429 0.0595474 0.0427702 0.0560659 0.0722601 0.0591446 0.0776696 0.0465746 0.0806938 0.0566229 0.0645054 0.0477065 0.0553053 0.0596761 0.0711583 0.0511902 0.1159338 0.0658243 0.0627560 0.1003935 0.0674216 0.0626165 0.1129439 0.0403429 0.1211282 0.0838004 0.0541587 0.0314914 0.0663987 0.0262155 0.0297322 0.1116275 0.0467992 0.0588695 0.0295600 0.0589467 0.0569056 0.0537562 0.0717875 0.0560627 0.0834114 0.0885985 0.0704779 0.0771631 0.0403820 0.0626314 0.0495468 0.0192605 0.0384342 0.0379827 0.0471820 0.0340942 0.0255834 0.0616034 0.0133971 0.0211738 0.0638468 0.0453012 0.0425054 0.0712245 0.0488195 0.0687625 0.0424922 0.0469612 0.0404905 
S0293         0.0657954 0.0624625 0.0627286 0.1816714 0.0606547 0.0885328 0.0982393 0.0791176 0.0294685 0.1152750 0.0659110 0.0000000 0.0520229 0.1252616 0.1067000 0.1317802 0.0973786 0.1008653 0.1069898 0.0773520 0.0671278 0.0199855 0.0448313 0.0938039 0.0638155 0.0853161 0.0655336 0.0598348 0.1010994 0.1038304 0.0846438 0.0858588 0.1314771 0.1040845 0.0996822 0.0524170 0.0346742 0.0993877 0.0818418 0.0999765 0.0297523 0.0602331 0.1003626 0.1325325 0.0712436 0.1374118 0.0470977 0.0834235 0.0686496 0.0323466 0.0708978 0.0682310 0.0833247 0.0656780 0.0925766 0.1110113 0.0931798 0.1018877 0.0624952 0.0728459 0.0901765 0.0984055 0.0720832 0.0876178 0.0842126 0.0713678 0.0678572 0.1285780 0.0918786 0.0885093 0.1434413 0.0973420 0.0913855 0.1321696 0.0655336 0.1383116 0.1579564 0.0771229 0.0547041 0.0918029 0.0375145 0.0685583 0.1268009 0.0320426 0.0713288 0.0664461 0.0934436 0.0910217 0.0925741 0.1025612 0.0954689 0.1274898 0.1195887 0.0983716 0.1095309 0.0349454 0.1010325 0.0690105 0.0572146 0.0347111 0.0321355 0.0718789 0.0743127 0.0420948 0.0998154 0.0634523 0.0602720 0.1034999 0.0583672 0.0682310 0.0974678 0.0758526 0.1129222 0.0323487 0.0760157 0.0575240 
S0294         0.0528927 0.0577636 0.0471374 0.1553185 0.0535009 0.0527441 0.0741385 0.0720571 0.0283813 0.0910041 0.0532173 0.0520229 0.0000000 0.0795125 0.0939450 0.1118757 0.0765915 0.0888719 0.0841713 0.0605083 0.0851806 0.0307526 0.0307180 0.0790146 0.0461200 0.0640711 0.0438900 0.0531552 0.0919316 0.0780098 0.0692298 0.0759240 0.1207040 0.0949366 0.0808463 0.0443828 0.0284710 0.0680341 0.0686723 0.0819751 0.0294523 0.0440628 0.0879527 0.1150726 0.0578422 0.1188625 0.0330418 0.0656417 0.0463829 0.0306915 0.0529814 0.0461422 0.0716134 0.0486711 0.0698602 0.0938622 0.0813995 0.0832986 0.0481041 0.0777060 0.0793742 0.0765082 0.0538570 0.0692643 0.0737216 0.0289817 0.0505117 0.1216489 0.0778685 0.0723204 0.1134468 0.0800316 0.0719451 0.1120228 0.0461422 0.1203098 0.0994065 0.0629760 0.0459091 0.0843344 0.0335417 0.0534028 0.0998480 0.0349886 0.0509824 0.0512643 0.0734638 0.0789578 0.0725406 0.0931318 0.0775637 0.1005804 0.1091407 0.0915767 0.0991766 0.0261943 0.0935088 0.0660955 0.0436270 0.0330146 0.0240876 0.0586086 0.0581754 0.0327976 0.0738595 0.0484848 0.0529783 0.0788103 0.0329844 0.0484096 0.0765883 0.0525974 0.0819045 0.0284453 0.0622578 0.0463729 
S0299         0.0793437 0.1098702 0.1168242 0.1993409 0.1086204 0.0932142 0.0445058 0.1098955 0.0982678 0.0563924 0.0974553 0.1252616 0.0795125 0.0000000 0.1324232 0.1463467 0.0441778 0.1303448 0.0558694 0.1098763 0.1468295 0.1019146 0.0962337 0.0601132 0.0870961 0.0375791 0.0844810 0.1034621 0.1331816 0.0655818 0.1242429 0.1325156 0.1387280 0.1274269 0.0462044 0.1056269 0.0986157 0.0413842 0.0641565 0.0886101 0.0915755 0.0877599 0.1229130 0.1702432 0.1096417 0.1570915 0.0935715 0.1074668 0.0875874 0.1016464 0.0922932 0.0870810 0.1220616 0.0932120 0.0782527 0.1248574 0.0778870 0.0857626 0.1008114 0.0549286 0.1129463 0.1258612 0.0990559 0.1113223 0.1207171 0.1155302 0.0973106 0.1691199 0.1409676 0.1092680 0.1326742 0.1280098 0.1183057 0.1563375 0.0870810 0.1658045 0.1113459 0.1030313 0.0792024 0.1238298 0.0877491 0.1012319 0.1632241 0.0990953 0.1184644 0.0824448 0.0440551 0.0754953 0.0725311 0.1254516 0.0832656 0.0670168 0.1268459 0.1186734 0.1292803 0.0990840 0.1186455 0.1046695 0.0893384 0.0943454 0.0930334 0.1124465 0.0934749 0.0879942 0.0762062 0.0948598 0.0889504 0.0438492 0.0963105 0.0896985 0.0578734 0.1048793 0.0833065 0.1016599 0.1043900 0.1037107 
S0303         0.0795878 0.0819551 0.1133068 0.1556771 0.0863779 0.0554899 0.1126957 0.1013574 0.0821610 0.1396969 0.0772218 0.1067000 0.0939450 0.1324232 0.0000000 0.0724056 0.1213416 0.0037917 0.1018560 0.0992344 0.1090478 0.0854285 0.0820665 0.1142670 0.0862772 0.1098578 0.0752044 0.0804641 0.0075515 0.1073190 0.0939584 0.0981331 0.0672283 0.0058071 0.1034220 0.0703115 0.0767722 0.1058296 0.0960764 0.1000222 0.0723552 0.0756418 0.0000023 0.1576884 0.0899787 0.0220970 0.0621690 0.0802835 0.0723726 0.0852207 0.0828905 0.0776971 0.0800122 0.0725018 0.0970918 0.0586136 0.1003969 0.1174281 0.0602366 0.1136591 0.0367876 0.0829251 0.0754637 0.0863008 0.0909971 0.0977074 0.0877963 0.1576754 0.0865697 0.0487778 0.0690117 0.0863502 0.0806322 0.1477722 0.0776971 0.1568342 0.0995056 0.0698023 0.0724637 0.0524636 0.0720219 0.0749142 0.1396771 0.0902329 0.0900711 0.0755394 0.1062732 0.0978372 0.0866531 0.0075409 0.0998435 0.1426994 0.0746585 0.0115005 0.0114481 0.0828083 0.0514399 0.0839704 0.0671542 0.0858133 0.0796913 0.0973720 0.0828098 0.0701313 0.1071153 0.0701196 0.0719268 0.1123137 0.0792775 0.0751868 0.1157892 0.0900019 0.1092460 0.0852303 0.0695962 0.0773905 
S0308         0.0993283 0.0838198 0.1323249 0.1800286 0.0958540 0.0706194 0.1244487 0.1108780 0.0992529 0.1443491 0.0917030 0.1317802 0.1118757 0.1463467 0.0724056 0.0000000 0.1235528 0.0681226 0.1041495 0.1062383 0.1434693 0.1027818 0.1029780 0.1315283 0.1038060 0.1084352 0.0869942 0.0925133 0.0702832 0.1094336 0.1173838 0.1281961 0.0797912 0.0777780 0.1085295 0.0957726 0.0972189 0.1162405 0.1049958 0.1168882 0.0922774 0.0866850 0.0721777 0.1817491 0.1103161 0.0864989 0.0817231 0.0987404 0.0840412 0.1025204 0.0972769 0.0844408 0.1071472 0.0784610 0.1113499 0.0740156 0.1104668 0.1377004 0.0864644 0.1344994 0.0473758 0.1114481 0.0901701 0.1036482 0.1080560 0.1451377 0.0971743 0.1786021 0.1157013 0.0725738 0.0888990 0.1200388 0.1165290 0.1712526 0.0895444 0.1807171 0.1334972 0.0959989 0.0841468 0.0761167 0.0840327 0.0877344 0.1656935 0.1024486 0.1123755 0.0846782 0.1113427 0.1078746 0.0903100 0.0670637 0.1113564 0.1384390 0.0872544 0.0657010 0.0723519 0.0972055 0.0714669 0.0961323 0.0839238 0.1032471 0.0967005 0.0992219 0.1013136 0.0843178 0.1188696 0.0810625 0.0861692 0.1173088 0.1069538 0.0921112 0.1261848 0.0993800 0.1195147 0.0964375 0.0872561 0.0952028 
S0320         0.0617869 0.0814201 0.1040274 0.1789352 0.0772180 0.0719249 0.0258509 0.0872103 0.0741259 0.0439532 0.0657704 0.0973786 0.0765915 0.0441778 0.1213416 0.1235528 0.0000000 0.1104470 0.0299157 0.0846103 0.1368422 0.0772381 0.0821010 0.0275937 0.0814445 0.0115561 0.0624827 0.0890804 0.1164636 0.0408295 0.0934637 0.1133272 0.1245533 0.1165801 0.0234871 0.0804087 0.0743734 0.0254547 0.0327183 0.0618661 0.0717589 0.0670345 0.1093277 0.1455876 0.0920245 0.1470996 0.0774336 0.0822423 0.0652251 0.0770562 0.0697509 0.0648723 0.1002516 0.0719807 0.0430924 0.1087096 0.0472825 0.0542429 0.0764704 0.0332534 0.0954428 0.0992943 0.0773314 0.0831535 0.0878756 0.1065924 0.0717407 0.1439563 0.1182506 0.1001938 0.1276708 0.1029364 0.0891158 0.1358932 0.0648723 0.1448135 0.0692941 0.0830839 0.0593907 0.1109793 0.0639980 0.0743498 0.1402150 0.0770588 0.0824445 0.0592664 0.0174060 0.0451266 0.0380707 0.1091963 0.0474987 0.0367057 0.1250204 0.1082938 0.1126731 0.0746986 0.1032763 0.0797301 0.0639366 0.0704233 0.0717214 0.0877835 0.0700237 0.0671449 0.0500272 0.0690464 0.0684251 0.0215717 0.0774670 0.0672781 0.0255830 0.0787487 0.0664491 0.0770642 0.0821762 0.0790561 
S0322         0.0725048 0.0746249 0.1019404 0.1437416 0.0784232 0.0529469 0.1020210 0.0938650 0.0749140 0.1281235 0.0701674 0.1008653 0.0888719 0.1303448 0.0037917 0.0681226 0.1104470 0.0000000 0.0913915 0.0917240 0.1094402 0.0780664 0.0798196 0.1101951 0.0814065 0.0992366 0.0681423 0.0756878 0.0057261 0.0996867 0.0890059 0.0984629 0.0629855 0.0078546 0.0930304 0.0656544 0.0696577 0.0954218 0.0882520 0.0897809 0.0676888 0.0660741 0.0019446 0.1487627 0.0851366 0.0267168 0.0578770 0.0755187 0.0653879 0.0778803 0.0756970 0.0705953 0.0802866 0.0630824 0.0895770 0.0543507 0.0927839 0.1149668 0.0557156 0.1007489 0.0327446 0.0781287 0.0707438 0.0812590 0.0859211 0.0937163 0.0778840 0.1448224 0.0824856 0.0445999 0.0647963 0.0814689 0.0758436 0.1390240 0.0705953 0.1479690 0.1018158 0.0651822 0.0654701 0.0483361 0.0672475 0.0678762 0.1372710 0.0828153 0.0852271 0.0684474 0.0958074 0.0902562 0.0792986 0.0037751 0.0922811 0.1310602 0.0728397 0.0076765 0.0076419 0.0754987 0.0472199 0.0738375 0.0602799 0.0784164 0.0724842 0.0923465 0.0756147 0.0654904 0.0993259 0.0631535 0.0649902 0.1016705 0.0778032 0.0681264 0.1050104 0.0800718 0.1014554 0.0778885 0.0626868 0.0726802 
S0327         0.0617469 0.0745570 0.1011440 0.1653018 0.0780343 0.0648137 0.0321628 0.0871572 0.0789533 0.0461835 0.0663783 0.1069898 0.0841713 0.0558694 0.1018560 0.1041495 0.0299157 0.0913915 0.0000000 0.0795818 0.1277565 0.0821428 0.0847252 0.0383279 0.0764354 0.0236379 0.0624419 0.0839577 0.0970784 0.0343606 0.0855448 0.1077245 0.1074735 0.0995952 0.0255352 0.0753230 0.0769293 0.0295462 0.0284618 0.0480461 0.0738570 0.0643395 0.0928133 0.1395220 0.0868380 0.1255032 0.0724165 0.0722704 0.0651822 0.0819465 0.0720804 0.0648301 0.0843915 0.0695031 0.0408517 0.0924820 0.0342298 0.0564804 0.0668049 0.0436174 0.0801030 0.0835976 0.0674916 0.0813469 0.0834587 0.1046527 0.0716952 0.1392155 0.1069675 0.0868847 0.1133874 0.0921772 0.0864999 0.1299590 0.0648301 0.1387892 0.0407540 0.0729945 0.0547525 0.0973243 0.0615188 0.0694128 0.1311749 0.0819487 0.0824632 0.0575101 0.0236101 0.0321437 0.0298606 0.0931024 0.0452260 0.0484717 0.1108140 0.0919924 0.0963604 0.0795675 0.0872610 0.0698894 0.0592022 0.0728449 0.0765214 0.0886628 0.0677122 0.0671017 0.0410949 0.0618563 0.0636459 0.0277301 0.0774181 0.0672347 0.0362534 0.0786999 0.0524775 0.0819554 0.0821254 0.0692524 
S0335         0.0468630 0.0170335 0.0621997 0.1542015 0.0497337 0.0449011 0.0791428 0.0630692 0.0512071 0.1046140 0.0424500 0.0773520 0.0605083 0.1098763 0.0992344 0.1062383 0.0846103 0.0917240 0.0795818 0.0000000 0.1077044 0.0538633 0.0533147 0.0946193 0.0562189 0.0745543 0.0426629 0.0602493 0.0945910 0.0785868 0.0595870 0.0909390 0.0913320 0.1032009 0.0837937 0.0498914 0.0448412 0.0860626 0.0647669 0.0709725 0.0463004 0.0450435 0.0936448 0.1249736 0.0600552 0.1219599 0.0495178 0.0539211 0.0450768 0.0537491 0.0514878 0.0448493 0.0693808 0.0517919 0.0685237 0.0911017 0.0761817 0.0756546 0.0511622 0.0973434 0.0668095 0.0663906 0.0479147 0.0642756 0.0639264 0.0777029 0.0558360 0.1308554 0.0808726 0.0835590 0.1100666 0.0767268 0.0767151 0.1160937 0.0448493 0.1243627 0.0842890 0.0589673 0.0357932 0.0845839 0.0368960 0.0469923 0.1147284 0.0582111 0.0636996 0.0338104 0.0765247 0.0738423 0.0708079 0.0932432 0.0732741 0.0994854 0.0830158 0.0921632 0.0991449 0.0515762 0.0808391 0.0548485 0.0399538 0.0540898 0.0490132 0.0592817 0.0494807 0.0404607 0.0648004 0.0426641 0.0423334 0.0867892 0.0522837 0.0470503 0.0897195 0.0555234 0.0780857 0.0492682 0.0515532 0.0517606 
S0376         0.1016484 0.0910836 0.1151489 0.1803372 0.0876814 0.1087424 0.1305771 0.1069440 0.0919219 0.1575205 0.0990262 0.0671278 0.0851806 0.1468295 0.1090478 0.1434693 0.1368422 0.1094402 0.1277565 0.1077044 0.0000000 0.0921709 0.0866076 0.1424360 0.0909491 0.1237405 0.0925739 0.0745265 0.1096994 0.1119049 0.0976239 0.1206489 0.1286520 0.1064816 0.1199449 0.0841413 0.0896685 0.1133087 0.0984653 0.1193874 0.0863476 0.0869864 0.1059249 0.1653811 0.0983600 0.1433358 0.0674499 0.0816635 0.0960535 0.0954373 0.0982624 0.0954444 0.0752255 0.0928382 0.1063421 0.1276834 0.1161932 0.1086408 0.0835583 0.0959640 0.1102164 0.0962431 0.0818456 0.0914230 0.0880422 0.1157034 0.0951726 0.1575195 0.1033262 0.1046620 0.1335799 0.0983304 0.0980294 0.1579245 0.0925739 0.1642781 0.1857384 0.0757848 0.0918900 0.1076428 0.0800175 0.0873628 0.1411960 0.1010859 0.1014597 0.0961641 0.1195533 0.1172546 0.1123365 0.1110592 0.1033407 0.1625062 0.1106239 0.1069315 0.1181770 0.0899600 0.1174403 0.1155889 0.0863413 0.0961808 0.0891402 0.1053442 0.0965854 0.0784190 0.1171990 0.0993289 0.0898214 0.1303814 0.0968990 0.0954444 0.1434501 0.0948160 0.1200698 0.0954501 0.0978242 0.0896921 
S0400         0.0425070 0.0586268 0.0437941 0.1557949 0.0427916 0.0448624 0.0803374 0.0603220 0.0094568 0.0884765 0.0425758 0.0199855 0.0307526 0.1019146 0.0854285 0.1027818 0.0772381 0.0780664 0.0821428 0.0538633 0.0921709 0.0000000 0.0215160 0.0796834 0.0406597 0.0673659 0.0402195 0.0403940 0.0809008 0.0777970 0.0644115 0.0737650 0.1101219 0.0885739 0.0814036 0.0341969 0.0134562 0.0787573 0.0670774 0.0797834 0.0118758 0.0361171 0.0797799 0.1147350 0.0515144 0.1094309 0.0277216 0.0586377 0.0425869 0.0115274 0.0489179 0.0423747 0.0664734 0.0404601 0.0709578 0.0827334 0.0792375 0.0838267 0.0400092 0.0812363 0.0693076 0.0738167 0.0498327 0.0644437 0.0641434 0.0381635 0.0488130 0.1203899 0.0751411 0.0753980 0.1172922 0.0720010 0.0696196 0.1117627 0.0423747 0.1198395 0.1189748 0.0562994 0.0379306 0.0812585 0.0260690 0.0492695 0.1104773 0.0114404 0.0517693 0.0406774 0.0741663 0.0745425 0.0685042 0.0821781 0.0757422 0.1005268 0.1099531 0.0784366 0.0878018 0.0135453 0.0750582 0.0451391 0.0378682 0.0134704 0.0114654 0.0497525 0.0517514 0.0234617 0.0770399 0.0405360 0.0423966 0.0794108 0.0364973 0.0445441 0.0773030 0.0508293 0.0874357 0.0115278 0.0534344 0.0382358 
S0405         0.0468861 0.0584006 0.0505586 0.1624468 0.0472709 0.0386146 0.0791761 0.0650191 0.0193515 0.0935251 0.0468297 0.0448313 0.0307180 0.0962337 0.0820665 0.1029780 0.0821010 0.0798196 0.0847252 0.0533147 0.0866076 0.0215160 0.0000000 0.0845713 0.0428791 0.0721113 0.0446194 0.0425210 0.0826449 0.0802912 0.0645507 0.0761156 0.1103298 0.0852176 0.0862640 0.0406242 0.0153216 0.0786055 0.0721661 0.0790416 0.0221349 0.0404751 0.0764502 0.1243538 0.0492623 0.1053412 0.0297800 0.0559244 0.0470429 0.0214762 0.0534425 0.0468059 0.0618696 0.0448875 0.0758997 0.0829044 0.0819496 0.0839263 0.0443828 0.0942603 0.0742728 0.0708201 0.0521723 0.0615908 0.0613078 0.0491150 0.0489192 0.1244498 0.0831249 0.0780100 0.1119807 0.0690115 0.0688915 0.1212719 0.0468059 0.1295655 0.1050903 0.0564216 0.0422798 0.0865496 0.0259479 0.0559608 0.1141999 0.0255257 0.0564969 0.0402776 0.0790110 0.0795576 0.0734080 0.0838922 0.0807483 0.0996841 0.1063603 0.0801821 0.0844732 0.0215452 0.0752169 0.0522703 0.0442630 0.0277503 0.0173651 0.0565183 0.0585213 0.0275396 0.0795795 0.0470660 0.0489137 0.0842771 0.0409074 0.0490067 0.0821688 0.0486472 0.0814085 0.0214772 0.0580276 0.0404234 
S0407sl       0.0759888 0.0916538 0.1122382 0.1778858 0.0907034 0.0745833 0.0384951 0.0972859 0.0765327 0.0529462 0.0710103 0.0938039 0.0790146 0.0601132 0.1142670 0.1315283 0.0275937 0.1101951 0.0383279 0.0946193 0.1424360 0.0796834 0.0845713 0.0000000 0.0788981 0.0276585 0.0695852 0.0914964 0.1176629 0.0495577 0.1021694 0.1103631 0.1268666 0.1123256 0.0358799 0.0778235 0.0767888 0.0295139 0.0458522 0.0617316 0.0742273 0.0717272 0.1024670 0.1478454 0.0842883 0.1418496 0.0798186 0.0846480 0.0724156 0.0794943 0.0769906 0.0720192 0.1028044 0.0767373 0.0564495 0.1113102 0.0471813 0.0704880 0.0789530 0.0406167 0.1004140 0.1018219 0.0747262 0.0915537 0.0963779 0.1108460 0.0790147 0.1367256 0.1089925 0.0973320 0.1359470 0.1110351 0.0996603 0.1381373 0.0720192 0.1470587 0.0631196 0.0907032 0.0686696 0.1080254 0.0713145 0.0741259 0.1458753 0.0794968 0.0899902 0.0716322 0.0295424 0.0450300 0.0469704 0.1089495 0.0610176 0.0433985 0.1304996 0.1163026 0.1124173 0.0797621 0.1058500 0.0896448 0.0637477 0.0728426 0.0741147 0.0964822 0.0772283 0.0743480 0.0590376 0.0688417 0.0682230 0.0339573 0.0717577 0.0695691 0.0174390 0.0861231 0.0663048 0.0795028 0.0921343 0.0814250 
S0412sl       0.0469758 0.0589221 0.0581804 0.1675029 0.0476747 0.0334756 0.0743949 0.0655922 0.0382679 0.0931106 0.0448344 0.0638155 0.0461200 0.0870961 0.0862772 0.1038060 0.0814445 0.0814065 0.0764354 0.0562189 0.0909491 0.0406597 0.0428791 0.0788981 0.0000000 0.0718533 0.0363222 0.0318615 0.0817072 0.0735336 0.0580584 0.0745388 0.1058087 0.0896737 0.0757652 0.0345349 0.0383874 0.0705821 0.0618836 0.0766885 0.0374779 0.0384977 0.0805874 0.1255484 0.0320077 0.1042937 0.0321974 0.0524336 0.0386651 0.0406512 0.0450015 0.0384723 0.0601375 0.0453006 0.0656180 0.0835530 0.0737729 0.0830664 0.0404013 0.0834847 0.0669381 0.0674138 0.0436680 0.0580881 0.0625084 0.0631808 0.0561870 0.1141352 0.0683745 0.0732315 0.0991959 0.0704522 0.0580950 0.1110347 0.0384723 0.1192417 0.0949163 0.0546455 0.0401337 0.0773268 0.0328098 0.0402630 0.1152660 0.0449708 0.0563196 0.0429354 0.0686932 0.0714462 0.0632265 0.0829867 0.0702908 0.0912633 0.1030634 0.0792031 0.0886743 0.0407837 0.0732427 0.0619923 0.0358117 0.0409031 0.0361463 0.0502565 0.0495822 0.0320310 0.0689113 0.0427853 0.0381156 0.0786316 0.0407798 0.0406366 0.0765468 0.0582443 0.0741122 0.0406539 0.0450937 0.0386132 
S0417         0.0524716 0.0704408 0.0930494 0.1719837 0.0729752 0.0645772 0.0155724 0.0820199 0.0644167 0.0396025 0.0616587 0.0853161 0.0640711 0.0375791 0.1098578 0.1084352 0.0115561 0.0992366 0.0236379 0.0745543 0.1237405 0.0673659 0.0721113 0.0276585 0.0718533 0.0000000 0.0576700 0.0789691 0.1050484 0.0342953 0.0860379 0.1022679 0.1091176 0.1049076 0.0194935 0.0703719 0.0646294 0.0194367 0.0306575 0.0550506 0.0618141 0.0621752 0.0979946 0.1421562 0.0817880 0.1343179 0.0675325 0.0699282 0.0603461 0.0672125 0.0648251 0.0600229 0.0894966 0.0670392 0.0385040 0.0939683 0.0408062 0.0521435 0.0667115 0.0258984 0.0850493 0.0862414 0.0674508 0.0788494 0.0810176 0.0984232 0.0668111 0.1374897 0.1030090 0.0923064 0.1119865 0.0921058 0.0840951 0.1325588 0.0600229 0.1414065 0.0547569 0.0729473 0.0501467 0.0999494 0.0543146 0.0646047 0.1338327 0.0672156 0.0852358 0.0528317 0.0134830 0.0386788 0.0363050 0.1008374 0.0454187 0.0348992 0.1120833 0.0998277 0.1041937 0.0649059 0.0858204 0.0697889 0.0545873 0.0606770 0.0620750 0.0834858 0.0651275 0.0575973 0.0412308 0.0595162 0.0589882 0.0175774 0.0727054 0.0623920 0.0256427 0.0737336 0.0595724 0.0672188 0.0770602 0.0692101 
S0419         0.0381049 0.0418767 0.0574056 0.1381672 0.0383867 0.0104936 0.0653570 0.0424779 0.0377893 0.0831069 0.0381947 0.0655336 0.0438900 0.0844810 0.0752044 0.0869942 0.0624827 0.0681423 0.0624419 0.0426629 0.0925739 0.0402195 0.0446194 0.0695852 0.0363222 0.0576700 0.0000000 0.0402778 0.0707472 0.0587561 0.0525669 0.0712666 0.0886144 0.0780913 0.0666163 0.0383831 0.0358754 0.0665083 0.0483761 0.0674186 0.0369936 0.0235751 0.0645163 0.1030720 0.0513625 0.0979389 0.0360481 0.0450255 0.0018690 0.0401387 0.0075159 0.0018606 0.0478744 0.0277286 0.0521801 0.0628337 0.0646066 0.0642179 0.0314975 0.0819324 0.0550096 0.0547842 0.0344106 0.0503577 0.0546629 0.0635783 0.0338022 0.0977063 0.0583599 0.0630856 0.0903518 0.0622550 0.0598768 0.0896078 0.0018606 0.0972942 0.0844607 0.0471722 0.0253959 0.0643612 0.0281617 0.0404189 0.0975353 0.0444012 0.0428665 0.0278510 0.0596505 0.0623104 0.0543802 0.0697826 0.0567191 0.0873780 0.0886562 0.0684436 0.0751474 0.0380528 0.0603492 0.0431339 0.0294401 0.0360899 0.0356954 0.0496425 0.0427905 0.0275057 0.0576684 0.0361735 0.0337947 0.0693888 0.0321743 0.0037336 0.0649505 0.0357809 0.0697485 0.0401413 0.0276067 0.0381810 
S0427         0.0465843 0.0649125 0.0623595 0.1487670 0.0406558 0.0419339 0.0846214 0.0604148 0.0379514 0.1011306 0.0488069 0.0598348 0.0531552 0.1034621 0.0804641 0.0925133 0.0890804 0.0756878 0.0839577 0.0602493 0.0745265 0.0403940 0.0425210 0.0914964 0.0318615 0.0789691 0.0402778 0.0000000 0.0759602 0.0802594 0.0592662 0.0787422 0.1038050 0.0809542 0.0832047 0.0428513 0.0380690 0.0756630 0.0690627 0.0892454 0.0371575 0.0492193 0.0747744 0.1258903 0.0488702 0.1066880 0.0319304 0.0537002 0.0426495 0.0403126 0.0489904 0.0424365 0.0561347 0.0537621 0.0727766 0.0771021 0.0861553 0.0849141 0.0443500 0.0996203 0.0616790 0.0684809 0.0428897 0.0592959 0.0590244 0.0628149 0.0557134 0.1258681 0.0803686 0.0773180 0.1054687 0.0714815 0.0667105 0.1116139 0.0424365 0.1196862 0.0923912 0.0514149 0.0440560 0.0808169 0.0368364 0.0467306 0.1212723 0.0445953 0.0632757 0.0469264 0.0759949 0.0837631 0.0750651 0.0772889 0.0727751 0.1109323 0.1020249 0.0735076 0.0828205 0.0361162 0.0671419 0.0568492 0.0397106 0.0449011 0.0316645 0.0498281 0.0536007 0.0359633 0.0788660 0.0467622 0.0420414 0.0861722 0.0542540 0.0446094 0.0890761 0.0577541 0.0865604 0.0403153 0.0490894 0.0404075 
S0430         0.0751343 0.0751181 0.1084506 0.1454304 0.0818010 0.0529430 0.1078757 0.0967346 0.0776888 0.1346052 0.0727768 0.1010994 0.0919316 0.1331816 0.0075515 0.0702832 0.1164636 0.0057261 0.0970784 0.0945910 0.1096994 0.0809008 0.0826449 0.1176629 0.0817072 0.1050484 0.0707472 0.0759602 0.0000000 0.1026335 0.0893415 0.0988406 0.0620675 0.0077812 0.0986863 0.0658825 0.0723575 0.1035766 0.0913567 0.0953396 0.0676529 0.0711611 0.0057989 0.1472568 0.0906209 0.0219852 0.0600828 0.0757904 0.0679533 0.0807056 0.0783801 0.0732243 0.0805786 0.0680771 0.0924367 0.0558493 0.0956945 0.1183067 0.0581171 0.1106763 0.0369235 0.0784124 0.0709940 0.0817243 0.0864152 0.1022398 0.0832683 0.1472398 0.0843891 0.0461781 0.0638571 0.0817696 0.0761172 0.1376337 0.0732243 0.1464802 0.0956559 0.0654069 0.0680397 0.0498542 0.0674865 0.0704712 0.1359162 0.0856940 0.0855414 0.0710645 0.1015175 0.0931441 0.0820559 0.0114063 0.0951702 0.1328061 0.0775098 0.0075905 0.0153941 0.0783008 0.0487836 0.0793959 0.0627855 0.0812659 0.0752324 0.0927009 0.0782978 0.0657167 0.1023309 0.0657036 0.0675363 0.1075053 0.0748483 0.0757183 0.1134924 0.0854772 0.1044701 0.0807144 0.0652147 0.0729376 
S0478         0.0610257 0.0661790 0.0986708 0.1606834 0.0690008 0.0596792 0.0386943 0.0803547 0.0747487 0.0531196 0.0609259 0.1038304 0.0780098 0.0655818 0.1073190 0.1094336 0.0408295 0.0996867 0.0343606 0.0785868 0.1119049 0.0777970 0.0802912 0.0495577 0.0735336 0.0342953 0.0587561 0.0802594 0.1026335 0.0000000 0.0853599 0.0920017 0.1100448 0.1087849 0.0361793 0.0711753 0.0727736 0.0381173 0.0395246 0.0575999 0.0752153 0.0631754 0.0957570 0.1326436 0.0857323 0.1339061 0.0683884 0.0690363 0.0613896 0.0776177 0.0680797 0.0610670 0.0848490 0.0679518 0.0455827 0.0927476 0.0475835 0.0615388 0.0676266 0.0491379 0.0840244 0.0850798 0.0636302 0.0753025 0.0799416 0.1047967 0.0701873 0.1354476 0.1028359 0.0882827 0.1020312 0.0884310 0.0833083 0.1234871 0.0610670 0.1291818 0.0646405 0.0689137 0.0586646 0.0974708 0.0625157 0.0663354 0.1277312 0.0776202 0.0813208 0.0568432 0.0342329 0.0454135 0.0429428 0.0959300 0.0500475 0.0580285 0.1048875 0.0948826 0.0991434 0.0753134 0.0849444 0.0706546 0.0585184 0.0687850 0.0723969 0.0840197 0.0691261 0.0632746 0.0432207 0.0634629 0.0604611 0.0385149 0.0738353 0.0633932 0.0474179 0.0722832 0.0621661 0.0776256 0.0777829 0.0653652 
S0552sl       0.0643655 0.0670867 0.0843541 0.1659770 0.0601415 0.0491706 0.0952989 0.0715659 0.0615348 0.1095452 0.0645173 0.0846438 0.0692298 0.1242429 0.0939584 0.1173838 0.0934637 0.0890059 0.0855448 0.0595870 0.0976239 0.0644115 0.0645507 0.1021694 0.0580584 0.0860379 0.0525669 0.0592662 0.0893415 0.0853599 0.0000000 0.0844839 0.0980341 0.0945266 0.0881077 0.0549460 0.0595419 0.0956672 0.0784696 0.0883402 0.0591536 0.0621355 0.0856734 0.1300838 0.0618643 0.1190716 0.0523555 0.0237624 0.0551546 0.0642676 0.0571559 0.0548648 0.0387473 0.0669963 0.0796459 0.0871870 0.0850281 0.0847889 0.0544259 0.0991163 0.0778859 0.0320886 0.0300270 0.0236200 0.0214543 0.0708104 0.0595064 0.1269928 0.0758638 0.0782209 0.1026929 0.0431920 0.0431927 0.1209573 0.0502733 0.1294307 0.0957315 0.0425123 0.0546475 0.0846731 0.0469565 0.0566134 0.1222280 0.0689511 0.0685684 0.0549902 0.0858045 0.0826014 0.0789485 0.0880771 0.0872654 0.1023757 0.1155663 0.0869340 0.0887024 0.0597007 0.0766998 0.0609075 0.0521311 0.0646907 0.0592311 0.0605798 0.0596560 0.0502739 0.0819923 0.0623488 0.0548909 0.0965116 0.0593459 0.0571783 0.0996228 0.0616100 0.0959746 0.0642734 0.0565498 0.0498525 
S0558         0.0788824 0.0715177 0.0892956 0.1752126 0.0817633 0.0713132 0.0995935 0.0939848 0.0707475 0.1263517 0.0740659 0.0858588 0.0759240 0.1325156 0.0981331 0.1281961 0.1133272 0.0984629 0.1077245 0.0909390 0.1206489 0.0737650 0.0761156 0.1103631 0.0745388 0.1022679 0.0712666 0.0787422 0.0988406 0.0920017 0.0844839 0.0000000 0.1254176 0.1020118 0.1066725 0.0617871 0.0709800 0.1090408 0.0975263 0.1054025 0.0654687 0.0814050 0.0928008 0.1620282 0.0711907 0.1206001 0.0637993 0.0822557 0.0685350 0.0735953 0.0760906 0.0736861 0.0768913 0.0806908 0.1012416 0.1003246 0.1045520 0.1049723 0.0733701 0.0977571 0.0886809 0.1007880 0.0760398 0.0906479 0.0901991 0.0905137 0.0785280 0.1496089 0.0950749 0.0889738 0.1186621 0.0883281 0.0728240 0.1523146 0.0736861 0.1582533 0.1122542 0.0913060 0.0686194 0.0899288 0.0584446 0.0712158 0.1443344 0.0783759 0.0838412 0.0770921 0.0988633 0.1019990 0.0984910 0.0999259 0.1065468 0.1276350 0.1224356 0.0989382 0.1059033 0.0712843 0.0974481 0.0854827 0.0614459 0.0692184 0.0683939 0.0849314 0.0764822 0.0639066 0.1016288 0.0670724 0.0641531 0.1100350 0.0790658 0.0761216 0.1133095 0.0806719 0.1079698 0.0736026 0.0779706 0.0661077 
S0616         0.0959712 0.0865328 0.1234021 0.1711933 0.1056060 0.0687769 0.1255567 0.1077047 0.1064119 0.1432402 0.0934155 0.1314771 0.1207040 0.1387280 0.0672283 0.0797912 0.1245533 0.0629855 0.1074735 0.0913320 0.1286520 0.1101219 0.1103298 0.1268666 0.1058087 0.1091176 0.0886144 0.1038050 0.0620675 0.1100448 0.0980341 0.1254176 0.0000000 0.0746710 0.1091223 0.0863043 0.0989670 0.1139522 0.1053226 0.0967311 0.0913419 0.0943300 0.0643887 0.1578054 0.0928755 0.0849953 0.0824683 0.0781357 0.0855918 0.1098318 0.0937999 0.0912187 0.0760806 0.0908496 0.1062292 0.0568539 0.0996260 0.1178301 0.0829052 0.1178985 0.0551889 0.0925030 0.0784630 0.0874991 0.0922625 0.1306320 0.0990093 0.1546857 0.1069009 0.0549978 0.0470267 0.0896072 0.0896448 0.1430356 0.0912187 0.1569503 0.1060154 0.0779985 0.0857012 0.0589436 0.0883944 0.0885458 0.1428652 0.1095313 0.1105917 0.0890107 0.1093965 0.0970903 0.0971953 0.0573625 0.1090749 0.1244824 0.0496799 0.0530057 0.0577435 0.1046628 0.0499221 0.0899573 0.0830328 0.0960863 0.1037752 0.1027583 0.0865616 0.0853942 0.1098969 0.0859926 0.0827117 0.1181764 0.1025838 0.0938404 0.1184210 0.1012562 0.1083422 0.1043935 0.0802743 0.0933907 
S0620         0.0826392 0.0806008 0.1180482 0.1622245 0.0897824 0.0543564 0.1077976 0.1025916 0.0853234 0.1323828 0.0801769 0.1040845 0.0949366 0.1274269 0.0058071 0.0777780 0.1165801 0.0078546 0.0995952 0.1032009 0.1064816 0.0885739 0.0852176 0.1123256 0.0896737 0.1049076 0.0780913 0.0809542 0.0077812 0.1087849 0.0945266 0.1020118 0.0746710 0.0000000 0.0984083 0.0729941 0.0796891 0.1008739 0.0957483 0.1003139 0.0750291 0.0785611 0.0059581 0.1580337 0.0962029 0.0270447 0.0668069 0.0804273 0.0751268 0.0858791 0.0861092 0.0806896 0.0830938 0.0752641 0.0975105 0.0631764 0.0979258 0.1155595 0.0600267 0.1033501 0.0425147 0.0831489 0.0783688 0.0866316 0.0914707 0.1061801 0.0858775 0.1613813 0.0894017 0.0527323 0.0739466 0.0840174 0.0805628 0.1477498 0.0806896 0.1571458 0.0926624 0.0724449 0.0726698 0.0565227 0.0744708 0.0751916 0.1425529 0.0937578 0.0933873 0.0784507 0.1013003 0.0955150 0.0814493 0.0137443 0.1003435 0.1382236 0.0797426 0.0159508 0.0178935 0.0860219 0.0556643 0.0872791 0.0696811 0.0891731 0.0801496 0.1012881 0.0860269 0.0727974 0.1057293 0.0727863 0.0746456 0.1074198 0.0822993 0.0806896 0.1109273 0.0908115 0.1071784 0.0885435 0.0722221 0.0803576 
