114
CRNC          0.0000000 0.1839831 0.2382642 0.2929593 0.3134926 0.2606212 0.3009687 0.2901002 0.3149200 0.3364694 0.3336842 0.3122814 0.3070231 0.2673364 0.3123466 0.2611236 0.3154754 0.2947264 0.2559842 0.2918495 0.2881899 0.4013304 0.2846292 0.3047942 0.2963342 0.3130219 0.2930215 0.3107753 0.2869416 0.2670746 0.2764064 0.2530142 0.3179498 0.2471330 0.2531233 0.3139474 0.2976003 0.2963320 0.3022248 0.2931336 0.3395587 0.2754118 0.2756214 0.2679014 0.2528243 0.3116394 0.3189235 0.2432256 0.3387504 0.2751050 0.2868076 0.3288646 0.2890641 0.2907869 0.3184154 0.2880619 0.3065226 0.2771877 0.3230496 0.2815145 0.2726969 0.2903971 0.3098839 0.2906586 0.3622488 0.3185092 0.2748876 0.2706075 0.3094610 0.2627809 0.2733661 0.3763490 0.3137311 0.3219274 0.3298611 0.2945412 0.2934183 0.3014996 0.3073915 0.2536211 0.2863347 0.2745786 0.3056183 0.2948842 0.2985882 0.3143251 0.2723219 0.3285442 0.3058773 0.2500246 0.3301479 0.3689190 0.3031855 0.2375511 0.2640646 0.3045873 0.2945962 0.3087971 0.2836965 0.3193150 0.3030909 0.2833371 0.2811849 0.2880984 0.2947868 0.2601964 0.2898511 0.2945412 0.2683831 0.2624009 0.3131458 0.3081407 0.2919084 0.3032820 
HYZL          0.1839831 0.0000000 0.1170073 0.2998008 0.3104175 0.2611081 0.3066800 0.2823469 0.3155656 0.3073868 0.3242265 0.3007086 0.2795048 0.3118439 0.2964533 0.2663431 0.3469111 0.2854254 0.2806335 0.3054764 0.2870198 0.3556799 0.2959238 0.2774254 0.2694580 0.3187334 0.2981397 0.3427269 0.3409241 0.2864928 0.2987732 0.2581974 0.3124051 0.3502293 0.2879475 0.3095701 0.2787353 0.2694520 0.3269824 0.3154376 0.3101822 0.2887605 0.2492942 0.3047772 0.2639587 0.3291795 0.2983859 0.2756203 0.3256269 0.3115952 0.3176771 0.3023103 0.3353680 0.3301745 0.3256780 0.3123817 0.3207010 0.3024479 0.3193846 0.3032855 0.3021785 0.3212063 0.3412486 0.3183365 0.3862016 0.3432581 0.2752155 0.2998766 0.3161196 0.3170750 0.2871676 0.3943434 0.3263856 0.3338383 0.3277262 0.3337030 0.2920600 0.2816438 0.3632186 0.2392213 0.3079713 0.3020719 0.3210031 0.2681676 0.2674562 0.3222118 0.2936819 0.3249063 0.3109291 0.2765377 0.3445571 0.3296961 0.3479917 0.2686744 0.2830368 0.2773325 0.3097037 0.3245399 0.2313560 0.2910218 0.2917067 0.3215250 0.3026818 0.2934853 0.3103855 0.2674081 0.2729781 0.3337030 0.2512313 0.3014893 0.3049526 0.2805275 0.3139001 0.3321948 
MYZV          0.2382642 0.1170073 0.0000000 0.3528386 0.3723450 0.3131616 0.3940916 0.3451248 0.3546341 0.3694428 0.3536802 0.3558163 0.3375015 0.3936279 0.3574451 0.3167817 0.3786965 0.3137742 0.3173959 0.3445939 0.3288895 0.3318105 0.3329868 0.3530665 0.3439576 0.3655955 0.3436820 0.3598941 0.3808758 0.3091540 0.3376596 0.3172314 0.3625400 0.3632588 0.3415115 0.3202142 0.3307276 0.3439625 0.3755470 0.3537154 0.3388639 0.3509873 0.3287687 0.3451794 0.3296863 0.3682280 0.3425895 0.3122010 0.4008249 0.3604559 0.3566549 0.3487623 0.3751145 0.3697957 0.3653153 0.3774865 0.3693563 0.3367816 0.3453818 0.3430205 0.3392336 0.3795285 0.3445136 0.3630859 0.4105905 0.3737482 0.3308942 0.3529641 0.3544171 0.3527236 0.2990723 0.4355755 0.3752520 0.3767534 0.3759391 0.3731614 0.3361519 0.3013880 0.3775121 0.2944699 0.3278927 0.3481437 0.3686003 0.3421766 0.3640291 0.3977346 0.3605992 0.3545110 0.3132702 0.3370919 0.3697256 0.3695279 0.4023799 0.3171671 0.3354352 0.3596447 0.3465364 0.3161583 0.3330936 0.3769943 0.3638557 0.3540368 0.3257848 0.3106012 0.3832060 0.2768501 0.3382816 0.3731614 0.2767184 0.3549683 0.3297737 0.3573756 0.3621788 0.4065219 
SRR6441723    0.2929593 0.2998008 0.3528386 0.0000000 0.1136335 0.2051312 0.1223141 0.1279280 0.0746561 0.1496179 0.1126171 0.0700980 0.1310393 0.1187563 0.1288502 0.0650951 0.1183372 0.1161757 0.0740288 0.0977742 0.0465958 0.0675061 0.0970990 0.1247172 0.1246966 0.1080058 0.0933674 0.1323404 0.0863041 0.1037702 0.0808139 0.0606603 0.0833735 0.0950616 0.0649657 0.1116306 0.1267212 0.1246746 0.1137589 0.0655163 0.0843437 0.1080303 0.1123804 0.0756920 0.0781173 0.1202478 0.0840847 0.0611027 0.1617110 0.0918068 0.0742238 0.1289044 0.0821910 0.0828283 0.0984658 0.0793554 0.0847781 0.0529972 0.0753067 0.0706016 0.0599230 0.0711660 0.0796137 0.0987721 0.1041482 0.1077102 0.1218721 0.0734799 0.1219847 0.0740451 0.0703093 0.1144502 0.0765379 0.0801598 0.1313905 0.0818917 0.1139209 0.0869644 0.0960566 0.0322516 0.0690759 0.0689124 0.1208173 0.1241947 0.1024060 0.1214293 0.0859419 0.0734134 0.0704092 0.0643410 0.0800998 0.1142126 0.0957585 0.0571075 0.0640416 0.1462769 0.0793049 0.0644616 0.0513573 0.1428192 0.1278578 0.1210516 0.0643733 0.0698065 0.0653811 0.1024633 0.1159611 0.0818917 0.1044935 0.0737654 0.0799971 0.1315091 0.0688841 0.1085871 
ERR2789774    0.3134926 0.3104175 0.3723450 0.1136335 0.0000000 0.1972103 0.0638673 0.0857536 0.0856378 0.0482756 0.0737466 0.0848299 0.0395791 0.0897252 0.0909654 0.1020646 0.1327503 0.0691004 0.0968767 0.0853768 0.1043387 0.0945772 0.0614820 0.0429614 0.0347758 0.0686762 0.0573308 0.0699490 0.0876838 0.0566843 0.0887828 0.0819620 0.0946841 0.1260559 0.1018819 0.0715248 0.0399487 0.0306518 0.0921286 0.0603289 0.0650966 0.0343962 0.0409494 0.0869094 0.0960863 0.1118118 0.0649044 0.0926198 0.0660436 0.0825287 0.0706504 0.0563194 0.0835095 0.0841672 0.0950230 0.0855323 0.0650393 0.0921894 0.0607642 0.0653351 0.0694799 0.0969318 0.1005112 0.1004039 0.1267492 0.1147392 0.1114626 0.0897289 0.1241187 0.0995893 0.0861388 0.1341679 0.0778291 0.0669545 0.1116462 0.0832009 0.0948461 0.0662995 0.1029402 0.0894010 0.0895318 0.0845026 0.1068146 0.0305515 0.0464928 0.0936009 0.0704347 0.0551095 0.0525132 0.0905888 0.0745219 0.0981572 0.1244080 0.0782211 0.1003397 0.0472533 0.1158423 0.1155070 0.0815490 0.0435488 0.0443789 0.0661443 0.0983820 0.0565671 0.0941234 0.0631039 0.0480451 0.0832009 0.0573833 0.0900938 0.0567200 0.0351059 0.0751184 0.0642489 
PAFTOL_019361 0.2606212 0.2611081 0.3131616 0.2051312 0.1972103 0.0000000 0.1937910 0.1822930 0.2335341 0.2003488 0.2133241 0.1778655 0.1755579 0.1954344 0.1936534 0.1736288 0.2125429 0.1836788 0.1592808 0.1701097 0.1959341 0.2528114 0.2051368 0.1743577 0.1669977 0.2058335 0.1730929 0.1923975 0.2165507 0.2319982 0.1946000 0.1538342 0.2385522 0.2239950 0.1802079 0.1901333 0.2028923 0.1661769 0.1947404 0.1765371 0.2059751 0.1964169 0.1679036 0.2020302 0.1576737 0.1946355 0.1992414 0.1682177 0.2230169 0.2240452 0.2052275 0.1825757 0.2108643 0.2053178 0.2090531 0.2010409 0.2025920 0.1852741 0.2079204 0.1750416 0.1805556 0.1665036 0.2402072 0.2476573 0.2391754 0.2679304 0.2350972 0.1795946 0.2132638 0.2063025 0.1977708 0.2447938 0.2116243 0.2306202 0.2097525 0.2098130 0.1843272 0.1990844 0.2476153 0.1162332 0.2096379 0.1776128 0.2101252 0.1661769 0.1855745 0.1810057 0.2043588 0.2042213 0.1953014 0.1779396 0.2017977 0.2367014 0.1960843 0.1431173 0.1707003 0.1733491 0.2036906 0.2208164 0.1711891 0.1821025 0.1789668 0.1909348 0.1910906 0.1702776 0.1931938 0.1758767 0.1897006 0.2098130 0.1537851 0.1732361 0.1926277 0.1754393 0.1977336 0.1890559 
S0055         0.3009687 0.3066800 0.3940916 0.1223141 0.0638673 0.1937910 0.0000000 0.0853668 0.0853269 0.0747694 0.0776717 0.1040331 0.0654066 0.1032788 0.1001957 0.1209180 0.1409972 0.0734510 0.1210653 0.0801081 0.1228508 0.1147690 0.0696537 0.0685465 0.0598562 0.0725554 0.0744215 0.0786195 0.0873168 0.0934277 0.0809731 0.1106456 0.1152483 0.1468952 0.1162550 0.0805698 0.0660326 0.0554032 0.1057907 0.0729568 0.0826519 0.0681391 0.0710196 0.0859922 0.1254181 0.1039990 0.0866890 0.1166958 0.0781359 0.1159787 0.0797706 0.0775162 0.0831575 0.0789708 0.1247450 0.0846979 0.0830713 0.1108211 0.0828086 0.0828109 0.0687709 0.1156455 0.1197917 0.1195636 0.1365555 0.1352296 0.1229634 0.0887997 0.1122139 0.1081809 0.1095703 0.1462310 0.1070710 0.1053318 0.1272912 0.0828513 0.1146335 0.0980104 0.1226982 0.1094370 0.1180557 0.1036003 0.1330585 0.0552146 0.0715452 0.0839016 0.0876190 0.0719684 0.0745071 0.1194668 0.0784846 0.1130985 0.1335250 0.1125371 0.1188954 0.0731707 0.1244563 0.1457674 0.0804177 0.0695248 0.0667421 0.0471663 0.1179941 0.0781490 0.1032594 0.0844678 0.0692860 0.0828513 0.0629894 0.0833787 0.0788626 0.0604311 0.0839546 0.0636009 
S0278         0.2901002 0.2823469 0.3451248 0.1279280 0.0857536 0.1822930 0.0853668 0.0000000 0.1091640 0.0854185 0.0562286 0.0908796 0.0820333 0.1341799 0.0666596 0.1230929 0.1229331 0.0519604 0.1067951 0.0489127 0.1107445 0.1064936 0.0818399 0.0851176 0.0757843 0.0430287 0.1021593 0.0571337 0.0855122 0.0964248 0.0902095 0.0966533 0.1178884 0.1331589 0.1228885 0.0443593 0.0607894 0.0709590 0.0775077 0.0748430 0.0751611 0.0949007 0.0849506 0.0935165 0.1059114 0.1255271 0.0908596 0.1132771 0.1019527 0.1203459 0.0777141 0.0847852 0.0809165 0.0812174 0.1258511 0.0920082 0.0761453 0.1073541 0.0859010 0.0798158 0.0918201 0.1177081 0.1302254 0.1261847 0.1412313 0.1500295 0.1248424 0.1067967 0.1448119 0.0950776 0.1226982 0.1632360 0.1096584 0.1082970 0.1167426 0.0809173 0.1238366 0.0778663 0.1276996 0.0926121 0.1213904 0.0799478 0.1314084 0.0707030 0.0791925 0.1036835 0.0463147 0.0836902 0.0725361 0.1054503 0.0899834 0.0739555 0.1368757 0.1025100 0.1209990 0.0753598 0.1317250 0.1335135 0.0647069 0.0864076 0.0877993 0.0778392 0.0894714 0.0817202 0.0807600 0.0534078 0.0901984 0.0809173 0.0446778 0.1019097 0.0708475 0.0765434 0.0802571 0.0909415 
S0281         0.3149200 0.3155656 0.3546341 0.0746561 0.0856378 0.2335341 0.0853269 0.1091640 0.0000000 0.1144437 0.1052593 0.0803613 0.0972261 0.0956793 0.1359507 0.0916499 0.1260913 0.1121917 0.0917424 0.0760059 0.0841671 0.0665282 0.0659945 0.0914721 0.0914422 0.1044703 0.0803941 0.1241210 0.0517642 0.0907524 0.0667795 0.0819021 0.0680831 0.0992071 0.0914794 0.0975867 0.0929924 0.0914189 0.1180098 0.0665046 0.0710330 0.0853177 0.0979640 0.0529440 0.0960506 0.0994477 0.0801034 0.0823632 0.1364198 0.0878482 0.0440173 0.0956488 0.0477652 0.0481189 0.0853328 0.0525688 0.0705528 0.0767550 0.0668353 0.0764789 0.0436553 0.0866370 0.0605306 0.0742856 0.1058608 0.0996307 0.0937849 0.0477175 0.1111780 0.0801217 0.0762034 0.1027655 0.0683451 0.0720400 0.1101321 0.0475944 0.1034874 0.0882830 0.0923674 0.0824857 0.0796544 0.0704368 0.1101303 0.0910749 0.0893436 0.0924883 0.0973468 0.0564261 0.0627487 0.0905427 0.0813603 0.1281781 0.0979482 0.0832463 0.0901046 0.1118517 0.1001330 0.1049165 0.0586091 0.1081637 0.1038859 0.0827724 0.0839260 0.0708681 0.0751324 0.0936743 0.0773551 0.0475944 0.1158206 0.0478972 0.0719182 0.0975806 0.0433983 0.0857928 
S0282         0.3364694 0.3073868 0.3694428 0.1496179 0.0482756 0.2003488 0.0747694 0.0854185 0.1144437 0.0000000 0.0948336 0.1067396 0.0073249 0.1178336 0.1021826 0.1248767 0.1429420 0.0875906 0.1193554 0.1085947 0.1103257 0.1177821 0.0770032 0.0266387 0.0188248 0.0897529 0.0775710 0.0965975 0.1104820 0.0865986 0.1151120 0.1034465 0.1306180 0.1397547 0.1246696 0.0927384 0.0449805 0.0149337 0.1089065 0.0852821 0.0847610 0.0517391 0.0314141 0.1153947 0.1183429 0.1325028 0.0903225 0.1149711 0.0438491 0.1142533 0.0974666 0.0391804 0.1060843 0.1016694 0.1294124 0.1135367 0.0862275 0.1089774 0.0909603 0.0909634 0.1005112 0.1194399 0.1356056 0.1297534 0.1587906 0.1510907 0.1144826 0.1178617 0.1458688 0.1343197 0.1131432 0.1405760 0.1001800 0.1038263 0.1295560 0.1056727 0.1248134 0.0779664 0.1390613 0.0908040 0.1218478 0.1073959 0.1382572 0.0148864 0.0645406 0.1000660 0.0983936 0.0840777 0.0821312 0.1068159 0.1010371 0.1077209 0.1320895 0.1051928 0.1170259 0.0306935 0.1335714 0.1283400 0.0654025 0.0269896 0.0232010 0.0775489 0.1223307 0.0771706 0.1059293 0.0940398 0.0620779 0.1056727 0.0727162 0.1183701 0.0760044 0.0110080 0.0947781 0.0752254 
S0289         0.3336842 0.3242265 0.3536802 0.1126171 0.0737466 0.2133241 0.0776717 0.0562286 0.1052593 0.0948336 0.0000000 0.0971825 0.0848314 0.1032043 0.0737550 0.1163863 0.1297958 0.0565487 0.1005295 0.0343790 0.1131138 0.1147182 0.0839741 0.0977498 0.0883293 0.0540904 0.0940250 0.0645158 0.0874146 0.0788111 0.0654450 0.0905854 0.1019784 0.1471168 0.1161909 0.0607546 0.0784678 0.0834219 0.0816557 0.0597719 0.0737300 0.0781791 0.0882918 0.0865717 0.0997136 0.1219445 0.0971530 0.1067871 0.1204970 0.1042962 0.0751836 0.0880173 0.0832490 0.0839032 0.1181527 0.0852611 0.0694316 0.1010429 0.0650050 0.0646539 0.0745696 0.1111352 0.1206906 0.1132592 0.1029356 0.1243504 0.1106806 0.0845594 0.1405307 0.0919181 0.1053552 0.1529000 0.1072092 0.1054649 0.1274888 0.0829420 0.1100127 0.0763630 0.1060953 0.1175469 0.1083810 0.0869962 0.1227883 0.0831209 0.0912019 0.1044911 0.0640066 0.0720407 0.0654929 0.0992197 0.0738341 0.1005288 0.1337160 0.0968621 0.1144308 0.0877791 0.1147908 0.1244884 0.0705038 0.0992294 0.0909582 0.0658392 0.1006562 0.0692925 0.0872214 0.0617372 0.0943436 0.0829420 0.0617158 0.0799871 0.0648746 0.0892021 0.0701880 0.0926655 
S0292         0.3122814 0.3007086 0.3558163 0.0700980 0.0848299 0.1778655 0.1040331 0.0908796 0.0803613 0.1067396 0.0971825 0.0000000 0.0902421 0.1088610 0.0962324 0.0719603 0.1021033 0.1023920 0.0763551 0.0690974 0.0704092 0.0989678 0.0888003 0.0847423 0.0847127 0.0781002 0.0850370 0.0803259 0.0688699 0.1049922 0.0817159 0.0579497 0.0637434 0.1095692 0.0718169 0.0619274 0.0852245 0.0846901 0.0968615 0.0570484 0.0809009 0.0880534 0.0948285 0.0762868 0.0757571 0.0945736 0.0753272 0.0630639 0.1278595 0.0653813 0.0613194 0.0937726 0.0648078 0.0653001 0.0735029 0.0754383 0.0759651 0.0767157 0.0810594 0.0666267 0.0606240 0.0768690 0.0661897 0.0784411 0.0850198 0.0936159 0.1208235 0.0888196 0.1116994 0.0777720 0.0710970 0.1496762 0.0582722 0.0571365 0.0944526 0.0645738 0.0882150 0.0877543 0.0725495 0.0507062 0.0745574 0.0509894 0.0944626 0.0843808 0.0940435 0.1001429 0.0696182 0.0789892 0.0675512 0.0663754 0.0713361 0.1036282 0.0974946 0.0583426 0.0707594 0.0992289 0.1048721 0.0761967 0.0117181 0.1007334 0.0918068 0.1076214 0.0383030 0.0656341 0.0146827 0.0671360 0.1072865 0.0645738 0.0834703 0.0891779 0.0814145 0.0905640 0.0743548 0.0905115 
S0293         0.3070231 0.2795048 0.3375015 0.1310393 0.0395791 0.1755579 0.0654066 0.0820333 0.0972261 0.0073249 0.0848314 0.0902421 0.0000000 0.1007327 0.0867110 0.1072381 0.1325099 0.0758445 0.1019851 0.0917499 0.1040122 0.1084235 0.0666529 0.0148589 0.0073495 0.0799150 0.0624280 0.0864224 0.0939634 0.0766841 0.0955339 0.0868778 0.1120125 0.1210527 0.1070498 0.0822024 0.0361977 0.0073477 0.0920164 0.0707417 0.0750814 0.0430840 0.0174544 0.0980490 0.1011474 0.1136494 0.0755569 0.0977073 0.0395366 0.0948652 0.0812889 0.0267661 0.0896951 0.0854011 0.1115507 0.0964821 0.0715330 0.0920772 0.0809780 0.0760788 0.0844418 0.1020461 0.1174652 0.1118782 0.1451789 0.1323242 0.0950843 0.1007038 0.1262070 0.1163675 0.0961756 0.1339659 0.0834925 0.0871613 0.1136979 0.0893558 0.1065863 0.0666430 0.1203856 0.0752109 0.1046836 0.0907826 0.1191674 0.0073249 0.0555854 0.0899318 0.0871516 0.0744717 0.0674560 0.0902902 0.0857318 0.1044527 0.1139130 0.0882837 0.1000193 0.0226546 0.1163564 0.1107387 0.0586989 0.0189662 0.0192910 0.0677978 0.1050608 0.0672151 0.0895718 0.0833501 0.0529402 0.0893558 0.0653140 0.1011239 0.0664759 0.0036112 0.0855102 0.0611860 
S0294         0.2673364 0.3118439 0.3936279 0.1187563 0.0897252 0.1954344 0.1032788 0.1341799 0.0956793 0.1178336 0.1032043 0.1088610 0.1007327 0.0000000 0.1323499 0.1065230 0.1606197 0.1223063 0.1013042 0.0981968 0.1192826 0.1447202 0.0997358 0.1046515 0.0949718 0.1351514 0.0953318 0.1239577 0.0924421 0.1020130 0.0740843 0.0913712 0.0971556 0.1423105 0.1063364 0.1398998 0.1007012 0.0949488 0.1255822 0.0782986 0.1206836 0.0844650 0.1022780 0.0752885 0.1004777 0.1446215 0.1050522 0.0970522 0.1290137 0.0932961 0.0801357 0.1112827 0.0882439 0.0831903 0.1076622 0.0837479 0.0886905 0.0749546 0.0960479 0.0836901 0.0740426 0.1119848 0.1154594 0.1028365 0.1080959 0.1099589 0.0671987 0.0836414 0.1467196 0.0949393 0.0845948 0.1526748 0.1008013 0.0991860 0.1355210 0.0879162 0.1261480 0.0996037 0.1207578 0.0826123 0.0938227 0.1090640 0.1334204 0.0945955 0.1080082 0.1005039 0.1103429 0.0984096 0.1014363 0.1052377 0.0933359 0.1587258 0.1276489 0.0877178 0.1047304 0.1152078 0.1030765 0.1421946 0.0953665 0.1115960 0.1073875 0.0969634 0.1236603 0.0850071 0.1087111 0.1113605 0.0891363 0.0879162 0.1046090 0.0839742 0.1008676 0.1010943 0.0694525 0.1189263 
S0299         0.3123466 0.2964533 0.3574451 0.1288502 0.0909654 0.1936534 0.1001957 0.0666596 0.1359507 0.1021826 0.0737550 0.0962324 0.0867110 0.1323499 0.0000000 0.1118482 0.1266146 0.0577370 0.1190418 0.0754945 0.1063195 0.1075434 0.0912357 0.0847865 0.0755160 0.0650134 0.0873862 0.0701922 0.1101993 0.1171396 0.0812371 0.1036293 0.1054604 0.1513725 0.1251294 0.0623651 0.0752496 0.0803404 0.0740296 0.0620209 0.0710273 0.0957233 0.0780703 0.1102856 0.1180342 0.1442758 0.0763109 0.1154007 0.1231809 0.1075539 0.0974177 0.0894121 0.1058116 0.1014069 0.1217910 0.1085053 0.0722518 0.1093843 0.0816209 0.0670630 0.1071577 0.1198819 0.1254943 0.1167332 0.1178198 0.1457231 0.1539809 0.1286654 0.1464304 0.1102483 0.1135611 0.1757334 0.1060072 0.1042320 0.1501732 0.1054023 0.1252898 0.0667580 0.1104036 0.0923340 0.1222904 0.0952440 0.1390741 0.0800470 0.0887702 0.1358538 0.0567196 0.0795226 0.0632320 0.1074209 0.0766623 0.0668784 0.1434354 0.0938250 0.1231868 0.0848012 0.1339747 0.1288066 0.0579589 0.0962338 0.0937767 0.0973502 0.0998254 0.0677174 0.0859611 0.0587787 0.0964378 0.1054023 0.0578282 0.1292274 0.0714641 0.0861369 0.1122285 0.0811220 
S0303         0.2611236 0.2663431 0.3167817 0.0650951 0.1020646 0.1736288 0.1209180 0.1230929 0.0916499 0.1248767 0.1163863 0.0719603 0.1072381 0.1065230 0.1118482 0.0000000 0.0976703 0.1004072 0.0225450 0.1051726 0.0517113 0.1001000 0.0957639 0.1013084 0.1012798 0.1162809 0.0818298 0.1311277 0.0841792 0.1079325 0.0602312 0.0225840 0.0915665 0.0875670 0.0148402 0.0980952 0.1029784 0.1012574 0.1004754 0.0629126 0.0813142 0.0964877 0.0966177 0.0782306 0.0263170 0.1161946 0.0818610 0.0111601 0.1472446 0.0834837 0.0718068 0.1161199 0.0799707 0.0806048 0.0955602 0.0770292 0.0782438 0.0587770 0.0779547 0.0576261 0.0665154 0.0352947 0.0872835 0.1073948 0.1130540 0.1154685 0.1175539 0.0856825 0.1285844 0.0808643 0.0575731 0.1345303 0.0845922 0.0879156 0.1273495 0.0796726 0.1098989 0.0720206 0.1047006 0.0325647 0.0617131 0.0808101 0.1167600 0.1008731 0.0894675 0.1246518 0.0989222 0.0806481 0.0776490 0.0224179 0.0777718 0.1150504 0.0882059 0.0189552 0.0146448 0.1220589 0.0811246 0.0701741 0.0524686 0.1184357 0.1084876 0.1183193 0.0852784 0.0680053 0.0718745 0.1053028 0.0926290 0.0796726 0.0939030 0.0860318 0.0818460 0.1076281 0.0807949 0.1068808 
S0308         0.3154754 0.3469111 0.3786965 0.1183372 0.1327503 0.2125429 0.1409972 0.1229331 0.1260913 0.1429420 0.1297958 0.1021033 0.1325099 0.1606197 0.1266146 0.0976703 0.0000000 0.1151419 0.1077823 0.1116005 0.1021290 0.1505878 0.0978374 0.1258739 0.1258529 0.1285848 0.1047419 0.1386452 0.1278818 0.1383266 0.1044478 0.0874508 0.1038218 0.1127410 0.0974907 0.1100125 0.1254194 0.1258299 0.1224867 0.0993289 0.1040209 0.1370415 0.1256160 0.1058854 0.1121840 0.1283141 0.0975198 0.0933982 0.1699415 0.1104749 0.1086653 0.1302529 0.1233324 0.1187809 0.1011622 0.1097038 0.1170632 0.0793401 0.1111000 0.0982352 0.0864177 0.0873218 0.1157242 0.1189558 0.1320481 0.1401784 0.1517152 0.1134446 0.1351123 0.1225145 0.0776706 0.1647598 0.1012309 0.1054207 0.1322557 0.1228388 0.1216645 0.1036315 0.1186037 0.0913477 0.0870699 0.1009156 0.1233530 0.1253235 0.1179822 0.1630105 0.1227381 0.1132984 0.1070091 0.0912618 0.1164542 0.1221343 0.1002227 0.0781419 0.0960039 0.1424110 0.1085449 0.1191380 0.0750220 0.1448789 0.1219097 0.1327195 0.1211059 0.0837618 0.1019102 0.1010011 0.1223940 0.1228388 0.1175176 0.1139370 0.0988880 0.1330068 0.0962766 0.1046079 
S0320         0.2947264 0.2854254 0.3137742 0.1161757 0.0691004 0.1836788 0.0734510 0.0519604 0.1121917 0.0875906 0.0565487 0.1023920 0.0758445 0.1223063 0.0577370 0.1004072 0.1151419 0.0000000 0.0997902 0.0580839 0.0975667 0.0871390 0.0693454 0.0795293 0.0687546 0.0410898 0.0423192 0.0409823 0.0789443 0.0920990 0.0636639 0.0880094 0.0860864 0.1365545 0.0992118 0.0424340 0.0511337 0.0632189 0.0533861 0.0514920 0.0473222 0.0852990 0.0767179 0.0811753 0.1049097 0.0963977 0.0686748 0.1013966 0.0918284 0.0943143 0.0700324 0.0683190 0.0740202 0.0682516 0.1059531 0.0800442 0.0623242 0.0811307 0.0522709 0.0619445 0.0807790 0.1002964 0.1003943 0.1073412 0.1181800 0.1302987 0.1355676 0.0826935 0.1235969 0.0902617 0.0929374 0.1608538 0.0815815 0.0975926 0.1063264 0.0736970 0.0956997 0.0538184 0.1097783 0.0811669 0.1042028 0.0850482 0.1100918 0.0629549 0.0724279 0.1241956 0.0393418 0.0514752 0.0485205 0.0987433 0.0624811 0.0689752 0.1203621 0.0834332 0.0986833 0.0629699 0.0956880 0.1233859 0.0596054 0.0745682 0.0819131 0.0816879 0.1014714 0.0533258 0.0911944 0.0369622 0.0566077 0.0736970 0.0052742 0.0774504 0.0529176 0.0695604 0.0962754 0.0745657 
S0322         0.2559842 0.2806335 0.3173959 0.0740288 0.0968767 0.1592808 0.1210653 0.1067951 0.0917424 0.1193554 0.1005295 0.0763551 0.1019851 0.1013042 0.1190418 0.0225450 0.1077823 0.0997902 0.0000000 0.0898414 0.0514322 0.0885597 0.0958629 0.0961622 0.0961328 0.1102879 0.0914349 0.1247103 0.0746213 0.1026450 0.0668987 0.0224813 0.0963577 0.0973649 0.0224931 0.0923158 0.0977503 0.0961094 0.0947778 0.0578769 0.0808831 0.0913831 0.0964441 0.0783009 0.0072225 0.1163383 0.0914692 0.0146699 0.1414495 0.0941758 0.0623730 0.1108207 0.0704677 0.0710167 0.1001361 0.0770967 0.0728481 0.0628779 0.0775323 0.0572730 0.0618463 0.0436006 0.0970651 0.1121321 0.1070295 0.1201887 0.1173710 0.0857636 0.1287551 0.0712455 0.0665169 0.1269379 0.0892367 0.0925147 0.1217130 0.0702079 0.1045155 0.0699506 0.1074388 0.0437101 0.0706977 0.0852476 0.1112396 0.0957478 0.0895536 0.1191261 0.0928280 0.0802228 0.0720192 0.0261987 0.0724004 0.1225135 0.0924419 0.0227215 0.0221941 0.1059715 0.0906484 0.0698025 0.0590052 0.1130166 0.1080589 0.1129549 0.0897414 0.0628405 0.0762624 0.0941920 0.0927238 0.0702079 0.0923464 0.0861139 0.0761619 0.1023555 0.0759288 0.1170671 
S0327         0.2918495 0.3054764 0.3445939 0.0977742 0.0853768 0.1701097 0.0801081 0.0489127 0.0760059 0.1085947 0.0343790 0.0690974 0.0917499 0.0981968 0.0754945 0.1051726 0.1116005 0.0580839 0.0898414 0.0000000 0.0931705 0.1074618 0.0747891 0.0957120 0.0861047 0.0429218 0.0944982 0.0529818 0.0692951 0.0760027 0.0502892 0.0802739 0.0814705 0.1199651 0.1049891 0.0396907 0.0759535 0.0860816 0.0722701 0.0567055 0.0755843 0.0996162 0.0913971 0.0721989 0.0891276 0.0946204 0.0945329 0.0958061 0.1244738 0.0923982 0.0617024 0.0804936 0.0652090 0.0657074 0.1022695 0.0759210 0.0664493 0.0858196 0.0710740 0.0613773 0.0563979 0.1000741 0.1000943 0.0975804 0.0880530 0.1133684 0.0987226 0.0749393 0.1117664 0.0777869 0.0949466 0.1562595 0.0869578 0.0905602 0.0998352 0.0649721 0.0934442 0.0823056 0.0861087 0.0834293 0.0935940 0.0598074 0.1054406 0.0857616 0.1036584 0.0875583 0.0509378 0.0738131 0.0624357 0.0887481 0.0709076 0.0977364 0.1075106 0.0806942 0.1034183 0.0906341 0.1148430 0.1143465 0.0431653 0.1024568 0.0978281 0.0725020 0.0726751 0.0565050 0.0644483 0.0533275 0.1073300 0.0649721 0.0515761 0.0704646 0.0712538 0.0920820 0.0609690 0.0905375 
S0335         0.2881899 0.2870198 0.3288895 0.0465958 0.1043387 0.1959341 0.1228508 0.1107445 0.0841671 0.1103257 0.1131138 0.0704092 0.1040122 0.1192826 0.1063195 0.0517113 0.1021290 0.0975667 0.0514322 0.0931705 0.0000000 0.0492337 0.0881800 0.1035819 0.1035545 0.0982430 0.0844272 0.1218132 0.0772011 0.1042319 0.0705008 0.0474466 0.0837602 0.0851240 0.0516037 0.0902558 0.1052496 0.1035318 0.0927025 0.0566624 0.0650370 0.0988481 0.1118320 0.0760321 0.0553888 0.1208830 0.0752708 0.0477849 0.1487625 0.0924480 0.0652104 0.1076822 0.0731310 0.0736898 0.0989045 0.0797083 0.0712656 0.0527575 0.0616433 0.0616421 0.0556806 0.0572689 0.0799682 0.0992124 0.0894216 0.1133821 0.1328225 0.0833283 0.1274740 0.0650589 0.0477221 0.1154701 0.0818249 0.0854316 0.1262599 0.0728669 0.1089863 0.0701082 0.0964925 0.0103127 0.0512378 0.0786016 0.1157722 0.1031463 0.0827319 0.1219768 0.0804008 0.0645104 0.0613962 0.0428252 0.0708339 0.1086481 0.0857254 0.0438508 0.0426285 0.1133299 0.0789008 0.0304682 0.0518577 0.1204459 0.1172590 0.1270987 0.0739126 0.0524488 0.0656703 0.0867960 0.0950720 0.0728669 0.0907469 0.0836589 0.0700814 0.1043812 0.0785840 0.1090690 
S0345         0.4013304 0.3556799 0.3318105 0.0675061 0.0945772 0.2528114 0.1147690 0.1064936 0.0665282 0.1177821 0.1147182 0.0989678 0.1084235 0.1447202 0.1075434 0.1001000 0.1505878 0.0871390 0.0885597 0.1074618 0.0492337 0.0000000 0.0656841 0.0974146 0.1070434 0.0850688 0.0890090 0.1039278 0.0835556 0.1377130 0.0482068 0.0892615 0.0809641 0.1455517 0.0980638 0.1063373 0.1031688 0.1078744 0.0953779 0.0388254 0.0671859 0.1188664 0.1145935 0.0662719 0.0972428 0.1121077 0.0753306 0.1001414 0.1312142 0.1102169 0.0589073 0.1066922 0.0746562 0.0650284 0.1123287 0.0655746 0.0470026 0.0590875 0.0488007 0.0560232 0.0672601 0.0990590 0.0758157 0.1123287 0.1178361 0.1532238 0.1648865 0.0743673 0.1631129 0.0777517 0.0677440 0.0766915 0.0960958 0.0938727 0.1193363 0.0746562 0.1121755 0.0597812 0.1340372 0.0649262 0.0861015 0.1260623 0.1394580 0.1070434 0.0655396 0.1456128 0.1225628 0.0478677 0.0595448 0.0981347 0.0385451 0.0897479 0.0984279 0.0817256 0.0877092 0.1178687 0.0937204 0.0597201 0.0690887 0.1178687 0.1207048 0.1195871 0.1278185 0.0653702 0.0994622 0.0858177 0.0647761 0.0746562 0.0779326 0.0749517 0.0778005 0.1078744 0.0820312 0.1282879 
S0376         0.2846292 0.2959238 0.3329868 0.0970990 0.0614820 0.2051368 0.0696537 0.0818399 0.0659945 0.0770032 0.0839741 0.0888003 0.0666529 0.0997358 0.0912357 0.0957639 0.0978374 0.0693454 0.0958629 0.0747891 0.0881800 0.0656841 0.0000000 0.0616154 0.0615887 0.0878330 0.0435061 0.1057920 0.0730624 0.0617939 0.0608940 0.0761726 0.0832870 0.1081477 0.0955902 0.0861725 0.0626337 0.0615679 0.0905354 0.0654669 0.0610956 0.0748351 0.0624109 0.0530997 0.1001420 0.0943528 0.0435247 0.0915852 0.0914800 0.0706194 0.0610684 0.0656214 0.0646953 0.0649011 0.0838816 0.0567583 0.0707342 0.0762604 0.0567754 0.0706298 0.0561037 0.0907543 0.0844047 0.0841662 0.1092624 0.0980348 0.1173805 0.0607363 0.1058862 0.0793193 0.0754284 0.0952765 0.0572970 0.0661756 0.1048188 0.0687476 0.0885802 0.0552028 0.0814024 0.1019649 0.0836754 0.0830881 0.1055727 0.0613504 0.0519855 0.1219208 0.0851401 0.0512251 0.0485345 0.0846472 0.0800348 0.0885562 0.1067174 0.0823584 0.0941640 0.0705528 0.0990556 0.1089633 0.0578248 0.0764158 0.0674439 0.0624641 0.0967296 0.0606719 0.0931003 0.0630545 0.0580276 0.0687476 0.0712737 0.0609696 0.0572546 0.0668876 0.0517792 0.0654294 
S0400         0.3047942 0.2774254 0.3530665 0.1247172 0.0429614 0.1743577 0.0685465 0.0851176 0.0914721 0.0266387 0.0977498 0.0847423 0.0148589 0.1046515 0.0847865 0.1013084 0.1258739 0.0795293 0.0961622 0.0957120 0.1035819 0.0974146 0.0616154 0.0000000 0.0072033 0.0829447 0.0574517 0.0894359 0.0884448 0.0797954 0.0890357 0.0813665 0.1057549 0.1147219 0.1011284 0.0714429 0.0396775 0.0108865 0.0959861 0.0604564 0.0692359 0.0463853 0.0126925 0.0922498 0.0953842 0.1072994 0.0650469 0.0919350 0.0429160 0.0884283 0.0759232 0.0184315 0.0842324 0.0799924 0.1055386 0.0907828 0.0611284 0.0864427 0.0748716 0.0654801 0.0791011 0.0962162 0.1113355 0.1058583 0.1384537 0.1259344 0.0995813 0.0949567 0.1195425 0.1103041 0.0905045 0.1335162 0.0779570 0.0816199 0.1127203 0.0839184 0.1004659 0.0604485 0.1140700 0.0816853 0.0989182 0.0947034 0.1127170 0.0108530 0.0504290 0.0928715 0.0854427 0.0686789 0.0571344 0.0899325 0.0746998 0.0974249 0.0972172 0.0826596 0.0996080 0.0260964 0.1096054 0.1209796 0.0513409 0.0224723 0.0229339 0.0620178 0.1089678 0.0659811 0.0841198 0.0724263 0.0477187 0.0839184 0.0640131 0.0953473 0.0608404 0.0147698 0.0800841 0.0513799 
S0405         0.2963342 0.2694580 0.3439576 0.1246966 0.0347758 0.1669977 0.0598562 0.0757843 0.0914422 0.0188248 0.0883293 0.0847127 0.0073495 0.0949718 0.0755160 0.1012798 0.1258529 0.0687546 0.0961328 0.0861047 0.1035545 0.1070434 0.0615887 0.0072033 0.0000000 0.0738807 0.0574259 0.0800912 0.0884157 0.0706513 0.0890005 0.0813366 0.1057263 0.1146965 0.1010999 0.0711469 0.0313989 0.0035893 0.0863552 0.0604304 0.0692082 0.0382513 0.0084177 0.0922198 0.0953550 0.1072710 0.0650198 0.0919051 0.0347394 0.0883944 0.0758938 0.0185277 0.0842030 0.0799630 0.1055111 0.0907531 0.0611019 0.0864127 0.0748426 0.0654526 0.0790720 0.0961868 0.1113096 0.1058308 0.1384399 0.1259142 0.0886067 0.0949276 0.1195181 0.1102780 0.0904748 0.1405760 0.0779268 0.0815898 0.1126935 0.0838891 0.1004363 0.0604185 0.1140444 0.0754246 0.0988899 0.0852138 0.1126903 0.0035791 0.0504064 0.0835759 0.0756203 0.0686514 0.0571088 0.0899030 0.0746709 0.0973954 0.1077574 0.0826291 0.0995794 0.0184437 0.1095793 0.1209572 0.0510094 0.0148199 0.0151188 0.0619907 0.0992332 0.0571208 0.0840904 0.0723969 0.0476964 0.0838891 0.0578510 0.0953181 0.0608140 0.0073056 0.0800543 0.0513573 
S0407sl       0.3130219 0.3187334 0.3655955 0.1080058 0.0686762 0.2058335 0.0725554 0.0430287 0.1044703 0.0897529 0.0540904 0.0781002 0.0799150 0.1351514 0.0650134 0.1162809 0.1285848 0.0410898 0.1102879 0.0429218 0.0982430 0.0850688 0.0878330 0.0829447 0.0738807 0.0000000 0.0792556 0.0388276 0.0820783 0.0923653 0.0926567 0.0955096 0.0927393 0.1304131 0.1160856 0.0268247 0.0554713 0.0691970 0.0671174 0.0553531 0.0599867 0.0819441 0.0880634 0.0956045 0.1093854 0.1161818 0.0824706 0.1067079 0.1044468 0.0924936 0.0745755 0.0826299 0.0779716 0.0785741 0.1067886 0.0941086 0.0690131 0.1011731 0.0600975 0.0646132 0.0880364 0.1110444 0.1046816 0.1019375 0.1146812 0.1235301 0.1262493 0.1131061 0.1344059 0.1004595 0.1103264 0.1683727 0.0915506 0.0900825 0.1216421 0.0776878 0.1146850 0.0654522 0.0966813 0.0835536 0.1135274 0.0685339 0.1275666 0.0689540 0.0764304 0.0949134 0.0366932 0.0586349 0.0519374 0.0992261 0.0691681 0.0802345 0.1287306 0.0962503 0.1143320 0.0734777 0.1302283 0.1197097 0.0498271 0.0841664 0.0812616 0.0749211 0.0816205 0.0646929 0.0686972 0.0480365 0.0887485 0.0776878 0.0155528 0.1083214 0.0603354 0.0746020 0.0977821 0.0692129 
S0412sl       0.2930215 0.2981397 0.3436820 0.0933674 0.0573308 0.1730929 0.0744215 0.1021593 0.0803941 0.0775710 0.0940250 0.0850370 0.0624280 0.0953318 0.0873862 0.0818298 0.1047419 0.0423192 0.0914349 0.0944982 0.0844272 0.0890090 0.0435061 0.0574517 0.0574259 0.0792556 0.0000000 0.0967367 0.0685312 0.0858675 0.0666039 0.0770652 0.0844690 0.1042427 0.0816722 0.0773338 0.0630908 0.0574057 0.0866910 0.0526169 0.0573197 0.0706138 0.0578482 0.0718269 0.0957178 0.0828547 0.0482072 0.0776569 0.0973446 0.0548428 0.0611213 0.0707951 0.0644907 0.0604211 0.0850672 0.0706947 0.0665196 0.0675799 0.0529942 0.0575349 0.0698791 0.0769451 0.0806179 0.0853573 0.1033429 0.0831949 0.1308805 0.0641049 0.0938297 0.0891620 0.0716162 0.1132699 0.0574908 0.0566007 0.0981876 0.0642600 0.0774029 0.0511605 0.0759713 0.0615243 0.0799126 0.0841915 0.0935742 0.0572033 0.0564993 0.1220515 0.0759773 0.0475220 0.0447185 0.0808461 0.0666696 0.0951428 0.1028451 0.0734912 0.0804569 0.0758576 0.0883996 0.1051737 0.0604678 0.0721021 0.0634512 0.0582442 0.0980108 0.0569177 0.0844107 0.0686152 0.0538322 0.0642600 0.0391615 0.0643481 0.0534417 0.0626475 0.0700706 0.0525827 
S0417         0.3107753 0.3427269 0.3598941 0.1323404 0.0699490 0.1923975 0.0786195 0.0571337 0.1241210 0.0965975 0.0645158 0.0803259 0.0864224 0.1239577 0.0701922 0.1311277 0.1386452 0.0409823 0.1247103 0.0529818 0.1218132 0.1039278 0.1057920 0.0894359 0.0800912 0.0388276 0.0967367 0.0000000 0.1045709 0.1159710 0.0868054 0.1090709 0.1064184 0.1464115 0.1309143 0.0275554 0.0695327 0.0752446 0.0774029 0.0557765 0.0806788 0.0932820 0.0889402 0.1016321 0.1236450 0.1185482 0.0948115 0.1210749 0.1065133 0.1003583 0.0968796 0.1001445 0.1002312 0.0948992 0.1184366 0.1000950 0.0742427 0.1071663 0.0808355 0.0651211 0.0896917 0.1255966 0.1077984 0.1240570 0.1181218 0.1272158 0.1401793 0.1250806 0.1372082 0.1033441 0.1070718 0.2054716 0.1029672 0.0960856 0.1158663 0.0998473 0.1169891 0.0834272 0.1273381 0.0988477 0.1169008 0.0898731 0.1301890 0.0749735 0.0972532 0.1011649 0.0459699 0.0787759 0.0721659 0.1128621 0.0697189 0.0909007 0.1370695 0.1099789 0.1288713 0.0796441 0.1314004 0.1337453 0.0646638 0.0907876 0.0879235 0.0820435 0.1039859 0.0665289 0.0802270 0.0440148 0.0886173 0.0998473 0.0263076 0.1201412 0.0811888 0.0808883 0.1091442 0.0752509 
S0419         0.2869416 0.3409241 0.3808758 0.0863041 0.0876838 0.2165507 0.0873168 0.0855122 0.0517642 0.1104820 0.0874146 0.0688699 0.0939634 0.0924421 0.1101993 0.0841792 0.1278818 0.0789443 0.0746213 0.0692951 0.0772011 0.0835556 0.0730624 0.0884448 0.0884157 0.0820783 0.0685312 0.1045709 0.0000000 0.0980519 0.0545210 0.0748565 0.0724819 0.0964235 0.0840224 0.0802731 0.0898718 0.0883931 0.0939451 0.0513710 0.0600701 0.0825487 0.1000483 0.0525260 0.0787369 0.0984737 0.0873948 0.0801015 0.1315786 0.0747571 0.0036126 0.1025059 0.0035588 0.0035815 0.0922909 0.0517114 0.0562493 0.0749257 0.0516404 0.0605422 0.0425373 0.0793855 0.0646905 0.0925855 0.0978052 0.0919960 0.0978807 0.0642567 0.1100445 0.0641265 0.0788985 0.1519686 0.0756133 0.0744302 0.1090204 0.0035472 0.1024731 0.0642156 0.0799837 0.0676799 0.0822512 0.0686278 0.1090196 0.0880717 0.0864503 0.0751919 0.0786936 0.0503884 0.0520223 0.0831913 0.0650632 0.1133149 0.1002886 0.0760344 0.0827998 0.0978452 0.1023796 0.0969603 0.0650049 0.1044643 0.1003199 0.0707418 0.0724084 0.0596600 0.0597413 0.0810760 0.0796122 0.0035472 0.0769063 0.0645009 0.0649782 0.0942951 0.0597914 0.0735266 
S0427         0.2670746 0.2864928 0.3091540 0.1037702 0.0566843 0.2319982 0.0934277 0.0964248 0.0907524 0.0865986 0.0788111 0.1049922 0.0766841 0.1020130 0.1171396 0.1079325 0.1383266 0.0920990 0.1026450 0.0760027 0.1042319 0.1377130 0.0617939 0.0797954 0.0706513 0.0923653 0.0858675 0.1159710 0.0980519 0.0000000 0.0951227 0.0868884 0.0998911 0.1259322 0.1077426 0.1068487 0.0623670 0.0659358 0.1024620 0.0788133 0.0839256 0.0698197 0.0673749 0.0823069 0.1017969 0.1230769 0.0882006 0.0983439 0.0968240 0.0880548 0.0806604 0.0747138 0.0937992 0.0945550 0.1051209 0.0859726 0.0747201 0.0920894 0.0741345 0.0794483 0.0800708 0.1127590 0.1108877 0.1054394 0.1266284 0.1093661 0.0888461 0.0802902 0.1190224 0.1052821 0.0911035 0.1321489 0.0780728 0.0863639 0.1171186 0.0934467 0.1000613 0.0885167 0.1028312 0.1026609 0.0894374 0.0795546 0.1122404 0.0657017 0.0832538 0.1159795 0.0857173 0.0730572 0.0608838 0.0860212 0.0939589 0.1141965 0.1242860 0.0934687 0.1060979 0.0749984 0.1157269 0.1374516 0.0725292 0.0809842 0.0776589 0.0809205 0.0825374 0.0702937 0.1089840 0.0875805 0.0803559 0.0934467 0.0768678 0.0806129 0.0658145 0.0713513 0.0660241 0.1035401 
S0428sl       0.2764064 0.2987732 0.3376596 0.0808139 0.0887828 0.1946000 0.0809731 0.0902095 0.0667795 0.1151120 0.0654450 0.0817159 0.0955339 0.0740843 0.0812371 0.0602312 0.1044478 0.0636639 0.0668987 0.0502892 0.0705008 0.0482068 0.0608940 0.0890357 0.0890005 0.0926567 0.0666039 0.0868054 0.0545210 0.0951227 0.0000000 0.0620770 0.0742420 0.1100393 0.0721050 0.0850443 0.0886274 0.0889741 0.0876095 0.0399685 0.0668458 0.0935206 0.0920030 0.0457672 0.0716522 0.0929046 0.0877973 0.0730901 0.1319957 0.0775000 0.0409949 0.0937810 0.0499637 0.0448775 0.0802453 0.0451866 0.0502486 0.0608329 0.0660575 0.0447733 0.0357330 0.0723284 0.0830128 0.0758618 0.0859588 0.1164775 0.1193449 0.0545379 0.1130972 0.0556335 0.0660777 0.1275670 0.0660244 0.0808399 0.0969540 0.0497604 0.0867299 0.0670086 0.0786151 0.0765672 0.0762647 0.0871014 0.0939286 0.0885950 0.0873162 0.1017465 0.0693189 0.0650636 0.0572662 0.0767601 0.0550699 0.0894934 0.0899206 0.0631907 0.0712604 0.0944100 0.0746112 0.0932162 0.0592570 0.1010420 0.1030783 0.0728883 0.1030578 0.0555194 0.0817721 0.0615871 0.0711008 0.0497604 0.0644539 0.0545379 0.0728163 0.0959307 0.0544529 0.0938980 
S0430         0.2530142 0.2581974 0.3172314 0.0606603 0.0819620 0.1538342 0.1106456 0.0966533 0.0819021 0.1034465 0.0905854 0.0579497 0.0868778 0.0913712 0.1036293 0.0225840 0.0874508 0.0880094 0.0224813 0.0802739 0.0474466 0.0892615 0.0761726 0.0813665 0.0813366 0.0955096 0.0770652 0.1090709 0.0748565 0.0868884 0.0620770 0.0000000 0.0709667 0.0827086 0.0225320 0.0778360 0.0777284 0.0813137 0.0756732 0.0492055 0.0765849 0.0767175 0.0740378 0.0590996 0.0223317 0.1056180 0.0820572 0.0149442 0.1247103 0.0565813 0.0625768 0.0955645 0.0706921 0.0712443 0.0757761 0.0581941 0.0637670 0.0496439 0.0731830 0.0486931 0.0574712 0.0311777 0.0824335 0.0867456 0.0870327 0.0898117 0.0884725 0.0761722 0.1176552 0.0667248 0.0531336 0.1267866 0.0644393 0.0634011 0.1054693 0.0704308 0.0890282 0.0616103 0.0838812 0.0268601 0.0572518 0.0618838 0.0953479 0.0810128 0.0799816 0.1032114 0.0775770 0.0759542 0.0680240 0.0109025 0.0633589 0.1066299 0.0688663 0.0036836 0.0146722 0.0908503 0.0764006 0.0656563 0.0250991 0.0974173 0.0922077 0.1079079 0.0661757 0.0540186 0.0533005 0.0838251 0.0828016 0.0704308 0.0796367 0.0764793 0.0721944 0.0871915 0.0619623 0.1018435 
S0552sl       0.3179498 0.3124051 0.3625400 0.0833735 0.0946841 0.2385522 0.1152483 0.1178884 0.0680831 0.1306180 0.1019784 0.0637434 0.1120125 0.0971556 0.1054604 0.0915665 0.1038218 0.0860864 0.0963577 0.0814705 0.0837602 0.0809641 0.0832870 0.1057549 0.1057263 0.0927393 0.0844690 0.1064184 0.0724819 0.0998911 0.0742420 0.0709667 0.0000000 0.0870326 0.0913884 0.0806433 0.1009207 0.1057023 0.0917433 0.0556685 0.0750803 0.0885138 0.1026407 0.0562638 0.0906421 0.1061107 0.0845019 0.0818770 0.1431485 0.0377578 0.0598875 0.1101141 0.0682151 0.0687605 0.0546628 0.0698755 0.0704620 0.0612262 0.0656980 0.0656971 0.0547252 0.0863290 0.0276161 0.0403330 0.0450450 0.0493451 0.1112259 0.0787169 0.1115642 0.0929126 0.0654395 0.1457961 0.0473278 0.0512165 0.1059548 0.0679559 0.0887483 0.0762519 0.0461950 0.0728482 0.0691013 0.0495681 0.0953590 0.1052833 0.1038616 0.1181475 0.0795188 0.0639629 0.0612887 0.0749227 0.0706352 0.1046024 0.0858023 0.0771565 0.0899541 0.1217905 0.0897799 0.1054233 0.0188107 0.1238141 0.1094107 0.1113009 0.0627617 0.0598600 0.0589403 0.0615492 0.1077018 0.0679559 0.0891028 0.0790436 0.0651363 0.1124360 0.0640010 0.0948766 
S0616         0.2471330 0.3502293 0.3632588 0.0950616 0.1260559 0.2239950 0.1468952 0.1331589 0.0992071 0.1397547 0.1471168 0.1095692 0.1210527 0.1423105 0.1513725 0.0875670 0.1127410 0.1365545 0.0973649 0.1199651 0.0851240 0.1455517 0.1081477 0.1147219 0.1146965 0.1304131 0.1042427 0.1464115 0.0964235 0.1259322 0.1100393 0.0827086 0.0870326 0.0000000 0.0774014 0.1171489 0.1166396 0.1146732 0.1185325 0.0942451 0.0811652 0.1143142 0.1187635 0.0900513 0.1016939 0.1277712 0.1042819 0.0833515 0.1633057 0.0915763 0.0886068 0.1190264 0.0920637 0.0928240 0.0983687 0.1044159 0.1060765 0.0599196 0.0897341 0.0950606 0.0875463 0.0792354 0.0787642 0.1094302 0.1264300 0.1079810 0.1279924 0.0975295 0.1319212 0.1029297 0.0688578 0.1181407 0.1019074 0.1055857 0.1395997 0.0917090 0.1319105 0.1031400 0.0938458 0.0773302 0.0676063 0.0619949 0.1395705 0.1142213 0.1119952 0.1308212 0.1300230 0.0922774 0.0833289 0.0865069 0.1109860 0.1435646 0.0392379 0.0741215 0.0860869 0.1365370 0.0877105 0.1060139 0.0965733 0.1329154 0.1181893 0.1170039 0.0866881 0.0895139 0.1040322 0.1007523 0.1160496 0.0917090 0.1193351 0.0979400 0.0734078 0.1215020 0.0924212 0.0988548 
