141
CRNC          0.0000000 0.2306993 0.2732305 0.3990055 0.5121125 0.4026465 0.3151742 0.3457147 0.3590653 0.3990064 0.3897048 0.3656942 0.3762585 0.4126637 0.3887661 0.3784234 0.3956236 0.4289487 0.4124461 0.4011052 0.4250287 0.3729539 0.4031207 0.3803682 0.3802440 0.3741134 0.4095962 0.3744341 0.3852502 0.3827086 0.3698049 0.4705926 0.3778235 0.3948150 0.3976782 0.3466911 0.3965296 0.3920783 0.3809950 0.3925348 0.3686456 0.3840631 0.3687341 0.3863520 0.3969450 0.3708649 0.4138283 0.3803566 0.4182663 0.3969947 0.3658099 0.3522454 0.3737746 0.3646950 0.3714868 0.3833346 0.3779310 0.3740074 0.3717759 0.3768929 0.3760162 0.4138875 0.3900693 0.3865452 0.3992091 0.3753957 0.3658659 0.3832766 0.3996651 0.3818964 0.4028928 0.3704813 0.4250003 0.3978869 0.4621862 0.3934365 0.3554972 0.3549315 0.4024273 0.3762368 0.3796508 0.3683671 0.3754639 0.3617637 0.4311021 0.3803632 0.3852454 0.3457335 0.3812623 0.4219426 0.3677306 0.3986079 0.3932594 0.3776681 0.3999229 0.3869742 0.3840119 0.3781393 0.3878528 0.4007556 0.3774885 0.3521215 0.3566094 0.3738111 0.3694125 0.3727236 0.3948076 0.3730019 0.3612476 0.3901474 0.4178474 0.3870503 0.3799007 0.4020841 0.4116277 0.4521296 0.3845165 0.3790838 0.3868503 0.3882332 0.4075350 0.3810191 0.3924721 0.4078670 0.3788557 0.3720386 0.4303802 0.3759532 0.3663384 0.3894174 0.3811111 0.3847230 0.3572240 0.3870841 0.3763191 0.3871184 0.4953242 0.3787725 0.3867207 0.4360491 0.3702450 
HYZL          0.2306993 0.0000000 0.1374919 0.3662129 0.5055509 0.3594194 0.2754455 0.3338707 0.3639735 0.4012419 0.3719936 0.3447028 0.3536280 0.3874995 0.3629527 0.3538434 0.3735488 0.4168490 0.3976849 0.3550387 0.3984871 0.3672233 0.3769288 0.3633095 0.3798002 0.3509104 0.3560292 0.3482346 0.3545327 0.3437457 0.3709521 0.4516699 0.3440895 0.3459205 0.3733752 0.3496062 0.3673638 0.3752406 0.3805354 0.3722017 0.3593409 0.3611977 0.3517014 0.3634160 0.3723377 0.3518915 0.3979710 0.3629795 0.3959679 0.3584722 0.3512541 0.3386326 0.3629205 0.3532686 0.3449643 0.3661362 0.3594381 0.3362989 0.3517888 0.3434055 0.3441899 0.4038247 0.3520951 0.3740372 0.3716861 0.3685617 0.3452912 0.3540882 0.3758237 0.3586222 0.3770836 0.3688925 0.3993653 0.3698603 0.4128657 0.3747463 0.3376750 0.3568301 0.3901014 0.3723753 0.3589626 0.3345145 0.3418930 0.3375932 0.4612471 0.3794880 0.3472430 0.3247243 0.3652440 0.3979736 0.3540881 0.3763428 0.3755092 0.3548951 0.3798313 0.3786709 0.3814002 0.3637368 0.3639163 0.4025835 0.3789759 0.3558724 0.3589649 0.3445141 0.3521963 0.3685548 0.3699333 0.3406884 0.3401775 0.3630921 0.3978696 0.3608495 0.3492179 0.3864434 0.3814283 0.4182452 0.3633518 0.3453012 0.3817151 0.3666600 0.3903296 0.3622702 0.3695460 0.3952736 0.3616895 0.3296596 0.3981818 0.3638729 0.3577140 0.3748326 0.3612959 0.3589062 0.3452574 0.3771065 0.3503871 0.3433675 0.4468683 0.3557973 0.3909244 0.4026249 0.3470633 
MYZV          0.2732305 0.1374919 0.0000000 0.4247403 0.6061091 0.4115530 0.3175627 0.3905159 0.4128008 0.4577027 0.4093154 0.3926425 0.3978767 0.4288272 0.4258513 0.4136866 0.4371171 0.4470642 0.4462247 0.4183917 0.4544171 0.4167464 0.4403593 0.4327613 0.4169353 0.3990335 0.4224066 0.3995504 0.3963093 0.3751408 0.4232116 0.5234545 0.3990074 0.4079382 0.4389171 0.4108265 0.4270471 0.4188130 0.4235556 0.4252337 0.4014668 0.4176760 0.4120048 0.4053431 0.4334625 0.4002106 0.4292036 0.4138806 0.4508835 0.4094940 0.4011972 0.3910672 0.4143307 0.4111372 0.3938015 0.4127062 0.3923297 0.3940442 0.3961704 0.3980120 0.3971488 0.4461487 0.4052314 0.4285418 0.4179528 0.4085002 0.3943018 0.4135223 0.4157945 0.4270023 0.4107857 0.4016685 0.4420676 0.4216856 0.5019825 0.4221968 0.3863004 0.3971144 0.4186749 0.3941080 0.4035141 0.3856054 0.3965537 0.3894951 0.5189332 0.4272969 0.4194437 0.3486451 0.4071325 0.4610194 0.4114146 0.4270702 0.4209673 0.3968223 0.4418486 0.4144785 0.4257271 0.4198396 0.4252332 0.4590171 0.4266388 0.4127248 0.4040679 0.3890873 0.3943993 0.4095737 0.4170536 0.3873393 0.3829873 0.4184022 0.4582372 0.4098686 0.4104475 0.4411634 0.4348672 0.4794508 0.4127044 0.4002947 0.4404085 0.4163523 0.4171134 0.3997541 0.4180056 0.4535040 0.4165518 0.3796118 0.4561801 0.4093851 0.4088977 0.4327222 0.4110889 0.4079495 0.4266377 0.4240406 0.3916884 0.4076747 0.5020062 0.4193918 0.4519037 0.4498257 0.4058305 
SRR6441723    0.3990055 0.3662129 0.4247403 0.0000000 0.1030942 0.0930029 0.2372843 0.0560376 0.0559133 0.1004977 0.0711241 0.0687418 0.0701663 0.0786002 0.0549594 0.0843719 0.0894437 0.1125805 0.0996006 0.0749029 0.0943021 0.0784683 0.0771882 0.0466315 0.0355824 0.0807847 0.0708682 0.0673838 0.0819611 0.0820989 0.0775065 0.1148509 0.0442815 0.0739705 0.0997184 0.0795901 0.0786787 0.0607771 0.0797719 0.0830584 0.0765567 0.0751629 0.0691778 0.0753114 0.0919270 0.0597910 0.0967382 0.0688381 0.0929392 0.0647735 0.0743964 0.1096603 0.0689284 0.0787834 0.0624984 0.0701438 0.0538278 0.0452459 0.0679482 0.0451202 0.0442844 0.0730852 0.0592652 0.0720245 0.0852501 0.0766833 0.0572881 0.0451540 0.0822153 0.0717667 0.0666404 0.0532043 0.0772415 0.0648047 0.1443532 0.0635566 0.1144058 0.0684988 0.0812453 0.0673398 0.0612602 0.1164305 0.0442072 0.1131780 0.1109642 0.0660035 0.0411011 0.0654436 0.0784746 0.0785614 0.1113430 0.0883447 0.0794838 0.0484932 0.0878092 0.0737776 0.0821889 0.0784874 0.0675878 0.1003693 0.0756386 0.0784017 0.0749752 0.0681080 0.0681206 0.0270286 0.0622829 0.0647316 0.0618941 0.0700217 0.0612998 0.0704499 0.0654434 0.0619439 0.0606482 0.1069652 0.0705916 0.0451421 0.0895445 0.0599591 0.0960443 0.0693970 0.0639050 0.0611082 0.0364801 0.0746449 0.1025697 0.0683943 0.0576590 0.0703209 0.0654536 0.0326765 0.0435175 0.0884550 0.0525916 0.0490245 0.1788505 0.0519317 0.0443697 0.1096530 0.0472782 
ERR4210213    0.5121125 0.5055509 0.6061091 0.1030942 0.0000000 0.1469264 0.2496729 0.1261277 0.1100115 0.1684275 0.1347955 0.1391951 0.1144368 0.1711731 0.1166182 0.1575459 0.1707344 0.1828677 0.2622310 0.1549634 0.1501116 0.1539506 0.1451217 0.0612098 0.0834116 0.1320434 0.1658594 0.1317698 0.1446508 0.1499385 0.1642141 0.3167491 0.0953048 0.1693569 0.2347319 0.1509388 0.1559194 0.1259576 0.1608037 0.1480744 0.1895009 0.1562813 0.1401837 0.1461923 0.1689556 0.1132607 0.2022387 0.1419869 0.2173514 0.1173399 0.1519030 0.1778552 0.1427366 0.1601012 0.1076733 0.1344965 0.1221424 0.0988398 0.1358363 0.0953048 0.0988293 0.1522854 0.1142332 0.1479449 0.1554494 0.1555617 0.1261959 0.0898688 0.1662046 0.1618325 0.1403899 0.1142262 0.1726172 0.1232964 0.3809919 0.1264747 0.1721474 0.1473971 0.1790943 0.1347610 0.1314176 0.1793232 0.0953048 0.1705313 0.1710289 0.1465414 0.0937799 0.1551398 0.1500532 0.1388643 0.1987758 0.1840662 0.1393021 0.1018816 0.1517645 0.1698458 0.1811793 0.1538978 0.1282433 0.1761515 0.1704503 0.1428589 0.1559279 0.1308496 0.1362094 0.1022526 0.1198360 0.1234080 0.1274366 0.1588236 0.1454607 0.1410612 0.1267798 0.1188865 0.1157798 0.1664560 0.1437330 0.0987046 0.1686500 0.1145638 0.2182832 0.1403447 0.1344954 0.1135857 0.0858679 0.1100359 0.1553918 0.1402863 0.1031285 0.1363857 0.0886068 0.1109384 0.0591979 0.1125121 0.0629579 0.0726419 0.2147421 0.1237296 0.0926502 0.1242987 0.0927110 
ERR2789774    0.4026465 0.3594194 0.4115530 0.0930029 0.1469264 0.0000000 0.2782952 0.0479042 0.0793499 0.1155065 0.0890368 0.0246066 0.0937142 0.0919649 0.0946173 0.0361031 0.0759058 0.1222985 0.1427388 0.1168011 0.1117693 0.1192683 0.0932934 0.0927277 0.0910500 0.1272792 0.0867431 0.0268259 0.0360576 0.1036514 0.0654836 0.1252462 0.0750814 0.0845200 0.1047154 0.1195667 0.0917016 0.0887920 0.0718352 0.1128984 0.1227764 0.0902999 0.0453036 0.0359610 0.1067413 0.0754226 0.1018285 0.0597090 0.0415899 0.0899853 0.1190002 0.1151992 0.0556883 0.1233195 0.0915400 0.0313840 0.0864987 0.0771893 0.0261941 0.0759509 0.0750870 0.1028779 0.0882153 0.0780491 0.1167673 0.0807914 0.0666900 0.0874464 0.0960507 0.1121403 0.0952325 0.0815250 0.1133014 0.0936566 0.1273702 0.0850747 0.1205620 0.0962707 0.1062273 0.0937047 0.0925606 0.1259071 0.0739934 0.1246913 0.1198717 0.1052039 0.0865470 0.0922932 0.0520100 0.1205219 0.1186769 0.0411130 0.0662733 0.0860498 0.1033394 0.0819940 0.0869527 0.1240375 0.0787041 0.1131452 0.1050587 0.1209886 0.1181706 0.0285850 0.0983977 0.0823338 0.0981770 0.0248256 0.0280745 0.0593010 0.1086642 0.0492456 0.0726815 0.1102174 0.0999571 0.1252847 0.0613868 0.0759908 0.1050123 0.0809982 0.0987660 0.0272731 0.0875969 0.1076088 0.0893802 0.0263892 0.1170454 0.0631708 0.0770490 0.0591466 0.0610704 0.0839497 0.0821567 0.0926968 0.0883077 0.0901299 0.1994855 0.0798592 0.1023803 0.1207824 0.0851478 
PAFTOL_019361 0.3151742 0.2754455 0.3175627 0.2372843 0.2496729 0.2782952 0.0000000 0.2194482 0.2575822 0.2879458 0.2336757 0.2254221 0.2322236 0.2425755 0.2298270 0.2514565 0.2621912 0.3018830 0.3214403 0.2742911 0.2792202 0.2603703 0.2552974 0.2397077 0.2494851 0.2360452 0.2531344 0.2328962 0.2585591 0.2197169 0.2175334 0.3334646 0.2179725 0.2428588 0.2959395 0.2606838 0.2455525 0.2462683 0.2260590 0.2596350 0.2510979 0.2224962 0.2421205 0.2502581 0.2610503 0.2453012 0.2635545 0.2244391 0.3216178 0.2422428 0.2476921 0.2286646 0.2287411 0.2470424 0.2538091 0.2453815 0.2435132 0.2200847 0.2384402 0.2142564 0.2148912 0.2487408 0.2465517 0.2453263 0.2521267 0.2493165 0.2302950 0.2373481 0.2453047 0.2665273 0.2668852 0.2278901 0.2908113 0.2609274 0.3695078 0.2456747 0.2509439 0.2493302 0.2325830 0.2523946 0.2592852 0.2306346 0.2153039 0.2124936 0.2348809 0.2562724 0.2276565 0.2185009 0.2417253 0.2468110 0.2293526 0.2622049 0.2425739 0.2445590 0.2649535 0.2446423 0.2603775 0.2584222 0.2275310 0.2841090 0.2494322 0.2596375 0.2564878 0.2455690 0.2330282 0.2272994 0.2292000 0.2210994 0.2300758 0.2454528 0.2510349 0.2387333 0.2405359 0.2478700 0.2278190 0.2875505 0.2421628 0.2148912 0.2483959 0.2459669 0.2697477 0.2454566 0.2415947 0.2446515 0.2335516 0.2378310 0.2665789 0.2405460 0.2288152 0.2491843 0.2233810 0.2357434 0.2200117 0.2444594 0.2269313 0.2429587 0.3857005 0.2230095 0.2221370 0.3078914 0.2248967 
S0055         0.3457147 0.3338707 0.3905159 0.0560376 0.1261277 0.0479042 0.2194482 0.0000000 0.0519842 0.0750110 0.0665469 0.0302248 0.0667048 0.0513566 0.0542199 0.0413170 0.0534120 0.0856933 0.0926958 0.0712158 0.0670831 0.0733133 0.0529163 0.0577519 0.0648600 0.0770764 0.0498355 0.0324064 0.0420160 0.0600609 0.0407051 0.0851366 0.0428811 0.0522903 0.0677399 0.0747636 0.0537084 0.0542339 0.0432667 0.0738887 0.0723681 0.0531390 0.0340283 0.0399403 0.0618175 0.0399748 0.0709796 0.0315263 0.0467930 0.0607656 0.0735959 0.0835132 0.0339801 0.0736929 0.0510911 0.0333336 0.0523825 0.0457531 0.0289477 0.0437275 0.0428833 0.0626142 0.0559020 0.0513453 0.0775065 0.0550694 0.0376603 0.0441858 0.0555297 0.0706906 0.0607802 0.0446535 0.0729571 0.0617195 0.0967183 0.0633071 0.0919146 0.0615441 0.0650329 0.0585852 0.0576806 0.0908298 0.0428084 0.0882449 0.0860981 0.0643941 0.0506057 0.0580526 0.0340437 0.0815546 0.0864905 0.0451951 0.0398800 0.0475183 0.0636663 0.0541901 0.0588667 0.0754449 0.0428986 0.0737884 0.0695733 0.0744265 0.0722179 0.0314749 0.0642800 0.0512855 0.0566482 0.0276427 0.0263588 0.0261792 0.0701335 0.0323610 0.0429725 0.0714356 0.0661896 0.0844238 0.0362476 0.0437488 0.0639591 0.0606261 0.0702479 0.0309808 0.0603533 0.0595424 0.0520692 0.0332342 0.0799179 0.0343249 0.0440842 0.0324451 0.0281228 0.0537891 0.0497701 0.0593970 0.0508081 0.0470323 0.1637154 0.0496790 0.0644401 0.0829429 0.0479858 
S0196sl       0.3590653 0.3639735 0.4128008 0.0559133 0.1100115 0.0793499 0.2575822 0.0519842 0.0000000 0.0990746 0.0450857 0.0632658 0.0521233 0.0790777 0.0574124 0.0656062 0.1001235 0.0982992 0.0619261 0.0689981 0.0901446 0.0636884 0.0733738 0.0537960 0.0569507 0.0717565 0.0653519 0.0634546 0.0766144 0.0729466 0.0766934 0.0688431 0.0081823 0.0705083 0.0672493 0.0657065 0.0692868 0.0530892 0.0734302 0.0598700 0.0597916 0.0637022 0.0760578 0.0673122 0.0887664 0.0567003 0.0994439 0.0583487 0.0637528 0.0377991 0.0696851 0.1100175 0.0624976 0.0686447 0.0635851 0.0713737 0.0506366 0.0093545 0.0655164 0.0081580 0.0081755 0.0660312 0.0339587 0.0756087 0.0765112 0.0838262 0.0550693 0.0454656 0.0813928 0.0626748 0.0574141 0.0467355 0.0622967 0.0535412 0.1298101 0.0453447 0.1187102 0.0574940 0.0645772 0.0606921 0.0581933 0.1200948 0.0081768 0.1098107 0.0985358 0.0683492 0.0453777 0.0622639 0.0738295 0.0850571 0.1134800 0.0633268 0.0831015 0.0449213 0.0832161 0.0761248 0.0771340 0.0668812 0.0596789 0.0906470 0.0570760 0.0607870 0.0575508 0.0620370 0.0568905 0.0480563 0.0566617 0.0595809 0.0510550 0.0626936 0.0714074 0.0664232 0.0612918 0.0693273 0.0674943 0.1052260 0.0725540 0.0093415 0.0821126 0.0375895 0.1004685 0.0675287 0.0425347 0.0705838 0.0430820 0.0631491 0.1009606 0.0786665 0.0641012 0.0696247 0.0636212 0.0486179 0.0577915 0.0860828 0.0482564 0.0451563 0.1727958 0.0296412 0.0654135 0.0689085 0.0415911 
S0278         0.3990064 0.4012419 0.4577027 0.1004977 0.1684275 0.1155065 0.2879458 0.0750110 0.0990746 0.0000000 0.1103437 0.0949097 0.1197206 0.0323710 0.1133264 0.1095311 0.1194073 0.0499255 0.1424167 0.1201977 0.0449071 0.1159238 0.0523841 0.1048581 0.1209549 0.1304460 0.0928143 0.0946673 0.1078053 0.0502547 0.1082059 0.0804420 0.0883846 0.0954760 0.0613886 0.1172414 0.0623469 0.1001281 0.1123518 0.1239112 0.1098579 0.0291852 0.0977028 0.1039733 0.0451069 0.0613335 0.0933744 0.1045791 0.1178001 0.1002661 0.1121779 0.1236115 0.0974306 0.1197915 0.1013761 0.1023549 0.0959731 0.0895405 0.0949283 0.0882181 0.0883915 0.1048999 0.0971220 0.0779382 0.1301663 0.0732461 0.0633703 0.0961508 0.0439374 0.1135636 0.1114640 0.0894923 0.1124891 0.1028357 0.1704240 0.0977520 0.1356183 0.1123248 0.1106830 0.1032594 0.0976616 0.1290951 0.0882830 0.1307879 0.0951927 0.1107173 0.0994959 0.1012276 0.0983858 0.1296144 0.1160062 0.1150343 0.1045354 0.0910567 0.0450278 0.0733594 0.0794208 0.1170978 0.0714649 0.0356283 0.1196244 0.1174070 0.1109779 0.0973625 0.1089040 0.0990441 0.1166500 0.0905434 0.0860422 0.0914958 0.1164679 0.0960855 0.0558921 0.1197312 0.1236971 0.0450871 0.1028527 0.0893120 0.0529481 0.0938796 0.0902841 0.0966309 0.0955238 0.1173634 0.1034203 0.1035910 0.0552803 0.1003275 0.0653616 0.1021216 0.0978634 0.1020983 0.1035525 0.0888347 0.1038041 0.1030157 0.1919621 0.1034070 0.1131194 0.1238370 0.0928901 
S0281         0.3897048 0.3719936 0.4093154 0.0711241 0.1347955 0.0890368 0.2336757 0.0665469 0.0450857 0.1103437 0.0000000 0.0738928 0.0727931 0.0859907 0.0719484 0.0801635 0.1057124 0.1144612 0.1054246 0.0815233 0.1108691 0.0823890 0.0872365 0.0740052 0.0716146 0.0816428 0.0885255 0.0757703 0.0873457 0.0912951 0.0861452 0.1175411 0.0389660 0.0899923 0.1055417 0.0840602 0.0871889 0.0804030 0.0874272 0.0908824 0.0880082 0.0795730 0.0714321 0.0814925 0.1036796 0.0677381 0.1020521 0.0769942 0.0942289 0.0535111 0.0839459 0.1114216 0.0785910 0.0862816 0.0795120 0.0792284 0.0743012 0.0417876 0.0765092 0.0398064 0.0389684 0.0939731 0.0518558 0.0846926 0.0956487 0.0856038 0.0691516 0.0615315 0.0913406 0.0886168 0.0859977 0.0680910 0.0971544 0.0843668 0.1598100 0.0521481 0.1167197 0.0930955 0.0850402 0.0798663 0.0777834 0.1169206 0.0398762 0.1140760 0.1204309 0.0878159 0.0661502 0.0771582 0.0798019 0.0916416 0.1100314 0.0925344 0.0879248 0.0660068 0.0993500 0.0870885 0.0958311 0.0859492 0.0820567 0.1108322 0.0851841 0.0815213 0.0833747 0.0767509 0.0797173 0.0623700 0.0818131 0.0701420 0.0712408 0.0843902 0.0828217 0.0777144 0.0801228 0.0835780 0.0813081 0.1137951 0.0850351 0.0398257 0.0988226 0.0485949 0.1027278 0.0757868 0.0513324 0.0814448 0.0711254 0.0789895 0.1054290 0.0816493 0.0715571 0.0805537 0.0740423 0.0698993 0.0688522 0.0897235 0.0696735 0.0618219 0.1784267 0.0484756 0.0761854 0.1136453 0.0610630 
S0282         0.3656942 0.3447028 0.3926425 0.0687418 0.1391951 0.0246066 0.2254221 0.0302248 0.0632658 0.0949097 0.0738928 0.0000000 0.0751687 0.0737701 0.0700255 0.0142833 0.0580253 0.1007540 0.1154986 0.0927356 0.0897318 0.0950944 0.0722067 0.0771085 0.0733004 0.1032151 0.0667150 0.0064933 0.0158374 0.0797000 0.0449619 0.0989627 0.0520999 0.0693487 0.0843348 0.0966305 0.0687668 0.0718968 0.0489796 0.0928142 0.0918492 0.0699231 0.0254269 0.0140604 0.0826060 0.0563076 0.0810419 0.0409289 0.0196362 0.0658734 0.0951885 0.0992853 0.0370974 0.0975854 0.0739422 0.0081593 0.0656551 0.0550970 0.0040431 0.0529616 0.0521041 0.0796382 0.0629186 0.0591367 0.0920318 0.0623660 0.0460480 0.0621941 0.0731172 0.0851392 0.0754371 0.0606072 0.0858847 0.0711235 0.1054590 0.0653180 0.1068643 0.0789555 0.0847584 0.0790578 0.0793518 0.1042459 0.0520739 0.1027805 0.1006211 0.0828301 0.0652609 0.0664593 0.0270344 0.0953977 0.0982798 0.0160840 0.0468169 0.0643980 0.0817552 0.0623796 0.0671891 0.0970171 0.0594495 0.0983163 0.0844272 0.0951814 0.0926020 0.0073115 0.0791489 0.0617445 0.0777108 0.0008108 0.0074047 0.0452887 0.0840169 0.0261848 0.0567603 0.0838810 0.0784723 0.1016469 0.0440610 0.0529889 0.0836071 0.0615155 0.0792101 0.0048869 0.0653394 0.0775439 0.0690422 0.0141052 0.0981001 0.0440476 0.0550277 0.0383089 0.0403491 0.0625943 0.0670482 0.0683069 0.0671357 0.0670140 0.1788712 0.0596178 0.0841657 0.0950466 0.0621622 
S0288         0.3762585 0.3536280 0.3978767 0.0701663 0.1144368 0.0937142 0.2322236 0.0667048 0.0521233 0.1197206 0.0727931 0.0751687 0.0000000 0.0840615 0.0746500 0.0875795 0.1032853 0.1221414 0.0170483 0.0621719 0.1004690 0.0171351 0.0951298 0.0813364 0.0859525 0.0310603 0.0773917 0.0811585 0.0912886 0.0986768 0.0807831 0.0925210 0.0571822 0.0749930 0.0796432 0.0231307 0.0907877 0.0702399 0.0805830 0.0647396 0.0185075 0.0850958 0.0869051 0.0851775 0.0980622 0.0766206 0.1034466 0.0766257 0.0805404 0.0774227 0.0174342 0.1033239 0.0749544 0.0243848 0.0723252 0.0811225 0.0740781 0.0588438 0.0762519 0.0586552 0.0554147 0.0856286 0.0723267 0.0904985 0.0693925 0.0887727 0.0800215 0.0735434 0.0961856 0.0591456 0.0756638 0.0633448 0.0829803 0.0703940 0.1628700 0.0838833 0.1107356 0.0790324 0.0518795 0.0745773 0.0769682 0.1175587 0.0570733 0.1116279 0.1051511 0.0875420 0.0790129 0.0466926 0.0809821 0.1030288 0.1092784 0.0813180 0.0967093 0.0688650 0.1070399 0.0813199 0.0922336 0.0185021 0.0756178 0.1064594 0.0502788 0.0111789 0.0156453 0.0776250 0.0510696 0.0728458 0.0755254 0.0767876 0.0780301 0.0812695 0.0954791 0.0869927 0.0761712 0.0876130 0.0782953 0.1198626 0.0871869 0.0553124 0.1069896 0.0839661 0.1083899 0.0799441 0.0801283 0.0768336 0.0737792 0.0780179 0.0963680 0.0814596 0.0656219 0.0890119 0.0696624 0.0815456 0.0734779 0.0858102 0.0592005 0.0681354 0.1525149 0.0576125 0.0717313 0.0830981 0.0700876 
S0289         0.4126637 0.3874995 0.4288272 0.0786002 0.1711731 0.0919649 0.2425755 0.0513566 0.0790777 0.0323710 0.0859907 0.0737701 0.0840615 0.0000000 0.0802581 0.0836902 0.0905350 0.0456213 0.1255272 0.0901603 0.0300855 0.0988637 0.0416161 0.0799188 0.0959975 0.0981758 0.0759051 0.0742237 0.0892770 0.0325047 0.0779191 0.0720508 0.0656558 0.0762104 0.0544901 0.0986553 0.0451812 0.0750058 0.0844987 0.1019586 0.0894569 0.0180774 0.0804831 0.0806377 0.0323690 0.0491234 0.0760344 0.0739414 0.0989735 0.0720817 0.0921091 0.1041838 0.0739932 0.0970401 0.0775434 0.0789271 0.0713643 0.0693252 0.0720999 0.0654679 0.0655751 0.0795890 0.0660763 0.0562299 0.0988866 0.0534887 0.0477296 0.0696507 0.0328874 0.0894292 0.0850786 0.0588422 0.0839170 0.0792521 0.1430061 0.0757488 0.1168684 0.0888534 0.0795939 0.0773114 0.0726037 0.1092362 0.0655675 0.1043136 0.1037417 0.0902398 0.0729178 0.0795991 0.0750283 0.0953506 0.1004687 0.0963555 0.0752992 0.0749107 0.0347498 0.0571439 0.0630740 0.0973520 0.0575919 0.0413907 0.0921244 0.0993909 0.0926451 0.0753298 0.0845534 0.0804202 0.0775761 0.0702278 0.0686442 0.0691325 0.0891186 0.0741429 0.0437321 0.0852822 0.0894828 0.0435479 0.0742974 0.0655431 0.0324293 0.0712755 0.0719203 0.0751095 0.0732571 0.0842241 0.0785693 0.0770424 0.0481700 0.0731512 0.0496144 0.0740014 0.0745950 0.0808325 0.0824257 0.0728047 0.0719705 0.0766817 0.1732526 0.0711393 0.0949568 0.1099514 0.0622139 
S0292         0.3887661 0.3629527 0.4258513 0.0549594 0.1166182 0.0946173 0.2298270 0.0542199 0.0574124 0.1133264 0.0719484 0.0700255 0.0746500 0.0802581 0.0000000 0.0832808 0.0983024 0.1172721 0.0950939 0.0785632 0.1059565 0.0794966 0.0842415 0.0518657 0.0607948 0.0788965 0.0791196 0.0741467 0.0883736 0.0867210 0.0758601 0.1206463 0.0471926 0.0778621 0.1083969 0.0798611 0.0836807 0.0618930 0.0816154 0.0884094 0.0696266 0.0854193 0.0760036 0.0770948 0.0981707 0.0661824 0.1005821 0.0690972 0.0917892 0.0659233 0.0766195 0.1117763 0.0747851 0.0787236 0.0637309 0.0747828 0.0579339 0.0501373 0.0711098 0.0480503 0.0471586 0.0763285 0.0602079 0.0816476 0.0813963 0.0823259 0.0664553 0.0522119 0.0881741 0.0761923 0.0680412 0.0561208 0.0784308 0.0682516 0.1427433 0.0665760 0.1210550 0.0744457 0.0837917 0.0707619 0.0687127 0.1169072 0.0471118 0.1141963 0.1273181 0.0759712 0.0459815 0.0685205 0.0698937 0.0459831 0.1071995 0.0863275 0.0834692 0.0538792 0.0944695 0.0826004 0.0901796 0.0784632 0.0733635 0.1109549 0.0820111 0.0793478 0.0802390 0.0750986 0.0712714 0.0479692 0.0202118 0.0658707 0.0672976 0.0704662 0.0412656 0.0698436 0.0696051 0.0244621 0.0183885 0.1175391 0.0829489 0.0480365 0.0998999 0.0629106 0.1021212 0.0726154 0.0669470 0.0346448 0.0459702 0.0723445 0.1125532 0.0795259 0.0739702 0.0763003 0.0657319 0.0486503 0.0536201 0.0978864 0.0550443 0.0501545 0.1747912 0.0547128 0.0582538 0.1102767 0.0523245 
S0293         0.3784234 0.3538434 0.4136866 0.0843719 0.1575459 0.0361031 0.2514565 0.0413170 0.0656062 0.1095311 0.0801635 0.0142833 0.0875795 0.0836902 0.0832808 0.0000000 0.0657363 0.1127953 0.1048143 0.0997510 0.1017630 0.1101947 0.0846568 0.0914333 0.0875421 0.1116869 0.0764860 0.0177033 0.0302646 0.0870703 0.0576449 0.0752705 0.0633065 0.0804154 0.0749496 0.1103996 0.0844064 0.0819043 0.0564643 0.0989123 0.1043577 0.0822059 0.0371187 0.0253422 0.0953245 0.0668394 0.0916840 0.0532331 0.0144898 0.0764048 0.1093500 0.1109179 0.0469125 0.1127596 0.0833760 0.0186861 0.0772717 0.0654500 0.0150088 0.0620660 0.0621162 0.0967687 0.0730295 0.0701650 0.1069963 0.0770864 0.0602698 0.0769368 0.0871843 0.0980197 0.0827614 0.0741016 0.0857015 0.0864165 0.0928501 0.0753409 0.1149805 0.0929781 0.1003491 0.0922748 0.0937485 0.1181362 0.0621883 0.1164653 0.1151490 0.0964794 0.0777943 0.0742900 0.0367338 0.1153976 0.1100412 0.0171050 0.0555812 0.0780568 0.0928135 0.0749862 0.0777769 0.1138471 0.0707241 0.1074696 0.0911173 0.1049403 0.1059164 0.0186236 0.0919004 0.0783272 0.0906475 0.0134572 0.0188469 0.0552239 0.0923031 0.0368328 0.0677209 0.0959633 0.0876029 0.1122217 0.0526919 0.0630681 0.0906866 0.0712288 0.0859459 0.0160372 0.0742346 0.0927564 0.0819098 0.0195520 0.1095528 0.0533369 0.0683459 0.0504495 0.0544784 0.0761419 0.0828749 0.0781046 0.0808636 0.0779926 0.2010669 0.0659364 0.1006290 0.1035898 0.0793651 
S0294         0.3956236 0.3735488 0.4371171 0.0894437 0.1707344 0.0759058 0.2621912 0.0534120 0.1001235 0.1194073 0.1057124 0.0580253 0.1032853 0.0905350 0.0983024 0.0657363 0.0000000 0.1248146 0.1361865 0.1143349 0.1047577 0.1154309 0.0891909 0.0971755 0.1077126 0.1251429 0.0903918 0.0568533 0.0685114 0.0849823 0.0735103 0.1194893 0.0777469 0.0942701 0.1019020 0.1175855 0.0856111 0.0935510 0.0724273 0.1112397 0.1083865 0.0855314 0.0679740 0.0650652 0.0986804 0.0672830 0.1068996 0.0660452 0.0735695 0.0941985 0.1184669 0.1286974 0.0576272 0.1178697 0.0891557 0.0609846 0.0917815 0.0788498 0.0563051 0.0786130 0.0777527 0.0960147 0.0891428 0.0736739 0.1113844 0.0848031 0.0593011 0.0828167 0.0938982 0.1071581 0.1009652 0.0843966 0.1084821 0.0974503 0.0917256 0.0914750 0.1335385 0.0881558 0.1097766 0.0955807 0.0958281 0.1292720 0.0776153 0.1315514 0.1379917 0.1065030 0.0822125 0.0862481 0.0662161 0.1203079 0.1251535 0.0731202 0.0592572 0.0861444 0.0994009 0.0872545 0.0931743 0.1185959 0.0741681 0.1118960 0.1042001 0.1166695 0.1141184 0.0568230 0.0914596 0.0828040 0.1037587 0.0553044 0.0495338 0.0642246 0.0963632 0.0650209 0.0663251 0.1092219 0.1069836 0.1244506 0.0564172 0.0786542 0.0923503 0.0875420 0.1022217 0.0587708 0.0905624 0.1030736 0.0924492 0.0635807 0.1125655 0.0507433 0.0669545 0.0544805 0.0691641 0.0890997 0.0861771 0.0927991 0.0903620 0.0882580 0.2036464 0.0876836 0.1075510 0.1245199 0.0808758 
S0299         0.4289487 0.4168490 0.4470642 0.1125805 0.1828677 0.1222985 0.3018830 0.0856933 0.0982992 0.0499255 0.1144612 0.1007540 0.1221414 0.0456213 0.1172721 0.1127953 0.1248146 0.0000000 0.1477595 0.1266506 0.0568548 0.1265573 0.0665333 0.1130687 0.1342861 0.1323655 0.1089922 0.1020679 0.1145071 0.0654144 0.1106584 0.0958578 0.0919350 0.1091400 0.0819881 0.1274215 0.0737584 0.0942132 0.1115045 0.1239059 0.1173089 0.0430080 0.1042195 0.1099556 0.0574120 0.0729318 0.0973422 0.1028263 0.1177763 0.0966257 0.1226320 0.1345113 0.0969477 0.1268131 0.1067779 0.1043366 0.0947228 0.0941668 0.0995825 0.0917607 0.0918639 0.1071760 0.0920604 0.0785923 0.1419249 0.0805553 0.0723133 0.1064142 0.0628682 0.1260588 0.1075345 0.0928508 0.1106686 0.0996385 0.1703392 0.1108366 0.1433895 0.1147062 0.1159600 0.1047663 0.1039341 0.1376727 0.0918288 0.1351095 0.1130932 0.1152713 0.1104604 0.1095555 0.1070027 0.1347566 0.1355473 0.1191835 0.1072013 0.1068396 0.0649059 0.0795893 0.0921780 0.1264184 0.0851700 0.0604022 0.1177621 0.1228952 0.1213844 0.1041939 0.1107393 0.1089590 0.1216860 0.0977171 0.0927136 0.0933181 0.1230518 0.1007267 0.0701433 0.1269715 0.1301588 0.0731783 0.1078076 0.0927894 0.0698219 0.1045519 0.1012725 0.1048285 0.1085202 0.1284491 0.1142137 0.1082561 0.0698804 0.1068687 0.0805795 0.1054623 0.0975063 0.1061126 0.1125396 0.0958051 0.1016718 0.1124458 0.1878047 0.1038482 0.1310740 0.1340467 0.1007050 
S0303         0.4124461 0.3976849 0.4462247 0.0996006 0.2622310 0.1427388 0.3214403 0.0926958 0.0619261 0.1424167 0.1054246 0.1154986 0.0170483 0.1255272 0.0950939 0.1048143 0.1361865 0.1477595 0.0000000 0.0927027 0.1358540 0.0323446 0.1221888 0.0998844 0.0809790 0.0238239 0.1152194 0.1158677 0.1265004 0.1417725 0.1088033 0.1128857 0.0902004 0.1130177 0.1242085 0.0419217 0.1228690 0.1031235 0.1104243 0.0866994 0.0090243 0.1165011 0.1159236 0.1228756 0.1259857 0.1003634 0.1305447 0.1091077 0.1148307 0.1086222 0.0364860 0.1468211 0.1026094 0.0349846 0.0949024 0.1157419 0.1045817 0.0913844 0.1129440 0.0910959 0.0879735 0.1201036 0.1021621 0.1122884 0.1008957 0.1184477 0.0974310 0.0885943 0.1261802 0.0826787 0.0871537 0.0979395 0.0936388 0.1117660 0.1760898 0.1133845 0.1546853 0.1088053 0.0820067 0.1084959 0.1016736 0.1563078 0.0900437 0.1541190 0.1536685 0.1192078 0.0938754 0.0807271 0.1147069 0.1352583 0.1565298 0.1219369 0.1247904 0.0931892 0.1326712 0.1140086 0.1169828 0.0376570 0.1115884 0.1448383 0.0813026 0.0382387 0.0335481 0.1181810 0.0845910 0.0975089 0.1102936 0.1102230 0.1094179 0.1081516 0.1170200 0.1114541 0.1030548 0.1082539 0.0988436 0.1574951 0.1162325 0.0900263 0.1095887 0.1093817 0.1340907 0.1159174 0.1060848 0.1060558 0.0988503 0.0904378 0.1421479 0.1159824 0.1126221 0.1205713 0.1085062 0.0919772 0.0903617 0.1039630 0.0998610 0.0960985 0.2057345 0.0968367 0.1090138 0.1333410 0.0909055 
S0308         0.4011052 0.3550387 0.4183917 0.0749029 0.1549634 0.1168011 0.2742911 0.0712158 0.0689981 0.1201977 0.0815233 0.0927356 0.0621719 0.0901603 0.0785632 0.0997510 0.1143349 0.1266506 0.0927027 0.0000000 0.1148792 0.0637277 0.1001758 0.0787453 0.0800096 0.0666055 0.0911415 0.0923482 0.1043971 0.0856620 0.0963489 0.1347018 0.0632822 0.0931079 0.1116021 0.0628168 0.1011188 0.0855830 0.1021657 0.0723952 0.0569807 0.0942491 0.0948037 0.1032192 0.1003761 0.0761937 0.1221402 0.0870501 0.1181282 0.0823630 0.0601861 0.1245004 0.0887040 0.0603542 0.0722714 0.0911548 0.0812967 0.0653403 0.0914705 0.0641397 0.0612785 0.0996734 0.0763893 0.0943455 0.0807786 0.0947020 0.0764310 0.0723238 0.0991073 0.0737906 0.0902951 0.0751915 0.1049041 0.0947234 0.1610910 0.0861347 0.1286791 0.0897384 0.0678015 0.0888369 0.0869925 0.1327827 0.0631751 0.1319628 0.1365613 0.0906453 0.0690066 0.0617622 0.0958943 0.1067160 0.1242979 0.1095235 0.1047220 0.0733140 0.1127096 0.0939587 0.1014075 0.0619721 0.0849874 0.1160319 0.0680251 0.0641091 0.0608612 0.0908376 0.0669342 0.0671166 0.0874019 0.0885041 0.0862577 0.0934028 0.0984017 0.0895445 0.0854051 0.0934275 0.0900633 0.1260110 0.0970894 0.0641725 0.1089441 0.0822384 0.1174481 0.0907692 0.0836118 0.0868604 0.0776953 0.0874407 0.1306423 0.0927676 0.0830390 0.0943380 0.0884961 0.0732902 0.0820846 0.1106985 0.0831693 0.0760349 0.1891471 0.0678517 0.0851468 0.1223646 0.0715891 
S0320         0.4250287 0.3984871 0.4544171 0.0943021 0.1501116 0.1117693 0.2792202 0.0670831 0.0901446 0.0449071 0.1108691 0.0897318 0.1004690 0.0300855 0.1059565 0.1017630 0.1047577 0.0568548 0.1358540 0.1148792 0.0000000 0.1084335 0.0527920 0.1011124 0.1147313 0.1184392 0.0913187 0.0878542 0.1019346 0.0372929 0.0878955 0.0765342 0.0845168 0.0971929 0.0531427 0.1145755 0.0559457 0.0901021 0.0980073 0.1065857 0.1020319 0.0255587 0.0911450 0.0958581 0.0413233 0.0541623 0.0810833 0.0887566 0.1095455 0.0960384 0.1089534 0.1249245 0.0788008 0.1158973 0.0938400 0.0918917 0.0838369 0.0878237 0.0897306 0.0832376 0.0845232 0.1024192 0.0928990 0.0689223 0.1211687 0.0630625 0.0566215 0.0881326 0.0467258 0.1106290 0.1004411 0.0825831 0.1033177 0.0955108 0.1545061 0.0985640 0.1310661 0.1058291 0.0990556 0.0989649 0.0946967 0.1292277 0.0843732 0.1288997 0.0951814 0.1058712 0.0927137 0.0977017 0.0887099 0.1238535 0.1229914 0.1094055 0.0974709 0.0863239 0.0356202 0.0632538 0.0691006 0.1127720 0.0679944 0.0441348 0.1038335 0.1136322 0.1100553 0.0895216 0.0952769 0.0936056 0.1079788 0.0855923 0.0785016 0.0782853 0.1108939 0.0854601 0.0444509 0.1110851 0.1149367 0.0514476 0.0932288 0.0854348 0.0443745 0.0946976 0.0794074 0.0904673 0.0963366 0.1101655 0.0963575 0.0925718 0.0479250 0.0901993 0.0586536 0.0898671 0.0880767 0.1010116 0.0980362 0.0737697 0.0897848 0.0946468 0.1935106 0.0968443 0.1152850 0.1230991 0.0841501 
S0322         0.3729539 0.3672233 0.4167464 0.0784683 0.1539506 0.1192683 0.2603703 0.0733133 0.0636884 0.1159238 0.0823890 0.0950944 0.0171351 0.0988637 0.0794966 0.1101947 0.1154309 0.1265573 0.0323446 0.0637277 0.1084335 0.0000000 0.1041315 0.0809924 0.0846324 0.0227411 0.0949872 0.0945970 0.1044533 0.1024487 0.0892686 0.1346034 0.0658288 0.0940826 0.1220179 0.0175076 0.0982367 0.0838514 0.0956229 0.0615855 0.0090231 0.0929358 0.0960700 0.1009750 0.1032605 0.0799782 0.1179707 0.0862809 0.1220214 0.0910171 0.0115466 0.1154449 0.0847426 0.0148298 0.0776577 0.0965529 0.0830194 0.0668912 0.0940472 0.0666941 0.0648138 0.0934187 0.0849849 0.0942961 0.0741237 0.0967615 0.0759490 0.0712046 0.1032579 0.0566855 0.0906808 0.0726956 0.0987345 0.0897273 0.1641874 0.0868816 0.1245161 0.0881884 0.0623650 0.0827153 0.0786061 0.1262234 0.0657156 0.1240842 0.1297998 0.0915462 0.0721566 0.0516924 0.0970641 0.1148398 0.1217824 0.1158529 0.1077674 0.0726940 0.1084132 0.0962002 0.1037307 0.0130648 0.0912952 0.1156885 0.0547618 0.0132623 0.0124047 0.0957259 0.0536849 0.0729500 0.0917321 0.0910515 0.0897046 0.0941857 0.0979423 0.0928042 0.0828528 0.0909014 0.0853783 0.1312154 0.0989415 0.0667282 0.1134032 0.0841076 0.1197562 0.0955948 0.0826668 0.0868053 0.0789800 0.0936378 0.1238236 0.0983613 0.0854150 0.1002553 0.0903047 0.0726832 0.0794359 0.1084516 0.0831595 0.0788491 0.1842929 0.0716664 0.0866888 0.1206238 0.0682063 
S0327         0.4031207 0.3769288 0.4403593 0.0771882 0.1451217 0.0932934 0.2552974 0.0529163 0.0733738 0.0523841 0.0872365 0.0722067 0.0951298 0.0416161 0.0842415 0.0846568 0.0891909 0.0665333 0.1221888 0.1001758 0.0527920 0.1041315 0.0000000 0.0822840 0.0934110 0.1086597 0.0740986 0.0707032 0.0838217 0.0399698 0.0780328 0.0602127 0.0658735 0.0766702 0.0469915 0.1051612 0.0404735 0.0768957 0.0831366 0.0989774 0.0942052 0.0339347 0.0728163 0.0781135 0.0469926 0.0431368 0.0604326 0.0733409 0.0853453 0.0784306 0.1000097 0.0990113 0.0720571 0.1040554 0.0720106 0.0768618 0.0718475 0.0689562 0.0723546 0.0667279 0.0658781 0.0838880 0.0744756 0.0545063 0.1031916 0.0443987 0.0428383 0.0720105 0.0408847 0.0922139 0.0876400 0.0738706 0.0912001 0.0840399 0.1386444 0.0837945 0.1091690 0.0796324 0.0982197 0.0819422 0.0790498 0.1128278 0.0658005 0.1084985 0.0824263 0.0921697 0.0788824 0.0804723 0.0764432 0.1018435 0.0975247 0.0881480 0.0762142 0.0725768 0.0354491 0.0474819 0.0510510 0.1023855 0.0498073 0.0529284 0.0988926 0.1029444 0.0994475 0.0712532 0.0847415 0.0729680 0.0896317 0.0682453 0.0638093 0.0696202 0.0833129 0.0734101 0.0396718 0.0906050 0.0932974 0.0595652 0.0745055 0.0667615 0.0375243 0.0800603 0.0605670 0.0739156 0.0806775 0.0897663 0.0737518 0.0767052 0.0618902 0.0705294 0.0436821 0.0713990 0.0688599 0.0791362 0.0839495 0.0601563 0.0754491 0.0753977 0.1790832 0.0746264 0.0893095 0.1094394 0.0690358 
S0335         0.3803682 0.3633095 0.4327613 0.0466315 0.0612098 0.0927277 0.2397077 0.0577519 0.0537960 0.1048581 0.0740052 0.0771085 0.0813364 0.0799188 0.0518657 0.0914333 0.0971755 0.1130687 0.0998844 0.0787453 0.1011124 0.0809924 0.0822840 0.0000000 0.0413480 0.0826164 0.0807348 0.0764745 0.0884204 0.0843784 0.0797033 0.1195322 0.0488748 0.0816314 0.1069747 0.0820851 0.0806791 0.0625685 0.0817331 0.0839687 0.0764111 0.0793613 0.0802178 0.0835871 0.0940954 0.0646969 0.0963551 0.0706713 0.0984342 0.0666798 0.0769488 0.1088194 0.0718477 0.0791562 0.0632635 0.0806203 0.0606932 0.0517697 0.0772178 0.0497141 0.0488402 0.0775710 0.0620269 0.0786436 0.0894550 0.0795191 0.0651063 0.0442155 0.0917470 0.0744887 0.0707020 0.0582296 0.0805514 0.0689946 0.1500669 0.0695187 0.1174599 0.0684584 0.0795160 0.0679586 0.0680675 0.1184082 0.0487929 0.1150273 0.1060641 0.0821844 0.0382390 0.0746474 0.0779759 0.0751591 0.1110731 0.0948378 0.0821161 0.0522880 0.0987033 0.0786410 0.0859650 0.0799568 0.0705976 0.1079365 0.0815475 0.0775442 0.0764999 0.0753368 0.0765969 0.0282003 0.0611744 0.0730282 0.0675607 0.0760630 0.0575099 0.0709567 0.0713659 0.0626726 0.0566924 0.1127592 0.0741728 0.0497004 0.1000344 0.0669019 0.1011631 0.0775397 0.0699008 0.0565429 0.0382949 0.0811349 0.1098634 0.0781478 0.0669395 0.0763504 0.0676614 0.0361600 0.0208551 0.0926598 0.0545813 0.0487763 0.1793648 0.0605815 0.0472757 0.1127761 0.0481084 
S0345         0.3802440 0.3798002 0.4169353 0.0355824 0.0834116 0.0910500 0.2494851 0.0648600 0.0569507 0.1209549 0.0716146 0.0733004 0.0859525 0.0959975 0.0607948 0.0875421 0.1077126 0.1342861 0.0809790 0.0800096 0.1147313 0.0846324 0.0934110 0.0413480 0.0000000 0.0794887 0.0778326 0.0763231 0.0888421 0.1138700 0.0877448 0.0904481 0.0547541 0.0796911 0.0893463 0.0873038 0.0872488 0.0682707 0.0805214 0.0971893 0.0777462 0.0913730 0.0842667 0.0787945 0.1092615 0.0761457 0.0913994 0.0811671 0.0739703 0.0642673 0.0820943 0.1125054 0.0790635 0.0860496 0.0738764 0.0728022 0.0648120 0.0561159 0.0706504 0.0560304 0.0531485 0.0878842 0.0615856 0.0870986 0.0884197 0.0869449 0.0798158 0.0561805 0.1087538 0.0870286 0.0674052 0.0549758 0.0699519 0.0630114 0.1401958 0.0760365 0.1363208 0.0746811 0.0760578 0.0745956 0.0798161 0.1285686 0.0546154 0.1290356 0.0862218 0.0801969 0.0443535 0.0739536 0.0775052 0.0828670 0.1219444 0.0801875 0.0811321 0.0673410 0.1103899 0.0778077 0.0820563 0.0858492 0.0866344 0.1169174 0.0853203 0.0791734 0.0766712 0.0710510 0.0802746 0.0151713 0.0628316 0.0698048 0.0613190 0.0805523 0.0683178 0.0794930 0.0827889 0.0728123 0.0635110 0.1231965 0.0752266 0.0531485 0.1093073 0.0761010 0.0907002 0.0726696 0.0763870 0.0685784 0.0455556 0.0746251 0.1175169 0.0801738 0.0788502 0.0806174 0.0878281 0.0197540 0.0404586 0.0987202 0.0619716 0.0560959 0.1953681 0.0594142 0.0482358 0.0988812 0.0581054 
S0355         0.3741134 0.3509104 0.3990335 0.0807847 0.1320434 0.1272792 0.2360452 0.0770764 0.0717565 0.1304460 0.0816428 0.1032151 0.0310603 0.0981758 0.0788965 0.1116869 0.1251429 0.1323655 0.0238239 0.0666055 0.1184392 0.0227411 0.1086597 0.0826164 0.0794887 0.0000000 0.0915792 0.1056210 0.1166400 0.0994371 0.0949421 0.1031912 0.0691138 0.0882888 0.0988830 0.0317939 0.1030199 0.0780875 0.0904083 0.0749254 0.0154021 0.1004311 0.1001527 0.1109531 0.1132943 0.0885512 0.1141146 0.0948442 0.1058741 0.0988226 0.0261111 0.1149280 0.0861924 0.0121759 0.0797151 0.1003276 0.0811479 0.0717236 0.1017823 0.0701824 0.0677821 0.0951399 0.0899933 0.1055242 0.0723347 0.1015767 0.0871048 0.0722885 0.1016068 0.0738760 0.0861534 0.0724304 0.0848922 0.0891283 0.1468003 0.0902898 0.1200852 0.0841698 0.0610906 0.0869668 0.0817063 0.1241424 0.0690710 0.1254955 0.1214811 0.0997469 0.0759228 0.0602982 0.0970705 0.1127193 0.1129877 0.1108792 0.1059439 0.0715766 0.1189668 0.0982567 0.1016528 0.0259951 0.0947370 0.1232707 0.0632706 0.0270976 0.0283597 0.1083687 0.0613348 0.0698315 0.0945140 0.1008676 0.0976761 0.0951020 0.0920610 0.0925753 0.0890492 0.0931962 0.0852990 0.1393192 0.1005487 0.0689223 0.1192591 0.0903546 0.1153646 0.1065897 0.0835097 0.0880066 0.0800646 0.0990327 0.1190800 0.0942058 0.0837898 0.1007335 0.0865029 0.0816821 0.0772659 0.1046857 0.0775399 0.0696141 0.1846304 0.0723715 0.0762097 0.1156426 0.0682263 
S0376         0.4095962 0.3560292 0.4224066 0.0708682 0.1658594 0.0867431 0.2531344 0.0498355 0.0653519 0.0928143 0.0885255 0.0667150 0.0773917 0.0759051 0.0791196 0.0764860 0.0903918 0.1089922 0.1152194 0.0911415 0.0913187 0.0949872 0.0740986 0.0807348 0.0778326 0.0915792 0.0000000 0.0666947 0.0821804 0.0859541 0.0764889 0.1094370 0.0613194 0.0214244 0.0939366 0.0987486 0.0770346 0.0716565 0.0770335 0.1008796 0.0930759 0.0696446 0.0715405 0.0776292 0.0835505 0.0617886 0.0928914 0.0651661 0.0879983 0.0794383 0.0932870 0.1038346 0.0670242 0.0941189 0.0704691 0.0707866 0.0733262 0.0623574 0.0668852 0.0621766 0.0613237 0.0814046 0.0778398 0.0761566 0.0917215 0.0769237 0.0622021 0.0694679 0.0774134 0.0918882 0.0805805 0.0709351 0.0938416 0.0805228 0.1337995 0.0819610 0.1106741 0.0872304 0.0864758 0.0830159 0.0786328 0.1032821 0.0612513 0.1060384 0.0962041 0.0876639 0.0655979 0.0716401 0.0724734 0.0982143 0.1085741 0.0845212 0.0731261 0.0694173 0.0844224 0.0761188 0.0775853 0.0981219 0.0748281 0.0982073 0.0901714 0.0973378 0.0949649 0.0707408 0.0790761 0.0727952 0.0837325 0.0628146 0.0631608 0.0592710 0.0918280 0.0672087 0.0660839 0.0895934 0.0896995 0.1054582 0.0671372 0.0622083 0.0854705 0.0769933 0.0955983 0.0695558 0.0802828 0.0896122 0.0735509 0.0719949 0.0986694 0.0730149 0.0644931 0.0688503 0.0628997 0.0704431 0.0708975 0.0877465 0.0642598 0.0716257 0.1812927 0.0634636 0.0866353 0.0592881 0.0679295 
S0400         0.3744341 0.3482346 0.3995504 0.0673838 0.1317698 0.0268259 0.2328962 0.0324064 0.0634546 0.0946673 0.0757703 0.0064933 0.0811585 0.0742237 0.0741467 0.0177033 0.0568533 0.1020679 0.1158677 0.0923482 0.0878542 0.0945970 0.0707032 0.0764745 0.0763231 0.1056210 0.0666947 0.0000000 0.0172370 0.0738751 0.0490121 0.0993818 0.0531188 0.0691699 0.0850656 0.0957621 0.0673466 0.0725148 0.0518739 0.0940887 0.0921253 0.0694973 0.0258162 0.0154729 0.0834849 0.0563742 0.0824838 0.0428980 0.0201351 0.0711423 0.0949803 0.0994556 0.0372864 0.0959187 0.0733581 0.0112896 0.0663751 0.0541211 0.0072371 0.0539671 0.0530807 0.0814744 0.0681894 0.0618549 0.0959921 0.0620873 0.0460816 0.0629352 0.0752387 0.0847138 0.0759784 0.0636287 0.0890300 0.0753687 0.1015528 0.0705786 0.1056050 0.0748319 0.0864914 0.0794848 0.0797747 0.1056804 0.0530292 0.1065680 0.1018364 0.0857781 0.0648749 0.0709092 0.0301629 0.1017533 0.0963817 0.0203795 0.0486682 0.0640842 0.0799670 0.0621008 0.0679046 0.0978090 0.0581686 0.0963092 0.0872307 0.0945991 0.0920651 0.0087948 0.0822699 0.0607172 0.0818241 0.0048826 0.0089051 0.0453337 0.0840630 0.0292983 0.0566049 0.0868051 0.0812944 0.1032576 0.0459168 0.0539517 0.0817442 0.0667834 0.0796045 0.0080944 0.0706007 0.0826699 0.0665679 0.0157815 0.0982241 0.0459391 0.0537759 0.0393966 0.0435778 0.0622599 0.0689322 0.0704572 0.0655161 0.0677633 0.1806694 0.0603201 0.0801517 0.0984587 0.0629034 
