118
CRNC          0.0000000 0.3037691 0.3169207 0.4897072 0.5570272 0.5906280 0.4002138 0.5122806 0.6295654 0.6804335 0.5140555 0.5647184 0.6115691 0.5198476 0.5321165 0.5541932 0.8007490 0.5539201 0.5634387 0.5550518 0.5627434 0.5256505 0.5769769 0.5139467 0.4916171 0.5694806 0.5447282 0.4823094 0.5103473 0.5340977 0.5851550 0.5806561 0.5642684 0.5408358 0.5293840 0.6527560 0.5559288 0.5527699 0.5785956 0.5276769 0.5608980 0.5768466 0.5461601 0.5509981 0.5381892 0.5951106 0.5486820 0.5531049 0.5527699 0.5874705 0.5297992 0.4910213 0.5606240 0.4567283 0.5108656 0.5557247 0.5495380 0.4381227 0.5284516 0.5557449 0.4471426 0.6050623 0.6146918 0.5393848 0.5161727 0.4991662 0.5212938 0.5428750 0.6518413 0.5695754 0.5542629 0.5080404 0.5127307 0.5437588 0.5023484 0.4819922 0.5164937 0.4824851 0.5033302 0.5353851 0.4876481 0.5280692 0.5536594 0.5502366 0.5000174 0.5275898 0.5656137 0.5112516 0.5858871 0.5330390 0.5233047 0.5578205 0.5468295 0.5882405 0.5125805 0.5465389 0.5608382 0.5486431 0.5524714 0.5246163 0.5375084 0.5228747 0.5447077 0.5373465 0.5170855 0.5472185 0.5327649 0.5466390 0.5099765 0.6790813 0.5428378 0.4711285 0.5941563 0.5159154 0.5679263 0.5553417 0.5579490 0.5574538 
HYZL          0.3037691 0.0000000 0.1955589 0.5271134 0.4468169 0.4925739 0.4022482 0.4337794 0.4672198 0.5809008 0.4605562 0.4633478 0.5186435 0.4843856 0.4304642 0.4828604 0.7386695 0.4466297 0.4609898 0.5238084 0.4652818 0.5221712 0.5255950 0.4480940 0.4335686 0.4602552 0.4561565 0.5711805 0.4309171 0.4941144 0.4637707 0.5462856 0.4423327 0.5058928 0.4880780 0.5429191 0.4934108 0.4258595 0.5028693 0.4337369 0.4363485 0.5010593 0.4837132 0.4460647 0.4258514 0.4473353 0.6155238 0.4372236 0.4258595 0.4588486 0.4993220 0.4369615 0.4631586 0.4328314 0.4547949 0.4625109 0.4297075 0.5239378 0.4725072 0.4695058 0.4355887 0.5255241 0.5594380 0.4030278 0.4992292 0.4526008 0.4905521 0.4879057 0.5055862 0.4922370 0.6275951 0.4991957 0.4239395 0.4008555 0.4208120 0.4367306 0.5573032 0.4292124 0.5661326 0.4914366 0.4563021 0.4314816 0.4843622 0.5279721 0.5752849 0.4415937 0.4701159 0.4779226 0.4972172 0.4610568 0.5170361 0.4305381 0.5092242 0.5154694 0.4331991 0.4301431 0.4341918 0.4426191 0.4782112 0.4881169 0.4953215 0.4483803 0.4406617 0.4393516 0.4599808 0.4533541 0.4697876 0.5071210 0.4942160 0.6009339 0.4520614 0.4352099 0.6179549 0.4582114 0.4780397 0.4424626 0.4702738 0.4160545 
MYZV          0.3169207 0.1955589 0.0000000 0.4927046 0.4398657 0.4935043 0.3664482 0.4692750 0.4590628 0.5408286 0.4579807 0.4754131 0.5073586 0.4624428 0.4491015 0.4594903 0.5884259 0.4551394 0.5074634 0.4434913 0.4736709 0.4318238 0.4860439 0.4426761 0.4623425 0.4805138 0.4452122 0.4751517 0.4319998 0.4208366 0.5147319 0.5265231 0.4470807 0.5134168 0.4693980 0.5447064 0.4869838 0.4470806 0.4804509 0.4453221 0.4547451 0.4774551 0.5032315 0.4786199 0.4206656 0.4612319 0.5911548 0.4693047 0.4470806 0.4908779 0.4802106 0.4385495 0.4752174 0.4344157 0.4563671 0.4677634 0.4400594 0.4199063 0.4677772 0.4886418 0.4021331 0.4763320 0.5539642 0.4327972 0.5026670 0.4294147 0.4799547 0.4639655 0.4482194 0.4642228 0.6157235 0.5164587 0.4420026 0.4573843 0.4501532 0.4443094 0.5449843 0.4308076 0.5837068 0.4291175 0.4693077 0.4438533 0.5160236 0.4683043 0.5802742 0.4532906 0.4551321 0.4720005 0.4759161 0.4935891 0.4736026 0.4517422 0.4724167 0.5106966 0.4841012 0.4504850 0.4651288 0.4466201 0.4890088 0.4619144 0.4557225 0.4529954 0.4638589 0.4641390 0.4635930 0.4827968 0.4549030 0.4385715 0.4572589 0.5677418 0.4527624 0.4206437 0.5571322 0.4696684 0.5095203 0.4604833 0.4693141 0.4807320 
SRR6441723    0.4897072 0.5271134 0.4927046 0.0000000 0.0457134 0.0984394 0.2448503 0.1005527 0.1022751 0.2273482 0.0805528 0.0824896 0.2232802 0.0626006 0.0938657 0.1056180 0.2687068 0.1043334 0.1044184 0.2089324 0.1060094 0.2435383 0.0689224 0.0396302 0.1095174 0.0866926 0.0992104 0.1871806 0.0830406 0.2277613 0.1021848 0.2129707 0.1116138 0.2001467 0.1139248 0.1464264 0.0907183 0.1074071 0.1791003 0.0799193 0.0765255 0.1871935 0.1934535 0.0827028 0.0866596 0.1135943 0.1701238 0.0965497 0.1074071 0.0965467 0.1140364 0.0819505 0.0794234 0.0958009 0.0889252 0.0935332 0.1081394 0.1911814 0.0796838 0.1792709 0.1641702 0.1072671 0.2266533 0.0841682 0.1180421 0.0912416 0.1036833 0.1179614 0.1095218 0.1023591 0.1830015 0.0986377 0.0857612 0.0888044 0.1132519 0.0951437 0.1687992 0.0858881 0.1836730 0.0948991 0.0446189 0.0855258 0.1166996 0.0865393 0.1847147 0.1045074 0.1098117 0.0792320 0.1629039 0.1876084 0.1651879 0.1186538 0.2338646 0.2202835 0.1004866 0.1094860 0.1137184 0.0928692 0.0977312 0.0566504 0.0752501 0.0972973 0.0830617 0.0795133 0.0722034 0.0892605 0.1764493 0.0689678 0.0600430 0.2207296 0.1056219 0.0890423 0.2023364 0.0933030 0.1842531 0.0902014 0.1015991 0.0767133 
ERR4210213    0.5570272 0.4468169 0.4398657 0.0457134 0.0000000 0.0927747 0.2093402 0.0696818 0.0675104 0.1804723 0.0578124 0.0731435 0.1865292 0.0347237 0.0809420 0.1220760 0.3462630 0.0958084 0.0945905 0.1688641 0.1106725 0.2391649 0.0349780 0.0409787 0.0891769 0.0808852 0.0798495 0.0000010 0.0623376 0.2299046 0.0641070 0.0000010 0.1163958 0.3268372 0.0813447 0.0952911 0.0946745 0.1084399 0.1781226 0.0682038 0.0628696 0.1913141 0.1759771 0.0738454 0.0684885 0.1084399 0.2297620 0.0875248 0.1084399 0.0732882 0.0879095 0.0629836 0.0621406 0.0747050 0.0690023 0.0761389 0.0860506 0.0000010 0.0583398 0.1615300 0.1839866 0.0871876 0.1858052 0.0775504 0.0968589 0.0746058 0.0872130 0.0945085 0.1213847 0.0683450 0.2114131 0.1086746 0.0693232 0.1043112 0.0955982 0.0706019 0.1947526 0.0634469 0.2277716 0.0750260 0.0193599 0.0693338 0.0831822 0.0403123 0.2391451 0.0909229 0.1023418 0.0574415 0.1722946 0.1900431 0.0000010 0.1146947 0.2219888 0.2366198 0.0957222 0.1125602 0.1195067 0.0797426 0.0873947 0.0469901 0.0456946 0.0722867 0.0743581 0.0696874 0.0400256 0.0630543 0.1512683 0.0404345 0.0297327 0.1845505 0.0881346 0.0690258 0.1754784 0.0930634 0.1703603 0.0745442 0.0939070 0.0518395 
ERR2789774    0.5906280 0.4925739 0.4935043 0.0984394 0.0927747 0.0000000 0.2646614 0.0717377 0.0831169 0.2271028 0.0817676 0.0351252 0.1852080 0.0904426 0.0444127 0.0672794 0.2458135 0.0835133 0.0951998 0.2011306 0.1006676 0.2672879 0.0953818 0.0868051 0.0827243 0.0354978 0.0467079 0.1725037 0.0634042 0.2174793 0.0828337 0.2213698 0.1004938 0.2131654 0.0988670 0.0945582 0.0999676 0.0893224 0.1879688 0.0325450 0.0321766 0.1746185 0.1588650 0.0323852 0.0721132 0.0983428 0.2104616 0.0529691 0.0893224 0.0524511 0.1066162 0.0685873 0.0351191 0.0818464 0.0752424 0.0834966 0.0896553 0.1651624 0.0832727 0.1542206 0.1628972 0.0976986 0.2146649 0.0837496 0.1109540 0.0937182 0.0964171 0.1104589 0.0757202 0.0830270 0.2164350 0.1059389 0.0768619 0.0807663 0.0977339 0.1005521 0.1938041 0.0722863 0.2110799 0.0956258 0.0702849 0.0734557 0.0752906 0.1022001 0.2123634 0.0474731 0.0695997 0.0755188 0.1697990 0.1621127 0.1509243 0.0999575 0.2172751 0.1974856 0.1013982 0.0950391 0.0924400 0.0410505 0.1093356 0.0899601 0.0966551 0.0414743 0.0410154 0.0628685 0.0841168 0.0630191 0.1568875 0.0966874 0.0911720 0.2213564 0.0654121 0.0753421 0.2009365 0.0827725 0.1419076 0.0384468 0.0862806 0.0472863 
PAFTOL_019361 0.4002138 0.4022482 0.3664482 0.2448503 0.2093402 0.2646614 0.0000000 0.2658658 0.2701086 0.2746331 0.2348318 0.2494819 0.3114239 0.2228557 0.2566641 0.2793488 0.4427286 0.2858344 0.2687231 0.2891362 0.2861424 0.3406031 0.2187612 0.2385237 0.2377218 0.2471770 0.2498537 0.2727956 0.2289142 0.2915874 0.2469780 0.3528215 0.3027127 0.2997723 0.2614447 0.2748540 0.2896486 0.2888132 0.2882653 0.2396184 0.2350457 0.2778176 0.2817268 0.2514370 0.2254737 0.3096757 0.2981144 0.2470372 0.2888132 0.2533618 0.2669077 0.2245867 0.2436417 0.2285884 0.2360431 0.2547057 0.2501509 0.2668344 0.2287010 0.2802268 0.2391997 0.2696006 0.3218666 0.2569657 0.2841551 0.2370726 0.2701083 0.2746459 0.2980615 0.2533694 0.2847430 0.2289885 0.2423768 0.2684956 0.2355081 0.2320718 0.3049018 0.2193735 0.2997926 0.2366307 0.2031792 0.2485704 0.2739621 0.2693543 0.3083416 0.2696184 0.2667363 0.2576323 0.2687770 0.2971173 0.2320581 0.2931400 0.3159041 0.3288836 0.3086083 0.3044304 0.3060253 0.2559220 0.2474304 0.2504526 0.2166043 0.2617735 0.2472312 0.2525483 0.2577835 0.2281735 0.2710693 0.2402058 0.2312824 0.3450636 0.2538577 0.2130315 0.3310561 0.2392468 0.2779415 0.2530549 0.2541671 0.2379334 
S0055         0.5122806 0.4337794 0.4692750 0.1005527 0.0696818 0.0717377 0.2658658 0.0000000 0.0611164 0.2423356 0.0820523 0.0587009 0.2018783 0.0762018 0.0689637 0.0870136 0.2630329 0.0804120 0.0850783 0.2007642 0.0946516 0.2635128 0.0935602 0.0630270 0.0926819 0.0593418 0.0710698 0.1869190 0.0789468 0.2389193 0.0799121 0.2369373 0.0872838 0.2318633 0.0761287 0.1116633 0.0889813 0.0764979 0.1921643 0.0561290 0.0533058 0.1954404 0.1800656 0.0522693 0.0756444 0.0850296 0.2059922 0.0497139 0.0764979 0.0681293 0.0904590 0.0652547 0.0586902 0.0648574 0.0718270 0.0735406 0.0934449 0.1626422 0.0702798 0.1646492 0.1686027 0.0882992 0.2274593 0.0701830 0.0978973 0.0790729 0.0735919 0.0869648 0.1013616 0.0833965 0.2139192 0.1089039 0.0632639 0.0731359 0.0956572 0.0824163 0.2051583 0.0621082 0.2209340 0.0985620 0.0629623 0.0600136 0.0856557 0.0833292 0.2222734 0.0754877 0.0832522 0.0731901 0.1842433 0.1798732 0.1649321 0.0868198 0.2353255 0.2214179 0.0857865 0.0785524 0.0759329 0.0587599 0.0941800 0.0907305 0.0824756 0.0689600 0.0650774 0.0265837 0.0731153 0.0596661 0.1546046 0.0865807 0.0768015 0.2080122 0.0725092 0.0650729 0.1981192 0.0856862 0.1631874 0.0565669 0.0892084 0.0598897 
S0196sl       0.6295654 0.4672198 0.4590628 0.1022751 0.0675104 0.0831169 0.2701086 0.0611164 0.0000000 0.1802529 0.0289361 0.0654904 0.1561688 0.0600656 0.0785665 0.1057523 0.3336107 0.0561182 0.0779069 0.1422085 0.0684053 0.2602410 0.0900829 0.0851010 0.0931830 0.0727170 0.0718081 0.0000010 0.0619738 0.2335130 0.0679738 0.0000010 0.0622448 0.4362227 0.0554057 0.0978896 0.0858313 0.0503782 0.1688708 0.0660907 0.0555607 0.1774912 0.1650349 0.0660907 0.0502847 0.0618191 0.2370727 0.0612636 0.0503782 0.0773900 0.0611708 0.0139930 0.0654904 0.0236928 0.0188516 0.0624971 0.0559283 0.0000010 0.0619357 0.1494057 0.1978596 0.0652654 0.1763384 0.0405271 0.0798306 0.0495489 0.0607278 0.0670035 0.1254325 0.0397772 0.2388065 0.0859483 0.0505222 0.0802082 0.0677854 0.0572084 0.2134927 0.0140879 0.2463968 0.0558122 0.0654904 0.0449510 0.0736655 0.0554258 0.2579447 0.0903266 0.1237217 0.0493006 0.1633873 0.1765522 0.0000010 0.0556958 0.2378561 0.2127159 0.0867019 0.0520857 0.0468161 0.0601427 0.0843641 0.1052873 0.0717144 0.0718330 0.0895197 0.0611289 0.0550305 0.0445927 0.2487574 0.0544429 0.0550305 0.1805167 0.0941520 0.0188572 0.1446969 0.0496337 0.1577091 0.0667036 0.0500411 0.0608400 
S0278         0.6804335 0.5809008 0.5408286 0.2273482 0.1804723 0.2271028 0.2746331 0.2423356 0.1802529 0.0000000 0.1687316 0.1984653 0.1038471 0.1934834 0.2035058 0.2155841 0.2128761 0.2291886 0.2183084 0.1091313 0.2502798 0.1479424 0.2198074 0.2199709 0.2369763 0.2190785 0.2088306 0.1296146 0.2049532 0.1038699 0.2282038 0.1226305 0.2414874 0.1272627 0.2002874 0.2206998 0.2388307 0.2287568 0.0643807 0.2138628 0.1927182 0.0885509 0.1477245 0.2028349 0.1714419 0.2286481 0.2338024 0.2084561 0.2287568 0.2240848 0.2070305 0.1880396 0.1888525 0.2069234 0.1977990 0.1753635 0.1869445 0.1703033 0.2124425 0.1423850 0.1199977 0.2395357 0.1183928 0.2180548 0.2174913 0.1930070 0.2077119 0.2162769 0.1962668 0.1855657 0.2232381 0.2619653 0.1930039 0.2072151 0.2103896 0.1950427 0.2276389 0.1940608 0.2408975 0.2011447 0.1850498 0.2001346 0.2523731 0.2438768 0.2488383 0.2243143 0.2260754 0.2137755 0.0999974 0.1536596 0.1089768 0.2359030 0.1328010 0.0897826 0.2478646 0.2361333 0.2341141 0.2153567 0.1967358 0.2309029 0.1990149 0.2234975 0.2217568 0.2267489 0.2050623 0.1884310 0.1911755 0.2193387 0.2011082 0.1449043 0.2177548 0.1884973 0.0785513 0.1629684 0.1435238 0.2018711 0.1616893 0.2200094 
S0281         0.5140555 0.4605562 0.4579807 0.0805528 0.0578124 0.0817676 0.2348318 0.0820523 0.0289361 0.1687316 0.0000000 0.0759189 0.1517102 0.0625006 0.0870916 0.0949474 0.2245980 0.0608818 0.0650124 0.1378579 0.0680156 0.2050943 0.0759511 0.0561446 0.0921075 0.0767780 0.0827732 0.1287066 0.0713787 0.1724935 0.0781453 0.1842632 0.0612782 0.1862284 0.0585700 0.1047070 0.0767488 0.0543671 0.1473853 0.0733179 0.0668901 0.1579368 0.1404073 0.0729501 0.0212423 0.0687234 0.1780232 0.0629495 0.0543671 0.0935132 0.0651689 0.0267393 0.0697519 0.0382586 0.0324688 0.0572673 0.0357398 0.1473668 0.0670358 0.1287304 0.1343351 0.0688354 0.1922622 0.0612603 0.0623874 0.0576958 0.0590206 0.0684666 0.1330603 0.0408314 0.1858379 0.0874126 0.0568258 0.0554912 0.0803797 0.0681037 0.1678967 0.0297425 0.1792059 0.0607010 0.0540476 0.0536540 0.0858273 0.0909059 0.1802347 0.0904132 0.0864640 0.0632144 0.1536343 0.1431553 0.1105574 0.0640305 0.1975418 0.1660471 0.0874386 0.0588822 0.0624018 0.0760031 0.0698216 0.0697856 0.0751148 0.0835065 0.0765122 0.0729737 0.0634299 0.0625481 0.1670157 0.0654121 0.0629755 0.1786749 0.0818214 0.0325128 0.1509156 0.0296317 0.1237614 0.0770240 0.0351373 0.0769423 
S0282         0.5647184 0.4633478 0.4754131 0.0824896 0.0731435 0.0351252 0.2494819 0.0587009 0.0654904 0.1984653 0.0759189 0.0000000 0.1777249 0.0721024 0.0183277 0.0534513 0.2544966 0.0765526 0.0883618 0.1896398 0.0933509 0.2367878 0.0770557 0.0723678 0.0783234 0.0156439 0.0262357 0.1602627 0.0590865 0.2020422 0.0716787 0.1947524 0.0931908 0.2029844 0.0967989 0.0910169 0.0834398 0.0823043 0.1621592 0.0129503 0.0156142 0.1580835 0.1563755 0.0128879 0.0695806 0.0909970 0.1860496 0.0464085 0.0823043 0.0347707 0.1045725 0.0614722 0.0102056 0.0742745 0.0678885 0.0770648 0.0835572 0.1531142 0.0654925 0.1404268 0.1467657 0.0941225 0.2048281 0.0766192 0.1089203 0.0862835 0.0943165 0.1084294 0.0547814 0.0804618 0.1915076 0.1089366 0.0564449 0.0731798 0.0948153 0.0881851 0.1849289 0.0650073 0.2002661 0.0945172 0.0532936 0.0591801 0.0721701 0.0828862 0.2014415 0.0294238 0.0571015 0.0652614 0.1550950 0.1548932 0.1397173 0.0926975 0.1934892 0.1896099 0.0724851 0.0845080 0.0818848 0.0209048 0.0863722 0.0865096 0.0850895 0.0238462 0.0208891 0.0465669 0.0690776 0.0409817 0.1488146 0.0822280 0.0726602 0.2050158 0.0532283 0.0679778 0.1657937 0.0703230 0.1379741 0.0129591 0.0799758 0.0320113 
S0289         0.6115691 0.5186435 0.5073586 0.2232802 0.1865292 0.1852080 0.3114239 0.2018783 0.1561688 0.1038471 0.1517102 0.1777249 0.0000000 0.1737337 0.1972321 0.1773246 0.1319613 0.1886985 0.1580575 0.0427091 0.2079023 0.1603979 0.1899371 0.1979806 0.1965209 0.1876512 0.1811394 0.0382498 0.1793610 0.0512404 0.1857519 0.0918821 0.1997008 0.0888337 0.1776467 0.1736038 0.1885029 0.1883830 0.0671801 0.1828433 0.1674581 0.0669178 0.1172790 0.1818872 0.1527250 0.1973974 0.2475900 0.1778014 0.1883830 0.2097899 0.1876103 0.1603961 0.1852364 0.1780523 0.1694590 0.1542618 0.1717640 0.0827843 0.1773468 0.1017301 0.1278876 0.2073631 0.0798631 0.1746128 0.1972266 0.1742110 0.1792737 0.1924749 0.1956861 0.1597352 0.2296933 0.2016954 0.1552239 0.1664969 0.1917914 0.1875351 0.2184956 0.1658843 0.2477903 0.1915065 0.1818060 0.1619539 0.1765177 0.2055837 0.2558622 0.2015090 0.1976841 0.1823043 0.0643403 0.1156300 0.0824785 0.1946438 0.1197353 0.0953843 0.2051789 0.1942171 0.1919501 0.1845542 0.1727690 0.1987633 0.1786325 0.1920912 0.1947578 0.1898988 0.1762096 0.1518452 0.1282853 0.1885854 0.1807495 0.0706120 0.1840691 0.1607666 0.0713594 0.1449710 0.0979921 0.1806962 0.1519992 0.1883710 
S0292         0.5198476 0.4843856 0.4624428 0.0626006 0.0347237 0.0904426 0.2228557 0.0762018 0.0600656 0.1934834 0.0625006 0.0721024 0.1737337 0.0000000 0.0764817 0.0991137 0.2058509 0.0828016 0.0813602 0.1505129 0.0970006 0.2096854 0.0464201 0.0401037 0.0756691 0.0729126 0.0850937 0.1298157 0.0839469 0.1787074 0.0733943 0.1809648 0.0968337 0.1987939 0.0749886 0.0999381 0.0925991 0.0857843 0.1637455 0.0664190 0.0631670 0.1715064 0.1734921 0.0691594 0.0662690 0.0946561 0.1659907 0.0694285 0.0857843 0.0824325 0.0820769 0.0561908 0.0660038 0.0689743 0.0625879 0.0603574 0.0864079 0.1528617 0.0695876 0.1531730 0.1512068 0.0919689 0.2074158 0.0665475 0.0891852 0.0664785 0.0724883 0.0856090 0.1226537 0.0795906 0.1704193 0.0909064 0.0686677 0.0765788 0.0876356 0.0645671 0.1646097 0.0596909 0.1794335 0.0843256 0.0349640 0.0654076 0.0905717 0.0499606 0.1799192 0.0899672 0.0881544 0.0534841 0.1657692 0.1610069 0.1298299 0.0963176 0.2193304 0.2059280 0.0891224 0.0913750 0.0887642 0.0690935 0.0817593 0.0636355 0.0288910 0.0797565 0.0756050 0.0631092 0.0318292 0.0562421 0.1615256 0.0319871 0.0155497 0.1752858 0.0985288 0.0626717 0.1620443 0.0818917 0.1577666 0.0762720 0.0853565 0.0637911 
S0293         0.5321165 0.4304642 0.4491015 0.0938657 0.0809420 0.0444127 0.2566641 0.0689637 0.0785665 0.2035058 0.0870916 0.0183277 0.1972321 0.0764817 0.0000000 0.0636269 0.2583971 0.0803927 0.0889942 0.2015254 0.0974623 0.2561964 0.0847396 0.0728882 0.0864821 0.0240894 0.0350157 0.1704273 0.0675827 0.2180529 0.0792768 0.1955972 0.0972941 0.2135213 0.1082988 0.0998487 0.0902190 0.0862010 0.1806148 0.0212683 0.0240407 0.1763738 0.1781881 0.0156881 0.0804992 0.0951143 0.2027664 0.0561034 0.0862010 0.0380018 0.1164384 0.0717810 0.0183247 0.0851672 0.0785052 0.0878987 0.0951885 0.1631759 0.0761250 0.1612634 0.1605135 0.1059265 0.2261110 0.0807676 0.1210167 0.0945146 0.1025874 0.1204688 0.0686332 0.0985599 0.2085443 0.1184624 0.0728638 0.0772887 0.1070930 0.1002037 0.2018813 0.0755329 0.2176450 0.1067377 0.0568905 0.0695256 0.0831519 0.0910083 0.2189625 0.0384686 0.0643433 0.0758474 0.1729870 0.1764214 0.1491848 0.0967742 0.2144027 0.2098308 0.0828464 0.0918218 0.0892063 0.0295097 0.0980711 0.0871173 0.0931913 0.0268868 0.0182531 0.0562879 0.0733898 0.0505321 0.1517258 0.0902662 0.0735119 0.2212219 0.0633638 0.0786090 0.1856810 0.0878046 0.1588400 0.0212819 0.0914264 0.0410973 
S0294         0.5541932 0.4828604 0.4594903 0.1056180 0.1220760 0.0672794 0.2793488 0.0870136 0.1057523 0.2155841 0.0949474 0.0534513 0.1773246 0.0991137 0.0636269 0.0000000 0.2365192 0.1102560 0.1210311 0.2006222 0.1259539 0.2671191 0.0955901 0.0988580 0.1179135 0.0540385 0.0658040 0.1250513 0.0764380 0.2064763 0.1091811 0.1756814 0.1057308 0.1746408 0.1240682 0.1130116 0.1215923 0.0982998 0.1744648 0.0508424 0.0415331 0.1702258 0.1616480 0.0505888 0.0994631 0.1157015 0.2101558 0.0699826 0.0982998 0.0666029 0.1409758 0.0866078 0.0534415 0.1008489 0.0937865 0.1147001 0.1222171 0.1181329 0.1011675 0.1521441 0.1616800 0.1298145 0.2272374 0.1031617 0.1496769 0.1218109 0.1216438 0.1369425 0.0558457 0.1180944 0.2112062 0.1319846 0.1009733 0.1048330 0.1235846 0.1208076 0.1923362 0.0906813 0.2317631 0.1154937 0.0844290 0.0973432 0.1024040 0.1058617 0.2332059 0.0669275 0.0965870 0.0833129 0.1757382 0.1533996 0.1065426 0.1094015 0.2076306 0.1877575 0.1216013 0.1044548 0.0975858 0.0598571 0.1243914 0.1097831 0.1051381 0.0636252 0.0598008 0.0802887 0.1022554 0.0709150 0.1434018 0.1170388 0.1028517 0.2254571 0.0915229 0.0939113 0.1845799 0.1032026 0.1496681 0.0537943 0.1070441 0.0666608 
S0299         0.8007490 0.7386695 0.5884259 0.2687068 0.3462630 0.2458135 0.4427286 0.2630329 0.3336107 0.2128761 0.2245980 0.2544966 0.1319613 0.2058509 0.2583971 0.2365192 0.0000000 0.2785141 0.2591271 0.1266038 0.2934469 0.2248363 0.2371397 0.2116932 0.2895434 0.2469952 0.2463712 0.0316944 0.2471580 0.1299112 0.2650372 0.0945019 0.2919147 0.1067729 0.2449847 0.2597320 0.2712108 0.2835747 0.1809048 0.2573741 0.2343126 0.1540595 0.2238762 0.2554553 0.2162920 0.3017825 0.2851863 0.2255949 0.2835747 0.2584961 0.2367675 0.2337677 0.2543946 0.2631595 0.2490616 0.2092681 0.2481662 0.0941484 0.2504215 0.1875526 0.2158114 0.2479396 0.1633602 0.2737473 0.2384236 0.2450134 0.2313757 0.2664322 0.4874891 0.2283540 0.2646114 0.2728008 0.2490741 0.2461105 0.2672334 0.2714391 0.2673081 0.2419343 0.2991686 0.2625680 0.2319635 0.2556553 0.2604912 0.2652331 0.3023427 0.2796240 0.2573932 0.2482512 0.1290252 0.1941453 0.0920477 0.3016074 0.2485063 0.2088933 0.3145233 0.2912127 0.3028237 0.2514511 0.2785287 0.2413318 0.2214058 0.2731134 0.2453571 0.2415186 0.2206347 0.2131040 0.1233040 0.2330877 0.2218690 0.1319624 0.2598159 0.2419343 0.1705145 0.2019377 0.1871071 0.2653570 0.2318673 0.2541141 
S0303         0.5539201 0.4466297 0.4551394 0.1043334 0.0958084 0.0835133 0.2858344 0.0804120 0.0561182 0.2291886 0.0608818 0.0765526 0.1886985 0.0828016 0.0803927 0.1102560 0.2785141 0.0000000 0.0550903 0.1926744 0.0212462 0.2433727 0.0973935 0.0663781 0.0907811 0.0774275 0.0898558 0.1769147 0.0789770 0.2006882 0.0767937 0.2015428 0.0186082 0.2232863 0.0936150 0.1181098 0.0602439 0.0157976 0.1878653 0.0739283 0.0661718 0.1885195 0.1707636 0.0735536 0.0547525 0.0160709 0.1936447 0.0836012 0.0157976 0.0895621 0.1013349 0.0596396 0.0765375 0.0726217 0.0661417 0.0812682 0.0684766 0.1715532 0.0603407 0.1537803 0.1713035 0.0895579 0.2275480 0.0361774 0.0983800 0.0793323 0.0879578 0.1051681 0.1349344 0.0741564 0.2012533 0.1024347 0.0482764 0.0331272 0.0905927 0.0897735 0.1824380 0.0632133 0.2082511 0.0904324 0.0698349 0.0451483 0.1066436 0.0945986 0.2043738 0.0949240 0.1166292 0.0761137 0.1770525 0.1690569 0.1555865 0.0185200 0.2184068 0.2188003 0.0668395 0.0160714 0.0161732 0.0766385 0.0779792 0.0738422 0.0888879 0.0878452 0.0700130 0.0701666 0.0734275 0.0765629 0.1673574 0.0789363 0.0765305 0.2157780 0.1041061 0.0662305 0.1929444 0.0711939 0.1584872 0.0745369 0.0746382 0.0874790 
S0308         0.5634387 0.4609898 0.5074634 0.1044184 0.0945905 0.0951998 0.2687231 0.0850783 0.0779069 0.2183084 0.0650124 0.0883618 0.1580575 0.0813602 0.0889942 0.1210311 0.2591271 0.0550903 0.0000000 0.1675576 0.0621164 0.2617087 0.0976613 0.0675450 0.0936930 0.0894033 0.0956844 0.1722751 0.0797307 0.2140650 0.0801090 0.1951077 0.0615409 0.2060963 0.0745615 0.1034030 0.0646904 0.0515860 0.1791686 0.0857052 0.0745465 0.1932780 0.1792419 0.0852629 0.0685662 0.0591187 0.2002169 0.0850363 0.0515860 0.0990840 0.0818875 0.0686136 0.0883436 0.0824511 0.0755570 0.0555740 0.0865681 0.1936523 0.0593190 0.1665034 0.1617893 0.0988868 0.2204463 0.0399964 0.0826962 0.0757078 0.0720668 0.0855398 0.1643900 0.0761425 0.2167876 0.0912313 0.0581697 0.0395815 0.0840762 0.0819472 0.1937620 0.0724730 0.2154182 0.0947699 0.0710143 0.0551361 0.1046547 0.1088953 0.2167534 0.1078487 0.1124391 0.0828433 0.1764641 0.1824686 0.1507672 0.0612207 0.2367291 0.2065033 0.0611807 0.0591036 0.0595299 0.0884681 0.0724108 0.0708031 0.0950598 0.0968125 0.0815025 0.0756395 0.0781872 0.0855085 0.1612339 0.0923618 0.0860218 0.1934996 0.0933928 0.0756614 0.1927532 0.0827918 0.1606478 0.0864350 0.0901071 0.0937186 
S0320         0.5550518 0.5238084 0.4434913 0.2089324 0.1688641 0.2011306 0.2891362 0.2007642 0.1422085 0.1091313 0.1378579 0.1896398 0.0427091 0.1505129 0.2015254 0.2006222 0.1266038 0.1926744 0.1675576 0.0000000 0.2038574 0.1087725 0.1804970 0.1556766 0.2071584 0.1885334 0.1881297 0.0385353 0.1905640 0.0556730 0.1991291 0.0683682 0.2004191 0.0693410 0.1743881 0.1843131 0.1810162 0.1922705 0.0712867 0.1961907 0.1784548 0.0619487 0.1146248 0.1949191 0.1439347 0.2036886 0.1962893 0.1707612 0.1922705 0.2256326 0.1791928 0.1485106 0.1942686 0.1699377 0.1594561 0.1461874 0.1578525 0.0593454 0.1701483 0.1019392 0.1310745 0.1676498 0.0769504 0.1853427 0.1873575 0.1585871 0.1718121 0.1868791 0.2637028 0.1320841 0.2035081 0.1794904 0.1469578 0.1678578 0.1680158 0.1723953 0.2074004 0.1542557 0.2147347 0.1805309 0.1592266 0.1611570 0.2112490 0.2086083 0.2165935 0.2196481 0.1983976 0.1740870 0.0548916 0.1152632 0.0668955 0.2001490 0.1342551 0.0908510 0.2028441 0.1997237 0.2013135 0.1923731 0.1690341 0.1849354 0.1665621 0.1994187 0.1849936 0.1770566 0.1616497 0.1573519 0.1107836 0.1783056 0.1625056 0.0589756 0.1924563 0.1542557 0.0803346 0.1218328 0.0957842 0.1924688 0.1419089 0.1871312 
S0322         0.5627434 0.4652818 0.4736709 0.1060094 0.1106725 0.1006676 0.2861424 0.0946516 0.0684053 0.2502798 0.0680156 0.0933509 0.2079023 0.0970006 0.0974623 0.1259539 0.2934469 0.0212462 0.0621164 0.2038574 0.0000000 0.2586112 0.1123349 0.0766408 0.1089720 0.0944370 0.0998457 0.1953211 0.0912003 0.2166401 0.0908316 0.2218373 0.0358192 0.2356146 0.1083420 0.1342255 0.0672810 0.0269651 0.2011940 0.0907485 0.0795894 0.2073353 0.1918467 0.0902881 0.0679207 0.0333279 0.2042894 0.0979606 0.0269651 0.1040253 0.1164845 0.0727256 0.0933318 0.0863026 0.0795468 0.0956655 0.0852662 0.1899911 0.0736197 0.1691038 0.1901845 0.0827806 0.2522722 0.0425653 0.1176537 0.0869242 0.1026294 0.1205164 0.1593363 0.0881501 0.2206617 0.1027153 0.0638881 0.0395079 0.0986093 0.1006219 0.1929236 0.0765359 0.2192904 0.0984249 0.0834890 0.0606057 0.1222163 0.1095251 0.2153555 0.1128042 0.1274393 0.0899792 0.1910686 0.1847556 0.1729545 0.0356431 0.2430945 0.2366459 0.0735687 0.0333250 0.0305682 0.0934635 0.0814358 0.0877763 0.0998968 0.1053664 0.0865281 0.0839091 0.0873218 0.0905446 0.1958758 0.0928753 0.0905224 0.2316200 0.1127582 0.0796530 0.2075479 0.0851287 0.1790113 0.0915125 0.0887477 0.1020644 
S0327         0.5256505 0.5221712 0.4318238 0.2435383 0.2391649 0.2672879 0.3406031 0.2635128 0.2602410 0.1479424 0.2050943 0.2367878 0.1603979 0.2096854 0.2561964 0.2671191 0.2248363 0.2433727 0.2617087 0.1087725 0.2586112 0.0000000 0.2317762 0.2263517 0.2613009 0.2417887 0.2434349 0.0722548 0.2499667 0.0941313 0.2710567 0.0779864 0.2599871 0.1312431 0.2405220 0.2483032 0.2548374 0.2561755 0.1160889 0.2406687 0.2407689 0.1389922 0.1745672 0.2491392 0.1964164 0.2565713 0.2469987 0.2371775 0.2561755 0.2870029 0.2460493 0.2131212 0.2303184 0.2277536 0.2259593 0.2322157 0.2129980 0.0807089 0.2312943 0.1368219 0.1957362 0.2569363 0.1356597 0.2704400 0.2509408 0.2239601 0.2458649 0.2479875 0.3391390 0.2181321 0.2421007 0.2513970 0.2053439 0.2513451 0.2427703 0.2199624 0.2530412 0.2199579 0.2779884 0.2404327 0.2160274 0.2155706 0.2913204 0.2608050 0.2708103 0.2771427 0.2754464 0.2241649 0.1262227 0.1406467 0.0871585 0.2762779 0.1758505 0.1428749 0.2858733 0.2488089 0.2644935 0.2533872 0.2450466 0.2396196 0.2147224 0.2779872 0.2371079 0.2542907 0.2284938 0.2168490 0.2057775 0.2229269 0.2096321 0.1915797 0.2713546 0.2199579 0.1444016 0.1959881 0.1488391 0.2470870 0.1941169 0.2285852 
S0335         0.5769769 0.5255950 0.4860439 0.0689224 0.0349780 0.0953818 0.2187612 0.0935602 0.0900829 0.2198074 0.0759511 0.0770557 0.1899371 0.0464201 0.0847396 0.0955901 0.2371397 0.0973935 0.0976613 0.1804970 0.1123349 0.2317762 0.0000000 0.0462730 0.1010546 0.0779100 0.0899703 0.1297555 0.0748659 0.1951221 0.0810457 0.2193213 0.1121395 0.2071166 0.1062460 0.1203274 0.1075615 0.1004540 0.1696805 0.0714441 0.0682042 0.1776097 0.1795961 0.0741463 0.0800095 0.1100488 0.1939562 0.0853860 0.1004540 0.0873601 0.1142147 0.0754583 0.0710068 0.0857486 0.0823072 0.0907690 0.1011565 0.1528447 0.0702771 0.1588075 0.1631159 0.0946696 0.2189195 0.0876665 0.1153425 0.0974002 0.1038111 0.1181612 0.1176493 0.0940126 0.1783195 0.1248348 0.0823780 0.0885987 0.1093652 0.0885367 0.1929533 0.0792961 0.2083645 0.1010961 0.0414788 0.0789602 0.0996087 0.0683882 0.2095955 0.0948900 0.0963083 0.0723922 0.1717146 0.1740307 0.1297710 0.1115285 0.2071234 0.2155238 0.1009457 0.1066360 0.1108610 0.0807383 0.0932802 0.0634441 0.0553454 0.0817806 0.0744596 0.0830467 0.0526055 0.0715282 0.1511846 0.0590191 0.0438573 0.1917163 0.1034658 0.0824164 0.1734646 0.0962491 0.1635212 0.0812564 0.0934374 0.0688750 
S0345         0.5139467 0.4480940 0.4426761 0.0396302 0.0409787 0.0868051 0.2385237 0.0630270 0.0851010 0.2199709 0.0561446 0.0723678 0.1979806 0.0401037 0.0728882 0.0988580 0.2116932 0.0663781 0.0675450 0.1556766 0.0766408 0.2263517 0.0462730 0.0000000 0.0856935 0.0732166 0.0859331 0.1258476 0.0666450 0.2070971 0.0675334 0.1758628 0.0732013 0.2266075 0.0827170 0.1163304 0.0719294 0.0694220 0.1768130 0.0664360 0.0630428 0.1867574 0.1726005 0.0692968 0.0559967 0.0779459 0.1606298 0.0625440 0.0694220 0.0831586 0.0828162 0.0557706 0.0660036 0.0691031 0.0624402 0.0629929 0.0658327 0.1393528 0.0533294 0.1556001 0.1598105 0.0753625 0.2126673 0.0636200 0.0865656 0.0769901 0.0696614 0.0865130 0.1465769 0.0736811 0.1713876 0.0803311 0.0593736 0.0505632 0.0886549 0.0647471 0.1591238 0.0594179 0.1744171 0.0768781 0.0312294 0.0560436 0.0839958 0.0560466 0.1754321 0.0869458 0.0845911 0.0559953 0.1706126 0.1714324 0.1073715 0.0798866 0.2233961 0.2130666 0.0707267 0.0776313 0.0785180 0.0724499 0.0771465 0.0247924 0.0524784 0.0798511 0.0624521 0.0500575 0.0431015 0.0626510 0.1500441 0.0463024 0.0374242 0.1966614 0.0803110 0.0625274 0.1779453 0.0718209 0.1541555 0.0732855 0.0796894 0.0636935 
S0376         0.4916171 0.4335686 0.4623425 0.1095174 0.0891769 0.0827243 0.2377218 0.0926819 0.0931830 0.2369763 0.0921075 0.0783234 0.1965209 0.0756691 0.0864821 0.1179135 0.2895434 0.0907811 0.0936930 0.2071584 0.1089720 0.2613009 0.1010546 0.0856935 0.0000000 0.0792413 0.0920005 0.1676477 0.0768532 0.2336337 0.0552527 0.1985283 0.1065511 0.2071257 0.1099213 0.1220117 0.1010246 0.0945943 0.2092507 0.0714508 0.0746669 0.1966083 0.1596352 0.0680245 0.0913295 0.1035523 0.1901860 0.0747534 0.0945943 0.0915337 0.1184604 0.0792767 0.0783076 0.0936749 0.0865191 0.0802408 0.0955238 0.1714223 0.0847266 0.1517403 0.1566602 0.1038537 0.2405826 0.0845679 0.1160782 0.0760122 0.1073570 0.1226907 0.1490710 0.1002549 0.2064107 0.1241171 0.0881428 0.0788125 0.1232494 0.1024394 0.1837035 0.0833523 0.1947327 0.0946969 0.0757576 0.0844599 0.1024328 0.1030820 0.1959109 0.0895796 0.1105648 0.0746775 0.1913132 0.1675203 0.1467421 0.1059488 0.2103448 0.2355597 0.0904537 0.1008147 0.1051284 0.0784141 0.1048846 0.1032939 0.0783321 0.0790771 0.0789589 0.0785557 0.0795501 0.0759898 0.1328714 0.0940502 0.0802542 0.2440587 0.1009713 0.0866385 0.2080357 0.1154053 0.1565907 0.0825899 0.1195415 0.0751256 
S0400         0.5694806 0.4602552 0.4805138 0.0866926 0.0808852 0.0354978 0.2471770 0.0593418 0.0727170 0.2190785 0.0767780 0.0156439 0.1876512 0.0729126 0.0240894 0.0540385 0.2469952 0.0774275 0.0894033 0.1885334 0.0944370 0.2417887 0.0779100 0.0732166 0.0792413 0.0000000 0.0265067 0.1504604 0.0598906 0.2069882 0.0692900 0.1947524 0.0942735 0.2048527 0.1007948 0.0920866 0.0872355 0.0832424 0.1715380 0.0130823 0.0157731 0.1673737 0.1606416 0.0130187 0.0703638 0.0920647 0.1926983 0.0469047 0.0832424 0.0351350 0.1087127 0.0621413 0.0156414 0.0750990 0.0686357 0.0807888 0.0845213 0.1434059 0.0662189 0.1444972 0.1560330 0.0951933 0.2156825 0.0774962 0.1131507 0.0872786 0.0983126 0.1126388 0.0623251 0.0878082 0.1983024 0.1102380 0.0630655 0.0699982 0.0924328 0.0892233 0.1916655 0.0657224 0.2072284 0.0956298 0.0538772 0.0598305 0.0729814 0.0838395 0.2084643 0.0297331 0.0577396 0.0659833 0.1641807 0.1591041 0.1305684 0.0937690 0.2091861 0.1999120 0.0797943 0.0887790 0.0825299 0.0211196 0.0873672 0.0875092 0.0860591 0.0240945 0.0211036 0.0470660 0.0698526 0.0414212 0.1575426 0.0831660 0.0734829 0.2157264 0.0538109 0.0687268 0.1807060 0.0773999 0.1420487 0.0185426 0.0808930 0.0323472 
S0405         0.5447282 0.4561565 0.4452122 0.0992104 0.0798495 0.0467079 0.2498537 0.0710698 0.0718081 0.2088306 0.0827732 0.0262357 0.1811394 0.0850937 0.0350157 0.0658040 0.2463712 0.0898558 0.0956844 0.1881297 0.0998457 0.2434349 0.0899703 0.0859331 0.0920005 0.0265067 0.0000000 0.1400251 0.0629969 0.1885911 0.0845698 0.1729900 0.1070414 0.2013881 0.1035260 0.0907710 0.0998001 0.0956796 0.1649960 0.0236973 0.0264533 0.1727425 0.1751847 0.0235829 0.0721490 0.1049419 0.2007096 0.0462942 0.0956796 0.0462289 0.1114643 0.0678647 0.0262314 0.0809672 0.0744402 0.0835248 0.0861398 0.1681007 0.0781885 0.1585994 0.1523253 0.0941497 0.2051892 0.0899395 0.1159193 0.0900122 0.1079430 0.1153986 0.0554021 0.0939656 0.2063205 0.1166765 0.0749526 0.0836896 0.0974203 0.0908027 0.1951814 0.0715166 0.2151771 0.0984012 0.0656078 0.0716397 0.0851675 0.0899525 0.2164465 0.0408035 0.0629606 0.0718065 0.1583413 0.1734787 0.1476781 0.1064678 0.2083038 0.1904000 0.0926039 0.1016067 0.0953404 0.0318793 0.0927610 0.1001524 0.0985178 0.0350205 0.0318538 0.0584860 0.0819905 0.0527878 0.1726830 0.0956148 0.0857623 0.2085446 0.0589645 0.0745382 0.1796162 0.0763264 0.1562029 0.0293216 0.0888431 0.0433982 
S0407sl       0.4823094 0.5711805 0.4751517 0.1871806 0.0000010 0.1725037 0.2727956 0.1869190 0.0000010 0.1296146 0.1287066 0.1602627 0.0382498 0.1298157 0.1704273 0.1250513 0.0316944 0.1769147 0.1722751 0.0385353 0.1953211 0.0722548 0.1297555 0.1258476 0.1676477 0.1504604 0.1400251 0.0000000 0.1606590 0.0059539 0.1961065 0.0680760 0.1769147 0.0690727 0.1508770 0.1582129 0.1950892 0.1667487 0.0665771 0.1522564 0.1504604 0.0515920 0.0807074 0.1504604 0.1228152 0.1856296 0.1235429 0.1330762 0.1667487 0.1830251 0.1586460 0.1305682 0.1601747 0.1500706 0.1401357 0.1300767 0.1437547 0.0602958 0.1599216 0.0583392 0.0972303 0.1626837 0.0686991 0.1869949 0.1508770 0.1504497 0.1456726 0.1831357 0.0000010 0.1225472 0.1313871 0.1731044 0.1458394 0.1477580 0.1602627 0.1544374 0.1241490 0.1404734 0.1611775 0.1588466 0.1505631 0.1458394 0.1828831 0.1776714 0.1635804 0.1714289 0.1513683 0.1509355 0.0317503 0.0583392 0.0515577 0.1884169 0.0665801 0.0656898 0.1815544 0.1784313 0.1808716 0.1478017 0.1588530 0.1508917 0.1212556 0.1828909 0.1408428 0.1572530 0.1572979 0.1128785 0.1111635 0.1577998 0.1394570 0.0519505 0.1582800 0.1404734 0.0412080 0.1137532 0.0583392 0.1705903 0.1212789 0.1717667 
S0412sl       0.5103473 0.4309171 0.4319998 0.0830406 0.0623376 0.0634042 0.2289142 0.0789468 0.0619738 0.2049532 0.0713787 0.0590865 0.1793610 0.0839469 0.0675827 0.0764380 0.2471580 0.0789770 0.0797307 0.1905640 0.0912003 0.2499667 0.0748659 0.0666450 0.0768532 0.0598906 0.0629969 0.1606590 0.0000000 0.1947547 0.0704214 0.1972674 0.0833611 0.1945338 0.0884608 0.0843915 0.0956621 0.0705323 0.1587494 0.0518985 0.0476671 0.1579091 0.1649070 0.0555454 0.0597489 0.0763380 0.1921057 0.0368688 0.0705323 0.0704562 0.0977211 0.0557838 0.0590731 0.0717195 0.0597527 0.0642102 0.0761442 0.1702859 0.0837882 0.1469014 0.1288088 0.0836919 0.2214810 0.0755055 0.0975975 0.0720469 0.0892950 0.0978442 0.0842852 0.0802105 0.1936050 0.0943748 0.0827883 0.0636275 0.0847915 0.0738477 0.1833177 0.0601331 0.2082507 0.0763920 0.0635898 0.0747864 0.0798186 0.1033058 0.2097438 0.0717257 0.0679056 0.0686859 0.1576113 0.1597853 0.1400672 0.0828275 0.1830056 0.1998901 0.1005318 0.0756819 0.0724862 0.0552720 0.1015530 0.0703751 0.0792637 0.0677770 0.0596310 0.0669329 0.0761962 0.0635004 0.1530616 0.0970751 0.0847696 0.2035532 0.0590034 0.0638453 0.1617581 0.0767342 0.1426428 0.0599416 0.0844116 0.0479922 
S0417         0.5340977 0.4941144 0.4208366 0.2277613 0.2299046 0.2174793 0.2915874 0.2389193 0.2335130 0.1038699 0.1724935 0.2020422 0.0512404 0.1787074 0.2180529 0.2064763 0.1299112 0.2006882 0.2140650 0.0556730 0.2166401 0.0941313 0.1951221 0.2070971 0.2336337 0.2069882 0.1885911 0.0059539 0.1947547 0.0000000 0.2328443 0.0660940 0.2200158 0.0721147 0.2130254 0.1947329 0.2247905 0.2123597 0.0753384 0.2080680 0.1903118 0.0747258 0.1308921 0.2068630 0.1525696 0.2119707 0.2036856 0.2022240 0.2123597 0.2394958 0.2196503 0.1855738 0.2062350 0.2061398 0.1961875 0.1858376 0.1725098 0.0532219 0.1936002 0.1136216 0.1275324 0.2280827 0.0908640 0.2192699 0.2304544 0.1963900 0.2171394 0.2310834 0.2686145 0.1768000 0.1993497 0.2325972 0.1751033 0.2002372 0.2032798 0.1990435 0.2028850 0.1911982 0.2214263 0.2045060 0.1994811 0.1928408 0.2461221 0.2234872 0.2230908 0.2206892 0.2120710 0.1965496 0.0645964 0.1253619 0.0448125 0.2197597 0.1247255 0.0992952 0.2413461 0.2197232 0.2166927 0.2097484 0.1901957 0.2128943 0.1825438 0.2212906 0.2049777 0.2106728 0.1895126 0.1773409 0.1244563 0.1980209 0.1841256 0.1007388 0.2080843 0.1860661 0.0858558 0.1631026 0.1193128 0.2058572 0.1617053 0.2146777 
S0427         0.5851550 0.4637707 0.5147319 0.1021848 0.0641070 0.0828337 0.2469780 0.0799121 0.0679738 0.2282038 0.0781453 0.0716787 0.1857519 0.0733943 0.0792768 0.1091811 0.2650372 0.0767937 0.0801090 0.1991291 0.0908316 0.2710567 0.0810457 0.0675334 0.0552527 0.0692900 0.0845698 0.1961065 0.0704214 0.2328443 0.0000000 0.1630687 0.0918773 0.2026441 0.0912987 0.1060904 0.0979435 0.0808149 0.2062295 0.0690990 0.0597132 0.1883864 0.1725535 0.0687559 0.0741978 0.0859767 0.1940776 0.0690213 0.0808149 0.0747971 0.0990401 0.0664753 0.0716650 0.0798429 0.0731806 0.0675831 0.0849381 0.1730279 0.0742652 0.1604579 0.1488504 0.0870463 0.2380761 0.0642697 0.0962688 0.0707207 0.0887652 0.1028856 0.1203527 0.0821979 0.1985486 0.1084507 0.0774956 0.0631568 0.1004000 0.0871957 0.1722793 0.0701918 0.1874769 0.0890789 0.0634288 0.0740584 0.0795956 0.0963703 0.1885645 0.0860437 0.0990043 0.0736020 0.1863968 0.1758632 0.1726035 0.0913810 0.2014011 0.2473120 0.0850526 0.0863237 0.0865444 0.0717559 0.1035219 0.0964814 0.0904542 0.0760125 0.0722286 0.0666268 0.0703104 0.0628446 0.1463397 0.0911329 0.0777967 0.2047945 0.0939131 0.0732791 0.2009273 0.0961708 0.1652362 0.0758120 0.0999371 0.0599662 
S0428sl       0.5806561 0.5462856 0.5265231 0.2129707 0.0000010 0.2213698 0.3528215 0.2369373 0.0000010 0.1226305 0.1842632 0.1947524 0.0918821 0.1809648 0.1955972 0.1756814 0.0945019 0.2015428 0.1951077 0.0683682 0.2218373 0.0779864 0.2193213 0.1758628 0.1985283 0.1947524 0.1729900 0.0680760 0.1972674 0.0660940 0.1630687 0.0000000 0.2015428 0.0756665 0.2264286 0.1709600 0.2460724 0.1901812 0.1196403 0.1972408 0.1724369 0.1000783 0.1367295 0.1947524 0.1622555 0.1860533 0.1477721 0.1746209 0.1901812 0.1996735 0.2307174 0.1710160 0.1833787 0.1942523 0.1722242 0.1616644 0.1743728 0.1157659 0.2056703 0.1081011 0.1620704 0.1987283 0.0437894 0.2107837 0.2264286 0.1856002 0.2213435 0.2272134 0.3725535 0.1775943 0.1707988 0.1994551 0.1880710 0.1965804 0.2513938 0.2184228 0.1486053 0.1829001 0.1915632 0.2209270 0.1782183 0.1880710 0.2282765 0.2844291 0.1801449 0.2054520 0.1960536 0.1820743 0.0425569 0.1081011 0.0942467 0.2145403 0.1090954 0.1135367 0.2154870 0.2033937 0.2064355 0.2065586 0.2225226 0.1953622 0.1945082 0.2074418 0.1833787 0.2020005 0.2021507 0.1514884 0.1647846 0.2149533 0.2071457 0.1012981 0.2034656 0.1829001 0.0954317 0.1666049 0.1081011 0.2067124 0.1755636 0.1738641 
S0430         0.5642684 0.4423327 0.4470807 0.1116138 0.1163958 0.1004938 0.3027127 0.0872838 0.0622448 0.2414874 0.0612782 0.0931908 0.1997008 0.0968337 0.0972941 0.1057308 0.2919147 0.0186082 0.0615409 0.2004191 0.0358192 0.2599871 0.1121395 0.0732013 0.1065511 0.0942735 0.1070414 0.1769147 0.0833611 0.2200158 0.0918773 0.2015428 0.0000000 0.2316295 0.0975209 0.1339867 0.0742832 0.0077387 0.1985889 0.0905916 0.0794538 0.1992998 0.1840596 0.0901325 0.0646851 0.0132708 0.2245974 0.0871260 0.0077387 0.1038465 0.1129953 0.0630412 0.0931718 0.0762075 0.0696406 0.0922973 0.0787367 0.1715532 0.0744510 0.1664956 0.1820258 0.1038521 0.2433507 0.0454817 0.1141288 0.0900571 0.0918367 0.1092617 0.1670729 0.0848578 0.2331449 0.1065102 0.0607967 0.0461117 0.1018387 0.1012962 0.2067449 0.0666845 0.2359090 0.1016441 0.0833452 0.0575399 0.1220003 0.1017744 0.2318906 0.1126074 0.1327536 0.0898253 0.1873773 0.1821730 0.1555865 0.0103672 0.2341526 0.2340112 0.0766120 0.0078707 0.0079185 0.0933030 0.0917608 0.0805801 0.0958003 0.1051833 0.0863786 0.0768175 0.0871706 0.0903882 0.1818653 0.0890012 0.0870895 0.2276385 0.1195234 0.0697345 0.2047315 0.0786097 0.1713886 0.0909780 0.0821678 0.1018864 
