115
CRNC          0.0000000 0.3071947 0.3452861 0.5382313 0.5400871 0.4718526 0.5395347 0.5768859 0.6220813 0.5304603 0.5545050 0.6177284 0.5056027 0.5541493 0.5543632 0.5823439 0.5254190 0.5032125 0.5945070 0.5185628 0.5489929 0.5640885 0.5496501 0.5475096 0.5344249 0.5098456 0.5506144 0.5334399 0.5305872 0.5578115 0.5411668 0.5138140 0.5199646 0.5396181 0.5186627 0.5857102 0.5073841 0.5072583 0.6165534 0.5611836 0.5310138 0.7580806 0.5302802 0.4984074 0.4926697 0.5364031 0.5136156 0.5161669 0.5794010 0.5628930 0.5316438 0.5645417 0.5534550 0.5719686 0.5315512 0.5931026 0.5142100 0.5407506 0.5425495 0.5168185 0.4991949 0.5613860 0.5529417 0.6123819 0.5541354 0.5882520 0.5790446 0.5167614 0.5874814 0.4757649 0.5062216 0.5583707 0.5734519 0.4800094 0.5601272 0.5022994 0.5978133 0.5304865 0.5783060 0.4789088 0.4839738 0.5632015 0.5128591 0.5421585 0.5299728 0.5179795 0.5715186 0.5285600 0.5106589 0.5085170 0.5368601 0.5759883 0.5261064 0.5430062 0.5186155 0.5191457 0.5136897 0.5439660 0.5599747 0.5393707 0.5102893 0.4883580 0.5827308 0.5543684 0.4794269 0.5169922 0.5186604 0.5365961 0.5005365 0.5283944 0.5660680 0.5237870 0.5232445 0.5459384 0.4893900 
HYZL          0.3071947 0.0000000 0.1710822 0.4344343 0.4614125 0.2592839 0.4632438 0.4649608 0.4887498 0.4761290 0.4573827 0.4784942 0.4299023 0.4660575 0.4704217 0.4205894 0.4947358 0.4929464 0.4184423 0.4935716 0.4297021 0.4768853 0.4150930 0.4296808 0.4631758 0.4258279 0.4554755 0.4524103 0.4706690 0.4476310 0.3884497 0.4739516 0.4058833 0.4011420 0.4339990 0.4397280 0.4567377 0.4286832 0.4433084 0.4432080 0.4083329 0.0000010 0.4740314 0.4953064 0.4269006 0.4206472 0.4822141 0.4155786 0.3733321 0.4409155 0.4415274 0.4656693 0.4506596 0.3969960 0.4863841 0.4474991 0.4489307 0.4044013 0.4285559 0.4119903 0.4073633 0.3994874 0.4394081 0.4290447 0.4197236 0.4912055 0.4874035 0.4458761 0.4919593 0.4172240 0.4440868 0.3967699 0.4038992 0.3881615 0.4484336 0.4147357 0.4533146 0.4287038 0.4666287 0.4084922 0.3877214 0.4770853 0.4430036 0.4556841 0.4562858 0.4262110 0.4351397 0.4000361 0.3846625 0.4694797 0.4428052 0.4404621 0.5630196 0.5065402 0.5129853 0.4513424 0.4430272 0.4450570 0.4682863 0.4428740 0.4539760 0.3636469 0.4544944 0.5023990 0.4004743 0.4449811 0.4812354 0.4471664 0.4132260 0.6071181 0.4874035 0.4000361 0.4476223 0.4647759 0.3792098 
MYZV          0.3452861 0.1710822 0.0000000 0.4675981 0.4296437 0.4279977 0.4346979 0.4969788 0.5811815 0.5233327 0.4540549 0.5763617 0.4306724 0.4621579 0.5012681 0.5276184 0.5322006 0.4867707 0.5258079 0.5118219 0.4885751 0.4762359 0.4140885 0.4836854 0.4538793 0.4440668 0.4770471 0.5116341 0.4823737 0.4811207 0.4936396 0.5249696 0.4447386 0.4884686 0.4746083 0.4973676 0.4486536 0.4585360 0.5582840 0.4792456 0.4711613 0.6355477 0.5006110 0.5111337 0.4459097 0.4639863 0.5370641 0.4775436 0.4756008 0.5115300 0.4632273 0.4895428 0.4782500 0.5124199 0.4929269 0.4793674 0.4457082 0.4725296 0.4864778 0.4477360 0.4882840 0.5113169 0.5492067 0.5012595 0.5187146 0.4911795 0.5083432 0.4482904 0.5167912 0.4194470 0.4385899 0.5158894 0.5023146 0.4187875 0.4803272 0.4352793 0.4689773 0.4710430 0.4629554 0.4339012 0.4130322 0.4574457 0.4202384 0.4653459 0.4659091 0.4325307 0.5009445 0.4918853 0.4578498 0.5374903 0.4790390 0.5209251 0.3625782 0.5550840 0.5283910 0.4294128 0.4733293 0.4661394 0.4542123 0.4837967 0.4520367 0.4399395 0.5073245 0.4311253 0.4289115 0.4149463 0.4376879 0.5002114 0.4523085 0.5405686 0.4934250 0.4638661 0.4581677 0.4980690 0.4268532 
SRR6441723    0.5382313 0.4344343 0.4675981 0.0000000 0.1173058 0.2163410 0.0985338 0.0972428 0.1286952 0.0985966 0.0836410 0.1369997 0.0568663 0.1065737 0.1168790 0.1247590 0.1384575 0.1224927 0.1299946 0.1431769 0.0927543 0.0641314 0.0564875 0.1073850 0.0964254 0.0797221 0.1028150 0.0959633 0.0942588 0.0941398 0.1259750 0.1406015 0.0924717 0.0823760 0.0988960 0.1148289 0.0907184 0.0848219 0.1131782 0.0965416 0.0938312 0.1477905 0.0965742 0.1347075 0.1392774 0.0837179 0.1301934 0.0945419 0.0885069 0.0883768 0.0861806 0.0899603 0.0878041 0.0840418 0.0942666 0.1162198 0.0983614 0.0966183 0.1127656 0.0706638 0.1191890 0.0909064 0.0993121 0.1048411 0.0977105 0.1067906 0.0949317 0.1539904 0.1068751 0.1021131 0.1118271 0.0939293 0.1024159 0.1312612 0.0880858 0.1471184 0.1244512 0.0973661 0.0663229 0.1086157 0.0996470 0.0843446 0.1377320 0.0849315 0.0934746 0.0701226 0.1032519 0.0998200 0.0904222 0.1482190 0.0919271 0.1124891 0.1238536 0.1513817 0.1398771 0.0970741 0.1036218 0.0541406 0.0709789 0.0951289 0.0797964 0.0926165 0.1040581 0.1223364 0.0891215 0.0665145 0.0651808 0.0933385 0.0798665 0.1220433 0.0945610 0.0854764 0.0841781 0.0879749 0.0713666 
ERR2789774    0.5400871 0.4614125 0.4296437 0.1173058 0.0000000 0.2401862 0.0910138 0.1066462 0.1571153 0.1114969 0.0707694 0.1472021 0.0774420 0.0762616 0.1306780 0.1369355 0.1533656 0.1295943 0.1400852 0.1475434 0.1056753 0.1059950 0.0978118 0.1138930 0.0755483 0.0680789 0.1256043 0.0960137 0.1060028 0.1076824 0.1397227 0.1371461 0.1088343 0.1216042 0.0944505 0.1254391 0.0746330 0.0726712 0.1260466 0.1075581 0.1139341 0.0369128 0.1131929 0.1368196 0.1557755 0.0875898 0.1378031 0.0683032 0.1227745 0.1062527 0.0621377 0.1056231 0.1031346 0.1058474 0.1107459 0.1295610 0.1002571 0.1132716 0.1309879 0.0941257 0.1175070 0.1128453 0.1392052 0.1312984 0.1206897 0.1125651 0.1249069 0.1468875 0.1190990 0.0935299 0.1197359 0.1215247 0.1134907 0.1523221 0.1034973 0.1640428 0.1153916 0.1119612 0.1082877 0.0952421 0.0854570 0.0941676 0.1460867 0.0649614 0.0754014 0.0890537 0.1121483 0.1115116 0.1016051 0.1427766 0.1126562 0.1278401 0.1066160 0.1483637 0.1442239 0.0680932 0.1009193 0.0941455 0.0948583 0.0706246 0.0645504 0.0833585 0.1264317 0.1065659 0.1063028 0.0788627 0.0842072 0.1230122 0.0718831 0.1018323 0.1244003 0.0984362 0.0644070 0.1110945 0.0814133 
PAFTOL_019361 0.4718526 0.2592839 0.4279977 0.2163410 0.2401862 0.0000000 0.2277392 0.2219266 0.2431605 0.2041199 0.2233745 0.2271008 0.1970989 0.2315355 0.2487864 0.2151435 0.2543184 0.2453687 0.2194836 0.2567180 0.2149824 0.2213820 0.2140534 0.2291917 0.2356025 0.2154153 0.2212534 0.2182457 0.2029023 0.2190178 0.2436258 0.2387615 0.2053842 0.2352962 0.2541527 0.2262391 0.2245397 0.2357608 0.2166853 0.2140514 0.2091315 0.3315191 0.2019255 0.2433508 0.2268924 0.2197249 0.2470526 0.2093345 0.2402688 0.2238163 0.2117000 0.2140768 0.2081546 0.2153860 0.1987684 0.2196361 0.2116038 0.2204164 0.2199349 0.2047044 0.2361601 0.2317128 0.2292941 0.2354497 0.2441389 0.2336519 0.2170599 0.2128212 0.2651835 0.1973039 0.2319900 0.2366333 0.2315796 0.2136159 0.2139572 0.2319876 0.2239586 0.2337775 0.2193188 0.2039025 0.2126500 0.2234461 0.2130772 0.2232816 0.2333888 0.1942171 0.2234136 0.2065573 0.1890494 0.2562284 0.2077798 0.1970832 0.2176289 0.2681246 0.2496289 0.2176404 0.2106943 0.2200474 0.2159910 0.2312615 0.2146386 0.2043655 0.2531023 0.2613332 0.1888390 0.1969917 0.2098220 0.1973815 0.2059028 0.2524195 0.2160940 0.2007610 0.2192568 0.2040050 0.2096560 
S0055         0.5395347 0.4632438 0.4346979 0.0985338 0.0910138 0.2277392 0.0000000 0.1049182 0.1383965 0.1105103 0.0756978 0.1442086 0.0751100 0.0861126 0.1181240 0.1308773 0.1450754 0.1252243 0.1348081 0.1441608 0.1002449 0.0971869 0.0770240 0.0838834 0.0786288 0.0693510 0.1180030 0.0880312 0.1060382 0.1015888 0.1002752 0.1320267 0.1046738 0.1077169 0.1064419 0.1178783 0.0756612 0.0781322 0.1202800 0.1087075 0.1078937 0.1113095 0.1108363 0.1335213 0.1395257 0.0853079 0.1315196 0.0779020 0.1156229 0.1089621 0.0714521 0.1039264 0.0995109 0.0926705 0.1084475 0.1218110 0.0840977 0.1127698 0.1193984 0.0780887 0.1214246 0.1082777 0.1149103 0.1185431 0.1154001 0.1048740 0.1116359 0.1358179 0.1258429 0.0943956 0.1119899 0.1118557 0.1206783 0.1223002 0.0998274 0.1335573 0.1155410 0.1064189 0.0904369 0.1003061 0.0737863 0.1125016 0.1227841 0.0741727 0.0872146 0.0716568 0.1103422 0.1117032 0.1044099 0.1417175 0.1102756 0.1247885 0.0751347 0.1447685 0.1312331 0.0817318 0.0913609 0.0845505 0.0923553 0.0797815 0.0715889 0.0515585 0.1180687 0.0896002 0.0921324 0.0725710 0.0839747 0.1121911 0.0606097 0.1186789 0.1111947 0.1012380 0.0677172 0.1070273 0.0738621 
S0196sl       0.5768859 0.4649608 0.4969788 0.0972428 0.1066462 0.2219266 0.1049182 0.0000000 0.1044496 0.0262731 0.0903477 0.1201480 0.0755158 0.0963715 0.1025741 0.1113782 0.1180618 0.1078539 0.0976751 0.1136290 0.0707582 0.0952500 0.0798161 0.1126186 0.0976346 0.0789322 0.0847211 0.0724165 0.0644819 0.0178012 0.1326526 0.1116453 0.0766885 0.0985603 0.0839473 0.0841345 0.0923307 0.0943755 0.0920028 0.0694063 0.0725358 0.1146414 0.0264242 0.1086378 0.1242324 0.0720839 0.1097374 0.0804467 0.0958181 0.0195943 0.0874305 0.0161615 0.0162364 0.0837971 0.0246763 0.0840857 0.0722071 0.0646953 0.0857660 0.0788117 0.0842445 0.0960546 0.1015467 0.1079846 0.1089690 0.0934132 0.0372627 0.1328946 0.0835074 0.0712088 0.0877693 0.0972099 0.0923143 0.1207160 0.0161949 0.1318298 0.0818700 0.0993477 0.0936779 0.0771900 0.0987657 0.1043171 0.1151721 0.0861991 0.0955066 0.0705358 0.0752568 0.0710570 0.0611940 0.1187057 0.0688846 0.0834114 0.0612230 0.1186334 0.1127777 0.1003050 0.0792479 0.0848368 0.0788202 0.0921419 0.0805624 0.0902390 0.1178678 0.0962637 0.0687473 0.0815432 0.0864852 0.0927788 0.0797866 0.0279823 0.0371342 0.0586835 0.0854397 0.0283661 0.0785647 
S0278         0.6220813 0.4887498 0.5811815 0.1286952 0.1571153 0.2431605 0.1383965 0.1044496 0.0000000 0.1169400 0.1276603 0.0485417 0.1018595 0.1409502 0.1499513 0.0516716 0.1472120 0.1363215 0.0525383 0.1419937 0.0610008 0.1213188 0.0924612 0.1492301 0.1319874 0.1153414 0.0586564 0.1198981 0.0566399 0.1012106 0.1567492 0.1319172 0.0711008 0.1104660 0.1156175 0.0481608 0.1296711 0.1249257 0.0368640 0.0758966 0.0701054 0.2095630 0.1103073 0.1311535 0.1588257 0.1100156 0.1368091 0.1244218 0.1133461 0.0953615 0.1223502 0.0971415 0.0947373 0.1018612 0.1099856 0.0844369 0.1035794 0.0791027 0.0620406 0.0901802 0.1214882 0.1086281 0.1039950 0.1155469 0.1081441 0.1530991 0.1185346 0.1627653 0.1222437 0.1044065 0.1281760 0.1169652 0.1233470 0.1576792 0.0994217 0.1648834 0.0856440 0.1162414 0.1215017 0.1153606 0.1350174 0.1314132 0.1448297 0.1159281 0.1240236 0.1027736 0.0467494 0.0614617 0.0686557 0.1415993 0.0704364 0.0579145 0.0886143 0.1416507 0.1333032 0.1393709 0.1111210 0.0940105 0.1232647 0.1177669 0.1245719 0.1179751 0.1107209 0.1321699 0.0732027 0.1081523 0.1163339 0.0486880 0.1009615 0.0940706 0.1180626 0.0641856 0.1201920 0.1071125 0.1199281 
S0281         0.5304603 0.4761290 0.5233327 0.0985966 0.1114969 0.2041199 0.1105103 0.0262731 0.1169400 0.0000000 0.0917234 0.1249523 0.0769460 0.1026567 0.1038920 0.1185820 0.1193322 0.1135964 0.1169667 0.1232643 0.0801315 0.0965869 0.0914547 0.1159185 0.0989900 0.0843615 0.0942526 0.0829128 0.0758164 0.0311254 0.1359262 0.1129481 0.0794372 0.0998988 0.0893368 0.0963618 0.0978796 0.0957314 0.1040550 0.0703703 0.0813300 0.1494043 0.0228830 0.1078372 0.1299630 0.0735026 0.1110520 0.0858507 0.1071137 0.0330608 0.0888068 0.0294491 0.0295897 0.0893001 0.0211667 0.0897355 0.0757785 0.0822892 0.0906254 0.0821387 0.0930930 0.1027358 0.1008699 0.1146885 0.1081775 0.0998877 0.0406195 0.1433856 0.0900897 0.0707712 0.0891509 0.0942291 0.0894213 0.1264749 0.0277630 0.1376142 0.0895763 0.1006926 0.0991903 0.0767099 0.0978989 0.1056458 0.1208670 0.0853445 0.1011249 0.0719685 0.0843637 0.0801308 0.0699720 0.1199778 0.0776935 0.0888611 0.0473706 0.1199260 0.1140869 0.1016296 0.0787538 0.0862167 0.0893662 0.0953704 0.0819560 0.0936702 0.1146601 0.1067999 0.0719679 0.0850002 0.0878814 0.0997361 0.0864111 0.0374737 0.0404791 0.0673681 0.0868260 0.0316824 0.0778993 
S0282         0.5545050 0.4573827 0.4540549 0.0836410 0.0707694 0.2233745 0.0756978 0.0903477 0.1276603 0.0917234 0.0000000 0.1311379 0.0606539 0.0323330 0.1047570 0.1237377 0.1177426 0.1118616 0.1195302 0.1125169 0.0923202 0.0826242 0.0716798 0.0965873 0.0267831 0.0212040 0.0983930 0.0809109 0.0852483 0.0914926 0.1204714 0.1080728 0.0839887 0.0901321 0.0942572 0.1006700 0.0522794 0.0265442 0.1055261 0.0970779 0.0913897 0.0361188 0.0897346 0.1001098 0.1449542 0.0731657 0.1052610 0.0393072 0.0971712 0.0943148 0.0162207 0.0895080 0.0852315 0.0840805 0.0874864 0.1062254 0.0762161 0.0948188 0.1094880 0.0739559 0.0886091 0.0879914 0.1143863 0.1015128 0.0948920 0.0964842 0.0987746 0.1417891 0.0986546 0.0822300 0.0918976 0.0982548 0.0951676 0.1244066 0.0855022 0.1433113 0.1000455 0.0974443 0.0842271 0.0837872 0.0641287 0.0941161 0.1307861 0.0180542 0.0543137 0.0651338 0.1001672 0.0948810 0.0837925 0.1172184 0.0872935 0.1049953 0.0680767 0.1174039 0.1091717 0.0316212 0.0730556 0.0663553 0.0791080 0.0264713 0.0196038 0.0746346 0.1140864 0.0852359 0.0815189 0.0660107 0.0730142 0.0995456 0.0491286 0.1009812 0.0963800 0.0809251 0.0179129 0.0878838 0.0626411 
S0289         0.6177284 0.4784942 0.5763617 0.1369997 0.1472021 0.2271008 0.1442086 0.1201480 0.0485417 0.1249523 0.1311379 0.0000000 0.1005147 0.1444985 0.1587789 0.0361646 0.1608399 0.1475010 0.0353418 0.1557984 0.0588893 0.1247939 0.1092170 0.1576666 0.1376971 0.1188045 0.0629166 0.1309544 0.0625007 0.1166532 0.1716202 0.1475867 0.0725031 0.1046986 0.1365131 0.0425088 0.1255123 0.1315182 0.0405379 0.0772922 0.0676223 0.1844548 0.1165322 0.1436996 0.1527997 0.1184666 0.1526814 0.1278798 0.1095041 0.1152505 0.1258145 0.1125133 0.1050743 0.1061441 0.1161913 0.0879001 0.1182372 0.0759432 0.0553876 0.1050250 0.1391887 0.1049540 0.0982518 0.1247221 0.1130952 0.1537865 0.1274669 0.1561056 0.1303540 0.1152492 0.1249077 0.1139362 0.1226572 0.1635023 0.1123956 0.1658552 0.1009698 0.1222171 0.1154833 0.1287627 0.1440621 0.1302626 0.1480752 0.1248047 0.1344963 0.0972437 0.0369472 0.0529978 0.0700606 0.1576475 0.0676334 0.0655246 0.0824724 0.1586268 0.1491725 0.1428359 0.1257830 0.1016287 0.1215747 0.1311896 0.1280326 0.1200898 0.1030756 0.1246590 0.0743523 0.1067156 0.1147541 0.0521251 0.1028325 0.1063383 0.1269549 0.0655981 0.1236605 0.1158191 0.1233903 
S0292         0.5056027 0.4299023 0.4306724 0.0568663 0.0774420 0.1970989 0.0751100 0.0755158 0.1018595 0.0769460 0.0606539 0.1005147 0.0000000 0.0705235 0.0955222 0.0881978 0.1138181 0.1107613 0.0870817 0.1134853 0.0669613 0.0483315 0.0412103 0.0862859 0.0658533 0.0605495 0.0746963 0.0741159 0.0625481 0.0767582 0.1052401 0.0997032 0.0691267 0.0571079 0.0690398 0.0780275 0.0606750 0.0671157 0.0834183 0.0712839 0.0682658 0.0941933 0.0706886 0.1028818 0.1316831 0.0651044 0.1042387 0.0644371 0.0729630 0.0793774 0.0568368 0.0748311 0.0683341 0.0592110 0.0685864 0.0769477 0.0700477 0.0707305 0.0831807 0.0340258 0.0910042 0.0610961 0.0755068 0.0743587 0.0735998 0.0798835 0.0774736 0.1300426 0.0887469 0.0678113 0.0900101 0.0678608 0.0737046 0.1145465 0.0709490 0.1326686 0.0826203 0.0655437 0.0448342 0.0799117 0.0710421 0.0339855 0.1224548 0.0573941 0.0780046 0.0299934 0.0694733 0.0664209 0.0609709 0.1042875 0.0665808 0.0792516 0.0693085 0.1086932 0.1007122 0.0644974 0.0773817 0.0355026 0.0113640 0.0668990 0.0549431 0.0670933 0.0521395 0.0864712 0.0669673 0.0063984 0.0080812 0.0681116 0.0619429 0.0903636 0.0771802 0.0584730 0.0569069 0.0692965 0.0589711 
S0293         0.5541493 0.4660575 0.4621579 0.1065737 0.0762616 0.2315355 0.0861126 0.0963715 0.1409502 0.1026567 0.0323330 0.1444985 0.0705235 0.0000000 0.1198402 0.1369681 0.1333853 0.1265549 0.1215908 0.1222903 0.1057221 0.0958900 0.0871009 0.1013138 0.0344970 0.0285502 0.1053598 0.0824548 0.0890689 0.1023878 0.1186630 0.1230750 0.0969309 0.1086286 0.0944363 0.1174845 0.0670774 0.0341798 0.1175034 0.1108029 0.1023438 0.0491963 0.0985020 0.1147750 0.1403576 0.0770311 0.1231279 0.0552371 0.1139945 0.1032080 0.0216775 0.1003233 0.0978465 0.1021785 0.0982161 0.1222608 0.0835610 0.1010621 0.1259577 0.0909210 0.0963823 0.1012870 0.1283198 0.1152577 0.1190354 0.0996244 0.1096659 0.1341824 0.1085469 0.0857287 0.1101774 0.1130496 0.1051701 0.1219153 0.0961513 0.1355037 0.1104004 0.1144837 0.1004207 0.0894538 0.0695147 0.1058532 0.1258270 0.0270766 0.0732132 0.0772103 0.1097035 0.1063891 0.0944690 0.1280192 0.1034165 0.1168945 0.0651436 0.1332581 0.1243812 0.0394774 0.0824884 0.0808640 0.0855621 0.0340823 0.0287220 0.0781732 0.1272422 0.0908626 0.0944791 0.0802564 0.0859041 0.1130257 0.0626550 0.0873990 0.1124591 0.0913697 0.0234537 0.1034451 0.0677836 
S0294         0.5543632 0.4704217 0.5012681 0.1168790 0.1306780 0.2487864 0.1181240 0.1025741 0.1499513 0.1038920 0.1047570 0.1587789 0.0955222 0.1198402 0.0000000 0.1442425 0.1500790 0.1385161 0.1442590 0.1581757 0.1163361 0.0989498 0.0999646 0.1296806 0.1181187 0.1022426 0.1316099 0.0839549 0.1075175 0.1078717 0.1443522 0.1503919 0.1212810 0.1157832 0.0910645 0.1399139 0.1125370 0.0983084 0.1315588 0.1226087 0.1164501 0.1009739 0.1047111 0.1419328 0.1536908 0.0764357 0.1456042 0.1036854 0.1258682 0.1064630 0.1068895 0.1038553 0.1014126 0.1083765 0.1023549 0.1279667 0.1105265 0.1170819 0.1324625 0.0987389 0.1261410 0.1208416 0.1137030 0.1245989 0.1309906 0.0462946 0.0980391 0.1535414 0.1255756 0.1108567 0.1209395 0.1148553 0.1205599 0.1487230 0.0968372 0.1611000 0.1262430 0.1205886 0.1212020 0.1151896 0.1083769 0.1358221 0.1446461 0.1057497 0.1147073 0.1070047 0.1260427 0.1231171 0.1104813 0.1605283 0.1172299 0.1239092 0.0910763 0.1615673 0.1485711 0.1185028 0.1133421 0.1074979 0.1095475 0.1164761 0.0956730 0.1172161 0.1384475 0.1534176 0.1004595 0.1040694 0.1051404 0.1277311 0.0980273 0.0823723 0.0976587 0.1071652 0.1027465 0.0918220 0.0975514 
S0299         0.5823439 0.4205894 0.5276184 0.1247590 0.1369355 0.2151435 0.1308773 0.1113782 0.0516716 0.1185820 0.1237377 0.0361646 0.0881978 0.1369681 0.1442425 0.0000000 0.1576231 0.1457373 0.0362493 0.1572414 0.0581026 0.1102735 0.1049753 0.1329953 0.1325792 0.1134581 0.0667452 0.1212919 0.0579509 0.1079619 0.1473220 0.1438001 0.0637015 0.0995607 0.1233240 0.0337292 0.1204304 0.1263373 0.0380311 0.0726899 0.0592133 0.1452248 0.1122289 0.1452443 0.1478008 0.1041257 0.1493368 0.1227415 0.1025448 0.1065021 0.1205760 0.1036327 0.0964140 0.0937406 0.1097635 0.0745878 0.1124736 0.0679469 0.0453126 0.0894011 0.1306443 0.1001247 0.0854040 0.1073282 0.1111509 0.1409014 0.1295173 0.1492007 0.1216944 0.1041438 0.1238937 0.0991345 0.1146301 0.1464542 0.1036858 0.1536771 0.0972019 0.1078465 0.1077465 0.1176035 0.1205330 0.1094759 0.1381094 0.1195038 0.1296562 0.0915727 0.0337097 0.0367665 0.0576119 0.1491835 0.0576259 0.0614429 0.0618292 0.1574417 0.1431387 0.1329611 0.1201883 0.0917111 0.1091094 0.1283105 0.1181046 0.1135438 0.0801439 0.1163200 0.0594668 0.0963634 0.0977907 0.0494784 0.1046219 0.0925569 0.1289808 0.0533893 0.1183816 0.1108506 0.1085165 
S0303         0.5254190 0.4947358 0.5322006 0.1384575 0.1533656 0.2543184 0.1450754 0.1180618 0.1472120 0.1193322 0.1177426 0.1608399 0.1138181 0.1333853 0.1500790 0.1576231 0.0000000 0.1095524 0.1438414 0.0298053 0.1193995 0.1328127 0.1376326 0.1641586 0.1299427 0.1109906 0.1278873 0.1345777 0.1111716 0.1190138 0.1778831 0.0229634 0.1165955 0.1430004 0.1449980 0.1400962 0.1245201 0.1263885 0.1361099 0.1308597 0.1252619 0.1376068 0.1226866 0.0232036 0.1871088 0.1195352 0.0161688 0.1026609 0.1483872 0.1176175 0.1158769 0.1146738 0.1122856 0.1334578 0.1201610 0.1545000 0.0921513 0.1268847 0.1382355 0.1217326 0.0627089 0.1467982 0.1553175 0.1512699 0.1610180 0.1503561 0.1251549 0.1953498 0.1470255 0.0957111 0.0994473 0.1461788 0.1472649 0.1742084 0.1126489 0.1961537 0.1307857 0.1342014 0.1402064 0.0927391 0.1308463 0.1476178 0.1741255 0.1169722 0.1309465 0.1062531 0.1330336 0.1254430 0.1169703 0.0298279 0.1183895 0.1306574 0.0556968 0.0338929 0.0231915 0.1303552 0.0886026 0.1212974 0.1341627 0.1280876 0.1109590 0.1442129 0.1668315 0.1285680 0.1038131 0.1246875 0.1262290 0.1327337 0.1220322 0.1009140 0.1246461 0.1134974 0.1158769 0.1133852 0.1178876 
S0308         0.5032125 0.4929464 0.4867707 0.1224927 0.1295943 0.2453687 0.1252243 0.1078539 0.1363215 0.1135964 0.1118616 0.1475010 0.1107613 0.1265549 0.1385161 0.1457373 0.1095524 0.0000000 0.1348371 0.1112934 0.1090093 0.1166808 0.1147779 0.1422930 0.1232486 0.1028649 0.1217415 0.1173965 0.0988267 0.1088922 0.1643259 0.1021016 0.1057648 0.1268118 0.1342652 0.1304277 0.1126985 0.1111870 0.1293304 0.1066142 0.1125944 0.1350536 0.1147646 0.0988485 0.1438645 0.1014686 0.0951621 0.1059610 0.1362978 0.1050410 0.1096496 0.0981394 0.1022513 0.1139883 0.1122740 0.1201718 0.0702265 0.1095511 0.1157294 0.1242054 0.0758251 0.1376454 0.1224188 0.1386750 0.1416114 0.1379463 0.1165504 0.1486471 0.1350278 0.0845913 0.0879312 0.1361835 0.1319036 0.1371750 0.1025847 0.1496627 0.1190421 0.1241679 0.1187825 0.0817894 0.1277692 0.1466003 0.1300154 0.1106680 0.1182261 0.1064168 0.1203791 0.1099353 0.1001969 0.1088981 0.0921285 0.1219297 0.0926528 0.1157378 0.0975940 0.1283058 0.0772663 0.1090408 0.1308396 0.1215216 0.1093974 0.1195516 0.1646608 0.1385924 0.0892554 0.1164878 0.1167949 0.1184112 0.1170755 0.1064255 0.1160780 0.0970257 0.1096496 0.1064769 0.1117326 
S0320         0.5945070 0.4184423 0.5258079 0.1299946 0.1400852 0.2194836 0.1348081 0.0976751 0.0525383 0.1169667 0.1195302 0.0353418 0.0870817 0.1215908 0.1442590 0.0362493 0.1438414 0.1348371 0.0000000 0.1345779 0.0612546 0.1134653 0.1010874 0.1458558 0.1259063 0.1073740 0.0634647 0.1067265 0.0531089 0.1087029 0.1533852 0.1310450 0.0691501 0.0995528 0.1171830 0.0389613 0.1164155 0.1198782 0.0302327 0.0798483 0.0661757 0.1450371 0.1085912 0.1321016 0.1577920 0.1091889 0.1359762 0.1163719 0.0971341 0.1072621 0.1121619 0.1045829 0.0972637 0.0967149 0.1082742 0.0752203 0.1109278 0.0644574 0.0539904 0.0929002 0.1123906 0.0908130 0.0886887 0.1137685 0.1087725 0.1380776 0.1194459 0.1539745 0.1103809 0.1001071 0.1294079 0.1043797 0.1130703 0.1539888 0.1044693 0.1612472 0.0856543 0.1080610 0.1106459 0.1132438 0.1265526 0.1155794 0.1479615 0.1132080 0.1273954 0.0944946 0.0408328 0.0475673 0.0628382 0.1408063 0.0661873 0.0506538 0.0903159 0.1414519 0.1324337 0.1311445 0.1187557 0.0927298 0.0980048 0.1195832 0.1165128 0.1173462 0.0906050 0.1040311 0.0705990 0.0955569 0.1034048 0.0619238 0.0998967 0.1061382 0.1189662 0.0603142 0.1121619 0.1079233 0.1163701 
S0322         0.5185628 0.4935716 0.5118219 0.1431769 0.1475434 0.2567180 0.1441608 0.1136290 0.1419937 0.1232643 0.1125169 0.1557984 0.1134853 0.1222903 0.1581757 0.1572414 0.0298053 0.1112934 0.1345779 0.0000000 0.1194592 0.1324318 0.1201108 0.1648394 0.1244333 0.1102915 0.1254056 0.1230887 0.1042512 0.1251065 0.1815123 0.0229999 0.1175394 0.1464002 0.1445843 0.1423280 0.1191998 0.1231456 0.1382424 0.1301282 0.1273447 0.1152293 0.1289353 0.0096944 0.1837422 0.1191892 0.0228684 0.1001026 0.1404560 0.1237163 0.1106643 0.1206696 0.1182182 0.1342134 0.1263362 0.1478238 0.0876497 0.1182610 0.1403717 0.1235277 0.0542697 0.1386047 0.1613617 0.1461706 0.1591948 0.1528874 0.1326830 0.1918732 0.1389226 0.0954360 0.0991627 0.1496262 0.1507003 0.1752159 0.1186052 0.1926959 0.1157961 0.1374591 0.1398062 0.0924743 0.1300173 0.1444790 0.1681579 0.1117020 0.1254654 0.1059489 0.1341629 0.1275969 0.1190410 0.0298771 0.1229580 0.1302818 0.0712948 0.0322146 0.0214700 0.1249085 0.0842051 0.1230859 0.1227275 0.1226722 0.1059705 0.1383329 0.1723082 0.1353607 0.1104070 0.1243262 0.1258596 0.1302218 0.1164513 0.1013404 0.1321375 0.1155390 0.1106643 0.1206625 0.1195295 
S0327         0.5489929 0.4297021 0.4885751 0.0927543 0.1056753 0.2149824 0.1002449 0.0707582 0.0610008 0.0801315 0.0923202 0.0588893 0.0669613 0.1057221 0.1163361 0.0581026 0.1193995 0.1090093 0.0612546 0.1194592 0.0000000 0.0886452 0.0703687 0.1045220 0.0975799 0.0832790 0.0395900 0.0899158 0.0284614 0.0682384 0.1156369 0.1099819 0.0356463 0.0751381 0.0896532 0.0447604 0.0962252 0.0946075 0.0467802 0.0397340 0.0333978 0.1483025 0.0762441 0.1063813 0.1208534 0.0804447 0.1145991 0.0915582 0.0880823 0.0667218 0.0896449 0.0663535 0.0623644 0.0670543 0.0741141 0.0554621 0.0778445 0.0410980 0.0468185 0.0703994 0.0959471 0.0797865 0.0888156 0.0966288 0.0900205 0.1063898 0.0936146 0.1270436 0.0909207 0.0727700 0.0943804 0.0757628 0.0879638 0.1216319 0.0645249 0.1283267 0.0459796 0.0798502 0.0868125 0.0848443 0.1006985 0.0950430 0.1119536 0.0884253 0.0997827 0.0681410 0.0260258 0.0383424 0.0319805 0.1191496 0.0355878 0.0578635 0.0551200 0.1169839 0.1111011 0.1049433 0.0850821 0.0703303 0.0860167 0.0943970 0.0874495 0.0878781 0.1041333 0.1117186 0.0367269 0.0746516 0.0797712 0.0425378 0.0876621 0.0655862 0.0932545 0.0264066 0.0876446 0.0829464 0.0788786 
S0335         0.5640885 0.4768853 0.4762359 0.0641314 0.1059950 0.2213820 0.0971869 0.0952500 0.1213188 0.0965869 0.0826242 0.1247939 0.0483315 0.0958900 0.0989498 0.1102735 0.1328127 0.1166808 0.1134653 0.1324318 0.0886452 0.0000000 0.0534634 0.0919119 0.0862534 0.0783660 0.0941942 0.0857628 0.0779661 0.0963449 0.1086980 0.1227263 0.0843018 0.0706157 0.0927403 0.1103518 0.0850505 0.0771043 0.1040448 0.0952519 0.0898147 0.1514240 0.0928882 0.1195279 0.1510931 0.0826208 0.1229031 0.0803656 0.0768647 0.0949124 0.0765589 0.0882149 0.0900985 0.0705214 0.0926291 0.0962123 0.0819073 0.0925288 0.1019237 0.0636050 0.1056163 0.0768195 0.0902026 0.0873619 0.0919225 0.0976205 0.0953089 0.1558998 0.1049098 0.0835476 0.1040808 0.0815393 0.0915148 0.1410220 0.0903818 0.1546320 0.1090778 0.0919044 0.0577174 0.0897018 0.1022633 0.0681843 0.1417827 0.0752749 0.0949325 0.0573718 0.0942636 0.0931854 0.0823499 0.1273287 0.0885754 0.0954065 0.0905034 0.1325414 0.1239838 0.0954932 0.0891719 0.0424727 0.0596132 0.0851250 0.0744604 0.0808154 0.0842028 0.1199821 0.0854136 0.0576093 0.0501872 0.0857465 0.0808923 0.1123346 0.0949431 0.0795483 0.0746231 0.0808388 0.0700728 
S0345         0.5496501 0.4150930 0.4140885 0.0564875 0.0978118 0.2140534 0.0770240 0.0798161 0.0924612 0.0914547 0.0716798 0.1092170 0.0412103 0.0871009 0.0999646 0.1049753 0.1376326 0.1147779 0.1010874 0.1201108 0.0703687 0.0534634 0.0000000 0.0794944 0.0804714 0.0674623 0.0839687 0.0756561 0.0589686 0.0863478 0.1086208 0.1233178 0.0756672 0.0592374 0.0789790 0.0881308 0.0727353 0.0726850 0.0889231 0.0799562 0.0765222 0.1466976 0.0866576 0.1225350 0.1366050 0.0770652 0.1261032 0.0793977 0.0606244 0.0818523 0.0698673 0.0841160 0.0793309 0.0591688 0.0841321 0.0812398 0.0802436 0.0743487 0.0967736 0.0453118 0.0988244 0.0632996 0.0905000 0.0738446 0.0688392 0.0782262 0.0921416 0.1413378 0.0898476 0.0797243 0.1006689 0.0713606 0.0828174 0.1219526 0.0843520 0.1376335 0.0828959 0.0784566 0.0625794 0.0937610 0.0801079 0.0722971 0.1260250 0.0706576 0.0854240 0.0534516 0.0808283 0.0822541 0.0702659 0.1341255 0.0822372 0.0869605 0.0856073 0.1345439 0.1223324 0.0862982 0.0835446 0.0282178 0.0540516 0.0770881 0.0698915 0.0674262 0.0779680 0.0719648 0.0734217 0.0516863 0.0521846 0.0742373 0.0595235 0.0906783 0.0917363 0.0650642 0.0676971 0.0776598 0.0654695 
S0376         0.5475096 0.4296808 0.4836854 0.1073850 0.1138930 0.2291917 0.0838834 0.1126186 0.1492301 0.1159185 0.0965873 0.1576666 0.0862859 0.1013138 0.1296806 0.1329953 0.1641586 0.1422930 0.1458558 0.1648394 0.1045220 0.0919119 0.0794944 0.0000000 0.0974279 0.0869527 0.1261820 0.0921984 0.1006704 0.1135879 0.0559749 0.1496046 0.1102425 0.1026900 0.1035621 0.1252080 0.0905557 0.0964692 0.1304659 0.1174306 0.1105762 0.1316712 0.1139556 0.1588997 0.1480395 0.0884428 0.1572939 0.0920767 0.1140909 0.1166718 0.0914855 0.1093961 0.1070967 0.0973206 0.1115687 0.1289458 0.1030281 0.1173393 0.1315480 0.0935536 0.1384906 0.1079849 0.1193512 0.1035909 0.1242013 0.1042921 0.1342693 0.1577427 0.1263135 0.1024205 0.1257389 0.1095003 0.1206315 0.1365349 0.1074348 0.1397512 0.1320287 0.1156157 0.1027931 0.1134825 0.0929244 0.1148065 0.1339541 0.0945815 0.1042714 0.0973086 0.1182072 0.1155993 0.1055990 0.1650320 0.1098775 0.1223355 0.1071571 0.1631141 0.1564667 0.1001910 0.1084009 0.0802398 0.0961860 0.0984577 0.0870349 0.0626536 0.1388457 0.1095887 0.1051059 0.0943929 0.0934369 0.1117782 0.0960016 0.0883754 0.1337272 0.1023796 0.0875416 0.1128367 0.0767584 
S0400         0.5344249 0.4631758 0.4538793 0.0964254 0.0755483 0.2356025 0.0786288 0.0976346 0.1319874 0.0989900 0.0267831 0.1376971 0.0658533 0.0344970 0.1181187 0.1325792 0.1299427 0.1232486 0.1259063 0.1244333 0.0975799 0.0862534 0.0804714 0.0974279 0.0000000 0.0179996 0.1064932 0.0880472 0.0883290 0.0987356 0.1170929 0.1197879 0.0913929 0.0984211 0.0975467 0.1083783 0.0547669 0.0233036 0.1114195 0.1048777 0.1009476 0.0509735 0.0949149 0.1115719 0.1536494 0.0760693 0.1198387 0.0433574 0.1035178 0.1016796 0.0163615 0.0967102 0.0923223 0.0921649 0.0946443 0.1225660 0.0791852 0.1046080 0.1175915 0.0814967 0.0935581 0.0960305 0.1239186 0.1108114 0.1075292 0.1045503 0.1110759 0.1482414 0.1021946 0.0810327 0.1022363 0.1036752 0.1006546 0.1336585 0.0926190 0.1475284 0.1073793 0.0994660 0.0898845 0.0826075 0.0666179 0.0960407 0.1367189 0.0182128 0.0619945 0.0682634 0.1036448 0.1048810 0.0931825 0.1293452 0.0997400 0.1108509 0.0762273 0.1242918 0.1210458 0.0319022 0.0758026 0.0736530 0.0849408 0.0232399 0.0197752 0.0773576 0.1187453 0.0863146 0.0862376 0.0713416 0.0786463 0.1028625 0.0565990 0.1028832 0.1085585 0.0901421 0.0147025 0.0997361 0.0646985 
S0405         0.5098456 0.4258279 0.4440668 0.0797221 0.0680789 0.2154153 0.0693510 0.0789322 0.1153414 0.0843615 0.0212040 0.1188045 0.0605495 0.0285502 0.1022426 0.1134581 0.1109906 0.1028649 0.1073740 0.1102915 0.0832790 0.0783660 0.0674623 0.0869527 0.0179996 0.0000000 0.0894752 0.0777310 0.0724210 0.0801432 0.1017730 0.1058684 0.0791860 0.0857186 0.0889231 0.0931410 0.0426095 0.0128918 0.0940683 0.0878625 0.0843860 0.0236589 0.0804673 0.0979259 0.1294700 0.0644497 0.1015219 0.0371469 0.0949784 0.0827864 0.0111657 0.0782183 0.0741082 0.0757787 0.0802469 0.1037652 0.0635454 0.0876451 0.0999815 0.0738247 0.0855991 0.0836072 0.1050242 0.0966562 0.0972738 0.0883230 0.0998789 0.1241593 0.0903112 0.0733367 0.0873029 0.0936729 0.0906612 0.1126030 0.0743412 0.1257090 0.0895299 0.0844393 0.0843893 0.0748976 0.0539913 0.0939373 0.1136173 0.0129095 0.0574924 0.0574248 0.0862508 0.0875586 0.0769202 0.1149699 0.0831080 0.0936013 0.0607832 0.1151135 0.1048629 0.0227819 0.0645253 0.0662393 0.0768063 0.0177959 0.0111842 0.0637083 0.1092064 0.0742132 0.0705660 0.0658965 0.0728833 0.0862311 0.0464502 0.0825010 0.0974980 0.0741805 0.0095566 0.0890595 0.0563031 
S0407sl       0.5506144 0.4554755 0.4770471 0.1028150 0.1256043 0.2212534 0.1180030 0.0847211 0.0586564 0.0942526 0.0983930 0.0629166 0.0746963 0.1053598 0.1316099 0.0667452 0.1278873 0.1217415 0.0634647 0.1254056 0.0395900 0.0941942 0.0839687 0.1261820 0.1064932 0.0894752 0.0000000 0.1061311 0.0429353 0.0818731 0.1225139 0.1158565 0.0507527 0.0960161 0.0989945 0.0468322 0.1070411 0.0982783 0.0469549 0.0588768 0.0483018 0.1689459 0.0903042 0.1149619 0.1301435 0.0960030 0.1205043 0.0975779 0.1102340 0.0803991 0.0959399 0.0799484 0.0804006 0.0830314 0.0900543 0.0704285 0.0924961 0.0542749 0.0682642 0.0845328 0.1060211 0.0920599 0.1012828 0.1103910 0.1000357 0.1302114 0.1007328 0.1342899 0.1040971 0.0831184 0.1095816 0.0878463 0.0898283 0.1265233 0.0760685 0.1356848 0.0691428 0.0984114 0.1015463 0.0955077 0.1140416 0.1010410 0.1211844 0.0899133 0.1087173 0.0762609 0.0408976 0.0518069 0.0468029 0.1229741 0.0503007 0.0560576 0.0745997 0.1276924 0.1170352 0.1116167 0.0975259 0.0798141 0.0939599 0.0958635 0.0953561 0.0914271 0.1101381 0.1206029 0.0561164 0.0823417 0.0855102 0.0483510 0.0950206 0.0868424 0.1003466 0.0427835 0.0939168 0.0900056 0.0890916 
S0412sl       0.5334399 0.4524103 0.5116341 0.0959633 0.0960137 0.2182457 0.0880312 0.0724165 0.1198981 0.0829128 0.0809109 0.1309544 0.0741159 0.0824548 0.0839549 0.1212919 0.1345777 0.1173965 0.1067265 0.1230887 0.0899158 0.0857628 0.0756561 0.0921984 0.0880472 0.0777310 0.1061311 0.0000000 0.0879197 0.0784261 0.1203279 0.1267705 0.0996261 0.1001734 0.0657376 0.1093784 0.0845447 0.0848875 0.1032778 0.0933363 0.0982597 0.1444187 0.0874743 0.1208917 0.1388699 0.0486211 0.1243576 0.0734268 0.0974421 0.0831313 0.0780995 0.0786724 0.0764438 0.0894959 0.0852426 0.1050169 0.0809648 0.0877136 0.1059543 0.0862485 0.0810472 0.0883125 0.1081474 0.1048776 0.1072873 0.0611412 0.0956102 0.1446882 0.0975951 0.0843632 0.1039642 0.0974099 0.1036200 0.1302700 0.0766854 0.1420771 0.0975520 0.1081074 0.0943710 0.0908977 0.0980540 0.1106358 0.1241885 0.0767999 0.0920130 0.0811029 0.1007526 0.0949029 0.0882892 0.1364763 0.0885379 0.1099539 0.0833447 0.1370385 0.1275706 0.0908017 0.0861984 0.0836898 0.0774245 0.0806094 0.0737631 0.0713993 0.1173412 0.1139183 0.0981173 0.0740595 0.0851273 0.1112728 0.0743249 0.0891427 0.0952419 0.0853402 0.0741962 0.0848986 0.0654149 
S0417         0.5305872 0.4706690 0.4823737 0.0942588 0.1060028 0.2029023 0.1060382 0.0644819 0.0566399 0.0758164 0.0852483 0.0625007 0.0625481 0.0890689 0.1075175 0.0579509 0.1111716 0.0988267 0.0531089 0.1042512 0.0284614 0.0779661 0.0589686 0.1006704 0.0883290 0.0724210 0.0429353 0.0879197 0.0000000 0.0657780 0.1153392 0.0996883 0.0374879 0.0748222 0.0816273 0.0444444 0.0852113 0.0832710 0.0446190 0.0449981 0.0317152 0.1017834 0.0660360 0.0961393 0.1154265 0.0783646 0.1041370 0.0845558 0.0856143 0.0642662 0.0766146 0.0639154 0.0599812 0.0668482 0.0658605 0.0514319 0.0731331 0.0374271 0.0503960 0.0680303 0.0861983 0.0814984 0.0902876 0.0894320 0.0895204 0.0999597 0.0844728 0.1193591 0.0861269 0.0701770 0.0913777 0.0755617 0.0789572 0.1139977 0.0640655 0.1205514 0.0481937 0.0835843 0.0842552 0.0800397 0.0936817 0.0944630 0.1088333 0.0772843 0.0947489 0.0658057 0.0370319 0.0346249 0.0267253 0.1085343 0.0426961 0.0481474 0.0539030 0.1107571 0.1006777 0.0975861 0.0782456 0.0679635 0.0814563 0.0830936 0.0805402 0.0830388 0.1012342 0.1134474 0.0365752 0.0722283 0.0772610 0.0405315 0.0837137 0.0487463 0.0841543 0.0247747 0.0766146 0.0702073 0.0764978 
S0419         0.5578115 0.4476310 0.4811207 0.0941398 0.1076824 0.2190178 0.1015888 0.0178012 0.1012106 0.0311254 0.0914926 0.1166532 0.0767582 0.1023878 0.1078717 0.1079619 0.1190138 0.1088922 0.1087029 0.1251065 0.0682384 0.0963449 0.0863478 0.1135879 0.0987356 0.0801432 0.0818731 0.0784261 0.0657780 0.0000000 0.1334671 0.1126490 0.0758556 0.0996442 0.0851099 0.0853501 0.0934608 0.0954888 0.0890103 0.0667647 0.0698769 0.1316945 0.0313040 0.1096771 0.1227785 0.0655183 0.1107578 0.0816398 0.1068306 0.0177682 0.0885862 0.0143907 0.0128312 0.0849856 0.0295418 0.0901699 0.0734842 0.0706932 0.0828709 0.0800215 0.0948679 0.1068812 0.1026364 0.1143688 0.1099899 0.0996180 0.0422345 0.1313093 0.0961032 0.0724762 0.0889284 0.0941096 0.0934441 0.1148715 0.0144200 0.1257606 0.0813481 0.1004338 0.0947894 0.0784171 0.0998489 0.1053709 0.1139796 0.0873735 0.0966235 0.0717966 0.0724654 0.0683345 0.0605402 0.1196562 0.0662685 0.0845976 0.0469436 0.1195999 0.1137811 0.1013710 0.0804607 0.0860046 0.0891427 0.0932709 0.0817565 0.0870891 0.1188351 0.1120580 0.0704024 0.0786199 0.0876609 0.0898123 0.0787530 0.0275416 0.0420891 0.0562369 0.0866110 0.0332909 0.0758133 
S0427         0.5411668 0.3884497 0.4936396 0.1259750 0.1397227 0.2436258 0.1002752 0.1326526 0.1567492 0.1359262 0.1204714 0.1716202 0.1052401 0.1186630 0.1443522 0.1473220 0.1778831 0.1643259 0.1533852 0.1815123 0.1156369 0.1086980 0.1086208 0.0559749 0.1170929 0.1017730 0.1225139 0.1203279 0.1153392 0.1334671 0.0000000 0.1681171 0.1142005 0.1236270 0.1264001 0.1374287 0.1167678 0.1117918 0.1353908 0.1294140 0.1140894 0.1716965 0.1332381 0.1727035 0.1492802 0.1206814 0.1709487 0.0984800 0.1396411 0.1368192 0.1085531 0.1291221 0.1267097 0.1145621 0.1337899 0.1304593 0.1233221 0.1300400 0.1399393 0.1033556 0.1640567 0.1224492 0.1360507 0.1344933 0.1398829 0.1352887 0.1505129 0.1541222 0.1373841 0.1150071 0.1492049 0.1176848 0.1283978 0.1505225 0.1271095 0.1505557 0.1296881 0.1385130 0.1199593 0.1263047 0.1095479 0.1317876 0.1354739 0.1119272 0.1199624 0.1165610 0.1238468 0.1285344 0.1159237 0.1812092 0.1269662 0.1313844 0.1113641 0.1797507 0.1702284 0.1132740 0.1287123 0.0993195 0.1162765 0.1158874 0.1038856 0.0760712 0.1396513 0.1244768 0.1200652 0.1092735 0.1149143 0.1256366 0.1093412 0.1291442 0.1498977 0.1146038 0.1044922 0.1362758 0.0866134 
S0430         0.5138140 0.4739516 0.5249696 0.1406015 0.1371461 0.2387615 0.1320267 0.1116453 0.1319172 0.1129481 0.1080728 0.1475867 0.0997032 0.1230750 0.1503919 0.1438001 0.0229634 0.1021016 0.1310450 0.0229999 0.1099819 0.1227263 0.1233178 0.1496046 0.1197879 0.1058684 0.1158565 0.1267705 0.0996883 0.1126490 0.1681171 0.0000000 0.1080772 0.1335949 0.1371821 0.1271296 0.1222200 0.1185517 0.1237574 0.1182293 0.1133294 0.0989463 0.1162163 0.0164426 0.1785977 0.1121855 0.0161821 0.0934799 0.1411349 0.1112274 0.1012759 0.1083489 0.1059923 0.1217569 0.1137304 0.1383306 0.0748213 0.1147739 0.1258359 0.1070341 0.0546908 0.1372939 0.1454519 0.1386118 0.1486823 0.1456716 0.1199126 0.1892411 0.1428502 0.0804184 0.0926598 0.1366998 0.1378370 0.1726806 0.1063360 0.1874417 0.1137826 0.1197729 0.1299143 0.0817440 0.1231826 0.1322820 0.1631693 0.1072176 0.1239304 0.0969461 0.1240039 0.1131071 0.1052039 0.0161913 0.1090648 0.1161200 0.0490188 0.0215153 0.0113385 0.1203161 0.0736856 0.1091815 0.1191911 0.1180995 0.1015842 0.1282548 0.1594132 0.1352178 0.0963243 0.1102697 0.1116090 0.1205565 0.1201238 0.0819459 0.1194291 0.1019356 0.1062247 0.1083378 0.1150106 
S0478         0.5199646 0.4058833 0.4447386 0.0924717 0.1088343 0.2053842 0.1046738 0.0766885 0.0711008 0.0794372 0.0839887 0.0725031 0.0691267 0.0969309 0.1212810 0.0637015 0.1165955 0.1057648 0.0691501 0.1175394 0.0356463 0.0843018 0.0756672 0.1102425 0.0913929 0.0791860 0.0507527 0.0996261 0.0374879 0.0758556 0.1142005 0.1080772 0.0000000 0.0763017 0.0969695 0.0566398 0.0943325 0.0815196 0.0582884 0.0525677 0.0441636 0.1281494 0.0780675 0.1044662 0.1203573 0.0808022 0.1126883 0.0854546 0.0846733 0.0743645 0.0814070 0.0739510 0.0698955 0.0704617 0.0759296 0.0656242 0.0820885 0.0483538 0.0597940 0.0721000 0.0983627 0.0835594 0.0921363 0.0957726 0.0938393 0.1144588 0.0961521 0.1241237 0.0924587 0.0750167 0.0988122 0.0816551 0.0917705 0.1137357 0.0719994 0.1277938 0.0509628 0.0809880 0.0865800 0.0870832 0.0958892 0.0975682 0.1184510 0.0801388 0.1046719 0.0682690 0.0422878 0.0457055 0.0353311 0.1150662 0.0481173 0.0615265 0.1078431 0.1196953 0.1091776 0.0922152 0.0852567 0.0725054 0.0883585 0.0882192 0.0792595 0.0849686 0.1084336 0.1339498 0.0440390 0.0705686 0.0800723 0.0494704 0.0882437 0.0930060 0.0957796 0.0351971 0.0794354 0.0828274 0.0805698 
S0552sl       0.5396181 0.4011420 0.4884686 0.0823760 0.1216042 0.2352962 0.1077169 0.0985603 0.1104660 0.0998988 0.0901321 0.1046986 0.0571079 0.1086286 0.1157832 0.0995607 0.1430004 0.1268118 0.0995528 0.1464002 0.0751381 0.0706157 0.0592374 0.1026900 0.0984211 0.0857186 0.0960161 0.1001734 0.0748222 0.0996442 0.1236270 0.1335949 0.0763017 0.0000000 0.1001714 0.0906455 0.0968877 0.0839905 0.0936438 0.0901346 0.0784492 0.1477277 0.0978861 0.1351254 0.1561097 0.0924021 0.1385586 0.0942055 0.0365779 0.0982050 0.0881089 0.0976340 0.0932794 0.0466410 0.0955854 0.0998111 0.0889448 0.0835570 0.0968009 0.0669318 0.1169995 0.0354408 0.0690028 0.0283343 0.0524147 0.1033109 0.1081756 0.1607263 0.0987996 0.0859977 0.1039639 0.0511365 0.0644753 0.1450945 0.0935763 0.1592260 0.1049284 0.0648801 0.0682537 0.0985790 0.1108488 0.0916050 0.1391909 0.0868725 0.1073739 0.0662056 0.0795926 0.0813881 0.0710227 0.1434167 0.0831470 0.0905879 0.0782499 0.1441146 0.1350166 0.0946852 0.0984955 0.0526580 0.0714934 0.0970962 0.0775377 0.0950449 0.0843111 0.1293869 0.0792087 0.0646991 0.0629883 0.0799380 0.0905635 0.1203465 0.1077472 0.0683645 0.0861013 0.0927320 0.0858944 
