105
PAFTOL_019361 0.0000000 0.2332909 0.1902019 0.1832917 0.2047791 0.2215155 0.2171767 0.2032819 0.2022849 0.2293120 0.2097788 0.2251740 0.2152508 0.2134915 0.2247345 0.1989096 0.1936473 0.2044551 0.2200619 0.1824138 0.2075145 0.2050827 0.1836148 0.2159322 0.1999576 0.2233279 0.2102821 0.1892682 0.2374635 0.1948249 0.2091451 0.2349389 0.2089440 0.2205646 0.2406064 0.2092248 0.1981772 0.2087671 0.1822536 0.1901841 0.1860303 0.1775968 0.2404727 0.1979752 0.2351666 0.2093584 0.2110654 0.1928048 0.2080656 0.1826704 0.1940612 0.2113316 0.2182820 0.2005904 0.2123460 0.2250280 0.2230401 0.2185221 0.2004573 0.1860303 0.2250528 0.2256098 0.2106634 0.2348582 0.2116717 0.2215374 0.2201015 0.1928049 0.2056108 0.2220111 0.1979494 0.1804772 0.2005313 0.2317928 0.1951243 0.1888958 0.2050308 0.1900142 0.1891992 0.2048789 0.2072347 0.2356660 0.2102080 0.2196000 0.2293010 0.1978839 0.1851409 0.2181844 0.1900432 0.2028459 0.2252718 0.1969706 0.2001275 0.2097098 0.2039296 0.2103870 0.2025081 0.2013643 0.1835160 0.1964190 0.2792062 0.1842471 0.1951018 0.2057601 0.1978984 
S0055         0.2332909 0.0000000 0.0699918 0.0595515 0.0479537 0.1511685 0.0644598 0.0530178 0.0497582 0.1502228 0.1616485 0.1361182 0.0689937 0.0737163 0.1390361 0.0568314 0.0462679 0.0510843 0.0499452 0.0620516 0.0597224 0.1326667 0.0586813 0.0499881 0.1299904 0.1365859 0.0424740 0.0512183 0.0618323 0.0543784 0.0616918 0.1476238 0.1266038 0.0572456 0.1574296 0.0625786 0.0551647 0.0710328 0.0639136 0.0479383 0.0641225 0.0588639 0.0914766 0.0620145 0.1361207 0.0634681 0.0933937 0.0635207 0.0805165 0.0773545 0.0696418 0.0733685 0.0831603 0.1246336 0.0718176 0.1337690 0.0845330 0.0875063 0.1301172 0.0641225 0.1295252 0.0848721 0.0654002 0.1344054 0.0530837 0.0641999 0.1246683 0.0461526 0.0628413 0.0719834 0.1236915 0.0711475 0.1270930 0.1504061 0.0567810 0.1099283 0.0656917 0.0575418 0.0477404 0.0533047 0.0384841 0.0783937 0.0533125 0.0680898 0.0628852 0.0639342 0.0654888 0.0831237 0.0417028 0.0880419 0.0788967 0.0520702 0.0563183 0.0441084 0.0423942 0.0481209 0.0687158 0.0596599 0.0553393 0.0552527 0.1256272 0.0557326 0.0571909 0.0687454 0.0654217 
S0196sl       0.1902019 0.0699918 0.0000000 0.0371196 0.0496184 0.1313179 0.0638059 0.0424614 0.0634523 0.1386281 0.1495742 0.1309836 0.0553101 0.0588382 0.1305976 0.0534286 0.0424230 0.0489925 0.0703331 0.0039956 0.0607833 0.1208749 0.0341300 0.0593893 0.1355228 0.1245850 0.0436764 0.0469693 0.0667866 0.0388594 0.0288707 0.1324915 0.1170245 0.0683104 0.1426517 0.0686431 0.0442885 0.0458908 0.0053542 0.0390593 0.0039881 0.0054019 0.0792066 0.0347726 0.1268460 0.0562432 0.0865238 0.0389215 0.0657908 0.0480754 0.0443812 0.0772066 0.0515680 0.1095511 0.0590561 0.1277870 0.0722386 0.0768887 0.1097836 0.0039881 0.1192297 0.0731970 0.0598186 0.1259305 0.0725718 0.0619794 0.1158463 0.0455601 0.0533987 0.0576035 0.1251165 0.0692000 0.1186060 0.1323640 0.0491759 0.1034524 0.0463877 0.0582855 0.0405014 0.0440983 0.0624524 0.0744728 0.0609753 0.0691073 0.0619634 0.0514034 0.0080770 0.0482851 0.0426475 0.0674563 0.0684132 0.0393423 0.0443709 0.0547028 0.0411877 0.0480472 0.0583570 0.0462134 0.0379020 0.0464180 0.1228209 0.0229283 0.0459613 0.0660122 0.0507369 
S0281         0.1832917 0.0595515 0.0371196 0.0000000 0.0521202 0.1124887 0.0457852 0.0559188 0.0477280 0.1129965 0.1073629 0.0984888 0.0526896 0.0676196 0.1109161 0.0527891 0.0519775 0.0534717 0.0643698 0.0310840 0.0541145 0.0909876 0.0320017 0.0577941 0.1050320 0.0992187 0.0417716 0.0532885 0.0573572 0.0533404 0.0257128 0.1177661 0.1299202 0.0635872 0.1220463 0.0670577 0.0495968 0.0392538 0.0330858 0.0498461 0.0330858 0.0313218 0.0488769 0.0286717 0.0972081 0.0500311 0.0679072 0.0400497 0.0477653 0.0495049 0.0378260 0.0723408 0.0468866 0.1239019 0.0610236 0.0992780 0.0462718 0.0497068 0.1049085 0.0330858 0.1181136 0.0445682 0.0568406 0.0990692 0.0685430 0.0543814 0.1185889 0.0556905 0.0643247 0.0485082 0.0961412 0.0527514 0.0925308 0.1119098 0.0581114 0.0777075 0.0463697 0.0404411 0.0496016 0.0519390 0.0635939 0.0595444 0.0630908 0.0582957 0.0505125 0.0640610 0.0349382 0.0431602 0.0499394 0.0438004 0.0636273 0.0441959 0.0538672 0.0552497 0.0454372 0.0416558 0.0568945 0.0459936 0.0365805 0.0464673 0.1138452 0.0348309 0.0461032 0.0695628 0.0572345 
S0282         0.2047791 0.0479537 0.0496184 0.0521202 0.0000000 0.1397705 0.0546117 0.0166023 0.0552318 0.1314354 0.1363176 0.1282359 0.0534442 0.0614266 0.1259151 0.0411520 0.0109427 0.0151820 0.0422901 0.0424314 0.0477281 0.1185094 0.0418900 0.0550259 0.1297486 0.1304694 0.0331763 0.0151360 0.0591669 0.0151115 0.0508250 0.1314513 0.1284366 0.0511539 0.1393190 0.0704814 0.0153179 0.0623916 0.0461609 0.0095243 0.0442703 0.0429898 0.0763342 0.0548768 0.1376963 0.0535256 0.0894326 0.0510383 0.0661770 0.0578406 0.0591579 0.0665566 0.0778205 0.1238998 0.0591634 0.1377128 0.0733672 0.0796840 0.1251515 0.0442703 0.1243339 0.0680430 0.0551200 0.1358598 0.0548360 0.0609973 0.1194700 0.0137225 0.0518856 0.0612092 0.1206846 0.0724995 0.1180489 0.1324484 0.0167244 0.1039411 0.0487384 0.0476822 0.0094886 0.0166817 0.0490877 0.0602744 0.0500928 0.0580864 0.0529369 0.0549852 0.0495006 0.0742101 0.0124072 0.0792828 0.0604838 0.0389322 0.0196685 0.0407302 0.0344201 0.0442021 0.0563937 0.0464011 0.0440280 0.0471780 0.1180156 0.0403291 0.0438424 0.0547881 0.0551588 
S0288         0.2215155 0.1511685 0.1313179 0.1124887 0.1397705 0.0000000 0.1378130 0.1401594 0.1130870 0.0233764 0.0411601 0.0031173 0.1311106 0.1386635 0.0061764 0.1331602 0.1264095 0.1355325 0.1337499 0.1230106 0.1465536 0.0093754 0.1077696 0.1453650 0.0748213 0.0046186 0.1305469 0.1273042 0.1518309 0.1249466 0.1020817 0.0015584 0.1936501 0.1399219 0.0061146 0.1385602 0.1342182 0.1162728 0.1256207 0.1324528 0.1261937 0.1208562 0.1286722 0.1228173 0.0577627 0.1156927 0.0662505 0.1146925 0.1227381 0.1153918 0.1162591 0.1745916 0.1145797 0.2018024 0.1427368 0.0562405 0.1200835 0.1203036 0.1910252 0.1261937 0.1853456 0.1185074 0.1225805 0.0627478 0.1129010 0.1448470 0.1834015 0.1348279 0.1178262 0.1391350 0.0000020 0.0624548 0.0015238 0.0030862 0.1326722 0.0391693 0.1128101 0.1259383 0.1320672 0.1332404 0.1396897 0.1607733 0.1381134 0.1448723 0.1361832 0.1100017 0.1251784 0.1146923 0.1363908 0.1044967 0.1405885 0.1186410 0.1260491 0.1268306 0.1289916 0.1299358 0.1243616 0.1203066 0.1261005 0.1154167 0.2025730 0.1161530 0.1182207 0.1775622 0.1129977 
S0292         0.2171767 0.0644598 0.0638059 0.0457852 0.0546117 0.1378130 0.0000000 0.0521105 0.0647470 0.1451122 0.1554877 0.1304770 0.0478372 0.0587390 0.1290500 0.0547139 0.0472669 0.0557853 0.0673268 0.0559311 0.0543350 0.1234326 0.0475456 0.0602330 0.1285506 0.1237908 0.0483963 0.0554672 0.0679051 0.0537567 0.0587395 0.1353895 0.1207198 0.0698069 0.1452257 0.0754798 0.0519995 0.0608181 0.0577839 0.0472013 0.0579719 0.0544626 0.0722829 0.0627858 0.1346067 0.0562440 0.1017517 0.0572562 0.0532520 0.0634119 0.0654438 0.0849037 0.0735808 0.1233448 0.0591453 0.1396181 0.0744443 0.0806805 0.1225511 0.0579719 0.1253214 0.0660116 0.0552131 0.1410701 0.0723043 0.0299497 0.1168676 0.0504267 0.0631723 0.0463084 0.1260423 0.0791591 0.1182358 0.1379828 0.0541808 0.1080202 0.0494753 0.0082015 0.0470030 0.0506857 0.0661037 0.0284598 0.0685416 0.0196650 0.0124203 0.0684175 0.0593769 0.0700435 0.0473928 0.0871385 0.0274346 0.0429679 0.0539403 0.0678964 0.0555285 0.0565714 0.0534574 0.0406222 0.0497793 0.0426616 0.1377704 0.0514636 0.0445004 0.0675730 0.0545142 
S0293         0.2032819 0.0530178 0.0424614 0.0559188 0.0166023 0.1401594 0.0521105 0.0000000 0.0553099 0.1423328 0.1501225 0.1309401 0.0546679 0.0606548 0.1321186 0.0443326 0.0108315 0.0193474 0.0457607 0.0387359 0.0508483 0.1234747 0.0382535 0.0535819 0.1341397 0.1316001 0.0302634 0.0177923 0.0597351 0.0121746 0.0450324 0.1347055 0.1285860 0.0475300 0.1443337 0.0679702 0.0151578 0.0549431 0.0423439 0.0080589 0.0405162 0.0392352 0.0789420 0.0508446 0.1338681 0.0578988 0.0899867 0.0418882 0.0618379 0.0554218 0.0517888 0.0648117 0.0787591 0.1241198 0.0602130 0.1352388 0.0759780 0.0822074 0.1253508 0.0405162 0.1230905 0.0706991 0.0596229 0.1334111 0.0546702 0.0637559 0.1173418 0.0135817 0.0476733 0.0622470 0.1268664 0.0717201 0.1231537 0.1355765 0.0164782 0.1088241 0.0466236 0.0506228 0.0093935 0.0179241 0.0509444 0.0621379 0.0512402 0.0626208 0.0522701 0.0493428 0.0456083 0.0751839 0.0122797 0.0781884 0.0594507 0.0385390 0.0165626 0.0424519 0.0330439 0.0444194 0.0554336 0.0475273 0.0403746 0.0483171 0.1238385 0.0367224 0.0450026 0.0586954 0.0545592 
S0294         0.2022849 0.0497582 0.0634523 0.0477280 0.0552318 0.1130870 0.0647470 0.0553099 0.0000000 0.1151959 0.1246196 0.1044690 0.0697456 0.0804628 0.1067542 0.0595072 0.0519525 0.0548455 0.0632154 0.0591001 0.0640839 0.1008451 0.0536600 0.0595132 0.1037167 0.1037825 0.0478246 0.0484309 0.0621930 0.0516045 0.0549110 0.1158578 0.1488584 0.0617374 0.1233387 0.0648485 0.0534438 0.0589454 0.0609591 0.0518966 0.0611584 0.0576437 0.0847890 0.0541702 0.1133151 0.0631738 0.0795597 0.0567331 0.0705725 0.0649325 0.0577208 0.0455134 0.0802597 0.1421727 0.0653674 0.1061610 0.0705011 0.0811176 0.1327328 0.0611584 0.1371006 0.0824107 0.0734382 0.1112250 0.0623927 0.0723471 0.1369794 0.0518182 0.0483751 0.0571446 0.0908862 0.0447307 0.0973085 0.1111427 0.0555123 0.0889679 0.0613385 0.0582080 0.0516784 0.0520256 0.0569629 0.0771142 0.0589755 0.0686940 0.0615580 0.0454454 0.0625444 0.0766197 0.0523417 0.0808617 0.0729218 0.0580279 0.0516228 0.0449343 0.0461584 0.0468221 0.0670223 0.0623749 0.0597653 0.0614196 0.1401183 0.0560067 0.0577424 0.0772879 0.0630157 
S0303         0.2293120 0.1502228 0.1386281 0.1129965 0.1314354 0.0233764 0.1451122 0.1423328 0.1151959 0.0000000 0.0689525 0.0233603 0.1441459 0.1474094 0.0292954 0.1415774 0.1258256 0.1318642 0.1368189 0.1282028 0.1532956 0.0285638 0.1172564 0.1474924 0.0831958 0.0226233 0.1298871 0.1227360 0.1491974 0.1305499 0.1091802 0.0197471 0.2066572 0.1429932 0.0299923 0.1597836 0.1326089 0.1279075 0.1305532 0.1313683 0.1310886 0.1267500 0.1436276 0.1243316 0.0819386 0.1299683 0.0794348 0.1251236 0.1406014 0.1275843 0.1295498 0.1733862 0.1197708 0.2090936 0.1544067 0.0849590 0.1266662 0.1242409 0.2073147 0.1310886 0.2021565 0.1400473 0.1359802 0.0941268 0.1228016 0.1509834 0.1960413 0.1311612 0.1228854 0.1395768 0.0185216 0.0781512 0.0228202 0.0292712 0.1312620 0.0550699 0.1312953 0.1292000 0.1307509 0.1277583 0.1361535 0.1504394 0.1396748 0.1411210 0.1406528 0.1168754 0.1322461 0.1177979 0.1327072 0.1132966 0.1528458 0.1369534 0.1286209 0.1226549 0.1264364 0.1305822 0.1414489 0.1358889 0.1300307 0.1290036 0.2133577 0.1266613 0.1436904 0.1626442 0.1274701 
S0308         0.2097788 0.1616485 0.1495742 0.1073629 0.1363176 0.0411601 0.1554877 0.1501225 0.1246196 0.0689525 0.0000000 0.0476028 0.1413384 0.1549962 0.0532399 0.1459760 0.1350995 0.1460544 0.1427628 0.1428279 0.1564465 0.0408214 0.1290188 0.1607810 0.0870636 0.0543508 0.1459838 0.1365421 0.1688104 0.1427348 0.1253544 0.0433527 0.2216694 0.1525937 0.0627363 0.1576709 0.1450925 0.1403032 0.1453335 0.1385326 0.1459669 0.1413510 0.1343426 0.1271770 0.0721059 0.1376262 0.0830162 0.1404365 0.1415359 0.1391113 0.1395065 0.2038429 0.1315499 0.2290799 0.1513205 0.0792904 0.1193358 0.1084549 0.2224129 0.1459669 0.2302938 0.1237931 0.1503131 0.0884942 0.1326178 0.1506208 0.2235805 0.1408444 0.1458643 0.1510618 0.0422101 0.0733005 0.0381890 0.0520853 0.1456760 0.0563622 0.1337355 0.1384826 0.1378510 0.1446034 0.1496930 0.1691557 0.1437242 0.1579368 0.1567622 0.1355838 0.1427107 0.1337973 0.1400166 0.1089755 0.1630537 0.1375715 0.1364048 0.1309532 0.1388795 0.1432143 0.1369947 0.1329622 0.1377078 0.1335133 0.2006296 0.1408071 0.1444249 0.1797795 0.1239771 
S0322         0.2251740 0.1361182 0.1309836 0.0984888 0.1282359 0.0031173 0.1304770 0.1309401 0.1044690 0.0233603 0.0476028 0.0000000 0.1205769 0.1299966 0.0028650 0.1270246 0.1162889 0.1266272 0.1240429 0.1201264 0.1346749 0.0150238 0.1050174 0.1355389 0.0779233 0.0044052 0.1205662 0.1170461 0.1389027 0.1212049 0.0939008 0.0031747 0.1896472 0.1286908 0.0057328 0.1382428 0.1232423 0.1175226 0.1225826 0.1220127 0.1231093 0.1185679 0.1188972 0.1126991 0.0605808 0.1086938 0.0639803 0.1108093 0.1160668 0.1172180 0.1153958 0.1595975 0.1115095 0.2006163 0.1382535 0.0667879 0.1104351 0.1107701 0.1877603 0.1231093 0.1824611 0.1091819 0.1160383 0.0711786 0.1019407 0.1311407 0.1809840 0.1218010 0.1069637 0.1169478 0.0029787 0.0619803 0.0104426 0.0143116 0.1240213 0.0468005 0.1042639 0.1170595 0.1214044 0.1247990 0.1225931 0.1488461 0.1252284 0.1342148 0.1263799 0.0968696 0.1200272 0.1137494 0.1202774 0.1024425 0.1309884 0.1156366 0.1207762 0.1125902 0.1142362 0.1143512 0.1165628 0.1125463 0.1174712 0.1087490 0.2005696 0.1110653 0.1224199 0.1578639 0.1063664 
S0335         0.2152508 0.0689937 0.0553101 0.0526896 0.0534442 0.1311106 0.0478372 0.0546679 0.0697456 0.1441459 0.1413384 0.1205769 0.0000000 0.0364459 0.1188497 0.0520428 0.0497395 0.0545405 0.0708984 0.0495519 0.0591510 0.1156205 0.0402836 0.0644243 0.1281135 0.1165826 0.0512965 0.0542358 0.0634951 0.0492845 0.0505088 0.1340751 0.1285845 0.0789377 0.1346600 0.0704414 0.0516366 0.0572406 0.0495420 0.0478614 0.0514810 0.0480248 0.0725158 0.0617497 0.1198024 0.0378488 0.0961753 0.0510746 0.0577708 0.0576528 0.0507288 0.0820683 0.0745831 0.1288704 0.0589253 0.1204227 0.0707073 0.0769273 0.1210326 0.0514810 0.1207605 0.0587482 0.0502766 0.1232756 0.0757242 0.0524416 0.1174081 0.0528595 0.0669992 0.0510597 0.1174836 0.0693740 0.1098424 0.1252519 0.0565290 0.1004534 0.0284428 0.0406359 0.0477594 0.0497075 0.0678885 0.0659884 0.0580883 0.0504347 0.0439580 0.0593560 0.0547098 0.0710709 0.0483818 0.0861830 0.0563414 0.0286766 0.0544756 0.0564052 0.0461339 0.0552876 0.0352363 0.0121598 0.0456294 0.0349116 0.1374687 0.0436699 0.0303107 0.0654379 0.0405031 
S0345         0.2134915 0.0737163 0.0588382 0.0676196 0.0614266 0.1386635 0.0587390 0.0606548 0.0804628 0.1474094 0.1549962 0.1299966 0.0364459 0.0000000 0.1280590 0.0597062 0.0572376 0.0588122 0.0721821 0.0549508 0.0652489 0.1223606 0.0473726 0.0617675 0.1427813 0.1185984 0.0539222 0.0584774 0.0634470 0.0534138 0.0602044 0.1423791 0.1432444 0.0801008 0.1442918 0.0731183 0.0592279 0.0667158 0.0549382 0.0536939 0.0569443 0.0534055 0.0816628 0.0700086 0.1388168 0.0496868 0.1082450 0.0607844 0.0673603 0.0673559 0.0651690 0.0903521 0.0742123 0.1340001 0.0674665 0.1314242 0.0871595 0.0897483 0.1388441 0.0569443 0.1276504 0.0761069 0.0561354 0.1344819 0.0798842 0.0624929 0.1241522 0.0604408 0.0720188 0.0547214 0.1248247 0.0869155 0.1179897 0.1375073 0.0584518 0.1084138 0.0288445 0.0516772 0.0551320 0.0556289 0.0727427 0.0707217 0.0701466 0.0548651 0.0549262 0.0637505 0.0567816 0.0741793 0.0558701 0.0897550 0.0668102 0.0320889 0.0605327 0.0641454 0.0469015 0.0526031 0.0245029 0.0284535 0.0548840 0.0402492 0.1414373 0.0543574 0.0383893 0.0709059 0.0461826 
S0355         0.2247345 0.1390361 0.1305976 0.1109161 0.1259151 0.0061764 0.1290500 0.1321186 0.1067542 0.0292954 0.0532399 0.0028650 0.1188497 0.1280590 0.0000000 0.1268938 0.1174503 0.1269283 0.1220045 0.1221042 0.1376432 0.0194658 0.1098552 0.1356097 0.0792340 0.0028422 0.1184379 0.1175913 0.1435853 0.1201493 0.1041651 0.0046614 0.1905241 0.1336823 0.0070546 0.1405081 0.1242537 0.1173806 0.1245280 0.1227684 0.1250554 0.1205762 0.1282104 0.1229336 0.0587929 0.1080100 0.0723453 0.1188127 0.1203527 0.1209605 0.1201933 0.1679320 0.1201720 0.1956017 0.1482102 0.0746728 0.1203996 0.1200974 0.1886832 0.1250554 0.1936804 0.1164814 0.1213764 0.0813048 0.1085700 0.1219565 0.1926341 0.1228469 0.1205596 0.1214964 0.0029281 0.0636237 0.0133298 0.0139398 0.1268411 0.0391907 0.1044752 0.1138035 0.1224454 0.1248667 0.1232630 0.1461885 0.1283943 0.1301068 0.1226739 0.1089406 0.1220057 0.1224099 0.1243382 0.1112938 0.1307092 0.1165496 0.1220352 0.1114566 0.1148588 0.1170794 0.1216908 0.1133065 0.1266897 0.1073100 0.2098065 0.1180967 0.1234451 0.1531390 0.1051697 
S0376         0.1989096 0.0568314 0.0534286 0.0527891 0.0411520 0.1331602 0.0547139 0.0443326 0.0595072 0.1415774 0.1459760 0.1270246 0.0520428 0.0597062 0.1268938 0.0000000 0.0347762 0.0442395 0.0624392 0.0460757 0.0230100 0.1190347 0.0434979 0.0595919 0.1205462 0.1256318 0.0482846 0.0393141 0.0542783 0.0392467 0.0472392 0.1353435 0.1366858 0.0661838 0.1435966 0.0744986 0.0398004 0.0622227 0.0478182 0.0363650 0.0479643 0.0463055 0.0818266 0.0582762 0.1157876 0.0552281 0.0812207 0.0526276 0.0677045 0.0576940 0.0571633 0.0656250 0.0725937 0.1231806 0.0687803 0.1248773 0.0762749 0.0792409 0.1247081 0.0479643 0.1242014 0.0766574 0.0621104 0.1230093 0.0575781 0.0662222 0.1208231 0.0316514 0.0503913 0.0582891 0.1169498 0.0672220 0.1112969 0.1357718 0.0444849 0.0946472 0.0521295 0.0478019 0.0331628 0.0380826 0.0553661 0.0680921 0.0451138 0.0579505 0.0512471 0.0535857 0.0493554 0.0690248 0.0382254 0.0795350 0.0622342 0.0422220 0.0410075 0.0529949 0.0413837 0.0423134 0.0527606 0.0432961 0.0407185 0.0386026 0.1287066 0.0435761 0.0454652 0.0363048 0.0535063 
S0400         0.1936473 0.0462679 0.0424230 0.0519775 0.0109427 0.1264095 0.0472669 0.0108315 0.0519525 0.1258256 0.1350995 0.1162889 0.0497395 0.0572376 0.1174503 0.0347762 0.0000000 0.0136675 0.0392417 0.0355465 0.0444163 0.1099384 0.0351088 0.0502467 0.1203899 0.1169742 0.0271770 0.0121828 0.0562863 0.0094120 0.0434393 0.1185416 0.1131850 0.0493929 0.1273677 0.0644685 0.0095384 0.0531393 0.0390876 0.0039950 0.0372946 0.0360010 0.0715441 0.0474941 0.1193520 0.0513001 0.0797915 0.0452951 0.0565210 0.0486729 0.0517442 0.0646835 0.0716415 0.1089546 0.0534994 0.1296574 0.0667481 0.0729460 0.1102076 0.0372946 0.1117841 0.0634991 0.0528022 0.1278142 0.0516059 0.0547296 0.1086019 0.0053223 0.0460230 0.0536844 0.1119615 0.0699344 0.1069619 0.1199426 0.0137071 0.0958986 0.0433707 0.0423032 0.0039805 0.0136730 0.0475890 0.0569117 0.0413719 0.0539876 0.0474096 0.0477934 0.0423212 0.0681189 0.0067447 0.0709904 0.0528921 0.0338239 0.0137438 0.0360596 0.0299988 0.0412287 0.0524173 0.0411680 0.0387586 0.0401691 0.1203529 0.0335886 0.0386022 0.0518880 0.0495020 
S0405         0.2044551 0.0510843 0.0489925 0.0534717 0.0151820 0.1355325 0.0557853 0.0193474 0.0548455 0.1318642 0.1460544 0.1266272 0.0545405 0.0588122 0.1269283 0.0442395 0.0136675 0.0000000 0.0454425 0.0419160 0.0524416 0.1151803 0.0413891 0.0549101 0.1260441 0.1270476 0.0361754 0.0094364 0.0553967 0.0149565 0.0501680 0.1324231 0.1270055 0.0540683 0.1355347 0.0733617 0.0151586 0.0615829 0.0455866 0.0122365 0.0437262 0.0424599 0.0793479 0.0578189 0.1317542 0.0528390 0.0881383 0.0503757 0.0691248 0.0570948 0.0583969 0.0634563 0.0699171 0.1225378 0.0620406 0.1317010 0.0763645 0.0826223 0.1237787 0.0437262 0.1249484 0.0710575 0.0560197 0.1298635 0.0562578 0.0581881 0.1201404 0.0164509 0.0476278 0.0570368 0.1219776 0.0754230 0.1146357 0.1258984 0.0109188 0.0971597 0.0481196 0.0472655 0.0121903 0.0108918 0.0522950 0.0582604 0.0531057 0.0589982 0.0520883 0.0542967 0.0488776 0.0698862 0.0151507 0.0803072 0.0597968 0.0351646 0.0194588 0.0372346 0.0312071 0.0407951 0.0555355 0.0458242 0.0469179 0.0465810 0.1207059 0.0398481 0.0399320 0.0620475 0.0544281 
S0412sl       0.2200619 0.0499452 0.0703331 0.0643698 0.0422901 0.1337499 0.0673268 0.0457607 0.0632154 0.1368189 0.1427628 0.1240429 0.0708984 0.0721821 0.1220045 0.0624392 0.0392417 0.0454425 0.0000000 0.0621572 0.0582214 0.1116921 0.0568498 0.0547987 0.1320359 0.1215005 0.0388622 0.0406355 0.0608357 0.0439066 0.0675297 0.1231721 0.1415803 0.0357742 0.1344247 0.0666747 0.0445502 0.0753525 0.0621400 0.0375159 0.0642889 0.0549114 0.0889811 0.0696813 0.1279496 0.0618605 0.0930372 0.0669981 0.0835080 0.0706550 0.0719559 0.0690738 0.0838891 0.1440027 0.0668014 0.1339820 0.0835828 0.0883918 0.1470051 0.0642889 0.1325325 0.0877980 0.0692050 0.1354715 0.0514070 0.0820995 0.1312092 0.0391449 0.0487072 0.0784424 0.1051351 0.0786757 0.1130900 0.1289992 0.0444601 0.1063011 0.0605233 0.0670064 0.0373603 0.0459543 0.0513918 0.0867578 0.0555867 0.0763843 0.0708664 0.0457666 0.0640922 0.0838512 0.0378298 0.0850300 0.0778282 0.0534796 0.0475497 0.0422855 0.0371334 0.0469343 0.0683400 0.0612698 0.0589864 0.0588921 0.1405038 0.0554824 0.0587513 0.0693167 0.0640267 
S0419         0.1824138 0.0620516 0.0039956 0.0310840 0.0424314 0.1230106 0.0559311 0.0387359 0.0591001 0.1282028 0.1428279 0.1201264 0.0495519 0.0549508 0.1221042 0.0460757 0.0355465 0.0419160 0.0621572 0.0000000 0.0531481 0.1109843 0.0306215 0.0517716 0.1292449 0.1170054 0.0382079 0.0400052 0.0587047 0.0367978 0.0238133 0.1240778 0.1117276 0.0619989 0.1318613 0.0645300 0.0373262 0.0436944 0.0013206 0.0338715 0.0000027 0.0013297 0.0706431 0.0296237 0.1188701 0.0488829 0.0797940 0.0351597 0.0578434 0.0439681 0.0405902 0.0741310 0.0445011 0.1044425 0.0548545 0.1268991 0.0675908 0.0721862 0.1046477 0.0000027 0.1138079 0.0648357 0.0521218 0.1250311 0.0644733 0.0539503 0.1105224 0.0386068 0.0493624 0.0500344 0.1143412 0.0664815 0.1084739 0.1241817 0.0420653 0.0970294 0.0428091 0.0505927 0.0337337 0.0387551 0.0545852 0.0660034 0.0567171 0.0610657 0.0541487 0.0476634 0.0039856 0.0413174 0.0357320 0.0596791 0.0600068 0.0358855 0.0421953 0.0473695 0.0342941 0.0409050 0.0523687 0.0407461 0.0326895 0.0393163 0.1174852 0.0168136 0.0407682 0.0599461 0.0469964 
S0427         0.2075145 0.0597224 0.0607833 0.0541145 0.0477281 0.1465536 0.0543350 0.0508483 0.0640839 0.1532956 0.1564465 0.1346749 0.0591510 0.0652489 0.1376432 0.0230100 0.0444163 0.0524416 0.0582214 0.0531481 0.0000000 0.1305024 0.0501004 0.0547986 0.1369175 0.1330471 0.0509614 0.0490815 0.0570596 0.0489959 0.0579776 0.1450073 0.1340046 0.0639696 0.1512573 0.0704502 0.0496964 0.0676923 0.0549485 0.0426947 0.0551221 0.0511541 0.0802613 0.0619040 0.1385954 0.0602307 0.0931269 0.0616770 0.0700692 0.0631322 0.0644292 0.0713124 0.0822892 0.1232536 0.0631472 0.1366674 0.0842394 0.0872086 0.1222755 0.0551221 0.1267133 0.0741854 0.0652054 0.1348021 0.0584747 0.0678426 0.1209162 0.0411600 0.0596064 0.0692622 0.1275775 0.0768400 0.1252836 0.1433445 0.0545387 0.1080040 0.0574548 0.0492408 0.0394034 0.0478913 0.0546642 0.0753352 0.0498141 0.0612545 0.0528734 0.0591016 0.0531145 0.0822525 0.0430462 0.0817475 0.0714276 0.0506245 0.0508658 0.0538348 0.0425997 0.0500334 0.0620279 0.0516368 0.0475255 0.0525184 0.1208859 0.0504420 0.0539567 0.0308671 0.0607801 
S0430         0.2050827 0.1326667 0.1208749 0.0909876 0.1185094 0.0093754 0.1234326 0.1234747 0.1008451 0.0285638 0.0408214 0.0150238 0.1156205 0.1223606 0.0194658 0.1190347 0.1099384 0.1151803 0.1116921 0.1109843 0.1305024 0.0000000 0.0973342 0.1254901 0.0687421 0.0179446 0.1169273 0.1064170 0.1255439 0.1121964 0.0923729 0.0128060 0.1912820 0.1196293 0.0218616 0.1321827 0.1139636 0.1137555 0.1132352 0.1128972 0.1136816 0.1095120 0.1232499 0.1072069 0.0528150 0.1109085 0.0590620 0.1057753 0.1179378 0.1066729 0.1047320 0.1546267 0.0981496 0.1934528 0.1296150 0.0560332 0.1010639 0.0991177 0.1869425 0.1136816 0.1831392 0.1124716 0.1191970 0.0641243 0.1095855 0.1224006 0.1820544 0.1150039 0.1020086 0.1206057 0.0074194 0.0611183 0.0000025 0.0220265 0.1178925 0.0409591 0.1002941 0.1086272 0.1123702 0.1134600 0.1180381 0.1381001 0.1204582 0.1223823 0.1195902 0.1031324 0.1128840 0.0982331 0.1140251 0.0916446 0.1244983 0.1155847 0.1103096 0.1063778 0.1059874 0.1080776 0.1098971 0.1081066 0.1115038 0.1090859 0.1987686 0.1054506 0.1173014 0.1544471 0.1064299 
S0552sl       0.1836148 0.0586813 0.0341300 0.0320017 0.0418900 0.1077696 0.0475456 0.0382535 0.0536600 0.1172564 0.1290188 0.1050174 0.0402836 0.0473726 0.1098552 0.0434979 0.0351088 0.0413891 0.0568498 0.0306215 0.0501004 0.0973342 0.0000000 0.0541521 0.1084615 0.1046318 0.0321777 0.0395084 0.0594343 0.0332783 0.0411944 0.1108195 0.1227287 0.0584014 0.1233094 0.0558396 0.0368620 0.0251838 0.0306181 0.0319195 0.0323069 0.0291769 0.0519737 0.0470420 0.1062734 0.0415422 0.0725675 0.0157341 0.0355098 0.0253787 0.0193606 0.0639590 0.0613998 0.1240187 0.0540710 0.1078919 0.0422527 0.0450937 0.1105185 0.0323069 0.1180241 0.0429253 0.0438477 0.1105453 0.0643921 0.0580420 0.1147211 0.0381276 0.0481328 0.0514134 0.1035318 0.0646925 0.0937422 0.1091302 0.0415338 0.0812343 0.0307173 0.0408361 0.0333237 0.0367040 0.0569758 0.0606118 0.0535366 0.0487409 0.0441812 0.0497881 0.0353343 0.0580434 0.0368583 0.0640450 0.0550621 0.0240980 0.0381848 0.0497597 0.0366324 0.0419223 0.0458943 0.0350241 0.0273656 0.0292270 0.1222488 0.0304313 0.0317184 0.0526070 0.0379047 
S0558         0.2159322 0.0499881 0.0593893 0.0577941 0.0550259 0.1453650 0.0602330 0.0535819 0.0595132 0.1474924 0.1607810 0.1355389 0.0644243 0.0617675 0.1356097 0.0595919 0.0502467 0.0549101 0.0547987 0.0517716 0.0547986 0.1254901 0.0541521 0.0000000 0.1339936 0.1342475 0.0384313 0.0482600 0.0487950 0.0549544 0.0583996 0.1471145 0.1282497 0.0587680 0.1526402 0.0583946 0.0557569 0.0648672 0.0517606 0.0484450 0.0537387 0.0449625 0.0835865 0.0553574 0.1339588 0.0553145 0.0939954 0.0606855 0.0743879 0.0710888 0.0615942 0.0745261 0.0784584 0.1145498 0.0651483 0.1464325 0.0878998 0.0905009 0.1224820 0.0537387 0.1244819 0.0823358 0.0586329 0.1471649 0.0659159 0.0670900 0.1185779 0.0501176 0.0623836 0.0641094 0.1230163 0.0715859 0.1222310 0.1452525 0.0573913 0.1147272 0.0574363 0.0548708 0.0482430 0.0518540 0.0588112 0.0742339 0.0593626 0.0638594 0.0583567 0.0563579 0.0570038 0.0748335 0.0488561 0.0847580 0.0706134 0.0508593 0.0587518 0.0514724 0.0382366 0.0353479 0.0620063 0.0551733 0.0510667 0.0561272 0.1387458 0.0473513 0.0560008 0.0704155 0.0610728 
S0616         0.1999576 0.1299904 0.1355228 0.1050320 0.1297486 0.0748213 0.1285506 0.1341397 0.1037167 0.0831958 0.0870636 0.0779233 0.1281135 0.1427813 0.0792340 0.1205462 0.1203899 0.1260441 0.1320359 0.1292449 0.1369175 0.0687421 0.1084615 0.1339936 0.0000000 0.0816747 0.1229369 0.1150442 0.1177904 0.1266544 0.1167101 0.0845717 0.1960176 0.1350849 0.0967834 0.1399682 0.1246072 0.1245822 0.1316230 0.1234537 0.1321691 0.1277800 0.1416774 0.1299815 0.0758226 0.1251930 0.0841015 0.1223270 0.1453299 0.1264047 0.1227232 0.1496239 0.1267802 0.2100746 0.1434768 0.0758919 0.1283850 0.1221926 0.1953579 0.1321691 0.2099216 0.1330289 0.1289953 0.0846157 0.1238939 0.1311432 0.2036694 0.1255839 0.1248485 0.1367302 0.0629970 0.0501903 0.0652976 0.0826555 0.1266959 0.0613232 0.1194966 0.1119777 0.1228812 0.1222096 0.1240847 0.1491734 0.1193362 0.1289187 0.1274954 0.1204320 0.1333319 0.1225684 0.1200060 0.1298026 0.1418060 0.1239705 0.1208024 0.1165088 0.1139768 0.1097696 0.1361420 0.1236664 0.1254457 0.1165538 0.1975624 0.1155091 0.1256706 0.1582281 0.1200269 
S0620         0.2233279 0.1365859 0.1245850 0.0992187 0.1304694 0.0046186 0.1237908 0.1316001 0.1037825 0.0226233 0.0543508 0.0044052 0.1165826 0.1185984 0.0028422 0.1256318 0.1169742 0.1270476 0.1215005 0.1170054 0.1330471 0.0179446 0.1046318 0.1342475 0.0816747 0.0000000 0.1179452 0.1177038 0.1342096 0.1176288 0.0944799 0.0078760 0.1986920 0.1266269 0.0042161 0.1373610 0.1237516 0.1122926 0.1193951 0.1222747 0.1198940 0.1154735 0.1235797 0.1111146 0.0572460 0.0995393 0.0637816 0.1135790 0.1134130 0.1111802 0.1171811 0.1593930 0.1132019 0.2005084 0.1350075 0.0651389 0.1148391 0.1146279 0.2000590 0.1198940 0.1952732 0.1101026 0.1172867 0.0737869 0.1052721 0.1249158 0.1942157 0.1223521 0.1098707 0.1130554 0.0029747 0.0679866 0.0103597 0.0140208 0.1264510 0.0378582 0.0997605 0.1109662 0.1219537 0.1249854 0.1220215 0.1406814 0.1304121 0.1248187 0.1223301 0.1013316 0.1148234 0.1154049 0.1238350 0.1038683 0.1279292 0.1094032 0.1195088 0.1086000 0.1101922 0.1157207 0.1152457 0.1028715 0.1186736 0.1008952 0.1992239 0.1118636 0.1161468 0.1519208 0.0966642 
S0641         0.2102821 0.0424740 0.0436764 0.0417716 0.0331763 0.1305469 0.0483963 0.0302634 0.0478246 0.1298871 0.1459838 0.1205662 0.0512965 0.0539222 0.1184379 0.0482846 0.0271770 0.0361754 0.0388622 0.0382079 0.0509614 0.1169273 0.0321777 0.0384313 0.1229369 0.1179452 0.0000000 0.0362751 0.0493628 0.0316311 0.0476624 0.1246140 0.1238067 0.0507571 0.1357419 0.0540349 0.0336239 0.0350529 0.0382027 0.0270911 0.0400301 0.0366975 0.0680927 0.0482547 0.1165795 0.0511927 0.0848599 0.0371215 0.0495913 0.0451668 0.0388201 0.0600251 0.0708260 0.1175535 0.0610013 0.1270225 0.0594277 0.0620882 0.1181157 0.0400301 0.1156227 0.0620372 0.0545241 0.1276043 0.0480302 0.0615609 0.1123563 0.0301181 0.0466361 0.0535707 0.1105631 0.0628243 0.1132340 0.1290165 0.0382393 0.0946393 0.0433901 0.0469194 0.0270372 0.0380540 0.0423438 0.0652845 0.0369873 0.0553414 0.0520731 0.0451550 0.0432113 0.0672754 0.0288771 0.0737448 0.0597477 0.0353319 0.0364274 0.0314517 0.0238227 0.0333439 0.0524664 0.0427662 0.0339579 0.0381994 0.1257303 0.0326487 0.0402091 0.0562117 0.0492934 
S0643         0.1892682 0.0512183 0.0469693 0.0532885 0.0151360 0.1273042 0.0554672 0.0177923 0.0484309 0.1227360 0.1365421 0.1170461 0.0542358 0.0584774 0.1175913 0.0393141 0.0121828 0.0094364 0.0406355 0.0400052 0.0490815 0.1064170 0.0395084 0.0482600 0.1150442 0.1177038 0.0362751 0.0000000 0.0522128 0.0134676 0.0480869 0.1242795 0.1236523 0.0505843 0.1261315 0.0694611 0.0136481 0.0594298 0.0436099 0.0107732 0.0417837 0.0388301 0.0768152 0.0556682 0.1265654 0.0490863 0.0819353 0.0482828 0.0668050 0.0549770 0.0562781 0.0575685 0.0728229 0.1185547 0.0583400 0.1264538 0.0738928 0.0800980 0.1204946 0.0417837 0.1197271 0.0686561 0.0556979 0.1246213 0.0564026 0.0596058 0.1150120 0.0121584 0.0405289 0.0501139 0.1102677 0.0661218 0.1056451 0.1207511 0.0094627 0.0946191 0.0478528 0.0486435 0.0107332 0.0094399 0.0491202 0.0615596 0.0494567 0.0553121 0.0517930 0.0441824 0.0468590 0.0693191 0.0122426 0.0757266 0.0576060 0.0382453 0.0178937 0.0375066 0.0283137 0.0378059 0.0553321 0.0455752 0.0466557 0.0463228 0.1239158 0.0379857 0.0430569 0.0585102 0.0541167 
S0689         0.2374635 0.0618323 0.0667866 0.0573572 0.0591669 0.1518309 0.0679051 0.0597351 0.0621930 0.1491974 0.1688104 0.1389027 0.0634951 0.0634470 0.1435853 0.0542783 0.0562863 0.0553967 0.0608357 0.0587047 0.0570596 0.1255439 0.0594343 0.0487950 0.1177904 0.1342096 0.0493628 0.0522128 0.0000000 0.0574404 0.0622267 0.1533583 0.1454008 0.0604218 0.1559227 0.0778240 0.0582918 0.0728795 0.0629757 0.0544015 0.0608047 0.0591098 0.0831338 0.0685775 0.1317079 0.0676451 0.0973890 0.0657729 0.0805603 0.0753986 0.0712407 0.0755222 0.0835592 0.1478048 0.0642670 0.1446608 0.0811121 0.0891213 0.1391590 0.0608047 0.1266118 0.0858613 0.0734509 0.1480599 0.0622123 0.0749791 0.1278224 0.0561353 0.0574509 0.0672444 0.1227080 0.0774849 0.1252670 0.1511936 0.0562033 0.1166730 0.0645070 0.0621641 0.0541687 0.0543551 0.0584468 0.0802165 0.0649684 0.0677360 0.0594371 0.0595239 0.0648238 0.0797481 0.0548764 0.0950731 0.0725907 0.0558989 0.0601579 0.0502251 0.0407775 0.0214307 0.0667008 0.0566141 0.0615164 0.0613550 0.1324001 0.0580001 0.0574860 0.0788034 0.0683977 
S0690         0.1948249 0.0543784 0.0388594 0.0533404 0.0151115 0.1249466 0.0537567 0.0121746 0.0516045 0.1305499 0.1427348 0.1212049 0.0492845 0.0534138 0.1201493 0.0392467 0.0094120 0.0149565 0.0439066 0.0367978 0.0489959 0.1121964 0.0332783 0.0549544 0.1266544 0.1176288 0.0316311 0.0134676 0.0574404 0.0000000 0.0446878 0.1196907 0.1276497 0.0524940 0.1322242 0.0641963 0.0108460 0.0527681 0.0403325 0.0066696 0.0385425 0.0372652 0.0766689 0.0522389 0.1283023 0.0492347 0.0799651 0.0432240 0.0632285 0.0499487 0.0496550 0.0555656 0.0726901 0.1232203 0.0582355 0.1276042 0.0737535 0.0799485 0.1244464 0.0385425 0.1222059 0.0685268 0.0539794 0.1257807 0.0563023 0.0578031 0.1189011 0.0121391 0.0438497 0.0566109 0.1168211 0.0677055 0.1115773 0.1185114 0.0149997 0.0997784 0.0414079 0.0469703 0.0079964 0.0135650 0.0523393 0.0598355 0.0493696 0.0569351 0.0503534 0.0457867 0.0435481 0.0691927 0.0108394 0.0759800 0.0558691 0.0335273 0.0136345 0.0374428 0.0312417 0.0424298 0.0535875 0.0423677 0.0401829 0.0430557 0.1258691 0.0348356 0.0398320 0.0567257 0.0457569 
S0720         0.2091451 0.0616918 0.0288707 0.0257128 0.0508250 0.1020817 0.0587395 0.0450324 0.0549110 0.1091802 0.1253544 0.0939008 0.0505088 0.0602044 0.1041651 0.0472392 0.0434393 0.0501680 0.0675297 0.0238133 0.0579776 0.0923729 0.0411944 0.0583996 0.1167101 0.0944799 0.0476624 0.0480869 0.0622267 0.0446878 0.0000000 0.1035804 0.1296841 0.0580908 0.1147483 0.0719042 0.0453537 0.0484345 0.0254130 0.0416414 0.0254841 0.0238834 0.0744898 0.0142206 0.0871743 0.0534989 0.0792948 0.0463233 0.0581546 0.0539692 0.0519218 0.0735859 0.0432449 0.1238154 0.0675613 0.0960050 0.0676674 0.0705809 0.1241358 0.0254841 0.1232523 0.0590674 0.0586660 0.0963779 0.0565801 0.0553640 0.1195405 0.0466483 0.0478485 0.0566353 0.0931548 0.0624576 0.0888521 0.1036255 0.0485490 0.0750284 0.0455443 0.0516674 0.0414640 0.0468385 0.0656204 0.0730146 0.0559039 0.0659554 0.0569171 0.0504958 0.0253581 0.0399397 0.0420193 0.0524873 0.0643541 0.0401567 0.0447071 0.0576161 0.0451523 0.0473542 0.0492774 0.0382677 0.0398388 0.0469810 0.1355374 0.0318067 0.0452272 0.0760223 0.0551761 
S0724sl       0.2349389 0.1476238 0.1324915 0.1177661 0.1314513 0.0015584 0.1353895 0.1347055 0.1158578 0.0197471 0.0433527 0.0031747 0.1340751 0.1423791 0.0046614 0.1353435 0.1185416 0.1324231 0.1231721 0.1240778 0.1450073 0.0128060 0.1108195 0.1471145 0.0845717 0.0078760 0.1246140 0.1242795 0.1533583 0.1196907 0.1035804 0.0000000 0.1899692 0.1395187 0.0078065 0.1428357 0.1287978 0.1189348 0.1267199 0.1244001 0.1273050 0.1218992 0.1233918 0.1181812 0.0645279 0.1193767 0.0700811 0.1151306 0.1208322 0.1206522 0.1220340 0.1698597 0.1155595 0.2056048 0.1427731 0.0653051 0.1162995 0.1165727 0.1953038 0.1273050 0.1826396 0.1166105 0.1283627 0.0721660 0.1080750 0.1339532 0.1810166 0.1267488 0.1160343 0.1365752 0.0000020 0.0638548 0.0063891 0.0031223 0.1317349 0.0410139 0.1154949 0.1205898 0.1240409 0.1301434 0.1332730 0.1550984 0.1353988 0.1394638 0.1337956 0.1095615 0.1239684 0.1179738 0.1248735 0.1027562 0.1401627 0.1219753 0.1240170 0.1219212 0.1263587 0.1288882 0.1299202 0.1231142 0.1301843 0.1159490 0.2053876 0.1198825 0.1269021 0.1684419 0.1140306 
S0735         0.2089440 0.1266038 0.1170245 0.1299202 0.1284366 0.1936501 0.1207198 0.1285860 0.1488584 0.2066572 0.2216694 0.1896472 0.1285845 0.1432444 0.1905241 0.1366858 0.1131850 0.1270055 0.1415803 0.1117276 0.1340046 0.1912820 0.1227287 0.1282497 0.1960176 0.1986920 0.1238067 0.1236523 0.1454008 0.1276497 0.1296841 0.1899692 0.0000000 0.1499302 0.2225732 0.1316885 0.1297808 0.1352502 0.1116645 0.1192623 0.1145247 0.1050609 0.1419349 0.1290597 0.1815127 0.1327948 0.1778840 0.1230096 0.1290198 0.1366591 0.1338070 0.1711587 0.1448267 0.0459582 0.1158300 0.2123600 0.1645973 0.1612046 0.0209350 0.1145247 0.0354535 0.1480116 0.1474664 0.2111420 0.1568945 0.1360337 0.0322228 0.1208007 0.1272963 0.1251220 0.1787992 0.1347345 0.1786706 0.1899792 0.1216145 0.1512439 0.1317612 0.1099780 0.1186728 0.1271899 0.1237760 0.1429222 0.1411757 0.1289239 0.1261688 0.1282049 0.1182602 0.1447586 0.1198707 0.1553218 0.1398165 0.1222717 0.1312040 0.1394551 0.1286113 0.1357883 0.1378540 0.1177462 0.1209990 0.1205843 0.1865540 0.1108863 0.1291918 0.1430943 0.1383296 
S0742         0.2205646 0.0572456 0.0683104 0.0635872 0.0511539 0.1399219 0.0698069 0.0475300 0.0617374 0.1429932 0.1525937 0.1286908 0.0789377 0.0801008 0.1336823 0.0661838 0.0493929 0.0540683 0.0357742 0.0619989 0.0639696 0.1196293 0.0584014 0.0587680 0.1350849 0.1266269 0.0507571 0.0505843 0.0604218 0.0524940 0.0580908 0.1395187 0.1499302 0.0000000 0.1449518 0.0783493 0.0549826 0.0715048 0.0619818 0.0474694 0.0641257 0.0564211 0.0979546 0.0698383 0.1313111 0.0770143 0.1003070 0.0611935 0.0881727 0.0739317 0.0699815 0.0763681 0.0850819 0.1441164 0.0686774 0.1280276 0.0929697 0.0977687 0.1526154 0.0641257 0.1457229 0.0926661 0.0734728 0.1310984 0.0618162 0.0817014 0.1417750 0.0492642 0.0437743 0.0833440 0.1143091 0.0911211 0.1188254 0.1472197 0.0492735 0.1115513 0.0658415 0.0661108 0.0473656 0.0473615 0.0607367 0.0884443 0.0701923 0.0756389 0.0633531 0.0479932 0.0675255 0.0813507 0.0479772 0.0945233 0.0763427 0.0645131 0.0560928 0.0595320 0.0470764 0.0473038 0.0760673 0.0690787 0.0590002 0.0703481 0.1304470 0.0587765 0.0662469 0.0732880 0.0775686 
S0748         0.2406064 0.1574296 0.1426517 0.1220463 0.1393190 0.0061146 0.1452257 0.1443337 0.1233387 0.0299923 0.0627363 0.0057328 0.1346600 0.1442918 0.0070546 0.1435966 0.1273677 0.1355347 0.1344247 0.1318613 0.1512573 0.0218616 0.1233094 0.1526402 0.0967834 0.0042161 0.1357419 0.1261315 0.1559227 0.1322242 0.1147483 0.0078065 0.2225732 0.1449518 0.0000000 0.1515373 0.1343595 0.1354149 0.1342881 0.1330729 0.1348564 0.1303789 0.1473838 0.1329220 0.0757566 0.1187381 0.0741157 0.1305699 0.1334930 0.1277610 0.1360634 0.1911490 0.1281751 0.2218658 0.1482490 0.0881261 0.1334125 0.1350852 0.2248058 0.1348564 0.2188870 0.1368172 0.1338757 0.0977086 0.1233059 0.1396532 0.2180156 0.1328574 0.1304463 0.1351747 0.0073846 0.0832174 0.0130315 0.0169315 0.1348996 0.0533238 0.1225247 0.1294266 0.1324324 0.1337823 0.1430480 0.1633511 0.1459850 0.1486586 0.1411987 0.1201453 0.1317555 0.1304007 0.1344640 0.1193280 0.1470929 0.1299128 0.1302463 0.1260947 0.1280225 0.1359522 0.1374270 0.1265605 0.1366999 0.1200002 0.2210867 0.1242725 0.1366335 0.1722990 0.1142263 
S0753         0.2092248 0.0625786 0.0686431 0.0670577 0.0704814 0.1385602 0.0754798 0.0679702 0.0648485 0.1597836 0.1576709 0.1382428 0.0704414 0.0731183 0.1405081 0.0744986 0.0644685 0.0733617 0.0666747 0.0645300 0.0704502 0.1321827 0.0558396 0.0583946 0.1399682 0.1373610 0.0540349 0.0694611 0.0778240 0.0641963 0.0719042 0.1428357 0.1316885 0.0783493 0.1515373 0.0000000 0.0665330 0.0683502 0.0645119 0.0608100 0.0666505 0.0592718 0.0827326 0.0663836 0.1420811 0.0588480 0.1029978 0.0641254 0.0862822 0.0689134 0.0668035 0.0873863 0.0904676 0.1373427 0.0445839 0.1277266 0.0810508 0.0799645 0.1308840 0.0666505 0.1241275 0.0888914 0.0639615 0.1283171 0.0822616 0.0848726 0.1176542 0.0677254 0.0737698 0.0694136 0.1322206 0.0818356 0.1280751 0.1464755 0.0756245 0.1203093 0.0635372 0.0698955 0.0622549 0.0700887 0.0767554 0.0901650 0.0742241 0.0757161 0.0738510 0.0687285 0.0700079 0.0867101 0.0648131 0.0848503 0.0884922 0.0545003 0.0716592 0.0680773 0.0608237 0.0673722 0.0738128 0.0609055 0.0536897 0.0594230 0.1031491 0.0572047 0.0577462 0.0832217 0.0592211 
S0756         0.1981772 0.0551647 0.0442885 0.0495968 0.0153179 0.1342182 0.0519995 0.0151578 0.0534438 0.1326089 0.1450925 0.1232423 0.0516366 0.0592279 0.1242537 0.0398004 0.0095384 0.0151586 0.0445502 0.0373262 0.0496964 0.1139636 0.0368620 0.0557569 0.1246072 0.1237516 0.0336239 0.0136481 0.0582918 0.0108460 0.0453537 0.1287978 0.1297808 0.0549826 0.1343595 0.0665330 0.0000000 0.0568457 0.0409189 0.0081333 0.0390993 0.0378076 0.0778625 0.0494112 0.1283115 0.0532071 0.0830259 0.0454378 0.0641770 0.0523460 0.0536714 0.0622258 0.0708033 0.1252712 0.0554477 0.1282185 0.0748905 0.0811689 0.1265074 0.0390993 0.1242234 0.0695813 0.0547787 0.1263678 0.0571212 0.0542011 0.1208501 0.0123023 0.0480028 0.0574400 0.1187855 0.0704791 0.1133837 0.1272317 0.0152030 0.1018965 0.0452165 0.0452612 0.0081030 0.0151648 0.0531130 0.0580546 0.0500813 0.0551586 0.0486204 0.0496620 0.0441824 0.0673286 0.0109856 0.0735284 0.0540819 0.0355763 0.0152444 0.0410768 0.0316760 0.0430313 0.0543751 0.0429673 0.0439934 0.0436753 0.1230160 0.0353294 0.0404026 0.0592630 0.0514478 
