124
PAFTOL_019361 0.0000000 0.1731330 0.2165250 0.1951553 0.2230470 0.1827280 0.2147476 0.2231551 0.1988785 0.1648999 0.1786150 0.2075177 0.2147476 0.2323662 0.1961763 0.1831411 0.2080412 0.2363384 0.2434025 0.1738497 0.2018844 0.2017977 0.2445857 0.1800516 0.2003880 0.1939019 0.2226976 0.2195773 0.2229587 0.1848104 0.2021797 0.1585904 0.1792814 0.2136175 0.1961173 0.2115327 0.0937058 0.1932031 0.2235772 0.1742610 0.2270158 0.2229394 0.1902221 0.2066996 0.1738497 0.2091534 0.2005902 0.2357180 0.2038181 0.1883828 0.2226463 0.2029777 0.1906522 0.1978820 0.1815619 0.2343715 0.2149114 0.2333048 0.2135761 0.2145076 0.1081568 0.2195784 0.1677410 0.2244023 0.2334917 0.1996616 0.2384319 0.1733849 0.2148308 0.1824296 0.2415800 0.2081891 0.2391700 0.2242809 0.2053980 0.1733849 0.1834888 0.1870034 0.2133774 0.1927678 0.2029777 0.2120328 0.2261084 0.1949200 0.2506034 0.2192955 0.2168723 0.1713238 0.2383939 0.1853090 0.2111165 0.1706475 0.1729307 0.1715295 0.2260620 0.2163005 0.1875080 0.2124534 0.2103568 0.1841378 0.1963837 0.2068455 0.2517216 0.1912800 0.1651638 0.1988790 0.1809482 0.2000415 0.1866014 0.2680601 0.1913800 0.2178875 0.1902221 0.2099701 0.1749090 0.2088947 0.2474325 0.1994770 0.1893139 0.1972383 0.2008981 0.1850703 0.2170444 0.2093848 
S0055         0.1731330 0.0000000 0.0421646 0.0336099 0.0571280 0.0443558 0.0498118 0.0499530 0.0341482 0.0444772 0.0466434 0.0499980 0.0498118 0.0609955 0.0337992 0.0239957 0.0395239 0.0671145 0.0654260 0.0388867 0.0502888 0.0445001 0.0849364 0.0245007 0.0344157 0.0614896 0.0551951 0.0413101 0.0569985 0.0779612 0.0450645 0.0596941 0.0358816 0.0444211 0.0509209 0.0507822 0.0937058 0.0394880 0.0552542 0.0782855 0.0729169 0.0552445 0.0496249 0.0393815 0.0388867 0.0397494 0.0344409 0.0801686 0.0399394 0.0352311 0.0551786 0.0453031 0.0341088 0.0340144 0.0254820 0.0614662 0.0514657 0.0518586 0.0512057 0.0636235 0.1081568 0.0454663 0.0902970 0.0790871 0.0614099 0.0407755 0.0719056 0.0779431 0.0363874 0.0844449 0.0574234 0.0395474 0.0586676 0.0611195 0.0496103 0.0779431 0.0552462 0.0447272 0.0550207 0.0395542 0.0453031 0.0427817 0.0559218 0.0347213 0.0669929 0.0544628 0.0501931 0.0412846 0.0660522 0.0343965 0.0358481 0.0449825 0.0386691 0.0092105 0.0635764 0.0667028 0.0386583 0.0316527 0.0452326 0.0466844 0.0441166 0.0394048 0.0672865 0.0291088 0.0335146 0.0341986 0.0388968 0.0395239 0.0714679 0.0785545 0.0393871 0.0505162 0.0391354 0.0559944 0.0397917 0.0668108 0.0740808 0.0453609 0.0389383 0.0744833 0.0344695 0.0395944 0.0669624 0.0397190 
S0196sl       0.2165250 0.0421646 0.0000000 0.0304742 0.0365080 0.0360341 0.0529063 0.0360450 0.0200955 0.0307690 0.0382517 0.0360788 0.0529063 0.0532183 0.0252098 0.0200147 0.0254002 0.0640366 0.0535879 0.0252024 0.0365616 0.0307485 0.0717156 0.0153585 0.0048559 0.0479473 0.0586477 0.0304652 0.0549485 0.0644083 0.0309687 0.0523319 0.0252024 0.0361173 0.0367703 0.0364317 0.0000010 0.0250819 0.0649202 0.0968257 0.0592526 0.0529063 0.0360564 0.0097270 0.0252024 0.0048313 0.0048594 0.0600576 0.0253760 0.0208749 0.0472358 0.0311413 0.0201852 0.0200147 0.0150328 0.0536516 0.0491016 0.0495003 0.0488389 0.0619285 0.0000010 0.0253483 0.1102402 0.0602014 0.0474327 0.0261253 0.0585178 0.0963648 0.0048313 0.1037435 0.0553841 0.0254157 0.0471875 0.0475785 0.0357934 0.0963648 0.0417363 0.0309158 0.0357926 0.0201664 0.0311413 0.0315337 0.0594665 0.0256284 0.0531894 0.0653147 0.0533369 0.0304467 0.0585180 0.0364977 0.0251790 0.0362514 0.0304652 0.0308975 0.0548391 0.0473937 0.0357934 0.0257934 0.0310891 0.0380448 0.0304742 0.0097328 0.0199681 0.0097270 0.0253285 0.0146971 0.0252251 0.0309855 0.0583771 0.0415767 0.0308774 0.0309847 0.0306676 0.0420077 0.0312046 0.0590061 0.0601516 0.0369109 0.0304750 0.0604254 0.0250629 0.0310435 0.0535707 0.0255800 
S0278         0.1951553 0.0336099 0.0304742 0.0000000 0.0450834 0.0383185 0.0384810 0.0187383 0.0235605 0.0334096 0.0354493 0.0285448 0.0384810 0.0386866 0.0045345 0.0235156 0.0286232 0.0547890 0.0413659 0.0281798 0.0388392 0.0139188 0.0553776 0.0141950 0.0237425 0.0389919 0.0436043 0.0298746 0.0505333 0.0543706 0.0140814 0.0431698 0.0247161 0.0138952 0.0393080 0.0289678 0.0937058 0.0237933 0.0387251 0.0660229 0.0444603 0.0436419 0.0383405 0.0285289 0.0281798 0.0287850 0.0237585 0.0669749 0.0240583 0.0242835 0.0334196 0.0340087 0.0235353 0.0234716 0.0147430 0.0389769 0.0451782 0.0455175 0.0449554 0.0568471 0.1081568 0.0341313 0.0774960 0.0589627 0.0389367 0.0244266 0.0488739 0.0657425 0.0250544 0.0718823 0.0509040 0.0286397 0.0354302 0.0387585 0.0383299 0.0657425 0.0436476 0.0335956 0.0434691 0.0286438 0.0340087 0.0309018 0.0441623 0.0239430 0.0440993 0.0491082 0.0438841 0.0298568 0.0435156 0.0336927 0.0246936 0.0337798 0.0233162 0.0234954 0.0507261 0.0439219 0.0233101 0.0309683 0.0339560 0.0145575 0.0331489 0.0285452 0.0339454 0.0187477 0.0234312 0.0235965 0.0281875 0.0286232 0.0485774 0.0441565 0.0285328 0.0390031 0.0283526 0.0338836 0.0288104 0.0494978 0.0612316 0.0340451 0.0234716 0.0505467 0.0337630 0.0286728 0.0440953 0.0287591 
S0281         0.2230470 0.0571280 0.0365080 0.0450834 0.0000000 0.0562321 0.0677542 0.0566514 0.0402158 0.0509364 0.0592587 0.0567036 0.0677542 0.0681459 0.0397916 0.0401312 0.0458334 0.0788327 0.0593552 0.0450701 0.0570384 0.0509624 0.0999339 0.0247351 0.0292052 0.0558143 0.0735101 0.0420637 0.0703152 0.0857991 0.0516306 0.0726924 0.0423192 0.0508697 0.0577788 0.0576211 0.0937058 0.0395997 0.0798941 0.1119405 0.0678973 0.0735786 0.0562665 0.0341190 0.0450701 0.0344344 0.0292265 0.0818540 0.0400535 0.0415281 0.0620599 0.0519098 0.0401671 0.0400535 0.0315559 0.0686847 0.0644619 0.0519210 0.0641227 0.0775369 0.1081568 0.0400114 0.1253628 0.0806629 0.0686234 0.0412158 0.0733527 0.1114171 0.0308623 0.1188954 0.0638455 0.0458613 0.0661075 0.0682914 0.0562493 0.1114171 0.0621343 0.0512268 0.0618771 0.0458701 0.0519098 0.0497301 0.0745106 0.0409101 0.0619096 0.0863287 0.0682987 0.0479368 0.0733520 0.0449226 0.0422787 0.0515283 0.0504331 0.0456941 0.0767346 0.0680440 0.0504181 0.0433620 0.0462498 0.0471622 0.0505088 0.0341390 0.0680276 0.0240159 0.0452940 0.0290227 0.0450834 0.0458334 0.0789665 0.0864723 0.0456659 0.0573084 0.0453695 0.0630082 0.0461535 0.0805681 0.0819364 0.0519831 0.0508031 0.0684821 0.0395706 0.0351792 0.0612106 0.0460671 
S0282         0.1827280 0.0443558 0.0360341 0.0383185 0.0562321 0.0000000 0.0544108 0.0491952 0.0336358 0.0139900 0.0300980 0.0492388 0.0544108 0.0600612 0.0332982 0.0335696 0.0389254 0.0665069 0.0585575 0.0091796 0.0240228 0.0438295 0.0899513 0.0241301 0.0338958 0.0605414 0.0597890 0.0353175 0.0551877 0.0767557 0.0443764 0.0332883 0.0097225 0.0437530 0.0395283 0.0499989 0.0000010 0.0393215 0.0656639 0.0818423 0.0778894 0.0598420 0.0187326 0.0387886 0.0091796 0.0391447 0.0339200 0.0734975 0.0397689 0.0346869 0.0543417 0.0341961 0.0335984 0.0335068 0.0148278 0.0605186 0.0498404 0.0502100 0.0495963 0.0615596 0.2512255 0.0447665 0.0936564 0.0773280 0.0604632 0.0401410 0.0708022 0.0814919 0.0304674 0.0879087 0.0555874 0.0389482 0.0520916 0.0601819 0.0488632 0.0814919 0.0237006 0.0337772 0.0541876 0.0389548 0.0341961 0.0257069 0.0605679 0.0341922 0.0659571 0.0605135 0.0548246 0.0146821 0.0650445 0.0441877 0.0300243 0.0189988 0.0138649 0.0388173 0.0511108 0.0656762 0.0433821 0.0311835 0.0393339 0.0459478 0.0333265 0.0388112 0.0662418 0.0286728 0.0092220 0.0336856 0.0383185 0.0389254 0.0385382 0.0773308 0.0286847 0.0497406 0.0285034 0.0551314 0.0391854 0.0717390 0.0615951 0.0446633 0.0436975 0.0619234 0.0442771 0.0389939 0.0659285 0.0391148 
S0288         0.2147476 0.0498118 0.0529063 0.0384810 0.0677542 0.0544108 0.0000000 0.0494080 0.0440703 0.0545606 0.0569761 0.0494520 0.0000010 0.0091981 0.0334389 0.0439795 0.0495895 0.0139926 0.0476772 0.0487848 0.0605630 0.0440178 0.0732025 0.0290301 0.0444104 0.0397526 0.0045430 0.0518351 0.0676099 0.0606706 0.0335712 0.0758082 0.0463120 0.0439407 0.0555995 0.0451170 0.0937058 0.0551932 0.0092021 0.0780613 0.0728846 0.0045467 0.0597665 0.0494046 0.0487848 0.0498674 0.0444427 0.0911758 0.0558279 0.0394355 0.0138205 0.0499669 0.0382054 0.0336587 0.0358169 0.0092656 0.0619892 0.0624576 0.0616752 0.0744990 0.1081568 0.0557697 0.0900188 0.0777508 0.0335908 0.0399025 0.0657882 0.0777223 0.0469632 0.0841931 0.0681086 0.0496190 0.0299249 0.0553103 0.0597485 0.0777223 0.0655184 0.0548611 0.0544214 0.0496286 0.0499669 0.0477520 0.0045990 0.0388771 0.0662467 0.0139807 0.0045693 0.0518030 0.0233270 0.0498560 0.0462690 0.0551758 0.0540349 0.0494409 0.0683921 0.0607817 0.0540191 0.0423711 0.0554910 0.0461544 0.0541137 0.0494337 0.0665348 0.0389542 0.0490205 0.0441302 0.0487988 0.0495895 0.0706827 0.0776739 0.0494114 0.0544164 0.0491015 0.0441348 0.0499274 0.0764007 0.0672836 0.0556540 0.0438972 0.0622015 0.0551527 0.0496779 0.0501283 0.0392956 
S0289         0.2231551 0.0499530 0.0360450 0.0187383 0.0566514 0.0491952 0.0494080 0.0000000 0.0235233 0.0441158 0.0407439 0.0236010 0.0494080 0.0496795 0.0139560 0.0337999 0.0391989 0.0665673 0.0471899 0.0385720 0.0498768 0.0238116 0.0662891 0.0242960 0.0341315 0.0500778 0.0547491 0.0353279 0.0565236 0.0542832 0.0140590 0.0649556 0.0300607 0.0237705 0.0392442 0.0289211 0.2512255 0.0446254 0.0605529 0.0900717 0.0550454 0.0547977 0.0382798 0.0390589 0.0385720 0.0394210 0.0341562 0.0610432 0.0451362 0.0349339 0.0441291 0.0339538 0.0338291 0.0234346 0.0199229 0.0500586 0.0510352 0.0514222 0.0507794 0.0630880 0.0000010 0.0450889 0.1024511 0.0652601 0.0500096 0.0297795 0.0546354 0.0896730 0.0304764 0.0964444 0.0569421 0.0392220 0.0410509 0.0445121 0.0382692 0.0896730 0.0485002 0.0443612 0.0434001 0.0392287 0.0339538 0.0365588 0.0554637 0.0344322 0.0440283 0.0553973 0.0551127 0.0353065 0.0546357 0.0445021 0.0300331 0.0333281 0.0436969 0.0390880 0.0506421 0.0498257 0.0436845 0.0366376 0.0339012 0.0145336 0.0437602 0.0390817 0.0396050 0.0288689 0.0387562 0.0339176 0.0335496 0.0289668 0.0598871 0.0500980 0.0390643 0.0389402 0.0388174 0.0338291 0.0394625 0.0722796 0.0611308 0.0449846 0.0332745 0.0623719 0.0445926 0.0392683 0.0446452 0.0287130 
S0292         0.1988785 0.0341482 0.0200955 0.0235605 0.0402158 0.0336358 0.0440703 0.0235233 0.0000000 0.0287264 0.0300189 0.0235437 0.0440703 0.0443107 0.0187181 0.0188677 0.0239259 0.0608819 0.0415522 0.0235541 0.0340962 0.0287419 0.0606349 0.0094893 0.0190513 0.0446649 0.0493260 0.0197024 0.0399325 0.0489110 0.0188564 0.0488111 0.0146690 0.0286922 0.0239582 0.0238891 0.2512255 0.0290537 0.0550027 0.0839868 0.0495899 0.0493694 0.0336552 0.0238477 0.0235541 0.0240628 0.0190646 0.0502141 0.0293817 0.0194858 0.0388771 0.0189543 0.0188836 0.0091617 0.0048606 0.0446477 0.0347078 0.0406062 0.0345386 0.0459373 0.0000010 0.0293510 0.0961473 0.0534456 0.0446023 0.0246654 0.0547383 0.0836179 0.0148693 0.0902346 0.0459841 0.0239397 0.0355865 0.0443950 0.0233749 0.0836179 0.0389293 0.0288879 0.0282744 0.0239429 0.0189543 0.0203734 0.0499667 0.0192116 0.0387894 0.0607739 0.0444013 0.0196908 0.0492243 0.0289704 0.0048122 0.0238808 0.0284615 0.0238656 0.0398848 0.0496931 0.0186975 0.0100508 0.0093252 0.0299569 0.0285021 0.0238614 0.0448145 0.0141019 0.0236643 0.0189344 0.0187321 0.0239259 0.0544041 0.0554241 0.0238510 0.0237746 0.0236983 0.0287419 0.0240825 0.0554386 0.0390054 0.0292729 0.0185825 0.0566458 0.0290325 0.0239675 0.0498896 0.0140261 
S0293         0.1648999 0.0444772 0.0307690 0.0334096 0.0509364 0.0139900 0.0545606 0.0441158 0.0287264 0.0000000 0.0304132 0.0441550 0.0545606 0.0548613 0.0284394 0.0286693 0.0339360 0.0666970 0.0530352 0.0045730 0.0191487 0.0331729 0.0843629 0.0192323 0.0289489 0.0553001 0.0599550 0.0301579 0.0565297 0.0713878 0.0393015 0.0284308 0.0048424 0.0387527 0.0344603 0.0448334 0.0000010 0.0342839 0.0658491 0.0838538 0.0724355 0.0600083 0.0139979 0.0338185 0.0045730 0.0341285 0.0289698 0.0556543 0.0346738 0.0296213 0.0492265 0.0292032 0.0286938 0.0286152 0.0098469 0.0552790 0.0510459 0.0514326 0.0507902 0.0630874 0.2512255 0.0396496 0.0959918 0.0715306 0.0552271 0.0349942 0.0655186 0.0834870 0.0252929 0.0900895 0.0569479 0.0339558 0.0467067 0.0549699 0.0438204 0.0834870 0.0188920 0.0288485 0.0490869 0.0339612 0.0292032 0.0204848 0.0607374 0.0291997 0.0606645 0.0606827 0.0549767 0.0097503 0.0598309 0.0391356 0.0249253 0.0141965 0.0092096 0.0338438 0.0568715 0.0604093 0.0384258 0.0312729 0.0394462 0.0349986 0.0284634 0.0338382 0.0609280 0.0238082 0.0045938 0.0287694 0.0334096 0.0339360 0.0335995 0.0719207 0.0238181 0.0446040 0.0236656 0.0499379 0.0341616 0.0663768 0.0562605 0.0395535 0.0387032 0.0447795 0.0392165 0.0339956 0.0606430 0.0341001 
S0294         0.1786150 0.0466434 0.0382517 0.0354493 0.0592587 0.0300980 0.0569761 0.0407439 0.0300189 0.0304132 0.0000000 0.0353898 0.0569761 0.0629332 0.0354493 0.0411448 0.0470142 0.0687844 0.0553558 0.0249128 0.0358540 0.0467337 0.0823794 0.0253390 0.0415705 0.0579345 0.0626285 0.0318494 0.0589704 0.0689273 0.0298735 0.0462245 0.0209003 0.0354493 0.0415139 0.0469327 0.1075455 0.0413455 0.0630682 0.0820044 0.0700006 0.0626867 0.0356409 0.0468301 0.0249128 0.0472932 0.0416032 0.0644780 0.0418397 0.0309284 0.0569064 0.0358944 0.0299202 0.0298984 0.0209921 0.0634333 0.0532331 0.0472559 0.0529551 0.0658783 0.0920291 0.0534775 0.0946621 0.0824411 0.0577097 0.0367307 0.0638742 0.0816290 0.0323160 0.0885013 0.0594240 0.0470436 0.0427964 0.0701345 0.0458230 0.0816290 0.0412557 0.0413773 0.0513474 0.0470529 0.0358944 0.0330082 0.0634818 0.0304701 0.0635421 0.0569236 0.0574308 0.0263115 0.0681518 0.0411354 0.0318185 0.0305688 0.0249128 0.0407883 0.0532264 0.0761205 0.0461967 0.0331172 0.0412741 0.0488873 0.0407876 0.0468593 0.0645346 0.0358655 0.0249128 0.0412943 0.0408180 0.0470142 0.0577146 0.0767284 0.0351027 0.0351677 0.0354061 0.0405044 0.0417596 0.0636012 0.0648010 0.0533567 0.0351473 0.0593052 0.0528532 0.0471025 0.0694530 0.0356613 
S0299         0.2075177 0.0499980 0.0360788 0.0285448 0.0567036 0.0492388 0.0494520 0.0236010 0.0235437 0.0441550 0.0353898 0.0000000 0.0494520 0.0497240 0.0236211 0.0338298 0.0392339 0.0666279 0.0472346 0.0386059 0.0499216 0.0338590 0.0663491 0.0193261 0.0341620 0.0501230 0.0547979 0.0353604 0.0556420 0.0543313 0.0237982 0.0650132 0.0300883 0.0337999 0.0392793 0.0289467 0.2512255 0.0446655 0.0606064 0.0901543 0.0550948 0.0548466 0.0492678 0.0390936 0.0386059 0.0394564 0.0341867 0.0600991 0.0451771 0.0349657 0.0441683 0.0339840 0.0338590 0.0234549 0.0199412 0.0501038 0.0502469 0.0506223 0.0499989 0.0620789 0.0000010 0.0451298 0.1025456 0.0653231 0.0500546 0.0344524 0.0645155 0.0897549 0.0305048 0.0965333 0.0560480 0.0392570 0.0410891 0.0392694 0.0383026 0.0897549 0.0548485 0.0444008 0.0434380 0.0392637 0.0339840 0.0365936 0.0555139 0.0344631 0.0440674 0.0609960 0.0551623 0.0353390 0.0546843 0.0445420 0.0300607 0.0391469 0.0437353 0.0391228 0.0506883 0.0552103 0.0437229 0.0366726 0.0339313 0.0354844 0.0437988 0.0391165 0.0502961 0.0288945 0.0387904 0.0339477 0.0335790 0.0341112 0.0599405 0.0610747 0.0390990 0.0389747 0.0388516 0.0238325 0.0394980 0.0723455 0.0611863 0.0450254 0.0333034 0.0624296 0.0446327 0.0393034 0.0500685 0.0287383 
S0303         0.2147476 0.0498118 0.0529063 0.0384810 0.0677542 0.0544108 0.0000010 0.0494080 0.0440703 0.0545606 0.0569761 0.0494520 0.0000000 0.0091981 0.0334389 0.0439795 0.0495895 0.0139926 0.0476772 0.0487848 0.0605630 0.0440178 0.0732025 0.0290301 0.0444104 0.0397526 0.0045430 0.0518351 0.0676099 0.0606706 0.0335712 0.0758082 0.0463120 0.0439407 0.0555995 0.0451170 0.0937058 0.0551932 0.0092021 0.0780613 0.0728846 0.0045467 0.0597665 0.0494046 0.0487848 0.0498674 0.0444427 0.0911758 0.0558279 0.0394355 0.0138205 0.0499669 0.0382054 0.0336587 0.0358169 0.0092656 0.0619892 0.0624576 0.0616752 0.0744990 0.1081568 0.0557697 0.0900188 0.0777508 0.0335908 0.0399025 0.0657882 0.0777223 0.0469632 0.0841931 0.0681086 0.0496190 0.0299249 0.0553103 0.0597485 0.0777223 0.0655184 0.0548611 0.0544214 0.0496286 0.0499669 0.0477520 0.0045990 0.0388771 0.0662467 0.0139807 0.0045693 0.0518030 0.0233270 0.0498560 0.0462690 0.0551758 0.0540349 0.0494409 0.0683921 0.0607817 0.0540191 0.0423711 0.0554910 0.0461544 0.0541137 0.0494337 0.0665348 0.0389542 0.0490205 0.0441302 0.0487988 0.0495895 0.0706827 0.0776739 0.0494114 0.0544164 0.0491015 0.0441348 0.0499274 0.0764007 0.0672836 0.0556540 0.0438972 0.0622015 0.0551527 0.0496779 0.0501283 0.0392956 
S0308         0.2323662 0.0609955 0.0532183 0.0386866 0.0681459 0.0600612 0.0091981 0.0496795 0.0443107 0.0548613 0.0629332 0.0497240 0.0091981 0.0000000 0.0336162 0.0442185 0.0498639 0.0237882 0.0479575 0.0490493 0.0609023 0.0442572 0.0736270 0.0290472 0.0446543 0.0399723 0.0138965 0.0521339 0.0740501 0.0610120 0.0337512 0.0762326 0.0465771 0.0441792 0.0559125 0.0453687 0.0937058 0.0555016 0.0187692 0.0846587 0.0733058 0.0139080 0.0600970 0.0496758 0.0490493 0.0501445 0.0446874 0.0917171 0.0561429 0.0396519 0.0138923 0.0502452 0.0384079 0.0338385 0.0360211 0.0093137 0.0682991 0.0688191 0.0679479 0.0811973 0.1081568 0.0560841 0.0969141 0.0782296 0.0287452 0.0401240 0.0661572 0.0842842 0.0472358 0.0909567 0.0746004 0.0498937 0.0300912 0.0501583 0.0600789 0.0842842 0.0658847 0.0551650 0.0493985 0.0499034 0.0502452 0.0480335 0.0140698 0.0390874 0.0666226 0.0237633 0.0139793 0.0521014 0.0234483 0.0501330 0.0465337 0.0554832 0.0543297 0.0497125 0.0687915 0.0555810 0.0543137 0.0541230 0.0503682 0.0409578 0.0544094 0.0497053 0.0669129 0.0391659 0.0492880 0.0443708 0.0490634 0.0498639 0.0710785 0.0667279 0.0391826 0.0547155 0.0493695 0.0443754 0.0502052 0.0656451 0.0676704 0.0559675 0.0441353 0.0625594 0.0554607 0.0499532 0.0504079 0.0342941 
S0320         0.1961763 0.0337992 0.0252098 0.0045345 0.0397916 0.0332982 0.0334389 0.0139560 0.0187181 0.0284394 0.0354493 0.0236211 0.0334389 0.0336162 0.0000000 0.0186822 0.0236869 0.0494588 0.0359298 0.0233232 0.0337482 0.0092153 0.0608589 0.0093971 0.0188630 0.0338814 0.0384925 0.0247161 0.0451585 0.0490849 0.0093218 0.0483092 0.0196304 0.0091998 0.0341529 0.0239696 0.0937058 0.0287600 0.0438841 0.0716194 0.0497680 0.0385256 0.0333172 0.0236101 0.0233232 0.0238213 0.0188756 0.0613835 0.0290816 0.0192884 0.0284480 0.0289463 0.0186978 0.0186471 0.0097571 0.0338683 0.0398742 0.0401739 0.0396790 0.0513095 0.1081568 0.0290515 0.0832663 0.0531996 0.0338320 0.0194026 0.0436854 0.0713130 0.0198979 0.0775792 0.0454900 0.0237004 0.0301478 0.0336777 0.0333082 0.0713130 0.0385323 0.0285976 0.0383734 0.0237036 0.0289463 0.0255603 0.0389825 0.0190201 0.0389239 0.0493823 0.0387367 0.0247015 0.0384145 0.0286783 0.0196126 0.0287537 0.0281798 0.0236278 0.0453248 0.0387702 0.0281723 0.0256155 0.0289013 0.0096348 0.0282196 0.0236236 0.0288918 0.0139643 0.0234312 0.0187477 0.0233295 0.0236869 0.0434194 0.0389747 0.0236134 0.0338886 0.0234645 0.0288391 0.0238405 0.0548480 0.0557348 0.0289748 0.0283696 0.0451715 0.0287393 0.0237277 0.0389235 0.0237982 
S0327         0.1831411 0.0239957 0.0200147 0.0235156 0.0401312 0.0335696 0.0439795 0.0337999 0.0188677 0.0286693 0.0411448 0.0338298 0.0439795 0.0442185 0.0186822 0.0000000 0.0139069 0.0607469 0.0413791 0.0235092 0.0340274 0.0237065 0.0726948 0.0094723 0.0190149 0.0445710 0.0492226 0.0196248 0.0455477 0.0602747 0.0290329 0.0487100 0.0146125 0.0286351 0.0344387 0.0289767 0.2602879 0.0289963 0.0548845 0.0722713 0.0611402 0.0439743 0.0335889 0.0238011 0.0235092 0.0240156 0.0190279 0.0619243 0.0293230 0.0144615 0.0387985 0.0291856 0.0140185 0.0187959 0.0048416 0.0445538 0.0402153 0.0405200 0.0400167 0.0517620 0.3251294 0.0292924 0.0840381 0.0589814 0.0445089 0.0246161 0.0546214 0.0719600 0.0148108 0.0782935 0.0458847 0.0139147 0.0354414 0.0390519 0.0335797 0.0719600 0.0388505 0.0238279 0.0335742 0.0238961 0.0291856 0.0202903 0.0498597 0.0141607 0.0497921 0.0606394 0.0443082 0.0196132 0.0491213 0.0189994 0.0145993 0.0289897 0.0284063 0.0140898 0.0512368 0.0442577 0.0283987 0.0203343 0.0291397 0.0300443 0.0235116 0.0238147 0.0446307 0.0140754 0.0236189 0.0188980 0.0235156 0.0238791 0.0542886 0.0551937 0.0238044 0.0290427 0.0236520 0.0393479 0.0240352 0.0438887 0.0562205 0.0292146 0.0285983 0.0565201 0.0289752 0.0239205 0.0497830 0.0239922 
S0335         0.2080412 0.0395239 0.0254002 0.0286232 0.0458334 0.0389254 0.0495895 0.0391989 0.0239259 0.0339360 0.0470142 0.0392339 0.0495895 0.0498639 0.0236869 0.0139069 0.0000000 0.0668167 0.0472805 0.0286152 0.0394635 0.0288609 0.0791011 0.0144151 0.0241135 0.0502652 0.0549513 0.0248991 0.0513831 0.0662863 0.0343740 0.0543701 0.0197741 0.0338947 0.0399485 0.0343069 0.2602879 0.0343272 0.0553563 0.0904097 0.0672577 0.0495842 0.0338095 0.0289758 0.0286152 0.0292410 0.0241304 0.0623676 0.0347183 0.0195678 0.0390567 0.0345555 0.0189598 0.0238337 0.0098276 0.0502459 0.0459315 0.0462819 0.0457013 0.0578266 0.3251294 0.0294885 0.1028362 0.0653882 0.0448124 0.0245938 0.0549964 0.0900070 0.0200457 0.0968073 0.0517660 0.0091234 0.0356881 0.0445877 0.0338002 0.0900070 0.0443491 0.0290091 0.0389314 0.0290956 0.0345555 0.0257561 0.0556712 0.0191550 0.0501350 0.0666903 0.0499677 0.0248843 0.0494545 0.0236839 0.0146961 0.0343186 0.0336191 0.0289976 0.0572373 0.0499112 0.0336099 0.0258122 0.0293778 0.0355875 0.0286187 0.0289926 0.0503375 0.0190366 0.0287507 0.0239635 0.0286232 0.0187800 0.0546592 0.0555774 0.0289798 0.0343859 0.0287939 0.0449306 0.0189006 0.0383449 0.0622747 0.0345933 0.0338509 0.0626100 0.0343020 0.0188122 0.0555844 0.0292144 
S0355         0.2363384 0.0671145 0.0640366 0.0547890 0.0788327 0.0665069 0.0139926 0.0665673 0.0608819 0.0666970 0.0687844 0.0666279 0.0139926 0.0237882 0.0494588 0.0607469 0.0668167 0.0000000 0.0660253 0.0605266 0.0602932 0.0608017 0.0922355 0.0451066 0.0547206 0.0566365 0.0187933 0.0699451 0.0863571 0.0786221 0.0496633 0.0888739 0.0586351 0.0606921 0.0680188 0.0623758 0.0937058 0.0540664 0.0238019 0.0971705 0.0858665 0.0188091 0.0721259 0.0597660 0.0605266 0.0603322 0.0547619 0.0911772 0.0546754 0.0561893 0.0285940 0.0620527 0.0543791 0.0497989 0.0531083 0.0239665 0.0804061 0.0810217 0.0799843 0.0939442 0.1081568 0.0664532 0.1099029 0.0982119 0.0496904 0.0509703 0.0781713 0.0967312 0.0578924 0.1037390 0.0749736 0.0668577 0.0465476 0.0729738 0.0773973 0.0967312 0.0782080 0.0723546 0.0606144 0.0668731 0.0620527 0.0605301 0.0190306 0.0553695 0.0845629 0.0289332 0.0189077 0.0644009 0.0386176 0.0671762 0.0640251 0.0674666 0.0660312 0.0665911 0.0799616 0.0730449 0.0712161 0.0541965 0.0732339 0.0638682 0.0713451 0.0598015 0.0784721 0.0490873 0.0608288 0.0543735 0.0657066 0.0668167 0.0835751 0.0966927 0.0665515 0.0717620 0.0661347 0.0609605 0.0672889 0.0950457 0.0803982 0.0734695 0.0606325 0.0751512 0.0657174 0.0669390 0.0675422 0.0559990 
S0376         0.2434025 0.0654260 0.0535879 0.0413659 0.0593552 0.0585575 0.0476772 0.0471899 0.0415522 0.0530352 0.0553558 0.0472346 0.0476772 0.0479575 0.0359298 0.0413791 0.0472805 0.0660253 0.0000000 0.0468949 0.0594310 0.0417458 0.0475393 0.0311033 0.0478261 0.0197427 0.0533857 0.0466188 0.0672099 0.0522084 0.0420500 0.0639387 0.0468949 0.0472844 0.0597803 0.0253197 0.0000010 0.0595071 0.0595872 0.1102486 0.0529836 0.0476772 0.0585947 0.0532057 0.0468949 0.0475622 0.0478649 0.0915034 0.0602425 0.0432178 0.0420402 0.0536884 0.0417458 0.0361459 0.0362692 0.0483513 0.0734292 0.0599637 0.0730239 0.0874727 0.0000010 0.0601753 0.1241475 0.0725238 0.0535767 0.0552446 0.0890349 0.1097141 0.0475622 0.1174451 0.0802753 0.0473102 0.0532959 0.0359980 0.0581456 0.1097141 0.0647352 0.0532810 0.0581454 0.0472712 0.0536884 0.0543869 0.0541340 0.0477184 0.0533366 0.0599539 0.0537662 0.0524568 0.0532672 0.0523140 0.0468509 0.0589043 0.0524896 0.0532475 0.0731581 0.0414578 0.0581456 0.0545056 0.0536010 0.0375766 0.0525058 0.0532395 0.0363090 0.0419129 0.0471372 0.0475023 0.0359519 0.0534241 0.0702592 0.0529206 0.0532136 0.0534190 0.0528573 0.0306512 0.0538159 0.0832458 0.0724401 0.0600475 0.0471740 0.0535128 0.0478968 0.0535263 0.0248134 0.0422592 
S0400         0.1738497 0.0388867 0.0252024 0.0281798 0.0450701 0.0091796 0.0487848 0.0385720 0.0235541 0.0045730 0.0249128 0.0386059 0.0487848 0.0490493 0.0233232 0.0235092 0.0286152 0.0605266 0.0468949 0.0000000 0.0141314 0.0334178 0.0777262 0.0141911 0.0237359 0.0494381 0.0540508 0.0247090 0.0505183 0.0651753 0.0338233 0.0233162 0.0000010 0.0333603 0.0290510 0.0391883 0.0000010 0.0289075 0.0597665 0.0772707 0.0661125 0.0540981 0.0091847 0.0285210 0.0000010 0.0287769 0.0237519 0.0616936 0.0292322 0.0242766 0.0435790 0.0239389 0.0235289 0.0234652 0.0048416 0.0494194 0.0451649 0.0455041 0.0449423 0.0568299 0.2512255 0.0341215 0.0890901 0.0648300 0.0493709 0.0294953 0.0594765 0.0769377 0.0198922 0.0833303 0.0508889 0.0286317 0.0408011 0.0491437 0.0383192 0.0769377 0.0139442 0.0236540 0.0434568 0.0286359 0.0239389 0.0150997 0.0547476 0.0239363 0.0546779 0.0546989 0.0491502 0.0047950 0.0539402 0.0336842 0.0196070 0.0093136 0.0045331 0.0285421 0.0508130 0.0544523 0.0330839 0.0256078 0.0339464 0.0349986 0.0233426 0.0285373 0.0549124 0.0187426 0.0000022 0.0235900 0.0281798 0.0286152 0.0283365 0.0656534 0.0187503 0.0389919 0.0186307 0.0441960 0.0288023 0.0602381 0.0502819 0.0340354 0.0333179 0.0505467 0.0337535 0.0286648 0.0546638 0.0287510 
S0405         0.2018844 0.0502888 0.0365616 0.0388392 0.0570384 0.0240228 0.0605630 0.0498768 0.0340962 0.0191487 0.0358540 0.0499216 0.0605630 0.0609023 0.0337482 0.0340274 0.0394635 0.0602932 0.0594310 0.0141314 0.0000000 0.0444324 0.0912594 0.0244628 0.0343630 0.0613951 0.0660906 0.0358244 0.0627832 0.0778433 0.0449952 0.0288731 0.0149894 0.0443537 0.0456798 0.0507035 0.0000010 0.0339598 0.0721701 0.0906929 0.0790103 0.0661504 0.0240367 0.0393215 0.0141314 0.0396883 0.0343881 0.0673113 0.0343425 0.0351760 0.0550946 0.0401401 0.0340569 0.0339628 0.0150394 0.0613717 0.0571639 0.0576009 0.0568728 0.0695994 0.2512255 0.0453958 0.1031546 0.0785121 0.0613155 0.0407119 0.0717965 0.0902881 0.0309089 0.0971093 0.0573330 0.0394868 0.0528553 0.0610260 0.0495361 0.0902881 0.0291971 0.0342415 0.0494001 0.0394936 0.0401401 0.0317366 0.0669652 0.0346676 0.0557808 0.0669042 0.0610330 0.0201208 0.0659522 0.0448018 0.0304533 0.0243839 0.0189728 0.0393510 0.0621077 0.0666008 0.0439734 0.0371714 0.0451628 0.0466102 0.0337772 0.0393447 0.0671828 0.0290645 0.0141977 0.0240441 0.0388392 0.0394635 0.0445070 0.0784340 0.0290767 0.0397659 0.0288897 0.0559081 0.0397304 0.0727600 0.0685610 0.0452906 0.0442966 0.0689337 0.0448933 0.0395337 0.0668596 0.0396579 
S0407sl       0.2017977 0.0445001 0.0307485 0.0139188 0.0509624 0.0438295 0.0440178 0.0238116 0.0287419 0.0331729 0.0467337 0.0338590 0.0440178 0.0442572 0.0092153 0.0237065 0.0288609 0.0608017 0.0417458 0.0334178 0.0444324 0.0000000 0.0727620 0.0192432 0.0289646 0.0446104 0.0492658 0.0301382 0.0565581 0.0603286 0.0190879 0.0593487 0.0249324 0.0188309 0.0449799 0.0292158 0.2165097 0.0392657 0.0549333 0.0838653 0.0611957 0.0388774 0.0438551 0.0338365 0.0334178 0.0341467 0.0289856 0.0664537 0.0397120 0.0194649 0.0388321 0.0395281 0.0188632 0.0286306 0.0148709 0.0445932 0.0510721 0.0514591 0.0508161 0.0631187 0.2578304 0.0396705 0.0960026 0.0595261 0.0445481 0.0298142 0.0546697 0.0834985 0.0252766 0.0901008 0.0569766 0.0288776 0.0357484 0.0339842 0.0438426 0.0834985 0.0493131 0.0288560 0.0387225 0.0339793 0.0395281 0.0311839 0.0499041 0.0241459 0.0498364 0.0606940 0.0495879 0.0301201 0.0491644 0.0391561 0.0249095 0.0392555 0.0384562 0.0338617 0.0567842 0.0391260 0.0384456 0.0312517 0.0394669 0.0145748 0.0284708 0.0338561 0.0291553 0.0238213 0.0335754 0.0287850 0.0334271 0.0339541 0.0543364 0.0393354 0.0338412 0.0341999 0.0336271 0.0393825 0.0341799 0.0607890 0.0674970 0.0395743 0.0387232 0.0501641 0.0392370 0.0340137 0.0498272 0.0341183 
S0412sl       0.2445857 0.0849364 0.0717156 0.0553776 0.0999339 0.0899513 0.0732025 0.0662891 0.0606349 0.0843629 0.0823794 0.0663491 0.0732025 0.0736270 0.0608589 0.0726948 0.0791011 0.0922355 0.0475393 0.0777262 0.0912594 0.0727620 0.0000000 0.0627815 0.0734299 0.0558832 0.0790143 0.0585206 0.1064685 0.0600397 0.0613462 0.0719915 0.0643360 0.0726284 0.0675891 0.0446524 0.4354409 0.0736248 0.0737212 0.1108786 0.0335356 0.0790882 0.0900077 0.0787564 0.0777262 0.0795438 0.0734888 0.1108157 0.0745018 0.0753041 0.0674508 0.0730233 0.0727620 0.0552609 0.0533212 0.0742079 0.1001785 0.1009543 0.0996353 0.1148040 0.0924919 0.0863174 0.1241750 0.1051243 0.0859901 0.0817292 0.1151064 0.1103642 0.0652684 0.1177660 0.1072726 0.0675954 0.0713103 0.0666008 0.0770606 0.1103642 0.0964470 0.0848258 0.0828743 0.0791709 0.0730233 0.0728205 0.0800898 0.0741548 0.0841779 0.0855079 0.0795805 0.0701705 0.0788447 0.0851663 0.0642749 0.0788551 0.0720123 0.0726330 0.0927865 0.0722541 0.0719905 0.0658886 0.0729148 0.0645784 0.0836216 0.0788055 0.0799948 0.0672520 0.0724010 0.0729418 0.0609007 0.0791011 0.1020017 0.1040660 0.0787677 0.0785202 0.0782731 0.0497315 0.0796744 0.1041483 0.0918720 0.0861888 0.0552609 0.1006724 0.0735467 0.0792485 0.0612835 0.0616261 
S0417         0.1800516 0.0245007 0.0153585 0.0141950 0.0247351 0.0241301 0.0290301 0.0242960 0.0094893 0.0192323 0.0253390 0.0193261 0.0290301 0.0290472 0.0093971 0.0094723 0.0144151 0.0451066 0.0311033 0.0141911 0.0244628 0.0192432 0.0627815 0.0000000 0.0095654 0.0242260 0.0341172 0.0099598 0.0356743 0.0505856 0.0143681 0.0392314 0.0099598 0.0192097 0.0247596 0.0246864 0.0937058 0.0194544 0.0395200 0.0623432 0.0513130 0.0341468 0.0241441 0.0143699 0.0141911 0.0144998 0.0095716 0.0519799 0.0196763 0.0048157 0.0240084 0.0195810 0.0046682 0.0094539 0.0000022 0.0294096 0.0303685 0.0249751 0.0302175 0.0417118 0.1081568 0.0196553 0.0740242 0.0549669 0.0294035 0.0147770 0.0396758 0.0620724 0.0100987 0.0683000 0.0359441 0.0144235 0.0254869 0.0295368 0.0241375 0.0620724 0.0293310 0.0193440 0.0241651 0.0094773 0.0195810 0.0155743 0.0345598 0.0047480 0.0401055 0.0450392 0.0292440 0.0150427 0.0340470 0.0094708 0.0099507 0.0194506 0.0190549 0.0143810 0.0358061 0.0399411 0.0190499 0.0156094 0.0145560 0.0200602 0.0190823 0.0143782 0.0402823 0.0047199 0.0142579 0.0095068 0.0141950 0.0144151 0.0447233 0.0509600 0.0143719 0.0193439 0.0142775 0.0193631 0.0145097 0.0398682 0.0463337 0.0144809 0.0191843 0.0405506 0.0194400 0.0144404 0.0343817 0.0144834 
S0419         0.2003880 0.0344157 0.0048559 0.0237425 0.0292052 0.0338958 0.0444104 0.0341315 0.0190513 0.0289489 0.0415705 0.0341620 0.0444104 0.0446543 0.0188630 0.0190149 0.0241135 0.0547206 0.0478261 0.0237359 0.0343630 0.0289646 0.0734299 0.0095654 0.0000000 0.0450137 0.0497056 0.0199904 0.0460092 0.0553910 0.0293200 0.0491831 0.0199969 0.0289140 0.0347822 0.0346832 0.0937058 0.0187720 0.0554274 0.0846320 0.0559807 0.0497496 0.0339155 0.0045582 0.0237359 0.0045974 0.0000022 0.0567006 0.0189787 0.0196428 0.0391778 0.0294749 0.0190310 0.0189787 0.0099392 0.0449963 0.0406224 0.0352718 0.0404199 0.0522948 0.1081568 0.0189591 0.0968832 0.0661554 0.0449503 0.0195020 0.0496020 0.0842578 0.0000023 0.0909279 0.0463527 0.0241274 0.0415971 0.0447400 0.0288510 0.0842578 0.0392307 0.0291137 0.0390664 0.0241308 0.0294749 0.0260562 0.0503556 0.0193641 0.0445792 0.0612438 0.0447464 0.0251646 0.0496025 0.0291975 0.0199784 0.0292753 0.0286807 0.0240522 0.0517596 0.0445753 0.0286729 0.0204624 0.0294283 0.0303499 0.0287219 0.0045607 0.0445707 0.0045582 0.0238478 0.0091799 0.0237425 0.0241135 0.0548200 0.0613232 0.0240373 0.0345086 0.0238824 0.0397385 0.0242724 0.0558698 0.0567892 0.0295047 0.0288765 0.0570945 0.0187586 0.0241557 0.0502774 0.0242286 
S0427         0.1939019 0.0614896 0.0479473 0.0389919 0.0558143 0.0605414 0.0397526 0.0500778 0.0446649 0.0553001 0.0579345 0.0501230 0.0397526 0.0399723 0.0338814 0.0445710 0.0502652 0.0566365 0.0197427 0.0494381 0.0613951 0.0446104 0.0558832 0.0242260 0.0450137 0.0000000 0.0450483 0.0466908 0.0746663 0.0548584 0.0400103 0.0656408 0.0469677 0.0445311 0.0621824 0.0292334 0.0937058 0.0559507 0.0507417 0.0910411 0.0556371 0.0450885 0.0605778 0.0500737 0.0494381 0.0505500 0.0450474 0.0924825 0.0566021 0.0406283 0.0345211 0.0563426 0.0393243 0.0394789 0.0363254 0.0402820 0.0688670 0.0563539 0.0685101 0.0818836 0.1081568 0.0565424 0.1035528 0.0851417 0.0507882 0.0462955 0.0720871 0.0906333 0.0476371 0.0974839 0.0752250 0.0502954 0.0476224 0.0391080 0.0605594 0.0906333 0.0664136 0.0556084 0.0661463 0.0396640 0.0563426 0.0544750 0.0456430 0.0400368 0.0671641 0.0565386 0.0453472 0.0525387 0.0449539 0.0388550 0.0469236 0.0559322 0.0547609 0.0501110 0.0633106 0.0443172 0.0547447 0.0545931 0.0562564 0.0353417 0.0548418 0.0501037 0.0674591 0.0394789 0.0496802 0.0447256 0.0389919 0.0502652 0.0716483 0.0787573 0.0500807 0.0560685 0.0497626 0.0290637 0.0506120 0.0787859 0.0742974 0.0564246 0.0500590 0.0562245 0.0450749 0.0503558 0.0138691 0.0453893 
S0430         0.2226976 0.0551951 0.0586477 0.0436043 0.0735101 0.0597890 0.0045430 0.0547491 0.0493260 0.0599550 0.0626285 0.0547979 0.0045430 0.0138965 0.0384925 0.0492226 0.0549513 0.0187933 0.0533857 0.0540508 0.0660906 0.0492658 0.0790143 0.0341172 0.0497056 0.0450483 0.0000000 0.0574543 0.0733580 0.0662091 0.0386465 0.0814428 0.0518513 0.0491790 0.0611077 0.0505047 0.0937058 0.0606525 0.0139031 0.0838767 0.0786735 0.0091587 0.0652183 0.0547400 0.0540508 0.0552569 0.0497422 0.0972630 0.0613527 0.0446908 0.0185607 0.0553734 0.0432889 0.0387484 0.0412508 0.0139988 0.0676606 0.0681717 0.0673155 0.0804274 0.1081568 0.0612888 0.0960167 0.0839656 0.0386685 0.0399025 0.0713596 0.0835098 0.0525835 0.0901136 0.0738990 0.0549841 0.0351770 0.0607817 0.0651984 0.0835098 0.0710693 0.0602836 0.0598015 0.0549953 0.0553734 0.0534781 0.0092645 0.0440554 0.0718722 0.0187755 0.0092049 0.0574185 0.0281928 0.0552445 0.0518030 0.0606324 0.0593724 0.0547802 0.0742114 0.0663298 0.0487708 0.0480433 0.0609853 0.0516760 0.0594594 0.0547725 0.0721838 0.0441435 0.0543137 0.0493903 0.0540664 0.0549513 0.0762812 0.0834638 0.0547476 0.0597951 0.0544056 0.0493954 0.0553275 0.0820848 0.0730013 0.0611687 0.0491307 0.0678882 0.0606080 0.0550486 0.0555448 0.0445360 
S0478         0.2195773 0.0413101 0.0304652 0.0298746 0.0420637 0.0353175 0.0518351 0.0353279 0.0197024 0.0301579 0.0318494 0.0353604 0.0518351 0.0521339 0.0247161 0.0196248 0.0248991 0.0699451 0.0466188 0.0247090 0.0358244 0.0301382 0.0585206 0.0099598 0.0199904 0.0466908 0.0574543 0.0000000 0.0537947 0.0518002 0.0303497 0.0512826 0.0247090 0.0353975 0.0360248 0.0356993 0.0000010 0.0358686 0.0635833 0.0823689 0.0640433 0.0518351 0.0353388 0.0302579 0.0247090 0.0250471 0.0251984 0.0649016 0.0362951 0.0204512 0.0462835 0.0305157 0.0197886 0.0196248 0.0147388 0.0525507 0.0480750 0.0369242 0.0478230 0.0606014 0.0000010 0.0362553 0.0950674 0.0707632 0.0464727 0.0313562 0.0632517 0.0819906 0.0250471 0.0888879 0.0542130 0.0147265 0.0462372 0.0466132 0.0246944 0.0819906 0.0408980 0.0302992 0.0350855 0.0248946 0.0305157 0.0308925 0.0582405 0.0251184 0.0465843 0.0639629 0.0522481 0.0298481 0.0573297 0.0303987 0.0246865 0.0355266 0.0298659 0.0302816 0.0536891 0.0521925 0.0350863 0.0309590 0.0304653 0.0316817 0.0298746 0.0302762 0.0249674 0.0198682 0.0248303 0.0250167 0.0247308 0.0303659 0.0571944 0.0407444 0.0302623 0.0303651 0.0300604 0.0411582 0.0305763 0.0577979 0.0588982 0.0361602 0.0298754 0.0530688 0.0358411 0.0304215 0.0521658 0.0250719 
S0552sl       0.2229587 0.0569985 0.0549485 0.0505333 0.0703152 0.0551877 0.0676099 0.0565236 0.0399325 0.0565297 0.0589704 0.0556420 0.0676099 0.0740501 0.0451585 0.0455477 0.0513831 0.0863571 0.0672099 0.0505183 0.0627832 0.0565581 0.1064685 0.0356743 0.0460092 0.0746663 0.0733580 0.0537947 0.0000000 0.0919920 0.0573085 0.0785769 0.0480527 0.0509929 0.0636068 0.0634360 0.0937058 0.0572087 0.0797331 0.1029341 0.0934410 0.0734263 0.0619291 0.0511823 0.0505183 0.0516799 0.0460445 0.0626985 0.0578892 0.0471466 0.0678337 0.0576188 0.0455888 0.0454597 0.0371606 0.0746376 0.0045674 0.0240713 0.0045468 0.0140836 0.1081568 0.0578269 0.1158004 0.0681216 0.0745737 0.0249051 0.0552752 0.1024670 0.0487531 0.1095837 0.0290731 0.0514146 0.0722967 0.0742115 0.0619098 0.1024670 0.0679122 0.0568508 0.0676330 0.0514251 0.0576188 0.0557886 0.0743554 0.0464397 0.0804796 0.0798841 0.0681525 0.0537602 0.0792975 0.0570511 0.0480065 0.0571889 0.0559654 0.0512212 0.0829899 0.0684143 0.0559483 0.0497145 0.0518541 0.0531423 0.0560498 0.0512136 0.0808400 0.0403407 0.0507714 0.0457087 0.0505333 0.0457241 0.0849882 0.0927205 0.0511896 0.0630868 0.0395214 0.0688821 0.0517454 0.0867284 0.0801877 0.0577055 0.0454597 0.0886996 0.0571654 0.0514777 0.0742351 0.0516481 
S0558         0.1848104 0.0779612 0.0644083 0.0543706 0.0857991 0.0767557 0.0606706 0.0542832 0.0489110 0.0713878 0.0689273 0.0543313 0.0606706 0.0610120 0.0490849 0.0602747 0.0662863 0.0786221 0.0522084 0.0651753 0.0778433 0.0603286 0.0600397 0.0505856 0.0553910 0.0548584 0.0662091 0.0518002 0.0919920 0.0000000 0.0494649 0.0597100 0.0574151 0.0602208 0.0553184 0.0336249 0.2512255 0.0722296 0.0723004 0.0963813 0.0491153 0.0662681 0.0768024 0.0660177 0.0651753 0.0666548 0.0609178 0.0963528 0.0730746 0.0623699 0.0661895 0.0605445 0.0603286 0.0437753 0.0467198 0.0614830 0.0859995 0.0807201 0.0855480 0.0997148 0.0000010 0.0729983 0.0966803 0.0964749 0.0727309 0.0626312 0.0887735 0.0959501 0.0582284 0.1028849 0.0926754 0.0663266 0.0640554 0.0545326 0.0435078 0.0959501 0.0828969 0.0717772 0.0487047 0.0663417 0.0605445 0.0653727 0.0670867 0.0614460 0.0657351 0.0784565 0.0666631 0.0517525 0.0773538 0.0720425 0.0573616 0.0661016 0.0706779 0.0660659 0.0733445 0.0599236 0.0597096 0.0655129 0.0604543 0.0519813 0.0707830 0.0660576 0.0784596 0.0550510 0.0654986 0.0604786 0.0491189 0.0662863 0.0882410 0.0899698 0.0660269 0.0658212 0.0656156 0.0385237 0.0556634 0.1021009 0.0900902 0.0728721 0.0542591 0.0745276 0.0609605 0.0664066 0.0601547 0.0496900 
S0624         0.2021797 0.0450645 0.0309687 0.0140814 0.0516306 0.0443764 0.0335712 0.0140590 0.0188564 0.0393015 0.0298735 0.0237982 0.0335712 0.0337512 0.0093218 0.0290329 0.0343740 0.0496633 0.0420500 0.0338233 0.0449952 0.0190879 0.0613462 0.0143681 0.0293200 0.0400103 0.0386465 0.0303497 0.0573085 0.0494649 0.0000000 0.0601068 0.0251058 0.0190548 0.0344162 0.0241512 0.2512255 0.0397585 0.0440626 0.0793892 0.0501597 0.0386798 0.0444026 0.0342533 0.0338233 0.0345712 0.0293409 0.0618789 0.0402159 0.0244035 0.0285601 0.0291667 0.0236480 0.0187853 0.0149734 0.0340050 0.0517432 0.0521403 0.0514805 0.0639783 0.0000010 0.0401734 0.0915704 0.0599792 0.0391318 0.0247354 0.0501506 0.0790379 0.0254548 0.0856379 0.0577380 0.0343943 0.0300954 0.0449017 0.0335577 0.0790379 0.0499378 0.0395238 0.0386636 0.0343998 0.0291667 0.0314105 0.0391415 0.0240596 0.0392237 0.0495859 0.0388928 0.0303313 0.0385678 0.0345627 0.0250826 0.0343006 0.0389280 0.0342792 0.0404562 0.0502653 0.0389170 0.0314792 0.0291212 0.0199897 0.0389847 0.0342735 0.0347312 0.0241088 0.0339861 0.0291355 0.0288172 0.0343740 0.0550281 0.0451935 0.0342581 0.0285802 0.0340381 0.0236480 0.0346054 0.0550660 0.0561803 0.0400753 0.0285815 0.0573224 0.0397291 0.0344351 0.0504660 0.0239777 
