124
PAFTOL_019361 0.0000000 0.1973148 0.1907061 0.2228334 0.2012036 0.1875379 0.2669485 0.2219489 0.2137176 0.2024205 0.1936987 0.2105707 0.2459365 0.2793169 0.2245347 0.2629538 0.1769680 0.1850473 0.1626087 0.2660685 0.2186870 0.1944859 0.1979898 0.2430794 0.1788853 0.2033486 0.2566690 0.1835985 0.2669754 0.1964782 0.1892220 0.2241284 0.2627405 5.6472586 0.1974879 0.1977420 0.2152561 0.2074463 0.2418561 0.1748526 0.2075056 0.2635767 0.2266934 0.2260222 0.2575360 0.1825314 0.2414318 0.2081615 0.1880620 0.1771526 0.1930577 0.1907544 0.2152412 0.2268819 0.2097477 0.2048538 0.2320775 0.2131302 0.1812191 0.1928148 0.2252085 0.2399221 0.1500407 0.1501545 5.6472586 0.2183731 0.2200720 0.2126993 0.1852332 0.2266934 5.6472586 0.1988865 0.2109386 0.2278911 0.2446132 0.2266934 0.1956298 0.2138710 0.1823484 0.2141719 0.2289097 0.2726038 0.2244165 0.2086856 0.2878315 0.2726038 0.2077961 0.2153321 0.2344259 0.2204748 0.2442511 0.2050046 0.2056783 0.2539937 0.2319315 0.2143015 0.2280329 0.2124206 0.2465868 0.1974037 0.1923245 0.2012712 0.2224918 0.2475026 0.1880620 0.2151877 0.2795968 0.1717087 0.2000818 0.2008668 0.1912690 0.1988576 0.2249090 0.1934707 0.2102505 0.1950168 0.2351259 0.1818966 0.1828864 0.2227512 0.1976719 0.1717087 0.2244813 0.1989782 
S0055         0.1973148 0.0000000 0.0486495 0.0622743 0.0457727 0.0264476 0.0864043 0.0910160 0.0410966 0.0310284 0.0492749 0.0744093 0.0867317 0.0873844 0.0853920 0.0954384 0.0644067 0.0490244 0.0344133 0.0862813 0.0595541 0.0310444 0.0266911 0.0601306 0.0546794 0.0366146 0.0539844 0.0806776 0.0836853 0.0643091 0.0571755 0.0485774 0.0948473 0.0853627 0.0410783 0.0311968 0.0675253 0.0597063 0.0733601 0.0361367 0.0699691 0.0862132 0.0860460 0.0562561 0.0890352 0.0311803 0.0802852 0.0387330 0.0289036 0.0364159 0.0707556 0.0698119 0.0740454 0.0845952 0.0826583 0.0415736 0.0708772 0.0671840 0.0596913 0.0886319 0.0590483 0.0958880 0.0346443 0.0534527 0.1006397 0.0709792 0.0741759 0.0900890 0.0361743 0.0834129 0.0872559 0.0563426 0.0706402 0.0341471 0.0624187 0.0807544 0.0314397 0.0266712 0.0547189 0.0732779 0.0705569 0.0918250 0.0650638 0.0658156 0.0979840 0.0922919 0.1120427 0.0314541 0.0867538 0.0621147 0.0486565 0.0242677 0.0177027 0.0566423 0.0338804 0.0654490 0.0487232 0.0415065 0.0878308 0.0243511 0.0362135 0.0622086 0.0562603 0.0658490 0.0219721 0.0564475 0.0641900 0.0386533 0.0313105 0.0932709 0.0361353 0.0619281 0.0288007 0.0385658 0.0483012 0.0434133 0.0744587 0.0439066 0.0391048 0.0682851 0.0439610 0.0384951 0.0413687 0.0415363 
S0196sl       0.1907061 0.0486495 0.0000000 0.0704392 0.0288637 0.0434400 0.0801913 0.0788758 0.0360532 0.0482811 0.0469869 0.0749910 0.0830146 0.0759272 0.0791077 0.0890184 0.0615563 0.0488317 0.0560000 0.0800784 0.0830998 0.0483072 0.0437483 0.0628653 0.0419666 0.0199571 0.0706467 0.0718109 0.0775204 0.0563876 0.0492245 0.0562862 0.0921325 0.0648495 0.0565256 0.0535060 0.0704829 0.0568877 0.0625323 0.0412157 0.0460906 0.0800164 0.0883028 0.0729652 0.0772798 0.0436365 0.0715536 0.0267242 0.0461416 0.0198511 0.0543820 0.0513479 0.0710242 0.0697448 0.0765752 0.0365787 0.0650944 0.0590220 0.0491703 0.0950272 0.0313463 0.0895942 0.0509568 0.0666521 0.0597172 0.0600236 0.0630520 0.0866206 0.0197237 0.0856720 0.0565188 0.0510014 0.0595885 0.0519913 0.0599581 0.0830148 0.0489384 0.0438248 0.0495283 0.0626295 0.0599834 0.0827775 0.0569002 0.0713774 0.0915222 0.0859467 0.1337818 0.0489735 0.0719147 0.0670290 0.0461732 0.0412018 0.0365895 0.0624157 0.0515778 0.0677757 0.0463552 0.0417902 0.0822913 0.0440269 0.0197442 0.0541415 0.0312022 0.0604980 0.0412127 0.0312997 0.0701310 0.0385066 0.0438267 0.0820958 0.0591130 0.0648087 0.0459686 0.0411426 0.0559622 0.0432470 0.0687721 0.0363882 0.0341543 0.0550719 0.0316040 0.0383496 0.0596655 0.0340628 
S0278         0.2228334 0.0622743 0.0704392 0.0000000 0.0671539 0.0702574 0.1055521 0.0472574 0.0582789 0.0702171 0.0765097 0.0350070 0.1086283 0.0975100 0.0345845 0.1151766 0.0294572 0.0712044 0.0824892 0.1053984 0.1065212 0.0755678 0.0788170 0.0804250 0.0249417 0.0605907 0.0951145 0.0467546 0.1027005 0.0268353 0.0718444 0.0675006 0.1041155 0.0504394 0.0879817 0.0732748 0.0268514 0.0439083 0.0657926 0.0602323 0.0793867 0.1053094 0.0928970 0.0777903 0.1048799 0.0785973 0.0960519 0.0654342 0.0733734 0.0603199 0.0797594 0.0792068 0.0542416 0.0908695 0.0622058 0.0678568 0.0915505 0.0823457 0.0717697 0.1164119 0.0703073 0.1009105 0.0831103 0.0692658 0.0894171 0.0781007 0.0844015 0.0912182 0.0573313 0.0901979 0.0866310 0.0651426 0.0798749 0.0802270 0.0915367 0.0874680 0.0683935 0.0791731 0.0297810 0.0657154 0.0630315 0.1112299 0.0489594 0.0180558 0.1024985 0.1055381 0.1386778 0.0709408 0.0997233 0.0852243 0.0751243 0.0672627 0.0574635 0.0880528 0.0740195 0.0573368 0.0766069 0.0676343 0.0421165 0.0793396 0.0625721 0.0317312 0.0673616 0.0742861 0.0679493 0.0728724 0.0878970 0.0649578 0.0601277 0.0494910 0.0847680 0.0565022 0.0813125 0.0704462 0.0780904 0.0674575 0.0742125 0.0628308 0.0651653 0.1106003 0.0655177 0.0620635 0.0830773 0.0624039 
S0281         0.2012036 0.0457727 0.0288637 0.0671539 0.0000000 0.0406624 0.0740075 0.0785456 0.0332261 0.0454308 0.0546065 0.0769709 0.0767629 0.0751691 0.0785163 0.0826163 0.0584599 0.0410931 0.0390550 0.0739045 0.0794274 0.0454551 0.0458863 0.0596892 0.0491642 0.0222376 0.0673511 0.0683273 0.0713885 0.0533776 0.0463085 0.0532824 0.0883971 0.0744775 0.0510401 0.0505597 0.0671956 0.0538451 0.0571429 0.0433515 0.0485265 0.0738486 0.0940107 0.0644498 0.0765505 0.0456595 0.0682039 0.0290324 0.0433065 0.0221192 0.0541779 0.0484189 0.0677036 0.0692256 0.0760537 0.0291125 0.0593561 0.0559652 0.0462574 0.0941556 0.0384654 0.0950729 0.0341956 0.0400722 0.0691568 0.0594357 0.0624283 0.0923675 0.0219768 0.0913496 0.0660933 0.0432493 0.0489780 0.0513513 0.0568411 0.0886575 0.0460436 0.0459668 0.0516953 0.0570735 0.0544813 0.0792336 0.0565292 0.0654913 0.0793671 0.0796237 0.0967831 0.0460743 0.0713803 0.0535895 0.0431873 0.0384472 0.0411545 0.0592657 0.0459205 0.0645368 0.0435041 0.0388278 0.0791878 0.0461778 0.0219997 0.0511520 0.0359383 0.0549423 0.0384574 0.0360518 0.0668625 0.0311449 0.0410194 0.0842318 0.0460277 0.0616300 0.0480940 0.0336689 0.0480795 0.0357678 0.0632084 0.0337078 0.0314964 0.0625526 0.0289990 0.0310206 0.0565673 0.0314129 
S0282         0.1875379 0.0264476 0.0434400 0.0702574 0.0406624 0.0000000 0.0802410 0.0875585 0.0357635 0.0085045 0.0463005 0.0775581 0.0830674 0.0842258 0.0875246 0.0890782 0.0614029 0.0437686 0.0442268 0.0801279 0.0435371 0.0085085 0.0173803 0.0596171 0.0544572 0.0366490 0.0414063 0.0745061 0.0775673 0.0562489 0.0467189 0.0482361 0.0952692 0.0802725 0.0174987 0.0217662 0.0703009 0.0516975 0.0681660 0.0384606 0.0540827 0.0800658 0.0919155 0.0642880 0.0828324 0.0172985 0.0688417 0.0387694 0.0107262 0.0364500 0.0624004 0.0590143 0.0655417 0.0756055 0.0738964 0.0389743 0.0679088 0.0564660 0.0491628 0.0792257 0.0536039 0.0932070 0.0291177 0.0526702 0.0853151 0.0599784 0.0630039 0.0902454 0.0362080 0.0892462 0.0721097 0.0509643 0.0623096 0.0292116 0.0568411 0.0865477 0.0130001 0.0219427 0.0545564 0.0707137 0.0680066 0.0855739 0.0569006 0.0712050 0.0918236 0.0860029 0.1033516 0.0174443 0.0777709 0.0616609 0.0431873 0.0107099 0.0267312 0.0592657 0.0197754 0.0623890 0.0435041 0.0337048 0.0908099 0.0220442 0.0362473 0.0592168 0.0508914 0.0632990 0.0063885 0.0510580 0.0668625 0.0336643 0.0173675 0.0906618 0.0312115 0.0539058 0.0240612 0.0335895 0.0508242 0.0383399 0.0718542 0.0339975 0.0365341 0.0599858 0.0388166 0.0335286 0.0315590 0.0364360 
S0288         0.2669485 0.0864043 0.0801913 0.1055521 0.0740075 0.0802410 0.0000000 0.1089467 0.0672309 0.0829880 0.0928593 0.1115721 0.0129837 0.0364362 0.1176880 0.0086076 0.0936277 0.0890105 0.1171978 0.0064084 0.0950029 0.0857903 0.0835634 0.0896816 0.0787750 0.0758462 0.0851769 0.0991565 0.0021249 0.0887368 0.0813230 0.0917507 0.0474793 0.1076496 0.0888287 0.0918533 0.1056061 0.0759465 0.0942966 0.0686395 0.0894339 0.0021171 0.0999030 0.1000443 0.0129256 0.0920384 0.0973316 0.0810160 0.0835004 0.0723177 0.0943735 0.0897013 0.0931427 0.0531783 0.0913252 0.0729473 0.0222278 0.0959641 0.0812867 0.1252721 0.0892496 0.1210071 0.0897781 0.0535244 0.0746873 0.0970296 0.1007190 0.1105609 0.0721600 0.0971396 0.0884616 0.0921030 0.0442508 0.0908310 0.0868061 0.0943409 0.0836158 0.0927422 0.0843077 0.1000598 0.0970323 0.0063882 0.0787765 0.1004484 0.0340596 0.0064142 0.0046209 0.0901567 0.0640731 0.1080657 0.0851860 0.0835628 0.0840352 0.0960778 0.0929754 0.0965813 0.0806028 0.0678256 0.1192210 0.0897909 0.0749460 0.0868656 0.0860122 0.0919949 0.0752110 0.0891093 0.0927432 0.0740047 0.0868776 0.1160051 0.0919785 0.0903316 0.0948974 0.0722174 0.0939719 0.0855440 0.1047163 0.0725535 0.0674443 0.1088104 0.0755791 0.0770572 0.0836452 0.0668413 
S0289         0.2219489 0.0910160 0.0788758 0.0472574 0.0785456 0.0875585 0.1089467 0.0000000 0.0728988 0.0875068 0.0951844 0.0589863 0.1120565 0.1037044 0.0660915 0.1186757 0.0469132 0.0885547 0.0960669 0.1087872 0.1139007 0.0931338 0.0880796 0.0956768 0.0373998 0.0719645 0.1050297 0.0552203 0.1056704 0.0415312 0.0893529 0.0904095 0.1148542 0.0744033 0.1032451 0.0908139 0.0472905 0.0596238 0.0651748 0.0685236 0.0916763 0.1086947 0.1061461 0.1017713 0.1117138 0.0907556 0.1189546 0.0826118 0.0878747 0.0716385 0.0877605 0.0914655 0.0712681 0.0979841 0.0785815 0.0803068 0.0947430 0.0942913 0.0864245 0.1230372 0.0818986 0.1148022 0.0834270 0.0696463 0.0843851 0.0900839 0.0966931 0.1071761 0.0684703 0.1033429 0.1135076 0.0761041 0.0829363 0.0987021 0.0987738 0.1004998 0.0857754 0.0971244 0.0373053 0.0626396 0.0599930 0.1083616 0.0649697 0.0477920 0.1140775 0.1089330 0.1325834 0.0885854 0.1030679 0.0972714 0.0844885 0.0843283 0.0823517 0.0956513 0.0947218 0.0711460 0.0800326 0.0773909 0.0632536 0.0975719 0.0739102 0.0365809 0.0787981 0.0764537 0.0852148 0.0845418 0.0952303 0.0763410 0.0800616 0.0578783 0.0970070 0.0702388 0.0992419 0.0820620 0.0992313 0.0789113 0.0714895 0.0742203 0.0772790 0.1088386 0.0770178 0.0732941 0.1014681 0.0771013 
S0292         0.2137176 0.0410966 0.0360532 0.0582789 0.0332261 0.0357635 0.0672309 0.0728988 0.0000000 0.0382658 0.0555915 0.0681422 0.0730203 0.0667833 0.0723608 0.0732868 0.0489220 0.0442181 0.0379166 0.0700312 0.0699948 0.0407962 0.0386019 0.0529496 0.0419139 0.0314489 0.0582448 0.0616850 0.0617011 0.0490829 0.0472508 0.0520117 0.0799893 0.0719084 0.0490379 0.0409572 0.0667085 0.0471578 0.0524971 0.0361356 0.0605028 0.0670793 0.0805470 0.0696423 0.0728084 0.0409899 0.0709191 0.0388842 0.0385097 0.0312677 0.0557352 0.0603590 0.0616591 0.0566167 0.0733410 0.0313295 0.0552735 0.0576393 0.0471950 0.0814166 0.0440285 0.0842235 0.0322904 0.0590964 0.0722519 0.0585710 0.0646563 0.0816843 0.0310485 0.0777729 0.0638576 0.0413162 0.0553651 0.0386132 0.0283260 0.0749766 0.0359527 0.0412806 0.0470471 0.0524282 0.0497241 0.0726889 0.0473831 0.0639434 0.0735427 0.0730636 0.1096273 0.0413824 0.0650588 0.0600689 0.0046122 0.0334171 0.0312475 0.0282774 0.0411283 0.0556298 0.0089688 0.0000030 0.0793558 0.0414820 0.0310840 0.0521206 0.0412548 0.0470365 0.0334270 0.0439579 0.0384504 0.0282494 0.0357972 0.0760776 0.0491743 0.0494734 0.0383602 0.0387371 0.0517466 0.0358985 0.0557586 0.0337133 0.0288283 0.0588800 0.0312266 0.0308355 0.0496609 0.0260546 
S0293         0.2024205 0.0310284 0.0482811 0.0702171 0.0454308 0.0085045 0.0829880 0.0875068 0.0382658 0.0000000 0.0488580 0.0775123 0.0802787 0.0896735 0.0902808 0.0888543 0.0613686 0.0486504 0.0441393 0.0828709 0.0435124 0.0128347 0.0218477 0.0621828 0.0595281 0.0414646 0.0413841 0.0801130 0.0803024 0.0587283 0.0491990 0.0531238 0.1009854 0.0902615 0.0219982 0.0262651 0.0702606 0.0516689 0.0628696 0.0432245 0.0540527 0.0828062 0.0863664 0.0642516 0.0855889 0.0217442 0.0715089 0.0435760 0.0151018 0.0412391 0.0649891 0.0589814 0.0655041 0.0783555 0.0738534 0.0438086 0.0731679 0.0589891 0.0516551 0.0791763 0.0535745 0.0875741 0.0290609 0.0525464 0.0954257 0.0625603 0.0656197 0.0846564 0.0409636 0.0837234 0.0771607 0.0559086 0.0674757 0.0291964 0.0619259 0.0810550 0.0107994 0.0219316 0.0596385 0.0653913 0.0627215 0.0883433 0.0568688 0.0711636 0.0974722 0.0887876 0.1031181 0.0219292 0.0832602 0.0667730 0.0457268 0.0150786 0.0313625 0.0592325 0.0243068 0.0675634 0.0459276 0.0362261 0.0907559 0.0220331 0.0410084 0.0643144 0.0508637 0.0685580 0.0107077 0.0560119 0.0720391 0.0360141 0.0173589 0.0906079 0.0311953 0.0538761 0.0285945 0.0382813 0.0557538 0.0430899 0.0772418 0.0363716 0.0413362 0.0599519 0.0436292 0.0335112 0.0315425 0.0388287 
S0294         0.1936987 0.0492749 0.0469869 0.0765097 0.0546065 0.0463005 0.0928593 0.0951844 0.0555915 0.0488580 0.0000000 0.0814783 0.0929172 0.0874933 0.0825046 0.0986010 0.0610811 0.0524768 0.0815926 0.0857985 0.0701391 0.0515078 0.0466974 0.0700334 0.0590427 0.0504123 0.0661988 0.0911104 0.0899248 0.0638511 0.0587369 0.0549973 0.1028732 0.0569095 0.0547887 0.0544441 0.0735659 0.0730302 0.0855725 0.0468670 0.0669970 0.0926380 0.0812930 0.0728786 0.0957084 0.0465332 0.0835142 0.0526809 0.0439979 0.0474397 0.0672451 0.0637926 0.0794929 0.0743761 0.0796776 0.0527915 0.0759635 0.0694830 0.0612521 0.0953978 0.0545193 0.0854825 0.0888728 0.0878037 0.0671285 0.0642107 0.0640782 0.0757305 0.0444766 0.0784921 0.0473825 0.0609289 0.0694174 0.0583209 0.0793659 0.0783125 0.0468135 0.0494793 0.0621453 0.0827420 0.0797320 0.0987081 0.0760063 0.0748137 0.1021408 0.0992487 0.1694075 0.0493909 0.0762172 0.0786426 0.0615509 0.0439185 0.0389418 0.0733789 0.0550637 0.0730336 0.0637320 0.0537035 0.0919458 0.0497221 0.0498083 0.0700980 0.0574098 0.0835109 0.0438208 0.0522573 0.0848745 0.0523467 0.0441256 0.0944209 0.0543128 0.0786767 0.0544063 0.0493444 0.0662536 0.0549616 0.0870042 0.0471316 0.0500592 0.0644573 0.0554594 0.0521111 0.0582956 0.0499130 
S0299         0.2105707 0.0744093 0.0749910 0.0350070 0.0769709 0.0775581 0.1115721 0.0589863 0.0681422 0.0775123 0.0814783 0.0000000 0.1147678 0.1000986 0.0505439 0.1215727 0.0424917 0.0842462 0.0954799 0.1114048 0.1128618 0.0830867 0.0867470 0.0885826 0.0326024 0.0669076 0.0939065 0.0550199 0.1052972 0.0347056 0.0821599 0.0775877 0.1207791 0.0617597 0.0961571 0.0745520 0.0449455 0.0517606 0.0683451 0.0631283 0.0837654 0.1113076 0.1010155 0.0827166 0.1082677 0.0806849 0.1088489 0.0692268 0.0808487 0.0639935 0.0785061 0.0773272 0.0598863 0.1035092 0.0654124 0.0628993 0.0999041 0.0931140 0.0820757 0.1293930 0.0721483 0.1129253 0.0962129 0.0759363 0.0987827 0.0822522 0.0859430 0.0997068 0.0609087 0.0982166 0.0899524 0.0768975 0.0877627 0.0908973 0.1000905 0.0982905 0.0756918 0.0897388 0.0402087 0.0686610 0.0715342 0.1174405 0.0569766 0.0324099 0.1212048 0.1115583 0.1545867 0.0779801 0.1043467 0.0970602 0.0793612 0.0744049 0.0723214 0.0931034 0.0873132 0.0630568 0.0810476 0.0724492 0.0533716 0.0859694 0.0662805 0.0423570 0.0717809 0.0803860 0.0719927 0.0774962 0.0990804 0.0774857 0.0698849 0.0494880 0.0986315 0.0567132 0.0919027 0.0779862 0.0969773 0.0800979 0.0810640 0.0725777 0.0602312 0.1090361 0.0781838 0.0743825 0.0871852 0.0634729 
S0303         0.2459365 0.0867317 0.0830146 0.1086283 0.0767629 0.0830674 0.0129837 0.1120565 0.0730203 0.0802787 0.0929172 0.1147678 0.0000000 0.0466310 0.1208534 0.0152422 0.0965320 0.0919113 0.1090067 0.0107773 0.0893447 0.0886560 0.0864291 0.0893814 0.0816323 0.0786776 0.0823951 0.0953221 0.0108113 0.0916256 0.0814110 0.0946674 0.0552856 0.1199601 0.0917234 0.1007902 0.1086823 0.0787807 0.0914626 0.0713573 0.0866706 0.0107710 0.1089770 0.1030889 0.0173907 0.0949653 0.0974475 0.0838730 0.0863638 0.0750972 0.0944843 0.0869325 0.0961129 0.0558008 0.0943097 0.0757533 0.0316788 0.0960772 0.0813746 0.1209410 0.0921587 0.1242076 0.0824344 0.0465188 0.0854851 0.0971445 0.1008412 0.1136517 0.0749329 0.1061633 0.0949717 0.0950330 0.0467443 0.0937943 0.0956916 0.1033074 0.0808887 0.0847978 0.0872024 0.0972017 0.0941897 0.0151674 0.0816332 0.1035098 0.0413710 0.0152307 0.0141841 0.0930994 0.0667872 0.1111464 0.0882071 0.0864289 0.0837537 0.0993379 0.0959375 0.0995850 0.0806890 0.0707167 0.1181685 0.0818846 0.0777410 0.0897715 0.0888853 0.0950040 0.0780159 0.0920138 0.1017835 0.0767598 0.0897828 0.1191927 0.0841006 0.0932788 0.0926744 0.0749928 0.0968876 0.0883996 0.1078372 0.0726279 0.0702094 0.1059230 0.0809350 0.0798454 0.0809125 0.0695791 
S0308         0.2793169 0.0873844 0.0759272 0.0975100 0.0751691 0.0842258 0.0364362 0.1037044 0.0667833 0.0896735 0.0874933 0.1000986 0.0466310 0.0000000 0.1119341 0.0467471 0.0916815 0.0879809 0.1218553 0.0391043 0.1030187 0.0897262 0.0818792 0.1047016 0.0714277 0.0770039 0.0958166 0.0969800 0.0343599 0.0873308 0.0887687 0.0870984 0.0495095 0.0951142 0.0965020 0.0986114 0.1033317 0.0853232 0.0951628 0.0672916 0.0933707 0.0390792 0.0959558 0.1036811 0.0439609 0.0901688 0.1109234 0.0848050 0.0845265 0.0735214 0.1010168 0.0906308 0.0968306 0.0494635 0.1077222 0.0741507 0.0266354 0.0996087 0.0887314 0.1332063 0.0782977 0.1102924 0.1012047 0.0449936 0.0695875 0.0950132 0.0986052 0.1002813 0.0733640 0.0932360 0.0865712 0.0846952 0.0381837 0.0887296 0.0857970 0.0904839 0.0909662 0.0936239 0.0771062 0.0950666 0.0921280 0.0439324 0.0826118 0.0983753 0.0416579 0.0441318 0.0622897 0.0910842 0.0544214 0.0968909 0.0811781 0.0845887 0.0738057 0.0883966 0.0969054 0.0917124 0.0796175 0.0704269 0.1093266 0.0907202 0.0761068 0.0905975 0.0813126 0.0900736 0.0763708 0.0873069 0.0824722 0.0758113 0.0877179 0.1105276 0.0994374 0.0912563 0.0957369 0.0734214 0.0957255 0.0810877 0.0963868 0.0737571 0.0687345 0.0988443 0.0658419 0.0754747 0.0911678 0.0740849 
S0320         0.2245347 0.0853920 0.0791077 0.0345845 0.0785163 0.0875246 0.1176880 0.0660915 0.0723608 0.0902808 0.0825046 0.0505439 0.1208534 0.1119341 0.0000000 0.1275857 0.0469253 0.0823680 0.0963250 0.1175157 0.1275305 0.0930972 0.0881526 0.0831144 0.0296975 0.0715015 0.1141960 0.0635931 0.1147826 0.0413453 0.0836874 0.0903742 0.1324751 0.0694898 0.0908536 0.0844604 0.0443904 0.0569217 0.0885934 0.0715004 0.0975927 0.1174142 0.1031518 0.0921543 0.1171849 0.0933210 0.1095074 0.0764223 0.0853221 0.0711810 0.0884228 0.0973684 0.0710584 0.0898417 0.0795616 0.0766711 0.1070208 0.0886043 0.0836034 0.1343455 0.0809470 0.1146556 0.0970709 0.0675214 0.1109308 0.0863856 0.0928580 0.1047760 0.0680377 0.1064559 0.0813935 0.0852076 0.0848256 0.0949685 0.1140788 0.1035924 0.0792895 0.0970853 0.0399265 0.0825765 0.0856312 0.1234683 0.0569342 0.0400935 0.1249430 0.1176750 0.1560969 0.0916438 0.1016555 0.0966282 0.0895002 0.0842961 0.0706438 0.1108203 0.0913208 0.0599679 0.0907432 0.0794239 0.0444916 0.0975326 0.0734382 0.0467692 0.0815106 0.0948779 0.0851814 0.0790459 0.1103237 0.0729672 0.0828212 0.0661213 0.0969680 0.0674267 0.0992021 0.0877729 0.0966434 0.0728156 0.0985373 0.0798430 0.0795197 0.1162034 0.0826874 0.0759713 0.0947580 0.0677615 
S0322         0.2629538 0.0954384 0.0890184 0.1151766 0.0826163 0.0890782 0.0086076 0.1186757 0.0732868 0.0888543 0.0986010 0.1215727 0.0152422 0.0467471 0.1275857 0.0000000 0.1027136 0.0980851 0.1224807 0.0108080 0.1014441 0.0947537 0.0925258 0.0930501 0.0877090 0.0846962 0.0912131 0.1091225 0.0064509 0.0977748 0.0863888 0.1008757 0.0554207 0.1206327 0.0978844 0.1009902 0.1152311 0.0848054 0.1004980 0.0771254 0.0954533 0.0064270 0.1091834 0.1095714 0.0174388 0.1011954 0.1025513 0.0899501 0.0924555 0.0810019 0.0995836 0.0957338 0.1024348 0.0613424 0.1006639 0.0817149 0.0269938 0.1011166 0.0863517 0.1289961 0.0983505 0.1310127 0.0949862 0.0528778 0.0859985 0.1022321 0.1059714 0.1202307 0.0808225 0.1063677 0.0934010 0.1012699 0.0519924 0.1001026 0.0958878 0.1035093 0.0895235 0.0988352 0.0933620 0.1063477 0.1032685 0.0107735 0.0877080 0.1100291 0.0414762 0.0108180 0.0141525 0.0993648 0.0725419 0.1177033 0.0946390 0.0925262 0.0930562 0.1022501 0.1022447 0.1059800 0.0866871 0.0739451 0.1230010 0.0958339 0.0836807 0.0959561 0.0949988 0.1014116 0.0839771 0.0981957 0.1019874 0.0769293 0.0959656 0.1259741 0.0980142 0.0995526 0.1041183 0.0808880 0.1030940 0.0888195 0.1144821 0.0775537 0.0760774 0.1152143 0.0843917 0.0857717 0.0895662 0.0753881 
S0327         0.1769680 0.0644067 0.0615563 0.0294572 0.0584599 0.0614029 0.0936277 0.0469132 0.0489220 0.0613686 0.0610811 0.0424917 0.0965320 0.0916815 0.0469253 0.1027136 0.0000000 0.0648231 0.0800956 0.0934956 0.0988366 0.0665322 0.0697805 0.0743977 0.0271077 0.0519657 0.0906811 0.0490118 0.0909086 0.0289645 0.0600732 0.0672082 0.1058770 0.0413035 0.0783645 0.0642747 0.0390339 0.0460398 0.0652915 0.0491843 0.0674506 0.0934211 0.0891460 0.0737904 0.0962534 0.0694205 0.0893241 0.0566887 0.0643595 0.0517366 0.0705951 0.0672988 0.0536720 0.0831956 0.0675131 0.0621428 0.0752155 0.0729342 0.0575061 0.1048483 0.0614420 0.0969404 0.0690933 0.0582914 0.0790568 0.0687037 0.0747070 0.0874550 0.0489040 0.0864884 0.0761283 0.0616793 0.0695259 0.0736670 0.0814493 0.0838035 0.0595170 0.0699149 0.0296459 0.0652153 0.0625530 0.0990448 0.0510892 0.0299216 0.1023365 0.0936137 0.1230005 0.0648506 0.0880785 0.0865302 0.0621968 0.0616513 0.0539972 0.0785625 0.0676066 0.0620307 0.0642024 0.0579001 0.0496910 0.0702360 0.0539554 0.0338714 0.0586339 0.0677424 0.0591352 0.0639285 0.0782326 0.0562887 0.0542913 0.0495638 0.0753054 0.0536030 0.0720425 0.0615617 0.0774973 0.0587162 0.0770296 0.0541752 0.0544055 0.0886398 0.0567595 0.0535297 0.0789604 0.0568135 
S0335         0.1850473 0.0490244 0.0488317 0.0712044 0.0410931 0.0437686 0.0890105 0.0885547 0.0442181 0.0486504 0.0524768 0.0842462 0.0919113 0.0879809 0.0823680 0.0980851 0.0648231 0.0000000 0.0344894 0.0888840 0.0801897 0.0486769 0.0491483 0.0719043 0.0578893 0.0419358 0.0679520 0.0782594 0.0862851 0.0621101 0.0493268 0.0595663 0.0955133 0.0963911 0.0597029 0.0539225 0.0737204 0.0574853 0.0715694 0.0516445 0.0702483 0.0888130 0.0985868 0.0677834 0.0916457 0.0489004 0.0717161 0.0491361 0.0464944 0.0417044 0.0657270 0.0700900 0.0718026 0.0752743 0.0824334 0.0443077 0.0686957 0.0598470 0.0517906 0.1025705 0.0592776 0.1029130 0.0347215 0.0535996 0.0796868 0.0601539 0.0631910 0.0931665 0.0414234 0.0958588 0.0776100 0.0388678 0.0603857 0.0576702 0.0626650 0.0930967 0.0493182 0.0492366 0.0604936 0.0714867 0.0687461 0.0944428 0.0628421 0.0717542 0.0948771 0.0949235 0.1123632 0.0493546 0.0779569 0.0491607 0.0519221 0.0391806 0.0468503 0.0683664 0.0519817 0.0685076 0.0518350 0.0475293 0.0920990 0.0494657 0.0414692 0.0626225 0.0564755 0.0693505 0.0415242 0.0566642 0.0735918 0.0221457 0.0491171 0.0945108 0.0508889 0.0655018 0.0513946 0.0464602 0.0337226 0.0219354 0.0726531 0.0440695 0.0418044 0.0773086 0.0392317 0.0220581 0.0570578 0.0416908 
S0345         0.1626087 0.0344133 0.0560000 0.0824892 0.0390550 0.0442268 0.1171978 0.0960669 0.0379166 0.0441393 0.0815926 0.0954799 0.1090067 0.1218553 0.0963250 0.1224807 0.0800956 0.0344894 0.0000000 0.1168228 0.0852487 0.0441027 0.0443971 0.0806808 0.0574084 0.0460244 0.0797673 0.0750031 0.1171996 0.0674991 0.0446178 0.0621639 0.0840499 1.4847273 0.0445184 0.0498882 0.0692028 0.0630008 0.1096318 0.0445515 0.0618071 0.1158240 0.1135507 0.0748664 0.1233120 0.0446589 0.0806073 0.0508522 0.0338570 0.0459157 0.0744829 0.0503449 0.0825373 0.0932636 0.0957363 0.0448438 0.0815647 0.0612481 0.0496882 0.0567151 0.0567530 0.1137125 0.0446407 0.0654327 1.4847273 0.0567164 0.0687541 0.1233811 0.0452383 0.1135507 1.4847273 0.0559044 0.0767143 0.0463820 0.0565627 0.1135507 0.0390406 0.0397996 0.0518994 0.0957815 0.0890561 0.1227592 0.0750982 0.0781251 0.1218905 0.1227592 0.1238263 0.0451525 0.0917724 0.0243786 0.0564315 0.0394133 0.0504508 0.0634202 0.0510704 0.0742430 0.0557870 0.0452997 0.1022424 0.0341672 0.0399251 0.0688956 0.0507499 0.1026451 0.0338570 0.0507499 0.0756501 0.0238018 0.0450439 0.0891430 0.0394450 0.0683103 0.0390550 0.0338570 0.0191800 0.0290322 0.0902962 0.0393680 0.0395183 0.0877875 0.0291122 0.0238018 0.0621494 0.0398092 
S0355         0.2660685 0.0862813 0.0800784 0.1053984 0.0739045 0.0801279 0.0064084 0.1087872 0.0700312 0.0828709 0.0857985 0.1114048 0.0107773 0.0391043 0.1175157 0.0108080 0.0934956 0.0888840 0.1168228 0.0000000 0.0879540 0.0856690 0.0834447 0.0895532 0.0786623 0.0757381 0.0786292 0.0990049 0.0042687 0.0886111 0.0812070 0.0916202 0.0474149 0.1076496 0.0887026 0.0976802 0.1054521 0.0758381 0.0941592 0.0685443 0.0893061 0.0042527 0.1058089 0.0998982 0.0107294 0.0919071 0.0971894 0.0809007 0.0833819 0.0722156 0.0942357 0.0895729 0.0930083 0.0531051 0.0846038 0.0728437 0.0245624 0.0958257 0.0811708 0.1171884 0.0891224 0.1208292 0.0894964 0.0533437 0.0746873 0.0968882 0.1005710 0.1104006 0.0720586 0.1030157 0.0884616 0.0919716 0.0441920 0.0906995 0.0866820 0.1001830 0.0834971 0.0926090 0.0841869 0.0999139 0.0968909 0.0085559 0.0786639 0.1003010 0.0340152 0.0085909 0.0192186 0.0900270 0.0639836 0.1079087 0.0850589 0.0834442 0.0839152 0.0930197 0.0928416 0.0964412 0.0777577 0.0677251 0.1190444 0.0896621 0.0748405 0.0867413 0.0858903 0.0918600 0.0751047 0.0889825 0.0926099 0.0739017 0.0867534 0.1158335 0.0918475 0.0902005 0.0947619 0.0721158 0.0938389 0.0854234 0.1045610 0.0724511 0.0673490 0.1086514 0.0754718 0.0769494 0.0835262 0.0667476 
S0376         0.2186870 0.0595541 0.0830998 0.1065212 0.0794274 0.0435371 0.0950029 0.1139007 0.0699948 0.0435124 0.0701391 0.1128618 0.0893447 0.1030187 0.1275305 0.1014441 0.0988366 0.0801897 0.0852487 0.0879540 0.0000000 0.0460497 0.0512962 0.0941676 0.0791436 0.0755179 0.0159268 0.0930020 0.0919665 0.0837479 0.0634077 0.0796038 0.1085573 0.1079978 0.0574038 0.0648756 0.1068695 0.0818926 0.0953866 0.0653800 0.0872454 0.0947780 0.1153888 0.0993870 0.0978193 0.0594663 0.0747994 0.0777395 0.0488553 0.0748384 0.0851675 0.0867977 0.1047345 0.1034267 0.0970860 0.0782192 0.0998212 0.0747431 0.0633373 0.0937010 0.0954617 0.1105425 0.0606569 0.0750189 0.1005476 0.0781974 0.0816755 0.1129244 0.0716850 0.1124010 0.0938642 0.0863873 0.0873068 0.0634392 0.0805741 0.1093648 0.0493618 0.0407755 0.0815103 0.1013948 0.0982369 0.1008156 0.0908447 0.1048192 0.1012966 0.1013638 0.1136926 0.0570077 0.0991687 0.0958456 0.0632564 0.0515201 0.0602667 0.0778906 0.0463672 0.0945592 0.0718282 0.0678707 0.1283826 0.0436795 0.0688154 0.0875322 0.0920464 0.0991969 0.0410768 0.0923939 0.0920824 0.0712799 0.0569402 0.1167525 0.0487614 0.0871750 0.0566658 0.0654171 0.0852588 0.0767557 0.1055481 0.0608238 0.0724345 0.0847824 0.0778446 0.0680993 0.0281306 0.0750601 
S0400         0.1944859 0.0310444 0.0483072 0.0755678 0.0454551 0.0085085 0.0857903 0.0931338 0.0407962 0.0128347 0.0515078 0.0830867 0.0886560 0.0897262 0.0930972 0.0947537 0.0665322 0.0486769 0.0441027 0.0856690 0.0460497 0.0000000 0.0218587 0.0594678 0.0595616 0.0414869 0.0462912 0.0801619 0.0830908 0.0613107 0.0467189 0.0531528 0.1010469 0.0904239 0.0220093 0.0262784 0.0756131 0.0567465 0.0734877 0.0432476 0.0565964 0.0856016 0.0974765 0.0694710 0.0884025 0.0217551 0.0688417 0.0435995 0.0151093 0.0412612 0.0676190 0.0641262 0.0708391 0.0811579 0.0793168 0.0438323 0.0732101 0.0615489 0.0491628 0.0850654 0.0586236 0.0988518 0.0290368 0.0524951 0.0955981 0.0651820 0.0682776 0.0958479 0.0409855 0.0947824 0.0822582 0.0559393 0.0623096 0.0339130 0.0619606 0.0920554 0.0174400 0.0264934 0.0596721 0.0760600 0.0733173 0.0911719 0.0620240 0.0765936 0.0975311 0.0916322 0.1030239 0.0219403 0.0833098 0.0642516 0.0482970 0.0150860 0.0313788 0.0644033 0.0243192 0.0676020 0.0483798 0.0387738 0.0964473 0.0266155 0.0410303 0.0592168 0.0558583 0.0685977 0.0107129 0.0560427 0.0720800 0.0383877 0.0218429 0.0904240 0.0358892 0.0589541 0.0286091 0.0383015 0.0557844 0.0431128 0.0772873 0.0387699 0.0413584 0.0651809 0.0412435 0.0382318 0.0362917 0.0412470 
S0405         0.1979898 0.0266911 0.0437483 0.0788170 0.0458863 0.0173803 0.0835634 0.0880796 0.0386019 0.0218477 0.0466974 0.0867470 0.0864291 0.0818792 0.0881526 0.0925258 0.0697805 0.0491483 0.0443971 0.0834447 0.0512962 0.0218587 0.0000000 0.0628050 0.0572376 0.0418864 0.0489882 0.0750993 0.0837492 0.0644706 0.0573206 0.0536655 0.0928545 0.0915635 0.0243770 0.0219640 0.0763382 0.0598576 0.0769229 0.0338836 0.0699728 0.0833789 0.0866493 0.0701651 0.0861815 0.0219528 0.0738385 0.0440174 0.0152035 0.0392313 0.0681308 0.0698159 0.0717548 0.0731989 0.0801365 0.0442549 0.0681950 0.0646597 0.0598426 0.0789130 0.0539918 0.0906878 0.0394936 0.0588470 0.0861944 0.0683967 0.0715609 0.0843441 0.0413752 0.0839970 0.0769521 0.0564836 0.0653636 0.0294157 0.0569717 0.0813190 0.0196933 0.0267377 0.0575394 0.0795346 0.0767437 0.0889549 0.0598712 0.0744288 0.0978950 0.0894054 0.1174218 0.0197570 0.0753798 0.0674751 0.0459129 0.0108055 0.0222912 0.0622037 0.0291862 0.0682431 0.0463147 0.0415418 0.0943200 0.0267997 0.0414209 0.0675830 0.0512568 0.0719739 0.0152260 0.0438856 0.0700618 0.0387496 0.0220418 0.0905645 0.0314278 0.0620841 0.0288721 0.0338226 0.0563257 0.0435213 0.0775531 0.0440171 0.0417555 0.0630188 0.0440717 0.0385906 0.0414728 0.0416419 
S0412sl       0.2430794 0.0601306 0.0628653 0.0804250 0.0596892 0.0596171 0.0896816 0.0956768 0.0529496 0.0621828 0.0700334 0.0885826 0.0893814 0.1047016 0.0831144 0.0930501 0.0743977 0.0719043 0.0806808 0.0895532 0.0941676 0.0594678 0.0628050 0.0000000 0.0584891 0.0611261 0.0863064 0.0901231 0.0869340 0.0705332 0.0723573 0.0570659 0.1095065 0.0928001 0.0682409 0.0679164 0.0804738 0.0717733 0.0924977 0.0498103 0.0772279 0.0894813 0.1159974 0.0693921 0.0923376 0.0678748 0.0942219 0.0659968 0.0653511 0.0581519 0.0841479 0.0799700 0.0926697 0.0829440 0.0904632 0.0582234 0.0899016 0.0829328 0.0750263 0.1068678 0.0653880 0.1173756 0.0692003 0.0828768 0.1031613 0.0872304 0.0775759 0.1144607 0.0551728 0.1131294 0.0894465 0.0712658 0.0867743 0.0662162 0.0871335 0.1102140 0.0573332 0.0656405 0.0582970 0.0922562 0.0922874 0.0951576 0.0771666 0.0844745 0.0926134 0.0829251 0.1258212 0.0685365 0.0910493 0.0945628 0.0694096 0.0542169 0.0525187 0.0841106 0.0654983 0.0861362 0.0684636 0.0534041 0.0902869 0.0659461 0.0604192 0.0631932 0.0624831 0.0845358 0.0600419 0.0626966 0.0924420 0.0571013 0.0603417 0.0832804 0.0710436 0.0826795 0.0678023 0.0599364 0.0820839 0.0626844 0.0997042 0.0580382 0.0609396 0.0858821 0.0633587 0.0599257 0.0745772 0.0550866 
S0417         0.1788853 0.0546794 0.0419666 0.0249417 0.0491642 0.0544572 0.0787750 0.0373998 0.0419139 0.0595281 0.0590427 0.0326024 0.0816323 0.0714277 0.0296975 0.0877090 0.0271077 0.0578893 0.0574084 0.0786623 0.0791436 0.0595616 0.0572376 0.0584891 0.0000000 0.0425612 0.0694494 0.0339987 0.0760687 0.0154415 0.0530386 0.0600551 0.0851224 0.0421716 0.0656891 0.0572826 0.0273108 0.0367825 0.0554246 0.0392711 0.0606774 0.0786006 0.0848303 0.0721022 0.0785895 0.0598085 0.0755699 0.0524836 0.0547850 0.0423721 0.0581627 0.0552044 0.0523982 0.0651383 0.0604203 0.0469803 0.0661901 0.0631437 0.0529797 0.0993868 0.0491867 0.0897402 0.0522410 0.0285994 0.0757172 0.0559277 0.0616969 0.0832364 0.0396254 0.0821597 0.0713477 0.0522539 0.0577671 0.0552425 0.0720758 0.0794645 0.0520312 0.0601634 0.0157898 0.0579568 0.0553213 0.0841727 0.0367484 0.0326346 0.0787096 0.0787606 0.0940929 0.0577955 0.0617917 0.0713844 0.0579708 0.0518170 0.0469343 0.0692140 0.0551944 0.0473718 0.0575915 0.0505657 0.0397295 0.0570017 0.0395725 0.0178249 0.0491867 0.0610354 0.0442614 0.0468438 0.0689206 0.0494435 0.0523870 0.0324460 0.0682087 0.0440485 0.0623299 0.0573992 0.0679193 0.0493789 0.0642070 0.0397333 0.0444489 0.0812360 0.0473504 0.0492330 0.0609279 0.0499037 
S0419         0.2033486 0.0366146 0.0199571 0.0605907 0.0222376 0.0366490 0.0758462 0.0719645 0.0314489 0.0414646 0.0504123 0.0669076 0.0786776 0.0770039 0.0715015 0.0846962 0.0519657 0.0419358 0.0460244 0.0757381 0.0755179 0.0414869 0.0418864 0.0611261 0.0425612 0.0000000 0.0634914 0.0614132 0.0731589 0.0441467 0.0422776 0.0493530 0.0906430 0.0557598 0.0522340 0.0413681 0.0606309 0.0472955 0.0527207 0.0393372 0.0392537 0.0756793 0.0875653 0.0598008 0.0784541 0.0416761 0.0643069 0.0086051 0.0368196 0.0042984 0.0501951 0.0444365 0.0610895 0.0709509 0.0694429 0.0248354 0.0607770 0.0520499 0.0422294 0.0903120 0.0292313 0.0888728 0.0409439 0.0617867 0.0507813 0.0553691 0.0584956 0.0830866 0.0042719 0.0848842 0.0521786 0.0365795 0.0552481 0.0501717 0.0502448 0.0821760 0.0420330 0.0419599 0.0423944 0.0501222 0.0500621 0.0784524 0.0524952 0.0641445 0.0872191 0.0816181 0.1224430 0.0420592 0.0731512 0.0541559 0.0362345 0.0343969 0.0370990 0.0553351 0.0446353 0.0579712 0.0394760 0.0317651 0.0807956 0.0421569 0.0042761 0.0446147 0.0267852 0.0504880 0.0344063 0.0268688 0.0603245 0.0317666 0.0369745 0.0776563 0.0495398 0.0524524 0.0441338 0.0343472 0.0490680 0.0364855 0.0587366 0.0296159 0.0224864 0.0576173 0.0248710 0.0316373 0.0471438 0.0224267 
S0427         0.2566690 0.0539844 0.0706467 0.0951145 0.0673511 0.0414063 0.0851769 0.1050297 0.0582448 0.0413841 0.0661988 0.0939065 0.0823951 0.0958166 0.1141960 0.0912131 0.0906811 0.0679520 0.0797673 0.0786292 0.0159268 0.0462912 0.0489882 0.0863064 0.0694494 0.0634914 0.0000000 0.0948318 0.0825032 0.0738606 0.0549623 0.0732233 0.0978345 0.0922859 0.0545135 0.0616144 0.0951657 0.0693142 0.0844278 0.0597132 0.0772605 0.0849853 0.1123816 0.0883425 0.0878460 0.0564937 0.0780165 0.0656294 0.0464430 0.0631322 0.0752300 0.0708650 0.0901947 0.0929082 0.0861263 0.0602209 0.0898229 0.0682456 0.0574794 0.1057127 0.0820039 0.1077540 0.0630607 0.0821744 0.0810955 0.0601603 0.0631944 0.1108238 0.0626858 0.1095437 0.0788937 0.0763448 0.0780846 0.0601996 0.0741693 0.1066608 0.0469014 0.0464440 0.0780005 0.0900151 0.0870896 0.0906752 0.0775797 0.0934384 0.0910864 0.0911432 0.1217604 0.0540146 0.0850630 0.0854725 0.0603853 0.0489660 0.0545968 0.0686656 0.0440796 0.0809334 0.0628773 0.0591207 0.1179052 0.0466596 0.0574254 0.0772948 0.0788998 0.0878892 0.0390675 0.0791780 0.0853367 0.0597556 0.0567495 0.1102457 0.0514341 0.0770035 0.0590359 0.0543659 0.0727340 0.0648505 0.0973551 0.0525266 0.0575757 0.0802093 0.0657133 0.0594970 0.0269284 0.0574151 
S0428sl       0.1835985 0.0806776 0.0718109 0.0467546 0.0683273 0.0745061 0.0991565 0.0552203 0.0616850 0.0801130 0.0911104 0.0550199 0.0953221 0.0969800 0.0635931 0.1091225 0.0490118 0.0782594 0.0750031 0.0990049 0.0930020 0.0801619 0.0750993 0.0901231 0.0339987 0.0614132 0.0948318 0.0000000 0.0993964 0.0332892 0.0790811 0.0830813 0.1045633 0.0831879 0.0902371 0.0834664 0.0520526 0.0482083 0.0712155 0.0605822 0.0723601 0.0986027 0.1116055 0.1006262 0.0988973 0.0834112 0.1091435 0.0663374 0.0747812 0.0551278 0.0877797 0.0721878 0.0590909 0.0973090 0.0592977 0.0725587 0.0815244 0.0903021 0.0787870 0.1223063 0.0772913 0.1208883 0.0697383 0.0546502 0.1009054 0.0858707 0.0890580 0.1099732 0.0579629 0.1086502 0.1161869 0.0708736 0.0787253 0.0943850 0.0883933 0.1056493 0.0753732 0.0780959 0.0336892 0.0711314 0.0683080 0.1050650 0.0535191 0.0414275 0.1079484 0.0954024 0.1217049 0.0785027 0.0928114 0.0899617 0.0764749 0.0712971 0.0746237 0.0941692 0.0815698 0.0650673 0.0751062 0.0689146 0.0664505 0.0784761 0.0634978 0.0360035 0.0741089 0.0685789 0.0720684 0.0716073 0.0972318 0.0715454 0.0724002 0.0665058 0.0779993 0.0561630 0.0803502 0.0658386 0.0922733 0.0714433 0.0747862 0.0637748 0.0696628 0.1113091 0.0663058 0.0712135 0.0882965 0.0694553 
S0430         0.2669754 0.0836853 0.0775204 0.1027005 0.0713885 0.0775673 0.0021249 0.1056704 0.0617011 0.0803024 0.0899248 0.1052972 0.0108113 0.0343599 0.1147826 0.0064509 0.0909086 0.0862851 0.1171996 0.0042687 0.0919665 0.0830908 0.0837492 0.0869340 0.0760687 0.0731589 0.0825032 0.0993964 0.0000000 0.0860214 0.0786140 0.0890161 0.0448558 0.0969339 0.0858147 0.0891154 0.1027538 0.0732565 0.0914849 0.0687876 0.0866935 0.0000021 0.0972386 0.0972086 0.0107631 0.0892950 0.0945020 0.0783153 0.0805242 0.0696725 0.0886384 0.0869554 0.0903623 0.0532918 0.0885260 0.0702787 0.0199905 0.0931748 0.0785783 0.1252736 0.0865169 0.1182020 0.0897790 0.0532502 0.0698758 0.0942102 0.0978635 0.1078190 0.0695211 0.0944819 0.0780443 0.0861146 0.0443419 0.0880502 0.0812525 0.0916919 0.0809127 0.0899756 0.0815781 0.0972231 0.0942113 0.0042552 0.0760712 0.1006819 0.0291495 0.0042725 0.0094610 0.0873943 0.0642122 0.1017778 0.0794035 0.0808586 0.0813150 0.0903872 0.0902011 0.0908666 0.0724441 0.0622427 0.1162759 0.0870405 0.0722915 0.0841306 0.0833063 0.0891743 0.0725475 0.0863806 0.0871116 0.0713858 0.0839558 0.1130755 0.0921855 0.0875646 0.0921412 0.0723759 0.0912427 0.0828535 0.1018207 0.0699001 0.0648042 0.1020255 0.0729027 0.0744131 0.0807571 0.0642255 
S0478         0.1964782 0.0643091 0.0563876 0.0268353 0.0533776 0.0562489 0.0887368 0.0415312 0.0490829 0.0587283 0.0638511 0.0347056 0.0916256 0.0873308 0.0413453 0.0977748 0.0289645 0.0621101 0.0674991 0.0886111 0.0837479 0.0613107 0.0644706 0.0705332 0.0154415 0.0441467 0.0738606 0.0332892 0.0860214 0.0000000 0.0573373 0.0588108 0.1014465 0.0414932 0.0728990 0.0641780 0.0315256 0.0336613 0.0568843 0.0515911 0.0649287 0.0885406 0.0837733 0.0763510 0.0913623 0.0641398 0.0833320 0.0464709 0.0591363 0.0466724 0.0650519 0.0594645 0.0413184 0.0782972 0.0540204 0.0569185 0.0761947 0.0673754 0.0572755 0.1013540 0.0486639 0.0855331 0.0623776 0.0468724 0.0649329 0.0631342 0.0689960 0.0820416 0.0439088 0.0811378 0.0765042 0.0513433 0.0651649 0.0654038 0.0793820 0.0811978 0.0540744 0.0645932 0.0223582 0.0568157 0.0542362 0.0941486 0.0360606 0.0320076 0.0919393 0.0887226 0.1117695 0.0595833 0.0778630 0.0755869 0.0624045 0.0534610 0.0564471 0.0819358 0.0570028 0.0513110 0.0618175 0.0526940 0.0466805 0.0648903 0.0438508 0.0242939 0.0460016 0.0624192 0.0488704 0.0486184 0.0815890 0.0509616 0.0516830 0.0415440 0.0699048 0.0432999 0.0667270 0.0563923 0.0720981 0.0536091 0.0603220 0.0440261 0.0543248 0.0882613 0.0516293 0.0509616 0.0627038 0.0514278 
S0552sl       0.1892220 0.0571755 0.0492245 0.0718444 0.0463085 0.0467189 0.0813230 0.0893529 0.0472508 0.0491990 0.0587369 0.0821599 0.0814110 0.0887687 0.0836874 0.0863888 0.0600732 0.0493268 0.0446178 0.0812070 0.0634077 0.0467189 0.0573206 0.0723573 0.0530386 0.0422776 0.0549623 0.0790811 0.0786140 0.0573373 0.0000000 0.0573756 0.0963101 0.0927855 0.0629765 0.0621982 0.0744277 0.0632285 0.0749672 0.0495605 0.0577305 0.0811430 0.0966597 0.0716896 0.0839476 0.0570263 0.0249973 0.0495343 0.0495094 0.0395751 0.0344786 0.0523393 0.0779425 0.0828459 0.0748752 0.0446684 0.0719902 0.0199001 0.0064828 0.1034864 0.0597572 0.0920589 0.0396894 0.0469327 0.0860812 0.0223368 0.0248023 0.0949936 0.0368850 0.0939179 0.0205797 0.0544902 0.0662132 0.0607791 0.0631780 0.0911436 0.0498825 0.0493919 0.0610034 0.0748824 0.0720962 0.0867253 0.0659595 0.0756806 0.0868838 0.0871657 0.1050502 0.0575687 0.0791608 0.0763452 0.0521396 0.0494228 0.0523622 0.0631104 0.0494774 0.0745231 0.0522973 0.0479519 0.0869876 0.0496224 0.0368372 0.0577965 0.0569306 0.0699814 0.0394259 0.0571223 0.0796395 0.0465671 0.0521859 0.0894040 0.0597184 0.0714299 0.0595932 0.0493502 0.0590422 0.0463932 0.0788687 0.0199580 0.0421443 0.0780064 0.0444816 0.0463713 0.0469873 0.0420285 
