131
PAFTOL_019361 0.0000000 0.1940094 0.2188224 0.2282684 0.2460558 0.1726688 0.2119057 0.2258305 0.1798336 0.2204449 0.1774445 0.2365265 0.2480559 0.2050517 0.2280217 0.2285516 0.1863204 0.2124555 0.3281041 0.2434200 0.1945912 0.1801425 0.1901811 0.1908948 0.1881226 0.1670121 0.1798319 0.2146740 0.1971829 0.2101319 0.2031572 0.2552383 0.2289754 0.2143506 0.1882733 0.2175000 0.2301647 0.1826875 0.2092595 0.1932185 0.1868975 0.1992912 0.2299015 0.2134512 0.1783449 0.2246227 0.1762129 0.1949858 0.1639058 0.1708403 0.1736885 0.1688149 0.2346256 0.1827234 0.1922868 0.2344767 0.2159126 0.1895466 0.1866765 0.2040376 0.2032989 0.1993940 0.2011982 0.2228991 0.1964661 0.1855879 0.2319060 0.2136488 0.1917242 0.2512356 0.1750918 0.2062598 0.1651690 0.1992528 0.1787009 0.2017362 0.2006426 0.2468495 0.2162939 0.1806827 0.2117518 0.1741072 0.2096928 0.2022603 0.2034518 0.2249904 0.2536603 0.2143564 0.1927112 0.2560448 0.2045664 0.2212867 0.2217842 0.2043323 0.2293075 0.2356854 0.1993729 0.1744450 0.1910985 0.2031066 0.1740332 0.2019732 0.2033169 0.1989487 0.1943386 0.2141861 0.2019945 0.1740027 0.2050532 0.2402641 0.1998953 0.1849494 0.2405620 0.1894215 0.1846998 0.1991377 0.2094302 0.1992406 0.1863321 0.1785043 0.1900132 0.2178024 0.2103655 0.2009154 0.1902091 0.1879856 0.1996861 0.1988309 0.1791301 0.1924370 0.1848101 
S0055         0.1940094 0.0000000 0.0540361 0.0847956 0.0991926 0.0345157 0.0903146 0.0790410 0.0676254 0.0735376 0.0668275 0.0906702 0.0925292 0.1003030 0.0867927 0.0969777 0.0675084 0.0858090 0.1374456 0.0984297 0.0575441 0.0377955 0.0414167 0.0507485 0.0537365 0.0620565 0.0598737 0.0842876 0.0622549 0.0795434 0.0563064 0.1134353 0.0891662 0.0748310 0.0513023 0.0580026 0.0867074 0.0469806 0.0763748 0.0642385 0.0439094 0.0607988 0.0951859 0.1029160 0.0617566 0.0855387 0.0359053 0.0719130 0.0620006 0.0341900 0.0645323 0.0619574 0.1025571 0.0498551 0.0573397 0.1070982 0.0762259 0.0547386 0.0660760 0.0588264 0.0644701 0.0704847 0.0965689 0.0695820 0.0788140 0.0586037 0.0925704 0.0955406 0.0822464 0.0929233 0.0615758 0.1000895 0.0623981 0.0974641 0.0937005 0.0953039 0.0779814 0.1024639 0.0505554 0.0753718 0.1036974 0.0366219 0.0604199 0.0746366 0.0614199 0.0825382 0.0950799 0.0838316 0.0548731 0.0949564 0.0654865 0.0896123 0.0908452 0.0503015 0.0955800 0.0903255 0.0802491 0.0445932 0.0434092 0.0396301 0.0662774 0.0452183 0.0669823 0.0817022 0.0808608 0.0683866 0.0436118 0.0646470 0.0679243 0.0977007 0.0755619 0.0419347 0.0903092 0.0764461 0.0746310 0.0511100 0.0893560 0.0398120 0.0575478 0.0324668 0.0642273 0.0782413 0.0921505 0.0724211 0.0622338 0.0684326 0.1071887 0.0491020 0.0707230 0.0690333 0.0616291 
S0196sl       0.2188224 0.0540361 0.0000000 0.0691827 0.0697052 0.0406148 0.0534700 0.0635195 0.0470376 0.0000010 0.0936541 0.1076470 0.0611424 0.0732129 0.0691827 0.0534700 0.0481364 0.0462959 0.0000010 0.0534700 0.0492154 0.0413180 0.0413180 0.0697203 0.0607187 0.0217227 0.0473565 0.0540458 0.0818512 0.0843343 0.0634084 0.0483912 0.0674151 0.0684797 0.0473290 0.0552709 0.0698389 0.0476210 0.0847045 0.0686517 0.0405813 0.0169372 0.0534700 0.0877126 0.0770761 0.0537576 0.0342648 0.0529617 0.0334817 0.0342648 0.0275713 0.0275713 0.0856858 0.0166730 0.0472374 0.0437468 0.0751964 0.0489767 0.0401290 0.0677359 0.0288275 0.0692733 0.0766703 0.0527720 0.0526413 0.0558975 0.0548460 0.1034610 0.0744943 0.0604162 0.0411852 0.0953705 0.0275713 0.0937538 0.0865314 0.0784462 0.0540582 0.0533906 0.0416435 0.0526413 0.1027662 0.0345293 0.0502264 0.0472272 0.0545363 0.0844844 0.1730371 0.0534700 0.0561640 0.1017699 0.0558367 0.0534700 0.0534700 0.0544587 0.0545565 0.0549475 0.0755936 0.0544094 0.0563464 0.0993073 0.0544464 0.0484747 0.1132671 0.0600975 0.0813820 0.0784725 0.0499705 0.0275713 0.0609450 0.0548460 0.0785913 0.0414769 0.0548460 0.0601675 0.0340689 0.0491294 0.0617408 0.0553328 0.0619598 0.0564226 0.0532349 0.0414014 0.0470617 0.0681130 0.0617408 0.0474590 0.0746415 0.0279279 0.0340689 0.0537735 0.0403700 
S0278         0.2282684 0.0847956 0.0691827 0.0000000 0.1343276 0.0739235 0.1155783 0.0470683 0.0869444 0.1293822 0.0943476 0.0518820 0.1087361 0.1122036 0.0519180 0.0970952 0.0429154 0.0965377 0.2131685 0.1055718 0.0851676 0.0755263 0.0757990 0.0757308 0.0425247 0.0750814 0.0786947 0.1054456 0.0534594 0.0921176 0.0798380 0.1336510 0.1157176 0.0417964 0.0857237 0.0947364 0.0444546 0.0468680 0.0902239 0.0858483 0.0745065 0.0705393 0.0975083 0.1164300 0.0866022 0.0998803 0.0730784 0.1066327 0.0709045 0.0731904 0.0736372 0.0708544 0.1234771 0.0634774 0.0538204 0.1317624 0.0716292 0.0505985 0.0891909 0.0473710 0.0822912 0.0873028 0.1054864 0.0917272 0.0959247 0.0829706 0.1172086 0.0970293 0.1115394 0.1195640 0.0867724 0.1089904 0.0752865 0.1062101 0.1400103 0.0995242 0.0976746 0.1227837 0.0882338 0.0959802 0.1155763 0.0706713 0.1020386 0.0915138 0.0425093 0.0736973 0.0976046 0.1031635 0.0579938 0.0512312 0.0901623 0.1158650 0.1045478 0.0834278 0.1300826 0.1222571 0.0980327 0.0817484 0.0826198 0.0902116 0.0929641 0.0850019 0.0733735 0.1034773 0.0945490 0.0578143 0.0888772 0.0737702 0.0411827 0.1201706 0.0808982 0.0742611 0.1124506 0.0875579 0.0895070 0.0923215 0.0421621 0.0799627 0.0552503 0.0771072 0.0968843 0.0936282 0.1111375 0.0754384 0.0859156 0.0918853 0.1094700 0.0763107 0.0853774 0.0991089 0.0863886 
S0281         0.2460558 0.0991926 0.0697052 0.1343276 0.0000000 0.0940586 0.1048135 0.1390116 0.1291110 0.1259813 0.1246000 0.1485769 0.1140189 0.1036236 0.1382266 0.1196716 0.1282064 0.1351352 0.2528992 0.1117838 0.0932785 0.0959474 0.1034067 0.1118800 0.1139704 0.0945709 0.0937878 0.0999800 0.1304618 0.1247579 0.1150488 0.1199275 0.1102559 0.1298314 0.1168253 0.1147157 0.1390597 0.0953513 0.1259957 0.1189188 0.0897778 0.0795811 0.1093526 0.1560413 0.1130520 0.1061096 0.0931972 0.1174490 0.0921031 0.0933454 0.0952541 0.0920378 0.1274778 0.0681244 0.1153347 0.1138768 0.1276975 0.1051379 0.1156545 0.1348375 0.0904069 0.1184974 0.1300271 0.1092983 0.1222214 0.1042958 0.0836509 0.1324235 0.1378793 0.0970150 0.0931587 0.1522714 0.0949133 0.1488125 0.1297177 0.1392836 0.1148098 0.0984294 0.0970922 0.1322448 0.1512644 0.0926750 0.1040667 0.1218480 0.1241521 0.1304288 0.1537176 0.1068963 0.1110607 0.1561510 0.0856209 0.1102479 0.1047906 0.1093435 0.0968563 0.1340336 0.1508728 0.1011753 0.1038360 0.1183627 0.1229495 0.0921367 0.1274929 0.1418728 0.1312193 0.1263085 0.0913428 0.0954273 0.1318230 0.0885771 0.1220193 0.1015444 0.0953413 0.1342703 0.1194744 0.1052552 0.1432815 0.0981780 0.1074753 0.1005020 0.1223338 0.1151149 0.1352600 0.1265737 0.1198709 0.1188671 0.1411221 0.0923213 0.1192565 0.1042810 0.1145056 
S0282         0.1726688 0.0345157 0.0406148 0.0739235 0.0940586 0.0000000 0.0772945 0.0781070 0.0667893 0.0198490 0.0462298 0.0876143 0.0843073 0.0954302 0.0798823 0.0799100 0.0627377 0.0779686 0.1226304 0.0858026 0.0502874 0.0028730 0.0073034 0.0480462 0.0526304 0.0605324 0.0490120 0.0750939 0.0668650 0.0826900 0.0516731 0.1017010 0.0853966 0.0679820 0.0401321 0.0220637 0.0780609 0.0492977 0.0796523 0.0519364 0.0049996 0.0429851 0.0793480 0.0851317 0.0477342 0.0816934 0.0014248 0.0908618 0.0604778 0.0043158 0.0629953 0.0604355 0.1108983 0.0345083 0.0587293 0.0920691 0.0775189 0.0517804 0.0586645 0.0597649 0.0595234 0.0797599 0.0958385 0.0763275 0.0862336 0.0387519 0.0813720 0.0822284 0.0801071 0.0893233 0.0600906 0.0825513 0.0608662 0.0801437 0.0667888 0.0921833 0.0723522 0.0889452 0.0518545 0.0744471 0.0860686 0.0014474 0.0495735 0.0758762 0.0585082 0.0839525 0.1010614 0.0751472 0.0574535 0.0902492 0.0554205 0.0847362 0.0793616 0.0149896 0.0821389 0.0976292 0.0879639 0.0087180 0.0073236 0.0484987 0.0633847 0.0521561 0.0681930 0.0790152 0.0799935 0.0776085 0.0368926 0.0631078 0.0670349 0.0840358 0.0748572 0.0088852 0.0791995 0.0752939 0.0654262 0.0165346 0.0805854 0.0353801 0.0564713 0.0314845 0.0514759 0.0688014 0.0818992 0.0658294 0.0630806 0.0609293 0.1018181 0.0525564 0.0616165 0.0635760 0.0544778 
S0288         0.2119057 0.0903146 0.0534700 0.1155783 0.1048135 0.0772945 0.0000000 0.1268951 0.0777369 0.1377614 0.0954776 0.1698564 0.0207271 0.0615445 0.1280088 0.0179715 0.1106685 0.1148826 0.2381864 0.0261689 0.0551878 0.0772395 0.0807690 0.1053617 0.0978299 0.0642223 0.0444853 0.0024707 0.0874782 0.1107374 0.1057460 0.0904005 0.0178298 0.1154078 0.0884837 0.0732580 0.1314044 0.0800061 0.1134070 0.0885384 0.0768329 0.0589280 0.0205985 0.1043843 0.1202473 0.0049823 0.0730993 0.1011439 0.0709671 0.0698507 0.0676360 0.0676360 0.1120534 0.0555214 0.0765745 0.0613073 0.1048462 0.0646023 0.0852805 0.1186640 0.0304367 0.0911407 0.1006525 0.0930223 0.1020303 0.0862683 0.0837518 0.1137947 0.1320972 0.0713609 0.0509070 0.1069974 0.0743748 0.0951889 0.1442936 0.1137310 0.0997890 0.0679438 0.0828723 0.0818443 0.1062934 0.0748358 0.0846635 0.0864085 0.1052966 0.1099418 0.1561820 0.0049838 0.0810540 0.1379572 0.0580596 0.0049315 0.0024757 0.0909518 0.0756832 0.1001259 0.1021562 0.0808638 0.0892418 0.1198033 0.0956042 0.0687624 0.1184157 0.1007087 0.1032755 0.1048290 0.0846781 0.0717798 0.1186085 0.0875022 0.1095866 0.0816098 0.0791241 0.0978899 0.0851178 0.0898143 0.1160755 0.0791846 0.0763412 0.0680717 0.1024516 0.0860875 0.1072707 0.0967068 0.0861149 0.0898505 0.1403791 0.0701771 0.0885254 0.0689907 0.0885436 
S0289         0.2258305 0.0790410 0.0635195 0.0470683 0.1390116 0.0781070 0.1268951 0.0000000 0.0685317 0.1336173 0.0966013 0.0496793 0.1319644 0.1294462 0.0394117 0.1179229 0.0382467 0.0744194 0.1730588 0.1309676 0.0924757 0.0778645 0.0824257 0.0803023 0.0294606 0.0735401 0.0922518 0.1184869 0.0435597 0.0841623 0.0753559 0.1475358 0.1330699 0.0458567 0.0885147 0.1018332 0.0455748 0.0402527 0.0827703 0.0841274 0.0778498 0.0779772 0.1217704 0.1027291 0.0870039 0.1161992 0.0753768 0.0980478 0.0693604 0.0754932 0.0720825 0.0693111 0.1162157 0.0710551 0.0529079 0.1332644 0.0751778 0.0436557 0.0723110 0.0391978 0.0935529 0.0710949 0.0887661 0.0797788 0.0838688 0.0809496 0.1189941 0.0885818 0.0985925 0.1213007 0.0845268 0.0998518 0.0757873 0.0950638 0.1256464 0.0951828 0.0877972 0.1220363 0.0916800 0.0735938 0.1041150 0.0723282 0.1068432 0.0708137 0.0379721 0.0751025 0.0907526 0.1163262 0.0529798 0.0535652 0.0911598 0.1269700 0.1214692 0.0859043 0.1314078 0.1113794 0.0854415 0.0841602 0.0850655 0.0850381 0.0660708 0.0947940 0.0629564 0.0866158 0.0820807 0.0471946 0.0962978 0.0673387 0.0348789 0.1247414 0.0797357 0.0815337 0.1165332 0.0713289 0.0692216 0.0949116 0.0556135 0.0856192 0.0500775 0.0817689 0.0859184 0.0929476 0.0856608 0.0702923 0.0702519 0.0747627 0.1261384 0.0715802 0.0653592 0.0995984 0.0759459 
S0292         0.1798336 0.0676254 0.0470376 0.0869444 0.1291110 0.0667893 0.0777369 0.0685317 0.0000000 0.1093135 0.0864987 0.0860119 0.1080636 0.1002284 0.0798230 0.0990291 0.0619695 0.0453154 0.1043780 0.1163989 0.0690332 0.0664444 0.0687240 0.0601893 0.0502177 0.0531328 0.0637104 0.0938729 0.0583233 0.0663266 0.0655658 0.1323820 0.1137009 0.0810997 0.0677430 0.0886499 0.0787992 0.0474920 0.0631680 0.0670551 0.0625448 0.0661548 0.1005576 0.0767110 0.0680232 0.0985436 0.0641446 0.0741552 0.0587210 0.0642405 0.0612121 0.0586798 0.0942379 0.0555199 0.0560205 0.1228922 0.0668959 0.0511201 0.0463680 0.0612011 0.0719701 0.0665146 0.0726904 0.0616125 0.0677832 0.0762546 0.1132477 0.0758655 0.0920243 0.1197917 0.0736480 0.0703944 0.0628390 0.0643578 0.1115745 0.0742540 0.0483566 0.1237667 0.0828383 0.0225720 0.0723085 0.0632849 0.0880425 0.0406342 0.0650761 0.0730377 0.0925521 0.0936228 0.0526054 0.0995403 0.0883155 0.1038668 0.1007047 0.0818139 0.1194229 0.0694874 0.0213315 0.0723966 0.0731430 0.0873354 0.0295439 0.0804998 0.0592723 0.0224338 0.0208718 0.0640398 0.0773755 0.0613216 0.0662032 0.1149367 0.0664726 0.0716872 0.1050947 0.0310100 0.0426258 0.0740633 0.0785203 0.0749741 0.0504181 0.0619538 0.0790865 0.0558059 0.0526170 0.0558806 0.0437051 0.0484157 0.1013473 0.0642487 0.0391787 0.0876820 0.0443100 
S0293         0.2204449 0.0735376 0.0000010 0.1293822 0.1259813 0.0198490 0.1377614 0.1336173 0.1093135 0.0000000 0.0684580 0.1261315 0.1529392 0.1685152 0.1293464 0.1477639 0.1134197 0.1185956 0.0982830 0.1627744 0.0910697 0.0195335 0.0326795 0.0916611 0.0889178 0.0827746 0.0880448 0.1241404 0.0849860 0.1299058 0.1282872 0.2294822 0.1568560 0.1046301 0.0864250 0.0379585 0.1327839 0.0900548 0.1192661 0.0835188 0.0240107 0.0785690 0.1458873 0.1190031 0.0926201 0.1525569 0.0195335 0.1530226 0.0827746 0.0235971 0.0827746 0.0827746 0.1793300 0.0689019 0.0946590 0.1746051 0.1229754 0.0699600 0.1164226 0.1061299 0.1134366 0.1153057 0.1543118 0.1275983 0.1604832 0.0747249 0.1467332 0.1052599 0.1168297 0.1221668 0.1388207 0.1107495 0.0883206 0.0983076 0.2450465 0.1354126 0.0986045 0.1412636 0.0978335 0.1375093 0.1222282 0.0202074 0.1018757 0.1320826 0.0836340 0.1288840 0.1295490 0.1255462 0.0903289 0.1556027 0.0868864 0.1476637 0.1179893 0.0323338 0.1467625 0.1592510 0.1421414 0.0236947 0.0236947 0.1170608 0.1265976 0.0927146 0.0903242 0.1311531 0.1313184 0.1150261 0.0795885 0.0896599 0.1230396 0.1632730 0.1069597 0.0381334 0.1335342 0.1171757 0.1225120 0.0326699 0.1475083 0.0885084 0.0785598 0.0684980 0.1200953 0.1211985 0.1322164 0.1067909 0.0960546 0.1164226 0.1807852 0.0717614 0.1106913 0.1412661 0.1015617 
S0294         0.1774445 0.0668275 0.0936541 0.0943476 0.1246000 0.0462298 0.0954776 0.0966013 0.0864987 0.0684580 0.0000000 0.1012622 0.1025833 0.1096841 0.0985039 0.1023890 0.0821385 0.0930662 0.1713045 0.1094720 0.0731063 0.0478491 0.0537648 0.0623729 0.0727951 0.0755948 0.0712180 0.0943927 0.0790716 0.0933383 0.0757663 0.1315372 0.1106034 0.0882680 0.0653574 0.0635366 0.0988077 0.0718225 0.0976894 0.0726682 0.0456860 0.0744011 0.1039288 0.1062001 0.0737991 0.1020352 0.0457789 0.0990319 0.0756077 0.0458469 0.0803616 0.0774294 0.1249041 0.0612434 0.0773732 0.1170870 0.0951680 0.0701589 0.0727329 0.0810734 0.0720102 0.0877554 0.1028102 0.0933664 0.0924461 0.0288719 0.1075873 0.1071535 0.1047806 0.1176084 0.0779620 0.1033036 0.0820275 0.1006159 0.1254739 0.0976725 0.0925794 0.1099318 0.0726266 0.0947238 0.1097354 0.0446337 0.0858723 0.0987727 0.0814722 0.0963721 0.1207325 0.0948776 0.0784499 0.1103795 0.0776153 0.1029511 0.1017224 0.0576022 0.1159127 0.1124852 0.1064177 0.0571010 0.0497815 0.0767724 0.0824808 0.0734345 0.0886543 0.1008397 0.1051823 0.0896672 0.0708511 0.0805079 0.0889102 0.1082429 0.0944803 0.0467105 0.1051959 0.0912821 0.0849994 0.0637680 0.1056144 0.0567857 0.0773401 0.0495931 0.0652103 0.0945266 0.1041126 0.0884791 0.0793329 0.0731426 0.1324541 0.0774867 0.0808524 0.0866811 0.0707317 
S0299         0.2365265 0.0906702 0.1076470 0.0518820 0.1485769 0.0876143 0.1698564 0.0496793 0.0860119 0.1261315 0.1012622 0.0000000 0.1457625 0.1457838 0.0436323 0.1352861 0.0453785 0.0919134 0.1693164 0.1452792 0.1111580 0.0918795 0.0922779 0.0849042 0.0429583 0.0845336 0.1033917 0.1387011 0.0597240 0.1010739 0.0768601 0.1667379 0.1476865 0.0505162 0.0991020 0.1183816 0.0378758 0.0626290 0.0900816 0.0977217 0.0915245 0.0994216 0.1289528 0.1085357 0.0996240 0.1400291 0.0888885 0.1328246 0.0843692 0.0890443 0.0901102 0.0866121 0.1294158 0.0924239 0.0749473 0.1685344 0.0866970 0.0621570 0.0892729 0.0532730 0.1088263 0.0806508 0.1085032 0.1009910 0.1008066 0.0942774 0.1364594 0.0854445 0.1141512 0.1411164 0.1094944 0.1000394 0.0944154 0.0975451 0.1404583 0.1074575 0.1008417 0.1539159 0.1084069 0.0943169 0.1050100 0.0837186 0.1205949 0.1018877 0.0489556 0.0866063 0.0864001 0.1361526 0.0756192 0.0524899 0.1013785 0.1516416 0.1423422 0.0968026 0.1545861 0.1362768 0.1069812 0.0984163 0.0901495 0.1000224 0.0859457 0.1038965 0.0690071 0.1053423 0.0974748 0.0431432 0.1017719 0.0876507 0.0435816 0.1401448 0.0843756 0.0937852 0.1365355 0.0965645 0.0822438 0.1040769 0.0574473 0.0952061 0.0679680 0.0930623 0.1073428 0.1141975 0.0999190 0.0808430 0.0957237 0.0923363 0.1318079 0.0895465 0.0823527 0.1149747 0.0907813 
S0303         0.2480559 0.0925292 0.0611424 0.1087361 0.1140189 0.0843073 0.0207271 0.1319644 0.1080636 0.1529392 0.1025833 0.1457625 0.0000000 0.0656705 0.1385303 0.0195961 0.1218561 0.1375188 0.2711538 0.0248485 0.0747521 0.0859456 0.0931831 0.1020398 0.1093817 0.1007473 0.0659342 0.0181744 0.1050045 0.1161334 0.1093755 0.0737477 0.0163624 0.1180459 0.1036610 0.1005480 0.1377435 0.0946956 0.1282341 0.1054402 0.0830596 0.0901380 0.0197003 0.1357439 0.1121933 0.0117629 0.0833034 0.1216393 0.1006357 0.0856784 0.1040051 0.1005634 0.1258777 0.0742348 0.1016852 0.0732006 0.1208911 0.0931123 0.1046293 0.1199675 0.0449055 0.1009247 0.1249537 0.1069583 0.1198698 0.1003772 0.0951758 0.1235420 0.1443156 0.0788823 0.0486330 0.1348399 0.1013558 0.1317230 0.1627895 0.1270014 0.1218398 0.0751168 0.0887961 0.1237586 0.1355280 0.0804019 0.0997555 0.1139070 0.1140366 0.1262868 0.1521706 0.0197101 0.1046451 0.1431695 0.0586063 0.0243609 0.0212386 0.0999263 0.0665069 0.1136517 0.1249390 0.0967903 0.0882834 0.1047484 0.1058971 0.0730286 0.1238936 0.1241896 0.1244357 0.1356574 0.0969158 0.1041970 0.1207158 0.1004895 0.1243217 0.0854685 0.0972045 0.1219911 0.1152577 0.1061931 0.1146973 0.0868869 0.1026216 0.0888640 0.1057730 0.1071226 0.1376574 0.1130920 0.0996920 0.1076487 0.1517637 0.0910412 0.1150465 0.0883457 0.1058986 
S0308         0.2050517 0.1003030 0.0732129 0.1122036 0.1036236 0.0954302 0.0615445 0.1294462 0.1002284 0.1685152 0.1096841 0.1457838 0.0656705 0.0000000 0.1305801 0.0698278 0.1071156 0.1356643 0.2007535 0.0762134 0.0870647 0.0949014 0.1000222 0.0989696 0.1059154 0.0970237 0.0776330 0.0562639 0.1044736 0.1141045 0.1166717 0.0831334 0.0677725 0.1114427 0.1005424 0.1158060 0.1341471 0.0938834 0.1147543 0.1048901 0.0971905 0.0917415 0.0692254 0.1503239 0.1104707 0.0542725 0.0921887 0.1331328 0.0927445 0.0879465 0.1001721 0.0968503 0.1150336 0.0782703 0.0985763 0.0638615 0.1126027 0.0966130 0.1024804 0.1190110 0.0524588 0.1056450 0.1210376 0.1117767 0.1140900 0.1048060 0.1022579 0.1370880 0.1397567 0.0901002 0.0466194 0.1418947 0.0998071 0.1339045 0.1286591 0.1267668 0.1125503 0.0946539 0.1004326 0.1110620 0.1443097 0.0915041 0.1078858 0.1074141 0.1155608 0.1151079 0.1419153 0.0581733 0.0981050 0.1495036 0.0630375 0.0613921 0.0622908 0.1125444 0.0717138 0.1016988 0.1142857 0.1015540 0.1026843 0.1007401 0.0998039 0.0916800 0.1242398 0.1194109 0.1073043 0.1207944 0.0984081 0.1003546 0.1245210 0.1039588 0.1087830 0.1008602 0.0986922 0.1139518 0.1110264 0.1134184 0.1072518 0.0928288 0.1040509 0.0862366 0.1075975 0.1021383 0.1268557 0.1119812 0.1038443 0.1054200 0.1324904 0.0943216 0.1108256 0.0944736 0.1037392 
S0320         0.2280217 0.0867927 0.0691827 0.0519180 0.1382266 0.0798823 0.1280088 0.0394117 0.0798230 0.1293464 0.0985039 0.0436323 0.1385303 0.1305801 0.0000000 0.1217840 0.0467250 0.0969615 0.1861913 0.1326136 0.0966378 0.0814807 0.0817814 0.0776162 0.0325965 0.0742427 0.0937111 0.1248755 0.0538915 0.0899819 0.0709905 0.1537016 0.1395837 0.0450008 0.0917475 0.1057168 0.0383660 0.0416059 0.0798937 0.0856457 0.0740944 0.0805406 0.1256161 0.1160199 0.0894342 0.1225144 0.0789619 0.0986402 0.0720191 0.0790834 0.0720205 0.0719688 0.1152346 0.0718782 0.0542589 0.1478272 0.0746547 0.0452638 0.0838319 0.0460369 0.0948774 0.0832335 0.1010353 0.0937058 0.0937731 0.0802829 0.1249782 0.1015035 0.1138053 0.1295320 0.0953502 0.1129757 0.0783998 0.1082073 0.1204953 0.0986139 0.0930495 0.1376739 0.0882364 0.0770043 0.1176151 0.0745253 0.1102181 0.0867962 0.0480542 0.0765061 0.1009777 0.1224686 0.0543323 0.0603439 0.0950729 0.1356983 0.1254306 0.0842484 0.1410161 0.1171123 0.0977538 0.0878098 0.0843928 0.0878282 0.0715316 0.0986280 0.0663687 0.0982287 0.0935373 0.0373117 0.0954047 0.0726978 0.0379700 0.1280531 0.0850924 0.0810464 0.1250382 0.0806442 0.0852240 0.0986897 0.0533144 0.0849926 0.0516763 0.0790749 0.0923371 0.0919256 0.1071655 0.0756107 0.0796113 0.0864211 0.1139665 0.0831108 0.0811541 0.1074242 0.0811507 
S0322         0.2285516 0.0969777 0.0534700 0.0970952 0.1196716 0.0799100 0.0179715 0.1179229 0.0990291 0.1477639 0.1023890 0.1352861 0.0195961 0.0698278 0.1217840 0.0000000 0.1077314 0.1279242 0.2697289 0.0181802 0.0706678 0.0815476 0.0886495 0.1017894 0.0951934 0.0942102 0.0639161 0.0118700 0.0937698 0.1114976 0.1067451 0.0758348 0.0243867 0.1024196 0.0990008 0.0956289 0.1229456 0.0809247 0.1210698 0.1019554 0.0782706 0.0878720 0.0117916 0.1327980 0.1052469 0.0133982 0.0789664 0.1249180 0.0941081 0.0812980 0.0973560 0.0940402 0.1362157 0.0720475 0.0866622 0.0756887 0.1100027 0.0751823 0.1020879 0.1080169 0.0467728 0.0965195 0.1199564 0.1025019 0.1152201 0.0964058 0.0920716 0.1243706 0.1365225 0.0802987 0.0487768 0.1319188 0.0969990 0.1242631 0.1326917 0.1193877 0.1145777 0.0805711 0.0960390 0.1104255 0.1342449 0.0760471 0.1074299 0.1023170 0.1002844 0.1174322 0.1421951 0.0103177 0.0859654 0.1236620 0.0600835 0.0194735 0.0165159 0.0952928 0.0728801 0.1184343 0.1153049 0.0880364 0.0890083 0.1046207 0.1014484 0.0770900 0.1156298 0.1170316 0.1171004 0.1190920 0.0934992 0.0975361 0.1065258 0.0972738 0.1222651 0.0810003 0.0940699 0.1124621 0.1037450 0.1014013 0.1029417 0.0891431 0.0843649 0.0888532 0.1057595 0.1058864 0.1323484 0.1016497 0.0868491 0.1050661 0.1434620 0.0888403 0.1035548 0.0842227 0.1012146 
S0327         0.1863204 0.0675084 0.0481364 0.0429154 0.1282064 0.0627377 0.1106685 0.0382467 0.0619695 0.1134197 0.0821385 0.0453785 0.1218561 0.1071156 0.0467250 0.1077314 0.0000000 0.0744963 0.1772139 0.1185247 0.0752840 0.0624170 0.0626267 0.0606377 0.0208495 0.0528892 0.0758399 0.1062030 0.0372703 0.0906451 0.0702491 0.1409422 0.1229884 0.0366260 0.0760781 0.0840219 0.0327226 0.0344737 0.0646691 0.0711450 0.0623342 0.0624815 0.1100544 0.0881121 0.0726615 0.1098952 0.0601753 0.1021231 0.0492537 0.0602645 0.0552172 0.0528069 0.1175747 0.0555832 0.0336730 0.1249979 0.0598544 0.0326303 0.0619708 0.0262190 0.0780453 0.0775745 0.0889445 0.0809422 0.0879908 0.0639849 0.1080350 0.0790552 0.0790754 0.1199427 0.0774226 0.0854672 0.0587258 0.0790191 0.1138353 0.0938850 0.0814842 0.1216634 0.0762167 0.0686737 0.0874879 0.0595544 0.0864462 0.0629358 0.0271205 0.0637233 0.0796743 0.1039414 0.0394830 0.0508864 0.0926942 0.1165251 0.1050603 0.0696067 0.1282675 0.1031780 0.0775823 0.0682671 0.0689620 0.0803989 0.0671311 0.0769608 0.0505940 0.0812621 0.0768834 0.0358926 0.0723334 0.0553153 0.0243653 0.1108880 0.0596499 0.0651210 0.1033897 0.0676272 0.0648798 0.0779343 0.0478600 0.0672964 0.0426256 0.0641535 0.0737222 0.0784079 0.0814552 0.0537631 0.0692764 0.0642635 0.1021030 0.0603496 0.0649538 0.0874405 0.0634932 
S0335         0.2124555 0.0858090 0.0462959 0.0965377 0.1351352 0.0779686 0.1148826 0.0744194 0.0453154 0.1185956 0.0930662 0.0919134 0.1375188 0.1356643 0.0969615 0.1279242 0.0744963 0.0000000 0.0832300 0.1389710 0.0905151 0.0775514 0.0820954 0.0798415 0.0636471 0.0739781 0.0881865 0.1213927 0.0662552 0.0862702 0.0887074 0.1640273 0.1385934 0.0925989 0.0889176 0.1014685 0.0857451 0.0649454 0.0917278 0.0820209 0.0769480 0.0801954 0.1294470 0.1058393 0.0843066 0.1292963 0.0750738 0.0910018 0.0739051 0.0751893 0.0767351 0.0738522 0.1038743 0.0674252 0.0738286 0.1516783 0.0861006 0.0648289 0.0545223 0.0677504 0.0935333 0.0801147 0.0999062 0.0807015 0.0814429 0.0839323 0.1294505 0.1068110 0.1080977 0.1389226 0.1020019 0.0982891 0.0784109 0.0956189 0.1385594 0.0951048 0.0525065 0.1356782 0.0970268 0.0517985 0.1047410 0.0697791 0.1083158 0.0561907 0.0735617 0.0903928 0.1120890 0.1213531 0.0703295 0.1119631 0.0987184 0.1323023 0.1259338 0.0939305 0.1403676 0.0825542 0.0633819 0.0838253 0.0827568 0.0939275 0.0648048 0.1021923 0.0821040 0.0620526 0.0596830 0.0784784 0.0944087 0.0718350 0.0768626 0.1354548 0.0864651 0.0811133 0.1269078 0.0580559 0.0375802 0.0805492 0.0936214 0.0904952 0.0678584 0.0781486 0.0891988 0.0557452 0.0212144 0.0727005 0.0612113 0.0567184 0.1178872 0.0773319 0.0341892 0.1000091 0.0523027 
S0345         0.3281041 0.1374456 0.0000010 0.2131685 0.2528992 0.1226304 0.2381864 0.1730588 0.1043780 0.0982830 0.1713045 0.1693164 0.2711538 0.2007535 0.1861913 0.2697289 0.1772139 0.0832300 0.0000000 0.2837469 0.1851656 0.1199138 0.1289738 0.1433644 0.1450841 0.1649757 0.1601396 0.2191026 0.1273360 0.1531539 0.1652859 0.2808779 0.2409372 0.1954475 0.1374453 0.1284662 0.1767304 0.1468937 0.1540730 0.1381639 0.1209665 0.1368589 0.2712761 0.2095121 0.1155569 0.2468475 0.1199138 0.1795898 0.1649757 0.1187825 0.1649757 0.1649757 0.1627390 0.1382700 0.1356326 0.2717973 0.1543057 0.1242023 0.1220625 0.1639630 0.1761480 0.1424573 0.1609919 0.1382454 0.1831954 0.1602710 0.2157307 0.2122977 0.2159031 0.2410164 0.2186659 0.1915403 0.1744889 0.1673474 0.4002813 0.1592162 0.0987233 0.2594488 0.1557604 0.1322990 0.2012171 0.1136388 0.1428457 0.1163962 0.1359864 0.1543057 0.1642037 0.2243865 0.1332174 0.2075648 0.1143405 0.2402931 0.2244138 0.1368236 0.2730494 0.0867881 0.1555281 0.1200877 0.1289917 0.1386865 0.1169121 0.1781954 0.1487033 0.1322990 0.1277531 0.1624755 0.1437840 0.1608802 0.2060053 0.2273576 0.1637057 0.1493269 0.1792843 0.1346752 0.1116705 0.1320889 0.1951699 0.1645530 0.1281909 0.1207297 0.1791628 0.0342111 0.0886270 0.1543057 0.1095916 0.1220625 0.2126393 0.1505564 0.1034555 0.1874755 0.1199973 
S0355         0.2434200 0.0984297 0.0534700 0.1055718 0.1117838 0.0858026 0.0261689 0.1309676 0.1163989 0.1627744 0.1094720 0.1452792 0.0248485 0.0762134 0.1326136 0.0181802 0.1185247 0.1389710 0.2837469 0.0000000 0.0770441 0.0874307 0.0946671 0.1092362 0.1062414 0.1013884 0.0721003 0.0283633 0.1041572 0.1217740 0.1173178 0.0910618 0.0281290 0.1146912 0.1051205 0.1018827 0.1314340 0.0867960 0.1314673 0.1188069 0.0887949 0.0880553 0.0118825 0.1430687 0.1129770 0.0264765 0.0847847 0.1356373 0.1010522 0.0871591 0.1044474 0.1009792 0.1397837 0.0718748 0.0968022 0.0859723 0.1249605 0.0882768 0.1120539 0.1168498 0.0551608 0.1061710 0.1308338 0.1086012 0.1255556 0.1068788 0.0968313 0.1343026 0.1444950 0.0924300 0.0565600 0.1421894 0.1040556 0.1389368 0.1630525 0.1275451 0.1227275 0.0885445 0.0982455 0.1251974 0.1458818 0.0819084 0.1022571 0.1168439 0.1108309 0.1303990 0.1565616 0.0282677 0.0995915 0.1328904 0.0691139 0.0365853 0.0265517 0.1014003 0.0783954 0.1201554 0.1346730 0.0982576 0.0950538 0.1114723 0.1161360 0.0788249 0.1268634 0.1274027 0.1321417 0.1320544 0.0950008 0.1046414 0.1173751 0.1021562 0.1326074 0.0869802 0.0988578 0.1275691 0.1136958 0.1076783 0.1114734 0.0906523 0.0976865 0.0903558 0.1167933 0.1086187 0.1387188 0.1160405 0.1036755 0.1151919 0.1516673 0.0978372 0.1134870 0.0952692 0.1110681 
S0376         0.1945912 0.0575441 0.0492154 0.0851676 0.0932785 0.0502874 0.0551878 0.0924757 0.0690332 0.0910697 0.0731063 0.1111580 0.0747521 0.0870647 0.0966378 0.0706678 0.0752840 0.0905151 0.1851656 0.0770441 0.0000000 0.0538745 0.0580773 0.0655091 0.0690149 0.0657138 0.0300011 0.0658344 0.0762794 0.0894126 0.0694144 0.1002352 0.0779505 0.0833015 0.0694437 0.0687447 0.0848947 0.0620364 0.0867221 0.0723412 0.0566608 0.0528771 0.0720326 0.1061641 0.0756450 0.0682119 0.0517114 0.0985793 0.0656520 0.0517879 0.0683110 0.0656053 0.1063535 0.0405046 0.0735937 0.1024762 0.0813509 0.0584536 0.0742243 0.0774310 0.0559988 0.0887082 0.0946038 0.0813862 0.0929904 0.0689233 0.0748637 0.0985037 0.0927610 0.0950765 0.0605141 0.1032196 0.0660864 0.0962233 0.1075046 0.0942594 0.0840556 0.0921187 0.0588577 0.0749564 0.1030614 0.0508606 0.0711971 0.0744259 0.0688599 0.0879955 0.1072361 0.0658405 0.0722466 0.0958893 0.0691267 0.0753865 0.0700065 0.0685446 0.0820325 0.0818149 0.0825222 0.0551391 0.0602286 0.0758361 0.0697946 0.0567933 0.0863479 0.0917597 0.0821977 0.0900144 0.0569441 0.0684354 0.0807949 0.0765796 0.0890545 0.0529388 0.0678456 0.0758149 0.0852201 0.0601259 0.0888521 0.0528192 0.0693054 0.0463865 0.0768846 0.0743111 0.0941542 0.0730960 0.0638179 0.0767579 0.1011162 0.0534484 0.0810738 0.0402497 0.0716233 
S0400         0.1801425 0.0377955 0.0413180 0.0755263 0.0959474 0.0028730 0.0772395 0.0778645 0.0664444 0.0195335 0.0478491 0.0918795 0.0859456 0.0949014 0.0814807 0.0815476 0.0624170 0.0775514 0.1199138 0.0874307 0.0538745 0.0000000 0.0072716 0.0515535 0.0523698 0.0602255 0.0505594 0.0746886 0.0665195 0.0822412 0.0552459 0.1056795 0.0914389 0.0695871 0.0399384 0.0219597 0.0796620 0.0491262 0.0814768 0.0516736 0.0049898 0.0427716 0.0809757 0.0846763 0.0474976 0.0833236 0.0014188 0.0906010 0.0601717 0.0042973 0.0626719 0.0601297 0.1125928 0.0343387 0.0584324 0.0888115 0.0771067 0.0515201 0.0583679 0.0613556 0.0592090 0.0793337 0.0953047 0.0759279 0.0857657 0.0386727 0.0829953 0.0817943 0.0839467 0.0909333 0.0597795 0.0821140 0.0605560 0.0797221 0.0744731 0.0916697 0.0719762 0.0905491 0.0534344 0.0740579 0.0856126 0.0014445 0.0530768 0.0754722 0.0600693 0.0835003 0.1004906 0.0747412 0.0571609 0.0918753 0.0552562 0.0842753 0.0789288 0.0149225 0.0861119 0.0970865 0.0874759 0.0101859 0.0072919 0.0520420 0.0630570 0.0538965 0.0678334 0.0828006 0.0837451 0.0771961 0.0402568 0.0627833 0.0686184 0.0878706 0.0744639 0.0118839 0.0808230 0.0748961 0.0650955 0.0197094 0.0801597 0.0387476 0.0561888 0.0313359 0.0512186 0.0684349 0.0814588 0.0654945 0.0627563 0.0606181 0.1034419 0.0522964 0.0613074 0.0691972 0.0560866 
S0405         0.1901811 0.0414167 0.0413180 0.0757990 0.1034067 0.0073034 0.0807690 0.0824257 0.0687240 0.0326795 0.0537648 0.0922779 0.0931831 0.1000222 0.0817814 0.0886495 0.0626267 0.0820954 0.1289738 0.0946671 0.0580773 0.0072716 0.0000000 0.0536602 0.0525359 0.0604249 0.0526149 0.0815374 0.0667476 0.0892491 0.0554266 0.1112074 0.0987571 0.0698326 0.0437446 0.0235408 0.0799543 0.0492806 0.0817776 0.0556787 0.0101738 0.0466148 0.0880169 0.0849895 0.0513836 0.0904471 0.0057692 0.1007084 0.0603707 0.0087381 0.0628834 0.0603285 0.1205818 0.0360569 0.0586246 0.0990044 0.0773856 0.0516856 0.0624504 0.0615630 0.0615460 0.0861952 0.1027113 0.0825842 0.0928279 0.0448112 0.0900766 0.0820910 0.0886186 0.0981926 0.0640855 0.0824131 0.0607578 0.0800087 0.0814130 0.0990188 0.0763225 0.0977680 0.0576005 0.0786293 0.0859267 0.0058757 0.0572093 0.0778964 0.0602676 0.0838108 0.1008955 0.0815975 0.0573497 0.0922349 0.0615667 0.0913355 0.0859139 0.0164241 0.0933309 0.0997924 0.0900976 0.0147962 0.0087559 0.0560774 0.0674413 0.0536285 0.0680716 0.0852905 0.0862192 0.0774756 0.0440985 0.0629956 0.0688565 0.0927022 0.0747284 0.0133596 0.0856806 0.0795377 0.0692475 0.0246799 0.0804496 0.0425780 0.0563706 0.0349525 0.0551770 0.0708039 0.0860696 0.0657150 0.0669553 0.0647665 0.1038651 0.0562223 0.0653880 0.0715314 0.0600950 
S0412sl       0.1908948 0.0507485 0.0697203 0.0757308 0.1118800 0.0480462 0.1053617 0.0803023 0.0601893 0.0916611 0.0623729 0.0849042 0.1020398 0.0989696 0.0776162 0.1017894 0.0606377 0.0798415 0.1433644 0.1092362 0.0655091 0.0515535 0.0536602 0.0000000 0.0506873 0.0511439 0.0594943 0.0943285 0.0647548 0.0922935 0.0595367 0.1237228 0.1051306 0.0699057 0.0583540 0.0717263 0.0778628 0.0531800 0.0745119 0.0638266 0.0564077 0.0659465 0.1009474 0.1074583 0.0487108 0.0990192 0.0494352 0.0993914 0.0548692 0.0495088 0.0572860 0.0548307 0.1144273 0.0496077 0.0604255 0.1214717 0.0785015 0.0534717 0.0649409 0.0676775 0.0694368 0.0809361 0.1058359 0.0865655 0.0912324 0.0554916 0.1086202 0.1040955 0.0886175 0.1200275 0.0783933 0.1045193 0.0589049 0.1017925 0.0910515 0.1010417 0.0784291 0.1194710 0.0566811 0.0756424 0.1110288 0.0503657 0.0649446 0.0701194 0.0659472 0.0848749 0.1075460 0.0890643 0.0591637 0.0860958 0.0776393 0.1043601 0.0988903 0.0640071 0.1121515 0.0964970 0.0754925 0.0588837 0.0577850 0.0580507 0.0616708 0.0548348 0.0719300 0.0734224 0.0646540 0.0732278 0.0514170 0.0573882 0.0689285 0.1103098 0.0758538 0.0487281 0.1006223 0.0744807 0.0716783 0.0643972 0.0825115 0.0384532 0.0601694 0.0401836 0.0692056 0.0794557 0.0821149 0.0688903 0.0706014 0.0673086 0.1092715 0.0624450 0.0677634 0.0717768 0.0625283 
S0417         0.1881226 0.0537365 0.0607187 0.0425247 0.1139704 0.0526304 0.0978299 0.0294606 0.0502177 0.0889178 0.0727951 0.0429583 0.1093817 0.1059154 0.0325965 0.0951934 0.0208495 0.0636471 0.1450841 0.1062414 0.0690149 0.0523698 0.0525359 0.0506873 0.0000000 0.0433046 0.0652258 0.0936761 0.0208917 0.0710130 0.0621733 0.1259707 0.1105807 0.0343437 0.0672813 0.0725300 0.0341806 0.0180631 0.0492345 0.0626266 0.0507904 0.0540157 0.0982392 0.0848566 0.0639467 0.0979147 0.0502793 0.0775133 0.0397236 0.0503521 0.0418392 0.0396963 0.1039280 0.0475183 0.0241556 0.1184534 0.0449248 0.0212646 0.0613501 0.0149760 0.0667995 0.0589673 0.0835719 0.0622326 0.0705766 0.0574430 0.1019968 0.0721497 0.0799630 0.1081560 0.0727885 0.0822860 0.0451936 0.0759860 0.1113340 0.0810053 0.0688106 0.1120664 0.0696855 0.0549692 0.0842653 0.0513206 0.0807415 0.0545125 0.0175807 0.0466728 0.0653133 0.0915148 0.0277868 0.0521642 0.0779409 0.1036365 0.0955219 0.0627787 0.1167564 0.0995283 0.0634872 0.0579440 0.0585127 0.0711940 0.0457521 0.0665384 0.0363332 0.0666906 0.0626502 0.0227988 0.0664118 0.0419121 0.0209628 0.1047409 0.0505058 0.0570420 0.0974869 0.0525069 0.0549058 0.0669491 0.0491239 0.0568192 0.0272908 0.0540507 0.0657833 0.0675437 0.0723054 0.0408932 0.0512916 0.0636117 0.0964394 0.0521251 0.0513012 0.0809029 0.0590511 
S0419         0.1670121 0.0620565 0.0217227 0.0750814 0.0945709 0.0605324 0.0642223 0.0735401 0.0531328 0.0827746 0.0755948 0.0845336 0.1007473 0.0970237 0.0742427 0.0942102 0.0528892 0.0739781 0.1649757 0.1013884 0.0657138 0.0602255 0.0604249 0.0511439 0.0433046 0.0000000 0.0595788 0.0787912 0.0529949 0.0863326 0.0708964 0.1247167 0.0977457 0.0647636 0.0748773 0.0811368 0.0732145 0.0402506 0.0612431 0.0612590 0.0551710 0.0420487 0.0933804 0.0862274 0.0665946 0.0853914 0.0580209 0.0772767 0.0071576 0.0581066 0.0086867 0.0071529 0.1098005 0.0357774 0.0507538 0.1152946 0.0689674 0.0405425 0.0609245 0.0557415 0.0609042 0.0712792 0.0901644 0.0768209 0.0765538 0.0628432 0.0911591 0.0852078 0.0708912 0.1036429 0.0718891 0.0795929 0.0116240 0.0771893 0.1065090 0.0885050 0.0764419 0.1075309 0.0607151 0.0598460 0.0856168 0.0574074 0.0719399 0.0534298 0.0559978 0.0751627 0.0948911 0.0808597 0.0495877 0.0818273 0.0830153 0.0884524 0.0811234 0.0750532 0.1133098 0.0944563 0.0707792 0.0660047 0.0666699 0.0763682 0.0695886 0.0676737 0.0616462 0.0763666 0.0652046 0.0592813 0.0596895 0.0087009 0.0544842 0.0937171 0.0587405 0.0614123 0.0868816 0.0631716 0.0618872 0.0755075 0.0765513 0.0631354 0.0451221 0.0533779 0.0743697 0.0800894 0.0781947 0.0559878 0.0640450 0.0632307 0.0839487 0.0445476 0.0581094 0.0807897 0.0604775 
S0427         0.1798319 0.0598737 0.0473565 0.0786947 0.0937878 0.0490120 0.0444853 0.0922518 0.0637104 0.0880448 0.0712180 0.1033917 0.0659342 0.0776330 0.0937111 0.0639161 0.0758399 0.0881865 0.1601396 0.0721003 0.0300011 0.0505594 0.0526149 0.0594943 0.0652258 0.0595788 0.0000000 0.0576341 0.0721605 0.0845880 0.0671065 0.0973718 0.0711892 0.0766665 0.0655340 0.0663205 0.0866227 0.0622908 0.0811929 0.0726277 0.0549184 0.0584770 0.0652576 0.1054818 0.0695324 0.0598305 0.0484924 0.0977849 0.0595265 0.0485621 0.0619863 0.0594855 0.0978532 0.0428045 0.0675797 0.0946148 0.0750929 0.0588009 0.0703978 0.0728858 0.0502643 0.0817844 0.0934050 0.0791756 0.0880486 0.0663998 0.0679132 0.0980185 0.0904660 0.0942244 0.0607076 0.1026153 0.0599017 0.0957952 0.0942039 0.0891107 0.0883547 0.0916368 0.0535487 0.0713718 0.1047257 0.0476872 0.0621637 0.0679021 0.0675343 0.0814346 0.0994703 0.0576356 0.0686069 0.0899072 0.0671490 0.0666770 0.0635221 0.0646157 0.0959269 0.0833921 0.0834579 0.0560929 0.0566405 0.0741685 0.0623899 0.0496917 0.0838508 0.0878373 0.0761713 0.0873163 0.0550224 0.0620952 0.0784248 0.0695642 0.0822738 0.0497803 0.0613579 0.0782217 0.0769913 0.0649946 0.0801785 0.0527906 0.0674131 0.0469632 0.0775517 0.0725513 0.0903322 0.0673304 0.0682365 0.0728242 0.0894523 0.0535287 0.0730398 0.0367922 0.0679139 
S0430         0.2146740 0.0842876 0.0540458 0.1054456 0.0999800 0.0750939 0.0024707 0.1184869 0.0938729 0.1241404 0.0943927 0.1387011 0.0181744 0.0562639 0.1248755 0.0118700 0.1062030 0.1213927 0.2191026 0.0283633 0.0658344 0.0746886 0.0815374 0.0943285 0.0936761 0.0787912 0.0576341 0.0000000 0.0922416 0.0970886 0.0984731 0.0677393 0.0134023 0.1052758 0.0894646 0.0882996 0.1260204 0.0792097 0.1103801 0.0956222 0.0760977 0.0765240 0.0181040 0.1225459 0.0936400 0.0058783 0.0722164 0.0984106 0.0787113 0.0744167 0.0816476 0.0786547 0.1153454 0.0632081 0.0849477 0.0652364 0.1057999 0.0734655 0.0899119 0.1107136 0.0364450 0.0831425 0.1073502 0.0889279 0.0986640 0.0916417 0.0845534 0.1167074 0.1280019 0.0741483 0.0394043 0.1217476 0.0813647 0.1143515 0.1334868 0.1069452 0.1044365 0.0743936 0.0867078 0.1018966 0.1240079 0.0713034 0.0910363 0.0907586 0.1030635 0.1131612 0.1376059 0.0014412 0.0842276 0.1268129 0.0499900 0.0028689 0.0043563 0.0933112 0.0659330 0.1035410 0.1050221 0.0809842 0.0818598 0.0932756 0.0936170 0.0646671 0.1138226 0.1092702 0.1072787 0.1150800 0.0778834 0.0817982 0.1094163 0.0895430 0.1092134 0.0781177 0.0864998 0.1024932 0.0964279 0.0938077 0.1070038 0.0797296 0.0826587 0.0733094 0.0920911 0.0963844 0.1215225 0.0964051 0.0779885 0.0926909 0.1349572 0.0757013 0.0962521 0.0771367 0.0917772 
S0478         0.1971829 0.0622549 0.0818512 0.0534594 0.1304618 0.0668650 0.0874782 0.0435597 0.0583233 0.0849860 0.0790716 0.0597240 0.1050045 0.1044736 0.0538915 0.0937698 0.0372703 0.0662552 0.1273360 0.1041572 0.0762794 0.0665195 0.0667476 0.0647548 0.0208917 0.0529949 0.0721605 0.0922416 0.0000000 0.0802682 0.0813052 0.1364886 0.1084821 0.0506382 0.0804389 0.0886696 0.0517222 0.0279821 0.0671007 0.0754905 0.0642464 0.0645973 0.0962202 0.0958940 0.0790400 0.0958670 0.0642197 0.0779993 0.0529494 0.0643156 0.0553281 0.0529124 0.1125973 0.0560063 0.0358367 0.1166142 0.0621839 0.0297294 0.0692033 0.0296147 0.0715126 0.0597105 0.0914214 0.0750967 0.0797641 0.0657439 0.1083360 0.0874956 0.0896131 0.1076154 0.0730655 0.0931691 0.0545081 0.0865990 0.1351735 0.0909179 0.0734288 0.1092043 0.0785976 0.0631790 0.0952157 0.0632512 0.0922705 0.0687551 0.0303667 0.0640316 0.0847006 0.0900764 0.0383422 0.0619174 0.0805119 0.1022366 0.0934886 0.0778761 0.1114193 0.1019751 0.0744362 0.0724700 0.0732167 0.0725967 0.0634318 0.0774583 0.0471497 0.0726631 0.0712304 0.0345909 0.0776998 0.0554265 0.0374817 0.1111988 0.0682781 0.0693195 0.1036768 0.0607913 0.0591517 0.0801101 0.0585817 0.0733958 0.0376280 0.0682747 0.0779039 0.0734031 0.0770671 0.0576196 0.0591175 0.0715763 0.1090062 0.0661972 0.0554564 0.0854096 0.0667757 
S0552sl       0.2101319 0.0795434 0.0843343 0.0921176 0.1247579 0.0826900 0.1107374 0.0841623 0.0663266 0.1299058 0.0933383 0.1010739 0.1161334 0.1141045 0.0899819 0.1114976 0.0906451 0.0862702 0.1531539 0.1217740 0.0894126 0.0822412 0.0892491 0.0922935 0.0710130 0.0863326 0.0845880 0.0970886 0.0802682 0.0000000 0.0870515 0.1398411 0.1105901 0.0855399 0.0930772 0.1039714 0.0963778 0.0661381 0.1001862 0.0960286 0.0804721 0.0760498 0.1130185 0.1147075 0.0841713 0.1042652 0.0796909 0.0215183 0.0819387 0.0798148 0.0849048 0.0818803 0.0658853 0.0709373 0.0778846 0.1306231 0.0953754 0.0719628 0.0744703 0.0832643 0.0781073 0.0211434 0.0529099 0.0226410 0.0148908 0.0870539 0.1240420 0.1129665 0.1219578 0.1376305 0.0965754 0.1116679 0.0887115 0.1088531 0.1266903 0.0509600 0.0784880 0.1363083 0.0964186 0.0680666 0.1135200 0.0790016 0.1078719 0.0783410 0.0873530 0.1019154 0.1233454 0.0995930 0.0718142 0.1042142 0.0924891 0.1029355 0.1042983 0.0990239 0.1310385 0.0867805 0.0763126 0.0927841 0.0875559 0.0911989 0.0591515 0.0920138 0.0860798 0.0786073 0.0750801 0.0816260 0.0941730 0.0850598 0.0861347 0.1299005 0.0935480 0.0905719 0.1215468 0.0623731 0.0778209 0.0939082 0.0960039 0.0931990 0.0731634 0.0861990 0.0838517 0.0800255 0.0971064 0.0906873 0.0546075 0.0769515 0.1185919 0.0792352 0.0738213 0.0963137 0.0738241 
