135
S0055       0.0000000 0.0543793 0.0930365 0.0691181 0.0463112 0.0897812 0.0944541 0.0597300 0.0496233 0.0719536 0.0807283 0.0815328 0.0871192 0.0954259 0.0825729 0.0790716 0.0695776 0.0723832 0.0835526 0.0713107 0.0426957 0.0403730 0.0804206 0.0646160 0.0699036 0.0540883 0.0591787 0.0798610 0.0817243 0.0709222 0.0742928 0.0726515 0.0867619 0.0791281 0.0851301 0.0430160 0.0352740 0.0806257 0.0701370 0.0682865 0.0470004 0.0503464 0.0636159 0.0849063 0.1262736 0.0581900 0.0813359 0.0684922 0.0465718 0.0754233 0.0575560 0.0403097 0.0549633 0.0555833 0.0849238 0.0636855 0.0678730 0.0857612 0.0656550 0.0709249 0.0542828 0.0626618 0.0660434 0.0764040 0.0759863 0.0846094 0.0783391 0.0652555 0.0753178 0.1119582 0.0816550 0.0852013 0.0983643 0.0833988 0.0792010 0.1168891 0.0574866 0.1234810 0.0729030 0.0814348 0.0748845 0.0863039 0.0484854 0.0747102 0.1204011 0.0378997 0.0524654 0.0718611 0.0759898 0.0664961 0.0690721 0.0850136 0.0719196 0.0964482 0.0876901 0.0894467 0.0822581 0.0401345 0.0798361 0.0724238 0.0536073 0.0403226 0.0393774 0.0243918 0.0730781 0.0416251 0.0733791 0.0678031 0.0657175 0.0927912 0.0501336 0.0592579 0.0783411 0.0789035 0.0792280 0.0381930 0.0725376 0.0641492 0.0665355 0.0451130 0.0984092 0.0396338 0.0811232 0.0367225 0.0421753 0.0756905 0.0710824 0.0745526 0.0716481 0.0593955 0.1044646 0.0567828 0.0662777 0.0597119 0.0614120 
S0196sl     0.0543793 0.0000000 0.0824162 0.0330926 0.0552607 0.0787225 0.0798117 0.0525450 0.0493064 0.0823126 0.0798118 0.0722115 0.0802464 0.0829168 0.0721457 0.0699606 0.0567499 0.0576587 0.0730108 0.0672530 0.0496104 0.0503795 0.0682587 0.0733464 0.0619967 0.0081578 0.0671299 0.0842868 0.0699597 0.0649312 0.0579062 0.0814810 0.0716960 0.0664411 0.0787698 0.0542710 0.0467484 0.0679953 0.0613695 0.0609784 0.0552529 0.0453065 0.0253471 0.0708542 0.1280710 0.0696218 0.0721152 0.0426204 0.0564787 0.0556186 0.0111742 0.0495984 0.0093579 0.0099413 0.0731467 0.0273685 0.0621338 0.0799769 0.0572923 0.0603431 0.0433515 0.0494581 0.0558118 0.0578249 0.0619247 0.0629699 0.0587580 0.0770506 0.0377582 0.1107077 0.0810202 0.0649068 0.0798637 0.0684284 0.0662144 0.1135421 0.0135580 0.1272071 0.0608037 0.0662282 0.0626677 0.0731871 0.0617792 0.0663438 0.1210688 0.0487777 0.0634793 0.0640886 0.0731429 0.0596283 0.0610605 0.0738468 0.0661619 0.0915612 0.0732447 0.0762233 0.0722901 0.0515726 0.0765014 0.0591498 0.0456616 0.0495659 0.0534725 0.0601682 0.0651715 0.0564331 0.0727953 0.0592505 0.0565235 0.0911348 0.0585579 0.0129449 0.0768052 0.0432711 0.0693987 0.0520261 0.0357307 0.0555206 0.0560950 0.0546453 0.0851799 0.0503162 0.0689500 0.0495529 0.0502078 0.0654554 0.0611002 0.0657278 0.0593763 0.0455103 0.1062402 0.0358863 0.0545483 0.0646658 0.0491138 
S0278       0.0930365 0.0824162 0.0000000 0.1000127 0.0998264 0.1158009 0.0507080 0.0964551 0.1072980 0.1190190 0.0527933 0.1110348 0.1151134 0.0528213 0.1129717 0.0445958 0.0970191 0.1054196 0.1087421 0.1200603 0.0972017 0.0919447 0.0474594 0.1169951 0.0370516 0.0807307 0.0994368 0.0527455 0.1116103 0.0498013 0.0962241 0.1215303 0.1154398 0.1144496 0.0440114 0.0970157 0.0902303 0.0459155 0.0654073 0.0683364 0.0942278 0.1088377 0.0970612 0.1118089 0.1403290 0.1063026 0.1121881 0.0929422 0.1016082 0.1025267 0.0844631 0.0956039 0.0822033 0.0815577 0.1074518 0.0984703 0.0593389 0.1127495 0.0636252 0.0617275 0.0846990 0.0477403 0.0889546 0.0996756 0.0939061 0.1041775 0.0966867 0.1117023 0.1021595 0.1305399 0.1200106 0.1043407 0.1167298 0.1032271 0.0984384 0.1324317 0.0850147 0.1409681 0.0695250 0.1022661 0.0992593 0.1063056 0.1015538 0.1075928 0.1369304 0.0932303 0.1008307 0.1057825 0.0445975 0.0657312 0.0689862 0.1120119 0.0682416 0.0490322 0.1106440 0.1154223 0.1132942 0.0965495 0.1103464 0.1005561 0.0893456 0.0970715 0.0976781 0.0961327 0.1073311 0.0938637 0.0652079 0.1032884 0.0988882 0.0506497 0.0962164 0.0862808 0.0504108 0.1068998 0.0726184 0.0954841 0.1004049 0.0966168 0.0922140 0.0981212 0.0593278 0.0965065 0.0684045 0.0940380 0.0891978 0.1009038 0.1048117 0.0725244 0.0990670 0.0846908 0.1365608 0.0779432 0.0916597 0.0946820 0.0908554 
S0281       0.0691181 0.0330926 0.1000127 0.0000000 0.0715041 0.0907323 0.0969722 0.0625998 0.0691738 0.0943279 0.0911538 0.0838507 0.0896108 0.0960629 0.0858855 0.0861623 0.0739632 0.0691137 0.0844360 0.0853829 0.0649641 0.0651852 0.0922311 0.0861904 0.0781028 0.0301963 0.0736457 0.0881103 0.0835596 0.0802373 0.0672113 0.0937689 0.0879757 0.0796442 0.0958349 0.0680336 0.0579531 0.0819084 0.0715691 0.0792215 0.0657131 0.0729406 0.0356801 0.0845723 0.1347957 0.0833126 0.0849801 0.0625837 0.0679564 0.0700348 0.0318149 0.0643672 0.0306063 0.0311751 0.0758580 0.0375180 0.0722994 0.0908174 0.0711401 0.0725759 0.0552138 0.0564121 0.0655872 0.0699070 0.0715887 0.0752917 0.0704242 0.0849824 0.0440705 0.1206867 0.0935434 0.0822400 0.1004254 0.0799701 0.0742953 0.1203907 0.0329100 0.1353591 0.0820359 0.0742036 0.0781190 0.0866845 0.0766792 0.0733514 0.1291893 0.0629294 0.0723185 0.0735928 0.0849556 0.0733040 0.0766212 0.0873678 0.0761746 0.1038839 0.0866936 0.0896875 0.0859104 0.0667398 0.0872531 0.0749780 0.0583044 0.0650266 0.0642143 0.0714119 0.0737295 0.0671899 0.0854519 0.0681020 0.0680304 0.1023487 0.0733703 0.0334402 0.0862347 0.0470920 0.0834974 0.0654209 0.0421972 0.0651610 0.0688475 0.0717817 0.0986034 0.0623418 0.0804138 0.0622758 0.0624668 0.0803034 0.0729325 0.0816098 0.0722739 0.0603720 0.1105373 0.0514532 0.0681188 0.0694796 0.0649200 
S0282       0.0463112 0.0552607 0.0998264 0.0715041 0.0000000 0.0916416 0.1004320 0.0598059 0.0310293 0.0636801 0.0871950 0.0832657 0.0881546 0.0979227 0.0823405 0.0859129 0.0681252 0.0748518 0.0826235 0.0776784 0.0223085 0.0228960 0.0837324 0.0735503 0.0771635 0.0544591 0.0665789 0.0884855 0.0821404 0.0782327 0.0720572 0.0731578 0.0887118 0.0747061 0.0881614 0.0363088 0.0206286 0.0838867 0.0766844 0.0760383 0.0490956 0.0320278 0.0660579 0.0859851 0.1368711 0.0632142 0.0843959 0.0603336 0.0301242 0.0725879 0.0579424 0.0212138 0.0565553 0.0559633 0.0866379 0.0661528 0.0716588 0.0908597 0.0740586 0.0741010 0.0490853 0.0692922 0.0676282 0.0703237 0.0769591 0.0824501 0.0761200 0.0617962 0.0789541 0.1205852 0.0819913 0.0848987 0.0956357 0.0833109 0.0757210 0.1272769 0.0578721 0.1365556 0.0765731 0.0811285 0.0734583 0.0860653 0.0533637 0.0723083 0.1318533 0.0146153 0.0474140 0.0748959 0.0840498 0.0762563 0.0782702 0.0854489 0.0812567 0.1015246 0.0881332 0.0876578 0.0846572 0.0233646 0.0837902 0.0702007 0.0524057 0.0168332 0.0247061 0.0538659 0.0739838 0.0468874 0.0787884 0.0686001 0.0652494 0.0959099 0.0444008 0.0596560 0.0844132 0.0812731 0.0895005 0.0174413 0.0729068 0.0597659 0.0650520 0.0280123 0.1030037 0.0318870 0.0838501 0.0302061 0.0455066 0.0740935 0.0702643 0.0812927 0.0713517 0.0529106 0.1039172 0.0536182 0.0621646 0.0634982 0.0561119 
S0288       0.0897812 0.0787225 0.1158009 0.0907323 0.0916416 0.0000000 0.1222795 0.0809007 0.0955070 0.1201748 0.1128571 0.0150139 0.0623902 0.1242775 0.0178589 0.1081659 0.0831647 0.0863232 0.0156778 0.1100140 0.0895959 0.0862466 0.1035358 0.1101122 0.0971473 0.0757016 0.1007263 0.1002658 0.0115520 0.1014214 0.0908744 0.1176741 0.0633192 0.0148164 0.1151385 0.0898018 0.0797644 0.1053963 0.1046196 0.1021468 0.0893834 0.0864646 0.0883492 0.0166707 0.1591050 0.1021942 0.0122288 0.0999968 0.0970642 0.0930814 0.0794430 0.0852941 0.0765208 0.0785573 0.0973718 0.0852691 0.0984395 0.0627431 0.0952489 0.1025531 0.0716896 0.0806152 0.0375263 0.0910288 0.0831367 0.1001900 0.0944060 0.1089645 0.0960997 0.1404363 0.1173526 0.0591644 0.0703508 0.1013163 0.0941708 0.1439744 0.0798285 0.1555231 0.1011477 0.0889731 0.0891904 0.0613879 0.1005749 0.0904939 0.1488718 0.0830656 0.1017795 0.0958058 0.1024353 0.0977301 0.1021294 0.0133676 0.1073405 0.1187635 0.0608831 0.0189468 0.0128050 0.0912741 0.0574836 0.0913810 0.0748128 0.0881848 0.0881418 0.0951046 0.0935473 0.0926730 0.1117741 0.0897923 0.0826188 0.1216479 0.1029048 0.0792715 0.1102589 0.0979604 0.1100064 0.0873074 0.0932070 0.0800825 0.0869936 0.0964810 0.1192074 0.0879111 0.1135222 0.0867139 0.0865618 0.0967583 0.0903693 0.1067619 0.0824339 0.0744698 0.1294859 0.0799185 0.0882814 0.0980309 0.0774771 
S0289       0.0944541 0.0798117 0.0507080 0.0969722 0.1004320 0.1222795 0.0000000 0.0927420 0.1023468 0.1184181 0.0495978 0.1142787 0.1146485 0.0490300 0.1177876 0.0422544 0.0954024 0.1014383 0.1148391 0.1101183 0.0969272 0.0890003 0.0419341 0.1098288 0.0347302 0.0821240 0.0930126 0.0447429 0.1187217 0.0424469 0.0970052 0.1208741 0.1112162 0.1222724 0.0456809 0.0946829 0.0892815 0.0419322 0.0594095 0.0659158 0.0949750 0.1061678 0.0932830 0.1172336 0.1393973 0.0979492 0.1168518 0.0903240 0.0970613 0.0971110 0.0858052 0.0912301 0.0815978 0.0835955 0.1095505 0.0927249 0.0591619 0.1137202 0.0619363 0.0576729 0.0806845 0.0317319 0.0931306 0.1014287 0.0964280 0.1040276 0.0974970 0.1048813 0.0983828 0.1265594 0.1201199 0.1051960 0.1210013 0.1013381 0.1001147 0.1314357 0.0830548 0.1381299 0.0689024 0.1032240 0.0975564 0.1076087 0.0957207 0.1023219 0.1326271 0.0916353 0.0956272 0.0998025 0.0438307 0.0633683 0.0659066 0.1189292 0.0628618 0.0463965 0.1129085 0.1224176 0.1194385 0.0928736 0.1097752 0.0975877 0.0850711 0.0953976 0.0930959 0.0944042 0.1069831 0.0913788 0.0605987 0.0959367 0.0930432 0.0455275 0.0971048 0.0862732 0.0437815 0.1030232 0.0713513 0.0916480 0.1001172 0.0933958 0.0873041 0.0961412 0.0550741 0.0919148 0.0648607 0.0931286 0.0877040 0.1001549 0.0981657 0.0654128 0.0945609 0.0826447 0.1332777 0.0747471 0.0896354 0.0951299 0.0893416 
S0292       0.0597300 0.0525450 0.0964551 0.0625998 0.0598059 0.0809007 0.0927420 0.0000000 0.0620241 0.0892669 0.0843388 0.0730846 0.0823438 0.0929627 0.0758134 0.0818364 0.0503909 0.0570891 0.0749808 0.0784228 0.0594947 0.0588466 0.0850281 0.0791513 0.0706205 0.0471377 0.0700351 0.0812834 0.0730280 0.0688364 0.0567894 0.0849538 0.0755630 0.0715167 0.0866913 0.0636123 0.0562644 0.0780381 0.0660135 0.0734737 0.0588637 0.0644270 0.0597743 0.0769889 0.1227737 0.0713285 0.0741860 0.0627585 0.0674857 0.0560634 0.0511822 0.0569191 0.0504396 0.0486441 0.0673337 0.0578454 0.0669039 0.0769574 0.0661362 0.0682736 0.0395219 0.0609826 0.0564771 0.0593423 0.0621820 0.0650572 0.0594036 0.0771799 0.0658300 0.1046375 0.0827995 0.0794872 0.0967618 0.0673628 0.0617123 0.1130687 0.0529395 0.1210851 0.0782795 0.0643993 0.0548021 0.0789948 0.0725692 0.0319613 0.1151042 0.0567459 0.0726152 0.0565487 0.0780746 0.0676192 0.0715407 0.0770262 0.0705168 0.0957922 0.0771129 0.0800702 0.0763635 0.0617283 0.0725810 0.0528014 0.0073118 0.0581603 0.0611443 0.0644515 0.0315587 0.0655312 0.0788537 0.0109580 0.0097925 0.0937805 0.0728813 0.0516712 0.0778405 0.0698555 0.0811864 0.0591327 0.0665866 0.0212177 0.0455879 0.0627250 0.0993811 0.0561767 0.0757863 0.0575578 0.0554194 0.0570828 0.0547962 0.0744497 0.0598463 0.0443953 0.1108268 0.0516190 0.0450315 0.0654829 0.0468455 
S0293       0.0496233 0.0493064 0.1072980 0.0691738 0.0310293 0.0955070 0.1023468 0.0620241 0.0000000 0.0691698 0.0935552 0.0866764 0.0960756 0.1052222 0.0882550 0.0839719 0.0763770 0.0685831 0.0866871 0.0863748 0.0247664 0.0291949 0.0770312 0.0758827 0.0774006 0.0565753 0.0731595 0.0870916 0.0860191 0.0779187 0.0755215 0.0812380 0.0958185 0.0841943 0.0951125 0.0397611 0.0250666 0.0874392 0.0748503 0.0787152 0.0585516 0.0349623 0.0673868 0.0896541 0.1385355 0.0671100 0.0879606 0.0571221 0.0379476 0.0797484 0.0584001 0.0222241 0.0561817 0.0568834 0.0914946 0.0666300 0.0783243 0.1002135 0.0771621 0.0756333 0.0526966 0.0583410 0.0713349 0.0759080 0.0767995 0.0736550 0.0823411 0.0600549 0.0827046 0.1253664 0.0913138 0.0797510 0.1041798 0.0859488 0.0774026 0.1297309 0.0575036 0.1374210 0.0631363 0.0805994 0.0790071 0.0954583 0.0581005 0.0767008 0.1336840 0.0246779 0.0514778 0.0798057 0.0861185 0.0788419 0.0811958 0.0884162 0.0872809 0.1061504 0.0935330 0.0914666 0.0874259 0.0302745 0.0919618 0.0827915 0.0574015 0.0285560 0.0297918 0.0581139 0.0755426 0.0523378 0.0825646 0.0703387 0.0687722 0.0999896 0.0488424 0.0609746 0.0806862 0.0843572 0.0906264 0.0273476 0.0757232 0.0664554 0.0702511 0.0337053 0.1095545 0.0334329 0.0921320 0.0321243 0.0501839 0.0804185 0.0789343 0.0822582 0.0778723 0.0555080 0.1052428 0.0571556 0.0683693 0.0696645 0.0577695 
S0294       0.0719536 0.0823126 0.1190190 0.0943279 0.0636801 0.1201748 0.1184181 0.0892669 0.0691698 0.0000000 0.1062777 0.1095289 0.1196723 0.1158849 0.1100472 0.1099340 0.0967831 0.0972483 0.1108053 0.1000314 0.0597589 0.0598847 0.1081495 0.0978332 0.0964106 0.0794448 0.0845452 0.1187839 0.1106954 0.1017028 0.1015119 0.1001224 0.1225536 0.1074576 0.1123649 0.0626386 0.0557830 0.1086666 0.1019119 0.0986040 0.0763070 0.0677990 0.0920083 0.1152664 0.1557533 0.0898820 0.1115661 0.0885071 0.0638577 0.1066466 0.0824160 0.0584028 0.0802626 0.0809985 0.1150147 0.0907515 0.0976653 0.1144431 0.0963393 0.0981753 0.0802898 0.0839652 0.0951248 0.0982834 0.1033028 0.1109135 0.1058334 0.0630768 0.1033909 0.1443707 0.1111200 0.1146655 0.1253373 0.1082417 0.1063439 0.1467197 0.0844212 0.1502642 0.0953323 0.1114561 0.1020646 0.1174063 0.0836570 0.1057359 0.1453416 0.0551431 0.0717523 0.1020838 0.1042411 0.0980592 0.1009281 0.1150276 0.1044843 0.1183094 0.1178594 0.1183751 0.1141248 0.0601339 0.1138646 0.0960561 0.0820649 0.0564989 0.0588812 0.0773023 0.1044772 0.0701930 0.1050206 0.0889711 0.0943952 0.1124427 0.0712807 0.0836440 0.1072830 0.1074336 0.1091882 0.0574338 0.0981477 0.0942212 0.0932292 0.0616962 0.1296652 0.0572273 0.1083884 0.0579013 0.0721600 0.1019430 0.1012157 0.1018726 0.0999164 0.0860132 0.1309704 0.0812887 0.0931034 0.0824014 0.0835658 
S0299       0.0807283 0.0798118 0.0527933 0.0911538 0.0871950 0.1128571 0.0495978 0.0843388 0.0935552 0.1062777 0.0000000 0.1050498 0.1066131 0.0501410 0.1065355 0.0455283 0.0861291 0.0873364 0.1058052 0.1097460 0.0857266 0.0782723 0.0416973 0.1015423 0.0412327 0.0751817 0.0875076 0.0566586 0.1070400 0.0494838 0.0886834 0.1069777 0.0956616 0.1095622 0.0463737 0.0814051 0.0774052 0.0437696 0.0648225 0.0658232 0.0868121 0.0860708 0.0881333 0.1065215 0.1370227 0.0866998 0.1070479 0.0919239 0.0887444 0.0955450 0.0802575 0.0805716 0.0772223 0.0779083 0.1007784 0.0903857 0.0590934 0.1100925 0.0622301 0.0629172 0.0739512 0.0448786 0.0844980 0.0878127 0.0927458 0.0983132 0.0902098 0.1055164 0.0927035 0.1252935 0.1099681 0.0949723 0.1137215 0.0927919 0.0904309 0.1297663 0.0787662 0.1369376 0.0645095 0.0965189 0.0947743 0.1015936 0.0858278 0.0927917 0.1329190 0.0782299 0.0859171 0.0980327 0.0459564 0.0624900 0.0645499 0.1051823 0.0627944 0.0550933 0.0989746 0.1118161 0.1081800 0.0822793 0.1095925 0.0909703 0.0783721 0.0805517 0.0839044 0.0844181 0.0977913 0.0771071 0.0625306 0.0937094 0.0897275 0.0527911 0.0835275 0.0800688 0.0426464 0.0968289 0.0766175 0.0768569 0.0954380 0.0875490 0.0822670 0.0813822 0.0600731 0.0806639 0.0689085 0.0796954 0.0763914 0.0947395 0.0910344 0.0653825 0.0900694 0.0745516 0.1294529 0.0661317 0.0793656 0.0885310 0.0815625 
S0303       0.0815328 0.0722115 0.1110348 0.0838507 0.0832657 0.0150139 0.1142787 0.0730846 0.0866764 0.1095289 0.1050498 0.0000000 0.0617492 0.1172661 0.0121897 0.1053223 0.0765764 0.0870405 0.0104239 0.0984930 0.0820859 0.0809215 0.1023104 0.0994013 0.0919627 0.0701515 0.0892089 0.0982962 0.0090610 0.0945240 0.0798932 0.1084840 0.0595489 0.0127966 0.1077658 0.0807962 0.0718619 0.0990617 0.0954049 0.0938716 0.0829906 0.0869678 0.0809610 0.0108809 0.1467390 0.0911356 0.0092801 0.0897743 0.0898721 0.0810973 0.0737573 0.0779896 0.0696979 0.0729212 0.0867087 0.0787107 0.0896569 0.0570797 0.0866574 0.0919296 0.0650622 0.0819136 0.0335267 0.0807548 0.0739829 0.0899690 0.0840510 0.1062041 0.0863025 0.1297984 0.1077553 0.0527610 0.0663055 0.0896522 0.0863393 0.1321576 0.0735041 0.1424153 0.0976103 0.0808969 0.0803327 0.0564017 0.0904269 0.0828394 0.1353678 0.0764321 0.0928369 0.0840891 0.0977220 0.0889913 0.0931685 0.0130122 0.1007908 0.1120354 0.0565562 0.0152189 0.0108814 0.0830446 0.0532395 0.0843787 0.0659561 0.0806383 0.0813083 0.0845717 0.0865948 0.0855658 0.1008459 0.0801307 0.0779942 0.1143866 0.0931875 0.0736037 0.1030638 0.0880311 0.1000110 0.0778254 0.0849044 0.0754538 0.0789213 0.0885021 0.1130792 0.0784045 0.1032451 0.0786760 0.0777954 0.0901066 0.0773517 0.0982482 0.0733129 0.0683364 0.1216984 0.0716356 0.0794796 0.0867247 0.0712833 
S0308       0.0871192 0.0802464 0.1151134 0.0896108 0.0881546 0.0623902 0.1146485 0.0823438 0.0960756 0.1196723 0.1066131 0.0617492 0.0000000 0.1109303 0.0654435 0.1013776 0.0874708 0.0888267 0.0634862 0.1125569 0.0904946 0.0871075 0.1082002 0.1060782 0.0915169 0.0756541 0.0980513 0.1100024 0.0618603 0.0925319 0.0851823 0.1137162 0.0667993 0.0653731 0.1101240 0.0899564 0.0768159 0.0965427 0.0975332 0.0975739 0.0889130 0.0925904 0.0831539 0.0636386 0.1552714 0.0980162 0.0628377 0.1034515 0.0957712 0.0937094 0.0793055 0.0856313 0.0749650 0.0797460 0.0953671 0.0817036 0.0928907 0.0630417 0.0902493 0.0939863 0.0716805 0.0820099 0.0475896 0.0860464 0.0799213 0.0933767 0.0923028 0.1125766 0.0927764 0.1342309 0.1136677 0.0619840 0.0722718 0.0946811 0.0882210 0.1393106 0.0798533 0.1494277 0.1021554 0.0849482 0.0931818 0.0606043 0.0970792 0.0895588 0.1430435 0.0797048 0.0976373 0.0922961 0.0989004 0.0926046 0.0954258 0.0637391 0.0978815 0.1165792 0.0701780 0.0666464 0.0624044 0.0879085 0.0603626 0.0901085 0.0760440 0.0826560 0.0851981 0.0917383 0.0901159 0.0879881 0.1033017 0.0898230 0.0859941 0.1102645 0.0975429 0.0789259 0.1070554 0.0952743 0.1051837 0.0811264 0.0906774 0.0787664 0.0814822 0.0921234 0.1144059 0.0832039 0.1046977 0.0876613 0.0852609 0.0932917 0.0875763 0.1022235 0.0832196 0.0723174 0.1316975 0.0758703 0.0843729 0.0886118 0.0771146 
S0320       0.0954259 0.0829168 0.0528213 0.0960629 0.0979227 0.1242775 0.0490300 0.0929627 0.1052222 0.1158849 0.0501410 0.1172661 0.1109303 0.0000000 0.1213255 0.0458594 0.0967542 0.1061671 0.1156475 0.1144854 0.0964905 0.0914137 0.0492234 0.1147021 0.0412614 0.0836742 0.0960225 0.0553114 0.1195629 0.0497111 0.1020030 0.1200861 0.1120100 0.1213490 0.0496873 0.0940633 0.0924538 0.0466468 0.0659885 0.0714172 0.0962615 0.1099299 0.0971487 0.1180445 0.1506677 0.0989195 0.1184009 0.0956338 0.1015223 0.1022443 0.0880361 0.0914942 0.0851132 0.0858048 0.1141381 0.0979566 0.0593779 0.1142397 0.0660862 0.0616054 0.0834771 0.0448025 0.0959798 0.0993007 0.1045834 0.1092389 0.1004643 0.1117412 0.1030266 0.1335851 0.1218980 0.1083394 0.1197206 0.1055338 0.1021451 0.1387997 0.0879233 0.1469706 0.0786670 0.1065772 0.1010460 0.1097716 0.0967538 0.1058746 0.1421439 0.0905304 0.0995971 0.1066383 0.0475170 0.0675533 0.0701365 0.1175074 0.0630905 0.0571290 0.1130519 0.1224709 0.1202543 0.0951662 0.1119555 0.1020324 0.0859640 0.0935958 0.0962427 0.1001878 0.1107639 0.0880784 0.0643686 0.0982654 0.0953612 0.0435270 0.1025262 0.0871559 0.0445450 0.1091812 0.0776674 0.0898869 0.1026922 0.0943570 0.0935922 0.0973623 0.0570820 0.0908298 0.0695578 0.0926883 0.0909001 0.1046169 0.1012016 0.0682124 0.0998086 0.0849035 0.1355867 0.0770483 0.0923872 0.0946991 0.0922943 
S0322       0.0825729 0.0721457 0.1129717 0.0858855 0.0823405 0.0178589 0.1177876 0.0758134 0.0882550 0.1100472 0.1065355 0.0121897 0.0654435 0.1213255 0.0000000 0.1051447 0.0788453 0.0798491 0.0088394 0.0993410 0.0817988 0.0812562 0.1023929 0.0946673 0.0939811 0.0725636 0.0930590 0.0985469 0.0116435 0.0976075 0.0873443 0.1088424 0.0611572 0.0128113 0.1116992 0.0805170 0.0724276 0.1021892 0.0970110 0.0959282 0.0849337 0.0885082 0.0827610 0.0093439 0.1505876 0.0875822 0.0132911 0.0908271 0.0908110 0.0852385 0.0750466 0.0765426 0.0720619 0.0741490 0.0933790 0.0803450 0.0916101 0.0612346 0.0896750 0.0941520 0.0670919 0.0802868 0.0359650 0.0870747 0.0794874 0.0969573 0.0898550 0.1044498 0.0882526 0.1320287 0.1125205 0.0551130 0.0690926 0.0974505 0.0913013 0.1372558 0.0761440 0.1451829 0.0956326 0.0848786 0.0822672 0.0598405 0.0927643 0.0847304 0.1398701 0.0736995 0.0931512 0.0905014 0.1002554 0.0914586 0.0960139 0.0144830 0.1037834 0.1119812 0.0598055 0.0197433 0.0133169 0.0835195 0.0558033 0.0856719 0.0681396 0.0795546 0.0820126 0.0872238 0.0911607 0.0862063 0.0997145 0.0855921 0.0803835 0.1174114 0.0902895 0.0748797 0.1017764 0.0901102 0.1049127 0.0758066 0.0867563 0.0791238 0.0807505 0.0870765 0.1182167 0.0771091 0.1039789 0.0780802 0.0786972 0.0903048 0.0827650 0.1004587 0.0801784 0.0691646 0.1262967 0.0755964 0.0820582 0.0918858 0.0723085 
S0327       0.0790716 0.0699606 0.0445958 0.0861623 0.0859129 0.1081659 0.0422544 0.0818364 0.0839719 0.1099340 0.0455283 0.1053223 0.1013776 0.0458594 0.1051447 0.0000000 0.0829551 0.0799325 0.1038376 0.1067763 0.0825045 0.0775985 0.0334151 0.0937855 0.0228286 0.0679506 0.0841417 0.0389023 0.1056870 0.0382129 0.0878590 0.1059162 0.1014895 0.1054816 0.0381162 0.0838160 0.0781035 0.0319087 0.0485670 0.0558024 0.0815948 0.0897676 0.0806571 0.1053650 0.1341867 0.0865365 0.1064457 0.0805657 0.0874202 0.0874749 0.0715314 0.0777559 0.0675249 0.0694405 0.0968339 0.0801039 0.0455091 0.1056220 0.0507750 0.0474411 0.0689391 0.0178835 0.0805871 0.0914890 0.0889461 0.0939711 0.0877536 0.0907091 0.0874529 0.1176302 0.1106507 0.0994242 0.1084317 0.0938251 0.0898912 0.1232070 0.0688913 0.1302273 0.0553630 0.0928176 0.0898509 0.0998266 0.0866356 0.0914617 0.1278690 0.0788432 0.0861592 0.0889797 0.0327029 0.0521320 0.0552051 0.1062514 0.0470999 0.0464616 0.1048008 0.1103099 0.1060928 0.0806907 0.1024980 0.0865355 0.0749542 0.0817605 0.0822538 0.0839570 0.0946827 0.0813605 0.0497591 0.0897980 0.0841756 0.0456127 0.0882276 0.0707380 0.0319255 0.0918831 0.0585681 0.0808592 0.0885277 0.0858429 0.0798274 0.0813755 0.0463523 0.0772806 0.0528990 0.0789425 0.0746614 0.0868272 0.0897646 0.0541161 0.0857556 0.0689328 0.1265811 0.0609974 0.0793673 0.0828004 0.0759476 
S0335       0.0695776 0.0567499 0.0970191 0.0739632 0.0681252 0.0831647 0.0954024 0.0503909 0.0763770 0.0967831 0.0861291 0.0765764 0.0874708 0.0967542 0.0788453 0.0829551 0.0000000 0.0395977 0.0763844 0.0886741 0.0668494 0.0645815 0.0822083 0.0894704 0.0719669 0.0549923 0.0771994 0.0877076 0.0766854 0.0755775 0.0635032 0.0939387 0.0814440 0.0767720 0.0883839 0.0705109 0.0627670 0.0828295 0.0713589 0.0756871 0.0683267 0.0751619 0.0647236 0.0805276 0.1266518 0.0806573 0.0783378 0.0659776 0.0757240 0.0646206 0.0584650 0.0643432 0.0570855 0.0577127 0.0783043 0.0640152 0.0695582 0.0835080 0.0670655 0.0721916 0.0472680 0.0715475 0.0614016 0.0636678 0.0676752 0.0722235 0.0635666 0.0913965 0.0717333 0.1111761 0.0894620 0.0822187 0.0958710 0.0823855 0.0768924 0.1167760 0.0582975 0.1286963 0.0694672 0.0737520 0.0381749 0.0834014 0.0808896 0.0648370 0.1226684 0.0616430 0.0791039 0.0645619 0.0789373 0.0679196 0.0724577 0.0780318 0.0763831 0.0972956 0.0856434 0.0816778 0.0785758 0.0704870 0.0771694 0.0359281 0.0461435 0.0643469 0.0687033 0.0725363 0.0620698 0.0710931 0.0808487 0.0581814 0.0520267 0.0975352 0.0774158 0.0595763 0.0809983 0.0758476 0.0847135 0.0653721 0.0710305 0.0557366 0.0330419 0.0717357 0.0999106 0.0666722 0.0756598 0.0649965 0.0666890 0.0403536 0.0271514 0.0739004 0.0664337 0.0528713 0.1150176 0.0551888 0.0329927 0.0777115 0.0579318 
S0345       0.0723832 0.0576587 0.1054196 0.0691137 0.0748518 0.0863232 0.1014383 0.0570891 0.0685831 0.0972483 0.0873364 0.0870405 0.0888267 0.1061671 0.0798491 0.0799325 0.0395977 0.0000000 0.0810085 0.0827892 0.0695952 0.0626039 0.1000268 0.0699271 0.0831743 0.0525148 0.0816063 0.1072437 0.0849523 0.0874211 0.0623125 0.0787747 0.0795742 0.0785405 0.1013123 0.0688648 0.0605907 0.0928448 0.0723635 0.0833433 0.0759192 0.0658453 0.0604111 0.0845502 0.1397184 0.0767756 0.0893143 0.0747884 0.0769972 0.0662392 0.0568095 0.0625222 0.0547114 0.0568834 0.0742546 0.0593270 0.0795915 0.0870930 0.0783736 0.0699529 0.0512234 0.0717073 0.0641432 0.0602051 0.0578351 0.0667412 0.0590178 0.0916948 0.0712118 0.1256037 0.0933843 0.0867778 0.0867329 0.0764677 0.0593620 0.1308506 0.0590178 0.1378942 0.0811848 0.0690598 0.0462060 0.0846069 0.0778449 0.0590468 0.1323642 0.0669833 0.0661724 0.0711595 0.0894543 0.0798167 0.0847151 0.0827078 0.0785779 0.1103847 0.0770233 0.0922493 0.0836334 0.0656811 0.0893860 0.0243270 0.0470451 0.0696188 0.0697026 0.0787860 0.0636067 0.0743727 0.0830674 0.0637296 0.0612426 0.1051623 0.0683245 0.0590988 0.0903441 0.0749529 0.0934970 0.0713896 0.0702607 0.0585040 0.0387663 0.0702769 0.1145789 0.0645909 0.0853745 0.0610421 0.0678889 0.0253650 0.0470249 0.0821152 0.0651659 0.0545885 0.1113491 0.0570727 0.0407994 0.0845669 0.0615315 
S0355       0.0835526 0.0730108 0.1087421 0.0844360 0.0826235 0.0156778 0.1148391 0.0749808 0.0866871 0.1108053 0.1058052 0.0104239 0.0634862 0.1156475 0.0088394 0.1038376 0.0763844 0.0810085 0.0000000 0.0963866 0.0827783 0.0816043 0.0988653 0.0968769 0.0904546 0.0713569 0.0919815 0.0957328 0.0102253 0.0930544 0.0831722 0.1110252 0.0600099 0.0129415 0.1086912 0.0815702 0.0726179 0.0989722 0.0931803 0.0937796 0.0822644 0.0869249 0.0822747 0.0082826 0.1478841 0.0903160 0.0114612 0.0897467 0.0906352 0.0852588 0.0743434 0.0786430 0.0721767 0.0741481 0.0871958 0.0799967 0.0881509 0.0587125 0.0865272 0.0899215 0.0655770 0.0818143 0.0337878 0.0840545 0.0778246 0.0927690 0.0858825 0.1033584 0.0874484 0.1300476 0.1080033 0.0547536 0.0667564 0.0931183 0.0874935 0.1325862 0.0760322 0.1434623 0.0968504 0.0835467 0.0816364 0.0580249 0.0918805 0.0813012 0.1371149 0.0757512 0.0908823 0.0894542 0.0962540 0.0880863 0.0923634 0.0125713 0.0985699 0.1095630 0.0574602 0.0158389 0.0120230 0.0837430 0.0548606 0.0848449 0.0670472 0.0813163 0.0813340 0.0879476 0.0880149 0.0856108 0.1015596 0.0835079 0.0799438 0.1129372 0.0926150 0.0735439 0.1022862 0.0891948 0.1020712 0.0791518 0.0860389 0.0754488 0.0795328 0.0878835 0.1154538 0.0784277 0.1009440 0.0780192 0.0771351 0.0892538 0.0814564 0.0965266 0.0764926 0.0688805 0.1243665 0.0728493 0.0807555 0.0894846 0.0718560 
S0376       0.0713107 0.0672530 0.1200603 0.0853829 0.0776784 0.1100140 0.1101183 0.0784228 0.0863748 0.1000314 0.1097460 0.0984930 0.1125569 0.1144854 0.0993410 0.1067763 0.0886741 0.0827892 0.0963866 0.0000000 0.0716605 0.0699556 0.0858761 0.0982908 0.0946981 0.0702164 0.0424545 0.0987196 0.0965968 0.0934057 0.0891343 0.1070976 0.1142970 0.0962412 0.1070072 0.0730435 0.0641550 0.1038971 0.0897484 0.0963788 0.0673897 0.0807633 0.0833649 0.1003260 0.1459056 0.0834648 0.0961999 0.0885842 0.0769475 0.0854671 0.0773712 0.0715979 0.0739502 0.0765122 0.1036574 0.0825950 0.0907456 0.1047217 0.0883542 0.0926052 0.0708417 0.0752018 0.0866540 0.0917325 0.0898873 0.1055490 0.0900148 0.0795201 0.0902100 0.1370894 0.0980974 0.1183793 0.1196594 0.0987454 0.0962903 0.1335335 0.0765068 0.1444582 0.1133949 0.0934630 0.0824814 0.1110180 0.0815259 0.0911128 0.1398225 0.0705185 0.0848404 0.0888324 0.0986909 0.0887622 0.0922911 0.0975101 0.0973569 0.1132216 0.1151516 0.1029638 0.0983871 0.0730241 0.1077149 0.0859956 0.0685013 0.0716310 0.0729412 0.0717290 0.0937122 0.0762085 0.0989529 0.0864579 0.0815069 0.1148581 0.0850482 0.0798585 0.0871926 0.0941032 0.1072069 0.0711081 0.0900476 0.0817486 0.0865032 0.0717807 0.1199517 0.0695978 0.0936515 0.0666481 0.0684062 0.0889104 0.0935422 0.0923258 0.0884381 0.0743889 0.1103307 0.0741661 0.0835044 0.0583050 0.0801508 
S0400       0.0426957 0.0496104 0.0972017 0.0649641 0.0223085 0.0895959 0.0969272 0.0594947 0.0247664 0.0597589 0.0857266 0.0820859 0.0904946 0.0964905 0.0817988 0.0825045 0.0668494 0.0695952 0.0827783 0.0716605 0.0000000 0.0206933 0.0776847 0.0669882 0.0725697 0.0513607 0.0615283 0.0822836 0.0802565 0.0742571 0.0696415 0.0719880 0.0875249 0.0728114 0.0867490 0.0316937 0.0154241 0.0792761 0.0726764 0.0721796 0.0449182 0.0212753 0.0628665 0.0854713 0.1292054 0.0593045 0.0832174 0.0593809 0.0267020 0.0737959 0.0536099 0.0146491 0.0522502 0.0516636 0.0828159 0.0629563 0.0696866 0.0912497 0.0694929 0.0707906 0.0467823 0.0581881 0.0651755 0.0691780 0.0732406 0.0799565 0.0736816 0.0575551 0.0751538 0.1146849 0.0806478 0.0861929 0.0985555 0.0781122 0.0726180 0.1197141 0.0535450 0.1296307 0.0660363 0.0767293 0.0696156 0.0877704 0.0483768 0.0719612 0.1250013 0.0167789 0.0425850 0.0705426 0.0793955 0.0716518 0.0736397 0.0842645 0.0778481 0.0982476 0.0902989 0.0871475 0.0828202 0.0194858 0.0848258 0.0690808 0.0507766 0.0195669 0.0218778 0.0489365 0.0716817 0.0414632 0.0760653 0.0676006 0.0648846 0.0945023 0.0402914 0.0553123 0.0799221 0.0774402 0.0847127 0.0196472 0.0696347 0.0600624 0.0612944 0.0257574 0.1001420 0.0284363 0.0817927 0.0256637 0.0407786 0.0722710 0.0683501 0.0759441 0.0682855 0.0505807 0.1026116 0.0505664 0.0584551 0.0591157 0.0537630 
S0405       0.0403730 0.0503795 0.0919447 0.0651852 0.0228960 0.0862466 0.0890003 0.0588466 0.0291949 0.0598847 0.0782723 0.0809215 0.0871075 0.0914137 0.0812562 0.0775985 0.0645815 0.0626039 0.0816043 0.0699556 0.0206933 0.0000000 0.0697191 0.0678972 0.0685468 0.0496095 0.0609270 0.0846246 0.0797461 0.0695330 0.0704202 0.0698646 0.0841215 0.0721447 0.0810938 0.0277677 0.0114803 0.0745274 0.0685894 0.0655900 0.0461433 0.0288823 0.0629558 0.0836132 0.1304373 0.0574246 0.0814024 0.0583739 0.0233780 0.0720397 0.0518481 0.0184825 0.0517086 0.0511216 0.0855442 0.0624089 0.0655628 0.0862679 0.0654987 0.0666954 0.0474690 0.0568404 0.0633847 0.0699560 0.0746803 0.0793424 0.0738393 0.0557002 0.0733070 0.1195477 0.0817366 0.0812480 0.0928665 0.0793160 0.0753727 0.1231798 0.0530016 0.1329213 0.0660881 0.0775249 0.0705325 0.0841670 0.0464947 0.0685458 0.1282502 0.0157360 0.0402085 0.0705270 0.0733677 0.0669817 0.0695810 0.0824394 0.0743182 0.0936615 0.0875309 0.0852909 0.0816541 0.0151414 0.0805143 0.0704639 0.0526944 0.0196111 0.0147283 0.0460519 0.0715054 0.0396830 0.0739339 0.0669375 0.0604944 0.0887324 0.0361423 0.0547688 0.0729664 0.0762383 0.0818303 0.0191375 0.0665520 0.0593560 0.0634111 0.0234837 0.0943705 0.0267533 0.0802717 0.0251023 0.0401520 0.0716483 0.0705206 0.0718416 0.0684498 0.0525007 0.0994109 0.0486762 0.0617828 0.0578772 0.0557103 
S0407sl     0.0804206 0.0682587 0.0474594 0.0922311 0.0837324 0.1035358 0.0419341 0.0850281 0.0770312 0.1081495 0.0416973 0.1023104 0.1082002 0.0492234 0.1023929 0.0334151 0.0822083 0.1000268 0.0988653 0.0858761 0.0776847 0.0697191 0.0000000 0.0895704 0.0268560 0.0725446 0.0788794 0.0310673 0.1017120 0.0359576 0.0873740 0.0983682 0.1005779 0.1058044 0.0366037 0.0786456 0.0680402 0.0326964 0.0469679 0.0582502 0.0795415 0.0795414 0.0874788 0.1027235 0.1346128 0.0767625 0.1021373 0.0905801 0.0823774 0.0890865 0.0753100 0.0733240 0.0751372 0.0760053 0.1010994 0.0856908 0.0466313 0.1006014 0.0571570 0.0427709 0.0699449 0.0260285 0.0787596 0.0874823 0.0891443 0.0863678 0.0873969 0.0914788 0.0911701 0.1174029 0.1063427 0.0998377 0.1104829 0.0905054 0.0893311 0.1257846 0.0761545 0.1363445 0.0660856 0.0938706 0.0909261 0.0980012 0.0815430 0.0906689 0.1311447 0.0731694 0.0807416 0.0872550 0.0280325 0.0589981 0.0623652 0.1005928 0.0468660 0.0550423 0.1024778 0.1073738 0.1033395 0.0745894 0.1007685 0.0839025 0.0718353 0.0760456 0.0718238 0.0823585 0.0950827 0.0746755 0.0494337 0.0899673 0.0812236 0.0451011 0.0840490 0.0785954 0.0155499 0.0933278 0.0632628 0.0782438 0.0909070 0.0838233 0.0791300 0.0819706 0.0562907 0.0791274 0.0574168 0.0714905 0.0714613 0.0880750 0.0835320 0.0593570 0.0830678 0.0727674 0.1299152 0.0629229 0.0814200 0.0807238 0.0779304 
S0412sl     0.0646160 0.0733464 0.1169951 0.0861904 0.0735503 0.1101122 0.1098288 0.0791513 0.0758827 0.0978332 0.1015423 0.0994013 0.1060782 0.1147021 0.0946673 0.0937855 0.0894704 0.0699271 0.0968769 0.0982908 0.0669882 0.0678972 0.0895704 0.0000000 0.0885639 0.0732034 0.0758890 0.0963801 0.0987062 0.0906183 0.0931985 0.0759902 0.1046254 0.1040386 0.1046162 0.0730575 0.0602774 0.0971271 0.0853841 0.0878332 0.0657114 0.0778856 0.0823192 0.0975740 0.1451615 0.0546927 0.1006525 0.0678663 0.0737218 0.0851909 0.0786462 0.0627792 0.0729682 0.0757837 0.1053995 0.0802668 0.0896718 0.1081118 0.0870119 0.0858841 0.0717630 0.0657671 0.0784986 0.0944735 0.0922473 0.0979099 0.0964014 0.0812008 0.0892774 0.1304507 0.1002891 0.0935526 0.1192027 0.1055699 0.0993263 0.1331149 0.0787544 0.1422909 0.0870329 0.0976200 0.0959538 0.1057142 0.0777405 0.0880742 0.1402805 0.0656037 0.0772214 0.0926743 0.0910177 0.0879258 0.0910088 0.1004475 0.0941489 0.1060378 0.1109945 0.1029535 0.0991114 0.0675322 0.1016406 0.0905965 0.0716321 0.0679034 0.0672553 0.0729907 0.0924004 0.0666098 0.0926320 0.0861503 0.0853883 0.1072189 0.0736275 0.0779498 0.0879286 0.0919404 0.1023779 0.0675236 0.0875131 0.0833832 0.0830368 0.0687649 0.1172354 0.0600020 0.0970283 0.0613751 0.0642588 0.0913153 0.0912465 0.0909873 0.0925443 0.0748058 0.1235654 0.0714677 0.0857834 0.0806619 0.0770637 
S0417       0.0699036 0.0619967 0.0370516 0.0781028 0.0771635 0.0971473 0.0347302 0.0706205 0.0774006 0.0964106 0.0412327 0.0919627 0.0915169 0.0412614 0.0939811 0.0228286 0.0719669 0.0831743 0.0904546 0.0946981 0.0725697 0.0685468 0.0268560 0.0885639 0.0000000 0.0602515 0.0748214 0.0292433 0.0925831 0.0273763 0.0758089 0.0964837 0.0897754 0.0927325 0.0295970 0.0732389 0.0664968 0.0229136 0.0407861 0.0411606 0.0702385 0.0830759 0.0714282 0.0933542 0.1185867 0.0783735 0.0930818 0.0727474 0.0773752 0.0797712 0.0637817 0.0679478 0.0604958 0.0617519 0.0892969 0.0700777 0.0366782 0.0945037 0.0382083 0.0396445 0.0581541 0.0201147 0.0679276 0.0799261 0.0767991 0.0822842 0.0756839 0.0907411 0.0760239 0.1015595 0.0946654 0.0903304 0.1023186 0.0837583 0.0805681 0.1102619 0.0610780 0.1191857 0.0496512 0.0818005 0.0777263 0.0873542 0.0764829 0.0823305 0.1139658 0.0677515 0.0767351 0.0788437 0.0232461 0.0394790 0.0418396 0.0928374 0.0403009 0.0363468 0.0914103 0.0967145 0.0933738 0.0714715 0.0903446 0.0743533 0.0631670 0.0704657 0.0716106 0.0733705 0.0844283 0.0701281 0.0432216 0.0769685 0.0722877 0.0357467 0.0782770 0.0642658 0.0251732 0.0809674 0.0473777 0.0702687 0.0771010 0.0741897 0.0667402 0.0753298 0.0392802 0.0688831 0.0456190 0.0678336 0.0649681 0.0764726 0.0757033 0.0455473 0.0724906 0.0587599 0.1160641 0.0535162 0.0677558 0.0742233 0.0636100 
S0419       0.0540883 0.0081578 0.0807307 0.0301963 0.0544591 0.0757016 0.0821240 0.0471377 0.0565753 0.0794448 0.0751817 0.0701515 0.0756541 0.0836742 0.0725636 0.0679506 0.0549923 0.0525148 0.0713569 0.0702164 0.0513607 0.0496095 0.0725446 0.0732034 0.0602515 0.0000000 0.0610722 0.0766630 0.0706755 0.0635854 0.0561855 0.0795572 0.0740857 0.0643656 0.0758636 0.0530113 0.0452600 0.0675294 0.0607008 0.0624722 0.0520230 0.0509428 0.0228586 0.0721182 0.1275998 0.0663848 0.0712382 0.0487719 0.0573432 0.0548383 0.0072252 0.0494739 0.0051321 0.0056500 0.0674747 0.0240413 0.0597538 0.0761898 0.0560060 0.0615609 0.0378854 0.0451167 0.0523526 0.0568275 0.0596689 0.0639979 0.0574450 0.0701115 0.0308641 0.1115679 0.0798618 0.0693274 0.0829502 0.0649095 0.0616875 0.1133428 0.0087849 0.1274236 0.0616668 0.0629659 0.0607447 0.0708806 0.0614021 0.0604048 0.1213437 0.0481328 0.0610297 0.0578822 0.0687979 0.0574221 0.0612254 0.0734933 0.0631367 0.0874679 0.0736717 0.0764516 0.0720994 0.0523967 0.0731046 0.0546351 0.0410625 0.0513142 0.0510647 0.0574492 0.0588556 0.0522716 0.0697402 0.0535351 0.0499773 0.0873230 0.0592326 0.0087771 0.0708117 0.0349884 0.0684524 0.0509926 0.0290899 0.0497636 0.0525403 0.0552654 0.0832719 0.0475612 0.0682097 0.0487965 0.0476214 0.0634306 0.0601015 0.0627794 0.0580019 0.0427315 0.1015090 0.0325546 0.0518630 0.0580858 0.0464175 
S0427       0.0591787 0.0671299 0.0994368 0.0736457 0.0665789 0.1007263 0.0930126 0.0700351 0.0731595 0.0845452 0.0875076 0.0892089 0.0980513 0.0960225 0.0930590 0.0841417 0.0771994 0.0816063 0.0919815 0.0424545 0.0615283 0.0609270 0.0788794 0.0758890 0.0748214 0.0610722 0.0000000 0.0828232 0.0911531 0.0791051 0.0810311 0.0808043 0.0975073 0.0871811 0.0883554 0.0630228 0.0532563 0.0844902 0.0785923 0.0776920 0.0552204 0.0697928 0.0734670 0.0919456 0.1373709 0.0684961 0.0889690 0.0671097 0.0668356 0.0816406 0.0652082 0.0582303 0.0619189 0.0644191 0.0919726 0.0716404 0.0753202 0.0948890 0.0704451 0.0759199 0.0625478 0.0738916 0.0768712 0.0827153 0.0855583 0.0896396 0.0819202 0.0882795 0.0762977 0.1217245 0.0849596 0.0968667 0.1125889 0.0911073 0.0876360 0.1255810 0.0645217 0.1317921 0.0810564 0.0885035 0.0783929 0.0986651 0.0686872 0.0837568 0.1301594 0.0588107 0.0712922 0.0754562 0.0823012 0.0706572 0.0752401 0.0941483 0.0802071 0.1019695 0.0991280 0.0939371 0.0913138 0.0599429 0.0912308 0.0777716 0.0645660 0.0608521 0.0587219 0.0579429 0.0826714 0.0611758 0.0825151 0.0744663 0.0749747 0.0995019 0.0701133 0.0650455 0.0773176 0.0784204 0.0842946 0.0612158 0.0773631 0.0750114 0.0747031 0.0623082 0.1021860 0.0569680 0.0875711 0.0527927 0.0532568 0.0814984 0.0793987 0.0754020 0.0804911 0.0664280 0.1146216 0.0606641 0.0725115 0.0400495 0.0705624 
S0428sl     0.0798610 0.0842868 0.0527455 0.0881103 0.0884855 0.1002658 0.0447429 0.0812834 0.0870916 0.1187839 0.0566586 0.0982962 0.1100024 0.0553114 0.0985469 0.0389023 0.0877076 0.1072437 0.0957328 0.0987196 0.0822836 0.0846246 0.0310673 0.0963801 0.0292433 0.0766630 0.0828232 0.0000000 0.0955021 0.0407422 0.0930103 0.1111229 0.1014067 0.1005895 0.0447684 0.0853778 0.0785271 0.0371789 0.0538938 0.0478941 0.0718034 0.0875542 0.0891137 0.0995649 0.1130633 0.0914287 0.0969103 0.0757016 0.0913015 0.0995741 0.0838205 0.0828410 0.0788913 0.0777799 0.1102333 0.0940346 0.0511259 0.1046553 0.0428841 0.0519349 0.0768840 0.0306547 0.0760106 0.0997739 0.1005121 0.0942426 0.0954020 0.0960326 0.0963126 0.1023633 0.1021898 0.0952933 0.1110096 0.1014119 0.1051378 0.1046027 0.0793323 0.1160035 0.0539864 0.0992481 0.0950832 0.0960190 0.0899466 0.0966216 0.1085536 0.0812545 0.0923999 0.0945770 0.0347301 0.0439263 0.0450590 0.0971522 0.0551247 0.0586314 0.1016069 0.1036071 0.1019930 0.0855406 0.1030584 0.0929323 0.0788736 0.0861798 0.0855614 0.0794280 0.0967731 0.0875255 0.0528853 0.0888451 0.0818102 0.0549402 0.0964062 0.0801486 0.0403432 0.0999777 0.0513075 0.0887557 0.0959796 0.0884885 0.0825005 0.0874208 0.0548146 0.0853967 0.0651610 0.0824274 0.0684354 0.0922751 0.0912013 0.0503223 0.0868892 0.0757856 0.1317421 0.0674697 0.0808626 0.0854165 0.0851442 
S0430       0.0817243 0.0699597 0.1116103 0.0835596 0.0821404 0.0115520 0.1187217 0.0730280 0.0860191 0.1106954 0.1070400 0.0090610 0.0618603 0.1195629 0.0116435 0.1056870 0.0766854 0.0849523 0.0102253 0.0965968 0.0802565 0.0797461 0.1017120 0.0987062 0.0925831 0.0706755 0.0911531 0.0955021 0.0000000 0.0952613 0.0829046 0.1071694 0.0591188 0.0066993 0.1111582 0.0803930 0.0725654 0.1006473 0.0961195 0.0938727 0.0832500 0.0870230 0.0788817 0.0101561 0.1470451 0.0895505 0.0042080 0.0884968 0.0889518 0.0836282 0.0730746 0.0773974 0.0702034 0.0722142 0.0892261 0.0782804 0.0902290 0.0578336 0.0878210 0.0932869 0.0647229 0.0805942 0.0329206 0.0831213 0.0759783 0.0906241 0.0851836 0.1034799 0.0880904 0.1289921 0.1064767 0.0535851 0.0666409 0.0938057 0.0881704 0.1326535 0.0742294 0.1427504 0.0978971 0.0818096 0.0796668 0.0565000 0.0908118 0.0831566 0.1362792 0.0744479 0.0926062 0.0861774 0.0985652 0.0902440 0.0945763 0.0068934 0.1015119 0.1148784 0.0585798 0.0112671 0.0047505 0.0839844 0.0531991 0.0847356 0.0663048 0.0793545 0.0806629 0.0862328 0.0877745 0.0858917 0.1017425 0.0817141 0.0780965 0.1152216 0.0922456 0.0729176 0.1033867 0.0898913 0.1031405 0.0771776 0.0866389 0.0753905 0.0784174 0.0867343 0.1159550 0.0770811 0.1013905 0.0766680 0.0779494 0.0899363 0.0796794 0.0998493 0.0738799 0.0667847 0.1246840 0.0728903 0.0790011 0.0871987 0.0697255 
