133
PAFTOL_019361 0.0000000 0.1700992 0.1001860 0.1571671 0.1439572 0.1521357 0.1521659 0.1664127 0.1683330 0.2071011 0.1842568 0.1685045 0.1569983 0.1625133 0.1651175 0.1711673 0.1590015 0.1798814 0.2449268 0.1729317 0.1695413 0.1528974 0.1437677 0.1916048 0.1523114 0.1569254 0.1485249 0.1725700 0.1644681 0.1527929 0.1660894 0.1478107 0.1646261 0.1825547 0.1451397 0.1512782 0.1474796 0.1419681 0.1433592 0.1628285 0.1466587 0.1736107 0.1817202 0.1621248 0.1909485 0.1609214 0.1609341 0.1669571 0.1658191 0.1886406 0.1456295 0.1528269 0.1469721 0.1515444 0.2040137 0.1865476 0.1584666 0.1572407 0.1659632 0.1603431 0.1873758 0.1673695 0.1189481 0.1938219 0.1638002 0.1742030 0.1829069 0.1758884 0.1846021 0.0937390 0.1598456 0.1915539 0.1866500 0.1839040 0.1862837 0.1589260 0.1870595 0.1073470 0.1897276 0.1776606 0.1629705 0.1629398 0.1750473 0.1953451 0.1630579 0.1764753 0.1741807 0.1452406 0.1679369 0.1611090 0.1686279 0.1602163 0.1665787 0.1519473 0.1626422 0.1616204 0.1463438 0.1593146 0.1885381 0.1624626 0.1620132 0.1498582 0.1727276 0.1596435 0.1671454 0.1329463 0.1662952 0.1652340 0.1950429 0.1533667 0.1551785 0.1513738 0.1879262 0.1267187 0.1533625 0.1719849 0.1581542 0.1629717 0.1704806 0.1568914 0.1728030 0.1553203 0.1419441 0.1801093 0.1748730 0.1498323 0.1562722 0.1690656 0.1955361 0.1391192 0.1451765 0.1594740 0.1820393 
S0055         0.1700992 0.0000000 0.0686721 0.1114694 0.0768866 0.0528410 0.1073386 0.1031221 0.0866231 0.0838913 0.0696739 0.1212129 0.1074877 0.1035622 0.1050923 0.1039395 0.0959190 0.1058882 0.1009014 0.1055985 0.0879696 0.0536268 0.0467409 0.1092696 0.0941863 0.0989607 0.0768255 0.0969797 0.1125507 0.1055988 0.1067693 0.0759647 0.0874695 0.1178265 0.0871635 0.0540170 0.0612566 0.1115574 0.1001290 0.1146523 0.0759585 0.0580553 0.0838759 0.1053105 0.1843724 0.0875000 0.1030688 0.1062585 0.0499861 0.0844123 0.0777819 0.0464077 0.0703843 0.0769048 0.1049681 0.0837254 0.1029638 0.1098260 0.1069036 0.0878481 0.0801403 0.1197256 0.0908949 0.1017319 0.0835779 0.0862766 0.0864236 0.0954159 0.1571205 0.1011451 0.1062571 0.1099631 0.1091030 0.1091887 0.1777684 0.0739389 0.1943598 0.1036120 0.1109858 0.0992169 0.1070851 0.0516919 0.1054286 0.1807001 0.0545015 0.0647705 0.0900978 0.0975414 0.1106241 0.1090036 0.1030210 0.0979522 0.1107907 0.0885782 0.1022109 0.1086162 0.0502297 0.1064199 0.0972297 0.0889975 0.0554457 0.0498922 0.0255941 0.0941172 0.0488806 0.1025098 0.0873145 0.0829418 0.1277120 0.0623598 0.0747169 0.1186199 0.0975998 0.0958178 0.0537818 0.1008990 0.0860583 0.0606580 0.1162051 0.0476585 0.1062419 0.0525678 0.0736077 0.0946064 0.0992283 0.1013414 0.0928422 0.0770764 0.1567439 0.0679425 0.0872625 0.0793217 0.0804825 
S0196sl       0.1001860 0.0686721 0.0000000 0.0814988 0.0631412 0.0508097 0.0830608 0.0818833 0.0640407 0.0674848 0.0689745 0.0968928 0.0818777 0.0828120 0.0958060 0.0799073 0.0719518 0.0728236 0.0750242 0.0777829 0.0591122 0.0472357 0.0439833 0.0752960 0.0647372 0.0808062 0.0353038 0.0761740 0.0787571 0.0803840 0.0806676 0.0577932 0.0802807 0.0840289 0.0680630 0.0571431 0.0675154 0.0873480 0.0748618 0.0855656 0.0598699 0.0508655 0.0485106 0.0797065 0.1730102 0.0640104 0.0800772 0.0901149 0.0493534 0.0524666 0.0364208 0.0446548 0.0220396 0.0286521 0.0821391 0.0569856 0.0738897 0.0775994 0.0730688 0.0652796 0.0507850 0.1034995 0.0748125 0.0778855 0.0650921 0.0593791 0.0986456 0.0495773 0.1622229 0.0897135 0.0798639 0.0749284 0.0891336 0.0852955 0.1654817 0.0241426 0.1861917 0.0792592 0.0900979 0.0650350 0.0848358 0.0534141 0.0772990 0.1643688 0.0519238 0.0618660 0.0594991 0.0736514 0.0779596 0.0782247 0.0800083 0.0677722 0.0871674 0.0622671 0.0715644 0.0815439 0.0485677 0.0789522 0.0669786 0.0630274 0.0484718 0.0468817 0.0482941 0.0712865 0.0474771 0.0775440 0.0626993 0.0593904 0.0993041 0.0596471 0.0309542 0.1112244 0.0486774 0.0687780 0.0508132 0.0737853 0.0597066 0.0529530 0.0932034 0.0531542 0.0832175 0.0553843 0.0580519 0.0741314 0.0705159 0.0768446 0.0680554 0.0511828 0.1417436 0.0303211 0.0658635 0.0671052 0.0497442 
S0278         0.1571671 0.1114694 0.0814988 0.0000000 0.0973878 0.0825883 0.1171419 0.0517636 0.0963886 0.1109600 0.1046668 0.0581779 0.1151667 0.1158029 0.0571110 0.1115864 0.0532329 0.1161483 0.1259853 0.1097170 0.0942834 0.0779278 0.0762690 0.0641242 0.1027161 0.0544700 0.0917278 0.1055095 0.0776049 0.1109106 0.0724361 0.0796591 0.1121096 0.1279321 0.0415573 0.0872979 0.0938451 0.0485948 0.0603496 0.0879739 0.0929147 0.0911922 0.0956614 0.1126040 0.1779875 0.0982438 0.1156835 0.1019917 0.0835068 0.0949301 0.0926589 0.0776001 0.0839839 0.0898506 0.1112343 0.0954346 0.0664696 0.1183670 0.0821358 0.0607986 0.0807139 0.0751351 0.1011175 0.0949540 0.0864676 0.0916404 0.1071444 0.1029305 0.1648444 0.1058717 0.1146837 0.1182325 0.1186286 0.1134133 0.1771259 0.0867091 0.1889525 0.0741443 0.1072254 0.1093387 0.1187022 0.0915917 0.1124500 0.1729988 0.0827330 0.0867790 0.0883290 0.0525329 0.0856903 0.0847018 0.1104876 0.0588231 0.0603287 0.0981811 0.1087430 0.1127105 0.0779404 0.1175736 0.1087054 0.0923969 0.0818461 0.0790126 0.0947926 0.0992461 0.0876804 0.0764654 0.0979047 0.0935867 0.0609006 0.0870966 0.0899572 0.0742747 0.1010723 0.0746052 0.0809524 0.1052595 0.0947520 0.0883815 0.0597491 0.0900891 0.0664064 0.0824763 0.0848560 0.1017262 0.1082111 0.0857119 0.0970541 0.0795686 0.1466303 0.0737021 0.0931649 0.0899546 0.0842388 
S0281         0.1439572 0.0768866 0.0631412 0.0973878 0.0000000 0.0727118 0.0935306 0.0975343 0.0745609 0.1067107 0.0882882 0.1143943 0.0914027 0.0941048 0.1040501 0.0862120 0.0887185 0.0845959 0.0833324 0.0858129 0.0851677 0.0696685 0.0622219 0.1025607 0.0689404 0.0963172 0.0476530 0.0944856 0.0950953 0.0869953 0.0931753 0.0583587 0.0910832 0.1009833 0.0789293 0.0750525 0.0821810 0.0963037 0.0902658 0.1005562 0.0737640 0.0784283 0.0406035 0.0906360 0.1746937 0.0838645 0.0916444 0.0972401 0.0714131 0.0712762 0.0494317 0.0637164 0.0480230 0.0514368 0.0955104 0.0440486 0.0934335 0.0906334 0.0886097 0.0814530 0.0663175 0.0998451 0.0831834 0.0851037 0.0633336 0.0720146 0.1041935 0.0582141 0.1597037 0.1043154 0.0913992 0.0985315 0.0995277 0.0959584 0.1709953 0.0515036 0.1871959 0.0974661 0.0890778 0.0794108 0.0955968 0.0696128 0.0909521 0.1740786 0.0725271 0.0806569 0.0820095 0.0907278 0.0923281 0.0901058 0.0856059 0.0903149 0.1060898 0.0802699 0.0883720 0.0899462 0.0658873 0.0891779 0.0850398 0.0739399 0.0735663 0.0666358 0.0707112 0.0798109 0.0711992 0.0882824 0.0762576 0.0728807 0.1114559 0.0750244 0.0532798 0.1092385 0.0593459 0.0762678 0.0718039 0.0875463 0.0695391 0.0771974 0.1067794 0.0710717 0.1021374 0.0722806 0.0717662 0.0844445 0.0826893 0.0909075 0.0812943 0.0659626 0.1415206 0.0485001 0.0719080 0.0875094 0.0693781 
S0282         0.1521357 0.0528410 0.0508097 0.0825883 0.0727118 0.0000000 0.0970976 0.0810812 0.0702980 0.0408659 0.0510228 0.0927873 0.0899646 0.0969361 0.0836428 0.0898794 0.0735947 0.0885354 0.0879663 0.0894225 0.0707977 0.0201580 0.0154483 0.0835110 0.0765189 0.0768032 0.0593686 0.0772312 0.1012946 0.0913743 0.0851055 0.0636026 0.0701850 0.1003280 0.0663125 0.0307933 0.0338991 0.0794805 0.0748334 0.0940036 0.0555784 0.0196615 0.0756382 0.0869529 0.1555752 0.0725164 0.0899463 0.0869298 0.0233067 0.0724418 0.0593532 0.0153448 0.0540670 0.0583275 0.0883532 0.0763476 0.0778245 0.0885504 0.0886977 0.0677123 0.0658678 0.0951137 0.0795744 0.0849103 0.0733815 0.0696519 0.0720574 0.0767808 0.1296052 0.0889759 0.0871845 0.0998229 0.1011860 0.1004508 0.1515757 0.0565894 0.1707406 0.0737350 0.0941529 0.0783550 0.0919289 0.0467068 0.0851397 0.1530971 0.0193600 0.0350694 0.0697142 0.0737550 0.0923071 0.0894395 0.0880287 0.0741182 0.0857000 0.0771222 0.0865598 0.0923143 0.0186089 0.0910821 0.0788242 0.0687402 0.0217724 0.0204404 0.0358038 0.0760345 0.0439467 0.0787098 0.0710004 0.0677288 0.1010411 0.0319008 0.0613100 0.0989184 0.0769240 0.0767360 0.0186191 0.0808780 0.0687939 0.0281682 0.0877837 0.0326447 0.0862268 0.0240895 0.0535796 0.0791578 0.0793435 0.0851740 0.0770781 0.0637439 0.1374434 0.0470379 0.0690708 0.0634111 0.0670689 
S0288         0.1521659 0.1073386 0.0830608 0.1171419 0.0935306 0.0970976 0.0000000 0.1121726 0.0872387 0.1120782 0.1063421 0.1278018 0.0207722 0.0574368 0.1261266 0.0261891 0.1022638 0.1044620 0.1070224 0.0262910 0.1073930 0.0921121 0.0862675 0.1166678 0.0943917 0.1061509 0.0864908 0.1117872 0.0885266 0.0180971 0.1043321 0.0805884 0.1134656 0.0755999 0.0938292 0.1020539 0.0849701 0.1152875 0.1099761 0.1089232 0.0912162 0.0863302 0.0913041 0.0255572 0.1812354 0.1001214 0.0269961 0.1043032 0.0948879 0.0767854 0.0864908 0.0887173 0.0819498 0.0856033 0.1120565 0.0930784 0.1134508 0.0584858 0.1034587 0.1042246 0.0775065 0.0997728 0.0495695 0.1029192 0.0901919 0.0939197 0.1342741 0.1019735 0.1562671 0.1154066 0.0591377 0.0685276 0.1215458 0.1217562 0.1758041 0.0847172 0.1855244 0.0975998 0.1180875 0.1050457 0.0647654 0.0952431 0.1070122 0.1848833 0.0981490 0.1059638 0.0822230 0.1024662 0.1072205 0.1052396 0.0245858 0.1047199 0.1151949 0.0599723 0.0143040 0.0229726 0.0892331 0.0586576 0.1055762 0.0872306 0.0962352 0.0883261 0.0927069 0.0953225 0.0976537 0.1003245 0.0909786 0.0823806 0.1110633 0.0975549 0.0879779 0.1311664 0.1018463 0.0941540 0.0964589 0.1010255 0.0913774 0.0989681 0.1206287 0.0916796 0.1218709 0.0978348 0.0930118 0.1069154 0.1012211 0.1058151 0.0938810 0.0773225 0.1684287 0.0658349 0.0863799 0.1089238 0.0817621 
S0289         0.1664127 0.1031221 0.0818833 0.0517636 0.0975343 0.0810812 0.1121726 0.0000000 0.0936490 0.1126072 0.0978252 0.0575476 0.1087669 0.1104777 0.0500399 0.1067013 0.0489076 0.1111711 0.1127186 0.1048391 0.0914931 0.0754699 0.0709233 0.0585491 0.1028866 0.0484305 0.0880018 0.1020196 0.0722263 0.1071304 0.0648607 0.0767556 0.1096665 0.1182767 0.0372127 0.0858087 0.0912746 0.0487711 0.0569469 0.0840261 0.0889767 0.0896292 0.0946562 0.1063153 0.1743015 0.0939369 0.1042995 0.1011645 0.0810334 0.0875826 0.0909118 0.0760909 0.0822489 0.0881065 0.1106272 0.0935571 0.0611416 0.1133772 0.0792272 0.0506128 0.0857142 0.0593714 0.0978880 0.1015138 0.0795961 0.0857894 0.1008274 0.1052481 0.1591233 0.1046131 0.1076756 0.1128870 0.1124986 0.1114812 0.1692569 0.0849864 0.1847251 0.0763896 0.1096105 0.1020916 0.1116524 0.0849537 0.1003572 0.1630599 0.0783408 0.0892322 0.0886016 0.0454571 0.0808279 0.0827546 0.1066143 0.0564206 0.0542811 0.0942880 0.1032865 0.1068018 0.0775683 0.1129170 0.0994858 0.0906086 0.0793833 0.0754081 0.0814233 0.0978296 0.0852115 0.0747727 0.0931897 0.0888744 0.0580935 0.0865531 0.0872254 0.0666900 0.1064912 0.0683152 0.0785987 0.1031918 0.0899818 0.0878645 0.0575406 0.0844185 0.0580859 0.0838635 0.0860252 0.0936479 0.1046498 0.0856836 0.0948562 0.0816764 0.1546318 0.0710444 0.0882374 0.0936117 0.0873612 
S0292         0.1683330 0.0866231 0.0640407 0.0963886 0.0745609 0.0702980 0.0872387 0.0936490 0.0000000 0.0983494 0.0811175 0.1052304 0.0863176 0.0850555 0.1040062 0.0843062 0.0797987 0.0603096 0.0755044 0.0818520 0.0796597 0.0666137 0.0630152 0.0937936 0.0739128 0.0872570 0.0691444 0.0868139 0.0954772 0.0837967 0.0914122 0.0563610 0.0842936 0.0900057 0.0768497 0.0775763 0.0778446 0.0959951 0.0831927 0.0914227 0.0725472 0.0684395 0.0727250 0.0844010 0.1670198 0.0772026 0.0844197 0.0848254 0.0701722 0.0675500 0.0710049 0.0626089 0.0628025 0.0673506 0.0874856 0.0803167 0.0832843 0.0858017 0.0855522 0.0783431 0.0497084 0.1009678 0.0717790 0.0776451 0.0619405 0.0637905 0.1014653 0.0831664 0.1479770 0.0952857 0.0844984 0.0941333 0.0916285 0.0876136 0.1633284 0.0653794 0.1784121 0.0838370 0.0916401 0.0594167 0.0892784 0.0693147 0.0424790 0.1663062 0.0722273 0.0809164 0.0544571 0.0807967 0.0880735 0.0838170 0.0804933 0.0785503 0.0952891 0.0729820 0.0821804 0.0837488 0.0677361 0.0831689 0.0647819 0.0108025 0.0694814 0.0653907 0.0696823 0.0385459 0.0713718 0.0825460 0.0130774 0.0147499 0.1092500 0.0746368 0.0702741 0.1067538 0.0852628 0.0776886 0.0715147 0.0437624 0.0521547 0.0739314 0.0943816 0.0717067 0.0959609 0.0710588 0.0686672 0.0610062 0.0614538 0.0867822 0.0633048 0.0484793 0.1513938 0.0475179 0.0541655 0.0795636 0.0526666 
S0293         0.2071011 0.0838913 0.0674848 0.1109600 0.1067107 0.0408659 0.1120782 0.1126072 0.0983494 0.0000000 0.0786949 0.1209801 0.1132559 0.1268630 0.1121760 0.1242096 0.1068925 0.1146780 0.0984784 0.1195712 0.0996527 0.0409386 0.0411510 0.1086027 0.1045094 0.1074222 0.0942627 0.1120903 0.1034614 0.1216751 0.1129199 0.0995536 0.1066132 0.1329050 0.0980499 0.0609947 0.0506313 0.1109558 0.1021747 0.1254761 0.0886675 0.0341238 0.1064101 0.1234899 0.1963186 0.1023739 0.1243130 0.1112673 0.0478979 0.0996523 0.0962700 0.0408566 0.0864268 0.0910331 0.1292816 0.1081463 0.1085690 0.1255224 0.1185232 0.0973239 0.0952695 0.1319873 0.1137429 0.1209040 0.1131163 0.1064752 0.1090979 0.1119783 0.1765828 0.1163003 0.1195041 0.1269248 0.1405831 0.1375987 0.1886453 0.0891378 0.2092702 0.1235194 0.1328002 0.1090853 0.1247078 0.0778494 0.1204743 0.1867894 0.0453825 0.0619005 0.1038985 0.1021490 0.1236344 0.1182436 0.1200317 0.1034869 0.1126813 0.1025794 0.0997580 0.1234192 0.0446199 0.1274912 0.1111413 0.1009690 0.0427067 0.0460622 0.0671008 0.1068935 0.0757853 0.1129560 0.1021593 0.0977744 0.1250951 0.0576109 0.0934764 0.1263176 0.1111333 0.1112270 0.0446445 0.1136619 0.0969909 0.0523500 0.1247252 0.0602994 0.1175219 0.0505088 0.0836393 0.1116470 0.1053061 0.1178947 0.1156588 0.0932152 0.1739082 0.0747814 0.0963647 0.0914455 0.0968763 
S0294         0.1842568 0.0696739 0.0689745 0.1046668 0.0882882 0.0510228 0.1063421 0.0978252 0.0811175 0.0786949 0.0000000 0.1144532 0.1021358 0.1047740 0.1039331 0.0987661 0.0880231 0.1000371 0.0900760 0.0982950 0.0865952 0.0474042 0.0406264 0.1011486 0.0931368 0.0902995 0.0738247 0.0881258 0.0942845 0.1023374 0.0932414 0.0789078 0.0831356 0.1068076 0.0858676 0.0548479 0.0603328 0.0942312 0.0943605 0.1037128 0.0643813 0.0522113 0.0901036 0.1000097 0.1743021 0.0814946 0.1008583 0.0938411 0.0447244 0.0901486 0.0757049 0.0429123 0.0701069 0.0757925 0.1073861 0.0909503 0.0910901 0.0984399 0.1017081 0.0830618 0.0768547 0.1179562 0.0885884 0.1028350 0.0869388 0.0880332 0.0667808 0.0931286 0.1565212 0.0931025 0.0950735 0.1129044 0.1135979 0.1171515 0.1690790 0.0718788 0.1877699 0.0955181 0.1120170 0.0897413 0.0989284 0.0557974 0.1011969 0.1730218 0.0491541 0.0519354 0.0908622 0.0857847 0.1043292 0.0981530 0.0978330 0.0874991 0.1014275 0.0834789 0.0974203 0.1033047 0.0466622 0.0979746 0.0862087 0.0825065 0.0491880 0.0444555 0.0525310 0.0925706 0.0566851 0.0998740 0.0858330 0.0766362 0.1172689 0.0495332 0.0787872 0.1127665 0.0952916 0.0935251 0.0475516 0.0972117 0.0828341 0.0508200 0.1105391 0.0457528 0.0979489 0.0490092 0.0669565 0.0855977 0.0931001 0.1031418 0.0945842 0.0736759 0.1504902 0.0668793 0.0841430 0.0732282 0.0803205 
S0299         0.1685045 0.1212129 0.0968928 0.0581779 0.1143943 0.0927873 0.1278018 0.0575476 0.1052304 0.1209801 0.1144532 0.0000000 0.1226559 0.1213164 0.0642853 0.1204289 0.0603247 0.1326951 0.1405057 0.1208586 0.1054542 0.0900803 0.0873316 0.0705052 0.1133088 0.0661967 0.1046926 0.1182919 0.0842002 0.1242256 0.0782325 0.0949305 0.1201686 0.1355497 0.0478020 0.1001811 0.1052315 0.0577167 0.0724257 0.0976336 0.1039676 0.0991225 0.1112761 0.1201682 0.1789716 0.1049242 0.1210932 0.1179754 0.0949819 0.1060921 0.1078475 0.0896830 0.1006823 0.1059277 0.1216666 0.1099190 0.0767659 0.1300874 0.0933225 0.0661448 0.0991733 0.0608107 0.1112193 0.1157900 0.1049884 0.1073078 0.1148199 0.1158062 0.1589817 0.1178566 0.1272996 0.1274404 0.1282417 0.1271483 0.1772436 0.1036227 0.1858383 0.0729043 0.1222858 0.1226000 0.1304456 0.0991838 0.1202130 0.1693712 0.0941877 0.1005901 0.1044968 0.0631456 0.0949767 0.0929260 0.1224481 0.0696867 0.0655571 0.1065754 0.1218228 0.1203368 0.0923962 0.1268248 0.1210844 0.1045431 0.0942644 0.0893265 0.1057144 0.1100615 0.0973966 0.0876343 0.1067863 0.1026842 0.0655786 0.0976633 0.1071211 0.0812337 0.1160632 0.0844904 0.0922907 0.1147221 0.1031767 0.1001665 0.0611775 0.1020045 0.0710937 0.0959156 0.0993065 0.1171340 0.1180758 0.0960114 0.1121297 0.0960235 0.1526897 0.0852249 0.1067894 0.1031871 0.1020368 
S0303         0.1569983 0.1074877 0.0818777 0.1151667 0.0914027 0.0899646 0.0207722 0.1087669 0.0863176 0.1132559 0.1021358 0.1226559 0.0000000 0.0493254 0.1229872 0.0196608 0.0981473 0.1024839 0.1079975 0.0213972 0.1062336 0.0880416 0.0832323 0.1114669 0.0912217 0.1067358 0.0836531 0.1127323 0.0945380 0.0180986 0.1014192 0.0786032 0.1100067 0.0623315 0.0961187 0.0967054 0.0981689 0.1106993 0.1045807 0.1021051 0.0847769 0.0917985 0.0882837 0.0101167 0.1861750 0.0979221 0.0084601 0.1035476 0.0907975 0.0839271 0.0816911 0.0846937 0.0772379 0.0827254 0.1087258 0.0891412 0.1069677 0.0494644 0.0998019 0.0966450 0.0774493 0.1076416 0.0421433 0.1030295 0.0900565 0.0910974 0.1327251 0.1041695 0.1587636 0.1114826 0.0511006 0.0621226 0.1144106 0.1154014 0.1781206 0.0808823 0.1953965 0.0923751 0.1145515 0.0996439 0.0566149 0.0944052 0.1081906 0.1853161 0.0940191 0.1017767 0.0832380 0.1029450 0.1035304 0.1046802 0.0196942 0.0973651 0.1107216 0.0506480 0.0207395 0.0213630 0.0882966 0.0523736 0.1025510 0.0842115 0.0921207 0.0862724 0.0895499 0.0952640 0.0924870 0.0918246 0.0900507 0.0835041 0.1171626 0.0956465 0.0860890 0.1288787 0.1049895 0.0916068 0.0923322 0.0978496 0.0914487 0.0948372 0.1164220 0.0894839 0.1138176 0.0937188 0.0895591 0.1020468 0.0980781 0.1024831 0.0878846 0.0772649 0.1612823 0.0619596 0.0863758 0.1034216 0.0817017 
S0308         0.1625133 0.1035622 0.0828120 0.1158029 0.0941048 0.0969361 0.0574368 0.1104777 0.0850555 0.1268630 0.1047740 0.1213164 0.0493254 0.0000000 0.1211436 0.0499862 0.0978021 0.1049321 0.1110862 0.0495019 0.1015409 0.0917187 0.0849701 0.1152791 0.0936039 0.1127292 0.0851061 0.1090475 0.1027439 0.0476097 0.1048999 0.0773080 0.1136449 0.0611983 0.0961053 0.1005175 0.0978154 0.1158836 0.1085551 0.1080831 0.0928943 0.0965246 0.0864427 0.0488149 0.1882255 0.0960397 0.0518249 0.1066677 0.0905657 0.0820059 0.0909272 0.0884149 0.0807019 0.0861350 0.1103413 0.0892217 0.1131393 0.0495611 0.1072555 0.0986802 0.0752021 0.1010878 0.0479252 0.1022473 0.0872876 0.0896365 0.1262334 0.0987898 0.1623766 0.1188752 0.0484833 0.0603072 0.1183760 0.1144653 0.1850285 0.0843101 0.1978996 0.0968612 0.1143179 0.1001473 0.0520887 0.0948019 0.1025555 0.1893344 0.0944528 0.1033830 0.0881882 0.1047609 0.1109904 0.1121574 0.0482745 0.1032122 0.1171893 0.0504845 0.0555025 0.0502118 0.0909793 0.0498096 0.1024554 0.0830507 0.0957833 0.0880388 0.0923707 0.0970082 0.0912201 0.1079246 0.0907240 0.0822837 0.1236923 0.0972807 0.0875196 0.1329349 0.0996809 0.1001102 0.0898110 0.0954820 0.0909567 0.0974795 0.1202677 0.0943285 0.1127879 0.0963816 0.0881422 0.1009193 0.0993703 0.1074855 0.0902055 0.0731646 0.1655519 0.0648648 0.0825274 0.1042020 0.0774253 
S0320         0.1651175 0.1050923 0.0958060 0.0571110 0.1040501 0.0836428 0.1261266 0.0500399 0.1040062 0.1121760 0.1039331 0.0642853 0.1229872 0.1211436 0.0000000 0.1202584 0.0618672 0.1189102 0.1175957 0.1162563 0.1008092 0.0789675 0.0773059 0.0670827 0.1168139 0.0573020 0.1043467 0.1044102 0.0805475 0.1182130 0.0735963 0.0810220 0.1201613 0.1259047 0.0353450 0.0864454 0.0960102 0.0550750 0.0640470 0.0902036 0.0973232 0.0923421 0.1030015 0.1192218 0.1741067 0.1073679 0.1201884 0.1144662 0.0845640 0.0992810 0.1073360 0.0786347 0.0953247 0.1033911 0.1170330 0.1028741 0.0742798 0.1197770 0.0852540 0.0659168 0.0938398 0.0739874 0.1114250 0.1071698 0.0845412 0.0951863 0.1084057 0.1107197 0.1660380 0.1195305 0.1223971 0.1213233 0.1261646 0.1208482 0.1720023 0.0991385 0.1875537 0.0855019 0.1130113 0.1106143 0.1243281 0.0930584 0.1205646 0.1722018 0.0828326 0.0899023 0.0962718 0.0484229 0.0888296 0.0898424 0.1212294 0.0645565 0.0589397 0.0994068 0.1191330 0.1167955 0.0811221 0.1182696 0.1065745 0.1020006 0.0829006 0.0821530 0.0963144 0.1048974 0.0923392 0.0807222 0.1034908 0.0979472 0.0595649 0.0901732 0.1025159 0.0753551 0.1119720 0.0775769 0.0821187 0.1127961 0.0953410 0.0865290 0.0611607 0.0945165 0.0735443 0.0844989 0.0951641 0.1013225 0.1118799 0.0938072 0.1032358 0.0887922 0.1528712 0.0818377 0.0965659 0.1019791 0.0923325 
S0322         0.1711673 0.1039395 0.0799073 0.1115864 0.0862120 0.0898794 0.0261891 0.1067013 0.0843062 0.1242096 0.0987661 0.1204289 0.0196608 0.0499862 0.1202584 0.0000000 0.0929662 0.1042416 0.1074872 0.0146024 0.0976657 0.0879751 0.0823181 0.1070051 0.0975891 0.1023547 0.0836266 0.1058921 0.0891547 0.0177616 0.1054813 0.0777832 0.1085536 0.0628514 0.0901465 0.0966009 0.0969895 0.1148486 0.1045743 0.1046754 0.0853404 0.0957750 0.0862274 0.0139066 0.1820435 0.0986951 0.0200760 0.1012438 0.0897162 0.0829628 0.0817056 0.0837517 0.0792555 0.0837017 0.1075888 0.0880792 0.1069669 0.0475590 0.0983947 0.0978353 0.0718765 0.1047651 0.0441064 0.0975253 0.0855373 0.0880360 0.1275290 0.0976439 0.1543710 0.1154197 0.0490876 0.0608764 0.1144317 0.1157490 0.1775284 0.0828349 0.1928316 0.0936713 0.1107176 0.0983880 0.0544554 0.0912417 0.1045058 0.1805548 0.0928619 0.0973697 0.0832418 0.1007594 0.1020700 0.1032011 0.0177391 0.0995158 0.1095967 0.0532366 0.0293278 0.0193928 0.0872669 0.0485718 0.1021305 0.0833347 0.0919693 0.0862619 0.0885537 0.0939762 0.0923121 0.0965692 0.0860038 0.0805855 0.1138339 0.0936355 0.0879610 0.1250476 0.0985327 0.0881771 0.0892394 0.0978400 0.0892871 0.0917155 0.1117900 0.0872998 0.1087158 0.0925717 0.0869198 0.1005711 0.0927824 0.0986762 0.0910341 0.0716487 0.1596532 0.0597439 0.0844132 0.0981263 0.0759640 
S0327         0.1590015 0.0959190 0.0719518 0.0532329 0.0887185 0.0735947 0.1022638 0.0489076 0.0797987 0.1068925 0.0880231 0.0603247 0.0981473 0.0978021 0.0618672 0.0929662 0.0000000 0.1012560 0.1047261 0.0931891 0.0908240 0.0698683 0.0662329 0.0556753 0.1046065 0.0537034 0.0835367 0.1000104 0.0646964 0.0974233 0.0633556 0.0728920 0.0988030 0.1073890 0.0386766 0.0801542 0.0836157 0.0411330 0.0503518 0.0783274 0.0824548 0.0794339 0.0884464 0.0948412 0.1720810 0.0855630 0.0959347 0.0976026 0.0725834 0.0835603 0.0844710 0.0686203 0.0757941 0.0816544 0.1082422 0.0923785 0.0582467 0.0961402 0.0735986 0.0579662 0.0694511 0.0523999 0.0848807 0.0931793 0.0746193 0.0831720 0.0923994 0.0977014 0.1548417 0.0943758 0.0947441 0.1001903 0.1112040 0.1123430 0.1712116 0.0785453 0.1831029 0.0637107 0.0977673 0.0916227 0.0984870 0.0776206 0.0990060 0.1687547 0.0737224 0.0816696 0.0789652 0.0425403 0.0771611 0.0771613 0.0959555 0.0499967 0.0607386 0.0863173 0.1006141 0.0960992 0.0719752 0.0943506 0.0900744 0.0789375 0.0737787 0.0698058 0.0739892 0.0855468 0.0737228 0.0685829 0.0794078 0.0761163 0.0649377 0.0780136 0.0847696 0.0716829 0.0979109 0.0667560 0.0739504 0.0903697 0.0812250 0.0803373 0.0537776 0.0760219 0.0587201 0.0763574 0.0795760 0.0822728 0.0919659 0.0781143 0.0868260 0.0682195 0.1530565 0.0624981 0.0806018 0.0867963 0.0729655 
S0335         0.1798814 0.1058882 0.0728236 0.1161483 0.0845959 0.0885354 0.1044620 0.1111711 0.0603096 0.1146780 0.1000371 0.1326951 0.1024839 0.1049321 0.1189102 0.1042416 0.1012560 0.0000000 0.0602501 0.1005644 0.0918540 0.0824441 0.0757031 0.1127173 0.0903085 0.1076316 0.0705275 0.1006937 0.1163461 0.1038099 0.1047341 0.0655529 0.0971701 0.1048640 0.1001983 0.0885903 0.0925642 0.1183617 0.1004989 0.1146708 0.0814450 0.0848029 0.0822416 0.1033644 0.1699978 0.0962825 0.1003105 0.0904964 0.0851623 0.0729622 0.0723820 0.0781892 0.0652320 0.0708312 0.1008624 0.0892473 0.1005106 0.0981906 0.1049549 0.1001960 0.0627980 0.1286636 0.0894384 0.0841279 0.0689197 0.0729020 0.1220767 0.0947394 0.1531063 0.1012647 0.0997911 0.1135099 0.1014435 0.1050581 0.1624516 0.0698083 0.1808431 0.0962262 0.1028343 0.0535188 0.1036995 0.0845051 0.0744240 0.1716580 0.0883085 0.0988635 0.0739659 0.0994768 0.1075166 0.1052755 0.0979636 0.0925675 0.1129285 0.0883692 0.1034721 0.1047919 0.0834158 0.0988341 0.0515287 0.0614230 0.0854562 0.0802743 0.0901601 0.0704337 0.0867320 0.0994487 0.0601338 0.0559260 0.1309983 0.0932988 0.0737743 0.1249749 0.0972574 0.0956853 0.0876127 0.0693857 0.0455924 0.0900519 0.1242239 0.0868217 0.1143743 0.0889971 0.0744925 0.0507027 0.0310436 0.1081925 0.0785796 0.0624919 0.1680352 0.0644546 0.0458055 0.0939012 0.0676048 
S0345         0.2449268 0.1009014 0.0750242 0.1259853 0.0833324 0.0879663 0.1070224 0.1127186 0.0755044 0.0984784 0.0900760 0.1405057 0.1079975 0.1110862 0.1175957 0.1074872 0.1047261 0.0602501 0.0000000 0.0987232 0.0932560 0.0820128 0.0751332 0.1190060 0.1050139 0.1173342 0.0806075 0.1021817 0.1047586 0.1109972 0.1120106 0.0722283 0.0939718 0.1150143 0.1098930 0.0956374 0.0761244 0.1151286 0.1111399 0.1222110 0.0870781 0.0878044 0.0924860 0.1075056 0.1679422 0.0981129 0.1065442 0.0937307 0.0859868 0.0728795 0.0833449 0.0747807 0.0738556 0.0792257 0.1100105 0.0957795 0.1201133 0.1093617 0.1140144 0.1064371 0.0708555 0.1364477 0.0966009 0.0821547 0.0721251 0.0792162 0.1279288 0.1007675 0.1568419 0.0933536 0.1060716 0.1204648 0.1108829 0.1074878 0.1640617 0.0750708 0.1738909 0.1255458 0.1019938 0.0564740 0.1117176 0.0868759 0.0958032 0.1660346 0.0859030 0.0938828 0.0863633 0.1156318 0.1197535 0.1119529 0.1074835 0.0955654 0.1262976 0.0998750 0.1059279 0.1122497 0.0817874 0.1117487 0.0282739 0.0785988 0.0862861 0.0800800 0.0870611 0.0850420 0.0839877 0.1061486 0.0754149 0.0718216 0.1377993 0.0956300 0.0805573 0.1152703 0.1038995 0.1063245 0.0863282 0.0880490 0.0432888 0.0830140 0.1329896 0.0866684 0.1249936 0.0884671 0.0855910 0.0245808 0.0584790 0.1164840 0.0857637 0.0668228 0.1599579 0.0636998 0.0449279 0.1054014 0.0710054 
S0355         0.1729317 0.1055985 0.0777829 0.1097170 0.0858129 0.0894225 0.0262910 0.1048391 0.0818520 0.1195712 0.0982950 0.1208586 0.0213972 0.0495019 0.1162563 0.0146024 0.0931891 0.1005644 0.0987232 0.0000000 0.0992659 0.0855515 0.0798930 0.1061019 0.0980704 0.0994909 0.0822796 0.1054976 0.0823458 0.0178545 0.0984696 0.0761177 0.1071509 0.0614286 0.0882413 0.0941572 0.0942146 0.1096674 0.1006341 0.1029280 0.0836263 0.0921591 0.0848790 0.0147184 0.1771747 0.0962492 0.0225876 0.0983029 0.0872970 0.0834723 0.0822796 0.0813389 0.0768372 0.0814083 0.1023734 0.0867382 0.1050297 0.0477820 0.0966552 0.0936348 0.0732432 0.1070054 0.0406357 0.0959204 0.0861010 0.0853228 0.1292818 0.0943378 0.1552513 0.1094910 0.0484495 0.0602151 0.1114167 0.1138354 0.1726097 0.0804213 0.1879121 0.1033756 0.1091060 0.0969678 0.0528592 0.0919170 0.1010383 0.1806075 0.0891988 0.0969421 0.0797616 0.0978730 0.1003333 0.1014611 0.0186283 0.0956435 0.1098330 0.0498973 0.0293371 0.0194948 0.0848368 0.0488014 0.1005331 0.0808810 0.0895422 0.0838091 0.0900858 0.0884063 0.0896434 0.0947128 0.0845369 0.0771749 0.1086252 0.0891124 0.0855380 0.1219403 0.0952290 0.0895822 0.0868085 0.0940805 0.0865478 0.0892948 0.1111263 0.0880213 0.1068494 0.0901533 0.0844979 0.1010149 0.0943149 0.0989881 0.0894342 0.0711116 0.1617977 0.0582848 0.0806027 0.0986919 0.0754470 
S0376         0.1695413 0.0879696 0.0591122 0.0942834 0.0851677 0.0707977 0.1073930 0.0914931 0.0796597 0.0996527 0.0865952 0.1054542 0.1062336 0.1015409 0.1008092 0.0976657 0.0908240 0.0918540 0.0932560 0.0992659 0.0000000 0.0687706 0.0616014 0.0980369 0.0958087 0.0895618 0.0794839 0.0397051 0.0940830 0.1033216 0.1017190 0.0747745 0.0842609 0.1108009 0.0725851 0.0777864 0.0830424 0.0992956 0.0943375 0.1052628 0.0649470 0.0784553 0.0862149 0.1009642 0.1683905 0.0887747 0.1038481 0.1010160 0.0667533 0.0869583 0.0813874 0.0629748 0.0719683 0.0776575 0.1068280 0.0890575 0.0943278 0.1013251 0.0936097 0.0858951 0.0721295 0.1075865 0.0896532 0.0978141 0.0767114 0.0833592 0.1060741 0.0915168 0.1528576 0.0999301 0.1000032 0.1069307 0.1147384 0.1119841 0.1643989 0.0756230 0.1815165 0.0972782 0.1109538 0.0867111 0.1038428 0.0727878 0.0966868 0.1585289 0.0715552 0.0792965 0.0789416 0.0887474 0.0982945 0.0953535 0.0998098 0.0914092 0.0983472 0.0885824 0.0997698 0.1022410 0.0689546 0.0964995 0.0881509 0.0767583 0.0725664 0.0687818 0.0769934 0.0813695 0.0698328 0.0944244 0.0803596 0.0759638 0.1147492 0.0770664 0.0787406 0.1100320 0.0916919 0.0852169 0.0689732 0.0870675 0.0758298 0.0723540 0.1061461 0.0700786 0.0926769 0.0713366 0.0677166 0.0897781 0.0858904 0.0964691 0.0918396 0.0689514 0.1611575 0.0650419 0.0780184 0.0485171 0.0743187 
S0400         0.1528974 0.0536268 0.0472357 0.0779278 0.0696685 0.0201580 0.0921121 0.0754699 0.0666137 0.0409386 0.0474042 0.0900803 0.0880416 0.0917187 0.0789675 0.0879751 0.0698683 0.0824441 0.0820128 0.0855515 0.0687706 0.0000000 0.0122826 0.0807080 0.0743886 0.0729576 0.0565201 0.0770345 0.0854539 0.0874878 0.0774540 0.0615252 0.0689014 0.0970349 0.0628021 0.0299906 0.0296458 0.0757695 0.0680165 0.0881022 0.0545497 0.0213753 0.0707550 0.0869830 0.1582425 0.0676932 0.0880403 0.0851284 0.0200748 0.0692054 0.0583068 0.0122007 0.0495036 0.0537235 0.0878909 0.0714684 0.0741345 0.0885573 0.0828781 0.0640932 0.0622539 0.0864200 0.0767654 0.0815835 0.0699793 0.0697718 0.0710715 0.0737610 0.1356753 0.0902252 0.0833430 0.0938015 0.0976176 0.0959078 0.1542430 0.0520042 0.1735206 0.0829634 0.0949893 0.0734224 0.0880536 0.0466197 0.0813167 0.1545591 0.0129911 0.0333443 0.0706901 0.0672931 0.0864649 0.0816851 0.0861294 0.0695094 0.0820336 0.0711260 0.0822863 0.0874457 0.0154116 0.0901126 0.0767508 0.0687940 0.0060151 0.0155883 0.0357437 0.0751431 0.0429997 0.0766592 0.0682555 0.0640529 0.0970144 0.0285304 0.0566468 0.0928820 0.0738977 0.0739026 0.0122486 0.0780025 0.0649095 0.0232747 0.0850478 0.0360244 0.0795068 0.0208521 0.0518108 0.0751587 0.0753775 0.0813761 0.0761601 0.0601139 0.1398011 0.0444476 0.0670305 0.0623665 0.0634313 
S0405         0.1437677 0.0467409 0.0439833 0.0762690 0.0622219 0.0154483 0.0862675 0.0709233 0.0630152 0.0411510 0.0406264 0.0873316 0.0832323 0.0849701 0.0773059 0.0823181 0.0662329 0.0757031 0.0751332 0.0798930 0.0616014 0.0122826 0.0000000 0.0761162 0.0710853 0.0705438 0.0503863 0.0696809 0.0883062 0.0818084 0.0748375 0.0548957 0.0655817 0.0872861 0.0611131 0.0243469 0.0238455 0.0731381 0.0674595 0.0831694 0.0474662 0.0180516 0.0653065 0.0812814 0.1505920 0.0633211 0.0823783 0.0812089 0.0145985 0.0638495 0.0521498 0.0075962 0.0434544 0.0476396 0.0832382 0.0660271 0.0668118 0.0809188 0.0792529 0.0612670 0.0597147 0.0904058 0.0689553 0.0762021 0.0626112 0.0643226 0.0633814 0.0663989 0.1263554 0.0881122 0.0777258 0.0880376 0.0880569 0.0893267 0.1465626 0.0459375 0.1656568 0.0765490 0.0874079 0.0678960 0.0823910 0.0389129 0.0756472 0.1492180 0.0130623 0.0260101 0.0672005 0.0647143 0.0828354 0.0789003 0.0785656 0.0639783 0.0782983 0.0617334 0.0761848 0.0827338 0.0091661 0.0824054 0.0674756 0.0621625 0.0138575 0.0108407 0.0299005 0.0694864 0.0379900 0.0713851 0.0646552 0.0604607 0.0931469 0.0212423 0.0504983 0.0891068 0.0665201 0.0711972 0.0123152 0.0742162 0.0613129 0.0193469 0.0855626 0.0294403 0.0776433 0.0153710 0.0484585 0.0677571 0.0706134 0.0766869 0.0706041 0.0575580 0.1334496 0.0393617 0.0614583 0.0534923 0.0608778 
S0407sl       0.1916048 0.1092696 0.0752960 0.0641242 0.1025607 0.0835110 0.1166678 0.0585491 0.0937936 0.1086027 0.1011486 0.0705052 0.1114669 0.1152791 0.0670827 0.1070051 0.0556753 0.1127173 0.1190060 0.1061019 0.0980369 0.0807080 0.0761162 0.0000000 0.1168988 0.0544939 0.0954955 0.1116125 0.0699021 0.1104701 0.0719331 0.0865786 0.1163191 0.1188767 0.0502200 0.0869651 0.0979979 0.0543054 0.0655589 0.0804369 0.0957871 0.0810502 0.0994930 0.1090045 0.1910307 0.1028406 0.1099934 0.1051205 0.0824089 0.1027963 0.0974930 0.0774617 0.0876333 0.0935934 0.1125490 0.1014496 0.0716267 0.1115326 0.0774929 0.0682180 0.0861060 0.0861552 0.0992378 0.1044515 0.0893065 0.0955735 0.1189782 0.1072956 0.1756220 0.1029974 0.1079905 0.1152139 0.1261108 0.1156927 0.1903120 0.0914308 0.2010702 0.0824611 0.1095067 0.1067522 0.1130077 0.0914404 0.1160030 0.1866983 0.0826427 0.0917347 0.0900212 0.0466570 0.0810333 0.0790848 0.1068482 0.0659545 0.0666589 0.0958576 0.1130468 0.1090892 0.0799560 0.1098722 0.1037973 0.0917894 0.0827248 0.0788847 0.0879478 0.1045778 0.0916975 0.0795244 0.0944942 0.0890100 0.0732921 0.0835190 0.0967803 0.0543987 0.1106419 0.0697941 0.0829172 0.1057977 0.0901529 0.0873505 0.0737463 0.0848399 0.0707073 0.0814256 0.0904685 0.1009535 0.1052385 0.0810791 0.0997900 0.0830340 0.1617009 0.0712951 0.0925887 0.0981718 0.0907109 
S0412sl       0.1523114 0.0941863 0.0647372 0.1027161 0.0689404 0.0765189 0.0943917 0.1028866 0.0739128 0.1045094 0.0931368 0.1133088 0.0912217 0.0936039 0.1168139 0.0975891 0.1046065 0.0903085 0.1050139 0.0980704 0.0958087 0.0743886 0.0710853 0.1168988 0.0000000 0.1033280 0.0659404 0.0973431 0.1095329 0.0978865 0.0943463 0.0715407 0.0786555 0.1170396 0.0935368 0.0849777 0.0755415 0.1142415 0.1005193 0.1122536 0.0669538 0.0810477 0.0802816 0.0984728 0.1781749 0.0683161 0.0964421 0.0988914 0.0777362 0.0788822 0.0681652 0.0718183 0.0662970 0.0692646 0.0934666 0.0800444 0.0979284 0.0953444 0.1028924 0.0862265 0.0772204 0.1203620 0.0842904 0.0901850 0.0801218 0.0803976 0.1023698 0.0900028 0.1561122 0.0879478 0.0962830 0.1014666 0.1052039 0.0916463 0.1717102 0.0694590 0.1815758 0.0943765 0.0987058 0.0881365 0.0997379 0.0766213 0.0916273 0.1749667 0.0789733 0.0937462 0.0806817 0.0993592 0.1062615 0.1014723 0.0979537 0.0983943 0.1099945 0.0904369 0.1002865 0.0967083 0.0719969 0.0932819 0.0977809 0.0755671 0.0779166 0.0725930 0.0828942 0.0833244 0.0778991 0.0956181 0.0771122 0.0753867 0.1269697 0.0857732 0.0717174 0.1303153 0.0912800 0.0859353 0.0768248 0.0822082 0.0729690 0.0834661 0.1121678 0.0803723 0.1059107 0.0786616 0.0732777 0.0917840 0.0886521 0.1033881 0.0755245 0.0758039 0.1357155 0.0628552 0.0731774 0.1048680 0.0796220 
S0417         0.1569254 0.0989607 0.0808062 0.0544700 0.0963172 0.0768032 0.1061509 0.0484305 0.0872570 0.1074222 0.0902995 0.0661967 0.1067358 0.1127292 0.0573020 0.1023547 0.0537034 0.1076316 0.1173342 0.0994909 0.0895618 0.0729576 0.0705438 0.0544939 0.1033280 0.0000000 0.0906548 0.1003394 0.0701845 0.1017136 0.0688937 0.0746237 0.1020195 0.1192918 0.0417646 0.0804491 0.0897097 0.0607227 0.0595979 0.0833565 0.0832418 0.0840104 0.0966645 0.1022492 0.1772662 0.0921977 0.1043473 0.1027439 0.0748716 0.0906334 0.0915835 0.0718963 0.0840070 0.0887834 0.1051945 0.0974823 0.0638740 0.1045157 0.0747665 0.0609599 0.0777659 0.0719088 0.0939948 0.0918420 0.0799272 0.0865980 0.1098286 0.0998095 0.1547243 0.1055377 0.1020228 0.1073731 0.1154972 0.1081726 0.1711758 0.0856669 0.1866315 0.0732066 0.1019699 0.0979651 0.1059405 0.0818742 0.1029612 0.1717405 0.0759837 0.0826522 0.0825077 0.0334752 0.0763741 0.0754132 0.1012545 0.0611032 0.0597014 0.0879854 0.1006679 0.1037072 0.0733468 0.1041850 0.0972674 0.0875384 0.0749080 0.0711804 0.0804281 0.0936311 0.0842753 0.0729052 0.0848711 0.0836599 0.0534413 0.0811948 0.0909117 0.0670599 0.1020282 0.0681228 0.0752761 0.1005125 0.0865984 0.0815501 0.0638848 0.0785532 0.0696927 0.0783701 0.0790576 0.0934635 0.0969653 0.0801114 0.0925722 0.0736189 0.1560958 0.0679924 0.0920878 0.0906498 0.0793018 
S0419         0.1485249 0.0768255 0.0353038 0.0917278 0.0476530 0.0593686 0.0864908 0.0880018 0.0691444 0.0942627 0.0738247 0.1046926 0.0836531 0.0851061 0.1043467 0.0836266 0.0835367 0.0705275 0.0806075 0.0822796 0.0794839 0.0565201 0.0503863 0.0954955 0.0659404 0.0906548 0.0000000 0.0851817 0.0962854 0.0812186 0.0859299 0.0575390 0.0807536 0.0954295 0.0772120 0.0660775 0.0708944 0.0926178 0.0808982 0.0948098 0.0610131 0.0658887 0.0437653 0.0817733 0.1676156 0.0733627 0.0837569 0.0902561 0.0599924 0.0646597 0.0060200 0.0527424 0.0099075 0.0121917 0.0873688 0.0481825 0.0809789 0.0801148 0.0897607 0.0760625 0.0602548 0.0962342 0.0791242 0.0813790 0.0686714 0.0679094 0.0951148 0.0482593 0.1419120 0.0972097 0.0788313 0.0851976 0.0965207 0.0938100 0.1637128 0.0129834 0.1807675 0.0802769 0.0907199 0.0706674 0.0837003 0.0665634 0.0800511 0.1656836 0.0592242 0.0714914 0.0714184 0.0824174 0.0933774 0.0882382 0.0780037 0.0791848 0.0979842 0.0737099 0.0825712 0.0840467 0.0566827 0.0835111 0.0752717 0.0693602 0.0601725 0.0536606 0.0602279 0.0759898 0.0603809 0.0829448 0.0679937 0.0638071 0.1150893 0.0662806 0.0161538 0.1048906 0.0493755 0.0787374 0.0585069 0.0786678 0.0561175 0.0626947 0.1034979 0.0604505 0.0909960 0.0626403 0.0621210 0.0737520 0.0681333 0.0878853 0.0710557 0.0591095 0.1364031 0.0433467 0.0553806 0.0817589 0.0614156 
S0427         0.1725700 0.0969797 0.0761740 0.1055095 0.0944856 0.0772312 0.1117872 0.1020196 0.0868139 0.1120903 0.0881258 0.1182919 0.1127323 0.1090475 0.1044102 0.1058921 0.1000104 0.1006937 0.1021817 0.1054976 0.0397051 0.0770345 0.0696809 0.1116125 0.0973431 0.1003394 0.0851817 0.0000000 0.1003739 0.1086212 0.1059811 0.0793846 0.0936179 0.1174011 0.0843061 0.0844250 0.0829451 0.1076365 0.1046754 0.1117934 0.0694028 0.0831567 0.1002230 0.1052070 0.1770617 0.0862629 0.1101906 0.1091896 0.0759082 0.0908191 0.0880983 0.0710382 0.0803700 0.0862271 0.1130087 0.1010849 0.1035143 0.1056347 0.1010760 0.0924986 0.0781945 0.1193448 0.0937260 0.1037435 0.0841578 0.0876140 0.1111275 0.1006106 0.1632018 0.1069132 0.1051991 0.1143875 0.1196553 0.1158047 0.1717755 0.0841194 0.1906761 0.1054027 0.1161871 0.0976583 0.1081131 0.0752938 0.1013022 0.1730365 0.0770472 0.0824809 0.0874281 0.0984122 0.1046568 0.1052392 0.1060275 0.1015588 0.1116489 0.0912137 0.1075478 0.1085389 0.0762863 0.1010362 0.1000902 0.0849275 0.0809484 0.0760570 0.0835639 0.0920077 0.0729937 0.1009934 0.0928138 0.0851238 0.1209917 0.0783696 0.0863833 0.1217812 0.1008067 0.0963793 0.0744230 0.0926997 0.0834399 0.0816539 0.1154325 0.0803643 0.1033635 0.0796503 0.0751093 0.1006135 0.0977575 0.1102008 0.1020310 0.0750039 0.1626710 0.0742478 0.0868594 0.0495092 0.0826561 
S0428sl       0.1644681 0.1125507 0.0787571 0.0776049 0.0950953 0.1012946 0.0885266 0.0722263 0.0954772 0.1034614 0.0942845 0.0842002 0.0945380 0.1027439 0.0805475 0.0891547 0.0646964 0.1163461 0.1047586 0.0823458 0.0940830 0.0854539 0.0883062 0.0699021 0.1095329 0.0701845 0.0962854 0.1003739 0.0000000 0.0965733 0.0697849 0.0787758 0.1117863 0.1165996 0.0636318 0.1054109 0.0830766 0.0637594 0.0686003 0.0827381 0.0966755 0.0977583 0.1057468 0.0930074 0.1662137 0.1033824 0.1004803 0.0934195 0.0940394 0.0910853 0.0977056 0.0881830 0.0893751 0.0950302 0.1231618 0.1116585 0.0739464 0.1063201 0.0777573 0.0686431 0.0837079 0.0550654 0.0944935 0.1042068 0.0852864 0.0875428 0.1208272 0.1111864 0.1470737 0.0865517 0.1002982 0.1126916 0.1258067 0.1229635 0.1607800 0.0919623 0.1699265 0.0793697 0.1156599 0.1054586 0.1055688 0.0969900 0.1213473 0.1659173 0.0984333 0.0987157 0.0972494 0.0638468 0.0828982 0.0786213 0.0917881 0.0611415 0.0816388 0.0931999 0.0882899 0.0936707 0.0883557 0.1021003 0.1084295 0.0954929 0.0895952 0.0837044 0.0883614 0.1073095 0.0943969 0.0688862 0.0977975 0.0932405 0.0978615 0.0926877 0.0962257 0.0659569 0.1100302 0.0687714 0.0911810 0.1112609 0.0965909 0.0923156 0.0905646 0.0932330 0.0730957 0.1007783 0.0924121 0.0995658 0.1080047 0.0838124 0.1062911 0.0789758 0.1484881 0.0711378 0.0952824 0.1072389 0.0872874 
