126
S0055       0.0000000 0.1411928 0.1139781 0.0692833 0.1351830 0.1405333 0.1007965 0.0637908 0.0871119 0.1267500 0.1512708 0.1488954 0.1533678 0.1338628 0.1170033 0.1081562 0.1273257 0.1365011 0.0890261 0.0719953 0.0651185 0.1389235 0.1153459 0.1052537 0.1242811 0.0863765 0.1371384 0.1238579 0.1246523 0.1137856 0.1030849 0.1258996 0.0815231 0.0713880 0.1168986 0.0953537 0.1141487 0.1020498 0.0764271 0.1280913 0.1288894 0.2401973 0.0946811 0.1426600 0.0717621 0.1042689 0.1279062 0.0697190 0.1207614 0.1202764 0.1265432 0.1157330 0.1123688 0.1392010 0.1115191 0.1092395 0.0948034 0.1237927 0.1329374 0.1239857 0.1200576 0.1200790 0.0825409 0.1324169 0.1282905 0.1259478 0.1173757 0.1302927 0.1389739 0.2195732 0.1094326 0.2352444 0.1270130 0.1140437 0.1279075 0.0659277 0.1241712 0.0614651 0.0734985 0.1182607 0.1142188 0.0871505 0.1008583 0.1436719 0.0868895 0.1290755 0.1128076 0.1330352 0.1351100 0.0633101 0.1425534 0.1085854 0.0975705 0.0633020 0.0713584 0.0459557 0.1215311 0.0646108 0.1315012 0.1055690 0.1129103 0.1572461 0.0898463 0.1128462 0.1416478 0.1102641 0.0620879 0.1400310 0.1083461 0.1013076 0.0714425 0.1289571 0.0839023 0.1351520 0.0762059 0.0803745 0.1143998 0.1108684 0.1097880 0.1148913 0.0972247 0.1909548 0.1085568 0.1038172 0.0919577 0.0994199 
S0278       0.1411928 0.0000000 0.1561265 0.1591148 0.1594493 0.1228504 0.1379810 0.1505309 0.1586341 0.0928300 0.1734472 0.1872726 0.1404174 0.1655817 0.1085607 0.1442685 0.1902182 0.1614906 0.1604367 0.1662009 0.1513366 0.1365183 0.1421256 0.0709978 0.1610064 0.1575605 0.1640951 0.1321276 0.1603520 0.1536422 0.1438818 0.0965894 0.1585572 0.1623822 0.0930809 0.1283002 0.1184973 0.1529281 0.1510293 0.1651011 0.1552623 0.2441864 0.1556871 0.1614893 0.1628937 0.1572438 0.1649047 0.1542900 0.1450815 0.1545620 0.1416762 0.1570696 0.0987767 0.1648266 0.1311741 0.0874340 0.1322277 0.1472190 0.1726509 0.1692443 0.1583740 0.1658100 0.1559601 0.1785241 0.1855098 0.1791581 0.1687219 0.1488154 0.1572264 0.1962702 0.1460769 0.2303719 0.1589806 0.1507378 0.1811132 0.1579149 0.1590921 0.1519659 0.1530619 0.1522748 0.0970939 0.1077838 0.1258137 0.1711408 0.0810907 0.0785651 0.1719082 0.1644348 0.1650143 0.1541315 0.1804660 0.1548278 0.1324589 0.1540953 0.1458650 0.1414253 0.1619390 0.1590225 0.1342082 0.1354339 0.1389456 0.1216397 0.1678464 0.1506235 0.1889318 0.1154032 0.1508896 0.1873494 0.1396020 0.1405950 0.1635548 0.1060241 0.1731154 0.1065245 0.1605342 0.1256989 0.1575848 0.1497251 0.1338597 0.1574771 0.1381562 0.2202732 0.1457450 0.1460185 0.1741209 0.1314988 
S0281       0.1139781 0.1561265 0.0000000 0.1064653 0.1106011 0.1494686 0.1113433 0.0985326 0.1108073 0.1335985 0.1291472 0.1319995 0.1561756 0.1142415 0.1123373 0.1216986 0.1456619 0.1101009 0.1178271 0.1100998 0.1067510 0.1326466 0.1257840 0.1121721 0.0819847 0.1264773 0.1149934 0.1189435 0.1441308 0.1433145 0.0971238 0.1158254 0.1160845 0.1047728 0.1219438 0.1239508 0.1208125 0.1204608 0.1113254 0.0696899 0.1100134 0.2448452 0.1239747 0.1264779 0.1144653 0.1185797 0.0793693 0.1117781 0.0761158 0.0758654 0.1274384 0.0595322 0.1005913 0.1139216 0.1146857 0.1282467 0.1008080 0.1051131 0.1355392 0.1411748 0.1343342 0.1302111 0.1149666 0.0761798 0.1308010 0.1090646 0.1072304 0.1398254 0.1468353 0.2346419 0.0722369 0.2305883 0.1429892 0.1305351 0.1140844 0.1075136 0.1187943 0.1116143 0.1217837 0.1105058 0.1030007 0.0947932 0.1269639 0.1191457 0.1098340 0.1318928 0.1076741 0.1210043 0.1106702 0.1027442 0.1379246 0.1143229 0.1095482 0.1136335 0.1002854 0.1141962 0.1190604 0.0994120 0.1388436 0.1139610 0.1170737 0.1511251 0.1210382 0.0774768 0.0868237 0.1040472 0.1102606 0.0826824 0.1164362 0.1168231 0.1150984 0.1303278 0.1232431 0.1437674 0.1152562 0.1223629 0.1156348 0.1294889 0.1133799 0.1208905 0.1007384 0.1862655 0.0727231 0.1150665 0.1223027 0.1006061 
S0282       0.0692833 0.1591148 0.1064653 0.0000000 0.1334539 0.1418953 0.1109200 0.0188548 0.0949168 0.1315742 0.1445736 0.1575709 0.1605504 0.1390719 0.1259069 0.1173773 0.1173431 0.1320193 0.0906588 0.0260237 0.0239222 0.1410250 0.1080697 0.1045611 0.1101988 0.0943400 0.1399353 0.1298302 0.1357592 0.1155816 0.0907024 0.1349370 0.0535079 0.0258195 0.1204894 0.1055430 0.1212952 0.0997148 0.0163288 0.1199059 0.1295331 0.2446243 0.0899538 0.1431769 0.0349082 0.1103505 0.1117169 0.0278313 0.0978795 0.0932318 0.1339149 0.1059229 0.1113809 0.1382401 0.1158838 0.1155750 0.0948265 0.1266330 0.1396304 0.1304662 0.1265365 0.1265424 0.1024170 0.1045169 0.1388854 0.1442797 0.1164648 0.1446373 0.1487714 0.2201960 0.0983000 0.2276210 0.1430143 0.1139960 0.1462640 0.0578289 0.1234993 0.0275327 0.0635261 0.1173638 0.1155012 0.0913764 0.1051006 0.1441819 0.0909944 0.1266068 0.1274239 0.1384313 0.1357020 0.0204909 0.1443002 0.1060369 0.1009812 0.0292643 0.0277176 0.0774369 0.1229239 0.0581083 0.1290543 0.1112950 0.1143450 0.1563871 0.0771111 0.0992254 0.1088388 0.1029230 0.0242860 0.1115526 0.1119540 0.1009385 0.0365965 0.1432475 0.0478623 0.1392934 0.0522814 0.0970336 0.1155481 0.1224413 0.1141514 0.1140493 0.0947702 0.1817423 0.1012823 0.0971505 0.0853638 0.0928323 
S0288       0.1351830 0.1594493 0.1106011 0.1334539 0.0000000 0.1402897 0.1219602 0.1248136 0.1310301 0.1372913 0.0323521 0.0820793 0.1731331 0.0224528 0.1331253 0.1274821 0.1421945 0.0119775 0.1453673 0.1326286 0.1335364 0.1542521 0.1390157 0.1338389 0.1518710 0.1470397 0.0137823 0.1417247 0.1456727 0.1323079 0.0159073 0.1270833 0.1386647 0.1314026 0.1279703 0.1281598 0.1408515 0.1327258 0.1209581 0.1462233 0.0189624 0.2585547 0.1349578 0.0243630 0.1376552 0.1284243 0.1510815 0.1401710 0.1413399 0.1407392 0.1287509 0.1361054 0.1197530 0.0840251 0.1296100 0.1423391 0.1188944 0.0279677 0.1438201 0.1474485 0.1332389 0.1407381 0.1453608 0.1261958 0.1713638 0.0859889 0.1202122 0.1386356 0.1404478 0.2422000 0.1416335 0.2390928 0.1554706 0.1206156 0.0945062 0.1312101 0.1277580 0.1248485 0.1378150 0.1359427 0.1244559 0.1093801 0.1261617 0.0154687 0.1183226 0.1409678 0.0872121 0.0189455 0.0068247 0.1269349 0.0995460 0.1143041 0.1133377 0.1315037 0.1315510 0.1260826 0.1345945 0.1340585 0.1479745 0.1244349 0.1234600 0.1736184 0.1372817 0.1370844 0.1382608 0.1258102 0.1301529 0.1312004 0.1203727 0.1200980 0.1432100 0.1434980 0.1393796 0.1535582 0.1332572 0.1301949 0.1147767 0.1209553 0.1400023 0.1258499 0.1158033 0.2178123 0.1179750 0.1228590 0.1461837 0.1203386 
S0289       0.1405333 0.1228504 0.1494686 0.1418953 0.1402897 0.0000000 0.1138782 0.1309291 0.1416516 0.1026450 0.1516446 0.1510764 0.1183119 0.1436160 0.0930362 0.1357290 0.1639055 0.1393393 0.1381332 0.1456807 0.1391495 0.1160439 0.1255770 0.0726182 0.1565420 0.1423638 0.1445247 0.0921257 0.1377092 0.1402769 0.1261727 0.0883273 0.1475473 0.1422020 0.0875521 0.0872988 0.1112603 0.1248694 0.1263864 0.1434742 0.1365811 0.2349075 0.1398373 0.1505967 0.1479675 0.1197550 0.1576477 0.1454766 0.1459241 0.1474898 0.1275913 0.1380398 0.0826887 0.1467732 0.1062027 0.0943213 0.1046445 0.1266729 0.1339701 0.1439342 0.1291054 0.1502998 0.1588631 0.1600781 0.1467662 0.1549842 0.1798370 0.1372111 0.1429208 0.2032749 0.1415449 0.2376685 0.1416339 0.1391486 0.1520933 0.1458460 0.1289283 0.1304752 0.1538931 0.1431692 0.1014631 0.0868212 0.1225096 0.1488403 0.0799124 0.0978989 0.1510509 0.1432400 0.1404400 0.1371552 0.1579989 0.1309030 0.1176547 0.1371258 0.1368668 0.1366347 0.1233274 0.1428550 0.1264541 0.1190307 0.1203632 0.1218995 0.1512287 0.1466497 0.1704373 0.1107875 0.1346835 0.1633528 0.1195615 0.1249599 0.1519620 0.1142392 0.1573539 0.1264562 0.1471033 0.1247256 0.1388920 0.1486248 0.1256301 0.1425028 0.1111905 0.2076330 0.1275773 0.1255556 0.1458680 0.1100808 
S0292       0.1007965 0.1379810 0.1113433 0.1109200 0.1219602 0.1138782 0.0000000 0.1050449 0.1084019 0.1156504 0.1444889 0.1441325 0.1231927 0.1228698 0.1032925 0.0796353 0.1113792 0.1211467 0.1055716 0.1119834 0.1018299 0.1145905 0.1042652 0.0886241 0.1116481 0.1116363 0.1261237 0.1107957 0.0588166 0.0966974 0.1017498 0.1115667 0.1203456 0.1089512 0.0988222 0.0891746 0.1059840 0.0975535 0.1123727 0.1044652 0.1180029 0.2152864 0.1069282 0.1340716 0.1096580 0.0532584 0.1129638 0.1142449 0.1011725 0.1010191 0.0629484 0.0950961 0.0889667 0.1144616 0.0969259 0.0957153 0.0648757 0.1175847 0.0671937 0.0625595 0.0606645 0.0625314 0.1288435 0.1188102 0.1380152 0.1363782 0.1254314 0.0818404 0.0858174 0.2040119 0.1017739 0.2194222 0.0738208 0.0849363 0.1405012 0.1136138 0.0466964 0.0999342 0.1234925 0.0589912 0.0895313 0.0770939 0.1072886 0.1303682 0.0701994 0.1080758 0.1107440 0.1223897 0.1244343 0.1042073 0.1396088 0.0734249 0.0175101 0.1061844 0.1042314 0.1142351 0.0464528 0.1086057 0.1098211 0.0224674 0.0226790 0.1321251 0.1135251 0.1002476 0.1279685 0.0998441 0.1057051 0.1263016 0.0351625 0.0726834 0.1134252 0.1172792 0.1230175 0.1198206 0.1219005 0.0886294 0.0826700 0.0841218 0.1104506 0.0623255 0.0642136 0.2043999 0.0875205 0.0709258 0.1018233 0.0642825 
S0293       0.0637908 0.1505309 0.0985326 0.0188548 0.1248136 0.1309291 0.1050449 0.0000000 0.0891776 0.1247033 0.1403699 0.1489052 0.1463525 0.1281472 0.1173327 0.1067835 0.1206375 0.1239880 0.0870234 0.0171320 0.0187888 0.1296832 0.1083535 0.0989091 0.1138200 0.0907147 0.1315341 0.1138213 0.1297245 0.1140790 0.0989125 0.1283606 0.0441991 0.0152777 0.1124370 0.1122554 0.1087309 0.0979141 0.0219531 0.1141212 0.1238936 0.2412813 0.0883883 0.1375075 0.0296603 0.1113042 0.1153449 0.0243310 0.1010323 0.0963056 0.1227403 0.1050425 0.1039365 0.1343588 0.1030293 0.1074525 0.0888668 0.1210258 0.1282585 0.1244911 0.1205635 0.1205678 0.0939815 0.1031614 0.1272430 0.1354187 0.1217223 0.1285472 0.1326160 0.2090921 0.1017463 0.2273806 0.1368401 0.1016893 0.1373960 0.0523879 0.1220264 0.0223610 0.0580611 0.1065681 0.1050589 0.0833070 0.1021111 0.1331482 0.0831345 0.1151512 0.1265517 0.1327791 0.1247469 0.0153622 0.1357059 0.1001788 0.0904104 0.0240905 0.0225114 0.0718809 0.1170262 0.0526417 0.1230155 0.1055015 0.1084922 0.1430193 0.0714422 0.1023735 0.1143984 0.0952480 0.0208172 0.1100747 0.1082769 0.0994097 0.0313568 0.1432691 0.0387224 0.1309124 0.0447989 0.0955047 0.1074037 0.1164335 0.1105752 0.1109764 0.0890514 0.1712209 0.0996088 0.0956073 0.0858596 0.0891872 
S0294       0.0871119 0.1586341 0.1108073 0.0949168 0.1310301 0.1416516 0.1084019 0.0891776 0.0000000 0.1384250 0.1552864 0.1515594 0.1598541 0.1365586 0.1272945 0.1237325 0.1430194 0.1348424 0.0897075 0.0912996 0.0924601 0.1521371 0.1135632 0.1085226 0.1381252 0.0911143 0.1399760 0.1152238 0.1383166 0.1262054 0.1211000 0.1360762 0.0927600 0.0951096 0.1323755 0.1508197 0.1296568 0.1076088 0.1077133 0.1370794 0.1269512 0.2311644 0.1021452 0.1433473 0.0998822 0.1200313 0.1370807 0.0933814 0.1298369 0.1293016 0.1307680 0.1242723 0.1188069 0.1333836 0.1286206 0.1242606 0.1023076 0.1175545 0.1422940 0.1397941 0.1335228 0.1428901 0.0794666 0.1372045 0.1472950 0.1455270 0.1472019 0.1489695 0.1531674 0.2016445 0.1231436 0.2279285 0.1457123 0.1293955 0.1474386 0.0846492 0.1394152 0.0821002 0.1021007 0.1287926 0.1144759 0.1012119 0.1342200 0.1442804 0.1010311 0.1350318 0.1302287 0.1360167 0.1359034 0.0905792 0.1370934 0.1165278 0.1052887 0.0880907 0.0904122 0.0874414 0.1387533 0.0816151 0.1439332 0.1063368 0.1141685 0.1636905 0.1082844 0.1262102 0.1466643 0.1177167 0.0919277 0.1419155 0.1204085 0.1178414 0.1036632 0.1478555 0.1042580 0.1306278 0.0983548 0.1138942 0.1202121 0.1288405 0.1153604 0.1189345 0.1021662 0.2026456 0.1102878 0.1160777 0.0970508 0.1092384 
S0299       0.1267500 0.0928300 0.1335985 0.1315742 0.1372913 0.1026450 0.1156504 0.1247033 0.1384250 0.0000000 0.1433755 0.1569335 0.0899202 0.1494808 0.0879527 0.1469327 0.1624363 0.1442693 0.1290203 0.1300392 0.1311858 0.1083725 0.1275682 0.0522575 0.1311772 0.1406793 0.1416934 0.1008395 0.1405936 0.1256561 0.1487959 0.0759248 0.1423351 0.1323349 0.0797822 0.1252146 0.1152305 0.1340162 0.1421877 0.1402848 0.1379895 0.2365655 0.1376043 0.1432808 0.1210537 0.1369459 0.1322872 0.1269222 0.1244853 0.1260889 0.1485783 0.1316130 0.0782444 0.1457518 0.1159667 0.0792592 0.0961200 0.1266423 0.1371683 0.1438320 0.1332123 0.1433010 0.1276777 0.1436652 0.1611241 0.1473543 0.1471936 0.1363256 0.1465415 0.1628359 0.1207641 0.2204461 0.1446027 0.1393704 0.1565502 0.1303073 0.1335202 0.1206752 0.1297361 0.1432558 0.0919390 0.0960815 0.1372753 0.1444055 0.0793500 0.0841428 0.1515185 0.1382670 0.1402862 0.1261588 0.1680215 0.1315293 0.1200884 0.1204324 0.1288895 0.1410490 0.1230468 0.1334804 0.1136355 0.1212257 0.1343336 0.0746751 0.1368454 0.1256519 0.1549743 0.1022022 0.1222619 0.1498588 0.1332164 0.1338584 0.1344568 0.0846843 0.1405224 0.1090909 0.1290439 0.1142777 0.1329788 0.1501703 0.1160995 0.1411265 0.1062567 0.1954281 0.1177986 0.1267590 0.1537263 0.1081395 
S0303       0.1512708 0.1734472 0.1291472 0.1445736 0.0323521 0.1516446 0.1444889 0.1403699 0.1552864 0.1433755 0.0000000 0.0965713 0.1704603 0.0301484 0.1490926 0.1432259 0.1603491 0.0377622 0.1536416 0.1485998 0.1493948 0.1676271 0.1476178 0.1379820 0.1694460 0.1607205 0.0323185 0.1663895 0.1615004 0.1582545 0.0030701 0.1337362 0.1581959 0.1424193 0.1437900 0.1270716 0.1598708 0.1536280 0.1250284 0.1629751 0.0302094 0.2812692 0.1513376 0.0245755 0.1562223 0.1333163 0.1681017 0.1540916 0.1581973 0.1575012 0.1511262 0.1548329 0.1294456 0.1011335 0.1501792 0.1567417 0.1352639 0.0452735 0.1521776 0.1630016 0.1485702 0.1485808 0.1635534 0.1541715 0.1836706 0.1022944 0.1310381 0.1650319 0.1668688 0.2724847 0.1585370 0.2573046 0.1721924 0.1408247 0.1112197 0.1502332 0.1505803 0.1404154 0.1574215 0.1490777 0.1376009 0.1291344 0.1489948 0.0340286 0.1341989 0.1537325 0.1082048 0.0416634 0.0286768 0.1425626 0.1143706 0.1318209 0.1381176 0.1473101 0.1473587 0.1442782 0.1553555 0.1535905 0.1710372 0.1471588 0.1512236 0.1628375 0.1621489 0.1535687 0.1620667 0.1390665 0.1436485 0.1573313 0.1422009 0.1277475 0.1594942 0.1609198 0.1551680 0.1714204 0.1477464 0.1509704 0.1294723 0.1389563 0.1563887 0.1489005 0.1310423 0.2386331 0.1285876 0.1330306 0.1651916 0.1330924 
S0308       0.1488954 0.1872726 0.1319995 0.1575709 0.0820793 0.1510764 0.1441325 0.1489052 0.1515594 0.1569335 0.0965713 0.0000000 0.1898203 0.0854701 0.1461952 0.1323663 0.1551432 0.0899200 0.1517878 0.1569420 0.1543552 0.1720161 0.1544939 0.1478176 0.1612110 0.1583245 0.0859779 0.1632142 0.1542793 0.1573966 0.0836500 0.1502039 0.1573424 0.1484954 0.1417995 0.1211542 0.1633548 0.1458182 0.1430613 0.1683053 0.0811213 0.2670234 0.1393612 0.0918944 0.1516878 0.1394424 0.1599611 0.1643949 0.1551074 0.1544392 0.1513656 0.1462705 0.1394373 0.0918669 0.1540989 0.1560771 0.1374622 0.0808087 0.1561222 0.1653283 0.1417102 0.1490709 0.1659711 0.1421225 0.1833322 0.0742848 0.1157475 0.1489304 0.1478150 0.2539046 0.1508885 0.2437918 0.1712641 0.1477388 0.0720647 0.1432929 0.1496111 0.1431731 0.1541372 0.1495058 0.1400211 0.1310896 0.1421404 0.0899265 0.1239103 0.1651422 0.0771775 0.0892702 0.0821648 0.1452978 0.0870258 0.1261623 0.1410346 0.1500027 0.1522121 0.1442957 0.1546478 0.1455613 0.1680422 0.1461891 0.1423215 0.1902219 0.1568405 0.1482022 0.1516805 0.1456680 0.1540720 0.1501452 0.1422501 0.1306005 0.1653529 0.1592450 0.1664321 0.1720179 0.1525677 0.1451976 0.1354214 0.1369977 0.1535572 0.1433004 0.1355583 0.2289007 0.1335738 0.1312501 0.1575861 0.1404655 
S0320       0.1533678 0.1404174 0.1561756 0.1605504 0.1731331 0.1183119 0.1231927 0.1463525 0.1598541 0.0899202 0.1704603 0.1898203 0.0000000 0.1764755 0.0928751 0.1485946 0.2014953 0.1718843 0.1597417 0.1564273 0.1549065 0.1312584 0.1478936 0.0748518 0.1744725 0.1716365 0.1803177 0.1212476 0.1478438 0.1551231 0.1257200 0.1054570 0.1547248 0.1559672 0.1161500 0.0935743 0.1253577 0.1563297 0.1354467 0.1489303 0.1687976 0.2586812 0.1614476 0.1840749 0.1566824 0.1128758 0.1726616 0.1615103 0.1607821 0.1593324 0.1446638 0.1444235 0.0567081 0.1815920 0.1205586 0.0997345 0.1041772 0.1653603 0.1440274 0.1534771 0.1437706 0.1558032 0.1475011 0.1671705 0.1792796 0.1839916 0.1875340 0.1624760 0.1616651 0.2435112 0.1582273 0.2566807 0.1535119 0.1421519 0.1884544 0.1541471 0.1362554 0.1405091 0.1693472 0.1425759 0.1229184 0.0955900 0.1448277 0.1822601 0.1041624 0.1183729 0.1738233 0.1734229 0.1759990 0.1528402 0.1987976 0.1511987 0.1272704 0.1474274 0.1528530 0.1541394 0.1322600 0.1566700 0.1184608 0.1333165 0.1371558 0.1016801 0.1780052 0.1639582 0.1779377 0.1297475 0.1519884 0.1624244 0.1408258 0.1391670 0.1631496 0.1312931 0.1690742 0.1367741 0.1576444 0.1358791 0.1635136 0.1571824 0.1456632 0.1538881 0.1155145 0.2395689 0.1463444 0.1380859 0.1675297 0.1197212 
S0322       0.1338628 0.1655817 0.1142415 0.1390719 0.0224528 0.1436160 0.1228698 0.1281472 0.1365586 0.1494808 0.0301484 0.0854701 0.1764755 0.0000000 0.1411742 0.1308172 0.1361105 0.0240958 0.1511378 0.1351113 0.1368402 0.1575358 0.1448462 0.1373547 0.1522737 0.1552173 0.0224301 0.1521838 0.1489812 0.1426553 0.0157125 0.1304594 0.1443557 0.1347153 0.1313118 0.1346231 0.1491360 0.1407803 0.1204379 0.1495599 0.0066916 0.2657014 0.1431737 0.0258699 0.1409859 0.1380584 0.1511106 0.1379018 0.1414985 0.1409049 0.1367680 0.1394551 0.1333573 0.0853771 0.1399259 0.1412263 0.1226888 0.0331282 0.1475481 0.1503185 0.1365669 0.1393317 0.1438842 0.1388713 0.1722789 0.0872989 0.1129197 0.1467384 0.1485363 0.2404423 0.1420964 0.2486458 0.1560043 0.1331250 0.0957700 0.1345177 0.1332052 0.1228639 0.1411468 0.1391119 0.1277779 0.1174310 0.1289563 0.0240984 0.1217310 0.1444059 0.0863982 0.0331052 0.0189471 0.1302599 0.0985936 0.1147988 0.1187058 0.1294078 0.1348654 0.1318002 0.1424309 0.1327409 0.1563579 0.1321655 0.1312581 0.1768828 0.1477250 0.1372965 0.1511451 0.1338012 0.1256127 0.1439849 0.1299130 0.1189311 0.1418153 0.1468535 0.1450714 0.1593716 0.1366035 0.1336022 0.1152683 0.1243124 0.1434786 0.1313100 0.1191573 0.2239904 0.1159942 0.1262021 0.1519061 0.1236846 
S0327       0.1170033 0.1085607 0.1123373 0.1259069 0.1331253 0.0930362 0.1032925 0.1173327 0.1272945 0.0879527 0.1490926 0.1461952 0.0928751 0.1411742 0.0000000 0.1260629 0.1546067 0.1322284 0.1389820 0.1220709 0.1209312 0.0956564 0.1240830 0.0557083 0.1299666 0.1429011 0.1373301 0.0892564 0.1258110 0.1383293 0.1125659 0.0836471 0.1356465 0.1283685 0.0956376 0.0653283 0.0978772 0.1251870 0.1215826 0.1284452 0.1341663 0.2334528 0.1363654 0.1433707 0.1270002 0.1089043 0.1336220 0.1288361 0.1219374 0.1235494 0.1257896 0.1189609 0.0566852 0.1450462 0.0931020 0.0798124 0.0952527 0.1198500 0.1263852 0.1369991 0.1216199 0.1384168 0.1258886 0.1350803 0.1462231 0.1429651 0.1376871 0.1396133 0.1437492 0.1977882 0.1174238 0.2108366 0.1411829 0.1181187 0.1448533 0.1267511 0.1177030 0.1165353 0.1390646 0.1167023 0.0887094 0.0719121 0.0840575 0.1416138 0.0675107 0.0995173 0.1444171 0.1385656 0.1356589 0.1234703 0.1539490 0.1242853 0.1021998 0.1230259 0.1234916 0.1226557 0.1221551 0.1287402 0.0912034 0.1106057 0.1140354 0.1029572 0.1395002 0.1205810 0.1448805 0.0989866 0.1230717 0.1405763 0.1220326 0.1136513 0.1353494 0.1009249 0.1405241 0.1037059 0.1318850 0.1161921 0.1279032 0.1315279 0.1069635 0.1281639 0.1020441 0.2139953 0.1091168 0.1165885 0.1442080 0.0990779 
S0335       0.1081562 0.1442685 0.1216986 0.1173773 0.1274821 0.1357290 0.0796353 0.1067835 0.1237325 0.1469327 0.1432259 0.1323663 0.1485946 0.1308172 0.1260629 0.0000000 0.1089260 0.1266349 0.1163730 0.1183543 0.1081633 0.1363372 0.1042755 0.1079248 0.1228915 0.1287660 0.1317753 0.1195489 0.1025451 0.1080024 0.0827242 0.1354561 0.1311309 0.1128959 0.1290030 0.1322717 0.1172847 0.0999570 0.1106756 0.1222650 0.1239853 0.2169735 0.1067703 0.1376050 0.1182896 0.0955898 0.1241550 0.1178675 0.1125317 0.1120824 0.0916763 0.1126814 0.1095302 0.1276032 0.1142861 0.1190957 0.0718642 0.1211158 0.1055663 0.0977389 0.0895214 0.1002965 0.1397912 0.1290115 0.1551851 0.1344430 0.1104559 0.1029429 0.1067811 0.1934187 0.1129317 0.2155799 0.1082843 0.0715046 0.1385057 0.1271843 0.0912371 0.1085792 0.1360946 0.0922450 0.1117485 0.0879255 0.1023727 0.1334410 0.0937310 0.1368233 0.1158483 0.1328863 0.1299648 0.1105801 0.1458910 0.0564160 0.0782347 0.1128161 0.1083521 0.1221645 0.0932650 0.1196342 0.1438746 0.0783821 0.0874521 0.1677642 0.1388124 0.1069754 0.1386035 0.1128417 0.1122658 0.1343675 0.0889372 0.0618594 0.1243788 0.1534985 0.1293443 0.1366927 0.1280613 0.0954887 0.0684861 0.0329918 0.1219374 0.0954370 0.0706916 0.2227797 0.0977956 0.0621269 0.1196567 0.0728101 
S0345       0.1273257 0.1902182 0.1456619 0.1173431 0.1421945 0.1639055 0.1113792 0.1206375 0.1430194 0.1624363 0.1603491 0.1551432 0.2014953 0.1361105 0.1546067 0.1089260 0.0000000 0.1377687 0.1505488 0.1208858 0.1264354 0.1775496 0.1326262 0.1318560 0.1472780 0.1483876 0.1380458 0.1656012 0.1440416 0.1285214 0.0799503 0.1555062 0.1503558 0.1237869 0.1666617 0.1071989 0.1561253 0.1291932 0.0966755 0.1401269 0.1297995 0.2887818 0.1377397 0.1548489 0.1271049 0.1437063 0.1540812 0.1414031 0.1334875 0.1288145 0.1396211 0.1438352 0.1685373 0.1650390 0.1547057 0.1503864 0.0898183 0.1299904 0.1544618 0.1538319 0.1367364 0.1445586 0.1798891 0.1521035 0.1961591 0.1486557 0.0672068 0.1516610 0.1654474 0.3886280 0.1354775 0.2696533 0.1657026 0.1079789 0.1562019 0.1453463 0.1327675 0.1265756 0.1417936 0.1166389 0.1431793 0.1299502 0.0920574 0.1448103 0.1244651 0.1431473 0.1440752 0.1397631 0.1397216 0.1235953 0.1797601 0.0632500 0.0991776 0.1293961 0.1168673 0.1443260 0.1423871 0.1349515 0.1708446 0.1056561 0.1117705 0.2132642 0.1533863 0.1281648 0.1596820 0.1414331 0.1175401 0.1603914 0.1151092 0.0870676 0.1440881 0.1601082 0.1475574 0.1796864 0.1309567 0.1186006 0.0692403 0.1129901 0.1560827 0.1354994 0.0900287 0.2489394 0.1225229 0.0873298 0.1380344 0.0998621 
S0355       0.1365011 0.1614906 0.1101009 0.1320193 0.0119775 0.1393393 0.1211467 0.1239880 0.1348424 0.1442693 0.0377622 0.0899200 0.1718843 0.0240958 0.1322284 0.1266349 0.1377687 0.0000000 0.1420526 0.1317385 0.1326471 0.1557206 0.1381528 0.1273454 0.1487197 0.1461144 0.0153669 0.1478848 0.1446759 0.1337253 0.0189977 0.1284446 0.1354632 0.1305284 0.1271167 0.1277106 0.1400646 0.1387628 0.1167206 0.1452185 0.0206147 0.2601233 0.1341076 0.0295981 0.1367249 0.1350294 0.1475141 0.1392212 0.1403596 0.1397675 0.1303006 0.1351825 0.1219192 0.0877502 0.1265079 0.1416660 0.1160019 0.0296107 0.1431698 0.1464408 0.1323413 0.1397806 0.1466800 0.1299738 0.1728137 0.0875714 0.1096617 0.1401625 0.1419647 0.2478822 0.1409566 0.2405313 0.1543810 0.1243574 0.0960697 0.1303388 0.1269064 0.1240216 0.1391245 0.1327357 0.1236364 0.1064492 0.1182941 0.0170344 0.1175304 0.1399786 0.0909034 0.0295905 0.0154867 0.1260935 0.1033079 0.1135513 0.1103753 0.1306283 0.1306753 0.1274001 0.1314277 0.1331503 0.1471821 0.1214040 0.1204123 0.1723939 0.1363438 0.1361486 0.1420584 0.1249999 0.1292831 0.1349931 0.1241092 0.1193084 0.1422462 0.1393245 0.1408049 0.1501319 0.1345871 0.1315995 0.1140190 0.1201543 0.1367625 0.1250106 0.1150444 0.2189693 0.1171865 0.1220460 0.1428873 0.1195449 
S0376       0.0890261 0.1604367 0.1178271 0.0906588 0.1453673 0.1381332 0.1055716 0.0870234 0.0897075 0.1290203 0.1536416 0.1517878 0.1597417 0.1511378 0.1389820 0.1163730 0.1505488 0.1420526 0.0000000 0.0958454 0.0923612 0.1428845 0.1002745 0.1204430 0.1257072 0.0562258 0.1520975 0.1268890 0.1296593 0.1120646 0.1094784 0.1387699 0.0972934 0.0908208 0.1342875 0.1531501 0.1251410 0.0891484 0.1122135 0.1202155 0.1412172 0.2539474 0.0801138 0.1553565 0.0955285 0.0939010 0.1292999 0.0958991 0.1198814 0.1171224 0.1300033 0.1056484 0.1097358 0.1385640 0.1196055 0.1189611 0.0935428 0.1381704 0.1190028 0.1290376 0.1181824 0.1132953 0.1018231 0.1369754 0.1383464 0.1436071 0.1377205 0.1384124 0.1425401 0.2174688 0.1182046 0.2439225 0.1392470 0.1151258 0.1399897 0.0891988 0.1248830 0.0823823 0.1016991 0.1120329 0.1237008 0.0947075 0.1478634 0.1564667 0.1033306 0.1525074 0.1337149 0.1502118 0.1479814 0.0863460 0.1542687 0.0979639 0.0958480 0.0863452 0.0882994 0.0935021 0.1106546 0.0838475 0.1486518 0.0990852 0.1067062 0.1630958 0.1014652 0.1164212 0.1464196 0.1044394 0.0918152 0.1447888 0.1043055 0.1040976 0.0971909 0.1536548 0.1015188 0.1401043 0.1050270 0.0892443 0.1123210 0.1192188 0.1109815 0.1152324 0.0914413 0.1863490 0.1051855 0.0976059 0.0599436 0.0957243 
S0400       0.0719953 0.1662009 0.1100998 0.0260237 0.1326286 0.1456807 0.1119834 0.0171320 0.0912996 0.1300392 0.1485998 0.1569420 0.1564273 0.1351113 0.1220709 0.1183543 0.1208858 0.1317385 0.0958454 0.0000000 0.0295067 0.1369243 0.1132434 0.1037082 0.1205602 0.0995745 0.1394788 0.1213022 0.1396115 0.1191037 0.1037224 0.1384614 0.0559713 0.0277473 0.1265575 0.1132679 0.1224258 0.1026724 0.0336713 0.1259238 0.1308141 0.2589841 0.0950662 0.1455268 0.0370965 0.1153529 0.1218438 0.0242352 0.1079430 0.1052919 0.1324502 0.1186239 0.1095987 0.1470848 0.1119530 0.1216215 0.0978101 0.1286780 0.1335076 0.1317352 0.1302328 0.1256756 0.1007051 0.1171000 0.1399544 0.1478817 0.1328517 0.1439048 0.1480748 0.2337862 0.1082081 0.2458902 0.1444494 0.1130430 0.1498852 0.0563232 0.1316761 0.0222744 0.0661563 0.1158666 0.1188639 0.0922283 0.1094472 0.1410870 0.0964710 0.1299277 0.1385826 0.1406939 0.1325571 0.0242006 0.1532467 0.1087788 0.0971319 0.0239968 0.0334407 0.0802804 0.1265272 0.0606727 0.1371738 0.1123469 0.1154365 0.1480262 0.0799501 0.1090511 0.1287406 0.1062911 0.0261829 0.1242865 0.1175695 0.1084830 0.0388012 0.1482859 0.0482302 0.1459081 0.0544726 0.1002186 0.1212287 0.1283452 0.1152101 0.1179778 0.0998972 0.1865500 0.1039666 0.1046338 0.0903831 0.1000543 
S0405       0.0651185 0.1513366 0.1067510 0.0239222 0.1335364 0.1391495 0.1018299 0.0187888 0.0924601 0.1311858 0.1493948 0.1543552 0.1549065 0.1368402 0.1209312 0.1081633 0.1264354 0.1326471 0.0923612 0.0295067 0.0000000 0.1382606 0.1142675 0.1024224 0.1170935 0.0960326 0.1376889 0.1271873 0.1238930 0.1151007 0.1061902 0.1320048 0.0495605 0.0221222 0.1135029 0.1113464 0.1142498 0.1014227 0.0274900 0.1223697 0.1273411 0.2376914 0.0895911 0.1409374 0.0347827 0.1001536 0.1185956 0.0313197 0.1046436 0.0999046 0.1242948 0.1082852 0.1054189 0.1376118 0.1089700 0.1130127 0.0900980 0.1244610 0.1344004 0.1209863 0.1171063 0.1171107 0.0997699 0.1112540 0.1383827 0.1413017 0.1235345 0.1368213 0.1434288 0.2104608 0.1050925 0.2270776 0.1377082 0.1069244 0.1432739 0.0557382 0.1229840 0.0274355 0.0671783 0.1124922 0.1086190 0.0847596 0.1082961 0.1419264 0.0844102 0.1214885 0.1274907 0.1362110 0.1334650 0.0168831 0.1389351 0.1034494 0.0920306 0.0291608 0.0239750 0.0731613 0.1131332 0.0578887 0.1307948 0.1023253 0.1052491 0.1509305 0.0768071 0.1059577 0.1200627 0.1028606 0.0277645 0.1184229 0.1050439 0.1005185 0.0328607 0.1441190 0.0476866 0.1318644 0.0520857 0.0966439 0.1156078 0.1081073 0.1072447 0.1163739 0.0902326 0.1897379 0.1031732 0.0967466 0.0870479 0.0903695 
S0407sl     0.1389235 0.1365183 0.1326466 0.1410250 0.1542521 0.1160439 0.1145905 0.1296832 0.1521371 0.1083725 0.1676271 0.1720161 0.1312584 0.1575358 0.0956564 0.1363372 0.1775496 0.1557206 0.1428845 0.1369243 0.1382606 0.0000000 0.1316183 0.0888488 0.1408406 0.1468569 0.1588479 0.0870252 0.1186057 0.1483073 0.1480273 0.0897620 0.1507327 0.1408029 0.1097065 0.0936081 0.1123979 0.1327446 0.1294855 0.1396332 0.1530845 0.2672855 0.1419853 0.1682321 0.1394990 0.0980169 0.1348483 0.1347629 0.1300981 0.1295596 0.1182362 0.1343358 0.0832937 0.1480762 0.1022099 0.1039656 0.1022629 0.1531923 0.1195721 0.1365776 0.1214945 0.1313284 0.1453842 0.1492078 0.1596512 0.1596191 0.1651018 0.1288010 0.1456398 0.2062778 0.1283031 0.2583041 0.1508138 0.1472980 0.1638817 0.1405532 0.1279865 0.1290865 0.1535845 0.1287204 0.0842616 0.0851137 0.0966279 0.1603492 0.0824306 0.1134819 0.1628919 0.1599023 0.1569066 0.1362492 0.1758924 0.1344197 0.1107470 0.1311298 0.1316339 0.1417574 0.1246875 0.1433459 0.1169367 0.1149753 0.1138376 0.1410038 0.1436095 0.1265041 0.1619602 0.1086894 0.1337466 0.1571423 0.1175897 0.1328028 0.1511675 0.1175547 0.1541156 0.1206465 0.1465920 0.1230898 0.1400010 0.1517651 0.1241241 0.1397993 0.1136226 0.2266997 0.1235802 0.1244543 0.1632352 0.1152244 
S0412sl     0.1153459 0.1421256 0.1257840 0.1080697 0.1390157 0.1255770 0.1042652 0.1083535 0.1135632 0.1275682 0.1476178 0.1544939 0.1478936 0.1448462 0.1240830 0.1042755 0.1326262 0.1381528 0.1002745 0.1132434 0.1142675 0.1316183 0.0000000 0.1053436 0.1238037 0.0997396 0.1507473 0.1116388 0.1246764 0.0563212 0.1079499 0.1321627 0.1190500 0.1166089 0.1144216 0.0924885 0.1040155 0.0638939 0.1068529 0.1200153 0.1404849 0.2602317 0.0692604 0.1513709 0.1128948 0.1107498 0.1297300 0.1155937 0.1135495 0.1131229 0.1196442 0.1178485 0.1020964 0.1372509 0.1038377 0.1011756 0.0921483 0.1350394 0.1186596 0.1217073 0.1157730 0.1247413 0.1222789 0.1335402 0.1375845 0.1325795 0.1230415 0.1375352 0.1323909 0.2394916 0.1161595 0.2458656 0.1409232 0.1237546 0.1344456 0.1202439 0.1236818 0.1103437 0.1314229 0.1109546 0.1074420 0.0821018 0.1073107 0.1523270 0.0882043 0.1216134 0.1305433 0.1446731 0.1463806 0.1123425 0.1455677 0.1001792 0.0966243 0.1166797 0.1123656 0.1114808 0.1169651 0.1128184 0.1340677 0.1029116 0.1103000 0.1534181 0.1240918 0.1103496 0.1409183 0.0941210 0.1111514 0.1410373 0.1140160 0.1039568 0.1216966 0.1473585 0.1265433 0.1376132 0.1203219 0.0616152 0.1189915 0.1182483 0.1003960 0.1235602 0.0928453 0.2039949 0.1015136 0.1021992 0.1036298 0.0919997 
S0417       0.1052537 0.0709978 0.1121721 0.1045611 0.1338389 0.0726182 0.0886241 0.0989091 0.1085226 0.0522575 0.1379820 0.1478176 0.0748518 0.1373547 0.0557083 0.1079248 0.1318560 0.1273454 0.1204430 0.1037082 0.1024224 0.0888488 0.1053436 0.0000000 0.1104714 0.1223020 0.1379008 0.0690000 0.1116556 0.1093036 0.0905005 0.0649700 0.1144264 0.1055637 0.0556743 0.0559746 0.0767475 0.1093240 0.0930424 0.1146411 0.1272435 0.2115858 0.1145603 0.1343497 0.1101380 0.0947407 0.1118536 0.1029916 0.1040805 0.1058564 0.1098966 0.1093057 0.0420345 0.1302063 0.0814481 0.0670752 0.0757923 0.1192054 0.1130467 0.1206001 0.1099087 0.1190714 0.1222015 0.1184495 0.1467103 0.1418049 0.1349246 0.1157971 0.1273096 0.1970829 0.0953964 0.1955850 0.1154721 0.1134989 0.1465126 0.1125373 0.1110984 0.0956849 0.1220550 0.1152382 0.0639981 0.0590098 0.0785847 0.1397916 0.0503949 0.0453863 0.1400238 0.1341352 0.1362030 0.1026550 0.1405068 0.1077216 0.0940720 0.0977609 0.0951804 0.1097766 0.1085425 0.1165101 0.0837157 0.0944791 0.0972930 0.0691534 0.1322633 0.1031063 0.1280602 0.0796235 0.0964066 0.1265560 0.1010790 0.0997154 0.1092875 0.0705132 0.1127399 0.0846110 0.1179245 0.1037019 0.1114822 0.1152551 0.0950317 0.1112342 0.0859820 0.1845775 0.1038639 0.1023922 0.1259682 0.0828090 
S0419       0.1242811 0.1610064 0.0819847 0.1101988 0.1518710 0.1565420 0.1116481 0.1138200 0.1381252 0.1311772 0.1694460 0.1612110 0.1744725 0.1522737 0.1299666 0.1228915 0.1472780 0.1487197 0.1257072 0.1205602 0.1170935 0.1408406 0.1238037 0.1104714 0.0000000 0.1274059 0.1538373 0.1302774 0.1305301 0.1221298 0.1147903 0.1273031 0.1387443 0.1180100 0.1218366 0.1146490 0.1205731 0.1203426 0.1139315 0.0774060 0.1422660 0.2562859 0.1299097 0.1598917 0.1186585 0.1097517 0.0102006 0.1204564 0.0120950 0.0103319 0.1333979 0.0665972 0.1016635 0.1393931 0.1196298 0.1240551 0.1031425 0.1400788 0.1388517 0.1298839 0.1234435 0.1284537 0.1355312 0.0837466 0.1457711 0.1456508 0.1239115 0.1419717 0.1584281 0.2292476 0.0051436 0.2329392 0.1422018 0.1284162 0.1498673 0.1248739 0.1310843 0.1146286 0.1344734 0.1300420 0.1171794 0.0950212 0.1167953 0.1560955 0.1034463 0.1304495 0.1368929 0.1500034 0.1549480 0.1105143 0.1537528 0.1057688 0.1132758 0.1189546 0.1040282 0.1392205 0.1364561 0.1222605 0.1471136 0.1167691 0.1202961 0.1588688 0.1445851 0.0085583 0.0879001 0.1091639 0.1181579 0.0904364 0.1239914 0.1125149 0.1247940 0.1344678 0.1395213 0.1522247 0.1356475 0.1127054 0.1090194 0.1305934 0.1132550 0.1125864 0.1055800 0.2086650 0.0655056 0.1058101 0.1266413 0.1004471 
S0427       0.0863765 0.1575605 0.1264773 0.0943400 0.1470397 0.1423638 0.1116363 0.0907147 0.0911143 0.1406793 0.1607205 0.1583245 0.1716365 0.1552173 0.1429011 0.1287660 0.1483876 0.1461144 0.0562258 0.0995745 0.0960326 0.1468569 0.0997396 0.1223020 0.1274059 0.0000000 0.1562022 0.1360462 0.1337956 0.1028955 0.1112723 0.1430838 0.0967798 0.0987057 0.1267903 0.1249705 0.1290289 0.0912361 0.1109397 0.1242215 0.1452572 0.2530225 0.0842969 0.1545999 0.0972011 0.1044895 0.1356131 0.0995439 0.1215137 0.1187534 0.1415536 0.1095675 0.1091397 0.1511064 0.1234543 0.1130751 0.1057052 0.1398449 0.1260669 0.1359939 0.1297308 0.1245869 0.0946416 0.1408966 0.1518061 0.1477441 0.1432895 0.1433557 0.1570823 0.2392296 0.1173119 0.2499895 0.1468255 0.1142708 0.1519253 0.0930804 0.1236312 0.0880847 0.1127436 0.1233021 0.1254878 0.0985490 0.1346144 0.1556991 0.0961848 0.1468045 0.1402384 0.1472112 0.1520914 0.0900098 0.1602196 0.1064962 0.1041682 0.0921912 0.0919635 0.0972306 0.1194552 0.0939517 0.1511780 0.1142768 0.1150024 0.1706557 0.1097757 0.1203006 0.1480871 0.1038702 0.0955415 0.1487456 0.1084135 0.1121839 0.1030053 0.1581005 0.1010403 0.1296025 0.1088000 0.0823343 0.1257110 0.1271647 0.1103886 0.1175319 0.0984958 0.1959076 0.1069111 0.1061027 0.0756684 0.1123771 
S0430       0.1371384 0.1640951 0.1149934 0.1399353 0.0137823 0.1445247 0.1261237 0.1315341 0.1399760 0.1416934 0.0323185 0.0859779 0.1803177 0.0224301 0.1373301 0.1317753 0.1380458 0.0153669 0.1520975 0.1394788 0.1376889 0.1588479 0.1507473 0.1379008 0.1538373 0.1562022 0.0000000 0.1559086 0.1499490 0.1413822 0.0191543 0.1312831 0.1452582 0.1381845 0.1321302 0.1351866 0.1500838 0.1416676 0.1212563 0.1505633 0.0206659 0.2680330 0.1440876 0.0225120 0.1418732 0.1388265 0.1501120 0.1468408 0.1429541 0.1395078 0.1355907 0.1377015 0.1279870 0.0858950 0.1387755 0.1469534 0.1234788 0.0296854 0.1537279 0.1517162 0.1374437 0.1449888 0.1522917 0.1348343 0.1814593 0.0899451 0.1138387 0.1381159 0.1446899 0.2530642 0.1435631 0.2472483 0.1572431 0.1223590 0.0985108 0.1353504 0.1319148 0.1289774 0.1420355 0.1453070 0.1285683 0.1158380 0.1298209 0.0119062 0.1224950 0.1478725 0.0911627 0.0225066 0.0103086 0.1310671 0.0991989 0.1162379 0.1223814 0.1356550 0.1357024 0.1348558 0.1411763 0.1382875 0.1524886 0.1308794 0.1299564 0.1754333 0.1364610 0.1386906 0.1446137 0.1319366 0.1339919 0.1378308 0.1244798 0.1220222 0.1474136 0.1477647 0.1484167 0.1603937 0.1377830 0.1391117 0.1167178 0.1228931 0.1466561 0.1274575 0.1198903 0.2188703 0.1221389 0.1247930 0.1528629 0.1244491 
S0478       0.1238579 0.1321276 0.1189435 0.1298302 0.1417247 0.0921257 0.1107957 0.1138213 0.1152238 0.1008395 0.1663895 0.1632142 0.1212476 0.1521838 0.0892564 0.1195489 0.1656012 0.1478848 0.1268890 0.1213022 0.1271873 0.0870252 0.1116388 0.0690000 0.1302774 0.1360462 0.1559086 0.0000000 0.1240818 0.1253265 0.1395078 0.0919235 0.1316576 0.1268440 0.0938853 0.0998717 0.0987623 0.1148592 0.1217259 0.1240209 0.1477777 0.2515098 0.1241701 0.1654070 0.1333529 0.1097364 0.1337378 0.1282579 0.1261255 0.1277247 0.1210308 0.1214030 0.0592409 0.1500272 0.0871884 0.0846948 0.0937644 0.1377676 0.1203896 0.1326181 0.1244226 0.1362034 0.1298040 0.1391965 0.1426180 0.1629219 0.1434392 0.1202384 0.1385296 0.2183561 0.1202084 0.2405805 0.1391355 0.1321964 0.1626258 0.1233528 0.1232510 0.1182839 0.1381938 0.1210199 0.0862914 0.0724686 0.1014195 0.1549536 0.0720404 0.0995776 0.1567029 0.1497338 0.1488162 0.1252168 0.1640988 0.1211535 0.1068161 0.1247666 0.1279264 0.1290413 0.1278850 0.1228859 0.1039023 0.1081064 0.1164874 0.1264393 0.1361443 0.1181208 0.1515052 0.0927508 0.1249665 0.1468365 0.1158256 0.1157002 0.1396089 0.1071072 0.1377393 0.1005407 0.1315066 0.1105272 0.1272148 0.1367598 0.1077895 0.1378201 0.0962733 0.2058378 0.1081975 0.1139345 0.1395159 0.0978851 
S0552sl     0.1246523 0.1603520 0.1441308 0.1357592 0.1456727 0.1377092 0.0588166 0.1297245 0.1383166 0.1405936 0.1615004 0.1542793 0.1478438 0.1489812 0.1258110 0.1025451 0.1440416 0.1446759 0.1296593 0.1396115 0.1238930 0.1186057 0.1246764 0.1116556 0.1305301 0.1337956 0.1499490 0.1240818 0.0000000 0.1157675 0.1169769 0.1321082 0.1480601 0.1337330 0.1165535 0.1466445 0.1185823 0.1241974 0.1407288 0.1275784 0.1390867 0.2488647 0.1346503 0.1499206 0.1304238 0.0184177 0.1317640 0.1345618 0.1200282 0.1195416 0.0538613 0.1151836 0.0941764 0.1353073 0.1098422 0.1078582 0.0857284 0.1407323 0.0334924 0.0613795 0.0242129 0.0388536 0.1539423 0.1404229 0.1641988 0.1485821 0.1342085 0.0659212 0.0720932 0.2357697 0.1200477 0.2447721 0.0766789 0.1127076 0.1527655 0.1340908 0.0846315 0.1266184 0.1484959 0.0896850 0.1063241 0.0896990 0.1242642 0.1494679 0.0845280 0.1311011 0.1358687 0.1410840 0.1479734 0.1286692 0.1493623 0.1051112 0.0653901 0.1307097 0.1242039 0.1273228 0.0864125 0.1240767 0.1346422 0.0696102 0.0743093 0.1676066 0.1391152 0.1164183 0.1499927 0.1196984 0.1307313 0.1458160 0.0798562 0.0952122 0.1384484 0.1356276 0.1487310 0.1347651 0.1447121 0.1146351 0.1079256 0.1073183 0.1282818 0.0737387 0.0776494 0.2121262 0.1164086 0.0936700 0.1329116 0.0841518 
S0558       0.1137856 0.1536422 0.1433145 0.1155816 0.1323079 0.1402769 0.0966974 0.1140790 0.1262054 0.1256561 0.1582545 0.1573966 0.1551231 0.1426553 0.1383293 0.1080024 0.1285214 0.1337253 0.1120646 0.1191037 0.1151007 0.1483073 0.0563212 0.1093036 0.1221298 0.1028955 0.1413822 0.1253265 0.1157675 0.0000000 0.1061796 0.1320696 0.1244031 0.1224999 0.1279560 0.0996119 0.1140426 0.0643821 0.1125215 0.1247219 0.1328360 0.2631290 0.0873412 0.1437398 0.1143547 0.0937863 0.1280741 0.1236719 0.1144079 0.1117140 0.1134148 0.1175609 0.1029922 0.1464563 0.1192182 0.1088508 0.0836767 0.1298391 0.1147764 0.1059496 0.1044439 0.1114177 0.1307702 0.1331961 0.1522692 0.1399328 0.1253593 0.1208458 0.1248534 0.2406781 0.1096625 0.2467570 0.1213358 0.1159211 0.1465971 0.1250491 0.1104865 0.1111459 0.1244742 0.1099117 0.1185375 0.0915596 0.1165235 0.1457346 0.0893533 0.1360389 0.1274574 0.1326610 0.1397032 0.1131608 0.1530289 0.0948191 0.0867928 0.1131396 0.1109114 0.1140548 0.1023327 0.1220068 0.1455775 0.0996827 0.1006525 0.1602331 0.1375009 0.1089354 0.1426369 0.1087273 0.1143407 0.1409889 0.1000371 0.0983858 0.1226004 0.1495565 0.1278558 0.1368996 0.1183040 0.0638816 0.1113594 0.1063202 0.1149816 0.1159155 0.0869425 0.2206199 0.1075047 0.0966138 0.1110458 0.0867315 
S0620       0.1030849 0.1438818 0.0971238 0.0907024 0.0159073 0.1261727 0.1017498 0.0989125 0.1211000 0.1487959 0.0030701 0.0836500 0.1257200 0.0157125 0.1125659 0.0827242 0.0799503 0.0189977 0.1094784 0.1037224 0.1061902 0.1480273 0.1079499 0.0905005 0.1147903 0.1112723 0.0191543 0.1395078 0.1169769 0.1061796 0.0000000 0.1096294 0.1145032 0.0948954 0.1306777 0.1339582 0.1176898 0.1128979 0.1071226 0.1218929 0.0093562 0.2388223 0.1232487 0.0156176 0.0997518 0.0992858 0.1179308 0.1172376 0.0967347 0.0911135 0.1036395 0.1136978 0.1115386 0.0974761 0.1175874 0.1147091 0.0955221 0.0289098 0.1120402 0.1159822 0.1037411 0.1047158 0.1240904 0.1124896 0.1578223 0.0874067 0.0630934 0.1036072 0.1070998 0.1471352 0.1075893 0.2280981 0.1287848 0.0826313 0.1031084 0.1062677 0.0993280 0.1034154 0.1164746 0.1044541 0.1076550 0.1101484 0.1148195 0.0223602 0.1076761 0.1246382 0.0766034 0.0288840 0.0160579 0.0986262 0.1167227 0.0764094 0.0867127 0.1110049 0.0946447 0.1168193 0.1071272 0.1218726 0.1405308 0.0993774 0.1035402 0.1328283 0.1221846 0.0944540 0.1212656 0.1054659 0.0958088 0.1089749 0.0950414 0.0832014 0.1103363 0.1213102 0.1062688 0.1126385 0.1003076 0.0914770 0.0723342 0.0721235 0.1313952 0.1072630 0.0911195 0.1990390 0.0938023 0.0838118 0.1077535 0.0958512 
