131
PAFTOL_019361 0.0000000 0.1572544 0.1567623 0.1653262 0.1741271 0.1545624 0.2019769 0.1583095 0.1426885 0.1858061 0.1561706 0.1682544 0.1919654 0.2039977 0.1681551 0.2003061 0.1656750 0.1443135 0.0000010 0.2018006 0.1433154 0.1719965 0.1643238 0.1569539 0.1498901 0.1514464 0.0000010 0.1498098 0.2003183 0.1595519 0.1758653 0.1678091 0.1834453 0.1744598 0.1428408 0.1719332 0.1569974 0.0000010 0.1562039 0.1458523 0.1473215 0.1652887 0.2003183 0.1485835 0.1814638 0.0000010 0.1702876 0.1598929 0.0000010 0.1632020 0.0000010 0.0000010 0.1835254 0.1662399 0.0000010 0.1675428 0.1368021 0.0000010 0.1600744 0.1426128 0.1898237 0.1909184 0.1580023 0.1355934 0.1742233 0.2008000 0.2006785 0.2087629 0.1446531 0.1573399 0.1192423 0.1656607 0.1684854 0.1905402 0.0000010 0.1894827 0.1759157 0.1592793 0.1725796 0.1588439 0.1716520 0.1965689 0.1566805 0.1443751 0.1586378 0.1820739 0.1362818 0.1653262 0.2118493 0.0000010 0.1577434 0.2020819 0.2003183 0.2003183 0.1632020 0.0000010 0.1693791 0.1408908 0.1638044 0.1730947 0.1512696 0.1572154 0.1345124 0.1374649 0.1500166 0.1416762 0.1513230 0.1343397 0.0000010 0.1582123 0.2006785 0.1915245 0.1691714 0.1572379 0.1737401 0.1580217 0.1774011 0.1736593 0.1460473 0.1525294 0.1263704 0.1696410 0.1497381 0.1363425 0.1506509 0.1672326 0.2068073 0.1557753 0.1664228 0.1650868 0.1609365 
S0055         0.1572544 0.0000000 0.0776910 0.0869667 0.0999779 0.0757893 0.1253393 0.0900813 0.0794372 0.0797939 0.1073310 0.1047982 0.1089472 0.1017354 0.1058859 0.0967323 0.1019722 0.0943309 0.0877114 0.1217968 0.0713985 0.0788776 0.0835217 0.0906022 0.0862214 0.0810982 0.0860564 0.0844513 0.1089112 0.0843493 0.0944905 0.0779278 0.1258713 0.0662490 0.0800746 0.0819053 0.0924446 0.0791796 0.0930862 0.0797653 0.0724061 0.0893931 0.1072787 0.0808204 0.1150857 0.1080257 0.0739108 0.0924447 0.0784256 0.0724644 0.0821376 0.0888712 0.1055075 0.0987231 0.1067320 0.1160696 0.0861969 0.1017891 0.0747862 0.0821526 0.0963123 0.0903107 0.0980305 0.0958801 0.0860974 0.0853176 0.1136394 0.1793561 0.1005911 0.1499422 0.1033455 0.0934082 0.0856757 0.1702236 0.0864026 0.1689980 0.1219985 0.1036203 0.1034039 0.0796585 0.0976023 0.1719320 0.0774891 0.0951339 0.0919657 0.0923886 0.0828224 0.1073049 0.1218445 0.0948690 0.0952757 0.0949518 0.1181019 0.1204877 0.0710038 0.1264135 0.0889581 0.0854420 0.0842439 0.0595782 0.0312536 0.0937028 0.0892113 0.1005207 0.0824276 0.0854974 0.0927254 0.0813420 0.0804329 0.0820764 0.1105176 0.0938967 0.0716790 0.0919065 0.0774067 0.0901252 0.1107232 0.0837128 0.0957591 0.0803389 0.0774850 0.0929676 0.0835443 0.0956747 0.0877877 0.0793655 0.1174711 0.0823607 0.0789733 0.0811938 0.0866947 
S0196sl       0.1567623 0.0776910 0.0000000 0.0742711 0.0602506 0.0881609 0.1126844 0.0866940 0.0558181 0.0917358 0.0924610 0.0830862 0.0934913 0.0795466 0.1065207 0.0996572 0.0937359 0.0634504 0.0766188 0.1035135 0.0784635 0.0961832 0.0924499 0.0782313 0.0744825 0.0670365 0.0196171 0.0918321 0.0919398 0.0793433 0.0713632 0.0761666 0.1002175 0.0637779 0.0844785 0.1041353 0.0900098 0.0714404 0.0744229 0.0840911 0.0752332 0.0385411 0.0917839 0.0800535 0.0969330 0.1369814 0.0917858 0.0726858 0.0174485 0.0899274 0.0173980 0.0219663 0.0822943 0.0436573 0.1137061 0.0761010 0.0778595 0.0903952 0.0646757 0.0611212 0.0735916 0.0686857 0.0726906 0.0673732 0.0675061 0.0850981 0.0715186 0.1573920 0.0954400 0.1411141 0.0810193 0.0649828 0.0746843 0.1454562 0.0219841 0.1414529 0.0983283 0.0814819 0.0856742 0.0895678 0.0697995 0.1406976 0.0944371 0.0985695 0.0701265 0.0897302 0.0756606 0.0929402 0.0998633 0.0866676 0.0880639 0.1037064 0.1007623 0.1018337 0.0861602 0.1198630 0.0695943 0.0628328 0.1003601 0.0720391 0.0780133 0.0707491 0.0851658 0.0884334 0.0611098 0.0648221 0.0845409 0.0892590 0.0152402 0.0766549 0.0644180 0.0847804 0.0890969 0.0629648 0.0552722 0.1108942 0.0948829 0.0890448 0.0921130 0.0847544 0.0793047 0.0665220 0.0588264 0.0799913 0.0617394 0.0719180 0.1130350 0.0484642 0.0588920 0.0897497 0.0798219 
S0278         0.1653262 0.0869667 0.0742711 0.0000000 0.0977811 0.0894226 0.1187054 0.0501952 0.0657754 0.0920211 0.1057091 0.0573454 0.1035825 0.0930389 0.0581209 0.0932899 0.0569033 0.0848332 0.1133280 0.1113339 0.0777442 0.0942031 0.1021334 0.0624974 0.0881009 0.0438521 0.0839991 0.0889826 0.1003562 0.0551425 0.0849869 0.0859628 0.1060763 0.0332415 0.0833027 0.0969961 0.0598237 0.0593511 0.0752357 0.0815252 0.0743423 0.0895009 0.0894982 0.0760428 0.1028081 0.1348892 0.0905228 0.0887313 0.0802820 0.0860287 0.0801018 0.0911837 0.0877325 0.0956504 0.0861198 0.1047338 0.0656895 0.0785944 0.0802087 0.0706643 0.0784487 0.0717881 0.0851036 0.0942994 0.0738186 0.0990230 0.1172500 0.1717852 0.1056326 0.1303218 0.0782489 0.0900197 0.0805475 0.1628098 0.0843856 0.1615928 0.0984214 0.1029336 0.0862922 0.0954716 0.0848640 0.1644846 0.0927826 0.1064092 0.0818532 0.0441403 0.0611343 0.0773286 0.1118361 0.0717400 0.0481165 0.0964105 0.1092757 0.1116672 0.0889671 0.1553741 0.0939780 0.0745108 0.0983268 0.0777766 0.0910234 0.0777395 0.0957689 0.0781697 0.0718366 0.0745766 0.0471854 0.0977234 0.0784008 0.0609375 0.1124914 0.0712593 0.0883193 0.0792864 0.0638910 0.1068631 0.0702100 0.0916591 0.0776347 0.0915541 0.0836751 0.0946974 0.0729552 0.0795787 0.0860240 0.0863348 0.1239550 0.0776370 0.0696956 0.0890182 0.0918834 
S0281         0.1741271 0.0999779 0.0602506 0.0977811 0.0000000 0.1017010 0.1276386 0.1073832 0.0788731 0.1015442 0.1196669 0.1102844 0.1255562 0.0958833 0.1189415 0.1181468 0.1059547 0.1034195 0.1060752 0.1238011 0.1038193 0.1071094 0.1137188 0.1112530 0.0988478 0.0913164 0.0568815 0.1148350 0.1139514 0.1006589 0.0963169 0.0982839 0.1396202 0.0790799 0.1035100 0.1135539 0.1076777 0.0933494 0.0999346 0.1034447 0.0852769 0.0550360 0.1189818 0.0978007 0.1202755 0.1699818 0.1046539 0.1003068 0.0496984 0.1015510 0.0532206 0.0651289 0.0988522 0.0635572 0.1204028 0.1129678 0.0976699 0.1237382 0.0771292 0.0919111 0.1048210 0.0953596 0.0999865 0.1030035 0.0924088 0.1013188 0.0769528 0.1824964 0.1209524 0.1509875 0.1115138 0.0952228 0.0933501 0.1603492 0.0571047 0.1591124 0.1071781 0.1014032 0.1027275 0.1149664 0.0937918 0.1584881 0.1054213 0.1077293 0.0928027 0.1073940 0.0941493 0.1196494 0.1210367 0.1087202 0.1057634 0.1241120 0.1217652 0.1224726 0.1031075 0.1681663 0.0932761 0.0819021 0.1112915 0.0886439 0.1005850 0.0917024 0.1133544 0.1113249 0.0773766 0.0834728 0.1048888 0.1157499 0.0515517 0.1151472 0.0725284 0.1129011 0.0994009 0.0896319 0.0751259 0.1175389 0.1150966 0.1040666 0.1113025 0.1037769 0.0960865 0.0991028 0.0906930 0.1162856 0.0908321 0.0832900 0.1340354 0.0675174 0.0781657 0.1016028 0.0939793 
S0282         0.1545624 0.0757893 0.0881609 0.0894226 0.1017010 0.0000000 0.1361571 0.0941816 0.0769965 0.0161276 0.0891442 0.1073750 0.1262584 0.1009048 0.1133418 0.1132260 0.1025510 0.0983303 0.1141728 0.1274843 0.0813979 0.0149637 0.0292009 0.0950470 0.0794396 0.0881188 0.0868108 0.0866329 0.1177695 0.0880527 0.1021131 0.0788954 0.1332858 0.0719509 0.0412299 0.0252497 0.1012201 0.0788881 0.0964317 0.0733767 0.0168418 0.0946609 0.1162463 0.0739960 0.1191040 0.1426877 0.0161203 0.1011725 0.0792626 0.0098500 0.0829337 0.0939926 0.0997870 0.1055386 0.1001705 0.1217570 0.0914519 0.1032064 0.0859111 0.0884249 0.0978360 0.0979187 0.0962106 0.1035057 0.0935642 0.0830339 0.1144005 0.1672550 0.1098988 0.1454832 0.1021334 0.1023857 0.0866771 0.1550282 0.0832627 0.1537487 0.1228564 0.1089646 0.1027973 0.0759156 0.0951458 0.1566789 0.0162525 0.0838623 0.0956673 0.0957559 0.0880535 0.1159583 0.1263883 0.0896570 0.0977386 0.1128740 0.1255106 0.1261822 0.0161206 0.1147075 0.1045711 0.0812801 0.0241784 0.0139722 0.0761440 0.0912819 0.0808992 0.1015265 0.0816973 0.0859319 0.0921504 0.0754185 0.0812493 0.0916073 0.1097077 0.0882285 0.0137150 0.0925561 0.0796012 0.0365646 0.1212905 0.0625987 0.0952507 0.0625130 0.0694273 0.1068559 0.0920316 0.0963008 0.0918713 0.0890557 0.1234713 0.0875334 0.0855904 0.0787118 0.0950328 
S0288         0.2019769 0.1253393 0.1126844 0.1187054 0.1276386 0.1361571 0.0000000 0.1328767 0.1087092 0.1373003 0.1425744 0.1285809 0.0244564 0.0861783 0.1123181 0.0519319 0.1250824 0.1125402 0.1194285 0.0186922 0.1221386 0.1338960 0.1379024 0.1349551 0.1338695 0.1076788 0.1208060 0.1352862 0.0114172 0.1187998 0.1389293 0.1161212 0.1157253 0.0982654 0.1282452 0.1332805 0.1188608 0.1198903 0.1270382 0.1094254 0.1241343 0.1333097 0.0517339 0.1187984 0.0265087 0.1395245 0.1290040 0.1276136 0.1159728 0.1232820 0.1207873 0.1305473 0.1152079 0.1392042 0.1330737 0.1157087 0.1165598 0.1570179 0.0959005 0.1206395 0.0875256 0.1250893 0.1307165 0.1388038 0.1202087 0.1379177 0.1379771 0.2256878 0.1428981 0.0974779 0.0846221 0.1329533 0.1113420 0.2137476 0.1266100 0.2141325 0.1433028 0.1305659 0.0965290 0.1349023 0.1234980 0.2180348 0.1321462 0.1447206 0.1259860 0.1225665 0.1124847 0.1199462 0.0232590 0.1266016 0.1193659 0.0969445 0.0159067 0.0172754 0.1294697 0.1340558 0.1157429 0.1105509 0.1414717 0.1191584 0.1209519 0.1225844 0.1299133 0.1291941 0.1147328 0.1158800 0.1217695 0.1417355 0.1184215 0.1237901 0.1379946 0.1141186 0.1306933 0.1181969 0.1081221 0.1527494 0.1220672 0.1252006 0.1274054 0.1170858 0.1148496 0.1251241 0.1063951 0.1246478 0.1213991 0.0997244 0.1425659 0.1176288 0.1137339 0.1397691 0.1163839 
S0289         0.1583095 0.0900813 0.0866940 0.0501952 0.1073832 0.0941816 0.1328767 0.0000000 0.0696607 0.0983252 0.1158376 0.0625281 0.1162142 0.1011074 0.0692519 0.0978626 0.0619797 0.0941208 0.1181460 0.1215244 0.0787682 0.0921331 0.1055946 0.0602585 0.0921046 0.0459320 0.0981466 0.0921262 0.1101753 0.0605801 0.0895086 0.0937058 0.1257902 0.0252517 0.0940334 0.1003251 0.0531618 0.0568886 0.0762844 0.0857795 0.0796716 0.0939439 0.1034306 0.0849672 0.1179935 0.1398740 0.0951851 0.0935304 0.0982713 0.0905805 0.0980454 0.1100006 0.0902921 0.1050616 0.0931597 0.1178056 0.0664576 0.0738113 0.0861790 0.0624353 0.0891942 0.0821657 0.0867304 0.0992894 0.0813536 0.1017372 0.1207102 0.1733392 0.1037581 0.1499376 0.0952908 0.0897704 0.0801817 0.1565705 0.1026463 0.1570724 0.1014820 0.0997530 0.1033393 0.1031872 0.0906573 0.1599956 0.0960288 0.1164240 0.0876441 0.0532570 0.0603263 0.0814213 0.1254261 0.0672779 0.0528921 0.0990746 0.1194891 0.1202530 0.0890344 0.1332710 0.1033965 0.0741131 0.1015556 0.0790577 0.0927447 0.0833804 0.1018961 0.0780626 0.0743553 0.0768777 0.0489674 0.1054532 0.0962987 0.0555712 0.1191201 0.0738141 0.0914687 0.0818658 0.0679353 0.1118596 0.0697275 0.0963994 0.0727798 0.0963306 0.0803844 0.1091548 0.0754325 0.0804252 0.0872950 0.0924873 0.1367016 0.0817946 0.0738871 0.0984447 0.0987082 
S0292         0.1426885 0.0794372 0.0558181 0.0657754 0.0788731 0.0769965 0.1087092 0.0696607 0.0000000 0.0751387 0.1004892 0.0787452 0.1032857 0.0815166 0.0905787 0.0963658 0.0748268 0.0673816 0.0611896 0.1076709 0.0710170 0.0800850 0.0907382 0.0839847 0.0709753 0.0599428 0.0623806 0.0781180 0.0983232 0.0682911 0.0404336 0.0751971 0.1091656 0.0460976 0.0782894 0.0846188 0.0779980 0.0691532 0.0647224 0.0705158 0.0752907 0.0720778 0.0967288 0.0656628 0.0996016 0.1189899 0.0737038 0.0428010 0.0588105 0.0722617 0.0586801 0.0689320 0.0498724 0.0809697 0.0956574 0.0972783 0.0612332 0.0933418 0.0493835 0.0653110 0.0785587 0.0352244 0.0440283 0.0473730 0.0347535 0.1000777 0.0898553 0.1635492 0.0854638 0.1254998 0.0744812 0.0467435 0.0405175 0.1480176 0.0645101 0.1484822 0.0629373 0.0657117 0.0791528 0.0867405 0.0341270 0.1479144 0.0757836 0.0969426 0.0481593 0.0712270 0.0596886 0.0833542 0.1081199 0.0797896 0.0759382 0.0905263 0.1055980 0.1063765 0.0751120 0.1303949 0.0684871 0.0110583 0.0854503 0.0640248 0.0814345 0.0264984 0.0920259 0.0811649 0.0135969 0.0160740 0.0752007 0.0975930 0.0570079 0.0848718 0.0883735 0.0694058 0.0743668 0.0290300 0.0410312 0.0914265 0.0920082 0.0791711 0.0808714 0.0851547 0.0701242 0.0689986 0.0561518 0.0733459 0.0373743 0.0550127 0.1007296 0.0597347 0.0464757 0.0793900 0.0600602 
S0293         0.1858061 0.0797939 0.0917358 0.0920211 0.1015442 0.0161276 0.1373003 0.0983252 0.0751387 0.0000000 0.0916993 0.1083917 0.1292382 0.1050902 0.1143524 0.1161542 0.1066868 0.0993485 0.1148752 0.1268593 0.0824983 0.0174259 0.0316687 0.0991666 0.0805363 0.0891646 0.0849441 0.0906931 0.1171959 0.0921152 0.0999994 0.0814453 0.1342322 0.0761276 0.0423669 0.0264162 0.1053591 0.0765944 0.0974778 0.0773987 0.0166510 0.0976000 0.1204613 0.0765284 0.1217097 0.1560392 0.0185733 0.1021940 0.0774150 0.0122947 0.0810786 0.0920809 0.1008137 0.1085254 0.1023826 0.1210777 0.0909507 0.1006971 0.0884167 0.0854741 0.0990199 0.0958306 0.1003210 0.1029469 0.0946054 0.0825610 0.1142267 0.1704664 0.1109195 0.1499616 0.1037487 0.1034001 0.0877439 0.1581661 0.0814002 0.1568890 0.1238276 0.1115178 0.1085347 0.0740510 0.0946326 0.1598220 0.0199904 0.0849127 0.0981999 0.0998476 0.0890900 0.1153036 0.1257669 0.0872964 0.1033805 0.1253479 0.1248906 0.1255627 0.0198285 0.1300195 0.1040342 0.0809981 0.0279779 0.0177715 0.0787148 0.0892882 0.0819578 0.0994281 0.0812577 0.0839991 0.0931868 0.0764968 0.0793942 0.0942718 0.1095401 0.0906243 0.0174446 0.0890305 0.0821029 0.0377620 0.1222662 0.0665479 0.0962795 0.0664574 0.0765863 0.1031001 0.0945502 0.0923785 0.0913702 0.0931222 0.1228033 0.0826037 0.0880966 0.0739055 0.0991318 
S0294         0.1561706 0.1073310 0.0924610 0.1057091 0.1196669 0.0891442 0.1425744 0.1158376 0.1004892 0.0916993 0.0000000 0.1266369 0.1369876 0.1151769 0.1182459 0.1268990 0.1126787 0.1165779 0.1342639 0.1457705 0.1128877 0.0923877 0.1019404 0.1150038 0.1095077 0.1058446 0.1212968 0.1194066 0.1355516 0.1122248 0.1153047 0.0900562 0.1511535 0.0891144 0.0828894 0.0955528 0.1253745 0.1179746 0.1200770 0.1061140 0.0711557 0.1117109 0.1339785 0.1066152 0.1366877 0.1424829 0.0854592 0.1162235 0.1130346 0.0839604 0.1170181 0.1231443 0.1129002 0.1150460 0.1211389 0.1406455 0.1138534 0.1464196 0.1038262 0.1154414 0.1265431 0.1102494 0.1110683 0.1187149 0.1052514 0.0668872 0.1347141 0.1938540 0.1293933 0.1639766 0.1008365 0.1013739 0.1061311 0.1837784 0.1196913 0.1863034 0.1284767 0.1246838 0.1171426 0.0962476 0.1128088 0.1835946 0.0890738 0.1111135 0.1191889 0.1153002 0.1158110 0.1319139 0.1429719 0.1251056 0.1191093 0.1181637 0.1438620 0.1444403 0.0840987 0.1339483 0.1189799 0.1036634 0.0977138 0.0771319 0.1013976 0.1052376 0.1043951 0.1342104 0.1039877 0.1084937 0.1099838 0.1021981 0.1152578 0.1133450 0.1297190 0.1263886 0.0847563 0.1117400 0.1017382 0.1083652 0.1368092 0.0861172 0.1248188 0.0830010 0.0955409 0.1250026 0.1087527 0.1283426 0.1117101 0.1120485 0.1425400 0.1069838 0.1049937 0.1188832 0.1170646 
S0299         0.1682544 0.1047982 0.0830862 0.0573454 0.1102844 0.1073750 0.1285809 0.0625281 0.0787452 0.1083917 0.1266369 0.0000000 0.1036515 0.1040274 0.0692591 0.1019314 0.0694397 0.0968764 0.1196961 0.1152726 0.0939847 0.1107972 0.1191929 0.0690691 0.0970199 0.0514174 0.0954456 0.1086596 0.1040231 0.0694001 0.0954767 0.0939403 0.1294164 0.0363584 0.1008947 0.1136971 0.0678486 0.0779453 0.0921505 0.0971902 0.0979647 0.1035132 0.1040463 0.0947474 0.1053292 0.1544162 0.1068145 0.0980158 0.0936110 0.1020830 0.0933972 0.1051187 0.1002728 0.1116433 0.1184250 0.1205789 0.0804075 0.1115826 0.0848973 0.0558100 0.0981252 0.0917868 0.0930976 0.1038566 0.0907541 0.1110630 0.1275505 0.1944925 0.1195851 0.1504217 0.0971528 0.0997335 0.0820807 0.1755072 0.0979134 0.1779657 0.1150367 0.1095490 0.1072601 0.1156234 0.0935974 0.1809361 0.1093155 0.1213310 0.0924827 0.0631984 0.0770792 0.0929471 0.1191137 0.0909926 0.0705030 0.1098046 0.1131986 0.1156240 0.1020052 0.1619410 0.1037066 0.0847948 0.1153076 0.0938074 0.1079794 0.0896803 0.1155452 0.0871818 0.0835639 0.0863813 0.0504907 0.1143910 0.0916629 0.0675169 0.1226346 0.0911912 0.1046319 0.0881414 0.0754579 0.1141294 0.0781117 0.1049276 0.0929948 0.1028326 0.0918385 0.1061913 0.0852358 0.0936371 0.0972472 0.0912022 0.1282926 0.0926667 0.0815172 0.1103083 0.1000710 
S0303         0.1919654 0.1089472 0.0934913 0.1035825 0.1255562 0.1262584 0.0244564 0.1162142 0.1032857 0.1292382 0.1369876 0.1036515 0.0000000 0.0758595 0.1175415 0.0535693 0.1137058 0.1022960 0.1123722 0.0234852 0.1200721 0.1300691 0.1220274 0.1185306 0.1216013 0.0958916 0.1105898 0.1222667 0.0189897 0.1054114 0.1282660 0.1078694 0.1085633 0.0830518 0.1162235 0.1275322 0.1092721 0.1144869 0.1117110 0.1123507 0.1349169 0.1213898 0.0470376 0.1136557 0.0159683 0.1320659 0.1235574 0.1215937 0.1033700 0.1179168 0.1081027 0.1090498 0.1220179 0.1234146 0.1348067 0.1069560 0.1130104 0.1399223 0.0924886 0.1097821 0.0830196 0.1201349 0.1272113 0.1223292 0.1143977 0.1218848 0.1342416 0.2054031 0.1330730 0.1486899 0.0918376 0.1146170 0.1197225 0.1828098 0.1112077 0.1830810 0.1466939 0.1209581 0.0969293 0.1228636 0.1219788 0.1847547 0.1241312 0.1320854 0.1167646 0.1055914 0.1087693 0.1289943 0.0297278 0.1239013 0.1079923 0.0807870 0.0221996 0.0235473 0.1178615 0.1033684 0.1078242 0.1050443 0.1362609 0.1039916 0.1080805 0.1193006 0.1202876 0.1180740 0.1092419 0.1109615 0.1064691 0.1201825 0.1059887 0.1151532 0.1265944 0.1124648 0.1249299 0.1149007 0.0973543 0.1371918 0.1102293 0.1195806 0.1133401 0.1117653 0.1074357 0.1166886 0.0975418 0.1093179 0.1057283 0.0998899 0.1352651 0.1088672 0.1028531 0.1239072 0.1119425 
S0308         0.2039977 0.1017354 0.0795466 0.0930389 0.0958833 0.1009048 0.0861783 0.1011074 0.0815166 0.1050902 0.1151769 0.1040274 0.0758595 0.0000000 0.1048922 0.0713098 0.1010129 0.0998577 0.1156550 0.0757694 0.0941554 0.1042721 0.1125480 0.1027706 0.1092477 0.0821024 0.0919401 0.1052508 0.0683904 0.0881376 0.1041706 0.0967838 0.0900076 0.0716063 0.1038908 0.0975129 0.0945663 0.1038476 0.0966914 0.0965897 0.0964803 0.0956505 0.0698028 0.0978943 0.0711846 0.1651278 0.0987603 0.1016051 0.0862314 0.0972083 0.0879773 0.0952896 0.1050213 0.1036079 0.1349477 0.0839693 0.0928205 0.1302301 0.0859702 0.0881941 0.0648838 0.0982391 0.1039789 0.1108021 0.0906728 0.1022738 0.1110670 0.1836837 0.1098802 0.1099760 0.0654311 0.0992340 0.0959941 0.1743289 0.0879566 0.1712279 0.1236399 0.1044965 0.0650516 0.1147944 0.0984302 0.1760661 0.1011964 0.1154101 0.0908573 0.0991828 0.0893622 0.1128592 0.0775966 0.1191208 0.0980733 0.0664677 0.0750208 0.0759606 0.0956433 0.0911672 0.0966988 0.0861919 0.1086484 0.0855720 0.1010917 0.1007772 0.1158434 0.1086136 0.0864775 0.0893017 0.0951096 0.1133549 0.0862695 0.1025075 0.1062898 0.0855596 0.0981706 0.0989248 0.0750736 0.1202206 0.1095802 0.0967717 0.1130655 0.0952451 0.0946850 0.1071631 0.0830347 0.0958784 0.0921239 0.0907452 0.1277563 0.0944013 0.0781186 0.1036695 0.1031722 
S0320         0.1681551 0.1058859 0.1065207 0.0581209 0.1189415 0.1133418 0.1123181 0.0692519 0.0905787 0.1143524 0.1182459 0.0692591 0.1175415 0.1048922 0.0000000 0.1086750 0.0712951 0.1078003 0.1417934 0.1219304 0.1017463 0.1168467 0.1220873 0.0697261 0.1146998 0.0563542 0.1096264 0.1109937 0.1105330 0.0701076 0.1099446 0.1048342 0.1232340 0.0442651 0.1115125 0.1177568 0.0744155 0.0786666 0.0802130 0.1015026 0.0776519 0.1129491 0.1075627 0.1085486 0.1153419 0.1586195 0.1127429 0.1089440 0.1098823 0.1079143 0.1096264 0.1196247 0.1077689 0.1229586 0.1023638 0.1208414 0.0777528 0.1082509 0.0950178 0.0759843 0.0925146 0.0986253 0.1072218 0.1167051 0.1048176 0.1128215 0.1310052 0.1821870 0.1275536 0.1359802 0.0761911 0.1116501 0.0984640 0.1746527 0.1144269 0.1714705 0.1109000 0.1190244 0.1027041 0.1200954 0.1079324 0.1744709 0.1136398 0.1384968 0.1000295 0.0621365 0.0761754 0.0883201 0.1258503 0.0857304 0.0786303 0.1087921 0.1198898 0.1223029 0.1062380 0.1997841 0.1100616 0.0937119 0.1197755 0.0978361 0.1073604 0.0984070 0.1185580 0.0978198 0.0956092 0.0985014 0.0539040 0.1274878 0.1078547 0.0686103 0.1259984 0.0820498 0.1085445 0.1003971 0.0837856 0.1312031 0.0795056 0.1120565 0.0952187 0.1119756 0.1038928 0.1142446 0.0978670 0.0938228 0.1045923 0.1015141 0.1352648 0.1018515 0.0900117 0.1142888 0.1024958 
S0322         0.2003061 0.0967323 0.0996572 0.0932899 0.1181468 0.1132260 0.0519319 0.0978626 0.0963658 0.1161542 0.1268990 0.1019314 0.0535693 0.0713098 0.1086750 0.0000000 0.0934810 0.1090641 0.1292305 0.0448274 0.1053928 0.1150770 0.1055569 0.1096843 0.1126424 0.0845126 0.0960075 0.1091435 0.0370531 0.0913380 0.1186515 0.1030768 0.1014259 0.0680282 0.1017600 0.1145074 0.0913484 0.0971831 0.1008899 0.1014665 0.1036196 0.1067484 0.0230836 0.1045776 0.0479902 0.1434564 0.1124446 0.1122395 0.0914506 0.1069905 0.0960147 0.0968339 0.1239206 0.1161650 0.1318282 0.0998342 0.0968011 0.1185128 0.0964202 0.0815752 0.0447335 0.1162813 0.1217444 0.1147525 0.1070899 0.0971146 0.1247916 0.1825095 0.1210031 0.1303385 0.0804138 0.1152706 0.1216981 0.1660537 0.0989385 0.1662986 0.1424580 0.1080361 0.0831373 0.1117497 0.1145573 0.1679453 0.1111921 0.1242028 0.1022555 0.0932420 0.0926151 0.1179373 0.0496514 0.1087641 0.1047571 0.0925043 0.0421077 0.0449460 0.1052026 0.1275523 0.1138577 0.0980812 0.1247382 0.0875560 0.0939819 0.1059531 0.1090882 0.1070004 0.1021405 0.1056032 0.1014987 0.1130538 0.0939489 0.1027291 0.1173569 0.0961455 0.1077611 0.1060658 0.0923913 0.1340163 0.1070411 0.1066552 0.1121267 0.1005778 0.1003354 0.1129189 0.0943560 0.1062864 0.1005394 0.1037848 0.1274223 0.1038399 0.0960232 0.1107712 0.1028755 
S0327         0.1656750 0.1019722 0.0937359 0.0569033 0.1059547 0.1025510 0.1250824 0.0619797 0.0748268 0.1066868 0.1126787 0.0694397 0.1137058 0.1010129 0.0712951 0.0934810 0.0000000 0.1007481 0.1369452 0.1146928 0.0862980 0.1058873 0.1140820 0.0652033 0.1040594 0.0508361 0.0998236 0.0974030 0.1036358 0.0698191 0.0997353 0.0974577 0.1294245 0.0346864 0.1008143 0.1087342 0.0570821 0.0668835 0.0876919 0.0929451 0.0881323 0.1004868 0.0939770 0.0982895 0.1097326 0.1411651 0.1035213 0.0956889 0.0960206 0.0988837 0.0958043 0.1074380 0.0943088 0.1100435 0.1020654 0.1157443 0.0747319 0.0868437 0.0850406 0.0651398 0.0784401 0.0892675 0.0985167 0.1046284 0.0865566 0.1116689 0.1259818 0.1843802 0.1093482 0.1386950 0.0956495 0.0950389 0.0854695 0.1739661 0.1002850 0.1763973 0.1072412 0.1018578 0.0938448 0.1089310 0.0958470 0.1774283 0.1044348 0.1247665 0.0883465 0.0468453 0.0715052 0.0867852 0.1152116 0.0755625 0.0667912 0.1256318 0.1110154 0.1150368 0.0973243 0.1765733 0.1067417 0.0807638 0.1134553 0.0876235 0.0926788 0.0885807 0.1124840 0.0752483 0.0795432 0.0823099 0.0542671 0.1215574 0.0940937 0.0593116 0.1243924 0.0788427 0.0998510 0.0855689 0.0787294 0.1230094 0.0746398 0.0982341 0.0824419 0.0962586 0.0889003 0.1076633 0.0833369 0.0857184 0.0894915 0.0927902 0.1341152 0.0945918 0.0847485 0.1053318 0.0973114 
S0335         0.1443135 0.0943309 0.0634504 0.0848332 0.1034195 0.0983303 0.1125402 0.0941208 0.0673816 0.0993485 0.1165779 0.0968764 0.1022960 0.0998577 0.1078003 0.1090641 0.1007481 0.0000000 0.0619606 0.1115077 0.0898705 0.1016462 0.1082682 0.1006069 0.0916797 0.0826062 0.0867956 0.0979289 0.1005310 0.0907240 0.0870744 0.0845738 0.1160419 0.0681020 0.0966370 0.1048724 0.0912808 0.0964318 0.0978039 0.0932489 0.0974451 0.0820604 0.1028797 0.0828086 0.1053160 0.1325568 0.0943894 0.0832627 0.0830293 0.0928681 0.0828410 0.0900726 0.0928121 0.0915668 0.1232130 0.1012126 0.0877505 0.1248551 0.0732677 0.0865577 0.0973791 0.0783389 0.0889958 0.0903235 0.0773313 0.1153753 0.1083033 0.1841720 0.0979568 0.1375775 0.0938985 0.0859702 0.0809606 0.1693795 0.0851784 0.1681466 0.1021279 0.0843600 0.0923992 0.1022583 0.0803132 0.1710945 0.0951472 0.1113684 0.0689597 0.0958040 0.0828613 0.1037477 0.1119762 0.1054949 0.0943262 0.0769546 0.1060253 0.1102057 0.0931536 0.1059318 0.0766344 0.0732199 0.1023132 0.0816382 0.0966817 0.0811758 0.1028248 0.0995927 0.0674017 0.0732847 0.0851366 0.1069623 0.0811227 0.0939243 0.1051847 0.0923517 0.0956242 0.0777288 0.0511654 0.1166668 0.1163875 0.0974194 0.1074652 0.0927443 0.0862628 0.0726810 0.0373436 0.0957263 0.0817183 0.0793300 0.1167644 0.0733882 0.0540031 0.0994849 0.0832638 
S0345         0.0000010 0.0877114 0.0766188 0.1133280 0.1060752 0.1141728 0.1194285 0.1181460 0.0611896 0.1148752 0.1342639 0.1196961 0.1123722 0.1156550 0.1417934 0.1292305 0.1369452 0.0619606 0.0000000 0.1167380 0.1172847 0.1263679 0.1213196 0.1312308 0.1056894 0.1122916 0.0711618 0.1173596 0.1060230 0.1233229 0.0794152 0.0879104 0.1292339 0.0883810 0.1257074 0.1225690 0.1070376 0.1059994 0.0910971 0.0923720 0.0000010 0.0949442 0.1290814 0.1117959 0.1232051 0.1505875 0.1143553 0.0673475 0.0664525 0.1141728 0.0660288 0.0609759 0.0722876 0.0998377 0.1155347 0.1498581 0.0936089 0.1239483 0.0715144 0.0000010 0.0000010 0.0724955 0.0833759 0.0730103 0.0631048 0.0000010 0.1096270 0.2094242 0.1293635 0.1152006 0.1059321 0.0614083 0.0717718 0.1947664 0.0711367 0.1888783 0.0904283 0.1065213 0.1077015 0.1228972 0.0868587 0.1883365 0.1341028 0.1402757 0.0817434 0.1192635 0.0936089 0.1030624 0.1161108 0.1161259 0.1145920 0.1172304 0.1301147 0.1301379 0.1086910 0.1415336 0.0421645 0.0663786 0.1282812 0.0763614 0.1161901 0.0877611 0.1174689 0.1398166 0.0665538 0.0661968 0.1205328 0.1298682 0.0609330 0.1069907 0.1041101 0.0981524 0.1205066 0.0713442 0.0459261 0.1497181 0.1464448 0.1325216 0.1478309 0.1211782 0.1215583 0.0045780 0.0607382 0.1170401 0.0624402 0.0721155 0.1247088 0.0672784 0.0510978 0.1055127 0.0942935 
S0355         0.2018006 0.1217968 0.1035135 0.1113339 0.1238011 0.1274843 0.0186922 0.1215244 0.1076709 0.1268593 0.1457705 0.1152726 0.0234852 0.0757694 0.1219304 0.0448274 0.1146928 0.1115077 0.1167380 0.0000000 0.1154372 0.1277830 0.1291687 0.1246220 0.1252968 0.1047693 0.1068023 0.1311433 0.0085802 0.1061435 0.1334415 0.1125269 0.1107372 0.0881496 0.1208063 0.1269754 0.1112157 0.1080291 0.1198857 0.1156025 0.1356530 0.1173087 0.0454695 0.1162357 0.0239893 0.1303908 0.1214878 0.1254514 0.1029200 0.1166637 0.1026993 0.1146662 0.1166789 0.1255503 0.1301389 0.1027690 0.1094303 0.1369837 0.0948439 0.1114389 0.0800321 0.1223960 0.1300283 0.1353111 0.1190825 0.1415891 0.1365470 0.2186935 0.1277396 0.1337060 0.0846825 0.1267185 0.1153431 0.2009234 0.1113785 0.2015776 0.1503109 0.1265424 0.0905817 0.1318280 0.1236162 0.2065269 0.1240970 0.1402103 0.1156857 0.1096078 0.1074150 0.1267330 0.0199889 0.1171072 0.1132321 0.0888246 0.0124136 0.0135846 0.1218629 0.1169155 0.1172384 0.1108104 0.1335634 0.1103921 0.1196631 0.1229922 0.1265227 0.1135966 0.1128385 0.1141593 0.1088030 0.1376403 0.1050593 0.1135827 0.1315862 0.1103668 0.1247368 0.1177498 0.0990659 0.1433891 0.1152947 0.1180728 0.1167095 0.1136549 0.1080215 0.1253304 0.1027697 0.1097370 0.1185346 0.0996984 0.1465017 0.1107520 0.1037986 0.1290388 0.1124139 
S0376         0.1433154 0.0713985 0.0784635 0.0777442 0.1038193 0.0813979 0.1221386 0.0787682 0.0710170 0.0824983 0.1128877 0.0939847 0.1200721 0.0941554 0.1017463 0.1053928 0.0862980 0.0898705 0.1172847 0.1154372 0.0000000 0.0829637 0.0880496 0.0897956 0.0848588 0.0763136 0.0857977 0.0292763 0.1036563 0.0685173 0.0919451 0.0874425 0.0947699 0.0616650 0.0814796 0.0816070 0.0813854 0.0725183 0.0752226 0.0765284 0.0713920 0.0863668 0.1021153 0.0645614 0.1118418 0.1083568 0.0778477 0.0862167 0.0839375 0.0778448 0.0837364 0.0932927 0.0946396 0.0979123 0.1048162 0.1078020 0.0747348 0.0854770 0.0787895 0.0728720 0.0858550 0.0862221 0.0910541 0.0880268 0.0815693 0.0925007 0.1127338 0.1751245 0.0937902 0.1485716 0.0940999 0.0873236 0.0813313 0.1675806 0.0841304 0.1643519 0.1171134 0.0957447 0.1015540 0.0857104 0.0900105 0.1674042 0.0798160 0.0894780 0.0834473 0.0809350 0.0744238 0.0908452 0.1176558 0.0780257 0.0846631 0.1023301 0.1115100 0.1140403 0.0747796 0.1476244 0.0925314 0.0771933 0.0896927 0.0676070 0.0732652 0.0843545 0.0763787 0.0877880 0.0743847 0.0787785 0.0803772 0.0866991 0.0819205 0.0882487 0.1077508 0.0789169 0.0769041 0.0762243 0.0676200 0.0963674 0.1052216 0.0787278 0.0863307 0.0821557 0.0770144 0.0915206 0.0802729 0.0847473 0.0832038 0.0852088 0.1169588 0.0822703 0.0707333 0.0348029 0.0896067 
S0400         0.1719965 0.0788776 0.0961832 0.0942031 0.1071094 0.0149637 0.1338960 0.0921331 0.0800850 0.0174259 0.0923877 0.1107972 0.1300691 0.1042721 0.1168467 0.1150770 0.1058873 0.1016462 0.1263679 0.1277830 0.0829637 0.0000000 0.0305100 0.0983293 0.0825813 0.0913200 0.0895359 0.0898223 0.1180433 0.0912515 0.1054786 0.0820133 0.1352509 0.0751512 0.0440111 0.0279022 0.1045517 0.0772098 0.1032751 0.0764654 0.0146510 0.0999162 0.1160734 0.0770572 0.1242402 0.1561803 0.0186845 0.1045030 0.0838264 0.0123678 0.0875503 0.0988559 0.1031119 0.1109639 0.1029790 0.1237139 0.0929725 0.1035561 0.0890709 0.0863349 0.0978216 0.1012664 0.1026045 0.1068764 0.0968374 0.0855668 0.1199385 0.1634237 0.1099375 0.1487207 0.1060245 0.1057160 0.0899202 0.1518593 0.0879011 0.1505771 0.1242850 0.1123572 0.1093030 0.0760573 0.0983864 0.1552065 0.0175003 0.0855459 0.0989274 0.0990198 0.0912522 0.1178521 0.1266853 0.0899538 0.1041528 0.1163430 0.1258068 0.1264782 0.0186848 0.1308394 0.1079835 0.0860406 0.0254476 0.0165890 0.0793046 0.0914570 0.0840523 0.1033176 0.0848327 0.0890934 0.0954151 0.0770678 0.0858502 0.0932187 0.1151741 0.0932060 0.0162824 0.0957900 0.0826985 0.0394661 0.1231849 0.0655750 0.0939099 0.0640683 0.0756583 0.1086558 0.0952444 0.0995851 0.0951262 0.0938134 0.1270659 0.0892220 0.0887378 0.0818216 0.0983357 
S0405         0.1643238 0.0835217 0.0924499 0.1021334 0.1137188 0.0292009 0.1379024 0.1055946 0.0907382 0.0316687 0.1019404 0.1191929 0.1220274 0.1125480 0.1220873 0.1055569 0.1140820 0.1082682 0.1213196 0.1291687 0.0880496 0.0305100 0.0000000 0.1032558 0.0900333 0.0946038 0.1037394 0.0992226 0.1161844 0.0960556 0.1105886 0.0836800 0.1440369 0.0783660 0.0494356 0.0345626 0.1079502 0.0912552 0.1114626 0.0811030 0.0320829 0.1063715 0.1195453 0.0861388 0.1240453 0.1508185 0.0277397 0.1143003 0.0958933 0.0264422 0.0996926 0.1068791 0.1112855 0.1192232 0.1197442 0.1306551 0.0963067 0.1121334 0.0907678 0.0948524 0.0995673 0.1111254 0.1123346 0.1152291 0.1064888 0.0924182 0.1250356 0.1662002 0.1216172 0.1600213 0.1176978 0.1138956 0.1010703 0.1504829 0.1000958 0.1491383 0.1367176 0.1206269 0.1175728 0.0806754 0.1063621 0.1521311 0.0306013 0.0933605 0.1069492 0.1024146 0.0929904 0.1230426 0.1280747 0.0981621 0.1139629 0.1197828 0.1239250 0.1245750 0.0251427 0.1262592 0.1131868 0.0968329 0.0389456 0.0244697 0.0825074 0.1007764 0.0805543 0.1130053 0.0956287 0.0999627 0.1034568 0.0833120 0.0979808 0.0984885 0.1202194 0.0996455 0.0292980 0.1068822 0.0933707 0.0510884 0.1284814 0.0729677 0.1066468 0.0728680 0.0802421 0.1119382 0.1000583 0.0998101 0.1012755 0.0955389 0.1284633 0.0939332 0.0965044 0.0895096 0.1079853 
S0407sl       0.1569539 0.0906022 0.0782313 0.0624974 0.1112530 0.0950470 0.1349551 0.0602585 0.0839847 0.0991666 0.1150038 0.0690691 0.1185306 0.1027706 0.0697261 0.1096843 0.0652033 0.1006069 0.1312308 0.1246220 0.0897956 0.0983293 0.1032558 0.0000000 0.1027817 0.0507898 0.1029831 0.1040197 0.1133555 0.0656386 0.1079875 0.1024595 0.1398450 0.0417718 0.0902821 0.0964772 0.0569713 0.0733780 0.0894309 0.0916482 0.0808770 0.1026874 0.1034673 0.0954428 0.1195515 0.1414203 0.0929774 0.1069802 0.0991267 0.0914589 0.0989011 0.1107582 0.1103605 0.1123267 0.1079283 0.1176169 0.0673646 0.0999868 0.0913343 0.0547972 0.0894280 0.1005462 0.0968595 0.1129754 0.0992283 0.0865553 0.1177197 0.1737820 0.1181087 0.1499370 0.0944405 0.0999530 0.0965922 0.1647161 0.1034641 0.1634887 0.1121373 0.1128351 0.1053535 0.1059486 0.1054356 0.1664112 0.0968877 0.1188491 0.0962056 0.0611750 0.0627735 0.0935846 0.1230574 0.0860957 0.0653266 0.1083981 0.1226292 0.1233169 0.0868919 0.1604839 0.1091077 0.0884990 0.1024171 0.0832219 0.0948130 0.0980530 0.1078619 0.0909050 0.0888272 0.0916379 0.0541494 0.1033108 0.0971724 0.0222477 0.1129412 0.0820695 0.0923508 0.0980811 0.0774571 0.1130758 0.0714126 0.0941655 0.0856909 0.0925253 0.0953277 0.1132720 0.0847628 0.0844279 0.0970857 0.0976543 0.1368012 0.0899581 0.0804960 0.1056809 0.0990756 
S0412sl       0.1498901 0.0862214 0.0744825 0.0881009 0.0988478 0.0794396 0.1338695 0.0921046 0.0709753 0.0805363 0.1095077 0.0970199 0.1216013 0.1092477 0.1146998 0.1126424 0.1040594 0.0916797 0.1056894 0.1252968 0.0848588 0.0825813 0.0900333 0.1027817 0.0000000 0.0848948 0.0913847 0.0897421 0.1176086 0.0896889 0.0941651 0.0816657 0.1286536 0.0664402 0.0793081 0.0871794 0.0995333 0.0929514 0.1018650 0.0714348 0.0706883 0.0868669 0.1147789 0.0586882 0.1227023 0.1591274 0.0758241 0.0932919 0.0875711 0.0728965 0.0873712 0.0988823 0.0962700 0.0961508 0.1273861 0.1170891 0.0978243 0.1207021 0.0829222 0.0877283 0.0998939 0.0866516 0.0961139 0.0952418 0.0857180 0.1027305 0.1113940 0.1884222 0.1065902 0.1513255 0.1002430 0.0964182 0.0945793 0.1765618 0.0857450 0.1753338 0.1165306 0.0975034 0.1090981 0.0848255 0.0901040 0.1782906 0.0811752 0.0977965 0.0844593 0.0956082 0.0943050 0.1160709 0.1263027 0.1082679 0.0910693 0.0981515 0.1235534 0.1261070 0.0760486 0.1537017 0.1013734 0.0783881 0.0911334 0.0598364 0.0867029 0.0849861 0.0847493 0.1050193 0.0754287 0.0783936 0.0934925 0.0905981 0.0856400 0.1012586 0.1050958 0.0978651 0.0735499 0.0814125 0.0703996 0.0939007 0.1194678 0.0766095 0.1014007 0.0843664 0.0675051 0.0987892 0.0805682 0.0997574 0.0886334 0.0860764 0.1352152 0.0762864 0.0748810 0.0849021 0.0968040 
S0417         0.1514464 0.0810982 0.0670365 0.0438521 0.0913164 0.0881188 0.1076788 0.0459320 0.0599428 0.0891646 0.1058446 0.0514174 0.0958916 0.0821024 0.0563542 0.0845126 0.0508361 0.0826062 0.1122916 0.1047693 0.0763136 0.0913200 0.0946038 0.0507898 0.0848948 0.0000000 0.0778425 0.0845693 0.0939375 0.0538183 0.0821277 0.0831238 0.1106011 0.0249381 0.0864682 0.0910673 0.0456070 0.0572903 0.0692254 0.0726944 0.0677782 0.0829448 0.0892831 0.0750097 0.0983149 0.1336167 0.0846785 0.0813822 0.0741722 0.0831944 0.0740065 0.0848357 0.0875701 0.0905584 0.0904407 0.1041537 0.0570362 0.0825869 0.0683771 0.0450608 0.0744276 0.0764688 0.0763971 0.0853039 0.0724248 0.0974928 0.0996643 0.1554566 0.1022682 0.1335414 0.0886134 0.0748686 0.0743889 0.1492180 0.0781988 0.1462434 0.0971142 0.0827882 0.0892582 0.0955988 0.0772742 0.1508675 0.0899023 0.1113277 0.0699316 0.0466424 0.0526008 0.0727345 0.1084246 0.0696042 0.0479017 0.0927814 0.1026808 0.1050824 0.0801668 0.1433808 0.0891750 0.0656709 0.0969670 0.0733822 0.0818796 0.0717103 0.0974585 0.0751013 0.0630214 0.0686154 0.0467737 0.1009640 0.0723158 0.0516688 0.0981501 0.0652596 0.0854525 0.0731854 0.0623661 0.1035566 0.0541565 0.0841373 0.0716315 0.0870974 0.0690490 0.0834673 0.0694103 0.0688631 0.0724125 0.0758026 0.1221009 0.0760295 0.0652782 0.0891949 0.0829461 
S0419         0.0000010 0.0860564 0.0196171 0.0839991 0.0568815 0.0868108 0.1208060 0.0981466 0.0623806 0.0849441 0.1212968 0.0954456 0.1105898 0.0919401 0.1096264 0.0960075 0.0998236 0.0867956 0.0711618 0.1068023 0.0857977 0.0895359 0.1037394 0.1029831 0.0913847 0.0778425 0.0000000 0.1046788 0.0989253 0.0873903 0.0773602 0.0838126 0.1201620 0.0601952 0.0969208 0.0955048 0.0903403 0.0742599 0.0927770 0.0902442 0.0917999 0.0534099 0.0988949 0.0859598 0.1134624 0.1186741 0.0869796 0.0804694 0.0095644 0.0869455 0.0095440 0.0195453 0.0766200 0.0606827 0.1088314 0.1159750 0.0859488 0.0943351 0.0655873 0.1007936 0.0812975 0.0681840 0.0881990 0.0915405 0.0690778 0.1118465 0.0751138 0.1832242 0.1033597 0.1638059 0.1100598 0.0780316 0.0733095 0.1626997 0.0144560 0.1613853 0.1093606 0.1002520 0.0986612 0.1069065 0.0774454 0.1652578 0.0956142 0.1108680 0.0816439 0.0918525 0.0875886 0.1115304 0.1050370 0.0870209 0.0923263 0.1037932 0.1084691 0.1094655 0.0868723 0.1242353 0.0841840 0.0701184 0.1009021 0.0680742 0.0988166 0.0742942 0.1115927 0.1023668 0.0644777 0.0700811 0.0848788 0.1211123 0.0079597 0.0982877 0.0695028 0.0935329 0.0870181 0.0740381 0.0525989 0.1167960 0.1052315 0.0932545 0.1045698 0.0949341 0.0817799 0.0789717 0.0736032 0.1028647 0.0729498 0.0657394 0.1211881 0.0510577 0.0544516 0.0920673 0.0803570 
S0427         0.1498098 0.0844513 0.0918321 0.0889826 0.1148350 0.0866329 0.1352862 0.0921262 0.0781180 0.0906931 0.1194066 0.1086596 0.1222667 0.1052508 0.1109937 0.1091435 0.0974030 0.0979289 0.1173596 0.1311433 0.0292763 0.0898223 0.0992226 0.1040197 0.0897421 0.0845693 0.1046788 0.0000000 0.1212392 0.0844706 0.0935461 0.0938051 0.1128268 0.0710702 0.0849805 0.0898834 0.0941631 0.0876572 0.0979754 0.0864011 0.0674848 0.1027797 0.1147138 0.0747300 0.1242570 0.1263437 0.0831716 0.0831585 0.1008227 0.0816644 0.1005938 0.1104008 0.0975179 0.1123763 0.1185464 0.1236869 0.0894520 0.1066843 0.0866161 0.0846707 0.0970890 0.0859518 0.0907057 0.0899118 0.0817920 0.1019104 0.1194729 0.1927570 0.0922433 0.1545137 0.0997851 0.0889125 0.0822137 0.1832282 0.0989881 0.1820084 0.1157266 0.0936839 0.1090622 0.0940197 0.0947297 0.1849653 0.0851005 0.0990883 0.0853570 0.0956295 0.0875491 0.1038393 0.1334083 0.0970832 0.0973342 0.0840985 0.1257959 0.1281666 0.0816756 0.1337663 0.1022589 0.0841177 0.0951083 0.0718129 0.0834665 0.0907103 0.0957934 0.0927995 0.0828950 0.0870729 0.0979602 0.0946588 0.0987040 0.0956321 0.1178996 0.0905997 0.0822944 0.0874214 0.0731076 0.1007282 0.1228000 0.0808580 0.0929227 0.0871366 0.0841341 0.0979487 0.0885357 0.1009520 0.0862204 0.0913167 0.1318850 0.0888036 0.0761188 0.0397795 0.0972697 
S0430         0.2003183 0.1089112 0.0919398 0.1003562 0.1139514 0.1177695 0.0114172 0.1101753 0.0983232 0.1171959 0.1355516 0.1040231 0.0189897 0.0683904 0.1105330 0.0370531 0.1036358 0.1005310 0.1060230 0.0085802 0.1036563 0.1180433 0.1161844 0.1133555 0.1176086 0.0939375 0.0989253 0.1212392 0.0000000 0.0952989 0.1234603 0.1030913 0.0980842 0.0787821 0.1128439 0.1173020 0.1002484 0.0980460 0.1086969 0.1076647 0.1242729 0.1092532 0.0360306 0.1067014 0.0175619 0.1193274 0.1119469 0.1156909 0.0950772 0.1072039 0.0989125 0.1065918 0.1071063 0.1190412 0.1233485 0.0965325 0.0985126 0.1264634 0.0857429 0.1024619 0.0676537 0.1125551 0.1202152 0.1250872 0.1094151 0.1293128 0.1266347 0.2032337 0.1193079 0.1236039 0.0760551 0.1185731 0.1072526 0.1879185 0.1034178 0.1866056 0.1400539 0.1167977 0.0815247 0.1203986 0.1140063 0.1914866 0.1144456 0.1299067 0.1061993 0.1018003 0.0965740 0.1152608 0.0136535 0.1070845 0.1053484 0.0806046 0.0049251 0.0073621 0.1122903 0.1077635 0.1074991 0.1014115 0.1236717 0.1007875 0.1065623 0.1133259 0.1182768 0.1056850 0.1033763 0.1046940 0.0978143 0.1259253 0.0971831 0.1036838 0.1217548 0.0993466 0.1150316 0.1081963 0.0899251 0.1328101 0.1058201 0.1104943 0.1119655 0.1041214 0.1002600 0.1153509 0.0935199 0.1019193 0.1087434 0.0920175 0.1363500 0.1013602 0.0945731 0.1191991 0.1028742 
S0478         0.1595519 0.0843493 0.0793433 0.0551425 0.1006589 0.0880527 0.1187998 0.0605801 0.0682911 0.0921152 0.1122248 0.0694001 0.1054114 0.0881376 0.0701076 0.0913380 0.0698191 0.0907240 0.1233229 0.1061435 0.0685173 0.0912515 0.0960556 0.0656386 0.0896889 0.0538183 0.0873903 0.0844706 0.0952989 0.0000000 0.0928889 0.0874229 0.1080887 0.0403905 0.0863947 0.0957478 0.0687377 0.0589921 0.0660380 0.0814995 0.0752923 0.0892834 0.0922831 0.0823907 0.1028866 0.1193414 0.0860609 0.0935226 0.0836733 0.0845744 0.0834862 0.0946306 0.0906530 0.1017215 0.0925091 0.1024721 0.0582127 0.0785162 0.0785835 0.0608543 0.0678280 0.0887172 0.0901802 0.0991980 0.0845383 0.0996375 0.1121900 0.1780507 0.0966311 0.1362864 0.0793485 0.0913396 0.0849114 0.1600047 0.0877909 0.1585233 0.1048865 0.0980697 0.0934363 0.0905678 0.0876409 0.1616804 0.0898348 0.1112055 0.0803238 0.0582764 0.0537785 0.0708543 0.1098085 0.0638851 0.0624645 0.1021149 0.1040639 0.1064602 0.0830780 0.1375186 0.0876032 0.0772950 0.0968562 0.0733400 0.0895913 0.0834882 0.0911713 0.0777196 0.0760801 0.0773352 0.0600648 0.1075957 0.0817920 0.0657395 0.1074812 0.0606870 0.0853876 0.0820549 0.0666147 0.1052902 0.0867676 0.0901459 0.0759844 0.0870399 0.0792709 0.0961040 0.0757435 0.0685536 0.0873766 0.0817031 0.1253370 0.0730517 0.0695550 0.0890473 0.0874531 
