136
PAFTOL_019361 0.0000000 0.2192519 0.2990973 0.2304143 0.2355544 0.2127943 0.2451058 0.1985144 0.1952388 0.2186202 0.2502756 0.2296291 0.2571113 0.2655722 0.2180358 0.2591300 0.2125630 0.2014441 0.2552721 0.2570128 0.2358453 0.2154246 0.2102480 0.2129181 0.2226005 0.2023654 0.1856985 0.2262306 0.2317870 0.2551229 0.2055996 0.2016294 0.2426180 0.2550401 0.2697174 0.2183491 0.2236240 0.2454586 0.2139835 0.1926424 0.2221483 0.2065122 0.2291077 0.2038510 0.2571080 0.2420668 0.2180310 0.2589109 0.2204563 0.2283024 0.2135097 0.1936919 0.2170280 0.1936923 0.1935926 0.2101737 0.2014986 0.1949131 0.2605248 0.2122177 0.1990405 0.1867221 0.2342103 0.2427067 0.2110988 0.2105584 0.2128825 0.2148393 0.2980036 0.2342322 0.2293048 0.2154166 0.2237015 0.2831827 0.2191212 0.2190800 0.2437677 0.1889916 0.2388889 0.2367591 0.2167682 0.2035607 0.2486107 0.2103357 0.2081887 0.2351379 0.2177067 0.2181131 0.2019428 0.1928908 0.2130922 0.2128088 0.2643425 0.2022988 0.2255351 0.2492622 0.2562580 0.2381507 0.2186644 0.2635226 0.2350063 0.1861743 0.2255396 0.2015225 0.2106009 0.2054413 0.2178307 0.2074772 0.1937590 0.1994123 0.2192094 0.2085829 0.1898124 0.2238219 0.2341769 0.2274600 0.2130435 0.2364656 0.1909040 0.1944721 0.2236047 0.2219171 0.2076065 0.2016667 0.2052925 0.2126076 0.2288028 0.2033673 0.2182353 0.2069510 0.1849076 0.2496338 0.1898954 0.2012548 0.2319236 0.1989321 
S0055         0.2192519 0.0000000 0.0890616 0.0827201 0.0735903 0.0385176 0.0851745 0.0765053 0.0624761 0.0412674 0.0702399 0.0852980 0.0881161 0.0979683 0.0786181 0.0877788 0.0781267 0.0652577 0.0672480 0.0857427 0.0637444 0.0378516 0.0394046 0.0761587 0.0634303 0.0701185 0.0543170 0.0587616 0.0884426 0.0891774 0.0672022 0.0625483 0.0637082 0.0948461 0.0971791 0.0839349 0.0426037 0.0394740 0.0826683 0.0651251 0.0803980 0.0543570 0.0439796 0.0674829 0.0886618 0.1482112 0.0572576 0.0906429 0.0773606 0.0415872 0.0671554 0.0550389 0.0391772 0.0559282 0.0555938 0.0708404 0.0666203 0.0579191 0.0936101 0.0727280 0.0579532 0.0547021 0.0757585 0.0824843 0.0672479 0.0683991 0.0648381 0.0681949 0.0856094 0.0835299 0.1441171 0.0727589 0.0820161 0.1107870 0.0737962 0.0760174 0.1495999 0.0540367 0.1455087 0.0685805 0.0747796 0.0693736 0.0922106 0.0551794 0.0675002 0.1486220 0.0385532 0.0457243 0.0629751 0.0634055 0.0713233 0.0724920 0.0889885 0.0694587 0.0821201 0.0892899 0.0882714 0.0786930 0.0386461 0.1009176 0.0676531 0.0562185 0.0402152 0.0351286 0.0242793 0.0755598 0.0455492 0.0665583 0.0646738 0.0597017 0.0789427 0.0446885 0.0555793 0.0853754 0.0823571 0.0809487 0.0383541 0.0842015 0.0658420 0.0604853 0.0403223 0.0885639 0.0371618 0.0660756 0.0369294 0.0452514 0.0624267 0.0623816 0.0806572 0.0650443 0.0597666 0.0913010 0.0538923 0.0608035 0.0557359 0.0597795 
S0196sl       0.2990973 0.0890616 0.0000000 0.1177852 0.0815627 0.0944380 0.1241226 0.1034379 0.0916364 0.0814991 0.1332699 0.1190991 0.1146972 0.1269360 0.1014726 0.1153310 0.1085997 0.1043062 0.1336935 0.1142433 0.1062079 0.0926081 0.0950400 0.1081723 0.1142233 0.0962991 0.0341477 0.1001371 0.0972695 0.1197924 0.0898901 0.0948656 0.1142182 0.1280375 0.1186092 0.1163533 0.1014739 0.0947606 0.1165820 0.0981138 0.1162599 0.1031449 0.0908034 0.0628843 0.1112976 0.1810805 0.1147583 0.1216431 0.1019520 0.0966921 0.0963295 0.0323006 0.0916805 0.0327391 0.0304442 0.0999697 0.0645948 0.0875314 0.1261269 0.1088099 0.0836469 0.0856895 0.0878628 0.1102147 0.0987021 0.1024940 0.0963907 0.0964366 0.1508815 0.0891122 0.1747817 0.1086493 0.1133921 0.1341751 0.1092036 0.1091414 0.1765010 0.0350532 0.1770796 0.0950443 0.1066359 0.1034038 0.1200884 0.1097436 0.1003334 0.1801439 0.0918537 0.1075663 0.0982197 0.0932761 0.1076404 0.1081844 0.1184522 0.1028169 0.1149914 0.1200647 0.1168622 0.1149719 0.0917939 0.1293045 0.1042645 0.0931593 0.0963081 0.0924384 0.0920791 0.1065160 0.1033861 0.0978405 0.1005336 0.0907976 0.1072834 0.1066539 0.0327081 0.0985824 0.0884029 0.1138420 0.0931025 0.0917589 0.0986545 0.0964432 0.0995195 0.1224935 0.0896947 0.0962634 0.0919671 0.0945191 0.0996086 0.0968486 0.1171439 0.1009957 0.0918276 0.1388690 0.0663916 0.0984994 0.1033620 0.0897162 
S0278         0.2304143 0.0827201 0.1177852 0.0000000 0.0940317 0.0855279 0.1056295 0.0430433 0.0811052 0.0843698 0.1129595 0.0402252 0.1100205 0.1176359 0.0459385 0.1100495 0.0507319 0.0857447 0.0892297 0.1073508 0.0964993 0.0834201 0.0843245 0.0508272 0.0951115 0.0459128 0.0782604 0.0937457 0.0688018 0.1080858 0.0534440 0.0807525 0.1011487 0.1157895 0.1226807 0.0451687 0.0922709 0.0870805 0.0461842 0.0577449 0.0749775 0.0908138 0.0878948 0.0885436 0.1100376 0.1501975 0.0934281 0.1137656 0.0962489 0.0885909 0.0841100 0.0776955 0.0853180 0.0779384 0.0775773 0.0895086 0.0888684 0.0528338 0.1156590 0.0669563 0.0540971 0.0799941 0.0421744 0.1048162 0.0847173 0.0876596 0.0843162 0.0854684 0.1316929 0.1059021 0.1502217 0.1016067 0.1021410 0.1264748 0.0871074 0.0885245 0.1530491 0.0786435 0.1472291 0.0699157 0.0904196 0.0895742 0.1129725 0.0954667 0.0866592 0.1513463 0.0845957 0.0942739 0.0865951 0.0360051 0.0662854 0.0671463 0.1106540 0.0627129 0.0292939 0.1057777 0.1098610 0.0967212 0.0840247 0.1219573 0.0888999 0.0769882 0.0871222 0.0789724 0.0796294 0.0894349 0.0854919 0.0628411 0.0841566 0.0785387 0.0490892 0.0933712 0.0767900 0.0572172 0.1051269 0.0746353 0.0856472 0.1085571 0.0853581 0.0799003 0.0889717 0.0441651 0.0809350 0.0648714 0.0840557 0.0859140 0.0860091 0.0843849 0.0719425 0.0844320 0.0840847 0.1091078 0.0723267 0.0824376 0.0915039 0.0824138 
S0281         0.2355544 0.0735903 0.0815627 0.0940317 0.0000000 0.0807377 0.0959906 0.0836370 0.0796934 0.0824702 0.1096159 0.0949560 0.0945288 0.1015099 0.0835135 0.0935206 0.0915042 0.0864353 0.0994475 0.0929852 0.0946454 0.0797690 0.0797745 0.0921949 0.0996177 0.0839165 0.0506043 0.0866736 0.1028313 0.0942769 0.0844260 0.0772043 0.0997287 0.1016321 0.1037453 0.0971820 0.0843745 0.0833537 0.0963390 0.0813596 0.0977379 0.0936220 0.0863470 0.0517232 0.0959523 0.1528674 0.0943730 0.0979737 0.0973851 0.0821068 0.0812828 0.0496615 0.0807458 0.0509756 0.0499021 0.0865950 0.0512371 0.0775677 0.1022474 0.0911619 0.0748837 0.0778723 0.0917100 0.0920743 0.0843031 0.0838251 0.0806108 0.0828907 0.1150848 0.0622017 0.1500580 0.0966402 0.0923788 0.1156538 0.0857404 0.0862909 0.1545846 0.0510109 0.1503485 0.0840269 0.0902885 0.0871246 0.0992298 0.0871606 0.0860694 0.1547214 0.0792157 0.0865096 0.0859208 0.0756693 0.0900076 0.0898635 0.0939452 0.0842528 0.0899875 0.0976389 0.0949218 0.0880636 0.0792023 0.1092761 0.0922442 0.0774569 0.0815795 0.0779779 0.0739249 0.0928585 0.0814325 0.0843756 0.0848137 0.0762195 0.0893533 0.0851625 0.0509014 0.0997098 0.0613647 0.0989288 0.0794384 0.0645015 0.0840306 0.0829898 0.0831848 0.0990684 0.0784759 0.0857954 0.0762306 0.0844053 0.0863878 0.0810446 0.0967845 0.0869866 0.0828142 0.1013163 0.0601724 0.0822497 0.0878588 0.0812743 
S0282         0.2127943 0.0385176 0.0944380 0.0855279 0.0807377 0.0000000 0.0861232 0.0776751 0.0669652 0.0117642 0.0527575 0.0872009 0.0894977 0.0996116 0.0823086 0.0882667 0.0816989 0.0739189 0.0702479 0.0867040 0.0661165 0.0097296 0.0166552 0.0808890 0.0692471 0.0736057 0.0571782 0.0618399 0.0920008 0.0895886 0.0713740 0.0675735 0.0714861 0.1019637 0.1010018 0.0861892 0.0268659 0.0135285 0.0849650 0.0693273 0.0844908 0.0613310 0.0143592 0.0716120 0.0903598 0.1458322 0.0670061 0.0934749 0.0776495 0.0231873 0.0739649 0.0581429 0.0097616 0.0600626 0.0587069 0.0762656 0.0722274 0.0628721 0.0962180 0.0777186 0.0608793 0.0605476 0.0765388 0.0861265 0.0733900 0.0746915 0.0705770 0.0733450 0.0728776 0.0855067 0.1387159 0.0762119 0.0853831 0.1134589 0.0796874 0.0826251 0.1469723 0.0584634 0.1418072 0.0706088 0.0821114 0.0724744 0.0943866 0.0494027 0.0744673 0.1452254 0.0100221 0.0424083 0.0665856 0.0668619 0.0762231 0.0764373 0.0899667 0.0721914 0.0859951 0.0941697 0.0893137 0.0779694 0.0154905 0.1031660 0.0771708 0.0619883 0.0125181 0.0138630 0.0407588 0.0777619 0.0421376 0.0696735 0.0696605 0.0641838 0.0828803 0.0407385 0.0583556 0.0895979 0.0836235 0.0851001 0.0105962 0.0868975 0.0719920 0.0636828 0.0228869 0.0928255 0.0344003 0.0698753 0.0340543 0.0541933 0.0701847 0.0702625 0.0851639 0.0696377 0.0640821 0.0987912 0.0572943 0.0642694 0.0590348 0.0653860 
S0288         0.2451058 0.0851745 0.1241226 0.1056295 0.0959906 0.0861232 0.0000000 0.0992721 0.0894548 0.0884177 0.1111028 0.0990595 0.0095743 0.0602876 0.0980787 0.0098773 0.1028839 0.0962446 0.1113155 0.0077332 0.0988692 0.0842175 0.0847792 0.1001614 0.0997789 0.0978255 0.0825019 0.0926352 0.1053442 0.0049874 0.0951241 0.0838152 0.1068068 0.0704772 0.0163908 0.1050443 0.0907770 0.0832270 0.1025411 0.0918780 0.1066639 0.0970426 0.0935579 0.0918245 0.0101779 0.1597774 0.0983540 0.0102985 0.1090918 0.0907548 0.0916696 0.0806545 0.0868468 0.0829827 0.0818103 0.0957263 0.0924900 0.0837241 0.0640649 0.1038873 0.0806886 0.0898257 0.1000749 0.0213385 0.0896746 0.0976905 0.0895579 0.0919969 0.1282123 0.0902456 0.1618646 0.1052606 0.0638479 0.0828555 0.0930055 0.0962636 0.1619505 0.0818319 0.1579237 0.0928043 0.1018451 0.0960569 0.0629225 0.0974033 0.0926603 0.1609655 0.0872429 0.0904760 0.0964966 0.0876706 0.1034578 0.1004532 0.0101484 0.0973200 0.1044302 0.0636998 0.0114413 0.0050940 0.0835397 0.0661089 0.1000155 0.0850056 0.0863515 0.0823960 0.0863481 0.1021859 0.0915440 0.0942015 0.0931937 0.0879543 0.0982831 0.0890300 0.0805015 0.1145004 0.0913024 0.1069691 0.0860064 0.0883090 0.0948223 0.0937169 0.0898558 0.1084527 0.0837223 0.0926881 0.0825874 0.0904998 0.0927678 0.0964211 0.1083380 0.0931309 0.0946542 0.1179024 0.0796696 0.0903507 0.0929345 0.0943332 
S0289         0.1985144 0.0765053 0.1034379 0.0430433 0.0836370 0.0776751 0.0992721 0.0000000 0.0706839 0.0774782 0.1048306 0.0506453 0.1011164 0.1092491 0.0324903 0.1019769 0.0521700 0.0776867 0.0766133 0.0995747 0.0928860 0.0772763 0.0763288 0.0386374 0.0846734 0.0340374 0.0654709 0.0853332 0.0627070 0.1012140 0.0439277 0.0692258 0.0867485 0.1069662 0.1139128 0.0523434 0.0831678 0.0783389 0.0509357 0.0469284 0.0687008 0.0794347 0.0820067 0.0770703 0.1017694 0.1420105 0.0843403 0.1059472 0.0862591 0.0814434 0.0737488 0.0648240 0.0778250 0.0658224 0.0654045 0.0766142 0.0769618 0.0396969 0.1058569 0.0633431 0.0424243 0.0683235 0.0375800 0.0939575 0.0751778 0.0753414 0.0717374 0.0755201 0.1234670 0.0960712 0.1412372 0.0886907 0.0964761 0.1249413 0.0758468 0.0757513 0.1451085 0.0664240 0.1398446 0.0549975 0.0823389 0.0788552 0.1044557 0.0869728 0.0762298 0.1431348 0.0785150 0.0852012 0.0751484 0.0286136 0.0626573 0.0618216 0.1023247 0.0503697 0.0460156 0.1015084 0.1017176 0.0913129 0.0758626 0.1103280 0.0793788 0.0666094 0.0809010 0.0727704 0.0735410 0.0810001 0.0782479 0.0510882 0.0732439 0.0678419 0.0360692 0.0858268 0.0640734 0.0440507 0.0940946 0.0691815 0.0790363 0.0975264 0.0745085 0.0699127 0.0804261 0.0536111 0.0757331 0.0507945 0.0750212 0.0749325 0.0760373 0.0758052 0.0674985 0.0720727 0.0723872 0.0986514 0.0596887 0.0715340 0.0838850 0.0697658 
S0292         0.1952388 0.0624761 0.0916364 0.0811052 0.0796934 0.0669652 0.0894548 0.0706839 0.0000000 0.0682793 0.0991336 0.0832238 0.0938274 0.1038385 0.0686762 0.0918974 0.0744433 0.0518424 0.0601700 0.0918804 0.0812895 0.0658651 0.0663291 0.0753004 0.0775822 0.0677231 0.0595476 0.0745201 0.0867744 0.0938616 0.0635017 0.0563757 0.0780526 0.1013220 0.1033229 0.0818090 0.0700166 0.0692570 0.0799287 0.0607093 0.0752450 0.0707217 0.0710923 0.0704062 0.0958416 0.1507832 0.0758104 0.0967372 0.0791573 0.0690256 0.0616156 0.0586291 0.0670931 0.0605325 0.0594771 0.0647946 0.0713563 0.0556874 0.0977232 0.0705885 0.0541146 0.0488940 0.0721433 0.0887481 0.0610265 0.0656390 0.0593490 0.0632484 0.1105685 0.0873751 0.1482272 0.0812877 0.0886773 0.1179242 0.0657034 0.0675867 0.1534627 0.0591577 0.1483698 0.0665906 0.0689545 0.0505626 0.0979279 0.0815344 0.0355517 0.1517244 0.0653156 0.0729408 0.0474731 0.0610383 0.0681927 0.0686977 0.0945211 0.0663930 0.0811736 0.0951628 0.0933003 0.0819150 0.0660906 0.1049721 0.0519951 0.0152735 0.0683628 0.0625330 0.0621022 0.0393643 0.0729931 0.0647674 0.0201983 0.0129922 0.0755999 0.0708696 0.0584963 0.0797715 0.0872940 0.0771022 0.0668183 0.0897224 0.0323340 0.0407519 0.0690204 0.0860170 0.0641922 0.0640900 0.0642056 0.0641418 0.0506401 0.0481451 0.0771899 0.0595983 0.0551684 0.0976124 0.0543338 0.0412879 0.0730907 0.0524154 
S0293         0.2186202 0.0412674 0.0814991 0.0843698 0.0824702 0.0117642 0.0884177 0.0774782 0.0682793 0.0000000 0.0534134 0.0881897 0.0927720 0.1014509 0.0817042 0.0903418 0.0848415 0.0758360 0.0683042 0.0893648 0.0655614 0.0117501 0.0183976 0.0812825 0.0695194 0.0764644 0.0591123 0.0635921 0.0826697 0.0917180 0.0725506 0.0687682 0.0703401 0.1035731 0.0980025 0.0889856 0.0296618 0.0151033 0.0864980 0.0710589 0.0865906 0.0623856 0.0121682 0.0745712 0.0919944 0.1455146 0.0648588 0.0957495 0.0786822 0.0249018 0.0748936 0.0601148 0.0120686 0.0621566 0.0618176 0.0781376 0.0755964 0.0647737 0.0981335 0.0791584 0.0614467 0.0615173 0.0770116 0.0880642 0.0746330 0.0756230 0.0713761 0.0742390 0.0763218 0.0885305 0.1382324 0.0782934 0.0866309 0.1124110 0.0821569 0.0837646 0.1462141 0.0608181 0.1425934 0.0696785 0.0832180 0.0731972 0.0961890 0.0510431 0.0760227 0.1458166 0.0123391 0.0437886 0.0679826 0.0675394 0.0779864 0.0786044 0.0925621 0.0743540 0.0857843 0.0953098 0.0918203 0.0802146 0.0171953 0.1047312 0.0781744 0.0634574 0.0143836 0.0151935 0.0429573 0.0794930 0.0431409 0.0703319 0.0721258 0.0647092 0.0833902 0.0426683 0.0607121 0.0862731 0.0873138 0.0879470 0.0126643 0.0899482 0.0735239 0.0658324 0.0242963 0.0937960 0.0366608 0.0712306 0.0365939 0.0552977 0.0708490 0.0712850 0.0873070 0.0689257 0.0654628 0.1003383 0.0599107 0.0657541 0.0593837 0.0649117 
S0294         0.2502756 0.0702399 0.1332699 0.1129595 0.1096159 0.0527575 0.1111028 0.1048306 0.0991336 0.0534134 0.0000000 0.1120248 0.1160026 0.1277598 0.1104258 0.1139160 0.1096538 0.1037263 0.1051343 0.1124788 0.0971884 0.0507466 0.0518398 0.1078221 0.0990520 0.1029595 0.0898366 0.0931487 0.1236253 0.1180522 0.1015238 0.0992270 0.1050594 0.1248145 0.1275884 0.1118070 0.0592234 0.0513165 0.1138348 0.0981686 0.1133164 0.0886338 0.0574021 0.1040587 0.1143116 0.1731722 0.0942989 0.1195383 0.1091621 0.0561226 0.1069318 0.0912392 0.0521912 0.0923134 0.0923098 0.1091853 0.1043500 0.0902890 0.1233809 0.1041787 0.0893213 0.0903264 0.1048964 0.1133868 0.1068079 0.1058879 0.1044397 0.1050428 0.0766785 0.1197363 0.1675668 0.1021623 0.1150538 0.1398927 0.1112750 0.1149412 0.1744930 0.0909197 0.1696708 0.1039200 0.1150584 0.1030260 0.1239160 0.0779342 0.1058773 0.1711771 0.0520789 0.0759820 0.0963081 0.0958575 0.1038134 0.1040784 0.1162874 0.1024196 0.1122088 0.1215707 0.1126196 0.1042130 0.0513472 0.1305758 0.1071433 0.0911999 0.0546768 0.0485486 0.0740365 0.1097134 0.0711508 0.1011202 0.1013688 0.0945585 0.1074772 0.0722175 0.0907343 0.1179703 0.1185367 0.1133826 0.0535872 0.1198337 0.1027393 0.0958002 0.0558634 0.1175947 0.0679778 0.0988766 0.0674859 0.0857704 0.1017176 0.0986133 0.1116250 0.1024759 0.0953963 0.1274786 0.0918440 0.0953532 0.0890308 0.0966572 
S0299         0.2296291 0.0852980 0.1190991 0.0402252 0.0949560 0.0872009 0.0990595 0.0506453 0.0832238 0.0881897 0.1120248 0.0000000 0.1032638 0.1102272 0.0527128 0.1017360 0.0509095 0.0855920 0.0920816 0.0993486 0.0990660 0.0842578 0.0865444 0.0568712 0.0976041 0.0547993 0.0793823 0.0966970 0.0717587 0.1008848 0.0561490 0.0803014 0.1052875 0.1106225 0.1137109 0.0464372 0.0943482 0.0889311 0.0460527 0.0606339 0.0800895 0.0908975 0.0916771 0.0870738 0.1030439 0.1603670 0.0963246 0.1060729 0.0950480 0.0917475 0.0850290 0.0779757 0.0879503 0.0804389 0.0796243 0.0907731 0.0876799 0.0553152 0.1082617 0.0718910 0.0539484 0.0821162 0.0505712 0.0989085 0.0860405 0.0865292 0.0839569 0.0866010 0.1335905 0.1083865 0.1561463 0.1022170 0.0932059 0.1275619 0.0895257 0.0886126 0.1617887 0.0807255 0.1567653 0.0715521 0.0930449 0.0885663 0.1068457 0.1006200 0.0879045 0.1605997 0.0869081 0.0954502 0.0861482 0.0449853 0.0718888 0.0733723 0.1015023 0.0653602 0.0451699 0.1011113 0.1002914 0.0891990 0.0854645 0.1177991 0.0868974 0.0797973 0.0899014 0.0816068 0.0817583 0.0919969 0.0904605 0.0650856 0.0856508 0.0801447 0.0535642 0.0956029 0.0792607 0.0620184 0.1079720 0.0800967 0.0867095 0.1102446 0.0879693 0.0797671 0.0903593 0.0516594 0.0852845 0.0651749 0.0863493 0.0877253 0.0844311 0.0810639 0.0801355 0.0856669 0.0860583 0.1080761 0.0729086 0.0810456 0.0960822 0.0831283 
S0303         0.2571113 0.0881161 0.1146972 0.1100205 0.0945288 0.0894977 0.0095743 0.1011164 0.0938274 0.0927720 0.1160026 0.1032638 0.0000000 0.0565576 0.0988133 0.0073064 0.1050580 0.0975233 0.1073047 0.0073315 0.0994610 0.0883715 0.0884874 0.1041178 0.1042548 0.1006331 0.0803571 0.0963061 0.1091462 0.0086609 0.0990372 0.0882432 0.1136556 0.0671653 0.0107602 0.1053900 0.0936725 0.0883489 0.1067193 0.0929982 0.1103979 0.0996460 0.0959104 0.0895913 0.0087175 0.1618168 0.1054191 0.0069339 0.1097055 0.0959673 0.0961594 0.0790213 0.0905288 0.0807918 0.0800797 0.1001813 0.0899061 0.0881325 0.0600637 0.1070421 0.0834674 0.0914705 0.1024154 0.0229475 0.0961899 0.0990803 0.0935125 0.0955145 0.1303483 0.0877378 0.1620557 0.1014091 0.0607520 0.0830471 0.0971964 0.1014331 0.1648324 0.0807851 0.1590571 0.0910704 0.1050511 0.0992450 0.0604131 0.0990530 0.0965555 0.1613516 0.0897107 0.0957329 0.0978218 0.0922930 0.1054330 0.1026520 0.0084607 0.0994705 0.1071743 0.0590150 0.0063422 0.0083162 0.0877900 0.0609990 0.1029226 0.0904780 0.0917967 0.0850164 0.0888514 0.1051398 0.0962756 0.0977088 0.0968544 0.0917788 0.0993991 0.0932876 0.0796329 0.1161241 0.0891502 0.1087530 0.0894977 0.0885814 0.0965312 0.0943035 0.0943694 0.1140398 0.0875413 0.0959545 0.0880316 0.0933014 0.0978232 0.0987035 0.1116095 0.0973613 0.0959311 0.1173938 0.0813805 0.0927425 0.0965203 0.0963453 
S0308         0.2655722 0.0979683 0.1269360 0.1176359 0.1015099 0.0996116 0.0602876 0.1092491 0.1038385 0.1014509 0.1277598 0.1102272 0.0565576 0.0000000 0.1100464 0.0545079 0.1122807 0.1100485 0.1120943 0.0522313 0.1032923 0.0973617 0.0953783 0.1076843 0.1130901 0.1091688 0.0900381 0.0991130 0.1198303 0.0545595 0.1065102 0.0949854 0.1149354 0.0709088 0.0590648 0.1151415 0.1027694 0.0982235 0.1133633 0.1003289 0.1193652 0.1072513 0.1052832 0.0977120 0.0533499 0.1756258 0.1154548 0.0579726 0.1149643 0.1042923 0.1026434 0.0895920 0.1006708 0.0910931 0.0907308 0.1064299 0.0991791 0.0937338 0.0656747 0.1160696 0.0912434 0.0960625 0.1095012 0.0510344 0.1037889 0.1065181 0.1016799 0.1022475 0.1361660 0.0941912 0.1734375 0.1156019 0.0686074 0.0842684 0.1035013 0.1066239 0.1761143 0.0907576 0.1711684 0.0962512 0.1109874 0.1069366 0.0642835 0.1080397 0.1078677 0.1758290 0.0994855 0.1039128 0.1067830 0.0990311 0.1152213 0.1118887 0.0570394 0.1070311 0.1131915 0.0649149 0.0567209 0.0551960 0.0957483 0.0693825 0.1130654 0.0999239 0.1020947 0.0936619 0.0974249 0.1131970 0.1030161 0.1064844 0.1063471 0.1009773 0.1065954 0.1002990 0.0902372 0.1181886 0.0949048 0.1201182 0.0996442 0.0941595 0.1085627 0.0978756 0.1020160 0.1189536 0.0921947 0.1048864 0.0944066 0.0999361 0.1081079 0.1062528 0.1194373 0.1056800 0.1000821 0.1320253 0.0896924 0.0985782 0.0973515 0.0969547 
S0320         0.2180358 0.0786181 0.1014726 0.0459385 0.0835135 0.0823086 0.0980787 0.0324903 0.0686762 0.0817042 0.1104258 0.0527128 0.0988133 0.1100464 0.0000000 0.1012505 0.0528816 0.0813167 0.0839889 0.0988222 0.0962355 0.0795316 0.0800879 0.0409823 0.0931838 0.0355618 0.0684593 0.0901416 0.0669699 0.1004067 0.0482052 0.0736337 0.0939589 0.1104512 0.1125368 0.0528990 0.0858070 0.0832031 0.0548082 0.0493988 0.0718964 0.0825718 0.0865545 0.0808941 0.1005879 0.1469166 0.0871213 0.1048318 0.0927973 0.0848207 0.0779257 0.0671783 0.0824682 0.0681457 0.0677221 0.0821154 0.0803537 0.0418282 0.1069923 0.0656898 0.0442900 0.0727888 0.0393118 0.0954803 0.0796507 0.0824461 0.0771808 0.0814126 0.1276559 0.0966131 0.1437165 0.0948059 0.0963964 0.1247757 0.0821675 0.0831895 0.1488654 0.0674568 0.1439762 0.0605757 0.0880805 0.0831450 0.1056571 0.0898387 0.0754213 0.1483060 0.0799220 0.0873500 0.0756427 0.0314582 0.0639962 0.0638360 0.1015304 0.0513218 0.0477013 0.1009830 0.1009319 0.0900522 0.0787644 0.1117403 0.0802830 0.0669458 0.0833653 0.0755872 0.0765970 0.0774432 0.0807892 0.0549306 0.0728927 0.0678903 0.0350087 0.0850080 0.0670459 0.0452190 0.0946375 0.0716126 0.0825681 0.1005493 0.0733670 0.0738608 0.0850898 0.0544729 0.0785678 0.0546017 0.0785687 0.0784809 0.0769281 0.0783664 0.0716834 0.0783670 0.0783138 0.0994283 0.0648700 0.0752535 0.0867276 0.0742364 
S0322         0.2591300 0.0877788 0.1153310 0.1100495 0.0935206 0.0882667 0.0098773 0.1019769 0.0918974 0.0903418 0.1139160 0.1017360 0.0073064 0.0545079 0.1012505 0.0000000 0.1058817 0.0978135 0.1036290 0.0075728 0.0965331 0.0857262 0.0876905 0.1038680 0.1024305 0.1015452 0.0800413 0.0945733 0.1078323 0.0091863 0.0983281 0.0860293 0.1109779 0.0663964 0.0117413 0.1053610 0.0928665 0.0845403 0.1059250 0.0933765 0.1100633 0.0995347 0.0936416 0.0891282 0.0086643 0.1592705 0.1039122 0.0069363 0.1074160 0.0943694 0.0953984 0.0794089 0.0882122 0.0811819 0.0804678 0.0971611 0.0898037 0.0873258 0.0592414 0.1074402 0.0845497 0.0883215 0.0973306 0.0220529 0.0941990 0.0983928 0.0916488 0.0935697 0.1258754 0.0873373 0.1597888 0.1008846 0.0595271 0.0816591 0.0943792 0.0963679 0.1622584 0.0812053 0.1560842 0.0849229 0.1015807 0.0969301 0.0592236 0.0974569 0.0957355 0.1584075 0.0881323 0.0941486 0.0942252 0.0926855 0.1062665 0.1038849 0.0062338 0.1003274 0.1064155 0.0592240 0.0077239 0.0095000 0.0863896 0.0598083 0.1025670 0.0878032 0.0898371 0.0831700 0.0878440 0.1032619 0.0940665 0.0963055 0.0949064 0.0890792 0.0992125 0.0905670 0.0792814 0.1145552 0.0884401 0.1105904 0.0879537 0.0885280 0.0960919 0.0919996 0.0924267 0.1126561 0.0856588 0.0959826 0.0869188 0.0918003 0.0951828 0.0975123 0.1107504 0.0948341 0.0927407 0.1130787 0.0792166 0.0900577 0.0936920 0.0920142 
S0327         0.2125630 0.0781267 0.1085997 0.0507319 0.0915042 0.0816989 0.1028839 0.0521700 0.0744433 0.0848415 0.1096538 0.0509095 0.1050580 0.1122807 0.0528816 0.1058817 0.0000000 0.0799069 0.0790057 0.1029272 0.0933898 0.0806398 0.0833088 0.0484577 0.0893873 0.0485277 0.0707104 0.0896820 0.0607096 0.1049252 0.0438761 0.0729334 0.0946331 0.1116078 0.1162110 0.0409651 0.0864100 0.0840933 0.0473377 0.0495843 0.0717742 0.0808360 0.0872118 0.0804936 0.1064493 0.1525320 0.0884171 0.1092071 0.0927772 0.0855852 0.0766814 0.0693961 0.0822083 0.0713903 0.0702832 0.0832756 0.0796948 0.0439574 0.1083597 0.0638718 0.0447336 0.0710219 0.0414198 0.0992553 0.0768375 0.0826300 0.0765627 0.0786953 0.1307917 0.1020540 0.1497757 0.0953702 0.0957805 0.1261805 0.0834163 0.0847973 0.1548678 0.0713225 0.1497138 0.0595842 0.0867957 0.0814718 0.1054691 0.0939269 0.0779428 0.1530585 0.0818252 0.0898217 0.0790688 0.0393908 0.0641480 0.0626474 0.1056930 0.0542977 0.0470545 0.1049941 0.1052856 0.0923991 0.0818988 0.1174401 0.0805609 0.0687298 0.0836358 0.0762921 0.0758793 0.0826298 0.0818877 0.0541406 0.0767748 0.0712149 0.0536103 0.0887911 0.0695996 0.0547612 0.1012765 0.0707573 0.0808074 0.1048157 0.0796360 0.0718174 0.0855115 0.0532674 0.0769343 0.0557235 0.0797180 0.0782128 0.0782177 0.0787797 0.0713551 0.0770728 0.0755584 0.1044748 0.0636826 0.0741972 0.0870681 0.0745858 
S0335         0.2014441 0.0652577 0.1043062 0.0857447 0.0864353 0.0739189 0.0962446 0.0776867 0.0518424 0.0758360 0.1037263 0.0855920 0.0975233 0.1100485 0.0813167 0.0978135 0.0799069 0.0000000 0.0476211 0.0958890 0.0815705 0.0727522 0.0736340 0.0773725 0.0809541 0.0749250 0.0670417 0.0789640 0.0864880 0.0994620 0.0713980 0.0585844 0.0813349 0.1031585 0.1085013 0.0868999 0.0744157 0.0743522 0.0837145 0.0642032 0.0829903 0.0731154 0.0785728 0.0755280 0.0977711 0.1546031 0.0780736 0.1014158 0.0837679 0.0740752 0.0631477 0.0654032 0.0729782 0.0673614 0.0669403 0.0658356 0.0751429 0.0568585 0.1064573 0.0787542 0.0604960 0.0543716 0.0798986 0.0941035 0.0621808 0.0652727 0.0608773 0.0644754 0.1172457 0.0915343 0.1496995 0.0847108 0.0907365 0.1212907 0.0683664 0.0695592 0.1542483 0.0662737 0.1511365 0.0740122 0.0678071 0.0444012 0.1029283 0.0858201 0.0592877 0.1553779 0.0722132 0.0756780 0.0487690 0.0653278 0.0780120 0.0757212 0.0995609 0.0701767 0.0863384 0.1003428 0.0974144 0.0858721 0.0716331 0.1133315 0.0421377 0.0492916 0.0735888 0.0684088 0.0644933 0.0613841 0.0771326 0.0692926 0.0533303 0.0489020 0.0795040 0.0758475 0.0652581 0.0879202 0.0914434 0.0842199 0.0727933 0.0934131 0.0553026 0.0356048 0.0723371 0.0914838 0.0677310 0.0684463 0.0679780 0.0659079 0.0395127 0.0201325 0.0857781 0.0607607 0.0594847 0.0978139 0.0594787 0.0359265 0.0778035 0.0566933 
S0345         0.2552721 0.0672480 0.1336935 0.0892297 0.0994475 0.0702479 0.1113155 0.0766133 0.0601700 0.0683042 0.1051343 0.0920816 0.1073047 0.1120943 0.0839889 0.1036290 0.0790057 0.0476211 0.0000000 0.1048755 0.0762476 0.0682759 0.0672144 0.0796469 0.0751963 0.0722410 0.0739135 0.0798588 0.0889573 0.1076703 0.0723993 0.0591367 0.0918941 0.1072564 0.1237170 0.0883142 0.0717053 0.0686075 0.0863212 0.0680957 0.0881080 0.0785620 0.0768900 0.0845460 0.1082969 0.1548812 0.0854523 0.1133218 0.0905966 0.0706846 0.0590265 0.0721671 0.0691134 0.0755357 0.0747741 0.0656080 0.0854310 0.0646025 0.1062078 0.0820537 0.0599352 0.0625290 0.0751524 0.0991324 0.0629802 0.0680442 0.0644362 0.0670950 0.1098856 0.1050018 0.1576893 0.0927095 0.1041947 0.1367259 0.0651349 0.0645746 0.1576655 0.0725280 0.1562944 0.0739675 0.0692869 0.0524186 0.1101561 0.0819040 0.0614051 0.1580316 0.0719181 0.0732092 0.0575097 0.0682904 0.0820492 0.0834216 0.1064343 0.0742533 0.0834235 0.1049570 0.1080661 0.0994993 0.0728131 0.1128892 0.0339554 0.0527703 0.0689638 0.0651417 0.0651915 0.0594393 0.0767100 0.0673668 0.0607236 0.0557129 0.0746919 0.0690623 0.0731962 0.0867761 0.1053400 0.0864084 0.0704029 0.1061978 0.0587451 0.0406008 0.0701340 0.0872878 0.0683594 0.0704475 0.0674284 0.0715329 0.0232441 0.0455789 0.0882087 0.0602318 0.0676867 0.1082969 0.0618402 0.0428526 0.0820597 0.0652211 
S0355         0.2570128 0.0857427 0.1142433 0.1073508 0.0929852 0.0867040 0.0077332 0.0995747 0.0918804 0.0893648 0.1124788 0.0993486 0.0073315 0.0522313 0.0988222 0.0075728 0.1029272 0.0958890 0.1048755 0.0000000 0.0972620 0.0841184 0.0863889 0.1001813 0.0998341 0.0994849 0.0799290 0.0900916 0.1079700 0.0064380 0.0955011 0.0848750 0.1083989 0.0632417 0.0123971 0.1040848 0.0908801 0.0853105 0.1033942 0.0893288 0.1074941 0.0960483 0.0923263 0.0890534 0.0067453 0.1575711 0.1006219 0.0085755 0.1028844 0.0923729 0.0938038 0.0785955 0.0873131 0.0803625 0.0796519 0.0981537 0.0889984 0.0828780 0.0569769 0.1041641 0.0811664 0.0894835 0.0982803 0.0197414 0.0935469 0.0973721 0.0908564 0.0919746 0.1260018 0.0853522 0.1580724 0.0971927 0.0580638 0.0791399 0.0958597 0.0985782 0.1601305 0.0803856 0.1544757 0.0854600 0.1038353 0.0956792 0.0566406 0.0939878 0.0960436 0.1581221 0.0872340 0.0914310 0.0953089 0.0895696 0.1033366 0.1002903 0.0090208 0.0962628 0.1053850 0.0568847 0.0085800 0.0058788 0.0840156 0.0578305 0.1017659 0.0880637 0.0889302 0.0810942 0.0853632 0.1028295 0.0923789 0.0949054 0.0948585 0.0897625 0.0978669 0.0889484 0.0792060 0.1089156 0.0868030 0.1070137 0.0866905 0.0865328 0.0951923 0.0912605 0.0907594 0.1112121 0.0829766 0.0923806 0.0842029 0.0913897 0.0962045 0.0956147 0.1082137 0.0947388 0.0938891 0.1144053 0.0780409 0.0897010 0.0917725 0.0936000 
S0376         0.2358453 0.0637444 0.1062079 0.0964993 0.0946454 0.0661165 0.0988692 0.0928860 0.0812895 0.0655614 0.0971884 0.0990660 0.0994610 0.1032923 0.0962355 0.0965331 0.0933898 0.0815705 0.0762476 0.0972620 0.0000000 0.0653010 0.0655449 0.0935878 0.0742677 0.0900941 0.0739302 0.0473167 0.1021289 0.0999779 0.0863624 0.0719542 0.0809904 0.1084877 0.1092089 0.1000113 0.0739615 0.0592250 0.0984017 0.0845338 0.0934562 0.0718089 0.0664563 0.0858854 0.0983178 0.1580005 0.0818846 0.1016231 0.0941792 0.0654584 0.0796519 0.0728847 0.0647724 0.0750146 0.0739232 0.0825163 0.0870071 0.0770338 0.0979926 0.0896177 0.0758566 0.0708382 0.0857088 0.0960241 0.0770859 0.0831921 0.0754710 0.0769872 0.1156545 0.0908615 0.1533988 0.0885361 0.0950126 0.1160218 0.0838230 0.0874336 0.1598296 0.0764367 0.1544116 0.0746067 0.0892005 0.0844840 0.1010751 0.0720381 0.0862417 0.1596865 0.0655217 0.0724659 0.0792532 0.0799805 0.0892778 0.0894914 0.1009898 0.0880185 0.0956186 0.1052711 0.0997202 0.0924624 0.0649320 0.1083951 0.0808194 0.0752762 0.0655582 0.0623166 0.0665225 0.0894935 0.0675345 0.0799519 0.0834004 0.0787069 0.0920949 0.0693144 0.0738205 0.0986370 0.0898567 0.0938325 0.0650019 0.0870815 0.0846565 0.0760233 0.0653049 0.1030919 0.0601290 0.0842796 0.0604567 0.0679178 0.0808316 0.0769265 0.0947864 0.0808791 0.0753183 0.1112811 0.0698225 0.0761500 0.0348224 0.0748587 
S0400         0.2154246 0.0378516 0.0926081 0.0834201 0.0797690 0.0097296 0.0842175 0.0772763 0.0658651 0.0117501 0.0507466 0.0842578 0.0883715 0.0973617 0.0795316 0.0857262 0.0806398 0.0727522 0.0682759 0.0841184 0.0653010 0.0000000 0.0157875 0.0777148 0.0681152 0.0719412 0.0562135 0.0610844 0.0890035 0.0871741 0.0703288 0.0647795 0.0701203 0.1012730 0.0985272 0.0836927 0.0270751 0.0119937 0.0828052 0.0675356 0.0829980 0.0596302 0.0140442 0.0702406 0.0870723 0.1429137 0.0655123 0.0912898 0.0767837 0.0228398 0.0707851 0.0571754 0.0094687 0.0590896 0.0584407 0.0737639 0.0708488 0.0609972 0.0960883 0.0762612 0.0601790 0.0591484 0.0747583 0.0832826 0.0705593 0.0725152 0.0677780 0.0705053 0.0718315 0.0826888 0.1364426 0.0753856 0.0853807 0.1111085 0.0771384 0.0800410 0.1444591 0.0568786 0.1389500 0.0710439 0.0795064 0.0719750 0.0939091 0.0496216 0.0726466 0.1427859 0.0089239 0.0414186 0.0648205 0.0651921 0.0747749 0.0739887 0.0873913 0.0711710 0.0849201 0.0930320 0.0873836 0.0765048 0.0151763 0.1019793 0.0767220 0.0609065 0.0111287 0.0135544 0.0403844 0.0759276 0.0402165 0.0696887 0.0688606 0.0630983 0.0807733 0.0406634 0.0567456 0.0879052 0.0808140 0.0832312 0.0102996 0.0840595 0.0704907 0.0629176 0.0231298 0.0899612 0.0343375 0.0687899 0.0334049 0.0522125 0.0690396 0.0691138 0.0836631 0.0675013 0.0632900 0.0960667 0.0566170 0.0641363 0.0590110 0.0636610 
S0405         0.2102480 0.0394046 0.0950400 0.0843245 0.0797745 0.0166552 0.0847792 0.0763288 0.0663291 0.0183976 0.0518398 0.0865444 0.0884874 0.0953783 0.0800879 0.0876905 0.0833088 0.0736340 0.0672144 0.0863889 0.0655449 0.0157875 0.0000000 0.0804789 0.0692412 0.0739675 0.0572307 0.0606511 0.0930119 0.0887245 0.0728471 0.0657432 0.0692746 0.0982961 0.0999265 0.0859828 0.0265610 0.0114100 0.0854473 0.0708995 0.0829411 0.0585024 0.0198118 0.0712587 0.0890061 0.1473080 0.0637211 0.0921338 0.0796059 0.0229149 0.0721418 0.0581964 0.0161141 0.0601182 0.0594666 0.0734107 0.0719118 0.0644009 0.0937115 0.0761540 0.0616629 0.0587825 0.0743877 0.0844575 0.0709210 0.0724666 0.0690632 0.0721680 0.0693661 0.0838967 0.1409287 0.0749492 0.0840032 0.1120046 0.0761672 0.0797613 0.1488105 0.0588332 0.1440440 0.0696757 0.0785547 0.0725003 0.0918978 0.0482222 0.0734974 0.1458599 0.0161036 0.0427732 0.0641267 0.0676655 0.0747502 0.0752720 0.0889623 0.0738283 0.0849613 0.0912959 0.0875210 0.0782408 0.0149565 0.0998744 0.0755670 0.0620229 0.0192613 0.0133323 0.0416651 0.0764049 0.0409291 0.0708880 0.0676458 0.0629128 0.0813438 0.0408362 0.0577623 0.0893528 0.0827193 0.0842222 0.0172670 0.0849629 0.0697140 0.0648126 0.0232228 0.0902746 0.0338940 0.0702917 0.0341081 0.0533420 0.0702490 0.0689738 0.0825610 0.0685516 0.0622307 0.1000431 0.0560386 0.0657147 0.0595818 0.0633039 
S0407sl       0.2129181 0.0761587 0.1081723 0.0508272 0.0921949 0.0808890 0.1001614 0.0386374 0.0753004 0.0812825 0.1078221 0.0568712 0.1041178 0.1076843 0.0409823 0.1038680 0.0484577 0.0773725 0.0796469 0.1001813 0.0935878 0.0777148 0.0804789 0.0000000 0.0858485 0.0365519 0.0712921 0.0877363 0.0637933 0.1026151 0.0430841 0.0717145 0.0915699 0.1105314 0.1135425 0.0557131 0.0843496 0.0807685 0.0507198 0.0461016 0.0726526 0.0800996 0.0853947 0.0825550 0.1021577 0.1500786 0.0833570 0.1081917 0.0880366 0.0835262 0.0765443 0.0695825 0.0810480 0.0703101 0.0702262 0.0801765 0.0828610 0.0389511 0.1059620 0.0660950 0.0415770 0.0687922 0.0414587 0.0949653 0.0779348 0.0792781 0.0761246 0.0790296 0.1304100 0.1011696 0.1439787 0.0916439 0.0947318 0.1229556 0.0839826 0.0856988 0.1521993 0.0709594 0.1464161 0.0586387 0.0871365 0.0794761 0.1051901 0.0907853 0.0789562 0.1506731 0.0796231 0.0872467 0.0725136 0.0295921 0.0649840 0.0648930 0.1035537 0.0502934 0.0506352 0.1022802 0.1031464 0.0916252 0.0784475 0.1116723 0.0792345 0.0707257 0.0809817 0.0738434 0.0743161 0.0825323 0.0815123 0.0534068 0.0769685 0.0730849 0.0408633 0.0859352 0.0698623 0.0209014 0.0995020 0.0738954 0.0812339 0.1045720 0.0789782 0.0703203 0.0823537 0.0562355 0.0765274 0.0520924 0.0754578 0.0738549 0.0745977 0.0741400 0.0717447 0.0760898 0.0749627 0.1017277 0.0648246 0.0723769 0.0838381 0.0713814 
S0412sl       0.2226005 0.0634303 0.1142233 0.0951115 0.0996177 0.0692471 0.0997789 0.0846734 0.0775822 0.0695194 0.0990520 0.0976041 0.1042548 0.1130901 0.0931838 0.1024305 0.0893873 0.0809541 0.0751963 0.0998341 0.0742677 0.0681152 0.0692412 0.0858485 0.0000000 0.0835905 0.0731287 0.0724334 0.0993181 0.1031385 0.0780561 0.0770529 0.0616244 0.1150592 0.1166900 0.0986827 0.0753414 0.0681028 0.0926683 0.0772509 0.0936901 0.0604806 0.0739619 0.0838906 0.1036421 0.1546744 0.0540907 0.1078388 0.0891651 0.0725437 0.0834612 0.0721248 0.0689930 0.0734870 0.0728108 0.0822491 0.0833381 0.0716915 0.1073576 0.0881476 0.0686972 0.0675077 0.0821251 0.0983486 0.0842853 0.0838894 0.0819164 0.0829719 0.1189285 0.1015780 0.1478511 0.0877296 0.0977101 0.1304313 0.0872403 0.0907314 0.1542260 0.0731428 0.1497072 0.0728896 0.0899476 0.0779046 0.1057524 0.0781412 0.0848296 0.1549267 0.0689146 0.0704487 0.0784771 0.0762404 0.0874175 0.0847701 0.1037658 0.0832430 0.0954024 0.1089589 0.1035069 0.0916947 0.0672000 0.1137193 0.0824738 0.0716165 0.0700030 0.0616858 0.0618928 0.0901666 0.0700454 0.0742742 0.0802584 0.0757907 0.0905999 0.0667415 0.0730043 0.0935586 0.0992629 0.0911857 0.0691057 0.0982081 0.0831247 0.0736877 0.0706826 0.0996889 0.0624375 0.0771545 0.0620522 0.0483497 0.0742932 0.0772147 0.0937748 0.0802411 0.0729698 0.1073143 0.0678674 0.0729003 0.0726422 0.0725184 
S0417         0.2023654 0.0701185 0.0962991 0.0459128 0.0839165 0.0736057 0.0978255 0.0340374 0.0677231 0.0764644 0.1029595 0.0547993 0.1006331 0.1091688 0.0355618 0.1015452 0.0485277 0.0749250 0.0722410 0.0994849 0.0900941 0.0719412 0.0739675 0.0365519 0.0835905 0.0000000 0.0646106 0.0857561 0.0625675 0.1010670 0.0409104 0.0665048 0.0887654 0.1081137 0.1109651 0.0507619 0.0774672 0.0748529 0.0510092 0.0438585 0.0646424 0.0756687 0.0789791 0.0755976 0.1005194 0.1442621 0.0802596 0.1054325 0.0832452 0.0771109 0.0698032 0.0629914 0.0731255 0.0642965 0.0634870 0.0740025 0.0761542 0.0364670 0.1065154 0.0582764 0.0381310 0.0646056 0.0408172 0.0950920 0.0708770 0.0730233 0.0684732 0.0714467 0.1247913 0.0957541 0.1388009 0.0882029 0.0954542 0.1215501 0.0761768 0.0783200 0.1449952 0.0649031 0.1410293 0.0568391 0.0807210 0.0745903 0.1052143 0.0845003 0.0718374 0.1444062 0.0741092 0.0817988 0.0701190 0.0244516 0.0579187 0.0574700 0.1017708 0.0473546 0.0467543 0.1009335 0.1011287 0.0891656 0.0712672 0.1120215 0.0739611 0.0646929 0.0762048 0.0677821 0.0681951 0.0748592 0.0769994 0.0474341 0.0692517 0.0642681 0.0377078 0.0801250 0.0628689 0.0417976 0.0937586 0.0645259 0.0736666 0.0976171 0.0721581 0.0647975 0.0771113 0.0538873 0.0710521 0.0484667 0.0703297 0.0722169 0.0698464 0.0709973 0.0654769 0.0714703 0.0690047 0.0965502 0.0599976 0.0675525 0.0831538 0.0661061 
S0419         0.1856985 0.0543170 0.0341477 0.0782604 0.0506043 0.0571782 0.0825019 0.0654709 0.0595476 0.0591123 0.0898366 0.0793823 0.0803571 0.0900381 0.0684593 0.0800413 0.0707104 0.0670417 0.0739135 0.0799290 0.0739302 0.0562135 0.0572307 0.0712921 0.0731287 0.0646106 0.0000000 0.0653917 0.0776306 0.0818201 0.0595819 0.0554320 0.0750024 0.0918933 0.0916023 0.0770789 0.0635788 0.0584840 0.0747677 0.0591551 0.0775567 0.0652698 0.0624120 0.0333334 0.0808648 0.1346577 0.0699758 0.0851838 0.0736596 0.0583311 0.0612515 0.0067977 0.0580081 0.0067890 0.0067965 0.0671343 0.0337142 0.0537256 0.0857546 0.0718280 0.0531283 0.0524818 0.0644979 0.0746538 0.0637381 0.0666207 0.0603769 0.0626767 0.1026983 0.0574225 0.1295924 0.0720492 0.0819560 0.1044001 0.0693297 0.0710277 0.1361950 0.0083924 0.1310104 0.0594661 0.0703762 0.0676774 0.0861835 0.0706648 0.0662859 0.1356679 0.0563634 0.0645426 0.0623613 0.0573835 0.0704246 0.0709210 0.0827039 0.0657689 0.0752631 0.0811467 0.0807590 0.0757713 0.0560934 0.0917862 0.0730214 0.0565786 0.0601961 0.0536736 0.0533133 0.0713124 0.0616437 0.0641110 0.0640951 0.0565003 0.0726358 0.0620585 0.0057271 0.0782253 0.0563052 0.0776233 0.0574557 0.0592836 0.0643221 0.0610191 0.0580448 0.0820395 0.0547763 0.0623567 0.0557062 0.0587272 0.0675731 0.0620554 0.0790835 0.0627262 0.0572258 0.0918167 0.0374513 0.0613261 0.0677115 0.0561474 
S0427         0.2262306 0.0587616 0.1001371 0.0937457 0.0866736 0.0618399 0.0926352 0.0853332 0.0745201 0.0635921 0.0931487 0.0966970 0.0963061 0.0991130 0.0901416 0.0945733 0.0896820 0.0789640 0.0798588 0.0900916 0.0473167 0.0610844 0.0606511 0.0877363 0.0724334 0.0857561 0.0653917 0.0000000 0.0981746 0.0953827 0.0794208 0.0704316 0.0775627 0.1013790 0.1063793 0.0953248 0.0679194 0.0607582 0.0944932 0.0730331 0.0875759 0.0655108 0.0659505 0.0756825 0.0953635 0.1521163 0.0771459 0.0995113 0.0869434 0.0642475 0.0771904 0.0651226 0.0616407 0.0673964 0.0660653 0.0790328 0.0763188 0.0701607 0.0965583 0.0831895 0.0696617 0.0655803 0.0855247 0.0866242 0.0762160 0.0793913 0.0733897 0.0761948 0.1042937 0.0840751 0.1484668 0.0845745 0.0883697 0.1157205 0.0796217 0.0814382 0.1545296 0.0676986 0.1475066 0.0736214 0.0862390 0.0766861 0.0942912 0.0643594 0.0789594 0.1535402 0.0615828 0.0664092 0.0762338 0.0757484 0.0820991 0.0815884 0.0968028 0.0793711 0.0915754 0.0965592 0.0946348 0.0834178 0.0597774 0.1037664 0.0792514 0.0689991 0.0621508 0.0569215 0.0584791 0.0841983 0.0622165 0.0761513 0.0768839 0.0727326 0.0878304 0.0638293 0.0646638 0.0954331 0.0832591 0.0862556 0.0614353 0.0855675 0.0765725 0.0674442 0.0638767 0.0998255 0.0531640 0.0769119 0.0556427 0.0615648 0.0733341 0.0725663 0.0858195 0.0732178 0.0705895 0.1070143 0.0603680 0.0692059 0.0385820 0.0693826 
S0428sl       0.2317870 0.0884426 0.0972695 0.0688018 0.1028313 0.0920008 0.1053442 0.0627070 0.0867744 0.0826697 0.1236253 0.0717587 0.1091462 0.1198303 0.0669699 0.1078323 0.0607096 0.0864880 0.0889573 0.1079700 0.1021289 0.0890035 0.0930119 0.0637933 0.0993181 0.0625675 0.0776306 0.0981746 0.0000000 0.1105582 0.0571421 0.0838793 0.1022091 0.1179230 0.1194516 0.0701151 0.0965980 0.0913803 0.0672021 0.0586300 0.0796826 0.0924449 0.0919048 0.0881217 0.1093464 0.1549082 0.1018346 0.1129032 0.0998179 0.0937803 0.0855345 0.0754424 0.0908769 0.0784624 0.0775898 0.0936630 0.0901897 0.0517453 0.1149542 0.0754901 0.0536843 0.0809274 0.0468918 0.1051392 0.0867466 0.0943820 0.0847584 0.0887805 0.1431629 0.1087631 0.1496124 0.1014256 0.1026642 0.1341392 0.0973933 0.0983041 0.1575008 0.0775577 0.1509259 0.0650184 0.0983186 0.0877795 0.1135308 0.1061733 0.0917481 0.1561494 0.0918159 0.0990328 0.0864383 0.0530168 0.0755017 0.0734931 0.1095461 0.0664777 0.0681563 0.1114556 0.1093066 0.0989146 0.0933111 0.1222925 0.0907468 0.0822066 0.0911924 0.0857922 0.0855943 0.0963664 0.0948075 0.0620777 0.0869156 0.0829338 0.0679415 0.0992927 0.0754266 0.0663611 0.1077474 0.0804941 0.0929499 0.1096220 0.0908033 0.0788121 0.0927781 0.0738892 0.0879557 0.0667152 0.0907088 0.0869732 0.0877951 0.0833065 0.0787606 0.0870359 0.0861870 0.1173339 0.0720343 0.0813852 0.0959843 0.0811240 
