129
PAFTOL_019361 0.0000000 0.2585793 0.2504547 0.3153994 0.2739995 0.2988345 0.3488259 0.3187075 0.2815859 0.2859751 0.3247274 0.3339223 0.3664186 0.3243967 0.3455584 0.3226624 0.2817635 0.3024551 0.3045749 0.3488994 0.3009010 0.2793327 0.2861196 0.2997497 0.2597552 0.3002801 0.2527758 0.3077254 0.2951397 0.3480939 0.2763315 0.2923504 0.3100111 0.3486056 0.3603359 0.2629062 0.2990286 0.2772005 0.3099735 0.2658351 0.2647530 0.2821544 0.2755537 0.3326412 0.3104183 0.3006112 0.3697080 0.2904125 0.2903836 0.2873693 0.2559293 0.2888933 0.2513786 0.2629608 0.2899989 0.2774256 0.2678775 0.3465433 0.2471050 0.2718332 0.2786404 0.3221956 0.3046045 0.2883231 0.2949767 0.3053659 0.3527354 0.3111233 0.3083660 0.2865914 0.3100060 0.3590688 0.3178616 0.3226332 0.3093946 0.2506987 0.2901768 0.2345159 0.2797479 0.2912699 0.3053627 0.2812061 0.3195602 0.3119361 0.2806858 0.2997355 0.2745821 0.2877198 0.3414293 0.2668943 0.3097150 0.2901774 0.3292916 0.3454709 0.2879643 0.3211270 0.2861505 0.2825600 0.2812255 0.2712043 0.2836980 0.3068616 0.2805464 0.2846750 0.2907827 0.2987909 0.3138591 0.2888041 0.2613735 0.2958175 0.3060753 0.2774241 0.3236809 0.2794797 0.2847188 0.3108177 0.2743856 0.2772678 0.2862495 0.2654960 0.2945943 0.3002745 0.2793851 0.2718257 0.3171260 0.2649881 0.2773004 0.3033911 0.2700849 
S0055         0.2585793 0.0000000 0.0744356 0.1204969 0.1064750 0.0784375 0.1769381 0.1233580 0.0929540 0.0717183 0.1090578 0.1445583 0.1844632 0.1527426 0.1315803 0.1643235 0.0985493 0.1033033 0.1068127 0.1699840 0.0858959 0.0682289 0.0716069 0.1134766 0.0669260 0.1046519 0.0740973 0.1045859 0.1035512 0.1700361 0.0980013 0.0939742 0.0939214 0.1848727 0.1645190 0.0871794 0.0796794 0.0646563 0.1320110 0.0968544 0.0661966 0.0736514 0.0957856 0.1570280 0.1965587 0.0864053 0.1903631 0.1069426 0.0738485 0.0984007 0.0750603 0.0701372 0.0725202 0.0799390 0.1167330 0.1054231 0.0917205 0.1751802 0.0856526 0.0780347 0.0934995 0.1485216 0.1028765 0.0945459 0.0951431 0.1100655 0.0720529 0.1284122 0.1917236 0.1088762 0.1610981 0.1905435 0.1147344 0.1130267 0.1897945 0.0795199 0.1745554 0.0581361 0.0865887 0.1001140 0.1651788 0.0872786 0.1310858 0.1900851 0.0672190 0.0765684 0.0786646 0.0971253 0.1678124 0.0979506 0.1231170 0.1337740 0.1746769 0.1669282 0.0727981 0.1700710 0.0948564 0.0886051 0.0711610 0.0608964 0.0451307 0.1152743 0.0713105 0.1035722 0.0951770 0.1020394 0.1200300 0.0663964 0.0781345 0.1082676 0.1272782 0.0683859 0.1136387 0.0972315 0.0695808 0.1301384 0.0684217 0.0980376 0.0697843 0.0790719 0.0957901 0.1010932 0.0827438 0.0800563 0.1764641 0.0779865 0.0954093 0.0918334 0.0795800 
S0196sl       0.2504547 0.0744356 0.0000000 0.0894233 0.0775803 0.0900057 0.1474321 0.0937105 0.0762456 0.0812999 0.1159647 0.1100064 0.1568097 0.1427692 0.1110724 0.1395201 0.0783770 0.1011815 0.0876799 0.1430533 0.0793492 0.0790149 0.0813364 0.0771887 0.0597369 0.0788027 0.0103380 0.1029053 0.0723462 0.1441156 0.0723114 0.0820697 0.0888896 0.1771817 0.1373350 0.0523774 0.0860203 0.0797891 0.1110723 0.0622940 0.0620950 0.0831233 0.0493188 0.1311342 0.1969073 0.0863859 0.1553823 0.0930458 0.0825567 0.0776590 0.0122213 0.0787621 0.0074448 0.0132377 0.1016227 0.0556479 0.0642047 0.1429544 0.0574397 0.0497094 0.0679493 0.1346962 0.0861923 0.0846033 0.0748257 0.0885194 0.1005134 0.0945432 0.1962738 0.0808144 0.1318341 0.1678070 0.1060061 0.1055373 0.2024740 0.0122185 0.1781582 0.0549255 0.0735837 0.0831316 0.1354311 0.1073847 0.1255370 0.1993070 0.0780657 0.0956935 0.0685120 0.0645524 0.1412067 0.0669613 0.0910982 0.1195720 0.1472906 0.1381151 0.0851047 0.1462560 0.0886887 0.0762747 0.0821306 0.0703927 0.0939429 0.1093720 0.0844155 0.0798071 0.0843424 0.0945432 0.0942879 0.0881860 0.0131304 0.0751125 0.0931949 0.0792265 0.1154773 0.0795027 0.0816785 0.1076717 0.0731693 0.0735470 0.0829922 0.0668555 0.0918940 0.0993504 0.0676579 0.0495785 0.1647909 0.0515905 0.0785535 0.0831713 0.0532095 
S0278         0.3153994 0.1204969 0.0894233 0.0000000 0.1462763 0.1449653 0.1906620 0.0690352 0.1282721 0.1393704 0.1750041 0.0745760 0.2032409 0.1915087 0.0856725 0.1882497 0.0664773 0.1354329 0.1303004 0.1946479 0.1258857 0.1337015 0.1377276 0.0564042 0.1010812 0.0586369 0.0985272 0.1493992 0.0650644 0.1941031 0.0738490 0.1245134 0.1197006 0.2163600 0.1760608 0.0335146 0.1386675 0.1277109 0.0854061 0.0786242 0.1003420 0.1334272 0.1258326 0.1847735 0.2331033 0.1205038 0.2065471 0.1320707 0.1350438 0.1224646 0.1018316 0.1370597 0.0990235 0.1050024 0.1448158 0.1405065 0.0840419 0.2043491 0.0818138 0.0940043 0.0456947 0.1860715 0.1344226 0.1286087 0.1189149 0.1325661 0.1380415 0.1663061 0.2242089 0.1252062 0.1906778 0.2150667 0.1530787 0.1515154 0.2382403 0.1030427 0.2177964 0.0675245 0.1130766 0.1272406 0.1969731 0.1499381 0.1659218 0.2400107 0.1297214 0.1417261 0.1136174 0.0465084 0.1887747 0.0878494 0.0582683 0.1633269 0.1970843 0.1856904 0.1352225 0.2111353 0.1248083 0.1247586 0.1354531 0.1176773 0.1440182 0.1627165 0.1353360 0.0818908 0.1328725 0.1465513 0.0600211 0.1305045 0.1051057 0.0497053 0.1677897 0.1340741 0.1577480 0.1192519 0.1362349 0.0826778 0.1267969 0.0938917 0.1377326 0.1121900 0.1230769 0.1304769 0.1130698 0.0921276 0.1980966 0.1067439 0.1183126 0.1314073 0.0929237 
S0281         0.2739995 0.1064750 0.0775803 0.1462763 0.0000000 0.1140550 0.1665049 0.1536691 0.1362244 0.1109652 0.1506099 0.1645064 0.1791630 0.1575909 0.1711882 0.1559138 0.1285259 0.1498359 0.1320426 0.1620792 0.1190674 0.1059661 0.1082175 0.1435864 0.1108661 0.1400422 0.0784806 0.1187110 0.1281663 0.1581135 0.1305326 0.1350937 0.1388299 0.1710649 0.1561750 0.1079513 0.1187095 0.1080137 0.1634267 0.1167206 0.1075797 0.1165830 0.0889638 0.1466505 0.2132889 0.1351228 0.1758616 0.1278772 0.1217138 0.1206526 0.0806616 0.1117980 0.0779981 0.0844404 0.1427086 0.0997742 0.1121856 0.1540537 0.1142093 0.0990811 0.1234577 0.1466913 0.1262789 0.1249683 0.1311117 0.1414238 0.1406198 0.0885895 0.2093373 0.1377753 0.1420113 0.1703871 0.1501865 0.1436323 0.2145576 0.0815732 0.1979979 0.0759536 0.1227651 0.1402030 0.1458552 0.1126502 0.1717420 0.2150051 0.1070648 0.1128937 0.1282801 0.1216726 0.1589616 0.1155163 0.1512562 0.1166626 0.1634519 0.1551584 0.1133310 0.1470584 0.1327455 0.1372559 0.1064526 0.1017684 0.1147594 0.1560210 0.1025470 0.1340910 0.1394785 0.1582746 0.1528651 0.1112770 0.0802699 0.1375773 0.0825751 0.1072288 0.1657112 0.1369516 0.1126589 0.1632355 0.1032579 0.1197425 0.1167229 0.1148178 0.1310208 0.1456922 0.1248958 0.1013877 0.1851838 0.0983008 0.1355756 0.1220766 0.1003947 
S0282         0.2988345 0.0784375 0.0900057 0.1449653 0.1140550 0.0000000 0.1892423 0.1497466 0.1227382 0.0258504 0.1022317 0.1540072 0.1846047 0.1652744 0.1644069 0.1686231 0.1227855 0.1442374 0.1409810 0.1750266 0.0983485 0.0247804 0.0297153 0.1376221 0.0934228 0.1345704 0.0905437 0.1190768 0.1201132 0.1729329 0.1153118 0.1225254 0.1198958 0.1992182 0.1699335 0.1043567 0.0768669 0.0276045 0.1577567 0.1125924 0.0884934 0.0282722 0.1148102 0.1627562 0.2221511 0.1062872 0.1863192 0.1308626 0.0378854 0.1155773 0.0937916 0.0237167 0.0887870 0.0939429 0.1206388 0.1261121 0.1183866 0.1780568 0.1094919 0.1062543 0.1212295 0.1649228 0.1189725 0.1136467 0.1165933 0.1233210 0.0841534 0.1491162 0.2263187 0.1333309 0.1688857 0.2001929 0.1403467 0.1400920 0.2108937 0.0962084 0.2010794 0.0788190 0.1062737 0.1304966 0.1743271 0.0982403 0.1635698 0.2177937 0.0208955 0.0788044 0.1054598 0.1198810 0.1707443 0.1206268 0.1521016 0.1467542 0.1828401 0.1712893 0.0307648 0.1827827 0.1291681 0.1194130 0.0276079 0.0283038 0.0903599 0.1566870 0.0843123 0.1363792 0.1256935 0.1356700 0.1476447 0.0664738 0.0970145 0.1346313 0.1491847 0.0248307 0.1503190 0.1188893 0.0308310 0.1626728 0.0743680 0.1208186 0.0765118 0.0962681 0.1316782 0.1372855 0.1102829 0.1059573 0.2023719 0.1080549 0.1225781 0.1131481 0.1080913 
S0288         0.3488259 0.1769381 0.1474321 0.1906620 0.1665049 0.1892423 0.0000000 0.1973517 0.2065047 0.1762472 0.2201269 0.2289479 0.0283370 0.1096820 0.2370709 0.0287929 0.1787111 0.2174143 0.2089708 0.0223130 0.1674034 0.1712242 0.1760543 0.1767054 0.1650368 0.1794337 0.1515753 0.1841251 0.1730455 0.0174678 0.1660579 0.1898300 0.1859642 0.1923086 0.0372626 0.1602460 0.1768541 0.1681511 0.2178510 0.1593620 0.1613738 0.1772969 0.1644743 0.0189404 0.2759165 0.1832694 0.0385620 0.1943889 0.1780107 0.1812066 0.1576127 0.1844812 0.1555760 0.1596612 0.1999148 0.1661368 0.1657712 0.1497351 0.1557518 0.1499546 0.1688331 0.0970122 0.1887205 0.1932008 0.1850645 0.1758767 0.1642440 0.1802208 0.2729448 0.1979185 0.1319844 0.1643224 0.2027620 0.2071479 0.2695552 0.1633065 0.2618479 0.1565298 0.1828943 0.1916757 0.1356093 0.1862634 0.2444017 0.2822062 0.1807162 0.1732239 0.1858097 0.1674969 0.0247833 0.1724588 0.2097428 0.1359237 0.0259159 0.0138908 0.1810358 0.1555056 0.1835302 0.1928951 0.1843394 0.1731340 0.1857748 0.2392912 0.1688012 0.1780709 0.2053867 0.2188733 0.2040931 0.1665380 0.1623037 0.1750104 0.1743876 0.1710512 0.2270617 0.1982461 0.1767903 0.1980156 0.1685807 0.1703833 0.1812092 0.1729943 0.1989037 0.2110633 0.1701207 0.1508434 0.2402343 0.1393036 0.2011717 0.1910050 0.1653185 
S0289         0.3187075 0.1233580 0.0937105 0.0690352 0.1536691 0.1497466 0.1973517 0.0000000 0.1344493 0.1410785 0.1731390 0.0716858 0.2117784 0.1797269 0.0775087 0.2002950 0.0675439 0.1396544 0.1384904 0.2031234 0.1303963 0.1358446 0.1417607 0.0570243 0.1092002 0.0604610 0.1039768 0.1553883 0.0609525 0.2041527 0.0766687 0.1328712 0.1311553 0.2183957 0.1911556 0.0430242 0.1454680 0.1376649 0.0851120 0.0836321 0.1131176 0.1364355 0.1257402 0.1915001 0.2365055 0.1306354 0.2167730 0.1436698 0.1408931 0.1337048 0.1085457 0.1417744 0.1032017 0.1092376 0.1518819 0.1411980 0.0898461 0.2025385 0.0880563 0.0994596 0.0518877 0.1798815 0.1429315 0.1359407 0.1258566 0.1424082 0.1357860 0.1730968 0.2328389 0.1335956 0.1920435 0.2260334 0.1600861 0.1626742 0.2408291 0.1072470 0.2208561 0.0837354 0.1238364 0.1442461 0.1958454 0.1586187 0.1718929 0.2425428 0.1371730 0.1428080 0.1191829 0.0505632 0.1971913 0.0941018 0.0633315 0.1573232 0.2078163 0.1940413 0.1453430 0.1993615 0.1328003 0.1337405 0.1429200 0.1245769 0.1414467 0.1635593 0.1430687 0.0808986 0.1378497 0.1528962 0.0749378 0.1384860 0.1093002 0.0526780 0.1745923 0.1351248 0.1496291 0.1311786 0.1428719 0.0782063 0.1362593 0.0985913 0.1423238 0.1204622 0.1350239 0.1452326 0.1235825 0.0999382 0.2149574 0.1108900 0.1349074 0.1372981 0.0987008 
S0292         0.2815859 0.0929540 0.0762456 0.1282721 0.1362244 0.1227382 0.2065047 0.1344493 0.0000000 0.1193175 0.1578650 0.1474883 0.2092575 0.1827943 0.1441569 0.1935535 0.1121485 0.0829950 0.0915112 0.1914740 0.1161780 0.1110524 0.1175973 0.1195986 0.0946218 0.1087425 0.0793708 0.1391658 0.1184122 0.1913911 0.1138509 0.0997542 0.1203740 0.2100089 0.1944024 0.0918330 0.1208306 0.1133907 0.1450483 0.1100113 0.0908152 0.1199211 0.1180712 0.1841194 0.2319151 0.1128296 0.2074549 0.1225641 0.1226041 0.0936941 0.0848440 0.1147804 0.0799529 0.0853623 0.1102496 0.1284902 0.1090710 0.2000718 0.1037779 0.0755215 0.1027742 0.1820230 0.1015568 0.0909870 0.0950097 0.1059907 0.1340957 0.1505716 0.2369878 0.1165149 0.1891941 0.2307507 0.1182387 0.1178562 0.2315576 0.0848233 0.2149974 0.0914430 0.0859036 0.0847240 0.1949217 0.1340732 0.0739561 0.2346669 0.1128081 0.1291941 0.0742672 0.1004244 0.1916279 0.1080543 0.1318997 0.1555012 0.2000405 0.1901939 0.1173838 0.1948486 0.0806238 0.0119477 0.1170056 0.1036948 0.1202553 0.0724166 0.1135837 0.1158801 0.0205762 0.0279712 0.1327651 0.1161457 0.0856365 0.1156021 0.1527259 0.1142649 0.0686014 0.0774882 0.1163714 0.1376587 0.1115294 0.1139906 0.1154028 0.0949742 0.0835166 0.0812330 0.0948475 0.0813539 0.1969588 0.0947247 0.0788517 0.1179960 0.0768182 
S0293         0.2859751 0.0717183 0.0812999 0.1393704 0.1109652 0.0258504 0.1762472 0.1410785 0.1193175 0.0000000 0.0924134 0.1499053 0.1813669 0.1513990 0.1600398 0.1683829 0.1150767 0.1323411 0.1356829 0.1725057 0.0909226 0.0179425 0.0227940 0.1309540 0.0855579 0.1266521 0.0808256 0.1088321 0.1111911 0.1697699 0.1077759 0.1137417 0.1147885 0.1896893 0.1709196 0.1003587 0.0677762 0.0207499 0.1532285 0.1051783 0.0848001 0.0189608 0.1069380 0.1602515 0.2147461 0.0976392 0.1817583 0.1170981 0.0297908 0.1068610 0.0840234 0.0169191 0.0780253 0.0816454 0.1130275 0.1180365 0.1106338 0.1673676 0.0988215 0.0963348 0.1171574 0.1507642 0.1102264 0.1010545 0.1092374 0.1144728 0.0871261 0.1390152 0.2184687 0.1252882 0.1599206 0.1911598 0.1335978 0.1349360 0.2035659 0.0863788 0.1976689 0.0645445 0.0977960 0.1176106 0.1670037 0.0909692 0.1551439 0.2100307 0.0150606 0.0707877 0.0971828 0.1146547 0.1663320 0.1140809 0.1423108 0.1405372 0.1764489 0.1653464 0.0238138 0.1678561 0.1161323 0.1131218 0.0207518 0.0212707 0.0809741 0.1471406 0.0715156 0.1295778 0.1235513 0.1280596 0.1439685 0.0597944 0.0872018 0.1292289 0.1390832 0.0160529 0.1385806 0.1063327 0.0238649 0.1566071 0.0677532 0.1127695 0.0676910 0.0913545 0.1224487 0.1323597 0.1016249 0.0960669 0.1980725 0.0994239 0.1111393 0.1003319 0.0980859 
S0294         0.3247274 0.1090578 0.1159647 0.1750041 0.1506099 0.1022317 0.2201269 0.1731390 0.1578650 0.0924134 0.0000000 0.1810161 0.2194286 0.1875622 0.1851268 0.2050346 0.1480435 0.1625180 0.1565933 0.2172902 0.1211665 0.0911567 0.0947437 0.1496180 0.1085395 0.1585082 0.1215723 0.1384709 0.1396053 0.2195865 0.1359466 0.1415690 0.1426904 0.2207272 0.2056983 0.1225887 0.1044544 0.0893501 0.1875470 0.1326172 0.1239013 0.0965666 0.1308251 0.2035410 0.2443457 0.1269678 0.2297883 0.1523145 0.0944158 0.1453600 0.1187042 0.0944181 0.1170514 0.1215751 0.1614115 0.1442929 0.1369642 0.2095992 0.1211352 0.1338426 0.1440681 0.1893405 0.1468370 0.1396445 0.1387556 0.1531006 0.0520513 0.1537329 0.2420717 0.1572568 0.2046837 0.2551062 0.1641218 0.1611906 0.2425534 0.1226409 0.2311586 0.1037294 0.1353983 0.1538201 0.2054035 0.1287559 0.1952993 0.2393110 0.0914527 0.1011120 0.1426890 0.1417246 0.2158218 0.1407990 0.1713139 0.1775085 0.2194044 0.2152961 0.0986161 0.2028646 0.1513737 0.1528304 0.0908496 0.0865589 0.1213651 0.1868964 0.1151748 0.1415365 0.1513618 0.1669414 0.1672102 0.0901019 0.1258660 0.1485525 0.1583343 0.0938308 0.1744951 0.1419491 0.0861189 0.1936877 0.0953756 0.1433609 0.0987309 0.1224482 0.1562521 0.1635227 0.1348927 0.1304243 0.2147089 0.1234032 0.1448346 0.1409217 0.1359276 
S0299         0.3339223 0.1445583 0.1100064 0.0745760 0.1645064 0.1540072 0.2289479 0.0716858 0.1474883 0.1499053 0.1810161 0.0000000 0.2208496 0.2009544 0.0851396 0.2097506 0.0792729 0.1575804 0.1493040 0.2102991 0.1456565 0.1466746 0.1521331 0.0670031 0.1322649 0.0664965 0.1179521 0.1709043 0.0752307 0.2143932 0.0861423 0.1495149 0.1363043 0.2391520 0.2056025 0.0472594 0.1501988 0.1444910 0.0923898 0.0931056 0.1255884 0.1455257 0.1419494 0.1996852 0.2451454 0.1472458 0.2249131 0.1623692 0.1554257 0.1492149 0.1240387 0.1501109 0.1183462 0.1162435 0.1626497 0.1622307 0.0985664 0.2204951 0.0974973 0.1164355 0.0653196 0.1930776 0.1561417 0.1528881 0.1434491 0.1569713 0.1514662 0.1977844 0.2394409 0.1543646 0.2119822 0.2338614 0.1771420 0.1771641 0.2477187 0.1226655 0.2281756 0.0810412 0.1378690 0.1561359 0.2147025 0.1692313 0.1941262 0.2476653 0.1453989 0.1666977 0.1374551 0.0594896 0.2088596 0.1038700 0.0786678 0.1784529 0.2214940 0.2064481 0.1524373 0.2155924 0.1435523 0.1423914 0.1512820 0.1340869 0.1612446 0.1839893 0.1548376 0.1013500 0.1497494 0.1614184 0.0716933 0.1532763 0.1221211 0.0638072 0.1993649 0.1453907 0.1742271 0.1469941 0.1512949 0.0936223 0.1478376 0.1062975 0.1531892 0.1279725 0.1453216 0.1608087 0.1368933 0.1170189 0.2318442 0.1300975 0.1533014 0.1538746 0.1157421 
S0303         0.3664186 0.1844632 0.1568097 0.2032409 0.1791630 0.1846047 0.0283370 0.2117784 0.2092575 0.1813669 0.2194286 0.2208496 0.0000000 0.1228437 0.2403124 0.0287690 0.1925927 0.2235169 0.2093637 0.0297579 0.1783038 0.1721578 0.1789763 0.1935160 0.1773839 0.1947755 0.1605452 0.1937237 0.1875682 0.0217780 0.1779865 0.2010766 0.1898543 0.1961890 0.0345526 0.1614083 0.1830818 0.1728446 0.2301971 0.1660612 0.1747000 0.1773336 0.1773901 0.0261082 0.2797137 0.1879556 0.0368882 0.2039842 0.1848789 0.1951459 0.1685712 0.1813719 0.1668043 0.1688092 0.1981266 0.1810472 0.1745377 0.1633820 0.1613298 0.1608305 0.1819409 0.1131358 0.1989762 0.1945183 0.1942185 0.1971106 0.2080634 0.1996497 0.2791290 0.2041971 0.1478921 0.1801427 0.2199290 0.2198339 0.2746420 0.1718299 0.2584598 0.1406587 0.1826082 0.2008551 0.1520745 0.1998785 0.2462050 0.2828835 0.1783245 0.1785342 0.1930340 0.1832578 0.0267237 0.1790416 0.2188961 0.1503006 0.0335085 0.0256541 0.1859991 0.1719873 0.1885358 0.1972078 0.1827150 0.1783762 0.1986971 0.2426210 0.1709186 0.1817659 0.2086106 0.2197567 0.2054944 0.1717000 0.1709623 0.1881933 0.1942921 0.1720323 0.2260699 0.1984376 0.1827098 0.2047607 0.1819295 0.1734063 0.1853676 0.1881743 0.1988207 0.2161428 0.1819499 0.1636813 0.2433039 0.1508387 0.2087193 0.1966361 0.1749410 
S0308         0.3243967 0.1527426 0.1427692 0.1915087 0.1575909 0.1652744 0.1096820 0.1797269 0.1827943 0.1513990 0.1875622 0.2009544 0.1228437 0.0000000 0.2095337 0.1078311 0.1688419 0.1893205 0.1878490 0.1152322 0.1685706 0.1509349 0.1571748 0.1772583 0.1569790 0.1674115 0.1396820 0.1808608 0.1636545 0.1172073 0.1631673 0.1764057 0.1842882 0.1605307 0.1245265 0.1421647 0.1678977 0.1490278 0.2058231 0.1560862 0.1543211 0.1575467 0.1536159 0.1117247 0.2575665 0.1728962 0.1314929 0.1797083 0.1654373 0.1680445 0.1463586 0.1598717 0.1428614 0.1416217 0.1881696 0.1613341 0.1593003 0.1375926 0.1487264 0.1415854 0.1576836 0.0977400 0.1758788 0.1766968 0.1705767 0.1772658 0.1553656 0.1679042 0.2528093 0.1748308 0.1217240 0.1485768 0.1844570 0.1899255 0.2531964 0.1461976 0.2410530 0.1302902 0.1659235 0.1844559 0.1304831 0.1765559 0.2240667 0.2603219 0.1568191 0.1511414 0.1755832 0.1593584 0.1141218 0.1628561 0.1950722 0.1167081 0.1222047 0.1163975 0.1635426 0.1318221 0.1760412 0.1767759 0.1610398 0.1537198 0.1589990 0.2107913 0.1520949 0.1704220 0.1834688 0.1928215 0.1935779 0.1487722 0.1468343 0.1712137 0.1615329 0.1483626 0.2030492 0.1741285 0.1625773 0.1923772 0.1586494 0.1629497 0.1797573 0.1656850 0.1792935 0.1873516 0.1659178 0.1441914 0.2391569 0.1442298 0.1769121 0.1878911 0.1514105 
S0320         0.3455584 0.1315803 0.1110724 0.0856725 0.1711882 0.1644069 0.2370709 0.0775087 0.1441569 0.1600398 0.1851268 0.0851396 0.2403124 0.2095337 0.0000000 0.2273079 0.0841125 0.1505944 0.1493314 0.2292687 0.1465804 0.1519537 0.1623952 0.0691556 0.1272037 0.0672378 0.1205465 0.1638715 0.0721762 0.2348823 0.0925731 0.1434844 0.1375765 0.2335256 0.2229634 0.0506991 0.1599049 0.1533290 0.0976017 0.0969604 0.1221645 0.1484443 0.1429371 0.2187885 0.2513267 0.1516436 0.2450157 0.1619130 0.1582840 0.1419366 0.1228363 0.1588889 0.1182975 0.1274992 0.1731011 0.1591479 0.1030409 0.2312808 0.0982725 0.1149601 0.0650731 0.2159163 0.1501034 0.1447355 0.1333057 0.1509510 0.1608458 0.1996291 0.2553669 0.1477137 0.2151367 0.2249710 0.1646877 0.1644721 0.2588434 0.1252796 0.2388810 0.0734017 0.1294910 0.1458456 0.2198289 0.1724521 0.1841161 0.2619180 0.1497780 0.1674619 0.1329580 0.0549099 0.2273650 0.1055662 0.0798230 0.1820995 0.2376086 0.2235160 0.1591852 0.2247279 0.1398818 0.1407634 0.1571510 0.1399292 0.1509118 0.1772937 0.1525423 0.0975845 0.1446369 0.1591996 0.0783664 0.1555562 0.1273860 0.0668952 0.2012163 0.1545803 0.1703307 0.1407489 0.1574289 0.0958459 0.1505228 0.1103299 0.1589696 0.1323501 0.1464820 0.1511242 0.1431332 0.1180126 0.2292824 0.1321553 0.1459429 0.1517680 0.1155883 
S0322         0.3226624 0.1643235 0.1395201 0.1882497 0.1559138 0.1686231 0.0287929 0.2002950 0.1935535 0.1683829 0.2050346 0.2097506 0.0287690 0.1078311 0.2273079 0.0000000 0.1776901 0.2072071 0.1918790 0.0202748 0.1637203 0.1588024 0.1642934 0.1743185 0.1627510 0.1781620 0.1403794 0.1802635 0.1722609 0.0203236 0.1661194 0.1916511 0.1792361 0.1761948 0.0296584 0.1463191 0.1689335 0.1567073 0.2151328 0.1470221 0.1557139 0.1643377 0.1546409 0.0142315 0.2609184 0.1650505 0.0330186 0.1914654 0.1710453 0.1841022 0.1519534 0.1684774 0.1454388 0.1488725 0.1889993 0.1563435 0.1550004 0.1454030 0.1451575 0.1455062 0.1680706 0.0944652 0.1907585 0.1861614 0.1849207 0.1874115 0.1707591 0.1721182 0.2620601 0.1885876 0.1296563 0.1546026 0.2074571 0.2071525 0.2572986 0.1519500 0.2448212 0.1210183 0.1772388 0.1882750 0.1343436 0.1861024 0.2393207 0.2678350 0.1652131 0.1601628 0.1785405 0.1663505 0.0212998 0.1610000 0.2063790 0.1333682 0.0317817 0.0224241 0.1703801 0.1572046 0.1737719 0.1887792 0.1683716 0.1614017 0.1766433 0.2291980 0.1577987 0.1758370 0.1959983 0.2125150 0.1886464 0.1503909 0.1511542 0.1712491 0.1666059 0.1586752 0.2214847 0.1910287 0.1654820 0.1929272 0.1549797 0.1581867 0.1686881 0.1643098 0.1887631 0.1992119 0.1730313 0.1479964 0.2252674 0.1329612 0.2000210 0.1812983 0.1588358 
S0327         0.2817635 0.0985493 0.0783770 0.0664773 0.1285259 0.1227855 0.1787111 0.0675439 0.1121485 0.1150767 0.1480435 0.0792729 0.1925927 0.1688419 0.0841125 0.1776901 0.0000000 0.1258514 0.1160305 0.1814282 0.1126212 0.1097911 0.1160364 0.0548682 0.0915850 0.0582083 0.0803441 0.1287932 0.0437833 0.1808480 0.0537678 0.1113558 0.1083693 0.2070350 0.1658254 0.0352755 0.1192820 0.1092089 0.0659036 0.0691498 0.0880487 0.1137625 0.1120110 0.1718137 0.2065471 0.1113021 0.1942765 0.1261323 0.1173598 0.1069426 0.0873809 0.1130381 0.0823842 0.0867109 0.1253508 0.1190261 0.0720637 0.1879325 0.0709791 0.0825087 0.0409644 0.1673788 0.1118371 0.1115631 0.1034113 0.1152431 0.1233080 0.1554444 0.2090570 0.1078407 0.1776355 0.2060789 0.1348067 0.1345187 0.2142531 0.0861551 0.1994233 0.0466989 0.1018164 0.1235417 0.1774812 0.1278342 0.1517140 0.2190808 0.1087717 0.1194282 0.0956552 0.0419905 0.1758216 0.0756708 0.0704414 0.1540461 0.1801045 0.1741070 0.1162483 0.1881524 0.1098883 0.1101192 0.1126032 0.0990558 0.1124025 0.1474181 0.1147274 0.0691858 0.1150404 0.1272437 0.0687293 0.1076250 0.0881791 0.0536616 0.1568861 0.1100799 0.1410330 0.1062414 0.1138972 0.0701185 0.1096224 0.0791150 0.1175749 0.0941853 0.1074686 0.1251078 0.0948184 0.0828984 0.1974128 0.0845670 0.1107491 0.1152016 0.0841110 
S0335         0.3024551 0.1033033 0.1011815 0.1354329 0.1498359 0.1442374 0.2174143 0.1396544 0.0829950 0.1323411 0.1625180 0.1575804 0.2235169 0.1893205 0.1505944 0.2072071 0.1258514 0.0000000 0.0851312 0.2062704 0.1219903 0.1262550 0.1331028 0.1285412 0.1079822 0.1219718 0.1014201 0.1475455 0.1239162 0.2088655 0.1214453 0.0961443 0.1231179 0.2165470 0.1921929 0.1029089 0.1209778 0.1286727 0.1404666 0.1215127 0.1113719 0.1339043 0.1366403 0.1953628 0.2429122 0.1289378 0.2221987 0.1226630 0.1381870 0.1069556 0.1085968 0.1288509 0.1045414 0.1105583 0.1162334 0.1476548 0.1221582 0.2109243 0.1164117 0.0880797 0.1139802 0.1889835 0.1076515 0.0950193 0.1022830 0.1121640 0.1651208 0.1582088 0.2523512 0.1238366 0.1965200 0.2403264 0.1159728 0.1169557 0.2545827 0.1098361 0.2328524 0.0976980 0.0889068 0.0881447 0.1999285 0.1392027 0.1066172 0.2515632 0.1268033 0.1334911 0.0837765 0.1115572 0.2030936 0.1273666 0.1350221 0.1682045 0.2144408 0.2060425 0.1328628 0.2022038 0.0689027 0.0799802 0.1299162 0.1179461 0.1276731 0.0982034 0.1261841 0.1286729 0.0873492 0.0852200 0.1373824 0.1267059 0.1069921 0.1255383 0.1604654 0.1258372 0.0970169 0.0750976 0.1305109 0.1442907 0.1171511 0.1279795 0.1196678 0.1089114 0.0744487 0.0406110 0.0979196 0.0990986 0.2138861 0.1039095 0.0722526 0.1284703 0.0934604 
S0345         0.3045749 0.1068127 0.0876799 0.1303004 0.1320426 0.1409810 0.2089708 0.1384904 0.0915112 0.1356829 0.1565933 0.1493040 0.2093637 0.1878490 0.1493314 0.1918790 0.1160305 0.0851312 0.0000000 0.1956564 0.1205499 0.1284907 0.1382846 0.1199506 0.1026742 0.1168250 0.0922842 0.1427096 0.1187016 0.1982425 0.1167282 0.1032308 0.1205215 0.2204802 0.1860146 0.0928473 0.1181487 0.1297650 0.1474569 0.1090071 0.1118078 0.1305501 0.1244540 0.1854271 0.2396206 0.1310008 0.2071648 0.1311199 0.1395033 0.1066869 0.0967221 0.1324571 0.0939442 0.0946715 0.1209814 0.1347925 0.1097344 0.2032556 0.1039486 0.0848559 0.1030650 0.1783607 0.1107307 0.1026945 0.0998572 0.1119970 0.1431160 0.1504905 0.2365400 0.1143260 0.1938628 0.2363731 0.1249504 0.1232251 0.2449307 0.0979398 0.2249466 0.0859243 0.0953782 0.0890555 0.1912879 0.1397729 0.1281021 0.2434513 0.1288048 0.1223332 0.0849497 0.1031651 0.1898313 0.1070039 0.1288919 0.1608863 0.2002713 0.1926038 0.1366540 0.2007328 0.0453630 0.0916703 0.1334259 0.1222876 0.1250732 0.1042755 0.1151780 0.1165817 0.0958553 0.1026367 0.1276986 0.1188438 0.0987559 0.1185786 0.1527645 0.1320834 0.1133556 0.0833757 0.1328399 0.1444448 0.1142264 0.1146895 0.1274213 0.1117888 0.0390103 0.0845783 0.0904768 0.0883511 0.2069934 0.0998971 0.0767201 0.1259581 0.0940381 
S0355         0.3488994 0.1699840 0.1430533 0.1946479 0.1620792 0.1750266 0.0223130 0.2031234 0.1914740 0.1725057 0.2172902 0.2102991 0.0297579 0.1152322 0.2292687 0.0202748 0.1814282 0.2062704 0.1956564 0.0000000 0.1714738 0.1649480 0.1674719 0.1787833 0.1621471 0.1792170 0.1507113 0.1905463 0.1782738 0.0150332 0.1678358 0.1899257 0.1843794 0.1807514 0.0268318 0.1535542 0.1715486 0.1629505 0.2164212 0.1564376 0.1628422 0.1669368 0.1596254 0.0142381 0.2645876 0.1711735 0.0328217 0.1908423 0.1705208 0.1873094 0.1618411 0.1725674 0.1568929 0.1588292 0.1902072 0.1653497 0.1652613 0.1547607 0.1545368 0.1478902 0.1724154 0.1056545 0.1878361 0.1842833 0.1832849 0.1803151 0.1844205 0.1840635 0.2658854 0.1977656 0.1385852 0.1638167 0.1982659 0.1980547 0.2613440 0.1617813 0.2478633 0.1357098 0.1799565 0.1914527 0.1430027 0.1893994 0.2424326 0.2675555 0.1695180 0.1676033 0.1843359 0.1707893 0.0179215 0.1673395 0.2068565 0.1376795 0.0227573 0.0126118 0.1743647 0.1632369 0.1772705 0.1900222 0.1724657 0.1666669 0.1821347 0.2271657 0.1688937 0.1811925 0.1949154 0.2121973 0.1995079 0.1583093 0.1609761 0.1739362 0.1819355 0.1648262 0.2221359 0.1906013 0.1711664 0.2004656 0.1641764 0.1676860 0.1742184 0.1722153 0.1882129 0.1969516 0.1763757 0.1478705 0.2479963 0.1423625 0.1991631 0.1947180 0.1615305 
S0376         0.3009010 0.0858959 0.0793492 0.1258857 0.1190674 0.0983485 0.1674034 0.1303963 0.1161780 0.0909226 0.1211665 0.1456565 0.1783038 0.1685706 0.1465804 0.1637203 0.1126212 0.1219903 0.1205499 0.1714738 0.0000000 0.0882779 0.0878910 0.1181805 0.0736105 0.1147839 0.0823143 0.0582749 0.1034321 0.1674434 0.0969963 0.1077232 0.0971721 0.1798369 0.1601891 0.0974321 0.0970208 0.0878180 0.1466880 0.0994002 0.0752947 0.0880409 0.1176683 0.1597154 0.2234440 0.0954946 0.1856251 0.1157148 0.0954838 0.1059247 0.0879524 0.0879965 0.0818162 0.0907697 0.1189728 0.1253387 0.0998763 0.1711483 0.0914736 0.0868817 0.1061503 0.1540345 0.1095770 0.0992701 0.1033731 0.1156501 0.1064238 0.1260737 0.2286897 0.1105421 0.1560642 0.1979549 0.1307081 0.1259522 0.2239493 0.0891042 0.2091188 0.0726461 0.0951193 0.1095625 0.1662605 0.1043573 0.1511684 0.2257342 0.0861162 0.1052499 0.0896081 0.1021088 0.1644423 0.1008631 0.1234291 0.1306621 0.1670843 0.1572048 0.0920185 0.1684824 0.1054601 0.1103933 0.0901546 0.0798809 0.1029362 0.1341682 0.0886454 0.1081046 0.1137697 0.1252346 0.1333440 0.1002938 0.0899247 0.1166765 0.1288061 0.0897123 0.1305195 0.1028379 0.0883439 0.1350499 0.0973082 0.1057671 0.0951418 0.0775919 0.1165316 0.1298712 0.0906708 0.0909739 0.1864731 0.0835946 0.1006807 0.0507188 0.0873722 
S0400         0.2793327 0.0682289 0.0790149 0.1337015 0.1059661 0.0247804 0.1712242 0.1358446 0.1110524 0.0179425 0.0911567 0.1466746 0.1721578 0.1509349 0.1519537 0.1588024 0.1097911 0.1262550 0.1284907 0.1649480 0.0882779 0.0000000 0.0198167 0.1254565 0.0816974 0.1237075 0.0785855 0.1084415 0.1095115 0.1607706 0.1026243 0.1080172 0.1106169 0.1846142 0.1597663 0.0965994 0.0618426 0.0159006 0.1473296 0.1048412 0.0798929 0.0188968 0.1045620 0.1514080 0.2090152 0.0938778 0.1725247 0.1183105 0.0277306 0.1036086 0.0817759 0.0159087 0.0769464 0.0819056 0.1090366 0.1131921 0.1066886 0.1662603 0.0990481 0.0925982 0.1118662 0.1486923 0.1069384 0.0993142 0.1023647 0.1111144 0.0788297 0.1363823 0.2084817 0.1210531 0.1587827 0.1884872 0.1260268 0.1272703 0.2032206 0.0841204 0.1963413 0.0646506 0.0924598 0.1142817 0.1643056 0.0847560 0.1489473 0.2100801 0.0131306 0.0675538 0.0932879 0.1093932 0.1574276 0.1125186 0.1407662 0.1329582 0.1664838 0.1574373 0.0188124 0.1666296 0.1118393 0.1077704 0.0178076 0.0182502 0.0833242 0.1408001 0.0692174 0.1254346 0.1151583 0.1236429 0.1408203 0.0555222 0.0849483 0.1237683 0.1339012 0.0131359 0.1332613 0.1032508 0.0208656 0.1536395 0.0642606 0.1129124 0.0628759 0.0875432 0.1167183 0.1276011 0.0953695 0.0923343 0.1880706 0.0955384 0.1066739 0.0979580 0.0943152 
S0405         0.2861196 0.0716069 0.0813364 0.1377276 0.1082175 0.0297153 0.1760543 0.1417607 0.1175973 0.0227940 0.0947437 0.1521331 0.1789763 0.1571748 0.1623952 0.1642934 0.1160364 0.1331028 0.1382846 0.1674719 0.0878910 0.0198167 0.0000000 0.1319005 0.0839856 0.1301135 0.0808614 0.1030164 0.1116122 0.1633010 0.1063277 0.1158286 0.1118363 0.1870092 0.1683784 0.1029248 0.0665481 0.0168645 0.1502042 0.1048727 0.0798928 0.0208286 0.1009507 0.1553552 0.2140107 0.0961223 0.1765907 0.1130890 0.0307138 0.1113860 0.0840599 0.0207052 0.0792016 0.0841936 0.1152356 0.1095233 0.1079827 0.1697393 0.0975638 0.0960910 0.1181115 0.1534612 0.1147541 0.1082250 0.1113006 0.1228066 0.0708196 0.1422524 0.2181435 0.1262381 0.1623532 0.1933281 0.1357309 0.1356923 0.2065725 0.0864160 0.1996642 0.0761308 0.1010571 0.1223560 0.1678264 0.0929973 0.1564430 0.2134562 0.0169524 0.0708096 0.0992414 0.1156114 0.1613871 0.1125531 0.1473936 0.1385312 0.1689128 0.1597306 0.0218054 0.1685798 0.1210448 0.1154602 0.0206732 0.0192444 0.0879006 0.1467546 0.0736567 0.1318837 0.1218551 0.1328741 0.1475419 0.0574881 0.0872391 0.1301745 0.1423208 0.0198560 0.1444556 0.1085089 0.0218283 0.1556468 0.0664464 0.1167029 0.0653340 0.0923176 0.1286083 0.1347106 0.1025773 0.0958246 0.1852845 0.0991344 0.1133125 0.0998904 0.1003357 
S0407sl       0.2997497 0.1134766 0.0771887 0.0564042 0.1435864 0.1376221 0.1767054 0.0570243 0.1195986 0.1309540 0.1496180 0.0670031 0.1935160 0.1772583 0.0691556 0.1743185 0.0548682 0.1285412 0.1199506 0.1787833 0.1181805 0.1254565 0.1319005 0.0000000 0.0976663 0.0428479 0.0877571 0.1384902 0.0495173 0.1798079 0.0612731 0.1200734 0.1137021 0.2088316 0.1602740 0.0278544 0.1318141 0.1247842 0.0786929 0.0712194 0.0957683 0.1240503 0.1129427 0.1710052 0.2051132 0.1102265 0.1935826 0.1268881 0.1265744 0.1158816 0.0909808 0.1287531 0.0883047 0.0939797 0.1374768 0.1281879 0.0788978 0.1904540 0.0732416 0.0859055 0.0337132 0.1682437 0.1272552 0.1192992 0.1109348 0.1230052 0.1349327 0.1649306 0.2007194 0.1130924 0.1833102 0.2021688 0.1458980 0.1442827 0.2128488 0.0921500 0.1907540 0.0521473 0.1079807 0.1223141 0.1843013 0.1419933 0.1596570 0.2163243 0.1242395 0.1337906 0.1020705 0.0325466 0.1740689 0.0780897 0.0568075 0.1545047 0.1789846 0.1691092 0.1321488 0.1947860 0.1151721 0.1162669 0.1298816 0.1132561 0.1327495 0.1473038 0.1246918 0.0681235 0.1213588 0.1309463 0.0574646 0.1229230 0.0941814 0.0197819 0.1664016 0.1257972 0.1458909 0.1141913 0.1258796 0.0750709 0.1167030 0.0836323 0.1304541 0.1015642 0.1197910 0.1284819 0.1024250 0.0836589 0.1980221 0.0943209 0.1182724 0.1198909 0.0863456 
S0412sl       0.2597552 0.0669260 0.0597369 0.1010812 0.1108661 0.0934228 0.1650368 0.1092002 0.0946218 0.0855579 0.1085395 0.1322649 0.1773839 0.1569790 0.1272037 0.1627510 0.0915850 0.1079822 0.1026742 0.1621471 0.0736105 0.0816974 0.0839856 0.0976663 0.0000000 0.0900608 0.0624585 0.0944646 0.0875162 0.1619915 0.0847178 0.0918392 0.0876184 0.1798421 0.1579651 0.0685688 0.0839855 0.0776706 0.1199818 0.0763362 0.0597212 0.0843845 0.0960189 0.1491519 0.1982391 0.0562745 0.1787601 0.0965242 0.0829544 0.0965310 0.0646873 0.0838589 0.0620086 0.0674298 0.1171946 0.1036139 0.0786094 0.1598155 0.0649117 0.0724443 0.0811424 0.1554015 0.1008713 0.0913556 0.0930851 0.1042322 0.0884220 0.1282971 0.2032789 0.0992943 0.1541154 0.1876319 0.1206704 0.1157228 0.2031014 0.0658642 0.1805234 0.0584695 0.0828949 0.0884719 0.1603643 0.1051442 0.1408750 0.2008836 0.0794416 0.0852309 0.0769783 0.0800822 0.1585813 0.0814594 0.1080077 0.1308175 0.1686972 0.1638440 0.0856050 0.1580718 0.0889555 0.0948261 0.0850028 0.0675638 0.0865839 0.1262116 0.0805816 0.0874863 0.0955866 0.1111918 0.1092983 0.0777455 0.0691171 0.0923730 0.1249386 0.0819296 0.1236543 0.0794603 0.0845456 0.1211498 0.0720484 0.0891743 0.0835884 0.0658609 0.0938203 0.1073079 0.0833242 0.0726788 0.1868028 0.0768464 0.0815445 0.0835552 0.0724854 
S0417         0.3002801 0.1046519 0.0788027 0.0586369 0.1400422 0.1345704 0.1794337 0.0604610 0.1087425 0.1266521 0.1585082 0.0664965 0.1947755 0.1674115 0.0672378 0.1781620 0.0582083 0.1219718 0.1168250 0.1792170 0.1147839 0.1237075 0.1301135 0.0428479 0.0900608 0.0000000 0.0865830 0.1360108 0.0509007 0.1797852 0.0636955 0.1070959 0.1124943 0.1987706 0.1682183 0.0289337 0.1347208 0.1205735 0.0749506 0.0668320 0.0920024 0.1198810 0.1119604 0.1708629 0.2198351 0.1082269 0.1917264 0.1262367 0.1262997 0.1026462 0.0875171 0.1269904 0.0848705 0.0927873 0.1286019 0.1240392 0.0756002 0.1853513 0.0698734 0.0788357 0.0348160 0.1608204 0.1180634 0.1090090 0.1044489 0.1148458 0.1287316 0.1633538 0.2153859 0.1157672 0.1825536 0.1970468 0.1375575 0.1359484 0.2229201 0.0909689 0.2052561 0.0474918 0.1053165 0.1245595 0.1849302 0.1349854 0.1515256 0.2230174 0.1224962 0.1354274 0.1044785 0.0245339 0.1745694 0.0770136 0.0513681 0.1446301 0.1797308 0.1712599 0.1303571 0.1905165 0.1070564 0.1095886 0.1281145 0.1102900 0.1224851 0.1441739 0.1177843 0.0646908 0.1146797 0.1267026 0.0509841 0.1251634 0.0929997 0.0366685 0.1647792 0.1215463 0.1353634 0.1136197 0.1279603 0.0703481 0.1156524 0.0813636 0.1302072 0.0980671 0.1127373 0.1209359 0.1009924 0.0792058 0.2018791 0.0955854 0.1152527 0.1232916 0.0817266 
S0419         0.2527758 0.0740973 0.0103380 0.0985272 0.0784806 0.0905437 0.1515753 0.1039768 0.0793708 0.0808256 0.1215723 0.1179521 0.1605452 0.1396820 0.1205465 0.1403794 0.0803441 0.1014201 0.0922842 0.1507113 0.0823143 0.0785855 0.0808614 0.0877571 0.0624585 0.0865830 0.0000000 0.1019968 0.0763856 0.1479814 0.0765658 0.0863696 0.0941009 0.1771975 0.1380920 0.0639254 0.0854469 0.0793458 0.1136076 0.0669297 0.0664019 0.0836467 0.0556979 0.1362902 0.2009504 0.0832062 0.1606335 0.0958306 0.0843271 0.0797757 0.0119742 0.0783377 0.0091591 0.0139366 0.1058249 0.0619802 0.0698327 0.1441988 0.0631746 0.0509313 0.0768497 0.1350389 0.0878093 0.0876887 0.0779079 0.0949907 0.1071340 0.0985220 0.2019386 0.0837529 0.1372271 0.1693296 0.1125776 0.1121562 0.2064987 0.0129314 0.1840822 0.0524242 0.0767209 0.0884974 0.1390403 0.1100279 0.1283225 0.2033509 0.0776525 0.0973513 0.0692748 0.0722928 0.1476505 0.0737604 0.1001443 0.1207189 0.1542284 0.1459393 0.0845552 0.1460363 0.0917481 0.0794016 0.0816421 0.0713463 0.0932247 0.1132486 0.0850442 0.0853477 0.0862359 0.0960645 0.0997713 0.0887518 0.0138253 0.0850303 0.0973493 0.0774264 0.1169206 0.0814552 0.0823604 0.1130626 0.0798070 0.0755535 0.0848205 0.0700907 0.0925909 0.1022260 0.0696361 0.0551503 0.1698590 0.0516353 0.0805229 0.0849457 0.0554788 
S0427         0.3077254 0.1045859 0.1029053 0.1493992 0.1187110 0.1190768 0.1841251 0.1553883 0.1391658 0.1088321 0.1384709 0.1709043 0.1937237 0.1808608 0.1638715 0.1802635 0.1287932 0.1475455 0.1427096 0.1905463 0.0582749 0.1084415 0.1030164 0.1384902 0.0944646 0.1360108 0.1019968 0.0000000 0.1181662 0.1879022 0.1252330 0.1223869 0.1143902 0.2042766 0.1803723 0.1150303 0.1158886 0.1002889 0.1630525 0.1178360 0.0911517 0.1079052 0.1308630 0.1744794 0.2495068 0.1084633 0.2031539 0.1295699 0.1117846 0.1181252 0.1041915 0.1080980 0.0976557 0.1096291 0.1327869 0.1387783 0.1260488 0.1870313 0.1146056 0.1054600 0.1258379 0.1685148 0.1218896 0.1075316 0.1259775 0.1281504 0.1039383 0.1273197 0.2557157 0.1357958 0.1768647 0.2091105 0.1467910 0.1451569 0.2432522 0.1077964 0.2333544 0.1094253 0.1069757 0.1343409 0.1789445 0.1126740 0.1643354 0.2445597 0.1062310 0.1177329 0.1094598 0.1183683 0.1797113 0.1294864 0.1430746 0.1478791 0.1846673 0.1765542 0.1149923 0.1812396 0.1286794 0.1329324 0.1104517 0.0972254 0.1149534 0.1456924 0.0971351 0.1275146 0.1375086 0.1484820 0.1533999 0.1126502 0.1085816 0.1315162 0.1319329 0.1099985 0.1524968 0.1245268 0.1070703 0.1585693 0.1111045 0.1270764 0.1077038 0.0943531 0.1306539 0.1506986 0.1136021 0.1055712 0.2002311 0.0997442 0.1320184 0.0674225 0.1061400 
S0428sl       0.2951397 0.1035512 0.0723462 0.0650644 0.1281663 0.1201132 0.1730455 0.0609525 0.1184122 0.1111911 0.1396053 0.0752307 0.1875682 0.1636545 0.0721762 0.1722609 0.0437833 0.1239162 0.1187016 0.1782738 0.1034321 0.1095115 0.1116122 0.0495173 0.0875162 0.0509007 0.0763856 0.1181662 0.0000000 0.1784669 0.0556018 0.1130057 0.1085577 0.1889532 0.1628476 0.0335273 0.1203791 0.1089258 0.0714027 0.0603229 0.0842180 0.1106032 0.1071027 0.1679686 0.2063330 0.1090530 0.1904786 0.1219531 0.1120359 0.1136640 0.0796714 0.1116123 0.0736268 0.0801650 0.1336261 0.1207505 0.0643621 0.1803107 0.0645974 0.0810137 0.0390512 0.1611756 0.1188208 0.1107851 0.1083339 0.1195378 0.1171634 0.1518115 0.2113822 0.1078254 0.1700533 0.1994429 0.1351894 0.1334145 0.2140647 0.0784848 0.1982878 0.0446102 0.1020054 0.1206633 0.1725815 0.1289519 0.1506530 0.2158645 0.1071414 0.1203510 0.0959616 0.0381226 0.1719740 0.0668307 0.0597726 0.1444195 0.1769147 0.1685400 0.1148358 0.1761803 0.1129466 0.1137891 0.1127336 0.0963820 0.1162480 0.1473947 0.1115906 0.0619539 0.1201272 0.1295977 0.0637552 0.1098842 0.0804901 0.0453714 0.1530666 0.1086574 0.1373537 0.1088074 0.1124688 0.0743401 0.1130614 0.0748659 0.1161999 0.0911905 0.1072450 0.1238531 0.1013525 0.0813994 0.2001066 0.0833320 0.1104300 0.1061805 0.0826187 
S0430         0.3480939 0.1700361 0.1441156 0.1941031 0.1581135 0.1729329 0.0174678 0.2041527 0.1913911 0.1697699 0.2195865 0.2143932 0.0217780 0.1172073 0.2348823 0.0203236 0.1808480 0.2088655 0.1982425 0.0150332 0.1674434 0.1607706 0.1633010 0.1798079 0.1619915 0.1797852 0.1479814 0.1879022 0.1784669 0.0000000 0.1651560 0.1933884 0.1837236 0.1799353 0.0230923 0.1542964 0.1669346 0.1587974 0.2188891 0.1568805 0.1617064 0.1637704 0.1595224 0.0142320 0.2580224 0.1759197 0.0248051 0.1917312 0.1705313 0.1843906 0.1558526 0.1698500 0.1541474 0.1560669 0.1939422 0.1652468 0.1639534 0.1510208 0.1544145 0.1457527 0.1703052 0.1018417 0.1912830 0.1838735 0.1879064 0.1923200 0.1918741 0.1842234 0.2556185 0.1927777 0.1312814 0.1589483 0.2080793 0.2079189 0.2526108 0.1590046 0.2378396 0.1275122 0.1780858 0.1903478 0.1356604 0.1901531 0.2396301 0.2609158 0.1667949 0.1656474 0.1811316 0.1686329 0.0159859 0.1711093 0.2079573 0.1377887 0.0173722 0.0067026 0.1716375 0.1624013 0.1795720 0.1892808 0.1697500 0.1625984 0.1838149 0.2304367 0.1668638 0.1792879 0.1951112 0.2124195 0.1962992 0.1590249 0.1582142 0.1763428 0.1789533 0.1606510 0.2194104 0.1895003 0.1684555 0.1972342 0.1691173 0.1670594 0.1723332 0.1751494 0.1878207 0.2015454 0.1744878 0.1485252 0.2377737 0.1397085 0.1980584 0.1873572 0.1593797 
