111
PAFTOL_019361 0.0000000 0.1691830 0.1764790 0.1663207 0.1853068 0.1881925 0.2059985 0.1847677 0.1978969 0.1807516 0.1992497 0.2031700 0.1920649 0.6491461 0.1864849 0.1940411 0.2195050 0.1878995 0.1911646 0.1823130 0.1923117 0.1822679 0.1975158 0.2103293 0.1813017 0.1736656 0.2001618 0.2293243 0.1812238 0.2018195 0.1934894 0.2071693 0.1825330 0.1917814 0.2335096 0.1982147 0.1988562 0.1915733 0.1918847 0.1851222 0.2000124 0.1932513 0.1825330 0.2169650 0.1563336 0.2127979 0.1866090 0.1894272 0.1785242 0.1719308 0.1989693 0.1837372 0.2113871 0.2029895 0.1686592 0.2390331 0.1687055 0.1659634 0.1650358 0.2290744 0.2307361 0.1915941 0.1694539 0.1924751 0.2037828 0.2320006 0.1910221 0.1989292 0.2029123 0.1881000 0.2042673 0.2185263 0.2006259 0.1981683 0.1792528 0.2066836 0.1768502 0.1987600 0.1514045 0.2150714 0.2048773 0.2383273 0.1640856 0.1965930 0.1980869 0.1915889 0.2172348 0.1974065 0.1952258 0.1918773 0.1862661 0.1675996 0.2042673 0.1784641 0.1826514 0.2037911 0.2005071 0.1988576 0.1929359 0.1824617 0.2271780 0.1701568 0.2054983 0.2150549 0.1726825 0.1893341 0.1998473 0.1816214 0.1851582 0.1837134 0.1692558 
S0055         0.1691830 0.0000000 0.0473304 0.0484890 0.0279212 0.0582451 0.0625545 0.0426698 0.0375793 0.0800835 0.0905462 0.0740243 0.0573938 0.1291336 0.0340499 0.0331018 0.0841237 0.0377893 0.0576331 0.0229200 0.0524394 0.0479656 0.0517501 0.0789117 0.0730034 0.0376553 0.0577345 0.0628490 0.0427574 0.0650980 0.0696643 0.0446011 0.0468822 0.0523273 0.0906756 0.0627083 0.0423245 0.0473682 0.0326739 0.0629308 0.0475906 0.0573193 0.0468822 0.0629766 0.0518256 0.0420644 0.0423377 0.0518244 0.0575740 0.0631433 0.0520428 0.0473595 0.0617025 0.0621184 0.0385537 0.1021761 0.0525195 0.0377577 0.0375858 0.0925448 0.0897851 0.0520234 0.0735753 0.0471733 0.0625332 0.0901880 0.0325712 0.0377105 0.0633932 0.0526985 0.0467079 0.0635205 0.0695741 0.0650523 0.0472720 0.0782783 0.0421634 0.0276810 0.0529321 0.0792548 0.0374992 0.0000010 0.0182431 0.0572835 0.0518707 0.0594382 0.0740296 0.0520802 0.0633706 0.0229667 0.0477832 0.0396945 0.0572801 0.0327184 0.0522131 0.0682078 0.0741560 0.0372709 0.0622773 0.0324512 0.0584173 0.0135884 0.0525540 0.0682840 0.0474824 0.0517976 0.0795239 0.0532070 0.0574176 0.0181918 0.0371433 
S0196sl       0.1764790 0.0473304 0.0000000 0.0333682 0.0584782 0.0799344 0.0524719 0.0325178 0.0579531 0.0685753 0.0797505 0.0741180 0.0474162 0.8239075 0.0550684 0.0586809 0.0958036 0.0687022 0.0090011 0.0374796 0.0425361 0.0690883 0.0622518 0.0904565 0.0471961 0.0632623 0.0685944 0.0520856 0.0635273 0.0592603 0.0811351 0.0497508 0.0276353 0.0424455 0.0804785 0.0736874 0.0628567 0.0279147 0.0527847 0.0136002 0.0280432 0.0680888 0.0276353 0.0847437 0.0420442 0.0727857 0.0526757 0.0420432 0.0469984 0.0324403 0.0626116 0.0578555 0.0724790 0.0729770 0.0189274 0.0862269 0.0425992 0.0477270 0.0475074 0.0821340 0.0796885 0.0677132 0.0632018 0.0576259 0.0524545 0.0800458 0.0526107 0.0581646 0.0531678 0.0739319 0.0672137 0.0854928 0.0330053 0.0647380 0.0680557 0.0678915 0.0325165 0.0474090 0.0429329 0.0374066 0.0578264 0.8086841 0.0477088 0.0473250 0.0624017 0.0706909 0.0635898 0.0422478 0.0634509 0.0424765 0.0184163 0.0194768 0.0785509 0.0528553 0.0326337 0.0630405 0.0636945 0.0574636 0.0785109 0.0575090 0.0911266 0.0426319 0.0580595 0.0794949 0.0527319 0.0420213 0.0682774 0.0332477 0.0424654 0.0325299 0.0276245 
S0281         0.1663207 0.0484890 0.0333682 0.0000000 0.0546678 0.0819991 0.0486092 0.0542322 0.0438889 0.0996485 0.0760117 0.0930173 0.0485790 0.1498581 0.0510833 0.0548622 0.0982982 0.0704453 0.0435377 0.0434221 0.0435763 0.0653607 0.0585617 0.0928052 0.0536514 0.0648531 0.0539860 0.0754633 0.0651332 0.0834878 0.0827984 0.0621694 0.0380841 0.0434819 0.0825338 0.0755580 0.0591647 0.0384837 0.0489230 0.0487586 0.0334515 0.0485325 0.0380841 0.0869256 0.0331611 0.0693127 0.0539805 0.0282824 0.0752615 0.0489256 0.0589062 0.0592978 0.0689518 0.0694347 0.0293727 0.0941980 0.0384190 0.0489056 0.0486747 0.0842762 0.0817029 0.0747738 0.0592926 0.0436018 0.0483865 0.0820789 0.0487592 0.0540205 0.0492865 0.0650223 0.0636664 0.0821565 0.0550712 0.0782989 0.0697657 0.0642882 0.0332980 0.0434919 0.0338731 0.0592276 0.0540483 0.0000028 0.0488867 0.0484834 0.0484284 0.0725380 0.0598441 0.0382569 0.0650525 0.0435143 0.0386239 0.0302565 0.0751538 0.0438885 0.0433850 0.0646212 0.0653086 0.0537029 0.0750767 0.0589339 0.0935090 0.0436763 0.0648313 0.0702871 0.0539141 0.0282672 0.0812244 0.0442267 0.0485998 0.0382768 0.0186789 
S0282         0.1853068 0.0279212 0.0584782 0.0546678 0.0000000 0.0695338 0.0630478 0.0232785 0.0281330 0.0985004 0.0808310 0.0977148 0.0689652 0.1291336 0.0142502 0.0284731 0.0850318 0.0589586 0.0692623 0.0428575 0.0638243 0.0698933 0.0629541 0.0915348 0.0744903 0.0535017 0.0479158 0.0530837 0.0642595 0.0887714 0.0821085 0.0243105 0.0579052 0.0636829 0.1039509 0.0639698 0.0328603 0.0533091 0.0137545 0.0748199 0.0588101 0.0636817 0.0579052 0.0857438 0.0630514 0.0736195 0.0635977 0.0630500 0.0798963 0.0750789 0.0633222 0.0585122 0.0733056 0.0738152 0.0390405 0.1160261 0.0639258 0.0589057 0.0586271 0.0940221 0.1028982 0.0737793 0.0859559 0.0582774 0.0743293 0.1033748 0.0137128 0.0485255 0.0753850 0.0747932 0.0784730 0.0971748 0.0819991 0.0886995 0.0688364 0.0746323 0.0530409 0.0184200 0.0644393 0.0745170 0.0230670 0.0000010 0.0378923 0.0579995 0.0631076 0.0767403 0.0746301 0.0633725 0.0863134 0.0330730 0.0590552 0.0348319 0.0903215 0.0137736 0.0528621 0.0690799 0.0866581 0.0279033 0.0847454 0.0429292 0.0755464 0.0232848 0.0639658 0.0914387 0.0535551 0.0630169 0.0911704 0.0647817 0.0689943 0.0377825 0.0477737 
S0289         0.1881925 0.0582451 0.0799344 0.0819991 0.0695338 0.0000000 0.0966010 0.0745466 0.0746524 0.0806570 0.0910855 0.0686723 0.0800170 0.1291336 0.0609568 0.0811656 0.1204761 0.0480245 0.0913315 0.0634235 0.0747602 0.0482866 0.0737180 0.0975406 0.1080654 0.0380276 0.1027504 0.1030534 0.0430396 0.0655590 0.1053787 0.0781020 0.0791270 0.0745909 0.1154411 0.0968457 0.0852286 0.0800039 0.0635594 0.0972263 0.0804020 0.0691929 0.0791270 0.0634070 0.0738367 0.0846965 0.0531461 0.0738351 0.0579621 0.0802451 0.0741572 0.0641154 0.0843284 0.0849236 0.0547376 0.1346035 0.0748821 0.0591778 0.0588954 0.1180945 0.1207311 0.0741277 0.0975802 0.0742211 0.0965642 0.1213022 0.0633436 0.0804242 0.0803606 0.0426865 0.0788451 0.0982147 0.0937211 0.0655125 0.0427359 0.0957534 0.0636145 0.0687676 0.0754884 0.1153556 0.0738073 0.0000010 0.0587238 0.0792596 0.0791323 0.0890601 0.1096707 0.0849573 0.0524985 0.0635584 0.0807442 0.0564134 0.0907675 0.0636447 0.0738688 0.0965662 0.0983935 0.0688039 0.0686517 0.0794781 0.0637969 0.0638027 0.0857729 0.0973895 0.0531812 0.0737965 0.0983229 0.0758932 0.0800508 0.0580485 0.0581678 
S0292         0.2059985 0.0625545 0.0524719 0.0486092 0.0630478 0.0966010 0.0000000 0.0679372 0.0573653 0.1088750 0.0907027 0.1137955 0.0626683 0.1291336 0.0597786 0.0525494 0.0958923 0.0848643 0.0629320 0.0574570 0.0576582 0.0798850 0.0572733 0.1074028 0.0784953 0.0737707 0.0627497 0.0783947 0.0795387 0.0991270 0.0923803 0.0710942 0.0519704 0.0575339 0.1086058 0.0844079 0.0571976 0.0474456 0.0573127 0.0683149 0.0527630 0.0630128 0.0519704 0.0905893 0.0569769 0.0888231 0.0681740 0.0569756 0.0954085 0.0631693 0.0576026 0.0630964 0.0674224 0.0628263 0.0437201 0.1090067 0.0577477 0.0476850 0.0474658 0.0934019 0.0962513 0.0783291 0.0791155 0.0628454 0.0475462 0.0966902 0.0571238 0.0739467 0.0635552 0.0787079 0.0829870 0.1023495 0.0751560 0.0993572 0.0840514 0.0838405 0.0472122 0.0519077 0.0530653 0.0230740 0.0623468 0.0000010 0.0630642 0.0424672 0.0626086 0.0873701 0.0183988 0.0090257 0.0794360 0.0575773 0.0529783 0.0450244 0.0948806 0.0573884 0.0574077 0.0580184 0.0797462 0.0619569 0.0948303 0.0730946 0.0858055 0.0577935 0.0791656 0.0850489 0.0529954 0.0569461 0.0962040 0.0585070 0.0626943 0.0522332 0.0421079 
S0293         0.1847677 0.0426698 0.0325178 0.0542322 0.0232785 0.0745466 0.0679372 0.0000000 0.0328417 0.0689656 0.0859362 0.0800309 0.0739352 0.8239075 0.0191106 0.0332395 0.0963707 0.0639113 0.0424129 0.0426539 0.0687759 0.0749319 0.0678345 0.0966790 0.0631478 0.0584010 0.0580278 0.0276157 0.0692462 0.0649855 0.0872958 0.0142453 0.0627684 0.0686229 0.1092130 0.0741087 0.0375770 0.0581924 0.0183507 0.0474910 0.0637503 0.0686201 0.0627684 0.0908403 0.0679407 0.0785710 0.0685310 0.0679392 0.0522995 0.0577528 0.0682321 0.0634254 0.0782353 0.0787796 0.0439477 0.1154218 0.0688857 0.0638545 0.0635514 0.0993061 0.1081066 0.0734191 0.0910658 0.0631718 0.0793313 0.1086077 0.0182948 0.0534118 0.0804596 0.0798284 0.0834230 0.1029147 0.0588020 0.0705797 0.0737969 0.0849259 0.0578987 0.0230391 0.0694374 0.0473120 0.0276969 0.8086841 0.0531006 0.0628709 0.0680011 0.0938774 0.0796513 0.0682879 0.0914463 0.0378210 0.0530928 0.0452661 0.0953912 0.0183761 0.0577025 0.0740583 0.0918117 0.0325731 0.0897801 0.0528097 0.0806310 0.0379590 0.0636531 0.0965753 0.0531360 0.0679038 0.0964336 0.0698050 0.0686567 0.0376045 0.0525830 
S0294         0.1978969 0.0375793 0.0579531 0.0438889 0.0281330 0.0746524 0.0573653 0.0328417 0.0000000 0.0912946 0.0916872 0.0967654 0.0683351 0.1291336 0.0240617 0.0282287 0.0844243 0.0584247 0.0686267 0.0424854 0.0632452 0.0640002 0.0572828 0.0906589 0.0738017 0.0530235 0.0476417 0.0526140 0.0636720 0.0879009 0.0753342 0.0343105 0.0573914 0.0631062 0.0916610 0.0629291 0.0325809 0.0528355 0.0230990 0.0741250 0.0582789 0.0427882 0.0573914 0.0849335 0.0624864 0.0729477 0.0630226 0.0624850 0.0791513 0.0743792 0.0576122 0.0528662 0.0674313 0.0678930 0.0491930 0.1033024 0.0633445 0.0532158 0.0529673 0.0877827 0.0907510 0.0678601 0.0851412 0.0426931 0.0684130 0.0911628 0.0230277 0.0480951 0.0746794 0.0740989 0.0777551 0.0967668 0.0812133 0.0878307 0.0682083 0.0791388 0.0525719 0.0182679 0.0582630 0.0738270 0.0278361 0.0000010 0.0478170 0.0630366 0.0523981 0.0877391 0.0739391 0.0628015 0.0854916 0.0327899 0.0585195 0.0506804 0.0894701 0.0184242 0.0629665 0.0742565 0.0858294 0.0182705 0.0733322 0.0475584 0.0695219 0.0329079 0.0633840 0.0850524 0.0530062 0.0624525 0.1025989 0.0641841 0.0683637 0.0374582 0.0473557 
S0299         0.1807516 0.0800835 0.0685753 0.0996485 0.0985004 0.0806570 0.1088750 0.0689656 0.0912946 0.0000000 0.1295039 0.0747795 0.1032334 0.8239075 0.0960146 0.0988529 0.1339121 0.0581265 0.0795675 0.0800564 0.0977330 0.0584476 0.0907307 0.1219812 0.1141253 0.0433295 0.1092938 0.0904793 0.0530588 0.0597870 0.1168898 0.0900989 0.1020411 0.0975023 0.1338880 0.0967189 0.1027979 0.0799063 0.0917958 0.0744672 0.1037479 0.0973610 0.1020411 0.0855080 0.0964770 0.1079528 0.0861960 0.0964752 0.0375449 0.0855740 0.0912882 0.0809513 0.1017743 0.1025130 0.0889063 0.1475482 0.0979015 0.0758920 0.0755203 0.1314093 0.1392904 0.0856978 0.1220170 0.1027427 0.1206963 0.1399626 0.0914620 0.1037724 0.1107032 0.0639797 0.1016608 0.1228209 0.0872063 0.0653194 0.0582744 0.1269529 0.0858084 0.0855723 0.0862460 0.0969196 0.0973083 0.8086841 0.0807636 0.1145034 0.1078126 0.1137375 0.1286277 0.1083085 0.0860742 0.0857237 0.0918081 0.0855625 0.1016608 0.0919171 0.1086237 0.1336799 0.1230742 0.0856173 0.0963027 0.1025053 0.0809249 0.0742622 0.1035736 0.1218387 0.0807478 0.0964250 0.1158221 0.0992455 0.0975533 0.0743990 0.0799753 
S0308         0.1992497 0.0905462 0.0797505 0.0760117 0.0808310 0.0910855 0.0907027 0.0859362 0.0916872 0.1295039 0.0000000 0.1342698 0.0582483 0.1291336 0.0723611 0.0929147 0.1139750 0.1034955 0.0911162 0.0850733 0.0532155 0.1041185 0.0957861 0.1143549 0.0846505 0.0863025 0.1022769 0.1209045 0.0978986 0.1255119 0.1105749 0.0901131 0.0789465 0.0530998 0.1347372 0.1087876 0.0969039 0.0691508 0.0745758 0.0969949 0.0802158 0.0906198 0.0789465 0.1210101 0.0736700 0.0961208 0.0857246 0.0736684 0.1086105 0.0862077 0.0963761 0.0914059 0.1068812 0.1007183 0.0546144 0.1398219 0.0747104 0.0803844 0.0799933 0.1180995 0.1333235 0.1018081 0.0973463 0.1021799 0.0963355 0.1339646 0.0743157 0.0907792 0.0865637 0.1091888 0.0900539 0.1102977 0.0706572 0.1253905 0.1024647 0.0968630 0.0427740 0.0799242 0.0753140 0.1029614 0.0850647 0.0000010 0.0913199 0.0790786 0.1072251 0.0949477 0.1034939 0.0847616 0.0810458 0.0852574 0.0805564 0.0562824 0.1024308 0.0746754 0.0737020 0.0907080 0.0981557 0.0799663 0.0956971 0.0897050 0.1101014 0.0855990 0.1019126 0.1153013 0.0743675 0.0736299 0.1155381 0.0649381 0.0798663 0.0793699 0.0580399 
S0320         0.2031700 0.0740243 0.0741180 0.0930173 0.0977148 0.0686723 0.1137955 0.0800309 0.0967654 0.0747795 0.1342698 0.0000000 0.0855719 0.5937703 0.0894024 0.0980617 0.1326757 0.0634666 0.0852933 0.0793701 0.0912519 0.0638207 0.0791338 0.1149366 0.1009995 0.0530777 0.1202275 0.0966622 0.0583383 0.0598512 0.1233714 0.0836024 0.0955533 0.0910398 0.1266056 0.1140852 0.1019848 0.0966362 0.0910758 0.0910663 0.0971251 0.0965037 0.0955533 0.0793447 0.0900987 0.0902563 0.0635023 0.0900970 0.0474417 0.0797035 0.0796093 0.0802497 0.0842196 0.0905001 0.0824483 0.1461456 0.0914058 0.0694320 0.0748695 0.1362282 0.1319232 0.0850639 0.1149739 0.0961996 0.1079058 0.1325500 0.0907480 0.0971490 0.0969075 0.0629294 0.0843083 0.1098151 0.0931866 0.0651628 0.0526245 0.1074627 0.0796164 0.0849106 0.0921494 0.1088255 0.0965425 0.3268817 0.0746438 0.1017686 0.1012034 0.1007369 0.1275623 0.1016594 0.0632804 0.0795407 0.0805564 0.0850681 0.0964345 0.0911958 0.1019496 0.1264055 0.1159538 0.0849550 0.0846533 0.0849895 0.0856115 0.0798551 0.1026507 0.1207216 0.0800498 0.0900503 0.1155288 0.0926476 0.0966922 0.0737677 0.0739254 
S0355         0.1920649 0.0573938 0.0474162 0.0485790 0.0689652 0.0800170 0.0626683 0.0739352 0.0683351 0.1032334 0.0582483 0.0855719 0.0000000 0.1291336 0.0603962 0.0692049 0.1015250 0.0687716 0.0476571 0.0523521 0.0137019 0.0691584 0.0623130 0.0728527 0.0731358 0.0633255 0.0792445 0.0955563 0.0635910 0.0877914 0.0923053 0.0774299 0.0469664 0.0044670 0.0972778 0.0844195 0.0733024 0.0474541 0.0630491 0.0630459 0.0476766 0.0624897 0.0469664 0.0848311 0.0420841 0.0523759 0.0527271 0.0420831 0.0790543 0.0530117 0.0626735 0.0579126 0.0725511 0.0730492 0.0336256 0.1090698 0.0426402 0.0477733 0.0475534 0.0993184 0.0963070 0.0730150 0.0523977 0.0679469 0.0626469 0.0906403 0.0628369 0.0685892 0.0532204 0.0740071 0.0471176 0.0693619 0.0186174 0.0877222 0.0681237 0.0679592 0.0135980 0.0574899 0.0429745 0.0794011 0.0681840 0.0000010 0.0578583 0.0573874 0.0727661 0.0596541 0.0741664 0.0521743 0.0531999 0.0524613 0.0379182 0.0346172 0.0577960 0.0631332 0.0523076 0.0735224 0.0527965 0.0575199 0.0680756 0.0575413 0.0853979 0.0526563 0.0737567 0.0904166 0.0580672 0.0420611 0.0797063 0.0332662 0.0372008 0.0472019 0.0276501 
S0376         0.6491461 0.1291336 0.8239075 0.1498581 0.1291336 0.1291336 0.1291336 0.8239075 0.1291336 0.8239075 0.1291336 0.5937703 0.1291336 0.0000000 0.1291336 0.1291336 0.1291336 0.1291336 0.8239075 0.0000010 0.1291336 0.1291336 0.1291336 0.1291336 0.1447076 0.1291336 0.1291336 0.8239075 0.1291336 0.7559752 0.1291336 0.0000010 0.1291336 0.1291336 0.1291336 0.1291336 0.3502184 0.1291336 0.1291336 0.8239075 0.1291336 0.1291336 0.1291336 0.1291336 0.2921570 0.1291336 0.1291336 0.1291336 0.8239075 0.4360701 0.1291336 0.1291336 0.1291336 0.1291336 0.1291336 0.0000010 0.1291336 0.1291336 0.1291336 0.1291336 0.1291336 0.0000010 0.1291336 0.1291336 0.1291336 0.1291336 0.1291336 0.1291336 0.1291336 0.1291336 0.1291336 0.1291336 1.1786090 0.8222065 0.1291336 0.1291336 0.1291336 0.1291336 0.1291336 0.8239075 0.1291336 0.1291336 0.1291336 0.1291336 0.1291336 0.1291336 0.1291336 0.1291336 0.1291336 0.1291336 0.0000021 0.1291336 0.1291336 0.1291336 0.1291336 0.1291336 0.1291336 0.1291336 0.1291336 0.1291336 0.1291336 0.1291336 0.0000010 0.1291336 0.1498581 0.1291336 0.0000021 0.1291336 0.0000010 0.0000010 0.1291336 
S0400         0.1864849 0.0340499 0.0550684 0.0510833 0.0142502 0.0609568 0.0597786 0.0191106 0.0240617 0.0960146 0.0723611 0.0894024 0.0603962 0.1291336 0.0000000 0.0193879 0.0826445 0.0555330 0.0660950 0.0391137 0.0605341 0.0667139 0.0596884 0.0889029 0.0714550 0.0499643 0.0442059 0.0495641 0.0609574 0.0859868 0.0791856 0.0199805 0.0545151 0.0603962 0.1016154 0.0659634 0.0289082 0.0497799 0.0094064 0.0717794 0.0553893 0.0603960 0.0545151 0.0829745 0.0545151 0.0651865 0.0603132 0.0597810 0.0769934 0.0720343 0.0600464 0.0551022 0.0702899 0.0707916 0.0350975 0.1140041 0.0606325 0.0554825 0.0552126 0.0913880 0.1005569 0.0707560 0.0831847 0.0548744 0.0658250 0.1010360 0.0093773 0.0448624 0.0723368 0.0717531 0.0701505 0.0701505 0.0790761 0.0859160 0.0656784 0.0769808 0.0495229 0.0141730 0.0557417 0.0714808 0.0189327 0.0000010 0.0445947 0.0546066 0.0598371 0.0617274 0.0660986 0.0600944 0.0835398 0.0291005 0.0502799 0.0361792 0.0820617 0.0046865 0.0493518 0.0604989 0.0838828 0.0238604 0.0764193 0.0391980 0.0724968 0.0292088 0.0606725 0.0888080 0.0447995 0.0597486 0.0950587 0.0560462 0.0658332 0.0339366 0.0441487 
S0405         0.1940411 0.0331018 0.0586809 0.0548622 0.0284731 0.0811656 0.0525494 0.0332395 0.0282287 0.0988529 0.0929147 0.0980617 0.0692049 0.1291336 0.0193879 0.0000000 0.0915643 0.0591646 0.0695041 0.0380194 0.0640465 0.0701393 0.0631702 0.0861832 0.0747502 0.0536874 0.0432272 0.0532674 0.0644845 0.0890929 0.0758841 0.0347452 0.0581049 0.0639033 0.1043221 0.0693679 0.0329722 0.0534946 0.0233737 0.0750820 0.0590149 0.0691090 0.0581049 0.0807028 0.0530211 0.0685688 0.0638180 0.0632667 0.0801753 0.0753428 0.0635402 0.0478887 0.0735573 0.0688996 0.0498210 0.1164429 0.0641485 0.0591121 0.0588309 0.1005330 0.1032622 0.0740343 0.0797674 0.0584788 0.0745881 0.1037421 0.0233008 0.0486951 0.0756509 0.0638161 0.0734153 0.0812804 0.0822927 0.0834824 0.0690752 0.0801626 0.0532243 0.0184823 0.0539226 0.0635865 0.0281690 0.0000010 0.0484103 0.0690692 0.0582574 0.0889273 0.0636843 0.0528149 0.0866181 0.0331864 0.0592619 0.0513475 0.0851199 0.0139126 0.0637606 0.0806211 0.0750205 0.0279978 0.0850397 0.0481450 0.0705127 0.0333073 0.0582474 0.0917603 0.0588741 0.0581036 0.0914630 0.0544680 0.0692342 0.0329947 0.0479375 
S0412sl       0.2195050 0.0841237 0.0958036 0.0982982 0.0850318 0.1204761 0.0958923 0.0963707 0.0844243 0.1339121 0.1139750 0.1326757 0.1015250 0.1291336 0.0826445 0.0915643 0.0000000 0.1079279 0.1075500 0.0787744 0.1016250 0.1028905 0.1001588 0.1199543 0.1246582 0.0907793 0.1079317 0.1190977 0.1023569 0.1237204 0.1034180 0.1010745 0.0948232 0.1013872 0.1455142 0.0633179 0.0955108 0.0849424 0.0848020 0.1136410 0.0963709 0.1068999 0.0948232 0.1253739 0.1003334 0.1062215 0.1012465 0.0894125 0.1189239 0.1140415 0.1007721 0.0958448 0.1112106 0.1120121 0.0873855 0.1586885 0.0907010 0.0907376 0.0902943 0.1301346 0.1439900 0.1119598 0.1257096 0.0845680 0.1015639 0.1446817 0.0845034 0.0798446 0.1145219 0.1135988 0.1000507 0.1201949 0.1221823 0.1298763 0.1068602 0.1250593 0.0897755 0.0788058 0.1026225 0.1144765 0.0901684 0.0000010 0.0740839 0.0957174 0.0894950 0.1222963 0.1088400 0.0898879 0.1262641 0.0735379 0.0912887 0.0840693 0.1126506 0.0849141 0.1011584 0.1080506 0.1267864 0.0895766 0.1109699 0.0898471 0.1208502 0.0792516 0.0960034 0.1082264 0.0961201 0.0893665 0.1317759 0.0976732 0.1071126 0.0732191 0.0839747 
S0417         0.1878995 0.0377893 0.0687022 0.0704453 0.0589586 0.0480245 0.0848643 0.0639113 0.0584247 0.0581265 0.1034955 0.0634666 0.0687716 0.1291336 0.0555330 0.0591646 0.1079279 0.0000000 0.0797165 0.0527420 0.0636462 0.0278929 0.0627808 0.0856676 0.0959735 0.0279550 0.0743885 0.0852799 0.0230284 0.0544836 0.0930499 0.0669219 0.0680233 0.0635054 0.1087938 0.0734319 0.0633691 0.0576753 0.0532109 0.0854011 0.0690957 0.0686770 0.0680233 0.0527302 0.0526960 0.0629873 0.0531221 0.0628761 0.0474808 0.0748642 0.0631468 0.0533073 0.0731004 0.0736078 0.0547119 0.1275121 0.0637469 0.0484552 0.0482291 0.1176577 0.1140085 0.0631223 0.0857067 0.0684640 0.0848331 0.1145403 0.0530336 0.0586391 0.0751685 0.0426689 0.0677864 0.0862585 0.0817583 0.0544475 0.0374314 0.0905062 0.0528967 0.0477868 0.0642575 0.1028951 0.0582960 0.0000010 0.0480922 0.0792165 0.0733192 0.0771106 0.0918071 0.0736318 0.0530534 0.0428141 0.0693851 0.0563858 0.0792366 0.0532827 0.0738302 0.0910288 0.0864047 0.0478122 0.0627766 0.0579733 0.0481695 0.0327277 0.0743256 0.0911302 0.0585072 0.0628432 0.0919905 0.0645980 0.0688005 0.0475504 0.0476441 
S0419         0.1911646 0.0576331 0.0090011 0.0435377 0.0692623 0.0913315 0.0629320 0.0424129 0.0686267 0.0795675 0.0911162 0.0852933 0.0476571 0.8239075 0.0660950 0.0695041 0.1075500 0.0797165 0.0000000 0.0475344 0.0427518 0.0801733 0.0728942 0.1020829 0.0574649 0.0740994 0.0795886 0.0624606 0.0744201 0.0702000 0.0927218 0.0606298 0.0373745 0.0426607 0.0865450 0.0847864 0.0736161 0.0278159 0.0633161 0.0135538 0.0279436 0.0789895 0.0373745 0.0961796 0.0521320 0.0837295 0.0631824 0.0521309 0.0572217 0.0423084 0.0733229 0.0685088 0.0833699 0.0839520 0.0288103 0.0924182 0.0528343 0.0581224 0.0578506 0.0883487 0.0856854 0.0785470 0.0740276 0.0682353 0.0629104 0.0860742 0.0631021 0.0688830 0.0637809 0.0850776 0.0779582 0.0970401 0.0331722 0.0758541 0.0789534 0.0787578 0.0424109 0.0577300 0.0532518 0.0474373 0.0684743 0.8086841 0.0581016 0.0576267 0.0730740 0.0820633 0.0744865 0.0523897 0.0743258 0.0526791 0.0183523 0.0296595 0.0897141 0.0634009 0.0425673 0.0738380 0.0746155 0.0680374 0.0896670 0.0680926 0.1028420 0.0528759 0.0687569 0.0908159 0.0632483 0.0521037 0.0792123 0.0433781 0.0526649 0.0424291 0.0373596 
S0427         0.1823130 0.0229200 0.0374796 0.0434221 0.0428575 0.0634235 0.0574570 0.0426539 0.0424854 0.0800564 0.0850733 0.0793701 0.0523521 0.0000010 0.0391137 0.0380194 0.0787744 0.0527420 0.0475344 0.0000000 0.0474378 0.0530288 0.0468190 0.0736056 0.0575322 0.0475573 0.0628625 0.0628270 0.0477468 0.0651589 0.0643569 0.0445815 0.0419903 0.0473370 0.0851976 0.0575982 0.0472606 0.0424219 0.0375258 0.0526974 0.0426204 0.0522855 0.0419903 0.0681658 0.0468862 0.0569137 0.0472761 0.0468851 0.0575536 0.0528744 0.0470822 0.0424153 0.0566804 0.0570609 0.0335662 0.0854930 0.0475093 0.0426889 0.0424932 0.0869439 0.0843649 0.0470647 0.0683251 0.0422493 0.0574377 0.0847416 0.0374065 0.0426348 0.0582231 0.0577802 0.0516299 0.0687567 0.0590025 0.0650243 0.0522579 0.0678679 0.0372964 0.0324512 0.0478819 0.0686180 0.0423939 0.1291336 0.0326518 0.0522515 0.0469268 0.0703509 0.0687449 0.0471147 0.0685963 0.0276934 0.0378331 0.0345543 0.0567374 0.0375770 0.0423370 0.0681509 0.0688607 0.0421355 0.0674030 0.0421673 0.0741462 0.0277913 0.0376596 0.0735364 0.0425251 0.0468607 0.0742054 0.0481302 0.0424296 0.0044831 0.0323440 
S0430         0.1923117 0.0524394 0.0425361 0.0435763 0.0638243 0.0747602 0.0576582 0.0687759 0.0632452 0.0977330 0.0532155 0.0912519 0.0137019 0.1291336 0.0605341 0.0640465 0.1016250 0.0636462 0.0427518 0.0474378 0.0000000 0.0640023 0.0573335 0.0791650 0.0680370 0.0582609 0.0740445 0.0902245 0.0585024 0.0823393 0.0868763 0.0662430 0.0421345 0.0090862 0.0918415 0.0731329 0.0681912 0.0425698 0.0475372 0.0580032 0.0427693 0.0574956 0.0421345 0.0795741 0.0372884 0.0575199 0.0477757 0.0372875 0.0738669 0.0480339 0.0576633 0.0529118 0.0674944 0.0679580 0.0287261 0.1035157 0.0377787 0.0428546 0.0426587 0.0937615 0.0909283 0.0679251 0.0582052 0.0628863 0.0576387 0.0913414 0.0578122 0.0634787 0.0482219 0.0688415 0.0521725 0.0695190 0.0236838 0.0759349 0.0630489 0.0628983 0.0090367 0.0525270 0.0380752 0.0741904 0.0631059 0.0000010 0.0528626 0.0524335 0.0676938 0.0544485 0.0689923 0.0472779 0.0482027 0.0475366 0.0429426 0.0295703 0.0630368 0.0580845 0.0473978 0.0683936 0.0586573 0.0525546 0.0630058 0.0627558 0.0801052 0.0477121 0.0686115 0.0788886 0.0530526 0.0372680 0.0692140 0.0284210 0.0425948 0.0423446 0.0229681 
S0478         0.1822679 0.0479656 0.0690883 0.0653607 0.0698933 0.0482866 0.0798850 0.0749319 0.0640002 0.0584476 0.1041185 0.0638207 0.0691584 0.1291336 0.0667139 0.0701393 0.1028905 0.0278929 0.0801733 0.0530288 0.0640023 0.0000000 0.0579565 0.0861656 0.0965346 0.0329611 0.0856741 0.0912619 0.0231477 0.0547909 0.0936060 0.0785249 0.0684016 0.0638599 0.1094496 0.0685978 0.0742817 0.0579913 0.0638831 0.0858958 0.0694863 0.0690627 0.0684016 0.0475012 0.0632248 0.0738253 0.0534144 0.0579934 0.0477360 0.0752932 0.0582939 0.0536015 0.0682368 0.0687099 0.0550218 0.1222393 0.0641042 0.0487216 0.0484934 0.1123421 0.1088559 0.0634723 0.0862050 0.0688473 0.0798560 0.1093640 0.0636651 0.0695068 0.0640282 0.0428982 0.0681621 0.0867631 0.0822395 0.0547543 0.0376296 0.0910313 0.0531855 0.0582398 0.0646206 0.0977724 0.0690905 0.0000010 0.0483549 0.0742747 0.0737305 0.0775666 0.0922675 0.0687305 0.0533450 0.0531411 0.0697790 0.0567153 0.0796879 0.0639693 0.0742472 0.0914448 0.0869114 0.0582706 0.0631228 0.0687019 0.0535250 0.0427207 0.0747482 0.0916637 0.0588325 0.0579628 0.0925348 0.0649642 0.0691877 0.0478065 0.0428442 
S0552sl       0.1975158 0.0517501 0.0622518 0.0585617 0.0629541 0.0737180 0.0572733 0.0678345 0.0572828 0.0907307 0.0957861 0.0791338 0.0623130 0.1291336 0.0596884 0.0631702 0.1001588 0.0627808 0.0728942 0.0468190 0.0573335 0.0579565 0.0000000 0.0840278 0.0780385 0.0574779 0.0730233 0.0782712 0.0577125 0.0756443 0.0801428 0.0709806 0.0616531 0.0572105 0.1070772 0.0780915 0.0571156 0.0623028 0.0572304 0.0783779 0.0574751 0.0471523 0.0616531 0.0732549 0.0566596 0.0771729 0.0571362 0.0467592 0.0728504 0.0681509 0.0090415 0.0423022 0.0089891 0.0090463 0.0485236 0.1074657 0.0574217 0.0425737 0.0423788 0.0978562 0.0949340 0.0568758 0.0786516 0.0620415 0.0674613 0.0953605 0.0570421 0.0574929 0.0631896 0.0678981 0.0715919 0.0899524 0.0747110 0.0810876 0.0621998 0.0833484 0.0469523 0.0518354 0.0527659 0.0843544 0.0622554 0.0000010 0.0521614 0.0621676 0.0567089 0.0810023 0.0685461 0.0569160 0.0789673 0.0469153 0.0628552 0.0499700 0.0829521 0.0573059 0.0672340 0.0784179 0.0792741 0.0420401 0.0775786 0.0619154 0.0687681 0.0470862 0.0676748 0.0839079 0.0424108 0.0467350 0.0956207 0.0581725 0.0623388 0.0417984 0.0418789 
S0558         0.2103293 0.0789117 0.0904565 0.0928052 0.0915348 0.0975406 0.1074028 0.0966790 0.0906589 0.1219812 0.1143549 0.1149366 0.0728527 0.1291336 0.0889029 0.0861832 0.1199543 0.0856676 0.1020829 0.0736056 0.0791650 0.0861656 0.0840278 0.0000000 0.1074722 0.0799316 0.1136973 0.1194915 0.0802849 0.1061174 0.0980862 0.0890609 0.0895351 0.0676240 0.1157024 0.1076734 0.0904569 0.0905364 0.0850677 0.1081064 0.0909892 0.0788418 0.0895351 0.1024281 0.0841672 0.1063292 0.0735084 0.0841655 0.0853208 0.0971564 0.0845330 0.0741900 0.0947921 0.0897469 0.0650729 0.1339399 0.0853714 0.0802038 0.0798144 0.1182655 0.1145167 0.0845363 0.0901913 0.0793267 0.1018003 0.1085708 0.0847665 0.0798516 0.0975613 0.0911220 0.1001495 0.1209000 0.0858474 0.1060241 0.0848371 0.1078170 0.0680242 0.0790476 0.0860615 0.1266053 0.0904521 0.0000010 0.0795729 0.1014289 0.0842431 0.0991701 0.1208394 0.0955096 0.1031288 0.0684075 0.0913782 0.0673585 0.1127681 0.0851799 0.0901840 0.1197521 0.0910371 0.0790889 0.1012100 0.0790888 0.1029837 0.0740497 0.0850863 0.1258856 0.0798706 0.0841219 0.1082684 0.0865229 0.0787516 0.0681128 0.0682557 
S0616         0.1813017 0.0730034 0.0471961 0.0536514 0.0744903 0.1080654 0.0784953 0.0631478 0.0738017 0.1141253 0.0846505 0.1009995 0.0731358 0.1447076 0.0714550 0.0747502 0.1246582 0.0959735 0.0574649 0.0575322 0.0680370 0.0965346 0.0780385 0.1074722 0.0000000 0.0901371 0.0904600 0.0842363 0.0905426 0.0987480 0.0982141 0.0604597 0.0621072 0.0678872 0.1020044 0.1011271 0.0579758 0.0627672 0.0684402 0.0627444 0.0630681 0.0950800 0.0621072 0.1129230 0.0672200 0.0998399 0.0736393 0.0672186 0.0837627 0.0629556 0.0891748 0.0843163 0.0886002 0.0775410 0.0540537 0.1013478 0.0681442 0.0736298 0.0732799 0.1037478 0.1009908 0.0783066 0.0900489 0.0839797 0.0784673 0.1014497 0.0682068 0.0784319 0.0795702 0.1014864 0.0938186 0.1139438 0.0693605 0.0985287 0.0894981 0.0625402 0.0572907 0.0525835 0.0686842 0.0736923 0.0736372 0.3362632 0.0631480 0.0729956 0.0888713 0.0874950 0.0797520 0.0675591 0.0849866 0.0679396 0.0528459 0.0503823 0.1061031 0.0685311 0.0677373 0.0898190 0.0907772 0.0628017 0.1060454 0.0775329 0.1199450 0.0681996 0.0792741 0.1074363 0.0788937 0.0671840 0.0905830 0.0690444 0.0627772 0.0523007 0.0520372 
S0624         0.1736656 0.0376553 0.0632623 0.0648531 0.0535017 0.0380276 0.0737707 0.0584010 0.0530235 0.0433295 0.0863025 0.0530777 0.0633255 0.1291336 0.0499643 0.0536874 0.0907793 0.0279550 0.0740994 0.0475573 0.0582609 0.0329611 0.0574779 0.0799316 0.0901371 0.0000000 0.0741032 0.0688294 0.0279872 0.0491135 0.0871022 0.0611214 0.0626435 0.0581333 0.1026927 0.0687905 0.0579122 0.0530584 0.0478951 0.0690413 0.0636210 0.0632404 0.0626435 0.0475485 0.0575645 0.0576661 0.0430175 0.0575632 0.0423897 0.0641092 0.0578096 0.0480637 0.0676642 0.0681282 0.0493181 0.1210792 0.0583517 0.0432516 0.0430505 0.0996351 0.1078563 0.0577874 0.0799700 0.0630452 0.0791641 0.1083557 0.0477381 0.0584213 0.0695574 0.0328542 0.0573678 0.0750992 0.0759788 0.0490819 0.0136716 0.0847440 0.0476951 0.0425896 0.0585385 0.0911886 0.0529081 0.0000010 0.0429306 0.0736385 0.0678637 0.0713372 0.0857979 0.0681483 0.0429087 0.0426608 0.0638856 0.0508134 0.0684341 0.0479604 0.0683303 0.0848470 0.0806143 0.0426121 0.0474437 0.0577599 0.0380314 0.0428173 0.0635791 0.0853226 0.0531879 0.0575331 0.0861205 0.0588456 0.0633521 0.0424514 0.0425344 
S0641         0.2001618 0.0577345 0.0685944 0.0539860 0.0479158 0.1027504 0.0627497 0.0580278 0.0476417 0.1092938 0.1022769 0.1202275 0.0792445 0.1291336 0.0442059 0.0432272 0.1079317 0.0743885 0.0795886 0.0628625 0.0740445 0.0856741 0.0730233 0.1136973 0.0904600 0.0741032 0.0000000 0.0789177 0.0798356 0.1114969 0.0925149 0.0607133 0.0679178 0.0738786 0.1149829 0.0740237 0.0575458 0.0581039 0.0475957 0.0852624 0.0689867 0.0791316 0.0679178 0.1076173 0.0627797 0.0732661 0.0737791 0.0731379 0.1014649 0.0855577 0.0734538 0.0686314 0.0835179 0.0841018 0.0599051 0.1272864 0.0683292 0.0690996 0.0687699 0.1113438 0.1138132 0.0840615 0.0849162 0.0789205 0.0786804 0.1143431 0.0474409 0.0690070 0.0806766 0.0962591 0.0780962 0.0856474 0.0927670 0.1113971 0.0899006 0.0850453 0.0630232 0.0423269 0.0588960 0.0845005 0.0525752 0.0000010 0.0685966 0.0790905 0.0838085 0.0934900 0.0850384 0.0735160 0.0970028 0.0527721 0.0692742 0.0562942 0.0898750 0.0377684 0.0737137 0.0908798 0.0973921 0.0522486 0.1010540 0.0682138 0.0972350 0.0478541 0.0849707 0.0854029 0.0688191 0.0731000 0.1030124 0.0644957 0.0792777 0.0575417 0.0576346 
S0643         0.2293243 0.0628490 0.0520856 0.0754633 0.0530837 0.1030534 0.0783947 0.0276157 0.0526140 0.0904793 0.1209045 0.0966622 0.0955563 0.8239075 0.0495641 0.0532674 0.1190977 0.0852799 0.0624606 0.0628270 0.0902245 0.0912619 0.0782712 0.1194915 0.0842363 0.0688294 0.0789177 0.0000000 0.0908603 0.0867379 0.1101277 0.0443313 0.0837179 0.0900178 0.1327910 0.0848554 0.0574642 0.0791526 0.0475275 0.0677984 0.0850612 0.0954122 0.0837179 0.1077024 0.0890971 0.1001877 0.0847162 0.0890954 0.0727187 0.0733785 0.0732570 0.0794615 0.0888659 0.0894905 0.0760513 0.1272312 0.0903748 0.0852015 0.0847871 0.1172771 0.1196128 0.0896809 0.1136220 0.0842701 0.0901308 0.1201731 0.0473731 0.0743036 0.0912730 0.0965385 0.1051184 0.1260888 0.0799927 0.0926331 0.0844958 0.1070679 0.0787424 0.0422665 0.0911021 0.0573126 0.0525002 0.8086841 0.0738588 0.0844540 0.0891776 0.1113298 0.0850670 0.0788047 0.1085407 0.0578475 0.0738478 0.0784258 0.1178389 0.0475915 0.0898156 0.0964208 0.1145777 0.0521744 0.1007853 0.0734439 0.0916216 0.0580658 0.0849257 0.1193493 0.0791662 0.0890506 0.1191651 0.0915885 0.0900635 0.0575092 0.0731234 
S0645sl       0.1812238 0.0427574 0.0635273 0.0651332 0.0642595 0.0430396 0.0795387 0.0692462 0.0636720 0.0530588 0.0978986 0.0583383 0.0635910 0.1291336 0.0609574 0.0644845 0.1023569 0.0230284 0.0744201 0.0477468 0.0585024 0.0231477 0.0577125 0.0802849 0.0905426 0.0279872 0.0798356 0.0908603 0.0000000 0.0493168 0.0875014 0.0725312 0.0629030 0.0583737 0.1031755 0.0682532 0.0686532 0.0526495 0.0583945 0.0800379 0.0530530 0.0635052 0.0629030 0.0477378 0.0577999 0.0682362 0.0480897 0.0577987 0.0425552 0.0695762 0.0580471 0.0482576 0.0679475 0.0684167 0.0441688 0.1216790 0.0585932 0.0434244 0.0432225 0.1118232 0.1083684 0.0580248 0.0803236 0.0633083 0.0795099 0.1088720 0.0581982 0.0639088 0.0698580 0.0377696 0.0626855 0.0808410 0.0763171 0.0492850 0.0326175 0.0851201 0.0478858 0.0528732 0.0590632 0.0973369 0.0635307 0.0000010 0.0431003 0.0739549 0.0681489 0.0716545 0.0918579 0.0684369 0.0480283 0.0478471 0.0641562 0.0455012 0.0739756 0.0584734 0.0577246 0.0910418 0.0809741 0.0529012 0.0577087 0.0631769 0.0532978 0.0376152 0.0690794 0.0743064 0.0429680 0.0577683 0.0865096 0.0593759 0.0636179 0.0426174 0.0427013 
S0656sl       0.2018195 0.0650980 0.0592603 0.0834878 0.0887714 0.0655590 0.0991270 0.0649855 0.0879009 0.0597870 0.1255119 0.0598512 0.0877914 0.7559752 0.0859868 0.0890929 0.1237204 0.0544836 0.0702000 0.0651589 0.0823393 0.0547909 0.0756443 0.1061174 0.0987480 0.0491135 0.1114969 0.0867379 0.0493168 0.0000000 0.1071375 0.0803481 0.0867820 0.0821457 0.1310987 0.0938149 0.0931896 0.0877768 0.0821781 0.0758397 0.0820299 0.0815088 0.0867820 0.0337027 0.0812865 0.0925872 0.0710155 0.0757682 0.0382186 0.0761398 0.0761071 0.0712698 0.0865513 0.0871788 0.0732503 0.1451764 0.0824784 0.0600153 0.0597251 0.1341793 0.1366112 0.0761805 0.0946236 0.0873761 0.0990882 0.1372839 0.0818800 0.0820527 0.0949344 0.0596977 0.0864613 0.1068658 0.0721701 0.0194031 0.0539669 0.1111476 0.0706970 0.0760398 0.0831652 0.0763836 0.0876942 0.7182898 0.0656505 0.0931023 0.0924648 0.0857599 0.1126157 0.0871415 0.0709170 0.0706310 0.0767849 0.0756141 0.0989564 0.0822901 0.0931520 0.1115770 0.0886312 0.0760807 0.0811440 0.0761457 0.0442344 0.0709125 0.0881977 0.1119595 0.0710899 0.0757277 0.1003991 0.0836236 0.0768767 0.0596236 0.0650093 
S0689         0.1934894 0.0696643 0.0811351 0.0827984 0.0821085 0.1053787 0.0923803 0.0872958 0.0753342 0.1168898 0.1105749 0.1233714 0.0923053 0.1291336 0.0791856 0.0758841 0.1034180 0.0930499 0.0927218 0.0643569 0.0868763 0.0936060 0.0801428 0.0980862 0.0982141 0.0871022 0.0925149 0.1101277 0.0875014 0.1071375 0.0000000 0.0916097 0.0803036 0.0866744 0.1301543 0.0983244 0.0865116 0.0812068 0.0757364 0.0987179 0.0816169 0.0865525 0.0803036 0.1033803 0.0857723 0.1024257 0.0865531 0.0857706 0.1040242 0.0990702 0.0806304 0.0694047 0.0910156 0.0916713 0.0666052 0.1431756 0.0810639 0.0762082 0.0758338 0.1259731 0.1287811 0.0916267 0.0917637 0.0808432 0.0864284 0.1294036 0.0754679 0.0816390 0.0937406 0.0986811 0.0962196 0.1170197 0.1068877 0.1070424 0.0921252 0.1096464 0.0752323 0.0697853 0.0756168 0.1171616 0.0811341 0.0000010 0.0702517 0.0921220 0.0858511 0.0959012 0.1113822 0.0862328 0.1053124 0.0644958 0.0819694 0.0687072 0.1088909 0.0758387 0.0864753 0.1103655 0.0917637 0.0805960 0.1032695 0.0752969 0.1103010 0.0647475 0.0526499 0.1044367 0.0758884 0.0857255 0.1219837 0.0771140 0.0923446 0.0588965 0.0695399 
S0690         0.2071693 0.0446011 0.0497508 0.0621694 0.0243105 0.0781020 0.0710942 0.0142453 0.0343105 0.0900989 0.0901131 0.0836024 0.0774299 0.0000010 0.0199805 0.0347452 0.1010745 0.0669219 0.0606298 0.0445815 0.0662430 0.0785249 0.0709806 0.0890609 0.0604597 0.0611214 0.0607133 0.0443313 0.0725312 0.0803481 0.0916097 0.0000000 0.0656688 0.0718463 0.1018046 0.0776201 0.0340165 0.0608934 0.0191514 0.0662330 0.0667454 0.0718422 0.0656688 0.0952468 0.0657031 0.0822697 0.0717455 0.0710962 0.0714115 0.0719312 0.0714166 0.0663881 0.0819011 0.0824981 0.0405272 0.1081201 0.0721352 0.0668594 0.0665270 0.0915569 0.1007421 0.0714184 0.0954960 0.0661109 0.0831059 0.1012230 0.0190905 0.0558929 0.0843462 0.0836531 0.0873480 0.1080125 0.0777869 0.0895339 0.0772781 0.0771129 0.0605714 0.0240494 0.0727392 0.0659611 0.0289141 0.0000010 0.0555519 0.0657809 0.0711639 0.0985957 0.0834561 0.0714789 0.0959159 0.0395270 0.0662975 0.0474459 0.0999925 0.0191789 0.0603562 0.0775650 0.0963181 0.0340173 0.0940798 0.0552333 0.0845338 0.0396779 0.0666336 0.1012985 0.0608498 0.0710576 0.1129736 0.0731421 0.0718778 0.0392885 0.0549855 
S0720         0.1825330 0.0468822 0.0276353 0.0380841 0.0579052 0.0791270 0.0519704 0.0627684 0.0573914 0.1020411 0.0789465 0.0955533 0.0469664 0.1291336 0.0545151 0.0581049 0.0948232 0.0680233 0.0373745 0.0419903 0.0421345 0.0684016 0.0616531 0.0895351 0.0621072 0.0626435 0.0679178 0.0837179 0.0629030 0.0867820 0.0803036 0.0656688 0.0000000 0.0420462 0.0796605 0.0729576 0.0622458 0.0276563 0.0522770 0.0423676 0.0277825 0.0674215 0.0000010 0.0838893 0.0416519 0.0720733 0.0471538 0.0416509 0.0781870 0.0524496 0.0620053 0.0572958 0.0717730 0.0722616 0.0187498 0.0908697 0.0421967 0.0472714 0.0470559 0.0812813 0.0788857 0.0722271 0.0625842 0.0570705 0.0519533 0.0792365 0.0521064 0.0575987 0.0526534 0.0731964 0.0665643 0.0846233 0.0585154 0.0867141 0.0673888 0.0672290 0.0322153 0.0469593 0.0425246 0.0680494 0.0572672 0.0000010 0.0472530 0.0468769 0.0617999 0.0699718 0.0629637 0.0418516 0.0628283 0.0420765 0.0278924 0.0095480 0.0777724 0.0523466 0.0323304 0.0624259 0.0630671 0.0569115 0.0777333 0.0569559 0.0901920 0.0422287 0.0626222 0.0786972 0.0574465 0.0416294 0.0683052 0.0329329 0.0469859 0.0370251 0.0273713 
S0724sl       0.1917814 0.0523273 0.0424455 0.0434819 0.0636829 0.0745909 0.0575339 0.0686229 0.0631062 0.0975023 0.0530998 0.0910398 0.0044670 0.1291336 0.0603962 0.0639033 0.1013872 0.0635054 0.0426607 0.0473370 0.0090862 0.0638599 0.0572105 0.0676240 0.0678872 0.0581333 0.0738786 0.0900178 0.0583737 0.0821457 0.0866744 0.0718463 0.0420462 0.0000000 0.0916278 0.0790110 0.0680408 0.0424792 0.0578801 0.0578778 0.0426781 0.0573720 0.0420462 0.0793941 0.0372100 0.0573952 0.0476727 0.0372092 0.0737017 0.0479304 0.0575391 0.0527979 0.0673481 0.0678086 0.0286650 0.1032694 0.0376989 0.0427641 0.0425678 0.0935378 0.0907183 0.0677758 0.0473785 0.0627489 0.0575146 0.0851200 0.0576874 0.0633386 0.0481178 0.0686881 0.0520615 0.0693619 0.0138893 0.0820820 0.0629108 0.0627608 0.0090187 0.0524145 0.0379944 0.0740239 0.0629675 0.0000010 0.0527483 0.0523214 0.0675452 0.0596502 0.0688379 0.0471777 0.0480987 0.0474354 0.0428500 0.0295055 0.0628987 0.0579568 0.0472971 0.0682422 0.0477360 0.0524420 0.0628678 0.0626200 0.0799226 0.0476092 0.0684593 0.0849113 0.0529370 0.0371896 0.0743067 0.0283614 0.0323803 0.0422554 0.0229215 
S0735         0.2335096 0.0906756 0.0804785 0.0825338 0.1039509 0.1154411 0.1086058 0.1092130 0.0916610 0.1338880 0.1347372 0.1266056 0.0972778 0.1291336 0.1016154 0.1043221 0.1455142 0.1087938 0.0865450 0.0851976 0.0918415 0.1094496 0.1070772 0.1157024 0.1020044 0.1026927 0.1149829 0.1327910 0.1031755 0.1310987 0.1301543 0.1018046 0.0796605 0.0916278 0.0000000 0.1205398 0.1082069 0.0805490 0.0971428 0.0979005 0.0809524 0.1025982 0.0796605 0.1263926 0.0850443 0.1189375 0.0969226 0.0960414 0.1083448 0.1097149 0.1077464 0.0970850 0.1183958 0.1131865 0.0717812 0.0232333 0.0856071 0.1034909 0.1029714 0.0140461 0.0090651 0.1021727 0.1040798 0.0801557 0.1085630 0.0091030 0.0967872 0.0975235 0.1101810 0.1029934 0.1124902 0.1343188 0.1120466 0.1249280 0.1077089 0.1022846 0.0854276 0.0908343 0.0869789 0.1280648 0.1026872 0.0000010 0.0914514 0.1025572 0.0851218 0.1122510 0.1215333 0.0965627 0.1154261 0.0853820 0.0812993 0.0625758 0.1256740 0.0972691 0.0857737 0.1083709 0.1049602 0.1019949 0.1314177 0.0963474 0.1278300 0.0857243 0.1089222 0.1213151 0.1030407 0.0959916 0.1407933 0.0874897 0.0861589 0.0794876 0.0796253 
