98
PAFTOL_019361 0.0000000 0.1989072 0.2082552 0.1836303 0.2555424 0.1906070 0.2331453 0.2408640 0.2674630 0.2702841 0.2273461 0.2547831 0.2475802 0.2358053 0.2150735 0.2481770 0.2491828 0.2184752 0.2064674 0.2349325 0.2592711 0.2157929 0.2305131 0.2424667 0.2170528 0.2315072 0.1950787 0.2557334 0.2255392 0.2403106 0.2082552 0.2220449 0.2262255 0.2079013 0.2393207 0.2185997 0.2652103 0.1913526 0.2109125 0.1708017 0.2289063 0.2396023 0.2102595 0.2439410 0.2455865 0.2054205 0.2010473 0.2670048 0.2229778 0.2568090 0.2219713 0.2193602 0.2269861 0.1924506 0.2118577 0.2719945 0.2109195 0.2189546 0.1908108 0.2551100 0.2575956 0.2318976 0.2133237 0.2038474 0.2423581 0.2089703 0.2034466 0.2205212 0.2636213 0.2206881 0.2011251 0.2438144 0.1997039 0.2168206 0.2275652 0.2302613 0.2543509 0.2102595 0.2454225 0.2324579 0.2201097 0.2070216 0.2039460 0.2556899 0.2207237 0.2236994 0.1826928 0.2308014 0.2042379 0.2255619 0.2399571 0.1902887 0.1986088 0.2330105 0.1981764 0.2259603 0.2094160 0.1912828 
S0055         0.1989072 0.0000000 0.0778877 0.0720441 0.0780911 0.0627961 0.0671308 0.0806017 0.1233265 0.0986524 0.0914454 0.0619794 0.0781854 0.0786035 0.0680842 0.0970152 0.0846785 0.0786384 0.0629281 0.0670749 0.1131262 0.0611278 0.0773812 0.0902169 0.0745263 0.0671308 0.0804232 0.1445132 0.0624075 0.0673300 0.0778877 0.0887408 0.0670954 0.0968952 0.0743664 0.0841873 0.1012867 0.0470115 0.0641254 0.0686469 0.0911547 0.0580047 0.0780835 0.1703271 0.1066016 0.0702292 0.0708765 0.1528778 0.0891152 0.1450808 0.0587068 0.0734582 0.0792792 0.0732527 0.0728366 0.1641217 0.0518595 0.0569499 0.0515247 0.0919156 0.0956083 0.0897889 0.0482927 0.0676866 0.0789056 0.0812084 0.0727515 0.0624558 0.0787205 0.0234492 0.0519072 0.0855106 0.0788079 0.0838930 0.0727080 0.1068964 0.1152962 0.0780835 0.0909071 0.0623839 0.0846301 0.0840514 0.0740116 0.1030050 0.0726889 0.0850679 0.0574848 0.0683269 0.0726867 0.0798739 0.0896766 0.0519950 0.0572096 0.0993143 0.0471321 0.0746183 0.0413188 0.0570430 
S0196sl       0.2082552 0.0778877 0.0000000 0.0329917 0.0798777 0.0652162 0.0745620 0.0815859 0.1160930 0.1098971 0.0868857 0.0714547 0.0745631 0.0749430 0.0598927 0.0978292 0.0978611 0.0948047 0.0545933 0.0852814 0.1142596 0.0643732 0.0738276 0.1015508 0.0813489 0.0640598 0.0361238 0.1658615 0.0593952 0.0694772 0.0000010 0.0085289 0.0517697 0.0408247 0.0858718 0.0797617 0.1022574 0.0548790 0.0609747 0.0565275 0.0753145 0.0801688 0.0308379 0.1942810 0.1010616 0.0608604 0.0770162 0.1745951 0.0085625 0.1665076 0.0599888 0.0645373 0.0800085 0.0815241 0.0752937 0.1729621 0.0590688 0.0449389 0.0601139 0.0923780 0.0967841 0.0863115 0.1090132 0.0839822 0.0802614 0.0923746 0.0541594 0.0694137 0.0852581 0.0716526 0.0658268 0.0806993 0.0601494 0.0856054 0.0746762 0.0220677 0.0975862 0.0308379 0.1027300 0.0642968 0.0453369 0.0707846 0.0604671 0.0869663 0.0696268 0.0806421 0.0698651 0.0759117 0.0543314 0.0707824 0.0901435 0.0503052 0.0502448 0.1029848 0.0401744 0.0761191 0.0406913 0.0597806 
S0281         0.1836303 0.0720441 0.0329917 0.0000000 0.0641995 0.0432316 0.0699564 0.0824738 0.1196856 0.0819530 0.0881068 0.0637181 0.0588024 0.0646237 0.0533889 0.0881302 0.0706382 0.0913474 0.0429334 0.0480443 0.1112875 0.0536979 0.0692163 0.0921060 0.0706586 0.0588024 0.0388945 0.1581043 0.0585593 0.0481293 0.0329917 0.0429736 0.0497697 0.0439689 0.0811239 0.0693024 0.0861175 0.0380313 0.0546273 0.0500740 0.0699390 0.0598608 0.0329729 0.1784436 0.0867454 0.0656337 0.0603907 0.1671872 0.0431564 0.1587554 0.0433605 0.0536211 0.0700474 0.0645906 0.0586335 0.1808216 0.0534997 0.0382233 0.0486085 0.0764498 0.0805191 0.0871460 0.0588836 0.0798332 0.0756208 0.0886524 0.0428933 0.0591264 0.0697256 0.0656874 0.0437161 0.0875355 0.0593395 0.0641348 0.0586858 0.0485485 0.0938452 0.0329729 0.0696847 0.0590363 0.0384697 0.0594209 0.0542210 0.0934498 0.0589569 0.0649988 0.0642524 0.0598016 0.0378779 0.0709146 0.0750928 0.0435515 0.0383805 0.0920088 0.0381898 0.0702585 0.0384129 0.0486093 
S0282         0.2555424 0.0780911 0.0798777 0.0641995 0.0000000 0.0815243 0.0313157 0.0769765 0.1298787 0.1169024 0.1051534 0.0527626 0.0313171 0.0409480 0.0754925 0.0986751 0.0922764 0.1130691 0.0601364 0.0799492 0.1277990 0.0312719 0.0403472 0.1144013 0.0867903 0.0219639 0.0929842 0.1799189 0.0748685 0.0174932 0.0798777 0.0903874 0.0583427 0.0983122 0.0866006 0.0965921 0.1083824 0.0604549 0.0778333 0.0677920 0.0927585 0.0620442 0.0746177 0.1974970 0.1071611 0.0882761 0.0832474 0.1890823 0.0907554 0.1806311 0.0557778 0.0812510 0.0976190 0.0930741 0.0920276 0.1888040 0.0264883 0.0356964 0.0550784 0.0931736 0.1028102 0.0993696 0.0782644 0.1015909 0.0458543 0.1110061 0.0804929 0.0359701 0.0312965 0.0663745 0.0659920 0.0927552 0.0983139 0.0978869 0.0498766 0.1025252 0.1219477 0.0746177 0.1096533 0.0220448 0.0808198 0.0813984 0.0766839 0.1043632 0.0405942 0.0869776 0.0549519 0.0813468 0.0752981 0.0824102 0.0966523 0.0510456 0.0710516 0.1028577 0.0504196 0.0873604 0.0600428 0.0708513 
S0292         0.1906070 0.0627961 0.0652162 0.0432316 0.0815243 0.0000000 0.0872962 0.0833002 0.1134022 0.0713921 0.0954309 0.0732776 0.0819326 0.0714020 0.0660337 0.0896211 0.0877356 0.0920480 0.0408554 0.0664764 0.0989438 0.0653635 0.0864129 0.1053799 0.0718026 0.0761651 0.0672569 0.1794046 0.0558184 0.0708994 0.0652162 0.0754627 0.0476120 0.0723856 0.0827715 0.0761575 0.0994019 0.0265555 0.0518795 0.0530551 0.0718514 0.0623563 0.0553133 0.1891108 0.1042758 0.0619058 0.0570742 0.1885325 0.0757714 0.1801129 0.0513103 0.0606336 0.0717059 0.0871228 0.0455318 0.2018400 0.0708994 0.0609334 0.0506619 0.0778796 0.0938448 0.0774947 0.0855803 0.0810453 0.0818279 0.0841644 0.0502195 0.0717686 0.0760697 0.0625095 0.0605347 0.0889353 0.0268357 0.0172688 0.0762103 0.0871290 0.1058770 0.0553133 0.0940204 0.0764549 0.0611010 0.0461056 0.0672973 0.0887764 0.0765567 0.0831352 0.0654651 0.0724903 0.0453727 0.0729387 0.0821047 0.0506008 0.0360526 0.1001985 0.0459933 0.0675144 0.0602559 0.0411074 
S0293         0.2331453 0.0671308 0.0745620 0.0699564 0.0313157 0.0872962 0.0000000 0.0715632 0.1236300 0.1174749 0.0935440 0.0527795 0.0266245 0.0360991 0.0650912 0.0985645 0.0982382 0.1017124 0.0654836 0.0803170 0.1216546 0.0265859 0.0355720 0.1085148 0.0926543 0.0174286 0.0873485 0.1779990 0.0696124 0.0312432 0.0745620 0.0849260 0.0583602 0.0926124 0.0924451 0.1025670 0.1146024 0.0658329 0.0667667 0.0570766 0.0871452 0.0555913 0.0801640 0.1863470 0.1079826 0.0826705 0.0891520 0.1870479 0.0852707 0.1786978 0.0711777 0.0758393 0.0919675 0.0820591 0.0979621 0.1852874 0.0218944 0.0357352 0.0603309 0.0991922 0.1089319 0.0813361 0.0699133 0.0905624 0.0409275 0.1050663 0.0751341 0.0312170 0.0456359 0.0719201 0.0609517 0.0871418 0.0926216 0.1089406 0.0550117 0.1026489 0.1158885 0.0801640 0.1097887 0.0174925 0.0865314 0.0933406 0.0713610 0.1044912 0.0501462 0.0870808 0.0601918 0.0814424 0.0753850 0.0769941 0.0967675 0.0511039 0.0711341 0.0913077 0.0403711 0.0875960 0.0551283 0.0607306 
S0294         0.2408640 0.0806017 0.0815859 0.0824738 0.0769765 0.0833002 0.0715632 0.0000000 0.1131351 0.1180301 0.1075084 0.0608881 0.0715644 0.0560568 0.0718248 0.1013160 0.0943517 0.0988495 0.0614178 0.1041517 0.1113117 0.0611835 0.0656854 0.1104752 0.1058935 0.0608785 0.0839818 0.1930543 0.0712189 0.0663806 0.0815859 0.0923327 0.0658535 0.0893211 0.0941070 0.1107401 0.1055050 0.0617496 0.0682445 0.0643850 0.0831560 0.0395181 0.0823198 0.2206102 0.1105902 0.0841474 0.0970388 0.2028350 0.0927155 0.1938469 0.0668733 0.0718218 0.0997639 0.0886761 0.0890690 0.2008419 0.0557971 0.0610973 0.0669183 0.0891128 0.0998467 0.0771307 0.0884136 0.0930072 0.0720379 0.1082457 0.0711452 0.0663188 0.0770950 0.0683090 0.0669805 0.0778883 0.0886606 0.1050797 0.0820192 0.1054086 0.1056225 0.0823198 0.1117914 0.0611093 0.0888892 0.0893594 0.0840647 0.0943686 0.0767699 0.0886422 0.0667611 0.0888665 0.0713846 0.0900411 0.0984948 0.0678181 0.0620526 0.1120746 0.0468067 0.1011868 0.0666677 0.0728585 
S0299         0.2674630 0.1233265 0.1160930 0.1196856 0.1298787 0.1134022 0.1236300 0.1131351 0.0000000 0.1553241 0.1395931 0.0895405 0.1236259 0.1052954 0.1185184 0.0365962 0.1385289 0.1470377 0.0880258 0.1485486 0.0618431 0.1117809 0.1223381 0.0832307 0.1375373 0.1112003 0.1078127 0.2269124 0.1175233 0.1177470 0.1160930 0.1277851 0.1039176 0.1130086 0.0716265 0.1421156 0.0890223 0.0949497 0.0958732 0.1050773 0.0889463 0.1182236 0.1171615 0.2068798 0.1050794 0.1267014 0.1344680 0.2376139 0.1283229 0.2278657 0.1131895 0.1057710 0.1364890 0.1256099 0.1248944 0.2352319 0.1053869 0.1004969 0.1073492 0.0361342 0.0835531 0.0234099 0.1652963 0.1343119 0.1306021 0.1309278 0.0991149 0.1047518 0.1362158 0.1156118 0.1074253 0.0563348 0.1061076 0.1368198 0.1238101 0.1426235 0.0407189 0.1171615 0.0842299 0.1116356 0.1246855 0.1200925 0.1079662 0.0314151 0.1180186 0.0664709 0.1125713 0.1076953 0.0994657 0.1206502 0.0720308 0.0962332 0.1008190 0.1186045 0.0895028 0.1384395 0.0958142 0.1073632 
S0308         0.2702841 0.0986524 0.1098971 0.0819530 0.1169024 0.0713921 0.1174749 0.1180301 0.1553241 0.0000000 0.1385893 0.1183783 0.1172314 0.1169909 0.0994208 0.1181630 0.1071772 0.0950458 0.0822968 0.1005728 0.1341544 0.1055910 0.1221071 0.1458954 0.1005500 0.1109978 0.1250644 0.2120657 0.0936328 0.1051996 0.1098971 0.1213929 0.0904730 0.1308396 0.1158729 0.0784507 0.1393175 0.0669299 0.0839795 0.0872511 0.1175574 0.0967139 0.0991239 0.2353202 0.1292558 0.1147946 0.1094061 0.2127331 0.1219014 0.2129447 0.0948370 0.0830132 0.0786730 0.1071899 0.1051663 0.2367077 0.1051996 0.0943928 0.0892732 0.1162146 0.1333103 0.1180850 0.0978526 0.0778735 0.1245985 0.0922517 0.0930116 0.1113346 0.1178260 0.0839328 0.0785655 0.1227216 0.1009903 0.0983476 0.0997380 0.1350425 0.1466332 0.0991239 0.1324722 0.1114322 0.1061278 0.1065712 0.1071067 0.1280282 0.1115877 0.1163978 0.0940700 0.0961209 0.0875863 0.1134826 0.1265170 0.0839676 0.0779179 0.1323643 0.0726489 0.1074067 0.0838012 0.0789507 
S0335         0.2273461 0.0914454 0.0868857 0.0881068 0.1051534 0.0954309 0.0935440 0.1075084 0.1395931 0.1385893 0.0000000 0.1033309 0.0993122 0.0998563 0.0943973 0.1252140 0.1252915 0.1160463 0.0775529 0.1226770 0.1431090 0.0881840 0.0982963 0.1288830 0.1191488 0.0877349 0.1006086 0.2191298 0.0936047 0.0937740 0.0868857 0.0977365 0.0534842 0.1060983 0.1118890 0.1100882 0.1354205 0.0728485 0.0780715 0.0628551 0.1003491 0.1038443 0.0928136 0.2432934 0.1282281 0.0835567 0.0901110 0.2295890 0.0981412 0.2200427 0.0836053 0.0884079 0.0999586 0.1135281 0.1064950 0.2273040 0.0822787 0.0775360 0.0779636 0.1192597 0.1293916 0.0938856 0.1237220 0.1093330 0.1003121 0.1193019 0.0875679 0.0936808 0.1056440 0.0968408 0.0902359 0.1062730 0.1009580 0.1179095 0.0994625 0.1050737 0.1369629 0.0928136 0.1304229 0.0880728 0.0996159 0.0955816 0.0503102 0.1248446 0.0939847 0.1062013 0.0883430 0.1014575 0.0878714 0.0218725 0.1162947 0.0731033 0.0783668 0.1250298 0.0618264 0.0602496 0.0834649 0.0781422 
S0376         0.2547831 0.0619794 0.0714547 0.0637181 0.0527626 0.0732776 0.0527795 0.0608881 0.0895405 0.1183783 0.1033309 0.0000000 0.0591066 0.0594842 0.0658585 0.0811500 0.0659981 0.0913771 0.0532152 0.0851513 0.1095479 0.0404029 0.0583579 0.0872327 0.0798124 0.0461961 0.0793290 0.2020241 0.0589193 0.0402976 0.0714547 0.0846795 0.0406768 0.0792439 0.0664951 0.0999203 0.0872919 0.0535774 0.0612852 0.0557662 0.0800068 0.0472617 0.0716754 0.1930333 0.1144966 0.0749503 0.0671573 0.2026605 0.0778226 0.1914893 0.0538368 0.0660988 0.0937489 0.0810143 0.0808289 0.2099944 0.0341115 0.0461638 0.0468357 0.0743408 0.0804188 0.0729723 0.0738840 0.0853317 0.0660943 0.0955915 0.0657012 0.0465521 0.0592172 0.0418483 0.0537665 0.0536072 0.0801077 0.1003091 0.0651543 0.1069729 0.0951836 0.0716754 0.0812302 0.0464151 0.0795824 0.0880286 0.0737821 0.0876487 0.0588143 0.0600095 0.0403782 0.0731174 0.0592634 0.0743633 0.0725654 0.0539427 0.0666292 0.1009295 0.0406725 0.0880056 0.0405795 0.0598781 
S0400         0.2475802 0.0781854 0.0745631 0.0588024 0.0313171 0.0819326 0.0266245 0.0715644 0.1236259 0.1172314 0.0993122 0.0591066 0.0000000 0.0361006 0.0647778 0.1047894 0.0982374 0.1072544 0.0654850 0.0855990 0.1216509 0.0265872 0.0355735 0.1085129 0.0926541 0.0174295 0.0873488 0.1875783 0.0644256 0.0263687 0.0745631 0.0849264 0.0641175 0.0926122 0.0924449 0.1025658 0.1145997 0.0658344 0.0669641 0.0678742 0.0871455 0.0682223 0.0801647 0.2054914 0.1079808 0.0826711 0.0891521 0.1969979 0.0852711 0.1883289 0.0711789 0.0758403 0.0812938 0.0874497 0.0979614 0.1951102 0.0218955 0.0357368 0.0603325 0.0942063 0.1089299 0.0933137 0.0627583 0.0959529 0.0359381 0.1050648 0.0751351 0.0220323 0.0456376 0.0667072 0.0660697 0.0871421 0.0926214 0.1089386 0.0550133 0.0962153 0.1158856 0.0801647 0.1036247 0.0174935 0.0865317 0.0933403 0.0767749 0.1044898 0.0501479 0.0870811 0.0601934 0.0814431 0.0753860 0.0825086 0.0967669 0.0511057 0.0711354 0.1092789 0.0504783 0.0932558 0.0601125 0.0709347 
S0405         0.2358053 0.0786035 0.0749430 0.0646237 0.0409480 0.0714020 0.0360991 0.0560568 0.1052954 0.1169909 0.0998563 0.0594842 0.0361006 0.0000000 0.0605641 0.0938573 0.0923297 0.0970844 0.0502162 0.0967827 0.1036238 0.0267103 0.0175335 0.1030961 0.0931528 0.0265819 0.0825774 0.1746033 0.0600561 0.0313907 0.0749430 0.0853671 0.0644888 0.0878281 0.0869606 0.1031208 0.1091070 0.0556217 0.0564938 0.0631563 0.0708728 0.0558639 0.0756053 0.1902236 0.1023570 0.0777965 0.0896382 0.1836786 0.0857154 0.1752960 0.0663391 0.0654165 0.0924583 0.0817182 0.0817500 0.1819311 0.0219952 0.0359063 0.0606351 0.0820910 0.1034923 0.0756059 0.0795726 0.0964622 0.0224118 0.0990777 0.0548831 0.0265578 0.0269939 0.0671120 0.0606924 0.0817166 0.0765644 0.0923569 0.0552845 0.1032035 0.0981124 0.0756053 0.1043090 0.0266802 0.0819066 0.0771623 0.0771776 0.0872025 0.0503929 0.0816582 0.0604947 0.0818714 0.0650224 0.0829473 0.0914915 0.0614389 0.0607659 0.0975526 0.0507266 0.0937595 0.0604125 0.0663409 
S0412sl       0.2150735 0.0680842 0.0598927 0.0533889 0.0754925 0.0660337 0.0650912 0.0718248 0.1185184 0.0994208 0.0943973 0.0658585 0.0647778 0.0605641 0.0000000 0.0943463 0.0933645 0.0813363 0.0608465 0.0600952 0.1166168 0.0600256 0.0596628 0.1036153 0.0770689 0.0597317 0.0611366 0.1877273 0.0306906 0.0651164 0.0598927 0.0599101 0.0588212 0.0661334 0.0876203 0.0977181 0.1096509 0.0611721 0.0612441 0.0527326 0.0823466 0.0686195 0.0652623 0.2056768 0.1031071 0.0725932 0.0790128 0.1971555 0.0702439 0.1884790 0.0556923 0.0711409 0.0813990 0.0722452 0.0823169 0.1952652 0.0547524 0.0502434 0.0557293 0.0942796 0.1040146 0.0768731 0.0706289 0.0808164 0.0657381 0.0950709 0.0603523 0.0597283 0.0706663 0.0563372 0.0514646 0.0823432 0.0771011 0.0929857 0.0703028 0.0821102 0.1108880 0.0652623 0.0917296 0.0599542 0.0712908 0.0777060 0.0720194 0.0887544 0.0652575 0.0822841 0.0654831 0.0716359 0.0605499 0.0777037 0.0919627 0.0564695 0.0664333 0.0983692 0.0410652 0.0883955 0.0458397 0.0662443 
S0417         0.2481770 0.0970152 0.0978292 0.0881302 0.0986751 0.0896211 0.0985645 0.1013160 0.0365962 0.1181630 0.1252140 0.0811500 0.1047894 0.0938573 0.0943463 0.0000000 0.1079236 0.1273040 0.0661692 0.1102050 0.0515729 0.0935309 0.1037161 0.0766532 0.1177988 0.0930535 0.0895068 0.1787634 0.0990091 0.0875322 0.0978292 0.1089591 0.0771366 0.0945411 0.0454169 0.1156716 0.0711864 0.0724238 0.0845243 0.0693183 0.0779084 0.0959070 0.0817486 0.1798568 0.0872861 0.1073351 0.1020623 0.1878553 0.1094118 0.1794674 0.0830767 0.0942896 0.1169361 0.1082994 0.1005505 0.2011178 0.0875322 0.0771616 0.0776909 0.0174719 0.0660320 0.0137563 0.0966259 0.1152371 0.1112956 0.1246287 0.0933895 0.0870137 0.1044613 0.0847840 0.0793951 0.0409703 0.0945990 0.1118072 0.0931026 0.1220332 0.0313510 0.0817486 0.0720296 0.0934124 0.0882577 0.1019017 0.0838477 0.0175318 0.0935394 0.0456060 0.0880335 0.1064082 0.0879399 0.1009934 0.0605236 0.0782600 0.0836221 0.0920075 0.0612881 0.1061542 0.0674023 0.0779647 
S0427         0.2491828 0.0846785 0.0978611 0.0706382 0.0922764 0.0877356 0.0982382 0.0943517 0.1385289 0.1071772 0.1252915 0.0659981 0.0982374 0.0923297 0.0933645 0.1079236 0.0000000 0.1099701 0.0711101 0.0979552 0.1298944 0.0816662 0.0972400 0.1229163 0.1108996 0.0867761 0.1066846 0.1964990 0.0925859 0.0813734 0.0978611 0.1090069 0.0714943 0.1123941 0.1002214 0.1043790 0.1112340 0.0661576 0.0897824 0.0699540 0.1051236 0.0687853 0.0873813 0.2179136 0.1170778 0.1073819 0.0954100 0.1999061 0.1094604 0.1972987 0.0830911 0.0822820 0.1055149 0.0935441 0.0873048 0.2187547 0.0813734 0.0711984 0.0663336 0.1005311 0.1055078 0.1073738 0.1033639 0.0983604 0.1045634 0.1195448 0.0815058 0.0926605 0.0979316 0.0839831 0.0662988 0.1068103 0.0999075 0.1094950 0.0868237 0.1221034 0.1302343 0.0873813 0.1180445 0.0871076 0.0940520 0.0994872 0.0948895 0.1120755 0.0872250 0.0897386 0.0818359 0.0778321 0.0762431 0.1010304 0.1158164 0.0725383 0.0770261 0.1052575 0.0618598 0.1061987 0.0713155 0.0780386 
S0430         0.2184752 0.0786384 0.0948047 0.0913474 0.1130691 0.0920480 0.1017124 0.0988495 0.1470377 0.0950458 0.1160463 0.0913771 0.1072544 0.0970844 0.0813363 0.1273040 0.1099701 0.0000000 0.0856435 0.0972547 0.1324436 0.0906104 0.0956025 0.1249923 0.1049788 0.0957147 0.1031317 0.1856639 0.0806620 0.1017558 0.0948047 0.1055857 0.0871563 0.1140731 0.1198147 0.0758605 0.1313176 0.0704634 0.0932256 0.0834318 0.1083497 0.0750600 0.1007322 0.1957649 0.1189666 0.0827795 0.0947317 0.1800738 0.1060126 0.1718893 0.0863175 0.0857433 0.0657894 0.1041499 0.1079990 0.1783888 0.0800122 0.0856267 0.0863290 0.1272064 0.1254737 0.1164999 0.0947273 0.0221615 0.0974544 0.0621021 0.0747908 0.0910927 0.1030381 0.0780478 0.0818902 0.1142469 0.0973896 0.1137669 0.1074114 0.1243129 0.1447553 0.1007322 0.1152195 0.0960756 0.1075677 0.1087079 0.0926633 0.1327311 0.1019801 0.1029804 0.0973643 0.0928658 0.0750395 0.0986419 0.1241175 0.0756556 0.0757991 0.1226199 0.0649254 0.0988064 0.0755088 0.0755871 
S0552sl       0.2064674 0.0629281 0.0545933 0.0429334 0.0601364 0.0408554 0.0654836 0.0614178 0.0880258 0.0822968 0.0775529 0.0532152 0.0654850 0.0502162 0.0608465 0.0661692 0.0711101 0.0856435 0.0000000 0.0755385 0.0866363 0.0553774 0.0648312 0.0809358 0.0767468 0.0551057 0.0613609 0.1465263 0.0603344 0.0501586 0.0545933 0.0644804 0.0360077 0.0663783 0.0601060 0.0701306 0.0754593 0.0265034 0.0317165 0.0373423 0.0359358 0.0383129 0.0450211 0.1650965 0.0855950 0.0616845 0.0568704 0.1547193 0.0647407 0.1470874 0.0408905 0.0453878 0.0708637 0.0717562 0.0504624 0.1672038 0.0501586 0.0406998 0.0409760 0.0554713 0.0703071 0.0589576 0.0781111 0.0749232 0.0710818 0.0773130 0.0449715 0.0548668 0.0652798 0.0517279 0.0363862 0.0656671 0.0558327 0.0602496 0.0551434 0.0756085 0.0813617 0.0450211 0.0763431 0.0553117 0.0504910 0.0511010 0.0510307 0.0655634 0.0553829 0.0603593 0.0504413 0.0615006 0.0402252 0.0563191 0.0647770 0.0363844 0.0359802 0.0802592 0.0266291 0.0610863 0.0458155 0.0410235 
S0558         0.2349325 0.0670749 0.0852814 0.0480443 0.0799492 0.0664764 0.0803170 0.1041517 0.1485486 0.1005728 0.1226770 0.0851513 0.0855990 0.0967827 0.0600952 0.1102050 0.0979552 0.0972547 0.0755385 0.0000000 0.1397189 0.0800492 0.0953094 0.1188976 0.0818206 0.0746979 0.0764760 0.1855592 0.0701010 0.0797674 0.0852814 0.0959398 0.0819194 0.0816190 0.1031312 0.0916489 0.1128592 0.0605983 0.0943461 0.0728503 0.1043386 0.0743774 0.0799414 0.2124216 0.0976709 0.0948166 0.0896444 0.1948608 0.0963314 0.1862956 0.0706620 0.0867532 0.0926245 0.0930426 0.0917638 0.2083152 0.0797674 0.0697961 0.0650256 0.1101234 0.1072799 0.1049027 0.0862968 0.0861358 0.0971504 0.1058317 0.0754734 0.0908117 0.0911401 0.0667488 0.0659573 0.1096411 0.0876231 0.0872502 0.0851039 0.1083130 0.1400710 0.0799414 0.1141714 0.0749773 0.0862871 0.0929588 0.0823751 0.1217582 0.0854897 0.1035880 0.0802131 0.0613033 0.0703255 0.0989602 0.1084765 0.0608656 0.0712207 0.0913896 0.0604207 0.0932257 0.0600090 0.0710196 
S0624         0.2592711 0.1131262 0.1142596 0.1112875 0.1277990 0.0989438 0.1216546 0.1113117 0.0618431 0.1341544 0.1431090 0.1095479 0.1216509 0.1036238 0.1166168 0.0515729 0.1298944 0.1324436 0.0866363 0.1397189 0.0000000 0.0975549 0.1203992 0.0924299 0.1487167 0.1094330 0.1060685 0.2056880 0.1156493 0.1158660 0.1142596 0.1257652 0.1020235 0.1111893 0.0704992 0.1221108 0.0982819 0.0815647 0.0943290 0.1033325 0.0875311 0.1086842 0.1152977 0.1955013 0.0924331 0.1193182 0.1268340 0.2155389 0.1262881 0.2065171 0.1113659 0.0982839 0.1109277 0.1213592 0.1149397 0.2134625 0.1037135 0.0988915 0.0932159 0.0459881 0.0927845 0.0334864 0.1044535 0.1081040 0.1284990 0.1184424 0.0973550 0.1030965 0.1340292 0.1137155 0.0982320 0.0554452 0.0870705 0.1212109 0.1218301 0.1460602 0.0558760 0.1152977 0.0935211 0.1098567 0.1226820 0.0992976 0.1062176 0.0459941 0.1161291 0.0654236 0.1113588 0.1236922 0.0976943 0.1242930 0.0811213 0.0880524 0.0871035 0.1041603 0.0880703 0.1361910 0.0871553 0.0932215 
S0641         0.2157929 0.0611278 0.0643732 0.0536979 0.0312719 0.0653635 0.0265859 0.0611835 0.1117809 0.1055910 0.0881840 0.0404029 0.0265872 0.0267103 0.0600256 0.0935309 0.0816662 0.0906104 0.0553774 0.0800492 0.0975549 0.0000000 0.0263235 0.0973183 0.0817749 0.0174041 0.0765859 0.1645656 0.0595259 0.0220181 0.0643732 0.0744834 0.0526175 0.0817372 0.0815998 0.0859969 0.1032203 0.0452823 0.0618731 0.0573680 0.0764206 0.0439924 0.0697881 0.1718834 0.0912236 0.0719519 0.0728906 0.1732231 0.0696565 0.1652031 0.0608598 0.0602801 0.0757566 0.0701957 0.0802038 0.1716118 0.0129614 0.0264440 0.0402288 0.0880717 0.0976904 0.0817726 0.0547073 0.0797875 0.0314029 0.0880630 0.0597235 0.0220002 0.0360193 0.0614863 0.0499939 0.0764171 0.0704024 0.0858070 0.0452323 0.0916230 0.1043801 0.0697881 0.0984609 0.0174679 0.0758913 0.0756920 0.0662718 0.0932652 0.0404794 0.0763613 0.0502506 0.0655921 0.0502161 0.0718260 0.0859171 0.0452822 0.0502257 0.0974890 0.0407458 0.0823211 0.0445418 0.0500837 
S0643         0.2305131 0.0773812 0.0738276 0.0692163 0.0403472 0.0864129 0.0355720 0.0656854 0.1223381 0.1221071 0.0982963 0.0583579 0.0355735 0.0175335 0.0596628 0.1037161 0.0972400 0.0956025 0.0648312 0.0953094 0.1203992 0.0263235 0.0000000 0.1074151 0.0917149 0.0261988 0.0864641 0.1855424 0.0591687 0.0309344 0.0738276 0.0840867 0.0633866 0.0863317 0.0915106 0.1015335 0.1134340 0.0651740 0.0716255 0.0671742 0.0862650 0.0673974 0.0793694 0.2029065 0.1068931 0.0765986 0.0882343 0.1948209 0.0844252 0.1862771 0.0653380 0.0750814 0.0910420 0.0816968 0.0969706 0.1929734 0.0216796 0.0353845 0.0499360 0.0981771 0.1078244 0.0923116 0.0700792 0.0949978 0.0130906 0.0984957 0.0743892 0.0309088 0.0265991 0.0660881 0.0606953 0.0862617 0.0916842 0.1078333 0.0544685 0.1016139 0.1146967 0.0793694 0.1086657 0.0262944 0.0856632 0.0923900 0.0759984 0.1034221 0.0496509 0.0862016 0.0595949 0.0806232 0.0746353 0.0816703 0.0957968 0.0605126 0.0704198 0.1081159 0.0499753 0.0923071 0.0595156 0.0702218 
S0673         0.2424667 0.0902169 0.1015508 0.0921060 0.1144013 0.1053799 0.1085148 0.1104752 0.0832307 0.1458954 0.1288830 0.0872327 0.1085129 0.1030961 0.1036153 0.0766532 0.1229163 0.1249923 0.0809358 0.1188976 0.0924299 0.0973183 0.1074151 0.0000000 0.1342825 0.0860925 0.0938852 0.1994460 0.1027614 0.1029477 0.1015508 0.1126155 0.0947556 0.1046764 0.0655779 0.1202161 0.0311126 0.0927411 0.0883844 0.0842598 0.0817667 0.1227870 0.0966994 0.2193881 0.0966937 0.1060221 0.1131288 0.2091389 0.1130774 0.2002471 0.0935584 0.1033176 0.1206042 0.1113725 0.1216499 0.2071299 0.0913359 0.0866245 0.0929888 0.0714344 0.0265048 0.0586489 0.1045541 0.1131513 0.1150052 0.1285953 0.0914806 0.0963975 0.1203661 0.0951102 0.0885106 0.0604398 0.1160446 0.1280734 0.1086730 0.1319450 0.0764624 0.0966994 0.0267195 0.0971963 0.1035142 0.1114624 0.0935048 0.0764386 0.0966528 0.0705321 0.0927728 0.1051561 0.1027011 0.1108420 0.0313391 0.0878387 0.0984666 0.1084910 0.0761998 0.1167757 0.0820926 0.0872975 
S0689         0.2170528 0.0745263 0.0813489 0.0706586 0.0867903 0.0718026 0.0926543 0.1058935 0.1375373 0.1005500 0.1191488 0.0798124 0.0926541 0.0931528 0.0770689 0.1177988 0.1108996 0.1049788 0.0767468 0.0818206 0.1487167 0.0817749 0.0917149 0.1342825 0.0000000 0.0813631 0.0840064 0.2041645 0.0609669 0.0760318 0.0813489 0.0813746 0.0770268 0.0948359 0.0830176 0.0877149 0.1278573 0.0668673 0.0959252 0.0854953 0.1114837 0.0819285 0.0812148 0.2255509 0.1335980 0.0957973 0.0795532 0.2141721 0.0924503 0.2050028 0.0778147 0.0991765 0.0941492 0.1118359 0.0939870 0.2283203 0.0658866 0.0657778 0.0713797 0.1119772 0.1219616 0.1196994 0.0795509 0.0875300 0.0935113 0.0964210 0.0873291 0.0767183 0.0874726 0.0627132 0.0831147 0.1000985 0.0840386 0.0820932 0.0864657 0.0991380 0.1364001 0.0812148 0.1178694 0.0816732 0.0876849 0.0952375 0.0944929 0.1238322 0.0764646 0.0941092 0.0705132 0.0657053 0.0819710 0.0952354 0.1153501 0.0779364 0.0778648 0.1229753 0.0665338 0.0947681 0.0766214 0.0776423 
S0690         0.2315072 0.0671308 0.0640598 0.0588024 0.0219639 0.0761651 0.0174286 0.0608785 0.1112003 0.1109978 0.0877349 0.0461961 0.0174295 0.0265819 0.0597317 0.0930535 0.0867761 0.0957147 0.0551057 0.0746979 0.1094330 0.0174041 0.0261988 0.0860925 0.0813631 0.0000000 0.0762008 0.1731833 0.0592366 0.0219133 0.0640598 0.0741185 0.0523238 0.0813257 0.0811901 0.0805238 0.1026967 0.0553965 0.0615617 0.0570766 0.0760376 0.0555913 0.0594653 0.1884333 0.0963603 0.0715887 0.0777710 0.1821578 0.0744170 0.1738649 0.0605579 0.0651477 0.0807751 0.0763163 0.0865507 0.1804380 0.0129006 0.0263178 0.0501209 0.0876235 0.0971963 0.0813361 0.0627583 0.0847795 0.0312511 0.0932835 0.0546639 0.0218955 0.0358450 0.0611784 0.0555974 0.0760341 0.0813476 0.0972075 0.0450135 0.0911635 0.1038459 0.0594653 0.0979597 0.0085889 0.0652861 0.0819781 0.0659406 0.0927904 0.0402839 0.0759788 0.0500058 0.0705318 0.0647575 0.0714645 0.0854888 0.0410520 0.0605176 0.0969719 0.0405479 0.0819048 0.0499408 0.0504453 
S0720         0.1950787 0.0804232 0.0361238 0.0388945 0.0929842 0.0672569 0.0873485 0.0839818 0.1078127 0.1250644 0.1006086 0.0793290 0.0873488 0.0825774 0.0611366 0.0895068 0.1066846 0.1031317 0.0613609 0.0764760 0.1060685 0.0765859 0.0864641 0.0938852 0.0840064 0.0762008 0.0000000 0.1770809 0.0713303 0.0819847 0.0361238 0.0457209 0.0588520 0.0000027 0.0830664 0.0928418 0.1052903 0.0666430 0.0681839 0.0687359 0.0724196 0.0884045 0.0508794 0.1999422 0.0880443 0.0783682 0.0795474 0.1863303 0.0459069 0.1777930 0.0661512 0.0767822 0.0931387 0.1008796 0.0776627 0.1845344 0.0658419 0.0561082 0.0722173 0.0840202 0.0996400 0.0774745 0.1134465 0.0918064 0.0934577 0.0953651 0.0657423 0.0718619 0.0986912 0.0788279 0.0783576 0.0619399 0.0565407 0.0883209 0.0874828 0.0615847 0.0892791 0.0508794 0.0948978 0.0764912 0.0566084 0.0730209 0.0621961 0.0892494 0.0821666 0.0829428 0.0772696 0.0837361 0.0659609 0.0835582 0.0875996 0.0618773 0.0618098 0.1003309 0.0510799 0.0892135 0.0617522 0.0718127 
S0735         0.2557334 0.1445132 0.1658615 0.1581043 0.1799189 0.1794046 0.1779990 0.1930543 0.2269124 0.2120657 0.2191298 0.2020241 0.1875783 0.1746033 0.1877273 0.1787634 0.1964990 0.1856639 0.1465263 0.1855592 0.2056880 0.1645656 0.1855424 0.1994460 0.2041645 0.1731833 0.1770809 0.0000000 0.1933762 0.1665524 0.1658615 0.1788209 0.1822220 0.1900018 0.1732360 0.1726810 0.1859233 0.1581300 0.1836816 0.1590706 0.1872637 0.1788048 0.1715392 0.0581384 0.1698694 0.1578101 0.1705308 0.0129909 0.1795807 0.0085389 0.1744582 0.1868325 0.1879001 0.1737381 0.1654893 0.0264217 0.1543114 0.1545143 0.1461909 0.1807806 0.1793002 0.1709320 0.1786157 0.1718653 0.1959439 0.1782750 0.1849606 0.1533581 0.1869538 0.1523126 0.1475270 0.1670600 0.2006948 0.2053281 0.1732325 0.1948896 0.2020444 0.1715392 0.1814104 0.1738812 0.1931860 0.1874457 0.1623678 0.1815127 0.1741381 0.1671678 0.1589654 0.1699110 0.1784357 0.1895557 0.1774876 0.1529706 0.1719492 0.1434111 0.1457347 0.1804138 0.1396478 0.1644922 
S0742         0.2255392 0.0624075 0.0593952 0.0585593 0.0748685 0.0558184 0.0696124 0.0712189 0.1175233 0.0936328 0.0936047 0.0589193 0.0644256 0.0600561 0.0306906 0.0990091 0.0925859 0.0806620 0.0603344 0.0701010 0.1156493 0.0595259 0.0591687 0.1027614 0.0609669 0.0592366 0.0713303 0.1933762 0.0000000 0.0645756 0.0593952 0.0594123 0.0527066 0.0764268 0.0763032 0.0863896 0.1087467 0.0508370 0.0560529 0.0573384 0.0816573 0.0618790 0.0647194 0.2048360 0.1022609 0.0719755 0.0835298 0.2029178 0.0696622 0.1941505 0.0608090 0.0705458 0.0707443 0.0819496 0.0816286 0.2009735 0.0542973 0.0498218 0.0552593 0.0934883 0.1031549 0.0817224 0.0776367 0.0801497 0.0602726 0.0884730 0.0598478 0.0594044 0.0653947 0.0366883 0.0608735 0.0711791 0.0662625 0.0712377 0.0697203 0.0862382 0.1099664 0.0647194 0.0966528 0.0594557 0.0706938 0.0770493 0.0714108 0.0987272 0.0647146 0.0711261 0.0649369 0.0658975 0.0600423 0.0770470 0.0912047 0.0559882 0.0559240 0.1032195 0.0455334 0.0771782 0.0550591 0.0557646 
S0756         0.2403106 0.0673300 0.0694772 0.0481293 0.0174932 0.0708994 0.0312432 0.0663806 0.1177470 0.1051996 0.0937740 0.0402976 0.0263687 0.0313907 0.0651164 0.0875322 0.0813734 0.1017558 0.0501586 0.0797674 0.1158660 0.0220181 0.0309344 0.1029477 0.0760318 0.0219133 0.0819847 0.1665524 0.0645756 0.0000000 0.0694772 0.0797207 0.0469615 0.0871954 0.0758745 0.0856907 0.0971130 0.0504225 0.0671257 0.0572455 0.0818003 0.0498809 0.0643618 0.1816570 0.1024453 0.0773254 0.0723911 0.1753369 0.0800439 0.1672039 0.0458172 0.0706655 0.0865946 0.0820934 0.0811700 0.1883597 0.0174074 0.0263907 0.0452447 0.0771062 0.0916827 0.0875638 0.0548956 0.0906003 0.0313218 0.0994438 0.0700092 0.0265927 0.0220354 0.0560707 0.0557576 0.0817968 0.0872111 0.0916948 0.0402287 0.0802306 0.1101705 0.0643618 0.0982512 0.0219938 0.0702989 0.0822204 0.0661328 0.0930665 0.0311227 0.0762010 0.0451408 0.0707368 0.0649432 0.0716744 0.0857378 0.0509265 0.0606925 0.0911943 0.0406624 0.0765450 0.0500823 0.0605206 
S0760         0.2082552 0.0778877 0.0000010 0.0329917 0.0798777 0.0652162 0.0745620 0.0815859 0.1160930 0.1098971 0.0868857 0.0714547 0.0745631 0.0749430 0.0598927 0.0978292 0.0978611 0.0948047 0.0545933 0.0852814 0.1142596 0.0643732 0.0738276 0.1015508 0.0813489 0.0640598 0.0361238 0.1658615 0.0593952 0.0694772 0.0000000 0.0085289 0.0517697 0.0408247 0.0858718 0.0797617 0.1022574 0.0548790 0.0609747 0.0565275 0.0753145 0.0801688 0.0308379 0.1942810 0.1010616 0.0608604 0.0770162 0.1745951 0.0085625 0.1665076 0.0599888 0.0645373 0.0800085 0.0815241 0.0752937 0.1729621 0.0590688 0.0449389 0.0601139 0.0923780 0.0967841 0.0863115 0.1090132 0.0839822 0.0802614 0.0923746 0.0541594 0.0694137 0.0852581 0.0716526 0.0658268 0.0806993 0.0601494 0.0856054 0.0746762 0.0220677 0.0975862 0.0308379 0.1027300 0.0642968 0.0453369 0.0707846 0.0604671 0.0869663 0.0696268 0.0806421 0.0698651 0.0759117 0.0543314 0.0707824 0.0901435 0.0503052 0.0502448 0.1029848 0.0401744 0.0761191 0.0406913 0.0597806 
S0770         0.2220449 0.0887408 0.0085289 0.0429736 0.0903874 0.0754627 0.0849260 0.0923327 0.1277851 0.1213929 0.0977365 0.0846795 0.0849264 0.0853671 0.0599101 0.1089591 0.1090069 0.1055857 0.0644804 0.0959398 0.1257652 0.0744834 0.0840867 0.1126155 0.0813746 0.0741185 0.0457209 0.1788209 0.0594123 0.0797207 0.0085289 0.0000000 0.0629958 0.0505211 0.0966047 0.0902531 0.1134019 0.0648196 0.0712269 0.0616307 0.0857837 0.0930177 0.0401357 0.2098656 0.1120673 0.0711061 0.0877316 0.1879110 0.0173346 0.1795249 0.0700764 0.0746702 0.0905342 0.0922449 0.0857500 0.1861378 0.0690004 0.0545947 0.0702232 0.1033753 0.1077964 0.0919850 0.1258642 0.0944723 0.0908339 0.1033879 0.0639656 0.0796462 0.0959165 0.0822294 0.0761636 0.0913183 0.0702634 0.0963028 0.0850534 0.0312754 0.1086879 0.0401357 0.1139223 0.0743937 0.0550709 0.0812159 0.0706384 0.0978339 0.0798932 0.0912561 0.0801659 0.0864806 0.0641725 0.0812136 0.1008782 0.0601837 0.0601185 0.1147598 0.0497098 0.0866944 0.0503464 0.0698387 
S0771         0.2262255 0.0670954 0.0517697 0.0497697 0.0583427 0.0476120 0.0583602 0.0658535 0.1039176 0.0904730 0.0534842 0.0406768 0.0641175 0.0644888 0.0588212 0.0771366 0.0714943 0.0871563 0.0360077 0.0819194 0.1020235 0.0526175 0.0633866 0.0947556 0.0770268 0.0523238 0.0588520 0.1822220 0.0527066 0.0469615 0.0517697 0.0629958 0.0000000 0.0587966 0.0642523 0.0756104 0.0948124 0.0362236 0.0366693 0.0375001 0.0525797 0.0503260 0.0519105 0.1834105 0.0942303 0.0542840 0.0482090 0.1928420 0.0632862 0.1830521 0.0363813 0.0527767 0.0702513 0.0781534 0.0591973 0.1993640 0.0467149 0.0413852 0.0419272 0.0711426 0.0886054 0.0697449 0.0699501 0.0748918 0.0648075 0.0841427 0.0522199 0.0583046 0.0586351 0.0487161 0.0537450 0.0524905 0.0533354 0.0703962 0.0582537 0.0815606 0.0957214 0.0519105 0.0955553 0.0525463 0.0583728 0.0652094 0.0420262 0.0828658 0.0526225 0.0585134 0.0470453 0.0710414 0.0521677 0.0309438 0.0814013 0.0364519 0.0472967 0.0955459 0.0253228 0.0535932 0.0472539 0.0416106 
S0795         0.2079013 0.0968952 0.0408247 0.0439689 0.0983122 0.0723856 0.0926124 0.0893211 0.1130086 0.1308396 0.1060983 0.0792439 0.0926122 0.0878281 0.0661334 0.0945411 0.1123941 0.1140731 0.0663783 0.0816190 0.1111893 0.0817372 0.0863317 0.1046764 0.0948359 0.0813257 0.0000027 0.1900018 0.0764268 0.0871954 0.0408247 0.0505211 0.0587966 0.0000000 0.0933032 0.0981605 0.1107901 0.0717244 0.0733785 0.0739901 0.0775928 0.0884921 0.0557559 0.2074767 0.0933429 0.0890511 0.0903837 0.1995891 0.0507272 0.1907716 0.0711946 0.0819447 0.0984749 0.1002223 0.0828796 0.1976535 0.0759965 0.0610592 0.0721078 0.0890210 0.1050839 0.0827001 0.1218974 0.1024759 0.0933106 0.1064605 0.0707544 0.0822459 0.1040856 0.0900146 0.0778558 0.0667612 0.0613097 0.0936409 0.0927524 0.0666210 0.0943016 0.0557559 0.1059234 0.0816356 0.0615997 0.0782338 0.0672827 0.0942699 0.0873890 0.0878886 0.0876939 0.0890632 0.0709913 0.0888633 0.0928784 0.0669346 0.0668654 0.1060922 0.0559773 0.0945820 0.0668004 0.0769461 
S0827         0.2393207 0.0743664 0.0858718 0.0811239 0.0866006 0.0827715 0.0924451 0.0941070 0.0716265 0.1158729 0.1118890 0.0664951 0.0924449 0.0869606 0.0876203 0.0454169 0.1002214 0.1198147 0.0601060 0.1031312 0.0704992 0.0815998 0.0915106 0.0655779 0.0830176 0.0811901 0.0830664 0.1732360 0.0763032 0.0758745 0.0858718 0.0966047 0.0642523 0.0933032 0.0000000 0.1029879 0.0702702 0.0661095 0.0777886 0.0737962 0.0819431 0.0816618 0.0804939 0.1950527 0.0861612 0.0946485 0.0895308 0.1884130 0.0970014 0.1800022 0.0714766 0.0873625 0.1040949 0.1061693 0.0934252 0.2017051 0.0758745 0.0658375 0.0662852 0.0406383 0.0651818 0.0429909 0.0957947 0.1080712 0.0986313 0.1113476 0.0865399 0.0754316 0.0921575 0.0677666 0.0778213 0.0310803 0.0876512 0.0933017 0.0812364 0.1090734 0.0654376 0.0804939 0.0710938 0.0814987 0.0868899 0.0946586 0.0827458 0.0503147 0.0713184 0.0263711 0.0661308 0.0938400 0.0812366 0.0886168 0.0597481 0.0667702 0.0769650 0.0861874 0.0558500 0.0936458 0.0613516 0.0767473 
S0888         0.2185997 0.0841873 0.0797617 0.0693024 0.0965921 0.0761575 0.1025670 0.1107401 0.1421156 0.0784507 0.1100882 0.0999203 0.1025658 0.1031208 0.0977181 0.1156716 0.1043790 0.0758605 0.0701306 0.0916489 0.1221108 0.0859969 0.1015335 0.1202161 0.0877149 0.0805238 0.0928418 0.1726810 0.0863896 0.0856907 0.0797617 0.0902531 0.0756104 0.0981605 0.1029879 0.0000000 0.1255504 0.0553978 0.0826872 0.0729729 0.1036187 0.0945047 0.0745110 0.1969330 0.1142217 0.0883869 0.0833555 0.1816255 0.0906200 0.1733591 0.0758843 0.0811310 0.0456621 0.0991329 0.0968086 0.1947793 0.0856907 0.0653009 0.0605299 0.1099667 0.1197734 0.1049080 0.0781128 0.0599823 0.1035186 0.0460826 0.0700701 0.0969911 0.0973410 0.0778370 0.0820548 0.1094857 0.0709096 0.0971891 0.0911406 0.1023679 0.1220366 0.0745110 0.1270218 0.0914377 0.0807012 0.0928818 0.0816490 0.1215816 0.0915603 0.0924593 0.0607113 0.0771367 0.0751893 0.0871947 0.1133040 0.0502093 0.0658245 0.1222581 0.0602280 0.0816660 0.0756603 0.0555840 
S0894         0.2652103 0.1012867 0.1022574 0.0861175 0.1083824 0.0994019 0.1146024 0.1055050 0.0890223 0.1393175 0.1354205 0.0872919 0.1145997 0.1091070 0.1096509 0.0711864 0.1112340 0.1313176 0.0754593 0.1128592 0.0982819 0.1032203 0.1134340 0.0311126 0.1278573 0.1026967 0.1052903 0.1859233 0.1087467 0.0971130 0.1022574 0.1134019 0.0948124 0.1107901 0.0702702 0.1255504 0.0000000 0.0870256 0.0942419 0.0896003 0.0874511 0.1228647 0.0966559 0.2195159 0.0916661 0.0954364 0.0955817 0.1952359 0.1138696 0.1866615 0.0877942 0.1093372 0.1269164 0.1176239 0.1154670 0.2086982 0.0971130 0.0866700 0.0872571 0.0660471 0.0042538 0.0698289 0.0957020 0.1192681 0.1212399 0.1351293 0.1083010 0.1022376 0.1142446 0.0945953 0.0885579 0.0657394 0.1223315 0.1217692 0.1027466 0.1265430 0.0820586 0.0966559 0.0267341 0.1030899 0.1087218 0.1115214 0.0935544 0.0714849 0.1032306 0.0705693 0.0976636 0.1052118 0.1027545 0.1109004 0.0221310 0.0878853 0.0985185 0.1022981 0.0660750 0.1160698 0.0821361 0.0982436 
S0906         0.1913526 0.0470115 0.0548790 0.0380313 0.0604549 0.0265555 0.0658329 0.0617496 0.0949497 0.0669299 0.0728485 0.0535774 0.0658344 0.0556217 0.0611721 0.0724238 0.0661576 0.0704634 0.0265034 0.0605983 0.0815647 0.0452823 0.0651740 0.0927411 0.0668673 0.0553965 0.0666430 0.1581300 0.0508370 0.0504225 0.0548790 0.0648196 0.0362236 0.0717244 0.0661095 0.0553978 0.0870256 0.0000000 0.0417928 0.0375452 0.0559107 0.0442587 0.0452557 0.1725184 0.0866898 0.0620191 0.0571793 0.1666066 0.0650826 0.1587389 0.0411061 0.0407173 0.0559748 0.0657224 0.0496713 0.1793157 0.0504225 0.0409135 0.0312741 0.0613743 0.0816804 0.0653129 0.0473566 0.0601031 0.0664147 0.0674660 0.0403432 0.0607005 0.0609333 0.0421469 0.0406480 0.0718693 0.0408261 0.0451884 0.0554345 0.0760131 0.0880082 0.0452557 0.0880537 0.0556046 0.0507580 0.0502911 0.0513034 0.0717510 0.0556766 0.0663934 0.0507080 0.0515283 0.0356393 0.0566222 0.0758811 0.0312347 0.0085792 0.0872020 0.0267677 0.0514796 0.0404588 0.0130392 
S0956         0.2109125 0.0641254 0.0609747 0.0546273 0.0778333 0.0518795 0.0667667 0.0682445 0.0958732 0.0839795 0.0780715 0.0612852 0.0669641 0.0564938 0.0612441 0.0845243 0.0897824 0.0932256 0.0317165 0.0943461 0.0943290 0.0618731 0.0716255 0.0883844 0.0959252 0.0615617 0.0681839 0.1836816 0.0560529 0.0671257 0.0609747 0.0712269 0.0366693 0.0733785 0.0777886 0.0826872 0.0942419 0.0417928 0.0000000 0.0380417 0.0411836 0.0574622 0.0615200 0.2011029 0.0931677 0.0685506 0.0748283 0.1930930 0.0715210 0.1844221 0.0573367 0.0514843 0.0724694 0.0789580 0.0675201 0.1912282 0.0564260 0.0517867 0.0574596 0.0729094 0.0887270 0.0598739 0.0902310 0.0820837 0.0782188 0.0789171 0.0510012 0.0560947 0.0833713 0.0635599 0.0575182 0.0666570 0.0623893 0.0779750 0.0724776 0.0885651 0.0888555 0.0615200 0.0824300 0.0617973 0.0675655 0.0628883 0.0565664 0.0780119 0.0672752 0.0725131 0.0675138 0.0791015 0.0511670 0.0619968 0.0770622 0.0473573 0.0468242 0.0883063 0.0369618 0.0723413 0.0572447 0.0522138 
S0959         0.1708017 0.0686469 0.0565275 0.0500740 0.0677920 0.0530551 0.0570766 0.0643850 0.1050773 0.0872511 0.0628551 0.0557662 0.0678742 0.0631563 0.0527326 0.0693183 0.0699540 0.0834318 0.0373423 0.0728503 0.1033325 0.0573680 0.0671742 0.0842598 0.0854953 0.0570766 0.0687359 0.1590706 0.0573384 0.0572455 0.0565275 0.0616307 0.0375001 0.0739901 0.0737962 0.0729729 0.0896003 0.0375452 0.0380417 0.0000000 0.0634923 0.0588232 0.0467587 0.1724974 0.0841716 0.0532087 0.0537005 0.1679160 0.0670765 0.1597080 0.0425830 0.0525648 0.0734771 0.0702414 0.0685503 0.1794445 0.0519383 0.0470679 0.0425886 0.0750435 0.0840769 0.0658469 0.0656750 0.0724088 0.0737144 0.0861488 0.0520611 0.0625657 0.0732418 0.0591114 0.0484700 0.0741417 0.0688685 0.0739289 0.0625149 0.0780595 0.0975724 0.0467587 0.0902343 0.0572973 0.0524778 0.0691231 0.0471433 0.0857915 0.0576498 0.0737603 0.0524433 0.0742270 0.0520137 0.0522541 0.0783407 0.0426076 0.0424235 0.0768284 0.0273516 0.0472037 0.0474465 0.0424237 
