134
S0055      0.0000000 0.0903224 0.1141797 0.0942112 0.0590306 0.1155847 0.1124874 0.0885560 0.0681624 0.0878274 0.1125025 0.1139026 0.1274267 0.1141052 0.1219041 0.0999375 0.0933690 0.1042878 0.1144588 0.0723882 0.0593879 0.0620053 0.1162280 0.0849592 0.0998755 0.0795645 0.0770628 0.0875170 0.1139211 0.0956223 0.0888592 0.0898487 0.1401511 0.1233923 0.1139040 0.0710903 0.0622474 0.1068237 0.0885539 0.1020090 0.0700398 0.0624177 0.0888414 0.1203120 0.1493583 0.0814270 0.1206024 0.0914717 0.0578352 0.0879873 0.0778363 0.0579949 0.0825061 0.0802026 0.0941872 0.0892485 0.0943873 0.1175177 0.0994772 0.0911843 0.0863951 0.0993957 0.1011580 0.0861704 0.0850205 0.0898301 0.0884658 0.0975952 0.0908485 0.1486055 0.1045380 0.1168969 0.1163965 0.0797452 0.0898071 0.1558554 0.0791168 0.1522711 0.0951562 0.0920124 0.1082976 0.1199828 0.0562871 0.0958393 0.1515767 0.0572259 0.0701178 0.0882227 0.1008655 0.0962437 0.0983249 0.1117179 0.0969727 0.1182157 0.0990843 0.1151209 0.1071110 0.0615078 0.1192174 0.1008634 0.0818267 0.0603231 0.0548225 0.0328906 0.0984669 0.0538171 0.0961487 0.0896897 0.0922380 0.1158759 0.0651410 0.0808364 0.1165358 0.0903023 0.1079987 0.0551347 0.0961448 0.0873309 0.0660742 0.1130282 0.0604522 0.1000575 0.0498210 0.0684100 0.1082607 0.0924530 0.1038079 0.0795282 0.0823289 0.1157900 0.0749324 0.0849005 0.0668617 0.0792165 
S0196sl    0.0903224 0.0000000 0.1049220 0.0499099 0.0891415 0.1113612 0.1086780 0.0945611 0.0974725 0.1137784 0.1060856 0.1055262 0.1299457 0.1093089 0.1154057 0.1006835 0.0986524 0.1074831 0.1053701 0.0903631 0.0886317 0.0922877 0.1068265 0.0936253 0.0994520 0.0181795 0.0970486 0.0828137 0.1074538 0.0933642 0.0953708 0.0948418 0.1233595 0.1178463 0.1103730 0.1030883 0.0877158 0.1078604 0.0823786 0.0987740 0.0920712 0.0856944 0.0498360 0.1168777 0.1410754 0.0922266 0.1113041 0.0930362 0.0820334 0.0948124 0.0165240 0.0892572 0.0190687 0.0190971 0.1060650 0.0486621 0.0924091 0.1212744 0.0979044 0.0865301 0.0898221 0.0919958 0.0991677 0.0940609 0.0930718 0.0962493 0.0949275 0.1095942 0.0593549 0.1385254 0.1131994 0.1148460 0.1121480 0.0910441 0.0952607 0.1490899 0.0182079 0.1463038 0.0895943 0.1000056 0.1059657 0.1161461 0.0879122 0.1010538 0.1461417 0.0869667 0.1032022 0.0956501 0.0973282 0.0932943 0.0979463 0.1066585 0.0948208 0.1164892 0.1062910 0.1060536 0.1007868 0.0916904 0.1216904 0.1088092 0.0865524 0.0902726 0.0852762 0.0959062 0.1041824 0.0858373 0.0924877 0.0923643 0.0980740 0.1125303 0.1007406 0.0203293 0.0998218 0.0579298 0.1041751 0.0872440 0.0948876 0.0941373 0.0930609 0.1142948 0.0893034 0.0980917 0.0798706 0.0836083 0.1189392 0.0987572 0.1022481 0.0876748 0.0884572 0.1220031 0.0544980 0.0937409 0.0888790 0.0837752 
S0278      0.1141797 0.1049220 0.0000000 0.1119451 0.1090718 0.1420273 0.0516052 0.1042648 0.1192029 0.1315161 0.0544705 0.1353293 0.1538324 0.0484949 0.1414571 0.0545813 0.1057617 0.1167991 0.1360766 0.1147990 0.1101065 0.1129367 0.0554287 0.1175888 0.0439889 0.0962854 0.1220092 0.0426812 0.1344281 0.0582020 0.1086701 0.1207052 0.1597685 0.1402811 0.0459315 0.1247605 0.1070259 0.0525825 0.0554989 0.0804903 0.1144349 0.1114500 0.1124686 0.1435081 0.1545069 0.1193132 0.1421080 0.1099193 0.1068526 0.1096895 0.0957944 0.1105952 0.1003122 0.0991637 0.1127206 0.1114590 0.0570669 0.1421490 0.0785541 0.0588061 0.1019725 0.0456336 0.1174011 0.1096670 0.1074848 0.1086652 0.1076981 0.1476980 0.1103173 0.1548659 0.1274956 0.1338659 0.1302908 0.1084883 0.1122586 0.1594865 0.0972086 0.1564312 0.0691089 0.1140165 0.1200047 0.1405323 0.1127653 0.1114879 0.1577993 0.1097416 0.1245512 0.1020904 0.0390753 0.0749387 0.0782974 0.1336959 0.0642764 0.0464275 0.1249851 0.1347078 0.1282742 0.1106438 0.1398820 0.1184193 0.1002755 0.1131445 0.1040797 0.1175226 0.1139593 0.1104320 0.0660179 0.1024142 0.1064780 0.0523988 0.1230053 0.1007241 0.0547773 0.1074851 0.0827259 0.1026160 0.1073131 0.1024216 0.1172930 0.0497984 0.1112484 0.0681574 0.0996861 0.1112151 0.1220627 0.1071720 0.0823487 0.0981786 0.0994893 0.1291736 0.0929027 0.1012441 0.1088356 0.0949131 
S0281      0.0942112 0.0499099 0.1119451 0.0000000 0.0937565 0.1264506 0.1160108 0.1030444 0.1058522 0.1172915 0.1153152 0.1191310 0.1388612 0.1207160 0.1286452 0.1067120 0.1029413 0.1024878 0.1220522 0.1004853 0.0933661 0.0988179 0.1228941 0.1089136 0.1047337 0.0405447 0.1040700 0.0896769 0.1226002 0.1000320 0.1011971 0.1078518 0.1497454 0.1319998 0.1196375 0.1065198 0.0956605 0.1123803 0.0907490 0.1139728 0.0982740 0.0978402 0.0466487 0.1300286 0.1504234 0.1034040 0.1274006 0.0963361 0.0915945 0.1050398 0.0392055 0.0960073 0.0432624 0.0426173 0.1061335 0.0456749 0.0997816 0.1303016 0.1096159 0.0939009 0.0935241 0.1016518 0.1090395 0.1004892 0.0998504 0.1003709 0.1023681 0.1281922 0.0542928 0.1527423 0.1162834 0.1172451 0.1217014 0.0964653 0.1026972 0.1563468 0.0394289 0.1537506 0.0993131 0.1072025 0.1161634 0.1250254 0.0946405 0.1088913 0.1541349 0.0934150 0.1095983 0.1000018 0.1066821 0.1057575 0.1107785 0.1189214 0.1024055 0.1245534 0.1119424 0.1210575 0.1160867 0.0982232 0.1311911 0.1093857 0.1015863 0.0975861 0.0901338 0.0987661 0.1077647 0.0930693 0.1057703 0.1019349 0.1073237 0.1226615 0.1075811 0.0428702 0.1209296 0.0536848 0.1201587 0.0919946 0.1068542 0.0981280 0.0990593 0.1199283 0.0971425 0.1096767 0.0849303 0.0904181 0.1159585 0.1067004 0.1131795 0.0934213 0.0914876 0.1263875 0.0628525 0.0977176 0.0945251 0.0853882 
S0282      0.0590306 0.0891415 0.1090718 0.0937565 0.0000000 0.1127993 0.1126566 0.0892194 0.0236951 0.0540347 0.1086567 0.1128003 0.1246782 0.1132760 0.1219632 0.0972234 0.0923797 0.1100493 0.1124169 0.0726736 0.0156177 0.0238181 0.1164683 0.0902761 0.0973401 0.0806846 0.0832869 0.0887948 0.1113905 0.0921024 0.0926889 0.0936677 0.1377842 0.1137089 0.1116943 0.0452796 0.0239575 0.1050098 0.0881937 0.1020439 0.0738323 0.0162073 0.0939897 0.1185276 0.1455488 0.0873648 0.1171645 0.0895311 0.0237391 0.0916312 0.0789502 0.0173202 0.0832721 0.0817302 0.0965986 0.0936283 0.0926971 0.1176261 0.0970747 0.0882970 0.0832814 0.0944271 0.0976997 0.0903469 0.0900218 0.0946007 0.0914146 0.0694368 0.0872044 0.1451955 0.1102073 0.1165255 0.1093509 0.0883929 0.0933530 0.1494102 0.0799408 0.1487659 0.0910172 0.0944114 0.1084010 0.1173010 0.0605339 0.0957929 0.1496317 0.0146046 0.0700084 0.0903219 0.0995249 0.0941556 0.0968104 0.1114751 0.0948132 0.1146428 0.1010646 0.1136472 0.1056890 0.0241422 0.1210913 0.1031885 0.0838124 0.0184870 0.0220083 0.0632153 0.0967179 0.0566858 0.0928659 0.0878418 0.0933110 0.1109128 0.0654096 0.0816085 0.1109659 0.0874908 0.1067089 0.0154060 0.0951064 0.0917126 0.0289368 0.1082461 0.0374755 0.0992325 0.0544331 0.0697560 0.1071665 0.0945467 0.1040147 0.0807093 0.0812979 0.1160809 0.0775902 0.0909352 0.0701029 0.0757723 
S0288      0.1155847 0.1113612 0.1420273 0.1264506 0.1127993 0.0000000 0.1406541 0.1269884 0.1268245 0.1400526 0.1479690 0.0146824 0.0991339 0.1465905 0.0365288 0.1330223 0.1306257 0.1375105 0.0142454 0.1229378 0.1127684 0.1160843 0.1425624 0.1305059 0.1303923 0.1042578 0.1240517 0.1209304 0.0148637 0.1212768 0.1326473 0.1285321 0.1165498 0.0164447 0.1417937 0.1280312 0.1141046 0.1401305 0.1140092 0.1359959 0.1251636 0.1177647 0.1218351 0.0324377 0.1639135 0.1293744 0.0181071 0.1311239 0.1108082 0.1347746 0.1043998 0.1169891 0.1102730 0.1090206 0.1359126 0.1203090 0.1274012 0.0898166 0.1313546 0.1190373 0.1226286 0.1313593 0.0485510 0.1289439 0.1278375 0.1329694 0.1318068 0.1435698 0.1209070 0.1667795 0.1472648 0.0862014 0.0864743 0.1226613 0.1312664 0.1683097 0.1063652 0.1653467 0.1164090 0.1353756 0.1464757 0.0909356 0.1223893 0.1338918 0.1658465 0.1134876 0.1344096 0.1288270 0.1318208 0.1276253 0.1335288 0.0162656 0.1272437 0.1474740 0.0790209 0.0161975 0.0134894 0.1143951 0.0894889 0.1357876 0.1176780 0.1161983 0.1086649 0.1213393 0.1369035 0.1149925 0.1308001 0.1251137 0.1258551 0.1442184 0.1303375 0.1097776 0.1405415 0.1203749 0.1398723 0.1092050 0.1329540 0.1242268 0.1218387 0.1438386 0.1211432 0.1325542 0.1077248 0.1155680 0.1468330 0.1287379 0.1357572 0.1217183 0.1199307 0.1414168 0.1092259 0.1264770 0.1212718 0.1184645 
S0289      0.1124874 0.1086780 0.0516052 0.1160108 0.1126566 0.1406541 0.0000000 0.1069192 0.1186287 0.1369346 0.0549829 0.1368999 0.1592675 0.0471782 0.1454491 0.0571359 0.1075119 0.1208596 0.1380083 0.1149242 0.1137035 0.1171183 0.0492442 0.1239547 0.0500024 0.0992051 0.1225928 0.0457703 0.1343191 0.0623531 0.1096753 0.1262843 0.1657042 0.1410380 0.0515712 0.1253138 0.1090724 0.0534828 0.0597152 0.0795498 0.1169589 0.1122839 0.1140669 0.1466131 0.1560723 0.1202210 0.1417341 0.1073316 0.1117264 0.1100764 0.0982824 0.1143267 0.1032738 0.1008065 0.1131514 0.1126609 0.0619936 0.1448792 0.0785634 0.0634175 0.1010769 0.0462222 0.1240453 0.1096445 0.1081083 0.1114818 0.1094055 0.1514733 0.1129011 0.1558079 0.1239136 0.1451442 0.1326137 0.1059411 0.1111499 0.1614919 0.0996939 0.1588800 0.0708336 0.1168944 0.1196926 0.1474051 0.1143554 0.1118871 0.1608235 0.1128736 0.1261688 0.0996945 0.0429301 0.0740736 0.0774390 0.1366165 0.0672747 0.0532051 0.1228029 0.1357436 0.1297525 0.1151224 0.1434629 0.1188452 0.0989965 0.1140300 0.1080570 0.1169278 0.1131767 0.1104672 0.0714987 0.1040964 0.1086960 0.0465564 0.1264494 0.1019431 0.0483288 0.1104414 0.0848574 0.1075007 0.1111932 0.1073022 0.1227812 0.0596283 0.1163432 0.0744777 0.1008666 0.1093214 0.1236046 0.1073076 0.0831701 0.1000165 0.0990209 0.1244883 0.0978991 0.1038445 0.1136291 0.0931305 
S0292      0.0885560 0.0945611 0.1042648 0.1030444 0.0892194 0.1269884 0.1069192 0.0000000 0.0984188 0.1158835 0.1072160 0.1257836 0.1419793 0.1069414 0.1355223 0.0940820 0.0656957 0.0812173 0.1236915 0.0924869 0.0906078 0.0925162 0.1096467 0.1020289 0.0916955 0.0877088 0.0939258 0.0875135 0.1242967 0.0936615 0.0738492 0.1042623 0.1511383 0.1286316 0.1040933 0.1019315 0.0903875 0.1025286 0.0823399 0.0963360 0.0970163 0.0909783 0.0984042 0.1329752 0.1459517 0.0963615 0.1319291 0.0660584 0.0887383 0.0758635 0.0846852 0.0915756 0.0899595 0.0875795 0.0784569 0.0962060 0.0885403 0.1275427 0.0936292 0.0834430 0.0639798 0.0917608 0.1100958 0.0739565 0.0756466 0.0755979 0.0717402 0.1365794 0.0964747 0.1439632 0.0904408 0.1265292 0.1270057 0.0719211 0.0758279 0.1532644 0.0861288 0.1483740 0.0914776 0.0792138 0.0800782 0.1304496 0.0909037 0.0455390 0.1486674 0.0883841 0.1089081 0.0678944 0.0939194 0.0894661 0.0942092 0.1250382 0.0889478 0.1131640 0.1139956 0.1288981 0.1187638 0.0910147 0.1291537 0.0754368 0.0245905 0.0907426 0.0869098 0.0961095 0.0525389 0.0910244 0.0935341 0.0346282 0.0241614 0.1086689 0.1055227 0.0899296 0.1104456 0.0941504 0.1008162 0.0867263 0.0429419 0.0589115 0.0969217 0.1054267 0.0921832 0.0940303 0.0808221 0.0891217 0.0837128 0.0696925 0.0989068 0.0619851 0.0632470 0.0945825 0.0838827 0.0575799 0.0876354 0.0585952 
S0293      0.0681624 0.0974725 0.1192029 0.1058522 0.0236951 0.1268245 0.1186287 0.0984188 0.0000000 0.0639870 0.1158281 0.1254091 0.1403270 0.1202331 0.1281565 0.1098617 0.1068681 0.1136752 0.1253843 0.0846189 0.0250129 0.0329477 0.1206074 0.0995109 0.1065502 0.0883235 0.0920484 0.0965115 0.1239236 0.1003967 0.1017601 0.1014233 0.1527476 0.1271373 0.1224844 0.0549217 0.0334619 0.1143915 0.0995698 0.1088924 0.0821487 0.0264664 0.1020431 0.1307883 0.1552944 0.0948556 0.1292163 0.0997816 0.0332869 0.1005450 0.0859513 0.0289150 0.0907299 0.0893776 0.1090581 0.1020173 0.1019746 0.1324220 0.1049307 0.0956973 0.0931412 0.1023458 0.1078716 0.1020926 0.0973335 0.1063318 0.1021796 0.0745103 0.0985278 0.1576823 0.1159172 0.1302561 0.1197855 0.0975158 0.1037298 0.1590205 0.0865223 0.1583055 0.1023283 0.1070353 0.1154226 0.1318982 0.0703875 0.1082801 0.1588180 0.0246764 0.0786263 0.1005078 0.1083515 0.1016818 0.1055803 0.1238997 0.1049441 0.1203789 0.1141211 0.1281302 0.1171002 0.0341304 0.1382556 0.1132371 0.0907734 0.0286420 0.0309410 0.0733117 0.1136489 0.0673957 0.1000361 0.0963243 0.1024484 0.1208215 0.0749177 0.0893723 0.1231993 0.0990865 0.1125559 0.0248251 0.1061927 0.1016326 0.0387316 0.1165862 0.0458505 0.1073809 0.0656809 0.0793783 0.1175171 0.1067670 0.1125636 0.0917068 0.0909978 0.1267352 0.0866637 0.0984517 0.0807441 0.0880631 
S0294      0.0878274 0.1137784 0.1315161 0.1172915 0.0540347 0.1400526 0.1369346 0.1158835 0.0639870 0.0000000 0.1380443 0.1369223 0.1506273 0.1358086 0.1466448 0.1274570 0.1248376 0.1231458 0.1376629 0.0986403 0.0523954 0.0549528 0.1428174 0.1168355 0.1268420 0.1068130 0.1096964 0.1138094 0.1370319 0.1193543 0.1208939 0.1219133 0.1623463 0.1492617 0.1351842 0.0718968 0.0546551 0.1331378 0.1179172 0.1315885 0.0997102 0.0541715 0.1159714 0.1429171 0.1649231 0.1140547 0.1443242 0.1186037 0.0520807 0.1195259 0.1041980 0.0530065 0.1082914 0.1075714 0.1216047 0.1160310 0.1205716 0.1420890 0.1270602 0.1167573 0.1107503 0.1237369 0.1218814 0.1198315 0.1181571 0.1248789 0.1211613 0.0758181 0.1133877 0.1663643 0.1391967 0.1370969 0.1316389 0.1133676 0.1197026 0.1678070 0.1055884 0.1681846 0.1209334 0.1238685 0.1349270 0.1402099 0.0826159 0.1215793 0.1675712 0.0510474 0.0964568 0.1181459 0.1251308 0.1241017 0.1269230 0.1380484 0.1223416 0.1372581 0.1252197 0.1380708 0.1302790 0.0556853 0.1462145 0.1300525 0.1156544 0.0540930 0.0510439 0.0902614 0.1299337 0.0832913 0.1232331 0.1158420 0.1212113 0.1380794 0.0924773 0.1073804 0.1390761 0.1137763 0.1337502 0.0497948 0.1277295 0.1200319 0.0607241 0.1368275 0.0638858 0.1281741 0.0844870 0.0994206 0.1335266 0.1241291 0.1331213 0.1124656 0.1088055 0.1475617 0.1026348 0.1191805 0.0967736 0.1047056 
S0299      0.1125025 0.1060856 0.0544705 0.1153152 0.1086567 0.1479690 0.0549829 0.1072160 0.1158281 0.1380443 0.0000000 0.1425446 0.1595427 0.0528881 0.1471633 0.0576880 0.1091086 0.1257054 0.1441276 0.1139883 0.1099277 0.1136428 0.0527451 0.1239257 0.0495515 0.1009806 0.1200025 0.0506581 0.1395919 0.0622453 0.1109333 0.1244123 0.1655534 0.1477345 0.0557394 0.1224531 0.1067494 0.0579870 0.0602259 0.0838860 0.1153748 0.1085606 0.1146966 0.1507432 0.1540145 0.1235215 0.1499219 0.1096752 0.1095940 0.1099388 0.1007766 0.1122361 0.1055737 0.1034338 0.1097017 0.1154651 0.0638929 0.1432109 0.0828119 0.0645487 0.1016067 0.0475722 0.1269799 0.1109117 0.1065314 0.1106618 0.1097803 0.1520053 0.1143884 0.1557555 0.1272514 0.1395510 0.1333128 0.1063834 0.1097284 0.1595511 0.1023415 0.1559143 0.0688361 0.1150442 0.1185598 0.1466555 0.1142139 0.1109280 0.1583563 0.1090079 0.1270621 0.1015662 0.0483736 0.0777864 0.0820470 0.1410880 0.0688134 0.0517229 0.1284863 0.1434421 0.1366402 0.1124353 0.1411316 0.1196195 0.0972579 0.1095783 0.1085641 0.1177429 0.1083977 0.1106907 0.0721968 0.1038749 0.1057865 0.0487297 0.1265058 0.1036610 0.0472208 0.1123876 0.0857827 0.1039499 0.1098465 0.1049414 0.1212194 0.0585146 0.1116929 0.0735694 0.0981804 0.1107821 0.1221940 0.1101884 0.0858253 0.0989365 0.0994907 0.1242390 0.1005227 0.1028308 0.1114665 0.0927491 
S0303      0.1139026 0.1055262 0.1353293 0.1191310 0.1128003 0.0146824 0.1368999 0.1257836 0.1254091 0.1369223 0.1425446 0.0000000 0.0912380 0.1401740 0.0317383 0.1298365 0.1306889 0.1346040 0.0105884 0.1181273 0.1134811 0.1141497 0.1414467 0.1273248 0.1246141 0.1013525 0.1248643 0.1144150 0.0103883 0.1219240 0.1304043 0.1292875 0.1089839 0.0139875 0.1365456 0.1247788 0.1119470 0.1367024 0.1151535 0.1320346 0.1202836 0.1131267 0.1178416 0.0268633 0.1607750 0.1280202 0.0120362 0.1250163 0.1103675 0.1325221 0.1023470 0.1153141 0.1087942 0.1058079 0.1301853 0.1163314 0.1250132 0.0837447 0.1292381 0.1175340 0.1200489 0.1295258 0.0428005 0.1248369 0.1237060 0.1310112 0.1258854 0.1489520 0.1151741 0.1635555 0.1459039 0.0787012 0.0821124 0.1207222 0.1263758 0.1653231 0.1055852 0.1630757 0.1128001 0.1318397 0.1447253 0.0836234 0.1169367 0.1374802 0.1640717 0.1121156 0.1289105 0.1258215 0.1265349 0.1252279 0.1307571 0.0132325 0.1287217 0.1414242 0.0763692 0.0127918 0.0088810 0.1142488 0.0840266 0.1344617 0.1256021 0.1165122 0.1066658 0.1175159 0.1327406 0.1095949 0.1256200 0.1247630 0.1274452 0.1396629 0.1255668 0.1074085 0.1333652 0.1159856 0.1367493 0.1085939 0.1300518 0.1224529 0.1213959 0.1434852 0.1176330 0.1284313 0.1050590 0.1132915 0.1407980 0.1279437 0.1346083 0.1173335 0.1195439 0.1430205 0.1050890 0.1227278 0.1170325 0.1166271 
S0308      0.1274267 0.1299457 0.1538324 0.1388612 0.1246782 0.0991339 0.1592675 0.1419793 0.1403270 0.1506273 0.1595427 0.0912380 0.0000000 0.1592702 0.0988134 0.1488426 0.1405883 0.1521056 0.0906476 0.1335761 0.1257817 0.1301293 0.1566283 0.1400156 0.1417756 0.1213187 0.1378325 0.1286572 0.0928950 0.1399295 0.1418833 0.1390890 0.1118010 0.1079393 0.1564656 0.1375314 0.1241836 0.1523836 0.1310044 0.1497438 0.1302573 0.1256695 0.1397923 0.0955081 0.1875121 0.1372905 0.0972760 0.1407325 0.1231435 0.1464981 0.1199769 0.1268288 0.1252383 0.1240511 0.1434475 0.1396053 0.1378260 0.0967320 0.1465348 0.1306640 0.1329578 0.1389194 0.0736668 0.1406727 0.1369765 0.1421779 0.1410442 0.1591228 0.1319885 0.1868646 0.1605118 0.0962402 0.0968728 0.1382751 0.1448273 0.1911260 0.1213667 0.1905569 0.1293959 0.1434407 0.1579379 0.0971016 0.1254172 0.1524577 0.1904355 0.1231979 0.1427740 0.1377304 0.1456371 0.1420834 0.1473045 0.0913425 0.1421173 0.1614322 0.0853532 0.0916584 0.0866717 0.1271487 0.0965899 0.1477741 0.1347372 0.1266477 0.1195094 0.1295124 0.1471469 0.1219005 0.1397322 0.1386638 0.1436678 0.1579270 0.1357639 0.1260898 0.1509249 0.1299717 0.1556918 0.1200090 0.1480559 0.1383370 0.1330073 0.1591216 0.1275690 0.1433602 0.1155637 0.1287831 0.1535861 0.1376563 0.1488617 0.1327389 0.1333424 0.1585822 0.1186924 0.1360056 0.1310330 0.1289473 
S0320      0.1141052 0.1093089 0.0484949 0.1207160 0.1132760 0.1465905 0.0471782 0.1069414 0.1202331 0.1358086 0.0528881 0.1401740 0.1592702 0.0000000 0.1452908 0.0576208 0.1079676 0.1141026 0.1423800 0.1194511 0.1129726 0.1170343 0.0494750 0.1230003 0.0480305 0.0995241 0.1238645 0.0419956 0.1398951 0.0610378 0.1113650 0.1270052 0.1686135 0.1502916 0.0471488 0.1302738 0.1111253 0.0507085 0.0559527 0.0812887 0.1163439 0.1140298 0.1162034 0.1498344 0.1520490 0.1200533 0.1482431 0.1104931 0.1128289 0.1115624 0.0999214 0.1150371 0.1042174 0.1030429 0.1128775 0.1161804 0.0593155 0.1467638 0.0805013 0.0607735 0.1042468 0.0418125 0.1274770 0.1090166 0.1092491 0.1124393 0.1106644 0.1498412 0.1127275 0.1533253 0.1263341 0.1440027 0.1338608 0.1072455 0.1107758 0.1573252 0.1004566 0.1559949 0.0707146 0.1170144 0.1209041 0.1480168 0.1175079 0.1085046 0.1554104 0.1121642 0.1295803 0.1019043 0.0398641 0.0756631 0.0779897 0.1389413 0.0651435 0.0492735 0.1293939 0.1416532 0.1331778 0.1144860 0.1427597 0.1172821 0.0988374 0.1141738 0.1107704 0.1193386 0.1151907 0.1119164 0.0652280 0.1031831 0.1066249 0.0378476 0.1279491 0.1036574 0.0471564 0.1092812 0.0861558 0.1069996 0.1095141 0.1055461 0.1214589 0.0550714 0.1180342 0.0709521 0.0992638 0.1112918 0.1255773 0.1075498 0.0828374 0.1012395 0.1010052 0.1237829 0.0958471 0.1028961 0.1144609 0.0967239 
S0322      0.1219041 0.1154057 0.1414571 0.1286452 0.1219632 0.0365288 0.1454491 0.1355223 0.1281565 0.1466448 0.1471633 0.0317383 0.0988134 0.1452908 0.0000000 0.1356658 0.1395646 0.1495956 0.0306941 0.1301562 0.1221779 0.1241926 0.1486680 0.1343339 0.1307707 0.1091048 0.1330003 0.1248304 0.0308067 0.1253191 0.1372616 0.1344513 0.1189188 0.0365532 0.1386525 0.1335402 0.1214458 0.1397102 0.1223375 0.1423806 0.1282068 0.1226451 0.1293973 0.0155079 0.1721231 0.1355711 0.0350005 0.1327107 0.1194416 0.1376433 0.1106404 0.1230902 0.1172759 0.1146084 0.1389168 0.1266402 0.1310279 0.0882189 0.1380940 0.1242428 0.1289358 0.1350443 0.0459580 0.1295890 0.1318127 0.1368764 0.1335599 0.1629502 0.1262848 0.1722926 0.1489463 0.0835668 0.0891741 0.1285706 0.1331451 0.1753710 0.1134980 0.1741720 0.1174826 0.1408498 0.1501386 0.0880426 0.1293087 0.1458147 0.1741778 0.1208709 0.1395655 0.1293676 0.1319492 0.1329625 0.1400624 0.0318250 0.1336339 0.1483196 0.0840208 0.0342162 0.0305795 0.1245155 0.0859981 0.1424615 0.1330706 0.1243143 0.1156283 0.1260763 0.1411262 0.1220803 0.1342746 0.1325196 0.1371578 0.1437424 0.1357667 0.1163027 0.1453597 0.1252266 0.1464388 0.1177424 0.1381731 0.1303026 0.1305284 0.1472485 0.1265169 0.1363042 0.1126684 0.1246588 0.1483179 0.1357023 0.1435418 0.1256596 0.1279604 0.1508069 0.1127254 0.1315702 0.1252591 0.1234629 
S0327      0.0999375 0.1006835 0.0545813 0.1067120 0.0972234 0.1330223 0.0571359 0.0940820 0.1098617 0.1274570 0.0576880 0.1298365 0.1488426 0.0576208 0.1356658 0.0000000 0.0940649 0.1110984 0.1301248 0.1029324 0.0978390 0.0993243 0.0605769 0.1116270 0.0424170 0.0889817 0.1110376 0.0390675 0.1274683 0.0513334 0.1001453 0.1124099 0.1553328 0.1376180 0.0522277 0.1111675 0.0946290 0.0545207 0.0482468 0.0707123 0.1016624 0.0997140 0.1051022 0.1376201 0.1395670 0.1071939 0.1355759 0.0989413 0.0942170 0.1020135 0.0884326 0.0970020 0.0924645 0.0930397 0.1040238 0.1059318 0.0505983 0.1301800 0.0709178 0.0510446 0.0897383 0.0442934 0.1138147 0.0993186 0.0980412 0.1006569 0.0983143 0.1411763 0.1035621 0.1404299 0.1174829 0.1285744 0.1269894 0.0970373 0.1012480 0.1458855 0.0893792 0.1423408 0.0589001 0.1038929 0.1107267 0.1324890 0.1007317 0.1015445 0.1441259 0.0969171 0.1173715 0.0920391 0.0439949 0.0664614 0.0689438 0.1281086 0.0556716 0.0624799 0.1194685 0.1291246 0.1217121 0.0987111 0.1293969 0.1094897 0.0858170 0.1002390 0.0957329 0.1066022 0.1035306 0.1002849 0.0576585 0.0934446 0.0956625 0.0572220 0.1140726 0.0937378 0.0582341 0.1007660 0.0769969 0.0921789 0.0995291 0.0965495 0.1069978 0.0528495 0.1020732 0.0625945 0.0877280 0.0965619 0.1132643 0.0976222 0.0746903 0.0877367 0.0898203 0.1186474 0.0855367 0.0936464 0.1013071 0.0828357 
S0335      0.0933690 0.0986524 0.1057617 0.1029413 0.0923797 0.1306257 0.1075119 0.0656957 0.1068681 0.1248376 0.1091086 0.1306889 0.1405883 0.1079676 0.1395646 0.0940649 0.0000000 0.0592589 0.1301096 0.0960799 0.0946525 0.0960601 0.1127436 0.1093482 0.0945009 0.0903759 0.0988371 0.0910875 0.1280347 0.0966847 0.0788837 0.1091115 0.1559785 0.1380854 0.1090146 0.1081009 0.0927968 0.1023416 0.0846253 0.0982129 0.1026006 0.0959237 0.1000514 0.1352636 0.1510849 0.1037237 0.1352209 0.0756882 0.0918235 0.0795500 0.0869445 0.0955969 0.0926362 0.0896640 0.0850716 0.0986991 0.0878325 0.1310904 0.0954709 0.0836414 0.0684547 0.0922077 0.1138652 0.0769711 0.0762196 0.0819642 0.0751217 0.1397517 0.0986121 0.1535491 0.0955007 0.1301957 0.1298069 0.0740159 0.0764898 0.1574798 0.0874382 0.1534229 0.0939766 0.0801991 0.0732830 0.1312905 0.0992469 0.0746873 0.1538171 0.0915980 0.1127477 0.0682201 0.0979394 0.0913294 0.0956448 0.1316499 0.0921292 0.1189171 0.1176476 0.1329248 0.1236730 0.0928509 0.1318540 0.0522864 0.0667450 0.0959982 0.0900410 0.0997022 0.0760677 0.0959602 0.0974679 0.0663365 0.0716545 0.1095479 0.1090640 0.0926053 0.1057655 0.0967602 0.1045061 0.0915393 0.0740597 0.0579877 0.1009279 0.1042999 0.1005218 0.0951450 0.0868246 0.0960527 0.0605812 0.0348914 0.1011176 0.0689588 0.0641063 0.1053250 0.0847971 0.0555080 0.0917874 0.0611626 
S0345      0.1042878 0.1074831 0.1167991 0.1024878 0.1100493 0.1375105 0.1208596 0.0812173 0.1136752 0.1231458 0.1257054 0.1346040 0.1521056 0.1141026 0.1495956 0.1110984 0.0592589 0.0000000 0.1354243 0.0979771 0.1072305 0.1069802 0.1151507 0.1114501 0.1096146 0.1071004 0.0986212 0.1041416 0.1389263 0.1082171 0.0804927 0.1214325 0.1423424 0.1470229 0.1233859 0.1195881 0.1078498 0.1215662 0.1090061 0.1024754 0.1114702 0.1011621 0.1103297 0.1400090 0.1504021 0.1121117 0.1393258 0.0854325 0.1019932 0.0906250 0.1020613 0.1092116 0.1087720 0.1071320 0.0938322 0.1077803 0.1131524 0.1487442 0.1029870 0.1073563 0.0709478 0.1050693 0.1276346 0.0884397 0.0838837 0.0846563 0.0790631 0.1192172 0.1040501 0.1476494 0.1061487 0.1397239 0.1468718 0.0812980 0.0823238 0.1555715 0.1040750 0.1549655 0.1033041 0.0904057 0.0895828 0.1389364 0.1084499 0.0950442 0.1511459 0.1068893 0.1209480 0.0791160 0.1070969 0.0996248 0.1020198 0.1348780 0.1162881 0.1328425 0.1360004 0.1378099 0.1255656 0.1010402 0.1520583 0.0506663 0.0781388 0.1105987 0.0977649 0.1139918 0.0871099 0.1038509 0.1109274 0.0813233 0.0845068 0.1225422 0.1212711 0.1071965 0.1152350 0.1040960 0.1081850 0.1057143 0.0829128 0.0664932 0.1112135 0.1225012 0.1125190 0.1144360 0.1032124 0.1075612 0.0375797 0.0601425 0.1054460 0.0785700 0.0705213 0.1227532 0.0985654 0.0640326 0.1023435 0.0648609 
S0355      0.1144588 0.1053701 0.1360766 0.1220522 0.1124169 0.0142454 0.1380083 0.1236915 0.1253843 0.1376629 0.1441276 0.0105884 0.0906476 0.1423800 0.0306941 0.1301248 0.1301096 0.1354243 0.0000000 0.1174335 0.1126341 0.1159416 0.1409310 0.1294625 0.1259589 0.1022878 0.1242084 0.1157244 0.0097348 0.1224293 0.1294755 0.1284690 0.1083441 0.0154997 0.1373343 0.1250799 0.1125791 0.1378595 0.1144056 0.1355057 0.1221552 0.1142218 0.1206993 0.0264416 0.1645796 0.1286038 0.0130946 0.1249673 0.1109392 0.1313912 0.1023588 0.1153596 0.1086336 0.1061462 0.1303793 0.1187400 0.1262271 0.0842728 0.1309202 0.1181084 0.1199200 0.1266330 0.0427036 0.1241920 0.1234773 0.1310903 0.1261871 0.1467336 0.1175854 0.1665217 0.1462006 0.0769576 0.0844399 0.1210948 0.1284802 0.1686252 0.1055107 0.1664109 0.1101138 0.1327052 0.1432669 0.0832218 0.1183572 0.1330657 0.1668894 0.1117530 0.1292243 0.1250949 0.1273657 0.1266657 0.1328758 0.0116738 0.1289824 0.1421589 0.0752985 0.0126895 0.0087913 0.1147108 0.0836001 0.1343510 0.1210916 0.1160191 0.1073152 0.1193319 0.1326016 0.1125244 0.1276976 0.1226911 0.1243484 0.1397036 0.1249260 0.1077190 0.1342561 0.1175398 0.1392142 0.1083103 0.1291669 0.1213267 0.1222027 0.1434994 0.1163249 0.1300742 0.1054461 0.1156623 0.1412193 0.1265177 0.1370986 0.1178276 0.1189349 0.1437968 0.1059512 0.1215455 0.1189264 0.1156554 
S0376      0.0723882 0.0903631 0.1147990 0.1004853 0.0726736 0.1229378 0.1149242 0.0924869 0.0846189 0.0986403 0.1139883 0.1181273 0.1335761 0.1194511 0.1301562 0.1029324 0.0960799 0.0979771 0.1174335 0.0000000 0.0694647 0.0737989 0.1215540 0.0975015 0.1019652 0.0876148 0.0454139 0.0914566 0.1184390 0.0983776 0.0968022 0.0964836 0.1445843 0.1360030 0.1184115 0.0817970 0.0694077 0.1105156 0.0895782 0.1035178 0.0797227 0.0764998 0.0986958 0.1237757 0.1455723 0.0895412 0.1243347 0.0961117 0.0703360 0.0933704 0.0847142 0.0747209 0.0896635 0.0887973 0.1062935 0.0967343 0.0957785 0.1280746 0.1016956 0.0913629 0.0858174 0.1004314 0.1061188 0.0974401 0.0936314 0.0969405 0.0968891 0.0882713 0.0965418 0.1463292 0.1095562 0.1263437 0.1199610 0.0907485 0.0967949 0.1525223 0.0867393 0.1491917 0.0992319 0.1007750 0.1097686 0.1255439 0.0770778 0.0997230 0.1502094 0.0730505 0.0870758 0.0971323 0.1063419 0.0974547 0.1024780 0.1185670 0.0998910 0.1248125 0.1117978 0.1203831 0.1130020 0.0759527 0.1287081 0.1011471 0.0845443 0.0728363 0.0678503 0.0754007 0.1024763 0.0739765 0.1016343 0.0930572 0.0956181 0.1181204 0.0870153 0.0891431 0.1173962 0.0949058 0.1095886 0.0692707 0.0959415 0.0960287 0.0795491 0.1142049 0.0760498 0.1017902 0.0675501 0.0752041 0.1101262 0.0999495 0.1036483 0.0846246 0.0831466 0.1172538 0.0787885 0.0936968 0.0405261 0.0829841 
S0400      0.0593879 0.0886317 0.1101065 0.0933661 0.0156177 0.1127684 0.1137035 0.0906078 0.0250129 0.0523954 0.1099277 0.1134811 0.1257817 0.1129726 0.1221779 0.0978390 0.0946525 0.1072305 0.1126341 0.0694647 0.0000000 0.0225061 0.1187257 0.0922532 0.0979401 0.0795077 0.0833653 0.0883958 0.1124962 0.0943657 0.0945697 0.0954828 0.1371077 0.1171144 0.1110707 0.0440522 0.0240900 0.1056544 0.0900007 0.1035538 0.0738399 0.0154254 0.0928141 0.1192384 0.1480464 0.0857535 0.1183007 0.0901144 0.0227911 0.0931420 0.0781785 0.0160098 0.0825192 0.0809702 0.0984756 0.0929173 0.0941015 0.1183172 0.0987969 0.0892502 0.0841810 0.0925592 0.0959647 0.0908982 0.0913372 0.0960299 0.0915497 0.0684562 0.0873015 0.1487761 0.1090447 0.1161652 0.1106059 0.0872531 0.0926093 0.1519433 0.0791750 0.1512824 0.0905152 0.0971372 0.1077644 0.1175811 0.0593111 0.0972469 0.1512172 0.0125690 0.0683492 0.0929800 0.0992905 0.0962508 0.0994756 0.1130479 0.0976029 0.1148236 0.1007653 0.1156912 0.1067659 0.0224746 0.1227209 0.1046000 0.0857877 0.0161040 0.0203356 0.0632046 0.0998660 0.0542879 0.0957285 0.0896318 0.0943199 0.1112750 0.0641398 0.0808491 0.1095834 0.0875615 0.1095208 0.0130018 0.0982403 0.0927086 0.0302414 0.1115536 0.0358545 0.1011169 0.0563660 0.0705675 0.1082835 0.0971839 0.1051090 0.0820073 0.0801239 0.1185149 0.0776502 0.0919217 0.0697213 0.0778583 
S0405      0.0620053 0.0922877 0.1129367 0.0988179 0.0238181 0.1160843 0.1171183 0.0925162 0.0329477 0.0549528 0.1136428 0.1141497 0.1301293 0.1170343 0.1241926 0.0993243 0.0960601 0.1069802 0.1159416 0.0737989 0.0225061 0.0000000 0.1196151 0.0942554 0.0998730 0.0826208 0.0851991 0.0898606 0.1131138 0.0958429 0.0933588 0.0956133 0.1404942 0.1195530 0.1139042 0.0473658 0.0206104 0.1093332 0.0902520 0.1085363 0.0761296 0.0238415 0.0956271 0.1219970 0.1442845 0.0880654 0.1207476 0.0913614 0.0252472 0.0912196 0.0829389 0.0231594 0.0872993 0.0857455 0.1003127 0.0956884 0.0946978 0.1193974 0.1043240 0.0902929 0.0869263 0.0982773 0.1011632 0.0918681 0.0932524 0.0956405 0.0911874 0.0702742 0.0917378 0.1429044 0.1106004 0.1150776 0.1135907 0.0895260 0.0944109 0.1481564 0.0835303 0.1465717 0.0956667 0.0972650 0.1096152 0.1175500 0.0615428 0.0995331 0.1479122 0.0211436 0.0726494 0.0935815 0.1024248 0.1005352 0.1045425 0.1136200 0.0973132 0.1200214 0.1031928 0.1181744 0.1078761 0.0234662 0.1238106 0.1064873 0.0893440 0.0240187 0.0195437 0.0662210 0.1026512 0.0572782 0.0978700 0.0902878 0.0966560 0.1154593 0.0656337 0.0847914 0.1112166 0.0920413 0.1119643 0.0216384 0.1001538 0.0954699 0.0342084 0.1152516 0.0394993 0.1008974 0.0597559 0.0745392 0.1101042 0.0990428 0.1099834 0.0838385 0.0836754 0.1200469 0.0799286 0.0942361 0.0727958 0.0805835 
S0407sl    0.1162280 0.1068265 0.0554287 0.1228941 0.1164683 0.1425624 0.0492442 0.1096467 0.1206074 0.1428174 0.0527451 0.1414467 0.1566283 0.0494750 0.1486680 0.0605769 0.1127436 0.1151507 0.1409310 0.1215540 0.1187257 0.1196151 0.0000000 0.1233255 0.0515776 0.1028265 0.1268607 0.0466021 0.1406567 0.0658642 0.1153740 0.1260735 0.1414362 0.1470823 0.0545705 0.1322414 0.1128242 0.0586745 0.0594877 0.0830155 0.1216213 0.1122991 0.1206244 0.1480013 0.1535129 0.1236678 0.1474996 0.1080335 0.1154304 0.1100225 0.1029520 0.1177514 0.1068108 0.1055102 0.1189854 0.1205097 0.0650370 0.1458471 0.0833327 0.0639941 0.1054200 0.0432786 0.1218803 0.1120117 0.1140329 0.1180147 0.1130750 0.1517426 0.1157251 0.1509698 0.1308541 0.1399157 0.1320193 0.1137127 0.1160313 0.1611966 0.1038701 0.1588994 0.0698593 0.1192433 0.1263478 0.1475789 0.1177600 0.1156322 0.1601559 0.1147816 0.1351375 0.1087221 0.0444016 0.0779744 0.0793326 0.1389932 0.0706926 0.0538095 0.1265503 0.1390659 0.1313635 0.1180381 0.1443764 0.1195952 0.1024933 0.1184179 0.1127784 0.1188534 0.1153459 0.1159644 0.0690632 0.1062185 0.1144112 0.0501038 0.1343724 0.1077335 0.0360190 0.1131018 0.0878911 0.1078127 0.1139333 0.1105855 0.1263865 0.0637661 0.1193798 0.0758753 0.1060856 0.1161204 0.1284996 0.1133823 0.0867660 0.1054435 0.1049876 0.1308214 0.0959032 0.1058619 0.1153716 0.0957387 
S0412sl    0.0849592 0.0936253 0.1175888 0.1089136 0.0902761 0.1305059 0.1239547 0.1020289 0.0995109 0.1168355 0.1239257 0.1273248 0.1400156 0.1230003 0.1343339 0.1116270 0.1093482 0.1114501 0.1294625 0.0975015 0.0922532 0.0942554 0.1233255 0.0000000 0.1114144 0.0907387 0.1042463 0.1015062 0.1297546 0.1072961 0.1060580 0.0782607 0.1548703 0.1352404 0.1246378 0.1046708 0.0892813 0.1227692 0.0966895 0.1180695 0.0909555 0.0922016 0.1028507 0.1331109 0.1550869 0.0692938 0.1361061 0.1033456 0.0886574 0.1088582 0.0875890 0.0910707 0.0913469 0.0910167 0.1128276 0.1033951 0.1008154 0.1329290 0.1140222 0.0948840 0.0980101 0.1086337 0.1115913 0.1063041 0.1012847 0.1066546 0.1070962 0.1253656 0.1033499 0.1586914 0.1224028 0.1312742 0.1316984 0.1023473 0.1102199 0.1606786 0.0898851 0.1595327 0.1044712 0.1096196 0.1202738 0.1345745 0.0914366 0.1107689 0.1593530 0.0872717 0.1045629 0.1043572 0.1128047 0.1100320 0.1152156 0.1285836 0.1025977 0.1299615 0.1160155 0.1316731 0.1204957 0.0940894 0.1343539 0.1124877 0.0941779 0.0915490 0.0857182 0.0887742 0.1106124 0.0876762 0.1127839 0.1005951 0.1060435 0.1279774 0.0993928 0.0917466 0.1227352 0.1022796 0.1186567 0.0857669 0.1063778 0.1009015 0.0972531 0.1252137 0.0951474 0.1061417 0.0757459 0.0886659 0.1217929 0.1099009 0.1196582 0.0958574 0.0975623 0.1244284 0.0861147 0.0968166 0.0895219 0.0947585 
S0417      0.0998755 0.0994520 0.0439889 0.1047337 0.0973401 0.1303923 0.0500024 0.0916955 0.1065502 0.1268420 0.0495515 0.1246141 0.1417756 0.0480305 0.1307707 0.0424170 0.0945009 0.1096146 0.1259589 0.1019652 0.0979401 0.0998730 0.0515776 0.1114144 0.0000000 0.0884956 0.1099513 0.0281670 0.1245079 0.0469958 0.0960013 0.1118616 0.1504921 0.1354827 0.0454423 0.1120725 0.0944833 0.0459982 0.0470727 0.0680733 0.1058634 0.0997930 0.0998694 0.1342059 0.1400303 0.1072923 0.1314047 0.0964649 0.0960073 0.0976132 0.0883204 0.0980479 0.0933174 0.0908806 0.0964812 0.1006726 0.0491729 0.1312633 0.0687136 0.0487523 0.0887981 0.0357736 0.1090233 0.0957498 0.0962148 0.0979416 0.0967810 0.1412847 0.1012683 0.1399202 0.1143702 0.1281539 0.1217874 0.0930088 0.0976428 0.1458948 0.0889692 0.1428904 0.0562239 0.0994273 0.1100781 0.1311865 0.1024928 0.0975426 0.1446322 0.0965830 0.1125885 0.0909532 0.0325195 0.0646355 0.0671211 0.1236886 0.0546866 0.0491876 0.1151562 0.1230184 0.1169606 0.0966107 0.1294574 0.1060057 0.0875549 0.0990298 0.0927915 0.1040849 0.0996240 0.0990271 0.0561738 0.0929605 0.0937832 0.0491645 0.1105704 0.0923298 0.0485813 0.0984610 0.0739779 0.0907883 0.0973622 0.0933198 0.1066461 0.0482953 0.1011598 0.0616535 0.0884117 0.0987560 0.1122556 0.0945288 0.0732214 0.0843299 0.0854312 0.1164313 0.0842133 0.0904991 0.1000320 0.0802273 
S0419      0.0795645 0.0181795 0.0962854 0.0405447 0.0806846 0.1042578 0.0992051 0.0877088 0.0883235 0.1068130 0.1009806 0.1013525 0.1213187 0.0995241 0.1091048 0.0889817 0.0903759 0.1071004 0.1022878 0.0876148 0.0795077 0.0826208 0.1028265 0.0907387 0.0884956 0.0000000 0.0912495 0.0756797 0.1016654 0.0869955 0.0902858 0.0946477 0.1351423 0.1086836 0.1005062 0.0922003 0.0803016 0.0991487 0.0744135 0.0935954 0.0835674 0.0826654 0.0408597 0.1109337 0.1303311 0.0874660 0.1064456 0.0822408 0.0786163 0.0922236 0.0058171 0.0799584 0.0092483 0.0092731 0.0955426 0.0399419 0.0827366 0.1127849 0.0899389 0.0778681 0.0816352 0.0881177 0.0922439 0.0870113 0.0887535 0.0895617 0.0884342 0.1173007 0.0482864 0.1304754 0.1033117 0.1086086 0.1081241 0.0830129 0.0899893 0.1359875 0.0078607 0.1331690 0.0809426 0.0968148 0.1008311 0.1114907 0.0819431 0.0938932 0.1334607 0.0785726 0.0958453 0.0869964 0.0889538 0.0853231 0.0913651 0.1011685 0.0839489 0.1077632 0.0967876 0.1036658 0.0980116 0.0837070 0.1137668 0.0961341 0.0830638 0.0821995 0.0767664 0.0864410 0.0939394 0.0791806 0.0868544 0.0863486 0.0921988 0.1035386 0.0937616 0.0095917 0.1026066 0.0484180 0.0972969 0.0781193 0.0898015 0.0865211 0.0860670 0.1034299 0.0817931 0.0902104 0.0714256 0.0778471 0.1066792 0.0918005 0.0934150 0.0790741 0.0796638 0.1100799 0.0482398 0.0861792 0.0817338 0.0745594 
S0427      0.0770628 0.0970486 0.1220092 0.1040700 0.0832869 0.1240517 0.1225928 0.0939258 0.0920484 0.1096964 0.1200025 0.1248643 0.1378325 0.1238645 0.1330003 0.1110376 0.0988371 0.0986212 0.1242084 0.0454139 0.0833653 0.0851991 0.1268607 0.1042463 0.1099513 0.0912495 0.0000000 0.0966928 0.1233283 0.1034560 0.1014721 0.1058057 0.1522373 0.1316474 0.1262791 0.0937138 0.0833844 0.1159568 0.0960636 0.1090895 0.0854669 0.0868496 0.1014966 0.1287192 0.1498767 0.0985148 0.1295857 0.0970767 0.0819619 0.0964567 0.0881452 0.0839359 0.0926035 0.0910984 0.1045289 0.1014267 0.1019550 0.1352413 0.1070344 0.0967936 0.0909714 0.1100352 0.1089248 0.0993009 0.0963987 0.1019916 0.0992617 0.1181087 0.1001735 0.1488352 0.1141821 0.1289640 0.1243877 0.0956923 0.0985659 0.1556483 0.0896164 0.1540833 0.1029833 0.1037195 0.1149694 0.1310010 0.0849621 0.1040827 0.1540493 0.0833138 0.0996495 0.0974082 0.1093745 0.1023919 0.1040980 0.1235834 0.1046049 0.1311728 0.1147036 0.1276076 0.1197999 0.0850511 0.1384955 0.1060663 0.0874357 0.0844054 0.0785430 0.0852026 0.1042971 0.0796685 0.1070357 0.0953144 0.0998323 0.1213915 0.0974799 0.0917954 0.1269827 0.0987573 0.1137894 0.0811420 0.1009830 0.0966165 0.0926975 0.1217084 0.0861877 0.1045436 0.0742209 0.0819244 0.1117053 0.0997873 0.1108956 0.0871561 0.0910553 0.1201061 0.0852531 0.0957753 0.0502534 0.0862283 
S0428sl    0.0875170 0.0828137 0.0426812 0.0896769 0.0887948 0.1209304 0.0457703 0.0875135 0.0965115 0.1138094 0.0506581 0.1144150 0.1286572 0.0419956 0.1248304 0.0390675 0.0910875 0.1041416 0.1157244 0.0914566 0.0883958 0.0898606 0.0466021 0.1015062 0.0281670 0.0756797 0.0966928 0.0000000 0.1175894 0.0397200 0.0867123 0.0990209 0.1171919 0.1253332 0.0485308 0.1014240 0.0857263 0.0468466 0.0440908 0.0582874 0.0969357 0.0851186 0.0908532 0.1219909 0.1288927 0.0970556 0.1232499 0.0910151 0.0872123 0.0896101 0.0747828 0.0895039 0.0771213 0.0766803 0.0901494 0.0912762 0.0483315 0.1156437 0.0580912 0.0474497 0.0789752 0.0323242 0.0972501 0.0860287 0.0829169 0.0880556 0.0862944 0.1224414 0.0838133 0.1253632 0.1057030 0.1141577 0.1168393 0.0857592 0.0870147 0.1360137 0.0761661 0.1329541 0.0493844 0.0902965 0.1017171 0.1178304 0.0884384 0.0922876 0.1331386 0.0886823 0.1008323 0.0869212 0.0318506 0.0536988 0.0550882 0.1149788 0.0539383 0.0502356 0.1037443 0.1136374 0.1061192 0.0872799 0.1176764 0.0966009 0.0817456 0.0917098 0.0844165 0.0983787 0.0914461 0.0861094 0.0493357 0.0851525 0.0897372 0.0475735 0.0987101 0.0781120 0.0443040 0.0833167 0.0631153 0.0823545 0.0939492 0.0851911 0.0943615 0.0505845 0.0932276 0.0569591 0.0804134 0.0862777 0.1062621 0.0883054 0.0638713 0.0772479 0.0779860 0.1123081 0.0772783 0.0813942 0.0895388 0.0737968 
S0430      0.1139211 0.1074538 0.1344281 0.1226002 0.1113905 0.0148637 0.1343191 0.1242967 0.1239236 0.1370319 0.1395919 0.0103883 0.0928950 0.1398951 0.0308067 0.1274683 0.1280347 0.1389263 0.0097348 0.1184390 0.1124962 0.1131138 0.1406567 0.1297546 0.1245079 0.1016654 0.1233283 0.1175894 0.0000000 0.1196874 0.1272741 0.1257237 0.1075901 0.0128203 0.1340358 0.1232847 0.1081709 0.1350655 0.1125333 0.1334143 0.1216486 0.1176911 0.1198727 0.0272151 0.1625409 0.1274360 0.0122236 0.1256310 0.1098830 0.1258487 0.1029096 0.1143642 0.1089744 0.1055295 0.1281233 0.1183383 0.1230687 0.0851105 0.1287883 0.1156893 0.1185462 0.1261760 0.0437539 0.1228542 0.1225649 0.1293693 0.1248696 0.1496826 0.1185362 0.1671088 0.1435964 0.0797393 0.0834674 0.1192760 0.1267245 0.1667046 0.1058063 0.1639790 0.1071079 0.1309803 0.1422457 0.0846276 0.1178627 0.1328133 0.1649540 0.1097924 0.1293041 0.1228614 0.1241165 0.1249545 0.1307032 0.0129442 0.1268320 0.1403836 0.0751158 0.0128787 0.0089253 0.1137096 0.0843975 0.1337235 0.1178912 0.1129903 0.1057826 0.1187514 0.1310115 0.1101856 0.1283601 0.1237298 0.1254125 0.1369070 0.1246290 0.1080465 0.1342389 0.1184928 0.1371551 0.1070989 0.1298564 0.1205395 0.1203180 0.1419537 0.1148408 0.1279109 0.1047971 0.1146356 0.1392627 0.1247982 0.1344976 0.1154863 0.1184480 0.1426785 0.1049105 0.1207625 0.1169886 0.1141746 
