133
PAFTOL_019361 0.0000000 0.4068725 0.3829231 0.4632228 0.4263170 0.4175081 0.4834556 0.4405176 0.4062547 0.4168761 0.4552936 0.4632165 0.4892076 0.4358280 0.4205582 0.4980320 0.4426440 0.4127549 0.4107196 0.4742084 0.4019747 0.4248955 0.4123088 0.4922854 0.4197443 0.4340925 0.4052334 0.4262525 0.4308337 0.4946939 0.4641997 0.4298490 0.4469919 0.4517312 0.4488462 0.4418472 0.4372726 0.4106916 0.4859480 0.4177563 0.4526796 0.4108508 0.4274647 0.3963342 0.4865255 0.5093383 0.4178299 0.4857299 0.5058292 0.4306474 0.4095604 0.4058338 0.4216525 0.4044953 0.4044012 0.4396692 0.3970906 0.4267723 0.4725868 0.4278278 0.4611212 0.4016045 0.4734954 0.4330765 0.4175553 0.4075168 0.4174924 0.4503242 0.4541708 0.5329825 0.5291670 0.4467590 0.4525524 0.4484734 0.4486501 0.5339991 0.4081175 0.5163991 0.4164233 0.4138233 0.4089473 0.4581635 0.4109404 0.4308772 0.5349722 0.4143217 0.4254347 0.4050453 0.4390943 0.4266599 0.4489264 0.5003729 0.4326070 0.4479880 0.4516328 0.4881484 0.4865229 0.4213786 0.4542706 0.4048580 0.3800850 0.4212548 0.4198882 0.3740920 0.4405926 0.4114508 0.4498157 0.4173036 0.4238009 0.4680584 0.4175507 0.4147474 0.4655376 0.4536730 0.4409012 0.4154613 0.4148958 0.4007639 0.4251937 0.4583992 0.4183790 0.4311666 0.3509548 0.4085689 0.4038282 0.4682215 0.3909423 0.3973219 0.5668860 0.4336395 0.3987965 0.3990512 0.4039686 
S0055         0.4068725 0.0000000 0.1313414 0.1542014 0.1655816 0.0896066 0.1737290 0.1496428 0.1195450 0.0979781 0.1339267 0.1625937 0.1688605 0.1837336 0.1513010 0.1702472 0.1577343 0.1257869 0.1266455 0.1688905 0.1229768 0.0889385 0.0874355 0.1839101 0.1090043 0.1517582 0.1277625 0.1240004 0.1482996 0.1655281 0.1448388 0.1563911 0.1477263 0.1552928 0.1798366 0.1595356 0.1133533 0.0853890 0.1805950 0.1534392 0.1603451 0.1006186 0.0890032 0.1419285 0.1685608 0.2344307 0.1196932 0.1733668 0.1689797 0.0895722 0.1485133 0.1275758 0.0925550 0.1269378 0.1283343 0.1761383 0.1467862 0.1440754 0.1712125 0.1474756 0.1464893 0.1137578 0.1739125 0.1386501 0.1518853 0.1585518 0.1523772 0.1448789 0.1483316 0.2503370 0.1925573 0.1506876 0.1777675 0.1395774 0.1339010 0.2417699 0.1286319 0.2349155 0.1556485 0.1433667 0.1229496 0.1634365 0.1140163 0.1543333 0.2303751 0.0897104 0.1172756 0.1124287 0.1502666 0.1456500 0.1590983 0.1762119 0.1447817 0.1482099 0.1670578 0.1730625 0.1660680 0.0895591 0.1710998 0.1188819 0.1263084 0.0928566 0.0839630 0.0624961 0.1629241 0.0922954 0.1510502 0.1406283 0.1408696 0.1658334 0.0999284 0.1311774 0.1736099 0.1523036 0.1591533 0.0900789 0.1332623 0.1193765 0.1010275 0.1560775 0.0965803 0.1491845 0.0867925 0.1189612 0.1277192 0.1653612 0.1153155 0.1124026 0.2111247 0.1281928 0.1171772 0.1162219 0.1110511 
S0196sl       0.3829231 0.1313414 0.0000000 0.1164499 0.0837476 0.1177154 0.1259278 0.1332103 0.0997722 0.1247715 0.1505419 0.1447756 0.1253721 0.1312746 0.1234357 0.1261691 0.1145139 0.1117338 0.1057691 0.1234596 0.1207148 0.1137216 0.1152323 0.1582094 0.1403571 0.1185011 0.0162297 0.1342373 0.1116539 0.1212163 0.1224001 0.1284753 0.1618600 0.1238406 0.1431824 0.1284478 0.1406015 0.1108947 0.1471678 0.1232076 0.1242626 0.1159796 0.1093818 0.0550006 0.1215281 0.2209096 0.1324610 0.1219023 0.1293853 0.1159463 0.1170063 0.0158318 0.1164132 0.0158154 0.0173990 0.1375735 0.0560222 0.1137180 0.1176972 0.1204985 0.1097490 0.0965639 0.1407187 0.0955407 0.1289098 0.1255584 0.1173892 0.1597347 0.0798521 0.2325829 0.1345772 0.1030621 0.1341841 0.1353017 0.1330194 0.2255117 0.0177734 0.2231505 0.1188221 0.1287051 0.1086432 0.1087780 0.1415463 0.1253825 0.2190122 0.1113757 0.1356620 0.1069542 0.1163447 0.1117243 0.1252109 0.1280717 0.1112546 0.1248694 0.1199511 0.1291991 0.1203773 0.1209161 0.1174730 0.1055185 0.1001425 0.1161937 0.1162879 0.1094285 0.1345996 0.1174519 0.1246152 0.1169211 0.1165287 0.1313347 0.1234612 0.0216468 0.1392331 0.0827101 0.1288482 0.1141099 0.1173100 0.1031382 0.1222008 0.1319707 0.1280691 0.1154761 0.1037285 0.1068091 0.1054314 0.1296102 0.0991773 0.0949689 0.1999090 0.0564497 0.1012983 0.1171177 0.0990873 
S0278         0.4632228 0.1542014 0.1164499 0.0000000 0.1421132 0.1444141 0.1729430 0.0813067 0.1206776 0.1419328 0.1666809 0.0789054 0.1682256 0.1706564 0.0692759 0.1722313 0.0749964 0.1273524 0.1246535 0.1706846 0.1438553 0.1406881 0.1431376 0.1141068 0.1529977 0.0640378 0.1126094 0.1502549 0.0579096 0.1678933 0.0778213 0.1436898 0.1629468 0.1766350 0.1803001 0.0733125 0.1614768 0.1379608 0.0906537 0.0858271 0.1127140 0.1339079 0.1331221 0.1259121 0.1674395 0.2207626 0.1515725 0.1617249 0.1712143 0.1464992 0.1477525 0.1127432 0.1410183 0.1129697 0.1145266 0.1661178 0.1292386 0.0825510 0.1655797 0.1008624 0.0828982 0.1168109 0.0787249 0.1420943 0.1500141 0.1477451 0.1503842 0.1830585 0.1435296 0.2426515 0.1690835 0.1490194 0.1745920 0.1557090 0.1545581 0.2224243 0.1150331 0.2180627 0.0967677 0.1441818 0.1220152 0.1573054 0.1552706 0.1335588 0.2175736 0.1405759 0.1563557 0.1271277 0.0604685 0.0948390 0.1059297 0.1829360 0.0847666 0.0329751 0.1709434 0.1738622 0.1672936 0.1450236 0.1644859 0.1237637 0.1222555 0.1453561 0.1373642 0.1262902 0.1514519 0.1423739 0.0979860 0.1389571 0.1346575 0.0838814 0.1472242 0.1152618 0.0886867 0.1481863 0.1132150 0.1406900 0.1361137 0.1207492 0.1395541 0.0754041 0.1475442 0.0831017 0.1180618 0.1231112 0.1282594 0.1211140 0.1186655 0.1155097 0.2106927 0.1179771 0.1193738 0.1284107 0.1184726 
S0281         0.4263170 0.1655816 0.0837476 0.1421132 0.0000000 0.1589308 0.1346172 0.1689292 0.1296030 0.1544060 0.1811382 0.1749108 0.1315213 0.1327635 0.1591888 0.1316029 0.1403625 0.1416374 0.1345925 0.1327986 0.1563788 0.1500085 0.1528539 0.1807594 0.1620759 0.1437235 0.0747761 0.1520963 0.1283265 0.1267562 0.1501247 0.1517011 0.1817425 0.1424404 0.1460524 0.1391024 0.1728615 0.1497418 0.1507922 0.1501001 0.1408374 0.1566877 0.1472033 0.0686214 0.1318666 0.2411196 0.1710008 0.1294570 0.1598306 0.1571686 0.1415501 0.0742946 0.1563613 0.0747211 0.0762312 0.1514228 0.0709924 0.1425018 0.1310899 0.1356652 0.1370120 0.1284380 0.1458904 0.1130522 0.1444105 0.1480545 0.1414759 0.1900597 0.0771361 0.2524680 0.1596046 0.1203468 0.1272982 0.1632076 0.1550822 0.2447254 0.0771783 0.2454531 0.1380157 0.1393815 0.1383907 0.1249326 0.1566575 0.1464602 0.2375232 0.1515119 0.1763260 0.1405163 0.1353890 0.1333024 0.1448809 0.1396069 0.1389534 0.1455153 0.1383760 0.1345340 0.1270591 0.1555321 0.1330584 0.1336958 0.1321657 0.1577509 0.1507748 0.1370642 0.1560056 0.1449467 0.1551869 0.1423817 0.1410667 0.1746954 0.1596078 0.0813133 0.1742395 0.0759330 0.1408765 0.1525449 0.1419270 0.1404383 0.1549692 0.1661734 0.1603232 0.1444639 0.1285525 0.1359206 0.1392661 0.1506611 0.1317142 0.1310260 0.1820250 0.0872112 0.1353310 0.1458356 0.1339768 
S0282         0.4175081 0.0896066 0.1177154 0.1444141 0.1589308 0.0000000 0.1705107 0.1540267 0.1081844 0.0196877 0.0835752 0.1625757 0.1703218 0.1791543 0.1500391 0.1694467 0.1487066 0.1196174 0.1185927 0.1642559 0.1180290 0.0123021 0.0223279 0.1772366 0.1026669 0.1486506 0.1150722 0.1202701 0.1316685 0.1624875 0.1439727 0.1461103 0.1444115 0.1600118 0.1754696 0.1535888 0.0523348 0.0163408 0.1748833 0.1467451 0.1561501 0.1013265 0.0108042 0.1267976 0.1695041 0.2194286 0.1061544 0.1657521 0.1696345 0.0274017 0.1412601 0.1144533 0.0140181 0.1153503 0.1149920 0.1611850 0.1340112 0.1394976 0.1626914 0.1415631 0.1360596 0.1040770 0.1619772 0.1323934 0.1477270 0.1446526 0.1379109 0.0981353 0.1427071 0.2409446 0.1803182 0.1534300 0.1685509 0.1371918 0.1339007 0.2229608 0.1171361 0.2160565 0.1293478 0.1331234 0.1158320 0.1640622 0.0941603 0.1391754 0.2164930 0.0140200 0.0849144 0.1051657 0.1445748 0.1341547 0.1590315 0.1764822 0.1350764 0.1456349 0.1603538 0.1737401 0.1661334 0.0233742 0.1648811 0.1135972 0.1117879 0.0168377 0.0210019 0.0905405 0.1393939 0.0776200 0.1420698 0.1275670 0.1291731 0.1631473 0.0691079 0.1188615 0.1626003 0.1477221 0.1582233 0.0123297 0.1160129 0.1104325 0.0293337 0.1507932 0.0441207 0.1388723 0.0739439 0.1132101 0.1196056 0.1618491 0.1033606 0.0991582 0.2126127 0.1172812 0.1078349 0.1024924 0.1027368 
S0288         0.4834556 0.1737290 0.1259278 0.1729430 0.1346172 0.1705107 0.0000000 0.1857731 0.1490771 0.1719638 0.1892257 0.1898984 0.0174267 0.0962797 0.1742256 0.0217013 0.1637178 0.1707562 0.1626575 0.0225524 0.1682621 0.1643550 0.1617388 0.2025115 0.1786892 0.1682214 0.1189704 0.1698009 0.1592019 0.0108985 0.1690525 0.1762501 0.1926249 0.1147646 0.0398620 0.1682413 0.1823030 0.1666175 0.1892441 0.1710123 0.1662565 0.1676507 0.1541578 0.1190007 0.0187680 0.2780167 0.1839787 0.0158813 0.1839711 0.1681083 0.1606411 0.1224488 0.1692176 0.1212932 0.1237598 0.1884919 0.1210783 0.1599865 0.1076500 0.1544091 0.1536337 0.1483972 0.1811151 0.0641900 0.1711166 0.1748775 0.1711289 0.2014836 0.1313479 0.2856077 0.1883545 0.0928057 0.1161533 0.1816587 0.1752541 0.2831778 0.1232701 0.2767428 0.1559075 0.1663833 0.1635591 0.0978499 0.1803552 0.1653654 0.2645834 0.1627838 0.1739877 0.1603257 0.1575514 0.1461275 0.1695857 0.0216918 0.1508345 0.1722037 0.1036465 0.0142200 0.0098217 0.1694651 0.1092760 0.1549922 0.1505701 0.1690151 0.1627507 0.1609155 0.1754991 0.1580914 0.1686821 0.1683663 0.1657301 0.1938945 0.1592098 0.1263040 0.1926904 0.1348664 0.1651286 0.1681110 0.1632537 0.1582574 0.1736400 0.1793798 0.1707704 0.1641239 0.1501650 0.1560573 0.1665302 0.1744797 0.1446732 0.1484069 0.2161775 0.1126320 0.1509796 0.1618099 0.1510964 
S0289         0.4405176 0.1496428 0.1332103 0.0813067 0.1689292 0.1540267 0.1857731 0.0000000 0.1419437 0.1556589 0.1805553 0.0814856 0.1821963 0.1811240 0.0427213 0.1844057 0.0998216 0.1444145 0.1371312 0.1835226 0.1555143 0.1516182 0.1511587 0.0927842 0.1564755 0.0805766 0.1342336 0.1618576 0.0725799 0.1811235 0.0877325 0.1745357 0.1856363 0.1765683 0.1830533 0.0960108 0.1711695 0.1465611 0.1241633 0.0916034 0.1222919 0.1441375 0.1453797 0.1431330 0.1820942 0.2245430 0.1558698 0.1791254 0.1810400 0.1509380 0.1737715 0.1339507 0.1525943 0.1332306 0.1352059 0.1954425 0.1472523 0.0890271 0.1739216 0.1091761 0.0934051 0.1360949 0.1092044 0.1468216 0.1766052 0.1761040 0.1756252 0.1985321 0.1626863 0.2418190 0.1877602 0.1599531 0.1811266 0.1663377 0.1658875 0.2293289 0.1362757 0.2239109 0.1087204 0.1659312 0.1365795 0.1673694 0.1650809 0.1637534 0.2244472 0.1486545 0.1596061 0.1410626 0.0847641 0.1048930 0.1210129 0.1917109 0.0984144 0.0856832 0.1706527 0.1858707 0.1760152 0.1521794 0.1747725 0.1362545 0.1462929 0.1525591 0.1449456 0.1380399 0.1772426 0.1535318 0.1032912 0.1593418 0.1561954 0.0496639 0.1454786 0.1376912 0.0646202 0.1682120 0.1247363 0.1530895 0.1539941 0.1388571 0.1528794 0.0682351 0.1599317 0.0937284 0.1311557 0.1364757 0.1438482 0.1316161 0.1395637 0.1371186 0.2273703 0.1367774 0.1369750 0.1460812 0.1392603 
S0292         0.4062547 0.1195450 0.0997722 0.1206776 0.1296030 0.1081844 0.1490771 0.1419437 0.0000000 0.1118611 0.1385799 0.1459048 0.1428812 0.1500470 0.1343678 0.1438964 0.1239759 0.0759819 0.0737883 0.1432633 0.1224800 0.1027838 0.1076208 0.1593503 0.1182058 0.1209983 0.0979943 0.1257375 0.1167420 0.1397470 0.1259930 0.0993559 0.1440997 0.1380953 0.1602324 0.1354843 0.1277476 0.1043023 0.1547134 0.1246738 0.1212967 0.1023105 0.0986341 0.1081234 0.1409596 0.2167883 0.1172747 0.1414725 0.1576442 0.1087676 0.0953573 0.0974331 0.1057484 0.0959631 0.0974497 0.1121936 0.1123739 0.1185686 0.1417648 0.1142929 0.1186100 0.0650626 0.1406937 0.1146024 0.1017504 0.1005070 0.0960255 0.1530357 0.1300122 0.2288696 0.1496094 0.1191327 0.1395573 0.1067941 0.0997065 0.2257781 0.0995921 0.2131879 0.1205270 0.0964807 0.0735331 0.1303809 0.1205130 0.0624441 0.2176912 0.1035674 0.1296717 0.0611755 0.1204647 0.1110353 0.1212225 0.1500636 0.1135648 0.1252936 0.1408999 0.1480708 0.1411718 0.1088907 0.1361738 0.0722293 0.0217093 0.1072601 0.1029035 0.1041271 0.0754787 0.0952333 0.1274154 0.0329010 0.0289479 0.1470702 0.1151933 0.1034389 0.1490717 0.1317439 0.1293947 0.1049604 0.0593848 0.0659303 0.1110592 0.1368348 0.1130076 0.1238865 0.0789223 0.0742921 0.0731340 0.1304815 0.0676215 0.0601046 0.2076560 0.0960682 0.0627161 0.1053961 0.0637993 
S0293         0.4168761 0.0979781 0.1247715 0.1419328 0.1544060 0.0196877 0.1719638 0.1556589 0.1118611 0.0000000 0.0823742 0.1591472 0.1689380 0.1838100 0.1538942 0.1700310 0.1518006 0.1188703 0.1182257 0.1654347 0.1189878 0.0173783 0.0255169 0.1783660 0.1040822 0.1457125 0.1206757 0.1236006 0.1316698 0.1620977 0.1434993 0.1477402 0.1441469 0.1627912 0.1751743 0.1553400 0.0539007 0.0220678 0.1732414 0.1480857 0.1539125 0.1040000 0.0174212 0.1282968 0.1681192 0.2155776 0.1067249 0.1636540 0.1751470 0.0326663 0.1424438 0.1206214 0.0187923 0.1202247 0.1219104 0.1641387 0.1349531 0.1412644 0.1631986 0.1421754 0.1393689 0.1052821 0.1623994 0.1349156 0.1475031 0.1460791 0.1418344 0.0953837 0.1456559 0.2315028 0.1883573 0.1543333 0.1683489 0.1373819 0.1347185 0.2185847 0.1232209 0.2119258 0.1247525 0.1311293 0.1155063 0.1649826 0.0923413 0.1356143 0.2119879 0.0191468 0.0856670 0.1099189 0.1421224 0.1345362 0.1591678 0.1792307 0.1375135 0.1433882 0.1647536 0.1717954 0.1646048 0.0270272 0.1647526 0.1136621 0.1148611 0.0217018 0.0249714 0.0908722 0.1418786 0.0789281 0.1420220 0.1299038 0.1304191 0.1627249 0.0721488 0.1226945 0.1628955 0.1507856 0.1582536 0.0174107 0.1180407 0.1133888 0.0346625 0.1516162 0.0470523 0.1417084 0.0789776 0.1151608 0.1204382 0.1608860 0.1075989 0.1020252 0.2063623 0.1190593 0.1107098 0.1061655 0.1038307 
S0294         0.4552936 0.1339267 0.1505419 0.1666809 0.1811382 0.0835752 0.1892257 0.1805553 0.1385799 0.0823742 0.0000000 0.1777923 0.1892724 0.1990542 0.1757260 0.1864303 0.1740690 0.1434950 0.1415832 0.1835056 0.1389798 0.0811644 0.0815910 0.2028738 0.1237984 0.1734722 0.1440712 0.1415971 0.1635662 0.1790858 0.1757862 0.1586349 0.1548417 0.1754109 0.1883869 0.1714517 0.0955562 0.0773559 0.1940798 0.1765246 0.1804953 0.1242825 0.0752400 0.1538356 0.1886524 0.2404893 0.1253753 0.1851038 0.1763208 0.0846378 0.1610450 0.1446079 0.0834359 0.1444580 0.1465500 0.1717295 0.1597009 0.1653371 0.1774833 0.1700839 0.1622386 0.1346356 0.1886086 0.1572001 0.1629090 0.1591092 0.1581762 0.0696117 0.1614753 0.2501389 0.2119197 0.1653109 0.1739455 0.1517075 0.1445085 0.2432751 0.1472251 0.2366314 0.1797332 0.1509037 0.1344254 0.1764844 0.1216302 0.1568155 0.2415485 0.0819849 0.1067500 0.1349055 0.1670566 0.1601193 0.1900266 0.1949069 0.1589448 0.1711109 0.1758546 0.1893097 0.1831450 0.0838786 0.1799755 0.1395604 0.1420736 0.0862224 0.0816226 0.1089232 0.1569665 0.1076902 0.1685884 0.1523920 0.1543915 0.1880663 0.0974812 0.1466856 0.1987370 0.1673922 0.1803709 0.0821909 0.1396855 0.1424093 0.0834822 0.1732669 0.0945224 0.1621889 0.1009209 0.1383038 0.1417194 0.1893536 0.1278525 0.1316972 0.2095057 0.1497408 0.1406257 0.1334399 0.1338856 
S0299         0.4632165 0.1625937 0.1447756 0.0789054 0.1749108 0.1625757 0.1898984 0.0814856 0.1459048 0.1591472 0.1777923 0.0000000 0.1828387 0.1921968 0.0730318 0.1800281 0.0954949 0.1484121 0.1426590 0.1854658 0.1626830 0.1563135 0.1578618 0.1148069 0.1611387 0.0764721 0.1423304 0.1675688 0.0776057 0.1807033 0.0940296 0.1726188 0.1949125 0.1830024 0.1935279 0.0983342 0.1733699 0.1532952 0.1214645 0.1039077 0.1266754 0.1495865 0.1486754 0.1598565 0.1836510 0.2418500 0.1663675 0.1814072 0.1864156 0.1583138 0.1717329 0.1413932 0.1563706 0.1400515 0.1432349 0.1995812 0.1598846 0.1006179 0.1799970 0.1149932 0.0990968 0.1362691 0.1091687 0.1563877 0.1805009 0.1789266 0.1786921 0.2005051 0.1669164 0.2561706 0.1926317 0.1678738 0.1804991 0.1806536 0.1780426 0.2414456 0.1431574 0.2322236 0.1043997 0.1684513 0.1459882 0.1761450 0.1717774 0.1674865 0.2322662 0.1530429 0.1669897 0.1477377 0.0846178 0.1100637 0.1278494 0.1900516 0.1039511 0.0813318 0.1855807 0.1895003 0.1792606 0.1600664 0.1821358 0.1430748 0.1468337 0.1577960 0.1496916 0.1439472 0.1839469 0.1624179 0.1120013 0.1630676 0.1601717 0.0834462 0.1572660 0.1458648 0.0878753 0.1698255 0.1366043 0.1565700 0.1652324 0.1449973 0.1641226 0.0820937 0.1668052 0.1019561 0.1361839 0.1403167 0.1525770 0.1359930 0.1404959 0.1385672 0.2434591 0.1449063 0.1428011 0.1557208 0.1349950 
S0303         0.4892076 0.1688605 0.1253721 0.1682256 0.1315213 0.1703218 0.0174267 0.1821963 0.1428812 0.1689380 0.1892724 0.1828387 0.0000000 0.0923454 0.1754273 0.0153123 0.1621706 0.1645615 0.1581734 0.0178378 0.1659745 0.1625628 0.1612463 0.1937703 0.1756386 0.1650718 0.1163250 0.1638999 0.1576700 0.0153494 0.1636430 0.1679894 0.1864788 0.1133075 0.0316640 0.1669503 0.1785453 0.1627652 0.1860444 0.1663007 0.1639493 0.1591095 0.1562906 0.1159504 0.0132915 0.2705958 0.1805866 0.0105889 0.1741771 0.1651608 0.1541773 0.1189263 0.1672298 0.1176279 0.1215826 0.1796711 0.1179208 0.1556352 0.1040622 0.1527657 0.1514256 0.1433527 0.1803235 0.0638156 0.1639678 0.1698604 0.1631786 0.2029113 0.1304364 0.2747872 0.1848169 0.0892114 0.1162477 0.1731674 0.1669220 0.2746665 0.1210275 0.2708126 0.1464320 0.1617638 0.1539310 0.0947350 0.1762978 0.1595310 0.2577763 0.1616061 0.1731583 0.1502680 0.1537684 0.1432729 0.1631023 0.0262067 0.1455656 0.1694050 0.1023194 0.0185514 0.0127649 0.1649705 0.1057082 0.1531618 0.1459698 0.1676686 0.1612282 0.1563858 0.1680800 0.1504605 0.1637890 0.1621536 0.1605573 0.1901053 0.1566697 0.1240004 0.1909413 0.1333515 0.1580316 0.1662470 0.1574445 0.1515037 0.1716665 0.1761267 0.1718111 0.1588213 0.1420797 0.1520671 0.1626545 0.1679537 0.1392170 0.1405343 0.2060317 0.1120844 0.1451698 0.1601277 0.1460935 
S0308         0.4358280 0.1837336 0.1312746 0.1706564 0.1327635 0.1791543 0.0962797 0.1811240 0.1500470 0.1838100 0.1990542 0.1921968 0.0923454 0.0000000 0.1823057 0.0978677 0.1694942 0.1632167 0.1598857 0.0943531 0.1801908 0.1759782 0.1696803 0.1948186 0.1820247 0.1632762 0.1224560 0.1789417 0.1470045 0.0960520 0.1702526 0.1724656 0.1882257 0.1111729 0.1269119 0.1624432 0.1924560 0.1727445 0.1824633 0.1650767 0.1623126 0.1657073 0.1628531 0.1198682 0.0935752 0.2731566 0.1821434 0.0945261 0.1785125 0.1789911 0.1585815 0.1239048 0.1803647 0.1235152 0.1260359 0.1813315 0.1226981 0.1601829 0.1082289 0.1515441 0.1576632 0.1456629 0.1744600 0.0746061 0.1654049 0.1715436 0.1700953 0.2049958 0.1268814 0.2793505 0.1917764 0.0897055 0.1030138 0.1847392 0.1823071 0.2761874 0.1264943 0.2710325 0.1448688 0.1697604 0.1604488 0.0973586 0.1850492 0.1634646 0.2638142 0.1717487 0.1793031 0.1582884 0.1536755 0.1412011 0.1734937 0.1032079 0.1489466 0.1642431 0.1008966 0.0997610 0.0921125 0.1766686 0.1065326 0.1564294 0.1458872 0.1790376 0.1735097 0.1612604 0.1735076 0.1659342 0.1744035 0.1689431 0.1628495 0.1921698 0.1640454 0.1295984 0.1892442 0.1271970 0.1628618 0.1765092 0.1609178 0.1538701 0.1777507 0.1844679 0.1822307 0.1645858 0.1372141 0.1582708 0.1616737 0.1698237 0.1495119 0.1437874 0.2216072 0.1179329 0.1497293 0.1702114 0.1513197 
S0320         0.4205582 0.1513010 0.1234357 0.0692759 0.1591888 0.1500391 0.1742256 0.0427213 0.1343678 0.1538942 0.1757260 0.0730318 0.1754273 0.1823057 0.0000000 0.1768366 0.0884866 0.1387816 0.1294343 0.1737974 0.1392454 0.1489572 0.1479654 0.0809359 0.1451400 0.0703414 0.1248737 0.1476949 0.0627979 0.1679079 0.0752603 0.1649094 0.1775463 0.1648975 0.1657125 0.0844252 0.1660868 0.1451497 0.1141370 0.0872574 0.1198300 0.1354923 0.1412930 0.1380490 0.1756496 0.2184541 0.1528335 0.1707200 0.1780819 0.1510030 0.1594824 0.1246421 0.1496410 0.1237577 0.1263735 0.1864016 0.1418565 0.0833273 0.1650808 0.1024080 0.0828828 0.1307388 0.0966913 0.1456002 0.1650227 0.1641607 0.1654050 0.1874778 0.1546768 0.2368069 0.1724392 0.1599372 0.1762273 0.1585917 0.1559899 0.2215979 0.1264495 0.2162435 0.0983063 0.1580157 0.1287933 0.1647851 0.1621690 0.1562074 0.2148840 0.1478206 0.1478478 0.1362287 0.0787420 0.0989183 0.1168914 0.1759464 0.0924087 0.0785088 0.1650327 0.1739533 0.1670792 0.1493047 0.1685568 0.1291698 0.1392518 0.1532995 0.1406747 0.1304686 0.1740330 0.1496304 0.0962239 0.1519026 0.1479880 0.0416597 0.1378765 0.1267610 0.0551361 0.1578354 0.1248690 0.1501218 0.1510328 0.1322366 0.1511556 0.0603661 0.1494057 0.0918362 0.1187957 0.1265458 0.1366170 0.1325818 0.1341909 0.1287326 0.2238211 0.1204539 0.1311175 0.1248191 0.1334902 
S0322         0.4980320 0.1702472 0.1261691 0.1722313 0.1316029 0.1694467 0.0217013 0.1844057 0.1438964 0.1700310 0.1864303 0.1800281 0.0153123 0.0978677 0.1768366 0.0000000 0.1669686 0.1653801 0.1580632 0.0191415 0.1671209 0.1622011 0.1606554 0.1969228 0.1744735 0.1699329 0.1157492 0.1626968 0.1623710 0.0196045 0.1711304 0.1729280 0.1832834 0.1153712 0.0378508 0.1729832 0.1758903 0.1628293 0.1880334 0.1697145 0.1662421 0.1609189 0.1620257 0.1175205 0.0149132 0.2780239 0.1774572 0.0125730 0.1818409 0.1632567 0.1556129 0.1208245 0.1687542 0.1189715 0.1225535 0.1806749 0.1205083 0.1600103 0.1078602 0.1555442 0.1549465 0.1439808 0.1820224 0.0667100 0.1668236 0.1722628 0.1701221 0.1926313 0.1278050 0.2856431 0.1856224 0.0942651 0.1184602 0.1778040 0.1703119 0.2826393 0.1221889 0.2759941 0.1534157 0.1647105 0.1600816 0.0997026 0.1778089 0.1564138 0.2622842 0.1625213 0.1755646 0.1517270 0.1567599 0.1451365 0.1679569 0.0243854 0.1522892 0.1722470 0.1080889 0.0224247 0.0178203 0.1667841 0.1039185 0.1558237 0.1426707 0.1683233 0.1597792 0.1532580 0.1694475 0.1538256 0.1750023 0.1612562 0.1587368 0.1965667 0.1590936 0.1243406 0.1945542 0.1321959 0.1613407 0.1677550 0.1615295 0.1560611 0.1713022 0.1827148 0.1731415 0.1600392 0.1480790 0.1529764 0.1636925 0.1664963 0.1430834 0.1445198 0.2147907 0.1138110 0.1497108 0.1611110 0.1505563 
S0327         0.4426440 0.1577343 0.1145139 0.0749964 0.1403625 0.1487066 0.1637178 0.0998216 0.1239759 0.1518006 0.1740690 0.0954949 0.1621706 0.1694942 0.0884866 0.1669686 0.0000000 0.1434159 0.1343781 0.1658260 0.1588926 0.1450629 0.1456242 0.1254751 0.1538315 0.0730360 0.1142093 0.1609908 0.0656371 0.1619931 0.0961275 0.1563867 0.1779534 0.1627902 0.1815131 0.0732892 0.1671381 0.1421283 0.0870637 0.0879199 0.1102364 0.1447983 0.1410482 0.1269568 0.1651466 0.2309231 0.1600031 0.1626681 0.1679932 0.1534893 0.1464092 0.1136790 0.1485265 0.1135772 0.1154067 0.1650587 0.1276807 0.0831864 0.1556288 0.1043527 0.0869392 0.1229488 0.0681544 0.1343652 0.1600334 0.1564997 0.1563174 0.1877372 0.1393720 0.2520553 0.1563271 0.1512176 0.1687867 0.1633991 0.1592416 0.2340536 0.1164149 0.2263983 0.1092963 0.1478771 0.1354661 0.1523064 0.1580819 0.1404374 0.2273817 0.1458793 0.1649782 0.1370375 0.0628324 0.0986381 0.1145738 0.1700917 0.0893543 0.0791360 0.1613354 0.1683993 0.1618635 0.1487943 0.1605251 0.1304565 0.1286924 0.1499037 0.1417381 0.1410280 0.1578842 0.1431679 0.1102257 0.1452605 0.1414243 0.1016167 0.1526199 0.1205145 0.1095318 0.1433640 0.1083804 0.1466481 0.1446844 0.1393249 0.1522532 0.0958914 0.1557234 0.0926606 0.1301960 0.1325283 0.1398546 0.1275971 0.1309624 0.1278007 0.2043802 0.1167154 0.1349868 0.1448025 0.1308657 
S0335         0.4127549 0.1257869 0.1117338 0.1273524 0.1416374 0.1196174 0.1707562 0.1444145 0.0759819 0.1188703 0.1434950 0.1484121 0.1645615 0.1632167 0.1387816 0.1653801 0.1434159 0.0000000 0.0535014 0.1617154 0.1377573 0.1145711 0.1186338 0.1597114 0.1280839 0.1307287 0.1079841 0.1344564 0.1236161 0.1589166 0.1291511 0.1231816 0.1479166 0.1515544 0.1735388 0.1390105 0.1358813 0.1137319 0.1605750 0.1368585 0.1404129 0.1138226 0.1098396 0.1202446 0.1641317 0.2221176 0.1278949 0.1593349 0.1608128 0.1152793 0.1195377 0.1083393 0.1155783 0.1061240 0.1079384 0.1345395 0.1281451 0.1263958 0.1470907 0.1276062 0.1285109 0.0779774 0.1484843 0.1287654 0.1269254 0.1234043 0.1182355 0.1521180 0.1378887 0.2349892 0.1705990 0.1351996 0.1590675 0.1169557 0.1117466 0.2337024 0.1093816 0.2208836 0.1161495 0.1170975 0.0599690 0.1498703 0.1354550 0.1051065 0.2241707 0.1144319 0.1327735 0.0919174 0.1310267 0.1204606 0.1398111 0.1696562 0.1269719 0.1266786 0.1513441 0.1699574 0.1622586 0.1193841 0.1481135 0.0540456 0.0801166 0.1183744 0.1125850 0.1050675 0.1151984 0.1123558 0.1359850 0.0958070 0.0943071 0.1538284 0.1223539 0.1125047 0.1572691 0.1399434 0.1434368 0.1154784 0.0971456 0.0553661 0.1195581 0.1441270 0.1235342 0.1344630 0.0948400 0.0529094 0.0372477 0.1472081 0.0840349 0.0749252 0.2060329 0.1091865 0.0547558 0.1214983 0.0798891 
S0345         0.4107196 0.1266455 0.1057691 0.1246535 0.1345925 0.1185927 0.1626575 0.1371312 0.0737883 0.1182257 0.1415832 0.1426590 0.1581734 0.1598857 0.1294343 0.1580632 0.1343781 0.0535014 0.0000000 0.1526223 0.1282631 0.1161194 0.1149424 0.1524185 0.1273354 0.1182178 0.1035486 0.1275448 0.1107758 0.1509470 0.1239136 0.1203919 0.1469457 0.1532334 0.1584337 0.1327382 0.1371298 0.1124229 0.1606198 0.1271764 0.1317122 0.1142302 0.1067535 0.1160616 0.1549214 0.2235987 0.1275700 0.1561606 0.1602615 0.1202415 0.1105047 0.1041512 0.1145407 0.1017579 0.1023108 0.1376403 0.1207106 0.1169538 0.1466750 0.1216379 0.1188032 0.0751233 0.1510864 0.1185831 0.1208987 0.1201445 0.1143237 0.1538305 0.1319555 0.2380261 0.1592643 0.1345429 0.1591899 0.1152008 0.1075391 0.2323054 0.1057886 0.2204887 0.1181490 0.1108418 0.0588034 0.1431333 0.1338485 0.1030947 0.2217376 0.1137697 0.1296284 0.0831291 0.1211081 0.1128672 0.1285417 0.1652027 0.1166452 0.1228900 0.1427720 0.1600822 0.1528366 0.1182336 0.1509167 0.0303636 0.0742094 0.1166515 0.1098371 0.1073945 0.1142060 0.1105575 0.1300961 0.0919327 0.0907807 0.1387370 0.1247658 0.1066129 0.1380250 0.1367939 0.1336645 0.1149168 0.0958029 0.0547705 0.1212496 0.1391813 0.1251372 0.1282570 0.0924215 0.0275660 0.0529877 0.1396122 0.0802821 0.0759016 0.2161167 0.0962155 0.0549914 0.1178414 0.0740314 
S0355         0.4742084 0.1688905 0.1234596 0.1706846 0.1327986 0.1642559 0.0225524 0.1835226 0.1432633 0.1654347 0.1835056 0.1854658 0.0178378 0.0943531 0.1737974 0.0191415 0.1658260 0.1617154 0.1526223 0.0000000 0.1615172 0.1572842 0.1567678 0.1958478 0.1742469 0.1675573 0.1172039 0.1654390 0.1596974 0.0182296 0.1681973 0.1721888 0.1873839 0.1153687 0.0378049 0.1679685 0.1707297 0.1564987 0.1909370 0.1677310 0.1677173 0.1600385 0.1555614 0.1129954 0.0160816 0.2636758 0.1770131 0.0164320 0.1816697 0.1592192 0.1549671 0.1194004 0.1626635 0.1182512 0.1212981 0.1799977 0.1155337 0.1577669 0.1079017 0.1560185 0.1567250 0.1412649 0.1827506 0.0612360 0.1647962 0.1696543 0.1633668 0.1965640 0.1296823 0.2764100 0.1826695 0.0912290 0.1197176 0.1695748 0.1652556 0.2702077 0.1207337 0.2629507 0.1431027 0.1594355 0.1541629 0.0986312 0.1726212 0.1622416 0.2518619 0.1557476 0.1659475 0.1524129 0.1565434 0.1448142 0.1676514 0.0273860 0.1481472 0.1743692 0.0993714 0.0203796 0.0166201 0.1605259 0.1075634 0.1509138 0.1445404 0.1618637 0.1573033 0.1542154 0.1659135 0.1507965 0.1676719 0.1591824 0.1543953 0.1934447 0.1506181 0.1237615 0.1884079 0.1326463 0.1638619 0.1617417 0.1565048 0.1496976 0.1645327 0.1777594 0.1670296 0.1608552 0.1374435 0.1507003 0.1617061 0.1694563 0.1401799 0.1397983 0.2149482 0.1095235 0.1432862 0.1570305 0.1446492 
S0376         0.4019747 0.1229768 0.1207148 0.1438553 0.1563788 0.1180290 0.1682621 0.1555143 0.1224800 0.1189878 0.1389798 0.1626830 0.1659745 0.1801908 0.1392454 0.1671209 0.1588926 0.1377573 0.1282631 0.1615172 0.0000000 0.1166982 0.1187536 0.1917888 0.1166539 0.1427440 0.1265558 0.0702705 0.1431790 0.1580900 0.1416543 0.1488225 0.1501082 0.1654066 0.1745360 0.1571117 0.1386337 0.1180999 0.1792132 0.1475225 0.1648369 0.1066050 0.1084697 0.1410291 0.1629915 0.2189606 0.1216681 0.1613961 0.1779719 0.1220752 0.1395010 0.1254917 0.1181097 0.1265566 0.1275414 0.1566204 0.1462999 0.1442825 0.1643494 0.1555469 0.1385714 0.1163319 0.1715122 0.1479373 0.1517716 0.1509629 0.1458329 0.1427479 0.1548487 0.2390269 0.1849576 0.1543403 0.1622997 0.1485021 0.1437881 0.2267212 0.1290747 0.2165063 0.1407755 0.1374908 0.1253495 0.1639914 0.1294482 0.1505809 0.2172455 0.1159838 0.1278638 0.1171277 0.1431484 0.1462543 0.1660888 0.1692309 0.1376060 0.1452610 0.1656186 0.1671556 0.1593769 0.1227931 0.1667717 0.1206920 0.1292895 0.1224748 0.1134952 0.1067852 0.1626819 0.1151647 0.1544948 0.1447190 0.1425665 0.1594491 0.1110163 0.1306871 0.1711391 0.1603266 0.1687898 0.1189218 0.1346041 0.1282966 0.1177380 0.1491783 0.1250802 0.1431869 0.0873383 0.1220477 0.1354270 0.1738612 0.1251812 0.1188621 0.1943861 0.1296595 0.1238184 0.0557457 0.1206274 
S0400         0.4248955 0.0889385 0.1137216 0.1406881 0.1500085 0.0123021 0.1643550 0.1516182 0.1027838 0.0173783 0.0811644 0.1563135 0.1625628 0.1759782 0.1489572 0.1622011 0.1450629 0.1145711 0.1161194 0.1572842 0.1166982 0.0000000 0.0192601 0.1748076 0.1008364 0.1468309 0.1104114 0.1181101 0.1303113 0.1550897 0.1429441 0.1429931 0.1431076 0.1544944 0.1691706 0.1514277 0.0498063 0.0139940 0.1701335 0.1435259 0.1536859 0.0976732 0.0095745 0.1214202 0.1627863 0.2156532 0.1012523 0.1581481 0.1723117 0.0246264 0.1400595 0.1098089 0.0118613 0.1106898 0.1115208 0.1603434 0.1287959 0.1350836 0.1602229 0.1383352 0.1339250 0.0991992 0.1598369 0.1292902 0.1442368 0.1423288 0.1364612 0.0954500 0.1362498 0.2348168 0.1805027 0.1483979 0.1636258 0.1328709 0.1294721 0.2185486 0.1135209 0.2116036 0.1283999 0.1285008 0.1101844 0.1588389 0.0899422 0.1318913 0.2128273 0.0121945 0.0807028 0.1023749 0.1408714 0.1314289 0.1598953 0.1702869 0.1335336 0.1426273 0.1567277 0.1658968 0.1584212 0.0202871 0.1621301 0.1109252 0.1066278 0.0149590 0.0186461 0.0852886 0.1359911 0.0746592 0.1368966 0.1216216 0.1228143 0.1613089 0.0645465 0.1145719 0.1616361 0.1411176 0.1594639 0.0098618 0.1110399 0.1076984 0.0279729 0.1494244 0.0409886 0.1367324 0.0721372 0.1124748 0.1158937 0.1611351 0.1009218 0.0948357 0.2099718 0.1144423 0.1051583 0.1021780 0.0980280 
S0405         0.4123088 0.0874355 0.1152323 0.1431376 0.1528539 0.0223279 0.1617388 0.1511587 0.1076208 0.0255169 0.0815910 0.1578618 0.1612463 0.1696803 0.1479654 0.1606554 0.1456242 0.1186338 0.1149424 0.1567678 0.1187536 0.0192601 0.0000000 0.1741924 0.0979378 0.1488503 0.1117219 0.1199100 0.1294550 0.1545928 0.1380318 0.1433794 0.1369148 0.1562734 0.1693259 0.1525642 0.0509172 0.0121274 0.1701734 0.1448340 0.1526049 0.0963431 0.0181740 0.1222895 0.1614704 0.2135917 0.1021898 0.1568667 0.1738710 0.0255832 0.1422001 0.1111192 0.0210221 0.1103447 0.1123248 0.1622126 0.1292747 0.1375648 0.1577714 0.1339957 0.1338819 0.1014263 0.1604103 0.1263010 0.1463851 0.1412640 0.1383817 0.0927848 0.1406674 0.2296443 0.1765676 0.1460178 0.1584699 0.1356009 0.1318609 0.2134312 0.1131547 0.2100990 0.1333528 0.1343445 0.1102850 0.1550707 0.0907600 0.1386268 0.2100577 0.0202842 0.0806359 0.1045301 0.1423105 0.1276346 0.1550535 0.1657423 0.1328790 0.1446400 0.1575880 0.1640760 0.1552462 0.0185240 0.1583030 0.1124546 0.1106920 0.0224884 0.0168734 0.0857871 0.1385521 0.0746103 0.1405159 0.1263702 0.1265194 0.1626006 0.0665608 0.1153172 0.1650142 0.1455927 0.1579624 0.0185965 0.1162188 0.1080394 0.0301049 0.1511699 0.0424682 0.1366333 0.0769285 0.1123916 0.1183911 0.1584345 0.1027132 0.0975480 0.2103407 0.1154279 0.1054980 0.1047747 0.0997643 
S0407sl       0.4922854 0.1839101 0.1582094 0.1141068 0.1807594 0.1772366 0.2025115 0.0927842 0.1593503 0.1783660 0.2028738 0.1148069 0.1937703 0.1948186 0.0809359 0.1969228 0.1254751 0.1597114 0.1524185 0.1958478 0.1917888 0.1748076 0.1741924 0.0000000 0.1809430 0.1028444 0.1510708 0.1922032 0.1067378 0.1966250 0.1258829 0.1882743 0.2101795 0.1947633 0.2222356 0.1204872 0.1852267 0.1712768 0.1488933 0.1262238 0.1440437 0.1705946 0.1754473 0.1664003 0.1994398 0.2683686 0.1849369 0.1919038 0.2109696 0.1797637 0.1876133 0.1540725 0.1782690 0.1517138 0.1531937 0.2118828 0.1721600 0.1176627 0.1762410 0.1236794 0.1199238 0.1539558 0.1372358 0.1690497 0.1929940 0.1971345 0.1892228 0.2181418 0.1726510 0.2780154 0.2081025 0.1740888 0.1926974 0.1903875 0.1874059 0.2654914 0.1513191 0.2653483 0.1297604 0.1833521 0.1554430 0.1822235 0.1952179 0.1761470 0.2685359 0.1784950 0.1784658 0.1699737 0.1095303 0.1211070 0.1406787 0.1971531 0.1285304 0.1122401 0.1906046 0.1986414 0.1879935 0.1760759 0.1809474 0.1628229 0.1518154 0.1790804 0.1685646 0.1597859 0.1880255 0.1719789 0.1509870 0.1681322 0.1664884 0.0945372 0.1725087 0.1549786 0.0688367 0.1781573 0.1484074 0.1761991 0.1743065 0.1557798 0.1763948 0.1076169 0.1795162 0.1254982 0.1472540 0.1587096 0.1620192 0.1531782 0.1623911 0.1525227 0.2588009 0.1574623 0.1533974 0.1676626 0.1552664 
S0412sl       0.4197443 0.1090043 0.1403571 0.1529977 0.1620759 0.1026669 0.1786892 0.1564755 0.1182058 0.1040822 0.1237984 0.1611387 0.1756386 0.1820247 0.1451400 0.1744735 0.1538315 0.1280839 0.1273354 0.1742469 0.1166539 0.1008364 0.0979378 0.1809430 0.0000000 0.1529505 0.1344877 0.1271375 0.1480977 0.1722071 0.1536794 0.1519488 0.1207816 0.1647376 0.1842169 0.1582969 0.1143636 0.0951543 0.1824073 0.1571405 0.1625217 0.0965577 0.0938215 0.1454607 0.1724026 0.2333261 0.0798033 0.1737113 0.1818871 0.1028426 0.1471276 0.1353446 0.1031308 0.1339694 0.1352453 0.1653378 0.1516619 0.1502180 0.1696572 0.1488054 0.1442620 0.1198135 0.1742490 0.1463725 0.1532699 0.1566917 0.1451244 0.1409914 0.1591470 0.2471033 0.1973170 0.1562840 0.1711736 0.1459645 0.1410086 0.2367761 0.1384080 0.2308634 0.1539654 0.1389555 0.1263226 0.1648562 0.1209859 0.1452813 0.2295384 0.1001822 0.1104611 0.1199246 0.1468339 0.1418467 0.1673356 0.1778057 0.1463089 0.1547626 0.1614722 0.1789749 0.1703530 0.1009244 0.1692522 0.1182616 0.1192216 0.1046635 0.0938317 0.1003601 0.1519636 0.1050383 0.1544880 0.1429230 0.1405091 0.1646551 0.0973708 0.1401911 0.1640458 0.1620735 0.1622001 0.1000313 0.1296202 0.1200748 0.1054150 0.1541943 0.1035284 0.1468125 0.0830851 0.1177316 0.1294071 0.1725686 0.1179050 0.1200226 0.2235693 0.1389831 0.1169959 0.1159025 0.1172505 
S0417         0.4340925 0.1517582 0.1185011 0.0640378 0.1437235 0.1486506 0.1682214 0.0805766 0.1209983 0.1457125 0.1734722 0.0764721 0.1650718 0.1632762 0.0703414 0.1699329 0.0730360 0.1307287 0.1182178 0.1675573 0.1427440 0.1468309 0.1488503 0.1028444 0.1529505 0.0000000 0.1144000 0.1561053 0.0520129 0.1640758 0.0795391 0.1511126 0.1685777 0.1697617 0.1872933 0.0766809 0.1594341 0.1431655 0.0958928 0.0839063 0.1043849 0.1365276 0.1409460 0.1263995 0.1658029 0.2247401 0.1514245 0.1621905 0.1652757 0.1512808 0.1446584 0.1153623 0.1471107 0.1153263 0.1176542 0.1601857 0.1275452 0.0780703 0.1568975 0.0924937 0.0800689 0.1160596 0.0807935 0.1350472 0.1538300 0.1558353 0.1525748 0.1820507 0.1438579 0.2451026 0.1642155 0.1491017 0.1633202 0.1555675 0.1503170 0.2297700 0.1181636 0.2183485 0.0937806 0.1448636 0.1287829 0.1525832 0.1582107 0.1396326 0.2167604 0.1450053 0.1571467 0.1269146 0.0504301 0.0879088 0.1011182 0.1756717 0.0847121 0.0651594 0.1669513 0.1683860 0.1588877 0.1514113 0.1578274 0.1179539 0.1213830 0.1488339 0.1405686 0.1317461 0.1530358 0.1406941 0.1032733 0.1353003 0.1312395 0.0844750 0.1445332 0.1218070 0.0882881 0.1469295 0.1104829 0.1462233 0.1415325 0.1233240 0.1525910 0.0812915 0.1544329 0.0856566 0.1115776 0.1192578 0.1294754 0.1149234 0.1222952 0.1201363 0.2180070 0.1145448 0.1213455 0.1401409 0.1185368 
S0419         0.4052334 0.1277625 0.0162297 0.1126094 0.0747761 0.1150722 0.1189704 0.1342336 0.0979943 0.1206757 0.1440712 0.1423304 0.1163250 0.1224560 0.1248737 0.1157492 0.1142093 0.1079841 0.1035486 0.1172039 0.1265558 0.1104114 0.1117219 0.1510708 0.1344877 0.1144000 0.0000000 0.1303618 0.1103258 0.1146364 0.1196594 0.1229989 0.1548159 0.1195937 0.1378166 0.1232854 0.1344408 0.1089019 0.1442311 0.1205199 0.1199359 0.1113954 0.1094259 0.0475979 0.1159012 0.2143598 0.1300690 0.1120857 0.1331589 0.1158487 0.1166761 0.0048580 0.1148843 0.0051843 0.0065125 0.1389028 0.0483677 0.1083027 0.1136840 0.1106567 0.1111530 0.0922278 0.1363114 0.0882883 0.1257049 0.1238951 0.1165331 0.1552991 0.0697335 0.2259566 0.1257621 0.1002759 0.1303223 0.1296749 0.1256700 0.2174497 0.0068448 0.2129426 0.1175049 0.1288620 0.1083332 0.1043075 0.1388002 0.1209173 0.2095170 0.1087960 0.1361507 0.1017221 0.1143719 0.1066478 0.1207315 0.1252627 0.1076995 0.1171347 0.1216810 0.1209770 0.1134238 0.1170783 0.1165251 0.1013629 0.0979060 0.1145570 0.1120444 0.1074839 0.1294999 0.1150778 0.1221412 0.1152294 0.1119204 0.1366566 0.1228805 0.0101556 0.1386277 0.0725709 0.1205296 0.1115820 0.1161066 0.1005953 0.1179783 0.1319160 0.1230573 0.1139033 0.0991708 0.1030228 0.1013617 0.1262387 0.0965179 0.0922732 0.1965974 0.0478965 0.0992931 0.1190359 0.0940485 
S0427         0.4262525 0.1240004 0.1342373 0.1502549 0.1520963 0.1202701 0.1698009 0.1618576 0.1257375 0.1236006 0.1415971 0.1675688 0.1638999 0.1789417 0.1476949 0.1626968 0.1609908 0.1344564 0.1275448 0.1654390 0.0702705 0.1181101 0.1199100 0.1922032 0.1271375 0.1561053 0.1303618 0.0000000 0.1462821 0.1601651 0.1458745 0.1560704 0.1564913 0.1619498 0.1720764 0.1609645 0.1347768 0.1129009 0.1904691 0.1519184 0.1687143 0.1122146 0.1123137 0.1417215 0.1630961 0.2227872 0.1318110 0.1597216 0.1810734 0.1233203 0.1530813 0.1332760 0.1195277 0.1337427 0.1333005 0.1734375 0.1451177 0.1470015 0.1687925 0.1556538 0.1459860 0.1159410 0.1736707 0.1474571 0.1572559 0.1594387 0.1560620 0.1483549 0.1547989 0.2336449 0.1870704 0.1526411 0.1680545 0.1600511 0.1539459 0.2287619 0.1373617 0.2190364 0.1574760 0.1436408 0.1233733 0.1644871 0.1265137 0.1513710 0.2218616 0.1208036 0.1379339 0.1183464 0.1541386 0.1519113 0.1735629 0.1741394 0.1459617 0.1557867 0.1615164 0.1668350 0.1594806 0.1202866 0.1722561 0.1263941 0.1301346 0.1214096 0.1140046 0.1090667 0.1653581 0.1125896 0.1566599 0.1459544 0.1450376 0.1660154 0.1196446 0.1379232 0.1710661 0.1621816 0.1702034 0.1202216 0.1394119 0.1260264 0.1190978 0.1513071 0.1200615 0.1493432 0.0961843 0.1205699 0.1306992 0.1809642 0.1289097 0.1146797 0.2092045 0.1343293 0.1206728 0.0588853 0.1194606 
S0428sl       0.4308337 0.1482996 0.1116539 0.0579096 0.1283265 0.1316685 0.1592019 0.0725799 0.1167420 0.1316698 0.1635662 0.0776057 0.1576700 0.1470045 0.0627979 0.1623710 0.0656371 0.1236161 0.1107758 0.1596974 0.1431790 0.1303113 0.1294550 0.1067378 0.1480977 0.0520129 0.1103258 0.1462821 0.0000000 0.1531844 0.0788243 0.1375714 0.1533940 0.1476569 0.1775670 0.0643607 0.1459220 0.1238685 0.0835957 0.0739690 0.0993824 0.1239885 0.1226585 0.1211027 0.1556366 0.2084818 0.1449427 0.1537175 0.1587069 0.1376564 0.1395899 0.1110004 0.1310838 0.1102073 0.1110210 0.1518010 0.1228782 0.0740628 0.1477223 0.0889657 0.0704364 0.1095739 0.0639405 0.1237338 0.1424025 0.1416129 0.1438865 0.1729583 0.1331446 0.2226870 0.1558218 0.1410090 0.1495938 0.1464514 0.1439779 0.2138682 0.1120595 0.2047844 0.0736096 0.1339621 0.1231786 0.1452312 0.1405020 0.1338301 0.2081147 0.1284945 0.1464967 0.1166482 0.0494712 0.0849742 0.0986914 0.1668152 0.0755652 0.0622730 0.1498155 0.1594611 0.1515832 0.1317559 0.1517755 0.1199299 0.1206157 0.1324199 0.1204174 0.1240896 0.1390122 0.1263717 0.0931390 0.1279398 0.1274477 0.0776707 0.1313220 0.1149654 0.0784782 0.1361889 0.0995572 0.1306252 0.1335029 0.1201229 0.1379611 0.0820655 0.1374970 0.0753659 0.1161959 0.1174696 0.1209159 0.1101584 0.1145663 0.1110551 0.2087246 0.1104978 0.1212440 0.1321605 0.1143513 
