124
PAFTOL_019361 0.0000000 8.9999981 0.0000010 0.2152770 0.0000010 0.5372262 0.2152770 0.2152770 8.9999983 0.5372262 0.2152770 0.0000010 0.0000010 0.2152770 6.7721627 0.0000010 1.2585694 0.5372262 0.5372262 0.2152770 0.0000010 0.2152770 0.2152770 0.5372262 0.0000010 0.7264729 0.0000010 0.0000010 0.0000010 0.5372262 8.9999981 0.2152770 0.2152770 0.2152770 2.7853949 0.5372262 0.2152770 0.0000010 0.7769137 0.7264729 0.0000010 0.2152770 0.5372262 0.2152770 0.5372262 0.2152770 0.2152770 0.0000010 0.2152770 0.0000010 0.2152770 6.7721627 0.2152770 0.2152770 0.0000010 0.0000010 0.0000010 0.0000010 0.0000010 0.5372262 0.2152770 0.7769137 0.0000010 0.0000010 0.0000024 0.0000010 0.0000010 0.7769137 0.2152770 0.7769137 0.0000010 0.0000010 0.0000010 0.0000010 0.1999015 0.2152770 0.5372262 0.7264729 0.2152770 6.7721627 0.2152770 0.2152770 0.0000010 0.2152770 6.7689102 0.0000010 0.0000010 0.0000010 0.5372262 0.0000010 0.0000010 0.2152770 0.5372262 0.2538717 2.7853949 0.0000010 0.1999015 0.2152770 0.0000010 0.2152770 0.5372262 0.7264729 0.2152770 6.7721627 0.2152770 0.2152770 0.5372262 0.5372262 0.0000010 0.0000010 0.5372262 0.2152770 0.5372262 0.2152770 5.7497768 0.7264729 0.0000010 0.0000010 0.2152770 0.0000010 0.2152770 0.0000010 0.5372262 0.2152770 
S0055         8.9999981 0.0000000 0.0431066 0.1080774 0.0662066 0.0713496 0.1037704 0.0941919 0.0626530 0.0638715 0.1543225 0.1102500 0.1341784 0.1570971 0.1044564 0.0999194 0.0766509 0.0636595 0.0855950 8.9999986 0.0782012 0.1039412 0.0594220 0.0808371 0.0966974 0.0750962 0.1104959 0.1229057 0.0915023 0.0750340 0.0543050 0.1047400 0.0901955 0.1044124 0.0757593 0.0680281 0.0843531 0.1105104 9.0000000 0.0751104 0.1095254 0.1133461 0.0843384 0.0554916 0.0804330 0.0725390 0.0517041 0.1061702 0.0939959 0.0810352 0.1140997 0.0979325 0.0638881 0.1386293 0.0890060 0.0750525 0.1062517 0.1020541 0.1113297 2.8345775 0.0636169 0.1983323 0.1116856 0.0862028 0.1077440 0.1025817 0.1227255 0.2418343 0.0513053 9.0000000 0.0793408 0.0925350 0.0900851 0.0858852 0.0680629 0.0936011 0.0673695 0.0763690 0.0836498 0.1031582 0.1151869 0.1096661 0.1048078 0.1034431 0.1237820 0.1025033 0.1055801 0.1160025 0.0633213 0.0801479 0.0926345 0.0762809 0.0427808 0.0755728 0.0188067 0.0765963 0.0903019 0.1010782 0.0845628 0.0681297 0.1303497 0.0639335 0.0634730 0.1086562 0.0676710 0.1315447 0.0764570 0.0673578 0.0635812 0.0814188 0.0848133 0.1103853 0.0640903 0.1080764 0.0633448 0.0710758 0.1037197 0.0884234 0.0719800 0.1438758 0.0637974 0.0810122 0.0726952 0.0592694 
S0196sl       0.0000010 0.0431066 0.0000000 0.0873072 0.0544361 0.0578064 0.0761943 0.0523893 0.0473451 0.0590159 0.1071645 0.0986197 0.1127223 0.1137367 0.0655614 0.0809714 0.0428804 0.0374602 0.0696544 0.0000010 0.0771889 0.0643740 0.0135034 0.0531005 0.0426167 0.0743016 0.0919345 0.0953926 0.0692587 0.0572238 0.0473451 0.0766344 0.0592708 0.0759230 0.0582353 0.0425282 0.0423699 0.0929952 0.0000010 0.0868098 0.0982421 0.0695269 0.0575877 0.0135034 0.0581591 0.0377043 0.0136340 0.0695262 0.0762470 0.0585687 0.0704855 0.0814991 0.0327449 0.1005733 0.0529379 0.0286123 0.0582517 0.0424312 0.0475977 0.0000010 0.0374346 0.1468171 0.0606150 0.0644682 0.0923336 0.0343024 0.0502859 0.1840110 0.0135034 0.0000010 0.0537942 0.0530396 0.0582248 0.0641678 0.0380033 0.0632289 0.0423548 0.0532818 0.0322199 0.0587541 0.0768995 0.0706044 0.0811377 0.0882023 0.0936466 0.0795309 0.0818910 0.0925831 0.0423548 0.0695164 0.0575579 0.0374858 0.0197414 0.0577788 0.0150228 0.0482068 0.0592969 0.0761943 0.0475239 0.0277243 0.1221933 0.0484524 0.0135034 0.0590927 0.0374346 0.1082367 0.0529050 0.0423838 0.0278877 0.0378838 0.0524332 0.0710393 0.0327871 0.0758606 0.0377333 0.0526211 0.0859195 0.0475337 0.0425359 0.1267560 0.0277846 0.0482047 0.0701077 0.0323668 
S0278         0.2152770 0.1080774 0.0873072 0.0000000 0.0940155 0.1157645 0.0314860 0.0923571 0.1273146 0.1125854 0.0638803 0.1087605 0.1266988 0.0641730 0.0920650 0.1273439 0.1119728 0.0972872 0.1213956 0.0000010 0.1249018 0.0391804 0.0630067 0.1114777 0.1005795 0.1291439 0.1195272 0.1146160 0.0523538 0.1094721 0.1308724 0.0462970 0.0503423 0.0588444 0.1171360 0.1024962 0.0869202 0.1090143 0.2780626 0.1263647 0.1080557 0.1084748 0.1149978 0.0670237 0.1021161 0.0803024 0.0631928 0.1198372 0.0428771 0.1120422 0.0752107 0.0793225 0.0713058 0.0706787 0.0826737 0.0787133 0.1060164 0.1103609 0.1199354 0.2072401 0.0836945 0.1886355 0.1270210 0.1060307 0.1162314 0.1065370 0.1066422 0.2223297 0.0627039 0.2780626 0.0783691 0.0923492 0.1060409 0.1056404 0.1125333 0.0980578 0.0967480 0.1117321 0.0916360 0.0501917 0.0758770 0.0715454 0.1084725 0.0507577 0.0622149 0.1094795 0.1092690 0.1097604 0.1055497 0.1107897 0.1007741 0.0842725 0.0725687 0.1107399 0.0746529 0.0949208 0.1270194 0.0542934 0.0972640 0.0713949 0.0723294 0.0938780 0.0751582 0.0622734 0.0794636 0.0812390 0.0970753 0.1011402 0.0888795 0.0940780 0.1112665 0.0509041 0.0935687 0.0580269 0.1067125 0.1110187 0.1260226 0.0965165 0.0755021 0.1881819 0.0626405 0.0892385 0.1065183 0.0752021 
S0281         0.0000010 0.0662066 0.0544361 0.0940155 0.0000000 0.0782917 0.0982475 0.0835081 0.0692475 0.0795229 0.1369075 0.1079463 0.1292252 0.1158120 0.0945473 0.0985948 0.0797432 0.0612863 0.0792383 0.0000010 0.1003761 0.0885917 0.0569471 0.0883372 0.0828824 0.0971961 0.1167886 0.1195322 0.0979046 0.0823076 0.0648087 0.0938355 0.0846872 0.0829004 0.0749505 0.0657381 0.0695295 0.1082063 0.0000010 0.0897609 0.1072252 0.1137395 0.0777468 0.0529372 0.0784118 0.0746066 0.0490686 0.1063536 0.0897853 0.0802041 0.1010568 0.0981803 0.0614857 0.1284269 0.0874251 0.0689227 0.0924002 0.0821309 0.0965749 0.0000010 0.0446230 0.1796675 0.1266357 0.0834873 0.1024538 0.0864547 0.1009145 0.2196547 0.0486819 0.0000010 0.0976547 0.0874531 0.0884703 0.0831756 0.0708252 0.0879706 0.0650839 0.0935271 0.0731518 0.0837974 0.1020161 0.0924626 0.1024407 0.0995707 0.1144478 0.0923294 0.1032078 0.1138234 0.0609535 0.0792914 0.0823689 0.0612063 0.0440437 0.0694748 0.0360680 0.0797417 0.0987245 0.1014765 0.0742045 0.0574683 0.1250754 0.0753979 0.0610777 0.0801145 0.0485681 0.1082102 0.0702729 0.0568124 0.0703705 0.0710149 0.0736826 0.0988879 0.0616684 0.1028050 0.0699581 0.0830785 0.1016989 0.0738662 0.0657318 0.1564452 0.0609608 0.0706539 0.0892097 0.0567978 
S0282         0.5372262 0.0713496 0.0578064 0.1157645 0.0782917 0.0000000 0.1072692 0.0878654 0.0356222 0.0668960 0.1584059 0.1236595 0.1209019 0.1279943 0.1314158 0.1114625 0.0833314 0.0241455 0.0354635 0.2072401 0.0733222 0.1066021 0.0581714 0.0661324 0.0906964 0.0879434 0.1279188 0.1425652 0.1095961 0.0313088 0.0353449 0.1128474 0.0848416 0.1065743 0.0793898 0.0206496 0.0825434 0.1292832 0.7298452 0.0936622 0.1281091 0.1063305 0.0352469 0.0543259 0.0242289 0.0750997 0.0506177 0.1235057 0.1069232 0.0882460 0.1070150 0.1298764 0.0625307 0.1414248 0.0831138 0.0786609 0.0955944 0.0857709 0.1005249 0.0000010 0.0702862 0.1911197 0.0995224 0.0934887 0.1154879 0.1051139 0.1250407 0.2091297 0.0502356 0.7298452 0.0954454 0.1002514 0.1014185 0.0931465 0.0584431 0.0873316 0.0135518 0.0837175 0.0736981 0.1192571 0.1080092 0.1027148 0.1231893 0.1166889 0.1565066 0.1050848 0.1188703 0.1401090 0.0170254 0.0872886 0.0951540 0.0705713 0.0146121 0.0241867 0.0344453 0.0784187 0.0753408 0.1048715 0.0829871 0.0626687 0.1545516 0.0669580 0.0542894 0.1249978 0.0662350 0.1327658 0.0137039 0.0824840 0.0584550 0.0883857 0.0391759 0.1037138 0.0428822 0.1154247 0.0737121 0.0789479 0.1152287 0.0826940 0.0704450 0.1649901 0.0662540 0.0754233 0.0841932 0.0619699 
S0289         0.2152770 0.1037704 0.0761943 0.0314860 0.0982475 0.1072692 0.0000000 0.0882567 0.1185241 0.0983558 0.0368645 0.1195988 0.1309628 0.0491926 0.0879736 0.1272087 0.1118488 0.0890916 0.1174054 0.0000010 0.1102175 0.0281419 0.0591316 0.0985629 0.0964349 0.1247463 0.1336357 0.1267284 0.0402863 0.1011834 0.1221016 0.0389027 0.0429648 0.0628781 0.1127708 0.0941789 0.0829072 0.1198814 0.2780626 0.1223504 0.1188034 0.1087283 0.1065651 0.0631209 0.0938227 0.0762605 0.0593071 0.1155119 0.0467119 0.0891484 0.0712458 0.0752254 0.0673605 0.0632967 0.0786939 0.0699367 0.1017970 0.1061122 0.1114189 0.2072401 0.0796621 0.1786611 0.1125830 0.0922487 0.1107657 0.0978200 0.1082564 0.2233143 0.0588493 0.2780626 0.0870842 0.0882499 0.1062841 0.0919160 0.1081976 0.1115923 0.0886007 0.1227113 0.0875707 0.0464754 0.0718756 0.0675840 0.1192727 0.0546931 0.0709278 0.1140510 0.1201688 0.1207244 0.0972793 0.0881721 0.0966210 0.0802116 0.0598449 0.1023464 0.0699588 0.0907062 0.1182508 0.0499533 0.0931070 0.0674443 0.0591087 0.1042214 0.0711979 0.0502632 0.0754637 0.0813869 0.0888987 0.0969700 0.0847708 0.0897695 0.1028380 0.0353008 0.0843689 0.0620017 0.1024631 0.1025552 0.1216032 0.0883935 0.0715241 0.1817516 0.0673560 0.0936651 0.1026264 0.0712391 
S0292         0.2152770 0.0941919 0.0523893 0.0923571 0.0835081 0.0878654 0.0882567 0.0000000 0.0981668 0.0798764 0.1329867 0.1149370 0.1266492 0.1205064 0.1117496 0.0979497 0.0839078 0.0749252 0.0972793 0.0000010 0.0928723 0.0883398 0.0504255 0.0752606 0.0664628 0.1102265 0.1193656 0.1222449 0.1051508 0.0823887 0.1016936 0.0933832 0.0710979 0.0794589 0.0886459 0.0752768 0.0702424 0.1152086 0.2780626 0.1118944 0.1141770 0.1078822 0.0915533 0.0466465 0.0834464 0.0669344 0.0392559 0.1009493 0.0837593 0.0937629 0.0839983 0.1238525 0.0506185 0.1209857 0.0789547 0.0657879 0.0835656 0.0704611 0.0960114 0.2072401 0.0622853 0.1782025 0.1048934 0.0928530 0.1114945 0.0783627 0.0968675 0.2157973 0.0426655 0.2780626 0.1120211 0.0748336 0.0789216 0.0925161 0.0846114 0.0545892 0.0704431 0.0980857 0.0656957 0.1005245 0.0890406 0.0841116 0.1094097 0.0927904 0.1262113 0.1001475 0.1056256 0.1256278 0.0786269 0.0887513 0.0659994 0.0279545 0.0503610 0.0832957 0.0647502 0.0548591 0.0979495 0.0884027 0.0390195 0.0171571 0.1382380 0.0807851 0.0543080 0.1058474 0.0583160 0.1082277 0.0755586 0.0786267 0.0506703 0.0798889 0.0963917 0.0847463 0.0624578 0.0873892 0.0919273 0.0877253 0.1057700 0.0620972 0.0624281 0.1730080 0.0583333 0.0753261 0.0835174 0.0543374 
S0293         8.9999983 0.0626530 0.0473451 0.1273146 0.0692475 0.0356222 0.1185241 0.0981668 0.0000000 0.0847808 0.1669849 0.1184898 0.1275273 0.1431339 0.1236677 0.1220636 0.0977887 0.0355440 0.0475372 8.9999984 0.0637797 0.1125613 0.0672019 0.0796075 0.1006711 0.0925277 0.1346248 0.1317634 0.1001485 0.0430230 0.0204800 0.1244208 0.0902908 0.1177434 0.0796162 0.0355799 0.0925159 0.1144571 9.0000000 0.1028320 0.1177080 0.1174603 0.0472423 0.0632202 0.0356713 0.0848852 0.0593983 0.1348570 0.1181364 0.1036672 0.1182454 0.1222158 0.0717822 0.1541899 0.0885905 0.0838503 0.0961603 0.0954918 0.1109718 8.9999984 0.0798018 0.2058751 0.1111043 0.1034924 0.1214156 0.1114364 0.1319817 0.2185621 0.0589387 9.0000000 0.0947560 0.1061836 0.1116214 0.1031064 0.0669790 0.1016261 0.0244282 0.0882456 0.0793463 0.1117124 0.1193713 0.1137959 0.1087031 0.1283613 0.1486171 0.1201612 0.1044938 0.1248014 0.0280582 0.1025072 0.0968550 0.0801350 0.0264003 0.0316888 0.0471912 0.0837418 0.0848934 0.1117389 0.0884527 0.0719488 0.1516201 0.0671431 0.0631765 0.1173652 0.0755926 0.1452518 0.0320419 0.0752382 0.0632826 0.0940633 0.0514171 0.1106092 0.0552789 0.1269325 0.0705835 0.0791716 0.1258944 0.0881347 0.0799815 0.1531343 0.0756137 0.0892192 0.0988163 0.0670278 
S0294         0.5372262 0.0638715 0.0590159 0.1125854 0.0795229 0.0668960 0.0983558 0.0798764 0.0847808 0.0000000 0.1347039 0.1073204 0.1131180 0.1281487 0.1287440 0.1124471 0.0556458 0.0507832 0.0715272 0.2072401 0.0842015 0.1083472 0.0549323 0.0511430 0.0957753 0.0679791 0.0797075 0.1141970 0.0960059 0.0617754 0.0675225 0.0861413 0.0860736 0.1033772 0.0722961 0.0549837 0.0793609 0.1075770 0.7298452 0.0722720 0.1066085 0.1032870 0.0754437 0.0510740 0.0629315 0.0718666 0.0473462 0.0932773 0.1037174 0.0557821 0.1083955 0.1417374 0.0554938 0.1385094 0.0757565 0.0621006 0.0925579 0.0874019 0.0975324 0.0000010 0.0511508 0.1643662 0.1107763 0.0558740 0.0888979 0.1018278 0.1217763 0.1859146 0.0469868 0.7298452 0.1043698 0.0845578 0.0839370 0.0556786 0.0635733 0.0789108 0.0543833 0.0676333 0.0787060 0.1212010 0.1140120 0.1085618 0.1018601 0.1134897 0.1544467 0.0800514 0.0973073 0.1179216 0.0543833 0.0553634 0.0835408 0.0628743 0.0148374 0.0666168 0.0229154 0.0626762 0.0639007 0.1061931 0.0751172 0.0550650 0.1505252 0.0597333 0.0589025 0.1270556 0.0550532 0.1254904 0.0629106 0.0715344 0.0550287 0.0763089 0.0758637 0.0948018 0.0464056 0.1033209 0.0706388 0.0596092 0.1162399 0.0838681 0.0672233 0.1690496 0.0551428 0.0759342 0.0644833 0.0589349 
S0299         0.2152770 0.1543225 0.1071645 0.0638803 0.1369075 0.1584059 0.0368645 0.1329867 0.1669849 0.1347039 0.0000000 0.1499616 0.1582562 0.0594479 0.1381013 0.1925985 0.1473234 0.1281423 0.1604719 0.0000010 0.1576300 0.0653416 0.0901537 0.1471875 0.1385157 0.1632732 0.1680079 0.1411354 0.0622383 0.1495898 0.1659382 0.0549466 0.0888241 0.1160907 0.1659702 0.1345330 0.1100435 0.1440408 0.2780626 0.1606460 0.1482535 0.1298647 0.1505455 0.0951829 0.1468326 0.1122900 0.0960906 0.1576453 0.0892017 0.1111936 0.1166566 0.1271824 0.1171072 0.0752143 0.1032938 0.1016027 0.1448979 0.1564334 0.1464240 0.2072401 0.1168680 0.2257482 0.1726868 0.1219919 0.1392237 0.1422645 0.1429405 0.2657890 0.0951829 0.2780626 0.1730558 0.1391717 0.1333275 0.1214572 0.1533941 0.1510038 0.1335105 0.1476892 0.1161387 0.0888102 0.1233350 0.1175511 0.1380345 0.1050375 0.1101852 0.1603712 0.1392770 0.1379872 0.1390495 0.1213709 0.1443884 0.1228434 0.0927020 0.1517416 0.0949263 0.1237182 0.1549099 0.0794168 0.1395522 0.1062045 0.1013877 0.1434916 0.0951829 0.0835936 0.1168680 0.1426408 0.1333877 0.1449872 0.1228433 0.1413896 0.1282254 0.0695765 0.1217108 0.1141306 0.1578774 0.1464908 0.1846113 0.1338756 0.1226242 0.2112090 0.1105394 0.1528444 0.1412123 0.1220585 
S0303         0.0000010 0.1102500 0.0986197 0.1087605 0.1079463 0.1236595 0.1195988 0.1149370 0.1184898 0.1073204 0.1499616 0.0000000 0.1062233 0.1580184 0.1195318 0.1262186 0.1020023 0.1192379 0.1456260 0.0000010 0.1157314 0.1048332 0.0905517 0.1203340 0.1235586 0.1294287 0.1045772 0.0221379 0.1191841 0.1180912 0.1226987 0.1205065 0.0955548 0.1102720 0.0965517 0.1149797 0.1027010 0.0209957 0.0000010 0.1317853 0.0172771 0.1314708 0.1237918 0.0862659 0.1203831 0.1007868 0.0821992 0.1190203 0.1153979 0.0997605 0.1248611 0.1190998 0.0905492 0.1685600 0.0516460 0.0912613 0.1294694 0.1143349 0.1291863 0.0000010 0.0952479 0.2116449 0.1502132 0.0908768 0.1151621 0.1199452 0.1418616 0.2510627 0.0815322 0.0000010 0.1229368 0.1144642 0.1157970 0.0948594 0.1198787 0.1146467 0.1138411 0.1195481 0.0987869 0.0991039 0.1359405 0.1299485 0.0138146 0.1208181 0.1328490 0.1040488 0.0139019 0.0211315 0.1185396 0.1043459 0.1133472 0.0912147 0.0703739 0.1236776 0.0716772 0.0920419 0.1110825 0.1428711 0.0958837 0.0870029 0.1375328 0.0960274 0.0950130 0.1087560 0.0907734 0.1535881 0.1203244 0.0862551 0.1008942 0.1111763 0.1295639 0.1112802 0.1056600 0.1147436 0.1003850 0.1048997 0.1293571 0.1134599 0.1044924 0.2151906 0.0909271 0.1059215 0.1363684 0.0809012 
S0308         0.0000010 0.1341784 0.1127223 0.1266988 0.1292252 0.1209019 0.1309628 0.1266492 0.1275273 0.1131180 0.1582562 0.1062233 0.0000000 0.1684320 0.1639572 0.1315426 0.1124681 0.1066044 0.1267157 0.2152770 0.1315306 0.1266724 0.0974879 0.1165526 0.1199061 0.1419607 0.1272329 0.1175294 0.1297641 0.1102952 0.1310943 0.1325710 0.1172070 0.1365486 0.1279270 0.1116173 0.1095467 0.1064752 0.7769137 0.1476179 0.1055260 0.1449903 0.1211571 0.0932146 0.1018607 0.1169720 0.0891737 0.1517098 0.1322098 0.1040530 0.1318489 0.1422924 0.1026260 0.1755109 0.0585927 0.1026200 0.1165386 0.1250106 0.1264551 0.5372262 0.0933730 0.2434712 0.1443267 0.1123249 0.1323263 0.1307010 0.1410729 0.2717254 0.0884570 0.7769137 0.1392697 0.1310772 0.1301530 0.1119029 0.1176689 0.1265839 0.1015480 0.1281744 0.1058188 0.1303040 0.1429557 0.1369809 0.1059385 0.1378238 0.1578040 0.1157435 0.1016854 0.1166938 0.1104824 0.1073561 0.1248587 0.1071495 0.0638250 0.1112541 0.0786187 0.1021597 0.1181806 0.1400925 0.1117376 0.0984383 0.1678173 0.1093862 0.0931475 0.1407461 0.0889935 0.1694649 0.1117859 0.0927889 0.0988544 0.1184000 0.1317960 0.1172165 0.1025407 0.1254899 0.1209887 0.1221802 0.1464516 0.1249816 0.1114328 0.1952349 0.0971831 0.1131179 0.1420970 0.1020090 
S0320         0.2152770 0.1570971 0.1137367 0.0641730 0.1158120 0.1279943 0.0491926 0.1205064 0.1431339 0.1281487 0.0594479 0.1580184 0.1684320 0.0000000 0.1332219 0.1748618 0.1340839 0.1040141 0.1360498 0.0000010 0.1366712 0.0546623 0.0864685 0.1412818 0.1270637 0.1477092 0.1698444 0.1564741 0.0515885 0.1260537 0.1361009 0.0543105 0.0913438 0.1137285 0.1548062 0.1104067 0.1021446 0.1527932 0.2780626 0.1492597 0.1573652 0.1280295 0.1140689 0.0864685 0.1166769 0.1157785 0.0873450 0.1669966 0.0921641 0.1024589 0.1143194 0.1393223 0.1038801 0.0869399 0.1075977 0.1001563 0.1527506 0.1323090 0.1275606 0.2072401 0.1149898 0.2250286 0.1603962 0.1078914 0.1334485 0.1280679 0.1213662 0.2681827 0.0864685 0.2780626 0.1484456 0.1464519 0.1266126 0.1073960 0.1235036 0.1398365 0.1095123 0.1296298 0.1028850 0.0849271 0.1214120 0.1152539 0.1455931 0.1147424 0.1321616 0.1616117 0.1470280 0.1511551 0.1151701 0.1141433 0.1192491 0.1098366 0.0776137 0.1225417 0.0845990 0.1107321 0.1493945 0.0918505 0.1272974 0.0921350 0.0872041 0.1251007 0.0864685 0.0690294 0.1149898 0.1483469 0.1094064 0.1450952 0.0866625 0.1282394 0.0974654 0.0444409 0.0921984 0.1188997 0.1459795 0.1285216 0.1668711 0.1271841 0.1096321 0.1995859 0.0917851 0.1348914 0.1344649 0.1090868 
S0327         6.7721627 0.1044564 0.0655614 0.0920650 0.0945473 0.1314158 0.0879736 0.1117496 0.1236677 0.1287440 0.1381013 0.1195318 0.1639572 0.1332219 0.0000000 0.1337236 0.1279698 0.1124634 0.1319381 9.0000000 0.1215528 0.0880211 0.0891033 0.1322462 0.1112057 0.1405939 0.1284086 0.1272271 0.0870675 0.1298106 0.1224975 0.0887430 0.0618642 0.0879979 0.1233765 0.1127178 0.1057635 0.1198142 9.0000000 0.1477744 0.1187369 0.1341790 0.1358366 0.0848921 0.1316216 0.1081704 0.0808935 0.1206858 0.0787993 0.1128378 0.0970019 0.0664280 0.0894733 0.1016619 0.1062507 0.0885303 0.1169425 0.1214482 0.1408954 9.0000000 0.0981030 0.2375652 0.1457852 0.1067686 0.1470489 0.1228894 0.1443059 0.2872189 0.0802471 9.0000000 0.0539148 0.1027008 0.1121457 0.1063735 0.1119771 0.1369170 0.1164239 0.1326226 0.1020300 0.0583603 0.0978848 0.0932667 0.1139219 0.0876267 0.0701707 0.1146631 0.1092968 0.1303609 0.1164239 0.1115677 0.1066959 0.1032896 0.0917383 0.1266542 0.0949622 0.1098777 0.1293928 0.0823862 0.1078591 0.0895904 0.0933353 0.1189898 0.0934842 0.0628335 0.0980777 0.1175993 0.1168317 0.0846232 0.0991898 0.0981831 0.1306084 0.0938479 0.1132678 0.0867261 0.0813525 0.1213721 0.1279386 0.0972879 0.1027849 0.1881539 0.0981025 0.1085365 0.1317425 0.0838157 
S0335         0.0000010 0.0999194 0.0809714 0.1273439 0.0985948 0.1114625 0.1272087 0.0979497 0.1220636 0.1124471 0.1925985 0.1262186 0.1315426 0.1748618 0.1337236 0.0000000 0.0960734 0.1060182 0.1306722 0.2152770 0.1148493 0.1225871 0.0750399 0.1158954 0.0960446 0.1249123 0.1407056 0.1294137 0.1256107 0.1138086 0.1256133 0.1224963 0.1031301 0.1174467 0.1024503 0.1024020 0.0963290 0.1265217 0.7769137 0.1365341 0.1253618 0.1377302 0.1145282 0.0710121 0.1153442 0.0930474 0.0631358 0.1201331 0.1124115 0.1092417 0.1317516 0.1320714 0.0797285 0.1642023 0.0840009 0.0788864 0.1155106 0.0960902 0.1095485 0.5372262 0.0836027 0.2282199 0.1382704 0.0985630 0.1318670 0.0824278 0.1010950 0.2655780 0.0666398 0.7769137 0.1340037 0.1014592 0.0853175 0.0981990 0.1029980 0.0968280 0.1009983 0.1266458 0.0912666 0.1262261 0.1330140 0.1271922 0.1204120 0.1228933 0.1647572 0.1156203 0.1166571 0.1374015 0.1009983 0.1080073 0.0547677 0.0839287 0.0716700 0.1106367 0.0641957 0.0939403 0.1013538 0.1342755 0.0786857 0.0757218 0.1573525 0.1035958 0.0792115 0.1321939 0.0793778 0.1486776 0.1069445 0.0880419 0.0844826 0.0854250 0.1247488 0.1236279 0.0978372 0.1172144 0.1107850 0.1061114 0.0393221 0.0920778 0.0880216 0.1715191 0.0796140 0.0807177 0.1268081 0.0751385 
S0376         1.2585694 0.0766509 0.0428804 0.1119728 0.0797432 0.0833314 0.1118488 0.0839078 0.0977887 0.0556458 0.1473234 0.1020023 0.1124681 0.1340839 0.1279698 0.0960734 0.0000000 0.0625237 0.0840269 0.5575379 0.0777561 0.1119483 0.0546093 0.0502033 0.0960679 0.0667047 0.1016607 0.1084718 0.1056530 0.0779844 0.0882977 0.0993745 0.0850246 0.1028140 0.0549836 0.0711173 0.0788972 0.1022449 2.9174697 0.0758856 0.1013341 0.1011739 0.0745410 0.0507720 0.0750916 0.0714416 0.0470666 0.0884280 0.0987145 0.0756745 0.1165579 0.1268939 0.0627445 0.1422007 0.0792274 0.0618598 0.0825775 0.0876599 0.1007403 0.2148887 0.0585281 0.1870714 0.1082671 0.0804444 0.0935251 0.0963673 0.1158962 0.2106538 0.0467107 2.9174697 0.1217387 0.0743035 0.0883852 0.0801550 0.0672347 0.0654090 0.0661697 0.0805594 0.0782492 0.1204859 0.1176530 0.1121741 0.0966677 0.0992359 0.1530817 0.0968633 0.0973796 0.1123837 0.0661697 0.0838269 0.0862615 0.0667437 0.0259801 0.0788353 0.0227697 0.0754343 0.0625978 0.1104059 0.0790841 0.0588813 0.1614616 0.0680542 0.0585566 0.1262999 0.0624704 0.1326497 0.0750732 0.0791703 0.0541094 0.0804274 0.0832728 0.1082917 0.0629396 0.0982006 0.0790712 0.0585004 0.1094245 0.0828684 0.0706873 0.1415405 0.0507661 0.0800309 0.0545440 0.0623786 
S0400         0.5372262 0.0636595 0.0374602 0.0972872 0.0612863 0.0241455 0.0890916 0.0749252 0.0355440 0.0507832 0.1281423 0.1192379 0.1066044 0.1040141 0.1124634 0.1060182 0.0625237 0.0000000 0.0243384 0.2072401 0.0684076 0.0932121 0.0463794 0.0540754 0.0819308 0.0668361 0.1047131 0.1268345 0.0912879 0.0275511 0.0279456 0.0855464 0.0677063 0.0885201 0.0711693 0.0170886 0.0699291 0.1195195 0.7298452 0.0761365 0.1184466 0.0883285 0.0314000 0.0426492 0.0205607 0.0626121 0.0390294 0.1004791 0.0888048 0.0758722 0.0888740 0.1157511 0.0505248 0.1217743 0.0703981 0.0610643 0.0783386 0.0771888 0.0914225 0.0000010 0.0503144 0.1589927 0.0845316 0.0757501 0.0927365 0.0910856 0.1101828 0.1773955 0.0387398 0.7298452 0.0865593 0.0827418 0.0834312 0.0754810 0.0470308 0.0783340 0.0100649 0.0668340 0.0614623 0.1055735 0.0896812 0.0847267 0.1136411 0.0980429 0.1368643 0.0914514 0.1093879 0.1300443 0.0100649 0.0750538 0.0821155 0.0582946 0.0035785 0.0205256 0.0265830 0.0659332 0.0628063 0.0788554 0.0702929 0.0506308 0.1396645 0.0549134 0.0426211 0.1110310 0.0541516 0.1131677 0.0171013 0.0741712 0.0466032 0.0712172 0.0315667 0.0855501 0.0315681 0.0970065 0.0616756 0.0665926 0.1097436 0.0700489 0.0581982 0.1489316 0.0541680 0.0708732 0.0631676 0.0502335 
S0405         0.5372262 0.0855950 0.0696544 0.1213956 0.0792383 0.0354635 0.1174054 0.0972793 0.0475372 0.0715272 0.1604719 0.1456260 0.1267157 0.1360498 0.1319381 0.1306722 0.0840269 0.0243384 0.0000000 0.2072401 0.0686501 0.1217836 0.0666298 0.0707512 0.1044195 0.0886797 0.1198809 0.1436901 0.1204369 0.0389435 0.0395163 0.1095046 0.0942941 0.1166384 0.0888550 0.0354216 0.0916958 0.1459744 0.7298452 0.0988810 0.1446126 0.1072338 0.0430537 0.0626851 0.0317033 0.0841327 0.0588971 0.1292223 0.1170241 0.0985423 0.1171310 0.1461151 0.0711628 0.1430507 0.0923451 0.0831236 0.1051582 0.0992007 0.1147815 0.0000010 0.0708654 0.1927971 0.0990694 0.0983778 0.1164717 0.1154037 0.1314361 0.2172691 0.0584456 0.7298452 0.0780467 0.1099787 0.1016499 0.0980153 0.0675815 0.1007107 0.0206832 0.0886865 0.0825400 0.1348876 0.1182364 0.1127271 0.1394548 0.1271316 0.1530011 0.1059685 0.1349878 0.1574157 0.0206832 0.0974497 0.1046651 0.0794339 0.0145868 0.0316474 0.0348328 0.0874628 0.0760740 0.1111200 0.0922017 0.0713261 0.1729122 0.0760142 0.0626421 0.1410104 0.0749387 0.1438168 0.0281269 0.0962879 0.0669583 0.0883156 0.0432868 0.1138282 0.0509297 0.1257293 0.0870471 0.0883494 0.1344989 0.0827273 0.0792836 0.1838397 0.0708486 0.0929996 0.0764123 0.0707451 
S0407sl       0.2152770 8.9999986 0.0000010 0.0000010 0.0000010 0.2072401 0.0000010 0.0000010 8.9999984 0.2072401 0.0000010 0.0000010 0.2152770 0.0000010 9.0000000 0.2152770 0.5575379 0.2072401 0.2072401 0.0000000 0.0000010 0.0000010 0.0000010 0.2072401 0.2152770 0.8477170 0.2152770 0.0000010 0.0000010 0.2072401 8.9999986 0.0000010 0.0000010 0.0000010 2.8555378 0.2072401 0.0000010 0.0000010 0.2780626 0.8477170 0.0000010 0.0000010 0.2072401 0.0000010 0.2072401 0.0000010 0.0000010 0.2152770 0.0000010 0.2152770 0.0000010 9.0000000 0.0000010 0.0000010 0.2152770 0.2152770 0.2152770 0.2152770 0.2152770 0.2072401 0.0000010 0.2780626 0.2152770 0.2152770 0.0000024 0.2152770 0.2152770 0.2780626 0.0000010 0.2780626 0.0000010 0.2152770 0.2152770 0.2152770 0.5372262 0.0000010 0.2072401 0.8477170 0.0000010 9.0000000 0.0000010 0.0000010 0.0000010 0.0000010 9.0000000 0.2152770 0.0000010 0.0000010 0.2072401 0.2152770 0.2152770 0.0000010 0.2072401 0.2538717 2.8555378 0.2152770 0.5372262 0.0000010 0.2152770 0.0000010 1.2585694 0.8477170 0.0000010 9.0000000 0.0000010 0.0000010 0.2072401 1.2585694 0.2152770 0.2152770 0.2072401 0.0000010 0.2072401 0.0000010 9.0000000 0.8477170 0.2152770 0.2152770 0.0000010 0.0000010 0.0000010 0.2152770 0.2072401 0.0000010 
S0412sl       0.0000010 0.0782012 0.0771889 0.1249018 0.1003761 0.0733222 0.1102175 0.0928723 0.0637797 0.0842015 0.1576300 0.1157314 0.1315306 0.1366712 0.1215528 0.1148493 0.0777561 0.0684076 0.0686501 0.0000010 0.0000000 0.1094269 0.0678175 0.0727712 0.1127488 0.0628886 0.1238805 0.1208299 0.1193424 0.0629237 0.0681192 0.1060714 0.0897341 0.1140597 0.0450056 0.0687580 0.0917487 0.1154296 0.0000010 0.0743048 0.1148676 0.1086763 0.0637525 0.0632958 0.0637113 0.0821138 0.0589586 0.1338344 0.1054224 0.0996991 0.1252568 0.1135990 0.0683611 0.1388853 0.0824782 0.0870836 0.1181589 0.0976026 0.1070326 0.0000010 0.0821728 0.1707337 0.0970216 0.0995947 0.1135068 0.1020618 0.1187566 0.2179472 0.0584421 0.0000010 0.1252511 0.0974544 0.1139939 0.0991724 0.0779648 0.1122872 0.0543892 0.0985647 0.0860996 0.1030357 0.1266158 0.1201746 0.1147738 0.1152586 0.1435581 0.1186379 0.1157390 0.1278527 0.0589284 0.0984307 0.1067130 0.0821574 0.0253979 0.0683093 0.0305924 0.0930977 0.0835782 0.1403202 0.0914486 0.0729174 0.1356864 0.0683555 0.0724965 0.1092597 0.0773706 0.1330046 0.0642705 0.0723619 0.0682576 0.0884190 0.0642886 0.1051146 0.0639943 0.0985371 0.0728416 0.0578312 0.1181558 0.0811438 0.0723179 0.1284104 0.0677239 0.0933253 0.0884411 0.0631402 
S0417         0.2152770 0.1039412 0.0643740 0.0391804 0.0885917 0.1066021 0.0281419 0.0883398 0.1125613 0.1083472 0.0653416 0.1048332 0.1266724 0.0546623 0.0880211 0.1225871 0.1119483 0.0932121 0.1217836 0.0000010 0.1094269 0.0000000 0.0591924 0.1027763 0.1061569 0.1307749 0.1337458 0.1212893 0.0366473 0.1053528 0.1161069 0.0471815 0.0547783 0.0667815 0.1078712 0.0936006 0.0829857 0.1095692 0.2780626 0.1267670 0.1086020 0.1131113 0.1108077 0.0631849 0.0979931 0.0848120 0.0593682 0.1258976 0.0588544 0.0988215 0.0752288 0.0794396 0.0674281 0.0638546 0.0787692 0.0840365 0.1117618 0.1062072 0.1157045 0.2072401 0.0797390 0.1835392 0.1175094 0.0971171 0.1109110 0.0929757 0.1036267 0.2102573 0.0589095 0.2780626 0.0874113 0.0977655 0.0976002 0.1015267 0.0977913 0.1116912 0.0926969 0.1085257 0.0876527 0.0313579 0.0758955 0.0715625 0.1090225 0.0672079 0.0709708 0.1141498 0.1098263 0.1197392 0.0970580 0.0977232 0.0967095 0.0802894 0.0548229 0.1065678 0.0651550 0.0906255 0.1226639 0.0504478 0.0889563 0.0675121 0.0721842 0.0859058 0.0712683 0.0426982 0.0755375 0.0942675 0.0930090 0.0876656 0.0848521 0.0898549 0.1070779 0.0434682 0.0849303 0.0705872 0.0923971 0.1019724 0.1170609 0.0924775 0.0715950 0.1689432 0.0674236 0.0937528 0.1113968 0.0669870 
S0419         0.2152770 0.0594220 0.0135034 0.0630067 0.0569471 0.0581714 0.0591316 0.0504255 0.0672019 0.0549323 0.0901537 0.0905517 0.0974879 0.0864685 0.0891033 0.0750399 0.0546093 0.0463794 0.0666298 0.0000010 0.0678175 0.0591924 0.0000000 0.0544377 0.0616655 0.0745358 0.0915073 0.0960993 0.0563912 0.0535111 0.0706817 0.0636828 0.0433984 0.0550022 0.0626708 0.0467341 0.0385811 0.0907618 0.2780626 0.0839438 0.0899812 0.0757788 0.0578294 0.0033198 0.0541620 0.0206067 0.0067381 0.0825005 0.0551757 0.0595650 0.0631904 0.0882478 0.0242016 0.0892563 0.0501324 0.0405110 0.0700568 0.0616959 0.0652916 0.2072401 0.0312810 0.1473894 0.0796624 0.0586300 0.0837146 0.0559670 0.0729511 0.1712563 0.0066904 0.2780626 0.0794886 0.0578582 0.0622682 0.0584277 0.0511578 0.0620591 0.0423844 0.0671665 0.0346385 0.0707518 0.0637441 0.0592707 0.0855409 0.0634683 0.1027142 0.0699319 0.0861490 0.1003496 0.0499254 0.0627389 0.0535852 0.0350468 0.0220801 0.0540664 0.0305555 0.0507620 0.0670618 0.0595101 0.0462535 0.0278367 0.1047220 0.0512427 0.0100453 0.0754831 0.0276645 0.0814809 0.0504548 0.0461444 0.0352697 0.0468498 0.0543244 0.0635997 0.0391211 0.0628313 0.0619758 0.0582636 0.0786540 0.0498279 0.0313564 0.1385753 0.0205858 0.0428289 0.0669040 0.0240651 
S0427         0.5372262 0.0808371 0.0531005 0.1114777 0.0883372 0.0661324 0.0985629 0.0752606 0.0796075 0.0511430 0.1471875 0.1203340 0.1165526 0.1412818 0.1322462 0.1158954 0.0502033 0.0540754 0.0707512 0.2072401 0.0727712 0.1027763 0.0544377 0.0000000 0.0864279 0.0708165 0.1146080 0.1223823 0.1056363 0.0612743 0.0789480 0.0996155 0.0808066 0.1023706 0.0669295 0.0505085 0.0786249 0.1206198 0.7298452 0.0718889 0.1195285 0.0921991 0.0705219 0.0506159 0.0582904 0.0711992 0.0469229 0.1058083 0.1027033 0.0892693 0.1118326 0.1402972 0.0587434 0.1326882 0.0875654 0.0660438 0.0772475 0.0782841 0.0921015 0.0000010 0.0664550 0.1608906 0.0878187 0.0849114 0.1112151 0.0822766 0.1008885 0.1669001 0.0465693 0.7298452 0.1041593 0.0699936 0.0926175 0.0846041 0.0582059 0.0695653 0.0499642 0.0754202 0.0779816 0.1154050 0.1128764 0.1074933 0.1146791 0.1074916 0.1407296 0.1096471 0.1100515 0.1312472 0.0576523 0.0882913 0.0911360 0.0585531 0.0183444 0.0619186 0.0388863 0.0623037 0.0586539 0.1050890 0.0706053 0.0508555 0.1559881 0.0591844 0.0583695 0.1257833 0.0624350 0.1336860 0.0582705 0.0791078 0.0463400 0.0801040 0.0750205 0.0941412 0.0505061 0.1066807 0.0699934 0.0624372 0.1196638 0.0705699 0.0587109 0.1649854 0.0546445 0.0797109 0.0467684 0.0506750 
S0552sl       0.0000010 0.0966974 0.0426167 0.1005795 0.0828824 0.0906964 0.0964349 0.0664628 0.1006711 0.0957753 0.1385157 0.1235586 0.1199061 0.1270637 0.1112057 0.0960446 0.0960679 0.0819308 0.1044195 0.2152770 0.1127488 0.1061569 0.0616655 0.0864279 0.0000000 0.1125268 0.1144001 0.1264977 0.1045206 0.0893483 0.1041430 0.0921318 0.0789923 0.0971870 0.0878476 0.0864473 0.0819171 0.1286065 0.7769137 0.1101578 0.1274450 0.1119417 0.1037698 0.0578174 0.0904901 0.0786554 0.0539289 0.0703619 0.0918557 0.0933937 0.1064611 0.1232540 0.0581452 0.1297447 0.0866663 0.0142277 0.0500915 0.0205833 0.0353699 0.5372262 0.0657793 0.2098899 0.1195538 0.0964700 0.1291141 0.0565148 0.0736907 0.2314301 0.0537056 0.7769137 0.1033331 0.0540928 0.0876485 0.0961217 0.0832635 0.0871034 0.0774025 0.1005870 0.0771927 0.1097153 0.1074433 0.1021612 0.1225558 0.1010608 0.1302732 0.0999021 0.1182612 0.1393596 0.0856072 0.0923687 0.0737102 0.0581333 0.0622036 0.0861690 0.0684162 0.0624644 0.0963703 0.0982811 0.0621063 0.0429209 0.1375462 0.0834600 0.0656337 0.1152401 0.0618010 0.1278065 0.0826174 0.0660018 0.0624588 0.0834763 0.1087702 0.1025406 0.0742429 0.1000016 0.0865167 0.0913051 0.1094086 0.0464833 0.0697929 0.1883346 0.0697680 0.0788884 0.1010291 0.0656703 
S0558         0.7264729 0.0750962 0.0743016 0.1291439 0.0971961 0.0879434 0.1247463 0.1102265 0.0925277 0.0679791 0.1632732 0.1294287 0.1419607 0.1477092 0.1405939 0.1249123 0.0667047 0.0668361 0.0886797 0.8477170 0.0628886 0.1307749 0.0745358 0.0708165 0.1125268 0.0000000 0.1147372 0.1377830 0.1282881 0.0863929 0.0832687 0.1079453 0.0973561 0.1162049 0.0577982 0.0755730 0.0999985 0.1297354 2.7946679 0.0550457 0.1285541 0.1207259 0.0790090 0.0705369 0.0795957 0.0924031 0.0667122 0.1027947 0.1110515 0.1020636 0.1260374 0.1437709 0.0752958 0.1416646 0.0960886 0.0867826 0.1080854 0.1048493 0.1233379 0.3113710 0.0788583 0.1824575 0.1248441 0.0932404 0.1148962 0.1146114 0.1350568 0.2173732 0.0661979 2.7946679 0.1206109 0.0903930 0.1102119 0.0929011 0.0712408 0.1136330 0.0705098 0.0838361 0.0991737 0.1387992 0.1272318 0.1215844 0.1236183 0.1207992 0.1665665 0.1097656 0.1245495 0.1405988 0.0705098 0.1009390 0.1084207 0.0918461 0.0260276 0.0786676 0.0302831 0.0922259 0.0836397 0.1204726 0.0961967 0.0835564 0.1652088 0.0667240 0.0705826 0.1449699 0.0829927 0.1438606 0.0795782 0.0960175 0.0706087 0.0972571 0.0795552 0.1271148 0.0671116 0.1149693 0.0831675 0.0460143 0.1332721 0.0946513 0.0874196 0.1592635 0.0748277 0.0967711 0.0839005 0.0787229 
S0616         0.0000010 0.1104959 0.0919345 0.1195272 0.1167886 0.1279188 0.1336357 0.1193656 0.1346248 0.0797075 0.1680079 0.1045772 0.1272329 0.1698444 0.1284086 0.1407056 0.1016607 0.1047131 0.1198809 0.2152770 0.1238805 0.1337458 0.0915073 0.1146080 0.1144001 0.1147372 0.0000000 0.1062894 0.1373864 0.1081535 0.1193947 0.1208970 0.0953000 0.1096828 0.1017175 0.1144785 0.1076400 0.1048220 0.7769137 0.1286359 0.1039007 0.1355147 0.1270668 0.0873539 0.1188181 0.1103391 0.0834146 0.1144458 0.1097199 0.0874890 0.1190363 0.1377500 0.0839044 0.1552641 0.0827842 0.0882655 0.1338416 0.0969638 0.1239150 0.5372262 0.0874979 0.2015463 0.1254046 0.0832194 0.1056792 0.1294088 0.1507103 0.2450283 0.0827587 0.7769137 0.0849722 0.1191794 0.1196799 0.0747448 0.1112830 0.1049415 0.1085213 0.1159333 0.1170986 0.1373309 0.1294739 0.1238781 0.0992815 0.1194277 0.1500131 0.0425391 0.1000029 0.1148667 0.1085213 0.0907252 0.1090751 0.1052385 0.0715845 0.1182615 0.0643934 0.1059870 0.1071639 0.1133339 0.1097323 0.0924018 0.1695302 0.1068907 0.0958306 0.1434231 0.0917245 0.1460564 0.1142345 0.0923905 0.0877060 0.1024210 0.1187600 0.1254535 0.1007258 0.1093105 0.1140416 0.1052038 0.1489774 0.1091796 0.1004298 0.2197973 0.0918746 0.1019034 0.1154445 0.0866039 
S0620         0.0000010 0.1229057 0.0953926 0.1146160 0.1195322 0.1425652 0.1267284 0.1222449 0.1317634 0.1141970 0.1411354 0.0221379 0.1175294 0.1564741 0.1272271 0.1294137 0.1084718 0.1268345 0.1436901 0.0000010 0.1208299 0.1212893 0.0960993 0.1223823 0.1264977 0.1377830 0.1062894 0.0000000 0.1254636 0.1204974 0.1362910 0.1271851 0.1014746 0.1273631 0.1074928 0.1274118 0.1089973 0.0297333 0.0000010 0.1457194 0.0257816 0.1295925 0.1316993 0.0915338 0.1281182 0.1070984 0.0872144 0.1316181 0.1227755 0.1059472 0.1381058 0.1324809 0.1015838 0.1676709 0.0586256 0.0921805 0.1378332 0.1215653 0.1324843 0.0000010 0.1011272 0.2079176 0.1368335 0.1010892 0.1274490 0.1219237 0.1336576 0.2489718 0.0864647 0.0000010 0.1491088 0.1217202 0.1332808 0.1006902 0.1282913 0.1219231 0.1210182 0.1171034 0.1048496 0.1101340 0.1502428 0.1436499 0.0183184 0.1286243 0.1461850 0.1057216 0.0184409 0.0300695 0.1260856 0.1108486 0.1156498 0.0963863 0.0797133 0.1367061 0.0816128 0.1072792 0.1181787 0.1351636 0.1113672 0.0923639 0.1584616 0.1068855 0.1008614 0.1256923 0.0963501 0.1696430 0.1280589 0.0966912 0.1072210 0.1077584 0.1379352 0.1174012 0.1123308 0.1167026 0.1121151 0.1066379 0.1269700 0.1150997 0.1110088 0.2174913 0.0914125 0.1126251 0.1399483 0.0903502 
S0624         0.0000010 0.0915023 0.0692587 0.0523538 0.0979046 0.1095961 0.0402863 0.1051508 0.1001485 0.0960059 0.0622383 0.1191841 0.1297641 0.0515885 0.0870675 0.1256107 0.1056530 0.0912879 0.1204369 0.0000010 0.1193424 0.0366473 0.0563912 0.1056363 0.1045206 0.1282881 0.1373864 0.1254636 0.0000000 0.0947349 0.1042619 0.0524215 0.0651393 0.0774741 0.1051267 0.0961921 0.0805390 0.1194647 0.0000010 0.1147914 0.1183937 0.1158306 0.1001058 0.0604369 0.0961580 0.0823440 0.0565611 0.1193678 0.0734739 0.0871163 0.0864524 0.0782096 0.0775501 0.0878668 0.0805103 0.0766464 0.1144154 0.1136270 0.1050612 0.0000010 0.0858128 0.1881127 0.1260889 0.0944364 0.1176785 0.1000140 0.1058931 0.2020554 0.0561166 0.0000010 0.1219958 0.1000316 0.1042821 0.0940873 0.1009941 0.1189963 0.0907723 0.0971805 0.0852637 0.0362785 0.0872518 0.0826443 0.1188600 0.0824905 0.0737272 0.1168246 0.1197503 0.1299712 0.0952448 0.0902570 0.1037103 0.0864201 0.0613627 0.1045452 0.0577185 0.0971698 0.1117938 0.0618711 0.0953349 0.0779540 0.0661021 0.0878890 0.0686329 0.0403815 0.0814634 0.1068843 0.0910856 0.0857777 0.0867850 0.1009769 0.1054282 0.0524239 0.0864265 0.0859560 0.0866596 0.1086033 0.1199091 0.0951804 0.0773962 0.1704608 0.0730793 0.0917152 0.1209482 0.0768237 
S0641         0.5372262 0.0750340 0.0572238 0.1094721 0.0823076 0.0313088 0.1011834 0.0823887 0.0430230 0.0617754 0.1495898 0.1180912 0.1102952 0.1260537 0.1298106 0.1138086 0.0779844 0.0275511 0.0389435 0.2072401 0.0629237 0.1053528 0.0535111 0.0612743 0.0893483 0.0863929 0.1081535 0.1204974 0.0947349 0.0000000 0.0426863 0.1065607 0.0793737 0.1005385 0.0782576 0.0312736 0.0772659 0.1183675 0.7298452 0.0917113 0.1173149 0.0918072 0.0387071 0.0497556 0.0276463 0.0699616 0.0461244 0.1125899 0.1008603 0.0919165 0.1009443 0.1192400 0.0577349 0.1343304 0.0697876 0.0774461 0.0899559 0.0893902 0.0989961 0.0000010 0.0653128 0.1774468 0.0882394 0.0917674 0.1092211 0.0989625 0.1182764 0.1764205 0.0457830 0.7298452 0.0781282 0.0944729 0.0995491 0.0914382 0.0579889 0.0857616 0.0169148 0.0701938 0.0686795 0.1178467 0.1018631 0.0967477 0.1125618 0.1103275 0.1545375 0.1077042 0.1083508 0.1287692 0.0239027 0.0909229 0.0895498 0.0618032 0.0144655 0.0275992 0.0383902 0.0732425 0.0701804 0.0979614 0.0776708 0.0578583 0.1530322 0.0622226 0.0497227 0.1234981 0.0613648 0.1312005 0.0241447 0.0815668 0.0537678 0.0828632 0.0352579 0.0933321 0.0385846 0.1091565 0.0729078 0.0778281 0.1130186 0.0694445 0.0654598 0.1523454 0.0613825 0.0783142 0.0787805 0.0574041 
S0643         8.9999981 0.0543050 0.0473451 0.1308724 0.0648087 0.0353449 0.1221016 0.1016936 0.0204800 0.0675225 0.1659382 0.1226987 0.1310943 0.1361009 0.1224975 0.1256133 0.0882977 0.0279456 0.0395163 8.9999986 0.0681192 0.1161069 0.0706817 0.0789480 0.1041430 0.0832687 0.1193947 0.1362910 0.1042619 0.0426863 0.0000000 0.1185201 0.0987367 0.1213033 0.0707333 0.0353032 0.0960022 0.1229862 9.0000000 0.0931591 0.1218878 0.1210112 0.0468664 0.0667018 0.0353930 0.0884072 0.0628883 0.1288865 0.1217056 0.0896220 0.1218188 0.1257651 0.0752841 0.1426763 0.0920938 0.0878977 0.1048782 0.0989376 0.1144786 2.8345775 0.0749699 0.1982912 0.1150364 0.0894740 0.1066218 0.1150870 0.1356509 0.2172292 0.0624038 9.0000000 0.1021702 0.1096871 0.1061122 0.0891474 0.0626138 0.1051219 0.0242421 0.0832729 0.0867260 0.1152367 0.1229735 0.1173795 0.1170873 0.1319438 0.1475947 0.1145110 0.1128510 0.1335144 0.0206854 0.0886351 0.1000528 0.0836402 0.0223201 0.0314453 0.0345259 0.0830446 0.0841773 0.1110876 0.0919511 0.0754596 0.1552466 0.0665952 0.0666559 0.1209150 0.0790826 0.1390814 0.0281134 0.0787126 0.0627681 0.0932116 0.0471210 0.1185250 0.0548339 0.1304819 0.0700101 0.0704398 0.1294214 0.0916220 0.0834784 0.1576505 0.0791041 0.0927460 0.0892184 0.0704990 
