136
PAFTOL_019361 0.0000000 0.2530060 0.2411624 0.3050923 0.3118628 0.2611966 0.3062055 0.2726419 0.2775416 0.2757039 0.3017308 0.2902567 0.2973524 0.2963911 0.3095510 0.2809756 0.3741151 0.2764057 0.3216867 0.2947429 0.2954402 0.2544174 0.2582052 0.2914548 0.2761545 0.2834707 0.2549915 0.3110981 0.2793440 0.2917491 0.2665909 0.2850844 0.3022277 0.2773088 0.3125288 0.2717622 0.2766326 0.2597071 0.2845578 0.2577608 0.2979681 0.2867145 0.2598271 0.2789218 0.2879011 0.3087784 0.2660849 0.2814706 0.2789264 0.2568448 0.2753218 0.2569968 0.2552785 0.2547592 0.2419308 0.3011306 0.2788343 0.2783238 0.3416851 0.2651615 0.2842486 0.2399404 0.2837907 0.2895895 0.2776611 0.2720849 0.2847236 0.2906921 0.2986036 0.2988492 0.3153730 0.2750836 0.2800132 0.2867966 0.2997638 0.3058944 0.3054140 0.2594627 0.2842272 0.3361237 0.2976139 0.2881415 0.3090338 0.2884414 0.2724100 0.2823502 0.2627687 0.2921629 0.2517636 0.2599547 0.2649308 0.2844398 0.3031237 0.2735885 0.3067586 0.2759543 0.3015517 0.2910423 0.2576686 0.3107210 0.2995287 0.2821329 0.2595339 0.2572505 0.2571096 0.2678481 0.2832317 0.2497836 0.2702725 0.2660609 0.2909675 0.2864725 0.2614317 0.2785057 0.3005468 0.2885034 0.2529594 0.2952560 0.2858291 0.2664844 0.2488248 0.3119727 0.2614088 0.3018730 0.2627923 0.2859110 0.3002863 0.2837886 0.2514353 0.2618155 0.2573727 0.2850001 0.2403909 0.2671242 0.2976917 0.2493851 
S0055         0.2530060 0.0000000 0.0822768 0.1108804 0.1379576 0.0618657 0.1410104 0.1023463 0.0969582 0.0789187 0.1247176 0.1128306 0.1286329 0.1346173 0.1155279 0.1228805 0.1114676 0.1036160 0.1332886 0.1326549 0.0991377 0.0606681 0.0607380 0.1108643 0.0807586 0.0962761 0.0855050 0.1084652 0.1005273 0.1304390 0.0919122 0.0910044 0.0887490 0.1107899 0.1273277 0.1078934 0.0750842 0.0588908 0.1125248 0.0844196 0.1152568 0.0859317 0.0599811 0.1157330 0.1290206 0.1551457 0.0753245 0.1228678 0.0886951 0.0610366 0.0902546 0.0890298 0.0649959 0.0881982 0.0877997 0.1084488 0.1139658 0.0972310 0.1534758 0.0987968 0.1067125 0.0801835 0.0993469 0.1280387 0.0978647 0.0938411 0.1028438 0.0994718 0.1159757 0.1250751 0.1574525 0.1093644 0.1325522 0.1317301 0.0965729 0.1021494 0.1557218 0.0912040 0.1586468 0.1197551 0.1087145 0.1066961 0.1485005 0.0808983 0.0935314 0.1640735 0.0585929 0.0933047 0.0883983 0.0916717 0.1035443 0.1111582 0.1267292 0.0979351 0.1140310 0.1212143 0.1303796 0.1291881 0.0583463 0.1376461 0.1136191 0.0994410 0.0638406 0.0597959 0.0385642 0.1108053 0.0780419 0.0934547 0.0991957 0.0950083 0.1057080 0.0881526 0.0949833 0.1078782 0.1264241 0.1066519 0.0588085 0.1264198 0.1006505 0.0955579 0.0666312 0.1171621 0.0609419 0.1200045 0.0687476 0.0818140 0.1245787 0.1141899 0.1040694 0.0906983 0.0853671 0.1075098 0.0716479 0.0933106 0.1084823 0.0820422 
S0196sl       0.2411624 0.0822768 0.0000000 0.1115396 0.0752985 0.0806967 0.1403372 0.0968509 0.0826632 0.0822851 0.1164854 0.1122165 0.1269907 0.1187900 0.1250838 0.1194332 0.0994840 0.1008597 0.1282341 0.1300172 0.0861371 0.0729850 0.0781200 0.1087286 0.1016338 0.1011566 0.0064416 0.0935097 0.0963629 0.1284124 0.0912706 0.0863549 0.1139403 0.1173748 0.1369663 0.1010261 0.0833669 0.0738298 0.1078301 0.0771882 0.1063019 0.1020597 0.0760476 0.0417874 0.1265303 0.1499881 0.0913112 0.1192793 0.0784356 0.0720761 0.0881928 0.0086095 0.0808883 0.0086178 0.0100993 0.1002814 0.0455295 0.0956929 0.1520465 0.0930726 0.0969833 0.0695407 0.1196599 0.1183441 0.0893588 0.0952654 0.0989692 0.0892385 0.1135934 0.0659085 0.1609928 0.1024111 0.1202546 0.1189832 0.0920837 0.0913205 0.1559114 0.0076055 0.1578299 0.1054866 0.0996517 0.0922772 0.1330620 0.0995888 0.0826604 0.1613098 0.0730550 0.0980151 0.0798571 0.0936200 0.0908771 0.1032445 0.1263214 0.0921227 0.1138904 0.1180326 0.1348711 0.1274838 0.0701442 0.1280535 0.1079661 0.0939358 0.0779858 0.0704173 0.0833520 0.1037416 0.0955114 0.0882720 0.0802283 0.0858130 0.1037417 0.0934244 0.0151971 0.1045982 0.0659623 0.1089448 0.0681473 0.0725208 0.0842517 0.0880075 0.0775629 0.1175265 0.0777134 0.1183571 0.0755117 0.0876643 0.1160098 0.1039230 0.0954421 0.0931868 0.0825307 0.1062349 0.0654786 0.0868137 0.1021659 0.0784737 
S0278         0.3050923 0.1108804 0.1115396 0.0000000 0.1734275 0.1128819 0.1733033 0.0411069 0.1163849 0.1255806 0.1585678 0.0580859 0.1671479 0.1472628 0.0625761 0.1450653 0.0772934 0.1210605 0.1798137 0.1600059 0.1274109 0.1093456 0.1094073 0.0518507 0.1219824 0.0465568 0.1148058 0.1356551 0.0645878 0.1533568 0.0580865 0.1103245 0.1392063 0.1319964 0.1705091 0.0465099 0.1266248 0.1095490 0.0516483 0.0700856 0.0913776 0.1218654 0.1087489 0.1383600 0.1574231 0.1728583 0.1178199 0.1488066 0.1046615 0.1051619 0.1056278 0.1159825 0.1093109 0.1140034 0.1158607 0.1271456 0.1402317 0.0815644 0.1824757 0.0826901 0.0876145 0.0983308 0.0636128 0.1449537 0.1176916 0.1141215 0.1192391 0.1169362 0.1598360 0.1634715 0.1708223 0.1243730 0.1650306 0.1553860 0.1126603 0.1149872 0.1689918 0.1149851 0.1734426 0.1057364 0.1277268 0.1361555 0.1779441 0.1413621 0.1121173 0.1734936 0.1070221 0.1467885 0.1042092 0.0560827 0.0816710 0.0863884 0.1553357 0.0848155 0.0369038 0.1534893 0.1605623 0.1565452 0.1076770 0.1646691 0.1428438 0.1216373 0.1141005 0.1084653 0.1116949 0.1311555 0.1347087 0.0764135 0.1226579 0.1158711 0.0507040 0.1393072 0.1236323 0.0500452 0.1631607 0.0844945 0.0991535 0.1712587 0.1111446 0.1110858 0.1139345 0.0591523 0.1166086 0.1006029 0.1123736 0.1131799 0.1437393 0.1297217 0.0822140 0.1120866 0.1073240 0.1236478 0.0928880 0.1082497 0.1364895 0.0977840 
S0281         0.3118628 0.1379576 0.0752985 0.1734275 0.0000000 0.1424343 0.1860721 0.1580223 0.1345426 0.1547381 0.1770503 0.1668249 0.1747096 0.1628733 0.1813758 0.1696079 0.2249272 0.1663941 0.2078370 0.1746232 0.1447130 0.1357284 0.1411058 0.1692905 0.1618246 0.1448985 0.0796119 0.1559268 0.1564766 0.1725233 0.1478579 0.1450820 0.1708641 0.1470480 0.1957795 0.1583627 0.1480483 0.1324775 0.1637378 0.1314230 0.1664634 0.1735828 0.1382888 0.0850209 0.1749454 0.2168498 0.1574840 0.1663643 0.1527233 0.1375671 0.1459998 0.0830494 0.1440073 0.0832591 0.0824820 0.1578178 0.0864810 0.1403154 0.1946207 0.1575025 0.1549338 0.1323594 0.1802216 0.1659033 0.1474645 0.1503056 0.1558505 0.1509439 0.1694541 0.0956308 0.2168574 0.1581010 0.1750995 0.1718995 0.1530874 0.1598653 0.2189638 0.0852376 0.2286736 0.1894643 0.1605816 0.1592928 0.1892349 0.1532049 0.1410485 0.2321921 0.1374039 0.1559823 0.1355381 0.1530895 0.1512558 0.1598501 0.1737146 0.1449556 0.1583917 0.1692663 0.1789023 0.1759989 0.1305510 0.1774171 0.1711606 0.1502920 0.1434077 0.1389615 0.1369042 0.1660039 0.1450816 0.1442761 0.1398375 0.1391183 0.1667142 0.1562011 0.0922986 0.1475667 0.0945111 0.1711762 0.1351277 0.1009806 0.1427870 0.1606558 0.1421567 0.1712108 0.1356753 0.1698009 0.1379383 0.1563406 0.1862097 0.1730800 0.1580246 0.1498510 0.1450256 0.1535011 0.1232638 0.1603542 0.1639971 0.1427592 
S0282         0.2611966 0.0618657 0.0806967 0.1128819 0.1424343 0.0000000 0.1472623 0.0985186 0.0908578 0.0347310 0.0993263 0.1100813 0.1279474 0.1340941 0.1120441 0.1302916 0.0883105 0.1007527 0.1162410 0.1350724 0.0866877 0.0185639 0.0330737 0.1101899 0.0837039 0.0923397 0.0863411 0.0978350 0.0933699 0.1353114 0.0859105 0.0834924 0.0990639 0.1143713 0.1269616 0.0979652 0.0473207 0.0300209 0.1064400 0.0856309 0.1017063 0.0880357 0.0244775 0.1176543 0.1351743 0.1533819 0.0733196 0.1289269 0.0807990 0.0313477 0.0862960 0.0898623 0.0214619 0.0879268 0.0923355 0.1030765 0.1145915 0.0995805 0.1620458 0.0882679 0.1077310 0.0771834 0.0939544 0.1373886 0.0914150 0.0851735 0.0927530 0.0883340 0.1087474 0.1308123 0.1543305 0.0949155 0.1411393 0.1397981 0.0912377 0.0978332 0.1501841 0.0885278 0.1518531 0.0974541 0.1044002 0.0989762 0.1469880 0.0695134 0.0897391 0.1572409 0.0291436 0.0792558 0.0861281 0.0866786 0.0906561 0.0978605 0.1336184 0.0993171 0.1148801 0.1254119 0.1364691 0.1328658 0.0290285 0.1423452 0.1160481 0.0968689 0.0340330 0.0321585 0.0604192 0.1058703 0.0698338 0.0830377 0.0908372 0.0902467 0.1065369 0.0723755 0.0969431 0.1005902 0.1309025 0.0956461 0.0177194 0.1308980 0.0910873 0.0916822 0.0364520 0.1144200 0.0596101 0.1197865 0.0610313 0.0737936 0.1237393 0.1100324 0.0948021 0.0865143 0.0858473 0.1083044 0.0703716 0.0928056 0.1012589 0.0838480 
S0288         0.3062055 0.1410104 0.1403372 0.1733033 0.1860721 0.1472623 0.0000000 0.1569046 0.1542931 0.1692079 0.1925928 0.1738996 0.0230487 0.0796482 0.1855441 0.0323702 0.1887149 0.1467723 0.2066247 0.0378400 0.1557273 0.1531627 0.1518909 0.1642067 0.1623148 0.1498541 0.1454992 0.1676417 0.1646546 0.0161747 0.1592732 0.1304409 0.1775229 0.0916509 0.0277760 0.1571476 0.1620534 0.1381648 0.1708593 0.1489045 0.1746496 0.1686135 0.1512041 0.1608767 0.0293066 0.2055290 0.1653578 0.0259891 0.1447585 0.1453550 0.1370996 0.1480361 0.1531741 0.1472001 0.1458796 0.1626980 0.1643336 0.1597565 0.1148679 0.1628096 0.1717090 0.1268821 0.1852686 0.0836774 0.1435748 0.1315172 0.1361061 0.1385170 0.1897283 0.1660767 0.2134000 0.1679414 0.0952935 0.1023933 0.1474067 0.1542370 0.2035874 0.1439945 0.2067761 0.1889507 0.1465835 0.1626944 0.1028450 0.1617457 0.1518642 0.2071434 0.1480371 0.1684198 0.1367057 0.1506903 0.1677080 0.1700677 0.0202236 0.1622078 0.1661454 0.0948179 0.0211556 0.0162174 0.1486169 0.0983509 0.1616077 0.1561651 0.1558626 0.1472585 0.1502812 0.1734396 0.1615416 0.1593363 0.1534577 0.1453110 0.1590358 0.1628827 0.1589836 0.1581896 0.1676071 0.1758585 0.1458186 0.1662424 0.1516304 0.1481019 0.1513736 0.1689440 0.1539302 0.1887631 0.1476773 0.1558722 0.1758380 0.1595258 0.1658112 0.1347769 0.1375801 0.1714805 0.1135485 0.1532363 0.1656458 0.1348780 
S0289         0.2726419 0.1023463 0.0968509 0.0411069 0.1580223 0.0985186 0.1569046 0.0000000 0.1039670 0.1116617 0.1445477 0.0525035 0.1504698 0.1345869 0.0433385 0.1333010 0.0531617 0.1073578 0.1482652 0.1483184 0.1229701 0.0973027 0.1009957 0.0431905 0.1108665 0.0387155 0.1001737 0.1278628 0.0622103 0.1429976 0.0492473 0.1041698 0.1239308 0.1261337 0.1465960 0.0389278 0.1168216 0.0916488 0.0296834 0.0606617 0.0809930 0.1154819 0.0968365 0.1250982 0.1439860 0.1556916 0.1069929 0.1359813 0.0991201 0.0921373 0.1018404 0.1013273 0.0960638 0.0993428 0.1029094 0.1234530 0.1281336 0.0709721 0.1779542 0.0646588 0.0782259 0.0922054 0.0477442 0.1428907 0.1113006 0.1082565 0.1116837 0.1107101 0.1420972 0.1533136 0.1587130 0.1118829 0.1482527 0.1481108 0.1124657 0.1161595 0.1571080 0.0998415 0.1649270 0.0848519 0.1111077 0.1212447 0.1619434 0.1314084 0.1021005 0.1678800 0.0963379 0.1349526 0.0955366 0.0384182 0.0693031 0.0714119 0.1402937 0.0718653 0.0450209 0.1405683 0.1472124 0.1406204 0.0958676 0.1563970 0.1268366 0.1056531 0.1044972 0.0965849 0.1032209 0.1178053 0.1259986 0.0684053 0.1062660 0.1022481 0.0358222 0.1290270 0.1075669 0.0407404 0.1530247 0.0774495 0.0905696 0.1636662 0.0975693 0.1046504 0.1033481 0.0460364 0.1055550 0.0980934 0.1073502 0.1012637 0.1268600 0.1182373 0.0741583 0.1083783 0.0952772 0.1159910 0.0880110 0.1011626 0.1312839 0.0916919 
S0292         0.2775416 0.0969582 0.0826632 0.1163849 0.1345426 0.0908578 0.1542931 0.1039670 0.0000000 0.1066173 0.1405597 0.1147201 0.1524640 0.1384178 0.1201854 0.1315404 0.1332028 0.0928789 0.1415483 0.1367195 0.1026207 0.0866240 0.0911455 0.1165465 0.1129487 0.0982246 0.0891495 0.1161748 0.1025847 0.1407919 0.0911593 0.0794221 0.1237133 0.1102404 0.1547242 0.1051277 0.1089136 0.0884522 0.1094445 0.0921984 0.1149460 0.1064409 0.0892605 0.1158788 0.1362536 0.1648325 0.1051837 0.1327650 0.0820584 0.0847257 0.0798449 0.0902609 0.0912601 0.0871920 0.0903471 0.0938988 0.1163065 0.1038087 0.1652400 0.0972436 0.1064910 0.0633914 0.1200635 0.1314291 0.0825731 0.0831515 0.0863987 0.0831053 0.1325633 0.1346101 0.1644507 0.1053259 0.1397197 0.1356571 0.0941738 0.0985426 0.1654273 0.0889359 0.1711155 0.1363039 0.0949396 0.0910765 0.1622914 0.1131712 0.0451755 0.1755010 0.0855203 0.1255797 0.0709944 0.0946451 0.1010747 0.1047734 0.1381104 0.1074441 0.1156849 0.1387233 0.1476850 0.1409714 0.0851173 0.1444317 0.1076942 0.0360893 0.0933728 0.0890573 0.0959596 0.0548800 0.1047587 0.0976964 0.0242627 0.0291499 0.1108117 0.1183440 0.0939577 0.1015146 0.1384583 0.1121057 0.0846246 0.1400652 0.0473293 0.0840255 0.0921217 0.1164829 0.0946029 0.1212453 0.0986391 0.0983562 0.1079984 0.0930251 0.1024903 0.0756613 0.0708746 0.1040336 0.0630110 0.0843477 0.1137997 0.0698747 
S0293         0.2757039 0.0789187 0.0822851 0.1255806 0.1547381 0.0347310 0.1692079 0.1116617 0.1066173 0.0000000 0.1187223 0.1274796 0.1485839 0.1515478 0.1286913 0.1535928 0.1138889 0.1249515 0.1399297 0.1544615 0.0997825 0.0302986 0.0446408 0.1240269 0.0966415 0.1119163 0.0923186 0.1107661 0.0991207 0.1575211 0.0985294 0.0956826 0.1040383 0.1280382 0.1536612 0.1137602 0.0585329 0.0378611 0.1222562 0.0952487 0.1180793 0.1036807 0.0392994 0.1265661 0.1607549 0.1726184 0.0820403 0.1503071 0.0926400 0.0427449 0.0975570 0.0963078 0.0314134 0.0941430 0.0967243 0.1195253 0.1230511 0.1093603 0.1736360 0.1024189 0.1181675 0.0923060 0.1094220 0.1503933 0.0998253 0.1029675 0.1052566 0.1011614 0.1331187 0.1383519 0.1719797 0.1197606 0.1459672 0.1465413 0.1141985 0.1166407 0.1720057 0.0937223 0.1674300 0.1102834 0.1171205 0.1133647 0.1575269 0.0817180 0.0989638 0.1721852 0.0401996 0.0955276 0.0986766 0.1051730 0.1012660 0.1135940 0.1537785 0.1153300 0.1315234 0.1446678 0.1577515 0.1549341 0.0400727 0.1525559 0.1363326 0.1134667 0.0435373 0.0403434 0.0802410 0.1211564 0.0822664 0.1003451 0.1051871 0.1071632 0.1236099 0.0840403 0.1030583 0.1107080 0.1384589 0.1124046 0.0305268 0.1370800 0.1031612 0.1033659 0.0473622 0.1284927 0.0679139 0.1360774 0.0743880 0.0895492 0.1437662 0.1263714 0.1097290 0.0978350 0.1060949 0.1243577 0.0828287 0.1090473 0.1129237 0.1024240 
S0294         0.3017308 0.1247176 0.1164854 0.1585678 0.1770503 0.0993263 0.1925928 0.1445477 0.1405597 0.1187223 0.0000000 0.1567051 0.1906960 0.1771220 0.1706514 0.1767174 0.1742364 0.1528025 0.1967027 0.1858132 0.1403559 0.1005399 0.1064648 0.1568728 0.1332186 0.1457273 0.1277153 0.1516466 0.1415201 0.1799311 0.1353098 0.1254429 0.1491120 0.1598030 0.1891911 0.1432933 0.1234632 0.1030740 0.1449940 0.1187799 0.1415005 0.1403993 0.1068900 0.1567111 0.1769547 0.2012587 0.1176813 0.1695337 0.1226881 0.1056820 0.1270455 0.1273983 0.1042803 0.1257591 0.1254499 0.1358386 0.1514875 0.1408150 0.2039219 0.1339499 0.1470895 0.1229596 0.1644791 0.1749170 0.1282542 0.1308128 0.1409048 0.1347630 0.0777763 0.1674053 0.2064630 0.1474263 0.1883418 0.1768206 0.1253645 0.1291615 0.2090185 0.1249654 0.2063703 0.1533767 0.1447111 0.1447812 0.2102108 0.1306267 0.1296980 0.2124158 0.1051837 0.1345611 0.1355174 0.1377398 0.1319270 0.1402535 0.1790715 0.1355248 0.1628637 0.1695700 0.1903975 0.1804677 0.1035551 0.1786141 0.1677966 0.1503526 0.1110635 0.1101548 0.1248737 0.1652470 0.1274855 0.1358016 0.1445575 0.1455088 0.1567579 0.1321937 0.1343137 0.1468535 0.1689189 0.1468471 0.1034194 0.1716646 0.1395519 0.1397175 0.1111509 0.1614449 0.1126991 0.1621656 0.1187175 0.1226602 0.1755362 0.1646050 0.1347612 0.1233919 0.1297156 0.1559849 0.1151430 0.1404910 0.1473384 0.1324642 
S0299         0.2902567 0.1128306 0.1122165 0.0580859 0.1668249 0.1100813 0.1738996 0.0525035 0.1147201 0.1274796 0.1567051 0.0000000 0.1648118 0.1466930 0.0630357 0.1526011 0.0719573 0.1278091 0.1798192 0.1632369 0.1267274 0.1065771 0.1101117 0.0614103 0.1312761 0.0517074 0.1084495 0.1323170 0.0674964 0.1580828 0.0567678 0.1158039 0.1387112 0.1470357 0.1678336 0.0475965 0.1298757 0.1077076 0.0567986 0.0685506 0.0930393 0.1275437 0.1048113 0.1380564 0.1620703 0.1673486 0.1128439 0.1508951 0.1029898 0.1010005 0.1086666 0.1096090 0.1077276 0.1087640 0.1117303 0.1343707 0.1424959 0.0774473 0.1893325 0.0834462 0.0792981 0.0991122 0.0619287 0.1477533 0.1184432 0.1162979 0.1232343 0.1224587 0.1667898 0.1610457 0.1609534 0.1272102 0.1650447 0.1604102 0.1182499 0.1169453 0.1648932 0.1096428 0.1710206 0.0985199 0.1268037 0.1287792 0.1805646 0.1408250 0.1188398 0.1766806 0.1054301 0.1394771 0.1072761 0.0569544 0.0859496 0.0928474 0.1633703 0.0762630 0.0523826 0.1546314 0.1639991 0.1626388 0.1049170 0.1645659 0.1414277 0.1200149 0.1136334 0.1044351 0.1127049 0.1392613 0.1352364 0.0750073 0.1221604 0.1189531 0.0527672 0.1346731 0.1194711 0.0587963 0.1594179 0.0920180 0.0999424 0.1643247 0.1178522 0.1167420 0.1098974 0.0589047 0.1201116 0.0987374 0.1154878 0.1136868 0.1470736 0.1341782 0.0807981 0.1139459 0.1022445 0.1230963 0.0936324 0.1191338 0.1348428 0.1007810 
S0303         0.2973524 0.1286329 0.1269907 0.1671479 0.1747096 0.1279474 0.0230487 0.1504698 0.1524640 0.1485839 0.1906960 0.1648118 0.0000000 0.0688399 0.1657411 0.0289666 0.1940161 0.1379737 0.1861119 0.0330644 0.1502272 0.1313076 0.1410630 0.1519765 0.1575961 0.1374147 0.1383384 0.1587222 0.1562506 0.0123507 0.1500559 0.1304239 0.1724226 0.0740898 0.0221053 0.1515033 0.1448529 0.1306283 0.1561080 0.1444422 0.1726592 0.1613710 0.1365077 0.1529264 0.0218310 0.2019390 0.1558637 0.0226843 0.1400458 0.1344972 0.1384964 0.1395297 0.1346472 0.1417680 0.1350071 0.1663590 0.1522654 0.1572990 0.1186353 0.1635558 0.1716635 0.1218338 0.1667762 0.0747231 0.1408356 0.1324773 0.1369490 0.1352162 0.1901683 0.1604390 0.2106547 0.1558661 0.0869162 0.0908487 0.1404931 0.1501810 0.1965232 0.1394188 0.2003304 0.1908841 0.1509128 0.1487888 0.0919839 0.1518379 0.1454658 0.2007500 0.1407836 0.1623306 0.1267247 0.1342376 0.1653134 0.1680782 0.0132123 0.1676060 0.1611132 0.0802521 0.0169668 0.0123601 0.1400543 0.1019201 0.1583596 0.1526500 0.1421975 0.1399232 0.1395050 0.1665497 0.1610107 0.1536110 0.1462237 0.1386576 0.1521427 0.1535673 0.1524748 0.1483058 0.1570828 0.1693249 0.1214650 0.1486518 0.1482065 0.1522278 0.1379205 0.1624212 0.1463350 0.1865256 0.1432130 0.1517259 0.1662547 0.1482426 0.1585366 0.1312663 0.1319297 0.1459960 0.1056211 0.1486025 0.1595062 0.1286382 
S0308         0.2963911 0.1346173 0.1187900 0.1472628 0.1628733 0.1340941 0.0796482 0.1345869 0.1384178 0.1515478 0.1771220 0.1466930 0.0688399 0.0000000 0.1660594 0.0678933 0.1655258 0.1387900 0.1838705 0.0740648 0.1414033 0.1339989 0.1353427 0.1430021 0.1515554 0.1323357 0.1253466 0.1513812 0.1446889 0.0681548 0.1363852 0.1184839 0.1621845 0.0837127 0.0613986 0.1397293 0.1473438 0.1204054 0.1476427 0.1263862 0.1589940 0.1599418 0.1360914 0.1516281 0.0676045 0.1934647 0.1499209 0.0647057 0.1198632 0.1277408 0.1271646 0.1261703 0.1380687 0.1269124 0.1249064 0.1477780 0.1482573 0.1380384 0.1067532 0.1457554 0.1484038 0.1098283 0.1608967 0.0854572 0.1305875 0.1281340 0.1300812 0.1257976 0.1677084 0.1598096 0.1937460 0.1545306 0.0985087 0.0831499 0.1318268 0.1384427 0.1955830 0.1239796 0.1986408 0.1901539 0.1388707 0.1391144 0.1016144 0.1513964 0.1316508 0.1990427 0.1299698 0.1506395 0.1181608 0.1401616 0.1475999 0.1522184 0.0713602 0.1387242 0.1376519 0.0850889 0.0762057 0.0706360 0.1309127 0.0860953 0.1544074 0.1376454 0.1374105 0.1319574 0.1392057 0.1561301 0.1491284 0.1369940 0.1363284 0.1326235 0.1416678 0.1460359 0.1380914 0.1366283 0.1585799 0.1587120 0.1257253 0.1621680 0.1361499 0.1415736 0.1362308 0.1510024 0.1357647 0.1683782 0.1299152 0.1439766 0.1638409 0.1447935 0.1432662 0.1241628 0.1190698 0.1520575 0.1055969 0.1403176 0.1518083 0.1192598 
S0320         0.3095510 0.1155279 0.1250838 0.0625761 0.1813758 0.1120441 0.1855441 0.0433385 0.1201854 0.1286913 0.1706514 0.0630357 0.1657411 0.1660594 0.0000000 0.1497659 0.0773121 0.1284326 0.1673103 0.1705561 0.1401578 0.1062848 0.1165386 0.0602540 0.1313167 0.0503872 0.1208779 0.1472399 0.0795425 0.1677087 0.0654525 0.1230041 0.1351106 0.1542575 0.1650276 0.0612794 0.1324365 0.1150695 0.0573414 0.0714554 0.1013002 0.1295633 0.1047339 0.1439164 0.1582042 0.1735397 0.1165112 0.1559885 0.1089158 0.1057387 0.1203475 0.1206632 0.1092927 0.1197658 0.1174072 0.1459193 0.1464734 0.0847590 0.2147996 0.0864217 0.0905192 0.1081390 0.0506057 0.1742681 0.1288178 0.1295375 0.1365402 0.1295295 0.1767479 0.1715755 0.1769400 0.1249257 0.1777952 0.1742145 0.1360393 0.1377705 0.1695510 0.1193757 0.1784983 0.1051185 0.1367537 0.1332892 0.1804250 0.1453712 0.1179159 0.1804967 0.1135945 0.1508905 0.1110842 0.0499748 0.0891376 0.0945259 0.1677901 0.0874295 0.0665296 0.1720090 0.1664518 0.1634607 0.1115829 0.1941154 0.1441425 0.1301518 0.1163120 0.1112684 0.1182314 0.1424354 0.1375107 0.0813810 0.1251953 0.1207974 0.0489071 0.1412842 0.1298026 0.0599987 0.1701596 0.0975142 0.0971587 0.1720246 0.1252761 0.1211927 0.1129273 0.0635921 0.1217325 0.1025246 0.1240136 0.1194534 0.1473712 0.1330668 0.0895203 0.1244208 0.1093911 0.1277182 0.1021325 0.1130061 0.1529816 0.1020777 
S0322         0.2809756 0.1228805 0.1194332 0.1450653 0.1696079 0.1302916 0.0323702 0.1333010 0.1315404 0.1535928 0.1767174 0.1526011 0.0289666 0.0678933 0.1497659 0.0000000 0.1720786 0.1324559 0.1751873 0.0316190 0.1379486 0.1310025 0.1358561 0.1366747 0.1498971 0.1211896 0.1300927 0.1508005 0.1423922 0.0238792 0.1359432 0.1149303 0.1547213 0.0688491 0.0158153 0.1380026 0.1426387 0.1226708 0.1478365 0.1311860 0.1547784 0.1429667 0.1341138 0.1446454 0.0151548 0.1871290 0.1455222 0.0130952 0.1241814 0.1283964 0.1217193 0.1325429 0.1358864 0.1316945 0.1286733 0.1489174 0.1464164 0.1388993 0.1178350 0.1400561 0.1483302 0.1094325 0.1516270 0.0710545 0.1276909 0.1164066 0.1204297 0.1241672 0.1712484 0.1465029 0.1945948 0.1408260 0.0987760 0.0924414 0.1300508 0.1351657 0.1832331 0.1285518 0.1849229 0.1831368 0.1307925 0.1420524 0.0999923 0.1509619 0.1320192 0.1839969 0.1297858 0.1519236 0.1178019 0.1289501 0.1458383 0.1478898 0.0242487 0.1475983 0.1394960 0.0836063 0.0309210 0.0229705 0.1315826 0.0993083 0.1438545 0.1385895 0.1372810 0.1338897 0.1299609 0.1508848 0.1473867 0.1367624 0.1335313 0.1269880 0.1371390 0.1481740 0.1430499 0.1254407 0.1479522 0.1571103 0.1223643 0.1527348 0.1316551 0.1338105 0.1369356 0.1480179 0.1324753 0.1697097 0.1294611 0.1378698 0.1623763 0.1381244 0.1456902 0.1169590 0.1175429 0.1460079 0.0969064 0.1361347 0.1435921 0.1138930 
S0327         0.3741151 0.1114676 0.0994840 0.0772934 0.2249272 0.0883105 0.1887149 0.0531617 0.1332028 0.1138889 0.1742364 0.0719573 0.1940161 0.1655258 0.0773121 0.1720786 0.0000000 0.1252202 0.1822310 0.1931746 0.1622521 0.0965069 0.1177801 0.0632617 0.1275997 0.0622027 0.1036436 0.1776647 0.0555138 0.1720133 0.0425244 0.1098941 0.1256339 0.1284551 0.1714936 0.0712082 0.1315487 0.1018732 0.0528308 0.0474462 0.0802138 0.1151708 0.0971636 0.1612259 0.1736801 0.1842618 0.1132790 0.1651905 0.1097283 0.0887333 0.1089112 0.1004190 0.0966686 0.0980659 0.1008750 0.1433477 0.1598842 0.0573500 0.2537573 0.0639823 0.0829208 0.0937287 0.0519620 0.2149176 0.1098648 0.1191958 0.1156431 0.1129430 0.1919285 0.2026788 0.1819296 0.0981618 0.1739556 0.2045871 0.1198808 0.1284509 0.1911441 0.1098628 0.2059409 0.1130100 0.1263862 0.1461046 0.1929390 0.1398213 0.1216529 0.2145025 0.0971943 0.1576680 0.1149279 0.0282180 0.0748730 0.0829479 0.1889668 0.0779686 0.0694738 0.1581326 0.1806981 0.1851946 0.1017695 0.2055224 0.1606981 0.1423832 0.0971298 0.1038977 0.1273655 0.1579494 0.1264066 0.0637794 0.1257254 0.1309014 0.0661362 0.1560176 0.1156714 0.0500523 0.1986635 0.0977969 0.0887330 0.2000959 0.1321309 0.1291174 0.0975777 0.0737041 0.1140994 0.1000413 0.1109410 0.0966415 0.1703886 0.1486114 0.0654903 0.0998687 0.0964296 0.1054475 0.0822725 0.1222737 0.1792784 0.0856749 
S0335         0.2764057 0.1036160 0.1008597 0.1210605 0.1663941 0.1007527 0.1467723 0.1073578 0.0928789 0.1249515 0.1528025 0.1278091 0.1379737 0.1387900 0.1284326 0.1324559 0.1252202 0.0000000 0.0854861 0.1334366 0.1237124 0.0986857 0.0976431 0.1236890 0.1232585 0.1050775 0.1062276 0.1327805 0.1128826 0.1333972 0.1048152 0.0890057 0.1375943 0.1226264 0.1574839 0.1119371 0.1146459 0.0970586 0.1178404 0.0968892 0.1271718 0.1160448 0.1015854 0.1360234 0.1386340 0.1765450 0.1114096 0.1309859 0.0976874 0.1004692 0.0881273 0.1073840 0.1020708 0.1054126 0.1055128 0.1149471 0.1353365 0.1122743 0.1638886 0.1099087 0.1145462 0.0827339 0.1259122 0.1365568 0.0945838 0.0884785 0.0973333 0.0940319 0.1416041 0.1454097 0.1858064 0.1165911 0.1369987 0.1428863 0.1004339 0.1039113 0.1787548 0.1012131 0.1777915 0.1233054 0.0979183 0.0831757 0.1657724 0.1270563 0.0945225 0.1819436 0.0986672 0.1316853 0.0809749 0.1028214 0.1147661 0.1116576 0.1340380 0.1120004 0.1256659 0.1304317 0.1386467 0.1347908 0.0959212 0.1499474 0.0717941 0.0956375 0.1067791 0.0965650 0.1012445 0.1068650 0.1100742 0.1064838 0.0915960 0.0922590 0.1142216 0.1321529 0.1148655 0.1182764 0.1455191 0.1194791 0.0978793 0.1481062 0.0970545 0.0585420 0.1068525 0.1286690 0.1115821 0.1282695 0.1088024 0.1009591 0.0771695 0.0391079 0.1153357 0.0923082 0.0869487 0.1105500 0.0741419 0.0548666 0.1373893 0.0802714 
S0345         0.3216867 0.1332886 0.1282341 0.1798137 0.2078370 0.1162410 0.2066247 0.1482652 0.1415483 0.1399297 0.1967027 0.1798192 0.1861119 0.1838705 0.1673103 0.1751873 0.1822310 0.0854861 0.0000000 0.1844557 0.1420623 0.1143546 0.1336814 0.1686448 0.1578534 0.1585659 0.1288925 0.1567736 0.1572253 0.1906663 0.1374668 0.1366692 0.1789348 0.1502334 0.1797203 0.1569796 0.1364282 0.1317157 0.1602662 0.1387022 0.1765445 0.1497955 0.1107561 0.1522036 0.1830733 0.2121773 0.1368665 0.1785926 0.1233704 0.1298063 0.1402960 0.1285167 0.1187421 0.1310665 0.1126474 0.1523783 0.1541641 0.1716218 0.2299546 0.1588877 0.1691295 0.1204994 0.1447588 0.1900487 0.1399214 0.1384306 0.1541737 0.1395500 0.2010525 0.1779120 0.2267056 0.1604766 0.1634955 0.1928319 0.1452252 0.1446444 0.2140465 0.1247433 0.2229412 0.2484476 0.1473739 0.1087989 0.1884566 0.1418971 0.1258233 0.2236156 0.1221422 0.1610177 0.1180300 0.1394512 0.1671011 0.1609433 0.1863304 0.1711797 0.1807766 0.1699298 0.1886726 0.1838108 0.1279753 0.1986079 0.0571902 0.1400846 0.1266537 0.1217350 0.1472909 0.1507586 0.1523868 0.1388742 0.1317447 0.1235951 0.1553903 0.1640520 0.1405517 0.1639072 0.1786732 0.1726896 0.1104131 0.1761674 0.1314572 0.0880816 0.1298807 0.1850855 0.1426244 0.1853136 0.1357697 0.1312274 0.0593006 0.0981217 0.1647621 0.1403184 0.1325493 0.1525381 0.1045367 0.0819572 0.1747550 0.1249592 
S0355         0.2947429 0.1326549 0.1300172 0.1600059 0.1746232 0.1350724 0.0378400 0.1483184 0.1367195 0.1544615 0.1858132 0.1632369 0.0330644 0.0740648 0.1705561 0.0316190 0.1931746 0.1334366 0.1844557 0.0000000 0.1402564 0.1382120 0.1407141 0.1501934 0.1581494 0.1362027 0.1373561 0.1554187 0.1556831 0.0292576 0.1465759 0.1201199 0.1671440 0.0786487 0.0333278 0.1497902 0.1539628 0.1267415 0.1616174 0.1400037 0.1662249 0.1618665 0.1403153 0.1537083 0.0334677 0.1980769 0.1544930 0.0311421 0.1369369 0.1356110 0.1265362 0.1397930 0.1422669 0.1389693 0.1374518 0.1535254 0.1570101 0.1491303 0.1201454 0.1550005 0.1542299 0.1215289 0.1737046 0.0778282 0.1325324 0.1200035 0.1243034 0.1279218 0.1782711 0.1598621 0.2046706 0.1571416 0.1027340 0.0926975 0.1362828 0.1426812 0.1975574 0.1358623 0.1965197 0.1773932 0.1355025 0.1521290 0.1065153 0.1593562 0.1395379 0.1942229 0.1357506 0.1604633 0.1214468 0.1397886 0.1581374 0.1602773 0.0299632 0.1549272 0.1545429 0.0910915 0.0352943 0.0293509 0.1387574 0.1007649 0.1487414 0.1421692 0.1406748 0.1398956 0.1414319 0.1598245 0.1520162 0.1464280 0.1408053 0.1331694 0.1503331 0.1554178 0.1502721 0.1409554 0.1613338 0.1658260 0.1299961 0.1627175 0.1328371 0.1398664 0.1441610 0.1572256 0.1413028 0.1688296 0.1379570 0.1431493 0.1651017 0.1468643 0.1578832 0.1221301 0.1294675 0.1593478 0.1042020 0.1421180 0.1485706 0.1222651 
S0376         0.2954402 0.0991377 0.0861371 0.1274109 0.1447130 0.0866877 0.1557273 0.1229701 0.1026207 0.0997825 0.1403559 0.1267274 0.1502272 0.1414033 0.1401578 0.1379486 0.1622521 0.1237124 0.1420623 0.1402564 0.0000000 0.0896745 0.0894927 0.1322367 0.1122958 0.1131495 0.0976885 0.0404902 0.1206019 0.1406657 0.1146772 0.0902140 0.1319017 0.1181495 0.1615667 0.1163397 0.1001255 0.0870091 0.1320409 0.1049043 0.1233278 0.1141052 0.0850541 0.1242734 0.1475086 0.1670935 0.1090832 0.1376167 0.1008634 0.0822731 0.0973571 0.1016526 0.0912231 0.1032301 0.1034252 0.1094347 0.1221333 0.1149303 0.1613260 0.1127653 0.1212273 0.0885982 0.1312900 0.1395626 0.0983503 0.0961453 0.1007078 0.0954577 0.1354945 0.1254865 0.1679882 0.1205538 0.1327959 0.1482714 0.1035399 0.1085978 0.1668240 0.0974902 0.1675713 0.1411185 0.1180279 0.1141420 0.1551477 0.1151751 0.1010839 0.1708980 0.0834878 0.1162219 0.0931641 0.1138164 0.1104199 0.1215106 0.1438523 0.1168462 0.1324492 0.1317574 0.1456220 0.1440856 0.0868223 0.1449229 0.1296137 0.1112244 0.0897213 0.0911503 0.0940078 0.1267333 0.1019365 0.0991293 0.1064336 0.1034430 0.1268105 0.1117937 0.1094010 0.1198192 0.1269861 0.1206864 0.0863475 0.1315339 0.0999153 0.1034723 0.0904121 0.1256978 0.0895311 0.1316902 0.0926820 0.0988584 0.1451286 0.1293968 0.1139092 0.0988585 0.0971980 0.1186505 0.0843349 0.1106694 0.0393442 0.0972261 
S0400         0.2544174 0.0606681 0.0729850 0.1093456 0.1357284 0.0185639 0.1531627 0.0973027 0.0866240 0.0302986 0.1005399 0.1065771 0.1313076 0.1339989 0.1062848 0.1310025 0.0965069 0.0986857 0.1143546 0.1382120 0.0896745 0.0000000 0.0300704 0.1081284 0.0858822 0.0910388 0.0819300 0.1029220 0.0888851 0.1396840 0.0825281 0.0860844 0.0976290 0.1085434 0.1287948 0.0970361 0.0473003 0.0255724 0.1029620 0.0843219 0.0982108 0.0857893 0.0224825 0.1129214 0.1408284 0.1538198 0.0709618 0.1307898 0.0809665 0.0283383 0.0864594 0.0854133 0.0176115 0.0834798 0.0865486 0.1032775 0.1123044 0.0970785 0.1592009 0.0871246 0.1042419 0.0730468 0.0921065 0.1385807 0.0915924 0.0900176 0.0954379 0.0909815 0.1103053 0.1270921 0.1508580 0.0964289 0.1355811 0.1336091 0.0926486 0.0969722 0.1506119 0.0852839 0.1535131 0.0974002 0.1045940 0.0960375 0.1419803 0.0671831 0.0868141 0.1589317 0.0252133 0.0768444 0.0819324 0.0833132 0.0883944 0.0955299 0.1341344 0.0955223 0.1089309 0.1294768 0.1408533 0.1372094 0.0260748 0.1395771 0.1110531 0.0925866 0.0300480 0.0291576 0.0625067 0.1003655 0.0675764 0.0830128 0.0866046 0.0859942 0.1042277 0.0700235 0.0924205 0.0967110 0.1271797 0.0933450 0.0120119 0.1271754 0.0870329 0.0861919 0.0333840 0.1131490 0.0573918 0.1184267 0.0598075 0.0750238 0.1192291 0.1068091 0.0925468 0.0857848 0.0816672 0.1050062 0.0661318 0.0874877 0.1051532 0.0796687 
S0405         0.2582052 0.0607380 0.0781200 0.1094073 0.1411058 0.0330737 0.1518909 0.1009957 0.0911455 0.0446408 0.1064648 0.1101117 0.1410630 0.1353427 0.1165386 0.1358561 0.1177801 0.0976431 0.1336814 0.1407141 0.0894927 0.0300704 0.0000000 0.1105162 0.0816476 0.0922817 0.0853113 0.1042182 0.0866414 0.1410518 0.0882469 0.0850550 0.0929554 0.1132390 0.1445417 0.1005235 0.0412296 0.0233747 0.1063067 0.0844137 0.1040196 0.0845116 0.0263567 0.1141214 0.1409952 0.1576665 0.0699013 0.1319655 0.0848729 0.0293442 0.0854387 0.0888267 0.0320903 0.0868904 0.0899831 0.0999693 0.1123606 0.0995190 0.1583253 0.0916654 0.1066391 0.0763564 0.1066751 0.1412748 0.0880519 0.0867404 0.0943963 0.0922298 0.1018286 0.1301625 0.1548149 0.1063709 0.1426504 0.1386082 0.0906025 0.0959956 0.1531600 0.0887337 0.1561350 0.0977247 0.1082269 0.0995491 0.1552024 0.0704396 0.0913473 0.1613674 0.0271760 0.0769639 0.0852712 0.0867505 0.0940764 0.1013846 0.1337313 0.0990422 0.1136925 0.1308068 0.1381566 0.1373699 0.0222918 0.1424576 0.1146188 0.0960701 0.0320388 0.0204871 0.0603239 0.1095627 0.0688996 0.0875076 0.0933849 0.0916593 0.1064343 0.0746074 0.0958965 0.1021540 0.1302527 0.0955726 0.0292719 0.1302482 0.0949890 0.0908345 0.0344106 0.1145153 0.0564412 0.1198519 0.0609208 0.0783000 0.1206073 0.1092482 0.0959706 0.0825226 0.0872190 0.1071710 0.0661765 0.0908645 0.1077017 0.0830320 
S0407sl       0.2914548 0.1108643 0.1087286 0.0518507 0.1692905 0.1101899 0.1642067 0.0431905 0.1165465 0.1240269 0.1568728 0.0614103 0.1519765 0.1430021 0.0602540 0.1366747 0.0632617 0.1236890 0.1686448 0.1501934 0.1322367 0.1081284 0.1105162 0.0000000 0.1231134 0.0487545 0.1136414 0.1377608 0.0670207 0.1460861 0.0614801 0.1073217 0.1341646 0.1285349 0.1559334 0.0528574 0.1276275 0.1065178 0.0538760 0.0725694 0.0947276 0.1241597 0.1075270 0.1407976 0.1475155 0.1652003 0.1192418 0.1390901 0.1076859 0.1039282 0.1052762 0.1148158 0.1092860 0.1128364 0.1159151 0.1281142 0.1439726 0.0804324 0.1837432 0.0817691 0.0876133 0.0968924 0.0601779 0.1448364 0.1185169 0.1125283 0.1185507 0.1162223 0.1560061 0.1602219 0.1672516 0.1203225 0.1597411 0.1525634 0.1116338 0.1139207 0.1600841 0.1136391 0.1661722 0.1092515 0.1173837 0.1310852 0.1737732 0.1401160 0.1165339 0.1690909 0.1069746 0.1442165 0.1015987 0.0550998 0.0830379 0.0911766 0.1476391 0.0813080 0.0547085 0.1454635 0.1531477 0.1465940 0.1076068 0.1600536 0.1438896 0.1193685 0.1152296 0.1060843 0.1102981 0.1334619 0.1346888 0.0832127 0.1198083 0.1172436 0.0455200 0.1355431 0.1224457 0.0201654 0.1585932 0.0937412 0.1002178 0.1694023 0.1120726 0.1149425 0.1153761 0.0569866 0.1166607 0.1067128 0.1171349 0.1117339 0.1473338 0.1299678 0.0846892 0.1140465 0.1000694 0.1224718 0.0914909 0.1108554 0.1360934 0.0974690 
S0412sl       0.2761545 0.0807586 0.1016338 0.1219824 0.1618246 0.0837039 0.1623148 0.1108665 0.1129487 0.0966415 0.1332186 0.1312761 0.1575961 0.1515554 0.1313167 0.1498971 0.1275997 0.1232585 0.1578534 0.1581494 0.1122958 0.0858822 0.0816476 0.1231134 0.0000000 0.1124286 0.1066023 0.1128743 0.1152795 0.1481131 0.1120874 0.1115230 0.0952690 0.1154948 0.1527780 0.1237639 0.0894396 0.0762667 0.1298503 0.1028391 0.1316181 0.0943744 0.0842070 0.1306936 0.1484603 0.1681708 0.0681492 0.1456599 0.1023185 0.0809631 0.1105406 0.1103352 0.0860835 0.1106819 0.1111178 0.1249167 0.1272307 0.1206965 0.1744817 0.1085757 0.1240617 0.0975707 0.1297972 0.1559271 0.1186551 0.1155127 0.1200338 0.1180037 0.1253637 0.1519186 0.1664289 0.1178490 0.1508112 0.1496681 0.1135134 0.1194558 0.1688060 0.1092785 0.1718097 0.1320463 0.1271712 0.1272818 0.1720839 0.1087449 0.1117307 0.1760582 0.0782701 0.1128562 0.1027520 0.1049892 0.1160846 0.1213515 0.1450376 0.1195083 0.1253500 0.1342716 0.1507349 0.1469959 0.0790269 0.1518763 0.1342792 0.1116923 0.0837776 0.0806891 0.0817075 0.1263116 0.1011553 0.1056347 0.1140943 0.1086169 0.1212674 0.1134021 0.1201751 0.1196027 0.1533645 0.1223023 0.0806006 0.1520202 0.1117480 0.1125797 0.0869262 0.1309054 0.0907408 0.1432467 0.0875138 0.0914503 0.1462653 0.1257486 0.1147952 0.1146143 0.1075568 0.1251625 0.0918854 0.1088278 0.1142780 0.1052558 
S0417         0.2834707 0.0962761 0.1011566 0.0465568 0.1448985 0.0923397 0.1498541 0.0387155 0.0982246 0.1119163 0.1457273 0.0517074 0.1374147 0.1323357 0.0503872 0.1211896 0.0622027 0.1050775 0.1585659 0.1362027 0.1131495 0.0910388 0.0922817 0.0487545 0.1124286 0.0000000 0.0990886 0.1182765 0.0563105 0.1360583 0.0471893 0.0929233 0.1218361 0.1315405 0.1376662 0.0497395 0.1123218 0.0900215 0.0518501 0.0576166 0.0798969 0.1121373 0.0866496 0.1224764 0.1328564 0.1589094 0.1033041 0.1287504 0.0818436 0.0818978 0.0943806 0.1002791 0.0920993 0.0968975 0.1000754 0.1125059 0.1255953 0.0707966 0.1653336 0.0668033 0.0693017 0.0858539 0.0569140 0.1253295 0.1012405 0.0993359 0.1007581 0.0981526 0.1452107 0.1417596 0.1541641 0.1069713 0.1444733 0.1421057 0.1038101 0.1096267 0.1579410 0.0976480 0.1670685 0.0939785 0.1113083 0.1092414 0.1574023 0.1149926 0.1009613 0.1660441 0.0852700 0.1241425 0.0943737 0.0471151 0.0704942 0.0731585 0.1376967 0.0717163 0.0504579 0.1357602 0.1419126 0.1365422 0.0882936 0.1487071 0.1176990 0.1073433 0.0934918 0.0911263 0.0972578 0.1183252 0.1159394 0.0649932 0.1043816 0.1025679 0.0421943 0.1156004 0.1079545 0.0499558 0.1401310 0.0740754 0.0854428 0.1449437 0.0965294 0.0935740 0.0944256 0.0517886 0.1011493 0.0887538 0.0961763 0.0951088 0.1280249 0.1151223 0.0709671 0.0997036 0.0950610 0.1121802 0.0816366 0.0960880 0.1166754 0.0865653 
S0419         0.2549915 0.0855050 0.0064416 0.1148058 0.0796119 0.0863411 0.1454992 0.1001737 0.0891495 0.0923186 0.1277153 0.1084495 0.1383384 0.1253466 0.1208779 0.1300927 0.1036436 0.1062276 0.1288925 0.1373561 0.0976885 0.0819300 0.0853113 0.1136414 0.1066023 0.0990886 0.0000000 0.1114029 0.0997086 0.1363486 0.0943770 0.0890978 0.1132667 0.1138972 0.1481979 0.1010284 0.0946092 0.0781030 0.1044369 0.0825252 0.1058855 0.1055265 0.0835139 0.0474827 0.1362447 0.1532735 0.0968685 0.1287200 0.0826645 0.0789838 0.0940106 0.0054639 0.0865467 0.0063952 0.0094792 0.1060864 0.0496291 0.0951639 0.1615497 0.0936386 0.1024080 0.0721909 0.1089939 0.1313166 0.0982041 0.0954148 0.1032826 0.0963044 0.1222243 0.0711632 0.1571788 0.0970763 0.1319710 0.1289932 0.0971726 0.1014983 0.1568283 0.0083128 0.1584473 0.1137165 0.1088650 0.0984500 0.1475004 0.1113304 0.0915678 0.1614005 0.0797659 0.1163929 0.0855415 0.0906205 0.0951238 0.1032721 0.1346770 0.0986386 0.1093248 0.1250000 0.1419846 0.1381517 0.0772059 0.1449353 0.1144826 0.0996879 0.0840043 0.0843681 0.0875021 0.1099783 0.0985384 0.0879586 0.0891470 0.0907539 0.1034683 0.1104704 0.0138143 0.1042463 0.0723162 0.1056917 0.0788502 0.0769215 0.0964349 0.0958083 0.0838079 0.1161370 0.0849742 0.1206072 0.0865895 0.0948755 0.1196768 0.1098123 0.0953779 0.0933464 0.0855403 0.1004094 0.0632865 0.0936790 0.1191253 0.0832509 
S0427         0.3110981 0.1084652 0.0935097 0.1356551 0.1559268 0.0978350 0.1676417 0.1278628 0.1161748 0.1107661 0.1516466 0.1323170 0.1587222 0.1513812 0.1472399 0.1508005 0.1776647 0.1327805 0.1567736 0.1554187 0.0404902 0.1029220 0.1042182 0.1377608 0.1128743 0.1182765 0.1114029 0.0000000 0.1231976 0.1502802 0.1225336 0.1057441 0.1360994 0.1048803 0.1636916 0.1228429 0.1102384 0.0950129 0.1386419 0.1085013 0.1279711 0.1219824 0.0987692 0.1352662 0.1572851 0.1808628 0.1133553 0.1491516 0.1051195 0.0936859 0.1114714 0.1137277 0.1043621 0.1140893 0.1132486 0.1193246 0.1331104 0.1186695 0.1716553 0.1140409 0.1246794 0.0987146 0.1350190 0.1472337 0.1144195 0.1103287 0.1141542 0.1071776 0.1374909 0.1386115 0.1785283 0.1258644 0.1512697 0.1648138 0.1122727 0.1145656 0.1819431 0.1099451 0.1812473 0.1578720 0.1306516 0.1253890 0.1683349 0.1261812 0.1160615 0.1870385 0.0960118 0.1326152 0.1015900 0.1195726 0.1159551 0.1209442 0.1512182 0.1224504 0.1314315 0.1347327 0.1564152 0.1537171 0.0978834 0.1542028 0.1386988 0.1293597 0.1018504 0.1044367 0.0987758 0.1429016 0.1163916 0.1106896 0.1199915 0.1183179 0.1294039 0.1241742 0.1186276 0.1166132 0.1374253 0.1212601 0.0987893 0.1459402 0.1149279 0.1237175 0.0987888 0.1355975 0.1055122 0.1462862 0.1056540 0.1040762 0.1601864 0.1391063 0.1187585 0.1091869 0.1036006 0.1264074 0.0968067 0.1238689 0.0513394 0.1049695 
S0428sl       0.2793440 0.1005273 0.0963629 0.0645878 0.1564766 0.0933699 0.1646546 0.0622103 0.1025847 0.0991207 0.1415201 0.0674964 0.1562506 0.1446889 0.0795425 0.1423922 0.0555138 0.1128826 0.1572253 0.1556831 0.1206019 0.0888851 0.0866414 0.0670207 0.1152795 0.0563105 0.0997086 0.1231976 0.0000000 0.1491601 0.0557804 0.0983825 0.1201542 0.1351729 0.1589075 0.0632711 0.1104340 0.0859862 0.0610815 0.0595055 0.0908729 0.1110567 0.0914192 0.1285555 0.1518677 0.1555366 0.1005178 0.1411278 0.0901860 0.0848119 0.0977876 0.1008445 0.0875653 0.0988889 0.1002276 0.1225422 0.1304020 0.0719811 0.1786990 0.0711777 0.0756993 0.0872618 0.0518302 0.1486436 0.1019791 0.1061312 0.1069270 0.1046944 0.1390567 0.1489669 0.1488778 0.1193798 0.1542529 0.1489622 0.1103351 0.1138027 0.1564393 0.0997099 0.1621073 0.1009489 0.1175197 0.1169085 0.1750045 0.1200484 0.0993026 0.1678859 0.0855795 0.1338949 0.0940379 0.0505505 0.0757319 0.0790446 0.1453673 0.0716944 0.0701879 0.1465455 0.1577093 0.1537743 0.0862789 0.1542649 0.1337294 0.1123883 0.0934373 0.0891367 0.0993252 0.1183441 0.1169876 0.0736341 0.1083292 0.1066187 0.0622115 0.1255508 0.1035252 0.0628255 0.1477652 0.0805700 0.0846767 0.1520919 0.1041971 0.1010361 0.0944629 0.0694590 0.1049850 0.0893542 0.1028345 0.1004600 0.1382314 0.1189774 0.0751092 0.1017655 0.0948496 0.1090950 0.0819809 0.1020535 0.1317642 0.0867395 
