92
S0055       0.0000000 0.0611155 0.0612656 0.0945170 0.0798287 0.0518984 0.0843589 0.1245474 0.0904859 0.0692746 0.0686820 0.0534874 0.0660432 0.0795676 0.0747018 0.0547074 0.0851609 0.0880672 0.0688357 0.0611416 0.0782293 0.0746010 0.0588698 0.0652511 0.0859365 0.1114979 0.0835587 0.0846103 0.0525568 0.0658198 0.0529406 0.0568427 0.0612624 0.0571813 0.0958686 0.1040994 0.0810444 0.0800474 0.0913027 0.0975306 0.0697240 0.0990653 0.1004531 0.0767031 0.0604541 0.0607632 0.0684647 0.1094483 0.0565216 0.0608257 0.0706051 0.0799447 0.0770280 0.1247692 0.0621201 0.0803067 0.0565687 0.0999925 0.0719723 0.0524352 0.0486871 0.0245920 0.0648866 0.0321680 0.0794360 0.0560660 0.0561565 0.0689593 0.0739172 0.0616386 0.0993370 0.0612217 0.0570934 0.0894046 0.0522252 0.0618613 0.0530326 0.0914710 0.0571686 0.1124306 0.0525132 0.0789676 0.0591658 0.0689855 0.0747395 0.0602240 0.0442652 0.1379866 0.0748594 0.0654336 0.0837246 0.0523642 
S0281       0.0611155 0.0000000 0.0816491 0.0689131 0.0683535 0.0573650 0.0825817 0.0914387 0.0648889 0.0678368 0.0966619 0.0734041 0.0825485 0.0831924 0.0675574 0.0571049 0.0782209 0.1016306 0.0718431 0.0745569 0.0669353 0.0827323 0.0801623 0.0176799 0.0605266 0.1098749 0.1014341 0.0596017 0.0766540 0.0252613 0.0772612 0.0213378 0.0214228 0.0178815 0.0813763 0.0825848 0.0785484 0.0372539 0.1095682 0.0706236 0.0711509 0.0905982 0.1104017 0.0716415 0.0674185 0.0935251 0.0659224 0.1148177 0.0810021 0.0856642 0.0686378 0.0683721 0.0805336 0.0866608 0.0745469 0.0560428 0.0763811 0.0784893 0.0932991 0.0764696 0.0724557 0.0574908 0.0709349 0.0663449 0.0877821 0.0575654 0.0662593 0.0658113 0.0812840 0.0215447 0.1134764 0.0684485 0.0680811 0.0453873 0.0577387 0.0735509 0.0773975 0.0845133 0.0761209 0.1107129 0.0765864 0.0822819 0.0745881 0.0753566 0.0736360 0.0760051 0.0408140 0.1291156 0.0374465 0.0819195 0.1018112 0.0571450 
S0282       0.0612656 0.0816491 0.0000000 0.0922769 0.0779468 0.0540391 0.0776049 0.1231284 0.0828539 0.0710003 0.0942262 0.0140304 0.0719876 0.0769676 0.0843271 0.0400402 0.0988287 0.0887780 0.0900382 0.0289450 0.0802150 0.0795478 0.0046600 0.0668716 0.0835238 0.1044592 0.0934778 0.0822079 0.0102761 0.0763848 0.0138988 0.0757193 0.0715382 0.0629438 0.0890306 0.0890799 0.0878240 0.0915299 0.1021920 0.0838593 0.0783265 0.1015919 0.0885124 0.0898171 0.0717998 0.0665655 0.0668120 0.0914176 0.0173249 0.0395922 0.0723992 0.0868783 0.0996106 0.1128807 0.0822593 0.0803372 0.0173384 0.0833214 0.0886371 0.0137782 0.0138767 0.0492929 0.0765936 0.0491957 0.0826731 0.0584015 0.0543575 0.0902049 0.0359999 0.0719950 0.1042806 0.0658750 0.0101993 0.1014220 0.0543946 0.0679819 0.0247973 0.0990320 0.0211116 0.1154677 0.0173307 0.0751657 0.0701801 0.0809692 0.0769184 0.0669961 0.0664712 0.1747915 0.0767722 0.0716458 0.1030998 0.0665357 
S0288       0.0945170 0.0689131 0.0922769 0.0000000 0.0807903 0.0702902 0.0922037 0.0894939 0.0139842 0.0795703 0.0818925 0.0838065 0.0773844 0.0905656 0.0705081 0.0564716 0.0966498 0.0803790 0.0821124 0.0905583 0.0787794 0.0852951 0.0934133 0.0496493 0.0033915 0.1083910 0.1062664 0.0067693 0.0916394 0.0500795 0.0877293 0.0496610 0.0457081 0.0459217 0.0886134 0.0486615 0.0974580 0.0726566 0.1135452 0.0452190 0.1142732 0.1232075 0.0978801 0.0940195 0.0864795 0.1235553 0.0754693 0.1134998 0.0915226 0.1060772 0.0759566 0.0757160 0.0911140 0.0743708 0.0239501 0.0197572 0.0867067 0.0528750 0.1116588 0.0868076 0.0826935 0.0843641 0.0899798 0.0914846 0.0966993 0.0698006 0.0801631 0.0822621 0.0968841 0.0459870 0.1176205 0.0711969 0.0830280 0.0820013 0.0758686 0.0872020 0.1023637 0.0918848 0.0973830 0.1250905 0.0915566 0.0849665 0.0936853 0.1058627 0.0810226 0.0955271 0.0705013 0.1505466 0.0535502 0.0957185 0.0947707 0.0794045 
S0289       0.0798287 0.0683535 0.0779468 0.0807903 0.0000000 0.0451045 0.0783634 0.0859924 0.0821662 0.0214161 0.0637695 0.0742131 0.0904815 0.0413296 0.0533443 0.0411805 0.0711217 0.0988997 0.0194383 0.0719553 0.0290797 0.0671930 0.0737213 0.0580159 0.0679085 0.1141066 0.1008296 0.0713018 0.0773954 0.0622447 0.0781071 0.0579950 0.0625144 0.0499307 0.0484649 0.0905809 0.0727027 0.0817427 0.0927993 0.0692141 0.0643911 0.0712970 0.1074394 0.0684018 0.0631682 0.1014759 0.0532759 0.1119432 0.0818818 0.0727287 0.0106128 0.0625602 0.0248406 0.0954452 0.0826878 0.0795859 0.0772077 0.0766404 0.0696394 0.0727948 0.0732432 0.0714328 0.0569927 0.0762773 0.0498369 0.0492758 0.0536219 0.0144730 0.0965725 0.0629060 0.0113930 0.0456012 0.0735370 0.0819008 0.0410082 0.0641012 0.0875666 0.0378513 0.0827928 0.0707224 0.0773265 0.0847653 0.0575359 0.0811651 0.0587548 0.0628469 0.0491980 0.1286639 0.0535461 0.0722922 0.0752874 0.0575352 
S0292       0.0518984 0.0573650 0.0540391 0.0702902 0.0451045 0.0000000 0.0722692 0.0753651 0.0664304 0.0529264 0.0811512 0.0462034 0.0665455 0.0625131 0.0569816 0.0263240 0.0537737 0.0796263 0.0693022 0.0488877 0.0560273 0.0708384 0.0535123 0.0482610 0.0622113 0.0970984 0.0752352 0.0612956 0.0453944 0.0568554 0.0457272 0.0482441 0.0524872 0.0405563 0.0697786 0.0703463 0.0540692 0.0704884 0.0790533 0.0637397 0.0583886 0.0708284 0.0915693 0.0455989 0.0445319 0.0664066 0.0318574 0.0750684 0.0493674 0.0577372 0.0493651 0.0618078 0.0775700 0.0844222 0.1042137 0.0727350 0.0452349 0.0752654 0.0640512 0.0452874 0.0415061 0.0403840 0.0324142 0.0445707 0.0711460 0.0067899 0.0139080 0.0694274 0.0622592 0.0528023 0.0706948 0.0575212 0.0458588 0.0795113 0.0139167 0.0455539 0.0495258 0.0678717 0.0499385 0.0940752 0.0453562 0.0706804 0.0436058 0.0527056 0.0623337 0.0403623 0.0361394 0.1313675 0.0571343 0.0491391 0.0753560 0.0361732 
S0294       0.0843589 0.0825817 0.0776049 0.0922037 0.0783634 0.0722692 0.0000000 0.1360553 0.0992222 0.0758006 0.1033159 0.0785941 0.1029588 0.0820036 0.0964795 0.0722729 0.1197867 0.1208524 0.0708185 0.0822643 0.0945097 0.0947096 0.0868260 0.0716039 0.0889091 0.1270525 0.0865151 0.0928841 0.0680428 0.0718807 0.0824858 0.0669978 0.0717016 0.0679960 0.0757345 0.1106455 0.1204274 0.0855593 0.1390485 0.0853350 0.0989040 0.1188181 0.1149281 0.1092216 0.0819606 0.1074808 0.0769279 0.0949011 0.0862537 0.0863309 0.0638454 0.0816959 0.0923044 0.1305522 0.1085362 0.0821119 0.0863309 0.0991602 0.0943415 0.0725228 0.0775636 0.0764530 0.0723723 0.0768706 0.0880956 0.0769562 0.0626182 0.0708884 0.1013479 0.0721606 0.0843154 0.0712233 0.0776338 0.0857235 0.0724970 0.0732198 0.0823640 0.0975517 0.0824604 0.1110002 0.0770181 0.1105256 0.0711008 0.1011356 0.0855932 0.0861030 0.0759967 0.1407785 0.0817358 0.0862500 0.1058774 0.0899578 
S0308       0.1245474 0.0914387 0.1231284 0.0894939 0.0859924 0.0753651 0.1360553 0.0000000 0.0816853 0.0939850 0.1162596 0.1142768 0.1148425 0.0959968 0.0937068 0.0553412 0.1008545 0.1404656 0.1030895 0.1090618 0.0838776 0.1002318 0.1235506 0.0805401 0.0712643 0.1495177 0.1435546 0.0797726 0.1222315 0.0905665 0.1182524 0.0805107 0.0854517 0.0721317 0.0939618 0.1003706 0.1200202 0.1013645 0.1379478 0.0735457 0.1213431 0.1275744 0.1458405 0.1032389 0.0964858 0.1464103 0.1088257 0.1494686 0.1220725 0.1272168 0.0903523 0.0903576 0.1133675 0.0794771 0.0817861 0.0784339 0.1168310 0.0945612 0.1274696 0.1169641 0.1125925 0.1159125 0.1149460 0.1168283 0.1225350 0.0883094 0.0996535 0.1032803 0.1279552 0.0860111 0.1294149 0.0947142 0.1131565 0.1115476 0.0902503 0.1024624 0.1341484 0.1103304 0.1287260 0.1208581 0.1221177 0.1297092 0.1088099 0.1003229 0.0911429 0.1109979 0.0936963 0.1769475 0.0756291 0.1112225 0.1304562 0.1032423 
S0322       0.0904859 0.0648889 0.0828539 0.0139842 0.0821662 0.0664304 0.0992222 0.0816853 0.0000000 0.0809051 0.0720928 0.0744880 0.0741192 0.0921340 0.0672953 0.0704890 0.0935066 0.0864308 0.0784940 0.0813285 0.0748809 0.0867546 0.0746810 0.0458463 0.0034593 0.0995013 0.0972537 0.0068683 0.0822911 0.0462432 0.0783974 0.0458571 0.0419127 0.0421100 0.0901147 0.0535080 0.0933099 0.0686512 0.0949535 0.0459452 0.1025482 0.1189500 0.0947115 0.0898242 0.0731234 0.1192891 0.0805187 0.1291747 0.0821867 0.0963973 0.0772384 0.0717109 0.0875815 0.0624484 0.0000020 0.0203193 0.0774909 0.0578528 0.0896975 0.0775818 0.0735106 0.0804086 0.0859623 0.0874024 0.1083758 0.0659674 0.0762118 0.0786414 0.0873701 0.0421687 0.1141547 0.0723878 0.0738065 0.0779430 0.0719283 0.0785506 0.0926792 0.0934987 0.0878215 0.1222154 0.0822172 0.0818093 0.0759811 0.0969068 0.0769531 0.0914560 0.0666293 0.1418967 0.0497056 0.0870222 0.0916699 0.0754912 
S0327       0.0692746 0.0678368 0.0710003 0.0795703 0.0214161 0.0529264 0.0758006 0.0939850 0.0809051 0.0000000 0.0796499 0.0630381 0.0792436 0.0286291 0.0525175 0.0000010 0.0705943 0.0821796 0.0340344 0.0754565 0.0324293 0.0526099 0.0780311 0.0529915 0.0668911 0.0999502 0.0929572 0.0702441 0.0618867 0.0618540 0.0667990 0.0529728 0.0573466 0.0451067 0.0431714 0.0947243 0.0721520 0.0759270 0.0968514 0.0772209 0.0762754 0.0849978 0.0943491 0.0678842 0.0532919 0.0804860 0.0569945 0.0729017 0.0704583 0.0619020 0.0211806 0.0533133 0.0349335 0.0986285 0.0900589 0.0783001 0.0705189 0.0753917 0.0680657 0.0661365 0.0622512 0.0612215 0.0650100 0.0659185 0.0446462 0.0571851 0.0616357 0.0239570 0.0889688 0.0576979 0.0411810 0.0403082 0.0624908 0.0852095 0.0407140 0.0536598 0.0712100 0.0412959 0.0667807 0.0643466 0.0618340 0.0732886 0.0603330 0.0703938 0.0487588 0.0571485 0.0444592 0.1502518 0.0486694 0.0572399 0.0779559 0.0525630 
S0376       0.0686820 0.0966619 0.0942262 0.0818925 0.0637695 0.0811512 0.1033159 0.1162596 0.0720928 0.0796499 0.0000000 0.0982278 0.0574071 0.0881098 0.0343009 0.0000010 0.0825232 0.0561181 0.0619863 0.0949492 0.0874657 0.0745423 0.0883749 0.0810852 0.0761009 0.1062744 0.0456686 0.0757279 0.1019850 0.0756917 0.0967209 0.0690519 0.0754352 0.0698238 0.0855151 0.0975341 0.0981661 0.1166814 0.0712872 0.0786696 0.0882091 0.0955242 0.0838484 0.0928536 0.0691524 0.1045039 0.0872829 0.0000010 0.0890275 0.1085090 0.0735660 0.0865987 0.0818316 0.0820706 0.0696396 0.0699242 0.0890275 0.0827229 0.0675557 0.0826918 0.0887724 0.0815772 0.0754311 0.0821010 0.0950362 0.0875728 0.0873744 0.0736608 0.1094548 0.0760895 0.0975370 0.0569745 0.0878404 0.1238964 0.0757365 0.0748649 0.1169698 0.0964584 0.1032397 0.1141772 0.1018605 0.0501713 0.0513160 0.0894718 0.0866694 0.0576976 0.0685790 0.1605717 0.0804633 0.0819520 0.0293995 0.0627916 
S0400       0.0534874 0.0734041 0.0140304 0.0838065 0.0742131 0.0462034 0.0785941 0.1142768 0.0744880 0.0630381 0.0982278 0.0000000 0.0696288 0.0687929 0.0775210 0.0261371 0.0900682 0.0868182 0.0850035 0.0216477 0.0811662 0.0715175 0.0097268 0.0589266 0.0750885 0.0898860 0.0916217 0.0739051 0.0103768 0.0682644 0.0069287 0.0676699 0.0635104 0.0549994 0.0808662 0.0885209 0.0793033 0.0831272 0.0967894 0.0740182 0.0882952 0.1048660 0.0947353 0.0811010 0.0592160 0.0586052 0.0633082 0.0744994 0.0103652 0.0285072 0.0642799 0.0785291 0.0944463 0.1143163 0.0751451 0.0694310 0.0103733 0.0828095 0.0804313 0.0068690 0.0069180 0.0416046 0.0683874 0.0415249 0.0690643 0.0504920 0.0549652 0.0851632 0.0287263 0.0632318 0.1030292 0.0580527 0.0104609 0.0928960 0.0465065 0.0598499 0.0176634 0.0903506 0.0140345 0.1068581 0.0103687 0.0774374 0.0622494 0.0727255 0.0687463 0.0589809 0.0541834 0.1648563 0.0686141 0.0635483 0.1014594 0.0585775 
S0412sl     0.0660432 0.0825485 0.0719876 0.0773844 0.0904815 0.0665455 0.1029588 0.1148425 0.0741192 0.0792436 0.0574071 0.0696288 0.0000000 0.0901748 0.0616485 0.0394601 0.0766418 0.0490606 0.0895931 0.0778222 0.0950819 0.0849339 0.0731517 0.0675030 0.0689307 0.0980849 0.0410425 0.0678736 0.0683281 0.0681121 0.0688668 0.0675204 0.0633712 0.0636738 0.0882949 0.0773921 0.0988240 0.0924282 0.0945172 0.0846685 0.0848438 0.1061217 0.0681236 0.0783854 0.0661333 0.0899003 0.0754947 0.0728459 0.0726323 0.0961855 0.0808091 0.0813868 0.0990988 0.1008002 0.0737602 0.0809146 0.0726966 0.0733490 0.0821873 0.0681624 0.0597241 0.0623384 0.0807067 0.0714239 0.0853036 0.0710664 0.0711935 0.0897583 0.0823882 0.0637741 0.1276829 0.0709107 0.0633488 0.1024236 0.0669889 0.0777335 0.0781701 0.0982491 0.0735174 0.1046357 0.0682678 0.0572335 0.0655365 0.0760237 0.0851478 0.0755602 0.0759724 0.1524481 0.0715631 0.0814275 0.0703289 0.0760467 
S0417       0.0795676 0.0831924 0.0769676 0.0905656 0.0413296 0.0625131 0.0820036 0.0959968 0.0921340 0.0286291 0.0881098 0.0687929 0.0901748 0.0000000 0.0620173 0.0125761 0.0811430 0.0930662 0.0402401 0.0815806 0.0489969 0.0494926 0.0802410 0.0625974 0.0773513 0.1062245 0.1045609 0.0807221 0.0675027 0.0719603 0.0726341 0.0625748 0.0671925 0.0543913 0.0519778 0.1066147 0.0781745 0.0868554 0.0982787 0.0834660 0.0848453 0.0963684 0.1001805 0.0785404 0.0629654 0.1013366 0.0667661 0.0897130 0.0763640 0.0675200 0.0291420 0.0629862 0.0469687 0.1106305 0.1033729 0.0927891 0.0764312 0.0862131 0.0781330 0.0718950 0.0678452 0.0712012 0.0751001 0.0716661 0.0537824 0.0669932 0.0716937 0.0403114 0.0954721 0.0676186 0.0550449 0.0450900 0.0681787 0.0900185 0.0497099 0.0537827 0.0771983 0.0589602 0.0726131 0.0743096 0.0630810 0.0837359 0.0701287 0.0761696 0.0581348 0.0669498 0.0535839 0.1658320 0.0580261 0.0670602 0.0886615 0.0620717 
S0427       0.0747018 0.0675574 0.0843271 0.0705081 0.0533443 0.0569816 0.0964795 0.0937068 0.0672953 0.0525175 0.0343009 0.0775210 0.0616485 0.0620173 0.0000000 0.0263240 0.0763074 0.0647250 0.0570389 0.0842089 0.0569478 0.0533028 0.0960462 0.0486831 0.0624032 0.0753047 0.0574668 0.0614818 0.0760543 0.0573663 0.0813628 0.0486659 0.0529522 0.0409891 0.0691886 0.0851420 0.0873727 0.0711477 0.0643419 0.0679943 0.0963677 0.0990858 0.0755160 0.0780366 0.0669502 0.1010144 0.0696482 0.0750684 0.0850838 0.0714761 0.0489814 0.0613219 0.0646197 0.0798975 0.0696952 0.0649260 0.0804364 0.0751692 0.0733697 0.0805288 0.0765184 0.0709834 0.0704453 0.0759515 0.0807647 0.0612936 0.0658071 0.0571408 0.0902256 0.0532731 0.1073427 0.0408208 0.0755471 0.0802684 0.0573500 0.0674197 0.0860197 0.0575110 0.0813382 0.0933047 0.0759877 0.0523125 0.0654611 0.0759349 0.0749684 0.0754723 0.0404476 0.1497823 0.0525046 0.0710549 0.0443959 0.0484422 
S0478       0.0547074 0.0571049 0.0400402 0.0564716 0.0411805 0.0263240 0.0722729 0.0553412 0.0704890 0.0000010 0.0000010 0.0261371 0.0394601 0.0125761 0.0263240 0.0000000 0.0589759 0.0394601 0.0000010 0.0569010 0.0263240 0.0261371 0.0000010 0.0405002 0.0274085 0.0464080 0.0716541 0.0405002 0.0261371 0.0405002 0.0261371 0.0405002 0.0405002 0.0405002 0.0689603 0.1038335 0.0589759 0.0405002 0.0000010 0.0730524 0.0000010 0.0896104 0.0406230 0.0417402 0.0565198 0.0857597 0.0263240 0.0729017 0.0545891 0.0402107 0.0134558 0.0274369 0.0000010 0.1266501 0.0000010 0.0748379 0.0547545 0.0885688 0.0536466 0.0261371 0.0268598 0.0401781 0.0567123 0.0554668 0.0406752 0.0263240 0.0266364 0.0000010 0.0402107 0.0405002 0.0000010 0.0256894 0.0264219 0.0553893 0.0128861 0.0280465 0.0261371 0.0566869 0.0402107 0.0538286 0.0261371 0.0403788 0.0393760 0.0125342 0.0129343 0.0552801 0.0403788 0.1196969 0.0264352 0.0261371 0.0256894 0.0263240 
S0552sl     0.0851609 0.0782209 0.0988287 0.0966498 0.0711217 0.0537737 0.1197867 0.1008545 0.0935066 0.0705943 0.0825232 0.0900682 0.0766418 0.0811430 0.0763074 0.0589759 0.0000000 0.1110832 0.0686817 0.0918875 0.0709155 0.1013239 0.0873756 0.0721707 0.0830899 0.1334795 0.1082290 0.0864795 0.0883027 0.0819826 0.0890356 0.0721442 0.0769806 0.0638297 0.0885164 0.1065475 0.0463138 0.0976198 0.0936360 0.0899063 0.0593327 0.0630377 0.1131658 0.0296973 0.0585749 0.0911065 0.0623429 0.1382318 0.0928799 0.1027646 0.0669848 0.0865310 0.0768617 0.0955931 0.0727973 0.0805848 0.0830198 0.0926033 0.0793131 0.0880847 0.0839095 0.0676518 0.0617903 0.0679960 0.0997857 0.0623757 0.0669855 0.0688049 0.0935645 0.0774821 0.1072543 0.0862910 0.0892956 0.1077970 0.0453839 0.0698569 0.0941647 0.0966748 0.0940548 0.1099624 0.0882219 0.0963694 0.0666267 0.0716176 0.0919197 0.0497642 0.0671174 0.1656104 0.0719124 0.0736144 0.0965329 0.0671831 
S0558       0.0880672 0.1016306 0.0887780 0.0803790 0.0988997 0.0796263 0.1208524 0.1404656 0.0864308 0.0821796 0.0561181 0.0868182 0.0490606 0.0930662 0.0647250 0.0394601 0.1110832 0.0000000 0.0935353 0.0950567 0.0979346 0.0788801 0.0968409 0.0751117 0.0810677 0.0944769 0.0616368 0.0798272 0.0804562 0.0757860 0.0858595 0.0751312 0.0709855 0.0711722 0.0911516 0.1007332 0.0905672 0.1003175 0.0833883 0.0973888 0.1106163 0.1257366 0.0666416 0.1089353 0.0893691 0.1157624 0.0841222 0.0728459 0.0895779 0.1087491 0.0837821 0.0935797 0.1030230 0.1194021 0.1030363 0.0992374 0.0896572 0.0900505 0.0863635 0.0849759 0.0763743 0.0796843 0.0944114 0.0895624 0.0992278 0.0843281 0.0754335 0.0937038 0.0885033 0.0714351 0.1145337 0.0653393 0.0799157 0.1103672 0.0801645 0.0807853 0.0905664 0.1011506 0.0858330 0.0960588 0.0803856 0.0521480 0.0741126 0.0803285 0.0928280 0.0889863 0.0789787 0.1614884 0.0791531 0.0844153 0.0647778 0.0702227 
S0624       0.0688357 0.0718431 0.0900382 0.0821124 0.0194383 0.0693022 0.0708185 0.1030895 0.0784940 0.0340344 0.0619863 0.0850035 0.0895931 0.0402401 0.0570389 0.0000010 0.0686817 0.0935353 0.0000000 0.0886403 0.0294669 0.0573324 0.0841082 0.0520044 0.0763069 0.1132260 0.0820457 0.0759319 0.0827883 0.0581826 0.0902862 0.0519791 0.0579964 0.0412072 0.0391478 0.0845370 0.0707401 0.0840894 0.0901132 0.0723412 0.0638647 0.0704889 0.1103112 0.0719255 0.0463713 0.0846065 0.0633340 0.0000010 0.0827883 0.0765550 0.0189396 0.0688769 0.0144565 0.0822916 0.0897571 0.0901389 0.0827883 0.0643848 0.0677050 0.0765550 0.0825514 0.0635358 0.0509323 0.0638601 0.0515760 0.0755025 0.0816770 0.0189634 0.1028445 0.0584876 0.0539880 0.0405579 0.0835909 0.0907120 0.0574104 0.0573360 0.0968258 0.0522717 0.0837867 0.0741514 0.0826889 0.0801396 0.0514337 0.0896706 0.0689907 0.0465128 0.0404461 0.1232967 0.0516302 0.0638857 0.0874187 0.0571065 
S0641       0.0611416 0.0745569 0.0289450 0.0905583 0.0719553 0.0488877 0.0822643 0.1090618 0.0813285 0.0754565 0.0949492 0.0216477 0.0778222 0.0815806 0.0842089 0.0569010 0.0918875 0.0950567 0.0886403 0.0000000 0.0877531 0.0751313 0.0196905 0.0657017 0.0819736 0.1042292 0.0949563 0.0807056 0.0249665 0.0750190 0.0214388 0.0743770 0.0702735 0.0618430 0.0844375 0.0969788 0.0813516 0.0898383 0.0934110 0.0730552 0.0712319 0.0857305 0.1033048 0.0728182 0.0716513 0.0767213 0.0656443 0.1144318 0.0249380 0.0363286 0.0628667 0.0805757 0.0914934 0.1090975 0.0719494 0.0731254 0.0212438 0.0911221 0.0793595 0.0212468 0.0214029 0.0491920 0.0661653 0.0490951 0.0874171 0.0530959 0.0574873 0.0888023 0.0404642 0.0707141 0.1103883 0.0532308 0.0251764 0.0900099 0.0450156 0.0633911 0.0327983 0.0971440 0.0289535 0.1104617 0.0249466 0.0764391 0.0614423 0.0708211 0.0815289 0.0668580 0.0609403 0.1446369 0.0753932 0.0669247 0.1000502 0.0609984 
S0645sl     0.0782293 0.0669353 0.0802150 0.0787794 0.0290797 0.0560273 0.0945097 0.0838776 0.0748809 0.0324293 0.0874657 0.0811662 0.0950819 0.0489969 0.0569478 0.0263240 0.0709155 0.0979346 0.0294669 0.0877531 0.0000000 0.0665515 0.0902678 0.0482618 0.0619754 0.1182924 0.0979200 0.0695580 0.0796383 0.0568584 0.0849740 0.0482450 0.0524890 0.0405560 0.0643875 0.0845309 0.0712232 0.0704956 0.1057739 0.0721340 0.0758712 0.0839002 0.1114105 0.0670118 0.0619058 0.0995552 0.0645897 0.1102803 0.0886589 0.0750587 0.0289601 0.0705928 0.0302537 0.0840353 0.0814391 0.0781648 0.0840129 0.0659594 0.0781643 0.0841081 0.0801219 0.0700034 0.0642092 0.0748917 0.0755091 0.0596961 0.0693280 0.0295186 0.1032739 0.0528042 0.0620108 0.0534018 0.0804367 0.0795217 0.0481248 0.0623351 0.0896277 0.0579488 0.0849481 0.0878378 0.0795691 0.0884579 0.0689663 0.0795133 0.0712244 0.0702452 0.0439246 0.1511090 0.0530450 0.0659326 0.0889605 0.0519242 
S0673       0.0746010 0.0827323 0.0795478 0.0852951 0.0671930 0.0708384 0.0947096 0.1002318 0.0867546 0.0526099 0.0745423 0.0715175 0.0849339 0.0494926 0.0533028 0.0261371 0.1013239 0.0788801 0.0573324 0.0751313 0.0665515 0.0000000 0.0894629 0.0622617 0.0768423 0.1017035 0.0896493 0.0756687 0.0701994 0.0670583 0.0752810 0.0578890 0.0624021 0.0540975 0.0693538 0.1060287 0.0968062 0.0770998 0.0982382 0.0815870 0.1057733 0.1177892 0.0910019 0.0990120 0.0713579 0.1059279 0.0798207 0.0744994 0.0789334 0.0616374 0.0535980 0.0488835 0.0590735 0.1002644 0.0916726 0.0862530 0.0790016 0.0951164 0.0865532 0.0745286 0.0751297 0.0754189 0.0852019 0.0751805 0.0763081 0.0754180 0.0743222 0.0574354 0.1027463 0.0627926 0.0897220 0.0172812 0.0708898 0.0865480 0.0667556 0.0718588 0.0797807 0.0585315 0.0752594 0.0934766 0.0701393 0.0614120 0.0784760 0.0896329 0.0485253 0.0755858 0.0532984 0.1357169 0.0662387 0.0708915 0.0746326 0.0617413 
S0690       0.0588698 0.0801623 0.0046600 0.0934133 0.0737213 0.0535123 0.0868260 0.1235506 0.0746810 0.0780311 0.0883749 0.0097268 0.0731517 0.0802410 0.0960462 0.0000010 0.0873756 0.0968409 0.0841082 0.0196905 0.0902678 0.0894629 0.0000000 0.0592408 0.0871831 0.1129455 0.0889607 0.0867256 0.0143695 0.0721496 0.0096007 0.0712844 0.0655510 0.0538578 0.0716870 0.0829472 0.0729899 0.0931286 0.0958318 0.0748494 0.0724590 0.0795630 0.1097921 0.0829217 0.0535111 0.0603005 0.0713169 0.0000010 0.0047069 0.0399550 0.0716613 0.0920100 0.0934138 0.1073714 0.0719494 0.0623784 0.0047069 0.0682186 0.0775910 0.0094870 0.0094870 0.0478924 0.0717480 0.0475887 0.0872591 0.0595706 0.0656364 0.0842648 0.0349705 0.0661272 0.1050818 0.0706532 0.0000023 0.1001019 0.0481372 0.0592022 0.0246569 0.1027753 0.0145189 0.1142796 0.0143540 0.0768331 0.0587509 0.0860117 0.0791580 0.0477794 0.0648057 0.1791638 0.0664277 0.0660132 0.1244561 0.0709033 
S0720       0.0652511 0.0176799 0.0668716 0.0496493 0.0580159 0.0482610 0.0716039 0.0805401 0.0458463 0.0529915 0.0810852 0.0589266 0.0675030 0.0625974 0.0486831 0.0405002 0.0721707 0.0751117 0.0520044 0.0657017 0.0482618 0.0622617 0.0592408 0.0000000 0.0418177 0.0858088 0.0794783 0.0412141 0.0578531 0.0067841 0.0626932 0.0067350 0.0033579 0.0000024 0.0613056 0.0632502 0.0771384 0.0174788 0.0923137 0.0510225 0.0717543 0.0856528 0.0870876 0.0670121 0.0576887 0.0842974 0.0564512 0.0925491 0.0663631 0.0706841 0.0494240 0.0575669 0.0594214 0.0759772 0.0633344 0.0488924 0.0620012 0.0540151 0.0826107 0.0620727 0.0581931 0.0532158 0.0611700 0.0663595 0.0815538 0.0484255 0.0567312 0.0520983 0.0754141 0.0033758 0.1011079 0.0492906 0.0584168 0.0248310 0.0485655 0.0538343 0.0670703 0.0679663 0.0574724 0.0880889 0.0578039 0.0662173 0.0647564 0.0750901 0.0668658 0.0659506 0.0319674 0.1342741 0.0175649 0.0616863 0.0797637 0.0395811 
S0724sl     0.0859365 0.0605266 0.0835238 0.0033915 0.0679085 0.0622113 0.0889091 0.0712643 0.0034593 0.0668911 0.0761009 0.0750885 0.0689307 0.0773513 0.0624032 0.0274085 0.0830899 0.0810677 0.0763069 0.0819736 0.0619754 0.0768423 0.0871831 0.0418177 0.0000000 0.1044880 0.0973627 0.0000029 0.0829516 0.0421776 0.0790281 0.0418273 0.0379124 0.0380903 0.0756959 0.0409461 0.0837935 0.0642905 0.1071126 0.0375097 0.1077939 0.1087871 0.0889831 0.0802544 0.0683198 0.1142728 0.0761098 0.0969106 0.0828456 0.0971859 0.0632526 0.0625506 0.0850470 0.0619724 0.0157321 0.0149168 0.0781070 0.0410346 0.0935156 0.0781992 0.0740953 0.0760044 0.0814557 0.0828144 0.0975581 0.0617798 0.0718367 0.0764466 0.0880800 0.0381423 0.1101653 0.0630098 0.0743958 0.0734753 0.0631757 0.0688898 0.0934412 0.0777390 0.0885384 0.1109393 0.0828766 0.0765453 0.0760668 0.0921269 0.0680989 0.0821440 0.0623975 0.1405971 0.0415997 0.0771842 0.0861689 0.0711620 
S0735       0.1114979 0.1098749 0.1044592 0.1083910 0.1141066 0.0970984 0.1270525 0.1495177 0.0995013 0.0999502 0.1062744 0.0898860 0.0980849 0.1062245 0.0753047 0.0464080 0.1334795 0.0944769 0.1132260 0.1042292 0.1182924 0.1017035 0.1129455 0.0858088 0.1044880 0.0000000 0.1196105 0.1031141 0.0982243 0.0966039 0.0940627 0.0956904 0.0910918 0.0815448 0.1101636 0.1273163 0.1212684 0.1138709 0.0353758 0.1127232 0.1363103 0.1536135 0.0609683 0.1315621 0.0819878 0.1191112 0.1180869 0.0682235 0.0980909 0.1086635 0.0966891 0.1189343 0.1243148 0.1372065 0.1215134 0.1096664 0.0981856 0.1202298 0.0942960 0.0930049 0.0882615 0.0971538 0.1140677 0.1031905 0.1141848 0.0973803 0.1077404 0.1134403 0.1123078 0.0917271 0.1713501 0.0859799 0.0943493 0.1250114 0.0978224 0.0835824 0.0992735 0.1196679 0.0921532 0.1083434 0.0981295 0.0752071 0.0856182 0.0981152 0.1072721 0.1025826 0.0849825 0.1922895 0.0968247 0.0875164 0.1122343 0.0948261 
S0742       0.0835587 0.1014341 0.0934778 0.1062664 0.1008296 0.0752352 0.0865151 0.1435546 0.0972537 0.0929572 0.0456686 0.0916217 0.0410425 0.1045609 0.0574668 0.0716541 0.1082290 0.0616368 0.0820457 0.0949563 0.0979200 0.0896493 0.0889607 0.0794783 0.0973627 0.1196105 0.0000000 0.0958130 0.0850896 0.0755119 0.0906031 0.0706103 0.0753237 0.0711910 0.0881765 0.1081523 0.1189649 0.1050514 0.0932916 0.1044675 0.0954093 0.1201986 0.0975857 0.1087493 0.0941044 0.1008915 0.0887573 0.1119302 0.0943252 0.1039277 0.0899594 0.0955207 0.1035603 0.1274845 0.0931033 0.1070836 0.0944091 0.0969830 0.0970930 0.0804854 0.0809794 0.0798291 0.0618082 0.0758635 0.1012480 0.0798769 0.0800248 0.0947580 0.1046542 0.0758033 0.1339355 0.0708596 0.0845125 0.1100299 0.0757416 0.0801738 0.0953716 0.1133935 0.0905744 0.1143721 0.0850146 0.0701040 0.0696200 0.0942874 0.1042868 0.0844807 0.0745793 0.1579458 0.0945596 0.0890678 0.0658568 0.0835966 
S0748       0.0846103 0.0596017 0.0822079 0.0067693 0.0713018 0.0612956 0.0928841 0.0797726 0.0068683 0.0702441 0.0757279 0.0739051 0.0678736 0.0807221 0.0614818 0.0405002 0.0864795 0.0798272 0.0759319 0.0807056 0.0695580 0.0756687 0.0867256 0.0412141 0.0000029 0.1031141 0.0958130 0.0000000 0.0816538 0.0415635 0.0777873 0.0412234 0.0373664 0.0375396 0.0790109 0.0443053 0.0872012 0.0633125 0.1065376 0.0369752 0.1072116 0.1120750 0.0875620 0.0837283 0.0766958 0.1123918 0.0749585 0.0925491 0.0815510 0.0956409 0.0666524 0.0664416 0.0846120 0.0652784 0.0157321 0.0199200 0.0768944 0.0484234 0.1013819 0.0769840 0.0729420 0.0748559 0.0802041 0.0815215 0.0960027 0.0608766 0.0707527 0.0760703 0.0866873 0.0375898 0.1094825 0.0620712 0.0732342 0.0723417 0.0665733 0.0773306 0.0919478 0.0818716 0.0871322 0.1141413 0.0815811 0.0753804 0.0838812 0.0954537 0.0715014 0.0855013 0.0614764 0.1381469 0.0450344 0.0856711 0.0848360 0.0700990 
S0756       0.0525568 0.0766540 0.0102761 0.0916394 0.0773954 0.0453944 0.0680428 0.1222315 0.0822911 0.0618867 0.1019850 0.0103768 0.0683281 0.0675027 0.0760543 0.0261371 0.0883027 0.0804562 0.0827883 0.0249665 0.0796383 0.0701994 0.0143695 0.0578531 0.0829516 0.0982243 0.0850896 0.0816538 0.0000000 0.0669927 0.0102808 0.0664202 0.0623411 0.0539980 0.0793504 0.0933140 0.0777920 0.0815243 0.1007484 0.0832820 0.0859411 0.1027760 0.0878985 0.0795200 0.0625234 0.0575064 0.0621655 0.0744994 0.0136705 0.0280387 0.0630830 0.0770246 0.0918870 0.1222731 0.0926986 0.0803791 0.0136810 0.0826994 0.0789536 0.0101930 0.0102649 0.0408899 0.0671318 0.0407740 0.0776058 0.0495992 0.0456560 0.0829402 0.0319443 0.0627309 0.1110111 0.0570113 0.0137954 0.0910781 0.0456867 0.0543898 0.0137975 0.0885506 0.0102791 0.1047464 0.0067527 0.0714045 0.0611446 0.0713838 0.0764096 0.0579235 0.0532114 0.1674758 0.0673300 0.0580176 0.0945743 0.0532625 
S0760       0.0658198 0.0252613 0.0763848 0.0500795 0.0622447 0.0568554 0.0718807 0.0905665 0.0462432 0.0618540 0.0756917 0.0682644 0.0681121 0.0719603 0.0573663 0.0405002 0.0819826 0.0757860 0.0581826 0.0750190 0.0568584 0.0670583 0.0721496 0.0067841 0.0421776 0.0966039 0.0755119 0.0415635 0.0669927 0.0000000 0.0720814 0.0067853 0.0033828 0.0068847 0.0704462 0.0727354 0.0871724 0.0249697 0.1071235 0.0601940 0.0707861 0.0847990 0.0879065 0.0765469 0.0667992 0.0943572 0.0609547 0.0925491 0.0757890 0.0802557 0.0582543 0.0622350 0.0723648 0.0858372 0.0646509 0.0494973 0.0712706 0.0630775 0.0924312 0.0667896 0.0673952 0.0621254 0.0658037 0.0757805 0.0867590 0.0570524 0.0612608 0.0643646 0.0851896 0.0034010 0.1101766 0.0537954 0.0676592 0.0325815 0.0572222 0.0628603 0.0766124 0.0729720 0.0665397 0.0981937 0.0669347 0.0668032 0.0694161 0.0848083 0.0717733 0.0707125 0.0398656 0.1297516 0.0250946 0.0708956 0.0745435 0.0477336 
S0763       0.0529406 0.0772612 0.0138988 0.0877293 0.0781071 0.0457272 0.0824858 0.1182524 0.0783974 0.0667990 0.0967209 0.0069287 0.0688668 0.0726341 0.0813628 0.0261371 0.0890356 0.0858595 0.0902862 0.0214388 0.0849740 0.0752810 0.0096007 0.0626932 0.0790281 0.0940627 0.0906031 0.0777873 0.0102808 0.0720814 0.0000000 0.0714557 0.0673005 0.0587789 0.0846589 0.0941833 0.0784180 0.0870217 0.0952361 0.0793425 0.0869140 0.1036444 0.0936461 0.0801755 0.0630016 0.0579925 0.0626379 0.0744994 0.0102695 0.0320040 0.0681104 0.0824161 0.0998908 0.1182933 0.0839761 0.0749236 0.0102774 0.0882877 0.0795665 0.0068059 0.0068540 0.0411835 0.0676514 0.0411054 0.0782281 0.0499670 0.0543876 0.0904537 0.0284503 0.0677283 0.1129132 0.0617643 0.0103634 0.0968101 0.0460240 0.0592110 0.0174965 0.0943461 0.0139029 0.1107553 0.0102729 0.0765937 0.0616013 0.0719395 0.0725860 0.0583602 0.0579091 0.1690703 0.0724477 0.0628730 0.1003157 0.0579653 
S0765       0.0568427 0.0213378 0.0757193 0.0496610 0.0579950 0.0482441 0.0669978 0.0805107 0.0458571 0.0529728 0.0690519 0.0676699 0.0675204 0.0625748 0.0486659 0.0405002 0.0721442 0.0751312 0.0519791 0.0743770 0.0482450 0.0578890 0.0712844 0.0067350 0.0418273 0.0956904 0.0706103 0.0412234 0.0664202 0.0067853 0.0714557 0.0000000 0.0033584 0.0033942 0.0612839 0.0720984 0.0771099 0.0247778 0.0922662 0.0552845 0.0717180 0.0856214 0.0871118 0.0669877 0.0576680 0.0842669 0.0564313 0.0925491 0.0751339 0.0706587 0.0494063 0.0532897 0.0593915 0.0759495 0.0534279 0.0430334 0.0706587 0.0625383 0.0825814 0.0707396 0.0668157 0.0531968 0.0611483 0.0663356 0.0815237 0.0484085 0.0524728 0.0520728 0.0844418 0.0033764 0.0929735 0.0451266 0.0670752 0.0323268 0.0485484 0.0538149 0.0759433 0.0634311 0.0659751 0.0880573 0.0663631 0.0662339 0.0647337 0.0750631 0.0624131 0.0659270 0.0319566 0.1232915 0.0249007 0.0616642 0.0708623 0.0395676 
S0770       0.0612624 0.0214228 0.0715382 0.0457081 0.0625144 0.0524872 0.0717016 0.0854517 0.0419127 0.0573466 0.0754352 0.0635104 0.0633712 0.0671925 0.0529522 0.0405002 0.0769806 0.0709855 0.0579964 0.0702735 0.0524890 0.0624021 0.0655510 0.0033579 0.0379124 0.0910918 0.0753237 0.0373664 0.0623411 0.0033828 0.0673005 0.0033584 0.0000000 0.0034071 0.0657931 0.0679044 0.0820548 0.0211771 0.0995300 0.0555284 0.0783893 0.0906735 0.0827367 0.0716891 0.0621626 0.0892244 0.0608131 0.0925491 0.0709875 0.0753779 0.0537649 0.0576946 0.0657485 0.0808098 0.0539623 0.0432929 0.0665509 0.0584669 0.0874220 0.0666276 0.0627113 0.0575935 0.0656468 0.0709815 0.0865305 0.0526675 0.0568012 0.0581017 0.0802054 0.0000010 0.1006166 0.0493982 0.0629545 0.0286538 0.0528219 0.0582684 0.0717509 0.0681243 0.0619255 0.0930369 0.0622876 0.0621665 0.0692500 0.0798539 0.0670186 0.0705397 0.0358600 0.1293554 0.0212822 0.0662070 0.0755944 0.0435952 
S0795       0.0571813 0.0178815 0.0629438 0.0459217 0.0499307 0.0405563 0.0679960 0.0721317 0.0421100 0.0451067 0.0698238 0.0549994 0.0636738 0.0543913 0.0409891 0.0405002 0.0638297 0.0711722 0.0412072 0.0618430 0.0405560 0.0540975 0.0538578 0.0000024 0.0380903 0.0815448 0.0711910 0.0375396 0.0539980 0.0068847 0.0587789 0.0033942 0.0034071 0.0000000 0.0532751 0.0594263 0.0685318 0.0177459 0.0800050 0.0469870 0.0601256 0.0769605 0.0829638 0.0592772 0.0496445 0.0757506 0.0485909 0.0925491 0.0624660 0.0623937 0.0415287 0.0496453 0.0481445 0.0676456 0.0540103 0.0433190 0.0581296 0.0502619 0.0742443 0.0581971 0.0543152 0.0452935 0.0531570 0.0581475 0.0728911 0.0406943 0.0488316 0.0412819 0.0716062 0.0034256 0.0860323 0.0414131 0.0545242 0.0252152 0.0408110 0.0458186 0.0631322 0.0595455 0.0536437 0.0795469 0.0539520 0.0623288 0.0567520 0.0667251 0.0585895 0.0577915 0.0246956 0.1241678 0.0178344 0.0536016 0.0714472 0.0284077 
S0827       0.0958686 0.0813763 0.0890306 0.0886134 0.0484649 0.0697786 0.0757345 0.0939618 0.0901147 0.0431714 0.0855151 0.0808662 0.0882949 0.0519778 0.0691886 0.0689603 0.0885164 0.0911516 0.0391478 0.0844375 0.0643875 0.0693538 0.0716870 0.0613056 0.0756959 0.1101636 0.0881765 0.0790109 0.0793504 0.0704462 0.0846589 0.0612839 0.0657931 0.0532751 0.0000000 0.1042481 0.0905077 0.0849723 0.0901926 0.0771522 0.0700885 0.0942581 0.1136466 0.0860750 0.0702819 0.1088022 0.0740323 0.1650077 0.0883295 0.0884067 0.0323522 0.0617163 0.0456469 0.0986041 0.0602074 0.0846234 0.0884067 0.0843590 0.0852034 0.0837999 0.0753263 0.0784796 0.0777899 0.0835159 0.0781987 0.0742789 0.0790131 0.0392154 0.1078638 0.0662016 0.0673454 0.0563148 0.0801426 0.0851343 0.0569311 0.0620312 0.0892906 0.0708235 0.0846332 0.0400824 0.0792817 0.0909550 0.0686901 0.0882411 0.0569796 0.0655607 0.0692238 0.1620824 0.0568413 0.0743531 0.0958477 0.0779398 
S0888       0.1040994 0.0825848 0.0890799 0.0486615 0.0905809 0.0703463 0.1106455 0.1003706 0.0535080 0.0947243 0.0975341 0.0885209 0.0773921 0.1066147 0.0851420 0.1038335 0.1065475 0.1007332 0.0845370 0.0969788 0.0845309 0.1060287 0.0829472 0.0632502 0.0409461 0.1273163 0.1081523 0.0443053 0.0933140 0.0727354 0.0941833 0.0720984 0.0679044 0.0594263 0.1042481 0.0000000 0.1193412 0.0878360 0.1175317 0.0535158 0.1083400 0.1338536 0.1200849 0.1090961 0.1006312 0.1030062 0.0938108 0.1491470 0.0980321 0.1127946 0.0910693 0.0956698 0.0939080 0.0845067 0.0516977 0.0597535 0.0930618 0.0139231 0.1215523 0.0931711 0.0889684 0.0844180 0.0995311 0.0912905 0.1061381 0.0786337 0.0943109 0.0846951 0.1035989 0.0683400 0.1292247 0.0908228 0.0893353 0.0977275 0.0850368 0.0936024 0.1042640 0.1134767 0.0991850 0.1430503 0.0932283 0.1006342 0.1032387 0.1159277 0.1063967 0.1052879 0.0851328 0.1671418 0.0672921 0.0954901 0.1162830 0.0900706 
S0959       0.0810444 0.0785484 0.0878240 0.0974580 0.0727027 0.0540692 0.1204274 0.1200202 0.0933099 0.0721520 0.0981661 0.0793033 0.0988240 0.0781745 0.0873727 0.0589759 0.0463138 0.0905672 0.0707401 0.0813516 0.0712232 0.0968062 0.0729899 0.0771384 0.0837935 0.1212684 0.1189649 0.0872012 0.0777920 0.0871724 0.0784180 0.0771099 0.0820548 0.0685318 0.0905077 0.1193412 0.0000000 0.1031727 0.0873282 0.0903798 0.0595858 0.0632331 0.1152826 0.0424682 0.0641098 0.0982274 0.0668455 0.1609985 0.0822107 0.0916989 0.0684714 0.0982344 0.0792518 0.1179540 0.0961776 0.0962677 0.0775113 0.1047697 0.0762399 0.0776023 0.0691004 0.0636210 0.0578845 0.0678556 0.0970199 0.0584330 0.0629977 0.0708704 0.0721283 0.0825960 0.1021249 0.0819341 0.0786462 0.1135478 0.0415689 0.0656941 0.0880328 0.0989398 0.0832273 0.1052538 0.0777223 0.0935303 0.0584453 0.0687267 0.0940651 0.0458997 0.0631201 0.1606078 0.0782504 0.0694695 0.1191322 0.0631822 
S1083       0.0800474 0.0372539 0.0915299 0.0726566 0.0817427 0.0704884 0.0855593 0.1013645 0.0686512 0.0759270 0.1166814 0.0831272 0.0924282 0.0868554 0.0711477 0.0405002 0.0976198 0.1003175 0.0840894 0.0898383 0.0704956 0.0770998 0.0931286 0.0174788 0.0642905 0.1138709 0.1050514 0.0633125 0.0815243 0.0249697 0.0870217 0.0247778 0.0211771 0.0177459 0.0849723 0.0878360 0.1031727 0.0000000 0.1142019 0.0747964 0.1074647 0.1007914 0.1025310 0.0855382 0.0812828 0.1103942 0.0794271 0.0925491 0.0907877 0.0954935 0.0722773 0.0720006 0.0933980 0.1015544 0.0983962 0.0685822 0.0860142 0.0774843 0.1080713 0.0861136 0.0820309 0.0762789 0.0847790 0.0907713 0.1079173 0.0707381 0.0798416 0.0842460 0.1007636 0.0212963 0.1479316 0.0720814 0.0823613 0.0138120 0.0709582 0.0772066 0.0918036 0.0834632 0.0809499 0.1044951 0.0814518 0.0905768 0.0884604 0.1002841 0.0820520 0.0901791 0.0523600 0.1405496 0.0370002 0.0855372 0.1054383 0.0606400 
S1100       0.0913027 0.1095682 0.1021920 0.1135452 0.0927993 0.0790533 0.1390485 0.1379478 0.0949535 0.0968514 0.0712872 0.0967894 0.0945172 0.0982787 0.0643419 0.0000010 0.0936360 0.0833883 0.0901132 0.0934110 0.1057739 0.0982382 0.0958318 0.0923137 0.1071126 0.0353758 0.0932916 0.1065376 0.1007484 0.1071235 0.0952361 0.0922662 0.0995300 0.0800050 0.0901926 0.1175317 0.0873282 0.1142019 0.0000000 0.0969099 0.1029347 0.1112584 0.0402084 0.0892690 0.0665630 0.1033539 0.1055364 0.0000010 0.0872273 0.1216722 0.0901585 0.1116915 0.0996946 0.1000350 0.1064354 0.1069280 0.0872273 0.1008507 0.0708391 0.0938204 0.0869655 0.0794861 0.0858545 0.0800217 0.1286284 0.0857373 0.0923815 0.0902802 0.1123660 0.1004692 0.1293921 0.0785973 0.0952044 0.1215963 0.0733979 0.0725166 0.1163940 0.1060796 0.1020458 0.1106030 0.1006197 0.0783289 0.0598107 0.0876817 0.0982767 0.0667764 0.0783650 0.2056986 0.0915544 0.0798692 0.1059963 0.0848084 
S1120       0.0975306 0.0706236 0.0838593 0.0452190 0.0692141 0.0637397 0.0853350 0.0735457 0.0459452 0.0772209 0.0786696 0.0740182 0.0846685 0.0834660 0.0679943 0.0730524 0.0899063 0.0973888 0.0723412 0.0730552 0.0721340 0.0815870 0.0748494 0.0510225 0.0375097 0.1127232 0.1044675 0.0369752 0.0832820 0.0601940 0.0793425 0.0552845 0.0555284 0.0469870 0.0771522 0.0535158 0.0903798 0.0747964 0.0969099 0.0000000 0.0975338 0.1062172 0.1063161 0.0920794 0.0842065 0.1170536 0.0777960 0.1344869 0.0831751 0.0923448 0.0644525 0.0779833 0.0811257 0.0721043 0.0518406 0.0544555 0.0784137 0.0578610 0.0955962 0.0785066 0.0699022 0.0730453 0.0739330 0.0839562 0.0993914 0.0676439 0.0782157 0.0724773 0.0838080 0.0558820 0.0960549 0.0587705 0.0746881 0.0749454 0.0690732 0.0708240 0.0888992 0.0947736 0.0888992 0.1132483 0.0832064 0.0924869 0.0777304 0.0992610 0.0834909 0.0888465 0.0679877 0.1328750 0.0550348 0.0841622 0.0881539 0.0727156 
S1128       0.0697240 0.0711509 0.0783265 0.1142732 0.0643911 0.0583886 0.0989040 0.1213431 0.1025482 0.0762754 0.0882091 0.0882952 0.0848438 0.0848453 0.0963677 0.0000010 0.0593327 0.1106163 0.0638647 0.0712319 0.0758712 0.1057733 0.0724590 0.0717543 0.1077939 0.1363103 0.0954093 0.1072116 0.0859411 0.0707861 0.0869140 0.0717180 0.0783893 0.0601256 0.0700885 0.1083400 0.0595858 0.1074647 0.1029347 0.0975338 0.0000000 0.0046690 0.1250519 0.0422610 0.0415181 0.0668272 0.0521755 0.0000010 0.0792853 0.1058439 0.0700640 0.1057246 0.0784226 0.0986307 0.0946860 0.0951134 0.0792853 0.0948277 0.0761161 0.0789486 0.0790523 0.0527065 0.0458573 0.0586570 0.0896532 0.0527415 0.0705016 0.0701571 0.1135374 0.0790962 0.1098678 0.0856168 0.0720146 0.1147545 0.0467573 0.0593907 0.1006271 0.1002919 0.0805263 0.1047956 0.0858340 0.0897173 0.0463086 0.0645976 0.0988801 0.0413551 0.0591808 0.1473913 0.0857375 0.0662283 0.1013808 0.0652051 
S1129sl     0.0990653 0.0905982 0.1015919 0.1232075 0.0712970 0.0708284 0.1188181 0.1275744 0.1189500 0.0849978 0.0955242 0.1048660 0.1061217 0.0963684 0.0990858 0.0896104 0.0630377 0.1257366 0.0704889 0.0857305 0.0839002 0.1177892 0.0795630 0.0856528 0.1087871 0.1536135 0.1201986 0.1120750 0.1027760 0.0847990 0.1036444 0.0856214 0.0906735 0.0769605 0.0942581 0.1338536 0.0632331 0.1007914 0.1112584 0.1062172 0.0046690 0.0000000 0.1384330 0.0458486 0.0682286 0.1076076 0.0660650 0.1987434 0.0975987 0.1177131 0.0722362 0.1121148 0.0856722 0.1200752 0.0946860 0.1147270 0.1024046 0.1189969 0.0940754 0.0973582 0.0982942 0.0810494 0.0657086 0.0908336 0.1106557 0.0665837 0.0802275 0.0769864 0.1235346 0.0912746 0.1194891 0.0921178 0.0921807 0.1124846 0.0577661 0.0789583 0.1140430 0.1129289 0.1038522 0.1162793 0.1026810 0.1104696 0.0663449 0.0807034 0.1029803 0.0579543 0.0759875 0.1641984 0.0914963 0.0874745 0.1036560 0.0760618 
