135
PAFTOL_019361 0.0000000 0.2089660 0.2276225 0.2235454 0.2118358 0.2111066 0.2292978 0.2112597 0.1990870 0.2156248 0.2291181 0.2146898 0.2307454 0.2350823 0.2144866 0.2282436 0.2017957 0.2129023 0.2273257 0.2283410 0.2118791 0.2037575 0.2044428 0.2176526 0.2093138 0.2007685 0.1951049 0.2104084 0.2279392 0.2044093 0.2067404 0.2275266 0.2306452 0.2420096 0.2180228 0.2146928 0.2038645 0.2080777 0.1983555 0.2036031 0.2033709 0.2156417 0.2052582 0.2256273 0.2139385 0.2178130 0.2275852 0.2281815 0.2031419 0.2120490 0.1937309 0.2039476 0.1927702 0.1931301 0.2148071 0.2032322 0.1979935 0.2305390 0.1982523 0.1972411 0.1915171 0.2355409 0.2163672 0.2107100 0.2113351 0.2085793 0.2108227 0.2543987 0.2068166 0.2219944 0.2109312 0.2403156 0.2359188 0.2092625 0.2105199 0.2142715 0.1947270 0.2142271 0.2143242 0.2144041 0.2131366 0.2256503 0.2123532 0.2139933 0.2138781 0.2008583 0.2133095 0.1958966 0.1983329 0.1973225 0.1967032 0.2344588 0.1981257 0.2340482 0.2251397 0.2282449 0.2378870 0.2041274 0.2324535 0.2158131 0.1996799 0.2042704 0.1998667 0.2184480 0.2137407 0.2052806 0.2032792 0.2042534 0.1981837 0.2148521 0.2111797 0.1953012 0.2127480 0.2067860 0.2027348 0.2016087 0.2304673 0.2072217 0.1993681 0.2111568 0.2176838 0.2012167 0.2091767 0.1986089 0.2017386 0.2102070 0.2109023 0.2111042 0.2039424 0.1935232 0.2334627 0.1918350 0.2010479 0.2056321 0.1928285 
S0055         0.2089660 0.0000000 0.0980327 0.1061912 0.0918177 0.0581312 0.1022356 0.0919077 0.0679205 0.0631113 0.0932558 0.1010918 0.1019148 0.1066555 0.0945064 0.1025261 0.0832678 0.0832623 0.0943965 0.1018110 0.0764713 0.0501252 0.0523176 0.0931883 0.0769350 0.0808484 0.0690985 0.0744019 0.1009772 0.0822756 0.0788303 0.0836245 0.1055184 0.1112139 0.0997702 0.0648173 0.0513661 0.0879565 0.0758821 0.0821870 0.0679563 0.0637864 0.0832541 0.0982365 0.1258586 0.0815770 0.1011983 0.0904482 0.0532346 0.0814664 0.0686921 0.0516715 0.0679239 0.0682632 0.0863424 0.0824039 0.0770819 0.1003886 0.0773689 0.0752373 0.0630574 0.1094838 0.0888240 0.0821263 0.0824912 0.0788014 0.0807852 0.1145744 0.0854348 0.1322632 0.0862167 0.1102068 0.1080958 0.0819334 0.0834822 0.1234639 0.0697500 0.1255051 0.0887517 0.0845609 0.0823627 0.1015372 0.0621842 0.0816715 0.1250694 0.0492833 0.0620656 0.0702731 0.0796601 0.0766605 0.0769882 0.1074608 0.0774280 0.1206375 0.0997687 0.1021698 0.1092906 0.0513860 0.1014995 0.0839491 0.0684003 0.0527536 0.0487205 0.0351712 0.0820198 0.0547628 0.0813733 0.0745512 0.0705042 0.0962185 0.0587071 0.0698855 0.0918996 0.0850870 0.0803803 0.0517646 0.0886353 0.0778349 0.0705940 0.0595063 0.0981456 0.0519354 0.0877994 0.0488396 0.0621654 0.0830959 0.0795291 0.0898779 0.0727265 0.0645898 0.1018924 0.0650743 0.0705311 0.0721490 0.0631112 
S0196sl       0.2276225 0.0980327 0.0000000 0.1263659 0.0695698 0.0973968 0.1124872 0.1101968 0.0851884 0.0988888 0.1169186 0.1197083 0.1133386 0.1165425 0.1148188 0.1121223 0.0970877 0.1006375 0.1127590 0.1108447 0.1009808 0.0902795 0.0920554 0.1133957 0.1008659 0.0968014 0.0384330 0.0987796 0.1089613 0.0999747 0.0942522 0.1085169 0.1126515 0.1178491 0.1198484 0.1032396 0.0908497 0.1045910 0.0938886 0.0976941 0.0911510 0.0978782 0.0636366 0.1061196 0.1412318 0.1061237 0.1100024 0.1125578 0.0923280 0.0986599 0.0383335 0.0906557 0.0375784 0.0379608 0.1028813 0.0634131 0.0932511 0.1105684 0.0923612 0.0951810 0.0791556 0.1367411 0.0953829 0.0982255 0.0995541 0.0931648 0.0964519 0.1388742 0.0641525 0.1476357 0.1031984 0.1159108 0.1186024 0.1007521 0.1000763 0.1405364 0.0389632 0.1413244 0.1136622 0.1056809 0.0973040 0.1101845 0.1031129 0.1005229 0.1400797 0.0891951 0.1024695 0.0868537 0.0958002 0.0913644 0.0918192 0.1179083 0.0938966 0.1388004 0.1069763 0.1114075 0.1187316 0.0911006 0.1116426 0.1033012 0.0861570 0.0930503 0.0854104 0.1045352 0.0991232 0.0950699 0.0988633 0.0915498 0.0885357 0.1145321 0.1001571 0.0399540 0.1108741 0.0623298 0.0961093 0.0911949 0.0358901 0.0943267 0.0852351 0.0977836 0.1161976 0.0918388 0.1046584 0.0903101 0.0875644 0.1004797 0.0975014 0.1056021 0.0910283 0.0804858 0.1187945 0.0611973 0.0865999 0.0945367 0.0788926 
S0278         0.2235454 0.1061912 0.1263659 0.0000000 0.1112042 0.1081150 0.1178096 0.0464307 0.0972255 0.1101589 0.1254477 0.0454630 0.1175732 0.1248271 0.0463367 0.1174293 0.0600696 0.1101519 0.1166345 0.1186527 0.1092688 0.0991920 0.1011267 0.0473927 0.1109586 0.0548479 0.0925723 0.1070355 0.1170267 0.0688633 0.1040903 0.1175424 0.1218053 0.1266879 0.0436438 0.1100516 0.1016008 0.0634117 0.0693300 0.0754758 0.0990590 0.1127190 0.1043754 0.1143708 0.1424969 0.1153443 0.1172813 0.1162617 0.1011753 0.1078560 0.0930157 0.0996927 0.0917793 0.0918060 0.1105456 0.1035585 0.0696461 0.1222804 0.0705353 0.0720041 0.0903301 0.0860976 0.1073260 0.1072283 0.1091801 0.1040559 0.1068194 0.1514212 0.1037440 0.1485948 0.1120359 0.1335509 0.1287869 0.1059851 0.1059244 0.1399243 0.0932000 0.1418688 0.0809679 0.1105773 0.1101361 0.1240039 0.1105528 0.1092298 0.1418078 0.0994257 0.1114514 0.0982108 0.0559356 0.0691913 0.0699860 0.1223919 0.0708013 0.0475019 0.1163149 0.1164642 0.1258628 0.1010192 0.1239250 0.1066507 0.0966293 0.1002284 0.0975066 0.1118838 0.1076727 0.1031089 0.0748676 0.1022653 0.0986538 0.0482328 0.1083790 0.0940601 0.0484761 0.1029778 0.0741091 0.0996458 0.1303875 0.1041202 0.0966425 0.1089246 0.0477128 0.0994222 0.0803029 0.0995939 0.0951556 0.1069115 0.1079418 0.0827925 0.0999192 0.0921742 0.1249209 0.0887688 0.0979944 0.1053044 0.0895781 
S0281         0.2118358 0.0918177 0.0695698 0.1112042 0.0000000 0.0920438 0.0976921 0.1004955 0.0788253 0.0964997 0.1073969 0.1085141 0.0989370 0.1008153 0.1006050 0.0980906 0.0881039 0.0917685 0.1021327 0.0980487 0.0905843 0.0851687 0.0873548 0.0972473 0.0942079 0.0883525 0.0425912 0.0893056 0.0961395 0.0893180 0.0874175 0.1019892 0.0992464 0.1078793 0.1060851 0.0962613 0.0869508 0.0944993 0.0845078 0.0880903 0.0860122 0.0978173 0.0519627 0.0930017 0.1301088 0.0973977 0.0971346 0.0984297 0.0866910 0.0906452 0.0426860 0.0848077 0.0419996 0.0420691 0.0952531 0.0513451 0.0821202 0.0992636 0.0833580 0.0840346 0.0726038 0.1147781 0.0862152 0.0905112 0.0915065 0.0874209 0.0886896 0.1273588 0.0544865 0.1368483 0.0951686 0.1080598 0.1024188 0.0898131 0.0898917 0.1286395 0.0437144 0.1298805 0.0950102 0.0958203 0.0886135 0.0974433 0.0965155 0.0913944 0.1294050 0.0843236 0.0953532 0.0794228 0.0868910 0.0824281 0.0836109 0.1027054 0.0847595 0.1230941 0.0967124 0.0980959 0.1050982 0.0859746 0.1003182 0.0923181 0.0783812 0.0870094 0.0826165 0.0979218 0.0888376 0.0877035 0.0873833 0.0853918 0.0802838 0.1030650 0.0935133 0.0447194 0.0978501 0.0537214 0.0864481 0.0844370 0.0453066 0.0869122 0.0791982 0.0927354 0.1058373 0.0849316 0.0917186 0.0844058 0.0804639 0.0923689 0.0903053 0.0971221 0.0835964 0.0748391 0.1076584 0.0552630 0.0797004 0.0856807 0.0737942 
S0282         0.2111066 0.0581312 0.0973968 0.1081150 0.0920438 0.0000000 0.1020160 0.0926065 0.0692225 0.0339756 0.0937692 0.1014170 0.0988909 0.1060278 0.0925936 0.1010666 0.0817474 0.0839358 0.0883322 0.1009020 0.0753453 0.0207187 0.0299887 0.0880982 0.0779874 0.0806075 0.0687235 0.0734612 0.1000303 0.0786288 0.0775390 0.0837593 0.1049613 0.1077080 0.1014154 0.0459192 0.0282260 0.0878690 0.0767059 0.0806930 0.0658422 0.0319574 0.0821018 0.0974302 0.1239862 0.0826963 0.0995440 0.0932547 0.0322310 0.0821266 0.0684300 0.0216963 0.0675408 0.0684984 0.0876903 0.0815991 0.0767856 0.1014761 0.0761491 0.0728433 0.0619438 0.1061947 0.0872520 0.0822543 0.0828611 0.0782022 0.0803997 0.1150342 0.0830481 0.1303206 0.0851906 0.1106926 0.1065006 0.0839149 0.0843626 0.1219103 0.0694834 0.1227134 0.0846775 0.0841753 0.0829030 0.1003400 0.0496335 0.0822041 0.1229846 0.0219655 0.0472573 0.0707723 0.0788540 0.0753219 0.0758387 0.1061996 0.0781914 0.1212990 0.0986984 0.1010497 0.1075954 0.0288125 0.1024967 0.0845003 0.0693869 0.0253510 0.0280174 0.0644996 0.0829292 0.0417531 0.0810624 0.0757552 0.0724979 0.0966534 0.0449658 0.0699383 0.0884673 0.0821703 0.0797809 0.0222200 0.0852399 0.0789214 0.0702196 0.0387552 0.0999406 0.0369157 0.0881644 0.0341126 0.0616399 0.0821940 0.0806119 0.0889132 0.0736710 0.0633942 0.0993155 0.0645479 0.0712040 0.0711299 0.0617056 
S0288         0.2292978 0.1022356 0.1124872 0.1178096 0.0976921 0.1020160 0.0000000 0.1060194 0.0877613 0.1060628 0.1175258 0.1127573 0.0239736 0.0608240 0.1076149 0.0160919 0.0951613 0.0989617 0.1064304 0.0152723 0.0979890 0.0957427 0.0962204 0.1034790 0.1010479 0.0963019 0.0796149 0.0963987 0.0094791 0.0985722 0.0973232 0.1102445 0.0646585 0.0333422 0.1112671 0.1075045 0.0953407 0.1026869 0.0931980 0.0971652 0.0932879 0.1074465 0.0918063 0.0131556 0.1407721 0.1083912 0.0212017 0.1083694 0.0955832 0.1001091 0.0794034 0.0947613 0.0784759 0.0783477 0.1050840 0.0905144 0.0948442 0.0627380 0.0926909 0.0954360 0.0796231 0.1205048 0.0380404 0.1003683 0.1013163 0.0982407 0.0995121 0.1416313 0.0882349 0.1494819 0.1045302 0.0734599 0.0723792 0.1003294 0.1000041 0.1403593 0.0801231 0.1410282 0.1065174 0.1039803 0.0978897 0.0636582 0.1063325 0.1000879 0.1405880 0.0952260 0.1050916 0.0841297 0.0938514 0.0917148 0.0923367 0.0167049 0.0929478 0.1284636 0.0628308 0.0120961 0.0171677 0.0941973 0.0628478 0.1004975 0.0879191 0.0977996 0.0914611 0.1078349 0.0975317 0.0976299 0.0980303 0.0945327 0.0892245 0.1101613 0.1027748 0.0802394 0.1038004 0.0881724 0.0960971 0.0959859 0.0988911 0.0965765 0.0853594 0.1021197 0.1112339 0.0946036 0.1031709 0.0946169 0.0914240 0.1003984 0.0983781 0.1049563 0.0928741 0.0818906 0.1172795 0.0769404 0.0866272 0.0940473 0.0805108 
S0289         0.2112597 0.0919077 0.1101968 0.0464307 0.1004955 0.0926065 0.1060194 0.0000000 0.0812935 0.0954144 0.1085817 0.0417015 0.1056876 0.1123567 0.0252650 0.1065171 0.0473258 0.0950330 0.1052547 0.1055093 0.0963411 0.0842214 0.0866276 0.0345221 0.0945608 0.0416746 0.0774226 0.0937264 0.1048348 0.0549999 0.0909052 0.1021085 0.1097744 0.1135459 0.0399360 0.0969252 0.0864594 0.0527779 0.0567058 0.0615422 0.0865835 0.0962338 0.0899933 0.1015888 0.1299527 0.1011463 0.1051076 0.1054234 0.0881217 0.0942747 0.0776173 0.0849887 0.0757317 0.0770564 0.0982339 0.0894746 0.0569600 0.1087760 0.0568746 0.0600736 0.0754457 0.0721813 0.0947325 0.0938397 0.0958203 0.0905603 0.0931839 0.1306239 0.0897048 0.1364314 0.0980055 0.1196686 0.1154963 0.0937601 0.0944311 0.1284074 0.0784978 0.1296324 0.0673136 0.0963786 0.0946277 0.1093344 0.0980303 0.0941486 0.1291998 0.0846391 0.0964753 0.0820831 0.0414473 0.0556332 0.0562203 0.1108368 0.0585479 0.0620860 0.1051688 0.1054368 0.1126905 0.0864482 0.1110130 0.0950581 0.0827779 0.0865675 0.0815243 0.0982962 0.0954133 0.0904042 0.0616530 0.0884172 0.0836923 0.0301402 0.0942713 0.0787990 0.0338719 0.0893576 0.0604879 0.0851623 0.0957864 0.0897217 0.0825405 0.0942042 0.0382244 0.0855555 0.0690632 0.0843384 0.0842826 0.0942676 0.0927530 0.0696302 0.0864420 0.0771360 0.1114185 0.0738164 0.0834578 0.0924383 0.0741170 
S0292         0.1990870 0.0679205 0.0851884 0.0972255 0.0788253 0.0692225 0.0877613 0.0812935 0.0000000 0.0749300 0.0886582 0.0906981 0.0876660 0.0917408 0.0843889 0.0878283 0.0698867 0.0561164 0.0670506 0.0867093 0.0692829 0.0620409 0.0639496 0.0819102 0.0724707 0.0679373 0.0557443 0.0688695 0.0868708 0.0699650 0.0401087 0.0797937 0.0902617 0.0959152 0.0904510 0.0752046 0.0629738 0.0772989 0.0644114 0.0700460 0.0629448 0.0753591 0.0691858 0.0834740 0.1132203 0.0764908 0.0857454 0.0715927 0.0644381 0.0430295 0.0556608 0.0632672 0.0548709 0.0552263 0.0495525 0.0683799 0.0648427 0.0886652 0.0657679 0.0654658 0.0440025 0.0960916 0.0727210 0.0435782 0.0442360 0.0394161 0.0418403 0.1067675 0.0711986 0.1212979 0.0654455 0.0978431 0.0911830 0.0444016 0.0450409 0.1124771 0.0565656 0.1142064 0.0751431 0.0477662 0.0582066 0.0891679 0.0749131 0.0339675 0.1128200 0.0609872 0.0750845 0.0428290 0.0663184 0.0647772 0.0654193 0.0918228 0.0646742 0.1118700 0.0851207 0.0879079 0.0945498 0.0630605 0.0899626 0.0586060 0.0122681 0.0640294 0.0588289 0.0742782 0.0327268 0.0668218 0.0699218 0.0182700 0.0113821 0.0859460 0.0725365 0.0570818 0.0803340 0.0701557 0.0689329 0.0628200 0.0759055 0.0290586 0.0439617 0.0712774 0.0881858 0.0627750 0.0751593 0.0615917 0.0565085 0.0572073 0.0538768 0.0780295 0.0359780 0.0452046 0.0800754 0.0517712 0.0441174 0.0661512 0.0444349 
S0293         0.2156248 0.0631113 0.0988888 0.1101589 0.0964997 0.0339756 0.1060628 0.0954144 0.0749300 0.0000000 0.0955392 0.1067268 0.1065336 0.1109447 0.0984826 0.1049136 0.0860411 0.0867807 0.0936661 0.1050652 0.0795124 0.0266142 0.0354474 0.0949611 0.0786621 0.0852292 0.0734071 0.0770169 0.1036609 0.0869057 0.0830825 0.0870182 0.1105576 0.1147389 0.1046867 0.0519347 0.0341134 0.0914960 0.0813146 0.0843864 0.0718474 0.0385144 0.0877804 0.1020772 0.1282314 0.0865051 0.1048464 0.0964341 0.0371083 0.0874890 0.0731717 0.0269988 0.0723727 0.0732544 0.0936303 0.0872769 0.0817513 0.1057528 0.0804072 0.0793567 0.0676864 0.1098917 0.0934747 0.0874375 0.0877859 0.0838100 0.0863580 0.1177890 0.0866493 0.1349370 0.0893762 0.1114460 0.1122213 0.0882281 0.0886648 0.1257572 0.0744858 0.1276141 0.0940947 0.0894675 0.0867307 0.1033436 0.0541787 0.0865793 0.1269744 0.0281774 0.0535036 0.0749893 0.0829389 0.0789493 0.0795663 0.1105721 0.0820416 0.1248901 0.1034526 0.1049117 0.1120986 0.0343208 0.1077225 0.0867334 0.0751201 0.0317559 0.0329892 0.0702329 0.0878709 0.0462437 0.0865740 0.0808305 0.0776334 0.1007988 0.0493171 0.0736963 0.0942335 0.0858944 0.0839237 0.0284821 0.0883146 0.0840705 0.0739986 0.0441896 0.1025166 0.0415398 0.0917555 0.0391322 0.0670536 0.0854132 0.0857565 0.0935742 0.0783221 0.0692763 0.1051685 0.0697662 0.0744012 0.0752111 0.0681185 
S0294         0.2291181 0.0932558 0.1169186 0.1254477 0.1073969 0.0937692 0.1175258 0.1085817 0.0886582 0.0955392 0.0000000 0.1182164 0.1204843 0.1233206 0.1139601 0.1179531 0.1002392 0.1033764 0.1164627 0.1174606 0.0966420 0.0862028 0.0868784 0.1127536 0.0846799 0.0981742 0.0879198 0.0948816 0.1168507 0.1018217 0.0971310 0.0915468 0.1229137 0.1299176 0.1184032 0.1001698 0.0865524 0.1071341 0.0959066 0.0988449 0.0787907 0.0990624 0.1010500 0.1137094 0.1401460 0.0884403 0.1179638 0.1116285 0.0888121 0.1018928 0.0883360 0.0861638 0.0876368 0.0868661 0.1069936 0.1005355 0.0947470 0.1200739 0.0944149 0.0949838 0.0831876 0.1317225 0.1046220 0.1003561 0.1020557 0.0965749 0.0991431 0.0811818 0.1036134 0.1473307 0.1051297 0.1303010 0.1266121 0.1025760 0.1028053 0.1383718 0.0895029 0.1404816 0.1078945 0.1047285 0.1003913 0.1199764 0.0988683 0.1012842 0.1385766 0.0856657 0.0985533 0.0887224 0.0985454 0.0935452 0.0943540 0.1235792 0.0971879 0.1401962 0.1163093 0.1181513 0.1250830 0.0868376 0.1222048 0.1041187 0.0884218 0.0887471 0.0839112 0.0996155 0.1020131 0.0883867 0.0988578 0.0951624 0.0903882 0.1131533 0.0956425 0.0896587 0.1118211 0.1028745 0.0978227 0.0860069 0.1031297 0.0974788 0.0894986 0.0964087 0.1148653 0.0858535 0.1070246 0.0848647 0.0757568 0.1031383 0.0995316 0.1084817 0.0926657 0.0845198 0.1196613 0.0844663 0.0896174 0.0921460 0.0826379 
S0299         0.2146898 0.1010918 0.1197083 0.0454630 0.1085141 0.1014170 0.1127573 0.0417015 0.0906981 0.1067268 0.1182164 0.0000000 0.1128924 0.1181509 0.0406649 0.1137991 0.0579125 0.1031001 0.1140579 0.1131203 0.1035968 0.0936728 0.0947726 0.0416241 0.1032733 0.0511297 0.0876582 0.0999470 0.1109983 0.0632324 0.0982406 0.1112701 0.1177627 0.1221922 0.0440334 0.1058072 0.0950771 0.0611752 0.0662049 0.0718077 0.0918251 0.1085340 0.1010883 0.1096035 0.1412381 0.1092887 0.1124905 0.1110412 0.0957504 0.1009500 0.0876418 0.0940069 0.0868242 0.0873036 0.1063746 0.1006017 0.0662894 0.1157464 0.0665393 0.0670309 0.0840786 0.0803360 0.1018026 0.1020449 0.1040342 0.0990031 0.1006141 0.1432131 0.0987451 0.1444060 0.1079404 0.1255462 0.1222295 0.0998184 0.1001405 0.1371463 0.0884909 0.1397471 0.0768432 0.1061463 0.1037860 0.1161650 0.1050465 0.1043642 0.1390120 0.0934815 0.1058656 0.0911238 0.0508750 0.0654282 0.0660981 0.1183475 0.0652218 0.0592915 0.1141545 0.1118301 0.1212608 0.0949409 0.1185296 0.1027648 0.0921481 0.0939500 0.0904386 0.1074304 0.1022042 0.0978702 0.0702870 0.0964927 0.0927852 0.0426221 0.1031443 0.0891999 0.0427764 0.0981666 0.0696339 0.0936101 0.1158512 0.0991518 0.0912394 0.1031011 0.0401207 0.0937476 0.0776208 0.0925252 0.0906564 0.1025576 0.1013994 0.0801214 0.0939115 0.0865945 0.1200989 0.0829684 0.0923272 0.0991242 0.0842009 
S0303         0.2307454 0.1019148 0.1133386 0.1175732 0.0989370 0.0988909 0.0239736 0.1056876 0.0876660 0.1065336 0.1204843 0.1128924 0.0000000 0.0596456 0.1086510 0.0238418 0.0966871 0.0987472 0.1030997 0.0218062 0.0985215 0.0954124 0.0961695 0.1051527 0.1017798 0.0978297 0.0802646 0.0952355 0.0213147 0.0990506 0.0958070 0.1118229 0.0679489 0.0225830 0.1133873 0.1062295 0.0955589 0.1037644 0.0943851 0.0977337 0.0922010 0.1090671 0.0932135 0.0202986 0.1402833 0.1079385 0.0119782 0.1075511 0.0960109 0.0992344 0.0797708 0.0939142 0.0789560 0.0793110 0.1050609 0.0925000 0.0955619 0.0636174 0.0932445 0.0949909 0.0799848 0.1201480 0.0383596 0.0987023 0.1001841 0.0971394 0.0980099 0.1435980 0.0887223 0.1487653 0.1037934 0.0738086 0.0730715 0.0997096 0.0986959 0.1393010 0.0808916 0.1402490 0.1050817 0.1025320 0.0986210 0.0642452 0.1052623 0.0989905 0.1397455 0.0946913 0.1037860 0.0863880 0.0967824 0.0922538 0.0928299 0.0280238 0.0946534 0.1283697 0.0637234 0.0248717 0.0302304 0.0938663 0.0641334 0.0994398 0.0876360 0.0964019 0.0911018 0.1076933 0.0983930 0.0967962 0.0981853 0.0943978 0.0893070 0.1106956 0.1010022 0.0811129 0.1049984 0.0891885 0.0967180 0.0948407 0.1005099 0.0949724 0.0857634 0.1006328 0.1128111 0.0940691 0.1036641 0.0943939 0.0912816 0.1002528 0.0978263 0.1056743 0.0923836 0.0822782 0.1164042 0.0765147 0.0872313 0.0945838 0.0807351 
S0308         0.2350823 0.1066555 0.1165425 0.1248271 0.1008153 0.1060278 0.0608240 0.1123567 0.0917408 0.1109447 0.1233206 0.1181509 0.0596456 0.0000000 0.1145715 0.0593375 0.1029909 0.1040862 0.1159163 0.0585263 0.1049196 0.0997472 0.1000136 0.1100445 0.1064355 0.1035162 0.0847218 0.1027901 0.0579727 0.1034068 0.1024636 0.1158655 0.0678295 0.0686274 0.1184347 0.1099389 0.0989191 0.1085256 0.0989463 0.1026768 0.0970948 0.1106691 0.0959644 0.0565189 0.1449887 0.1122355 0.0579376 0.1100563 0.0985696 0.1066202 0.0840569 0.0976038 0.0833996 0.0830584 0.1120204 0.0960521 0.0983484 0.0694317 0.0991227 0.0986192 0.0853731 0.1258064 0.0480704 0.1049989 0.1068674 0.1034167 0.1051409 0.1449535 0.0937970 0.1527636 0.1088126 0.0785778 0.0767693 0.1050025 0.1049393 0.1437613 0.0852133 0.1454514 0.1075525 0.1079745 0.1034440 0.0688766 0.1094571 0.1027168 0.1438951 0.0981294 0.1078701 0.0937319 0.1009328 0.0981498 0.0990043 0.0640402 0.0985693 0.1368669 0.0651232 0.0608653 0.0664435 0.0974264 0.0694445 0.1035535 0.0917842 0.1007558 0.0955387 0.1109286 0.1016641 0.1016658 0.1022542 0.0981389 0.0931606 0.1164339 0.1060636 0.0854180 0.1101468 0.0931341 0.1018324 0.0985105 0.0969502 0.1001545 0.0922944 0.1056347 0.1186934 0.0972996 0.1079744 0.0967832 0.0950795 0.1058420 0.1028476 0.1096646 0.0984970 0.0873553 0.1207559 0.0803301 0.0937182 0.0989333 0.0852061 
S0320         0.2144866 0.0945064 0.1148188 0.0463367 0.1006050 0.0925936 0.1076149 0.0252650 0.0843889 0.0984826 0.1139601 0.0406649 0.1086510 0.1145715 0.0000000 0.1097628 0.0496030 0.0970313 0.1050026 0.1077602 0.0987766 0.0860260 0.0890360 0.0354596 0.0968713 0.0430463 0.0812785 0.0962845 0.1069345 0.0576284 0.0928411 0.1052159 0.1119833 0.1157887 0.0407152 0.0992905 0.0889145 0.0540137 0.0604198 0.0628233 0.0886192 0.0982017 0.0935099 0.1047144 0.1329989 0.1031551 0.1080063 0.1085720 0.0899160 0.0962632 0.0807735 0.0876159 0.0793245 0.0806249 0.1001097 0.0921126 0.0596373 0.1107241 0.0593790 0.0619998 0.0776003 0.0750698 0.0969180 0.0969249 0.0981459 0.0928727 0.0953105 0.1361750 0.0926472 0.1390129 0.1012750 0.1204971 0.1178279 0.0952141 0.0956712 0.1312219 0.0816889 0.1320825 0.0696083 0.0988207 0.0974028 0.1103102 0.0990821 0.0976644 0.1314418 0.0874961 0.0983316 0.0848582 0.0437375 0.0580919 0.0589205 0.1130224 0.0599715 0.0618631 0.1064183 0.1083853 0.1164903 0.0877240 0.1119446 0.0990559 0.0851788 0.0892185 0.0838900 0.0996694 0.0967539 0.0905469 0.0641220 0.0920405 0.0865636 0.0238919 0.0959018 0.0822056 0.0344482 0.0924007 0.0625257 0.0875824 0.1070935 0.0931592 0.0847475 0.0956824 0.0392695 0.0882287 0.0722025 0.0867309 0.0860602 0.0984135 0.0959561 0.0715010 0.0880704 0.0792393 0.1131107 0.0767477 0.0861338 0.0941391 0.0767973 
S0322         0.2282436 0.1025261 0.1121223 0.1174293 0.0980906 0.1010666 0.0160919 0.1065171 0.0878283 0.1049136 0.1179531 0.1137991 0.0238418 0.0593375 0.1097628 0.0000000 0.0964659 0.0986857 0.1046073 0.0131783 0.0992143 0.0953254 0.0959417 0.1049473 0.1006665 0.0981035 0.0792834 0.0954601 0.0143424 0.0997323 0.0981430 0.1111912 0.0658940 0.0322885 0.1123525 0.1056765 0.0953480 0.1033386 0.0936153 0.0972228 0.0926708 0.1075529 0.0920995 0.0111084 0.1402793 0.1079450 0.0213889 0.1076469 0.0958986 0.1018403 0.0789812 0.0939634 0.0782773 0.0779323 0.1059518 0.0914805 0.0950650 0.0626405 0.0932006 0.0948209 0.0804411 0.1192785 0.0365558 0.1010821 0.1020488 0.0989843 0.1000235 0.1403016 0.0885889 0.1497977 0.1044564 0.0724647 0.0725098 0.1011183 0.0999453 0.1396737 0.0802844 0.1408926 0.1061272 0.1041469 0.0972560 0.0637741 0.1064641 0.0992591 0.1398518 0.0942924 0.1046038 0.0872859 0.0949050 0.0920175 0.0930523 0.0206884 0.0945592 0.1266409 0.0623357 0.0166254 0.0222918 0.0941466 0.0632568 0.0998297 0.0882707 0.0965832 0.0909157 0.1088887 0.0979193 0.0978898 0.0974851 0.0942409 0.0886912 0.1108820 0.1024417 0.0801769 0.1038489 0.0888395 0.0959030 0.0948217 0.0992142 0.0957010 0.0863267 0.1018495 0.1123864 0.0931083 0.1032619 0.0938722 0.0910107 0.1000964 0.0987824 0.1052424 0.0924193 0.0825881 0.1175653 0.0771386 0.0873873 0.0949917 0.0814096 
S0327         0.2017957 0.0832678 0.0970877 0.0600696 0.0881039 0.0817474 0.0951613 0.0473258 0.0698867 0.0860411 0.1002392 0.0579125 0.0966871 0.1029909 0.0496030 0.0964659 0.0000000 0.0841414 0.0942821 0.0953639 0.0853587 0.0753198 0.0762337 0.0468835 0.0832642 0.0327909 0.0656924 0.0830291 0.0947915 0.0427530 0.0804023 0.0938034 0.1007079 0.1046714 0.0545001 0.0879642 0.0762018 0.0395912 0.0459092 0.0503147 0.0734107 0.0872757 0.0785133 0.0916469 0.1200818 0.0900544 0.0953129 0.0947958 0.0766090 0.0839723 0.0649220 0.0759729 0.0640444 0.0643793 0.0883258 0.0775671 0.0456633 0.0975335 0.0461508 0.0490363 0.0638929 0.0587087 0.0840953 0.0831341 0.0852551 0.0802036 0.0825640 0.1236664 0.0809970 0.1263755 0.0874557 0.1079679 0.1053645 0.0829529 0.0829457 0.1173793 0.0659519 0.1194888 0.0566781 0.0856144 0.0837985 0.0984419 0.0887881 0.0835625 0.1187281 0.0745522 0.0877153 0.0705444 0.0321938 0.0450410 0.0457729 0.1016635 0.0470142 0.0768774 0.0951844 0.0958141 0.1027816 0.0756563 0.0998209 0.0864780 0.0707182 0.0759263 0.0721814 0.0891811 0.0829451 0.0805847 0.0497275 0.0763274 0.0720789 0.0507976 0.0852095 0.0666469 0.0459234 0.0805542 0.0495390 0.0748141 0.0846939 0.0793013 0.0712008 0.0834358 0.0531661 0.0769724 0.0566928 0.0750466 0.0714180 0.0841408 0.0816162 0.0578538 0.0743251 0.0657266 0.1048088 0.0638764 0.0722814 0.0811408 0.0634912 
S0335         0.2129023 0.0832623 0.1006375 0.1101519 0.0917685 0.0839358 0.0989617 0.0950330 0.0561164 0.0867807 0.1033764 0.1031001 0.0987472 0.1040862 0.0970313 0.0986857 0.0841414 0.0000000 0.0626909 0.0977897 0.0826493 0.0771629 0.0769946 0.0937990 0.0853614 0.0823235 0.0708713 0.0808304 0.0977123 0.0828458 0.0663444 0.0940448 0.1025726 0.1060374 0.1034904 0.0893912 0.0781707 0.0905036 0.0789064 0.0839743 0.0764351 0.0915407 0.0838351 0.0942556 0.1290715 0.0908739 0.0969058 0.0844684 0.0791942 0.0697036 0.0702889 0.0774439 0.0689115 0.0698609 0.0765580 0.0829921 0.0799605 0.1014409 0.0791330 0.0792758 0.0588967 0.1089523 0.0852137 0.0695122 0.0705647 0.0657466 0.0692274 0.1228803 0.0857029 0.1345615 0.0784829 0.1111561 0.1065446 0.0703464 0.0713071 0.1268175 0.0714295 0.1285954 0.0881384 0.0716664 0.0554079 0.1013228 0.0899872 0.0702918 0.1283922 0.0758704 0.0895199 0.0591433 0.0803412 0.0782298 0.0786609 0.1034491 0.0787827 0.1220742 0.0967595 0.0988152 0.1057744 0.0772140 0.1036424 0.0566328 0.0569955 0.0793287 0.0737532 0.0907017 0.0683856 0.0816897 0.0820703 0.0629614 0.0580801 0.0977028 0.0862937 0.0713690 0.0951510 0.0841971 0.0834612 0.0774838 0.0891405 0.0662650 0.0425318 0.0858548 0.1014173 0.0775238 0.0902092 0.0767170 0.0719263 0.0553608 0.0342796 0.0933557 0.0630769 0.0603357 0.0952720 0.0660827 0.0424043 0.0797917 0.0592317 
S0345         0.2273257 0.0943965 0.1127590 0.1166345 0.1021327 0.0883322 0.1064304 0.1052547 0.0670506 0.0936661 0.1164627 0.1140579 0.1030997 0.1159163 0.1050026 0.1046073 0.0942821 0.0626909 0.0000000 0.1053802 0.0918966 0.0828503 0.0846422 0.1021286 0.0929738 0.0915751 0.0824666 0.0942122 0.1046637 0.0958584 0.0770218 0.1016670 0.1122823 0.1097324 0.1110182 0.0969760 0.0838244 0.1030628 0.0892242 0.0906665 0.0864723 0.0983858 0.0973966 0.1019508 0.1437271 0.1032092 0.1041505 0.0927783 0.0875851 0.0794654 0.0827275 0.0847475 0.0808833 0.0822551 0.0851560 0.0965355 0.0889985 0.1065526 0.0879987 0.0885324 0.0684456 0.1021879 0.0946733 0.0794168 0.0826328 0.0764635 0.0794209 0.1388686 0.0957281 0.1522741 0.0901425 0.1171989 0.1125460 0.0816559 0.0832659 0.1412887 0.0846186 0.1444740 0.0963819 0.0839955 0.0721787 0.1078462 0.0956888 0.0803612 0.1426035 0.0834030 0.0970333 0.0680851 0.0918547 0.0870791 0.0864044 0.1072364 0.0925785 0.1313763 0.1064863 0.1052966 0.1050494 0.0837047 0.1075433 0.0290665 0.0683361 0.0851290 0.0803769 0.1010254 0.0790783 0.0899987 0.0928657 0.0735554 0.0664756 0.1071405 0.0951468 0.0833179 0.1002048 0.0957778 0.0926871 0.0844838 0.1045074 0.0761188 0.0569106 0.0927923 0.1095590 0.0837448 0.1011490 0.0825572 0.0823617 0.0316238 0.0633339 0.1017323 0.0711397 0.0711403 0.1042105 0.0745924 0.0576212 0.0905297 0.0683679 
S0355         0.2283410 0.1018110 0.1108447 0.1186527 0.0980487 0.1009020 0.0152723 0.1055093 0.0867093 0.1050652 0.1174606 0.1131203 0.0218062 0.0585263 0.1077602 0.0131783 0.0953639 0.0977897 0.1053802 0.0000000 0.0984079 0.0948687 0.0955822 0.1045573 0.1011244 0.0971085 0.0794450 0.0952254 0.0134777 0.0976648 0.0968664 0.1097995 0.0651689 0.0317343 0.1124563 0.1056218 0.0951817 0.1026282 0.0921034 0.0960019 0.0907391 0.1069525 0.0918999 0.0101023 0.1394445 0.1073940 0.0201158 0.1065984 0.0949129 0.1006188 0.0787542 0.0938234 0.0780547 0.0780145 0.1043410 0.0911749 0.0938471 0.0625479 0.0913021 0.0930084 0.0793791 0.1196036 0.0355545 0.1001094 0.1008332 0.0979186 0.0992532 0.1399143 0.0880126 0.1480655 0.1039858 0.0729646 0.0716946 0.0998223 0.0987355 0.1393968 0.0800479 0.1400477 0.1029524 0.1036428 0.0966152 0.0630686 0.1056097 0.0994664 0.1391100 0.0940491 0.1042548 0.0870069 0.0943602 0.0901339 0.0912362 0.0196750 0.0930363 0.1280418 0.0613702 0.0165038 0.0219502 0.0937895 0.0629463 0.0984610 0.0874626 0.0967686 0.0906038 0.1078937 0.0977987 0.0972180 0.0967909 0.0933824 0.0876251 0.1101327 0.1020060 0.0802528 0.1048508 0.0883362 0.0948084 0.0945696 0.0965233 0.0954058 0.0848047 0.1002856 0.1120620 0.0929186 0.1018252 0.0939269 0.0892154 0.0994695 0.0975177 0.1037430 0.0921455 0.0814075 0.1153377 0.0761330 0.0856541 0.0941212 0.0801147 
S0376         0.2118791 0.0764713 0.1009808 0.1092688 0.0905843 0.0753453 0.0979890 0.0963411 0.0692829 0.0795124 0.0966420 0.1035968 0.0985215 0.1049196 0.0987766 0.0992143 0.0853587 0.0826493 0.0918966 0.0984079 0.0000000 0.0682275 0.0703595 0.0960382 0.0786368 0.0853311 0.0706075 0.0326784 0.0974186 0.0861438 0.0801113 0.0875309 0.1036289 0.1070427 0.1023820 0.0823009 0.0686686 0.0925853 0.0782285 0.0846910 0.0701902 0.0706605 0.0839917 0.0949251 0.1251337 0.0832766 0.0970155 0.0872590 0.0703812 0.0823642 0.0702289 0.0690005 0.0698977 0.0695679 0.0916845 0.0831983 0.0797659 0.1000177 0.0793621 0.0791473 0.0645118 0.1080780 0.0863218 0.0834823 0.0856097 0.0805018 0.0837029 0.1138004 0.0834072 0.1333024 0.0858941 0.1102298 0.1064671 0.0850467 0.0854681 0.1236047 0.0714663 0.1252594 0.0807423 0.0878983 0.0849100 0.1007145 0.0807248 0.0830991 0.1243663 0.0672675 0.0797400 0.0696198 0.0837792 0.0786229 0.0786421 0.0970853 0.0794809 0.1213236 0.0987711 0.0990923 0.1056553 0.0694601 0.1014511 0.0827685 0.0689279 0.0706857 0.0656857 0.0825528 0.0844945 0.0708288 0.0840472 0.0761664 0.0701636 0.0998779 0.0765788 0.0721194 0.0946301 0.0838341 0.0824087 0.0685297 0.0962433 0.0797743 0.0718469 0.0777705 0.1025083 0.0684731 0.0881658 0.0676722 0.0649712 0.0824677 0.0822494 0.0923540 0.0752445 0.0662780 0.1028883 0.0657268 0.0726003 0.0329545 0.0646092 
S0400         0.2037575 0.0501252 0.0902795 0.0991920 0.0851687 0.0207187 0.0957427 0.0842214 0.0620409 0.0266142 0.0862028 0.0936728 0.0954124 0.0997472 0.0860260 0.0953254 0.0753198 0.0771629 0.0828503 0.0948687 0.0682275 0.0000000 0.0218734 0.0821040 0.0701148 0.0732312 0.0619283 0.0662651 0.0939477 0.0745870 0.0708804 0.0765962 0.0991821 0.1043896 0.0927199 0.0384032 0.0202901 0.0811075 0.0696446 0.0733180 0.0598290 0.0235107 0.0760549 0.0918149 0.1173048 0.0748731 0.0939519 0.0851512 0.0237149 0.0748244 0.0615464 0.0130453 0.0605612 0.0613045 0.0807445 0.0755543 0.0702476 0.0955461 0.0684944 0.0677264 0.0557981 0.0998612 0.0815005 0.0748415 0.0760175 0.0712356 0.0735058 0.1059408 0.0763230 0.1242418 0.0780151 0.1034013 0.1013443 0.0758940 0.0762294 0.1154782 0.0626421 0.1158521 0.0798151 0.0775311 0.0755875 0.0941057 0.0419672 0.0744581 0.1167636 0.0129601 0.0393189 0.0631451 0.0721647 0.0676893 0.0681584 0.0994939 0.0702117 0.1129357 0.0920975 0.0954660 0.1018457 0.0201774 0.0971092 0.0769303 0.0621967 0.0165195 0.0194879 0.0568891 0.0752365 0.0330580 0.0743579 0.0680318 0.0646307 0.0889394 0.0364765 0.0629677 0.0829348 0.0756706 0.0717942 0.0136218 0.0795998 0.0712846 0.0634309 0.0308233 0.0909240 0.0280196 0.0806257 0.0262117 0.0547494 0.0746855 0.0748774 0.0814664 0.0665497 0.0574770 0.0934246 0.0579199 0.0639840 0.0639468 0.0562270 
S0405         0.2044428 0.0523176 0.0920554 0.1011267 0.0873548 0.0299887 0.0962204 0.0866276 0.0639496 0.0354474 0.0868784 0.0947726 0.0961695 0.1000136 0.0890360 0.0959417 0.0762337 0.0769946 0.0846422 0.0955822 0.0703595 0.0218734 0.0000000 0.0860421 0.0715768 0.0746152 0.0640783 0.0690110 0.0938214 0.0761495 0.0724903 0.0778992 0.1012175 0.1055342 0.0947679 0.0403440 0.0181134 0.0824243 0.0721098 0.0744377 0.0614077 0.0364821 0.0777082 0.0916685 0.1191423 0.0770840 0.0939172 0.0881837 0.0264976 0.0762963 0.0638766 0.0232749 0.0624458 0.0638484 0.0819952 0.0776079 0.0719662 0.0964043 0.0695521 0.0702149 0.0574657 0.1028960 0.0826981 0.0764018 0.0774324 0.0731478 0.0750815 0.1089310 0.0787049 0.1254471 0.0810997 0.1048831 0.1016852 0.0773328 0.0782963 0.1173703 0.0650057 0.1184831 0.0820253 0.0790382 0.0766181 0.0943007 0.0441619 0.0765715 0.1182921 0.0217148 0.0422818 0.0641990 0.0739474 0.0686596 0.0691497 0.1001072 0.0726450 0.1158376 0.0942532 0.0960716 0.1019744 0.0207447 0.0974155 0.0786732 0.0638888 0.0255704 0.0177412 0.0588262 0.0769506 0.0355217 0.0760069 0.0704763 0.0661850 0.0906641 0.0394270 0.0654467 0.0854896 0.0783736 0.0728855 0.0234926 0.0845817 0.0729628 0.0642202 0.0341374 0.0932162 0.0308660 0.0818140 0.0286800 0.0564539 0.0766453 0.0753818 0.0824670 0.0687098 0.0589805 0.0965209 0.0606465 0.0651336 0.0657063 0.0572018 
S0407sl       0.2176526 0.0931883 0.1133957 0.0473927 0.0972473 0.0880982 0.1034790 0.0345221 0.0819102 0.0949611 0.1127536 0.0416241 0.1051527 0.1100445 0.0354596 0.1049473 0.0468835 0.0937990 0.1021286 0.1045573 0.0960382 0.0821040 0.0860421 0.0000000 0.0958572 0.0429291 0.0770295 0.0945458 0.1032565 0.0531791 0.0915992 0.1046610 0.1092540 0.1127999 0.0382356 0.0956174 0.0857575 0.0521101 0.0568427 0.0607805 0.0861773 0.0954908 0.0902202 0.1007333 0.1335368 0.1041783 0.1034561 0.1073245 0.0869531 0.0938503 0.0770578 0.0834584 0.0759253 0.0765278 0.1008441 0.0894701 0.0569929 0.1077500 0.0563274 0.0594503 0.0761944 0.0526353 0.0936598 0.0955556 0.0966156 0.0918163 0.0939648 0.1359661 0.0874071 0.1408767 0.0985377 0.1189036 0.1144367 0.0951317 0.0947525 0.1312025 0.0776869 0.1322791 0.0675019 0.0971627 0.0968365 0.1074922 0.0987486 0.0951842 0.1320192 0.0823554 0.0958775 0.0836318 0.0421468 0.0550487 0.0557068 0.1103616 0.0581096 0.0619356 0.1061745 0.1041599 0.1038159 0.0851452 0.1108776 0.0961428 0.0839079 0.0844496 0.0797011 0.0987542 0.0948244 0.0896097 0.0601402 0.0881023 0.0835285 0.0398486 0.0931154 0.0786971 0.0149015 0.0881769 0.0599270 0.0834827 0.0932393 0.0915395 0.0823353 0.0927697 0.0400805 0.0853154 0.0677452 0.0836813 0.0845411 0.0972278 0.0931507 0.0688161 0.0881939 0.0782187 0.1139669 0.0738254 0.0837194 0.0912078 0.0750730 
S0412sl       0.2093138 0.0769350 0.1008659 0.1109586 0.0942079 0.0779874 0.1010479 0.0945608 0.0724707 0.0786621 0.0846799 0.1032733 0.1017798 0.1064355 0.0968713 0.1006665 0.0832642 0.0853614 0.0929738 0.1011244 0.0786368 0.0701148 0.0715768 0.0958572 0.0000000 0.0810558 0.0731192 0.0780461 0.1003250 0.0839978 0.0824739 0.0692579 0.1044730 0.1089654 0.1023816 0.0839515 0.0708703 0.0911929 0.0794997 0.0838373 0.0653561 0.0828993 0.0868324 0.0977650 0.1246496 0.0652896 0.1008016 0.0974976 0.0732620 0.0829194 0.0724630 0.0704021 0.0713788 0.0721427 0.0911151 0.0856271 0.0789880 0.1030838 0.0794700 0.0787493 0.0679390 0.1040046 0.0895043 0.0859016 0.0873132 0.0816623 0.0856013 0.1033348 0.0861029 0.1298680 0.0875449 0.1114571 0.1055784 0.0866588 0.0877271 0.1215513 0.0741154 0.1223973 0.0900520 0.0892083 0.0840307 0.1029444 0.0817248 0.0853123 0.1221979 0.0692643 0.0828938 0.0726155 0.0806518 0.0784641 0.0775593 0.1070668 0.0801696 0.1253201 0.0990966 0.1004784 0.0988083 0.0704540 0.1048052 0.0900533 0.0706451 0.0728457 0.0674798 0.0842545 0.0858157 0.0749872 0.0827872 0.0781005 0.0720480 0.0987251 0.0799956 0.0733251 0.0945781 0.0862613 0.0825555 0.0709057 0.0898633 0.0813472 0.0733509 0.0794239 0.1005800 0.0705783 0.0890064 0.0700413 0.0612674 0.0887999 0.0844298 0.0911142 0.0781627 0.0688623 0.1046531 0.0695215 0.0741674 0.0748259 0.0672643 
S0417         0.2007685 0.0808484 0.0968014 0.0548479 0.0883525 0.0806075 0.0963019 0.0416746 0.0679373 0.0852292 0.0981742 0.0511297 0.0978297 0.1035162 0.0430463 0.0981035 0.0327909 0.0823235 0.0915751 0.0971085 0.0853311 0.0732312 0.0746152 0.0429291 0.0810558 0.0000000 0.0657288 0.0831695 0.0958021 0.0402930 0.0772676 0.0917706 0.0991695 0.1051522 0.0489420 0.0853239 0.0739954 0.0350438 0.0435766 0.0488745 0.0730924 0.0850417 0.0785436 0.0934873 0.1188068 0.0890038 0.0958867 0.0967386 0.0756931 0.0805672 0.0656312 0.0740891 0.0647448 0.0646075 0.0868788 0.0777955 0.0443296 0.0987686 0.0442547 0.0461794 0.0622333 0.0554487 0.0847069 0.0798811 0.0837146 0.0773316 0.0796081 0.1206047 0.0810882 0.1262168 0.0864376 0.1087040 0.1049568 0.0812007 0.0818032 0.1170170 0.0667605 0.1183419 0.0558457 0.0836519 0.0826001 0.0984904 0.0874817 0.0818317 0.1172792 0.0727571 0.0858649 0.0691659 0.0221730 0.0432404 0.0437765 0.1022297 0.0439164 0.0706941 0.0946653 0.0966909 0.1039779 0.0742607 0.0999009 0.0848748 0.0693852 0.0737369 0.0703914 0.0865052 0.0817402 0.0786950 0.0476729 0.0752661 0.0706280 0.0451547 0.0825242 0.0671686 0.0394999 0.0803356 0.0478986 0.0731043 0.0934911 0.0769874 0.0696809 0.0814104 0.0480254 0.0748522 0.0550868 0.0729719 0.0698240 0.0826029 0.0798549 0.0566538 0.0727545 0.0640775 0.1008916 0.0624585 0.0708443 0.0803748 0.0617379 
S0419         0.1951049 0.0690985 0.0384330 0.0925723 0.0425912 0.0687235 0.0796149 0.0774226 0.0557443 0.0734071 0.0879198 0.0876582 0.0802646 0.0847218 0.0812785 0.0792834 0.0656924 0.0708713 0.0824666 0.0794450 0.0706075 0.0619283 0.0640783 0.0770295 0.0731192 0.0657288 0.0000000 0.0698438 0.0777208 0.0673125 0.0652163 0.0807161 0.0826688 0.0886041 0.0868326 0.0745351 0.0627487 0.0732091 0.0629820 0.0661788 0.0620555 0.0737291 0.0336753 0.0748771 0.1105175 0.0765039 0.0780833 0.0787496 0.0638172 0.0686411 0.0068197 0.0620487 0.0061733 0.0076494 0.0741136 0.0335462 0.0617361 0.0796120 0.0619513 0.0637182 0.0499462 0.0926629 0.0659760 0.0684682 0.0695739 0.0649961 0.0668572 0.1103417 0.0338715 0.1159619 0.0736102 0.0893880 0.0863535 0.0708076 0.0702862 0.1079198 0.0079768 0.1101825 0.0715254 0.0737118 0.0687411 0.0787311 0.0747368 0.0693809 0.1092026 0.0612525 0.0737387 0.0569513 0.0640061 0.0609614 0.0616051 0.0844795 0.0631086 0.1053687 0.0781283 0.0793741 0.0855653 0.0619876 0.0813982 0.0734992 0.0568094 0.0646810 0.0592418 0.0757174 0.0688729 0.0665433 0.0672611 0.0626694 0.0584506 0.0820025 0.0710477 0.0083793 0.0761239 0.0327912 0.0654785 0.0626931 0.0296659 0.0654605 0.0570273 0.0694849 0.0852132 0.0632688 0.0725340 0.0616877 0.0585067 0.0706453 0.0684059 0.0743717 0.0610078 0.0513571 0.0892594 0.0317786 0.0573662 0.0661695 0.0497986 
S0427         0.2104084 0.0744019 0.0987796 0.1070355 0.0893056 0.0734612 0.0963987 0.0937264 0.0688695 0.0770169 0.0948816 0.0999470 0.0952355 0.1027901 0.0962845 0.0954601 0.0830291 0.0808304 0.0942122 0.0952254 0.0326784 0.0662651 0.0690110 0.0945458 0.0780461 0.0831695 0.0698438 0.0000000 0.0945268 0.0835984 0.0789094 0.0837224 0.1006449 0.1043167 0.1002773 0.0793351 0.0671034 0.0909057 0.0772848 0.0826245 0.0666967 0.0779665 0.0827179 0.0916237 0.1239768 0.0821793 0.0943490 0.0918473 0.0679687 0.0819932 0.0696459 0.0667150 0.0688565 0.0690294 0.0893050 0.0819459 0.0784146 0.0964429 0.0774201 0.0764318 0.0628342 0.1088953 0.0837321 0.0833971 0.0836282 0.0793429 0.0819604 0.1117185 0.0813582 0.1317551 0.0855296 0.1063729 0.1036561 0.0834826 0.0842961 0.1226395 0.0706931 0.1245702 0.0876403 0.0860041 0.0821125 0.0959301 0.0784474 0.0819914 0.1228491 0.0650280 0.0781609 0.0696624 0.0812764 0.0766970 0.0774516 0.1010854 0.0769927 0.1188087 0.0960951 0.0964906 0.1030475 0.0663224 0.0973883 0.0819605 0.0681007 0.0682717 0.0643668 0.0802954 0.0827206 0.0693848 0.0811995 0.0752103 0.0701288 0.0967986 0.0752553 0.0708325 0.0930467 0.0810825 0.0803929 0.0667923 0.0817629 0.0776441 0.0705962 0.0746028 0.0986059 0.0663176 0.0868451 0.0666790 0.0630178 0.0820984 0.0810999 0.0905266 0.0734037 0.0644591 0.1005887 0.0644705 0.0710994 0.0318100 0.0627120 
S0430         0.2279392 0.1009772 0.1089613 0.1170267 0.0961395 0.1000303 0.0094791 0.1048348 0.0868708 0.1036609 0.1168507 0.1109983 0.0213147 0.0579727 0.1069345 0.0143424 0.0947915 0.0977123 0.1046637 0.0134777 0.0974186 0.0939477 0.0938214 0.1032565 0.1003250 0.0958021 0.0777208 0.0945268 0.0000000 0.0968219 0.0961416 0.1084947 0.0644025 0.0303595 0.1105973 0.1048771 0.0931368 0.1018409 0.0916395 0.0955441 0.0903755 0.1060053 0.0906106 0.0114293 0.1390355 0.1061960 0.0189609 0.1067923 0.0940675 0.0994421 0.0774050 0.0924781 0.0762215 0.0764950 0.1036367 0.0897650 0.0932813 0.0608593 0.0908192 0.0932124 0.0787511 0.1188010 0.0350268 0.0987672 0.1001245 0.0967726 0.0981038 0.1389466 0.0862549 0.1482766 0.1023895 0.0710552 0.0711384 0.0987491 0.0976924 0.1391072 0.0784141 0.1396415 0.1037167 0.1028221 0.0963076 0.0610798 0.1044758 0.0990297 0.1388566 0.0929288 0.1027497 0.0853351 0.0930721 0.0899821 0.0907974 0.0140173 0.0920555 0.1266082 0.0610186 0.0100767 0.0158171 0.0924669 0.0617214 0.0989244 0.0871249 0.0952218 0.0886758 0.1075253 0.0969894 0.0955357 0.0959043 0.0930045 0.0879352 0.1092766 0.1004131 0.0784217 0.1035270 0.0862935 0.0947510 0.0932237 0.0927591 0.0946607 0.0848874 0.0998692 0.1107959 0.0917061 0.1013142 0.0917928 0.0894408 0.0993117 0.0971209 0.1033708 0.0912679 0.0808719 0.1158618 0.0750374 0.0861331 0.0926686 0.0793934 
