121
PAFTOL_019361 0.0000000 0.1977856 0.2176808 0.1912742 0.1974656 0.1729373 0.2114004 0.1783127 0.1860332 0.1837673 0.1776367 0.1755640 0.2457640 0.2435794 0.2269409 0.1881559 0.1967970 0.1582050 0.2186699 0.1879970 0.2063386 0.1834147 0.1960993 0.1942219 0.1825347 0.2010876 0.1960184 0.2232061 0.1867834 0.2115084 0.2130945 0.2265076 0.1969472 0.1692810 0.1621177 0.1948974 0.2057104 0.1913344 0.1971371 0.1611957 0.1978303 0.2198414 0.2251716 0.1850495 0.2139845 0.1888786 0.1817381 0.1739101 0.1801483 0.2295839 0.2106903 0.1846912 0.1704841 0.2065434 0.2297659 0.2202106 0.2107910 0.2119762 0.2055726 0.1967520 0.2050829 0.2506212 0.2367702 0.2413400 0.2339540 0.2159741 0.1828230 0.2041547 0.2222592 0.2022743 0.2376496 0.1866241 0.1817981 0.2054210 0.1797294 0.2063194 0.1739960 0.1876909 0.1876909 0.2104244 0.2177132 0.1915745 0.2357477 0.2186651 0.1844691 0.2079915 0.1835188 0.1734788 0.1707329 0.1685715 0.2016829 0.2030002 0.1648893 0.1878035 0.1935406 0.1752600 0.1828044 0.1922113 0.1931691 0.2008267 0.2131386 0.1909862 0.1813230 0.2209204 0.1893674 0.1744481 0.1744180 0.2004157 0.1932674 0.2006367 0.2020936 0.1804122 0.1820687 0.1889231 0.1823552 0.1753408 0.2686949 0.2053983 0.1751378 0.1947636 0.1719628 
S0055         0.1977856 0.0000000 0.1030743 0.1019022 0.0909847 0.0474705 0.1111998 0.0732488 0.0843476 0.0501686 0.0630706 0.0824744 0.1251527 0.1346588 0.1175386 0.0874265 0.0910116 0.0628063 0.1036232 0.0729130 0.0595684 0.0455538 0.0603291 0.0932400 0.0755334 0.0818869 0.0869897 0.1239105 0.0901586 0.1010903 0.0732906 0.1169937 0.1028601 0.0422461 0.0213108 0.1064483 0.1040782 0.0878769 0.0516054 0.0212103 0.1020717 0.1040926 0.1362772 0.0729248 0.1137286 0.0531435 0.0723512 0.0397687 0.0758057 0.1130402 0.0848600 0.0851998 0.0761810 0.1037636 0.1086493 0.1030610 0.0917747 0.1018441 0.0968696 0.1235693 0.0691191 0.0780587 0.1234485 0.0914351 0.0944506 0.1362501 0.0531680 0.1190814 0.0992494 0.0921974 0.0977947 0.0527836 0.0786248 0.1197615 0.0556737 0.0622076 0.0792025 0.0936690 0.0936690 0.1137286 0.1072270 0.0936968 0.1272074 0.1172536 0.0476749 0.0771250 0.0912243 0.0664483 0.0587434 0.0431372 0.0320079 0.0925601 0.0448623 0.1004891 0.0867368 0.0757831 0.0901300 0.0595063 0.0782189 0.1106937 0.0998015 0.0994784 0.0477583 0.1089755 0.0786845 0.0671139 0.0451426 0.0995687 0.0537185 0.0734636 0.0735541 0.0887346 0.0820482 0.1031785 0.0763559 0.0908814 0.1419333 0.0847412 0.0673348 0.0727470 0.0761537 
S0196sl       0.2176808 0.1030743 0.0000000 0.1106549 0.0576839 0.0812317 0.1119275 0.0885679 0.0842076 0.0813601 0.0842739 0.1242465 0.1162696 0.1151228 0.1113853 0.0937686 0.1048307 0.0790455 0.1038899 0.0869908 0.0609199 0.0821628 0.0817851 0.1031415 0.0367159 0.0940323 0.0736774 0.1220150 0.1042954 0.1155525 0.1033049 0.1109641 0.1038766 0.0751798 0.0890027 0.1079622 0.1084699 0.0934545 0.0830499 0.0884912 0.0777109 0.1043885 0.1308743 0.0845413 0.1146068 0.0881019 0.0341084 0.0753309 0.0368520 0.1080382 0.0938319 0.0878381 0.0754321 0.1159415 0.0967591 0.1141031 0.1052746 0.1200158 0.0485923 0.1151382 0.1089138 0.1321795 0.0838728 0.1076966 0.1014175 0.1284708 0.0546262 0.1314576 0.1033680 0.0919946 0.1007276 0.0932542 0.0781120 0.1318362 0.0909313 0.1118094 0.0920862 0.0871833 0.0871833 0.1146068 0.1052339 0.1012543 0.1073717 0.1183516 0.0878548 0.0922428 0.0989256 0.0739138 0.0885118 0.0737173 0.1044545 0.0868563 0.0746788 0.0953124 0.0874148 0.0750880 0.1030599 0.0927009 0.0477468 0.1051987 0.0454586 0.1027984 0.0753492 0.0648980 0.0781761 0.0629510 0.0787724 0.0999445 0.0853007 0.0977216 0.0945066 0.0932983 0.0951262 0.0908756 0.0850076 0.0911164 0.1382443 0.0718301 0.0600180 0.0867312 0.0722888 
S0278         0.1912742 0.1019022 0.1106549 0.0000000 0.0881780 0.0786112 0.1246518 0.0255109 0.0880228 0.0815651 0.0758298 0.0677068 0.1391840 0.1315737 0.1312040 0.0477662 0.0977513 0.0628187 0.1166726 0.0941336 0.0981347 0.0828375 0.0954858 0.0589564 0.0851490 0.1042212 0.0595882 0.1344621 0.0371269 0.1021540 0.1190208 0.1249807 0.0399238 0.0729645 0.0733247 0.0401394 0.0801940 0.0968917 0.0960156 0.0729554 0.1091549 0.1172129 0.1321921 0.1032911 0.1271959 0.0821883 0.0848414 0.0733128 0.0885365 0.1142449 0.1081144 0.0703540 0.0827237 0.0375184 0.1193160 0.1041375 0.0895770 0.1061484 0.1011250 0.1223092 0.1006613 0.1376978 0.1148094 0.1070429 0.0975014 0.1316285 0.0888914 0.1211885 0.1062403 0.0989437 0.1298968 0.0842694 0.0758921 0.1218934 0.0846267 0.1008450 0.0502221 0.0909131 0.0909131 0.1271959 0.0831769 0.0269678 0.1288951 0.1308727 0.0762932 0.1084505 0.0826235 0.0755050 0.0823476 0.0717854 0.1155265 0.0897527 0.0697626 0.0886231 0.0970573 0.0793252 0.0451845 0.0892274 0.0969467 0.0378280 0.1041025 0.1026001 0.0791149 0.1133137 0.0732219 0.0705089 0.0735388 0.0564371 0.0882488 0.1001405 0.1072450 0.0685219 0.0799402 0.0944548 0.0713825 0.0978164 0.1273119 0.0876740 0.0707441 0.1028341 0.0796893 
S0281         0.1974656 0.0909847 0.0576839 0.0881780 0.0000000 0.0706084 0.1259838 0.0709636 0.0740669 0.0678464 0.0672823 0.1115286 0.1335775 0.1193320 0.1326196 0.0888727 0.0953464 0.0756317 0.1178923 0.0860018 0.0762137 0.0714173 0.0830175 0.0947931 0.0511070 0.0927258 0.0799144 0.1359189 0.0914743 0.1029421 0.1038363 0.1104982 0.0948859 0.0650142 0.0646368 0.0862304 0.1025943 0.0887054 0.0782140 0.0643084 0.0759995 0.1184444 0.1354426 0.0791165 0.1285536 0.0768688 0.0481741 0.0653244 0.0484205 0.1026072 0.0884529 0.0830880 0.0745636 0.0986055 0.1033101 0.1017315 0.0934320 0.1069764 0.0572485 0.1190081 0.0763008 0.1168250 0.1081066 0.1019229 0.0994446 0.1317928 0.0593361 0.1280224 0.0978810 0.0905118 0.0922417 0.0877289 0.0683772 0.1287717 0.0795121 0.0985681 0.0713831 0.0827843 0.0827843 0.1285536 0.1057778 0.0857898 0.1141964 0.1322811 0.0734701 0.0931701 0.0780153 0.0643806 0.0772038 0.0606031 0.0979497 0.0823528 0.0674633 0.0961985 0.0887999 0.0712489 0.0918743 0.0809541 0.0592040 0.0994121 0.0600263 0.0975309 0.0710595 0.0696057 0.0714060 0.0570397 0.0682685 0.0922944 0.0715815 0.0918451 0.0982344 0.0847731 0.0833001 0.0862440 0.0746973 0.0865789 0.1504552 0.0681557 0.0572277 0.0886726 0.0715708 
S0282         0.1729373 0.0474705 0.0812317 0.0786112 0.0706084 0.0000000 0.1051440 0.0559685 0.0559262 0.0168236 0.0343342 0.0929382 0.1219566 0.1065807 0.1084987 0.0697491 0.0641451 0.0577690 0.1006158 0.0536518 0.0254031 0.0220365 0.0319395 0.0754182 0.0507999 0.0649217 0.0406606 0.1145438 0.0668958 0.0712783 0.0593597 0.0952514 0.0793273 0.0095341 0.0126883 0.0820436 0.0739878 0.0735934 0.0382045 0.0126288 0.0815843 0.1010700 0.1066914 0.0456591 0.1076752 0.0193864 0.0478874 0.0095665 0.0509805 0.0853317 0.0787085 0.0584217 0.0535648 0.0794243 0.0904269 0.0704876 0.0681756 0.0713919 0.0751490 0.0919669 0.0744982 0.1041366 0.0887200 0.0852394 0.0795732 0.1040344 0.0533219 0.0998664 0.0668121 0.0682626 0.0918219 0.0398257 0.0452704 0.1004277 0.0218128 0.0452857 0.0583908 0.0734954 0.0734954 0.1076752 0.0797669 0.0706123 0.0987900 0.1111465 0.0193427 0.0740742 0.0592609 0.0465238 0.0244533 0.0097220 0.0560949 0.0610887 0.0218876 0.0793370 0.0587818 0.0478901 0.0729811 0.0322565 0.0588444 0.0858259 0.0779994 0.0791085 0.0144457 0.0874174 0.0456130 0.0398480 0.0120112 0.0762349 0.0246075 0.0376389 0.0541080 0.0595148 0.0562247 0.0769811 0.0509774 0.0648109 0.1273073 0.0588996 0.0399734 0.0562018 0.0507885 
S0288         0.2114004 0.1111998 0.1119275 0.1246518 0.1259838 0.1051440 0.0000000 0.1033804 0.1049886 0.1083700 0.1064051 0.1462454 0.0352076 0.1141085 0.0071427 0.1019724 0.1260382 0.0794161 0.0169055 0.1010184 0.0986474 0.1056188 0.1103068 0.1144007 0.1048889 0.1083766 0.1122808 0.0071486 0.1217029 0.1259729 0.1242876 0.1075893 0.1217334 0.1019752 0.1015066 0.1320454 0.1156629 0.1195069 0.1103687 0.1009686 0.1378889 0.0169713 0.1633248 0.1109431 0.0000029 0.1122768 0.1085192 0.0963111 0.1024564 0.1352189 0.0781747 0.0928269 0.0894066 0.1269873 0.0874547 0.1278357 0.1159168 0.1239386 0.1157235 0.1333934 0.1373425 0.1150682 0.1096490 0.1288617 0.1257827 0.1573666 0.1239247 0.1449670 0.1235539 0.1095501 0.1071143 0.1108481 0.0988692 0.1458267 0.1076731 0.1262832 0.0931597 0.1131855 0.1131855 0.0047319 0.1118027 0.1158805 0.1112632 0.0047426 0.1056573 0.0827680 0.1202237 0.0987562 0.1083458 0.0948150 0.1251870 0.1136686 0.0951941 0.1179669 0.1115356 0.0898771 0.1102199 0.1234126 0.1206209 0.1235526 0.1187945 0.1254684 0.0991375 0.1213752 0.0929600 0.0864908 0.1028271 0.1183124 0.1158961 0.1288224 0.1283666 0.1149850 0.1162847 0.1102559 0.0991589 0.0988139 0.1681560 0.1146662 0.0867914 0.1040141 0.0862956 
S0289         0.1783127 0.0732488 0.0885679 0.0255109 0.0709636 0.0559685 0.1033804 0.0000000 0.0615335 0.0560297 0.0510898 0.0361270 0.1179510 0.1116328 0.1069043 0.0150255 0.0740354 0.0493078 0.0928344 0.0795087 0.0708347 0.0565474 0.0640911 0.0334558 0.0589645 0.0772556 0.0562473 0.1101400 0.0176702 0.0775082 0.0861482 0.0993564 0.0255075 0.0503487 0.0460767 0.0334680 0.0537610 0.0647232 0.0633193 0.0458426 0.0953831 0.0932669 0.1236901 0.0796348 0.1030719 0.0593337 0.0621332 0.0505928 0.0620110 0.0893981 0.0667739 0.0435358 0.0589321 0.0257744 0.0942381 0.0796861 0.0653044 0.0778394 0.0754204 0.1039503 0.0671290 0.0973961 0.1031285 0.0856817 0.0800345 0.1133878 0.0561992 0.1092895 0.0734947 0.0715547 0.0960396 0.0646554 0.0470930 0.1099430 0.0619738 0.0776940 0.0266881 0.0617838 0.0617838 0.1030719 0.0537819 0.0229894 0.1030803 0.1034660 0.0591793 0.0739834 0.0650627 0.0515971 0.0653071 0.0458578 0.0893264 0.0608230 0.0474284 0.0678941 0.0642818 0.0530329 0.0150931 0.0719360 0.0706173 0.0257479 0.0783904 0.0703522 0.0563316 0.0850476 0.0501619 0.0416174 0.0507505 0.0283665 0.0624288 0.0742992 0.0712452 0.0566321 0.0623355 0.0650619 0.0477199 0.0707391 0.1046115 0.0585139 0.0417541 0.0733861 0.0559935 
S0292         0.1860332 0.0843476 0.0842076 0.0880228 0.0740669 0.0559262 0.1049886 0.0615335 0.0000000 0.0587057 0.0512428 0.0776907 0.1187118 0.1037227 0.1112456 0.0696009 0.0619689 0.0377401 0.0975766 0.0702706 0.0669612 0.0540029 0.0667827 0.0640790 0.0591369 0.0709130 0.0869468 0.1143713 0.0757891 0.0680199 0.0820329 0.0950795 0.0821631 0.0505653 0.0349002 0.0733685 0.0738993 0.0706575 0.0659027 0.0347319 0.0821511 0.0980152 0.1138718 0.0702819 0.1075160 0.0618130 0.0593203 0.0507995 0.0593487 0.0853548 0.0847890 0.0583902 0.0562643 0.0828251 0.0873985 0.0701374 0.0649679 0.0775295 0.0692308 0.0956867 0.0642261 0.0988204 0.1035052 0.0880252 0.0823434 0.1079037 0.0489531 0.1068886 0.0727219 0.0567461 0.0947064 0.0728521 0.0345845 0.1074967 0.0589363 0.0760642 0.0556791 0.0819512 0.0819512 0.1075160 0.0795897 0.0768846 0.0986096 0.1140648 0.0616591 0.0926584 0.0567533 0.0147998 0.0566139 0.0516510 0.0942346 0.0448205 0.0533491 0.0735085 0.0318985 0.0193463 0.0757645 0.0649872 0.0673142 0.0827759 0.0720621 0.0761388 0.0562721 0.0813660 0.0374908 0.0243472 0.0535915 0.0706159 0.0615534 0.0671214 0.0823328 0.0572968 0.0537357 0.0853675 0.0536098 0.0620248 0.1198931 0.0642838 0.0294815 0.0673154 0.0560993 
S0293         0.1837673 0.0501686 0.0813601 0.0815651 0.0678464 0.0168236 0.1083700 0.0560297 0.0587057 0.0000000 0.0371351 0.0978083 0.1215921 0.1037402 0.1146848 0.0726278 0.0730653 0.0628624 0.1037672 0.0590688 0.0253663 0.0220604 0.0347516 0.0783375 0.0535577 0.0704832 0.0409104 0.1178376 0.0697525 0.0797229 0.0621965 0.0981900 0.0823117 0.0168336 0.0169601 0.0850393 0.0798048 0.0765392 0.0408107 0.0168807 0.0845624 0.1042382 0.1100170 0.0537606 0.1109032 0.0218974 0.0506121 0.0095804 0.0537488 0.0883643 0.0758161 0.0613376 0.0563460 0.0766086 0.0875956 0.0790483 0.0710939 0.0805175 0.0752682 0.0951263 0.0692377 0.0987451 0.0841560 0.0882688 0.0825687 0.1072633 0.0579034 0.1031326 0.0756030 0.0654937 0.0890303 0.0424862 0.0479285 0.1037147 0.0243337 0.0509786 0.0613039 0.0764364 0.0764364 0.1109032 0.0827708 0.0735312 0.1020561 0.1144090 0.0218477 0.0712560 0.0649137 0.0493136 0.0244776 0.0146800 0.0588825 0.0638915 0.0244175 0.0823206 0.0668757 0.0506161 0.0758985 0.0377013 0.0616530 0.0888781 0.0781227 0.0820843 0.0169209 0.0875510 0.0535636 0.0425104 0.0144712 0.0791908 0.0271071 0.0403129 0.0569210 0.0651930 0.0616415 0.0827310 0.0537474 0.0703644 0.1207399 0.0617115 0.0426448 0.0616300 0.0535467 
S0294         0.1776367 0.0630706 0.0842739 0.0758298 0.0672823 0.0343342 0.1064051 0.0510898 0.0512428 0.0371351 0.0000000 0.0849487 0.1211472 0.1125388 0.1131136 0.0692288 0.0788967 0.0574771 0.0984563 0.0547852 0.0461101 0.0348881 0.0468967 0.0754217 0.0464313 0.0699925 0.0498418 0.1164661 0.0661730 0.0833110 0.0573914 0.0957167 0.0765702 0.0288848 0.0234479 0.0794835 0.0800438 0.0794766 0.0466729 0.0233264 0.0697416 0.0989294 0.1242446 0.0548708 0.1091055 0.0343331 0.0548948 0.0290233 0.0581997 0.0924104 0.0876665 0.0690593 0.0578265 0.0758424 0.0943267 0.0756485 0.0675935 0.0872359 0.0778567 0.1038979 0.0535167 0.1024397 0.0898263 0.0885640 0.0824753 0.1142755 0.0484343 0.1165159 0.0755494 0.0738239 0.0995301 0.0456667 0.0574237 0.1172387 0.0400497 0.0452790 0.0598014 0.0733904 0.0733904 0.1091055 0.0832345 0.0731628 0.1028228 0.1128246 0.0400555 0.0835408 0.0670728 0.0501485 0.0431398 0.0294459 0.0637750 0.0629759 0.0288961 0.0890168 0.0693617 0.0516504 0.0695579 0.0343594 0.0638975 0.0835083 0.0811488 0.0886857 0.0316791 0.0878962 0.0579000 0.0429362 0.0318182 0.0762999 0.0259308 0.0368556 0.0611716 0.0672844 0.0637116 0.0830834 0.0518250 0.0669687 0.1309887 0.0606329 0.0430818 0.0575196 0.0548099 
S0299         0.1755640 0.0824744 0.1242465 0.0677068 0.1115286 0.0929382 0.1462454 0.0361270 0.0776907 0.0978083 0.0849487 0.0000000 0.1277224 0.1434103 0.1595267 0.0482812 0.0945224 0.0781073 0.1390204 0.1034691 0.0934302 0.0787226 0.1153231 0.0533661 0.0889944 0.1054428 0.0000010 0.1642603 0.0485142 0.0998315 0.1110140 0.1387338 0.0582097 0.0775438 0.0783443 0.0677597 0.0538629 0.0777665 0.1015899 0.0779476 0.1095529 0.1334209 0.1675061 0.1147513 0.1514578 0.0891660 0.0941138 0.0779990 0.0893779 0.1223277 0.0865983 0.0413668 0.0887280 0.0645159 0.1254475 0.1148005 0.0841142 0.1015800 0.1000231 0.1665437 0.0946197 0.1272668 0.1071226 0.1097198 0.1043759 0.1721223 0.0941138 0.1425423 0.1206690 0.1007326 0.1260926 0.0929929 0.0717455 0.1369666 0.0830101 0.1230425 0.0529076 0.0776678 0.0776678 0.1514578 0.0633206 0.0637782 0.1530261 0.1408271 0.0933606 0.0827640 0.0826037 0.0559844 0.0840244 0.0805955 0.0898502 0.0670476 0.0722842 0.0731697 0.0771130 0.0726878 0.0436521 0.1119041 0.0992782 0.0587506 0.0995429 0.0824243 0.0879258 0.1339832 0.0721843 0.0673958 0.0780544 0.0348819 0.0997623 0.1103212 0.0987466 0.0831252 0.0728882 0.0834734 0.0787822 0.1100281 0.1560275 0.0817183 0.0670607 0.1034682 0.0887584 
S0303         0.2457640 0.1251527 0.1162696 0.1391840 0.1335775 0.1219566 0.0352076 0.1179510 0.1187118 0.1215921 0.1211472 0.1277224 0.0000000 0.1282345 0.0457710 0.1220561 0.1407746 0.0578019 0.0245659 0.1144905 0.0975209 0.1229645 0.1362242 0.1350934 0.1152202 0.1222585 0.1739220 0.0458121 0.1361498 0.1367387 0.1491266 0.1114273 0.1361897 0.1156012 0.0898312 0.1386876 0.1254113 0.1346346 0.1207672 0.0893649 0.1492617 0.0246634 0.1899302 0.1316070 0.0376505 0.1295216 0.1189998 0.1128186 0.1127778 0.1501683 0.0912424 0.1089897 0.1025139 0.1418563 0.1006310 0.1424802 0.1302283 0.1387280 0.1307029 0.1598175 0.1188880 0.0982150 0.0935612 0.1433234 0.1368799 0.1736945 0.1062697 0.1702499 0.1379228 0.1302730 0.1207952 0.1247417 0.1123743 0.1713015 0.1245061 0.1410470 0.1058470 0.1280182 0.1280182 0.0324299 0.1246702 0.1270453 0.1189265 0.0430382 0.1225703 0.0993366 0.1348206 0.1126353 0.1253050 0.1151770 0.1362101 0.1276324 0.1084808 0.1236706 0.1153520 0.1030708 0.1240227 0.1381114 0.1314037 0.1407984 0.1268621 0.1408228 0.1157191 0.1395271 0.1027388 0.0995029 0.1196638 0.1326240 0.1294808 0.1468172 0.1331597 0.1295277 0.1267990 0.1321811 0.1127084 0.1123143 0.1690772 0.1286006 0.0998583 0.1175862 0.0992729 
S0308         0.2435794 0.1346588 0.1151228 0.1315737 0.1193320 0.1065807 0.1141085 0.1116328 0.1037227 0.1037402 0.1125388 0.1434103 0.1282345 0.0000000 0.1267469 0.1256179 0.1273972 0.0895066 0.1093984 0.1131620 0.1033468 0.1113191 0.1163665 0.1321194 0.1044990 0.1182664 0.1024949 0.1236470 0.1253954 0.1275564 0.1298860 0.0851067 0.1234698 0.0940776 0.1112702 0.1372769 0.1300874 0.1290555 0.1157046 0.1106809 0.1332554 0.1067130 0.1776274 0.1262104 0.1166330 0.1136420 0.1008916 0.0980444 0.0954582 0.1410028 0.0807587 0.1107389 0.1017690 0.1307010 0.0633176 0.1208313 0.1175921 0.1319662 0.1114383 0.1518004 0.1426845 0.0678487 0.1245985 0.1267843 0.1206407 0.1654496 0.1116769 0.1693505 0.1258518 0.1295278 0.0852985 0.1185240 0.0916740 0.1703909 0.1090742 0.1311298 0.1077309 0.1226163 0.1226163 0.1196323 0.1263215 0.1196971 0.0824161 0.1201803 0.1133258 0.0759032 0.1082069 0.1005894 0.1129078 0.0962245 0.1398311 0.1183881 0.0998768 0.1326137 0.1162889 0.0945747 0.1255827 0.1123406 0.1136109 0.1388027 0.1144693 0.1350948 0.1043138 0.1204058 0.0977773 0.0980010 0.1042998 0.1326678 0.1172219 0.1142840 0.1336755 0.1188733 0.1177499 0.1266334 0.1043914 0.1176845 0.1734936 0.1164240 0.0954014 0.1198750 0.1014493 
S0322         0.2269409 0.1175386 0.1113853 0.1312040 0.1326196 0.1084987 0.0071427 0.1069043 0.1112456 0.1146848 0.1131136 0.1595267 0.0457710 0.1267469 0.0000000 0.1081960 0.1326762 0.0964181 0.0243363 0.1071760 0.1056931 0.1119164 0.1170983 0.1207835 0.1111400 0.1146932 0.1042774 0.0144058 0.1282268 0.1326058 0.1308198 0.1140168 0.1282615 0.1081987 0.1185316 0.1387359 0.1185871 0.1258983 0.1168184 0.1178908 0.1446266 0.0244320 0.1707473 0.1207593 0.0071093 0.1186874 0.1148449 0.1024871 0.1148978 0.1419457 0.0843134 0.0991164 0.0954398 0.1336810 0.0935262 0.1344272 0.1223997 0.1306070 0.1187990 0.1403149 0.1560849 0.1322094 0.1043232 0.1314443 0.1251918 0.1646029 0.1418820 0.1521075 0.1300373 0.1159515 0.1133453 0.1171617 0.1050491 0.1530159 0.1139434 0.1329327 0.0994710 0.1194915 0.1194915 0.0119186 0.1149902 0.1223605 0.1137978 0.0119458 0.1119612 0.0855953 0.1268191 0.1051049 0.1146608 0.1010631 0.1317685 0.1200042 0.1012883 0.1244164 0.1178929 0.0959476 0.1164949 0.1300429 0.1270783 0.1301952 0.1218761 0.1319183 0.1053346 0.1247060 0.0990753 0.0924910 0.1091093 0.1247874 0.1223722 0.1354712 0.1349951 0.1215739 0.1227896 0.1097560 0.1053579 0.0983670 0.1758350 0.1178646 0.0928154 0.1102065 0.0922808 
S0327         0.1881559 0.0874265 0.0937686 0.0477662 0.0888727 0.0697491 0.1019724 0.0150255 0.0696009 0.0726278 0.0692288 0.0482812 0.1220561 0.1256179 0.1081960 0.0000000 0.0851589 0.0569576 0.1006917 0.0904175 0.0933117 0.0708129 0.0821230 0.0396354 0.0702427 0.0912619 0.0727116 0.1113073 0.0318983 0.0879553 0.1027760 0.1109540 0.0424739 0.0642279 0.0533576 0.0529348 0.0619456 0.0759112 0.0774887 0.0530968 0.1090344 0.1011466 0.1310599 0.0875833 0.1045015 0.0759194 0.0734032 0.0645302 0.0734379 0.1000681 0.0790414 0.0524461 0.0728895 0.0427996 0.1028094 0.0935101 0.0760349 0.0916445 0.0936738 0.1054016 0.0789716 0.1038985 0.0929895 0.0963317 0.0906013 0.1209948 0.0584649 0.1170519 0.0898589 0.0767562 0.1041744 0.0758305 0.0582028 0.1177258 0.0729225 0.0913159 0.0307913 0.0702226 0.0702226 0.1045015 0.0706737 0.0426904 0.1146735 0.1018629 0.0729846 0.0830518 0.0762262 0.0603015 0.0762462 0.0628915 0.1005335 0.0688722 0.0615749 0.0758974 0.0781460 0.0613406 0.0319809 0.0857060 0.0788604 0.0453849 0.0965939 0.0814078 0.0701889 0.1058055 0.0614707 0.0530285 0.0674340 0.0427213 0.0790733 0.0906872 0.0854268 0.0708276 0.0708261 0.0734744 0.0619344 0.0874313 0.1188665 0.0722226 0.0531984 0.0872938 0.0699722 
S0335         0.1967970 0.0910116 0.1048307 0.0977513 0.0953464 0.0641451 0.1260382 0.0740354 0.0619689 0.0730653 0.0788967 0.0945224 0.1407746 0.1273972 0.1326762 0.0851589 0.0000000 0.0329211 0.1179415 0.0858500 0.0755175 0.0712181 0.0800903 0.0881258 0.0771141 0.0807178 0.0855186 0.1359769 0.0908822 0.0771379 0.1013550 0.1224873 0.0954068 0.0618047 0.0495481 0.1011223 0.0932194 0.1045645 0.0845895 0.0493025 0.1067479 0.1184940 0.1213427 0.0947871 0.1286081 0.0763817 0.0710594 0.0649179 0.0716863 0.1047108 0.1055804 0.0771929 0.0735144 0.0954849 0.1138314 0.0790754 0.0712238 0.0806659 0.0888205 0.1089363 0.0806678 0.1169012 0.1301331 0.0985686 0.0926928 0.1150802 0.0643742 0.1108194 0.0934073 0.0542270 0.1213323 0.0820696 0.0483042 0.1114569 0.0790079 0.0796643 0.0769657 0.0984005 0.0984005 0.1286081 0.1021824 0.0893286 0.1263959 0.1355906 0.0705681 0.1063653 0.0427857 0.0525209 0.0824262 0.0598809 0.0978029 0.0728397 0.0675242 0.1015896 0.0648602 0.0537581 0.0946168 0.0740583 0.0856974 0.1052999 0.0917653 0.1104257 0.0706133 0.1011676 0.0569701 0.0399550 0.0678411 0.0953486 0.0795581 0.0912492 0.0949230 0.0431529 0.0220392 0.1020982 0.0651983 0.0824199 0.1496974 0.0767175 0.0400810 0.0768903 0.0646665 
S0345         0.1582050 0.0628063 0.0790455 0.0628187 0.0756317 0.0577690 0.0794161 0.0493078 0.0377401 0.0628624 0.0574771 0.0781073 0.0578019 0.0895066 0.0964181 0.0569576 0.0329211 0.0000000 0.0681717 0.0575037 0.0720962 0.0429372 0.0684280 0.0729160 0.0586344 0.0638020 0.0000010 0.0960010 0.0624571 0.0482480 0.0916686 0.0771381 0.0576470 0.0424888 0.0480363 0.0732329 0.0583145 0.0520552 0.0707585 0.0477819 0.0797995 0.0629922 0.1055574 0.0688406 0.0844898 0.0638557 0.0586344 0.0475646 0.0588978 0.0698892 0.0633108 0.0344866 0.0376810 0.0752122 0.0716767 0.0578521 0.0381686 0.0543665 0.0538557 0.1113921 0.0812618 0.0901013 0.0540268 0.0579143 0.0527859 0.1230452 0.0638380 0.0998453 0.0791223 0.0483374 0.0838577 0.0630524 0.0275754 0.1003563 0.0576962 0.1042560 0.0723605 0.0519897 0.0519897 0.0791968 0.0626451 0.0578415 0.0953444 0.0904029 0.0530564 0.0606898 0.0228383 0.0242107 0.0532977 0.0438809 0.0696660 0.0372246 0.0423482 0.0525232 0.0278156 0.0328145 0.0620462 0.0759210 0.0690917 0.0740023 0.0535911 0.0568507 0.0529692 0.0839928 0.0228585 0.0278064 0.0528056 0.0686567 0.0694436 0.0864283 0.0677490 0.0135663 0.0228751 0.0575840 0.0330816 0.0478244 0.1058577 0.0577417 0.0328145 0.0574909 0.0376951 
S0355         0.2186699 0.1036232 0.1038899 0.1166726 0.1178923 0.1006158 0.0169055 0.0928344 0.0975766 0.1037672 0.0984563 0.1390204 0.0245659 0.1093984 0.0243363 0.1006917 0.1179415 0.0681717 0.0000000 0.0937657 0.1052888 0.1014165 0.1123907 0.1129418 0.0974851 0.0977330 0.1030177 0.0243573 0.1137894 0.1178827 0.1260149 0.0937794 0.1138157 0.0946360 0.1003336 0.1238175 0.1078861 0.1191267 0.1026727 0.0998081 0.1232565 0.0047273 0.1627336 0.1096893 0.0168255 0.1075572 0.1009878 0.0919587 0.0950755 0.1239822 0.0743364 0.0918374 0.0824257 0.1155457 0.0804525 0.1197735 0.1081186 0.1158305 0.1109654 0.1285389 0.1301963 0.1086691 0.0982361 0.1238364 0.1177072 0.1481839 0.1171664 0.1444576 0.1095910 0.1081448 0.0997082 0.1033044 0.0916150 0.1453110 0.1031116 0.1181699 0.0859296 0.1128289 0.1128289 0.0119474 0.1011069 0.1019685 0.0972497 0.0218118 0.1010976 0.0789097 0.1122444 0.0882994 0.1037442 0.0938007 0.1171662 0.1060678 0.0880790 0.1101842 0.1039323 0.0828490 0.1027285 0.1153551 0.1127989 0.1219258 0.1139839 0.1250659 0.0947349 0.1134361 0.0858462 0.0795798 0.0983184 0.1104965 0.1110826 0.1237172 0.1172386 0.1070732 0.1084573 0.1166970 0.0918795 0.0915629 0.1582983 0.1039057 0.0798505 0.0966877 0.0794038 
S0376         0.1879970 0.0729130 0.0869908 0.0941336 0.0860018 0.0536518 0.1010184 0.0795087 0.0702706 0.0590688 0.0547852 0.1034691 0.1144905 0.1131620 0.1071760 0.0904175 0.0858500 0.0575037 0.0937657 0.0000000 0.0673615 0.0626739 0.0667231 0.0904584 0.0675295 0.0269863 0.0955840 0.1102539 0.0941459 0.0831525 0.0732716 0.1013579 0.1000258 0.0427591 0.0443890 0.0976298 0.0980501 0.0850989 0.0657564 0.0441715 0.0853980 0.0941818 0.1138942 0.0646909 0.1035257 0.0650511 0.0706645 0.0509673 0.0678620 0.1101448 0.0941835 0.0821909 0.0651027 0.0986893 0.0963758 0.0879698 0.0856952 0.0987015 0.0844081 0.0895143 0.0795730 0.0990263 0.1043623 0.0979886 0.0921489 0.1016178 0.0685469 0.1038107 0.0964431 0.0802846 0.1037896 0.0643360 0.0646926 0.1044016 0.0647810 0.0799482 0.0793720 0.0908725 0.0908725 0.1035257 0.1011590 0.0886752 0.1049640 0.1069247 0.0648870 0.0823744 0.0804161 0.0580855 0.0569588 0.0520439 0.0883222 0.0726662 0.0505678 0.0887803 0.0732725 0.0536416 0.0867532 0.0631417 0.0817706 0.1017266 0.0872969 0.0966644 0.0594303 0.0936251 0.0592566 0.0589205 0.0567152 0.0967524 0.0597106 0.0799196 0.0792901 0.0807694 0.0770750 0.1003326 0.0676492 0.0795217 0.1346659 0.0762105 0.0591125 0.0168420 0.0622170 
S0400         0.2063386 0.0595684 0.0609199 0.0981347 0.0762137 0.0254031 0.0986474 0.0708347 0.0669612 0.0253663 0.0461101 0.0934302 0.0975209 0.1033468 0.1056931 0.0933117 0.0755175 0.0720962 0.1052888 0.0673615 0.0000000 0.0256449 0.0320945 0.0893979 0.0493682 0.0788957 0.0601518 0.1105609 0.0899652 0.0875494 0.0607358 0.1161721 0.0947817 0.0254235 0.0191078 0.0944572 0.0752008 0.0787721 0.0468492 0.0190070 0.0908329 0.1014310 0.0997295 0.0608623 0.1018852 0.0289354 0.0458904 0.0189627 0.0461735 0.0871630 0.0812551 0.0512697 0.0639420 0.1037258 0.0935875 0.0865739 0.0761193 0.0929003 0.0614341 0.1031488 0.0784899 0.1002668 0.0869228 0.0907340 0.0828423 0.1143789 0.0543246 0.0995229 0.0859372 0.0755398 0.1025274 0.0602047 0.0633957 0.0998603 0.0286118 0.0648267 0.0728945 0.0786345 0.0786345 0.1098255 0.0748240 0.0915012 0.1118671 0.1022811 0.0321777 0.0794220 0.0754722 0.0580219 0.0288518 0.0194324 0.0605418 0.0701052 0.0356715 0.0636053 0.0666988 0.0598356 0.0936311 0.0468606 0.0634623 0.1026170 0.0612311 0.0822598 0.0189684 0.0818875 0.0599574 0.0422365 0.0222571 0.0941549 0.0393922 0.0429602 0.0607656 0.0724198 0.0675584 0.0868639 0.0606386 0.0826367 0.1241221 0.0635653 0.0422365 0.0707271 0.0602256 
S0405         0.1834147 0.0455538 0.0821628 0.0828375 0.0714173 0.0220365 0.1056188 0.0565474 0.0540029 0.0220604 0.0348881 0.0787226 0.1229645 0.1113191 0.1119164 0.0708129 0.0712181 0.0429372 0.1014165 0.0626739 0.0256449 0.0000000 0.0379462 0.0765763 0.0542338 0.0714000 0.0605266 0.1150622 0.0708171 0.0810108 0.0574472 0.0934014 0.0805675 0.0195404 0.0042358 0.0833270 0.0808665 0.0657965 0.0414365 0.0042159 0.0770784 0.0950375 0.1116275 0.0490033 0.1081593 0.0272733 0.0485797 0.0171225 0.0544296 0.0895511 0.0796720 0.0649012 0.0485797 0.0778072 0.0916824 0.0800898 0.0720274 0.0815984 0.0759802 0.0964635 0.0553615 0.0896307 0.1050074 0.0891997 0.0836697 0.1087909 0.0398485 0.1046232 0.0765861 0.0721205 0.0901092 0.0404376 0.0512416 0.1052225 0.0246723 0.0544259 0.0560754 0.0713367 0.0713367 0.1081593 0.0838775 0.0688953 0.1032372 0.1116482 0.0220462 0.0749576 0.0686692 0.0444545 0.0273872 0.0147796 0.0569808 0.0647025 0.0272882 0.0834142 0.0623725 0.0458890 0.0708345 0.0381703 0.0624155 0.0871878 0.0788632 0.0712964 0.0221665 0.0883662 0.0543876 0.0430343 0.0196586 0.0774193 0.0301476 0.0462501 0.0576514 0.0689682 0.0654779 0.0773215 0.0544286 0.0624427 0.1254950 0.0624995 0.0431718 0.0652777 0.0458176 
S0412sl       0.1960993 0.0603291 0.0817851 0.0954858 0.0830175 0.0319395 0.1103068 0.0640911 0.0667827 0.0347516 0.0468967 0.1153231 0.1362242 0.1163665 0.1170983 0.0821230 0.0800903 0.0684280 0.1123907 0.0667231 0.0320945 0.0379462 0.0000000 0.0884264 0.0577000 0.0758300 0.0668192 0.1204889 0.0859967 0.0872193 0.0459647 0.1136977 0.0922204 0.0292014 0.0247589 0.0959522 0.0933787 0.0797315 0.0295040 0.0245086 0.0953653 0.1129443 0.1132034 0.0404005 0.1130193 0.0377748 0.0578913 0.0265900 0.0579212 0.0931260 0.0815903 0.0759128 0.0671921 0.0968872 0.1014077 0.0830410 0.0803582 0.0875077 0.0747197 0.1038419 0.0936065 0.1231767 0.1131949 0.0962623 0.0932368 0.1133880 0.0677512 0.1120517 0.0793810 0.0807238 0.0996922 0.0490275 0.0608434 0.1127187 0.0376520 0.0646299 0.0735795 0.0796154 0.0796154 0.1198091 0.0966903 0.0864906 0.1177388 0.1167942 0.0348900 0.0829608 0.0712388 0.0536567 0.0436031 0.0212960 0.0667338 0.0723726 0.0319568 0.0957931 0.0759827 0.0578977 0.0789623 0.0498619 0.0694906 0.0970245 0.0777788 0.0795682 0.0321452 0.0878762 0.0608905 0.0489828 0.0293941 0.0851825 0.0439109 0.0527017 0.0463318 0.0779860 0.0740658 0.0861415 0.0613715 0.0827458 0.1254143 0.0730997 0.0491518 0.0663578 0.0640822 
S0417         0.1942219 0.0932400 0.1031415 0.0589564 0.0947931 0.0754182 0.1144007 0.0334558 0.0640790 0.0783375 0.0754217 0.0533661 0.1350934 0.1321194 0.1207835 0.0396354 0.0881258 0.0729160 0.1129418 0.0904584 0.0893979 0.0765763 0.0884264 0.0000000 0.0789308 0.0884854 0.0465696 0.1239650 0.0477524 0.0915378 0.1057801 0.1177578 0.0644041 0.0698311 0.0733957 0.0533124 0.0708170 0.0673093 0.0863698 0.0730256 0.1022154 0.1134598 0.1309070 0.0965819 0.1169307 0.0789299 0.0791807 0.0701618 0.0792178 0.1001127 0.0913020 0.0610508 0.0786242 0.0593464 0.1153408 0.0935521 0.0824649 0.0953068 0.0934724 0.1085061 0.1007756 0.1268838 0.1121419 0.0963746 0.0906422 0.1177564 0.0889855 0.1137697 0.0898993 0.0826151 0.1102805 0.0816081 0.0582303 0.1144230 0.0726541 0.0973512 0.0281956 0.0672994 0.0672994 0.1169307 0.0737085 0.0537717 0.1247004 0.1142785 0.0787265 0.0953175 0.0792727 0.0575291 0.0759616 0.0685985 0.1065617 0.0744614 0.0727695 0.0813347 0.0781819 0.0613697 0.0478850 0.0916882 0.0904409 0.0620212 0.0963853 0.0727189 0.0758975 0.1085564 0.0670387 0.0584632 0.0703763 0.0427422 0.0849171 0.0966765 0.0973958 0.0823925 0.0793737 0.0705074 0.0619640 0.0905332 0.1433838 0.0778965 0.0586521 0.0873334 0.0756628 
S0419         0.1825347 0.0755334 0.0367159 0.0851490 0.0511070 0.0507999 0.1048889 0.0589645 0.0591369 0.0535577 0.0464313 0.0889944 0.1152202 0.1044990 0.1111400 0.0702427 0.0771141 0.0586344 0.0974851 0.0675295 0.0493682 0.0542338 0.0577000 0.0789308 0.0000000 0.0708469 0.0737765 0.1142628 0.0765004 0.0864458 0.0822378 0.0944542 0.0734291 0.0454697 0.0351028 0.0826397 0.0802573 0.0729463 0.0573578 0.0349326 0.0587611 0.0979228 0.1058187 0.0733557 0.1074145 0.0566133 0.0095315 0.0456807 0.0095362 0.0861759 0.0815462 0.0614546 0.0594688 0.0836222 0.0844304 0.0854618 0.0715978 0.0901693 0.0399536 0.0881185 0.0604471 0.1054985 0.0977408 0.0889067 0.0831625 0.1000056 0.0041473 0.0990623 0.0761337 0.0717279 0.0911956 0.0674715 0.0536860 0.0996147 0.0591871 0.0804515 0.0649470 0.0673037 0.0673037 0.1074145 0.0773710 0.0740513 0.0979557 0.1108754 0.0564741 0.0800919 0.0717327 0.0496792 0.0623427 0.0464459 0.0763785 0.0616065 0.0481392 0.0799961 0.0675554 0.0509829 0.0700536 0.0687866 0.0192064 0.0864584 0.0426555 0.0813864 0.0511129 0.0523508 0.0537248 0.0428135 0.0484463 0.0792162 0.0571720 0.0740989 0.0768150 0.0754363 0.0684971 0.0705127 0.0596421 0.0736810 0.1281608 0.0481416 0.0429498 0.0645942 0.0566278 
S0427         0.2010876 0.0818869 0.0940323 0.1042212 0.0927258 0.0649217 0.1083766 0.0772556 0.0709130 0.0704832 0.0699925 0.1054428 0.1222585 0.1182664 0.1146932 0.0912619 0.0807178 0.0638020 0.0977330 0.0269863 0.0788957 0.0714000 0.0758300 0.0884854 0.0708469 0.0000000 0.0952849 0.1178465 0.0980125 0.0934260 0.0881545 0.0994204 0.1009750 0.0593970 0.0593666 0.1016737 0.1021806 0.0917403 0.0776710 0.0590676 0.0948830 0.0981731 0.1179217 0.0849487 0.1109108 0.0767186 0.0740394 0.0621646 0.0711988 0.1111681 0.0857967 0.0861263 0.0713253 0.1018697 0.0944360 0.0982889 0.0960119 0.1095905 0.0819421 0.0899824 0.0914499 0.1009180 0.1207693 0.1020552 0.0961234 0.1054384 0.0745992 0.1076970 0.0973143 0.0840877 0.1019320 0.0787838 0.0652808 0.1083154 0.0793561 0.0827788 0.0770958 0.0976283 0.0976283 0.1109108 0.1053490 0.0889207 0.1030436 0.1144168 0.0765202 0.0831849 0.0781446 0.0555672 0.0770522 0.0634999 0.0939614 0.0733286 0.0644921 0.0987030 0.0711511 0.0569842 0.0875540 0.0750133 0.0852858 0.1088358 0.0848416 0.1035338 0.0709233 0.0912529 0.0597932 0.0594507 0.0681386 0.0938625 0.0742007 0.0923485 0.0944481 0.0783948 0.0777950 0.1012886 0.0772382 0.0860639 0.1431318 0.0769141 0.0596453 0.0194126 0.0683711 
S0428sl       0.1960184 0.0869897 0.0736774 0.0595882 0.0799144 0.0406606 0.1122808 0.0562473 0.0869468 0.0409104 0.0498418 0.0000010 0.1739220 0.1024949 0.1042774 0.0727116 0.0855186 0.0000010 0.1030177 0.0955840 0.0601518 0.0605266 0.0668192 0.0465696 0.0737765 0.0952849 0.0000000 0.1122255 0.0527462 0.0964349 0.0875637 0.0927721 0.0874042 0.0469963 0.0000010 0.0803599 0.1032915 0.1024253 0.0750677 0.0000010 0.1012124 0.1113510 0.1130746 0.0881126 0.1115140 0.0530156 0.0599712 0.0471483 0.0739882 0.0797172 0.1071946 0.0963882 0.0541212 0.0653053 0.1026597 0.0814436 0.0959302 0.0892292 0.0950909 0.0804907 0.0000010 0.0000010 0.1197597 0.0881365 0.0816237 0.0871440 0.0000010 0.1111403 0.0664299 0.0736682 0.1131799 0.0601236 0.0670428 0.1111403 0.0597736 0.0531239 0.0387463 0.0883908 0.0883908 0.1115140 0.0966403 0.0592929 0.0920980 0.1190214 0.0532600 0.0991076 0.0669431 0.0869468 0.0661520 0.0469963 0.1006552 0.0860907 0.0665224 0.1027360 0.1094173 0.0736077 0.0737284 0.0535351 0.0803230 0.0734935 0.1022228 0.1095186 0.0406606 0.0876679 0.0677356 0.0604795 0.0474379 0.0530278 0.0532220 0.0527344 0.1045853 0.0603906 0.0737199 0.0884901 0.0541554 0.0607056 0.1358289 0.0665340 0.0540385 0.0880853 0.0348594 
S0430         0.2232061 0.1239105 0.1220150 0.1344621 0.1359189 0.1145438 0.0071486 0.1101400 0.1143713 0.1178376 0.1164661 0.1642603 0.0458121 0.1236470 0.0144058 0.1113073 0.1359769 0.0960010 0.0243573 0.1102539 0.1105609 0.1150622 0.1204889 0.1239650 0.1142628 0.1178465 0.1122255 0.0000000 0.1314743 0.1292398 0.1340691 0.1136942 0.1315104 0.1113100 0.1180258 0.1420571 0.1253537 0.1226568 0.1167743 0.1173905 0.1405200 0.0244531 0.1744022 0.1239412 0.0071144 0.1218853 0.1180027 0.1053489 0.1118382 0.1385298 0.0842868 0.1022686 0.0984633 0.1370088 0.0932770 0.1377021 0.1191120 0.1272223 0.1221595 0.1437508 0.1553688 0.1316464 0.0994428 0.1353618 0.1290446 0.1681718 0.1412527 0.1556417 0.1267480 0.1191468 0.1164566 0.1203109 0.1081404 0.1565735 0.1170734 0.1396014 0.1026326 0.1162945 0.1162945 0.0119286 0.1112635 0.1255904 0.1174317 0.0119559 0.1183048 0.0919270 0.1301035 0.1082817 0.1178130 0.1041926 0.1383697 0.1231632 0.1043386 0.1276288 0.1210649 0.0989899 0.1196262 0.1333419 0.1238019 0.1335006 0.1252484 0.1286457 0.1084345 0.1280021 0.1021384 0.0954997 0.1122497 0.1280125 0.1256001 0.1387745 0.1416395 0.1248596 0.1260316 0.1133517 0.1084587 0.1080822 0.1790655 0.1210358 0.0958360 0.1133008 0.0952819 
S0478         0.1867834 0.0901586 0.1042954 0.0371269 0.0914743 0.0668958 0.1217029 0.0176702 0.0757891 0.0697525 0.0661730 0.0485142 0.1361498 0.1253954 0.1282268 0.0318983 0.0908822 0.0624571 0.1137894 0.0941459 0.0899652 0.0708171 0.0859967 0.0477524 0.0765004 0.0980125 0.0527462 0.1314743 0.0000000 0.0947662 0.1067098 0.1185115 0.0426930 0.0614130 0.0584505 0.0478488 0.0683268 0.0794212 0.0840608 0.0581612 0.1090272 0.1143156 0.1424744 0.0972414 0.1242507 0.0702705 0.0762281 0.0617017 0.0797902 0.1034029 0.0922192 0.0585108 0.0791878 0.0348388 0.1130213 0.0967668 0.0825512 0.0985937 0.0976333 0.1225202 0.0741600 0.1152093 0.1090537 0.0996081 0.0938328 0.1318526 0.0783672 0.1280344 0.0930588 0.0891609 0.1174334 0.0729175 0.0641246 0.1287838 0.0700327 0.0882577 0.0361883 0.0736469 0.0736469 0.1242507 0.0712144 0.0347499 0.1223504 0.1215730 0.0700924 0.0929153 0.0761133 0.0636049 0.0733151 0.0600268 0.1033387 0.0693854 0.0587751 0.0822678 0.0845151 0.0673669 0.0347296 0.0826812 0.0880973 0.0376911 0.1005895 0.0849894 0.0673162 0.1098184 0.0675126 0.0588703 0.0618873 0.0456211 0.0761246 0.0876532 0.0951332 0.0678345 0.0734727 0.0798355 0.0648786 0.0940430 0.1200767 0.0784497 0.0590620 0.0938917 0.0762029 
S0552sl       0.2115084 0.1010903 0.1155525 0.1021540 0.1029421 0.0712783 0.1259729 0.0775082 0.0680199 0.0797229 0.0833110 0.0998315 0.1367387 0.1275564 0.1326058 0.0879553 0.0771379 0.0482480 0.1178827 0.0831525 0.0875494 0.0810108 0.0872193 0.0915378 0.0864458 0.0934260 0.0964349 0.1292398 0.0947662 0.0000000 0.1019565 0.1225879 0.0990428 0.0597450 0.0492839 0.1048597 0.0957463 0.0923000 0.0848379 0.0541382 0.1146453 0.1184347 0.1410988 0.0985548 0.1285411 0.0775176 0.0867267 0.0715906 0.0867679 0.0598343 0.1089809 0.0833768 0.0737191 0.1061583 0.1172991 0.0348652 0.0119813 0.0271877 0.1053395 0.1210316 0.0795257 0.1036089 0.1079606 0.0597730 0.0543414 0.1340692 0.0745430 0.1262851 0.0481027 0.0865078 0.1183452 0.0861766 0.0680551 0.1270330 0.0860837 0.1024292 0.0804359 0.0921696 0.0921696 0.1285411 0.0960013 0.0965444 0.1268881 0.1322675 0.0774082 0.1104003 0.0775973 0.0614119 0.0837707 0.0641925 0.1118290 0.0790812 0.0713001 0.0960018 0.0737878 0.0623215 0.0950770 0.0936442 0.0922893 0.1060962 0.1083585 0.0980510 0.0774577 0.1175964 0.0684102 0.0562658 0.0746103 0.0925787 0.0864497 0.0987339 0.1015973 0.0754885 0.0685168 0.0988831 0.0323400 0.0884424 0.1352897 0.0860637 0.0564486 0.0893299 0.0707653 
S0558         0.2130945 0.0732906 0.1033049 0.1190208 0.1038363 0.0593597 0.1242876 0.0861482 0.0820329 0.0621965 0.0573914 0.1110140 0.1491266 0.1298860 0.1308198 0.1027760 0.1013550 0.0916686 0.1260149 0.0732716 0.0607358 0.0574472 0.0459647 0.1057801 0.0822378 0.0881545 0.0875637 0.1340691 0.1067098 0.1019565 0.0000000 0.1113831 0.1127529 0.0538966 0.0498924 0.1164808 0.1108085 0.0856423 0.0543727 0.0496427 0.1005547 0.1266045 0.1372623 0.0617458 0.1268258 0.0597746 0.0825003 0.0541510 0.0768165 0.1106171 0.1070563 0.0945556 0.0825195 0.1179337 0.1122910 0.1035508 0.0985099 0.1088596 0.0872006 0.1113618 0.0969361 0.1175649 0.1190957 0.1167787 0.1107468 0.1305263 0.0850857 0.1298858 0.1000610 0.0958042 0.1202183 0.0647378 0.0819785 0.1306395 0.0679991 0.0767724 0.0954108 0.0973426 0.0973426 0.1333480 0.1140218 0.1073054 0.1280198 0.1304914 0.0652203 0.1050363 0.1018118 0.0727017 0.0656688 0.0465541 0.0887968 0.0845338 0.0508171 0.1073584 0.0909370 0.0734498 0.1056780 0.0713024 0.0938816 0.1209429 0.0934140 0.0972907 0.0597322 0.1026586 0.0820424 0.0703113 0.0570028 0.1033484 0.0622210 0.0707027 0.0676378 0.1022639 0.0922543 0.1040738 0.0797055 0.0975727 0.1576705 0.0880476 0.0705452 0.0758775 0.0794931 
S0616         0.2265076 0.1169937 0.1109641 0.1249807 0.1104982 0.0952514 0.1075893 0.0993564 0.0950795 0.0981900 0.0957167 0.1387338 0.1114273 0.0851067 0.1140168 0.1109540 0.1224873 0.0771381 0.0937794 0.1013579 0.1161721 0.0934014 0.1136977 0.1177578 0.0944542 0.0994204 0.0927721 0.1136942 0.1185115 0.1225879 0.1113831 0.0000000 0.1217971 0.0891222 0.0985539 0.1226897 0.1187001 0.1207130 0.1060329 0.0980219 0.1139519 0.0910581 0.1550286 0.1007064 0.1101717 0.1086004 0.0947698 0.0926197 0.0914035 0.1359153 0.0578913 0.1051781 0.0733095 0.1239090 0.0546794 0.1184042 0.1191544 0.1341300 0.1116032 0.1387368 0.1295528 0.0798130 0.0691915 0.1322344 0.1258082 0.1524875 0.1158708 0.1521881 0.1205183 0.1089208 0.0658294 0.1106948 0.0920746 0.1531349 0.0978033 0.1262239 0.0929370 0.1142929 0.1142929 0.1038267 0.1113945 0.1191611 0.0172079 0.1137376 0.1045886 0.0660583 0.1165734 0.0853157 0.1016203 0.0911587 0.1319686 0.1038875 0.0945583 0.1143678 0.0982485 0.0859012 0.1108924 0.1136072 0.1035186 0.1306625 0.1150377 0.1236514 0.0990372 0.1215131 0.0820629 0.0855619 0.0990234 0.1149583 0.1119251 0.1188913 0.1188097 0.1209547 0.1059292 0.1150533 0.0954206 0.0916072 0.1573863 0.1049488 0.0858654 0.1012363 0.0764545 
