83
S0055      0.0000000 0.0870388 0.1514462 0.1068645 0.0876858 0.1631090 0.0515147 0.1513990 0.1410766 0.0515569 0.0377023 0.1263093 0.1061840 0.0957771 0.0911593 0.1343741 0.0617381 0.1626154 0.0800620 0.0675355 0.1416689 0.0541776 0.1614304 0.1937571 0.1016538 0.1364637 0.0662717 0.0870388 0.0733369 0.1182812 0.1302108 0.1419020 0.0799230 0.0926922 0.1383847 0.1023617 0.1939594 0.1046944 0.1402821 0.2141820 0.1643140 0.1005950 0.1112219 0.0850990 0.0993518 0.0799267 0.0853214 0.1870918 0.1814275 0.0612394 0.0888386 0.1160007 0.0929902 0.0500591 0.0543915 0.1238666 0.0421412 0.1015671 0.0872636 0.0746097 0.0998972 0.1020609 0.1023617 0.1378882 0.0769831 0.1023169 0.1168457 0.1011659 0.1673108 0.0860943 0.1422610 0.0864196 0.0741093 0.0904667 0.1132612 0.1538928 0.0941758 0.0787040 0.1497956 0.0925961 0.0808828 0.0994267 0.0800792 
S0196sl    0.0870388 0.0000000 0.0889779 0.0369283 0.0924157 0.0977015 0.0639310 0.1171289 0.0876089 0.0713843 0.0497896 0.0842515 0.1211253 0.0097754 0.0485534 0.0818239 0.0945613 0.1118191 0.0910085 0.0818454 0.0947573 0.0602711 0.0579850 0.2064471 0.1166903 0.0861124 0.0710164 0.0000010 0.0780952 0.0252947 0.0415753 0.0884315 0.0490719 0.0610039 0.0778012 0.0311504 0.1883910 0.0687924 0.1066679 0.2195854 0.1797026 0.0814082 0.0497580 0.1061520 0.0421438 0.0846488 0.0995459 0.1315957 0.1230769 0.0807503 0.0697154 0.0547722 0.0976057 0.0636747 0.1166160 0.0736661 0.0870915 0.0732705 0.0426358 0.0372048 0.1044580 0.0097458 0.0311504 0.1048013 0.0754245 0.0488549 0.0675308 0.1165665 0.1101412 0.0907544 0.1057125 0.0910910 0.0663764 0.0686893 0.0692613 0.1194145 0.0485479 0.0369271 0.1161177 0.0147930 0.0485461 0.0825131 0.0375364 
S0278      0.1514462 0.0889779 0.0000000 0.1095802 0.1486016 0.0366009 0.1174670 0.0528883 0.0198033 0.1005444 0.0918582 0.0373592 0.1590801 0.0827165 0.1105540 0.1300448 0.1613973 0.0365297 0.1309153 0.1076126 0.0357384 0.1175728 0.1448556 0.2381440 0.1465994 0.1270073 0.1215732 0.0889779 0.1306689 0.1134230 0.1243226 0.1181559 0.0838359 0.1063881 0.1397905 0.1086674 0.2163746 0.0975726 0.1240133 0.2532106 0.2198426 0.1455397 0.1068602 0.1649335 0.0881364 0.1385157 0.1416015 0.0422797 0.1638213 0.1203347 0.1320710 0.1156025 0.1236353 0.1019678 0.1661185 0.1345774 0.1676368 0.0745168 0.0893654 0.0832366 0.1268671 0.1044747 0.1086674 0.0822994 0.1111698 0.1042247 0.1197335 0.1793891 0.0472631 0.1338052 0.1186953 0.1310353 0.1322569 0.1181619 0.0684862 0.0892634 0.0963284 0.0693096 0.1298116 0.0946682 0.1105394 0.1480530 0.0705649 
S0281      0.1068645 0.0369283 0.1095802 0.0000000 0.1306284 0.1390951 0.0930655 0.1601255 0.1012812 0.0845404 0.0765536 0.1159992 0.1474955 0.0491966 0.0743882 0.1128963 0.1341053 0.1549143 0.1284171 0.0979356 0.1153824 0.0877764 0.0867917 0.2421218 0.1592442 0.1090751 0.1055231 0.0369283 0.1139261 0.0681492 0.0620075 0.1274005 0.0822334 0.0698480 0.1020919 0.0491931 0.2109557 0.0984053 0.1421304 0.2471548 0.2143656 0.1045201 0.0767040 0.1231001 0.0735254 0.1213374 0.1311607 0.1553877 0.1457615 0.0965059 0.0918525 0.0689294 0.1358006 0.0711068 0.1504882 0.0958871 0.1029739 0.1019586 0.0682823 0.0623998 0.1357338 0.0490273 0.0491931 0.1471232 0.1127152 0.0687823 0.0824105 0.1509386 0.1363449 0.1138075 0.1400990 0.1142419 0.1012019 0.0978407 0.0987871 0.1636058 0.0749094 0.0680462 0.1503855 0.0421780 0.0746316 0.1135895 0.0692546 
S0282      0.0876858 0.0924157 0.1486016 0.1306284 0.0000000 0.1599357 0.0218101 0.1485547 0.1460315 0.0278649 0.0157382 0.1287776 0.0873608 0.1079142 0.0928098 0.1247570 0.0687158 0.1594629 0.0313573 0.0565762 0.1240851 0.0607326 0.1586810 0.1985841 0.0828546 0.1477786 0.0150692 0.0924157 0.0204819 0.1307890 0.1379623 0.1245758 0.0939879 0.0755616 0.1169145 0.0940957 0.2041750 0.1102602 0.1545878 0.2301396 0.1685966 0.1320003 0.1028330 0.0674725 0.0848213 0.0259111 0.0433307 0.1657325 0.1315141 0.0157157 0.1046496 0.0935984 0.0369488 0.0332557 0.0824679 0.1007570 0.0877381 0.0933965 0.0731716 0.0736350 0.0427057 0.1075009 0.0940957 0.1358236 0.0269881 0.1007629 0.1222694 0.0504627 0.1567396 0.0312728 0.1448013 0.0313863 0.0546832 0.1029128 0.1333830 0.1357794 0.0995670 0.0794679 0.1470201 0.0721829 0.0995699 0.1413278 0.0941530 
S0289      0.1631090 0.0977015 0.0366009 0.1390951 0.1599357 0.0000000 0.1122309 0.0250252 0.0485677 0.1220620 0.1009225 0.0100848 0.1881985 0.0912255 0.1202300 0.1252974 0.1736643 0.0147553 0.1413111 0.1023331 0.0547028 0.1275019 0.1331299 0.2452313 0.1753868 0.1495283 0.1314162 0.0977015 0.1410403 0.1234927 0.1194094 0.1040061 0.0840495 0.1173530 0.1468987 0.1180979 0.2119981 0.1067957 0.1348041 0.2609438 0.2163052 0.1494196 0.1091842 0.1654718 0.0901636 0.1492357 0.1526922 0.0372197 0.1593222 0.1374325 0.1324827 0.1253093 0.1491874 0.0965775 0.1782890 0.1431504 0.1799800 0.0895063 0.0981386 0.0917969 0.1446239 0.1047610 0.1180979 0.0840797 0.1208844 0.1215952 0.1380159 0.1925237 0.0198777 0.1364978 0.1287845 0.1414419 0.1354231 0.1184968 0.0762823 0.0912293 0.1053967 0.0772406 0.1148598 0.1035143 0.1128821 0.1518955 0.0786825 
S0293      0.0515147 0.0639310 0.1174670 0.0930655 0.0218101 0.1122309 0.0000000 0.1023518 0.1154464 0.0108676 0.0052678 0.0805554 0.0715469 0.0784904 0.0628638 0.0764131 0.0463814 0.1119222 0.0215245 0.0336362 0.0936181 0.0332642 0.1202406 0.1529478 0.0600391 0.1131274 0.0051662 0.0639310 0.0105368 0.0833265 0.0991001 0.0943353 0.0715885 0.0469476 0.0740705 0.0650768 0.1576210 0.0707639 0.1024027 0.1767438 0.1314223 0.0760230 0.0799030 0.0386977 0.0631175 0.0104430 0.0330418 0.1324834 0.1085719 0.0108231 0.0729747 0.0779186 0.0212796 0.0107552 0.0521142 0.0852132 0.0510008 0.0643780 0.0513740 0.0455474 0.0330059 0.0781900 0.0650768 0.0881524 0.0165900 0.0715869 0.0855713 0.0275648 0.1098212 0.0214645 0.1110032 0.0215459 0.0271024 0.0731027 0.0935079 0.0881242 0.0560525 0.0575927 0.1161928 0.0567794 0.0707749 0.0918448 0.0651387 
S0320      0.1513990 0.1171289 0.0528883 0.1601255 0.1485547 0.0250252 0.1023518 0.0000000 0.0654809 0.1116015 0.0849253 0.0202568 0.1754513 0.1105808 0.1332112 0.1382272 0.1537800 0.0249795 0.1161865 0.0930212 0.0597314 0.1175234 0.1448091 0.2487708 0.1629282 0.1375290 0.1215250 0.1171289 0.1306205 0.1441967 0.1393046 0.1330877 0.1121791 0.1152867 0.1705806 0.1377689 0.2320252 0.1118607 0.1397934 0.2642777 0.2204913 0.1454907 0.1296734 0.1648905 0.1159253 0.1384679 0.1262223 0.0537875 0.1637782 0.1277763 0.1482392 0.1301486 0.1384244 0.0947268 0.1660757 0.1586603 0.1675940 0.1084085 0.1032754 0.0969966 0.1199735 0.1341685 0.1377689 0.1031913 0.1111204 0.1196085 0.1587974 0.1793496 0.0351909 0.1337585 0.1491684 0.1309868 0.1250814 0.1036187 0.0814165 0.1105803 0.1104176 0.0961308 0.1456513 0.1228350 0.1327841 0.1490211 0.0979356 
S0327      0.1410766 0.0876089 0.0198033 0.1012812 0.1460315 0.0485677 0.1154464 0.0654809 0.0000000 0.0988982 0.0904015 0.0495911 0.1722984 0.0814556 0.1087658 0.1277849 0.1584704 0.0603552 0.1287477 0.1058225 0.0352942 0.1156534 0.1277068 0.2141780 0.1439790 0.1247456 0.1196224 0.0876089 0.1285092 0.1115303 0.1080106 0.1162133 0.0825382 0.0956971 0.1370363 0.1069448 0.1920985 0.0960200 0.1141906 0.2280704 0.2055084 0.1429554 0.1050890 0.1620128 0.0867963 0.1361931 0.1391659 0.0545399 0.1609351 0.1256645 0.1297384 0.1137479 0.1361510 0.0931657 0.1631579 0.1322735 0.1646198 0.0734263 0.0879842 0.0819619 0.1248419 0.1027877 0.1069448 0.0944162 0.1279796 0.1025442 0.1177333 0.1760485 0.0595951 0.1430736 0.1167333 0.1288641 0.1300379 0.1162189 0.0826980 0.1015062 0.0948160 0.0682903 0.1275608 0.0932111 0.1087517 0.1453680 0.0695074 
S0400      0.0515569 0.0713843 0.1005444 0.0845404 0.0278649 0.1220620 0.0108676 0.1116015 0.0988982 0.0000000 0.0052590 0.1050658 0.0716064 0.0718157 0.0770820 0.1016909 0.0464202 0.1217119 0.0217771 0.0275509 0.0851628 0.0332911 0.1381976 0.1646679 0.0598889 0.1050327 0.0105452 0.0713843 0.0161397 0.1020957 0.1159397 0.1031972 0.0716481 0.0734052 0.0825838 0.0727035 0.1672921 0.0957449 0.1325718 0.1899191 0.1500647 0.1011251 0.0882122 0.0515949 0.0704459 0.0104227 0.0394047 0.1217638 0.1179344 0.0164936 0.0810267 0.0859604 0.0212377 0.0165083 0.0588049 0.0862164 0.0575152 0.0720317 0.0584055 0.0524174 0.0333153 0.0862637 0.0727035 0.0954840 0.0226161 0.0723896 0.0939035 0.0275089 0.1193505 0.0274104 0.1128211 0.0275156 0.0332330 0.0811713 0.0949404 0.0954532 0.0784995 0.0576398 0.1180800 0.0638849 0.0784997 0.0994526 0.0651929 
S0405      0.0377023 0.0497896 0.0918582 0.0765536 0.0157382 0.1009225 0.0052678 0.0849253 0.0904015 0.0052590 0.0000000 0.0852955 0.0559582 0.0568347 0.0487109 0.0843117 0.0267115 0.1006614 0.0050896 0.0211383 0.0771058 0.0209094 0.1167385 0.1373510 0.0449138 0.0874171 0.0000026 0.0497896 0.0050759 0.0767817 0.0962937 0.0911318 0.0499602 0.0470026 0.0810135 0.0506272 0.1322796 0.0708689 0.1026266 0.1587674 0.1256895 0.0761416 0.0641765 0.0377286 0.0491974 0.0050330 0.0264874 0.1196510 0.0961781 0.0051822 0.0577404 0.0626689 0.0153738 0.0159019 0.0441513 0.0693928 0.0435163 0.0626434 0.0380511 0.0325398 0.0264606 0.0628813 0.0506272 0.0781706 0.0105884 0.0567091 0.0761390 0.0212083 0.0988696 0.0155005 0.0927109 0.0155570 0.0266099 0.0578381 0.0714928 0.0781468 0.0561168 0.0376022 0.0979353 0.0432878 0.0622535 0.0750745 0.0441120 
S0407sl    0.1263093 0.0842515 0.0373592 0.1159992 0.1287776 0.0100848 0.0805554 0.0202568 0.0495911 0.1050658 0.0852955 0.0000000 0.1438069 0.0847675 0.0690549 0.1082240 0.1284525 0.0205049 0.1118925 0.0790224 0.0438321 0.1111781 0.1054003 0.1915850 0.1395321 0.0987229 0.1029444 0.0842515 0.1115716 0.1067243 0.0848380 0.1081844 0.0777168 0.0796713 0.1369456 0.1041630 0.1717360 0.0641617 0.1112124 0.2092119 0.1622864 0.1204371 0.0948407 0.1265253 0.0701092 0.1192143 0.1122872 0.0266260 0.1546698 0.1140881 0.1171848 0.0969153 0.1191767 0.0805732 0.1177358 0.1383947 0.1262922 0.0698567 0.0846245 0.0784234 0.1157336 0.0998046 0.1041630 0.0790074 0.0922232 0.1071399 0.1229683 0.1470100 0.0049276 0.1152201 0.1216524 0.1118925 0.1058859 0.1136584 0.0637215 0.0861788 0.0832040 0.0634509 0.1022696 0.0765028 0.0988729 0.0848557 0.0645966 
S0412sl    0.1061840 0.1211253 0.1590801 0.1474955 0.0873608 0.1881985 0.0715469 0.1754513 0.1722984 0.0716064 0.0559582 0.1438069 0.0000000 0.1313242 0.1070831 0.1660902 0.0939083 0.1705419 0.0863179 0.0944830 0.1489666 0.0721347 0.1930800 0.2020007 0.0545491 0.1662302 0.0722353 0.1211253 0.0794763 0.1560025 0.1628920 0.1651105 0.1131251 0.1023506 0.1565694 0.1234701 0.2437141 0.1343335 0.2006842 0.1990113 0.1893332 0.1638935 0.1484842 0.0873052 0.1196182 0.0861724 0.0944506 0.2138848 0.1726400 0.0557546 0.1355115 0.1228200 0.0733024 0.0769725 0.0943383 0.1308083 0.0992989 0.1153218 0.1073417 0.1078607 0.1064223 0.1378982 0.1234701 0.1874863 0.0902794 0.1382247 0.1456018 0.0940840 0.1674056 0.0924054 0.1719527 0.0927543 0.0802882 0.1413787 0.1675465 0.1874220 0.1289610 0.0978583 0.1734744 0.1125617 0.1289687 0.1465434 0.1132894 
S0419      0.0957771 0.0097754 0.0827165 0.0491966 0.1079142 0.0912255 0.0784904 0.1105808 0.0814556 0.0718157 0.0568347 0.0847675 0.1313242 0.0000000 0.0615220 0.0972035 0.1037247 0.1052156 0.0927081 0.0904766 0.0885072 0.0677068 0.0709138 0.2116147 0.1264462 0.1025188 0.0848885 0.0097754 0.0925383 0.0256823 0.0537734 0.1041818 0.0561590 0.0780221 0.0857444 0.0367584 0.1933951 0.0756901 0.1242835 0.2252483 0.1935364 0.0966891 0.0631424 0.1224526 0.0486517 0.0994854 0.1155172 0.1245691 0.1408005 0.0889739 0.0845716 0.0611596 0.1131472 0.0714595 0.1176351 0.0815860 0.0958196 0.0800855 0.0492415 0.0436427 0.1115127 0.0201362 0.0367584 0.1040707 0.0904067 0.0557632 0.0817879 0.1340031 0.1036486 0.1058802 0.0987900 0.1062796 0.0803208 0.0753283 0.0632164 0.1112445 0.0615142 0.0434214 0.1185122 0.0254784 0.0615130 0.0912952 0.0441585 
S0427      0.0911593 0.0485534 0.1105540 0.0743882 0.0928098 0.1202300 0.0628638 0.1332112 0.1087658 0.0770820 0.0487109 0.0690549 0.1070831 0.0615220 0.0000000 0.0954425 0.0732215 0.1350897 0.0918132 0.0873767 0.1021647 0.0792603 0.0933356 0.1656019 0.1246113 0.0707190 0.0775290 0.0485534 0.0848418 0.0744970 0.0671930 0.1097978 0.0677020 0.0524985 0.0946923 0.0740943 0.1547287 0.0688389 0.1218064 0.1832894 0.1400798 0.0918603 0.0687094 0.0837528 0.0480808 0.0915489 0.0839679 0.1403381 0.1462708 0.0798099 0.0742315 0.0736648 0.1047716 0.0628154 0.0796309 0.0804892 0.0783797 0.0673138 0.0606175 0.0549550 0.1117739 0.0613052 0.0740943 0.1277405 0.0824263 0.0801607 0.0873192 0.1132178 0.1102255 0.0977604 0.1169562 0.0981247 0.0729378 0.0888832 0.0832300 0.1431685 0.0605227 0.0545515 0.1240069 0.0423081 0.0669308 0.0539841 0.0554815 
S0552sl    0.1343741 0.0818239 0.1300448 0.1128963 0.1247570 0.1252974 0.0764131 0.1382272 0.1277849 0.1016909 0.0843117 0.1082240 0.1660902 0.0972035 0.0954425 0.0000000 0.1436790 0.1405532 0.1299115 0.0995141 0.1361029 0.1023351 0.1329397 0.2542135 0.1333283 0.1285666 0.1067117 0.0818239 0.1152367 0.1017626 0.1272998 0.1138951 0.0803542 0.0378690 0.0110884 0.0971167 0.2268359 0.0675538 0.0972188 0.2603546 0.2122182 0.0840283 0.0863599 0.1392573 0.0783633 0.1227438 0.1106827 0.1819891 0.1444404 0.1113489 0.0942195 0.1078994 0.1373888 0.0854605 0.1605776 0.0913066 0.1414675 0.0891107 0.0652973 0.0605805 0.1157001 0.0896459 0.0971167 0.1137064 0.1140743 0.0846811 0.1153822 0.1448705 0.1466442 0.1151154 0.1504220 0.1155591 0.0931147 0.0796831 0.1006599 0.1287984 0.0477649 0.0729842 0.1173115 0.0874631 0.0930723 0.1042712 0.0742618 
S0558      0.0617381 0.0945613 0.1613973 0.1341053 0.0687158 0.1736643 0.0463814 0.1537800 0.1584704 0.0464202 0.0267115 0.1284525 0.0939083 0.1037247 0.0732215 0.1436790 0.0000000 0.1731187 0.0557135 0.0627678 0.1353687 0.0429700 0.1631110 0.1812041 0.0821030 0.1362333 0.0486869 0.0945613 0.0552475 0.1198336 0.1416875 0.1514261 0.1006401 0.1044051 0.1314560 0.0963309 0.1803834 0.1130697 0.1764597 0.1934428 0.1515291 0.1274353 0.1088827 0.0819886 0.0934542 0.0615276 0.0888465 0.1986422 0.1753087 0.0503364 0.1302047 0.1098854 0.0740898 0.0518902 0.0757148 0.1177100 0.0618070 0.1095878 0.0948078 0.0818085 0.0744406 0.1101530 0.0963309 0.1475649 0.0501575 0.1104292 0.1254224 0.0913774 0.1700132 0.0675096 0.1663582 0.0677656 0.0557959 0.1128864 0.1302259 0.1475151 0.1019391 0.0858094 0.1243925 0.0867309 0.1019423 0.0945197 0.0873366 
S0624      0.1626154 0.1118191 0.0365297 0.1549143 0.1594629 0.0147553 0.1119222 0.0249795 0.0603552 0.1217119 0.1006614 0.0205049 0.1705419 0.1052156 0.1350897 0.1405532 0.1731187 0.0000000 0.1409187 0.1020634 0.0545882 0.1271574 0.1553258 0.2649491 0.1577989 0.1666566 0.1310659 0.1118191 0.1406494 0.1388699 0.1341318 0.1091894 0.0893907 0.1153773 0.1650369 0.1326374 0.2168469 0.1214133 0.1508907 0.2813673 0.2361367 0.1566335 0.1242230 0.1543442 0.1106689 0.1488132 0.1522465 0.0486570 0.1752491 0.1203605 0.1221713 0.1249765 0.1333674 0.0963235 0.1777366 0.1327619 0.1794156 0.1031484 0.0978914 0.0915690 0.1442314 0.1099852 0.1326374 0.0838762 0.1205608 0.1212652 0.1536332 0.1918897 0.0302946 0.1358041 0.1439870 0.1410488 0.1350467 0.1091938 0.0895635 0.0910037 0.1198083 0.0907325 0.1201396 0.1176227 0.1275311 0.1685232 0.0924533 
S0641      0.0800620 0.0910085 0.1309153 0.1284171 0.0313573 0.1413111 0.0215245 0.1161865 0.1287477 0.0217771 0.0050896 0.1118925 0.0863179 0.0927081 0.0918132 0.1299115 0.0557135 0.1409187 0.0000000 0.0498500 0.1078431 0.0540878 0.1559113 0.1863108 0.0749642 0.1293676 0.0148898 0.0910085 0.0202309 0.1142843 0.1356042 0.1298705 0.0861862 0.0833987 0.1249044 0.0926331 0.1949045 0.1084472 0.1517166 0.2165392 0.1773161 0.1297437 0.1080719 0.0664993 0.0835678 0.0255868 0.0485673 0.1462492 0.1367651 0.0155206 0.1029270 0.0921508 0.0364694 0.0270802 0.0814777 0.1060345 0.0801212 0.0986512 0.0721070 0.0725581 0.0421404 0.1057840 0.0926331 0.1334174 0.0266349 0.0991745 0.1202510 0.0497512 0.1386173 0.0308756 0.1346327 0.0309862 0.0539281 0.1012513 0.1022057 0.1333748 0.0980208 0.0722365 0.1296083 0.0711497 0.0980234 0.1247618 0.0863459 
S0643      0.0675355 0.0818454 0.1076126 0.0979356 0.0565762 0.1023331 0.0336362 0.0930212 0.1058225 0.0275509 0.0211383 0.0790224 0.0944830 0.0904766 0.0873767 0.0995141 0.0627678 0.1020634 0.0498500 0.0000000 0.0918610 0.0491411 0.1180791 0.2027351 0.0698054 0.1180873 0.0374587 0.0818454 0.0436979 0.1129397 0.0973025 0.0992776 0.0747127 0.0624798 0.1070994 0.0700636 0.1731941 0.0992503 0.1352410 0.2204630 0.1632562 0.1044335 0.0989477 0.0683575 0.0807760 0.0432619 0.0559852 0.1295744 0.1208800 0.0269620 0.0918066 0.0895922 0.0550688 0.0051396 0.0750522 0.1112300 0.0613652 0.0896015 0.0754054 0.0630154 0.0559176 0.0967927 0.0700636 0.0947858 0.0396842 0.0900264 0.1045371 0.0629069 0.1002126 0.0436550 0.1162684 0.0322430 0.0564422 0.0919653 0.1077457 0.0947553 0.0822815 0.0611315 0.1064426 0.0742342 0.1027653 0.1031017 0.0621903 
S0645sl    0.1416689 0.0947573 0.0357384 0.1153824 0.1240851 0.0547028 0.0936181 0.0597314 0.0352942 0.0851628 0.0771058 0.0438321 0.1489666 0.0885072 0.1021647 0.1361029 0.1353687 0.0545882 0.1078431 0.0918610 0.0000000 0.1090609 0.1355608 0.2245301 0.1366944 0.1174914 0.0994001 0.0947573 0.1076424 0.1194206 0.1155639 0.1240110 0.0897090 0.0960295 0.1465463 0.1144106 0.2026940 0.0895126 0.1301519 0.2388507 0.2063382 0.1358158 0.1128891 0.1393996 0.0805638 0.1149757 0.1173940 0.0608055 0.1695937 0.1043359 0.1226241 0.0935671 0.1149407 0.0863065 0.1403868 0.1253781 0.1416117 0.0801555 0.0816953 0.0757163 0.1046892 0.1103770 0.1144106 0.1017186 0.0989435 0.0960144 0.1409042 0.1521307 0.0538855 0.1216446 0.1245765 0.1079428 0.1088591 0.1095795 0.0898829 0.1089706 0.1021479 0.0750308 0.1204992 0.0869111 0.1163803 0.1379776 0.0763858 
S0689      0.0541776 0.0602711 0.1175728 0.0877764 0.0607326 0.1275019 0.0332642 0.1175234 0.1156534 0.0332911 0.0209094 0.1111781 0.0721347 0.0677068 0.0792603 0.1023351 0.0429700 0.1271574 0.0540878 0.0491411 0.1090609 0.0000000 0.1349464 0.1854895 0.0734209 0.1152056 0.0418527 0.0602711 0.0480324 0.0747569 0.1150704 0.1092441 0.0659355 0.0606504 0.0941225 0.0612845 0.1850288 0.0886406 0.1293540 0.1975958 0.1563622 0.1018598 0.0748105 0.0733136 0.0718052 0.0539980 0.0723223 0.1647182 0.1234719 0.0432263 0.0899157 0.0863160 0.0659513 0.0386103 0.0610773 0.0933857 0.0601538 0.0797067 0.0604235 0.0487964 0.0600379 0.0735771 0.0612845 0.1270245 0.0502616 0.0737641 0.0869336 0.0819487 0.1402408 0.0597159 0.1208891 0.0599353 0.0369983 0.0752502 0.0964627 0.1269839 0.0666754 0.0532155 0.1390149 0.0656396 0.0666746 0.0872048 0.0540970 
S0720      0.1614304 0.0579850 0.1448556 0.0867917 0.1586810 0.1331299 0.1202406 0.1448091 0.1277068 0.1381976 0.1167385 0.1054003 0.1930800 0.0709138 0.0933356 0.1329397 0.1631110 0.1553258 0.1559113 0.1180791 0.1355608 0.1349464 0.0000000 0.2380943 0.1894104 0.1247151 0.1316639 0.0579850 0.1408017 0.0837015 0.0147709 0.1438432 0.1083695 0.0931608 0.1430555 0.0857056 0.2114315 0.0893138 0.1419905 0.2526518 0.2013591 0.1097448 0.1248311 0.1289719 0.0852870 0.1485696 0.1517193 0.1613848 0.1661276 0.1308325 0.1509666 0.0873451 0.1635889 0.0845052 0.1727260 0.1527154 0.1232875 0.1365156 0.1136718 0.1073832 0.1562193 0.0706695 0.0857056 0.1561350 0.1408688 0.1221326 0.1304688 0.1893410 0.1375643 0.1406551 0.1727996 0.1335610 0.1210057 0.1329037 0.1343287 0.1721247 0.0863015 0.0930243 0.1720705 0.0648414 0.1211052 0.1122215 0.0947082 
S0735      0.1937571 0.2064471 0.2381440 0.2421218 0.1985841 0.2452313 0.1529478 0.2487708 0.2141780 0.1646679 0.1373510 0.1915850 0.2020007 0.2116147 0.1656019 0.2542135 0.1812041 0.2649491 0.1863108 0.2027351 0.2245301 0.1854895 0.2380943 0.0000000 0.2360964 0.1589149 0.1745607 0.2064471 0.1859524 0.2149200 0.2180990 0.2650529 0.1840000 0.1313871 0.2614638 0.2296263 0.0326361 0.1878777 0.2089088 0.0206890 0.0101609 0.2137697 0.2166734 0.1746010 0.2031950 0.1695406 0.1449390 0.2544182 0.2342409 0.1638630 0.2299022 0.2287071 0.1694836 0.1526715 0.1899473 0.2290279 0.1679114 0.1642084 0.2069877 0.1864115 0.1786513 0.2292326 0.2296263 0.2231147 0.2066505 0.2383853 0.2210345 0.1811856 0.2290654 0.2030619 0.2450568 0.2038605 0.1887451 0.2449868 0.2287300 0.2332087 0.1792498 0.1722446 0.1998658 0.1943600 0.1982113 0.1844484 0.1935297 
S0742      0.1016538 0.1166903 0.1465994 0.1592442 0.0828546 0.1753868 0.0600391 0.1629282 0.1439790 0.0598889 0.0449138 0.1395321 0.0545491 0.1264462 0.1246113 0.1333283 0.0821030 0.1577989 0.0749642 0.0698054 0.1366944 0.0734209 0.1894104 0.2360964 0.0000000 0.1710178 0.0614486 0.1166903 0.0684936 0.1512818 0.1671535 0.1534257 0.1187265 0.1018348 0.1287079 0.1189778 0.2347039 0.1372586 0.1876682 0.2226948 0.2132319 0.1479171 0.1250029 0.1035324 0.1050122 0.0751133 0.0900561 0.2100326 0.1775687 0.0508188 0.1426079 0.1332425 0.0750913 0.0653966 0.1035683 0.1446049 0.0947215 0.1184203 0.1065399 0.0950174 0.0817981 0.1335654 0.1189778 0.1415516 0.0719371 0.1223878 0.1413505 0.1071132 0.1716687 0.0813375 0.1680197 0.0686863 0.0755082 0.1250913 0.1493642 0.1415036 0.1245883 0.1033878 0.1448852 0.1081047 0.1245953 0.1576155 0.0968132 
S0753      0.1364637 0.0861124 0.1270073 0.1090751 0.1477786 0.1495283 0.1131274 0.1375290 0.1247456 0.1050327 0.0874171 0.0987229 0.1662302 0.1025188 0.0707190 0.1285666 0.1362333 0.1666566 0.1293676 0.1180873 0.1174914 0.1152056 0.1247151 0.1589149 0.1710178 0.0000000 0.1198094 0.0861124 0.1292025 0.1270152 0.1082087 0.1706835 0.0874638 0.0484718 0.1497232 0.1176544 0.1641843 0.0897980 0.1299600 0.1735652 0.1491520 0.1230681 0.1118930 0.1505057 0.0850780 0.1373320 0.1054599 0.1576571 0.1877259 0.1238462 0.1176482 0.1169115 0.1531323 0.1049804 0.1476459 0.1415567 0.1210949 0.1244927 0.1006885 0.0940877 0.1296990 0.1020971 0.1176544 0.1582402 0.1286770 0.1170127 0.1263060 0.1476263 0.1300890 0.1446114 0.1707725 0.1373041 0.1154886 0.1121342 0.0978120 0.1761350 0.0795278 0.0792585 0.1701751 0.0781501 0.0938807 0.0952400 0.0807716 
S0756      0.0662717 0.0710164 0.1215732 0.1055231 0.0150692 0.1314162 0.0051662 0.1215250 0.1196224 0.0105452 0.0000026 0.1029444 0.0722353 0.0848885 0.0775290 0.1067117 0.0486869 0.1310659 0.0148898 0.0374587 0.0994001 0.0418527 0.1316639 0.1745607 0.0614486 0.1198094 0.0000000 0.0710164 0.0048670 0.1056608 0.1123272 0.1067013 0.0721272 0.0595040 0.0991739 0.0722162 0.1819130 0.0866019 0.1261067 0.2034881 0.1570697 0.1065982 0.0863213 0.0478995 0.0642576 0.0098464 0.0310998 0.1358819 0.1132156 0.0050200 0.0811623 0.0718429 0.0200434 0.0157428 0.0673864 0.0847701 0.0663379 0.0779949 0.0532707 0.0536145 0.0253272 0.0845839 0.0722162 0.1093933 0.0102300 0.0783622 0.0980684 0.0318056 0.1289939 0.0148513 0.1249329 0.0149032 0.0362684 0.0799203 0.1075934 0.1093597 0.0775185 0.0590779 0.1204107 0.0526127 0.0775186 0.1148151 0.0722745 
S0760      0.0870388 0.0000010 0.0889779 0.0369283 0.0924157 0.0977015 0.0639310 0.1171289 0.0876089 0.0713843 0.0497896 0.0842515 0.1211253 0.0097754 0.0485534 0.0818239 0.0945613 0.1118191 0.0910085 0.0818454 0.0947573 0.0602711 0.0579850 0.2064471 0.1166903 0.0861124 0.0710164 0.0000000 0.0780952 0.0252947 0.0415753 0.0884315 0.0490719 0.0610039 0.0778012 0.0311504 0.1883910 0.0687924 0.1066679 0.2195854 0.1797026 0.0814082 0.0497580 0.1061520 0.0421438 0.0846488 0.0995459 0.1315957 0.1230769 0.0807503 0.0697154 0.0547722 0.0976057 0.0636747 0.1166160 0.0736661 0.0870915 0.0732705 0.0426358 0.0372048 0.1044580 0.0097458 0.0311504 0.1048013 0.0754245 0.0488549 0.0675308 0.1165665 0.1101412 0.0907544 0.1057125 0.0910910 0.0663764 0.0686893 0.0692613 0.1194145 0.0485479 0.0369271 0.1161177 0.0147930 0.0485461 0.0825131 0.0375364 
S0763      0.0733369 0.0780952 0.1306689 0.1139261 0.0204819 0.1410403 0.0105368 0.1306205 0.1285092 0.0161397 0.0050759 0.1115716 0.0794763 0.0925383 0.0848418 0.1152367 0.0552475 0.1406494 0.0202309 0.0436979 0.1076424 0.0480324 0.1408017 0.1859524 0.0684936 0.1292025 0.0048670 0.0780952 0.0000000 0.1140726 0.1209324 0.1152160 0.0793557 0.0678214 0.1085326 0.0794516 0.1945022 0.0944610 0.1356928 0.2161248 0.1682523 0.1151032 0.0941447 0.0543172 0.0710467 0.0150481 0.0370119 0.1459608 0.1219272 0.0102318 0.0889436 0.0790366 0.0255361 0.0214145 0.0746083 0.0924088 0.0734007 0.0853638 0.0598094 0.0601942 0.0309835 0.0921986 0.0794516 0.1182384 0.0156482 0.0857873 0.1061509 0.0378788 0.1383564 0.0201778 0.1343741 0.0202493 0.0422820 0.0875398 0.1162256 0.1182012 0.0848296 0.0657919 0.1293670 0.0590460 0.0848305 0.1237125 0.0795106 
S0770      0.1182812 0.0252947 0.1134230 0.0681492 0.1307890 0.1234927 0.0833265 0.1441967 0.1115303 0.1020957 0.0767817 0.1067243 0.1560025 0.0256823 0.0744970 0.1017626 0.1198336 0.1388699 0.1142843 0.1129397 0.1194206 0.0747569 0.0837015 0.2149200 0.1512818 0.1270152 0.1056608 0.0252947 0.1140726 0.0000000 0.0660157 0.1275643 0.0759265 0.0837162 0.1097278 0.0613793 0.2057531 0.0881204 0.1286697 0.2288424 0.1925102 0.1012332 0.0768191 0.1380427 0.0736318 0.1214896 0.1389656 0.1615831 0.1664157 0.1024819 0.1069979 0.0886377 0.1359614 0.0843759 0.1431637 0.1101110 0.1105118 0.1019104 0.0746022 0.0686536 0.1289250 0.0365080 0.0613793 0.1473032 0.1128678 0.0819652 0.1032881 0.1593295 0.1366119 0.1282011 0.1324252 0.1286898 0.1013392 0.1052370 0.0918946 0.1637911 0.0662696 0.0620288 0.1353948 0.0422419 0.0813537 0.0918432 0.0631243 
S0795      0.1302108 0.0415753 0.1243226 0.0620075 0.1379623 0.1194094 0.0991001 0.1393046 0.1080106 0.1159397 0.0962937 0.0848380 0.1628920 0.0537734 0.0671930 0.1272998 0.1416875 0.1341318 0.1356042 0.0973025 0.1155639 0.1150704 0.0147709 0.2180990 0.1671535 0.1082087 0.1123272 0.0415753 0.1209324 0.0660157 0.0000000 0.1235073 0.0889811 0.0857152 0.1277109 0.0675648 0.1908678 0.0906082 0.1363003 0.2217952 0.1819617 0.1093743 0.1045607 0.1002907 0.0799481 0.1284475 0.1362062 0.1392939 0.1607274 0.1099130 0.1195098 0.0818242 0.1430726 0.0648945 0.1402492 0.1319282 0.0946756 0.1163611 0.0943928 0.0882345 0.1508761 0.0535914 0.0675648 0.1348190 0.1200482 0.1023540 0.1102915 0.1559383 0.1098566 0.1208063 0.1485408 0.1212659 0.1014528 0.1272730 0.1134617 0.1503689 0.0808941 0.0744617 0.1503283 0.0479313 0.1015348 0.0975312 0.0757942 
S0827      0.1419020 0.0884315 0.1181559 0.1274005 0.1245758 0.1040061 0.0943353 0.1330877 0.1162133 0.1031972 0.0911318 0.1081844 0.1651105 0.1041818 0.1097978 0.1138951 0.1514261 0.1091894 0.1298705 0.0992776 0.1240110 0.1092441 0.1438432 0.2650529 0.1534257 0.1706835 0.1067013 0.0884315 0.1152160 0.1275643 0.1235073 0.0000000 0.1007689 0.1032490 0.1148995 0.1040830 0.2385588 0.1369692 0.1264028 0.2809819 0.2170026 0.1364009 0.1026535 0.1428057 0.1078455 0.1227132 0.1106669 0.1572963 0.0547146 0.1101514 0.1118500 0.1214695 0.1373357 0.0938325 0.1394429 0.1007112 0.1418441 0.0827034 0.1094059 0.0892694 0.1302281 0.0870827 0.1040830 0.1133313 0.1214454 0.1105701 0.1149479 0.1320513 0.1258351 0.1219196 0.0431124 0.1155379 0.0930015 0.1245353 0.1460858 0.1283520 0.1097789 0.1022849 0.1321123 0.0940773 0.0927545 0.1549733 0.1042008 
S0906      0.0799230 0.0490719 0.0838359 0.0822334 0.0939879 0.0840495 0.0715885 0.1121791 0.0825382 0.0716481 0.0499602 0.0777168 0.1131251 0.0561590 0.0677020 0.0803542 0.1006401 0.0893907 0.0861862 0.0747127 0.0897090 0.0659355 0.1083695 0.1840000 0.1187265 0.0874638 0.0721272 0.0490719 0.0793557 0.0759265 0.0889811 0.1007689 0.0000000 0.0456250 0.0846896 0.0749661 0.1579711 0.0765620 0.1008804 0.2150805 0.1623546 0.0937480 0.0613884 0.0981179 0.0472040 0.0860412 0.1012757 0.1108570 0.1405953 0.0672024 0.0371402 0.0745641 0.0992611 0.0575478 0.1228293 0.0645993 0.0931095 0.0875579 0.0364680 0.0488124 0.1062598 0.0484076 0.0749661 0.1066811 0.0833853 0.0660855 0.0883876 0.1187298 0.1051271 0.0854958 0.1310142 0.0926130 0.0867838 0.0480100 0.0438276 0.1216231 0.0553189 0.0097585 0.1077392 0.0544689 0.0553423 0.0886209 0.0201749 
S0959      0.0926922 0.0610039 0.1063881 0.0698480 0.0755616 0.1173530 0.0469476 0.1152867 0.0956971 0.0734052 0.0470026 0.0796713 0.1023506 0.0780221 0.0524985 0.0378690 0.1044051 0.1153773 0.0833987 0.0624798 0.0960295 0.0606504 0.0931608 0.1313871 0.1018348 0.0484718 0.0595040 0.0610039 0.0678214 0.0837162 0.0857152 0.1032490 0.0456250 0.0000000 0.0595087 0.0623057 0.1260732 0.0185584 0.0393604 0.1567548 0.1363514 0.0306269 0.0679052 0.0739705 0.0591165 0.0756928 0.0523637 0.1469368 0.1030382 0.0619161 0.0593760 0.0601064 0.0914133 0.0403188 0.0856427 0.0583787 0.0841489 0.0690710 0.0377528 0.0383984 0.0757962 0.0685034 0.0623057 0.1089262 0.0710267 0.0664652 0.0913435 0.0948346 0.1152867 0.0677396 0.1260618 0.0680484 0.0686316 0.0522953 0.0764536 0.1181589 0.0058746 0.0386575 0.1245812 0.0601154 0.0742680 0.0785800 0.0456848 
S0960      0.1383847 0.0778012 0.1397905 0.1020919 0.1169145 0.1468987 0.0740705 0.1705806 0.1370363 0.0825838 0.0810135 0.1369456 0.1565694 0.0857444 0.0946923 0.0110884 0.1314560 0.1650369 0.1249044 0.1070994 0.1465463 0.0941225 0.1430555 0.2614638 0.1287079 0.1497232 0.0991739 0.0778012 0.1085326 0.1097278 0.1277109 0.1148995 0.0846896 0.0595087 0.0000000 0.0869652 0.2290965 0.0857752 0.1146089 0.2502567 0.1912452 0.0898922 0.0841719 0.1357900 0.0822995 0.1168882 0.1273891 0.1961655 0.1315283 0.1047509 0.1005964 0.1086836 0.1332793 0.0912204 0.1505092 0.0825030 0.1469973 0.0872652 0.0674493 0.0621558 0.1164967 0.0863946 0.0869652 0.1214976 0.1144720 0.0681996 0.1166622 0.1324470 0.1719158 0.1084041 0.1570323 0.1168649 0.0770983 0.0908714 0.1079726 0.1300276 0.0615794 0.0762342 0.1358770 0.0840746 0.0914998 0.1041592 0.0777489 
S1083      0.1023617 0.0311504 0.1086674 0.0491931 0.0940957 0.1180979 0.0650768 0.1377689 0.1069448 0.0727035 0.0506272 0.1041630 0.1234701 0.0367584 0.0740943 0.0971167 0.0963309 0.1326374 0.0926331 0.0700636 0.1144106 0.0612845 0.0857056 0.2296263 0.1189778 0.1176544 0.0722162 0.0311504 0.0794516 0.0613793 0.0675648 0.1040830 0.0749661 0.0623057 0.0869652 0.0000000 0.2025636 0.0744633 0.1241380 0.2438961 0.2022685 0.0966037 0.0761194 0.0943782 0.0605086 0.0861423 0.1154002 0.1537860 0.1255041 0.0691554 0.0985801 0.0602596 0.0993703 0.0519870 0.1081746 0.0814298 0.0886782 0.0788084 0.0612684 0.0494443 0.0898958 0.0428574 0.0000010 0.1218710 0.0767883 0.0681444 0.0817696 0.1188530 0.1305955 0.0793718 0.1039688 0.0796705 0.0675116 0.0805043 0.0882281 0.1141643 0.0614784 0.0612859 0.1487932 0.0363235 0.0740839 0.1125381 0.0623537 
S1100      0.1939594 0.1883910 0.2163746 0.2109557 0.2041750 0.2119981 0.1576210 0.2320252 0.1920985 0.1672921 0.1322796 0.1717360 0.2437141 0.1933951 0.1547287 0.2268359 0.1803834 0.2168469 0.1949045 0.1731941 0.2026940 0.1850288 0.2114315 0.0326361 0.2347039 0.1641843 0.1819130 0.1883910 0.1945022 0.2057531 0.1908678 0.2385588 0.1579711 0.1260732 0.2290965 0.2025636 0.0000000 0.1681111 0.1806114 0.0462067 0.0108616 0.1775022 0.1990741 0.1583152 0.1852714 0.1765678 0.1575914 0.2205320 0.2479367 0.1580146 0.2038610 0.2121384 0.1765035 0.1394895 0.1895677 0.2220047 0.1573247 0.1802578 0.2080945 0.1676540 0.1958458 0.1845505 0.2025636 0.2053262 0.1965214 0.2116265 0.2135327 0.1896065 0.2112076 0.1937473 0.2495120 0.2045799 0.1797091 0.1989721 0.2108725 0.2159522 0.1599594 0.1705582 0.1565089 0.1667270 0.1987863 0.1467515 0.1708150 
S1128      0.1046944 0.0687924 0.0975726 0.0984053 0.1102602 0.1067957 0.0707639 0.1118607 0.0960200 0.0957449 0.0708689 0.0641617 0.1343335 0.0756901 0.0688389 0.0675538 0.1130697 0.1214133 0.1084472 0.0992503 0.0895126 0.0886406 0.0893138 0.1878777 0.1372586 0.0897980 0.0866019 0.0687924 0.0944610 0.0881204 0.0906082 0.1369692 0.0765620 0.0185584 0.0857752 0.0744633 0.1681111 0.0000000 0.0498486 0.2008340 0.1601718 0.0672232 0.0821940 0.1103918 0.0619450 0.1015838 0.1036092 0.1260903 0.1602951 0.0978263 0.1049529 0.0603274 0.1088051 0.0716410 0.0963852 0.0949228 0.1114976 0.0742005 0.0613325 0.0495123 0.0987449 0.0830873 0.0744633 0.1248970 0.0923666 0.0811369 0.1013956 0.1371454 0.1048485 0.1081310 0.1349862 0.0999434 0.0819675 0.0802556 0.0747496 0.1331575 0.0255784 0.0625251 0.1325756 0.0617246 0.0799759 0.0785416 0.0636389 
S1129sl    0.1402821 0.1066679 0.1240133 0.1421304 0.1545878 0.1348041 0.1024027 0.1397934 0.1141906 0.1325718 0.1026266 0.1112124 0.2006842 0.1242835 0.1218064 0.0972188 0.1764597 0.1508907 0.1517166 0.1352410 0.1301519 0.1293540 0.1419905 0.2089088 0.1876682 0.1299600 0.1261067 0.1066679 0.1356928 0.1286697 0.1363003 0.1264028 0.1008804 0.0393604 0.1146089 0.1241380 0.1806114 0.0498486 0.0000000 0.2228533 0.1683125 0.0767822 0.1075719 0.1713979 0.1125698 0.1439191 0.1471670 0.1657093 0.1544030 0.1408319 0.1324768 0.1166858 0.1522269 0.1038457 0.1625712 0.1357886 0.1644225 0.1153726 0.0969054 0.0703280 0.1520397 0.1237561 0.1241380 0.1342708 0.1354998 0.1128267 0.1358596 0.1551104 0.1483333 0.1512527 0.1470969 0.1518576 0.1040189 0.0999546 0.1159578 0.1507007 0.0435004 0.0922432 0.1632700 0.1125802 0.1037889 0.1283861 0.0940243 
S1148      0.2141820 0.2195854 0.2532106 0.2471548 0.2301396 0.2609438 0.1767438 0.2642777 0.2280704 0.1899191 0.1587674 0.2092119 0.1990113 0.2252483 0.1832894 0.2603546 0.1934428 0.2813673 0.2165392 0.2204630 0.2388507 0.1975958 0.2526518 0.0206890 0.2226948 0.1735652 0.2034881 0.2195854 0.2161248 0.2288424 0.2217952 0.2809819 0.2150805 0.1567548 0.2502567 0.2438961 0.0462067 0.2008340 0.2228533 0.0000000 0.0271120 0.2362232 0.2302364 0.2112584 0.2160098 0.1986629 0.1858773 0.2709781 0.2681683 0.1966907 0.2752676 0.2628279 0.1985938 0.1763978 0.2104667 0.2631960 0.1860093 0.1758283 0.2390840 0.1986368 0.2084339 0.2434740 0.2438961 0.2373162 0.2300601 0.2529672 0.2349858 0.2303408 0.2338751 0.2343533 0.2829147 0.2352754 0.2012256 0.2601161 0.2434330 0.2478100 0.1913352 0.2019996 0.2128489 0.2068539 0.2110646 0.2151139 0.2064307 
S1180      0.1643140 0.1797026 0.2198426 0.2143656 0.1685966 0.2163052 0.1314223 0.2204913 0.2055084 0.1500647 0.1256895 0.1622864 0.1893332 0.1935364 0.1400798 0.2122182 0.1515291 0.2361367 0.1773161 0.1632562 0.2063382 0.1563622 0.2013591 0.0101609 0.2132319 0.1491520 0.1570697 0.1797026 0.1682523 0.1925102 0.1819617 0.2170026 0.1623546 0.1363514 0.1912452 0.2022685 0.0108616 0.1601718 0.1683125 0.0271120 0.0000000 0.1694317 0.1808962 0.1571169 0.1768806 0.1517038 0.1279431 0.2245890 0.1889983 0.1606070 0.2120212 0.2019295 0.1516515 0.1321497 0.1514822 0.2111423 0.1384729 0.1376756 0.1891730 0.1601573 0.1608332 0.2019026 0.2022685 0.1826904 0.1868037 0.1922405 0.1936809 0.1632226 0.2008348 0.1855156 0.2170726 0.1862809 0.1431149 0.2170616 0.1961324 0.1923336 0.1527826 0.1511617 0.1730213 0.1680933 0.1714634 0.1271418 0.1630055 
S1189      0.1005950 0.0814082 0.1455397 0.1045201 0.1320003 0.1494196 0.0760230 0.1454907 0.1429554 0.1011251 0.0761416 0.1204371 0.1638935 0.0966891 0.0918603 0.0840283 0.1274353 0.1566335 0.1297437 0.1044335 0.1358158 0.1018598 0.1097448 0.2137697 0.1479171 0.1230681 0.1065982 0.0814082 0.1151032 0.1012332 0.1093743 0.1364009 0.0937480 0.0306269 0.0898922 0.0966037 0.1775022 0.0672232 0.0767822 0.2362232 0.1694317 0.0000000 0.0928976 0.1267997 0.0846616 0.1225930 0.1137804 0.1992672 0.1516641 0.1098871 0.0913626 0.0872506 0.1372021 0.0769622 0.1308215 0.0914827 0.0934398 0.1098155 0.0713618 0.0605044 0.1300161 0.0963151 0.0966037 0.1403319 0.1139369 0.0659141 0.1292148 0.1393403 0.1614560 0.1293651 0.1442240 0.1298615 0.1022595 0.0798867 0.1074770 0.1566861 0.0363199 0.0792791 0.1626558 0.0870207 0.1061173 0.1028957 0.0806773 
S1201sl    0.1112219 0.0497580 0.1068602 0.0767040 0.1028330 0.1091842 0.0799030 0.1296734 0.1050890 0.0882122 0.0641765 0.0948407 0.1484842 0.0631424 0.0687094 0.0863599 0.1088827 0.1242230 0.1080719 0.0989477 0.1128891 0.0748105 0.1248311 0.2166734 0.1250029 0.1118930 0.0863213 0.0497580 0.0941447 0.0768191 0.1045607 0.1026535 0.0613884 0.0679052 0.0841719 0.0761194 0.1990741 0.0821940 0.1075719 0.2302364 0.1808962 0.0928976 0.0000000 0.1318021 0.0538669 0.1012372 0.1176459 0.1458583 0.1385317 0.0974862 0.0677841 0.0800124 0.1151829 0.0795634 0.1441450 0.0910295 0.1260021 0.0892708 0.0474039 0.0369913 0.1153261 0.0629127 0.0761194 0.1244120 0.0920446 0.0655546 0.0478631 0.1289814 0.1222418 0.1077578 0.1211093 0.1081719 0.0815628 0.0668179 0.0673546 0.1402700 0.0607039 0.0485729 0.0993357 0.0552353 0.0306513 0.0995470 0.0493926 
S1211      0.0850990 0.1061520 0.1649335 0.1231001 0.0674725 0.1654718 0.0386977 0.1648905 0.1620128 0.0515949 0.0377286 0.1265253 0.0873052 0.1224526 0.0837528 0.1392573 0.0819886 0.1543442 0.0664993 0.0683575 0.1393996 0.0733136 0.1289719 0.1746010 0.1035324 0.1505057 0.0478995 0.1061520 0.0543172 0.1380427 0.1002907 0.1428057 0.0981179 0.0739705 0.1357900 0.0943782 0.1583152 0.1103918 0.1713979 0.2112584 0.1571169 0.1267997 0.1318021 0.0000000 0.1048953 0.0604611 0.0780849 0.2014418 0.1708508 0.0315383 0.0917690 0.0938783 0.0604443 0.0386889 0.0736470 0.1116351 0.0602382 0.1004601 0.0929249 0.0933841 0.0792011 0.1045170 0.0943782 0.1683381 0.0631806 0.1222658 0.1226351 0.0801335 0.1644828 0.0482671 0.1714036 0.0544651 0.0670540 0.1069535 0.1572404 0.1682819 0.1062119 0.0995447 0.1425242 0.0981349 0.1136065 0.1292393 0.1153236 
S1214sl    0.0993518 0.0421438 0.0881364 0.0735254 0.0848213 0.0901636 0.0631175 0.1159253 0.0867963 0.0704459 0.0491974 0.0701092 0.1196182 0.0486517 0.0480808 0.0783633 0.0934542 0.1106689 0.0835678 0.0807760 0.0805638 0.0718052 0.0852870 0.2031950 0.1050122 0.0850780 0.0642576 0.0421438 0.0710467 0.0736318 0.0799481 0.1078455 0.0472040 0.0591165 0.0822995 0.0605086 0.1852714 0.0619450 0.1125698 0.2160098 0.1768806 0.0846616 0.0538669 0.1048953 0.0000000 0.0773911 0.0917016 0.1147516 0.1435417 0.0734243 0.0606980 0.0603854 0.0899660 0.0628682 0.1083967 0.0707040 0.0993876 0.0726341 0.0302602 0.0308960 0.0900625 0.0543732 0.0605086 0.1106094 0.0681433 0.0470229 0.0794380 0.1079680 0.0950525 0.0833379 0.1188494 0.0836429 0.0656877 0.0597842 0.0604632 0.1105749 0.0598681 0.0355889 0.1075619 0.0361704 0.0598668 0.0815679 0.0361532 
S1227      0.0799267 0.0846488 0.1385157 0.1213374 0.0259111 0.1492357 0.0104430 0.1384679 0.1361931 0.0104227 0.0050330 0.1192143 0.0861724 0.0994854 0.0915489 0.1227438 0.0615276 0.1488132 0.0255868 0.0432619 0.1149757 0.0539980 0.1485696 0.1695406 0.0751133 0.1373320 0.0098464 0.0846488 0.0150481 0.1214896 0.1284475 0.1227132 0.0860412 0.0756928 0.1168882 0.0861423 0.1765678 0.1015838 0.1439191 0.1986629 0.1517038 0.1225930 0.1012372 0.0604611 0.0773911 0.0000000 0.0428103 0.1544969 0.1295281 0.0155324 0.0960547 0.0856923 0.0097342 0.0212155 0.0813376 0.0993461 0.0799859 0.0921188 0.0660208 0.0664403 0.0365732 0.0991153 0.0861423 0.1260056 0.0211233 0.0925928 0.1064788 0.0314206 0.1463511 0.0255191 0.1424840 0.0256102 0.0481354 0.0945117 0.1238205 0.1259656 0.0915352 0.0721165 0.1371026 0.0651596 0.0915370 0.1314622 0.0862006 
S1235sl    0.0853214 0.0995459 0.1416015 0.1311607 0.0433307 0.1526922 0.0330418 0.1262223 0.1391659 0.0394047 0.0264874 0.1122872 0.0944506 0.1155172 0.0839679 0.1106827 0.0888465 0.1522465 0.0485673 0.0559852 0.1173940 0.0723223 0.1517193 0.1449390 0.0900561 0.1054599 0.0310998 0.0995459 0.0370119 0.1389656 0.1362062 0.1106669 0.1012757 0.0523637 0.1273891 0.1154002 0.1575914 0.1036092 0.1471670 0.1858773 0.1279431 0.1137804 0.1176459 0.0780849 0.0917016 0.0428103 0.0000000 0.1666581 0.1173961 0.0320309 0.1016280 0.1008517 0.0544992 0.0447584 0.0801949 0.1012757 0.0789255 0.0806348 0.0798944 0.0803944 0.0371600 0.1150677 0.1154002 0.1288027 0.0446686 0.1081945 0.1301805 0.0552603 0.1416870 0.0484337 0.1107503 0.0371120 0.0734305 0.0963618 0.1417741 0.1443765 0.0932589 0.0863254 0.1401142 0.0787889 0.1068818 0.1151876 0.1014432 
