127
PAFTOL_019361 0.0000000 0.1410148 0.1360786 0.1802989 0.1283697 0.1484009 0.1377894 0.1411482 0.1821710 0.1726186 0.1580355 0.1679110 0.1760780 0.1372987 0.1329492 0.1378414 0.1586864 0.1729116 0.2183823 0.1429240 0.1342922 0.1082119 0.2114851 0.1461825 0.1436665 0.1653880 0.1242417 0.1298975 0.1833756 0.2183823 0.1331466 0.1448931 0.2183823 0.1578387 0.1295984 0.1381801 0.2183823 0.1291299 0.1567042 0.1746071 0.1369907 0.1729260 0.1340370 0.1388848 0.1328183 0.1572054 0.1370601 0.1378638 0.1188605 0.1240114 0.1839757 0.1207699 0.1389490 0.1391387 0.1589388 0.1207479 0.1206235 0.1261806 0.1294278 0.1889626 0.1472840 0.1379427 0.2061040 0.2183823 0.1619795 0.1492285 0.1242936 0.1423439 0.1328183 0.1467488 0.1061341 0.1326094 0.1337063 0.1901897 0.1650481 0.1331154 0.1468788 0.1437937 0.1577053 0.1375679 0.0980664 0.1208329 0.1336931 0.1729749 0.1241443 0.1580246 0.2183823 0.1627934 0.1840397 0.1432603 0.1854906 0.1494631 0.1424068 0.1668443 0.1390760 0.1215209 0.1476108 0.1383504 0.1447712 0.1244994 0.1347596 0.1684350 0.1576568 0.1524560 0.1474696 0.1478532 0.1392221 0.1444467 0.1472840 0.1410911 0.1424294 0.1405009 0.1416458 0.1552080 0.1302772 0.1331993 0.1349241 0.1620453 0.1525585 0.1397898 0.1278070 0.1338119 0.1918462 0.1373792 0.1469143 0.1490911 0.1380880 
S0055         0.1410148 0.0000000 0.0747455 0.0850971 0.0519532 0.0338533 0.0564003 0.0590135 0.0479393 0.0791199 0.0811219 0.0756941 0.0744439 0.0638257 0.0447298 0.0636519 0.0714188 0.0750673 0.1797249 0.0301073 0.0335674 0.0282892 0.1086188 0.0637815 0.0600187 0.0554077 0.0482317 0.0597526 0.0638089 0.1797249 0.0599788 0.0343691 0.1797249 0.0765542 0.0600122 0.0409743 0.1797249 0.0483763 0.0528697 0.1214015 0.0477728 0.0750706 0.0370752 0.0636027 0.0518063 0.0407926 0.0554378 0.0557391 0.0487579 0.0521528 0.0776504 0.0448869 0.0679900 0.0560857 0.0789408 0.0557658 0.0594012 0.0562662 0.0558178 0.0803229 0.0523331 0.0970717 0.0935875 0.1797249 0.0627034 0.0641920 0.0481526 0.0929538 0.0518063 0.0928781 0.0428517 0.0552651 0.0638529 0.0744255 0.0563868 0.0481995 0.0929628 0.0302781 0.0338954 0.0482733 0.0316177 0.0449086 0.0448730 0.0830138 0.0563279 0.0679057 0.1797249 0.0754045 0.0835200 0.0336057 0.0782190 0.0716493 0.0520355 0.0494551 0.0337192 0.0171612 0.0597189 0.0410564 0.0726135 0.0411049 0.0450568 0.0769523 0.0409726 0.0674961 0.0680316 0.0525147 0.0563258 0.0338352 0.0523331 0.0557123 0.0520703 0.0340064 0.0752185 0.0523907 0.0603312 0.0265580 0.0413152 0.0722965 0.0757992 0.0642857 0.0483699 0.0484703 0.1004478 0.0555541 0.0557749 0.0375930 0.0595015 
S0196sl       0.1360786 0.0747455 0.0000000 0.0713648 0.0465378 0.0645134 0.0590840 0.0666344 0.0718224 0.1016289 0.0623905 0.1051700 0.0819450 0.0474581 0.0468327 0.0529011 0.0798987 0.1088803 0.0859649 0.0613795 0.0641223 0.0376956 0.0725520 0.0585703 0.0280258 0.0756056 0.0496146 0.0761946 0.0824806 0.0780139 0.0530511 0.0595868 0.0399646 0.0772069 0.0502426 0.0502085 0.0342162 0.0383231 0.0993133 0.1023500 0.0810976 0.1085097 0.0586566 0.0729719 0.0148418 0.0644807 0.0173571 0.0174367 0.0303414 0.0470557 0.0669971 0.0472496 0.0529682 0.0641323 0.0891160 0.0728726 0.0666376 0.0670948 0.0695751 0.1131499 0.0386909 0.0884463 0.1324424 0.0579991 0.0826508 0.0829807 0.0642819 0.0957436 0.0148418 0.1049873 0.0469289 0.0789261 0.0763144 0.0816906 0.0683441 0.0469989 0.1018837 0.0587704 0.0617648 0.0523334 0.0287740 0.0444955 0.0499517 0.1121969 0.0471161 0.0656958 0.0716135 0.1088932 0.1159776 0.0613176 0.0700220 0.0588637 0.0609189 0.1154843 0.0534151 0.0595798 0.0639612 0.0618437 0.0681006 0.0614979 0.0615861 0.0653676 0.0617519 0.0251712 0.0566495 0.0386909 0.0558904 0.0561303 0.0415090 0.0606780 0.0554782 0.0677542 0.0586152 0.0627192 0.0499876 0.0528341 0.0530953 0.0712239 0.0713231 0.0591475 0.0525075 0.0641323 0.1220762 0.0524575 0.0555190 0.0705098 0.0695803 
S0278         0.1802989 0.0850971 0.0713648 0.0000000 0.0796847 0.0777960 0.0431008 0.0874496 0.0869479 0.1068210 0.0367133 0.1127908 0.0975143 0.0339418 0.0451673 0.0856013 0.1230062 0.1151963 0.0850055 0.0721822 0.0745064 0.0400805 0.1157344 0.0383500 0.0746169 0.1021163 0.0475947 0.0925847 0.1044549 0.0849026 0.0361464 0.0760798 0.0395479 0.0428035 0.0530036 0.0670604 0.0338601 0.0770104 0.1075466 0.1441632 0.0845077 0.1148681 0.0747953 0.0897505 0.0645275 0.0748606 0.0668905 0.0648353 0.0751225 0.0527718 0.1047403 0.0529259 0.0627011 0.0793416 0.0933323 0.0896470 0.0766976 0.0816928 0.0867156 0.1264726 0.0803485 0.1091564 0.1267447 0.0782871 0.0930454 0.0883543 0.0747815 0.1188523 0.0645275 0.1293240 0.0472949 0.0872281 0.0828966 0.1078398 0.0808276 0.0748495 0.1266069 0.0699863 0.0702348 0.0772348 0.0280208 0.0481620 0.0551260 0.1152289 0.0556007 0.0472847 0.0783979 0.1182878 0.1211947 0.0697647 0.1078109 0.0911162 0.0825229 0.1380048 0.0729194 0.0716736 0.0876973 0.0727036 0.0677471 0.0805801 0.0806385 0.0386358 0.0751239 0.0743670 0.0479302 0.0805326 0.0578010 0.0701139 0.0830629 0.0848757 0.0776552 0.0727617 0.0499637 0.0703492 0.0603164 0.0673699 0.0701368 0.0972435 0.0971948 0.0624350 0.0667071 0.0742127 0.1246733 0.0746577 0.0802080 0.0877744 0.0764550 
S0281         0.1283697 0.0519532 0.0465378 0.0796847 0.0000000 0.0640890 0.0662776 0.0660196 0.0801264 0.0968287 0.0744415 0.0972304 0.0853656 0.0636069 0.0537445 0.0618467 0.0929344 0.0968467 0.1294410 0.0589978 0.0659313 0.0466745 0.1179165 0.0658919 0.0311897 0.0826396 0.0559754 0.0659995 0.0911450 0.1130291 0.0565611 0.0672878 0.0780679 0.0815552 0.0567193 0.0590923 0.0719926 0.0355392 0.0854190 0.1214003 0.0750471 0.0965803 0.0661787 0.0681772 0.0289151 0.0662349 0.0310419 0.0354828 0.0358486 0.0540259 0.0703511 0.0448184 0.0591141 0.0587855 0.0835553 0.0633749 0.0606671 0.0587966 0.0607651 0.1125407 0.0470167 0.0946584 0.1068380 0.0909484 0.0783473 0.0738297 0.0564416 0.1033884 0.0289151 0.1111309 0.0549122 0.0710395 0.0662965 0.0754537 0.0670045 0.0542523 0.1032491 0.0615304 0.0663025 0.0519413 0.0390429 0.0402638 0.0446619 0.0943448 0.0591602 0.0692834 0.1061501 0.0997147 0.0998347 0.0636214 0.0730281 0.0692189 0.0613275 0.0839556 0.0596198 0.0655364 0.0662018 0.0617234 0.0739620 0.0594404 0.0594785 0.0794094 0.0662911 0.0356233 0.0618063 0.0471164 0.0516946 0.0569333 0.0493883 0.0660783 0.0614657 0.0664790 0.0707942 0.0672263 0.0614560 0.0566142 0.0638788 0.0796842 0.0747275 0.0542177 0.0538196 0.0540117 0.1025781 0.0469635 0.0638679 0.0811285 0.0538213 
S0282         0.1484009 0.0338533 0.0645134 0.0777960 0.0640890 0.0000000 0.0646271 0.0614387 0.0349624 0.0922647 0.0696682 0.0960822 0.0891304 0.0545393 0.0566652 0.0595449 0.0923912 0.0984358 0.0794248 0.0204323 0.0332599 0.0471107 0.0992347 0.0689794 0.0572527 0.0658157 0.0588751 0.0666970 0.0793031 0.0793257 0.0666196 0.0317502 0.0219823 0.0722253 0.0592490 0.0497590 0.0164663 0.0475866 0.0893900 0.1196002 0.0658976 0.0954326 0.0312486 0.0688976 0.0496283 0.0268266 0.0518911 0.0475284 0.0456401 0.0519164 0.0837909 0.0497247 0.0616666 0.0617797 0.0848980 0.0640401 0.0612986 0.0593455 0.0613986 0.0822926 0.0642838 0.0930342 0.1210488 0.0727080 0.0746782 0.0697258 0.0570295 0.0969388 0.0496283 0.1043518 0.0526977 0.0664775 0.0641554 0.0891707 0.0426619 0.0497636 0.1017589 0.0225984 0.0359038 0.0520069 0.0417343 0.0450760 0.0473308 0.1011163 0.0593523 0.0721810 0.0728121 0.1013601 0.1041312 0.0268510 0.0866380 0.0718393 0.0571475 0.0714604 0.0293076 0.0414479 0.0616076 0.0313391 0.0718016 0.0526068 0.0549097 0.0778313 0.0358979 0.0616555 0.0722108 0.0644262 0.0567369 0.0226326 0.0668267 0.0614939 0.0569072 0.0314152 0.0715150 0.0405830 0.0593228 0.0248958 0.0472968 0.0749140 0.0651577 0.0617748 0.0497634 0.0569195 0.1038217 0.0522253 0.0592886 0.0544279 0.0567160 
S0289         0.1377894 0.0564003 0.0590840 0.0431008 0.0662776 0.0646271 0.0000000 0.0712335 0.0809201 0.0894844 0.0290490 0.0958602 0.0839546 0.0248005 0.0269653 0.0693623 0.1042281 0.0931362 0.0868228 0.0594877 0.0617492 0.0280560 0.1051371 0.0357086 0.0571614 0.0784977 0.0357120 0.0785841 0.0850712 0.1004497 0.0269280 0.0630261 0.0525483 0.0359289 0.0384892 0.0618174 0.0466597 0.0518356 0.0923216 0.1382233 0.0661688 0.0979340 0.0619814 0.0759090 0.0450260 0.0620343 0.0472656 0.0474543 0.0548015 0.0383255 0.0836902 0.0384347 0.0476822 0.0687418 0.0797305 0.0733869 0.0588321 0.0710320 0.0730744 0.1165547 0.0596722 0.1032354 0.1216122 0.0787903 0.0818791 0.0768580 0.0639273 0.1100642 0.0450260 0.1175985 0.0413970 0.0764425 0.0695816 0.0889555 0.0699563 0.0592579 0.1149489 0.0573328 0.0550974 0.0615471 0.0103676 0.0339215 0.0361238 0.1007746 0.0409057 0.0359066 0.0936376 0.1011244 0.1038886 0.0594386 0.0889280 0.0745457 0.0668990 0.1048324 0.0600817 0.0611861 0.0714315 0.0645542 0.0524465 0.0645795 0.0646227 0.0316607 0.0597856 0.0568842 0.0313898 0.0598037 0.0452587 0.0574328 0.0621863 0.0712967 0.0618703 0.0647120 0.0312589 0.0625705 0.0454071 0.0524369 0.0527529 0.0802344 0.0826064 0.0478193 0.0516666 0.0638040 0.1140864 0.0614790 0.0642903 0.0717759 0.0660012 
S0292         0.1411482 0.0590135 0.0666344 0.0874496 0.0660196 0.0614387 0.0712335 0.0000000 0.0772551 0.0996035 0.0824837 0.0841558 0.0729812 0.0613410 0.0631383 0.0358563 0.0495440 0.0895236 0.0917601 0.0518227 0.0562732 0.0466945 0.1044368 0.0683979 0.0639271 0.0778070 0.0607641 0.0588512 0.0921503 0.0851994 0.0661388 0.0598311 0.0524144 0.0892748 0.0615790 0.0567799 0.0465401 0.0495705 0.0852437 0.1197834 0.0727886 0.0892780 0.0539455 0.0610112 0.0516001 0.0589035 0.0538582 0.0540728 0.0496109 0.0541989 0.0778690 0.0589874 0.0640097 0.0517716 0.0764364 0.0562964 0.0513998 0.0517273 0.0537586 0.1027796 0.0708625 0.0887075 0.1122256 0.0646745 0.0737219 0.0593158 0.0449542 0.0948650 0.0516001 0.1047380 0.0605607 0.0491322 0.0494002 0.0831000 0.0619296 0.0249127 0.1021923 0.0496831 0.0613567 0.0377117 0.0390009 0.0542254 0.0565238 0.0921223 0.0614465 0.0818446 0.0786715 0.0868010 0.0924487 0.0540141 0.0806269 0.0472156 0.0142618 0.0907147 0.0544825 0.0678433 0.0291887 0.0590319 0.0692728 0.0164569 0.0206614 0.0845969 0.0613463 0.0589219 0.0668737 0.0710185 0.0661544 0.0521386 0.0734343 0.0291370 0.0335026 0.0568488 0.0733086 0.0573959 0.0616557 0.0494913 0.0566460 0.0498941 0.0498421 0.0713458 0.0380184 0.0470941 0.0922037 0.0542324 0.0357093 0.0733293 0.0469304 
S0293         0.1821710 0.0479393 0.0718224 0.0869479 0.0801264 0.0349624 0.0809201 0.0772551 0.0000000 0.1051805 0.0791846 0.1180986 0.1046493 0.0698067 0.0720569 0.0748872 0.1100588 0.1206144 0.0871412 0.0370735 0.0464091 0.0623331 0.0723548 0.0803710 0.0830909 0.0818790 0.0744184 0.0856567 0.0943128 0.0870343 0.0829852 0.0450540 0.0279531 0.0892551 0.0721709 0.0645805 0.0223354 0.0722183 0.1130274 0.1369074 0.0871516 0.1172452 0.0443015 0.0906384 0.0693494 0.0394728 0.0718144 0.0671254 0.0677181 0.0642091 0.0960653 0.0694972 0.0747843 0.0749460 0.1056433 0.0852864 0.0770675 0.0801549 0.0771650 0.0977511 0.0804554 0.1143558 0.1369698 0.0802423 0.0944277 0.0808163 0.0725487 0.1189021 0.0693494 0.1268941 0.0653451 0.0801837 0.0802514 0.1018925 0.0616566 0.0645846 0.1183193 0.0349215 0.0494643 0.0719810 0.0562619 0.0643719 0.0619073 0.1206868 0.0723025 0.0838732 0.0803585 0.1206270 0.1269495 0.0349325 0.0962130 0.0860986 0.0727084 0.0937137 0.0423054 0.0581818 0.0774797 0.0538844 0.0858013 0.0678176 0.0703107 0.0814641 0.0542224 0.0771027 0.0892341 0.0804554 0.0746421 0.0349792 0.0832530 0.0722374 0.0723813 0.0421915 0.0856921 0.0618368 0.0695558 0.0421314 0.0618590 0.0922242 0.0836580 0.0828416 0.0645849 0.0724008 0.1239067 0.0723101 0.0749738 0.0696465 0.0771701 
S0294         0.1726186 0.0791199 0.1016289 0.1068210 0.0968287 0.0922647 0.0894844 0.0996035 0.1051805 0.0000000 0.0909308 0.1286555 0.1240530 0.0894363 0.0811834 0.0978093 0.1195017 0.1255334 0.1479673 0.0866365 0.0863624 0.0716426 0.0905586 0.0969704 0.0965726 0.1040296 0.0859357 0.1044430 0.0815502 0.1555772 0.0839705 0.0850883 0.1003268 0.0975469 0.0846271 0.0840875 0.0939764 0.0889179 0.1252614 0.1681679 0.0609990 0.1251750 0.0893430 0.1071750 0.0859876 0.0894217 0.0884314 0.0887994 0.0870804 0.0766290 0.1207707 0.0842606 0.0872384 0.0909131 0.1170845 0.1044247 0.0887018 0.0993171 0.1013625 0.1290762 0.0996234 0.1232829 0.1411056 0.1157724 0.1112987 0.1058886 0.0917366 0.1413361 0.0859876 0.1557454 0.0793518 0.1053112 0.0955181 0.1187906 0.0874157 0.0867621 0.1528946 0.0844304 0.0921307 0.0841526 0.0631498 0.0791192 0.0865225 0.1283746 0.0847773 0.1085282 0.1376425 0.1286980 0.1316600 0.0865555 0.1186392 0.1114647 0.0977102 0.1207118 0.0875287 0.0917536 0.0998843 0.0792145 0.0982812 0.0927009 0.0851588 0.1037542 0.0921142 0.0993505 0.0975973 0.0998531 0.0919607 0.0845893 0.1024552 0.0945422 0.0947280 0.0872970 0.0915851 0.0852058 0.0768701 0.0791230 0.0843446 0.1007073 0.1097593 0.0976610 0.0836728 0.0911278 0.1414196 0.0840615 0.0973638 0.1051403 0.0962450 
S0299         0.1580355 0.0811219 0.0623905 0.0367133 0.0744415 0.0696682 0.0290490 0.0824837 0.0791846 0.0909308 0.0000000 0.1093637 0.0965952 0.0313406 0.0384018 0.0805075 0.1169219 0.1090508 0.0935516 0.0691791 0.0716348 0.0326653 0.0794437 0.0359716 0.0669764 0.0953273 0.0432910 0.0852110 0.1002845 0.0934394 0.0336612 0.0732368 0.0463607 0.0411656 0.0438799 0.0640519 0.0405209 0.0690865 0.1006357 0.1466661 0.0712376 0.1087228 0.0693201 0.0822730 0.0561138 0.0719943 0.0585795 0.0538467 0.0670578 0.0436787 0.1016850 0.0439513 0.0512695 0.0742373 0.0914941 0.0821730 0.0636707 0.0795602 0.0791474 0.1202360 0.0724888 0.1090283 0.1297957 0.0721747 0.0943656 0.0780666 0.0666598 0.1194055 0.0561138 0.1274440 0.0445029 0.0829004 0.0861366 0.1076205 0.0754839 0.0641388 0.1277109 0.0668542 0.0695654 0.0689273 0.0156808 0.0414235 0.0486975 0.1089617 0.0465304 0.0433094 0.0867163 0.1090629 0.1153280 0.0640147 0.1017015 0.0834446 0.0804202 0.1327654 0.0671355 0.0685152 0.0774187 0.0644455 0.0591052 0.0750173 0.0751163 0.0363438 0.0747400 0.0693058 0.0385726 0.0726622 0.0538774 0.0669824 0.0753053 0.0772605 0.0722008 0.0749717 0.0383995 0.0674974 0.0462366 0.0614659 0.0643339 0.0897704 0.0897805 0.0488794 0.0583153 0.0716367 0.1214290 0.0665441 0.0748728 0.0717346 0.0740187 
S0303         0.1679110 0.0756941 0.1051700 0.1127908 0.0972304 0.0960822 0.0958602 0.0841558 0.1180986 0.1286555 0.1093637 0.0000000 0.0710819 0.0926719 0.0893171 0.0723273 0.1153749 0.0121851 0.1256116 0.0876466 0.0799276 0.0774887 0.1359586 0.1029488 0.0899532 0.1002854 0.0817262 0.0974904 0.1212512 0.0647652 0.0979367 0.0919666 0.1006399 0.1100969 0.0930450 0.0902904 0.0942604 0.0718989 0.0111701 0.1406183 0.0972523 0.0121555 0.0848484 0.0997759 0.0764325 0.0904701 0.0788420 0.0816241 0.0693782 0.0847918 0.0707884 0.0900877 0.0957310 0.0895220 0.0269481 0.0945138 0.0789965 0.0894818 0.0915411 0.1507221 0.1006266 0.1087118 0.1360373 0.0455394 0.0642604 0.0928612 0.0745096 0.1095340 0.0764325 0.1197665 0.1020574 0.0914700 0.0927094 0.0759265 0.0941349 0.0741777 0.1171180 0.0854141 0.0850136 0.0668406 0.0685738 0.0848318 0.0923800 0.0183951 0.0928339 0.1060194 0.0585518 0.0142897 0.0163892 0.0875634 0.0734847 0.0927513 0.0822295 0.1222335 0.0781631 0.1006167 0.0745328 0.0908317 0.1041457 0.0773663 0.0774212 0.1130912 0.0849994 0.0869177 0.1069519 0.1008611 0.0952294 0.0805993 0.1034920 0.0767111 0.0768244 0.0909088 0.1057701 0.0912140 0.0931703 0.0826585 0.0875365 0.0961613 0.0882314 0.0980383 0.0741356 0.0842513 0.1119980 0.0765392 0.0793469 0.0877959 0.0839386 
S0308         0.1760780 0.0744439 0.0819450 0.0975143 0.0853656 0.0891304 0.0839546 0.0729812 0.1046493 0.1240530 0.0965952 0.0710819 0.0000000 0.0809607 0.0826780 0.0691054 0.0939411 0.0708119 0.1079644 0.0810018 0.0833248 0.0664413 0.1273904 0.0933226 0.0806863 0.0882401 0.0728513 0.0879530 0.1029543 0.0392429 0.0809579 0.0850747 0.0716809 0.0948493 0.0738122 0.0762254 0.0656399 0.0704543 0.0601480 0.1514685 0.0928294 0.0706236 0.0783080 0.0901778 0.0677554 0.0837208 0.0700820 0.0703334 0.0708983 0.0709196 0.0465605 0.0759396 0.0788310 0.0779602 0.0539513 0.0851203 0.0773465 0.0750448 0.0822953 0.1281901 0.0859640 0.1151336 0.1149046 0.0217096 0.0447213 0.0837121 0.0730720 0.1221238 0.0677554 0.1324778 0.0813255 0.0852555 0.0864842 0.0580231 0.0872026 0.0736166 0.1297891 0.0788190 0.0790963 0.0637396 0.0579998 0.0709534 0.0733060 0.0756365 0.0813121 0.0942020 0.0334563 0.0734264 0.0759393 0.0809282 0.0535008 0.0792369 0.0762761 0.1284401 0.0717669 0.0882837 0.0635242 0.0815711 0.0894417 0.0715213 0.0715701 0.1003412 0.0790824 0.0802992 0.0868480 0.0861575 0.0834194 0.0715990 0.0886642 0.0757228 0.0687512 0.0816488 0.0910171 0.0851004 0.0788062 0.0761643 0.0760366 0.0824168 0.0822881 0.0889174 0.0655251 0.0729312 0.0967108 0.0678471 0.0712010 0.0835004 0.0726683 
S0320         0.1372987 0.0638257 0.0474581 0.0339418 0.0636069 0.0545393 0.0248005 0.0613410 0.0698067 0.0894363 0.0313406 0.0926719 0.0809607 0.0000000 0.0268166 0.0594494 0.0936774 0.0949993 0.0650644 0.0496165 0.0518239 0.0280386 0.0937380 0.0247644 0.0499416 0.0728019 0.0290423 0.0684952 0.0767574 0.0649806 0.0226555 0.0504680 0.0220405 0.0403237 0.0338563 0.0473249 0.0165104 0.0495583 0.0888608 0.1279635 0.0610782 0.0947365 0.0520137 0.0635601 0.0381253 0.0520571 0.0403242 0.0404834 0.0476290 0.0337137 0.0831578 0.0338090 0.0428919 0.0589236 0.0767628 0.0658425 0.0538789 0.0611687 0.0632044 0.1033820 0.0570478 0.0897358 0.1047010 0.0586643 0.0764592 0.0667292 0.0542393 0.0987305 0.0381253 0.1087793 0.0331073 0.0663711 0.0640537 0.0883857 0.0573088 0.0496845 0.1061856 0.0474986 0.0498693 0.0519243 0.0124587 0.0293743 0.0359204 0.0976398 0.0362167 0.0357055 0.0587465 0.0978722 0.1005990 0.0495780 0.0883584 0.0619860 0.0593904 0.1085848 0.0501012 0.0533782 0.0615103 0.0498796 0.0475685 0.0547866 0.0548216 0.0360324 0.0544582 0.0497003 0.0313712 0.0571727 0.0405206 0.0475782 0.0595310 0.0589671 0.0521934 0.0546099 0.0290759 0.0551291 0.0406513 0.0427898 0.0452516 0.0673851 0.0722382 0.0407454 0.0423863 0.0541367 0.1054934 0.0518662 0.0545450 0.0615620 0.0563021 
S0327         0.1329492 0.0447298 0.0468327 0.0451673 0.0537445 0.0566652 0.0269653 0.0631383 0.0720569 0.0811834 0.0384018 0.0893171 0.0826780 0.0268166 0.0000000 0.0612682 0.0830670 0.0916186 0.0919569 0.0517250 0.0539320 0.0256112 0.0902490 0.0289201 0.0471282 0.0724722 0.0245647 0.0702620 0.0715350 0.1054926 0.0246835 0.0550237 0.0577553 0.0426045 0.0292257 0.0494080 0.0519248 0.0512879 0.0852349 0.1176114 0.0582553 0.0913679 0.0541294 0.0653444 0.0355317 0.0541745 0.0376968 0.0378441 0.0493819 0.0291042 0.0823354 0.0313464 0.0380777 0.0584798 0.0785137 0.0676145 0.0511658 0.0629624 0.0649809 0.1116056 0.0495215 0.0863446 0.1088145 0.0839000 0.0782058 0.0685199 0.0560647 0.0952146 0.0355317 0.0998944 0.0327700 0.0681543 0.0661668 0.0851507 0.0570669 0.0515298 0.0973631 0.0496098 0.0519870 0.0537585 0.0145167 0.0269773 0.0291177 0.0942188 0.0315235 0.0381215 0.0987293 0.0944399 0.0971222 0.0516845 0.0851240 0.0662633 0.0588833 0.0917090 0.0522299 0.0508024 0.0633112 0.0519979 0.0426523 0.0566256 0.0566617 0.0382944 0.0565819 0.0469036 0.0357132 0.0496281 0.0379613 0.0496933 0.0519232 0.0631942 0.0540351 0.0567395 0.0332795 0.0572523 0.0358781 0.0448870 0.0473408 0.0717088 0.0716740 0.0426314 0.0489317 0.0537327 0.1019525 0.0536991 0.0563780 0.0636970 0.0535505 
S0335         0.1378414 0.0636519 0.0529011 0.0856013 0.0618467 0.0595449 0.0693623 0.0358563 0.0748872 0.0978093 0.0805075 0.0723273 0.0691054 0.0594494 0.0612682 0.0000000 0.0503569 0.0775609 0.0930405 0.0545143 0.0519959 0.0445923 0.0997160 0.0713110 0.0597402 0.0688429 0.0564821 0.0639869 0.0902422 0.0717832 0.0642598 0.0579115 0.0461285 0.0874467 0.0596821 0.0548720 0.0403187 0.0475072 0.0722054 0.1233905 0.0709435 0.0773481 0.0520456 0.0661714 0.0474710 0.0570077 0.0497288 0.0499284 0.0407696 0.0522925 0.0736144 0.0570896 0.0621183 0.0544599 0.0672960 0.0613679 0.0540646 0.0567205 0.0587648 0.1068857 0.0639594 0.0919132 0.1131392 0.0520374 0.0694378 0.0520951 0.0449269 0.0981887 0.0474710 0.1081801 0.0552859 0.0563458 0.0380928 0.0788204 0.0600244 0.0315889 0.1056016 0.0477608 0.0594651 0.0314298 0.0346691 0.0523184 0.0592788 0.0801078 0.0595530 0.0799895 0.0654372 0.0802926 0.0803875 0.0521123 0.0763515 0.0360325 0.0338779 0.0920019 0.0479523 0.0659249 0.0270988 0.0571328 0.0698746 0.0317548 0.0317461 0.0827457 0.0547850 0.0498676 0.0698017 0.0640995 0.0642755 0.0502176 0.0664872 0.0270509 0.0226383 0.0549385 0.0714525 0.0554704 0.0597573 0.0475755 0.0547413 0.0385597 0.0206778 0.0694730 0.0427505 0.0497167 0.0898799 0.0478398 0.0247740 0.0641994 0.0495412 
S0345         0.1586864 0.0714188 0.0798987 0.1230062 0.0929344 0.0923912 0.1042281 0.0495440 0.1100588 0.1195017 0.1169219 0.1153749 0.0939411 0.0936774 0.0830670 0.0503569 0.0000000 0.1156072 0.0000010 0.0921961 0.0778945 0.0493311 0.0781524 0.0988553 0.1042240 0.0928653 0.0735581 0.0985394 0.1207460 0.0000010 0.0891358 0.0790061 0.0000010 0.1208653 0.0838388 0.0787646 0.0000010 0.0882636 0.0862134 0.1345694 0.0922844 0.1156156 0.0873314 0.1036896 0.0830048 0.0976435 0.0877145 0.0883151 0.0781163 0.0736227 0.1288475 0.0737542 0.0688104 0.0883760 0.1209420 0.0930727 0.0881901 0.0941403 0.0931808 0.1304230 0.0834921 0.1188737 0.1171665 0.0000010 0.0937114 0.1097701 0.0781468 0.1289823 0.0830048 0.1342062 0.0684645 0.0824211 0.0644153 0.1291382 0.0837427 0.0499416 0.1343510 0.0737122 0.0882491 0.0496991 0.0481715 0.0788854 0.0933090 0.1263484 0.0785531 0.1165528 0.0000010 0.1104111 0.1273654 0.0780057 0.1189088 0.0324755 0.0543157 0.1043630 0.0826398 0.0617463 0.0546450 0.0932390 0.0802787 0.0498665 0.0549187 0.1156742 0.0882189 0.1040549 0.0998621 0.0834921 0.0892280 0.0836516 0.0834921 0.0449959 0.0325101 0.0792018 0.0973544 0.0798715 0.0739892 0.0726618 0.0796007 0.0281644 0.0694402 0.1044759 0.0738236 0.0883760 0.1155770 0.0782372 0.0367564 0.0786794 0.1029972 
S0355         0.1729116 0.0750673 0.1088803 0.1151963 0.0968467 0.0984358 0.0931362 0.0895236 0.1206144 0.1255334 0.1090508 0.0121851 0.0708119 0.0949993 0.0916186 0.0775609 0.1156072 0.0000000 0.1265550 0.0899647 0.0822246 0.0826530 0.1355637 0.1052963 0.0895993 0.1026264 0.0814092 0.0971047 0.1208967 0.0716752 0.0975473 0.0943345 0.1085529 0.1099499 0.0926760 0.0926170 0.1020739 0.0692953 0.0044248 0.1507536 0.0995768 0.0039973 0.0871536 0.0993812 0.0761388 0.0928018 0.0785385 0.0813080 0.0745333 0.0844599 0.0705204 0.0897326 0.0953500 0.0891711 0.0268521 0.0938811 0.0786918 0.0891313 0.0911836 0.1469766 0.1002255 0.1199301 0.1354681 0.0519548 0.0640168 0.0951930 0.0742229 0.1208479 0.0761388 0.1312886 0.1017340 0.0942969 0.0956379 0.0756366 0.0964979 0.0793968 0.1285785 0.0877349 0.0873243 0.0719512 0.0710616 0.0844997 0.0920160 0.0100814 0.0954209 0.1055939 0.0653365 0.0060408 0.0080833 0.0898787 0.0732048 0.0982971 0.0876032 0.1211866 0.0804753 0.1030210 0.0797806 0.0931718 0.1037255 0.0826769 0.0827372 0.1155034 0.0873087 0.0865782 0.1065192 0.1004573 0.0975613 0.0802825 0.1030774 0.0770048 0.0820942 0.0881076 0.1081279 0.0932985 0.0928000 0.0849673 0.0822575 0.1018010 0.0937487 0.0976482 0.0738508 0.0839236 0.1112253 0.0762447 0.0846559 0.0898659 0.0836133 
S0376         0.2183823 0.1797249 0.0859649 0.0850055 0.1294410 0.0794248 0.0868228 0.0917601 0.0871412 0.1479673 0.0935516 0.1256116 0.1079644 0.0650644 0.0919569 0.0930405 0.0000010 0.1265550 0.0000000 0.0723423 0.0916500 0.1082614 0.1147674 0.0855794 0.0929152 0.0528016 0.0918783 0.0931337 0.1005563 0.1151378 0.1064700 0.0864122 0.0782934 0.0928551 0.0932322 0.0925621 0.0722020 0.0856904 0.1420709 0.1595560 0.1287909 0.1332303 0.0793821 0.0922048 0.0851724 0.0723423 0.0851724 0.0853158 0.0795462 0.0858516 0.0941813 0.0863490 0.0858516 0.0926251 0.1019485 0.0859268 0.0718696 0.0781623 0.0847881 0.0882560 0.1068737 0.1079098 0.1579008 0.1079644 0.1105474 0.0869558 0.0870114 0.1347440 0.0851724 0.1564549 0.0858024 0.0996317 0.0920963 0.1079644 0.0854627 0.0856368 0.1485219 0.0788077 0.0789395 0.0852863 0.0857458 0.0857997 0.0857997 0.1265550 0.1004156 0.0996387 0.1081217 0.1421463 0.1341199 0.0849582 0.0940989 0.1076446 0.0923138 3.4932352 0.0804642 0.0929386 0.0989779 0.0788168 0.1001932 0.0998972 0.0915553 0.1009264 0.0789395 0.0919224 0.1013142 0.1068737 0.0993380 0.0723423 0.1147273 0.0988915 0.0928449 0.0921238 0.0931417 0.0798441 0.0926967 0.0795584 0.0786502 0.1084924 0.1090391 0.0933185 0.0652994 0.0926251 0.1403054 0.0936058 0.0930037 0.0466790 0.0851096 
S0400         0.1429240 0.0301073 0.0613795 0.0721822 0.0589978 0.0204323 0.0594877 0.0518227 0.0370735 0.0866365 0.0691791 0.0876466 0.0810018 0.0496165 0.0517250 0.0545143 0.0921961 0.0899647 0.0723423 0.0000000 0.0245524 0.0398091 0.0932525 0.0637996 0.0522558 0.0561347 0.0539075 0.0615473 0.0739149 0.0722504 0.0614759 0.0229112 0.0162847 0.0717487 0.0496446 0.0449284 0.0108429 0.0427807 0.0803200 0.1220843 0.0608178 0.0870614 0.0225538 0.0637249 0.0448120 0.0100542 0.0470404 0.0472277 0.0408329 0.0470628 0.0758129 0.0448974 0.0566185 0.0567216 0.0768020 0.0589533 0.0562850 0.0543331 0.0563759 0.0738819 0.0591767 0.0924033 0.1148136 0.0657666 0.0716463 0.0644838 0.0520532 0.0962711 0.0448120 0.1036317 0.0497073 0.0589832 0.0590598 0.0810388 0.0379752 0.0449331 0.1010587 0.0141563 0.0313353 0.0471450 0.0369199 0.0403333 0.0425529 0.0925784 0.0543396 0.0644748 0.0658601 0.0927970 0.0954921 0.0224682 0.0785644 0.0665846 0.0475830 0.0601679 0.0206017 0.0344204 0.0565672 0.0268674 0.0665475 0.0476835 0.0499493 0.0675140 0.0313302 0.0566098 0.0669230 0.0593064 0.0517885 0.0141770 0.0616666 0.0518472 0.0519431 0.0247908 0.0662842 0.0380758 0.0543121 0.0205238 0.0425231 0.0695660 0.0670561 0.0520795 0.0449328 0.0519536 0.1031086 0.0473400 0.0542824 0.0540810 0.0517699 
S0405         0.1342922 0.0335674 0.0641223 0.0745064 0.0659313 0.0332599 0.0617492 0.0562732 0.0464091 0.0863624 0.0716348 0.0799276 0.0833248 0.0518239 0.0539320 0.0519959 0.0778945 0.0822246 0.0916500 0.0245524 0.0000000 0.0467509 0.0904362 0.0660609 0.0591267 0.0629024 0.0515321 0.0685349 0.0762233 0.0915414 0.0637312 0.0271406 0.0107051 0.0740583 0.0564696 0.0471142 0.0274677 0.0472078 0.0800493 0.1186733 0.0630481 0.0793994 0.0267168 0.0707223 0.0469918 0.0267379 0.0492275 0.0494226 0.0475562 0.0492511 0.0781123 0.0516089 0.0565576 0.0636334 0.0791313 0.0658813 0.0585051 0.0612061 0.0632422 0.0844390 0.0659968 0.0947942 0.1172970 0.0848443 0.0739527 0.0642845 0.0518962 0.0959851 0.0469918 0.1059624 0.0579599 0.0588368 0.0589131 0.0833626 0.0422926 0.0448237 0.1033853 0.0225239 0.0355961 0.0425338 0.0391323 0.0469714 0.0492185 0.0847889 0.0565673 0.0620071 0.0849644 0.0849860 0.0876241 0.0141213 0.0808808 0.0639465 0.0520309 0.0566002 0.0184430 0.0410568 0.0564274 0.0353821 0.0688293 0.0521400 0.0498262 0.0698295 0.0355903 0.0588430 0.0740441 0.0661411 0.0585991 0.0225579 0.0685288 0.0517208 0.0494594 0.0289904 0.0685571 0.0379841 0.0565399 0.0246863 0.0446943 0.0668802 0.0643959 0.0636284 0.0471186 0.0587864 0.1003010 0.0495402 0.0517762 0.0539248 0.0585776 
S0407sl       0.1082119 0.0282892 0.0376956 0.0400805 0.0466745 0.0471107 0.0280560 0.0466945 0.0623331 0.0716426 0.0326653 0.0774887 0.0664413 0.0280386 0.0256112 0.0445923 0.0493311 0.0826530 0.1082614 0.0398091 0.0467509 0.0000000 0.0835402 0.0301920 0.0445234 0.0681852 0.0278787 0.0539735 0.0669150 0.1081370 0.0212607 0.0477300 0.0591165 0.0420470 0.0281816 0.0397489 0.0531491 0.0396145 0.0805464 0.1140560 0.0535498 0.0824195 0.0469266 0.0538104 0.0348177 0.0446084 0.0370709 0.0372206 0.0351209 0.0236818 0.0710547 0.0259643 0.0328833 0.0444084 0.0668311 0.0513699 0.0440609 0.0466790 0.0487870 0.0841508 0.0470660 0.0746195 0.0916838 0.0859424 0.0618720 0.0545009 0.0420571 0.0831873 0.0348177 0.0935262 0.0182270 0.0540738 0.0494527 0.0738528 0.0426603 0.0327067 0.0909266 0.0422917 0.0447128 0.0396301 0.0127923 0.0214801 0.0258901 0.0853060 0.0328392 0.0373591 0.1011949 0.0855112 0.0882418 0.0444439 0.0738505 0.0545123 0.0423125 0.0764107 0.0424465 0.0408610 0.0468271 0.0447013 0.0398819 0.0400362 0.0400608 0.0398829 0.0494215 0.0466503 0.0062429 0.0471700 0.0303799 0.0400258 0.0495539 0.0467386 0.0398387 0.0471739 0.0279995 0.0425974 0.0306165 0.0374864 0.0376076 0.0574297 0.0571750 0.0375469 0.0325829 0.0396519 0.0907970 0.0420085 0.0421920 0.0567007 0.0417986 
S0412sl       0.2114851 0.1086188 0.0725520 0.1157344 0.1179165 0.0992347 0.1051371 0.1044368 0.0723548 0.0905586 0.0794437 0.1359586 0.1273904 0.0937380 0.0902490 0.0997160 0.0781524 0.1355637 0.1147674 0.0932525 0.0904362 0.0835402 0.0000000 0.1043775 0.1101193 0.1200402 0.0848036 0.1182521 0.0905781 0.1125635 0.1017669 0.0888969 0.0715078 0.1203092 0.0886783 0.0880976 0.0654865 0.0957774 0.1296988 0.1363431 0.0637620 0.1293098 0.0901920 0.1178933 0.0952899 0.0962106 0.0978805 0.0983084 0.0965648 0.0751058 0.1324643 0.0907974 0.0832757 0.0984553 0.1257601 0.1149536 0.0981206 0.1095271 0.1062017 0.1120098 0.1161767 0.1254521 0.1658677 0.0854828 0.1280837 0.1136791 0.0959369 0.1388080 0.0952899 0.1500167 0.0577153 0.1159813 0.1028843 0.1331318 0.0888453 0.0935410 0.1531422 0.0909442 0.0852649 0.0852151 0.0768551 0.0853575 0.0931688 0.1386036 0.0783540 0.1259015 0.1057161 0.1360314 0.1421559 0.0878917 0.1210324 0.1084982 0.1024744 0.1550478 0.0886773 0.0928038 0.1047442 0.0802310 0.0948970 0.0940988 0.0970522 0.1094571 0.0904451 0.1095629 0.1084648 0.1136607 0.0936319 0.0911254 0.1192830 0.1045293 0.0911915 0.0940414 0.1073417 0.0924134 0.0751362 0.0770548 0.0857243 0.1123114 0.1122532 0.1050045 0.0902040 0.0987008 0.1567917 0.0880265 0.0939174 0.1047906 0.1062099 
S0417         0.1461825 0.0637815 0.0585703 0.0383500 0.0658919 0.0689794 0.0357086 0.0683979 0.0803710 0.0969704 0.0359716 0.1029488 0.0933226 0.0247644 0.0289201 0.0713110 0.0988553 0.1052963 0.0855794 0.0637996 0.0660609 0.0301920 0.1043775 0.0000000 0.0590917 0.0851657 0.0333277 0.0732617 0.0846461 0.0991216 0.0247501 0.0674223 0.0518912 0.0447598 0.0404721 0.0544866 0.0460753 0.0633116 0.1000972 0.1399609 0.0728449 0.1050031 0.0663093 0.0706445 0.0469627 0.0663658 0.0491973 0.0493922 0.0614244 0.0403005 0.0979393 0.0404148 0.0496558 0.0659381 0.0866314 0.0705658 0.0584639 0.0658497 0.0678829 0.1156447 0.0616016 0.0971953 0.1097636 0.0842960 0.0862888 0.0715198 0.0565450 0.1144337 0.0469627 0.1219766 0.0410764 0.0711352 0.0691051 0.1009258 0.0646751 0.0565651 0.1193264 0.0616504 0.0618378 0.0634922 0.0210077 0.0359051 0.0381035 0.1079934 0.0428926 0.0402625 0.0924034 0.1082546 0.1110484 0.0637462 0.1008975 0.0764912 0.0664629 0.1126173 0.0644350 0.0656181 0.0685868 0.0641427 0.0544171 0.0618008 0.0618415 0.0426726 0.0665661 0.0588073 0.0358264 0.0617363 0.0472301 0.0617585 0.0641135 0.0684585 0.0638250 0.0690697 0.0423389 0.0648898 0.0473848 0.0544131 0.0546498 0.0821837 0.0845483 0.0520839 0.0468443 0.0610644 0.1133544 0.0634226 0.0662416 0.0713836 0.0632433 
S0419         0.1436665 0.0600187 0.0280258 0.0746169 0.0311897 0.0572527 0.0571614 0.0639271 0.0830909 0.0965726 0.0669764 0.0899532 0.0806863 0.0499416 0.0471282 0.0597402 0.1042240 0.0895993 0.0929152 0.0522558 0.0591267 0.0445234 0.1101193 0.0590917 0.0000000 0.0756652 0.0493426 0.0614581 0.0839996 0.0781907 0.0498573 0.0603412 0.0460671 0.0712606 0.0499973 0.0546311 0.0402648 0.0248727 0.0772292 0.1151986 0.0704707 0.0893534 0.0593472 0.0589338 0.0101409 0.0593974 0.0121930 0.0163954 0.0272491 0.0473751 0.0658027 0.0404627 0.0569965 0.0563415 0.0765044 0.0588689 0.0562056 0.0539709 0.0562962 0.1101283 0.0335917 0.0818170 0.1064783 0.0581313 0.0713739 0.0691948 0.0519803 0.0901877 0.0101409 0.0977302 0.0524880 0.0664447 0.0718475 0.0756771 0.0648822 0.0521707 0.0952005 0.0547421 0.0618727 0.0498070 0.0324216 0.0359483 0.0403218 0.0895322 0.0524001 0.0600462 0.0717770 0.0924159 0.0950965 0.0568373 0.0732443 0.0671004 0.0592376 0.0965533 0.0551615 0.0633649 0.0641041 0.0549137 0.0669952 0.0573373 0.0573744 0.0699835 0.0618620 0.0206788 0.0550538 0.0336618 0.0472846 0.0501841 0.0358590 0.0639843 0.0593711 0.0620371 0.0616433 0.0602862 0.0546751 0.0499041 0.0570653 0.0775404 0.0725879 0.0471957 0.0471950 0.0516091 0.1003529 0.0425975 0.0617700 0.0741005 0.0514281 
S0427         0.1653880 0.0554077 0.0756056 0.1021163 0.0826396 0.0658157 0.0784977 0.0778070 0.0818790 0.1040296 0.0953273 0.1002854 0.0882401 0.0728019 0.0724722 0.0688429 0.0928653 0.1026264 0.0528016 0.0561347 0.0629024 0.0681852 0.1200402 0.0851657 0.0756652 0.0000000 0.0747037 0.0877560 0.1009553 0.0985245 0.0876968 0.0617150 0.0701506 0.0887055 0.0780951 0.0654017 0.0642410 0.0655848 0.0912057 0.1460246 0.0770915 0.1023413 0.0632033 0.0899767 0.0629388 0.0632563 0.0652406 0.0655024 0.0613637 0.0751702 0.0776348 0.0753551 0.0806206 0.0875593 0.0940931 0.0849299 0.0724144 0.0800886 0.0821118 0.1023180 0.0783494 0.1042737 0.1396234 0.0784414 0.0887130 0.0811226 0.0729072 0.1170108 0.0629388 0.1245507 0.0773391 0.0830379 0.0832293 0.0882798 0.0759173 0.0704800 0.1218911 0.0563194 0.0610518 0.0680509 0.0599057 0.0752055 0.0727759 0.1053073 0.0831418 0.0912529 0.0918501 0.1055607 0.1083356 0.0606273 0.0853009 0.0837174 0.0708926 0.1030160 0.0566834 0.0721606 0.0828817 0.0680929 0.0912748 0.0760627 0.0760337 0.0941676 0.0564103 0.0753024 0.0963232 0.0785238 0.0877117 0.0587223 0.0781196 0.0827249 0.0731435 0.0633773 0.0850079 0.0688443 0.0831054 0.0537890 0.0677603 0.0869477 0.0766242 0.0932441 0.0653773 0.0824165 0.1211654 0.0728996 0.0756072 0.0493244 0.0821171 
S0478         0.1242417 0.0482317 0.0496146 0.0475947 0.0559754 0.0588751 0.0357120 0.0607641 0.0744184 0.0859357 0.0432910 0.0817262 0.0728513 0.0290423 0.0245647 0.0564821 0.0735581 0.0814092 0.0918783 0.0539075 0.0515321 0.0278787 0.0848036 0.0333277 0.0493426 0.0747037 0.0000000 0.0653965 0.0812244 0.1054016 0.0290256 0.0525938 0.0577086 0.0495157 0.0270138 0.0516062 0.0518828 0.0467182 0.0741554 0.1204175 0.0581163 0.0811886 0.0563229 0.0628679 0.0376782 0.0563699 0.0398515 0.0377977 0.0493937 0.0269020 0.0773201 0.0269768 0.0357956 0.0559881 0.0734865 0.0627989 0.0465705 0.0582005 0.0602165 0.1026865 0.0517517 0.0837880 0.1008575 0.0903930 0.0731987 0.0659133 0.0467820 0.0925150 0.0376782 0.1023700 0.0326954 0.0656692 0.0567237 0.0873916 0.0593170 0.0492258 0.0998305 0.0517928 0.0541812 0.0514440 0.0145272 0.0226680 0.0290509 0.0839461 0.0271246 0.0449466 0.0986444 0.0841392 0.0867483 0.0538649 0.0849130 0.0613975 0.0588299 0.0914361 0.0521178 0.0554123 0.0609303 0.0541918 0.0405249 0.0518944 0.0543065 0.0474130 0.0587873 0.0491079 0.0380718 0.0518625 0.0335064 0.0473088 0.0541672 0.0608182 0.0493565 0.0589512 0.0377382 0.0595104 0.0336114 0.0470487 0.0495394 0.0667343 0.0690237 0.0380965 0.0443614 0.0512862 0.1016910 0.0490521 0.0516690 0.0565632 0.0489175 
S0552sl       0.1298975 0.0597526 0.0761946 0.0925847 0.0659995 0.0666970 0.0785841 0.0588512 0.0856567 0.1044430 0.0852110 0.0974904 0.0879530 0.0684952 0.0702620 0.0639869 0.0985394 0.0971047 0.0931337 0.0615473 0.0685349 0.0539735 0.1182521 0.0732617 0.0614581 0.0877560 0.0653965 0.0000000 0.0973575 0.0987650 0.0637277 0.0699525 0.0649716 0.0893701 0.0662777 0.0686138 0.0518720 0.0541222 0.0911212 0.1302859 0.0752375 0.0968368 0.0636988 0.0228399 0.0561492 0.0688528 0.0584263 0.0586601 0.0545996 0.0587993 0.0826565 0.0543148 0.0687363 0.0449410 0.0837720 0.0185718 0.0290847 0.0164714 0.0163991 0.1041512 0.0761630 0.0944177 0.1067865 0.0775162 0.0785483 0.0452467 0.0292858 0.1061257 0.0561492 0.1162427 0.0608046 0.0338687 0.0737837 0.0879530 0.0769498 0.0544102 0.1136265 0.0641087 0.0686234 0.0563709 0.0483281 0.0542091 0.0565060 0.0894987 0.0687889 0.0817840 0.0920768 0.0999821 0.1027104 0.0662071 0.0854576 0.0763595 0.0569009 0.1117111 0.0595889 0.0681780 0.0613415 0.0642404 0.0790680 0.0523307 0.0523636 0.0897364 0.0686116 0.0683142 0.0716601 0.0763327 0.0661342 0.0594766 0.0787902 0.0612279 0.0589236 0.0667843 0.0757773 0.0673992 0.0663618 0.0591410 0.0637222 0.0794835 0.0769085 0.0637210 0.0312709 0.0448305 0.0893543 0.0541925 0.0637114 0.0787725 0.0446744 
S0558         0.1833756 0.0638089 0.0824806 0.1044549 0.0911450 0.0793031 0.0850712 0.0921503 0.0943128 0.0815502 0.1002845 0.1212512 0.1029543 0.0767574 0.0715350 0.0902422 0.1207460 0.1208967 0.1005563 0.0739149 0.0762233 0.0669150 0.0905781 0.0846461 0.0839996 0.1009553 0.0812244 0.0973575 0.0000000 0.1216856 0.0845982 0.0722855 0.0714317 0.0925001 0.0823445 0.0592298 0.0654155 0.0784545 0.1201392 0.1645754 0.0610241 0.1233218 0.0765166 0.0970761 0.0708223 0.0742241 0.0731849 0.0734840 0.0765937 0.0743783 0.1128271 0.0819878 0.0824796 0.0845692 0.1118056 0.0918216 0.0862785 0.0893615 0.0914183 0.1221189 0.0893789 0.1178761 0.1280996 0.1144617 0.0977072 0.0929894 0.0819076 0.1357544 0.0708223 0.1440786 0.0826564 0.0951809 0.0825790 0.1186820 0.0716940 0.0794795 0.1412816 0.0717363 0.0743015 0.0792876 0.0612743 0.0768624 0.0793066 0.1265260 0.0824907 0.0900001 0.1056120 0.1268460 0.1298148 0.0738497 0.1106933 0.1010675 0.0871225 0.1173777 0.0697622 0.0678169 0.0924103 0.0664092 0.0903951 0.0852803 0.0803306 0.1018694 0.0791775 0.0835930 0.0957554 0.0895828 0.0896679 0.0694144 0.0921321 0.0922303 0.0822404 0.0769445 0.0948663 0.0752471 0.0799587 0.0642485 0.0550431 0.0956411 0.1019402 0.0902028 0.0715932 0.0793610 0.1198885 0.0792011 0.0848075 0.0818255 0.0834411 
S0616         0.2183823 0.1797249 0.0780139 0.0849026 0.1130291 0.0793257 0.1004497 0.0851994 0.0870343 0.1555772 0.0934394 0.0647652 0.0392429 0.0649806 0.1054926 0.0717832 0.0000010 0.0716752 0.1151378 0.0722504 0.0915414 0.1081370 0.1125635 0.0991216 0.0781907 0.0985245 0.1054016 0.0987650 0.1216856 0.0000000 0.1063485 0.0863066 0.0781966 0.0793131 0.0931211 0.0856951 0.0721104 0.0713302 0.0781766 0.1313821 0.1359790 0.0711577 0.0519520 0.0977895 0.0709116 0.0722504 0.0709116 0.0774373 0.0649088 0.0857470 0.0277312 0.1000281 0.0857470 0.0650919 0.0337199 0.0983979 0.0837111 0.0837111 0.0903368 0.1248091 0.1052590 0.0977516 0.1403648 0.0392429 0.0400700 0.0926296 0.0926894 0.1085628 0.0709116 0.1289584 0.0856978 0.1052423 0.0906217 0.0392429 0.0853589 0.0855326 0.1216102 0.0787098 0.0710548 0.0646503 0.0856414 0.0856951 0.0856951 0.0715286 0.1002979 0.0859252 0.0164202 0.0782245 0.0715793 0.0848554 0.0334563 0.0921859 0.0857111 0.9771056 0.0665303 0.1066284 0.0585197 0.0787190 0.1000759 0.0931690 0.0850100 0.1008078 0.0710548 0.0773728 0.1011949 0.1052590 0.0856613 0.0722504 0.1129740 0.0840275 0.0781322 0.0920144 0.0930303 0.0865470 0.0925862 0.0715984 0.0774029 0.0928926 0.0865357 0.0932067 0.0708541 0.0650919 0.0851630 0.0711805 0.0782624 0.0987326 0.0582845 
S0624         0.1331466 0.0599788 0.0530511 0.0361464 0.0565611 0.0666196 0.0269280 0.0661388 0.0829852 0.0839705 0.0336612 0.0979367 0.0809579 0.0226555 0.0246835 0.0642598 0.0891358 0.0975473 0.1064700 0.0614759 0.0637312 0.0212607 0.1017669 0.0247501 0.0498573 0.0876968 0.0290256 0.0637277 0.0845982 0.1063485 0.0000000 0.0650428 0.0581940 0.0425432 0.0316481 0.0544456 0.0523183 0.0540593 0.0916396 0.1271963 0.0681346 0.0972771 0.0639701 0.0635304 0.0380615 0.0640245 0.0402568 0.0404155 0.0545351 0.0315152 0.0879723 0.0316041 0.0406280 0.0612478 0.0792061 0.0634602 0.0490510 0.0588104 0.0608460 0.1127992 0.0477044 0.0892687 0.1044715 0.0845604 0.0788930 0.0739670 0.0565404 0.1008176 0.0380615 0.1081988 0.0384283 0.0663680 0.0641117 0.0908639 0.0623186 0.0543459 0.1056200 0.0593292 0.0617920 0.0566068 0.0103300 0.0271974 0.0337096 0.1002017 0.0362059 0.0336627 0.0995272 0.1004410 0.1031843 0.0614250 0.0908364 0.0693456 0.0641962 0.1044466 0.0620870 0.0632244 0.0663217 0.0618062 0.0452729 0.0595464 0.0570996 0.0382396 0.0665176 0.0496167 0.0270039 0.0478073 0.0382764 0.0547393 0.0501143 0.0661977 0.0569011 0.0667068 0.0333987 0.0574686 0.0383990 0.0544323 0.0523579 0.0749046 0.0772475 0.0407386 0.0446072 0.0564323 0.1080960 0.0541529 0.0592821 0.0738580 0.0586022 
