62
PAFTOL_019361 0.0000000 0.1959142 0.1972654 0.2473959 0.1849921 0.2919091 0.2021774 0.2312998 0.1809602 0.1983132 0.1979184 0.1970114 0.1585218 0.2285632 0.2063504 0.2054934 0.1983872 0.2010101 0.2166661 0.2324152 0.2383704 0.2230841 0.2054934 0.1970341 0.2010101 0.2220204 0.1746449 0.1668828 0.2447263 0.2129775 0.1797786 0.1703623 0.2230828 0.2008944 0.1923430 0.1972048 0.1949464 0.2149922 0.1798383 0.2034606 0.2058610 0.2374081 0.2147414 0.2239222 0.1842100 0.2230828 0.2129775 0.2107571 0.1864409 0.1947420 0.1737846 0.1932420 0.2080557 0.2125039 0.1945202 0.2031246 0.1872640 0.2243566 0.1913136 0.2353551 0.1902744 0.1830597 
S0055         0.1959142 0.0000000 0.0911955 0.0630039 0.0778354 0.1203048 0.0904528 0.0703244 0.0820354 0.0365066 0.0693575 0.0677841 0.0675899 0.0689293 0.0356889 0.0297918 0.0559334 0.0675257 0.0696391 0.0614235 0.0624295 0.0420198 0.0297918 0.0977568 0.0675257 0.0971653 0.0821715 0.0790211 0.1216147 0.0642611 0.1201390 0.1109760 0.0712163 0.1068449 0.0233578 0.0756323 0.0919417 0.0359997 0.0768570 0.0435015 0.0362286 0.0623401 0.0547111 0.1129644 0.0295428 0.0712163 0.0642611 0.0741579 0.0297837 0.0802222 0.0233377 0.0833326 0.0358802 0.1059745 0.0357962 0.0548827 0.0632032 0.0899423 0.0755134 0.1358285 0.0896604 0.0754053 
S0289         0.1972654 0.0911955 0.0000000 0.0923943 0.0429976 0.1820255 0.0292314 0.1096856 0.0757087 0.0858675 0.0235677 0.0545499 0.0668066 0.0826044 0.0838282 0.0775291 0.0360065 0.0491226 0.0785656 0.0838841 0.1001826 0.0911408 0.0775291 0.1059864 0.0491226 0.0711888 0.0899422 0.0572104 0.1336368 0.1191616 0.1008657 0.0850921 0.1110449 0.0821008 0.0835647 0.0235488 0.0296473 0.0845888 0.0846635 0.0767360 0.0851665 0.0852177 0.0701639 0.0914463 0.0839859 0.1110449 0.1191616 0.0691618 0.0919702 0.1044518 0.0834714 0.0232043 0.0751354 0.0861489 0.0987595 0.0768600 0.0778921 0.0831340 0.0628414 0.1512546 0.1054598 0.0691100 
S0293         0.2473959 0.0630039 0.0923943 0.0000000 0.0851807 0.1116659 0.0835453 0.0714287 0.0833115 0.0297118 0.0626908 0.0826811 0.0763767 0.0635363 0.0490191 0.0293460 0.0628181 0.0685394 0.0707213 0.0623449 0.0633821 0.0556631 0.0293460 0.0994967 0.0685394 0.0987296 0.0979356 0.0730710 0.1279789 0.0796965 0.1047495 0.0881944 0.0723470 0.0996473 0.0488944 0.0689463 0.0849092 0.0354554 0.0926799 0.0359397 0.0356773 0.0498434 0.0625825 0.1148365 0.0491307 0.0723470 0.0796965 0.0752810 0.0417380 0.0976091 0.0488470 0.0764966 0.0565076 0.1077322 0.0625137 0.0692240 0.0783921 0.1144845 0.0766827 0.1879187 0.0989925 0.0765708 
S0299         0.1849921 0.0778354 0.0429976 0.0851807 0.0000000 0.1735514 0.0359458 0.1012685 0.0843566 0.0645580 0.0175561 0.0837082 0.0682699 0.0684350 0.0630433 0.0568410 0.0298013 0.0426886 0.0860000 0.0694884 0.0928396 0.0700132 0.0568410 0.1161032 0.0426886 0.0707789 0.0992101 0.0653457 0.1256538 0.1113378 0.1013877 0.0854725 0.1033484 0.0909690 0.0628669 0.0234119 0.0364734 0.0636127 0.0938952 0.0562493 0.0640397 0.0781018 0.0633305 0.1009261 0.0631784 0.1033484 0.1113378 0.0624451 0.0706479 0.1056421 0.0628018 0.0297122 0.0711109 0.0789061 0.0772309 0.0841034 0.0868835 0.0915917 0.0776351 0.1627377 0.1065982 0.0775197 
S0308         0.2919091 0.1203048 0.1820255 0.1116659 0.1735514 0.0000000 0.1698658 0.0964646 0.1589979 0.0919596 0.1449330 0.1575246 0.1404847 0.1445515 0.1189489 0.1125928 0.1452488 0.1407726 0.1460095 0.1190233 0.0878794 0.1267154 0.1125928 0.1790433 0.1407726 0.1777962 0.1759070 0.1508725 0.1681077 0.1051023 0.2022454 0.1627890 0.1124762 0.1908932 0.1036569 0.1516388 0.1628635 0.1200176 0.1547855 0.1247591 0.1058364 0.1212008 0.1351279 0.1621622 0.1191111 0.1124762 0.1051023 0.1484002 0.1125462 0.1636324 0.1183601 0.1616228 0.1288313 0.1898213 0.1194324 0.1268255 0.1556274 0.1959756 0.1518752 0.2613003 0.1782411 0.1355371 
S0320         0.2021774 0.0904528 0.0292314 0.0835453 0.0359458 0.1698658 0.0000000 0.0938979 0.0618671 0.0771953 0.0172575 0.0671956 0.0585384 0.0743214 0.0754020 0.0692490 0.0292846 0.0419305 0.0843326 0.0754519 0.0850209 0.0687106 0.0692490 0.0967835 0.0419305 0.0630355 0.0814091 0.0495789 0.1230643 0.1090662 0.0916304 0.0765136 0.1012621 0.0738916 0.0751796 0.0172454 0.0231559 0.0760732 0.0761446 0.0685478 0.0765802 0.0766144 0.0621580 0.0689647 0.0755496 0.1012621 0.1090662 0.0613071 0.0831872 0.0799891 0.0750995 0.0169996 0.0837423 0.0713054 0.0897727 0.0825105 0.0635990 0.0824859 0.0613459 0.1433755 0.0963051 0.0554483 
S0355         0.2312998 0.0703244 0.1096856 0.0714287 0.1012685 0.0964646 0.0938979 0.0000000 0.0622886 0.0505227 0.0779855 0.0762812 0.0769207 0.0775230 0.0428172 0.0497962 0.0781494 0.0758604 0.0783375 0.0695804 0.0056705 0.0627375 0.0497962 0.1009529 0.0758604 0.0933251 0.0914079 0.0735603 0.1420617 0.0501598 0.1019730 0.0962457 0.0434730 0.1018685 0.0557773 0.0844604 0.1017465 0.0564277 0.0860354 0.0650784 0.0568016 0.0706572 0.0698581 0.1019837 0.0560502 0.0434730 0.0501598 0.0762944 0.0568988 0.0739389 0.0557213 0.0925938 0.0572574 0.0860146 0.0697769 0.0766402 0.0570814 0.0985772 0.0702270 0.1406082 0.0841613 0.0558091 
S0376         0.1809602 0.0820354 0.0757087 0.0833115 0.0843566 0.1589979 0.0618671 0.0622886 0.0000000 0.0690995 0.0620996 0.0228607 0.0250853 0.0616988 0.0544102 0.0614923 0.0759321 0.0476610 0.0682065 0.0675683 0.0547816 0.0743491 0.0614923 0.0611698 0.0476610 0.0763344 0.0475275 0.0241208 0.1134070 0.0911620 0.0719641 0.0573380 0.0838359 0.0553718 0.0673360 0.0620153 0.0687139 0.0548850 0.0420879 0.0771025 0.0685602 0.0685816 0.0546413 0.0555046 0.0545287 0.0838359 0.0911620 0.0670751 0.0750027 0.0504430 0.0672672 0.0610460 0.0754848 0.0694665 0.0814208 0.0743999 0.0233542 0.0611473 0.0290848 0.1108601 0.0608583 0.0287718 
S0405         0.1983132 0.0365066 0.0858675 0.0297118 0.0645580 0.0919596 0.0771953 0.0505227 0.0690995 0.0000000 0.0564997 0.0686007 0.0611385 0.0561157 0.0236783 0.0056770 0.0566146 0.0550119 0.0567027 0.0489162 0.0431916 0.0298709 0.0056770 0.0916214 0.0550119 0.0838153 0.0831845 0.0655473 0.1232017 0.0581420 0.1056069 0.0889341 0.0511866 0.0930580 0.0236270 0.0627593 0.0784486 0.0114325 0.0778191 0.0177249 0.0000022 0.0430683 0.0490889 0.0992596 0.0237381 0.0511866 0.0581420 0.0615407 0.0173012 0.0818493 0.0236065 0.0701959 0.0303075 0.0922552 0.0362171 0.0555387 0.0639868 0.0989555 0.0626276 0.1707214 0.0840382 0.0625430 
S0417         0.1979184 0.0693575 0.0235677 0.0626908 0.0175561 0.1449330 0.0172575 0.0779855 0.0620996 0.0564997 0.0000000 0.0616624 0.0525339 0.0544210 0.0552072 0.0491657 0.0114516 0.0234153 0.0632569 0.0552442 0.0697779 0.0619074 0.0491657 0.0913148 0.0234153 0.0492515 0.0759032 0.0437706 0.0998758 0.0863760 0.0859917 0.0708371 0.0789720 0.0683819 0.0550626 0.0056268 0.0174972 0.0556948 0.0704957 0.0486607 0.0560584 0.0560651 0.0424667 0.0771554 0.0553283 0.0789720 0.0863760 0.0419229 0.0624560 0.0890368 0.0550082 0.0114146 0.0628478 0.0565291 0.0688251 0.0619476 0.0638490 0.0769177 0.0557153 0.1444655 0.0908516 0.0556430 
S0427         0.1970114 0.0677841 0.0545499 0.0826811 0.0837082 0.1575246 0.0671956 0.0762812 0.0228607 0.0686007 0.0616624 0.0000000 0.0313794 0.0612663 0.0540426 0.0610641 0.0753729 0.0473480 0.0677199 0.0670925 0.0682788 0.0738141 0.0610641 0.0607463 0.0473480 0.0757676 0.0472164 0.0301695 0.1124596 0.0904500 0.0714196 0.0569274 0.0831963 0.0549903 0.0668641 0.0615798 0.0682216 0.0545108 0.0418121 0.0765234 0.0680697 0.0680902 0.0542701 0.0609070 0.0541597 0.0831963 0.0904500 0.0666068 0.0744579 0.0571807 0.0667964 0.0606249 0.0674654 0.0904388 0.0808203 0.0738640 0.0356966 0.0477990 0.0231031 0.1113528 0.0604391 0.0410255 
S0552sl       0.1585218 0.0675899 0.0668066 0.0763767 0.0682699 0.1404847 0.0585384 0.0769207 0.0250853 0.0611385 0.0525339 0.0313794 0.0000000 0.0670876 0.0385055 0.0530968 0.0596978 0.0452298 0.0674944 0.0595221 0.0681070 0.0596274 0.0530968 0.0453915 0.0452298 0.0763497 0.0249266 0.0062681 0.1185234 0.0925759 0.0541778 0.0395391 0.0845514 0.0384234 0.0523217 0.0524654 0.0594864 0.0601957 0.0255832 0.0607891 0.0606211 0.0604805 0.0527635 0.0600264 0.0385055 0.0845514 0.0925759 0.0662791 0.0675704 0.0487965 0.0522668 0.0516024 0.0680344 0.0838194 0.0744947 0.0668091 0.0190082 0.0534958 0.0186988 0.1119821 0.0532143 0.0383504 
S0558         0.2285632 0.0689293 0.0826044 0.0635363 0.0684350 0.1445515 0.0743214 0.0775230 0.0616988 0.0561157 0.0544210 0.0612663 0.0670876 0.0000000 0.0548370 0.0488209 0.0677437 0.0609595 0.0628449 0.0292528 0.0693457 0.0479229 0.0488209 0.1054910 0.0609595 0.0901351 0.0894416 0.0642844 0.0980349 0.0858919 0.1091081 0.0928244 0.0785029 0.0835658 0.0546942 0.0604600 0.0754820 0.0423562 0.0841558 0.0553721 0.0556793 0.0421726 0.0417169 0.1057713 0.0549571 0.0785029 0.0858919 0.0811382 0.0620525 0.0885336 0.0546405 0.0675907 0.0624402 0.0987576 0.0684012 0.0615488 0.0626845 0.1054488 0.0687361 0.1545643 0.0903735 0.0686408 
S0641         0.2063504 0.0356889 0.0838282 0.0490191 0.0630433 0.1189489 0.0754020 0.0428172 0.0544102 0.0236783 0.0552072 0.0540426 0.0385055 0.0548370 0.0000000 0.0173974 0.0553169 0.0537857 0.0553987 0.0478210 0.0358837 0.0292117 0.0173974 0.0679193 0.0537857 0.0754557 0.0539710 0.0503871 0.1202252 0.0635330 0.0792975 0.0643464 0.0566405 0.0621198 0.0231102 0.0613283 0.0765967 0.0233575 0.0623475 0.0302083 0.0235022 0.0485106 0.0479853 0.0827126 0.0232162 0.0566405 0.0635330 0.0601638 0.0294631 0.0654333 0.0230905 0.0685721 0.0296293 0.0834837 0.0354115 0.0542880 0.0492073 0.0824624 0.0482072 0.1373103 0.0683736 0.0481483 
S0643         0.2054934 0.0297918 0.0775291 0.0293460 0.0568410 0.1125928 0.0692490 0.0497962 0.0614923 0.0056770 0.0491657 0.0610641 0.0530968 0.0488209 0.0173974 0.0000000 0.0492635 0.0478972 0.0493264 0.0419162 0.0425843 0.0234076 0.0000010 0.0903888 0.0478972 0.0756958 0.0751522 0.0576975 0.1137793 0.0572897 0.1040765 0.0876805 0.0504423 0.0845007 0.0173617 0.0553007 0.0703430 0.0056038 0.0697871 0.0115759 0.0056372 0.0425197 0.0420568 0.0906289 0.0174417 0.0504423 0.0572897 0.0542490 0.0113058 0.0733115 0.0173472 0.0624519 0.0237427 0.0837606 0.0295572 0.0483406 0.0563386 0.0903536 0.0551702 0.1677831 0.0758948 0.0550995 
S0645sl       0.1983872 0.0559334 0.0360065 0.0628181 0.0298013 0.1452488 0.0292846 0.0781494 0.0759321 0.0566146 0.0114516 0.0753729 0.0596978 0.0677437 0.0553169 0.0492635 0.0000000 0.0357595 0.0773726 0.0687736 0.0699210 0.0620315 0.0492635 0.0915071 0.0357595 0.0559973 0.0760586 0.0573598 0.1000904 0.0865603 0.0935402 0.0853678 0.0791390 0.0823533 0.0551716 0.0171792 0.0297024 0.0558063 0.0706421 0.0487566 0.0561711 0.0698220 0.0556291 0.0917526 0.0488316 0.0791390 0.0865603 0.0420042 0.0625822 0.1048508 0.0421828 0.0232430 0.0629757 0.0635040 0.0689645 0.0757227 0.0570238 0.0914711 0.0694016 0.1447993 0.1058428 0.0693045 
S0673         0.2010101 0.0675257 0.0491226 0.0685394 0.0426886 0.1407726 0.0419305 0.0758604 0.0476610 0.0550119 0.0234153 0.0473480 0.0452298 0.0609595 0.0537857 0.0478972 0.0357595 0.0000000 0.0542879 0.0538209 0.0679230 0.0602998 0.0478972 0.0749830 0.0000010 0.0479757 0.0606561 0.0369445 0.1117205 0.0759170 0.0870490 0.0716737 0.0689453 0.0691597 0.0536493 0.0292688 0.0425479 0.0542490 0.0552688 0.0624519 0.0545941 0.0545992 0.0413830 0.0616165 0.0413146 0.0689453 0.0759170 0.0169933 0.0608209 0.0719998 0.0535979 0.0356569 0.0611914 0.0550337 0.0670191 0.0603377 0.0489356 0.0614294 0.0415672 0.1465145 0.0746047 0.0541974 
S0689         0.2166661 0.0696391 0.0785656 0.0707213 0.0860000 0.1460095 0.0843326 0.0783375 0.0682065 0.0567027 0.0632569 0.0677199 0.0674944 0.0628449 0.0553987 0.0493264 0.0773726 0.0542879 0.0000000 0.0554360 0.0700642 0.0621384 0.0493264 0.0977947 0.0542879 0.0910622 0.0821444 0.0646534 0.1079300 0.0694731 0.1122877 0.0954012 0.0625616 0.0773561 0.0552526 0.0695714 0.0712599 0.0558905 0.0768127 0.0644335 0.0562574 0.0562643 0.0421434 0.0825728 0.0483345 0.0625616 0.0694731 0.0741080 0.0626922 0.0807515 0.0551978 0.0772075 0.0491274 0.0997871 0.0629022 0.0234431 0.0632584 0.0823234 0.0618019 0.1568038 0.0829782 0.0693464 
S0742         0.2324152 0.0614235 0.0838841 0.0623449 0.0694884 0.1190233 0.0754519 0.0695804 0.0675683 0.0489162 0.0552442 0.0670925 0.0595221 0.0292528 0.0478210 0.0419162 0.0687736 0.0538209 0.0554360 0.0000000 0.0617820 0.0542906 0.0419162 0.0967218 0.0538209 0.0819184 0.0813189 0.0571370 0.1038652 0.0775937 0.1108879 0.0943143 0.0704553 0.0908971 0.0477030 0.0613689 0.0766481 0.0482354 0.0623048 0.0562253 0.0485429 0.0354879 0.0351100 0.0969756 0.0479280 0.0704553 0.0775937 0.0734032 0.0547628 0.0798906 0.0476580 0.0686177 0.0550935 0.0901233 0.0609560 0.0543239 0.0553033 0.0966841 0.0612395 0.1751568 0.0821320 0.0611590 
S0748         0.2383704 0.0624295 0.1001826 0.0633821 0.0928396 0.0878794 0.0850209 0.0056705 0.0547816 0.0431916 0.0697779 0.0682788 0.0681070 0.0693457 0.0358837 0.0425843 0.0699210 0.0679230 0.0700642 0.0617820 0.0000000 0.0551633 0.0425843 0.0985573 0.0679230 0.0911363 0.0828042 0.0652204 0.1384637 0.0490706 0.1131810 0.0961885 0.0425399 0.0926324 0.0484600 0.0760952 0.0925464 0.0490097 0.0774509 0.0571630 0.0493272 0.0627102 0.0620149 0.0927610 0.0486922 0.0425399 0.0490706 0.0746017 0.0556505 0.0734736 0.0484135 0.0838591 0.0559927 0.0840176 0.0619475 0.0685948 0.0495574 0.0985182 0.0623260 0.1404158 0.0836507 0.0484842 
S0756         0.2230841 0.0420198 0.0911408 0.0556631 0.0700132 0.1267154 0.0687106 0.0627375 0.0743491 0.0298709 0.0619074 0.0738141 0.0596274 0.0479229 0.0292117 0.0234076 0.0620315 0.0602998 0.0621384 0.0542906 0.0551633 0.0000000 0.0234076 0.1040803 0.0602998 0.0890061 0.0883343 0.0710668 0.1281204 0.0705532 0.1189628 0.0942500 0.0635330 0.0922389 0.0291475 0.0680793 0.0837765 0.0294631 0.0831161 0.0365951 0.0296472 0.0550835 0.0544841 0.1043526 0.0292825 0.0635330 0.0705532 0.0667750 0.0356794 0.0726283 0.0291221 0.0755092 0.0358842 0.0974567 0.0416944 0.0608745 0.0694115 0.1040394 0.0679532 0.1846378 0.0892380 0.0678605 
S0763         0.2054934 0.0297918 0.0775291 0.0293460 0.0568410 0.1125928 0.0692490 0.0497962 0.0614923 0.0056770 0.0491657 0.0610641 0.0530968 0.0488209 0.0173974 0.0000010 0.0492635 0.0478972 0.0493264 0.0419162 0.0425843 0.0234076 0.0000000 0.0903888 0.0478972 0.0756958 0.0751522 0.0576975 0.1137793 0.0572897 0.1040765 0.0876805 0.0504423 0.0845007 0.0173617 0.0553007 0.0703430 0.0056038 0.0697871 0.0115759 0.0056372 0.0425197 0.0420568 0.0906289 0.0174417 0.0504423 0.0572897 0.0542490 0.0113058 0.0733115 0.0173472 0.0624519 0.0237427 0.0837606 0.0295572 0.0483406 0.0563386 0.0903536 0.0551702 0.1677831 0.0758948 0.0550995 
S0771         0.1970341 0.0977568 0.1059864 0.0994967 0.1161032 0.1790433 0.0967835 0.1009529 0.0611698 0.0916214 0.0913148 0.0607463 0.0453915 0.1054910 0.0679193 0.0903888 0.0915071 0.0749830 0.0977947 0.0967218 0.0985573 0.1040803 0.0903888 0.0000000 0.0749830 0.0921956 0.0477576 0.0573828 0.1311755 0.1079092 0.0573876 0.0577001 0.1001689 0.0691431 0.0963379 0.0911497 0.0983797 0.0975262 0.0558349 0.1081972 0.0981901 0.0838401 0.0828969 0.0901222 0.0755773 0.1001689 0.1079092 0.0819179 0.0904922 0.0875715 0.0820304 0.0896381 0.0911117 0.1080034 0.1118411 0.1041631 0.0494356 0.0898499 0.0548825 0.1460368 0.0894343 0.0680228 
S0894         0.2010101 0.0675257 0.0491226 0.0685394 0.0426886 0.1407726 0.0419305 0.0758604 0.0476610 0.0550119 0.0234153 0.0473480 0.0452298 0.0609595 0.0537857 0.0478972 0.0357595 0.0000010 0.0542879 0.0538209 0.0679230 0.0602998 0.0478972 0.0749830 0.0000000 0.0479757 0.0606561 0.0369445 0.1117205 0.0759170 0.0870490 0.0716737 0.0689453 0.0691597 0.0536493 0.0292688 0.0425479 0.0542490 0.0552688 0.0624519 0.0545941 0.0545992 0.0413830 0.0616165 0.0413146 0.0689453 0.0759170 0.0169933 0.0608209 0.0719998 0.0535979 0.0356569 0.0611914 0.0550337 0.0670191 0.0603377 0.0489356 0.0614294 0.0415672 0.1465145 0.0746047 0.0541974 
S0899         0.2220204 0.0971653 0.0711888 0.0987296 0.0707789 0.1777962 0.0630355 0.0933251 0.0763344 0.0838153 0.0492515 0.0757676 0.0763497 0.0901351 0.0754557 0.0756958 0.0559973 0.0479757 0.0910622 0.0819184 0.0911363 0.0890061 0.0756958 0.0921956 0.0479757 0.0000000 0.0843912 0.0593754 0.1304179 0.1009505 0.1128352 0.1050711 0.0932832 0.1011083 0.0816149 0.0424272 0.0640308 0.0825929 0.0854243 0.0924242 0.0831454 0.0831915 0.0685069 0.0923008 0.0820179 0.0932832 0.1009505 0.0544250 0.0757776 0.1055649 0.0815261 0.0562601 0.0762715 0.0294068 0.0964412 0.0890721 0.0785642 0.0920153 0.0697551 0.1909572 0.1065283 0.0696567 
S0959         0.1746449 0.0821715 0.0899422 0.0979356 0.0992101 0.1759070 0.0814091 0.0914079 0.0475275 0.0831845 0.0759032 0.0472164 0.0249266 0.0894416 0.0539710 0.0751522 0.0760586 0.0606561 0.0821444 0.0813189 0.0828042 0.0883343 0.0751522 0.0477576 0.0606561 0.0843912 0.0000000 0.0179672 0.1289890 0.1061780 0.0641878 0.0568453 0.0985839 0.0549154 0.0810210 0.0757849 0.0826977 0.0819826 0.0421547 0.0916911 0.0825258 0.0825703 0.0680314 0.0749452 0.0611263 0.0985839 0.1061780 0.0807081 0.0891156 0.0717649 0.0673756 0.0745726 0.0897141 0.0931802 0.0956880 0.0883990 0.0359851 0.0747201 0.0414528 0.1270262 0.0743721 0.0540415 
S0960         0.1668828 0.0790211 0.0572104 0.0730710 0.0653457 0.1508725 0.0495789 0.0735603 0.0241208 0.0655473 0.0437706 0.0301695 0.0062681 0.0642844 0.0503871 0.0576975 0.0573598 0.0369445 0.0646534 0.0571370 0.0652204 0.0710668 0.0576975 0.0573828 0.0369445 0.0593754 0.0179672 0.0000000 0.1194794 0.0884440 0.0597516 0.0452485 0.0808258 0.0436772 0.0568825 0.0437214 0.0503377 0.0645731 0.0375809 0.0651940 0.0650135 0.0650309 0.0506069 0.0507677 0.0437719 0.0808258 0.0884440 0.0567670 0.0717196 0.0463564 0.0637383 0.0430384 0.0721971 0.0663386 0.0784002 0.0640313 0.0309598 0.0439021 0.0242073 0.1243904 0.0503003 0.0368405 
S1052sl       0.2447263 0.1216147 0.1336368 0.1279789 0.1256538 0.1681077 0.1230643 0.1420617 0.1134070 0.1232017 0.0998758 0.1124596 0.1185234 0.0980349 0.1202252 0.1137793 0.1000904 0.1117205 0.1079300 0.1038652 0.1384637 0.1281204 0.1137793 0.1311755 0.1117205 0.1304179 0.1289890 0.1194794 0.0000000 0.1431767 0.1583363 0.1494916 0.1346661 0.1585227 0.1197688 0.1064897 0.1160440 0.1061900 0.1240156 0.1334510 0.1221708 0.1055414 0.0839727 0.1253304 0.1126317 0.1346661 0.1431767 0.1193068 0.1139216 0.1417736 0.1045694 0.1152789 0.0983122 0.1407476 0.1298190 0.1221972 0.0924498 0.1413233 0.1217020 0.1920036 0.1406912 0.1060981 
S1083         0.2129775 0.0642611 0.1191616 0.0796965 0.1113378 0.1051023 0.1090662 0.0501598 0.0911620 0.0581420 0.0863760 0.0904500 0.0925759 0.0858919 0.0635330 0.0572897 0.0865603 0.0759170 0.0694731 0.0775937 0.0490706 0.0705532 0.0572897 0.1079092 0.0759170 0.1009505 0.1061780 0.0884440 0.1431767 0.0000000 0.1231672 0.1221263 0.0055984 0.1174130 0.0498445 0.0929679 0.1109877 0.0641104 0.0913673 0.0732525 0.0645426 0.0788243 0.0779201 0.1236632 0.0561066 0.0055984 0.0000010 0.0690178 0.0438523 0.0983008 0.0632874 0.1014277 0.0577134 0.1102263 0.0637527 0.0706024 0.0863301 0.1232810 0.0844096 0.1780172 0.1073632 0.0927332 
S1128         0.1797786 0.1201390 0.1008657 0.1047495 0.1013877 0.2022454 0.0916304 0.1019730 0.0719641 0.1056069 0.0859917 0.0714196 0.0541778 0.1091081 0.0792975 0.1040765 0.0935402 0.0870490 0.1122877 0.1108879 0.1131810 0.1189628 0.1040765 0.0573876 0.0870490 0.1128352 0.0641878 0.0597516 0.1583363 0.1231672 0.0000000 0.0118725 0.1146689 0.0636629 0.1103913 0.0858405 0.0931633 0.1118740 0.0736524 0.1029843 0.1126942 0.0970315 0.0958653 0.0973848 0.0947625 0.1146689 0.1231672 0.1008138 0.1105256 0.0745943 0.1023165 0.0843959 0.1113718 0.1305710 0.1275457 0.1190699 0.0666824 0.0851818 0.0652020 0.1099529 0.0771468 0.0794401 
S1129sl       0.1703623 0.1109760 0.0850921 0.0881944 0.0854725 0.1627890 0.0765136 0.0962457 0.0573380 0.0889341 0.0708371 0.0569274 0.0395391 0.0928244 0.0643464 0.0876805 0.0853678 0.0716737 0.0954012 0.0943143 0.0961885 0.0942500 0.0876805 0.0577001 0.0716737 0.1050711 0.0568453 0.0452485 0.1494916 0.1221263 0.0118725 0.0000000 0.1137403 0.0496432 0.0939266 0.0707292 0.0695785 0.0951378 0.0658148 0.0867608 0.0958172 0.0808240 0.0798719 0.0811590 0.0796291 0.1137403 0.1221263 0.0935436 0.1029671 0.0589643 0.0938141 0.0695785 0.1037355 0.1223463 0.1101178 0.1020879 0.0589930 0.0701953 0.0507934 0.0935712 0.0626756 0.0574345 
S1177         0.2230828 0.0712163 0.1110449 0.0723470 0.1033484 0.1124762 0.1012621 0.0434730 0.0838359 0.0511866 0.0789720 0.0831963 0.0845514 0.0785029 0.0566405 0.0504423 0.0791390 0.0689453 0.0625616 0.0704553 0.0425399 0.0635330 0.0504423 0.1001689 0.0689453 0.0932832 0.0985839 0.0808258 0.1346661 0.0055984 0.1146689 0.1137403 0.0000000 0.1093931 0.0564871 0.0855117 0.1030194 0.0571534 0.0840339 0.0659317 0.0575365 0.0715578 0.0707405 0.1156535 0.0494072 0.0000010 0.0055984 0.0621608 0.0504931 0.0983008 0.0564297 0.0937468 0.0508073 0.1022662 0.0706570 0.0775971 0.0788908 0.1152961 0.0771578 0.1684273 0.0996579 0.0852747 
S1189         0.2008944 0.1068449 0.0821008 0.0996473 0.0909690 0.1908932 0.0738916 0.1018685 0.0553718 0.0930580 0.0683819 0.0549903 0.0384234 0.0835658 0.0621198 0.0845007 0.0823533 0.0691597 0.0773561 0.0908971 0.0926324 0.0922389 0.0845007 0.0691431 0.0691597 0.1011083 0.0549154 0.0436772 0.1585227 0.1174130 0.0636629 0.0496432 0.1093931 0.0000000 0.0905401 0.0682835 0.0615011 0.0916631 0.0634844 0.0836408 0.0922934 0.0923603 0.0770059 0.0842529 0.0767871 0.1093931 0.1174130 0.0901823 0.0991706 0.0813932 0.0904364 0.0611902 0.0998774 0.1175837 0.1060422 0.0837707 0.0501961 0.0839939 0.0490570 0.1340688 0.0835965 0.0622104 
S1235sl       0.1923430 0.0233578 0.0835647 0.0488944 0.0628669 0.1036569 0.0751796 0.0557773 0.0673360 0.0236270 0.0550626 0.0668641 0.0523217 0.0546942 0.0231102 0.0173617 0.0551716 0.0536493 0.0552526 0.0477030 0.0484600 0.0291475 0.0173617 0.0963379 0.0536493 0.0816149 0.0810210 0.0568825 0.1197688 0.0498445 0.1103913 0.0939266 0.0564871 0.0905401 0.0000000 0.0611629 0.0763658 0.0233077 0.0757684 0.0301393 0.0234518 0.0483888 0.0478663 0.0965896 0.0114014 0.0564871 0.0498445 0.0600055 0.0173574 0.0722256 0.0230420 0.0683775 0.0295631 0.0897720 0.0231753 0.0291297 0.0623231 0.0963007 0.0610339 0.1559989 0.0818268 0.0609541 
S1239         0.1972048 0.0756323 0.0235488 0.0689463 0.0234119 0.1516388 0.0172454 0.0844604 0.0620153 0.0627593 0.0056268 0.0615798 0.0524654 0.0604600 0.0613283 0.0553007 0.0171792 0.0292688 0.0695714 0.0613689 0.0760952 0.0680793 0.0553007 0.0911497 0.0292688 0.0424272 0.0757849 0.0437214 0.1064897 0.0929679 0.0858405 0.0707292 0.0855117 0.0682835 0.0611629 0.0000000 0.0174847 0.0618669 0.0703892 0.0547396 0.0622701 0.0622835 0.0485337 0.0770319 0.0614575 0.0855117 0.0929679 0.0479041 0.0686791 0.0888701 0.0611016 0.0114076 0.0691143 0.0628262 0.0750599 0.0681246 0.0637584 0.0767951 0.0556445 0.1440685 0.0906886 0.0555725 
S1251         0.1949464 0.0919417 0.0296473 0.0849092 0.0364734 0.1628635 0.0231559 0.1017465 0.0687139 0.0784486 0.0174972 0.0682216 0.0594864 0.0754820 0.0765967 0.0703430 0.0297024 0.0425479 0.0712599 0.0766481 0.0925464 0.0837765 0.0703430 0.0983797 0.0425479 0.0640308 0.0826977 0.0503377 0.1160440 0.1109877 0.0931633 0.0695785 0.1030194 0.0615011 0.0763658 0.0174847 0.0000000 0.0772893 0.0773622 0.0696205 0.0778131 0.0778500 0.0631240 0.0840679 0.0767478 0.1030194 0.1109877 0.0622442 0.0845365 0.0964609 0.0762828 0.0172320 0.0851118 0.0786490 0.0912405 0.0697373 0.0637584 0.0838106 0.0622842 0.1424056 0.0978867 0.0549802 
S1278         0.2149922 0.0359997 0.0845888 0.0354554 0.0636127 0.1200176 0.0760732 0.0564277 0.0548850 0.0114325 0.0556948 0.0545108 0.0601957 0.0423562 0.0233575 0.0056038 0.0558063 0.0542490 0.0558905 0.0482354 0.0490097 0.0294631 0.0056038 0.0975262 0.0542490 0.0825929 0.0819826 0.0645731 0.1061900 0.0641104 0.1118740 0.0951378 0.0571534 0.0916631 0.0233077 0.0618669 0.0772893 0.0000000 0.0766775 0.0174850 0.0113503 0.0489370 0.0484028 0.0977838 0.0234157 0.0571534 0.0641104 0.0606826 0.0170726 0.0805871 0.0232878 0.0691814 0.0298877 0.0908792 0.0357178 0.0547602 0.0630569 0.0974880 0.0617367 0.1586632 0.0828098 0.0616547 
S1332         0.1798383 0.0768570 0.0846635 0.0926799 0.0938952 0.1547855 0.0761446 0.0860354 0.0420879 0.0778191 0.0704957 0.0418121 0.0255832 0.0841558 0.0623475 0.0697871 0.0706421 0.0552688 0.0768127 0.0623048 0.0774509 0.0831161 0.0697871 0.0558349 0.0552688 0.0854243 0.0421547 0.0375809 0.1240156 0.0913673 0.0736524 0.0658148 0.0840339 0.0634844 0.0757684 0.0703892 0.0773622 0.0766775 0.0000000 0.0863120 0.0771933 0.0772289 0.0626279 0.0695952 0.0557039 0.0840339 0.0913673 0.0754693 0.0838649 0.0661186 0.0620279 0.0692505 0.0844307 0.1010055 0.0905170 0.0831766 0.0303459 0.0693815 0.0359538 0.1218148 0.0690498 0.0486257 
S1369         0.2034606 0.0435015 0.0767360 0.0359397 0.0562493 0.1247591 0.0685478 0.0650784 0.0771025 0.0177249 0.0486607 0.0765234 0.0607891 0.0553721 0.0302083 0.0115759 0.0487566 0.0624519 0.0644335 0.0562253 0.0571630 0.0365951 0.0115759 0.1081972 0.0624519 0.0924242 0.0916911 0.0651940 0.1334510 0.0732525 0.1029843 0.0867608 0.0659317 0.0836408 0.0301393 0.0547396 0.0696205 0.0174850 0.0863120 0.0000000 0.0175933 0.0570778 0.0564348 0.1084903 0.0302837 0.0659317 0.0732525 0.0691814 0.0235267 0.0909192 0.0301119 0.0618160 0.0371419 0.1013159 0.0431537 0.0630715 0.0720289 0.1081528 0.0704560 0.1660571 0.0926737 0.0703552 
S1370         0.2058610 0.0362286 0.0851665 0.0356773 0.0640397 0.1058364 0.0765802 0.0568016 0.0685602 0.0000022 0.0560584 0.0680697 0.0606211 0.0556793 0.0235022 0.0056372 0.0561711 0.0545941 0.0562574 0.0485429 0.0493272 0.0296472 0.0056372 0.0981901 0.0545941 0.0831454 0.0825258 0.0650135 0.1221708 0.0645426 0.1126942 0.0958172 0.0575365 0.0922934 0.0234518 0.0622701 0.0778131 0.0113503 0.0771933 0.0175933 0.0000000 0.0492536 0.0487127 0.0984509 0.0235613 0.0575365 0.0645426 0.0545773 0.0171758 0.0811573 0.0234315 0.0696398 0.0300773 0.0915010 0.0359433 0.0551122 0.0634771 0.0981513 0.0621393 0.1781983 0.0833649 0.0620561 
S1375         0.2374081 0.0623401 0.0852177 0.0498434 0.0781018 0.1212008 0.0766144 0.0706572 0.0685816 0.0430683 0.0560651 0.0680902 0.0604805 0.0421726 0.0485106 0.0425197 0.0698220 0.0545992 0.0562643 0.0354879 0.0627102 0.0550835 0.0425197 0.0838401 0.0545992 0.0831915 0.0825703 0.0650309 0.1055414 0.0788243 0.0970315 0.0808240 0.0715578 0.0923603 0.0483888 0.0622835 0.0778500 0.0489370 0.0772289 0.0570778 0.0492536 0.0000000 0.0356020 0.0985318 0.0486203 0.0715578 0.0788243 0.0745001 0.0555695 0.0812018 0.0483424 0.0696630 0.0559107 0.0915657 0.0618593 0.0551178 0.0561272 0.0982313 0.0621524 0.1786608 0.0834116 0.0620692 
S1381         0.2147414 0.0547111 0.0701639 0.0625825 0.0633305 0.1351279 0.0621580 0.0698581 0.0546413 0.0490889 0.0424667 0.0542701 0.0527635 0.0417169 0.0479853 0.0420568 0.0556291 0.0413830 0.0421434 0.0351100 0.0620149 0.0544841 0.0420568 0.0828969 0.0413830 0.0685069 0.0680314 0.0506069 0.0839727 0.0779201 0.0958653 0.0798719 0.0707405 0.0770059 0.0478663 0.0485337 0.0631240 0.0484028 0.0626279 0.0564348 0.0487127 0.0356020 0.0000000 0.0684083 0.0480930 0.0707405 0.0779201 0.0605014 0.0549600 0.0657458 0.0478210 0.0554878 0.0552936 0.0763174 0.0611819 0.0413251 0.0425011 0.0549533 0.0484071 0.1662375 0.0686866 0.0483476 
S1449         0.2239222 0.1129644 0.0914463 0.1148365 0.1009261 0.1621622 0.0689647 0.1019837 0.0555046 0.0992596 0.0771554 0.0609070 0.0600264 0.1057713 0.0827126 0.0906289 0.0917526 0.0616165 0.0825728 0.0969756 0.0927610 0.1043526 0.0906289 0.0901222 0.0616165 0.0923008 0.0749452 0.0507677 0.1253304 0.1236632 0.0973848 0.0811590 0.1156535 0.0842529 0.0965896 0.0770319 0.0840679 0.0977838 0.0695952 0.1084903 0.0984509 0.0985318 0.0684083 0.0000000 0.0828676 0.1156535 0.1236632 0.0820143 0.1052930 0.0740791 0.0964782 0.0757791 0.1060471 0.1019142 0.1121337 0.0888409 0.0570490 0.0615945 0.0550303 0.1721608 0.0837325 0.0623482 
S1460         0.1842100 0.0295428 0.0839859 0.0491307 0.0631784 0.1191111 0.0755496 0.0560502 0.0545287 0.0237381 0.0553283 0.0541597 0.0385055 0.0549571 0.0232162 0.0174417 0.0488316 0.0413146 0.0483345 0.0479280 0.0486922 0.0292825 0.0174417 0.0755773 0.0413146 0.0820179 0.0611263 0.0437719 0.1126317 0.0561066 0.0947625 0.0796291 0.0494072 0.0767871 0.0114014 0.0614575 0.0767478 0.0234157 0.0557039 0.0302837 0.0235613 0.0486203 0.0480930 0.0828676 0.0000000 0.0494072 0.0561066 0.0475338 0.0295350 0.0655769 0.0172079 0.0687121 0.0297019 0.0902252 0.0354955 0.0416367 0.0427466 0.0826169 0.0483159 0.1307570 0.0685133 0.0612474 
S1462         0.2230828 0.0712163 0.1110449 0.0723470 0.1033484 0.1124762 0.1012621 0.0434730 0.0838359 0.0511866 0.0789720 0.0831963 0.0845514 0.0785029 0.0566405 0.0504423 0.0791390 0.0689453 0.0625616 0.0704553 0.0425399 0.0635330 0.0504423 0.1001689 0.0689453 0.0932832 0.0985839 0.0808258 0.1346661 0.0055984 0.1146689 0.1137403 0.0000010 0.1093931 0.0564871 0.0855117 0.1030194 0.0571534 0.0840339 0.0659317 0.0575365 0.0715578 0.0707405 0.1156535 0.0494072 0.0000000 0.0055984 0.0621608 0.0504931 0.0983008 0.0564297 0.0937468 0.0508073 0.1022662 0.0706570 0.0775971 0.0788908 0.1152961 0.0771578 0.1684273 0.0996579 0.0852747 
S1498         0.2129775 0.0642611 0.1191616 0.0796965 0.1113378 0.1051023 0.1090662 0.0501598 0.0911620 0.0581420 0.0863760 0.0904500 0.0925759 0.0858919 0.0635330 0.0572897 0.0865603 0.0759170 0.0694731 0.0775937 0.0490706 0.0705532 0.0572897 0.1079092 0.0759170 0.1009505 0.1061780 0.0884440 0.1431767 0.0000010 0.1231672 0.1221263 0.0055984 0.1174130 0.0498445 0.0929679 0.1109877 0.0641104 0.0913673 0.0732525 0.0645426 0.0788243 0.0779201 0.1236632 0.0561066 0.0055984 0.0000000 0.0690178 0.0438523 0.0983008 0.0632874 0.1014277 0.0577134 0.1102263 0.0637527 0.0706024 0.0863301 0.1232810 0.0844096 0.1780172 0.1073632 0.0927332 
S1539         0.2107571 0.0741579 0.0691618 0.0752810 0.0624451 0.1484002 0.0613071 0.0762944 0.0670751 0.0615407 0.0419229 0.0666068 0.0662791 0.0811382 0.0601638 0.0542490 0.0420042 0.0169933 0.0741080 0.0734032 0.0746017 0.0667750 0.0542490 0.0819179 0.0169933 0.0544250 0.0807081 0.0567670 0.1193068 0.0690178 0.1008138 0.0935436 0.0621608 0.0901823 0.0600055 0.0479041 0.0622442 0.0606826 0.0754693 0.0691814 0.0545773 0.0745001 0.0605014 0.0820143 0.0475338 0.0621608 0.0690178 0.0000000 0.0543017 0.0939694 0.0599466 0.0547446 0.0546265 0.0616818 0.0736058 0.0802385 0.0620751 0.0817684 0.0607957 0.1730514 0.0954917 0.0739664 
S_670         0.1864409 0.0297837 0.0919702 0.0417380 0.0706479 0.1125462 0.0831872 0.0568988 0.0750027 0.0173012 0.0624560 0.0744579 0.0675704 0.0620525 0.0294631 0.0113058 0.0625822 0.0608209 0.0626922 0.0547628 0.0556505 0.0356794 0.0113058 0.0904922 0.0608209 0.0757776 0.0891156 0.0717196 0.1139216 0.0438523 0.1105256 0.1029671 0.0504931 0.0991706 0.0173574 0.0686791 0.0845365 0.0170726 0.0838649 0.0235267 0.0171758 0.0555695 0.0549600 0.1052930 0.0295350 0.0504931 0.0438523 0.0543017 0.0000000 0.0805871 0.0293718 0.0761824 0.0237635 0.0838552 0.0295493 0.0483262 0.0700366 0.1049747 0.0685525 0.1864773 0.0900363 0.0684581 
SRR8528341    0.1947420 0.0802222 0.1044518 0.0976091 0.1056421 0.1636324 0.0799891 0.0739389 0.0504430 0.0818493 0.0890368 0.0571807 0.0487965 0.0885336 0.0654333 0.0733115 0.1048508 0.0719998 0.0807515 0.0798906 0.0734736 0.0726283 0.0733115 0.0875715 0.0719998 0.1055649 0.0717649 0.0463564 0.1417736 0.0983008 0.0745943 0.0589643 0.0983008 0.0813932 0.0722256 0.0888701 0.0964609 0.0805871 0.0661186 0.0909192 0.0811573 0.0812018 0.0657458 0.0740791 0.0655769 0.0983008 0.0983008 0.0939694 0.0805871 0.0000000 0.0794890 0.0873236 0.0888238 0.1136533 0.0801370 0.0798950 0.0449843 0.0371644 0.0510211 0.1149266 0.0000022 0.0573948 
SRR8528343    0.1737846 0.0233377 0.0834714 0.0488470 0.0628018 0.1183601 0.0750995 0.0557213 0.0672672 0.0236065 0.0550082 0.0667964 0.0522668 0.0546405 0.0230905 0.0173472 0.0421828 0.0535979 0.0551978 0.0476580 0.0484135 0.0291221 0.0173472 0.0820304 0.0535979 0.0815261 0.0673756 0.0637383 0.1045694 0.0632874 0.1023165 0.0938141 0.0564297 0.0904364 0.0230420 0.0611016 0.0762828 0.0232878 0.0620279 0.0301119 0.0234315 0.0483424 0.0478210 0.0964782 0.0172079 0.0564297 0.0632874 0.0599466 0.0293718 0.0794890 0.0000000 0.0683064 0.0295368 0.0896699 0.0352986 0.0540961 0.0489717 0.0961900 0.0609727 0.1557628 0.0817375 0.0608931 
SRR8528347    0.1932420 0.0833326 0.0232043 0.0764966 0.0297122 0.1616228 0.0169996 0.0925938 0.0610460 0.0701959 0.0114146 0.0606249 0.0516024 0.0675907 0.0685721 0.0624519 0.0232430 0.0356569 0.0772075 0.0686177 0.0838591 0.0755092 0.0624519 0.0896381 0.0356569 0.0562601 0.0745726 0.0430384 0.1152789 0.1014277 0.0843959 0.0695785 0.0937468 0.0611902 0.0683775 0.0114076 0.0172320 0.0691814 0.0692505 0.0618160 0.0696398 0.0696630 0.0554878 0.0757791 0.0687121 0.0937468 0.1014277 0.0547446 0.0761824 0.0873236 0.0683064 0.0000000 0.0766806 0.0703186 0.0827007 0.0755618 0.0627324 0.0755496 0.0547791 0.1413560 0.0891908 0.0547095 
SRR8528350    0.2080557 0.0358802 0.0751354 0.0565076 0.0711109 0.1288313 0.0837423 0.0572574 0.0754848 0.0303075 0.0628478 0.0674654 0.0680344 0.0624402 0.0296293 0.0237427 0.0629757 0.0611914 0.0491274 0.0550935 0.0559927 0.0358842 0.0237427 0.0911117 0.0611914 0.0762715 0.0897141 0.0721971 0.0983122 0.0577134 0.1113718 0.1037355 0.0508073 0.0998774 0.0295631 0.0691143 0.0851118 0.0298877 0.0844307 0.0371419 0.0300773 0.0559107 0.0552936 0.1060471 0.0297019 0.0508073 0.0577134 0.0546265 0.0237635 0.0888238 0.0295368 0.0766806 0.0000000 0.0844236 0.0363086 0.0617843 0.0704919 0.0973274 0.0689872 0.1558639 0.0906495 0.0688913 
SRR8528354    0.2125039 0.1059745 0.0861489 0.1077322 0.0789061 0.1898213 0.0713054 0.0860146 0.0694665 0.0922552 0.0565291 0.0904388 0.0838194 0.0987576 0.0834837 0.0837606 0.0635040 0.0550337 0.0997871 0.0901233 0.0840176 0.0974567 0.0837606 0.1080034 0.0550337 0.0294068 0.0931802 0.0663386 0.1407476 0.1102263 0.1305710 0.1223463 0.1022662 0.1175837 0.0897720 0.0628262 0.0786490 0.0908792 0.1010055 0.1013159 0.0915010 0.0915657 0.0763174 0.1019142 0.0902252 0.1022662 0.1102263 0.0616818 0.0838552 0.1136533 0.0896699 0.0703186 0.0844236 0.0000000 0.1051802 0.0975329 0.0781045 0.1077786 0.0843709 0.1899627 0.1229350 0.0692540 
SRR8528357    0.1945202 0.0357962 0.0987595 0.0625137 0.0772309 0.1194324 0.0897727 0.0697769 0.0814208 0.0362171 0.0688251 0.0808203 0.0744947 0.0684012 0.0354115 0.0295572 0.0689645 0.0670191 0.0629022 0.0609560 0.0619475 0.0416944 0.0295572 0.1118411 0.0670191 0.0964412 0.0956880 0.0784002 0.1298190 0.0637527 0.1275457 0.1101178 0.0706570 0.1060422 0.0231753 0.0750599 0.0912405 0.0357178 0.0905170 0.0431537 0.0359433 0.0618593 0.0611819 0.1121337 0.0354955 0.0706570 0.0637527 0.0736058 0.0295493 0.0801370 0.0352986 0.0827007 0.0363086 0.1051802 0.0000000 0.0544622 0.0765725 0.1117965 0.0749408 0.1874309 0.0823740 0.0748345 
SRR8528359    0.2031246 0.0548827 0.0768600 0.0692240 0.0841034 0.1268255 0.0825105 0.0766402 0.0743999 0.0555387 0.0619476 0.0738640 0.0668091 0.0615488 0.0542880 0.0483406 0.0757227 0.0603377 0.0234431 0.0543239 0.0685948 0.0608745 0.0483406 0.1041631 0.0603377 0.0890721 0.0883990 0.0640313 0.1221972 0.0706024 0.1190699 0.1020879 0.0775971 0.0837707 0.0291297 0.0681246 0.0697373 0.0547602 0.0831766 0.0630715 0.0551122 0.0551178 0.0413251 0.0888409 0.0416367 0.0775971 0.0706024 0.0802385 0.0483262 0.0798950 0.0540961 0.0755618 0.0617843 0.0975329 0.0544622 0.0000000 0.0696013 0.0885762 0.0679984 0.1662166 0.0893044 0.0679056 
SRR8528361    0.1872640 0.0632032 0.0778921 0.0783921 0.0868835 0.1556274 0.0635990 0.0570814 0.0233542 0.0639868 0.0638490 0.0356966 0.0190082 0.0626845 0.0492073 0.0563386 0.0570238 0.0489356 0.0632584 0.0553033 0.0495574 0.0694115 0.0563386 0.0494356 0.0489356 0.0785642 0.0359851 0.0309598 0.0924498 0.0863301 0.0666824 0.0589930 0.0788908 0.0501961 0.0623231 0.0637584 0.0637584 0.0630569 0.0303459 0.0720289 0.0634771 0.0561272 0.0425011 0.0570490 0.0427466 0.0788908 0.0863301 0.0620751 0.0700366 0.0449843 0.0489717 0.0627324 0.0704919 0.0781045 0.0765725 0.0696013 0.0000000 0.0560740 0.0298338 0.1142776 0.0558003 0.0295037 
SRR8528365    0.2243566 0.0899423 0.0831340 0.1144845 0.0915917 0.1959756 0.0824859 0.0985772 0.0611473 0.0989555 0.0769177 0.0477990 0.0534958 0.1054488 0.0824624 0.0903536 0.0914711 0.0614294 0.0823234 0.0966841 0.0985182 0.1040394 0.0903536 0.0898499 0.0614294 0.0920153 0.0747201 0.0439021 0.1413233 0.1232810 0.0851818 0.0701953 0.1152961 0.0839939 0.0963007 0.0767951 0.0838106 0.0974880 0.0693815 0.1081528 0.0981513 0.0982313 0.0549533 0.0615945 0.0826169 0.1152961 0.1232810 0.0817684 0.1049747 0.0371644 0.0961900 0.0755496 0.0973274 0.1077786 0.1117965 0.0885762 0.0560740 0.0000000 0.0548624 0.1338343 0.0413031 0.0679976 
SRR8528372    0.1913136 0.0755134 0.0628414 0.0766827 0.0776351 0.1518752 0.0613459 0.0702270 0.0290848 0.0626276 0.0557153 0.0231031 0.0186988 0.0687361 0.0482072 0.0551702 0.0694016 0.0415672 0.0618019 0.0612395 0.0623260 0.0679532 0.0551702 0.0548825 0.0415672 0.0697551 0.0414528 0.0242073 0.1217020 0.0844096 0.0652020 0.0507934 0.0771578 0.0490570 0.0610339 0.0556445 0.0622842 0.0617367 0.0359538 0.0704560 0.0621393 0.0621524 0.0484071 0.0550303 0.0483159 0.0771578 0.0844096 0.0607957 0.0685525 0.0510211 0.0609727 0.0547791 0.0689872 0.0843709 0.0749408 0.0679984 0.0298338 0.0548624 0.0000000 0.1379994 0.0545999 0.0352751 
SRR8528381    0.2353551 0.1358285 0.1512546 0.1879187 0.1627377 0.2613003 0.1433755 0.1406082 0.1108601 0.1707214 0.1444655 0.1113528 0.1119821 0.1545643 0.1373103 0.1677831 0.1447993 0.1465145 0.1568038 0.1751568 0.1404158 0.1846378 0.1677831 0.1460368 0.1465145 0.1909572 0.1270262 0.1243904 0.1920036 0.1780172 0.1099529 0.0935712 0.1684273 0.1340688 0.1559989 0.1440685 0.1424056 0.1586632 0.1218148 0.1660571 0.1781983 0.1786608 0.1662375 0.1721608 0.1307570 0.1684273 0.1780172 0.1730514 0.1864773 0.1149266 0.1557628 0.1413560 0.1558639 0.1899627 0.1874309 0.1662166 0.1142776 0.1338343 0.1379994 0.0000000 0.1242083 0.1190144 
SRR8528389    0.1902744 0.0896604 0.1054598 0.0989925 0.1065982 0.1782411 0.0963051 0.0841613 0.0608583 0.0840382 0.0908516 0.0604391 0.0532143 0.0903735 0.0683736 0.0758948 0.1058428 0.0746047 0.0829782 0.0821320 0.0836507 0.0892380 0.0758948 0.0894343 0.0746047 0.1065283 0.0743721 0.0503003 0.1406912 0.1073632 0.0771468 0.0626756 0.0996579 0.0835965 0.0818268 0.0906886 0.0978867 0.0828098 0.0690498 0.0926737 0.0833649 0.0834116 0.0686866 0.0837325 0.0685133 0.0996579 0.1073632 0.0954917 0.0900363 0.0000022 0.0817375 0.0891908 0.0906495 0.1229350 0.0823740 0.0893044 0.0558003 0.0413031 0.0545999 0.1242083 0.0000000 0.0676780 
SRR8528391    0.1830597 0.0754053 0.0691100 0.0765708 0.0775197 0.1355371 0.0554483 0.0558091 0.0287718 0.0625430 0.0556430 0.0410255 0.0383504 0.0686408 0.0481483 0.0550995 0.0693045 0.0541974 0.0693464 0.0611590 0.0484842 0.0678605 0.0550995 0.0680228 0.0541974 0.0696567 0.0540415 0.0368405 0.1060981 0.0927332 0.0794401 0.0574345 0.0852747 0.0622104 0.0609541 0.0555725 0.0549802 0.0616547 0.0486257 0.0703552 0.0620561 0.0620692 0.0483476 0.0623482 0.0612474 0.0852747 0.0927332 0.0739664 0.0684581 0.0573948 0.0608931 0.0547095 0.0688913 0.0692540 0.0748345 0.0679056 0.0295037 0.0679976 0.0352751 0.1190144 0.0676780 0.0000000 
