93
S0055      0.0000000 0.1061273 0.1129172 0.0424466 0.0981743 0.0904626 0.0618185 0.1172545 0.2194438 0.0982898 0.0430413 0.0210405 0.0205810 0.1277180 0.0826468 0.0907470 0.1175997 0.0575454 0.0765774 0.1315538 0.1418167 0.0985457 0.0502477 0.0205810 0.1347363 0.0992531 0.0673901 0.0213312 0.0992116 0.2349245 0.0732736 0.0352204 0.1175997 0.0289978 0.1504583 0.1405757 0.1081342 0.0855270 0.0895457 0.1071169 0.1331109 0.1057784 0.1542129 0.0932782 0.1303754 0.2628678 0.1192885 0.1562102 0.1476157 0.2379738 0.1369497 0.2349051 0.1251192 0.1634482 0.0348883 0.2193178 0.0208832 0.0581969 0.0976167 0.1337516 0.1187950 0.0279531 0.0977282 0.1011132 0.0353973 0.0295036 0.0209674 0.1193994 0.0428120 0.1182638 0.1170499 0.1073174 0.0276119 0.1263918 0.1111152 0.1129292 0.0360641 0.0578940 0.1081948 0.0748588 0.0818188 0.0353580 0.0348227 0.0572762 0.1060884 0.1312700 0.1318779 0.1082148 0.0000010 0.1264827 0.1081948 0.0505579 0.0985355 
S0278      0.1061273 0.0000000 0.1399252 0.1220066 0.0420438 0.0886470 0.1700258 0.0487973 0.2258075 0.0482637 0.1149401 0.1062604 0.1126669 0.0571356 0.1336544 0.0413751 0.1440647 0.1306513 0.0921082 0.1405017 0.1802803 0.0489600 0.0960957 0.1126669 0.0715855 0.1058289 0.1090645 0.0987545 0.1423498 0.1889725 0.1226232 0.1311679 0.1440647 0.1178109 0.1792699 0.1399937 0.1706959 0.0923595 0.0718523 0.0816562 0.1507939 0.1138603 0.1728000 0.1117229 0.1690194 0.2139489 0.1462287 0.1750351 0.1663024 0.2019188 0.1548948 0.1889512 0.1335603 0.1627507 0.1129382 0.1840384 0.1053935 0.1596490 0.1141446 0.0640711 0.0348518 0.1224734 0.1407859 0.0989747 0.1332893 0.0949498 0.1233084 0.0912149 0.1148743 0.1246394 0.1145851 0.0558793 0.1209388 0.1444740 0.0654040 0.1604546 0.1346276 0.0733712 0.1522694 0.1808706 0.0410653 0.1317863 0.1296790 0.1048263 0.1317966 0.1581410 0.1504472 0.0992009 0.0000010 0.1330002 0.1522694 0.1062540 0.1066077 
S0281      0.1129172 0.1399252 0.0000000 0.1210024 0.1615650 0.1323321 0.1716425 0.1828550 0.3117311 0.1503274 0.1139283 0.1140554 0.1111917 0.1451258 0.1426272 0.1420345 0.0582138 0.1305107 0.1374788 0.1498200 0.1676607 0.1507433 0.1125774 0.1111917 0.1729382 0.1519332 0.1324515 0.1158438 0.0664792 0.2595268 0.1307125 0.1306370 0.0582138 0.1266858 0.0851963 0.1691156 0.0828574 0.1379230 0.1400917 0.1416537 0.1516974 0.1402309 0.1749774 0.1268161 0.1100554 0.2901070 0.1341117 0.1838126 0.1786334 0.2599637 0.0827160 0.2450585 0.1512985 0.1508167 0.1114736 0.2557212 0.1130617 0.1502865 0.1041187 0.2039841 0.1551396 0.1214907 0.1413543 0.1268141 0.1422956 0.1014764 0.1133646 0.1276941 0.1221591 0.1457269 0.1441223 0.1609885 0.1198882 0.0659843 0.1466265 0.1010810 0.1342685 0.0868967 0.1341188 0.1627120 0.1411327 0.1312853 0.1290764 0.0928804 0.1318510 0.1689047 0.1610172 0.1220786 0.0000010 0.1291010 0.1341188 0.1125152 0.1324841 
S0282      0.0424466 0.1220066 0.1210024 0.0000000 0.1329002 0.1148991 0.0613862 0.1336643 0.2828713 0.1229561 0.0813880 0.0209045 0.0204508 0.1356016 0.0986448 0.1152881 0.1435358 0.0964590 0.1012337 0.1484848 0.1600647 0.1232762 0.0574071 0.0204508 0.1520738 0.1241761 0.0913180 0.0211914 0.1241947 0.2436815 0.0888000 0.0206558 0.1435358 0.0288048 0.1785676 0.1757386 0.1335593 0.1107016 0.0969692 0.1143504 0.1502430 0.1305398 0.1721447 0.1109313 0.1668343 0.2719270 0.1456825 0.1743637 0.1656658 0.2468283 0.1731691 0.2436620 0.1510125 0.2006580 0.0493324 0.2281991 0.0207492 0.0734796 0.1137483 0.1710319 0.1266308 0.0277736 0.1057942 0.1178056 0.0429585 0.0294559 0.0426073 0.1185535 0.0278898 0.1353533 0.1339562 0.1324598 0.0418316 0.1526607 0.1369201 0.1486791 0.0358250 0.0809233 0.1159766 0.0743533 0.0976635 0.0351289 0.0346006 0.0723108 0.1142533 0.1396932 0.1587956 0.0988581 0.0000010 0.1248698 0.1077359 0.0894104 0.1060597 
S0289      0.0981743 0.0420438 0.1615650 0.1329002 0.0000000 0.1171016 0.1502959 0.0579992 0.2291154 0.0498184 0.1081564 0.0992055 0.1059915 0.0750188 0.1268389 0.0427141 0.1369804 0.1239578 0.0684761 0.1318042 0.1838506 0.0505597 0.1248776 0.1059915 0.0739412 0.0824280 0.1021283 0.0916567 0.1176210 0.2024586 0.1158925 0.1244549 0.1369804 0.1105773 0.1719591 0.1400629 0.1450594 0.0686532 0.0498582 0.1081498 0.1418805 0.1139342 0.1634075 0.1435785 0.1710517 0.2285044 0.1581259 0.1655200 0.1568662 0.2159738 0.1477520 0.2024373 0.1336323 0.1847399 0.0895600 0.1977045 0.0983929 0.1529158 0.1246082 0.0571364 0.0512392 0.1053669 0.1521276 0.1199111 0.1047486 0.0966950 0.1254719 0.1299932 0.1256376 0.1473045 0.1363377 0.0576938 0.1142816 0.1461464 0.0840121 0.1524533 0.1167391 0.0825962 0.1740457 0.1741022 0.0423847 0.1250431 0.1230248 0.0816431 0.1428451 0.1699735 0.1505133 0.1182946 0.0000010 0.1262150 0.1740457 0.0994661 0.1169144 
S0292      0.0904626 0.0886470 0.1323321 0.1148991 0.1171016 0.0000000 0.1210991 0.1070703 0.2311533 0.0970566 0.1076083 0.0821546 0.0890784 0.1260207 0.0984880 0.0896108 0.1186206 0.1233038 0.1032066 0.1239517 0.1403171 0.0973062 0.1135790 0.0890784 0.1243568 0.1171730 0.1101095 0.0743340 0.1172031 0.2475866 0.0984555 0.1067288 0.1186206 0.0744279 0.1517434 0.1325655 0.1444789 0.1035021 0.0902561 0.0894700 0.1254232 0.0900245 0.1462287 0.1133035 0.1503080 0.2763757 0.1027173 0.1481320 0.1395613 0.2625739 0.1471463 0.2475672 0.1001313 0.1549990 0.0892916 0.2436723 0.0814967 0.1339875 0.0807179 0.1135873 0.1172300 0.0983316 0.1055126 0.0420174 0.1084467 0.0873771 0.1075776 0.0824642 0.1061783 0.0504285 0.0562078 0.1059499 0.0970977 0.1186513 0.1272319 0.1418419 0.0997401 0.0507867 0.1358332 0.1541784 0.0890706 0.1072161 0.1055104 0.0655264 0.0971423 0.1412267 0.1337770 0.0905938 0.0000010 0.1644701 0.1358332 0.1057074 0.0894163 
S0293      0.0618185 0.1700258 0.1716425 0.0613862 0.1502959 0.1210991 0.0000000 0.1827656 0.3330729 0.1515895 0.1052392 0.0298462 0.0371528 0.1855604 0.1133609 0.1432172 0.1651051 0.1130962 0.1230869 0.1668484 0.1805939 0.1330200 0.0957122 0.0371528 0.1608275 0.1532241 0.1064302 0.0222675 0.1435935 0.3028604 0.1133235 0.0534724 0.1651051 0.0147343 0.1651051 0.1764087 0.1539872 0.1333640 0.1412423 0.1518158 0.1689306 0.1474675 0.1929497 0.1529102 0.2020723 0.3268482 0.1705638 0.1749904 0.1658593 0.3071048 0.1651051 0.3028452 0.1698479 0.2392321 0.0692311 0.2865187 0.0296089 0.0861508 0.1135992 0.2058743 0.1753383 0.0291882 0.1295709 0.1243099 0.0451993 0.0486314 0.0704851 0.1636664 0.0531530 0.1661432 0.1413316 0.1623725 0.0608454 0.1751656 0.1875310 0.1819165 0.0295772 0.1046313 0.1541686 0.0977119 0.1233884 0.0448631 0.0528308 0.0948164 0.1387989 0.1794815 0.1781150 0.1346515 0.0000010 0.1743134 0.1541686 0.1032821 0.1327577 
S0299      0.1172545 0.0487973 0.1828550 0.1336643 0.0579992 0.1070703 0.1827656 0.0000000 0.2643926 0.0345512 0.1174049 0.1169199 0.1238789 0.0734323 0.1459981 0.0421519 0.1761212 0.1426445 0.1020780 0.1716672 0.2062579 0.0572773 0.1323190 0.1238789 0.0806293 0.1169091 0.1205662 0.1092270 0.1550104 0.2368719 0.1343449 0.1251671 0.1761212 0.1291426 0.2129750 0.1710510 0.1845529 0.1023670 0.0655231 0.1261088 0.1829404 0.1430365 0.1965062 0.1445683 0.2034157 0.2651241 0.1773205 0.2098464 0.2006803 0.2515677 0.1880100 0.2368518 0.1646260 0.1962409 0.1241849 0.2327325 0.1159405 0.1729683 0.1433949 0.0728876 0.0575863 0.1341792 0.1720478 0.1158730 0.1455928 0.1155504 0.1444222 0.1369216 0.1446056 0.1453367 0.1317905 0.0569380 0.1324612 0.1761814 0.0822163 0.1839430 0.1471097 0.0998446 0.1951438 0.1952144 0.0490205 0.1439187 0.1415603 0.1157767 0.1623895 0.1904822 0.1825258 0.1459473 0.0000010 0.1641776 0.1951438 0.1258161 0.1355506 
S0303      0.2194438 0.2258075 0.3117311 0.2828713 0.2291154 0.2311533 0.3330729 0.2643926 0.0000000 0.2484929 0.2529178 0.2538795 0.2468932 0.2678775 0.2431457 0.2396647 0.2302974 0.2492170 0.2156048 0.2853745 0.2559213 0.2758012 0.2732335 0.2468932 0.3104090 0.1955146 0.2098278 0.2452184 0.2492197 0.2865757 0.2612129 0.2721237 0.2302974 0.2730569 0.2748399 0.2395727 0.2839598 0.2063030 0.2044809 0.2426367 0.3000008 0.2288920 0.3064428 0.2431998 0.2959219 0.3047532 0.2621431 0.2799594 0.2883319 0.3029666 0.2437771 0.2865593 0.2392954 0.2775182 0.2259141 0.2554729 0.2514205 0.2865946 0.2510223 0.2992997 0.2672472 0.2609098 0.2513715 0.2606084 0.2770319 0.2348171 0.2628908 0.2508880 0.2857731 0.2311563 0.2801534 0.2143549 0.2354899 0.2410249 0.2481291 0.2864679 0.2571086 0.1882072 0.2793665 0.3036598 0.2598734 0.2613117 0.2688318 0.2125043 0.2516082 0.2245096 0.2756832 0.2514519 0.0000010 0.2069812 0.3033905 0.2640588 0.2091247 
S0327      0.0982898 0.0482637 0.1503274 0.1229561 0.0498184 0.0970566 0.1515895 0.0345512 0.2484929 0.0000000 0.0903006 0.0898840 0.0967812 0.0498656 0.1168756 0.0203038 0.1449558 0.1142492 0.0760775 0.1413552 0.1719166 0.0418546 0.1047675 0.0967812 0.0642629 0.0899114 0.0926625 0.0824601 0.1254092 0.2007734 0.1063447 0.1147047 0.1449558 0.1007445 0.1803973 0.1588798 0.1530355 0.0762772 0.0569895 0.1245367 0.1517127 0.1317993 0.1639741 0.1318198 0.1696554 0.2265461 0.1471459 0.1761189 0.1673419 0.2141463 0.1558561 0.2007522 0.1524963 0.1829204 0.0970132 0.1960211 0.0891609 0.1423605 0.1148451 0.0643917 0.0424019 0.1062122 0.1416430 0.0994818 0.1253012 0.0870610 0.1156241 0.1174508 0.1157793 0.1163517 0.1151746 0.0342724 0.1048805 0.1449989 0.0579872 0.1512109 0.1176999 0.0738324 0.1628410 0.1628908 0.0341312 0.1152341 0.1133981 0.0890594 0.1326013 0.1590922 0.1698686 0.1261327 0.0000010 0.1340455 0.1628410 0.1070929 0.1072691 
S0376      0.0430413 0.1149401 0.1139283 0.0813880 0.1081564 0.1076083 0.1052392 0.1174049 0.2529178 0.0903006 0.0000000 0.0587185 0.0573792 0.1282825 0.1083968 0.0911709 0.1182979 0.0426658 0.0769550 0.1233591 0.1430519 0.0989969 0.0818674 0.0573792 0.1445413 0.0997099 0.0759478 0.0595603 0.0998055 0.2138722 0.0981376 0.0736528 0.1182979 0.0683260 0.1513523 0.1319374 0.1087784 0.0859444 0.0899603 0.0988795 0.1248187 0.1060726 0.1245129 0.0742269 0.1404817 0.2406210 0.1022416 0.1571166 0.1388757 0.2166352 0.1285188 0.2138512 0.1254512 0.1542616 0.0575134 0.2093181 0.0582575 0.0989413 0.0898069 0.1448532 0.1193299 0.0657674 0.1066428 0.0930314 0.0829324 0.0536661 0.0584920 0.1110398 0.0821115 0.1099940 0.1088680 0.1078016 0.0649510 0.1271356 0.1295359 0.1227327 0.0755016 0.0429161 0.1001158 0.1175091 0.0904592 0.0739684 0.0728153 0.0577915 0.0981731 0.1230954 0.1245216 0.1088605 0.0000010 0.1182288 0.1001158 0.0357017 0.0823796 
S0400      0.0210405 0.1062604 0.1140554 0.0209045 0.0992055 0.0821546 0.0298462 0.1169199 0.2538795 0.0898840 0.0587185 0.0000000 0.0000021 0.1186295 0.0752856 0.0824050 0.1187533 0.0736059 0.0772337 0.1144683 0.1338581 0.0901174 0.0428470 0.0000021 0.1170528 0.1001050 0.0679533 0.0000027 0.1001578 0.2263865 0.0660689 0.0138782 0.1187533 0.0070314 0.1520335 0.1404014 0.1091789 0.0862731 0.0902957 0.0992668 0.1158183 0.0974729 0.1360442 0.1034534 0.1315289 0.2541058 0.1204780 0.1378096 0.1293533 0.2293461 0.1474062 0.2263662 0.1164009 0.1743389 0.0279510 0.2085617 0.0000010 0.0510092 0.0902941 0.1349968 0.1098396 0.0000021 0.0903969 0.0842310 0.0139331 0.0147312 0.0284180 0.1018486 0.0210826 0.1009042 0.0998788 0.0987254 0.0207372 0.1187533 0.1197773 0.1139144 0.0069687 0.0583619 0.1006884 0.0516190 0.0658911 0.0139297 0.0137207 0.0501986 0.0987213 0.1238346 0.1240320 0.0837816 0.0000010 0.1181688 0.1006884 0.0665205 0.0826770 
S0405      0.0205810 0.1126669 0.1111917 0.0204508 0.1059915 0.0890784 0.0371528 0.1238789 0.2468932 0.0967812 0.0573792 0.0000021 0.0000000 0.1256637 0.0735270 0.0893532 0.1158515 0.0719221 0.0753834 0.1211225 0.1304181 0.0970296 0.0495103 0.0000010 0.1240080 0.0977153 0.0663624 0.0000024 0.0977695 0.2307605 0.0645616 0.0135783 0.1158515 0.0069789 0.1480983 0.1469699 0.1065462 0.0841755 0.0881860 0.0969166 0.1225334 0.1041577 0.1428090 0.1007016 0.1372506 0.2580625 0.1174876 0.1446347 0.1362458 0.2337094 0.1436947 0.2307404 0.1231440 0.1698890 0.0273427 0.2153707 0.0000021 0.0498531 0.0881864 0.1419204 0.1168949 0.0067359 0.0882843 0.0913022 0.0208268 0.0143938 0.0277896 0.1089545 0.0206212 0.1079473 0.1068604 0.1056501 0.0202907 0.1245022 0.1268688 0.1199020 0.0138905 0.0570363 0.0982723 0.0504358 0.0727993 0.0136276 0.0134275 0.0490789 0.0963970 0.1208681 0.1307050 0.0818029 0.0000010 0.1152896 0.0982723 0.0649928 0.0807485 
S0407sl    0.1277180 0.0571356 0.1451258 0.1356016 0.0750188 0.1260207 0.1855604 0.0734323 0.2678775 0.0498656 0.1282825 0.1186295 0.1256637 0.0000000 0.1481511 0.0427548 0.1589641 0.1447093 0.1036015 0.1741618 0.2094406 0.0661555 0.1164498 0.1256637 0.0902891 0.0991648 0.1223712 0.1108379 0.1383632 0.1851071 0.1362984 0.1245871 0.1589641 0.1310725 0.1947715 0.1930115 0.1673482 0.0847444 0.0825998 0.1465505 0.1856188 0.1637198 0.2101987 0.1574635 0.1852989 0.2105364 0.1600136 0.2130019 0.2037152 0.1982792 0.1705105 0.1850853 0.1866218 0.1749268 0.1259779 0.1799723 0.1176229 0.1460446 0.1271442 0.0904768 0.0508876 0.1361287 0.1745542 0.1292725 0.1571893 0.1078884 0.1370989 0.1301380 0.1282147 0.1474728 0.1459126 0.0426064 0.1165775 0.1590156 0.0067276 0.1660420 0.1492968 0.0926481 0.1675595 0.1550015 0.0574992 0.1362249 0.1435971 0.1174530 0.1647538 0.1932432 0.2051955 0.1484837 0.0000010 0.1473919 0.1675595 0.1373034 0.1375367 
S0412sl    0.0826468 0.1336544 0.1426272 0.0986448 0.1268389 0.0984880 0.1133609 0.1459981 0.2431457 0.1168756 0.1083968 0.0752856 0.0735270 0.1481511 0.0000000 0.1091153 0.1281915 0.1242179 0.1039859 0.1248752 0.0944488 0.1171848 0.1076782 0.0735270 0.1461177 0.1180505 0.0592322 0.0676397 0.1180795 0.2611331 0.0351007 0.0906287 0.1281915 0.0759510 0.1623743 0.1515520 0.1456026 0.1042864 0.1076620 0.1349019 0.1263689 0.1073643 0.1378545 0.1114248 0.1808329 0.2909000 0.1212627 0.1493138 0.1406689 0.2766410 0.1574150 0.2611145 0.1178344 0.1950378 0.0737023 0.2454164 0.0746784 0.1171261 0.1076372 0.1652055 0.1388347 0.0824206 0.0896895 0.1009782 0.1005374 0.0449523 0.0913383 0.1186317 0.0904118 0.1175115 0.0998002 0.1264133 0.0813843 0.1372321 0.1496308 0.1620359 0.0674472 0.0827940 0.1456369 0.1366832 0.1084438 0.0910334 0.0895885 0.0819759 0.0979299 0.1510423 0.1529581 0.1187579 0.0000010 0.1657919 0.1456369 0.0984107 0.1171679 
S0417      0.0907470 0.0413751 0.1420345 0.1152881 0.0427141 0.0896108 0.1432172 0.0421519 0.2396647 0.0203038 0.0911709 0.0824050 0.0893532 0.0427548 0.1091153 0.0000000 0.1369490 0.1066528 0.0684930 0.1335290 0.1633902 0.0348851 0.0972992 0.0893532 0.0496211 0.0824394 0.0849741 0.0749764 0.1176088 0.1921038 0.0987727 0.1070817 0.1369490 0.0930140 0.1718813 0.1509540 0.1450189 0.0686701 0.0498769 0.1081454 0.1437560 0.1240674 0.1656159 0.1332227 0.1612461 0.2175455 0.1390033 0.1677796 0.1590157 0.2052940 0.1477078 0.1920824 0.1444992 0.1746374 0.0895678 0.1871675 0.0817426 0.1344717 0.0968053 0.0572526 0.0353440 0.0986479 0.1337972 0.0918613 0.1174991 0.0791637 0.1079370 0.1096431 0.1080848 0.1086224 0.1075219 0.0274225 0.0974054 0.1369884 0.0507542 0.1428760 0.1098764 0.0664625 0.1547249 0.1547709 0.0273096 0.1075728 0.1058546 0.0816547 0.1248250 0.1511635 0.1618002 0.1095350 0.0000010 0.1261949 0.1547249 0.0994681 0.0996326 
S0419      0.1175997 0.1440647 0.0582138 0.1435358 0.1369804 0.1186206 0.1651051 0.1761212 0.2302974 0.1449558 0.1182979 0.1187533 0.1158515 0.1589641 0.1281915 0.1369490 0.0000000 0.1344150 0.1138848 0.1441206 0.1522608 0.1453443 0.1351238 0.1158515 0.1666038 0.1279957 0.1097743 0.1205621 0.0273888 0.2281328 0.1261134 0.1348880 0.0000010 0.1311882 0.0209663 0.1718465 0.0491902 0.1142237 0.1172430 0.1363397 0.1458668 0.1258763 0.1487136 0.1559925 0.0732796 0.2560642 0.1198062 0.1571009 0.1614219 0.2426521 0.0203914 0.2281121 0.1466301 0.1573569 0.0990010 0.2237926 0.1177465 0.1452855 0.0917162 0.1963982 0.1689206 0.1259565 0.1177965 0.1127706 0.1463238 0.1067050 0.1270843 0.1221694 0.1448840 0.1209822 0.1292548 0.1551749 0.1243438 0.0066341 0.1605716 0.0658250 0.1385334 0.0753904 0.1381169 0.1662589 0.1361048 0.1355409 0.1333249 0.0812764 0.1089889 0.1435528 0.1734675 0.1088689 0.0000010 0.1156075 0.1381169 0.1270922 0.1184244 
S0427      0.0575454 0.1306513 0.1305107 0.0964590 0.1239578 0.1233038 0.1130962 0.1426445 0.2492170 0.1142492 0.0426658 0.0736059 0.0719221 0.1447093 0.1242179 0.1066528 0.1344150 0.0000000 0.0926050 0.1391756 0.1602608 0.1064211 0.0970153 0.0719221 0.1610431 0.1153739 0.0748830 0.0746613 0.1154599 0.2107241 0.1135480 0.0886213 0.1344150 0.0749026 0.1685765 0.1394388 0.1246447 0.1018575 0.1052580 0.1144096 0.1320269 0.1215702 0.1621486 0.0921824 0.1573951 0.2369994 0.1271326 0.1650219 0.1375228 0.2134150 0.1362567 0.2107032 0.1415283 0.1709825 0.0568304 0.2172776 0.0730252 0.1144882 0.0971216 0.1613897 0.1356146 0.0805994 0.1222174 0.1087964 0.0982735 0.0692021 0.0733145 0.1272456 0.0973162 0.1260313 0.1247417 0.1235504 0.0796057 0.1433974 0.1461240 0.1394463 0.0908545 0.0573834 0.1158400 0.1335543 0.1058306 0.0890080 0.0876235 0.0724345 0.1135896 0.1214155 0.1230112 0.1247544 0.0000010 0.1165718 0.1158400 0.0501137 0.0976225 
S0478      0.0765774 0.0921082 0.1374788 0.1012337 0.0684761 0.1032066 0.1230869 0.1020780 0.2156048 0.0760775 0.0769550 0.0772337 0.0753834 0.1036015 0.1039859 0.0684930 0.1138848 0.0926050 0.0000000 0.1290090 0.1456588 0.0943501 0.0916287 0.0753834 0.1207858 0.0522924 0.0773394 0.0695712 0.0949429 0.1838337 0.0935047 0.0929891 0.1138848 0.0880027 0.1138848 0.1468497 0.1220220 0.0444217 0.0516592 0.1118535 0.1394381 0.1193529 0.1617581 0.1164768 0.1458311 0.2036475 0.1290681 0.1639385 0.1549291 0.1969181 0.1138848 0.1838118 0.1401791 0.1710193 0.0594335 0.1786960 0.0765952 0.1203028 0.1021224 0.1210502 0.0948688 0.0845459 0.1175232 0.0863791 0.1032251 0.0554057 0.0937377 0.1221477 0.1021765 0.1239475 0.1226190 0.0848557 0.0834567 0.1229688 0.1046126 0.1273631 0.0954499 0.0520047 0.1404738 0.1405145 0.0758440 0.0934164 0.0918959 0.0517101 0.1087121 0.1470633 0.1579204 0.1133367 0.0000010 0.0943346 0.1404738 0.0852624 0.0943408 
S0552sl    0.1315538 0.1405017 0.1498200 0.1484848 0.1318042 0.1239517 0.1668484 0.1716672 0.2853745 0.1413552 0.1233591 0.1144683 0.1211225 0.1741618 0.1248752 0.1335290 0.1441206 0.1391756 0.1290090 0.0000000 0.1506744 0.1503169 0.1584104 0.1211225 0.1717601 0.1342084 0.1176676 0.1075810 0.1424061 0.2562061 0.1141403 0.1399578 0.1441206 0.1263396 0.1793007 0.0781412 0.1707332 0.1207241 0.1234486 0.1125280 0.0273415 0.0555237 0.0424000 0.1412849 0.2080297 0.2852758 0.1188829 0.0817873 0.0660970 0.2713495 0.1738658 0.2561874 0.0642700 0.1718937 0.1214153 0.2524949 0.1135299 0.1689112 0.1056095 0.1914152 0.1646041 0.1204082 0.1317660 0.1093801 0.1313851 0.1125206 0.1411074 0.1279331 0.1498542 0.1267059 0.1081057 0.1512962 0.1294988 0.1532787 0.1759063 0.1992804 0.1322778 0.0812428 0.1342272 0.1905174 0.1327216 0.1406256 0.1383698 0.1051697 0.1229384 0.1220458 0.0635472 0.1057398 0.0000010 0.1824190 0.1342272 0.1233529 0.0960279 
S0558      0.1418167 0.1802803 0.1676607 0.1600647 0.1838506 0.1403171 0.1805939 0.2062579 0.2559213 0.1719166 0.1430519 0.1338581 0.1304181 0.2094406 0.0944488 0.1633902 0.1522608 0.1602608 0.1456588 0.1506744 0.0000000 0.1723990 0.1575882 0.1304181 0.2063036 0.1737977 0.0933295 0.1253192 0.1606815 0.2282741 0.1027524 0.1508602 0.1522608 0.1351263 0.1899020 0.1797691 0.1913370 0.1598724 0.1611488 0.1618368 0.1525736 0.1315341 0.1556774 0.1381516 0.2312828 0.2562030 0.1584733 0.1509122 0.1453252 0.2427929 0.1838704 0.2282534 0.1433386 0.1933521 0.1307549 0.2239380 0.1326617 0.1823164 0.1418693 0.2283459 0.1987806 0.1413352 0.1101848 0.1349624 0.1633020 0.0909457 0.1521926 0.1350962 0.1505380 0.1337263 0.1333091 0.1605618 0.1394484 0.1619614 0.2117163 0.2089813 0.1327799 0.1040604 0.1743308 0.2059145 0.1522938 0.1516368 0.1394071 0.1024935 0.1014212 0.1472649 0.1815356 0.1413835 0.0000010 0.2031596 0.1743308 0.1314936 0.1424661 
S0624      0.0985457 0.0489600 0.1507433 0.1232762 0.0505597 0.0973062 0.1330200 0.0572773 0.2758012 0.0418546 0.0989969 0.0901174 0.0970296 0.0661555 0.1171848 0.0348851 0.1453443 0.1064211 0.0943501 0.1503169 0.1723990 0.0000000 0.1050364 0.0970296 0.0652207 0.1083456 0.0929093 0.0914319 0.1257408 0.2260548 0.1066211 0.1150032 0.1453443 0.0924115 0.1809002 0.1412112 0.1534440 0.0946144 0.0735095 0.1074348 0.1521150 0.1321433 0.1743320 0.1424796 0.1701255 0.2536854 0.1475465 0.1452374 0.1368161 0.2404168 0.1377284 0.2260341 0.1529026 0.1834157 0.0972627 0.2217031 0.0893907 0.1427371 0.0983101 0.0653532 0.0430291 0.1064880 0.1420158 0.0912170 0.1256326 0.0873001 0.1159273 0.1003353 0.1160831 0.1166584 0.1067719 0.0494768 0.1051499 0.1453877 0.0748235 0.1516311 0.1180137 0.0740235 0.1632784 0.1633286 0.0346191 0.1155354 0.1136904 0.0892884 0.1329492 0.1682962 0.1703202 0.1088077 0.0000010 0.1548581 0.1632784 0.0905076 0.1075501 
S0641      0.0502477 0.0960957 0.1125774 0.0574071 0.1248776 0.1135790 0.0957122 0.1323190 0.2732335 0.1047675 0.0818674 0.0428470 0.0495103 0.1164498 0.1076782 0.0972992 0.1351238 0.0970153 0.0916287 0.1584104 0.1575882 0.1050364 0.0000000 0.0495103 0.1502708 0.1162271 0.0738767 0.0434459 0.1160610 0.1985758 0.0974940 0.0653613 0.1351238 0.0516747 0.1695023 0.1674556 0.1252971 0.1026293 0.1060229 0.1238344 0.1602998 0.1400830 0.1828278 0.1010603 0.1395769 0.2240153 0.1559199 0.1851946 0.1763771 0.2010900 0.1457194 0.1985546 0.1611295 0.1722901 0.0647472 0.1831976 0.0425198 0.0900351 0.1229666 0.1324996 0.1078390 0.0576431 0.1122407 0.1164222 0.0743263 0.0370590 0.0580053 0.1171504 0.0579055 0.1337501 0.1323847 0.1137889 0.0569332 0.1355110 0.1175558 0.1219459 0.0669783 0.0649464 0.1342212 0.1081040 0.1047438 0.0656350 0.0646224 0.0885816 0.1206747 0.1580576 0.1599349 0.1254130 0.0000010 0.1171912 0.1342212 0.0899340 0.1153707 
S0643      0.0205810 0.1126669 0.1111917 0.0204508 0.1059915 0.0890784 0.0371528 0.1238789 0.2468932 0.0967812 0.0573792 0.0000021 0.0000010 0.1256637 0.0735270 0.0893532 0.1158515 0.0719221 0.0753834 0.1211225 0.1304181 0.0970296 0.0495103 0.0000000 0.1240080 0.0977153 0.0663624 0.0000024 0.0977695 0.2307605 0.0645616 0.0135783 0.1158515 0.0069789 0.1480983 0.1469699 0.1065462 0.0841755 0.0881860 0.0969166 0.1225334 0.1041577 0.1428090 0.1007016 0.1372506 0.2580625 0.1174876 0.1446347 0.1362458 0.2337094 0.1436947 0.2307404 0.1231440 0.1698890 0.0273427 0.2153707 0.0000021 0.0498531 0.0881864 0.1419204 0.1168949 0.0067359 0.0882843 0.0913022 0.0208268 0.0143938 0.0277896 0.1089545 0.0206212 0.1079473 0.1068604 0.1056501 0.0202907 0.1245022 0.1268688 0.1199020 0.0138905 0.0570363 0.0982723 0.0504358 0.0727993 0.0136276 0.0134275 0.0490789 0.0963970 0.1208681 0.1307050 0.0818029 0.0000010 0.1152896 0.0982723 0.0649928 0.0807485 
S0645sl    0.1347363 0.0715855 0.1729382 0.1520738 0.0739412 0.1243568 0.1608275 0.0806293 0.3104090 0.0642629 0.1445413 0.1170528 0.1240080 0.0902891 0.1461177 0.0496211 0.1666038 0.1610431 0.1207858 0.1717601 0.2063036 0.0652207 0.1502708 0.1240080 0.0000000 0.1346612 0.1388898 0.1093619 0.1458952 0.2480391 0.1344705 0.1433380 0.1666038 0.1292743 0.2045831 0.1903218 0.1749588 0.1211453 0.0978169 0.1355335 0.1830195 0.1431564 0.1830541 0.1985051 0.2140502 0.2768810 0.1790418 0.1894350 0.1907651 0.2630540 0.1982187 0.2480196 0.1839952 0.2377129 0.1243142 0.2441303 0.1160726 0.1541958 0.1253343 0.0891764 0.0660899 0.1343049 0.1721404 0.1184328 0.1550228 0.1247895 0.1445422 0.1283656 0.1447255 0.1454565 0.1346564 0.0723516 0.1152495 0.1666588 0.0995782 0.1943702 0.1472295 0.1171242 0.1952058 0.1952763 0.0419136 0.1326211 0.1416803 0.1159085 0.1624929 0.1713653 0.2120674 0.1193224 0.0000010 0.1834793 0.1754962 0.1352168 0.1539561 
S0656sl    0.0992531 0.1058289 0.1519332 0.1241761 0.0824280 0.1171730 0.1532241 0.1169091 0.1955146 0.0899114 0.0997099 0.1001050 0.0977153 0.0991648 0.1180505 0.0824394 0.1279957 0.1153739 0.0522924 0.1342084 0.1737977 0.1083456 0.1162271 0.0977153 0.1346612 0.0000000 0.1020347 0.0924896 0.1089933 0.2130276 0.1073896 0.0968915 0.1279957 0.1116114 0.1621685 0.1517339 0.1360119 0.0137800 0.0494670 0.1257866 0.1445009 0.1246901 0.1665084 0.1436792 0.1706421 0.2396834 0.1486901 0.1686945 0.1598802 0.2268709 0.1385376 0.2130066 0.1452518 0.1620291 0.0815086 0.2084661 0.0992777 0.1438088 0.1159807 0.1349494 0.1098408 0.1072547 0.1430762 0.1109983 0.1074644 0.0879561 0.1167747 0.1394913 0.1253213 0.1381103 0.1366585 0.0987426 0.1058980 0.1370340 0.1000937 0.1520715 0.1188928 0.0745415 0.1645393 0.1428340 0.0982962 0.1163781 0.1145067 0.0736890 0.1339333 0.1607138 0.1626520 0.1274135 0.0000010 0.0988235 0.1645393 0.1081523 0.1083319 
S0689      0.0673901 0.1090645 0.1324515 0.0913180 0.1021283 0.1101095 0.1064302 0.1205662 0.2098278 0.0926625 0.0759478 0.0679533 0.0663624 0.1223712 0.0592322 0.0849741 0.1097743 0.0748830 0.0773394 0.1176676 0.0933295 0.0929093 0.0738767 0.0663624 0.1388898 0.1020347 0.0000000 0.0689535 0.0915850 0.2149617 0.0505491 0.0833206 0.1097743 0.0781499 0.1421470 0.1263515 0.1176243 0.0879998 0.0838192 0.1099865 0.1190879 0.1001915 0.1399533 0.0844826 0.1312097 0.2419251 0.1137841 0.1295979 0.1331294 0.2289661 0.1197999 0.2149410 0.1105424 0.1679294 0.0665213 0.1992414 0.0674049 0.1004236 0.1004502 0.1391951 0.1133130 0.0751469 0.0902352 0.1041386 0.0930847 0.0376802 0.0839723 0.1230119 0.0921501 0.1218073 0.1028910 0.1017877 0.0741953 0.1185094 0.1317059 0.1136599 0.0854716 0.0511355 0.1288780 0.1290337 0.0926428 0.0836911 0.0823556 0.0656153 0.0985382 0.1348606 0.1367055 0.1005195 0.0000010 0.1184468 0.1288780 0.0841291 0.0927984 
S0690      0.0213312 0.0987545 0.1158438 0.0211914 0.0916567 0.0743340 0.0222675 0.1092270 0.2452184 0.0824601 0.0595603 0.0000027 0.0000024 0.1108379 0.0676397 0.0749764 0.1205621 0.0746613 0.0695712 0.1075810 0.1253192 0.0914319 0.0434459 0.0000024 0.1093619 0.0924896 0.0689535 0.0000000 0.1016498 0.2176917 0.0670146 0.0140681 0.1205621 0.0000027 0.1544791 0.1425050 0.1108217 0.0785023 0.0828373 0.1007350 0.1175433 0.0988896 0.1381333 0.0954630 0.1336001 0.2451280 0.1223428 0.1399504 0.1313630 0.2205540 0.1497120 0.2176703 0.1181432 0.1770937 0.0283351 0.2017938 0.0000027 0.0517368 0.0916125 0.1271950 0.1020943 0.0000024 0.0747243 0.0762150 0.0141246 0.0149454 0.0288152 0.1033927 0.0211878 0.1024189 0.0917694 0.0912072 0.0210195 0.1205621 0.1119138 0.1156991 0.0070034 0.0591943 0.1021982 0.0523639 0.0586117 0.0141211 0.0139064 0.0509040 0.0828631 0.1084273 0.1258846 0.0850203 0.0000010 0.1104062 0.1021982 0.0590230 0.0838848 
S0720      0.0992116 0.1423498 0.0664792 0.1241947 0.1176210 0.1172031 0.1435935 0.1550104 0.2492197 0.1254092 0.0998055 0.1001578 0.0977695 0.1383632 0.1180795 0.1176088 0.0273888 0.1154599 0.0949429 0.1424061 0.1606815 0.1257408 0.1160610 0.0977695 0.1458952 0.1089933 0.0915850 0.1016498 0.0000000 0.2371411 0.1074331 0.1158696 0.0273888 0.1030156 0.0509092 0.1697945 0.0202485 0.0952105 0.0989110 0.1347065 0.1441144 0.1243849 0.1660202 0.1539664 0.0900231 0.2653830 0.1183587 0.1551910 0.1594143 0.2518330 0.0494847 0.2371210 0.1448605 0.1554413 0.0815759 0.2330100 0.0993311 0.1256818 0.0906319 0.1744478 0.1478676 0.1072984 0.1341352 0.1113942 0.1265805 0.0966626 0.1082332 0.1303105 0.1253372 0.1290382 0.1276908 0.1351088 0.1059429 0.0344889 0.1397315 0.0742453 0.1189207 0.0744982 0.1364438 0.1455750 0.1168878 0.1164093 0.1145402 0.0647761 0.1251455 0.1602645 0.1713804 0.1075768 0.0000010 0.1166225 0.1364438 0.1082439 0.1170092 
S0735      0.2349245 0.1889725 0.2595268 0.2436815 0.2024586 0.2475866 0.3028604 0.2368719 0.2865757 0.2007734 0.2138722 0.2263865 0.2307605 0.1851071 0.2611331 0.1921038 0.2281328 0.2107241 0.1838337 0.2562061 0.2282741 0.2260548 0.1985758 0.2307605 0.2480391 0.2130276 0.2149617 0.2176917 0.2371411 0.0000000 0.2565486 0.2557324 0.2281328 0.2335785 0.2738994 0.2779562 0.2596390 0.1996900 0.1992481 0.2354039 0.2465636 0.2548735 0.2738151 0.2041710 0.2597652 0.0137032 0.2560574 0.3307642 0.2945922 0.0067687 0.2419686 0.0000021 0.2835535 0.2556320 0.2098748 0.0000027 0.2241971 0.2414432 0.2004337 0.2486336 0.1929882 0.2445678 0.2083731 0.2314656 0.2719305 0.2035763 0.2465426 0.2213136 0.2357944 0.2302718 0.2508196 0.1686768 0.2194522 0.2168582 0.1870671 0.2361687 0.2491711 0.1469886 0.2351392 0.2954818 0.2006982 0.2346352 0.2525947 0.1903609 0.1964435 0.2550799 0.2929420 0.2504605 0.0000010 0.2043105 0.2351392 0.2245491 0.2248879 
S0742      0.0732736 0.1226232 0.1307125 0.0888000 0.1158925 0.0984555 0.1133235 0.1343449 0.2612129 0.1063447 0.0981376 0.0660689 0.0645616 0.1362984 0.0351007 0.0987727 0.1261134 0.1135480 0.0935047 0.1141403 0.1027524 0.1066211 0.0974940 0.0645616 0.1344705 0.1073896 0.0505491 0.0670146 0.1074331 0.2565486 0.0000000 0.0810246 0.1261134 0.0759233 0.1596345 0.1399509 0.1340092 0.0937639 0.0974726 0.1237547 0.1154810 0.0972172 0.1356035 0.1198214 0.1676789 0.2856533 0.1102519 0.1280469 0.1197247 0.2717106 0.1548255 0.2565299 0.1071977 0.1623876 0.0647123 0.2410270 0.0655496 0.1065645 0.0974622 0.1529015 0.1272878 0.0730820 0.1060580 0.1009445 0.0904756 0.0292804 0.0816409 0.1191770 0.0895883 0.1180468 0.0997671 0.1155124 0.0721791 0.1350034 0.1376288 0.1494497 0.0748194 0.0733977 0.1340146 0.1169715 0.0981730 0.0813746 0.0644800 0.0726934 0.1145375 0.1308019 0.1412243 0.1080286 0.0000010 0.1534279 0.1340146 0.1064341 0.1066082 
S0756      0.0352204 0.1311679 0.1306370 0.0206558 0.1244549 0.1067288 0.0534724 0.1251671 0.2721237 0.1147047 0.0736528 0.0138782 0.0135783 0.1245871 0.0906287 0.1070817 0.1348880 0.0886213 0.0929891 0.1399578 0.1508602 0.1150032 0.0653613 0.0135783 0.1433380 0.0968915 0.0833206 0.0140681 0.1158696 0.2557324 0.0810246 0.0000000 0.1348880 0.0215115 0.1691754 0.1668691 0.1250847 0.0834440 0.0890833 0.1148663 0.1416127 0.1222537 0.1630836 0.1210417 0.1576763 0.2847149 0.1368786 0.1651877 0.1565533 0.2590506 0.1640695 0.2557137 0.1423347 0.1684452 0.0421023 0.2402487 0.0137757 0.0658301 0.1056556 0.1620377 0.1361669 0.0207443 0.1057773 0.1094288 0.0356460 0.0296024 0.0428053 0.1279887 0.0352912 0.1267606 0.1254572 0.1240444 0.0347116 0.1438984 0.1257726 0.1397038 0.0285378 0.0732243 0.1165057 0.0500091 0.0897247 0.0279843 0.0275644 0.0647860 0.1142313 0.1396535 0.1500770 0.0993138 0.0000010 0.1342581 0.1165057 0.0815791 0.0980140 
S0760      0.1175997 0.1440647 0.0582138 0.1435358 0.1369804 0.1186206 0.1651051 0.1761212 0.2302974 0.1449558 0.1182979 0.1187533 0.1158515 0.1589641 0.1281915 0.1369490 0.0000010 0.1344150 0.1138848 0.1441206 0.1522608 0.1453443 0.1351238 0.1158515 0.1666038 0.1279957 0.1097743 0.1205621 0.0273888 0.2281328 0.1261134 0.1348880 0.0000000 0.1311882 0.0209663 0.1718465 0.0491902 0.1142237 0.1172430 0.1363397 0.1458668 0.1258763 0.1487136 0.1559925 0.0732796 0.2560642 0.1198062 0.1571009 0.1614219 0.2426521 0.0203914 0.2281121 0.1466301 0.1573569 0.0990010 0.2237926 0.1177465 0.1452855 0.0917162 0.1963982 0.1689206 0.1259565 0.1177965 0.1127706 0.1463238 0.1067050 0.1270843 0.1221694 0.1448840 0.1209822 0.1292548 0.1551749 0.1243438 0.0066341 0.1605716 0.0658250 0.1385334 0.0753904 0.1381169 0.1662589 0.1361048 0.1355409 0.1333249 0.0812764 0.1089889 0.1435528 0.1734675 0.1088689 0.0000010 0.1156075 0.1381169 0.1270922 0.1184244 
S0763      0.0289978 0.1178109 0.1266858 0.0288048 0.1105773 0.0744279 0.0147343 0.1291426 0.2730569 0.1007445 0.0683260 0.0070314 0.0069789 0.1310725 0.0759510 0.0930140 0.1311882 0.0749026 0.0880027 0.1263396 0.1351263 0.0924115 0.0516747 0.0069789 0.1292743 0.1116114 0.0781499 0.0000027 0.1030156 0.2335785 0.0759233 0.0215115 0.1311882 0.0000000 0.1664485 0.1440272 0.1123188 0.0975255 0.1012222 0.1106454 0.1278695 0.1085864 0.1492198 0.1058036 0.1448706 0.2624167 0.1331829 0.1415030 0.1328274 0.2367119 0.1513758 0.2335579 0.1285336 0.1893253 0.0361050 0.2174369 0.0069789 0.0602978 0.0925949 0.1480395 0.1218953 0.0069789 0.0911888 0.0763131 0.0216004 0.0228821 0.0367263 0.1136112 0.0213797 0.1125140 0.0918832 0.1100327 0.0285665 0.1311882 0.1323828 0.1265285 0.0070661 0.0679096 0.1122780 0.0610381 0.0757207 0.0215952 0.0212615 0.0593112 0.0995900 0.1361836 0.1364117 0.0946079 0.0000010 0.1305473 0.1122780 0.0671005 0.0933271 
S0765      0.1504583 0.1792699 0.0851963 0.1785676 0.1719591 0.1517434 0.1651051 0.2129750 0.2748399 0.1803973 0.1513523 0.1520335 0.1480983 0.1947715 0.1623743 0.1718813 0.0209663 0.1685765 0.1138848 0.1793007 0.1899020 0.1809002 0.1695023 0.1480983 0.2045831 0.1621685 0.1421470 0.1544791 0.0509092 0.2738994 0.1596345 0.1691754 0.0209663 0.1664485 0.0000000 0.2095336 0.0746826 0.1142237 0.1499954 0.1711079 0.1815672 0.1593405 0.1852900 0.1973542 0.1013737 0.2737903 0.1198062 0.1942365 0.1998543 0.2903953 0.0278386 0.2738816 0.1825693 0.1945678 0.1297752 0.2703842 0.1506623 0.1808473 0.1221404 0.2372057 0.2056269 0.1594351 0.1507025 0.1461174 0.1821617 0.1306402 0.1609531 0.1339906 0.1803327 0.1549466 0.1637617 0.1917599 0.1573118 0.0281647 0.1968334 0.0934348 0.1740346 0.1044389 0.1734571 0.2041979 0.1707955 0.1700621 0.1671473 0.1100743 0.1410657 0.1785539 0.2116077 0.1409215 9.0000000 0.1478268 0.1734571 0.1609518 0.1515423 
S0771      0.1405757 0.1399937 0.1691156 0.1757386 0.1400629 0.1325655 0.1764087 0.1710510 0.2395727 0.1588798 0.1319374 0.1404014 0.1469699 0.1930115 0.1515520 0.1509540 0.1718465 0.1394388 0.1468497 0.0781412 0.1797691 0.1412112 0.1674556 0.1469699 0.1903218 0.1517339 0.1263515 0.1425050 0.1697945 0.2779562 0.1399509 0.1668691 0.1718465 0.1440272 0.2095336 0.0000000 0.1994655 0.1384358 0.1404771 0.1041538 0.0790186 0.0339279 0.0966214 0.1407106 0.2182050 0.3082154 0.1458603 0.0657581 0.0582293 0.2937403 0.1641969 0.2779392 0.0640115 0.1623261 0.1473301 0.2625354 0.1392235 0.1781656 0.1138947 0.2005120 0.1727563 0.1460839 0.1584272 0.1357030 0.1488886 0.1307121 0.1587334 0.1368504 0.1773827 0.1537766 0.1341225 0.1691763 0.1380264 0.1814008 0.1949621 0.2094054 0.1590866 0.0892128 0.1518859 0.2202441 0.1683801 0.1676952 0.1649726 0.1304777 0.1491879 0.1483318 0.0635596 0.1312059 0.0000010 0.1624463 0.1338469 0.1407159 0.0955138 
S0795      0.1081342 0.1706959 0.0828574 0.1335593 0.1450594 0.1444789 0.1539872 0.1845529 0.2839598 0.1530355 0.1087784 0.1091789 0.1065462 0.1673482 0.1456026 0.1450189 0.0491902 0.1246447 0.1220220 0.1707332 0.1913370 0.1534440 0.1252971 0.1065462 0.1749588 0.1360119 0.1176243 0.1108217 0.0202485 0.2596390 0.1340092 0.1250847 0.0491902 0.1123188 0.0746826 0.1994655 0.0000000 0.1223894 0.1250802 0.1628795 0.1537265 0.1517673 0.1963303 0.1544805 0.1155835 0.2892109 0.1460113 0.1847453 0.1898625 0.2630525 0.0725692 0.2596204 0.1737195 0.1850478 0.0900485 0.2559608 0.1082665 0.1351715 0.1163659 0.2049795 0.1773964 0.1163457 0.1621735 0.1389804 0.1361371 0.1060568 0.1173723 0.1591156 0.1347997 0.1574956 0.1558169 0.1633739 0.1148674 0.0566344 0.1690395 0.0991557 0.1192726 0.0995006 0.1462605 0.1555721 0.1441317 0.1256780 0.1236437 0.0886738 0.1343561 0.1703428 0.1817732 0.1342209 0.0000010 0.1438126 0.1462605 0.1173819 0.1442834 
S0827      0.0855270 0.0923595 0.1379230 0.1107016 0.0686532 0.1035021 0.1333640 0.1023670 0.2063030 0.0762772 0.0859444 0.0862731 0.0841755 0.0847444 0.1042864 0.0686701 0.1142237 0.1018575 0.0444217 0.1207241 0.1598724 0.0946144 0.1026293 0.0841755 0.1211453 0.0137800 0.0879998 0.0785023 0.0952105 0.1996900 0.0937639 0.0834440 0.1142237 0.0975255 0.1142237 0.1384358 0.1223894 0.0000000 0.0359173 0.1121804 0.1309983 0.1111838 0.1529778 0.1285294 0.1569015 0.2203713 0.1294571 0.1550514 0.1460669 0.2135730 0.1142237 0.1996680 0.1316942 0.1487374 0.0678676 0.1947238 0.0855478 0.1303355 0.1024117 0.1214113 0.0951360 0.0936410 0.1296636 0.1062453 0.0938348 0.0647426 0.1031198 0.1225160 0.1117448 0.1243272 0.1229901 0.0850852 0.0924240 0.1233419 0.0855489 0.1380512 0.1050305 0.0606877 0.1511070 0.1294180 0.0846925 0.1027624 0.1010708 0.0599840 0.1204583 0.1475215 0.1493387 0.1136726 0.0000010 0.0851707 0.1511070 0.0944436 0.0946050 
S0899      0.0895457 0.0718523 0.1400917 0.0969692 0.0498582 0.0902561 0.1412423 0.0655231 0.2044809 0.0569895 0.0899603 0.0902957 0.0881860 0.0825998 0.1076620 0.0498769 0.1172430 0.1052580 0.0516592 0.1234486 0.1611488 0.0735095 0.1060229 0.0881860 0.0978169 0.0494670 0.0838192 0.0828373 0.0989110 0.1992481 0.0974726 0.0890833 0.1172430 0.1012222 0.1499954 0.1404771 0.1250802 0.0359173 0.0000000 0.1152377 0.1333493 0.1142546 0.1544920 0.1312629 0.1582817 0.2248006 0.1191296 0.1564958 0.1478876 0.2125048 0.1273731 0.1992271 0.1251561 0.1723387 0.0724496 0.1944936 0.0895668 0.1327059 0.1058059 0.0980197 0.0744975 0.0973506 0.1320483 0.1095935 0.0975422 0.0780505 0.1065108 0.1282101 0.1148116 0.1094295 0.1256669 0.0649696 0.0961376 0.1260104 0.0917422 0.1402164 0.1084025 0.0502403 0.1526838 0.1527274 0.0646885 0.1061556 0.1044785 0.0648442 0.1231903 0.1492070 0.1509704 0.1167048 0.0000010 0.1071514 0.1526838 0.0981509 0.0983115 
S0906      0.1071169 0.0816562 0.1416537 0.1143504 0.1081498 0.0894700 0.1518158 0.1261088 0.2426367 0.1245367 0.0988795 0.0992668 0.0969166 0.1465505 0.1349019 0.1081454 0.1363397 0.1144096 0.1118535 0.1125280 0.1618368 0.1074348 0.1238344 0.0969166 0.1355335 0.1257866 0.1099865 0.1007350 0.1347065 0.2354039 0.1237547 0.1148663 0.1363397 0.1106454 0.1711079 0.1041538 0.1628795 0.1121804 0.1152377 0.0000000 0.1138340 0.0799072 0.1336379 0.1031279 0.1796013 0.2634374 0.1289712 0.1446880 0.1270417 0.2499855 0.1470494 0.2353838 0.0976693 0.1453441 0.1139752 0.2312551 0.0984533 0.1611207 0.0726057 0.1333772 0.1191288 0.1063620 0.1241912 0.0831547 0.1167200 0.0861129 0.1231640 0.0756847 0.1153888 0.1000694 0.0985847 0.1341735 0.1220428 0.1454582 0.1479999 0.1709391 0.1178695 0.0582668 0.1236606 0.1631245 0.1158685 0.1153971 0.1135563 0.0977821 0.1154138 0.1498011 0.1135637 0.0202657 0.0000010 0.1447469 0.1236606 0.0904010 0.0417992 
S0956      0.1331109 0.1507939 0.1516974 0.1502430 0.1418805 0.1254232 0.1689306 0.1829404 0.3000008 0.1517127 0.1248187 0.1158183 0.1225334 0.1856188 0.1263689 0.1437560 0.1458668 0.1320269 0.1394381 0.0273415 0.1525736 0.1521150 0.1602998 0.1225334 0.1830195 0.1445009 0.1190879 0.1175433 0.1441144 0.2465636 0.1154810 0.1416127 0.1458668 0.1278695 0.1815672 0.0790186 0.1537265 0.1309983 0.1333493 0.1138340 0.0000000 0.0561416 0.0428843 0.1431779 0.2106649 0.2752552 0.1203324 0.0827447 0.0583994 0.2614990 0.1760073 0.2465441 0.0650011 0.1739941 0.1228327 0.2398140 0.1148584 0.1709462 0.1068456 0.2031897 0.1758278 0.1218030 0.1333264 0.1106994 0.1329361 0.1139204 0.1427893 0.1294973 0.1516433 0.1282401 0.1093967 0.1619565 0.1310095 0.1551403 0.1875056 0.2018168 0.1248139 0.0821893 0.1358436 0.1928540 0.1428819 0.1422966 0.1399906 0.1063964 0.1070397 0.1412425 0.0642628 0.1069796 0.0000010 0.1842166 0.1358436 0.1248129 0.0971362 
S0959      0.1057784 0.1138603 0.1402309 0.1305398 0.1139342 0.0900245 0.1474675 0.1430365 0.2288920 0.1317993 0.1060726 0.0974729 0.1041577 0.1637198 0.1073643 0.1240674 0.1258763 0.1215702 0.1193529 0.0555237 0.1315341 0.1321433 0.1400830 0.1041577 0.1431564 0.1246901 0.1001915 0.0988896 0.1243849 0.2548735 0.0972172 0.1222537 0.1258763 0.1085864 0.1593405 0.0339279 0.1517673 0.1111838 0.1142546 0.0799072 0.0561416 0.0000000 0.0725813 0.1113031 0.1872868 0.2837682 0.1012028 0.0504062 0.0430357 0.2699251 0.1545453 0.2548547 0.0273925 0.1527779 0.1044066 0.2511478 0.0966880 0.1323081 0.0889658 0.1711782 0.1543410 0.1035544 0.1142465 0.0921340 0.1055204 0.0946726 0.1232355 0.0928307 0.1317291 0.1089338 0.0910624 0.1414972 0.0958899 0.1347535 0.1653432 0.1786674 0.1146682 0.0653164 0.1338843 0.1708590 0.1233187 0.1228206 0.1208706 0.0885961 0.1057088 0.1219433 0.0633890 0.0890650 0.0000010 0.1531512 0.1163547 0.1144598 0.0798610 
