123
PAFTOL_019361 0.0000000 0.2097226 0.1936231 0.1856808 0.1812980 0.1755366 0.1758423 0.1826112 0.1408267 0.1942533 0.2245570 0.1735865 0.1556422 0.1735865 0.1735865 0.1479142 0.2089931 0.1952276 0.1746624 0.1551639 0.1754528 0.2694373 0.1918335 0.1949717 0.2272117 0.1940116 0.2207196 0.1497564 0.1929526 0.1711936 0.1940116 0.1965711 0.1970233 0.1826112 0.1810239 0.1962565 0.2135294 0.1800358 0.1997297 0.2183526 0.2303735 0.2095719 0.1799081 0.1840282 0.1730245 0.2031761 0.1638086 0.2031260 0.2030867 0.1886361 0.2194618 0.2282044 0.1794733 0.1837908 0.1751750 0.1558984 0.1645958 0.1954772 0.0000010 0.1942498 0.1909402 0.1955954 0.2003165 0.2531762 0.1997317 0.1798679 0.1910627 0.1842528 0.2272304 0.1755628 0.1763160 0.1909351 0.2111386 0.1753190 0.2222110 0.1889883 0.1817001 0.2166996 0.1735865 0.1957990 0.2049369 0.1682649 0.1946357 0.1551154 0.1935725 0.1673678 0.2232445 0.1826549 0.0000010 0.1660480 0.1709320 0.1707999 0.1851938 0.1925387 0.1984833 0.1474008 0.1903711 0.2011915 0.1817001 0.1936231 0.2188100 0.2038237 0.2059545 0.1658744 0.2037734 0.1648715 0.1515116 0.1817001 0.1861744 0.1659553 0.1774323 0.1943246 0.1851268 0.1721936 0.1742460 0.2024917 0.1647983 0.1908195 0.1719212 0.1842528 0.1659772 0.2179221 0.1551287 
S0055         0.2097226 0.0000000 0.0535570 0.0686676 0.0716173 0.0550986 0.1064120 0.0719439 0.0871641 0.0682945 0.0933991 0.0747213 0.1142572 0.0640706 0.0619017 0.0744179 0.1244434 0.0539003 0.0509423 0.0586887 0.0775386 0.1024880 0.0708508 0.0654594 0.0782868 0.0594589 0.0667579 0.0928585 0.0607521 0.1032829 0.0572697 0.0647851 0.0699109 0.0724923 0.0659182 0.0666956 0.0672414 0.0645000 0.1132450 0.1347987 0.0732692 0.1100634 0.0585317 0.0525414 0.1104466 0.0593758 0.0649223 0.0637411 0.0675696 0.0731388 0.1129147 0.0678719 0.0765804 0.0693048 0.0891496 0.1039738 0.0923541 0.1156247 0.0868455 0.0556643 0.1138596 0.1146091 0.0990634 0.1306175 0.1030494 0.0965857 0.1304263 0.0655298 0.1150752 0.0998959 0.0877394 0.1088074 0.0606693 0.0944248 0.1101996 0.0520689 0.0602793 0.0824488 0.0725202 0.0692288 0.0716858 0.0703872 0.0827520 0.0649965 0.1120705 0.0590491 0.1151804 0.0700415 0.0988326 0.0530313 0.0406507 0.0388628 0.1053732 0.0899252 0.0629353 0.0935582 0.0905718 0.0681164 0.0544143 0.0613542 0.0710082 0.0537102 0.0661834 0.0528770 0.0559295 0.0977508 0.0714561 0.0564614 0.0705237 0.0608610 0.0824319 0.0601931 0.0587870 0.1013114 0.0738649 0.0641436 0.0765988 0.0703342 0.0850834 0.0615002 0.0720486 0.0760428 0.0730647 
S0196sl       0.1936231 0.0535570 0.0000000 0.0686996 0.0537646 0.0450384 0.0880826 0.0647006 0.0682935 0.0586898 0.1017428 0.0675681 0.1015520 0.0558439 0.0556379 0.0620753 0.0956626 0.0491194 0.0476829 0.0535643 0.0673235 0.0738399 0.0753449 0.0048492 0.0782349 0.0619323 0.0659779 0.0679719 0.0533612 0.0923160 0.0702775 0.0508900 0.0777391 0.0740131 0.0620096 0.0652479 0.0545934 0.0255179 0.0807428 0.1058438 0.0590879 0.0975145 0.0587115 0.0533921 0.0863932 0.0048379 0.0595814 0.0048378 0.0072878 0.0336625 0.1007580 0.0671262 0.0652181 0.0527306 0.0787972 0.0836533 0.0777855 0.0911119 0.0971100 0.0250973 0.0867401 0.0898276 0.0725295 0.1259162 0.0861444 0.0821579 0.0950065 0.0048376 0.0907859 0.0655285 0.0593125 0.0908376 0.0532922 0.0807230 0.0840640 0.0483605 0.0622868 0.0861471 0.0647357 0.0627688 0.0658554 0.0562144 0.0676446 0.0396808 0.0946258 0.0601806 0.1043025 0.0648267 0.0854108 0.0450567 0.0396976 0.0631794 0.0813695 0.0770670 0.0629347 0.0613313 0.0719688 0.0648863 0.0504963 0.0024085 0.0718658 0.0277277 0.0646688 0.0508818 0.0277269 0.0814467 0.0483747 0.0506238 0.0678663 0.0627700 0.0771081 0.0568332 0.0496608 0.0645348 0.0650697 0.0620371 0.0530175 0.0538200 0.0588099 0.0384083 0.0527380 0.0744649 0.0439709 
S0278         0.1856808 0.0686676 0.0686996 0.0000000 0.0702703 0.0577834 0.0955194 0.0252880 0.0608982 0.0695119 0.1058708 0.0199697 0.0853138 0.0147794 0.0199201 0.0603355 0.1080667 0.0648222 0.0618976 0.0750149 0.0364896 0.1129384 0.0237873 0.0590448 0.0836206 0.0390907 0.0312592 0.0774208 0.0836395 0.0853109 0.0216775 0.0823652 0.0874360 0.0269054 0.0306187 0.0423450 0.0695019 0.0557050 0.0971759 0.1038877 0.0955648 0.1018045 0.0405453 0.0682820 0.0925145 0.0569920 0.0741474 0.0612503 0.0591342 0.0659366 0.0912802 0.0452270 0.0361984 0.0665595 0.0708655 0.0797899 0.0613053 0.0864073 0.1113986 0.0577218 0.0875943 0.0804294 0.0814132 0.1042508 0.0649580 0.0655325 0.1090825 0.0591062 0.0839195 0.0787791 0.0732855 0.0873107 0.0644925 0.0681588 0.0816560 0.0610864 0.0766298 0.0716984 0.0236831 0.0427317 0.0466773 0.0325815 0.0214737 0.0511152 0.1015750 0.0754958 0.0934549 0.0558437 0.0693444 0.0599063 0.0597559 0.0557601 0.0809459 0.0865323 0.0292707 0.0614318 0.0644209 0.0236070 0.0723443 0.0550457 0.0274281 0.0597070 0.0460501 0.0664368 0.0619582 0.0702697 0.0528069 0.0639534 0.0183824 0.0709051 0.0437507 0.0730251 0.0659089 0.0884316 0.0639097 0.0423201 0.0581869 0.0759568 0.0661727 0.0494008 0.0601655 0.0728931 0.0642582 
S0281         0.1812980 0.0716173 0.0537646 0.0702703 0.0000000 0.0704039 0.1091442 0.0719025 0.0805839 0.0864275 0.1195070 0.0763084 0.1101824 0.0616524 0.0635000 0.0768731 0.1166846 0.0744491 0.0699290 0.0770782 0.1013147 0.1044944 0.0728603 0.0513372 0.0808355 0.0849345 0.0687487 0.0843262 0.0864125 0.1131007 0.0691299 0.0858212 0.0917296 0.0761610 0.0719786 0.0722640 0.0610309 0.0475945 0.0987653 0.1254171 0.0945915 0.1146386 0.0670660 0.0723124 0.1019425 0.0493404 0.0872072 0.0534648 0.0533332 0.0555820 0.1104614 0.0739496 0.0744126 0.0720882 0.0897415 0.0932111 0.0788074 0.1045949 0.1043275 0.0478305 0.1125593 0.0960867 0.1060699 0.1153442 0.0888416 0.0825562 0.1211612 0.0475633 0.1158358 0.0926113 0.0891614 0.0995281 0.0808138 0.0877964 0.1110041 0.0692432 0.0850490 0.0888530 0.0766720 0.0729488 0.0773532 0.0703178 0.0759098 0.0625266 0.1099734 0.0817968 0.1148501 0.0761374 0.0861810 0.0697619 0.0683177 0.0641253 0.1029424 0.1162005 0.0690417 0.0827349 0.0928432 0.0677131 0.0784693 0.0474372 0.0744922 0.0497503 0.0717103 0.0746793 0.0518900 0.0926596 0.0718494 0.0659102 0.0701030 0.0772944 0.0844695 0.0718747 0.0654416 0.1194524 0.0847475 0.0696550 0.0747764 0.0773429 0.0898276 0.0533080 0.0732748 0.0764415 0.0676855 
S0282         0.1755366 0.0550986 0.0450384 0.0577834 0.0704039 0.0000000 0.0876630 0.0660888 0.0597615 0.0214839 0.0774031 0.0595044 0.0840532 0.0558913 0.0539262 0.0626784 0.0962342 0.0586251 0.0097427 0.0217176 0.0684933 0.0844039 0.0605667 0.0458902 0.0662213 0.0566009 0.0545902 0.0827552 0.0637506 0.0833231 0.0614173 0.0345565 0.0331321 0.0707263 0.0553729 0.0711223 0.0469384 0.0546460 0.0895722 0.1250319 0.0580353 0.0943597 0.0465894 0.0181965 0.0978460 0.0476890 0.0251154 0.0518050 0.0516774 0.0629613 0.0883452 0.0677708 0.0615638 0.0539232 0.0623304 0.0939137 0.0816254 0.1053849 0.0750601 0.0462237 0.1001200 0.0992856 0.0729524 0.1124636 0.1000449 0.0977662 0.1156928 0.0497331 0.1082186 0.0979445 0.0712023 0.0844260 0.0476321 0.0784366 0.1034108 0.0099283 0.0359189 0.0786957 0.0581955 0.0650356 0.0653967 0.0556717 0.0713694 0.0445507 0.0874606 0.0201468 0.0904851 0.0649888 0.0733359 0.0131356 0.0083285 0.0388699 0.0956730 0.0779229 0.0522156 0.0667108 0.0762075 0.0599785 0.0269370 0.0457859 0.0667968 0.0481475 0.0664976 0.0117996 0.0502857 0.0741338 0.0575185 0.0252503 0.0646798 0.0218393 0.0698759 0.0235578 0.0380087 0.0921183 0.0688805 0.0621292 0.0707870 0.0626875 0.0832916 0.0477995 0.0582817 0.0600527 0.0517173 
S0288         0.1758423 0.1064120 0.0880826 0.0955194 0.1091442 0.0876630 0.0000000 0.0966038 0.0904815 0.1066426 0.1401359 0.0897113 0.0551421 0.0851173 0.0821219 0.0960625 0.0108396 0.1087688 0.0846190 0.1022625 0.0990828 0.1465517 0.0847893 0.0770356 0.1272996 0.0903753 0.0831797 0.1109733 0.1245050 0.0572834 0.0907865 0.1004457 0.1008195 0.1022428 0.0841073 0.0930857 0.1120189 0.0802462 0.0081064 0.1626925 0.1110334 0.0050901 0.0725426 0.0945794 0.1307482 0.0767185 0.1019518 0.0817996 0.0838224 0.0853053 0.0677065 0.0879801 0.0890495 0.0987416 0.0229040 0.1289244 0.1116280 0.1319477 0.1373687 0.0902173 0.1387805 0.1138604 0.0739368 0.0769948 0.1181551 0.1187709 0.1579814 0.0815428 0.1372879 0.1256463 0.1097252 0.0591658 0.1221680 0.0987343 0.1310721 0.0892024 0.0997110 0.1092256 0.0801039 0.0889159 0.0891490 0.0843522 0.1088438 0.0457873 0.0050795 0.0983864 0.0629812 0.0939877 0.0875601 0.0898648 0.0805563 0.0929853 0.1296972 0.1282211 0.0808241 0.1042438 0.0959059 0.0946419 0.0982170 0.0768415 0.0902982 0.0900689 0.0879586 0.0829829 0.0953809 0.0987780 0.0920149 0.1000666 0.0905107 0.1004888 0.0934309 0.0992350 0.0830830 0.1311304 0.0983290 0.0828640 0.1029881 0.1103942 0.0940083 0.0886623 0.0933234 0.1219527 0.1008373 
S0289         0.1826112 0.0719439 0.0647006 0.0252880 0.0719025 0.0660888 0.0966038 0.0000000 0.0711792 0.0715472 0.1094681 0.0305531 0.0958272 0.0233206 0.0249908 0.0680367 0.1177130 0.0717347 0.0656471 0.0788825 0.0414697 0.1176494 0.0289909 0.0626343 0.0873612 0.0304420 0.0347545 0.0764508 0.0893800 0.0842109 0.0267769 0.0877679 0.0914420 0.0358224 0.0435385 0.0478011 0.0755289 0.0632502 0.1066564 0.1206173 0.0987919 0.1050533 0.0437530 0.0720852 0.0913252 0.0625292 0.0805558 0.0668603 0.0666911 0.0736697 0.0905006 0.0508302 0.0494221 0.0682500 0.0741424 0.0788073 0.0652067 0.0853264 0.1205933 0.0633329 0.1010600 0.0862848 0.0802447 0.1074346 0.0666173 0.0713741 0.1172990 0.0646794 0.0996150 0.0851372 0.0812533 0.0905885 0.0653832 0.0805981 0.0972516 0.0648967 0.0804830 0.0823524 0.0324509 0.0482381 0.0522414 0.0437680 0.0375912 0.0536972 0.1048183 0.0793872 0.0903051 0.0658097 0.0856497 0.0654903 0.0659574 0.0637214 0.0916888 0.0923428 0.0348942 0.0715011 0.0747202 0.0287699 0.0761683 0.0605627 0.0363446 0.0653388 0.0515374 0.0703491 0.0676348 0.0764716 0.0584379 0.0677159 0.0269930 0.0747518 0.0549035 0.0762211 0.0691617 0.0959915 0.0716133 0.0477744 0.0598352 0.0755393 0.0706029 0.0510301 0.0678455 0.0786604 0.0679494 
S0292         0.1408267 0.0871641 0.0682935 0.0608982 0.0805839 0.0597615 0.0904815 0.0711792 0.0000000 0.0692129 0.1120916 0.0668801 0.0807059 0.0582613 0.0561477 0.0403318 0.0863792 0.0725076 0.0616634 0.0744579 0.0787042 0.1291314 0.0569653 0.0597119 0.0895769 0.0688730 0.0611074 0.0554920 0.0898924 0.0881058 0.0707831 0.0790514 0.0899327 0.0667181 0.0604204 0.0669149 0.0710441 0.0688171 0.0758247 0.1276728 0.0874564 0.0959958 0.0556019 0.0675405 0.0713996 0.0615632 0.0721589 0.0659433 0.0657742 0.0733366 0.0879633 0.0680624 0.0668431 0.0559805 0.0660470 0.0686963 0.0611163 0.0814063 0.1187211 0.0525529 0.1063077 0.0870600 0.0616165 0.1198114 0.0697995 0.0697973 0.1159245 0.0637376 0.1154289 0.0785639 0.0540745 0.0884245 0.0689383 0.0420574 0.1105264 0.0608357 0.0731008 0.0518054 0.0627761 0.0608945 0.0632506 0.0587366 0.0709439 0.0369649 0.0922095 0.0728292 0.0901432 0.0459091 0.0072493 0.0639611 0.0568345 0.0652472 0.0383869 0.0695813 0.0614821 0.0199950 0.0237962 0.0735406 0.0712751 0.0595724 0.0674589 0.0545312 0.0623709 0.0594616 0.0567565 0.0311726 0.0426245 0.0722197 0.0651190 0.0641840 0.0685367 0.0718150 0.0564423 0.0794745 0.0460342 0.0624195 0.0498701 0.0627915 0.0754614 0.0597275 0.0441630 0.0737186 0.0576874 
S0293         0.1942533 0.0682945 0.0586898 0.0695119 0.0864275 0.0214839 0.1066426 0.0715472 0.0692129 0.0000000 0.0986731 0.0689175 0.0928238 0.0643902 0.0619773 0.0673552 0.1106891 0.0686799 0.0173471 0.0298537 0.0663434 0.1120300 0.0598650 0.0589511 0.0790417 0.0580807 0.0628822 0.0947087 0.0930246 0.0791971 0.0688005 0.0499580 0.0461506 0.0771376 0.0666648 0.0699941 0.0574382 0.0723483 0.0998237 0.1391690 0.0765800 0.1108421 0.0507781 0.0317154 0.1158542 0.0611041 0.0339068 0.0634043 0.0660028 0.0827126 0.0950316 0.0660646 0.0714841 0.0664730 0.0692715 0.1052202 0.0875421 0.1191538 0.0998975 0.0594868 0.1093975 0.1051525 0.0863667 0.1238488 0.1063776 0.1008342 0.1276140 0.0636317 0.1226261 0.1041695 0.0876468 0.0904808 0.0612148 0.0861705 0.1192808 0.0177739 0.0536078 0.0884007 0.0623755 0.0628978 0.0656885 0.0689974 0.0838849 0.0536027 0.1050931 0.0279945 0.0949701 0.0725715 0.0791148 0.0194077 0.0180241 0.0507628 0.0990247 0.0884646 0.0631933 0.0673715 0.0784341 0.0693350 0.0402225 0.0587919 0.0709263 0.0618306 0.0670044 0.0180378 0.0645027 0.0785190 0.0636315 0.0383183 0.0775635 0.0298859 0.0787361 0.0362860 0.0492538 0.1075077 0.0723226 0.0618976 0.0796568 0.0746951 0.1010392 0.0566221 0.0667860 0.0687575 0.0614389 
S0294         0.2245570 0.0933991 0.1017428 0.1058708 0.1195070 0.0774031 0.1401359 0.1094681 0.1120916 0.0986731 0.0000000 0.1104658 0.1353169 0.1051155 0.1002181 0.1133033 0.1361740 0.1003508 0.0791071 0.0806282 0.1372093 0.1287831 0.1083409 0.0924862 0.1063269 0.1203177 0.0947528 0.1282665 0.1003773 0.1339751 0.1132388 0.0837974 0.0985556 0.1171842 0.1000797 0.1118783 0.0837727 0.0908556 0.1243596 0.1630168 0.0891057 0.1424016 0.0909609 0.0849887 0.1448693 0.0879450 0.0834213 0.0973305 0.0926798 0.1025156 0.1292858 0.1164136 0.1074580 0.1000511 0.1150698 0.1402004 0.1246445 0.1505620 0.0447516 0.0905678 0.1398079 0.1372847 0.1440649 0.1652345 0.1441282 0.1424252 0.1611159 0.0948057 0.1465250 0.1408282 0.1081710 0.1347940 0.0879117 0.1272209 0.1412285 0.0762561 0.0980509 0.1233269 0.1080508 0.1127883 0.1158122 0.1028946 0.1210719 0.0675902 0.1369064 0.0811949 0.1315181 0.1081531 0.1232753 0.0816236 0.0677800 0.0728697 0.1492367 0.1071948 0.0949313 0.1143786 0.1260147 0.1066852 0.0962195 0.0901233 0.1230287 0.0883765 0.1136996 0.0823784 0.0954202 0.1235845 0.0933897 0.0893887 0.1149431 0.0881189 0.1023594 0.0829350 0.0784315 0.1405997 0.1032427 0.1164674 0.1166153 0.1015791 0.1083799 0.0995051 0.0979270 0.1080576 0.0971415 
S0299         0.1735865 0.0747213 0.0675681 0.0199697 0.0763084 0.0595044 0.0897113 0.0305531 0.0668801 0.0689175 0.1104658 0.0000000 0.0882564 0.0215028 0.0214991 0.0662578 0.1143291 0.0691831 0.0612552 0.0739614 0.0386386 0.1173858 0.0201517 0.0605441 0.0811972 0.0357876 0.0328594 0.0748089 0.0850505 0.0873830 0.0268628 0.0815395 0.0913899 0.0323457 0.0378925 0.0479624 0.0760451 0.0614344 0.1079788 0.1130517 0.1000485 0.0986759 0.0462642 0.0655677 0.0897096 0.0584959 0.0779412 0.0627471 0.0625902 0.0718221 0.0883555 0.0468212 0.0436359 0.0661276 0.0682771 0.0793266 0.0649028 0.0858920 0.1078741 0.0635496 0.0940389 0.0777289 0.0951691 0.1042856 0.0689312 0.0716277 0.1159593 0.0606067 0.0903818 0.0897808 0.0794404 0.0844327 0.0704091 0.0769065 0.0880824 0.0582713 0.0758074 0.0757538 0.0217329 0.0443137 0.0482517 0.0399373 0.0320468 0.0676016 0.0984562 0.0746780 0.0904976 0.0641753 0.0723938 0.0632558 0.0614174 0.0573656 0.0879350 0.0967043 0.0292837 0.0653171 0.0683762 0.0253335 0.0715743 0.0565561 0.0273078 0.0655628 0.0476066 0.0636710 0.0678679 0.0723836 0.0567472 0.0676716 0.0218669 0.0701475 0.0471718 0.0744321 0.0634203 0.0982917 0.0683973 0.0438894 0.0597144 0.0754424 0.0658502 0.0491570 0.0641413 0.0767564 0.0637799 
S0308         0.1556422 0.1142572 0.1015520 0.0853138 0.1101824 0.0840532 0.0551421 0.0958272 0.0807059 0.0928238 0.1353169 0.0882564 0.0000000 0.0829953 0.0808492 0.0891542 0.0588824 0.1221681 0.0834703 0.0976397 0.0920767 0.1728958 0.0842623 0.0822587 0.1268652 0.0951688 0.0818754 0.0988831 0.1307312 0.0579126 0.0840267 0.1048787 0.1112769 0.0913655 0.0765241 0.0861210 0.1092176 0.0931376 0.0496801 0.1507211 0.1135725 0.0564646 0.0735236 0.0947987 0.1145973 0.0841804 0.1038717 0.0889630 0.0844443 0.1025248 0.0666974 0.0883827 0.0811648 0.1058652 0.0363810 0.1098139 0.1051759 0.1101905 0.1387741 0.0848596 0.1267102 0.1223812 0.0591209 0.0746040 0.1153011 0.1134216 0.1437518 0.0865531 0.1281450 0.1316879 0.0996316 0.0626187 0.1083001 0.0875400 0.1231638 0.0854369 0.0989129 0.1046738 0.0770248 0.0827210 0.0852994 0.0769581 0.1005672 0.0352916 0.0524005 0.0983760 0.0643032 0.0864348 0.0687895 0.0859512 0.0822453 0.0974986 0.1081660 0.1049416 0.0822315 0.0869575 0.0929242 0.0918219 0.0962311 0.0820629 0.0885289 0.0870079 0.0840946 0.0862049 0.0895523 0.0813838 0.0891155 0.0968738 0.0857198 0.0933590 0.0893172 0.0991770 0.0904292 0.1158449 0.0819939 0.0814588 0.1025383 0.1121397 0.0933174 0.0866706 0.0882459 0.1219006 0.1029366 
S0320         0.1735865 0.0640706 0.0558439 0.0147794 0.0616524 0.0558913 0.0851173 0.0233206 0.0582613 0.0643902 0.1051155 0.0215028 0.0829953 0.0000000 0.0113588 0.0580597 0.1073099 0.0596148 0.0555249 0.0682402 0.0386896 0.1037063 0.0253282 0.0526843 0.0766214 0.0277712 0.0255760 0.0635507 0.0783734 0.0734507 0.0232031 0.0753289 0.0802176 0.0320938 0.0323784 0.0363699 0.0674479 0.0493792 0.0965055 0.0980504 0.0903559 0.0916647 0.0381897 0.0617220 0.0779173 0.0506960 0.0719534 0.0548053 0.0546702 0.0593017 0.0816325 0.0390484 0.0379903 0.0598462 0.0620114 0.0706005 0.0527030 0.0769793 0.1107092 0.0513327 0.0866313 0.0689026 0.0733576 0.0941976 0.0582501 0.0628108 0.1007841 0.0527362 0.0765074 0.0742529 0.0708486 0.0777525 0.0643570 0.0693601 0.0743148 0.0546242 0.0698543 0.0647389 0.0252181 0.0366966 0.0405173 0.0343585 0.0266299 0.0507876 0.0914629 0.0686722 0.0837354 0.0536340 0.0686950 0.0535835 0.0554981 0.0532624 0.0802070 0.0859450 0.0256767 0.0588427 0.0617442 0.0182310 0.0616675 0.0488033 0.0289586 0.0532625 0.0399828 0.0597213 0.0554266 0.0675039 0.0505954 0.0536127 0.0199320 0.0683115 0.0433255 0.0662936 0.0614095 0.0832127 0.0616109 0.0363468 0.0517415 0.0688873 0.0634471 0.0432983 0.0578970 0.0681903 0.0576346 
S0327         0.1735865 0.0619017 0.0556379 0.0199201 0.0635000 0.0539262 0.0821219 0.0249908 0.0561477 0.0619773 0.1002181 0.0214991 0.0808492 0.0113588 0.0000000 0.0517395 0.0958524 0.0593834 0.0535739 0.0682030 0.0440381 0.1091811 0.0216853 0.0466520 0.0791620 0.0303541 0.0201259 0.0680722 0.0753852 0.0754517 0.0248650 0.0725789 0.0828443 0.0302504 0.0321144 0.0344372 0.0629737 0.0492430 0.0854626 0.1053171 0.0859851 0.0887062 0.0379710 0.0597253 0.0826696 0.0447222 0.0698907 0.0486976 0.0485812 0.0591338 0.0788647 0.0331496 0.0376753 0.0573720 0.0595606 0.0705607 0.0545121 0.0769322 0.1101902 0.0493003 0.0935033 0.0707248 0.0733576 0.0961878 0.0580831 0.0626274 0.1034739 0.0466968 0.0832270 0.0760984 0.0641431 0.0750299 0.0598126 0.0678342 0.0788127 0.0526446 0.0678066 0.0625587 0.0232909 0.0309283 0.0346378 0.0322775 0.0319663 0.0477481 0.0885133 0.0666084 0.0809368 0.0536109 0.0654318 0.0534463 0.0534835 0.0514162 0.0806852 0.0817574 0.0237099 0.0567699 0.0596185 0.0198928 0.0656520 0.0428765 0.0269667 0.0512140 0.0341884 0.0576748 0.0533523 0.0679008 0.0444221 0.0598233 0.0215972 0.0662595 0.0411430 0.0637084 0.0550661 0.0834733 0.0576491 0.0306370 0.0494004 0.0662416 0.0605848 0.0374943 0.0515961 0.0725192 0.0571284 
S0335         0.1479142 0.0744179 0.0620753 0.0603355 0.0768731 0.0626784 0.0960625 0.0680367 0.0403318 0.0673552 0.1133033 0.0662578 0.0891542 0.0580597 0.0517395 0.0000000 0.1058651 0.0638211 0.0622579 0.0706706 0.0719290 0.1156589 0.0624565 0.0650865 0.0836071 0.0596020 0.0566312 0.0610806 0.0790614 0.0877350 0.0701216 0.0792881 0.0899319 0.0681267 0.0618681 0.0622325 0.0660862 0.0706158 0.0952250 0.1255774 0.0809362 0.0988832 0.0483742 0.0680140 0.0773153 0.0629876 0.0728506 0.0673554 0.0671837 0.0794335 0.0920310 0.0632826 0.0663047 0.0569933 0.0724800 0.0616403 0.0566290 0.0718128 0.1065134 0.0579833 0.1092627 0.0822727 0.0943878 0.1234208 0.0711770 0.0690884 0.1188540 0.0611727 0.1089339 0.0799191 0.0396531 0.0925052 0.0614004 0.0613393 0.1041760 0.0614576 0.0780202 0.0493612 0.0621961 0.0602939 0.0626213 0.0601972 0.0765166 0.0539571 0.0974639 0.0731988 0.0898509 0.0337522 0.0328308 0.0645113 0.0553329 0.0515673 0.0654734 0.0804923 0.0568689 0.0430395 0.0493536 0.0686899 0.0716697 0.0610056 0.0689046 0.0599767 0.0617593 0.0624530 0.0601338 0.0597222 0.0274119 0.0725994 0.0665964 0.0728111 0.0720055 0.0680904 0.0517319 0.0615780 0.0146994 0.0535252 0.0554669 0.0617627 0.0697687 0.0552715 0.0325407 0.0726365 0.0567532 
S0355         0.2089931 0.1244434 0.0956626 0.1080667 0.1166846 0.0962342 0.0108396 0.1177130 0.0863792 0.1106891 0.1361740 0.1143291 0.0588824 0.1073099 0.0958524 0.1058651 0.0000000 0.1214867 0.0925505 0.1068385 0.1184019 0.2119791 0.0988383 0.0812970 0.1383560 0.1226052 0.0942792 0.1169746 0.1536000 0.0675453 0.1027862 0.1123700 0.1050692 0.1148814 0.0919641 0.1018155 0.1166239 0.0862046 0.0125981 0.1901131 0.1210400 0.0205865 0.0821749 0.1104072 0.1314389 0.0776379 0.1166154 0.0884808 0.0847793 0.0899935 0.0781942 0.1056597 0.0950015 0.1179674 0.0345360 0.1275816 0.1156386 0.1352829 0.1289721 0.1042838 0.1619920 0.1273267 0.0971265 0.0909520 0.1236367 0.1285020 0.1761122 0.0847404 0.1646268 0.1343636 0.1275996 0.0683252 0.1216924 0.1130233 0.1589708 0.0987328 0.1067412 0.1193064 0.0857050 0.1034895 0.1035873 0.0957847 0.1307500 0.0542745 0.0126910 0.1076458 0.0743571 0.1067642 0.0674692 0.0991948 0.0897794 0.0932165 0.1412642 0.1267192 0.0942688 0.1110507 0.1115527 0.1156433 0.1132297 0.0778198 0.1036340 0.1040307 0.1050264 0.0903881 0.1122636 0.1049115 0.0960642 0.1181893 0.1093440 0.1112246 0.1019636 0.1131459 0.0897489 0.1677561 0.1058158 0.1005132 0.1174641 0.1201804 0.1242803 0.0845534 0.1052684 0.1361703 0.1140393 
S0376         0.1952276 0.0539003 0.0491194 0.0648222 0.0744491 0.0586251 0.1087688 0.0717347 0.0725076 0.0686799 0.1003508 0.0691831 0.1221681 0.0596148 0.0593834 0.0638211 0.1214867 0.0000000 0.0581623 0.0650924 0.0645604 0.0969124 0.0671897 0.0660735 0.0506456 0.0600422 0.0679458 0.0745860 0.0745805 0.1008267 0.0638982 0.0688434 0.0878493 0.0697885 0.0718464 0.0699457 0.0649335 0.0623085 0.1100403 0.1290532 0.0782129 0.1088221 0.0594801 0.0530355 0.0869681 0.0635164 0.0731699 0.0639939 0.0686322 0.0751638 0.1104703 0.0683804 0.0769133 0.0581927 0.0928889 0.0826190 0.0730517 0.0959024 0.0814077 0.0593421 0.1066511 0.1045946 0.0868961 0.1385650 0.0855446 0.0836454 0.1209764 0.0613100 0.1102416 0.0777499 0.0809992 0.1028031 0.0678002 0.0876789 0.1069818 0.0542752 0.0578711 0.0832168 0.0672045 0.0650583 0.0704861 0.0742940 0.0743060 0.0704632 0.1155933 0.0632479 0.1049952 0.0766774 0.0900310 0.0535169 0.0501387 0.0497517 0.0922520 0.0845679 0.0682959 0.0753325 0.0743084 0.0648921 0.0552343 0.0611065 0.0666818 0.0617655 0.0717848 0.0557844 0.0645290 0.0854701 0.0595294 0.0554301 0.0727354 0.0555621 0.0845279 0.0607154 0.0528158 0.1185005 0.0737862 0.0693938 0.0632744 0.0611616 0.0968790 0.0612503 0.0651492 0.0457106 0.0555827 
S0400         0.1746624 0.0509423 0.0476829 0.0618976 0.0699290 0.0097427 0.0846190 0.0656471 0.0616634 0.0173471 0.0791071 0.0612552 0.0834703 0.0555249 0.0535739 0.0622579 0.0925505 0.0581623 0.0000000 0.0181992 0.0712199 0.0866690 0.0601621 0.0455958 0.0657779 0.0592871 0.0542290 0.0846407 0.0699743 0.0827229 0.0610139 0.0343395 0.0274232 0.0683680 0.0594184 0.0665608 0.0466304 0.0542834 0.0852507 0.1265733 0.0576530 0.0936877 0.0462733 0.0180879 0.0997388 0.0473829 0.0215224 0.0514687 0.0513427 0.0625370 0.0877298 0.0632202 0.0657139 0.0535708 0.0619148 0.0957714 0.0810490 0.1072588 0.0778422 0.0459250 0.1016920 0.0941488 0.0722006 0.1139831 0.0993192 0.0970591 0.1172678 0.0494120 0.1097828 0.0972490 0.0729120 0.0838378 0.0473256 0.0778917 0.1049865 0.0065553 0.0356961 0.0781463 0.0579104 0.0605763 0.0629165 0.0597415 0.0756419 0.0411532 0.0868439 0.0148584 0.0898533 0.0645496 0.0729345 0.0097416 0.0066311 0.0367557 0.0949956 0.0739089 0.0544546 0.0662608 0.0756792 0.0595824 0.0267727 0.0454919 0.0683922 0.0478354 0.0620466 0.0083323 0.0499575 0.0759634 0.0571304 0.0250963 0.0662772 0.0217066 0.0694087 0.0234142 0.0377699 0.0943043 0.0684141 0.0577771 0.0703073 0.0622675 0.0854697 0.0493945 0.0578960 0.0596545 0.0513825 
S0405         0.1551639 0.0586887 0.0535643 0.0750149 0.0770782 0.0217176 0.1022625 0.0788825 0.0744579 0.0298537 0.0806282 0.0739614 0.0976397 0.0682402 0.0682030 0.0706706 0.1068385 0.0650924 0.0181992 0.0000000 0.0775512 0.0915963 0.0730131 0.0597114 0.0762954 0.0656962 0.0690566 0.0936258 0.0722972 0.0952044 0.0739017 0.0380149 0.0366454 0.0838048 0.0683726 0.0800054 0.0550959 0.0670930 0.1000112 0.1385640 0.0656116 0.1085546 0.0567648 0.0266905 0.1090084 0.0615619 0.0341294 0.0659387 0.0657699 0.0757997 0.1044201 0.0787759 0.0768608 0.0656285 0.0749364 0.1023487 0.0924479 0.1140168 0.0736769 0.0581926 0.1148470 0.1080118 0.0717985 0.1274794 0.1113644 0.1090273 0.1289559 0.0637347 0.1233999 0.1098939 0.0859297 0.1004045 0.0569352 0.0867585 0.1183866 0.0185517 0.0430018 0.0890671 0.0727540 0.0758415 0.0783864 0.0685773 0.0893187 0.0443396 0.1013551 0.0181330 0.1066531 0.0750691 0.0929177 0.0217523 0.0116519 0.0443127 0.1065615 0.0765473 0.0692282 0.0789465 0.0889078 0.0725111 0.0356523 0.0595724 0.0818550 0.0601943 0.0772685 0.0206247 0.0624673 0.0874638 0.0696500 0.0284732 0.0775271 0.0304952 0.0805975 0.0322424 0.0490535 0.1017645 0.0748505 0.0727002 0.0831277 0.0748102 0.0900579 0.0617088 0.0702032 0.0699579 0.0633031 
S0407sl       0.1754528 0.0775386 0.0673235 0.0364896 0.1013147 0.0684933 0.0990828 0.0414697 0.0787042 0.0663434 0.1372093 0.0386386 0.0920767 0.0386896 0.0440381 0.0719290 0.1184019 0.0645604 0.0712199 0.0775512 0.0000000 0.1166670 0.0479556 0.0765636 0.1049526 0.0333209 0.0422638 0.0884657 0.0656865 0.0853541 0.0385083 0.0873391 0.1113647 0.0472080 0.0444124 0.0536328 0.0862870 0.0816090 0.1024626 0.1280329 0.1059149 0.1081605 0.0558985 0.0772954 0.1045763 0.0763683 0.0840373 0.0763633 0.0794332 0.0914246 0.0992304 0.0613332 0.0473881 0.0711987 0.0760075 0.0911439 0.0843137 0.0989247 0.1717126 0.0766454 0.1072993 0.0869831 0.0593878 0.1266578 0.0799973 0.0798632 0.1309183 0.0763600 0.1118515 0.0948410 0.0816051 0.0958031 0.0679892 0.0917079 0.1082105 0.0722481 0.0868441 0.0876453 0.0306017 0.0541579 0.0541243 0.0388624 0.0442252 0.0458086 0.1087434 0.0849013 0.1028183 0.0686691 0.1129577 0.0685249 0.0659305 0.0881033 0.0857065 0.0771507 0.0421976 0.0710499 0.0824161 0.0361053 0.0711806 0.0733150 0.0255839 0.0797371 0.0620503 0.0747867 0.0797318 0.0824922 0.0701400 0.0682687 0.0333698 0.0776882 0.0587102 0.0811824 0.0766237 0.0741129 0.0750434 0.0594100 0.0627302 0.0854578 0.0659263 0.0735320 0.0742574 0.0972002 0.0677173 
S0412sl       0.2694373 0.1024880 0.0738399 0.1129384 0.1044944 0.0844039 0.1465517 0.1176494 0.1291314 0.1120300 0.1287831 0.1173858 0.1728958 0.1037063 0.1091811 0.1156589 0.2119791 0.0969124 0.0866690 0.0915963 0.1166670 0.0000000 0.1184927 0.0960685 0.1052744 0.0918950 0.1110728 0.1160517 0.0950428 0.1585337 0.1048459 0.0958400 0.0960638 0.1211865 0.1103478 0.1203159 0.0808723 0.0908184 0.1990727 0.1692232 0.0541031 0.1636595 0.1047248 0.0876929 0.1371318 0.0932572 0.1055902 0.0992050 0.0958592 0.1045498 0.1622996 0.1287936 0.1134502 0.1086860 0.1335834 0.1340350 0.1115406 0.1433566 0.1036395 0.0850751 0.1535614 0.1377518 0.1557369 0.1634380 0.1367080 0.1215682 0.1707657 0.0909749 0.1645517 0.1370390 0.1062887 0.1632823 0.1032684 0.1422366 0.1570261 0.0802750 0.1101641 0.1368795 0.1194458 0.1244211 0.1251323 0.1041274 0.1169036 0.0998259 0.1580610 0.0977430 0.1622272 0.1118868 0.1424694 0.0841819 0.0784031 0.0754206 0.1367683 0.1302249 0.1007449 0.1257408 0.1330713 0.1058980 0.0907246 0.0906571 0.1239100 0.0876268 0.1285113 0.0858239 0.0855817 0.1431736 0.0980715 0.0782385 0.1183813 0.1000312 0.1243750 0.0860576 0.0756549 0.1227154 0.1264354 0.1258267 0.1137720 0.1106411 0.1141360 0.0962378 0.0927588 0.1103860 0.1001895 
S0417         0.1918335 0.0708508 0.0753449 0.0237873 0.0728603 0.0605667 0.0847893 0.0289909 0.0569653 0.0598650 0.1083409 0.0201517 0.0842623 0.0253282 0.0216853 0.0624565 0.0988383 0.0671897 0.0601621 0.0730131 0.0479556 0.1184927 0.0000000 0.0549482 0.0914892 0.0303942 0.0311211 0.0733095 0.0854770 0.0801424 0.0288417 0.0775022 0.0905818 0.0306599 0.0361610 0.0461758 0.0721469 0.0620862 0.0884089 0.1165747 0.0959473 0.0913203 0.0422889 0.0665276 0.0882805 0.0548484 0.0770135 0.0590509 0.0589041 0.0725973 0.0813399 0.0450102 0.0418799 0.0662159 0.0618074 0.0749679 0.0613232 0.0814426 0.1158107 0.0578296 0.0971750 0.0805045 0.0872661 0.1039749 0.0648790 0.0675166 0.1172188 0.0569352 0.0957072 0.0835358 0.0755131 0.0774764 0.0686728 0.0688289 0.0906307 0.0615385 0.0748584 0.0668992 0.0199991 0.0424287 0.0445406 0.0343667 0.0361727 0.0505754 0.0911201 0.0737062 0.0834332 0.0623324 0.0637997 0.0623920 0.0602895 0.0602716 0.0796194 0.0807181 0.0312456 0.0575787 0.0604831 0.0308859 0.0699787 0.0529223 0.0310616 0.0598175 0.0439470 0.0646305 0.0620723 0.0688988 0.0548908 0.0711660 0.0255056 0.0650002 0.0434300 0.0706317 0.0620409 0.0970604 0.0666098 0.0421238 0.0582130 0.0755463 0.0582322 0.0473292 0.0622802 0.0825024 0.0659247 
S0419         0.1949717 0.0654594 0.0048492 0.0590448 0.0513372 0.0458902 0.0770356 0.0626343 0.0597119 0.0589511 0.0924862 0.0605441 0.0822587 0.0526843 0.0466520 0.0650865 0.0812970 0.0660735 0.0455958 0.0597114 0.0765636 0.0960685 0.0549482 0.0000000 0.0825518 0.0672430 0.0471264 0.0759238 0.0861623 0.0793266 0.0580976 0.0559884 0.0695057 0.0646775 0.0484911 0.0565839 0.0564892 0.0287009 0.0714348 0.1097541 0.0646027 0.0858878 0.0454205 0.0515342 0.0928288 0.0047859 0.0613875 0.0080604 0.0080436 0.0378317 0.0814853 0.0536146 0.0544026 0.0585836 0.0610405 0.0867606 0.0705946 0.0933872 0.0925655 0.0286813 0.0911417 0.0827482 0.0729524 0.1047977 0.0852422 0.0812177 0.1032658 0.0064146 0.0940881 0.0756140 0.0697287 0.0758339 0.0633492 0.0710458 0.0895531 0.0466035 0.0633430 0.0741691 0.0546321 0.0509236 0.0530859 0.0487441 0.0684841 0.0412613 0.0792678 0.0581147 0.0837633 0.0630064 0.0614250 0.0476459 0.0433364 0.0575734 0.0883697 0.0840238 0.0473161 0.0622148 0.0651655 0.0585929 0.0572955 0.0031818 0.0568454 0.0304578 0.0523835 0.0492935 0.0323678 0.0694557 0.0536190 0.0597569 0.0608432 0.0599531 0.0579572 0.0554003 0.0508584 0.0925458 0.0711883 0.0524355 0.0608056 0.0592907 0.0688515 0.0317429 0.0570173 0.0740646 0.0544840 
S0427         0.2272117 0.0782868 0.0782349 0.0836206 0.0808355 0.0662213 0.1272996 0.0873612 0.0895769 0.0790417 0.1063269 0.0811972 0.1268652 0.0766214 0.0791620 0.0836071 0.1383560 0.0506456 0.0657779 0.0762954 0.1049526 0.1052744 0.0914892 0.0825518 0.0000000 0.0918688 0.0849936 0.0882285 0.0885220 0.1146395 0.0825922 0.0836067 0.0822454 0.0815215 0.0901842 0.0929321 0.0710915 0.0791672 0.1265666 0.1424573 0.0825630 0.1298610 0.0802768 0.0655859 0.0941876 0.0802992 0.0828263 0.0808171 0.0848002 0.0903212 0.1200745 0.0923541 0.0973200 0.0641387 0.1030503 0.0930498 0.0834402 0.1043993 0.1088446 0.0682135 0.1218570 0.1009292 0.1097839 0.1219399 0.0924233 0.0934437 0.1416179 0.0826456 0.1305870 0.1120003 0.0878833 0.1158835 0.0781006 0.0974308 0.1254994 0.0628087 0.0779411 0.0848785 0.0909519 0.0938457 0.0963656 0.0907105 0.0937791 0.0662021 0.1297959 0.0767799 0.1152744 0.0786930 0.0964623 0.0637706 0.0592167 0.0591529 0.1102308 0.0864421 0.0873462 0.0938753 0.0977261 0.0855079 0.0715935 0.0781964 0.0928584 0.0702701 0.0971912 0.0661711 0.0726434 0.1026608 0.0738512 0.0613406 0.0838411 0.0703778 0.1034452 0.0681606 0.0549112 0.1126451 0.0830260 0.0906471 0.0742807 0.0752400 0.0983943 0.0680922 0.0759241 0.0505540 0.0677238 
S0428sl       0.1940116 0.0594589 0.0619323 0.0390907 0.0849345 0.0566009 0.0903753 0.0304420 0.0688730 0.0580807 0.1203177 0.0357876 0.0951688 0.0277712 0.0303541 0.0596020 0.1226052 0.0600422 0.0592871 0.0656962 0.0333209 0.0918950 0.0303942 0.0672430 0.0918688 0.0000000 0.0310148 0.0653297 0.0508257 0.0736707 0.0383583 0.0714232 0.0976142 0.0442939 0.0386915 0.0448675 0.0735316 0.0658816 0.1068729 0.1134070 0.0929096 0.0959375 0.0466191 0.0651776 0.0838704 0.0670745 0.0716381 0.0670706 0.0700536 0.0752363 0.0876136 0.0490600 0.0415857 0.0618917 0.0654693 0.0717520 0.0536237 0.0789029 0.1384901 0.0614460 0.1038088 0.0834151 0.0726673 0.1071281 0.0601569 0.0692793 0.1164272 0.0670677 0.1013314 0.0845443 0.0688773 0.0843517 0.0561884 0.0817347 0.0936942 0.0601364 0.0743821 0.0743185 0.0302328 0.0423798 0.0452704 0.0304052 0.0468479 0.0446836 0.0964432 0.0727135 0.0846579 0.0593327 0.0934362 0.0566255 0.0542952 0.0658789 0.0792029 0.0687557 0.0337467 0.0588837 0.0757190 0.0359326 0.0585208 0.0641089 0.0477877 0.0644018 0.0501517 0.0626664 0.0585713 0.0789576 0.0576761 0.0564184 0.0386568 0.0655025 0.0526932 0.0688370 0.0646236 0.0680807 0.0596500 0.0475524 0.0506485 0.0755452 0.0417537 0.0584771 0.0619522 0.0910027 0.0585676 
S0478         0.2207196 0.0667579 0.0659779 0.0312592 0.0687487 0.0545902 0.0831797 0.0347545 0.0611074 0.0628822 0.0947528 0.0328594 0.0818754 0.0255760 0.0201259 0.0566312 0.0942792 0.0679458 0.0542290 0.0690566 0.0422638 0.1110728 0.0311211 0.0471264 0.0849936 0.0310148 0.0000000 0.0691359 0.0810285 0.0741699 0.0325810 0.0734944 0.0839207 0.0459719 0.0253678 0.0348686 0.0662509 0.0520704 0.0837615 0.1098842 0.0870913 0.0875780 0.0269136 0.0604629 0.0842775 0.0452515 0.0707632 0.0492794 0.0491601 0.0602094 0.0753532 0.0335136 0.0308431 0.0541527 0.0562642 0.0739918 0.0575332 0.0783936 0.0995582 0.0498957 0.0953907 0.0720409 0.0999134 0.0879691 0.0656711 0.0704827 0.1127970 0.0472521 0.0939098 0.0839508 0.0694665 0.0738146 0.0585430 0.0751363 0.0915589 0.0553359 0.0727960 0.0678656 0.0309836 0.0312343 0.0350742 0.0272756 0.0440153 0.0486760 0.0825447 0.0674463 0.0776395 0.0526183 0.0561753 0.0563998 0.0541592 0.0607595 0.0865305 0.0800282 0.0202560 0.0597902 0.0688774 0.0310360 0.0644554 0.0433831 0.0292369 0.0518336 0.0383018 0.0584083 0.0540014 0.0712225 0.0424756 0.0649816 0.0330165 0.0670888 0.0325040 0.0644980 0.0580433 0.0904012 0.0627268 0.0346690 0.0545068 0.0623426 0.0514841 0.0379359 0.0564713 0.0824294 0.0539220 
S0552sl       0.1497564 0.0928585 0.0679719 0.0774208 0.0843262 0.0827552 0.1109733 0.0764508 0.0554920 0.0947087 0.1282665 0.0748089 0.0988831 0.0635507 0.0680722 0.0610806 0.1169746 0.0745860 0.0846407 0.0936258 0.0884657 0.1160517 0.0733095 0.0759238 0.0882285 0.0653297 0.0691359 0.0000000 0.0997429 0.0859475 0.0808201 0.0967472 0.1124975 0.0901749 0.0747759 0.0722802 0.0837079 0.0806758 0.1102955 0.1215787 0.0905514 0.1144797 0.0625138 0.0864633 0.0099105 0.0736714 0.1010655 0.0741515 0.0781724 0.0920994 0.1038308 0.0787121 0.0817077 0.0656996 0.0868783 0.0220055 0.0455291 0.0291532 0.1342730 0.0658017 0.1086390 0.0963480 0.0960246 0.1195707 0.0535372 0.0496934 0.1163912 0.0717677 0.1107148 0.0694800 0.0695682 0.1087106 0.0856215 0.0749827 0.1081978 0.0816580 0.0904420 0.0700813 0.0750216 0.0752601 0.0778473 0.0752138 0.0810616 0.0560842 0.1154174 0.0969655 0.1059644 0.0627864 0.0584633 0.0872265 0.0799378 0.0729599 0.0709798 0.0948528 0.0694622 0.0582305 0.0673515 0.0794321 0.0837706 0.0715606 0.0824873 0.0678937 0.0767165 0.0879751 0.0659835 0.0586054 0.0618101 0.0819475 0.0704557 0.0853194 0.0856901 0.0799152 0.0679720 0.1008081 0.0644255 0.0703930 0.0492966 0.0730522 0.0889275 0.0740649 0.0674445 0.0873052 0.0612922 
S0558         0.1929526 0.0607521 0.0533612 0.0836395 0.0864125 0.0637506 0.1245050 0.0893800 0.0898924 0.0930246 0.1003773 0.0850505 0.1307312 0.0783734 0.0753852 0.0790614 0.1536000 0.0745805 0.0699743 0.0722972 0.0656865 0.0950428 0.0854770 0.0861623 0.0885220 0.0508257 0.0810285 0.0997429 0.0000000 0.1158071 0.0823079 0.0748232 0.0879183 0.0923713 0.0868666 0.0904881 0.0741032 0.0854974 0.1406178 0.1416234 0.0716473 0.1265724 0.0741301 0.0716088 0.1112404 0.0812723 0.0814769 0.0888340 0.0885791 0.0929423 0.1322740 0.0880893 0.0943311 0.0738392 0.0983059 0.1072009 0.0859397 0.1147983 0.1026985 0.0686458 0.1322622 0.1288631 0.0945786 0.1477193 0.1060825 0.1037549 0.1403340 0.0862679 0.1232280 0.1142617 0.0858913 0.1189401 0.0614780 0.1013300 0.1216319 0.0643659 0.0804673 0.0948028 0.0827607 0.0929230 0.0911288 0.0828054 0.0891472 0.0766531 0.1251636 0.0743332 0.1297236 0.0859578 0.1104405 0.0723580 0.0565518 0.0520120 0.1177510 0.0889562 0.0790545 0.0953241 0.0999578 0.0826780 0.0781080 0.0814894 0.0902517 0.0684609 0.0891332 0.0727882 0.0690037 0.1100217 0.0757123 0.0765219 0.0855647 0.0791124 0.1007572 0.0696414 0.0675897 0.1269371 0.0810279 0.0892087 0.0879122 0.0749547 0.0960961 0.0817251 0.0720080 0.0831440 0.0715285 
S0616         0.1711936 0.1032829 0.0923160 0.0853109 0.1131007 0.0833231 0.0572834 0.0842109 0.0881058 0.0791971 0.1339751 0.0873830 0.0579126 0.0734507 0.0754517 0.0877350 0.0675453 0.1008267 0.0827229 0.0952044 0.0853541 0.1585337 0.0801424 0.0793266 0.1146395 0.0736707 0.0741699 0.0859475 0.1158071 0.0000000 0.0834845 0.0979967 0.1094732 0.0939858 0.0774710 0.0728765 0.1071765 0.0907473 0.0581809 0.1384843 0.1052809 0.0585631 0.0706971 0.0899616 0.1068828 0.0813151 0.0967961 0.0818595 0.0859953 0.1004575 0.0603946 0.0857549 0.0845070 0.1012671 0.0299744 0.0975532 0.0886657 0.0978999 0.1383957 0.0762168 0.1177891 0.1104530 0.0399322 0.0769478 0.0953269 0.1064904 0.1258280 0.0837558 0.1276236 0.1146116 0.1083139 0.0541430 0.1042649 0.1002063 0.1217540 0.0825259 0.0969731 0.1065325 0.0806449 0.0756125 0.0782141 0.0730375 0.0980806 0.0103107 0.0584005 0.0981998 0.0558754 0.0873804 0.0934791 0.0852949 0.0769083 0.0931642 0.1155045 0.0979508 0.0745941 0.0946337 0.0965009 0.0823810 0.0935235 0.0791310 0.0891944 0.0784201 0.0792431 0.0808660 0.0786436 0.0862070 0.0873002 0.0878921 0.0828393 0.0930496 0.0906805 0.0876110 0.0831979 0.1245229 0.0826158 0.0765115 0.0931925 0.1096142 0.0892726 0.0840261 0.0908455 0.1097925 0.0960402 
S0624         0.1940116 0.0572697 0.0702775 0.0216775 0.0691299 0.0614173 0.0907865 0.0267769 0.0707831 0.0688005 0.1132388 0.0268628 0.0840267 0.0232031 0.0248650 0.0701216 0.1027862 0.0638982 0.0610139 0.0739017 0.0385083 0.1048459 0.0288417 0.0580976 0.0825922 0.0383583 0.0325810 0.0808201 0.0823079 0.0834845 0.0000000 0.0804077 0.0860835 0.0250449 0.0357760 0.0435384 0.0709965 0.0586520 0.0922005 0.1119567 0.0938768 0.0970801 0.0379859 0.0672894 0.0981238 0.0560820 0.0776188 0.0602586 0.0601102 0.0688147 0.0918411 0.0464101 0.0414290 0.0674589 0.0672378 0.0852562 0.0648862 0.0919058 0.1183766 0.0587252 0.0953723 0.0811325 0.0726673 0.1046157 0.0683275 0.0648464 0.1172188 0.0581559 0.0939218 0.0868229 0.0834456 0.0879328 0.0718718 0.0778407 0.0916193 0.0602009 0.0754958 0.0734607 0.0252041 0.0439299 0.0478312 0.0377820 0.0338015 0.0443518 0.0968674 0.0743684 0.0896650 0.0575564 0.0747195 0.0608697 0.0611672 0.0592330 0.0911753 0.0851160 0.0327101 0.0711118 0.0743064 0.0215434 0.0712844 0.0541702 0.0252629 0.0606850 0.0471966 0.0654449 0.0590027 0.0760484 0.0624955 0.0630361 0.0199210 0.0698612 0.0467698 0.0713323 0.0668088 0.0978674 0.0737077 0.0435126 0.0634942 0.0767384 0.0697769 0.0430531 0.0699242 0.0782157 0.0671650 
S0641         0.1965711 0.0647851 0.0508900 0.0823652 0.0858212 0.0345565 0.1004457 0.0877679 0.0790514 0.0499580 0.0837974 0.0815395 0.1048787 0.0753289 0.0725789 0.0792881 0.1123700 0.0688434 0.0343395 0.0380149 0.0873391 0.0958400 0.0775022 0.0559884 0.0836067 0.0714232 0.0734944 0.0967472 0.0748232 0.0979967 0.0804077 0.0000000 0.0524069 0.0906290 0.0764890 0.0911318 0.0633823 0.0673873 0.1013175 0.1408230 0.0679567 0.1043562 0.0652987 0.0303556 0.1123385 0.0578346 0.0513821 0.0558769 0.0620035 0.0761339 0.1094161 0.0855790 0.0856314 0.0699360 0.0794421 0.1055233 0.0933203 0.1127052 0.0838525 0.0564479 0.1166249 0.1176294 0.0945128 0.1343973 0.1071976 0.1048748 0.1337358 0.0576535 0.1228824 0.1034919 0.0906246 0.1023953 0.0569305 0.0872211 0.1178117 0.0350854 0.0511179 0.0894538 0.0773661 0.0846999 0.0873573 0.0792557 0.0970495 0.0602000 0.1017326 0.0401170 0.1116820 0.0775522 0.0891364 0.0363163 0.0278033 0.0546732 0.1093961 0.0794779 0.0713183 0.0792813 0.0863487 0.0768851 0.0453419 0.0558590 0.0886871 0.0584474 0.0860949 0.0353359 0.0607103 0.0926503 0.0741341 0.0435949 0.0864003 0.0400259 0.0823298 0.0414644 0.0492499 0.1077524 0.0857828 0.0813659 0.0834809 0.0793111 0.0933580 0.0679917 0.0746095 0.0770676 0.0656129 
