106
S0055       0.0000000 0.0843440 0.1072322 0.0660288 0.0799401 0.1417148 0.1208461 0.0690547 0.1116154 0.1298562 0.1176293 0.0894902 0.0660274 0.0713972 0.0875106 0.0945520 0.1119538 0.1150906 0.1002292 0.0989471 0.1135926 0.0665321 0.0666474 0.1257952 0.0784759 0.0781032 0.0651851 0.1219596 0.0983487 0.0867683 0.1856674 0.0770012 0.1050769 0.1087257 0.1319284 0.0929883 0.0716745 0.0870370 0.1421489 0.0907117 0.0842348 0.0800266 0.0829659 0.1364389 0.1493984 0.0637458 0.1238055 0.1823479 0.0858052 0.1176539 0.0824510 0.0917727 0.1657488 0.0857166 0.1751468 0.1633760 0.1405766 0.0924276 0.0788195 0.1406619 0.0655516 0.0928026 0.0981558 0.0957492 0.0711596 0.0772879 0.1277611 0.0976045 0.0949092 0.0653104 0.0719171 0.1348083 0.1361710 0.0655516 0.0596507 0.0486522 0.1153929 0.0593095 0.0953728 0.1353224 0.1022978 0.1288942 0.0671975 0.0857166 0.1100560 0.0931966 0.0535445 0.1133605 0.1531944 0.1236656 0.0778832 0.1392050 0.0914742 0.0767674 0.0651076 0.0427994 0.1122013 0.1455593 0.0937796 0.1135647 0.1050192 0.1072493 0.0775547 0.1277747 0.1162567 0.0911973 
S0196sl     0.0843440 0.0000000 0.0463896 0.0843394 0.0589747 0.1108116 0.0852620 0.0683252 0.0734147 0.0905432 0.0733834 0.0762438 0.0785949 0.0825046 0.0590088 0.0419750 0.0984401 0.0717021 0.0649574 0.0622530 0.1215721 0.0792279 0.0778947 0.1176899 0.0590561 0.0961293 0.0775625 0.0969686 0.0354100 0.0531423 0.1562429 0.0592277 0.0678701 0.0983483 0.0913484 0.0248557 0.0843578 0.0248557 0.1006638 0.0297837 0.0645092 0.0354104 0.0635939 0.0968389 0.0990795 0.0998021 0.0460062 0.1535821 0.0404808 0.0982503 0.0816559 0.0768752 0.1381459 0.0196106 0.1467341 0.1093386 0.0901757 0.0459528 0.1112396 0.0954791 0.0780304 0.0929096 0.0656410 0.0539717 0.0813277 0.0699482 0.0459712 0.0734489 0.0653839 0.0704790 0.0295062 0.0927932 0.0988800 0.0780304 0.0706250 0.0805624 0.0733283 0.0858761 0.0833894 0.0983068 0.0679322 0.0862795 0.0673365 0.0196106 0.0351651 0.1036136 0.0716998 0.0407039 0.1127964 0.0928100 0.0846065 0.1185842 0.1049096 0.0710551 0.0774740 0.0481561 0.0782942 0.0960917 0.0658695 0.0794525 0.0917917 0.1073161 0.0143043 0.0997532 0.0953983 0.0848778 
S0281       0.1072322 0.0463896 0.0000000 0.1210203 0.0928854 0.1348359 0.0782629 0.1106112 0.0938967 0.1255597 0.0981600 0.0855234 0.1147742 0.1203031 0.0921398 0.0596026 0.0984057 0.0848771 0.0996713 0.0760957 0.1108263 0.1158630 0.1158548 0.1406093 0.0849370 0.0998612 0.1061587 0.1498649 0.0770107 0.0862967 0.1957807 0.0773889 0.1044638 0.1248575 0.0872250 0.0648900 0.1210439 0.0593974 0.1047520 0.0701176 0.0842883 0.0520945 0.0893628 0.1227497 0.1018996 0.1072373 0.0628953 0.2013170 0.0704286 0.0995542 0.0966865 0.0766059 0.1838929 0.0585726 0.1938623 0.1138968 0.1021524 0.0765554 0.1366370 0.0742052 0.1139411 0.1239888 0.1019727 0.0797535 0.0843505 0.0779653 0.0833043 0.0951467 0.1004567 0.1047989 0.0577680 0.1063027 0.1047972 0.1139411 0.1069911 0.0864167 0.0603966 0.1151971 0.1045005 0.1041878 0.0731228 0.1217780 0.0956744 0.0585726 0.0571681 0.0983998 0.0982888 0.0631766 0.1092511 0.1062710 0.1192280 0.1293348 0.1308170 0.0982150 0.1129866 0.0813249 0.0920360 0.1171669 0.0739159 0.0961199 0.1151962 0.1203801 0.0517061 0.1135548 0.1028785 0.1075615 
S0282       0.0660288 0.0843394 0.1210203 0.0000000 0.0721375 0.1356605 0.1096871 0.0119771 0.1360708 0.1168191 0.1379540 0.0752810 0.0144862 0.0242571 0.1033335 0.0891276 0.0886058 0.1094709 0.0864108 0.0747610 0.0841396 0.0247078 0.0195804 0.1520347 0.0766937 0.0851295 0.0352404 0.0474899 0.0929101 0.0796059 0.1469631 0.0686029 0.0971671 0.0935633 0.0969856 0.0929840 0.0095102 0.0837940 0.0977738 0.0789187 0.0822940 0.0800217 0.0810888 0.1139038 0.1035848 0.0505742 0.1238047 0.1445193 0.0858005 0.1272093 0.0667938 0.0610617 0.1295406 0.0857120 0.1378285 0.0965848 0.1059822 0.0924233 0.0628463 0.1215171 0.0143877 0.0354515 0.0968506 0.0847400 0.0779280 0.0636357 0.1092024 0.0884630 0.0789968 0.0192416 0.0719122 0.0897827 0.0969274 0.0143877 0.0095058 0.0535285 0.0929943 0.0521567 0.1084973 0.1096461 0.0854716 0.1231717 0.0252157 0.0857120 0.1100533 0.1046266 0.0095087 0.1133582 0.1192542 0.0925948 0.0243863 0.1371285 0.0349660 0.0750666 0.0143154 0.0202051 0.0910005 0.1171751 0.0780490 0.0772482 0.0823344 0.0751441 0.0775499 0.0955318 0.1028397 0.0638698 
S0288       0.0799401 0.0589747 0.0928854 0.0721375 0.0000000 0.1432020 0.1202822 0.0965072 0.1227305 0.0766913 0.1339818 0.0977248 0.0801894 0.0841607 0.0909871 0.0847134 0.1226486 0.0982348 0.0243999 0.0906692 0.1481989 0.0808544 0.0794626 0.1612585 0.0667160 0.0915499 0.0861995 0.1298865 0.0788898 0.0143881 0.1484438 0.1125369 0.0253995 0.1012803 0.1166642 0.0664101 0.0860964 0.0664101 0.0984964 0.0717712 0.0723870 0.0421326 0.0713166 0.0963291 0.1224914 0.0873042 0.1046383 0.1459609 0.0474254 0.0858923 0.0741164 0.0687714 0.1308741 0.0599021 0.1392306 0.1135488 0.1441255 0.0531999 0.0909109 0.1333022 0.0796022 0.1088274 0.1055403 0.0772389 0.0841697 0.0780391 0.1045394 0.0487705 0.0143113 0.0778207 0.0357853 0.1468342 0.1433075 0.0796022 0.0719892 0.0965429 0.1240283 0.0792346 0.0986344 0.1370227 0.1037568 0.1373093 0.0816350 0.0599021 0.0912926 0.1136928 0.0731068 0.0852183 0.1539256 0.1243619 0.0926768 0.1404830 0.1072508 0.0793431 0.0790187 0.0615155 0.1289094 0.1487171 0.1004264 0.1087830 0.1153128 0.1327058 0.0415049 0.1284968 0.1186088 0.1007402 
S0289       0.1417148 0.1108116 0.1348359 0.1356605 0.1432020 0.0000000 0.1467062 0.1322210 0.0967904 0.1812320 0.0726274 0.1548001 0.1292794 0.1334352 0.0590662 0.0718408 0.1736925 0.0786639 0.1372021 0.1240887 0.1692126 0.1305669 0.1375692 0.0789849 0.1080232 0.1733469 0.1372092 0.1560651 0.1420959 0.1447303 0.2165936 0.1197208 0.1698064 0.1321097 0.1684208 0.1366963 0.1356854 0.1245817 0.1781000 0.1252786 0.1142444 0.1372468 0.1123773 0.1717576 0.1501182 0.1144082 0.1448131 0.2125075 0.1439260 0.1665679 0.1676237 0.1595325 0.1945313 0.1277183 0.2048782 0.1624621 0.1582280 0.1520064 0.1639344 0.1496534 0.1181496 0.1541031 0.1285236 0.0727067 0.1467100 0.1266616 0.0734791 0.1681326 0.1627702 0.1200673 0.1258728 0.1677869 0.1566445 0.1181496 0.1279553 0.1446816 0.1551565 0.1424331 0.0983254 0.1623777 0.1426276 0.0647743 0.1411563 0.1277183 0.1447512 0.1803305 0.1208166 0.1444868 0.1753265 0.1567636 0.1283219 0.0926809 0.1600766 0.0898640 0.1272239 0.1203533 0.1626526 0.1952667 0.1228998 0.1665738 0.1214435 0.1701712 0.1173084 0.1688887 0.1931771 0.1210986 
S0292       0.1208461 0.0852620 0.0782629 0.1096871 0.1202822 0.1467062 0.0000000 0.1075054 0.1230331 0.1160435 0.1161341 0.0962768 0.1037452 0.1155241 0.1095639 0.0900769 0.0945996 0.0881102 0.1275379 0.0618751 0.0708368 0.1184182 0.1111748 0.1198025 0.0951863 0.1224494 0.1023146 0.1543263 0.1075714 0.1132560 0.2121792 0.0966326 0.1338213 0.1057214 0.0930215 0.1015703 0.1097089 0.0918357 0.0922891 0.0995243 0.1009280 0.1033898 0.0994071 0.0982114 0.0841498 0.0701634 0.0905858 0.2083004 0.1193845 0.1093037 0.0827510 0.0766973 0.1909339 0.0939795 0.2009125 0.1159374 0.1010417 0.1124063 0.1162253 0.0298696 0.1030120 0.1282322 0.1014220 0.1021473 0.1161959 0.0937961 0.1103337 0.0949480 0.1286525 0.1088001 0.1037698 0.0783267 0.0192361 0.1030120 0.1027578 0.0651842 0.0421489 0.1116984 0.1147269 0.0291953 0.0145166 0.1278445 0.1071637 0.0939795 0.0778515 0.1310031 0.0897407 0.0845662 0.0515204 0.0570378 0.1164763 0.1210282 0.1236887 0.1085080 0.1022083 0.0787131 0.0796334 0.0856187 0.0901623 0.0844405 0.1041359 0.1164817 0.0911982 0.0693459 0.1166146 0.0905091 
S0293       0.0690547 0.0683252 0.1106112 0.0119771 0.0965072 0.1322210 0.1075054 0.0000000 0.1405515 0.1269364 0.1326944 0.0812473 0.0119780 0.0240917 0.1006829 0.0753861 0.0983600 0.1083649 0.1046399 0.0650190 0.0847697 0.0246495 0.0182727 0.1502114 0.0733958 0.0674320 0.0378371 0.0401558 0.0918006 0.0956168 0.1551061 0.0512600 0.1200523 0.0849088 0.0928386 0.0862793 0.0180027 0.0753565 0.1052097 0.0844148 0.0902502 0.0864730 0.0885802 0.1228838 0.1032738 0.0501292 0.1158150 0.1518153 0.0847290 0.1384327 0.0635333 0.0811641 0.1420967 0.0774837 0.1432853 0.1142490 0.0862353 0.0928695 0.0741190 0.1221989 0.0118768 0.0314257 0.0836448 0.0775468 0.0678688 0.0516850 0.0824118 0.1206775 0.1063298 0.0117990 0.0760994 0.0835509 0.1082365 0.0118768 0.0118688 0.0609002 0.0870256 0.0608730 0.1155140 0.1074562 0.0775945 0.1169440 0.0187577 0.0774837 0.0991887 0.1012017 0.0058755 0.1027265 0.1119169 0.0677565 0.0179984 0.1392536 0.0374681 0.0809504 0.0118036 0.0188831 0.0694546 0.1094927 0.0771120 0.0760986 0.0903064 0.0887387 0.0678077 0.0677851 0.1168359 0.0664395 
S0299       0.1116154 0.0734147 0.0938967 0.1360708 0.1227305 0.0967904 0.1230331 0.1405515 0.0000000 0.1635214 0.0572199 0.1431669 0.1446076 0.1338248 0.0517792 0.0522856 0.1597648 0.0703008 0.1240860 0.1116607 0.1580368 0.1461254 0.1379967 0.1031972 0.0923286 0.1463056 0.1423856 0.1469164 0.0742598 0.1240442 0.1681078 0.1069680 0.1462861 0.1436221 0.1380145 0.0952730 0.1360958 0.0805040 0.1466994 0.0671333 0.0982618 0.1035919 0.0967329 0.1377239 0.1461173 0.1332839 0.1007700 0.1651449 0.0998890 0.1391568 0.1343574 0.1267346 0.1558226 0.0877625 0.1580549 0.1182996 0.1445798 0.1067986 0.1458090 0.1459875 0.1435772 0.1629461 0.1061544 0.0528499 0.1274189 0.1235878 0.0652815 0.1526311 0.1404466 0.1203765 0.0999103 0.1465351 0.1237480 0.1435772 0.1210913 0.1335042 0.1225880 0.1477752 0.0835438 0.1529244 0.1158585 0.0826522 0.1319608 0.0877625 0.0871783 0.1468786 0.1265632 0.1082784 0.1484217 0.1536805 0.1435442 0.1096020 0.1606624 0.0902761 0.1422487 0.1030372 0.1414447 0.1532536 0.1226305 0.1219362 0.1402692 0.1488034 0.0793287 0.1625790 0.1675114 0.1322683 
S0308       0.1298562 0.0905432 0.1255597 0.1168191 0.0766913 0.1812320 0.1160435 0.1269364 0.1635214 0.0000000 0.1699027 0.1264799 0.1104813 0.1140717 0.1350281 0.1277408 0.1357671 0.1337738 0.0706219 0.1208943 0.1526282 0.1012885 0.1095115 0.1904449 0.1135891 0.1375883 0.1215801 0.1568277 0.1131773 0.0705979 0.2143609 0.1503564 0.0867239 0.1264424 0.1584957 0.0934668 0.1168428 0.0934668 0.1444679 0.1049898 0.1197712 0.0578989 0.0985230 0.1242695 0.1381273 0.1318039 0.1170482 0.2103797 0.0778959 0.1056365 0.1172904 0.1203235 0.1927105 0.0861243 0.2028721 0.1548450 0.1486930 0.0842785 0.1231107 0.1282756 0.1096603 0.1426232 0.1430742 0.1044753 0.1284552 0.1205946 0.1267193 0.1019398 0.0835395 0.1070751 0.0646209 0.1296856 0.1305869 0.1096603 0.1007844 0.1068036 0.0986070 0.1299222 0.1500643 0.1246313 0.0930889 0.1645448 0.1035163 0.0861243 0.1034415 0.1504864 0.1023656 0.0973050 0.1205433 0.1352586 0.1241024 0.1753223 0.1263589 0.1154808 0.1087361 0.0946043 0.1199374 0.1406335 0.1173399 0.1411029 0.1388257 0.1278795 0.0835987 0.1396827 0.1251221 0.1231348 
S0320       0.1176293 0.0733834 0.0981600 0.1379540 0.1339818 0.0726274 0.1161341 0.1326944 0.0572199 0.1699027 0.0000000 0.1206002 0.1314228 0.1380243 0.0468056 0.0472596 0.1370777 0.0652044 0.1354696 0.0835212 0.1159922 0.1156950 0.1399366 0.0584488 0.0787733 0.1402231 0.1294154 0.1491530 0.0872029 0.1354208 0.2048347 0.0998303 0.1593177 0.1305026 0.1218927 0.0804470 0.1379795 0.0856716 0.1332689 0.0733749 0.0845745 0.1093739 0.0832909 0.1340865 0.1308663 0.1248697 0.0945453 0.2010537 0.0997437 0.1663835 0.1131231 0.1057568 0.1836458 0.0876748 0.1936046 0.1378041 0.1201088 0.1066152 0.1453428 0.1333000 0.1304609 0.1493410 0.1074835 0.0594875 0.1214639 0.1111908 0.0528440 0.1460167 0.1527950 0.1295981 0.0997649 0.1165202 0.1168103 0.1304609 0.1300447 0.1188980 0.1030946 0.1319607 0.0769915 0.1243093 0.1106913 0.0533834 0.1187866 0.0876748 0.0945096 0.1410685 0.1135986 0.1160512 0.1214165 0.1336234 0.1382939 0.0955761 0.1630580 0.0770469 0.1292836 0.0972783 0.1113138 0.1251696 0.1242757 0.1235782 0.1206862 0.1574699 0.0792768 0.1420795 0.1543811 0.1130070 
S0376       0.0894902 0.0762438 0.0855234 0.0752810 0.0977248 0.1548001 0.0962768 0.0812473 0.1431669 0.1264799 0.1206002 0.0000000 0.0698019 0.0747645 0.0837668 0.0765896 0.0300271 0.1092857 0.1044671 0.0688590 0.0969207 0.0576877 0.0702014 0.1443580 0.0890838 0.0891056 0.0689328 0.1245342 0.1105365 0.0911778 0.1640044 0.0804527 0.1094137 0.1054200 0.0853235 0.0830827 0.0752974 0.0900760 0.1068363 0.0961126 0.0947757 0.0845081 0.0871478 0.1119019 0.0996557 0.0758149 0.0882010 0.1611843 0.0763654 0.1272645 0.0800258 0.0817263 0.1455069 0.0900760 0.1542703 0.1244106 0.1033431 0.0703040 0.1006371 0.1212689 0.0693155 0.0959429 0.0902046 0.0901374 0.0819926 0.0755027 0.1023959 0.0655029 0.1052901 0.0688325 0.0763822 0.0757461 0.0967950 0.0693155 0.0633293 0.0653811 0.0793713 0.0890808 0.1217832 0.0904530 0.0853558 0.1262589 0.0709962 0.0900760 0.0758341 0.1036019 0.0633492 0.0778766 0.1111011 0.1040568 0.0813546 0.1367843 0.0876124 0.1021695 0.0688538 0.0530068 0.0757031 0.0809458 0.0702645 0.0828043 0.0636645 0.1033156 0.0697803 0.1073284 0.0246462 0.0522965 
S0400       0.0660274 0.0785949 0.1147742 0.0144862 0.0801894 0.1292794 0.1037452 0.0119780 0.1446076 0.1104813 0.1314228 0.0698019 0.0000000 0.0193800 0.0974478 0.0834440 0.0829348 0.1035614 0.0805080 0.0759094 0.0784164 0.0197366 0.0146646 0.1457375 0.0711166 0.0851247 0.0301589 0.0406111 0.1003581 0.0737809 0.1757587 0.0632338 0.0909249 0.0875490 0.1060517 0.0870271 0.0144898 0.0780872 0.1069984 0.0859650 0.0766970 0.0741658 0.0755795 0.1077474 0.1129607 0.0383464 0.1177403 0.1726583 0.0799245 0.1209285 0.0677826 0.0752034 0.1564168 0.0798746 0.1655589 0.1141786 0.0999366 0.0864797 0.0701355 0.1151978 0.0095780 0.0303436 0.0909826 0.0789824 0.0779248 0.0582425 0.1032974 0.0975922 0.0874353 0.0144119 0.0662672 0.0901612 0.1043130 0.0095780 0.0095731 0.0480969 0.0870308 0.0590785 0.1026252 0.1037077 0.0796344 0.1171441 0.0201438 0.0798746 0.1041087 0.0986449 0.0047479 0.1072079 0.1130855 0.0925883 0.0194812 0.1307142 0.0299256 0.0696077 0.0095308 0.0151305 0.0851604 0.1111455 0.0723613 0.0716221 0.0767345 0.0817843 0.0718985 0.0955244 0.0969865 0.0584626 
S0405       0.0713972 0.0825046 0.1203031 0.0242571 0.0841607 0.1334352 0.1155241 0.0240917 0.1338248 0.1140717 0.1380243 0.0747645 0.0193800 0.0000000 0.0959970 0.0947936 0.0942634 0.1152752 0.0844825 0.0878465 0.0898626 0.0297438 0.0144862 0.1434136 0.0822922 0.0905739 0.0403932 0.0333615 0.1040100 0.0778455 0.1726182 0.0740124 0.0948900 0.0862203 0.1180310 0.0908982 0.0242630 0.0769632 0.1130340 0.0898049 0.0878967 0.0782429 0.0866068 0.1112961 0.1250376 0.0563422 0.1210278 0.1696282 0.0838932 0.1051672 0.0730196 0.0870917 0.1537198 0.0838193 0.1626599 0.1123917 0.1119385 0.0903533 0.0812060 0.1276615 0.0192486 0.0406297 0.0770066 0.0904947 0.0832942 0.0690799 0.0945821 0.1014351 0.0913337 0.0142397 0.0703633 0.1017262 0.1161546 0.0192486 0.0094595 0.0590273 0.0922679 0.0582612 0.1142712 0.1154797 0.0913070 0.1290180 0.0303527 0.0838193 0.1076131 0.0971528 0.0143120 0.1107642 0.1113127 0.1044349 0.0293542 0.1432586 0.0400766 0.0805507 0.0191499 0.0200969 0.0905909 0.1145513 0.0837562 0.0828953 0.0691357 0.0929139 0.0758833 0.1077201 0.1005846 0.0629918 
S0407sl     0.0875106 0.0590088 0.0921398 0.1033335 0.0909871 0.0590662 0.1095639 0.1006829 0.0517792 0.1350281 0.0468056 0.0837668 0.0974478 0.0959970 0.0000000 0.0294316 0.1045397 0.0455528 0.0920030 0.0752969 0.1137965 0.0982880 0.0914659 0.0747624 0.0580965 0.1034547 0.0961209 0.1179870 0.0842525 0.0919768 0.1365781 0.0828862 0.1104625 0.0967866 0.1130614 0.0789271 0.1033545 0.0655056 0.1353820 0.0709744 0.0634711 0.0790772 0.0625835 0.1129311 0.1204900 0.0906316 0.0660097 0.1343700 0.0847741 0.1269971 0.1180290 0.1181586 0.1199205 0.0721111 0.1278632 0.1171872 0.1173768 0.0784143 0.1314448 0.1359716 0.0967568 0.1267123 0.0697945 0.0297141 0.0830077 0.0808138 0.0532514 0.1022204 0.1062583 0.0770170 0.0711058 0.1266994 0.1101615 0.0967568 0.0837030 0.0932031 0.1081646 0.1052228 0.0511034 0.1095231 0.0985598 0.0348522 0.0991433 0.0721111 0.0659871 0.1101996 0.0900937 0.0851907 0.1333428 0.1177635 0.0967347 0.0688642 0.1249530 0.0568984 0.0960187 0.0670272 0.1148983 0.1406185 0.0911518 0.1120798 0.1112273 0.1277699 0.0645745 0.1274338 0.1251137 0.1039279 
S0417       0.0945520 0.0419750 0.0596026 0.0891276 0.0847134 0.0718408 0.0900769 0.0753861 0.0522856 0.1277408 0.0472596 0.0765896 0.0834440 0.0947936 0.0294316 0.0000000 0.0901403 0.0344918 0.0856661 0.0496975 0.1122493 0.0841168 0.0903137 0.0878299 0.0462265 0.0774909 0.0823559 0.1068556 0.0728225 0.0856424 0.1345555 0.0580550 0.1035101 0.1114519 0.0850079 0.0605693 0.0891465 0.0530561 0.0921235 0.0598888 0.0514292 0.0729727 0.0507358 0.0928040 0.0918324 0.0894376 0.0601814 0.1324197 0.0786073 0.1185262 0.0820370 0.0754531 0.1182464 0.0542188 0.1260294 0.0879857 0.0750450 0.0850055 0.1158431 0.1004200 0.0828564 0.0977337 0.0777741 0.0192930 0.0636872 0.0566329 0.0414216 0.1008452 0.0995933 0.0761095 0.0652697 0.0846172 0.0905569 0.0828564 0.0826888 0.0728095 0.0736809 0.0907251 0.0515954 0.0900478 0.0729456 0.0460167 0.0723107 0.0542188 0.0483558 0.0956113 0.0765444 0.0665326 0.1038734 0.0846565 0.0828375 0.0816702 0.1095900 0.0574613 0.0822647 0.0542511 0.0860381 0.1054058 0.0652328 0.0718312 0.0837679 0.1120487 0.0473663 0.0912725 0.1046033 0.0771491 
S0427       0.1119538 0.0984401 0.0984057 0.0886058 0.1226486 0.1736925 0.0945996 0.0983600 0.1597648 0.1357671 0.1370777 0.0300271 0.0829348 0.0942634 0.1045397 0.0901403 0.0000000 0.1245604 0.1300574 0.0828721 0.0952292 0.0637133 0.0897833 0.1690655 0.1032429 0.1195314 0.0818564 0.1492113 0.1364301 0.1154763 0.1851139 0.0938555 0.1365805 0.1378033 0.0922998 0.1060263 0.0886245 0.1112518 0.1145279 0.1204082 0.1040091 0.0916683 0.0945175 0.1297483 0.1071196 0.0821495 0.0823577 0.1817879 0.0986541 0.1320711 0.0948747 0.0964553 0.1651259 0.1138890 0.1745536 0.1404551 0.0874214 0.0920304 0.0947187 0.1034195 0.0823517 0.1014190 0.0964288 0.0971300 0.1111755 0.0888526 0.1242780 0.0949149 0.1312220 0.0879514 0.0986749 0.0676336 0.0951008 0.0823517 0.0821871 0.0583698 0.0778137 0.1032845 0.1376080 0.0888741 0.0838491 0.1258180 0.0702743 0.1138890 0.0701201 0.1198083 0.0760623 0.0719876 0.1016692 0.0879015 0.0949728 0.1453666 0.1016230 0.1035087 0.0817657 0.0598069 0.0686806 0.0742113 0.0981830 0.0967165 0.0764560 0.1080585 0.0912595 0.0905498 0.0406182 0.0766613 
S0428sl     0.1150906 0.0717021 0.0848771 0.1094709 0.0982348 0.0786639 0.0881102 0.1083649 0.0703008 0.1337738 0.0652044 0.1092857 0.1035614 0.1152752 0.0455528 0.0344918 0.1245604 0.0000000 0.0993241 0.0795942 0.1201846 0.1044698 0.1109475 0.0822448 0.0636472 0.1161418 0.0835672 0.1457298 0.0926803 0.0992948 0.1520200 0.0763312 0.1100579 0.1194018 0.1246975 0.0868462 0.1094925 0.0779695 0.1326930 0.0787912 0.0574222 0.0929730 0.0680773 0.1055011 0.1161178 0.0833555 0.0921716 0.1495157 0.0988219 0.1335019 0.1155856 0.1248221 0.1346150 0.0797434 0.1428876 0.1292073 0.1239802 0.1056142 0.1237312 0.1116472 0.1028331 0.1189901 0.1028798 0.0348288 0.0950193 0.0865381 0.0707471 0.1175388 0.1139713 0.0955233 0.0843478 0.1269511 0.1013178 0.1028331 0.1025809 0.1061929 0.0990274 0.1114670 0.0693243 0.1137932 0.0965465 0.0752939 0.0920308 0.0797434 0.0921454 0.1303313 0.0960845 0.1129401 0.1096892 0.1240842 0.0897988 0.0885135 0.1113105 0.0756116 0.1020352 0.0792172 0.1219615 0.1355431 0.0972104 0.1098853 0.1174718 0.1199810 0.0774329 0.1339636 0.1343869 0.1100761 
S0430       0.1002292 0.0649574 0.0996713 0.0864108 0.0243999 0.1372021 0.1275379 0.1046399 0.1240860 0.0706219 0.1354696 0.1044671 0.0805080 0.0844825 0.0920030 0.0856661 0.1300574 0.0993241 0.0000000 0.0906961 0.1561240 0.0811778 0.0797769 0.1629177 0.0857231 0.1179387 0.0928478 0.1193096 0.0853487 0.0094193 0.1666592 0.1195914 0.0199294 0.1083744 0.1415763 0.0726593 0.0864301 0.0726593 0.1211652 0.0780431 0.0915769 0.0478640 0.0901729 0.1029514 0.1398948 0.1018053 0.1115296 0.1637584 0.0532125 0.0925511 0.0878324 0.0899140 0.1478475 0.0659857 0.1567553 0.1305825 0.1521921 0.0590943 0.1127353 0.1411386 0.0799170 0.1092258 0.1125381 0.0781060 0.1097498 0.0973943 0.0978908 0.0678307 0.0192521 0.0781240 0.0412852 0.1547498 0.1509727 0.0799170 0.0722761 0.1036204 0.1315368 0.1004282 0.1054556 0.1446131 0.1109616 0.1316026 0.0816848 0.0659857 0.0979533 0.1354492 0.0734006 0.0918059 0.1619222 0.1383426 0.0930283 0.1419976 0.1076409 0.0927315 0.0793291 0.0615311 0.1363727 0.1563872 0.0937128 0.1159845 0.1225615 0.1308057 0.0471433 0.1429445 0.1257275 0.1077043 
S0552sl     0.0989471 0.0622530 0.0760957 0.0747610 0.0906692 0.1240887 0.0618751 0.0650190 0.1116607 0.1208943 0.0835212 0.0688590 0.0759094 0.0878465 0.0752969 0.0496975 0.0828721 0.0795942 0.0906961 0.0000000 0.0702168 0.0765402 0.0751922 0.1308390 0.0744452 0.0838298 0.0748766 0.0953611 0.0690387 0.0838579 0.1501943 0.0680975 0.1025617 0.0978806 0.0098841 0.0637547 0.0747610 0.0557414 0.0256962 0.0558448 0.0802732 0.0835555 0.0790515 0.0486610 0.0098819 0.0735774 0.0828419 0.1475429 0.0895490 0.1198015 0.0266004 0.0391038 0.1316121 0.0570239 0.1404402 0.0491808 0.0729404 0.0828257 0.0935732 0.0925332 0.0753405 0.0907100 0.0831667 0.0753014 0.0686941 0.0548921 0.0553023 0.0789688 0.0906961 0.0747610 0.0750308 0.0639204 0.0622077 0.0753405 0.0751917 0.0642888 0.0646223 0.0761643 0.0871730 0.0691585 0.0575911 0.0835238 0.0642114 0.0570239 0.0696908 0.0964550 0.0687972 0.0765840 0.0881141 0.0583127 0.0747408 0.0906159 0.0961795 0.0875679 0.0747857 0.0513344 0.0650340 0.0767160 0.0755523 0.0419152 0.0828549 0.1128961 0.0616626 0.0647759 0.1050317 0.0693590 
S0558       0.1135926 0.1215721 0.1108263 0.0841396 0.1481989 0.1692126 0.0708368 0.0847697 0.1580368 0.1526282 0.1159922 0.0969207 0.0784164 0.0898626 0.1137965 0.1122493 0.0952292 0.1201846 0.1561240 0.0702168 0.0000000 0.0919852 0.0852742 0.1411805 0.1047208 0.1295258 0.0651853 0.1307731 0.1319775 0.1405419 0.2465806 0.0825565 0.1641839 0.1395165 0.0929756 0.1321973 0.0841580 0.1207364 0.1153743 0.1159183 0.0973451 0.1214432 0.1089515 0.1161526 0.1079107 0.0573779 0.0905493 0.2419051 0.1390843 0.1486916 0.0808080 0.0887703 0.2232868 0.1236612 0.2341755 0.1415007 0.0824519 0.1315919 0.0960810 0.0974671 0.0778551 0.0926620 0.1357165 0.1199238 0.1066950 0.0843835 0.1341849 0.1359889 0.1576593 0.0835190 0.1219301 0.0897682 0.0712051 0.0778551 0.0777040 0.0466415 0.0654858 0.0915042 0.1395419 0.0831625 0.0657665 0.1384571 0.0734628 0.1236612 0.1035849 0.1116599 0.0645231 0.1206018 0.0707621 0.0921664 0.0905382 0.1409173 0.0842322 0.1187640 0.0773021 0.0611414 0.0784349 0.0972457 0.1072478 0.0844229 0.1048079 0.0963906 0.1279348 0.1008431 0.1232899 0.0846824 
S0641       0.0665321 0.0792279 0.1158630 0.0247078 0.0808544 0.1305669 0.1184182 0.0246495 0.1461254 0.1012885 0.1156950 0.0576877 0.0197366 0.0297438 0.0982880 0.0841168 0.0637133 0.1044698 0.0811778 0.0765402 0.0919852 0.0000000 0.0250169 0.1472077 0.0716623 0.0858350 0.0411955 0.0559749 0.1012553 0.0743766 0.1778556 0.0636912 0.0917448 0.0883036 0.1070093 0.0735272 0.0247138 0.0787112 0.1079808 0.0866857 0.0772960 0.0673113 0.0695908 0.1087413 0.1140067 0.0576244 0.1110634 0.1746702 0.0667597 0.1220948 0.0683159 0.0758246 0.1581628 0.0805298 0.1674640 0.1152493 0.1043923 0.0730290 0.0641592 0.1310981 0.0196004 0.0414410 0.0917533 0.0796207 0.0785482 0.0586600 0.1042022 0.0831425 0.0881886 0.0245732 0.0667754 0.0895221 0.1190829 0.0196004 0.0195866 0.0420607 0.1013857 0.0595093 0.1035178 0.1122771 0.0935124 0.1182212 0.0199971 0.0805298 0.0975730 0.0920803 0.0145691 0.1004449 0.1285461 0.1070344 0.0299087 0.1471975 0.0408657 0.0636978 0.0194979 0.0258356 0.0845598 0.1028255 0.0729294 0.0848077 0.0773341 0.0824279 0.0724587 0.1104929 0.0766944 0.0647945 
S0643       0.0666474 0.0778947 0.1158548 0.0195804 0.0794626 0.1375692 0.1111748 0.0182727 0.1379967 0.1095115 0.1399366 0.0702014 0.0146646 0.0144862 0.0914659 0.0903137 0.0897833 0.1109475 0.0797769 0.0751922 0.0852742 0.0250169 0.0000000 0.1540973 0.0777103 0.0859246 0.0356862 0.0336796 0.0920790 0.0731043 0.1590929 0.0694865 0.0900827 0.0814403 0.1136454 0.0862475 0.0195853 0.0722893 0.1147224 0.0782024 0.0833814 0.0734820 0.0821448 0.1068201 0.1128279 0.0512796 0.1167767 0.1563311 0.0791999 0.1145626 0.0681911 0.0744972 0.1405646 0.0791547 0.1493494 0.1079014 0.1074512 0.0857046 0.0766517 0.1232445 0.0145636 0.0359021 0.0850223 0.0858888 0.0786499 0.0644639 0.0972978 0.0890746 0.0866455 0.0095752 0.0656617 0.0972573 0.1117915 0.0145636 0.0047699 0.0542384 0.0875717 0.0654037 0.1099536 0.1111324 0.0866459 0.1248361 0.0255374 0.0791547 0.1032313 0.0925681 0.0096243 0.1062838 0.1209133 0.0998962 0.0246873 0.1390650 0.0298661 0.0760422 0.0144895 0.0152101 0.0859580 0.1102192 0.0791028 0.0782806 0.0834229 0.0884962 0.0712534 0.1030965 0.0961610 0.0647029 
S0645sl     0.1257952 0.1176899 0.1406093 0.1520347 0.1612585 0.0789849 0.1198025 0.1502114 0.1031972 0.1904449 0.0584488 0.1443580 0.1457375 0.1434136 0.0747624 0.0878299 0.1690655 0.0822448 0.1629177 0.1308390 0.1411805 0.1472077 0.1540973 0.0000000 0.1037991 0.1759689 0.1435841 0.2011018 0.1329470 0.1628548 0.2380288 0.1221140 0.1885034 0.1272165 0.1590374 0.1423834 0.1520595 0.1307415 0.1686693 0.1175443 0.1097429 0.1429435 0.0949977 0.1384272 0.1654441 0.1187427 0.1309069 0.2336432 0.1492190 0.1697840 0.1230654 0.1416543 0.2157098 0.1338325 0.2261558 0.1743135 0.1627958 0.1568303 0.1529015 0.1549267 0.1447415 0.1788816 0.1456874 0.0889101 0.1500372 0.1436530 0.0828473 0.1781674 0.1810162 0.1437562 0.1320317 0.1483420 0.1349254 0.1447415 0.1442626 0.1133615 0.1231937 0.1400561 0.0885770 0.1488736 0.1374609 0.0949013 0.1407983 0.1338325 0.1308570 0.1827073 0.1300346 0.1497423 0.1462023 0.1587039 0.1523552 0.1000859 0.1711787 0.1015032 0.1293159 0.1194830 0.1510445 0.1729306 0.1532360 0.1560256 0.1379388 0.1494663 0.1238355 0.1704340 0.1870343 0.1301108 
S0656sl     0.0784759 0.0590561 0.0849370 0.0766937 0.0667160 0.1080232 0.0951863 0.0733958 0.0923286 0.1135891 0.0787733 0.0890838 0.0711166 0.0822922 0.0580965 0.0462265 0.1032429 0.0636472 0.0857231 0.0744452 0.1047208 0.0716623 0.0777103 0.1037991 0.0000000 0.0772092 0.0702145 0.0952446 0.0788867 0.0729526 0.1655183 0.0698268 0.0897398 0.0979982 0.1063640 0.0664675 0.0767106 0.0586907 0.1055333 0.0657111 0.0249242 0.0665659 0.0246049 0.0928580 0.1119884 0.0647815 0.0912342 0.1626858 0.0721396 0.0978945 0.0887079 0.0814217 0.1470417 0.0599818 0.1479300 0.1155918 0.1079061 0.0784208 0.0895830 0.1118355 0.0706135 0.0977899 0.0828950 0.0467117 0.0585192 0.0516218 0.0700721 0.0955591 0.0863536 0.0761521 0.0591417 0.1111313 0.0956908 0.0706135 0.0704885 0.0605503 0.0925227 0.0657399 0.0465578 0.0951547 0.0844146 0.0899742 0.0723523 0.0599818 0.0784120 0.0831828 0.0586242 0.0982560 0.1098635 0.0972604 0.0828843 0.0989403 0.0964227 0.0303378 0.0701333 0.0543001 0.1061533 0.1334118 0.0774776 0.0843916 0.0966250 0.0854949 0.0646126 0.1060114 0.1182840 0.0833897 
S0673       0.0781032 0.0961293 0.0998612 0.0851295 0.0915499 0.1733469 0.1224494 0.0674320 0.1463056 0.1375883 0.1402231 0.0891056 0.0851247 0.0905739 0.1034547 0.0774909 0.1195314 0.1161418 0.1179387 0.0838298 0.1295258 0.0858350 0.0859246 0.1759689 0.0772092 0.0000000 0.0839799 0.0981027 0.1084955 0.1041747 0.1884248 0.1045301 0.1236139 0.1041834 0.1261715 0.1052153 0.0910044 0.0992164 0.1251526 0.0964997 0.0828719 0.0842226 0.0766358 0.1116630 0.1321515 0.0937286 0.1183176 0.1940344 0.0899154 0.1268796 0.0909352 0.1000102 0.1767697 0.0976935 0.1866069 0.1293453 0.1504695 0.0964695 0.0972202 0.1297259 0.0845092 0.1084612 0.1029943 0.0965121 0.0144399 0.0406407 0.1121179 0.1071337 0.1127629 0.0841297 0.0761019 0.1321594 0.1231250 0.0845092 0.0782319 0.0806638 0.1056948 0.1001650 0.1042528 0.1223999 0.0978969 0.1433842 0.0813354 0.0976935 0.1045443 0.0588640 0.0779988 0.1119446 0.1325544 0.0977645 0.0975847 0.1603614 0.0969139 0.0900121 0.0838854 0.0541882 0.1134307 0.1486209 0.0654559 0.0926082 0.1123748 0.1388050 0.0891451 0.1069430 0.1237613 0.0981525 
S0689       0.0651851 0.0775625 0.1061587 0.0352404 0.0861995 0.1372092 0.1023146 0.0378371 0.1423856 0.1215801 0.1294154 0.0689328 0.0301589 0.0403932 0.0961209 0.0823559 0.0818564 0.0835672 0.0928478 0.0748766 0.0651853 0.0411955 0.0356862 0.1435841 0.0702145 0.0839799 0.0000000 0.0718727 0.0857751 0.0797383 0.1728208 0.0511774 0.0875171 0.0996882 0.1045616 0.0858369 0.0352488 0.0770682 0.1131862 0.0722004 0.0637936 0.0731769 0.0746290 0.1078231 0.1197881 0.0383985 0.1027018 0.1698257 0.0788506 0.1191560 0.0673892 0.0812735 0.1539037 0.0788079 0.1628517 0.1385752 0.0985381 0.0852993 0.0692556 0.1135038 0.0299498 0.0414943 0.0897525 0.0833563 0.0769076 0.0575355 0.1018817 0.0961761 0.0935573 0.0350377 0.0654196 0.0889556 0.0963299 0.0299498 0.0299229 0.0475143 0.0793625 0.0583503 0.1012278 0.1022785 0.0722759 0.1327314 0.0253457 0.0788079 0.1026721 0.0972798 0.0247281 0.1056768 0.1114617 0.0913181 0.0354952 0.1287520 0.0297999 0.0825160 0.0297843 0.0149652 0.0840191 0.1095855 0.0773442 0.0707047 0.0638236 0.0650307 0.0709735 0.0941719 0.0956731 0.0577510 
S0690       0.1219596 0.0969686 0.1498649 0.0474899 0.1298865 0.1560651 0.1543263 0.0401558 0.1469164 0.1568277 0.1491530 0.1245342 0.0406111 0.0333615 0.1179870 0.1068556 0.1492113 0.1457298 0.1193096 0.0953611 0.1307731 0.0559749 0.0336796 0.2011018 0.0952446 0.0981027 0.0718727 0.0000000 0.1147182 0.1094568 0.2103942 0.0962396 0.1370326 0.1004847 0.1391791 0.1092114 0.0326317 0.0893913 0.1530971 0.1065921 0.0971910 0.1095794 0.1124698 0.1410265 0.1494848 0.0713147 0.1446362 0.2051360 0.1071512 0.1527672 0.1063126 0.1371907 0.1931623 0.0990731 0.1950483 0.1327312 0.1379431 0.1163166 0.1242924 0.1676862 0.0402375 0.0562598 0.0746297 0.1102487 0.0988157 0.0786725 0.0855601 0.1596281 0.1299452 0.0259961 0.0972184 0.1316569 0.1555106 0.0402375 0.0261663 0.0913406 0.1239551 0.1092783 0.1370702 0.1542259 0.1198827 0.1486922 0.0419159 0.0990731 0.1254501 0.1186986 0.0331071 0.1374224 0.1545844 0.1220960 0.0326228 0.1726795 0.0710499 0.1038190 0.0399282 0.0424649 0.1058155 0.1509824 0.1084586 0.1103736 0.1309240 0.1334740 0.0961624 0.1221603 0.1562039 0.0950615 
S0720       0.0983487 0.0354100 0.0770107 0.0929101 0.0788898 0.1420959 0.1075714 0.0918006 0.0742598 0.1131773 0.0872029 0.1105365 0.1003581 0.1040100 0.0842525 0.0728225 0.1364301 0.0926803 0.0853487 0.0690387 0.1319775 0.1012553 0.0920790 0.1329470 0.0788867 0.1084955 0.0857751 0.1147182 0.0000000 0.0726075 0.1620098 0.0920635 0.0893428 0.1029732 0.1054821 0.0416767 0.0929302 0.0416767 0.1156344 0.0000023 0.0846317 0.0530542 0.0833598 0.1110697 0.0999395 0.1173826 0.0763216 0.1591652 0.0583745 0.1217498 0.0958751 0.0856373 0.1431719 0.0359401 0.1521002 0.1158149 0.1205299 0.0642631 0.1210078 0.1347478 0.0996294 0.1161186 0.0917870 0.0865600 0.1024278 0.0903446 0.0762580 0.0817237 0.0859749 0.0911089 0.0463515 0.1236528 0.1081784 0.0996294 0.0848649 0.1029802 0.1088822 0.1084194 0.0971743 0.1360541 0.0961710 0.1144950 0.0885296 0.0359401 0.0642895 0.1271642 0.0927417 0.0705722 0.1375201 0.1244569 0.1067286 0.1339396 0.1144430 0.0843630 0.0988420 0.0674582 0.1138038 0.1188293 0.0998673 0.0932450 0.1145951 0.1029036 0.0405920 0.1324277 0.1318980 0.1139385 
S0724sl     0.0867683 0.0531423 0.0862967 0.0796059 0.0143881 0.1447303 0.1132560 0.0956168 0.1240442 0.0705979 0.1354208 0.0911778 0.0737809 0.0778455 0.0919768 0.0856424 0.1154763 0.0992948 0.0094193 0.0838579 0.1405419 0.0743766 0.0731043 0.1628548 0.0729526 0.1041747 0.0797383 0.1094568 0.0726075 0.0000000 0.1665928 0.1056964 0.0097944 0.0944071 0.1262714 0.0603260 0.0796239 0.0603260 0.1070273 0.0656667 0.0786851 0.0365357 0.0775070 0.0898952 0.1322573 0.0873042 0.0979533 0.1636945 0.0417784 0.0794254 0.0746877 0.0763945 0.1477929 0.0539731 0.1566953 0.1228269 0.1363345 0.0474518 0.0990418 0.1257343 0.0732398 0.1018446 0.0987581 0.0780853 0.0964344 0.0843929 0.0978624 0.0554526 0.0094631 0.0716109 0.0304077 0.1391915 0.1358995 0.0732398 0.0658475 0.0896762 0.1167623 0.0870013 0.1054238 0.1296805 0.0967698 0.1387296 0.0751133 0.0539731 0.0848234 0.1208380 0.0668725 0.0788175 0.1462090 0.1234514 0.0860964 0.1419461 0.1003620 0.0858334 0.0727168 0.0554186 0.1216880 0.1413077 0.0936778 0.1018040 0.1082875 0.1252701 0.0359974 0.1275351 0.1117103 0.0939811 
S0735       0.1856674 0.1562429 0.1957807 0.1469631 0.1484438 0.2165936 0.2121792 0.1551061 0.1681078 0.2143609 0.2048347 0.1640044 0.1757587 0.1726182 0.1365781 0.1345555 0.1851139 0.1520200 0.1666592 0.1501943 0.2465806 0.1778556 0.1590929 0.2380288 0.1655183 0.1884248 0.1728208 0.2103942 0.1620098 0.1665928 0.0000000 0.1713226 0.1932806 0.1867865 0.2035086 0.1624003 0.1661994 0.1430555 0.2079539 0.1438317 0.1724093 0.1421753 0.1692957 0.2197818 0.1879370 0.1719407 0.2208011 0.0095214 0.1420379 0.2107820 0.1893999 0.1596452 0.0095214 0.1525377 0.0047431 0.1935961 0.2254557 0.1500086 0.1763109 0.2173238 0.1744902 0.2146617 0.1580657 0.1365623 0.1696545 0.1391953 0.1643678 0.1436532 0.1648354 0.1484617 0.1307169 0.2061742 0.1956933 0.1744902 0.1494030 0.1730244 0.1822930 0.1558190 0.1555783 0.2061207 0.1849729 0.1972230 0.1789597 0.1525377 0.2026022 0.1792079 0.1655589 0.2024226 0.2281321 0.1824689 0.1744493 0.1990440 0.1938833 0.1832993 0.1726583 0.1288037 0.2012143 0.2325140 0.1825084 0.2058697 0.1902097 0.2089569 0.1539954 0.1805362 0.1835295 0.1626282 
S0742       0.0770012 0.0592277 0.0773889 0.0686029 0.1125369 0.1197208 0.0966326 0.0512600 0.1069680 0.1503564 0.0998303 0.0804527 0.0632338 0.0740124 0.0828862 0.0580550 0.0938555 0.0763312 0.1195914 0.0680975 0.0825565 0.0636912 0.0694865 0.1221140 0.0698268 0.1045301 0.0511774 0.0962396 0.0920635 0.1056964 0.1713226 0.0000000 0.1253830 0.1186055 0.0959295 0.0792009 0.0686181 0.0707850 0.1125055 0.0782671 0.0634464 0.0923498 0.0742223 0.1273348 0.1121198 0.0556989 0.0831892 0.1683726 0.0981654 0.1273264 0.0732234 0.0802012 0.1525708 0.0723673 0.1614441 0.1229586 0.0920836 0.1049149 0.0759145 0.0981746 0.0507907 0.0591596 0.0841369 0.0705963 0.0889731 0.0688037 0.0825225 0.1239562 0.1205973 0.0566944 0.0837927 0.0884560 0.0971532 0.0507907 0.0626991 0.0529916 0.0720591 0.0580332 0.0879397 0.0965997 0.0792769 0.1041957 0.0414112 0.0723673 0.0831670 0.1025534 0.0513656 0.0986292 0.1168085 0.1044279 0.0627826 0.1478482 0.0751167 0.0820514 0.0623937 0.0414798 0.0835424 0.1089488 0.0769068 0.0825506 0.0825878 0.0767832 0.0648072 0.1115576 0.1081286 0.0810254 
S0748       0.1050769 0.0678701 0.1044638 0.0971671 0.0253995 0.1698064 0.1338213 0.1200523 0.1462861 0.0867239 0.1593177 0.1094137 0.0909249 0.0948900 0.1104625 0.1035101 0.1365805 0.1100579 0.0199294 0.1025617 0.1641839 0.0917448 0.0900827 0.1885034 0.0897398 0.1236139 0.0875171 0.1370326 0.0893428 0.0097944 0.1932806 0.1253830 0.0000000 0.1137602 0.1489176 0.0603110 0.0971887 0.0603110 0.1271302 0.0816317 0.0958676 0.0499890 0.0943284 0.0997939 0.1552268 0.1071205 0.1168718 0.1896912 0.0555715 0.0969693 0.0920624 0.0943624 0.1723472 0.0539600 0.1822073 0.1446884 0.1602507 0.0617337 0.1181711 0.1485238 0.0902329 0.1218147 0.1180107 0.0950534 0.1053948 0.1019537 0.1167534 0.0710093 0.0200316 0.0881100 0.0430629 0.1627528 0.1585634 0.0902329 0.0819273 0.1087931 0.1382121 0.1052679 0.1250848 0.1518803 0.1165358 0.1621215 0.0926262 0.0539600 0.1025856 0.1422021 0.0832455 0.0961438 0.1702926 0.1453441 0.0961001 0.1659492 0.1088915 0.1038658 0.0895145 0.0709436 0.1431958 0.1641898 0.1126117 0.1217620 0.1286398 0.1475900 0.0492018 0.1503896 0.1318141 0.1129521 
S0753       0.1087257 0.0983483 0.1248575 0.0935633 0.1012803 0.1321097 0.1057214 0.0849088 0.1436221 0.1264424 0.1305026 0.1054200 0.0875490 0.0862203 0.0967866 0.1114519 0.1378033 0.1194018 0.1083744 0.0978806 0.1395165 0.0883036 0.0814403 0.1272165 0.0979982 0.1041834 0.0996882 0.1004847 0.1029732 0.0944071 0.1867865 0.1186055 0.1137602 0.0000000 0.1331664 0.1078000 0.0935838 0.0924604 0.1091194 0.0909208 0.1039465 0.1021847 0.0954972 0.1012307 0.1391770 0.1108069 0.1512950 0.1834253 0.1083062 0.1322755 0.0855841 0.0835109 0.1667054 0.0999963 0.1761774 0.1198319 0.1510711 0.1154931 0.1368413 0.1176123 0.0869019 0.1171374 0.0903594 0.1071591 0.1036623 0.0965174 0.1052422 0.1063003 0.1092792 0.0797174 0.0928765 0.1302633 0.1203778 0.0869019 0.0737458 0.0877315 0.0966890 0.1152812 0.1019377 0.1196463 0.1012933 0.1338272 0.0891376 0.0999963 0.1360396 0.1186551 0.0801981 0.1381893 0.1195554 0.1081451 0.1003517 0.1298212 0.1056786 0.0958219 0.0862407 0.0759090 0.1163875 0.1529173 0.1106533 0.1124666 0.1155909 0.1165992 0.0987665 0.1006479 0.1452619 0.1009482 
S0758       0.1319284 0.0913484 0.0872250 0.0969856 0.1166642 0.1684208 0.0930215 0.0928386 0.1380145 0.1584957 0.1218927 0.0853235 0.1060517 0.1180310 0.1130614 0.0850079 0.0922998 0.1246975 0.1415763 0.0098841 0.0929756 0.1070093 0.1136454 0.1590374 0.1063640 0.1261715 0.1045616 0.1391791 0.1054821 0.1262714 0.2035086 0.0959295 0.1489176 0.1331664 0.0000000 0.1003277 0.1121245 0.0907519 0.0305157 0.0910651 0.1124278 0.1086089 0.1106369 0.0657726 0.0195434 0.0986719 0.0908619 0.1998197 0.1205760 0.1475538 0.0422526 0.0504174 0.1827285 0.0928473 0.1925035 0.0532370 0.0882897 0.1135453 0.1025619 0.1280290 0.1052921 0.1219346 0.1240920 0.0993467 0.1084043 0.0914922 0.0901259 0.1122544 0.1250917 0.1029114 0.1048201 0.0866487 0.0935374 0.1052921 0.1050237 0.0875734 0.0833323 0.0987487 0.1325539 0.1012329 0.0898221 0.1228485 0.0942599 0.0928473 0.0781038 0.1384243 0.0983614 0.0994382 0.1217444 0.0836254 0.1104649 0.1077969 0.1202027 0.1206798 0.1044516 0.0811388 0.0881421 0.0996319 0.1151863 0.0463845 0.1064539 0.1292703 0.0905207 0.0906281 0.1212541 0.0924805 
S0760       0.0929883 0.0248557 0.0648900 0.0929840 0.0664101 0.1366963 0.1015703 0.0862793 0.0952730 0.0934668 0.0804470 0.0830827 0.0870271 0.0908982 0.0789271 0.0605693 0.1060263 0.0868462 0.0726593 0.0637547 0.1321973 0.0735272 0.0862475 0.1423834 0.0664675 0.1052153 0.0858369 0.1092114 0.0416767 0.0603260 0.1624003 0.0792009 0.0603110 0.1078000 0.1003277 0.0000000 0.0930042 0.0094960 0.1103458 0.0357681 0.0721093 0.0416913 0.0710486 0.1059758 0.1023473 0.1099600 0.0643226 0.1595333 0.0354206 0.1076677 0.0905202 0.0857289 0.1434539 0.0046851 0.1524310 0.1195940 0.0956585 0.0408443 0.1211777 0.1132867 0.0863905 0.1021326 0.0863913 0.0737347 0.0814191 0.0777315 0.0642698 0.0677680 0.0731645 0.0783562 0.0354292 0.0869231 0.1162253 0.0863905 0.0785353 0.0892781 0.0890065 0.0947248 0.0918797 0.1093003 0.0833531 0.1091026 0.0753787 0.0046851 0.0526575 0.1131427 0.0797519 0.0586955 0.1312944 0.1101798 0.0932731 0.1287974 0.1145955 0.0790225 0.0857393 0.0552112 0.0726631 0.0903786 0.0866139 0.0880095 0.1147476 0.1172749 0.0299242 0.1177912 0.0897375 0.1002800 
S0763       0.0716745 0.0843578 0.1210439 0.0095102 0.0860964 0.1356854 0.1097089 0.0180027 0.1360958 0.1168428 0.1379795 0.0752974 0.0144898 0.0242630 0.1033545 0.0891465 0.0886245 0.1094925 0.0864301 0.0747610 0.0841580 0.0247138 0.0195853 0.1520595 0.0767106 0.0910044 0.0352488 0.0326317 0.0929302 0.0796239 0.1661994 0.0686181 0.0971887 0.0935838 0.1121245 0.0930042 0.0000000 0.0838123 0.1131655 0.0789364 0.0823117 0.0800400 0.0811061 0.1139266 0.1191024 0.0442366 0.1238278 0.1633077 0.0858196 0.1272334 0.0735649 0.0746424 0.1474118 0.0857309 0.1563080 0.1116980 0.1060040 0.0924434 0.0756739 0.1215411 0.0143912 0.0354600 0.0916863 0.0847586 0.0836588 0.0636501 0.1092240 0.1038978 0.0934692 0.0192463 0.0719286 0.0898018 0.0969477 0.0143912 0.0095082 0.0474388 0.0930145 0.0645666 0.1033999 0.1096678 0.0854905 0.1231946 0.0252219 0.0857309 0.1100751 0.1046481 0.0095110 0.1133810 0.1192775 0.0985592 0.0142392 0.1371535 0.0349743 0.0750830 0.0143189 0.0202102 0.0910201 0.1171977 0.0780665 0.0772653 0.0823521 0.0751604 0.0775671 0.1016794 0.1028606 0.0638843 
