127
PAFTOL_019361 0.0000000 0.2721157 0.2559703 0.3247092 0.3226013 0.2687929 0.2740178 0.2772150 0.2579126 0.2615758 0.2835173 0.3196614 0.3019458 0.2874164 0.3053768 0.2895240 0.3152440 0.3125691 0.3199033 0.2486978 0.2551451 0.2627275 0.3114405 0.2721696 0.2672816 0.2487833 0.2701510 0.2796115 0.3158908 0.2476941 0.2969167 0.3339486 0.2899578 0.2713362 0.2427939 0.2605101 0.2694963 0.2297731 0.2685680 0.2582227 0.3211225 0.2628622 0.2483619 0.3155039 0.2710186 0.2664615 0.3056090 0.2389230 0.2680598 0.2479396 0.2506279 0.3120699 0.2518710 0.2742696 0.3194020 0.2796187 0.2422901 0.2956740 0.2797980 0.2896647 0.3371312 0.2886562 0.3070035 0.2761463 0.3133556 0.2408223 0.2290079 0.3479249 0.3219703 0.3180404 0.3231584 0.2425472 0.2433755 0.2484029 0.2647123 0.3329216 0.3085881 0.3397724 0.2794653 0.3071926 0.2532295 0.2598758 0.2714240 0.2420613 0.2914088 0.3194963 0.2696467 0.2691469 0.2806648 0.3193044 0.3194726 0.2512634 0.3455370 0.3120609 0.2941621 0.2518100 0.2446365 0.2758380 0.3123795 0.2508507 0.2564553 0.2902204 0.2963120 0.2752636 0.2656552 0.2200215 0.2885648 0.3045497 0.2628463 0.3081658 0.3071655 0.2963225 0.2571655 0.2816561 0.2719697 0.2713933 0.2605080 0.2479570 0.3003229 0.3072828 0.3057940 0.2490258 0.4761614 0.2401361 0.2987534 0.2772299 0.2351776 
S0055         0.2721157 0.0000000 0.1116805 0.1767448 0.1472569 0.0682579 0.1529951 0.1302314 0.0691863 0.0932417 0.1343293 0.1747016 0.1660394 0.1579590 0.1757208 0.1428408 0.1429005 0.1559801 0.1688136 0.0841236 0.0664581 0.0660885 0.1615032 0.0849052 0.1343820 0.1093741 0.0813287 0.1335618 0.1683118 0.1356196 0.1437846 0.1246705 0.1480025 0.0731251 0.0635895 0.1389107 0.1417804 0.0589778 0.0647744 0.1079756 0.1755014 0.2175734 0.0813582 0.1736663 0.1159537 0.0684448 0.1600258 0.1048875 0.0665680 0.1112590 0.1097399 0.1461754 0.0996722 0.1405930 0.1707274 0.1381524 0.0952839 0.1488408 0.1448197 0.1419825 0.1614882 0.1542495 0.1526187 0.0950215 0.1556160 0.1938470 0.1126616 0.1773360 0.1664732 0.1537223 0.1615188 0.2017249 0.1057164 0.2166079 0.1449736 0.1509408 0.1208012 0.1801147 0.0837371 0.1478367 0.2234266 0.0678298 0.0770196 0.1102371 0.1402799 0.1679219 0.1389282 0.1607376 0.1498493 0.1735886 0.1724576 0.0618832 0.1842179 0.1623149 0.1360061 0.0632034 0.0615814 0.0526250 0.1520955 0.0570866 0.1425115 0.1383995 0.1310421 0.1517974 0.0612045 0.0938438 0.1438241 0.1427359 0.0597768 0.1455066 0.1369041 0.1300943 0.0649930 0.1558882 0.0611851 0.1446494 0.0582047 0.0773257 0.1534972 0.1349666 0.1348311 0.1053511 0.2614204 0.1040441 0.1203359 0.0898050 0.0953855 
S0196sl       0.2559703 0.1116805 0.0000000 0.1587635 0.1302341 0.1163159 0.1339051 0.1154477 0.1154465 0.1314665 0.1109457 0.1344445 0.1413657 0.1437349 0.1327283 0.1255695 0.1446485 0.1623946 0.1319304 0.1177018 0.1167058 0.1185989 0.1498435 0.1231958 0.1308052 0.0210985 0.1354920 0.1199149 0.1275981 0.1283535 0.1359208 0.1597881 0.1392924 0.1192928 0.1119991 0.1203320 0.1135302 0.0845276 0.1126549 0.0616094 0.1351455 0.1834487 0.1080947 0.1347921 0.1048040 0.1229458 0.1454261 0.0169922 0.1154362 0.0224287 0.0211022 0.1298489 0.0516240 0.1196128 0.1485681 0.1145675 0.0831980 0.1492102 0.1058135 0.1380552 0.1422675 0.1408586 0.1429255 0.1284280 0.1400573 0.1716918 0.0985195 0.1640177 0.1272348 0.1435534 0.1442011 0.1728456 0.0169954 0.1874204 0.1242837 0.1385413 0.1224157 0.1626343 0.1479997 0.1268757 0.1916785 0.1180540 0.1357527 0.0862660 0.1251533 0.1310516 0.1136656 0.1379274 0.1307018 0.1338773 0.1275783 0.1107968 0.1689446 0.1848106 0.1208915 0.1133869 0.1055584 0.1248157 0.1259350 0.1281116 0.1290564 0.1169444 0.1239019 0.1433069 0.1255476 0.0141053 0.1375550 0.1278195 0.1083991 0.1359731 0.1224838 0.1286163 0.1163237 0.1462963 0.1125048 0.1173125 0.1172095 0.0865228 0.1654408 0.1407390 0.1017727 0.0844455 0.2539013 0.0763272 0.1178369 0.1314593 0.0804196 
S0278         0.3247092 0.1767448 0.1587635 0.0000000 0.2561214 0.1722404 0.0779015 0.1716541 0.1735407 0.1890970 0.0832580 0.1971169 0.2083460 0.0752540 0.1778000 0.0719284 0.2094418 0.2213211 0.1938554 0.1888806 0.1739134 0.1810486 0.0861288 0.1926153 0.0668731 0.1494099 0.1976329 0.0952474 0.1886597 0.0830135 0.1969092 0.2477371 0.0614262 0.1731664 0.1680444 0.0545530 0.1008065 0.1226159 0.1760700 0.1702273 0.1960746 0.2212724 0.1742885 0.1934370 0.1630335 0.1759895 0.2136293 0.1453679 0.1800865 0.1573673 0.1546397 0.2069885 0.1814794 0.1037886 0.2080549 0.1036165 0.1475227 0.0907377 0.1696960 0.1928844 0.2177801 0.1965529 0.2107562 0.1720999 0.2979241 0.2160528 0.1593398 0.2109297 0.2034738 0.2254325 0.2260610 0.2116471 0.1487673 0.2253588 0.0888951 0.2211158 0.1874452 0.2103795 0.2263499 0.1904965 0.2326964 0.1784144 0.1940219 0.1446797 0.0697361 0.1924477 0.1021497 0.0595270 0.1913172 0.1970686 0.1901578 0.1711550 0.2297747 0.2515476 0.1889135 0.1725760 0.1632645 0.1858368 0.1929922 0.1922514 0.1039437 0.1740647 0.1848428 0.0812857 0.1795021 0.1298280 0.0743600 0.2665256 0.1670396 0.2805666 0.1923954 0.1989775 0.1749627 0.0678781 0.1687247 0.1124649 0.1699014 0.1489425 0.2516686 0.2016452 0.1755122 0.1493188 0.3419711 0.1362030 0.1815325 0.1978629 0.1470673 
S0281         0.3226013 0.1472569 0.1302341 0.2561214 0.0000000 0.1685339 0.2092702 0.1591267 0.1690145 0.1944792 0.1697009 0.2053830 0.2034634 0.2153262 0.2216181 0.2086216 0.1713322 0.1565607 0.2022522 0.1537023 0.1623573 0.1668975 0.2232254 0.1529181 0.1979987 0.1168062 0.1572582 0.1695618 0.2006188 0.2009266 0.1648527 0.1717114 0.1921566 0.1685021 0.1613871 0.1859562 0.1989410 0.1457096 0.1660676 0.0969973 0.2060527 0.2665625 0.1504573 0.2019889 0.1759951 0.1596195 0.1802167 0.1109729 0.1684331 0.1174886 0.1169860 0.1686773 0.0841097 0.2001877 0.2135739 0.1926963 0.1349569 0.2003666 0.1700968 0.1650086 0.1687424 0.1723582 0.1750972 0.1831288 0.1174221 0.2591465 0.1781580 0.2283023 0.2072154 0.1716256 0.1759389 0.2518739 0.1129712 0.2703272 0.2116247 0.1732570 0.1597225 0.2278009 0.1704977 0.1620082 0.2671203 0.1628378 0.1736238 0.1470715 0.1869221 0.2006415 0.1914826 0.2086546 0.1771677 0.2073586 0.2081346 0.1591130 0.2311761 0.1772486 0.1660659 0.1591932 0.1547717 0.1468179 0.1837978 0.1462144 0.2021693 0.1631117 0.1652116 0.2038365 0.1553355 0.1075483 0.2050878 0.1126418 0.1581397 0.1224669 0.1675649 0.1767875 0.1653787 0.2158822 0.1542920 0.2013229 0.1575108 0.1473123 0.1751241 0.1665219 0.1528888 0.1447012 0.2709567 0.1473641 0.1643301 0.1630087 0.1368241 
S0282         0.2687929 0.0682579 0.1163159 0.1722404 0.1685339 0.0000000 0.1452562 0.1274203 0.0181501 0.0940984 0.1268898 0.1690136 0.1632861 0.1578676 0.1705376 0.1397918 0.1471193 0.1518922 0.1624188 0.0866323 0.0138708 0.0206616 0.1591739 0.0931962 0.1276009 0.1109126 0.0873445 0.1217230 0.1626807 0.1310564 0.1541722 0.1324461 0.1408346 0.0569576 0.0190555 0.1352970 0.1297349 0.0561407 0.0114515 0.1069592 0.1690480 0.2157999 0.0850394 0.1656978 0.1181334 0.0312204 0.1744070 0.1063740 0.0144821 0.1128154 0.1131838 0.1495292 0.0982298 0.1353009 0.1693258 0.1305240 0.0949951 0.1416589 0.1368636 0.1521192 0.1735373 0.1602218 0.1661728 0.0931835 0.1722187 0.1968891 0.1072492 0.1776982 0.1562074 0.1568108 0.1651809 0.1979284 0.1063945 0.2140045 0.1317487 0.1615938 0.1245477 0.1764774 0.0832829 0.1508483 0.2242799 0.0195387 0.0635912 0.1031739 0.1351352 0.1605278 0.1315657 0.1546467 0.1403728 0.1665951 0.1686832 0.0190965 0.1848671 0.1639581 0.1365402 0.0180210 0.0182422 0.0795060 0.1503192 0.0611764 0.1378675 0.1356556 0.1314615 0.1427686 0.0491927 0.0933414 0.1430729 0.1562882 0.0129269 0.1684285 0.1397739 0.1300287 0.0291028 0.1525348 0.0423309 0.1325165 0.0444138 0.0723146 0.1582058 0.1391505 0.1330152 0.1006633 0.2799431 0.1035994 0.1246310 0.0967876 0.0969559 
S0289         0.2740178 0.1529951 0.1339051 0.0779015 0.2092702 0.1452562 0.0000000 0.1426766 0.1441239 0.1607564 0.0551804 0.1794079 0.1769115 0.0595620 0.1696044 0.0560689 0.1736633 0.1919810 0.1734024 0.1584764 0.1431607 0.1461993 0.0689016 0.1697000 0.0493125 0.1267235 0.1740770 0.0675283 0.1698561 0.0751380 0.1782908 0.2117441 0.0645713 0.1471309 0.1394947 0.0482050 0.0724283 0.1214706 0.1434819 0.1342112 0.1774626 0.2056093 0.1572008 0.1764054 0.1389466 0.1441135 0.1858250 0.1234716 0.1426924 0.1286589 0.1295105 0.1724481 0.1312029 0.0810428 0.1883215 0.0738423 0.1285581 0.0863196 0.1507187 0.1679549 0.1873889 0.1686144 0.1806484 0.1528192 0.2301954 0.1938575 0.1286272 0.1953561 0.1799916 0.1753414 0.1828113 0.1916027 0.1228251 0.2110588 0.0908435 0.1849766 0.1576584 0.1911069 0.1943293 0.1561677 0.2118507 0.1453574 0.1625393 0.1288588 0.0528223 0.1730054 0.0801944 0.0623969 0.1730007 0.1750180 0.1731170 0.1424830 0.2026638 0.2063045 0.1487715 0.1395766 0.1366239 0.1591983 0.1670662 0.1594249 0.0807267 0.1498162 0.1513512 0.0617838 0.1488065 0.1115485 0.0577524 0.2123572 0.1349856 0.2217643 0.1556634 0.1684968 0.1419012 0.0656534 0.1466651 0.0763687 0.1419231 0.1300100 0.2003299 0.1672148 0.1514685 0.1343004 0.2957939 0.1195153 0.1628427 0.1697145 0.1309476 
S0292         0.2772150 0.1302314 0.1154477 0.1716541 0.1591267 0.1274203 0.1426766 0.0000000 0.1291127 0.1510326 0.1262906 0.1585757 0.1498276 0.1540016 0.1535507 0.1372356 0.1027633 0.1003323 0.1526296 0.1334465 0.1247722 0.1262764 0.1591815 0.1387343 0.1360436 0.1103359 0.1445582 0.1398761 0.1543383 0.1407258 0.1155082 0.1601218 0.1394321 0.1305987 0.1245246 0.1283152 0.1292966 0.0881197 0.1247262 0.1065103 0.1594495 0.2143881 0.1327455 0.1583844 0.1172584 0.1298582 0.1203785 0.1045525 0.1282284 0.1115387 0.1107118 0.1187527 0.1057171 0.1292668 0.1653555 0.1279036 0.0871544 0.1423722 0.1312834 0.1062881 0.1302269 0.1134422 0.1179653 0.1496971 0.1722738 0.1935004 0.1079052 0.1743480 0.1587336 0.1233817 0.1289618 0.1967283 0.1073397 0.2115587 0.1372287 0.1291648 0.0943312 0.1735832 0.1539319 0.0477116 0.2185541 0.1250960 0.1481555 0.0799745 0.1379407 0.1546260 0.1255218 0.1506978 0.1372347 0.1591654 0.1583571 0.1223198 0.1798465 0.1372864 0.0245256 0.1191870 0.1146103 0.1264824 0.0556900 0.1286703 0.1312845 0.0260044 0.0234875 0.1589524 0.1334877 0.0977219 0.1473485 0.1656828 0.1183497 0.1695856 0.0583751 0.1005944 0.1275174 0.1488289 0.1235710 0.1336622 0.1249997 0.1060998 0.1167931 0.1069540 0.0993147 0.0900735 0.2401900 0.1068099 0.0878707 0.1338346 0.0908518 
S0293         0.2579126 0.0691863 0.1154465 0.1735407 0.1690145 0.0181501 0.1441239 0.1291127 0.0000000 0.0965809 0.1226176 0.1639471 0.1619348 0.1544148 0.1651358 0.1378134 0.1465805 0.1574725 0.1592116 0.0902271 0.0169748 0.0244076 0.1601510 0.0949224 0.1264089 0.1094302 0.0888703 0.1219880 0.1594674 0.1252844 0.1516421 0.1344395 0.1377317 0.0572008 0.0212181 0.1329671 0.1341020 0.0620096 0.0161191 0.1120814 0.1658108 0.2114771 0.0886301 0.1605789 0.1205796 0.0351461 0.1712695 0.1055566 0.0186716 0.1100202 0.1123774 0.1483905 0.1019896 0.1356260 0.1677590 0.1333018 0.0955089 0.1411216 0.1370004 0.1479759 0.1708268 0.1584480 0.1651575 0.0956626 0.1684577 0.1906187 0.1079156 0.1769897 0.1583264 0.1572794 0.1640844 0.1932908 0.1057319 0.2091766 0.1316417 0.1600553 0.1260703 0.1753971 0.0847179 0.1506956 0.2193516 0.0217046 0.0633783 0.1042637 0.1339815 0.1585500 0.1333363 0.1548811 0.1403999 0.1606411 0.1634578 0.0222868 0.1840952 0.1595191 0.1346355 0.0217336 0.0220180 0.0829531 0.1536653 0.0636615 0.1377560 0.1380820 0.1333245 0.1445461 0.0506466 0.0903316 0.1426715 0.1522339 0.0170621 0.1654907 0.1435816 0.1283062 0.0329772 0.1521359 0.0435826 0.1323044 0.0462744 0.0738482 0.1552432 0.1392109 0.1345953 0.1019135 0.2681705 0.1062447 0.1212957 0.1026435 0.1006619 
S0294         0.2615758 0.0932417 0.1314665 0.1890970 0.1944792 0.0940984 0.1607564 0.1510326 0.0965809 0.0000000 0.1487577 0.1938023 0.1898474 0.1781283 0.1942557 0.1573464 0.1666099 0.1788105 0.1899050 0.1055287 0.0933181 0.0922933 0.1875705 0.1146354 0.1541024 0.1288759 0.1117273 0.1555748 0.1886559 0.1589119 0.1834689 0.1547165 0.1657290 0.1025879 0.0901636 0.1513714 0.1583019 0.0874209 0.0943548 0.1245230 0.1945940 0.2303666 0.1000365 0.1946554 0.1448977 0.0948984 0.1956047 0.1260961 0.0928990 0.1308912 0.1334826 0.1727229 0.1181612 0.1545743 0.2018430 0.1535072 0.1174658 0.1629020 0.1671754 0.1797410 0.1961970 0.1847971 0.1876382 0.0614919 0.1864829 0.2112731 0.1347033 0.2068619 0.1856168 0.1865495 0.1997602 0.2167581 0.1263287 0.2289490 0.1666665 0.1809732 0.1528763 0.2048811 0.1223039 0.1629222 0.2326326 0.0941660 0.1050067 0.1330952 0.1582822 0.1864715 0.1551293 0.1713805 0.1713896 0.1936391 0.1910741 0.0881535 0.2163149 0.1960991 0.1568707 0.0911328 0.0836962 0.1039984 0.1723329 0.0930306 0.1576352 0.1607621 0.1570567 0.1702808 0.0923633 0.1158877 0.1718213 0.1711639 0.0873517 0.1822612 0.1589254 0.1582740 0.0938863 0.1727910 0.0937846 0.1601764 0.0907153 0.1022860 0.1830875 0.1629210 0.1581917 0.1274724 0.2978866 0.1262916 0.1537336 0.1151151 0.1162863 
S0299         0.2835173 0.1343293 0.1109457 0.0832580 0.1697009 0.1268898 0.0551804 0.1262906 0.1226176 0.1487577 0.0000000 0.1612168 0.1586027 0.0593205 0.1581937 0.0556400 0.1497267 0.1765138 0.1597897 0.1385112 0.1240293 0.1304721 0.0676264 0.1510204 0.0579588 0.1196459 0.1555123 0.0679210 0.1581158 0.0762786 0.1464390 0.1697381 0.0545900 0.1297223 0.1189447 0.0447076 0.0739145 0.0995456 0.1245303 0.1207466 0.1654282 0.1762194 0.1371770 0.1623857 0.1233988 0.1246979 0.1593344 0.1141899 0.1223643 0.1237694 0.1179134 0.1495021 0.1144873 0.0818801 0.1697767 0.0747181 0.1075663 0.0725474 0.1412631 0.1369679 0.1642449 0.1475007 0.1562409 0.1405434 0.1905047 0.1711223 0.1191789 0.1708630 0.1785419 0.1440791 0.1500093 0.1612020 0.1142541 0.1792146 0.0807164 0.1560041 0.1327892 0.1667731 0.1675885 0.1348440 0.1728209 0.1194184 0.1428277 0.1106788 0.0623688 0.1613981 0.0815687 0.0578523 0.1570102 0.1600761 0.1672333 0.1243133 0.1825259 0.1780731 0.1318895 0.1172242 0.1121757 0.1398078 0.1547185 0.1377727 0.0806832 0.1365672 0.1350070 0.0563200 0.1252748 0.1001582 0.0577524 0.1770498 0.1143572 0.1876308 0.1373684 0.1446058 0.1199180 0.0638504 0.1259763 0.0796028 0.1276310 0.1185846 0.1565698 0.1468764 0.1296068 0.1131826 0.2608588 0.1118579 0.1442304 0.1489162 0.1126004 
S0303         0.3196614 0.1747016 0.1344445 0.1971169 0.2053830 0.1690136 0.1794079 0.1585757 0.1639471 0.1938023 0.1612168 0.0000000 0.1027389 0.1893989 0.0195470 0.1676393 0.1893804 0.2057976 0.0141996 0.1785307 0.1648303 0.1691591 0.1885357 0.1813433 0.1555108 0.1310165 0.2018215 0.1506361 0.0146856 0.1644946 0.1817484 0.2254395 0.1800089 0.1813139 0.1632597 0.1601282 0.1633880 0.1322090 0.1665949 0.1389682 0.0182343 0.2361181 0.1606740 0.0121608 0.1570477 0.1640960 0.1961673 0.1275883 0.1675394 0.1328045 0.1353344 0.1857221 0.1243417 0.1621306 0.1275596 0.1623225 0.1252862 0.1784081 0.0586961 0.1845221 0.2034645 0.1854433 0.1950460 0.1845880 0.2279155 0.2250837 0.1438620 0.1343634 0.1113595 0.1933707 0.2052295 0.2198427 0.1273391 0.2373891 0.1542195 0.1865404 0.1699738 0.1326321 0.2065504 0.1707394 0.2459017 0.1653829 0.1851524 0.1300812 0.1651361 0.0157655 0.1575167 0.1773891 0.0970075 0.0150874 0.0130090 0.1653541 0.1400504 0.2254348 0.1647786 0.1625494 0.1522570 0.1836657 0.1789804 0.1784277 0.1680063 0.1638231 0.1618892 0.1834075 0.1675342 0.1179851 0.1776098 0.2046971 0.1609488 0.2213100 0.1729447 0.1840694 0.1685847 0.1806282 0.1649408 0.1660323 0.1634692 0.1394306 0.1962818 0.1817928 0.1679601 0.1329583 0.2880168 0.1336771 0.1652863 0.1914054 0.1225718 
S0308         0.3019458 0.1660394 0.1413657 0.2083460 0.2034634 0.1632861 0.1769115 0.1498276 0.1619348 0.1898474 0.1586027 0.1027389 0.0000000 0.1870795 0.1138066 0.1730006 0.1648936 0.1807010 0.1000927 0.1787957 0.1604808 0.1645904 0.1912594 0.1735935 0.1563798 0.1308432 0.1869705 0.1646167 0.0999222 0.1641296 0.1723764 0.2045102 0.1789638 0.1751778 0.1595280 0.1591117 0.1668402 0.1360074 0.1616984 0.1351495 0.1051780 0.2376367 0.1574115 0.1024573 0.1467214 0.1632559 0.1756968 0.1297183 0.1642021 0.1335680 0.1367716 0.1739980 0.1295495 0.1654747 0.1256547 0.1603801 0.1194380 0.1716347 0.0778928 0.1635100 0.1839310 0.1675742 0.1754993 0.1829693 0.2106248 0.2138493 0.1388940 0.1367343 0.1156841 0.1740264 0.1829849 0.2143564 0.1274228 0.2323728 0.1912345 0.1721223 0.1631899 0.1352590 0.1912670 0.1606854 0.2424419 0.1612844 0.1800074 0.1230670 0.1678430 0.1002020 0.1626433 0.1819662 0.0974073 0.1001299 0.1012186 0.1590159 0.1382360 0.2024651 0.1559677 0.1562521 0.1520545 0.1715504 0.1687527 0.1659694 0.1584367 0.1533552 0.1504544 0.1863591 0.1653997 0.1174649 0.1824106 0.1979831 0.1554734 0.2076166 0.1652682 0.1681622 0.1621280 0.1767612 0.1537709 0.1647772 0.1647468 0.1351519 0.1780972 0.1627020 0.1582378 0.1262720 0.2720222 0.1277630 0.1560507 0.1805866 0.1211442 
S0320         0.2874164 0.1579590 0.1437349 0.0752540 0.2153262 0.1578676 0.0595620 0.1540016 0.1544148 0.1781283 0.0593205 0.1893989 0.1870795 0.0000000 0.1860839 0.0620350 0.1894751 0.2004939 0.1871717 0.1641802 0.1534383 0.1594906 0.0764980 0.1757598 0.0598137 0.1403937 0.1721566 0.0774259 0.1835806 0.0787019 0.1836694 0.2080756 0.0605628 0.1577836 0.1493192 0.0438462 0.0843494 0.1259452 0.1540362 0.1460184 0.1921539 0.2115921 0.1623438 0.1906956 0.1533224 0.1537599 0.1941661 0.1348310 0.1557005 0.1416427 0.1418791 0.1802519 0.1491670 0.0870081 0.1967123 0.0857656 0.1339602 0.0697837 0.1619920 0.1740396 0.2004057 0.1820681 0.1905107 0.1641795 0.2351886 0.2018341 0.1453977 0.2022071 0.1966522 0.1794337 0.1934987 0.2004274 0.1356149 0.2196932 0.0957208 0.1932520 0.1626458 0.1967300 0.1982666 0.1702931 0.2186337 0.1568184 0.1737760 0.1327064 0.0592899 0.1862651 0.0867985 0.0685477 0.1845521 0.1900027 0.1899271 0.1538278 0.2167691 0.2232320 0.1649974 0.1501979 0.1456699 0.1642171 0.1778624 0.1659685 0.0929250 0.1615209 0.1638224 0.0709127 0.1588983 0.1253707 0.0601970 0.2111836 0.1446801 0.2299332 0.1681573 0.1733595 0.1545496 0.0680763 0.1462779 0.0895448 0.1501964 0.1352470 0.2098621 0.1816237 0.1604079 0.1407259 0.3095761 0.1274315 0.1688649 0.1758395 0.1370282 
S0322         0.3053768 0.1757208 0.1327283 0.1778000 0.2216181 0.1705376 0.1696044 0.1535507 0.1651358 0.1942557 0.1581937 0.0195470 0.1138066 0.1860839 0.0000000 0.1607085 0.2013267 0.2175381 0.0109342 0.1840002 0.1640273 0.1706586 0.1957311 0.1957701 0.1545974 0.1268241 0.2093017 0.1537659 0.0115788 0.1579274 0.1877644 0.2379084 0.1778180 0.1747792 0.1672385 0.1636645 0.1543057 0.1276986 0.1688748 0.1413762 0.0109287 0.2346835 0.1635354 0.0129017 0.1524761 0.1680716 0.1953557 0.1248319 0.1684361 0.1298682 0.1311412 0.1919342 0.1215015 0.1532457 0.1380430 0.1500732 0.1283962 0.1680232 0.0618798 0.1921227 0.2014632 0.1863781 0.1989996 0.1805418 0.2530867 0.2203276 0.1452915 0.1400627 0.1106093 0.2107948 0.2111920 0.2174482 0.1255929 0.2386151 0.1537624 0.1896610 0.1817713 0.1418493 0.2154515 0.1668041 0.2476706 0.1685474 0.1892284 0.1336217 0.1646727 0.0120404 0.1517951 0.1698582 0.1017182 0.0138755 0.0099034 0.1648208 0.1561971 0.2425192 0.1639372 0.1670838 0.1526864 0.1858713 0.1679107 0.1843636 0.1651909 0.1616245 0.1615024 0.1761674 0.1733755 0.1195902 0.1780565 0.2370366 0.1639755 0.2469446 0.1695013 0.1855898 0.1737047 0.1763205 0.1647625 0.1585631 0.1616496 0.1351053 0.2096431 0.1896676 0.1654597 0.1341501 0.2974119 0.1290544 0.1718716 0.2022961 0.1281145 
S0327         0.2895240 0.1428408 0.1255695 0.0719284 0.2086216 0.1397918 0.0560689 0.1372356 0.1378134 0.1573464 0.0556400 0.1676393 0.1730006 0.0620350 0.1607085 0.0000000 0.1696598 0.1819034 0.1633726 0.1545541 0.1378257 0.1424863 0.0684461 0.1536791 0.0453937 0.1255538 0.1639674 0.0526303 0.1614225 0.0609798 0.1791795 0.2060360 0.0554588 0.1397119 0.1358467 0.0453409 0.0659933 0.1075144 0.1364387 0.1371872 0.1666057 0.2034712 0.1504633 0.1681873 0.1377781 0.1345831 0.1844724 0.1236692 0.1377942 0.1295244 0.1306346 0.1759179 0.1324255 0.0703278 0.1722463 0.0662115 0.1215330 0.0683807 0.1405222 0.1690341 0.1970340 0.1726019 0.1849494 0.1504908 0.2284746 0.1874030 0.1229472 0.1748340 0.1710451 0.1823325 0.1911567 0.1875251 0.1223547 0.2013375 0.0685697 0.1840453 0.1498466 0.1761122 0.1813304 0.1578598 0.2127631 0.1392072 0.1578890 0.1210481 0.0483137 0.1624120 0.0710899 0.0553349 0.1642068 0.1643002 0.1675647 0.1392221 0.1889305 0.2077655 0.1445062 0.1342650 0.1312974 0.1542934 0.1618990 0.1486022 0.0735687 0.1447742 0.1440549 0.0587351 0.1423604 0.1121070 0.0550632 0.2003802 0.1311694 0.2219753 0.1549161 0.1590666 0.1383809 0.0673113 0.1379331 0.0721157 0.1323844 0.1250448 0.2000532 0.1677263 0.1540815 0.1253819 0.2923581 0.1111923 0.1577779 0.1624769 0.1232873 
S0335         0.3152440 0.1429005 0.1446485 0.2094418 0.1713322 0.1471193 0.1736633 0.1027633 0.1465805 0.1666099 0.1497267 0.1893804 0.1648936 0.1894751 0.2013267 0.1696598 0.0000000 0.0630309 0.1832921 0.1515155 0.1404429 0.1429766 0.1819905 0.1497100 0.1653811 0.1398401 0.1649700 0.1676265 0.1851551 0.1742306 0.1336931 0.1782984 0.1775240 0.1491997 0.1413590 0.1549661 0.1677269 0.1147597 0.1429746 0.1296907 0.1881706 0.2461278 0.1441114 0.1871142 0.1349313 0.1462479 0.1368169 0.1307769 0.1431997 0.1401027 0.1395485 0.1408996 0.1253548 0.1685063 0.1883528 0.1645620 0.1081054 0.1930004 0.1582833 0.1222979 0.1416155 0.1283813 0.1258629 0.1632846 0.1961858 0.2317700 0.1302285 0.1897011 0.1813199 0.1472690 0.1503151 0.2341643 0.1337876 0.2409251 0.1873569 0.1381764 0.0925309 0.1927296 0.1648518 0.1064942 0.2537478 0.1460751 0.1562128 0.1091173 0.1679536 0.1831197 0.1644508 0.1832856 0.1638396 0.1921714 0.1900893 0.1396862 0.2002796 0.0924186 0.1143593 0.1377602 0.1332222 0.1418462 0.1158634 0.1453901 0.1657025 0.1056022 0.1093560 0.1849991 0.1450567 0.1232305 0.1722329 0.1764728 0.1406873 0.1903142 0.1096171 0.0828515 0.1416096 0.1865893 0.1420827 0.1724356 0.1437026 0.1271285 0.0779084 0.0336384 0.1217934 0.1190206 0.2563983 0.1214261 0.0693437 0.1601946 0.1151033 
S0345         0.3125691 0.1559801 0.1623946 0.2213211 0.1565607 0.1518922 0.1919810 0.1003323 0.1574725 0.1788105 0.1765138 0.2057976 0.1807010 0.2004939 0.2175381 0.1819034 0.0630309 0.0000000 0.1965935 0.1638248 0.1483280 0.1528312 0.1901316 0.1579788 0.1724878 0.1489729 0.1726763 0.1921138 0.1988739 0.1815397 0.1441905 0.1887385 0.1850917 0.1528760 0.1463251 0.1585032 0.1830033 0.1372659 0.1584206 0.1445901 0.2036460 0.2520261 0.1568215 0.2013084 0.1605841 0.1532406 0.1396063 0.1418334 0.1520885 0.1502404 0.1477077 0.1518469 0.1435083 0.1794938 0.2081341 0.1816988 0.1145394 0.2071407 0.1695411 0.1218266 0.1601858 0.1281668 0.1313146 0.1679844 0.1965116 0.2231456 0.1310417 0.2134284 0.2061503 0.1483373 0.1475090 0.2297137 0.1453978 0.2393824 0.1908745 0.1786778 0.1033606 0.2088607 0.1688741 0.1110051 0.2430387 0.1567405 0.1607603 0.1059013 0.1950228 0.1963484 0.1715988 0.1816415 0.1844028 0.2021906 0.1952958 0.1429681 0.2184217 0.0621742 0.1126830 0.1522717 0.1319503 0.1499555 0.1199658 0.1537833 0.1791456 0.1071005 0.1136739 0.1871265 0.1523556 0.1297585 0.1831021 0.1890109 0.1523096 0.1958791 0.1132011 0.0911518 0.1459025 0.1901943 0.1624721 0.1871990 0.1488043 0.1528595 0.0446948 0.0656464 0.1231914 0.1246504 0.6627206 0.1439985 0.0753966 0.1725172 0.1263986 
S0355         0.3199033 0.1688136 0.1319304 0.1938554 0.2022522 0.1624188 0.1734024 0.1526296 0.1592116 0.1899050 0.1597897 0.0141996 0.1000927 0.1871717 0.0109342 0.1633726 0.1832921 0.1965935 0.0000000 0.1718715 0.1583579 0.1626089 0.1863785 0.1761260 0.1520524 0.1287439 0.1970819 0.1490884 0.0067550 0.1610879 0.1770815 0.2187358 0.1751648 0.1749110 0.1582668 0.1582524 0.1621786 0.1254357 0.1600407 0.1364519 0.0087179 0.2376010 0.1565020 0.0097235 0.1565618 0.1590890 0.1929461 0.1251057 0.1617275 0.1302756 0.1327787 0.1825111 0.1213242 0.1587169 0.1235424 0.1588903 0.1208133 0.1709212 0.0552334 0.1764750 0.1988384 0.1799689 0.1910027 0.1791917 0.2233701 0.2215182 0.1383254 0.1293118 0.1043700 0.1908797 0.2021221 0.2178941 0.1250903 0.2354486 0.1538934 0.1779201 0.1683167 0.1285522 0.1996348 0.1652641 0.2457789 0.1588851 0.1832701 0.1264564 0.1608985 0.0064992 0.1541311 0.1749452 0.0930481 0.0079450 0.0053431 0.1588828 0.1358557 0.2226204 0.1580550 0.1560868 0.1473481 0.1783324 0.1701693 0.1711739 0.1637994 0.1571880 0.1565995 0.1783449 0.1637370 0.1158385 0.1747296 0.2044274 0.1554319 0.2181859 0.1653263 0.1750198 0.1619663 0.1761999 0.1577880 0.1640426 0.1555517 0.1327224 0.1929089 0.1727873 0.1640763 0.1283724 0.2838850 0.1284044 0.1573598 0.1859992 0.1194609 
S0376         0.2486978 0.0841236 0.1177018 0.1888806 0.1537023 0.0866323 0.1584764 0.1334465 0.0902271 0.1055287 0.1385112 0.1785307 0.1787957 0.1641802 0.1840002 0.1545541 0.1515155 0.1638248 0.1718715 0.0000000 0.0838032 0.0832942 0.1739947 0.1036384 0.1464851 0.1135924 0.0545343 0.1400631 0.1706452 0.1523818 0.1634232 0.1352982 0.1607760 0.0889747 0.0827421 0.1471663 0.1472472 0.0785167 0.0848000 0.1083081 0.1763056 0.2228149 0.0924716 0.1744551 0.1308995 0.0851489 0.1776229 0.1057214 0.0854875 0.1148188 0.1121405 0.1586113 0.0966561 0.1497120 0.1850461 0.1450693 0.1086296 0.1659251 0.1467205 0.1549585 0.1799461 0.1661179 0.1683827 0.1078001 0.1447104 0.2060792 0.1194320 0.1986500 0.1685365 0.1630078 0.1683473 0.2092504 0.1091899 0.2217564 0.1620163 0.1678238 0.1337229 0.1934881 0.1028581 0.1524881 0.2307660 0.0860657 0.0935042 0.1149193 0.1496737 0.1684789 0.1441043 0.1685009 0.1598239 0.1744955 0.1755397 0.0800205 0.1974244 0.1616900 0.1441173 0.0817225 0.0744303 0.0814544 0.1573605 0.0752885 0.1450628 0.1465551 0.1428915 0.1600409 0.0810423 0.0986969 0.1567256 0.1348718 0.0781024 0.1398920 0.1471770 0.1394946 0.0812009 0.1671493 0.0809692 0.1496328 0.0818380 0.0959003 0.1591391 0.1452364 0.1397004 0.1175976 0.2565182 0.1161652 0.1332206 0.0513711 0.1114236 
S0400         0.2551451 0.0664581 0.1167058 0.1739134 0.1623573 0.0138708 0.1431607 0.1247722 0.0169748 0.0933181 0.1240293 0.1648303 0.1604808 0.1534383 0.1640273 0.1378257 0.1404429 0.1483280 0.1583579 0.0838032 0.0000000 0.0194586 0.1608223 0.0916591 0.1271478 0.1091330 0.0857051 0.1232829 0.1586095 0.1279694 0.1495721 0.1301052 0.1407699 0.0552971 0.0168570 0.1300873 0.1324655 0.0569964 0.0108687 0.1039614 0.1648628 0.2107395 0.0835851 0.1615761 0.1118929 0.0283128 0.1673243 0.1046598 0.0143912 0.1096891 0.1113713 0.1453594 0.0936600 0.1351736 0.1640212 0.1302967 0.0921478 0.1396697 0.1337385 0.1456125 0.1679401 0.1540932 0.1606554 0.0905449 0.1665325 0.1922044 0.1070422 0.1724895 0.1548048 0.1522959 0.1610116 0.1931602 0.1054861 0.2098312 0.1313648 0.1560740 0.1236998 0.1702075 0.0787542 0.1492461 0.2207147 0.0183540 0.0630730 0.0995025 0.1346189 0.1563673 0.1314755 0.1532516 0.1365197 0.1608072 0.1643288 0.0168627 0.1792320 0.1570510 0.1337314 0.0168516 0.0155349 0.0767577 0.1487725 0.0575953 0.1386987 0.1315718 0.1296798 0.1386809 0.0476611 0.0917328 0.1424810 0.1479080 0.0118161 0.1619680 0.1391284 0.1253388 0.0267549 0.1525542 0.0397763 0.1317861 0.0423729 0.0679798 0.1520775 0.1319319 0.1295613 0.0977759 0.2679239 0.1013411 0.1213406 0.0944856 0.0954885 
S0405         0.2627275 0.0660885 0.1185989 0.1810486 0.1668975 0.0206616 0.1461993 0.1262764 0.0244076 0.0922933 0.1304721 0.1691591 0.1645904 0.1594906 0.1706586 0.1424863 0.1429766 0.1528312 0.1626089 0.0832942 0.0194586 0.0000000 0.1628667 0.0938208 0.1303398 0.1112769 0.0826494 0.1268006 0.1643865 0.1328361 0.1482856 0.1305027 0.1461980 0.0571980 0.0164005 0.1351361 0.1333155 0.0571276 0.0165398 0.1087366 0.1691933 0.2075024 0.0854757 0.1658658 0.1170159 0.0304941 0.1670456 0.1067689 0.0211986 0.1131655 0.1119579 0.1469414 0.1036496 0.1346173 0.1670669 0.1297076 0.0960678 0.1467903 0.1383778 0.1478936 0.1703793 0.1549806 0.1615603 0.0939080 0.1672218 0.1883555 0.1043059 0.1751203 0.1564622 0.1562336 0.1652064 0.1911021 0.1076031 0.2066140 0.1438156 0.1589705 0.1268398 0.1721368 0.0820432 0.1486763 0.2157628 0.0210381 0.0627096 0.1041853 0.1378587 0.1615246 0.1323254 0.1574013 0.1390381 0.1659629 0.1691239 0.0149091 0.1832002 0.1630575 0.1351721 0.0205492 0.0150600 0.0771697 0.1506326 0.0619082 0.1360663 0.1351012 0.1346614 0.1483398 0.0477587 0.0931811 0.1458565 0.1512752 0.0159675 0.1657754 0.1406690 0.1311710 0.0284032 0.1544979 0.0398843 0.1329591 0.0446987 0.0724196 0.1554863 0.1371887 0.1339088 0.1004851 0.2635977 0.1053740 0.1221925 0.0939718 0.0981712 
S0407sl       0.3114405 0.1615032 0.1498435 0.0861288 0.2232254 0.1591739 0.0689016 0.1591815 0.1601510 0.1875705 0.0676264 0.1885357 0.1912594 0.0764980 0.1957311 0.0684461 0.1819905 0.1901316 0.1863785 0.1739947 0.1608223 0.1628667 0.0000000 0.1774895 0.0605002 0.1454561 0.1838933 0.0785572 0.1843264 0.0816837 0.1916833 0.2221289 0.0674318 0.1600391 0.1519811 0.0638133 0.0915499 0.1314529 0.1589656 0.1567856 0.1905147 0.2174120 0.1640508 0.1914765 0.1447834 0.1607747 0.1994019 0.1405439 0.1602131 0.1481670 0.1473057 0.1880545 0.1433376 0.0961955 0.2023417 0.0924520 0.1395762 0.0890024 0.1593072 0.1831313 0.2087400 0.1881215 0.1959704 0.1739812 0.2440899 0.2054707 0.1463714 0.2013275 0.1972162 0.1874514 0.1975847 0.2091787 0.1406114 0.2211032 0.0846396 0.1995394 0.1686463 0.2016148 0.1997921 0.1738728 0.2262440 0.1602238 0.1739030 0.1347810 0.0613515 0.1852130 0.0907194 0.0763554 0.1816381 0.1888355 0.1885295 0.1586266 0.2155923 0.2272698 0.1638031 0.1543201 0.1512658 0.1690709 0.1787273 0.1705264 0.0960669 0.1632253 0.1633679 0.0706238 0.1645477 0.1311412 0.0283413 0.2159450 0.1494968 0.2391443 0.1744983 0.1762551 0.1589048 0.0764770 0.1565146 0.0946127 0.1585996 0.1402786 0.2213947 0.1808165 0.1632264 0.1427307 0.3194841 0.1284261 0.1717311 0.1816364 0.1389595 
S0412sl       0.2721696 0.0849052 0.1231958 0.1926153 0.1529181 0.0931962 0.1697000 0.1387343 0.0949224 0.1146354 0.1510204 0.1813433 0.1735935 0.1757598 0.1957701 0.1536791 0.1497100 0.1579788 0.1761260 0.1036384 0.0916591 0.0938208 0.1774895 0.0000000 0.1485429 0.1229071 0.1045052 0.1445577 0.1748423 0.1531221 0.1433908 0.1113205 0.1645049 0.0944633 0.0923181 0.1477602 0.1477446 0.0790002 0.0894582 0.1163460 0.1828276 0.2374514 0.0744279 0.1790757 0.1280054 0.0937162 0.1608119 0.1168840 0.0939504 0.1235002 0.1212589 0.1508551 0.1134664 0.1475587 0.1797012 0.1457734 0.1031291 0.1748034 0.1523696 0.1491528 0.1668111 0.1540773 0.1547470 0.1109855 0.1693698 0.2195903 0.1249498 0.2011629 0.1743093 0.1505227 0.1590687 0.2224870 0.1191003 0.2350596 0.1578095 0.1493442 0.1345496 0.1952074 0.1095250 0.1573749 0.2446800 0.0944523 0.1034231 0.1147455 0.1503056 0.1723403 0.1423359 0.1658966 0.1536409 0.1823545 0.1795007 0.0882607 0.1988985 0.1761352 0.1467143 0.0876517 0.0838488 0.0944851 0.1620955 0.0865762 0.1496173 0.1431709 0.1473771 0.1702894 0.0858657 0.1075423 0.1598383 0.1552517 0.0877639 0.1576630 0.1501577 0.1394602 0.0913988 0.1679159 0.0887580 0.1535613 0.0872253 0.0866117 0.1711711 0.1472663 0.1400583 0.1152389 0.2540076 0.1139994 0.1373010 0.1104177 0.1074984 
S0417         0.2672816 0.1343820 0.1308052 0.0668731 0.1979987 0.1276009 0.0493125 0.1360436 0.1264089 0.1541024 0.0579588 0.1555108 0.1563798 0.0598137 0.1545974 0.0453937 0.1653811 0.1724878 0.1520524 0.1464851 0.1271478 0.1303398 0.0605002 0.1485429 0.0000000 0.1166674 0.1567751 0.0507718 0.1500927 0.0560927 0.1653030 0.1951813 0.0542316 0.1344468 0.1208929 0.0447973 0.0595155 0.1033123 0.1250350 0.1311108 0.1552044 0.1908605 0.1386790 0.1567492 0.1310491 0.1249271 0.1758712 0.1142739 0.1263034 0.1193834 0.1179057 0.1666773 0.1267912 0.0666595 0.1656259 0.0608938 0.1127566 0.0626699 0.1297277 0.1572183 0.1809555 0.1588681 0.1704895 0.1415936 0.2225543 0.1759667 0.1205830 0.1705288 0.1606229 0.1704027 0.1818604 0.1817793 0.1136643 0.1978434 0.0723382 0.1694162 0.1446492 0.1676393 0.1738275 0.1542489 0.2012003 0.1284768 0.1475559 0.1116394 0.0354279 0.1507055 0.0643695 0.0561885 0.1485342 0.1547925 0.1557110 0.1264593 0.1800473 0.1958732 0.1402216 0.1236203 0.1190195 0.1396888 0.1600459 0.1379907 0.0724185 0.1428575 0.1391002 0.0576036 0.1334225 0.1038555 0.0474129 0.1991777 0.1200528 0.2161705 0.1498283 0.1537548 0.1251341 0.0617585 0.1258518 0.0651928 0.1250399 0.1117468 0.1901824 0.1609002 0.1409530 0.1165491 0.3000871 0.1044908 0.1503857 0.1556000 0.1118094 
S0419         0.2487833 0.1093741 0.0210985 0.1494099 0.1168062 0.1109126 0.1267235 0.1103359 0.1094302 0.1288759 0.1196459 0.1310165 0.1308432 0.1403937 0.1268241 0.1255538 0.1398401 0.1489729 0.1287439 0.1135924 0.1091330 0.1112769 0.1454561 0.1229071 0.1166674 0.0000000 0.1295864 0.1153120 0.1259874 0.1209594 0.1337462 0.1580511 0.1330232 0.1186377 0.1063714 0.1131765 0.1150731 0.0820198 0.1076228 0.0523768 0.1351970 0.1888987 0.1091482 0.1304670 0.1020590 0.1131994 0.1459646 0.0117459 0.1097099 0.0147776 0.0158184 0.1291827 0.0482083 0.1172544 0.1379114 0.1164528 0.0759956 0.1327423 0.1032472 0.1355473 0.1399020 0.1333552 0.1398193 0.1301855 0.1247034 0.1675351 0.0955301 0.1506962 0.1289652 0.1393897 0.1435305 0.1703118 0.0087599 0.1864667 0.1151264 0.1339808 0.1148410 0.1469619 0.1476346 0.1220644 0.1895361 0.1088800 0.1312859 0.0782988 0.1176098 0.1280509 0.1114188 0.1392787 0.1191866 0.1313921 0.1297158 0.1048366 0.1529922 0.1657299 0.1165019 0.1055620 0.1005222 0.1200632 0.1318531 0.1203471 0.1188244 0.1129931 0.1160139 0.1386065 0.1213808 0.0065530 0.1311840 0.1095097 0.1031429 0.1236236 0.1207877 0.1247490 0.1102224 0.1386661 0.1089121 0.1150058 0.1120930 0.0877998 0.1536401 0.1342175 0.1071005 0.0807968 0.2469861 0.0731088 0.1171071 0.1247716 0.0768945 
S0427         0.2701510 0.0813287 0.1354920 0.1976329 0.1572582 0.0873445 0.1740770 0.1445582 0.0888703 0.1117273 0.1555123 0.2018215 0.1869705 0.1721566 0.2093017 0.1639674 0.1649700 0.1726763 0.1970819 0.0545343 0.0857051 0.0826494 0.1838933 0.1045052 0.1567751 0.1295864 0.0000000 0.1585283 0.1965895 0.1563738 0.1673865 0.1335739 0.1714469 0.0921524 0.0852435 0.1522557 0.1574244 0.0773672 0.0841169 0.1182182 0.2040850 0.2363663 0.0929835 0.1998006 0.1378529 0.0819629 0.1807609 0.1226293 0.0874517 0.1315813 0.1297442 0.1658709 0.1162990 0.1566143 0.2012989 0.1551085 0.1139846 0.1735101 0.1671695 0.1602530 0.1902798 0.1646959 0.1728836 0.1140712 0.1525231 0.2154758 0.1305637 0.2170386 0.1903014 0.1689665 0.1797783 0.2257585 0.1256196 0.2396523 0.1751797 0.1763386 0.1481560 0.2095337 0.0972942 0.1671669 0.2451134 0.0873964 0.0980703 0.1224274 0.1642331 0.1956812 0.1531472 0.1792243 0.1723507 0.1971653 0.2047269 0.0794127 0.2186075 0.1682648 0.1517760 0.0823467 0.0793586 0.0843462 0.1733447 0.0730523 0.1549927 0.1547651 0.1528501 0.1731043 0.0812907 0.1136425 0.1677291 0.1500142 0.0775439 0.1533017 0.1616998 0.1537323 0.0836389 0.1751602 0.0825158 0.1587638 0.0805959 0.0932540 0.1683193 0.1586957 0.1483581 0.1212574 0.2710397 0.1198062 0.1425235 0.0581774 0.1159789 
S0428sl       0.2796115 0.1335618 0.1199149 0.0952474 0.1695618 0.1217230 0.0675283 0.1398761 0.1219880 0.1555748 0.0679210 0.1506361 0.1646167 0.0774259 0.1537659 0.0526303 0.1676265 0.1921138 0.1490884 0.1400631 0.1232829 0.1268006 0.0785572 0.1445577 0.0507718 0.1153120 0.1585283 0.0000000 0.1492968 0.0625960 0.1701166 0.1803659 0.0613906 0.1318377 0.1164944 0.0469420 0.0706553 0.1157494 0.1196308 0.1157963 0.1518563 0.2056285 0.1347639 0.1522216 0.1366424 0.1254708 0.1890979 0.1117908 0.1179637 0.1189246 0.1133525 0.1682302 0.1186697 0.0665698 0.1762651 0.0684249 0.1100880 0.0559198 0.1342071 0.1642325 0.1895535 0.1743080 0.1827016 0.1479781 0.1983703 0.1872848 0.1204860 0.1815113 0.1697784 0.1702072 0.1822888 0.1871989 0.1088631 0.1988252 0.0726029 0.1750881 0.1468914 0.1787908 0.1693922 0.1637323 0.2052388 0.1177964 0.1464271 0.1206328 0.0546275 0.1532136 0.0682970 0.0686920 0.1604930 0.1527561 0.1553392 0.1247436 0.1951792 0.1961155 0.1452370 0.1133217 0.1165230 0.1352213 0.1818402 0.1315671 0.0619996 0.1491974 0.1437233 0.0668702 0.1227134 0.0988230 0.0668205 0.1910575 0.1141890 0.1884380 0.1512493 0.1606302 0.1225602 0.0704969 0.1231177 0.0694927 0.1195513 0.1130239 0.1866639 0.1706185 0.1490506 0.1174412 0.2573807 0.1067623 0.1581700 0.1478617 0.1116440 
S0430         0.3158908 0.1683118 0.1275981 0.1886597 0.2006188 0.1626807 0.1698561 0.1543383 0.1594674 0.1886559 0.1581158 0.0146856 0.0999222 0.1835806 0.0115788 0.1614225 0.1851551 0.1988739 0.0067550 0.1706452 0.1586095 0.1643865 0.1843264 0.1748423 0.1500927 0.1259874 0.1965895 0.1492968 0.0000000 0.1591244 0.1766253 0.2191605 0.1754216 0.1736956 0.1585180 0.1553119 0.1587874 0.1246351 0.1602977 0.1352519 0.0106833 0.2380786 0.1553002 0.0116990 0.1545452 0.1593420 0.1933063 0.1225952 0.1604777 0.1277420 0.1295226 0.1813163 0.1186460 0.1575131 0.1237832 0.1576804 0.1216823 0.1698650 0.0552048 0.1783354 0.1997057 0.1810330 0.1905559 0.1772648 0.2229081 0.2219084 0.1356742 0.1302613 0.1052135 0.1912516 0.2022412 0.2166526 0.1223577 0.2359196 0.1489970 0.1802540 0.1678178 0.1287761 0.1999745 0.1670879 0.2462261 0.1591384 0.1820471 0.1266468 0.1589207 0.0085168 0.1514808 0.1706345 0.0938154 0.0084472 0.0058817 0.1591351 0.1344951 0.2230574 0.1597419 0.1555842 0.1476604 0.1786312 0.1726778 0.1713395 0.1625796 0.1595995 0.1583574 0.1742448 0.1615729 0.1137319 0.1727075 0.2019682 0.1549287 0.2166711 0.1663389 0.1768403 0.1615524 0.1756966 0.1587375 0.1628301 0.1557971 0.1335907 0.1940360 0.1745969 0.1621404 0.1292706 0.2857375 0.1272338 0.1605486 0.1863094 0.1210041 
S0478         0.2476941 0.1356196 0.1283535 0.0830135 0.2009266 0.1310564 0.0751380 0.1407258 0.1252844 0.1589119 0.0762786 0.1644946 0.1641296 0.0787019 0.1579274 0.0609798 0.1742306 0.1815397 0.1610879 0.1523818 0.1279694 0.1328361 0.0816837 0.1531221 0.0560927 0.1209594 0.1563738 0.0625960 0.1591244 0.0000000 0.1683899 0.2012807 0.0661515 0.1349605 0.1234367 0.0571764 0.0698412 0.1071376 0.1267153 0.1299549 0.1642779 0.1965017 0.1412689 0.1642880 0.1366206 0.1266732 0.1827107 0.1171029 0.1282516 0.1214774 0.1239119 0.1662047 0.1153539 0.0709104 0.1694896 0.0712523 0.1164690 0.0784656 0.1356620 0.1655329 0.1833883 0.1671864 0.1792237 0.1450872 0.2227732 0.1788779 0.1288004 0.1735744 0.1695183 0.1761272 0.1850713 0.1835121 0.1158096 0.1936088 0.0613347 0.1796182 0.1550226 0.1739290 0.1729454 0.1622856 0.2021483 0.1289459 0.1487516 0.1111206 0.0627943 0.1592439 0.0687518 0.0785329 0.1531496 0.1650833 0.1633034 0.1272856 0.1864066 0.2095019 0.1496128 0.1240210 0.1229893 0.1459227 0.1658555 0.1399412 0.0720281 0.1474389 0.1441144 0.0799789 0.1370591 0.1049508 0.0723995 0.1906186 0.1219072 0.2176836 0.1562087 0.1609128 0.1294410 0.0820334 0.1301110 0.0738130 0.1276104 0.1175609 0.2023159 0.1681928 0.1446192 0.1200517 0.3186036 0.1048969 0.1539321 0.1583512 0.1145102 
S0552sl       0.2969167 0.1437846 0.1359208 0.1969092 0.1648527 0.1541722 0.1782908 0.1155082 0.1516421 0.1834689 0.1464390 0.1817484 0.1723764 0.1836694 0.1877644 0.1791795 0.1336931 0.1441905 0.1770815 0.1634232 0.1495721 0.1482856 0.1916833 0.1433908 0.1653030 0.1337462 0.1673865 0.1701166 0.1766253 0.1683899 0.0000000 0.1588724 0.1769376 0.1581061 0.1464534 0.1496079 0.1658876 0.1300181 0.1491400 0.1207446 0.1807785 0.2483170 0.1519858 0.1792348 0.1333250 0.1535265 0.0362543 0.1260485 0.1514369 0.1343143 0.1338206 0.0718028 0.1296141 0.1704680 0.1835230 0.1685924 0.1153774 0.1772833 0.1523910 0.0303209 0.0672989 0.0371452 0.0332834 0.1735885 0.1797287 0.2458706 0.1420670 0.1907841 0.1726503 0.0766991 0.0807602 0.2339551 0.1290860 0.2501342 0.1851311 0.0716461 0.1444311 0.1933644 0.1700710 0.1216944 0.2474482 0.1508941 0.1680079 0.1204936 0.1708554 0.1765202 0.1617477 0.1849880 0.1629204 0.1817005 0.1762265 0.1459056 0.1968141 0.1688834 0.1244028 0.1457206 0.1362296 0.1493749 0.1284512 0.1549000 0.1730907 0.1227075 0.1258607 0.1895476 0.1532622 0.1185117 0.1791591 0.1746801 0.1424359 0.1793606 0.1370686 0.1419931 0.1497565 0.1825575 0.1530021 0.1691536 0.1530529 0.1336497 0.1556740 0.1334068 0.0856087 0.1264519 0.1977446 0.1357246 0.1310429 0.1634621 0.1243704 
