133
PAFTOL_019361 0.0000000 0.1904578 0.1839646 0.2199399 0.1994585 0.1961154 0.2241895 0.2030898 0.1992237 0.1899493 0.2527109 0.2195314 0.2026154 0.2385968 0.1988950 0.2118256 0.1891719 0.2022720 0.1708885 0.2142453 0.2026143 0.1934184 0.2093548 0.2159275 0.2308024 0.1902908 0.1799345 0.2069579 0.1843665 0.2160696 0.1936254 0.1923564 0.2253152 0.2394115 0.3035046 0.2118725 0.2195539 0.1995806 0.2068547 0.2020150 0.1913184 0.2089371 0.1801237 0.2090047 0.2180745 0.2102659 0.2237332 0.2206397 0.1909384 0.1919246 0.1786398 0.1896579 0.1796655 0.1763063 0.2051138 0.2137628 0.1995008 0.2248634 0.1880442 0.1900856 0.1897629 0.1904696 0.2104400 0.1903301 0.1976896 0.1938740 0.1924511 0.2556885 0.2058014 0.2253751 0.2065357 0.2204663 0.2451912 0.1901128 0.1918420 0.2223742 0.1602960 0.2154146 0.2185878 0.1992342 0.2056889 0.2249798 0.1835681 0.2030464 0.2086828 0.1927995 0.2123944 0.1889105 0.1837186 0.1857590 0.1901646 0.2189768 0.1896778 0.2360461 0.2197991 0.2210500 0.1991579 0.2343661 0.2058918 0.2082842 0.1985348 0.1970497 0.2124798 0.2159975 0.1877619 0.1816752 0.1923919 0.1976133 0.2141775 0.2004532 0.1861523 0.1925078 0.2013188 0.1893178 0.1904592 0.1994077 0.1884038 0.1987072 0.2146669 0.1980891 0.1977456 0.1895635 0.2019359 0.1918389 0.1944199 0.1962017 0.1899978 0.2091491 0.2344778 0.1835398 0.1873166 0.2147969 0.1952585 
S0055         0.1904578 0.0000000 0.0709167 0.1065108 0.0930340 0.0224693 0.1298038 0.1092340 0.0807088 0.0255866 0.0947370 0.1150314 0.0997730 0.1363345 0.1027298 0.1192673 0.0912703 0.0936927 0.0846551 0.1195466 0.0766641 0.0271114 0.0330492 0.1085929 0.1054230 0.0875627 0.0712218 0.0868697 0.0840859 0.1187784 0.0883821 0.1008466 0.0953191 0.1327835 0.1377191 0.1064573 0.0545022 0.0343425 0.1067979 0.0916791 0.0907426 0.0814286 0.0250534 0.0955471 0.1204967 0.1633301 0.0912312 0.1146526 0.0329697 0.0985595 0.0636478 0.0234607 0.0719185 0.0613544 0.1107373 0.0964323 0.0940056 0.1242305 0.0861892 0.0872275 0.0642788 0.0835006 0.1081086 0.0989850 0.1001260 0.1065546 0.0950830 0.0718794 0.0981106 0.1617597 0.0967366 0.1192089 0.1255086 0.0965949 0.1009878 0.1633020 0.0514981 0.1629087 0.0936439 0.0977024 0.0892800 0.1242481 0.0457689 0.0955738 0.1571668 0.0220891 0.0735000 0.0805667 0.0816362 0.0847523 0.1022126 0.1222347 0.0861604 0.1216074 0.1162335 0.1181131 0.0304408 0.1295606 0.0962550 0.0887795 0.0240235 0.0310565 0.0426355 0.1065190 0.0449221 0.0881737 0.0810705 0.0783004 0.1044746 0.0619886 0.0749893 0.1058841 0.0965144 0.0857968 0.0226235 0.0789411 0.0775142 0.0411563 0.1180232 0.0602811 0.0966648 0.0509333 0.0754165 0.0863322 0.0868695 0.0947234 0.0848514 0.0795971 0.1226846 0.0626559 0.0764426 0.0778608 0.0733674 
S0196sl       0.1839646 0.0709167 0.0000000 0.0854597 0.0437160 0.0638473 0.1232020 0.0882594 0.0590542 0.0648929 0.1211423 0.0946935 0.1049225 0.1191120 0.0833101 0.1090608 0.0718088 0.0753292 0.0616137 0.1133277 0.0785416 0.0651082 0.0730187 0.0861029 0.1022579 0.0668903 0.0126352 0.0887156 0.0696457 0.1122394 0.0761765 0.0830053 0.1050949 0.1260208 0.1306959 0.0882218 0.0903288 0.0689141 0.0838782 0.0733242 0.0742672 0.0808915 0.0578490 0.0434444 0.1129765 0.1564283 0.0951343 0.1072532 0.0722348 0.0789430 0.0082726 0.0596188 0.0115311 0.0107302 0.0901715 0.0434490 0.0744968 0.1168351 0.0690070 0.0677707 0.0411629 0.0720822 0.0958969 0.0838889 0.0793560 0.0948813 0.0765828 0.1102281 0.0426054 0.1447308 0.0816904 0.1055344 0.1179037 0.0780386 0.0845111 0.1592963 0.0053334 0.1566343 0.0770024 0.0782646 0.0675339 0.1147335 0.0766532 0.0702912 0.1356660 0.0608182 0.0918664 0.0577461 0.0634699 0.0680672 0.0826554 0.1166558 0.0694582 0.1023253 0.1106580 0.1109862 0.0667845 0.1212372 0.0730188 0.0644229 0.0638919 0.0685707 0.0907033 0.0814348 0.0699297 0.0702878 0.0649067 0.0545371 0.0940610 0.0766836 0.0126494 0.0859834 0.0413969 0.0689904 0.0612199 0.0580294 0.0547834 0.0773547 0.0968826 0.0733283 0.0832472 0.0653407 0.0840473 0.0639678 0.0676910 0.0753619 0.0633117 0.0551804 0.0984044 0.0356737 0.0537792 0.0807624 0.0463929 
S0278         0.2199399 0.1065108 0.0854597 0.0000000 0.1147168 0.0954810 0.1425746 0.0582193 0.1007247 0.0966182 0.1532792 0.0589378 0.1315064 0.1465567 0.0584077 0.1304938 0.0544350 0.1124471 0.0932656 0.1322090 0.1074777 0.0965248 0.1035423 0.0656967 0.1358831 0.0365240 0.0884939 0.1161817 0.0535347 0.1350466 0.0673614 0.1186245 0.1350797 0.1554512 0.1532455 0.0388458 0.1226627 0.1002916 0.0412982 0.0771733 0.0814951 0.1104780 0.0897269 0.1181329 0.1301726 0.1855400 0.1237159 0.1297836 0.1058408 0.1209854 0.0804732 0.0913284 0.0899339 0.0805766 0.1211718 0.1194969 0.0802510 0.1422779 0.0749997 0.0754690 0.0824615 0.0581323 0.1234581 0.1185378 0.1128877 0.1293288 0.1079883 0.1509395 0.1154091 0.1757292 0.1234104 0.1430641 0.1471159 0.1078314 0.1152754 0.1888692 0.0670798 0.1852772 0.0892223 0.1132770 0.1070685 0.1468238 0.1025213 0.1111917 0.1685014 0.0939460 0.1140997 0.0944276 0.0426067 0.0733354 0.0866628 0.1401984 0.0739261 0.0559177 0.1355433 0.1343785 0.0997301 0.1530314 0.1112001 0.1078007 0.0929815 0.1001770 0.1237590 0.1214797 0.0994800 0.0759951 0.1065039 0.0934662 0.0625917 0.0989735 0.0912225 0.0548394 0.1139685 0.0729816 0.0939440 0.0981295 0.0903236 0.1053211 0.0738792 0.1026040 0.0890641 0.0967603 0.1114469 0.0991889 0.1013688 0.0798377 0.0944830 0.0984266 0.1354994 0.0766668 0.0914056 0.1069440 0.0856587 
S0281         0.1994585 0.0930340 0.0437160 0.1147168 0.0000000 0.0931636 0.1490192 0.1182482 0.0867641 0.0926856 0.1538598 0.1229605 0.1294731 0.1500013 0.1125837 0.1358360 0.1000747 0.1077318 0.0887611 0.1406943 0.1052835 0.0924105 0.1000857 0.1135753 0.1294992 0.0935116 0.0474901 0.1216544 0.0935734 0.1392425 0.1040441 0.1086897 0.1336397 0.1646303 0.1654502 0.1144929 0.1178451 0.0958838 0.1114168 0.1017528 0.1015330 0.1086491 0.0894239 0.0580200 0.1393218 0.1807464 0.1281868 0.1354119 0.0965883 0.1033592 0.0420748 0.0869569 0.0463535 0.0440719 0.1182293 0.0604844 0.1022352 0.1490149 0.0960753 0.0948323 0.0678815 0.1043897 0.1240154 0.1098194 0.1057099 0.1151435 0.0992167 0.1475019 0.0609361 0.1588331 0.1102455 0.1370350 0.1476155 0.1028210 0.1083466 0.1797934 0.0371296 0.1802593 0.1062139 0.1064901 0.1004405 0.1456441 0.0975923 0.0984409 0.1530025 0.0882782 0.1179323 0.0890134 0.0913420 0.0944813 0.1105794 0.1442037 0.0989772 0.1316636 0.1383239 0.1372562 0.0928623 0.1527988 0.1067212 0.0904565 0.0915325 0.0953618 0.1146558 0.1098271 0.0931417 0.1006384 0.0916957 0.0828306 0.1208258 0.1035861 0.0481541 0.1128592 0.0596693 0.0966960 0.0886657 0.0873255 0.0851538 0.1024080 0.1219459 0.0994728 0.1088959 0.0952931 0.1143178 0.0952175 0.0982577 0.1012846 0.0891594 0.0846458 0.1290204 0.0680510 0.0862514 0.1102310 0.0730686 
S0282         0.1961154 0.0224693 0.0638473 0.0954810 0.0931636 0.0000000 0.1250384 0.0970459 0.0717247 0.0065467 0.0783573 0.1029063 0.1034425 0.1166982 0.0902194 0.1084773 0.0804043 0.0865368 0.0730024 0.1105827 0.0606183 0.0044280 0.0180442 0.0993420 0.0895903 0.0754904 0.0675776 0.0712649 0.0767140 0.1124027 0.0811176 0.0988229 0.0830866 0.1296370 0.1288077 0.0996261 0.0381229 0.0229653 0.0948917 0.0783265 0.0852932 0.0665245 0.0034774 0.0937850 0.1109664 0.1645990 0.0807906 0.1073257 0.0220333 0.0946380 0.0582492 0.0023515 0.0682914 0.0533781 0.1097848 0.0923182 0.0802126 0.1133007 0.0792075 0.0740055 0.0586145 0.0800587 0.0958121 0.0977490 0.0910856 0.1106769 0.0888750 0.0640074 0.0967476 0.1571312 0.0931496 0.1064841 0.1171275 0.0955502 0.1011163 0.1645945 0.0453386 0.1657198 0.0857507 0.0900312 0.0787051 0.1139456 0.0394656 0.0892915 0.1488160 0.0011506 0.0617170 0.0749689 0.0726172 0.0788087 0.0932506 0.1165811 0.0756876 0.1098139 0.1114913 0.1111099 0.0163525 0.1200351 0.0874016 0.0802075 0.0034440 0.0186166 0.0399188 0.0952438 0.0350539 0.0764754 0.0787045 0.0717226 0.0994821 0.0496929 0.0689161 0.0966972 0.0953359 0.0758216 0.0035593 0.0741453 0.0697001 0.0325586 0.1109099 0.0482272 0.0846998 0.0392399 0.0614125 0.0768532 0.0818532 0.0849055 0.0802343 0.0759825 0.1158057 0.0500493 0.0686804 0.0654692 0.0644796 
S0288         0.2241895 0.1298038 0.1232020 0.1425746 0.1490192 0.1250384 0.0000000 0.1450326 0.1315835 0.1234109 0.1902961 0.1496683 0.0383210 0.1038421 0.1334221 0.0427671 0.1283966 0.1413772 0.1162248 0.0398975 0.1445238 0.1267888 0.1329518 0.1513299 0.1642185 0.1220581 0.1264926 0.1416283 0.1234356 0.0210296 0.1348033 0.1545502 0.1693364 0.1080046 0.0572397 0.1521708 0.1525210 0.1259057 0.1446584 0.1330930 0.1365900 0.1487164 0.1157680 0.1518722 0.0438632 0.2199094 0.1636001 0.0216713 0.1324903 0.1304789 0.1213222 0.1066520 0.1281391 0.1142010 0.1627300 0.1534571 0.1337879 0.1113780 0.1155519 0.1316712 0.1189538 0.1267290 0.0751401 0.1522111 0.1469413 0.1520098 0.1513466 0.1905527 0.1489052 0.2124314 0.1608173 0.1063111 0.1082910 0.1504961 0.1589095 0.2238217 0.1059516 0.2222677 0.1430240 0.1480317 0.1434915 0.1097165 0.1265961 0.1532872 0.1971800 0.1195429 0.1489689 0.1327669 0.1194416 0.1290170 0.1306391 0.0238450 0.1307892 0.1661233 0.0254523 0.0229512 0.1282463 0.1167671 0.1497181 0.1390568 0.1219871 0.1281033 0.1519208 0.1547268 0.1246192 0.1318039 0.1360696 0.1298797 0.1499786 0.1305273 0.1305353 0.1415641 0.1463912 0.1300141 0.1258339 0.1362801 0.1268650 0.1318194 0.1566476 0.1344611 0.1370648 0.1275778 0.1503619 0.1421166 0.1399508 0.1379491 0.1335007 0.1459193 0.1707724 0.1178348 0.1266369 0.1469648 0.1260465 
S0289         0.2030898 0.1092340 0.0882594 0.0582193 0.1182482 0.0970459 0.1450326 0.0000000 0.1015956 0.0982302 0.1553037 0.0581142 0.1325343 0.1394483 0.0517291 0.1295840 0.0505819 0.1126137 0.0904110 0.1333574 0.1116378 0.0980732 0.1037515 0.0630965 0.1295040 0.0369645 0.0913959 0.1154645 0.0500471 0.1368301 0.0647204 0.1202699 0.1301884 0.1548524 0.1661336 0.0601876 0.1227677 0.1018594 0.0511880 0.0762086 0.0811847 0.1093418 0.0906430 0.1210914 0.1313704 0.1838326 0.1204031 0.1324093 0.1067699 0.1207638 0.0834115 0.0922698 0.0934614 0.0828699 0.1223068 0.1224565 0.0792778 0.1387717 0.0740221 0.0758954 0.0800694 0.0460344 0.1207173 0.1187546 0.1164939 0.1304136 0.1080887 0.1434322 0.1176510 0.1667859 0.1195882 0.1365649 0.1474275 0.1098086 0.1152558 0.1859074 0.0723175 0.1849606 0.0837175 0.1140580 0.1078268 0.1418631 0.1053403 0.1140324 0.1572320 0.0935018 0.1188729 0.0938762 0.0371573 0.0724403 0.0869604 0.1398893 0.0736261 0.0737605 0.1373221 0.1370028 0.1012146 0.1478270 0.1160942 0.1064752 0.0946658 0.1010212 0.1238336 0.1194825 0.1031275 0.0757915 0.1078402 0.0949993 0.0605222 0.1002793 0.0947520 0.0528144 0.1162092 0.0721021 0.0950672 0.0998318 0.0925062 0.1066505 0.0710980 0.1040757 0.0866800 0.0976266 0.1137668 0.1041591 0.1068873 0.0808970 0.0972564 0.0927787 0.1332726 0.0795790 0.0948523 0.1091749 0.0845817 
S0292         0.1992237 0.0807088 0.0590542 0.1007247 0.0867641 0.0717247 0.1315835 0.1015956 0.0000000 0.0740573 0.1341042 0.1080606 0.1123002 0.1223051 0.0970555 0.1147771 0.0872629 0.0780461 0.0724676 0.1155711 0.0930428 0.0735896 0.0828623 0.0994442 0.1161151 0.0820315 0.0609050 0.1021245 0.0792953 0.1152859 0.0870317 0.0915168 0.1112086 0.1316181 0.1382345 0.1061587 0.0970840 0.0808463 0.0968757 0.0842922 0.0926311 0.0915171 0.0707283 0.0855139 0.1158005 0.1601847 0.1048335 0.1116820 0.0852859 0.0848143 0.0517977 0.0733712 0.0603743 0.0495471 0.1021366 0.0867890 0.0873823 0.1231793 0.0847831 0.0763556 0.0499057 0.0887056 0.0998527 0.0904686 0.0867582 0.0978183 0.0756210 0.1249450 0.0902691 0.1437915 0.0919719 0.1081727 0.1249492 0.0886520 0.0946106 0.1637816 0.0389712 0.1603958 0.0967128 0.0876011 0.0714330 0.1204848 0.0873237 0.0501935 0.1353998 0.0728869 0.0942388 0.0624536 0.0788223 0.0822771 0.0977672 0.1204620 0.0779046 0.1087443 0.1123474 0.1153821 0.0785834 0.1276964 0.0827279 0.0176566 0.0738518 0.0822093 0.1022126 0.0581050 0.0812482 0.0807057 0.0200444 0.0155968 0.1072956 0.0763687 0.0628152 0.1014698 0.0889113 0.0858038 0.0730181 0.0356445 0.0599289 0.0868538 0.1131460 0.0769680 0.0899366 0.0732932 0.0909551 0.0705149 0.0716639 0.0865392 0.0729926 0.0665844 0.1038506 0.0518880 0.0607979 0.0946880 0.0544345 
S0293         0.1899493 0.0255866 0.0648929 0.0966182 0.0926856 0.0065467 0.1234109 0.0982302 0.0740573 0.0000000 0.0823625 0.1051942 0.1058549 0.1205934 0.0914505 0.1118974 0.0795421 0.0880025 0.0731106 0.1133844 0.0622842 0.0099118 0.0207002 0.1044757 0.0912572 0.0764612 0.0682350 0.0769688 0.0779566 0.1138092 0.0822115 0.0939995 0.0873927 0.1274734 0.1339250 0.1023909 0.0406417 0.0240316 0.0981922 0.0792719 0.0851372 0.0691532 0.0066937 0.0962656 0.1130711 0.1617710 0.0855377 0.1070079 0.0236864 0.0886690 0.0590978 0.0055762 0.0683386 0.0538647 0.1073419 0.0954527 0.0813309 0.1177682 0.0802321 0.0747085 0.0564651 0.0781460 0.0983122 0.0940866 0.0914717 0.1075638 0.0834952 0.0655633 0.0973625 0.1502042 0.0922328 0.1135013 0.1188824 0.0904937 0.0968156 0.1625305 0.0445351 0.1620509 0.0850528 0.0924275 0.0784606 0.1183520 0.0394547 0.0875181 0.1419671 0.0042181 0.0612951 0.0698338 0.0733761 0.0790654 0.0929976 0.1170522 0.0751265 0.1125734 0.1120520 0.1131570 0.0183279 0.1226334 0.0888386 0.0800334 0.0066375 0.0219277 0.0431156 0.0951118 0.0386554 0.0759019 0.0804777 0.0705013 0.1007140 0.0488893 0.0703265 0.0982173 0.0958844 0.0774219 0.0062079 0.0724020 0.0663398 0.0353514 0.1142520 0.0491938 0.0843460 0.0417724 0.0657719 0.0764395 0.0803041 0.0856776 0.0786642 0.0728725 0.1166891 0.0504876 0.0666314 0.0666703 0.0627446 
S0294         0.2527109 0.0947370 0.1211423 0.1532792 0.1538598 0.0783573 0.1902961 0.1553037 0.1341042 0.0823625 0.0000000 0.1636566 0.1703675 0.1837308 0.1539969 0.1738688 0.1421845 0.1517317 0.1221524 0.1779990 0.1211468 0.0813304 0.0857565 0.1609544 0.1462271 0.1381007 0.1289329 0.1309105 0.1367487 0.1805174 0.1451397 0.1580928 0.1413232 0.1891449 0.2408777 0.1647207 0.1053541 0.0869466 0.1537649 0.1371996 0.1446019 0.1250192 0.0753257 0.1539991 0.1765873 0.2227710 0.1355209 0.1729920 0.0881039 0.1608290 0.1193915 0.0768349 0.1254938 0.1135841 0.1712824 0.1540004 0.1406004 0.1737389 0.1401089 0.1367363 0.1148573 0.1453489 0.1638376 0.1573882 0.1531100 0.1765752 0.1532646 0.1059049 0.1601805 0.2126541 0.1560806 0.1749928 0.1847909 0.1535667 0.1578565 0.2238807 0.1037068 0.2249714 0.1575648 0.1460966 0.1426649 0.1760044 0.0937349 0.1469902 0.2004995 0.0756220 0.1199241 0.1362209 0.1298090 0.1383608 0.1542697 0.1881629 0.1370750 0.1700785 0.1778526 0.1773725 0.0831870 0.1793398 0.1530648 0.1425874 0.0780201 0.0864019 0.1065071 0.1592669 0.0912716 0.1367621 0.1382045 0.1301361 0.1640719 0.1062025 0.1276277 0.1583323 0.1585793 0.1347500 0.0801925 0.1345978 0.1318299 0.0930387 0.1671872 0.1070851 0.1444365 0.0990214 0.1206267 0.1367919 0.1443569 0.1412506 0.1369238 0.1418846 0.1718591 0.1081985 0.1300818 0.1244474 0.1251752 
S0299         0.2195314 0.1150314 0.0946935 0.0589378 0.1229605 0.1029063 0.1496683 0.0581142 0.1080606 0.1051942 0.1636566 0.0000000 0.1365737 0.1498998 0.0583848 0.1392548 0.0576835 0.1213826 0.0980852 0.1410443 0.1215734 0.1051963 0.1116620 0.0762703 0.1391211 0.0422924 0.0984799 0.1258484 0.0564721 0.1415282 0.0732851 0.1290614 0.1426724 0.1636083 0.1835838 0.0576440 0.1300579 0.1064064 0.0511021 0.0841001 0.0867045 0.1193367 0.0966371 0.1277761 0.1396504 0.1965216 0.1289455 0.1370732 0.1146492 0.1304697 0.0896535 0.0968576 0.0985983 0.0873613 0.1311153 0.1291528 0.0853231 0.1453982 0.0795995 0.0821718 0.0894922 0.0541631 0.1261919 0.1298011 0.1231496 0.1403814 0.1162347 0.1577894 0.1222005 0.1862336 0.1300802 0.1447664 0.1446934 0.1200879 0.1256332 0.2004153 0.0782486 0.1967491 0.0853985 0.1219844 0.1142734 0.1501825 0.1121296 0.1240738 0.1749066 0.1015657 0.1277238 0.1070963 0.0437177 0.0785281 0.0925321 0.1473484 0.0816683 0.0715940 0.1420161 0.1403083 0.1077324 0.1545687 0.1198982 0.1151884 0.0999094 0.1075263 0.1306087 0.1292151 0.1097335 0.0839592 0.1152825 0.1042749 0.0616368 0.1102555 0.1005155 0.0653213 0.1207473 0.0800214 0.1011648 0.1076539 0.0988432 0.1139799 0.0676529 0.1119992 0.0943839 0.1034723 0.1252235 0.1126897 0.1154562 0.0852328 0.1058308 0.1075489 0.1458999 0.0858090 0.1012739 0.1177536 0.0974118 
S0303         0.2026154 0.0997730 0.1049225 0.1315064 0.1294731 0.1034425 0.0383210 0.1325343 0.1123002 0.1058549 0.1703675 0.1365737 0.0000000 0.0908184 0.1284917 0.0387425 0.1185878 0.1248411 0.0989967 0.0367772 0.1263713 0.1067461 0.1132521 0.1337918 0.1453835 0.1117334 0.1066494 0.1318070 0.1057706 0.0240193 0.1207746 0.1407498 0.1483339 0.1128460 0.0150517 0.1403121 0.1290460 0.1101018 0.1310556 0.1185889 0.1193361 0.1308796 0.0981399 0.1335986 0.0403844 0.2001133 0.1421406 0.0194363 0.1136579 0.1301604 0.0978066 0.0991816 0.1080448 0.0954111 0.1469597 0.1364092 0.1198565 0.1027380 0.1137922 0.1121569 0.1009719 0.1239710 0.0658725 0.1392770 0.1325417 0.1435019 0.1203411 0.1602787 0.1349734 0.1825711 0.1370788 0.0929559 0.1078690 0.1356649 0.1422609 0.2033216 0.0848849 0.1996840 0.1271405 0.1318794 0.1241753 0.1040244 0.1160154 0.1291474 0.1685889 0.1010012 0.1296708 0.1183290 0.1092311 0.1127319 0.1215050 0.0237202 0.1136985 0.1493307 0.0239713 0.0240617 0.1079899 0.1158034 0.1312863 0.1174689 0.1054743 0.1051496 0.1297457 0.1355591 0.1149303 0.1112069 0.1174064 0.1111680 0.1364283 0.1140694 0.1107969 0.1325977 0.1327786 0.1149321 0.1049102 0.1145488 0.1096495 0.1155326 0.1488437 0.1178593 0.1213727 0.1061882 0.1269529 0.1213757 0.1216574 0.1226225 0.1200767 0.1199324 0.1540524 0.0980526 0.1085782 0.1261389 0.1076637 
S0308         0.2385968 0.1363345 0.1191120 0.1465567 0.1500013 0.1166982 0.1038421 0.1394483 0.1223051 0.1205934 0.1837308 0.1498998 0.0908184 0.0000000 0.1445407 0.0877098 0.1317456 0.1327129 0.1148361 0.0867324 0.1431291 0.1231166 0.1298661 0.1422225 0.1592178 0.1236204 0.1212834 0.1506520 0.1267743 0.0911284 0.1345162 0.1460032 0.1579637 0.1219407 0.0913477 0.1497621 0.1461559 0.1302463 0.1411779 0.1313254 0.1357389 0.1405215 0.1165366 0.1482367 0.0899511 0.2129829 0.1570688 0.0845874 0.1288582 0.1475879 0.1111738 0.1149627 0.1212829 0.1081151 0.1522283 0.1515790 0.1304566 0.1070246 0.1257494 0.1280407 0.1152040 0.1350705 0.0588321 0.1459684 0.1440082 0.1592793 0.1441734 0.1733649 0.1460333 0.2056627 0.1562515 0.1086353 0.1139353 0.1410226 0.1474459 0.2139632 0.0992228 0.2117449 0.1392034 0.1386446 0.1342352 0.1058687 0.1359948 0.1395058 0.1957649 0.1215236 0.1448897 0.1282552 0.1226428 0.1264002 0.1412220 0.0903720 0.1293139 0.1602844 0.0877532 0.0912647 0.1244710 0.1178993 0.1392795 0.1311610 0.1212481 0.1249596 0.1436642 0.1436512 0.1286116 0.1260779 0.1264838 0.1227808 0.1490392 0.1320966 0.1220811 0.1458922 0.1452107 0.1278089 0.1217516 0.1248554 0.1215376 0.1363056 0.1587110 0.1363053 0.1386868 0.1266413 0.1389810 0.1324455 0.1303553 0.1369946 0.1302430 0.1307124 0.1593675 0.1073519 0.1225402 0.1412818 0.1190183 
S0320         0.1988950 0.1027298 0.0833101 0.0584077 0.1125837 0.0902194 0.1334221 0.0517291 0.0970555 0.0914505 0.1539969 0.0583848 0.1284917 0.1445407 0.0000000 0.1283429 0.0477121 0.1132528 0.0815645 0.1325426 0.1029654 0.0917104 0.0984780 0.0663880 0.1277177 0.0353789 0.0874196 0.1085908 0.0502785 0.1300438 0.0662361 0.1145894 0.1325419 0.1544200 0.1883462 0.0565880 0.1157203 0.0920420 0.0527882 0.0759533 0.0812249 0.1041259 0.0834124 0.1177258 0.1286738 0.1860437 0.1161118 0.1291616 0.1009781 0.1139674 0.0806004 0.0876392 0.0895874 0.0757895 0.1167922 0.1192639 0.0786366 0.1383839 0.0715531 0.0714876 0.0791756 0.0511528 0.1105847 0.1152155 0.1092364 0.1228051 0.1082983 0.1418622 0.1163249 0.1692027 0.1232313 0.1310592 0.1431465 0.1070654 0.1122717 0.1894325 0.0651462 0.1847847 0.0904488 0.1081094 0.1042633 0.1351696 0.0982455 0.1112059 0.1565451 0.0868249 0.1072197 0.0938017 0.0376865 0.0710640 0.0727344 0.1406618 0.0725532 0.0730368 0.1335948 0.1316877 0.0950247 0.1458855 0.1118993 0.1030454 0.0898434 0.0948291 0.1207178 0.1088216 0.0939555 0.0721238 0.1030759 0.0919606 0.0337572 0.0946583 0.0895861 0.0518335 0.1140488 0.0727753 0.0915495 0.0919709 0.0893155 0.0993537 0.0710826 0.0950653 0.0832870 0.0884564 0.1016500 0.1003473 0.1034803 0.0801886 0.0860456 0.0974952 0.1351174 0.0785080 0.0904267 0.1056916 0.0855722 
S0322         0.2118256 0.1192673 0.1090608 0.1304938 0.1358360 0.1084773 0.0427671 0.1295840 0.1147771 0.1118974 0.1738688 0.1392548 0.0387425 0.0877098 0.1283429 0.0000000 0.1193886 0.1267405 0.1139222 0.0133200 0.1348270 0.1123355 0.1195178 0.1345845 0.1501608 0.1090285 0.1119941 0.1402931 0.1129935 0.0307183 0.1213327 0.1413393 0.1534548 0.1069956 0.0344620 0.1400451 0.1383055 0.1184573 0.1315925 0.1177974 0.1233726 0.1315714 0.1046021 0.1377576 0.0159243 0.1999897 0.1473355 0.0255571 0.1185722 0.1360734 0.1025591 0.1058092 0.1127700 0.1001897 0.1452486 0.1398155 0.1189916 0.0966702 0.1158616 0.1134601 0.1061192 0.1254621 0.0616757 0.1391506 0.1366012 0.1506337 0.1304543 0.1645205 0.1320842 0.1926891 0.1433495 0.0925932 0.1026899 0.1360294 0.1411711 0.2031686 0.0894448 0.2011000 0.1342994 0.1331687 0.1275544 0.0959227 0.1216732 0.1332302 0.1785318 0.1067638 0.1352591 0.1217228 0.1098623 0.1147414 0.1255004 0.0292779 0.1150537 0.1504408 0.0306891 0.0313707 0.1142339 0.1088252 0.1354230 0.1199220 0.1093343 0.1133868 0.1361376 0.1362321 0.1172877 0.1098152 0.1179672 0.1129995 0.1346661 0.1196036 0.1141075 0.1323505 0.1305843 0.1176099 0.1131781 0.1179043 0.1149651 0.1233256 0.1480337 0.1228997 0.1247650 0.1110165 0.1311163 0.1276819 0.1257623 0.1224689 0.1200722 0.1259570 0.1588905 0.1007601 0.1132657 0.1331882 0.1133996 
S0327         0.1891719 0.0912703 0.0718088 0.0544350 0.1000747 0.0804043 0.1283966 0.0505819 0.0872629 0.0795421 0.1421845 0.0576835 0.1185878 0.1317456 0.0477121 0.1193886 0.0000000 0.1000338 0.0711637 0.1216830 0.0977097 0.0818965 0.0867650 0.0621565 0.1213253 0.0284627 0.0749098 0.1055806 0.0352983 0.1229967 0.0498467 0.1080570 0.1197289 0.1462721 0.1337903 0.0555736 0.1070638 0.0867252 0.0472947 0.0603675 0.0633096 0.1014043 0.0747383 0.1041743 0.1205093 0.1681072 0.1093513 0.1187118 0.0910597 0.1107456 0.0663325 0.0746645 0.0755942 0.0662272 0.1087390 0.1054971 0.0627616 0.1297007 0.0579297 0.0585780 0.0664301 0.0379108 0.1117970 0.1092199 0.1036721 0.1199068 0.0953074 0.1326357 0.1055593 0.1499037 0.1089306 0.1234413 0.1350415 0.0976913 0.1029910 0.1710079 0.0537122 0.1675843 0.0725555 0.1012820 0.0959593 0.1289853 0.0920190 0.1001107 0.1400298 0.0795543 0.1014819 0.0825312 0.0272516 0.0554802 0.0694851 0.1289662 0.0566900 0.0688598 0.1214420 0.1231498 0.0856335 0.1364434 0.0995385 0.0934519 0.0793106 0.0854714 0.1068066 0.1086306 0.0885845 0.0593549 0.0940887 0.0834121 0.0553277 0.0860237 0.0762954 0.0508671 0.1041614 0.0588423 0.0813645 0.0840232 0.0779989 0.0900711 0.0632685 0.0868870 0.0699230 0.0816563 0.0995720 0.0877766 0.0920232 0.0637432 0.0844213 0.0813613 0.1246973 0.0651488 0.0783589 0.0973461 0.0735210 
S0335         0.2022720 0.0936927 0.0753292 0.1124471 0.1077318 0.0865368 0.1413772 0.1126137 0.0780461 0.0880025 0.1517317 0.1213826 0.1248411 0.1327129 0.1132528 0.1267405 0.1000338 0.0000000 0.0528687 0.1270526 0.1080054 0.0890827 0.0973478 0.1158470 0.1333920 0.0938831 0.0752328 0.1151239 0.0942472 0.1292155 0.1030954 0.1079751 0.1256716 0.1458730 0.1500772 0.1159190 0.1152730 0.0947931 0.1111827 0.0984176 0.1059167 0.1108598 0.0829818 0.1036629 0.1271415 0.1824155 0.1262078 0.1249367 0.1003873 0.1026484 0.0693126 0.0843261 0.0778255 0.0685170 0.1172771 0.1056898 0.0990901 0.1380941 0.0963329 0.0927391 0.0643201 0.1006848 0.1144746 0.1090836 0.1029469 0.1165000 0.0962321 0.1343389 0.1064474 0.1644188 0.1008506 0.1242210 0.1399715 0.1007796 0.1080624 0.1832209 0.0575436 0.1788986 0.1120401 0.1037618 0.0783794 0.1355980 0.1043102 0.0925218 0.1547864 0.0850404 0.1169135 0.0822544 0.0896612 0.0968563 0.1119400 0.1321274 0.0951804 0.1313630 0.1284053 0.1294379 0.0922896 0.1449654 0.0669031 0.0907119 0.0868534 0.0902817 0.1183917 0.1022956 0.0966356 0.0965804 0.0860194 0.0748708 0.1223211 0.1021828 0.0803726 0.1155463 0.1050523 0.0951461 0.0861353 0.0785391 0.0569338 0.1007640 0.1269564 0.0936814 0.1056357 0.0921584 0.1111213 0.0556811 0.0304220 0.0984661 0.0863291 0.0811587 0.1236729 0.0650058 0.0560143 0.1082827 0.0680274 
S0345         0.1708885 0.0846551 0.0616137 0.0932656 0.0887611 0.0730024 0.1162248 0.0904110 0.0724676 0.0731106 0.1221524 0.0980852 0.0989967 0.1148361 0.0815645 0.1139222 0.0711637 0.0528687 0.0000000 0.1180606 0.0879301 0.0747036 0.0832628 0.0886165 0.1009863 0.0672469 0.0617622 0.0936038 0.0686558 0.1196268 0.0728869 0.0803267 0.0901671 0.1330685 0.0000010 0.0960471 0.1049172 0.0733341 0.0905313 0.0728893 0.0755258 0.0796676 0.0702846 0.0849986 0.1209172 0.1497650 0.0933660 0.1165715 0.0770906 0.0883294 0.0589668 0.0690524 0.0645574 0.0630756 0.0916037 0.0913051 0.0731215 0.1121129 0.0697594 0.0653200 0.0586957 0.0760419 0.0902439 0.0794987 0.0873157 0.0865828 0.0822102 0.1312587 0.1018886 0.1641431 0.0730250 0.1156440 0.1334021 0.0852500 0.0878236 0.1519108 0.0463958 0.1517601 0.0944102 0.0784629 0.0730835 0.1148123 0.0763025 0.0843998 0.1458311 0.0723712 0.0859851 0.0657442 0.0614421 0.0685149 0.0739786 0.1349742 0.0743256 0.1031277 0.1194884 0.1217298 0.0819213 0.1183163 0.0296882 0.0866795 0.0751091 0.0801642 0.0940569 0.0875472 0.0784333 0.0685730 0.0788565 0.0723179 0.0968435 0.0771890 0.0691374 0.0819213 0.0987055 0.0769637 0.0673431 0.0648659 0.0487166 0.0749153 0.0876138 0.0753781 0.0773923 0.0742862 0.0869142 0.0218550 0.0416576 0.0696765 0.0653520 0.0745341 0.1043931 0.0556764 0.0517102 0.0890167 0.0642419 
S0355         0.2142453 0.1195466 0.1133277 0.1322090 0.1406943 0.1105827 0.0398975 0.1333574 0.1155711 0.1133844 0.1779990 0.1410443 0.0367772 0.0867324 0.1325426 0.0133200 0.1216830 0.1270526 0.1180606 0.0000000 0.1373459 0.1158557 0.1224874 0.1383047 0.1541561 0.1116210 0.1162781 0.1428971 0.1122915 0.0258264 0.1243279 0.1438160 0.1562116 0.1113882 0.0214532 0.1405138 0.1423136 0.1214470 0.1347208 0.1207455 0.1270484 0.1354460 0.1074010 0.1410814 0.0121576 0.2040705 0.1507331 0.0229362 0.1215198 0.1417119 0.1060355 0.1071249 0.1170733 0.1050270 0.1517744 0.1431502 0.1219557 0.0991357 0.1195099 0.1163935 0.1067475 0.1267863 0.0617395 0.1431679 0.1377931 0.1545643 0.1353054 0.1657844 0.1373868 0.1979143 0.1411549 0.0945174 0.1060191 0.1393479 0.1467317 0.2081710 0.0948906 0.2052052 0.1401074 0.1370289 0.1321276 0.0984058 0.1232678 0.1371052 0.1824216 0.1088656 0.1392060 0.1219749 0.1132984 0.1169641 0.1294436 0.0265988 0.1157716 0.1517174 0.0269459 0.0281957 0.1171178 0.1121627 0.1351237 0.1187470 0.1122582 0.1162528 0.1387641 0.1399416 0.1195779 0.1133121 0.1195096 0.1158398 0.1385078 0.1233304 0.1170687 0.1355130 0.1351678 0.1211370 0.1161065 0.1192185 0.1165764 0.1243046 0.1499611 0.1245031 0.1254781 0.1118060 0.1344737 0.1286903 0.1267698 0.1254784 0.1237674 0.1254791 0.1558909 0.1027540 0.1146887 0.1356765 0.1142677 
S0376         0.2026143 0.0766641 0.0785416 0.1074777 0.1052835 0.0606183 0.1445238 0.1116378 0.0930428 0.0622842 0.1211468 0.1215734 0.1263713 0.1431291 0.1029654 0.1348270 0.0977097 0.1080054 0.0879301 0.1373459 0.0000000 0.0625910 0.0692239 0.1176054 0.0977265 0.0926452 0.0809000 0.0494812 0.0922849 0.1344530 0.1010142 0.1157811 0.1060730 0.1567012 0.1555243 0.1155067 0.0823173 0.0664303 0.1123465 0.1000987 0.1026477 0.0869590 0.0463906 0.1079618 0.1366147 0.1773749 0.0999736 0.1312472 0.0695972 0.1172607 0.0717445 0.0570481 0.0828783 0.0696215 0.1259354 0.1099262 0.1020441 0.1398317 0.0967417 0.0950071 0.0763549 0.0943613 0.1187774 0.1162872 0.1094794 0.1299742 0.1003451 0.1108434 0.1094473 0.1586327 0.1163404 0.1282709 0.1395039 0.1098218 0.1166150 0.1823768 0.0585346 0.1797765 0.1026833 0.1095482 0.1008237 0.1399672 0.0745674 0.1068076 0.1522541 0.0595807 0.0859040 0.0914812 0.0892486 0.0966451 0.1061541 0.1400952 0.0962041 0.1280228 0.1369971 0.1358371 0.0643534 0.1482677 0.1114589 0.1000895 0.0599775 0.0660445 0.0892513 0.1195295 0.0693284 0.0971961 0.1007372 0.0897398 0.1182764 0.0719490 0.0822328 0.1132777 0.1080310 0.0963481 0.0613826 0.0897260 0.0901075 0.0734739 0.1263146 0.0707071 0.1074276 0.0622718 0.0837819 0.0989466 0.1005278 0.1014412 0.0989610 0.0945709 0.1305821 0.0712691 0.0886110 0.0417364 0.0821562 
S0400         0.1934184 0.0271114 0.0651082 0.0965248 0.0924105 0.0044280 0.1267888 0.0980732 0.0735896 0.0099118 0.0813304 0.1051963 0.1067461 0.1231166 0.0917104 0.1123355 0.0818965 0.0890827 0.0747036 0.1158557 0.0625910 0.0000000 0.0209038 0.1015512 0.0915328 0.0765568 0.0693499 0.0723571 0.0792430 0.1161646 0.0832219 0.0992039 0.0851906 0.1291802 0.1542312 0.0999159 0.0394074 0.0252029 0.0953219 0.0792104 0.0866019 0.0689810 0.0062321 0.0948656 0.1147527 0.1685444 0.0854742 0.1111716 0.0242425 0.0930276 0.0596868 0.0046004 0.0694300 0.0549576 0.1091869 0.0927541 0.0823513 0.1176508 0.0807537 0.0744802 0.0602131 0.0814868 0.0999613 0.0975152 0.0916208 0.1128549 0.0899685 0.0689187 0.0978291 0.1586344 0.0941300 0.1120076 0.1183855 0.0955229 0.1014768 0.1700596 0.0466317 0.1696889 0.0867677 0.0912150 0.0815637 0.1183312 0.0419449 0.0906815 0.1505103 0.0044986 0.0630220 0.0752934 0.0736339 0.0802813 0.0937070 0.1203496 0.0759956 0.1134292 0.1152627 0.1148995 0.0186970 0.1229263 0.0918990 0.0837200 0.0061771 0.0220406 0.0434981 0.0984396 0.0376518 0.0767984 0.0829084 0.0735604 0.0991914 0.0507998 0.0706659 0.0965345 0.0964520 0.0780370 0.0075494 0.0759863 0.0707878 0.0345899 0.1116388 0.0486526 0.0854334 0.0410716 0.0646477 0.0803032 0.0826347 0.0862189 0.0804324 0.0758877 0.1177445 0.0528666 0.0697975 0.0673338 0.0652877 
S0405         0.2093548 0.0330492 0.0730187 0.1035423 0.1000857 0.0180442 0.1329518 0.1037515 0.0828623 0.0207002 0.0857565 0.1116620 0.1132521 0.1298661 0.0984780 0.1195178 0.0867650 0.0973478 0.0832628 0.1224874 0.0692239 0.0209038 0.0000000 0.1082819 0.0958135 0.0816252 0.0766251 0.0804178 0.0853870 0.1227621 0.0881343 0.1048954 0.0941865 0.1377475 0.1507191 0.1076035 0.0464153 0.0303431 0.1037031 0.0860309 0.0915506 0.0757114 0.0183909 0.1032289 0.1197805 0.1748524 0.0902938 0.1183661 0.0275833 0.1060451 0.0669564 0.0187113 0.0767142 0.0622812 0.1176240 0.1038610 0.0872655 0.1220335 0.0857692 0.0827216 0.0672398 0.0868986 0.1051414 0.1040233 0.1006059 0.1186390 0.0987946 0.0785695 0.1028196 0.1628621 0.1028544 0.1170440 0.1226614 0.1033034 0.1099767 0.1749294 0.0516632 0.1760194 0.0953315 0.0974857 0.0903716 0.1226603 0.0472495 0.0975299 0.1539819 0.0183014 0.0696417 0.0813508 0.0797756 0.0851928 0.1013571 0.1286365 0.0833895 0.1220370 0.1224474 0.1220983 0.0220243 0.1273097 0.0988494 0.0904546 0.0199822 0.0265066 0.0475293 0.1046777 0.0429062 0.0836089 0.0883883 0.0802876 0.1062051 0.0573638 0.0779613 0.1043822 0.1027337 0.0829139 0.0200368 0.0808601 0.0787429 0.0374497 0.1201881 0.0558899 0.0929696 0.0462604 0.0726300 0.0871756 0.0913513 0.0912607 0.0878561 0.0822093 0.1268406 0.0588397 0.0777672 0.0727590 0.0715869 
S0407sl       0.2159275 0.1085929 0.0861029 0.0656967 0.1135753 0.0993420 0.1513299 0.0630965 0.0994442 0.1044757 0.1609544 0.0762703 0.1337918 0.1422225 0.0663880 0.1345845 0.0621565 0.1158470 0.0886165 0.1383047 0.1176054 0.1015512 0.1082819 0.0000000 0.1414421 0.0490466 0.0904524 0.1198613 0.0573691 0.1379622 0.0717464 0.1210755 0.1408215 0.1466771 0.1630631 0.0699050 0.1252461 0.1011425 0.0568618 0.0803506 0.0831649 0.1148323 0.0917384 0.1191742 0.1372259 0.1912949 0.1274875 0.1368968 0.1095838 0.1213989 0.0810163 0.0941534 0.0898534 0.0777953 0.1258488 0.1216257 0.0825344 0.1472302 0.0807130 0.0808810 0.0804469 0.0592787 0.1097228 0.1182877 0.1157634 0.1308442 0.1113946 0.1503611 0.1193388 0.1807974 0.1270220 0.1337804 0.1503080 0.1132322 0.1188415 0.1951636 0.0641529 0.1906168 0.0844078 0.1121455 0.1109998 0.1451582 0.1062265 0.1101736 0.1648657 0.0972916 0.1222632 0.0929443 0.0481754 0.0780794 0.0900409 0.1501610 0.0750431 0.0887142 0.1411105 0.1423192 0.1006147 0.1548281 0.1161924 0.1084400 0.0986823 0.1043443 0.1300515 0.1144747 0.1010323 0.0804079 0.1014751 0.0931193 0.0726364 0.1008837 0.0921493 0.0254337 0.1168251 0.0776218 0.0946628 0.0981234 0.0918564 0.1119174 0.0853660 0.1100746 0.0865955 0.0971973 0.1176940 0.1054702 0.1028429 0.0866977 0.0962604 0.1000994 0.1425305 0.0764325 0.0905247 0.1172893 0.0872342 
S0412sl       0.2308024 0.1054230 0.1022579 0.1358831 0.1294992 0.0895903 0.1642185 0.1295040 0.1161151 0.0912572 0.1462271 0.1391211 0.1453835 0.1592178 0.1277177 0.1501608 0.1213253 0.1333920 0.1009863 0.1541561 0.0977265 0.0915328 0.0958135 0.1414421 0.0000000 0.1121575 0.1065487 0.1078554 0.1151861 0.1551111 0.1219636 0.1362914 0.1065939 0.1732454 0.1968183 0.1317958 0.1134848 0.0927280 0.1309783 0.1253247 0.1334904 0.0964607 0.0852275 0.1260484 0.1540627 0.1976375 0.0776049 0.1477506 0.0957472 0.1430826 0.0971866 0.0894462 0.1053528 0.0900126 0.1502068 0.1260058 0.1244289 0.1564314 0.1207658 0.1183878 0.1022525 0.1244124 0.1409042 0.1358441 0.1335927 0.1477729 0.1269804 0.1413499 0.1355669 0.1924285 0.1460087 0.1523551 0.1621265 0.1343134 0.1408768 0.1978978 0.0865155 0.1965059 0.1334726 0.1281820 0.1268280 0.1587270 0.1015596 0.1280711 0.1748733 0.0873605 0.1145980 0.1153952 0.1083550 0.1181140 0.1317626 0.1591925 0.1190029 0.1490063 0.1542028 0.1509654 0.0927254 0.1628808 0.1332495 0.1207052 0.0872338 0.0939203 0.1092628 0.1398112 0.0951932 0.1194343 0.1203174 0.1143037 0.1344917 0.1028778 0.1080122 0.1336855 0.1340496 0.1260005 0.0906398 0.1170170 0.1162795 0.1043070 0.1477476 0.0955007 0.1280975 0.0846650 0.0960508 0.1220632 0.1234099 0.1236637 0.1191487 0.1211707 0.1506209 0.0972466 0.1159673 0.0993228 0.1089374 
S0417         0.1902908 0.0875627 0.0668903 0.0365240 0.0935116 0.0754904 0.1220581 0.0369645 0.0820315 0.0764612 0.1381007 0.0422924 0.1117334 0.1236204 0.0353789 0.1090285 0.0284627 0.0938831 0.0672469 0.1116210 0.0926452 0.0765568 0.0816252 0.0490466 0.1121575 0.0000000 0.0707980 0.0972125 0.0271151 0.1141649 0.0446920 0.0970579 0.1105712 0.1347625 0.1348756 0.0348813 0.1014988 0.0800244 0.0295998 0.0559189 0.0602414 0.0916510 0.0709435 0.0990643 0.1101450 0.1605196 0.1045254 0.1105518 0.0846257 0.1007129 0.0619657 0.0712668 0.0714939 0.0616066 0.1023583 0.1003928 0.0577107 0.1200848 0.0539476 0.0533557 0.0621382 0.0324009 0.1017413 0.0980450 0.0947050 0.1074054 0.0878460 0.1262012 0.0952260 0.1461300 0.0983534 0.1177525 0.1279199 0.0927412 0.0967641 0.1634376 0.0499418 0.1599575 0.0631466 0.0923048 0.0884374 0.1229130 0.0827037 0.0925050 0.1392682 0.0724816 0.0957217 0.0759752 0.0181211 0.0534386 0.0671670 0.1186986 0.0515577 0.0496548 0.1147155 0.1150308 0.0790871 0.1276406 0.0938861 0.0877127 0.0740747 0.0802143 0.1017636 0.1010643 0.0797572 0.0548453 0.0882626 0.0761305 0.0404495 0.0799170 0.0727678 0.0327368 0.0938214 0.0556389 0.0755785 0.0760446 0.0745626 0.0862028 0.0496637 0.0820835 0.0662607 0.0749538 0.0930758 0.0845825 0.0864003 0.0599991 0.0765108 0.0741539 0.1190952 0.0594794 0.0729367 0.0895596 0.0702312 
S0419         0.1799345 0.0712218 0.0126352 0.0884939 0.0474901 0.0675776 0.1264926 0.0913959 0.0609050 0.0682350 0.1289329 0.0984799 0.1066494 0.1212834 0.0874196 0.1119941 0.0749098 0.0752328 0.0617622 0.1162781 0.0809000 0.0693499 0.0766251 0.0904524 0.1065487 0.0707980 0.0000000 0.0910621 0.0699255 0.1138986 0.0811245 0.0880023 0.1067102 0.1298451 0.1268880 0.0919258 0.0918551 0.0719590 0.0882437 0.0782647 0.0799417 0.0851603 0.0604483 0.0471634 0.1152012 0.1608295 0.0994673 0.1102659 0.0758367 0.0800951 0.0093274 0.0628859 0.0119523 0.0111857 0.0971079 0.0489263 0.0794305 0.1210943 0.0741626 0.0728083 0.0439767 0.0758986 0.0976055 0.0889349 0.0844233 0.0958951 0.0742446 0.1151788 0.0480820 0.1409931 0.0864767 0.1050303 0.1212271 0.0809936 0.0874297 0.1622607 0.0047161 0.1596004 0.0846173 0.0839097 0.0712677 0.1190433 0.0809753 0.0725700 0.1342273 0.0646193 0.0934600 0.0614744 0.0672086 0.0737822 0.0864628 0.1192099 0.0744436 0.1039472 0.1136586 0.1139938 0.0704137 0.1248380 0.0779820 0.0669207 0.0676519 0.0721895 0.0929806 0.0831438 0.0736322 0.0752441 0.0667273 0.0557877 0.0970117 0.0784034 0.0130509 0.0897573 0.0468692 0.0721427 0.0644199 0.0605088 0.0573157 0.0809952 0.1014329 0.0776640 0.0869285 0.0677621 0.0883899 0.0677187 0.0676551 0.0809469 0.0682915 0.0594872 0.1001861 0.0401312 0.0563248 0.0837506 0.0478800 
S0427         0.2069579 0.0868697 0.0887156 0.1161817 0.1216544 0.0712649 0.1416283 0.1154645 0.1021245 0.0769688 0.1309105 0.1258484 0.1318070 0.1506520 0.1085908 0.1402931 0.1055806 0.1151239 0.0936038 0.1428971 0.0494812 0.0723571 0.0804178 0.1198613 0.1078554 0.0972125 0.0910621 0.0000000 0.0979657 0.1413747 0.1067463 0.1182791 0.1089748 0.1587750 0.1537369 0.1173273 0.0923177 0.0751402 0.1147884 0.1078255 0.1085441 0.0907172 0.0557563 0.1157881 0.1428056 0.1865304 0.1058809 0.1345498 0.0820774 0.1195422 0.0831305 0.0680866 0.0924133 0.0798499 0.1340123 0.1177697 0.1098857 0.1388882 0.1048062 0.1002252 0.0835417 0.0982899 0.1211502 0.1188097 0.1154204 0.1309587 0.1038722 0.1230429 0.1193956 0.1664004 0.1278062 0.1378086 0.1467677 0.1177785 0.1246512 0.1864655 0.0705324 0.1862320 0.1163643 0.1141789 0.1099040 0.1434298 0.0815910 0.1193929 0.1598799 0.0696817 0.0980493 0.1011326 0.0936869 0.1052501 0.1192561 0.1445337 0.1019009 0.1344028 0.1396763 0.1391674 0.0760653 0.1478994 0.1206315 0.1080616 0.0720683 0.0759256 0.1001383 0.1219768 0.0774771 0.1042050 0.1114422 0.1002663 0.1228721 0.0820891 0.0930401 0.1178796 0.1179513 0.1040821 0.0712045 0.1022209 0.0992550 0.0841606 0.1346021 0.0796753 0.1139499 0.0732955 0.0908888 0.1066685 0.1144060 0.1068017 0.1047146 0.1002616 0.1367395 0.0780836 0.0969787 0.0493694 0.0879393 
S0428sl       0.1843665 0.0840859 0.0696457 0.0535347 0.0935734 0.0767140 0.1234356 0.0500471 0.0792953 0.0779566 0.1367487 0.0564721 0.1057706 0.1267743 0.0502785 0.1129935 0.0352983 0.0942472 0.0686558 0.1122915 0.0922849 0.0792430 0.0853870 0.0573691 0.1151861 0.0271151 0.0699255 0.0979657 0.0000000 0.1162544 0.0451878 0.0925497 0.1147278 0.1380298 0.1299381 0.0528421 0.1047713 0.0823636 0.0463192 0.0552605 0.0612856 0.0970252 0.0730328 0.0967128 0.1134074 0.1516869 0.1018163 0.1116384 0.0850484 0.1002019 0.0627900 0.0728886 0.0692479 0.0632990 0.1019617 0.0998264 0.0572217 0.1207091 0.0552262 0.0559738 0.0653399 0.0322028 0.1045247 0.0936656 0.0926023 0.1025816 0.0858940 0.1215384 0.0992153 0.1436990 0.1061235 0.1179063 0.1258420 0.0916256 0.0942807 0.1538781 0.0506000 0.1495927 0.0637796 0.0911393 0.0911347 0.1230274 0.0858852 0.0941755 0.1345444 0.0752525 0.0999072 0.0784783 0.0266432 0.0533079 0.0695123 0.1201389 0.0519326 0.0669201 0.1153853 0.1147832 0.0819374 0.1288232 0.0963147 0.0875840 0.0764208 0.0816745 0.1030393 0.1065465 0.0836113 0.0540934 0.0852578 0.0769300 0.0550454 0.0807399 0.0706622 0.0475858 0.0976853 0.0556740 0.0774221 0.0775476 0.0748154 0.0830097 0.0634472 0.0844229 0.0650853 0.0787505 0.0994839 0.0847079 0.0888902 0.0645610 0.0790090 0.0791161 0.1224184 0.0633461 0.0750746 0.0911078 0.0719392 
