133
PAFTOL_019361 0.0000000 0.2424914 0.2313433 0.2502962 0.2540704 0.2325919 0.2620540 0.2340677 0.2420220 0.2258907 0.2547592 0.2745815 0.2597311 0.2436796 0.2507007 0.2630466 0.2473351 0.2517443 0.2561245 0.2442696 0.2284476 0.2312072 0.2482343 0.2410703 0.2479191 0.2309542 0.2387658 0.2687506 0.2639742 0.2328956 0.2498132 0.2852380 0.2724186 0.2775025 0.2623471 0.2417707 0.2392612 0.2841597 0.2446614 0.2566807 0.2355078 0.2373303 0.2475544 0.2524147 0.2684681 0.2455325 0.2638734 0.2263155 0.2517101 0.2263675 0.2321056 0.2324595 0.2209242 0.2525629 0.2399898 0.2495736 0.2549259 0.2380110 0.2416922 0.1912500 0.2709750 0.2434581 0.2542912 0.2457238 0.2489745 0.2536442 0.2479457 0.2574647 0.2828241 0.2832025 0.2618286 0.2496590 0.2326662 0.2341007 0.2749114 0.2249739 0.2641260 0.2478423 0.2507649 0.2599653 0.2600848 0.2308837 0.2499151 0.2800813 0.2265386 0.2603500 0.2148150 0.2208688 0.2405033 0.2407456 0.2779201 0.2779829 0.2266391 0.2471869 0.2761767 0.2673893 0.2323496 0.2572267 0.2563206 0.2334768 0.2340795 0.2319996 0.2413650 0.2584222 0.2295956 0.2418208 0.2384726 0.2415890 0.2576251 0.2638254 0.2257049 0.2625021 0.2569254 0.2409971 0.2248695 0.2659894 0.2521777 0.2479974 0.2484979 0.2777367 0.2415660 0.2359171 0.2441399 0.2428045 0.2624105 0.2358946 0.2452235 0.2239438 0.2683274 0.2327196 0.2390850 0.2347005 0.2211528 
S0055         0.2424914 0.0000000 0.0758175 0.1182921 0.0947175 0.0631918 0.1200584 0.0670881 0.0853568 0.0633680 0.0870336 0.1417288 0.1160109 0.1114387 0.1158405 0.1245286 0.1034409 0.1029797 0.1131404 0.0839331 0.0590146 0.0667624 0.1115566 0.0785899 0.1037953 0.0884221 0.0729581 0.1257161 0.1240077 0.0905199 0.0963813 0.0976123 0.1322538 0.1341666 0.1217741 0.0658698 0.0662270 0.1375294 0.1034123 0.1176986 0.0422434 0.0609444 0.0896107 0.1134188 0.1359241 0.0757423 0.1195876 0.0626140 0.0971985 0.0763049 0.0609019 0.0889405 0.0832813 0.1063896 0.0904610 0.0981298 0.1179202 0.1112010 0.1103868 0.0514379 0.1143524 0.0970156 0.0923679 0.0954405 0.1010101 0.0978412 0.0872199 0.1079187 0.1429453 0.1205803 0.1105116 0.1014888 0.0879041 0.0889645 0.1393421 0.0758971 0.1306571 0.1098042 0.1005460 0.1031918 0.1131427 0.0603904 0.0995093 0.1402670 0.0580127 0.0723021 0.0796277 0.0936502 0.1110518 0.1107303 0.1255075 0.1252151 0.1028372 0.1206324 0.1260845 0.1238381 0.0601326 0.1125857 0.1132546 0.0784768 0.0597811 0.0547592 0.0350321 0.1019208 0.0517528 0.0991503 0.0868200 0.0808816 0.1166819 0.0710910 0.0878116 0.1275129 0.1055513 0.1106298 0.0583855 0.1057301 0.0941436 0.0893528 0.0661513 0.1366935 0.0678124 0.0938510 0.0641983 0.0659572 0.1127207 0.0978037 0.1131081 0.0880297 0.1208485 0.0847020 0.0865762 0.0771353 0.0742187 
S0196sl       0.2313433 0.0758175 0.0000000 0.0973268 0.0317489 0.0727848 0.0989023 0.0752415 0.0587313 0.0776229 0.0948527 0.1265102 0.0927563 0.0848344 0.0991925 0.1009242 0.0868858 0.0670114 0.0928188 0.0783328 0.0637783 0.0744127 0.0921472 0.0822724 0.0857621 0.0241149 0.0775595 0.0981284 0.1022942 0.0671826 0.0676180 0.1033954 0.1048629 0.1083864 0.1061685 0.0723619 0.0693031 0.1161716 0.0829247 0.0979881 0.0641659 0.0675115 0.0277964 0.0878799 0.1238502 0.0780989 0.0964390 0.0713583 0.0687911 0.0061183 0.0686669 0.0240867 0.0192777 0.0673056 0.0319241 0.0794388 0.0960593 0.0897635 0.0868923 0.0286729 0.0828861 0.0704198 0.0674854 0.0605241 0.0720289 0.0695803 0.0917590 0.0410929 0.1329154 0.1105437 0.0887192 0.0766682 0.0507438 0.0550236 0.1271723 0.0045692 0.1166374 0.0849155 0.0701811 0.0717434 0.0921870 0.0725496 0.0736391 0.1240514 0.0619262 0.0817953 0.0536591 0.0725653 0.0891198 0.0900555 0.0985416 0.1028781 0.0818245 0.0962646 0.0996560 0.1024639 0.0670157 0.0916974 0.0770154 0.0570875 0.0668097 0.0648225 0.0716402 0.0826495 0.0624415 0.0773655 0.0620022 0.0552617 0.0992770 0.0810865 0.0235465 0.1022758 0.0405164 0.0923868 0.0640662 0.0425579 0.0696424 0.0576813 0.0795547 0.1190926 0.0776746 0.0734366 0.0719976 0.0761441 0.0786308 0.0633932 0.0939266 0.0538872 0.0965739 0.0204169 0.0544514 0.0722174 0.0407623 
S0278         0.2502962 0.1182921 0.0973268 0.0000000 0.1106612 0.1154114 0.1400597 0.1008443 0.1080146 0.1146414 0.1291627 0.0513329 0.1291407 0.1277943 0.0482314 0.1367331 0.0480508 0.1269238 0.1272931 0.1158127 0.1086585 0.1138532 0.0324435 0.1186882 0.0338468 0.1020538 0.1072202 0.0623719 0.1341070 0.0390600 0.1130067 0.1383306 0.1501328 0.1497122 0.0405400 0.1201279 0.1181289 0.0538541 0.0521942 0.0866560 0.1004544 0.1131232 0.1079527 0.1238206 0.1580746 0.1204488 0.1315002 0.1121957 0.1145697 0.0931339 0.1139429 0.1019787 0.0961243 0.1178706 0.1112897 0.0524837 0.1361508 0.0769464 0.0549966 0.0652010 0.0487630 0.1104662 0.1129820 0.1107276 0.1183478 0.1149589 0.1383810 0.1237464 0.1689582 0.1421754 0.1314638 0.1181690 0.1053441 0.1087537 0.1611284 0.0909039 0.1521831 0.0702135 0.1178214 0.1234117 0.1293702 0.1112359 0.1246241 0.1631265 0.1055360 0.1228889 0.1028309 0.0338845 0.0796505 0.0777137 0.1455260 0.0715404 0.0247791 0.1332492 0.1406262 0.1361653 0.1109314 0.1263093 0.1290225 0.1105532 0.1087500 0.1021669 0.1093097 0.1285602 0.1047916 0.0533780 0.1098470 0.1018645 0.0526020 0.1193137 0.1014986 0.0495942 0.1230043 0.0826315 0.1106947 0.1250977 0.1188783 0.1140598 0.1228811 0.0514381 0.1106634 0.0488001 0.1113212 0.1155700 0.1281268 0.1236104 0.0820818 0.1059929 0.1318486 0.0997465 0.1097240 0.1168889 0.0829362 
S0281         0.2540704 0.0947175 0.0317489 0.1106612 0.0000000 0.0939998 0.1220407 0.0953695 0.0800192 0.0945803 0.1125219 0.1387248 0.1141677 0.1078981 0.1079008 0.1225806 0.0986747 0.0890720 0.1118863 0.0935194 0.0893220 0.0951876 0.1046651 0.1065058 0.1006378 0.0439863 0.0864100 0.1152780 0.1185043 0.0942423 0.0844251 0.1226023 0.1229155 0.1351374 0.1187655 0.0979311 0.0983459 0.1235993 0.0969794 0.1119942 0.0803544 0.0918955 0.0464785 0.1097087 0.1443710 0.0997593 0.1164857 0.0932080 0.0854970 0.0379051 0.0911129 0.0402873 0.0389441 0.0861431 0.0497377 0.0950454 0.1135917 0.1022349 0.1025773 0.0522459 0.1126449 0.0914118 0.0806291 0.0763596 0.0886930 0.0840988 0.1108970 0.0594578 0.1528457 0.1284922 0.1081954 0.0989276 0.0671137 0.0688664 0.1467442 0.0364813 0.1369759 0.1065295 0.0880539 0.0924523 0.1103087 0.0921878 0.0947774 0.1498223 0.0844198 0.1080274 0.0767901 0.0904955 0.1032356 0.1021831 0.1262625 0.1163340 0.0912610 0.1127886 0.1232912 0.1184614 0.0938873 0.1109994 0.0910129 0.0801772 0.0876585 0.0913921 0.0943910 0.0965280 0.0851549 0.0920318 0.0783743 0.0784811 0.1152066 0.1066771 0.0430553 0.1176644 0.0574408 0.1073391 0.0878186 0.0592385 0.0892755 0.0822816 0.1020549 0.1252181 0.1013884 0.0891503 0.0958194 0.0934402 0.0881418 0.0851142 0.1064501 0.0681309 0.1167747 0.0388518 0.0759197 0.0928534 0.0656056 
S0282         0.2325919 0.0631918 0.0727848 0.1154114 0.0939998 0.0000000 0.1184979 0.0701033 0.0877683 0.0224716 0.0933166 0.1439580 0.1127542 0.1130031 0.1182793 0.1212262 0.1036940 0.1036938 0.1105243 0.0763070 0.0155951 0.0309989 0.1108067 0.0812204 0.1050840 0.0885509 0.0668815 0.1225397 0.1179190 0.0918697 0.0958434 0.1034101 0.1320376 0.1317611 0.1267777 0.0323665 0.0297335 0.1340812 0.1011063 0.1168080 0.0451332 0.0188951 0.0919160 0.1090495 0.1481315 0.0782687 0.1173412 0.0286176 0.0961212 0.0774677 0.0191839 0.0891251 0.0840511 0.1084837 0.0932400 0.0957577 0.1137567 0.1092177 0.1078625 0.0530019 0.1169243 0.0954214 0.0907984 0.0983187 0.0971415 0.0990138 0.0908207 0.1047676 0.1513755 0.1200638 0.1139567 0.1042048 0.0897838 0.0918650 0.1504582 0.0754732 0.1437028 0.1147730 0.1026196 0.1044434 0.1155392 0.0562508 0.1026404 0.1504111 0.0158377 0.0646417 0.0814655 0.0976091 0.1096422 0.1093628 0.1220287 0.1227887 0.1016048 0.1207952 0.1212176 0.1187829 0.0248240 0.1083106 0.1169776 0.0822172 0.0203361 0.0207601 0.0564366 0.1082186 0.0412596 0.0976819 0.0898844 0.0843655 0.1175544 0.0646363 0.0874352 0.1236928 0.1024279 0.1104644 0.0156593 0.1048590 0.0944892 0.0907193 0.0345041 0.1314751 0.0581328 0.0941216 0.0517460 0.0653392 0.1128747 0.0974829 0.1127635 0.0918655 0.1215563 0.0848358 0.0894763 0.0724476 0.0762605 
S0288         0.2620540 0.1200584 0.0989023 0.1400597 0.1220407 0.1184979 0.0000000 0.1151239 0.1196263 0.1190887 0.1353531 0.1667386 0.0168881 0.0701175 0.1390383 0.0235161 0.1224949 0.1272277 0.0185573 0.1185451 0.1157278 0.1260076 0.1286917 0.1246014 0.1215949 0.1048924 0.1150207 0.1413720 0.0205989 0.1010720 0.1157965 0.1539707 0.1044988 0.0247869 0.1435952 0.1266568 0.1225936 0.1499379 0.1159069 0.1336770 0.1001252 0.1148821 0.1102659 0.0209611 0.1588165 0.1219921 0.0201463 0.1187512 0.1169429 0.0994689 0.1170136 0.1068059 0.1019779 0.1251884 0.1114086 0.1169634 0.0907477 0.1293444 0.1227853 0.0724371 0.1286771 0.0522213 0.1151780 0.1102636 0.1171102 0.1195768 0.1371352 0.1309929 0.1673119 0.1452500 0.0849947 0.0734468 0.1026687 0.1047556 0.1635561 0.0970638 0.1551375 0.1194845 0.1210761 0.1287627 0.0882852 0.1211155 0.1331544 0.1666992 0.1144063 0.1259022 0.1076556 0.1177958 0.1294372 0.1288869 0.0194177 0.1405953 0.1223828 0.0879263 0.0221532 0.0244092 0.1175037 0.0880740 0.1336732 0.1164735 0.1171984 0.1117626 0.1152540 0.1402991 0.1094014 0.1080436 0.1216994 0.1171281 0.1397427 0.1240170 0.1061492 0.1428356 0.1295566 0.1294072 0.1157220 0.1304013 0.1273762 0.1149619 0.1253797 0.1570274 0.1232608 0.1036747 0.1194513 0.1190315 0.1302589 0.1213424 0.1297446 0.1026036 0.1411995 0.1084946 0.1128526 0.1200395 0.0906855 
S0289         0.2340677 0.0670881 0.0752415 0.1008443 0.0953695 0.0701033 0.1151239 0.0000000 0.0811931 0.0712459 0.0937512 0.1361829 0.1124667 0.1091627 0.0904969 0.1200795 0.0883195 0.1028011 0.1101655 0.0799428 0.0654648 0.0749416 0.0956680 0.0800812 0.0842024 0.0885560 0.0732521 0.1071173 0.1184470 0.0886302 0.0884878 0.1021150 0.1260360 0.1307254 0.1018379 0.0755004 0.0721878 0.1101701 0.0815594 0.1081491 0.0324922 0.0716263 0.0931593 0.1055435 0.1326280 0.0798177 0.1174027 0.0714754 0.0898237 0.0775697 0.0680788 0.0890446 0.0843022 0.1032022 0.0919607 0.0787139 0.1166547 0.1013790 0.0882648 0.0589003 0.1014072 0.0950755 0.0843974 0.0920171 0.0904878 0.0913056 0.1017530 0.1038145 0.1408912 0.1273778 0.1148652 0.1061482 0.0843853 0.0877419 0.1368042 0.0776310 0.1271539 0.0990494 0.0959129 0.0996680 0.1147917 0.0719962 0.0980569 0.1368536 0.0644943 0.0800999 0.0806161 0.0877139 0.1026883 0.1014026 0.1221836 0.0998725 0.0834173 0.1168501 0.1255936 0.1211809 0.0683258 0.1116074 0.1091054 0.0805430 0.0668085 0.0710154 0.0645071 0.1026725 0.0602865 0.0859672 0.0873799 0.0784986 0.0940243 0.0767875 0.0869244 0.1045049 0.1053590 0.1033754 0.0653512 0.1049769 0.0932990 0.0917159 0.0790621 0.1115563 0.0672733 0.0909011 0.0656073 0.0462240 0.1020204 0.0986615 0.1008032 0.0875046 0.1261533 0.0843275 0.0863781 0.0740665 0.0757163 
S0292         0.2420220 0.0853568 0.0587313 0.1080146 0.0800192 0.0877683 0.1196263 0.0811931 0.0000000 0.0910165 0.1066648 0.1322387 0.1158066 0.1111597 0.1089961 0.1238174 0.0948046 0.0950293 0.1136341 0.0945801 0.0826449 0.0892735 0.0990551 0.0939244 0.0948476 0.0705620 0.0873842 0.1125982 0.1208625 0.0758154 0.0739923 0.1226008 0.1334470 0.1340444 0.1106326 0.0895785 0.0900973 0.1164384 0.0949324 0.1085629 0.0718115 0.0831121 0.0761282 0.1110470 0.1425402 0.0955477 0.1182028 0.0858830 0.0741764 0.0599565 0.0858167 0.0721017 0.0656421 0.0860027 0.0784594 0.0879880 0.1166360 0.0988671 0.0992640 0.0395885 0.1098348 0.0921214 0.0694743 0.0749320 0.0771557 0.0754016 0.1073389 0.0906912 0.1504448 0.1156004 0.1134917 0.1023209 0.0707756 0.0742086 0.1443957 0.0594783 0.1357063 0.1009298 0.0780584 0.0888032 0.1156086 0.0874948 0.0389080 0.1462204 0.0776968 0.0892600 0.0593671 0.0858402 0.0994716 0.0999840 0.1259996 0.1112707 0.0925139 0.1230207 0.1267650 0.1231314 0.0844718 0.1107775 0.1008843 0.0222541 0.0835600 0.0736746 0.0829310 0.0473754 0.0765670 0.0846986 0.0262553 0.0166083 0.1105970 0.0892124 0.0720642 0.1175708 0.0926808 0.1017338 0.0816080 0.0917425 0.0377940 0.0760323 0.0951513 0.1240989 0.0908679 0.0802069 0.0864934 0.0846127 0.0993296 0.0901671 0.1041524 0.0686433 0.1180229 0.0680838 0.0734048 0.0899274 0.0494219 
S0293         0.2258907 0.0633680 0.0776229 0.1146414 0.0945803 0.0224716 0.1190887 0.0712459 0.0910165 0.0000000 0.0866537 0.1444353 0.1117692 0.1161107 0.1175984 0.1203919 0.1011345 0.1085283 0.1096020 0.0702001 0.0160067 0.0320934 0.1065102 0.0748869 0.0989084 0.0879262 0.0608492 0.1210202 0.1189998 0.0910055 0.0942903 0.0981226 0.1315541 0.1303719 0.1223735 0.0332890 0.0272921 0.1323569 0.0983726 0.1132629 0.0479966 0.0160725 0.0963852 0.1097076 0.1436952 0.0707246 0.1182115 0.0289938 0.0948437 0.0788417 0.0125812 0.0898329 0.0839298 0.1115205 0.0996551 0.0944526 0.1110398 0.1028467 0.0999529 0.0514262 0.1154904 0.0967438 0.0941350 0.1012589 0.0971693 0.0985702 0.0936198 0.1067955 0.1510809 0.1203676 0.1121394 0.0999952 0.0880161 0.0910020 0.1467302 0.0771593 0.1364643 0.1107919 0.1039710 0.1052417 0.1131141 0.0559582 0.1031580 0.1439315 0.0142042 0.0742238 0.0833634 0.0949848 0.1053271 0.1038503 0.1232529 0.1229460 0.1051814 0.1208015 0.1257231 0.1184969 0.0235684 0.1065994 0.1196782 0.0866826 0.0183067 0.0195154 0.0511455 0.1084380 0.0429240 0.0934567 0.0916818 0.0870611 0.1135435 0.0699626 0.0890731 0.1215918 0.1048415 0.1074079 0.0136078 0.1082481 0.0964543 0.0939270 0.0363487 0.1325172 0.0626546 0.0926635 0.0579519 0.0634989 0.1142790 0.0995409 0.1069670 0.0893543 0.1116319 0.0848215 0.0912895 0.0674307 0.0737676 
S0294         0.2547592 0.0870336 0.0948527 0.1291627 0.1125219 0.0933166 0.1353531 0.0937512 0.1066648 0.0866537 0.0000000 0.1622113 0.1295711 0.1368512 0.1334434 0.1418260 0.1190299 0.1285356 0.1296916 0.1042472 0.0889671 0.0956657 0.1273713 0.0872463 0.1213727 0.1082301 0.0985961 0.1419396 0.1412868 0.1070346 0.1155793 0.1114991 0.1502401 0.1504430 0.1371297 0.1011980 0.0974924 0.1482366 0.1188993 0.1332970 0.0690291 0.0869812 0.1120161 0.1298622 0.1641751 0.0860092 0.1361459 0.0957537 0.1172826 0.0977138 0.0916574 0.1109824 0.1029265 0.1282778 0.1102592 0.1170706 0.1276703 0.1278826 0.1236514 0.0676657 0.1313748 0.1181478 0.1157895 0.1197546 0.1162948 0.1205623 0.0545450 0.1260175 0.1715977 0.1420581 0.1298550 0.1212321 0.1086576 0.1102966 0.1676493 0.0971985 0.1614196 0.1296081 0.1244852 0.1306804 0.1319780 0.0940689 0.1237888 0.1677103 0.0825357 0.0991869 0.1060780 0.1138981 0.1254903 0.1264200 0.1421634 0.1376460 0.1136689 0.1334151 0.1417959 0.1414766 0.0924280 0.1266941 0.1343014 0.1036287 0.0861855 0.0852474 0.0864212 0.1242903 0.0813129 0.1146738 0.1103068 0.1048674 0.1427129 0.0985990 0.1080953 0.1385056 0.1258734 0.1297256 0.0874652 0.1256249 0.1189988 0.1133075 0.1035677 0.1481306 0.0937661 0.1081886 0.0878694 0.0892015 0.1328225 0.1222047 0.1271135 0.1146406 0.1399738 0.1020643 0.1130837 0.1024445 0.0828895 
S0299         0.2745815 0.1417288 0.1265102 0.0513329 0.1387248 0.1439580 0.1667386 0.1361829 0.1322387 0.1444353 0.1622113 0.0000000 0.1618038 0.1543976 0.0610770 0.1706939 0.0611327 0.1531374 0.1599350 0.1430357 0.1348235 0.1443112 0.0521967 0.1504403 0.0541778 0.1222192 0.1404394 0.0698267 0.1645111 0.0555219 0.1378084 0.1687756 0.1800010 0.1661717 0.0671980 0.1540091 0.1473801 0.0643996 0.0745586 0.1069032 0.1301670 0.1416673 0.1279155 0.1566467 0.1821730 0.1546797 0.1598558 0.1413628 0.1430911 0.1166517 0.1418086 0.1213346 0.1164435 0.1484692 0.1313180 0.0763719 0.1619027 0.0949125 0.0762967 0.0892771 0.0593966 0.1406150 0.1383783 0.1353524 0.1472546 0.1440251 0.1646070 0.1502505 0.1904829 0.1682414 0.1598952 0.1439772 0.1350706 0.1370670 0.1807540 0.1139595 0.1726817 0.0901299 0.1400050 0.1504203 0.1562989 0.1318954 0.1436866 0.1833545 0.1359858 0.1511193 0.1188301 0.0393971 0.0976108 0.0979093 0.1753610 0.0924747 0.0476954 0.1641779 0.1739151 0.1692297 0.1413507 0.1535987 0.1479339 0.1319847 0.1404875 0.1295341 0.1354054 0.1570847 0.1332225 0.0808483 0.1301652 0.1278413 0.0623838 0.1483919 0.1222146 0.0513253 0.1501175 0.1001653 0.1412091 0.1507589 0.1396153 0.1388145 0.1543759 0.0698399 0.1400599 0.0682325 0.1383374 0.1454151 0.1493827 0.1513031 0.1001347 0.1312203 0.1560970 0.1247031 0.1307003 0.1456332 0.1057810 
S0303         0.2597311 0.1160109 0.0927563 0.1291407 0.1141677 0.1127542 0.0168881 0.1124667 0.1158066 0.1117692 0.1295711 0.1618038 0.0000000 0.0630912 0.1286473 0.0170518 0.1152974 0.1226601 0.0116004 0.1195187 0.1106480 0.1150825 0.1215364 0.1217782 0.1146086 0.0988005 0.1099570 0.1409020 0.0126893 0.0968205 0.1166942 0.1493857 0.0964616 0.0256472 0.1363575 0.1211209 0.1215030 0.1451377 0.1107000 0.1283565 0.0968218 0.1098004 0.1073094 0.0124415 0.1465541 0.1199964 0.0109922 0.1145633 0.1180816 0.0931419 0.1114569 0.1010136 0.0952014 0.1179607 0.1061380 0.1097842 0.0830607 0.1215133 0.1164222 0.0708019 0.1275751 0.0456417 0.1130593 0.1068963 0.1174477 0.1207480 0.1386126 0.1239292 0.1564402 0.1477987 0.0836208 0.0662132 0.0983172 0.1015445 0.1507293 0.0915373 0.1448777 0.1208538 0.1216369 0.1250839 0.0817851 0.1131925 0.1292805 0.1538774 0.1080574 0.1229448 0.1066540 0.1076543 0.1231587 0.1195680 0.0154460 0.1329360 0.1141404 0.0789178 0.0189683 0.0169039 0.1125568 0.0806393 0.1272749 0.1098498 0.1111112 0.1064221 0.1126728 0.1332725 0.1034814 0.1029463 0.1147886 0.1133786 0.1308411 0.1236039 0.1009102 0.1372258 0.1209952 0.1238191 0.1113075 0.1224877 0.1224964 0.1099956 0.1199186 0.1429661 0.1193445 0.1009624 0.1131317 0.1146885 0.1266214 0.1169200 0.1239813 0.0992136 0.1393871 0.1028859 0.1073326 0.1135255 0.0943348 
S0308         0.2436796 0.1114387 0.0848344 0.1277943 0.1078981 0.1130031 0.0701175 0.1091627 0.1111597 0.1161107 0.1368512 0.1543976 0.0630912 0.0000000 0.1263453 0.0702161 0.1109286 0.1131217 0.0579195 0.1128589 0.1077692 0.1108523 0.1164304 0.1232258 0.1137758 0.0984290 0.1048696 0.1341209 0.0677441 0.0961060 0.1121312 0.1491393 0.0954639 0.0790134 0.1366517 0.1152760 0.1116995 0.1406756 0.1093778 0.1274397 0.0974594 0.1096710 0.1037559 0.0599726 0.1449482 0.1195191 0.0652972 0.1116555 0.1138654 0.0877579 0.1083378 0.0963568 0.0922863 0.1148898 0.1021388 0.1100121 0.0861382 0.1222876 0.1160596 0.0668942 0.1225482 0.0525346 0.1072928 0.1052051 0.1140314 0.1148191 0.1302847 0.1195951 0.1535466 0.1380222 0.0809915 0.0654345 0.0956949 0.0989473 0.1449054 0.0872279 0.1422818 0.1153620 0.1192033 0.1184621 0.0813824 0.1109321 0.1222901 0.1476667 0.1028567 0.1123803 0.1041184 0.0998179 0.1228563 0.1214881 0.0695442 0.1345057 0.1158891 0.0786340 0.0703375 0.0677517 0.1097173 0.0837353 0.1183077 0.1063157 0.1063504 0.1012965 0.1118541 0.1266547 0.0995175 0.1048892 0.1107716 0.1066959 0.1302212 0.1141007 0.0950813 0.1302992 0.1172768 0.1229585 0.1045951 0.1197699 0.1195091 0.1060717 0.1175904 0.1461053 0.1151281 0.1001204 0.1122965 0.1113508 0.1202705 0.1086977 0.1235943 0.0971554 0.1358489 0.0963486 0.1022508 0.1113887 0.0870166 
S0320         0.2507007 0.1158405 0.0991925 0.0482314 0.1079008 0.1182793 0.1390383 0.0904969 0.1089961 0.1175984 0.1334434 0.0610770 0.1286473 0.1263453 0.0000000 0.1359497 0.0528798 0.1230513 0.1257829 0.1113935 0.1107032 0.1145482 0.0399998 0.1187832 0.0349040 0.1029188 0.1040098 0.0652211 0.1337568 0.0418635 0.1140360 0.1420423 0.1521351 0.1497264 0.0580070 0.1211160 0.1194488 0.0626824 0.0562703 0.0881884 0.0980414 0.1116099 0.1082604 0.1239097 0.1447382 0.1215631 0.1311498 0.1148009 0.1151944 0.0960659 0.1160263 0.1047354 0.0986287 0.1207193 0.1098649 0.0554776 0.1333705 0.0754175 0.0585186 0.0659779 0.0495473 0.1094109 0.1124645 0.1115080 0.1184245 0.1153263 0.1419768 0.1273008 0.1576047 0.1435185 0.1283263 0.1142611 0.1047399 0.1088431 0.1483536 0.0933041 0.1386301 0.0714398 0.1161791 0.1252792 0.1265753 0.1111451 0.1238209 0.1499463 0.1069495 0.1238152 0.1061680 0.0374978 0.0797558 0.0773002 0.1419040 0.0770463 0.0440483 0.1346743 0.1417784 0.1360516 0.1153168 0.1292788 0.1241323 0.1115347 0.1090885 0.1064120 0.1107269 0.1303488 0.1020449 0.0544375 0.1121814 0.1061281 0.0386663 0.1207537 0.1034905 0.0533823 0.1247479 0.0824035 0.1116751 0.1263383 0.1184371 0.1148694 0.1253392 0.0640400 0.1127841 0.0545715 0.1139919 0.1159609 0.1201978 0.1198084 0.0801305 0.1066013 0.1320436 0.1022781 0.1082716 0.1132162 0.0847185 
S0322         0.2630466 0.1245286 0.1009242 0.1367331 0.1225806 0.1212262 0.0235161 0.1200795 0.1238174 0.1203919 0.1418260 0.1706939 0.0170518 0.0702161 0.1359497 0.0000000 0.1236999 0.1321414 0.0110429 0.1255143 0.1191193 0.1248981 0.1287999 0.1334463 0.1230439 0.1064891 0.1181837 0.1497865 0.0185380 0.1080510 0.1228714 0.1594513 0.1048860 0.0337219 0.1436561 0.1302089 0.1269657 0.1529876 0.1188408 0.1366152 0.1049353 0.1176500 0.1130101 0.0126951 0.1552524 0.1300106 0.0176944 0.1230742 0.1245263 0.0992582 0.1188583 0.1081562 0.1028789 0.1269090 0.1122323 0.1181058 0.0880224 0.1305986 0.1220638 0.0785620 0.1365046 0.0515881 0.1191100 0.1141373 0.1242190 0.1269260 0.1458019 0.1292403 0.1665686 0.1533357 0.0904086 0.0732564 0.1069205 0.1100770 0.1602613 0.0992103 0.1543288 0.1286487 0.1300818 0.1317919 0.0873097 0.1205628 0.1355752 0.1615588 0.1177764 0.1340859 0.1149696 0.1187739 0.1321871 0.1286922 0.0204309 0.1402567 0.1233326 0.0877848 0.0244181 0.0228253 0.1217334 0.0866006 0.1346120 0.1176657 0.1203405 0.1167195 0.1217244 0.1401537 0.1119280 0.1108246 0.1233541 0.1198027 0.1388095 0.1347488 0.1086395 0.1456605 0.1262559 0.1316530 0.1188076 0.1277754 0.1287845 0.1183248 0.1272562 0.1525892 0.1279097 0.1110514 0.1231297 0.1220635 0.1351466 0.1270740 0.1330304 0.1058790 0.1484001 0.1095583 0.1167996 0.1219554 0.1044488 
S0327         0.2473351 0.1034409 0.0868858 0.0480508 0.0986747 0.1036940 0.1224949 0.0883195 0.0948046 0.1011345 0.1190299 0.0611327 0.1152974 0.1109286 0.0528798 0.1236999 0.0000000 0.1136295 0.1125392 0.1014366 0.0952069 0.1026421 0.0420310 0.1076896 0.0324200 0.0894350 0.0923422 0.0509399 0.1207827 0.0316457 0.1022480 0.1295931 0.1324221 0.1341241 0.0564213 0.1071628 0.1072671 0.0589513 0.0462679 0.0740856 0.0876503 0.1007055 0.0945646 0.1115097 0.1382379 0.1084628 0.1165478 0.0990906 0.1031792 0.0830363 0.0995169 0.0898887 0.0854462 0.1073421 0.0958408 0.0475506 0.1249314 0.0681276 0.0539337 0.0559176 0.0514506 0.0995605 0.0996887 0.0949381 0.1073707 0.1041147 0.1245001 0.1137287 0.1483595 0.1334713 0.1179420 0.1051413 0.0916715 0.0937524 0.1398745 0.0799913 0.1327241 0.0576136 0.1012217 0.1099676 0.1169222 0.1006149 0.1082172 0.1397781 0.0936988 0.1133894 0.0897907 0.0308749 0.0684536 0.0684224 0.1272789 0.0677208 0.0398213 0.1195752 0.1272614 0.1225212 0.0971601 0.1174287 0.1167157 0.0966160 0.0962236 0.0936285 0.0974717 0.1167650 0.0916153 0.0512529 0.0967870 0.0921450 0.0583376 0.1126921 0.0899039 0.0586563 0.1125423 0.0704439 0.0975571 0.1139243 0.1043072 0.0974910 0.1080412 0.0651340 0.1030621 0.0387247 0.0976153 0.1006171 0.1148282 0.1094777 0.0707125 0.0910976 0.1220565 0.0899021 0.0932449 0.1019475 0.0748617 
S0335         0.2517443 0.1029797 0.0670114 0.1269238 0.0890720 0.1036938 0.1272277 0.1028011 0.0950293 0.1085283 0.1285356 0.1531374 0.1226601 0.1131217 0.1230513 0.1321414 0.1136295 0.0000000 0.1190861 0.1113701 0.1001552 0.1083395 0.1171405 0.1149939 0.1108621 0.0829118 0.0986360 0.1307063 0.1295070 0.0945997 0.0949540 0.1393284 0.1353531 0.1389705 0.1360886 0.1073654 0.1034248 0.1360286 0.1092452 0.1259438 0.0876671 0.0974379 0.0874605 0.1204850 0.1515839 0.1122348 0.1245998 0.1040563 0.0974425 0.0732084 0.1024552 0.0819429 0.0784758 0.0960077 0.0899809 0.1081722 0.1218995 0.1181632 0.1155005 0.0571137 0.1239321 0.1028368 0.0923233 0.0879390 0.0978383 0.0963497 0.1210989 0.0952489 0.1535441 0.1313520 0.1169428 0.1107933 0.0805166 0.0813145 0.1548828 0.0721651 0.1449305 0.1207825 0.1039708 0.0696211 0.1202387 0.1067852 0.1077957 0.1544199 0.0980754 0.1111964 0.0837259 0.0985108 0.1175687 0.1179056 0.1345359 0.1295945 0.1073874 0.1235911 0.1323104 0.1298608 0.1043463 0.1198537 0.0760181 0.0882875 0.0996982 0.0941072 0.0973671 0.1108095 0.0917566 0.1062610 0.0909789 0.0925336 0.1280524 0.1118313 0.0824063 0.1339220 0.0940219 0.1200722 0.1002951 0.0957438 0.1056989 0.0587892 0.1112779 0.1427332 0.1102375 0.0954790 0.1040956 0.1029018 0.0726876 0.0318053 0.1217813 0.0790143 0.1280451 0.0804043 0.0578385 0.1031830 0.0794406 
S0355         0.2561245 0.1131404 0.0928188 0.1272931 0.1118863 0.1105243 0.0185573 0.1101655 0.1136341 0.1096020 0.1296916 0.1599350 0.0116004 0.0579195 0.1257829 0.0110429 0.1125392 0.1190861 0.0000000 0.1166785 0.1078595 0.1145932 0.1181706 0.1204435 0.1123276 0.0965743 0.1089879 0.1392806 0.0141216 0.0981788 0.1139195 0.1466885 0.0938349 0.0290172 0.1348103 0.1177746 0.1201577 0.1429012 0.1097920 0.1260077 0.0951898 0.1079162 0.1045766 0.0072889 0.1442421 0.1192594 0.0128144 0.1118372 0.1149366 0.0904147 0.1091483 0.0976940 0.0924278 0.1162549 0.1027708 0.1086129 0.0792581 0.1193827 0.1134818 0.0666393 0.1251611 0.0420470 0.1095893 0.1042156 0.1146120 0.1179683 0.1378480 0.1196955 0.1542192 0.1437017 0.0822177 0.0640057 0.0955369 0.0993183 0.1479165 0.0898300 0.1426428 0.1206865 0.1188572 0.1217419 0.0790804 0.1098586 0.1248989 0.1510019 0.1063506 0.1217356 0.1038255 0.1064232 0.1216179 0.1179243 0.0169753 0.1313057 0.1153577 0.0777575 0.0199681 0.0181959 0.1110687 0.0783452 0.1230971 0.1079540 0.1088287 0.1029904 0.1103292 0.1300212 0.1000958 0.1007075 0.1133702 0.1102607 0.1285477 0.1223326 0.0981806 0.1364897 0.1167247 0.1216507 0.1085036 0.1181793 0.1187315 0.1072312 0.1171283 0.1430938 0.1171758 0.1008908 0.1125565 0.1118704 0.1233015 0.1147700 0.1224401 0.0964646 0.1383928 0.1000908 0.1057430 0.1124912 0.0904139 
S0376         0.2442696 0.0839331 0.0783328 0.1158127 0.0935194 0.0763070 0.1185451 0.0799428 0.0945801 0.0702001 0.1042472 0.1430357 0.1195187 0.1128589 0.1113935 0.1255143 0.1014366 0.1113701 0.1166785 0.0000000 0.0709981 0.0814758 0.1099036 0.0865989 0.0987482 0.0854108 0.0331567 0.1267712 0.1232806 0.0932922 0.0915169 0.1107941 0.1372927 0.1388204 0.1217612 0.0813029 0.0786583 0.1240392 0.1004017 0.1254184 0.0652249 0.0737906 0.0878232 0.1128194 0.1410377 0.0870270 0.1205544 0.0752617 0.0940513 0.0785488 0.0745418 0.0843224 0.0797768 0.1066751 0.0906142 0.0984169 0.1192042 0.1165609 0.1078175 0.0520434 0.1139905 0.0997892 0.0908135 0.0940319 0.0954470 0.0962736 0.1067285 0.1055882 0.1478975 0.1203242 0.1214162 0.1082062 0.0895161 0.0910398 0.1438686 0.0775057 0.1364428 0.1088992 0.0995129 0.1061478 0.1217539 0.0807902 0.1074073 0.1437180 0.0654557 0.0850253 0.0855963 0.0969746 0.1165224 0.1150254 0.1273231 0.1216304 0.1031283 0.1265157 0.1255516 0.1208987 0.0743080 0.1149517 0.1128860 0.0896611 0.0715327 0.0686112 0.0776597 0.1126621 0.0706347 0.1025726 0.0918049 0.0884260 0.1201579 0.0862904 0.0847965 0.1154242 0.1043392 0.1172327 0.0704679 0.1061281 0.1031136 0.0967389 0.0845318 0.1342183 0.0809711 0.0931847 0.0778160 0.0755674 0.1131191 0.1056352 0.1175420 0.0897325 0.1267802 0.0822150 0.0937186 0.0445876 0.0694648 
S0400         0.2284476 0.0590146 0.0637783 0.1086585 0.0893220 0.0155951 0.1157278 0.0654648 0.0826449 0.0160067 0.0889671 0.1348235 0.1106480 0.1077692 0.1107032 0.1191193 0.0952069 0.1001552 0.1078595 0.0709981 0.0000000 0.0278370 0.1040327 0.0729408 0.0976097 0.0819243 0.0624950 0.1130542 0.1169319 0.0870580 0.0923803 0.0978669 0.1233938 0.1267049 0.1189143 0.0283919 0.0253515 0.1262224 0.0962532 0.1084675 0.0447107 0.0164851 0.0836563 0.1075018 0.1412174 0.0707699 0.1141483 0.0238326 0.0931161 0.0700261 0.0122650 0.0824869 0.0774735 0.1010388 0.0861592 0.0905171 0.1089584 0.1015117 0.1023817 0.0483799 0.1060362 0.0924971 0.0872499 0.0931559 0.0941930 0.0943695 0.0850659 0.0983764 0.1451977 0.1137347 0.1075746 0.0988742 0.0830100 0.0850868 0.1417419 0.0680604 0.1343397 0.1023679 0.0958522 0.0976551 0.1096584 0.0531000 0.0968589 0.1426544 0.0110886 0.0632378 0.0780507 0.0896188 0.1009402 0.1010352 0.1197451 0.1160574 0.0955607 0.1146731 0.1213370 0.1160868 0.0204340 0.1046434 0.1092960 0.0771637 0.0150715 0.0186588 0.0527525 0.1023238 0.0399581 0.0935404 0.0842479 0.0787158 0.1086666 0.0608941 0.0814336 0.1143072 0.0971365 0.1022524 0.0105415 0.0989814 0.0877190 0.0845577 0.0309861 0.1269645 0.0554442 0.0890579 0.0490059 0.0601260 0.1058419 0.0933586 0.1041038 0.0847402 0.1152245 0.0778596 0.0838979 0.0692074 0.0687077 
S0405         0.2312072 0.0667624 0.0744127 0.1138532 0.0951876 0.0309989 0.1260076 0.0749416 0.0892735 0.0320934 0.0956657 0.1443112 0.1150825 0.1108523 0.1145482 0.1248981 0.1026421 0.1083395 0.1145932 0.0814758 0.0278370 0.0000000 0.1109023 0.0783295 0.1028625 0.0895182 0.0726613 0.1235271 0.1250103 0.0898298 0.0970093 0.1065172 0.1330815 0.1349182 0.1270324 0.0366353 0.0269668 0.1330448 0.1019138 0.1198874 0.0497855 0.0294902 0.0925137 0.1153704 0.1446276 0.0785651 0.1215874 0.0313851 0.0982280 0.0761694 0.0284539 0.0911485 0.0838686 0.1059256 0.0944965 0.0988163 0.1171050 0.1096730 0.1082373 0.0565194 0.1141220 0.0986578 0.0929244 0.0978661 0.0988602 0.0991111 0.0943983 0.1063429 0.1492234 0.1211701 0.1135443 0.1035729 0.0874931 0.0918284 0.1450789 0.0741913 0.1385767 0.1096165 0.1017008 0.1044756 0.1158147 0.0583028 0.1058926 0.1453363 0.0260000 0.0684569 0.0813317 0.0921761 0.1103170 0.1075473 0.1267241 0.1247994 0.1022167 0.1218326 0.1285636 0.1242184 0.0260183 0.1115465 0.1218240 0.0859624 0.0278992 0.0171266 0.0619022 0.1104662 0.0461007 0.0988456 0.0902511 0.0857730 0.1152536 0.0672436 0.0889480 0.1252378 0.1050994 0.1123089 0.0257711 0.1065261 0.0971138 0.0944519 0.0392805 0.1307014 0.0590518 0.0932623 0.0554046 0.0660046 0.1163128 0.0990990 0.1142825 0.0928678 0.1255879 0.0852764 0.0918891 0.0790099 0.0784683 
S0407sl       0.2482343 0.1115566 0.0921472 0.0324435 0.1046651 0.1108067 0.1286917 0.0956680 0.0990551 0.1065102 0.1273713 0.0521967 0.1215364 0.1164304 0.0399998 0.1287999 0.0420310 0.1171405 0.1181706 0.1099036 0.1040327 0.1109023 0.0000000 0.1169898 0.0331548 0.0941742 0.1007077 0.0560702 0.1264917 0.0335779 0.1071725 0.1369043 0.1387217 0.1400693 0.0466617 0.1143253 0.1144414 0.0470702 0.0519816 0.0828517 0.0938253 0.1091667 0.1000812 0.1155268 0.1436261 0.1174703 0.1232241 0.1058174 0.1081369 0.0868746 0.1082012 0.0952993 0.0893883 0.1099608 0.1031001 0.0507944 0.1293872 0.0747042 0.0589392 0.0613140 0.0380608 0.1043177 0.1055539 0.1011554 0.1124462 0.1097421 0.1292792 0.1182472 0.1549433 0.1376157 0.1213968 0.1073377 0.0966497 0.0993202 0.1464055 0.0853083 0.1384007 0.0645136 0.1111240 0.1171286 0.1191412 0.1048987 0.1104426 0.1459195 0.1024860 0.1141683 0.0949582 0.0289758 0.0734209 0.0750517 0.1350278 0.0701738 0.0361138 0.1251256 0.1333729 0.1279742 0.1056275 0.1199448 0.1172175 0.1004053 0.1085450 0.0992912 0.1069278 0.1202323 0.0991442 0.0522344 0.0982384 0.0968961 0.0495117 0.1133936 0.0952482 0.0341769 0.1169479 0.0769460 0.1066373 0.1178300 0.1080795 0.1062599 0.1158094 0.0554543 0.1094404 0.0442523 0.1042530 0.1066731 0.1160738 0.1142960 0.0779204 0.0971112 0.1258020 0.0951512 0.1002104 0.1077954 0.0805322 
S0412sl       0.2410703 0.0785899 0.0822724 0.1186882 0.1065058 0.0812204 0.1246014 0.0800812 0.0939244 0.0748869 0.0872463 0.1504403 0.1217782 0.1232258 0.1187832 0.1334463 0.1076896 0.1149939 0.1204435 0.0865989 0.0729408 0.0783295 0.1169898 0.0000000 0.1073142 0.0955633 0.0819730 0.1367656 0.1297163 0.0979243 0.1013826 0.0860161 0.1446595 0.1440642 0.1257956 0.0833687 0.0815906 0.1367859 0.1066932 0.1247150 0.0591061 0.0716851 0.0997215 0.1214013 0.1504195 0.0425583 0.1288449 0.0777979 0.1025331 0.0854572 0.0743170 0.0978186 0.0896014 0.1129788 0.1003758 0.1038517 0.1288006 0.1148008 0.1149652 0.0573528 0.1193035 0.1048042 0.1003920 0.1033041 0.1051569 0.1036415 0.0803612 0.1191619 0.1555769 0.1185529 0.1248311 0.1100785 0.0965402 0.0971134 0.1537250 0.0838677 0.1442944 0.1163854 0.1057543 0.1153383 0.1261950 0.0813352 0.1079886 0.1543687 0.0696605 0.0848629 0.0876242 0.0994752 0.1153686 0.1114576 0.1359816 0.1284095 0.1061226 0.1304431 0.1354461 0.1248404 0.0746881 0.1225767 0.1290739 0.0879594 0.0709134 0.0710958 0.0730168 0.1179610 0.0676048 0.1024987 0.0994743 0.0923835 0.1183562 0.0827950 0.0961233 0.1318881 0.1179062 0.1168360 0.0721632 0.1194115 0.1007210 0.1029413 0.0837153 0.1349894 0.0724956 0.1007084 0.0713406 0.0735916 0.1234357 0.1082664 0.1170514 0.0970394 0.1330679 0.0950811 0.0995479 0.0892754 0.0746246 
S0417         0.2479191 0.1037953 0.0857621 0.0338468 0.1006378 0.1050840 0.1215949 0.0842024 0.0948476 0.0989084 0.1213727 0.0541778 0.1146086 0.1137758 0.0349040 0.1230439 0.0324200 0.1108621 0.1123276 0.0987482 0.0976097 0.1028625 0.0331548 0.1073142 0.0000000 0.0913691 0.0923362 0.0488164 0.1195700 0.0283789 0.1011002 0.1291754 0.1347295 0.1324538 0.0412673 0.1047186 0.1088047 0.0485949 0.0407253 0.0739396 0.0869507 0.1027640 0.0965304 0.1102193 0.1392317 0.1088155 0.1175407 0.0994507 0.1020116 0.0828751 0.1014592 0.0923450 0.0863515 0.1072044 0.0983164 0.0416501 0.1226793 0.0669942 0.0482239 0.0565101 0.0416975 0.0983515 0.1001227 0.0953706 0.1062297 0.1035109 0.1230222 0.1125552 0.1511985 0.1324977 0.1154591 0.1016583 0.0905687 0.0936779 0.1420420 0.0803364 0.1342928 0.0591804 0.1048888 0.1087031 0.1136225 0.1005015 0.1083155 0.1437711 0.0949858 0.1092362 0.0896555 0.0246817 0.0668420 0.0662174 0.1271263 0.0584498 0.0302893 0.1181392 0.1254745 0.1207064 0.0996810 0.1151791 0.1151609 0.0957465 0.0981200 0.0957808 0.0984003 0.1148340 0.0898491 0.0433815 0.0945633 0.0900274 0.0422349 0.1098480 0.0913196 0.0452053 0.1108177 0.0693565 0.0989386 0.1126888 0.1027946 0.0985651 0.1088006 0.0534808 0.1002867 0.0405732 0.0963928 0.0998339 0.1110708 0.1073807 0.0691041 0.0908851 0.1239590 0.0892502 0.0937868 0.1003028 0.0758348 
S0419         0.2309542 0.0884221 0.0241149 0.1020538 0.0439863 0.0885509 0.1048924 0.0885560 0.0705620 0.0879262 0.1082301 0.1222192 0.0988005 0.0984290 0.1029188 0.1064891 0.0894350 0.0829118 0.0965743 0.0854108 0.0819243 0.0895182 0.0941742 0.0955633 0.0913691 0.0000000 0.0769885 0.1046868 0.1022330 0.0743739 0.0731800 0.1193795 0.1196537 0.1176290 0.1102723 0.0897302 0.0904310 0.1115951 0.0861361 0.1031922 0.0730637 0.0828896 0.0311016 0.0952079 0.1324894 0.0972992 0.1022717 0.0867600 0.0742847 0.0233983 0.0845780 0.0117133 0.0075007 0.0805114 0.0348004 0.0822547 0.1036278 0.0942242 0.0897117 0.0356819 0.1056090 0.0815448 0.0712467 0.0677153 0.0758546 0.0761378 0.1058244 0.0508103 0.1410957 0.1157629 0.0976052 0.0863188 0.0650806 0.0674636 0.1340946 0.0229481 0.1245962 0.0940706 0.0772663 0.0827646 0.0961037 0.0862336 0.0848453 0.1346494 0.0796548 0.0975832 0.0635797 0.0779222 0.0948656 0.0926284 0.1099841 0.1031749 0.0815324 0.1086579 0.1070341 0.1039984 0.0863981 0.0995413 0.0886799 0.0676964 0.0827861 0.0775328 0.0856384 0.0922979 0.0783428 0.0808432 0.0720898 0.0676870 0.1050223 0.0975716 0.0121322 0.1102924 0.0498070 0.0986996 0.0819641 0.0515599 0.0785078 0.0724019 0.0937919 0.1201967 0.0906028 0.0766666 0.0862609 0.0874749 0.0901825 0.0793672 0.0962583 0.0621419 0.1079147 0.0283103 0.0682254 0.0829412 0.0541217 
S0427         0.2387658 0.0729581 0.0775595 0.1072202 0.0864100 0.0668815 0.1150207 0.0732521 0.0873842 0.0608492 0.0985961 0.1404394 0.1099570 0.1048696 0.1040098 0.1181837 0.0923422 0.0986360 0.1089879 0.0331567 0.0624950 0.0726613 0.1007077 0.0819730 0.0923362 0.0769885 0.0000000 0.1177528 0.1158682 0.0861818 0.0889456 0.1018911 0.1243183 0.1275610 0.1112313 0.0722584 0.0698155 0.1147494 0.0901669 0.1124429 0.0581400 0.0664155 0.0842205 0.1040289 0.1367986 0.0822106 0.1137438 0.0672226 0.0885669 0.0716538 0.0639298 0.0780399 0.0739233 0.1006221 0.0853182 0.0883453 0.1132606 0.1073213 0.0982169 0.0455366 0.1054719 0.0915023 0.0891586 0.0882251 0.0925484 0.0916358 0.1007946 0.0975995 0.1407312 0.1124731 0.1125991 0.0970357 0.0847761 0.0859611 0.1364399 0.0710633 0.1272600 0.0995595 0.0921378 0.1062296 0.1133270 0.0727724 0.1036861 0.1370540 0.0593063 0.0840207 0.0782581 0.0887593 0.1068500 0.1050023 0.1212298 0.1092367 0.0950210 0.1139639 0.1193020 0.1156302 0.0657187 0.1065077 0.1133117 0.0816983 0.0617945 0.0600317 0.0725559 0.1045080 0.0611521 0.0919133 0.0853258 0.0816299 0.1105009 0.0858614 0.0770053 0.1101250 0.0969827 0.1076881 0.0624101 0.0988585 0.0949576 0.0889076 0.0733947 0.1211468 0.0783485 0.0829785 0.0750545 0.0690832 0.1090688 0.0917507 0.1096407 0.0833733 0.1166919 0.0774569 0.0890928 0.0371358 0.0647964 
S0428sl       0.2687506 0.1257161 0.0981284 0.0623719 0.1152780 0.1225397 0.1413720 0.1071173 0.1125982 0.1210202 0.1419396 0.0698267 0.1409020 0.1341209 0.0652211 0.1497865 0.0509399 0.1307063 0.1392806 0.1267712 0.1130542 0.1235271 0.0560702 0.1367656 0.0488164 0.1046868 0.1177528 0.0000000 0.1447209 0.0404102 0.1235789 0.1558251 0.1570184 0.1353740 0.0643091 0.1227778 0.1231064 0.0744370 0.0617043 0.0902543 0.1095514 0.1125168 0.1111395 0.1354584 0.1537575 0.1356566 0.1421334 0.1169326 0.1249447 0.0973724 0.1194536 0.1053067 0.0991614 0.1303111 0.1141736 0.0632493 0.1404240 0.0834998 0.0687520 0.0790540 0.0429168 0.1173404 0.1170294 0.1174476 0.1258512 0.1224599 0.1386201 0.1307821 0.1654845 0.1573301 0.1348076 0.1251110 0.1145741 0.1159421 0.1584950 0.0941261 0.1474569 0.0753678 0.1219758 0.1353066 0.1351720 0.1172492 0.1271560 0.1572196 0.1112333 0.1406735 0.1038965 0.0441623 0.0849949 0.0821814 0.1440494 0.0825234 0.0500558 0.1421019 0.1434119 0.1463902 0.1176326 0.1359273 0.1369119 0.1135674 0.1157568 0.1193856 0.1184661 0.1377410 0.1105761 0.0635255 0.1125645 0.1086112 0.0663099 0.1372823 0.1045855 0.0649073 0.1285601 0.0848763 0.1148845 0.1324842 0.1206181 0.1165630 0.1259522 0.0741368 0.1214516 0.0563358 0.1187079 0.1235618 0.1344969 0.1271249 0.0852971 0.1094376 0.1406018 0.1026284 0.1120831 0.1247209 0.0919417 
S0430         0.2639742 0.1240077 0.1022942 0.1341070 0.1185043 0.1179190 0.0205989 0.1184470 0.1208625 0.1189998 0.1412868 0.1645111 0.0126893 0.0677441 0.1337568 0.0185380 0.1207827 0.1295070 0.0141216 0.1232806 0.1169319 0.1250103 0.1264917 0.1297163 0.1195700 0.1022330 0.1158682 0.1447209 0.0000000 0.1016344 0.1211996 0.1574796 0.1033011 0.0295181 0.1406080 0.1279818 0.1271845 0.1480556 0.1159071 0.1339534 0.1044693 0.1158365 0.1114146 0.0153247 0.1527078 0.1259851 0.0133847 0.1208799 0.1222711 0.0987509 0.1171578 0.1038869 0.0981158 0.1246664 0.1089480 0.1152314 0.0881586 0.1272085 0.1213704 0.0753872 0.1337118 0.0497088 0.1169121 0.1119502 0.1195994 0.1258088 0.1487415 0.1290091 0.1627233 0.1504069 0.0893717 0.0703356 0.1036234 0.1067470 0.1570903 0.0981580 0.1511808 0.1256077 0.1283898 0.1306545 0.0858009 0.1211311 0.1329615 0.1596683 0.1155608 0.1285556 0.1138775 0.1130884 0.1288037 0.1258252 0.0167078 0.1366177 0.1184434 0.0862265 0.0169732 0.0153648 0.1201768 0.0851881 0.1321605 0.1142499 0.1173674 0.1134969 0.1190543 0.1363449 0.1092264 0.1090504 0.1198767 0.1163152 0.1363445 0.1299111 0.1038304 0.1414289 0.1260193 0.1294049 0.1171806 0.1275400 0.1250845 0.1150376 0.1245168 0.1508651 0.1262450 0.1054093 0.1222152 0.1226428 0.1311641 0.1230111 0.1296357 0.1032026 0.1484828 0.1079430 0.1129788 0.1191948 0.1011814 
