122
PAFTOL_019361 0.0000000 0.2642840 0.2235634 0.2106822 0.2595778 0.2024082 0.2895718 0.2339606 0.1988829 0.2059981 0.2304852 0.2127785 0.2271757 0.2034941 0.2344138 0.2261863 0.2022605 0.2396275 0.2647899 0.2790845 0.2430454 0.2210812 0.2548788 0.2291499 0.2578069 0.2126911 0.2643559 0.1912755 0.2357566 0.3048168 0.3115588 0.1989002 0.2151567 0.2128858 0.2144374 0.2488605 0.2071021 0.2544250 0.2297913 0.3300013 0.2383711 0.2464808 0.2207584 0.2145442 0.2578069 0.2151670 0.2893867 0.2596666 0.2742039 0.3027185 0.2775502 0.2028784 0.2333807 0.1884913 0.2223435 0.2365643 0.2435329 0.2174157 0.2254313 0.2739720 0.2790783 0.2630932 0.2849826 0.3187324 0.2660204 0.2762330 0.2724847 0.1731001 0.2958574 0.2397480 0.2559865 0.2225604 0.2413011 0.2149123 0.2472226 0.2272033 0.2034941 0.2053917 0.2530953 0.2580800 0.2203400 0.2193151 0.2568922 0.2369206 0.2425719 0.2230312 0.2824652 0.2600207 0.1929463 0.0000010 0.1931024 0.2814291 0.2259693 0.2049313 0.2510254 0.2341297 0.1856959 0.1983791 0.2452529 0.2673911 0.2395809 0.2790783 0.2065428 0.2065050 0.2345620 0.1977184 0.2519551 0.2104582 0.2403265 0.2209985 0.2209066 0.2205824 0.2342405 0.2025408 0.2338591 0.2653473 0.2130353 0.3214250 0.2234728 0.1968711 0.2367024 0.1837769 
S0055         0.2642840 0.0000000 0.0891913 0.0860733 0.1108458 0.0543779 0.1113205 0.0965227 0.0663817 0.0481577 0.0782510 0.0931781 0.1217255 0.0930959 0.0939820 0.0687326 0.0677475 0.0745936 0.0957703 0.0777495 0.0538044 0.0973319 0.0753503 0.0876960 0.0947956 0.0629849 0.0983898 0.0887505 0.0943365 0.0855036 0.1250203 0.0833040 0.0566198 0.0448310 0.0873353 0.1017872 0.1027009 0.0745044 0.0663550 0.1555614 0.0727642 0.1037795 0.0541654 0.0880940 0.0947956 0.0415533 0.1104972 0.0996733 0.1087406 0.1581386 0.1241233 0.0796535 0.1018322 0.0589170 0.0754248 0.0939285 0.1067654 0.0836088 0.0983537 0.1137967 0.1501119 0.0930244 0.1325219 0.1316086 0.0902887 0.0980106 0.1029857 0.0780485 0.1000845 0.0697929 0.1254595 0.0528490 0.0911210 0.0387425 0.0609467 0.0693546 0.0784116 0.1004450 0.0973657 0.1089459 0.1134885 0.1069872 0.1284813 0.0979158 0.0946325 0.0497176 0.1241188 0.0705684 0.0563281 0.0272437 0.0347977 0.0430113 0.0933928 0.0508169 0.0813304 0.0667354 0.0498320 0.0965780 0.0439183 0.1025698 0.1053509 0.1406777 0.1184456 0.0404067 0.0916347 0.0802224 0.0604744 0.0871242 0.0607721 0.1129110 0.0430647 0.0595713 0.0563742 0.0650560 0.0937010 0.0731936 0.0725225 0.1301014 0.1084448 0.0822600 0.0558088 0.0655350 
S0196sl       0.2235634 0.0891913 0.0000000 0.0916202 0.0576084 0.0724724 0.1060917 0.0944931 0.0680279 0.0734180 0.1006459 0.0897556 0.1196078 0.0910959 0.0784409 0.0742915 0.0735526 0.0961474 0.0947868 0.0967129 0.0790754 0.0869324 0.0904445 0.0806408 0.0216052 0.0771111 0.0902846 0.0742056 0.0652787 0.0707816 0.0885675 0.0782058 0.0814771 0.0732151 0.0766881 0.0851012 0.0847573 0.0863790 0.0849568 0.0662396 0.0879573 0.0946062 0.0753011 0.0592310 0.0216052 0.0663635 0.0331405 0.0276519 0.0870097 0.0598247 0.1110995 0.0756032 0.0889733 0.0500207 0.0578649 0.0650318 0.0854795 0.0588420 0.0689594 0.1493633 0.0588907 0.1067883 0.1017033 0.1127067 0.0690983 0.0763284 0.0274134 0.0665087 0.0884733 0.0628629 0.1012329 0.0699485 0.0890415 0.0666974 0.0782945 0.0534333 0.0769166 0.0874242 0.0964968 0.0850179 0.0961197 0.1050804 0.0750344 0.0821593 0.0827688 0.0742434 0.1053699 0.0794771 0.0680619 0.0268440 0.0617183 0.0860767 0.0953428 0.0839069 0.0739929 0.0791836 0.0613896 0.0990511 0.0745901 0.0273259 0.1059525 0.0591724 0.0956455 0.0646327 0.0863362 0.0798218 0.0864186 0.0958850 0.0748367 0.1045987 0.0624588 0.0595824 0.0827593 0.0707755 0.0776622 0.0753930 0.0564958 0.1142107 0.0337328 0.0819361 0.0780641 0.0462722 
S0278         0.2106822 0.0860733 0.0916202 0.0000000 0.1301280 0.0821491 0.1114476 0.0370067 0.0689466 0.0793960 0.1079762 0.0216368 0.1123627 0.0271628 0.0971663 0.0327281 0.0811455 0.0998369 0.1072780 0.0955350 0.0886609 0.0498847 0.0884456 0.0275351 0.0964045 0.0725414 0.1024951 0.0394824 0.0921977 0.0883743 0.1165352 0.0212948 0.0834675 0.0829279 0.0364773 0.0704531 0.0603614 0.0948775 0.0945722 0.1612388 0.0705989 0.1070498 0.0818772 0.0865755 0.0964045 0.0689350 0.1118861 0.1012249 0.1113264 0.1638857 0.1311904 0.0642368 0.0705032 0.0727651 0.0793309 0.0881497 0.1086263 0.0857305 0.0962944 0.1655626 0.1525392 0.1005555 0.1135583 0.1416535 0.0864527 0.0943538 0.1044848 0.0489918 0.0902707 0.0752803 0.1162473 0.0650422 0.0859029 0.0650749 0.0762151 0.0820060 0.0214357 0.0641339 0.0800742 0.1048790 0.0810253 0.0274554 0.1012627 0.0939597 0.0946687 0.0874701 0.1357961 0.0953270 0.0625393 0.0562218 0.0675075 0.0983035 0.0952467 0.0745136 0.0636843 0.0797570 0.0593753 0.0361233 0.0803824 0.0960761 0.0498044 0.1535492 0.0844324 0.0667415 0.1017860 0.0815224 0.0884506 0.0214643 0.0805035 0.0880946 0.0715294 0.0655669 0.0836265 0.0713499 0.0637283 0.0879553 0.0870887 0.1205597 0.1078754 0.0846817 0.0734211 0.0705587 
S0281         0.2595778 0.1108458 0.0576084 0.1301280 0.0000000 0.0836691 0.1506080 0.1346040 0.0737506 0.0888595 0.1094804 0.1216752 0.1556592 0.1293067 0.1253236 0.1102853 0.0878479 0.1129404 0.1408673 0.1316203 0.1074303 0.1350574 0.1113972 0.1139572 0.0544315 0.1012710 0.1399686 0.1000057 0.1032801 0.0849032 0.1065278 0.1150132 0.0972248 0.0930868 0.1076594 0.1274401 0.1110488 0.1216902 0.1050952 0.0578865 0.1089909 0.1255265 0.0987669 0.0925247 0.0544315 0.0811793 0.0609694 0.0583768 0.1329968 0.0587082 0.1469386 0.0930634 0.1320443 0.0869001 0.1070248 0.1027989 0.1094209 0.0919020 0.1075542 0.1718279 0.0584659 0.1298654 0.1438609 0.1508495 0.0999716 0.1123924 0.0614367 0.1007428 0.1136111 0.0838303 0.1431528 0.0972846 0.1085873 0.0860370 0.0934103 0.0881335 0.1206341 0.1059880 0.1116293 0.1375139 0.1450217 0.1466618 0.0965153 0.1298519 0.1309146 0.1057688 0.1397972 0.0946325 0.0780091 0.0281684 0.0838642 0.1207688 0.1031723 0.1144599 0.1064196 0.0898752 0.0709616 0.1354422 0.0858510 0.0612126 0.1394953 0.0654030 0.1193871 0.0869326 0.1098105 0.0994350 0.0931588 0.1308090 0.1007367 0.1221752 0.0892822 0.1012978 0.1023379 0.0778895 0.1000774 0.0788461 0.0945929 0.1393743 0.0554812 0.0971730 0.1189702 0.0849554 
S0282         0.2024082 0.0543779 0.0724724 0.0821491 0.0836691 0.0000000 0.1078496 0.0808401 0.0450437 0.0054168 0.0542217 0.0800831 0.1109358 0.0779271 0.0788489 0.0716845 0.0471165 0.0586745 0.0993208 0.0585431 0.0286213 0.0815294 0.0523065 0.0713231 0.0769522 0.0508218 0.0912624 0.0769325 0.0734064 0.0625247 0.1071570 0.0717928 0.0512500 0.0230280 0.0710230 0.0831829 0.0964991 0.0619940 0.0191372 0.1104187 0.0562536 0.0957998 0.0255986 0.0672148 0.0769522 0.0027160 0.0880068 0.0814892 0.0895311 0.1121917 0.1076502 0.0703995 0.0832333 0.0446120 0.0711007 0.0731131 0.0819813 0.0628976 0.0772385 0.0691290 0.1210302 0.0835094 0.1186161 0.1313637 0.0712994 0.0788636 0.0847405 0.0652960 0.0753133 0.0476740 0.1119039 0.0441776 0.0725888 0.0055334 0.0550242 0.0408279 0.0670947 0.0867756 0.0961705 0.0897356 0.0943901 0.0952606 0.1057674 0.0827433 0.0833854 0.0282847 0.1119847 0.0548679 0.0419459 0.0000028 0.0227725 0.0583662 0.0713885 0.0417363 0.0767552 0.0521515 0.0356579 0.0894746 0.0415069 0.0844073 0.0841295 0.1217909 0.0993237 0.0053892 0.0729599 0.0591845 0.0287028 0.0824745 0.0519072 0.0946679 0.0338536 0.0474767 0.0489587 0.0414065 0.0809659 0.0581184 0.0511158 0.1350090 0.0785892 0.0579375 0.0583894 0.0467450 
S0288         0.2895718 0.1113205 0.1060917 0.1114476 0.1506080 0.1078496 0.0000000 0.1140995 0.0893598 0.0998765 0.1043520 0.1064833 0.0805721 0.1107702 0.0190290 0.1106782 0.1136635 0.1286578 0.0310467 0.1136882 0.1092851 0.1151092 0.1245523 0.1084202 0.1064821 0.0953205 0.0221550 0.1173627 0.1371575 0.1155440 0.0795352 0.1076012 0.1085839 0.1011029 0.1005349 0.1177582 0.1351777 0.1347128 0.1257169 0.1502592 0.1336527 0.0194547 0.1117384 0.1309156 0.1064821 0.0883536 0.1226346 0.1161408 0.1439305 0.1419912 0.0962720 0.1333367 0.1222585 0.1024352 0.0371649 0.1411457 0.1482124 0.1295572 0.1465747 0.1818562 0.1505296 0.1500560 0.0943875 0.0846447 0.1106705 0.1202684 0.1149456 0.0997194 0.1363002 0.1082402 0.0980105 0.1027278 0.1187831 0.0859260 0.1137668 0.1033083 0.1099939 0.1398841 0.1380412 0.0247572 0.1347969 0.1187219 0.0810219 0.0163008 0.0164088 0.1133458 0.0831508 0.1233390 0.0833183 0.0269967 0.0951808 0.1034486 0.1118026 0.1022985 0.1184317 0.0866581 0.0832708 0.1195899 0.0969305 0.1144730 0.1227667 0.1466790 0.1573803 0.0941256 0.1058467 0.1161495 0.1234504 0.1060295 0.1142502 0.1450060 0.0868794 0.1029159 0.1098293 0.1034411 0.1285207 0.1072385 0.1186017 0.1311127 0.1132530 0.1178810 0.1134636 0.1044629 
S0289         0.2339606 0.0965227 0.0944931 0.0370067 0.1346040 0.0808401 0.1140995 0.0000000 0.0742859 0.0741067 0.1030683 0.0438908 0.1149874 0.0368156 0.0993921 0.0565017 0.0798371 0.0989384 0.1098195 0.1025441 0.0914505 0.0216152 0.0992702 0.0342302 0.0994729 0.0747154 0.1048896 0.0465096 0.0951093 0.0983308 0.1280634 0.0311724 0.0784277 0.0855579 0.0371975 0.0605108 0.0753508 0.0925294 0.0975345 0.1543272 0.0726737 0.1053446 0.0844370 0.0890208 0.0994729 0.0708401 0.1155211 0.1044925 0.1236078 0.1568708 0.1289233 0.0652984 0.0680368 0.0749569 0.0890131 0.0989608 0.1197724 0.0884379 0.0993600 0.1425851 0.1420049 0.1038992 0.1205085 0.1551757 0.1047505 0.1133716 0.1078580 0.0503876 0.0997893 0.0738358 0.1232454 0.0665855 0.0949960 0.0670770 0.0785155 0.0844747 0.0247598 0.0683146 0.0736922 0.1073060 0.0748693 0.0373121 0.1032856 0.0961145 0.0968557 0.0901826 0.1335503 0.0903466 0.0676380 0.0698418 0.0658734 0.0893955 0.0968142 0.0805986 0.0647263 0.0821848 0.0643558 0.0399813 0.0828451 0.0991235 0.0277569 0.1429399 0.0818397 0.0687550 0.0949697 0.0929985 0.0952276 0.0435218 0.0869498 0.0857292 0.0699829 0.0747886 0.0861960 0.0698359 0.0762098 0.0906900 0.0897774 0.1368782 0.1028218 0.0994028 0.0832474 0.0772731 
S0292         0.1988829 0.0663817 0.0680279 0.0689466 0.0737506 0.0450437 0.0893598 0.0742859 0.0000000 0.0422066 0.0754204 0.0710657 0.1006784 0.0717410 0.0625793 0.0559569 0.0391987 0.0540530 0.0884835 0.0677564 0.0547278 0.0824101 0.0545568 0.0624071 0.0757135 0.0500557 0.0739923 0.0700236 0.0538033 0.0508412 0.1017334 0.0623739 0.0471237 0.0454520 0.0652187 0.0900397 0.0741087 0.0602362 0.0569907 0.1044740 0.0584080 0.0781280 0.0478368 0.0446053 0.0757135 0.0358612 0.0905030 0.0801639 0.0606494 0.1061141 0.1038092 0.0686241 0.0900884 0.0530988 0.0547126 0.0536157 0.0475429 0.0443160 0.0572722 0.0817787 0.1220702 0.0817790 0.1043250 0.1111592 0.0448689 0.0479223 0.0833667 0.0558035 0.0550520 0.0371008 0.0982058 0.0500854 0.0396983 0.0359363 0.0576728 0.0341082 0.0550466 0.0752864 0.0843490 0.0765615 0.1013940 0.0842112 0.0908169 0.0661850 0.0666788 0.0505487 0.1080905 0.0470621 0.0135019 0.0180673 0.0382965 0.0702409 0.0330049 0.0552564 0.0796123 0.0163066 0.0080374 0.0760002 0.0508395 0.0830441 0.0854296 0.1228436 0.0934589 0.0317073 0.0335259 0.0431789 0.0545549 0.0694471 0.0539396 0.0918594 0.0432152 0.0501042 0.0404438 0.0335643 0.0792811 0.0439563 0.0596289 0.1242695 0.0859706 0.0459365 0.0604704 0.0489062 
S0293         0.2059981 0.0481577 0.0734180 0.0793960 0.0888595 0.0054168 0.0998765 0.0741067 0.0422066 0.0000000 0.0514144 0.0772847 0.1131199 0.0751820 0.0714868 0.0652465 0.0506465 0.0598553 0.0873882 0.0557153 0.0258463 0.0747399 0.0494469 0.0649008 0.0779771 0.0480325 0.0796108 0.0706732 0.0705591 0.0596786 0.1044444 0.0690019 0.0450393 0.0201678 0.0682606 0.0814331 0.0937068 0.0591654 0.0164530 0.1198661 0.0456207 0.0880241 0.0228301 0.0601360 0.0779771 0.0027549 0.0892087 0.0825950 0.0866987 0.1218304 0.1054790 0.0675312 0.0814849 0.0481506 0.0682120 0.0702776 0.0791234 0.0600260 0.0743983 0.0628175 0.1182913 0.0806074 0.1111816 0.1222961 0.0684090 0.0759809 0.0858946 0.0591783 0.0724051 0.0448776 0.1046845 0.0413931 0.0697748 0.0027676 0.0484006 0.0380577 0.0607738 0.0787150 0.0888530 0.0861944 0.0835212 0.0924906 0.1029860 0.0752982 0.0756611 0.0225311 0.1098476 0.0485953 0.0358033 0.0000028 0.0200381 0.0590786 0.0686105 0.0392756 0.0742824 0.0458350 0.0327234 0.0828328 0.0354373 0.0855517 0.0773960 0.1190384 0.0964777 0.0027011 0.0701275 0.0630758 0.0289412 0.0797139 0.0455615 0.1005067 0.0315000 0.0446911 0.0460921 0.0448849 0.0781381 0.0553083 0.0547702 0.1323760 0.0796357 0.0617308 0.0555660 0.0439944 
S0294         0.2304852 0.0782510 0.1006459 0.1079762 0.1094804 0.0542217 0.1043520 0.1030683 0.0754204 0.0514144 0.0000000 0.1097195 0.1370326 0.0965105 0.1056287 0.1040272 0.0768352 0.0884606 0.1198124 0.0826786 0.0640323 0.1040079 0.0693052 0.0963465 0.0904516 0.0703474 0.1191281 0.1054397 0.1025961 0.0864235 0.1381083 0.0970560 0.0676843 0.0482059 0.0889401 0.1230090 0.1264400 0.0978409 0.0696492 0.1386559 0.0842075 0.1162632 0.0604038 0.0958232 0.0904516 0.0449304 0.1058478 0.0872777 0.1126364 0.1362327 0.1226476 0.0947021 0.1230437 0.0776554 0.0963503 0.1021346 0.1083470 0.0916194 0.1029346 0.0667023 0.1355132 0.1134258 0.1398942 0.1388545 0.0772678 0.0808411 0.0984690 0.0894792 0.1097110 0.0631620 0.1324616 0.0702125 0.0982182 0.0388788 0.0860964 0.0700611 0.0916305 0.1166231 0.1180631 0.1214883 0.1264685 0.1149373 0.1327865 0.1098258 0.1106934 0.0596463 0.1182859 0.0789928 0.0617657 0.0365941 0.0478014 0.0866314 0.0965987 0.0617506 0.1018957 0.0727442 0.0583807 0.1003349 0.0645617 0.0980783 0.1064662 0.1317601 0.1139582 0.0504112 0.0946929 0.0872520 0.0602691 0.1084030 0.0829394 0.1439605 0.0596891 0.0773980 0.0730918 0.0711127 0.1182851 0.0824704 0.0847359 0.1311676 0.1037684 0.0892871 0.0823991 0.0762491 
S0299         0.2127785 0.0931781 0.0897556 0.0216368 0.1216752 0.0800831 0.1064833 0.0438908 0.0710657 0.0772847 0.1097195 0.0000000 0.1056362 0.0334737 0.0886624 0.0425194 0.0772913 0.0962283 0.1061346 0.0976017 0.0867547 0.0573211 0.0904147 0.0279850 0.0945663 0.0569973 0.0938950 0.0436828 0.0902341 0.0795962 0.1032943 0.0273304 0.0710921 0.0809366 0.0371112 0.0612711 0.0588049 0.0960710 0.0926493 0.1435586 0.0721809 0.0984162 0.0798172 0.0845309 0.0945663 0.0668539 0.1101841 0.0994166 0.1180659 0.1459203 0.1216951 0.0555304 0.0648678 0.0707495 0.0779763 0.0939861 0.1067809 0.0836936 0.0943589 0.1392831 0.1349406 0.0890274 0.1042827 0.1205540 0.0918345 0.1037595 0.0982410 0.0402879 0.0882552 0.0702489 0.1070283 0.0599952 0.0898638 0.0625096 0.0675953 0.0800231 0.0275147 0.0518804 0.0749228 0.0926665 0.0753706 0.0338530 0.0881156 0.0854073 0.0860628 0.0855764 0.1262537 0.0902728 0.0644646 0.0570207 0.0690514 0.0979739 0.0947553 0.0689187 0.0515741 0.0788681 0.0612040 0.0368354 0.0674792 0.0942405 0.0535640 0.1358196 0.0788436 0.0646955 0.0983578 0.0806917 0.0903557 0.0190081 0.0824070 0.0762761 0.0630448 0.0639518 0.0797197 0.0672777 0.0486674 0.0871741 0.0851989 0.1161044 0.0984726 0.0877122 0.0787985 0.0685771 
S0308         0.2271757 0.1217255 0.1196078 0.1123627 0.1556592 0.1109358 0.0805721 0.1149874 0.1006784 0.1131199 0.1370326 0.1056362 0.0000000 0.1116696 0.0647041 0.1004461 0.1195519 0.1322499 0.0733133 0.1280392 0.1185788 0.1220596 0.1387070 0.1092914 0.1248319 0.1093757 0.0683222 0.1133337 0.1263716 0.1298254 0.0863060 0.1084544 0.1266867 0.1140940 0.1044861 0.1287364 0.1264251 0.1333945 0.1290233 0.1736753 0.1300755 0.0650621 0.1196210 0.1158208 0.1248319 0.0916380 0.1426831 0.1258365 0.1500097 0.1814287 0.1113806 0.1205834 0.1288979 0.1139841 0.0550069 0.1303976 0.1385183 0.1187269 0.1275004 0.1637006 0.1834476 0.1471003 0.1141823 0.1014292 0.1191714 0.1284670 0.1342395 0.1056935 0.1421375 0.1217976 0.1134346 0.0998897 0.1211248 0.0887856 0.1236594 0.1088958 0.1108752 0.1268545 0.1345063 0.0750820 0.1418972 0.1230922 0.0802490 0.0648771 0.0651782 0.1227850 0.1105932 0.1232509 0.1054941 0.0704473 0.1002248 0.1133557 0.1195338 0.1058765 0.1251627 0.1055176 0.0983880 0.1284579 0.1063780 0.1336390 0.1219302 0.1848053 0.1474226 0.1028789 0.1175502 0.1203110 0.1286518 0.1118692 0.1283350 0.1504766 0.0917413 0.1139157 0.1218551 0.1156164 0.1197568 0.1081071 0.1312853 0.1585356 0.1439348 0.1317632 0.1199252 0.1124072 
S0320         0.2034941 0.0930959 0.0910959 0.0271628 0.1293067 0.0779271 0.1107702 0.0368156 0.0717410 0.0751820 0.0965105 0.0334737 0.1116696 0.0000000 0.0965979 0.0453345 0.0742210 0.0922291 0.1066291 0.0957937 0.0842865 0.0496192 0.0956612 0.0361692 0.0958435 0.0656741 0.1018842 0.0455650 0.0916653 0.0947839 0.1158367 0.0214778 0.0763302 0.0751148 0.0302563 0.0700606 0.0670680 0.0943343 0.0940305 0.1521145 0.0774918 0.1064052 0.0814090 0.0860717 0.0958435 0.0719873 0.1112205 0.1006275 0.1116295 0.1545874 0.1183775 0.0638797 0.0701105 0.0723642 0.0857803 0.0953623 0.0968191 0.0814404 0.0887324 0.1285912 0.1515741 0.0999449 0.1128746 0.1399679 0.0937423 0.1018261 0.1038678 0.0487354 0.0859219 0.0748690 0.1155508 0.0716380 0.0861299 0.0613469 0.0757944 0.0815543 0.0213318 0.0703604 0.0834612 0.1042591 0.0805677 0.0276974 0.1006640 0.0934095 0.0941104 0.0831719 0.1271826 0.0878633 0.0589780 0.0562218 0.0671312 0.0977391 0.0880147 0.0778046 0.0633335 0.0727060 0.0589532 0.0272192 0.0799323 0.0955189 0.0495395 0.1525717 0.0769147 0.0663743 0.0942180 0.0829400 0.0917837 0.0332015 0.0838589 0.0838696 0.0711418 0.0722122 0.0764676 0.0646045 0.0699129 0.0874554 0.0865972 0.1208890 0.1072183 0.0890780 0.0736158 0.0746246 
S0322         0.2344138 0.0939820 0.0784409 0.0971663 0.1253236 0.0788489 0.0190290 0.0993921 0.0625793 0.0714868 0.1056287 0.0886624 0.0647041 0.0965979 0.0000000 0.0825384 0.0854751 0.0979799 0.0217198 0.0999662 0.0806915 0.1002464 0.1016167 0.0942070 0.0856274 0.0826979 0.0079349 0.0952846 0.1056367 0.0860359 0.0613433 0.0935062 0.0802633 0.0759941 0.0867443 0.0955232 0.1117357 0.1039450 0.0957308 0.1255767 0.1023837 0.0106953 0.0856085 0.0995166 0.0856274 0.0609129 0.1006373 0.0943693 0.1159307 0.1178134 0.0827711 0.1021027 0.0996808 0.0787786 0.0276999 0.1094091 0.1154865 0.0984961 0.1142322 0.1467736 0.1263726 0.1242345 0.0744547 0.0822986 0.0887038 0.0968362 0.0934297 0.0791441 0.1041813 0.0800057 0.0778533 0.0752651 0.0891844 0.0654050 0.0919528 0.0756908 0.0959353 0.1077464 0.1168885 0.0105146 0.1113918 0.1036830 0.0624369 0.0025957 0.0026122 0.0844442 0.0779069 0.0932910 0.0600663 0.0177336 0.0709237 0.0826802 0.0833422 0.0818088 0.1002016 0.0598314 0.0566144 0.1048224 0.0802080 0.0930659 0.1075322 0.1271596 0.1313014 0.0666765 0.0774048 0.0871948 0.0933859 0.0921943 0.0851021 0.1206337 0.0674512 0.0822952 0.0811173 0.0757843 0.0978141 0.0928248 0.0937411 0.1307027 0.0874655 0.0892267 0.0956759 0.0772684 
S0327         0.2261863 0.0687326 0.0742915 0.0327281 0.1102853 0.0716845 0.1106782 0.0565017 0.0559569 0.0652465 0.1040272 0.0425194 0.1004461 0.0453345 0.0825384 0.0000000 0.0648230 0.0820751 0.0992162 0.0841623 0.0782514 0.0705160 0.0779389 0.0488781 0.0863504 0.0690949 0.0946075 0.0526146 0.0748826 0.0778690 0.1084198 0.0358007 0.0661244 0.0686655 0.0552258 0.0708961 0.0752168 0.0842845 0.0839782 0.1405237 0.0643910 0.0990191 0.0744314 0.0725438 0.0863504 0.0620878 0.1015435 0.0910074 0.1050334 0.1427992 0.1268749 0.0651786 0.0709465 0.0628230 0.0756733 0.0783070 0.0903175 0.0683968 0.0824215 0.1482668 0.1321962 0.0965520 0.1229782 0.1393670 0.0909361 0.0943793 0.0942490 0.0492749 0.0727316 0.0590286 0.1206248 0.0488600 0.0836924 0.0586321 0.0737633 0.0655091 0.0391287 0.0718006 0.0852583 0.0970285 0.0815475 0.0487079 0.0974338 0.0863220 0.0869674 0.0770666 0.1314183 0.0778618 0.0528986 0.0462105 0.0540571 0.0876356 0.0783249 0.0679034 0.0640777 0.0631251 0.0466607 0.0517872 0.0701840 0.0860581 0.0704158 0.1330403 0.0930277 0.0568573 0.0841402 0.0650890 0.0779328 0.0451091 0.0739786 0.0886721 0.0617679 0.0622079 0.0733617 0.0621173 0.0713339 0.0775150 0.0767347 0.1378802 0.0922922 0.0746193 0.0699275 0.0609340 
S0335         0.2022605 0.0677475 0.0735526 0.0811455 0.0878479 0.0471165 0.1136635 0.0798371 0.0391987 0.0506465 0.0768352 0.0772913 0.1195519 0.0742210 0.0854751 0.0648230 0.0000000 0.0430419 0.1022110 0.0795769 0.0666065 0.0949480 0.0664038 0.0724308 0.0847382 0.0553540 0.0975763 0.0761778 0.0698437 0.0555636 0.1196663 0.0713087 0.0466661 0.0540884 0.0648292 0.0921749 0.0887158 0.0765350 0.0651639 0.0989420 0.0638305 0.1020044 0.0532545 0.0639531 0.0847382 0.0440792 0.0996011 0.0892819 0.0812957 0.1004639 0.1103189 0.0709825 0.0922222 0.0554591 0.0739966 0.0695817 0.0809516 0.0600545 0.0734629 0.0895221 0.1218300 0.0948173 0.1108555 0.1341198 0.0681550 0.0753434 0.0924605 0.0660451 0.0746252 0.0483435 0.1045854 0.0553925 0.0578918 0.0446075 0.0635946 0.0364063 0.0606123 0.0786239 0.0911665 0.0999636 0.1033936 0.0867069 0.1064678 0.0892650 0.0899293 0.0621872 0.1146348 0.0396913 0.0333810 0.0556794 0.0501881 0.0789540 0.0603677 0.0603332 0.0818680 0.0426477 0.0274117 0.0647135 0.0561481 0.0921028 0.0956664 0.1225785 0.0988196 0.0428769 0.0581379 0.0393206 0.0628304 0.0784979 0.0703257 0.0951617 0.0456380 0.0553490 0.0362008 0.0184981 0.0767448 0.0583030 0.0556351 0.1335260 0.0912396 0.0328216 0.0620523 0.0512606 
S0345         0.2396275 0.0745936 0.0961474 0.0998369 0.1129404 0.0586745 0.1286578 0.0989384 0.0540530 0.0598553 0.0884606 0.0962283 0.1322499 0.0922291 0.0979799 0.0820751 0.0430419 0.0000000 0.1163245 0.0860074 0.0736034 0.1081281 0.0809721 0.0906090 0.1012269 0.0605516 0.1111874 0.0948241 0.0848138 0.0689097 0.1315505 0.0891584 0.0625036 0.0635439 0.0820679 0.0945659 0.1030644 0.0960120 0.0794254 0.1232321 0.0745270 0.1160525 0.0666516 0.0785367 0.1012269 0.0459456 0.1175422 0.1063432 0.1016769 0.1252405 0.1142093 0.0841781 0.0946135 0.0756217 0.0894357 0.0844561 0.0970633 0.0741656 0.0887844 0.1243052 0.1553909 0.0982203 0.1256654 0.1517211 0.0873023 0.0953689 0.1097577 0.0837283 0.0903295 0.0573787 0.1186026 0.0687171 0.0750725 0.0574886 0.0779908 0.0607848 0.0839933 0.0924210 0.1018294 0.1136023 0.1060966 0.1064130 0.1209647 0.1020963 0.1028993 0.0762161 0.1187000 0.0308748 0.0446121 0.0385922 0.0592722 0.0741368 0.0702818 0.0696892 0.1015295 0.0547847 0.0380694 0.0888602 0.0696958 0.1050788 0.1165908 0.1564595 0.1142245 0.0551145 0.0754578 0.0575190 0.0770415 0.0970864 0.0853716 0.1048572 0.0602067 0.0686428 0.0161790 0.0403227 0.0900861 0.0718000 0.0827851 0.1501173 0.1045147 0.0563426 0.0675842 0.0706114 
S0355         0.2647899 0.0957703 0.0947868 0.1072780 0.1408673 0.0993208 0.0310467 0.1098195 0.0884835 0.0873882 0.1198124 0.1061346 0.0733133 0.1066291 0.0217198 0.0992162 0.1022110 0.1163245 0.0000000 0.1181074 0.1008846 0.1107889 0.1239534 0.1042511 0.0951471 0.0921399 0.0190777 0.1008633 0.1194927 0.1072791 0.0693530 0.1034620 0.0889287 0.0926224 0.0964418 0.1058050 0.1178471 0.1224016 0.1169640 0.1435231 0.1211254 0.0222050 0.1031510 0.1132794 0.0951471 0.0802249 0.1108841 0.1044273 0.1440483 0.1354314 0.0734168 0.1158133 0.1101797 0.0951854 0.0342731 0.1233880 0.1380802 0.1121044 0.1285082 0.1753581 0.1459761 0.1381448 0.0720301 0.0875399 0.1101460 0.1152106 0.1033575 0.0884472 0.1263533 0.1040848 0.0754558 0.0874511 0.1176738 0.0770726 0.0978554 0.0992339 0.1058817 0.1218904 0.1267618 0.0274737 0.1224393 0.1143736 0.0706317 0.0189934 0.0162672 0.0928280 0.0687228 0.1026149 0.0746693 0.0373797 0.0874471 0.0884483 0.1107638 0.0948308 0.1107445 0.0779459 0.0785006 0.1153281 0.0817118 0.1029387 0.1183880 0.1469384 0.1503714 0.0860156 0.1048328 0.1119036 0.1107221 0.1019590 0.1017699 0.1355819 0.0760829 0.0916652 0.1056050 0.0993605 0.1190285 0.1030014 0.1111347 0.1467537 0.1015159 0.1136858 0.1059073 0.0933328 
S0376         0.2790845 0.0777495 0.0967129 0.0955350 0.1316203 0.0585431 0.1136882 0.1025441 0.0677564 0.0557153 0.0826786 0.0976017 0.1280392 0.0957937 0.0999662 0.0841623 0.0795769 0.0860074 0.1181074 0.0000000 0.0723328 0.0993821 0.0720484 0.0882448 0.1098719 0.0430098 0.1054867 0.0984942 0.0940551 0.0776072 0.1180415 0.0927244 0.0814698 0.0586894 0.0916840 0.1021951 0.1088929 0.0895438 0.0673403 0.1295587 0.0762954 0.1101898 0.0549147 0.0842203 0.1098719 0.0526752 0.1185266 0.1150267 0.1026856 0.1315990 0.1292444 0.0981314 0.1148582 0.0737312 0.0802671 0.0936510 0.0918383 0.0872821 0.0908826 0.1209440 0.1721073 0.0976385 0.1332920 0.1378723 0.0884624 0.0969490 0.1183889 0.0860254 0.1006541 0.0701919 0.1261980 0.0527015 0.0968738 0.0527823 0.0789556 0.0627426 0.0874657 0.1066819 0.1121924 0.1079031 0.1225386 0.1133058 0.1212583 0.0966819 0.0974291 0.0640400 0.1248682 0.0732754 0.0611852 0.0088484 0.0514398 0.0938590 0.0952963 0.0580335 0.0947121 0.0754818 0.0579404 0.1111757 0.0539119 0.1104525 0.1101014 0.1681908 0.1181321 0.0511707 0.0933990 0.0900327 0.0647386 0.0959079 0.0830291 0.1352699 0.0624861 0.0599281 0.0638991 0.0702110 0.1084476 0.0794595 0.0733683 0.1373983 0.1178037 0.0880999 0.0534174 0.0724071 
S0405         0.2430454 0.0538044 0.0790754 0.0886609 0.1074303 0.0286213 0.1092851 0.0914505 0.0547278 0.0258463 0.0640323 0.0867547 0.1185788 0.0842865 0.0806915 0.0782514 0.0666065 0.0736034 0.1008846 0.0723328 0.0000000 0.0881054 0.0622887 0.0776988 0.0836754 0.0640695 0.0929406 0.0797722 0.0761951 0.0766004 0.1013221 0.0782234 0.0646172 0.0139726 0.0737106 0.0952174 0.0993122 0.0613507 0.0310007 0.1391776 0.0590596 0.0974190 0.0340890 0.0702374 0.0836754 0.0198408 0.0989176 0.0883257 0.0966570 0.1367420 0.1178136 0.0695218 0.0952652 0.0572316 0.0730694 0.0761015 0.0843560 0.0622922 0.0802536 0.0536763 0.1466856 0.0906235 0.1137077 0.1303708 0.0782239 0.0856201 0.0915898 0.0645032 0.0820758 0.0538958 0.1116929 0.0503192 0.0755302 0.0198451 0.0575063 0.0469211 0.0733718 0.0937532 0.1033024 0.0954217 0.0992094 0.1020507 0.1040202 0.0845319 0.0851768 0.0192376 0.1223506 0.0684622 0.0481488 0.0000028 0.0168646 0.0648122 0.0779373 0.0555819 0.0799355 0.0585675 0.0417844 0.0882783 0.0544672 0.0912271 0.0908418 0.1476606 0.0938531 0.0222507 0.0758643 0.0685305 0.0410758 0.0890095 0.0506374 0.1147492 0.0434095 0.0541051 0.0553599 0.0608333 0.0916750 0.0718021 0.0561690 0.1424047 0.0976245 0.0707428 0.0648540 0.0528529 
S0407sl       0.2210812 0.0973319 0.0869324 0.0498847 0.1350574 0.0815294 0.1151092 0.0216152 0.0824101 0.0747399 0.1040079 0.0573211 0.1220596 0.0496192 0.1002464 0.0705160 0.0949480 0.1081281 0.1107889 0.0993821 0.0881054 0.0000000 0.1002248 0.0470572 0.0998435 0.0828877 0.1058052 0.0565460 0.0959239 0.1074538 0.1291877 0.0438344 0.0867424 0.0862979 0.0535540 0.0829110 0.0907101 0.0932994 0.0944009 0.1622586 0.0810637 0.1105420 0.0812904 0.0897901 0.0998435 0.0714454 0.1159265 0.1007235 0.1246903 0.1649895 0.1498723 0.0802366 0.0829612 0.0831790 0.0851218 0.0998101 0.1047001 0.0932570 0.1002169 0.1327171 0.1424529 0.1092273 0.1311520 0.1540498 0.1099616 0.1188020 0.1007896 0.0642022 0.1091164 0.0818971 0.1380093 0.0747829 0.0998105 0.0634352 0.0868284 0.0890709 0.0368586 0.0832972 0.0841164 0.1082338 0.0861780 0.0644599 0.1218085 0.0969424 0.0976958 0.0869805 0.1548626 0.1074492 0.0755612 0.0587680 0.0739342 0.0941667 0.0946003 0.0725061 0.0720006 0.0906522 0.0721798 0.0530002 0.0835380 0.0994922 0.0274009 0.1433919 0.0947520 0.0693263 0.1126674 0.0963401 0.0920232 0.0568308 0.0956788 0.1015722 0.0705481 0.0829703 0.0948340 0.0777065 0.0917487 0.0995317 0.0905310 0.1427148 0.1032108 0.1083887 0.0918405 0.0854657 
S0412sl       0.2548788 0.0753503 0.0904445 0.0884456 0.1113972 0.0523065 0.1245523 0.0992702 0.0545568 0.0494469 0.0693052 0.0904147 0.1387070 0.0956612 0.1016167 0.0779389 0.0664038 0.0809721 0.1239534 0.0720484 0.0622887 0.1002248 0.0000000 0.0889119 0.0881269 0.0569341 0.1149291 0.0802121 0.0794021 0.0508774 0.1353997 0.0856188 0.0565794 0.0565014 0.0809807 0.1031102 0.1040433 0.0832632 0.0574445 0.1313590 0.0338761 0.1198391 0.0587387 0.0732771 0.0881269 0.0429662 0.1036229 0.0849220 0.1044286 0.1313061 0.1272333 0.0768717 0.0935531 0.0639610 0.0893594 0.0790816 0.0853752 0.0690866 0.0832378 0.1023469 0.1426984 0.1010599 0.1201459 0.1210091 0.0742594 0.0822665 0.0961895 0.0716352 0.0866926 0.0571672 0.1135146 0.0502120 0.0684123 0.0365486 0.0758131 0.0467608 0.0805546 0.0943122 0.1039450 0.1173124 0.1149407 0.1001967 0.1255300 0.1057609 0.1065930 0.0549760 0.1317803 0.0718711 0.0476827 0.0085384 0.0414562 0.0882784 0.0640572 0.0554605 0.0862150 0.0540802 0.0413945 0.0998034 0.0648326 0.0958037 0.1067427 0.1436386 0.0986182 0.0417445 0.0714160 0.0722583 0.0452399 0.0965969 0.0661355 0.1230037 0.0599839 0.0569288 0.0587252 0.0571792 0.0962847 0.0642140 0.0707863 0.1410127 0.1057916 0.0744346 0.0682360 0.0593843 
S0417         0.2291499 0.0876960 0.0806408 0.0275351 0.1139572 0.0713231 0.1084202 0.0342302 0.0624071 0.0649008 0.0963465 0.0279850 0.1092914 0.0361692 0.0942070 0.0488781 0.0724308 0.0906090 0.1042511 0.0882448 0.0776988 0.0470572 0.0889119 0.0000000 0.0928919 0.0594533 0.0994954 0.0495144 0.0780727 0.0782730 0.0974090 0.0276160 0.0699307 0.0719873 0.0248559 0.0636812 0.0715438 0.0838517 0.0835474 0.1396885 0.0673568 0.1040335 0.0711004 0.0687381 0.0928919 0.0620949 0.1082275 0.0976420 0.1046300 0.1419363 0.1110081 0.0615630 0.0637309 0.0625239 0.0691419 0.0816610 0.1009161 0.0717227 0.0858155 0.1289552 0.1302493 0.0928579 0.0944245 0.1203221 0.0868501 0.0908117 0.1008858 0.0428188 0.0828989 0.0621705 0.0971381 0.0590280 0.0875191 0.0547527 0.0594916 0.0716117 0.0243414 0.0579821 0.0724875 0.1019131 0.0704013 0.0402344 0.0827807 0.0909879 0.0916776 0.0766791 0.1153591 0.0811904 0.0560925 0.0460263 0.0607150 0.0923038 0.0894140 0.0682573 0.0506694 0.0738744 0.0529749 0.0303764 0.0633258 0.0925770 0.0402844 0.1310681 0.0817045 0.0601321 0.0957626 0.0812242 0.0812559 0.0308793 0.0690140 0.0779054 0.0552299 0.0560706 0.0746577 0.0626835 0.0611408 0.0819777 0.0763508 0.1094236 0.0886833 0.0836821 0.0701554 0.0648498 
S0419         0.2578069 0.0947956 0.0216052 0.0964045 0.0544315 0.0769522 0.1064821 0.0994729 0.0757135 0.0779771 0.0904516 0.0945663 0.1248319 0.0958435 0.0856274 0.0863504 0.0847382 0.1012269 0.0951471 0.1098719 0.0836754 0.0998435 0.0881269 0.0928919 0.0000000 0.0891714 0.0977526 0.0786299 0.0809862 0.0751124 0.0958789 0.0866638 0.0938568 0.0741723 0.0886991 0.0977287 0.0894073 0.0991843 0.0896277 0.0659612 0.0928306 0.0949648 0.0835864 0.0747389 0.0000010 0.0707623 0.0105416 0.0052754 0.1082624 0.0595800 0.1115085 0.0801352 0.1018054 0.0607702 0.0646833 0.0806515 0.1021611 0.0704443 0.0809735 0.1534785 0.0591191 0.1212339 0.1020812 0.1182367 0.0772712 0.0887341 0.0052322 0.0780590 0.0974942 0.0741600 0.1016081 0.0816547 0.0907570 0.0675722 0.0905642 0.0638517 0.0882343 0.0922638 0.1016117 0.0922765 0.1134618 0.1145976 0.0821678 0.0894246 0.0900911 0.0824740 0.1057575 0.0840934 0.0723927 0.0268428 0.0625065 0.0916089 0.0931008 0.0967848 0.0859798 0.0837949 0.0655819 0.1081816 0.0797025 0.0052165 0.1111787 0.0594030 0.1006975 0.0725984 0.0911169 0.0844863 0.0911764 0.0992871 0.0869813 0.1182707 0.0670796 0.0707265 0.0913905 0.0751183 0.0821510 0.0767337 0.0675502 0.1295462 0.0397977 0.0865719 0.0903070 0.0528397 
S0427         0.2126911 0.0629849 0.0771111 0.0725414 0.1012710 0.0508218 0.0953205 0.0747154 0.0500557 0.0480325 0.0703474 0.0569973 0.1093757 0.0656741 0.0826979 0.0690949 0.0553540 0.0605516 0.0921399 0.0430098 0.0640695 0.0828877 0.0569341 0.0594533 0.0891714 0.0000000 0.0876533 0.0674154 0.0750488 0.0569340 0.0897727 0.0627301 0.0433672 0.0509445 0.0627201 0.0708573 0.0705042 0.0632903 0.0626712 0.1035427 0.0542921 0.0919668 0.0506821 0.0655708 0.0891714 0.0417387 0.1043101 0.0938340 0.0901585 0.1051026 0.0954704 0.0606762 0.0782713 0.0492514 0.0584255 0.0747547 0.0796129 0.0649324 0.0719852 0.0876775 0.1215792 0.0775689 0.1032556 0.1006806 0.0720193 0.0798231 0.0970522 0.0532066 0.0800948 0.0493278 0.0972339 0.0398819 0.0771751 0.0451647 0.0473058 0.0518778 0.0584292 0.0680164 0.0800087 0.0901216 0.0890912 0.0846900 0.0880946 0.0795370 0.0801307 0.0596774 0.0915354 0.0526636 0.0438722 0.0276049 0.0442798 0.0780064 0.0759372 0.0379636 0.0575773 0.0571060 0.0408176 0.0728036 0.0372771 0.0966723 0.0893246 0.1179308 0.0765787 0.0373961 0.0775702 0.0707297 0.0534561 0.0593584 0.0636203 0.0932463 0.0396079 0.0370361 0.0433792 0.0526449 0.0702786 0.0573171 0.0623906 0.1103225 0.0809363 0.0692665 0.0369374 0.0548957 
S0430         0.2643559 0.0983898 0.0902846 0.1024951 0.1399686 0.0912624 0.0221550 0.1048896 0.0739923 0.0796108 0.1191281 0.0938950 0.0683222 0.1018842 0.0079349 0.0946075 0.0975763 0.1111874 0.0190777 0.1054867 0.0929406 0.1058052 0.1149291 0.0994954 0.0977526 0.0876533 0.0000000 0.1006617 0.1192229 0.0986974 0.0655139 0.0987476 0.0844799 0.0836574 0.0918393 0.1009374 0.1175874 0.1172105 0.1086303 0.1398767 0.1158574 0.0136174 0.0950237 0.1130282 0.0977526 0.0725887 0.1134105 0.1070163 0.1301267 0.1318287 0.0837728 0.1155563 0.1052154 0.0906660 0.0310481 0.1231052 0.1296298 0.1118591 0.1282051 0.1787782 0.1403732 0.1307865 0.0753372 0.0834164 0.0978714 0.1070341 0.1059306 0.0840203 0.1180120 0.0921047 0.0787777 0.0870182 0.1018986 0.0734617 0.0931876 0.0875122 0.1011762 0.1216084 0.1264606 0.0133834 0.1172306 0.1093245 0.0667050 0.0052859 0.0000020 0.0887602 0.0788329 0.0978088 0.0605278 0.0177336 0.0829174 0.0947581 0.0955494 0.0901668 0.1057598 0.0637544 0.0641944 0.1103681 0.0844194 0.1055050 0.1132659 0.1412808 0.1463965 0.0783832 0.0895757 0.0996210 0.1063138 0.0973344 0.0934312 0.1267883 0.0787641 0.0872131 0.0934214 0.0876228 0.1110284 0.0981811 0.1062850 0.1373100 0.0967750 0.1015350 0.1010656 0.0889138 
S0478         0.1912755 0.0887505 0.0742056 0.0394824 0.1000057 0.0769325 0.1173627 0.0465096 0.0700236 0.0706732 0.1054397 0.0436828 0.1133337 0.0455650 0.0952846 0.0526146 0.0761778 0.0948241 0.1008633 0.0984942 0.0797722 0.0565460 0.0802121 0.0495144 0.0786299 0.0674154 0.1006617 0.0000000 0.0820164 0.0871635 0.1193177 0.0399094 0.0783972 0.0777569 0.0460928 0.0473039 0.0366108 0.0930036 0.0818615 0.1303207 0.0653565 0.1052698 0.0766790 0.0798860 0.0786299 0.0670482 0.0934285 0.0831064 0.1137696 0.1323905 0.1342935 0.0339755 0.0506850 0.0676885 0.0811689 0.0780900 0.1011717 0.0755940 0.0859999 0.1506371 0.1398356 0.0897858 0.1249502 0.1396518 0.0836585 0.0910483 0.0862979 0.0279020 0.0867980 0.0702146 0.1276848 0.0669281 0.0768914 0.0591514 0.0711830 0.0697709 0.0393249 0.0367035 0.0507027 0.1030983 0.0606550 0.0598381 0.1035580 0.0920265 0.0927329 0.0793768 0.1390268 0.0903058 0.0635060 0.0366496 0.0659228 0.0902904 0.0817890 0.0806264 0.0472028 0.0777138 0.0602882 0.0554050 0.0752648 0.0783684 0.0641785 0.1407407 0.0603126 0.0614958 0.0924823 0.0882930 0.0840780 0.0525097 0.0761961 0.0673204 0.0665214 0.0674812 0.0785441 0.0734271 0.0461668 0.0828790 0.0821202 0.1311639 0.0889788 0.0915093 0.0756998 0.0700426 
S0552sl       0.2357566 0.0943365 0.0652787 0.0921977 0.1032801 0.0734064 0.1371575 0.0951093 0.0538033 0.0705591 0.1025961 0.0902341 0.1263716 0.0916653 0.1056367 0.0748826 0.0698437 0.0848138 0.1194927 0.0940551 0.0761951 0.0959239 0.0794021 0.0780727 0.0809862 0.0750488 0.1192229 0.0820164 0.0000000 0.0759595 0.1132729 0.0786845 0.0709312 0.0703326 0.0767121 0.1077412 0.0860259 0.0755824 0.0780506 0.1222136 0.0798178 0.1242479 0.0725102 0.0052696 0.0809862 0.0599289 0.0878247 0.0856375 0.0568815 0.1187331 0.1236492 0.0681363 0.1077845 0.0540346 0.0822942 0.0104888 0.0398332 0.0026106 0.0132590 0.1030046 0.1297667 0.0943581 0.1194207 0.1276619 0.0512033 0.0542025 0.0889288 0.0744952 0.0403754 0.0600632 0.1172743 0.0714601 0.0819565 0.0559626 0.0756128 0.0535698 0.0767392 0.0785203 0.0978617 0.1215990 0.1069507 0.1057796 0.1017463 0.1098595 0.1107321 0.0683887 0.1283181 0.0687964 0.0503144 0.0385459 0.0619762 0.1042890 0.0839501 0.0779655 0.0966598 0.0567014 0.0440403 0.0926209 0.0724712 0.0885742 0.0944714 0.1306004 0.0845361 0.0507872 0.0774755 0.0542777 0.0805196 0.0894414 0.0841216 0.1152591 0.0637019 0.0646985 0.0714973 0.0605273 0.0825443 0.0535629 0.0644665 0.1339896 0.0951182 0.0603231 0.0828476 0.0530642 
S0558         0.3048168 0.0855036 0.0707816 0.0883743 0.0849032 0.0625247 0.1155440 0.0983308 0.0508412 0.0596786 0.0864235 0.0795962 0.1298254 0.0947839 0.0860359 0.0778690 0.0555636 0.0689097 0.1072791 0.0776072 0.0766004 0.1074538 0.0508774 0.0782730 0.0751124 0.0569340 0.0986974 0.0871635 0.0759595 0.0000000 0.1067083 0.0818363 0.0679837 0.0668482 0.0732583 0.1021343 0.0831834 0.0793517 0.0748643 0.1084969 0.0611368 0.1033381 0.0623356 0.0663794 0.0751124 0.0460561 0.0896843 0.0794952 0.0872627 0.1101986 0.1181928 0.0807172 0.1021792 0.0704853 0.0741013 0.0756576 0.0805858 0.0657268 0.0797562 0.1259453 0.1231480 0.0897757 0.1187738 0.1178154 0.0594158 0.0668914 0.0826543 0.0746083 0.0740536 0.0499081 0.1120732 0.0569765 0.0784389 0.0533079 0.0765732 0.0533438 0.0872746 0.0817072 0.1023055 0.1011804 0.1138580 0.1016760 0.0969943 0.0899982 0.0906975 0.0650209 0.1227235 0.0575840 0.0477473 0.0272212 0.0552510 0.0831170 0.0771627 0.0737076 0.0794614 0.0580202 0.0380903 0.0915255 0.0684611 0.0823389 0.1098655 0.1239110 0.0940103 0.0515003 0.0788508 0.0643613 0.0585434 0.0934879 0.0625150 0.1137210 0.0634826 0.0674446 0.0542382 0.0466486 0.0646541 0.0533018 0.0774116 0.1112160 0.0813121 0.0630330 0.0745708 0.0657261 
S0616         0.3115588 0.1250203 0.0885675 0.1165352 0.1065278 0.1071570 0.0795352 0.1280634 0.1017334 0.1044444 0.1381083 0.1032943 0.0863060 0.1158367 0.0613433 0.1084198 0.1196663 0.1315505 0.0693530 0.1180415 0.1013221 0.1291877 0.1353997 0.0974090 0.0958789 0.0897727 0.0655139 0.1193177 0.1132729 0.1067083 0.0000000 0.1127234 0.1172731 0.1008531 0.1011021 0.1189816 0.1238914 0.1146752 0.1169322 0.1215427 0.1287123 0.0692573 0.1109344 0.1032633 0.0958789 0.0882894 0.1030903 0.1006452 0.1386019 0.1234411 0.0840092 0.1218383 0.1234046 0.0901041 0.0462454 0.1170696 0.1392295 0.1060786 0.1142597 0.1942687 0.1222462 0.1477879 0.0786495 0.0904232 0.1054488 0.1184489 0.1038725 0.0972416 0.1272495 0.0999329 0.0821106 0.0961334 0.1393311 0.0972489 0.1024057 0.0997110 0.1150395 0.1279603 0.1471609 0.0679641 0.1357153 0.1316461 0.0196039 0.0584206 0.0588262 0.1051931 0.0790463 0.1231709 0.1031528 0.0269967 0.0879720 0.1127010 0.1242547 0.1081638 0.0917508 0.1064513 0.0995183 0.1246411 0.0974973 0.1034635 0.1193730 0.1306557 0.1479608 0.0981662 0.1260829 0.1147273 0.1222318 0.1038772 0.1175754 0.1456092 0.0877563 0.0866714 0.1160124 0.1094989 0.1251160 0.0965932 0.1056306 0.1298461 0.1029874 0.1164590 0.1062011 0.0883701 
S0624         0.1989002 0.0833040 0.0782058 0.0212948 0.1150132 0.0717928 0.1076012 0.0311724 0.0623739 0.0690019 0.0970560 0.0273304 0.1084544 0.0214778 0.0935062 0.0358007 0.0713087 0.0891584 0.1034620 0.0927244 0.0782234 0.0438344 0.0856188 0.0276160 0.0866638 0.0627301 0.0987476 0.0399094 0.0786845 0.0818363 0.1127234 0.0000000 0.0733424 0.0724671 0.0275035 0.0605047 0.0647229 0.0844273 0.0841201 0.1456648 0.0677582 0.1032479 0.0715670 0.0765162 0.0866638 0.0621726 0.1019254 0.0913437 0.1054300 0.1480478 0.1228102 0.0578878 0.0605540 0.0629064 0.0757932 0.0823096 0.1017797 0.0722750 0.0815073 0.1306509 0.1451566 0.0894151 0.1097388 0.1374536 0.0874495 0.0955873 0.0945983 0.0398467 0.0835700 0.0654790 0.1124375 0.0622823 0.0831388 0.0550839 0.0663009 0.0720652 0.0214978 0.0643634 0.0772253 0.1011565 0.0708259 0.0214554 0.0975523 0.0903070 0.0909874 0.0771877 0.1317605 0.0779855 0.0560573 0.0465875 0.0610909 0.0877888 0.0850674 0.0680231 0.0539110 0.0697306 0.0529391 0.0271188 0.0702861 0.0863693 0.0437606 0.1461105 0.0745679 0.0569280 0.0911785 0.0716173 0.0818130 0.0271117 0.0740905 0.0709563 0.0618475 0.0627901 0.0734720 0.0617060 0.0610166 0.0746733 0.0768545 0.1221492 0.0934933 0.0812810 0.0706071 0.0610109 
