132
PAFTOL_019361 0.0000000 0.1879846 0.1756206 0.2070706 0.1823403 0.2173450 0.2184848 0.1927354 0.1792904 0.2079473 0.2603110 0.2221136 0.2002890 0.2354029 0.2145265 0.2395470 0.2311668 0.2141644 0.2188117 0.1986678 0.1841028 0.1809396 0.2360092 0.2236646 0.2341048 0.1776875 0.2123291 0.2787405 0.2163420 0.2044387 0.2008705 0.2409223 0.2061198 0.2100650 0.2587949 0.1913569 0.1907012 0.2518008 0.1836152 0.2052885 0.1784007 0.1776515 0.2085845 0.2151003 0.2498455 0.2068552 0.2167773 0.1773564 0.1928662 0.2138680 0.1776875 0.1967808 0.1840112 0.1776875 0.2386968 0.1947823 0.1973067 0.2012248 0.1928068 0.2041441 0.2011028 0.2090580 0.2041522 0.2099228 0.2147655 0.1796056 0.1993018 0.2073251 0.2182019 0.1895412 0.2112329 0.2026502 0.1934094 0.1934094 0.2334159 0.1776875 0.2470320 0.2559299 0.2378883 0.2040819 0.2072285 0.1795635 3.2639702 0.1765415 0.2089707 0.1799112 0.2307849 0.1834446 0.1946096 0.2124716 0.1731935 0.2451692 0.1984309 0.2174209 0.2145265 0.1998920 0.2170953 0.2293028 0.2035286 0.1830406 0.2014982 0.1605886 0.1956472 0.2090955 0.1923734 0.1749197 0.1760330 0.2440670 0.2033134 0.1770605 0.2429914 0.2124558 0.1849128 0.1776515 0.2174028 0.2236455 0.2025622 0.2347239 0.1789930 0.1906199 0.2184906 0.1997768 0.2372794 0.2242363 0.2130582 0.2181485 0.1813147 0.2069513 0.2204706 0.2073287 0.2417624 0.1807905 
S0055         0.1879846 0.0000000 0.0910016 0.1125777 0.0633354 0.1034927 0.1155171 0.0964649 0.0560760 0.1143171 0.1377852 0.1362971 0.1063174 0.1269390 0.1407788 0.1255493 0.1114963 0.1203871 0.1380996 0.0723092 0.0594532 0.0632517 0.1270825 0.1180753 0.1230214 0.0779002 0.0969582 0.1462075 0.1387023 0.1138423 0.1149411 0.1116978 0.1195231 0.1339438 0.1250219 0.0806365 0.0655953 0.1363963 0.0963770 0.0992902 0.0964758 0.0573625 0.1034275 0.1387423 0.1992585 0.1206756 0.1366510 0.0872128 0.0614065 0.1209541 0.0755832 0.0617038 0.0800943 0.0802560 0.1276388 0.0950790 0.0960210 0.0889847 0.0962811 0.1019741 0.0971148 0.0773034 0.1229493 0.1120930 0.1176795 0.1115234 0.1044431 0.0867385 0.1907713 0.0892434 0.1261275 0.1162014 0.1143182 0.1208715 0.1912954 0.0779109 0.2171909 0.1334495 0.1109723 0.1195414 0.0638141 0.1119318 0.3049240 0.0639103 0.0873699 0.0810212 0.1127231 0.0897668 0.0961796 0.1416258 0.1031625 0.1411667 0.0993628 0.1367714 0.1269036 0.0657408 0.1095317 0.1295113 0.1113058 0.0674665 0.0622620 0.0295241 0.1082562 0.0805891 0.1015066 0.1028553 0.1090193 0.1196149 0.0898586 0.0843911 0.1227712 0.0849122 0.0961094 0.0574500 0.0987000 0.1014048 0.0639649 0.1207226 0.0730755 0.1086138 0.0638998 0.0868280 0.1264018 0.1199246 0.1075879 0.0722076 0.0970693 0.1136213 0.1065521 0.0912068 0.1028082 0.1003002 
S0196sl       0.1756206 0.0910016 0.0000000 0.0573076 0.0769703 0.1106993 0.0849967 0.0624831 0.0752355 0.1323159 0.1021053 0.1203226 0.0887386 0.0985104 0.1223538 0.0978564 0.0784612 0.0944270 0.1189551 0.0973730 0.0854126 0.0791394 0.1024933 0.1349062 0.0908004 0.0095435 0.1264189 0.1255149 0.1172833 0.0877542 0.0962520 0.1424553 0.0887036 0.1197498 0.0977766 0.1002682 0.0820407 0.1085067 0.0847750 0.1044360 0.0954998 0.0793864 0.0344403 0.1169199 0.2091660 0.1437510 0.1232942 0.0746786 0.0922820 0.1181806 0.0114803 0.0793142 0.0154621 0.0154986 0.1092012 0.0333941 0.0871555 0.0802730 0.0986099 0.0884592 0.0574570 0.0602634 0.1009298 0.1024035 0.0988011 0.1022267 0.1115739 0.0328298 0.1822963 0.0786630 0.0979658 0.0901067 0.0902148 0.0943261 0.1860917 0.0134719 0.1999929 0.1129524 0.0862235 0.0968668 0.0996540 0.0789280 0.2322454 0.0850154 0.1138378 0.0563163 0.0821897 0.0936069 0.0927016 0.1171918 0.0882931 0.1067966 0.0723643 0.1088506 0.1080140 0.0877263 0.0915946 0.0897638 0.0805810 0.0846955 0.0706247 0.0808121 0.0819414 0.0942419 0.0822070 0.0755151 0.0687194 0.0859297 0.0986035 0.0194506 0.0857586 0.0348028 0.1084659 0.0822769 0.0863730 0.0709779 0.1118834 0.0904610 0.1006785 0.1051358 0.1111210 0.0865082 0.0847785 0.0817757 0.1026400 0.0592846 0.0554400 0.0987026 0.0451398 0.0606083 0.1229486 0.0645736 
S0281         0.2070706 0.1125777 0.0573076 0.0000000 0.1009468 0.1162131 0.1088919 0.0778477 0.0945497 0.1223788 0.1151344 0.1335509 0.0855266 0.1109243 0.1403412 0.1176106 0.0894995 0.1063464 0.1323571 0.0969951 0.1041195 0.1008226 0.1212215 0.1508135 0.1082693 0.0458735 0.1190267 0.1439492 0.1279887 0.1019020 0.1157371 0.1510199 0.1021337 0.1359623 0.1194518 0.1253815 0.1036820 0.1232464 0.0986335 0.1143378 0.1087597 0.0984776 0.0540345 0.1333944 0.2270128 0.1629333 0.1417151 0.0859247 0.1208913 0.1263979 0.0438770 0.1061770 0.0478063 0.0479026 0.1343383 0.0539236 0.1081931 0.1089479 0.1136757 0.1047916 0.0779774 0.0855598 0.1237925 0.1239316 0.1178112 0.1171740 0.1197740 0.0572366 0.2163845 0.0957292 0.1400232 0.1056230 0.1106851 0.1146908 0.2081250 0.0458732 0.2348309 0.1351656 0.0896965 0.1330429 0.1230815 0.1069573 0.3348938 0.1033902 0.1168895 0.0864088 0.1015658 0.1095183 0.1135519 0.1308153 0.1079102 0.1269448 0.1019133 0.1307727 0.1173699 0.1039093 0.1210566 0.1028884 0.0935520 0.1102330 0.0923540 0.0902077 0.1029850 0.1201775 0.0946322 0.0873082 0.0917549 0.1079453 0.1051162 0.0516317 0.1064873 0.0589427 0.1236695 0.0964995 0.0978693 0.0774261 0.1183587 0.1089897 0.1237362 0.1124984 0.1233209 0.1053865 0.1000351 0.0906765 0.1182398 0.0858191 0.0849213 0.1235394 0.0689316 0.0658973 0.1279225 0.0911024 
S0282         0.1823403 0.0633354 0.0769703 0.1009468 0.0000000 0.0942972 0.0861128 0.0731213 0.0097835 0.0631154 0.1198388 0.1212762 0.0885469 0.1005795 0.1278295 0.1006805 0.0930115 0.1004522 0.1250912 0.0672632 0.0114777 0.0097177 0.1043978 0.1076719 0.0918408 0.0642724 0.0757703 0.1215613 0.1186665 0.0907958 0.0952865 0.1132739 0.0979912 0.1235912 0.1035817 0.0460627 0.0114264 0.1138314 0.0729612 0.0872892 0.0774360 0.0080691 0.0878622 0.1236049 0.1991994 0.0974077 0.1261746 0.0751510 0.0327955 0.1019202 0.0662372 0.0113349 0.0705516 0.0706923 0.1230861 0.0823646 0.0747915 0.0990160 0.0842055 0.0800572 0.0806246 0.0691929 0.1070221 0.0982045 0.0977992 0.0961511 0.0608386 0.0885227 0.1819889 0.0705585 0.1221118 0.0984069 0.0970224 0.0987274 0.1859396 0.0684532 0.2083161 0.1131472 0.0969542 0.1157028 0.0399473 0.0900508 0.2744168 0.0148240 0.0599753 0.0693769 0.0879830 0.0802846 0.0841194 0.1213772 0.0830406 0.1093525 0.0838185 0.1167870 0.1074996 0.0131257 0.1087146 0.1049917 0.0913525 0.0164075 0.0098613 0.0374387 0.0933015 0.0619921 0.0797253 0.0870215 0.0786683 0.0938333 0.0488702 0.0746856 0.0905650 0.0920408 0.0970962 0.0097459 0.0985511 0.0857710 0.0420649 0.0971533 0.0382619 0.0910291 0.0382429 0.0662443 0.0957922 0.0987035 0.0974151 0.0736008 0.0832327 0.1059085 0.0888708 0.0830003 0.0882946 0.0848765 
S0288         0.2173450 0.1034927 0.1106993 0.1162131 0.0942972 0.0000000 0.1147381 0.1047937 0.0931311 0.1166862 0.1363147 0.0344604 0.0687194 0.1370090 0.0416009 0.1373772 0.1158935 0.1309796 0.0446727 0.0864384 0.1008682 0.1005813 0.1323646 0.1499428 0.1209698 0.1017811 0.0991946 0.1549397 0.0200990 0.1221383 0.1185095 0.1381814 0.0994979 0.0418462 0.1406556 0.0950530 0.0943016 0.1525668 0.1120336 0.1166181 0.1012005 0.0941732 0.1116922 0.0367650 0.1913256 0.1495986 0.0343331 0.0751744 0.0996182 0.1150619 0.0984505 0.0983871 0.1019101 0.1051711 0.1314648 0.0986075 0.1242898 0.0741737 0.1260895 0.1225781 0.0904233 0.0539776 0.1282192 0.1353246 0.1257555 0.1102690 0.1190541 0.1079660 0.1425341 0.0980953 0.0895113 0.0923005 0.1006531 0.1026024 0.1718012 0.0984505 0.1834747 0.1492529 0.1149854 0.0886130 0.0934684 0.1238734 0.2280517 0.1005854 0.1112108 0.0780567 0.1244905 0.1199045 0.1229013 0.0248814 0.1212930 0.1412037 0.0940847 0.0154650 0.0249251 0.1037791 0.0901370 0.1336492 0.1185446 0.1064806 0.0867595 0.0740498 0.1377298 0.1187008 0.1095773 0.1152945 0.1199080 0.1160506 0.0948361 0.1077993 0.1227528 0.1105528 0.1199199 0.0941732 0.1270229 0.1020373 0.1012551 0.1354956 0.1067973 0.1234486 0.1024610 0.1068699 0.1404766 0.1223078 0.1277749 0.0988459 0.0941954 0.1128309 0.1241971 0.0988579 0.0980485 0.1000031 
S0289         0.2184848 0.1155171 0.0849967 0.1088919 0.0861128 0.1147381 0.0000000 0.0776256 0.0848269 0.1250757 0.0455093 0.1278864 0.0769689 0.0290662 0.1295040 0.0417262 0.0913457 0.1079861 0.1318663 0.1143402 0.0866869 0.0860048 0.0451832 0.1373929 0.0330218 0.0732228 0.1263473 0.0604253 0.1202263 0.0439046 0.0933307 0.1271318 0.1028803 0.1282169 0.0357396 0.1084286 0.0886563 0.0532996 0.0436174 0.0688490 0.0981549 0.0837838 0.0964617 0.1302715 0.1679909 0.1336958 0.1368045 0.0832505 0.0996843 0.1077885 0.0730954 0.0909916 0.0775433 0.0733696 0.1226827 0.0930625 0.0492845 0.1070843 0.0662950 0.0478981 0.0753408 0.0747329 0.1056534 0.1120429 0.0958307 0.0916131 0.1118053 0.0890294 0.1604789 0.0971886 0.1251642 0.1066370 0.1000949 0.0865899 0.1526329 0.0753879 0.1785821 0.1148423 0.1063762 0.1186531 0.0955708 0.1023554 0.2233735 0.0864173 0.1279253 0.0828429 0.0342032 0.0625311 0.0662303 0.1229753 0.0541524 0.0415044 0.1001031 0.1229290 0.1122100 0.0835367 0.1165462 0.1000396 0.0961564 0.0837521 0.0760657 0.0759422 0.1099334 0.0966589 0.0475295 0.0844234 0.0830495 0.0234413 0.1097604 0.0817858 0.0340039 0.0925116 0.0743630 0.0863044 0.1018146 0.0884601 0.1117931 0.0416443 0.1004633 0.0663860 0.1067350 0.0971342 0.1018269 0.0921842 0.0720067 0.0810796 0.0820355 0.1332121 0.0957037 0.0877979 0.1147297 0.0788846 
S0292         0.1927354 0.0964649 0.0624831 0.0778477 0.0731213 0.1047937 0.0776256 0.0000000 0.0675432 0.1012933 0.1094388 0.1097485 0.0943334 0.0837009 0.1162003 0.0928138 0.0658987 0.0779136 0.1133607 0.0783138 0.0758530 0.0730260 0.1006284 0.1326612 0.0855873 0.0562418 0.1054170 0.1083106 0.1098375 0.0783370 0.0821385 0.1168529 0.0845046 0.1120162 0.0836320 0.0856097 0.0735359 0.0991826 0.0708720 0.0831993 0.0834394 0.0708903 0.0755412 0.1120279 0.1928220 0.1252621 0.1201071 0.0579748 0.0856648 0.0936405 0.0541383 0.0736299 0.0582634 0.0583815 0.0937042 0.0644909 0.0794713 0.0860804 0.0782868 0.0778760 0.0500473 0.0602433 0.0891876 0.0894563 0.0777904 0.0787589 0.1010500 0.0802892 0.1814143 0.0580911 0.1056185 0.0901607 0.0772165 0.0782314 0.1782887 0.0562447 0.1943937 0.1017678 0.0738524 0.0996226 0.0874097 0.0377599 0.2327049 0.0779384 0.1000037 0.0546371 0.0747113 0.0743792 0.0782072 0.1124893 0.0787510 0.1033826 0.0803589 0.1124399 0.1019318 0.0777993 0.0944630 0.0839540 0.0247702 0.0795771 0.0698428 0.0628326 0.0435444 0.0891534 0.0628221 0.0183207 0.0213287 0.0850997 0.0918432 0.0622493 0.0823811 0.0738908 0.0912216 0.0732752 0.0453657 0.0517996 0.0925009 0.0813690 0.0921134 0.0877318 0.0921728 0.0809525 0.0765309 0.0625914 0.0864717 0.0596695 0.0542422 0.0909701 0.0649588 0.0495124 0.1197572 0.0599345 
S0293         0.1792904 0.0560760 0.0752355 0.0945497 0.0097835 0.0931311 0.0848269 0.0675432 0.0000000 0.0637398 0.1141567 0.1178199 0.0947713 0.0993692 0.1243954 0.0994900 0.0886788 0.0963991 0.1216046 0.0595464 0.0082050 0.0097685 0.1032191 0.0971817 0.0883466 0.0605203 0.0723872 0.1158057 0.1152138 0.0883837 0.0937780 0.1073311 0.0945138 0.1201393 0.1001420 0.0426931 0.0097882 0.1127107 0.0675330 0.0848817 0.0739810 0.0048443 0.0862513 0.1201527 0.1826038 0.0929488 0.1202354 0.0716161 0.0294565 0.1004314 0.0583703 0.0131739 0.0625809 0.0627075 0.1195098 0.0780177 0.0693746 0.0931763 0.0818378 0.0745486 0.0772118 0.0656415 0.1055432 0.0965876 0.0962937 0.0946335 0.0613106 0.0783832 0.1654959 0.0631197 0.1158039 0.0949157 0.0911214 0.0927295 0.1696276 0.0605245 0.1872414 0.1139924 0.0935087 0.1122002 0.0366134 0.0885079 0.2401219 0.0081525 0.0583747 0.0659116 0.0867102 0.0779350 0.0817546 0.1179213 0.0774765 0.1082006 0.0803667 0.1108893 0.1040213 0.0131958 0.1051386 0.1013371 0.0879373 0.0131369 0.0099127 0.0337686 0.0874611 0.0585895 0.0721345 0.0835356 0.0792119 0.0925808 0.0452485 0.0666373 0.0891444 0.0834792 0.0926572 0.0065006 0.0908331 0.0823258 0.0387114 0.0959323 0.0366430 0.0833137 0.0349025 0.0670148 0.0921400 0.0933569 0.0929651 0.0702179 0.0798033 0.1023408 0.0826778 0.0795760 0.0826139 0.0835978 
S0294         0.2079473 0.1143171 0.1323159 0.1223788 0.0631154 0.1166862 0.1250757 0.1012933 0.0637398 0.0000000 0.1471154 0.1409995 0.1219924 0.1256335 0.1426247 0.1343572 0.1217243 0.1354648 0.1316882 0.1021181 0.0637501 0.0652696 0.1363303 0.1386301 0.1155092 0.1092777 0.1187388 0.1669260 0.1430206 0.1184447 0.1238181 0.1461409 0.1281982 0.1381771 0.1362046 0.0909838 0.0676962 0.1380492 0.1220240 0.1143019 0.1092467 0.0631731 0.1349637 0.1381940 0.2116976 0.1283848 0.1440414 0.0960110 0.0769367 0.1218589 0.1093060 0.0658036 0.1144135 0.1146441 0.1362693 0.1330522 0.1181147 0.1260752 0.1158578 0.1147770 0.1103575 0.0968426 0.1321195 0.1341180 0.1266655 0.1157985 0.0556459 0.1311822 0.2008408 0.0996107 0.1634941 0.1203770 0.1284402 0.1280972 0.2014444 0.1119856 0.2213888 0.1467435 0.1313430 0.1557141 0.0655933 0.1158465 0.3128754 0.0700429 0.0900429 0.0975614 0.1166976 0.1116977 0.1157316 0.1406791 0.1291032 0.1482682 0.1156882 0.1438471 0.1310169 0.0699202 0.1389627 0.1315742 0.1159536 0.0737065 0.0617794 0.0723662 0.1236890 0.0867072 0.1071314 0.1174049 0.1124331 0.1318916 0.0944691 0.1142254 0.1208418 0.1354180 0.1221136 0.0654907 0.1233228 0.1091982 0.0836768 0.1268938 0.0758429 0.1396643 0.0875414 0.1057164 0.1170122 0.1187953 0.1250362 0.1129019 0.1160839 0.1389939 0.1265659 0.1085416 0.1234640 0.1263546 
S0299         0.2603110 0.1377852 0.1021053 0.1151344 0.1198388 0.1363147 0.0455093 0.1094388 0.1141567 0.1471154 0.0000000 0.1366350 0.1007156 0.0517864 0.1386372 0.0638187 0.1053748 0.1194896 0.1407505 0.1381837 0.1160809 0.1196988 0.0678698 0.1517623 0.0607380 0.0968136 0.1568575 0.0979321 0.1367243 0.0793710 0.1151990 0.1373506 0.1282797 0.1369790 0.0612849 0.1390697 0.1121764 0.0592390 0.0743155 0.1128485 0.1165393 0.1127054 0.1169456 0.1364762 0.1854321 0.1431320 0.1457553 0.1136825 0.1293699 0.1295628 0.0966369 0.1254287 0.1015131 0.0970107 0.1453506 0.1143505 0.0759411 0.1192015 0.1093729 0.0744632 0.1100321 0.0961074 0.1253115 0.1267934 0.1172663 0.1127031 0.1288810 0.1178271 0.1757073 0.1192711 0.1422574 0.1222293 0.1146639 0.1029258 0.1693858 0.0991794 0.1967246 0.1353281 0.1246823 0.1353188 0.1329188 0.1264736 0.2439832 0.1157360 0.1437625 0.0970251 0.0637377 0.1030334 0.1069887 0.1395973 0.0791800 0.0533711 0.1251930 0.1374979 0.1286135 0.1168867 0.1285105 0.1074189 0.1262124 0.1172213 0.1066535 0.1014422 0.1299973 0.1299460 0.0741234 0.1249696 0.1173000 0.0533356 0.1076524 0.1060991 0.0575723 0.1079665 0.1187713 0.1155650 0.1251567 0.1075206 0.1373054 0.0579256 0.1365582 0.1001990 0.1365938 0.1223179 0.1087540 0.1094139 0.1108573 0.1042344 0.1203308 0.1515460 0.1086667 0.1067078 0.1420054 0.1140845 
S0303         0.2221136 0.1362971 0.1203226 0.1335509 0.1212762 0.0344604 0.1278864 0.1097485 0.1178199 0.1409995 0.1366350 0.0000000 0.0687555 0.1383147 0.0216920 0.1441732 0.1124250 0.1306882 0.0133384 0.1234726 0.1222201 0.1211360 0.1522438 0.1706201 0.1380432 0.1139389 0.1338548 0.1696868 0.0461398 0.1273079 0.1361665 0.1737469 0.1031836 0.0115158 0.1420294 0.1273508 0.1136385 0.1461767 0.1225550 0.1319994 0.1315478 0.1186839 0.1216551 0.0115164 0.2243332 0.1649801 0.0132823 0.0949200 0.1257233 0.1309209 0.1113266 0.1222311 0.1163563 0.1165856 0.1410831 0.1133270 0.1297347 0.0789790 0.1417330 0.1210052 0.1026967 0.0612502 0.1412387 0.1437301 0.1442283 0.1272967 0.1322320 0.1252200 0.1819159 0.0999242 0.1080239 0.1002972 0.1187426 0.1207583 0.2116948 0.1139680 0.2138241 0.1544488 0.1184563 0.1019711 0.1343250 0.1258353 0.2836176 0.1270857 0.1353742 0.0847415 0.1271048 0.1348193 0.1415730 0.0502845 0.1198974 0.1470852 0.0921094 0.0481592 0.0507452 0.1268283 0.0902227 0.1288997 0.1288018 0.1309611 0.1081532 0.1154211 0.1328317 0.1464230 0.1104919 0.1253319 0.1320442 0.1297567 0.1128474 0.1186812 0.1387972 0.1203880 0.1451195 0.1215811 0.1320556 0.1003666 0.1310383 0.1378634 0.1382419 0.1344942 0.1253500 0.1358268 0.1332850 0.1148537 0.1494443 0.1043268 0.1060757 0.1430440 0.1340566 0.1030337 0.1464007 0.1186013 
S0308         0.2002890 0.1063174 0.0887386 0.0855266 0.0885469 0.0687194 0.0769689 0.0943334 0.0947713 0.1219924 0.1007156 0.0687555 0.0000000 0.1019746 0.0830528 0.0995703 0.0908980 0.1073009 0.0793469 0.0843385 0.1014490 0.0923983 0.0923105 0.1095960 0.0914334 0.0852859 0.0972912 0.1397177 0.0641156 0.1062482 0.0870579 0.0967736 0.0767145 0.0798668 0.1151289 0.0925870 0.0885514 0.0983266 0.0848903 0.1019665 0.0707777 0.0923983 0.0959593 0.0761679 0.1975264 0.1160647 0.0762691 0.0744942 0.0857704 0.1156573 0.0852859 0.1059354 0.0897271 0.0852859 0.1500914 0.0869757 0.0840617 0.0910775 0.1053254 0.0928737 0.0824582 0.0819663 0.1110503 0.1130545 0.0998207 0.0912586 0.1205428 0.1034094 0.1480867 0.0892817 0.1055354 0.0930327 0.1025777 0.1025777 0.1677607 0.0852859 0.1804754 0.1362115 0.0993884 0.1006984 0.1028753 0.1091659 0.7282722 0.0888354 0.1264946 0.0746619 0.0811282 0.1016393 0.1102919 0.0723762 0.0862092 0.0993778 0.0851649 0.0722505 0.0683151 0.1012213 0.1195140 0.1077149 0.0999014 0.0920867 0.0892713 0.0763929 0.1244917 0.1189514 0.0764694 0.0902903 0.1010817 0.0894432 0.1004857 0.0892907 0.0929081 0.1155416 0.1069682 0.0923983 0.1109572 0.0943921 0.0890243 0.0885736 0.1231448 0.0955054 0.1067778 0.0699586 0.1303410 0.0976492 0.1172449 0.0893206 0.0851896 0.1016208 0.1035714 0.0770840 0.0954903 0.0819395 
S0320         0.2354029 0.1269390 0.0985104 0.1109243 0.1005795 0.1370090 0.0290662 0.0837009 0.0993692 0.1256335 0.0517864 0.1383147 0.1019746 0.0000000 0.1395439 0.0440246 0.0931243 0.1173352 0.1395786 0.1209513 0.0987016 0.1004562 0.0541300 0.1420324 0.0409980 0.0843261 0.1355767 0.0687420 0.1319365 0.0481164 0.1021314 0.1191034 0.1033167 0.1354228 0.0342217 0.1229933 0.1032985 0.0435829 0.0512333 0.0796217 0.1139353 0.0981239 0.1051571 0.1378731 0.1696971 0.1502331 0.1442065 0.0920018 0.1154450 0.1125334 0.0841762 0.1013389 0.0888065 0.0844955 0.1179496 0.1019810 0.0616348 0.1143269 0.0789350 0.0556221 0.0886711 0.0831426 0.1144887 0.1114041 0.0995540 0.0961280 0.1161485 0.1016783 0.1649638 0.1037466 0.1435321 0.1061871 0.1038907 0.0879996 0.1622524 0.0865759 0.1834728 0.1097913 0.1059120 0.1365192 0.1083876 0.1036114 0.2394194 0.1009584 0.1331238 0.0894716 0.0399052 0.0750873 0.0788559 0.1355508 0.0620672 0.0518011 0.1030951 0.1383811 0.1273899 0.1035240 0.1294013 0.1002836 0.1002895 0.0980965 0.0901782 0.0867121 0.1142480 0.1013555 0.0594652 0.0956772 0.0891270 0.0291848 0.1322954 0.0907179 0.0423592 0.0947895 0.0809965 0.1008172 0.1086189 0.0838817 0.1231204 0.0419481 0.1179126 0.0797873 0.1275758 0.1090698 0.0976493 0.0939773 0.0830210 0.0788803 0.0956563 0.1285813 0.1010852 0.0832554 0.1261842 0.0953378 
S0322         0.2145265 0.1407788 0.1223538 0.1403412 0.1278295 0.0416009 0.1295040 0.1162003 0.1243954 0.1426247 0.1386372 0.0216920 0.0830528 0.1395439 0.0000000 0.1409942 0.1238383 0.1437664 0.0149751 0.1301519 0.1238408 0.1276850 0.1542889 0.1639075 0.1449484 0.1204088 0.1354731 0.1683304 0.0498569 0.1339764 0.1377376 0.1671191 0.0955284 0.0199325 0.1413579 0.1340210 0.1200899 0.1556848 0.1264044 0.1388116 0.1284093 0.1252039 0.1208966 0.0131002 0.2135807 0.1640636 0.0253281 0.0921952 0.1324053 0.1324975 0.1177553 0.1288454 0.1228553 0.1230954 0.1462030 0.1103925 0.1364264 0.0871279 0.1486265 0.1252235 0.1090612 0.0673050 0.1428016 0.1456682 0.1457907 0.1288911 0.1365306 0.1333856 0.1779406 0.0969358 0.1149381 0.1019757 0.1203603 0.1223953 0.2012482 0.1204419 0.2096015 0.1584689 0.1249641 0.1087231 0.1411530 0.1300131 0.2912201 0.1337425 0.1369831 0.0844303 0.1315047 0.1391900 0.1407154 0.0480184 0.1288317 0.1490991 0.0983943 0.0537593 0.0484524 0.1334695 0.0942866 0.1408329 0.1307627 0.1376216 0.1146203 0.1173538 0.1395853 0.1456512 0.1169763 0.1320070 0.1386665 0.1365391 0.1194748 0.1202976 0.1408226 0.1220451 0.1467490 0.1281557 0.1439558 0.1067023 0.1377957 0.1372096 0.1402654 0.1438381 0.1316271 0.1374601 0.1452999 0.1241219 0.1565084 0.1154426 0.1125217 0.1422849 0.1407764 0.1094181 0.1480150 0.1252132 
S0327         0.2395470 0.1255493 0.0978564 0.1176106 0.1006805 0.1373772 0.0417262 0.0928138 0.0994900 0.1343572 0.0638187 0.1441732 0.0995703 0.0440246 0.1409942 0.0000000 0.0951007 0.1179660 0.1460880 0.1241284 0.0989483 0.1005593 0.0496319 0.1497166 0.0421512 0.0884770 0.1387131 0.0795016 0.1442613 0.0558410 0.1089271 0.1383076 0.1186570 0.1418171 0.0416353 0.1263069 0.1004577 0.0533174 0.0570029 0.0884142 0.1101996 0.0982650 0.1129501 0.1466225 0.1835529 0.1470670 0.1507051 0.0921598 0.1172949 0.1208957 0.0883186 0.1057945 0.0930030 0.0886541 0.1373511 0.1099496 0.0629006 0.1240433 0.0853467 0.0573030 0.0900787 0.1019057 0.1139457 0.1253448 0.1115760 0.1019683 0.1189660 0.1123235 0.1698067 0.0995483 0.1424582 0.1233514 0.1160636 0.0997913 0.1665985 0.0907513 0.1931956 0.1301818 0.1107245 0.1355156 0.1108367 0.1203704 0.2350788 0.1010535 0.1245984 0.0875614 0.0454680 0.0793511 0.0831442 0.1495236 0.0659407 0.0538157 0.1157197 0.1494934 0.1384373 0.1035770 0.1416510 0.0992989 0.1066992 0.0982381 0.0904507 0.0904024 0.1266065 0.1106688 0.0632878 0.1052164 0.0982976 0.0440386 0.1258520 0.0974303 0.0398668 0.1044445 0.0921578 0.1009143 0.1206961 0.0932063 0.1274897 0.0399589 0.1111181 0.0787334 0.1246105 0.1138952 0.1112312 0.1011336 0.0920073 0.0934887 0.0970419 0.1376594 0.1054321 0.0925060 0.1389536 0.0894104 
S0335         0.2311668 0.1114963 0.0784612 0.0894995 0.0930115 0.1158935 0.0913457 0.0658987 0.0886788 0.1217243 0.1053748 0.1124250 0.0908980 0.0931243 0.1238383 0.0951007 0.0000000 0.0520320 0.1210513 0.1010208 0.0960404 0.0928955 0.1109117 0.1401987 0.0975884 0.0672552 0.1070310 0.1206775 0.1095839 0.0913909 0.0933033 0.1205500 0.0966352 0.1195978 0.1065570 0.1094498 0.0928055 0.0980649 0.0801078 0.1005443 0.0991030 0.0906234 0.0828755 0.1196114 0.1943749 0.1178039 0.1228862 0.0646062 0.1115403 0.1093293 0.0650905 0.0980396 0.0648587 0.0694567 0.1040336 0.0814078 0.0865991 0.0857144 0.0996742 0.0827872 0.0559594 0.0672453 0.0998787 0.0933167 0.0910657 0.0906789 0.1025681 0.0950429 0.1778202 0.0724128 0.1126011 0.0943375 0.0949172 0.0895059 0.1742056 0.0672616 0.1959511 0.1052142 0.0572137 0.1064308 0.0938157 0.0935579 0.2357522 0.0972974 0.1227836 0.0740124 0.0848080 0.0956654 0.0995697 0.1147297 0.0859137 0.1057587 0.0868858 0.1146808 0.1089492 0.0980631 0.1001348 0.0515043 0.0810619 0.1020192 0.0850394 0.0786743 0.0901407 0.1169125 0.0788813 0.0791041 0.0714811 0.0927598 0.1177665 0.0733747 0.0986007 0.0751198 0.1115612 0.0932247 0.0848854 0.0442541 0.1146862 0.0915190 0.1209216 0.1088191 0.1138891 0.0859751 0.0593719 0.0252564 0.1137985 0.0679882 0.0642579 0.1046050 0.0768932 0.0420570 0.1103217 0.0664410 
S0345         0.2141644 0.1203871 0.0944270 0.1063464 0.1004522 0.1309796 0.1079861 0.0779136 0.0963991 0.1354648 0.1194896 0.1306882 0.1073009 0.1173352 0.1437664 0.1179660 0.0520320 0.0000000 0.1437966 0.1112061 0.0990437 0.0951760 0.1338567 0.1474770 0.1182038 0.0845145 0.1194548 0.1382480 0.1256874 0.1106190 0.1225255 0.1564336 0.1171873 0.1391680 0.1291050 0.1229581 0.0899356 0.1188532 0.0928720 0.1187655 0.0963628 0.0929324 0.0926485 0.1391871 0.1826249 0.1455178 0.1431980 0.0937844 0.1274132 0.1395040 0.0819055 0.1028412 0.0869748 0.0871674 0.1378413 0.0971088 0.0974613 0.1084958 0.1147739 0.0983468 0.0791047 0.0861702 0.1279993 0.1223624 0.1224059 0.1085649 0.1149139 0.1100727 0.1685954 0.0907028 0.1406456 0.1248362 0.0996133 0.0986317 0.1669280 0.0845290 0.1807910 0.1282902 0.0769551 0.1329317 0.1146484 0.0977212 0.1989999 0.1011289 0.1362159 0.0946105 0.0982948 0.1099447 0.1146357 0.1327839 0.0967809 0.1233247 0.1083135 0.1298762 0.1255352 0.1009837 0.1258423 0.0286185 0.1003409 0.1028066 0.0916944 0.0944111 0.0997792 0.1286111 0.0963785 0.0908905 0.0862860 0.1104503 0.1266401 0.0917888 0.1197048 0.0967946 0.1316222 0.0954860 0.0996635 0.0597790 0.1276733 0.1089275 0.1389196 0.1162557 0.1189802 0.0955038 0.0325879 0.0503178 0.1313009 0.0897111 0.0833727 0.1274105 0.0903109 0.0499237 0.1344790 0.0729668 
S0355         0.2188117 0.1380996 0.1189551 0.1323571 0.1250912 0.0446727 0.1318663 0.1133607 0.1216046 0.1316882 0.1407505 0.0133384 0.0793469 0.1395786 0.0149751 0.1460880 0.1210513 0.1437966 0.0000000 0.1299524 0.1210568 0.1249467 0.1543089 0.1671553 0.1422866 0.1151604 0.1379662 0.1688266 0.0545346 0.1312677 0.1351110 0.1674020 0.1019052 0.0116172 0.1462672 0.1338790 0.1197513 0.1505307 0.1236371 0.1361068 0.1357038 0.1224468 0.1230574 0.0116006 0.2206152 0.1643905 0.0168743 0.0889887 0.1296715 0.1298338 0.1125137 0.1260942 0.1176081 0.1178419 0.1459371 0.1174528 0.1337394 0.0752066 0.1460174 0.1224236 0.1037851 0.0639453 0.1379117 0.1457125 0.1432225 0.1261784 0.1308337 0.1297636 0.1779395 0.0964994 0.1092032 0.1013762 0.1175641 0.1195759 0.2079415 0.1151906 0.2100546 0.1560147 0.1222093 0.1030632 0.1384722 0.1272942 0.2881131 0.1310357 0.1345653 0.0900173 0.1336180 0.1389879 0.1405243 0.0507694 0.1213130 0.1514152 0.0954118 0.0564538 0.0508982 0.1307658 0.0841529 0.1381570 0.1280750 0.1349623 0.1117542 0.1144011 0.1317300 0.1456830 0.1141322 0.1292708 0.1360359 0.1338170 0.1165896 0.1128381 0.1406553 0.1217252 0.1495528 0.1254126 0.1387046 0.1037979 0.1351000 0.1420405 0.1424418 0.1411879 0.1292846 0.1400366 0.1426680 0.1237038 0.1511720 0.1126171 0.1072126 0.1395916 0.1355379 0.1065253 0.1535695 0.1198981 
S0376         0.1986678 0.0723092 0.0973730 0.0969951 0.0672632 0.0864384 0.1143402 0.0783138 0.0595464 0.1021181 0.1381837 0.1234726 0.0843385 0.1209513 0.1301519 0.1241284 0.1010208 0.1112061 0.1299524 0.0000000 0.0698532 0.0671755 0.1302273 0.1273953 0.1167445 0.0811814 0.0442412 0.1416726 0.1105291 0.1108461 0.1147491 0.1224599 0.1083828 0.1258344 0.1162978 0.0762047 0.0610243 0.1204342 0.1001290 0.0994859 0.0832872 0.0632269 0.0952273 0.1258488 0.1928302 0.1274187 0.1210068 0.0720230 0.0744002 0.1256876 0.0788635 0.0677124 0.0833714 0.0835376 0.1291195 0.0846162 0.1016872 0.0935170 0.1008600 0.1030203 0.0829245 0.0742616 0.1227350 0.1138785 0.1223535 0.1116657 0.0988484 0.0834460 0.1765168 0.0719183 0.1129540 0.0984091 0.1123830 0.1218703 0.1779208 0.0811935 0.1920857 0.1380816 0.1072316 0.1121972 0.0725364 0.1022085 0.2553316 0.0718605 0.0835801 0.0781071 0.1004538 0.0968037 0.1007530 0.1132049 0.1090050 0.1273858 0.0961330 0.1108051 0.1017747 0.0697119 0.1078196 0.1183620 0.1013413 0.0754353 0.0641568 0.0580250 0.1147962 0.0851700 0.1028210 0.0970607 0.0970157 0.1160100 0.0806282 0.0876558 0.1125504 0.0908218 0.1078984 0.0654855 0.1065645 0.0826457 0.0788097 0.1171327 0.0877111 0.1086948 0.0785473 0.0761529 0.1177547 0.0956754 0.1124884 0.0836667 0.0873883 0.0943724 0.0940047 0.0751901 0.0504203 0.0936178 
S0400         0.1841028 0.0594532 0.0854126 0.1041195 0.0114777 0.1008682 0.0866869 0.0758530 0.0082050 0.0637501 0.1160809 0.1222201 0.1014490 0.0987016 0.1238408 0.0989483 0.0960404 0.0990437 0.1210568 0.0698532 0.0000000 0.0114603 0.1075840 0.1015528 0.0924637 0.0710953 0.0784863 0.1203734 0.1220581 0.0907911 0.0914170 0.1117193 0.0964278 0.1196051 0.1042828 0.0483672 0.0132014 0.1146159 0.0692866 0.0872847 0.0802336 0.0064957 0.0913235 0.1196182 0.1922932 0.1005578 0.1221725 0.0709584 0.0349043 0.0980153 0.0688495 0.0149034 0.0732322 0.0733799 0.1206083 0.0829378 0.0734263 0.0974422 0.0842023 0.0765566 0.0834320 0.0719503 0.1030745 0.0942145 0.0939051 0.0922471 0.0613231 0.0919161 0.1748536 0.0649584 0.1256404 0.1015364 0.0911742 0.0927816 0.1790855 0.0711035 0.2012691 0.1091886 0.1000212 0.1190985 0.0421481 0.0908147 0.2611882 0.0132616 0.0562879 0.0720695 0.0885686 0.0802825 0.0841162 0.1198568 0.0795093 0.1101039 0.0867040 0.1201640 0.1107504 0.0149277 0.1120756 0.1037443 0.0943127 0.0148612 0.0116316 0.0374420 0.0920035 0.0604063 0.0783716 0.0899813 0.0814534 0.0944696 0.0512551 0.0731075 0.0935469 0.0922974 0.0970887 0.0081732 0.0972913 0.0886784 0.0443055 0.0978086 0.0404458 0.0897241 0.0404239 0.0731079 0.0945004 0.1018423 0.0949728 0.0762870 0.0860907 0.1043160 0.0918452 0.0858507 0.0912417 0.0825066 
S0405         0.1809396 0.0632517 0.0791394 0.1008226 0.0097177 0.1005813 0.0860048 0.0730260 0.0097685 0.0652696 0.1196988 0.1211360 0.0923983 0.1004562 0.1276850 0.1005593 0.0928955 0.0951760 0.1249467 0.0671755 0.0114603 0.0000000 0.1042720 0.1027092 0.0896438 0.0683554 0.0756737 0.1214183 0.1185287 0.0906821 0.0951709 0.1131385 0.0978704 0.1234494 0.1034573 0.0459982 0.0080911 0.1109806 0.0728657 0.0871780 0.0773356 0.0080567 0.0904380 0.1234631 0.1989989 0.0951569 0.1260305 0.0750506 0.0327478 0.1017988 0.0661493 0.0130841 0.0704589 0.0706001 0.1229396 0.0822561 0.0746945 0.0988935 0.0840980 0.0799537 0.0805223 0.0690983 0.1037978 0.0980832 0.0976810 0.0960339 0.0583184 0.0883878 0.1817892 0.0704659 0.1219676 0.0982854 0.0969033 0.0986054 0.1857458 0.0683627 0.2081080 0.1130163 0.0968355 0.1155655 0.0398906 0.0899387 0.2666327 0.0148015 0.0598955 0.0692844 0.0878727 0.0801813 0.0840120 0.1212370 0.0801047 0.1092220 0.0837117 0.1142212 0.1073703 0.0064770 0.1085806 0.1048645 0.0912400 0.0163829 0.0081752 0.0373837 0.0911110 0.0580085 0.0796225 0.0869108 0.0785677 0.0937161 0.0488014 0.0745887 0.0904520 0.0919246 0.0969749 0.0097309 0.0963568 0.0832258 0.0382291 0.0944850 0.0382072 0.0909152 0.0381883 0.0703431 0.0956733 0.0985815 0.0972933 0.0735063 0.0831274 0.1057774 0.0845263 0.0828953 0.0857673 0.0847702 
S0407sl       0.2360092 0.1270825 0.1024933 0.1212215 0.1043978 0.1323646 0.0451832 0.1006284 0.1032191 0.1363303 0.0678698 0.1522438 0.0923105 0.0541300 0.1542889 0.0496319 0.1109117 0.1338567 0.1543089 0.1302273 0.1075840 0.1042720 0.0000000 0.1473069 0.0525159 0.0961811 0.1427762 0.0869061 0.1493411 0.0642473 0.1161431 0.1362532 0.1258786 0.1547479 0.0553138 0.1269587 0.1048804 0.0740198 0.0635910 0.0936167 0.1053951 0.1019309 0.1214651 0.1547687 0.1853234 0.1441513 0.1585702 0.0958067 0.1183368 0.1296505 0.0960063 0.1096346 0.0964660 0.0963755 0.1386459 0.1132066 0.0696553 0.1285414 0.0904495 0.0643707 0.1006829 0.1031034 0.1244581 0.1343592 0.1188640 0.1121479 0.1225229 0.1002662 0.1782293 0.1121168 0.1435172 0.1270707 0.1221622 0.1103039 0.1743490 0.0985289 0.1995672 0.1411845 0.1263323 0.1385849 0.1093262 0.1299044 0.2707197 0.1047929 0.1393596 0.0975622 0.0572433 0.0843563 0.0881997 0.1523490 0.0708270 0.0558590 0.1228174 0.1523205 0.1410691 0.1016286 0.1437830 0.1111896 0.1182526 0.1019056 0.0939972 0.0915125 0.1329019 0.1112234 0.0678480 0.1079863 0.1061871 0.0476934 0.1222630 0.1053983 0.0232216 0.1064478 0.0995699 0.1046458 0.1242926 0.1005566 0.1306546 0.0479311 0.1173581 0.0835043 0.1279584 0.1086927 0.1197252 0.1139594 0.0960871 0.1041445 0.1079553 0.1419845 0.1063272 0.1022232 0.1382166 0.0999038 
S0412sl       0.2236646 0.1180753 0.1349062 0.1508135 0.1076719 0.1499428 0.1373929 0.1326612 0.0971817 0.1386301 0.1517623 0.1706201 0.1095960 0.1420324 0.1639075 0.1497166 0.1401987 0.1474770 0.1671553 0.1273953 0.1015528 0.1027092 0.1473069 0.0000000 0.1443442 0.1237539 0.1408796 0.1641323 0.1761094 0.1345345 0.1442507 0.0889546 0.1536152 0.1647990 0.1411229 0.1217824 0.1033251 0.1641124 0.1225111 0.1330782 0.0768032 0.1006160 0.1435450 0.1617711 0.2050445 0.0915577 0.1689168 0.1187477 0.1204566 0.1595176 0.1209602 0.1085164 0.1204750 0.1265818 0.1672337 0.1295722 0.1293467 0.1359207 0.1319082 0.1296408 0.1236010 0.1229119 0.1535477 0.1300509 0.1527687 0.1344105 0.1269231 0.1400265 0.1837061 0.1147855 0.1742892 0.1515205 0.1395703 0.1414908 0.2074144 0.1237902 0.2166239 0.1630189 0.1484239 0.1663596 0.1115608 0.1448297 0.3104241 0.1087427 0.1358505 0.1245956 0.1465436 0.1247699 0.1290749 0.1735517 0.1364220 0.1604605 0.1385651 0.1706079 0.1630724 0.1081981 0.1670479 0.1502746 0.1495821 0.1126573 0.0934014 0.1101590 0.1603915 0.1309849 0.1281349 0.1502846 0.1491241 0.1394044 0.1216508 0.1261177 0.1334994 0.1341460 0.1408465 0.1007745 0.1514699 0.1326308 0.1203938 0.1383169 0.1379902 0.1393158 0.1329446 0.0790388 0.1474430 0.1407121 0.1453137 0.1313712 0.1360726 0.1450346 0.1514660 0.1267796 0.1350986 0.1261313 
S0417         0.2341048 0.1230214 0.0908004 0.1082693 0.0918408 0.1209698 0.0330218 0.0855873 0.0883466 0.1155092 0.0607380 0.1380432 0.0914334 0.0409980 0.1449484 0.0421512 0.0975884 0.1182038 0.1422866 0.1167445 0.0924637 0.0896438 0.0525159 0.1443442 0.0000000 0.0835639 0.1341721 0.0766949 0.1352310 0.0488299 0.0996489 0.1344920 0.1098771 0.1405000 0.0421876 0.1190734 0.0944751 0.0540237 0.0540989 0.0732540 0.1095315 0.0894420 0.1029149 0.1405176 0.1778066 0.1332281 0.1463873 0.0891118 0.1059054 0.1146372 0.0834139 0.0962683 0.0881010 0.0837342 0.1315848 0.0996172 0.0557470 0.1190008 0.0704164 0.0587060 0.0828949 0.0896723 0.1092856 0.1279157 0.1019678 0.1000053 0.1057309 0.1002785 0.1688096 0.1035962 0.1420098 0.1089942 0.1153851 0.0989595 0.1633969 0.0858416 0.1846386 0.1256783 0.1088884 0.1349906 0.0991355 0.1134107 0.2257411 0.0899527 0.1249661 0.0885225 0.0384642 0.0666202 0.0703469 0.1377281 0.0609367 0.0567849 0.1069714 0.1360116 0.1293145 0.0946838 0.1244375 0.1111817 0.0994802 0.0894107 0.0815669 0.0847947 0.1060603 0.0965902 0.0520923 0.0922566 0.0911275 0.0353403 0.1152220 0.0925440 0.0407335 0.0989939 0.0781623 0.0920513 0.1085158 0.0879761 0.1180190 0.0443971 0.1032825 0.0738522 0.1131555 0.1092162 0.1113907 0.1007814 0.0739142 0.0838817 0.0898225 0.1270986 0.1050181 0.0850504 0.1295101 0.0864843 
S0419         0.1776875 0.0779002 0.0095435 0.0458735 0.0642724 0.1017811 0.0732228 0.0562418 0.0605203 0.1092777 0.0968136 0.1139389 0.0852859 0.0843261 0.1204088 0.0884770 0.0672552 0.0845145 0.1151604 0.0811814 0.0710953 0.0683554 0.0961811 0.1237539 0.0835639 0.0000000 0.1042380 0.1105730 0.1113884 0.0772777 0.0845318 0.1240620 0.0826041 0.1162172 0.0903002 0.0876907 0.0707914 0.0999540 0.0684682 0.0885836 0.0901524 0.0662616 0.0306591 0.1138098 0.1971169 0.1278670 0.1194369 0.0701621 0.0786933 0.1028590 0.0015854 0.0729683 0.0047989 0.0031937 0.1027999 0.0261302 0.0770441 0.0730388 0.0838765 0.0780082 0.0480380 0.0605385 0.0959044 0.0946633 0.0913876 0.0897332 0.0969685 0.0287240 0.1775820 0.0698494 0.1031244 0.0874284 0.0819422 0.0851224 0.1768285 0.0031871 0.1952595 0.1049703 0.0800539 0.0994722 0.0828700 0.0768207 0.2488420 0.0685013 0.1037417 0.0573220 0.0732668 0.0799704 0.0837911 0.1140383 0.0807286 0.0980968 0.0690785 0.1091967 0.1011509 0.0730148 0.0948052 0.0858188 0.0737252 0.0705807 0.0630772 0.0656074 0.0836887 0.0828904 0.0687401 0.0670242 0.0635003 0.0807952 0.0913853 0.0080412 0.0803212 0.0291175 0.0967047 0.0685860 0.0787748 0.0638134 0.0947284 0.0799498 0.0855295 0.0892849 0.0918817 0.0804397 0.0764917 0.0721216 0.0919214 0.0499610 0.0501656 0.0967347 0.0397109 0.0569848 0.1034507 0.0557957 
S0427         0.2123291 0.0969582 0.1264189 0.1190267 0.0757703 0.0991946 0.1263473 0.1054170 0.0723872 0.1187388 0.1568575 0.1338548 0.0972912 0.1355767 0.1354731 0.1387131 0.1070310 0.1194548 0.1379662 0.0442412 0.0784863 0.0756737 0.1427762 0.1408796 0.1341721 0.1042380 0.0000000 0.1612905 0.1125887 0.1234310 0.1272074 0.1379345 0.1105457 0.1362695 0.1384659 0.0894394 0.0739038 0.1404712 0.1074546 0.1110900 0.1012556 0.0735616 0.1194262 0.1362860 0.2046847 0.1435882 0.1338011 0.0798790 0.0791765 0.1362005 0.1040484 0.0762907 0.1089626 0.1044466 0.1451200 0.1059892 0.1113056 0.0926381 0.1127533 0.1127891 0.0902158 0.0832249 0.1304722 0.1291446 0.1351046 0.1210785 0.1155750 0.1006225 0.1913695 0.0912786 0.1236315 0.1002890 0.1277731 0.1349035 0.1920605 0.1066201 0.2063540 0.1461423 0.1158790 0.1171312 0.0899254 0.1212308 0.3034529 0.0739595 0.0971400 0.0920764 0.1124157 0.1086312 0.1126316 0.1152724 0.1169905 0.1454873 0.1076715 0.1127852 0.1014560 0.0783289 0.1078245 0.1200628 0.1251154 0.0798475 0.0726926 0.0728782 0.1248281 0.0985301 0.1054466 0.1210604 0.1205391 0.1285864 0.0964820 0.1135648 0.1352181 0.1098957 0.1198683 0.0759275 0.1088843 0.1007404 0.0851522 0.1319282 0.0944205 0.1236672 0.0833154 0.0907291 0.1220080 0.1039930 0.1249323 0.0948620 0.0967253 0.1156438 0.1186387 0.0888636 0.0597025 0.1053609 
S0428sl       0.2787405 0.1462075 0.1255149 0.1439492 0.1215613 0.1549397 0.0604253 0.1083106 0.1158057 0.1669260 0.0979321 0.1696868 0.1397177 0.0687420 0.1683304 0.0795016 0.1206775 0.1382480 0.1688266 0.1416726 0.1203734 0.1214183 0.0869061 0.1641323 0.0766949 0.1105730 0.1612905 0.0000000 0.1595796 0.0691783 0.1263534 0.1583033 0.1497126 0.1696543 0.0759840 0.1391702 0.1245474 0.0924954 0.0656595 0.0913409 0.1311523 0.1143143 0.1344705 0.1723426 0.2050169 0.1737344 0.1795850 0.1086416 0.1351637 0.1391997 0.1103639 0.1272533 0.1155292 0.1108012 0.1587730 0.1351463 0.0719310 0.1376884 0.0881458 0.0706524 0.0931598 0.1161273 0.1374808 0.1457712 0.1292339 0.1222067 0.1488980 0.1378228 0.1891845 0.1220647 0.1672105 0.1432878 0.1241118 0.1071842 0.1944187 0.1130751 0.2145835 0.1477662 0.1259527 0.1593066 0.1269178 0.1414497 0.2175423 0.1117870 0.1720035 0.1093958 0.0666337 0.0841381 0.0835214 0.1612298 0.0732415 0.0913544 0.1432992 0.1668386 0.1496398 0.1248169 0.1459040 0.1226737 0.1286995 0.1087648 0.1128554 0.1059485 0.1345469 0.1314299 0.0702991 0.1217822 0.1118048 0.0631973 0.1528957 0.1203512 0.0736577 0.1304358 0.0974552 0.1172259 0.1334655 0.1250959 0.1423998 0.0749910 0.1435948 0.0866169 0.1454076 0.1380305 0.1404026 0.1239024 0.0995750 0.1119279 0.1057173 0.1672010 0.1234267 0.1194691 0.1543987 0.1020052 
S0430         0.2163420 0.1387023 0.1172833 0.1279887 0.1186665 0.0200990 0.1202263 0.1098375 0.1152138 0.1430206 0.1367243 0.0461398 0.0641156 0.1319365 0.0498569 0.1442613 0.1095839 0.1256874 0.0545346 0.1105291 0.1220581 0.1185287 0.1493411 0.1761094 0.1352310 0.1113884 0.1125887 0.1595796 0.0000000 0.1270482 0.1362545 0.1682055 0.0930450 0.0519680 0.1356120 0.1246727 0.1110964 0.1524689 0.1153586 0.1317265 0.1308717 0.1139257 0.1163418 0.0519716 0.2185760 0.1648739 0.0542816 0.0846026 0.1184398 0.1310091 0.1088017 0.1195941 0.1137858 0.1140101 0.1377610 0.1110418 0.1270394 0.0931061 0.1414411 0.1229690 0.1027846 0.0572126 0.1413262 0.1468192 0.1443155 0.1273857 0.1397251 0.1227583 0.1825998 0.1068147 0.1054552 0.0962293 0.1188321 0.1208491 0.2060620 0.1114160 0.2115701 0.1570166 0.1135852 0.0994783 0.1313858 0.1225053 0.2803413 0.1216778 0.1307332 0.0821824 0.1237099 0.1371373 0.1412816 0.0098909 0.1218757 0.1390793 0.0867857 0.0081828 0.0099665 0.1241638 0.0927535 0.1284731 0.1198077 0.1282740 0.1056246 0.1127402 0.1330988 0.1408563 0.1124249 0.1254225 0.1321328 0.1270246 0.1129388 0.1184412 0.1360086 0.1202257 0.1448150 0.1167706 0.1317867 0.1021560 0.1244403 0.1315066 0.1383319 0.1313715 0.1301048 0.1355443 0.1328436 0.1144750 0.1491326 0.1018596 0.1029985 0.1431345 0.1313345 0.1027021 0.1214892 0.1141152 
