133
PAFTOL_019361 0.0000000 0.1509231 0.1503609 0.1435900 0.1568374 0.1605283 0.1625005 0.1576604 0.1454418 0.1730952 0.1517826 0.1492669 0.1640875 0.1601980 0.1662233 0.1556874 0.1411385 0.1759261 0.1506827 0.1657654 0.1512674 0.1426819 0.1741209 0.1721048 0.1616898 0.1479116 0.1592905 0.1542934 0.1518901 0.1423848 0.1759387 0.1670350 0.1784547 0.1705072 0.1513464 0.1477368 0.1741520 0.1573368 0.1676747 0.1666033 0.1630962 0.1483105 0.1541450 0.1594092 0.1529550 0.1571632 0.1351038 0.1516303 0.1546567 0.1476537 0.1530479 0.1516663 0.1511796 0.1566080 0.1572416 0.1571077 0.1763938 0.1573024 0.1530419 0.1304022 0.1507437 0.1486578 0.1521494 0.1422859 0.1387593 0.1517506 0.1629338 0.1413068 0.1452518 0.1723007 0.1683910 0.1602407 0.1582446 0.1556038 0.1465389 0.1610891 0.1437004 0.1641575 0.1417574 0.1618587 0.1490080 0.1589081 0.1573938 0.1448845 0.1587514 0.1335557 0.1556646 0.1626879 0.1536590 0.1492890 0.1491545 0.1606494 0.1763931 0.1560352 0.1461793 0.1489761 0.1515464 0.1482827 0.1503135 0.1515619 0.1391295 0.1353572 0.1483664 0.1475618 0.1648204 0.1417382 0.1484897 0.1763936 0.1496423 0.1522305 0.1574600 0.1602605 0.1615902 0.1491607 0.1737288 0.1507926 0.1367554 0.1496468 0.1592551 0.1500237 0.1525815 0.1573165 0.1574775 0.1481512 0.1314440 0.1628317 0.1500820 0.1316300 0.1761356 0.1466661 0.1350460 0.1576761 0.1342720 
S0055         0.1509231 0.0000000 0.0676865 0.0553196 0.0416186 0.0827912 0.0834732 0.0655742 0.0403931 0.0660365 0.0739785 0.0634356 0.0728181 0.0709911 0.0794659 0.0656656 0.0612813 0.0611076 0.0669962 0.0807503 0.0408923 0.0389784 0.0955699 0.0653932 0.0666352 0.0549548 0.0666195 0.0701689 0.0595683 0.0621421 0.0691832 0.0706303 0.0875361 0.0810394 0.0378422 0.0416760 0.0816425 0.0735713 0.0777964 0.0331888 0.0556656 0.0634040 0.0737837 0.1030870 0.0642985 0.0711438 0.0653869 0.0343877 0.0745302 0.0578091 0.0431999 0.0567640 0.0589635 0.0702171 0.0650682 0.0672700 0.0867308 0.0694419 0.0647426 0.0443567 0.0763772 0.0699093 0.0823188 0.0656167 0.0573196 0.0648909 0.0627509 0.0964733 0.0659087 0.0826519 0.0733102 0.0719522 0.0737283 0.1004081 0.0549841 0.1011051 0.0702844 0.0888460 0.0645525 0.0751041 0.0409796 0.0744683 0.1021249 0.0424070 0.0500695 0.0569023 0.0684746 0.0722533 0.0727933 0.0765314 0.0653494 0.0824559 0.0791002 0.0723258 0.0715855 0.0371222 0.0685406 0.0648767 0.0653230 0.0440989 0.0339796 0.0215302 0.0635653 0.0378982 0.0749042 0.0550834 0.0618826 0.0800850 0.0472382 0.0579132 0.0727430 0.0649969 0.0687559 0.0451890 0.0712833 0.0678727 0.0551277 0.0371444 0.0768795 0.0362385 0.0644650 0.0407974 0.0480916 0.0674693 0.0531224 0.0783672 0.0663625 0.0444107 0.0972533 0.0528784 0.0551150 0.0637157 0.0490604 
S0196sl       0.1503609 0.0676865 0.0000000 0.0251692 0.0663290 0.0743695 0.0694729 0.0673725 0.0495004 0.0880654 0.0565148 0.0633141 0.0745207 0.0675920 0.0745753 0.0634055 0.0647564 0.0584673 0.0678396 0.0841170 0.0658888 0.0634361 0.0697021 0.0803217 0.0699336 0.0092447 0.0831883 0.0734443 0.0635674 0.0664077 0.0726255 0.0717064 0.0725639 0.0727990 0.0660824 0.0586387 0.0761441 0.0671030 0.0756734 0.0803970 0.0462997 0.0275528 0.0742559 0.1078300 0.0731460 0.0716266 0.0524813 0.0650068 0.0730306 0.0104091 0.0692260 0.0116282 0.0116057 0.0769674 0.0325059 0.0686229 0.0868741 0.0689688 0.0658116 0.0544858 0.0532029 0.0774638 0.0736676 0.0633125 0.0611043 0.0741680 0.0275116 0.1034147 0.0739339 0.0687746 0.0735464 0.0761770 0.0824695 0.1079498 0.0116149 0.1065594 0.0769883 0.0843267 0.0684693 0.0747634 0.0741218 0.0743146 0.1062477 0.0675596 0.0691855 0.0592003 0.0620068 0.0729822 0.0649984 0.0680748 0.0597814 0.0648937 0.0717885 0.0704194 0.0660399 0.0622767 0.0636186 0.0814334 0.0635911 0.0706446 0.0591307 0.0522199 0.0671475 0.0612236 0.0592964 0.0559167 0.0631075 0.0771723 0.0632682 0.0140942 0.0655840 0.0301777 0.0729163 0.0726333 0.0315035 0.0695695 0.0648986 0.0620073 0.0754538 0.0662784 0.0672516 0.0633743 0.0644273 0.0658627 0.0586277 0.0695110 0.0716658 0.0516433 0.0946577 0.0462686 0.0646393 0.0813851 0.0530544 
S0281         0.1435900 0.0553196 0.0251692 0.0000000 0.0592945 0.0693517 0.0681665 0.0551353 0.0631466 0.0746679 0.0642440 0.0586449 0.0647454 0.0589838 0.0741045 0.0573517 0.0615127 0.0788790 0.0612405 0.0946434 0.0614063 0.0561169 0.0872067 0.0722189 0.0673129 0.0187621 0.0711957 0.0666278 0.0559892 0.0627278 0.0784337 0.0669545 0.0802419 0.0700173 0.0600502 0.0614496 0.0685737 0.0683314 0.0671225 0.0594377 0.0679759 0.0256480 0.0679888 0.0998740 0.0712181 0.0684072 0.0622845 0.0544227 0.0742787 0.0229926 0.0650709 0.0213206 0.0221953 0.0716631 0.0272689 0.0621267 0.0820778 0.0627864 0.0584831 0.0447874 0.0715104 0.0757104 0.0784505 0.0662120 0.0594727 0.0723342 0.0300691 0.0977179 0.0685148 0.0804932 0.0635955 0.0745636 0.0753976 0.0986221 0.0196262 0.0990020 0.0527716 0.0850954 0.0581594 0.0724757 0.0608806 0.0648737 0.1001266 0.0619751 0.0620595 0.0513485 0.0630261 0.0655404 0.0638726 0.0671641 0.0587353 0.0717194 0.0734637 0.0667064 0.0628532 0.0554420 0.0640813 0.0704944 0.0550681 0.0639286 0.0532295 0.0462296 0.0582341 0.0549716 0.0649936 0.0493915 0.0553714 0.0724358 0.0579927 0.0222268 0.0638279 0.0320004 0.0602574 0.0674150 0.0347305 0.0626645 0.0536085 0.0574288 0.0721979 0.0602149 0.0619649 0.0582793 0.0552133 0.0670540 0.0554067 0.0696248 0.0677220 0.0429393 0.0908959 0.0409602 0.0547073 0.0667011 0.0484137 
S0282         0.1568374 0.0416186 0.0663290 0.0592945 0.0000000 0.0837179 0.0805073 0.0634076 0.0225329 0.0630859 0.0795641 0.0694517 0.0705906 0.0722747 0.0857044 0.0638072 0.0607568 0.0583589 0.0688810 0.0788075 0.0178673 0.0187163 0.0942016 0.0641924 0.0738785 0.0560200 0.0642989 0.0740189 0.0615961 0.0589073 0.0620147 0.0743489 0.0881533 0.0801990 0.0272062 0.0124487 0.0817991 0.0685268 0.0778779 0.0519476 0.0292495 0.0635484 0.0766757 0.1152588 0.0620759 0.0771787 0.0671229 0.0195168 0.0732026 0.0588880 0.0194810 0.0552637 0.0599876 0.0728899 0.0652156 0.0662113 0.0845697 0.0724626 0.0646171 0.0478569 0.0815912 0.0715986 0.0867907 0.0642979 0.0579846 0.0699229 0.0667519 0.1084341 0.0709066 0.0807883 0.0722803 0.0756740 0.0785034 0.1104808 0.0558356 0.1145143 0.0666604 0.0909200 0.0597565 0.0745482 0.0454422 0.0742410 0.1131769 0.0169338 0.0369520 0.0616274 0.0715741 0.0764896 0.0749921 0.0798873 0.0682926 0.0791771 0.0798299 0.0774647 0.0744993 0.0145056 0.0683540 0.0708040 0.0640405 0.0194567 0.0096910 0.0346848 0.0623838 0.0386838 0.0768904 0.0568419 0.0597421 0.0813939 0.0333802 0.0602272 0.0739635 0.0690407 0.0738886 0.0221532 0.0722341 0.0677622 0.0567154 0.0246171 0.0833304 0.0254562 0.0673435 0.0272229 0.0460922 0.0662235 0.0519159 0.0743073 0.0650883 0.0478662 0.0913016 0.0556693 0.0558044 0.0643047 0.0507543 
S0288         0.1605283 0.0827912 0.0743695 0.0693517 0.0837179 0.0000000 0.0886680 0.0691829 0.0817650 0.0989877 0.0806841 0.0083978 0.0437831 0.0881057 0.0123404 0.0744865 0.0629248 0.0769842 0.0094125 0.1094294 0.0768204 0.0727805 0.0976460 0.0918968 0.0844122 0.0695721 0.0917969 0.0100098 0.0693874 0.0709027 0.0987747 0.0665931 0.0129287 0.0940160 0.0847374 0.0743207 0.0868880 0.0925212 0.0956610 0.0917930 0.0828095 0.0754389 0.0102646 0.1070753 0.0913834 0.0132656 0.0568313 0.0765310 0.0815193 0.0740168 0.0846443 0.0710509 0.0699170 0.0780062 0.0774434 0.0868211 0.0630116 0.0882304 0.0864117 0.0556181 0.0505433 0.0812377 0.0872054 0.0750925 0.0743528 0.0829011 0.0759918 0.1040539 0.0846606 0.0589128 0.0513775 0.0799851 0.0796134 0.1088755 0.0696157 0.1082062 0.0749446 0.0912423 0.0717385 0.0613773 0.0816039 0.0805250 0.1090962 0.0772829 0.0903991 0.0659397 0.0847230 0.0915142 0.0887352 0.0089559 0.0860345 0.0936032 0.0641697 0.0091254 0.0072667 0.0777146 0.0549163 0.0814033 0.0699569 0.0845188 0.0741416 0.0689684 0.0707270 0.0784617 0.0905154 0.0639955 0.0649067 0.0994405 0.0820829 0.0689787 0.0850572 0.0761734 0.0898959 0.0851718 0.0862787 0.0691945 0.0629147 0.0786314 0.0934514 0.0834126 0.0872598 0.0847816 0.0821476 0.0727195 0.0613747 0.0972856 0.0747951 0.0545707 0.1011223 0.0663835 0.0640083 0.0860912 0.0580216 
S0289         0.1625005 0.0834732 0.0694729 0.0681665 0.0805073 0.0886680 0.0000000 0.0714079 0.0680635 0.0904030 0.0440764 0.0801684 0.0799258 0.0372000 0.0924885 0.0564065 0.0792305 0.0786232 0.0827473 0.1053788 0.0808975 0.0740578 0.0527594 0.0902326 0.0479044 0.0677939 0.0899562 0.0847446 0.0510329 0.0763193 0.0969449 0.0856033 0.0982783 0.0532486 0.0772550 0.0782643 0.0432064 0.0604323 0.0626606 0.0824415 0.0954405 0.0727575 0.0865472 0.1160666 0.0946373 0.0860826 0.0665161 0.0751015 0.0928885 0.0728040 0.0811971 0.0710323 0.0720565 0.0857240 0.0765140 0.0524611 0.0904868 0.0546388 0.0574779 0.0635413 0.0862605 0.0904535 0.0935321 0.0825037 0.0764527 0.0981050 0.0779076 0.1053750 0.0825367 0.0973256 0.0785826 0.0901182 0.0908556 0.1100861 0.0678319 0.1140354 0.0471591 0.1016090 0.0763894 0.0839019 0.0851597 0.0864479 0.1150795 0.0779784 0.0823104 0.0691658 0.0440244 0.0583353 0.0566212 0.0780513 0.0601671 0.0473687 0.0913376 0.0850275 0.0820774 0.0763602 0.0740396 0.0814069 0.0690321 0.0801099 0.0710232 0.0636674 0.0728171 0.0757026 0.0649608 0.0653943 0.0683903 0.0493340 0.0757517 0.0712198 0.0381208 0.0793418 0.0577934 0.0792376 0.0839091 0.0758905 0.0719197 0.0762648 0.0495601 0.0790712 0.0572903 0.0784752 0.0742570 0.0807789 0.0737591 0.0672821 0.0859780 0.0636223 0.1126779 0.0657844 0.0741901 0.0876045 0.0614896 
S0292         0.1576604 0.0655742 0.0673725 0.0551353 0.0634076 0.0691829 0.0714079 0.0000000 0.0650222 0.0768627 0.0697644 0.0599209 0.0608627 0.0657899 0.0720484 0.0614510 0.0510184 0.0638957 0.0593979 0.0809591 0.0617689 0.0575823 0.0791153 0.0723517 0.0685371 0.0588443 0.0661248 0.0646735 0.0560480 0.0509573 0.0835348 0.0649897 0.0749424 0.0683160 0.0623230 0.0619113 0.0720709 0.0754847 0.0737687 0.0697090 0.0709768 0.0646970 0.0630524 0.1046727 0.0774042 0.0674383 0.0497208 0.0556485 0.0639760 0.0607778 0.0652355 0.0619588 0.0609940 0.0619636 0.0673754 0.0672167 0.0788925 0.0658161 0.0644175 0.0404180 0.0714281 0.0643281 0.0748092 0.0593323 0.0549729 0.0826788 0.0670396 0.0977219 0.0648240 0.0750938 0.0597817 0.0652280 0.0640506 0.1021963 0.0588757 0.1040355 0.0628472 0.0765026 0.0594136 0.0686599 0.0657464 0.0441267 0.1037138 0.0622385 0.0651225 0.0526757 0.0641578 0.0695521 0.0689915 0.0633150 0.0704711 0.0669090 0.0711749 0.0648224 0.0619183 0.0576291 0.0581560 0.0625059 0.0173321 0.0632405 0.0555112 0.0513870 0.0360784 0.0605151 0.0768685 0.0211603 0.0127119 0.0737993 0.0631937 0.0630975 0.0639234 0.0693962 0.0710344 0.0686546 0.0736935 0.0389297 0.0472289 0.0604661 0.0746548 0.0624060 0.0692862 0.0633929 0.0555080 0.0601780 0.0471144 0.0735054 0.0560721 0.0414902 0.0842133 0.0556039 0.0472174 0.0620814 0.0442368 
S0293         0.1454418 0.0403931 0.0495004 0.0631466 0.0225329 0.0817650 0.0680635 0.0650222 0.0000000 0.0574706 0.0648913 0.0698199 0.0728753 0.0575087 0.0743873 0.0581112 0.0620171 0.0615493 0.0719779 0.0760313 0.0160779 0.0200150 0.0791929 0.0594076 0.0628166 0.0534289 0.0616942 0.0776867 0.0508859 0.0571438 0.0594488 0.0730033 0.0641570 0.0740797 0.0292979 0.0176027 0.0667792 0.0682666 0.0736237 0.0589345 0.0224055 0.0607481 0.0791600 0.1043937 0.0547119 0.0796186 0.0626201 0.0225404 0.0742881 0.0548262 0.0226715 0.0519505 0.0547991 0.0575304 0.0634368 0.0680439 0.0828570 0.0650054 0.0637437 0.0500893 0.0616608 0.0665213 0.0685854 0.0605882 0.0525412 0.0418872 0.0609142 0.0938803 0.0704221 0.0731178 0.0704173 0.0648159 0.0677527 0.1011163 0.0517281 0.1010309 0.0684853 0.0768684 0.0640137 0.0666493 0.0450229 0.0654040 0.1010298 0.0199228 0.0416877 0.0628117 0.0599550 0.0694616 0.0691759 0.0772539 0.0675714 0.0718775 0.0892816 0.0787398 0.0745296 0.0200138 0.0640394 0.0732716 0.0552627 0.0238989 0.0164669 0.0296017 0.0605536 0.0320074 0.0638636 0.0533778 0.0547715 0.0732986 0.0375645 0.0518890 0.0673726 0.0641802 0.0708621 0.0253987 0.0674226 0.0628547 0.0576724 0.0279232 0.0708484 0.0292553 0.0698646 0.0306627 0.0460394 0.0680799 0.0502873 0.0773341 0.0560675 0.0456888 0.0889327 0.0474688 0.0578607 0.0649272 0.0533068 
S0294         0.1730952 0.0660365 0.0880654 0.0746679 0.0630859 0.0989877 0.0904030 0.0768627 0.0574706 0.0000000 0.0857892 0.0818773 0.0772940 0.0829685 0.0917820 0.0834162 0.0791695 0.1136600 0.0820368 0.0962063 0.0604265 0.0550712 0.1220318 0.0664183 0.0935743 0.0733468 0.0706432 0.0884929 0.0775956 0.0790897 0.0712781 0.0863488 0.1034035 0.0920713 0.0568475 0.0652064 0.0962859 0.0832500 0.0906895 0.0657337 0.0775867 0.0805632 0.0904837 0.1231909 0.0642923 0.0887337 0.0894482 0.0539068 0.0925700 0.0743232 0.0610058 0.0765104 0.0777158 0.0931511 0.0822793 0.0746013 0.0941874 0.0825910 0.0760712 0.0669211 0.0905284 0.0883879 0.1010323 0.0849304 0.0770516 0.0447757 0.0764412 0.1184621 0.0863863 0.1002205 0.0855888 0.0894423 0.0948831 0.1205032 0.0723475 0.1225871 0.0733423 0.1100346 0.0821037 0.0839804 0.0642019 0.0821075 0.1221905 0.0561226 0.0607860 0.0802879 0.0832013 0.0865411 0.0862825 0.0906095 0.0740893 0.0969912 0.0925316 0.0933807 0.0879691 0.0571372 0.0750174 0.0873653 0.0784474 0.0609175 0.0520543 0.0505906 0.0813670 0.0589250 0.0835494 0.0716863 0.0751522 0.1033815 0.0539828 0.0753535 0.0912436 0.0745700 0.0866973 0.0644370 0.0834582 0.0817896 0.0725092 0.0601635 0.0963215 0.0581170 0.0767847 0.0620563 0.0478784 0.0901370 0.0735768 0.0967349 0.0842626 0.0657940 0.1129202 0.0691552 0.0724931 0.0673431 0.0701076 
S0299         0.1517826 0.0739785 0.0565148 0.0642440 0.0795641 0.0806841 0.0440764 0.0697644 0.0648913 0.0857892 0.0000000 0.0737604 0.0759858 0.0446973 0.0847926 0.0564933 0.0755249 0.0766131 0.0764273 0.0933012 0.0788213 0.0731629 0.0567570 0.0843289 0.0440728 0.0622228 0.0819027 0.0773997 0.0490363 0.0671134 0.0900231 0.0824735 0.0907725 0.0475895 0.0730087 0.0756847 0.0431351 0.0633793 0.0606959 0.0769057 0.0923745 0.0722116 0.0801902 0.1061881 0.0890036 0.0808126 0.0569352 0.0689415 0.0810738 0.0641279 0.0803698 0.0642030 0.0664288 0.0751073 0.0759861 0.0581877 0.0880388 0.0566885 0.0584527 0.0577833 0.0822658 0.0818271 0.0811488 0.0740826 0.0681610 0.0906789 0.0735126 0.1005321 0.0810298 0.0895626 0.0745701 0.0820812 0.0839124 0.1052906 0.0622577 0.1041834 0.0491455 0.0876782 0.0785681 0.0770738 0.0791274 0.0801552 0.1052157 0.0792387 0.0824228 0.0636129 0.0441850 0.0584590 0.0576540 0.0717475 0.0591820 0.0407116 0.0852241 0.0774206 0.0743925 0.0702357 0.0700421 0.0840610 0.0686146 0.0800858 0.0669957 0.0624900 0.0668413 0.0676774 0.0670429 0.0627198 0.0680536 0.0513100 0.0726000 0.0663644 0.0425821 0.0738816 0.0587364 0.0807539 0.0804655 0.0741521 0.0651144 0.0712554 0.0410899 0.0774010 0.0592581 0.0784600 0.0703171 0.0803741 0.0711499 0.0682169 0.0757508 0.0578567 0.0989148 0.0609289 0.0673315 0.0783559 0.0567396 
S0303         0.1492669 0.0634356 0.0633141 0.0586449 0.0694517 0.0083978 0.0801684 0.0599209 0.0698199 0.0818773 0.0737604 0.0000000 0.0376993 0.0797909 0.0122111 0.0652327 0.0583335 0.0696778 0.0033700 0.0877326 0.0676692 0.0599186 0.0916128 0.0781002 0.0782210 0.0601623 0.0759245 0.0032886 0.0597770 0.0603161 0.0868209 0.0543149 0.0153250 0.0837482 0.0693181 0.0587641 0.0772677 0.0770208 0.0820770 0.0692311 0.0695258 0.0652411 0.0033627 0.0942284 0.0768279 0.0067670 0.0546816 0.0621025 0.0720943 0.0632126 0.0692839 0.0604202 0.0604202 0.0710703 0.0669988 0.0742778 0.0553226 0.0768010 0.0758726 0.0438454 0.0373346 0.0724874 0.0818011 0.0671476 0.0633928 0.0762888 0.0666141 0.0950322 0.0700628 0.0544540 0.0438539 0.0737905 0.0735000 0.0930955 0.0601965 0.0962614 0.0644495 0.0864846 0.0662080 0.0498508 0.0677813 0.0699050 0.0959515 0.0648950 0.0767085 0.0545562 0.0735358 0.0795631 0.0793758 0.0009825 0.0732822 0.0832301 0.0492719 0.0058444 0.0050044 0.0621393 0.0482261 0.0705851 0.0588194 0.0680050 0.0588923 0.0544782 0.0622079 0.0670921 0.0834674 0.0541917 0.0539263 0.0862948 0.0713879 0.0574076 0.0761394 0.0679853 0.0759012 0.0715862 0.0757037 0.0574988 0.0542805 0.0650319 0.0843542 0.0670044 0.0722884 0.0714791 0.0651835 0.0628881 0.0528810 0.0871713 0.0712555 0.0449233 0.0952346 0.0570758 0.0542673 0.0716759 0.0488622 
S0308         0.1640875 0.0728181 0.0745207 0.0647454 0.0705906 0.0437831 0.0799258 0.0608627 0.0728753 0.0772940 0.0759858 0.0376993 0.0000000 0.0830594 0.0481997 0.0696609 0.0620376 0.0842315 0.0401934 0.0984761 0.0719877 0.0662394 0.0982594 0.0834248 0.0830063 0.0653221 0.0777061 0.0431546 0.0662801 0.0637216 0.0965719 0.0512851 0.0552318 0.0814773 0.0713708 0.0669050 0.0851083 0.0834913 0.0831898 0.0809767 0.0866044 0.0736435 0.0420343 0.1002624 0.0866147 0.0460550 0.0665614 0.0664080 0.0754614 0.0672391 0.0734238 0.0686357 0.0654107 0.0667414 0.0764417 0.0808456 0.0604509 0.0788056 0.0778433 0.0470825 0.0430372 0.0748001 0.0847643 0.0663659 0.0656473 0.0806855 0.0708126 0.0967782 0.0727716 0.0620847 0.0384148 0.0755465 0.0763840 0.0979853 0.0653588 0.0996904 0.0602653 0.0936466 0.0627848 0.0519788 0.0711295 0.0739555 0.1005913 0.0693255 0.0742514 0.0644916 0.0753177 0.0828051 0.0813914 0.0342385 0.0788567 0.0882437 0.0566527 0.0418369 0.0399188 0.0674815 0.0473381 0.0734183 0.0609983 0.0745247 0.0632572 0.0599432 0.0631074 0.0663574 0.0817375 0.0570548 0.0576348 0.0892782 0.0702442 0.0647118 0.0770364 0.0733031 0.0788386 0.0736550 0.0787196 0.0655253 0.0583737 0.0672198 0.0870081 0.0702862 0.0778691 0.0735916 0.0694664 0.0720479 0.0550312 0.0847280 0.0678738 0.0491834 0.0913005 0.0583074 0.0573575 0.0725830 0.0539581 
S0320         0.1601980 0.0709911 0.0675920 0.0589838 0.0722747 0.0881057 0.0372000 0.0657899 0.0575087 0.0829685 0.0446973 0.0797909 0.0830594 0.0000000 0.0918208 0.0523467 0.0714302 0.0619714 0.0833689 0.0983150 0.0725115 0.0671366 0.0496847 0.0796739 0.0468056 0.0609572 0.0814895 0.0845338 0.0491755 0.0591174 0.0918980 0.0829853 0.0959816 0.0523091 0.0710590 0.0752362 0.0517536 0.0602280 0.0608163 0.0733485 0.0794761 0.0681677 0.0828859 0.1140823 0.0852524 0.0868055 0.0635627 0.0629169 0.0709955 0.0660320 0.0730498 0.0639627 0.0652634 0.0767584 0.0719695 0.0571241 0.0946847 0.0565419 0.0554577 0.0556502 0.0861123 0.0736734 0.0803254 0.0662412 0.0603229 0.0852605 0.0703799 0.1098830 0.0769227 0.0971225 0.0800438 0.0810534 0.0830000 0.1114341 0.0610579 0.1120148 0.0476685 0.0861853 0.0738464 0.0880863 0.0751828 0.0750699 0.1130772 0.0698651 0.0730900 0.0616938 0.0430326 0.0604080 0.0574944 0.0789489 0.0601132 0.0514130 0.0925829 0.0849753 0.0816042 0.0681871 0.0734885 0.0737651 0.0609008 0.0707214 0.0628964 0.0534129 0.0688770 0.0647004 0.0628558 0.0607370 0.0640102 0.0456601 0.0678673 0.0651995 0.0335993 0.0705983 0.0598364 0.0724585 0.0750440 0.0703855 0.0638514 0.0671550 0.0533911 0.0681896 0.0591089 0.0671029 0.0682728 0.0700769 0.0679796 0.0642936 0.0737412 0.0566347 0.1077735 0.0587536 0.0661000 0.0780923 0.0555158 
S0322         0.1662233 0.0794659 0.0745753 0.0741045 0.0857044 0.0123404 0.0924885 0.0720484 0.0743873 0.0917820 0.0847926 0.0122111 0.0481997 0.0918208 0.0000000 0.0804212 0.0681606 0.0749460 0.0139482 0.1061478 0.0737065 0.0744089 0.1015445 0.0974607 0.0930643 0.0736841 0.0904103 0.0136383 0.0730848 0.0750736 0.1032733 0.0686921 0.0127441 0.0962466 0.0843418 0.0711008 0.0908455 0.0903914 0.0932040 0.0880322 0.0790705 0.0803800 0.0120906 0.1124490 0.0970857 0.0157116 0.0717389 0.0756881 0.0887418 0.0758308 0.0832380 0.0740077 0.0739224 0.0830062 0.0832751 0.0897676 0.0644585 0.0900207 0.0890700 0.0575131 0.0508073 0.0868459 0.0985668 0.0820215 0.0782540 0.0774224 0.0796685 0.1104830 0.0867598 0.0579930 0.0546650 0.0845289 0.0842881 0.1126784 0.0737263 0.1146179 0.0880587 0.1039348 0.0767458 0.0597874 0.0852389 0.0816965 0.1143760 0.0786325 0.0906219 0.0707147 0.0844354 0.0931561 0.0930272 0.0134011 0.0859470 0.0985983 0.0681993 0.0164795 0.0155567 0.0767374 0.0558574 0.0833060 0.0708338 0.0832738 0.0748042 0.0701076 0.0747806 0.0842454 0.0887929 0.0650902 0.0657910 0.1012744 0.0841820 0.0720736 0.0908127 0.0811706 0.0913825 0.0834823 0.0891769 0.0709279 0.0675277 0.0799468 0.0955014 0.0830324 0.0866387 0.0866611 0.0834206 0.0796785 0.0669769 0.1023775 0.0827807 0.0596349 0.1070720 0.0747111 0.0665447 0.0857187 0.0618260 
S0327         0.1556874 0.0656656 0.0634055 0.0573517 0.0638072 0.0744865 0.0564065 0.0614510 0.0581112 0.0834162 0.0564933 0.0652327 0.0696609 0.0523467 0.0804212 0.0000000 0.0691481 0.0640581 0.0647744 0.0855153 0.0651498 0.0601125 0.0541478 0.0727812 0.0524931 0.0558990 0.0746619 0.0721499 0.0437058 0.0616557 0.0800291 0.0779434 0.0851851 0.0602613 0.0657359 0.0600801 0.0593127 0.0641887 0.0631322 0.0663871 0.0685437 0.0667170 0.0726579 0.1020552 0.0800022 0.0740331 0.0607370 0.0576603 0.0742364 0.0626878 0.0676855 0.0580537 0.0590445 0.0716059 0.0693244 0.0600035 0.0838259 0.0590469 0.0575055 0.0508326 0.0771169 0.0777461 0.0807473 0.0681215 0.0637590 0.0829684 0.0700340 0.0944245 0.0762993 0.0867605 0.0691356 0.0763243 0.0760396 0.0963586 0.0559289 0.1000750 0.0560309 0.0832813 0.0714936 0.0765464 0.0723074 0.0745002 0.1010937 0.0646448 0.0738076 0.0575451 0.0446892 0.0627957 0.0621148 0.0713750 0.0580420 0.0585708 0.0839355 0.0724585 0.0684452 0.0590177 0.0718974 0.0762834 0.0589471 0.0675982 0.0559053 0.0535665 0.0615112 0.0593736 0.0658945 0.0549616 0.0549757 0.0611243 0.0707403 0.0592172 0.0423519 0.0701904 0.0602482 0.0702201 0.0767683 0.0647274 0.0599481 0.0636399 0.0582059 0.0647736 0.0601208 0.0677135 0.0617514 0.0695627 0.0627108 0.0657749 0.0642804 0.0508952 0.0931510 0.0578822 0.0599335 0.0737140 0.0507909 
S0335         0.1411385 0.0612813 0.0647564 0.0615127 0.0607568 0.0629248 0.0792305 0.0510184 0.0620171 0.0791695 0.0755249 0.0583335 0.0620376 0.0714302 0.0681606 0.0691481 0.0000000 0.0538116 0.0608749 0.0880565 0.0602189 0.0541559 0.0808873 0.0772532 0.0703782 0.0612531 0.0728181 0.0611886 0.0628185 0.0555459 0.0768689 0.0596734 0.0744146 0.0721569 0.0638991 0.0543903 0.0778335 0.0761332 0.0760455 0.0694890 0.0661335 0.0681278 0.0624753 0.0981029 0.0704372 0.0659103 0.0539833 0.0504233 0.0648234 0.0632135 0.0648587 0.0644184 0.0633723 0.0641212 0.0698633 0.0696890 0.0709630 0.0696062 0.0660729 0.0372588 0.0684492 0.0681110 0.0746711 0.0608929 0.0536354 0.0795197 0.0715336 0.0932954 0.0601237 0.0645910 0.0622059 0.0678642 0.0697836 0.0956768 0.0620083 0.0973385 0.0552827 0.0775243 0.0417269 0.0610479 0.0655792 0.0613071 0.0971503 0.0617744 0.0676161 0.0493298 0.0663666 0.0735475 0.0719223 0.0578644 0.0710754 0.0795099 0.0673012 0.0642619 0.0603855 0.0551189 0.0543868 0.0407635 0.0443589 0.0647749 0.0518985 0.0509942 0.0455652 0.0599206 0.0780103 0.0438239 0.0435844 0.0793088 0.0617301 0.0655786 0.0687678 0.0739567 0.0709812 0.0670030 0.0771757 0.0543605 0.0283504 0.0551824 0.0813114 0.0559013 0.0688556 0.0608875 0.0591193 0.0396249 0.0178572 0.0742630 0.0575384 0.0372668 0.0871104 0.0529008 0.0283722 0.0689060 0.0400354 
S0345         0.1759261 0.0611076 0.0584673 0.0788790 0.0583589 0.0769842 0.0786232 0.0638957 0.0615493 0.1136600 0.0766131 0.0696778 0.0842315 0.0619714 0.0749460 0.0640581 0.0538116 0.0000000 0.0807884 0.0848709 0.0635602 0.0592751 0.0743265 0.0901264 0.0764704 0.0583110 0.0778657 0.0770543 0.0647508 0.0490019 0.0826006 0.0709718 0.0775805 0.0969834 0.0614163 0.0564961 0.0850330 0.0855976 0.0844510 0.0456653 0.0515130 0.0695357 0.0752844 0.1120440 0.0634777 0.0778534 0.0482918 0.0483797 0.0604381 0.0610623 0.0696427 0.0612351 0.0665084 0.0591750 0.0769489 0.0768949 0.0889323 0.0746382 0.0888445 0.0358894 0.0628470 0.0575268 0.0589181 0.0516888 0.0473744 0.0603274 0.0773728 0.1035910 0.0667278 0.0692711 0.0788669 0.0573999 0.0545422 0.1155652 0.0612894 0.1169363 0.1636294 0.0742240 0.0598203 0.0740292 0.0699380 0.0776369 0.1162724 0.0665918 0.0664348 0.0512925 0.0645721 0.0886205 0.0793801 0.0768392 0.0843226 0.0870951 0.0812985 0.0754732 0.0679799 0.0622012 0.0726764 0.0338740 0.0644246 0.0720994 0.0498249 0.0490858 0.0639995 0.0612261 0.0733333 0.0509607 0.0560111 0.0820395 0.0666479 0.0699122 0.0688689 0.0767242 0.0942862 0.0756144 0.0754007 0.0564385 0.0333316 0.0559940 0.0843713 0.0613406 0.0797782 0.0588187 0.0638315 0.0195064 0.0333098 0.0783896 0.0586658 0.0310613 0.1025581 0.0588756 0.0332751 0.0789795 0.0358529 
S0355         0.1506827 0.0669962 0.0678396 0.0612405 0.0688810 0.0094125 0.0827473 0.0593979 0.0719779 0.0820368 0.0764273 0.0033700 0.0401934 0.0833689 0.0139482 0.0647744 0.0608749 0.0807884 0.0000000 0.0827522 0.0671122 0.0605105 0.0905160 0.0806648 0.0797902 0.0637621 0.0738273 0.0049483 0.0622803 0.0637778 0.0860236 0.0568235 0.0169605 0.0862724 0.0665431 0.0588081 0.0800568 0.0794966 0.0846469 0.0722898 0.0688086 0.0678172 0.0050133 0.1000219 0.0770055 0.0074826 0.0630070 0.0594744 0.0733814 0.0668214 0.0697546 0.0650511 0.0640343 0.0734114 0.0695643 0.0756862 0.0567867 0.0780868 0.0762535 0.0471917 0.0442863 0.0748968 0.0874829 0.0715236 0.0658946 0.0769717 0.0702491 0.0997134 0.0736221 0.0580694 0.0483814 0.0763167 0.0760180 0.0988849 0.0637981 0.1021125 0.0645676 0.0902476 0.0654362 0.0524697 0.0713211 0.0670613 0.1017847 0.0643678 0.0736380 0.0583123 0.0770018 0.0811693 0.0818108 0.0029840 0.0717311 0.0883842 0.0527510 0.0067276 0.0066931 0.0617024 0.0507178 0.0752966 0.0582265 0.0675837 0.0584748 0.0570816 0.0636600 0.0684577 0.0812897 0.0537200 0.0534593 0.0889069 0.0685934 0.0621659 0.0776157 0.0716679 0.0795491 0.0709959 0.0793936 0.0579908 0.0577985 0.0645025 0.0869466 0.0664582 0.0738928 0.0708908 0.0665589 0.0683772 0.0553770 0.0841448 0.0706769 0.0493526 0.0921592 0.0606885 0.0577852 0.0698433 0.0533145 
S0376         0.1657654 0.0807503 0.0841170 0.0946434 0.0788075 0.1094294 0.1053788 0.0809591 0.0760313 0.0962063 0.0933012 0.0877326 0.0984761 0.0983150 0.1061478 0.0855153 0.0880565 0.0848709 0.0827522 0.0000000 0.0808173 0.0748752 0.1023395 0.0821505 0.1079492 0.0987436 0.0396233 0.0945478 0.0851999 0.0851288 0.0794893 0.0969518 0.1161461 0.1078501 0.0706150 0.0692055 0.1000346 0.0879185 0.1035129 0.0838355 0.0904070 0.1011717 0.0932166 0.1395130 0.0786662 0.0922363 0.0755398 0.0705272 0.0975898 0.1000988 0.0852717 0.0974139 0.1018336 0.0989690 0.0993904 0.0882337 0.1153735 0.0872124 0.0871509 0.0775733 0.0849024 0.0972269 0.1048995 0.0907613 0.0790190 0.1053280 0.1049443 0.1313714 0.0863499 0.0992259 0.0934299 0.1074077 0.1102181 0.1359841 0.0974027 0.1386527 0.0909074 0.1099395 0.0927481 0.1049376 0.0901640 0.0940314 0.1343863 0.0811782 0.0885915 0.0860230 0.0974814 0.0910665 0.0891845 0.0837051 0.0830737 0.0985183 0.0907197 0.0997455 0.0924510 0.0761277 0.0949290 0.1074694 0.0758651 0.0811752 0.0721106 0.0642043 0.0893771 0.0800106 0.1007025 0.0762839 0.0785640 0.1126830 0.0811407 0.1022449 0.0808748 0.1052288 0.0965236 0.0901001 0.1119739 0.0906288 0.0875920 0.0761853 0.1098372 0.0789481 0.0910929 0.0854952 0.0668876 0.0934512 0.0795317 0.0949086 0.0990104 0.0802850 0.1076870 0.0860146 0.0858338 0.0385678 0.0790766 
S0400         0.1512674 0.0408923 0.0658888 0.0614063 0.0178673 0.0768204 0.0808975 0.0617689 0.0160779 0.0604265 0.0788213 0.0676692 0.0719877 0.0725115 0.0737065 0.0651498 0.0602189 0.0635602 0.0671122 0.0808173 0.0000000 0.0162814 0.0935196 0.0634994 0.0731202 0.0571355 0.0645857 0.0712813 0.0618299 0.0611924 0.0663825 0.0737374 0.0754372 0.0826290 0.0281787 0.0134717 0.0831864 0.0738413 0.0812886 0.0532680 0.0160854 0.0647710 0.0738756 0.1158174 0.0603320 0.0743439 0.0691839 0.0204357 0.0746469 0.0600201 0.0137196 0.0583275 0.0600850 0.0692674 0.0664449 0.0694557 0.0839506 0.0770820 0.0667570 0.0508328 0.0809032 0.0730351 0.0872548 0.0665650 0.0592547 0.0568841 0.0640980 0.1089895 0.0712811 0.0780568 0.0726426 0.0698840 0.0737991 0.1110120 0.0571663 0.1137757 0.0710800 0.0914129 0.0580850 0.0748449 0.0447181 0.0725610 0.1137251 0.0103962 0.0361928 0.0608598 0.0698724 0.0809434 0.0795099 0.0766063 0.0695407 0.0797571 0.0790890 0.0746706 0.0727247 0.0137374 0.0665169 0.0701294 0.0622631 0.0137025 0.0097515 0.0339379 0.0627080 0.0370152 0.0746242 0.0580327 0.0580993 0.0872594 0.0344005 0.0613730 0.0744170 0.0664225 0.0782751 0.0163149 0.0692698 0.0650486 0.0569621 0.0204396 0.0836461 0.0255247 0.0715485 0.0263571 0.0472319 0.0675250 0.0521001 0.0808311 0.0634177 0.0499038 0.0905525 0.0558677 0.0580380 0.0635719 0.0538286 
S0405         0.1426819 0.0389784 0.0634361 0.0561169 0.0187163 0.0727805 0.0740578 0.0575823 0.0200150 0.0550712 0.0731629 0.0599186 0.0662394 0.0671366 0.0744089 0.0601125 0.0541559 0.0592751 0.0605105 0.0748752 0.0162814 0.0000000 0.0915533 0.0553764 0.0710022 0.0539063 0.0624482 0.0646761 0.0576855 0.0610359 0.0600395 0.0662387 0.0784726 0.0759416 0.0255112 0.0144781 0.0753435 0.0687026 0.0767582 0.0458359 0.0270474 0.0585164 0.0681629 0.0998785 0.0545129 0.0686046 0.0647114 0.0187146 0.0721821 0.0558022 0.0186927 0.0541232 0.0578938 0.0689712 0.0601750 0.0644090 0.0781337 0.0664037 0.0628371 0.0461519 0.0727367 0.0695656 0.0847997 0.0675278 0.0591321 0.0620811 0.0607071 0.0924114 0.0649736 0.0758672 0.0671483 0.0717716 0.0745073 0.0953231 0.0539347 0.0992307 0.0628872 0.0897909 0.0559305 0.0693402 0.0418832 0.0702310 0.0978602 0.0161632 0.0307520 0.0577541 0.0646249 0.0701751 0.0685848 0.0697207 0.0642139 0.0759089 0.0740112 0.0689003 0.0649040 0.0120358 0.0611899 0.0647798 0.0567447 0.0186693 0.0080610 0.0285327 0.0614657 0.0343480 0.0737926 0.0539260 0.0539616 0.0795254 0.0272056 0.0580627 0.0693850 0.0620099 0.0727304 0.0204777 0.0671559 0.0639999 0.0530640 0.0238518 0.0771839 0.0237937 0.0654676 0.0273248 0.0424994 0.0624339 0.0483037 0.0733269 0.0613528 0.0462087 0.0857279 0.0500259 0.0540927 0.0585095 0.0490387 
S0407sl       0.1741209 0.0955699 0.0697021 0.0872067 0.0942016 0.0976460 0.0527594 0.0791153 0.0791929 0.1220318 0.0567570 0.0916128 0.0982594 0.0496847 0.1015445 0.0541478 0.0808873 0.0743265 0.0905160 0.1023395 0.0935196 0.0915533 0.0000000 0.1000261 0.0528646 0.0824625 0.0992255 0.0962490 0.0695825 0.0804362 0.1012526 0.0882858 0.1027700 0.0610618 0.0938118 0.0747658 0.0626647 0.0669547 0.0665648 0.1053499 0.0947326 0.0894260 0.0973578 0.1215177 0.0929871 0.0964886 0.0668026 0.0913223 0.0906001 0.0867288 0.0986312 0.0872064 0.0840576 0.0983986 0.0934700 0.0697437 0.1047662 0.0579928 0.0658621 0.0690909 0.0794609 0.1001419 0.0956903 0.0836540 0.0801601 0.1098519 0.0881427 0.1129936 0.0882763 0.0880012 0.0899657 0.0988547 0.0953897 0.1198667 0.0825260 0.1171316 0.0718112 0.0960846 0.0813124 0.0960203 0.0950825 0.0937886 0.1181851 0.0940210 0.0994402 0.0755033 0.0448521 0.0631252 0.0585796 0.0816798 0.0664090 0.0631610 0.0916149 0.0924684 0.0906037 0.0901978 0.0821986 0.0915873 0.0800294 0.0985605 0.0842056 0.0728673 0.0779744 0.0778507 0.0719233 0.0750821 0.0747767 0.0652112 0.0873988 0.0889940 0.0243633 0.0885652 0.0624566 0.0976995 0.0923615 0.0888496 0.0735838 0.0839210 0.0569055 0.0898327 0.0700802 0.0887623 0.0910917 0.0763971 0.0705891 0.0624296 0.0933807 0.0676413 0.1198930 0.0669237 0.0777199 0.0965366 0.0706162 
S0412sl       0.1721048 0.0653932 0.0803217 0.0722189 0.0641924 0.0918968 0.0902326 0.0723517 0.0594076 0.0664183 0.0843289 0.0781002 0.0834248 0.0796739 0.0974607 0.0727812 0.0772532 0.0901264 0.0806648 0.0821505 0.0634994 0.0553764 0.1000261 0.0000000 0.0868522 0.0718679 0.0709941 0.0835650 0.0726877 0.0739156 0.0580454 0.0838835 0.1010507 0.0906891 0.0583564 0.0603618 0.0890978 0.0863598 0.0872772 0.0604449 0.0747376 0.0769299 0.0877786 0.1141207 0.0428893 0.0851052 0.0734103 0.0572631 0.0856553 0.0727769 0.0651095 0.0741845 0.0761921 0.0845894 0.0786347 0.0817083 0.1001909 0.0783493 0.0790808 0.0621092 0.0900372 0.0848007 0.0921272 0.0806583 0.0719261 0.0647369 0.0759864 0.1123978 0.0811463 0.0951394 0.0794109 0.0928939 0.0947243 0.1132228 0.0708774 0.1134993 0.0784605 0.0986332 0.0773631 0.0854818 0.0657505 0.0822194 0.1131410 0.0620773 0.0701408 0.0716049 0.0799241 0.0832921 0.0829750 0.0858249 0.0822773 0.0883029 0.0889443 0.0851276 0.0843157 0.0582931 0.0766469 0.0897623 0.0722886 0.0640873 0.0542405 0.0479334 0.0761190 0.0574077 0.0889979 0.0672670 0.0684998 0.0887320 0.0651464 0.0774376 0.0768162 0.0761415 0.0830429 0.0653801 0.0839425 0.0717507 0.0727660 0.0592285 0.0891108 0.0582572 0.0808161 0.0621496 0.0426484 0.0785659 0.0685618 0.0895544 0.0814210 0.0610177 0.1038123 0.0674693 0.0717459 0.0680624 0.0652071 
S0417         0.1616898 0.0666352 0.0699336 0.0673129 0.0738785 0.0844122 0.0479044 0.0685371 0.0628166 0.0935743 0.0440728 0.0782210 0.0830063 0.0468056 0.0930643 0.0524931 0.0703782 0.0764704 0.0797902 0.1079492 0.0731202 0.0710022 0.0528646 0.0868522 0.0000000 0.0671317 0.0901814 0.0804920 0.0491047 0.0700562 0.0988116 0.0859328 0.0976249 0.0525206 0.0736951 0.0741904 0.0517501 0.0648855 0.0586261 0.0742723 0.0920943 0.0752183 0.0855160 0.1034378 0.0889493 0.0874670 0.0620816 0.0688284 0.0830906 0.0701984 0.0758640 0.0691034 0.0693280 0.0788656 0.0790092 0.0597254 0.0884120 0.0547302 0.0580301 0.0546319 0.0850291 0.0817169 0.0873895 0.0749699 0.0713260 0.0900072 0.0788319 0.0955789 0.0751728 0.0949158 0.0788825 0.0836564 0.0855757 0.0998638 0.0671694 0.1013327 0.0454360 0.0888770 0.0695975 0.0841783 0.0764425 0.0797264 0.1024720 0.0746733 0.0790880 0.0626881 0.0478825 0.0584338 0.0557349 0.0745310 0.0585127 0.0453048 0.0877833 0.0831770 0.0801825 0.0709517 0.0730715 0.0788434 0.0671834 0.0755984 0.0656835 0.0562241 0.0637533 0.0716005 0.0627068 0.0608088 0.0648209 0.0494301 0.0725613 0.0702436 0.0392821 0.0792313 0.0519304 0.0773744 0.0847119 0.0750094 0.0637277 0.0688690 0.0513140 0.0729438 0.0579028 0.0729135 0.0709524 0.0769201 0.0647874 0.0591444 0.0715734 0.0546427 0.1018231 0.0617553 0.0659922 0.0858873 0.0576210 
S0419         0.1479116 0.0549548 0.0092447 0.0187621 0.0560200 0.0695721 0.0677939 0.0588443 0.0534289 0.0733468 0.0622228 0.0601623 0.0653221 0.0609572 0.0736841 0.0558990 0.0612531 0.0583110 0.0637621 0.0987436 0.0571355 0.0539063 0.0824625 0.0718679 0.0671317 0.0000000 0.0739598 0.0669883 0.0596826 0.0553115 0.0756793 0.0676375 0.0797732 0.0709759 0.0568101 0.0587863 0.0703775 0.0677783 0.0697755 0.0580953 0.0639764 0.0186197 0.0684205 0.1047395 0.0725704 0.0678873 0.0592132 0.0511376 0.0664399 0.0062736 0.0606869 0.0047073 0.0047070 0.0661007 0.0227660 0.0616287 0.0824529 0.0634323 0.0590330 0.0443936 0.0686005 0.0675147 0.0748980 0.0587590 0.0543059 0.0722814 0.0245896 0.1007382 0.0670578 0.0798443 0.0631527 0.0681740 0.0719939 0.1034744 0.0023367 0.1039835 0.0540037 0.0846488 0.0625908 0.0698818 0.0593569 0.0644829 0.1050037 0.0577194 0.0598140 0.0499495 0.0598138 0.0661751 0.0645242 0.0661565 0.0582604 0.0708107 0.0730585 0.0661369 0.0642650 0.0540036 0.0634823 0.0690805 0.0578161 0.0596871 0.0499765 0.0458567 0.0577176 0.0498392 0.0666708 0.0511580 0.0562127 0.0722261 0.0577989 0.0055119 0.0573773 0.0264095 0.0628499 0.0630319 0.0300140 0.0611351 0.0511809 0.0520526 0.0730253 0.0558840 0.0614047 0.0569145 0.0529924 0.0644264 0.0539309 0.0691693 0.0614321 0.0425625 0.0917033 0.0407189 0.0512225 0.0696837 0.0451919 
S0427         0.1592905 0.0666195 0.0831883 0.0711957 0.0642989 0.0917969 0.0899562 0.0661248 0.0616942 0.0706432 0.0819027 0.0759245 0.0777061 0.0814895 0.0904103 0.0746619 0.0728181 0.0778657 0.0738273 0.0396233 0.0645857 0.0624482 0.0992255 0.0709941 0.0901814 0.0739598 0.0000000 0.0835432 0.0755287 0.0624105 0.0705541 0.0895291 0.0972475 0.0882235 0.0621137 0.0651100 0.0949382 0.0817826 0.0844387 0.0611029 0.0775515 0.0800601 0.0843447 0.1212602 0.0675415 0.0814432 0.0678719 0.0552206 0.0795585 0.0739645 0.0650010 0.0759929 0.0783161 0.0758180 0.0797369 0.0755467 0.0937825 0.0732007 0.0749363 0.0591496 0.0916058 0.0797185 0.0841341 0.0733928 0.0635700 0.0767198 0.0757730 0.1155087 0.0758935 0.0921735 0.0803918 0.0850143 0.0868243 0.1163604 0.0729638 0.1192792 0.0847747 0.0948689 0.0723906 0.0832133 0.0708185 0.0747988 0.1202732 0.0619752 0.0668036 0.0719643 0.0751786 0.0770470 0.0766144 0.0804565 0.0736860 0.0899839 0.0860714 0.0872649 0.0818586 0.0613168 0.0743800 0.0834499 0.0633836 0.0649169 0.0572623 0.0541567 0.0704416 0.0593557 0.0847129 0.0575072 0.0614505 0.0966150 0.0639227 0.0785524 0.0789353 0.0759276 0.0788831 0.0675007 0.0806612 0.0686960 0.0654313 0.0622826 0.0902276 0.0632565 0.0777090 0.0672111 0.0494529 0.0792102 0.0652656 0.0822831 0.0711390 0.0592242 0.1013507 0.0677178 0.0642993 0.0229185 0.0622132 
S0430         0.1542934 0.0701689 0.0734443 0.0666278 0.0740189 0.0100098 0.0847446 0.0646735 0.0776867 0.0884929 0.0773997 0.0032886 0.0431546 0.0845338 0.0136383 0.0721499 0.0611886 0.0770543 0.0049483 0.0945478 0.0712813 0.0646761 0.0962490 0.0835650 0.0804920 0.0669883 0.0835432 0.0000000 0.0655988 0.0650885 0.0932350 0.0601806 0.0165233 0.0893343 0.0738960 0.0621062 0.0810317 0.0835315 0.0897431 0.0767194 0.0756098 0.0719961 0.0049133 0.1014505 0.0833626 0.0083149 0.0586524 0.0648473 0.0766414 0.0699969 0.0728373 0.0672679 0.0672679 0.0756407 0.0737020 0.0829839 0.0610544 0.0834573 0.0813630 0.0498156 0.0431543 0.0771118 0.0892885 0.0717549 0.0680984 0.0881186 0.0733807 0.1011819 0.0767611 0.0626761 0.0481523 0.0773519 0.0770553 0.1016436 0.0670253 0.1035028 0.0718047 0.0929146 0.0698237 0.0577818 0.0734368 0.0745585 0.1031797 0.0685372 0.0811001 0.0617890 0.0791982 0.0863524 0.0838885 0.0038340 0.0781728 0.0893299 0.0571948 0.0073186 0.0065075 0.0658593 0.0512859 0.0762415 0.0628242 0.0717163 0.0617270 0.0604130 0.0669309 0.0727098 0.0890051 0.0600527 0.0587960 0.0929562 0.0759065 0.0642987 0.0829268 0.0747615 0.0857771 0.0750956 0.0823893 0.0623427 0.0591659 0.0686778 0.0877776 0.0716001 0.0790144 0.0749852 0.0687982 0.0684926 0.0558193 0.0936068 0.0757747 0.0508920 0.0971919 0.0651129 0.0591522 0.0785234 0.0538100 
S0478         0.1518901 0.0595683 0.0635674 0.0559892 0.0615961 0.0693874 0.0510329 0.0560480 0.0508859 0.0775956 0.0490363 0.0597770 0.0662801 0.0491755 0.0730848 0.0437058 0.0628185 0.0647508 0.0622803 0.0851999 0.0618299 0.0576855 0.0695825 0.0726877 0.0491047 0.0596826 0.0755287 0.0655988 0.0000000 0.0586203 0.0765975 0.0749106 0.0781738 0.0475755 0.0624781 0.0595137 0.0500042 0.0521260 0.0556165 0.0601586 0.0784922 0.0646482 0.0659205 0.0998094 0.0765876 0.0674488 0.0583079 0.0534739 0.0710722 0.0636026 0.0663792 0.0618744 0.0638164 0.0675743 0.0683487 0.0530052 0.0800762 0.0485514 0.0446868 0.0486776 0.0736354 0.0717187 0.0730969 0.0622564 0.0597363 0.0712617 0.0699386 0.0917244 0.0741738 0.0825524 0.0648582 0.0708836 0.0726573 0.0962502 0.0607288 0.0989035 0.0489511 0.0784304 0.0643895 0.0740240 0.0628110 0.0677832 0.0988412 0.0633241 0.0692941 0.0574780 0.0478961 0.0512224 0.0503439 0.0606959 0.0484659 0.0505573 0.0837972 0.0657959 0.0618168 0.0564881 0.0664201 0.0665857 0.0541365 0.0653490 0.0545172 0.0446315 0.0586341 0.0573692 0.0561592 0.0545204 0.0524551 0.0529414 0.0643025 0.0609993 0.0482503 0.0713198 0.0497311 0.0689190 0.0787930 0.0607118 0.0546734 0.0605128 0.0576260 0.0624825 0.0484539 0.0615469 0.0544923 0.0632490 0.0586113 0.0550513 0.0660806 0.0487384 0.1008066 0.0544992 0.0546607 0.0703350 0.0487917 
