73
S0055       0.0000000 0.0498981 0.0306536 0.0840913 0.0636179 0.0302252 0.0435193 0.0936536 0.0649467 0.0304792 0.0451698 0.0634082 0.0774033 0.0434625 0.0639588 0.0566475 0.0565049 0.0187928 0.0634953 0.0434453 0.0499380 0.0363575 0.0366727 0.0366727 0.0576848 0.0437518 0.0564066 0.0300771 0.0363375 0.0712786 0.0634056 0.0719639 0.0435512 0.0429901 0.0565708 0.0431180 0.0432597 0.0707405 0.0365485 0.0302905 0.0300784 0.0497343 0.0705307 0.0935184 0.0186961 0.0300433 0.0302905 0.0190509 0.0058775 0.0440635 0.0426844 0.0183857 0.0508055 0.0304653 0.0639592 0.0363670 0.0238926 0.0239066 0.0565488 0.0239066 0.0561196 0.0366069 0.0563732 0.0239056 0.0705822 0.0437518 0.0178042 0.0303021 0.1073078 0.0368053 0.0300607 0.0370530 0.0303021 
S0281       0.0498981 0.0000000 0.0501964 0.0414235 0.0691497 0.0438620 0.0497410 0.0566950 0.0925496 0.0390029 0.0522320 0.0742715 0.0437324 0.0564219 0.0613671 0.0505496 0.0739557 0.0283961 0.0762667 0.0559487 0.0815681 0.0436130 0.0104413 0.0104413 0.0385293 0.0498055 0.0502448 0.0379134 0.0435915 0.0632688 0.0212915 0.0682728 0.0561812 0.0381541 0.0943868 0.0748144 0.0499363 0.0507044 0.0438198 0.0381557 0.0436032 0.0445587 0.0746352 0.0563131 0.0282632 0.0493712 0.0440749 0.0228445 0.0446324 0.0326117 0.0438602 0.0399201 0.0561205 0.0215135 0.0214452 0.0436229 0.0435817 0.0323108 0.0680085 0.0323108 0.0561064 0.0499079 0.0558185 0.0323095 0.0745839 0.0498055 0.0324474 0.0381690 0.1147496 0.0326691 0.0493151 0.0620588 0.0381690 
S0282       0.0306536 0.0501964 0.0000000 0.0808752 0.0689444 0.0214366 0.0629242 0.0895252 0.0856198 0.0219482 0.0520729 0.0683456 0.0746908 0.0562557 0.0627335 0.0626528 0.0560161 0.0169742 0.0760384 0.0502015 0.0819519 0.0268530 0.0383455 0.0383455 0.0451464 0.0565706 0.0619896 0.0324032 0.0380311 0.0630803 0.0563168 0.0824942 0.0504096 0.0440086 0.0948307 0.0751644 0.0442554 0.0893838 0.0382291 0.0214781 0.0268474 0.0562271 0.0747610 0.0888910 0.0226764 0.0437562 0.0271310 0.0171845 0.0274683 0.0449891 0.0497995 0.0224570 0.0631250 0.0215878 0.0567520 0.0380587 0.0268343 0.0159170 0.0743750 0.0159170 0.0676169 0.0327683 0.0619728 0.0268474 0.0686285 0.0565706 0.0269609 0.0326207 0.1219325 0.0384698 0.0323873 0.0562456 0.0326207 
S0288       0.0840913 0.0414235 0.0808752 0.0000000 0.0981577 0.0719135 0.0643662 0.0000029 0.1153832 0.0661138 0.0750445 0.1137648 0.0065468 0.0888993 0.0789513 0.0641248 0.0870207 0.0527925 0.0914084 0.0726521 0.1065460 0.0713789 0.0411280 0.0411280 0.0413604 0.0716372 0.0803645 0.0637036 0.0713332 0.0897827 0.0488179 0.0637330 0.0713558 0.0631927 0.1237119 0.0973768 0.0797800 0.0652896 0.0641248 0.0642383 0.0713558 0.0970173 0.0966381 0.0000022 0.0528406 0.0713744 0.0723816 0.0524586 0.0656862 0.0486371 0.0491778 0.0671920 0.0802476 0.0495182 0.0488179 0.0562099 0.0636669 0.0562099 0.0968160 0.0562099 0.0971607 0.0636031 0.0803094 0.0487898 0.0965474 0.0716372 0.0565274 0.0487898 0.1506652 0.0570342 0.0636669 0.0970062 0.0487898 
S0289       0.0636179 0.0691497 0.0689444 0.0981577 0.0000000 0.0621040 0.0625892 0.1112065 0.1087548 0.0574047 0.0220846 0.0942166 0.0950518 0.0380839 0.0884496 0.0824416 0.0938128 0.0471321 0.0388357 0.0749351 0.1023010 0.0617408 0.0622401 0.0622401 0.0827250 0.0440446 0.0379334 0.0557545 0.0617096 0.0568586 0.0877593 0.1097820 0.0690105 0.0681875 0.1157995 0.0950709 0.0685818 0.1022328 0.0620453 0.0561223 0.0617255 0.0379029 0.0269543 0.1103936 0.0469012 0.0617350 0.0624190 0.0477334 0.0632352 0.0697510 0.0743134 0.0584351 0.0502470 0.0564212 0.0884691 0.0498986 0.0616944 0.0498853 0.0386067 0.0498853 0.0684473 0.0685458 0.0873568 0.0498831 0.0946412 0.0440446 0.0501062 0.0561427 0.1516048 0.0498148 0.0677035 0.0813852 0.0561427 
S0293       0.0302252 0.0438620 0.0214366 0.0719135 0.0621040 0.0000000 0.0562147 0.0820677 0.0774775 0.0161827 0.0454728 0.0615766 0.0677537 0.0497644 0.0560497 0.0559744 0.0495576 0.0111181 0.0689577 0.0438665 0.0747635 0.0211274 0.0323163 0.0323163 0.0388242 0.0500408 0.0553932 0.0265553 0.0320562 0.0563515 0.0556215 0.0752532 0.0440455 0.0378614 0.0873364 0.0681761 0.0380702 0.0819422 0.0322198 0.0158416 0.0211231 0.0497395 0.0678177 0.0814964 0.0167105 0.0376479 0.0213419 0.0112530 0.0271232 0.0386918 0.0435214 0.0165514 0.0563911 0.0159214 0.0560461 0.0320793 0.0265049 0.0104371 0.0674740 0.0104371 0.0676356 0.0268488 0.0553787 0.0211231 0.0618234 0.0500408 0.0212104 0.0267304 0.1137661 0.0324190 0.0319886 0.0497590 0.0267304 
S0299       0.0435193 0.0497410 0.0629242 0.0643662 0.0625892 0.0562147 0.0000000 0.0886946 0.0856331 0.0514378 0.0458294 0.0879354 0.0740124 0.0501451 0.0680300 0.0820954 0.0688486 0.0410539 0.0695072 0.0628378 0.0814508 0.0558875 0.0494569 0.0494569 0.0687944 0.0267509 0.0558180 0.0499653 0.0558593 0.0956989 0.0616842 0.0878717 0.0691597 0.0622345 0.0942549 0.0747057 0.0625922 0.0885560 0.0561610 0.0502932 0.0558740 0.0620346 0.0683493 0.0880720 0.0408545 0.0618669 0.0564972 0.0352241 0.0509320 0.0386411 0.0562122 0.0462909 0.0325431 0.0505599 0.0621597 0.0558996 0.0558458 0.0441543 0.0680001 0.0441543 0.0555652 0.0625596 0.0811717 0.0441525 0.0883252 0.0267509 0.0443479 0.0503113 0.1376196 0.0440915 0.0617949 0.0691324 0.0503113 
S0322       0.0936536 0.0566950 0.0895252 0.0000029 0.1112065 0.0820677 0.0886946 0.0000000 0.1259865 0.0775366 0.0923271 0.1163025 0.0106047 0.1027643 0.0883870 0.0690217 0.1157967 0.0674164 0.0988883 0.0827546 0.1250386 0.0815700 0.0563632 0.0563632 0.0630731 0.0947276 0.0956221 0.0752249 0.0815275 0.1048241 0.0690505 0.0962593 0.0820038 0.0747303 0.1393409 0.1172458 0.0890432 0.0767418 0.0819913 0.0757407 0.0815478 0.1027091 0.1018350 0.0106514 0.0670706 0.0879671 0.0825054 0.0683042 0.0771344 0.0697064 0.0694377 0.0728885 0.1021699 0.0636232 0.0695974 0.0757396 0.0815053 0.0690217 0.1031556 0.0690217 0.1095910 0.0751300 0.0955918 0.0690183 0.1168667 0.0947276 0.0693439 0.0757695 0.1544797 0.0698515 0.0878605 0.1026938 0.0757695 
S0376       0.0649467 0.0925496 0.0856198 0.1153832 0.1087548 0.0774775 0.0856331 0.1259865 0.0000000 0.0723860 0.0816276 0.0492164 0.1155771 0.0928448 0.1002298 0.1084491 0.1145987 0.0606319 0.1179900 0.0925573 0.1165726 0.0632387 0.0776743 0.0776743 0.1020174 0.0934286 0.0851387 0.0700120 0.0769155 0.1247977 0.1001199 0.1249659 0.0930090 0.0845505 0.1321726 0.1081502 0.0780276 0.1429602 0.0705772 0.0705406 0.0769370 0.1001383 0.1156581 0.1259865 0.0606801 0.0769553 0.0779318 0.0528867 0.0715746 0.0861824 0.0916769 0.0666899 0.1018115 0.0709698 0.1001199 0.0701979 0.0699759 0.0632243 0.1149466 0.0632243 0.1002700 0.0850654 0.0995975 0.0564893 0.0997032 0.0934286 0.0635476 0.0632243 0.1835579 0.0779772 0.0631524 0.0492060 0.0632243 
S0405       0.0304792 0.0390029 0.0219482 0.0661138 0.0574047 0.0161827 0.0514378 0.0775366 0.0723860 0.0000000 0.0404589 0.0569113 0.0631497 0.0449593 0.0512859 0.0512130 0.0447705 0.0000026 0.0642924 0.0390071 0.0701932 0.0160925 0.0273589 0.0273589 0.0338251 0.0452148 0.0506734 0.0215775 0.0271356 0.0515648 0.0508859 0.0706631 0.0391689 0.0329725 0.0764957 0.0635494 0.0331573 0.0709813 0.0272760 0.0107254 0.0160893 0.0449364 0.0632113 0.0769872 0.0054992 0.0327837 0.0162581 0.0000021 0.0277782 0.0337083 0.0386954 0.0112132 0.0516018 0.0107803 0.0512803 0.0271557 0.0271299 0.0052987 0.0628859 0.0052987 0.0630377 0.0218193 0.0506601 0.0160893 0.0571408 0.0452148 0.0161565 0.0217219 0.1024018 0.0274471 0.0327467 0.0449567 0.0217219 
S0417       0.0451698 0.0522320 0.0520729 0.0750445 0.0220846 0.0454728 0.0458294 0.0923271 0.0816276 0.0404589 0.0000000 0.0707349 0.0769344 0.0275515 0.0583180 0.0645154 0.0767814 0.0296597 0.0280949 0.0519129 0.0839428 0.0452051 0.0455704 0.0455704 0.0654771 0.0277089 0.0331260 0.0392876 0.0451820 0.0646209 0.0707162 0.0922020 0.0517765 0.0514929 0.0971796 0.0769607 0.0454381 0.0915193 0.0454276 0.0395479 0.0451945 0.0218989 0.0331061 0.0916526 0.0295151 0.0452032 0.0457012 0.0300437 0.0463023 0.0465337 0.0575640 0.0414466 0.0337216 0.0397603 0.0712905 0.0393076 0.0451714 0.0334743 0.0337325 0.0334743 0.0516944 0.0517631 0.0703892 0.0334730 0.0774599 0.0277089 0.0336212 0.0336882 0.1337726 0.0334251 0.0511251 0.0644080 0.0336882 
S0427       0.0634082 0.0742715 0.0683456 0.1137648 0.0942166 0.0615766 0.0879354 0.1163025 0.0492164 0.0569113 0.0707349 0.0000000 0.1000987 0.0683089 0.0876482 0.0875578 0.0929641 0.0467201 0.1019359 0.0620677 0.1007477 0.0494835 0.0617102 0.0617102 0.0819767 0.0811456 0.0741262 0.0552896 0.0611890 0.1011937 0.0869705 0.1087373 0.0745913 0.0676015 0.1140234 0.0936439 0.0559556 0.1161036 0.0556766 0.0556511 0.0612047 0.0682633 0.1001875 0.1154607 0.0464942 0.0672040 0.0618859 0.0473111 0.0626877 0.0568915 0.0736676 0.0521021 0.0882233 0.0559447 0.0876667 0.0554198 0.0611741 0.0494742 0.0996548 0.0494742 0.0870598 0.0679541 0.0865757 0.0494720 0.0937764 0.0811456 0.0496912 0.0556712 0.1500772 0.0619172 0.0671261 0.0319129 0.0556712 
S0430       0.0774033 0.0437324 0.0746908 0.0065468 0.0950518 0.0677537 0.0740124 0.0106047 0.1155771 0.0631497 0.0769344 0.1000987 0.0000000 0.0872409 0.0737720 0.0554335 0.0996728 0.0530304 0.0831954 0.0682992 0.1081599 0.0673574 0.0434852 0.0434852 0.0623511 0.0798093 0.0805357 0.0613345 0.0673235 0.0889414 0.0554562 0.0810518 0.0677035 0.0609462 0.1217057 0.1008701 0.0742992 0.0625329 0.0676906 0.0617394 0.0673405 0.0871956 0.0864918 0.0105381 0.0527706 0.0734338 0.0680986 0.0537050 0.0628278 0.0559641 0.0557555 0.0584230 0.0867570 0.0501556 0.0558783 0.0617472 0.0673066 0.0554335 0.0875806 0.0554335 0.0937077 0.0612578 0.0805121 0.0554310 0.1005542 0.0798093 0.0556801 0.0617619 0.1359909 0.0560728 0.0733479 0.0871964 0.0617619 
S0478       0.0434625 0.0564219 0.0562557 0.0888993 0.0380839 0.0497644 0.0501451 0.1027643 0.0928448 0.0449593 0.0275515 0.0683089 0.0872409 0.0000000 0.0750317 0.0749446 0.0803541 0.0345823 0.0501355 0.0558132 0.0819203 0.0494793 0.0498698 0.0498698 0.0693958 0.0323662 0.0376239 0.0436926 0.0494547 0.0624259 0.0744515 0.0954634 0.0503718 0.0556473 0.0948082 0.0751297 0.0559629 0.0818770 0.0497168 0.0439745 0.0494678 0.0378306 0.0550557 0.1020274 0.0344176 0.0437205 0.0500092 0.0350159 0.0506484 0.0568996 0.0615759 0.0340623 0.0382816 0.0442035 0.0750394 0.0494903 0.0494433 0.0380094 0.0440407 0.0380094 0.0558582 0.0559321 0.0741170 0.0380079 0.0810449 0.0323662 0.0381724 0.0439900 0.1358968 0.0379555 0.0552606 0.0682948 0.0439900 
S0552sl     0.0639588 0.0613671 0.0627335 0.0789513 0.0884496 0.0560497 0.0680300 0.0883870 0.1002298 0.0512859 0.0583180 0.0876482 0.0737720 0.0750317 0.0000000 0.0818300 0.0872731 0.0409324 0.0829850 0.0686543 0.0949479 0.0557244 0.0493170 0.0493170 0.0685827 0.0616729 0.0809366 0.0270110 0.0440168 0.0953753 0.0735842 0.0875846 0.0442618 0.0501461 0.1081703 0.0879061 0.0269935 0.1013164 0.0559963 0.0501483 0.0557110 0.0749929 0.0815729 0.0877687 0.0346830 0.0558079 0.0563304 0.0414517 0.0570607 0.0501587 0.0680902 0.0463881 0.0682455 0.0504133 0.0741581 0.0557365 0.0556831 0.0440305 0.0811456 0.0440305 0.0941699 0.0623711 0.0809127 0.0440286 0.0880350 0.0616729 0.0442229 0.0501663 0.1293791 0.0563590 0.0616113 0.0750029 0.0501663 
S0558       0.0566475 0.0505496 0.0626528 0.0641248 0.0824416 0.0559744 0.0820954 0.0690217 0.1084491 0.0512130 0.0645154 0.0875578 0.0554335 0.0749446 0.0818300 0.0000000 0.0871831 0.0408674 0.0836730 0.0564296 0.0943044 0.0556498 0.0386058 0.0386058 0.0636082 0.0753640 0.0684294 0.0497527 0.0556219 0.0764066 0.0627010 0.0831158 0.0559342 0.0437526 0.1074276 0.0873180 0.0623242 0.0822628 0.0559211 0.0500779 0.0498308 0.0688207 0.0868426 0.0685492 0.0406698 0.0616041 0.0497549 0.0350629 0.0569833 0.0633788 0.0680072 0.0463790 0.0823644 0.0327881 0.0631924 0.0500903 0.0556085 0.0439663 0.0879401 0.0439663 0.0812751 0.0496897 0.0504184 0.0439644 0.0752503 0.0753640 0.0441582 0.0500959 0.1158512 0.0444667 0.0615326 0.0749159 0.0500959 
S0641       0.0565049 0.0739557 0.0560161 0.0870207 0.0938128 0.0495576 0.0688486 0.1157967 0.1145987 0.0447705 0.0767814 0.0929641 0.0996728 0.0803541 0.0872731 0.0871831 0.0000000 0.0404241 0.1014955 0.0618127 0.1010998 0.0492750 0.0614486 0.0614486 0.0690876 0.0683950 0.0737998 0.0550569 0.0609317 0.0743742 0.0866006 0.0940342 0.0742736 0.0673158 0.1144161 0.0939719 0.0677000 0.1156006 0.0554229 0.0437941 0.0492636 0.0803128 0.0997610 0.1149623 0.0462864 0.0669215 0.0498003 0.0409307 0.0624180 0.0559233 0.0733566 0.0398350 0.0751731 0.0440211 0.0872912 0.0551684 0.0609169 0.0378566 0.0992326 0.0378566 0.0805219 0.0556953 0.0862089 0.0492636 0.0933763 0.0683950 0.0494809 0.0554353 0.1213409 0.0616540 0.0668442 0.0679965 0.0554353 
S0643       0.0187928 0.0283961 0.0169742 0.0527925 0.0471321 0.0111181 0.0410539 0.0674164 0.0606319 0.0000026 0.0296597 0.0467201 0.0530304 0.0345823 0.0409324 0.0408674 0.0404241 0.0000000 0.0540187 0.0285696 0.0537204 0.0110544 0.0168222 0.0168222 0.0290925 0.0347869 0.0404275 0.0110521 0.0166821 0.0408084 0.0406018 0.0536220 0.0286912 0.0225307 0.0665201 0.0471456 0.0226604 0.0607653 0.0167699 0.0055254 0.0110521 0.0345642 0.0530853 0.0669251 0.0000026 0.0223988 0.0111713 0.0000029 0.0170856 0.0230473 0.0283360 0.0057532 0.0347869 0.0055546 0.0409237 0.0166949 0.0166786 0.0000023 0.0528055 0.0000023 0.0529337 0.0168708 0.0404170 0.0054929 0.0404490 0.0347869 0.0055161 0.0111277 0.1003011 0.0168774 0.0223729 0.0345845 0.0111277 
S0645sl     0.0634953 0.0762667 0.0760384 0.0914084 0.0388357 0.0689577 0.0695072 0.0988883 0.1179900 0.0642924 0.0280949 0.1019359 0.0831954 0.0501355 0.0829850 0.0836730 0.1014955 0.0540187 0.0000000 0.0821601 0.1096829 0.0685475 0.0691123 0.0691123 0.0902697 0.0504158 0.0558050 0.0624125 0.0685123 0.0826149 0.0953199 0.1180595 0.0825164 0.0751912 0.1234469 0.1022684 0.0756336 0.0934604 0.0688925 0.0628316 0.0685299 0.0501177 0.0444164 0.0981641 0.0537490 0.0681345 0.0693151 0.0547187 0.0627483 0.0769440 0.0814659 0.0595007 0.0568175 0.0631721 0.0961058 0.0564183 0.0684948 0.0564034 0.0390456 0.0564034 0.0754818 0.0755957 0.0948759 0.0564008 0.1024092 0.0504158 0.0566588 0.0628549 0.1531881 0.0563233 0.0746485 0.0887827 0.0628549 
S0689       0.0434453 0.0559487 0.0502015 0.0726521 0.0749351 0.0438665 0.0628378 0.0827546 0.0925573 0.0390071 0.0519129 0.0620677 0.0682992 0.0558132 0.0686543 0.0564296 0.0618127 0.0285696 0.0821601 0.0000000 0.0750444 0.0436175 0.0439581 0.0439581 0.0630563 0.0624259 0.0678412 0.0379174 0.0435960 0.0815699 0.0681258 0.0758745 0.0561865 0.0496620 0.0876757 0.0684257 0.0499409 0.0956681 0.0438244 0.0381597 0.0436076 0.0501312 0.0807746 0.0821734 0.0284352 0.0493761 0.0440795 0.0289256 0.0388071 0.0389963 0.0438584 0.0339955 0.0690876 0.0383573 0.0686576 0.0436273 0.0435861 0.0323143 0.0803561 0.0323143 0.0744576 0.0499129 0.0558240 0.0323130 0.0623285 0.0624259 0.0324509 0.0381730 0.1013668 0.0441015 0.0493200 0.0501582 0.0381730 
S0735       0.0499380 0.0815681 0.0819519 0.1065460 0.1023010 0.0747635 0.0814508 0.1250386 0.1165726 0.0701932 0.0839428 0.1007477 0.1081599 0.0819203 0.0949479 0.0943044 0.1010998 0.0537204 0.1096829 0.0750444 0.0000000 0.0743183 0.0686266 0.0686266 0.0896140 0.0882806 0.1009247 0.0681393 0.0742802 0.1027939 0.0946363 0.1023783 0.0757125 0.0810400 0.0212077 0.0051809 0.0815167 0.1033616 0.0746938 0.0685976 0.0685698 0.0815036 0.1152057 0.1241152 0.0597693 0.0561087 0.0621792 0.0608486 0.0697373 0.0692953 0.0873556 0.0467763 0.0955858 0.0689695 0.0954102 0.0743332 0.0742608 0.0620918 0.1012045 0.0620918 0.1004202 0.0814779 0.0949228 0.0620888 0.1021359 0.0882806 0.0623747 0.0618029 0.1602908 0.0751919 0.0804543 0.0884369 0.0618029 
S0756       0.0363575 0.0436130 0.0268530 0.0713789 0.0617408 0.0211274 0.0558875 0.0815700 0.0632387 0.0160925 0.0452051 0.0494835 0.0673574 0.0494793 0.0557244 0.0556498 0.0492750 0.0110544 0.0685475 0.0436175 0.0743183 0.0000000 0.0321362 0.0321362 0.0386015 0.0497527 0.0435280 0.0264095 0.0318790 0.0560226 0.0553011 0.0748025 0.0437944 0.0376494 0.0868104 0.0677749 0.0378559 0.0814461 0.0320408 0.0157553 0.0210078 0.0494547 0.0674208 0.0810051 0.0110081 0.0374384 0.0212242 0.0111885 0.0326187 0.0384706 0.0432762 0.0164571 0.0560618 0.0158341 0.0557207 0.0319018 0.0318723 0.0103809 0.0670811 0.0103809 0.0553491 0.0266997 0.0550610 0.0210078 0.0614635 0.0497527 0.0210942 0.0265826 0.0998718 0.0322377 0.0373969 0.0494742 0.0265826 
S0760       0.0366727 0.0104413 0.0383455 0.0411280 0.0622401 0.0323163 0.0494569 0.0563632 0.0776743 0.0273589 0.0455704 0.0617102 0.0434852 0.0498698 0.0493170 0.0386058 0.0614486 0.0168222 0.0691123 0.0439581 0.0686266 0.0321362 0.0000000 0.0000010 0.0270344 0.0434905 0.0438673 0.0266079 0.0321205 0.0564739 0.0211739 0.0558630 0.0441378 0.0267736 0.0810576 0.0621477 0.0381486 0.0562842 0.0322848 0.0267746 0.0321293 0.0382925 0.0679672 0.0559857 0.0167448 0.0377245 0.0324689 0.0112768 0.0328718 0.0324282 0.0436115 0.0279912 0.0496085 0.0105686 0.0213259 0.0321437 0.0321137 0.0211652 0.0676218 0.0211652 0.0557897 0.0381256 0.0438563 0.0211645 0.0619582 0.0434905 0.0212521 0.0267837 0.1007400 0.0213945 0.0376824 0.0498644 0.0267837 
S0765       0.0366727 0.0104413 0.0383455 0.0411280 0.0622401 0.0323163 0.0494569 0.0563632 0.0776743 0.0273589 0.0455704 0.0617102 0.0434852 0.0498698 0.0493170 0.0386058 0.0614486 0.0168222 0.0691123 0.0439581 0.0686266 0.0321362 0.0000010 0.0000000 0.0270344 0.0434905 0.0438673 0.0266079 0.0321205 0.0564739 0.0211739 0.0558630 0.0441378 0.0267736 0.0810576 0.0621477 0.0381486 0.0562842 0.0322848 0.0267746 0.0321293 0.0382925 0.0679672 0.0559857 0.0167448 0.0377245 0.0324689 0.0112768 0.0328718 0.0324282 0.0436115 0.0279912 0.0496085 0.0105686 0.0213259 0.0321437 0.0321137 0.0211652 0.0676218 0.0211652 0.0557897 0.0381256 0.0438563 0.0211645 0.0619582 0.0434905 0.0212521 0.0267837 0.1007400 0.0213945 0.0376824 0.0498644 0.0267837 
S0795       0.0576848 0.0385293 0.0451464 0.0413604 0.0827250 0.0388242 0.0687944 0.0630731 0.1020174 0.0338251 0.0654771 0.0819767 0.0623511 0.0693958 0.0685827 0.0636082 0.0690876 0.0290925 0.0902697 0.0630563 0.0896140 0.0386015 0.0270344 0.0270344 0.0000000 0.0623608 0.0629248 0.0443663 0.0502190 0.0640498 0.0502556 0.0758047 0.0633245 0.0565144 0.1028501 0.0825947 0.0568390 0.0763961 0.0439167 0.0330815 0.0385928 0.0693598 0.0887119 0.0626429 0.0349792 0.0561812 0.0390140 0.0294615 0.0514500 0.0507187 0.0625371 0.0346303 0.0690146 0.0218977 0.0506399 0.0502556 0.0502071 0.0272320 0.0882398 0.0272320 0.0757045 0.0448823 0.0629074 0.0385928 0.0823354 0.0623608 0.0387624 0.0446729 0.1166264 0.0327415 0.0561159 0.0693732 0.0446729 
S0894       0.0437518 0.0498055 0.0565706 0.0716372 0.0440446 0.0500408 0.0267509 0.0947276 0.0934286 0.0452148 0.0277089 0.0811456 0.0798093 0.0323662 0.0616729 0.0753640 0.0683950 0.0347869 0.0504158 0.0624259 0.0882806 0.0497527 0.0434905 0.0434905 0.0623608 0.0000000 0.0378304 0.0439343 0.0497278 0.0751225 0.0673821 0.0810801 0.0626879 0.0559558 0.1013209 0.0813736 0.0562748 0.0870637 0.0499927 0.0442192 0.0497410 0.0436647 0.0553579 0.0940618 0.0346202 0.0556291 0.0502883 0.0352253 0.0509345 0.0442267 0.0619166 0.0462930 0.0051917 0.0444509 0.0679029 0.0497637 0.0497162 0.0382201 0.0560383 0.0382201 0.0561690 0.0562437 0.0745276 0.0382185 0.0814966 0.0000010 0.0383848 0.0442349 0.1366462 0.0381656 0.0555650 0.0686753 0.0442349 
S0899       0.0564066 0.0502448 0.0619896 0.0803645 0.0379334 0.0553932 0.0558180 0.0956221 0.0851387 0.0506734 0.0331260 0.0741262 0.0805357 0.0376239 0.0809366 0.0684294 0.0737998 0.0404275 0.0558050 0.0678412 0.1009247 0.0435280 0.0438673 0.0438673 0.0629248 0.0378304 0.0000000 0.0492436 0.0550480 0.0561481 0.0679860 0.0884990 0.0681254 0.0613197 0.1142220 0.0938083 0.0616678 0.0878698 0.0553409 0.0495621 0.0550623 0.0489426 0.0490392 0.0949445 0.0402342 0.0609628 0.0556674 0.0409342 0.0563806 0.0627003 0.0672894 0.0518767 0.0438310 0.0382777 0.0685163 0.0550872 0.0550349 0.0435200 0.0614070 0.0435200 0.0269683 0.0616352 0.0676837 0.0435182 0.0869788 0.0378304 0.0437079 0.0495797 0.1282241 0.0322018 0.0608928 0.0741107 0.0495797 
S0959       0.0300771 0.0379134 0.0324032 0.0637036 0.0557545 0.0265553 0.0499653 0.0752249 0.0700120 0.0215775 0.0392876 0.0552896 0.0613345 0.0436926 0.0270110 0.0497527 0.0550569 0.0110521 0.0624125 0.0379174 0.0681393 0.0264095 0.0266079 0.0266079 0.0443663 0.0439343 0.0492436 0.0000000 0.0156518 0.0619770 0.0494444 0.0685827 0.0268660 0.0211223 0.0804742 0.0617121 0.0104906 0.0751127 0.0265295 0.0211231 0.0264040 0.0436710 0.0613929 0.0747071 0.0110021 0.0318852 0.0266783 0.0111862 0.0270043 0.0327591 0.0376229 0.0220691 0.0501199 0.0212288 0.0498164 0.0264157 0.0263913 0.0156568 0.0610861 0.0156568 0.0612288 0.0322186 0.0492311 0.0156562 0.0555053 0.0439343 0.0157198 0.0211301 0.0996728 0.0266912 0.0318501 0.0436908 0.0211301 
S0960       0.0363375 0.0435915 0.0380311 0.0713332 0.0617096 0.0320562 0.0558593 0.0815275 0.0769155 0.0271356 0.0451820 0.0611890 0.0673235 0.0494547 0.0440168 0.0556219 0.0609317 0.0166821 0.0685123 0.0435960 0.0742802 0.0318790 0.0321205 0.0321205 0.0502190 0.0497278 0.0550480 0.0156518 0.0000000 0.0680319 0.0552735 0.0747639 0.0324337 0.0265598 0.0742608 0.0677405 0.0267037 0.0814038 0.0320253 0.0265608 0.0318723 0.0494302 0.0554700 0.0746883 0.0166060 0.0374202 0.0322063 0.0168851 0.0326026 0.0384514 0.0320550 0.0277575 0.0560334 0.0212296 0.0556927 0.0318864 0.0318569 0.0209985 0.0670474 0.0209985 0.0672068 0.0378147 0.0550337 0.0209978 0.0614325 0.0497278 0.0210840 0.0265697 0.1062098 0.0322220 0.0373788 0.0494496 0.0265697 
S1052sl     0.0712786 0.0632688 0.0630803 0.0897827 0.0568586 0.0563515 0.0956989 0.1048241 0.1247977 0.0515648 0.0646209 0.1011937 0.0889414 0.0624259 0.0953753 0.0764066 0.0743742 0.0408084 0.0826149 0.0815699 0.1027939 0.0560226 0.0564739 0.0564739 0.0640498 0.0751225 0.0561481 0.0619770 0.0680319 0.0000000 0.0817517 0.0750739 0.0693333 0.0746582 0.1163602 0.0955242 0.0750939 0.0894768 0.0684068 0.0504144 0.0560091 0.0686071 0.0812111 0.1040588 0.0533535 0.0620179 0.0566354 0.0479416 0.0697341 0.0763862 0.0808859 0.0466276 0.0683613 0.0389312 0.0824104 0.0560264 0.0680146 0.0442591 0.0757656 0.0442591 0.0887796 0.0627140 0.0813776 0.0560091 0.1016598 0.0751225 0.0562635 0.0624133 0.1449967 0.0566643 0.0741229 0.0881416 0.0624133 
S1083       0.0634056 0.0212915 0.0563168 0.0488179 0.0877593 0.0556215 0.0616842 0.0690505 0.1001199 0.0508859 0.0707162 0.0869705 0.0554562 0.0744515 0.0735842 0.0627010 0.0866006 0.0406018 0.0953199 0.0681258 0.0946363 0.0553011 0.0211739 0.0211739 0.0502556 0.0673821 0.0679860 0.0494444 0.0552735 0.0817517 0.0000000 0.0808395 0.0684115 0.0497633 0.1078066 0.0876231 0.0619248 0.0689493 0.0555689 0.0497654 0.0552879 0.0621796 0.0936928 0.0685776 0.0404068 0.0612140 0.0558980 0.0350007 0.0566172 0.0441090 0.0556190 0.0520994 0.0740458 0.0327338 0.0104592 0.0553130 0.0552603 0.0436966 0.0792421 0.0436966 0.0749487 0.0618919 0.0610405 0.0436947 0.0873512 0.0673821 0.0438860 0.0497832 0.1287924 0.0441907 0.0611434 0.0744236 0.0497832 
S1120       0.0719639 0.0682728 0.0824942 0.0637330 0.1097820 0.0752532 0.0878717 0.0962593 0.1249659 0.0706631 0.0922020 0.1087373 0.0810518 0.0954634 0.0875846 0.0831158 0.0940342 0.0536220 0.1180595 0.0758745 0.1023783 0.0748025 0.0558630 0.0558630 0.0758047 0.0810801 0.0884990 0.0685827 0.0747639 0.0750739 0.0808395 0.0000000 0.0890697 0.0815711 0.1023478 0.0951484 0.0820541 0.1095501 0.0751828 0.0690467 0.0624829 0.0954127 0.1159681 0.0955720 0.0601822 0.0810751 0.0698142 0.0612759 0.0702979 0.0690701 0.0688994 0.0595520 0.0742136 0.0571278 0.0814837 0.0748175 0.0747442 0.0624956 0.1153285 0.0624956 0.1021487 0.0820146 0.0756938 0.0624926 0.1092514 0.0810801 0.0627821 0.0561061 0.1464934 0.0632358 0.0809781 0.0954056 0.0561061 
S1128       0.0435512 0.0561812 0.0504096 0.0713558 0.0690105 0.0440455 0.0691597 0.0820038 0.0930090 0.0391689 0.0517765 0.0745913 0.0677035 0.0503718 0.0442618 0.0559342 0.0742736 0.0286912 0.0825164 0.0561865 0.0757125 0.0437944 0.0441378 0.0441378 0.0633245 0.0626879 0.0681254 0.0268660 0.0324337 0.0693333 0.0684115 0.0890697 0.0000000 0.0158293 0.0884580 0.0690308 0.0268486 0.0692973 0.0440029 0.0383145 0.0437844 0.0563849 0.0811193 0.0814333 0.0285556 0.0324961 0.0442602 0.0290503 0.0448228 0.0509841 0.0498657 0.0341391 0.0693825 0.0385138 0.0689489 0.0438043 0.0437627 0.0324439 0.0683111 0.0324439 0.0808995 0.0268278 0.0681064 0.0324426 0.0749069 0.0626879 0.0325816 0.0383279 0.1219222 0.0442824 0.0495209 0.0623245 0.0383279 
S1129sl     0.0429901 0.0381541 0.0440086 0.0631927 0.0681875 0.0378614 0.0622345 0.0747303 0.0845505 0.0329725 0.0514929 0.0676015 0.0609462 0.0556473 0.0501461 0.0437526 0.0673158 0.0225307 0.0751912 0.0496620 0.0810400 0.0376494 0.0267736 0.0267736 0.0565144 0.0559558 0.0613197 0.0211223 0.0265598 0.0746582 0.0497633 0.0815711 0.0158293 0.0000000 0.0937684 0.0743358 0.0324413 0.0746198 0.0378249 0.0322656 0.0376412 0.0439508 0.0739411 0.0742199 0.0224257 0.0432939 0.0380418 0.0169925 0.0385162 0.0445010 0.0492685 0.0337373 0.0624311 0.0268563 0.0501402 0.0376581 0.0376229 0.0265681 0.0735634 0.0265681 0.0737428 0.0210926 0.0613033 0.0265671 0.0678779 0.0559558 0.0266783 0.0322767 0.1136066 0.0380605 0.0432454 0.0556378 0.0322767 
S1148       0.0565708 0.0943868 0.0948307 0.1237119 0.1157995 0.0873364 0.0942549 0.1393409 0.1321726 0.0764957 0.0971796 0.1140234 0.1217057 0.0948082 0.1081703 0.1074276 0.1144161 0.0665201 0.1234469 0.0876757 0.0212077 0.0868104 0.0810576 0.0810576 0.1028501 0.1013209 0.1142220 0.0804742 0.0742608 0.1163602 0.1078066 0.1023478 0.0884580 0.0937684 0.0000000 0.0157251 0.0943261 0.1170219 0.0872567 0.0810225 0.0809795 0.0943273 0.1151698 0.1311069 0.0726604 0.0681567 0.0743866 0.0739856 0.0823887 0.0818702 0.0808640 0.0592135 0.1089148 0.0814669 0.1087002 0.0868266 0.0867417 0.0742833 0.1145385 0.0742833 0.1136386 0.0942847 0.1081269 0.0742795 0.1156006 0.1013209 0.0746292 0.0739305 0.1687490 0.0878464 0.0930830 0.1014835 0.0739305 
S1180       0.0431180 0.0748144 0.0751644 0.0973768 0.0950709 0.0681761 0.0747057 0.1172458 0.1081502 0.0635494 0.0769607 0.0936439 0.1008701 0.0751297 0.0879061 0.0873180 0.0939719 0.0471456 0.1022684 0.0684257 0.0051809 0.0677749 0.0621477 0.0621477 0.0825947 0.0813736 0.0938083 0.0617121 0.0677405 0.0955242 0.0876231 0.0951484 0.0690308 0.0743358 0.0157251 0.0000000 0.0747676 0.0960408 0.0681123 0.0621220 0.0621010 0.0747491 0.1077656 0.1163899 0.0531123 0.0498969 0.0558513 0.0540591 0.0631399 0.0627409 0.0805360 0.0404237 0.0884856 0.0624547 0.0883302 0.0677889 0.0677234 0.0557727 0.0940668 0.0557727 0.0933475 0.0747311 0.0878895 0.0557702 0.0949240 0.0813736 0.0560224 0.0555175 0.1518584 0.0685606 0.0738049 0.0815241 0.0555175 
S1189       0.0432597 0.0499363 0.0442554 0.0797800 0.0685818 0.0380702 0.0625922 0.0890432 0.0780276 0.0331573 0.0454381 0.0559556 0.0742992 0.0559629 0.0269935 0.0623242 0.0677000 0.0226604 0.0756336 0.0499409 0.0815167 0.0378559 0.0381486 0.0381486 0.0568390 0.0562748 0.0616678 0.0104906 0.0267037 0.0750939 0.0619248 0.0820541 0.0268486 0.0324413 0.0943261 0.0747676 0.0000000 0.0889034 0.0380334 0.0324426 0.0378476 0.0559346 0.0743679 0.0884156 0.0225548 0.0379104 0.0382527 0.0229409 0.0387323 0.0447535 0.0495433 0.0339302 0.0627913 0.0326095 0.0624039 0.0378647 0.0378291 0.0267121 0.0739867 0.0267121 0.0741683 0.0440011 0.0616511 0.0267111 0.0682687 0.0562748 0.0268235 0.0324538 0.1142945 0.0382716 0.0378291 0.0442106 0.0324538 
S1210       0.0707405 0.0507044 0.0893838 0.0652896 0.1022328 0.0819422 0.0885560 0.0767418 0.1429602 0.0709813 0.0915193 0.1161036 0.0625329 0.0818770 0.1013164 0.0822628 0.1156006 0.0607653 0.0934604 0.0956681 0.1033616 0.0814461 0.0562842 0.0562842 0.0763961 0.0870637 0.0878698 0.0751127 0.0814038 0.0894768 0.0689493 0.1095501 0.0692973 0.0746198 0.1170219 0.0960408 0.0889034 0.0000000 0.0818660 0.0756269 0.0814240 0.0883868 0.1081857 0.0762037 0.0604566 0.0685175 0.0823784 0.0615605 0.0755337 0.0696031 0.0819377 0.0727515 0.0942419 0.0635304 0.0694946 0.0814619 0.0813816 0.0689206 0.1025328 0.0689206 0.0895295 0.0750181 0.0954389 0.0689172 0.1030118 0.0870637 0.0692418 0.0756557 0.1619852 0.0697478 0.0877248 0.1025246 0.0756557 
S1214sl     0.0365485 0.0438198 0.0382291 0.0641248 0.0620453 0.0322198 0.0561610 0.0819913 0.0705772 0.0272760 0.0454276 0.0556766 0.0676906 0.0497168 0.0559963 0.0559211 0.0554229 0.0167699 0.0688925 0.0438244 0.0746938 0.0320408 0.0322848 0.0322848 0.0439167 0.0499927 0.0553409 0.0265295 0.0320253 0.0684068 0.0555689 0.0751828 0.0440029 0.0378249 0.0872567 0.0681123 0.0380334 0.0818660 0.0000000 0.0266952 0.0320340 0.0496920 0.0677545 0.0814208 0.0166930 0.0376119 0.0323715 0.0169751 0.0327719 0.0329713 0.0434798 0.0279044 0.0563371 0.0268309 0.0559926 0.0104297 0.0320184 0.0211032 0.0674113 0.0211032 0.0675727 0.0380105 0.0553264 0.0211024 0.0617652 0.0499927 0.0211895 0.0267042 0.1071712 0.0211434 0.0375700 0.0439926 0.0267042 
S1227       0.0302905 0.0381557 0.0214781 0.0642383 0.0561223 0.0158416 0.0502932 0.0757407 0.0705406 0.0107254 0.0395479 0.0556511 0.0617394 0.0439745 0.0501483 0.0500779 0.0437941 0.0055254 0.0628316 0.0381597 0.0685976 0.0157553 0.0267746 0.0267746 0.0330815 0.0442192 0.0495621 0.0211231 0.0265608 0.0504144 0.0497654 0.0690467 0.0383145 0.0322656 0.0810225 0.0621220 0.0324426 0.0756269 0.0266952 0.0000000 0.0157521 0.0439526 0.0617985 0.0752163 0.0110732 0.0320849 0.0051790 0.0055926 0.0271760 0.0329699 0.0378614 0.0109686 0.0504499 0.0105533 0.0501424 0.0265800 0.0265553 0.0051886 0.0614876 0.0051886 0.0616323 0.0213547 0.0495494 0.0157521 0.0558698 0.0442192 0.0158165 0.0212614 0.1071215 0.0268590 0.0320494 0.0439725 0.0212614 
S1235sl     0.0300784 0.0436032 0.0268474 0.0713558 0.0617255 0.0211231 0.0558740 0.0815478 0.0769370 0.0160893 0.0451945 0.0612047 0.0673405 0.0494678 0.0557110 0.0498308 0.0492636 0.0110521 0.0685299 0.0436076 0.0685698 0.0210078 0.0321293 0.0321293 0.0385928 0.0497410 0.0550623 0.0264040 0.0318723 0.0560091 0.0552879 0.0624829 0.0437844 0.0376412 0.0809795 0.0621010 0.0378476 0.0814240 0.0320340 0.0157521 0.0000000 0.0494433 0.0674038 0.0809832 0.0166109 0.0374302 0.0159162 0.0111862 0.0326116 0.0384620 0.0432666 0.0054164 0.0560482 0.0158310 0.0557073 0.0318951 0.0318655 0.0103790 0.0670643 0.0103790 0.0672238 0.0266942 0.0435012 0.0210036 0.0496612 0.0497410 0.0210899 0.0265771 0.1130299 0.0322308 0.0373888 0.0494627 0.0265771 
S1239       0.0497343 0.0445587 0.0562271 0.0970173 0.0379029 0.0497395 0.0620346 0.1027091 0.1001383 0.0449364 0.0218989 0.0682633 0.0871956 0.0378306 0.0749929 0.0688207 0.0803128 0.0345642 0.0501177 0.0501312 0.0815036 0.0494547 0.0382925 0.0382925 0.0693598 0.0436647 0.0489426 0.0436710 0.0494302 0.0686071 0.0621796 0.0954127 0.0563849 0.0439508 0.0943273 0.0747491 0.0559346 0.0883868 0.0496920 0.0439526 0.0494433 0.0000000 0.0550365 0.1019730 0.0343996 0.0495447 0.0499841 0.0289664 0.0506226 0.0449227 0.0615449 0.0397989 0.0498082 0.0384119 0.0626629 0.0494657 0.0494187 0.0379907 0.0499152 0.0379907 0.0678405 0.0559039 0.0740791 0.0379892 0.0810030 0.0436647 0.0381535 0.0439681 0.1358231 0.0379368 0.0552330 0.0682599 0.0439681 
S1251       0.0705307 0.0746352 0.0747610 0.0966381 0.0269543 0.0678177 0.0683493 0.1018350 0.1156581 0.0632113 0.0331061 0.1001875 0.0864918 0.0550557 0.0815729 0.0868426 0.0997610 0.0530853 0.0444164 0.0807746 0.1152057 0.0674208 0.0679672 0.0679672 0.0887119 0.0553579 0.0490392 0.0613929 0.0554700 0.0812111 0.0936928 0.1159681 0.0811193 0.0739411 0.1151698 0.1077656 0.0743679 0.1081857 0.0677545 0.0617985 0.0674038 0.0550365 0.0000000 0.0945335 0.0528249 0.0735020 0.0681633 0.0537611 0.0690560 0.0756353 0.0678144 0.0584819 0.0617538 0.0621276 0.0944512 0.0615192 0.0673698 0.0554870 0.0440284 0.0554870 0.0738818 0.0743321 0.0932634 0.0554845 0.1006437 0.0553579 0.0557340 0.0618210 0.1504283 0.0554093 0.0734160 0.0872760 0.0618210 
S1269       0.0935184 0.0563131 0.0888910 0.0000022 0.1103936 0.0814964 0.0880720 0.0106514 0.1259865 0.0769872 0.0916526 0.1154607 0.0105381 0.1020274 0.0877687 0.0685492 0.1149623 0.0669251 0.0981641 0.0821734 0.1241152 0.0810051 0.0559857 0.0559857 0.0626429 0.0940618 0.0949445 0.0747071 0.0746883 0.1040588 0.0685776 0.0955720 0.0814333 0.0742199 0.1311069 0.1163899 0.0884156 0.0762037 0.0814208 0.0752163 0.0809832 0.1019730 0.0945335 0.0000000 0.0665848 0.0873543 0.0819282 0.0678000 0.0765898 0.0692254 0.0627993 0.0723624 0.1014421 0.0631856 0.0691177 0.0752157 0.0809413 0.0685492 0.1024143 0.0685492 0.1088005 0.0746133 0.0949147 0.0685458 0.1160162 0.0940618 0.0688673 0.0752448 0.1533144 0.0693686 0.0872491 0.1019586 0.0752448 
S1278       0.0186961 0.0282632 0.0226764 0.0528406 0.0469012 0.0167105 0.0408545 0.0670706 0.0606801 0.0054992 0.0295151 0.0464942 0.0527706 0.0344176 0.0346830 0.0406698 0.0462864 0.0000026 0.0537490 0.0284352 0.0597693 0.0110081 0.0167448 0.0167448 0.0349792 0.0346202 0.0402342 0.0110021 0.0166060 0.0533535 0.0404068 0.0601822 0.0285556 0.0224257 0.0726604 0.0531123 0.0225548 0.0604566 0.0166930 0.0110732 0.0166109 0.0343996 0.0528249 0.0665848 0.0000000 0.0222958 0.0167909 0.0000021 0.0170052 0.0229382 0.0282037 0.0115948 0.0409873 0.0111316 0.0407255 0.0166187 0.0166025 0.0054685 0.0525479 0.0054685 0.0526748 0.0225388 0.0402238 0.0054683 0.0466808 0.0346202 0.0054906 0.0110770 0.0929129 0.0167995 0.0222701 0.0344198 0.0110770 
S1332       0.0300433 0.0493712 0.0437562 0.0713744 0.0617350 0.0376479 0.0618669 0.0879671 0.0769553 0.0327837 0.0452032 0.0672040 0.0734338 0.0437205 0.0558079 0.0616041 0.0669215 0.0223988 0.0681345 0.0493761 0.0561087 0.0374384 0.0377245 0.0377245 0.0561812 0.0556291 0.0609628 0.0318852 0.0374202 0.0620179 0.0612140 0.0810751 0.0324961 0.0432939 0.0681567 0.0498969 0.0379104 0.0685175 0.0376119 0.0320849 0.0374302 0.0495447 0.0735020 0.0873543 0.0222958 0.0000000 0.0378263 0.0226728 0.0325783 0.0442430 0.0489871 0.0277693 0.0620612 0.0322481 0.0616820 0.0374469 0.0264040 0.0264212 0.0611259 0.0264212 0.0733059 0.0435074 0.0609466 0.0156637 0.0555332 0.0556291 0.0265301 0.0320958 0.1197897 0.0378448 0.0318655 0.0553148 0.0320958 
S1369       0.0302905 0.0440749 0.0271310 0.0723816 0.0624190 0.0213419 0.0564972 0.0825054 0.0779318 0.0162581 0.0457012 0.0618859 0.0680986 0.0500092 0.0563304 0.0497549 0.0498003 0.0111713 0.0693151 0.0440795 0.0621792 0.0212242 0.0324689 0.0324689 0.0390140 0.0502883 0.0556674 0.0266783 0.0322063 0.0566354 0.0558980 0.0698142 0.0442602 0.0380418 0.0743866 0.0558513 0.0382527 0.0823784 0.0323715 0.0051790 0.0159162 0.0499841 0.0681633 0.0819282 0.0167909 0.0378263 0.0000000 0.0113082 0.0329616 0.0388803 0.0437309 0.0110883 0.0566754 0.0159944 0.0563269 0.0322296 0.0321994 0.0104839 0.0678159 0.0104839 0.0679793 0.0269746 0.0500819 0.0212199 0.0621354 0.0502883 0.0213080 0.0268550 0.1143963 0.0325726 0.0377840 0.0500037 0.0268550 
S1370       0.0190509 0.0228445 0.0171845 0.0524586 0.0477334 0.0112530 0.0352241 0.0683042 0.0528867 0.0000021 0.0300437 0.0473111 0.0537050 0.0350159 0.0414517 0.0350629 0.0409307 0.0000029 0.0547187 0.0289256 0.0608486 0.0111885 0.0112768 0.0112768 0.0294615 0.0352253 0.0409342 0.0111862 0.0168851 0.0479416 0.0350007 0.0612759 0.0290503 0.0169925 0.0739856 0.0540591 0.0229409 0.0615605 0.0169751 0.0055926 0.0111862 0.0289664 0.0537611 0.0678000 0.0000021 0.0226728 0.0113082 0.0000000 0.0171947 0.0233377 0.0286857 0.0058583 0.0417139 0.0055895 0.0289712 0.0168982 0.0168815 0.0000029 0.0534740 0.0000029 0.0536057 0.0170785 0.0409234 0.0055592 0.0413042 0.0352253 0.0055830 0.0112631 0.1016343 0.0170853 0.0226462 0.0350179 0.0112631 
S1375       0.0058775 0.0446324 0.0274683 0.0656862 0.0632352 0.0271232 0.0509320 0.0771344 0.0715746 0.0277782 0.0463023 0.0626877 0.0628278 0.0506484 0.0570607 0.0569833 0.0624180 0.0170856 0.0627483 0.0388071 0.0697373 0.0326187 0.0328718 0.0328718 0.0514500 0.0509345 0.0563806 0.0270043 0.0326026 0.0697341 0.0566172 0.0702979 0.0448228 0.0385162 0.0823887 0.0631399 0.0387323 0.0755337 0.0327719 0.0271760 0.0326116 0.0506226 0.0690560 0.0765898 0.0170052 0.0325783 0.0329616 0.0171947 0.0000000 0.0393756 0.0384986 0.0284303 0.0574152 0.0273167 0.0570575 0.0326264 0.0214666 0.0214779 0.0686994 0.0214779 0.0688674 0.0387088 0.0563655 0.0214771 0.0629443 0.0509345 0.0105598 0.0271854 0.1078382 0.0329781 0.0269910 0.0506423 0.0271854 
S1422       0.0440635 0.0326117 0.0449891 0.0486371 0.0697510 0.0386918 0.0386411 0.0697064 0.0861824 0.0337083 0.0465337 0.0568915 0.0559641 0.0568996 0.0501587 0.0633788 0.0559233 0.0230473 0.0769440 0.0389963 0.0692953 0.0384706 0.0324282 0.0324282 0.0507187 0.0442267 0.0627003 0.0327591 0.0384514 0.0763862 0.0441090 0.0690701 0.0509841 0.0445010 0.0818702 0.0627409 0.0447535 0.0696031 0.0329713 0.0329699 0.0384620 0.0449227 0.0756353 0.0692254 0.0229382 0.0442430 0.0388803 0.0233377 0.0393756 0.0000000 0.0386902 0.0345078 0.0504605 0.0331424 0.0444416 0.0328241 0.0384428 0.0271416 0.0752403 0.0271416 0.0754284 0.0447268 0.0626830 0.0271406 0.0694269 0.0442267 0.0272566 0.0329814 0.1234430 0.0388999 0.0441923 0.0568889 0.0329814 
S1449       0.0426844 0.0438602 0.0497995 0.0491778 0.0743134 0.0435214 0.0562122 0.0694377 0.0916769 0.0386954 0.0575640 0.0736676 0.0557555 0.0615759 0.0680902 0.0680072 0.0733566 0.0283360 0.0814659 0.0438584 0.0873556 0.0432762 0.0436115 0.0436115 0.0625371 0.0619166 0.0672894 0.0376229 0.0320550 0.0808859 0.0556190 0.0688994 0.0498657 0.0492685 0.0808640 0.0805360 0.0495433 0.0819377 0.0434798 0.0378614 0.0432666 0.0615449 0.0678144 0.0627993 0.0282037 0.0489871 0.0437309 0.0286857 0.0384986 0.0386902 0.0000000 0.0395980 0.0685157 0.0380561 0.0560435 0.0432860 0.0432454 0.0320649 0.0796922 0.0320649 0.0798899 0.0495154 0.0672709 0.0320637 0.0739745 0.0619166 0.0321994 0.0378745 0.1273523 0.0437526 0.0489319 0.0615614 0.0378745 
S1460       0.0183857 0.0399201 0.0224570 0.0671920 0.0584351 0.0165514 0.0462909 0.0728885 0.0666899 0.0112132 0.0414466 0.0521021 0.0584230 0.0340623 0.0463881 0.0463790 0.0398350 0.0057532 0.0595007 0.0339955 0.0467763 0.0164571 0.0279912 0.0279912 0.0346303 0.0462930 0.0518767 0.0220691 0.0277575 0.0466276 0.0520994 0.0595520 0.0341391 0.0337373 0.0592135 0.0404237 0.0339302 0.0727515 0.0279044 0.0109686 0.0054164 0.0397989 0.0584819 0.0723624 0.0115948 0.0277693 0.0110883 0.0058583 0.0284303 0.0345078 0.0395980 0.0000000 0.0528494 0.0110260 0.0525130 0.0277784 0.0277514 0.0054173 0.0520115 0.0054173 0.0580194 0.0223222 0.0398222 0.0164537 0.0519052 0.0462930 0.0165240 0.0222202 0.0978071 0.0280826 0.0335010 0.0340646 0.0222202 
S1539       0.0508055 0.0561205 0.0631250 0.0802476 0.0502470 0.0563911 0.0325431 0.1021699 0.1018115 0.0516018 0.0337216 0.0882233 0.0867570 0.0382816 0.0682455 0.0823644 0.0751731 0.0347869 0.0568175 0.0690876 0.0955858 0.0560618 0.0496085 0.0496085 0.0690146 0.0051917 0.0438310 0.0501199 0.0560334 0.0683613 0.0740458 0.0742136 0.0693825 0.0624311 0.1089148 0.0884856 0.0627913 0.0942419 0.0563371 0.0504499 0.0560482 0.0498082 0.0617538 0.1014421 0.0409873 0.0620612 0.0566754 0.0417139 0.0574152 0.0504605 0.0685157 0.0528494 0.0000000 0.0507183 0.0746273 0.0560740 0.0560199 0.0442901 0.0625210 0.0442901 0.0626708 0.0627582 0.0814347 0.0442882 0.0886158 0.0051917 0.0444848 0.0504681 0.1450973 0.0442269 0.0619887 0.0754828 0.0504681 
