134
PAFTOL_019361 0.0000000 0.1206059 0.1218845 0.1212389 0.1325420 0.1206352 0.1257982 0.1209993 0.1354226 0.1212345 0.1150367 0.1367497 0.1362770 0.1587310 0.1187347 0.1423056 0.1178468 0.1555240 0.1697744 0.1224499 0.1963844 0.1206352 0.1176577 0.1301693 0.1588402 0.1138040 0.1174665 0.1390006 0.1114925 0.1306846 0.1167110 0.1815750 0.1724680 0.1984304 0.1423405 0.1215189 0.1295327 0.1245376 0.1249835 0.1299117 0.1249119 0.1166493 0.1189840 0.1216542 0.1391596 0.1336287 0.1635876 0.1296752 0.1218124 0.1974424 0.1174665 0.1209083 0.1216791 0.1215727 0.1904343 0.1362525 0.1252498 0.1395063 0.1207337 0.1333433 0.1374045 0.1147951 0.1236330 0.1658129 0.1637019 0.1714836 0.1889278 0.1542419 0.1420978 0.1259190 0.0968394 0.1252381 0.1390888 0.1773281 0.1753346 0.1295374 0.1280731 0.1300133 0.1702981 0.1867734 0.1472572 0.1276705 0.1415990 0.1347640 0.1253142 0.1404768 0.1402182 0.1506288 0.1179952 0.1207337 0.1207337 0.1217142 0.1336767 0.1221639 0.1635164 0.1480255 0.1305237 0.1205219 0.1266429 0.1414640 0.1394663 0.1320192 0.1053162 0.1128005 0.1341307 0.1383748 0.1499867 0.1556814 0.1422728 0.1214564 0.1209935 0.1174665 0.1137601 0.1376752 0.1237127 0.1245570 0.1441426 0.1421962 0.1402080 0.1281105 0.1148318 0.1331470 0.1317592 0.1208648 0.1305125 0.1545558 0.1243095 0.1643654 0.1286115 0.1292404 0.1246957 0.1471991 0.1367862 0.1465818 
S0055         0.1206059 0.0000000 0.0631131 0.0983397 0.0834597 0.0475412 0.1114333 0.1354351 0.0886376 0.0523457 0.0553388 0.0987855 0.0941588 0.1089600 0.0695471 0.0909833 0.1007421 0.0909061 0.1022460 0.0926734 0.0813734 0.0449133 0.0468966 0.0964268 0.0768750 0.1073203 0.0686384 0.0737461 0.0970796 0.0918129 0.0947805 0.1083411 0.0784522 0.1207366 0.0935423 0.1139795 0.0558231 0.0448908 0.1203610 0.1043190 0.1171877 0.0626479 0.0479629 0.0750076 0.0904067 0.1456618 0.0748847 0.0909490 0.0455674 0.1097872 0.0634034 0.0489225 0.0626951 0.0640438 0.1130270 0.0786235 0.1054001 0.0964295 0.0852716 0.0885530 0.0924767 0.1033770 0.0842843 0.1082938 0.1047629 0.1093123 0.1073766 0.0842723 0.0832297 0.1434409 0.0457841 0.0980853 0.1018867 0.1063869 0.1033843 0.1424962 0.0650851 0.1398319 0.0916238 0.1116368 0.0862251 0.0956835 0.0526363 0.0977565 0.1387316 0.0495163 0.0496491 0.0815328 0.1117443 0.1112752 0.1031251 0.0894339 0.1033416 0.1414911 0.1087482 0.0959691 0.0903354 0.0480928 0.0893612 0.0931772 0.0863461 0.0523858 0.0364767 0.0308971 0.0932485 0.0500668 0.0938757 0.0998626 0.0906238 0.1241128 0.0470218 0.0669858 0.1296424 0.0830001 0.1162785 0.0464226 0.0872269 0.1001892 0.0783263 0.0540239 0.1238224 0.0450097 0.1088646 0.0448282 0.0561230 0.0833696 0.1076076 0.0924646 0.0902708 0.0981565 0.0670445 0.0765826 0.0780062 0.0762135 
S0196sl       0.1218845 0.0631131 0.0000000 0.1090413 0.0394210 0.0553422 0.0620580 0.1409775 0.0768610 0.0672169 0.0708882 0.1088405 0.0624502 0.0832083 0.0466075 0.0609274 0.1054407 0.0711839 0.1275871 0.0654839 0.0746322 0.0628968 0.0607802 0.1003141 0.0719277 0.1120974 0.0131938 0.0612121 0.1053407 0.0591500 0.0989419 0.1079916 0.0895892 0.0868721 0.0617314 0.1109480 0.0708178 0.0586035 0.1299308 0.1119723 0.1148217 0.0625215 0.0560984 0.0258437 0.0620380 0.1209118 0.0764032 0.0589240 0.0597587 0.0967631 0.0095803 0.0594450 0.0078155 0.0095850 0.1096595 0.0286446 0.1168045 0.0659133 0.0792738 0.0852412 0.0655674 0.1175126 0.0497672 0.0997453 0.0999966 0.1060317 0.1039620 0.0757274 0.0387288 0.1133713 0.0269456 0.0593153 0.0810990 0.0948940 0.0918704 0.1204144 0.0115046 0.1171307 0.1154034 0.1054133 0.0619617 0.0622306 0.0687276 0.0896575 0.1180274 0.0670503 0.0600562 0.0598566 0.1207021 0.1030383 0.1019591 0.0609319 0.1132959 0.1538242 0.0756565 0.0655098 0.0610926 0.0636539 0.0573276 0.0765772 0.0743526 0.0651489 0.0469256 0.0519743 0.0800908 0.0667585 0.1008850 0.0798256 0.0813883 0.1341376 0.0621066 0.0113552 0.1151679 0.0366444 0.1144901 0.0611129 0.0434071 0.0929762 0.0587848 0.0653269 0.1321751 0.0567865 0.1042856 0.0555915 0.0663639 0.0653594 0.1005955 0.0853672 0.0689798 0.0904154 0.0278477 0.0584773 0.0631810 0.0578464 
S0278         0.1212389 0.0983397 0.1090413 0.0000000 0.1047001 0.0954202 0.1402270 0.0510565 0.0877496 0.1032221 0.1006972 0.0472859 0.1185573 0.1240787 0.0283382 0.1143237 0.0345312 0.1009856 0.1146214 0.1143045 0.1172348 0.0981260 0.0961717 0.0517326 0.1190609 0.0363811 0.0916019 0.1114468 0.0438010 0.1112141 0.0512808 0.1041211 0.1319263 0.1389372 0.1234263 0.0371111 0.1033055 0.0951264 0.0426183 0.0471770 0.0854950 0.1011082 0.0991111 0.0996772 0.1155698 0.1733863 0.1219595 0.1158981 0.1043489 0.0998078 0.0888114 0.0995160 0.0879012 0.0917874 0.1078097 0.1045862 0.0486576 0.1188320 0.0730591 0.0493021 0.0940003 0.0523071 0.1036604 0.1058850 0.1022385 0.0997375 0.1056118 0.1474867 0.0994113 0.1770858 0.0590901 0.1209776 0.1189972 0.1037054 0.1008274 0.1708836 0.0963327 0.1701871 0.1024395 0.1078333 0.1010700 0.1165019 0.1009646 0.0997017 0.1721591 0.1004753 0.1040292 0.0956971 0.0387938 0.0747109 0.0748254 0.1138429 0.0542393 0.0395042 0.1257243 0.1148599 0.1122980 0.0976808 0.1134239 0.1031618 0.0910905 0.1068525 0.0938625 0.0915807 0.1041599 0.1010406 0.0584013 0.1052194 0.0881895 0.0489879 0.1073378 0.0916877 0.0716717 0.0993007 0.0793987 0.0927945 0.1049593 0.0963546 0.0908537 0.1083688 0.0501648 0.0964534 0.0652697 0.0977325 0.1010596 0.1036897 0.0757245 0.0932820 0.0869542 0.1039717 0.0802462 0.0901609 0.1042269 0.0817589 
S0281         0.1325420 0.0834597 0.0394210 0.1047001 0.0000000 0.0804762 0.1179763 0.1347007 0.0822242 0.0861657 0.0952868 0.1040946 0.0975477 0.1062207 0.0807908 0.0948728 0.1060987 0.0861453 0.1108317 0.0936797 0.0916140 0.0822367 0.0828661 0.0954390 0.0958993 0.1106769 0.0364858 0.0816594 0.1052783 0.0943015 0.1048988 0.1065182 0.1112571 0.1207209 0.1007913 0.1144048 0.0916592 0.0805711 0.1272653 0.1096660 0.1196067 0.0831666 0.0796213 0.0422026 0.0942976 0.1566934 0.0995261 0.0971485 0.0848288 0.1027643 0.0306205 0.0813433 0.0312354 0.0331737 0.1060352 0.0461415 0.1131605 0.0998284 0.0891173 0.0974632 0.0813257 0.1075056 0.0875774 0.1012789 0.1039376 0.1091162 0.1076983 0.1276141 0.0471211 0.1566472 0.0484235 0.0921692 0.1066393 0.1025223 0.0990874 0.1507562 0.0324776 0.1516589 0.1008405 0.1078287 0.0847712 0.0973970 0.0847228 0.0980733 0.1507967 0.0833829 0.0853166 0.0859002 0.1163698 0.1095506 0.1047885 0.0927071 0.1113306 0.1393244 0.1085205 0.0991806 0.0943481 0.0833239 0.0918482 0.0888793 0.0856965 0.0851706 0.0690286 0.0771568 0.0937672 0.0857157 0.0989030 0.0960455 0.0859681 0.1338743 0.0854011 0.0357073 0.1287675 0.0456905 0.1184620 0.0800882 0.0522980 0.0996049 0.0786896 0.0917648 0.1269788 0.0817963 0.1136590 0.0785557 0.0782035 0.0841064 0.1051358 0.0931127 0.0790955 0.1071096 0.0508051 0.0768058 0.0843781 0.0706737 
S0282         0.1206352 0.0475412 0.0553422 0.0954202 0.0804762 0.0000000 0.1000939 0.1302666 0.0799328 0.0183979 0.0377415 0.0955765 0.0908936 0.0993232 0.0731752 0.0848319 0.0967694 0.0890278 0.0929637 0.0862737 0.0813689 0.0145829 0.0194297 0.0976032 0.0786630 0.1023332 0.0661493 0.0740176 0.0906386 0.0870872 0.0931896 0.0994228 0.0853591 0.1169504 0.0887603 0.1091559 0.0528005 0.0176052 0.1159597 0.1022573 0.1150104 0.0621039 0.0114008 0.0753239 0.0849923 0.1421721 0.0788251 0.0869760 0.0212837 0.0997295 0.0616660 0.0139649 0.0582632 0.0609447 0.1056956 0.0789256 0.1025739 0.0848279 0.0828562 0.0845003 0.0862704 0.0994494 0.0774951 0.0993037 0.0952919 0.1019551 0.1002009 0.0683187 0.0821277 0.1366240 0.0454829 0.0881544 0.0957937 0.0986474 0.0975046 0.1380663 0.0662842 0.1381022 0.0820158 0.1020108 0.0819429 0.0875618 0.0515859 0.0908250 0.1356639 0.0217960 0.0481170 0.0735578 0.1062056 0.1054835 0.0990666 0.0840435 0.1015625 0.1359008 0.1061432 0.0904136 0.0849270 0.0199885 0.0801931 0.0918459 0.0794254 0.0218772 0.0155048 0.0450966 0.0836782 0.0470899 0.0926568 0.0892921 0.0818929 0.1212740 0.0487846 0.0638412 0.1272920 0.0804589 0.1127508 0.0176446 0.0870256 0.0929441 0.0764457 0.0269964 0.1185579 0.0453929 0.1031227 0.0406952 0.0570087 0.0813554 0.1019126 0.0858479 0.0819988 0.0972056 0.0603898 0.0746988 0.0729577 0.0699417 
S0288         0.1257982 0.1114333 0.0620580 0.1402270 0.1179763 0.1000939 0.0000000 0.1744332 0.1188826 0.1052203 0.1093107 0.1441992 0.0287206 0.0826760 0.1208497 0.0279362 0.1358060 0.1159387 0.1134908 0.0247998 0.1166370 0.0865181 0.0996327 0.1335657 0.1181210 0.1397357 0.0984884 0.1216498 0.1171031 0.0253818 0.1302804 0.1342182 0.1278703 0.0939354 0.0164780 0.1496289 0.1177377 0.1027601 0.1583792 0.1366068 0.1577551 0.1081769 0.1042909 0.1090420 0.0279662 0.1781145 0.1252314 0.0247414 0.1071105 0.1347539 0.0950703 0.1035711 0.0935250 0.0959686 0.1431915 0.1137061 0.1440341 0.0793860 0.1283010 0.1242819 0.1225019 0.1317963 0.0491827 0.1315094 0.1322847 0.1343196 0.1402592 0.1247780 0.1205768 0.1773069 0.0714655 0.0720731 0.0801988 0.1363256 0.1300748 0.1734701 0.1011999 0.1716412 0.1297950 0.1343817 0.1131440 0.0689245 0.1132643 0.1348294 0.1740085 0.1108604 0.1109623 0.1082736 0.1467274 0.1486221 0.1416537 0.0278564 0.1421904 0.1746777 0.0866027 0.0260314 0.0253835 0.1039062 0.0771766 0.1224237 0.1220058 0.1121471 0.0923254 0.1039575 0.1259644 0.1119869 0.1280058 0.1236503 0.1250822 0.1618501 0.1112465 0.0952793 0.1458331 0.1186085 0.1511961 0.1074378 0.1251258 0.1328499 0.1092859 0.1103286 0.1573956 0.1053962 0.1345585 0.1024274 0.1055348 0.1097602 0.1444438 0.1219277 0.1177243 0.1338978 0.1005652 0.1053886 0.1171488 0.1075143 
S0289         0.1209993 0.1354351 0.1409775 0.0510565 0.1347007 0.1302666 0.1744332 0.0000000 0.1191976 0.1386641 0.1404344 0.0460587 0.1550073 0.1686223 0.0323882 0.1526849 0.0496499 0.1394227 0.1172201 0.1510628 0.1513052 0.1306123 0.1308575 0.0550255 0.1523233 0.0403064 0.1194641 0.1484763 0.0595469 0.1472585 0.0687834 0.1386331 0.1599546 0.1749847 0.1653788 0.0520613 0.1401890 0.1334648 0.0588047 0.0608951 0.1042427 0.1342245 0.1427366 0.1288084 0.1502773 0.2200445 0.1534210 0.1523037 0.1403508 0.1395890 0.1159632 0.1330441 0.1143046 0.1193342 0.1360330 0.1329914 0.0614259 0.1473396 0.0854209 0.0653329 0.1295129 0.0556963 0.1420819 0.1349399 0.1293445 0.1371052 0.1435907 0.1770924 0.1318559 0.2162446 0.0843327 0.1527428 0.1531840 0.1277454 0.1241202 0.2127593 0.1281625 0.2142495 0.1075135 0.1366358 0.1270612 0.1508893 0.1411411 0.1313138 0.2134002 0.1400350 0.1369534 0.1295659 0.0409835 0.0966488 0.1002608 0.1494906 0.0712310 0.0725723 0.1644173 0.1513746 0.1463011 0.1350932 0.1454279 0.1390223 0.1222808 0.1450370 0.1214738 0.1320531 0.1291901 0.1390739 0.0732613 0.1377873 0.1219961 0.0583954 0.1392333 0.1202251 0.0717256 0.1306732 0.1017912 0.1355129 0.1331207 0.1243045 0.1229202 0.1457689 0.0562586 0.1316748 0.0783086 0.1322473 0.1367713 0.1322489 0.0949119 0.1223907 0.1221766 0.1485522 0.1183947 0.1195649 0.1414186 0.1188109 
S0292         0.1354226 0.0886376 0.0768610 0.0877496 0.0822242 0.0799328 0.1188826 0.1191976 0.0000000 0.0881098 0.0964748 0.0940026 0.1041586 0.1094608 0.0663078 0.1033298 0.0937300 0.0904472 0.0949147 0.1003169 0.0948570 0.0865004 0.0862279 0.0893590 0.0983642 0.0988226 0.0721554 0.0908620 0.0981717 0.0975916 0.0963764 0.0672604 0.1084501 0.1183327 0.1014403 0.1059261 0.0957052 0.0846044 0.1100109 0.0967720 0.1145690 0.0874531 0.0860763 0.0778831 0.1027501 0.1602960 0.1043603 0.1007675 0.0905701 0.0690171 0.0675619 0.0839047 0.0675086 0.0697407 0.0699574 0.0815563 0.0971041 0.1002965 0.0814026 0.0878500 0.0849664 0.0925999 0.0873703 0.0685694 0.0705930 0.0747949 0.0704862 0.1286039 0.0857329 0.1612689 0.0465192 0.1043868 0.1059831 0.0732185 0.0700121 0.1578570 0.0677582 0.1553888 0.0798615 0.0742407 0.0879735 0.1060957 0.0848465 0.0446912 0.1572536 0.0876272 0.0881155 0.0548736 0.0999805 0.1061038 0.1016380 0.0969386 0.1001768 0.1215872 0.1087722 0.1026605 0.0993805 0.0859838 0.0939758 0.0899988 0.0213164 0.0917131 0.0697681 0.0810058 0.0416288 0.0866694 0.0848171 0.0366206 0.0289084 0.1143134 0.0875837 0.0704896 0.1186269 0.0842095 0.1131607 0.0865293 0.0916354 0.0439118 0.0782897 0.0976167 0.1110392 0.0833726 0.1004286 0.0830400 0.0812178 0.0804519 0.1001672 0.0557261 0.0804882 0.0986082 0.0640002 0.0756113 0.0910256 0.0712177 
S0293         0.1212345 0.0523457 0.0672169 0.1032221 0.0861657 0.0183979 0.1052203 0.1386641 0.0881098 0.0000000 0.0449356 0.1069961 0.0956903 0.1063501 0.0722811 0.0894128 0.1049177 0.0949260 0.1032525 0.0894114 0.0906220 0.0224720 0.0234572 0.1050652 0.0822908 0.1129624 0.0743651 0.0831786 0.1020607 0.0917347 0.1011661 0.1062268 0.0906265 0.1182605 0.0927548 0.1200116 0.0564810 0.0228148 0.1290153 0.1113357 0.1230580 0.0632685 0.0177051 0.0808820 0.0895861 0.1427881 0.0816172 0.0901299 0.0272171 0.1074429 0.0696798 0.0184383 0.0661567 0.0689277 0.1074646 0.0845624 0.1108171 0.0878480 0.0924660 0.0937601 0.0929254 0.1123195 0.0825873 0.1061101 0.1050432 0.1080320 0.1047045 0.0759208 0.0901268 0.1389543 0.0484827 0.0932511 0.1013841 0.1016472 0.0997038 0.1386210 0.0755222 0.1385711 0.0956483 0.1104633 0.0840315 0.0921729 0.0543805 0.1005296 0.1369659 0.0258482 0.0528805 0.0823855 0.1170585 0.1138146 0.1094155 0.0871246 0.1106309 0.1474264 0.1081189 0.0951737 0.0880350 0.0252648 0.0823691 0.0940639 0.0867838 0.0240295 0.0176081 0.0492072 0.0925417 0.0510854 0.1023904 0.0984835 0.0901191 0.1304101 0.0537064 0.0719457 0.1410122 0.0883830 0.1206809 0.0209567 0.0936601 0.1006367 0.0798133 0.0286804 0.1274567 0.0488689 0.1105723 0.0440374 0.0587301 0.0884702 0.1110424 0.0951384 0.0885291 0.0994031 0.0697734 0.0765795 0.0797473 0.0789081 
S0294         0.1150367 0.0553388 0.0708882 0.1006972 0.0952868 0.0377415 0.1093107 0.1404344 0.0964748 0.0449356 0.0000000 0.1047383 0.0943236 0.1131061 0.0783666 0.0925987 0.1052270 0.1020573 0.1058175 0.0943004 0.0946934 0.0381022 0.0358213 0.1028063 0.0897682 0.1132084 0.0803084 0.0887622 0.0959080 0.0949262 0.0973354 0.1184026 0.0915104 0.1174052 0.0987810 0.1162325 0.0573059 0.0345192 0.1283102 0.1065783 0.1184984 0.0718260 0.0358672 0.0891835 0.0927770 0.1491284 0.0855186 0.0940515 0.0397610 0.1155449 0.0727440 0.0377558 0.0727074 0.0755010 0.1225089 0.0929453 0.1107907 0.0926422 0.0910606 0.0893860 0.0983965 0.1072698 0.0871863 0.1131068 0.1102555 0.1158190 0.1154849 0.0580342 0.0930494 0.1443207 0.0576651 0.0988504 0.1062975 0.1124590 0.1088141 0.1471775 0.0812200 0.1470714 0.0964140 0.1148116 0.0955547 0.0971717 0.0602057 0.1038857 0.1444217 0.0416422 0.0565365 0.0906852 0.1172025 0.1132896 0.1044689 0.0925228 0.1116485 0.1397526 0.1108181 0.0976375 0.0918452 0.0363699 0.0894966 0.1026661 0.0960488 0.0431059 0.0300319 0.0515175 0.1033975 0.0570213 0.1000284 0.1036763 0.0995060 0.1310622 0.0539798 0.0771381 0.1401457 0.0891149 0.1173371 0.0379401 0.0973579 0.1064120 0.0904074 0.0438731 0.1295040 0.0511071 0.1082321 0.0469284 0.0629789 0.0956404 0.1088338 0.1027556 0.0939729 0.1075136 0.0735381 0.0870682 0.0878270 0.0834013 
S0299         0.1367497 0.0987855 0.1088405 0.0472859 0.1040946 0.0955765 0.1441992 0.0460587 0.0940026 0.1069961 0.1047383 0.0000000 0.1199468 0.1346591 0.0339335 0.1195029 0.0376161 0.1036169 0.1124743 0.1140514 0.1250902 0.0952583 0.0952126 0.0475461 0.1103450 0.0334417 0.0992304 0.1119125 0.0442463 0.1105509 0.0566425 0.1102410 0.1329180 0.1421498 0.1200518 0.0378663 0.0996314 0.0965832 0.0480867 0.0491167 0.0891787 0.0987325 0.0951025 0.1036090 0.1176812 0.1782503 0.1173353 0.1147066 0.1013927 0.1069336 0.0959970 0.0991825 0.0938746 0.0993784 0.1059013 0.1150843 0.0508423 0.1217533 0.0761362 0.0497193 0.1002046 0.0437818 0.1104806 0.1139772 0.1081565 0.1124499 0.1154416 0.1556155 0.1069177 0.1763557 0.0601608 0.1194670 0.1282886 0.1083295 0.1048962 0.1756521 0.1061007 0.1724816 0.1004974 0.1095056 0.0976599 0.1172368 0.1042609 0.0995543 0.1751321 0.1021252 0.1041842 0.1080963 0.0360554 0.0783575 0.0803693 0.1167424 0.0608334 0.0438402 0.1280547 0.1168240 0.1115879 0.0983433 0.1177089 0.1087563 0.0955055 0.1060876 0.0959896 0.0937775 0.1039274 0.1065994 0.0656266 0.1074059 0.0977607 0.0475871 0.1028339 0.0993198 0.0643994 0.1067835 0.0843344 0.0971503 0.1131800 0.0971424 0.0970865 0.1090314 0.0470878 0.0926790 0.0706082 0.0984731 0.1010210 0.1060641 0.0821727 0.1029221 0.0946822 0.1075656 0.0906547 0.0963972 0.1055518 0.0911253 
S0303         0.1362770 0.0941588 0.0624502 0.1185573 0.0975477 0.0908936 0.0287206 0.1550073 0.1041586 0.0956903 0.0943236 0.1199468 0.0000000 0.0607349 0.0892070 0.0159109 0.1192385 0.1012607 0.1219124 0.0141167 0.1028598 0.0901789 0.0889581 0.1114532 0.0999177 0.1207824 0.0807050 0.1048083 0.1171573 0.0140930 0.1094058 0.1188277 0.1155939 0.0777791 0.0170458 0.1283326 0.0986686 0.0912154 0.1367072 0.1201534 0.1372437 0.0899240 0.0863950 0.0928552 0.0147325 0.1559795 0.1070591 0.0140845 0.0952981 0.1205591 0.0775252 0.0927705 0.0760665 0.0782693 0.1263952 0.0936431 0.1239559 0.0624206 0.1080097 0.1091264 0.1056542 0.1215532 0.0359875 0.1154546 0.1176311 0.1197207 0.1221520 0.1261884 0.1022729 0.1556635 0.0537660 0.0524842 0.0645764 0.1206053 0.1178286 0.1516169 0.0828046 0.1509256 0.1168380 0.1170385 0.0973486 0.0523601 0.0975113 0.1179523 0.1542564 0.0979852 0.0945932 0.0876022 0.1240092 0.1289229 0.1213244 0.0152766 0.1254388 0.1569072 0.0699945 0.0165599 0.0140935 0.0923553 0.0588899 0.1065568 0.1057114 0.1001482 0.0832130 0.0864018 0.1079373 0.0947691 0.1084379 0.1113682 0.1086993 0.1412263 0.0924081 0.0791269 0.1490374 0.1019799 0.1313607 0.0956308 0.1066342 0.1177666 0.0923511 0.1013531 0.1365003 0.0877966 0.1176119 0.0843716 0.0859074 0.0957945 0.1250402 0.1065504 0.0995996 0.1141559 0.0834221 0.0909241 0.0999279 0.0899085 
S0308         0.1587310 0.1089600 0.0832083 0.1240787 0.1062207 0.0993232 0.0826760 0.1686223 0.1094608 0.1063501 0.1131061 0.1346591 0.0607349 0.0000000 0.1010302 0.0644600 0.1315665 0.1115444 0.1299629 0.0617025 0.1183324 0.1047861 0.1029445 0.1207177 0.1174420 0.1342968 0.0889674 0.1142793 0.1320975 0.0628615 0.1239713 0.1299218 0.1272149 0.0879536 0.0592134 0.1384358 0.1127932 0.1024719 0.1478213 0.1377794 0.1439101 0.1029896 0.0977189 0.0996209 0.0631921 0.1570132 0.1200332 0.0622291 0.1067484 0.1263209 0.0842353 0.1027908 0.0812690 0.0857841 0.1348455 0.0994430 0.1396511 0.0717050 0.1102662 0.1206139 0.1106978 0.1322975 0.0496617 0.1278776 0.1263714 0.1272217 0.1289466 0.1550420 0.1093971 0.1589960 0.0661563 0.0658332 0.0721270 0.1286705 0.1251217 0.1528281 0.0909701 0.1519451 0.1232137 0.1325677 0.1095294 0.0669567 0.1041032 0.1265215 0.1560897 0.1058704 0.1083315 0.0988962 0.1374887 0.1319899 0.1262067 0.0594760 0.1358171 0.1707207 0.0821459 0.0659301 0.0616291 0.1023237 0.0684255 0.1123904 0.1102051 0.1109680 0.0937664 0.1025112 0.1203124 0.1031539 0.1234877 0.1214105 0.1091859 0.1543056 0.1070780 0.0872723 0.1609416 0.1075271 0.1372885 0.1078912 0.1114156 0.1249184 0.0957995 0.1154060 0.1502300 0.1046211 0.1283148 0.1002329 0.0962650 0.1073502 0.1297845 0.1148433 0.1040893 0.1216390 0.0879608 0.0965893 0.1110001 0.0972960 
S0320         0.1187347 0.0695471 0.0466075 0.0283382 0.0807908 0.0731752 0.1208497 0.0323882 0.0663078 0.0722811 0.0783666 0.0339335 0.0892070 0.1010302 0.0000000 0.0924565 0.0242956 0.0775101 0.0756072 0.0841800 0.0860002 0.0669662 0.0731653 0.0308420 0.0929277 0.0205558 0.0678724 0.0766331 0.0281188 0.0844470 0.0414740 0.0801643 0.1028803 0.1177456 0.0916324 0.0313469 0.0768057 0.0730830 0.0326558 0.0316108 0.0526461 0.0715944 0.0793395 0.0744930 0.0888730 0.1395601 0.0928839 0.0853318 0.0821979 0.0951299 0.0628197 0.0795670 0.0653481 0.0666523 0.0804802 0.0819903 0.0270446 0.0933375 0.0476976 0.0370891 0.0786313 0.0325058 0.0807212 0.0853139 0.0790209 0.0814194 0.0781154 0.1477036 0.0798579 0.1527178 0.0482954 0.0821539 0.0914619 0.0882810 0.0905410 0.1316265 0.0718268 0.1353488 0.0725828 0.0851869 0.0789395 0.0889802 0.0745340 0.0811566 0.1301847 0.0770614 0.0801930 0.0712533 0.0226165 0.0476949 0.0477387 0.0867417 0.0395487 0.0283411 0.0999479 0.0903281 0.0858554 0.0753508 0.0900652 0.0799046 0.0708765 0.0823757 0.0686015 0.0644387 0.0699047 0.0779722 0.0458132 0.0841965 0.0683657 0.0272981 0.0746102 0.0642163 0.0608948 0.0822886 0.0558424 0.0755152 0.0847008 0.0748511 0.0713741 0.0888945 0.0346656 0.0648419 0.0520746 0.0729495 0.0705245 0.0791462 0.0475826 0.0686310 0.0669364 0.0814107 0.0616881 0.0696667 0.0719892 0.0622790 
S0322         0.1423056 0.0909833 0.0609274 0.1143237 0.0948728 0.0848319 0.0279362 0.1526849 0.1033298 0.0894128 0.0925987 0.1195029 0.0159109 0.0644600 0.0924565 0.0000000 0.1154149 0.0985752 0.1170479 0.0122233 0.1018524 0.0877970 0.0843674 0.1113764 0.0989511 0.1188333 0.0761596 0.1054179 0.1189846 0.0127947 0.1099421 0.1161075 0.1129508 0.0763849 0.0169126 0.1279175 0.0970634 0.0865791 0.1362072 0.1165329 0.1332426 0.0913175 0.0846300 0.0887987 0.0074897 0.1586904 0.1069398 0.0133780 0.0913420 0.1167552 0.0730620 0.0873367 0.0716354 0.0738691 0.1235331 0.0902915 0.1218963 0.0633867 0.1039605 0.1072845 0.1021929 0.1214080 0.0345228 0.1127924 0.1158612 0.1178021 0.1209823 0.1262940 0.0979887 0.1562622 0.0571709 0.0538728 0.0621666 0.1169647 0.1142187 0.1543231 0.0752469 0.1536333 0.1124988 0.1186492 0.0956615 0.0520114 0.0966004 0.1154129 0.1548613 0.0941634 0.0928227 0.0862057 0.1252597 0.1240974 0.1165080 0.0133731 0.1233893 0.1532105 0.0700712 0.0140156 0.0128027 0.0877125 0.0606236 0.1047197 0.1041055 0.0968001 0.0779415 0.0855158 0.1085699 0.0945679 0.1046403 0.1119268 0.1061467 0.1397659 0.0915718 0.0746219 0.1497782 0.0977128 0.1281319 0.0908773 0.1022739 0.1158832 0.0890624 0.0964681 0.1343451 0.0878239 0.1181037 0.0844713 0.0889665 0.0924359 0.1211066 0.1040981 0.0962414 0.1150190 0.0796348 0.0870390 0.0990414 0.0850739 
S0327         0.1178468 0.1007421 0.1054407 0.0345312 0.1060987 0.0967694 0.1358060 0.0496499 0.0937300 0.1049177 0.1052270 0.0376161 0.1192385 0.1315665 0.0242956 0.1154149 0.0000000 0.1144596 0.0991463 0.1141111 0.1180466 0.0984178 0.0966611 0.0342694 0.1181761 0.0278526 0.0908890 0.1164925 0.0358692 0.1130540 0.0443706 0.1179133 0.1296778 0.1392594 0.1207292 0.0355413 0.1112629 0.1000716 0.0423698 0.0377879 0.0795739 0.1023027 0.1005539 0.1021708 0.1158311 0.1846966 0.1166155 0.1169612 0.1050284 0.1154208 0.0868966 0.1008773 0.0852895 0.0900273 0.1147039 0.1044095 0.0395967 0.1174074 0.0601628 0.0441821 0.1057723 0.0404024 0.1076180 0.1123271 0.1079387 0.1143864 0.1164833 0.1460371 0.1057636 0.1774724 0.0555052 0.1245563 0.1233467 0.1038923 0.1013150 0.1787640 0.0940885 0.1792400 0.0779227 0.1120598 0.1047037 0.1213554 0.1059040 0.1076778 0.1793917 0.1050087 0.1106490 0.0975376 0.0285061 0.0716668 0.0699194 0.1128005 0.0481714 0.0610513 0.1321553 0.1159483 0.1131586 0.1029348 0.1143253 0.1097242 0.0941634 0.1103616 0.0874113 0.0980746 0.1062125 0.1057274 0.0409931 0.1050465 0.0933398 0.0509820 0.1096799 0.0916481 0.0552572 0.1047054 0.0752940 0.1023182 0.1094615 0.1021242 0.0950180 0.1121004 0.0495616 0.1002700 0.0575645 0.1022015 0.1002643 0.1078092 0.0693516 0.0931911 0.0981898 0.1113241 0.0883999 0.0953748 0.1122933 0.0878627 
S0335         0.1555240 0.0909061 0.0711839 0.1009856 0.0861453 0.0890278 0.1159387 0.1394227 0.0904472 0.0949260 0.1020573 0.1036169 0.1012607 0.1115444 0.0775101 0.0985752 0.1144596 0.0000000 0.0628355 0.0995948 0.1015797 0.0895252 0.0900284 0.1061494 0.1057059 0.1154862 0.0735047 0.0958765 0.1111457 0.0964145 0.1102404 0.1030273 0.1126445 0.1164764 0.0958611 0.1221217 0.0970760 0.0906018 0.1269693 0.1140502 0.1266548 0.0907191 0.0931883 0.0771299 0.0979977 0.1534413 0.1128692 0.0985822 0.0929512 0.1030179 0.0661146 0.0906315 0.0667794 0.0681752 0.1072306 0.0812737 0.1168174 0.1014762 0.1010660 0.1013715 0.0850428 0.1216706 0.0909202 0.1004181 0.1103316 0.1033321 0.1043813 0.1329093 0.0895475 0.1619990 0.0493251 0.0995598 0.1063318 0.0997175 0.0977649 0.1484295 0.0663817 0.1466874 0.1004528 0.1142691 0.0599421 0.0993481 0.0905093 0.1015906 0.1475746 0.0921639 0.0921503 0.0847896 0.1219928 0.1164937 0.1173798 0.0985326 0.1078512 0.1426507 0.1083824 0.1012178 0.0972127 0.0941606 0.0975445 0.0563362 0.0884186 0.0976068 0.0773361 0.0847228 0.0978209 0.0878042 0.1004901 0.0948147 0.0933360 0.1419012 0.0925166 0.0711181 0.1345110 0.0878298 0.1261611 0.0879538 0.0935986 0.1048250 0.0461347 0.0998267 0.1321200 0.0832411 0.1089845 0.0836084 0.0871861 0.0355956 0.1163043 0.0967423 0.0800757 0.1092377 0.0697809 0.0445697 0.0940084 0.0712054 
S0345         0.1697744 0.1022460 0.1275871 0.1146214 0.1108317 0.0929637 0.1134908 0.1172201 0.0949147 0.1032525 0.1058175 0.1124743 0.1219124 0.1299629 0.0756072 0.1170479 0.0991463 0.0628355 0.0000000 0.1166591 0.0947146 0.0991904 0.0946251 0.1132142 0.1215810 0.0973027 0.0988149 0.1041908 0.1088511 0.1200489 0.1096145 0.1027714 0.1162236 0.1529827 0.1073175 0.1048116 0.1200559 0.1008880 0.1158599 0.0937560 0.1129048 0.1019387 0.1175917 0.1010329 0.1188618 0.1609011 0.1254618 0.1233965 0.1024561 0.1034436 0.0893391 0.0946014 0.0940741 0.0939241 0.0979337 0.1010406 0.0967128 0.1180384 0.1046748 0.1007510 0.1143464 0.1257333 0.1141132 0.1069058 0.1006473 0.1041226 0.1014621 0.1296315 0.1121563 0.1607190 0.0726949 0.1194186 0.1130452 0.1030726 0.0960235 0.1582710 0.0829884 0.1525362 0.0970746 0.1124502 0.0838422 0.1224642 0.1092971 0.1048497 0.1575748 0.1077198 0.1208215 0.0906128 0.1033591 0.1030289 0.1031603 0.1152525 0.1003607 0.1227216 0.1358523 0.1159899 0.1154749 0.0975104 0.1133846 0.0462801 0.0886931 0.1140652 0.0877015 0.1009555 0.1059624 0.1120947 0.0757919 0.0929267 0.0947934 0.1251862 0.1023974 0.0987906 0.0973729 0.1137614 0.1110465 0.0967870 0.1168174 0.1032514 0.0630145 0.1114307 0.1227486 0.0983593 0.0968267 0.0993540 0.1121657 0.0687792 0.1058574 0.0946077 0.0947154 0.1205293 0.0862708 0.0613565 0.0955534 0.0869919 
S0355         0.1224499 0.0926734 0.0654839 0.1143045 0.0936797 0.0862737 0.0247998 0.1510628 0.1003169 0.0894114 0.0943004 0.1140514 0.0141167 0.0617025 0.0841800 0.0122233 0.1141111 0.0995948 0.1166591 0.0000000 0.1021256 0.0877919 0.0874643 0.1094856 0.0990314 0.1164749 0.0785538 0.1056973 0.1180255 0.0098538 0.1076277 0.1095861 0.1098412 0.0758023 0.0120980 0.1271393 0.0955602 0.0896964 0.1337393 0.1150166 0.1343823 0.0883559 0.0863687 0.0905370 0.0110645 0.1576654 0.1076472 0.0104348 0.0945130 0.1136461 0.0740124 0.0887907 0.0739829 0.0762390 0.1203298 0.0920398 0.1203693 0.0599405 0.1042128 0.1048871 0.1024248 0.1240861 0.0332581 0.1089271 0.1112285 0.1130602 0.1162464 0.1296112 0.0980764 0.1560412 0.0534782 0.0524155 0.0606685 0.1138517 0.1110955 0.1533111 0.0778593 0.1535829 0.1111569 0.1132286 0.0958784 0.0513350 0.0936029 0.1138966 0.1547093 0.0956410 0.0930316 0.0853082 0.1228582 0.1252431 0.1176068 0.0116072 0.1209874 0.1518151 0.0679440 0.0122637 0.0092545 0.0893655 0.0578790 0.1056821 0.1011074 0.0950847 0.0788375 0.0857085 0.1063037 0.0938515 0.1019822 0.1088604 0.1031230 0.1372492 0.0917781 0.0769994 0.1484559 0.0980137 0.1292955 0.0923518 0.1041130 0.1127913 0.0892620 0.0981973 0.1319013 0.0863560 0.1157478 0.0815794 0.0868053 0.0919435 0.1214343 0.1002964 0.0957131 0.1102973 0.0812402 0.0857833 0.0993000 0.0883694 
S0376         0.1963844 0.0813734 0.0746322 0.1172348 0.0916140 0.0813689 0.1166370 0.1513052 0.0948570 0.0906220 0.0946934 0.1250902 0.1028598 0.1183324 0.0860002 0.1018524 0.1180466 0.1015797 0.0947146 0.1021256 0.0000000 0.0798219 0.0855086 0.1167410 0.0992581 0.1199010 0.0812133 0.0428505 0.1229998 0.1027061 0.1161238 0.1171100 0.1073693 0.1245088 0.0844143 0.1296864 0.0950337 0.0846101 0.1373300 0.1208710 0.1407515 0.0856964 0.0897020 0.0885142 0.1007267 0.1626792 0.0995800 0.1017839 0.0874654 0.1195040 0.0748643 0.0831508 0.0741098 0.0719206 0.1149857 0.0916145 0.1231056 0.0963926 0.1107221 0.1059197 0.1020846 0.1277266 0.0933350 0.1169093 0.1126618 0.1155670 0.1148534 0.1239450 0.0900154 0.1609113 0.0576832 0.1007927 0.1082875 0.1130554 0.1096164 0.1593468 0.0635645 0.1565136 0.0955875 0.1174520 0.0916729 0.1002450 0.0840708 0.1103483 0.1565460 0.0869623 0.0879548 0.0731927 0.1249246 0.1291291 0.1252679 0.1018011 0.1258283 0.1633698 0.1175254 0.1036461 0.1012191 0.0882107 0.0922090 0.1003042 0.0918797 0.0933921 0.0750151 0.0762738 0.0987319 0.0837543 0.0980857 0.0989976 0.0992544 0.1414496 0.0911638 0.0786790 0.1273958 0.0882476 0.1346781 0.0858478 0.0958827 0.1087706 0.0908489 0.0912620 0.1375313 0.0818883 0.1264073 0.0807720 0.0872011 0.0926005 0.1261663 0.1010921 0.1005087 0.1144133 0.0764147 0.0864757 0.0387042 0.0866911 
S0400         0.1206352 0.0449133 0.0628968 0.0981260 0.0822367 0.0145829 0.0865181 0.1306123 0.0865004 0.0224720 0.0381022 0.0952583 0.0901789 0.1047861 0.0669662 0.0877970 0.0984178 0.0895252 0.0991904 0.0877919 0.0798219 0.0000000 0.0190153 0.0944256 0.0778922 0.1043353 0.0664877 0.0738592 0.0970524 0.0879218 0.0953413 0.1038565 0.0793152 0.1199868 0.0919038 0.1131967 0.0517687 0.0177437 0.1183176 0.1056046 0.1148916 0.0571323 0.0141543 0.0745579 0.0864475 0.1369126 0.0764529 0.0877631 0.0247382 0.1015121 0.0625101 0.0152181 0.0589489 0.0617544 0.1119111 0.0790390 0.1068138 0.0876375 0.0811370 0.0886866 0.0901181 0.0985401 0.0800037 0.1037247 0.0976306 0.1047528 0.1037507 0.0524596 0.0830803 0.1332784 0.0446435 0.0953324 0.0971679 0.0995504 0.0956068 0.1326737 0.0674874 0.1317456 0.0835106 0.1072469 0.0814190 0.0930682 0.0484387 0.0946246 0.1302213 0.0227707 0.0469009 0.0787424 0.1100680 0.1068657 0.1010325 0.0839256 0.1048788 0.1369862 0.1095950 0.0912702 0.0863778 0.0214905 0.0835550 0.0898967 0.0844013 0.0228591 0.0155550 0.0430246 0.0879586 0.0458982 0.0942574 0.0874990 0.0870361 0.1193674 0.0454942 0.0639654 0.1164681 0.0813318 0.1119844 0.0184321 0.0882039 0.0968591 0.0795683 0.0262204 0.1222513 0.0427289 0.1032046 0.0378678 0.0540173 0.0823201 0.1040370 0.0910412 0.0863573 0.0979409 0.0611127 0.0777160 0.0758878 0.0741757 
S0405         0.1176577 0.0468966 0.0607802 0.0961717 0.0828661 0.0194297 0.0996327 0.1308575 0.0862279 0.0234572 0.0358213 0.0952126 0.0889581 0.1029445 0.0731653 0.0843674 0.0966611 0.0900284 0.0946251 0.0874643 0.0855086 0.0190153 0.0000000 0.0983485 0.0742615 0.1037001 0.0691118 0.0777761 0.0905271 0.0851762 0.0906075 0.1054379 0.0815290 0.1144518 0.0891956 0.1089577 0.0481936 0.0122266 0.1181995 0.1011964 0.1163392 0.0580839 0.0142165 0.0775293 0.0845270 0.1431214 0.0735465 0.0865153 0.0219080 0.1032063 0.0638861 0.0176444 0.0604563 0.0645247 0.1100228 0.0820496 0.1055013 0.0888309 0.0827545 0.0833207 0.0872557 0.0997668 0.0786130 0.1042949 0.0993237 0.1070338 0.1043142 0.0683703 0.0830617 0.1384047 0.0441174 0.0927792 0.0978907 0.1028194 0.1000444 0.1380580 0.0687827 0.1390423 0.0845843 0.1029048 0.0812415 0.0910423 0.0509337 0.0940650 0.1365932 0.0224976 0.0455170 0.0786928 0.1066596 0.1078397 0.0989906 0.0836038 0.1019231 0.1370504 0.1052990 0.0899565 0.0851766 0.0145825 0.0849615 0.0875944 0.0856211 0.0225814 0.0106626 0.0417862 0.0906450 0.0458609 0.0918072 0.0966682 0.0882101 0.1200571 0.0461965 0.0660824 0.1324814 0.0821116 0.1117882 0.0183239 0.0887187 0.0994668 0.0773847 0.0239066 0.1149529 0.0408807 0.0987174 0.0362506 0.0517003 0.0830572 0.1042425 0.0913462 0.0828621 0.0965617 0.0639715 0.0756265 0.0783277 0.0743754 
S0407sl       0.1301693 0.0964268 0.1003141 0.0517326 0.0954390 0.0976032 0.1335657 0.0550255 0.0893590 0.1050652 0.1028063 0.0475461 0.1114532 0.1207177 0.0308420 0.1113764 0.0342694 0.1061494 0.1132142 0.1094856 0.1167410 0.0944256 0.0983485 0.0000000 0.1177067 0.0299616 0.0898379 0.1105756 0.0406612 0.1071072 0.0497471 0.1096361 0.1297373 0.1369118 0.1131172 0.0383319 0.1055976 0.0985194 0.0496113 0.0425641 0.0717424 0.0973119 0.0994169 0.0975339 0.1074333 0.1772190 0.1163584 0.1110186 0.1041508 0.1090767 0.0861494 0.1015834 0.0844067 0.0889964 0.1095578 0.0991596 0.0448722 0.1161308 0.0645357 0.0527291 0.1043337 0.0388179 0.1008318 0.1145594 0.1032680 0.1115434 0.1120142 0.1498265 0.0980594 0.1774899 0.0613427 0.1130794 0.1209837 0.1061549 0.0998862 0.1689871 0.0906570 0.1707443 0.0895741 0.1123846 0.0993992 0.1134730 0.0991777 0.1026341 0.1724625 0.1034622 0.1031014 0.0942561 0.0352295 0.0670679 0.0671658 0.1090625 0.0558804 0.0540114 0.1252460 0.1085464 0.1064288 0.0980426 0.1120835 0.1109908 0.0943563 0.1075788 0.0927771 0.0939696 0.1056220 0.1012623 0.0513781 0.1083065 0.0917528 0.0481310 0.0967192 0.0890678 0.0431588 0.0997570 0.0712153 0.0972849 0.1034053 0.1017098 0.0939814 0.1105552 0.0501251 0.0920661 0.0605972 0.0969797 0.0974546 0.1018845 0.0653387 0.0973678 0.0966806 0.1021524 0.0867941 0.0932891 0.1069977 0.0889253 
S0412sl       0.1588402 0.0768750 0.0719277 0.1190609 0.0958993 0.0786630 0.1181210 0.1523233 0.0983642 0.0822908 0.0897682 0.1103450 0.0999177 0.1174420 0.0929277 0.0989511 0.1181761 0.1057059 0.1215810 0.0990314 0.0992581 0.0778922 0.0742615 0.1177067 0.0000000 0.1232715 0.0839507 0.0926660 0.1174615 0.0958288 0.1089733 0.1128194 0.0807619 0.1244433 0.0954563 0.1273142 0.0804489 0.0735353 0.1385861 0.1121393 0.1371156 0.0770215 0.0713978 0.0850819 0.0991760 0.1559743 0.0487955 0.0980128 0.0803753 0.1097385 0.0783402 0.0781021 0.0775861 0.0799118 0.1176135 0.0912862 0.1179315 0.1068494 0.1035018 0.0997679 0.1040395 0.1173368 0.0912628 0.1135441 0.1125722 0.1219161 0.1133041 0.1208602 0.1032318 0.1578988 0.0569393 0.0955668 0.1137980 0.1113399 0.1123665 0.1535272 0.0817384 0.1509502 0.1078178 0.1177745 0.0975567 0.0974789 0.0806716 0.1071606 0.1509317 0.0788407 0.0814006 0.0994582 0.1296694 0.1253986 0.1224159 0.0934800 0.1218288 0.1562162 0.1153694 0.1008899 0.0943627 0.0763700 0.0987421 0.1079124 0.0947784 0.0842809 0.0611490 0.0693644 0.1031612 0.0779382 0.1083144 0.1040933 0.1012620 0.1444339 0.0850358 0.0821516 0.1541245 0.1029331 0.1323343 0.0784642 0.1076392 0.1101506 0.0913659 0.0845331 0.1400330 0.0714880 0.1236220 0.0685852 0.0739518 0.0959299 0.1222872 0.1021857 0.0931633 0.1113291 0.0820811 0.0901778 0.0958594 0.0893992 
S0417         0.1138040 0.1073203 0.1120974 0.0363811 0.1106769 0.1023332 0.1397357 0.0403064 0.0988226 0.1129624 0.1132084 0.0334417 0.1207824 0.1342968 0.0205558 0.1188333 0.0278526 0.1154862 0.0973027 0.1164749 0.1199010 0.1043353 0.1037001 0.0299616 0.1232715 0.0000000 0.0971669 0.1176201 0.0382791 0.1127817 0.0470990 0.1238233 0.1354266 0.1452255 0.1246064 0.0318775 0.1136006 0.1071372 0.0394009 0.0412411 0.0847190 0.1104820 0.1121020 0.1061343 0.1175105 0.1828747 0.1235867 0.1177042 0.1123456 0.1210551 0.0924500 0.1048620 0.0916126 0.0962982 0.1203665 0.1100662 0.0443717 0.1206244 0.0673996 0.0461302 0.1074062 0.0367324 0.1103551 0.1191396 0.1123265 0.1191644 0.1214628 0.1539266 0.1063731 0.1784550 0.0609807 0.1208531 0.1281597 0.1104686 0.1078595 0.1760969 0.1004724 0.1763295 0.0824693 0.1162629 0.1082311 0.1199113 0.1122498 0.1100606 0.1780465 0.1105174 0.1131499 0.1024759 0.0212880 0.0746621 0.0785676 0.1151683 0.0521326 0.0551698 0.1344806 0.1181452 0.1139429 0.1099872 0.1170158 0.1123801 0.0999449 0.1174922 0.0946335 0.1036785 0.1095236 0.1113098 0.0463408 0.1132630 0.1016625 0.0381388 0.1127951 0.0971227 0.0481813 0.1053272 0.0804199 0.1085945 0.1100211 0.1068820 0.1002085 0.1184318 0.0402019 0.1050443 0.0608631 0.1053856 0.1064479 0.1094585 0.0737835 0.0978646 0.0990834 0.1205332 0.0924087 0.1005426 0.1148500 0.0942494 
S0419         0.1174665 0.0686384 0.0131938 0.0916019 0.0364858 0.0661493 0.0984884 0.1194641 0.0721554 0.0743651 0.0803084 0.0992304 0.0807050 0.0889674 0.0678724 0.0761596 0.0908890 0.0735047 0.0988149 0.0785538 0.0812133 0.0664877 0.0691118 0.0898379 0.0839507 0.0971669 0.0000000 0.0739635 0.0904027 0.0755832 0.0891300 0.0927657 0.0950692 0.1047741 0.0796265 0.1021166 0.0774307 0.0682992 0.1111219 0.0959020 0.0990896 0.0685153 0.0688673 0.0269069 0.0763209 0.1405992 0.0866157 0.0790693 0.0712261 0.0916981 0.0092853 0.0697085 0.0098704 0.0116589 0.0955139 0.0319258 0.0978016 0.0837256 0.0733211 0.0849539 0.0703225 0.0988102 0.0697616 0.0933755 0.0906004 0.0946216 0.0926446 0.1068004 0.0380171 0.1395839 0.0333611 0.0713217 0.0862469 0.0918927 0.0886000 0.1366374 0.0117845 0.1357032 0.0975489 0.0948299 0.0723490 0.0782096 0.0747612 0.0874040 0.1324936 0.0726776 0.0678860 0.0680630 0.1024325 0.0902510 0.0873663 0.0755204 0.0990441 0.1284350 0.0923124 0.0809221 0.0763286 0.0708280 0.0754166 0.0792552 0.0739375 0.0750949 0.0575971 0.0643411 0.0803140 0.0749626 0.0849704 0.0831468 0.0750440 0.1181707 0.0658457 0.0140376 0.1190411 0.0379217 0.0995457 0.0700858 0.0418048 0.0871025 0.0657170 0.0790155 0.1157938 0.0616102 0.0960231 0.0649218 0.0693575 0.0718585 0.0869032 0.0763744 0.0669083 0.0903926 0.0337671 0.0625739 0.0741828 0.0571776 
S0427         0.1390006 0.0737461 0.0612121 0.1114468 0.0816594 0.0740176 0.1216498 0.1484763 0.0908620 0.0831786 0.0887622 0.1119125 0.1048083 0.1142793 0.0766331 0.1054179 0.1164925 0.0958765 0.1041908 0.1056973 0.0428505 0.0738592 0.0777761 0.1105756 0.0926660 0.1176201 0.0739635 0.0000000 0.1112245 0.1037833 0.1131691 0.1067681 0.1035565 0.1185593 0.1014507 0.1279085 0.0862605 0.0755024 0.1366886 0.1195662 0.1324429 0.0765061 0.0777511 0.0810448 0.1058531 0.1571129 0.0966803 0.1061868 0.0805034 0.1082482 0.0678605 0.0771437 0.0671321 0.0657124 0.1098499 0.0854986 0.1214552 0.0960382 0.1008498 0.1013053 0.0941887 0.1168623 0.0921217 0.1084512 0.1079447 0.1132439 0.1103338 0.1160262 0.0869807 0.1582946 0.0559877 0.0974797 0.1107170 0.1053861 0.1059901 0.1538903 0.0698135 0.1502757 0.1071325 0.1091877 0.0900837 0.1005332 0.0779798 0.1009456 0.1520618 0.0756349 0.0802033 0.0853008 0.1239276 0.1224151 0.1174738 0.1038316 0.1241161 0.1596916 0.1125982 0.1081229 0.1047941 0.0797200 0.0904388 0.0935463 0.0894563 0.0822635 0.0654898 0.0706308 0.0929388 0.0778649 0.1092419 0.0974459 0.0936933 0.1409498 0.0818097 0.0715387 0.1448880 0.0859975 0.1319920 0.0766716 0.0919825 0.1003983 0.0849734 0.0811312 0.1336609 0.0736189 0.1230568 0.0711607 0.0825972 0.0900350 0.1195606 0.0940534 0.0926656 0.1098679 0.0723117 0.0839243 0.0359727 0.0784837 
S0428sl       0.1114925 0.0970796 0.1053407 0.0438010 0.1052783 0.0906386 0.1171031 0.0595469 0.0981717 0.1020607 0.0959080 0.0442463 0.1171573 0.1320975 0.0281188 0.1189846 0.0358692 0.1111457 0.1088511 0.1180255 0.1229998 0.0970524 0.0905271 0.0406612 0.1174615 0.0382791 0.0904027 0.1112245 0.0000000 0.1168640 0.0438624 0.1149666 0.1276013 0.1436206 0.1231221 0.0422855 0.1057244 0.0924511 0.0510080 0.0447425 0.0732121 0.1039450 0.0976523 0.0986048 0.1193130 0.1783208 0.1226348 0.1167343 0.0978715 0.1139949 0.0876607 0.0961839 0.0859475 0.0913431 0.1102213 0.1014773 0.0460038 0.1165681 0.0593618 0.0494165 0.1026550 0.0453640 0.1047945 0.1159591 0.1119750 0.1128034 0.1196447 0.1179108 0.1009646 0.1773941 0.0568238 0.1196323 0.1255024 0.1002715 0.0988145 0.1724406 0.0978564 0.1707428 0.0779075 0.1167505 0.1053630 0.1184052 0.1018604 0.1047136 0.1747039 0.0952842 0.1063129 0.1004860 0.0367616 0.0694157 0.0712211 0.1147039 0.0553195 0.0627034 0.1328801 0.1192585 0.1160532 0.0929664 0.1154142 0.1071888 0.0966723 0.1012501 0.0853626 0.0963446 0.1108095 0.1016091 0.0516964 0.1027417 0.0951040 0.0555739 0.1028960 0.0912292 0.0480405 0.1018817 0.0718812 0.0939069 0.1045701 0.1011539 0.0982780 0.1060063 0.0577194 0.0926911 0.0614165 0.0984184 0.0981310 0.1077015 0.0693457 0.0998535 0.0931998 0.1088910 0.0794888 0.0974855 0.1080954 0.0911642 
