123
PAFTOL_019361 0.0000000 0.0739819 0.0855850 0.1602902 0.0919978 0.0962335 0.1251766 0.1499179 0.1170815 0.0912438 0.0938411 0.1186930 0.1178351 0.1351789 0.1201780 0.1079089 0.1146234 0.1114969 0.0860817 0.0891199 0.0972290 0.1129937 0.1007180 0.1027509 0.1172616 0.1381650 0.1272573 0.0896058 0.1158326 0.0925653 0.1008123 0.1194563 0.0895386 0.1125605 0.0802749 0.0890358 0.1175786 0.1160575 0.0927672 0.0997530 0.1211948 0.0858845 0.1154706 0.0959748 0.0896440 0.1007180 0.1147020 0.1256805 0.0984153 0.1064172 0.1219579 0.1067552 0.1186731 0.1098536 0.0942236 0.1162838 0.1061822 0.1174333 0.1186645 0.0998541 0.1354501 0.1288508 0.1183189 0.1024207 0.1025718 0.1022506 0.1074430 0.0996781 0.1024441 0.1161931 0.1118821 0.1193146 0.1143710 0.0938835 0.1267077 0.0950046 0.0889193 0.0978562 0.1030611 0.1219999 0.1046146 0.1053996 0.1124599 0.1027121 0.1250844 0.1213252 0.0815284 0.0989621 0.0952780 0.1030194 0.0980705 0.0899293 0.1011432 0.1099084 0.0858306 0.1196727 0.1133425 0.1084724 0.1236209 0.1011512 0.1045018 0.1079976 0.1002477 0.1133467 0.0979641 0.0998541 0.1041138 0.0942320 0.0938746 0.1280457 0.0988851 0.1311870 0.1136223 0.0931026 0.0984022 0.1092713 0.1089637 0.0930453 0.1294680 0.0916527 0.0947040 0.0949914 0.0843419 
S0055         0.0739819 0.0000000 0.0330829 0.0461141 0.0259979 0.0166125 0.0423429 0.0453947 0.0258989 0.0147000 0.0283271 0.0229387 0.0356304 0.0350749 0.0393990 0.0168301 0.0423495 0.0274954 0.0110582 0.0109851 0.0213680 0.0228578 0.0259243 0.0167209 0.0385636 0.0479941 0.0396043 0.0222507 0.0355559 0.0137940 0.0138842 0.0261053 0.0166023 0.0352014 0.0027278 0.0109732 0.0322741 0.0430060 0.0323961 0.0259821 0.0417019 0.0138378 0.0262265 0.0227451 0.0138838 0.0259243 0.0350012 0.0417604 0.0256895 0.0319251 0.0322378 0.0254357 0.0262158 0.0285725 0.0166961 0.0393600 0.0292028 0.0364232 0.0398793 0.0227509 0.0592792 0.0386484 0.0315398 0.0367807 0.0228260 0.0290780 0.0351902 0.0287496 0.0416564 0.0483400 0.0362485 0.0316253 0.0285282 0.0198170 0.0418392 0.0416780 0.0137787 0.0254598 0.0225563 0.0291059 0.0350058 0.0259848 0.0362031 0.0285187 0.0353249 0.0417452 0.0109711 0.0259854 0.0317958 0.0227953 0.0168807 0.0225569 0.0137304 0.0222991 0.0139158 0.0378529 0.0193598 0.0378011 0.0327607 0.0166111 0.0289240 0.0288520 0.0228311 0.0289311 0.0197998 0.0227509 0.0199567 0.0256534 0.0138202 0.0386450 0.0139177 0.0447291 0.0231513 0.0026729 0.0351027 0.0384218 0.0262304 0.0226802 0.0688507 0.0139407 0.0288133 0.0200785 0.0083444 
S0196sl       0.0855850 0.0330829 0.0000000 0.0324740 0.0398216 0.0465964 0.0760671 0.0394094 0.0551191 0.0393469 0.0611560 0.0475176 0.1107438 0.0614302 0.0866504 0.0253628 0.0748778 0.0762035 0.0393469 0.0396010 0.0872540 0.0255221 0.0122563 0.0540949 0.0820637 0.0388949 0.0637439 0.0395571 0.1005672 0.0393469 0.0475246 0.0324740 0.0253628 0.0536456 0.0398014 0.0395745 0.0463035 0.0866504 0.0264139 0.0472944 0.0995442 0.0393469 0.0321951 0.0059618 0.0395248 0.0122563 0.0447284 0.0462742 0.0328170 0.0490235 0.0544222 0.0253628 0.0572323 0.0551528 0.0554062 0.0544600 0.0551886 0.0400880 0.0481796 0.0321732 0.0735246 0.0625084 0.0475246 0.1061543 0.0320818 0.0394436 0.0464207 0.0247651 0.0466292 0.0700460 0.0846920 0.0520184 0.0475246 0.0465964 0.0789647 0.0395885 0.0466283 0.0621290 0.0467037 0.0402221 0.0322242 0.0392616 0.0760671 0.0461461 0.0704564 0.0820637 0.0465964 0.0476250 0.0475556 0.0640407 0.0549189 0.0468817 0.0398308 0.0460050 0.0614367 0.0396209 0.0457305 0.0548764 0.0482401 0.0618839 0.0185465 0.0321732 0.0321732 0.0462514 0.0467249 0.0321732 0.0482393 0.0551839 0.0465964 0.0557541 0.0543820 0.0481122 0.0719323 0.0394101 0.0615249 0.0322242 0.0474800 0.0323856 0.1054235 0.0253628 0.0475556 0.0568895 0.0261389 
S0278         0.1602902 0.0461141 0.0324740 0.0000000 0.0775998 0.0732442 0.1035640 0.0486915 0.0780306 0.0708634 0.0827949 0.0416573 0.1047304 0.0411342 0.1001012 0.0352427 0.1032913 0.0786521 0.0668380 0.0663198 0.0828254 0.0319103 0.0699064 0.0724731 0.0977145 0.0621488 0.0918753 0.0874202 0.0951970 0.0736767 0.0669435 0.0387639 0.0350732 0.0731730 0.0522899 0.0662533 0.0854824 0.1102419 0.0838775 0.0824027 0.1014986 0.0700826 0.0746042 0.0658037 0.0703332 0.0699064 0.0813783 0.0889718 0.0518590 0.0865624 0.0662960 0.0383259 0.0743494 0.0277268 0.0736957 0.0909975 0.0860673 0.0786654 0.0874902 0.0693279 0.1259172 0.0860469 0.0780188 0.0997927 0.0749353 0.0831871 0.0984714 0.0765846 0.0953324 0.0853549 0.1114082 0.0882275 0.0743804 0.0739483 0.0991605 0.0991033 0.0697212 0.0874579 0.0768258 0.0349408 0.0727285 0.0666692 0.0917626 0.0551697 0.0987909 0.1016086 0.0662379 0.0795132 0.0844153 0.0782542 0.0746370 0.0812118 0.0586099 0.0762773 0.0779175 0.0732761 0.0724978 0.0883830 0.0389271 0.0806295 0.0733872 0.0451172 0.0695916 0.0700460 0.0782990 0.0693279 0.0750812 0.0847657 0.0811146 0.0479494 0.0706242 0.0703668 0.0838316 0.0552565 0.0932022 0.0770352 0.0875874 0.0722752 0.1254017 0.0518413 0.0851895 0.0827633 0.0597679 
S0281         0.0919978 0.0259979 0.0398216 0.0775998 0.0000000 0.0501017 0.0755550 0.0680826 0.0469118 0.0504381 0.0530095 0.0476598 0.0624052 0.0571490 0.0740586 0.0373084 0.0735142 0.0613204 0.0441679 0.0438510 0.0529420 0.0438429 0.0284089 0.0604067 0.0723998 0.0637585 0.0677596 0.0498689 0.0726885 0.0339008 0.0473278 0.0512329 0.0253105 0.0500988 0.0350147 0.0438080 0.0408833 0.0787392 0.0548033 0.0657157 0.0758541 0.0471559 0.0556114 0.0252415 0.0473165 0.0284089 0.0501251 0.0504501 0.0342895 0.0650637 0.0503994 0.0369800 0.0474890 0.0604963 0.0471532 0.0516707 0.0548535 0.0556393 0.0595351 0.0341515 0.0887842 0.0573727 0.0675888 0.0721555 0.0442347 0.0472749 0.0685478 0.0342502 0.0713599 0.0598821 0.0710721 0.0567218 0.0641956 0.0543361 0.0684424 0.0645853 0.0405126 0.0535151 0.0374256 0.0473260 0.0435577 0.0407902 0.0707872 0.0435139 0.0686959 0.0759337 0.0437994 0.0583300 0.0532069 0.0437137 0.0509783 0.0505777 0.0437098 0.0434378 0.0474526 0.0569036 0.0402227 0.0404714 0.0588203 0.0436272 0.0313763 0.0501640 0.0342712 0.0438718 0.0542576 0.0341515 0.0438857 0.0464452 0.0375035 0.0693579 0.0508032 0.0574625 0.0622718 0.0342165 0.0469065 0.0533580 0.0444242 0.0344745 0.0717082 0.0251663 0.0466439 0.0520776 0.0224284 
S0282         0.0962335 0.0166125 0.0465964 0.0732442 0.0501017 0.0000000 0.0589088 0.0675020 0.0467181 0.0084005 0.0514246 0.0440336 0.0542420 0.0568284 0.0546411 0.0370052 0.0575618 0.0497576 0.0106318 0.0105643 0.0519746 0.0404106 0.0499575 0.0397794 0.0534829 0.0734674 0.0628088 0.0423709 0.0571382 0.0304738 0.0188566 0.0475157 0.0336403 0.0604579 0.0191816 0.0052288 0.0568728 0.0623700 0.0505545 0.0537798 0.0566788 0.0133038 0.0548095 0.0464074 0.0133463 0.0499575 0.0523614 0.0669164 0.0495555 0.0498280 0.0539979 0.0490515 0.0472896 0.0463591 0.0306853 0.0624076 0.0574326 0.0594602 0.0634589 0.0495718 0.0823938 0.0716753 0.0492131 0.0521647 0.0461747 0.0529370 0.0566337 0.0560753 0.0634973 0.0632539 0.0656927 0.0557778 0.0460927 0.0464583 0.0629699 0.0635291 0.0132492 0.0489078 0.0428576 0.0535263 0.0601089 0.0542851 0.0482850 0.0459589 0.0535070 0.0502954 0.0105517 0.0399241 0.0596751 0.0468483 0.0162189 0.0216705 0.0394114 0.0457890 0.0399653 0.0624045 0.0425957 0.0589524 0.0548979 0.0394315 0.0531068 0.0497493 0.0497482 0.0574690 0.0190193 0.0495718 0.0439558 0.0527383 0.0396428 0.0608533 0.0368845 0.0738659 0.0472065 0.0217013 0.0597323 0.0638080 0.0543107 0.0498841 0.0923872 0.0339205 0.0529679 0.0442183 0.0343503 
S0288         0.1251766 0.0423429 0.0760671 0.1035640 0.0755550 0.0589088 0.0000000 0.1024255 0.0670800 0.0558524 0.0779103 0.0768945 0.0634455 0.0886726 0.0028663 0.0674317 0.0057514 0.0621335 0.0487160 0.0519030 0.0628447 0.0712096 0.0753035 0.0620533 0.0028222 0.1052285 0.0876970 0.0725615 0.0750810 0.0626051 0.0558699 0.0814776 0.0605055 0.0840700 0.0413715 0.0518469 0.0751731 0.0088479 0.0605156 0.0715134 0.0114996 0.0556441 0.0655155 0.0753035 0.0522111 0.0799324 0.0923356 0.0867535 0.0831083 0.0666539 0.0725537 0.0821046 0.0728366 0.0647163 0.0241345 0.0926834 0.0653576 0.0796956 0.0748415 0.0740744 0.1120758 0.0804641 0.0585512 0.0621019 0.0708465 0.0793163 0.0764882 0.0829491 0.0715978 0.0955161 0.0862968 0.0737998 0.0549991 0.0713538 0.0840895 0.0754048 0.0553519 0.0544579 0.0632759 0.0837999 0.0800128 0.0765173 0.0028606 0.0818320 0.0676976 0.0056757 0.0481235 0.0631347 0.0920564 0.0762642 0.0518523 0.0595330 0.0622792 0.0667926 0.0593498 0.0904111 0.0590017 0.0819007 0.0913597 0.0581109 0.0837831 0.0792320 0.0740744 0.0850105 0.0563864 0.0740744 0.0639895 0.0831950 0.0584648 0.0676433 0.0631789 0.1000748 0.0765578 0.0478230 0.0794533 0.0925426 0.0766099 0.0759170 0.1279890 0.0598224 0.0836371 0.0643321 0.0602043 
S0289         0.1499179 0.0453947 0.0394094 0.0486915 0.0680826 0.0675020 0.1024255 0.0000000 0.0616268 0.0691191 0.0777637 0.0343764 0.0972373 0.0339627 0.0980586 0.0283159 0.1011910 0.0820322 0.0613293 0.0608709 0.0719509 0.0314436 0.0608602 0.0748817 0.0957663 0.0543121 0.0787388 0.0774779 0.0774523 0.0676779 0.0646961 0.0315740 0.0300204 0.0722226 0.0515897 0.0608115 0.0754753 0.1079331 0.0738308 0.0812915 0.0994690 0.0644509 0.0731656 0.0570452 0.0646745 0.0608602 0.0716384 0.0787961 0.0504162 0.0800704 0.0654425 0.0372983 0.0582317 0.0276249 0.0679010 0.0770014 0.0685227 0.0699849 0.0783364 0.0603759 0.0952953 0.0768914 0.0648158 0.0801653 0.0519838 0.0592791 0.0840834 0.0672282 0.0845562 0.0684476 0.0859061 0.0748044 0.0614176 0.0579271 0.0721508 0.0845981 0.0641319 0.0750767 0.0674257 0.0314593 0.0717897 0.0658058 0.0946169 0.0504333 0.0916922 0.0995749 0.0607982 0.0591374 0.0826766 0.0618018 0.0687368 0.0706533 0.0502705 0.0535520 0.0683447 0.0643579 0.0568487 0.0749969 0.0317034 0.0642297 0.0641606 0.0278915 0.0605969 0.0691359 0.0611130 0.0603759 0.0553231 0.0748738 0.0680985 0.0473673 0.0614516 0.0646155 0.0736949 0.0470898 0.0827544 0.0722512 0.0772575 0.0676876 0.1190038 0.0438683 0.0752290 0.0851777 0.0512239 
S0292         0.1170815 0.0258989 0.0551191 0.0780306 0.0469118 0.0467181 0.0670800 0.0616268 0.0000000 0.0434088 0.0666076 0.0478808 0.0731927 0.0508984 0.0621106 0.0374689 0.0684823 0.0468712 0.0408366 0.0405478 0.0580784 0.0440399 0.0540282 0.0462681 0.0640796 0.0709390 0.0758883 0.0496832 0.0690413 0.0468329 0.0371207 0.0481425 0.0344588 0.0611019 0.0317501 0.0405073 0.0611745 0.0737513 0.0541372 0.0654619 0.0674008 0.0376003 0.0557773 0.0503486 0.0439440 0.0540282 0.0575646 0.0682395 0.0501969 0.0643766 0.0545659 0.0496803 0.0346692 0.0537926 0.0469750 0.0705638 0.0582091 0.0675632 0.0717878 0.0536023 0.0996930 0.0622009 0.0635398 0.0396468 0.0444460 0.0513669 0.0717374 0.0602937 0.0708457 0.0613721 0.0633685 0.0430688 0.0602116 0.0476612 0.0412326 0.0708800 0.0435929 0.0600569 0.0536706 0.0542361 0.0607451 0.0548601 0.0623384 0.0436376 0.0649126 0.0674703 0.0404995 0.0545637 0.0404730 0.0164357 0.0405117 0.0535492 0.0432990 0.0341401 0.0472736 0.0708361 0.0221748 0.0248849 0.0556460 0.0499353 0.0499010 0.0503961 0.0537969 0.0580804 0.0443672 0.0536023 0.0222037 0.0401198 0.0437735 0.0697244 0.0407393 0.0748916 0.0515032 0.0280270 0.0434257 0.0578519 0.0412860 0.0474509 0.0940163 0.0343749 0.0402878 0.0544881 0.0347153 
S0293         0.0912438 0.0147000 0.0393469 0.0708634 0.0504381 0.0084005 0.0558524 0.0691191 0.0434088 0.0000000 0.0485769 0.0439466 0.0548824 0.0576470 0.0553155 0.0364482 0.0584451 0.0468189 0.0084682 0.0084110 0.0439070 0.0364869 0.0502828 0.0394098 0.0540605 0.0633467 0.0593167 0.0355240 0.0579834 0.0295060 0.0171813 0.0400487 0.0291518 0.0576153 0.0174461 0.0027729 0.0576963 0.0636367 0.0475250 0.0504604 0.0574847 0.0084237 0.0554981 0.0464846 0.0113424 0.0502828 0.0495173 0.0684766 0.0498502 0.0501435 0.0507969 0.0493085 0.0472481 0.0400377 0.0297241 0.0553867 0.0583037 0.0522813 0.0563608 0.0498678 0.0814047 0.0648109 0.0494822 0.0446272 0.0462356 0.0534702 0.0539989 0.0568294 0.0577954 0.0574429 0.0634185 0.0565073 0.0461478 0.0465390 0.0642260 0.0613173 0.0112548 0.0455612 0.0394657 0.0502084 0.0572635 0.0510829 0.0518549 0.0528829 0.0462664 0.0575472 0.0084005 0.0324891 0.0537074 0.0435387 0.0143698 0.0201644 0.0390216 0.0458232 0.0396060 0.0563328 0.0424154 0.0530183 0.0475133 0.0390423 0.0536536 0.0500587 0.0498678 0.0544466 0.0173389 0.0498678 0.0438642 0.0498982 0.0392655 0.0506023 0.0363207 0.0759507 0.0473410 0.0201950 0.0572979 0.0575531 0.0514845 0.0467588 0.0960854 0.0295051 0.0501287 0.0441438 0.0336101 
S0294         0.0938411 0.0283271 0.0611560 0.0827949 0.0530095 0.0514246 0.0779103 0.0777637 0.0666076 0.0485769 0.0000000 0.0600804 0.0677788 0.0734366 0.0755586 0.0524123 0.0750154 0.0605155 0.0456756 0.0453587 0.0604385 0.0593047 0.0528571 0.0525048 0.0739031 0.0768670 0.0802119 0.0519431 0.0748507 0.0458441 0.0487431 0.0638241 0.0426237 0.0740536 0.0311052 0.0453149 0.0664108 0.0801621 0.0477411 0.0641681 0.0772876 0.0485715 0.0758543 0.0492729 0.0487315 0.0528571 0.0556027 0.0766745 0.0590887 0.0703597 0.0637433 0.0584788 0.0711458 0.0655311 0.0524266 0.0726262 0.0747437 0.0696820 0.0703415 0.0588085 0.0725314 0.0772749 0.0625572 0.0628244 0.0561327 0.0632504 0.0538543 0.0589801 0.0571582 0.0733608 0.0838539 0.0760721 0.0592880 0.0563926 0.0732806 0.0506905 0.0483501 0.0523989 0.0520823 0.0699740 0.0668728 0.0640872 0.0723589 0.0656032 0.0777636 0.0773668 0.0453062 0.0499488 0.0629361 0.0667908 0.0489630 0.0518981 0.0425686 0.0652182 0.0433573 0.0527611 0.0551455 0.0661429 0.0718074 0.0427364 0.0560147 0.0658511 0.0590184 0.0673812 0.0554770 0.0588085 0.0568708 0.0698257 0.0365910 0.0778395 0.0496323 0.0809292 0.0642508 0.0424849 0.0635447 0.0775354 0.0751330 0.0528220 0.1010864 0.0491122 0.0701467 0.0540662 0.0433439 
S0299         0.1186930 0.0229387 0.0475176 0.0416573 0.0476598 0.0440336 0.0768945 0.0343764 0.0478808 0.0439466 0.0600804 0.0000000 0.0625432 0.0218804 0.0707117 0.0195173 0.0740516 0.0589117 0.0381219 0.0378500 0.0499156 0.0255556 0.0475211 0.0507333 0.0693917 0.0540066 0.0557422 0.0566955 0.0696708 0.0473787 0.0412436 0.0135741 0.0304397 0.0440087 0.0287618 0.0378122 0.0544666 0.0796747 0.0625970 0.0581511 0.0728437 0.0410947 0.0445388 0.0439651 0.0412352 0.0475211 0.0509585 0.0645830 0.0374799 0.0543848 0.0378445 0.0311088 0.0378615 0.0280207 0.0442772 0.0512628 0.0513056 0.0448489 0.0520944 0.0471500 0.0890015 0.0656308 0.0511249 0.0689994 0.0449717 0.0519841 0.0690216 0.0536955 0.0764268 0.0604786 0.0671503 0.0539959 0.0478728 0.0444272 0.0693106 0.0764653 0.0409033 0.0607691 0.0409211 0.0255689 0.0437634 0.0380383 0.0677083 0.0374941 0.0657032 0.0729207 0.0378049 0.0520270 0.0611942 0.0480177 0.0447995 0.0508539 0.0375305 0.0469047 0.0478294 0.0506202 0.0436251 0.0572814 0.0136282 0.0505183 0.0506948 0.0251562 0.0473198 0.0410904 0.0442570 0.0471500 0.0450540 0.0540554 0.0508031 0.0283120 0.0445588 0.0542928 0.0557068 0.0224609 0.0612537 0.0505812 0.0557092 0.0435131 0.0953784 0.0314109 0.0542970 0.0594419 0.0286883 
S0308         0.1178351 0.0356304 0.1107438 0.1047304 0.0624052 0.0542420 0.0634455 0.0972373 0.0731927 0.0548824 0.0677788 0.0625432 0.0000000 0.0848589 0.0587643 0.0619423 0.0617313 0.0704675 0.0409273 0.0478214 0.0765998 0.0694575 0.0694172 0.0578903 0.0574961 0.1036205 0.0915489 0.0669886 0.0691106 0.0540928 0.0514239 0.0664717 0.0706074 0.0774148 0.0350216 0.0477735 0.0729726 0.0587487 0.0703915 0.0655507 0.0677775 0.0512328 0.0658533 0.0653469 0.0440411 0.0694172 0.0793262 0.0837867 0.0653620 0.0571018 0.0778684 0.0753455 0.0661283 0.0861800 0.0340564 0.0829648 0.0699353 0.0878604 0.0925739 0.0617092 0.0941181 0.0798631 0.0568588 0.0651848 0.0572059 0.0644839 0.0732512 0.0722721 0.0807628 0.0914705 0.0824435 0.0756883 0.0535980 0.0652438 0.0805081 0.0808033 0.0443690 0.0642318 0.0649023 0.0811051 0.0885517 0.0694036 0.0556290 0.0754031 0.0651826 0.0608287 0.0444130 0.0614790 0.0878596 0.0651936 0.0552139 0.0511723 0.0606166 0.0602258 0.0579766 0.0906783 0.0601125 0.0867102 0.0748674 0.0573004 0.0728740 0.0727195 0.0619402 0.0730505 0.0508724 0.0617092 0.0621525 0.0797835 0.0508514 0.0842847 0.0547095 0.1042317 0.0702016 0.0441210 0.0839702 0.0929130 0.0736794 0.0728753 0.1043201 0.0550142 0.0801723 0.0598680 0.0485024 
S0320         0.1351789 0.0350749 0.0614302 0.0411342 0.0571490 0.0568284 0.0886726 0.0339627 0.0508984 0.0576470 0.0734366 0.0218804 0.0848589 0.0000000 0.0781596 0.0253302 0.0848590 0.0661246 0.0508066 0.0504364 0.0711894 0.0252533 0.0605194 0.0638564 0.0799230 0.0605721 0.0694433 0.0699092 0.0839296 0.0603410 0.0540432 0.0191783 0.0393075 0.0501237 0.0410377 0.0503871 0.0678341 0.0908893 0.0695245 0.0648897 0.0834573 0.0538437 0.0574883 0.0567308 0.0540283 0.0605194 0.0641400 0.0783341 0.0436491 0.0721043 0.0438888 0.0371051 0.0474481 0.0394397 0.0571529 0.0645201 0.0645846 0.0578888 0.0621119 0.0567697 0.1003645 0.0796317 0.0643572 0.0763505 0.0580616 0.0654659 0.0831322 0.0668487 0.0835941 0.0714085 0.0815036 0.0672407 0.0609850 0.0573442 0.0763392 0.0836354 0.0535856 0.0742977 0.0601198 0.0252656 0.0498423 0.0441152 0.0784542 0.0405522 0.0797249 0.0835453 0.0503768 0.0655170 0.0710570 0.0575875 0.0578396 0.0640107 0.0499990 0.0597218 0.0609246 0.0637056 0.0499032 0.0603203 0.0192548 0.0635798 0.0637991 0.0248626 0.0569758 0.0471974 0.0571189 0.0567697 0.0546524 0.0636747 0.0639427 0.0338803 0.0575241 0.0608967 0.0694217 0.0404297 0.0711243 0.0568081 0.0656438 0.0495556 0.1026936 0.0436352 0.0639652 0.0733619 0.0378980 
S0322         0.1201780 0.0393990 0.0866504 0.1001012 0.0740586 0.0546411 0.0028663 0.0980586 0.0621106 0.0553155 0.0755586 0.0707117 0.0587643 0.0781596 0.0000000 0.0624131 0.0026762 0.0591586 0.0452057 0.0481689 0.0635781 0.0699982 0.0703899 0.0575693 0.0000027 0.1044983 0.0846131 0.0711436 0.0736235 0.0580433 0.0518034 0.0751437 0.0613450 0.0857018 0.0385571 0.0481208 0.0695175 0.0054810 0.0629772 0.0702788 0.0080286 0.0516093 0.0641390 0.0696280 0.0484343 0.0738273 0.0888211 0.0801463 0.0767890 0.0617465 0.0748433 0.0759308 0.0668998 0.0733518 0.0195943 0.0930391 0.0604022 0.0809458 0.0764056 0.0685752 0.1068921 0.0828747 0.0543327 0.0573772 0.0689991 0.0768237 0.0779061 0.0766487 0.0768983 0.0917823 0.0834274 0.0683389 0.0510541 0.0694584 0.0776267 0.0769371 0.0513587 0.0541648 0.0619754 0.0817597 0.0818741 0.0785873 0.0000026 0.0724518 0.0626431 0.0026438 0.0446951 0.0584968 0.0885745 0.0739801 0.0481258 0.0551770 0.0610667 0.0652447 0.0550195 0.0914140 0.0547187 0.0798355 0.0840649 0.0539552 0.0773609 0.0732285 0.0688335 0.0866031 0.0555676 0.0685752 0.0626265 0.0804157 0.0580550 0.0742014 0.0585335 0.0959766 0.0706963 0.0444365 0.0805689 0.0936865 0.0780214 0.0701531 0.1172665 0.0554251 0.0808112 0.0595246 0.0557523 
S0327         0.1079089 0.0168301 0.0253628 0.0352427 0.0373084 0.0370052 0.0674317 0.0283159 0.0374689 0.0364482 0.0524123 0.0195173 0.0619423 0.0253302 0.0624131 0.0000000 0.0653991 0.0539132 0.0312759 0.0310608 0.0404837 0.0108534 0.0372036 0.0433898 0.0610546 0.0372325 0.0599670 0.0460057 0.0612964 0.0341609 0.0342724 0.0167566 0.0122151 0.0407404 0.0225093 0.0310291 0.0437104 0.0705788 0.0447037 0.0480989 0.0643668 0.0341529 0.0483847 0.0339033 0.0342670 0.0372036 0.0404245 0.0532954 0.0220398 0.0506394 0.0346480 0.0162237 0.0379246 0.0220435 0.0372020 0.0552911 0.0477385 0.0523655 0.0562062 0.0369225 0.0753677 0.0509984 0.0437144 0.0603413 0.0346469 0.0412013 0.0573006 0.0431182 0.0608795 0.0501566 0.0631972 0.0463785 0.0405961 0.0377299 0.0575855 0.0576280 0.0339995 0.0464944 0.0369638 0.0194658 0.0405154 0.0348241 0.0592469 0.0249103 0.0575480 0.0644334 0.0310233 0.0444600 0.0500823 0.0375744 0.0376271 0.0434898 0.0309459 0.0367380 0.0374337 0.0401666 0.0336489 0.0464663 0.0229203 0.0369677 0.0402245 0.0136063 0.0370515 0.0378428 0.0407323 0.0369225 0.0347086 0.0433954 0.0403046 0.0382855 0.0343380 0.0343126 0.0446595 0.0191365 0.0501311 0.0439103 0.0446705 0.0371130 0.0911511 0.0220338 0.0402366 0.0514800 0.0223643 
S0355         0.1146234 0.0423495 0.0748778 0.1032913 0.0735142 0.0575618 0.0057514 0.1011910 0.0684823 0.0584451 0.0750154 0.0740516 0.0617313 0.0848590 0.0026762 0.0653991 0.0000000 0.0658915 0.0481277 0.0510814 0.0673681 0.0730223 0.0698745 0.0604769 0.0026257 0.1075998 0.0787248 0.0706404 0.0766551 0.0609747 0.0547430 0.0782368 0.0606804 0.0887923 0.0414454 0.0510299 0.0725221 0.0026690 0.0625213 0.0651164 0.0106881 0.0545382 0.0591321 0.0691232 0.0513619 0.0732862 0.0829654 0.0831662 0.0762294 0.0647014 0.0779255 0.0753831 0.0741406 0.0709751 0.0223566 0.0867915 0.0555461 0.0751841 0.0708598 0.0715415 0.1060670 0.0859903 0.0572378 0.0606263 0.0719827 0.0798503 0.0809695 0.0760906 0.0799247 0.0948393 0.0811472 0.0712958 0.0539522 0.0724606 0.0842734 0.0763754 0.0542731 0.0570610 0.0649409 0.0848369 0.0812662 0.0816773 0.0026881 0.0753817 0.0656382 0.0052795 0.0475849 0.0616191 0.0916403 0.0770271 0.0510349 0.0547852 0.0639890 0.0682088 0.0579607 0.0907400 0.0609441 0.0827837 0.0872223 0.0568392 0.0767928 0.0762468 0.0718100 0.0897227 0.0585371 0.0715415 0.0619213 0.0834433 0.0609873 0.0772581 0.0614910 0.0952614 0.0737514 0.0473093 0.0836043 0.0967995 0.0810881 0.0696410 0.1163365 0.0583873 0.0838538 0.0625283 0.0587320 
S0376         0.1114969 0.0274954 0.0762035 0.0786521 0.0613204 0.0497576 0.0621335 0.0820322 0.0468712 0.0468189 0.0605155 0.0589117 0.0704675 0.0661246 0.0591586 0.0539132 0.0658915 0.0000000 0.0435005 0.0366452 0.0567181 0.0574009 0.0728703 0.0325089 0.0612941 0.0884234 0.0933252 0.0492332 0.0582764 0.0498882 0.0435641 0.0664601 0.0471983 0.0695559 0.0304779 0.0431265 0.0811379 0.0676719 0.0542991 0.0619936 0.0647927 0.0466511 0.0714873 0.0685568 0.0468189 0.0728703 0.0732787 0.0851468 0.0646873 0.0651465 0.0624232 0.0675468 0.0587858 0.0592668 0.0500511 0.0803268 0.0704200 0.0814869 0.0863418 0.0650334 0.0988554 0.0860623 0.0677976 0.0612237 0.0657086 0.0738362 0.0693462 0.0798385 0.0648300 0.0930043 0.0879401 0.0599775 0.0642331 0.0501665 0.0657204 0.0684133 0.0396614 0.0532954 0.0607308 0.0654093 0.0619197 0.0627886 0.0591997 0.0641189 0.0583867 0.0648635 0.0431176 0.0618917 0.0690897 0.0618608 0.0431314 0.0570923 0.0395879 0.0603040 0.0503887 0.0751419 0.0463190 0.0603758 0.0716831 0.0532000 0.0765090 0.0686274 0.0650334 0.0662952 0.0507225 0.0650334 0.0506900 0.0683899 0.0461358 0.0659444 0.0469324 0.0891420 0.0587901 0.0360979 0.0724687 0.0732734 0.0706662 0.0688365 0.1268833 0.0539612 0.0687266 0.0403205 0.0510640 
S0400         0.0860817 0.0110582 0.0393469 0.0668380 0.0441679 0.0106318 0.0487160 0.0613293 0.0408366 0.0084682 0.0456756 0.0381219 0.0409273 0.0508066 0.0452057 0.0312759 0.0481277 0.0435005 0.0000000 0.0052735 0.0400330 0.0346005 0.0440408 0.0340614 0.0442529 0.0673152 0.0564869 0.0427155 0.0510850 0.0249032 0.0134491 0.0415346 0.0248298 0.0543744 0.0136812 0.0052681 0.0508452 0.0526321 0.0413401 0.0444999 0.0473950 0.0079694 0.0413415 0.0405680 0.0025948 0.0440408 0.0465049 0.0607950 0.0436883 0.0439261 0.0479568 0.0432448 0.0413387 0.0340293 0.0221525 0.0561266 0.0480236 0.0531578 0.0570706 0.0437002 0.0760338 0.0618972 0.0433864 0.0459867 0.0403657 0.0470147 0.0473623 0.0501351 0.0540567 0.0571929 0.0593996 0.0498676 0.0402938 0.0406134 0.0569380 0.0540850 0.0079370 0.0431174 0.0371059 0.0475382 0.0540611 0.0482112 0.0421566 0.0465386 0.0475225 0.0474435 0.0052671 0.0341843 0.0536707 0.0409527 0.0107954 0.0134432 0.0337478 0.0369454 0.0342211 0.0564277 0.0368804 0.0530205 0.0487551 0.0337641 0.0471665 0.0438576 0.0438562 0.0513797 0.0079212 0.0437002 0.0380558 0.0468420 0.0339451 0.0547270 0.0311743 0.0676801 0.0412636 0.0162535 0.0537224 0.0576943 0.0482363 0.0439760 0.0857609 0.0282335 0.0470443 0.0382828 0.0285906 
S0405         0.0891199 0.0109851 0.0396010 0.0663198 0.0438510 0.0105643 0.0519030 0.0608709 0.0405478 0.0084110 0.0453587 0.0378500 0.0478214 0.0504364 0.0481689 0.0310608 0.0510814 0.0366452 0.0052735 0.0000000 0.0401761 0.0343584 0.0437255 0.0338272 0.0471553 0.0668140 0.0560552 0.0364355 0.0507110 0.0247369 0.0133622 0.0412348 0.0249314 0.0475306 0.0135910 0.0052351 0.0504754 0.0556639 0.0442486 0.0474174 0.0503035 0.0079189 0.0483171 0.0402825 0.0079441 0.0437255 0.0461762 0.0538075 0.0433791 0.0436133 0.0412634 0.0429420 0.0410417 0.0342197 0.0249063 0.0557004 0.0509694 0.0527531 0.0566299 0.0372585 0.0714820 0.0649084 0.0430814 0.0456439 0.0400831 0.0466786 0.0502672 0.0466493 0.0569924 0.0567737 0.0589474 0.0495116 0.0400122 0.0403273 0.0565227 0.0570206 0.0078869 0.0428162 0.0368489 0.0471939 0.0472617 0.0414786 0.0451237 0.0462097 0.0471785 0.0503548 0.0052341 0.0339483 0.0469253 0.0406609 0.0079464 0.0161246 0.0335185 0.0397516 0.0339843 0.0560199 0.0366267 0.0526404 0.0483934 0.0335340 0.0437130 0.0435459 0.0373898 0.0445781 0.0134766 0.0372585 0.0377857 0.0465086 0.0337125 0.0543214 0.0309597 0.0671724 0.0409674 0.0161478 0.0533329 0.0507634 0.0478823 0.0436616 0.0850736 0.0280408 0.0467079 0.0380088 0.0283930 
S0412sl       0.0972290 0.0213680 0.0872540 0.0828254 0.0529420 0.0519746 0.0628447 0.0719509 0.0580784 0.0439070 0.0604385 0.0499156 0.0765998 0.0711894 0.0635781 0.0404837 0.0673681 0.0567181 0.0400330 0.0401761 0.0000000 0.0444610 0.0533567 0.0525743 0.0618292 0.0614504 0.0736667 0.0357238 0.0699689 0.0322983 0.0484886 0.0538033 0.0436842 0.0582073 0.0253493 0.0440486 0.0410045 0.0691303 0.0677856 0.0373269 0.0660230 0.0442745 0.0631768 0.0487137 0.0439070 0.0442380 0.0661560 0.0532231 0.0526569 0.0709374 0.0542834 0.0480692 0.0630618 0.0609214 0.0485849 0.0737434 0.0501755 0.0648263 0.0656132 0.0486951 0.0956857 0.0456624 0.0740213 0.0705292 0.0578757 0.0675323 0.0711687 0.0613149 0.0673044 0.0759866 0.0542648 0.0572681 0.0696899 0.0450630 0.0727519 0.0761003 0.0440544 0.0356561 0.0404059 0.0531162 0.0535819 0.0458816 0.0590419 0.0603247 0.0743108 0.0661092 0.0440377 0.0617866 0.0621733 0.0537752 0.0531254 0.0566587 0.0322982 0.0521873 0.0406275 0.0646771 0.0519904 0.0653145 0.0636431 0.0244934 0.0574623 0.0529240 0.0486951 0.0499521 0.0405114 0.0486951 0.0541874 0.0614903 0.0321366 0.0538905 0.0363221 0.0660773 0.0539485 0.0246164 0.0709306 0.0540449 0.0582255 0.0445273 0.1110271 0.0400944 0.0618454 0.0591950 0.0287625 
S0417         0.1129937 0.0228578 0.0255221 0.0319103 0.0438429 0.0404106 0.0712096 0.0314436 0.0440399 0.0364869 0.0593047 0.0255556 0.0694575 0.0252533 0.0699982 0.0108534 0.0730223 0.0574009 0.0346005 0.0343584 0.0444610 0.0000000 0.0437176 0.0500850 0.0684477 0.0437528 0.0675873 0.0527041 0.0687197 0.0435879 0.0407259 0.0167084 0.0080604 0.0474276 0.0254606 0.0343240 0.0504617 0.0785319 0.0550578 0.0551496 0.0718480 0.0375201 0.0554807 0.0402758 0.0376467 0.0437176 0.0470557 0.0603232 0.0280478 0.0576677 0.0411781 0.0220182 0.0445828 0.0223176 0.0437193 0.0626196 0.0547266 0.0596654 0.0636772 0.0433822 0.0877340 0.0612813 0.0504664 0.0680225 0.0411786 0.0479816 0.0680883 0.0497624 0.0651366 0.0507595 0.0638223 0.0531403 0.0472604 0.0443521 0.0648578 0.0684874 0.0373488 0.0527301 0.0434333 0.0135258 0.0471602 0.0413919 0.0627029 0.0280400 0.0648178 0.0719229 0.0343175 0.0513448 0.0570190 0.0441642 0.0411003 0.0470478 0.0372415 0.0370656 0.0439950 0.0436108 0.0399695 0.0532395 0.0228513 0.0466560 0.0468174 0.0163881 0.0435359 0.0444831 0.0442658 0.0433822 0.0412529 0.0500890 0.0469144 0.0314607 0.0408069 0.0408399 0.0515843 0.0250501 0.0570743 0.0506924 0.0515905 0.0436076 0.0921041 0.0280398 0.0503076 0.0586427 0.0284686 
S0419         0.1007180 0.0259243 0.0122563 0.0699064 0.0284089 0.0499575 0.0753035 0.0608602 0.0540282 0.0502828 0.0528571 0.0475211 0.0694172 0.0605194 0.0703899 0.0372036 0.0698745 0.0728703 0.0440408 0.0437255 0.0533567 0.0437176 0.0000000 0.0602290 0.0688221 0.0599071 0.0675472 0.0497260 0.0724657 0.0404605 0.0471909 0.0510822 0.0255290 0.0573167 0.0316583 0.0436829 0.0307582 0.0749725 0.0584339 0.0587140 0.0722429 0.0470201 0.0554438 0.0026119 0.0441288 0.0052892 0.0429546 0.0336328 0.0372483 0.0648676 0.0576706 0.0307920 0.0547047 0.0612578 0.0439397 0.0625806 0.0546904 0.0596268 0.0636374 0.0219380 0.0836377 0.0572038 0.0640181 0.0676772 0.0372264 0.0437749 0.0606831 0.0106299 0.0677265 0.0569410 0.0708492 0.0462741 0.0606663 0.0468785 0.0614521 0.0610318 0.0467998 0.0533598 0.0403177 0.0471892 0.0505207 0.0477188 0.0664137 0.0433905 0.0757702 0.0723186 0.0436743 0.0548264 0.0605224 0.0507115 0.0508290 0.0504307 0.0402584 0.0495420 0.0403168 0.0567375 0.0462622 0.0569136 0.0586429 0.0435031 0.0079651 0.0500195 0.0220126 0.0508947 0.0540980 0.0219380 0.0477689 0.0534723 0.0373976 0.0691456 0.0474459 0.0604951 0.0586876 0.0341210 0.0564144 0.0573384 0.0442713 0.0343776 0.0802677 0.0192615 0.0537086 0.0552477 0.0225490 
S0427         0.1027509 0.0167209 0.0540949 0.0724731 0.0604067 0.0397794 0.0620533 0.0748817 0.0462681 0.0394098 0.0525048 0.0507333 0.0578903 0.0638564 0.0575693 0.0433898 0.0604769 0.0325089 0.0340614 0.0338272 0.0525743 0.0500850 0.0602290 0.0000000 0.0563519 0.0776317 0.0777900 0.0487834 0.0575547 0.0398740 0.0341056 0.0543498 0.0337701 0.0606270 0.0223624 0.0337935 0.0675065 0.0653586 0.0500587 0.0510404 0.0595512 0.0340156 0.0586516 0.0564604 0.0370571 0.0602290 0.0705591 0.0779580 0.0496876 0.0566058 0.0610041 0.0557055 0.0540848 0.0466060 0.0399912 0.0772771 0.0645454 0.0742952 0.0750117 0.0532859 0.0902490 0.0718846 0.0558931 0.0524443 0.0570248 0.0642731 0.0636309 0.0665303 0.0628630 0.0815301 0.0731879 0.0552369 0.0526930 0.0431218 0.0636224 0.0628942 0.0367685 0.0525600 0.0526765 0.0604626 0.0672195 0.0613350 0.0512117 0.0591549 0.0604382 0.0596114 0.0337873 0.0504034 0.0667271 0.0535727 0.0337973 0.0399720 0.0365269 0.0523393 0.0402390 0.0694661 0.0457633 0.0623595 0.0620384 0.0428689 0.0634936 0.0565136 0.0534780 0.0576295 0.0435582 0.0532859 0.0435321 0.0595537 0.0398794 0.0680702 0.0371351 0.0780588 0.0475425 0.0275503 0.0631896 0.0710568 0.0613605 0.0566698 0.1110221 0.0434278 0.0598192 0.0252580 0.0407291 
S0430         0.1172616 0.0385636 0.0820637 0.0977145 0.0723998 0.0534829 0.0028222 0.0957663 0.0640796 0.0540605 0.0739031 0.0693917 0.0574961 0.0799230 0.0000027 0.0610546 0.0026257 0.0612941 0.0442529 0.0471553 0.0618292 0.0684477 0.0688221 0.0563519 0.0000000 0.1020658 0.0826286 0.0696113 0.0719847 0.0568059 0.0507004 0.0734370 0.0593484 0.0837430 0.0377569 0.0471090 0.0679875 0.0053881 0.0615957 0.0687165 0.0078777 0.0505146 0.0627063 0.0680933 0.0474094 0.0721786 0.0867944 0.0783606 0.0750815 0.0604167 0.0731499 0.0742607 0.0694744 0.0700309 0.0192095 0.0908214 0.0590644 0.0790518 0.0746422 0.0670860 0.1043507 0.0809686 0.0531873 0.0562717 0.0674917 0.0751128 0.0761490 0.0749462 0.0751854 0.0896978 0.0814975 0.0668596 0.0499825 0.0679313 0.0793859 0.0752232 0.0502746 0.0530264 0.0606358 0.0799027 0.0800135 0.0767989 0.0000021 0.0742588 0.0612753 0.0025947 0.0437634 0.0573927 0.0865601 0.0723248 0.0471138 0.0539960 0.0597662 0.0638319 0.0538448 0.0893467 0.0567761 0.0815333 0.0821040 0.0528258 0.0756271 0.0716059 0.0673333 0.0846034 0.0543699 0.0670860 0.0612590 0.0786196 0.0568169 0.0725358 0.0572742 0.0937795 0.0691140 0.0435157 0.0787643 0.0915171 0.0762597 0.0685957 0.1143975 0.0542335 0.0789971 0.0582238 0.0545475 
S0478         0.1381650 0.0479941 0.0388949 0.0621488 0.0637585 0.0734674 0.1052285 0.0543121 0.0709390 0.0633467 0.0768670 0.0540066 0.1036205 0.0605721 0.1044983 0.0372325 0.1075998 0.0884234 0.0673152 0.0668140 0.0614504 0.0437528 0.0599071 0.0776317 0.1020658 0.0000000 0.0847954 0.0730807 0.0833587 0.0736584 0.0706987 0.0438055 0.0249504 0.0678134 0.0575486 0.0667496 0.0742534 0.1104692 0.0800454 0.0791920 0.1057770 0.0595299 0.0804161 0.0561642 0.0706732 0.0599071 0.0637717 0.0775178 0.0496483 0.0862454 0.0682435 0.0367512 0.0754298 0.0398759 0.0739023 0.0722787 0.0755804 0.0693494 0.0735057 0.0594377 0.1158907 0.0742322 0.0780536 0.0854847 0.0577275 0.0650821 0.0903019 0.0661704 0.0835367 0.0572767 0.0896532 0.0769030 0.0745613 0.0750347 0.0941477 0.0908526 0.0700825 0.0811308 0.0597796 0.0472279 0.0674145 0.0615191 0.0965218 0.0528063 0.0886491 0.1058882 0.0667346 0.0641729 0.0708476 0.0711362 0.0748082 0.0811177 0.0532255 0.0728862 0.0743806 0.0567857 0.0692997 0.0807291 0.0509638 0.0701909 0.0631513 0.0500607 0.0596520 0.0647783 0.0783225 0.0594377 0.0646933 0.0736713 0.0702728 0.0762171 0.0674514 0.0565222 0.0799051 0.0528837 0.0744531 0.0576935 0.0759776 0.0632044 0.1209791 0.0395142 0.0740147 0.0876528 0.0504310 
S0552sl       0.1272573 0.0396043 0.0637439 0.0918753 0.0677596 0.0628088 0.0876970 0.0787388 0.0758883 0.0593167 0.0802119 0.0557422 0.0915489 0.0694433 0.0846131 0.0599670 0.0787248 0.0933252 0.0564869 0.0560552 0.0736667 0.0675873 0.0675472 0.0777900 0.0826286 0.0847954 0.0000000 0.0764712 0.0959421 0.0627918 0.0599125 0.0551857 0.0564230 0.0695899 0.0530371 0.0559980 0.0754713 0.0755984 0.0820224 0.0737293 0.0827720 0.0561276 0.0316386 0.0634264 0.0598933 0.0675472 0.0586530 0.0867732 0.0670011 0.0870313 0.0627756 0.0662547 0.0808579 0.0544870 0.0705137 0.0251452 0.0445556 0.0164513 0.0194324 0.0669808 0.1178122 0.0766996 0.0820145 0.0843078 0.0639561 0.0718337 0.0813519 0.0743006 0.0933213 0.0868476 0.0583458 0.0715038 0.0783278 0.0739880 0.0898766 0.0933667 0.0593785 0.0812003 0.0662934 0.0682552 0.0691696 0.0552747 0.0811727 0.0741066 0.0898706 0.0863826 0.0559857 0.0674525 0.0831787 0.0675336 0.0639848 0.0704698 0.0696739 0.0659448 0.0634244 0.0810089 0.0657764 0.0863878 0.0630128 0.0698155 0.0710621 0.0663865 0.0672390 0.0617913 0.0631443 0.0669808 0.0596701 0.0788404 0.0665643 0.0701956 0.0710027 0.0946846 0.0842914 0.0522021 0.0824954 0.0732966 0.0638979 0.0591529 0.1057646 0.0454281 0.0792356 0.0844145 0.0464184 
S0558         0.0896058 0.0222507 0.0395571 0.0874202 0.0498689 0.0423709 0.0725615 0.0774779 0.0496832 0.0355240 0.0519431 0.0566955 0.0669886 0.0699092 0.0711436 0.0460057 0.0706404 0.0492332 0.0427155 0.0364355 0.0357238 0.0527041 0.0497260 0.0487834 0.0696113 0.0730807 0.0764712 0.0000000 0.0632231 0.0363273 0.0457629 0.0570058 0.0292199 0.0600527 0.0279363 0.0363998 0.0631464 0.0755833 0.0600738 0.0534226 0.0729216 0.0395442 0.0644201 0.0461943 0.0457528 0.0497260 0.0694752 0.0631496 0.0525150 0.0621882 0.0604225 0.0519800 0.0567289 0.0526651 0.0454529 0.0759752 0.0635502 0.0730370 0.0737298 0.0493436 0.0852270 0.0744660 0.0614077 0.0520847 0.0464898 0.0533087 0.0659352 0.0492741 0.0662767 0.0737597 0.0581217 0.0652250 0.0582034 0.0367826 0.0737544 0.0663094 0.0453955 0.0364109 0.0552612 0.0630793 0.0599745 0.0538160 0.0680033 0.0488716 0.0562017 0.0729955 0.0362430 0.0527336 0.0562227 0.0464778 0.0492687 0.0488948 0.0361526 0.0515731 0.0306070 0.0582012 0.0483342 0.0555468 0.0647122 0.0392545 0.0528605 0.0524929 0.0495185 0.0604239 0.0524280 0.0493436 0.0498819 0.0621355 0.0394639 0.0704929 0.0336279 0.0737571 0.0436942 0.0301372 0.0624923 0.0637152 0.0604153 0.0433635 0.0971561 0.0428729 0.0624115 0.0536377 0.0370909 
S0616         0.1158326 0.0355559 0.1005672 0.0951970 0.0726885 0.0571382 0.0750810 0.0774523 0.0690413 0.0579834 0.0748507 0.0696708 0.0691106 0.0839296 0.0736235 0.0612964 0.0766551 0.0582764 0.0510850 0.0507110 0.0699689 0.0687197 0.0724657 0.0575547 0.0719847 0.0833587 0.0959421 0.0632231 0.0000000 0.0639020 0.0476366 0.0737335 0.0709860 0.0840766 0.0448018 0.0506610 0.0879918 0.0778527 0.0661689 0.0806182 0.0789404 0.0541382 0.0822871 0.0683627 0.0543247 0.0643846 0.0912059 0.0869689 0.0718314 0.0575876 0.0809820 0.0641408 0.0699342 0.0929683 0.0469087 0.0871779 0.0734931 0.0922020 0.0970282 0.0650068 0.0975199 0.0974589 0.0601254 0.0540371 0.0547310 0.0620349 0.0693418 0.0752411 0.0767224 0.0842401 0.0776479 0.0822662 0.0568371 0.0648961 0.0887203 0.0767611 0.0472380 0.0607508 0.0713277 0.0763623 0.0875786 0.0771075 0.0668272 0.0672108 0.0378599 0.0754945 0.0472457 0.0512873 0.0869013 0.0692371 0.0581604 0.0574343 0.0567297 0.0675486 0.0608989 0.0825247 0.0639599 0.0811046 0.0824388 0.0605107 0.0759270 0.0718888 0.0652504 0.0849434 0.0582792 0.0650068 0.0586339 0.0789286 0.0598107 0.0799106 0.0542114 0.1030642 0.0659094 0.0436855 0.0829953 0.0880949 0.0814718 0.0759277 0.1072638 0.0544485 0.0793088 0.0587453 0.0585893 
S0641         0.0925653 0.0137940 0.0393469 0.0736767 0.0339008 0.0304738 0.0626051 0.0676779 0.0468329 0.0295060 0.0458441 0.0473787 0.0540928 0.0603410 0.0580433 0.0341609 0.0609747 0.0498882 0.0249032 0.0247369 0.0322983 0.0435879 0.0404605 0.0398740 0.0568059 0.0736584 0.0627918 0.0363273 0.0639020 0.0000000 0.0277910 0.0509289 0.0294917 0.0599226 0.0165199 0.0247122 0.0470931 0.0621943 0.0532273 0.0441766 0.0600332 0.0276971 0.0547946 0.0370861 0.0277878 0.0404605 0.0498335 0.0568300 0.0496773 0.0563436 0.0535259 0.0491707 0.0474073 0.0407427 0.0336764 0.0582107 0.0540587 0.0553028 0.0558102 0.0401522 0.0822288 0.0613896 0.0556377 0.0526149 0.0436147 0.0466107 0.0565256 0.0464477 0.0593139 0.0663794 0.0621546 0.0559164 0.0524537 0.0341441 0.0604609 0.0593434 0.0275769 0.0276776 0.0369141 0.0536608 0.0595800 0.0503659 0.0549471 0.0525224 0.0566393 0.0600944 0.0247077 0.0468030 0.0598259 0.0436393 0.0309699 0.0366652 0.0275984 0.0426596 0.0279768 0.0625617 0.0395080 0.0559744 0.0584656 0.0189707 0.0435245 0.0498721 0.0402936 0.0535281 0.0339583 0.0401522 0.0407608 0.0528688 0.0190687 0.0644609 0.0279566 0.0708130 0.0377801 0.0217496 0.0598834 0.0632888 0.0509610 0.0434472 0.0898455 0.0309955 0.0530995 0.0379143 0.0252531 
S0643         0.1008123 0.0138842 0.0475246 0.0669435 0.0473278 0.0188566 0.0558699 0.0646961 0.0371207 0.0171813 0.0487431 0.0412436 0.0514239 0.0540432 0.0518034 0.0342724 0.0547430 0.0435641 0.0134491 0.0133622 0.0484886 0.0407259 0.0471909 0.0341056 0.0507004 0.0706987 0.0599125 0.0457629 0.0476366 0.0277910 0.0000000 0.0447081 0.0296094 0.0576605 0.0164893 0.0133489 0.0540852 0.0594907 0.0477589 0.0509840 0.0538998 0.0161560 0.0454094 0.0436619 0.0162081 0.0471909 0.0496335 0.0641308 0.0468105 0.0470678 0.0511909 0.0463328 0.0444953 0.0409110 0.0279841 0.0595282 0.0478785 0.0565570 0.0605351 0.0468247 0.0795744 0.0688446 0.0464856 0.0425133 0.0434426 0.0501808 0.0538584 0.0533247 0.0607137 0.0671460 0.0628233 0.0530398 0.0433650 0.0407023 0.0536881 0.0607451 0.0160886 0.0461961 0.0401385 0.0473680 0.0573265 0.0514642 0.0487174 0.0496667 0.0441437 0.0539551 0.0133466 0.0371985 0.0569108 0.0372243 0.0191528 0.0189418 0.0367202 0.0430786 0.0372378 0.0596652 0.0398929 0.0562184 0.0520476 0.0367384 0.0432802 0.0469936 0.0469923 0.0546553 0.0220021 0.0468247 0.0411711 0.0499935 0.0369361 0.0580379 0.0310397 0.0710839 0.0410813 0.0190444 0.0569652 0.0610120 0.0514897 0.0471212 0.0894997 0.0311954 0.0502113 0.0383351 0.0315918 
S0645sl       0.1194563 0.0261053 0.0324740 0.0387639 0.0512329 0.0475157 0.0814776 0.0315740 0.0481425 0.0400487 0.0638241 0.0135741 0.0664717 0.0191783 0.0751437 0.0167566 0.0782368 0.0664601 0.0415346 0.0412348 0.0538033 0.0167084 0.0510822 0.0543498 0.0734370 0.0438055 0.0551857 0.0570058 0.0737335 0.0509289 0.0447081 0.0000000 0.0211181 0.0474865 0.0320032 0.0411934 0.0581759 0.0840593 0.0596169 0.0552223 0.0769453 0.0413137 0.0480664 0.0474392 0.0446980 0.0510822 0.0545928 0.0684679 0.0346673 0.0580877 0.0412276 0.0283345 0.0449656 0.0281390 0.0477827 0.0507643 0.0549690 0.0479058 0.0515795 0.0506792 0.0934559 0.0613636 0.0547741 0.0644536 0.0485401 0.0557074 0.0730378 0.0573406 0.0734397 0.0542283 0.0675462 0.0576679 0.0514671 0.0479451 0.0733452 0.0734772 0.0443341 0.0645655 0.0507429 0.0227687 0.0472183 0.0414417 0.0718238 0.0377333 0.0614290 0.0770271 0.0411853 0.0480819 0.0615384 0.0482806 0.0483531 0.0544805 0.0442860 0.0504123 0.0514189 0.0542259 0.0470689 0.0575982 0.0053132 0.0541166 0.0543062 0.0164524 0.0508635 0.0445377 0.0477589 0.0506792 0.0486299 0.0577300 0.0544248 0.0314961 0.0480905 0.0513966 0.0595201 0.0315319 0.0650842 0.0508561 0.0595184 0.0437424 0.1000630 0.0311213 0.0579922 0.0633384 0.0319194 
