132
S0055      0.0000000 0.0915708 0.1011913 0.1007008 0.0666742 0.1262694 0.1033443 0.0957564 0.0841460 0.1114607 0.0994839 0.1370716 0.1236648 0.1008163 0.1449655 0.0923778 0.1192792 0.1093794 0.1395373 0.0886049 0.0609601 0.0669836 0.1148535 0.1062964 0.0921644 0.0795454 0.1001963 0.0971238 0.1203510 0.0843165 0.1099914 0.1127185 0.1293458 0.0971392 0.0602449 0.0615178 0.1021569 0.1159227 0.0980156 0.1103627 0.0569380 0.0948427 0.1408886 0.1539822 0.1117632 0.1429034 0.1253150 0.0710035 0.1165319 0.0774731 0.0686934 0.0826445 0.0844865 0.1116722 0.0966518 0.0940399 0.1248215 0.0926531 0.0941134 0.0937479 0.1136114 0.1083645 0.1205057 0.1111955 0.1208589 0.1216208 0.1014761 0.0987759 0.0920924 0.1121231 0.1338038 0.1423022 0.1095551 0.1130490 0.1676780 0.0813514 0.1090949 0.1138229 0.1164138 0.1046102 0.1264646 0.0575132 0.1075911 0.1361675 0.0590547 0.0515887 0.0969544 0.0910872 0.0874973 0.0895188 0.1404544 0.0996684 0.1024538 0.1226840 0.1381711 0.1481712 0.0650198 0.1190747 0.1111141 0.0942930 0.0687902 0.0678713 0.0375835 0.1018455 0.0572373 0.0863978 0.1045420 0.1039884 0.1085539 0.0498112 0.0823529 0.0979026 0.0986042 0.0906586 0.0547552 0.1059874 0.0914511 0.0779943 0.0996865 0.0548393 0.1035748 0.0506788 0.0572432 0.1017855 0.0955133 0.1052695 0.0926963 0.1315025 0.0786354 0.0818645 0.1047860 0.0815229 
S0196sl    0.0915708 0.0000000 0.1034013 0.0324896 0.1190521 0.1740611 0.0977247 0.0664834 0.1243062 0.1014756 0.0945222 0.1838980 0.1636852 0.1040182 0.1838980 0.0880281 0.0949711 0.0966713 0.2019376 0.0959812 0.1031271 0.1183644 0.1042800 0.1196115 0.0845594 0.0120680 0.1122912 0.0770278 0.1813496 0.0666192 0.1019876 0.1459805 0.1140818 0.1018284 0.1056784 0.1057387 0.1080480 0.0941972 0.1074603 0.0860478 0.0899037 0.0351904 0.1802508 0.2032617 0.1387815 0.2103302 0.1132101 0.1006347 0.1224350 0.0096596 0.1200427 0.0096638 0.0196840 0.0987863 0.0409619 0.0786628 0.1151873 0.1004561 0.0810804 0.0741119 0.0990163 0.1134159 0.1047118 0.0896973 0.1107768 0.1194234 0.0870389 0.0353700 0.0000010 0.0974548 0.1206824 0.1420482 0.0871802 0.0964308 0.1999745 0.0121129 0.0000010 0.0769103 0.1255251 0.0984285 0.1276498 0.0869717 0.0901466 0.0000010 0.1154899 0.0873649 0.0568760 0.0812056 0.0873526 0.0906706 0.2052864 0.0875610 0.0942698 0.1087259 0.1960330 0.1966232 0.1054409 0.1152849 0.1136811 0.0665831 0.1154899 0.1092865 0.0888594 0.0657785 0.0897593 0.0818783 0.0697485 0.0719137 0.1002883 0.0904561 0.0120862 0.0970795 0.0324940 0.1003127 0.0934163 0.0679939 0.0658138 0.1415234 0.1114863 0.0779108 0.0972638 0.0748730 0.0876581 0.0817119 0.0897700 0.0830661 0.0595750 0.1111297 0.0522835 0.0715963 0.1211905 0.0486142 
S0278      0.1011913 0.1034013 0.0000000 0.0971032 0.1066341 0.1426215 0.0414583 0.0996453 0.1201511 0.1387108 0.0310032 0.1474702 0.1416514 0.0317913 0.1609559 0.0381457 0.1261874 0.1003289 0.1593498 0.1180235 0.1012003 0.1058972 0.0358780 0.1433565 0.0380952 0.0779089 0.1325064 0.0322102 0.1343047 0.0544633 0.1072184 0.1457071 0.1379929 0.0293254 0.0972533 0.1032573 0.0371136 0.0745270 0.0774021 0.1431004 0.0987822 0.0910468 0.1567794 0.1848326 0.1352077 0.1621378 0.1740668 0.1041847 0.1126388 0.0758418 0.1037239 0.0809484 0.0808484 0.1034095 0.0917949 0.0674501 0.1414341 0.0762752 0.0681918 0.0905613 0.0352864 0.1203023 0.1208535 0.1094794 0.1168118 0.1221646 0.1324441 0.0948975 0.1330570 0.1189847 0.1432381 0.1411974 0.0982814 0.1035856 0.1935016 0.0816062 0.1531697 0.0882086 0.1134663 0.0965353 0.1288929 0.1118618 0.1164908 0.2053662 0.0980317 0.0955553 0.0891493 0.0283366 0.0703979 0.0704163 0.1549295 0.0734975 0.0337011 0.1346634 0.1513938 0.1548762 0.1056915 0.1321604 0.1093739 0.0971158 0.1033090 0.1013835 0.0988785 0.1076764 0.1041897 0.0658772 0.1085559 0.1061125 0.0389719 0.0971109 0.0826146 0.0370504 0.0947171 0.0733480 0.0931636 0.1099481 0.0981092 0.1198214 0.0378098 0.0919738 0.0754293 0.1008437 0.0906102 0.1151389 0.0760581 0.1125922 0.0871854 0.1288291 0.0812497 0.0906248 0.1379533 0.0824084 
S0281      0.1007008 0.0324896 0.0971032 0.0000000 0.1114915 0.1338534 0.1032338 0.0908461 0.1315079 0.1407422 0.0921265 0.1491112 0.1470250 0.1008700 0.1568030 0.0870879 0.1064693 0.0938908 0.1540081 0.1145085 0.1028234 0.1110005 0.1174226 0.1381256 0.0857427 0.0399780 0.1350470 0.0925692 0.1357087 0.0720812 0.1004375 0.1486934 0.1478334 0.0917759 0.0979961 0.1094729 0.1023288 0.1026905 0.0921459 0.1475999 0.1039793 0.0516216 0.1538093 0.1562912 0.1459948 0.1577449 0.1303695 0.1124858 0.1101379 0.0390756 0.1138478 0.0427061 0.0452910 0.1040075 0.0528903 0.0877725 0.1392204 0.0870189 0.0888509 0.0872486 0.1185181 0.1241529 0.1095582 0.1017320 0.1103844 0.1147699 0.1280098 0.0574003 0.1298173 0.1091462 0.1418212 0.1346522 0.0980838 0.1011288 0.1760633 0.0443123 0.1441549 0.1106839 0.1098068 0.0909749 0.1359625 0.1008404 0.0986984 0.1679901 0.1059372 0.0896504 0.0749268 0.0807413 0.0808379 0.0828918 0.1507664 0.0942663 0.1020547 0.1374464 0.1506405 0.1562669 0.1046480 0.1354596 0.0965231 0.0915146 0.1124793 0.1116461 0.1068655 0.1019836 0.1019111 0.0822672 0.0941088 0.0960129 0.1042722 0.0918749 0.0425284 0.0979388 0.0561926 0.0859684 0.1012230 0.0993645 0.0911396 0.1270893 0.0977415 0.0916724 0.0970877 0.0956340 0.0904922 0.0965184 0.0857668 0.1023583 0.0810103 0.1271649 0.0698381 0.0800904 0.1409018 0.0760605 
S0282      0.0666742 0.1190521 0.1066341 0.1114915 0.0000000 0.1279770 0.1158947 0.1067548 0.0447365 0.1071184 0.1113796 0.1379699 0.1303393 0.1125060 0.1469465 0.1050282 0.1275472 0.1178145 0.1426457 0.0935889 0.0200852 0.0294315 0.1467745 0.1180228 0.1025157 0.0889354 0.1107459 0.0972178 0.1221441 0.0954936 0.1160219 0.1217309 0.1368975 0.1108581 0.0557435 0.0279115 0.1174021 0.1339236 0.1041278 0.1198225 0.0223043 0.1055691 0.1428392 0.1662900 0.1167654 0.1490842 0.1503185 0.0312296 0.1251374 0.0868205 0.0242807 0.0920985 0.0909520 0.1151083 0.1075739 0.1075045 0.1321294 0.1039293 0.1045066 0.1062479 0.1470357 0.1086881 0.1281370 0.1214991 0.1274245 0.1265273 0.0970374 0.1096587 0.1150593 0.1164298 0.1436669 0.1385258 0.1135075 0.1169022 0.1828747 0.0907523 0.1346350 0.1210716 0.1247376 0.1168424 0.1271434 0.0662369 0.1185839 0.1710107 0.0209047 0.0603560 0.1036399 0.1014546 0.0954954 0.0975518 0.1447488 0.1165282 0.1142524 0.1264707 0.1435921 0.1517954 0.0293846 0.1241377 0.1261141 0.1042161 0.0312245 0.0319845 0.0731066 0.1150711 0.0690722 0.1009638 0.1105487 0.1097217 0.1183161 0.0568784 0.0917715 0.1147868 0.1094474 0.1028068 0.0209996 0.1164140 0.1105105 0.0444432 0.1147075 0.0568800 0.1152376 0.0540016 0.0662682 0.1238467 0.1002462 0.1233708 0.1048151 0.1390103 0.0902671 0.0989882 0.1209332 0.0903979 
S0288      0.1262694 0.1740611 0.1426215 0.1338534 0.1279770 0.0000000 0.1520872 0.1492353 0.1426271 0.1666083 0.1454351 0.0205694 0.0639480 0.1385686 0.0365986 0.1330779 0.1627887 0.1606385 0.0335910 0.1500703 0.1303422 0.1341721 0.1867875 0.1790284 0.1340980 0.1211107 0.1620125 0.1426701 0.0141174 0.1290739 0.1438005 0.1764958 0.0992847 0.1408482 0.1316093 0.1293757 0.1551837 0.1699692 0.1395816 0.1982881 0.1185644 0.1396766 0.0306161 0.1815433 0.1767877 0.0226525 0.2061678 0.1285691 0.1424837 0.1183441 0.1286586 0.1213858 0.1245436 0.1520304 0.1365503 0.1305138 0.1099314 0.1357317 0.1344700 0.1376986 0.1913833 0.0463450 0.1531857 0.1512396 0.1521748 0.1502143 0.1692230 0.1327839 0.1329527 0.1579083 0.1160834 0.1151288 0.1429953 0.1465357 0.2034134 0.1243874 0.1536061 0.1704076 0.1485084 0.1437607 0.1093386 0.1370228 0.1594524 0.1663367 0.1234698 0.1287949 0.1251021 0.1360209 0.1301009 0.1301186 0.0187099 0.1323629 0.1560578 0.1083586 0.0186527 0.0203588 0.1351875 0.1018864 0.1567095 0.1552895 0.1349553 0.1323791 0.1313001 0.1554493 0.1281667 0.1327669 0.1508817 0.1562507 0.1595834 0.1222938 0.1234332 0.1524257 0.1366491 0.1315476 0.1229676 0.1663191 0.1531483 0.1412745 0.1425262 0.1278773 0.1355303 0.1328249 0.1151932 0.1586507 0.1356490 0.1605902 0.1326415 0.1733281 0.1209695 0.1351067 0.1695993 0.1282422 
S0289      0.1033443 0.0977247 0.0414583 0.1032338 0.1158947 0.1520872 0.0000000 0.1048442 0.1299155 0.1533148 0.0416503 0.1519280 0.1523209 0.0343972 0.1667784 0.0429046 0.1318548 0.1092110 0.1651700 0.1224119 0.1082571 0.1154729 0.0388556 0.1454192 0.0418456 0.0847705 0.1383584 0.0419297 0.1462505 0.0623620 0.1081368 0.1534242 0.1464366 0.0339490 0.1055518 0.1117880 0.0391067 0.0834189 0.0891798 0.1512221 0.1009708 0.0949632 0.1625509 0.1925829 0.1404104 0.1651109 0.1827108 0.1127791 0.1125286 0.0826382 0.1130023 0.0879004 0.0887534 0.1073895 0.0967914 0.0698127 0.1548619 0.0850302 0.0722870 0.1020877 0.0457237 0.1292125 0.1208329 0.1093267 0.1120333 0.1232386 0.1441083 0.1010486 0.1455036 0.1283377 0.1565458 0.1554419 0.1010003 0.1032906 0.1997688 0.0865698 0.1821098 0.0955433 0.1197538 0.1016472 0.1355581 0.1128828 0.1256005 0.2240992 0.1073528 0.0986396 0.0965593 0.0336870 0.0789555 0.0809242 0.1606880 0.0767787 0.0372858 0.1455280 0.1570550 0.1602766 0.1142398 0.1452064 0.1124930 0.1032791 0.1127977 0.1119081 0.1010023 0.1193563 0.1030303 0.0721719 0.1164022 0.1114574 0.0416083 0.1002370 0.0895874 0.0370620 0.0975168 0.0829680 0.0991379 0.1176433 0.1032788 0.1275169 0.0426088 0.0982702 0.0808050 0.1040226 0.0946315 0.1184181 0.0837973 0.1170176 0.0910389 0.1406402 0.0890287 0.0978269 0.1406582 0.0894010 
S0292      0.0957564 0.0664834 0.0996453 0.0908461 0.1067548 0.1492353 0.1048442 0.0000000 0.1287532 0.1372737 0.1019299 0.1544180 0.1518740 0.0979632 0.1661812 0.0842639 0.0893031 0.0828617 0.1693905 0.1332268 0.0995519 0.1055140 0.1139096 0.1357147 0.0923098 0.0680047 0.1424615 0.0971507 0.1476914 0.0833515 0.0844502 0.1395227 0.1535917 0.0954759 0.0996582 0.1049759 0.1060023 0.1117303 0.1026470 0.1468971 0.1004633 0.0808485 0.1679506 0.1636849 0.1301126 0.1637913 0.1557370 0.1098071 0.0907549 0.0660158 0.1041478 0.0709644 0.0708509 0.0868836 0.0795952 0.0872976 0.1510429 0.0953192 0.0935866 0.0687407 0.1274629 0.1304226 0.0840319 0.0836504 0.0880352 0.0951844 0.1259947 0.0813181 0.1319748 0.1277087 0.1537105 0.1658938 0.0768796 0.0808971 0.1834692 0.0716527 0.1329298 0.1112821 0.0828358 0.0685923 0.1514887 0.0996661 0.0524979 0.1608564 0.1004363 0.0939917 0.0712989 0.0905034 0.0890528 0.0910733 0.1576496 0.0978982 0.1052442 0.1482070 0.1579709 0.1632905 0.1073710 0.1448827 0.0807924 0.0176321 0.1072569 0.0997028 0.0957612 0.0407630 0.0982137 0.0899829 0.0312280 0.0168178 0.1003178 0.0952826 0.0726188 0.0991913 0.0841161 0.0942257 0.0967367 0.0472391 0.0722353 0.1187531 0.1020703 0.0966217 0.0985105 0.0949584 0.0940639 0.0797916 0.0975039 0.0791568 0.0666747 0.1208125 0.0701285 0.0654883 0.1391700 0.0573149 
S0293      0.0841460 0.1243062 0.1201511 0.1315079 0.0447365 0.1426271 0.1299155 0.1287532 0.0000000 0.1261475 0.1209794 0.1480369 0.1532376 0.1192129 0.1569827 0.1198087 0.1658957 0.1317231 0.1561591 0.1090408 0.0413681 0.0579306 0.1324531 0.1316804 0.1167504 0.1032578 0.1228279 0.0883908 0.1301508 0.1140620 0.1315673 0.1377485 0.1305423 0.1231317 0.0684090 0.0463112 0.1313388 0.1226491 0.1202215 0.1492677 0.0441054 0.1269438 0.1605783 0.1733786 0.1312270 0.1595724 0.1308637 0.0494508 0.1375233 0.1043989 0.0461055 0.1101614 0.1099917 0.1350936 0.1264261 0.1183366 0.1478202 0.1129668 0.1171291 0.1273146 0.1230200 0.1306134 0.1505977 0.1373951 0.1448040 0.1426389 0.1255655 0.1295706 0.2388901 0.1123291 0.1703435 0.1649966 0.1315984 0.1371203 0.1933682 0.1111771 0.2798851 0.1530334 0.1386275 0.1352946 0.1152747 0.0849518 0.1432789 0.2867861 0.0425236 0.0779019 0.1244647 0.1149049 0.1059411 0.1100398 0.1583259 0.1285641 0.1300691 0.1432925 0.1542544 0.1405454 0.0508856 0.1446518 0.1562224 0.1281461 0.0519173 0.0555191 0.0912976 0.1400924 0.0873597 0.1219854 0.1333104 0.1343030 0.1298312 0.0746057 0.1110733 0.1237052 0.1292282 0.1157516 0.0404338 0.1414965 0.1325628 0.0674878 0.1265582 0.0767461 0.1269321 0.0765226 0.0830933 0.1512443 0.1122229 0.1465987 0.1172347 0.1445841 0.1146909 0.1249318 0.1255436 0.1096367 
S0294      0.1114607 0.1014756 0.1387108 0.1407422 0.1071184 0.1666083 0.1533148 0.1372737 0.1261475 0.0000000 0.1452625 0.1755481 0.1538170 0.1453135 0.1761248 0.1389740 0.1706698 0.1577280 0.1752094 0.1273416 0.1017068 0.1119154 0.1673352 0.1427955 0.1364301 0.1147753 0.1322519 0.1527176 0.1565466 0.1298704 0.1499898 0.1427121 0.1606706 0.1448574 0.1041277 0.1030553 0.1521531 0.1603944 0.1423930 0.1438367 0.0926872 0.1377440 0.1742696 0.1907437 0.1289626 0.1834892 0.1829009 0.1013894 0.1588889 0.1135244 0.1094400 0.1182513 0.1213168 0.1545679 0.1356288 0.1397626 0.1520752 0.1410074 0.1396241 0.1290339 0.1851618 0.1323921 0.1484697 0.1510249 0.1593199 0.1634860 0.0582969 0.1387949 0.1115738 0.1469704 0.1661559 0.1589264 0.1450717 0.1489154 0.1991012 0.1221025 0.1309666 0.1561118 0.1601131 0.1546208 0.1534625 0.1042042 0.1518937 0.1674882 0.1005622 0.0985967 0.1335192 0.1378884 0.1338357 0.1361207 0.1794004 0.1509756 0.1504859 0.1597275 0.1779872 0.1805898 0.1051584 0.1458542 0.1649944 0.1355325 0.1107261 0.1117200 0.1124799 0.1456905 0.1044117 0.1370332 0.1429835 0.1453313 0.1495498 0.0958180 0.1188984 0.1441345 0.1373694 0.1364221 0.0947824 0.1503075 0.1484487 0.1055095 0.1485248 0.1020942 0.1552970 0.0975387 0.1021092 0.1614849 0.1390926 0.1486794 0.1224504 0.1732222 0.1258560 0.1392894 0.1440028 0.1227934 
S0299      0.0994839 0.0945222 0.0310032 0.0921265 0.1113796 0.1454351 0.0416503 0.1019299 0.1209794 0.1452625 0.0000000 0.1514513 0.1468976 0.0302382 0.1638693 0.0410361 0.1268980 0.1015726 0.1622617 0.1175673 0.1038366 0.1116704 0.0389997 0.1379598 0.0418280 0.0779910 0.1272240 0.0418023 0.1375021 0.0572899 0.1067997 0.1397754 0.1443572 0.0252563 0.1028918 0.1090615 0.0398904 0.0847028 0.0807409 0.1484485 0.1005429 0.0903093 0.1596664 0.1849864 0.1346090 0.1626907 0.1857732 0.1089958 0.1122438 0.0759216 0.1085090 0.0810351 0.0818771 0.1025081 0.0919855 0.0685605 0.1456481 0.0767046 0.0692698 0.0920476 0.0353878 0.1263362 0.1176493 0.1090602 0.1139549 0.1218106 0.1413467 0.0949923 0.1389772 0.1237267 0.1513936 0.1405900 0.1007919 0.1062470 0.1936605 0.0816926 0.1593883 0.0919124 0.1151848 0.0977976 0.1352127 0.1133095 0.1202916 0.1983246 0.1016524 0.0981372 0.0926467 0.0242251 0.0707904 0.0727108 0.1578096 0.0718225 0.0312092 0.1362288 0.1529035 0.1583474 0.1094256 0.1362422 0.1063031 0.0993723 0.1046502 0.1091994 0.1017338 0.1131361 0.1045489 0.0682117 0.1088304 0.1084482 0.0373261 0.0986763 0.0827022 0.0363599 0.0958320 0.0766056 0.0915980 0.1091541 0.1006458 0.1281426 0.0319879 0.0944913 0.0756410 0.1044734 0.0919198 0.1157714 0.0795507 0.1142600 0.0898058 0.1284486 0.0865972 0.0910724 0.1296420 0.0848030 
S0303      0.1370716 0.1838980 0.1474702 0.1491112 0.1379699 0.0205694 0.1519280 0.1544180 0.1480369 0.1755481 0.1514513 0.0000000 0.0707662 0.1427568 0.0309076 0.1381616 0.1753389 0.1578823 0.0258501 0.1606382 0.1371627 0.1454323 0.1874212 0.1858991 0.1403564 0.1307539 0.1750485 0.1399750 0.0161448 0.1361316 0.1567622 0.1839430 0.1128210 0.1478989 0.1406370 0.1376826 0.1583217 0.1651849 0.1481365 0.1985854 0.1271424 0.1494269 0.0275500 0.2104061 0.1809785 0.0167046 0.1999750 0.1373501 0.1581835 0.1283222 0.1360417 0.1310123 0.1363544 0.1655320 0.1494249 0.1379913 0.1143728 0.1443801 0.1372333 0.1464311 0.1784429 0.0525837 0.1682906 0.1612486 0.1617739 0.1689493 0.1717861 0.1509246 0.1389336 0.1659809 0.1257040 0.1076136 0.1520333 0.1577161 0.2315722 0.1371268 0.1599289 0.1723465 0.1652533 0.1540459 0.1143074 0.1463026 0.1736894 0.1600367 0.1359575 0.1370568 0.1393464 0.1433927 0.1383420 0.1395669 0.0167101 0.1429460 0.1592619 0.1136422 0.0133766 0.0135370 0.1414179 0.1084617 0.1695574 0.1596620 0.1447107 0.1415701 0.1394291 0.1633635 0.1400275 0.1425190 0.1582326 0.1593900 0.1620893 0.1316152 0.1338437 0.1561357 0.1517766 0.1420013 0.1322042 0.1688734 0.1590784 0.1582463 0.1515469 0.1328395 0.1429924 0.1381099 0.1283168 0.1671998 0.1453469 0.1708432 0.1382006 0.1832466 0.1322484 0.1399738 0.1755967 0.1345753 
S0308      0.1236648 0.1636852 0.1416514 0.1470250 0.1303393 0.0639480 0.1523209 0.1518740 0.1532376 0.1538170 0.1468976 0.0707662 0.0000000 0.1426596 0.0759724 0.1362033 0.1671276 0.1621027 0.0699757 0.1600422 0.1274397 0.1366363 0.1855685 0.1701163 0.1341153 0.1284801 0.1754850 0.1416245 0.0601070 0.1310159 0.1587555 0.1735903 0.0967054 0.1395124 0.1293557 0.1282207 0.1488694 0.1733852 0.1408870 0.1842845 0.1186981 0.1458214 0.0721075 0.1945359 0.1739736 0.0740108 0.1954026 0.1334918 0.1648223 0.1247466 0.1274313 0.1287491 0.1328563 0.1681565 0.1471172 0.1377616 0.1027852 0.1372893 0.1369046 0.1471023 0.1842115 0.0571945 0.1745037 0.1673131 0.1676843 0.1722958 0.1490553 0.1524214 0.0976521 0.1669842 0.1146142 0.1000818 0.1556957 0.1617290 0.2099182 0.1349356 0.1337650 0.1582621 0.1733191 0.1579307 0.1113275 0.1334632 0.1684947 0.1607735 0.1262721 0.1221987 0.1425602 0.1382853 0.1301615 0.1313776 0.0719507 0.1450701 0.1518966 0.1062267 0.0748043 0.0809342 0.1330364 0.0958979 0.1584846 0.1600338 0.1350853 0.1340419 0.1233822 0.1609782 0.1276923 0.1322896 0.1573526 0.1640877 0.1529472 0.1114599 0.1316171 0.1502687 0.1509473 0.1337932 0.1236303 0.1663565 0.1535307 0.1479911 0.1432474 0.1252714 0.1462387 0.1254216 0.1197469 0.1629297 0.1345471 0.1606695 0.1420903 0.1719262 0.1256979 0.1378185 0.1779876 0.1344385 
S0320      0.1008163 0.1040182 0.0317913 0.1008700 0.1125060 0.1385686 0.0343972 0.0979632 0.1192129 0.1453135 0.0302382 0.1427568 0.1426596 0.0000000 0.1537192 0.0374625 0.1315450 0.1047179 0.1521073 0.1239553 0.1036460 0.1107654 0.0388646 0.1406442 0.0427350 0.0823880 0.1388219 0.0416905 0.1332763 0.0583884 0.1108651 0.1478445 0.1297092 0.0304004 0.0999113 0.1081027 0.0389538 0.0779055 0.0809638 0.1449208 0.1015406 0.0924868 0.1495823 0.1917477 0.1401158 0.1560161 0.1768666 0.1056477 0.1142666 0.0802796 0.1103805 0.0854848 0.0863335 0.1088262 0.0932513 0.0646488 0.1404294 0.0788376 0.0634476 0.0942586 0.0385794 0.1213530 0.1216553 0.1131590 0.1182358 0.1260311 0.1374977 0.0997090 0.1486874 0.1230441 0.1449318 0.1464161 0.1027647 0.1050049 0.2004276 0.0841752 0.1863705 0.0942585 0.1182837 0.1010494 0.1221474 0.1091716 0.1182310 0.2109914 0.1017150 0.0961682 0.0917977 0.0284840 0.0728772 0.0748118 0.1489014 0.0687671 0.0338576 0.1358178 0.1454503 0.1485900 0.1084715 0.1322134 0.1120986 0.0983901 0.1040026 0.1061645 0.0954663 0.1097857 0.1025436 0.0662063 0.1090967 0.1043335 0.0311136 0.0957030 0.0871637 0.0337238 0.0974582 0.0768153 0.0967024 0.1080608 0.1019378 0.1249867 0.0380851 0.0935763 0.0735195 0.1014964 0.0890176 0.1191780 0.0787953 0.1166136 0.0908164 0.1354262 0.0858794 0.0943076 0.1388330 0.0828493 
S0322      0.1449655 0.1838980 0.1609559 0.1568030 0.1469465 0.0365986 0.1667784 0.1661812 0.1569827 0.1761248 0.1638693 0.0309076 0.0759724 0.1537192 0.0000000 0.1501600 0.1806988 0.1667987 0.0174734 0.1633975 0.1461350 0.1546280 0.2046750 0.1912911 0.1536044 0.1369562 0.1809515 0.1514573 0.0289650 0.1469633 0.1630397 0.1956442 0.1156617 0.1602948 0.1462340 0.1479185 0.1710000 0.1843797 0.1616905 0.2074795 0.1361514 0.1602499 0.0094120 0.2191251 0.1913194 0.0354165 0.2139183 0.1486785 0.1679821 0.1367203 0.1434924 0.1394938 0.1449328 0.1808777 0.1579514 0.1498857 0.1157623 0.1566170 0.1493388 0.1559861 0.1912797 0.0545206 0.1699865 0.1684726 0.1709156 0.1742996 0.1773602 0.1594968 0.1336944 0.1732598 0.1288680 0.1104581 0.1574649 0.1656097 0.2369928 0.1457008 0.1545002 0.1723828 0.1729619 0.1653689 0.1171718 0.1474548 0.1836976 0.1673208 0.1449057 0.1437786 0.1503180 0.1555896 0.1503867 0.1516516 0.0292858 0.1547888 0.1720348 0.1206805 0.0291663 0.0309807 0.1505110 0.1119223 0.1833907 0.1715324 0.1526845 0.1506759 0.1446620 0.1737354 0.1467695 0.1507905 0.1677056 0.1700936 0.1724524 0.1371452 0.1423554 0.1663594 0.1603496 0.1541676 0.1411313 0.1813615 0.1641189 0.1689173 0.1632993 0.1421178 0.1585248 0.1448431 0.1319311 0.1759989 0.1549279 0.1735866 0.1422179 0.1886776 0.1384786 0.1493637 0.1858390 0.1430656 
S0327      0.0923778 0.0880281 0.0381457 0.0870879 0.1050282 0.1330779 0.0429046 0.0842639 0.1198087 0.1389740 0.0410361 0.1381616 0.1362033 0.0374625 0.1501600 0.0000000 0.1144261 0.0991379 0.1485457 0.1157608 0.0965802 0.1043059 0.0409113 0.1325568 0.0294915 0.0683277 0.1345721 0.0295133 0.1272231 0.0434612 0.1013010 0.1366426 0.1395028 0.0342447 0.0956692 0.0996686 0.0466476 0.0765152 0.0725814 0.1427688 0.0909919 0.0842696 0.1460434 0.1654796 0.1402764 0.1484899 0.1768692 0.1017107 0.1077187 0.0663180 0.0967872 0.0712909 0.0721295 0.1007983 0.0849586 0.0571094 0.1370910 0.0694527 0.0663543 0.0798652 0.0390535 0.1124748 0.1105997 0.1025078 0.1082883 0.1136769 0.1271131 0.0858409 0.1176782 0.1175533 0.1405792 0.1373142 0.0936936 0.0969194 0.1717573 0.0709993 0.1239519 0.0859448 0.1054335 0.0841016 0.1303475 0.1018261 0.1045474 0.1580245 0.0974823 0.0880942 0.0763881 0.0295518 0.0638112 0.0656904 0.1442033 0.0637918 0.0429886 0.1288294 0.1408171 0.1498553 0.1020857 0.1278328 0.1003640 0.0839420 0.1039243 0.0967808 0.0914225 0.0967659 0.0922472 0.0575271 0.0949159 0.0905683 0.0449060 0.0883611 0.0729530 0.0392995 0.0856790 0.0685515 0.0937945 0.0924283 0.0868868 0.1183069 0.0411155 0.0820884 0.0665835 0.0920622 0.0839702 0.1037547 0.0687550 0.1031151 0.0763587 0.1271488 0.0733123 0.0808252 0.1356715 0.0737818 
S0335      0.1192792 0.0949711 0.1261874 0.1064693 0.1275472 0.1627887 0.1318548 0.0893031 0.1658957 0.1706698 0.1268980 0.1753389 0.1671276 0.1315450 0.1806988 0.1144261 0.0000000 0.0654477 0.1840327 0.1450899 0.1238934 0.1280627 0.1389479 0.1603492 0.1159529 0.0847655 0.1588141 0.1115799 0.1638502 0.1089633 0.1007247 0.1549763 0.1637852 0.1217436 0.1236312 0.1242792 0.1317850 0.1278541 0.1161859 0.1656530 0.1244277 0.1111187 0.1800829 0.1735964 0.1508517 0.1846172 0.1958555 0.1351302 0.1062933 0.0817322 0.1342974 0.0868692 0.0867294 0.0999507 0.1118590 0.1183675 0.1649617 0.1172591 0.1151098 0.0974495 0.1444803 0.1465202 0.1058273 0.0985925 0.1117361 0.1121745 0.1589653 0.1074579 0.1381749 0.1435827 0.1661488 0.1722118 0.1009670 0.1062890 0.1886537 0.0875216 0.1506871 0.1464015 0.1021341 0.0830200 0.1659509 0.1294675 0.0991870 0.1602132 0.1269516 0.1090811 0.0966667 0.1138159 0.1085848 0.1096478 0.1810960 0.1145984 0.1343119 0.1677373 0.1795342 0.1873104 0.1278892 0.1604695 0.0737512 0.0939658 0.1328291 0.1287035 0.1250168 0.0961405 0.1204758 0.1160560 0.0956593 0.0964533 0.1363440 0.1104303 0.0865662 0.1238998 0.1069892 0.1129690 0.1218621 0.0988184 0.0782120 0.1483732 0.1252992 0.1141334 0.1260411 0.1134331 0.1190270 0.0361741 0.1201036 0.0972005 0.0973402 0.1499693 0.0770399 0.0723219 0.1617075 0.0855262 
S0345      0.1093794 0.0966713 0.1003289 0.0938908 0.1178145 0.1606385 0.1092110 0.0828617 0.1317231 0.1577280 0.1015726 0.1578823 0.1621027 0.1047179 0.1667987 0.0991379 0.0654477 0.0000000 0.1672725 0.1219677 0.1146155 0.1091915 0.1204744 0.1511392 0.0955701 0.0712407 0.1316376 0.0917457 0.1657479 0.0919868 0.0887537 0.1467094 0.1523749 0.0977769 0.1036915 0.1138701 0.1058118 0.1107065 0.1124316 0.1801166 0.1112609 0.0981369 0.1636556 0.1578350 0.1411851 0.1672842 0.1819036 0.1180379 0.0979361 0.0684266 0.1227149 0.0743083 0.0768345 0.0815244 0.0989327 0.1062068 0.1533934 0.1094541 0.1062297 0.0901884 0.1284861 0.1417318 0.0902773 0.0987531 0.1003384 0.0998103 0.1497366 0.0866333 0.0000010 0.1365109 0.1545853 0.1686550 0.0798293 0.0855270 0.1917008 0.0723820 0.0000010 0.1535356 0.1027153 0.0697482 0.1430225 0.1137640 0.0742079 0.0000010 0.1113483 0.1048969 0.0866372 0.0928075 0.1015113 0.1002448 0.1656163 0.1033499 0.1107661 0.1482778 0.1591321 0.1581444 0.1197823 0.1426565 0.0469308 0.0824342 0.1247544 0.1131192 0.1142494 0.0814746 0.1127558 0.0968609 0.0803685 0.0845523 0.1131189 0.1081513 0.0752533 0.1082706 0.0848903 0.1062596 0.1084200 0.0851802 0.0683234 0.1294203 0.1062274 0.1026273 0.1171361 0.1081262 0.1009069 0.0630408 0.1174920 0.0826947 0.0925764 0.1405162 0.0745363 0.0599678 0.1367408 0.0796046 
S0355      0.1395373 0.2019376 0.1593498 0.1540081 0.1426457 0.0335910 0.1651700 0.1693905 0.1561591 0.1752094 0.1622617 0.0258501 0.0699757 0.1521073 0.0174734 0.1485457 0.1840327 0.1672725 0.0000000 0.1653044 0.1418611 0.1502590 0.2107074 0.1909532 0.1519939 0.1364471 0.1854419 0.1483615 0.0246338 0.1430538 0.1685742 0.1947230 0.1130437 0.1586736 0.1457555 0.1435885 0.1693913 0.1858422 0.1577473 0.2081996 0.1318457 0.1574525 0.0142434 0.2196099 0.1942547 0.0319603 0.2098960 0.1443519 0.1735924 0.1350907 0.1392446 0.1378613 0.1433080 0.1792796 0.1574156 0.1460318 0.1127480 0.1526972 0.1453335 0.1543772 0.1950741 0.0527539 0.1782075 0.1765488 0.1767917 0.1800403 0.1697742 0.1590527 0.1287830 0.1753839 0.1293365 0.1117571 0.1629318 0.1687693 0.2382227 0.1417970 0.1494598 0.1835381 0.1786787 0.1633814 0.1145957 0.1503797 0.1832950 0.1622493 0.1406416 0.1358203 0.1510209 0.1523893 0.1464949 0.1477537 0.0259025 0.1522745 0.1704187 0.1187176 0.0257974 0.0278057 0.1461854 0.1089404 0.1806233 0.1723510 0.1483479 0.1463443 0.1403779 0.1745653 0.1440179 0.1490279 0.1709343 0.1721345 0.1732793 0.1317845 0.1407310 0.1647439 0.1599089 0.1502572 0.1368720 0.1822606 0.1649433 0.1644263 0.1612484 0.1393555 0.1534636 0.1394194 0.1336184 0.1768574 0.1510236 0.1744150 0.1473912 0.1890661 0.1379855 0.1500864 0.1830348 0.1400928 
S0376      0.0886049 0.0959812 0.1180235 0.1145085 0.0935889 0.1500703 0.1224119 0.1332268 0.1090408 0.1273416 0.1175673 0.1606382 0.1600422 0.1239553 0.1633975 0.1157608 0.1450899 0.1219677 0.1653044 0.0000000 0.0903985 0.0950544 0.1245376 0.1145904 0.1079455 0.0988406 0.0461429 0.1047993 0.1460113 0.1101143 0.1231124 0.1257727 0.1461295 0.1139027 0.0983798 0.0923695 0.1225635 0.1314893 0.1145289 0.1369465 0.0858034 0.1189388 0.1615791 0.1691567 0.1188079 0.1661557 0.1481338 0.0983640 0.1311875 0.0996792 0.0967744 0.1030806 0.1029105 0.1386619 0.1167417 0.1139184 0.1498984 0.1083120 0.1097001 0.1199255 0.1128441 0.1316685 0.1221452 0.1229087 0.1325540 0.1327762 0.1224370 0.1221728 0.1484993 0.1177599 0.1519759 0.1574242 0.1275621 0.1278512 0.1839404 0.1057325 0.1491480 0.1333211 0.1362186 0.1281448 0.1337422 0.0995991 0.1405966 0.1794931 0.0912841 0.0891617 0.1132466 0.1099068 0.1049577 0.1070429 0.1636397 0.1154922 0.1215338 0.1408627 0.1622495 0.1597760 0.0929076 0.1404889 0.1399982 0.1304446 0.1019285 0.0969367 0.0979794 0.1372109 0.0981492 0.1064020 0.1369997 0.1362353 0.1257016 0.0864809 0.1047544 0.1210159 0.1166113 0.1092819 0.0887896 0.1369157 0.1249218 0.1119940 0.1188148 0.0874917 0.1227641 0.0871904 0.0755387 0.1332151 0.1121154 0.1265820 0.1155909 0.1507745 0.1103466 0.1137349 0.0573998 0.1100975 
S0400      0.0609601 0.1031271 0.1012003 0.1028234 0.0200852 0.1303422 0.1082571 0.0995519 0.0413681 0.1017068 0.1038366 0.1371627 0.1274397 0.1036460 0.1461350 0.0965802 0.1238934 0.1146155 0.1418611 0.0903985 0.0000000 0.0251599 0.1313045 0.1116695 0.0951618 0.0818440 0.1045452 0.0938408 0.1262183 0.0862813 0.1094798 0.1139677 0.1305614 0.1012290 0.0476010 0.0219627 0.1107162 0.1243637 0.1007952 0.1140359 0.0163707 0.0958797 0.1420523 0.1621864 0.1101678 0.1463869 0.1444025 0.0286065 0.1173595 0.0797740 0.0192555 0.0849398 0.0857906 0.1095594 0.0987844 0.1000752 0.1285426 0.0985618 0.0991151 0.0998264 0.1397921 0.1070634 0.1199681 0.1148538 0.1167595 0.1187086 0.0927310 0.1021234 0.1148293 0.1122747 0.1369538 0.1378069 0.1059263 0.1081989 0.1786915 0.0836419 0.1343612 0.1142756 0.1179903 0.1123073 0.1194491 0.0576816 0.1111946 0.1706523 0.0159789 0.0521184 0.0972768 0.0941201 0.0902495 0.0922782 0.1439462 0.1089046 0.1086648 0.1231602 0.1416776 0.1494404 0.0234560 0.1206325 0.1192982 0.0980963 0.0261251 0.0276857 0.0663805 0.1087939 0.0604575 0.0966491 0.1053557 0.1045417 0.1092931 0.0495822 0.0834601 0.1051135 0.1019282 0.0974573 0.0160508 0.1120771 0.1030362 0.0390871 0.1060643 0.0504656 0.1076482 0.0476515 0.0615115 0.1150898 0.0939444 0.1167197 0.0974711 0.1305267 0.0850840 0.0924365 0.1132065 0.0852571 
S0405      0.0669836 0.1183644 0.1058972 0.1110005 0.0294315 0.1341721 0.1154729 0.1055140 0.0579306 0.1119154 0.1116704 0.1454323 0.1366363 0.1107654 0.1546280 0.1043059 0.1280627 0.1091915 0.1502590 0.0950544 0.0251599 0.0000000 0.1353427 0.1186922 0.1017935 0.0913763 0.1154465 0.0977975 0.1301250 0.0957734 0.1155502 0.1231979 0.1462543 0.1078791 0.0532869 0.0228551 0.1153366 0.1229879 0.1067309 0.1271315 0.0266878 0.1061010 0.1504659 0.1681205 0.1183907 0.1572937 0.1464642 0.0356033 0.1236081 0.0892373 0.0328939 0.0945733 0.0954333 0.1167990 0.1091800 0.1034586 0.1372043 0.1065065 0.1013620 0.1088083 0.1337074 0.1144403 0.1213966 0.1196580 0.1236198 0.1238986 0.1008276 0.1102180 0.1087339 0.1265715 0.1422587 0.1429626 0.1130113 0.1153564 0.1852249 0.0912154 0.1278476 0.1209086 0.1242806 0.1142173 0.1334328 0.0682444 0.1138882 0.1633210 0.0277167 0.0624735 0.1018920 0.0997022 0.0979863 0.0980131 0.1524502 0.1123926 0.1146296 0.1270319 0.1500634 0.1615933 0.0226253 0.1301745 0.1221393 0.1039567 0.0365285 0.0251674 0.0744040 0.1125900 0.0710993 0.1023483 0.1104021 0.1105936 0.1152346 0.0617288 0.0932245 0.1105998 0.1121161 0.1012484 0.0269963 0.1170719 0.1056979 0.0464232 0.1139953 0.0569948 0.1132175 0.0578800 0.0703331 0.1201536 0.1007564 0.1229832 0.1053392 0.1383232 0.0885193 0.0942173 0.1223183 0.0918008 
S0407sl    0.1148535 0.1042800 0.0358780 0.1174226 0.1467745 0.1867875 0.0388556 0.1139096 0.1324531 0.1673352 0.0389997 0.1874212 0.1855685 0.0388646 0.2046750 0.0409113 0.1389479 0.1204744 0.2107074 0.1245376 0.1313045 0.1353427 0.0000000 0.1563451 0.0346609 0.0952888 0.1445098 0.0421152 0.1901477 0.0654681 0.1279713 0.1740394 0.1689233 0.0233366 0.1166998 0.1331560 0.0362106 0.0786282 0.0911819 0.2013192 0.1183446 0.1135723 0.1987024 0.2575574 0.1463399 0.2063394 0.1779714 0.1288289 0.1318226 0.0937946 0.1355496 0.0960463 0.0993247 0.1355923 0.1134748 0.0733140 0.1646848 0.0941054 0.0830900 0.1073797 0.0287362 0.1501360 0.1575389 0.1159565 0.1360978 0.1389693 0.1516870 0.1105032 0.0000010 0.1416949 0.1483527 0.1774173 0.1284292 0.1325176 0.2508155 0.1006123 0.0000010 0.1129281 0.1366805 0.1253575 0.1543137 0.1255410 0.1332503 0.0000010 0.1309419 0.1075984 0.1109695 0.0287797 0.0905655 0.0940994 0.1996199 0.0739241 0.0389967 0.1598878 0.1988942 0.1977394 0.1347557 0.1542358 0.1355669 0.1096262 0.1346057 0.1386209 0.1131270 0.1205136 0.1113906 0.0725488 0.1225042 0.1138374 0.0302916 0.1116684 0.1005197 0.0147838 0.1080574 0.0923712 0.1200060 0.1234645 0.1230648 0.1509260 0.0378020 0.1113147 0.0870827 0.1146327 0.1077475 0.1348137 0.0972482 0.1220414 0.0964045 0.1593643 0.1029172 0.1131195 0.1441820 0.0947071 
S0412sl    0.1062964 0.1196115 0.1433565 0.1381256 0.1180228 0.1790284 0.1454192 0.1357147 0.1316804 0.1427955 0.1379598 0.1858991 0.1701163 0.1406442 0.1912911 0.1325568 0.1603492 0.1511392 0.1909532 0.1145904 0.1116695 0.1186922 0.1563451 0.0000000 0.1313187 0.1186453 0.1264723 0.1334432 0.1787896 0.1337498 0.1452709 0.1309047 0.1752001 0.1287660 0.1141963 0.1174588 0.1421485 0.1637694 0.1457045 0.1475763 0.1138153 0.1330496 0.1882227 0.1872665 0.1097261 0.1928184 0.1910715 0.1204765 0.1501364 0.1173829 0.1185428 0.1185499 0.1229817 0.1533593 0.1343098 0.1413258 0.1713999 0.1405276 0.1407396 0.1389417 0.1499919 0.1591026 0.1456508 0.1458628 0.1472881 0.1480894 0.1393094 0.1364250 0.1266309 0.1585407 0.1700170 0.1812289 0.1467744 0.1444155 0.1984384 0.1205172 0.1594393 0.1667224 0.1525819 0.1400179 0.1643923 0.1010159 0.1500173 0.1914216 0.1068851 0.0997873 0.1316848 0.1336216 0.1381922 0.1404782 0.1913144 0.1476791 0.1501853 0.1642515 0.1883614 0.1918155 0.1155640 0.1666715 0.1505577 0.1354236 0.1173468 0.1198890 0.1081097 0.1431016 0.1010509 0.1375865 0.1398455 0.1391184 0.1470078 0.0960033 0.1227353 0.1434665 0.1328296 0.1407748 0.1046315 0.1331818 0.1344421 0.1342458 0.1431806 0.1019944 0.1521435 0.0986964 0.0946268 0.1503553 0.1379502 0.1407280 0.1307944 0.1771610 0.1202630 0.1271318 0.1352261 0.1274572 
S0417      0.0921644 0.0845594 0.0380952 0.0857427 0.1025157 0.1340980 0.0418456 0.0923098 0.1167504 0.1364301 0.0418280 0.1403564 0.1341153 0.0427350 0.1536044 0.0294915 0.1159529 0.0955701 0.1519939 0.1079455 0.0951618 0.1017935 0.0346609 0.1313187 0.0000000 0.0652162 0.1230537 0.0268187 0.1267762 0.0453513 0.1028007 0.1344374 0.1368526 0.0332287 0.0932450 0.0982924 0.0420055 0.0697116 0.0716481 0.1338777 0.0885522 0.0810206 0.1494719 0.1634568 0.1337071 0.1520410 0.1539955 0.0961078 0.1092101 0.0632334 0.0986633 0.0681437 0.0689775 0.1049218 0.0816788 0.0570293 0.1347891 0.0676742 0.0624069 0.0868072 0.0338108 0.1150099 0.1152927 0.1040077 0.1145004 0.1151655 0.1280387 0.0832920 0.1067285 0.1153539 0.1303016 0.1370312 0.0965001 0.1007632 0.1669739 0.0688259 0.1254042 0.0820201 0.1110996 0.0891269 0.1291230 0.1026182 0.1051329 0.1599971 0.0940436 0.0837045 0.0802797 0.0277936 0.0610075 0.0629241 0.1464854 0.0636719 0.0401551 0.1256270 0.1441990 0.1509023 0.0995971 0.1256474 0.1006585 0.0887528 0.1004060 0.0996738 0.0910726 0.0996300 0.0970547 0.0536239 0.0988229 0.0975018 0.0483869 0.0861562 0.0707417 0.0364238 0.0831360 0.0667189 0.0925046 0.0985672 0.0897048 0.1145650 0.0391836 0.0831291 0.0684522 0.0898381 0.0787253 0.1043054 0.0667327 0.1051083 0.0791661 0.1209955 0.0712349 0.0814444 0.1309492 0.0756284 
S0419      0.0795454 0.0120680 0.0779089 0.0399780 0.0889354 0.1211107 0.0847705 0.0680047 0.1032578 0.1147753 0.0779910 0.1307539 0.1284801 0.0823880 0.1369562 0.0683277 0.0847655 0.0712407 0.1364471 0.0988406 0.0818440 0.0913763 0.0952888 0.1186453 0.0652162 0.0000000 0.1133622 0.0642036 0.1174990 0.0532531 0.0794036 0.1276831 0.1273677 0.0756711 0.0780328 0.0868165 0.0805821 0.0773214 0.0729493 0.1224664 0.0792326 0.0355748 0.1362731 0.1375487 0.1240743 0.1411999 0.1135865 0.0887007 0.0885991 0.0047062 0.0901315 0.0086961 0.0110871 0.0835454 0.0349993 0.0661926 0.1162947 0.0680818 0.0698535 0.0646481 0.0905610 0.1028632 0.0899964 0.0833558 0.0880685 0.0919215 0.1086975 0.0304805 0.1125555 0.0840609 0.1186293 0.1247168 0.0747765 0.0797414 0.1495118 0.0110627 0.1260767 0.0880754 0.0877980 0.0722367 0.1135129 0.0840765 0.0776517 0.1346753 0.0827258 0.0729689 0.0549509 0.0633041 0.0613156 0.0632502 0.1310428 0.0700656 0.0838996 0.1118247 0.1344182 0.1417934 0.0862744 0.1117198 0.0880382 0.0705982 0.0900181 0.0880663 0.0844512 0.0765930 0.0806856 0.0628411 0.0729650 0.0757186 0.0848491 0.0731512 0.0110652 0.0815107 0.0312559 0.0661522 0.0781604 0.0763407 0.0676846 0.1035074 0.0823094 0.0711077 0.0788301 0.0738758 0.0729631 0.0786555 0.0679124 0.0771136 0.0589957 0.1055648 0.0420450 0.0619640 0.1198297 0.0534966 
S0427      0.1001963 0.1122912 0.1325064 0.1350470 0.1107459 0.1620125 0.1383584 0.1424615 0.1228279 0.1322519 0.1272240 0.1750485 0.1754850 0.1388219 0.1809515 0.1345721 0.1588141 0.1316376 0.1854419 0.0461429 0.1045452 0.1154465 0.1445098 0.1264723 0.1230537 0.1133622 0.0000000 0.1168748 0.1604127 0.1285799 0.1358639 0.1247553 0.1556994 0.1317059 0.1152230 0.1045563 0.1337714 0.1507781 0.1387926 0.1468657 0.1031903 0.1379103 0.1815251 0.1867444 0.1216564 0.1822265 0.1702288 0.1119514 0.1431749 0.1121304 0.1143684 0.1146377 0.1154976 0.1417289 0.1343461 0.1347489 0.1673781 0.1322713 0.1326193 0.1314990 0.1309929 0.1486045 0.1417597 0.1306755 0.1451985 0.1451003 0.1375335 0.1311735 0.1866667 0.1368138 0.1722184 0.1659989 0.1339864 0.1399882 0.2000665 0.1183906 0.1875637 0.1685054 0.1487387 0.1449563 0.1512315 0.1097962 0.1526732 0.2227238 0.1074923 0.1019265 0.1275265 0.1251956 0.1285992 0.1308133 0.1783517 0.1364983 0.1312947 0.1550519 0.1804457 0.1721046 0.1123863 0.1598185 0.1599557 0.1406335 0.1165219 0.1145545 0.1146153 0.1442743 0.1029991 0.1276066 0.1474572 0.1488517 0.1395316 0.0991985 0.1173847 0.1368600 0.1298217 0.1332255 0.1039816 0.1448792 0.1441302 0.1225694 0.1309798 0.1015141 0.1418971 0.0978758 0.0900003 0.1501350 0.1339990 0.1398953 0.1217216 0.1681618 0.1234724 0.1279840 0.0526690 0.1179014 
S0428sl    0.0971238 0.0770278 0.0322102 0.0925692 0.0972178 0.1426701 0.0419297 0.0971507 0.0883908 0.1527176 0.0418023 0.1399750 0.1416245 0.0416905 0.1514573 0.0295133 0.1115799 0.0917457 0.1483615 0.1047993 0.0938408 0.0977975 0.0421152 0.1334432 0.0268187 0.0642036 0.1168748 0.0000000 0.1453354 0.0471917 0.1031995 0.1329641 0.1413862 0.0323665 0.0970388 0.0961827 0.0406972 0.0709418 0.0693231 0.1605354 0.0882666 0.0814641 0.1428800 0.1592865 0.1307699 0.1504295 0.1838900 0.0897703 0.1047217 0.0612108 0.0920743 0.0674463 0.0670486 0.0919108 0.0805311 0.0617556 0.1367187 0.0645895 0.0661833 0.0776858 0.0407553 0.1162668 0.1181077 0.1011683 0.1080916 0.1121360 0.1371598 0.0784815 0.0000010 0.1209350 0.1461612 0.1426049 0.0856347 0.0919640 0.1859278 0.0683777 0.0000010 0.0992879 0.1055353 0.0876201 0.1329427 0.1071539 0.1062237 0.0000010 0.0906236 0.0919892 0.0827203 0.0269300 0.0573088 0.0573990 0.1466256 0.0618267 0.0435281 0.1359577 0.1436419 0.1425623 0.0975547 0.1273615 0.1024325 0.0882205 0.1021962 0.0907349 0.1034870 0.0961814 0.0967453 0.0508656 0.1047777 0.1013019 0.0476632 0.0906864 0.0684949 0.0376913 0.0782029 0.0631813 0.0860536 0.1039438 0.1023537 0.1098158 0.0405420 0.0923349 0.0708954 0.0969424 0.0743553 0.1047948 0.0633505 0.0950314 0.0830415 0.1212044 0.0671194 0.0904161 0.1284338 0.0741155 
S0430      0.1203510 0.1813496 0.1343047 0.1357087 0.1221441 0.0141174 0.1462505 0.1476914 0.1301508 0.1565466 0.1375021 0.0161448 0.0601070 0.1332763 0.0289650 0.1272231 0.1638502 0.1657479 0.0246338 0.1460113 0.1262183 0.1301250 0.1901477 0.1787896 0.1267762 0.1174990 0.1604127 0.1453354 0.0000000 0.1242865 0.1424655 0.1687652 0.1105988 0.1337820 0.1246359 0.1263797 0.1477163 0.1740154 0.1296376 0.2046351 0.1162997 0.1393217 0.0257624 0.1725422 0.1761089 0.0162534 0.2000371 0.1241130 0.1427442 0.1145306 0.1201200 0.1162911 0.1212002 0.1492683 0.1359249 0.1246921 0.1072656 0.1254002 0.1303766 0.1327283 0.1847785 0.0437595 0.1578854 0.1535204 0.1517587 0.1523401 0.1628164 0.1359221 0.1211301 0.1546206 0.1227933 0.1113260 0.1410685 0.1433263 0.1938004 0.1237818 0.1411053 0.1677276 0.1466491 0.1403123 0.1164800 0.1307000 0.1623498 0.1535247 0.1161775 0.1214493 0.1275698 0.1303549 0.1210988 0.1211168 0.0141043 0.1280474 0.1502444 0.1116616 0.0140579 0.0171777 0.1295598 0.1011736 0.1560538 0.1525110 0.1270049 0.1267993 0.1242290 0.1529221 0.1253137 0.1268342 0.1491426 0.1543262 0.1572638 0.1176360 0.1200014 0.1444284 0.1372656 0.1226218 0.1169760 0.1646803 0.1535536 0.1349893 0.1344822 0.1250073 0.1316281 0.1303516 0.1096955 0.1593558 0.1252160 0.1556422 0.1214317 0.1707162 0.1173073 0.1340202 0.1725951 0.1253798 
S0478      0.0843165 0.0666192 0.0544633 0.0720812 0.0954936 0.1290739 0.0623620 0.0833515 0.1140620 0.1298704 0.0572899 0.1361316 0.1310159 0.0583884 0.1469633 0.0434612 0.1089633 0.0919868 0.1430538 0.1101143 0.0862813 0.0957734 0.0654681 0.1337498 0.0453513 0.0532531 0.1285799 0.0471917 0.1242865 0.0000000 0.0916322 0.1367678 0.1300874 0.0550075 0.0882275 0.0912715 0.0615634 0.0525227 0.0583824 0.1286970 0.0857649 0.0704647 0.1440061 0.1611393 0.1319908 0.1432765 0.1552640 0.0910800 0.0958719 0.0531612 0.0967260 0.0579374 0.0596983 0.0925805 0.0728826 0.0435586 0.1292515 0.0536621 0.0513725 0.0789061 0.0637052 0.1079516 0.1002756 0.0917888 0.1022937 0.1015686 0.1229610 0.0747694 0.0928591 0.1104004 0.1250735 0.1290525 0.0812455 0.0873196 0.1691811 0.0604936 0.1054915 0.0633016 0.0965910 0.0879250 0.1256665 0.0935892 0.0992296 0.1389368 0.0881459 0.0811357 0.0733978 0.0435973 0.0481754 0.0490822 0.1387422 0.0464319 0.0605797 0.1197732 0.1363280 0.1517561 0.0914952 0.1201568 0.0940497 0.0840371 0.0944207 0.0914069 0.0884135 0.0945562 0.0881747 0.0430292 0.0897078 0.0894371 0.0644213 0.0794209 0.0595883 0.0548508 0.0756028 0.0527361 0.0855032 0.0915101 0.0859520 0.1069473 0.0575724 0.0820199 0.0563753 0.0850295 0.0789989 0.0975353 0.0556036 0.0938324 0.0705325 0.1207167 0.0618606 0.0777546 0.1317915 0.0642422 
