58
S0055      0.0000000 0.0890498 0.1056814 0.1211101 0.1262966 0.0882663 0.1180368 0.1417183 0.0817687 0.0614878 0.1189131 0.1573073 0.0610477 0.0882773 0.1443592 0.1348711 0.1396464 0.0472042 0.1378586 0.1774893 0.1730976 0.0932567 0.1723059 0.1098338 0.1875808 0.1682283 0.1209582 0.1762008 0.1045343 0.0823269 0.0679180 0.0696486 0.0614154 0.1190249 0.0332757 0.0614497 0.0762717 0.0852601 0.0887700 0.1366968 0.1816815 0.0958886 0.1434275 0.1179500 0.0889706 0.0623978 0.1373191 0.0620340 0.0816652 0.1196246 0.1036989 0.1366843 0.0465105 0.1841619 0.0971583 0.1266004 0.1122255 0.1170408 
S0282      0.0890498 0.0000000 0.1741938 0.1032025 0.1534300 0.0412061 0.1555021 0.1786647 0.1141430 0.0354720 0.1297059 0.1682442 0.0408707 0.0410271 0.1725500 0.1699324 0.1506635 0.0896465 0.1816534 0.1984682 0.2109353 0.1164599 0.1830112 0.1133769 0.2089362 0.1889700 0.1484049 0.1957550 0.1456683 0.1000332 0.0349362 0.1160111 0.0540107 0.1459979 0.0320543 0.0410239 0.1256081 0.1035601 0.1457415 0.1710609 0.1923350 0.0474864 0.1808609 0.1520200 0.0538606 0.0825227 0.1503791 0.0667513 0.1071069 0.1388168 0.1444311 0.1723214 0.0882879 0.2128724 0.1247111 0.1538289 0.1375468 0.1222130 
S0292      0.1056814 0.1741938 0.0000000 0.2068545 0.1515510 0.1646503 0.1270133 0.1512193 0.1110960 0.1433848 0.1767427 0.1659473 0.1324676 0.1486299 0.1354734 0.1950695 0.1564278 0.0839516 0.1645349 0.1886429 0.1843323 0.1791875 0.1617877 0.1655238 0.1991039 0.1789377 0.1125663 0.1955189 0.1131928 0.1261445 0.1408733 0.1060806 0.1584468 0.1280988 0.0928506 0.1411771 0.1281223 0.1309044 0.0292725 0.1150743 0.1708678 0.1654774 0.0820315 0.1343132 0.1499262 0.1231849 0.1349270 0.1348936 0.1338993 0.1287600 0.1122596 0.1551606 0.0826618 0.2067859 0.0990475 0.1277554 0.1319017 0.1103935 
S0294      0.1211101 0.1032025 0.2068545 0.0000000 0.2001800 0.0954171 0.1584022 0.1881316 0.1407314 0.0824810 0.1645830 0.1890604 0.0945635 0.1091884 0.1932286 0.1899665 0.1703786 0.1005682 0.1995155 0.2420274 0.2300957 0.0613588 0.2044633 0.1625142 0.2317017 0.2103368 0.1677683 0.2258350 0.1833387 0.1327671 0.0880239 0.1407505 0.0875383 0.1920044 0.0746675 0.0815203 0.1376880 0.1374950 0.1750851 0.1784266 0.2143896 0.1172441 0.2137404 0.1981929 0.1030420 0.1297700 0.1744222 0.1106343 0.1231491 0.1841396 0.1896949 0.2016249 0.0914247 0.2787158 0.1278346 0.2007969 0.1401674 0.1422200 
S0345      0.1262966 0.1534300 0.1515510 0.2001800 0.0000000 0.1279932 0.1625177 0.1514253 0.0994719 0.1387255 0.1707630 0.1770416 0.1282990 0.1366243 0.1663170 0.2056810 0.1675520 0.1059300 0.1551237 0.1693726 0.1734578 0.2286208 0.2039189 0.1380368 0.2195658 0.2072156 0.1497805 0.1692122 0.0857947 0.1236384 0.1363754 0.1170647 0.1610157 0.0347974 0.0894246 0.1366604 0.1574064 0.1352793 0.1244811 0.1815302 0.2138394 0.1608570 0.1652006 0.0654543 0.1606987 0.0959167 0.1996532 0.1305669 0.1296356 0.0349483 0.0528853 0.1012845 0.1042831 0.2344169 0.1348089 0.0661033 0.1631226 0.1001222 
S0400      0.0882663 0.0412061 0.1646503 0.0954171 0.1279932 0.0000000 0.1465333 0.1688175 0.0993540 0.0291976 0.1214882 0.1336644 0.0346072 0.0469407 0.1480377 0.1607042 0.1176369 0.0743527 0.1719791 0.1883742 0.2003747 0.0997721 0.1577842 0.1126372 0.1984837 0.1791464 0.1250178 0.1704739 0.1227925 0.0925271 0.0287621 0.1080423 0.0474085 0.1373314 0.0253036 0.0347348 0.1172886 0.0957382 0.1371035 0.1407645 0.1665767 0.0534817 0.1529948 0.1433025 0.0351267 0.0751450 0.1324165 0.0599057 0.0994411 0.1302927 0.1358944 0.1629071 0.0732514 0.2105504 0.1164718 0.1449702 0.1287067 0.1141606 
S0427      0.1180368 0.1555021 0.1270133 0.1584022 0.1625177 0.1465333 0.0000000 0.1583031 0.0948025 0.1259508 0.1334866 0.1921831 0.1158589 0.1240436 0.1694941 0.1640658 0.1730864 0.0993447 0.1786156 0.1834810 0.1890912 0.1798599 0.2079916 0.1318612 0.2016377 0.1818967 0.1448654 0.1761274 0.1313831 0.1160824 0.1238097 0.1257412 0.1481588 0.1620368 0.0761918 0.1240708 0.1113387 0.1203204 0.1088140 0.1869785 0.2181571 0.1479970 0.1419575 0.1531544 0.1323349 0.0984063 0.1646418 0.1179010 0.1091469 0.1628749 0.1455043 0.1396258 0.0977944 0.2288081 0.1365076 0.1549909 0.0432831 0.1314287 
S0552sl    0.1417183 0.1786647 0.1512193 0.1881316 0.1514253 0.1688175 0.1583031 0.0000000 0.1276168 0.1470259 0.1997817 0.1771013 0.1432697 0.1445930 0.1540609 0.0823837 0.1658938 0.0862402 0.0173648 0.1049008 0.0174530 0.1790473 0.1827350 0.1865711 0.0910524 0.0627477 0.1299981 0.0418584 0.1209462 0.1202429 0.1443880 0.0975941 0.1707878 0.1203524 0.1105690 0.1447065 0.1649372 0.1288918 0.1400689 0.1417199 0.1845673 0.1705422 0.2048461 0.1120967 0.1623794 0.1243668 0.1702482 0.1459863 0.1379861 0.1129833 0.1048117 0.0684191 0.0696092 0.2481099 0.1233405 0.1280365 0.1968778 0.1273538 
S0641      0.0817687 0.1141430 0.1110960 0.1407314 0.0994719 0.0993540 0.0948025 0.1276168 0.0000000 0.0871439 0.1297067 0.1361711 0.0787266 0.1063477 0.1320540 0.1382136 0.1197784 0.0600664 0.1243788 0.1692252 0.1572036 0.1505677 0.1583658 0.1205305 0.1818497 0.1709118 0.1098044 0.1522669 0.0862365 0.0732500 0.0857557 0.0874494 0.1074390 0.0996936 0.0526883 0.0859289 0.0955792 0.0897159 0.0872548 0.1326002 0.1672013 0.1141629 0.1259698 0.0922621 0.0932092 0.0481048 0.1416268 0.0800024 0.0859429 0.1001657 0.0856016 0.1087149 0.0453546 0.2046528 0.0752991 0.1066854 0.0978817 0.0916133 
S0643      0.0614878 0.0354720 0.1433848 0.0824810 0.1387255 0.0291976 0.1259508 0.1470259 0.0871439 0.0000000 0.1018282 0.1373767 0.0172179 0.0291928 0.1420191 0.1399973 0.1208266 0.0533271 0.1506655 0.1667032 0.1781236 0.0772712 0.1517047 0.0934540 0.1763992 0.1577502 0.1190145 0.1645238 0.1168923 0.0736713 0.0114468 0.0885485 0.0172728 0.1314384 0.0127534 0.0114384 0.0972578 0.0762098 0.1169674 0.1251927 0.1604738 0.0354757 0.1500514 0.1231847 0.0293974 0.0558222 0.1087522 0.0417246 0.0804098 0.1243857 0.1159497 0.1418691 0.0525505 0.1879111 0.0894876 0.1245904 0.1219522 0.1083310 
S0689      0.1189131 0.1297059 0.1767427 0.1645830 0.1707630 0.1214882 0.1334866 0.1997817 0.1297067 0.1018282 0.0000000 0.1460624 0.0928161 0.1215209 0.1592037 0.1727995 0.1291016 0.0970091 0.1940651 0.2020121 0.2238431 0.1688360 0.1614206 0.0856361 0.2127531 0.1841434 0.1352672 0.2353167 0.1476665 0.1150497 0.0863957 0.1156350 0.1154756 0.1630734 0.0534308 0.1003736 0.1421265 0.1192091 0.1322363 0.1636035 0.1604150 0.1297306 0.1740115 0.1691505 0.1154333 0.0904758 0.1345445 0.0943671 0.0796801 0.1639237 0.1463913 0.1586442 0.1044553 0.1846704 0.1337383 0.1483927 0.1228333 0.1528455 
S0720      0.1573073 0.1682442 0.1659473 0.1890604 0.1770416 0.1336644 0.1921831 0.1771013 0.1361711 0.1373767 0.1460624 0.0000000 0.1265816 0.1511027 0.0605061 0.1844391 0.0056398 0.1192880 0.1799067 0.2004384 0.1828774 0.1980179 0.0677546 0.1517733 0.1989565 0.1680166 0.0415054 0.2075334 0.1400057 0.1358288 0.1349568 0.1201230 0.1605658 0.1802682 0.0938778 0.1352502 0.1567183 0.1577822 0.1287558 0.0655135 0.0746921 0.1527038 0.1605772 0.1866239 0.1371179 0.1261018 0.1460264 0.1289069 0.1369981 0.1812679 0.1543925 0.1535729 0.1009719 0.2382695 0.0754936 0.1619731 0.1787606 0.1610037 
S0756      0.0610477 0.0408707 0.1324676 0.0945635 0.1282990 0.0346072 0.1158589 0.1432697 0.0787266 0.0172179 0.0928161 0.1265816 0.0000000 0.0346026 0.1312307 0.1365936 0.1107626 0.0596005 0.1395096 0.1624664 0.1734785 0.0836996 0.1404211 0.0848677 0.1718334 0.1537911 0.1091404 0.1604041 0.1072599 0.0657334 0.0169657 0.0865199 0.0349442 0.1212730 0.0062206 0.0227635 0.0882063 0.0679323 0.1073322 0.1319427 0.1487871 0.0408750 0.1389685 0.1133888 0.0348430 0.0484950 0.1151307 0.0348424 0.0722286 0.1218630 0.1064296 0.1383673 0.0587376 0.1829280 0.0744034 0.1146346 0.1123074 0.0991203 
S0763      0.0882773 0.0410271 0.1486299 0.1091884 0.1366243 0.0469407 0.1240436 0.1445930 0.1063477 0.0291928 0.1215209 0.1511027 0.0346026 0.0000000 0.1555521 0.1607731 0.1342578 0.0600698 0.1642418 0.1564829 0.1751010 0.1075154 0.1654820 0.1126629 0.1814253 0.1628510 0.1322640 0.1618493 0.1151108 0.0925402 0.0287574 0.0939711 0.0474050 0.1294032 0.0320581 0.0347302 0.1102441 0.0957535 0.1222409 0.1511571 0.1744038 0.0289173 0.1552006 0.1213071 0.0472717 0.0751497 0.1080462 0.0599050 0.0994582 0.1224710 0.1141991 0.1396034 0.0659506 0.1929122 0.1094870 0.1226670 0.1361048 0.1135935 
S0770      0.1443592 0.1725500 0.1354734 0.1932286 0.1663170 0.1480377 0.1694941 0.1540609 0.1320540 0.1420191 0.1592037 0.0605061 0.1312307 0.1555521 0.0000000 0.1705847 0.0537826 0.1073162 0.1660363 0.1936473 0.1850195 0.1920935 0.0666134 0.1562302 0.1764878 0.1478420 0.0168396 0.1922085 0.1279140 0.1242711 0.1395513 0.1093065 0.1649531 0.1585217 0.0918799 0.1398499 0.1438246 0.1369332 0.1252144 0.0561119 0.0734283 0.1725905 0.1847810 0.1647223 0.1417601 0.1145827 0.1431545 0.1336133 0.1252853 0.1593610 0.1416739 0.1410395 0.0900808 0.2335443 0.0805726 0.1414649 0.1645345 0.1481684 
S0771      0.1348711 0.1699324 0.1950695 0.1899665 0.2056810 0.1607042 0.1640658 0.0823837 0.1382136 0.1399973 0.1727995 0.1844391 0.1365936 0.1607731 0.1705847 0.0000000 0.1662884 0.0972378 0.0945947 0.1386839 0.1093781 0.1691690 0.1902355 0.1541226 0.0722735 0.0715534 0.1467684 0.1082227 0.1567623 0.1297539 0.1376062 0.1072480 0.1624897 0.1975364 0.0906015 0.1378959 0.1564911 0.1403410 0.1732236 0.1616526 0.1920756 0.1699713 0.2300223 0.2036519 0.1545430 0.1353312 0.1793302 0.1390507 0.1238800 0.1892598 0.1794700 0.1078966 0.0808189 0.2529291 0.1321444 0.2063175 0.1728202 0.1854520 
S0795      0.1396464 0.1506635 0.1564278 0.1703786 0.1675520 0.1176369 0.1730864 0.1658938 0.1197784 0.1208266 0.1291016 0.0056398 0.1107626 0.1342578 0.0537826 0.1662884 0.0000000 0.1018337 0.1702446 0.1987072 0.1730063 0.1766896 0.0608233 0.1348493 0.1887645 0.1587613 0.0351447 0.1971902 0.1311127 0.1195033 0.1187472 0.1044045 0.1432489 0.1705578 0.0775158 0.1190014 0.1391171 0.1400382 0.1203108 0.0573755 0.0676019 0.1356232 0.1514629 0.1768779 0.1205891 0.1094596 0.1274113 0.1127354 0.1204858 0.1714897 0.1529434 0.1445374 0.0845073 0.2173074 0.0683259 0.1527301 0.1598552 0.1518449 
S0906      0.0472042 0.0896465 0.0839516 0.1005682 0.1059300 0.0743527 0.0993447 0.0862402 0.0600664 0.0533271 0.0970091 0.1192880 0.0596005 0.0600698 0.1073162 0.0972378 0.1018337 0.0000000 0.1080689 0.1153060 0.1173706 0.1262035 0.1264961 0.0953342 0.1397872 0.1137221 0.0838674 0.1226279 0.0683205 0.0607525 0.0598044 0.0254893 0.0601747 0.0983202 0.0362572 0.0529912 0.0612553 0.0622263 0.0756439 0.1251990 0.1356292 0.0896616 0.1086308 0.0826058 0.0675497 0.0623004 0.1099878 0.0606451 0.0743342 0.0980886 0.0825243 0.0911522 0.0190579 0.1449597 0.0619836 0.1061839 0.0944171 0.0744588 
S0956      0.1378586 0.1816534 0.1645349 0.1995155 0.1551237 0.1719791 0.1786156 0.0173648 0.1243788 0.1506655 0.1940651 0.1799067 0.1395096 0.1642418 0.1660363 0.0945947 0.1702446 0.1080689 0.0000000 0.1248708 0.0230895 0.1842197 0.1858094 0.1814047 0.1107222 0.0817022 0.1420091 0.0535071 0.1252330 0.1250083 0.1480211 0.1326005 0.1739398 0.1245726 0.1169101 0.1483400 0.1683323 0.1335965 0.1441399 0.1572683 0.1876300 0.1736999 0.2077881 0.1164222 0.1657792 0.1210671 0.1950230 0.1420782 0.1343191 0.1251966 0.1092474 0.0808735 0.0907076 0.2847706 0.1272468 0.1321367 0.1997886 0.1315000 
S0959      0.1774893 0.1984682 0.1886429 0.2420274 0.1693726 0.1883742 0.1834810 0.1049008 0.1692252 0.1667032 0.2020121 0.2004384 0.1624664 0.1564829 0.1936473 0.1386839 0.1987072 0.1153060 0.1248708 0.0000000 0.1255417 0.2224825 0.2028459 0.1735725 0.1412457 0.1243890 0.1680957 0.1154004 0.1563186 0.1704436 0.1637335 0.1320050 0.1905479 0.1460171 0.1164045 0.1640895 0.1759783 0.1661344 0.1583266 0.1864709 0.2048691 0.1985194 0.2323340 0.1618458 0.1902059 0.1439827 0.1660171 0.1655493 0.1486910 0.1385628 0.1393047 0.1238050 0.1209017 0.2986950 0.1680270 0.1486911 0.2033101 0.1380933 
S0964      0.1730976 0.2109353 0.1843323 0.2300957 0.1734578 0.2003747 0.1890912 0.0174530 0.1572036 0.1781236 0.2238431 0.1828774 0.1734785 0.1751010 0.1850195 0.1093781 0.1730063 0.1173706 0.0230895 0.1255417 0.0000000 0.2075468 0.1981725 0.2190951 0.1113183 0.0821346 0.1598991 0.0537802 0.1423251 0.1580542 0.1748703 0.1333154 0.2027410 0.1252411 0.1438944 0.1752588 0.1972073 0.1675566 0.1625051 0.1501241 0.2001708 0.1861545 0.2296227 0.1329472 0.1940889 0.1462796 0.1962642 0.1768685 0.1685388 0.1339967 0.1254516 0.0812979 0.0994094 0.2738372 0.1531511 0.1494747 0.2215583 0.1487020 
S1052sl    0.0932567 0.1164599 0.1791875 0.0613588 0.2286208 0.0997721 0.1798599 0.1790473 0.1505677 0.0772712 0.1688360 0.1980179 0.0836996 0.1075154 0.1920935 0.1691690 0.1766896 0.1262035 0.1842197 0.2224825 0.2075468 0.0000000 0.1873526 0.1671938 0.2230284 0.1907148 0.1736499 0.2003783 0.1811353 0.1339201 0.0840103 0.1338884 0.0756219 0.2105466 0.0604173 0.0841797 0.1009158 0.1280900 0.1680664 0.2174107 0.1873526 0.1164834 0.1807214 0.1984947 0.0926087 0.1219280 0.2011680 0.1011234 0.1320894 0.2185695 0.1979886 0.2014494 0.1241381 0.2513741 0.1452670 0.2107362 0.1479622 0.1693313 
S1083      0.1723059 0.1830112 0.1617877 0.2044633 0.2039189 0.1577842 0.2079916 0.1827350 0.1583658 0.1517047 0.1614206 0.0677546 0.1404211 0.1654820 0.0666134 0.1902355 0.0608233 0.1264961 0.1858094 0.2028459 0.1981725 0.1873526 0.0000000 0.1662107 0.2049052 0.1738386 0.0474679 0.2134481 0.1445413 0.1499804 0.1490192 0.1339740 0.1752148 0.1878453 0.1182953 0.1493430 0.1716767 0.1728500 0.1512074 0.0809673 0.0055241 0.1830563 0.1957793 0.2018499 0.1514345 0.1407656 0.1284689 0.1430293 0.1513022 0.1966386 0.1770219 0.1682223 0.1079581 0.2194803 0.0883537 0.1768169 0.1946041 0.1757237 
S1102      0.1098338 0.1133769 0.1655238 0.1625142 0.1380368 0.1126372 0.1318612 0.1865711 0.1205305 0.0934540 0.0856361 0.1517733 0.0848677 0.1126629 0.1562302 0.1541226 0.1348493 0.0953342 0.1814047 0.1735725 0.2190951 0.1671938 0.1662107 0.0000000 0.2078323 0.1800983 0.1328397 0.2134133 0.1377237 0.0929719 0.0919649 0.0996583 0.1067777 0.1307909 0.0391317 0.0921499 0.1322517 0.1028558 0.1377979 0.1710633 0.1751753 0.1139719 0.1481324 0.1440264 0.1135526 0.0962793 0.1590457 0.0862483 0.0861940 0.1314442 0.1224074 0.1404160 0.0953062 0.1648782 0.1241880 0.1239790 0.1213128 0.1286866 
S1128      0.1875808 0.2089362 0.1991039 0.2317017 0.2195658 0.1984837 0.2016377 0.0910524 0.1818497 0.1763992 0.2127531 0.1989565 0.1718334 0.1814253 0.1764878 0.0722735 0.1887645 0.1397872 0.1107222 0.1412457 0.1113183 0.2230284 0.2049052 0.2078323 0.0000000 0.0348231 0.1589561 0.1242880 0.1765631 0.1800130 0.1732010 0.1389518 0.2008116 0.1932373 0.1338564 0.1735832 0.1952061 0.1930138 0.1766289 0.1868755 0.2069750 0.2089925 0.2349401 0.1994735 0.1921429 0.1639706 0.2138925 0.1751645 0.1585198 0.1848608 0.1749911 0.1245866 0.1210377 0.3007242 0.1589178 0.1686045 0.2231640 0.1733289 
S1129sl    0.1682283 0.1889700 0.1789377 0.2103368 0.2072156 0.1791464 0.1818967 0.0627477 0.1709118 0.1577502 0.1841434 0.1680166 0.1537911 0.1628510 0.1478420 0.0715534 0.1587613 0.1137221 0.0817022 0.1243890 0.0821346 0.1907148 0.1738386 0.1800983 0.0348231 0.0000000 0.1317333 0.0946920 0.1744055 0.1616195 0.1549732 0.1224371 0.1811928 0.1817700 0.1154943 0.1553072 0.1755588 0.1736504 0.1579391 0.1432904 0.1754943 0.1890170 0.2132275 0.1722858 0.1728876 0.1532334 0.1820652 0.1566645 0.1407716 0.1736687 0.1642023 0.1085896 0.0964116 0.2476295 0.1411411 0.1408964 0.2014356 0.1550717 
S1177      0.1209582 0.1484049 0.1125663 0.1677683 0.1497805 0.1250178 0.1448654 0.1299981 0.1098044 0.1190145 0.1352672 0.0415054 0.1091404 0.1322640 0.0168396 0.1467684 0.0351447 0.0838674 0.1420091 0.1680957 0.1598991 0.1736499 0.0474679 0.1328397 0.1589561 0.1317333 0.0000000 0.1668934 0.1052816 0.1024037 0.1169949 0.0881016 0.1411015 0.1421996 0.0690187 0.1172421 0.1204994 0.1212666 0.1031408 0.0342684 0.0539473 0.1484365 0.1596794 0.1483746 0.1187820 0.0922363 0.1176395 0.1110549 0.1031949 0.1429381 0.1259880 0.1182100 0.0677442 0.2143596 0.0607192 0.1257839 0.1397246 0.1251276 
S1189      0.1762008 0.1957550 0.1955189 0.2258350 0.1692122 0.1704739 0.1761274 0.0418584 0.1522669 0.1645238 0.2353167 0.2075334 0.1604041 0.1618493 0.1922085 0.1082227 0.1971902 0.1226279 0.0535071 0.1154004 0.0537802 0.2003783 0.2134481 0.2134133 0.1242880 0.0946920 0.1668934 0.0000000 0.1386817 0.1692589 0.1616361 0.1464589 0.1879730 0.1528360 0.1314155 0.1695966 0.2080106 0.1815810 0.1736353 0.1748705 0.2156128 0.1877355 0.2401422 0.1442155 0.1720699 0.1499083 0.2113974 0.1798279 0.1716778 0.1453293 0.1367527 0.1071941 0.1047966 0.2868499 0.1668293 0.1607185 0.2151769 0.1673864 
S1201sl    0.1045343 0.1456683 0.1131928 0.1833387 0.0857947 0.1227925 0.1313831 0.1209462 0.0862365 0.1168923 0.1476665 0.1400057 0.1072599 0.1151108 0.1279140 0.1567623 0.1311127 0.0683205 0.1252330 0.1563186 0.1423251 0.1811353 0.1445413 0.1377237 0.1765631 0.1744055 0.1052816 0.1386817 0.0000000 0.1162735 0.1149455 0.0890002 0.1385210 0.0726424 0.0676001 0.1151840 0.1191693 0.1205326 0.0887985 0.1355190 0.1532294 0.1382988 0.1432924 0.0784418 0.1091288 0.0893318 0.1455764 0.1091049 0.1083396 0.0729748 0.0655267 0.0807028 0.0672976 0.2140520 0.1053633 0.0792419 0.1384489 0.0861110 
S1211      0.0823269 0.1000332 0.1261445 0.1327671 0.1236384 0.0925271 0.1160824 0.1202429 0.0732500 0.0736713 0.1150497 0.1358288 0.0657334 0.0925402 0.1242711 0.1297539 0.1195033 0.0607525 0.1250083 0.1704436 0.1580542 0.1339201 0.1499804 0.0929719 0.1800130 0.1616195 0.1024037 0.1692589 0.1162735 0.0000000 0.0725146 0.0948376 0.0934834 0.1165202 0.0456905 0.0726601 0.1107209 0.0293785 0.1163482 0.1240010 0.1586237 0.1000493 0.1343461 0.1085737 0.0932530 0.0825531 0.1423719 0.0667759 0.0865147 0.1170960 0.1015405 0.1025327 0.0458556 0.1951433 0.0820547 0.1239276 0.1367927 0.1077648 
S1227      0.0679180 0.0349362 0.1408733 0.0880239 0.1363754 0.0287621 0.1238097 0.1443880 0.0857557 0.0114468 0.0863957 0.1349568 0.0169657 0.0287574 0.1395513 0.1376062 0.1187472 0.0598044 0.1480211 0.1637335 0.1748703 0.0840103 0.1490192 0.0919649 0.1732010 0.1549732 0.1169949 0.1616361 0.1149455 0.0725146 0.0000000 0.0871140 0.0290416 0.1292228 0.0062206 0.0170262 0.0956423 0.0749720 0.1150193 0.1325181 0.1575988 0.0349398 0.1474310 0.1211363 0.0230517 0.0551774 0.1155868 0.0410889 0.0791372 0.1222975 0.1140361 0.1394092 0.0589353 0.1762760 0.0950081 0.1224928 0.1204194 0.1065616 
S1238sl    0.0696486 0.1160111 0.1060806 0.1407505 0.1170647 0.1080423 0.1257412 0.0975941 0.0874494 0.0885485 0.1156350 0.1201230 0.0865199 0.0939711 0.1093065 0.1072480 0.1044045 0.0254893 0.1326005 0.1320050 0.1333154 0.1338884 0.1339740 0.0996583 0.1389518 0.1224371 0.0881016 0.1464589 0.0890002 0.0948376 0.0871140 0.0000000 0.0884473 0.1099812 0.0463975 0.0872927 0.1046338 0.0982218 0.0890696 0.1074119 0.1422918 0.1160319 0.1437938 0.1160241 0.1019712 0.0833595 0.1093589 0.0879584 0.0873549 0.1029123 0.0951421 0.0874366 0.0254767 0.1597062 0.0748717 0.1173330 0.1230028 0.1081644 
S1278      0.0614154 0.0540107 0.1584468 0.0875383 0.1610157 0.0474085 0.1481588 0.1707878 0.1074390 0.0172728 0.1154756 0.1605658 0.0349442 0.0474050 0.1649531 0.1624897 0.1432489 0.0601747 0.1739398 0.1905479 0.2027410 0.0756219 0.1752148 0.1067777 0.2008116 0.1811928 0.1411015 0.1879730 0.1385210 0.0934834 0.0290416 0.0884473 0.0000000 0.1535226 0.0254934 0.0290223 0.1111915 0.0967625 0.1385954 0.1426024 0.1843931 0.0540171 0.1578125 0.1448576 0.0477462 0.0759365 0.1246524 0.0605099 0.1004760 0.1462869 0.1373594 0.1647455 0.0525853 0.2042200 0.1103691 0.1465634 0.1453122 0.1294180 
S1332      0.1190249 0.1459979 0.1280988 0.1920044 0.0347974 0.1373314 0.1620368 0.1203524 0.0996936 0.1314384 0.1630734 0.1802682 0.1212730 0.1294032 0.1585217 0.1975364 0.1705578 0.0983202 0.1245726 0.1460171 0.1252411 0.2105466 0.1878453 0.1307909 0.1932373 0.1817700 0.1421996 0.1528360 0.0726424 0.1165202 0.1292228 0.1099812 0.1535226 0.0000000 0.0902480 0.1294923 0.1497686 0.1278214 0.1027019 0.1835865 0.1974983 0.1532934 0.1516338 0.0405996 0.1532111 0.0890597 0.1905602 0.1233989 0.1225230 0.0113557 0.0286462 0.0875103 0.0968004 0.2255877 0.1273867 0.0409827 0.1551733 0.0797713 
S1369      0.0332757 0.0320543 0.0928506 0.0746675 0.0894246 0.0253036 0.0761918 0.1105690 0.0526883 0.0127534 0.0534308 0.0938778 0.0062206 0.0320581 0.0918799 0.0906015 0.0775158 0.0362572 0.1169101 0.1164045 0.1438944 0.0604173 0.1182953 0.0391317 0.1338564 0.1154943 0.0690187 0.1314155 0.0676001 0.0456905 0.0062206 0.0463975 0.0254934 0.0902480 0.0000000 0.0125082 0.0545023 0.0473595 0.0754528 0.0917446 0.1272970 0.0390059 0.1152227 0.0968167 0.0255173 0.0265501 0.0868374 0.0257176 0.0323468 0.0900375 0.0747752 0.0916893 0.0356855 0.1346881 0.0618386 0.0830647 0.0637880 0.0740098 
S1370      0.0614497 0.0410239 0.1411771 0.0815203 0.1366604 0.0347348 0.1240708 0.1447065 0.0859289 0.0114384 0.1003736 0.1352502 0.0227635 0.0347302 0.1398499 0.1378959 0.1190014 0.0529912 0.1483400 0.1640895 0.1752588 0.0841797 0.1493430 0.0921499 0.1735832 0.1553072 0.1172421 0.1695966 0.1151840 0.0726601 0.0170262 0.0872927 0.0290223 0.1294923 0.0125082 0.0000000 0.0958424 0.0751274 0.1152580 0.1234315 0.1579442 0.0410283 0.1477471 0.1213865 0.0349724 0.0552911 0.1080118 0.0411707 0.0792966 0.1225524 0.1142707 0.1397070 0.0522244 0.1848384 0.0817201 0.1227488 0.1206804 0.1067794 
S1375      0.0762717 0.1256081 0.1281223 0.1376880 0.1574064 0.1172886 0.1113387 0.1649372 0.0955792 0.0972578 0.1421265 0.1567183 0.0882063 0.1102441 0.1438246 0.1564911 0.1391171 0.0612553 0.1683323 0.1759783 0.1972073 0.1009158 0.1716767 0.1322517 0.1952061 0.1755588 0.1204994 0.2080106 0.1191693 0.1107209 0.0956423 0.1046338 0.1111915 0.1497686 0.0545023 0.0958424 0.0000000 0.1056975 0.1027508 0.1346498 0.1810219 0.1256321 0.1516193 0.1409716 0.0882686 0.0920285 0.1375989 0.0897047 0.1028044 0.1505490 0.1333469 0.1611288 0.0603434 0.2120364 0.1132603 0.1426620 0.0913807 0.1031267 
S1381      0.0852601 0.1035601 0.1309044 0.1374950 0.1352793 0.0957382 0.1203204 0.1288918 0.0897159 0.0762098 0.1192091 0.1577822 0.0679323 0.0957535 0.1369332 0.1403410 0.1400382 0.0622263 0.1335965 0.1661344 0.1675566 0.1280900 0.1728500 0.1028558 0.1930138 0.1736504 0.1212666 0.1815810 0.1205326 0.0293785 0.0749720 0.0982218 0.0967625 0.1278214 0.0473595 0.0751274 0.1056975 0.0000000 0.1206102 0.1461220 0.1822756 0.1035777 0.1468006 0.1194094 0.0965189 0.0855055 0.1378382 0.0690485 0.0964396 0.1284795 0.1120234 0.1285065 0.0612843 0.2032557 0.0995598 0.1356197 0.1421154 0.1110935 
S1422      0.0887700 0.1457415 0.0292725 0.1750851 0.1244811 0.1371035 0.1088140 0.1400689 0.0872548 0.1169674 0.1322363 0.1287558 0.1073322 0.1222409 0.1252144 0.1732236 0.1203108 0.0756439 0.1441399 0.1583266 0.1625051 0.1680664 0.1512074 0.1377979 0.1766289 0.1579391 0.1031408 0.1736353 0.0887985 0.1163482 0.1150193 0.0890696 0.1385954 0.1027019 0.0754528 0.1152580 0.1027508 0.1206102 0.0000000 0.1235106 0.1599503 0.1377334 0.0603100 0.1087283 0.1232406 0.0976649 0.1250796 0.1091788 0.1084129 0.1032040 0.0881224 0.1272670 0.0745033 0.1946157 0.0755371 0.1024319 0.1056351 0.0867477 
S1462      0.1366968 0.1710609 0.1150743 0.1784266 0.1815302 0.1407645 0.1869785 0.1417199 0.1326002 0.1251927 0.1636035 0.0655135 0.1319427 0.1511571 0.0561119 0.1616526 0.0573755 0.1251990 0.1572683 0.1864709 0.1501241 0.2174107 0.0809673 0.1710633 0.1868755 0.1432904 0.0342684 0.1748705 0.1355190 0.1240010 0.1325181 0.1074119 0.1426024 0.1835865 0.0917446 0.1234315 0.1346498 0.1461220 0.1235106 0.0000000 0.0809673 0.1530139 0.1798808 0.1814664 0.1431244 0.1211876 0.1523964 0.1438295 0.1236891 0.1830679 0.1626705 0.1461960 0.1057837 0.2281271 0.0901453 0.1624256 0.1693666 0.1516836 
S1498      0.1816815 0.1923350 0.1708678 0.2143896 0.2138394 0.1665767 0.2181571 0.1845673 0.1672013 0.1604738 0.1604150 0.0746921 0.1487871 0.1744038 0.0734283 0.1920756 0.0676019 0.1356292 0.1876300 0.2048691 0.2001708 0.1873526 0.0055241 0.1751753 0.2069750 0.1754943 0.0539473 0.2156128 0.1532294 0.1586237 0.1575988 0.1422918 0.1843931 0.1974983 0.1272970 0.1579442 0.1810219 0.1822756 0.1599503 0.0809673 0.0000000 0.1923842 0.2055316 0.2116387 0.1601947 0.1496069 0.1284689 0.1515944 0.1503814 0.2064763 0.1863374 0.1698355 0.1165591 0.2296214 0.0956804 0.1861374 0.2046716 0.1849538 
S_670      0.0958886 0.0474864 0.1654774 0.1172441 0.1608570 0.0534817 0.1479970 0.1705422 0.1141629 0.0354757 0.1297306 0.1527038 0.0408750 0.0289173 0.1725905 0.1699713 0.1356232 0.0896616 0.1736999 0.1985194 0.1861545 0.1164834 0.1830563 0.1139719 0.2089925 0.1890170 0.1484365 0.1877355 0.1382988 0.1000493 0.0349398 0.1160319 0.0540171 0.1532934 0.0390059 0.0410283 0.1256321 0.1035777 0.1377334 0.1530139 0.1923842 0.0000000 0.1721156 0.1446336 0.0538671 0.0825351 0.1504148 0.0667601 0.1071249 0.1460603 0.1371398 0.1645082 0.0883025 0.1930334 0.1247347 0.1294689 0.1528726 0.1202093 
SRR8528336 0.1434275 0.1808609 0.0820315 0.2137404 0.1652006 0.1529948 0.1419575 0.2048461 0.1259698 0.1500514 0.1740115 0.1605772 0.1389685 0.1552006 0.1847810 0.2300223 0.1514629 0.1086308 0.2077881 0.2323340 0.2296227 0.1807214 0.1957793 0.1481324 0.2349401 0.2132275 0.1596794 0.2401422 0.1432924 0.1343461 0.1474310 0.1437938 0.1578125 0.1516338 0.1152227 0.1477471 0.1516193 0.1468006 0.0603100 0.1798808 0.2055316 0.1721156 0.0000000 0.1427042 0.1486282 0.1547186 0.1698760 0.1240693 0.1564192 0.1524354 0.1349727 0.1441146 0.0995359 0.2162067 0.1127478 0.1512317 0.1473763 0.1182418 
SRR8528341 0.1179500 0.1520200 0.1343132 0.1981929 0.0654543 0.1433025 0.1531544 0.1120967 0.0922621 0.1231847 0.1691505 0.1866239 0.1133888 0.1213071 0.1647223 0.2036519 0.1768779 0.0826058 0.1164222 0.1618458 0.1329472 0.1984947 0.2018499 0.1440264 0.1994735 0.1722858 0.1483746 0.1442155 0.0784418 0.1085737 0.1211363 0.1160241 0.1448576 0.0405996 0.0968167 0.1213865 0.1409716 0.1194094 0.1087283 0.1814664 0.2116387 0.1446336 0.1427042 0.0000000 0.1445558 0.0882914 0.1884729 0.1153422 0.1284844 0.0407760 0.0342774 0.0934454 0.0813568 0.1978433 0.1262167 0.0467006 0.1693455 0.0856222 
SRR8528343 0.0889706 0.0538606 0.1499262 0.1030420 0.1606987 0.0351267 0.1323349 0.1623794 0.0932092 0.0293974 0.1154333 0.1371179 0.0348430 0.0472717 0.1417601 0.1545430 0.1205891 0.0675497 0.1657792 0.1902059 0.1940889 0.0926087 0.1514345 0.1135526 0.1921429 0.1728876 0.1187820 0.1720699 0.1091288 0.0932530 0.0230517 0.1019712 0.0477462 0.1532111 0.0255173 0.0349724 0.0882686 0.0965189 0.1232406 0.1431244 0.1601947 0.0538671 0.1486282 0.1445558 0.0000000 0.0757322 0.1250517 0.0603446 0.1002336 0.1459812 0.1370655 0.1567308 0.0665505 0.1922317 0.1103254 0.1462564 0.1291170 0.1145002 
SRR8528350 0.0623978 0.0825227 0.1231849 0.1297700 0.0959167 0.0751450 0.0984063 0.1243668 0.0481048 0.0558222 0.0904758 0.1261018 0.0484950 0.0751497 0.1145827 0.1353312 0.1094596 0.0623004 0.1210671 0.1439827 0.1462796 0.1219280 0.1407656 0.0962793 0.1639706 0.1532334 0.0922363 0.1499083 0.0893318 0.0825531 0.0551774 0.0833595 0.0759365 0.0890597 0.0265501 0.0552911 0.0920285 0.0855055 0.0976649 0.1211876 0.1496069 0.0825351 0.1547186 0.0882914 0.0757322 0.0000000 0.1226609 0.0492673 0.0686188 0.0894895 0.0748844 0.1200357 0.0613573 0.1855577 0.0974455 0.0824800 0.0982887 0.0813023 
SRR8528354 0.1373191 0.1503791 0.1349270 0.1744222 0.1996532 0.1324165 0.1646418 0.1702482 0.1416268 0.1087522 0.1345445 0.1460264 0.1151307 0.1080462 0.1431545 0.1793302 0.1274113 0.1099878 0.1950230 0.1660171 0.1962642 0.2011680 0.1284689 0.1590457 0.2138925 0.1820652 0.1176395 0.2113974 0.1455764 0.1423719 0.1155868 0.1093589 0.1246524 0.1905602 0.0868374 0.1080118 0.1375989 0.1378382 0.1250796 0.1523964 0.1284689 0.1504148 0.1698760 0.1884729 0.1250517 0.1226609 0.0000000 0.1257669 0.1331253 0.1900503 0.1705410 0.1734336 0.1157516 0.1889046 0.1013196 0.1822984 0.1520144 0.1599661 
SRR8528357 0.0620340 0.0667513 0.1348936 0.1106343 0.1305669 0.0599057 0.1179010 0.1459863 0.0800024 0.0417246 0.0943671 0.1289069 0.0348424 0.0599050 0.1336133 0.1390507 0.1127354 0.0606451 0.1420782 0.1655493 0.1768685 0.1011234 0.1430293 0.0862483 0.1751645 0.1566645 0.1110549 0.1798279 0.1091049 0.0667759 0.0410889 0.0879584 0.0605099 0.1233989 0.0257176 0.0411707 0.0897047 0.0690485 0.1091788 0.1438295 0.1515944 0.0667601 0.1240693 0.1153422 0.0603446 0.0492673 0.1257669 0.0000000 0.0733874 0.1240109 0.1082431 0.1235050 0.0597512 0.1774165 0.0891110 0.1166350 0.1143355 0.1007854 
SRR8528359 0.0816652 0.1071069 0.1338993 0.1231491 0.1296356 0.0994411 0.1091469 0.1379861 0.0859429 0.0804098 0.0796801 0.1369981 0.0722286 0.0994582 0.1252853 0.1238800 0.1204858 0.0743342 0.1343191 0.1486910 0.1685388 0.1320894 0.1513022 0.0861940 0.1585198 0.1407716 0.1031949 0.1716778 0.1083396 0.0865147 0.0791372 0.0873549 0.1004760 0.1225230 0.0323468 0.0792966 0.1028044 0.0964396 0.1084129 0.1236891 0.1503814 0.1071249 0.1564192 0.1284844 0.1002336 0.0686188 0.1331253 0.0733874 0.0000000 0.1231262 0.1074906 0.1105454 0.0662142 0.1945588 0.1032771 0.1158082 0.0983768 0.1136791 
SRR8528361 0.1196246 0.1388168 0.1287600 0.1841396 0.0349483 0.1302927 0.1628749 0.1129833 0.1001657 0.1243857 0.1639237 0.1812679 0.1218630 0.1224710 0.1593610 0.1892598 0.1714897 0.0980886 0.1251966 0.1385628 0.1339967 0.2185695 0.1966386 0.1314442 0.1848608 0.1736687 0.1429381 0.1453293 0.0729748 0.1170960 0.1222975 0.1029123 0.1462869 0.0113557 0.0900375 0.1225524 0.1505490 0.1284795 0.1032040 0.1830679 0.2064763 0.1460603 0.1524354 0.0407760 0.1459812 0.0894895 0.1900503 0.1240109 0.1231262 0.0000000 0.0287686 0.0808055 0.0965757 0.2165571 0.1280393 0.0411626 0.1560125 0.0801420 
SRR8528365 0.1036989 0.1444311 0.1122596 0.1896949 0.0528853 0.1358944 0.1455043 0.1048117 0.0856016 0.1159497 0.1463913 0.1543925 0.1064296 0.1141991 0.1416739 0.1794700 0.1529434 0.0825243 0.1092474 0.1393047 0.1254516 0.1979886 0.1770219 0.1224074 0.1749911 0.1642023 0.1259880 0.1367527 0.0655267 0.1015405 0.1140361 0.0951421 0.1373594 0.0286462 0.0747752 0.1142707 0.1333469 0.1120234 0.0881224 0.1626705 0.1863374 0.1371398 0.1349727 0.0342774 0.1370655 0.0748844 0.1705410 0.1082431 0.1074906 0.0287686 0.0000000 0.0799070 0.0812789 0.2056721 0.1116638 0.0345937 0.1533862 0.0790425 
SRR8528372 0.1366843 0.1723214 0.1551606 0.2016249 0.1012845 0.1629071 0.1396258 0.0684191 0.1087149 0.1418691 0.1586442 0.1535729 0.1383673 0.1396034 0.1410395 0.1078966 0.1445374 0.0911522 0.0808735 0.1238050 0.0812979 0.2014494 0.1682223 0.1404160 0.1245866 0.1085896 0.1182100 0.1071941 0.0807028 0.1025327 0.1394092 0.0874366 0.1647455 0.0875103 0.0916893 0.1397070 0.1611288 0.1285065 0.1272670 0.1461960 0.1698355 0.1645082 0.1441146 0.0934454 0.1567308 0.1200357 0.1734336 0.1235050 0.1105454 0.0808055 0.0799070 0.0000000 0.0747651 0.2283122 0.1041030 0.0944444 0.1660665 0.1161543 
SRR8528379 0.0465105 0.0882879 0.0826618 0.0914247 0.1042831 0.0732514 0.0977944 0.0696092 0.0453546 0.0525505 0.1044553 0.1009719 0.0587376 0.0659506 0.0900808 0.0808189 0.0845073 0.0190579 0.0907076 0.1209017 0.0994094 0.1241381 0.1079581 0.0953062 0.1210377 0.0964116 0.0677442 0.1047966 0.0672976 0.0458556 0.0589353 0.0254767 0.0525853 0.0968004 0.0356855 0.0522244 0.0603434 0.0612843 0.0745033 0.1057837 0.1165591 0.0883025 0.0995359 0.0813568 0.0665505 0.0613573 0.1157516 0.0597512 0.0662142 0.0965757 0.0812789 0.0747651 0.0000000 0.1449351 0.0467615 0.1045278 0.0929115 0.0733539 
SRR8528381 0.1841619 0.2128724 0.2067859 0.2787158 0.2344169 0.2105504 0.2288081 0.2481099 0.2046528 0.1879111 0.1846704 0.2382695 0.1829280 0.1929122 0.2335443 0.2529291 0.2173074 0.1449597 0.2847706 0.2986950 0.2738372 0.2513741 0.2194803 0.1648782 0.3007242 0.2476295 0.2143596 0.2868499 0.2140520 0.1951433 0.1762760 0.1597062 0.2042200 0.2255877 0.1346881 0.1848384 0.2120364 0.2032557 0.1946157 0.2281271 0.2296214 0.1930334 0.2162067 0.1978433 0.1922317 0.1855577 0.1889046 0.1774165 0.1945588 0.2165571 0.2056721 0.2283122 0.1449351 0.0000000 0.1980883 0.2047832 0.2187232 0.2099027 
SRR8528384 0.0971583 0.1247111 0.0990475 0.1278346 0.1348089 0.1164718 0.1365076 0.1233405 0.0752991 0.0894876 0.1337383 0.0754936 0.0744034 0.1094870 0.0805726 0.1321444 0.0683259 0.0619836 0.1272468 0.1680270 0.1531511 0.1452670 0.0883537 0.1241880 0.1589178 0.1411411 0.0607192 0.1668293 0.1053633 0.0820547 0.0950081 0.0748717 0.1103691 0.1273867 0.0618386 0.0817201 0.1132603 0.0995598 0.0755371 0.0901453 0.0956804 0.1247347 0.1127478 0.1262167 0.1103254 0.0974455 0.1013196 0.0891110 0.1032771 0.1280393 0.1116638 0.1041030 0.0467615 0.1980883 0.0000000 0.1351461 0.1286132 0.1179756 
SRR8528389 0.1266004 0.1538289 0.1277554 0.2007969 0.0661033 0.1449702 0.1549909 0.1280365 0.1066854 0.1245904 0.1483927 0.1619731 0.1146346 0.1226670 0.1414649 0.2063175 0.1527301 0.1061839 0.1321367 0.1486911 0.1494747 0.2107362 0.1768169 0.1239790 0.1686045 0.1408964 0.1257839 0.1607185 0.0792419 0.1239276 0.1224928 0.1173330 0.1465634 0.0409827 0.0830647 0.1227488 0.1426620 0.1356197 0.1024319 0.1624256 0.1861374 0.1294689 0.1512317 0.0467006 0.1462564 0.0824800 0.1822984 0.1166350 0.1158082 0.0411626 0.0345937 0.0944444 0.1045278 0.2047832 0.1351461 0.0000000 0.1635844 0.0723152 
SRR8528391 0.1122255 0.1375468 0.1319017 0.1401674 0.1631226 0.1287067 0.0432831 0.1968778 0.0978817 0.1219522 0.1228333 0.1787606 0.1123074 0.1361048 0.1645345 0.1728202 0.1598552 0.0944171 0.1997886 0.2033101 0.2215583 0.1479622 0.1946041 0.1213128 0.2231640 0.2014356 0.1397246 0.2151769 0.1384489 0.1367927 0.1204194 0.1230028 0.1453122 0.1551733 0.0637880 0.1206804 0.0913807 0.1421154 0.1056351 0.1693666 0.2046716 0.1528726 0.1473763 0.1693455 0.1291170 0.0982887 0.1520144 0.1143355 0.0983768 0.1560125 0.1533862 0.1660665 0.0929115 0.2187232 0.1286132 0.1635844 0.0000000 0.1139519 
SRR8528400 0.1170408 0.1222130 0.1103935 0.1422200 0.1001222 0.1141606 0.1314287 0.1273538 0.0916133 0.1083310 0.1528455 0.1610037 0.0991203 0.1135935 0.1481684 0.1854520 0.1518449 0.0744588 0.1315000 0.1380933 0.1487020 0.1693313 0.1757237 0.1286866 0.1733289 0.1550717 0.1251276 0.1673864 0.0861110 0.1077648 0.1065616 0.1081644 0.1294180 0.0797713 0.0740098 0.1067794 0.1031267 0.1110935 0.0867477 0.1516836 0.1849538 0.1202093 0.1182418 0.0856222 0.1145002 0.0813023 0.1599661 0.1007854 0.1136791 0.0801420 0.0790425 0.1161543 0.0733539 0.2099027 0.1179756 0.0723152 0.1139519 0.0000000 
