133
PAFTOL_019361 0.0000000 0.1811114 0.1847058 0.2054699 0.1973441 0.1814054 0.2268159 0.2134913 0.2115369 0.2060355 0.1922036 0.2267877 0.2028207 0.2014377 0.2305731 0.2109571 0.1892426 0.2055146 0.1935353 0.2033647 0.1943973 0.1694337 0.1849897 0.2067615 0.1930593 0.1972107 0.1714137 0.1946141 0.1885684 0.2071598 0.1757398 0.2047596 0.2039732 0.1889031 0.2008076 0.1907468 0.1971984 0.1790172 0.2061817 0.1790803 0.2020973 0.1789635 0.1879542 0.1808576 0.2063242 0.1825692 0.1898261 0.2021876 0.1896567 0.2138935 0.1734495 0.1851412 0.1774608 0.1749846 0.2149847 0.1953760 0.1731392 0.1961091 0.1881148 0.1784998 0.1866858 0.1829505 0.2013455 0.2045244 0.2274133 0.2197352 0.2079840 0.1882330 0.1847343 0.1758985 0.2125443 0.1924651 0.1806645 0.2402304 0.2355847 0.1694819 0.1729639 0.1745386 0.2172359 0.2201739 0.1815307 0.2086586 0.2201208 0.1785061 0.1741194 0.1912211 0.1870257 0.1936534 0.1878692 0.1886927 0.1955289 0.1763164 0.2051608 0.1847647 0.2087975 0.1966738 0.1837513 0.1853322 0.2253258 0.2304471 0.1784894 0.1795424 0.1864166 0.2311699 0.1848734 0.1827459 0.2144072 0.2066253 0.2210781 0.1880245 0.1797741 0.2064860 0.1852305 0.1869799 0.1783039 0.1979019 0.2246132 0.1935011 0.1832636 0.2051604 0.2008075 0.1768822 0.2028754 0.1860076 0.2200658 0.2032439 0.2137749 0.2140969 0.1938460 0.1772772 0.1941186 0.1993638 0.1837580 
S0055         0.1811114 0.0000000 0.0433360 0.0850539 0.0741513 0.0151965 0.0709439 0.0839681 0.0765221 0.0599989 0.0500370 0.0832579 0.0626602 0.0663034 0.0757627 0.0655692 0.0602032 0.0610305 0.0930783 0.0585838 0.0463782 0.0152900 0.0158287 0.0688441 0.0488810 0.0565596 0.0476976 0.0490425 0.0557202 0.0627353 0.0447063 0.0652789 0.0560274 0.0611971 0.0602294 0.0629331 0.0338249 0.0193158 0.0732121 0.0536557 0.0639076 0.0434441 0.0240808 0.0503652 0.0609680 0.0948372 0.0469606 0.0628772 0.0291976 0.0667658 0.0439899 0.0196087 0.0479277 0.0470620 0.0668400 0.0597780 0.0530450 0.0625787 0.0633723 0.0598770 0.0472715 0.0786369 0.0534464 0.0618057 0.0612248 0.0641541 0.0690234 0.0466058 0.0469342 0.0974105 0.0691832 0.0650387 0.0482709 0.0748508 0.0791740 0.0841339 0.0501369 0.0933572 0.0687592 0.0647270 0.0600575 0.0483018 0.0783256 0.0904743 0.0193195 0.0346279 0.0491800 0.0676941 0.0572175 0.0553968 0.0613321 0.0548389 0.0796338 0.0664580 0.0678803 0.0628201 0.0166464 0.0601371 0.0651240 0.0839083 0.0193095 0.0175677 0.0202622 0.0805171 0.0452446 0.0658150 0.0813286 0.0740928 0.0743580 0.0283185 0.0479398 0.0708179 0.0470011 0.0639785 0.0161520 0.0619797 0.0886605 0.0486185 0.0254717 0.0676615 0.0367232 0.0661470 0.0299400 0.0348605 0.0745195 0.0567169 0.0718888 0.0583243 0.0461027 0.0492797 0.0498258 0.0506213 0.0462670 
S0196sl       0.1847058 0.0433360 0.0000000 0.0852960 0.0393636 0.0481562 0.0634001 0.0936999 0.0780153 0.1254353 0.0821266 0.0883403 0.0615690 0.0758265 0.0741741 0.0670668 0.0557579 0.0664237 0.0620107 0.0708356 0.0763970 0.0497383 0.0476204 0.0726467 0.0676803 0.0625780 0.0091730 0.0741147 0.0531128 0.0656340 0.0537881 0.0820425 0.0804920 0.0709268 0.0696279 0.0624769 0.0590123 0.0494642 0.0716310 0.0577663 0.0703652 0.0666744 0.0503129 0.0221060 0.0660700 0.0906597 0.0711604 0.0656140 0.0595806 0.0855225 0.0030149 0.0577368 0.0076139 0.0045330 0.0908073 0.0357871 0.0619044 0.0637375 0.0524527 0.0654450 0.0655799 0.0969674 0.0594435 0.0734541 0.0911474 0.0853826 0.0811560 0.0000010 0.0154956 0.0977711 0.0596251 0.0638327 0.0520351 0.0965608 0.0970608 0.0801409 0.0066602 0.0872898 0.0872495 0.0672585 0.0624153 0.0718445 0.0950160 0.0923672 0.0498346 0.0623307 0.0539409 0.0741992 0.0543537 0.0546414 0.0704614 0.0656776 0.0872746 0.0615034 0.0739728 0.0758478 0.0492451 0.0611913 0.0930338 0.0915930 0.0478705 0.0461360 0.0518585 0.0998045 0.0634304 0.0486549 0.0839930 0.0754735 0.1069675 0.0593533 0.0091580 0.0709454 0.0155420 0.0639751 0.0469694 0.0305589 0.0945533 0.0569770 0.0458983 0.0725250 0.0748181 0.0658345 0.0497265 0.0539834 0.0854107 0.0643754 0.0785864 0.0791530 0.0557018 0.0287954 0.0569770 0.0804752 0.0597528 
S0278         0.2054699 0.0850539 0.0852960 0.0000000 0.1146659 0.0883442 0.1215778 0.0662352 0.1157502 0.1396703 0.1085011 0.0620855 0.1110397 0.1106155 0.0595199 0.1150461 0.0573310 0.1043261 0.1331546 0.1046337 0.0995446 0.0852245 0.0903273 0.0548119 0.1122283 0.0433512 0.0906867 0.1049862 0.0600907 0.1126761 0.0613629 0.1105787 0.1211678 0.1016747 0.1032948 0.0421854 0.1008567 0.0914099 0.0506084 0.0675875 0.0912541 0.1021148 0.0887021 0.0938781 0.1093431 0.1247100 0.1077856 0.1087233 0.0981700 0.1142298 0.0864093 0.0903751 0.0911050 0.0901880 0.1136190 0.1067511 0.0723182 0.1048693 0.0927832 0.0809562 0.0940584 0.0440679 0.0990238 0.1097261 0.1099464 0.1106586 0.1159137 0.0801173 0.0960131 0.1309874 0.1206706 0.1053886 0.0942813 0.1252518 0.1244147 0.1207205 0.0871423 0.1270088 0.1111997 0.1121989 0.0961461 0.1087413 0.1198426 0.1266634 0.0868551 0.1043879 0.0947978 0.0456958 0.0848894 0.0851737 0.1044506 0.0728729 0.0418721 0.1136085 0.1151844 0.1090022 0.0887865 0.0947446 0.1266143 0.1234470 0.0915537 0.0881612 0.0830434 0.1227240 0.0952222 0.0878667 0.1222874 0.1113682 0.0585834 0.0966015 0.0889829 0.0490158 0.0972727 0.0915464 0.0886928 0.1062379 0.1248974 0.0934655 0.0884872 0.0469277 0.0999190 0.0860861 0.0991550 0.0888313 0.1180928 0.1064782 0.0953596 0.1118592 0.0945048 0.0866499 0.0925997 0.1030289 0.0989051 
S0281         0.1973441 0.0741513 0.0393636 0.1146659 0.0000000 0.0794673 0.0964900 0.1181652 0.0974411 0.1386411 0.1054053 0.1253367 0.0862462 0.0980197 0.1168190 0.0906634 0.0930566 0.0889146 0.0844208 0.0771728 0.0918270 0.0752628 0.0780983 0.1055617 0.0985759 0.0979355 0.0455582 0.0911809 0.0889546 0.0868609 0.0897051 0.1025142 0.1041125 0.0856494 0.0798562 0.1014039 0.0917471 0.0803512 0.1058665 0.0842557 0.1141832 0.0900970 0.0855323 0.0401609 0.0855868 0.1270641 0.0975764 0.0875744 0.0829165 0.1078564 0.0398250 0.0849198 0.0445958 0.0418341 0.1074891 0.0511514 0.0859716 0.0975764 0.1049029 0.0905657 0.0779514 0.1122033 0.0836688 0.1017701 0.1069844 0.1066747 0.1067166 0.0796071 0.0504400 0.1246894 0.1025816 0.0984993 0.0822307 0.1117453 0.1203431 0.1212728 0.0369855 0.1258456 0.1083144 0.0904949 0.0826479 0.0935791 0.1108870 0.1237487 0.0814410 0.0937503 0.0873344 0.1080631 0.1006132 0.1009532 0.0792653 0.0866719 0.1229372 0.0970813 0.0941688 0.0826817 0.0798773 0.0933684 0.0997050 0.1052775 0.0813983 0.0771753 0.0773365 0.1100795 0.0854575 0.0997900 0.0986893 0.0987530 0.1265517 0.0861287 0.0464605 0.1067529 0.0505112 0.1096315 0.0797803 0.0613611 0.1212473 0.0857253 0.0782087 0.1066251 0.0955627 0.0971029 0.0843783 0.0766837 0.0957203 0.0815942 0.1142336 0.1048000 0.0793067 0.0523674 0.0840695 0.0945589 0.0774956 
S0282         0.1814054 0.0151965 0.0481562 0.0883442 0.0794673 0.0000000 0.0730676 0.0909824 0.0746002 0.0460594 0.0582850 0.0884229 0.0647062 0.0693953 0.0802261 0.0666312 0.0664632 0.0642785 0.0780511 0.0589279 0.0493911 0.0075471 0.0090735 0.0723448 0.0469205 0.0598128 0.0486944 0.0483185 0.0589879 0.0636012 0.0497492 0.0665147 0.0583901 0.0612348 0.0605796 0.0673003 0.0319762 0.0107670 0.0756237 0.0526897 0.0669983 0.0491089 0.0167411 0.0534464 0.0630133 0.1019454 0.0480488 0.0649302 0.0247920 0.0700661 0.0459862 0.0100364 0.0490078 0.0490926 0.0667047 0.0640933 0.0520737 0.0668451 0.0644876 0.0598898 0.0492996 0.0743633 0.0544335 0.0609125 0.0613561 0.0653802 0.0691295 0.0266989 0.0489587 0.1026119 0.0748479 0.0660917 0.0522802 0.0705005 0.0760265 0.0900329 0.0505510 0.0993673 0.0670492 0.0668325 0.0603875 0.0474737 0.0809415 0.0960590 0.0107688 0.0318954 0.0511120 0.0689094 0.0602543 0.0583751 0.0617014 0.0527845 0.0857032 0.0687574 0.0689770 0.0631876 0.0082094 0.0600989 0.0714603 0.0819369 0.0116059 0.0090821 0.0211715 0.0819023 0.0424407 0.0657755 0.0774317 0.0712869 0.0814274 0.0256132 0.0499742 0.0754358 0.0499830 0.0669641 0.0066827 0.0631335 0.0867034 0.0458157 0.0220049 0.0744631 0.0348187 0.0610202 0.0271644 0.0348685 0.0704834 0.0577026 0.0728343 0.0530724 0.0471468 0.0491247 0.0488848 0.0527895 0.0483894 
S0288         0.2268159 0.0709439 0.0634001 0.1215778 0.0964900 0.0730676 0.0000000 0.1259263 0.0956541 0.1150191 0.0948163 0.1274067 0.0132584 0.0519566 0.1171857 0.0142835 0.0926272 0.0869555 0.0896103 0.0131259 0.0866004 0.0691015 0.0728275 0.1056131 0.0891669 0.0958918 0.0693553 0.0872718 0.0896923 0.0128028 0.0749832 0.0961203 0.1024143 0.0486265 0.0150200 0.1032879 0.0818359 0.0709175 0.1068515 0.0817130 0.1023367 0.0859795 0.0794644 0.0753427 0.0124710 0.1297012 0.0832468 0.0132979 0.0778772 0.1008630 0.0674066 0.0762891 0.0707501 0.0698351 0.0942915 0.0850333 0.0789564 0.0645558 0.0987645 0.0870079 0.0702419 0.1132181 0.0272870 0.0940561 0.0946459 0.0993606 0.1044747 0.1461444 0.0720202 0.1342575 0.0903183 0.0628933 0.0528429 0.1005041 0.1025984 0.1213041 0.0698781 0.1297217 0.0979871 0.0893501 0.0529068 0.0900198 0.0987000 0.1332302 0.0729711 0.0863240 0.0729185 0.1037800 0.0949318 0.0939647 0.0134317 0.0829691 0.1222928 0.0601315 0.0167345 0.0150709 0.0725204 0.0558585 0.0949589 0.1034978 0.0749740 0.0719442 0.0719319 0.0998087 0.0862332 0.0944546 0.1037276 0.0977672 0.1252983 0.0789051 0.0717713 0.1113369 0.0721293 0.1007161 0.0711833 0.0822737 0.1017595 0.0690781 0.0729904 0.1013023 0.0889800 0.0933217 0.0796542 0.0745998 0.0963688 0.0846618 0.1090208 0.0889718 0.0678891 0.0790282 0.0684688 0.0863768 0.0683659 
S0289         0.2134913 0.0839681 0.0936999 0.0662352 0.1181652 0.0909824 0.1259263 0.0000000 0.1125545 0.1463572 0.1095645 0.0490943 0.1140537 0.1219043 0.0543890 0.1180438 0.0461522 0.1128134 0.1519810 0.1113050 0.1026883 0.0914224 0.0927320 0.0465280 0.1174680 0.0395171 0.0977662 0.1052937 0.0576873 0.1180150 0.0711857 0.1130045 0.1280675 0.1109097 0.1085269 0.0423313 0.1007947 0.0904706 0.0466120 0.0797954 0.0991821 0.1069765 0.0962469 0.1023279 0.1134567 0.1316506 0.1046290 0.1144948 0.1017366 0.1178535 0.0933210 0.0928330 0.0981402 0.0972168 0.1184759 0.1156706 0.0823493 0.1147279 0.0966228 0.0898924 0.0944769 0.0277151 0.1065727 0.1111409 0.1094028 0.1167503 0.1196477 0.0681168 0.1040163 0.1423242 0.1194074 0.1119561 0.1061386 0.1173588 0.1234054 0.1331766 0.0982560 0.1373852 0.1129773 0.1086833 0.1075900 0.1065308 0.1195922 0.1253512 0.0917084 0.1080886 0.0965658 0.0411751 0.0912555 0.0915661 0.1111370 0.0819034 0.0560590 0.1202362 0.1188893 0.1157718 0.0900516 0.1055805 0.1206984 0.1231083 0.0950527 0.0916675 0.0874922 0.1260228 0.1020937 0.0933211 0.1203373 0.1072882 0.0520812 0.0979230 0.0970574 0.0461106 0.1041840 0.0981339 0.0912286 0.1181911 0.1178946 0.0910433 0.0941052 0.0392961 0.1085227 0.0944477 0.1043927 0.0944598 0.1132523 0.1061422 0.1024070 0.1167789 0.0968641 0.0959751 0.0899023 0.1049209 0.0981088 
S0292         0.2115369 0.0765221 0.0780153 0.1157502 0.0974411 0.0746002 0.0956541 0.1125545 0.0000000 0.1187928 0.1006771 0.1146600 0.0895676 0.1059630 0.1140866 0.0919444 0.0905373 0.0734743 0.1233668 0.0846962 0.0809143 0.0736781 0.0775510 0.1008070 0.0894777 0.0911965 0.0796313 0.0875512 0.0877948 0.0883355 0.0857931 0.0711601 0.0947615 0.0927069 0.0904262 0.0998821 0.0818207 0.0775446 0.1087442 0.0888040 0.1067272 0.0883370 0.0846094 0.0837273 0.0889085 0.1304839 0.0905462 0.0909331 0.0866587 0.0759947 0.0755278 0.0768032 0.0810306 0.0790891 0.0824121 0.0959039 0.0932023 0.0940420 0.0996803 0.0934903 0.0633328 0.0871334 0.0848163 0.0690663 0.0813761 0.0792134 0.0774516 0.0355262 0.0790507 0.1338743 0.1086255 0.0934360 0.0861171 0.0841388 0.0874596 0.1235172 0.0837254 0.1327520 0.0856582 0.0815350 0.0902829 0.0856404 0.0405652 0.1229950 0.0742633 0.0809550 0.0682707 0.0989873 0.0945732 0.0948924 0.0886664 0.0916831 0.1170311 0.0975573 0.0922035 0.0880289 0.0751462 0.0882821 0.0903885 0.0138670 0.0762514 0.0765465 0.0675593 0.0349666 0.0826171 0.1013985 0.0269972 0.0182716 0.1184884 0.0755748 0.0800068 0.1035690 0.0791711 0.1001972 0.0702388 0.0976898 0.0454458 0.0672164 0.0798494 0.0999291 0.0833653 0.0978374 0.0831251 0.0726671 0.0871043 0.0711114 0.1050628 0.0710922 0.0638514 0.0782897 0.0663506 0.0861738 0.0649893 
S0293         0.2060355 0.0599989 0.1254353 0.1396703 0.1386411 0.0460594 0.1150191 0.1463572 0.1187928 0.0000000 0.1175878 0.1380258 0.1064009 0.1135487 0.1257920 0.1063115 0.1174068 0.0936121 0.1327734 0.0866221 0.0803720 0.0361902 0.0496519 0.1349403 0.0841291 0.1125613 0.1012830 0.0859414 0.1189171 0.0931424 0.0901442 0.1018015 0.1057022 0.0858542 0.0945378 0.1208946 0.0639671 0.0529461 0.1429864 0.0993092 0.1159367 0.0949865 0.0524804 0.0972013 0.1013118 0.1470894 0.0930652 0.1014437 0.0626451 0.1076757 0.0998189 0.0460619 0.1018896 0.1043170 0.1109051 0.1156994 0.0923902 0.1108092 0.1170859 0.0985568 0.0784601 0.1010077 0.1008113 0.1006108 0.1029758 0.0937906 0.1083320 0.0360717 0.0981091 0.1576142 0.1308579 0.1033620 0.1105397 0.1037381 0.1157509 0.1391210 0.0848219 0.1490367 0.1082097 0.0927675 0.0871208 0.0833021 0.1201365 0.1614702 0.0496017 0.0708999 0.0884613 0.1186171 0.1059035 0.1024629 0.0873501 0.0920628 0.1440545 0.1127606 0.1080926 0.0911648 0.0464616 0.0995468 0.0970134 0.1307252 0.0497288 0.0511893 0.0587841 0.1334565 0.0811252 0.1227405 0.1248063 0.1223530 0.1265905 0.0559491 0.1001909 0.1344710 0.0982128 0.1147826 0.0446251 0.1131250 0.1400485 0.0893140 0.0624922 0.1349484 0.0627342 0.0941735 0.0649963 0.0705940 0.1122627 0.0891301 0.1080094 0.0901392 0.0862257 0.1011032 0.0952639 0.0844691 0.0892190 
S0294         0.1922036 0.0500370 0.0821266 0.1085011 0.1054053 0.0582850 0.0948163 0.1095645 0.1006771 0.1175878 0.0000000 0.1107042 0.0842285 0.0892584 0.1115785 0.0865524 0.0852354 0.0908800 0.1381865 0.0818281 0.0805544 0.0597872 0.0594431 0.0874263 0.0817496 0.0876185 0.0805670 0.0833826 0.0791151 0.0861955 0.0794676 0.0995469 0.0867571 0.0816899 0.0833329 0.0954147 0.0746769 0.0606474 0.1029471 0.0881680 0.0935717 0.0755789 0.0696128 0.0859827 0.0825101 0.1135469 0.0722088 0.0845368 0.0671255 0.1052630 0.0773680 0.0635842 0.0798077 0.0809881 0.0985952 0.0995321 0.0841888 0.0875960 0.0922408 0.0940690 0.0757343 0.1155791 0.0762347 0.1021966 0.0937348 0.1053384 0.1092286 0.0459448 0.0818616 0.1157371 0.0967678 0.0870635 0.0761354 0.1072728 0.1066362 0.1079209 0.0836225 0.1169653 0.1025909 0.0979186 0.0819857 0.0682877 0.1014666 0.1063568 0.0616662 0.0690941 0.0809409 0.0961635 0.0860452 0.0863332 0.0838698 0.0883519 0.1141647 0.0847880 0.0877455 0.0849718 0.0602817 0.0818901 0.1030803 0.1073735 0.0636184 0.0586544 0.0586111 0.0970833 0.0657438 0.1004157 0.1043083 0.0988701 0.1090524 0.0626859 0.0798284 0.0963631 0.0819877 0.0923676 0.0595613 0.0976410 0.1076091 0.0832398 0.0604829 0.0964497 0.0744805 0.0987049 0.0722523 0.0599398 0.1048681 0.0947095 0.1068185 0.0912209 0.0743189 0.0798083 0.0815509 0.0780954 0.0734656 
S0299         0.2267877 0.0832579 0.0883403 0.0620855 0.1253367 0.0884229 0.1274067 0.0490943 0.1146600 0.1380258 0.1107042 0.0000000 0.1163798 0.1194950 0.0564688 0.1206048 0.0552426 0.1181020 0.1513819 0.1198936 0.0965345 0.0888579 0.0913507 0.0512916 0.1119360 0.0451992 0.0996717 0.1025533 0.0573951 0.1166456 0.0751057 0.1129157 0.1244213 0.1164163 0.1182696 0.0439827 0.1015133 0.0914497 0.0522500 0.0838141 0.1113734 0.1083440 0.0921229 0.1004584 0.1146482 0.1419559 0.1108607 0.1155846 0.1030692 0.1160404 0.0951282 0.0889347 0.1000613 0.0991208 0.1167427 0.1133743 0.0865973 0.1066892 0.1085951 0.0939401 0.0994983 0.0380958 0.1040011 0.1131828 0.1136637 0.1129291 0.1190577 0.0688764 0.1044973 0.1465724 0.1251461 0.1068002 0.1020494 0.1210918 0.1243677 0.1398155 0.1074782 0.1430883 0.1176748 0.1112698 0.1091103 0.1120289 0.1241435 0.1271404 0.0891959 0.1066588 0.0977232 0.0516578 0.1028713 0.1032349 0.1214554 0.0861145 0.0519071 0.1178261 0.1230768 0.1244623 0.0875302 0.0998552 0.1262501 0.1200917 0.0925882 0.0903042 0.0837243 0.1236443 0.1045803 0.0971380 0.1202333 0.1115530 0.0554216 0.1001001 0.0989551 0.0476527 0.1046683 0.1102850 0.0875024 0.1201219 0.1173161 0.0921533 0.0930031 0.0405764 0.1085454 0.0968818 0.1044498 0.0943412 0.1183980 0.1097520 0.1114733 0.1119938 0.0996871 0.0967545 0.0919048 0.1054757 0.1060746 
S0303         0.2028207 0.0626602 0.0615690 0.1110397 0.0862462 0.0647062 0.0132584 0.1140537 0.0895676 0.1064009 0.0842285 0.1163798 0.0000000 0.0435644 0.1056062 0.0090226 0.0834197 0.0818631 0.0957472 0.0078625 0.0797243 0.0608602 0.0646029 0.0956616 0.0828360 0.0865464 0.0622137 0.0783577 0.0787098 0.0074964 0.0706919 0.0910859 0.0907273 0.0409775 0.0057976 0.0935228 0.0772592 0.0627449 0.0970334 0.0720471 0.0938977 0.0748210 0.0705515 0.0691930 0.0056701 0.1214828 0.0754367 0.0048333 0.0703212 0.0957335 0.0603226 0.0678034 0.0635266 0.0626318 0.0893456 0.0785243 0.0704215 0.0575487 0.0907029 0.0782609 0.0661286 0.1010644 0.0216362 0.0891259 0.0896722 0.0942417 0.0992331 0.0683508 0.0658345 0.1259513 0.0879517 0.0558515 0.0442876 0.0987288 0.1020641 0.1133471 0.0625408 0.1214302 0.0907027 0.0834927 0.0461623 0.0809488 0.0968710 0.1228401 0.0647267 0.0794788 0.0738766 0.0940513 0.0857245 0.0847833 0.0080478 0.0731695 0.1092905 0.0513770 0.0114370 0.0097811 0.0653499 0.0490028 0.0921798 0.0960437 0.0666659 0.0647109 0.0626346 0.0957613 0.0794753 0.0884715 0.0973868 0.0916230 0.1155577 0.0743969 0.0645139 0.1011643 0.0659318 0.0911740 0.0628672 0.0813576 0.1002074 0.0669888 0.0667731 0.0949445 0.0820089 0.0831145 0.0775850 0.0638725 0.0914132 0.0797566 0.0990396 0.0832661 0.0648107 0.0715264 0.0693147 0.0804773 0.0642862 
S0308         0.2014377 0.0663034 0.0758265 0.1106155 0.0980197 0.0693953 0.0519566 0.1219043 0.1059630 0.1135487 0.0892584 0.1194950 0.0435644 0.0000000 0.1107803 0.0460173 0.0870504 0.0933229 0.1104839 0.0361965 0.0843707 0.0685383 0.0692161 0.1034329 0.0932785 0.0939595 0.0749027 0.0855219 0.0805819 0.0440074 0.0698360 0.0987819 0.0925972 0.0443240 0.0347159 0.0940575 0.0801596 0.0694006 0.1012870 0.0764900 0.0965312 0.0765486 0.0782272 0.0769991 0.0428444 0.1274891 0.0835629 0.0417124 0.0803009 0.1047108 0.0697775 0.0746939 0.0730469 0.0722109 0.0936544 0.0877792 0.0738736 0.0617974 0.0954935 0.0796689 0.0734546 0.1006869 0.0371615 0.0971138 0.0945899 0.1033592 0.1070608 0.0575917 0.0751385 0.1312195 0.0941365 0.0588964 0.0472466 0.1097287 0.1132738 0.1180367 0.0633264 0.1284769 0.0973848 0.0907088 0.0413321 0.0836986 0.1101008 0.1193451 0.0714334 0.0844030 0.0786535 0.0979681 0.0903552 0.0927733 0.0359751 0.0756755 0.1146236 0.0608722 0.0455101 0.0380667 0.0699606 0.0563031 0.0984775 0.1127234 0.0734172 0.0693337 0.0661638 0.1052496 0.0864512 0.0922168 0.1107045 0.1080949 0.1204465 0.0760457 0.0720485 0.1090804 0.0772840 0.0970586 0.0706972 0.0946828 0.1150078 0.0745210 0.0734014 0.1003272 0.0816409 0.0864615 0.0772491 0.0707445 0.0988250 0.0883775 0.1072026 0.0947108 0.0680705 0.0771861 0.0759594 0.0841809 0.0705552 
S0320         0.2305731 0.0757627 0.0741741 0.0595199 0.1168190 0.0802261 0.1171857 0.0543890 0.1140866 0.1257920 0.1115785 0.0564688 0.1056062 0.1107803 0.0000000 0.1106589 0.0518404 0.1064002 0.1226390 0.1015989 0.0948697 0.0793520 0.0809917 0.0470175 0.1055976 0.0379738 0.0889302 0.0992074 0.0575232 0.0997363 0.0667191 0.1022909 0.1223023 0.0985545 0.0989850 0.0439014 0.0922241 0.0811326 0.0532046 0.0751186 0.1042143 0.1026509 0.0849483 0.0956698 0.1049789 0.1395264 0.1043430 0.1060120 0.0894690 0.1093640 0.0870623 0.0820710 0.0918006 0.0908770 0.1172828 0.1064301 0.0793170 0.1054670 0.1017186 0.0865324 0.0891361 0.0297092 0.0974086 0.1026205 0.1016091 0.1012743 0.1109789 0.0688904 0.0915586 0.1421016 0.1102589 0.1039899 0.0932109 0.1132404 0.1186091 0.1354863 0.0930447 0.1396658 0.1047546 0.1137534 0.0968366 0.1045952 0.1256451 0.1338854 0.0797380 0.0993637 0.0930726 0.0453614 0.0949572 0.0952864 0.1026860 0.0757067 0.0576532 0.1156058 0.1119112 0.1032237 0.0795265 0.0978889 0.1253220 0.1234018 0.0832738 0.0810827 0.0791413 0.1229750 0.0950710 0.0925402 0.1189891 0.1058312 0.0509610 0.0870987 0.0907286 0.0436508 0.0917034 0.1031457 0.0804400 0.1032549 0.1164290 0.0902327 0.0868743 0.0468196 0.1001833 0.0864560 0.0954897 0.0864018 0.1204268 0.0998958 0.1058459 0.1082317 0.0896134 0.0957215 0.0916086 0.0945182 0.0951918 
S0322         0.2109571 0.0655692 0.0670668 0.1150461 0.0906634 0.0666312 0.0142835 0.1180438 0.0919444 0.1063115 0.0865524 0.1206048 0.0090226 0.0460173 0.1106589 0.0000000 0.0867588 0.0854581 0.0896103 0.0088858 0.0788116 0.0627224 0.0664958 0.0993508 0.0852475 0.0899871 0.0650513 0.0805298 0.0772770 0.0067209 0.0737172 0.0924274 0.0952538 0.0432443 0.0107726 0.0956114 0.0804353 0.0646091 0.1006823 0.0761115 0.0961717 0.0768779 0.0692609 0.0709998 0.0065493 0.1219943 0.0765156 0.0090494 0.0733302 0.0971404 0.0631262 0.0697853 0.0664043 0.0654961 0.0906488 0.0804985 0.0734744 0.0583422 0.0916849 0.0824667 0.0670612 0.0932073 0.0218886 0.0904232 0.0909863 0.0956332 0.1007003 0.0371080 0.0687715 0.1260951 0.0913542 0.0556378 0.0458332 0.1001955 0.1013831 0.1149652 0.0662782 0.1231922 0.0942848 0.0846953 0.0463156 0.0821192 0.0993739 0.1218126 0.0666252 0.0816719 0.0749237 0.0976482 0.0878510 0.0868975 0.0090970 0.0762637 0.1157162 0.0539941 0.0124223 0.0108083 0.0672486 0.0496846 0.0911128 0.0985387 0.0685965 0.0656167 0.0654977 0.0960590 0.0827026 0.0908478 0.0999122 0.0940352 0.1185734 0.0765001 0.0674108 0.1049706 0.0688750 0.0934155 0.0647641 0.0857902 0.0994738 0.0688889 0.0696909 0.0964044 0.0853053 0.0874633 0.0808602 0.0680586 0.0878250 0.0833150 0.1014391 0.0866869 0.0657192 0.0745622 0.0702852 0.0806059 0.0661756 
S0327         0.1892426 0.0602032 0.0557579 0.0573310 0.0930566 0.0664632 0.0926272 0.0461522 0.0905373 0.1174068 0.0852354 0.0552426 0.0834197 0.0870504 0.0518404 0.0867588 0.0000000 0.0803979 0.0953987 0.0798800 0.0806340 0.0635411 0.0673870 0.0419387 0.0944548 0.0312445 0.0672072 0.0823581 0.0313678 0.0863678 0.0440135 0.0958114 0.1041331 0.0798510 0.0788945 0.0350719 0.0727107 0.0664661 0.0430812 0.0489391 0.0677623 0.0778476 0.0706681 0.0731158 0.0817350 0.1033650 0.0835541 0.0812971 0.0775186 0.1016048 0.0631687 0.0671978 0.0661927 0.0665517 0.0984243 0.0848728 0.0522278 0.0843730 0.0662814 0.0542479 0.0730555 0.0318885 0.0746100 0.0905390 0.0951803 0.0978558 0.1006156 0.0576064 0.0716740 0.1119547 0.0900170 0.0837085 0.0777232 0.0977214 0.1026044 0.1017230 0.0676418 0.1020730 0.0972235 0.0807397 0.0786763 0.0860055 0.1015509 0.0984491 0.0654526 0.0813226 0.0650311 0.0338452 0.0609471 0.0611420 0.0751475 0.0519689 0.0515793 0.0942751 0.0881572 0.0841715 0.0660797 0.0777871 0.0998691 0.1004104 0.0685114 0.0664021 0.0605377 0.1025881 0.0763350 0.0628509 0.0983442 0.0860172 0.0519154 0.0730406 0.0654597 0.0378576 0.0717822 0.0647926 0.0645946 0.0877430 0.0981251 0.0676572 0.0706719 0.0406976 0.0850590 0.0619595 0.0751318 0.0698269 0.0940513 0.0797357 0.0725007 0.0892488 0.0726219 0.0664621 0.0625568 0.0816133 0.0732037 
S0335         0.2055146 0.0610305 0.0664237 0.1043261 0.0889146 0.0642785 0.0869555 0.1128134 0.0734743 0.0936121 0.0908800 0.1181020 0.0818631 0.0933229 0.1064002 0.0854581 0.0803979 0.0000000 0.0732868 0.0737368 0.0808969 0.0598775 0.0652416 0.0938319 0.0876635 0.0835794 0.0769407 0.0866864 0.0733648 0.0816455 0.0619407 0.0805470 0.0976114 0.0755105 0.0779655 0.0908884 0.0622982 0.0643349 0.1021801 0.0733019 0.0886815 0.0845321 0.0738144 0.0776254 0.0825865 0.1221644 0.0814845 0.0796183 0.0710824 0.0858622 0.0716658 0.0675286 0.0758817 0.0752300 0.0828365 0.0884544 0.0749504 0.0863549 0.0818731 0.0810866 0.0565570 0.0845854 0.0742576 0.0802293 0.0825359 0.0818065 0.0858778 0.0667549 0.0770832 0.1236222 0.0952460 0.0813362 0.0751911 0.0862812 0.0923198 0.1155794 0.0742310 0.1203459 0.0819208 0.0526943 0.0741487 0.0805353 0.0822888 0.1164098 0.0642459 0.0715889 0.0570858 0.0937167 0.0770518 0.0773082 0.0798263 0.0757411 0.1121767 0.0931929 0.0859069 0.0783067 0.0639359 0.0776612 0.0557254 0.0865604 0.0662247 0.0632542 0.0563569 0.0858305 0.0718321 0.0870563 0.0823651 0.0756916 0.1054849 0.0594746 0.0740847 0.0982045 0.0761226 0.0833129 0.0645298 0.0865767 0.0953333 0.0396037 0.0665827 0.0948155 0.0730168 0.0880409 0.0683142 0.0622112 0.0592405 0.0232779 0.0933689 0.0720914 0.0580436 0.0720226 0.0397617 0.0826824 0.0594858 
S0345         0.1935353 0.0930783 0.0620107 0.1331546 0.0844208 0.0780511 0.0896103 0.1519810 0.1233668 0.1327734 0.1381865 0.1513819 0.0957472 0.1104839 0.1226390 0.0896103 0.0953987 0.0732868 0.0000000 0.0958986 0.0961305 0.0897328 0.0952270 0.1306223 0.0964331 0.1147766 0.1011120 0.1132492 0.0704565 0.0902224 0.0849868 0.1288971 0.1097977 0.0751441 0.0957472 0.1289667 0.0847519 0.1084734 0.1233505 0.0758918 0.1178324 0.0897206 0.0823788 0.0841663 0.0961741 0.1308331 0.1070140 0.0957472 0.1024752 0.1288971 0.0902951 0.0875874 0.0902951 0.0902951 0.1023104 0.1030701 0.0806803 0.0779409 0.0844200 0.0797336 0.0641216 0.0980890 0.1012485 0.1278690 0.1326800 0.1204914 0.1218237 0.0000010 0.0791954 0.1376589 0.0961608 0.0728675 0.0893255 0.1334214 0.1405578 0.1534603 0.0902951 0.1647100 0.1018816 0.0830798 0.0728675 0.0962059 0.1287885 0.1315182 0.1014574 0.1072458 0.0796333 0.1296087 0.0840538 0.0844198 0.0973348 0.0924982 0.1586866 0.0842819 0.1070069 0.1013574 0.0950406 0.0616182 0.0528943 0.1294464 0.0960277 0.0910436 0.0884425 0.1002368 0.0842159 0.0795925 0.1219561 0.0867427 0.1614515 0.0906575 0.0956377 0.1302197 0.0744053 0.0952147 0.0886085 0.0853805 0.1278923 0.0827710 0.1087320 0.1228006 0.0973312 0.0869968 0.0950406 0.0689893 0.0635182 0.0740065 0.1012621 0.0960026 0.0634750 0.0901733 0.0775544 0.0944190 0.0748932 
S0355         0.2033647 0.0585838 0.0708356 0.1046337 0.0771728 0.0589279 0.0131259 0.1113050 0.0846962 0.0866221 0.0818281 0.1198936 0.0078625 0.0361965 0.1015989 0.0088858 0.0798800 0.0737368 0.0958986 0.0000000 0.0681110 0.0527861 0.0589305 0.0903903 0.0746613 0.0833595 0.0606733 0.0690771 0.0743507 0.0060820 0.0647304 0.0846022 0.0860967 0.0411816 0.0058733 0.0905330 0.0701853 0.0590285 0.0936751 0.0688886 0.0890043 0.0750534 0.0653262 0.0662358 0.0068984 0.1152946 0.0640924 0.0068742 0.0654747 0.0917251 0.0595582 0.0611621 0.0608904 0.0623302 0.0769708 0.0759418 0.0656922 0.0481106 0.0866513 0.0737209 0.0581302 0.0914263 0.0169543 0.0850858 0.0839013 0.0897230 0.0945247 0.0371080 0.0624043 0.1186939 0.0826653 0.0459140 0.0421765 0.0924590 0.0963522 0.1082259 0.0607573 0.1129325 0.0840042 0.0731245 0.0432480 0.0729347 0.0925907 0.1194212 0.0576208 0.0741356 0.0650403 0.0884623 0.0794301 0.0782321 0.0060687 0.0678129 0.1105272 0.0477922 0.0098701 0.0078669 0.0610054 0.0389177 0.0715558 0.0901898 0.0600159 0.0590484 0.0577213 0.0897326 0.0739319 0.0886972 0.0901850 0.0845343 0.1154038 0.0664706 0.0620689 0.0994702 0.0625147 0.0856831 0.0576959 0.0791074 0.0951963 0.0603728 0.0614175 0.0905860 0.0715816 0.0808697 0.0736185 0.0603709 0.0766843 0.0725915 0.0968202 0.0817477 0.0588537 0.0706417 0.0619425 0.0675694 0.0591981 
S0376         0.1943973 0.0463782 0.0763970 0.0995446 0.0918270 0.0493911 0.0866004 0.1026883 0.0809143 0.0803720 0.0805544 0.0965345 0.0797243 0.0843707 0.0948697 0.0788116 0.0806340 0.0808969 0.0961305 0.0681110 0.0000000 0.0486106 0.0533824 0.0886159 0.0625932 0.0768343 0.0705611 0.0261477 0.0780804 0.0782304 0.0641457 0.0830893 0.0714238 0.0680757 0.0720893 0.0789055 0.0637615 0.0544152 0.0860482 0.0662172 0.0887339 0.0629922 0.0597474 0.0723883 0.0770300 0.1024362 0.0607943 0.0800065 0.0568073 0.0882099 0.0655105 0.0553039 0.0697737 0.0688921 0.0771319 0.0850153 0.0667120 0.0779377 0.0820195 0.0734219 0.0632274 0.0742848 0.0691280 0.0785236 0.0788854 0.0840666 0.0872423 0.0267653 0.0627337 0.1058390 0.0877609 0.0782314 0.0618082 0.0953844 0.0966747 0.0973100 0.0671094 0.1009900 0.0871859 0.0760220 0.0647734 0.0602243 0.0857538 0.1053846 0.0525248 0.0606403 0.0607464 0.0814268 0.0783059 0.0764407 0.0696705 0.0686527 0.0990378 0.0739431 0.0800620 0.0698576 0.0512536 0.0745628 0.0826270 0.0927072 0.0543998 0.0486693 0.0439833 0.0869514 0.0560115 0.0825923 0.0855847 0.0813650 0.0937487 0.0557433 0.0697912 0.0927390 0.0647937 0.0846351 0.0515247 0.0810519 0.0922854 0.0630686 0.0516991 0.0838875 0.0638473 0.0799069 0.0602863 0.0482362 0.0772637 0.0759012 0.0917492 0.0769025 0.0585229 0.0681941 0.0622059 0.0229285 0.0664303 
S0400         0.1694337 0.0152900 0.0497383 0.0852245 0.0752628 0.0075471 0.0691015 0.0914224 0.0736781 0.0361902 0.0597872 0.0888579 0.0608602 0.0685383 0.0793520 0.0627224 0.0635411 0.0598775 0.0897328 0.0527861 0.0486106 0.0000000 0.0099510 0.0737532 0.0514697 0.0611277 0.0479679 0.0484801 0.0549385 0.0618940 0.0469540 0.0670186 0.0595850 0.0601843 0.0557763 0.0664556 0.0284516 0.0108082 0.0780853 0.0508493 0.0648511 0.0483481 0.0123167 0.0535968 0.0591614 0.0941618 0.0501883 0.0598987 0.0240193 0.0705947 0.0452511 0.0092526 0.0492335 0.0483607 0.0680184 0.0642951 0.0502226 0.0659941 0.0603038 0.0580194 0.0475898 0.0728080 0.0546748 0.0633817 0.0649025 0.0647538 0.0686538 0.0266989 0.0501290 0.0968916 0.0761290 0.0663674 0.0534409 0.0731491 0.0797953 0.0868585 0.0483073 0.0934265 0.0706750 0.0660936 0.0589794 0.0447091 0.0802254 0.0922090 0.0065991 0.0293034 0.0484004 0.0670124 0.0561966 0.0543798 0.0553093 0.0510386 0.0848212 0.0661731 0.0672553 0.0569345 0.0082402 0.0593613 0.0707257 0.0822843 0.0065957 0.0091154 0.0203780 0.0844761 0.0415676 0.0639732 0.0799175 0.0737135 0.0828937 0.0247809 0.0492459 0.0768670 0.0502012 0.0607514 0.0058711 0.0643904 0.0894133 0.0469846 0.0230016 0.0748195 0.0322096 0.0581015 0.0254081 0.0321586 0.0729824 0.0569224 0.0677483 0.0545092 0.0472924 0.0504236 0.0500828 0.0519887 0.0506720 
S0405         0.1849897 0.0158287 0.0476204 0.0903273 0.0780983 0.0090735 0.0728275 0.0927320 0.0775510 0.0496519 0.0594431 0.0913507 0.0646029 0.0692161 0.0809917 0.0664958 0.0673870 0.0652416 0.0952270 0.0589305 0.0533824 0.0099510 0.0000000 0.0732598 0.0535624 0.0627292 0.0478888 0.0484622 0.0596434 0.0657428 0.0508670 0.0716563 0.0603747 0.0627603 0.0605519 0.0692753 0.0332729 0.0097777 0.0785092 0.0528227 0.0689566 0.0511655 0.0192177 0.0544969 0.0629360 0.0990662 0.0510525 0.0648229 0.0279568 0.0731067 0.0452260 0.0141480 0.0491288 0.0472813 0.0697008 0.0651449 0.0522165 0.0667078 0.0664436 0.0599194 0.0504125 0.0801768 0.0545087 0.0669929 0.0664833 0.0705116 0.0742422 0.0366519 0.0481442 0.1008056 0.0716136 0.0659659 0.0533551 0.0767049 0.0822794 0.0895840 0.0495535 0.0965472 0.0701062 0.0677427 0.0603634 0.0476351 0.0828001 0.0982638 0.0122758 0.0340830 0.0531519 0.0708553 0.0612564 0.0594508 0.0616509 0.0539837 0.0875380 0.0687243 0.0700070 0.0631110 0.0097339 0.0612248 0.0723171 0.0848321 0.0139368 0.0089461 0.0234446 0.0837504 0.0436408 0.0678384 0.0814478 0.0763594 0.0854285 0.0287492 0.0491409 0.0763106 0.0482120 0.0690345 0.0107883 0.0619650 0.0918912 0.0479280 0.0251635 0.0764103 0.0379698 0.0620231 0.0276070 0.0370457 0.0755507 0.0597766 0.0769830 0.0583331 0.0501945 0.0523660 0.0509815 0.0557879 0.0495748 
S0407sl       0.2067615 0.0688441 0.0726467 0.0548119 0.1055617 0.0723448 0.1056131 0.0465280 0.1008070 0.1349403 0.0874263 0.0512916 0.0956616 0.1034329 0.0470175 0.0993508 0.0419387 0.0938319 0.1306223 0.0903903 0.0886159 0.0737532 0.0732598 0.0000000 0.0944581 0.0333772 0.0827725 0.0893886 0.0442842 0.0955990 0.0580497 0.0933694 0.1009349 0.0900577 0.0919005 0.0342499 0.0830968 0.0712650 0.0404381 0.0618899 0.0847980 0.0855366 0.0820466 0.0882311 0.0939424 0.1195623 0.0896129 0.0960205 0.0838591 0.1016725 0.0784692 0.0740414 0.0830799 0.0821596 0.1055104 0.0998442 0.0589646 0.0904352 0.0799523 0.0693889 0.0822935 0.0316228 0.0841624 0.0962405 0.0985109 0.0978578 0.1033031 0.0822912 0.0865741 0.1272415 0.0979049 0.0905173 0.0835929 0.0996738 0.1022698 0.1152918 0.0839103 0.1181024 0.1009484 0.0972161 0.0856730 0.0892305 0.1113133 0.1178541 0.0700231 0.0899402 0.0820651 0.0359111 0.0761798 0.0764347 0.0943381 0.0621245 0.0488195 0.0991784 0.1007885 0.0962299 0.0718763 0.0848885 0.1132409 0.1134438 0.0744182 0.0722388 0.0690973 0.1132111 0.0824046 0.0688721 0.1107457 0.0944562 0.0478053 0.0801941 0.0820266 0.0141855 0.0867108 0.0836141 0.0735109 0.1030772 0.1048865 0.0774454 0.0766907 0.0338949 0.0901846 0.0726395 0.0837111 0.0724054 0.1098058 0.0893692 0.0924981 0.0964314 0.0784752 0.0805431 0.0765764 0.0877253 0.0846083 
S0412sl       0.1930593 0.0488810 0.0676803 0.1122283 0.0985759 0.0469205 0.0891669 0.1174680 0.0894777 0.0841291 0.0817496 0.1119360 0.0828360 0.0932785 0.1055976 0.0852475 0.0944548 0.0876635 0.0964331 0.0746613 0.0625932 0.0514697 0.0535624 0.0944581 0.0000000 0.0934216 0.0734948 0.0648219 0.0858008 0.0830996 0.0769961 0.0950746 0.0647303 0.0777708 0.0806750 0.0934078 0.0655669 0.0525766 0.1040712 0.0781422 0.0988193 0.0610955 0.0590539 0.0767188 0.0821113 0.1097622 0.0451900 0.0842522 0.0637666 0.0953341 0.0712033 0.0555376 0.0737513 0.0738750 0.0947364 0.0868607 0.0773817 0.0909547 0.0950664 0.0788971 0.0665492 0.1058016 0.0725799 0.0894276 0.0893108 0.0950771 0.0980619 0.0466059 0.0723183 0.1087668 0.0888589 0.0934356 0.0728950 0.0945375 0.0960119 0.0974851 0.0738279 0.1017637 0.0999609 0.0836767 0.0838178 0.0664206 0.0901442 0.1042141 0.0557803 0.0665888 0.0717613 0.1008185 0.0894585 0.0897843 0.0791176 0.0794784 0.1209190 0.0881625 0.0855521 0.0810096 0.0522899 0.0852898 0.0876951 0.1015708 0.0557494 0.0484066 0.0503809 0.0913885 0.0592653 0.0909071 0.0976314 0.0929093 0.1052902 0.0557954 0.0748631 0.1019539 0.0702518 0.0966544 0.0493214 0.0921382 0.0995862 0.0732633 0.0589995 0.0958634 0.0656862 0.0820021 0.0632715 0.0548932 0.0891980 0.0869495 0.0958618 0.0819638 0.0640971 0.0704960 0.0748232 0.0646215 0.0653956 
S0417         0.1972107 0.0565596 0.0625780 0.0433512 0.0979355 0.0598128 0.0958918 0.0395171 0.0911965 0.1125613 0.0876185 0.0451992 0.0865464 0.0939595 0.0379738 0.0899871 0.0312445 0.0835794 0.1147766 0.0833595 0.0768343 0.0611277 0.0627292 0.0333772 0.0934216 0.0000000 0.0707703 0.0806148 0.0295105 0.0896503 0.0435310 0.0877079 0.0995952 0.0821299 0.0823166 0.0275779 0.0714993 0.0629464 0.0356870 0.0513283 0.0760378 0.0778831 0.0678596 0.0748247 0.0848445 0.1129041 0.0810524 0.0868608 0.0719490 0.0923038 0.0666677 0.0626390 0.0710213 0.0701233 0.0927456 0.0867538 0.0537521 0.0850409 0.0736548 0.0594614 0.0714907 0.0220382 0.0754179 0.0881153 0.0867553 0.0893329 0.0938333 0.0480297 0.0777011 0.1186291 0.0968212 0.0822182 0.0774641 0.0984351 0.1008507 0.1077818 0.0717558 0.1128294 0.0900825 0.0880497 0.0804564 0.0821511 0.1034785 0.1076154 0.0619178 0.0757634 0.0735334 0.0192266 0.0680006 0.0682232 0.0855135 0.0534815 0.0435977 0.0932088 0.0913875 0.0877012 0.0605619 0.0774604 0.1041659 0.1011534 0.0649720 0.0618961 0.0570689 0.1033644 0.0735058 0.0675381 0.1001671 0.0855293 0.0420874 0.0674723 0.0690100 0.0321102 0.0778209 0.0751933 0.0610031 0.0919463 0.0987786 0.0648304 0.0642196 0.0308780 0.0794462 0.0655741 0.0725522 0.0663843 0.0984737 0.0793690 0.0778990 0.0828043 0.0676535 0.0723503 0.0639761 0.0774213 0.0726690 
S0419         0.1714137 0.0476976 0.0091730 0.0906867 0.0455582 0.0486944 0.0693553 0.0977662 0.0796313 0.1012830 0.0805670 0.0996717 0.0622137 0.0749027 0.0889302 0.0650513 0.0672072 0.0769407 0.1011120 0.0606733 0.0705611 0.0479679 0.0478888 0.0827725 0.0734948 0.0707703 0.0000000 0.0702075 0.0607458 0.0641992 0.0634210 0.0869351 0.0878737 0.0636943 0.0622663 0.0739310 0.0598805 0.0498651 0.0776909 0.0634805 0.0828248 0.0722395 0.0529017 0.0217929 0.0605561 0.1029041 0.0754084 0.0624235 0.0600145 0.0883377 0.0048300 0.0535663 0.0089395 0.0081383 0.0922452 0.0318473 0.0607880 0.0687207 0.0751650 0.0686738 0.0566626 0.0855522 0.0570375 0.0798768 0.0889109 0.0875950 0.0895482 0.0572687 0.0216964 0.1074844 0.0724506 0.0700482 0.0592681 0.0892261 0.0973390 0.0920543 0.0058213 0.1016405 0.0882585 0.0773826 0.0661354 0.0707653 0.0872671 0.0961085 0.0499219 0.0636240 0.0632092 0.0811514 0.0706666 0.0708942 0.0610266 0.0606055 0.0945410 0.0678099 0.0665054 0.0648170 0.0505406 0.0632945 0.0900753 0.0870064 0.0517613 0.0489129 0.0510286 0.0885218 0.0651533 0.0741421 0.0861669 0.0784299 0.0964474 0.0549549 0.0105910 0.0819071 0.0234496 0.0798138 0.0498212 0.0352298 0.0935285 0.0635265 0.0507600 0.0823427 0.0642324 0.0739576 0.0564739 0.0573927 0.0893780 0.0691337 0.0815254 0.0823211 0.0561343 0.0332501 0.0648494 0.0741771 0.0566316 
S0427         0.1946141 0.0490425 0.0741147 0.1049862 0.0911809 0.0483185 0.0872718 0.1052937 0.0875512 0.0859414 0.0833826 0.1025533 0.0783577 0.0855219 0.0992074 0.0805298 0.0823581 0.0866864 0.1132492 0.0690771 0.0261477 0.0484801 0.0484622 0.0893886 0.0648219 0.0806148 0.0702075 0.0000000 0.0813544 0.0811340 0.0668663 0.0891457 0.0721891 0.0731572 0.0706350 0.0820256 0.0654903 0.0514029 0.0926914 0.0671117 0.0862891 0.0637131 0.0607218 0.0731874 0.0756763 0.1069185 0.0617881 0.0786335 0.0567007 0.0949081 0.0672117 0.0561472 0.0694919 0.0706009 0.0866802 0.0847419 0.0662466 0.0796925 0.0827331 0.0722359 0.0700605 0.0865847 0.0718335 0.0852195 0.0846357 0.0898179 0.0939395 0.0264666 0.0655087 0.1093071 0.0885694 0.0810664 0.0648245 0.1012007 0.1025102 0.0996471 0.0692674 0.1032648 0.0898902 0.0820092 0.0681877 0.0591128 0.0970608 0.1082859 0.0514624 0.0604208 0.0654399 0.0844517 0.0780082 0.0761509 0.0694545 0.0683957 0.1011808 0.0788446 0.0797711 0.0708130 0.0502036 0.0752757 0.0883478 0.1005423 0.0552304 0.0485569 0.0505387 0.0971928 0.0577605 0.0833312 0.0947353 0.0904526 0.1030500 0.0614468 0.0714980 0.0948395 0.0675787 0.0812426 0.0513851 0.0839935 0.0979786 0.0657835 0.0525339 0.0907058 0.0668544 0.0724469 0.0601541 0.0557774 0.0840137 0.0815148 0.0914460 0.0848563 0.0654442 0.0750429 0.0668751 0.0228786 0.0648480 
S0428sl       0.1885684 0.0557202 0.0531128 0.0600907 0.0889546 0.0589879 0.0896923 0.0576873 0.0877948 0.1189171 0.0791151 0.0573951 0.0787098 0.0805819 0.0575232 0.0772770 0.0313678 0.0733648 0.0704565 0.0743507 0.0780804 0.0549385 0.0596434 0.0442842 0.0858008 0.0295105 0.0607458 0.0813544 0.0000000 0.0792062 0.0380075 0.0895256 0.0923210 0.0693959 0.0735276 0.0386314 0.0687663 0.0584606 0.0441756 0.0482535 0.0650941 0.0723312 0.0606954 0.0693952 0.0778201 0.0964645 0.0762250 0.0747375 0.0714652 0.0945810 0.0572640 0.0589066 0.0610004 0.0598847 0.0939709 0.0806336 0.0472124 0.0746222 0.0599789 0.0532323 0.0678077 0.0463808 0.0672971 0.0865676 0.0871363 0.0940576 0.0920359 0.0572213 0.0702818 0.0964525 0.0855379 0.0735181 0.0588638 0.0922220 0.0980076 0.0915403 0.0613820 0.0959462 0.0938927 0.0842619 0.0671054 0.0792435 0.1041497 0.1037513 0.0562498 0.0668794 0.0661582 0.0359851 0.0535470 0.0524289 0.0719897 0.0482475 0.0557155 0.0771223 0.0817990 0.0754100 0.0593483 0.0665237 0.1036452 0.1011023 0.0572725 0.0584730 0.0527412 0.1043027 0.0673145 0.0515286 0.0942199 0.0821029 0.0584982 0.0649045 0.0585184 0.0468967 0.0704325 0.0585993 0.0580550 0.0822319 0.1000794 0.0613329 0.0636077 0.0418379 0.0739313 0.0530143 0.0641070 0.0641696 0.0956850 0.0730063 0.0717834 0.0901134 0.0683488 0.0648446 0.0614498 0.0773901 0.0687862 
