128
PAFTOL_019361 0.0000000 0.1580947 0.1811916 0.1086550 0.1792473 0.1501028 0.1865268 0.1313752 0.1465205 0.1509777 0.1691794 0.1478213 0.1789268 0.1806239 0.1798736 0.1306088 0.1610417 0.1999894 0.1772665 0.2192954 0.1501028 0.1501028 0.1404335 0.1653558 0.1319951 0.1301972 0.2017710 0.1214459 0.1626123 0.1923165 0.1983774 0.1179193 0.1658386 0.1915119 0.1167983 0.1365309 0.1213010 0.1730718 0.1575849 0.1352004 0.1786508 0.2131087 0.1499345 0.1865268 0.1295050 0.1665661 0.1598063 0.1272790 0.1501028 0.1318494 0.1301972 0.1722941 0.1521645 0.1509298 0.2008572 0.1282051 0.1303073 0.1237065 0.1540733 0.1543585 0.1599016 0.1612267 0.1787336 0.1923965 0.1532522 0.1715840 0.1758843 1.2612771 0.1621078 0.1628734 0.1639751 0.1920632 0.1301972 0.6323571 0.1444069 0.1516690 0.1836331 0.1766743 0.1433618 0.1462968 0.1821987 0.1501028 0.1679027 0.1177038 0.1298075 0.1369716 0.1729303 0.1446085 0.1175125 0.1801721 0.1890895 0.1705370 0.1501028 0.1936909 0.1804226 0.1389534 0.1592806 0.1439456 0.1246870 0.1969341 0.1363360 0.1240111 0.1650118 0.1536916 0.1472864 0.1774772 0.1301972 0.1532522 0.1424768 0.1682981 0.1804904 0.1598421 0.1501028 0.1392178 0.1744209 0.1154216 0.1428498 0.1931848 0.2053287 0.1780836 0.1213010 0.1300342 0.1624000 0.1387355 0.1438688 0.1671547 0.1829148 0.1552302 
S0055         0.1580947 0.0000000 0.0897546 0.0826483 0.1041393 0.0143560 0.1024412 0.0885714 0.0588389 0.0309209 0.0401355 0.0800937 0.1089033 0.1220746 0.0999937 0.0618599 0.0988353 0.0966191 0.1029310 0.0704288 0.0143169 0.0167472 0.0902995 0.0535192 0.0857432 0.0687981 0.0795669 0.0706171 0.0759929 0.0450051 0.0943748 0.0888839 0.0346261 0.0347496 0.0893828 0.0672990 0.0646118 0.0581060 0.0167579 0.0855261 0.1024926 0.1538877 0.0451445 0.1027776 0.0933060 0.0345034 0.0731953 0.0682892 0.0192161 0.0680394 0.0701212 0.0698971 0.0908252 0.0699484 0.0927091 0.0649576 0.0730947 0.0656120 0.0876651 0.0620851 0.0700443 0.0700322 0.0763932 0.0315163 0.1044379 0.1440235 0.0990985 0.0893747 0.0797916 0.0675241 0.0682531 0.1495841 0.0758070 1.0141530 0.0764547 0.0913198 0.0906727 0.0896308 0.0267083 0.0584340 0.1487195 0.0192161 0.0346426 0.0857991 0.0653019 0.0710638 0.1062492 0.0734510 0.0872955 0.0794522 0.1044638 0.0997751 0.0217484 0.0873185 0.1014647 0.0557614 0.0192917 0.0153034 0.0175794 0.0823275 0.0293128 0.0572931 0.0593491 0.0644122 0.0856894 0.0346584 0.0701212 0.1013669 0.0764717 0.1113302 0.0706283 0.0722780 0.0192950 0.0856778 0.0369598 0.0755093 0.0216627 0.0533942 0.0991925 0.0736772 0.0709278 0.0575062 0.0762902 0.1143734 0.0666524 0.0725177 0.0641162 0.0619640 
S0196sl       0.1811916 0.0897546 0.0000000 0.0929567 0.0904109 0.0801726 0.1087590 0.0893462 0.0811597 0.0839468 0.0950933 0.0897302 0.1126917 0.1197571 0.1024715 0.0780509 0.1184613 0.1230212 0.1093571 0.0847289 0.0765789 0.0862464 0.0735098 0.1307769 0.0928852 0.0166077 0.0983341 0.0996076 0.0941777 0.0967292 0.0985125 0.0965565 0.1044927 0.0940867 0.0892576 0.0778885 0.0813078 0.1004200 0.0798324 0.0486844 0.1088219 0.1519336 0.1116728 0.1091712 0.1163368 0.1006969 0.0987284 0.0135807 0.0766647 0.0163582 0.0161714 0.0870956 0.0468617 0.0776590 0.0973169 0.0884944 0.0847057 0.0761187 0.0939200 0.0985651 0.0914633 0.0914469 0.0947564 0.1340535 0.0580845 0.1535965 0.0894643 0.0917381 0.0960523 0.0847440 0.0858114 0.1555399 0.0217149 0.6323571 0.0851396 0.1137659 0.0980398 0.0938142 0.0898604 0.0870569 0.1551906 0.0831104 0.0937309 0.0929558 0.0890453 0.0960295 0.1203679 0.0848687 0.1012307 0.0917447 0.1076690 0.1013289 0.0867024 0.0979693 0.1104169 0.0773212 0.0835086 0.1142745 0.0729253 0.1169775 0.0935575 0.0792498 0.0851242 0.0812732 0.0997107 0.0937948 0.0161714 0.0549870 0.0991893 0.0647883 0.0954783 0.0703372 0.0835607 0.0962461 0.0935621 0.1008911 0.0797881 0.0884530 0.1040703 0.0951590 0.0889922 0.0722035 0.0889426 0.1141590 0.0583018 0.0737884 0.0866900 0.0752550 
S0278         0.1086550 0.0826483 0.0929567 0.0000000 0.0793011 0.0684291 0.1144833 0.0245261 0.0720390 0.0849424 0.1026446 0.0297615 0.1149492 0.1264250 0.1119832 0.0271039 0.1152198 0.0845419 0.1150470 0.1032232 0.0653221 0.0738012 0.0369134 0.1057385 0.0296843 0.0680192 0.1102867 0.0489417 0.0995054 0.1045485 0.1196192 0.0246046 0.0895692 0.0899178 0.0221506 0.0428874 0.0350564 0.1071317 0.0681713 0.0913309 0.1145426 0.1592170 0.1019450 0.1148728 0.0997250 0.0855976 0.0935891 0.0703921 0.0653873 0.0701622 0.0722924 0.0964514 0.0969995 0.0454519 0.1082003 0.0405146 0.0483354 0.0198229 0.0967542 0.0935926 0.0929921 0.0900153 0.0931343 0.0909465 0.1142609 0.1490981 0.1205142 0.1251531 0.0938248 0.0903950 0.0914239 0.1549499 0.0781707 0.6323571 0.0430857 0.1090935 0.1091181 0.1049054 0.0856617 0.0772752 0.1540211 0.0710398 0.0867776 0.0195681 0.0407238 0.0461574 0.1249839 0.0485660 0.0326279 0.0997750 0.1136048 0.1117299 0.0684411 0.1054318 0.1007135 0.0744410 0.0713430 0.0598749 0.0745728 0.1096249 0.0889354 0.0356280 0.0783020 0.0774957 0.0353156 0.0868296 0.0722924 0.1110395 0.0540524 0.1215450 0.0903720 0.0717002 0.0713779 0.0321815 0.0859853 0.0561679 0.0681376 0.0964430 0.1017368 0.0971724 0.0407113 0.0739992 0.0908779 0.1113618 0.0716298 0.0836206 0.0910254 0.0697969 
S0281         0.1792473 0.1041393 0.0904109 0.0793011 0.0000000 0.1041393 0.1128078 0.0863898 0.0993563 0.1157916 0.1505060 0.0938982 0.1063357 0.1093680 0.1074668 0.0796617 0.1144899 0.1056309 0.1070036 0.1433925 0.1041393 0.1041393 0.1004303 0.1121379 0.0929899 0.0553196 0.1343006 0.0860400 0.0935296 0.1195009 0.0883601 0.0932162 0.1251045 0.1250290 0.1076308 0.0608958 0.0676453 0.1041360 0.1107481 0.0616121 0.1061833 0.2129047 0.1050105 0.1128078 0.0854909 0.1183839 0.0857375 0.0510030 0.1041393 0.0559468 0.0553196 0.1149942 0.0744612 0.0728860 0.0799162 0.0733439 0.0612114 0.0735801 0.0738468 0.0866426 0.0989736 0.0927098 0.1003969 0.1306088 0.0680548 0.1862708 0.1274883 0.0000010 0.0800368 0.0940429 0.0946209 0.1919183 0.0553196 0.6323571 0.0611845 0.1114310 0.1122463 0.0859858 0.1040240 0.0863719 0.1897207 0.1041393 0.1058285 0.0866137 0.0741931 0.0865397 0.1203855 0.0611806 0.1014642 0.0686901 0.1148852 0.1061833 0.1041393 0.0864948 0.1145836 0.0927307 0.1118708 0.1113891 0.0406329 0.1286421 0.1106611 0.0555869 0.0939101 0.0927307 0.0935337 0.1135485 0.0553196 0.0680548 0.0858352 0.0804303 0.1219641 0.1051508 0.1041393 0.0867299 0.1252211 0.0668048 0.1106284 0.1065995 0.1217771 0.1195255 0.0672710 0.0712582 0.1016725 0.1141429 0.0791031 0.0858296 0.1151313 0.0873659 
S0282         0.1501028 0.0143560 0.0801726 0.0684291 0.1041393 0.0000000 0.0937196 0.0799761 0.0508275 0.0178036 0.0323951 0.0715931 0.1000545 0.1129861 0.0912658 0.0537678 0.0899764 0.0966191 0.0941668 0.0621781 0.0023573 0.0095077 0.0902995 0.0481857 0.0771795 0.0604501 0.0711280 0.0656426 0.0676761 0.0372597 0.0857007 0.0802563 0.0219849 0.0220625 0.0776169 0.0646595 0.0564794 0.0501984 0.0047300 0.0741384 0.0937666 0.1402948 0.0426038 0.0940267 0.0903115 0.0219077 0.0649141 0.0600051 0.0071184 0.0597864 0.0619175 0.0614059 0.0790547 0.0673048 0.0842020 0.0567789 0.0704280 0.0573493 0.0791653 0.0566983 0.0673972 0.0618346 0.0680294 0.0315163 0.0955328 0.1308929 0.1001861 0.0735521 0.0713274 0.0593321 0.0599685 0.1361535 0.0675147 1.0141530 0.0680856 0.0826801 0.0821192 0.0811828 0.0242622 0.0504785 0.1353814 0.0071184 0.0270422 0.0772284 0.0570778 0.0627395 0.0974114 0.0707712 0.0754668 0.0710263 0.0955592 0.0910685 0.0095479 0.0788540 0.0926016 0.0478411 0.0071465 0.0050385 0.0175963 0.0738594 0.0268497 0.0546449 0.0512651 0.0563071 0.0771288 0.0270541 0.0619175 0.0925089 0.0681021 0.1022740 0.0623587 0.0641093 0.0071472 0.0771190 0.0243371 0.0728482 0.0095107 0.0454681 0.0903008 0.0653402 0.0626233 0.0493287 0.0679370 0.1052806 0.0585743 0.0643195 0.0557174 0.0538565 
S0288         0.1865268 0.1024412 0.1087590 0.1144833 0.1128078 0.0937196 0.0000000 0.1134755 0.0887987 0.1050486 0.1108466 0.1047986 0.0095127 0.0649060 0.0023616 0.1005567 0.1285083 0.1397466 0.0047346 0.1274960 0.0903805 0.0932807 0.1105122 0.1268864 0.1073986 0.0942653 0.1287505 0.1018153 0.0943700 0.1128462 0.0680264 0.1201857 0.1057851 0.1093055 0.1177426 0.1003848 0.0975301 0.0941422 0.0933620 0.1047181 0.0047162 0.1573962 0.1353442 0.0047276 0.1226706 0.1091042 0.1007855 0.0935419 0.0904718 0.0962662 0.0951590 0.0952635 0.1039796 0.1031819 0.0559218 0.1010748 0.1037330 0.0961094 0.0371385 0.0978972 0.0881897 0.0972767 0.0975102 0.1117321 0.1195644 0.1674254 0.1390775 0.0574225 0.0487078 0.0919150 0.0929470 0.1530111 0.0952221 0.6323571 0.1072104 0.1043188 0.1236913 0.0612943 0.1024162 0.0851818 0.1487801 0.0963625 0.1031289 0.1036726 0.1016378 0.1048867 0.0119642 0.1072872 0.1210566 0.0572265 0.0047957 0.0047407 0.0996828 0.0534974 0.1351704 0.0852903 0.0967756 0.1113569 0.0919056 0.1276529 0.1030107 0.0929478 0.0887428 0.0978525 0.1208326 0.1031936 0.0951590 0.1163389 0.1136846 0.1268837 0.1017267 0.1032766 0.0940477 0.1166895 0.1182538 0.1153155 0.0904148 0.0952568 0.1338106 0.1106758 0.1046941 0.0851137 0.1019688 0.1399936 0.0824494 0.0975854 0.1019140 0.0864966 
S0289         0.1313752 0.0885714 0.0893462 0.0245261 0.0863898 0.0799761 0.1134755 0.0000000 0.0837768 0.0941453 0.0996735 0.0296298 0.1139340 0.1252868 0.1109945 0.0269853 0.1183012 0.0980347 0.1140304 0.1095516 0.0767481 0.0796021 0.0368415 0.1087713 0.0320614 0.0710124 0.1167300 0.0487098 0.0995614 0.1046063 0.1123534 0.0194854 0.0956551 0.1021319 0.0246280 0.0400621 0.0348973 0.1071903 0.0796712 0.0974983 0.1135340 0.1560668 0.1081849 0.1138589 0.0961406 0.0984135 0.1027245 0.0733792 0.0768255 0.0731383 0.0752524 0.0933614 0.1001878 0.0426044 0.1041221 0.0403275 0.0454442 0.0197360 0.0959070 0.0997785 0.0991321 0.0961237 0.0992876 0.1046961 0.1111178 0.1460399 0.1167370 0.1055996 0.0969224 0.0931787 0.0942402 0.1518282 0.0811706 0.6323571 0.0428860 0.1228218 0.0937245 0.0888836 0.0916255 0.0831634 0.1509205 0.0826139 0.0957176 0.0219502 0.0405343 0.0459406 0.1238696 0.0456593 0.0351569 0.0968895 0.1125875 0.1107458 0.0799902 0.0985398 0.1070284 0.0802985 0.0829693 0.0845701 0.0804364 0.1160400 0.0949616 0.0354638 0.0873637 0.0898516 0.0351545 0.0957769 0.0752524 0.1079144 0.0537943 0.1183450 0.0935760 0.0775327 0.0830156 0.0320378 0.0949792 0.0532059 0.0796314 0.0964971 0.1081203 0.1034337 0.0405218 0.0800344 0.0938480 0.1086750 0.0745609 0.0896204 0.0815247 0.0726452 
S0292         0.1465205 0.0588389 0.0811597 0.0720390 0.0993563 0.0508275 0.0887987 0.0837768 0.0000000 0.0654570 0.0740544 0.0718040 0.0951170 0.1110906 0.0863198 0.0599185 0.0722958 0.0782640 0.0892252 0.0828144 0.0479476 0.0559931 0.0854884 0.0919398 0.0809355 0.0582465 0.0805390 0.0749781 0.0623458 0.0763382 0.0830503 0.0804931 0.0677458 0.0709739 0.0755758 0.0681453 0.0598325 0.0759158 0.0506424 0.0691059 0.0888434 0.1525224 0.0823635 0.0890908 0.0848857 0.0704429 0.0596833 0.0578142 0.0479939 0.0576019 0.0597653 0.0673652 0.0738961 0.0708283 0.0821751 0.0657884 0.0683143 0.0607656 0.0770938 0.0596843 0.0620180 0.0593144 0.0654758 0.0857432 0.0874651 0.1394201 0.0977725 0.0679840 0.0721567 0.0595038 0.0601438 0.1448065 0.0653899 0.6323571 0.0716612 0.0888209 0.0708770 0.0734218 0.0616451 0.0318197 0.1372031 0.0533551 0.0707487 0.0780843 0.0661415 0.0719828 0.0985025 0.0743861 0.0883626 0.0687297 0.0905504 0.0861321 0.0562467 0.0767884 0.0723478 0.0119418 0.0535765 0.0668584 0.0500885 0.0510631 0.0591012 0.0521615 0.0270884 0.0269813 0.0808837 0.0674611 0.0597653 0.0844606 0.0716891 0.0941221 0.0375455 0.0480024 0.0535969 0.0773458 0.0730373 0.0822346 0.0452859 0.0627583 0.0727546 0.0544186 0.0661134 0.0358241 0.0569529 0.0933311 0.0509882 0.0481558 0.0676389 0.0431981 
S0293         0.1509777 0.0309209 0.0839468 0.0849424 0.1157916 0.0178036 0.1050486 0.0941453 0.0654570 0.0000000 0.0482317 0.0782583 0.1118821 0.1297525 0.1018907 0.0685470 0.0952802 0.1215539 0.1055769 0.0805293 0.0151520 0.0229292 0.0995511 0.0624594 0.0911314 0.0794135 0.0909784 0.0816733 0.0829626 0.0477426 0.1027126 0.0912955 0.0338213 0.0368608 0.0885361 0.0773141 0.0713000 0.0674861 0.0177386 0.0943299 0.0988046 0.1566951 0.0450157 0.1054124 0.1069520 0.0338845 0.0802157 0.0783011 0.0203441 0.0784777 0.0806201 0.0735547 0.0896069 0.0801470 0.1013654 0.0719016 0.0745163 0.0726710 0.0960331 0.0713501 0.0797725 0.0735929 0.0836552 0.0469114 0.1139143 0.1532771 0.1172035 0.0919244 0.0876799 0.0741720 0.0748030 0.1521159 0.0867766 1.0141530 0.0842461 0.0963992 0.1029413 0.0949572 0.0390557 0.0678953 0.1476119 0.0203441 0.0422531 0.0877550 0.0723065 0.0751468 0.1090894 0.0807882 0.0860195 0.0906219 0.1066086 0.1022427 0.0203372 0.0894476 0.1148929 0.0621149 0.0204297 0.0168023 0.0325046 0.0907077 0.0391907 0.0697451 0.0690304 0.0744307 0.0942166 0.0394621 0.0806201 0.1106230 0.0811889 0.1213565 0.0748078 0.0798393 0.0204336 0.0942025 0.0391873 0.0859883 0.0203273 0.0537405 0.1125236 0.0814903 0.0746909 0.0641802 0.0841067 0.1221408 0.0708118 0.0801226 0.0738992 0.0718367 
S0294         0.1691794 0.0401355 0.0950933 0.1026446 0.1505060 0.0323951 0.1108466 0.0996735 0.0740544 0.0482317 0.0000000 0.1000266 0.1175740 0.1299242 0.1083536 0.0803767 0.1168727 0.1054261 0.1113895 0.0866161 0.0296956 0.0374374 0.1343729 0.0715048 0.1059611 0.0880898 0.0932304 0.0934992 0.0924825 0.0623139 0.1087719 0.1093332 0.0486636 0.0515404 0.1099630 0.0920402 0.0804547 0.0760958 0.0322793 0.1024561 0.1109037 0.1560528 0.0653105 0.1112212 0.1226068 0.0511619 0.0895467 0.0874171 0.0348802 0.0836695 0.0890955 0.0865998 0.1084657 0.0948276 0.1035135 0.0837556 0.0983170 0.0846270 0.0984393 0.0807792 0.0918498 0.0861374 0.0929904 0.0558988 0.1161082 0.1495629 0.1298059 0.0736099 0.0935033 0.0835583 0.0844943 0.1516703 0.0951273 1.0141530 0.0899456 0.1151152 0.0987151 0.0974824 0.0401882 0.0765462 0.1507811 0.0348802 0.0513778 0.1060363 0.0842171 0.0903560 0.1148527 0.0988159 0.1079525 0.0896071 0.1130962 0.1081103 0.0376039 0.0979604 0.1195714 0.0680457 0.0295663 0.0431759 0.0420026 0.1022314 0.0509986 0.0787811 0.0777868 0.0799308 0.1059004 0.0514038 0.0890955 0.1129078 0.0959962 0.1233525 0.0897767 0.0882720 0.0296956 0.1058840 0.0537089 0.1007642 0.0374502 0.0713164 0.1067236 0.0871558 0.0901660 0.0668940 0.0832931 0.1322598 0.0852456 0.0885777 0.0773629 0.0746883 
S0299         0.1478213 0.0800937 0.0897302 0.0297615 0.0938982 0.0715931 0.1047986 0.0296298 0.0718040 0.0782583 0.1000266 0.0000000 0.1052193 0.1257637 0.1023005 0.0296189 0.1082266 0.0851112 0.1053109 0.1068398 0.0684400 0.0770103 0.0484934 0.1090084 0.0322302 0.0742591 0.1076166 0.0434496 0.0870729 0.1019567 0.1065057 0.0244694 0.0899391 0.0866103 0.0273550 0.0401971 0.0324174 0.1045497 0.0713214 0.0917165 0.1048524 0.1639506 0.1055056 0.1051514 0.1002465 0.0897426 0.0841456 0.0707412 0.0685087 0.0734092 0.0755295 0.0837427 0.0974246 0.0427488 0.1014339 0.0323380 0.0456003 0.0223395 0.0901898 0.0812950 0.0807843 0.0778776 0.0809011 0.0997468 0.1115904 0.1466169 0.1140077 0.1111784 0.0881054 0.0781999 0.0790767 0.1596032 0.0814741 0.6323571 0.0351973 0.1095693 0.0995091 0.1012914 0.0831031 0.0712830 0.1586347 0.0742224 0.0838958 0.0271268 0.0325012 0.0377800 0.1150180 0.0458169 0.0353454 0.0913768 0.1069166 0.1020720 0.0716057 0.0958463 0.1006267 0.0656828 0.0745413 0.0855912 0.0719115 0.0967746 0.0863652 0.0303193 0.0723370 0.0748209 0.0379038 0.0745004 0.0755295 0.1083703 0.0455073 0.1188584 0.0783122 0.0743787 0.0745794 0.0218953 0.0953417 0.0506713 0.0712859 0.0938326 0.0983060 0.0877681 0.0380059 0.0649801 0.0844852 0.1179611 0.0690679 0.0717102 0.0816850 0.0637656 
S0303         0.1789268 0.1089033 0.1126917 0.1149492 0.1063357 0.1000545 0.0095127 0.1139340 0.0951170 0.1118821 0.1175740 0.1052193 0.0000000 0.0651481 0.0071487 0.1009540 0.1356207 0.1330015 0.0095545 0.1280029 0.0966377 0.0995817 0.1041795 0.1338878 0.1043979 0.0946445 0.1358714 0.1022227 0.1007564 0.1195428 0.0739767 0.1206762 0.1123162 0.1159191 0.1182238 0.1007807 0.0979140 0.1005100 0.0996693 0.1051382 0.0095170 0.1617670 0.1359023 0.0095406 0.1232200 0.1157077 0.1073031 0.0939152 0.0967362 0.0966502 0.0955344 0.1019105 0.1044045 0.1035898 0.0615861 0.1014765 0.1041449 0.0964926 0.0424830 0.1043742 0.0944622 0.1037086 0.1039558 0.1320979 0.1200613 0.1719027 0.1360493 0.0629080 0.0434739 0.0982964 0.0994109 0.1573078 0.0955981 0.6323571 0.1076396 0.1109212 0.1241994 0.0670347 0.1088767 0.0914007 0.1530037 0.1027202 0.1035362 0.1040841 0.1020439 0.1053082 0.0169023 0.1077169 0.1215540 0.0630376 0.0096791 0.0095674 0.1061134 0.0591517 0.1357389 0.0915171 0.1031635 0.1181319 0.0984776 0.1347024 0.1095116 0.0933163 0.0950576 0.1043257 0.1213285 0.1036014 0.0955344 0.1168207 0.1141443 0.1274183 0.1083174 0.1036851 0.1004083 0.1171629 0.1249978 0.1157772 0.0966736 0.1017088 0.1343792 0.1173922 0.1051137 0.0915293 0.1085753 0.1405909 0.0827665 0.0979698 0.1054496 0.0868352 
S0308         0.1806239 0.1220746 0.1197571 0.1264250 0.1093680 0.1129861 0.0649060 0.1252868 0.1110906 0.1297525 0.1299242 0.1257637 0.0651481 0.0000000 0.0624553 0.1078086 0.1402090 0.1573144 0.0623327 0.1289332 0.1094167 0.1124427 0.1201100 0.1445826 0.1189902 0.0983201 0.1400215 0.1185945 0.1214803 0.1268562 0.0861697 0.1322944 0.1299596 0.1230220 0.1330628 0.1076050 0.1079181 0.1135080 0.1064192 0.1227863 0.0649378 0.1770589 0.1367283 0.0651125 0.1382203 0.1227996 0.1247978 0.1005981 0.1095296 0.0967146 0.0991458 0.1087409 0.1223868 0.1166701 0.0702357 0.1116239 0.1236536 0.1033677 0.0621552 0.1217509 0.1146025 0.1209605 0.1212440 0.1642036 0.1210234 0.1747723 0.1403154 0.0624631 0.0603155 0.1079930 0.1092327 0.1689279 0.0992123 0.6323571 0.1245147 0.1317661 0.1346757 0.0816320 0.1253445 0.1041130 0.1679182 0.1156907 0.1133741 0.1223474 0.1122580 0.1124605 0.0711740 0.1274633 0.1410679 0.0744869 0.0661423 0.0626098 0.1192266 0.0646893 0.1512900 0.1072717 0.1089080 0.1403020 0.1083135 0.1422757 0.1290279 0.1063349 0.1079601 0.1141517 0.1254571 0.1134482 0.0991458 0.1177580 0.1246333 0.1284413 0.1217611 0.1012306 0.1133916 0.1286369 0.1322514 0.1228536 0.1124861 0.1148791 0.1406226 0.1289958 0.1153986 0.1008731 0.1189868 0.1345361 0.1012826 0.1077288 0.1192072 0.0995913 
S0322         0.1798736 0.0999937 0.1024715 0.1119832 0.1074668 0.0912658 0.0023616 0.1109945 0.0863198 0.1018907 0.1083536 0.1023005 0.0071487 0.0624553 0.0000000 0.0980844 0.1259898 0.1344496 0.0023720 0.1242816 0.0879358 0.0908363 0.1052653 0.1243966 0.1049119 0.0917265 0.1262305 0.0993148 0.0919003 0.1103762 0.0652152 0.1176993 0.1033327 0.1068446 0.1152430 0.0979161 0.0948024 0.0916784 0.0909157 0.1022215 0.0023627 0.1548673 0.1328802 0.0023685 0.1199496 0.1066459 0.0983068 0.0910202 0.0880248 0.0937527 0.0926715 0.0926995 0.1014322 0.1007192 0.0534999 0.0985896 0.1012582 0.0935987 0.0347370 0.0954155 0.0857251 0.0948082 0.0950379 0.1198344 0.1170282 0.1649114 0.1363883 0.0574225 0.0462474 0.0894317 0.0904385 0.1504918 0.0927332 0.6323571 0.1047285 0.1018306 0.1212008 0.0588743 0.0999692 0.0827190 0.1462713 0.0939156 0.1006685 0.1011999 0.0991402 0.1023857 0.0095906 0.1048029 0.1185549 0.0547508 0.0023909 0.0023751 0.0972290 0.0510644 0.1326576 0.0828250 0.0943208 0.1060762 0.0893485 0.1251511 0.1005514 0.0904393 0.0862650 0.0953718 0.1183333 0.1007314 0.0926715 0.1138015 0.1111993 0.1243381 0.0992264 0.1008120 0.0915860 0.1142071 0.1158015 0.1128589 0.0879697 0.0927675 0.1312629 0.1081859 0.1021991 0.0825731 0.0994641 0.1374603 0.0799824 0.0951110 0.0987738 0.0839990 
S0327         0.1306088 0.0618599 0.0780509 0.0271039 0.0796617 0.0537678 0.1005567 0.0269853 0.0599185 0.0685470 0.0803767 0.0296189 0.1009540 0.1078086 0.0980844 0.0000000 0.1007777 0.0726777 0.1010421 0.0867412 0.0508457 0.0589767 0.0312026 0.0920824 0.0346885 0.0528805 0.0933693 0.0297464 0.0774205 0.0823986 0.0984696 0.0270721 0.0738921 0.0741723 0.0272165 0.0242940 0.0168812 0.0849321 0.0535706 0.0781828 0.1006077 0.1466343 0.0798538 0.1008906 0.0919618 0.0708576 0.0745677 0.0580656 0.0508951 0.0550836 0.0572707 0.0798760 0.0833135 0.0267480 0.0907799 0.0219396 0.0293888 0.0072023 0.0856899 0.0717879 0.0770910 0.0713353 0.0714450 0.0789406 0.0970668 0.1370557 0.1014746 0.0976229 0.0719517 0.0745329 0.0753574 0.1425562 0.0628914 0.6323571 0.0270395 0.1053294 0.0924187 0.0876861 0.0646991 0.0594899 0.1417257 0.0563136 0.0682477 0.0245014 0.0220488 0.0271446 0.1105528 0.0295243 0.0378474 0.0837418 0.0994686 0.0978688 0.0592459 0.0853473 0.0972644 0.0567753 0.0565489 0.0601522 0.0562038 0.0899350 0.0677253 0.0171477 0.0631388 0.0656025 0.0244694 0.0682852 0.0572707 0.0939890 0.0346787 0.1039377 0.0719535 0.0568136 0.0565714 0.0295361 0.0705524 0.0368686 0.0535447 0.0745416 0.0949405 0.0750676 0.0220440 0.0585850 0.0777296 0.1039847 0.0567595 0.0681811 0.0683477 0.0575060 
S0335         0.1610417 0.0988353 0.1184613 0.1152198 0.1144899 0.0899764 0.1285083 0.1183012 0.0722958 0.0952802 0.1168727 0.1082266 0.1356207 0.1402090 0.1259898 0.1007777 0.0000000 0.0611475 0.1291518 0.1305948 0.0866032 0.0955645 0.1063156 0.1354994 0.1217580 0.0891812 0.1307314 0.1045429 0.1027035 0.1176374 0.1310077 0.1178253 0.1019854 0.1023879 0.1193673 0.1068457 0.0946890 0.1212733 0.0896261 0.0973329 0.1221040 0.1879118 0.1097338 0.1289549 0.1239134 0.1120950 0.1033233 0.0919533 0.0866922 0.0915966 0.0936107 0.1002538 0.1068707 0.1097497 0.1155983 0.1014879 0.1069650 0.0992840 0.1167034 0.1003580 0.0957886 0.0997073 0.1069727 0.1136063 0.1170604 0.1748656 0.1314638 0.1124297 0.1116713 0.0909654 0.0920074 0.1792878 0.0997924 0.6323571 0.1111317 0.1223070 0.0839326 0.1028664 0.0958855 0.0746936 0.1740995 0.0895669 0.1126249 0.1174859 0.1020710 0.1086169 0.1319993 0.1140930 0.1294700 0.1110415 0.1274975 0.1214636 0.0960280 0.1098606 0.0599428 0.0661255 0.0930755 0.0988210 0.0876779 0.1040295 0.0960515 0.0860537 0.0787756 0.0756504 0.1144374 0.1055961 0.0936107 0.1138303 0.1145083 0.1243786 0.0880188 0.0543367 0.0931334 0.1142453 0.1148788 0.1224161 0.0864203 0.0968128 0.0793375 0.0246306 0.1020095 0.0361269 0.0943904 0.1104952 0.0863132 0.0545154 0.1116189 0.0789463 
S0345         0.1999894 0.0966191 0.1230212 0.0845419 0.1056309 0.0966191 0.1397466 0.0980347 0.0782640 0.1215539 0.1054261 0.0851112 0.1330015 0.1573144 0.1344496 0.0726777 0.0611475 0.0000000 0.1412329 0.1632872 0.0966191 0.0966191 0.1057752 0.1111273 0.1048587 0.0783720 0.1396160 0.0913115 0.0847898 0.1384417 0.1357516 0.0845135 0.1170027 0.1315650 0.1066532 0.0781345 0.0788388 0.0966162 0.1030595 0.0850309 0.1328093 0.2093601 0.0913522 0.1397466 0.0967410 0.1104488 0.0774355 0.0745781 0.0966191 0.0731431 0.0783720 0.1113255 0.0992478 0.0904263 0.1183073 0.0845372 0.0909363 0.0788492 0.0987912 0.0722613 0.0900918 0.0840653 0.0913420 0.1184041 0.0842596 0.1760159 0.1337221 1.2612771 0.0860727 0.0911233 0.0916657 0.1887996 0.0783720 0.6323571 0.0784830 0.1020673 0.0779474 0.1247845 0.0840692 0.0602848 0.1951488 0.0966191 0.1043167 0.0919191 0.0855147 0.0979661 0.1478726 0.0847334 0.1068604 0.0873135 0.1423747 0.1257445 0.0966191 0.1121036 0.0603250 0.0661784 0.0972552 0.0972681 0.0578054 0.0988676 0.0903644 0.0668805 0.0860551 0.0544464 0.0988672 0.0973004 0.0783720 0.0842596 0.0971651 0.0967106 0.0926363 0.0598259 0.0966191 0.0783029 0.1305129 0.0841810 0.1029498 0.1119167 0.0737409 0.0487584 0.0784027 0.0391345 0.0986218 0.1031740 0.0968228 0.0426517 0.1145568 0.0788548 
S0355         0.1772665 0.1029310 0.1093571 0.1150470 0.1070036 0.0941668 0.0047346 0.1140304 0.0892252 0.1055769 0.1113895 0.1053109 0.0095545 0.0623327 0.0023720 0.1010421 0.1291518 0.1412329 0.0000000 0.1281285 0.0908095 0.0937230 0.1116537 0.1198711 0.1079221 0.0947306 0.1293957 0.1023125 0.0948231 0.1133936 0.0683472 0.1207768 0.1062931 0.1098325 0.1183235 0.1008685 0.0942436 0.0945933 0.0938051 0.1052297 0.0047368 0.1582043 0.1282435 0.0047483 0.1233317 0.1096305 0.1012733 0.0940002 0.0909015 0.0967371 0.0956194 0.0957388 0.1044984 0.1036792 0.0561792 0.0977386 0.1042350 0.0965790 0.0373064 0.0983707 0.0886108 0.0977445 0.0979799 0.1264292 0.1201636 0.1682857 0.1398266 0.0574225 0.0489344 0.0923581 0.0933995 0.1537915 0.0956831 0.6323571 0.1077322 0.1048266 0.1243022 0.0615771 0.1029058 0.0855874 0.1495335 0.0968206 0.1036255 0.1041742 0.0982796 0.1014922 0.0120171 0.1078096 0.1216557 0.0574960 0.0048170 0.0047615 0.1001591 0.0537444 0.1358490 0.0856968 0.0972385 0.1125150 0.0923618 0.1282877 0.1035051 0.0934004 0.0891688 0.0983255 0.1214300 0.1036908 0.0956194 0.1169210 0.1102239 0.1275251 0.1022234 0.1037747 0.0944979 0.1172613 0.1188263 0.1158737 0.0908440 0.0957180 0.1344901 0.1112173 0.1013095 0.0855318 0.0985980 0.1326054 0.0828420 0.0980559 0.1024261 0.0869145 
S0376         0.2192954 0.0704288 0.0847289 0.1032232 0.1433925 0.0621781 0.1274960 0.1095516 0.0828144 0.0805293 0.0866161 0.1068398 0.1280029 0.1289332 0.1242816 0.0867412 0.1305948 0.1632872 0.1281285 0.0000000 0.0591637 0.0619047 0.1341499 0.1048532 0.1128790 0.0757927 0.0404700 0.1160117 0.0990652 0.0799541 0.1079580 0.1163262 0.0827881 0.0772824 0.1135536 0.1079183 0.0925648 0.0881084 0.0564536 0.0960464 0.1275616 0.1456736 0.1008825 0.1279351 0.1270451 0.0824723 0.0960833 0.0781050 0.0592218 0.0778911 0.0770149 0.0993178 0.0983368 0.1107749 0.1105993 0.0994388 0.1144697 0.0911616 0.1043326 0.0961639 0.0986248 0.0925842 0.0964396 0.1126846 0.1189235 0.1322926 0.1082667 0.0798919 0.0972053 0.0960223 0.0971161 0.1414212 0.0828749 1.0141530 0.0996924 0.1157702 0.1115878 0.1072871 0.0848121 0.0880524 0.1370725 0.0647500 0.0855990 0.1129617 0.0999985 0.1001755 0.1383694 0.1118538 0.1180141 0.0968383 0.1260961 0.1216565 0.0677687 0.1143391 0.1336386 0.0793852 0.0650226 0.0730938 0.0704346 0.1053932 0.0880461 0.0943928 0.0835642 0.0888100 0.1128164 0.0856494 0.0770149 0.1157159 0.1121643 0.1261991 0.0956891 0.0917177 0.0623387 0.1064831 0.0793259 0.1232452 0.0674815 0.0746788 0.1104151 0.1027383 0.1061562 0.0855034 0.0965204 0.1330463 0.0887555 0.0980412 0.0386097 0.0840021 
S0400         0.1501028 0.0143169 0.0765789 0.0653221 0.1041393 0.0023573 0.0903805 0.0767481 0.0479476 0.0151520 0.0296956 0.0684400 0.0966377 0.1094167 0.0879358 0.0508457 0.0866032 0.0966191 0.0908095 0.0591637 0.0000000 0.0070832 0.0902995 0.0453292 0.0739767 0.0574048 0.0679995 0.0625630 0.0646084 0.0345361 0.0824168 0.0770153 0.0194090 0.0194771 0.0743930 0.0616323 0.0535304 0.0473582 0.0023493 0.0709733 0.0904256 0.1362990 0.0398197 0.0906748 0.0867075 0.0193414 0.0618722 0.0569849 0.0047140 0.0567785 0.0589174 0.0583046 0.0757623 0.0642567 0.0809874 0.0538119 0.0673346 0.0543495 0.0759765 0.0537363 0.0643445 0.0588374 0.0649429 0.0315163 0.0921158 0.1270693 0.0964670 0.0677336 0.0681886 0.0563486 0.0569482 0.1322219 0.0644564 1.0141530 0.0649971 0.0794288 0.0788968 0.0780041 0.0216884 0.0476202 0.1314793 0.0047140 0.0244156 0.0740228 0.0540932 0.0596923 0.0940112 0.0676606 0.0722350 0.0679038 0.0921423 0.0877471 0.0071130 0.0756799 0.0892143 0.0450075 0.0047325 0.0050385 0.0175459 0.0707074 0.0242428 0.0516702 0.0483575 0.0533686 0.0739275 0.0244261 0.0589174 0.0891240 0.0650130 0.0987675 0.0593329 0.0611117 0.0047329 0.0739183 0.0217548 0.0697464 0.0070855 0.0426432 0.0869147 0.0622760 0.0595836 0.0463972 0.0648549 0.1017458 0.0556350 0.0613102 0.0526774 0.0509287 
S0405         0.1501028 0.0167472 0.0862464 0.0738012 0.1041393 0.0095077 0.0932807 0.0796021 0.0559931 0.0229292 0.0374374 0.0770103 0.0995817 0.1124427 0.0908363 0.0589767 0.0955645 0.0966191 0.0937230 0.0619047 0.0070832 0.0000000 0.0902995 0.0479711 0.0826201 0.0658033 0.0765075 0.0709978 0.0673669 0.0370972 0.0852983 0.0857281 0.0269132 0.0270082 0.0830886 0.0699339 0.0617063 0.0499771 0.0094752 0.0795479 0.0933272 0.1463359 0.0476875 0.0935842 0.0866738 0.0268188 0.0702115 0.0653189 0.0118828 0.0650808 0.0671743 0.0611181 0.0816383 0.0725864 0.0838144 0.0620345 0.0757543 0.0626571 0.0787990 0.0619457 0.0671006 0.0670877 0.0733703 0.0315163 0.0950761 0.1367679 0.0932064 0.0729214 0.0709571 0.0645888 0.0652823 0.1421395 0.0728117 1.0141530 0.0734298 0.0765235 0.0817378 0.0808107 0.0291595 0.0556092 0.1413295 0.0118828 0.0320087 0.0826733 0.0623615 0.0680707 0.0969497 0.0761236 0.0809761 0.0706983 0.0951025 0.0906411 0.0143446 0.0784907 0.0981843 0.0529566 0.0119298 0.0050385 0.0252838 0.0792493 0.0317808 0.0599404 0.0564760 0.0615171 0.0825675 0.0320231 0.0671743 0.0920679 0.0734465 0.1017796 0.0676561 0.0693375 0.0119313 0.0825567 0.0292502 0.0781621 0.0142885 0.0452665 0.0959088 0.0706719 0.0679423 0.0546052 0.0732714 0.1047709 0.0637605 0.0695658 0.0554578 0.0590750 
S0407sl       0.1404335 0.0902995 0.0735098 0.0369134 0.1004303 0.0902995 0.1105122 0.0368415 0.0854884 0.0995511 0.1343729 0.0484934 0.1041795 0.1201100 0.1052653 0.0312026 0.1063156 0.1057752 0.1116537 0.1341499 0.0902995 0.0902995 0.0000000 0.1111658 0.0425106 0.0546909 0.1254300 0.0600542 0.0856652 0.1314737 0.1062233 0.0370047 0.1103673 0.1246874 0.0487729 0.0480847 0.0484935 0.0902970 0.0966519 0.0728931 0.1040333 0.1561391 0.0907957 0.1105122 0.0714508 0.0977465 0.0782087 0.0503537 0.0902995 0.0553043 0.0546909 0.1064192 0.0866038 0.0594976 0.0955307 0.0539301 0.0598173 0.0312650 0.0785363 0.0729806 0.0786421 0.0788217 0.0783586 0.1126238 0.0794527 0.1281022 0.0870372 1.2293365 0.0723919 0.0861562 0.0866742 0.1385471 0.0546909 0.6323571 0.0539876 0.0905288 0.1108886 0.0891698 0.0902018 0.0730056 0.1446178 0.0902995 0.0978255 0.0314520 0.0545266 0.0661212 0.1179060 0.0540567 0.0432382 0.0866494 0.1125064 0.0974841 0.0966519 0.0896826 0.1067365 0.0791277 0.0976130 0.0918925 0.0520735 0.0980357 0.0965779 0.0373404 0.0871354 0.0791277 0.0483257 0.1052579 0.0546909 0.0794527 0.0656116 0.0852941 0.0869798 0.0787508 0.0902995 0.0425235 0.1104948 0.0537188 0.0965494 0.1052728 0.1137418 0.1048563 0.0482371 0.0578642 0.0936308 0.0933169 0.0781860 0.0848223 0.0926068 0.0738253 
S0412sl       0.1653558 0.0535192 0.1307769 0.1057385 0.1121379 0.0481857 0.1268864 0.1087713 0.0919398 0.0624594 0.0715048 0.1090084 0.1338878 0.1445826 0.1243966 0.0920824 0.1354994 0.1111273 0.1198711 0.1048532 0.0453292 0.0479711 0.1111658 0.0000000 0.1087243 0.1002031 0.1151204 0.1056419 0.0955897 0.0735639 0.1248879 0.1154887 0.0679558 0.0682112 0.1161540 0.1010575 0.0854571 0.0790929 0.0480106 0.1217013 0.1269524 0.1982803 0.0592020 0.1273215 0.1155097 0.0648300 0.0986987 0.1028492 0.0507100 0.1024523 0.1043709 0.0897325 0.1218079 0.1038736 0.1225479 0.0918539 0.1074644 0.0875138 0.1048990 0.0897757 0.1012293 0.0951840 0.1022464 0.0431786 0.1360765 0.1847726 0.1396255 0.1330863 0.1090181 0.0925925 0.0936396 0.1896471 0.1106013 1.0141530 0.1081120 0.1153832 0.1206385 0.1191727 0.0617837 0.0885060 0.1921249 0.0507100 0.0592139 0.1058955 0.0923597 0.0985570 0.1311355 0.1018401 0.1103983 0.1054905 0.1257940 0.1241120 0.0481939 0.1168638 0.1350541 0.0883861 0.0509203 0.0261918 0.0590805 0.1180880 0.0621227 0.0902665 0.0867851 0.0980783 0.1086459 0.0624262 0.1043709 0.1327483 0.1040102 0.1437128 0.1051923 0.1035941 0.0483063 0.1149193 0.0702924 0.0977051 0.0533578 0.0743103 0.1306343 0.1076200 0.0983455 0.0904646 0.0923101 0.1261141 0.0972929 0.1068130 0.0861155 0.0895716 
S0417         0.1319951 0.0857432 0.0928852 0.0296843 0.0929899 0.0771795 0.1073986 0.0320614 0.0809355 0.0911314 0.1059611 0.0322302 0.1043979 0.1189902 0.1049119 0.0346885 0.1217580 0.1048587 0.1079221 0.1128790 0.0739767 0.0826201 0.0425106 0.1087243 0.0000000 0.0711176 0.1169507 0.0569801 0.1027942 0.1045439 0.1093207 0.0321652 0.0988166 0.0992049 0.0323378 0.0507311 0.0428045 0.1104362 0.0768858 0.0976314 0.1074536 0.1671385 0.1052342 0.1077594 0.1067338 0.0924048 0.0997777 0.0734757 0.0740511 0.0732357 0.0753513 0.0959378 0.1035371 0.0533147 0.1072895 0.0483778 0.0535573 0.0274120 0.0899679 0.0968411 0.0962156 0.0932178 0.0963649 0.1116403 0.1177329 0.1567154 0.1206286 0.1234117 0.0904932 0.0899313 0.0909493 0.1627688 0.0812779 0.6323571 0.0456036 0.1231699 0.1124921 0.1040251 0.0887823 0.0862307 0.1617802 0.0798146 0.0868396 0.0194807 0.0486290 0.0541502 0.1176432 0.0565413 0.0352418 0.0969338 0.1095649 0.1046778 0.0771931 0.1016818 0.1103543 0.0774893 0.0801577 0.0911136 0.0744319 0.1130180 0.0920934 0.0408251 0.0844880 0.0869801 0.0378222 0.0868917 0.0753513 0.1144850 0.0621089 0.1250950 0.0906660 0.0805650 0.0802012 0.0346430 0.0951056 0.0641675 0.0768475 0.0997044 0.1114841 0.1004654 0.0486123 0.0771393 0.0909444 0.1186558 0.0804727 0.0867568 0.0907748 0.0698437 
S0419         0.1301972 0.0687981 0.0166077 0.0680192 0.0553196 0.0604501 0.0942653 0.0710124 0.0582465 0.0794135 0.0880898 0.0742591 0.0946445 0.0983201 0.0917265 0.0528805 0.0891812 0.0783720 0.0947306 0.0757927 0.0574048 0.0658033 0.0546909 0.1002031 0.0711176 0.0000000 0.0785439 0.0710037 0.0724143 0.0835791 0.0859648 0.0742378 0.0783262 0.0785767 0.0680117 0.0584141 0.0556784 0.0807925 0.0602227 0.0279374 0.0943141 0.1288680 0.0874988 0.0945845 0.0859716 0.0780238 0.0761299 0.0000025 0.0574620 0.0000024 0.0000030 0.0692790 0.0313484 0.0611252 0.0784772 0.0617015 0.0642838 0.0508631 0.0725561 0.0732907 0.0728312 0.0728197 0.0728043 0.0911234 0.0470586 0.1296859 0.0723344 0.0842057 0.0710889 0.0644201 0.0651390 0.1317248 0.0048413 0.6323571 0.0647178 0.0885725 0.0727114 0.0753995 0.0717377 0.0606331 0.1309558 0.0602227 0.0754822 0.0711521 0.0620391 0.0679645 0.1043576 0.0646059 0.0845160 0.0737265 0.0958993 0.0877792 0.0661114 0.0759541 0.0828594 0.0550685 0.0633292 0.0718059 0.0511151 0.0855279 0.0748913 0.0564855 0.0615023 0.0583130 0.0710567 0.0755257 0.0000030 0.0443030 0.0735460 0.0529515 0.0763260 0.0492243 0.0633575 0.0740205 0.0690945 0.0697153 0.0601929 0.0702405 0.0838091 0.0698172 0.0588502 0.0507407 0.0675739 0.0888226 0.0413582 0.0577079 0.0690035 0.0530349 
S0427         0.2017710 0.0795669 0.0983341 0.1102867 0.1343006 0.0711280 0.1287505 0.1167300 0.0805390 0.0909784 0.0932304 0.1076166 0.1358714 0.1400215 0.1262305 0.0933693 0.1307314 0.1396160 0.1293957 0.0404700 0.0679995 0.0765075 0.1254300 0.1151204 0.1169507 0.0785439 0.0000000 0.1168638 0.1092094 0.0886429 0.1095160 0.1236687 0.0923650 0.0896214 0.1243925 0.1086904 0.0995699 0.0858626 0.0652230 0.0991482 0.1288184 0.1526535 0.1069057 0.1291983 0.1298688 0.0860648 0.1031792 0.0811566 0.0680673 0.0838425 0.0828929 0.1029313 0.1015202 0.1115699 0.1176739 0.1001453 0.1152995 0.0979771 0.1053307 0.1031838 0.1087126 0.1025158 0.1035676 0.0918237 0.1190427 0.1468652 0.1290061 0.0989418 0.1044165 0.0998863 0.1010377 0.1483148 0.0888311 1.0141530 0.1066365 0.1362473 0.1076093 0.1080501 0.0884170 0.0917190 0.1556018 0.0737396 0.0892477 0.1202263 0.1007133 0.1008928 0.1397532 0.1158998 0.1290910 0.1006591 0.1281016 0.1216967 0.0768665 0.1151665 0.1271705 0.0829261 0.0740542 0.0661905 0.0769754 0.1123336 0.0917121 0.0982169 0.0841363 0.0925168 0.1200715 0.0893014 0.0828929 0.1158309 0.1129795 0.1263286 0.0995344 0.0977865 0.0740916 0.1136054 0.0946961 0.1177624 0.0765355 0.0840909 0.1074840 0.1028361 0.1069222 0.0855810 0.0926082 0.1465664 0.0924598 0.0981319 0.0418386 0.0774852 
S0478         0.1214459 0.0706171 0.0996076 0.0489417 0.0860400 0.0656426 0.1018153 0.0487098 0.0749781 0.0816733 0.0934992 0.0434496 0.1022227 0.1185945 0.0993148 0.0297464 0.1045429 0.0913115 0.1023125 0.1160117 0.0625630 0.0709978 0.0600542 0.1056419 0.0569801 0.0710037 0.1168638 0.0000000 0.0904195 0.0954635 0.1027405 0.0488733 0.0807303 0.0839622 0.0491432 0.0348493 0.0271802 0.1041269 0.0653959 0.0913487 0.1018675 0.1488725 0.0989292 0.1021573 0.1028669 0.0834604 0.0874665 0.0734076 0.0626252 0.0731299 0.0752430 0.0810101 0.0970184 0.0373728 0.0948321 0.0298733 0.0401566 0.0275848 0.0896791 0.0845919 0.0840553 0.0840489 0.0909194 0.0852238 0.1076981 0.1390971 0.1154357 0.1179834 0.0787598 0.0786632 0.0795498 0.1447175 0.0811597 0.9737381 0.0377903 0.1068291 0.0998442 0.1008859 0.0769742 0.0657115 0.1438610 0.0682479 0.0807925 0.0460933 0.0300250 0.0352874 0.1056971 0.0403465 0.0607118 0.0907096 0.1007342 0.0990935 0.0713299 0.0893161 0.1053103 0.0716110 0.0685387 0.0661124 0.0686657 0.1098120 0.0801608 0.0222527 0.0784428 0.0809322 0.0460329 0.0808397 0.0752430 0.1045209 0.0430114 0.1148488 0.0847260 0.0718863 0.0685712 0.0514527 0.0889900 0.0373374 0.0653636 0.0865560 0.1060363 0.0912922 0.0326343 0.0682783 0.0908086 0.1183698 0.0688122 0.0721322 0.0878891 0.0697441 
S0552sl       0.1626123 0.0759929 0.0941777 0.0995054 0.0935296 0.0676761 0.0943700 0.0995614 0.0623458 0.0829626 0.0924825 0.0870729 0.1007564 0.1214803 0.0919003 0.0774205 0.1027035 0.0847898 0.0948231 0.0990652 0.0646084 0.0673669 0.0856652 0.0955897 0.1027942 0.0724143 0.1092094 0.0904195 0.0000000 0.0855554 0.0901874 0.0991840 0.0736271 0.0858982 0.0935124 0.0890132 0.0803147 0.0879836 0.0674240 0.0866249 0.0944175 0.1560783 0.1038298 0.0946806 0.1021881 0.0854546 0.0120603 0.0718724 0.0646721 0.0716054 0.0736878 0.0335390 0.0856073 0.0917886 0.0798868 0.0836748 0.0892095 0.0816001 0.0828812 0.0120727 0.0270330 0.0095775 0.0095750 0.0865545 0.1098158 0.1506907 0.1124846 0.0799190 0.0814286 0.0375168 0.0352709 0.1519257 0.0794743 0.6323571 0.0869052 0.0459066 0.0948690 0.0855737 0.0704945 0.0619280 0.1440239 0.0702584 0.0827445 0.0994350 0.0841348 0.0902679 0.1041869 0.0896956 0.1105255 0.0696026 0.0931528 0.0916997 0.0733267 0.0802746 0.1093067 0.0510318 0.0705551 0.0729664 0.0678238 0.0925573 0.0792189 0.0757509 0.0656086 0.0680593 0.1027348 0.0764388 0.0736878 0.1066536 0.0959036 0.1105346 0.0774737 0.0760545 0.0705890 0.0869993 0.0908729 0.0947262 0.0646084 0.0659483 0.0913920 0.0741894 0.0871166 0.0582388 0.0773298 0.1127865 0.0736548 0.0706185 0.0836350 0.0655811 
S0558         0.1923165 0.0450051 0.0967292 0.1045485 0.1195009 0.0372597 0.1128462 0.1046063 0.0763382 0.0477426 0.0623139 0.1019567 0.1195428 0.1268562 0.1103762 0.0823986 0.1176374 0.1384417 0.1133936 0.0799541 0.0345361 0.0370972 0.1314737 0.0735639 0.1045439 0.0835791 0.0886429 0.0954635 0.0855554 0.0000000 0.1106333 0.1111989 0.0534631 0.0538476 0.1055815 0.0822598 0.0852938 0.0697560 0.0319923 0.1007595 0.1129038 0.1703803 0.0730982 0.1132245 0.1035820 0.0506912 0.0915189 0.0829535 0.0397352 0.0826443 0.0846487 0.0822120 0.1034725 0.0908354 0.1057131 0.0857673 0.0849462 0.0866516 0.1066675 0.0856927 0.0940236 0.0881220 0.0949490 0.0665943 0.1078908 0.1630747 0.1169749 0.0897808 0.1016551 0.0914618 0.0924838 0.1729442 0.0905282 1.0141530 0.0919227 0.1077151 0.1059419 0.1024884 0.0530307 0.0815213 0.1611149 0.0397352 0.0563216 0.1048742 0.0862361 0.0863823 0.1168430 0.0916876 0.1067479 0.0921648 0.1151188 0.1032229 0.0424794 0.1062344 0.1237132 0.0730153 0.0398973 0.0484560 0.0472112 0.1073184 0.0505234 0.0808032 0.0828357 0.0880380 0.0977936 0.0563506 0.0846487 0.1109944 0.0979342 0.1212234 0.0948455 0.0925538 0.0399091 0.1077688 0.0586223 0.1026493 0.0371096 0.0650114 0.1181749 0.0943932 0.0921461 0.0777042 0.1008454 0.1179537 0.0786687 0.0928711 0.0765896 0.0855633 
