38
S0292      0.0000000 0.1564801 0.0598077 0.0750559 0.0881848 0.0949671 0.0800146 0.0905362 0.0652474 0.0724061 0.0597667 0.0609545 0.0792773 0.1305304 0.0728637 0.0837574 0.0724105 0.1368721 0.0645114 0.1008037 0.1541684 0.0724105 0.0324914 0.0522905 0.0644980 0.1298799 0.0864232 0.0578126 0.0913604 0.0534217 0.0689321 0.1725629 0.0835029 0.0714116 0.0630057 0.0522905 0.0951864 0.0598532 
S0299      0.1564801 0.0000000 0.1136405 0.1287713 0.1331639 0.1526972 0.1344764 0.1485014 0.1463921 0.1419215 0.1344952 0.1519486 0.1432542 0.0382965 0.1977246 0.1561095 0.1343710 0.0888368 0.1639113 0.1439719 0.1237963 0.1343710 0.1388402 0.1121903 0.1639166 0.0525556 0.1637361 0.1357724 0.1597115 0.1291788 0.1153033 0.1412364 0.1297772 0.1239944 0.1291646 0.1121903 0.1334776 0.0978585 
S0335      0.0598077 0.1136405 0.0000000 0.0527541 0.0887550 0.0805428 0.0667545 0.0567184 0.0790003 0.0938759 0.0595095 0.0771757 0.0735434 0.1681394 0.1031992 0.0625138 0.0667077 0.1176513 0.0877995 0.0671770 0.1360199 0.0667077 0.0599686 0.0448964 0.0877860 0.1127834 0.0806377 0.0665311 0.0598734 0.0404718 0.0106188 0.1536705 0.0859490 0.0799440 0.0477440 0.0448964 0.0804406 0.0519737 
S0689      0.0750559 0.1287713 0.0527541 0.0000000 0.0667169 0.1150682 0.0810190 0.0730034 0.0927460 0.1087738 0.0756573 0.1020011 0.0734273 0.2089747 0.0907515 0.0874028 0.0665917 0.1339185 0.0659896 0.0750523 0.1423608 0.0665917 0.0752667 0.0528866 0.0659759 0.1084931 0.0742002 0.0462930 0.0530345 0.0624084 0.0613626 0.1608885 0.0961157 0.0753502 0.0549910 0.0528866 0.0995617 0.0470538 
S0742      0.0881848 0.1331639 0.0887550 0.0667169 0.0000000 0.1057796 0.1089642 0.0978207 0.1226953 0.1398270 0.1072388 0.1161416 0.1007228 0.1782724 0.0977702 0.1175282 0.0934375 0.1525002 0.0785422 0.0984609 0.1494834 0.0934375 0.0972084 0.0890739 0.0785285 0.1101800 0.1018477 0.0714702 0.0892731 0.0899109 0.0997586 0.1681094 0.1097610 0.1120289 0.0922538 0.0890739 0.1067714 0.0911046 
S0748      0.0949671 0.1526972 0.0805428 0.1150682 0.1057796 0.0000000 0.0747581 0.0875528 0.1256392 0.1333502 0.0984893 0.1076090 0.0967740 0.1511581 0.0702914 0.1330570 0.0894586 0.1483308 0.0947419 0.1159022 0.1162046 0.0894586 0.1035321 0.0665074 0.0947290 0.1117319 0.1021243 0.0871469 0.1167637 0.0821362 0.0983350 0.1326866 0.1080648 0.0940383 0.0918839 0.0665074 0.1036940 0.0820415 
S0763      0.0800146 0.1344764 0.0667545 0.0810190 0.1089642 0.0747581 0.0000000 0.0728167 0.0699913 0.1003622 0.0687672 0.0835404 0.0157245 0.1303162 0.1064210 0.0766946 0.0103739 0.1071975 0.0572615 0.0819143 0.1178252 0.0103739 0.0528714 0.0529584 0.0701397 0.1040117 0.0636245 0.0386987 0.0821126 0.0471628 0.0763144 0.1178349 0.0841884 0.0589743 0.0473965 0.0529584 0.0665415 0.0606178 
S0770      0.0905362 0.1485014 0.0567184 0.0730034 0.0978207 0.0875528 0.0728167 0.0000000 0.0940966 0.1300233 0.0739950 0.0862418 0.0801999 0.1746499 0.1331151 0.0837500 0.0727619 0.1263225 0.1137090 0.0282553 0.1386167 0.0727619 0.0746571 0.0568758 0.1019470 0.1267128 0.0940523 0.0891236 0.0814664 0.0441478 0.0660759 0.1574168 0.0900397 0.0810716 0.0226023 0.0568758 0.1033482 0.0581608 
S0960      0.0652474 0.1463921 0.0790003 0.0927460 0.1226953 0.1256392 0.0699913 0.0940966 0.0000000 0.0332892 0.0784045 0.0885821 0.0693144 0.1395427 0.0982300 0.0935931 0.0623959 0.1324999 0.0868456 0.1045977 0.1603492 0.0623959 0.0453992 0.0698725 0.0728535 0.1207953 0.0770112 0.0658259 0.1107401 0.0714917 0.0898368 0.1795405 0.0602711 0.0908624 0.0652648 0.0698725 0.0836209 0.0785909 
S1129sl    0.0724061 0.1419215 0.0938759 0.1087738 0.1398270 0.1333502 0.1003622 0.1300233 0.0332892 0.0000000 0.0936571 0.1038177 0.0994284 0.2014863 0.1141750 0.1095767 0.0918863 0.1869635 0.1017616 0.1395785 0.1801654 0.0918863 0.0787625 0.0845590 0.0871555 0.1382308 0.0920429 0.0797746 0.1278581 0.0865458 0.0952341 0.1801524 0.0741905 0.1063536 0.0962226 0.0845590 0.0990025 0.0939440 
S1201sl    0.0597667 0.1344952 0.0595095 0.0756573 0.1072388 0.0984893 0.0687672 0.0739950 0.0784045 0.0936571 0.0000000 0.0790200 0.0681047 0.1094224 0.0875194 0.0786882 0.0612506 0.1423586 0.0823875 0.0845208 0.1304524 0.0612506 0.0469156 0.0275247 0.0823734 0.1070085 0.0752033 0.0610767 0.0921481 0.0421478 0.0685592 0.1481781 0.0801714 0.0603758 0.0488338 0.0275247 0.0749723 0.0339774 
S1214sl    0.0609545 0.1519486 0.0771757 0.1020011 0.1161416 0.1076090 0.0835404 0.0862418 0.0885821 0.1038177 0.0790200 0.0000000 0.0907830 0.1852751 0.1180747 0.0875039 0.0834802 0.1648017 0.0748883 0.0963418 0.1604953 0.0834802 0.0611194 0.0619845 0.0655811 0.1428263 0.0879361 0.0677230 0.1113364 0.0559753 0.0876871 0.1794624 0.0808533 0.0823003 0.0600140 0.0619845 0.0886925 0.0702500 
S1227      0.0792773 0.1432542 0.0735434 0.0734273 0.1007228 0.0967740 0.0157245 0.0801999 0.0693144 0.0994284 0.0681047 0.0907830 0.0000000 0.1489150 0.1054514 0.0689997 0.0050977 0.1160159 0.0506350 0.0748203 0.1342664 0.0050977 0.0523702 0.0462312 0.0631728 0.1118627 0.0568297 0.0325897 0.0965955 0.0535933 0.0835080 0.1342719 0.0915886 0.0521286 0.0537868 0.0462312 0.0597963 0.0535589 
S1250sl    0.1305304 0.0382965 0.1681394 0.2089747 0.1782724 0.1511581 0.1303162 0.1746499 0.1395427 0.2014863 0.1094224 0.1852751 0.1489150 0.0000000 0.2083429 0.2398798 0.1303162 0.0129884 0.1953619 0.1976387 0.0734481 0.1303162 0.0942665 0.1094224 0.1954063 0.0665280 0.2167059 0.1745911 0.2372449 0.1604692 0.1681394 0.1057729 0.1977323 0.1286711 0.1628402 0.1094224 0.1494474 0.1125167 
S1260      0.0728637 0.1977246 0.1031992 0.0907515 0.0977702 0.0702914 0.1064210 0.1331151 0.0982300 0.1141750 0.0875194 0.1180747 0.1054514 0.2083429 0.0000000 0.1440630 0.0978829 0.1641294 0.0866331 0.1315095 0.1598595 0.0978829 0.0950901 0.0785087 0.0866197 0.1291947 0.1066738 0.0792847 0.1083084 0.1046216 0.1156771 0.1789647 0.1124297 0.1253336 0.0892673 0.0785087 0.1177457 0.1033886 
S1332      0.0837574 0.1561095 0.0625138 0.0874028 0.1175282 0.1330570 0.0766946 0.0837500 0.0935931 0.1095767 0.0786882 0.0875039 0.0689997 0.2398798 0.1440630 0.0000000 0.0620488 0.1455727 0.0984658 0.1047298 0.1703346 0.0620488 0.0759559 0.0549033 0.0984530 0.1295445 0.0908830 0.0681822 0.1134634 0.0338269 0.0721505 0.1899577 0.1014911 0.0478452 0.0818936 0.0549033 0.0998461 0.0629216 
S1370      0.0724105 0.1343710 0.0667077 0.0665917 0.0934375 0.0894586 0.0103739 0.0727619 0.0623959 0.0918863 0.0612506 0.0834802 0.0050977 0.1303162 0.0978829 0.0620488 0.0000000 0.1071083 0.0445476 0.0818562 0.1258331 0.0000010 0.0460545 0.0400283 0.0568424 0.1039340 0.0506230 0.0268766 0.0891807 0.0471299 0.0762588 0.1258409 0.0841266 0.0458512 0.0473636 0.0400283 0.0664948 0.0470978 
S1405      0.1368721 0.0888368 0.1176513 0.1339185 0.1525002 0.1483308 0.1071975 0.1263225 0.1324999 0.1869635 0.1423586 0.1648017 0.1160159 0.0129884 0.1641294 0.1455727 0.1071083 0.0000000 0.1375800 0.1402904 0.0892440 0.1071083 0.0996901 0.1170508 0.1572504 0.0769389 0.1570530 0.1182148 0.1805102 0.1078695 0.1326506 0.1064962 0.1458106 0.1247471 0.1241735 0.1170508 0.1172826 0.1096214 
S1460      0.0645114 0.1639113 0.0877995 0.0659896 0.0785422 0.0947419 0.0572615 0.1137090 0.0868456 0.1017616 0.0823875 0.0748883 0.0506350 0.1953619 0.0866331 0.0984658 0.0445476 0.1375800 0.0000000 0.0980722 0.1352054 0.0445476 0.0646815 0.0590956 0.0324591 0.1272421 0.0386610 0.0266782 0.0883076 0.0670228 0.0986670 0.1352107 0.0832969 0.0786668 0.0750981 0.0590956 0.0878356 0.0669852 
S1462      0.1008037 0.1439719 0.0671770 0.0750523 0.0984609 0.1159022 0.0819143 0.0282553 0.1045977 0.1395785 0.0845208 0.0963418 0.0748203 0.1976387 0.1315095 0.1047298 0.0818562 0.1402904 0.0980722 0.0000000 0.1719713 0.0818562 0.0852657 0.0673747 0.0876299 0.1230453 0.0804875 0.0902730 0.0830595 0.0633050 0.0766883 0.1915999 0.0935908 0.0997694 0.0269166 0.0673747 0.0977044 0.0688442 
S1539      0.1541684 0.1237963 0.1360199 0.1423608 0.1494834 0.1162046 0.1178252 0.1386167 0.1603492 0.1801654 0.1304524 0.1604953 0.1342664 0.0734481 0.1598595 0.1703346 0.1258331 0.0892440 0.1352054 0.1719713 0.0000000 0.1258331 0.1369094 0.1176717 0.1538101 0.1311855 0.1350185 0.1270891 0.1147385 0.1207274 0.1507022 0.0102922 0.1434622 0.1240547 0.1425893 0.1176717 0.1098940 0.1205388 
S_670      0.0724105 0.1343710 0.0667077 0.0665917 0.0934375 0.0894586 0.0103739 0.0727619 0.0623959 0.0918863 0.0612506 0.0834802 0.0050977 0.1303162 0.0978829 0.0620488 0.0000010 0.1071083 0.0445476 0.0818562 0.1258331 0.0000000 0.0460545 0.0400283 0.0568424 0.1039340 0.0506230 0.0268766 0.0891807 0.0471299 0.0762588 0.1258409 0.0841266 0.0458512 0.0473636 0.0400283 0.0664948 0.0470978 
SRR8528336 0.0324914 0.1388402 0.0599686 0.0752667 0.0972084 0.1035321 0.0528714 0.0746571 0.0453992 0.0787625 0.0469156 0.0611194 0.0523702 0.0942665 0.0950901 0.0759559 0.0460545 0.0996901 0.0646815 0.0852657 0.1369094 0.0460545 0.0000000 0.0398995 0.0646681 0.1140275 0.0726892 0.0453980 0.0916264 0.0407492 0.0691264 0.1546498 0.0757511 0.0583982 0.0492039 0.0398995 0.0809743 0.0469565 
SRR8528341 0.0522905 0.1121903 0.0448964 0.0528866 0.0890739 0.0665074 0.0529584 0.0568758 0.0698725 0.0845590 0.0275247 0.0619845 0.0462312 0.1094224 0.0785087 0.0549033 0.0400283 0.1170508 0.0590956 0.0673747 0.1176717 0.0400283 0.0398995 0.0000000 0.0590823 0.1025035 0.0526011 0.0398974 0.0741578 0.0283397 0.0527855 0.1343974 0.0768797 0.0394732 0.0345829 0.0000010 0.0659580 0.0159050 
SRR8528343 0.0644980 0.1639166 0.0877860 0.0659759 0.0785285 0.0947290 0.0701397 0.1019470 0.0728535 0.0871555 0.0823734 0.0655811 0.0631728 0.1954063 0.0866197 0.0984530 0.0568424 0.1572504 0.0324591 0.0876299 0.1538101 0.0568424 0.0646681 0.0590823 0.0000000 0.1272347 0.0388985 0.0381196 0.0740590 0.0670089 0.0986542 0.1721789 0.0753373 0.0786532 0.0657512 0.0590823 0.0805409 0.0669712 
SRR8528347 0.1298799 0.0525556 0.1127834 0.1084931 0.1101800 0.1117319 0.1040117 0.1267128 0.1207953 0.1382308 0.1070085 0.1428263 0.1118627 0.0665280 0.1291947 0.1295445 0.1039340 0.0769389 0.1272421 0.1230453 0.1311855 0.1039340 0.1140275 0.1025035 0.1272347 0.0000000 0.1270551 0.1024892 0.1371883 0.1051001 0.1259421 0.1487726 0.0896580 0.1011032 0.1090865 0.1025035 0.1026318 0.0885328 
SRR8528350 0.0864232 0.1637361 0.0806377 0.0742002 0.1018477 0.1021243 0.0636245 0.0940523 0.0770112 0.0920429 0.0752033 0.0879361 0.0568297 0.2167059 0.1066738 0.0908830 0.0506230 0.1570530 0.0386610 0.0804875 0.1350185 0.0506230 0.0726892 0.0526011 0.0388985 0.1270551 0.0000000 0.0447749 0.0976965 0.0602495 0.0910685 0.1525610 0.0842537 0.0718271 0.0591280 0.0526011 0.0735421 0.0602132 
SRR8528357 0.0578126 0.1357724 0.0665311 0.0462930 0.0714702 0.0871469 0.0386987 0.0891236 0.0658259 0.0797746 0.0610767 0.0677230 0.0325897 0.1745911 0.0792847 0.0681822 0.0268766 0.1182148 0.0266782 0.0902730 0.1270891 0.0268766 0.0453980 0.0398974 0.0381196 0.1024892 0.0447749 0.0000000 0.0669000 0.0469813 0.0760699 0.1270967 0.0680532 0.0583810 0.0544865 0.0398974 0.0732750 0.0469493 
SRR8528359 0.0913604 0.1597115 0.0598734 0.0530345 0.0892731 0.1167637 0.0821126 0.0814664 0.1107401 0.1278581 0.0921481 0.1113364 0.0965955 0.2372449 0.1083084 0.1134634 0.0891807 0.1805102 0.0883076 0.0830595 0.1147385 0.0891807 0.0916264 0.0741578 0.0740590 0.1371883 0.0976965 0.0669000 0.0000000 0.0702094 0.0690136 0.1319873 0.1055173 0.1158499 0.0623870 0.0741578 0.0884280 0.0829018 
SRR8528361 0.0534217 0.1291788 0.0404718 0.0624084 0.0899109 0.0821362 0.0471628 0.0441478 0.0714917 0.0865458 0.0421478 0.0559753 0.0535933 0.1604692 0.1046216 0.0338269 0.0471299 0.1078695 0.0670228 0.0633050 0.1207274 0.0471299 0.0407492 0.0283397 0.0670089 0.1051001 0.0602495 0.0469813 0.0702094 0.0000000 0.0484008 0.1379404 0.0706789 0.0464648 0.0432673 0.0283397 0.0674506 0.0350128 
SRR8528365 0.0689321 0.1153033 0.0106188 0.0613626 0.0997586 0.0983350 0.0763144 0.0660759 0.0898368 0.0952341 0.0685592 0.0876871 0.0835080 0.1681394 0.1156771 0.0721505 0.0762588 0.1326506 0.0986670 0.0766883 0.1507022 0.0762588 0.0691264 0.0527855 0.0986542 0.1259421 0.0910685 0.0760699 0.0690136 0.0484008 0.0000000 0.1694700 0.0973201 0.0902434 0.0561876 0.0527855 0.0908433 0.0604265 
SRR8528370 0.1725629 0.1412364 0.1536705 0.1608885 0.1681094 0.1326866 0.1178349 0.1574168 0.1795405 0.1801524 0.1481781 0.1794624 0.1342719 0.1057729 0.1789647 0.1899577 0.1258409 0.1064962 0.1352107 0.1915999 0.0102922 0.1258409 0.1546498 0.1343974 0.1721789 0.1487726 0.1525610 0.1270967 0.1319873 0.1379404 0.1694700 0.0000000 0.1621266 0.1408917 0.1608738 0.1343974 0.1263972 0.1377106 
SRR8528372 0.0835029 0.1297772 0.0859490 0.0961157 0.1097610 0.1080648 0.0841884 0.0900397 0.0602711 0.0741905 0.0801714 0.0808533 0.0915886 0.1977323 0.1124297 0.1014911 0.0841266 0.1458106 0.0832969 0.0935908 0.1434622 0.0841266 0.0757511 0.0768797 0.0753373 0.0896580 0.0842537 0.0680532 0.1055173 0.0706789 0.0973201 0.1621266 0.0000000 0.0910701 0.0771151 0.0768797 0.0916821 0.0786495 
SRR8528379 0.0714116 0.1239944 0.0799440 0.0753502 0.1120289 0.0940383 0.0589743 0.0810716 0.0908624 0.1063536 0.0603758 0.0823003 0.0521286 0.1286711 0.1253336 0.0478452 0.0458512 0.1247471 0.0786668 0.0997694 0.1240547 0.0458512 0.0583982 0.0394732 0.0786532 0.1011032 0.0718271 0.0583810 0.1158499 0.0464648 0.0902434 0.1408917 0.0910701 0.0000000 0.0692000 0.0394732 0.0797008 0.0217153 
SRR8528384 0.0630057 0.1291646 0.0477440 0.0549910 0.0922538 0.0918839 0.0473965 0.0226023 0.0652648 0.0962226 0.0488338 0.0600140 0.0537868 0.1628402 0.0892673 0.0818936 0.0473636 0.1241735 0.0750981 0.0269166 0.1425893 0.0473636 0.0492039 0.0345829 0.0657512 0.1090865 0.0591280 0.0544865 0.0623870 0.0432673 0.0561876 0.1608738 0.0771151 0.0692000 0.0000000 0.0345829 0.0745491 0.0414813 
SRR8528389 0.0522905 0.1121903 0.0448964 0.0528866 0.0890739 0.0665074 0.0529584 0.0568758 0.0698725 0.0845590 0.0275247 0.0619845 0.0462312 0.1094224 0.0785087 0.0549033 0.0400283 0.1170508 0.0590956 0.0673747 0.1176717 0.0400283 0.0398995 0.0000010 0.0590823 0.1025035 0.0526011 0.0398974 0.0741578 0.0283397 0.0527855 0.1343974 0.0768797 0.0394732 0.0345829 0.0000000 0.0659580 0.0159050 
SRR8528391 0.0951864 0.1334776 0.0804406 0.0995617 0.1067714 0.1036940 0.0665415 0.1033482 0.0836209 0.0990025 0.0749723 0.0886925 0.0597963 0.1494474 0.1177457 0.0998461 0.0664948 0.1172826 0.0878356 0.0977044 0.1098940 0.0664948 0.0809743 0.0659580 0.0805409 0.1026318 0.0735421 0.0732750 0.0884280 0.0674506 0.0908433 0.1263972 0.0916821 0.0797008 0.0745491 0.0659580 0.0000000 0.0741734 
SRR8528400 0.0598532 0.0978585 0.0519737 0.0470538 0.0911046 0.0820415 0.0606178 0.0581608 0.0785909 0.0939440 0.0339774 0.0702500 0.0535589 0.1125167 0.1033886 0.0629216 0.0470978 0.1096214 0.0669852 0.0688442 0.1205388 0.0470978 0.0469565 0.0159050 0.0669712 0.0885328 0.0602132 0.0469493 0.0829018 0.0350128 0.0604265 0.1377106 0.0786495 0.0217153 0.0414813 0.0159050 0.0741734 0.0000000 
