128
PAFTOL_019361 0.0000000 0.2115073 0.2186754 0.2190370 0.2244737 0.2140457 0.2227816 0.2298229 0.2491642 0.2509547 0.2211821 0.2150742 0.2140543 0.2111138 0.2111087 0.2254002 0.2223523 0.2288437 0.2083143 0.2119882 0.2331399 0.2369565 0.2341525 0.2137124 0.2192180 0.2355394 0.2139358 0.2185053 0.2308534 0.2683457 0.2218607 0.2100550 0.2450447 0.2262632 0.2395394 0.2496382 0.2424758 0.2184418 0.2115789 0.2228008 0.2246219 0.2215160 0.2408269 0.2167867 0.2257925 0.3034098 0.2085237 0.2255462 0.2075721 0.3276876 0.2664618 0.2420134 0.2311986 0.2245379 0.2304239 0.2102438 0.2263038 0.2148349 0.2382672 0.2370515 0.2340868 0.2310383 0.2302241 0.2321499 0.2227640 0.2146746 0.1907247 0.2659323 0.2717373 0.2284984 0.2206295 0.2214557 0.2180318 0.2629198 0.1994654 0.2201500 0.2485999 0.2368870 0.2250895 0.2318906 0.2259947 0.2250023 0.2362252 0.2361223 0.2652262 0.2304020 0.2375954 0.2425059 0.2229879 0.2188557 0.2189564 0.2302672 0.2310211 0.2163386 0.2315696 0.2110773 0.2137321 0.2488783 0.2311212 0.2611258 0.2306062 0.2336789 0.2022007 0.2028758 0.2118293 0.2245534 0.2292102 0.2340050 0.2138441 0.2302986 0.2647681 0.2125554 0.2473282 0.2189441 0.2067045 0.2254113 0.1950765 0.2100491 0.2067177 0.2179639 0.2340408 0.2287264 0.2205650 0.2765039 0.2070107 0.2040641 0.2400659 0.2025356 
S0055         0.2115073 0.0000000 0.0667663 0.0939013 0.0411051 0.0820548 0.0874980 0.0745699 0.0496950 0.0603735 0.1053380 0.0811743 0.0854721 0.0823828 0.0797443 0.0812945 0.0865998 0.0696332 0.0287237 0.0374059 0.0923650 0.0680558 0.0901731 0.0579803 0.0672526 0.0888439 0.0808032 0.0791710 0.0721965 0.0865043 0.0798105 0.0844966 0.0578685 0.0354418 0.0947034 0.0968226 0.0826992 0.0399346 0.0386888 0.0787204 0.0864019 0.1488693 0.0751579 0.0834338 0.0447238 0.0895735 0.0592992 0.0421892 0.0607008 0.1113957 0.0870618 0.0908546 0.0912746 0.1025035 0.0785620 0.0702390 0.0645294 0.0691761 0.0695776 0.0717110 0.0695398 0.0719539 0.0614614 0.0719267 0.1494606 0.0580783 0.0879462 0.0976345 0.0978490 0.1562922 0.0608367 0.1442376 0.0687196 0.0927641 0.0659915 0.0399001 0.0907006 0.1641051 0.0372586 0.0447157 0.0536245 0.0839487 0.0855481 0.0869957 0.0898116 0.1016745 0.1030803 0.0977185 0.0808385 0.0925786 0.0372199 0.0997705 0.0892035 0.0660097 0.0421690 0.0350039 0.0300422 0.1002189 0.0447666 0.0985357 0.0793915 0.0900531 0.0882407 0.0348988 0.0565911 0.1038236 0.0705596 0.0830125 0.0336481 0.0692800 0.0943160 0.0593926 0.0527599 0.0946343 0.0309128 0.0917078 0.0287519 0.0423673 0.0756162 0.0811026 0.0858630 0.0649600 0.0660419 0.1403952 0.0813411 0.0609380 0.0725203 0.0553274 
S0196sl       0.2186754 0.0667663 0.0000000 0.0762174 0.0816286 0.0917601 0.0811094 0.0915981 0.0848583 0.1026185 0.1009428 0.0867019 0.0754661 0.0880099 0.0717106 0.0886930 0.0922134 0.0847932 0.0721775 0.0800228 0.0796064 0.1007550 0.0794100 0.0100428 0.0809469 0.0669668 0.0882315 0.0622226 0.0894768 0.1210202 0.0918770 0.0759866 0.0891660 0.0704893 0.0752515 0.0858564 0.0701152 0.0721238 0.0815312 0.0418692 0.0856270 0.1550298 0.1022337 0.0861981 0.0810910 0.0774155 0.0129627 0.0723927 0.0100705 0.0790913 0.1026955 0.0515011 0.0739989 0.1012393 0.0649748 0.0676837 0.0596525 0.0803324 0.0884830 0.0805784 0.0860689 0.0935786 0.0972907 0.0282969 0.1583188 0.0686570 0.1007958 0.1049332 0.1026320 0.1627130 0.0130586 0.1407715 0.0583146 0.0997663 0.0706636 0.0851104 0.0994157 0.1734486 0.0756023 0.0817153 0.0603107 0.0699247 0.0736451 0.0754938 0.0938911 0.0752216 0.0780337 0.1070019 0.0864113 0.0841828 0.0722993 0.1032046 0.0856561 0.0761466 0.0791223 0.0708599 0.0839320 0.1097283 0.0926859 0.0764155 0.0841777 0.0983995 0.0807457 0.0674142 0.0115309 0.0752163 0.0282969 0.0737509 0.0743587 0.0328424 0.0931404 0.0651875 0.0950556 0.0904339 0.0627884 0.0667565 0.0636573 0.0721508 0.0772316 0.0753883 0.0718644 0.0740639 0.0636391 0.1459428 0.0489515 0.0602030 0.1100304 0.0569942 
S0278         0.2190370 0.0939013 0.0762174 0.0000000 0.0971352 0.1081849 0.0409308 0.1008903 0.1185642 0.1215844 0.0503668 0.1058329 0.0311317 0.1055967 0.0288524 0.0931017 0.1100902 0.1086109 0.0926249 0.0954268 0.0455689 0.1126774 0.0363666 0.0689279 0.1023945 0.0487676 0.1038634 0.0546668 0.0955283 0.1400001 0.1013236 0.0275672 0.1096947 0.1007766 0.0385980 0.0827810 0.0542760 0.0897156 0.1021692 0.0911857 0.1082921 0.1657413 0.1212470 0.1066253 0.1012473 0.1054404 0.0702787 0.1001338 0.0704199 0.1233929 0.1182789 0.1048716 0.0721374 0.1202241 0.0504182 0.0586369 0.0903145 0.0927671 0.0928064 0.0928605 0.0956797 0.0995566 0.1285908 0.0847490 0.1564631 0.0734557 0.1141565 0.1221027 0.1300068 0.1755234 0.0748496 0.1510552 0.0570055 0.1161532 0.0875154 0.1050193 0.1121733 0.1790385 0.0985927 0.1031397 0.0792327 0.0337025 0.0569131 0.0556087 0.1020379 0.0803393 0.0267759 0.1207234 0.1084520 0.1123349 0.0967433 0.1174010 0.1029089 0.0924799 0.1000129 0.0897339 0.0991073 0.1241097 0.1121518 0.0832871 0.1062467 0.1110049 0.0398978 0.0912880 0.0663529 0.0495752 0.0833327 0.0557651 0.0958493 0.0834579 0.1157883 0.0831471 0.1127908 0.0486309 0.0786112 0.0694203 0.0812735 0.0877175 0.0887602 0.0957228 0.0532145 0.0845788 0.0938249 0.1647640 0.0933851 0.0834407 0.1165150 0.0824802 
S0282         0.2244737 0.0411051 0.0816286 0.0971352 0.0000000 0.0930421 0.0984694 0.0862020 0.0321363 0.0745432 0.1118444 0.0936351 0.0960595 0.0948621 0.0890055 0.0964285 0.0992414 0.0811284 0.0145211 0.0252282 0.0974201 0.0714090 0.0965817 0.0676646 0.0677438 0.1045260 0.0931944 0.0850529 0.0856854 0.0976999 0.0924293 0.0965934 0.0678912 0.0278029 0.0982733 0.1097324 0.0876834 0.0490766 0.0215728 0.0955273 0.0990073 0.1669142 0.0829248 0.0959051 0.0323512 0.1125861 0.0676987 0.0225502 0.0691512 0.1180751 0.1060370 0.1065940 0.1055178 0.1175505 0.0862279 0.0835377 0.0732855 0.0810205 0.0844036 0.0808746 0.0843569 0.0867878 0.0842554 0.0793191 0.1596170 0.0751821 0.1029147 0.1127456 0.1173001 0.1731472 0.0693691 0.1570482 0.0860979 0.1037826 0.0775780 0.0505162 0.1033637 0.1775661 0.0203019 0.0476985 0.0706817 0.0901871 0.0933957 0.0948841 0.0985608 0.1117947 0.1110301 0.1064259 0.0961794 0.1084442 0.0275014 0.1126826 0.0975162 0.0776893 0.0249606 0.0240772 0.0453931 0.1165255 0.0527872 0.1145618 0.0913004 0.1007811 0.0974826 0.0363024 0.0678344 0.1142027 0.0779185 0.0937139 0.0157034 0.0794111 0.1132063 0.0721271 0.0387886 0.1012384 0.0372184 0.1012675 0.0339069 0.0530253 0.0862923 0.0947711 0.0937463 0.0779816 0.0734647 0.1700206 0.0876438 0.0723775 0.0915510 0.0611788 
S0288         0.2140457 0.0820548 0.0917601 0.1081849 0.0930421 0.0000000 0.1016068 0.1033283 0.1048638 0.1112743 0.1140044 0.0099513 0.0906918 0.0088192 0.0907967 0.1061053 0.0121812 0.1081305 0.0810405 0.0868905 0.0911654 0.1063367 0.0980473 0.0794288 0.0979677 0.0990848 0.0076902 0.0885209 0.0977704 0.1301449 0.0462441 0.0998915 0.1079462 0.0894699 0.1071517 0.1148368 0.0950917 0.0824725 0.0887856 0.0960023 0.0133322 0.1412867 0.1091170 0.0099002 0.0880260 0.1105537 0.0821924 0.0911261 0.0823622 0.1330844 0.1189436 0.1073356 0.1039250 0.0636466 0.0922055 0.0880302 0.0906404 0.0298477 0.0982370 0.0975138 0.0964124 0.0988680 0.1184412 0.0869450 0.1374328 0.0808761 0.0694851 0.1313665 0.1418059 0.1536992 0.0885642 0.1298182 0.0842476 0.1202916 0.0983644 0.0946693 0.1260701 0.1512831 0.0882750 0.0955540 0.0848594 0.0916251 0.0994921 0.0966532 0.0129162 0.1197835 0.1154693 0.0615267 0.0110439 0.0198243 0.0851064 0.0623913 0.1085326 0.0979852 0.0925604 0.0812585 0.0918194 0.1320009 0.1045688 0.1153382 0.1136780 0.1155075 0.0963430 0.0853304 0.0767577 0.1049199 0.0855090 0.0983022 0.0841416 0.0899312 0.1268719 0.0865965 0.1006240 0.1007109 0.0787815 0.0948868 0.0768969 0.0837743 0.0955944 0.0966014 0.0964946 0.0856418 0.0894720 0.1625882 0.0944181 0.0897864 0.1191245 0.0838914 
S0289         0.2227816 0.0874980 0.0811094 0.0409308 0.0984694 0.1016068 0.0000000 0.1046372 0.1203601 0.1103891 0.0597472 0.1022591 0.0341843 0.1016108 0.0305342 0.0961816 0.1065272 0.1006942 0.0876337 0.0965996 0.0435508 0.1071705 0.0369770 0.0714174 0.1011102 0.0513310 0.1003032 0.0527250 0.0914057 0.1315884 0.0994688 0.0318799 0.1059506 0.1022671 0.0445949 0.0810148 0.0549967 0.0850571 0.1001039 0.0939242 0.1047363 0.1552018 0.1162325 0.1030732 0.0991950 0.1187778 0.0741964 0.0980716 0.0743486 0.1308268 0.1235327 0.1048202 0.0703091 0.1164941 0.0523639 0.0553991 0.0842568 0.0921572 0.0962604 0.0866957 0.0958863 0.0983627 0.1309090 0.0858647 0.1468727 0.0715953 0.1084627 0.1270519 0.1279993 0.1631022 0.0789632 0.1438971 0.0486415 0.1151613 0.0962564 0.0964092 0.1194440 0.1658622 0.0965265 0.1010872 0.0835737 0.0342628 0.0589706 0.0563350 0.1088011 0.0712289 0.0456678 0.1203121 0.1018577 0.1140915 0.0961617 0.1146300 0.1087792 0.0944846 0.1009340 0.0847837 0.0928032 0.1283189 0.1041317 0.0786967 0.1069273 0.1135413 0.0392974 0.0891977 0.0688255 0.0504931 0.0844276 0.0577947 0.0937711 0.0859650 0.1168878 0.0803337 0.1062306 0.0509367 0.0751333 0.0659534 0.0820048 0.0892202 0.0943043 0.0955635 0.0523593 0.0849612 0.0905480 0.1707227 0.0942256 0.0820907 0.1118723 0.0850298 
S0292         0.2298229 0.0745699 0.0915981 0.1008903 0.0862020 0.1033283 0.1046372 0.0000000 0.1067328 0.1004433 0.1079662 0.1039854 0.0959803 0.1037548 0.0900683 0.0590450 0.1082190 0.1080391 0.0776789 0.0865946 0.1017583 0.1102873 0.1008578 0.0746379 0.0931343 0.1010841 0.1020367 0.0960367 0.0637837 0.1159367 0.1028595 0.0960965 0.1010876 0.0972198 0.1055466 0.1076655 0.0899211 0.0777246 0.0867199 0.0895494 0.1079600 0.1683454 0.0976699 0.1047837 0.0874610 0.0869647 0.0760121 0.0848448 0.0761666 0.1390856 0.0862156 0.0991857 0.0989151 0.1218652 0.0885449 0.0775767 0.0684647 0.0909627 0.0651644 0.0631798 0.0638231 0.0661892 0.1291427 0.0894918 0.1680651 0.0745624 0.1078051 0.0870437 0.0912910 0.1809413 0.0794177 0.1647647 0.0882128 0.0810020 0.0601757 0.0923975 0.0438032 0.1898217 0.0820506 0.0904998 0.0604378 0.0943834 0.0929105 0.0929813 0.1055438 0.1097193 0.1126240 0.1126291 0.1050867 0.1207182 0.0875867 0.1220754 0.0729212 0.0149739 0.0890272 0.0780357 0.0770045 0.0479838 0.0962293 0.1112989 0.0351288 0.0227447 0.0959496 0.0835935 0.0704795 0.1205680 0.0880527 0.0960184 0.0807254 0.0849693 0.0525632 0.0486987 0.0965807 0.0982759 0.0753988 0.0996717 0.0735944 0.0803812 0.0668640 0.0576244 0.0960714 0.0581468 0.0690013 0.1506922 0.0951540 0.0526844 0.1155154 0.0582592 
S0293         0.2491642 0.0496950 0.0848583 0.1185642 0.0321363 0.1048638 0.1203601 0.1067328 0.0000000 0.0958200 0.1302949 0.1054733 0.1134441 0.1054098 0.1092620 0.1100976 0.1092330 0.0841896 0.0244306 0.0355826 0.1201033 0.0761942 0.1236716 0.0845985 0.0771913 0.1059205 0.1051269 0.0989220 0.1045356 0.0988677 0.1131010 0.1259636 0.0831984 0.0276383 0.1130427 0.1273963 0.1058532 0.0638561 0.0321016 0.1096882 0.1067056 0.1894551 0.0862164 0.1067136 0.0447074 0.0804767 0.0864008 0.0274693 0.0866082 0.1573242 0.1162277 0.1206135 0.1158443 0.1272328 0.1076514 0.1026872 0.0958281 0.0969637 0.1056539 0.1001341 0.1014663 0.1106419 0.0941167 0.0926886 0.1922025 0.0914520 0.1249787 0.1246700 0.1283384 0.1981680 0.0866543 0.1857362 0.0923392 0.1215802 0.0854523 0.0672333 0.1230798 0.2087895 0.0305424 0.0602435 0.0836045 0.1129193 0.1133847 0.1154367 0.1072745 0.1320539 0.1299462 0.1266429 0.1071062 0.1009321 0.0337867 0.1232549 0.1032561 0.0949704 0.0350943 0.0387940 0.0600209 0.1364545 0.0685920 0.1081879 0.1069389 0.1219120 0.1172727 0.0484564 0.0847956 0.1149357 0.0926886 0.1117090 0.0260524 0.0905191 0.1200142 0.0817296 0.0549296 0.1241067 0.0464312 0.1154484 0.0452505 0.0585146 0.1003508 0.1039192 0.1139373 0.0969076 0.0999032 0.1836164 0.1076619 0.0784694 0.1033554 0.0831954 
S0294         0.2509547 0.0603735 0.1026185 0.1215844 0.0745432 0.1112743 0.1103891 0.1004433 0.0958200 0.0000000 0.1331607 0.1105005 0.1122085 0.1117390 0.1045273 0.1053153 0.1162961 0.0911400 0.0660511 0.0727065 0.1164000 0.0865749 0.1128299 0.0900451 0.0975550 0.1238061 0.1099681 0.1068492 0.0921604 0.1025926 0.1138468 0.1063891 0.0868591 0.0809836 0.1191794 0.1250326 0.1017320 0.0673882 0.0774443 0.1084934 0.1144575 0.1929093 0.0940670 0.1127585 0.0765977 0.1198341 0.0900908 0.0784299 0.0916614 0.1494511 0.1137960 0.1244482 0.1186703 0.1317063 0.0973954 0.0975696 0.0848795 0.1014483 0.0923045 0.0963720 0.0922548 0.0947138 0.0635854 0.1011322 0.1910807 0.0816011 0.1168325 0.1269313 0.1283283 0.2032298 0.0962228 0.1766133 0.0995040 0.1201799 0.0949707 0.0660775 0.1143498 0.2097708 0.0729604 0.0809187 0.0843199 0.1061029 0.1017779 0.1004401 0.1184769 0.1253392 0.1318745 0.1268866 0.1069756 0.1249083 0.0767051 0.1310064 0.1077167 0.0872292 0.0756333 0.0715929 0.0636299 0.1298585 0.0754942 0.1262211 0.1038476 0.1135895 0.1121372 0.0728322 0.0888177 0.1285485 0.0996526 0.1021268 0.0690107 0.1041270 0.1169247 0.0807027 0.0813416 0.1222911 0.0611720 0.1177588 0.0632361 0.0756826 0.0966334 0.1021533 0.1064896 0.0900901 0.0814066 0.1793768 0.1147970 0.0865791 0.1106387 0.0783445 
S0299         0.2211821 0.1053380 0.1009428 0.0503668 0.1118444 0.1140044 0.0597472 0.1079662 0.1302949 0.1331607 0.0000000 0.1116024 0.0460338 0.1113459 0.0449656 0.1038029 0.1159954 0.1116091 0.1035794 0.1067126 0.0546109 0.1170830 0.0490126 0.0842151 0.1101697 0.0637295 0.1095402 0.0632096 0.1083679 0.1407377 0.1061677 0.0490245 0.1270866 0.1218895 0.0570045 0.0972149 0.0737538 0.1009953 0.1105687 0.1032811 0.1141202 0.1746359 0.1277151 0.1123874 0.1114976 0.1245617 0.0885024 0.1068665 0.0886910 0.1397446 0.1208428 0.1126974 0.0828895 0.1187077 0.0710149 0.0712864 0.1007632 0.1044942 0.1006612 0.1073647 0.1025638 0.1050632 0.1489546 0.0992647 0.1607449 0.0842563 0.1177081 0.1345459 0.1416686 0.1829977 0.0918712 0.1637331 0.0751414 0.1300639 0.1103694 0.1140667 0.1244940 0.1913355 0.1098301 0.1053858 0.0844425 0.0461099 0.0766383 0.0766677 0.1144293 0.0929303 0.0595515 0.1326182 0.1142942 0.1309916 0.1098277 0.1205267 0.1208342 0.0985888 0.1128836 0.0995188 0.1075711 0.1341501 0.1230674 0.0932980 0.1152901 0.1167631 0.0543583 0.1011099 0.0828817 0.0676612 0.0977575 0.0768528 0.1069828 0.0995654 0.1166299 0.0921715 0.1252832 0.0640622 0.0954531 0.0801270 0.0966658 0.0992583 0.1041679 0.1059202 0.0670166 0.1000189 0.1036492 0.1648779 0.0988776 0.0999216 0.1165951 0.0931136 
S0303         0.2150742 0.0811743 0.0867019 0.1058329 0.0936351 0.0099513 0.1022591 0.1039854 0.1054733 0.1105005 0.1116024 0.0000000 0.0912553 0.0077415 0.0884665 0.1082433 0.0088578 0.1102720 0.0801523 0.0860232 0.0917347 0.1070966 0.0957180 0.0771000 0.1000106 0.0940763 0.0043937 0.0890734 0.0983904 0.1294469 0.0478054 0.0975543 0.1071603 0.0899790 0.1048191 0.1141464 0.0927628 0.0815896 0.0879215 0.0936218 0.0122610 0.1405409 0.1113900 0.0065983 0.0871656 0.1108988 0.0798644 0.0888683 0.0800297 0.1316070 0.1212235 0.1049724 0.1030399 0.0626527 0.0898761 0.0840148 0.0883133 0.0287969 0.0972009 0.0981473 0.0970239 0.0994937 0.1192436 0.0888900 0.1366746 0.0827543 0.0670283 0.1338756 0.1444352 0.1529999 0.0862188 0.1322358 0.0761373 0.1210825 0.0989836 0.0938291 0.1269008 0.1539397 0.0874135 0.0947210 0.0809104 0.0893091 0.0971631 0.0943221 0.0100340 0.1191236 0.1130708 0.0618664 0.0077301 0.0170034 0.0842354 0.0612194 0.1092314 0.0986166 0.0917160 0.0803695 0.0909661 0.1328841 0.1037707 0.1160814 0.1144183 0.1162531 0.0940178 0.0844583 0.0744266 0.1018223 0.0874407 0.0959671 0.0832626 0.0889937 0.1292865 0.0871330 0.0998065 0.0983871 0.0778937 0.0966144 0.0759934 0.0828976 0.1005214 0.0972067 0.0941663 0.0859913 0.0871383 0.1615356 0.0920717 0.0903467 0.1213828 0.0815559 
S0320         0.2140543 0.0854721 0.0754661 0.0311317 0.0960595 0.0906918 0.0341843 0.0959803 0.1134441 0.1122085 0.0460338 0.0912553 0.0000000 0.0910580 0.0203820 0.0866526 0.0953618 0.0997821 0.0841651 0.0899927 0.0326317 0.1032306 0.0275200 0.0616647 0.0969692 0.0419812 0.0894277 0.0464807 0.0878323 0.1261920 0.0869294 0.0275439 0.1003090 0.0996565 0.0372058 0.0692646 0.0484841 0.0828360 0.0933400 0.0816900 0.0936743 0.1522608 0.1105409 0.0920975 0.0925157 0.1001882 0.0655766 0.0914139 0.0657062 0.1148651 0.1125518 0.0950825 0.0618538 0.1064281 0.0447260 0.0463452 0.0793573 0.0785019 0.0879156 0.0829725 0.0879697 0.0889249 0.1301331 0.0715355 0.1476065 0.0644195 0.1013636 0.1181382 0.1210990 0.1616277 0.0713900 0.1407354 0.0486551 0.1074077 0.0839055 0.0961727 0.1100597 0.1626874 0.0899281 0.0957946 0.0730164 0.0249957 0.0510481 0.0523459 0.0862041 0.0670796 0.0381348 0.1038400 0.0938076 0.1056558 0.0895977 0.1066093 0.0975116 0.0875602 0.0941777 0.0800032 0.0891411 0.1202612 0.1016663 0.0699403 0.0997709 0.1059458 0.0310962 0.0856784 0.0630653 0.0429115 0.0701763 0.0524630 0.0872608 0.0743508 0.1090020 0.0754578 0.1036042 0.0409230 0.0747692 0.0566296 0.0773337 0.0809925 0.0836065 0.0881875 0.0461522 0.0785337 0.0826699 0.1603915 0.0818070 0.0771208 0.1044724 0.0758286 
S0322         0.2111138 0.0823828 0.0880099 0.1055967 0.0948621 0.0088192 0.1016108 0.1037548 0.1054098 0.1117390 0.1113459 0.0077415 0.0910580 0.0000000 0.0882758 0.1065438 0.0077268 0.1085747 0.0813654 0.0872418 0.0915353 0.1083940 0.0955095 0.0769358 0.0983665 0.0958314 0.0054938 0.0888801 0.0981729 0.1307064 0.0464230 0.0973407 0.1083943 0.0899263 0.1045874 0.1153198 0.0925617 0.0828037 0.0891470 0.0934140 0.0088596 0.1386235 0.1126228 0.0054825 0.0883813 0.1113937 0.0796946 0.0914959 0.0798582 0.1318430 0.1194442 0.1047365 0.1043509 0.0612173 0.0896821 0.0869453 0.0881233 0.0275575 0.0986435 0.0979253 0.0968092 0.0992742 0.1191594 0.0872966 0.1331367 0.0811997 0.0668876 0.1313720 0.1418119 0.1508986 0.0860324 0.1287327 0.0799838 0.1208037 0.0987664 0.0950572 0.1266076 0.1502197 0.0886322 0.0959439 0.0823208 0.0891176 0.0969511 0.0941171 0.0100536 0.1167738 0.1128107 0.0617669 0.0088371 0.0169955 0.0854485 0.0613203 0.1089856 0.0983951 0.0929366 0.0815847 0.0921948 0.1325714 0.1050001 0.1158197 0.1141570 0.1159905 0.0938139 0.0856744 0.0742687 0.1054630 0.0858542 0.0957575 0.0844811 0.0873975 0.1274221 0.0869454 0.1010392 0.0981725 0.0790935 0.0982006 0.0772039 0.0841109 0.0989850 0.0969945 0.0939618 0.0859881 0.0869506 0.1634064 0.0918708 0.0901506 0.1196209 0.0813815 
S0327         0.2111087 0.0797443 0.0717106 0.0288524 0.0890055 0.0907967 0.0305342 0.0900683 0.1092620 0.1045273 0.0449656 0.0884665 0.0203820 0.0882758 0.0000000 0.0880807 0.0925569 0.0955961 0.0815263 0.0873228 0.0289097 0.0968014 0.0264693 0.0604473 0.0928023 0.0387030 0.0866599 0.0452810 0.0806373 0.1233244 0.0825296 0.0240131 0.0975632 0.0938638 0.0287433 0.0691531 0.0472937 0.0743858 0.0906420 0.0804060 0.0908850 0.1465236 0.1028747 0.0893203 0.0898423 0.0944413 0.0643540 0.0887377 0.0644811 0.1174881 0.1063647 0.0923699 0.0591266 0.1050122 0.0435416 0.0424712 0.0737557 0.0775782 0.0820946 0.0786697 0.0821448 0.0817336 0.1203038 0.0757639 0.1423818 0.0590474 0.1017550 0.1131343 0.1160644 0.1573124 0.0701510 0.1317987 0.0426826 0.1012563 0.0822754 0.0902427 0.1009258 0.1582630 0.0872601 0.0898910 0.0660150 0.0239462 0.0485652 0.0473162 0.0923220 0.0698557 0.0344284 0.1024258 0.0910137 0.0960396 0.0869399 0.1051913 0.0957806 0.0816486 0.0887102 0.0773826 0.0861421 0.1138821 0.0956704 0.0644740 0.0937535 0.0970727 0.0251400 0.0815989 0.0592101 0.0350166 0.0743879 0.0487071 0.0832288 0.0717607 0.1008256 0.0699017 0.1008585 0.0374316 0.0708347 0.0580299 0.0717158 0.0756027 0.0835288 0.0850955 0.0449611 0.0715741 0.0769843 0.1474097 0.0809081 0.0728602 0.0984417 0.0702425 
S0335         0.2254002 0.0812945 0.0886930 0.0931017 0.0964285 0.1061053 0.0961816 0.0590450 0.1100976 0.1053153 0.1038029 0.1082433 0.0866526 0.1065438 0.0880807 0.0000000 0.1110273 0.1015678 0.0788655 0.0903299 0.1011326 0.1049669 0.1002427 0.0795878 0.0910529 0.0964043 0.1048123 0.0925350 0.0814117 0.1260984 0.1054841 0.0955157 0.1079840 0.0944569 0.1016264 0.1037983 0.0936925 0.0786253 0.0922404 0.0914552 0.1107608 0.1775285 0.1015139 0.1075665 0.0911784 0.0863092 0.0809698 0.0945605 0.0794324 0.1369786 0.0831896 0.1054134 0.0984618 0.1246461 0.0894639 0.0757228 0.0730755 0.0979059 0.0773550 0.0709873 0.0758425 0.0825002 0.1107100 0.0917658 0.1725147 0.0778733 0.1100532 0.0863584 0.0899960 0.1803052 0.0858174 0.1727807 0.0879591 0.0919954 0.0496805 0.0918454 0.0758299 0.1956972 0.0917116 0.0942345 0.0668933 0.0910347 0.0938181 0.0952938 0.1075852 0.1042334 0.1105686 0.1229663 0.1078781 0.1220549 0.0913094 0.1227451 0.0616826 0.0576595 0.0930981 0.0801964 0.0835967 0.0821264 0.0987446 0.1165842 0.0743427 0.0709810 0.0967543 0.0855522 0.0797897 0.1131140 0.0903269 0.0983342 0.0847418 0.0857881 0.0784992 0.0481788 0.1066561 0.0976761 0.0776899 0.0990677 0.0728517 0.0868868 0.0490863 0.0286069 0.0940826 0.0726149 0.0763688 0.1541092 0.1019831 0.0508284 0.1163607 0.0642208 
S0355         0.2223523 0.0865998 0.0922134 0.1100902 0.0992414 0.0121812 0.1065272 0.1082190 0.1092330 0.1162961 0.1159954 0.0088578 0.0953618 0.0077268 0.0925569 0.1110273 0.0000000 0.1130409 0.0855909 0.0915324 0.0958634 0.1131402 0.0998594 0.0811065 0.1027416 0.0995688 0.0043691 0.0931940 0.1025976 0.1355019 0.0503291 0.0987551 0.1129076 0.0936028 0.1090336 0.1199269 0.0968818 0.0870432 0.0934762 0.0978390 0.0122372 0.1450443 0.1171661 0.0065865 0.0926700 0.1169681 0.0838899 0.0958235 0.0840633 0.1375266 0.1210448 0.1092444 0.1087853 0.0625155 0.0939752 0.0912180 0.0923971 0.0311452 0.1030920 0.1024594 0.1012260 0.1036946 0.1236855 0.0915875 0.1411360 0.0854157 0.0654706 0.1368994 0.1475114 0.1576095 0.0903198 0.1366765 0.0847261 0.1254945 0.1031614 0.0994458 0.1313354 0.1585386 0.0929331 0.1003172 0.0865994 0.0933804 0.1013145 0.0984564 0.0129666 0.1248980 0.1174689 0.0644291 0.0099532 0.0199081 0.0897055 0.0626207 0.1105504 0.1028921 0.0972780 0.0858233 0.0965589 0.1373950 0.1094670 0.1203952 0.1187681 0.1205749 0.0981395 0.0899437 0.0784200 0.1092276 0.0901319 0.1001205 0.0887485 0.0902912 0.1322360 0.0912184 0.1054883 0.1025380 0.0832553 0.1025674 0.0813919 0.0883582 0.1034501 0.1013610 0.0982945 0.0902733 0.0912253 0.1673082 0.0962159 0.0944689 0.1242062 0.0856072 
S0376         0.2288437 0.0696332 0.0847932 0.1086109 0.0811284 0.1081305 0.1006942 0.1080391 0.0841896 0.0911400 0.1116091 0.1102720 0.0997821 0.1085747 0.0955961 0.1015678 0.1130409 0.0000000 0.0684292 0.0767025 0.1071831 0.0720753 0.1018254 0.0782964 0.0423200 0.0924352 0.1068458 0.0978904 0.0921158 0.1010384 0.1082440 0.1003353 0.0886291 0.0698340 0.1095266 0.1182551 0.0982625 0.0640933 0.0753989 0.0978746 0.1127708 0.1650787 0.0888201 0.1095857 0.0778180 0.1029799 0.0823842 0.0780700 0.0797670 0.1377463 0.1065032 0.1089184 0.1105419 0.1214615 0.0955893 0.0941903 0.0892067 0.0975518 0.0892888 0.0844625 0.0879070 0.0931855 0.0858162 0.0917168 0.1465520 0.0787881 0.1152040 0.1232203 0.1246988 0.1778747 0.0842192 0.1561993 0.0895430 0.1133674 0.0941288 0.0697713 0.1226338 0.1842470 0.0766490 0.0767937 0.0811975 0.0953593 0.1028681 0.1043828 0.1146886 0.1200975 0.1173160 0.1176841 0.1083949 0.1112603 0.0750321 0.1202487 0.1084264 0.0917903 0.0820992 0.0686942 0.0757178 0.1300568 0.0767406 0.1231879 0.1087773 0.1167157 0.1012086 0.0644985 0.0812034 0.1133098 0.0902792 0.1002782 0.0713411 0.0889521 0.1203881 0.0852343 0.0868774 0.1003328 0.0612477 0.1078383 0.0619262 0.0627422 0.0898546 0.1014115 0.0973465 0.0829119 0.0881198 0.1507727 0.1048087 0.0869747 0.0535936 0.0781209 
S0400         0.2083143 0.0287237 0.0721775 0.0926249 0.0145211 0.0810405 0.0876337 0.0776789 0.0244306 0.0660511 0.1035794 0.0801523 0.0841651 0.0813654 0.0815263 0.0788655 0.0855909 0.0684292 0.0000000 0.0157643 0.0910873 0.0625134 0.0903111 0.0580245 0.0607233 0.0945327 0.0797848 0.0764985 0.0739934 0.0884477 0.0816269 0.0903233 0.0582114 0.0186732 0.0948490 0.0972034 0.0801694 0.0389011 0.0111272 0.0819292 0.0853948 0.1563086 0.0742113 0.0824223 0.0215112 0.1013869 0.0580535 0.0144637 0.0594504 0.1083437 0.0936938 0.0941848 0.0932459 0.1060865 0.0787498 0.0720032 0.0648127 0.0681441 0.0727359 0.0735284 0.0726963 0.0750984 0.0756506 0.0692579 0.1492040 0.0639133 0.0929107 0.1062675 0.1107586 0.1640110 0.0622349 0.1499749 0.0730960 0.0947089 0.0662823 0.0388698 0.0958134 0.1701654 0.0099503 0.0374534 0.0621137 0.0840757 0.0857540 0.0872055 0.0848441 0.1037543 0.1062822 0.0982117 0.0826526 0.0946165 0.0168446 0.1033257 0.0896722 0.0678165 0.0144570 0.0146368 0.0376470 0.1056260 0.0449936 0.1019946 0.0811539 0.0904651 0.0883747 0.0276282 0.0581675 0.1097477 0.0678989 0.0860422 0.0043923 0.0693382 0.1007668 0.0609977 0.0312369 0.0919692 0.0262119 0.0919309 0.0241039 0.0450984 0.0758418 0.0828959 0.0860705 0.0666189 0.0663332 0.1573758 0.0800214 0.0612057 0.0811799 0.0530088 
S0405         0.2119882 0.0374059 0.0800228 0.0954268 0.0252282 0.0868905 0.0965996 0.0865946 0.0355826 0.0727065 0.1067126 0.0860232 0.0899927 0.0872418 0.0873228 0.0903299 0.0915324 0.0767025 0.0157643 0.0000000 0.0956001 0.0668908 0.0962670 0.0663032 0.0648007 0.0986875 0.0856246 0.0822536 0.0797262 0.0929395 0.0858846 0.0930896 0.0608884 0.0157702 0.0979467 0.1050381 0.0859475 0.0465387 0.0228947 0.0910830 0.0913201 0.1606319 0.0784533 0.0882925 0.0238952 0.1015907 0.0663367 0.0263216 0.0677822 0.1160986 0.0997330 0.1002314 0.0992513 0.1124381 0.0845033 0.0776606 0.0703238 0.0737577 0.0784575 0.0794232 0.0784142 0.0808293 0.0759181 0.0765368 0.1483854 0.0681062 0.0980993 0.1127935 0.1173500 0.1684622 0.0706590 0.1469457 0.0818879 0.0978450 0.0718263 0.0452452 0.1033810 0.1711760 0.0216038 0.0425002 0.0676906 0.0898973 0.0916185 0.0930961 0.0867807 0.1099415 0.1076759 0.1013954 0.0885417 0.0987761 0.0191861 0.1096453 0.0956645 0.0748846 0.0263091 0.0146601 0.0439291 0.1134456 0.0527361 0.1066060 0.0873149 0.0964314 0.0928587 0.0312944 0.0664695 0.1140562 0.0751457 0.0919294 0.0181297 0.0752096 0.1101179 0.0664629 0.0348725 0.0979631 0.0334448 0.0964957 0.0289411 0.0464294 0.0800875 0.0887127 0.0919607 0.0694564 0.0718831 0.1553474 0.0890758 0.0666920 0.0855686 0.0583398 
S0407sl       0.2331399 0.0923650 0.0796064 0.0455689 0.0974201 0.0911654 0.0435508 0.1017583 0.1201033 0.1164000 0.0546109 0.0917347 0.0326317 0.0915353 0.0289097 0.1011326 0.0958634 0.1071831 0.0910873 0.0956001 0.0000000 0.1058557 0.0290199 0.0678751 0.0998001 0.0485339 0.0898949 0.0478921 0.0886677 0.1309785 0.0924443 0.0315041 0.1096820 0.1023070 0.0414257 0.0856979 0.0528699 0.0882533 0.1005791 0.0870216 0.0941652 0.1515040 0.1196610 0.0925788 0.0996736 0.0955499 0.0718933 0.0985604 0.0720385 0.1137049 0.1181019 0.1008613 0.0763310 0.1109427 0.0503327 0.0572677 0.0832052 0.0827117 0.0901729 0.0879433 0.0902289 0.0926684 0.1349394 0.0822690 0.1489656 0.0679534 0.1074725 0.1223700 0.1270054 0.1591404 0.0779122 0.1333690 0.0563746 0.1159788 0.0950338 0.1034454 0.1178385 0.1618603 0.0955617 0.0996607 0.0739025 0.0289398 0.0568175 0.0555321 0.0885917 0.0877217 0.0490139 0.1066948 0.0942999 0.1002443 0.0966635 0.1111340 0.1031222 0.0917558 0.0999201 0.0868056 0.0947580 0.1234353 0.1106055 0.0820098 0.1103016 0.1135285 0.0339464 0.0868748 0.0666099 0.0229379 0.0808560 0.0556573 0.0942940 0.0838100 0.1097005 0.0820938 0.1096736 0.0505501 0.0785494 0.0706023 0.0826159 0.0837863 0.0889075 0.0979883 0.0532896 0.0837488 0.0866299 0.1484136 0.0919400 0.0852260 0.1136274 0.0810645 
S0412sl       0.2369565 0.0680558 0.1007550 0.1126774 0.0714090 0.1063367 0.1071705 0.1102873 0.0761942 0.0865749 0.1170830 0.1070966 0.1032306 0.1083940 0.0968014 0.1049669 0.1131402 0.0720753 0.0625134 0.0668908 0.1058557 0.0000000 0.1052558 0.0923537 0.0764742 0.1094616 0.1065578 0.0974130 0.0929544 0.0880908 0.1155083 0.1035540 0.0860518 0.0673204 0.1087102 0.1161046 0.1006599 0.0607494 0.0729810 0.1241139 0.1128530 0.1762186 0.0660510 0.1094688 0.0738065 0.0795771 0.0938625 0.0768391 0.0910365 0.1511707 0.1080519 0.1328917 0.1092024 0.1265262 0.0961464 0.0863913 0.0934141 0.1056351 0.0916053 0.0871461 0.0900342 0.0940987 0.1005504 0.1025513 0.1617489 0.0832467 0.1281824 0.1166979 0.1198649 0.1827359 0.0956708 0.1688399 0.0967319 0.1085180 0.0934748 0.0741607 0.1184251 0.1894443 0.0696979 0.0740743 0.0814304 0.0983564 0.1037824 0.1022850 0.1166560 0.1225314 0.1267039 0.1191895 0.1098036 0.1190360 0.0708082 0.1251932 0.1073156 0.0893631 0.0724537 0.0669435 0.0655256 0.1219614 0.0841692 0.1020011 0.1121415 0.1194079 0.1061745 0.0655491 0.0880488 0.1108344 0.1025513 0.0995298 0.0655947 0.1070688 0.1216307 0.0906890 0.0846414 0.1084992 0.0621986 0.1136461 0.0599443 0.0565856 0.0928415 0.1000895 0.1047816 0.0866413 0.0921172 0.1494630 0.1127350 0.0940600 0.0937119 0.0815932 
S0417         0.2341525 0.0901731 0.0794100 0.0363666 0.0965817 0.0980473 0.0369770 0.1008578 0.1236716 0.1128299 0.0490126 0.0957180 0.0275200 0.0955095 0.0264693 0.1002427 0.0998594 0.1018254 0.0903111 0.0962670 0.0290199 0.1052558 0.0000000 0.0646699 0.1004209 0.0419979 0.0938524 0.0478520 0.0908441 0.1353961 0.0888810 0.0277662 0.1086459 0.1057666 0.0348842 0.0765117 0.0461953 0.0846627 0.0997094 0.0848955 0.0981430 0.1486939 0.1140359 0.0965431 0.0973914 0.1051836 0.0686295 0.0977140 0.0687665 0.1179452 0.1172540 0.0985849 0.0675112 0.1130781 0.0437120 0.0529799 0.0811231 0.0834884 0.0905544 0.0829780 0.0924054 0.0948306 0.1380757 0.0816134 0.1407158 0.0658358 0.1131841 0.1214510 0.1260492 0.1596057 0.0760177 0.1371791 0.0467858 0.1056986 0.0927548 0.1010792 0.1121362 0.1623084 0.0961953 0.0969523 0.0718585 0.0133790 0.0500481 0.0487900 0.0955614 0.0785529 0.0422127 0.1074034 0.0982837 0.1099795 0.0958378 0.1117219 0.1056415 0.0938522 0.1005276 0.0860697 0.0939423 0.1272293 0.1036697 0.0730788 0.1093081 0.1125130 0.0349998 0.0861373 0.0634200 0.0383502 0.0802127 0.0487249 0.0934863 0.0803330 0.1041823 0.0813892 0.1071676 0.0423260 0.0778965 0.0622317 0.0819171 0.0858990 0.0943608 0.0971306 0.0438738 0.0831688 0.0845307 0.1574842 0.0883031 0.0844895 0.1094914 0.0789943 
S0419         0.2137124 0.0579803 0.0100428 0.0689279 0.0676646 0.0794288 0.0714174 0.0746379 0.0845985 0.0900451 0.0842151 0.0771000 0.0616647 0.0769358 0.0604473 0.0795878 0.0811065 0.0782964 0.0580245 0.0663032 0.0678751 0.0923537 0.0646699 0.0000000 0.0702331 0.0619390 0.0753850 0.0612834 0.0722757 0.1097690 0.0771114 0.0606859 0.0802972 0.0705409 0.0728903 0.0776118 0.0630068 0.0619719 0.0664144 0.0316315 0.0777904 0.1425966 0.0899524 0.0752761 0.0674278 0.0974169 0.0054618 0.0674231 0.0054713 0.0505803 0.0931744 0.0426112 0.0699797 0.0937913 0.0565299 0.0553008 0.0526240 0.0639290 0.0723174 0.0673384 0.0681338 0.0720325 0.0925820 0.0214681 0.1382468 0.0565288 0.0863731 0.0988094 0.0969688 0.1480912 0.0110922 0.1268710 0.0543499 0.0910128 0.0658887 0.0700855 0.0879070 0.1527152 0.0618030 0.0662498 0.0525924 0.0590075 0.0630343 0.0643841 0.0771610 0.0797675 0.0763320 0.0905855 0.0754181 0.0852946 0.0620433 0.0954635 0.0831965 0.0621992 0.0657440 0.0582370 0.0694186 0.0959049 0.0800643 0.0826134 0.0736173 0.0841410 0.0656113 0.0595637 0.0043721 0.0761906 0.0203033 0.0672028 0.0608393 0.0261751 0.0890037 0.0553371 0.0804319 0.0727577 0.0547996 0.0620897 0.0543105 0.0674328 0.0683207 0.0697092 0.0630160 0.0592661 0.0542738 0.1378399 0.0470478 0.0542380 0.0927249 0.0466289 
S0427         0.2192180 0.0672526 0.0809469 0.1023945 0.0677438 0.0979677 0.1011102 0.0931343 0.0771913 0.0975550 0.1101697 0.1000106 0.0969692 0.0983665 0.0928023 0.0910529 0.1027416 0.0423200 0.0607233 0.0648007 0.0998001 0.0764742 0.1004209 0.0702331 0.0000000 0.0905505 0.0966938 0.0879988 0.0861968 0.0938028 0.0974301 0.0971452 0.0874596 0.0647841 0.1050870 0.1077322 0.0942492 0.0551266 0.0677401 0.0923775 0.1025000 0.1597512 0.0778289 0.0993953 0.0699781 0.1082878 0.0742539 0.0675016 0.0716690 0.1192980 0.0974835 0.1018382 0.0975364 0.1138963 0.0899936 0.0801914 0.0783286 0.0876369 0.0848288 0.0770181 0.0834619 0.0886617 0.0963322 0.0861816 0.1544026 0.0705938 0.1100300 0.1088336 0.1148199 0.1707300 0.0773348 0.1461676 0.0919574 0.0996804 0.0811007 0.0705357 0.1101184 0.1754173 0.0645262 0.0688797 0.0712913 0.0939790 0.0971877 0.0986828 0.0974556 0.1067123 0.1138711 0.1082609 0.0996783 0.1111305 0.0671823 0.1126847 0.0950106 0.0829484 0.0728268 0.0543783 0.0746838 0.1172252 0.0757127 0.1167396 0.0983167 0.1015414 0.0983879 0.0567969 0.0730756 0.1146931 0.0847603 0.0975184 0.0635691 0.0802917 0.1108423 0.0754943 0.0816341 0.1005611 0.0536682 0.1006555 0.0542579 0.0537257 0.0824971 0.0881330 0.0945825 0.0731252 0.0772300 0.1425951 0.0946049 0.0757560 0.0538880 0.0634879 
S0428sl       0.2355394 0.0888439 0.0669668 0.0487676 0.1045260 0.0990848 0.0513310 0.1010841 0.1059205 0.1238061 0.0637295 0.0940763 0.0419812 0.0958314 0.0387030 0.0964043 0.0995688 0.0924352 0.0945327 0.0986875 0.0485339 0.1094616 0.0419979 0.0619390 0.0905505 0.0000000 0.0955776 0.0390385 0.0925527 0.1425785 0.0936225 0.0470771 0.1155530 0.0888131 0.0450603 0.0735882 0.0501660 0.0800568 0.1006191 0.0798223 0.0971467 0.1538302 0.1034676 0.0971527 0.0959246 0.0715889 0.0686319 0.0911282 0.0671248 0.1446657 0.1067321 0.0936029 0.0585979 0.1021221 0.0485485 0.0563633 0.0812295 0.0876506 0.0933846 0.0837960 0.0876843 0.0948055 0.1258352 0.0762357 0.1544819 0.0669455 0.1124072 0.1125751 0.1160780 0.1662276 0.0726614 0.1433961 0.0446523 0.0988737 0.0814327 0.1066295 0.1063647 0.1763972 0.1023561 0.1018133 0.0748787 0.0369909 0.0534488 0.0551508 0.0988731 0.0740490 0.0483852 0.1105447 0.0993863 0.0880650 0.0941741 0.1059231 0.0988892 0.0910363 0.1060707 0.0892158 0.0967227 0.1209367 0.1078235 0.0496996 0.1075711 0.1097032 0.0499735 0.0892912 0.0654039 0.0433495 0.0762357 0.0535221 0.0969214 0.0726896 0.1033386 0.0797055 0.1103254 0.0601492 0.0789008 0.0586852 0.0871648 0.0814553 0.0922395 0.0942613 0.0520209 0.0892548 0.0890969 0.1564977 0.0807087 0.0799222 0.1055312 0.0801377 
S0430         0.2139358 0.0808032 0.0882315 0.1038634 0.0931944 0.0076902 0.1003032 0.1020367 0.1051269 0.1099681 0.1095402 0.0043937 0.0894277 0.0054938 0.0866599 0.1048123 0.0043691 0.1068458 0.0797848 0.0856246 0.0898949 0.1065578 0.0938524 0.0753850 0.0966938 0.0955776 0.0000000 0.0872506 0.0964818 0.1287999 0.0450313 0.0956673 0.1066474 0.0896908 0.1028744 0.1135217 0.0909221 0.0812138 0.0875113 0.0917331 0.0099661 0.1382716 0.1108552 0.0043709 0.0867623 0.1109615 0.0781277 0.0898557 0.0782886 0.1295853 0.1176278 0.1029997 0.1026428 0.0597683 0.0880587 0.0853352 0.0865104 0.0263153 0.0969423 0.0961932 0.0951243 0.0975823 0.1187860 0.0856780 0.1344469 0.0796221 0.0653139 0.1299801 0.1404031 0.1506093 0.0844189 0.1300418 0.0802155 0.1189611 0.0970853 0.0933867 0.1247378 0.1515502 0.0870071 0.0942770 0.0807184 0.0875067 0.0952858 0.0924669 0.0071297 0.1184741 0.1109983 0.0589683 0.0054854 0.0169571 0.0838476 0.0598687 0.1072268 0.0966761 0.0912881 0.0799999 0.0905395 0.1306511 0.1032782 0.1140327 0.1123603 0.1141998 0.0921696 0.0840684 0.0727306 0.1033019 0.0842449 0.0940949 0.0828771 0.0857779 0.1255168 0.0853352 0.0993318 0.0965039 0.0775412 0.0965313 0.0756461 0.0825154 0.0972768 0.0953279 0.0923145 0.0843757 0.0853399 0.1610205 0.0902221 0.0885158 0.1178220 0.0798002 
S0478         0.2185053 0.0791710 0.0622226 0.0546668 0.0850529 0.0885209 0.0527250 0.0960367 0.0989220 0.1068492 0.0632096 0.0890734 0.0464807 0.0888801 0.0452810 0.0925350 0.0931940 0.0978904 0.0764985 0.0822536 0.0478921 0.0974130 0.0478520 0.0612834 0.0879988 0.0390385 0.0872506 0.0000000 0.0839441 0.1241855 0.0907473 0.0492294 0.0999999 0.0820361 0.0611881 0.0675436 0.0451200 0.0748578 0.0812102 0.0823806 0.0915077 0.1593196 0.0996320 0.0899302 0.0862230 0.0982981 0.0639216 0.0836609 0.0640495 0.1139094 0.1011465 0.0958920 0.0561232 0.1016194 0.0413624 0.0443513 0.0791787 0.0783624 0.0843341 0.0825024 0.0812045 0.0850442 0.1193229 0.0735652 0.1493522 0.0707921 0.0990538 0.1127968 0.1173532 0.1622073 0.0669034 0.1474070 0.0394021 0.1025005 0.0879658 0.0880707 0.1149893 0.1788007 0.0836206 0.0875339 0.0726451 0.0451715 0.0476822 0.0489786 0.0847880 0.0696606 0.0609512 0.1050735 0.0916383 0.0912302 0.0818925 0.1048253 0.1038498 0.0826605 0.0892493 0.0751445 0.0842130 0.1206898 0.0935154 0.0666650 0.1009664 0.1061490 0.0543754 0.0779191 0.0613810 0.0480714 0.0721876 0.0463997 0.0795406 0.0695046 0.1105679 0.0738611 0.1001470 0.0610930 0.0672381 0.0520427 0.0710140 0.0764196 0.0865631 0.0862728 0.0451066 0.0797613 0.0826112 0.1480822 0.0775461 0.0769102 0.1072817 0.0712454 
S0552sl       0.2308534 0.0721965 0.0894768 0.0955283 0.0856854 0.0977704 0.0914057 0.0637837 0.1045356 0.0921604 0.1083679 0.0983904 0.0878323 0.0981729 0.0806373 0.0814117 0.1025976 0.0921158 0.0739934 0.0797262 0.0886677 0.0929544 0.0908441 0.0722757 0.0861968 0.0925527 0.0964818 0.0839441 0.0000000 0.1070597 0.0971585 0.0865321 0.0892227 0.0873400 0.0959275 0.1025503 0.0862085 0.0669367 0.0829807 0.0864652 0.1023536 0.1530215 0.0949305 0.0992140 0.0775581 0.0398312 0.0749882 0.0812093 0.0751411 0.1304727 0.0642720 0.0961513 0.0905841 0.1164566 0.0820075 0.0766097 0.0636805 0.0855525 0.0180515 0.0411980 0.0145058 0.0167691 0.1095430 0.0824714 0.1586605 0.0692224 0.1125512 0.0699737 0.0754915 0.1673912 0.0794842 0.1533333 0.0843839 0.0582169 0.0718383 0.0825952 0.0795305 0.1743215 0.0810908 0.0805469 0.0675171 0.0863263 0.0863243 0.0863913 0.0924078 0.1040006 0.1040861 0.1113420 0.1009922 0.1123975 0.0807350 0.1166587 0.0905277 0.0552752 0.0839253 0.0699578 0.0685967 0.0810235 0.0823216 0.1030109 0.0725968 0.0746499 0.0877722 0.0754138 0.0710456 0.1081840 0.0810548 0.0865215 0.0770189 0.0825673 0.0865739 0.0516762 0.0924983 0.0907110 0.0661485 0.0889573 0.0669383 0.0668236 0.0782694 0.0655870 0.0848931 0.0437222 0.0722957 0.1512932 0.0861152 0.0609720 0.1020735 0.0599684 
S0558         0.2683457 0.0865043 0.1210202 0.1400001 0.0976999 0.1301449 0.1315884 0.1159367 0.0988677 0.1025926 0.1407377 0.1294469 0.1261920 0.1307064 0.1233244 0.1260984 0.1355019 0.1010384 0.0884477 0.0929395 0.1309785 0.0880908 0.1353961 0.1097690 0.0938028 0.1425785 0.1287999 0.1241855 0.1070597 0.0000000 0.1306574 0.1321790 0.0989820 0.0975482 0.1322257 0.1456404 0.1300288 0.0748256 0.0978865 0.1276433 0.1351594 0.1821384 0.0932076 0.1317041 0.1014704 0.1130760 0.1083414 0.0945620 0.1115299 0.1595876 0.1296865 0.1381177 0.1404205 0.1537024 0.1269635 0.1162750 0.1123623 0.1212738 0.1060700 0.1072217 0.1026158 0.1085331 0.1197072 0.1203455 0.1824899 0.1004464 0.1485120 0.1361763 0.1392946 0.2002070 0.1148886 0.1796102 0.1172639 0.1247654 0.1163295 0.0974655 0.1170530 0.2047906 0.0915262 0.0866704 0.1026045 0.1280853 0.1349431 0.1303096 0.1344934 0.1508085 0.1529023 0.1508643 0.1288675 0.1388379 0.0954141 0.1547568 0.1315117 0.0969701 0.0967845 0.0872049 0.0782716 0.1341170 0.1000430 0.1552129 0.1189605 0.1282521 0.1277366 0.0826176 0.1054689 0.1466463 0.1187701 0.1289981 0.0916340 0.1220265 0.1256876 0.0949447 0.1125343 0.1320264 0.0763218 0.1422372 0.0783301 0.0716925 0.1149017 0.1195169 0.1392882 0.0994585 0.1158439 0.1714145 0.1253569 0.1026500 0.1194205 0.1019057 
