129
S0055       0.0000000 0.1148793 0.2075562 0.1447801 0.0743311 0.1622531 0.2172567 0.1532190 0.0758576 0.1211361 0.2341607 0.2054735 0.1826257 0.1718533 0.1701508 0.1305291 0.1255066 0.1977100 0.1047481 0.0674797 0.0787914 0.2116977 0.0659700 0.1812311 0.1251623 0.1190268 0.1845946 0.1926911 0.1537850 0.1093280 0.1775790 0.2014072 0.0713455 0.0702416 0.2151399 0.1688136 0.1863984 0.0902198 0.0717253 0.1297564 0.2141059 0.2801694 0.0806433 0.2198486 0.1280793 0.0744082 0.1682346 0.1291214 0.0779251 0.1258154 0.1289217 0.1738175 0.1349147 0.1886937 0.1685409 0.1700863 0.1728159 0.1138801 0.1681471 0.1608572 0.1514018 0.1559388 0.1520520 0.0902891 0.1250005 0.2420290 0.1167808 0.1769237 0.1676047 0.1463863 0.1599351 0.2769589 0.1134391 0.2758640 0.1604798 0.1389146 0.1757268 0.0728057 0.1615284 0.2814243 0.0745223 0.0803115 0.1328058 0.1738792 0.1704869 0.1711008 0.1953998 0.1680526 0.2102156 0.1479489 0.1793860 0.1607265 0.0787146 0.1718792 0.1329150 0.1189063 0.0704109 0.0614860 0.0256540 0.1543033 0.0560642 0.1707444 0.1548698 0.1492443 0.1979606 0.0679457 0.1314022 0.2129273 0.1273392 0.1744853 0.0738211 0.1343135 0.1491970 0.1146278 0.0729191 0.1976149 0.0503724 0.1819309 0.0732579 0.0866674 0.1260899 0.1269710 0.1668534 0.1316159 0.1192427 0.1344292 0.1201046 0.1117752 0.1137870 
S0196sl     0.1148793 0.0000000 0.1596099 0.1108739 0.1124295 0.1242782 0.1736117 0.1109194 0.1167114 0.1797920 0.2145298 0.1544885 0.1361455 0.1352917 0.1323813 0.1133616 0.1070205 0.1365415 0.1763019 0.1031732 0.1172115 0.1732929 0.1132024 0.1144643 0.0169755 0.1863025 0.1206989 0.1173232 0.1404491 0.1325393 0.1138634 0.1516689 0.1155271 0.1133580 0.1753380 0.1058416 0.1288647 0.1011596 0.1052087 0.0627626 0.1398860 0.3076432 0.1321337 0.1536182 0.0859833 0.1068251 0.1455320 0.0180435 0.1138443 0.0168985 0.0136250 0.1624516 0.0732852 0.1116616 0.1091586 0.1023372 0.1164015 0.0686906 0.0986244 0.1481064 0.1465155 0.1396356 0.1432122 0.1645525 0.0552751 0.2404973 0.0913437 0.1237217 0.1155119 0.1410555 0.1619675 0.2719261 0.0139519 0.2909032 0.1558234 0.1096219 0.1219241 0.1325527 0.1439238 0.2886988 0.1128687 0.1344259 0.0883758 0.1073557 0.1053683 0.1034979 0.1532339 0.1016117 0.1804499 0.0889724 0.1223336 0.1069351 0.1246071 0.1138816 0.1161208 0.0763586 0.1076245 0.0927137 0.1129641 0.1337253 0.1152064 0.1274753 0.1105474 0.1032830 0.1353301 0.1229652 0.0156603 0.1661433 0.0540050 0.1138637 0.1105161 0.0657630 0.1300329 0.0789300 0.1073757 0.1422284 0.1117298 0.1165194 0.1109870 0.0904667 0.0910013 0.1130594 0.1060047 0.1198346 0.0878104 0.0488472 0.0799915 0.1764424 0.0633400 
S0278       0.2075562 0.1596099 0.0000000 0.1952999 0.1844447 0.2287843 0.0899535 0.1835185 0.1968447 0.2510654 0.0943131 0.2896511 0.0744117 0.2377330 0.1127340 0.1844358 0.1734946 0.2591950 0.2496286 0.1741853 0.1849534 0.1307436 0.2051904 0.0754180 0.1525399 0.2538999 0.2272629 0.1077024 0.2028123 0.2454810 0.2142115 0.0603843 0.1789921 0.1874055 0.0788123 0.0994677 0.1299230 0.1737436 0.1805694 0.1775545 0.2650742 0.3225286 0.2003518 0.2687865 0.1788292 0.1890896 0.2116132 0.1522268 0.1818606 0.1487272 0.1498664 0.2173290 0.1834696 0.0984568 0.2024327 0.1186286 0.0904110 0.1502155 0.2180677 0.2082509 0.2063318 0.2073473 0.2085622 0.2328058 0.1846806 0.2628250 0.1729670 0.2159236 0.2001774 0.1940107 0.2266017 0.2917601 0.1378584 0.3049774 0.2140181 0.1847152 0.2157410 0.2044069 0.2059905 0.3430289 0.1907932 0.2220717 0.1793409 0.0683331 0.1121308 0.1141048 0.2513967 0.0974530 0.0849645 0.2048966 0.2319181 0.2031605 0.1942622 0.2095441 0.1839247 0.1397420 0.1879545 0.1655735 0.1967380 0.2038621 0.1787228 0.1232962 0.1903218 0.1892643 0.0746101 0.2082596 0.1512400 0.1019032 0.1864089 0.1246069 0.1843330 0.1796092 0.1987315 0.1659601 0.1931452 0.0687840 0.1856889 0.1114416 0.1950935 0.1865100 0.1692052 0.1806652 0.1259549 0.1712438 0.1607289 0.1626398 0.1640937 0.2478320 0.1487797 
S0281       0.1447801 0.1108739 0.1952999 0.0000000 0.1411401 0.1756448 0.2283819 0.1842339 0.1534853 0.2031297 0.2193567 0.2414941 0.1695437 0.1975607 0.1987015 0.1605332 0.1396891 0.2292128 0.1834520 0.1381787 0.1465836 0.2520387 0.1536985 0.2025226 0.1060850 0.1911300 0.2009374 0.1948520 0.1689643 0.1743958 0.1867798 0.1924921 0.1381146 0.1431440 0.2096738 0.1815393 0.1720919 0.1404282 0.1365985 0.1009744 0.2430818 0.3176257 0.1625370 0.2487569 0.1638521 0.1456723 0.1636752 0.1080579 0.1410454 0.1079683 0.1080154 0.1865540 0.1107727 0.1963668 0.1735699 0.1560657 0.1798651 0.1394814 0.1705077 0.1576286 0.1678064 0.1544267 0.1572674 0.1562065 0.1090803 0.2653967 0.1538684 0.1728175 0.1580070 0.1696392 0.1891873 0.3048745 0.1039322 0.2998920 0.1701532 0.1665314 0.1728348 0.1551424 0.1923062 0.3172716 0.1456255 0.1661160 0.1445015 0.1856960 0.1643447 0.1649405 0.2012921 0.1753353 0.2031520 0.1699953 0.2014338 0.1730693 0.1533000 0.1767901 0.1607718 0.1435928 0.1400247 0.1290970 0.1357407 0.1861621 0.1381046 0.1707447 0.1809270 0.1806510 0.1858824 0.1485363 0.1086204 0.1975915 0.1114816 0.1670169 0.1407050 0.1150757 0.1973100 0.1321550 0.1485243 0.1927722 0.1457471 0.1899289 0.1501018 0.1495916 0.1473916 0.1632109 0.1682820 0.1542529 0.1479086 0.1258767 0.1377590 0.1833241 0.1442703 
S0282       0.0743311 0.1124295 0.1844447 0.1411401 0.0000000 0.1633636 0.2083522 0.1435608 0.0236931 0.1418695 0.2253567 0.2223407 0.1651465 0.1846193 0.1684048 0.1253919 0.1176046 0.2123123 0.1231606 0.0118625 0.0250988 0.1868466 0.0925360 0.1680655 0.1151809 0.1365550 0.1878265 0.1760977 0.1366108 0.1167008 0.1782818 0.1991153 0.0326522 0.0207244 0.1959190 0.1548279 0.1730027 0.0854487 0.0169703 0.1209994 0.2156844 0.2877689 0.0956487 0.2246333 0.1122299 0.0251298 0.1469497 0.1157934 0.0191379 0.1137096 0.1156168 0.1651120 0.1251098 0.1739590 0.1702985 0.1666958 0.1584233 0.1050214 0.1723734 0.1414621 0.1369989 0.1381503 0.1391486 0.1047763 0.1233482 0.2468561 0.1068116 0.1784715 0.1741822 0.1358611 0.1541786 0.2784000 0.1012597 0.2775656 0.1500028 0.1331584 0.1761298 0.0751424 0.1526831 0.2876723 0.0207015 0.0783720 0.1210075 0.1605826 0.1583180 0.1656046 0.2054979 0.1597762 0.1971688 0.1572655 0.1854636 0.1646182 0.0265962 0.1736516 0.1267980 0.1125396 0.0185076 0.0157781 0.0657631 0.1424023 0.0662404 0.1674112 0.1385703 0.1421922 0.1843583 0.0671084 0.1176532 0.1997222 0.1256803 0.1675701 0.0162797 0.1311225 0.1459869 0.1048752 0.0265366 0.1820286 0.0572730 0.1695485 0.0611585 0.0846486 0.1119938 0.1238349 0.1608386 0.1131791 0.1181048 0.1261260 0.1114876 0.1315479 0.1035785 
S0288       0.1622531 0.1242782 0.2287843 0.1756448 0.1633636 0.0000000 0.2425006 0.1664538 0.1632753 0.2230559 0.3606669 0.1357349 0.1850671 0.0673310 0.2062454 0.1598113 0.1620271 0.0518363 0.2005892 0.1535165 0.1658456 0.2012328 0.1347810 0.1917481 0.1145422 0.2153576 0.0289667 0.1858263 0.1623679 0.1681550 0.1227000 0.2171221 0.1680397 0.1637607 0.2176018 0.1792886 0.2201505 0.1516384 0.1525502 0.1560203 0.0432718 0.3723131 0.1536799 0.0481828 0.1484397 0.1608086 0.1734285 0.1229281 0.1571128 0.1202846 0.1156821 0.2040198 0.1681268 0.1851006 0.1224746 0.1993678 0.1932481 0.1344760 0.0766413 0.1777931 0.1694403 0.1584105 0.1708394 0.2818390 0.1517054 0.3006561 0.1528779 0.1244437 0.0998680 0.1747867 0.2102455 0.3285180 0.1173508 0.3420936 0.1870088 0.1507030 0.1203122 0.1798065 0.2026164 0.3403563 0.1526147 0.1668477 0.1384511 0.1709667 0.1994769 0.2032838 0.0529098 0.1732620 0.2414810 0.1221932 0.0273283 0.0239879 0.1682802 0.1251522 0.1552318 0.1771555 0.1452977 0.1383681 0.1486482 0.1762101 0.1512226 0.2091769 0.1683863 0.1627442 0.1952660 0.1664198 0.1207601 0.2067605 0.1550772 0.1938332 0.1613514 0.1545664 0.1785430 0.1252915 0.1502481 0.2015919 0.1540583 0.1936942 0.1427855 0.1342867 0.1515639 0.1691268 0.2038120 0.1702943 0.1548483 0.1425191 0.1264869 0.2022066 0.1347013 
S0289       0.2172567 0.1736117 0.0899535 0.2283819 0.2083522 0.2425006 0.0000000 0.2118953 0.2227296 0.2772594 0.1348287 0.2684450 0.0934695 0.2217884 0.1218407 0.2178032 0.2243728 0.2635241 0.2584942 0.2006440 0.2123248 0.1156089 0.2162959 0.0900969 0.1776449 0.2748409 0.2347253 0.1314651 0.2119402 0.2483555 0.2252002 0.0952785 0.2057894 0.2144081 0.1162344 0.1064090 0.1529061 0.1976211 0.2077341 0.1921462 0.2787768 0.3671679 0.2127704 0.2811429 0.1925720 0.2158366 0.2160825 0.1758330 0.2138038 0.1722292 0.1734042 0.2425878 0.1977376 0.1122244 0.2168699 0.1364237 0.1049453 0.1789064 0.2323128 0.2201774 0.2230452 0.2139657 0.2174020 0.2540879 0.1929852 0.2938201 0.1921224 0.2337654 0.2155905 0.2153459 0.2433652 0.3222596 0.1641895 0.3406861 0.2321182 0.2262335 0.2335288 0.2308316 0.2314712 0.3726636 0.2175417 0.2407934 0.2012276 0.0852423 0.1385738 0.1332793 0.2546128 0.1044337 0.1126925 0.2114842 0.2353182 0.2070731 0.2147734 0.2265967 0.2173328 0.1664853 0.2146818 0.1935234 0.2096431 0.2165901 0.2001052 0.1510391 0.2151930 0.2081540 0.0872806 0.2311811 0.1741254 0.1306671 0.1947129 0.1472274 0.2120656 0.2016806 0.2163104 0.1948101 0.2140918 0.0972831 0.1984818 0.1136140 0.2179129 0.2074089 0.2000985 0.2097388 0.1501419 0.2031507 0.1879425 0.1782093 0.1954186 0.2675135 0.1669527 
S0292       0.1532190 0.1109194 0.1835185 0.1842339 0.1435608 0.1664538 0.2118953 0.0000000 0.1520684 0.2247994 0.2339606 0.2417576 0.1716358 0.1830217 0.1809015 0.1025079 0.1149804 0.2191366 0.2181209 0.1318682 0.1470951 0.2684435 0.1523575 0.1648188 0.1117639 0.2332611 0.1968008 0.1621113 0.1388724 0.1894250 0.2040680 0.1787574 0.1421532 0.1426026 0.2054295 0.1657042 0.1706610 0.1345239 0.1396734 0.1270484 0.2301908 0.3135800 0.1612671 0.2384833 0.1349196 0.1445319 0.1425227 0.1116664 0.1448022 0.1103899 0.1114970 0.1685576 0.1359731 0.1653945 0.1806295 0.1584071 0.1702620 0.1182942 0.1803158 0.1428806 0.1509339 0.1349347 0.1422748 0.2197141 0.1339234 0.2525843 0.1446262 0.1788585 0.1913246 0.1315481 0.1480989 0.2961146 0.1011914 0.2879737 0.1599579 0.1164547 0.1776578 0.1692062 0.0813437 0.3119760 0.1435492 0.1790834 0.1088273 0.1651769 0.1553003 0.1570683 0.1985663 0.1595905 0.1978556 0.1781608 0.1885211 0.1626908 0.1514796 0.1898232 0.1113807 0.0270252 0.1418073 0.1324700 0.1514960 0.0793302 0.1522827 0.1694572 0.0380761 0.0234977 0.1812177 0.1675327 0.1098596 0.2090358 0.1363428 0.1643956 0.1402771 0.1437898 0.0734401 0.1005645 0.1532041 0.1870873 0.1520355 0.1736036 0.1473832 0.1426288 0.1002480 0.1006082 0.1576016 0.1201353 0.1223464 0.1243261 0.1058619 0.2193641 0.1075372 
S0293       0.0758576 0.1167114 0.1968447 0.1534853 0.0236931 0.1632753 0.2227296 0.1520684 0.0000000 0.1453013 0.2395289 0.2177582 0.1783957 0.1846591 0.1768946 0.1297079 0.1250517 0.2144529 0.1172638 0.0170235 0.0314355 0.1978809 0.0940996 0.1805417 0.1206686 0.1370042 0.1942097 0.1841157 0.1466136 0.1231503 0.1846738 0.2081943 0.0375157 0.0269297 0.2114086 0.1639120 0.1861179 0.0921803 0.0237920 0.1274004 0.2249476 0.2928542 0.0944567 0.2329808 0.1155009 0.0313708 0.1550242 0.1212816 0.0259805 0.1180231 0.1199710 0.1664935 0.1316172 0.1871472 0.1732182 0.1727033 0.1688779 0.1110618 0.1745150 0.1491977 0.1446090 0.1457929 0.1468631 0.1032256 0.1255162 0.2554352 0.1100183 0.1832718 0.1833929 0.1399192 0.1611675 0.2863415 0.1054565 0.2816748 0.1554254 0.1366680 0.1808796 0.0813035 0.1616291 0.2883002 0.0261064 0.0865754 0.1295869 0.1752515 0.1697355 0.1734144 0.2038674 0.1691361 0.2085588 0.1585663 0.1918285 0.1671929 0.0337238 0.1766350 0.1302233 0.1169103 0.0238940 0.0219177 0.0671128 0.1515205 0.0749734 0.1710263 0.1474315 0.1491763 0.1981809 0.0749318 0.1210257 0.2121350 0.1278828 0.1814250 0.0200311 0.1357567 0.1521963 0.1078814 0.0312607 0.1966677 0.0603751 0.1780388 0.0677334 0.0863556 0.1201942 0.1281060 0.1696066 0.1158808 0.1231837 0.1327002 0.1164788 0.1331516 0.1096335 
S0294       0.1211361 0.1797920 0.2510654 0.2031297 0.1418695 0.2230559 0.2772594 0.2247994 0.1453013 0.0000000 0.2605476 0.3034394 0.2384349 0.2285422 0.2100198 0.2013484 0.1893291 0.2674991 0.1306943 0.1342364 0.1453091 0.2206676 0.1318464 0.2371457 0.1949819 0.1534590 0.2562195 0.2571778 0.2012432 0.1583854 0.2410311 0.2543093 0.1304268 0.1403375 0.2605529 0.2232993 0.2328611 0.1456504 0.1384330 0.1840485 0.2834108 0.3153790 0.1434128 0.2913250 0.1812427 0.1403385 0.2193228 0.1944115 0.1426851 0.1940486 0.1940880 0.2174264 0.1922162 0.2470119 0.2415808 0.2186431 0.2150010 0.1815663 0.2448245 0.2153024 0.1996228 0.2088611 0.2023039 0.1022832 0.1915862 0.2818141 0.1668605 0.2485630 0.2296919 0.2092226 0.2152108 0.3071376 0.1745016 0.3107641 0.2225525 0.2043742 0.2498470 0.1319322 0.2227357 0.3087756 0.1400958 0.1337785 0.2010587 0.2292356 0.2229999 0.2283655 0.2529746 0.2088868 0.2716827 0.2233111 0.2519945 0.2212039 0.1468504 0.2427552 0.1912531 0.1891558 0.1373368 0.1220204 0.1135095 0.2095532 0.1141693 0.2019456 0.2209874 0.2259609 0.2383679 0.1286764 0.1989841 0.2463694 0.1919669 0.2233680 0.1416124 0.2034139 0.2180755 0.1782599 0.1379502 0.2434222 0.1120581 0.2314710 0.1275870 0.1390695 0.1828389 0.1917508 0.2302037 0.1828959 0.1960657 0.2023010 0.1868360 0.1435100 0.1865057 
S0299       0.2341607 0.2145298 0.0943131 0.2193567 0.2253567 0.3606669 0.1348287 0.2339606 0.2395289 0.2605476 0.0000000 0.2217503 0.1104379 0.3642395 0.1435414 0.2251967 0.2212616 0.3291623 0.2578028 0.2204304 0.2263796 0.1183660 0.2289210 0.1175253 0.1912561 0.2599980 0.2973086 0.1563918 0.2241955 0.2672797 0.2565154 0.1163300 0.2245176 0.2301455 0.1144230 0.1349894 0.1516985 0.2137267 0.2226402 0.2050105 0.3513027 0.3067812 0.2394173 0.3320194 0.2126291 0.2317900 0.2354385 0.1876372 0.2244270 0.1861200 0.1857837 0.2422789 0.2151167 0.1431194 0.2509717 0.1367624 0.1123460 0.1912792 0.2653273 0.2302834 0.2205516 0.2299874 0.2345943 0.2086882 0.2176141 0.2742991 0.1997922 0.2578482 0.2554211 0.2227606 0.2420971 0.2843416 0.1651560 0.2976437 0.2284501 0.2327505 0.2596117 0.2413105 0.2320452 0.3252747 0.2390157 0.2683356 0.2125932 0.1027984 0.1411212 0.1393245 0.3175378 0.1333701 0.1020946 0.2416038 0.2984115 0.2653827 0.2381488 0.2533023 0.2401141 0.1729746 0.2358101 0.2130453 0.2171205 0.2553228 0.2156933 0.1609387 0.2337915 0.2265676 0.1093384 0.2452713 0.1899148 0.1265189 0.2179188 0.1453576 0.2278763 0.2172078 0.2311798 0.2114503 0.2321594 0.0996514 0.2192360 0.1426874 0.2393756 0.2377588 0.2197244 0.2219348 0.1613316 0.2029144 0.1957315 0.2054838 0.2104630 0.2627104 0.1890948 
S0303       0.2054735 0.1544885 0.2896511 0.2414941 0.2223407 0.1357349 0.2684450 0.2417576 0.2177582 0.3034394 0.2217503 0.0000000 0.2779774 0.0766952 0.2337015 0.2356503 0.1984190 0.1709681 0.2383554 0.2066631 0.2365645 0.2962061 0.2186950 0.2332305 0.1460226 0.2508032 0.0778118 0.2259273 0.2533251 0.2544774 0.2044397 0.2514205 0.2041024 0.2253851 0.2839767 0.2197050 0.2712171 0.2355841 0.2250060 0.1842730 0.1157141 0.4468766 0.2390578 0.1378677 0.2254092 0.2261570 0.2605499 0.1563784 0.2281309 0.1443130 0.1447182 0.2710947 0.2112172 0.2273979 0.1996836 0.2375509 0.2234246 0.1779728 0.1760624 0.2697368 0.2500049 0.2378628 0.2497404 0.3089891 0.1789032 0.4501035 0.2363498 0.1930065 0.1656549 0.2389083 0.2802122 0.4561298 0.1489221 0.4089035 0.2693346 0.2129540 0.1927526 0.2190209 0.2619660 0.3735586 0.2197554 0.2105816 0.2043059 0.2136172 0.2361708 0.2284384 0.2651277 0.2054497 0.2910400 0.1712596 0.0929811 0.1723375 0.2380057 0.2028914 0.2054820 0.2336083 0.2239525 0.1949612 0.2009697 0.2536756 0.2140570 0.2242770 0.2288597 0.2314606 0.2273069 0.2057020 0.1500418 0.3074880 0.1839470 0.2417318 0.2248881 0.1929588 0.2331948 0.1813456 0.2159856 0.2557478 0.1779414 0.2360214 0.2011979 0.2100552 0.1885598 0.2148355 0.2351717 0.2371225 0.1936485 0.1770248 0.1969086 0.2534601 0.1661740 
S0320       0.1826257 0.1361455 0.0744117 0.1695437 0.1651465 0.1850671 0.0934695 0.1716358 0.1783957 0.2384349 0.1104379 0.2779774 0.0000000 0.1962099 0.0941653 0.1713464 0.1651147 0.2299568 0.2189265 0.1561613 0.1685665 0.0772390 0.1846694 0.0750898 0.1317473 0.2348878 0.2058059 0.1119805 0.1861431 0.2058697 0.2017064 0.0877502 0.1655083 0.1723823 0.0920121 0.0896270 0.1273481 0.1543337 0.1634670 0.1525346 0.2468976 0.3076232 0.1758725 0.2521859 0.1620275 0.1711387 0.1931084 0.1303047 0.1625633 0.1278171 0.1278840 0.1993889 0.1564805 0.0963723 0.1823464 0.1100747 0.0962052 0.1404378 0.1961639 0.1904111 0.1968576 0.1841987 0.1908090 0.2108745 0.1571407 0.2538717 0.1553752 0.1946338 0.1878894 0.1821856 0.2118529 0.2770383 0.1162938 0.2847972 0.2064730 0.1719862 0.1945697 0.1851983 0.2019699 0.3250280 0.1701233 0.1977346 0.1573454 0.0696974 0.1111838 0.1090683 0.2164873 0.0899720 0.0928276 0.1809919 0.2019782 0.1720039 0.1743855 0.1868857 0.1617496 0.1310645 0.1672253 0.1477202 0.1729697 0.1781549 0.1585414 0.1163349 0.1783313 0.1723780 0.0525645 0.1843020 0.1303791 0.1085168 0.1587499 0.1224965 0.1635612 0.1642844 0.1791993 0.1442121 0.1726268 0.0852238 0.1601324 0.0924244 0.1729442 0.1652173 0.1502566 0.1629352 0.1219875 0.1604205 0.1429318 0.1373773 0.1439509 0.2300678 0.1321339 
S0322       0.1718533 0.1352917 0.2377330 0.1975607 0.1846193 0.0673310 0.2217884 0.1830217 0.1846591 0.2285422 0.3642395 0.0766952 0.1962099 0.0000000 0.2177023 0.1735709 0.1942568 0.0612185 0.2345415 0.1731677 0.1865146 0.0000010 0.1971731 0.1998831 0.1448456 0.2561221 0.0466506 0.2134982 0.1717726 0.2088807 0.1527564 0.2192431 0.1795393 0.1838214 0.2361526 0.1842066 0.2247557 0.1840237 0.1774575 0.1539650 0.0461447 0.3936700 0.1942505 0.0716954 0.1539302 0.1824624 0.1905259 0.1470523 0.1824115 0.1439879 0.1465755 0.1825062 0.1520150 0.1963806 0.1413682 0.1911968 0.1801545 0.1443383 0.0861943 0.1903166 0.1936475 0.1737718 0.1802729 0.2105297 0.1620276 0.2649110 0.1638588 0.1626771 0.1401652 0.1676187 0.2005467 0.3104891 0.1273749 0.3448416 0.2063826 0.1601447 0.1593382 0.2096392 0.1944233 0.3337052 0.1796207 0.2107543 0.1550073 0.1824821 0.1915686 0.1949396 0.0589624 0.1865452 0.2349736 0.1340564 0.0364064 0.0346311 0.1858894 0.1466504 0.1797455 0.1441347 0.1759983 0.1495015 0.1571683 0.1788069 0.1864344 0.2406722 0.1787605 0.1874555 0.2026119 0.2128393 0.1523308 0.2293899 0.1654453 0.1967297 0.1856431 0.1646530 0.1810713 0.1408144 0.1850826 0.2205119 0.1757291 0.2195944 0.1783178 0.1941409 0.1398164 0.1697359 0.1901761 0.1611013 0.1490012 0.1532538 0.1369903 0.2133287 0.1412726 
S0327       0.1701508 0.1323813 0.1127340 0.1987015 0.1684048 0.2062454 0.1218407 0.1809015 0.1768946 0.2100198 0.1435414 0.2337015 0.0941653 0.2177023 0.0000000 0.1818720 0.1887728 0.2350016 0.2142988 0.1569047 0.1708643 0.1221318 0.1732559 0.0792947 0.1321124 0.2273966 0.2094278 0.1095691 0.2108524 0.2132369 0.2000233 0.1061914 0.1628552 0.1731445 0.1214642 0.0736257 0.1186731 0.1629015 0.1664597 0.1669227 0.2457471 0.2949944 0.1733808 0.2453371 0.1554998 0.1698452 0.2169959 0.1306284 0.1692127 0.1285909 0.1294731 0.2346083 0.1696809 0.0771014 0.1819762 0.1081097 0.0752261 0.1383582 0.2001969 0.2152373 0.2231627 0.2120597 0.2181596 0.1866339 0.1520533 0.2320885 0.1518825 0.2035121 0.1930570 0.1962757 0.2170304 0.2653558 0.1181994 0.2796433 0.2264383 0.1795097 0.2034390 0.1875345 0.2120726 0.2961059 0.1710184 0.1997283 0.1777971 0.0741105 0.1100950 0.1138082 0.2381300 0.0735267 0.1293167 0.1769979 0.2085375 0.1874211 0.1737744 0.1861390 0.1838428 0.1382272 0.1683557 0.1475481 0.1633893 0.1985975 0.1545098 0.1145311 0.1867399 0.1793985 0.0954131 0.1814381 0.1338093 0.1205186 0.1535300 0.1201119 0.1686903 0.1686311 0.1946591 0.1578405 0.1695617 0.0990323 0.1559524 0.0871909 0.1751352 0.1652798 0.1660089 0.1785419 0.1199193 0.1838532 0.1407337 0.1445288 0.1586163 0.2259607 0.1335113 
S0335       0.1305291 0.1133616 0.1844358 0.1605332 0.1253919 0.1598113 0.2178032 0.1025079 0.1297079 0.2013484 0.2251967 0.2356503 0.1713464 0.1735709 0.1818720 0.0000000 0.0465795 0.1936185 0.1854140 0.1167778 0.1273286 0.2079856 0.1308007 0.1648541 0.1048604 0.2039177 0.1710451 0.1606927 0.1294976 0.1711777 0.1748271 0.1935459 0.1246096 0.1239504 0.2071518 0.1619511 0.1762049 0.1243014 0.1235213 0.1264422 0.2044986 0.3137175 0.1461093 0.2088405 0.1151884 0.1255658 0.1328240 0.1056846 0.1274843 0.1044240 0.1034610 0.1525949 0.1328192 0.1657109 0.1628505 0.1457085 0.1739490 0.0897910 0.1560956 0.1344420 0.1279013 0.1265883 0.1276459 0.1410793 0.1249644 0.2506472 0.1199409 0.1719326 0.1565602 0.1318077 0.1481509 0.3076082 0.0947724 0.2982595 0.1326111 0.0755428 0.1684430 0.1512895 0.1354494 0.3099838 0.1292791 0.1580215 0.0990233 0.1562904 0.1562004 0.1530335 0.1772347 0.1538871 0.2052840 0.1538401 0.1668048 0.1451533 0.1302196 0.1661515 0.0601949 0.0865682 0.1265735 0.1142597 0.1253763 0.1254050 0.1363694 0.1582653 0.1061829 0.1048009 0.1799000 0.1412593 0.1055467 0.2071401 0.1273349 0.1578645 0.1230329 0.1367709 0.1224505 0.0590052 0.1326840 0.1855288 0.1312866 0.1709708 0.1269745 0.1287145 0.0541538 0.0365594 0.1560197 0.0973270 0.0956467 0.1139333 0.0620766 0.1916143 0.0837106 
S0345       0.1255066 0.1070205 0.1734946 0.1396891 0.1176046 0.1620271 0.2243728 0.1149804 0.1250517 0.1893291 0.2212616 0.1984190 0.1651147 0.1942568 0.1887728 0.0465795 0.0000000 0.2093965 0.1724663 0.1073792 0.1223195 0.2117736 0.1312667 0.1598659 0.1086791 0.1884667 0.1815791 0.1615333 0.1359210 0.1637080 0.1777945 0.1891646 0.1243379 0.1198241 0.1982871 0.1654571 0.1678595 0.1212319 0.1194806 0.1255912 0.2179254 0.3220462 0.1381023 0.2232558 0.1269131 0.1204417 0.1396670 0.1062969 0.1239795 0.1070924 0.1071543 0.1410779 0.1292403 0.1659166 0.1592425 0.1478997 0.1739537 0.0954447 0.1643857 0.1376462 0.1297097 0.1377831 0.1354672 0.1500260 0.1217585 0.2320566 0.1183932 0.1655013 0.1540154 0.1372142 0.1481877 0.2921422 0.0945308 0.3041304 0.1327892 0.0632405 0.1627227 0.1414653 0.1347146 0.3092349 0.1222063 0.1521834 0.0994946 0.1561918 0.1584391 0.1561411 0.1767601 0.1569416 0.2008461 0.1539193 0.1759262 0.1518020 0.1288573 0.1610084 0.0391191 0.0914045 0.1224993 0.1051033 0.1257465 0.1266419 0.1260314 0.1517893 0.1187522 0.1204757 0.1812264 0.1289529 0.1037521 0.2061563 0.1233616 0.1608830 0.1183312 0.1334648 0.1333052 0.0582819 0.1199945 0.1976405 0.1168955 0.1704737 0.1212097 0.1230211 0.0317727 0.0525103 0.1583406 0.0990245 0.1024004 0.1168008 0.0631767 0.1806370 0.0901323 
S0355       0.1977100 0.1365415 0.2591950 0.2292128 0.2123123 0.0518363 0.2635241 0.2191366 0.2144529 0.2674991 0.3291623 0.1709681 0.2299568 0.0612185 0.2350016 0.1936185 0.2093965 0.0000000 0.2557228 0.1959310 0.2019273 0.4882257 0.1972156 0.2261308 0.1736445 0.2821179 0.0416671 0.2326590 0.2179366 0.2359761 0.1569193 0.2518100 0.2043405 0.2040258 0.2631701 0.2309710 0.2460206 0.1953228 0.2092050 0.1848137 0.0671261 0.4046098 0.2055501 0.0754193 0.1736488 0.2141204 0.2341971 0.1729383 0.2030682 0.1745542 0.1730574 0.2415516 0.1934349 0.2307076 0.1502302 0.2173685 0.2279043 0.1708221 0.0893233 0.2417243 0.2345332 0.2288317 0.2256368 0.2695270 0.1839189 0.3187016 0.1887709 0.1577390 0.1527282 0.2104476 0.2354984 0.3682234 0.1609562 0.3756986 0.2439167 0.1959536 0.1551903 0.2323896 0.2460322 0.4003410 0.2073387 0.2309563 0.1859457 0.2205539 0.2275408 0.2227332 0.0621635 0.2125137 0.2764060 0.1368285 0.0351848 0.0276249 0.2113990 0.1534643 0.1964528 0.1793697 0.2047316 0.1906907 0.1952204 0.2295914 0.2035778 0.2589069 0.2189877 0.2134939 0.2436208 0.2240548 0.1798382 0.2869606 0.1857351 0.2338817 0.2093582 0.2041390 0.2300076 0.1648882 0.2072401 0.2551079 0.1959932 0.2357904 0.2023351 0.2001520 0.1850484 0.1963412 0.2218406 0.1993648 0.1816245 0.1805112 0.1667778 0.2609019 0.1717893 
S0376       0.1047481 0.1763019 0.2496286 0.1834520 0.1231606 0.2005892 0.2584942 0.2181209 0.1172638 0.1306943 0.2578028 0.2383554 0.2189265 0.2345415 0.2142988 0.1854140 0.1724663 0.2557228 0.0000000 0.1140554 0.1292541 0.2203936 0.1184246 0.2268619 0.1852970 0.0307500 0.2438359 0.2380418 0.1964165 0.1423694 0.2443429 0.2514081 0.1163443 0.1192831 0.2553814 0.2149323 0.2336439 0.1307872 0.1196807 0.1703098 0.2609097 0.2924082 0.1310810 0.2751154 0.1638597 0.1192487 0.2020326 0.1878113 0.1230307 0.1844657 0.1859287 0.2064514 0.1792640 0.2354450 0.2316586 0.2279084 0.2244596 0.1763612 0.2383509 0.1965425 0.1883517 0.1934806 0.1897788 0.1312606 0.1813289 0.2634391 0.1667144 0.2467348 0.2163573 0.1809906 0.1927559 0.2835637 0.1646219 0.2931909 0.2035608 0.1816758 0.2444908 0.1134852 0.2155576 0.2784170 0.1188601 0.0962021 0.1941366 0.2104317 0.2225532 0.2261495 0.2775242 0.2142458 0.2476633 0.2241241 0.2391263 0.2259560 0.1266038 0.2329605 0.1753158 0.1714861 0.1153694 0.0992155 0.0870136 0.2051022 0.1007890 0.2218657 0.2220985 0.2131403 0.2317922 0.1044485 0.1872112 0.2390673 0.1832168 0.2159112 0.1189077 0.1800136 0.2031882 0.1722539 0.1209168 0.2308992 0.0930026 0.2262589 0.1228283 0.1149405 0.1730005 0.1685599 0.2152093 0.1681993 0.1900111 0.1814820 0.1790363 0.0325580 0.1709836 
S0400       0.0674797 0.1031732 0.1741853 0.1381787 0.0118625 0.1535165 0.2006440 0.1318682 0.0170235 0.1342364 0.2204304 0.2066631 0.1561613 0.1731677 0.1569047 0.1167778 0.1073792 0.1959310 0.1140554 0.0000000 0.0199459 0.1802658 0.0826493 0.1575423 0.1061055 0.1274512 0.1741131 0.1654980 0.1298030 0.1150962 0.1706410 0.1849001 0.0265706 0.0156171 0.1869951 0.1437063 0.1646530 0.0795111 0.0133761 0.1134960 0.2039741 0.2756365 0.0875632 0.2129614 0.1009949 0.0206562 0.1384663 0.1058242 0.0155048 0.1027303 0.1056633 0.1522563 0.1175392 0.1667643 0.1621479 0.1580511 0.1516362 0.0961799 0.1617115 0.1332805 0.1309901 0.1300366 0.1309691 0.0944072 0.1116637 0.2357927 0.0957262 0.1701981 0.1641139 0.1276148 0.1457305 0.2711911 0.0914833 0.2680216 0.1416198 0.1212779 0.1678924 0.0674617 0.1428503 0.2774020 0.0155776 0.0733819 0.1099014 0.1523260 0.1502356 0.1573450 0.1950098 0.1505801 0.1860608 0.1464696 0.1717300 0.1541297 0.0214206 0.1654110 0.1163279 0.1016047 0.0134156 0.0099616 0.0588969 0.1314194 0.0619736 0.1604227 0.1266319 0.1283206 0.1774468 0.0622363 0.1066631 0.1932875 0.1139111 0.1581265 0.0112340 0.1221958 0.1338528 0.0941081 0.0220571 0.1698580 0.0492313 0.1613131 0.0554268 0.0776503 0.1016916 0.1134213 0.1516454 0.1035533 0.1048758 0.1157571 0.1023927 0.1238992 0.0920065 
S0405       0.0787914 0.1172115 0.1849534 0.1465836 0.0250988 0.1658456 0.2123248 0.1470951 0.0314355 0.1453091 0.2263796 0.2365645 0.1685665 0.1865146 0.1708643 0.1273286 0.1223195 0.2019273 0.1292541 0.0199459 0.0000000 0.2086076 0.0918185 0.1724167 0.1185699 0.1388177 0.1843616 0.1760080 0.1417602 0.1221872 0.1782627 0.1953927 0.0365230 0.0229665 0.1976090 0.1584733 0.1701477 0.0866515 0.0221744 0.1253058 0.2116947 0.2780646 0.0964630 0.2235986 0.1068710 0.0304290 0.1523719 0.1172746 0.0258740 0.1150465 0.1180708 0.1645673 0.1294708 0.1762841 0.1693803 0.1679689 0.1626674 0.1063705 0.1658694 0.1466892 0.1421986 0.1433334 0.1443746 0.1032535 0.1244375 0.2448390 0.1037201 0.1775421 0.1683140 0.1432038 0.1594867 0.2750022 0.1034445 0.2723728 0.1552679 0.1321690 0.1752036 0.0761324 0.1595209 0.2800917 0.0275084 0.0760341 0.1218939 0.1659205 0.1571951 0.1644505 0.1976843 0.1623882 0.1983331 0.1562985 0.1819943 0.1575785 0.0243720 0.1716791 0.1276352 0.1162838 0.0260497 0.0194941 0.0675140 0.1476577 0.0669774 0.1735293 0.1416540 0.1477897 0.1895313 0.0661763 0.1190040 0.1997594 0.1267793 0.1654210 0.0237168 0.1334509 0.1512991 0.1057768 0.0310858 0.1854582 0.0581808 0.1728716 0.0611787 0.0830223 0.1128270 0.1246745 0.1588356 0.1157260 0.1148951 0.1305201 0.1123119 0.1348770 0.1048419 
S0407sl     0.2116977 0.1732929 0.1307436 0.2520387 0.1868466 0.2012328 0.1156089 0.2684435 0.1978809 0.2206676 0.1183660 0.2962061 0.0772390 0.0000010 0.1221318 0.2079856 0.2117736 0.4882257 0.2203936 0.1802658 0.2086076 0.0000000 0.2426208 0.0943062 0.1679080 0.1997429 0.3191784 0.1194254 0.2370889 0.2194276 0.2502836 0.0000010 0.1840385 0.2039512 0.1161862 0.0956996 0.1687193 0.2159904 0.1841957 0.2169692 0.3029665 0.3369487 0.2177736 0.2738570 0.1843700 0.1789547 0.2383808 0.1805388 0.2016985 0.1561393 0.1607682 0.2448333 0.2575192 0.1257110 0.2492913 0.1498259 0.1006909 0.2020183 0.2834262 0.2326562 0.2436708 0.2415515 0.2325214 0.2163881 0.1945299 0.2956521 0.1728955 0.2617467 0.2470314 0.2455338 0.2940107 0.2953789 0.1853422 0.2863197 0.2606020 0.2127245 0.2683034 0.2153407 0.2874104 0.3280668 0.1958340 0.1761101 0.2265030 0.0846611 0.1489862 0.1310075 0.0000010 0.0991051 0.0971651 0.2219942 0.3298802 0.0000010 0.2006839 0.2492913 0.2311784 0.0000010 0.2015374 0.1716633 0.1920806 0.2715728 0.1749398 0.1261086 0.2712931 0.2704064 0.0908782 0.1851892 0.1608203 0.0753370 0.1945299 0.1669929 0.1839973 0.2018908 0.2636233 0.1853620 0.1748458 0.0938876 0.1725697 0.1157412 0.2210524 0.2187177 0.2227961 0.2005766 0.1509533 0.2411257 0.2002688 0.1815865 0.1854764 0.2415580 0.1869603 
S0412sl     0.0659700 0.1132024 0.2051904 0.1536985 0.0925360 0.1347810 0.2162959 0.1523575 0.0940996 0.1318464 0.2289210 0.2186950 0.1846694 0.1971731 0.1732559 0.1308007 0.1312667 0.1972156 0.1184246 0.0826493 0.0918185 0.2426208 0.0000000 0.1804552 0.1285242 0.1296031 0.1834727 0.1925037 0.1601286 0.0996073 0.1680681 0.1907624 0.0832305 0.0883708 0.2183740 0.1775226 0.1852566 0.0786606 0.0838804 0.1256362 0.2214569 0.3179753 0.0639811 0.2234266 0.1174313 0.0878235 0.1688255 0.1272062 0.0901544 0.1268226 0.1280167 0.1784127 0.1342132 0.1910321 0.1716390 0.1744315 0.1833991 0.1158757 0.1715351 0.1622227 0.1506816 0.1580898 0.1579146 0.1106536 0.1323010 0.2592558 0.1104398 0.1717731 0.1707969 0.1499037 0.1650130 0.2949372 0.1129798 0.2958015 0.1655312 0.1484657 0.1693448 0.0852800 0.1617210 0.3040880 0.0868144 0.0889999 0.1392773 0.1670125 0.1730537 0.1718947 0.2011919 0.1697834 0.2095496 0.1469953 0.1866151 0.1576674 0.0944416 0.1737714 0.1307172 0.1144708 0.0824450 0.0701094 0.0684112 0.1615380 0.0759243 0.1756711 0.1456650 0.1523118 0.1941073 0.0811741 0.1315528 0.2150175 0.1347453 0.1758056 0.0882422 0.1383170 0.1639962 0.1178709 0.0889366 0.1862579 0.0688382 0.1905662 0.0761837 0.0725080 0.1271915 0.1298414 0.1654773 0.1343081 0.1277567 0.1298316 0.1224407 0.1176554 0.1120939 
S0417       0.1812311 0.1144643 0.0754180 0.2025226 0.1680655 0.1917481 0.0900969 0.1648188 0.1805417 0.2371457 0.1175253 0.2332305 0.0750898 0.1998831 0.0792947 0.1648541 0.1598659 0.2261308 0.2268619 0.1575423 0.1724167 0.0943062 0.1804552 0.0000000 0.1229840 0.2409246 0.2014030 0.0788584 0.1906284 0.2130614 0.1948040 0.0760514 0.1649255 0.1726870 0.0977265 0.0617328 0.1047257 0.1541332 0.1643564 0.1524914 0.2370517 0.3059773 0.1848680 0.2413017 0.1474657 0.1709842 0.1947042 0.1240515 0.1694053 0.1188215 0.1206501 0.2137189 0.1575679 0.0670624 0.1798430 0.0846775 0.0667782 0.1336151 0.1926675 0.1977346 0.1996604 0.1908582 0.1912888 0.2095425 0.1537112 0.2337528 0.1443425 0.1951167 0.1788599 0.1763245 0.2056403 0.2656967 0.1146865 0.2885176 0.2024701 0.1648674 0.1938455 0.1932571 0.1889288 0.3062795 0.1711471 0.2001404 0.1559053 0.0435371 0.0945117 0.0946476 0.2298333 0.0651694 0.0925547 0.1696090 0.1973366 0.1754991 0.1760648 0.1839077 0.1670335 0.1257335 0.1711961 0.1507057 0.1745709 0.1785729 0.1648270 0.0900003 0.1717631 0.1654231 0.0719661 0.1858737 0.1249520 0.1062598 0.1552078 0.1029614 0.1666679 0.1622153 0.1674117 0.1413762 0.1740655 0.0780645 0.1597163 0.0840373 0.1655036 0.1643868 0.1505965 0.1619551 0.1032675 0.1631362 0.1374315 0.1286690 0.1421520 0.2394090 0.1263254 
S0419       0.1251623 0.0169755 0.1525399 0.1060850 0.1151809 0.1145422 0.1776449 0.1117639 0.1206686 0.1949819 0.1912561 0.1460226 0.1317473 0.1448456 0.1321124 0.1048604 0.1086791 0.1736445 0.1852970 0.1061055 0.1185699 0.1679080 0.1285242 0.1229840 0.0000000 0.1912806 0.1431764 0.1197815 0.1506509 0.1537919 0.1379113 0.1537047 0.1214760 0.1182121 0.1687207 0.1181350 0.1194628 0.1083941 0.1126374 0.0681041 0.1773171 0.2962046 0.1330110 0.1847358 0.0980800 0.1177080 0.1566760 0.0041579 0.1122885 0.0062696 0.0048560 0.1685178 0.0744410 0.1184140 0.1182591 0.1021132 0.1161477 0.0692266 0.1267941 0.1571652 0.1479306 0.1422889 0.1505250 0.1768040 0.0630499 0.2165912 0.0988933 0.1272123 0.1308105 0.1458789 0.1635973 0.2661244 0.0077925 0.2798222 0.1589527 0.1132482 0.1261643 0.1398994 0.1387062 0.2904194 0.1204896 0.1566995 0.1003368 0.1171240 0.1067883 0.1018630 0.1626224 0.1113352 0.1812870 0.1096983 0.1457110 0.1296425 0.1267190 0.1249036 0.1098747 0.0874930 0.1156591 0.1004260 0.1191553 0.1376875 0.1167194 0.1281072 0.1107022 0.1092602 0.1372561 0.1346761 0.0090794 0.1765316 0.0649152 0.1181923 0.1121231 0.0685932 0.1327858 0.0781015 0.1197652 0.1404494 0.1217969 0.1200024 0.1144195 0.1079636 0.0945099 0.1074850 0.1090208 0.1110563 0.0774738 0.0537819 0.0805957 0.1901823 0.0655077 
S0427       0.1190268 0.1863025 0.2538999 0.1911300 0.1365550 0.2153576 0.2748409 0.2332611 0.1370042 0.1534590 0.2599980 0.2508032 0.2348878 0.2561221 0.2273966 0.2039177 0.1884667 0.2821179 0.0307500 0.1274512 0.1388177 0.1997429 0.1296031 0.2409246 0.1912806 0.0000000 0.2606850 0.2604299 0.2184796 0.1484123 0.2399094 0.2741603 0.1309996 0.1374971 0.2645986 0.2317538 0.2411000 0.1330979 0.1334976 0.1893611 0.2832923 0.2982068 0.1404007 0.2947486 0.1707706 0.1322741 0.2303700 0.1935031 0.1365257 0.1905268 0.1931850 0.2298374 0.1990278 0.2516571 0.2341012 0.2307379 0.2298028 0.1896468 0.2418128 0.2194019 0.1998446 0.2160633 0.2106169 0.1210883 0.1957947 0.2701472 0.1696289 0.2427392 0.2324663 0.1974178 0.2161616 0.2941956 0.1718236 0.2878495 0.2180409 0.2021164 0.2386710 0.1218777 0.2386956 0.2876821 0.1352782 0.1116666 0.2088384 0.2313475 0.2284651 0.2286831 0.2956410 0.2336781 0.2591951 0.2167784 0.2561861 0.2412939 0.1378370 0.2371552 0.1947361 0.1984168 0.1280806 0.1152463 0.1007301 0.2219945 0.1167936 0.2286292 0.2347912 0.2335431 0.2427240 0.1146516 0.1965417 0.2646864 0.1987421 0.2285702 0.1329997 0.1897130 0.2324355 0.1831518 0.1336797 0.2420779 0.1082260 0.2435356 0.1321434 0.1207766 0.1834651 0.1869565 0.2283550 0.1877165 0.2049302 0.1965675 0.1884503 0.0375459 0.1867687 
S0430       0.1845946 0.1206989 0.2272629 0.2009374 0.1878265 0.0289667 0.2347253 0.1968008 0.1942097 0.2562195 0.2973086 0.0778118 0.2058059 0.0466506 0.2094278 0.1710451 0.1815791 0.0416671 0.2438359 0.1741131 0.1843616 0.3191784 0.1834727 0.2014030 0.1431764 0.2606850 0.0000000 0.1996894 0.1969997 0.2181085 0.1363829 0.2317119 0.1843534 0.1836674 0.2331245 0.1963381 0.2134829 0.1720816 0.1859105 0.1669978 0.0536786 0.3885648 0.1858805 0.0617233 0.1622293 0.1912593 0.2097759 0.1450978 0.1811810 0.1440006 0.1427554 0.2212108 0.1783040 0.1992541 0.1296917 0.1849102 0.1983567 0.1509971 0.0756239 0.2189396 0.2138281 0.2081449 0.2038407 0.2612164 0.1599728 0.3040929 0.1678774 0.1305393 0.1322625 0.1933096 0.2202611 0.3402558 0.1322680 0.3535031 0.2256598 0.1721665 0.1284062 0.2074396 0.2274042 0.3693766 0.1854967 0.2105846 0.1644124 0.1915982 0.1946511 0.1899211 0.0527613 0.1791842 0.2513828 0.1158548 0.0211362 0.0149926 0.1925523 0.1324250 0.1723144 0.1566572 0.1831446 0.1666452 0.1754411 0.2144609 0.1848795 0.2214986 0.1947312 0.1920295 0.2151859 0.1992377 0.1485837 0.2583811 0.1627537 0.2050138 0.1869851 0.1715599 0.2156944 0.1464682 0.1850245 0.2274301 0.1746869 0.2005509 0.1752745 0.1831398 0.1585097 0.1729105 0.1969840 0.1822725 0.1611201 0.1552802 0.1494911 0.2437968 0.1462102 
S0478       0.1926911 0.1173232 0.1077024 0.1948520 0.1760977 0.1858263 0.1314651 0.1621113 0.1841157 0.2571778 0.1563918 0.2259273 0.1119805 0.2134982 0.1095691 0.1606927 0.1615333 0.2326590 0.2380418 0.1654980 0.1760080 0.1194254 0.1925037 0.0788584 0.1197815 0.2604299 0.1996894 0.0000000 0.1969809 0.2284607 0.1956683 0.1123903 0.1713541 0.1786693 0.1354402 0.0692584 0.0953023 0.1576574 0.1703963 0.1518910 0.2373128 0.3320939 0.1934780 0.2387972 0.1415158 0.1763942 0.2042695 0.1196471 0.1740493 0.1163215 0.1162252 0.2114499 0.1598094 0.0691986 0.1758769 0.0802069 0.0830745 0.1209890 0.1954537 0.2072227 0.2025602 0.1945034 0.2006491 0.2225675 0.1475697 0.2473315 0.1466128 0.1809548 0.1735323 0.1834605 0.2143808 0.2962712 0.1123341 0.3124872 0.2113871 0.1690755 0.1808020 0.1995089 0.1874473 0.3351143 0.1775190 0.2138867 0.1557991 0.0781761 0.0865845 0.0866970 0.2236959 0.0762829 0.1361575 0.1759123 0.1999288 0.1768523 0.1833391 0.1852253 0.1648911 0.1363803 0.1771693 0.1557259 0.1880733 0.1935603 0.1795375 0.0880043 0.1672177 0.1631618 0.1124430 0.1978540 0.1195744 0.1377242 0.1501878 0.0952071 0.1725240 0.1609560 0.1831645 0.1343261 0.1788845 0.1169519 0.1786684 0.0913695 0.1744537 0.1684927 0.1479003 0.1572693 0.1012390 0.1637392 0.1225212 0.1245551 0.1371169 0.2510676 0.1155431 
S0552sl     0.1537850 0.1404491 0.2028123 0.1689643 0.1366108 0.1623679 0.2119402 0.1388724 0.1466136 0.2012432 0.2241955 0.2533251 0.1861431 0.1717726 0.2108524 0.1294976 0.1359210 0.2179366 0.1964165 0.1298030 0.1417602 0.2370889 0.1601286 0.1906284 0.1506509 0.2184796 0.1969997 0.1969809 0.0000000 0.1746517 0.2122783 0.2062058 0.1298350 0.1370892 0.2143137 0.1837304 0.1940041 0.1474925 0.1366987 0.1320611 0.2323166 0.3302848 0.1572431 0.2325291 0.1489444 0.1378448 0.0197524 0.1527661 0.1397248 0.1497576 0.1512330 0.0779541 0.1415296 0.2002436 0.1984089 0.1821648 0.1845312 0.1318898 0.1783855 0.0221186 0.0548571 0.0281957 0.0199800 0.1660441 0.1524581 0.2615102 0.1418692 0.2078057 0.1885912 0.0724072 0.0792368 0.2919972 0.1381362 0.3057936 0.0738119 0.1389938 0.2064938 0.1514553 0.1454118 0.3387840 0.1380438 0.1673602 0.1332193 0.1805092 0.1815371 0.1779946 0.1831306 0.1748888 0.2202245 0.1850526 0.1974879 0.1622311 0.1389619 0.2068422 0.1310581 0.1070441 0.1362686 0.1256026 0.1415242 0.1387301 0.1484504 0.1816968 0.1352287 0.1434673 0.2100802 0.1551112 0.1511037 0.2196661 0.1550296 0.1916937 0.1376406 0.1627639 0.1422410 0.1267717 0.1404555 0.1911374 0.1328276 0.1857237 0.1478509 0.1446538 0.1276995 0.1346062 0.1841619 0.0829093 0.1363760 0.1581628 0.1301607 0.2024844 0.1301615 
S0558       0.1093280 0.1325393 0.2454810 0.1743958 0.1167008 0.1681550 0.2483555 0.1894250 0.1231503 0.1583854 0.2672797 0.2544774 0.2058697 0.2088807 0.2132369 0.1711777 0.1637080 0.2359761 0.1423694 0.1150962 0.1221872 0.2194276 0.0996073 0.2130614 0.1537919 0.1484123 0.2181085 0.2284607 0.1746517 0.0000000 0.1921871 0.2356987 0.1134297 0.1215520 0.2405176 0.1986098 0.2097476 0.1073066 0.1136037 0.1537120 0.2542232 0.3095582 0.0978952 0.2548672 0.1475430 0.1217562 0.1872498 0.1523327 0.1237008 0.1498482 0.1520906 0.1944972 0.1634952 0.2183753 0.1938202 0.1924899 0.2074688 0.1523681 0.1887404 0.1797969 0.1732689 0.1737202 0.1755691 0.1477604 0.1577373 0.2820673 0.1430528 0.1982365 0.1940846 0.1744494 0.1882456 0.2938002 0.1365672 0.2954127 0.1849460 0.1771766 0.1945809 0.1326982 0.2021325 0.3003635 0.1189723 0.1212195 0.1695864 0.2056734 0.1976721 0.1919161 0.2186065 0.1877824 0.2480255 0.1741555 0.2166753 0.1962118 0.1262029 0.1976720 0.1702263 0.1511972 0.1153662 0.1015220 0.1005835 0.1822712 0.1165522 0.2026113 0.1856282 0.1897557 0.2188549 0.1096682 0.1557204 0.2378815 0.1603774 0.1970346 0.1172564 0.1635220 0.1863571 0.1545405 0.1163098 0.2311721 0.1113616 0.1997590 0.1194115 0.0922749 0.1611608 0.1673263 0.1941295 0.1637973 0.1618701 0.1581371 0.1552806 0.1385346 0.1488876 
