98
S0055      0.0000000 0.0956984 0.0777914 0.0476646 0.1066353 0.0777007 0.0478057 0.0825708 0.0748154 0.0745785 0.0861647 0.0937981 0.0965906 0.0483291 0.0314673 0.0714200 0.0957210 0.0737157 0.0541832 0.0604891 0.0763393 0.0774322 0.0425308 0.1009663 0.0596480 0.0796094 0.0715002 0.0421351 0.0770415 0.0803827 0.1283433 0.0365832 0.0627180 0.0538610 0.0717842 0.0657532 0.0766477 0.1004479 0.0796024 0.0697305 0.0831549 0.0537741 0.0712788 0.0892643 0.1090638 0.0963525 0.1020295 0.0846511 0.1214629 0.1208177 0.0891826 0.0661108 0.0786751 0.0473312 0.0828843 0.1137007 0.0369124 0.0825635 0.0594825 0.0774024 0.0796024 0.0863480 0.0831605 0.0728746 0.0864692 0.0422610 0.0977403 0.0602591 0.0777954 0.0378289 0.0367567 0.0259364 0.0530970 0.0591832 0.0658100 0.0778562 0.0772819 0.0594216 0.0647711 0.1090638 0.0673347 0.0480740 0.0848059 0.0595856 0.0542289 0.1007861 0.0310867 0.0970260 0.0596138 0.0622990 0.0895547 0.0793626 0.0712330 0.0535244 0.1047876 0.0717775 0.0715792 0.0578195 
S0278      0.0956984 0.0000000 0.0815313 0.1302462 0.0590908 0.1036191 0.1241800 0.0288371 0.1256821 0.0565610 0.1485033 0.0590662 0.1361857 0.1197140 0.0950661 0.0311973 0.1237451 0.1296617 0.0816252 0.0887206 0.1482904 0.1520778 0.1009304 0.0711525 0.0653051 0.1012685 0.1045610 0.1057816 0.1105012 0.1366701 0.1456775 0.1002161 0.0856380 0.1042634 0.1227979 0.1107211 0.1099653 0.1249370 0.1019523 0.0937786 0.1341647 0.0817514 0.0989152 0.1482628 0.1499909 0.1214410 0.1394026 0.1325088 0.1454347 0.1447195 0.1401900 0.1347678 0.1048122 0.1038761 0.1088484 0.1514535 0.1068544 0.1701845 0.1049977 0.0366279 0.0956636 0.1021549 0.0189066 0.1110402 0.1301559 0.1064294 0.1158566 0.1179855 0.1037518 0.0971147 0.1122926 0.1239413 0.0999473 0.0756224 0.0922425 0.0968683 0.1711257 0.0985452 0.0423552 0.1499909 0.0839864 0.1190892 0.1247866 0.1098908 0.1272254 0.0490444 0.1006146 0.0930965 0.0863526 0.1276246 0.1360241 0.0953894 0.1232076 0.0978992 0.1622590 0.1050197 0.1043514 0.0944307 
S0281      0.0777914 0.0815313 0.0000000 0.1013275 0.0984263 0.0883664 0.1065719 0.0925440 0.1159215 0.0913699 0.1388918 0.1264177 0.1006275 0.0963888 0.0835562 0.0770982 0.1181414 0.1200541 0.0819728 0.0724359 0.1243073 0.1332846 0.0899456 0.1215371 0.0765049 0.0959278 0.0880600 0.0833324 0.0392129 0.1270096 0.1356185 0.0779131 0.0692190 0.0390193 0.0445494 0.0883004 0.0390326 0.1153175 0.0965725 0.0939534 0.1109751 0.0712884 0.0881741 0.1438624 0.0941577 0.0931507 0.1117866 0.1081064 0.1291650 0.1285283 0.1168007 0.0943086 0.0886253 0.0818778 0.0868420 0.1351008 0.0841472 0.1450115 0.0718261 0.0885713 0.0903382 0.0967641 0.0931631 0.0940149 0.1205142 0.0895725 0.1005973 0.1009475 0.0884725 0.0686759 0.0894905 0.1007686 0.0890844 0.0706373 0.0771156 0.0885370 0.1393947 0.0440143 0.0898220 0.0941577 0.0787308 0.0958903 0.1014719 0.0876527 0.1156626 0.1155925 0.0836612 0.1064235 0.0766457 0.1037666 0.1059386 0.0900817 0.1002432 0.0761803 0.1078375 0.0392647 0.0822682 0.0765866 
S0282      0.0476646 0.1302462 0.1013275 0.0000000 0.1292341 0.1127773 0.0869157 0.1053229 0.1378968 0.1043981 0.1552729 0.1338076 0.1260894 0.0496347 0.0493460 0.1029035 0.1188159 0.1419365 0.0944103 0.0842350 0.0991556 0.0876843 0.0603407 0.1346557 0.1000086 0.1193124 0.1004758 0.0492702 0.1126812 0.1494857 0.1844816 0.0540591 0.0871986 0.0722869 0.0899218 0.0896057 0.1121243 0.1564427 0.1201407 0.1070816 0.1064975 0.0833776 0.1009589 0.1276885 0.1376485 0.1310951 0.1255954 0.1233863 0.1771896 0.1762691 0.1307132 0.1256902 0.1261367 0.0759089 0.1176039 0.1685696 0.0493246 0.0870663 0.0942210 0.1145710 0.1135623 0.1203851 0.1176084 0.1261682 0.1558612 0.0543504 0.1457184 0.1263728 0.1129335 0.0454061 0.0543153 0.0541108 0.0817700 0.0992616 0.1008661 0.1130183 0.0931784 0.0776735 0.1012552 0.1376485 0.1014571 0.0493924 0.1270726 0.1118069 0.0772879 0.1412585 0.0490646 0.1261932 0.0886406 0.1173800 0.1259350 0.1132245 0.1135854 0.0824438 0.1532901 0.1013525 0.1190962 0.0768966 
S0289      0.1066353 0.0590908 0.0984263 0.1292341 0.0000000 0.1098894 0.1406149 0.0483092 0.1468949 0.0557762 0.1705467 0.0686983 0.1227388 0.1243900 0.0998070 0.0472989 0.1279526 0.1507334 0.0971570 0.0824405 0.1401952 0.1436620 0.1056526 0.0758780 0.0806133 0.1115806 0.1088553 0.1104439 0.1094039 0.1582208 0.1659588 0.1049114 0.0795309 0.0977533 0.1158542 0.1097886 0.1088794 0.1390004 0.1123339 0.0867637 0.1213817 0.0808825 0.0981205 0.1577359 0.1483041 0.1397940 0.1457238 0.1258196 0.1656540 0.1648252 0.1272378 0.1219197 0.1108462 0.1037453 0.1091555 0.1719177 0.1115594 0.1745124 0.1041310 0.0468170 0.1059821 0.1125565 0.0486072 0.1171546 0.1384863 0.1111196 0.1292899 0.1169533 0.1100353 0.1083805 0.1169521 0.1285337 0.0931321 0.0909946 0.0983540 0.0972217 0.1754737 0.0921483 0.0582349 0.1483041 0.0828645 0.1173416 0.1112223 0.1086637 0.1319006 0.0689970 0.1053255 0.1030102 0.0971796 0.1203187 0.1225921 0.1056766 0.1221163 0.1024929 0.1484073 0.0984468 0.1046543 0.0814611 
S0292      0.0777007 0.1036191 0.0883664 0.1127773 0.1098894 0.0000000 0.1185106 0.0981725 0.0956762 0.0909427 0.1176882 0.1204570 0.0941226 0.1022944 0.0898916 0.0890179 0.1181116 0.0998916 0.0763838 0.0608868 0.1055892 0.1334761 0.0957361 0.1093547 0.0709644 0.1076049 0.0937045 0.0889906 0.0879198 0.1063584 0.1061781 0.0947408 0.0629509 0.0765856 0.0940912 0.0819688 0.0874984 0.1027768 0.1083407 0.0752474 0.0927772 0.0601751 0.0708431 0.1506527 0.1379604 0.0936362 0.1046350 0.0951516 0.1000732 0.0995856 0.0926906 0.0812456 0.0827156 0.0882682 0.0599841 0.1057674 0.0898705 0.1515261 0.0544583 0.0821183 0.1019325 0.1085585 0.0919582 0.0827607 0.1002564 0.0953410 0.0943883 0.0828871 0.0189149 0.0862715 0.0952497 0.1066468 0.0948076 0.0704491 0.0093539 0.0189276 0.1523262 0.0819153 0.0889408 0.1379604 0.0900712 0.1017629 0.0449685 0.0644161 0.1098562 0.0984535 0.0893461 0.1063290 0.0821487 0.0851523 0.0940056 0.1016356 0.0767665 0.0600973 0.1052276 0.0771127 0.0651828 0.0641952 
S0294      0.0478057 0.1241800 0.1065719 0.0869157 0.1406149 0.1185106 0.0000000 0.1109175 0.1447064 0.1098598 0.1622350 0.1400935 0.1385160 0.0768732 0.0601496 0.1088219 0.1365411 0.1486941 0.0999437 0.1077081 0.1160697 0.1057882 0.0770519 0.1167161 0.0942545 0.1155977 0.1180406 0.0762982 0.1181406 0.1563981 0.1714762 0.0702372 0.1115767 0.1057685 0.1246488 0.0948437 0.1175561 0.1498655 0.1040548 0.1067217 0.1180316 0.1001046 0.1182228 0.0758622 0.1450580 0.1254456 0.1370487 0.1357279 0.1643424 0.1634921 0.1301509 0.1133123 0.1200177 0.0811965 0.1233181 0.1559925 0.0654761 0.1104967 0.0997480 0.1078699 0.0976012 0.1042665 0.1116888 0.1141586 0.1493020 0.0706387 0.1271664 0.1200743 0.1186794 0.0615935 0.0705850 0.0812461 0.0871246 0.0935523 0.1064984 0.1187686 0.1059127 0.1113703 0.1012777 0.1450580 0.0974924 0.0764899 0.1267070 0.1117309 0.0947857 0.1228672 0.0651190 0.1200825 0.1057975 0.1235187 0.1383493 0.1094246 0.1312835 0.1051105 0.1588987 0.1125353 0.1190176 0.0950008 
S0299      0.0825708 0.0288371 0.0925440 0.1053229 0.0483092 0.0981725 0.1109175 0.0000000 0.1338332 0.0453586 0.1571683 0.0482835 0.1225746 0.1064550 0.0827318 0.0311441 0.1105669 0.1377930 0.0595519 0.0659574 0.1225607 0.1240159 0.0883997 0.0597740 0.0541806 0.0887161 0.0921752 0.0931983 0.0979137 0.1450438 0.1531981 0.0877860 0.0681914 0.0810767 0.0985431 0.0870890 0.0974476 0.1262477 0.0892978 0.0809546 0.1094417 0.0596404 0.0759026 0.1342569 0.1357999 0.1146000 0.1216745 0.1128667 0.1529317 0.1521704 0.1151843 0.1213281 0.0990125 0.0981322 0.1086239 0.1590739 0.0941121 0.1429291 0.0925345 0.0256400 0.0832645 0.0894706 0.0189823 0.1051577 0.1383300 0.0937454 0.1170292 0.1049766 0.0982949 0.0906403 0.0994267 0.1107128 0.0816493 0.0642483 0.0868853 0.0915284 0.1559861 0.0756273 0.0311190 0.1357999 0.0719848 0.1059097 0.1114676 0.0973745 0.1135946 0.0384876 0.0881269 0.0704131 0.0808380 0.1079653 0.1224279 0.0776448 0.0988545 0.0858247 0.1476975 0.0807714 0.1041370 0.0700546 
S0303      0.0748154 0.1256821 0.1159215 0.1378968 0.1468949 0.0956762 0.1447064 0.1338332 0.0000000 0.1274098 0.0144323 0.1583823 0.1365975 0.1400786 0.1259110 0.1253664 0.1502031 0.0000010 0.1221472 0.1050746 0.1286904 0.1755003 0.1324610 0.1744775 0.1037891 0.1457497 0.1166446 0.1245314 0.1355308 0.0047851 0.1829569 0.1309426 0.1089493 0.1101013 0.1298575 0.1160269 0.1348297 0.1015207 0.1538019 0.1094656 0.1407169 0.1037529 0.1158580 0.1668366 0.1778292 0.1031949 0.1544318 0.1230480 0.1755231 0.1745916 0.1470681 0.1230196 0.0740060 0.1160159 0.1198274 0.1822326 0.1259081 0.1642702 0.1100112 0.1246413 0.1463196 0.1541434 0.1203686 0.0797009 0.0096004 0.1319067 0.0928223 0.1236996 0.1086424 0.1157486 0.1317379 0.1311679 0.1310132 0.1151793 0.0965325 0.1087247 0.1514233 0.1159376 0.1336057 0.1778292 0.1327833 0.1392989 0.1309602 0.1147689 0.1624700 0.1599795 0.1250930 0.1571787 0.1040067 0.1208542 0.1278688 0.1458320 0.1292095 0.1033099 0.1312563 0.1235364 0.1151787 0.0974438 
S0320      0.0745785 0.0565610 0.0913699 0.1043981 0.0557762 0.0909427 0.1098598 0.0453586 0.1274098 0.0000000 0.1316064 0.0719291 0.0976722 0.0936489 0.0752428 0.0479304 0.1044076 0.1316064 0.0678571 0.0632674 0.1102485 0.1250028 0.0810973 0.0792631 0.0621459 0.0990753 0.0909890 0.0802967 0.1027467 0.1390669 0.1411048 0.0863492 0.0654987 0.0907194 0.1093785 0.0852125 0.1022334 0.1196432 0.0997651 0.0759123 0.1024617 0.0621960 0.0736090 0.1163879 0.1239832 0.1149519 0.1211678 0.1119349 0.1418418 0.1411048 0.1144163 0.1089396 0.0917461 0.0912763 0.0900271 0.1481852 0.0869949 0.1498573 0.0793667 0.0468348 0.0932966 0.0999697 0.0456504 0.0980561 0.1321389 0.0866418 0.1102886 0.0862078 0.0910564 0.0828521 0.0925252 0.1042247 0.0745086 0.0727671 0.0793326 0.0841832 0.1511308 0.0907194 0.0478907 0.1239832 0.0812785 0.0931499 0.1045253 0.0846404 0.1070618 0.0669102 0.0808349 0.0907168 0.0791523 0.0936409 0.0975470 0.0870107 0.0974262 0.0730031 0.1295465 0.0913830 0.0910675 0.0764335 
S0322      0.0861647 0.1485033 0.1388918 0.1552729 0.1705467 0.1176882 0.1622350 0.1571683 0.0144323 0.1316064 0.0000000 0.1687351 0.1604433 0.1577499 0.1432361 0.1434183 0.1744971 0.0142560 0.1452820 0.1280205 0.1327756 0.1871438 0.1498897 0.1990173 0.1264824 0.1702399 0.1397895 0.1416597 0.1591401 0.0192025 0.2078632 0.1481578 0.1327566 0.1330027 0.1534497 0.1390451 0.1583170 0.1249523 0.1786888 0.1268826 0.1643095 0.1264123 0.1388481 0.1848364 0.2028586 0.1257620 0.1715891 0.1433579 0.2001751 0.1991128 0.1708024 0.1463674 0.0957997 0.1327111 0.1300348 0.2070562 0.1432495 0.1814337 0.1266202 0.1424612 0.1708941 0.1790892 0.1431926 0.1016188 0.0240799 0.1492824 0.1154487 0.1472152 0.1312463 0.1332663 0.1490747 0.1484317 0.1477758 0.1380445 0.1187700 0.1313457 0.1690423 0.1389300 0.1519934 0.2028586 0.1569435 0.1568763 0.1548184 0.1375331 0.1806403 0.1840756 0.1423119 0.1816583 0.1267615 0.1448893 0.1510994 0.1566015 0.1526794 0.1258869 0.1489497 0.1470121 0.1379949 0.1147616 
S0327      0.0937981 0.0590662 0.1264177 0.1338076 0.0686983 0.1204570 0.1400935 0.0482835 0.1583823 0.0719291 0.1687351 0.0000000 0.1458446 0.1357675 0.1107390 0.0416479 0.1457523 0.1620839 0.0911866 0.0984354 0.1515905 0.1624336 0.1107344 0.0594778 0.0748625 0.1110753 0.1141493 0.1214346 0.1033775 0.1697289 0.1651089 0.1158505 0.1018238 0.0911523 0.1088074 0.1322607 0.1083090 0.1437716 0.1118223 0.0980126 0.1315847 0.0913271 0.1027974 0.1582468 0.1475284 0.1383608 0.1503603 0.1500041 0.1648077 0.1639853 0.1497059 0.1386169 0.1215133 0.1090998 0.1310356 0.1645820 0.1226788 0.1607551 0.1146381 0.0413790 0.1054986 0.1120431 0.0485814 0.1279159 0.1760485 0.1221936 0.1401909 0.1276973 0.1206246 0.1197039 0.1280958 0.1160222 0.1155174 0.0851346 0.1087952 0.1133682 0.1741530 0.0856666 0.0416142 0.1475284 0.0938065 0.1350654 0.1345478 0.1194410 0.1434827 0.0585037 0.1163106 0.1026842 0.1023944 0.1313772 0.1456774 0.1051958 0.1328435 0.0961516 0.1468634 0.1146577 0.1266458 0.0986841 
S0335      0.0965906 0.1361857 0.1006275 0.1260894 0.1227388 0.0941226 0.1385160 0.1225746 0.1365975 0.0976722 0.1604433 0.1458446 0.0000000 0.1154437 0.1079896 0.1096793 0.1322832 0.1406048 0.0941684 0.0611479 0.1450288 0.1474951 0.1208795 0.1342640 0.0882815 0.1071101 0.1065721 0.1015045 0.0951324 0.1480435 0.1518031 0.1133713 0.0632283 0.0946477 0.1131038 0.0933218 0.0946678 0.1151693 0.1078381 0.0876118 0.0819092 0.0604305 0.0711415 0.1530676 0.1405547 0.1058242 0.1050656 0.0947401 0.1449675 0.1442283 0.0987894 0.0879946 0.0820528 0.0893331 0.0934974 0.1512113 0.1146939 0.1799143 0.0831192 0.0878152 0.1014712 0.1025088 0.1234369 0.1067352 0.1283150 0.1203874 0.1005527 0.0832384 0.0942392 0.1053047 0.1143522 0.1322130 0.1075000 0.0933851 0.0827453 0.0943082 0.1743056 0.1001777 0.1095808 0.1405547 0.0782584 0.1083902 0.1012076 0.0654029 0.1489177 0.1347356 0.1139914 0.1194129 0.1059298 0.0742265 0.0192192 0.1011774 0.0826837 0.0770282 0.1013879 0.0953323 0.0714688 0.0763039 
S0400      0.0483291 0.1197140 0.0963888 0.0496347 0.1243900 0.1022944 0.0768732 0.1064550 0.1400786 0.0936489 0.1577499 0.1357675 0.1154437 0.0000000 0.0291367 0.0976186 0.1201245 0.1441578 0.0954213 0.0915226 0.0933941 0.0775446 0.0395716 0.1186622 0.0897044 0.1155814 0.1019086 0.0290912 0.1077702 0.1518645 0.1735493 0.0443293 0.0948159 0.0898639 0.1083588 0.0962608 0.1072340 0.1453072 0.1163949 0.0960748 0.1076556 0.0842665 0.1020553 0.1117399 0.1327382 0.1204969 0.1334174 0.1379745 0.1663177 0.1654479 0.1321641 0.1266141 0.1092100 0.0659380 0.1071976 0.1578421 0.0239079 0.0994391 0.0839546 0.1034138 0.1097509 0.1166351 0.1071993 0.1018111 0.1447506 0.0340318 0.1349051 0.1087157 0.1024301 0.0195504 0.0340143 0.0548132 0.0717190 0.0890301 0.0904637 0.0906332 0.0944747 0.0954253 0.0902627 0.1327382 0.0975089 0.0291624 0.1163297 0.1014218 0.0615724 0.1307553 0.0393355 0.1199631 0.0898809 0.1127243 0.1152986 0.1094207 0.1148389 0.0835794 0.1544921 0.0964077 0.1085593 0.0843343 
S0405      0.0314673 0.0950661 0.0835562 0.0493460 0.0998070 0.0898916 0.0601496 0.0827318 0.1259110 0.0752428 0.1432361 0.1107390 0.1079896 0.0291367 0.0000000 0.0783735 0.1072410 0.1300886 0.0833490 0.0679745 0.0881095 0.0715277 0.0192636 0.0880801 0.0666505 0.0850289 0.0895722 0.0289249 0.0952840 0.1374631 0.1458817 0.0339226 0.0703535 0.0779101 0.0957861 0.0840574 0.0948164 0.1182422 0.0855967 0.0771571 0.1069801 0.0614186 0.0782363 0.0991086 0.1014634 0.1136655 0.1200623 0.1168436 0.1390939 0.1383834 0.1189510 0.1075214 0.1025574 0.0548609 0.0947750 0.1313088 0.0191047 0.0874472 0.0721866 0.0840112 0.0794782 0.0857655 0.0832876 0.1026009 0.1306098 0.0239202 0.1152193 0.0967437 0.0900023 0.0196246 0.0239095 0.0441120 0.0498242 0.0771962 0.0784080 0.0900693 0.0769605 0.0833430 0.0715400 0.1014634 0.0680261 0.0289963 0.1033108 0.0891491 0.0452101 0.1057547 0.0290243 0.0963855 0.0779196 0.1056952 0.1078543 0.0792548 0.1020314 0.0774368 0.1340284 0.0841757 0.0959543 0.0776956 
S0407sl    0.0714200 0.0311973 0.0770982 0.1029035 0.0472989 0.0890179 0.1088219 0.0311441 0.1253664 0.0479304 0.1434183 0.0416479 0.1096793 0.0976186 0.0783735 0.0000000 0.1151046 0.1297102 0.0651915 0.0550250 0.1206418 0.1237634 0.0847394 0.0538373 0.0425247 0.0792290 0.0824319 0.0836163 0.0835045 0.1373602 0.1063068 0.0895774 0.0567516 0.0711999 0.0898685 0.1081642 0.0830734 0.1119358 0.0797898 0.0714837 0.1016145 0.0538262 0.0717180 0.1279130 0.1237984 0.1133834 0.1216253 0.1045171 0.1139675 0.1133699 0.1206051 0.0957992 0.0894111 0.0761385 0.0821727 0.1133699 0.0906441 0.1562217 0.0832301 0.0106931 0.0733429 0.0799568 0.0313495 0.0959180 0.1302495 0.0902615 0.1025378 0.0970663 0.0958300 0.0797847 0.0963994 0.1086048 0.0715774 0.0533477 0.0834416 0.0885143 0.1506364 0.0709154 0.0204775 0.1237984 0.0612519 0.0970779 0.1101517 0.0890178 0.1116782 0.0365197 0.0783472 0.0712753 0.0889406 0.1052016 0.1095331 0.0731253 0.1026694 0.0647231 0.1303337 0.0777315 0.0832038 0.0720360 
S0412sl    0.0957210 0.1237451 0.1181414 0.1188159 0.1279526 0.1181116 0.1365411 0.1105669 0.1502031 0.1044076 0.1744971 0.1457523 0.1322832 0.1201245 0.1072410 0.1151046 0.0000000 0.1540968 0.0995622 0.1075963 0.1242470 0.1315097 0.1077016 0.1404465 0.1111468 0.1519780 0.1116625 0.1061471 0.1179076 0.1618219 0.1769378 0.1005664 0.1114499 0.1173075 0.1365760 0.1124663 0.1173264 0.1688728 0.1448543 0.1006974 0.1422856 0.1000144 0.1180810 0.1628005 0.1720019 0.1555822 0.1433719 0.1424811 0.1765888 0.1756760 0.1358696 0.1429355 0.1242036 0.0882633 0.1228954 0.1831295 0.1072267 0.1559266 0.1118208 0.1077862 0.1459380 0.1475223 0.1113315 0.1378745 0.1547244 0.1128002 0.1577199 0.1254645 0.1048336 0.1039266 0.1126785 0.1243575 0.0872338 0.1031603 0.1061652 0.1120007 0.1437995 0.1114000 0.1074184 0.1720019 0.1329782 0.1194962 0.1189707 0.1173426 0.1258395 0.1224447 0.1065854 0.1432721 0.0996347 0.1289891 0.1321227 0.1454725 0.0994697 0.0993273 0.1502286 0.1181905 0.1243597 0.0890619 
S0430      0.0737157 0.1296617 0.1200541 0.1419365 0.1507334 0.0998916 0.1486941 0.1377930 0.0000010 0.1316064 0.0142560 0.1620839 0.1406048 0.1441578 0.1300886 0.1297102 0.1540968 0.0000000 0.1262275 0.1093441 0.1327288 0.1792619 0.1365811 0.1780728 0.1080279 0.1497363 0.1207980 0.1286792 0.1395140 0.0047270 0.1864852 0.1350319 0.1133243 0.1142967 0.1339136 0.1201660 0.1388021 0.1059251 0.1577385 0.1138587 0.1446276 0.1079866 0.1199943 0.1706393 0.1814472 0.1074180 0.1582274 0.1230480 0.1791203 0.1781830 0.1509166 0.1271243 0.0784464 0.1201626 0.1238588 0.1857594 0.1300892 0.1680457 0.1142084 0.1289667 0.1503120 0.1580843 0.1244172 0.0840964 0.0094835 0.1360210 0.0971890 0.1278235 0.1128024 0.1200997 0.1358455 0.1352655 0.1351005 0.1193019 0.1007788 0.1128868 0.1553454 0.1200736 0.1379179 0.1814472 0.1368949 0.1433665 0.1350450 0.1188793 0.1663668 0.1637082 0.1292553 0.1610055 0.1082537 0.1251067 0.1318897 0.1498154 0.1332535 0.1075337 0.1293338 0.1276558 0.1192937 0.1019618 
S0478      0.0541832 0.0816252 0.0819728 0.0944103 0.0971570 0.0763838 0.0999437 0.0595519 0.1221472 0.0678571 0.1452820 0.0911866 0.0941684 0.0954213 0.0833490 0.0651915 0.0995622 0.1262275 0.0000000 0.0451290 0.1000331 0.1318488 0.0890586 0.0924317 0.0441920 0.0724339 0.0815664 0.0825291 0.0762141 0.1332966 0.1120917 0.0881516 0.0466428 0.0599590 0.0648973 0.0712162 0.0758547 0.1148000 0.0674529 0.0754304 0.0818768 0.0444376 0.0603030 0.1364694 0.1244249 0.1045970 0.0934828 0.0891207 0.1059191 0.1054019 0.0821415 0.0932301 0.0882544 0.0818721 0.0866695 0.1116595 0.0833268 0.1313415 0.0654492 0.0587558 0.0670730 0.0730390 0.0704583 0.0773043 0.1267147 0.0830031 0.1059768 0.0829406 0.0764685 0.0796623 0.0886133 0.0997630 0.0827342 0.0438783 0.0654920 0.0765233 0.1319887 0.0651281 0.0651365 0.1244249 0.0560845 0.0890673 0.0888781 0.0704943 0.1027134 0.0808177 0.0828510 0.0663145 0.0651087 0.0794640 0.0940514 0.0668923 0.0660012 0.0647243 0.1122599 0.0709606 0.0764862 0.0531986 
S0552sl    0.0604891 0.0887206 0.0724359 0.0842350 0.0824405 0.0608868 0.1077081 0.0659574 0.1050746 0.0632674 0.1280205 0.0984354 0.0611479 0.0915226 0.0679745 0.0550250 0.1075963 0.1093441 0.0451290 0.0000000 0.0963976 0.1284119 0.0736228 0.0998129 0.0501882 0.0839025 0.0667369 0.0785379 0.0720818 0.1161817 0.1141802 0.0842282 0.0000021 0.0504347 0.0671075 0.0499548 0.0717368 0.0980374 0.0844534 0.0474949 0.0498597 0.0000028 0.0096210 0.1394055 0.1085048 0.0885827 0.0607090 0.0484703 0.1078757 0.1073394 0.0495548 0.0552308 0.0724073 0.0779042 0.0604999 0.1137326 0.0793060 0.1279169 0.0555354 0.0595843 0.0784400 0.0846173 0.0772007 0.0669334 0.1097613 0.0847493 0.0897556 0.0451866 0.0609491 0.0755034 0.0846740 0.0959711 0.0729363 0.0604262 0.0501951 0.0609927 0.1345378 0.0556309 0.0608112 0.1085048 0.0671694 0.0910461 0.0729201 0.0443353 0.0860817 0.0878221 0.0788475 0.0730549 0.0660685 0.0464170 0.0610701 0.0782232 0.0398365 0.0606148 0.0844935 0.0614077 0.0499595 0.0366153 
S0558      0.0763393 0.1482904 0.1243073 0.0991556 0.1401952 0.1055892 0.1160697 0.1225607 0.1286904 0.1102485 0.1327756 0.1515905 0.1450288 0.0933941 0.0881095 0.1206418 0.1242470 0.1327288 0.1000331 0.0963976 0.0000000 0.1247787 0.1004581 0.1525604 0.1171763 0.1587029 0.1299145 0.0872461 0.1359133 0.1399462 0.1774983 0.0928664 0.0940213 0.1058611 0.1247504 0.1070141 0.1352365 0.1498254 0.1598786 0.1064940 0.1245943 0.0833286 0.1068610 0.1466103 0.1791273 0.1374947 0.1375115 0.1363330 0.1703152 0.1694352 0.1244633 0.1434813 0.1187974 0.0921529 0.1294431 0.1618670 0.0880892 0.1337315 0.1056441 0.1268110 0.1525986 0.1602212 0.1293579 0.1246851 0.1332474 0.0934400 0.1393818 0.1325888 0.1187059 0.0845337 0.0933535 0.1044895 0.0982307 0.1162968 0.1065373 0.1187951 0.1406648 0.1114654 0.1128689 0.1791273 0.1394519 0.0997025 0.1267185 0.1174178 0.1134472 0.1594331 0.0766638 0.1306113 0.1174223 0.1300261 0.1448562 0.1521047 0.1075051 0.1166447 0.1528622 0.1243673 0.1248150 0.0829472 
S0641      0.0774322 0.1520778 0.1332846 0.0876843 0.1436620 0.1334761 0.1057882 0.1240159 0.1755003 0.1250028 0.1871438 0.1624336 0.1474951 0.0775446 0.0715277 0.1237634 0.1315097 0.1792619 0.1318488 0.1284119 0.1247787 0.0000000 0.0833827 0.1564342 0.1258026 0.1542601 0.1390871 0.0769592 0.1330072 0.1877620 0.2030179 0.0654058 0.1332019 0.1260296 0.1461738 0.1331152 0.1323286 0.1809480 0.1554142 0.1279800 0.1517443 0.1200578 0.1393288 0.1548717 0.1722876 0.1513132 0.1716796 0.1812691 0.1952617 0.1942100 0.1581679 0.1658301 0.1336879 0.0881887 0.1318141 0.1859853 0.0715047 0.0868597 0.1131715 0.1364255 0.1480933 0.1557511 0.1385765 0.1398409 0.1657929 0.0767571 0.1689307 0.1343691 0.1399245 0.0677537 0.0766948 0.0875672 0.0882240 0.1248324 0.1269726 0.1400334 0.0819621 0.1319004 0.1157091 0.1722876 0.1221105 0.0713980 0.1482835 0.1384085 0.0898196 0.1574115 0.0598322 0.1671344 0.1260796 0.1312217 0.1473170 0.1414890 0.1337423 0.1119641 0.1964253 0.1197514 0.1464857 0.1156966 
S0643      0.0425308 0.1009304 0.0899456 0.0603407 0.1056526 0.0957361 0.0770519 0.0883997 0.1324610 0.0810973 0.1498897 0.1107344 0.1208795 0.0395716 0.0192636 0.0847394 0.1077016 0.1365811 0.0890586 0.0736228 0.1004581 0.0833827 0.0000000 0.0885896 0.0721840 0.0967231 0.0953871 0.0392804 0.1011528 0.1440836 0.1655717 0.0444247 0.0762122 0.0779171 0.0957879 0.0898259 0.1006544 0.1376625 0.0973805 0.0831679 0.1010769 0.0669116 0.0839324 0.1176827 0.1133833 0.1259131 0.1200994 0.1168832 0.1585054 0.1576872 0.1250859 0.1196087 0.1086008 0.0660877 0.1006151 0.1582759 0.0291818 0.0996816 0.0777841 0.0901586 0.0910820 0.0975755 0.0889984 0.1086421 0.1371332 0.0341030 0.1276442 0.1027226 0.0958579 0.0299905 0.0340855 0.0495299 0.0609376 0.0828107 0.0841229 0.0959295 0.0947044 0.0833487 0.0777310 0.1133833 0.0793631 0.0393783 0.1034470 0.0949354 0.0563214 0.1116851 0.0288849 0.1082964 0.0835918 0.1119346 0.1207293 0.0908198 0.1080292 0.0830679 0.1409937 0.0899569 0.1018757 0.0837510 
S0645sl    0.1009663 0.0711525 0.1215371 0.1346557 0.0758780 0.1093547 0.1167161 0.0597740 0.1744775 0.0792631 0.1990173 0.0594778 0.1342640 0.1186622 0.0880801 0.0538373 0.1404465 0.1780728 0.0924317 0.0998129 0.1525604 0.1564342 0.0885896 0.0000000 0.0758654 0.1068428 0.1337681 0.1049018 0.1217920 0.1861413 0.1470952 0.1047763 0.1032984 0.1037867 0.1221901 0.1341705 0.1212002 0.1525606 0.1075674 0.0994580 0.1214258 0.0925761 0.1100452 0.1667752 0.1558331 0.1468388 0.1344648 0.1389624 0.1468463 0.1461172 0.1518976 0.1270417 0.1232629 0.1093995 0.1329082 0.1466318 0.1059541 0.1743492 0.1036223 0.0478692 0.1012165 0.1077818 0.0601565 0.1297752 0.1788093 0.1055369 0.1362014 0.1174064 0.1094989 0.1026715 0.1113366 0.1283841 0.1044916 0.0862831 0.0978719 0.1095784 0.1689058 0.0981046 0.0476709 0.1558331 0.0894538 0.1180493 0.1230546 0.1084484 0.1317462 0.0704511 0.1051896 0.1055857 0.1213928 0.1208025 0.1341066 0.1009242 0.1347692 0.1089038 0.1536877 0.1162816 0.1154360 0.1001491 
S0656sl    0.0596480 0.0653051 0.0765049 0.1000086 0.0806133 0.0709644 0.0942545 0.0541806 0.1037891 0.0621459 0.1264824 0.0748625 0.0882815 0.0897044 0.0666505 0.0425247 0.1111468 0.1080279 0.0441920 0.0501882 0.1171763 0.1258026 0.0721840 0.0758654 0.0000000 0.0614411 0.0817210 0.0770123 0.0708139 0.1147765 0.1231121 0.0705286 0.0518721 0.0651531 0.0820547 0.0819387 0.0704806 0.0968489 0.0618300 0.0638502 0.0927392 0.0442562 0.0600554 0.1304716 0.1065252 0.0875442 0.1045869 0.0947829 0.1168347 0.1162640 0.0983418 0.0931456 0.0715509 0.0764030 0.0812114 0.1226415 0.0777502 0.1373522 0.0655646 0.0420458 0.0561616 0.0619461 0.0545225 0.0715956 0.1084356 0.0774490 0.0886914 0.0772218 0.0710407 0.0739913 0.0830157 0.0940860 0.0715246 0.0288137 0.0601699 0.0710915 0.1380410 0.0703531 0.0424895 0.1065252 0.0454099 0.0892460 0.0832682 0.0649702 0.0965328 0.0646699 0.0773097 0.0391446 0.0705416 0.0793777 0.0881714 0.0560137 0.0823073 0.0594718 0.1060952 0.0655872 0.0766285 0.0642813 
S0673      0.0796094 0.1012685 0.0959278 0.1193124 0.1115806 0.1076049 0.1155977 0.0887161 0.1457497 0.0990753 0.1702399 0.1110753 0.1071101 0.1155814 0.0850289 0.0792290 0.1519780 0.1497363 0.0724339 0.0839025 0.1587029 0.1542601 0.0967231 0.1068428 0.0614411 0.0000000 0.0944133 0.1016395 0.0955775 0.1574755 0.1406228 0.1075666 0.0868348 0.0894175 0.1077527 0.1078801 0.0951085 0.1368350 0.0396014 0.1019380 0.1064662 0.0781259 0.0955302 0.1544245 0.1090165 0.1262695 0.1189058 0.1027211 0.1338789 0.1331944 0.0944337 0.1022356 0.1010506 0.1136000 0.1184797 0.1400681 0.1026763 0.1663104 0.0958350 0.0776547 0.0343487 0.0396720 0.0893176 0.1029929 0.1503502 0.1022638 0.1149732 0.0914672 0.1077504 0.1058310 0.1081651 0.1068592 0.0968710 0.0609894 0.0957612 0.1078313 0.1478753 0.0949358 0.0852889 0.1090165 0.0242573 0.1149718 0.1217261 0.0840088 0.1160978 0.1002189 0.1020598 0.0852523 0.1004449 0.1002279 0.1207250 0.0242857 0.1201643 0.0945329 0.1207062 0.0900605 0.1022175 0.1018577 
S0689      0.0715002 0.1045610 0.0880600 0.1004758 0.1088553 0.0937045 0.1180406 0.0921752 0.1166446 0.0909890 0.1397895 0.1141493 0.1065721 0.1019086 0.0895722 0.0824319 0.1116625 0.1207980 0.0815664 0.0667369 0.1299145 0.1390871 0.0953871 0.1337681 0.0817210 0.0944133 0.0000000 0.0886787 0.0989955 0.1278131 0.1370990 0.0944004 0.0690261 0.0763358 0.0879821 0.0936305 0.0985194 0.1343779 0.1064305 0.0931762 0.1050216 0.0603282 0.0768034 0.1495232 0.1501034 0.1110996 0.1115575 0.1084021 0.1305509 0.1298994 0.0994502 0.0877529 0.1062139 0.0936630 0.0930849 0.1365697 0.0895512 0.1380000 0.0770734 0.0883405 0.1001601 0.1066403 0.0927892 0.1062543 0.1338712 0.0949952 0.1247245 0.0950158 0.0938199 0.0859631 0.0949049 0.0945253 0.0833008 0.0811260 0.0823794 0.0879222 0.1386959 0.0816421 0.0823614 0.1501034 0.0885366 0.0899624 0.1069784 0.0819750 0.1213660 0.1151174 0.0890312 0.0997841 0.0393370 0.0976566 0.1064402 0.0886702 0.0943626 0.0704429 0.1254955 0.0880703 0.0884924 0.0818257 
S0690      0.0421351 0.1057816 0.0833324 0.0492702 0.1104439 0.0889906 0.0762982 0.0931983 0.1245314 0.0802967 0.1416597 0.1214346 0.1015045 0.0290912 0.0289249 0.0836163 0.1061471 0.1286792 0.0825291 0.0785379 0.0872461 0.0769592 0.0392804 0.1049018 0.0770123 0.1016395 0.0886787 0.0000000 0.0943275 0.1359521 0.1571768 0.0440054 0.0812864 0.0771464 0.0948195 0.0778224 0.0938703 0.1296878 0.1023289 0.0823267 0.0942139 0.0717507 0.0887950 0.1164908 0.1316951 0.1064531 0.1188109 0.1221279 0.1502989 0.1495337 0.1177240 0.1123366 0.1015037 0.0543480 0.0938290 0.1423347 0.0289098 0.0986882 0.0714853 0.0892318 0.0960104 0.1025331 0.0938279 0.1015467 0.1291886 0.0337849 0.1200888 0.1017070 0.0890986 0.0246290 0.0337677 0.0437322 0.0598684 0.0764467 0.0776330 0.0891642 0.0937569 0.0825226 0.0767209 0.1316951 0.0842817 0.0289512 0.1022415 0.0882640 0.0666398 0.1164940 0.0390476 0.1132004 0.0771554 0.0985186 0.1013771 0.0957339 0.0896226 0.0711807 0.1388600 0.0833378 0.0949838 0.0709975 
S0720      0.0770415 0.1105012 0.0392129 0.1126812 0.1094039 0.0879198 0.1181406 0.0979137 0.1355308 0.1027467 0.1591401 0.1033775 0.0951324 0.1077702 0.0952840 0.0835045 0.1179076 0.1395140 0.0762141 0.0720818 0.1359133 0.1330072 0.1011528 0.1217920 0.0708139 0.0955775 0.0989955 0.0943275 0.0000000 0.1468687 0.1409389 0.1000985 0.0745570 0.0388510 0.0546211 0.0992715 0.0000027 0.1157836 0.0962175 0.0934432 0.1103817 0.0709462 0.0877298 0.1377689 0.0657332 0.1169012 0.1111834 0.1143146 0.1344590 0.1337986 0.1161674 0.0995409 0.0948069 0.0716204 0.0983700 0.1404052 0.0952642 0.1324879 0.0714775 0.0822873 0.0900152 0.0909251 0.0985715 0.1002579 0.1400654 0.1007392 0.1129224 0.1004135 0.0880234 0.0917751 0.1006395 0.1005741 0.1001667 0.0650553 0.0767377 0.0880872 0.1454528 0.0438220 0.0953478 0.0657332 0.0784619 0.1072119 0.1009315 0.0872134 0.1274564 0.1093695 0.0947065 0.1060245 0.0873815 0.1032001 0.1004296 0.0897600 0.0997175 0.0652057 0.1016113 0.0390942 0.0938132 0.0761882 
S0724sl    0.0803827 0.1366701 0.1270096 0.1494857 0.1582208 0.1063584 0.1563981 0.1450438 0.0047851 0.1390669 0.0192025 0.1697289 0.1480435 0.1518645 0.1374631 0.1373602 0.1618219 0.0047270 0.1332966 0.1161817 0.1399462 0.1877620 0.1440836 0.1861413 0.1147765 0.1574755 0.1278131 0.1359521 0.1468687 0.0000000 0.1947685 0.1424228 0.1204602 0.1211716 0.1412030 0.1271365 0.1461111 0.1128698 0.1656921 0.1210426 0.1520306 0.1147252 0.1269545 0.1788492 0.1897138 0.1141230 0.1659132 0.1305616 0.1872376 0.1862470 0.1584311 0.1342670 0.0846388 0.1271468 0.1307657 0.1940070 0.1374706 0.1760874 0.1210841 0.1365592 0.1580843 0.1660606 0.1313726 0.0903800 0.0143703 0.1434934 0.1038075 0.1350240 0.1195730 0.1274272 0.1432989 0.1426801 0.1424896 0.1262171 0.1073203 0.1196633 0.1631773 0.1270354 0.1458202 0.1897138 0.1443911 0.1363188 0.1424274 0.1257600 0.1745954 0.1714747 0.1365738 0.1688660 0.1150227 0.1324367 0.1390466 0.1575511 0.1404983 0.1142431 0.1366267 0.1348426 0.1261948 0.1089579 
S0735      0.1283433 0.1456775 0.1356185 0.1844816 0.1659588 0.1061781 0.1714762 0.1531981 0.1829569 0.1411048 0.2078632 0.1651089 0.1518031 0.1735493 0.1458817 0.1063068 0.1769378 0.1864852 0.1120917 0.1141802 0.1774983 0.2030179 0.1655717 0.1470952 0.1231121 0.1406228 0.1370990 0.1571768 0.1409389 0.1947685 0.0000000 0.1569901 0.1115269 0.1419175 0.1622039 0.1559262 0.1402422 0.1522916 0.1542288 0.1318713 0.1556942 0.1122754 0.1308734 0.2139790 0.1840436 0.1424739 0.1549559 0.1626052 0.0046995 0.0046786 0.1439133 0.1302629 0.1490904 0.1477228 0.1228594 0.0094290 0.1589423 0.2212318 0.1293333 0.1393149 0.1470110 0.1545588 0.1543212 0.1369891 0.1872694 0.1516807 0.1363006 0.1454360 0.1237969 0.1491041 0.1646868 0.1774645 0.1512181 0.1221872 0.1116153 0.1238894 0.1952852 0.1413876 0.1198232 0.1840436 0.1339426 0.1726048 0.1381879 0.1168091 0.1769635 0.1537889 0.1579050 0.1506370 0.1287047 0.1431460 0.1516244 0.1341836 0.1443061 0.1230792 0.1514734 0.1430395 0.1108496 0.1197926 
S0756      0.0365832 0.1002161 0.0779131 0.0540591 0.1049114 0.0947408 0.0702372 0.0877860 0.1309426 0.0863492 0.1481578 0.1158505 0.1133713 0.0443293 0.0339226 0.0895774 0.1005664 0.1350319 0.0881516 0.0842282 0.0928664 0.0654058 0.0444247 0.1047763 0.0705286 0.1075666 0.0944004 0.0440054 0.1000985 0.1424228 0.1569901 0.0000000 0.0812988 0.0827318 0.0893096 0.0889018 0.0996117 0.1360896 0.1083022 0.0885448 0.1117874 0.0772877 0.0945284 0.1095749 0.1242788 0.1245460 0.1305095 0.1286795 0.1567058 0.1559054 0.1116780 0.1183240 0.1074398 0.0596010 0.0995724 0.1485992 0.0339055 0.0810395 0.0770036 0.0956061 0.1018943 0.1085199 0.0883760 0.1074808 0.1355707 0.0388139 0.1262390 0.0957611 0.0948595 0.0297096 0.0387928 0.0488177 0.0651989 0.0819793 0.0832628 0.0949295 0.0761729 0.0771579 0.0709372 0.1242788 0.0900342 0.0441141 0.1082236 0.0881570 0.0500249 0.1108958 0.0337323 0.1056713 0.0827440 0.0984472 0.1132308 0.1015975 0.0950965 0.0822315 0.1451992 0.0890295 0.1008056 0.0770909 
S0758      0.0627180 0.0856380 0.0692190 0.0871986 0.0795309 0.0629509 0.1115767 0.0681914 0.1089493 0.0654987 0.1327566 0.1018238 0.0632283 0.0948159 0.0703535 0.0567516 0.1114499 0.1133243 0.0466428 0.0000021 0.0940213 0.1332019 0.0762122 0.1032984 0.0518721 0.0868348 0.0690261 0.0812864 0.0745570 0.1204602 0.1115269 0.0812988 0.0000000 0.0521364 0.0637424 0.0516229 0.0741883 0.0891416 0.0874257 0.0491729 0.0515219 0.0000021 0.0099318 0.1445647 0.1124211 0.0916586 0.0569957 0.0502190 0.1050891 0.1045535 0.0511962 0.0570839 0.0749087 0.0806071 0.0570294 0.1110776 0.0821114 0.1265152 0.0574097 0.0614209 0.0811761 0.0876014 0.0798504 0.0692357 0.1137734 0.0877511 0.0809565 0.0467043 0.0630182 0.0776238 0.0876687 0.0993884 0.0754748 0.0624586 0.0518801 0.0630638 0.1395676 0.0575118 0.0567015 0.1124211 0.0694866 0.0943054 0.0754569 0.0457951 0.0891755 0.0908454 0.0759517 0.0755990 0.0624643 0.0480199 0.0631452 0.0809433 0.0411638 0.0626595 0.0874684 0.0635079 0.0462259 0.0378996 
S0765      0.0538610 0.1042634 0.0390193 0.0722869 0.0977533 0.0765856 0.1057685 0.0810767 0.1101013 0.0907194 0.1330027 0.0911523 0.0946477 0.0898639 0.0779101 0.0711999 0.1173075 0.1142967 0.0599590 0.0504347 0.1058611 0.1260296 0.0779171 0.1037867 0.0651531 0.0894175 0.0763358 0.0771464 0.0388510 0.1211716 0.1419175 0.0827318 0.0521364 0.0000000 0.0143038 0.0767728 0.0386740 0.1095358 0.0900088 0.0813448 0.0763995 0.0496561 0.0657200 0.1427330 0.0877907 0.1049141 0.0993117 0.0953349 0.1353728 0.1347023 0.0931195 0.0825353 0.0831777 0.0765350 0.0869086 0.1351672 0.0778869 0.1132891 0.0604794 0.0760483 0.0839195 0.0901845 0.0925252 0.0885489 0.1271512 0.0832332 0.1008477 0.0886855 0.0766709 0.0741241 0.0831613 0.0828327 0.0827945 0.0595022 0.0656552 0.0767260 0.1257026 0.0046781 0.0827740 0.0877907 0.0725411 0.0894040 0.0891320 0.0759857 0.1087135 0.1032056 0.0774448 0.0885922 0.0652678 0.0853103 0.0999199 0.0836852 0.0771199 0.0543269 0.0955096 0.0289531 0.0823306 0.0532426 
S0770      0.0717842 0.1227979 0.0445494 0.0899218 0.1158542 0.0940912 0.1246488 0.0985431 0.1298575 0.1093785 0.1534497 0.1088074 0.1131038 0.1083588 0.0957861 0.0898685 0.1365760 0.1339136 0.0648973 0.0671075 0.1247504 0.1461738 0.0957879 0.1221901 0.0820547 0.1077527 0.0879821 0.0948195 0.0546211 0.1412030 0.1622039 0.0893096 0.0637424 0.0143038 0.0000000 0.0943257 0.0543677 0.1291451 0.1084901 0.1000674 0.0938536 0.0660470 0.0827985 0.1632179 0.1057430 0.1235828 0.1177701 0.1150457 0.1553387 0.1545547 0.1112453 0.1003570 0.1011771 0.0940438 0.1046609 0.1551154 0.0957668 0.1327504 0.0717590 0.0946620 0.1020765 0.1087083 0.1105091 0.1066973 0.1474087 0.1012760 0.1196334 0.1068648 0.0942077 0.0863643 0.1011748 0.1007665 0.1006954 0.0760990 0.0827190 0.0942767 0.1457442 0.0191229 0.0897900 0.1057430 0.0902047 0.1017174 0.1074271 0.0933214 0.1281901 0.1215194 0.0952029 0.1067345 0.0765752 0.1038169 0.1185079 0.1017789 0.0947544 0.0707284 0.1141584 0.0444135 0.1000958 0.0709429 
S0771      0.0657532 0.1107211 0.0883004 0.0896057 0.1097886 0.0819688 0.0948437 0.0870890 0.1160269 0.0852125 0.1390451 0.1322607 0.0933218 0.0962608 0.0840574 0.1081642 0.1124663 0.1201660 0.0712162 0.0499548 0.1070141 0.1331152 0.0898259 0.1341705 0.0819387 0.1078801 0.0936305 0.0778224 0.0992715 0.1271365 0.1559262 0.0889018 0.0516229 0.0767728 0.0943257 0.0000000 0.0987926 0.1210896 0.0966359 0.0692670 0.0597527 0.0493785 0.0597766 0.1440181 0.1441449 0.1105392 0.0654532 0.0650189 0.1491297 0.1483780 0.0650260 0.0815052 0.0940363 0.0939224 0.0923279 0.1553274 0.0840350 0.1200961 0.0707711 0.0940818 0.0903977 0.0968277 0.0987531 0.0829655 0.1206270 0.0894540 0.1120046 0.0713627 0.0820628 0.0803490 0.0893723 0.1006375 0.0947309 0.0813404 0.0709459 0.0821219 0.1387084 0.0821158 0.1080684 0.1441449 0.0902988 0.0957635 0.0889366 0.0646183 0.1155110 0.1213794 0.0835504 0.1065978 0.0820921 0.0619607 0.0932068 0.1018943 0.0603065 0.0815885 0.1242993 0.0883108 0.0705967 0.0473513 
S0795      0.0766477 0.1099653 0.0390326 0.1121243 0.1088794 0.0874984 0.1175561 0.0974476 0.1348297 0.1022334 0.1583170 0.1083090 0.0946678 0.1072340 0.0948164 0.0830734 0.1173264 0.1388021 0.0758547 0.0717368 0.1352365 0.1323286 0.1006544 0.1212002 0.0704806 0.0951085 0.0985194 0.0938703 0.0000027 0.1461111 0.1402422 0.0996117 0.0741883 0.0386740 0.0543677 0.0987926 0.0000000 0.1151965 0.0957421 0.0929682 0.1098474 0.0706119 0.0873105 0.1370730 0.0654244 0.1163298 0.1106418 0.1137149 0.1337984 0.1331442 0.1156036 0.0990592 0.0943452 0.0712795 0.0978997 0.1397132 0.0947972 0.1318161 0.0711384 0.0818688 0.0895739 0.0904755 0.0980991 0.0997684 0.1393471 0.1002453 0.1123641 0.0999235 0.0876018 0.0913150 0.1001469 0.1000818 0.0996785 0.0647519 0.0763728 0.0876650 0.1447072 0.0436221 0.0948532 0.0654244 0.0780808 0.1066813 0.1004365 0.0867990 0.1268081 0.1088444 0.0942453 0.1055075 0.0869653 0.1026833 0.0999398 0.0893213 0.0992355 0.0649009 0.1011097 0.0389149 0.0933621 0.0758032 
S0888      0.1004479 0.1249370 0.1153175 0.1564427 0.1390004 0.1027768 0.1498655 0.1262477 0.1015207 0.1196432 0.1249523 0.1437716 0.1151693 0.1453072 0.1182422 0.1119358 0.1688728 0.1059251 0.1148000 0.0980374 0.1498254 0.1809480 0.1376625 0.1525606 0.0968489 0.1368350 0.1343779 0.1296878 0.1157836 0.1128698 0.1522916 0.1360896 0.0891416 0.1095358 0.1291451 0.1210896 0.1151965 0.0000000 0.1378421 0.1232068 0.1261527 0.0911907 0.1086515 0.1630041 0.1713667 0.0904310 0.1323427 0.1171356 0.1454550 0.1447135 0.1391470 0.1214469 0.0512539 0.1086939 0.1065995 0.1516985 0.1311201 0.1851503 0.0973581 0.1037638 0.1307540 0.1381378 0.1271642 0.0741681 0.1063377 0.1370952 0.0145337 0.1225728 0.1029138 0.1210698 0.1369162 0.1428031 0.1361583 0.1080220 0.0909101 0.1029917 0.1936185 0.1153331 0.1198129 0.1713667 0.1178271 0.1445044 0.1168553 0.1137723 0.1645516 0.1388235 0.1119601 0.1488485 0.1082024 0.1197345 0.1348415 0.1303383 0.1216516 0.1083567 0.1297526 0.1103753 0.1080333 0.1109013 
S0894      0.0796024 0.1019523 0.0965725 0.1201407 0.1123339 0.1083407 0.1040548 0.0892978 0.1538019 0.0997651 0.1786888 0.1118223 0.1078381 0.1163949 0.0855967 0.0797898 0.1448543 0.1577385 0.0674529 0.0844534 0.1598786 0.1554142 0.0973805 0.1075674 0.0618300 0.0396014 0.1064305 0.1023289 0.0962175 0.1656921 0.1542288 0.1083022 0.0874257 0.0900088 0.1084901 0.0966359 0.0957421 0.1378421 0.0000000 0.0901729 0.1080538 0.0786336 0.0961697 0.1555789 0.1097723 0.1271605 0.1207168 0.1107848 0.1472699 0.1465081 0.1073126 0.1029333 0.1017312 0.1143846 0.1192948 0.1536199 0.1033809 0.1540977 0.0964795 0.0781925 0.0047610 0.0096196 0.0899075 0.1037017 0.1583968 0.1029626 0.1157769 0.1037768 0.1084888 0.1065809 0.1089098 0.1207249 0.0964199 0.0723914 0.0964037 0.1085709 0.1489725 0.0955672 0.0858974 0.1097723 0.0243994 0.1157766 0.1163216 0.0959008 0.1094494 0.1008880 0.1027554 0.0858220 0.1011168 0.1071332 0.1279524 0.0344676 0.1135626 0.0951586 0.1215533 0.0906611 0.1029142 0.0901020 
S0906      0.0697305 0.0937786 0.0939534 0.1070816 0.0867637 0.0752474 0.1067217 0.0809546 0.1094656 0.0759123 0.1268826 0.0980126 0.0876118 0.0960748 0.0771571 0.0714837 0.1006974 0.1138587 0.0754304 0.0474949 0.1064940 0.1279800 0.0831679 0.0994580 0.0638502 0.1019380 0.0931762 0.0823267 0.0934432 0.1210426 0.1318713 0.0885448 0.0491729 0.0813448 0.1000674 0.0692670 0.0929682 0.1232068 0.0901729 0.0000000 0.0746640 0.0466871 0.0578703 0.1465143 0.1259312 0.1057106 0.0868729 0.0749676 0.1325710 0.1318713 0.0861897 0.0863277 0.0943545 0.0816292 0.0866247 0.1389606 0.0892256 0.1400660 0.0696952 0.0546143 0.0836976 0.0903602 0.0815209 0.0944016 0.1143127 0.0949889 0.1134741 0.0758645 0.0755251 0.0850138 0.0948933 0.1069012 0.0647083 0.0690366 0.0698581 0.0817040 0.1481732 0.0813448 0.0714225 0.1259312 0.0836013 0.0955505 0.0889364 0.0688041 0.1098810 0.0868390 0.0886775 0.1006676 0.0872829 0.0770820 0.0874967 0.0956972 0.0812165 0.0523919 0.1206544 0.0819426 0.0808436 0.0203035 
