120
PAFTOL_019361 0.0000000 0.1535004 0.1425566 0.1750721 0.1653579 0.1573375 0.2078737 0.1677762 0.1611870 0.1567833 0.1539421 0.1854893 0.2277615 0.1680831 0.1529978 0.2106587 0.1788794 0.1340831 0.2271505 0.1703631 0.1573375 0.1481705 0.1679994 0.1956160 0.1677623 0.1530642 0.1881254 0.2106587 0.1582274 0.2661022 0.1889820 0.2117583 0.1520435 0.1795147 0.1646586 0.1662298 0.1531004 0.1407074 0.1494580 0.2003668 0.2192541 0.1564375 0.2085934 0.1501199 0.1675827 0.1638662 0.1644410 0.1653672 0.1646486 0.1765235 0.1720834 0.1917055 0.1583798 0.1598724 0.1474135 0.2129302 0.1845003 0.1572035 0.1504465 0.1472003 0.1667963 0.1715492 0.2002205 0.1679478 0.2115408 0.2181553 0.1374330 0.1489754 0.1592292 0.1451858 0.1483445 0.1534173 0.1927611 0.1789231 0.1617782 0.1979041 0.1796882 0.1830018 0.1843991 0.1858458 0.1990218 0.2108689 0.1601985 0.1521781 0.1586521 0.2064024 0.1643434 0.1835496 0.1611953 0.1478891 0.1723581 0.1596708 0.1991379 0.1763264 0.1995156 0.2012706 0.1687061 0.1701946 0.1804223 0.1687255 0.2002205 0.1622867 0.1570359 0.1523606 0.1733836 0.1573925 0.1904218 0.1800827 0.1638409 0.1486619 0.1569287 0.1185024 0.1885310 0.1371215 0.1541938 0.2118005 0.1483849 0.1623794 0.1723494 0.1812449 
S0055         0.1535004 0.0000000 0.0429480 0.0771007 0.0414884 0.0196404 0.0425067 0.0642503 0.0350028 0.0350656 0.0302842 0.0764730 0.0503690 0.0638873 0.0652042 0.0430673 0.0723819 0.0306327 0.0595707 0.0246551 0.0196404 0.0308506 0.0765290 0.0297970 0.0713470 0.0415213 0.0413066 0.0430673 0.0416005 0.0692375 0.0797405 0.0432364 0.0649688 0.0353839 0.0247321 0.0709160 0.0536944 0.0356663 0.0145758 0.0585345 0.0376449 0.0839195 0.0402550 0.0247588 0.0531909 0.0480242 0.0247308 0.0604451 0.0475275 0.0419657 0.0788295 0.0522898 0.0467834 0.0722039 0.0301211 0.0945880 0.0355842 0.0585918 0.0473924 0.0367608 0.0473729 0.0303674 0.0534721 0.0644643 0.0639949 0.0946381 0.0202339 0.0304329 0.0821334 0.0701174 0.0592216 0.0302274 0.0524814 0.0407537 0.0248184 0.0960474 0.0466805 0.0640171 0.0983306 0.0588665 0.0695944 0.0431080 0.0595119 0.0732358 0.0538268 0.0422612 0.0246864 0.0466314 0.0305787 0.0355295 0.0299466 0.0198905 0.0148258 0.0402037 0.0468357 0.0915917 0.0350028 0.0406507 0.0523793 0.0528773 0.0534721 0.0658212 0.0298742 0.0406110 0.0475680 0.0707795 0.0299358 0.0707795 0.0301294 0.0195727 0.0361984 0.0303691 0.0701245 0.0589167 0.0353373 0.0637481 0.0462100 0.0410902 0.0245097 0.0466672 
S0196sl       0.1425566 0.0429480 0.0000000 0.0748488 0.0514303 0.0573790 0.0628897 0.0618136 0.0686502 0.0745115 0.0454470 0.0804679 0.0716764 0.0626879 0.0618723 0.0636751 0.0836977 0.0526293 0.0749880 0.0628712 0.0573790 0.0645832 0.0883435 0.0749455 0.0759466 0.0000010 0.0946448 0.0636751 0.0833846 0.1409039 0.0780886 0.0639240 0.0635981 0.0750815 0.0630600 0.0752933 0.0640115 0.0636796 0.0515942 0.0445433 0.0707118 0.1302491 0.0795936 0.0573790 0.0967767 0.0046660 0.0630365 0.0143754 0.0832798 0.0462744 0.0893880 0.0569909 0.0461436 0.0827045 0.0578446 0.0985150 0.0569710 0.0957415 0.0706002 0.0726326 0.0900651 0.0635026 0.0461519 0.1214214 0.0880616 0.0973890 0.0535123 0.0640103 0.1344331 0.1140948 0.0832999 0.0573102 0.0571992 0.0883639 0.0633083 0.1505709 0.0751543 0.0944235 0.0890127 0.0648184 0.0756304 0.0637335 0.0698578 0.0710657 0.0471827 0.0625320 0.0629419 0.0513489 0.0748068 0.0642013 0.0689364 0.0581434 0.0782471 0.0683968 0.1004739 0.1094078 0.0685089 0.0690179 0.0875223 0.0092487 0.0461519 0.0639609 0.0572715 0.0628336 0.0518159 0.0621384 0.0754803 0.0869751 0.0688671 0.0513647 0.0583862 0.0521640 0.0687878 0.0778678 0.0634541 0.1083110 0.0296767 0.0521408 0.0625649 0.0822082 
S0278         0.1750721 0.0771007 0.0748488 0.0000000 0.0978698 0.0977508 0.1129663 0.0232072 0.0722195 0.1163686 0.0917560 0.0604207 0.1250285 0.1104772 0.0283547 0.1143640 0.0235450 0.0732166 0.1271249 0.0970359 0.0977508 0.0995300 0.0492254 0.1097137 0.0287435 0.0787459 0.1160241 0.1143640 0.0984842 0.1654114 0.1433351 0.1148525 0.0136199 0.1116774 0.1039505 0.0230166 0.0231710 0.0964050 0.0912866 0.1187066 0.1232478 0.1677619 0.1275697 0.1040575 0.1250397 0.0862858 0.1038755 0.0999776 0.0918155 0.1204088 0.0333908 0.1170060 0.0396298 0.0282422 0.0783889 0.0363265 0.1041532 0.1103384 0.0851707 0.1065944 0.1052352 0.1032768 0.1190850 0.1442390 0.0970844 0.1633930 0.0684939 0.0671811 0.1715205 0.1501714 0.0739261 0.0720825 0.1175120 0.1151470 0.0784272 0.1888484 0.1249144 0.1159266 0.0487875 0.0547951 0.0601651 0.1144713 0.0183901 0.0255300 0.1064916 0.1122808 0.1037578 0.1104283 0.0887153 0.0679194 0.1104150 0.0990862 0.1290478 0.0718681 0.1255286 0.0489525 0.0669733 0.0722108 0.1388155 0.0909268 0.1190850 0.0554560 0.0975695 0.0606298 0.0790893 0.0183410 0.1179616 0.0325550 0.0986542 0.0965903 0.0849961 0.0725744 0.0721813 0.0927184 0.0725150 0.1172174 0.0718613 0.0718314 0.0965231 0.0673396 
S0281         0.1653579 0.0414884 0.0514303 0.0978698 0.0000000 0.0445167 0.0742706 0.0837957 0.0660090 0.0605300 0.0620434 0.0712984 0.0837296 0.0716929 0.0839141 0.0751892 0.0999775 0.0682284 0.0867595 0.0550285 0.0445167 0.0453202 0.0774342 0.0608724 0.0918361 0.0555886 0.0913267 0.0751892 0.0680135 0.1164313 0.0869690 0.0754879 0.0791748 0.0606564 0.0498206 0.0910539 0.0680712 0.0728831 0.0391554 0.0610107 0.0825934 0.1211933 0.0773570 0.0498725 0.0802673 0.0622750 0.0498080 0.0747573 0.0743726 0.0500362 0.0931813 0.0669827 0.0497434 0.0684690 0.0616572 0.1297353 0.0608216 0.0857082 0.0801684 0.0693500 0.0801816 0.0610885 0.0614240 0.1260602 0.1102645 0.0827269 0.0572152 0.0677836 0.1253926 0.1187215 0.0928930 0.0611354 0.0672308 0.0868210 0.0500028 0.1409256 0.0722747 0.0912332 0.1052269 0.0740546 0.0846697 0.0752581 0.0738466 0.0884058 0.0683972 0.0738442 0.0497301 0.0612794 0.0783599 0.0616953 0.0552875 0.0450813 0.0751349 0.0724265 0.1042255 0.1261483 0.0771534 0.0777147 0.0841303 0.0668967 0.0614240 0.0679241 0.0499375 0.0547160 0.0801122 0.0842366 0.0612746 0.0907188 0.0612284 0.0604970 0.0564479 0.0676267 0.0777959 0.0870859 0.0671650 0.1117093 0.0660707 0.0727231 0.0716298 0.0983957 
S0282         0.1573375 0.0196404 0.0573790 0.0977508 0.0445167 0.0000000 0.0626779 0.0899579 0.0380739 0.0137376 0.0289792 0.0775394 0.0714209 0.0725780 0.0787332 0.0634580 0.0998534 0.0392742 0.0747265 0.0330720 0.0000010 0.0093843 0.0838650 0.0332882 0.0917260 0.0555286 0.0714268 0.0634580 0.0343504 0.1015761 0.0885716 0.0637051 0.0790834 0.0186246 0.0045256 0.0909458 0.0679942 0.0438601 0.0045326 0.0670911 0.0638503 0.1050264 0.0588294 0.0045302 0.0451212 0.0622057 0.0092168 0.0746705 0.0398355 0.0509041 0.0930681 0.0611301 0.0612850 0.0735957 0.0336826 0.1084050 0.0499151 0.0502059 0.0616444 0.0349840 0.0450822 0.0286588 0.0675513 0.0972522 0.0772026 0.1154511 0.0293957 0.0446020 0.1092323 0.0788806 0.0734836 0.0387759 0.0613517 0.0450457 0.0234425 0.1236630 0.0336146 0.0602311 0.1050957 0.0869579 0.0978920 0.0635159 0.0737620 0.0826011 0.0631798 0.0623228 0.0045178 0.0555390 0.0546328 0.0336998 0.0091275 0.0000022 0.0567000 0.0483534 0.0606353 0.1259802 0.0538298 0.0542001 0.0439963 0.0668223 0.0675513 0.0926765 0.0091069 0.0383129 0.0558191 0.0841390 0.0234679 0.0906115 0.0235771 0.0330880 0.0451231 0.0389495 0.0905951 0.0510139 0.0386992 0.0782162 0.0659988 0.0493814 0.0431522 0.0663603 
S0288         0.2078737 0.0425067 0.0628897 0.1129663 0.0742706 0.0626779 0.0000000 0.1118884 0.0979655 0.0735361 0.0634400 0.1256734 0.0094735 0.0496305 0.1121155 0.0092200 0.1076285 0.0882875 0.0282914 0.0789203 0.0626779 0.0766185 0.1354792 0.0924223 0.1058961 0.0608548 0.1117095 0.0092200 0.0814574 0.1435705 0.0750889 0.0092507 0.1072004 0.0868686 0.0683994 0.1202709 0.0951572 0.0991068 0.0568323 0.0910174 0.0141403 0.1486854 0.1030679 0.0684718 0.0944843 0.0676923 0.0683709 0.0803628 0.0882603 0.0790494 0.1231715 0.0494810 0.0614462 0.1158038 0.0798304 0.1325442 0.0335928 0.1001266 0.1004397 0.0768248 0.0879574 0.0751247 0.0792120 0.1394542 0.1256909 0.1132472 0.0638342 0.0806993 0.1526554 0.1186446 0.1141490 0.0870501 0.0496515 0.0922932 0.0803973 0.1693455 0.0999222 0.1267865 0.1363510 0.0790874 0.0780052 0.0092276 0.1015124 0.1205223 0.0510911 0.0090624 0.0682721 0.0441500 0.0868696 0.0937956 0.0743235 0.0635120 0.0696707 0.0975852 0.0939602 0.1208502 0.1043426 0.1051588 0.1131486 0.0722899 0.0792120 0.0930258 0.0625613 0.0986786 0.0918457 0.1125065 0.0793214 0.1124479 0.0808822 0.0852110 0.0887524 0.0874727 0.0909349 0.1071888 0.0856219 0.1226097 0.0662730 0.0930180 0.0849484 0.1053544 
S0289         0.1677762 0.0642503 0.0618136 0.0232072 0.0837957 0.0899579 0.1118884 0.0000000 0.0780812 0.1079373 0.0846273 0.0490708 0.1237754 0.0957322 0.0234872 0.1132620 0.0336293 0.0791611 0.1258841 0.0956603 0.0899579 0.0915689 0.0546436 0.0894666 0.0338399 0.0657987 0.1296926 0.1132620 0.1048876 0.1487837 0.1261954 0.1137409 0.0183245 0.1033291 0.0959423 0.0183061 0.0280581 0.1026715 0.0837433 0.1032856 0.1220296 0.1606011 0.1188343 0.0960400 0.1318916 0.0727492 0.0958809 0.0855480 0.0980848 0.1047249 0.0385038 0.1019028 0.0338814 0.0332496 0.0843724 0.0441942 0.0961227 0.1168828 0.0913014 0.1132178 0.1117664 0.1017969 0.1036655 0.1374865 0.1034031 0.1536371 0.0744430 0.0730067 0.1644216 0.1433782 0.0799245 0.0831243 0.1023173 0.1160563 0.0844173 0.1814227 0.1034261 0.1225197 0.0541493 0.0496881 0.0550045 0.1133673 0.0231966 0.0255881 0.0916915 0.1112169 0.0957674 0.0956894 0.1011731 0.0738230 0.1021713 0.0911579 0.1066534 0.0776974 0.1236234 0.0488473 0.0727710 0.0780685 0.1164027 0.0773079 0.1036655 0.0438004 0.0897938 0.0662793 0.0977337 0.0136757 0.1093718 0.0375392 0.0907894 0.0889197 0.0847778 0.0784615 0.0596618 0.0990434 0.0784012 0.1238948 0.0716879 0.0898029 0.0951625 0.0853645 
S0292         0.1611870 0.0350028 0.0686502 0.0722195 0.0660090 0.0380739 0.0979655 0.0780812 0.0000000 0.0533567 0.0603427 0.0494543 0.1088592 0.0958473 0.0549064 0.0991606 0.0737568 0.0384568 0.1113003 0.0430136 0.0380739 0.0497251 0.0598015 0.0536495 0.0666565 0.0664132 0.0699064 0.0991606 0.0438426 0.1262744 0.1271673 0.0995678 0.0551432 0.0592333 0.0431335 0.0661098 0.0554842 0.0429552 0.0329771 0.0732885 0.0997965 0.1150853 0.0805034 0.0431771 0.0547379 0.0734445 0.0431252 0.0863863 0.0494239 0.0513678 0.0791397 0.0955469 0.0502219 0.0669739 0.0329934 0.0871454 0.0831680 0.0491437 0.0603172 0.0446453 0.0441293 0.0596454 0.0907275 0.0950852 0.0538613 0.1470034 0.0339898 0.0386072 0.1191440 0.1005392 0.0718761 0.0379782 0.0959286 0.0780952 0.0229728 0.1337150 0.0764525 0.0484649 0.0673501 0.0748266 0.0855633 0.0992518 0.0609641 0.0499680 0.0988769 0.0973909 0.0430579 0.0894344 0.0641031 0.0000027 0.0483373 0.0385401 0.0794384 0.0373776 0.0946911 0.0977539 0.0135946 0.0136805 0.0882284 0.0780411 0.0907275 0.0804272 0.0482264 0.0090078 0.0546278 0.0600190 0.0539860 0.0770885 0.0539499 0.0329741 0.0547541 0.0381450 0.0785976 0.0499197 0.0280400 0.0595477 0.0538905 0.0483510 0.0533555 0.0334815 
S0293         0.1567833 0.0350656 0.0745115 0.1163686 0.0605300 0.0137376 0.0735361 0.1079373 0.0533567 0.0000000 0.0443271 0.0948816 0.0828662 0.0834273 0.0963684 0.0744384 0.1188564 0.0550693 0.0858900 0.0379941 0.0137376 0.0239058 0.1015992 0.0484642 0.1100888 0.0720683 0.0884107 0.0744384 0.0500220 0.1199547 0.1002384 0.0747307 0.0968002 0.0332154 0.0184430 0.1091416 0.0853645 0.0596195 0.0184734 0.0842277 0.0689309 0.1240649 0.0749773 0.0184617 0.0559333 0.0792906 0.0234794 0.0924926 0.0558435 0.0675030 0.1116841 0.0717331 0.0781577 0.0911356 0.0490555 0.1279277 0.0602404 0.0555197 0.0785806 0.0509628 0.0612885 0.0438263 0.0848120 0.1157584 0.0944938 0.1346827 0.0449763 0.0606551 0.1281314 0.0965516 0.0910162 0.0543609 0.0719997 0.0612175 0.0382304 0.1433498 0.0489527 0.0767528 0.1241405 0.1053487 0.1165450 0.0745060 0.0913684 0.1024670 0.0741511 0.0731178 0.0184110 0.0660203 0.0709057 0.0490830 0.0232485 0.0139007 0.0674048 0.0640759 0.0772861 0.1382351 0.0698452 0.0703373 0.0598013 0.0838812 0.0848120 0.1035429 0.0231958 0.0536996 0.0724524 0.1019028 0.0382674 0.1087415 0.0384499 0.0481734 0.0613751 0.0546062 0.1087741 0.0675999 0.0542493 0.0891348 0.0828554 0.0546153 0.0586397 0.0833062 
S0294         0.1539421 0.0302842 0.0454470 0.0917560 0.0620434 0.0289792 0.0634400 0.0846273 0.0603427 0.0443271 0.0000000 0.0969809 0.0723258 0.0797119 0.0792696 0.0642379 0.1012897 0.0450961 0.0756459 0.0495448 0.0289792 0.0404155 0.0910042 0.0552619 0.0992201 0.0440230 0.0788268 0.0642379 0.0570968 0.1157967 0.0893331 0.0644901 0.0861561 0.0501371 0.0340528 0.0983615 0.0747878 0.0555694 0.0238995 0.0780852 0.0646393 0.1121343 0.0597846 0.0340883 0.0690188 0.0502127 0.0340485 0.0619612 0.0570398 0.0692395 0.1006843 0.0562670 0.0737506 0.0938674 0.0500726 0.1201085 0.0507621 0.0683437 0.0681880 0.0524186 0.0630420 0.0239239 0.0626198 0.1041117 0.0785038 0.1103967 0.0351864 0.0505879 0.1163148 0.0853165 0.0804119 0.0445141 0.0564700 0.0497167 0.0445666 0.1311329 0.0392394 0.0728844 0.1130408 0.0867126 0.0976334 0.0642972 0.0807231 0.0905853 0.0637169 0.0630764 0.0339915 0.0506974 0.0553597 0.0559982 0.0392607 0.0293404 0.0637571 0.0601317 0.0498393 0.1346639 0.0659506 0.0664226 0.0499450 0.0547722 0.0626198 0.0934542 0.0391684 0.0607457 0.0567584 0.0847120 0.0556196 0.0979959 0.0392325 0.0440607 0.0511063 0.0447165 0.0983824 0.0690782 0.0553797 0.0920383 0.0611688 0.0501940 0.0493215 0.0729667 
S0299         0.1854893 0.0764730 0.0804679 0.0604207 0.0712984 0.0775394 0.1256734 0.0490708 0.0494543 0.0948816 0.0969809 0.0000000 0.1385194 0.1085428 0.0330947 0.1272200 0.0617022 0.0726196 0.1402795 0.0830625 0.0775394 0.0789218 0.0544703 0.0835163 0.0550603 0.0842673 0.1219451 0.1272200 0.0850386 0.1426785 0.1251092 0.1277718 0.0440540 0.0950676 0.0833048 0.0440086 0.0550079 0.0832661 0.0715945 0.0969666 0.1365328 0.1603785 0.1185013 0.0833898 0.0978692 0.0919494 0.0832606 0.1058091 0.0787241 0.0791175 0.0669510 0.1149406 0.0441897 0.0553194 0.0660388 0.0686346 0.1089929 0.0845330 0.0844716 0.0867351 0.0856582 0.0889793 0.1028153 0.1372786 0.0842484 0.1259246 0.0679303 0.0666373 0.1642012 0.1431678 0.0780894 0.0654869 0.1154274 0.1102223 0.0660651 0.1811958 0.1073653 0.0898640 0.0547773 0.0609592 0.0788676 0.1273391 0.0495987 0.0316649 0.1046007 0.1249041 0.0831533 0.1084953 0.0942423 0.0450489 0.0892910 0.0785549 0.1194426 0.0712917 0.1281486 0.0785383 0.0601070 0.0605299 0.1202522 0.0965563 0.1028153 0.0680314 0.0835056 0.0387737 0.0907300 0.0384882 0.0961093 0.0652286 0.0829954 0.0766680 0.0846597 0.0719873 0.0788769 0.0795001 0.0604288 0.0907066 0.0772539 0.0830911 0.0948811 0.0786542 
S0303         0.2277615 0.0503690 0.0716764 0.1250285 0.0837296 0.0714209 0.0094735 0.1237754 0.1088592 0.0828662 0.0723258 0.1385194 0.0000000 0.0573088 0.1240638 0.0045789 0.1194322 0.0988481 0.0346000 0.0885298 0.0714209 0.0864898 0.1492630 0.1030180 0.1174324 0.0692494 0.1235512 0.0045789 0.0914902 0.1573642 0.0845835 0.0045947 0.1189544 0.0971874 0.0774904 0.1328691 0.1062114 0.1101925 0.0651901 0.1014028 0.0093652 0.1632270 0.1062525 0.0775751 0.1054293 0.0766386 0.0774507 0.0902068 0.0987994 0.0887045 0.1361968 0.0514794 0.0699557 0.1283123 0.0895974 0.1093167 0.0402619 0.1113545 0.1117140 0.0867318 0.0984421 0.0906181 0.0888696 0.1532238 0.1385629 0.1248083 0.0728056 0.0906191 0.1672091 0.1309899 0.1263899 0.0973971 0.0573381 0.1028496 0.0902654 0.1851856 0.1111463 0.1398008 0.1299190 0.0887063 0.0874580 0.0145042 0.1129741 0.1333265 0.0590778 0.0142354 0.0773406 0.0514794 0.0971932 0.1046404 0.0837892 0.0724156 0.0789907 0.1084123 0.1115992 0.1333346 0.1156482 0.1166033 0.1252519 0.0813969 0.0888696 0.1036920 0.0712828 0.1096932 0.1023865 0.1244909 0.0889994 0.1244334 0.0908281 0.0952472 0.0915565 0.0978919 0.1013045 0.1189304 0.0957304 0.1349949 0.0749738 0.1037406 0.0949291 0.1168243 
S0308         0.1680831 0.0638873 0.0626879 0.1104772 0.0716929 0.0725780 0.0496305 0.0957322 0.0958473 0.0834273 0.0797119 0.1085428 0.0573088 0.0000000 0.0958897 0.0502334 0.0980194 0.0863320 0.0608079 0.0833349 0.0725780 0.0738867 0.1173589 0.1025222 0.0900809 0.0667099 0.1035291 0.0502334 0.0730537 0.1529769 0.0847434 0.0504184 0.0911363 0.0900867 0.0783346 0.1033629 0.0917305 0.0969421 0.0666614 0.1100242 0.0565757 0.1593148 0.1131055 0.0784155 0.0853948 0.0737769 0.0782960 0.0867808 0.0914896 0.0974795 0.1186145 0.0589492 0.0435813 0.1115476 0.0781052 0.1264625 0.0481661 0.0908254 0.0731129 0.0685114 0.0792124 0.0907602 0.0976328 0.1499296 0.1100999 0.1184418 0.0562309 0.0723826 0.1631302 0.1289637 0.0853935 0.0902696 0.0591546 0.0989382 0.0904450 0.1799979 0.1029093 0.1372564 0.1181393 0.0610650 0.0602271 0.0502775 0.0978444 0.0965437 0.0549041 0.0493624 0.0781913 0.0535723 0.1089320 0.0917298 0.0843071 0.0676690 0.0783019 0.0954821 0.1111461 0.1235980 0.0951050 0.0958200 0.1158764 0.0665772 0.0976328 0.0780964 0.0724453 0.0834104 0.0988183 0.0962401 0.0892427 0.1084184 0.0909786 0.0833802 0.0858503 0.0855517 0.0648711 0.0854326 0.0837742 0.1254432 0.0648755 0.0842071 0.0893448 0.1030545 
S0320         0.1529978 0.0652042 0.0618723 0.0283547 0.0839141 0.0787332 0.1121155 0.0234872 0.0549064 0.0963684 0.0792696 0.0330947 0.1240638 0.0958897 0.0000000 0.1134964 0.0391461 0.0556541 0.1261738 0.0843464 0.0787332 0.0801561 0.0392371 0.0848136 0.0333620 0.0658651 0.1026427 0.1134964 0.0793430 0.1362831 0.1131309 0.1139776 0.0233157 0.0965599 0.0845960 0.0232920 0.0333312 0.0776861 0.0726851 0.1034745 0.1154763 0.1445241 0.1071798 0.0846834 0.1042898 0.0728351 0.0845497 0.0856735 0.0731294 0.0923498 0.0441199 0.1020832 0.0446697 0.0387018 0.0606677 0.0517776 0.0842426 0.0906569 0.0669518 0.0867257 0.0856494 0.0903637 0.0914618 0.1225407 0.0724718 0.1263457 0.0509628 0.0500116 0.1484368 0.1282787 0.0618434 0.0598211 0.1025002 0.1042135 0.0606893 0.1645463 0.1090756 0.0960395 0.0435017 0.0504240 0.0618228 0.1136023 0.0283399 0.0150299 0.0797491 0.1114397 0.0844408 0.0958477 0.0766054 0.0505287 0.0906853 0.0797797 0.1075020 0.0546491 0.1164337 0.0547540 0.0545271 0.0549067 0.1221986 0.0774057 0.0914618 0.0500252 0.0785887 0.0440228 0.0728676 0.0090469 0.0976359 0.0430034 0.0842762 0.0778346 0.0730214 0.0551808 0.0499666 0.0738568 0.0551280 0.0910162 0.0488123 0.0658517 0.0723051 0.0613581 
S0322         0.2106587 0.0430673 0.0636751 0.1143640 0.0751892 0.0634580 0.0092200 0.1132620 0.0991606 0.0744384 0.0642379 0.1272200 0.0045789 0.0502334 0.1134964 0.0000000 0.1089715 0.0893962 0.0286344 0.0798807 0.0634580 0.0775908 0.1371800 0.0935576 0.1072011 0.0615934 0.1130772 0.0000010 0.0824751 0.1453074 0.0824219 0.0000021 0.1085356 0.0879454 0.0692476 0.1217641 0.0963549 0.1003290 0.0575400 0.0921230 0.0045271 0.1505355 0.0968398 0.0693215 0.0956668 0.0685232 0.0692179 0.0813545 0.0893668 0.0800153 0.1247275 0.0500798 0.0621984 0.1172653 0.0808116 0.1074957 0.0340017 0.1013689 0.1016886 0.0778019 0.0890567 0.0821044 0.0801792 0.1411710 0.1272404 0.1145901 0.0646424 0.0817007 0.1545245 0.1201021 0.1155726 0.0881308 0.0502551 0.0934234 0.0813913 0.1714433 0.1011638 0.1283578 0.1191335 0.0800502 0.0789457 0.0093426 0.1027869 0.1221776 0.0517282 0.0091734 0.0691174 0.0446864 0.0879468 0.0949639 0.0752431 0.0643118 0.0705482 0.0987714 0.1080223 0.1297614 0.1056142 0.1064504 0.1145519 0.0731639 0.0801792 0.0941721 0.0633387 0.0998899 0.0929714 0.1138942 0.0802912 0.1138354 0.0818876 0.0862496 0.0825001 0.0885633 0.0920385 0.1085227 0.0866698 0.1240890 0.0670730 0.0941698 0.0859801 0.1066498 
S0327         0.1788794 0.0723819 0.0836977 0.0235450 0.0999775 0.0998534 0.1076285 0.0336293 0.0737568 0.1188564 0.1012897 0.0617022 0.1194322 0.0980194 0.0391461 0.1089715 0.0000000 0.0747925 0.1216794 0.0932309 0.0998534 0.1017006 0.0502671 0.1120562 0.0189517 0.0875741 0.1052741 0.1089715 0.0863516 0.1448316 0.1293499 0.1094366 0.0139053 0.1140931 0.1061828 0.0234960 0.0236572 0.0916674 0.0932467 0.1297632 0.1177267 0.1533480 0.1228103 0.1062945 0.1035890 0.0956261 0.1061029 0.1101194 0.0799383 0.1139558 0.0340951 0.1043419 0.0295109 0.0288373 0.0670528 0.0448843 0.0861355 0.0979233 0.0735558 0.0940394 0.0928545 0.0995375 0.1216786 0.1306999 0.0923158 0.1493469 0.0572166 0.0561309 0.1572190 0.1365358 0.0625577 0.0788688 0.1047771 0.1196454 0.0801022 0.1738441 0.1276117 0.1183934 0.0498104 0.0449604 0.0502761 0.1090744 0.0187764 0.0261181 0.0939230 0.1069750 0.0983737 0.0979750 0.0849154 0.0693940 0.1127861 0.1012428 0.1155344 0.0733910 0.1219518 0.0386916 0.0684062 0.0737468 0.1418125 0.1003774 0.1216786 0.0448212 0.0996654 0.0619191 0.0934502 0.0284743 0.1051717 0.0229580 0.1007879 0.0918457 0.0868192 0.0741243 0.0610553 0.0859119 0.0613582 0.1098348 0.0608106 0.0855444 0.0927329 0.0678280 
S0335         0.1340831 0.0306327 0.0526293 0.0732166 0.0682284 0.0392742 0.0882875 0.0791611 0.0384568 0.0550693 0.0450961 0.0726196 0.0988481 0.0863320 0.0556541 0.0893962 0.0747925 0.0000000 0.1015896 0.0395440 0.0392742 0.0513617 0.0556867 0.0553813 0.0675762 0.0509171 0.0557563 0.0893962 0.0561018 0.1224837 0.1024031 0.0897667 0.0558974 0.0549764 0.0445026 0.0670156 0.0562470 0.0387871 0.0340064 0.0932558 0.0899778 0.0972069 0.0651700 0.0445491 0.0677897 0.0575332 0.0444932 0.0699705 0.0503775 0.0757177 0.0802453 0.0793378 0.0688387 0.0739286 0.0236709 0.0987311 0.0737185 0.0668553 0.0396350 0.0514962 0.0619308 0.0555755 0.0744614 0.0897612 0.0602206 0.1148493 0.0293664 0.0339368 0.1014040 0.0834382 0.0505945 0.0284629 0.0796452 0.0615995 0.0336093 0.1152980 0.0660426 0.0658326 0.0799165 0.0892793 0.1005080 0.0894803 0.0618041 0.0566850 0.0757056 0.0877609 0.0444216 0.0733858 0.0437310 0.0286766 0.0498845 0.0397704 0.0697534 0.0383309 0.0725705 0.0991346 0.0436400 0.0439367 0.0775992 0.0622209 0.0744614 0.0815676 0.0497662 0.0387007 0.0395976 0.0608329 0.0496875 0.0781425 0.0386813 0.0388604 0.0396473 0.0187971 0.0929732 0.0508912 0.0285558 0.0778281 0.0495069 0.0337215 0.0393696 0.0394749 
S0355         0.2271505 0.0595707 0.0749880 0.1271249 0.0867595 0.0747265 0.0282914 0.1258841 0.1113003 0.0858900 0.0756459 0.1402795 0.0346000 0.0608079 0.1261738 0.0286344 0.1216794 0.1015896 0.0000000 0.0914111 0.0747265 0.0825306 0.1507881 0.1056064 0.1196991 0.0725152 0.1256593 0.0286344 0.0943790 0.1527694 0.0943307 0.0287338 0.1212094 0.0999292 0.0806591 0.1347829 0.1087897 0.1126284 0.0686230 0.1040001 0.0341768 0.1583194 0.1164858 0.0807444 0.1080115 0.0797921 0.0806168 0.0930908 0.1015368 0.0915938 0.1380607 0.0606223 0.0732359 0.1303706 0.0924837 0.1535500 0.0440747 0.1137783 0.1141346 0.0897790 0.1011792 0.0939798 0.0917522 0.1546199 0.1403254 0.1268233 0.0761367 0.0935111 0.1622598 0.1271487 0.1284705 0.1001390 0.0608398 0.1054347 0.0931548 0.1796177 0.1005667 0.1415419 0.1517174 0.0915832 0.0903345 0.0286587 0.1153887 0.1284224 0.0626352 0.0185080 0.0805080 0.0550870 0.1128504 0.1072288 0.0868186 0.0757385 0.0874693 0.1108546 0.1206263 0.1576389 0.1179325 0.1188809 0.1215519 0.0844072 0.0917522 0.1062722 0.0745865 0.1121312 0.1049858 0.1265921 0.0918829 0.1265369 0.0937170 0.0979874 0.0953459 0.1006335 0.1039014 0.1211836 0.0984719 0.1368056 0.0781096 0.1063341 0.0976660 0.1190997 
S0376         0.1703631 0.0246551 0.0628712 0.0970359 0.0550285 0.0330720 0.0789203 0.0956603 0.0430136 0.0379941 0.0495448 0.0830625 0.0885298 0.0833349 0.0843464 0.0798807 0.0932309 0.0395440 0.0914111 0.0000000 0.0330720 0.0444208 0.0777401 0.0484137 0.0975459 0.0608368 0.0388974 0.0798807 0.0608043 0.0891121 0.1129327 0.0801962 0.0847215 0.0487961 0.0380607 0.0967143 0.0852688 0.0489413 0.0280617 0.0841337 0.0685796 0.1045760 0.0694079 0.0380992 0.0725130 0.0676751 0.0380548 0.0803497 0.0668589 0.0674281 0.1115558 0.0830774 0.0611063 0.0918968 0.0386589 0.1283750 0.0601007 0.0777805 0.0670674 0.0619622 0.0724402 0.0334960 0.0847167 0.1029759 0.0827092 0.1277930 0.0503662 0.0605897 0.1087711 0.0963212 0.0790735 0.0543032 0.0833958 0.0660115 0.0381911 0.1231359 0.0654864 0.0766692 0.1111073 0.0857926 0.0966035 0.0799531 0.0912643 0.0889080 0.0859121 0.0784709 0.0379941 0.0771959 0.0597833 0.0335705 0.0431846 0.0334746 0.0673300 0.0534146 0.0771051 0.1323085 0.0589742 0.0593823 0.0769396 0.0722743 0.0847167 0.0802610 0.0430857 0.0432852 0.0611562 0.0897834 0.0436644 0.1086188 0.0436388 0.0379737 0.0613079 0.0440067 0.0963573 0.0675250 0.0437229 0.0712102 0.0713876 0.0440076 0.0280383 0.0605737 
S0400         0.1573375 0.0196404 0.0573790 0.0977508 0.0445167 0.0000010 0.0626779 0.0899579 0.0380739 0.0137376 0.0289792 0.0775394 0.0714209 0.0725780 0.0787332 0.0634580 0.0998534 0.0392742 0.0747265 0.0330720 0.0000000 0.0093843 0.0838650 0.0332882 0.0917260 0.0555286 0.0714268 0.0634580 0.0343504 0.1015761 0.0885716 0.0637051 0.0790834 0.0186246 0.0045256 0.0909458 0.0679942 0.0438601 0.0045326 0.0670911 0.0638503 0.1050264 0.0588294 0.0045302 0.0451212 0.0622057 0.0092168 0.0746705 0.0398355 0.0509041 0.0930681 0.0611301 0.0612850 0.0735957 0.0336826 0.1084050 0.0499151 0.0502059 0.0616444 0.0349840 0.0450822 0.0286588 0.0675513 0.0972522 0.0772026 0.1154511 0.0293957 0.0446020 0.1092323 0.0788806 0.0734836 0.0387759 0.0613517 0.0450457 0.0234425 0.1236630 0.0336146 0.0602311 0.1050957 0.0869579 0.0978920 0.0635159 0.0737620 0.0826011 0.0631798 0.0623228 0.0045178 0.0555390 0.0546328 0.0336998 0.0091275 0.0000022 0.0567000 0.0483534 0.0606353 0.1259802 0.0538298 0.0542001 0.0439963 0.0668223 0.0675513 0.0926765 0.0091069 0.0383129 0.0558191 0.0841390 0.0234679 0.0906115 0.0235771 0.0330880 0.0451231 0.0389495 0.0905951 0.0510139 0.0386992 0.0782162 0.0659988 0.0493814 0.0431522 0.0663603 
S0405         0.1481705 0.0308506 0.0645832 0.0995300 0.0453202 0.0093843 0.0766185 0.0915689 0.0497251 0.0239058 0.0404155 0.0789218 0.0864898 0.0738867 0.0801561 0.0775908 0.1017006 0.0513617 0.0825306 0.0444208 0.0093843 0.0000000 0.0853685 0.0447196 0.0933974 0.0686835 0.0854019 0.0775908 0.0404247 0.1100957 0.0970535 0.0779082 0.0805178 0.0239573 0.0141748 0.0925905 0.0692393 0.0560519 0.0141984 0.0810712 0.0780916 0.1041755 0.0717570 0.0141896 0.0516348 0.0760028 0.0192547 0.0894484 0.0461552 0.0639724 0.0947822 0.0746744 0.0623951 0.0749367 0.0452770 0.1084050 0.0626817 0.0568670 0.0627644 0.0411916 0.0515887 0.0344182 0.0816487 0.1132711 0.0915997 0.1175349 0.0353283 0.0510346 0.1259404 0.0936506 0.0748219 0.0449042 0.0749640 0.0576003 0.0342911 0.1414985 0.0395419 0.0735060 0.1070199 0.0885636 0.0996765 0.0776639 0.0751101 0.0842666 0.0705555 0.0761656 0.0141495 0.0687155 0.0613530 0.0453026 0.0190603 0.0094988 0.0637380 0.0606434 0.0740280 0.1283119 0.0604275 0.0608553 0.0503176 0.0807298 0.0816487 0.0943778 0.0190158 0.0389898 0.0627134 0.0856493 0.0343263 0.0922453 0.0344938 0.0444434 0.0516467 0.0509182 0.0922326 0.0577952 0.0505772 0.0928168 0.0797129 0.0559235 0.0551087 0.0801599 
S0407sl       0.1679994 0.0765290 0.0883435 0.0492254 0.0774342 0.0838650 0.1354792 0.0546436 0.0598015 0.1015992 0.0910042 0.0544703 0.1492630 0.1173589 0.0392371 0.1371800 0.0502671 0.0556867 0.1507881 0.0777401 0.0838650 0.0853685 0.0000000 0.1021722 0.0440493 0.0921075 0.0956279 0.1371800 0.0845029 0.1556114 0.1348516 0.1377957 0.0335102 0.0960497 0.0897636 0.0437003 0.0440080 0.0827493 0.0777618 0.1190199 0.1381229 0.1501553 0.1124186 0.0898553 0.1096431 0.1002171 0.0897108 0.1147505 0.0782262 0.1071601 0.0553889 0.1240226 0.0512474 0.0496945 0.0656198 0.0798710 0.1178591 0.0958568 0.0719808 0.0920080 0.0908686 0.0955525 0.1114187 0.1279776 0.0833107 0.1547418 0.0559574 0.0549147 0.1540023 0.1337178 0.0611959 0.0647010 0.1245712 0.1095462 0.0656454 0.1702715 0.1085127 0.1012460 0.0601934 0.0626309 0.0682957 0.1373111 0.0388002 0.0375204 0.1134245 0.1346255 0.0895999 0.1173073 0.0815964 0.0500221 0.0958972 0.0849779 0.1130254 0.0546807 0.1218356 0.0724629 0.0593859 0.0597996 0.1215823 0.1049074 0.1114187 0.0674276 0.0899830 0.0488280 0.0779485 0.0382212 0.0971152 0.0539732 0.0838199 0.0829062 0.0781206 0.0600960 0.0731228 0.0789944 0.0600414 0.1023350 0.0778335 0.0708091 0.0773547 0.0552865 
S0412sl       0.1956160 0.0297970 0.0749455 0.1097137 0.0608724 0.0332882 0.0924223 0.0894666 0.0536495 0.0484642 0.0552619 0.0835163 0.1030180 0.1025222 0.0848136 0.0935576 0.1120562 0.0553813 0.1056064 0.0484137 0.0332882 0.0447196 0.1021722 0.0000000 0.1042438 0.0724764 0.0772657 0.0935576 0.0612151 0.0837403 0.1212103 0.0939399 0.0905363 0.0488923 0.0383097 0.0904435 0.0792612 0.0599514 0.0282445 0.0847063 0.0941562 0.0989232 0.0643475 0.0383487 0.0730063 0.0797447 0.0383037 0.0930281 0.0673136 0.0678909 0.1050492 0.0783904 0.0786014 0.0917745 0.0493295 0.1175023 0.0778880 0.0783062 0.0674392 0.0623882 0.0729324 0.0546236 0.0852959 0.1036802 0.0950215 0.1489176 0.0507097 0.0609986 0.1031728 0.0969760 0.0915358 0.0546643 0.0786902 0.0614878 0.0384418 0.1173602 0.0656142 0.0771810 0.1248519 0.1059587 0.1172109 0.0936440 0.0851608 0.0954943 0.0932679 0.0918806 0.0382422 0.0725147 0.0713014 0.0493573 0.0333061 0.0336960 0.0740617 0.0644276 0.0833466 0.1314450 0.0646518 0.0707271 0.0770878 0.0843559 0.0852959 0.1118589 0.0433675 0.0539961 0.0728641 0.0902779 0.0386371 0.1022895 0.0437254 0.0484380 0.0612823 0.0549122 0.1093906 0.0795476 0.0545516 0.0962505 0.0833200 0.0658383 0.0484039 0.0837754 
S0417         0.1677623 0.0713470 0.0759466 0.0287435 0.0918361 0.0917260 0.1058961 0.0338399 0.0666565 0.1100888 0.0992201 0.0550603 0.1174324 0.0900809 0.0333620 0.1072011 0.0189517 0.0675762 0.1196991 0.0975459 0.0917260 0.0933974 0.0440493 0.1042438 0.0000000 0.0798674 0.1094908 0.1072011 0.0787853 0.1487869 0.1199946 0.1076516 0.0139898 0.0978525 0.0978381 0.0236400 0.0238037 0.0839595 0.0853740 0.1203464 0.1157797 0.1433759 0.1140518 0.0979393 0.1035186 0.0875204 0.0977727 0.1013979 0.0613170 0.1138694 0.0343119 0.0961825 0.0289361 0.0290184 0.0602635 0.0450140 0.0904476 0.0900102 0.0664968 0.0860988 0.0850373 0.1038131 0.1040533 0.1216102 0.0786786 0.1396771 0.0506228 0.0496844 0.1472691 0.1273022 0.0558215 0.0716654 0.0965687 0.1184081 0.0727488 0.1632046 0.1105493 0.0971938 0.0436632 0.0445600 0.0498248 0.1073006 0.0188918 0.0204303 0.0859788 0.1052622 0.0976566 0.0900402 0.0891769 0.0623132 0.1042036 0.0929728 0.1066800 0.0663348 0.1180247 0.0389353 0.0552183 0.0666511 0.1238676 0.0922029 0.1040533 0.0387999 0.0915558 0.0552534 0.0855696 0.0231199 0.0969226 0.0282748 0.0853902 0.0841206 0.0797008 0.0669871 0.0544881 0.0783969 0.0547651 0.0954959 0.0542872 0.0780532 0.0970265 0.0609446 
S0419         0.1530642 0.0415213 0.0000010 0.0787459 0.0555886 0.0555286 0.0608548 0.0657987 0.0664132 0.0720683 0.0440230 0.0842673 0.0692494 0.0667099 0.0658651 0.0615934 0.0875741 0.0509171 0.0725152 0.0608368 0.0555286 0.0686835 0.0921075 0.0724764 0.0798674 0.0000000 0.0914254 0.0615934 0.0868782 0.1432147 0.0817150 0.0618261 0.0676544 0.0786456 0.0610139 0.0791941 0.0680858 0.0615948 0.0499465 0.0431727 0.0683478 0.1324064 0.0769934 0.0610773 0.1000414 0.0045299 0.0609929 0.0139456 0.0867694 0.0448000 0.0931603 0.0551654 0.0503835 0.0865609 0.0559652 0.0985150 0.0551466 0.0989931 0.0746228 0.0763892 0.0934460 0.0672727 0.0446873 0.1237738 0.0850876 0.1009149 0.0575452 0.0677985 0.1364518 0.1166103 0.0871725 0.0611565 0.0553602 0.0853826 0.0612456 0.1521933 0.0787198 0.0912159 0.0927792 0.0689242 0.0795464 0.0616482 0.0738545 0.0754326 0.0512739 0.0605190 0.0609025 0.0497158 0.0783619 0.0620813 0.0666827 0.0562448 0.0818848 0.0661766 0.0970499 0.1129154 0.0721561 0.0726811 0.0908727 0.0089812 0.0446873 0.0680257 0.0554273 0.0668644 0.0557618 0.0661369 0.0729746 0.0907023 0.0666190 0.0497310 0.0622792 0.0504812 0.0727549 0.0876360 0.0613831 0.1045493 0.0287638 0.0561045 0.0605502 0.0794418 
S0427         0.1881254 0.0413066 0.0946448 0.1160241 0.0913267 0.0714268 0.1117095 0.1296926 0.0699064 0.0884107 0.0788268 0.1219451 0.1235512 0.1035291 0.1026427 0.1130772 0.1052741 0.0557563 0.1256593 0.0388974 0.0714268 0.0854019 0.0956279 0.0772657 0.1094908 0.0914254 0.0000000 0.1130772 0.0835870 0.1017353 0.1502435 0.1049840 0.1031031 0.0896902 0.0770708 0.1156052 0.1037789 0.0547384 0.0656264 0.1311696 0.1008390 0.1031524 0.0822107 0.0771492 0.0884602 0.0994365 0.0770343 0.1137924 0.0901593 0.1125154 0.1314045 0.1157146 0.0916280 0.1111247 0.0598035 0.1608447 0.0903006 0.1015789 0.0667748 0.0791531 0.0898616 0.0724359 0.1180623 0.0956768 0.0772573 0.1421353 0.0611350 0.0714776 0.0952257 0.1011538 0.0905694 0.0708427 0.1162079 0.0670283 0.0648580 0.1214067 0.1090658 0.1068465 0.1308884 0.1122959 0.1236496 0.1131821 0.1100319 0.1041594 0.1198840 0.1110408 0.0769322 0.1092273 0.0654710 0.0601768 0.0714666 0.0666006 0.0926861 0.0696623 0.0847888 0.1452134 0.0755400 0.0760770 0.1095031 0.1040849 0.1180623 0.0999709 0.0827265 0.0703703 0.0783716 0.1082179 0.0775984 0.1151823 0.0838558 0.0548422 0.0847525 0.0601621 0.1233163 0.0904938 0.0651288 0.0886273 0.0824752 0.0711939 0.0439274 0.0714579 
S0430         0.2106587 0.0430673 0.0636751 0.1143640 0.0751892 0.0634580 0.0092200 0.1132620 0.0991606 0.0744384 0.0642379 0.1272200 0.0045789 0.0502334 0.1134964 0.0000010 0.1089715 0.0893962 0.0286344 0.0798807 0.0634580 0.0775908 0.1371800 0.0935576 0.1072011 0.0615934 0.1130772 0.0000000 0.0824751 0.1453074 0.0824219 0.0000021 0.1085356 0.0879454 0.0692476 0.1217641 0.0963549 0.1003290 0.0575400 0.0921230 0.0045271 0.1505355 0.0968398 0.0693215 0.0956668 0.0685232 0.0692179 0.0813545 0.0893668 0.0800153 0.1247275 0.0500798 0.0621984 0.1172653 0.0808116 0.1074957 0.0340017 0.1013689 0.1016886 0.0778019 0.0890567 0.0821044 0.0801792 0.1411710 0.1272404 0.1145901 0.0646424 0.0817007 0.1545245 0.1201021 0.1155726 0.0881308 0.0502551 0.0934234 0.0813913 0.1714433 0.1011638 0.1283578 0.1191335 0.0800502 0.0789457 0.0093426 0.1027869 0.1221776 0.0517282 0.0091734 0.0691174 0.0446864 0.0879468 0.0949639 0.0752431 0.0643118 0.0705482 0.0987714 0.1080223 0.1297614 0.1056142 0.1064504 0.1145519 0.0731639 0.0801792 0.0941721 0.0633387 0.0998899 0.0929714 0.1138942 0.0802912 0.1138354 0.0818876 0.0862496 0.0825001 0.0885633 0.0920385 0.1085227 0.0866698 0.1240890 0.0670730 0.0941698 0.0859801 0.1066498 
S0552sl       0.1582274 0.0416005 0.0833846 0.0984842 0.0680135 0.0343504 0.0814574 0.1048876 0.0438426 0.0500220 0.0570968 0.0850386 0.0914902 0.0730537 0.0793430 0.0824751 0.0863516 0.0561018 0.0943790 0.0608043 0.0343504 0.0404247 0.0845029 0.0612151 0.0787853 0.0868782 0.0835870 0.0824751 0.0000000 0.1088084 0.0958739 0.0828104 0.0796977 0.0449374 0.0395354 0.0916333 0.0685392 0.0548986 0.0291414 0.1000283 0.0830023 0.1109296 0.0830730 0.0395775 0.0184707 0.0792096 0.0395287 0.1092465 0.0232834 0.0822156 0.0937807 0.0794186 0.0617787 0.0807914 0.0386817 0.0995127 0.0674164 0.0136903 0.0379713 0.0092042 0.0091042 0.0452531 0.1007530 0.1030250 0.0779673 0.1218384 0.0046106 0.0186506 0.1150744 0.0844689 0.0484468 0.0444230 0.0797265 0.0752975 0.0287993 0.1296775 0.0618680 0.0781774 0.1058773 0.0876337 0.0986274 0.0825519 0.0743456 0.0833084 0.0697361 0.0809804 0.0394642 0.0734642 0.0606812 0.0394384 0.0448654 0.0347846 0.0630137 0.0544451 0.0923723 0.1112615 0.0491321 0.0494706 0.0735050 0.0995905 0.1007530 0.0933846 0.0447584 0.0386299 0.0620127 0.0847793 0.0496613 0.0847212 0.0505957 0.0550030 0.0510748 0.0556210 0.0912801 0.0184886 0.0437433 0.0772670 0.0713769 0.0553142 0.0720140 0.0606546 
S0558         0.2661022 0.0692375 0.1409039 0.1654114 0.1164313 0.1015761 0.1435705 0.1487837 0.1262744 0.1199547 0.1157967 0.1426785 0.1573642 0.1529769 0.1362831 0.1453074 0.1448316 0.1224837 0.1527694 0.0891121 0.1015761 0.1100957 0.1556114 0.0837403 0.1487869 0.1432147 0.1017353 0.1453074 0.1088084 0.0000000 0.1693702 0.1459444 0.1506770 0.1142678 0.1077010 0.1505288 0.1519082 0.1277611 0.0951740 0.1537134 0.1324624 0.0907512 0.0992677 0.1078097 0.1097662 0.1530637 0.1076217 0.1700212 0.1160334 0.1479527 0.1634883 0.1473143 0.1078754 0.1392217 0.1073986 0.1718069 0.1200977 0.1153308 0.1143536 0.0975569 0.1022497 0.0903448 0.1596011 0.1281471 0.1613442 0.1606958 0.0902094 0.1010354 0.1023291 0.1211379 0.1280293 0.1075145 0.1479907 0.1026749 0.1081683 0.0914262 0.1350700 0.1568708 0.1679461 0.1360086 0.1475359 0.1454412 0.1448416 0.1399481 0.1243530 0.1426911 0.1075060 0.1403928 0.1016663 0.1224741 0.1016346 0.1029398 0.0972554 0.1184707 0.1353546 0.1802873 0.1247584 0.1257301 0.1225297 0.1576696 0.1596011 0.1232775 0.1138169 0.1196113 0.1296914 0.1421756 0.0945651 0.1559316 0.1087963 0.1128331 0.1107938 0.1213495 0.1390118 0.1355411 0.1133868 0.1413062 0.1390879 0.1206640 0.0998175 0.1398268 
S0616         0.1889820 0.0797405 0.0780886 0.1433351 0.0869690 0.0885716 0.0750889 0.1261954 0.1271673 0.1002384 0.0893331 0.1251092 0.0845835 0.0847434 0.1131309 0.0824219 0.1293499 0.1024031 0.0943307 0.1129327 0.0885716 0.0970535 0.1348516 0.1212103 0.1199946 0.0817150 0.1502435 0.0824219 0.0958739 0.1693702 0.0000000 0.0827570 0.1215125 0.1015180 0.0948303 0.1351224 0.1090618 0.1206806 0.0820841 0.1082796 0.0901741 0.1599805 0.1245012 0.0949317 0.1097705 0.0896006 0.0947676 0.1038876 0.0890367 0.0953272 0.1194002 0.0728661 0.0929188 0.1307032 0.0931913 0.1318756 0.0561180 0.1080766 0.1074011 0.0850292 0.1028032 0.0881849 0.0882152 0.1387050 0.1492741 0.1162288 0.0706562 0.0813910 0.1639382 0.1284354 0.1113412 0.0878067 0.0731409 0.1159030 0.1080880 0.1815200 0.1077144 0.1415673 0.1521094 0.1151513 0.1267825 0.0824987 0.1156782 0.1369848 0.0244448 0.0809276 0.0946490 0.0670632 0.1070281 0.1140340 0.1013493 0.0898103 0.0817128 0.1266325 0.1216259 0.1414493 0.1198362 0.1208174 0.1213607 0.0943822 0.0882152 0.1065318 0.0950746 0.1201386 0.1167461 0.1269067 0.1065566 0.1268515 0.0944452 0.1054793 0.0895389 0.0869696 0.1055303 0.1081606 0.0992343 0.1454484 0.0677103 0.1005610 0.1065230 0.1200746 
S0620         0.2117583 0.0432364 0.0639240 0.1148525 0.0754879 0.0637051 0.0092507 0.1137409 0.0995678 0.0747307 0.0644901 0.1277718 0.0045947 0.0504184 0.1139776 0.0000021 0.1094366 0.0897667 0.0287338 0.0801962 0.0637051 0.0779082 0.1377957 0.0939399 0.1076516 0.0618261 0.1049840 0.0000021 0.0828104 0.1459444 0.0827570 0.0000000 0.1089977 0.0883040 0.0695198 0.1222922 0.0967594 0.1007456 0.0577607 0.0924943 0.0045419 0.1512179 0.0972282 0.0695944 0.0956668 0.0687887 0.0694898 0.0816813 0.0897365 0.0803314 0.1252799 0.0502643 0.0624357 0.1177790 0.0811342 0.1081640 0.0341221 0.1017934 0.1021156 0.0781210 0.0894238 0.0824373 0.0804963 0.1417963 0.1277933 0.1150593 0.0648993 0.0820301 0.1552174 0.1206160 0.1160712 0.0884909 0.0504404 0.0938047 0.0817191 0.1722377 0.1015866 0.1289193 0.1196401 0.0803658 0.0792533 0.0093735 0.1032235 0.1227644 0.0519243 0.0092038 0.0693886 0.0448489 0.0883056 0.0953585 0.0755422 0.0645648 0.0708305 0.0991751 0.1084799 0.1303361 0.1060527 0.1068955 0.1150425 0.0734464 0.0804963 0.0945585 0.0635848 0.1003038 0.0933506 0.1143785 0.0806093 0.1143195 0.0822185 0.0865945 0.0828368 0.0889268 0.0924090 0.1089844 0.0870184 0.1246144 0.0673281 0.0945580 0.0863223 0.1070964 
