118
S0055      0.0000000 0.0561565 0.0599629 0.0814654 0.1144979 0.0611824 0.1002998 0.0339861 0.1232863 0.1013340 0.1086400 0.0907863 0.0636623 0.0503520 0.0545686 0.0480608 0.1056904 0.0798378 0.0848228 0.0631798 0.0658603 0.0939347 0.1049546 0.0971593 0.0830480 0.0758394 0.1577157 0.1033984 0.0625611 0.0513978 0.0971678 0.0753632 0.0529704 0.0446550 0.0664009 0.1116891 0.1076173 0.0755875 0.1156933 0.0887261 0.0573767 0.0691179 0.0599614 0.0601884 0.0656989 0.0871863 0.0555593 0.0808145 0.1239711 0.0669127 0.0820768 0.0631563 0.1035547 0.0809148 0.0898412 0.0881839 0.0749505 0.1018742 0.1083491 0.1216162 0.1529466 0.0891464 0.0813361 0.1322621 0.0660355 0.1119526 0.0491268 0.0866184 0.0634898 0.1212485 0.0598365 0.0664044 0.0974991 0.0569736 0.0520063 0.0660620 0.0960627 0.0760670 0.0755453 0.0778932 0.0990316 0.1103773 0.1055347 0.0569736 0.1250059 0.0582547 0.0398512 0.0420045 0.0521581 0.0470887 0.0817907 0.0785120 0.0753553 0.0552551 0.0528059 0.1127256 0.0467401 0.0601884 0.0724764 0.0722375 0.0601307 0.0584690 0.0458790 0.0517601 0.1009202 0.0454074 0.0875224 0.0601986 0.0502665 0.0550521 0.0694791 0.0635348 0.0633565 0.1141609 0.0486541 0.0538836 0.0653497 0.0547750 
S0281      0.0561565 0.0000000 0.0922006 0.0949222 0.1179061 0.0799167 0.1516411 0.0570654 0.1173390 0.1108615 0.1028799 0.0982954 0.0708986 0.0625712 0.0891216 0.0764368 0.1226148 0.1271361 0.0858154 0.0651209 0.0724199 0.1168042 0.0933023 0.1044656 0.0958724 0.0871199 0.1407342 0.1011015 0.1045604 0.0891968 0.1021197 0.0857101 0.0817200 0.0677470 0.0491499 0.0996668 0.1158743 0.0929555 0.1034303 0.1000335 0.0894407 0.0707492 0.0921967 0.0648372 0.0645811 0.0781232 0.0466606 0.0905391 0.1194847 0.0745872 0.0947658 0.0768504 0.1028176 0.0659617 0.0871772 0.1165071 0.0681608 0.1144141 0.1163941 0.1112240 0.1367600 0.0954377 0.0898505 0.1414607 0.0649697 0.1309509 0.0932147 0.0883770 0.0573140 0.1108929 0.0861033 0.0768048 0.1096940 0.0887735 0.0835355 0.0766210 0.1028640 0.0838220 0.0899973 0.0943574 0.0999563 0.1050471 0.1060601 0.0887735 0.1352664 0.0708101 0.0614475 0.0700067 0.0807918 0.0742122 0.0857588 0.1069885 0.0857772 0.0772868 0.0684987 0.1046354 0.0743277 0.0619019 0.0602377 0.0895202 0.0924731 0.0685004 0.0506632 0.0802628 0.0955036 0.0740432 0.1044109 0.0866935 0.0628582 0.0681702 0.0808322 0.0660132 0.0770992 0.1059056 0.0560180 0.0615498 0.0763093 0.0654188 
S0282      0.0599629 0.0922006 0.0000000 0.0890518 0.1284681 0.0821876 0.0365876 0.0304736 0.1402223 0.1289278 0.1249578 0.1017552 0.0848691 0.0484127 0.0110963 0.0114326 0.1184039 0.0855437 0.1009303 0.0846067 0.0722866 0.0867796 0.1211565 0.1044153 0.1126833 0.0919191 0.1568964 0.1167130 0.0547971 0.0111045 0.1064987 0.0818504 0.0439523 0.0203944 0.0818446 0.1215815 0.1184831 0.0596015 0.1325647 0.0836027 0.0297112 0.0846526 0.0088573 0.0784783 0.0810329 0.0939047 0.0710342 0.0879651 0.1270906 0.0851750 0.0892431 0.0725791 0.1102614 0.0913069 0.1100016 0.0703901 0.1085189 0.1188606 0.0992018 0.1345194 0.1629628 0.0986126 0.0939280 0.1357159 0.0814486 0.1255249 0.0660105 0.1020523 0.0907979 0.1381498 0.0422541 0.0875720 0.1010752 0.0110598 0.0423529 0.0758134 0.1122703 0.0951555 0.0886018 0.0880002 0.1157505 0.1300704 0.1218190 0.0110598 0.1430172 0.0851979 0.0552918 0.0113103 0.0134824 0.0478513 0.1006826 0.0591519 0.0881183 0.0791956 0.0707446 0.1261977 0.0371820 0.0754042 0.1000153 0.0816074 0.0088796 0.0852328 0.0614511 0.0319652 0.1017994 0.0388102 0.0949223 0.0669293 0.0767244 0.0729454 0.0881126 0.0842764 0.0640224 0.1216177 0.0556213 0.0665782 0.0665329 0.0561436 
S0288      0.0814654 0.0949222 0.0890518 0.0000000 0.1273106 0.0888673 0.0000010 0.0751338 0.1478395 0.0727823 0.0039514 0.0896744 0.0793116 0.0906092 0.0897816 0.0958000 0.1190807 0.0000010 0.0893129 0.0954286 0.0945497 0.0000010 0.0079478 0.1077547 0.1052209 0.1156566 0.1102720 0.1026328 0.1181413 0.0899318 0.1042080 0.0718689 0.0840899 0.0956298 0.0994869 0.0160948 0.1061262 0.1322421 0.0119951 0.0769714 0.0950597 0.0955316 0.0898296 0.0899488 0.0893726 0.0990270 0.0781726 0.0781114 0.0930023 0.0776275 0.1019100 0.0670310 0.0422747 0.0840243 0.0936727 0.0867703 0.1061209 0.1228414 0.0891557 0.0979721 0.0943969 0.1246912 0.1119026 0.0943518 0.0893726 0.0992848 0.0854696 0.0952660 0.1007695 0.0974836 0.1109217 0.0779760 0.0755932 0.0889329 0.1051821 0.0893218 0.0988929 0.0831970 0.0832562 0.0946008 0.1031598 0.0785094 0.0080137 0.0944297 0.0886110 0.0736102 0.0649524 0.0889329 0.0951324 0.0883290 0.1133419 0.0786617 0.1006403 0.0775086 0.0839546 0.1238012 0.1007032 0.0840937 0.0959653 0.0888960 0.0943802 0.0943886 0.0656254 0.0891458 0.1136845 0.0629758 0.0885612 0.0930012 0.0743350 0.0780202 0.0712227 0.0884959 0.0626338 0.1397172 0.0795810 0.0602372 0.1117845 0.0625071 
S0289      0.1144979 0.1179061 0.1284681 0.1273106 0.0000000 0.1377041 0.1611903 0.0938040 0.0836992 0.1466861 0.1456926 0.0804875 0.1365405 0.1250167 0.1251074 0.1127199 0.0791728 0.1745468 0.0752274 0.1179772 0.1247282 0.0825489 0.1416925 0.1194555 0.1398609 0.1521025 0.1938830 0.0814784 0.1554599 0.1219514 0.0560178 0.1090214 0.1311315 0.1225052 0.1150140 0.1388074 0.1783399 0.1622251 0.1536754 0.1479881 0.1384588 0.1212433 0.1284605 0.1173745 0.1139005 0.1441749 0.1219487 0.0896146 0.1580961 0.0902935 0.0871686 0.1252382 0.1368142 0.1474922 0.1385822 0.1617856 0.1260361 0.1743444 0.1745240 0.1706644 0.1947457 0.1489334 0.1339884 0.1922905 0.1207067 0.1852846 0.1034876 0.1528548 0.1227497 0.1701397 0.1267852 0.1255042 0.1625110 0.1183467 0.1349786 0.1154188 0.0579774 0.0968889 0.0866945 0.0782950 0.0709168 0.1516724 0.1491523 0.1246045 0.1753927 0.1295540 0.1145037 0.0986290 0.1227856 0.1330075 0.1506349 0.1488271 0.1274459 0.1373845 0.1278016 0.0534113 0.1286135 0.1138616 0.1102915 0.1086882 0.1288638 0.1426569 0.1064542 0.1344935 0.0864287 0.1304471 0.0934713 0.1101221 0.1265267 0.1259080 0.1028049 0.1324740 0.1213439 0.1655395 0.1126596 0.1231688 0.1139251 0.1154035 
S0292      0.0611824 0.0799167 0.0821876 0.0888673 0.1377041 0.0000000 0.1146194 0.0500311 0.1326849 0.1209292 0.1170727 0.0844648 0.0666022 0.0576234 0.0821070 0.0669997 0.1093326 0.1138048 0.0928191 0.0664044 0.0700443 0.0763424 0.1134045 0.0838552 0.1104618 0.0887622 0.1578065 0.1071627 0.0940902 0.0821751 0.1050782 0.0754547 0.0623860 0.0727202 0.0606493 0.1200679 0.1432996 0.0854750 0.1244197 0.0927872 0.0823939 0.0664400 0.0850859 0.0607327 0.0631841 0.0982316 0.0403424 0.0742135 0.1252969 0.0666442 0.0779842 0.0786294 0.1150155 0.0794946 0.0946273 0.1001899 0.0954328 0.1228748 0.1072105 0.1377183 0.1453651 0.1099684 0.0913289 0.1399228 0.0634955 0.1270469 0.0744955 0.0966869 0.0721517 0.1373051 0.0820069 0.0503109 0.1096092 0.0817928 0.0823781 0.0470766 0.1037911 0.0754085 0.0783743 0.0776623 0.1175103 0.1152544 0.1140150 0.0817928 0.1277539 0.0730201 0.0136965 0.0628557 0.0764549 0.0822284 0.0424881 0.1023432 0.0751555 0.0251014 0.0202370 0.1309501 0.0767175 0.0578993 0.0872038 0.0758602 0.0853345 0.0400073 0.0441238 0.0848489 0.0928617 0.0585207 0.0777802 0.0839481 0.0562703 0.0582102 0.0787409 0.0699552 0.0698658 0.1095685 0.0308929 0.0521320 0.0787666 0.0645582 
S0293      0.1002998 0.1516411 0.0365876 0.0000010 0.1611903 0.1146194 0.0000000 0.0461875 0.1511537 0.1885807 0.1866760 0.1310828 0.1147931 0.0000010 0.0362183 0.0324864 0.1517712 0.1047605 0.1390908 0.0999365 0.1300998 0.1077273 0.1686705 0.1222808 0.1724527 0.1175533 0.2106536 0.1572882 0.0775668 0.0362124 0.1436387 0.1006809 0.0681490 0.0000010 0.1158105 0.1698725 0.1553154 0.0852630 0.1904090 0.1301072 0.0525037 0.1068551 0.0362340 0.0990101 0.1057295 0.1046076 0.1029163 0.1291471 0.1785871 0.1073129 0.1221166 0.1206556 0.1827104 0.1471286 0.1674558 0.1409407 0.1615116 0.1242209 0.1723570 0.1971627 0.2305739 0.1331177 0.1296558 0.2024317 0.1069942 0.1852417 0.0000010 0.1319770 0.1436796 0.1971627 0.0919836 0.1313578 0.1852417 0.0308165 0.0846955 0.1001303 0.1455641 0.1148559 0.1063304 0.1139513 0.1641040 0.1742271 0.1686142 0.0308165 0.2105789 0.1144130 0.0883730 0.0265710 0.0311424 0.0793625 0.1374428 0.1154550 0.1132473 0.1231519 0.1000164 0.1719456 0.0779794 0.0990101 0.1446527 0.0990675 0.0312909 0.1171757 0.0907548 0.0767439 0.1447929 0.0589219 0.1225823 0.0774305 0.1069806 0.0926982 0.1059329 0.1124545 0.1065246 0.1470095 0.0711314 0.1091879 0.0931205 0.0919305 
S0294      0.0339861 0.0570654 0.0304736 0.0751338 0.0938040 0.0500311 0.0461875 0.0000000 0.0947544 0.0996585 0.0989974 0.0684263 0.0529816 0.0473320 0.0331398 0.0314869 0.0735900 0.0525306 0.0589531 0.0501961 0.0385765 0.0641697 0.0952287 0.0686822 0.0713603 0.0483154 0.1276843 0.0780613 0.0469665 0.0303549 0.0790928 0.0629792 0.0255414 0.0373014 0.0445300 0.0987832 0.1020122 0.0442920 0.1026947 0.0635306 0.0359475 0.0530916 0.0331402 0.0471179 0.0441819 0.0622338 0.0421224 0.0530165 0.1012781 0.0569731 0.0561693 0.0527640 0.0876242 0.0562577 0.0655422 0.0238803 0.0672259 0.0923678 0.0738306 0.1065597 0.1380952 0.0675410 0.0592447 0.1064151 0.0500225 0.0958476 0.0334791 0.0556870 0.0617064 0.1062220 0.0251714 0.0563069 0.0808745 0.0330142 0.0276494 0.0497826 0.0707944 0.0632717 0.0598967 0.0501838 0.0783295 0.0942911 0.0957808 0.0303549 0.1136227 0.0562758 0.0284735 0.0255396 0.0306393 0.0222479 0.0588668 0.0508991 0.0498363 0.0505960 0.0388185 0.0843995 0.0305914 0.0441673 0.0618107 0.0566506 0.0332353 0.0531929 0.0287489 0.0331041 0.0686775 0.0204742 0.0594032 0.0413300 0.0447837 0.0383396 0.0569733 0.0498310 0.0472779 0.0789773 0.0284864 0.0313478 0.0441184 0.0386602 
S0299      0.1232863 0.1173390 0.1402223 0.1478395 0.0836992 0.1326849 0.1511537 0.0947544 0.0000000 0.1529707 0.1486470 0.0680828 0.1284555 0.1373632 0.1367223 0.1267887 0.0696351 0.1498649 0.0868242 0.1044593 0.1221542 0.0816054 0.1446207 0.1117877 0.1511194 0.1515930 0.2118470 0.0777680 0.1610895 0.1334490 0.0637643 0.1211138 0.1380859 0.1491253 0.1045506 0.1517295 0.1930048 0.1632422 0.1566788 0.1488169 0.1406136 0.1105948 0.1402131 0.1039388 0.0948049 0.1484876 0.1052085 0.1009914 0.1691302 0.1108374 0.1024205 0.1217314 0.1428829 0.1472379 0.1450706 0.1639464 0.1131220 0.1836332 0.1684966 0.1747596 0.1901503 0.1397086 0.1349016 0.1933358 0.1071167 0.1862909 0.1134360 0.1423924 0.1352085 0.1742189 0.1332659 0.1314889 0.1633975 0.1296717 0.1273596 0.1200713 0.0688545 0.1210164 0.1212074 0.0931231 0.0773656 0.1614198 0.1388248 0.1361610 0.1907191 0.1154314 0.1042522 0.1121201 0.1271073 0.1239182 0.1418549 0.1650760 0.1175371 0.1304078 0.1107465 0.0788011 0.1208465 0.1006079 0.0943837 0.1281272 0.1340381 0.1277870 0.1061428 0.1332206 0.0833034 0.1237400 0.1090366 0.1265624 0.1145335 0.1181563 0.1188008 0.1289044 0.1178934 0.1411583 0.1019209 0.1153188 0.1391164 0.1181687 
S0308      0.1013340 0.1108615 0.1289278 0.0727823 0.1466861 0.1209292 0.1885807 0.0996585 0.1529707 0.0000000 0.0531839 0.1220706 0.1228189 0.1219066 0.1354321 0.1187465 0.1209799 0.1468995 0.1075366 0.1007598 0.1253436 0.1214165 0.0482277 0.1261266 0.1317060 0.1553899 0.0914955 0.1255745 0.1401368 0.1321283 0.1192614 0.0977952 0.1267235 0.1115884 0.0983397 0.0509319 0.1636221 0.1530901 0.0457580 0.1344011 0.1359595 0.0948708 0.1276629 0.0952160 0.1007727 0.1021153 0.0963076 0.1134298 0.0669043 0.0947726 0.1215911 0.1100383 0.0532143 0.0948892 0.1257961 0.1587541 0.1327394 0.1685344 0.1310361 0.0677976 0.0798957 0.1287095 0.1248629 0.1667059 0.1013129 0.1548992 0.0649054 0.1194017 0.1350926 0.0676146 0.1254782 0.1132606 0.1362635 0.1348698 0.1359059 0.1144717 0.1219903 0.0977156 0.1009574 0.1177153 0.1214600 0.0602472 0.0589750 0.1348698 0.0736576 0.1223405 0.0983439 0.1142128 0.1323704 0.1359912 0.1339216 0.1401843 0.1243010 0.1142857 0.1080718 0.1514192 0.1261815 0.0947436 0.1230499 0.1044068 0.1327482 0.1171592 0.0834027 0.1385430 0.1085706 0.1164190 0.1286877 0.1103022 0.1129046 0.1187127 0.1014698 0.1053967 0.1002856 0.1435993 0.0860516 0.0958564 0.1202255 0.0915514 
S0322      0.1086400 0.1028799 0.1249578 0.0039514 0.1456926 0.1170727 0.1866760 0.0989974 0.1486470 0.0531839 0.0000000 0.1148679 0.1095021 0.0968766 0.1248854 0.1185956 0.1294700 0.1454789 0.1008172 0.1072645 0.1170321 0.1202371 0.0065693 0.1287205 0.1222026 0.1390905 0.1027571 0.1280199 0.1453913 0.1249947 0.1249301 0.0972664 0.1092609 0.1019892 0.1073210 0.0133058 0.1095164 0.1367947 0.0110509 0.1133414 0.1253628 0.1073230 0.1141091 0.1005849 0.1001645 0.1071957 0.0927907 0.1005024 0.0838546 0.0882266 0.1177667 0.0972763 0.0447432 0.1051853 0.1228164 0.1585411 0.1285311 0.1301587 0.1269239 0.0869076 0.0888585 0.1352404 0.1219371 0.1324396 0.1038045 0.1288158 0.0966934 0.1103871 0.1245783 0.0866691 0.1280011 0.1011911 0.1148336 0.1210137 0.1208039 0.1045847 0.1181813 0.0941666 0.0973578 0.1139570 0.1113906 0.0714610 0.0110719 0.1243732 0.0940769 0.1089149 0.0912443 0.1041116 0.1218847 0.1145343 0.1247343 0.1328058 0.1248364 0.1044137 0.1014216 0.1402781 0.1158380 0.0972164 0.1189765 0.1038578 0.1253481 0.1143170 0.0737865 0.1279268 0.1079241 0.1029266 0.1171169 0.1036107 0.1029397 0.0983703 0.0969384 0.0977272 0.0879126 0.1406463 0.0855780 0.0827614 0.1145076 0.0851885 
S0327      0.0907863 0.0982954 0.1017552 0.0896744 0.0804875 0.0844648 0.1310828 0.0684263 0.0680828 0.1220706 0.1148679 0.0000000 0.0791489 0.0780313 0.0984981 0.0883346 0.0633464 0.1247833 0.0414986 0.0721410 0.0884953 0.0448917 0.1111126 0.0470033 0.1176697 0.1211736 0.1635509 0.0665789 0.1206891 0.0954102 0.0580074 0.0792441 0.1100490 0.0880756 0.0722125 0.1179453 0.1499658 0.1155704 0.1184465 0.1042648 0.0946070 0.0750569 0.1017503 0.0689503 0.0715269 0.1057928 0.0667432 0.0492029 0.1311219 0.0634948 0.0525925 0.0850240 0.1191811 0.1118633 0.1083779 0.1154376 0.1007465 0.1422617 0.1271097 0.1391909 0.1579558 0.1213813 0.1094804 0.1608553 0.0718972 0.1540941 0.0804360 0.1043582 0.0975020 0.1391909 0.1012398 0.0909154 0.1313640 0.0919743 0.0985731 0.0748108 0.0384682 0.0664538 0.0758525 0.0469967 0.0569189 0.1159874 0.1117285 0.0980974 0.1477077 0.0669649 0.0594325 0.0750106 0.0858404 0.0957913 0.1009661 0.1181066 0.0746338 0.0841639 0.0726955 0.0601218 0.0892870 0.0659165 0.0887296 0.0856255 0.1020690 0.0878248 0.0604197 0.1044330 0.0521298 0.0854451 0.0610365 0.1016700 0.0642412 0.0727465 0.0820830 0.0855739 0.0755110 0.1268630 0.0599288 0.0691891 0.0889125 0.0789346 
S0335      0.0636623 0.0708986 0.0848691 0.0793116 0.1365405 0.0666022 0.1147931 0.0529816 0.1284555 0.1228189 0.1095021 0.0791489 0.0000000 0.0625395 0.0818959 0.0722383 0.1314037 0.0787899 0.0884311 0.0641267 0.0758789 0.0848518 0.1058746 0.0902010 0.0998590 0.0942128 0.1569608 0.1028496 0.0931394 0.0791569 0.1068011 0.0850420 0.0703351 0.0773822 0.0669041 0.1124995 0.1370384 0.0845070 0.1167786 0.0782249 0.0793660 0.0641614 0.0848659 0.0584660 0.0609241 0.0891076 0.0562613 0.0754264 0.1315532 0.0765272 0.0850638 0.0619091 0.1135511 0.0700541 0.0817157 0.1046717 0.0828864 0.1397769 0.1010865 0.1366438 0.1527095 0.1098345 0.0941461 0.1585197 0.0612252 0.1478542 0.0852176 0.0847776 0.0605424 0.1362291 0.0789800 0.0718473 0.1264738 0.0815834 0.0764766 0.0502309 0.0963948 0.0857696 0.0888944 0.0817455 0.1099683 0.1106968 0.1064493 0.0815834 0.1478437 0.0534063 0.0461633 0.0543157 0.0731809 0.0735818 0.0754078 0.0953465 0.0812376 0.0616949 0.0558611 0.1266726 0.0676001 0.0556409 0.0721649 0.0827185 0.0851139 0.0586273 0.0336939 0.0789311 0.1004376 0.0609175 0.0912914 0.0725591 0.0402322 0.0226773 0.0741815 0.0589686 0.0621011 0.1029428 0.0443421 0.0359806 0.0706665 0.0563230 
S0376      0.0503520 0.0625712 0.0484127 0.0906092 0.1250167 0.0576234 0.0000010 0.0473320 0.1373632 0.1219066 0.0968766 0.0780313 0.0625395 0.0000000 0.0487267 0.0538570 0.1656187 0.0000010 0.0900017 0.0675401 0.0429914 0.0000010 0.1023522 0.0942916 0.0884839 0.0933386 0.1492822 0.0879395 0.0788523 0.0488046 0.1072709 0.0736608 0.0444696 0.0537581 0.0667837 0.1079772 0.1126657 0.0790253 0.1079514 0.0774377 0.0582947 0.0676099 0.0535991 0.0625576 0.0621800 0.0889741 0.0475785 0.0626273 0.1260900 0.0584294 0.0796213 0.0675060 0.0900258 0.0731763 0.0877615 0.0840257 0.0773903 0.1163442 0.0785179 0.1205731 0.1414491 0.1068681 0.0841137 0.1173593 0.0621800 0.1112752 0.1060377 0.0892352 0.0530104 0.1199276 0.0579949 0.0625125 0.0757742 0.0482882 0.0739416 0.0670081 0.0999440 0.0748535 0.0696679 0.0782595 0.1232198 0.1108014 0.0975815 0.0531303 0.1214423 0.0621240 0.0347088 0.0531303 0.0486192 0.0671311 0.0678392 0.0635609 0.0788662 0.0582153 0.0483217 0.1136381 0.0633253 0.0573569 0.0735717 0.0747465 0.0579735 0.0572187 0.0349979 0.0531468 0.0961449 0.0412818 0.0725993 0.0884247 0.0482767 0.0674755 0.0780410 0.0725607 0.0630780 0.1128998 0.0387140 0.0350052 0.0487405 0.0580543 
S0400      0.0545686 0.0891216 0.0110963 0.0897816 0.1251074 0.0821070 0.0362183 0.0331398 0.1367223 0.1354321 0.1248854 0.0984981 0.0818959 0.0487267 0.0000000 0.0114270 0.1174779 0.0846036 0.0977872 0.0816439 0.0694599 0.0857448 0.1210868 0.1012300 0.1064792 0.0888518 0.1674907 0.1134299 0.0521713 0.0088437 0.1033217 0.0789064 0.0439047 0.0163101 0.0789009 0.1215114 0.1227057 0.0676758 0.1324867 0.0835582 0.0273007 0.0816882 0.0110964 0.0755798 0.0781223 0.0967176 0.0681629 0.0849608 0.1302979 0.0821892 0.0861899 0.0752547 0.1133879 0.0941145 0.1067858 0.0699098 0.1053511 0.1300814 0.1023674 0.1410567 0.1628626 0.1014193 0.0908695 0.1491316 0.0785212 0.1386337 0.0660105 0.0989501 0.0877720 0.1447460 0.0446944 0.0845812 0.1136116 0.0088083 0.0423515 0.0729322 0.1090555 0.0920527 0.0855716 0.0849946 0.1187179 0.1299936 0.1217486 0.0088083 0.1431480 0.0879847 0.0552242 0.0090062 0.0111840 0.0478494 0.1005804 0.0617474 0.0909214 0.0762671 0.0706765 0.1228351 0.0346978 0.0725402 0.0969032 0.0786731 0.0111245 0.0822440 0.0613746 0.0295483 0.1047247 0.0362102 0.0918304 0.0641426 0.0738037 0.0729399 0.0851015 0.0813268 0.0666377 0.1182524 0.0555414 0.0637013 0.0637638 0.0587198 
S0405      0.0480608 0.0764368 0.0114326 0.0958000 0.1127199 0.0669997 0.0324864 0.0314869 0.1267887 0.1187465 0.1185956 0.0883346 0.0722383 0.0538570 0.0114270 0.0000000 0.0974487 0.0764818 0.0884072 0.0688914 0.0630305 0.0551756 0.1147804 0.0913580 0.1000283 0.0757703 0.1459503 0.1031906 0.0433463 0.0091190 0.0900828 0.0661792 0.0396865 0.0206421 0.0690979 0.1151909 0.1309588 0.0613020 0.1262413 0.0804077 0.0281753 0.0658214 0.0137767 0.0629804 0.0655224 0.0836119 0.0557572 0.0724308 0.1144713 0.0724978 0.0730911 0.0687632 0.0973361 0.0845883 0.0973210 0.0776037 0.0961139 0.1362730 0.0893556 0.1250525 0.1454994 0.0888239 0.0778488 0.1355831 0.0658573 0.1185859 0.0858684 0.0891865 0.0813103 0.1286828 0.0384877 0.0661583 0.0971186 0.0113884 0.0411863 0.0663874 0.0997842 0.0822198 0.0758175 0.0721274 0.1093434 0.1058689 0.1154207 0.0113884 0.1301582 0.0782749 0.0429943 0.0115737 0.0138249 0.0494614 0.0817790 0.0608880 0.0814991 0.0640643 0.0585113 0.1135300 0.0333288 0.0600283 0.0875956 0.0659827 0.0138125 0.0668695 0.0545322 0.0304932 0.0913099 0.0345574 0.0820251 0.0605318 0.0641279 0.0663952 0.0753971 0.0632802 0.0601175 0.1086661 0.0456381 0.0569205 0.0573142 0.0494861 
S0407sl    0.1056904 0.1226148 0.1184039 0.1190807 0.0791728 0.1093326 0.1517712 0.0735900 0.0696351 0.1209799 0.1294700 0.0633464 0.1314037 0.1656187 0.1174779 0.0974487 0.0000000 0.1577055 0.0460486 0.0908437 0.1027387 0.0626790 0.1238963 0.0796050 0.1334497 0.1397634 0.1801738 0.0696880 0.1433339 0.1182202 0.0385721 0.0886209 0.1323112 0.1353141 0.0872930 0.1187937 0.1600821 0.1260120 0.1407350 0.1163537 0.1284901 0.0995849 0.1231597 0.0854919 0.0813696 0.1266202 0.0923643 0.0530931 0.1441805 0.0707212 0.0455639 0.1195710 0.1278947 0.1266294 0.1243541 0.1399388 0.1067294 0.1218836 0.1475726 0.1450873 0.1804460 0.1065596 0.0987792 0.1758325 0.0903755 0.1715903 0.1057563 0.1231920 0.1104439 0.1444470 0.1320009 0.1160638 0.1632348 0.1128593 0.1222890 0.1052078 0.0691031 0.0661164 0.0844945 0.0458670 0.0745662 0.1365547 0.1248817 0.1128370 0.1667306 0.1150771 0.0848348 0.0874808 0.1138120 0.1277496 0.1099800 0.1569697 0.1005175 0.1156805 0.0919798 0.0703468 0.1185931 0.0854919 0.1060638 0.0834848 0.1189242 0.1209093 0.0865523 0.1322308 0.0611091 0.1053522 0.0701393 0.0976776 0.1062568 0.1150589 0.0939070 0.1096726 0.1049805 0.1510780 0.0731075 0.1006048 0.1057761 0.0878272 
S0412sl    0.0798378 0.1271361 0.0855437 0.0000010 0.1745468 0.1138048 0.1047605 0.0525306 0.1498649 0.1468995 0.1454789 0.1247833 0.0787899 0.0000010 0.0846036 0.0764818 0.1577055 0.0000000 0.1372360 0.0993035 0.0994305 0.1055962 0.1293377 0.1452543 0.1439578 0.1003784 0.1675458 0.1405896 0.0783192 0.0845883 0.1603741 0.1227100 0.0602708 0.0000010 0.1079028 0.1302242 0.1344362 0.0589313 0.1482754 0.1361984 0.0790084 0.0992935 0.0846425 0.0917075 0.0982619 0.0992496 0.1018949 0.1349909 0.1234810 0.1231670 0.1279403 0.0927773 0.1424941 0.1140233 0.1232476 0.1060939 0.1272206 0.1244513 0.1551035 0.1395023 0.1644162 0.1116990 0.1079073 0.1915129 0.0994188 0.1748174 0.0000010 0.1198914 0.0981350 0.1395023 0.0663820 0.1234749 0.1748174 0.0783670 0.0597909 0.0863281 0.1436254 0.1213676 0.1206278 0.1196975 0.1544952 0.1409883 0.1292980 0.0783670 0.1663178 0.0931002 0.0944032 0.0438461 0.0724273 0.0675919 0.1364233 0.1238852 0.1123984 0.1222558 0.0993280 0.1856498 0.0604745 0.0917075 0.1121671 0.0983466 0.0727910 0.1023553 0.0681799 0.0719481 0.1128208 0.0714037 0.1352852 0.0532695 0.0795612 0.0537074 0.1070148 0.0853719 0.0925197 0.1279313 0.0647881 0.0728954 0.0796272 0.0718508 
S0417      0.0848228 0.0858154 0.1009303 0.0893129 0.0752274 0.0928191 0.1390908 0.0589531 0.0868242 0.1075366 0.1008172 0.0414986 0.0884311 0.0900017 0.0977872 0.0884072 0.0460486 0.1372360 0.0000000 0.0810110 0.0876792 0.0324414 0.0973654 0.0645413 0.1209984 0.1257672 0.1503304 0.0699326 0.1293655 0.0948050 0.0675123 0.0756861 0.1029641 0.1005330 0.0725933 0.1036617 0.1593148 0.1105281 0.1077461 0.1089018 0.1041869 0.0810546 0.1009265 0.0750011 0.0720116 0.1058778 0.0675614 0.0449358 0.1182656 0.0616560 0.0507124 0.0881841 0.1152260 0.1018340 0.1119677 0.1089360 0.0936503 0.1664834 0.1254247 0.1260477 0.1523790 0.1136831 0.1119423 0.1594503 0.0779167 0.1487134 0.0749814 0.1070143 0.0973250 0.1256784 0.1096921 0.0971360 0.1272050 0.0914877 0.1070922 0.0841351 0.0419928 0.0586688 0.0674848 0.0478808 0.0557708 0.1054008 0.0978796 0.0943539 0.1334804 0.0794093 0.0631036 0.0754601 0.0923313 0.1008112 0.0976305 0.1226541 0.0719455 0.0905155 0.0728270 0.0556931 0.1010600 0.0719886 0.0853598 0.0817364 0.1012320 0.0938378 0.0558061 0.1036970 0.0611713 0.0855014 0.0588578 0.1042583 0.0766776 0.0763330 0.0789845 0.0946469 0.0790788 0.1256255 0.0665798 0.0670456 0.0940338 0.0792587 
S0419      0.0631798 0.0651209 0.0846067 0.0954286 0.1179772 0.0664044 0.0999365 0.0501961 0.1044593 0.1007598 0.1072645 0.0721410 0.0641267 0.0675401 0.0816439 0.0688914 0.0908437 0.0993035 0.0810110 0.0000000 0.0641699 0.0498826 0.0977143 0.0695540 0.0998241 0.1009711 0.1471342 0.0948158 0.0956439 0.0788154 0.0899525 0.0812866 0.0799574 0.0825907 0.0374313 0.1040808 0.1267048 0.0977011 0.1081375 0.0753492 0.0791214 0.0134684 0.0846035 0.0088703 0.0110942 0.0824088 0.0376569 0.0658375 0.1226707 0.0695808 0.0722338 0.0639308 0.0905927 0.0790367 0.0882824 0.1006916 0.0588357 0.1294022 0.1000618 0.1272977 0.1324582 0.1026188 0.0824460 0.1359665 0.0111442 0.1254421 0.0817773 0.0810833 0.0751475 0.1269212 0.0787537 0.0721317 0.1081883 0.0813332 0.0762573 0.0552494 0.0917231 0.0784579 0.0814597 0.0632473 0.1047062 0.1024529 0.1042785 0.0813332 0.1382431 0.0580500 0.0434447 0.0655575 0.0760269 0.0817639 0.0807644 0.0952471 0.0809896 0.0641235 0.0556979 0.1085706 0.0762865 0.0066099 0.0511885 0.0754564 0.0848500 0.0637745 0.0440942 0.0843692 0.0839049 0.0609695 0.0781104 0.0841993 0.0534063 0.0610418 0.0761923 0.0669933 0.0556530 0.0999799 0.0258576 0.0519171 0.0754749 0.0454411 
S0427      0.0658603 0.0724199 0.0722866 0.0945497 0.1247282 0.0700443 0.1300998 0.0385765 0.1221542 0.1253436 0.1170321 0.0884953 0.0758789 0.0429914 0.0694599 0.0630305 0.1027387 0.0994305 0.0876792 0.0641699 0.0000000 0.0927622 0.1133664 0.0902829 0.1129615 0.0913978 0.1564042 0.1089370 0.0922384 0.0667476 0.1009667 0.0844881 0.0707831 0.0613041 0.0724217 0.1168781 0.1362693 0.0876566 0.1211397 0.0924671 0.0696931 0.0642046 0.0722844 0.0585049 0.0582524 0.0848316 0.0619296 0.0726950 0.1375329 0.0788115 0.0794219 0.0756403 0.1235756 0.0878365 0.1010081 0.0872389 0.0865800 0.1284112 0.1178138 0.1459558 0.1552813 0.0960531 0.0735301 0.1571407 0.0612662 0.1496503 0.0830663 0.0870778 0.0810237 0.1455110 0.0721332 0.0670921 0.1280062 0.0692027 0.0696834 0.0612557 0.0958215 0.0880619 0.0846519 0.0727230 0.0990862 0.1165762 0.1107209 0.0692027 0.1540566 0.0646032 0.0466372 0.0568678 0.0616842 0.0636792 0.0727777 0.0855307 0.0819129 0.0676750 0.0617749 0.1161153 0.0642836 0.0556777 0.0784972 0.0751892 0.0724882 0.0641636 0.0526088 0.0720887 0.0909048 0.0607024 0.0783986 0.0873664 0.0566152 0.0671235 0.0758592 0.0817487 0.0703157 0.1134615 0.0444179 0.0579119 0.0472668 0.0617104 
S0428sl    0.0939347 0.1168042 0.0867796 0.0000010 0.0825489 0.0763424 0.1077273 0.0641697 0.0816054 0.1214165 0.1202371 0.0448917 0.0848518 0.0000010 0.0857448 0.0551756 0.0626790 0.1055962 0.0324414 0.0498826 0.0927622 0.0000000 0.1046991 0.0636678 0.1322144 0.1183846 0.1345399 0.0845593 0.1067711 0.0857279 0.0701837 0.0584836 0.0948910 0.0000010 0.0568156 0.1054242 0.1637250 0.0856699 0.1225673 0.1138450 0.0934959 0.0498805 0.0857876 0.0435305 0.0493830 0.0924853 0.0579100 0.0321656 0.1203270 0.0575509 0.0266172 0.0575601 0.1177477 0.1155122 0.1262212 0.1453852 0.1057055 0.1213038 0.1383316 0.1290075 0.1288752 0.1056057 0.0943253 0.1360848 0.0499366 0.1210257 0.0000010 0.1045953 0.0988193 0.1290075 0.0859118 0.0913134 0.1210257 0.0789677 0.0782519 0.0507560 0.0499051 0.0569017 0.0637285 0.0268872 0.0694675 0.1009143 0.1046679 0.0789677 0.1539492 0.0849056 0.0511446 0.0479076 0.0725200 0.1019261 0.0906258 0.1449394 0.0756696 0.0772275 0.0630029 0.0757658 0.0792446 0.0435305 0.0907991 0.0638862 0.0799274 0.0780054 0.0527667 0.0996797 0.0630353 0.0847071 0.0386391 0.0578894 0.0710005 0.0576518 0.0716595 0.0766176 0.0506739 0.1231671 0.0346926 0.0720483 0.0580113 0.0388697 
S0430      0.1049546 0.0933023 0.1211565 0.0079478 0.1416925 0.1134045 0.1686705 0.0952287 0.1446207 0.0482277 0.0065693 0.1111126 0.1058746 0.1023522 0.1210868 0.1147804 0.1238963 0.1293377 0.0973654 0.0977143 0.1133664 0.1046991 0.0000000 0.1248594 0.1184487 0.1350947 0.0934353 0.1242656 0.1413275 0.1211921 0.1212087 0.0938731 0.1056408 0.1075084 0.0977631 0.0065627 0.1182638 0.1328017 0.0066129 0.1097353 0.1215460 0.0977683 0.1136156 0.0912486 0.0908724 0.0976533 0.0835481 0.1030548 0.0785832 0.0849446 0.1140739 0.0880494 0.0371491 0.0956133 0.1126631 0.1524762 0.1182782 0.1353927 0.1229604 0.0815995 0.0834274 0.1248125 0.1118654 0.1351162 0.0943723 0.1314805 0.1066665 0.1068127 0.1207916 0.0813760 0.1241686 0.0977229 0.1175176 0.1172780 0.1170770 0.1010681 0.1176762 0.0908133 0.0939601 0.1103277 0.1078586 0.0658857 0.0087949 0.1205940 0.0886374 0.1053108 0.0878280 0.1005218 0.1181153 0.1108809 0.1209408 0.1334695 0.1210393 0.1009029 0.0979452 0.1363161 0.1121335 0.0879949 0.1089561 0.1003694 0.1215315 0.1106716 0.0737802 0.1240962 0.1043594 0.0992924 0.1134486 0.1001337 0.0994006 0.0949308 0.0935586 0.0884517 0.0789637 0.1365947 0.0763612 0.0794301 0.1108552 0.0762922 
S0478      0.0971593 0.1044656 0.1044153 0.1077547 0.1194555 0.0838552 0.1222808 0.0686822 0.1117877 0.1261266 0.1287205 0.0470033 0.0902010 0.0942916 0.1012300 0.0913580 0.0796050 0.1452543 0.0645413 0.0695540 0.0902829 0.0636678 0.1248594 0.0000000 0.1237705 0.1211330 0.1752171 0.0937346 0.1193861 0.0982129 0.0824604 0.0788338 0.1018265 0.0996152 0.0695680 0.1318203 0.1473556 0.1141640 0.1364442 0.1002380 0.1007973 0.0695915 0.1044103 0.0637881 0.0662644 0.1146165 0.0670295 0.0610822 0.1519335 0.0636605 0.0646578 0.1024105 0.1200472 0.1107099 0.1177455 0.1237515 0.1120076 0.1408096 0.1122791 0.1608732 0.1654527 0.1203612 0.1136395 0.1506767 0.0665940 0.1402465 0.0963434 0.1156310 0.1058296 0.1603728 0.1010090 0.0922353 0.1186333 0.0948450 0.0984171 0.0747179 0.0749512 0.0665139 0.0755698 0.0589579 0.0969868 0.1272175 0.1255465 0.1008290 0.1692963 0.0841368 0.0571996 0.0780129 0.0952494 0.1042915 0.1022018 0.1168944 0.0749975 0.0872614 0.0725051 0.0968456 0.0984595 0.0609065 0.1003844 0.0849713 0.1047292 0.0897092 0.0638584 0.1102341 0.0728656 0.0759413 0.0698498 0.1099001 0.0757753 0.0838335 0.0815663 0.0911551 0.0929723 0.1219675 0.0629528 0.0724066 0.0877683 0.0816610 
S0552sl    0.0830480 0.0958724 0.1126833 0.1052209 0.1398609 0.1104618 0.1724527 0.0713603 0.1511194 0.1317060 0.1222026 0.1176697 0.0998590 0.0884839 0.1064792 0.1000283 0.1334497 0.1439578 0.1209984 0.0998241 0.1129615 0.1322144 0.1184487 0.1237705 0.0000000 0.1023360 0.1756398 0.1366473 0.1321387 0.1095486 0.1172871 0.1158969 0.0855783 0.0920284 0.0910825 0.1252400 0.1355110 0.1238807 0.1258221 0.1045532 0.1098573 0.0998781 0.1126775 0.0933662 0.0901445 0.0790052 0.0767580 0.1123589 0.1341057 0.1036121 0.1127947 0.0871457 0.1233193 0.0557239 0.0274721 0.1381506 0.1030301 0.1388779 0.1184115 0.1615705 0.1657930 0.0901239 0.0851229 0.1674967 0.0964844 0.1565237 0.1134513 0.0749628 0.1030272 0.1610670 0.0992522 0.1098224 0.1346704 0.1090220 0.1037092 0.1000236 0.1263610 0.1137357 0.1097607 0.1103811 0.1223435 0.1275539 0.1255399 0.1090220 0.1493002 0.1023589 0.0905465 0.0922373 0.1034181 0.1139568 0.1273082 0.1207796 0.1231028 0.1029142 0.1009564 0.1245439 0.0977395 0.0901146 0.0975350 0.1165649 0.1130229 0.1199279 0.0609797 0.1123560 0.1137259 0.0883826 0.1274335 0.1061420 0.0877668 0.0903674 0.1135626 0.0727030 0.0874289 0.0982318 0.0785814 0.0660741 0.0945134 0.0811150 
S0558      0.0758394 0.0871199 0.0919191 0.1156566 0.1521025 0.0887622 0.1175533 0.0483154 0.1515930 0.1553899 0.1390905 0.1211736 0.0942128 0.0933386 0.0888518 0.0757703 0.1397634 0.1003784 0.1257672 0.1009711 0.0913978 0.1183846 0.1350947 0.1211330 0.1023360 0.0000000 0.1926989 0.1377577 0.1042305 0.0889266 0.1284864 0.0973171 0.0490725 0.0776959 0.0892080 0.1421917 0.1267522 0.0706979 0.1428644 0.1121114 0.0891687 0.1040947 0.0919153 0.0974316 0.0941341 0.0995040 0.0747814 0.1136667 0.1614549 0.0891512 0.1186097 0.0969949 0.1301734 0.0901783 0.0928654 0.1156736 0.1002655 0.1277987 0.1295275 0.1581645 0.1735804 0.1060869 0.0912167 0.1276882 0.1006185 0.1177458 0.0765260 0.1027620 0.1093983 0.1576726 0.0879180 0.0819270 0.1004776 0.0855268 0.0890681 0.0936375 0.1445072 0.1020078 0.0983443 0.1169399 0.1270795 0.1426371 0.1358437 0.0885059 0.1721163 0.1005851 0.0665741 0.0690824 0.0830577 0.0899028 0.0947576 0.1085605 0.1214139 0.0848164 0.0827724 0.1531518 0.0802771 0.0941024 0.0918278 0.0978647 0.0921898 0.0948336 0.0698169 0.0858094 0.1392833 0.0679865 0.1190228 0.0673938 0.0794456 0.0906268 0.0824082 0.0898652 0.0913918 0.1083779 0.0642313 0.0717995 0.0970881 0.0820443 
S0616      0.1577157 0.1407342 0.1568964 0.1102720 0.1938830 0.1578065 0.2106536 0.1276843 0.2118470 0.0914955 0.1027571 0.1635509 0.1569608 0.1492822 0.1674907 0.1459503 0.1801738 0.1675458 0.1503304 0.1471342 0.1564042 0.1345399 0.0934353 0.1752171 0.1756398 0.1926989 0.0000000 0.1730861 0.1705720 0.1676426 0.1682267 0.1545928 0.1461177 0.1591714 0.1400521 0.0879046 0.2063970 0.1645680 0.1035795 0.1470370 0.1753566 0.1425154 0.1675808 0.1395981 0.1424039 0.1254222 0.1280628 0.1566882 0.1006792 0.1475741 0.1575511 0.1392959 0.0843846 0.1287361 0.1583651 0.2081583 0.1863160 0.2289851 0.1385334 0.1101664 0.1161263 0.1535190 0.1507017 0.1933202 0.1399135 0.1815592 0.1209526 0.1427763 0.1666496 0.1098496 0.1567524 0.1529939 0.1693670 0.1667760 0.1660873 0.1376333 0.1693316 0.1508945 0.1546966 0.1617891 0.1651826 0.0301415 0.1027108 0.1667760 0.1118135 0.1634124 0.1303953 0.1451095 0.1537616 0.1591346 0.1595732 0.1785878 0.1496422 0.1544384 0.1440961 0.1935418 0.1639314 0.1357640 0.1717201 0.1485897 0.1638582 0.1490500 0.1123927 0.1779785 0.1465999 0.1401647 0.1742798 0.1548364 0.1498304 0.1440964 0.1453502 0.1333861 0.1287219 0.1776441 0.1177149 0.1220300 0.1385864 0.1100793 
S0624      0.1033984 0.1011015 0.1167130 0.1026328 0.0814784 0.1071627 0.1572882 0.0780613 0.0777680 0.1255745 0.1280199 0.0665789 0.1028496 0.0879395 0.1134299 0.1031906 0.0696880 0.1405896 0.0699326 0.0948158 0.1089370 0.0845593 0.1242656 0.0937346 0.1366473 0.1377577 0.1730861 0.0000000 0.1397103 0.1103340 0.0479947 0.0997103 0.1183834 0.1143182 0.0834540 0.1271745 0.1613020 0.1381033 0.1355267 0.1217103 0.1201278 0.0949005 0.1167067 0.0914516 0.0940129 0.1274833 0.0867957 0.0685626 0.1441361 0.0958992 0.0722743 0.1054397 0.1227469 0.1231746 0.1274038 0.1508165 0.0932643 0.1453549 0.1377076 0.1494090 0.1758206 0.1366599 0.1272953 0.1771400 0.0944960 0.1659568 0.0829180 0.1314630 0.1022942 0.1489603 0.1195622 0.1088147 0.1439248 0.1068365 0.1126313 0.0924057 0.0661208 0.1056343 0.1089192 0.0611339 0.0751879 0.1298476 0.1249316 0.1068135 0.1606697 0.0994106 0.0799625 0.0899932 0.1073209 0.1012928 0.1216189 0.1329531 0.1022889 0.1048781 0.0865683 0.0880462 0.1107543 0.0882793 0.0852756 0.1031380 0.1170690 0.1053821 0.0812879 0.1163707 0.0728082 0.1037786 0.0809584 0.0948538 0.0965867 0.0933190 0.0973853 0.1061103 0.0959267 0.1381125 0.0800143 0.0869578 0.1034108 0.0961450 
S0641      0.0625611 0.1045604 0.0547971 0.1181413 0.1554599 0.0940902 0.0775668 0.0469665 0.1610895 0.1401368 0.1453913 0.1206891 0.0931394 0.0788523 0.0521713 0.0433463 0.1433339 0.0783192 0.1293655 0.0956439 0.0922384 0.1067711 0.1413275 0.1193861 0.1321387 0.1042305 0.1705720 0.1397103 0.0000000 0.0471479 0.1319569 0.1094965 0.0627852 0.0564257 0.0962583 0.1418335 0.1308877 0.0965020 0.1535033 0.1072470 0.0549223 0.0957301 0.0547959 0.0930486 0.0956557 0.1144575 0.0854761 0.1090916 0.1496595 0.1031505 0.1201985 0.0926196 0.1224151 0.1189024 0.1260506 0.0953463 0.1275147 0.1459911 0.1209501 0.1541721 0.1732046 0.1191410 0.1083962 0.1664147 0.0961561 0.1479718 0.0934523 0.1237910 0.0999470 0.1579756 0.0602581 0.0836659 0.1291751 0.0519868 0.0631250 0.0874143 0.1347497 0.1137961 0.1099866 0.1152709 0.1517504 0.1329431 0.1421135 0.0519868 0.1596232 0.1062140 0.0692962 0.0455331 0.0474283 0.0669710 0.1132695 0.0757568 0.1125035 0.0880399 0.0822677 0.1633153 0.0578942 0.0898086 0.1187131 0.0992848 0.0523812 0.0819559 0.0846215 0.0546431 0.1405076 0.0389616 0.1259710 0.0837920 0.0913940 0.0867089 0.0942413 0.0903325 0.0892135 0.1435900 0.0754030 0.0869355 0.0804834 0.0752776 
S0643      0.0513978 0.0891968 0.0111045 0.0899318 0.1219514 0.0821751 0.0362124 0.0303549 0.1334490 0.1321283 0.1249947 0.0954102 0.0791569 0.0488046 0.0088437 0.0091190 0.1182202 0.0845883 0.0948050 0.0788154 0.0667476 0.0857279 0.1211921 0.0982129 0.1095486 0.0889266 0.1676426 0.1103340 0.0471479 0.0000000 0.1003146 0.0789715 0.0439399 0.0163344 0.0789660 0.1216174 0.1184469 0.0677311 0.1326039 0.0836266 0.0273213 0.0788582 0.0111046 0.0728058 0.0753395 0.0967987 0.0682189 0.0764284 0.1304115 0.0822574 0.0832808 0.0753159 0.1134851 0.0941935 0.1068767 0.0702938 0.1023548 0.1302835 0.1024580 0.1411810 0.1630110 0.1015037 0.0909454 0.1492645 0.0757229 0.1387564 0.0763380 0.0990326 0.0878450 0.1448740 0.0447290 0.0846512 0.1137117 0.0088148 0.0423843 0.0729918 0.1060190 0.0921305 0.0856434 0.0821283 0.1156070 0.1301092 0.1218542 0.0088148 0.1465127 0.0850957 0.0523178 0.0090130 0.0089254 0.0478872 0.1006656 0.0591442 0.0909974 0.0763300 0.0707345 0.1196750 0.0347243 0.0697957 0.0939504 0.0787377 0.0111328 0.0823130 0.0614259 0.0295706 0.1016729 0.0362391 0.0888907 0.0641942 0.0738649 0.0729994 0.0851724 0.0813936 0.0666913 0.1150842 0.0555873 0.0637543 0.0638148 0.0587667 
S0645sl    0.0971678 0.1021197 0.1064987 0.1042080 0.0560178 0.1050782 0.1436387 0.0790928 0.0637643 0.1192614 0.1249301 0.0580074 0.1068011 0.1072709 0.1033217 0.0900828 0.0385721 0.1603741 0.0675123 0.0899525 0.1009667 0.0701837 0.1212087 0.0824604 0.1172871 0.1284864 0.1682267 0.0479947 0.1319569 0.1003146 0.0000000 0.0844564 0.1077426 0.1050509 0.0842914 0.1247332 0.1536259 0.1347918 0.1323746 0.1055161 0.1066921 0.0958854 0.1064935 0.0895110 0.0920904 0.1166588 0.0818840 0.0671837 0.1410525 0.0778253 0.0674957 0.1024962 0.1165887 0.1168317 0.1013050 0.1347957 0.1041037 0.1464558 0.1291158 0.1462670 0.1639190 0.1192779 0.1041283 0.1665405 0.0925670 0.1598410 0.0659529 0.1145637 0.0972598 0.1458282 0.1132354 0.1056634 0.1378925 0.0969507 0.1106192 0.0932604 0.0557680 0.0873625 0.0904593 0.0596342 0.0606797 0.1186044 0.1218576 0.1029149 0.1574568 0.0966550 0.0807029 0.0837088 0.1004987 0.1115827 0.1195495 0.1285353 0.0996030 0.1019507 0.0873610 0.0538389 0.1045202 0.0863300 0.0891088 0.0906997 0.1068171 0.1093888 0.0792091 0.1031285 0.0531067 0.0967671 0.0797449 0.0888753 0.0879877 0.1001467 0.0821387 0.0903425 0.0930520 0.1363910 0.0783543 0.0849109 0.1004544 0.0874513 
S0673      0.0753632 0.0857101 0.0818504 0.0718689 0.1090214 0.0754547 0.1006809 0.0629792 0.1211138 0.0977952 0.0972664 0.0792441 0.0850420 0.0736608 0.0789064 0.0661792 0.0886209 0.1227100 0.0756861 0.0812866 0.0844881 0.0584836 0.0938731 0.0788338 0.1158969 0.0973171 0.1545928 0.0997103 0.1094965 0.0789715 0.0844564 0.0000000 0.0829470 0.0874694 0.0727496 0.1001235 0.1585459 0.1120461 0.0980443 0.0962691 0.0906626 0.0785474 0.0818474 0.0780625 0.0806033 0.1010811 0.0733900 0.0698168 0.1129549 0.0254060 0.0764458 0.0782950 0.0964266 0.1002856 0.1102361 0.1239500 0.1027154 0.1518649 0.1149152 0.1239669 0.1417087 0.1190523 0.1039828 0.1635650 0.0810145 0.1526612 0.0649696 0.1022644 0.0968703 0.1236018 0.0851843 0.0751471 0.1309650 0.0786068 0.0943277 0.0753976 0.0928252 0.0277986 0.0302810 0.0732379 0.1019783 0.1121125 0.1003338 0.0786068 0.1280060 0.0818716 0.0576855 0.0683759 0.0765150 0.0973090 0.0963531 0.1180652 0.0840008 0.0752896 0.0725489 0.1150522 0.0820050 0.0750077 0.0973688 0.0229289 0.0764160 0.0815085 0.0615751 0.0931168 0.0792293 0.0789832 0.0761937 0.0821119 0.0707150 0.0759726 0.0399574 0.0787617 0.0729526 0.1282949 0.0580074 0.0667125 0.0756074 0.0642891 
S0689      0.0529704 0.0817200 0.0439523 0.0840899 0.1311315 0.0623860 0.0681490 0.0255414 0.1380859 0.1267235 0.1092609 0.1100490 0.0703351 0.0444696 0.0439047 0.0396865 0.1323112 0.0602708 0.1029641 0.0799574 0.0707831 0.0948910 0.1056408 0.1018265 0.0855783 0.0490725 0.1461177 0.1183834 0.0627852 0.0439399 0.1077426 0.0829470 0.0000000 0.0254101 0.0771876 0.1028676 0.1098949 0.0515854 0.1165216 0.0787836 0.0519399 0.0800014 0.0439516 0.0738485 0.0735933 0.0853379 0.0550109 0.0860911 0.1266166 0.0687212 0.0894202 0.0707254 0.1048574 0.0731870 0.0850902 0.0755716 0.0880737 0.1193409 0.0934420 0.1449450 0.1530703 0.0876095 0.0789698 0.1229305 0.0768127 0.1130082 0.0758238 0.0847636 0.0704812 0.1444963 0.0543843 0.0621794 0.0956513 0.0386077 0.0516720 0.0618698 0.1177300 0.0836034 0.0772766 0.0920154 0.1182352 0.1141300 0.1062134 0.0437451 0.1393898 0.0740289 0.0391218 0.0286930 0.0413813 0.0601724 0.0737169 0.0784412 0.0830191 0.0596013 0.0542494 0.1288238 0.0519543 0.0707886 0.0796237 0.0769830 0.0440733 0.0652680 0.0499383 0.0543494 0.1021224 0.0318992 0.0950038 0.0537709 0.0597767 0.0587667 0.0741770 0.0670800 0.0654083 0.0894060 0.0450615 0.0497062 0.0595515 0.0515304 
