110
S0055      0.0000000 0.1119701 0.1231474 0.0961181 0.1154538 0.1093815 0.1004609 0.1581272 0.1396687 0.1370381 0.1606081 0.1678660 0.1160751 0.1528957 0.0966762 0.0784591 0.0836421 0.1005304 0.1088948 0.1264330 0.1454549 0.1499876 0.0854520 0.1389913 0.1325670 0.0784623 0.0832120 0.1732577 0.1616372 0.1303472 0.0960409 0.1029789 0.1525294 0.1891312 0.0948707 0.1459498 0.1014996 0.1420441 0.0958445 0.1426362 0.1463851 0.1334516 0.1109802 0.1537300 0.1281709 0.0966052 0.1510435 0.1019273 0.1418361 0.1416885 0.1329923 0.1578579 0.1287255 0.0839337 0.1374419 0.1793405 0.1219510 0.1069625 0.1226472 0.1371399 0.1839027 0.1885595 0.1464662 0.1221744 0.1346808 0.0616606 0.1347213 0.1610257 0.0837930 0.0841911 0.1210167 0.1623128 0.1620869 0.1605880 0.1944204 0.1215660 0.1531653 0.0837531 0.1512799 0.1361849 0.1308821 0.0837930 0.0899063 0.0447416 0.1330719 0.0676152 0.1146521 0.1214431 0.1885359 0.0794256 0.1567517 0.1791077 0.1374419 0.1557647 0.0899822 0.1203617 0.1079964 0.0684666 0.1615194 0.0782447 0.1251896 0.1140600 0.1549424 0.1229631 0.1139437 0.2119191 0.1339894 0.1079964 0.0900193 0.1022971 
S0196sl    0.1119701 0.0000000 0.0507036 0.0918282 0.0694534 0.1051504 0.1206548 0.1343509 0.0842848 0.0971964 0.0965365 0.0852503 0.0856551 0.0900880 0.0996395 0.0735170 0.0792994 0.1050978 0.1235130 0.0780489 0.0781382 0.0742412 0.0996428 0.0966259 0.0724682 0.0734005 0.0788872 0.0984323 0.0789713 0.1049200 0.0917538 0.0463563 0.0898976 0.1366416 0.1052242 0.0840917 0.0972736 0.0614917 0.0915634 0.0736378 0.0591345 0.0616635 0.0636273 0.0789173 0.0996614 0.0454833 0.0717326 0.0398596 0.0795548 0.0621868 0.0725471 0.0733464 0.0678877 0.1182167 0.0870156 0.1672906 0.0802199 0.0922429 0.0559660 0.0799328 0.1447145 0.1495933 0.0725870 0.0917602 0.0803703 0.0854698 0.0919315 0.1165354 0.0794427 0.0916281 0.0679833 0.0907306 0.0906239 0.0790996 0.1208609 0.0867717 0.0902563 0.0794046 0.1149498 0.1104373 0.0815680 0.0794427 0.0855869 0.0978906 0.0967671 0.0687044 0.0624213 0.0798062 0.1113999 0.0797089 0.0728404 0.1113229 0.0870156 0.0850001 0.0856566 0.0733543 0.0731575 0.0811081 0.0968191 0.0738479 0.0851677 0.0732397 0.0790625 0.0516491 0.0611708 0.1784584 0.0619650 0.0731575 0.0929661 0.0567428 
S0281      0.1231474 0.0507036 0.0000000 0.0906467 0.0982489 0.1037671 0.1344161 0.1254043 0.1003619 0.1091735 0.1069633 0.1136938 0.1094337 0.1123659 0.1312861 0.0725953 0.0782996 0.1476292 0.1558977 0.0884252 0.1010340 0.0970649 0.1237877 0.1073346 0.0940674 0.0724814 0.0778976 0.1095695 0.1023085 0.1220574 0.0905744 0.0504202 0.1121205 0.1819327 0.1478429 0.1061306 0.0960232 0.0447211 0.0833589 0.0560537 0.0423042 0.0892777 0.0673964 0.1074062 0.1231078 0.0631170 0.0896481 0.0660548 0.1017874 0.0901980 0.0889884 0.0906019 0.0902399 0.1421953 0.0856780 0.1718433 0.0850868 0.1151158 0.0835471 0.0961508 0.1767027 0.1813900 0.1071286 0.1091355 0.0968959 0.1079098 0.1151748 0.1474242 0.0784387 0.0904516 0.0960927 0.1268915 0.1267289 0.1135814 0.1274923 0.0976033 0.1125687 0.0784016 0.1325907 0.1413172 0.1111466 0.0784387 0.0844958 0.1208682 0.1262574 0.0792581 0.0902718 0.0905504 0.1373060 0.0786982 0.0611464 0.1422273 0.0856780 0.1086990 0.0845631 0.1016241 0.0897602 0.1105951 0.1141645 0.0729176 0.1019626 0.0841249 0.1143841 0.0790953 0.0883974 0.1820952 0.0614045 0.0897602 0.1236740 0.0842372 
S0282      0.0961181 0.0918282 0.0906467 0.0000000 0.0968053 0.0293925 0.0874454 0.1242504 0.1186322 0.1412726 0.1256040 0.1319403 0.1018954 0.1311142 0.0971557 0.0094633 0.0192507 0.1128571 0.1200669 0.1061795 0.1101365 0.1213627 0.0905296 0.1260686 0.1120117 0.0447744 0.0191601 0.1229821 0.1202371 0.0901863 0.0191657 0.0779620 0.1308169 0.1719315 0.1129929 0.1245976 0.0343661 0.1144164 0.0191288 0.1223541 0.1166411 0.1065571 0.0962891 0.1253395 0.1277215 0.0759489 0.1146974 0.0829632 0.1203786 0.1139263 0.1062064 0.1350969 0.1139897 0.1076375 0.1159246 0.1690500 0.0897876 0.1344234 0.1144288 0.1218336 0.1667802 0.1583959 0.1250057 0.1016240 0.1015544 0.0768138 0.1075033 0.1385590 0.0094233 0.0396358 0.1007181 0.1330290 0.1328567 0.1253518 0.1184602 0.1163531 0.1249634 0.0192690 0.1372571 0.1328546 0.1034558 0.0094233 0.0243232 0.0885426 0.1183576 0.0397765 0.0889887 0.0952130 0.1566137 0.0401508 0.1278590 0.1548534 0.1159246 0.1268916 0.0142674 0.0944183 0.0828773 0.0792586 0.1324225 0.0242883 0.0947249 0.1002028 0.1203890 0.0963344 0.1061481 0.1891899 0.0950569 0.0828773 0.0904591 0.0774824 
S0292      0.1154538 0.0694534 0.0982489 0.0968053 0.0000000 0.1032767 0.1080819 0.1358341 0.1086837 0.1223890 0.1217973 0.0849389 0.0509647 0.1148272 0.1250134 0.0847847 0.0842242 0.1286830 0.1364897 0.1019420 0.0866302 0.0745457 0.1114848 0.1219272 0.0960677 0.0906817 0.0837880 0.1060797 0.0793957 0.1036634 0.0967269 0.0623549 0.1145700 0.1640124 0.1029905 0.1084314 0.1022270 0.1104429 0.0965278 0.1184128 0.0924998 0.0671460 0.0802482 0.0844887 0.1111196 0.0456742 0.0721281 0.0348530 0.1040167 0.0624242 0.0669328 0.0868777 0.0681548 0.1232782 0.1103405 0.1560303 0.0912197 0.0972926 0.0794220 0.0804075 0.1586878 0.1635318 0.0729984 0.0508375 0.0913891 0.0904203 0.0509312 0.1367911 0.0843775 0.0965961 0.0456417 0.0912410 0.0911320 0.0789697 0.1294423 0.1120437 0.1150382 0.0843370 0.1187043 0.0730791 0.0352075 0.0843775 0.0905409 0.1028759 0.0550650 0.0680814 0.0192788 0.0345159 0.1126051 0.0979693 0.1240078 0.1114155 0.1103405 0.0854687 0.0906184 0.0346073 0.0345226 0.0994638 0.0908555 0.0787870 0.0451656 0.0560841 0.0680022 0.0624004 0.0507934 0.1722314 0.0564258 0.0345226 0.0991034 0.0244294 
S0293      0.1093815 0.1051504 0.1037671 0.0293925 0.1032767 0.0000000 0.1008065 0.1467141 0.1325434 0.1485502 0.1398698 0.1464721 0.1153592 0.1326096 0.1106020 0.0193323 0.0295056 0.1141216 0.1214365 0.1195776 0.1112315 0.1357054 0.1036293 0.1404154 0.1256084 0.0559607 0.0293635 0.1355216 0.1344089 0.1032332 0.0293726 0.0904388 0.1451697 0.1880791 0.1267502 0.1387151 0.0394006 0.1284089 0.0293150 0.1368665 0.1316922 0.1200198 0.1095772 0.1145681 0.1423214 0.0899693 0.1228487 0.0955144 0.1345643 0.1278307 0.1196147 0.1500954 0.1279106 0.1212730 0.1301480 0.1768675 0.1027553 0.1427711 0.1284114 0.1362442 0.1828817 0.1739990 0.1391934 0.1150436 0.1149537 0.0890623 0.1211267 0.1533666 0.0192487 0.0506614 0.1139772 0.1345729 0.1475223 0.1395881 0.1330933 0.1306337 0.1391329 0.0295357 0.1525601 0.1475146 0.1108372 0.0192487 0.0296490 0.1012852 0.1322343 0.0401852 0.1018086 0.1083241 0.1491932 0.0513357 0.1424930 0.1610140 0.1301480 0.1413683 0.0242919 0.1073874 0.0954167 0.0919678 0.1343151 0.0347533 0.1077467 0.1133718 0.1345856 0.1096420 0.1195435 0.1683706 0.1081408 0.0954167 0.1035428 0.0898603 
S0294      0.1004609 0.1206548 0.1344161 0.0874454 0.1080819 0.1008065 0.0000000 0.1717000 0.1450207 0.1694132 0.1737343 0.1318741 0.1065308 0.1655208 0.0943270 0.0753796 0.0748776 0.1179692 0.0980425 0.1375949 0.0944699 0.1270309 0.1001863 0.1468003 0.1440344 0.0931031 0.0744845 0.1484330 0.1064699 0.1559843 0.0873741 0.1065457 0.1651036 0.2039081 0.1119418 0.1430620 0.0929499 0.1614951 0.0871904 0.1713881 0.1513080 0.1111515 0.1149085 0.1255169 0.1625800 0.0720692 0.1069091 0.0930374 0.1470181 0.1064020 0.1109636 0.1134880 0.1129826 0.0581087 0.1638518 0.2093369 0.1262474 0.1701230 0.1193446 0.1000523 0.1985368 0.2032576 0.1242210 0.1131072 0.1394623 0.0810672 0.0986111 0.1526285 0.0750127 0.0872523 0.1120280 0.1193902 0.1192339 0.1194379 0.1682492 0.1283526 0.1586747 0.0749765 0.1665644 0.1400078 0.0949927 0.0750127 0.0811812 0.0807353 0.1179140 0.0636710 0.0995031 0.1061984 0.1658068 0.0885103 0.1691092 0.1558030 0.1638518 0.1056700 0.0812451 0.1052531 0.0929387 0.0475142 0.1134254 0.0635642 0.1056161 0.1112205 0.1128583 0.1128229 0.1051874 0.2177377 0.1187223 0.0929387 0.0874952 0.0872175 
S0299      0.1581272 0.1343509 0.1254043 0.1242504 0.1358341 0.1467141 0.1717000 0.0000000 0.1793167 0.1583748 0.1874306 0.0957303 0.1418894 0.1875504 0.1833000 0.1239354 0.1322085 0.1955647 0.1998912 0.1628861 0.1085971 0.1196320 0.1486207 0.1898820 0.1703498 0.1174672 0.1313878 0.0951764 0.0944864 0.1640937 0.1385542 0.1024970 0.1797497 0.1926580 0.2061331 0.1870008 0.1465903 0.1493755 0.1308891 0.1666741 0.1510918 0.1241682 0.1316764 0.1026186 0.1489758 0.0575375 0.0674337 0.1180423 0.1827285 0.1103506 0.1236214 0.1417845 0.1181892 0.1770621 0.1597386 0.1965197 0.1416298 0.1921239 0.1327119 0.1418855 0.1777042 0.1842539 0.1306006 0.1423848 0.1654519 0.1548207 0.1572798 0.1677481 0.1232359 0.1405426 0.1190364 0.1215711 0.1146567 0.0825466 0.0841486 0.1629587 0.1960800 0.1396162 0.1771242 0.1898063 0.1519617 0.1232359 0.1404477 0.1535600 0.1464050 0.1259533 0.1261093 0.1403128 0.0902047 0.1354381 0.1654157 0.0968535 0.1597386 0.1014131 0.1232359 0.1398923 0.1252553 0.1688628 0.0967912 0.1242504 0.1466437 0.1107149 0.1078977 0.1041502 0.1180423 0.2043605 0.1176672 0.1252553 0.1923805 0.1255264 
S0303      0.1396687 0.0842848 0.1003619 0.1186322 0.1086837 0.1325434 0.1450207 0.1793167 0.0000000 0.0830922 0.0290717 0.1442974 0.1120019 0.0338757 0.1481030 0.0996430 0.1055710 0.1453098 0.1664591 0.0093719 0.1077778 0.1134201 0.1347363 0.0714240 0.0093864 0.0993198 0.1050231 0.1486986 0.1383820 0.1533460 0.1185343 0.0833981 0.0239269 0.1870673 0.1326059 0.0190330 0.1240559 0.1183077 0.1182936 0.1326836 0.1144364 0.0776055 0.1019199 0.1311192 0.0839543 0.0940761 0.1261436 0.0759410 0.0342055 0.0957210 0.0773584 0.1009077 0.1063362 0.1527111 0.1262046 0.1910003 0.0605500 0.0772386 0.0885917 0.1212906 0.1818932 0.1730764 0.1009586 0.1195317 0.0661577 0.1181441 0.1004957 0.1594595 0.1057740 0.1002684 0.1002476 0.1515677 0.1513657 0.1375443 0.1582976 0.0555683 0.0240150 0.1057219 0.0790427 0.1263539 0.1216780 0.1057740 0.1121402 0.1311991 0.1007209 0.0950162 0.1004665 0.0999060 0.1606849 0.0933600 0.1254658 0.1679478 0.1262046 0.1452856 0.1122574 0.1001757 0.1054723 0.1141587 0.1442577 0.1000918 0.1121854 0.0874387 0.1385622 0.0900978 0.0983825 0.1795014 0.1125944 0.1054723 0.1342333 0.0943793 
S0308      0.1370381 0.0971964 0.1091735 0.1412726 0.1223890 0.1485502 0.1694132 0.1583748 0.0830922 0.0000000 0.1067278 0.1487318 0.1407433 0.1001959 0.1578504 0.1207212 0.1148413 0.1634113 0.1759107 0.0769341 0.1163183 0.1572633 0.1450489 0.1025816 0.0824432 0.1079914 0.1142217 0.1671047 0.1466150 0.1856797 0.1411484 0.1094060 0.0999831 0.2155331 0.1499373 0.0941524 0.1342610 0.1402819 0.1408522 0.1559913 0.1365645 0.1151536 0.1296766 0.1478871 0.0978851 0.1172169 0.1448436 0.1007651 0.0897464 0.1355048 0.1194410 0.1342537 0.1488604 0.1848131 0.1213640 0.1948997 0.0790400 0.0965106 0.1153398 0.1446443 0.2102387 0.2148413 0.1410068 0.1292836 0.0906635 0.1403545 0.1274852 0.1782553 0.1273379 0.1153607 0.1153948 0.1734038 0.1599619 0.1413637 0.1772392 0.0854747 0.1003783 0.1272706 0.1191203 0.1694707 0.1382773 0.1273379 0.1217743 0.1475716 0.1402863 0.1160185 0.1277158 0.1351049 0.1838104 0.1017559 0.1481108 0.1874816 0.1213640 0.1537376 0.1343898 0.1398330 0.1269553 0.1354462 0.1555919 0.1212924 0.1403240 0.1205879 0.1597433 0.1169293 0.1126201 0.1713402 0.1342417 0.1269553 0.1562497 0.1210767 
S0322      0.1606081 0.0965365 0.1069633 0.1256040 0.1217973 0.1398698 0.1737343 0.1874306 0.0290717 0.1067278 0.0000000 0.1583670 0.1312566 0.0238467 0.1697103 0.1061808 0.1122247 0.1533253 0.1814810 0.0239541 0.1310174 0.1288730 0.1422707 0.0888491 0.0190688 0.1058322 0.1116347 0.1477416 0.1523071 0.1612338 0.1254985 0.0955028 0.0141502 0.1961893 0.1463983 0.0290078 0.1310975 0.1189805 0.1252416 0.1334712 0.1215001 0.0895134 0.1147278 0.1447148 0.0961572 0.1156760 0.1482877 0.0875456 0.0447090 0.1083057 0.0951251 0.1273954 0.1271749 0.1672234 0.1269429 0.2148632 0.0656713 0.0890765 0.1068257 0.1414883 0.1811492 0.1818368 0.1136252 0.1393666 0.0721029 0.1312560 0.1330414 0.1742160 0.1124466 0.1068599 0.1128023 0.1659504 0.1657222 0.1513520 0.1664643 0.0724345 0.0341657 0.1123901 0.0986148 0.1399504 0.1352817 0.1124466 0.1189558 0.1365640 0.1133568 0.1075729 0.1130550 0.1263497 0.1827868 0.0997447 0.1261952 0.1735839 0.1269429 0.1594846 0.1115685 0.1127236 0.1243367 0.1273524 0.1566966 0.1066656 0.1071143 0.1127047 0.1525120 0.1025423 0.1106524 0.2289960 0.1132290 0.1243367 0.1400684 0.1011004 
S0327      0.1678660 0.0852503 0.1136938 0.1319403 0.0849389 0.1464721 0.1318741 0.0957303 0.1442974 0.1487318 0.1583670 0.0000000 0.1075151 0.1507943 0.1635240 0.1191500 0.1065008 0.1596802 0.1618797 0.1369635 0.0701189 0.0841394 0.1551571 0.1585632 0.1308008 0.1120209 0.1059423 0.0724621 0.0656511 0.1461931 0.1318282 0.0897764 0.1504388 0.1802884 0.1469614 0.1439653 0.1252062 0.1324288 0.1251646 0.1408703 0.1085080 0.0877947 0.1087556 0.0547360 0.1477162 0.0497942 0.0360307 0.0660952 0.1398872 0.0719591 0.0875154 0.1085840 0.0776862 0.1674230 0.1359089 0.1914052 0.1261169 0.1547266 0.0890974 0.0957902 0.1750985 0.1727142 0.0938423 0.1072286 0.1263462 0.1313806 0.1074227 0.1594627 0.1185627 0.1316568 0.0720255 0.0878334 0.0766607 0.0387828 0.0862323 0.1360375 0.1510575 0.1185023 0.1652517 0.1322333 0.0972383 0.1185627 0.1131497 0.1449586 0.1121185 0.1016983 0.0775377 0.0951410 0.0782056 0.1272095 0.1464199 0.0664483 0.1359089 0.0713130 0.1253229 0.0884974 0.0882584 0.1294623 0.0603845 0.1127155 0.1004639 0.0939875 0.0765754 0.0719348 0.0884508 0.2057021 0.0769706 0.0882584 0.1422305 0.0717708 
S0335      0.1160751 0.0856551 0.1094337 0.1018954 0.0509647 0.1153592 0.1065308 0.1418894 0.1120019 0.1407433 0.1312566 0.1075151 0.0000000 0.1242638 0.1303081 0.0898359 0.0892411 0.1465332 0.1413548 0.0997819 0.0934055 0.0785833 0.1153047 0.1208792 0.1055242 0.0889863 0.0887798 0.1230308 0.1018506 0.1087822 0.1018127 0.0841985 0.1239868 0.1460832 0.1201345 0.1178739 0.1073019 0.1342612 0.1016044 0.1428769 0.1100463 0.0888873 0.1029558 0.1069289 0.1210375 0.0633198 0.0894569 0.0554429 0.1136238 0.0722077 0.0774059 0.0907813 0.0611631 0.1281528 0.1360861 0.1427161 0.0952483 0.1339241 0.0786167 0.0729326 0.1408986 0.1456803 0.0826965 0.0503620 0.1070978 0.0952412 0.0556737 0.1209612 0.0894052 0.0943691 0.0496677 0.1141518 0.1140096 0.1012792 0.1403640 0.1095542 0.1244848 0.0893621 0.1221740 0.0722154 0.0567274 0.0894052 0.0955978 0.1077115 0.0714721 0.0731218 0.0394869 0.0450226 0.1302735 0.0960960 0.1485116 0.1225342 0.1360861 0.1082086 0.0956835 0.0445210 0.0342084 0.0978211 0.0958998 0.0838105 0.0552326 0.0661849 0.0960773 0.0842658 0.0663921 0.1721877 0.0779145 0.0342084 0.1165222 0.0393720 
S0355      0.1528957 0.0900880 0.1123659 0.1311142 0.1148272 0.1326096 0.1655208 0.1875504 0.0338757 0.1001959 0.0238467 0.1507943 0.1242638 0.0000000 0.1617178 0.1115382 0.1176152 0.1328513 0.1596550 0.0287112 0.1221764 0.1217268 0.1412601 0.0826555 0.0238095 0.1111722 0.1169967 0.1554332 0.1448269 0.1600667 0.1310037 0.0891345 0.0188464 0.1877335 0.1390038 0.0338015 0.1366063 0.1244445 0.1307365 0.1390941 0.1273408 0.0832640 0.1079385 0.1248498 0.0897352 0.1081070 0.1404846 0.0814615 0.0496095 0.1016511 0.0887886 0.1203518 0.1201482 0.1593895 0.1325196 0.2058667 0.0715247 0.0828653 0.1002836 0.1341139 0.1825416 0.1736776 0.1069146 0.1321334 0.0716540 0.1242644 0.1259257 0.1662326 0.1178507 0.1122551 0.1061530 0.1450031 0.1579765 0.1439378 0.1822825 0.0664925 0.0389968 0.1177911 0.0919957 0.1326770 0.1216324 0.1178507 0.1182403 0.1375166 0.1066626 0.0892502 0.1063870 0.1193821 0.1699853 0.0991194 0.1317413 0.1748991 0.1325196 0.1518389 0.1245531 0.1060780 0.1175093 0.1203263 0.1492317 0.1120479 0.1125225 0.1060654 0.1450179 0.0959763 0.1041603 0.2040615 0.1186756 0.1175093 0.1327909 0.0946511 
S0376      0.0966762 0.0996395 0.1312861 0.0971557 0.1250134 0.1106020 0.0943270 0.1833000 0.1481030 0.1578504 0.1697103 0.1635240 0.1303081 0.1617178 0.0000000 0.0850822 0.0787248 0.0898017 0.0777764 0.1344656 0.1200092 0.1518010 0.0982704 0.1565372 0.1407596 0.0910047 0.0840781 0.1754542 0.1636028 0.1523111 0.0970766 0.1041135 0.1551185 0.1823997 0.0959019 0.1398307 0.1025996 0.1577212 0.0968760 0.1673097 0.1633697 0.1221245 0.1122800 0.1555648 0.1432349 0.1043195 0.1377866 0.1092960 0.1504642 0.1358601 0.1345168 0.1670534 0.1434616 0.1027355 0.1599728 0.1943220 0.1233433 0.1565620 0.1378174 0.1524243 0.1915768 0.1962034 0.1551183 0.1299389 0.1362488 0.0907413 0.1362910 0.1612928 0.0846720 0.0969450 0.1286758 0.1779413 0.1776850 0.1558707 0.1970423 0.1314600 0.1620038 0.0846311 0.1535811 0.1577238 0.1181026 0.0846720 0.0908625 0.0962147 0.1477526 0.0739284 0.1159341 0.1228229 0.1741264 0.0983288 0.1731664 0.1962448 0.1599728 0.1711743 0.0909410 0.1217139 0.0970082 0.0738948 0.1634819 0.0790587 0.1350035 0.1279599 0.1638325 0.1243803 0.1344299 0.2407739 0.1355400 0.0970082 0.0342863 0.1034151 
S0400      0.0784591 0.0735170 0.0725953 0.0094633 0.0847847 0.0193323 0.0753796 0.1239354 0.0996430 0.1207212 0.1061808 0.1191500 0.0898359 0.1115382 0.0850822 0.0000000 0.0094988 0.1006320 0.1075343 0.0878120 0.0940129 0.1086715 0.0787136 0.1065466 0.0934063 0.0343496 0.0094547 0.1164360 0.1076830 0.0784154 0.0094573 0.0666078 0.1112968 0.1580244 0.1007456 0.1053613 0.0242161 0.0953182 0.0094392 0.1028307 0.0961812 0.0945221 0.0843445 0.1127583 0.1148522 0.0632352 0.1016243 0.0656207 0.1010457 0.1015612 0.0942166 0.1150140 0.1016129 0.0954640 0.0965335 0.1549186 0.0780808 0.1142432 0.0953399 0.1090876 0.1528837 0.1448618 0.1124649 0.0896008 0.0895468 0.0656502 0.0953409 0.1255749 0.0000028 0.0293220 0.0888236 0.1201106 0.1199594 0.1127711 0.1055092 0.0968860 0.1056611 0.0095073 0.1238533 0.1199616 0.0911899 0.0000028 0.0143999 0.0770218 0.1060407 0.0294280 0.0774036 0.0834155 0.1427162 0.0244446 0.1082064 0.1411524 0.0965335 0.1141197 0.0046938 0.0827355 0.0714978 0.0673885 0.1195775 0.0143790 0.0830003 0.0883809 0.1078151 0.0843754 0.0877846 0.1740894 0.0832818 0.0714978 0.0786559 0.0662104 
S0405      0.0836421 0.0792994 0.0782996 0.0192507 0.0842242 0.0295056 0.0748776 0.1322085 0.1055710 0.1148413 0.1122247 0.1065008 0.0892411 0.1176152 0.0787248 0.0094988 0.0000000 0.0999602 0.1008082 0.0935785 0.0718308 0.1079207 0.0782008 0.1126191 0.0992324 0.0341487 0.0000028 0.1035239 0.0952894 0.0905552 0.0192380 0.0661886 0.1173576 0.1442023 0.1000718 0.1113505 0.0143096 0.1012891 0.0192008 0.1087643 0.1025658 0.0938994 0.0837902 0.1003242 0.1140495 0.0627902 0.0882652 0.0711228 0.1070741 0.1008752 0.0935974 0.1210686 0.1009256 0.0948272 0.0908553 0.1408935 0.0775765 0.1204955 0.1013084 0.1083308 0.1390877 0.1314321 0.1116979 0.0890091 0.0889561 0.0652437 0.0947054 0.1127229 0.0094584 0.0291514 0.0771040 0.1192703 0.1072068 0.1003371 0.1064783 0.1029657 0.1116697 0.0094548 0.1229561 0.1191240 0.0905765 0.0094584 0.0047279 0.0765326 0.1053283 0.0292569 0.0769082 0.0828734 0.1416535 0.0295229 0.1141589 0.1275777 0.0908553 0.1015026 0.0143209 0.0822038 0.0655693 0.0672737 0.1068758 0.0142985 0.0824648 0.0878077 0.1070763 0.0838203 0.0935498 0.1758621 0.0827415 0.0655693 0.0724725 0.0657967 
S0412sl    0.1005304 0.1050978 0.1476292 0.1128571 0.1286830 0.1141216 0.1179692 0.1955647 0.1453098 0.1634113 0.1533253 0.1596802 0.1465332 0.1328513 0.0898017 0.1006320 0.0999602 0.0000000 0.1021795 0.1379121 0.1522632 0.1356334 0.0783507 0.1596984 0.1317025 0.1007540 0.0994433 0.1647168 0.1666540 0.1421443 0.1127647 0.1080018 0.1454416 0.1668440 0.0547393 0.1449732 0.1182644 0.1474252 0.1125356 0.1564591 0.1521389 0.1260857 0.1160836 0.1454851 0.1355141 0.1085148 0.1633013 0.1130852 0.1408789 0.1467297 0.1379656 0.1773432 0.1536320 0.1137673 0.1568579 0.2060502 0.1086714 0.1337492 0.1474103 0.1690031 0.1827835 0.1801912 0.1582748 0.1318581 0.1088715 0.0878754 0.1463862 0.1594005 0.1001493 0.1010716 0.1185526 0.1533213 0.1666335 0.1655726 0.2006112 0.1417136 0.1521250 0.1001004 0.1524740 0.1545968 0.1294563 0.1001493 0.0888150 0.0886478 0.1321545 0.0779574 0.1196517 0.1329003 0.1732174 0.1081867 0.1621447 0.1841911 0.1568579 0.1741111 0.1065502 0.1132970 0.1249753 0.0735807 0.1735776 0.0945061 0.1260981 0.1316966 0.1533382 0.1138601 0.1316425 0.1951006 0.1389994 0.1249753 0.0781154 0.0955940 
S0427      0.1088948 0.1235130 0.1558977 0.1200669 0.1364897 0.1214365 0.0980425 0.1998912 0.1664591 0.1759107 0.1814810 0.1618797 0.1413548 0.1596550 0.0777764 0.1075343 0.1008082 0.1021795 0.0000000 0.1585752 0.1419868 0.1637784 0.1094872 0.1745207 0.1520932 0.1015509 0.1062387 0.1663083 0.1753772 0.1437529 0.1199663 0.1151747 0.1729054 0.1962500 0.1145220 0.1510821 0.1255655 0.1556828 0.1197196 0.1493427 0.1611001 0.1463228 0.1235709 0.1407283 0.1706248 0.1320269 0.1511246 0.1203150 0.1621342 0.1549258 0.1586517 0.1865442 0.1620246 0.1076307 0.1629762 0.2081262 0.1474281 0.1780684 0.1626157 0.1697675 0.1910263 0.1956495 0.1666904 0.1477071 0.1476985 0.0956727 0.1395652 0.1608216 0.1070090 0.1075370 0.1336039 0.1756033 0.1896074 0.1609013 0.2027919 0.1631025 0.1736353 0.1069554 0.1897442 0.1537628 0.1165137 0.1070090 0.1073677 0.0778430 0.1329372 0.0843674 0.1270710 0.1406919 0.1725905 0.1090710 0.1708719 0.1941807 0.1629762 0.1830688 0.1135933 0.1328698 0.1198846 0.0731240 0.1684227 0.1012467 0.1463435 0.1328272 0.1756265 0.1358024 0.1327726 0.2383642 0.1469335 0.1198846 0.0607864 0.1143921 
S0430      0.1264330 0.0780489 0.0884252 0.1061795 0.1019420 0.1195776 0.1375949 0.1628861 0.0093719 0.0769341 0.0239541 0.1369635 0.0997819 0.0287112 0.1344656 0.0878120 0.0935785 0.1379121 0.1585752 0.0000000 0.0996881 0.1080915 0.1274306 0.0603140 0.0046423 0.0875311 0.0931005 0.1410765 0.1311395 0.1457124 0.1060941 0.0772375 0.0189296 0.1787723 0.1254485 0.0141176 0.1115210 0.1115174 0.1058802 0.1255127 0.1134808 0.0715605 0.0953515 0.1240647 0.0777440 0.0877328 0.1198125 0.0700494 0.0289864 0.0892837 0.0713356 0.1012440 0.1010817 0.1451274 0.1191751 0.1760099 0.0497172 0.0712286 0.0769910 0.1085032 0.1736256 0.1650724 0.0944638 0.1069625 0.0603481 0.1113722 0.1067067 0.1517316 0.0937506 0.0883478 0.0938099 0.1440532 0.1438650 0.1303627 0.1594057 0.0447966 0.0189986 0.0937057 0.0737980 0.1193147 0.1146511 0.0937506 0.0999110 0.1241376 0.0942421 0.0831780 0.0940114 0.1004981 0.1617870 0.0817534 0.1184839 0.1599715 0.1191751 0.1378838 0.1000043 0.0937419 0.0934880 0.1073578 0.1310505 0.0882008 0.1055208 0.0879385 0.1313068 0.0837486 0.0920912 0.1949318 0.1058970 0.0934880 0.1269631 0.0880540 
S0478      0.1454549 0.0781382 0.1010340 0.1101365 0.0866302 0.1112315 0.0944699 0.1085971 0.1077778 0.1163183 0.1310174 0.0701189 0.0934055 0.1221764 0.1200092 0.0940129 0.0718308 0.1522632 0.1419868 0.0996881 0.0000000 0.0940327 0.1450706 0.1154549 0.1069500 0.0854946 0.0788789 0.0933861 0.0705597 0.1341751 0.1013932 0.0945725 0.1144766 0.1663559 0.1354770 0.0996290 0.0872692 0.1235300 0.1021912 0.1251169 0.1164498 0.0917219 0.1105934 0.0500611 0.1334504 0.0552685 0.0311141 0.0642023 0.1077616 0.0926546 0.0706652 0.1008101 0.0861611 0.1358050 0.1102521 0.1694369 0.1086437 0.1425678 0.0854760 0.0870396 0.1598224 0.1494438 0.0922985 0.0857596 0.1004269 0.1169308 0.1009706 0.1319733 0.0940129 0.1014146 0.0939068 0.0989914 0.0846393 0.0566408 0.1027311 0.1189282 0.1219733 0.0939548 0.1269074 0.1236354 0.0790669 0.0940129 0.0872772 0.1256818 0.1153999 0.0870666 0.0851407 0.0937688 0.1086326 0.0860037 0.1321478 0.0925361 0.1102521 0.0774170 0.1021060 0.0927823 0.0782398 0.1162365 0.0503700 0.0868634 0.1081275 0.1077246 0.0845181 0.0860149 0.0924976 0.1114035 0.1002426 0.0782398 0.1030850 0.0715282 
S0552sl    0.1499876 0.0742412 0.0970649 0.1213627 0.0745457 0.1357054 0.1270309 0.1196320 0.1134201 0.1572633 0.1288730 0.0841394 0.0785833 0.1217268 0.1518010 0.1086715 0.1079207 0.1356334 0.1637784 0.1080915 0.0940327 0.0000000 0.1167902 0.1338122 0.1083144 0.1016721 0.1073466 0.1107421 0.0786536 0.1148318 0.1212598 0.0726788 0.1214491 0.1412191 0.1358210 0.1210620 0.1269237 0.0957706 0.1210079 0.1031160 0.0715124 0.0666892 0.0908382 0.0836982 0.1238089 0.0330404 0.0590937 0.0560843 0.1291998 0.0292362 0.0502721 0.0499707 0.0239292 0.1565569 0.1292291 0.1545117 0.0970543 0.1305814 0.0730677 0.0674397 0.1427351 0.1408298 0.0548392 0.0907704 0.1034103 0.1074932 0.0784000 0.1263903 0.1081343 0.1210986 0.0729682 0.0787403 0.0786499 0.0782362 0.1190447 0.1312622 0.1278974 0.1080796 0.1247238 0.1216716 0.0803532 0.1081343 0.1024430 0.1279279 0.0843408 0.0912685 0.0673981 0.0722216 0.1099123 0.1165404 0.1085074 0.1102531 0.1292291 0.0846585 0.1148052 0.0672038 0.0723846 0.1115133 0.0786037 0.1023051 0.0787688 0.0661153 0.0673991 0.0618353 0.0782929 0.1710647 0.0554573 0.0723846 0.1314118 0.0508971 
S0558      0.0854520 0.0996428 0.1237877 0.0905296 0.1114848 0.1036293 0.1001863 0.1486207 0.1347363 0.1450489 0.1422707 0.1551571 0.1153047 0.1412601 0.0982704 0.0787136 0.0782008 0.0783507 0.1094872 0.1274306 0.1450706 0.1167902 0.0000000 0.1489948 0.1212335 0.0787997 0.0777999 0.1372637 0.1489895 0.1107073 0.0904574 0.0914381 0.1409251 0.1530598 0.0784294 0.1344204 0.0958989 0.1236072 0.0902722 0.1320276 0.1190725 0.1155851 0.0869783 0.1413056 0.1118710 0.0976385 0.1447201 0.0965740 0.1301677 0.1154627 0.1333932 0.1438466 0.1219485 0.0897051 0.1252942 0.1699251 0.0909645 0.1315717 0.1427950 0.1423303 0.1547236 0.1526306 0.1326322 0.1149892 0.0911330 0.0720810 0.1290825 0.1131862 0.0783396 0.0845577 0.1020304 0.1491770 0.1489734 0.1480424 0.1722690 0.1243078 0.1415147 0.0783026 0.1413886 0.1432209 0.1185822 0.0783396 0.0729268 0.0783192 0.1216451 0.0733575 0.1029600 0.1158887 0.1900255 0.0857396 0.1377104 0.1802800 0.1252942 0.1562692 0.0844549 0.1086135 0.1083021 0.0687300 0.1620470 0.0728260 0.1152771 0.1148624 0.1358751 0.1109266 0.1148087 0.1895736 0.1157122 0.1083021 0.0798752 0.0908452 
S0616      0.1389913 0.0966259 0.1073346 0.1260686 0.1219272 0.1404154 0.1468003 0.1898820 0.0714240 0.1025816 0.0888491 0.1585632 0.1208792 0.0826555 0.1565372 0.1065466 0.1126191 0.1596984 0.1745207 0.0603140 0.1154549 0.1338122 0.1489948 0.0000000 0.0656429 0.1138531 0.1120244 0.1635264 0.1524918 0.1611366 0.1259622 0.0955899 0.0824866 0.1925560 0.1465719 0.0768704 0.1315879 0.1252023 0.1257032 0.1399803 0.1281732 0.1011447 0.1148450 0.1366309 0.0964461 0.1090564 0.1282723 0.0876201 0.0605422 0.1204809 0.1125437 0.1334578 0.1332238 0.1542788 0.1336383 0.1900404 0.0731335 0.0905357 0.1069288 0.1416544 0.1874200 0.1919804 0.1132353 0.1329473 0.0845945 0.1192426 0.1391764 0.1648588 0.1128430 0.1072312 0.1129146 0.1661635 0.1659346 0.1515335 0.1836833 0.0562362 0.0828082 0.1127860 0.1047231 0.1528935 0.1211296 0.1128430 0.1193847 0.1383798 0.1313787 0.1018875 0.1131680 0.1138254 0.1855930 0.1075389 0.1325624 0.1833988 0.1336383 0.1596845 0.1195192 0.1248289 0.1125150 0.1092670 0.1523835 0.1070352 0.1252528 0.1185490 0.1526972 0.1026406 0.1107594 0.2334969 0.1257273 0.1125150 0.1484203 0.1068497 
S0620      0.1325670 0.0724682 0.0940674 0.1120117 0.0960677 0.1256084 0.1440344 0.1703498 0.0093864 0.0824432 0.0190688 0.1308008 0.1055242 0.0238095 0.1407596 0.0934063 0.0992324 0.1317025 0.1520932 0.0046423 0.1069500 0.1083144 0.1212335 0.0656429 0.0000000 0.0931064 0.0987231 0.1347020 0.1250180 0.1393566 0.1119207 0.0717190 0.0141283 0.1720816 0.1193639 0.0093661 0.1173760 0.1056587 0.1116950 0.1194179 0.1072168 0.0661102 0.0895860 0.1180575 0.0721850 0.0877328 0.1198125 0.0647249 0.0240356 0.0835953 0.0767864 0.1014508 0.1012879 0.1388084 0.1131602 0.1827866 0.0549420 0.0658072 0.0825067 0.1144831 0.1669264 0.1585322 0.0887569 0.1128461 0.0550410 0.1055275 0.1068869 0.1453347 0.0994183 0.0939829 0.0881476 0.1377844 0.1376064 0.1242867 0.1596962 0.0500053 0.0141796 0.0993702 0.0739498 0.1132925 0.1086107 0.0994183 0.1056578 0.1181251 0.0885466 0.0887885 0.0883343 0.1006668 0.1620749 0.0872593 0.1125052 0.1534234 0.1131602 0.1316711 0.1057613 0.0880826 0.0991382 0.1014644 0.1371580 0.0938222 0.0997329 0.0880836 0.1251758 0.0781040 0.0865449 0.1952898 0.1000837 0.0991382 0.1207931 0.0824541 
S0641      0.0784623 0.0734005 0.0724814 0.0447744 0.0906817 0.0559607 0.0931031 0.1174672 0.0993198 0.1079914 0.1058322 0.1120209 0.0889863 0.1111722 0.0910047 0.0343496 0.0341487 0.1007540 0.1015509 0.0875311 0.0854946 0.1016721 0.0787997 0.1138531 0.0931064 0.0000000 0.0339856 0.1091749 0.1124912 0.0845164 0.0447428 0.0666752 0.1109325 0.1499973 0.1008668 0.1050182 0.0497783 0.0951668 0.0446548 0.1024524 0.0960186 0.0879722 0.0844394 0.1057873 0.1075242 0.0625852 0.0944728 0.0771678 0.1007134 0.0947854 0.0876917 0.1145885 0.0948305 0.1014332 0.1094879 0.1467916 0.0717010 0.1138588 0.0951885 0.1020558 0.1449016 0.1371387 0.0999741 0.0897037 0.0829073 0.0657380 0.1013045 0.1182940 0.0341981 0.0343432 0.0889244 0.1249094 0.1247524 0.1058001 0.1188058 0.0965638 0.1113709 0.0341840 0.1161508 0.1262781 0.0972044 0.0341981 0.0394536 0.0714698 0.1001551 0.0345355 0.0830910 0.0837245 0.1348108 0.0243223 0.1078094 0.1333672 0.1094879 0.1189344 0.0394677 0.0884686 0.0770872 0.0729107 0.1124170 0.0292048 0.0887541 0.0827022 0.1126292 0.0779377 0.0884220 0.1656437 0.0769469 0.0770872 0.0844489 0.0717491 
S0643      0.0832120 0.0788872 0.0778976 0.0191601 0.0837880 0.0293635 0.0744845 0.1313878 0.1050231 0.1142217 0.1116347 0.1059423 0.0887798 0.1169967 0.0840781 0.0094547 0.0000028 0.0994433 0.1062387 0.0931005 0.0788789 0.1073466 0.0777999 0.1120244 0.0987231 0.0339856 0.0000000 0.1029688 0.0947923 0.0900799 0.0191476 0.0658578 0.1167420 0.1434143 0.0995534 0.1107699 0.0142430 0.1007576 0.0191107 0.1081804 0.1019908 0.0934179 0.0833587 0.0998029 0.1134392 0.0624387 0.0882652 0.0707676 0.1065103 0.1003482 0.0931190 0.1204115 0.1003983 0.0943364 0.0903771 0.1401098 0.0771821 0.1198455 0.1007770 0.1077528 0.1383245 0.1307232 0.1111133 0.0885503 0.0884981 0.0649219 0.0942157 0.1121271 0.0094147 0.0290136 0.0767146 0.1186331 0.1066411 0.0998157 0.1058888 0.1024169 0.1110858 0.0094111 0.1222777 0.1184886 0.0901017 0.0094147 0.0047061 0.0761481 0.1047828 0.0291173 0.0765210 0.0824513 0.1408603 0.0293807 0.1135470 0.1268794 0.0903771 0.1009677 0.0142542 0.0817889 0.0706937 0.0669322 0.1063140 0.0142320 0.0820472 0.0873622 0.1065121 0.0833881 0.0930720 0.1748076 0.0823208 0.0706937 0.0777437 0.0654699 
S0645sl    0.1732577 0.0984323 0.1095695 0.1229821 0.1060797 0.1355216 0.1484330 0.0951764 0.1486986 0.1671047 0.1477416 0.0724621 0.1230308 0.1554332 0.1754542 0.1164360 0.1035239 0.1647168 0.1663083 0.1410765 0.0933861 0.1107421 0.1372637 0.1635264 0.1347020 0.1091749 0.1029688 0.0000000 0.0900956 0.1358837 0.1293990 0.0797061 0.1550537 0.1934154 0.1786774 0.1483467 0.1088020 0.1236373 0.1291260 0.1320477 0.1177470 0.0964291 0.0985182 0.0786404 0.1523513 0.0629769 0.0536736 0.0853374 0.1441938 0.0972903 0.1080559 0.1172901 0.1035178 0.1727831 0.1275469 0.2132132 0.0968663 0.1596296 0.1093753 0.1105977 0.1716475 0.1854023 0.1081309 0.1297445 0.1102511 0.1353211 0.1233994 0.1567210 0.1158488 0.1232492 0.0918159 0.1139848 0.1019637 0.0558295 0.0695347 0.1402806 0.1557106 0.1157884 0.1706724 0.1439267 0.1194240 0.1158488 0.1103022 0.1347361 0.1347615 0.1107098 0.0976998 0.1166935 0.0677119 0.1311577 0.1304306 0.0613750 0.1275469 0.0962680 0.1090950 0.0974085 0.1090436 0.1467790 0.0848892 0.1098685 0.1160736 0.1091548 0.1018403 0.0919176 0.1092900 0.2218505 0.0910548 0.1090436 0.1530805 0.0914663 
S0673      0.1616372 0.0789713 0.1023085 0.1202371 0.0793957 0.1344089 0.1064699 0.0944864 0.1383820 0.1466150 0.1523071 0.0656511 0.1018506 0.1448269 0.1636028 0.1076830 0.0952894 0.1666540 0.1753772 0.1311395 0.0705597 0.0786536 0.1489895 0.1524918 0.1250180 0.1124912 0.0947923 0.0900956 0.0000000 0.1468448 0.1201362 0.0784355 0.1444878 0.1740130 0.1537902 0.1380627 0.1136469 0.1143706 0.1198889 0.1223075 0.0900296 0.0824051 0.0968742 0.0546304 0.1416346 0.0105007 0.0411998 0.0608374 0.1339207 0.0556984 0.0821435 0.0728828 0.0723011 0.1477217 0.1220854 0.1849185 0.1202986 0.1485847 0.0825574 0.0903658 0.1688012 0.1735034 0.0883848 0.1015793 0.1205184 0.1255664 0.1017649 0.1533520 0.1071561 0.1199778 0.0666881 0.0286536 0.0189064 0.0444539 0.0917007 0.1428057 0.1384768 0.1071024 0.1588970 0.1263744 0.0915671 0.1071561 0.1017731 0.1390051 0.0946533 0.0902349 0.0721621 0.0896010 0.1013436 0.1154544 0.1201883 0.0956114 0.1220854 0.0093936 0.1137521 0.0830589 0.0828363 0.1107433 0.0496304 0.1013847 0.0833259 0.0773420 0.0286539 0.0666050 0.0717598 0.2045149 0.0607979 0.0828363 0.1422912 0.0664547 
S0689      0.1303472 0.1049200 0.1220574 0.0901863 0.1036634 0.1032332 0.1559843 0.1640937 0.1533460 0.1856797 0.1612338 0.1461931 0.1087822 0.1600667 0.1523111 0.0784154 0.0905552 0.1421443 0.1437529 0.1457124 0.1341751 0.1148318 0.1107073 0.1611366 0.1393566 0.0845164 0.0900799 0.1358837 0.1468448 0.0000000 0.0901147 0.0971273 0.1596770 0.1624064 0.1279555 0.1529868 0.1089436 0.1093591 0.0899308 0.1172228 0.1112399 0.1197754 0.1167796 0.1393064 0.1369405 0.0889126 0.1358120 0.1082354 0.1489203 0.1275723 0.1315460 0.1567828 0.1214298 0.1366813 0.1515229 0.1724596 0.1082567 0.1436359 0.1278074 0.1355977 0.1642271 0.1487886 0.1308070 0.1270471 0.1084554 0.0953997 0.1272797 0.1415506 0.0780440 0.1032220 0.1273994 0.1470265 0.1468295 0.1393178 0.1469166 0.1584213 0.1603479 0.0906805 0.1451706 0.1341266 0.1105239 0.0780440 0.0851535 0.1031336 0.1194426 0.0856693 0.1015900 0.1143070 0.1726654 0.1047110 0.1227613 0.1497997 0.1515229 0.1539893 0.0841351 0.1071618 0.1068594 0.0816905 0.1509273 0.0850360 0.1137140 0.1331504 0.1153390 0.1094079 0.1330957 0.1674122 0.1066696 0.1068594 0.1247532 0.0896619 
S0690      0.0960409 0.0917538 0.0905744 0.0191657 0.0967269 0.0293726 0.0873741 0.1385542 0.1185343 0.1411484 0.1254985 0.1318282 0.1018127 0.1310037 0.0970766 0.0094573 0.0192380 0.1127647 0.1199663 0.1060941 0.1013932 0.1212598 0.0904574 0.1259622 0.1119207 0.0447428 0.0191476 0.1293990 0.1201362 0.0901147 0.0000000 0.0779021 0.1307069 0.1717764 0.1129002 0.1244939 0.0343426 0.1143211 0.0191163 0.1222492 0.1165370 0.1064709 0.0962116 0.1252344 0.1276119 0.0696324 0.1073135 0.0828993 0.1202775 0.1138319 0.1061209 0.1349788 0.1138961 0.1075495 0.1158266 0.1688947 0.0897166 0.1343068 0.1143335 0.1217297 0.1666294 0.1582556 0.1249012 0.0942484 0.1014724 0.0767558 0.1074154 0.1384399 0.0094174 0.0396082 0.1006375 0.1329149 0.1327429 0.1252467 0.1183575 0.1162544 0.1248590 0.0192564 0.1371351 0.1327408 0.1033704 0.0094174 0.0243069 0.0884737 0.1182602 0.0397487 0.0889190 0.0951373 0.1564709 0.0401224 0.1277491 0.1547142 0.1158266 0.1267836 0.0142582 0.0943440 0.0828135 0.0791967 0.1323095 0.0242721 0.0946500 0.1001231 0.1202879 0.0962567 0.1060627 0.1890069 0.0949814 0.0828135 0.0903870 0.0774233 
S0720      0.1029789 0.0463563 0.0504202 0.0779620 0.0623549 0.0904388 0.1065457 0.1024970 0.0833981 0.1094060 0.0955028 0.0897764 0.0841985 0.0891345 0.1041135 0.0666078 0.0661886 0.1080018 0.1151747 0.0772375 0.0945725 0.0726788 0.0914381 0.0955899 0.0717190 0.0666752 0.0658578 0.0797061 0.0784355 0.0971273 0.0779021 0.0000000 0.0889482 0.1474902 0.1081301 0.0832087 0.0831982 0.0558774 0.0777453 0.0620967 0.0541322 0.0610627 0.0191037 0.0780081 0.0851379 0.0390783 0.0712095 0.0448349 0.0787113 0.0609061 0.0717214 0.0787976 0.0664798 0.1027412 0.0788644 0.1420372 0.0669155 0.0912429 0.0787619 0.0853207 0.1422605 0.1470788 0.0778166 0.0839792 0.0670382 0.0719909 0.0841330 0.1151488 0.0662996 0.0777970 0.0610756 0.0960964 0.0959814 0.0837997 0.1142933 0.0858312 0.0892996 0.0662695 0.0992715 0.1021317 0.0740093 0.0662996 0.0720909 0.0836970 0.0888853 0.0559880 0.0556961 0.0668149 0.1113257 0.0788624 0.0672699 0.1099902 0.0788644 0.0844244 0.0721392 0.0662907 0.0661187 0.0800282 0.0956902 0.0609639 0.0776740 0.0607883 0.0843506 0.0510549 0.0662617 0.1581886 0.0557673 0.0661187 0.0855140 0.0502229 
S0724sl    0.1525294 0.0898976 0.1121205 0.1308169 0.1145700 0.1451697 0.1651036 0.1797497 0.0239269 0.0999831 0.0141502 0.1504388 0.1239868 0.0188464 0.1551185 0.1112968 0.1173576 0.1454416 0.1729054 0.0189296 0.1144766 0.1214491 0.1409251 0.0824866 0.0141283 0.1109325 0.1167420 0.1550537 0.1444878 0.1596770 0.1307069 0.0889482 0.0000000 0.1808429 0.1386805 0.0238747 0.1362950 0.1241664 0.1304410 0.1387699 0.1270356 0.0830925 0.1077016 0.1371153 0.0840465 0.1078430 0.1336283 0.0812979 0.0392335 0.0956338 0.0886038 0.1200808 0.1198782 0.1590039 0.1322150 0.1986420 0.0713821 0.0826955 0.1000703 0.1338014 0.1756438 0.1669520 0.1066825 0.1318308 0.0715109 0.1239874 0.1256406 0.1596106 0.1175918 0.1120103 0.1059246 0.1578103 0.1575981 0.1436034 0.1818029 0.0663606 0.0289196 0.1175325 0.0861492 0.1323717 0.1277207 0.1175918 0.1241313 0.1372007 0.1064317 0.1007650 0.1061575 0.1191159 0.1837329 0.1048170 0.1314404 0.1744604 0.1322150 0.1514779 0.1242747 0.1058499 0.1172521 0.1200559 0.1488843 0.1118042 0.1122765 0.1058375 0.1446778 0.0957706 0.1039410 0.2188889 0.1184127 0.1172521 0.1324852 0.0944515 
S0735      0.1891312 0.1366416 0.1819327 0.1719315 0.1640124 0.1880791 0.2039081 0.1926580 0.1870673 0.2155331 0.1961893 0.1802884 0.1460832 0.1877335 0.1823997 0.1580244 0.1442023 0.1668440 0.1962500 0.1787723 0.1663559 0.1412191 0.1530598 0.1925560 0.1720816 0.1499973 0.1434143 0.1934154 0.1740130 0.1624064 0.1717764 0.1474902 0.1808429 0.0000000 0.1666210 0.1866289 0.1645437 0.1606420 0.1714191 0.1770093 0.1521319 0.1580309 0.1696911 0.1659033 0.1684195 0.1523552 0.1628674 0.1591949 0.1829063 0.1395685 0.1709233 0.1919163 0.1673198 0.1785142 0.2017554 0.0601252 0.1608744 0.1776817 0.1810970 0.1978034 0.0190446 0.0188590 0.1858697 0.1824607 0.1611682 0.1642849 0.1827933 0.0390139 0.1572099 0.1622053 0.1384380 0.1877928 0.1739905 0.1728644 0.2239564 0.1935217 0.1945301 0.1571237 0.1871512 0.1906766 0.1695160 0.1572099 0.1385620 0.1648755 0.1872567 0.1456901 0.1535456 0.1751277 0.2482277 0.1672898 0.1758301 0.2141115 0.2017554 0.1816172 0.1647035 0.1595488 0.1590495 0.1481930 0.1742090 0.1509655 0.1536252 0.1731127 0.1604885 0.1475980 0.1730616 0.2681016 0.1722836 0.1590495 0.1769889 0.1401305 
S0742      0.0948707 0.1052242 0.1478429 0.1129929 0.1029905 0.1267502 0.1119418 0.2061331 0.1326059 0.1499373 0.1463983 0.1469614 0.1201345 0.1390038 0.0959019 0.1007456 0.1000718 0.0547393 0.1145220 0.1254485 0.1354770 0.1358210 0.0784294 0.1465719 0.1193639 0.1008668 0.0995534 0.1786774 0.1537902 0.1279555 0.1129002 0.1081301 0.1386805 0.1666210 0.0000000 0.1263940 0.1126833 0.1476382 0.1126705 0.1566977 0.1455089 0.1080495 0.1162294 0.1460938 0.1227468 0.1022275 0.1498000 0.0957747 0.1280927 0.1214540 0.1381530 0.1502348 0.1409861 0.1139048 0.1633952 0.1916173 0.1023697 0.1150709 0.1220012 0.1559363 0.1825387 0.1799527 0.1456873 0.1065529 0.0968506 0.0879667 0.1200257 0.1463074 0.1002614 0.1068047 0.1068364 0.1539824 0.1537731 0.1528134 0.2079133 0.1288534 0.1392512 0.1002124 0.1305524 0.1335069 0.1097719 0.1002614 0.0947362 0.0887412 0.1067804 0.0838666 0.0949420 0.1073572 0.1806501 0.1083153 0.1623960 0.1924758 0.1633952 0.1610643 0.1066741 0.1004237 0.1001460 0.0736532 0.1667918 0.0946090 0.1127584 0.1196724 0.1343210 0.1282135 0.1138272 0.1932350 0.1267445 0.1001460 0.0838083 0.0832689 
