85
S0055      0.0000000 0.0745733 0.0475078 0.1046245 0.0437637 0.0870619 0.1003939 0.0980471 0.0492806 0.0392460 0.0557976 0.0641033 0.0996239 0.0768132 0.0910145 0.0826844 0.0468641 0.0434813 0.1375526 0.0599949 0.0377777 0.0852318 0.1324483 0.0696104 0.1407372 0.0513957 0.0858112 0.0761884 0.1130634 0.1329275 0.0594757 0.1050090 0.0767062 0.0903045 0.1019356 0.1446297 0.0593402 0.0558334 0.0761884 0.0640525 0.0871360 0.0690514 0.0833698 0.0395653 0.0591862 0.0730099 0.0951461 0.1304459 0.1371516 0.0709219 0.0428472 0.1153065 0.0919859 0.0860838 0.0395653 0.0509580 0.0251921 0.0916069 0.0521866 0.1036115 0.0695575 0.0953871 0.0714609 0.0642630 0.0805709 0.0857536 0.0355135 0.0971442 0.0821565 0.0598044 0.1553578 0.0554850 0.1439483 0.0516979 0.0695232 0.1004446 0.0910615 0.0954798 0.0770272 0.0770819 0.0953904 0.0716070 0.0816561 0.0674646 0.0861057 
S0196sl    0.0745733 0.0000000 0.0657165 0.1115160 0.0614183 0.1123211 0.0946600 0.1178341 0.0692919 0.0514946 0.0611134 0.0838539 0.1004200 0.0640411 0.0658555 0.0808592 0.0561444 0.0564082 0.1425738 0.0795625 0.0557832 0.0187419 0.1404182 0.0816749 0.1497381 0.0604290 0.0746655 0.0000010 0.1089561 0.1376136 0.0514317 0.0798886 0.0863649 0.0522319 0.0772935 0.1330594 0.0513100 0.0519503 0.0000010 0.0474619 0.0434956 0.0809089 0.0438070 0.0519615 0.0602315 0.0431837 0.0958513 0.1331194 0.1296571 0.0815943 0.0515829 0.1206627 0.0615632 0.0559874 0.0519615 0.0647836 0.0619106 0.0477751 0.0623417 0.1227164 0.0437525 0.0517366 0.0834675 0.0653367 0.0036373 0.0478515 0.0514946 0.0525583 0.0473989 0.0750587 0.1561592 0.0657208 0.1499751 0.0523089 0.0768307 0.0562697 0.0519700 0.1004063 0.0561632 0.0515642 0.0653942 0.0384710 0.0432609 0.0601816 0.0604700 
S0282      0.0475078 0.0657165 0.0000000 0.1059325 0.0248489 0.0972046 0.0949434 0.1054492 0.0533268 0.0172365 0.0323241 0.0719974 0.0949333 0.0806527 0.0816924 0.0763908 0.0243860 0.0210014 0.1323218 0.0637382 0.0222758 0.0764773 0.1251063 0.0692173 0.1329939 0.0283590 0.0813045 0.0676795 0.1080628 0.1331655 0.0553241 0.1002403 0.0838605 0.0913084 0.0926796 0.1371421 0.0552004 0.0558438 0.0676795 0.0598167 0.0825353 0.0554545 0.0787828 0.0173714 0.0357286 0.0686318 0.0905029 0.1241731 0.1319497 0.0712684 0.0207091 0.1004435 0.0966985 0.0906311 0.0173714 0.0281312 0.0366938 0.0869622 0.0480721 0.0873631 0.0739115 0.0907309 0.0623072 0.0437502 0.0719540 0.0866860 0.0172365 0.0923887 0.0860734 0.0318705 0.1440827 0.0518188 0.1344929 0.0285237 0.0598578 0.0957156 0.0864386 0.0899266 0.0596135 0.0726690 0.0907413 0.0673263 0.0771780 0.0712032 0.0815740 
S0289      0.1046245 0.1115160 0.1059325 0.0000000 0.1130861 0.1452982 0.0654250 0.1314051 0.1208420 0.0917229 0.1231016 0.1229792 0.0392055 0.1304892 0.1272367 0.1349189 0.1065607 0.1070796 0.0850509 0.1029555 0.1031512 0.1257683 0.1642060 0.1259684 0.1650156 0.1123507 0.1265799 0.1152443 0.0689180 0.0734611 0.0962342 0.1224984 0.1270933 0.1493631 0.1136927 0.1715648 0.0959730 0.0971898 0.1152443 0.0970638 0.1184907 0.1329523 0.1227483 0.1021541 0.1063535 0.1122426 0.0431506 0.0860734 0.0648396 0.1225121 0.1013179 0.1490735 0.1424206 0.1353124 0.1021541 0.1159272 0.0848958 0.1316038 0.1077833 0.0493139 0.1169004 0.1251555 0.0436525 0.0974446 0.1202782 0.1438143 0.0965891 0.1326650 0.1269288 0.1106416 0.0779909 0.1236518 0.0824971 0.1077908 0.1180879 0.1491985 0.1441147 0.0704162 0.1099686 0.1067574 0.1488911 0.1145525 0.1270306 0.1239991 0.1271674 
S0293      0.0437637 0.0614183 0.0248489 0.1130861 0.0000000 0.0976986 0.1092252 0.1074739 0.0536499 0.0137703 0.0286783 0.0723920 0.1015918 0.0810800 0.0720719 0.0780298 0.0208695 0.0174751 0.1405277 0.0640990 0.0185336 0.0724188 0.1384570 0.0738873 0.1470166 0.0247702 0.0715833 0.0637327 0.1154272 0.1333596 0.0556459 0.0896031 0.0844230 0.0870096 0.0980138 0.1457582 0.0555208 0.0430231 0.0637327 0.0601613 0.0829795 0.0603304 0.0792166 0.0138777 0.0320923 0.0690174 0.0970114 0.1379279 0.1401008 0.0716791 0.0172329 0.1060844 0.0971901 0.0910974 0.0138777 0.0245725 0.0408383 0.0874208 0.0483627 0.1017995 0.0692146 0.0911986 0.0747439 0.0400132 0.0679586 0.0824462 0.0137703 0.0928695 0.0865245 0.0324132 0.1588362 0.0521268 0.1346876 0.0172655 0.0655180 0.0961999 0.0916687 0.1021167 0.0644171 0.0730697 0.0820895 0.0676994 0.0730826 0.0715901 0.0820093 
S0294      0.0870619 0.1123211 0.0972046 0.1452982 0.0976986 0.0000000 0.1237895 0.1492406 0.0784442 0.0866794 0.1071824 0.1023028 0.1286359 0.1128253 0.0963338 0.1243966 0.0955680 0.0921380 0.1780649 0.0878998 0.0881006 0.1170321 0.1506594 0.0988270 0.1601314 0.1016310 0.1038246 0.1067267 0.1504909 0.1565611 0.0880170 0.1197623 0.0627749 0.1129840 0.1296386 0.1431216 0.0877841 0.0888918 0.1067267 0.0933413 0.1294868 0.1236770 0.1139433 0.0874685 0.0909954 0.1024562 0.1339498 0.1476109 0.1545354 0.0969702 0.0821445 0.1170001 0.1327900 0.1164230 0.0874685 0.1006256 0.0717776 0.1294639 0.1083083 0.1399993 0.0940545 0.1142547 0.0879544 0.1028240 0.1069825 0.1079624 0.0822873 0.1413433 0.1048527 0.1118854 0.1867271 0.1026394 0.1811074 0.0927174 0.0889544 0.1303541 0.1202494 0.1318545 0.1080175 0.1031477 0.1268174 0.0881568 0.1133176 0.0841788 0.1086526 
S0299      0.1003939 0.0946600 0.0949434 0.0654250 0.1092252 0.1237895 0.0000000 0.1106267 0.1061454 0.0880778 0.1142350 0.1089633 0.0431043 0.1187018 0.1087844 0.1230743 0.1009403 0.0957474 0.0484625 0.0915840 0.1001233 0.1012781 0.1442381 0.0850552 0.1380928 0.0941134 0.1018435 0.0946600 0.0337200 0.0554168 0.0823612 0.1223891 0.1040928 0.1144195 0.1056007 0.1334392 0.0820860 0.0834182 0.0946600 0.0830846 0.0968840 0.0948521 0.0880996 0.0952840 0.1001541 0.0843422 0.0285636 0.0444160 0.0338185 0.1018592 0.0942935 0.1227090 0.0957313 0.1065785 0.0952840 0.1129479 0.0826733 0.1080686 0.0777687 0.0434953 0.1025522 0.1059066 0.0534875 0.1145493 0.1008794 0.1144195 0.0880778 0.0882607 0.1006756 0.0998186 0.0234241 0.1082842 0.0603451 0.0892784 0.1016042 0.0892917 0.0949962 0.0565396 0.0878316 0.0892124 0.1145718 0.1058267 0.1011413 0.1057552 0.1009669 
S0308      0.0980471 0.1178341 0.1054492 0.1314051 0.1074739 0.1492406 0.1106267 0.0000000 0.1320641 0.1007650 0.1062547 0.1368508 0.1057253 0.1258915 0.1269769 0.1481063 0.0965033 0.1065804 0.1377457 0.1268240 0.1088866 0.1305514 0.1122850 0.1350182 0.1078201 0.1165288 0.1176369 0.1147856 0.1033706 0.1160135 0.0872685 0.1333946 0.1308563 0.1444071 0.1404723 0.1038462 0.0870402 0.0834401 0.1147856 0.0880629 0.1163689 0.1166564 0.1171111 0.1017072 0.1066574 0.1218216 0.1013197 0.1251384 0.1426742 0.0738505 0.1008825 0.0943046 0.1208115 0.1153690 0.1017072 0.1055453 0.0853443 0.1169353 0.0882779 0.1108312 0.1073938 0.1256555 0.1019009 0.1154141 0.1197649 0.1389428 0.1007650 0.1153819 0.1169541 0.1038452 0.1549080 0.1108713 0.1320925 0.1172630 0.0986123 0.1323539 0.1324773 0.0884030 0.1103268 0.1170941 0.1276974 0.1051608 0.1161457 0.1195373 0.1330042 
S0376      0.0492806 0.0692919 0.0533268 0.1208420 0.0536499 0.0784442 0.1061454 0.1320641 0.0000000 0.0445839 0.0538809 0.0575007 0.1098904 0.0532425 0.0845475 0.0764186 0.0525637 0.0490761 0.1450131 0.0453041 0.0497633 0.0749120 0.1508062 0.0587257 0.1602122 0.0573936 0.0798113 0.0658975 0.1195981 0.1415242 0.0615773 0.1043561 0.0764962 0.0943544 0.0971916 0.1570982 0.0614314 0.0621765 0.0658975 0.0663382 0.0761190 0.0715354 0.0767058 0.0449619 0.0655448 0.0756513 0.1050939 0.1270948 0.1287095 0.0928968 0.0483294 0.1140329 0.1000382 0.0849329 0.0449619 0.0568818 0.0419972 0.0899547 0.0626537 0.1350414 0.0587295 0.0846010 0.0723263 0.0709794 0.0702792 0.0895771 0.0445839 0.0905963 0.0716659 0.0576433 0.1421933 0.0662649 0.1533843 0.0493485 0.0631267 0.0989866 0.0943278 0.1105636 0.0620423 0.0798680 0.0900759 0.0741454 0.0759158 0.0407099 0.0892437 
S0400      0.0392460 0.0514946 0.0172365 0.0917229 0.0137703 0.0866794 0.0880778 0.1007650 0.0445839 0.0000000 0.0208865 0.0628003 0.0813676 0.0711053 0.0721623 0.0680325 0.0135226 0.0101892 0.1168416 0.0548545 0.0107884 0.0628212 0.1153451 0.0640509 0.1228499 0.0171862 0.0716723 0.0545488 0.1032141 0.1279611 0.0467908 0.0897207 0.0715547 0.0766047 0.0770335 0.1317416 0.0466913 0.0472216 0.0545488 0.0510566 0.0726942 0.0553169 0.0690325 0.0067441 0.0170929 0.0594633 0.0771012 0.1244924 0.1165530 0.0616714 0.0100526 0.0942925 0.0862043 0.0805543 0.0067441 0.0170541 0.0324201 0.0769515 0.0397001 0.0823032 0.0644198 0.0806299 0.0620022 0.0243894 0.0585857 0.0722558 0.0066934 0.0820505 0.0676271 0.0244770 0.1335566 0.0433418 0.1292163 0.0172840 0.0560247 0.0853688 0.0810171 0.0904242 0.0551132 0.0633687 0.0806526 0.0583717 0.0676740 0.0621402 0.0718883 
S0405      0.0557976 0.0611134 0.0323241 0.1231016 0.0286783 0.1071824 0.1142350 0.1062547 0.0538809 0.0208865 0.0000000 0.0809846 0.1111563 0.0814673 0.0912711 0.0869095 0.0244632 0.0247413 0.1513978 0.0725007 0.0262575 0.0679255 0.1435873 0.0736569 0.1523449 0.0322153 0.0906123 0.0634444 0.1139608 0.1382529 0.0596560 0.1101689 0.0893942 0.0822154 0.1028727 0.1426064 0.0595196 0.0602200 0.0634444 0.0642477 0.0874049 0.0593438 0.0882515 0.0210515 0.0396784 0.0776321 0.1064671 0.1402456 0.1509028 0.0760801 0.0243938 0.1109683 0.1017160 0.0915582 0.0210515 0.0208865 0.0488361 0.0965796 0.0515102 0.1137925 0.0746758 0.1003868 0.0830236 0.0396092 0.0676522 0.0777270 0.0208865 0.1022595 0.0862861 0.0400807 0.1702799 0.0560437 0.1409445 0.0324034 0.0697386 0.0959404 0.0914175 0.1060727 0.0633867 0.0817537 0.0955109 0.0673951 0.0773781 0.0675924 0.0806563 
S0412sl    0.0641033 0.0838539 0.0719974 0.1229792 0.0723920 0.1023028 0.1089633 0.1368508 0.0575007 0.0628003 0.0809846 0.0000000 0.1103183 0.0763590 0.0997468 0.0726163 0.0709228 0.0675563 0.1460049 0.0510437 0.0628845 0.0842123 0.1602261 0.0515720 0.1696829 0.0761006 0.0896100 0.0844901 0.1205604 0.1469083 0.0588072 0.1140357 0.0776710 0.1048774 0.1009005 0.1655612 0.0672949 0.0680905 0.0844901 0.0721723 0.0958807 0.0955613 0.0920988 0.0633331 0.0756150 0.0813697 0.1017200 0.1387670 0.1396800 0.0990047 0.0665225 0.1305462 0.1105685 0.1040823 0.0633331 0.0754118 0.0570022 0.1004228 0.0773130 0.1256077 0.0824358 0.1042171 0.0728223 0.0811817 0.0889652 0.1000950 0.0546653 0.1061627 0.0811655 0.0852638 0.1646406 0.0812660 0.1585976 0.0679406 0.0649085 0.1094042 0.1047850 0.1168932 0.0765705 0.0854930 0.1138688 0.0797817 0.0901783 0.0755608 0.0947177 
S0417      0.0996239 0.1004200 0.0949333 0.0392055 0.1015918 0.1286359 0.0431043 0.1057253 0.1098904 0.0813676 0.1111563 0.1103183 0.0000000 0.1137750 0.1105297 0.1113930 0.0955031 0.0959529 0.0542584 0.1007932 0.0975680 0.0996817 0.1442626 0.1128836 0.1449797 0.1055336 0.1099788 0.0993874 0.0432403 0.0595005 0.0813869 0.1158674 0.1262736 0.1263445 0.1080449 0.1548252 0.0811814 0.0821756 0.0993874 0.0820696 0.1020536 0.1106187 0.1061873 0.0912472 0.0860961 0.0869840 0.0239696 0.0681507 0.0434409 0.1060038 0.0905348 0.1331960 0.1100328 0.0946558 0.0912472 0.1044824 0.0663974 0.1049403 0.0828212 0.0300186 0.0962460 0.1087463 0.0252156 0.0960331 0.0947293 0.1211882 0.0860020 0.1155696 0.1102328 0.0994616 0.0637255 0.1116187 0.0679662 0.0872072 0.1017365 0.1159378 0.1212930 0.0404828 0.0944555 0.1006201 0.1205240 0.0988198 0.1103181 0.1078213 0.1204137 
S0427      0.0768132 0.0640411 0.0806527 0.1304892 0.0810800 0.1128253 0.1187018 0.1258915 0.0532425 0.0711053 0.0814673 0.0763590 0.1137750 0.0000000 0.0715246 0.0828911 0.0757141 0.0760509 0.1482829 0.0680008 0.0764378 0.0747719 0.1432700 0.0779442 0.1519984 0.0848276 0.0633334 0.0662247 0.1282199 0.1544598 0.0505883 0.0855715 0.0891248 0.0847953 0.1057230 0.1436305 0.0504791 0.0510543 0.0662247 0.0549170 0.0763602 0.1010370 0.0561850 0.0717176 0.0718596 0.0549007 0.1091411 0.1464909 0.1395335 0.0832686 0.0712046 0.1145782 0.0855180 0.0674494 0.0717176 0.0840433 0.0610568 0.0719321 0.0823729 0.1405560 0.0436181 0.0755557 0.0939240 0.0901144 0.0703812 0.0803704 0.0711053 0.0726169 0.0680001 0.0942629 0.1666391 0.0902132 0.1436515 0.0764946 0.0778357 0.0806985 0.0669839 0.0990552 0.0590163 0.0587309 0.0992497 0.0619100 0.0676125 0.0622835 0.0713566 
S0552sl    0.0910145 0.0658555 0.0816924 0.1272367 0.0720719 0.0963338 0.1087844 0.1269769 0.0845475 0.0721623 0.0912711 0.0997468 0.1105297 0.0715246 0.0000000 0.0964832 0.0768492 0.0771963 0.1451087 0.0907768 0.0733062 0.0724759 0.1465072 0.0973011 0.1555442 0.0861204 0.0246470 0.0637848 0.1248988 0.1413407 0.0397551 0.0360827 0.0854606 0.0872279 0.1019734 0.1370376 0.0396720 0.0358965 0.0637848 0.0400078 0.0868289 0.1066080 0.0737645 0.0727920 0.0812188 0.0728504 0.1058829 0.1431711 0.1349270 0.0938170 0.0641832 0.1306438 0.1015175 0.0770710 0.0727920 0.0853111 0.0746068 0.0817789 0.0836523 0.1135367 0.0597323 0.0688977 0.0769512 0.0953681 0.0680132 0.0826530 0.0721623 0.0691781 0.0912734 0.0957209 0.1634102 0.0823792 0.1415802 0.0676475 0.0875980 0.1050759 0.0866573 0.1117764 0.0520047 0.0641204 0.1055442 0.0597919 0.0776314 0.0798203 0.0819645 
S0558      0.0826844 0.0808592 0.0763908 0.1349189 0.0780298 0.1243966 0.1230743 0.1481063 0.0764186 0.0680325 0.0869095 0.0726163 0.1113930 0.0828911 0.0964832 0.0000000 0.0764042 0.0729878 0.1475531 0.0642841 0.0732015 0.0773318 0.1631320 0.0741237 0.1728728 0.0818264 0.1053161 0.0860612 0.1269424 0.1600269 0.0817178 0.1155387 0.1096644 0.1165403 0.1241973 0.1923896 0.0815106 0.0825123 0.0860612 0.0824056 0.1017559 0.1071434 0.0979128 0.0686246 0.0812886 0.0873410 0.1126368 0.1456130 0.1414655 0.1092600 0.0718407 0.1364138 0.1109198 0.1044052 0.0686246 0.0810629 0.0620994 0.1007359 0.0879117 0.1319493 0.0918936 0.1142608 0.0828251 0.0871314 0.0906374 0.1115167 0.0680325 0.1064994 0.1067640 0.0821823 0.1720380 0.0872268 0.1603120 0.0647570 0.0680352 0.1123316 0.1017433 0.1281496 0.0823455 0.0915833 0.1313267 0.0947166 0.1060487 0.0812251 0.1011446 
S0641      0.0468641 0.0561444 0.0243860 0.1065607 0.0208695 0.0955680 0.1009403 0.0965033 0.0525637 0.0135226 0.0244632 0.0709228 0.0955031 0.0757141 0.0768492 0.0764042 0.0000000 0.0136105 0.1330655 0.0628156 0.0181745 0.0672847 0.1209340 0.0723554 0.1286843 0.0243105 0.0763202 0.0588490 0.1087130 0.1233673 0.0431004 0.0947367 0.0821918 0.0726055 0.0821152 0.1269969 0.0430100 0.0434975 0.0588490 0.0473087 0.0687034 0.0554817 0.0737424 0.0136261 0.0314907 0.0639174 0.0910520 0.1304497 0.1326882 0.0576780 0.0100768 0.0899590 0.0912182 0.0853888 0.0136261 0.0170091 0.0400399 0.0817643 0.0398117 0.0942234 0.0690174 0.0854753 0.0821893 0.0392458 0.0629600 0.0682955 0.0135226 0.0870032 0.0722192 0.0317995 0.1507208 0.0510995 0.1352526 0.0244492 0.0558465 0.0812951 0.0769698 0.0957382 0.0594665 0.0678776 0.0854925 0.0627260 0.0637706 0.0665022 0.0765179 
S0643      0.0434813 0.0564082 0.0210014 0.1070796 0.0174751 0.0921380 0.0957474 0.1065804 0.0490761 0.0101892 0.0247413 0.0675563 0.0959529 0.0760509 0.0771963 0.0729878 0.0136105 0.0000000 0.1337483 0.0516180 0.0146133 0.0675800 0.1224911 0.0689265 0.1304028 0.0209375 0.0766621 0.0591027 0.1092535 0.1346020 0.0511806 0.0951776 0.0779060 0.0771494 0.0921697 0.1386554 0.0510687 0.0516577 0.0591027 0.0555703 0.0777909 0.0599471 0.0740793 0.0102675 0.0281284 0.0641995 0.0914781 0.1311255 0.1333653 0.0666292 0.0136018 0.1001269 0.0916457 0.0857792 0.0102675 0.0207734 0.0327936 0.0821394 0.0439924 0.0947758 0.0693284 0.0858669 0.0734839 0.0358558 0.0632335 0.0727670 0.0101892 0.0874095 0.0813145 0.0284053 0.1515208 0.0476956 0.1359568 0.0210579 0.0607303 0.0822262 0.0862942 0.0962098 0.0597257 0.0681781 0.0858838 0.0629973 0.0725931 0.0668272 0.0769053 
S0645sl    0.1375526 0.1425738 0.1323218 0.0850509 0.1405277 0.1780649 0.0484625 0.1377457 0.1450131 0.1168416 0.1513978 0.1460049 0.0542584 0.1482829 0.1451087 0.1475531 0.1330655 0.1337483 0.0000000 0.1283786 0.1379679 0.1325667 0.1773458 0.1367808 0.1846049 0.1447652 0.1334955 0.1321184 0.0607538 0.0734501 0.1120911 0.1567206 0.1545551 0.1505699 0.1275934 0.2011349 0.1117635 0.1132328 0.1321184 0.1130871 0.1360279 0.1339042 0.1322263 0.1284068 0.1223322 0.1343453 0.0471223 0.0832965 0.0728990 0.1397079 0.1272590 0.1571131 0.1281285 0.1372999 0.1284068 0.1431497 0.1111391 0.1279268 0.1089248 0.0696372 0.1290463 0.1410512 0.0858997 0.1339478 0.1268861 0.1449713 0.1221700 0.1330126 0.1447247 0.1213856 0.0681442 0.1521672 0.0916947 0.1347126 0.1407548 0.1402329 0.1462463 0.0835179 0.1211719 0.1339777 0.1564004 0.1363190 0.1448440 0.1356364 0.1562677 
S0689      0.0599949 0.0795625 0.0637382 0.1029555 0.0640990 0.0878998 0.0915840 0.1268240 0.0453041 0.0548545 0.0725007 0.0510437 0.1007932 0.0680008 0.0907768 0.0642841 0.0628156 0.0516180 0.1283786 0.0000000 0.0588827 0.0850164 0.1397594 0.0520408 0.1484574 0.0677756 0.0809583 0.0760036 0.1106433 0.1256045 0.0593414 0.0951091 0.0839624 0.1002870 0.0921500 0.1489318 0.0592066 0.0598996 0.0760036 0.0639040 0.0869093 0.0866379 0.0831554 0.0553140 0.0673508 0.0602990 0.0970967 0.1282578 0.1237745 0.0897145 0.0585419 0.1154409 0.1012093 0.0950227 0.0553140 0.0671737 0.0409008 0.0913648 0.0688440 0.1322145 0.0737786 0.0904993 0.0636565 0.0641134 0.0803717 0.0955660 0.0548545 0.0968792 0.0819483 0.0766913 0.1478449 0.0727409 0.1366216 0.0597686 0.0607802 0.0867821 0.0956301 0.1071736 0.0681883 0.0639313 0.1045646 0.0714374 0.0814509 0.0673076 0.0769752 
S0690      0.0377777 0.0557832 0.0222758 0.1031512 0.0185336 0.0881006 0.1001233 0.1088866 0.0497633 0.0107884 0.0262575 0.0628845 0.0975680 0.0764378 0.0733062 0.0732015 0.0181745 0.0146133 0.1379679 0.0588827 0.0000000 0.0632804 0.1308939 0.0689038 0.1396000 0.0182576 0.0727724 0.0544308 0.1118060 0.1337836 0.0501766 0.0873306 0.0768749 0.0730074 0.0897375 0.1417437 0.0500611 0.0506707 0.0544308 0.0547992 0.0734253 0.0594008 0.0647025 0.0108763 0.0258439 0.0639067 0.0882157 0.1294022 0.1268472 0.0661247 0.0144022 0.1010197 0.0878494 0.0817949 0.0108763 0.0220187 0.0385914 0.0779632 0.0425850 0.0935027 0.0646107 0.0775004 0.0819970 0.0340279 0.0587468 0.0684329 0.0107884 0.0834170 0.0723742 0.0301529 0.1510143 0.0462448 0.1352142 0.0223386 0.0602362 0.0818634 0.0822989 0.0931051 0.0591835 0.0681128 0.0820791 0.0626433 0.0680709 0.0625462 0.0773467 
S0720      0.0852318 0.0187419 0.0764773 0.1257683 0.0724188 0.1170321 0.1012781 0.1305514 0.0749120 0.0628212 0.0679255 0.0842123 0.0996817 0.0747719 0.0724759 0.0773318 0.0672847 0.0675800 0.1325667 0.0850164 0.0632804 0.0000000 0.1418919 0.0871118 0.1505030 0.0761296 0.0763066 0.0206461 0.1180341 0.1396878 0.0503601 0.0856175 0.0956695 0.0517505 0.0811485 0.1401326 0.0585189 0.0591954 0.0206461 0.0549663 0.0554520 0.0863711 0.0601568 0.0633544 0.0756435 0.0469854 0.1046627 0.1414794 0.1330193 0.0874467 0.0629137 0.1294798 0.0727514 0.0630653 0.0633544 0.0754400 0.0694358 0.0595199 0.0690766 0.1295384 0.0557442 0.0635062 0.0839755 0.0849886 0.0242473 0.0477163 0.0628212 0.0727397 0.0633408 0.0764543 0.1615226 0.0903333 0.1510288 0.0595791 0.0826013 0.0720779 0.0678724 0.1045996 0.0631308 0.0587861 0.0939453 0.0542829 0.0551646 0.0547357 0.0671454 
S0724sl    0.1324483 0.1404182 0.1251063 0.1642060 0.1384570 0.1506594 0.1442381 0.1122850 0.1508062 0.1153451 0.1435873 0.1602261 0.1442626 0.1432700 0.1465072 0.1631320 0.1209340 0.1224911 0.1773458 0.1397594 0.1308939 0.1418919 0.0000000 0.1588160 0.0173349 0.1375604 0.1343127 0.1308626 0.1343401 0.1597467 0.1110858 0.1606601 0.1707491 0.1626921 0.1667391 0.1147049 0.1107666 0.1122017 0.1308626 0.1168730 0.1555374 0.1589104 0.1570857 0.1141233 0.1216585 0.1275653 0.1404234 0.1618446 0.1732384 0.0925194 0.1255351 0.0973745 0.1581524 0.1545196 0.1141233 0.1305443 0.1212837 0.1518812 0.1274447 0.1482694 0.1411762 0.1502626 0.1445766 0.1427123 0.1361120 0.1569100 0.1254164 0.1679068 0.1230146 0.1409140 0.1857683 0.1497880 0.1779197 0.1327869 0.1308719 0.1610808 0.1487069 0.1287058 0.1356546 0.1382500 0.1777607 0.1300504 0.1325524 0.1269626 0.1493463 
S0742      0.0696104 0.0816749 0.0692173 0.1259684 0.0738873 0.0988270 0.0850552 0.1350182 0.0587257 0.0640509 0.0736569 0.0515720 0.1128836 0.0779442 0.0973011 0.0741237 0.0723554 0.0689265 0.1367808 0.0520408 0.0689038 0.0871118 0.1588160 0.0000000 0.1684417 0.0776743 0.0870513 0.0778228 0.1235370 0.1506806 0.0688206 0.1117950 0.0801034 0.0982081 0.1094982 0.1625407 0.0686550 0.0694835 0.0778228 0.0736588 0.0924385 0.0927574 0.0877278 0.0646058 0.0771673 0.0830895 0.1040672 0.1417483 0.1431928 0.1012571 0.0678491 0.1131218 0.0981311 0.1063798 0.0646058 0.0725828 0.0456941 0.1026457 0.0740658 0.1219349 0.0842020 0.0959142 0.0639868 0.0828926 0.0823205 0.0933930 0.0640509 0.0976911 0.0741586 0.0780564 0.1478569 0.0829813 0.1627600 0.0602206 0.0662485 0.0971175 0.0925322 0.1149081 0.0649509 0.0873079 0.1164326 0.0731179 0.0737150 0.0688730 0.0833283 
S0748      0.1407372 0.1497381 0.1329939 0.1650156 0.1470166 0.1601314 0.1380928 0.1078201 0.1602122 0.1228499 0.1523449 0.1696829 0.1449797 0.1519984 0.1555442 0.1728728 0.1286843 0.1304028 0.1846049 0.1484574 0.1396000 0.1505030 0.0173349 0.1684417 0.0000000 0.1460468 0.1427814 0.1389985 0.1350215 0.1605445 0.1184740 0.1607618 0.1839082 0.1723976 0.1771019 0.1224890 0.1181179 0.1196918 0.1389985 0.1245300 0.1648630 0.1682348 0.1610333 0.1215116 0.1295008 0.1356718 0.1411319 0.1626596 0.1740950 0.0992444 0.1334342 0.1095133 0.1674364 0.1637357 0.1215116 0.1386453 0.1293648 0.1647355 0.1304750 0.1491770 0.1500149 0.1532260 0.1320170 0.1513992 0.1444581 0.1663679 0.1333152 0.1721677 0.1309942 0.1494242 0.1866721 0.1588557 0.1787879 0.1411025 0.1393210 0.1706285 0.1576956 0.1293808 0.1439513 0.1467999 0.1879531 0.1381056 0.1408554 0.1293501 0.1583645 
S0756      0.0513957 0.0604290 0.0283590 0.1123507 0.0247702 0.1016310 0.0941134 0.1165288 0.0573936 0.0171862 0.0322153 0.0761006 0.1055336 0.0848276 0.0861204 0.0818264 0.0243105 0.0209375 0.1447652 0.0677756 0.0182576 0.0761296 0.1375604 0.0776743 0.1460468 0.0000000 0.0855102 0.0673894 0.1146629 0.1404776 0.0592740 0.1000995 0.0712249 0.0908479 0.0973546 0.1325330 0.0591395 0.0598310 0.0673894 0.0638329 0.0868246 0.0595895 0.0830716 0.0173202 0.0356065 0.0641814 0.1009359 0.1370050 0.1443149 0.0712133 0.0206471 0.1053807 0.1011199 0.0949363 0.0173202 0.0280410 0.0444828 0.0912787 0.0520085 0.0879133 0.0781312 0.0950464 0.0719448 0.0397659 0.0716369 0.0862606 0.0171862 0.0967907 0.0903403 0.0283839 0.1631919 0.0557734 0.1419202 0.0284307 0.0692794 0.1000829 0.0955427 0.1062422 0.0681143 0.0768132 0.0950502 0.0713625 0.0813695 0.0668111 0.0764394 
S0758      0.0858112 0.0746655 0.0813045 0.1265799 0.0715833 0.1038246 0.1018435 0.1176369 0.0798113 0.0716723 0.0906123 0.0896100 0.1099788 0.0633334 0.0246470 0.1053161 0.0763202 0.0766621 0.1334955 0.0809583 0.0727724 0.0763066 0.1343127 0.0870513 0.1427814 0.0855102 0.0000000 0.0675554 0.1242441 0.1405849 0.0356728 0.0358582 0.0856937 0.0866006 0.0966079 0.1414010 0.0356002 0.0318927 0.0675554 0.0397558 0.0864108 0.0962505 0.0737509 0.0722940 0.0724388 0.0724529 0.1053577 0.1423951 0.1259190 0.0937915 0.0717727 0.1159235 0.0867489 0.0770564 0.0722940 0.0847136 0.0743470 0.0817614 0.0830501 0.1241489 0.0594193 0.0688869 0.0637737 0.0946764 0.0718083 0.0820655 0.0716723 0.0779540 0.0899024 0.0950240 0.1625157 0.0818585 0.1408218 0.0671949 0.0828116 0.0902990 0.0769740 0.1117743 0.0475522 0.0595312 0.1039108 0.0631379 0.0764990 0.0798600 0.0810824 
S0760      0.0761884 0.0000010 0.0676795 0.1152443 0.0637327 0.1067267 0.0946600 0.1147856 0.0658975 0.0545488 0.0634444 0.0844901 0.0993874 0.0662247 0.0637848 0.0860612 0.0588490 0.0591027 0.1321184 0.0760036 0.0544308 0.0206461 0.1308626 0.0778228 0.1389985 0.0673894 0.0675554 0.0000000 0.1075834 0.1229692 0.0505097 0.0765295 0.0837166 0.0516235 0.0814307 0.1298661 0.0504010 0.0509744 0.0000010 0.0468883 0.0472887 0.0861272 0.0517846 0.0550031 0.0669696 0.0468741 0.0949219 0.1244881 0.1273193 0.0781394 0.0546328 0.1185997 0.0640074 0.0629059 0.0550031 0.0667945 0.0607000 0.0512472 0.0603758 0.1227164 0.0475422 0.0510261 0.0834675 0.0715611 0.0033259 0.0476012 0.0545488 0.0598283 0.0549923 0.0762488 0.1496162 0.0723206 0.1337837 0.0594291 0.0734606 0.0634340 0.0593353 0.0944900 0.0548090 0.0506289 0.0759131 0.0386808 0.0470518 0.0546023 0.0587272 
S0827      0.1130634 0.1089561 0.1080628 0.0689180 0.1154272 0.1504909 0.0337200 0.1033706 0.1195981 0.1032141 0.1139608 0.1205604 0.0432403 0.1282199 0.1248988 0.1269424 0.1087130 0.1092535 0.0607538 0.1106433 0.1118060 0.1180341 0.1343401 0.1235370 0.1350215 0.1146629 0.1242441 0.1075834 0.0000000 0.0353888 0.0935386 0.1416705 0.1373119 0.1473214 0.1346681 0.1437901 0.0932826 0.0944836 0.1075834 0.0943592 0.1160017 0.1196359 0.1203340 0.0925320 0.1186821 0.1045318 0.0323170 0.0357383 0.0520782 0.1029701 0.1033353 0.1282380 0.1240017 0.1172743 0.0925320 0.1182996 0.0874229 0.1293325 0.0902976 0.0401589 0.1144266 0.1333535 0.0347906 0.1183844 0.1125935 0.1416914 0.0984982 0.1303160 0.1353056 0.1128789 0.0608732 0.1207160 0.0395392 0.1047530 0.1156042 0.1360230 0.1419844 0.0582315 0.1074474 0.1142605 0.1351854 0.1069378 0.1246872 0.1168595 0.1355667 
S0899      0.1329275 0.1376136 0.1331655 0.0734611 0.1333596 0.1565611 0.0554168 0.1160135 0.1415242 0.1279611 0.1382529 0.1469083 0.0595005 0.1544598 0.1413407 0.1600269 0.1233673 0.1346020 0.0734501 0.1256045 0.1337836 0.1396878 0.1597467 0.1506806 0.1605445 0.1404776 0.1405849 0.1229692 0.0353888 0.0000000 0.1076068 0.1589712 0.1528191 0.1594409 0.1456599 0.1594392 0.1072976 0.1018911 0.1229692 0.1085587 0.1311936 0.1457136 0.1465767 0.1292413 0.1445272 0.1352799 0.0518669 0.0435186 0.0567030 0.1173388 0.1280817 0.1434467 0.1502748 0.1484195 0.1292413 0.1332289 0.1119190 0.1558483 0.1096835 0.0555488 0.1401049 0.1499977 0.0640028 0.1374099 0.1282063 0.1536226 0.1229744 0.1517282 0.1509238 0.1381994 0.0740751 0.1470403 0.0314110 0.1355758 0.1307168 0.1517509 0.1580097 0.0716140 0.1322843 0.1291689 0.1620725 0.1315703 0.1399581 0.1326032 0.1512165 
S0959      0.0594757 0.0514317 0.0553241 0.0962342 0.0556459 0.0880170 0.0823612 0.0872685 0.0615773 0.0467908 0.0596560 0.0588072 0.0813869 0.0505883 0.0397551 0.0817178 0.0431004 0.0511806 0.1120911 0.0593414 0.0501766 0.0503601 0.1110858 0.0688206 0.1184740 0.0592740 0.0356728 0.0505097 0.0935386 0.1076068 0.0000000 0.0515552 0.0672145 0.0679994 0.0586060 0.1103114 0.0067156 0.0067871 0.0505097 0.0102188 0.0516432 0.0820339 0.0480715 0.0471757 0.0549357 0.0472718 0.0771195 0.1190858 0.1165805 0.0573249 0.0468663 0.0898422 0.0685466 0.0592041 0.0471757 0.0507238 0.0484654 0.0556524 0.0564852 0.1045018 0.0438704 0.0592414 0.0729859 0.0676552 0.0544873 0.0637683 0.0467908 0.0602335 0.0551359 0.0679014 0.1285122 0.0640181 0.1178385 0.0514570 0.0523092 0.0636041 0.0513356 0.0815670 0.0281683 0.0355085 0.0761740 0.0389957 0.0471723 0.0621545 0.0552231 
S0960      0.1050090 0.0798886 0.1002403 0.1224984 0.0896031 0.1197623 0.1223891 0.1333946 0.1043561 0.0897207 0.1101689 0.1140357 0.1158674 0.0855715 0.0360827 0.1155387 0.0947367 0.0951776 0.1567206 0.0951091 0.0873306 0.0856175 0.1606601 0.1117950 0.1607618 0.1000995 0.0358582 0.0765295 0.1416705 0.1589712 0.0515552 0.0000000 0.1098281 0.1060284 0.1127327 0.1582898 0.0514415 0.0475396 0.0765295 0.0478562 0.1011503 0.1164040 0.0840202 0.0905306 0.0993608 0.0817964 0.1211819 0.1611109 0.1520641 0.1089914 0.0898326 0.1423385 0.1161282 0.0821337 0.0905306 0.1036015 0.0792680 0.0962604 0.0928533 0.1451854 0.0776223 0.0693088 0.0740614 0.1047023 0.0809330 0.1011874 0.0897207 0.0923745 0.1092660 0.1148432 0.1821801 0.1009236 0.1534495 0.0849014 0.1026059 0.1156324 0.1051524 0.1227733 0.0686571 0.0769143 0.1242115 0.0806125 0.0949935 0.0935686 0.0998970 
S1052sl    0.0767062 0.0863649 0.0838605 0.1270933 0.0844230 0.0627749 0.1040928 0.1308563 0.0764962 0.0715547 0.0893942 0.0776710 0.1262736 0.0891248 0.0854606 0.1096644 0.0821918 0.0779060 0.1545551 0.0839624 0.0768749 0.0956695 0.1707491 0.0801034 0.1839082 0.0712249 0.0856937 0.0837166 0.1373119 0.1528191 0.0672145 0.1098281 0.0000000 0.0913840 0.1175223 0.1535772 0.0670121 0.0680322 0.0837166 0.0732920 0.1031519 0.0957451 0.0837989 0.0661882 0.0720562 0.0889582 0.1143973 0.1489910 0.1655162 0.1001535 0.0712756 0.1423133 0.1168395 0.1078063 0.0661882 0.0881831 0.0740689 0.1090601 0.0907175 0.1342700 0.0854500 0.0958171 0.1052334 0.0844487 0.0894771 0.0854806 0.0663266 0.1096451 0.0746188 0.0824503 0.1802227 0.0759266 0.1764987 0.0784918 0.0853189 0.1083927 0.1092317 0.1024407 0.0789068 0.0844160 0.1091633 0.0673145 0.0853641 0.0719732 0.0831589 
S1083      0.0903045 0.0522319 0.0913084 0.1493631 0.0870096 0.1129840 0.1144195 0.1444071 0.0943544 0.0766047 0.0822154 0.1048774 0.1263445 0.0847953 0.0872279 0.1165403 0.0726055 0.0771494 0.1505699 0.1002870 0.0730074 0.0517505 0.1626921 0.0982081 0.1723976 0.0908479 0.0866006 0.0516235 0.1473214 0.1594409 0.0679994 0.1060284 0.0913840 0.0000000 0.0991269 0.1682175 0.0678382 0.0686466 0.0516235 0.0727629 0.0867878 0.1117941 0.0695824 0.0772817 0.0815274 0.0727420 0.1263292 0.1671604 0.1633720 0.0935299 0.0767095 0.1384548 0.0819834 0.0676816 0.0772817 0.0899815 0.0793693 0.0778091 0.0870627 0.1577700 0.0520021 0.0691591 0.1459654 0.0957665 0.0517370 0.0033203 0.0766047 0.0816506 0.0734822 0.1006396 0.1804060 0.0955450 0.1652087 0.0822544 0.0843319 0.0855325 0.0723998 0.1273882 0.0727522 0.0601256 0.1083278 0.0591485 0.0730477 0.0771937 0.0687112 
S1102      0.1019356 0.0772935 0.0926796 0.1136927 0.0980138 0.1296386 0.1056007 0.1404723 0.0971916 0.0770335 0.1028727 0.1009005 0.1080449 0.1057230 0.1019734 0.1241973 0.0821152 0.0921697 0.1275934 0.0921500 0.0897375 0.0811485 0.1667391 0.1094982 0.1771019 0.0973546 0.0966079 0.0814307 0.1346681 0.1456599 0.0586060 0.1127327 0.1175223 0.0991269 0.0000000 0.1426955 0.0676423 0.0684949 0.0814307 0.0583309 0.0781462 0.1096169 0.0878907 0.0872702 0.0868419 0.0672482 0.1080984 0.1590182 0.1439255 0.1089519 0.0816939 0.1218090 0.0928484 0.0941094 0.0872702 0.0862356 0.0792217 0.0918357 0.0892051 0.1284869 0.0767663 0.1005564 0.0974707 0.0875207 0.0815785 0.0942814 0.0864444 0.0918909 0.0774937 0.1080076 0.1489303 0.0958386 0.1764439 0.0927786 0.0931695 0.0761959 0.0776446 0.1360371 0.0920396 0.0808709 0.0964079 0.0855244 0.0824673 0.1096353 0.0961140 
S1120      0.1446297 0.1330594 0.1371421 0.1715648 0.1457582 0.1431216 0.1334392 0.1038462 0.1570982 0.1317416 0.1426064 0.1655612 0.1548252 0.1436305 0.1370376 0.1923896 0.1269969 0.1386554 0.2011349 0.1489318 0.1417437 0.1401326 0.1147049 0.1625407 0.1224890 0.1325330 0.1414010 0.1298661 0.1437901 0.1594392 0.1103114 0.1582898 0.1535772 0.1682175 0.1426955 0.0000000 0.1211602 0.1228237 0.1298661 0.1227325 0.1426424 0.1242528 0.1437393 0.1331018 0.1388641 0.1198576 0.1547984 0.1644933 0.1812005 0.0754270 0.1221535 0.0793518 0.1418512 0.1426175 0.1331018 0.1371995 0.1089953 0.1421800 0.1101218 0.1430694 0.1279799 0.1318981 0.0959658 0.1620001 0.1352584 0.1621796 0.1317416 0.1544772 0.1337211 0.1402735 0.1894114 0.1392985 0.1775447 0.1511490 0.1354347 0.1408431 0.1549324 0.1102057 0.1395665 0.1303619 0.1694996 0.1204480 0.1327009 0.1429164 0.1354483 
S1128      0.0593402 0.0513100 0.0552004 0.0959730 0.0555208 0.0877841 0.0820860 0.0870402 0.0614314 0.0466913 0.0595196 0.0672949 0.0811814 0.0504791 0.0396720 0.0815106 0.0430100 0.0510687 0.1117635 0.0592066 0.0500611 0.0585189 0.1107666 0.0686550 0.1181179 0.0591395 0.0356002 0.0504010 0.0932826 0.1072976 0.0067156 0.0514415 0.0670121 0.0678382 0.0676423 0.1211602 0.0000000 0.0067751 0.0504010 0.0102005 0.0515289 0.0818252 0.0479661 0.0470745 0.0548139 0.0471701 0.0769280 0.1187247 0.1162363 0.0571913 0.0467666 0.0895978 0.0683824 0.0590700 0.0470745 0.0506140 0.0483583 0.0555272 0.0563559 0.1041456 0.0437765 0.0591070 0.0625220 0.0674958 0.0543678 0.0636199 0.0466913 0.0600941 0.0550133 0.0677407 0.1226041 0.0638684 0.1174862 0.0513437 0.0521918 0.0634566 0.0512228 0.0813500 0.0281129 0.0354366 0.0759881 0.0389160 0.0470711 0.0620145 0.0551001 
S1129sl    0.0558334 0.0519503 0.0558438 0.0971898 0.0430231 0.0888918 0.0834182 0.0834401 0.0621765 0.0472216 0.0602200 0.0680905 0.0821756 0.0510543 0.0358965 0.0825123 0.0434975 0.0516577 0.1132328 0.0598996 0.0506707 0.0591954 0.1122017 0.0694835 0.1196918 0.0598310 0.0318927 0.0509744 0.0944836 0.1018911 0.0067871 0.0475396 0.0680322 0.0686466 0.0684949 0.1228237 0.0067751 0.0000000 0.0509744 0.0103103 0.0521295 0.0786118 0.0485263 0.0476137 0.0554475 0.0477116 0.0778652 0.1203187 0.1177645 0.0578824 0.0472983 0.0907551 0.0692050 0.0597594 0.0476137 0.0511926 0.0489278 0.0561776 0.0570261 0.1057797 0.0440999 0.0597978 0.0648319 0.0682964 0.0549905 0.0643728 0.0472216 0.0608080 0.0556512 0.0685469 0.1298451 0.0646279 0.1118631 0.0474495 0.0528079 0.0642057 0.0518165 0.0823998 0.0284255 0.0358338 0.0769001 0.0393514 0.0437921 0.0627281 0.0557403 
S1177      0.0761884 0.0000010 0.0676795 0.1152443 0.0637327 0.1067267 0.0946600 0.1147856 0.0658975 0.0545488 0.0634444 0.0844901 0.0993874 0.0662247 0.0637848 0.0860612 0.0588490 0.0591027 0.1321184 0.0760036 0.0544308 0.0206461 0.1308626 0.0778228 0.1389985 0.0673894 0.0675554 0.0000010 0.1075834 0.1229692 0.0505097 0.0765295 0.0837166 0.0516235 0.0814307 0.1298661 0.0504010 0.0509744 0.0000000 0.0468883 0.0472887 0.0861272 0.0517846 0.0550031 0.0669696 0.0468741 0.0949219 0.1244881 0.1273193 0.0781394 0.0546328 0.1185997 0.0640074 0.0629059 0.0550031 0.0667945 0.0607000 0.0512472 0.0603758 0.1227164 0.0475422 0.0510261 0.0834675 0.0715611 0.0033259 0.0476012 0.0545488 0.0598283 0.0549923 0.0762488 0.1496162 0.0723206 0.1337837 0.0594291 0.0734606 0.0634340 0.0593353 0.0944900 0.0548090 0.0506289 0.0759131 0.0386808 0.0470518 0.0546023 0.0587272 
S1189      0.0640525 0.0474619 0.0598167 0.0970638 0.0601613 0.0933413 0.0830846 0.0880629 0.0663382 0.0510566 0.0642477 0.0721723 0.0820696 0.0549170 0.0400078 0.0824056 0.0473087 0.0555703 0.1130871 0.0639040 0.0547992 0.0549663 0.1168730 0.0736588 0.1245300 0.0638329 0.0397558 0.0468883 0.0943592 0.1085587 0.0102188 0.0478562 0.0732920 0.0727629 0.0583309 0.1227325 0.0102005 0.0103103 0.0468883 0.0000000 0.0520605 0.0780954 0.0484900 0.0514827 0.0593844 0.0515894 0.0777642 0.1201632 0.1176147 0.0578383 0.0511376 0.0906868 0.0733632 0.0597158 0.0514827 0.0509462 0.0487810 0.0561361 0.0526991 0.1056144 0.0442488 0.0597542 0.0625220 0.0723923 0.0508396 0.0684425 0.0510566 0.0607638 0.0596017 0.0726575 0.1296795 0.0687188 0.1188935 0.0558765 0.0527673 0.0682642 0.0557493 0.0821374 0.0321052 0.0395720 0.0810811 0.0430974 0.0514778 0.0666782 0.0596977 
S1201sl    0.0871360 0.0434956 0.0825353 0.1184907 0.0829795 0.1294868 0.0968840 0.1163689 0.0761190 0.0726942 0.0874049 0.0958807 0.1020536 0.0763602 0.0868289 0.1017559 0.0687034 0.0777909 0.1360279 0.0869093 0.0734253 0.0554520 0.1555374 0.0924385 0.1648630 0.0868246 0.0864108 0.0472887 0.1160017 0.1311936 0.0516432 0.1011503 0.1031519 0.0867878 0.0781462 0.1426424 0.0515289 0.0521295 0.0472887 0.0520605 0.0000000 0.1079326 0.0518980 0.0733361 0.0862436 0.0560688 0.0974454 0.1440416 0.1408554 0.0696518 0.0727969 0.1200354 0.0563447 0.0630482 0.0733361 0.0770611 0.0707921 0.0513580 0.0798554 0.1189411 0.0476437 0.0630911 0.0848478 0.0917081 0.0512806 0.0822332 0.0726942 0.0641523 0.0511768 0.0920514 0.1417235 0.0878615 0.1537756 0.0732461 0.0687430 0.0555049 0.0514779 0.1023025 0.0775500 0.0599915 0.0823833 0.0632340 0.0433084 0.0804943 0.0729563 
S1211      0.0690514 0.0809089 0.0554545 0.1329523 0.0603304 0.1236770 0.0948521 0.1166564 0.0715354 0.0553169 0.0593438 0.0955613 0.1106187 0.1010370 0.1066080 0.1071434 0.0554817 0.0599471 0.1339042 0.0866379 0.0594008 0.0863711 0.1589104 0.0927574 0.1682348 0.0595895 0.0962505 0.0861272 0.1196359 0.1457136 0.0820339 0.1164040 0.0957451 0.1117941 0.1096169 0.1242528 0.0818252 0.0786118 0.0861272 0.0780954 0.1079326 0.0000000 0.1040844 0.0557842 0.0765407 0.0970661 0.1059608 0.1323823 0.1390391 0.0897431 0.0512738 0.1259920 0.0914403 0.1164962 0.0557842 0.0677520 0.0492996 0.1127560 0.0354385 0.1055998 0.0941566 0.1166726 0.0432713 0.0821961 0.0907044 0.1068332 0.0553169 0.1135547 0.1021286 0.0773706 0.1517217 0.0822829 0.1572688 0.0643958 0.0929376 0.1018493 0.1069405 0.1004735 0.0949021 0.1013994 0.1016133 0.0903324 0.0926297 0.0858588 0.0944239 
S1214sl    0.0833698 0.0438070 0.0787828 0.1227483 0.0792166 0.1139433 0.0880996 0.1171111 0.0767058 0.0690325 0.0882515 0.0920988 0.1061873 0.0561850 0.0737645 0.0979128 0.0737424 0.0740793 0.1322263 0.0831554 0.0647025 0.0601568 0.1570857 0.0877278 0.1610333 0.0830716 0.0737509 0.0517846 0.1203340 0.1465767 0.0480715 0.0840202 0.0837989 0.0695824 0.0878907 0.1437393 0.0479661 0.0485263 0.0517846 0.0484900 0.0518980 0.1040844 0.0000000 0.0696425 0.0689134 0.0524594 0.1015624 0.1484927 0.1452198 0.0749141 0.0691330 0.1209022 0.0654569 0.0433268 0.0696425 0.0822836 0.0618589 0.0359945 0.0670735 0.1241052 0.0285406 0.0388564 0.0982628 0.0923993 0.0558728 0.0652382 0.0690325 0.0356842 0.0560569 0.0878627 0.1497225 0.0885802 0.1468276 0.0745215 0.0702123 0.0522538 0.0563801 0.1070170 0.0607373 0.0441234 0.0877850 0.0514948 0.0520533 0.0811867 0.0564650 
S1227      0.0395653 0.0519615 0.0173714 0.1021541 0.0138777 0.0874685 0.0952840 0.1017072 0.0449619 0.0067441 0.0210515 0.0633331 0.0912472 0.0717176 0.0727920 0.0686246 0.0136261 0.0102675 0.1284068 0.0553140 0.0108763 0.0633544 0.1141233 0.0646058 0.1215116 0.0173202 0.0722940 0.0550031 0.0925320 0.1292413 0.0471757 0.0905306 0.0661882 0.0772817 0.0872702 0.1331018 0.0470745 0.0476137 0.0550031 0.0514827 0.0733361 0.0557842 0.0696425 0.0000000 0.0244329 0.0599706 0.0868277 0.1257460 0.1280538 0.0622184 0.0101288 0.0951914 0.0869873 0.0812679 0.0000010 0.0171860 0.0326858 0.0776350 0.0400269 0.0889368 0.0649810 0.0813456 0.0734839 0.0320315 0.0590776 0.0728890 0.0067441 0.0827927 0.0768640 0.0246715 0.1459026 0.0436994 0.1305245 0.0174195 0.0565045 0.0861353 0.0817409 0.0912877 0.0555773 0.0639113 0.0813677 0.0588598 0.0682593 0.0626608 0.0725148 
S1235sl    0.0591862 0.0602315 0.0357286 0.1063535 0.0320923 0.0909954 0.1001541 0.1066574 0.0655448 0.0170929 0.0396784 0.0756150 0.0860961 0.0718596 0.0812188 0.0812886 0.0314907 0.0281284 0.1223322 0.0673508 0.0258439 0.0756435 0.1216585 0.0771673 0.1295008 0.0356065 0.0724388 0.0669696 0.1186821 0.1445272 0.0549357 0.0993608 0.0720562 0.0815274 0.0868419 0.1388641 0.0548139 0.0554475 0.0669696 0.0593844 0.0862436 0.0765407 0.0689134 0.0244329 0.0000000 0.0722894 0.0908671 0.1410997 0.1324532 0.0750602 0.0277336 0.0904277 0.0860445 0.0855367 0.0244329 0.0353172 0.0522952 0.0772777 0.0598974 0.0935301 0.0691248 0.0899670 0.0827250 0.0281214 0.0628254 0.0770842 0.0242422 0.0915920 0.0807802 0.0434891 0.1504731 0.0554318 0.1407356 0.0358126 0.0688346 0.0852127 0.0860006 0.1054652 0.0635796 0.0721083 0.0899784 0.0668273 0.0808383 0.0747777 0.0809167 
S1238sl    0.0730099 0.0431837 0.0686318 0.1122426 0.0690174 0.1024562 0.0843422 0.1218216 0.0756513 0.0594633 0.0776321 0.0813697 0.0869840 0.0549007 0.0728504 0.0873410 0.0639174 0.0641995 0.1343453 0.0602990 0.0639067 0.0469854 0.1275653 0.0830895 0.1356718 0.0641814 0.0724529 0.0468741 0.1045318 0.1352799 0.0472718 0.0817964 0.0889582 0.0727420 0.0672482 0.1198576 0.0471701 0.0477116 0.0468741 0.0515894 0.0560688 0.0970661 0.0524594 0.0599706 0.0722894 0.0000000 0.0963601 0.1370096 0.1274697 0.0704359 0.0553574 0.1158455 0.0688770 0.0554685 0.0599706 0.0720946 0.0574850 0.0601524 0.0701031 0.1119045 0.0481516 0.0597024 0.0646904 0.0816250 0.0508244 0.0684226 0.0594633 0.0648649 0.0595841 0.0819265 0.1465377 0.0722594 0.1355062 0.0561740 0.0744846 0.0639385 0.0640591 0.0914273 0.0640034 0.0433946 0.0815521 0.0466332 0.0514622 0.0670385 0.0550423 
