76
PAFTOL_019361 0.0000000 0.2418397 0.2515451 0.2957351 0.2984109 0.2253778 0.2243465 0.2440232 0.2472495 0.1594363 0.2503406 0.2354957 0.2572821 0.2302832 0.2230338 0.2099426 0.2501101 0.1973576 0.2815583 0.2519292 0.2101192 0.2644589 0.2290968 0.2480050 0.1905587 0.3001532 0.2712093 0.2640504 0.2650998 0.2002999 0.1971062 0.2372384 0.2457937 0.1910824 0.2314248 0.2713432 0.2010199 0.2530073 0.2440232 0.2559538 0.2107003 0.2042069 0.2275179 0.2265808 0.2062207 0.2396153 0.2487606 0.2686922 0.2471723 0.2581215 0.1932178 0.2580981 0.1945897 0.2151130 0.2445631 0.2101192 0.2319890 0.2508592 0.2436771 0.2063433 0.2522386 0.2315672 0.2328489 0.2382494 0.2388431 0.2331899 0.2107352 0.2576214 0.2155637 0.2361154 0.2350082 0.2202591 0.2864500 0.2046497 0.2441001 0.2277858 
S0055         0.2418397 0.0000000 0.0327193 0.0586011 0.1697823 0.1880324 0.1260278 0.0327357 0.0329770 0.0482866 0.1651344 0.0691561 0.0389753 0.1531743 0.1433145 0.0487005 0.0351222 0.1080424 0.1896877 0.0375572 0.0943634 0.0530287 0.0950955 0.1598401 0.1223116 0.0975434 0.1497981 0.1701548 0.1675621 0.0992877 0.1016889 0.1623648 0.1620761 0.1004773 0.1209953 0.0795224 0.0941062 0.1755057 0.0327357 0.0589935 0.1000436 0.1555664 0.1599185 0.1665688 0.1395554 0.1292901 0.1210365 0.0432475 0.0329784 0.0436313 0.0883324 0.0633485 0.1005820 0.1134797 0.0436308 0.0943634 0.1477634 0.0428994 0.1652606 0.0897344 0.1328516 0.0427816 0.1712890 0.0333369 0.1557038 0.0427749 0.0763826 0.1423957 0.1250550 0.1532754 0.1167250 0.0946091 0.1702651 0.0954064 0.1273852 0.1000422 
S0282         0.2515451 0.0327193 0.0000000 0.0426459 0.1660768 0.1779294 0.1180018 0.0089871 0.0183073 0.0613851 0.1302115 0.0735994 0.0215288 0.1313934 0.1216171 0.0532399 0.0112263 0.1005054 0.1790400 0.0228094 0.0873436 0.0277584 0.0880016 0.1506558 0.1202731 0.0852942 0.1411314 0.1678325 0.1580822 0.1037153 0.1062066 0.1610540 0.1527101 0.1049540 0.1254376 0.0626692 0.0985854 0.1657158 0.0089871 0.0530894 0.1045014 0.1433762 0.1377614 0.1440668 0.1185661 0.1361844 0.1349971 0.0184427 0.0183083 0.0380906 0.0928400 0.0472972 0.1050535 0.1117684 0.0380878 0.0873436 0.1260961 0.0183040 0.1429920 0.0943097 0.1245911 0.0228973 0.1487971 0.0280754 0.1296914 0.0276989 0.0809115 0.1467414 0.1293838 0.1314731 0.1212574 0.0991133 0.1748167 0.0999456 0.1192317 0.1164028 
S0294         0.2957351 0.0586011 0.0426459 0.0000000 0.1405419 0.1954200 0.1236706 0.0328253 0.0330679 0.0904277 0.1657924 0.0802505 0.0391037 0.1537750 0.1438750 0.0700948 0.0352973 0.1208910 0.1756293 0.0279153 0.1065830 0.0325405 0.1074355 0.1398252 0.1491832 0.0665649 0.1503677 0.1643219 0.1544875 0.1237258 0.1268595 0.1574450 0.1490129 0.1253056 0.1312337 0.0583905 0.1184101 0.1622173 0.0328253 0.0582090 0.1247221 0.1528372 0.1605555 0.1672414 0.1400843 0.1422631 0.1451999 0.0433712 0.0330693 0.0541487 0.1123343 0.0531200 0.1253794 0.1328023 0.0532274 0.1065830 0.1483398 0.0380360 0.1524190 0.1142317 0.1430076 0.0429029 0.1719784 0.0537903 0.1564378 0.0530592 0.0995984 0.1527872 0.1350948 0.1538760 0.1433607 0.1191017 0.1953582 0.1201670 0.1376169 0.1373405 
S0303         0.2984109 0.1697823 0.1660768 0.1405419 0.0000000 0.1249406 0.1484949 0.1479133 0.1387271 0.1459322 0.1428929 0.1219882 0.1370467 0.1339873 0.1174894 0.1183269 0.1479133 0.0907937 0.0793375 0.1384012 0.0846958 0.1757244 0.0855704 0.0465685 0.1027504 0.1852389 0.1064092 0.0951947 0.0604326 0.1185929 0.1295272 0.0708905 0.0704638 0.0932589 0.1279824 0.1025825 0.1279296 0.0779486 0.1479133 0.1572679 0.1279846 0.1259370 0.1089620 0.1082946 0.1264076 0.1662914 0.1601548 0.1479133 0.1499564 0.1138579 0.1194073 0.1291111 0.1378532 0.1224176 0.1370360 0.0846958 0.0926816 0.1465374 0.1221013 0.1192956 0.1282760 0.1586336 0.1595606 0.1679372 0.1056483 0.1205754 0.1289065 0.1606754 0.1692303 0.1173189 0.1298351 0.1365783 0.1330688 0.0940048 0.1391679 0.1567617 
S0320         0.2253778 0.1880324 0.1779294 0.1954200 0.1249406 0.0000000 0.1255725 0.1645920 0.1662823 0.1342370 0.0534779 0.1580576 0.1687300 0.0487523 0.0491017 0.1357145 0.1505813 0.1027863 0.1405587 0.1637034 0.0909271 0.1798957 0.1030258 0.1408152 0.1119215 0.2188041 0.1476773 0.1382051 0.1271727 0.1222389 0.1382631 0.1317645 0.1242577 0.0975408 0.1347798 0.1554230 0.1288098 0.1491999 0.1645920 0.1871303 0.1109970 0.0381756 0.0696966 0.0750677 0.0590935 0.1443872 0.1378544 0.1821257 0.1662632 0.1457684 0.1227175 0.1632047 0.1114453 0.1242228 0.1651593 0.0909271 0.0869442 0.1642424 0.1253523 0.1248067 0.1051331 0.1794522 0.0381207 0.1729913 0.0698878 0.1635967 0.1565849 0.1478463 0.1450586 0.0751808 0.1202918 0.1175824 0.1536654 0.0807746 0.0998963 0.1355226 
S0335         0.2243465 0.1260278 0.1180018 0.1236706 0.1484949 0.1255725 0.0000000 0.1060824 0.1070434 0.1198351 0.1180898 0.1186640 0.1074762 0.1010618 0.0972735 0.0881347 0.0890808 0.0945218 0.1581978 0.1118468 0.0758084 0.1191658 0.0876354 0.1367811 0.0491748 0.1902555 0.1472122 0.1613871 0.1433083 0.0540656 0.0662612 0.1413411 0.1334535 0.0437788 0.0647284 0.1065599 0.0483395 0.1593743 0.1060824 0.1131221 0.0282456 0.0944757 0.0948763 0.1007043 0.0949095 0.0391512 0.0737903 0.1204630 0.1070403 0.1084966 0.0534448 0.0998021 0.0435279 0.0438439 0.1196810 0.0758084 0.0898245 0.1136476 0.1240447 0.0541970 0.0542291 0.1068161 0.1116152 0.1066625 0.1147401 0.1256487 0.1206109 0.0488149 0.0334685 0.0890846 0.0724444 0.0436624 0.1363265 0.0766009 0.0435990 0.0590267 
S0400         0.2440232 0.0327357 0.0089871 0.0328253 0.1479133 0.1645920 0.1060824 0.0000000 0.0090607 0.0613851 0.1304274 0.0631274 0.0106379 0.1190694 0.1092538 0.0431034 0.0000010 0.0889025 0.1650536 0.0135492 0.0762197 0.0183181 0.0767805 0.1378904 0.1144146 0.0729901 0.1288426 0.1544112 0.1450974 0.0923383 0.0945156 0.1477989 0.1397512 0.0934118 0.1132155 0.0524836 0.0872540 0.1525031 0.0000010 0.0429815 0.0930220 0.1308614 0.1252941 0.1314731 0.1065555 0.1233160 0.1190814 0.0091268 0.0090613 0.0282683 0.0816294 0.0374537 0.0935194 0.1000207 0.0381069 0.0762197 0.1137903 0.0090596 0.1305111 0.0828880 0.1124877 0.0182809 0.1362482 0.0280897 0.1151008 0.0182797 0.0700260 0.1338720 0.1173090 0.1191392 0.1089625 0.0877033 0.1598272 0.0884216 0.1071609 0.1046656 
S0405         0.2472495 0.0329770 0.0183073 0.0330679 0.1387271 0.1662823 0.1070434 0.0090607 0.0000000 0.0482866 0.1316691 0.0636265 0.0107251 0.1201868 0.1102802 0.0434326 0.0056055 0.0896834 0.1668309 0.0136436 0.0768607 0.0279981 0.0774318 0.1392363 0.1154922 0.0736684 0.1300515 0.1560026 0.1465413 0.0931348 0.0953535 0.1493016 0.1411380 0.0942292 0.1142687 0.0528868 0.0880029 0.1540504 0.0090607 0.0433090 0.0938315 0.1321120 0.1264851 0.1327374 0.1075276 0.1245255 0.1117285 0.0186001 0.0091247 0.0284773 0.0823219 0.0377308 0.0943372 0.1069772 0.0383949 0.0768607 0.1148563 0.0184591 0.1317549 0.0836042 0.1259748 0.0184103 0.1375557 0.0282961 0.1163787 0.0279371 0.0706019 0.1351887 0.1183879 0.1202581 0.1099808 0.0884612 0.1616706 0.0891932 0.1205530 0.1055989 
S0412sl       0.1594363 0.0482866 0.0613851 0.0904277 0.1459322 0.1342370 0.1198351 0.0613851 0.0482866 0.0000000 0.1045991 0.0867534 0.0795428 0.1041038 0.1350896 0.0476360 0.0613851 0.0743429 0.1317368 0.0611928 0.0753527 0.0749226 0.0767371 0.1302985 0.0599766 0.0611928 0.1307120 0.0994528 0.1013962 0.0738350 0.0898325 0.1136884 0.1136884 0.0599766 0.1060991 0.0469368 0.1013047 0.1424428 0.0613851 0.0482866 0.1013603 0.1315459 0.1168240 0.1168240 0.1181256 0.1037813 0.1015267 0.0613851 0.0482866 0.0353136 0.0873882 0.0474903 0.0873882 0.1041109 0.0351512 0.0753527 0.1021378 0.0353773 0.1164527 0.0738350 0.1374421 0.0611928 0.1021378 0.0484374 0.1023156 0.0606996 0.0736843 0.1217944 0.1184972 0.1171974 0.0745507 0.0735633 0.1214317 0.0753527 0.1582066 0.1171950 
S0417         0.2503406 0.1651344 0.1302115 0.1657924 0.1428929 0.0534779 0.1180898 0.1304274 0.1316691 0.1045991 0.0000000 0.1567807 0.1266820 0.0278586 0.0542310 0.1281258 0.1348711 0.0962282 0.1526086 0.1364251 0.0846426 0.1575241 0.0852568 0.1397334 0.0989411 0.2113142 0.1467683 0.1371211 0.1262245 0.1151620 0.1219681 0.1434560 0.1357456 0.0910590 0.1274209 0.1288791 0.1336015 0.1610014 0.1304274 0.1415529 0.1158254 0.0379323 0.0533296 0.0584813 0.0583422 0.1423211 0.1641024 0.1460244 0.1316610 0.1250964 0.1275182 0.1360581 0.1162834 0.1363091 0.1308525 0.0846426 0.0696848 0.1302008 0.1128594 0.1296912 0.1099637 0.1371788 0.0328379 0.1379460 0.0504855 0.1423343 0.1484196 0.1528471 0.1499647 0.0585661 0.1196115 0.1103890 0.1431267 0.0855196 0.1047592 0.1279387 
S0558         0.2354957 0.0691561 0.0735994 0.0802505 0.1219882 0.1580576 0.1186640 0.0631274 0.0636265 0.0867534 0.1567807 0.0000000 0.0693255 0.1582767 0.1223229 0.0535114 0.0737497 0.1010640 0.1657679 0.0578086 0.0878152 0.0851539 0.0884807 0.1256864 0.1148776 0.1341549 0.1293523 0.1688438 0.1326955 0.0926908 0.0948853 0.1484168 0.1403280 0.0937731 0.1136684 0.0680884 0.0875878 0.1531348 0.0631274 0.0796481 0.0933800 0.1313872 0.1516221 0.1581066 0.1192362 0.1307657 0.1118283 0.0749376 0.0636276 0.0545256 0.0819404 0.0524814 0.0938808 0.1005440 0.0745071 0.0878152 0.1268207 0.0742865 0.1438118 0.0832090 0.1252962 0.0740766 0.1628073 0.0634269 0.1456571 0.0740554 0.0872724 0.1344233 0.1177709 0.1451468 0.1094032 0.0996557 0.1681016 0.0887649 0.1199083 0.1170467 
S0643         0.2572821 0.0389753 0.0215288 0.0391037 0.1370467 0.1687300 0.1074762 0.0106379 0.0107251 0.0795428 0.1266820 0.0693255 0.0000000 0.1139166 0.1031742 0.0451130 0.0138436 0.0934580 0.1588816 0.0160275 0.0782759 0.0330347 0.0789609 0.1450170 0.1167430 0.0822096 0.1194450 0.1652194 0.1537426 0.0902378 0.0847978 0.1490135 0.1394268 0.0918329 0.1155107 0.0506058 0.0784593 0.1546041 0.0106379 0.0450288 0.0918342 0.1287221 0.1221470 0.1294310 0.1001854 0.1362643 0.1134812 0.0219354 0.0107258 0.0279112 0.0784593 0.0329933 0.0925154 0.0932982 0.0393689 0.0782759 0.1159868 0.0217402 0.1210603 0.0866808 0.1374413 0.0216722 0.1427064 0.0334527 0.0968552 0.0272751 0.0707175 0.1489524 0.1208880 0.1075941 0.1096511 0.0993957 0.1640062 0.0928520 0.1309975 0.1051114 
S0645sl       0.2302832 0.1531743 0.1313934 0.1537750 0.1339873 0.0487523 0.1010618 0.1190694 0.1201868 0.1041038 0.0278586 0.1582767 0.1139166 0.0000000 0.0495002 0.1050446 0.1194246 0.0913875 0.1344291 0.1250117 0.0798445 0.1327335 0.0915867 0.1409960 0.0999650 0.1944446 0.1357135 0.1195905 0.1273272 0.1102190 0.1043107 0.1258218 0.1184253 0.0862033 0.1224587 0.1176782 0.1166140 0.1365715 0.1190694 0.1244045 0.0991487 0.0332760 0.0485705 0.0537094 0.0536991 0.1240063 0.1379171 0.1342348 0.1201812 0.1137481 0.1106523 0.1246898 0.0995601 0.1189589 0.1194546 0.0798445 0.0531681 0.1188756 0.1021050 0.1124850 0.0934170 0.1324164 0.0282168 0.1263921 0.0450719 0.1308987 0.1243928 0.1346289 0.1321613 0.0537878 0.1071788 0.0937684 0.1381506 0.0698022 0.0882268 0.1109860 
S0656sl       0.2230338 0.1433145 0.1216171 0.1438750 0.1174894 0.0491017 0.0972735 0.1092538 0.1102802 0.1350896 0.0542310 0.1223229 0.1031742 0.0495002 0.0000000 0.1016347 0.1216474 0.0820373 0.1351656 0.1152262 0.0705267 0.1297259 0.0763850 0.1067099 0.0966442 0.1859599 0.1208611 0.1413696 0.1056355 0.1007609 0.1097203 0.1287608 0.1211417 0.0768005 0.1130227 0.1202038 0.1071505 0.1335131 0.1092538 0.1294704 0.0895996 0.0441646 0.0495987 0.0548557 0.0188774 0.1203175 0.1327274 0.1242527 0.1102765 0.1038691 0.1011666 0.1149369 0.1018900 0.1093301 0.1096097 0.0705267 0.0499322 0.1090833 0.0987425 0.1028414 0.0954652 0.1225646 0.0542049 0.1225336 0.0164121 0.1211692 0.1212851 0.1311641 0.1225018 0.0443894 0.0985952 0.0959479 0.1502368 0.0603783 0.0901601 0.1136210 
S0689         0.2099426 0.0487005 0.0532399 0.0700948 0.1183269 0.1357145 0.0881347 0.0431034 0.0434326 0.0476360 0.1281258 0.0535114 0.0451130 0.1050446 0.1016347 0.0000000 0.0482978 0.0652553 0.1348990 0.0480812 0.0537369 0.0536876 0.0647317 0.1229823 0.0772799 0.1130924 0.1029610 0.1256640 0.1297829 0.0531486 0.0490638 0.1134090 0.1122973 0.0590860 0.0831639 0.0636298 0.0595224 0.1242166 0.0431034 0.0589164 0.0648972 0.1163761 0.1109828 0.1168903 0.0991895 0.0980124 0.0730421 0.0541757 0.0434341 0.0386704 0.0542385 0.0480027 0.0652501 0.0714603 0.0481467 0.0537369 0.0998983 0.0537227 0.1160716 0.0498586 0.0942210 0.0535723 0.1216076 0.0433002 0.1125535 0.0535616 0.0380702 0.1020635 0.0875171 0.1051025 0.0721677 0.0597976 0.1068525 0.0542697 0.0889912 0.0758125 
S0690         0.2501101 0.0351222 0.0112263 0.0352973 0.1479133 0.1505813 0.0890808 0.0000010 0.0056055 0.0613851 0.1348711 0.0737497 0.0138436 0.1194246 0.1216474 0.0482978 0.0000000 0.0906895 0.1594723 0.0169461 0.0750352 0.0229914 0.0757144 0.1452136 0.0974924 0.0773364 0.1330037 0.1467015 0.1436718 0.0889250 0.0975199 0.1298718 0.1291126 0.0891521 0.0979546 0.0474465 0.0740210 0.1527547 0.0000010 0.0418276 0.0812661 0.1354282 0.1362203 0.1440059 0.1203591 0.1081511 0.1190814 0.0114457 0.0113431 0.0295874 0.0673661 0.0410677 0.0813664 0.0965237 0.0483297 0.0750352 0.1204351 0.0112860 0.1351454 0.0612920 0.0826146 0.0170783 0.1420948 0.0354604 0.1321860 0.0170771 0.0829482 0.1134442 0.1043530 0.1284750 0.1120458 0.0673098 0.1532625 0.0900814 0.0907929 0.0881098 
S0720         0.1973576 0.1080424 0.1005054 0.1208910 0.0907937 0.1027863 0.0945218 0.0889025 0.0896834 0.0743429 0.0962282 0.1010640 0.0934580 0.0913875 0.0820373 0.0652553 0.0906895 0.0000000 0.1065898 0.0945348 0.0281393 0.1014706 0.0382130 0.0851084 0.0604231 0.1645680 0.0576164 0.1103684 0.0843365 0.0647317 0.0716858 0.0929714 0.0864732 0.0433637 0.0593915 0.0994229 0.0704063 0.0976758 0.0889025 0.1198179 0.0759347 0.0852426 0.0693486 0.0691392 0.0801597 0.1106380 0.0979789 0.1025418 0.0896826 0.0666851 0.0649868 0.0943259 0.0653493 0.0716637 0.1008617 0.0281393 0.0645300 0.0887860 0.0624260 0.0659455 0.0927139 0.1012345 0.1014488 0.1012142 0.0881261 0.0884892 0.0826263 0.1081084 0.1066737 0.0640478 0.0725123 0.0707463 0.0924312 0.0484389 0.0875701 0.0986170 
S0735         0.2815583 0.1896877 0.1790400 0.1756293 0.0793375 0.1405587 0.1581978 0.1650536 0.1668309 0.1317368 0.1526086 0.1657679 0.1588816 0.1344291 0.1351656 0.1348990 0.1594723 0.1065898 0.0000000 0.1576356 0.1142055 0.1811190 0.1278296 0.1402021 0.1357095 0.2104010 0.1246930 0.0284083 0.1260253 0.1465618 0.1572953 0.0188090 0.0139060 0.1194500 0.1493049 0.1296922 0.1406987 0.0331420 0.1650536 0.1821008 0.1475136 0.1211147 0.1410691 0.1403970 0.1255952 0.1951272 0.1312892 0.1834805 0.1668108 0.1453659 0.1342153 0.1508656 0.1482895 0.1369382 0.1656497 0.1142055 0.1358763 0.1646856 0.1495286 0.1366620 0.1576324 0.1741029 0.1454331 0.1805775 0.1268237 0.1640077 0.1497866 0.1894641 0.1799770 0.1346036 0.1386555 0.1550353 0.1578527 0.1032561 0.1519180 0.1748621 
S0756         0.2519292 0.0375572 0.0228094 0.0279153 0.1384012 0.1637034 0.1118468 0.0135492 0.0136436 0.0611928 0.1364251 0.0578086 0.0160275 0.1250117 0.1152262 0.0480812 0.0169461 0.0945348 0.1576356 0.0000000 0.0816367 0.0325530 0.0822435 0.1311891 0.1203865 0.0667344 0.1224114 0.1473191 0.1382600 0.0978586 0.1001840 0.1408144 0.1329445 0.0990099 0.1191159 0.0473377 0.0927584 0.1455241 0.0135492 0.0479456 0.0985905 0.1243086 0.1312975 0.1375297 0.1123624 0.1295123 0.1267430 0.0231745 0.0136444 0.0331104 0.0870822 0.0325186 0.0991140 0.1058494 0.0430410 0.0816367 0.1197297 0.0229991 0.1239771 0.0884405 0.1307581 0.0229383 0.1422782 0.0329003 0.1221315 0.0324824 0.0753351 0.1400570 0.1231351 0.1250861 0.1149033 0.0932447 0.1669899 0.0940167 0.1253834 0.1103444 
S0760         0.2101192 0.0943634 0.0873436 0.1065830 0.0846958 0.0909271 0.0758084 0.0762197 0.0768607 0.0753527 0.0846426 0.0878152 0.0782759 0.0798445 0.0705267 0.0537369 0.0750352 0.0281393 0.1142055 0.0816367 0.0000000 0.0881479 0.0091073 0.0976582 0.0494659 0.1457968 0.0624809 0.1179406 0.0854978 0.0431468 0.0492308 0.1000453 0.0933083 0.0331611 0.0590285 0.0987751 0.0587321 0.1046888 0.0762197 0.1056899 0.0535786 0.0739445 0.0584317 0.0636289 0.0689462 0.0847676 0.0809612 0.0890354 0.0768610 0.0718661 0.0535252 0.0814709 0.0538685 0.0598126 0.0876453 0.0000010 0.0536640 0.0882091 0.0632354 0.0542803 0.0693603 0.0879483 0.0897698 0.0879333 0.0821634 0.0879166 0.0820968 0.0889098 0.0819379 0.0532749 0.0497854 0.0590584 0.0783913 0.0280162 0.0643942 0.0748540 
S0763         0.2644589 0.0530287 0.0277584 0.0325405 0.1757244 0.1798957 0.1191658 0.0183181 0.0279981 0.0749226 0.1575241 0.0851539 0.0330347 0.1327335 0.1297259 0.0536876 0.0229914 0.1014706 0.1811190 0.0325530 0.0881479 0.0000000 0.1005694 0.1583642 0.1280912 0.0780778 0.1425665 0.1697003 0.1735238 0.1046913 0.1072343 0.1628230 0.1543505 0.1059563 0.1267064 0.0737966 0.0995096 0.1675308 0.0183181 0.0526817 0.1054938 0.1448612 0.1391829 0.1455687 0.1263942 0.1376371 0.1269613 0.0282107 0.0279994 0.0485889 0.0937012 0.0578988 0.1060559 0.1128547 0.0477756 0.0881479 0.1273817 0.0279937 0.1444691 0.0952012 0.1258387 0.0376637 0.1503426 0.0482720 0.1388433 0.0376587 0.0816407 0.1483060 0.1306761 0.1328151 0.1224918 0.1000491 0.1542077 0.1008988 0.1204225 0.1175328 
S0770         0.2290968 0.0950955 0.0880016 0.1074355 0.0855704 0.1030258 0.0876354 0.0767805 0.0774318 0.0767371 0.0852568 0.0884807 0.0789609 0.0915867 0.0763850 0.0647317 0.0757144 0.0382130 0.1278296 0.0822435 0.0091073 0.1005694 0.0000000 0.0984027 0.0605364 0.1472552 0.0734475 0.1314095 0.0861263 0.0537345 0.0602378 0.1128905 0.1058158 0.0434346 0.0702159 0.0995376 0.0698376 0.1175516 0.0767805 0.1065260 0.0645418 0.0854208 0.0694822 0.0748363 0.0746504 0.0974278 0.0969992 0.0897215 0.0774321 0.0723982 0.0644679 0.0820747 0.0648912 0.0711494 0.0883080 0.0091073 0.0646517 0.0888816 0.0743595 0.0654100 0.0808130 0.0886164 0.1016800 0.0886010 0.0894985 0.0885839 0.0942488 0.1014640 0.0940592 0.0641673 0.0609243 0.0702451 0.0915554 0.0380388 0.0757573 0.0865057 
S0952         0.2480050 0.1598401 0.1506558 0.1398252 0.0465685 0.1408152 0.1367811 0.1378904 0.1392363 0.1302985 0.1397334 0.1256864 0.1450170 0.1409960 0.1067099 0.1229823 0.1452136 0.0851084 0.1402021 0.1311891 0.0976582 0.1583642 0.0984027 0.0000000 0.1168867 0.2141423 0.0963046 0.1435951 0.0427164 0.1152598 0.1180790 0.1246778 0.1173574 0.1034924 0.1347265 0.1235395 0.1409493 0.1051392 0.1378904 0.1387095 0.1159249 0.1156835 0.1223660 0.1219673 0.1041407 0.1462009 0.1671725 0.1540420 0.1392262 0.1198257 0.1347271 0.1308411 0.1357105 0.1248657 0.1169889 0.0976582 0.1233280 0.1376376 0.1014530 0.1370834 0.1439435 0.1518790 0.1454897 0.1518311 0.1103933 0.1371246 0.1432319 0.1523666 0.1501118 0.1285853 0.1334632 0.1363521 0.1562552 0.0988336 0.1302693 0.1549044 
S0959         0.1905587 0.1223116 0.1202731 0.1491832 0.1027504 0.1119215 0.0491748 0.1144146 0.1154922 0.0599766 0.0989411 0.1148776 0.1167430 0.0999650 0.0966442 0.0772799 0.0974924 0.0604231 0.1357095 0.1203865 0.0494659 0.1280912 0.0605364 0.1168867 0.0000000 0.1928353 0.1098677 0.1392103 0.1170367 0.0337956 0.0450321 0.1202289 0.1129208 0.0140271 0.0605986 0.1186545 0.0489391 0.1375594 0.1144146 0.1345287 0.0385248 0.0934689 0.0828310 0.0884937 0.0943126 0.0679963 0.0747827 0.1295446 0.1154875 0.0968366 0.0437828 0.1200795 0.0440628 0.0445448 0.1146398 0.0494659 0.0778274 0.1142314 0.0994939 0.0443921 0.0725498 0.1189691 0.1103992 0.1150656 0.1138462 0.1138210 0.1012981 0.0723279 0.0776065 0.0772079 0.0455498 0.0546492 0.1093724 0.0606613 0.0663189 0.0705579 
S1052sl       0.3001532 0.0975434 0.0852942 0.0665649 0.1852389 0.2188041 0.1902555 0.0729901 0.0736684 0.0611928 0.2113142 0.1341549 0.0822096 0.1944446 0.1859599 0.1130924 0.0773364 0.1645680 0.2104010 0.0667344 0.1457968 0.0780778 0.1472552 0.2141423 0.1928353 0.0000000 0.1925125 0.1998197 0.2342992 0.1579401 0.1781126 0.1900985 0.1987662 0.1615584 0.1930349 0.1058842 0.1703455 0.2241582 0.0729901 0.0987999 0.1786767 0.1825640 0.2148633 0.2232942 0.1972751 0.2042800 0.2123131 0.0804678 0.0665008 0.1013814 0.1625782 0.0924617 0.1797042 0.1826725 0.0853664 0.1457968 0.1974347 0.0858082 0.2042953 0.1661884 0.2080739 0.0796528 0.2187952 0.1005596 0.2137249 0.0988019 0.1437477 0.2055316 0.1973212 0.2064085 0.1875517 0.1615635 0.2422918 0.1633043 0.2190188 0.1861112 
S1083         0.2712093 0.1497981 0.1411314 0.1503677 0.1064092 0.1476773 0.1472122 0.1288426 0.1300515 0.1307120 0.1467683 0.1293523 0.1194450 0.1357135 0.1208611 0.1029610 0.1330037 0.0576164 0.1246930 0.1224114 0.0624809 0.1425665 0.0734475 0.0963046 0.1098677 0.1925125 0.0000000 0.1282344 0.0843452 0.1136889 0.1164241 0.1102370 0.1033753 0.0899496 0.0964398 0.1151406 0.1083826 0.0917379 0.1288426 0.1489520 0.1261031 0.1231638 0.1181001 0.1123313 0.1179982 0.1671884 0.1441423 0.1441763 0.1300439 0.1054967 0.1026243 0.1100949 0.1267422 0.1283954 0.1416360 0.0624809 0.1073464 0.1286227 0.0422578 0.1159917 0.1319218 0.1296078 0.1521475 0.1421896 0.1209288 0.1281631 0.1218257 0.1439102 0.1606183 0.1123719 0.1177609 0.1327892 0.1164054 0.0954465 0.1389889 0.1507274 
S1100         0.2640504 0.1701548 0.1678325 0.1643219 0.0951947 0.1382051 0.1613871 0.1544112 0.1560026 0.0994528 0.1371211 0.1688438 0.1652194 0.1195905 0.1413696 0.1256640 0.1467015 0.1103684 0.0284083 0.1473191 0.1179406 0.1697003 0.1314095 0.1435951 0.1392103 0.1998197 0.1282344 0.0000000 0.1295870 0.1498439 0.1604840 0.0185117 0.0183468 0.1230843 0.1597046 0.1205585 0.1440834 0.0374590 0.1544112 0.1705829 0.1508028 0.1183935 0.1444606 0.1437855 0.1291462 0.1898150 0.1254360 0.1718141 0.1559870 0.1354740 0.1376991 0.1408271 0.1515753 0.1404401 0.1549482 0.1179406 0.1393809 0.1540934 0.1526877 0.1401748 0.1608233 0.1629618 0.1303170 0.1692127 0.1265361 0.1534865 0.1331621 0.1921301 0.1827876 0.1380937 0.1421765 0.1450026 0.1636039 0.0932131 0.1552308 0.1640894 
S1120         0.2650998 0.1675621 0.1580822 0.1544875 0.0604326 0.1271727 0.1433083 0.1450974 0.1465413 0.1013962 0.1262245 0.1326955 0.1537426 0.1273272 0.1056355 0.1297829 0.1436718 0.0843365 0.1260253 0.1382600 0.0854978 0.1735238 0.0861263 0.0427164 0.1170367 0.2342992 0.0843452 0.1295870 0.0000000 0.1273027 0.1304789 0.1113548 0.1043990 0.1024904 0.1473506 0.1181305 0.1480194 0.0926216 0.1450974 0.1531980 0.1280579 0.1029620 0.1332769 0.1328429 0.1031227 0.1460953 0.1739357 0.1617017 0.1465290 0.1267425 0.1416951 0.1378796 0.1427426 0.1304226 0.1386402 0.0854978 0.1220452 0.1321004 0.0893827 0.1442228 0.1210471 0.1593910 0.1318293 0.1593376 0.1024147 0.1442685 0.1504604 0.1493131 0.1789878 0.1272383 0.1320011 0.1491677 0.1542657 0.0978773 0.1304432 0.1680878 
S1128         0.2002999 0.0992877 0.1037153 0.1237258 0.1185929 0.1222389 0.0540656 0.0923383 0.0931348 0.0738350 0.1151620 0.0926908 0.0902378 0.1102190 0.1007609 0.0531486 0.0889250 0.0647317 0.1465618 0.0978586 0.0431468 0.1046913 0.0537345 0.1152598 0.0337956 0.1579401 0.1136889 0.1498439 0.1273027 0.0000000 0.0187786 0.1307739 0.1233413 0.0185181 0.0659767 0.1154085 0.0486182 0.1480627 0.0923383 0.1105892 0.0331855 0.1036118 0.0869800 0.0925910 0.0983582 0.0616837 0.0663905 0.1057738 0.0931336 0.0881333 0.0434990 0.0976442 0.0437753 0.0387502 0.0979916 0.0431468 0.0820538 0.1047642 0.1034656 0.0441000 0.0709424 0.1044534 0.1205749 0.0928182 0.1184031 0.1044077 0.0866047 0.0660263 0.0597359 0.0814050 0.0392147 0.0488792 0.0863776 0.0538425 0.0658556 0.0538659 
S1129sl       0.1971062 0.1016889 0.1062066 0.1268595 0.1295272 0.1382631 0.0662612 0.0945156 0.0953535 0.0898325 0.1219681 0.0948853 0.0847978 0.1043107 0.1097203 0.0490638 0.0975199 0.0716858 0.1572953 0.1001840 0.0492308 0.1072343 0.0602378 0.1180790 0.0450321 0.1781126 0.1164241 0.1604840 0.1304789 0.0187786 0.0000000 0.1397039 0.1327336 0.0287340 0.0666424 0.1182344 0.0604741 0.1519392 0.0945156 0.0996162 0.0441805 0.1184702 0.1010122 0.1069226 0.1070029 0.0748117 0.0826024 0.1083757 0.0953520 0.0902299 0.0550962 0.0999568 0.0554608 0.0396552 0.1003231 0.0492308 0.0890899 0.1073115 0.1122762 0.0501041 0.0842052 0.1069844 0.1238031 0.0950206 0.1212121 0.1069352 0.0886232 0.0791416 0.0723188 0.0951363 0.0394295 0.0608223 0.0874924 0.0603615 0.0789262 0.0771531 
S1148         0.2372384 0.1623648 0.1610540 0.1574450 0.0708905 0.1317645 0.1413411 0.1477989 0.1493016 0.1136884 0.1434560 0.1484168 0.1490135 0.1258218 0.1287608 0.1134090 0.1298718 0.0929714 0.0188090 0.1408144 0.1000453 0.1628230 0.1128905 0.1246778 0.1202289 0.1900985 0.1102370 0.0185117 0.1113548 0.1307739 0.1397039 0.0000000 0.0045172 0.1051555 0.1398906 0.1144415 0.1251459 0.0230507 0.1477989 0.1636597 0.1315754 0.0995336 0.1254446 0.1248668 0.1110081 0.1660705 0.1123159 0.1648217 0.1492883 0.1290766 0.1189763 0.1344082 0.1322654 0.1213081 0.1483080 0.1000453 0.1203610 0.1475070 0.1339555 0.1137470 0.1408457 0.1561635 0.1365657 0.1623602 0.1196890 0.1469345 0.1335149 0.1706123 0.1618915 0.1192955 0.1164988 0.1386388 0.1347857 0.0894499 0.1353019 0.1575164 
S1180         0.2457937 0.1620761 0.1527101 0.1490129 0.0704638 0.1242577 0.1334535 0.1397512 0.1411380 0.1136884 0.1357456 0.1403280 0.1394268 0.1184253 0.1211417 0.1122973 0.1291126 0.0864732 0.0139060 0.1329445 0.0933083 0.1543505 0.1058158 0.1173574 0.1129208 0.1987662 0.1033753 0.0183468 0.1043990 0.1233413 0.1327336 0.0045172 0.0000000 0.0983606 0.1321031 0.1072315 0.1178097 0.0181851 0.1397512 0.1551261 0.1240783 0.0996284 0.1180784 0.1175421 0.1040878 0.1663858 0.1116444 0.1561978 0.1411272 0.1214235 0.1117731 0.1266875 0.1247290 0.1139322 0.1402239 0.0933083 0.1130386 0.1394899 0.1266202 0.1136484 0.1329883 0.1478337 0.1290337 0.1539209 0.1113031 0.1389614 0.1258729 0.1619159 0.1535054 0.1120628 0.1152449 0.1309492 0.1401752 0.0828681 0.1275145 0.1494414 
S1189         0.1910824 0.1004773 0.1049540 0.1253056 0.0932589 0.0975408 0.0437788 0.0934118 0.0942292 0.0599766 0.0910590 0.0937731 0.0918329 0.0862033 0.0768005 0.0590860 0.0891521 0.0433637 0.1194500 0.0990099 0.0331611 0.1059563 0.0434346 0.1034924 0.0140271 0.1615584 0.0899496 0.1230843 0.1024904 0.0185181 0.0287340 0.1051555 0.0983606 0.0000000 0.0492303 0.1038265 0.0433839 0.1217015 0.0934118 0.1119443 0.0282063 0.0801270 0.0642993 0.0696092 0.0750476 0.0560217 0.0665534 0.1070687 0.0942278 0.0769296 0.0383375 0.0987890 0.0385784 0.0336599 0.0935897 0.0331611 0.0594711 0.0932863 0.0800100 0.0388586 0.0652897 0.1057123 0.0962748 0.0939044 0.0897135 0.0929762 0.0813787 0.0603993 0.0655294 0.0590301 0.0290534 0.0436115 0.0863765 0.0435218 0.0602453 0.0589711 
S1201sl       0.2314248 0.1209953 0.1254376 0.1312337 0.1279824 0.1347798 0.0647284 0.1132155 0.1142687 0.1060991 0.1274209 0.1136684 0.1155107 0.1224587 0.1130227 0.0831639 0.0979546 0.0593915 0.1493049 0.1191159 0.0590285 0.1267064 0.0702159 0.1347265 0.0605986 0.1930349 0.0964398 0.1597046 0.1473506 0.0659767 0.0666424 0.1398906 0.1321031 0.0492303 0.0000000 0.1239938 0.0592578 0.1577357 0.1132155 0.1330600 0.0595338 0.1155961 0.0986150 0.1043620 0.1102779 0.0783433 0.0983510 0.1281256 0.1142643 0.0958463 0.0539989 0.1188169 0.0649566 0.0771433 0.1272733 0.0590285 0.0936625 0.1130380 0.1154372 0.0547684 0.0589993 0.1264042 0.1329087 0.1138512 0.1331271 0.1126374 0.1017293 0.0712901 0.0648754 0.0929000 0.0728761 0.0651811 0.1068617 0.0703582 0.0586767 0.0813665 
S1211         0.2713432 0.0795224 0.0626692 0.0583905 0.1025825 0.1554230 0.1065599 0.0524836 0.0528868 0.0469368 0.1288791 0.0680884 0.0506058 0.1176782 0.1202038 0.0636298 0.0474465 0.0994229 0.1296922 0.0473377 0.0987751 0.0737966 0.0995376 0.1235395 0.1186545 0.1058842 0.1151406 0.1205585 0.1181305 0.1154085 0.1182344 0.1144415 0.1072315 0.1038265 0.1239938 0.0000000 0.1102302 0.1191672 0.0524836 0.0685244 0.1163044 0.1170331 0.1361324 0.1423400 0.1172301 0.1494655 0.1270305 0.0637760 0.0528882 0.0485871 0.1043590 0.0229315 0.1169112 0.1240123 0.0740631 0.0987751 0.1246342 0.0524363 0.1046507 0.1060562 0.1372354 0.0527810 0.1346167 0.0630555 0.1278556 0.0625099 0.0859236 0.1600133 0.1294387 0.1299406 0.1339223 0.1108444 0.1903141 0.1117995 0.1318366 0.1284755 
S1214sl       0.2010199 0.0941062 0.0985854 0.1184101 0.1279296 0.1288098 0.0483395 0.0872540 0.0880029 0.1013047 0.1336015 0.0875878 0.0784593 0.1166140 0.1071505 0.0595224 0.0740210 0.0704063 0.1406987 0.0927584 0.0587321 0.0995096 0.0698376 0.1409493 0.0489391 0.1703455 0.1083826 0.1440834 0.1480194 0.0486182 0.0604741 0.1251459 0.1178097 0.0433839 0.0592578 0.1102302 0.0000000 0.1423807 0.0872540 0.1053825 0.0377343 0.1098632 0.1045301 0.1103379 0.1045664 0.0664212 0.0447370 0.1005330 0.0880023 0.0829879 0.0045255 0.0925593 0.0232495 0.0383988 0.0999108 0.0587321 0.0995727 0.0995792 0.1097100 0.0234063 0.0650441 0.0992830 0.1270356 0.0877049 0.1189514 0.0877877 0.0828667 0.0706662 0.0538357 0.0987511 0.0665032 0.0428760 0.1065120 0.0593178 0.0591564 0.0530213 
S1223         0.2530073 0.1755057 0.1657158 0.1622173 0.0779486 0.1491999 0.1593743 0.1525031 0.1540504 0.1424428 0.1610014 0.1531348 0.1546041 0.1365715 0.1335131 0.1242166 0.1527547 0.0976758 0.0331420 0.1455241 0.1046888 0.1675308 0.1175516 0.1051392 0.1375594 0.2241582 0.0917379 0.0374590 0.0926216 0.1480627 0.1519392 0.0230507 0.0181851 0.1217015 0.1577357 0.1191672 0.1423807 0.0000000 0.1525031 0.1683882 0.1489955 0.1233521 0.1300904 0.1294956 0.1155964 0.1950253 0.1355087 0.1695825 0.1540357 0.1338461 0.1360881 0.1391306 0.1497517 0.1387618 0.1530254 0.1046888 0.1311410 0.1521968 0.1144745 0.1384968 0.1588237 0.1608976 0.1539066 0.1670560 0.1250917 0.1516066 0.1382028 0.1895737 0.1804216 0.1364715 0.1340357 0.1562905 0.1542335 0.1059805 0.1533032 0.1754683 
S1227         0.2440232 0.0327357 0.0089871 0.0328253 0.1479133 0.1645920 0.1060824 0.0000010 0.0090607 0.0613851 0.1304274 0.0631274 0.0106379 0.1190694 0.1092538 0.0431034 0.0000010 0.0889025 0.1650536 0.0135492 0.0762197 0.0183181 0.0767805 0.1378904 0.1144146 0.0729901 0.1288426 0.1544112 0.1450974 0.0923383 0.0945156 0.1477989 0.1397512 0.0934118 0.1132155 0.0524836 0.0872540 0.1525031 0.0000000 0.0429815 0.0930220 0.1308614 0.1252941 0.1314731 0.1065555 0.1233160 0.1190814 0.0091268 0.0090613 0.0282683 0.0816294 0.0374537 0.0935194 0.1000207 0.0381069 0.0762197 0.1137903 0.0090596 0.1305111 0.0828880 0.1124877 0.0182809 0.1362482 0.0280897 0.1151008 0.0182797 0.0700260 0.1338720 0.1173090 0.1191392 0.1089625 0.0877033 0.1598272 0.0884216 0.1071609 0.1046656 
S1235sl       0.2559538 0.0589935 0.0530894 0.0582090 0.1572679 0.1871303 0.1131221 0.0429815 0.0433090 0.0482866 0.1415529 0.0796481 0.0450288 0.1244045 0.1294704 0.0589164 0.0418276 0.1198179 0.1821008 0.0479456 0.1056899 0.0526817 0.1065260 0.1387095 0.1345287 0.0987999 0.1489520 0.1705829 0.1531980 0.1105892 0.0996162 0.1636597 0.1551261 0.1119443 0.1330600 0.0685244 0.1053825 0.1683882 0.0429815 0.0000000 0.1114473 0.1515838 0.1458717 0.1523371 0.1261520 0.1443404 0.0957607 0.0540197 0.0433105 0.0652405 0.0995096 0.0426973 0.1120373 0.1252332 0.0328782 0.1056899 0.1339647 0.0535694 0.1509583 0.1011246 0.1323033 0.0432216 0.1570919 0.0431774 0.1302145 0.0638882 0.0872756 0.1550047 0.1245556 0.1394204 0.1161031 0.1059655 0.1517278 0.0950545 0.1268634 0.1236239 
S1238sl       0.2107003 0.1000436 0.1045014 0.1247221 0.1279846 0.1109970 0.0282456 0.0930220 0.0938315 0.1013603 0.1158254 0.0933800 0.0918342 0.0991487 0.0895996 0.0648972 0.0812661 0.0759347 0.1475136 0.0985905 0.0535786 0.1054938 0.0645418 0.1159249 0.0385248 0.1786767 0.1261031 0.1508028 0.1280579 0.0331855 0.0441805 0.1315754 0.1240783 0.0282063 0.0595338 0.1163044 0.0377343 0.1489955 0.0930220 0.1114473 0.0000000 0.0927157 0.0874519 0.0930999 0.0874817 0.0343545 0.0657518 0.1065949 0.0938302 0.0887903 0.0328310 0.0983721 0.0330324 0.0332692 0.1059272 0.0535786 0.0824972 0.1055683 0.1157502 0.0332641 0.0492880 0.1052521 0.1095002 0.0935098 0.0982004 0.1052053 0.1002624 0.0388340 0.0437542 0.0707101 0.0498226 0.0234063 0.1000057 0.0541084 0.0387405 0.0281381 
S1239         0.2042069 0.1555664 0.1433762 0.1528372 0.1259370 0.0381756 0.0944757 0.1308614 0.1321120 0.1315459 0.0379323 0.1313872 0.1287221 0.0332760 0.0441646 0.1163761 0.1354282 0.0852426 0.1211147 0.1243086 0.0739445 0.1448612 0.0854208 0.1156835 0.0934689 0.1825640 0.1231638 0.1183935 0.1029620 0.1036118 0.1184702 0.0995336 0.0996284 0.0801270 0.1155961 0.1170331 0.1098632 0.1233521 0.1308614 0.1515838 0.0927157 0.0000000 0.0431953 0.0482447 0.0432092 0.1018144 0.1385981 0.1465296 0.1321038 0.1255123 0.1040169 0.1239913 0.0931030 0.1061069 0.1312894 0.0739445 0.0591154 0.1306329 0.0903426 0.1057011 0.0870946 0.1445142 0.0329003 0.1384128 0.0512492 0.1428111 0.1361635 0.1271862 0.1249110 0.0483140 0.1075638 0.0989393 0.1450899 0.0640255 0.0819668 0.1161950 
S1245         0.2275179 0.1599185 0.1377614 0.1605555 0.1089620 0.0696966 0.0948763 0.1252941 0.1264851 0.1168240 0.0533296 0.1516221 0.1221470 0.0485705 0.0495987 0.1109828 0.1362203 0.0693486 0.1410691 0.1312975 0.0584317 0.1391829 0.0694822 0.1223660 0.0828310 0.2148633 0.1181001 0.1444606 0.1332769 0.0869800 0.1010122 0.1254446 0.1180784 0.0642993 0.0986150 0.1361324 0.1045301 0.1300904 0.1252941 0.1458717 0.0874519 0.0431953 0.0000000 0.0044857 0.0485125 0.1109535 0.1311695 0.1407782 0.1264782 0.1199408 0.0987114 0.1309493 0.0878230 0.1066005 0.1257031 0.0584317 0.0231298 0.1250817 0.0965172 0.0872639 0.0931594 0.1388487 0.0582952 0.1327624 0.0576568 0.1372280 0.1306250 0.1215231 0.1193640 0.0136300 0.0902485 0.0936169 0.1321095 0.0590116 0.0879845 0.1108046 
S1246         0.2265808 0.1665688 0.1440668 0.1672414 0.1082946 0.0750677 0.1007043 0.1314731 0.1327374 0.1168240 0.0584813 0.1581066 0.1294310 0.0537094 0.0548557 0.1168903 0.1440059 0.0691392 0.1403970 0.1375297 0.0636289 0.1455687 0.0748363 0.1219673 0.0884937 0.2232942 0.1123313 0.1437855 0.1328429 0.0925910 0.1069226 0.1248668 0.1175421 0.0696092 0.1043620 0.1423400 0.1103379 0.1294956 0.1314731 0.1523371 0.0930999 0.0482447 0.0044857 0.0000000 0.0536450 0.1172090 0.1394757 0.1472568 0.1327290 0.1260943 0.1044597 0.1371549 0.0934902 0.1125358 0.1319057 0.0636289 0.0278957 0.1312417 0.0962183 0.0928929 0.0988658 0.1452179 0.0634786 0.1390780 0.0576568 0.1434944 0.1368025 0.1152438 0.1254869 0.0182637 0.0960934 0.0993582 0.1389228 0.0642665 0.0936718 0.1167080 
S1250sl       0.2062207 0.1395554 0.1185661 0.1400843 0.1264076 0.0590935 0.0949095 0.1065555 0.1075276 0.1181256 0.0583422 0.1192362 0.1001854 0.0536991 0.0188774 0.0991895 0.1203591 0.0801597 0.1255952 0.1123624 0.0689462 0.1263942 0.0746504 0.1041407 0.0943126 0.1972751 0.1179982 0.1291462 0.1031227 0.0983582 0.1070029 0.1110081 0.1040878 0.0750476 0.1102779 0.1172301 0.1045664 0.1155964 0.1065555 0.1261520 0.0874817 0.0432092 0.0485125 0.0536450 0.0000000 0.1171786 0.1311756 0.1210597 0.1075243 0.1013089 0.0987454 0.1120907 0.0994333 0.1066383 0.1068932 0.0689462 0.0488302 0.1063964 0.0964401 0.1003334 0.0931914 0.1194619 0.0480634 0.1194332 0.0161514 0.1181456 0.1182587 0.1277539 0.1194075 0.0434239 0.0899110 0.0936493 0.1321629 0.0590310 0.0880148 0.1108436 
S1332         0.2396153 0.1292901 0.1361844 0.1422631 0.1662914 0.1443872 0.0391512 0.1233160 0.1245255 0.1037813 0.1423211 0.1307657 0.1362643 0.1240063 0.1203175 0.0980124 0.1081511 0.1106380 0.1951272 0.1295123 0.0847676 0.1376371 0.0974278 0.1462009 0.0679963 0.2042800 0.1671884 0.1898150 0.1460953 0.0616837 0.0748117 0.1660705 0.1663858 0.0560217 0.0783433 0.1494655 0.0664212 0.1950253 0.1233160 0.1443404 0.0343545 0.1018144 0.1109535 0.1172090 0.1171786 0.0000000 0.1011905 0.1392671 0.1245188 0.1260530 0.0609316 0.1291597 0.0559470 0.0618030 0.1288168 0.0847676 0.1118575 0.1377436 0.1486793 0.0618402 0.0553537 0.1372949 0.1351703 0.1157170 0.1436338 0.1443802 0.1391199 0.0337024 0.0613254 0.1108494 0.0814517 0.0506823 0.1515980 0.0857088 0.0559798 0.0668901 
S1366         0.2487606 0.1210365 0.1349971 0.1451999 0.1601548 0.1378544 0.0737903 0.1190814 0.1117285 0.1015267 0.1641024 0.1118283 0.1134812 0.1379171 0.1327274 0.0730421 0.1190814 0.0979789 0.1312892 0.1267430 0.0809612 0.1269613 0.0969992 0.1671725 0.0747827 0.2123131 0.1441423 0.1254360 0.1739357 0.0663905 0.0826024 0.1123159 0.1116444 0.0665534 0.0983510 0.1270305 0.0447370 0.1355087 0.1190814 0.0957607 0.0657518 0.1385981 0.1311695 0.1394757 0.1311756 0.1011905 0.0000000 0.1388055 0.1205191 0.0978667 0.0514773 0.1027832 0.0383210 0.0456745 0.1197463 0.0809612 0.1143800 0.1360783 0.1300104 0.0588060 0.0742760 0.1281684 0.1630516 0.1199540 0.1565674 0.1280731 0.1131782 0.0986047 0.0745049 0.1229181 0.0749682 0.0514311 0.1035606 0.0585687 0.0827919 0.0874922 
S1369         0.2686922 0.0432475 0.0184427 0.0433712 0.1479133 0.1821257 0.1204630 0.0091268 0.0186001 0.0613851 0.1460244 0.0749376 0.0219354 0.1342348 0.1242527 0.0541757 0.0114457 0.1025418 0.1834805 0.0231745 0.0890354 0.0282107 0.0897215 0.1540420 0.1295446 0.0804678 0.1441763 0.1718141 0.1617017 0.1057738 0.1083757 0.1648217 0.1561978 0.1070687 0.1281256 0.0637760 0.1005330 0.1695825 0.0091268 0.0540197 0.1065949 0.1465296 0.1407782 0.1472568 0.1210597 0.1392671 0.1388055 0.0000000 0.0186011 0.0387376 0.0946532 0.0481031 0.1071681 0.1140629 0.0489804 0.0890354 0.1288182 0.0185970 0.1461274 0.0961885 0.1272328 0.0281526 0.1520803 0.0384867 0.1330344 0.0281498 0.0824436 0.1500658 0.1321207 0.1343186 0.1238695 0.1010856 0.1709024 0.1019550 0.1217522 0.1187913 
S1370         0.2471723 0.0329784 0.0183083 0.0330693 0.1499564 0.1662632 0.1070403 0.0090613 0.0091247 0.0482866 0.1316610 0.0636276 0.0107258 0.1201812 0.1102765 0.0434341 0.0113431 0.0896826 0.1668108 0.0136444 0.0768610 0.0279994 0.0774321 0.1392262 0.1154875 0.0665008 0.1300439 0.1559870 0.1465290 0.0931336 0.0953520 0.1492883 0.1411272 0.0942278 0.1142643 0.0528882 0.0880023 0.1540357 0.0090613 0.0433105 0.0938302 0.1321038 0.1264782 0.1327290 0.1075243 0.1245188 0.1205191 0.0186011 0.0000000 0.0284786 0.0823218 0.0377323 0.0943359 0.1069741 0.0383964 0.0768610 0.1148518 0.0184601 0.1317468 0.0836040 0.1259681 0.0184113 0.1375462 0.0282974 0.1163729 0.0279384 0.0706027 0.1351795 0.1124553 0.1202525 0.1099771 0.0884605 0.1616510 0.0891924 0.1205474 0.1055961 
S1375         0.2581215 0.0436313 0.0380906 0.0541487 0.1138579 0.1457684 0.1084966 0.0282683 0.0284773 0.0353136 0.1250964 0.0545256 0.0279112 0.1137481 0.1038691 0.0386704 0.0295874 0.0666851 0.1453659 0.0331104 0.0718661 0.0485889 0.0723982 0.1198257 0.0968366 0.1013814 0.1054967 0.1354740 0.1267425 0.0881333 0.0902299 0.1290766 0.1214235 0.0769296 0.0958463 0.0485871 0.0829879 0.1338461 0.0282683 0.0652405 0.0887903 0.1255123 0.1199408 0.1260943 0.1013089 0.1260530 0.0978667 0.0387376 0.0284786 0.0000000 0.0773235 0.0437637 0.0834310 0.0957998 0.0600680 0.0718661 0.1084530 0.0282485 0.1190373 0.0785222 0.1207606 0.0383199 0.1309082 0.0491435 0.1069272 0.0281691 0.0485165 0.1298308 0.1132501 0.1138140 0.1046941 0.0776467 0.1556286 0.0841029 0.1153139 0.1005224 
S1376         0.1932178 0.0883324 0.0928400 0.1123343 0.1194073 0.1227175 0.0534448 0.0816294 0.0823219 0.0873882 0.1275182 0.0819404 0.0784593 0.1106523 0.1011666 0.0542385 0.0673661 0.0649868 0.1342153 0.0870822 0.0535252 0.0937012 0.0644679 0.1347271 0.0437828 0.1625782 0.1026243 0.1376991 0.1416951 0.0434990 0.0550962 0.1189763 0.1117731 0.0383375 0.0539989 0.1043590 0.0045255 0.1360881 0.0816294 0.0995096 0.0328310 0.1040169 0.0987114 0.1044597 0.0987454 0.0609316 0.0514773 0.0946532 0.0823218 0.0773235 0.0000000 0.0869007 0.0280387 0.0434187 0.0940730 0.0535252 0.0937580 0.0937664 0.1038699 0.0186173 0.0596843 0.0934888 0.1210406 0.0820460 0.1118903 0.0821229 0.0772092 0.0652253 0.0590340 0.0929944 0.0610127 0.0378953 0.0999216 0.0540536 0.0539099 0.0479275 
