123
PAFTOL_019361 0.0000000 0.2792182 0.2657444 0.3884082 0.2891158 0.2634976 0.3834279 0.3644972 0.4058286 0.2914870 0.2060383 0.4067403 0.3733609 0.4101914 0.3833478 0.3174739 0.3494072 0.3299412 0.3625855 0.2903614 0.2898753 0.2830402 0.4029028 0.3242595 0.3360154 0.2947846 0.3023517 0.5058578 0.3670445 0.3094149 0.3948769 0.3444633 0.4113305 0.3835849 0.2902111 0.2807906 0.3597927 0.2879043 0.3658017 0.3390166 0.2911636 0.2834801 0.3652989 0.3830873 0.3001330 0.3680194 0.3670899 0.2875996 0.2878713 0.2807917 0.2822075 0.2849341 0.2901731 0.2934933 0.3375394 0.3472614 0.3044305 0.3346299 0.4437634 0.3350216 0.3185584 0.2924495 0.3328161 0.3690521 0.3146778 0.3693636 0.2835707 0.3646963 0.3082059 0.3531339 0.3066193 0.4514341 0.3547639 0.2837484 0.2947873 0.3017161 0.3395540 0.3236562 0.3262205 0.3524246 0.2999680 0.3807713 0.2996393 0.3496229 0.3696897 0.2778187 0.3441413 0.3343440 0.3228580 0.2841872 0.2676277 0.3360717 0.4230225 0.3182182 0.2897150 0.3984907 0.3775163 0.3930376 0.2976345 0.2888461 0.3658357 0.2937951 0.3513814 0.2886955 0.3014418 0.4224422 0.3188384 0.3026619 0.3791573 0.3169563 0.3181898 0.2903103 0.3520959 0.3254029 0.3260475 0.3473067 0.3383526 0.3512086 0.3909606 0.2985881 0.3294944 0.3488017 0.3846423 
S0055         0.2792182 0.0000000 0.0687091 0.1620540 0.0875917 0.0337755 0.1479735 0.1482967 0.1325060 0.0483953 0.0204975 0.1972401 0.1458723 0.1700306 0.1292008 0.1007826 0.1182303 0.1096944 0.1359600 0.0663052 0.0467830 0.0547997 0.1365017 0.0816722 0.0993280 0.0796057 0.0801630 0.1531750 0.1324945 0.0729442 0.1413855 0.1258015 0.1407547 0.1375841 0.0511112 0.0453904 0.1432702 0.0949751 0.1089390 0.0766978 0.0482953 0.0912577 0.1276576 0.2039493 0.0945862 0.1405941 0.1286975 0.0495093 0.0795873 0.0452279 0.0766703 0.0777956 0.0958721 0.0983495 0.1194304 0.1037741 0.0973823 0.0788620 0.1268797 0.1087742 0.0906048 0.0892698 0.0975675 0.1271526 0.1186133 0.1909526 0.0766715 0.1910548 0.1047132 0.1234271 0.0823191 0.1732052 0.1895840 0.0419774 0.0523196 0.0786890 0.1093033 0.1080328 0.1073531 0.1324643 0.1119104 0.1615145 0.1033764 0.1218125 0.1357446 0.0503384 0.1278478 0.1143728 0.1193762 0.0515886 0.0464499 0.0421574 0.1836275 0.0703169 0.0940408 0.1269631 0.1445465 0.1743810 0.0458207 0.0741735 0.1279791 0.0874951 0.1035549 0.0496287 0.0913644 0.1533788 0.0947438 0.0577262 0.1566965 0.0502045 0.1103497 0.0463499 0.0775406 0.1090254 0.1206527 0.1149662 0.1112430 0.1009055 0.1539187 0.0815746 0.0932443 0.0885584 0.1062070 
S0196sl       0.2657444 0.0687091 0.0000000 0.1639979 0.0750943 0.0734957 0.1324265 0.1521003 0.1513451 0.0833303 0.0541635 0.1921077 0.1531637 0.1760689 0.1195661 0.1125347 0.1376674 0.1219639 0.1238913 0.0767526 0.0842833 0.0955632 0.1170275 0.0972154 0.1026178 0.0245982 0.0981200 0.1501371 0.1246468 0.0805994 0.1464450 0.1274250 0.1404252 0.1464913 0.0921664 0.0842839 0.1387457 0.0955527 0.1155099 0.1010924 0.0822809 0.0639723 0.1198941 0.2110366 0.1041299 0.1293572 0.1431448 0.0837805 0.0244771 0.0771237 0.0231284 0.0213580 0.0712025 0.1014286 0.1197395 0.0906611 0.0959546 0.0768600 0.1188154 0.0982023 0.1301919 0.0764201 0.0953002 0.1311011 0.1042973 0.1823344 0.0199415 0.1913907 0.0954672 0.1260745 0.0914224 0.1922026 0.1850065 0.0767774 0.0917694 0.0911691 0.1038321 0.0947971 0.1033646 0.1208079 0.1098494 0.1564726 0.1050585 0.1090491 0.1234254 0.0846039 0.1305218 0.1269382 0.1259109 0.0870201 0.0801483 0.0978267 0.1971110 0.1013203 0.1073607 0.1554237 0.1615670 0.1698887 0.0810001 0.0229806 0.1286944 0.0742873 0.1030708 0.0857426 0.0760739 0.1724714 0.1026908 0.0869661 0.1592289 0.0856955 0.1170752 0.0824836 0.0940665 0.1366856 0.1272968 0.1103958 0.1101369 0.1012322 0.1665373 0.0583998 0.0958098 0.0981509 0.1072684 
S0278         0.3884082 0.1620540 0.1639979 0.0000000 0.1347423 0.1554010 0.2350247 0.0747796 0.1784061 0.1697043 0.1126629 0.1011742 0.2084372 0.0880730 0.2164890 0.1100475 0.1727741 0.1544170 0.2267118 0.1558377 0.1822754 0.1885880 0.0898259 0.1768161 0.0913653 0.1637124 0.1572136 0.1322617 0.2237677 0.1050282 0.2087882 0.2114581 0.2197489 0.0544384 0.1755002 0.1752909 0.0634335 0.1224808 0.1274732 0.1852925 0.1815544 0.1692491 0.2129146 0.2664181 0.1829423 0.2249936 0.1916729 0.1849923 0.1616927 0.1728901 0.1568736 0.1526339 0.1725254 0.1213806 0.2081076 0.1143722 0.1138351 0.1474517 0.0701087 0.1858541 0.2384078 0.1682303 0.1834803 0.2141650 0.1865208 0.2621229 0.1545173 0.2539483 0.1540581 0.2013680 0.1567872 0.1821079 0.2544545 0.1701263 0.1796285 0.1407760 0.0758996 0.1100742 0.1106069 0.2129569 0.1443511 0.0489849 0.2013556 0.2047949 0.2259652 0.1846193 0.2178576 0.1666469 0.1626779 0.1729080 0.1774610 0.1978506 0.2132414 0.1698421 0.1351372 0.1878173 0.1798394 0.0911869 0.1725420 0.1514922 0.0744647 0.1671143 0.1259123 0.1732517 0.1654048 0.1819975 0.1639817 0.1943179 0.0647991 0.1660118 0.1305243 0.1742177 0.1768454 0.1654783 0.1902264 0.1208703 0.1527791 0.1658850 0.2039654 0.1561960 0.1691062 0.1687226 0.1824255 
S0281         0.2891158 0.0875917 0.0750943 0.1347423 0.0000000 0.0796871 0.1416911 0.1268832 0.1354494 0.0848619 0.0562683 0.1589851 0.1450944 0.1595143 0.1287097 0.1070406 0.1172751 0.0992881 0.1389925 0.0962183 0.0948247 0.1073803 0.1241191 0.0960147 0.1032702 0.0740836 0.1038945 0.1304655 0.1305752 0.0904459 0.1381930 0.1286470 0.1304801 0.1301003 0.0932664 0.0958904 0.1266737 0.1027296 0.1104600 0.1000956 0.0968532 0.0682321 0.1349508 0.2234154 0.1029047 0.1356112 0.1397016 0.0983505 0.0738567 0.0939170 0.0726235 0.0733263 0.0714294 0.1045773 0.1227697 0.0893211 0.0974620 0.0851994 0.1343464 0.1199244 0.1411034 0.0757658 0.1027757 0.1259204 0.1069768 0.1929861 0.0697232 0.1871329 0.0966343 0.1178968 0.0924539 0.1511658 0.1897726 0.0957794 0.1040585 0.0874410 0.0929473 0.0834457 0.0882596 0.1291203 0.1129363 0.1396392 0.1105838 0.1164420 0.1361781 0.0980302 0.1253085 0.1070158 0.1197693 0.0995108 0.0942211 0.1103206 0.1670634 0.0945041 0.1019397 0.1418184 0.1479857 0.1472362 0.0978272 0.0709926 0.1198149 0.0715752 0.1094208 0.0973758 0.0664977 0.1486259 0.1058519 0.1080240 0.1339106 0.0920212 0.1188217 0.0946822 0.0990006 0.1132101 0.1139105 0.0919428 0.1108914 0.1016502 0.1705372 0.0747148 0.1071273 0.1047781 0.1093071 
S0282         0.2634976 0.0337755 0.0734957 0.1554010 0.0796871 0.0000000 0.1403173 0.1483000 0.1357748 0.0000024 0.0147424 0.1944047 0.1379498 0.1781016 0.1292827 0.0942743 0.1217924 0.1132165 0.1363389 0.0686567 0.0049080 0.0171596 0.1430014 0.0787842 0.0992061 0.0750476 0.0833011 0.1537021 0.1297306 0.0771251 0.1413037 0.1198117 0.1340055 0.1430946 0.0235622 0.0069173 0.1468049 0.0861190 0.1050111 0.0764160 0.0089960 0.0852118 0.1252387 0.2113539 0.0859827 0.1356400 0.1310028 0.0141951 0.0759162 0.0039026 0.0747362 0.0767504 0.0912999 0.0936630 0.1100951 0.0923620 0.0896817 0.0740434 0.1404529 0.1047409 0.0678708 0.0889294 0.1016355 0.1303452 0.1171643 0.1982275 0.0717092 0.1953982 0.1002666 0.1254110 0.0705810 0.1720758 0.1923281 0.0069101 0.0404961 0.0751629 0.1045058 0.0993599 0.1040869 0.1246514 0.1064227 0.1512909 0.1038158 0.1156539 0.1296661 0.0110192 0.1230394 0.1186637 0.1140828 0.0099767 0.0099107 0.0628946 0.1784167 0.0651237 0.0949481 0.1332880 0.1523632 0.1770728 0.0293222 0.0731577 0.1282797 0.0871181 0.0955833 0.0089974 0.0884521 0.1545634 0.0987318 0.0193883 0.1581353 0.0523978 0.1053255 0.0299447 0.0721803 0.1192553 0.1221727 0.1099035 0.1119569 0.0973621 0.1511367 0.0757147 0.1003146 0.0860311 0.1029204 
S0288         0.3834279 0.1479735 0.1324265 0.2350247 0.1416911 0.1403173 0.0000000 0.2086749 0.2082233 0.1506267 0.1079579 0.2689422 0.1144820 0.2345841 0.0273466 0.1918512 0.1958385 0.1753037 0.0348924 0.1631473 0.1593721 0.1660160 0.1954632 0.1707137 0.1648617 0.1601503 0.1745281 0.1420187 0.0261305 0.1444516 0.2180956 0.1356291 0.0356624 0.2137969 0.1642633 0.1513060 0.2104367 0.1572542 0.1645087 0.1787879 0.1555184 0.1695442 0.0260413 0.3221283 0.1631262 0.0252030 0.2172020 0.1553240 0.1649636 0.1585067 0.1560361 0.1621300 0.1661223 0.1713039 0.1167889 0.1678834 0.1639056 0.1415969 0.2158905 0.0793097 0.2123153 0.1588562 0.1871737 0.1224481 0.1172813 0.2816499 0.1592541 0.2839772 0.1714851 0.1192861 0.1624088 0.2288414 0.2817043 0.1549504 0.1641026 0.1540775 0.1716112 0.1678148 0.1745503 0.0252581 0.1771110 0.2252930 0.1138108 0.0131443 0.0273972 0.1592426 0.1263556 0.1956729 0.1752886 0.1609659 0.1547868 0.1828735 0.2121947 0.1695251 0.1508304 0.2108905 0.2130561 0.2493992 0.1539848 0.1576457 0.2072452 0.1547229 0.1609215 0.1474675 0.1513591 0.2148539 0.1614302 0.1542934 0.2293518 0.1698051 0.1830340 0.1761408 0.1594577 0.1838003 0.1940055 0.1595290 0.1713820 0.1690698 0.2262295 0.1619751 0.1660588 0.1893291 0.1655294 
S0289         0.3644972 0.1482967 0.1521003 0.0747796 0.1268832 0.1483000 0.2086749 0.0000000 0.1436264 0.1589088 0.0999600 0.0997436 0.1858726 0.0860617 0.1874457 0.1156765 0.1521068 0.1451112 0.1983935 0.1480261 0.1672216 0.1751948 0.0797901 0.1640897 0.0889245 0.1547572 0.1482487 0.1037311 0.2042934 0.1006070 0.1958186 0.1955837 0.1850718 0.0739881 0.1517293 0.1573314 0.0711432 0.1206928 0.1108158 0.1629070 0.1659931 0.1601525 0.1932552 0.2669179 0.1752490 0.1989679 0.1814919 0.1750736 0.1560378 0.1573821 0.1511891 0.1498946 0.1696052 0.1164817 0.1927615 0.0985243 0.1154120 0.1333451 0.0679818 0.1759098 0.2328029 0.1668975 0.1758296 0.2012072 0.1698416 0.2612900 0.1488415 0.2541200 0.1403776 0.1887220 0.1442070 0.1753436 0.2499383 0.1594540 0.1720456 0.1295202 0.0743115 0.1011075 0.1062397 0.1951040 0.1458015 0.0750319 0.1893472 0.1799691 0.2030439 0.1661161 0.1988430 0.1561034 0.1485364 0.1620034 0.1642283 0.1849206 0.1864422 0.1609355 0.1280113 0.1673415 0.1462023 0.0718209 0.1580964 0.1504260 0.0646310 0.1626919 0.1103534 0.1552251 0.1597622 0.1595756 0.1459978 0.1854010 0.0852757 0.1578629 0.1269165 0.1529575 0.1662996 0.1547542 0.1639713 0.1166086 0.1382372 0.1543898 0.2007613 0.1482536 0.1401917 0.1593700 0.1608002 
S0292         0.4058286 0.1325060 0.1513451 0.1784061 0.1354494 0.1357748 0.2082233 0.1436264 0.0000000 0.1510087 0.1039710 0.2247449 0.1985270 0.1962814 0.1892138 0.1667002 0.1271787 0.1317726 0.2043779 0.1628445 0.1543620 0.1646965 0.1479816 0.1642158 0.1388564 0.1648691 0.1836136 0.1219390 0.1913989 0.1384531 0.2006199 0.1887529 0.1924080 0.1691126 0.1378654 0.1459836 0.1619492 0.1573652 0.1512816 0.1563483 0.1452505 0.1585879 0.1929239 0.3242567 0.1701584 0.1955717 0.1951153 0.1531118 0.1630490 0.1460243 0.1573906 0.1600508 0.1629433 0.1568818 0.1842703 0.1304511 0.1531804 0.1218854 0.1250707 0.1653032 0.2267304 0.1851253 0.2024805 0.2007755 0.1826871 0.3076233 0.1573792 0.2956327 0.1128334 0.1929677 0.1588078 0.1090868 0.2940132 0.1464263 0.1552241 0.1096800 0.1308108 0.1351574 0.1381972 0.1892243 0.1814276 0.1835341 0.1728143 0.1813454 0.1880015 0.1532157 0.1882688 0.1348424 0.0576175 0.1489254 0.1500412 0.1557531 0.1094391 0.1572468 0.1613081 0.0414484 0.0384383 0.1867494 0.1439969 0.1589523 0.1374952 0.1807609 0.1416389 0.1500485 0.1776825 0.0752056 0.1162408 0.1689529 0.1717782 0.1560490 0.1635389 0.1512850 0.1621220 0.1435763 0.1389084 0.1513609 0.1053825 0.1469135 0.2295907 0.1550504 0.1168592 0.1710747 0.1503566 
S0293         0.2914870 0.0483953 0.0833303 0.1697043 0.0848619 0.0000024 0.1506267 0.1589088 0.1510087 0.0000000 0.0177608 0.2119250 0.1490708 0.1846178 0.1422117 0.1000765 0.1370810 0.1296104 0.1413502 0.0810946 0.0134287 0.0243647 0.1544225 0.0928900 0.1053449 0.0865765 0.1002569 0.1575310 0.1393183 0.0875704 0.1525688 0.1355878 0.1462573 0.1559947 0.0334197 0.0155997 0.1558579 0.0972867 0.1153328 0.0854856 0.0168095 0.0906602 0.1364135 0.2308017 0.1012555 0.1438932 0.1475985 0.0224094 0.0863098 0.0123472 0.0834667 0.0842115 0.0966891 0.1051643 0.1208429 0.1004584 0.1009810 0.0872972 0.1472474 0.1113111 0.0786753 0.0956053 0.1169981 0.1421009 0.1272152 0.2193211 0.0817270 0.2166101 0.1151642 0.1417583 0.0856810 0.1898303 0.2138935 0.0145178 0.0470705 0.0866561 0.1120377 0.1113346 0.1163483 0.1357063 0.1174632 0.1635085 0.1167175 0.1261697 0.1411011 0.0178664 0.1295749 0.1357473 0.1258860 0.0189116 0.0177026 0.0776091 0.1941314 0.0768310 0.1053431 0.1507539 0.1669055 0.1871335 0.0363365 0.0817515 0.1380238 0.0923235 0.1021856 0.0156867 0.0922398 0.1754746 0.1167156 0.0280162 0.1730459 0.0604926 0.1161334 0.0367338 0.0807112 0.1342404 0.1393492 0.1194515 0.1232394 0.1144402 0.1646077 0.0842633 0.1186750 0.0980273 0.1008106 
S0294         0.2060383 0.0204975 0.0541635 0.1126629 0.0562683 0.0147424 0.1079579 0.0999600 0.1039710 0.0177608 0.0000000 0.1420994 0.1072526 0.1222907 0.0937358 0.0645580 0.0880843 0.0784723 0.0981835 0.0466863 0.0215533 0.0310508 0.1023475 0.0425640 0.0729112 0.0521765 0.0587908 0.0752040 0.0994656 0.0454059 0.0883899 0.0942773 0.1000666 0.1012356 0.0249537 0.0226601 0.0996913 0.0663544 0.0733790 0.0469866 0.0252440 0.0615563 0.0937567 0.1489530 0.0544438 0.1055177 0.0891306 0.0276723 0.0477243 0.0179059 0.0479566 0.0502991 0.0649087 0.0681339 0.0799852 0.0630549 0.0652252 0.0520012 0.0809587 0.0800044 0.0451880 0.0643750 0.0680285 0.0968265 0.0812354 0.1366053 0.0465404 0.1356879 0.0598713 0.0940222 0.0463440 0.1391570 0.1411032 0.0190269 0.0425904 0.0485873 0.0742234 0.0617830 0.0689457 0.0946864 0.0777213 0.1070040 0.0809432 0.0871942 0.0978585 0.0203210 0.0904480 0.0761418 0.0809386 0.0238831 0.0225595 0.0445328 0.1454192 0.0440622 0.0644943 0.1016021 0.1161738 0.1251421 0.0326797 0.0464453 0.0877937 0.0627789 0.0663958 0.0227895 0.0627675 0.1248339 0.0634917 0.0312975 0.1137956 0.0389954 0.0713466 0.0296349 0.0388818 0.0781944 0.0867677 0.0779175 0.0775951 0.0724254 0.1045398 0.0513394 0.0684640 0.0587374 0.0720684 
S0299         0.4067403 0.1972401 0.1921077 0.1011742 0.1589851 0.1944047 0.2689422 0.0997436 0.2247449 0.2119250 0.1420994 0.0000000 0.2386154 0.0979268 0.2523835 0.1749006 0.2102730 0.1957035 0.2599781 0.1890344 0.2183550 0.2216779 0.1628527 0.2231761 0.1580083 0.2028162 0.2032805 0.1790212 0.2565754 0.1554701 0.2474427 0.2493693 0.2536495 0.1000504 0.2111797 0.2153146 0.1095162 0.1594057 0.1751972 0.2381235 0.2187288 0.2072472 0.2438902 0.2815144 0.2146597 0.2581499 0.2247699 0.2177276 0.2060058 0.2082736 0.2035229 0.1951427 0.2170125 0.1650072 0.2597041 0.1551575 0.1604319 0.1951982 0.1068724 0.2310177 0.2826954 0.2076353 0.2370826 0.2507171 0.2281883 0.2637656 0.1971142 0.2654866 0.1933480 0.2422533 0.2002877 0.2180284 0.2628891 0.2142571 0.2243115 0.1957110 0.1264012 0.1533370 0.1597059 0.2479268 0.1892582 0.1028745 0.2539827 0.2347678 0.2589918 0.2222842 0.2640507 0.2029933 0.2150821 0.2177423 0.2212950 0.2401465 0.2565967 0.2302458 0.1716138 0.2362348 0.2325601 0.0837263 0.2094287 0.2024414 0.1404795 0.2064279 0.1708789 0.2101620 0.1995264 0.2204794 0.2102436 0.2408362 0.1050183 0.2188414 0.1721802 0.2041925 0.2192019 0.2083155 0.2150152 0.1574131 0.1806407 0.2139291 0.2335915 0.1994490 0.2113015 0.1991546 0.2455106 
S0308         0.3733609 0.1458723 0.1531637 0.2084372 0.1450944 0.1379498 0.1144820 0.1858726 0.1985270 0.1490708 0.1072526 0.2386154 0.0000000 0.2203503 0.1055758 0.1783816 0.1944838 0.1775254 0.1110321 0.1631758 0.1591105 0.1686525 0.1953637 0.1724189 0.1679390 0.1616131 0.1576805 0.1930483 0.1075382 0.1515216 0.2108713 0.1447047 0.1159060 0.1959430 0.1611419 0.1550443 0.1830631 0.1699141 0.1838995 0.1745551 0.1605762 0.1582412 0.1020398 0.2823185 0.1618882 0.1086860 0.1934920 0.1631214 0.1592069 0.1495730 0.1529274 0.1572504 0.1650271 0.1727817 0.1171239 0.1766941 0.1632646 0.1625730 0.1864963 0.0780224 0.2174784 0.1495606 0.2030676 0.1319990 0.1187787 0.2609946 0.1544182 0.2618530 0.1587832 0.1267869 0.1516506 0.2389686 0.2575364 0.1516412 0.1624367 0.1476973 0.1657595 0.1665080 0.1743225 0.1035170 0.1841467 0.2126203 0.1027590 0.0915697 0.1022004 0.1580734 0.1252763 0.1818998 0.1742237 0.1612830 0.1548217 0.1726793 0.2342255 0.1571592 0.1570111 0.1969898 0.1985246 0.2214174 0.1522649 0.1545798 0.1962755 0.1485732 0.1767104 0.1543607 0.1452843 0.2123671 0.1616875 0.1673404 0.1957455 0.1584956 0.1783122 0.1550762 0.1670547 0.1861287 0.1844505 0.1528133 0.1724588 0.1763882 0.2228878 0.1717992 0.1676486 0.1609927 0.1846077 
S0320         0.4101914 0.1700306 0.1760689 0.0880730 0.1595143 0.1781016 0.2345841 0.0860617 0.1962814 0.1846178 0.1222907 0.0979268 0.2203503 0.0000000 0.2133746 0.1303708 0.1869349 0.1688901 0.2265423 0.1623054 0.1982270 0.2011682 0.0941125 0.2035987 0.1110610 0.1884242 0.1819988 0.1155235 0.2251766 0.1258977 0.2240825 0.2250034 0.2128472 0.0907565 0.1838016 0.1928264 0.0833655 0.1368478 0.1286235 0.2106815 0.1995808 0.1979352 0.2136263 0.3037211 0.2032927 0.2265018 0.2202841 0.1943911 0.1851401 0.1905469 0.1827293 0.1780594 0.1997915 0.1416635 0.2237784 0.1193952 0.1330248 0.1656674 0.0890133 0.2020611 0.2403748 0.2096441 0.2103339 0.2293768 0.2064402 0.2804461 0.1767869 0.2875496 0.1616006 0.2161363 0.1819879 0.1993831 0.2909826 0.1933304 0.2040374 0.1661061 0.0982905 0.1211531 0.1204132 0.2189238 0.1616210 0.0957687 0.2045401 0.2085986 0.2235974 0.2006807 0.2313238 0.1792646 0.1796963 0.1981208 0.1999369 0.2087040 0.2334953 0.2002744 0.1360995 0.2051008 0.2020624 0.0595280 0.1949002 0.1784559 0.0942273 0.2084364 0.1304106 0.1888175 0.2066542 0.1981522 0.1735424 0.2127515 0.0919247 0.1983204 0.1476954 0.1927743 0.2023009 0.1797647 0.1890828 0.1259664 0.1547315 0.1888693 0.2197483 0.1742367 0.1741730 0.1858066 0.2028116 
S0322         0.3833478 0.1292008 0.1195661 0.2164890 0.1287097 0.1292827 0.0273466 0.1874457 0.1892138 0.1422117 0.0937358 0.2523835 0.1055758 0.2133746 0.0000000 0.1737734 0.1954268 0.1719592 0.0204260 0.1431352 0.1397060 0.1505321 0.1875742 0.1557603 0.1529510 0.1428015 0.1503055 0.2061296 0.0225916 0.1269813 0.2144065 0.1222886 0.0261739 0.1932612 0.1516036 0.1335533 0.1900540 0.1467808 0.1569769 0.1568656 0.1354777 0.1507153 0.0094425 0.2955940 0.1536532 0.0137208 0.2073356 0.1441722 0.1430692 0.1377301 0.1354136 0.1401001 0.1446230 0.1492930 0.0964547 0.1506454 0.1471444 0.1268436 0.2088044 0.0647787 0.1874079 0.1387720 0.1788444 0.0981614 0.0997597 0.2623582 0.1350980 0.2608140 0.1556280 0.0976614 0.1445268 0.2221852 0.2572713 0.1353655 0.1518247 0.1348848 0.1571589 0.1478079 0.1562558 0.0239191 0.1660705 0.2046460 0.0987739 0.0142584 0.0273834 0.1437166 0.1080601 0.1902935 0.1643711 0.1413258 0.1355076 0.1695361 0.2106172 0.1526677 0.1400752 0.1943546 0.1993682 0.2290843 0.1387365 0.1371600 0.1832709 0.1331004 0.1517425 0.1333540 0.1361174 0.1984186 0.1520745 0.1502538 0.2144460 0.1548923 0.1687908 0.1508986 0.1415417 0.1797138 0.1884385 0.1443927 0.1523447 0.1518532 0.2150128 0.1430503 0.1563085 0.1669811 0.1336372 
S0327         0.3174739 0.1007826 0.1125347 0.1100475 0.1070406 0.0942743 0.1918512 0.1156765 0.1667002 0.1000765 0.0645580 0.1749006 0.1783816 0.1303708 0.1737734 0.0000000 0.1379125 0.1324196 0.1852521 0.1086279 0.1101978 0.1184939 0.0921313 0.1136333 0.0574972 0.1119588 0.1249663 0.0829725 0.1831075 0.0634404 0.1634770 0.1660902 0.1817732 0.0956996 0.1128609 0.1034024 0.1038477 0.0718706 0.0986697 0.1343931 0.1121851 0.1118199 0.1699075 0.2312324 0.1202590 0.1835013 0.1293688 0.1122179 0.1102520 0.1041572 0.1074242 0.1065514 0.1179783 0.0698114 0.1606815 0.0877055 0.0723783 0.1055716 0.1015247 0.1393475 0.1567652 0.1232530 0.1270198 0.1676697 0.1485669 0.2181988 0.1040758 0.2065843 0.1039392 0.1563362 0.1190707 0.1848290 0.2104151 0.1038143 0.1269311 0.0920764 0.0658119 0.0918298 0.0917718 0.1765444 0.0851284 0.1074840 0.1383486 0.1642081 0.1898635 0.1091049 0.1774166 0.1431996 0.1542082 0.1115567 0.1079472 0.1340784 0.1933181 0.1185471 0.0757036 0.1602415 0.1744514 0.1343975 0.1109854 0.1040870 0.0859442 0.1196646 0.0901031 0.1011150 0.1196894 0.1717573 0.1198194 0.1257676 0.1142526 0.1131230 0.0800315 0.1107207 0.1208073 0.1435628 0.1534708 0.0889587 0.1310545 0.1228403 0.1790670 0.1030533 0.1291858 0.1354943 0.1220689 
S0335         0.3494072 0.1182303 0.1376674 0.1727741 0.1172751 0.1217924 0.1958385 0.1521068 0.1271787 0.1370810 0.0880843 0.2102730 0.1944838 0.1869349 0.1954268 0.1379125 0.0000000 0.0606275 0.2018509 0.1469876 0.1401048 0.1442123 0.1396769 0.1536178 0.1325040 0.1370795 0.1578963 0.1902175 0.1954227 0.1221310 0.1948257 0.1845755 0.1900406 0.1661023 0.1249913 0.1248142 0.1608451 0.1357090 0.1564289 0.1528516 0.1382281 0.1258379 0.1909359 0.2842187 0.1553184 0.1896261 0.1654496 0.1393881 0.1379740 0.1262038 0.1327371 0.1389768 0.1339434 0.1394010 0.1941635 0.1260763 0.1359416 0.0996347 0.1310149 0.1657464 0.1944423 0.1495541 0.1495588 0.1846622 0.1624607 0.2732417 0.1349008 0.2638162 0.0834573 0.1825671 0.1378602 0.1438495 0.2627412 0.1346891 0.1417970 0.1014357 0.1217716 0.1272039 0.1344662 0.1869560 0.1553878 0.1794918 0.1613979 0.1791950 0.1877726 0.1375627 0.1910226 0.0660324 0.0975362 0.1354585 0.1344602 0.1351736 0.1494383 0.1541260 0.1378983 0.1311163 0.1285781 0.1750308 0.1298518 0.1364065 0.1455416 0.1456679 0.1351296 0.1305876 0.1456985 0.1377750 0.0777010 0.1540087 0.1748844 0.1328622 0.1504578 0.1334494 0.1476976 0.0745980 0.0538252 0.1441199 0.1027040 0.1242037 0.1968803 0.1230229 0.0760787 0.1654636 0.1386478 
S0345         0.3299412 0.1096944 0.1219639 0.1544170 0.0992881 0.1132165 0.1753037 0.1451112 0.1317726 0.1296104 0.0784723 0.1957035 0.1775254 0.1688901 0.1719592 0.1324196 0.0606275 0.0000000 0.1775621 0.1314740 0.1311530 0.1303464 0.1273438 0.1300770 0.1193933 0.1265814 0.1398890 0.1437889 0.1681773 0.1112371 0.1745980 0.1667960 0.1743802 0.1415247 0.1204053 0.1232996 0.1452284 0.1211205 0.1354033 0.1483992 0.1323554 0.1189921 0.1683986 0.2613643 0.1364050 0.1717689 0.1700024 0.1337218 0.1241000 0.1226573 0.1163356 0.1237228 0.1225922 0.1252018 0.1665513 0.1146083 0.1239029 0.0922841 0.1143714 0.1515898 0.1799331 0.1282233 0.1419461 0.1656706 0.1452465 0.2423813 0.1197673 0.2314095 0.0807186 0.1608038 0.1195317 0.1233074 0.2331503 0.1259362 0.1315712 0.0952099 0.1132477 0.1102712 0.1163862 0.1616902 0.1373496 0.1557088 0.1487153 0.1529701 0.1669346 0.1316416 0.1658432 0.0259175 0.0851483 0.1281018 0.1272841 0.1313959 0.1317383 0.1402224 0.1277523 0.1326233 0.1330917 0.1548286 0.1247522 0.1183344 0.1240076 0.1246222 0.1167741 0.1211872 0.1246478 0.1227296 0.0773774 0.1439266 0.1527503 0.1257450 0.1342915 0.1291565 0.1440315 0.0196655 0.0619618 0.1220041 0.0986397 0.1119511 0.1885595 0.1092738 0.0804043 0.1397015 0.1382091 
S0355         0.3625855 0.1359600 0.1238913 0.2267118 0.1389925 0.1363389 0.0348924 0.1983935 0.2043779 0.1413502 0.0981835 0.2599781 0.1110321 0.2265423 0.0204260 0.1852521 0.2018509 0.1775621 0.0000000 0.1497576 0.1504327 0.1571575 0.1942644 0.1659805 0.1638951 0.1483550 0.1631098 0.2058987 0.0324941 0.1383475 0.2175868 0.1296262 0.0342061 0.2004576 0.1631009 0.1449004 0.1970822 0.1562800 0.1619662 0.1669229 0.1466284 0.1602996 0.0187703 0.3000257 0.1567786 0.0250563 0.2170326 0.1528871 0.1483399 0.1434538 0.1397154 0.1440842 0.1635332 0.1669659 0.1089950 0.1661699 0.1629348 0.1361508 0.2165617 0.0641578 0.1992643 0.1515296 0.1828730 0.1082656 0.1029065 0.2690196 0.1412995 0.2712600 0.1668184 0.1059777 0.1556882 0.2465987 0.2666851 0.1445492 0.1535756 0.1421575 0.1715948 0.1605374 0.1671358 0.0304578 0.1776867 0.2132468 0.1060471 0.0205424 0.0315551 0.1523042 0.1212407 0.1980810 0.1738932 0.1519906 0.1446229 0.1762745 0.2326160 0.1657695 0.1482856 0.2099690 0.2169603 0.2463352 0.1450960 0.1428564 0.2006869 0.1475162 0.1624848 0.1431183 0.1442280 0.2192529 0.1618148 0.1498239 0.2284149 0.1550456 0.1751402 0.1556830 0.1482285 0.1827681 0.2036870 0.1554685 0.1702826 0.1582489 0.2235191 0.1499247 0.1648132 0.1764292 0.1549972 
S0376         0.2903614 0.0663052 0.0767526 0.1558377 0.0962183 0.0686567 0.1631473 0.1480261 0.1628445 0.0810946 0.0466863 0.1890344 0.1631758 0.1623054 0.1431352 0.1086279 0.1469876 0.1314740 0.1497576 0.0000000 0.0826147 0.0874967 0.1238109 0.0847564 0.1014852 0.0856303 0.0450256 0.1506433 0.1479953 0.0909818 0.1511919 0.1469662 0.1481111 0.1344168 0.0866575 0.0808691 0.1437036 0.1060960 0.1128213 0.0911913 0.0855703 0.0952782 0.1445244 0.2264617 0.0950809 0.1521017 0.1483432 0.0847603 0.0839546 0.0759283 0.0843730 0.0838017 0.1027115 0.1075987 0.1294384 0.1096364 0.1049874 0.0915773 0.1159261 0.1239163 0.1255885 0.0937868 0.1138129 0.1348068 0.1344576 0.1957748 0.0814021 0.1996939 0.1206775 0.1293777 0.0868668 0.1894270 0.1991796 0.0756925 0.0841605 0.0860200 0.1123058 0.1073843 0.1062328 0.1438117 0.1195412 0.1424504 0.1256280 0.1337923 0.1522750 0.0854278 0.1459063 0.1367677 0.1535530 0.0868358 0.0819895 0.1014984 0.2082649 0.0803908 0.1002849 0.1713509 0.1778921 0.1658821 0.0780967 0.0801295 0.1227592 0.0919526 0.1037900 0.0835389 0.0919705 0.1855906 0.1131560 0.0978285 0.1517388 0.0777968 0.1127802 0.0754605 0.0931666 0.1367131 0.1462082 0.1136507 0.1162052 0.1160044 0.1570331 0.0901828 0.1131091 0.0523297 0.1126931 
S0400         0.2898753 0.0467830 0.0842833 0.1822754 0.0948247 0.0049080 0.1593721 0.1672216 0.1543620 0.0134287 0.0215533 0.2183550 0.1591105 0.1982270 0.1397060 0.1101978 0.1401048 0.1311530 0.1504327 0.0826147 0.0000000 0.0260705 0.1616312 0.0947153 0.1140757 0.0914981 0.1017107 0.1620375 0.1449004 0.0889960 0.1585658 0.1355183 0.1501302 0.1651527 0.0370500 0.0157117 0.1651918 0.1022013 0.1215554 0.0851031 0.0168544 0.1008672 0.1387741 0.2258040 0.1028197 0.1494115 0.1451076 0.0242204 0.0912311 0.0136658 0.0885023 0.0904681 0.1071233 0.1098909 0.1268091 0.1093985 0.1058886 0.0893351 0.1503386 0.1166210 0.0821316 0.1044278 0.1147950 0.1448364 0.1308981 0.2107445 0.0868148 0.2093330 0.1202960 0.1463943 0.0867943 0.1940648 0.2035065 0.0146890 0.0533144 0.0889238 0.1175557 0.1186839 0.1237392 0.1396969 0.1200352 0.1730645 0.1210364 0.1312966 0.1430320 0.0167722 0.1370424 0.1369761 0.1253345 0.0188381 0.0176964 0.0780034 0.1980252 0.0838748 0.1131886 0.1546819 0.1715392 0.2033071 0.0408580 0.0881188 0.1467416 0.1011630 0.1101304 0.0179185 0.1011830 0.1726174 0.1116400 0.0316684 0.1767700 0.0633545 0.1172576 0.0401589 0.0859335 0.1341432 0.1422899 0.1262356 0.1299663 0.1107827 0.1705791 0.0887232 0.1147877 0.1042476 0.1152817 
S0405         0.2830402 0.0547997 0.0955632 0.1885880 0.1073803 0.0171596 0.1660160 0.1751948 0.1646965 0.0243647 0.0310508 0.2216779 0.1686525 0.2011682 0.1505321 0.1184939 0.1442123 0.1303464 0.1571575 0.0874967 0.0260705 0.0000000 0.1651725 0.0999961 0.1209353 0.0965656 0.1054808 0.1513805 0.1513834 0.0942411 0.1612799 0.1459772 0.1611803 0.1696529 0.0436224 0.0176450 0.1712391 0.1075070 0.1211308 0.0981932 0.0273175 0.1059786 0.1483646 0.2429756 0.1024536 0.1592280 0.1459975 0.0305566 0.0962826 0.0239018 0.0935177 0.0954751 0.1122782 0.1138820 0.1370038 0.1147898 0.1099774 0.0930072 0.1688497 0.1264026 0.0872280 0.1070032 0.1214422 0.1567302 0.1412791 0.2217170 0.0917919 0.2240033 0.1256858 0.1538811 0.0974360 0.2051305 0.2184023 0.0228188 0.0579375 0.0966379 0.1273818 0.1242149 0.1277912 0.1485043 0.1285346 0.1807682 0.1266937 0.1383792 0.1590368 0.0208293 0.1442717 0.1361251 0.1461310 0.0293420 0.0196283 0.0894965 0.2044229 0.0923124 0.1142502 0.1676361 0.1842417 0.1992886 0.0524066 0.0879597 0.1505916 0.1091231 0.1125920 0.0284476 0.1091449 0.1840266 0.1212240 0.0403674 0.1823179 0.0716811 0.1254011 0.0479113 0.0948577 0.1333171 0.1495033 0.1271214 0.1384960 0.1174434 0.1697073 0.0981128 0.1245714 0.1094869 0.1223575 
S0407sl       0.4029028 0.1365017 0.1170275 0.0898259 0.1241191 0.1430014 0.1954632 0.0797901 0.1479816 0.1544225 0.1023475 0.1628527 0.1953637 0.0941125 0.1875742 0.0921313 0.1396769 0.1273438 0.1942644 0.1238109 0.1616312 0.1651725 0.0000000 0.1583763 0.0578905 0.1440929 0.1523199 0.0448345 0.1885210 0.0907409 0.1976376 0.1854555 0.1832032 0.0774192 0.1501203 0.1531328 0.0841317 0.1044498 0.1142811 0.1586582 0.1625433 0.1489149 0.1829326 0.2761696 0.1592452 0.1865351 0.1809369 0.1624427 0.1413257 0.1552273 0.1420547 0.1383447 0.1445394 0.1005895 0.1651397 0.1016498 0.1070776 0.1144274 0.0730163 0.1642279 0.2102393 0.1543495 0.1523420 0.1619380 0.1725661 0.2467384 0.1357117 0.2382702 0.1227732 0.1557100 0.1480657 0.1638524 0.2391443 0.1469826 0.1540391 0.1223113 0.0605544 0.0998275 0.1039993 0.1810762 0.1228509 0.0886533 0.1492620 0.1630582 0.1898268 0.1625743 0.1719758 0.1304087 0.1445176 0.1579098 0.1587521 0.1795795 0.1948970 0.1434048 0.1068178 0.1643005 0.1480466 0.0939109 0.1489431 0.1344369 0.0259097 0.1466636 0.1042537 0.1459919 0.1497089 0.1662494 0.1262083 0.1827614 0.0910117 0.1500219 0.1162696 0.1496750 0.1474808 0.1351654 0.1522113 0.1009758 0.1210311 0.1362839 0.1832326 0.1365991 0.1195098 0.1485540 0.1310920 
S0412sl       0.3242595 0.0816722 0.0972154 0.1768161 0.0960147 0.0787842 0.1707137 0.1640897 0.1642158 0.0928900 0.0425640 0.2231761 0.1724189 0.2035987 0.1557603 0.1136333 0.1536178 0.1300770 0.1659805 0.0847564 0.0947153 0.0999961 0.1583763 0.0000000 0.1234453 0.1035377 0.0977146 0.1526372 0.1580290 0.0991011 0.1258303 0.1667056 0.1761536 0.1593429 0.1000715 0.0941577 0.1750988 0.1163130 0.1341929 0.0900328 0.0932764 0.1088131 0.1550200 0.2477106 0.0683265 0.1649484 0.1540371 0.1011529 0.0985793 0.0911513 0.1019009 0.0997753 0.1123828 0.1248565 0.1406014 0.1168168 0.1176905 0.0974917 0.1842628 0.1457980 0.1475312 0.0975766 0.1283316 0.1646229 0.1318235 0.2261014 0.0985853 0.2151722 0.1119280 0.1592806 0.0883725 0.1921997 0.2147180 0.0908887 0.1058726 0.0955952 0.1243803 0.1150730 0.1199320 0.1544371 0.1319449 0.1741718 0.1384955 0.1401033 0.1652995 0.0976208 0.1584552 0.1299307 0.1476994 0.0960103 0.0953598 0.1151032 0.2116046 0.0859437 0.1226769 0.1636409 0.1756192 0.1978590 0.1041438 0.0945447 0.1381454 0.0956413 0.1291629 0.0905623 0.0983502 0.1872485 0.1204854 0.1079137 0.1688720 0.1009365 0.1340096 0.0989931 0.0856453 0.1337450 0.1391153 0.1345272 0.1350884 0.1195964 0.1921197 0.0968711 0.1254402 0.1021917 0.1256772 
S0417         0.3360154 0.0993280 0.1026178 0.0913653 0.1032702 0.0992061 0.1648617 0.0889245 0.1388564 0.1053449 0.0729112 0.1580083 0.1679390 0.1110610 0.1529510 0.0574972 0.1325040 0.1193933 0.1638951 0.1014852 0.1140757 0.1209353 0.0578905 0.1234453 0.0000000 0.1040468 0.1223687 0.0386268 0.1566247 0.0619094 0.1681356 0.1488089 0.1483530 0.0821318 0.1153390 0.1086736 0.0872813 0.0690426 0.0860950 0.1241560 0.1133102 0.1126977 0.1465491 0.2478039 0.1334858 0.1575115 0.1366648 0.1182146 0.1040285 0.1121308 0.1012907 0.0975007 0.1140824 0.0735704 0.1390704 0.0767297 0.0711078 0.0941860 0.0691866 0.1361592 0.1685257 0.1173959 0.1184580 0.1480703 0.1339011 0.2272969 0.0980732 0.2187810 0.1069851 0.1398435 0.1175640 0.1730331 0.2235625 0.1076279 0.1222187 0.0910141 0.0497826 0.0765342 0.0810790 0.1468268 0.0957670 0.0943928 0.1309548 0.1383426 0.1618686 0.1101056 0.1476777 0.1208795 0.1301866 0.1140019 0.1117860 0.1413981 0.1860821 0.1108293 0.0759509 0.1470538 0.1466701 0.1078189 0.1122775 0.0967280 0.0558170 0.1139208 0.0747694 0.1043859 0.1166853 0.1540473 0.1118458 0.1314220 0.0883710 0.1129660 0.0816230 0.1112662 0.1164451 0.1267016 0.1431538 0.0864847 0.1050624 0.1149397 0.1752693 0.0998174 0.1152742 0.1314657 0.1153007 
S0419         0.2947846 0.0796057 0.0245982 0.1637124 0.0740836 0.0750476 0.1601503 0.1547572 0.1648691 0.0865765 0.0521765 0.2028162 0.1616131 0.1884242 0.1428015 0.1119588 0.1370795 0.1265814 0.1483550 0.0856303 0.0914981 0.0965656 0.1440929 0.1035377 0.1040468 0.0000000 0.0992540 0.1642460 0.1512926 0.0912222 0.1626600 0.1304820 0.1558885 0.1549971 0.0936116 0.0842219 0.1444294 0.1011094 0.1243639 0.1013697 0.0920358 0.0678778 0.1415972 0.2324953 0.1116420 0.1483097 0.1279542 0.0964354 0.0146928 0.0834122 0.0147064 0.0146099 0.0732162 0.1044285 0.1251750 0.1061043 0.1059646 0.0840810 0.1368120 0.1209508 0.1334733 0.0737658 0.0931590 0.1340047 0.1149504 0.2082310 0.0126426 0.2052383 0.1074043 0.1321595 0.1055095 0.1984841 0.2045844 0.0844487 0.1032884 0.0903711 0.1123646 0.1018240 0.1092835 0.1437801 0.1197781 0.1644019 0.1116361 0.1324674 0.1525431 0.0890252 0.1378628 0.1318702 0.1333504 0.0905924 0.0870485 0.1073652 0.2155788 0.1021617 0.1007228 0.1664018 0.1727782 0.1761034 0.0929949 0.0136411 0.1375385 0.0709477 0.1155604 0.0900454 0.0709608 0.1800610 0.1128885 0.1039669 0.1690364 0.0952032 0.1178251 0.0944200 0.1002612 0.1375187 0.1372726 0.1176859 0.1115856 0.0977571 0.1636944 0.0539793 0.1128398 0.1035599 0.0972685 
S0427         0.3023517 0.0801630 0.0981200 0.1572136 0.1038945 0.0833011 0.1745281 0.1482487 0.1836136 0.1002569 0.0587908 0.2032805 0.1576805 0.1819988 0.1503055 0.1249663 0.1578963 0.1398890 0.1631098 0.0450256 0.1017107 0.1054808 0.1523199 0.0977146 0.1223687 0.0992540 0.0000000 0.1948851 0.1588543 0.1007617 0.1657697 0.1647549 0.1559704 0.1401635 0.1034687 0.0978661 0.1624117 0.1237987 0.1305152 0.1069882 0.1062412 0.1096595 0.1552449 0.2402812 0.1135339 0.1631432 0.1560577 0.1095924 0.0987618 0.0944621 0.0992621 0.0971780 0.1188246 0.1189315 0.1478554 0.1234070 0.1178323 0.1025411 0.1509471 0.1409238 0.1413716 0.1066379 0.1215288 0.1455778 0.1391530 0.2089075 0.0960893 0.2121298 0.1223975 0.1409228 0.0901511 0.2117963 0.2082108 0.0964741 0.0973312 0.0981591 0.1305783 0.1209980 0.1236042 0.1553872 0.1304426 0.1603493 0.1352301 0.1444954 0.1656957 0.1060595 0.1630545 0.1453540 0.1646698 0.1047910 0.1022248 0.1169594 0.2180038 0.0884296 0.1188187 0.1896988 0.1944496 0.1756042 0.0947505 0.0922061 0.1450255 0.1073374 0.1271001 0.1001530 0.1087457 0.2023467 0.1216554 0.1193870 0.1540883 0.0946787 0.1313569 0.0899768 0.1012752 0.1407833 0.1607835 0.1305720 0.1264218 0.1280812 0.1628259 0.1055287 0.1230245 0.0600411 0.1271318 
S0428sl       0.5058578 0.1531750 0.1501371 0.1322617 0.1304655 0.1537021 0.1420187 0.1037311 0.1219390 0.1575310 0.0752040 0.1790212 0.1930483 0.1155235 0.2061296 0.0829725 0.1902175 0.1437889 0.2058987 0.1506433 0.1620375 0.1513805 0.0448345 0.1526372 0.0386268 0.1642460 0.1948851 0.0000000 0.1644158 0.0465900 0.1304967 0.2070746 0.1724956 0.0920393 0.1333542 0.1406007 0.1102478 0.0514940 0.1114591 0.1336652 0.1622160 0.1622849 0.2057115 0.3039041 0.1401592 0.2090796 0.2014334 0.1382066 0.1732823 0.1719063 0.1525119 0.1804157 0.1388867 0.0653797 0.1406466 0.1105033 0.0590761 0.1100239 0.0996948 0.1583036 0.2200415 0.1481020 0.1223524 0.1543834 0.1611430 0.2691027 0.1612581 0.2698044 0.1103696 0.1335815 0.1226475 0.1141124 0.2423925 0.1600611 0.1218320 0.1075732 0.0248890 0.1105033 0.1118780 0.1657824 0.1173520 0.1565094 0.1600225 0.1589194 0.1610276 0.1341051 0.1479982 0.1325024 0.1385405 0.1528485 0.1406007 0.1984715 0.1037742 0.1421469 0.1012766 0.1224892 0.1112473 0.1017061 0.1213579 0.1431053 0.0453708 0.1481020 0.0950373 0.1808168 0.1481020 0.0935880 0.1282099 0.1430205 0.0839885 0.1134011 0.0994449 0.1221017 0.1061809 0.1531618 0.1571016 0.1199491 0.1565462 0.1202029 0.1739718 0.1152273 0.1237237 0.1746010 0.0943964 
S0430         0.3670445 0.1324945 0.1246468 0.2237677 0.1305752 0.1297306 0.0261305 0.2042934 0.1913989 0.1393183 0.0994656 0.2565754 0.1075382 0.2251766 0.0225916 0.1831075 0.1954227 0.1681773 0.0324941 0.1479953 0.1449004 0.1513834 0.1885210 0.1580290 0.1566247 0.1512926 0.1588543 0.1644158 0.0000000 0.1406817 0.1999000 0.1308194 0.0308033 0.1984489 0.1511162 0.1372692 0.1913854 0.1505835 0.1534861 0.1613401 0.1410025 0.1530795 0.0228808 0.2974874 0.1555936 0.0198724 0.2056971 0.1439848 0.1527890 0.1441339 0.1425849 0.1501172 0.1530166 0.1629008 0.1072124 0.1536909 0.1556603 0.1329830 0.2154666 0.0701559 0.1939912 0.1483277 0.1782530 0.1037182 0.1112978 0.2685802 0.1473061 0.2708158 0.1669001 0.1043669 0.1493154 0.2281839 0.2685273 0.1422550 0.1511873 0.1451856 0.1674825 0.1493954 0.1557012 0.0198917 0.1718731 0.2091853 0.1071943 0.0100036 0.0209407 0.1467331 0.1167615 0.1880192 0.1530226 0.1464353 0.1420417 0.1687307 0.2165539 0.1537552 0.1384458 0.2013982 0.2032150 0.2375225 0.1444342 0.1457461 0.1980820 0.1443556 0.1484632 0.1390691 0.1427336 0.2090351 0.1564193 0.1481083 0.2134465 0.1557993 0.1743633 0.1595604 0.1504030 0.1764735 0.1885571 0.1414588 0.1604877 0.1533883 0.2249741 0.1528321 0.1624364 0.1745233 0.1523334 
S0478         0.3094149 0.0729442 0.0805994 0.1050282 0.0904459 0.0771251 0.1444516 0.1006070 0.1384531 0.0875704 0.0454059 0.1554701 0.1515216 0.1258977 0.1269813 0.0634404 0.1221310 0.1112371 0.1383475 0.0909818 0.0889960 0.0942411 0.0907409 0.0991011 0.0619094 0.0912222 0.1007617 0.0465900 0.1406817 0.0000000 0.1472499 0.1320760 0.1364198 0.0938919 0.0925930 0.0841171 0.0971067 0.0554179 0.0817201 0.0966899 0.0827260 0.0928721 0.1248420 0.2169737 0.1019560 0.1367683 0.1279025 0.0911417 0.0909691 0.0841729 0.0854186 0.0863379 0.0997530 0.0567535 0.1189894 0.0665106 0.0595018 0.0737136 0.0624511 0.1109502 0.1376341 0.0932224 0.0997936 0.1266715 0.1134178 0.1947790 0.0851808 0.1980858 0.0997192 0.1212537 0.0960978 0.1601705 0.1977177 0.0831702 0.0975574 0.0761960 0.0529560 0.0703472 0.0737310 0.1362215 0.0672065 0.1060374 0.1095586 0.1242321 0.1425647 0.0893226 0.1303946 0.1191392 0.1276301 0.0862876 0.0857579 0.1012807 0.1682999 0.0937559 0.0720257 0.1377703 0.1499327 0.1185192 0.0878688 0.0865088 0.0775311 0.0918611 0.0660564 0.0839852 0.0932410 0.1460113 0.1022808 0.1005895 0.1177668 0.0972912 0.0684895 0.0912376 0.0952219 0.1255135 0.1326671 0.0807038 0.1089438 0.0889763 0.1455239 0.0862210 0.1039009 0.1129958 0.0986206 
S0558         0.3948769 0.1413855 0.1464450 0.2087882 0.1381930 0.1413037 0.2180956 0.1958186 0.2006199 0.1525688 0.0883899 0.2474427 0.2108713 0.2240825 0.2144065 0.1634770 0.1948257 0.1745980 0.2175868 0.1511919 0.1585658 0.1612799 0.1976376 0.1258303 0.1681356 0.1626600 0.1657697 0.1304967 0.1999000 0.1472499 0.0000000 0.1948341 0.2244278 0.1779250 0.1573535 0.1529423 0.1947606 0.1553383 0.1677895 0.1516250 0.1594904 0.1663127 0.2105923 0.3183826 0.1427845 0.2202000 0.2000419 0.1666906 0.1655768 0.1507073 0.1607954 0.1643303 0.1778631 0.1684407 0.1890805 0.1644307 0.1532481 0.1580236 0.1907743 0.1792784 0.2196115 0.1550681 0.1771569 0.2047144 0.1647396 0.2943936 0.1616144 0.2901379 0.1671691 0.2022656 0.1479581 0.2065102 0.2972923 0.1504282 0.1698072 0.1593091 0.1681225 0.1606895 0.1629995 0.1975413 0.1853454 0.2155002 0.1871207 0.1821046 0.2064005 0.1541626 0.1818621 0.1786702 0.1911945 0.1641217 0.1517647 0.1783348 0.2193331 0.1525284 0.1719521 0.2019293 0.2162607 0.2309821 0.1614375 0.1600163 0.1842345 0.1525904 0.1654540 0.1471879 0.1480508 0.1939967 0.1766274 0.1674946 0.1830334 0.1669707 0.1762254 0.1550239 0.1400141 0.1775384 0.1826021 0.1762373 0.1937725 0.1805487 0.2298053 0.1585164 0.1848265 0.1540961 0.1746206 
S0616         0.3444633 0.1258015 0.1274250 0.2114581 0.1286470 0.1198117 0.1356291 0.1955837 0.1887529 0.1355878 0.0942773 0.2493693 0.1447047 0.2250034 0.1222886 0.1660902 0.1845755 0.1667960 0.1296262 0.1469662 0.1355183 0.1459772 0.1854555 0.1667056 0.1488089 0.1304820 0.1647549 0.2070746 0.1308194 0.1320760 0.1948341 0.0000000 0.1274335 0.2107452 0.1436638 0.1304427 0.1930566 0.1463107 0.1638806 0.1556308 0.1346232 0.1376429 0.1208743 0.2798475 0.1679342 0.1326516 0.1899260 0.1392431 0.1218218 0.1349663 0.1252499 0.1291234 0.1376314 0.1518929 0.0995109 0.1512655 0.1527723 0.1383645 0.1977420 0.1002982 0.1994371 0.1289316 0.1722871 0.1019050 0.1010915 0.2450185 0.1251069 0.2410527 0.1515626 0.1012046 0.1534402 0.2192115 0.2397114 0.1331564 0.1489429 0.1301573 0.1564272 0.1454849 0.1503772 0.1240391 0.1653309 0.2211064 0.0482461 0.1179677 0.1305540 0.1307586 0.1059018 0.1750971 0.1733000 0.1408504 0.1345471 0.1647313 0.2378108 0.1531307 0.1463382 0.1926551 0.1990374 0.2344084 0.1419188 0.1231453 0.1804718 0.1253054 0.1529515 0.1373296 0.1253275 0.2184285 0.1594360 0.1471279 0.2257957 0.1510868 0.1578119 0.1423083 0.1444802 0.1734549 0.1881136 0.1478338 0.1600522 0.1456058 0.2185548 0.1296579 0.1628405 0.1607931 0.1630365 
