120
PAFTOL_019361 0.0000000 0.1431072 0.1535052 0.2299846 0.1749141 0.1587472 0.1468180 0.1075202 0.1094692 0.1596695 0.1453534 0.1642632 0.1395253 0.1662690 0.0866189 0.1620609 0.0000010 0.1368479 0.1776193 0.1765419 0.1429268 0.1339650 0.1599244 0.1493722 0.1966036 0.1397971 0.1532479 0.1555057 0.1650774 0.1783513 0.1335816 0.1639764 0.1513605 0.1385323 0.1777784 0.1796952 0.1568152 0.1778945 0.1513182 0.1626773 0.1716832 0.1435512 0.1621428 0.1493722 0.1521430 0.1375538 0.1759124 0.1794474 0.1250186 0.1708509 0.1556398 0.1489113 0.1390051 0.1844005 0.1200781 0.1857327 0.1578971 0.1534516 0.1556782 0.1298111 0.0984072 0.1376866 0.1191415 0.1575253 0.1598525 0.1609095 0.1793130 0.1453439 0.1235437 0.1404678 0.1161358 0.1598525 0.1412847 0.1252998 0.1193460 0.1484328 0.1494910 0.1590960 0.1282135 0.1522920 0.1537109 0.1280631 0.1517844 0.1486415 0.1532977 0.1617902 0.1108769 0.1500610 0.1400090 0.1563024 0.1323875 0.1604088 0.1172847 0.1100122 0.1831895 0.1513528 0.1721620 0.1389244 0.1733901 0.1804045 0.0000010 0.1966522 0.1287265 0.1450628 0.2001615 0.1603473 0.1381752 0.1490685 0.1694131 0.1380768 0.1496978 0.1422230 0.1666346 0.1466770 0.1712790 0.1811865 0.1591321 0.1469048 0.1711399 0.1450446 
S0055         0.1431072 0.0000000 0.0500257 0.1435212 0.0623215 0.0385877 0.0797294 0.0707788 0.0663292 0.0387490 0.0337859 0.0992718 0.0905551 0.1017479 0.0596261 0.0773686 0.0000010 0.1016545 0.0401856 0.0494055 0.0437208 0.0384972 0.1091038 0.0438436 0.0588755 0.0675879 0.0733134 0.0620297 0.0622110 0.1094794 0.0814510 0.0449904 0.0389958 0.1247683 0.0822992 0.0790666 0.0438436 0.0496883 0.0561469 0.1411499 0.0430684 0.0577773 0.0389729 0.0438436 0.0395334 0.0681179 0.0626364 0.0829637 0.0761013 0.0854892 0.0785550 0.0559446 0.0743109 0.1006165 0.0818306 0.0664758 0.0605045 0.0957708 0.0827603 0.1072584 0.0694131 0.0442405 0.0399191 0.1077180 0.1023605 0.0753327 0.1017439 0.0694267 0.1016794 0.0230421 0.0621656 0.1023605 0.0493809 0.0388807 0.0625719 0.0882074 0.0733183 0.0781903 0.0840623 0.0701067 0.1268015 0.0564525 0.0753533 0.0492654 0.0911595 0.0671048 0.0610644 0.0333498 0.0506128 0.0900277 0.0279893 0.0739162 0.0722443 0.0622025 0.1448163 0.0380748 0.0560293 0.1037840 0.0682045 0.0920696 0.0000010 0.0752733 0.0739114 0.0556254 0.0613600 0.1086397 0.0230098 0.0799664 0.0460289 0.0339122 0.0633941 0.0444107 0.0661568 0.0742885 0.0609312 0.0790684 0.0809284 0.0679273 0.0275985 0.0549236 
S0196sl       0.1535052 0.0500257 0.0000000 0.1002409 0.0183641 0.0488050 0.0536781 0.0348408 0.0328430 0.0488050 0.0232189 0.0607165 0.0538864 0.0620289 0.0529158 0.0670973 0.0000010 0.0747956 0.0534776 0.0599116 0.0540393 0.0278946 0.0682370 0.0043716 0.0668870 0.0483849 0.0384648 0.0506076 0.0624665 0.0686700 0.0447481 0.0498169 0.0493346 0.0814469 0.0501367 0.0487517 0.0433736 0.0602562 0.0044443 0.1325247 0.0552250 0.0571448 0.0437181 0.0043716 0.0444729 0.0555191 0.0091011 0.0561241 0.0512665 0.0490549 0.0647661 0.0573479 0.0387635 0.0670972 0.0761517 0.0821581 0.0088455 0.1100835 0.0448031 0.0672593 0.0438650 0.0390082 0.0510971 0.0813213 0.0955212 0.0497501 0.0886487 0.0822136 0.0620775 0.0436570 0.0499097 0.0955212 0.0380683 0.0733923 0.0392139 0.0620289 0.0384769 0.0431339 0.0618508 0.0447816 0.0807983 0.0337395 0.0483768 0.0597424 0.0542172 0.0661237 0.0383821 0.0434139 0.0905800 0.0612129 0.0490925 0.0489129 0.0379636 0.0442026 0.0954472 0.0716611 0.0088989 0.0514270 0.0136754 0.0539395 0.0000010 0.0043716 0.0549875 0.0549630 0.0688317 0.0803919 0.0435961 0.0440137 0.0500301 0.0562783 0.0507843 0.0439263 0.0538914 0.0387594 0.0624511 0.0530164 0.0632255 0.0553618 0.0389690 0.0562748 
S0278         0.2299846 0.1435212 0.1002409 0.0000000 0.1288434 0.1130735 0.1141145 0.0239939 0.0889182 0.1136459 0.0869178 0.0679788 0.1088731 0.0245241 0.0609125 0.1661343 0.0000010 0.1345546 0.1527728 0.1159219 0.1199435 0.0853923 0.0531351 0.1054478 0.1112383 0.1018976 0.0589536 0.1158769 0.1355232 0.1270088 0.0352365 0.1314430 0.1212919 0.0671341 0.0834162 0.0858491 0.1060146 0.1166865 0.1083736 0.1988785 0.1188862 0.1034768 0.1217563 0.1054478 0.1018946 0.1364875 0.1019987 0.1012202 0.1154959 0.0833606 0.0962776 0.1285721 0.0945100 0.1064215 0.1289701 0.1396165 0.0910301 0.1345231 0.1478375 0.1160042 0.0856587 0.0999135 0.1175551 0.1318320 0.1494542 0.0672723 0.1346250 0.1693177 0.1031964 0.1215894 0.1138884 0.1494542 0.0987521 0.1484553 0.0856532 0.0350702 0.0768188 0.0755699 0.1129103 0.0728488 0.0425491 0.0910517 0.1039017 0.1275023 0.1176600 0.0977153 0.0970201 0.1203764 0.1784707 0.1135106 0.1143615 0.0786070 0.0957490 0.1003558 0.0474860 0.1440655 0.1230175 0.0415639 0.1155434 0.0904044 0.0000010 0.1179704 0.1200555 0.1195154 0.1238779 0.0404643 0.1133466 0.1118919 0.1471145 0.1417626 0.1087174 0.0963514 0.0888556 0.1204309 0.0979332 0.0824198 0.1201866 0.1208069 0.1130552 0.1343238 
S0281         0.1749141 0.0623215 0.0183641 0.1288434 0.0000000 0.0607001 0.0605619 0.0459151 0.0438346 0.0607001 0.0336890 0.0736241 0.0661196 0.0851977 0.0724976 0.0680816 0.0000010 0.0842336 0.0665509 0.0724520 0.0661951 0.0493581 0.0790070 0.0232045 0.0801066 0.0542694 0.0613045 0.0632016 0.0757831 0.0824512 0.0627355 0.0620400 0.0613935 0.1099069 0.0625651 0.0607859 0.0549401 0.0728826 0.0236210 0.1503994 0.0677086 0.0579874 0.0554157 0.0232045 0.0563770 0.0682123 0.0290659 0.0689898 0.0637726 0.0611565 0.0657439 0.0705745 0.0503592 0.0805241 0.0906885 0.0878532 0.0281735 0.1172207 0.0454295 0.0807023 0.0507881 0.0531595 0.0672011 0.1006808 0.1161031 0.0588684 0.1038862 0.0834777 0.0753363 0.0553380 0.0566472 0.1161031 0.0606132 0.0871307 0.0566557 0.0851977 0.0499577 0.0547345 0.0692797 0.0688716 0.0964249 0.0450067 0.0612380 0.0722426 0.0665407 0.0860050 0.0442685 0.0549917 0.1138963 0.0684250 0.0611011 0.0578097 0.0492639 0.0563249 0.1241703 0.0849669 0.0283757 0.0704026 0.0339519 0.0547858 0.0000010 0.0232045 0.0618824 0.0557376 0.0825718 0.1056429 0.0552605 0.0559057 0.0623264 0.0690719 0.0633791 0.0525286 0.0547363 0.0503654 0.0858266 0.0659048 0.0802112 0.0561495 0.0505613 0.0691855 
S0282         0.1587472 0.0385877 0.0488050 0.1130735 0.0607001 0.0000000 0.0530287 0.0627641 0.0535245 0.0000026 0.0230639 0.0838643 0.0760747 0.0858076 0.0526139 0.0753422 0.0000010 0.0747956 0.0771233 0.0087921 0.0226556 0.0275985 0.0925522 0.0428170 0.0659782 0.0477279 0.0598530 0.0735799 0.0579448 0.0929036 0.0671056 0.0384397 0.0181716 0.1069020 0.0559498 0.0652363 0.0227182 0.0088368 0.0547292 0.1398526 0.0435977 0.0573126 0.0328160 0.0428170 0.0000026 0.0664279 0.0609968 0.0563918 0.0622254 0.0711860 0.0522352 0.0566603 0.0722919 0.0909314 0.0942536 0.0743168 0.0589819 0.0949600 0.0803911 0.0911115 0.0680552 0.0550087 0.0508199 0.1068115 0.1014909 0.0613765 0.1148048 0.0811986 0.0795073 0.0327704 0.0493475 0.1014909 0.0087890 0.0606384 0.0439501 0.0732877 0.0598611 0.0645667 0.0496123 0.0449963 0.1076666 0.0440143 0.0485239 0.0275614 0.0706909 0.0654693 0.0485288 0.0133408 0.0767092 0.0787248 0.0277918 0.0602990 0.0590306 0.0493843 0.1243472 0.0592812 0.0546148 0.0874493 0.0663894 0.0772807 0.0000010 0.0731976 0.0602911 0.0543340 0.0615618 0.0921780 0.0327250 0.0660690 0.0455791 0.0443856 0.0618282 0.0434351 0.0645704 0.0661455 0.0737955 0.0645214 0.0728572 0.0547225 0.0494999 0.0444710 
S0288         0.1468180 0.0797294 0.0536781 0.1141145 0.0605619 0.0530287 0.0000000 0.0415712 0.0359868 0.0532687 0.0422525 0.0661865 0.0447643 0.0845888 0.0611188 0.0697432 0.0000010 0.0235747 0.1141562 0.0649898 0.0503768 0.0360036 0.0918887 0.0587048 0.0857320 0.0000024 0.0658357 0.0616778 0.0714213 0.0526856 0.0612043 0.0575570 0.0658357 0.0957213 0.0490757 0.0655149 0.0472628 0.0653882 0.0511273 0.1110338 0.0515116 0.0386101 0.0594795 0.0587048 0.0484502 0.0518698 0.0671026 0.0494927 0.0417927 0.0595965 0.0511466 0.0549406 0.0295848 0.0667904 0.0664609 0.1111310 0.0647021 0.1048028 0.0745498 0.0578838 0.0373728 0.0569856 0.0518804 0.0887127 0.0753088 0.0644743 0.0641981 0.0562504 0.0525912 0.0716609 0.0256172 0.0753088 0.0471703 0.0932371 0.0429141 0.0710157 0.0537359 0.0529231 0.0000030 0.0493883 0.0960876 0.0295552 0.0000022 0.0619969 0.0342243 0.0599111 0.0252690 0.0589904 0.0724736 0.0480593 0.0655138 0.0760712 0.0415452 0.0188879 0.1067459 0.0907948 0.0725048 0.0824801 0.0698463 0.0658627 0.0000010 0.0804761 0.0307346 0.0364932 0.0885270 0.0777978 0.0715578 0.0597794 0.0771648 0.0741150 0.0494234 0.0443768 0.0647991 0.0664935 0.0635978 0.0711763 0.0569404 0.0330348 0.0799919 0.0602317 
S0289         0.1075202 0.0707788 0.0348408 0.0239939 0.0459151 0.0627641 0.0415712 0.0000000 0.0290592 0.0630486 0.0296017 0.0138430 0.0341133 0.0044933 0.0193773 0.0802027 0.0000010 0.0662292 0.0756572 0.0688850 0.0509221 0.0291417 0.0138524 0.0396862 0.0641351 0.0358780 0.0239473 0.0471728 0.0594808 0.0524514 0.0000029 0.0581979 0.0572116 0.0185894 0.0352051 0.0292036 0.0453999 0.0693049 0.0404513 0.1066108 0.0520806 0.0479466 0.0572967 0.0396862 0.0524386 0.0582537 0.0402756 0.0416640 0.0365028 0.0241897 0.0398887 0.0598685 0.0187598 0.0408136 0.0465001 0.0785958 0.0394875 0.0662671 0.0719007 0.0340996 0.0199523 0.0404971 0.0531420 0.0651422 0.0786593 0.0194028 0.0531110 0.0756947 0.0240659 0.0514392 0.0408177 0.0786593 0.0509460 0.0708535 0.0346518 0.0044933 0.0191643 0.0188995 0.0436775 0.0241623 0.0146371 0.0238184 0.0424687 0.0568080 0.0398954 0.0397440 0.0293879 0.0568391 0.0944923 0.0522311 0.0514392 0.0293455 0.0343135 0.0402426 0.0191798 0.0691209 0.0519000 0.0045004 0.0461713 0.0294731 0.0000010 0.0470223 0.0460152 0.0460198 0.0653600 0.0186417 0.0454323 0.0459076 0.0724148 0.0715510 0.0417206 0.0455983 0.0290296 0.0519483 0.0469906 0.0459288 0.0604739 0.0463480 0.0467286 0.0651963 
S0292         0.1094692 0.0663292 0.0328430 0.0889182 0.0438346 0.0535245 0.0359868 0.0290592 0.0000000 0.0537497 0.0230236 0.0543628 0.0374160 0.0522422 0.0523267 0.0572191 0.0000010 0.0523646 0.0832572 0.0646804 0.0479294 0.0226896 0.0582663 0.0374146 0.0717774 0.0308199 0.0327729 0.0337152 0.0557526 0.0672585 0.0335133 0.0546422 0.0541069 0.0740061 0.0442947 0.0427959 0.0376206 0.0650504 0.0382530 0.1120807 0.0489511 0.0346564 0.0484487 0.0374146 0.0492716 0.0384128 0.0439440 0.0446433 0.0343773 0.0327549 0.0518026 0.0301527 0.0332147 0.0383729 0.0453306 0.1005255 0.0425637 0.0946151 0.0444982 0.0384821 0.0246596 0.0404897 0.0528792 0.0836884 0.0845606 0.0409480 0.0684934 0.0627765 0.0336408 0.0593534 0.0231798 0.0845606 0.0427191 0.0662674 0.0184247 0.0522422 0.0278219 0.0274507 0.0377599 0.0445529 0.0729105 0.0385470 0.0369119 0.0644994 0.0376348 0.0433390 0.0043586 0.0481042 0.0958213 0.0231141 0.0538491 0.0513130 0.0043162 0.0135074 0.0923023 0.0764986 0.0487856 0.0506465 0.0490680 0.0379636 0.0000010 0.0552542 0.0181269 0.0279118 0.0738703 0.0701290 0.0592727 0.0328486 0.0881180 0.0612025 0.0391796 0.0346536 0.0374146 0.0279776 0.0372020 0.0704066 0.0568763 0.0280757 0.0549317 0.0350893 
S0293         0.1596695 0.0387490 0.0488050 0.1136459 0.0607001 0.0000026 0.0532687 0.0630486 0.0537497 0.0000000 0.0230639 0.0842446 0.0764081 0.0862069 0.0526139 0.0756877 0.0000027 0.0747956 0.0774869 0.0088254 0.0227440 0.0277080 0.0929893 0.0429930 0.0662689 0.0479434 0.0601114 0.0739157 0.0582066 0.0933427 0.0674052 0.0385996 0.0182430 0.1074214 0.0561967 0.0655200 0.0228066 0.0088694 0.0547292 0.1398525 0.0437806 0.0573126 0.0329486 0.0429930 0.0000022 0.0667219 0.0612656 0.0563918 0.0625008 0.0714993 0.0524684 0.0569141 0.0722919 0.0913528 0.0947066 0.0746609 0.0592326 0.0954220 0.0745217 0.0915338 0.0683842 0.0552476 0.0510454 0.1073315 0.1019883 0.0613765 0.1153740 0.0815725 0.0798722 0.0329026 0.0495584 0.1019883 0.0088222 0.0609050 0.0441368 0.0736211 0.0601194 0.0648441 0.0496123 0.0449963 0.1082246 0.0442005 0.0485239 0.0276706 0.0709997 0.0657546 0.0487321 0.0133921 0.0770755 0.0790825 0.0279030 0.0602990 0.0592816 0.0495954 0.1250034 0.0595353 0.0548501 0.0878643 0.0663894 0.0772807 0.0000027 0.0666347 0.0605538 0.0545663 0.0618368 0.0926116 0.0328567 0.0663596 0.0396978 0.0445755 0.0621039 0.0436166 0.0648479 0.0664373 0.0741327 0.0648171 0.0731856 0.0549586 0.0494999 0.0446624 
S0294         0.1453534 0.0337859 0.0232189 0.0869178 0.0336890 0.0230639 0.0422525 0.0296017 0.0230236 0.0230639 0.0000000 0.0496602 0.0432935 0.0506903 0.0472056 0.0582486 0.0000027 0.0606043 0.0475897 0.0330531 0.0229785 0.0089020 0.0566234 0.0278937 0.0442467 0.0313731 0.0333783 0.0396899 0.0290214 0.0675199 0.0341304 0.0234850 0.0232905 0.0692352 0.0444707 0.0382698 0.0135156 0.0332348 0.0283963 0.1102714 0.0234360 0.0350780 0.0183339 0.0278937 0.0186533 0.0500576 0.0339676 0.0446297 0.0403769 0.0385148 0.0407075 0.0450960 0.0389099 0.0557044 0.0639831 0.0634526 0.0329168 0.0830795 0.0392445 0.0558502 0.0302753 0.0286146 0.0401727 0.0817825 0.0764741 0.0288189 0.0760764 0.0639118 0.0507524 0.0281041 0.0339971 0.0764741 0.0330390 0.0500493 0.0288484 0.0506903 0.0333910 0.0329323 0.0441827 0.0338526 0.0737923 0.0236327 0.0374197 0.0329626 0.0435544 0.0549380 0.0232387 0.0182306 0.0650391 0.0446932 0.0231679 0.0334564 0.0279478 0.0286884 0.0902169 0.0489577 0.0387953 0.0516287 0.0388582 0.0437612 0.0000027 0.0390132 0.0389285 0.0335041 0.0454248 0.0683562 0.0280646 0.0434340 0.0456798 0.0289212 0.0565317 0.0283298 0.0432937 0.0388876 0.0510247 0.0475810 0.0559047 0.0337129 0.0234892 0.0507299 
S0299         0.1642632 0.0992718 0.0607165 0.0679788 0.0736241 0.0838643 0.0661865 0.0138430 0.0543628 0.0842446 0.0496602 0.0000000 0.0594667 0.0349601 0.0514565 0.1027784 0.0000010 0.1105486 0.1055471 0.0964616 0.0774511 0.0488891 0.0516089 0.0655037 0.0920852 0.0669267 0.0608243 0.0748660 0.0817805 0.0875051 0.0280032 0.0858609 0.0782437 0.0552845 0.0624110 0.0603126 0.0658608 0.0970504 0.0670966 0.1727341 0.0792490 0.0837250 0.0784160 0.0655037 0.0736608 0.0925079 0.0738797 0.0629090 0.0631456 0.0494390 0.0602173 0.0886295 0.0482711 0.0558401 0.0735891 0.1022500 0.0651488 0.1147439 0.0877396 0.0651171 0.0458253 0.0706853 0.0855577 0.0984892 0.1286009 0.0531358 0.0763112 0.0955750 0.0545323 0.0783093 0.0616767 0.1286009 0.0837429 0.0994516 0.0608222 0.0349601 0.0440799 0.0434599 0.0764311 0.0492239 0.0301714 0.0430595 0.0679964 0.0836973 0.0659036 0.0610952 0.0493504 0.0777309 0.1113754 0.0735384 0.0723308 0.0638914 0.0599732 0.0613193 0.0704168 0.0969243 0.0790639 0.0337184 0.0729660 0.0551505 0.0000010 0.0743333 0.0669098 0.0668314 0.0949964 0.0515109 0.0717647 0.0608548 0.1109085 0.0937720 0.0454897 0.0759190 0.0543158 0.0793697 0.0851003 0.0668830 0.0821901 0.0673564 0.0739031 0.0938799 
S0308         0.1395253 0.0905551 0.0538864 0.1088731 0.0661196 0.0760747 0.0447643 0.0341133 0.0374160 0.0764081 0.0432935 0.0594667 0.0000000 0.0695242 0.0519136 0.0810585 0.0000010 0.0706941 0.1097815 0.0881084 0.0587103 0.0426414 0.0759156 0.0585529 0.0962754 0.0396744 0.0650761 0.0554587 0.0673974 0.0670674 0.0492412 0.0659649 0.0652838 0.0853676 0.0552297 0.0645460 0.0588688 0.0886294 0.0543708 0.1048608 0.0599947 0.0630264 0.0707955 0.0585529 0.0719745 0.0603142 0.0663309 0.0556611 0.0342800 0.0537540 0.0547806 0.0678713 0.0279330 0.0601861 0.0506474 0.1140806 0.0531115 0.0849243 0.0794526 0.0435215 0.0244712 0.0514781 0.0646142 0.0835925 0.0844622 0.0521699 0.0739618 0.0774631 0.0386587 0.0825577 0.0436627 0.0844622 0.0643546 0.1036182 0.0439604 0.0695242 0.0484265 0.0477542 0.0469293 0.0496633 0.0787344 0.0330888 0.0458932 0.0759282 0.0375316 0.0653645 0.0326781 0.0702150 0.0889311 0.0545348 0.0766231 0.0627281 0.0425637 0.0382083 0.1015383 0.1010149 0.0713486 0.0677103 0.0601628 0.0594381 0.0000010 0.0787160 0.0485973 0.0485944 0.0992853 0.0883176 0.0706054 0.0652240 0.1074255 0.0852370 0.0614147 0.0565338 0.0585529 0.0599468 0.0766210 0.0731446 0.0686325 0.0489272 0.0782732 0.0729314 
S0320         0.1662690 0.1017479 0.0620289 0.0245241 0.0851977 0.0858076 0.0845888 0.0044933 0.0522422 0.0862069 0.0506903 0.0349601 0.0695242 0.0000000 0.0290018 0.1167894 0.0000010 0.1081107 0.1083213 0.0987798 0.0792053 0.0498855 0.0232147 0.0669254 0.0943220 0.0678633 0.0281140 0.0734394 0.0901436 0.0841279 0.0087942 0.0879116 0.0800355 0.0341107 0.0589203 0.0500457 0.0672974 0.0993988 0.0685940 0.1417287 0.0810924 0.0739683 0.0802210 0.0669254 0.0753508 0.0917556 0.0755857 0.0738199 0.0739031 0.0471031 0.0704723 0.0877115 0.0573916 0.0659865 0.0851883 0.1048904 0.0665528 0.0898063 0.1006676 0.0756190 0.0553438 0.0618664 0.0757986 0.0882206 0.1026791 0.0342323 0.0885552 0.1236284 0.0642992 0.0801095 0.0723133 0.1026791 0.0731801 0.1019438 0.0500955 0.0087574 0.0415300 0.0409196 0.0893642 0.0502344 0.0317953 0.0550018 0.0756526 0.0856323 0.0765932 0.0607113 0.0587644 0.0794972 0.1297256 0.0851226 0.0739615 0.0443105 0.0580635 0.0621173 0.0252578 0.0992771 0.0809046 0.0135886 0.0746280 0.0530309 0.0000010 0.0760628 0.0778782 0.0777300 0.0883050 0.0132806 0.0733678 0.0712576 0.1138747 0.0960960 0.0674160 0.0669736 0.0521943 0.0781390 0.0630500 0.0564212 0.0841516 0.0784058 0.0756140 0.0931682 
S0327         0.0866189 0.0596261 0.0529158 0.0609125 0.0724976 0.0526139 0.0611188 0.0193773 0.0523267 0.0526139 0.0472056 0.0514565 0.0519136 0.0290018 0.0000000 0.0896953 0.0000027 0.0739599 0.0913174 0.0647146 0.0524068 0.0409081 0.0402724 0.0465233 0.0915922 0.0547900 0.0295723 0.0667765 0.0804636 0.0595680 0.0188696 0.0599717 0.0470615 0.0512082 0.0416945 0.0470073 0.0584664 0.0651171 0.0591680 0.1083562 0.0659545 0.0543384 0.0590140 0.0465233 0.0480584 0.0600293 0.0667187 0.0552105 0.0493598 0.0471003 0.0529616 0.0686668 0.0513063 0.0793582 0.0653671 0.0801507 0.0579108 0.0611356 0.0885039 0.0638738 0.0454784 0.0530198 0.0482527 0.0861930 0.0871404 0.0418311 0.0865834 0.0772561 0.0526310 0.0409487 0.0535581 0.0871404 0.0409488 0.0722785 0.0469275 0.0188509 0.0356369 0.0408276 0.0637791 0.0357261 0.0423940 0.0406111 0.0622185 0.0525079 0.0645962 0.0523016 0.0528833 0.0467541 0.0894836 0.0860161 0.0354236 0.0411015 0.0582596 0.0590814 0.0472279 0.0704753 0.0596049 0.0290561 0.0655331 0.0469463 0.0000027 0.0599443 0.0655799 0.0655036 0.0724518 0.0342221 0.0351576 0.0658573 0.0540040 0.0666203 0.0488829 0.0527741 0.0408275 0.0659396 0.0606749 0.0594261 0.0819512 0.0660484 0.0595342 0.0672420 
S0335         0.1620609 0.0773686 0.0670973 0.1661343 0.0680816 0.0753422 0.0697432 0.0802027 0.0572191 0.0756877 0.0582486 0.1027784 0.0810585 0.1167894 0.0896953 0.0000000 0.0000010 0.0987873 0.1134975 0.0752783 0.0811646 0.0631761 0.1246386 0.0719408 0.1101319 0.0639746 0.0889216 0.0786550 0.0924347 0.0885657 0.0911797 0.0711450 0.0762553 0.1439830 0.0854143 0.0949866 0.0691646 0.0757352 0.0737248 0.1547000 0.0831044 0.0679640 0.0640403 0.0719408 0.0710459 0.0709941 0.0807864 0.0729589 0.0790338 0.0887121 0.0816329 0.0607723 0.0771994 0.0775291 0.0804881 0.1298217 0.0779376 0.1240293 0.0859023 0.0838183 0.0664083 0.0555691 0.0572245 0.1260146 0.1204142 0.0886245 0.1076626 0.0490354 0.0783464 0.0820979 0.0591097 0.1204142 0.0752311 0.1038879 0.0591150 0.1023939 0.0723707 0.0812227 0.0735364 0.0859767 0.1095177 0.0648756 0.0717122 0.0809376 0.0815965 0.0640312 0.0406738 0.0573337 0.1179813 0.0712220 0.0759076 0.0738037 0.0630478 0.0470249 0.1733375 0.1148880 0.0860631 0.1032453 0.0865848 0.0954242 0.0000010 0.0942468 0.0525387 0.0354139 0.0958826 0.1240922 0.0819842 0.0831004 0.1160688 0.0719149 0.0538360 0.0317573 0.0810896 0.0648187 0.0757214 0.0722507 0.0971775 0.0468649 0.0907313 0.0595839 
S0345         0.0000010 0.0000010 0.0000010 0.0000010 0.0000010 0.0000010 0.0000010 0.0000010 0.0000010 0.0000027 0.0000027 0.0000010 0.0000010 0.0000010 0.0000027 0.0000010 0.0000000 0.0000010 0.0000010 0.0000010 0.0000010 0.0000010 0.0000010 0.0000010 0.0000010 0.0000010 0.0000010 0.0000010 0.0000010 0.0000010 0.0000010 0.0000010 0.0000010 0.0000010 0.6832079 0.0000010 0.0000010 0.0000010 0.0000027 0.0000027 0.0000010 0.0000010 0.0000010 0.0000010 0.0000010 0.0000010 0.0000010 0.0000010 0.0000010 0.0000010 0.0000010 0.0000010 0.0000027 0.0000010 0.0000010 5.4557717 0.0000010 0.0000010 3.7257059 0.0000010 0.0000010 0.0000010 0.0000010 0.0000010 0.0000010 0.0000010 0.0000010 0.0000010 0.0000010 0.0000010 0.0000010 0.0000010 0.0000010 0.0000010 0.0000010 0.0000010 0.0000010 0.0000010 0.0000010 0.0000010 0.0000010 0.0000010 0.0000010 0.0000010 0.0000010 0.0000010 0.0000010 0.0000010 0.0000010 0.0000010 0.0000010 0.0000010 0.0000010 0.0000010 0.6832079 0.0000010 0.6832079 0.0000010 0.0000027 0.0000010 0.0000010 9.0000000 0.0000010 0.0000010 0.0000010 0.0000010 0.0000010 0.0000010 9.0000000 0.0000010 0.0000010 0.0000010 0.0000010 0.2686678 0.0000010 0.0000027 0.0000027 0.0000010 0.0000027 0.0000010 
S0355         0.1368479 0.1016545 0.0747956 0.1345546 0.0842336 0.0747956 0.0235747 0.0662292 0.0523646 0.0747956 0.0606043 0.1105486 0.0706941 0.1081107 0.0739599 0.0987873 0.0000010 0.0000000 0.1387140 0.0907322 0.0707469 0.0596966 0.1180553 0.0825468 0.0840908 0.0175751 0.0825468 0.0783657 0.0824844 0.0739675 0.0770632 0.0890560 0.1007257 0.1118343 0.0606168 0.0823074 0.0748761 0.0914442 0.0717788 0.1563542 0.0805364 0.0548867 0.0838503 0.0825468 0.0693309 0.0812824 0.0949796 0.0700833 0.0495364 0.0839187 0.0824080 0.0866292 0.0437372 0.1030135 0.0933712 0.1344799 0.0905616 0.1362154 0.0762541 0.0661866 0.0536355 0.0805979 0.0828220 0.1235820 0.1051460 0.0796333 0.0972976 0.0629698 0.0665753 0.0906276 0.0536541 0.1051460 0.0670155 0.1107172 0.0700183 0.0990267 0.0675052 0.0746562 0.0245377 0.0779620 0.0910822 0.0653988 0.0238647 0.1022456 0.0498609 0.1013856 0.0523655 0.0908219 0.0984622 0.0688329 0.0906276 0.0797770 0.0596548 0.0428028 0.1260768 0.0987423 0.0917763 0.0938822 0.0923402 0.0829137 0.0000010 0.0825468 0.0603450 0.0685120 0.1139058 0.1081107 0.0904722 0.0763993 0.0700233 0.1030636 0.0966825 0.0801056 0.0904722 0.0852702 0.0906444 0.1190372 0.0953454 0.0607578 0.0929974 0.0849971 
S0376         0.1776193 0.0401856 0.0534776 0.1527728 0.0665509 0.0771233 0.1141562 0.0756572 0.0832572 0.0774869 0.0475897 0.1055471 0.1097815 0.1083213 0.0913174 0.1134975 0.0000010 0.1387140 0.0000000 0.0900840 0.0831279 0.0645809 0.1095537 0.0585095 0.0512075 0.1005786 0.0781105 0.0922956 0.0792628 0.1317760 0.0868328 0.0643648 0.0636739 0.1327102 0.1016931 0.0844143 0.0707504 0.0906564 0.0599928 0.1681750 0.0693436 0.0882823 0.0714501 0.0585095 0.0727287 0.1136916 0.0669104 0.1025415 0.1083670 0.0849128 0.0978194 0.0988491 0.0925252 0.1138481 0.1238006 0.1041790 0.0645128 0.1476688 0.1023167 0.1287531 0.0885857 0.0714425 0.0869971 0.1449049 0.1393313 0.0803883 0.1231065 0.1147375 0.1228532 0.0579838 0.1000924 0.1393313 0.0900191 0.0778658 0.0931999 0.1083213 0.0722146 0.0773104 0.1208899 0.0883794 0.1272383 0.0860194 0.1100593 0.0898096 0.1105633 0.1261284 0.0841801 0.0708189 0.0857611 0.1099974 0.0639516 0.0787942 0.0897451 0.0859615 0.1644111 0.0702142 0.0723242 0.0961232 0.0727806 0.0917760 0.0000010 0.0673365 0.0965014 0.0823605 0.0784364 0.1308010 0.0579006 0.0987777 0.0881013 0.0722840 0.1235526 0.0848135 0.0902471 0.0989971 0.1043416 0.0916244 0.1001259 0.0830815 0.0193513 0.0967771 
S0400         0.1765419 0.0494055 0.0599116 0.1159219 0.0724520 0.0087921 0.0649898 0.0688850 0.0646804 0.0088254 0.0330531 0.0964616 0.0881084 0.0987798 0.0647146 0.0752783 0.0000010 0.0907322 0.0900840 0.0000000 0.0324590 0.0376536 0.1058447 0.0535277 0.0779027 0.0595766 0.0714175 0.0860730 0.0700088 0.1062078 0.0792347 0.0492023 0.0279081 0.1208687 0.0677073 0.0769848 0.0325485 0.0000010 0.0661751 0.1563399 0.0545403 0.0633761 0.0431916 0.0535277 0.0089893 0.0784117 0.0664995 0.0682400 0.0740841 0.0831867 0.0640379 0.0686003 0.0845100 0.1039405 0.1078191 0.0869866 0.0703545 0.1087127 0.0932432 0.1041235 0.0811715 0.0665570 0.0625087 0.1208139 0.1154657 0.0733172 0.1291968 0.0939387 0.0921784 0.0431319 0.0606082 0.1154657 0.0179929 0.0724448 0.0549928 0.0857387 0.0714227 0.0761602 0.0619816 0.0563404 0.1151766 0.0550699 0.0605920 0.0376023 0.0825852 0.0772480 0.0595666 0.0133281 0.0898533 0.0912534 0.0379378 0.0719830 0.0704078 0.0606444 0.1311419 0.0707599 0.0660631 0.1006926 0.0783853 0.0895355 0.0000010 0.0855988 0.0719782 0.0656847 0.0735734 0.1054094 0.0430723 0.0779707 0.0571286 0.0555664 0.0738121 0.0543318 0.0761668 0.0780873 0.0863475 0.0707239 0.0852042 0.0661887 0.0608303 0.0556670 
S0405         0.1429268 0.0437208 0.0540393 0.1199435 0.0661951 0.0226556 0.0503768 0.0509221 0.0479294 0.0227440 0.0229785 0.0774511 0.0587103 0.0792053 0.0524068 0.0811646 0.0000010 0.0707469 0.0831279 0.0324590 0.0000000 0.0226457 0.0857690 0.0478871 0.0716621 0.0397503 0.0652644 0.0672572 0.0406488 0.0793583 0.0609845 0.0331036 0.0228732 0.0925673 0.0670764 0.0593090 0.0178942 0.0326333 0.0545269 0.1159788 0.0279683 0.0512470 0.0377633 0.0478871 0.0231779 0.0603798 0.0665268 0.0675997 0.0377860 0.0651116 0.0634359 0.0560869 0.0547093 0.0842926 0.0746789 0.0801929 0.0643073 0.0751488 0.0674194 0.0606225 0.0467731 0.0604263 0.0563159 0.0865717 0.0813266 0.0494938 0.0999731 0.0775599 0.0555560 0.0377112 0.0437212 0.0813266 0.0324454 0.0437321 0.0384547 0.0669884 0.0540439 0.0587158 0.0412848 0.0558245 0.0930981 0.0282285 0.0459831 0.0226156 0.0428748 0.0595242 0.0430120 0.0179101 0.0696853 0.0723627 0.0326497 0.0657631 0.0533055 0.0384868 0.1047514 0.0428158 0.0599877 0.0807059 0.0719792 0.0710590 0.0000010 0.0789546 0.0544139 0.0486417 0.0555266 0.0730850 0.0376592 0.0654131 0.0565960 0.0496679 0.0615965 0.0485891 0.0587183 0.0717113 0.0674444 0.0702882 0.0605789 0.0489754 0.0548341 0.0610895 
S0412sl       0.1339650 0.0384972 0.0278946 0.0853923 0.0493581 0.0275985 0.0360036 0.0291417 0.0226896 0.0277080 0.0089020 0.0488891 0.0426414 0.0498855 0.0409081 0.0631761 0.0000010 0.0596966 0.0645809 0.0376536 0.0226457 0.0000000 0.0557126 0.0324454 0.0545656 0.0254669 0.0380242 0.0390709 0.0391201 0.0614167 0.0336071 0.0281076 0.0278712 0.0680886 0.0498901 0.0327373 0.0133233 0.0378587 0.0331644 0.1009353 0.0230901 0.0346722 0.0228603 0.0324454 0.0232544 0.0437988 0.0386983 0.0502824 0.0397477 0.0379328 0.0576877 0.0394662 0.0384746 0.0548230 0.0629189 0.0684559 0.0374996 0.0816525 0.0616618 0.0549653 0.0354781 0.0385542 0.0393369 0.0679630 0.0686088 0.0389769 0.0747946 0.0688359 0.0499472 0.0326950 0.0281999 0.0686088 0.0275614 0.0492636 0.0184749 0.0389116 0.0328901 0.0324462 0.0377787 0.0392302 0.0729586 0.0282684 0.0313641 0.0375511 0.0428943 0.0432060 0.0228984 0.0227287 0.0636256 0.0492619 0.0277279 0.0490267 0.0275382 0.0231444 0.0885728 0.0482071 0.0435034 0.0507935 0.0437547 0.0432735 0.0000010 0.0497692 0.0329718 0.0330002 0.0447036 0.0555014 0.0326497 0.0487089 0.0570438 0.0336460 0.0446766 0.0329542 0.0426414 0.0436044 0.0391536 0.0525699 0.0513033 0.0332023 0.0386036 0.0443667 
S0417         0.1599244 0.1091038 0.0682370 0.0531351 0.0790070 0.0925522 0.0918887 0.0138524 0.0582663 0.0929893 0.0566234 0.0516089 0.0759156 0.0232147 0.0402724 0.1246386 0.0000010 0.1180553 0.1095537 0.1058447 0.0857690 0.0557126 0.0000000 0.0731724 0.1014410 0.0746014 0.0449761 0.0802806 0.0973716 0.1078521 0.0233627 0.0888282 0.0808390 0.0436870 0.0800146 0.0339054 0.0735766 0.1065165 0.0750254 0.1506938 0.0878436 0.0898827 0.0868985 0.0731724 0.0819852 0.0989206 0.0822698 0.0806773 0.0806410 0.0415898 0.0769750 0.0949713 0.0634702 0.0855188 0.0922160 0.1273478 0.0727539 0.1109154 0.1081888 0.0755087 0.0556005 0.0680528 0.0825126 0.1088578 0.1101156 0.0397272 0.1103171 0.1316246 0.0641846 0.0867783 0.0790284 0.1101156 0.0795992 0.1093372 0.0559351 0.0333210 0.0360991 0.0355714 0.0971387 0.0561042 0.0551780 0.0609019 0.0826963 0.0923602 0.0832297 0.0787394 0.0650121 0.0860836 0.1381824 0.0921415 0.0804770 0.0499728 0.0642270 0.0683315 0.0549322 0.0930739 0.0876634 0.0331483 0.0812169 0.0361317 0.0000010 0.0827999 0.0817074 0.0785252 0.1048200 0.0385108 0.0798207 0.0778387 0.1218520 0.1033741 0.0873288 0.0732025 0.0355708 0.0849519 0.0693772 0.0746239 0.1046823 0.0792175 0.0823148 0.1004636 
S0419         0.1493722 0.0438436 0.0043716 0.1054478 0.0232045 0.0428170 0.0587048 0.0396862 0.0374146 0.0429930 0.0278937 0.0655037 0.0585529 0.0669254 0.0465233 0.0719408 0.0000010 0.0825468 0.0585095 0.0535277 0.0478871 0.0324454 0.0731724 0.0000000 0.0717225 0.0534468 0.0431264 0.0554649 0.0674131 0.0736192 0.0495439 0.0545947 0.0432660 0.0864617 0.0500085 0.0534351 0.0480177 0.0538281 0.0089046 0.1387080 0.0600037 0.0630383 0.0484055 0.0000010 0.0438470 0.0603235 0.0136235 0.0504030 0.0450086 0.0537589 0.0578379 0.0623107 0.0436451 0.0719514 0.0744728 0.0932199 0.0132391 0.1013526 0.0617117 0.0721168 0.0490648 0.0437436 0.0503502 0.0863413 0.1006318 0.0553211 0.0937173 0.0871619 0.0669650 0.0378161 0.0489032 0.1006318 0.0324756 0.0663336 0.0439608 0.0669254 0.0379487 0.0477561 0.0681332 0.0393135 0.0861387 0.0332744 0.0542635 0.0533794 0.0589105 0.0594694 0.0430318 0.0376198 0.0891329 0.0660434 0.0430524 0.0543726 0.0425637 0.0489391 0.1016075 0.0648231 0.0088720 0.0563575 0.0182647 0.0594467 0.0000010 0.0233630 0.0597593 0.0597160 0.0673534 0.0853479 0.0377639 0.0487307 0.0630194 0.0611509 0.0445074 0.0486333 0.0477568 0.0488533 0.0673806 0.0583394 0.0685249 0.0601566 0.0438842 0.0611441 
S0427         0.1966036 0.0588755 0.0668870 0.1112383 0.0801066 0.0659782 0.0857320 0.0641351 0.0717774 0.0662689 0.0442467 0.0920852 0.0962754 0.0943220 0.0915922 0.1101319 0.0000010 0.0840908 0.0512075 0.0779027 0.0716621 0.0545656 0.1014410 0.0717225 0.0000000 0.0800102 0.0789216 0.0798470 0.0560010 0.1367895 0.0746464 0.0797953 0.0788992 0.1166044 0.0810907 0.0782864 0.0602389 0.0783679 0.0734978 0.1322679 0.0538000 0.0758293 0.0725396 0.0717225 0.0617073 0.1130109 0.0805426 0.0817361 0.0946277 0.0787358 0.0773943 0.0987934 0.0800051 0.0995902 0.1085719 0.0850566 0.0777070 0.1159706 0.1082952 0.1133442 0.0784985 0.0725291 0.0874462 0.1001960 0.0948918 0.0686727 0.1080016 0.1004876 0.1077644 0.0596077 0.0868994 0.0948918 0.0778537 0.0786862 0.0805729 0.0943220 0.0727983 0.0717169 0.0903962 0.0690985 0.1214733 0.0739952 0.0814535 0.0901273 0.0969199 0.1111806 0.0725241 0.0719239 0.1065528 0.0927860 0.0653281 0.0795849 0.0777635 0.0739648 0.1447008 0.0768212 0.0858117 0.0961847 0.0863313 0.0851283 0.0000010 0.0810485 0.0924123 0.0853727 0.0735442 0.1150084 0.0595264 0.0916483 0.0755362 0.0733450 0.1154103 0.0791099 0.0837874 0.0989349 0.0981198 0.1055497 0.0936973 0.0861172 0.0275863 0.1039352 
S0430         0.1397971 0.0675879 0.0483849 0.1018976 0.0542694 0.0477279 0.0000024 0.0358780 0.0308199 0.0479434 0.0313731 0.0669267 0.0396744 0.0678633 0.0547900 0.0639746 0.0000010 0.0175751 0.1005786 0.0595766 0.0397503 0.0254669 0.0746014 0.0534468 0.0800102 0.0000000 0.0542919 0.0559999 0.0595262 0.0414305 0.0553125 0.0464225 0.0542919 0.0834010 0.0495517 0.0540192 0.0363912 0.0599423 0.0460016 0.0840754 0.0406260 0.0268448 0.0481466 0.0534468 0.0430712 0.0465435 0.0615996 0.0499759 0.0309412 0.0541239 0.0516534 0.0493916 0.0245661 0.0611508 0.0607308 0.0965501 0.0593999 0.0796240 0.0754103 0.0524691 0.0319102 0.0425015 0.0375122 0.0718677 0.0593622 0.0492028 0.0586891 0.0510042 0.0471879 0.0599881 0.0204775 0.0593622 0.0419308 0.0806705 0.0373397 0.0552582 0.0480255 0.0475860 0.0000024 0.0438933 0.0895943 0.0246019 0.0000021 0.0567419 0.0240390 0.0475157 0.0202025 0.0477755 0.0604388 0.0426740 0.0540113 0.0602603 0.0363194 0.0140598 0.0880613 0.0786026 0.0670168 0.0761222 0.0642287 0.0541868 0.0000010 0.0748410 0.0255879 0.0312518 0.0758375 0.0615405 0.0598998 0.0604419 0.0715408 0.0620202 0.0499834 0.0309697 0.0593443 0.0608850 0.0485672 0.0585631 0.0510889 0.0275828 0.0678065 0.0547013 
S0478         0.1532479 0.0733134 0.0384648 0.0589536 0.0613045 0.0598530 0.0658357 0.0239473 0.0327729 0.0601114 0.0333783 0.0608243 0.0650761 0.0281140 0.0295723 0.0889216 0.0000010 0.0825468 0.0781105 0.0714175 0.0652644 0.0380242 0.0449761 0.0431264 0.0789216 0.0542919 0.0000000 0.0621637 0.0746407 0.0787552 0.0231388 0.0611526 0.0605262 0.0568827 0.0439854 0.0381194 0.0541830 0.0718357 0.0441194 0.1495177 0.0667341 0.0626057 0.0546440 0.0431264 0.0500007 0.0554113 0.0500838 0.0569580 0.0627362 0.0383627 0.0647638 0.0655424 0.0611071 0.0670958 0.0891032 0.0953842 0.0484622 0.1100848 0.0812617 0.0793617 0.0560089 0.0499042 0.0628157 0.1080547 0.1092937 0.0394324 0.0886515 0.0950532 0.0680655 0.0545683 0.0498096 0.1092937 0.0486409 0.0858121 0.0501422 0.0384377 0.0332574 0.0328030 0.0692797 0.0454290 0.0531686 0.0556083 0.0613920 0.0712139 0.0654839 0.0661222 0.0383024 0.0542333 0.1043589 0.0610973 0.0490861 0.0387858 0.0378847 0.0441120 0.0609803 0.0837167 0.0550428 0.0391141 0.0553669 0.0437733 0.0000010 0.0503686 0.0548811 0.0663994 0.0732733 0.0437322 0.0544928 0.0440061 0.0829579 0.0680559 0.0624559 0.0549050 0.0431264 0.0551680 0.0586464 0.0532297 0.0884951 0.0669164 0.0500696 0.0642714 
S0552sl       0.1555057 0.0620297 0.0506076 0.1158769 0.0632016 0.0735799 0.0616778 0.0471728 0.0337152 0.0739157 0.0396899 0.0748660 0.0554587 0.0734394 0.0667765 0.0786550 0.0000010 0.0783657 0.0922956 0.0860730 0.0672572 0.0390709 0.0802806 0.0554649 0.0798470 0.0559999 0.0621637 0.0000000 0.0632101 0.0898375 0.0517626 0.0636515 0.0744672 0.0977573 0.0639514 0.0616308 0.0557784 0.0866039 0.0442025 0.1008771 0.0688241 0.0468790 0.0568036 0.0554649 0.0692721 0.0443951 0.0501899 0.0644731 0.0528012 0.0393545 0.0727775 0.0526876 0.0512524 0.0443749 0.0287652 0.1104026 0.0612200 0.1086162 0.0769814 0.0693860 0.0424410 0.0251011 0.0482764 0.0927779 0.0875715 0.0607697 0.0382042 0.0705449 0.0640241 0.0667055 0.0513867 0.0875715 0.0614500 0.0868292 0.0347604 0.0734394 0.0340977 0.0336184 0.0571797 0.0643558 0.0981853 0.0572972 0.0633998 0.0858177 0.0558102 0.0507237 0.0394419 0.0675090 0.0992787 0.0631046 0.0609331 0.0719794 0.0389975 0.0511003 0.1207124 0.0846852 0.0686320 0.0714851 0.0554939 0.0449365 0.0000010 0.0762351 0.0566341 0.0451449 0.0849110 0.0935337 0.0666133 0.0506257 0.0974232 0.0494368 0.0513411 0.0532483 0.0442534 0.0389746 0.0611136 0.0938944 0.0915113 0.0570302 0.0622158 0.0578913 
S0558         0.1650774 0.0622110 0.0624665 0.1355232 0.0757831 0.0579448 0.0714213 0.0594808 0.0557526 0.0582066 0.0290214 0.0817805 0.0673974 0.0901436 0.0804636 0.0924347 0.0000010 0.0824844 0.0792628 0.0700088 0.0406488 0.0391201 0.0973716 0.0674131 0.0560010 0.0595262 0.0746407 0.0632101 0.0000000 0.1042256 0.0702100 0.0512992 0.0586254 0.1048541 0.0900230 0.0740160 0.0407677 0.0704381 0.0630721 0.1128359 0.0454332 0.0588809 0.0563054 0.0674131 0.0534435 0.0822611 0.0761998 0.0907606 0.0650240 0.0744591 0.0862242 0.0874625 0.0633047 0.0955573 0.0775482 0.0969135 0.0734698 0.0843190 0.0905479 0.0824798 0.0546805 0.0563349 0.0703430 0.0829757 0.0775731 0.0641484 0.0965076 0.0803785 0.0769569 0.0552214 0.0699008 0.0775731 0.0699659 0.0611103 0.0558433 0.0901436 0.0684444 0.0674085 0.0670943 0.0773735 0.1126443 0.0458439 0.0669516 0.0578295 0.0606901 0.0939343 0.0563302 0.0520879 0.0925876 0.0825391 0.0496509 0.0752717 0.0615595 0.0574438 0.1278484 0.0726195 0.0815837 0.0919713 0.0820908 0.0809354 0.0000010 0.0898150 0.0754045 0.0686993 0.0843038 0.1112156 0.0551439 0.0875476 0.0771469 0.0569747 0.0975452 0.0686507 0.0796308 0.0817597 0.0908233 0.0944063 0.0826360 0.0692618 0.0506616 0.0929408 
S0616         0.1783513 0.1094794 0.0686700 0.1270088 0.0824512 0.0929036 0.0526856 0.0524514 0.0672585 0.0933427 0.0675199 0.0875051 0.0670674 0.0841279 0.0595680 0.0885657 0.0000010 0.0739675 0.1317760 0.1062078 0.0793583 0.0614167 0.1078521 0.0736192 0.1367895 0.0414305 0.0787552 0.0898375 0.1042256 0.0000000 0.0620065 0.0821273 0.0940819 0.1183343 0.0604997 0.0929217 0.0795765 0.1068818 0.0693438 0.1543578 0.0812471 0.0771797 0.0872456 0.0736192 0.0887486 0.0758743 0.0827645 0.0748022 0.0527345 0.0866858 0.0832363 0.0753547 0.0512894 0.0816117 0.0921638 0.1521656 0.0797749 0.1286935 0.1006706 0.0819387 0.0537337 0.0794006 0.0814779 0.1118773 0.1131879 0.1003000 0.1120102 0.0948061 0.0764893 0.1002468 0.0630794 0.1131879 0.0799290 0.1305609 0.0695180 0.0712964 0.0681574 0.0792769 0.0425401 0.0746804 0.0797969 0.0631680 0.0540949 0.0800258 0.0557366 0.0871714 0.0561145 0.0864256 0.1087389 0.0881673 0.0936857 0.1057943 0.0669115 0.0568501 0.1044584 0.1269581 0.0881694 0.0695501 0.0887156 0.0804259 0.0000010 0.0966160 0.0684366 0.0683483 0.1017986 0.0906497 0.1001106 0.0846056 0.1289372 0.1037502 0.0756857 0.0718623 0.0918475 0.0883534 0.1009592 0.0874537 0.1050566 0.0689004 0.1098544 0.0900711 
S0624         0.1335816 0.0814510 0.0447481 0.0352365 0.0627355 0.0671056 0.0612043 0.0000029 0.0335133 0.0674052 0.0341304 0.0280032 0.0492412 0.0087942 0.0188696 0.0911797 0.0000010 0.0770632 0.0868328 0.0792347 0.0609845 0.0336071 0.0233627 0.0495439 0.0746464 0.0553125 0.0231388 0.0517626 0.0702100 0.0620065 0.0000000 0.0686377 0.0616090 0.0394004 0.0392790 0.0336851 0.0498236 0.0797148 0.0507276 0.1265352 0.0623753 0.0521539 0.0617090 0.0495439 0.0569361 0.0686924 0.0570556 0.0520669 0.0524301 0.0287001 0.0498482 0.0644446 0.0383468 0.0567627 0.0626800 0.0973171 0.0492892 0.0903002 0.0763659 0.0547687 0.0353551 0.0506166 0.0637531 0.0886955 0.0896438 0.0239821 0.0776863 0.0974899 0.0443182 0.0616222 0.0510302 0.0896438 0.0553397 0.0815599 0.0391305 0.0087942 0.0236877 0.0233644 0.0644627 0.0338403 0.0299561 0.0385260 0.0625883 0.0669736 0.0554224 0.0552080 0.0391929 0.0612125 0.1065530 0.0626390 0.0558770 0.0338368 0.0387552 0.0505227 0.0363372 0.0795463 0.0621864 0.0135763 0.0563553 0.0339848 0.0000010 0.0573957 0.0562338 0.0562038 0.0689254 0.0227735 0.0554487 0.0503775 0.0919450 0.0760016 0.0579724 0.0556847 0.0334804 0.0564261 0.0515603 0.0621131 0.0773206 0.0566235 0.0570496 0.0696818 
S0641         0.1639764 0.0449904 0.0498169 0.1314430 0.0620400 0.0384397 0.0575570 0.0581979 0.0546422 0.0385996 0.0234850 0.0858609 0.0659649 0.0879116 0.0599717 0.0711450 0.0000010 0.0890560 0.0643648 0.0492023 0.0331036 0.0281076 0.0888282 0.0545947 0.0797953 0.0464225 0.0611526 0.0636515 0.0512992 0.0821273 0.0686377 0.0000000 0.0277694 0.1020851 0.0818866 0.0611992 0.0331966 0.0494825 0.0449625 0.1208088 0.0337925 0.0586134 0.0134868 0.0545947 0.0340295 0.0395845 0.0568131 0.0825447 0.0636148 0.0672287 0.0781617 0.0643312 0.0619531 0.0667635 0.0841340 0.0830398 0.0602407 0.0974289 0.0823426 0.0805310 0.0568412 0.0506765 0.0520933 0.0958199 0.0771875 0.0627530 0.0971248 0.0677608 0.0751677 0.0439581 0.0563908 0.0771875 0.0491779 0.0740560 0.0507151 0.0750086 0.0614659 0.0605636 0.0604939 0.0697703 0.1106988 0.0394300 0.0530982 0.0383685 0.0663846 0.0731343 0.0495286 0.0332275 0.0657086 0.0805878 0.0386465 0.0616218 0.0602911 0.0448852 0.1239875 0.0667446 0.0674825 0.0896397 0.0622994 0.0734138 0.0000010 0.0749098 0.0546422 0.0381471 0.0449725 0.0944839 0.0438963 0.0738305 0.0642088 0.0399448 0.0695373 0.0390832 0.0665901 0.0439425 0.0695662 0.0660227 0.0681801 0.0435205 0.0505467 0.0630845 
