132
PAFTOL_019361 0.0000000 0.1886136 0.1309540 0.2013778 0.1429653 0.1634072 0.1976081 0.1922505 0.1759376 0.1527416 0.1673816 0.1937656 0.2084284 0.1760844 0.1645846 0.2091748 0.1656324 0.1805706 0.1723498 0.2234020 0.1646351 0.1591591 0.1513344 0.2190639 0.1337251 0.1731568 0.1913454 0.1965795 0.1949043 0.1979978 0.1618727 0.1861001 0.1801670 0.1762230 0.1906691 0.1687796 0.1790653 0.1941028 0.1927692 0.1730139 9.0000000 0.1452137 0.1956920 0.1730539 0.1804010 0.1986782 0.1741007 0.1815423 0.1824284 0.1575930 0.1734929 0.1839618 0.1498641 0.2005366 0.1830519 0.1965505 0.1801333 0.1800761 0.1381723 0.1527928 0.1581329 0.1689554 0.1600076 0.1620912 0.1793014 0.1506819 0.1359833 0.1801151 0.1908830 0.1719060 0.1613309 0.1645233 0.1525721 0.1824129 0.1525721 0.1917675 0.1731281 0.1637209 0.2104603 0.1809143 0.1692107 0.1555817 0.1683559 0.2017177 0.1655538 0.1788564 0.1865761 0.1887957 0.1967397 0.1972884 0.2271982 0.2006572 0.1988347 0.1850359 0.1654203 0.1787708 0.1934712 0.1741795 0.1444746 0.1570076 0.1770414 0.1925626 0.1932562 0.1249477 0.1866283 0.1892010 0.2054924 0.1776315 0.1728547 0.1639214 0.1506819 0.1984643 0.1357617 0.1549699 0.1634128 0.1705085 0.1527088 0.1618782 0.2100596 0.1808265 0.2186186 0.1716275 0.1938122 0.1699762 0.1863927 0.1661682 0.1892855 0.1495062 0.1611147 0.1594727 0.1944401 0.1829083 
S0055         0.1886136 0.0000000 0.0366866 0.0906292 0.0618631 0.0339304 0.1124576 0.0861411 0.0702196 0.0321655 0.0438308 0.0934088 0.1211683 0.0976659 0.0952094 0.1198540 0.0636744 0.0645502 0.1049517 0.0406911 0.0342221 0.0299111 0.0672792 0.0699585 0.0594295 0.0532790 0.0418533 0.0936149 0.1060771 0.0816597 0.0652324 0.0434456 0.0779338 0.1171142 0.0409211 0.0283400 0.0900185 0.0720903 0.0947197 0.0408058 0.0321363 0.0596889 0.1151697 0.1337271 0.0398837 0.1192813 0.0340294 0.0682617 0.0532790 0.0298968 0.0532129 0.0800255 0.0499712 0.0781160 0.0900958 0.0891391 0.0788540 0.0535313 0.0763437 0.0708499 0.0660731 0.0791214 0.0672304 0.0618407 0.0629900 0.0817297 0.0881071 0.0764029 0.1040509 0.0745218 0.0715726 0.0772665 0.1276887 0.0511364 0.1285407 0.0716376 0.0848047 0.0711770 0.1113406 0.0380833 0.0849203 0.1209664 0.0362415 0.0323574 0.0670839 0.0811480 0.0813154 0.0860112 0.1064439 0.0871827 0.1255692 0.0743970 0.1221338 0.0942651 0.0340828 0.0924147 0.0903064 0.0682805 0.0321546 0.0262066 0.0108383 0.0825684 0.0357618 0.0776814 0.0759711 0.0775110 0.0986607 0.0343342 0.0510789 0.0778712 0.0717274 0.0832229 0.0355516 0.0793749 0.0734033 0.0599492 0.0359823 0.0920103 0.0370951 0.0775022 0.0440802 0.0385325 0.0826857 0.0675745 0.0976376 0.0673947 0.0601466 0.0625300 0.0627739 0.0584090 0.0261946 0.0536330 
S0196sl       0.1309540 0.0366866 0.0000000 0.0736913 0.0311384 0.0433863 0.0981082 0.0578621 0.0534855 0.0407255 0.0551671 0.0906048 0.1112797 0.0900142 0.0745460 0.1003209 0.0480461 0.0467568 0.0917876 0.0513076 0.0407586 0.0340158 0.0596284 0.0638590 0.0383964 0.0106882 0.0435612 0.0775201 0.0923021 0.0613802 0.0509858 0.0432850 0.0695428 0.1228285 0.0576299 0.0439995 0.0623857 0.0489312 0.0725210 0.0376694 0.0367669 0.0251637 0.0831444 0.1023268 0.0520030 0.1082011 0.0400671 0.0579420 0.0134229 0.0340385 0.0079665 0.0634859 0.0140972 0.0511908 0.0599837 0.0684131 0.0497804 0.0376220 0.0475818 0.0663668 0.0548956 0.0609055 0.0470177 0.0465923 0.0680310 0.0671537 0.0558620 0.0491496 0.0766383 0.0702399 0.0481476 0.0585874 0.0953410 0.0106864 0.0962270 0.0000010 0.0635312 0.0682842 0.0874445 0.0469450 0.0678969 0.0911533 0.0494572 0.0542800 0.0469198 0.0628784 0.0642852 0.0642852 0.0565258 0.0792800 0.0962316 0.0631224 0.1161572 0.0492095 0.0339852 0.0752949 0.0571817 0.0470777 0.0694937 0.0285333 0.0410158 0.0728919 0.0403433 0.0685840 0.0592669 0.0529755 0.0746029 0.0511075 0.0079665 0.0593587 0.0532019 0.0638425 0.0460060 0.0604802 0.0496207 0.0370230 0.0371506 0.0683572 0.0441975 0.0525150 0.0480523 0.0373279 0.0530630 0.0468661 0.0795558 0.0439257 0.0403707 0.0570447 0.0342271 0.0279805 0.0406918 0.0368381 
S0278         0.2013778 0.0906292 0.0736913 0.0000000 0.0951248 0.0980485 0.1156543 0.0496305 0.0920243 0.1011300 0.1109765 0.0594106 0.1311101 0.1062955 0.0587003 0.1368259 0.0369928 0.0962176 0.1259287 0.1002369 0.1012865 0.1002504 0.0517495 0.1430677 0.0310752 0.0876977 0.1107682 0.0665839 0.1196029 0.0610781 0.0810226 0.0998891 0.0908172 0.0822779 0.0949617 0.0951867 0.0408541 0.0619685 0.0727001 0.1010174 0.0702283 0.0864497 0.1192477 0.1203186 0.1047868 0.1292162 0.0938383 0.0866538 0.0876977 0.0976318 0.0875759 0.0917992 0.0742917 0.0645073 0.1019913 0.0676942 0.0490084 0.0888497 0.0554796 0.0671689 0.0836596 0.0966614 0.0804648 0.0764539 0.1079039 0.1003494 0.0916240 0.1123002 0.0999948 0.0744467 0.0835043 0.0876958 0.1148011 0.0852826 0.1155421 0.0550633 0.0949745 0.1065411 0.1045962 0.1038062 0.0995514 0.1082676 0.1035354 0.1007186 0.0904703 0.0519787 0.0679810 0.0702132 0.1301469 0.0733232 0.0597293 0.0791612 0.1321944 0.1169179 0.1043819 0.0976387 0.1163929 0.0895543 0.1119854 0.0877202 0.0980513 0.0913996 0.1003243 0.0593384 0.1004225 0.1026681 0.0522581 0.0977336 0.0851731 0.0574524 0.0917668 0.0704322 0.0995040 0.1000851 0.0923818 0.0833514 0.1056043 0.0434156 0.0962892 0.0551649 0.1182057 0.0926957 0.1072478 0.0963992 0.0809208 0.0908804 0.0964496 0.1033092 0.0773995 0.0841103 0.0931759 0.0889770 
S0281         0.1429653 0.0618631 0.0311384 0.0951248 0.0000000 0.0695040 0.1055246 0.0728479 0.0739521 0.0677080 0.0844699 0.0888194 0.1139532 0.0793281 0.0781800 0.1181804 0.0565137 0.0567390 0.1006823 0.0729813 0.0701296 0.0646433 0.0619873 0.0894634 0.0551107 0.0487638 0.0738298 0.0769452 0.1062990 0.0688837 0.0668788 0.0756836 0.0757172 0.0939178 0.0701762 0.0671206 0.0818439 0.0627805 0.0862349 0.0600245 0.0793418 0.0480961 0.1060402 0.1195460 0.0707323 0.1171820 0.0763366 0.0630608 0.0487638 0.0648167 0.0487044 0.0737539 0.0346653 0.0673360 0.0768732 0.0835606 0.0612734 0.0580098 0.0604292 0.0631795 0.0676188 0.0790479 0.0599178 0.0586390 0.1046131 0.0602172 0.0866678 0.0763691 0.0881567 0.0717988 0.0680197 0.0757751 0.1045952 0.0466597 0.1052616 0.0679277 0.0768063 0.0686079 0.0956086 0.0672834 0.0838571 0.1055284 0.0696922 0.0599928 0.0589482 0.0762926 0.0759360 0.0805392 0.0986831 0.0664268 0.1039748 0.0789843 0.1247730 0.0871471 0.0670632 0.0841800 0.0780034 0.0695283 0.0623932 0.0605241 0.0583636 0.0839366 0.0682340 0.0675198 0.0705071 0.0812457 0.0950780 0.0600629 0.0466084 0.0688510 0.0556133 0.0758573 0.0685534 0.0510796 0.0635549 0.0597580 0.0690896 0.0774319 0.0663407 0.0772358 0.0813121 0.0637626 0.0755897 0.0551039 0.0918235 0.0642868 0.0572621 0.0716163 0.0481934 0.0580086 0.0622675 0.0577875 
S0282         0.1634072 0.0339304 0.0433863 0.0980485 0.0695040 0.0000000 0.1130635 0.0881531 0.0767399 0.0089049 0.0307676 0.0917106 0.1191531 0.0905237 0.1078894 0.1127194 0.0752641 0.0719388 0.1206911 0.0469800 0.0145384 0.0143574 0.0653902 0.0656852 0.0547138 0.0581973 0.0373045 0.0988652 0.1063538 0.0864361 0.0623617 0.0527931 0.0779314 0.1300784 0.0447125 0.0145644 0.0854473 0.0791128 0.0947225 0.0426651 0.0152233 0.0553953 0.1167490 0.1364207 0.0508677 0.1172530 0.0181572 0.0624957 0.0625591 0.0070375 0.0581234 0.0768666 0.0500940 0.0802865 0.0765634 0.0940070 0.0872365 0.0652055 0.0848247 0.0710866 0.0652353 0.0715124 0.0643355 0.0584806 0.0567592 0.0766181 0.0954720 0.0770629 0.0975022 0.0823475 0.0662953 0.0787288 0.1305469 0.0603421 0.1285211 0.0786094 0.0865056 0.0782638 0.0976128 0.0359636 0.0795150 0.1215602 0.0180185 0.0420626 0.0670796 0.0765609 0.0860716 0.0908112 0.0995272 0.1000282 0.1258435 0.0789493 0.1201029 0.0909230 0.0183137 0.0813510 0.0986698 0.0702644 0.0199429 0.0089826 0.0387765 0.0817970 0.0354854 0.0886365 0.0824668 0.0841390 0.1069372 0.0380651 0.0559394 0.0783048 0.0732000 0.0879754 0.0088487 0.0743082 0.0704261 0.0671842 0.0162276 0.0922185 0.0409015 0.0796466 0.0498739 0.0403789 0.0927950 0.0720677 0.1026396 0.0601316 0.0721258 0.0629845 0.0627691 0.0612204 0.0338009 0.0653187 
S0288         0.1976081 0.1124576 0.0981082 0.1156543 0.1055246 0.1130635 0.0000000 0.1099385 0.0920310 0.1186936 0.1335714 0.1318035 0.0071085 0.0810666 0.1311461 0.0183188 0.1002757 0.1039103 0.1170436 0.1336828 0.1212050 0.1176171 0.0854070 0.1583732 0.0872767 0.1130835 0.1308875 0.1326671 0.0118426 0.1120919 0.0921919 0.1223920 0.0882846 0.1243223 0.1193531 0.1062260 0.1170770 0.1161535 0.1416726 0.1105585 0.1621423 0.0989432 0.0206939 0.1598338 0.1179392 0.0089523 0.1207532 0.0920423 0.1078712 0.1091814 0.1077090 0.0964575 0.0856281 0.1163096 0.0761673 0.1410225 0.1140465 0.1058614 0.0767460 0.0377401 0.0928493 0.0973639 0.0842788 0.0738827 0.1145961 0.1118955 0.1262205 0.1476826 0.0923353 0.0892919 0.0986020 0.0950048 0.1596054 0.1104151 0.1589984 0.1017276 0.0980269 0.1104020 0.0875461 0.1264435 0.1039611 0.1428366 0.1154960 0.1211760 0.0939644 0.1058269 0.1417144 0.1445110 0.0137463 0.1226014 0.1583957 0.0820549 0.0090540 0.0054004 0.1211645 0.0730372 0.1214581 0.0803745 0.0979376 0.1068235 0.1161183 0.1029055 0.1235435 0.0935001 0.0956248 0.1026340 0.1551866 0.1123498 0.1050808 0.1151786 0.0996080 0.1386799 0.1219014 0.0979068 0.0957190 0.1030871 0.1153088 0.1222243 0.1204875 0.1041718 0.1337503 0.1040236 0.1270044 0.1014261 0.1598203 0.0925860 0.1060134 0.1246002 0.0869299 0.1017336 0.1128462 0.1059892 
S0289         0.1922505 0.0861411 0.0578621 0.0496305 0.0728479 0.0881531 0.1099385 0.0000000 0.0824311 0.0863144 0.0921802 0.0611642 0.1219475 0.0898748 0.0520119 0.1274948 0.0352231 0.0736310 0.1070012 0.0908714 0.0864419 0.0808383 0.0498184 0.1285838 0.0354920 0.0734688 0.1005946 0.0579012 0.1039697 0.0495610 0.0715305 0.0867427 0.0764179 0.0810398 0.0851899 0.0860968 0.0540544 0.0492863 0.0701721 0.0800731 0.0637553 0.0739244 0.1168536 0.1245107 0.1027456 0.1200505 0.0875284 0.0769408 0.0734688 0.0830469 0.0733706 0.0867355 0.0600538 0.0582537 0.0955375 0.0650781 0.0383865 0.0731729 0.0569656 0.0692823 0.0746672 0.0867001 0.0664724 0.0655271 0.0982396 0.0914258 0.0988976 0.0990368 0.1025345 0.0852361 0.0717711 0.0798709 0.1207043 0.0663466 0.1215083 0.0624037 0.0849174 0.0839198 0.1098549 0.0937279 0.0886564 0.1215110 0.0957200 0.0910779 0.0729647 0.0517840 0.0653608 0.0676406 0.1123158 0.0697047 0.0657901 0.0734558 0.1229271 0.0997757 0.0893581 0.1003022 0.0904970 0.0800142 0.0960421 0.0738408 0.0930274 0.0895240 0.0856213 0.0492139 0.0956574 0.0928309 0.0579000 0.0831319 0.0710455 0.0542234 0.0843105 0.0678592 0.0825364 0.0890127 0.0749311 0.0715622 0.0859099 0.0474160 0.0866546 0.0577875 0.0963967 0.0724336 0.0798922 0.0737669 0.0785384 0.0703578 0.0810186 0.0913099 0.0607746 0.0675656 0.0808546 0.0732930 
S0292         0.1759376 0.0702196 0.0534855 0.0920243 0.0739521 0.0767399 0.0920310 0.0824311 0.0000000 0.0795282 0.0929319 0.0975378 0.1027373 0.0993971 0.0880776 0.1016554 0.0576357 0.0581795 0.0930477 0.0947604 0.0853295 0.0788577 0.0576855 0.1174997 0.0578963 0.0707436 0.0941206 0.0937559 0.0947197 0.0850641 0.0362524 0.0927842 0.0961445 0.0924409 0.0796824 0.0802284 0.0886394 0.0787532 0.0937795 0.0723214 0.0901131 0.0745928 0.0956088 0.1547188 0.0872116 0.1008646 0.0814900 0.0407792 0.0662103 0.0764417 0.0706493 0.0423018 0.0603143 0.0756772 0.0793759 0.0908199 0.0793946 0.0472544 0.0550859 0.0561809 0.0407364 0.0405706 0.0380467 0.0366680 0.0986004 0.0963203 0.1070981 0.0999174 0.0905697 0.0718485 0.0476309 0.0471610 0.1416885 0.0684362 0.1396803 0.0647384 0.0470006 0.0661890 0.1006971 0.0827038 0.0445253 0.1369076 0.0828253 0.0798058 0.0486356 0.0723749 0.0852142 0.0876184 0.0730888 0.0938201 0.1193686 0.0875397 0.1078451 0.0691712 0.0874019 0.0873659 0.0935068 0.0071166 0.0696368 0.0682868 0.0715275 0.0477597 0.0764489 0.0636303 0.0178973 0.0088710 0.1071113 0.0782052 0.0683527 0.0772295 0.0780669 0.0878861 0.0857965 0.0858314 0.0377605 0.0518875 0.0816333 0.0872753 0.0823541 0.0811035 0.0922057 0.0720181 0.0835566 0.0582818 0.0995078 0.0361112 0.0494989 0.0901196 0.0492799 0.0523340 0.0748799 0.0473491 
S0293         0.1527416 0.0321655 0.0407255 0.1011300 0.0677080 0.0089049 0.1186936 0.0863144 0.0795282 0.0000000 0.0330064 0.0947527 0.1247757 0.0886904 0.1060270 0.1182166 0.0734424 0.0701363 0.1116872 0.0451914 0.0127703 0.0126115 0.0681842 0.0638648 0.0527806 0.0563980 0.0355707 0.0969699 0.1067775 0.0845855 0.0649656 0.0509551 0.0761547 0.1207571 0.0429280 0.0127707 0.0883874 0.0772603 0.0928572 0.0408783 0.0211256 0.0536124 0.1201764 0.1345433 0.0533127 0.1228840 0.0164040 0.0651065 0.0607636 0.0052983 0.0563264 0.0796615 0.0482731 0.0757549 0.0817618 0.0921552 0.0819302 0.0634003 0.0693173 0.0738569 0.0678978 0.0742233 0.0669526 0.0563380 0.0546363 0.0748183 0.0936369 0.0752510 0.0956812 0.0852246 0.0690038 0.0768846 0.1287044 0.0585454 0.1295692 0.0786094 0.0894103 0.0764253 0.1006698 0.0342000 0.0823553 0.1219350 0.0162783 0.0402997 0.0652833 0.0793475 0.0842272 0.0889715 0.0985172 0.0981609 0.1292460 0.0771527 0.1257847 0.0900241 0.0165453 0.0842619 0.0968240 0.0729970 0.0140141 0.0072140 0.0369764 0.0845850 0.0337425 0.0806010 0.0852777 0.0870174 0.1050872 0.0362966 0.0541412 0.0810845 0.0714221 0.0861408 0.0112580 0.0725075 0.0730897 0.0629413 0.0144791 0.0903547 0.0391029 0.0824893 0.0480594 0.0386003 0.0909624 0.0702624 0.0911591 0.0627075 0.0703209 0.0589021 0.0609696 0.0593995 0.0320422 0.0635127 
S0294         0.1673816 0.0438308 0.0551671 0.1109765 0.0844699 0.0307676 0.1335714 0.0921802 0.0929319 0.0330064 0.0000000 0.1026897 0.1368948 0.1108410 0.1033141 0.1328105 0.0865197 0.0877095 0.1227834 0.0580928 0.0372480 0.0286588 0.0783673 0.0890926 0.0643540 0.0745588 0.0519131 0.1096041 0.1206787 0.0842139 0.0734426 0.0641407 0.0886001 0.1422882 0.0595639 0.0312613 0.0995302 0.0938604 0.1122771 0.0625712 0.0507237 0.0741560 0.1377001 0.1299299 0.0645742 0.1380448 0.0391378 0.0790663 0.0792628 0.0306689 0.0744566 0.0954152 0.0666207 0.0929739 0.0923932 0.1113686 0.0963082 0.0852198 0.0738910 0.0868045 0.0793901 0.0895211 0.0764157 0.0760427 0.0526333 0.0948362 0.1038867 0.0878574 0.1122296 0.0929295 0.0815644 0.0957606 0.1198809 0.0719379 0.1177654 0.0908971 0.1010434 0.0973156 0.1199920 0.0567815 0.0981436 0.1175595 0.0369597 0.0547136 0.0871836 0.0901489 0.1027030 0.1077916 0.1216733 0.1100222 0.1334990 0.0872327 0.1412098 0.1083245 0.0373800 0.1001335 0.1083918 0.0909105 0.0367086 0.0290467 0.0492608 0.1003716 0.0540951 0.0932085 0.1038681 0.0960162 0.1159728 0.0526872 0.0720956 0.0940630 0.0864086 0.1046641 0.0335038 0.0923218 0.0857404 0.0873296 0.0369237 0.1043967 0.0578687 0.0911789 0.0660070 0.0577275 0.0989553 0.0787950 0.1168288 0.0794455 0.0928460 0.0726675 0.0824614 0.0777939 0.0437043 0.0853476 
S0299         0.1937656 0.0934088 0.0906048 0.0594106 0.0888194 0.0917106 0.1318035 0.0611642 0.0975378 0.0947527 0.1026897 0.0000000 0.1404592 0.1126110 0.0566345 0.1368486 0.0350266 0.0881381 0.1500749 0.1122906 0.0995297 0.0910942 0.0559031 0.1364546 0.0312029 0.0920845 0.1012905 0.0784628 0.1327572 0.0588624 0.0858879 0.1094550 0.0896999 0.0905936 0.0975959 0.0965592 0.0508643 0.0561378 0.0755279 0.1003794 0.0570030 0.0933849 0.1355809 0.1275549 0.1193744 0.1417537 0.0947296 0.0891070 0.0970046 0.0913248 0.0968650 0.1046896 0.0783504 0.0550999 0.1051525 0.0749934 0.0457341 0.0745152 0.1342601 0.0767570 0.0841648 0.0885411 0.0832169 0.0821392 0.1201961 0.1057771 0.0980122 0.1061934 0.1040985 0.0868789 0.0927888 0.0965173 0.1224952 0.0892763 0.1233244 0.0490755 0.0993334 0.1073526 0.1087967 0.0903843 0.1024135 0.1156647 0.1016382 0.1071666 0.0933381 0.0561590 0.0699091 0.0721403 0.1350945 0.0666609 0.0634186 0.0830557 0.1488684 0.1216392 0.1000069 0.0990065 0.1180305 0.0950235 0.1183785 0.0863950 0.0979256 0.1156442 0.0933547 0.0741496 0.1083733 0.1083793 0.0497446 0.0991107 0.0943644 0.0571917 0.1098073 0.0723628 0.0761250 0.1081502 0.0952563 0.0803026 0.0933373 0.0499854 0.0916364 0.0633965 0.1253517 0.0939149 0.1104296 0.0880529 0.0886799 0.0871267 0.0875673 0.0854122 0.0797416 0.0761537 0.1016979 0.0771098 
S0303         0.2084284 0.1211683 0.1112797 0.1311101 0.1139532 0.1191531 0.0071085 0.1219475 0.1027373 0.1247757 0.1368948 0.1404592 0.0000000 0.0847082 0.1494876 0.0237055 0.1122073 0.1146908 0.1170436 0.1393987 0.1271148 0.1236582 0.0949963 0.1710355 0.0990296 0.1220197 0.1398228 0.1513473 0.0218955 0.1149849 0.1029273 0.1285133 0.0919180 0.1330339 0.1275888 0.1153506 0.1320904 0.1286020 0.1469419 0.1187153 0.1795189 0.1132445 0.0303219 0.1755775 0.1267750 0.0052665 0.1267956 0.1027669 0.1167939 0.1152268 0.1166185 0.1047441 0.0976344 0.1226443 0.0891662 0.1462751 0.1292399 0.1140281 0.0767460 0.0522016 0.1066422 0.1081627 0.0925393 0.0830612 0.1218776 0.1260218 0.1441736 0.1536810 0.1028892 0.0961286 0.1098461 0.1088113 0.1786215 0.1193419 0.1746767 0.1017276 0.1064152 0.1187228 0.0980694 0.1324918 0.1157438 0.1580468 0.1236030 0.1293475 0.1046730 0.1170518 0.1469820 0.1497483 0.0137463 0.1400836 0.1708501 0.0807418 0.0145031 0.0054004 0.1272335 0.0891125 0.1354788 0.0907683 0.0979376 0.1132084 0.1271813 0.1135484 0.1316930 0.1015950 0.1062251 0.1134661 0.1674241 0.1204664 0.1139800 0.1270185 0.1134810 0.1439640 0.1292556 0.1118589 0.1039499 0.1112567 0.1213719 0.1402713 0.1260031 0.1136058 0.1421478 0.1124989 0.1383235 0.1149062 0.1621356 0.1033678 0.1169595 0.1308499 0.1002122 0.1099837 0.1236100 0.1141517 
S0308         0.1760844 0.0976659 0.0900142 0.1062955 0.0793281 0.0905237 0.0810666 0.0898748 0.0993971 0.0886904 0.1108410 0.1126110 0.0847082 0.0000000 0.1105631 0.0849751 0.0809417 0.0921367 0.1114869 0.1052871 0.0948740 0.0831818 0.0808055 0.1167503 0.0653107 0.0909615 0.1026268 0.1092761 0.0800468 0.0947890 0.0819459 0.1132763 0.0681993 0.1015014 0.1039825 0.0834017 0.1005421 0.0883383 0.1086705 0.0959413 0.1328239 0.0855591 0.0771247 0.1549857 0.1106765 0.0852162 0.0958565 0.0828066 0.0958025 0.0853933 0.0908336 0.0915002 0.0754617 0.0968926 0.0650057 0.1082110 0.0852801 0.0926510 0.0633575 0.0481016 0.0802835 0.0904318 0.0722546 0.0753524 0.0967939 0.0870349 0.1155254 0.1142965 0.0761160 0.0759616 0.0807002 0.0833409 0.1362742 0.0933296 0.1432353 0.0560447 0.0896725 0.0993642 0.0785167 0.1086993 0.1046183 0.1391441 0.0949975 0.0961446 0.0816789 0.0883236 0.0989997 0.1047055 0.0699439 0.0918513 0.1221095 0.0643404 0.0891951 0.0624494 0.0969999 0.0628898 0.1177831 0.0864621 0.0673180 0.0789072 0.0978977 0.1112670 0.0962646 0.0781420 0.1006366 0.1072881 0.1294870 0.0882542 0.0883973 0.0961985 0.0902962 0.0995384 0.0931748 0.0861642 0.0931552 0.0900309 0.0882760 0.1004345 0.0959417 0.0885293 0.1119406 0.0903105 0.1084322 0.0872348 0.1122259 0.0894769 0.0925798 0.1076000 0.0841921 0.0908485 0.0969167 0.0902804 
S0320         0.1645846 0.0952094 0.0745460 0.0587003 0.0781800 0.1078894 0.1311461 0.0520119 0.0880776 0.1060270 0.1033141 0.0566345 0.1494876 0.1105631 0.0000000 0.1454825 0.0397664 0.0822956 0.1124737 0.1122374 0.1155624 0.1000803 0.0503817 0.1247352 0.0449213 0.0897540 0.1147691 0.0671656 0.1380059 0.0618450 0.0789823 0.0992994 0.0981614 0.0882314 0.0935928 0.0970248 0.0587365 0.0587141 0.0905266 0.0911873 0.0903243 0.0932679 0.1285047 0.1119078 0.1157989 0.1476218 0.1016693 0.0850527 0.0897540 0.1023906 0.0896262 0.0951194 0.0784513 0.0620612 0.0976573 0.0849944 0.0468852 0.0708336 0.0719165 0.0766402 0.0768906 0.0945532 0.0737848 0.0774111 0.1245239 0.1117113 0.0806298 0.0989019 0.1089336 0.0826178 0.0818541 0.0909000 0.1083540 0.0821589 0.1090537 0.0648832 0.0842895 0.0975962 0.1164255 0.0982953 0.0972879 0.1122107 0.1134387 0.1000893 0.0840975 0.0548617 0.0795568 0.0819080 0.1333722 0.0766154 0.0670269 0.0833225 0.1565505 0.1198071 0.1094061 0.0900868 0.1012098 0.0830426 0.1169311 0.0957137 0.0877150 0.1039631 0.0938701 0.0423193 0.0968176 0.0986732 0.0424802 0.0921572 0.0871622 0.0554695 0.0917543 0.0821605 0.0853535 0.1052686 0.0809923 0.0801832 0.1018253 0.0399426 0.0953514 0.0643388 0.1205932 0.0876234 0.0801668 0.0872673 0.0934231 0.0781206 0.0841277 0.0940363 0.0698229 0.0777417 0.0950155 0.0684329 
S0322         0.2091748 0.1198540 0.1003209 0.1368259 0.1181804 0.1127194 0.0183188 0.1274948 0.1016554 0.1182166 0.1328105 0.1368486 0.0237055 0.0849751 0.1454825 0.0000000 0.1113049 0.1113479 0.1253440 0.1398848 0.1253419 0.1171680 0.0857989 0.1609521 0.0979487 0.1206881 0.1325082 0.1472502 0.0305104 0.1199197 0.0997308 0.1314379 0.0920762 0.1415964 0.1308856 0.1090488 0.1312890 0.1299181 0.1513144 0.1102787 0.1455151 0.1120189 0.0246681 0.1712164 0.1253957 0.0219259 0.1202291 0.0995753 0.1206881 0.1089304 0.1205077 0.1079097 0.0940925 0.1275644 0.0823619 0.1562958 0.1200652 0.1133926 0.0694222 0.0453472 0.1033604 0.1021088 0.0894912 0.0823659 0.1191518 0.1322560 0.1290936 0.1448228 0.0985725 0.0927362 0.1040539 0.1005706 0.1678099 0.1232287 0.1703416 0.1175230 0.1052838 0.1174326 0.0937678 0.1257821 0.1144913 0.1539921 0.1177124 0.1326351 0.1014645 0.1163894 0.1492798 0.1520448 0.0193882 0.1416653 0.1673537 0.0823700 0.0221886 0.0108819 0.1206292 0.0823139 0.1370646 0.0907287 0.1059033 0.1076654 0.1270099 0.1137696 0.1229630 0.1096280 0.1051190 0.1122627 0.1605127 0.1236435 0.1178743 0.1205423 0.1166072 0.1462558 0.1247275 0.1201421 0.1007757 0.1106410 0.1149130 0.1364096 0.1252535 0.1123694 0.1456595 0.1042637 0.1345321 0.1059430 0.1644723 0.1001534 0.1158771 0.1271828 0.0967154 0.1090579 0.1268313 0.1131934 
S0327         0.1656324 0.0636744 0.0480461 0.0369928 0.0565137 0.0752641 0.1002757 0.0352231 0.0576357 0.0734424 0.0865197 0.0350266 0.1122073 0.0809417 0.0397664 0.1113049 0.0000000 0.0546680 0.1114751 0.0826038 0.0766148 0.0682778 0.0378552 0.1103185 0.0189278 0.0570906 0.0846450 0.0463876 0.1038818 0.0502813 0.0544988 0.0775306 0.0673906 0.0533469 0.0710125 0.0706651 0.0434794 0.0290501 0.0486789 0.0683981 0.0463913 0.0652957 0.1068371 0.1094999 0.0821968 0.1103157 0.0719451 0.0572261 0.0617218 0.0704162 0.0616411 0.0664408 0.0531562 0.0363526 0.0814344 0.0462872 0.0362523 0.0502684 0.0552994 0.0525934 0.0503354 0.0640323 0.0519443 0.0519012 0.0907878 0.0830657 0.0776573 0.0812899 0.0839417 0.0655231 0.0596997 0.0602778 0.0974655 0.0594638 0.0980820 0.0483548 0.0710037 0.0744225 0.0908501 0.0734373 0.0735930 0.0958609 0.0776709 0.0709613 0.0567115 0.0384970 0.0417226 0.0438180 0.1089836 0.0412006 0.0501652 0.0568253 0.1168234 0.0968452 0.0762700 0.0775062 0.0835946 0.0553122 0.0859351 0.0641791 0.0674538 0.0767938 0.0656401 0.0414674 0.0701933 0.0671021 0.0486098 0.0683318 0.0593931 0.0401142 0.0725321 0.0417824 0.0702562 0.0802729 0.0607571 0.0502015 0.0752700 0.0352273 0.0680159 0.0450377 0.0865685 0.0608818 0.0769615 0.0547656 0.0533847 0.0569829 0.0594906 0.0680534 0.0454911 0.0506372 0.0662244 0.0530760 
S0335         0.1805706 0.0645502 0.0467568 0.0962176 0.0567390 0.0719388 0.1039103 0.0736310 0.0581795 0.0701363 0.0877095 0.0881381 0.1146908 0.0921367 0.0822956 0.1113479 0.0546680 0.0000000 0.0695656 0.0708150 0.0749573 0.0650935 0.0627478 0.0995707 0.0575674 0.0558940 0.0765594 0.0877801 0.1047151 0.0816444 0.0470049 0.0691015 0.0838050 0.0945582 0.0700133 0.0699568 0.0877837 0.0706823 0.0852830 0.0625974 0.0705993 0.0661865 0.0991157 0.1448794 0.0802921 0.1128405 0.0768921 0.0449170 0.0558940 0.0671959 0.0558235 0.0582667 0.0545022 0.0723107 0.0798537 0.0824406 0.0712525 0.0448567 0.0692232 0.0536671 0.0495989 0.0576897 0.0466780 0.0439296 0.0932972 0.0908548 0.1007445 0.0819885 0.1021231 0.0775627 0.0573850 0.0596320 0.1310683 0.0537181 0.1319507 0.0362636 0.0621919 0.0423404 0.1094160 0.0655991 0.0648137 0.1295662 0.0789290 0.0721135 0.0379436 0.0669875 0.0770437 0.0793857 0.0789646 0.0881751 0.1035480 0.0773898 0.1202005 0.0681942 0.0672875 0.0847300 0.0553912 0.0562712 0.0777871 0.0610269 0.0607914 0.0590355 0.0643146 0.0735177 0.0638471 0.0607041 0.0917906 0.0676985 0.0536567 0.0788624 0.0830768 0.0796328 0.0677006 0.0851916 0.0525714 0.0279674 0.0719052 0.0805521 0.0723751 0.0731867 0.0789172 0.0619970 0.0430228 0.0144116 0.0881556 0.0468021 0.0461515 0.0690707 0.0380320 0.0302035 0.0626974 0.0449480 
S0345         0.1723498 0.1049517 0.0917876 0.1259287 0.1006823 0.1206911 0.1170436 0.1070012 0.0930477 0.1116872 0.1227834 0.1500749 0.1170436 0.1114869 0.1124737 0.1253440 0.1114751 0.0695656 0.0000000 0.1202020 0.1216123 0.1248183 0.0863716 0.1459955 0.0914539 0.1087639 0.1065332 0.1438275 0.1057575 0.1120078 0.0895409 0.0947605 0.1010535 0.1209051 0.1075165 0.1150878 0.1180237 0.1217201 0.1345202 0.0824198 8.9999983 0.1012956 0.1010953 0.2000676 0.1026305 0.1141607 0.1242661 0.0937838 0.1048511 0.1158791 0.1085208 0.0963458 0.0867014 0.1312345 0.1097712 0.1297255 0.1208936 0.0914375 0.0789499 0.0790963 0.0861877 0.1020555 0.0812340 0.0823142 0.1344862 0.0930006 0.1302932 0.1525503 0.1208418 0.0865091 0.0737977 0.0754975 0.1731366 0.1048363 0.1731366 0.0781837 0.0970176 0.0564575 0.1368437 0.1090200 0.0794428 0.1752775 0.1250174 0.1192433 0.0836636 0.1162067 0.1252223 0.1292864 0.1068892 0.1414440 0.1515692 0.1090862 0.1092162 0.0946513 0.1301318 0.1122336 0.0189453 0.1015837 0.0953526 0.1154772 0.0958431 0.0940295 0.1155886 0.0648465 0.0993950 0.0987466 0.1377158 0.1072791 0.1046180 0.1303511 0.0930006 0.1252440 0.1272609 0.0966688 0.0877177 0.0755568 0.1147967 0.0934771 0.1021622 0.1019891 0.1340203 0.0820150 0.0162009 0.0658352 0.1300477 0.0926127 0.0896359 0.0964315 0.0709393 0.0762238 0.1026233 0.0837101 
S0376         0.2234020 0.0406911 0.0513076 0.1002369 0.0729813 0.0469800 0.1336828 0.0908714 0.0947604 0.0451914 0.0580928 0.1122906 0.1393987 0.1052871 0.1122374 0.1398848 0.0826038 0.0708150 0.1202020 0.0000000 0.0448871 0.0469578 0.0799060 0.0741289 0.0755640 0.0687129 0.0382818 0.1075789 0.1225424 0.0890608 0.0740676 0.0530934 0.0937846 0.1350167 0.0412471 0.0450709 0.0955733 0.0795928 0.1021415 0.0482208 0.0503153 0.0778151 0.1351796 0.1368189 0.0604070 0.1375218 0.0471062 0.0773479 0.0687129 0.0426795 0.0686214 0.0949338 0.0630368 0.0861898 0.0975847 0.0960980 0.0928623 0.0664027 0.0988580 0.0826194 0.0823062 0.0938107 0.0763953 0.0773314 0.0632515 0.0907062 0.0908285 0.0832005 0.1148722 0.0992813 0.0885757 0.0946076 0.1197707 0.0664104 0.1263671 0.0865754 0.1003908 0.0870462 0.1225230 0.0471951 0.1029503 0.1239587 0.0512440 0.0324692 0.0762216 0.0865373 0.0942671 0.0992425 0.1354079 0.1050972 0.1350279 0.0962355 0.1383803 0.1219297 0.0493579 0.1056209 0.1022673 0.0927524 0.0427215 0.0326025 0.0370409 0.0887902 0.0425533 0.0924294 0.1007021 0.0978464 0.1082469 0.0285139 0.0663295 0.0952217 0.0826567 0.0962251 0.0495103 0.0907586 0.0826533 0.0684154 0.0491634 0.1083292 0.0398335 0.0946070 0.0375469 0.0497791 0.0893440 0.0716307 0.1115934 0.0812814 0.0686425 0.0831752 0.0691232 0.0645005 0.0204512 0.0665186 
S0400         0.1646351 0.0342221 0.0407586 0.1012865 0.0701296 0.0145384 0.1212050 0.0864419 0.0853295 0.0127703 0.0372480 0.0995297 0.1271148 0.0948740 0.1155624 0.1253419 0.0766148 0.0749573 0.1216123 0.0448871 0.0000000 0.0183870 0.0769593 0.0686310 0.0625825 0.0587177 0.0399873 0.1007576 0.1130159 0.0892553 0.0726759 0.0505994 0.0810797 0.1222742 0.0473000 0.0205762 0.0971336 0.0857047 0.0862788 0.0477517 0.0267624 0.0609095 0.1234252 0.1451908 0.0577809 0.1289062 0.0223258 0.0728375 0.0631191 0.0108109 0.0586424 0.0879524 0.0530216 0.0839573 0.0852446 0.0856437 0.0943583 0.0681182 0.0784871 0.0795966 0.0757851 0.0822556 0.0747017 0.0673629 0.0600927 0.0797853 0.0999702 0.0746351 0.1020221 0.0937702 0.0770291 0.0852767 0.1361047 0.0608818 0.1399022 0.0863850 0.0980472 0.0814496 0.1071599 0.0407542 0.0907883 0.1320307 0.0202228 0.0445725 0.0730452 0.0876147 0.0811242 0.0858134 0.1081502 0.1074329 0.1285891 0.0823286 0.1290373 0.0992848 0.0184692 0.0903470 0.1022018 0.0786537 0.0171230 0.0090812 0.0369461 0.0896118 0.0402031 0.0893398 0.0936229 0.0930461 0.1089493 0.0405137 0.0564385 0.0893296 0.0762699 0.0830307 0.0184785 0.0774369 0.0809789 0.0701191 0.0203221 0.0939429 0.0459602 0.0909293 0.0525969 0.0453629 0.0962041 0.0758241 0.0974221 0.0703335 0.0727790 0.0626694 0.0662519 0.0640928 0.0361621 0.0682343 
S0405         0.1591591 0.0299111 0.0340158 0.1002504 0.0646433 0.0143574 0.1176171 0.0808383 0.0788577 0.0126115 0.0286588 0.0910942 0.1236582 0.0831818 0.1000803 0.1171680 0.0682778 0.0650935 0.1248183 0.0469578 0.0183870 0.0000000 0.0697689 0.0609800 0.0544934 0.0536993 0.0415112 0.0882330 0.1086832 0.0811130 0.0644270 0.0505251 0.0710621 0.1262131 0.0446933 0.0164269 0.0896207 0.0745163 0.0871690 0.0405464 0.0153843 0.0531730 0.1162952 0.1226918 0.0528783 0.1217777 0.0181573 0.0674029 0.0579988 0.0106781 0.0536321 0.0789887 0.0501622 0.0803994 0.0734537 0.0865216 0.0817179 0.0628700 0.0768985 0.0732260 0.0673289 0.0736036 0.0663985 0.0609863 0.0489438 0.0761238 0.0880264 0.0722226 0.0917457 0.0793556 0.0684175 0.0762208 0.1172378 0.0558153 0.1180117 0.0945524 0.0886501 0.0757685 0.0966239 0.0377740 0.0816547 0.1105621 0.0218726 0.0420466 0.0647391 0.0786786 0.0787773 0.0834383 0.1113801 0.0944101 0.1198097 0.0719834 0.1246488 0.1024699 0.0183140 0.0855316 0.0980068 0.0723801 0.0229196 0.0089843 0.0345901 0.0843294 0.0354759 0.0851097 0.0845666 0.0862784 0.1012431 0.0380532 0.0514808 0.0778030 0.0664214 0.0806831 0.0135143 0.0738295 0.0724878 0.0648395 0.0162293 0.0867514 0.0408865 0.0725958 0.0498475 0.0382886 0.0901762 0.0652092 0.0949255 0.0621888 0.0697298 0.0586010 0.0604622 0.0588999 0.0337928 0.0629811 
S0407sl       0.1513344 0.0672792 0.0596284 0.0517495 0.0619873 0.0653902 0.0854070 0.0498184 0.0576855 0.0681842 0.0783673 0.0559031 0.0949963 0.0808055 0.0503817 0.0857989 0.0378552 0.0627478 0.0863716 0.0799060 0.0769593 0.0697689 0.0000000 0.1137684 0.0271113 0.0700758 0.0698104 0.0460343 0.0850258 0.0406349 0.0574103 0.0733939 0.0736737 0.0652593 0.0757981 0.0694090 0.0427354 0.0341838 0.0649342 0.0695187 0.0504565 0.0642604 0.0844292 0.0928744 0.0902532 0.0929252 0.0662297 0.0580657 0.0700758 0.0675412 0.0699742 0.0676809 0.0483630 0.0398594 0.0504609 0.0650433 0.0373107 0.0577117 0.0602654 0.0480526 0.0578426 0.0729265 0.0499513 0.0500875 0.0940583 0.0774192 0.0719817 0.0916469 0.0655039 0.0333308 0.0606415 0.0712233 0.0930099 0.0675699 0.0957835 0.0246892 0.0670296 0.0734017 0.0682227 0.0778543 0.0738232 0.0819629 0.0832830 0.0805214 0.0597103 0.0540769 0.0597045 0.0620823 0.0840705 0.0570224 0.0643481 0.0614153 0.0868446 0.0725186 0.0760166 0.0574941 0.0840137 0.0528208 0.0918565 0.0653075 0.0797603 0.0716440 0.0747222 0.0460913 0.0687145 0.0654770 0.0603548 0.0725406 0.0674803 0.0263181 0.0721867 0.0622982 0.0672399 0.0778309 0.0592914 0.0547699 0.0749246 0.0455138 0.0797350 0.0351994 0.0944930 0.0719775 0.0791890 0.0527398 0.0676319 0.0601576 0.0600911 0.0747679 0.0448308 0.0532174 0.0781382 0.0553328 
S0412sl       0.2190639 0.0699585 0.0638590 0.1430677 0.0894634 0.0656852 0.1583732 0.1285838 0.1174997 0.0638648 0.0890926 0.1364546 0.1710355 0.1167503 0.1247352 0.1609521 0.1103185 0.0995707 0.1459955 0.0741289 0.0686310 0.0609800 0.1137684 0.0000000 0.0900419 0.0879319 0.0812753 0.1227736 0.1707300 0.1225150 0.1034248 0.0728557 0.1078299 0.1718083 0.0726278 0.0636977 0.1182195 0.1006051 0.1217921 0.0579989 0.0794280 0.0951744 0.1592030 0.1655548 0.0507294 0.1685363 0.0686256 0.1073035 0.0927328 0.0609992 0.0878092 0.1205653 0.0844335 0.1109324 0.1180485 0.1266158 0.1029425 0.0846252 0.0987968 0.1134550 0.1045426 0.1141762 0.1032764 0.1050848 0.1091894 0.1107761 0.1241195 0.1039915 0.1331151 0.1293947 0.1058760 0.1160418 0.1575977 0.0902812 0.1587324 0.1395104 0.1183840 0.1027602 0.1411920 0.0644696 0.1228161 0.1561572 0.0636022 0.0693083 0.0926059 0.1093913 0.1176394 0.1228368 0.1510211 0.1203083 0.1672582 0.1121404 0.1816279 0.1409494 0.0630796 0.1247646 0.1227249 0.1072429 0.0561974 0.0457326 0.0582084 0.1186755 0.0644773 0.1153433 0.1132352 0.1260926 0.1306993 0.0605449 0.0853946 0.1220191 0.1029540 0.1195716 0.0600504 0.1066620 0.1099036 0.0978246 0.0656604 0.1173457 0.0741047 0.1259236 0.0814335 0.0573518 0.1143610 0.1061358 0.1292162 0.1008004 0.0843106 0.1036284 0.0963406 0.0933704 0.0651436 0.0843707 
S0417         0.1337251 0.0594295 0.0383964 0.0310752 0.0551107 0.0547138 0.0872767 0.0354920 0.0578963 0.0527806 0.0643540 0.0312029 0.0990296 0.0653107 0.0449213 0.0979487 0.0189278 0.0575674 0.0914539 0.0755640 0.0625825 0.0544934 0.0271113 0.0900419 0.0000000 0.0443419 0.0639594 0.0470262 0.0820865 0.0374461 0.0459180 0.0678471 0.0566777 0.0453046 0.0642375 0.0573322 0.0331427 0.0292258 0.0537360 0.0579241 0.0570005 0.0481510 0.0936419 0.1065276 0.0727464 0.0970794 0.0584740 0.0486016 0.0486598 0.0523262 0.0485981 0.0574922 0.0384076 0.0302790 0.0654320 0.0533708 0.0303009 0.0530085 0.0179994 0.0421569 0.0462365 0.0526328 0.0434662 0.0398394 0.0761537 0.0625791 0.0719449 0.0722463 0.0710576 0.0600696 0.0467250 0.0538718 0.1019658 0.0442499 0.1026270 0.0362622 0.0591693 0.0707279 0.0777237 0.0643990 0.0649547 0.0953817 0.0660433 0.0686305 0.0482082 0.0225724 0.0486267 0.0507795 0.0805059 0.0329624 0.0597388 0.0505611 0.0997859 0.0690293 0.0576260 0.0702522 0.0858511 0.0533864 0.0617108 0.0460628 0.0706008 0.0677631 0.0548609 0.0236098 0.0659445 0.0674112 0.0532099 0.0613475 0.0464175 0.0344573 0.0595182 0.0509500 0.0497689 0.0624131 0.0520794 0.0460055 0.0591864 0.0357773 0.0655823 0.0413236 0.0809729 0.0551655 0.0755828 0.0576722 0.0581161 0.0504437 0.0624203 0.0673152 0.0393053 0.0464045 0.0643839 0.0533568 
S0419         0.1731568 0.0532790 0.0106882 0.0876977 0.0487638 0.0581973 0.1130835 0.0734688 0.0707436 0.0563980 0.0745588 0.0920845 0.1220197 0.0909615 0.0897540 0.1206881 0.0570906 0.0558940 0.1087639 0.0687129 0.0587177 0.0536993 0.0700758 0.0879319 0.0443419 0.0000000 0.0560348 0.0933644 0.1043722 0.0737183 0.0588751 0.0642476 0.0734900 0.1223910 0.0713139 0.0562500 0.0821181 0.0704578 0.0773472 0.0498942 0.0434132 0.0423883 0.1140622 0.1412352 0.0755403 0.1201231 0.0629136 0.0617955 0.0070164 0.0536875 0.0070094 0.0708587 0.0289279 0.0733151 0.0831162 0.0767855 0.0717019 0.0561373 0.0679822 0.0711403 0.0617264 0.0685431 0.0584643 0.0571973 0.0747148 0.0722790 0.0881793 0.0681768 0.0943436 0.0797229 0.0559691 0.0634276 0.1237444 0.0052450 0.1245554 0.0582501 0.0779411 0.0727948 0.1014881 0.0586555 0.0802731 0.1261818 0.0672637 0.0658807 0.0583383 0.0720724 0.0715595 0.0738462 0.1071083 0.0922374 0.1176116 0.0744471 0.1201328 0.0948501 0.0584652 0.0830556 0.0827732 0.0687913 0.0714287 0.0476973 0.0569795 0.0783284 0.0559516 0.0779962 0.0741063 0.0780960 0.0937060 0.0614894 0.0052404 0.0781829 0.0670255 0.0740776 0.0640441 0.0699862 0.0645752 0.0491931 0.0559530 0.0863209 0.0650860 0.0750901 0.0733798 0.0520304 0.0753425 0.0587578 0.0848933 0.0586140 0.0624958 0.0650626 0.0473237 0.0474181 0.0565772 0.0559201 
S0427         0.1913454 0.0418533 0.0435612 0.1107682 0.0738298 0.0373045 0.1308875 0.1005946 0.0941206 0.0355707 0.0519131 0.1012905 0.1398228 0.1026268 0.1147691 0.1325082 0.0846450 0.0765594 0.1065332 0.0382818 0.0399873 0.0415112 0.0698104 0.0812753 0.0639594 0.0560348 0.0000000 0.1143878 0.1105311 0.0964018 0.0740377 0.0591387 0.0868469 0.1286475 0.0529704 0.0396806 0.0974291 0.0789305 0.0997939 0.0468585 0.0372980 0.0575357 0.1320208 0.1315810 0.0678455 0.1379777 0.0458078 0.0742010 0.0603730 0.0332874 0.0602960 0.0942881 0.0478649 0.0849921 0.0951883 0.0990331 0.0897063 0.0718371 0.0844364 0.0825116 0.0772954 0.0884973 0.0808619 0.0663148 0.0672244 0.0771741 0.1050218 0.0908310 0.1092498 0.0815990 0.0809739 0.0917443 0.1180774 0.0581689 0.1244262 0.0568958 0.1017581 0.0895005 0.1166170 0.0398895 0.0945663 0.1169727 0.0454430 0.0378379 0.0806820 0.0952691 0.0933627 0.0957661 0.1210569 0.1020602 0.1418697 0.0929720 0.1350555 0.1085455 0.0462508 0.0977397 0.1004633 0.0921704 0.0379145 0.0359074 0.0469006 0.0943766 0.0393608 0.0765809 0.0951436 0.0971097 0.1114679 0.0378769 0.0581013 0.0994669 0.0737226 0.0928796 0.0400187 0.0748462 0.0825402 0.0738244 0.0394839 0.1039096 0.0471418 0.0938484 0.0496125 0.0486627 0.0945806 0.0719094 0.1078049 0.0810449 0.0736557 0.0741676 0.0643349 0.0700138 0.0296461 0.0715565 
S0428sl       0.1965795 0.0936149 0.0775201 0.0665839 0.0769452 0.0988652 0.1326671 0.0579012 0.0937559 0.0969699 0.1096041 0.0784628 0.1513473 0.1092761 0.0671656 0.1472502 0.0463876 0.0877801 0.1438275 0.1075789 0.1007576 0.0882330 0.0460343 0.1227736 0.0470262 0.0933644 0.1143878 0.0000000 0.1396801 0.0559879 0.0844162 0.1019138 0.0945797 0.0786523 0.1014131 0.0929957 0.0570663 0.0525694 0.0860700 0.0941378 0.0655007 0.0896328 0.1404012 0.1202690 0.1079141 0.1494555 0.1001678 0.0853946 0.0959734 0.0934233 0.0958331 0.0981855 0.0792948 0.0520561 0.0910589 0.0804120 0.0412828 0.0940590 0.0908782 0.0778184 0.0822926 0.1004329 0.0790753 0.0834769 0.1173432 0.1075236 0.0973928 0.1076165 0.1053928 0.0798229 0.0797250 0.0829510 0.1217131 0.0934224 0.1225321 0.0699795 0.0943778 0.1048133 0.1152883 0.1065464 0.1046535 0.1149199 0.1017194 0.1062916 0.0869408 0.0714894 0.0728543 0.0775303 0.1484019 0.0608164 0.0736413 0.0796249 0.1586017 0.1341119 0.0960254 0.0966684 0.1151940 0.0912290 0.1216324 0.0859301 0.1006430 0.1071484 0.1018444 0.0686663 0.1073627 0.1046542 0.0728822 0.0977571 0.0932957 0.0589261 0.0950773 0.0777747 0.0990806 0.1034104 0.0887009 0.0856352 0.1036689 0.0439666 0.1028933 0.0526112 0.1113710 0.0904836 0.1094030 0.0879473 0.0827971 0.0873448 0.1019884 0.1068108 0.0784934 0.0864363 0.0930828 0.0941892 
S0430         0.1949043 0.1060771 0.0923021 0.1196029 0.1062990 0.1063538 0.0118426 0.1039697 0.0947197 0.1067775 0.1206787 0.1327572 0.0218955 0.0800468 0.1380059 0.0305104 0.1038818 0.1047151 0.1057575 0.1225424 0.1130159 0.1086832 0.0850258 0.1707300 0.0820865 0.1043722 0.1105311 0.1396801 0.0000000 0.1095657 0.0918040 0.1103110 0.0894663 0.1214946 0.1085653 0.1021948 0.1244716 0.1189876 0.1263563 0.1085567 0.1824291 0.1002264 0.0246745 0.1641222 0.1264632 0.0199474 0.1149019 0.0916433 0.0989304 0.0999665 0.0987745 0.0995174 0.0831218 0.1113654 0.0775817 0.1297078 0.1193706 0.1027963 0.0633868 0.0431980 0.0925706 0.0940000 0.0807903 0.0794674 0.1093610 0.1078113 0.1252646 0.1480514 0.0890723 0.0800349 0.0958184 0.0951246 0.1604637 0.1015887 0.1638775 0.0939862 0.0924095 0.1077482 0.0865479 0.1177961 0.1085705 0.1462687 0.1178538 0.1162055 0.0940671 0.1086953 0.1303766 0.1332834 0.0082056 0.1279936 0.1697553 0.0855556 0.0116867 0.0000025 0.1123077 0.0747945 0.1305612 0.0793759 0.0861372 0.0978133 0.1172446 0.1064862 0.1165872 0.0905779 0.1038715 0.1062613 0.1545541 0.1069466 0.0960354 0.1124275 0.0994561 0.1272574 0.1199092 0.1030080 0.0961022 0.0964670 0.1092052 0.1287326 0.1145990 0.0981747 0.1296913 0.1084860 0.1297558 0.0933376 0.1440291 0.0922258 0.1054506 0.1274043 0.0839270 0.0956633 0.1137033 0.1000511 
