135
PAFTOL_019361 0.0000000 0.2470911 0.2500194 0.2631791 0.2545998 0.2524389 0.2450264 0.2615871 0.2342889 0.2824826 0.2768211 0.2601353 0.2535940 0.2553131 0.2679990 0.2518386 0.2490664 0.2461338 0.2763147 0.2494080 0.2511282 0.2569469 0.2573513 0.2647516 0.2723955 0.2376769 0.2393161 0.2622945 0.2609901 0.2428598 0.2298435 0.2616861 0.2638048 0.2705764 0.2621829 0.2525753 0.2462773 0.2632784 0.2383612 0.2533212 0.2706120 0.2610281 0.2480683 0.2472078 0.2648299 0.2781017 0.2517012 0.2513012 0.2405566 0.2664645 0.2356477 0.2591337 0.2373398 0.2320664 0.2640245 0.2455122 0.2424369 0.2588825 0.2481968 0.2417911 0.2303361 0.3223813 0.2513885 0.2588278 0.2531907 0.2692102 0.2654132 0.3198228 0.2481476 0.2744317 0.2553409 0.2663098 0.2572075 0.2493816 0.2522534 0.2710929 0.2366080 0.2656403 0.2412653 0.2531597 0.2547988 0.2656144 0.2518272 0.2493919 0.2680282 0.2458124 0.2630223 0.2337682 0.2413572 0.2466855 0.2593711 0.2513723 0.2372524 0.2522326 0.2744914 0.2456157 0.2489405 0.2559993 0.2594068 0.2552646 0.2383654 0.2410415 0.2376469 0.2568967 0.2470287 0.2626201 0.2551467 0.2457032 0.2303257 0.2686263 0.2503323 0.2355332 0.2676690 0.2492275 0.2519877 0.2441693 0.2461220 0.2501678 0.2296139 0.2558756 0.2679619 0.2452979 0.2332777 0.2408104 0.2538620 0.2523586 0.2507611 0.2594016 0.2434304 0.2351111 0.2709776 0.2387165 0.2325716 0.2686005 0.2314276 
S0055         0.2470911 0.0000000 0.0821767 0.1006616 0.0889293 0.0479285 0.0968985 0.0955613 0.0636206 0.0648470 0.0992745 0.0994598 0.1023726 0.0965170 0.0903186 0.1097221 0.0827766 0.0836556 0.1058160 0.0999285 0.0846488 0.0414482 0.0485424 0.0960760 0.0834630 0.0765003 0.0787286 0.0858004 0.1006533 0.0985899 0.0857219 0.0859107 0.0783647 0.1059571 0.0956605 0.0549199 0.0471648 0.0887099 0.0751742 0.0901677 0.0730473 0.0429280 0.0887423 0.0993786 0.1507983 0.0795973 0.0990348 0.0790376 0.0395710 0.0873877 0.0757757 0.0479116 0.0771536 0.0752434 0.0881215 0.0862165 0.0798046 0.1057645 0.0863775 0.0797967 0.0604184 0.0967018 0.0934620 0.0830213 0.0780822 0.0890596 0.0891859 0.1074031 0.0870313 0.1583229 0.1023960 0.1084422 0.1097294 0.0786899 0.0787256 0.1507205 0.0782187 0.1461785 0.0873149 0.0771754 0.0812738 0.1052058 0.0519585 0.0743945 0.1520471 0.0414812 0.0596358 0.0694057 0.0829317 0.0836577 0.0943580 0.1000131 0.0779978 0.0933855 0.1109780 0.1026885 0.0979385 0.0469184 0.1088027 0.0894325 0.0677945 0.0421604 0.0426163 0.0337035 0.0793750 0.0483489 0.1013554 0.0694527 0.0657501 0.0989684 0.0528598 0.0767774 0.0883175 0.0891376 0.0884645 0.0447095 0.0881189 0.0801709 0.0685506 0.0554825 0.0908536 0.0455333 0.0761045 0.0435835 0.0732294 0.0872473 0.0887787 0.0925250 0.0724734 0.0637772 0.1055815 0.0768623 0.0685494 0.0934313 0.0634711 
S0196sl       0.2500194 0.0821767 0.0000000 0.1054203 0.0477738 0.0880836 0.0958617 0.0974096 0.0716128 0.0877083 0.1157733 0.1067122 0.1008957 0.0986088 0.0966695 0.1048816 0.0839353 0.0871710 0.1032348 0.0981500 0.0891269 0.0815365 0.0891787 0.0930863 0.0922396 0.0762478 0.0258972 0.0974618 0.0938090 0.0934271 0.0808548 0.0926924 0.0975818 0.1117549 0.1050785 0.0911348 0.0833342 0.0968025 0.0746303 0.0906513 0.0942036 0.0840197 0.0426252 0.0980596 0.1545452 0.0971430 0.0970631 0.0809393 0.0750137 0.0958250 0.0242272 0.0875945 0.0245601 0.0232156 0.0921703 0.0413022 0.0789476 0.1147699 0.0856450 0.0785336 0.0641822 0.1148285 0.0962258 0.0912317 0.0910473 0.0898336 0.0936772 0.1188245 0.0449379 0.1674700 0.1031820 0.1153109 0.1150252 0.0834360 0.0823062 0.1558997 0.0227045 0.1522607 0.1042418 0.0907526 0.0878415 0.1136211 0.0882028 0.0789878 0.1573992 0.0817387 0.1053338 0.0731287 0.0823154 0.0825273 0.0864858 0.0995694 0.0805331 0.1018063 0.1118344 0.1003456 0.0980947 0.0861149 0.1153207 0.0959159 0.0737680 0.0804911 0.0822997 0.0873044 0.0866424 0.0870970 0.0996608 0.0744377 0.0750119 0.1013095 0.0945953 0.0232129 0.0935915 0.0471191 0.0868701 0.0806386 0.0475751 0.0874586 0.0675615 0.0923474 0.0958961 0.0853107 0.0742115 0.0896991 0.0964080 0.0869427 0.0904700 0.0868171 0.0738240 0.0653117 0.1171783 0.0586505 0.0664420 0.0990834 0.0644494 
S0278         0.2631791 0.1006616 0.1054203 0.0000000 0.1040630 0.1119891 0.1211651 0.0591810 0.0932746 0.1295414 0.1334922 0.0613879 0.1239088 0.1232685 0.0541270 0.1335399 0.0575124 0.1037495 0.1279711 0.1237313 0.1127140 0.1012110 0.1074815 0.0655311 0.1225189 0.0487658 0.0965863 0.1163177 0.0749764 0.1209820 0.0639164 0.1085447 0.1180115 0.1242177 0.0404546 0.1139099 0.1039648 0.0579532 0.0636042 0.0875673 0.1151398 0.1117038 0.1009152 0.1228172 0.1679251 0.1186083 0.1224210 0.1066227 0.0999334 0.1096319 0.0918473 0.1065382 0.0948135 0.0928119 0.1107542 0.0997508 0.0651597 0.1283391 0.0831527 0.0614363 0.0864492 0.0683917 0.1190913 0.1060370 0.1044392 0.1125229 0.1090463 0.1561752 0.1080114 0.1781852 0.1259948 0.1333168 0.1311097 0.0997154 0.0986256 0.1690304 0.0964606 0.1645752 0.1025020 0.1005524 0.1089485 0.1293505 0.1134621 0.1018868 0.1717941 0.1000964 0.1173385 0.0941161 0.0522082 0.0820407 0.0938681 0.1207957 0.0631629 0.0369964 0.1346646 0.1245034 0.1194668 0.1075312 0.1311990 0.1087621 0.0962582 0.1004861 0.1024524 0.1100569 0.1089634 0.1082295 0.0883586 0.0979326 0.0969893 0.0621370 0.1099846 0.0934110 0.0614110 0.1097237 0.0853325 0.1024628 0.1108078 0.1101111 0.0901296 0.1125854 0.0526933 0.1059049 0.0598839 0.1061146 0.1104206 0.1101707 0.1053475 0.0900312 0.0931739 0.0886478 0.1338798 0.0949263 0.0901390 0.1243530 0.0899012 
S0281         0.2545998 0.0889293 0.0477738 0.1040630 0.0000000 0.0969173 0.1062774 0.0964476 0.0741649 0.1133551 0.1231276 0.1040385 0.1099919 0.1072935 0.0976456 0.1147677 0.0867908 0.0924297 0.1097421 0.1070801 0.1016700 0.0884270 0.0961081 0.0947579 0.1078927 0.0808526 0.0395018 0.1030898 0.1009645 0.1032970 0.0829476 0.0980993 0.1024455 0.1155127 0.1015381 0.1036340 0.0932430 0.0955364 0.0741165 0.0925666 0.0992281 0.0924741 0.0465567 0.1069040 0.1562390 0.1055507 0.1064998 0.0861666 0.0852516 0.0977084 0.0356755 0.0937070 0.0386258 0.0365465 0.1000628 0.0449257 0.0819438 0.1173584 0.0882404 0.0775658 0.0699157 0.1088528 0.1040208 0.0956067 0.0948379 0.1030591 0.0991908 0.1389147 0.0484193 0.1670721 0.1118591 0.1235199 0.1171702 0.0870674 0.0871204 0.1565723 0.0388087 0.1535035 0.0936647 0.0941619 0.0945829 0.1189441 0.1004483 0.0853038 0.1581311 0.0875456 0.1113849 0.0744831 0.0843693 0.0855108 0.0979633 0.1071605 0.0806343 0.1020994 0.1168049 0.1075942 0.1041083 0.0930487 0.1195578 0.0953020 0.0812633 0.0879556 0.0884844 0.0969289 0.0918092 0.0937219 0.1012792 0.0812949 0.0806115 0.0981092 0.1034740 0.0370260 0.0959159 0.0499249 0.0892839 0.0896130 0.0512426 0.0927446 0.0768827 0.0997176 0.0933852 0.0909598 0.0745086 0.0908304 0.1013895 0.0955117 0.0949466 0.0949491 0.0822608 0.0723704 0.1170321 0.0638876 0.0758847 0.1070335 0.0715919 
S0282         0.2524389 0.0479285 0.0880836 0.1119891 0.0969173 0.0000000 0.1001990 0.1031426 0.0691810 0.0340755 0.0967680 0.1078363 0.1040619 0.0997822 0.1010028 0.1125361 0.0880227 0.0888795 0.1080805 0.1017446 0.0839501 0.0191894 0.0297861 0.1072628 0.0780684 0.0837275 0.0849376 0.0867184 0.1049657 0.0997577 0.0878832 0.0853820 0.0784397 0.1114739 0.1060243 0.0419993 0.0266966 0.0990580 0.0831523 0.0950476 0.0767397 0.0192786 0.0929692 0.1020918 0.1506012 0.0806905 0.1006599 0.0860394 0.0239319 0.0874710 0.0819379 0.0252771 0.0840094 0.0813945 0.0907280 0.0909412 0.0862177 0.1101353 0.0922463 0.0876934 0.0658267 0.1031262 0.0955098 0.0830185 0.0812411 0.0890447 0.0876069 0.1016178 0.0914370 0.1577257 0.1103970 0.1117234 0.1131048 0.0823317 0.0828425 0.1499977 0.0849022 0.1453914 0.0885120 0.0817953 0.0906838 0.1067669 0.0521851 0.0779711 0.1519631 0.0244296 0.0602639 0.0739962 0.0897232 0.0915182 0.1021082 0.1017073 0.0870909 0.1020013 0.1117646 0.1032665 0.1007578 0.0296351 0.1149668 0.0922877 0.0739402 0.0258551 0.0267959 0.0551975 0.0853199 0.0508181 0.1056698 0.0735749 0.0708669 0.1068694 0.0530020 0.0834404 0.0996574 0.0930638 0.0925860 0.0235415 0.0925418 0.0849244 0.0696609 0.0406250 0.1027964 0.0441987 0.0850097 0.0445619 0.0763245 0.0916780 0.0946829 0.0974611 0.0751584 0.0692369 0.1105027 0.0820613 0.0715961 0.0938586 0.0684623 
S0288         0.2450264 0.0968985 0.0958617 0.1211651 0.1062774 0.1001990 0.0000000 0.1116365 0.0886032 0.1168635 0.1191576 0.1187164 0.0121699 0.0434764 0.1099731 0.0157542 0.0974782 0.0936401 0.1134400 0.0122276 0.0982054 0.0952804 0.1012468 0.1121003 0.1086768 0.0935170 0.0886178 0.1060370 0.1074199 0.0082363 0.0966847 0.1023733 0.1107252 0.0705387 0.1144263 0.1046572 0.0969815 0.1088013 0.0918380 0.1057374 0.1038985 0.0980758 0.0946311 0.0121395 0.1603460 0.1082711 0.0141607 0.0963510 0.0885075 0.1002557 0.0857502 0.0991278 0.0856178 0.0857880 0.1029289 0.0945668 0.0976605 0.0630991 0.1025111 0.0940260 0.0784652 0.1255900 0.0326690 0.0988297 0.0889107 0.1088629 0.1000140 0.1317973 0.1020343 0.1734614 0.1133969 0.0587790 0.0694915 0.0913884 0.0902657 0.1602635 0.0882313 0.1539327 0.1049169 0.1000407 0.1002455 0.0559963 0.1039299 0.0929054 0.1632015 0.0940389 0.1131489 0.0867570 0.0988514 0.0985166 0.1097597 0.0111631 0.0936038 0.1166010 0.0757729 0.0103016 0.0063935 0.0974574 0.0621294 0.1071351 0.0884657 0.0957603 0.0905570 0.1005444 0.0945102 0.1009906 0.1194448 0.0916334 0.0909235 0.1193084 0.1034331 0.0863408 0.1041354 0.1026492 0.1024562 0.0946234 0.1020888 0.1000692 0.0837474 0.0981645 0.1064180 0.0936358 0.0898995 0.0956877 0.1021977 0.1019968 0.0994414 0.1045643 0.0873904 0.0784626 0.1284523 0.0918157 0.0880761 0.1103327 0.0797280 
S0289         0.2615871 0.0955613 0.0974096 0.0591810 0.0964476 0.1031426 0.1116365 0.0000000 0.0819943 0.1180557 0.1265615 0.0589558 0.1152513 0.1139417 0.0416084 0.1240298 0.0578355 0.1000958 0.1166399 0.1133880 0.1059452 0.0934964 0.0991380 0.0532032 0.1140339 0.0401029 0.0890920 0.1069207 0.0736211 0.1107794 0.0597013 0.1010274 0.1125757 0.1177842 0.0597484 0.1086015 0.0988100 0.0635974 0.0611930 0.0828911 0.1068293 0.1019068 0.0971881 0.1131592 0.1568434 0.1114400 0.1133464 0.0985958 0.0909348 0.0990849 0.0845003 0.0956021 0.0876557 0.0859504 0.1033085 0.0954933 0.0614164 0.1216170 0.0780398 0.0601244 0.0780787 0.0758190 0.1080333 0.0991084 0.0976482 0.1065646 0.1000291 0.1463197 0.1026123 0.1689590 0.1216176 0.1219829 0.1184691 0.0944334 0.0928110 0.1554193 0.0885132 0.1499686 0.0863136 0.0946622 0.1045440 0.1163651 0.1035793 0.0900575 0.1582351 0.0935653 0.1084151 0.0871120 0.0439581 0.0759695 0.0896011 0.1134405 0.0638057 0.0567273 0.1213955 0.1157452 0.1096750 0.0986761 0.1210909 0.1024386 0.0875641 0.0943988 0.0937217 0.1018182 0.0993942 0.1015409 0.0880395 0.0866303 0.0859586 0.0558089 0.1023350 0.0870358 0.0478936 0.1060440 0.0790724 0.0947720 0.1058519 0.0977767 0.0820874 0.1043301 0.0571223 0.0971368 0.0607070 0.0968999 0.1048319 0.0995189 0.1017125 0.0874013 0.0884914 0.0811721 0.1205702 0.0881733 0.0815832 0.1174579 0.0818846 
S0292         0.2342889 0.0636206 0.0716128 0.0932746 0.0741649 0.0691810 0.0886032 0.0819943 0.0000000 0.0837843 0.0949042 0.0943518 0.0905319 0.0856906 0.0814579 0.0971059 0.0727021 0.0611078 0.0788407 0.0891507 0.0753960 0.0627839 0.0677861 0.0827792 0.0848649 0.0679347 0.0634747 0.0785497 0.0871318 0.0867585 0.0722634 0.0667809 0.0758542 0.0976223 0.0919928 0.0770920 0.0649338 0.0789251 0.0644252 0.0799836 0.0764838 0.0638388 0.0728481 0.0876692 0.1379621 0.0817876 0.0872902 0.0562508 0.0609857 0.0673559 0.0617348 0.0647017 0.0631503 0.0602840 0.0699125 0.0717191 0.0691395 0.0930468 0.0767398 0.0671437 0.0377076 0.1006505 0.0848629 0.0631517 0.0632430 0.0717995 0.0681356 0.1080287 0.0756222 0.1485172 0.0837625 0.1000931 0.1012023 0.0594486 0.0595566 0.1355137 0.0631533 0.1347344 0.0801192 0.0637418 0.0585082 0.0957955 0.0685945 0.0320183 0.1391199 0.0613774 0.0806386 0.0484370 0.0714185 0.0756479 0.0850820 0.0887736 0.0680478 0.0871114 0.0988413 0.0884527 0.0849706 0.0665646 0.0960036 0.0663876 0.0150017 0.0630722 0.0616129 0.0726782 0.0390056 0.0636514 0.0930209 0.0166450 0.0125448 0.0890500 0.0729007 0.0627033 0.0781094 0.0777888 0.0777452 0.0643490 0.0776727 0.0341925 0.0456363 0.0756982 0.0809429 0.0651282 0.0675505 0.0660005 0.0751002 0.0619264 0.0642010 0.0829322 0.0530681 0.0390693 0.0856392 0.0643083 0.0442646 0.0850918 0.0387186 
S0293         0.2824826 0.0648470 0.0877083 0.1295414 0.1133551 0.0340755 0.1168635 0.1180557 0.0837843 0.0000000 0.1128837 0.1243261 0.1179596 0.1155314 0.1156137 0.1271737 0.1011436 0.1030042 0.1293273 0.1165203 0.0970947 0.0357390 0.0463176 0.1299047 0.0918725 0.0959630 0.0951134 0.1011164 0.1116318 0.1140790 0.1040433 0.1053405 0.0933243 0.1204212 0.1273045 0.0569075 0.0387009 0.1187282 0.0967611 0.1086980 0.0937605 0.0333915 0.1017647 0.1154707 0.1665166 0.0966965 0.1150878 0.0954181 0.0376052 0.1109148 0.0926096 0.0422966 0.0949801 0.0920578 0.1024557 0.0999624 0.1004817 0.1279331 0.1008926 0.0997169 0.0770816 0.1321657 0.1138972 0.1042853 0.1002358 0.1007254 0.1080025 0.1048870 0.1090067 0.1741815 0.1230403 0.1266379 0.1291706 0.0984076 0.0990026 0.1680881 0.0919897 0.1649462 0.1118691 0.0984284 0.1003447 0.1228848 0.0671381 0.0923345 0.1712735 0.0395386 0.0786936 0.0848032 0.1062191 0.1005657 0.1137087 0.1164323 0.1013233 0.1209741 0.1259002 0.1167570 0.1172242 0.0438218 0.1299505 0.1067347 0.0835385 0.0419422 0.0425782 0.0702857 0.0988152 0.0643450 0.1231692 0.0849797 0.0844511 0.1209701 0.0707263 0.0944139 0.1160866 0.1122411 0.1046698 0.0395968 0.1096606 0.0933800 0.0807249 0.0541955 0.1206293 0.0604128 0.0981517 0.0630359 0.0926058 0.1040495 0.1084497 0.1066431 0.0873737 0.0783100 0.1246309 0.0973955 0.0824912 0.1077889 0.0791967 
S0294         0.2768211 0.0992745 0.1157733 0.1334922 0.1231276 0.0967680 0.1191576 0.1265615 0.0949042 0.1128837 0.0000000 0.1342328 0.1285320 0.1226808 0.1224272 0.1360685 0.1139129 0.1150767 0.1341085 0.1250280 0.1133368 0.0909274 0.0977049 0.1239773 0.0923512 0.1077222 0.1095226 0.1140224 0.1307039 0.1228834 0.1095051 0.1198971 0.0820741 0.1282992 0.1313366 0.1050177 0.0951570 0.1265883 0.1004336 0.1167200 0.0833920 0.0891556 0.1191611 0.1241178 0.1794463 0.0909863 0.1225266 0.1132081 0.0856035 0.1240204 0.1065068 0.0950643 0.1052861 0.1060666 0.1186952 0.1176107 0.1083429 0.1315752 0.1153958 0.1047641 0.0908006 0.1348793 0.1222033 0.1204762 0.1137133 0.1251415 0.1217354 0.0686449 0.1237401 0.1867892 0.1351103 0.1360532 0.1317986 0.1128769 0.1133668 0.1781592 0.1103194 0.1732319 0.1161477 0.1149927 0.1205551 0.1324847 0.1017124 0.1072479 0.1770218 0.0914727 0.1105117 0.0967352 0.1131213 0.1145076 0.1254399 0.1271308 0.1071354 0.1266593 0.1336573 0.1262560 0.1231490 0.0970253 0.1351220 0.1196303 0.1007388 0.0933694 0.0906546 0.1035616 0.1104846 0.0981583 0.1320489 0.1018070 0.0972262 0.1310392 0.1021213 0.1088160 0.1237766 0.1251545 0.1176661 0.0940243 0.1238076 0.1127241 0.0987644 0.1023770 0.1248116 0.0931953 0.1036075 0.0958794 0.0835909 0.1213897 0.1193014 0.1198318 0.1030286 0.0950012 0.1370494 0.1066330 0.0986462 0.1215310 0.0930712 
S0299         0.2601353 0.0994598 0.1067122 0.0613879 0.1040385 0.1078363 0.1187164 0.0589558 0.0943518 0.1243261 0.1342328 0.0000000 0.1219035 0.1190380 0.0549231 0.1309381 0.0640403 0.1056439 0.1268024 0.1198601 0.1123563 0.1007462 0.1049068 0.0659129 0.1164104 0.0469388 0.0960901 0.1153049 0.0757108 0.1200786 0.0654464 0.1139721 0.1153987 0.1255318 0.0621304 0.1122304 0.1024659 0.0713779 0.0679988 0.0884943 0.1116999 0.1068151 0.1020979 0.1192036 0.1664564 0.1151990 0.1215734 0.1089915 0.0978211 0.1129743 0.0903234 0.1045138 0.0947722 0.0933393 0.1166386 0.1016356 0.0686395 0.1302892 0.0840731 0.0646876 0.0891928 0.0717865 0.1155910 0.1124073 0.1093652 0.1202764 0.1146896 0.1491996 0.1076737 0.1734767 0.1305214 0.1305857 0.1295177 0.1075169 0.1063660 0.1661662 0.0949160 0.1598825 0.0976755 0.1065802 0.1120654 0.1270300 0.1129412 0.1038147 0.1691257 0.0964010 0.1132483 0.0952921 0.0494035 0.0824586 0.0931747 0.1216543 0.0702817 0.0599629 0.1271800 0.1229017 0.1180175 0.1043834 0.1307684 0.1117541 0.0991868 0.0979259 0.0998046 0.1080648 0.1050086 0.1066415 0.0923807 0.0969684 0.0961043 0.0607809 0.1090029 0.0934246 0.0575036 0.1098391 0.0857581 0.1019868 0.1125607 0.1096121 0.0918332 0.1101448 0.0603326 0.1033517 0.0612996 0.1026591 0.1089690 0.1076870 0.1071613 0.0898578 0.1006484 0.0934514 0.1296838 0.0934202 0.0908400 0.1223792 0.0921774 
S0303         0.2535940 0.1023726 0.1008957 0.1239088 0.1099919 0.1040619 0.0121699 0.1152513 0.0905319 0.1179596 0.1285320 0.1219035 0.0000000 0.0513849 0.1107014 0.0180250 0.1019783 0.1030081 0.1248567 0.0116647 0.1049668 0.0982288 0.1034857 0.1118144 0.1157076 0.0980751 0.0950096 0.1092285 0.1184479 0.0086726 0.1019851 0.1132058 0.1102539 0.0802711 0.1186229 0.1086292 0.0982026 0.1157098 0.0977742 0.1083662 0.1091645 0.0998972 0.1028389 0.0123719 0.1636416 0.1142958 0.0128207 0.1022913 0.0900597 0.1115968 0.0902542 0.1015779 0.0927217 0.0913020 0.1110760 0.1007253 0.1040947 0.0662825 0.1045845 0.1022864 0.0843141 0.1229459 0.0364458 0.1100179 0.0980916 0.1171206 0.1132311 0.1400091 0.1068917 0.1740975 0.1231702 0.0685406 0.0702470 0.0995414 0.0984637 0.1624048 0.0938689 0.1571579 0.1094018 0.1053672 0.1065727 0.0621625 0.1082952 0.0953795 0.1655847 0.0960962 0.1201378 0.0925501 0.1041868 0.1017009 0.1113756 0.0119765 0.1003393 0.1166073 0.0807799 0.0112796 0.0096417 0.1006480 0.0660477 0.1112995 0.0887921 0.0975695 0.0968267 0.1088079 0.1001694 0.1057622 0.1235662 0.0930892 0.0934759 0.1211492 0.1094758 0.0933063 0.1032639 0.1091163 0.1045491 0.0989558 0.1090620 0.1024708 0.0885278 0.1028817 0.1151170 0.0989921 0.0991202 0.1002093 0.1068454 0.1079219 0.1074027 0.1090401 0.0956849 0.0843142 0.1291497 0.0989852 0.0905501 0.1157257 0.0856283 
S0308         0.2553131 0.0965170 0.0986088 0.1232685 0.1072935 0.0997822 0.0434764 0.1139417 0.0856906 0.1155314 0.1226808 0.1190380 0.0513849 0.0000000 0.1076842 0.0570484 0.0990916 0.0983744 0.1194657 0.0480397 0.1074410 0.0928183 0.0965162 0.1102403 0.1164608 0.0967505 0.0913070 0.1095318 0.1139651 0.0469242 0.1003386 0.1082965 0.1124457 0.0794875 0.1183853 0.1058558 0.0929664 0.1127586 0.0949556 0.1104980 0.1080130 0.0905486 0.1016023 0.0498581 0.1610804 0.1130713 0.0494746 0.1039050 0.0856988 0.1057266 0.0875666 0.0961258 0.0894497 0.0891404 0.1108054 0.1011398 0.1001049 0.0665840 0.1070539 0.1004983 0.0816056 0.1107618 0.0471564 0.1035773 0.0947799 0.1116405 0.1080917 0.1346563 0.1025059 0.1690653 0.1229866 0.0660249 0.0722432 0.0990733 0.0974632 0.1614263 0.0907131 0.1551421 0.0977115 0.1009934 0.1039902 0.0621353 0.0985908 0.0892704 0.1630148 0.0923890 0.1138523 0.0923252 0.1028019 0.1041896 0.1122933 0.0503693 0.0991417 0.1144960 0.0784604 0.0506014 0.0485569 0.0974421 0.0653081 0.1100907 0.0867302 0.0943599 0.0915037 0.1034491 0.0968730 0.0988580 0.1184496 0.0870793 0.0882408 0.1176760 0.1038398 0.0896380 0.1077020 0.1035358 0.1065977 0.0940363 0.1018038 0.0986657 0.0868335 0.0973965 0.1108441 0.0961138 0.0953637 0.0973378 0.1095154 0.1051305 0.1055130 0.1121285 0.0919162 0.0831880 0.1243783 0.0962597 0.0873372 0.1182787 0.0829077 
S0320         0.2679990 0.0903186 0.0966695 0.0541270 0.0976456 0.1010028 0.1099731 0.0416084 0.0814579 0.1156137 0.1224272 0.0549231 0.1107014 0.1076842 0.0000000 0.1193954 0.0547797 0.0957830 0.1145011 0.1078518 0.1034207 0.0908358 0.0971366 0.0509235 0.1096851 0.0356397 0.0875253 0.1033010 0.0680271 0.1062491 0.0585677 0.0984629 0.1098937 0.1143682 0.0557603 0.1065194 0.0949607 0.0556876 0.0562466 0.0793471 0.1024546 0.0995031 0.0939915 0.1081202 0.1555118 0.1105949 0.1077743 0.0952595 0.0894017 0.0981137 0.0818221 0.0935700 0.0860559 0.0843466 0.1029142 0.0928196 0.0574615 0.1158556 0.0736093 0.0554593 0.0754326 0.0693100 0.1024931 0.0965517 0.0973454 0.1024233 0.0985516 0.1437567 0.1015745 0.1673977 0.1179189 0.1153177 0.1167058 0.0940143 0.0935639 0.1554224 0.0874567 0.1495449 0.0865302 0.0976293 0.0991803 0.1109727 0.1040152 0.0905457 0.1574686 0.0897809 0.1059849 0.0869616 0.0371997 0.0724377 0.0840005 0.1089014 0.0587691 0.0513452 0.1163916 0.1111285 0.1050934 0.0955028 0.1162726 0.1013975 0.0859866 0.0911395 0.0915008 0.0997102 0.0957356 0.0983569 0.0826655 0.0849826 0.0843185 0.0441185 0.0991918 0.0844735 0.0451388 0.1039070 0.0776272 0.0921191 0.1042544 0.0955273 0.0799770 0.1006625 0.0529954 0.0933889 0.0544786 0.0932398 0.1009904 0.0978959 0.0974964 0.0822469 0.0875323 0.0790479 0.1219112 0.0861347 0.0794663 0.1142978 0.0787653 
S0322         0.2518386 0.1097221 0.1048816 0.1335399 0.1147677 0.1125361 0.0157542 0.1240298 0.0971059 0.1271737 0.1360685 0.1309381 0.0180250 0.0570484 0.1193954 0.0000000 0.1093692 0.1088340 0.1293846 0.0173273 0.1128744 0.1065468 0.1109084 0.1214200 0.1241374 0.1069881 0.1006496 0.1173134 0.1217725 0.0142380 0.1094062 0.1195455 0.1190663 0.0844142 0.1253608 0.1200907 0.1067555 0.1199609 0.1044999 0.1152934 0.1171522 0.1099261 0.1091308 0.0154282 0.1712518 0.1226561 0.0184507 0.1088032 0.0989454 0.1189720 0.0961611 0.1099979 0.0973284 0.0968327 0.1183344 0.1075426 0.1104105 0.0733126 0.1119969 0.1087114 0.0906984 0.1332961 0.0426713 0.1162698 0.1075778 0.1235438 0.1193594 0.1446754 0.1104840 0.1819425 0.1270984 0.0714364 0.0763798 0.1057139 0.1051946 0.1713835 0.0994516 0.1641091 0.1186974 0.1156228 0.1113899 0.0675707 0.1147129 0.1021280 0.1732667 0.1054690 0.1272734 0.1001933 0.1116018 0.1079505 0.1178469 0.0180333 0.1083041 0.1284219 0.0849470 0.0169545 0.0148786 0.1090143 0.0735902 0.1165023 0.0965057 0.1064921 0.1046875 0.1168900 0.1081552 0.1127558 0.1272637 0.1002507 0.0959727 0.1301209 0.1163563 0.0988749 0.1167350 0.1127449 0.1114153 0.1073083 0.1121720 0.1093479 0.0945253 0.1102823 0.1229027 0.1061723 0.1071255 0.1058191 0.1115425 0.1138023 0.1132990 0.1160208 0.1023851 0.0906984 0.1397092 0.1063447 0.0959622 0.1245043 0.0920625 
S0327         0.2490664 0.0827766 0.0839353 0.0575124 0.0867908 0.0880227 0.0974782 0.0578355 0.0727021 0.1011436 0.1139129 0.0640403 0.1019783 0.0990916 0.0547797 0.1093692 0.0000000 0.0850861 0.1033569 0.1006861 0.0910561 0.0813551 0.0857983 0.0598618 0.1007255 0.0415856 0.0770842 0.0959488 0.0644987 0.0975835 0.0482540 0.0966121 0.0987800 0.1044551 0.0537541 0.0970257 0.0819085 0.0480087 0.0460001 0.0696196 0.0953146 0.0849052 0.0855700 0.0994761 0.1440822 0.1047962 0.0975300 0.0846262 0.0785774 0.0944747 0.0731484 0.0844150 0.0753245 0.0734931 0.0941932 0.0850412 0.0477676 0.1053045 0.0649628 0.0500082 0.0648888 0.0715581 0.0950406 0.0946331 0.0861470 0.1015743 0.0966339 0.1279571 0.0886982 0.1532712 0.1107292 0.1108008 0.1072751 0.0851456 0.0831583 0.1439869 0.0770795 0.1373663 0.0740171 0.0873359 0.0879666 0.1063604 0.0926923 0.0841429 0.1436384 0.0797133 0.0990589 0.0769787 0.0472997 0.0624091 0.0749996 0.1012698 0.0531529 0.0584957 0.1096279 0.1016987 0.0946539 0.0864108 0.1073928 0.0871064 0.0770905 0.0810557 0.0818610 0.0924083 0.0849518 0.0917039 0.0729712 0.0766557 0.0753737 0.0618969 0.0909057 0.0761274 0.0560182 0.0903348 0.0674174 0.0829736 0.0906923 0.0856154 0.0688434 0.0917908 0.0464271 0.0873842 0.0492696 0.0851106 0.0948093 0.0878821 0.0883769 0.0733925 0.0752194 0.0683930 0.1071203 0.0777777 0.0707772 0.1030672 0.0680842 
S0335         0.2461338 0.0836556 0.0871710 0.1037495 0.0924297 0.0888795 0.0936401 0.1000958 0.0611078 0.1030042 0.1150767 0.1056439 0.1030081 0.0983744 0.0957830 0.1088340 0.0850861 0.0000000 0.0651502 0.1000873 0.0912728 0.0822210 0.0855116 0.0988233 0.1030359 0.0810873 0.0785288 0.0930310 0.1077092 0.0969963 0.0874948 0.0884593 0.0959620 0.1091691 0.1026505 0.0957951 0.0857244 0.0901757 0.0782480 0.0974311 0.0929687 0.0905242 0.0850626 0.0999752 0.1451454 0.1002153 0.0990610 0.0723969 0.0746418 0.0889154 0.0766413 0.0874414 0.0775344 0.0751138 0.0877193 0.0839964 0.0833850 0.1027731 0.0929955 0.0860200 0.0532878 0.1078715 0.0930379 0.0860813 0.0814118 0.0928313 0.0910860 0.1331807 0.0923923 0.1575251 0.0959813 0.1117289 0.1116946 0.0782172 0.0793389 0.1473680 0.0786113 0.1455673 0.0950042 0.0849444 0.0708151 0.1077947 0.0904924 0.0703883 0.1492460 0.0832998 0.1002066 0.0641381 0.0856449 0.0912809 0.1006229 0.1006259 0.0817653 0.1016825 0.1115798 0.1028014 0.0969997 0.0834841 0.1082596 0.0504448 0.0623898 0.0831693 0.0805550 0.0910840 0.0721323 0.0878989 0.1102172 0.0625549 0.0620400 0.0988242 0.0909940 0.0776564 0.0922480 0.0946582 0.0949545 0.0828120 0.0927510 0.0741865 0.0430988 0.0907620 0.0948759 0.0878663 0.0795170 0.0850753 0.0916243 0.0465640 0.0245868 0.0983107 0.0715863 0.0561711 0.1017955 0.0797136 0.0416775 0.1011882 0.0558474 
S0345         0.2763147 0.1058160 0.1032348 0.1279711 0.1097421 0.1080805 0.1134400 0.1166399 0.0788407 0.1293273 0.1341085 0.1268024 0.1248567 0.1194657 0.1145011 0.1293846 0.1033569 0.0651502 0.0000000 0.1235886 0.1141350 0.1040315 0.1057451 0.1127644 0.1250900 0.1002481 0.0983470 0.1208386 0.1313113 0.1201644 0.1076516 0.1061564 0.1180290 0.1362286 0.1200785 0.1177504 0.1086348 0.1194584 0.0974873 0.1162485 0.1194939 0.1046202 0.1113016 0.1220353 0.1692775 0.1227369 0.1208049 0.0858595 0.0957745 0.1039320 0.0974413 0.1071132 0.0914893 0.0952732 0.1042459 0.1059480 0.0983855 0.1338411 0.1187549 0.1016147 0.0700838 0.1372340 0.1212044 0.1011970 0.1034266 0.1031577 0.1028316 0.1418436 0.1091320 0.1799427 0.1050709 0.1347358 0.1345913 0.0948191 0.0986762 0.1725199 0.0967624 0.1674106 0.0942132 0.1082464 0.0859989 0.1324788 0.1071503 0.0918387 0.1685031 0.1027164 0.1174287 0.0804170 0.1065170 0.1139085 0.1312677 0.1232865 0.0990015 0.1195579 0.1364161 0.1238776 0.1200720 0.1045488 0.1347531 0.0521624 0.0795640 0.1033704 0.0987039 0.1096457 0.0888329 0.1094295 0.1165040 0.0790439 0.0820599 0.1266901 0.1064450 0.0943937 0.1139989 0.1109438 0.1187463 0.1047257 0.1101020 0.0883981 0.0628025 0.1146389 0.1181788 0.1093528 0.0973821 0.1025279 0.1167890 0.0334684 0.0614371 0.1211125 0.0853412 0.0715340 0.1194588 0.1005250 0.0614641 0.1302961 0.0716822 
S0355         0.2494080 0.0999285 0.0981500 0.1237313 0.1070801 0.1017446 0.0122276 0.1133880 0.0891507 0.1165203 0.1250280 0.1198601 0.0116647 0.0480397 0.1078518 0.0173273 0.1006861 0.1000873 0.1235886 0.0000000 0.1041906 0.0958982 0.1005490 0.1105195 0.1109904 0.0967687 0.0921489 0.1079841 0.1177821 0.0083195 0.1013159 0.1108561 0.1112541 0.0783821 0.1179377 0.1090895 0.0956680 0.1133767 0.0953223 0.1060456 0.1068377 0.0977714 0.1015706 0.0112163 0.1650262 0.1142848 0.0082881 0.0999763 0.0885854 0.1085078 0.0884191 0.0992515 0.0912226 0.0894701 0.1082648 0.0994404 0.1017267 0.0643662 0.1027604 0.0998649 0.0819241 0.1237666 0.0340402 0.1076704 0.0978198 0.1147775 0.1108690 0.1389393 0.1035248 0.1738549 0.1241958 0.0657444 0.0689551 0.0965482 0.0949678 0.1644684 0.0920456 0.1598353 0.1050104 0.1061383 0.1037433 0.0598375 0.1060296 0.0934595 0.1676931 0.0948455 0.1178542 0.0896372 0.1018732 0.0987264 0.1076996 0.0103944 0.0990628 0.1159152 0.0788952 0.0105199 0.0088634 0.0983110 0.0631503 0.1078148 0.0874170 0.0957870 0.0949750 0.1069445 0.0987660 0.1029759 0.1233873 0.0912126 0.0907359 0.1177907 0.1077061 0.0908773 0.1043137 0.1057480 0.1021938 0.0960932 0.1056953 0.1006057 0.0841120 0.1010118 0.1122589 0.0966422 0.0955768 0.0989231 0.1046605 0.1044933 0.1034392 0.1049851 0.0927028 0.0819241 0.1290967 0.0961969 0.0860831 0.1126761 0.0832329 
S0376         0.2511282 0.0846488 0.0891269 0.1127140 0.1016700 0.0839501 0.0982054 0.1059452 0.0753960 0.0970947 0.1133368 0.1123563 0.1049668 0.1074410 0.1034207 0.1128744 0.0910561 0.0912728 0.1141350 0.1041906 0.0000000 0.0766673 0.0857323 0.1071799 0.0941166 0.0870640 0.0881062 0.0357845 0.1014113 0.1005233 0.0889024 0.1011185 0.0910986 0.1158276 0.1065590 0.0870818 0.0807502 0.1010027 0.0870589 0.0980952 0.0893820 0.0826075 0.0950027 0.1013732 0.1538099 0.0997403 0.1025837 0.0890321 0.0727411 0.1026862 0.0843255 0.0807155 0.0876535 0.0844660 0.1009099 0.0945157 0.0902882 0.1126707 0.0964029 0.0907899 0.0720211 0.1190779 0.0996692 0.0980503 0.0925440 0.1048909 0.1013109 0.1132143 0.1013665 0.1654189 0.1017076 0.1177075 0.1135668 0.0891744 0.0909663 0.1541355 0.0870234 0.1477952 0.1024928 0.0930464 0.0973247 0.1137020 0.0879530 0.0897846 0.1562634 0.0778180 0.0948112 0.0798477 0.0901042 0.0941070 0.1053034 0.1013896 0.0902292 0.1072555 0.1153774 0.1002732 0.0977615 0.0822699 0.1142292 0.1022574 0.0809432 0.0767588 0.0797509 0.0897893 0.0920905 0.0868591 0.1110831 0.0814725 0.0803835 0.1090534 0.0862523 0.0875740 0.1083844 0.1029617 0.0990616 0.0768338 0.1025355 0.0890847 0.0780731 0.0881285 0.1050015 0.0792472 0.0897336 0.0814818 0.0900623 0.0978936 0.0967370 0.1016556 0.0794540 0.0730738 0.1209388 0.0865585 0.0800567 0.0438202 0.0732643 
S0400         0.2569469 0.0414482 0.0815365 0.1012110 0.0884270 0.0191894 0.0952804 0.0934964 0.0627839 0.0357390 0.0909274 0.1007462 0.0982288 0.0928183 0.0908358 0.1065468 0.0813551 0.0822210 0.1040315 0.0958982 0.0766673 0.0000000 0.0227509 0.0988591 0.0749164 0.0765387 0.0767057 0.0789574 0.0996244 0.0933964 0.0847678 0.0803773 0.0744037 0.1022979 0.1000039 0.0365019 0.0211699 0.0925591 0.0774683 0.0897327 0.0706081 0.0152211 0.0861070 0.0963031 0.1449699 0.0761393 0.0948825 0.0790315 0.0189909 0.0836281 0.0743025 0.0183545 0.0750965 0.0732798 0.0835657 0.0835843 0.0800620 0.1052906 0.0839382 0.0783553 0.0590496 0.0970027 0.0903966 0.0790308 0.0752236 0.0855010 0.0838734 0.0965359 0.0860982 0.1520232 0.1026127 0.1057895 0.1076443 0.0743218 0.0753633 0.1449524 0.0767186 0.1402450 0.0826315 0.0762317 0.0834068 0.1014140 0.0469991 0.0719894 0.1456184 0.0166672 0.0531037 0.0660238 0.0829803 0.0832413 0.0955945 0.0964183 0.0808634 0.0945037 0.1034452 0.0973770 0.0933158 0.0226374 0.1094443 0.0865082 0.0664743 0.0201710 0.0206577 0.0494934 0.0786167 0.0442758 0.1011553 0.0666182 0.0659324 0.0971275 0.0459908 0.0752814 0.0909753 0.0876981 0.0875109 0.0157874 0.0871840 0.0772653 0.0642814 0.0333742 0.0952346 0.0382748 0.0767865 0.0390509 0.0717516 0.0844161 0.0878491 0.0900649 0.0681502 0.0614593 0.1044566 0.0739148 0.0646744 0.0880385 0.0611487 
S0405         0.2573513 0.0485424 0.0891787 0.1074815 0.0961081 0.0297861 0.1012468 0.0991380 0.0677861 0.0463176 0.0977049 0.1049068 0.1034857 0.0965162 0.0971366 0.1109084 0.0857983 0.0855116 0.1057451 0.1005490 0.0857323 0.0227509 0.0000000 0.1011326 0.0818994 0.0835073 0.0827097 0.0855054 0.1035934 0.0991665 0.0888849 0.0873669 0.0796811 0.1055218 0.1058720 0.0412160 0.0226310 0.0982883 0.0818388 0.0943480 0.0759746 0.0208956 0.0917567 0.1004743 0.1496032 0.0835440 0.1000730 0.0841299 0.0235617 0.0884231 0.0802293 0.0271236 0.0800678 0.0791849 0.0892176 0.0902346 0.0844163 0.1096161 0.0894996 0.0833526 0.0635697 0.1059157 0.0960437 0.0844587 0.0790437 0.0910648 0.0891006 0.1004528 0.0932921 0.1567675 0.1070174 0.1100141 0.1080847 0.0806999 0.0802268 0.1478403 0.0826874 0.1449348 0.0846346 0.0811305 0.0883184 0.1044645 0.0523505 0.0787396 0.1502797 0.0245023 0.0600507 0.0711750 0.0884997 0.0887791 0.1014035 0.1016347 0.0847948 0.0991828 0.1046657 0.1015718 0.1001614 0.0240351 0.1132854 0.0919633 0.0715506 0.0268089 0.0185364 0.0525756 0.0818943 0.0505194 0.1058583 0.0687659 0.0698752 0.1029262 0.0536960 0.0812267 0.0974935 0.0949317 0.0930694 0.0236397 0.0944059 0.0835911 0.0698905 0.0384969 0.1009992 0.0458027 0.0822203 0.0447520 0.0774668 0.0902388 0.0923214 0.0957309 0.0739332 0.0660155 0.1081086 0.0807832 0.0713408 0.0953076 0.0657120 
S0407sl       0.2647516 0.0960760 0.0930863 0.0655311 0.0947579 0.1072628 0.1121003 0.0532032 0.0827792 0.1299047 0.1239773 0.0659129 0.1118144 0.1102403 0.0509235 0.1214200 0.0598618 0.0988233 0.1127644 0.1105195 0.1071799 0.0988591 0.1011326 0.0000000 0.1050603 0.0426672 0.0890841 0.1089139 0.0679027 0.1082208 0.0595803 0.1069365 0.1135014 0.1223237 0.0632038 0.1103210 0.0981281 0.0655391 0.0575468 0.0793457 0.1046779 0.1031714 0.0986449 0.1097018 0.1588270 0.1129327 0.1092423 0.0922514 0.0932797 0.1042786 0.0833492 0.1011880 0.0869225 0.0861647 0.1064646 0.0986370 0.0600332 0.1181740 0.0778887 0.0571529 0.0783460 0.0717528 0.1081089 0.1052318 0.0967704 0.1137430 0.1065321 0.1464955 0.1004012 0.1682959 0.1277923 0.1203195 0.1165551 0.0967287 0.0968177 0.1594903 0.0849226 0.1541180 0.0837897 0.0988447 0.1000858 0.1153778 0.1070317 0.0934440 0.1598233 0.0952718 0.1167509 0.0865812 0.0469316 0.0749906 0.0880371 0.1099713 0.0632269 0.0598294 0.1166412 0.1117292 0.1081610 0.1022827 0.1206388 0.1030247 0.0837771 0.0956822 0.0970364 0.1075177 0.0923979 0.1018486 0.0834050 0.0843635 0.0847739 0.0617493 0.1062710 0.0860955 0.0253371 0.1029051 0.0807562 0.0979312 0.1033270 0.0965955 0.0815064 0.1079252 0.0631563 0.1011493 0.0596792 0.0991318 0.1055525 0.0980098 0.0979164 0.0836033 0.0889789 0.0817589 0.1134945 0.0851117 0.0804452 0.1182671 0.0814734 
S0412sl       0.2723955 0.0834630 0.0922396 0.1225189 0.1078927 0.0780684 0.1086768 0.1140339 0.0848649 0.0918725 0.0923512 0.1164104 0.1157076 0.1164608 0.1096851 0.1241374 0.1007255 0.1030359 0.1250900 0.1109904 0.0941166 0.0749164 0.0818994 0.1050603 0.0000000 0.0923101 0.0984847 0.0943443 0.0996232 0.1090068 0.0996414 0.1054051 0.0781554 0.1250763 0.1139717 0.0893766 0.0688249 0.1101005 0.0917246 0.1073897 0.0768084 0.0760400 0.1073606 0.1146863 0.1692493 0.0719126 0.1116254 0.1048616 0.0692707 0.1031367 0.0947232 0.0814777 0.0972915 0.0956487 0.1090192 0.1051852 0.0969464 0.1254113 0.1044758 0.0969956 0.0813874 0.0985066 0.1138820 0.1054363 0.0994268 0.1120124 0.1067726 0.0882767 0.1057184 0.1817391 0.1251567 0.1261932 0.1264347 0.0998128 0.0993226 0.1707835 0.0929979 0.1632893 0.0955246 0.0992588 0.1063095 0.1220452 0.0878039 0.0964021 0.1724875 0.0764868 0.0980587 0.0856758 0.0953151 0.1036895 0.1043698 0.1126591 0.0965274 0.1101602 0.1267154 0.1150371 0.1113451 0.0793795 0.1300034 0.1072738 0.0874252 0.0784062 0.0738009 0.0892542 0.0979244 0.0873348 0.1229137 0.0901072 0.0869355 0.1163986 0.0892937 0.0968356 0.1041080 0.1091690 0.1067026 0.0775770 0.1079814 0.1004815 0.0875906 0.0854373 0.1108860 0.0841603 0.0920415 0.0823737 0.0734290 0.1054640 0.1030805 0.1045143 0.0885885 0.0829800 0.1260615 0.1001190 0.0864702 0.1052790 0.0831154 
S0417         0.2376769 0.0765003 0.0762478 0.0487658 0.0808526 0.0837275 0.0935170 0.0401029 0.0679347 0.0959630 0.1077222 0.0469388 0.0980751 0.0967505 0.0356397 0.1069881 0.0415856 0.0810873 0.1002481 0.0967687 0.0870640 0.0765387 0.0835073 0.0426672 0.0923101 0.0000000 0.0702563 0.0889957 0.0502642 0.0942070 0.0430749 0.0872651 0.0938819 0.1004657 0.0470000 0.0919781 0.0806284 0.0488244 0.0414732 0.0619765 0.0877400 0.0798444 0.0771282 0.0961144 0.1383839 0.0892642 0.0967877 0.0797734 0.0730635 0.0885450 0.0643980 0.0781647 0.0679117 0.0673405 0.0902909 0.0770223 0.0428079 0.1034505 0.0578353 0.0425086 0.0602063 0.0577701 0.0921358 0.0855043 0.0837915 0.0927817 0.0891798 0.1234068 0.0827340 0.1491093 0.1019306 0.1077960 0.1030396 0.0812152 0.0797152 0.1383275 0.0702651 0.1331017 0.0712099 0.0834562 0.0866495 0.1028535 0.0903222 0.0797894 0.1396604 0.0760041 0.0910413 0.0688516 0.0163910 0.0557964 0.0671896 0.0968534 0.0466741 0.0446169 0.1055473 0.0967182 0.0946452 0.0814649 0.1044723 0.0855760 0.0718113 0.0742923 0.0769867 0.0859505 0.0805827 0.0841916 0.0697691 0.0723733 0.0718865 0.0434697 0.0834963 0.0678944 0.0401919 0.0849783 0.0602400 0.0771919 0.0853413 0.0827096 0.0649831 0.0853608 0.0442778 0.0795024 0.0384394 0.0788133 0.0858174 0.0843582 0.0837885 0.0641652 0.0703917 0.0626911 0.1026902 0.0704515 0.0640093 0.0970018 0.0633350 
S0419         0.2393161 0.0787286 0.0258972 0.0965863 0.0395018 0.0849376 0.0886178 0.0890920 0.0634747 0.0951134 0.1095226 0.0960901 0.0950096 0.0913070 0.0875253 0.1006496 0.0770842 0.0785288 0.0983470 0.0921489 0.0881062 0.0767057 0.0827097 0.0890841 0.0984847 0.0702563 0.0000000 0.0897651 0.0919992 0.0890209 0.0747426 0.0862539 0.0920650 0.1002929 0.0930898 0.0885080 0.0803943 0.0891630 0.0677570 0.0829637 0.0869602 0.0799893 0.0365250 0.0920705 0.1449979 0.0930681 0.0912022 0.0779918 0.0728300 0.0868283 0.0099467 0.0814182 0.0098116 0.0086866 0.0860896 0.0358170 0.0743298 0.0998630 0.0786947 0.0736886 0.0573941 0.1038847 0.0873348 0.0818681 0.0820942 0.0879026 0.0864196 0.1201251 0.0402951 0.1562055 0.1020894 0.1059769 0.1040098 0.0750919 0.0746692 0.1466741 0.0124672 0.1414157 0.0881465 0.0818026 0.0838949 0.1015873 0.0874520 0.0722028 0.1473988 0.0753882 0.0990760 0.0634451 0.0737461 0.0760366 0.0881939 0.0922878 0.0736568 0.0933879 0.1026313 0.0920583 0.0895751 0.0811898 0.1040382 0.0844030 0.0672187 0.0752214 0.0763645 0.0856035 0.0788788 0.0818657 0.0959174 0.0668440 0.0661871 0.0926747 0.0914605 0.0107896 0.0854278 0.0421964 0.0797527 0.0764092 0.0430487 0.0780673 0.0626200 0.0856262 0.0871914 0.0818575 0.0664353 0.0810949 0.0890002 0.0811563 0.0816461 0.0832652 0.0693093 0.0602725 0.1042164 0.0496151 0.0626101 0.0951083 0.0575953 
S0427         0.2622945 0.0858004 0.0974618 0.1163177 0.1030898 0.0867184 0.1060370 0.1069207 0.0785497 0.1011164 0.1140224 0.1153049 0.1092285 0.1095318 0.1033010 0.1173134 0.0959488 0.0930310 0.1208386 0.1079841 0.0357845 0.0789574 0.0855054 0.1089139 0.0943443 0.0889957 0.0897651 0.0000000 0.1059460 0.1054101 0.0923367 0.1026312 0.0934282 0.1173903 0.1097505 0.0913104 0.0831457 0.1041647 0.0883574 0.1003381 0.0910327 0.0832716 0.0977295 0.1056501 0.1556641 0.0982327 0.1074035 0.0924401 0.0761633 0.1032485 0.0849936 0.0819983 0.0873240 0.0845409 0.1035221 0.0977227 0.0924838 0.1169711 0.0971034 0.0957729 0.0732368 0.1229612 0.1060641 0.0984392 0.0931107 0.1054029 0.1028832 0.1219233 0.1012253 0.1659753 0.1068576 0.1214809 0.1190916 0.0918785 0.0935228 0.1536658 0.0881729 0.1461655 0.1022508 0.0942172 0.0983089 0.1169430 0.0896035 0.0929103 0.1563448 0.0796044 0.0970406 0.0820160 0.0941178 0.0932949 0.1064203 0.1063022 0.0940567 0.1093771 0.1164508 0.1051359 0.1004088 0.0830587 0.1208008 0.1046144 0.0841336 0.0795091 0.0820038 0.0919558 0.0931189 0.0881174 0.1154212 0.0835562 0.0809931 0.1122350 0.0874437 0.0897269 0.1056057 0.1029580 0.1028088 0.0781604 0.1029073 0.0937038 0.0801439 0.0919969 0.1079679 0.0819679 0.0910148 0.0837325 0.0918474 0.1019116 0.1004214 0.1039569 0.0842034 0.0761895 0.1232152 0.0876594 0.0806308 0.0423750 0.0739617 
S0428sl       0.2609901 0.1006533 0.0938090 0.0749764 0.1009645 0.1049657 0.1074199 0.0736211 0.0871318 0.1116318 0.1307039 0.0757108 0.1184479 0.1139651 0.0680271 0.1217725 0.0644987 0.1077092 0.1313113 0.1177821 0.1014113 0.0996244 0.1035934 0.0679027 0.0996232 0.0502642 0.0919992 0.1059460 0.0000000 0.1130861 0.0624266 0.1108250 0.1107670 0.1261809 0.0707346 0.1112923 0.0923365 0.0724735 0.0634668 0.0829085 0.1104859 0.1060003 0.0996460 0.1151019 0.1663831 0.1165515 0.1171902 0.0985409 0.0922848 0.1138822 0.0873495 0.1030622 0.0909979 0.0872986 0.1146855 0.0985235 0.0654400 0.1220013 0.0788321 0.0595822 0.0826147 0.0816100 0.1143430 0.1108947 0.1073401 0.1175372 0.1111643 0.1451292 0.1054007 0.1794996 0.1294948 0.1234250 0.1209824 0.1037686 0.1026822 0.1656208 0.0890315 0.1610618 0.0797483 0.1088781 0.1088864 0.1201128 0.1136250 0.0999182 0.1672902 0.0990084 0.1163976 0.0964689 0.0549145 0.0770205 0.0795579 0.1166295 0.0660050 0.0680995 0.1243137 0.1190938 0.1155835 0.1029266 0.1195596 0.1070901 0.0898025 0.0989298 0.0967562 0.1086110 0.1028141 0.1055819 0.0916529 0.0926553 0.0914942 0.0748101 0.1076047 0.0907859 0.0708581 0.1066492 0.0826877 0.0998265 0.1090406 0.1044815 0.0898485 0.1058777 0.0680788 0.0983070 0.0620361 0.0998786 0.1094416 0.1091682 0.1068108 0.0843891 0.0931231 0.0860547 0.1288545 0.0927020 0.0876532 0.1129592 0.0863071 
