103
S0055       0.0000000 0.1421012 0.0653069 0.1509545 0.0855085 0.0787100 0.1193373 0.1444699 0.1490512 0.1423082 0.1221895 0.1854093 0.1306763 0.1119653 0.0519778 0.0651631 0.0743309 0.1699167 0.1142108 0.1169809 0.1043674 0.1596353 0.0835938 0.0741404 0.1820655 0.0827293 0.0572152 0.1332208 0.1213984 0.1321053 0.1136906 0.1388966 0.0548064 0.0966064 0.0991516 0.0707715 0.1029408 0.1057579 0.1142185 0.1407044 0.1530498 0.0767443 0.1366545 0.1047067 0.1211353 0.1240841 0.1170972 0.1811091 0.1483573 0.1819880 0.1187389 0.1243784 0.1438142 0.2373355 0.1477594 0.1393912 0.1144193 0.1909910 0.0969618 0.1078104 0.1593098 0.0649592 0.0829642 0.0948599 0.1399561 0.1524367 0.1744615 0.1707591 0.1166418 0.0624942 0.1243460 0.1015608 0.0677147 0.0562959 0.0418508 0.1078530 0.0944758 0.1074674 0.0891042 0.1754014 0.0896296 0.1118865 0.1647119 0.1802386 0.1735111 0.0545156 0.1734105 0.1538108 0.1451617 0.0714696 0.1809621 0.0814575 0.1927133 0.0603825 0.0682617 0.1318308 0.1317058 0.0914562 0.0855863 0.2385176 0.1151437 0.1240509 0.0888514 
S0281       0.1421012 0.0000000 0.1410789 0.1295105 0.0811765 0.1521858 0.1587761 0.1128656 0.1174354 0.1312357 0.1075069 0.2762402 0.1107482 0.1824893 0.1234671 0.1406980 0.0995030 0.1439437 0.0960200 0.1342038 0.1229175 0.1220385 0.1369703 0.1478380 0.1555475 0.1128009 0.1377881 0.0607633 0.1044919 0.1655544 0.1262012 0.1145621 0.1307233 0.1232858 0.0635882 0.1483080 0.0667345 0.0693180 0.1267108 0.1417185 0.1493523 0.0934340 0.1104094 0.1703674 0.1343165 0.1469074 0.1336739 0.0688210 0.1734377 0.1430971 0.1349243 0.1375327 0.1830074 0.1692483 0.1709870 0.1561982 0.1225132 0.1617211 0.1579507 0.1274714 0.1919502 0.1401563 0.1313376 0.1057130 0.1217411 0.1614608 0.1238596 0.1510177 0.1034812 0.1404820 0.1152549 0.1224602 0.1471463 0.1030456 0.1239541 0.1036724 0.1627121 0.0965576 0.0966759 0.1238047 0.1396044 0.0637389 0.1206102 0.0684273 0.1845450 0.1276621 0.0634405 0.1272191 0.1265634 0.1340501 0.1220946 0.1586156 0.2126612 0.1267103 0.0940536 0.1405180 0.1225293 0.1097964 0.1030215 0.2483762 0.0806894 0.1096153 0.0926494 
S0282       0.0653069 0.1410789 0.0000000 0.1342772 0.0624160 0.0218948 0.1115096 0.1200250 0.1398153 0.1391989 0.1125894 0.2602701 0.1187305 0.0848045 0.0109151 0.0199359 0.0659025 0.1388299 0.1259647 0.1030695 0.0882425 0.1296066 0.0396711 0.0303597 0.1557473 0.0653376 0.0200150 0.1211230 0.1208840 0.1159661 0.0855918 0.1310885 0.0247515 0.1040447 0.0854611 0.0176586 0.0858564 0.0916275 0.1068969 0.1462064 0.1362944 0.0703448 0.1335833 0.1047067 0.1131214 0.1091459 0.1032181 0.1501509 0.1154842 0.1656370 0.1045471 0.1137153 0.1212568 0.2404917 0.1253497 0.1159307 0.1011207 0.1915496 0.0575521 0.1006684 0.1368229 0.0175653 0.0496930 0.0826500 0.1213079 0.1453964 0.1380556 0.1620404 0.1216256 0.0269566 0.1287741 0.1180795 0.0221131 0.0205965 0.0440549 0.0892724 0.0627637 0.0823532 0.0768213 0.1521300 0.0501801 0.0974040 0.1169759 0.1568538 0.1630578 0.0268217 0.1509650 0.1374893 0.1305265 0.0367485 0.1638621 0.0514747 0.1786923 0.0319386 0.0490806 0.1287363 0.1345932 0.0821512 0.0788844 0.2053545 0.0919302 0.1104703 0.0910640 
S0289       0.1509545 0.1295105 0.1342772 0.0000000 0.1036747 0.1575945 0.1711347 0.0814585 0.1478234 0.1669905 0.1276435 0.2264555 0.1466335 0.1698835 0.1248100 0.1418639 0.1344924 0.0891250 0.1296062 0.1358787 0.1483259 0.1593080 0.1288235 0.1481639 0.0983422 0.1236957 0.1280814 0.1231960 0.1277043 0.1881405 0.1478904 0.1454864 0.1287287 0.1156852 0.1095113 0.1427963 0.1164025 0.1099722 0.1437916 0.1542008 0.1154156 0.0981247 0.1446014 0.1433172 0.1387611 0.1396983 0.1251077 0.1315867 0.1943668 0.1567703 0.1328126 0.1427810 0.1839144 0.2498754 0.1888622 0.1494220 0.1276838 0.1771501 0.1644363 0.1018086 0.2150686 0.1413240 0.1437618 0.1144981 0.0711768 0.1150939 0.1763672 0.1742952 0.1343658 0.1492728 0.1285632 0.1291043 0.1449674 0.1187214 0.1256384 0.0933597 0.1762089 0.1073518 0.0834852 0.0678712 0.1523756 0.1221634 0.0497276 0.1372477 0.1339297 0.1352924 0.1399686 0.0824509 0.1524279 0.1433817 0.0723741 0.1582664 0.1697699 0.1314137 0.1109555 0.1296708 0.1214534 0.1116237 0.1077439 0.2282734 0.1169206 0.1340066 0.1054962 
S0292       0.0855085 0.0811765 0.0624160 0.1036747 0.0000000 0.0753688 0.1019822 0.0888847 0.1011462 0.1113139 0.0593803 0.1391057 0.0893017 0.0944428 0.0492635 0.0648494 0.0664148 0.1032854 0.0953385 0.0603460 0.0797946 0.1226287 0.0771661 0.0647946 0.1129455 0.0655901 0.0598390 0.0656731 0.0913739 0.1007850 0.0827198 0.0983815 0.0545562 0.0681258 0.0366355 0.0678061 0.0393028 0.0416764 0.0777021 0.1133836 0.1114959 0.0269846 0.0913696 0.0751568 0.0715196 0.0653760 0.0657757 0.1019705 0.1078651 0.1303906 0.0663864 0.0772813 0.1075274 0.1338877 0.1054662 0.0852672 0.0573449 0.1496506 0.0912161 0.0497154 0.1206985 0.0620871 0.0658071 0.0418885 0.0766316 0.1242935 0.1163194 0.1263970 0.0879022 0.0677536 0.1065968 0.0715419 0.0673849 0.0480069 0.0707802 0.0443541 0.1060907 0.0247216 0.0201508 0.0981784 0.0775474 0.0465947 0.1092743 0.1098241 0.1477415 0.0622122 0.1025480 0.0993557 0.0913195 0.0711427 0.1220715 0.0730972 0.1619872 0.0576030 0.0494203 0.0892355 0.0890581 0.0393355 0.0342303 0.1679417 0.0490180 0.0738078 0.0365870 
S0293       0.0787100 0.1521858 0.0218948 0.1575945 0.0753688 0.0000000 0.1231393 0.1268402 0.1700783 0.1574337 0.1247607 0.2555910 0.1387790 0.1016854 0.0161993 0.0332900 0.0591747 0.1546233 0.1564509 0.1081124 0.0971064 0.1494713 0.0429513 0.0276182 0.1773138 0.0720466 0.0276276 0.1228347 0.1445079 0.1482870 0.0900087 0.1471144 0.0306448 0.1046717 0.0978025 0.0274964 0.0944935 0.1057739 0.1093933 0.1712801 0.1577942 0.0851464 0.1516878 0.1158458 0.1123130 0.1161560 0.1010467 0.1499605 0.1487403 0.1789904 0.1015986 0.1127784 0.1443428 0.2365646 0.1556889 0.1159751 0.1225179 0.2092186 0.0622710 0.1214624 0.1649442 0.0246358 0.0658090 0.0974065 0.1446686 0.1704809 0.1564826 0.1510375 0.1471142 0.0334200 0.1418857 0.1314058 0.0274951 0.0284723 0.0486555 0.1024495 0.0827528 0.0933781 0.0829761 0.1900958 0.0599265 0.1093557 0.1339529 0.1528749 0.1849824 0.0273673 0.1452235 0.1524244 0.1555977 0.0394287 0.1927976 0.0582214 0.1963293 0.0395352 0.0549899 0.1438403 0.1541199 0.0855035 0.0962084 0.2309609 0.1062213 0.1292483 0.1043977 
S0294       0.1193373 0.1587761 0.1115096 0.1711347 0.1019822 0.1231393 0.0000000 0.1604811 0.1780209 0.1990779 0.1396254 0.4616195 0.1697322 0.1191108 0.0989872 0.1141606 0.0925713 0.1718079 0.1533673 0.1572643 0.1091136 0.1935365 0.1265983 0.1176800 0.1772088 0.0880319 0.0988308 0.1298222 0.1605936 0.1545197 0.1092683 0.1742274 0.1059711 0.1453247 0.1183769 0.1178196 0.1185290 0.1155194 0.1752538 0.1901111 0.1576932 0.1123822 0.1686029 0.2488378 0.1701134 0.1635525 0.1608628 0.1814830 0.1610493 0.1953021 0.1636147 0.1744614 0.1528366 0.3080884 0.1506431 0.1754616 0.1646198 0.2103067 0.1463755 0.1472358 0.1665605 0.1138500 0.1131777 0.1397364 0.1539609 0.1819302 0.1898796 0.2016567 0.1511258 0.1145379 0.1678542 0.1629252 0.1200385 0.0895010 0.1064024 0.1293261 0.1535570 0.1249173 0.1155489 0.1779896 0.1175485 0.1315790 0.1558464 0.1854187 0.2056256 0.1141124 0.1773818 0.1767015 0.1741325 0.1160922 0.1739118 0.1223593 0.2307780 0.0993786 0.0651495 0.1793647 0.1816500 0.1319843 0.1223588 0.2820450 0.1295397 0.1583194 0.1183820 
S0299       0.1444699 0.1128656 0.1200250 0.0814585 0.0888847 0.1268402 0.1604811 0.0000000 0.1281934 0.1555541 0.1240879 0.0000010 0.1442252 0.1490978 0.1206229 0.1390136 0.0915021 0.0588956 0.1332191 0.1120453 0.1337608 0.1518934 0.1301067 0.1196781 0.0482059 0.0979601 0.1212054 0.0862255 0.1480079 0.1997244 0.1055976 0.1381528 0.1257163 0.1162176 0.0813995 0.1347296 0.0898502 0.0815076 0.1213257 0.1187814 0.0856332 0.0940823 0.1272870 0.0919726 0.1113263 0.1227942 0.1066141 0.1264937 0.1804396 0.1243304 0.1176307 0.1254782 0.2051509 0.0000010 0.1827708 0.1159043 0.1101372 0.1302214 0.1609160 0.0940146 0.2207031 0.1291949 0.1338448 0.1209612 0.0480212 0.1111194 0.1497030 0.1768711 0.1392958 0.1396425 0.1128400 0.1265520 0.1337139 0.0947599 0.1250156 0.1025930 0.1669182 0.0774128 0.0982233 0.0627309 0.1500724 0.0932960 0.0437176 0.1287596 0.1330363 0.1333724 0.1225802 0.0514037 0.1498329 0.1166536 0.0781116 0.1575524 0.1461161 0.1351063 0.0938424 0.1355640 0.1444446 0.0983667 0.1070472 0.2034209 0.1013943 0.1255038 0.1058795 
S0303       0.1490512 0.1174354 0.1398153 0.1478234 0.1011462 0.1700783 0.1780209 0.1281934 0.0000000 0.0689962 0.1342956 0.1628087 0.0149704 0.1478520 0.1267550 0.1437437 0.1226174 0.1634013 0.0127455 0.1359340 0.1440478 0.1069340 0.1442892 0.1519512 0.1687190 0.1297598 0.1340991 0.1071671 0.0158578 0.1819103 0.1445280 0.0177070 0.1316666 0.1250267 0.1067637 0.1442681 0.1106307 0.1010888 0.1282259 0.1024661 0.1618799 0.0946984 0.0679149 0.1694245 0.1216747 0.1487015 0.1319218 0.1383581 0.2055118 0.0973604 0.1284090 0.1220601 0.1995774 0.2257361 0.1996165 0.1532989 0.1451788 0.1188160 0.1752455 0.1196649 0.2077165 0.1432001 0.1264136 0.1176443 0.1172033 0.1481498 0.1054852 0.0340364 0.0199938 0.1445809 0.0881082 0.1181902 0.1500845 0.1106823 0.1472082 0.1284914 0.1777052 0.1081416 0.1078846 0.1644228 0.1379150 0.1132739 0.1471254 0.1365376 0.1664662 0.1372037 0.1317005 0.1364750 0.1633906 0.1444690 0.1530611 0.1505900 0.2272051 0.1275173 0.1123535 0.1577563 0.1530362 0.1183281 0.1041683 0.2640558 0.1167139 0.1377677 0.1108537 
S0308       0.1423082 0.1312357 0.1391989 0.1669905 0.1113139 0.1574337 0.1990779 0.1555541 0.0689962 0.0000000 0.1462781 0.2126277 0.0424868 0.1713002 0.1250863 0.1421805 0.1233778 0.1981778 0.0595038 0.1530502 0.1621309 0.0993256 0.1428696 0.1494405 0.2088283 0.1454565 0.1324678 0.1346837 0.0571218 0.2055144 0.1706508 0.0581625 0.1366695 0.1376069 0.1200278 0.1463026 0.1206295 0.1141573 0.1515367 0.0869893 0.2048025 0.1116690 0.0575888 0.1344811 0.1527497 0.1680856 0.1485678 0.1535245 0.2217734 0.1084972 0.1490366 0.1379962 0.2113569 0.3371839 0.2147879 0.1743090 0.1545778 0.1326192 0.1734150 0.1489343 0.2333822 0.1383026 0.1497782 0.1217091 0.1537121 0.1883453 0.0967696 0.0828719 0.0520777 0.1419645 0.0783618 0.1262004 0.1451745 0.1116953 0.1574228 0.1354598 0.1885355 0.1218940 0.1153428 0.2009279 0.1587245 0.1203620 0.1815423 0.1553519 0.2092165 0.1355943 0.1465529 0.1677510 0.1647477 0.1547987 0.1885284 0.1714036 0.2527122 0.1468053 0.1206323 0.1579719 0.1710372 0.1261247 0.1218319 0.2998368 0.1240010 0.1320570 0.1278928 
S0335       0.1221895 0.1075069 0.1125894 0.1276435 0.0593803 0.1247607 0.1396254 0.1240879 0.1342956 0.1462781 0.0000000 0.1114407 0.1252092 0.1227184 0.0969994 0.1152681 0.1333795 0.1448291 0.1213808 0.0980249 0.1303947 0.1495974 0.1177289 0.1119548 0.1418388 0.1108256 0.1035024 0.1030019 0.1170199 0.1377730 0.1212648 0.1313146 0.1033729 0.0881508 0.0809080 0.1160506 0.0815702 0.0812241 0.0946838 0.1626669 0.1570401 0.0569085 0.1195709 0.1349920 0.1013506 0.0997231 0.0948002 0.1342048 0.1458884 0.1626450 0.0923426 0.1040974 0.1491961 0.2171572 0.1471912 0.1103511 0.0703820 0.1880342 0.1347072 0.0824206 0.1661190 0.1119201 0.1129897 0.0547021 0.1166805 0.1558287 0.1477096 0.1623232 0.1157480 0.1091364 0.1465599 0.0656393 0.1181333 0.0969205 0.1069042 0.0712009 0.1459817 0.0678749 0.0627646 0.1187924 0.1270423 0.0924348 0.1264856 0.1404626 0.1817266 0.1121793 0.1423429 0.1357032 0.1191778 0.1232495 0.1474653 0.1342104 0.1939526 0.1101328 0.0886091 0.0745052 0.0659453 0.0711132 0.0624565 0.1929764 0.0839361 0.1000235 0.0651508 
S0345       0.1854093 0.2762402 0.2602701 0.2264555 0.1391057 0.2555910 0.4616195 0.0000010 0.1628087 0.2126277 0.1114407 0.0000000 0.1638290 0.1924383 0.1689801 0.1971325 0.1671922 0.2285035 0.0000010 0.1646892 0.1139085 0.2193088 0.1689801 0.1417532 0.4689462 0.1951156 0.1903313 0.2863132 0.0595034 0.3473870 0.2263385 0.1638290 0.1390400 0.0000010 0.2816748 0.2602701 0.2816748 0.2816748 0.1416188 0.2363311 0.2593784 0.1620786 0.2183962 0.0514399 0.1652141 0.1646892 0.2000336 0.2495894 0.6754913 0.2313180 0.1653495 0.1993375 0.4298807 0.3813772 0.4915972 0.2638960 0.1078887 0.4199297 0.1978841 0.1435183 0.3870533 0.2314576 0.1917895 0.1138202 0.2245851 0.2573699 0.2892417 0.1638290 0.0000010 0.1406333 0.0000010 0.0689371 0.2314576 0.1970178 0.2123218 0.1649670 0.2480010 0.1391057 0.1646892 0.5227014 0.2209843 0.3184600 0.0000010 0.2495894 0.2573699 0.1874672 0.2136490 0.2585284 0.1573012 0.2276805 0.3458710 0.1634614 0.2178185 0.1689801 0.1941443 0.0912709 0.1352660 0.1979385 0.1620786 0.3092907 0.1888711 0.1830894 0.1925809 
S0355       0.1306763 0.1107482 0.1187305 0.1466335 0.0893017 0.1387790 0.1697322 0.1442252 0.0149704 0.0424868 0.1252092 0.1638290 0.0000000 0.1332194 0.1004549 0.1144721 0.1076707 0.1689387 0.0058431 0.1237456 0.1329516 0.0859838 0.1270449 0.1269986 0.1835865 0.1215046 0.1080752 0.1099484 0.0076176 0.1811978 0.1457218 0.0049084 0.1118873 0.1166526 0.0993635 0.1262626 0.1036099 0.0927937 0.1232690 0.0737991 0.1742032 0.0891705 0.0538836 0.1344811 0.1233506 0.1410597 0.1232664 0.1411413 0.2004500 0.0877081 0.1194925 0.1160069 0.1876909 0.2258774 0.1974589 0.1424982 0.1374804 0.1108322 0.1554083 0.1244393 0.2029773 0.1179057 0.1148983 0.1112243 0.1265569 0.1577275 0.0872867 0.0279811 0.0058202 0.1151833 0.0578753 0.1041622 0.1252137 0.0914810 0.1299994 0.1262482 0.1535558 0.0899476 0.0898618 0.1746470 0.1271858 0.1065806 0.1738830 0.1409095 0.1749972 0.1114008 0.1335821 0.1410749 0.1542099 0.1269336 0.1514469 0.1296782 0.2223811 0.1080767 0.0957583 0.1422082 0.1429751 0.1078124 0.0924713 0.2921161 0.1105834 0.1223195 0.1028433 
S0376       0.1119653 0.1824893 0.0848045 0.1698835 0.0944428 0.1016854 0.1191108 0.1490978 0.1478520 0.1713002 0.1227184 0.1924383 0.1332194 0.0000000 0.0760667 0.0943042 0.1111067 0.1877023 0.1315395 0.1320013 0.1017482 0.1729257 0.0862276 0.0976897 0.1800632 0.0857372 0.0824550 0.1353581 0.1291964 0.1531883 0.1062896 0.1374376 0.0855088 0.1363860 0.1084160 0.0853939 0.1083529 0.1155803 0.1439382 0.1787670 0.1744076 0.0976191 0.1605695 0.1220425 0.1316848 0.1453403 0.1328074 0.1895358 0.1612142 0.1795474 0.1335037 0.1441659 0.1482068 0.2609477 0.1564464 0.1357697 0.1226941 0.2137035 0.1193268 0.1237428 0.1647495 0.0785269 0.1020378 0.1152865 0.1624394 0.1958467 0.1738766 0.1368648 0.1280684 0.0916227 0.1522620 0.1305724 0.0844894 0.0755035 0.1014052 0.1127047 0.1290488 0.1049909 0.1056546 0.1959980 0.1064470 0.1214133 0.1309947 0.1992453 0.2230264 0.0880378 0.1890829 0.1772822 0.1770691 0.0987272 0.1991484 0.1070605 0.2093929 0.0829293 0.0728553 0.1421545 0.1501071 0.1106780 0.1077046 0.2711587 0.1152737 0.1600661 0.1123216 
S0400       0.0519778 0.1234671 0.0109151 0.1248100 0.0492635 0.0161993 0.0989872 0.1206229 0.1267550 0.1250863 0.0969994 0.1689801 0.1004549 0.0760667 0.0000000 0.0131053 0.0528114 0.1288493 0.1178217 0.0879498 0.0737965 0.1191611 0.0297710 0.0173236 0.1485803 0.0546672 0.0087082 0.1048617 0.1108288 0.1184706 0.0739040 0.1143085 0.0132123 0.0954924 0.0711357 0.0154012 0.0714539 0.0769718 0.0949676 0.1314894 0.1263397 0.0568713 0.1167858 0.1047067 0.0974281 0.0925934 0.0908184 0.1322350 0.1146237 0.1527871 0.0891606 0.1007934 0.1235447 0.1580357 0.1275869 0.1001481 0.0951042 0.1767521 0.0495577 0.0889537 0.1389652 0.0108653 0.0419528 0.0710877 0.1087390 0.1319801 0.1272352 0.1437496 0.1127265 0.0153897 0.1203923 0.1019226 0.0153186 0.0089559 0.0364736 0.0774021 0.0572652 0.0682085 0.0629108 0.1413311 0.0448627 0.0825009 0.1179830 0.1379574 0.1561696 0.0153158 0.1329256 0.1244256 0.1168495 0.0247118 0.1528871 0.0388911 0.1676654 0.0200863 0.0365648 0.1149906 0.1246238 0.0680437 0.0649927 0.2006524 0.0772174 0.0976966 0.0765201 
S0405       0.0651631 0.1406980 0.0199359 0.1418639 0.0648494 0.0332900 0.1141606 0.1390136 0.1437437 0.1421805 0.1152681 0.1971325 0.1144721 0.0943042 0.0131053 0.0000000 0.0651765 0.1460899 0.1332782 0.1057037 0.0817904 0.1324450 0.0371137 0.0223824 0.1668353 0.0652133 0.0222502 0.1203706 0.1241187 0.1297821 0.0851656 0.1307483 0.0245671 0.1125483 0.0880225 0.0292397 0.0884305 0.0942245 0.1133280 0.1458040 0.1435247 0.0728075 0.1332373 0.1047067 0.1128427 0.1054179 0.1087114 0.1530740 0.1213912 0.1613146 0.1072240 0.1194407 0.1340652 0.1836596 0.1380258 0.1186310 0.1134804 0.1870178 0.0652682 0.1040394 0.1493978 0.0244273 0.0520880 0.0822410 0.1281394 0.1457147 0.1409582 0.1615958 0.1249182 0.0198721 0.1362885 0.1177801 0.0290771 0.0135132 0.0513092 0.0947812 0.0597199 0.0848936 0.0793408 0.1599618 0.0551812 0.1000223 0.1389734 0.1599114 0.1561625 0.0290706 0.1539049 0.1446506 0.1364759 0.0390660 0.1718649 0.0487825 0.1791268 0.0342381 0.0514436 0.1347296 0.1448987 0.0846855 0.0813915 0.2040625 0.0945376 0.1161503 0.0936425 
S0412sl     0.0743309 0.0995030 0.0659025 0.1344924 0.0664148 0.0591747 0.0925713 0.0915021 0.1226174 0.1233778 0.1333795 0.1671922 0.1076707 0.1111067 0.0528114 0.0651765 0.0000000 0.1405840 0.1000355 0.1153225 0.0569415 0.1245170 0.0791660 0.0603566 0.1350934 0.0693353 0.0569341 0.0884569 0.1058026 0.1358487 0.0484090 0.1079625 0.0660086 0.1188838 0.0616373 0.0747143 0.0709077 0.0747715 0.1105381 0.0933961 0.1095363 0.0705057 0.0971441 0.1506973 0.1147460 0.1089592 0.1134937 0.1190639 0.1363162 0.1352850 0.1005241 0.1101269 0.1310273 0.9751243 0.1397278 0.1087101 0.1190856 0.1340445 0.1072989 0.1161962 0.1490809 0.0694520 0.0701201 0.1044140 0.1026455 0.1131154 0.1217743 0.1600775 0.1051707 0.0696155 0.1000330 0.1143025 0.0781520 0.0449434 0.0832973 0.1088165 0.1132137 0.0751170 0.0937368 0.1249030 0.0884178 0.0793125 0.1557757 0.1188039 0.1341411 0.0570503 0.1146121 0.1166413 0.1247029 0.0659935 0.1397953 0.0778975 0.1651206 0.0526497 0.0442727 0.1298605 0.1442837 0.0794453 0.0748872 0.2699568 0.0758221 0.0989018 0.0793830 
S0417       0.1699167 0.1439437 0.1388299 0.0891250 0.1032854 0.1546233 0.1718079 0.0588956 0.1634013 0.1981778 0.1448291 0.2285035 0.1689387 0.1877023 0.1288493 0.1460899 0.1405840 0.0000000 0.1586907 0.1509920 0.1586460 0.1729923 0.1502182 0.1532101 0.0627468 0.1342495 0.1321760 0.1237567 0.1502839 0.1977023 0.1362908 0.1650037 0.1387456 0.1561867 0.1069572 0.1469594 0.1138207 0.1037731 0.1642794 0.1645248 0.0929515 0.1082214 0.1622327 0.1047623 0.1558858 0.1522580 0.1466676 0.1622319 0.2111312 0.1731818 0.1570184 0.1678286 0.2047560 0.2231883 0.2096220 0.1673456 0.1377457 0.1813309 0.1726075 0.1180997 0.2314410 0.1456432 0.1445972 0.1284467 0.0418023 0.1314279 0.1769712 0.2031432 0.1675509 0.1537637 0.1485243 0.1549430 0.1459364 0.1153782 0.1360358 0.1155195 0.1867773 0.1047819 0.1108022 0.0653195 0.1531967 0.1228735 0.0436690 0.1650838 0.1475552 0.1361782 0.1584468 0.0599643 0.1738438 0.1476782 0.0866978 0.1702534 0.1508004 0.1424506 0.1172829 0.1473284 0.1482522 0.1216475 0.1182560 0.2198120 0.1141915 0.1576173 0.1078806 
S0430       0.1142108 0.0960200 0.1259647 0.1296062 0.0953385 0.1564509 0.1533673 0.1332191 0.0127455 0.0595038 0.1213808 0.0000010 0.0058431 0.1315395 0.1178217 0.1332782 0.1000355 0.1586907 0.0000000 0.1392150 0.1414009 0.0886271 0.1377791 0.1541893 0.1467595 0.1167178 0.1183028 0.0918269 0.0102131 0.1698221 0.1334070 0.0050422 0.1226188 0.1247236 0.0882653 0.1338518 0.0923900 0.0886819 0.1143772 0.0723169 0.1619975 0.0848499 0.0552580 0.2197422 0.1149644 0.1457165 0.1297129 0.1267748 0.1753399 0.0782961 0.1226215 0.1258808 0.1748846 0.0000010 0.1764498 0.1463738 0.1429331 0.0902817 0.1626561 0.1121184 0.1948041 0.1285766 0.1132577 0.1102143 0.1065991 0.1385176 0.0899532 0.0343107 0.0112475 0.1337848 0.0715251 0.1112319 0.1362745 0.0958331 0.1297036 0.1264844 0.1631248 0.1032746 0.0924813 0.1427712 0.1222109 0.0919282 0.1402869 0.1243120 0.1594148 0.1220456 0.1234407 0.1248476 0.1588063 0.1301329 0.1219731 0.1407158 0.2285874 0.1186339 0.0983862 0.1513441 0.1430808 0.1071200 0.0955025 0.2630007 0.1061359 0.1181945 0.0992246 
S0552sl     0.1169809 0.1342038 0.1030695 0.1358787 0.0603460 0.1081124 0.1572643 0.1120453 0.1359340 0.1530502 0.0980249 0.1646892 0.1237456 0.1320013 0.0879498 0.1057037 0.1153225 0.1509920 0.1392150 0.0000000 0.1132384 0.1642359 0.1135923 0.1036874 0.1541100 0.1041798 0.1001806 0.1251172 0.1254313 0.1349823 0.1310122 0.1323386 0.0906836 0.0186011 0.0977636 0.1055987 0.1014733 0.0918492 0.0449749 0.1706118 0.1448205 0.0600966 0.1252768 0.0222340 0.0370249 0.0241181 0.0155923 0.1394226 0.1568614 0.1749928 0.0374161 0.0423136 0.1462806 0.1581205 0.1473463 0.0468384 0.1018120 0.1928984 0.1167550 0.0874212 0.1688662 0.1024697 0.1103414 0.0751646 0.1329278 0.1742461 0.1818039 0.1576742 0.1270924 0.1062604 0.1544452 0.0968961 0.1024535 0.0908055 0.0940319 0.0927025 0.1286722 0.0687513 0.0722730 0.1495792 0.1243367 0.0980190 0.1309625 0.1490803 0.1942923 0.1027012 0.1471778 0.1428908 0.1304863 0.1062188 0.1634454 0.1211695 0.1919169 0.0977947 0.0882465 0.1232945 0.1126073 0.0397083 0.0683975 0.1856068 0.1010782 0.1172761 0.0745618 
S0558       0.1043674 0.1229175 0.0882425 0.1483259 0.0797946 0.0971064 0.1091136 0.1337608 0.1440478 0.1621309 0.1303947 0.1139085 0.1329516 0.1017482 0.0737965 0.0817904 0.0569415 0.1586460 0.1414009 0.1132384 0.0000000 0.1585837 0.0916968 0.0835296 0.1752096 0.0707899 0.0854563 0.1074924 0.1345048 0.1551855 0.0765103 0.1409063 0.0764649 0.1134063 0.0978539 0.0941636 0.1009342 0.1073577 0.1250085 0.1575088 0.1467672 0.0910491 0.1443866 0.1052320 0.1187534 0.1127972 0.1069089 0.1498587 0.1605278 0.1574365 0.1179810 0.1306922 0.1584249 0.1845307 0.1676578 0.1505705 0.1343834 0.1873069 0.1131244 0.1257827 0.1783781 0.0877447 0.0948280 0.1050958 0.1334402 0.1718373 0.1672280 0.1801359 0.1469206 0.0879440 0.1484177 0.1220854 0.0935333 0.0561510 0.0966031 0.1144088 0.1149638 0.1042420 0.0924219 0.1556851 0.0988137 0.1071935 0.1371274 0.1514392 0.1989596 0.0876947 0.1463552 0.1574281 0.1380158 0.0942703 0.1797279 0.1024399 0.2047879 0.0801815 0.0597864 0.1503706 0.1660418 0.1039781 0.1003308 0.2134572 0.1076876 0.1270496 0.1037894 
S0616       0.1596353 0.1220385 0.1296066 0.1593080 0.1226287 0.1494713 0.1935365 0.1518934 0.1069340 0.0993256 0.1495974 0.2193088 0.0859838 0.1729257 0.1191611 0.1324450 0.1245170 0.1729923 0.0886271 0.1642359 0.1585837 0.0000000 0.1324019 0.1459581 0.1775770 0.1504430 0.1224034 0.1149640 0.0853635 0.2051125 0.1560173 0.0951790 0.1339761 0.1511763 0.1222802 0.1392103 0.1229069 0.1228220 0.1359933 0.0981903 0.1624739 0.1057216 0.0981030 0.1373001 0.1550968 0.1670252 0.1595513 0.1221236 0.2122448 0.1132164 0.1527162 0.1669902 0.2284581 0.2809812 0.2236888 0.1797841 0.1708823 0.1249578 0.1745521 0.1530108 0.2422600 0.1322916 0.1219091 0.1249338 0.1375365 0.1585152 0.0563010 0.1229105 0.0878611 0.1358413 0.0794421 0.1337159 0.1390895 0.1128336 0.1362409 0.1483743 0.1550499 0.1269391 0.1305478 0.1746153 0.1367281 0.1226287 0.1495231 0.1193837 0.1682022 0.1263126 0.1157314 0.1590974 0.1424643 0.1296964 0.1503276 0.1614241 0.2099071 0.1257308 0.1156191 0.1594917 0.1604216 0.1373208 0.1222206 0.2864504 0.1231721 0.1118842 0.1286893 
S0641       0.0835938 0.1369703 0.0396711 0.1288235 0.0771661 0.0429513 0.1265983 0.1301067 0.1442892 0.1428696 0.1177289 0.1689801 0.1270449 0.0862276 0.0297710 0.0371137 0.0791660 0.1502182 0.1377791 0.1135923 0.0916968 0.1324019 0.0000000 0.0391097 0.1603932 0.0660111 0.0397059 0.1180976 0.1279451 0.1398583 0.0918214 0.1312335 0.0398906 0.1089686 0.0890610 0.0419890 0.0923781 0.0982995 0.1146065 0.1454252 0.1369168 0.0795197 0.1337307 0.0734507 0.1034840 0.1101982 0.1139178 0.1459421 0.1341363 0.1567463 0.1084205 0.1208021 0.1486306 0.1580357 0.1483168 0.1234464 0.1059386 0.1868453 0.0745333 0.1051719 0.1641553 0.0419526 0.0606654 0.0925091 0.1181204 0.1279587 0.1373358 0.1622295 0.1399885 0.0421627 0.1359838 0.1194366 0.0469725 0.0307011 0.0571419 0.0995970 0.0862185 0.0921175 0.0836266 0.1567227 0.0666883 0.1042239 0.1022529 0.1523877 0.1445603 0.0469590 0.1467234 0.1341716 0.1347839 0.0472969 0.1569819 0.0630606 0.1639025 0.0476176 0.0599974 0.1409901 0.1517607 0.0855732 0.0884344 0.2178310 0.0986326 0.1174640 0.0983622 
S0643       0.0741404 0.1478380 0.0303597 0.1481639 0.0647946 0.0276182 0.1176800 0.1196781 0.1519512 0.1494405 0.1119548 0.1417532 0.1269986 0.0976897 0.0173236 0.0223824 0.0603566 0.1532101 0.1541893 0.1036874 0.0835296 0.1459581 0.0391097 0.0000000 0.1692632 0.0681240 0.0278030 0.1208839 0.1318347 0.1450234 0.0907703 0.1444019 0.0277176 0.1040764 0.0847966 0.0330239 0.0818505 0.0917352 0.1159446 0.1658475 0.1581719 0.0737523 0.1358496 0.0528093 0.1112465 0.0881988 0.1043013 0.1541987 0.1402894 0.1748467 0.1053537 0.1157038 0.1452997 0.1344084 0.1537802 0.1145830 0.1164914 0.1870196 0.0683116 0.1126669 0.1622152 0.0302637 0.0563697 0.0877661 0.1328221 0.1487252 0.1516632 0.1437513 0.1466301 0.0224594 0.1516485 0.1213487 0.0355985 0.0204828 0.0584814 0.0988452 0.0741841 0.0808824 0.0749335 0.1707045 0.0629666 0.0982511 0.1324092 0.1570466 0.1693065 0.0329617 0.1454150 0.1398127 0.1424201 0.0472080 0.1793216 0.0556128 0.1875345 0.0416388 0.0527441 0.1406625 0.1453684 0.0836925 0.0834529 0.2124171 0.0952718 0.1121356 0.0905524 
S0645sl     0.1820655 0.1555475 0.1557473 0.0983422 0.1129455 0.1773138 0.1772088 0.0482059 0.1687190 0.2088283 0.1418388 0.4689462 0.1835865 0.1800632 0.1485803 0.1668353 0.1350934 0.0627468 0.1467595 0.1541100 0.1752096 0.1775770 0.1603932 0.1692632 0.0000000 0.1353715 0.1520667 0.1345090 0.1589336 0.1900314 0.1478305 0.1738099 0.1567088 0.1410044 0.1104937 0.1679940 0.1174720 0.1109645 0.1661168 0.1550905 0.1117881 0.1182176 0.1645001 0.1055084 0.1577590 0.1597044 0.1387279 0.1730739 0.1871672 0.1714358 0.1601303 0.1701798 0.1941733 0.3546410 0.1867385 0.1614159 0.1478967 0.1838437 0.1881052 0.1179307 0.2173386 0.1661700 0.1476144 0.1391822 0.0575146 0.1432855 0.1878363 0.2054509 0.1583784 0.1713395 0.1204806 0.1606440 0.1700922 0.1299908 0.1491335 0.1261885 0.2026180 0.1134530 0.1147626 0.0570548 0.1636391 0.1266382 0.0386969 0.1821003 0.1603314 0.1598695 0.1706059 0.0733565 0.1926641 0.1561226 0.0839683 0.1857556 0.1713396 0.1556228 0.1284012 0.1642987 0.1638208 0.1354364 0.1286267 0.2385905 0.1274005 0.1716600 0.1222007 
S0689       0.0827293 0.1128009 0.0653376 0.1236957 0.0655901 0.0720466 0.0880319 0.0979601 0.1297598 0.1454565 0.1108256 0.1951156 0.1215046 0.0857372 0.0546672 0.0652133 0.0693353 0.1342495 0.1167178 0.1041798 0.0707899 0.1504430 0.0660111 0.0681240 0.1353715 0.0000000 0.0655100 0.0943971 0.1133339 0.1359203 0.0798580 0.1202344 0.0575364 0.1056452 0.0740634 0.0736647 0.0800774 0.0827097 0.1112225 0.1519853 0.1249848 0.0655975 0.1270532 0.1036202 0.1080393 0.1136382 0.1042862 0.1421739 0.1409360 0.1519325 0.1016792 0.1137801 0.1322452 0.1357904 0.1330988 0.1197943 0.1117356 0.1755899 0.0945223 0.0964143 0.1559079 0.0677755 0.0739209 0.0924939 0.1077251 0.1343133 0.1551416 0.1500412 0.1241019 0.0736071 0.1383184 0.1124372 0.0731977 0.0481756 0.0740805 0.0925367 0.0940075 0.0831934 0.0747845 0.1343583 0.0802789 0.0883324 0.0977572 0.1403218 0.1513465 0.0731705 0.1354373 0.1329775 0.1412257 0.0738911 0.1286559 0.0815318 0.1816512 0.0604750 0.0295101 0.1431536 0.1317571 0.0829871 0.0740787 0.2356080 0.0920554 0.1235053 0.0828543 
S0690       0.0572152 0.1377881 0.0200150 0.1280814 0.0598390 0.0276276 0.0988308 0.1212054 0.1340991 0.1324678 0.1035024 0.1903313 0.1080752 0.0824550 0.0087082 0.0222502 0.0569341 0.1321760 0.1183028 0.1001806 0.0854563 0.1224034 0.0397059 0.0278030 0.1520667 0.0655100 0.0000000 0.1116681 0.1179500 0.1300849 0.0822943 0.1213622 0.0224371 0.1042868 0.0826936 0.0246586 0.0830744 0.0830246 0.1076486 0.1316499 0.1364564 0.0677179 0.1207857 0.1047067 0.1101416 0.0987756 0.1031588 0.1355886 0.1286138 0.1619662 0.1016090 0.1137010 0.1303664 0.2145609 0.1343529 0.1129397 0.1012373 0.1879129 0.0602177 0.1013637 0.1462775 0.0199203 0.0469116 0.0826334 0.1118701 0.1353280 0.1347818 0.1515407 0.1132327 0.0246400 0.1208962 0.1086754 0.0245225 0.0182553 0.0413854 0.0893251 0.0682118 0.0796156 0.0741202 0.1448905 0.0499065 0.0945461 0.1108184 0.1414846 0.1597398 0.0198535 0.1363010 0.1285986 0.1305146 0.0319559 0.1485395 0.0387125 0.1713516 0.0246988 0.0416266 0.1221002 0.1319736 0.0794205 0.0761903 0.2148701 0.0890996 0.1104557 0.0882645 
S0720       0.1332208 0.0607633 0.1211230 0.1231960 0.0656731 0.1228347 0.1298222 0.0862255 0.1071671 0.1346837 0.1030019 0.2863132 0.1099484 0.1353581 0.1048617 0.1203706 0.0884569 0.1237567 0.0918269 0.1251172 0.1074924 0.1149640 0.1180976 0.1208839 0.1345090 0.0943971 0.1116681 0.0000000 0.0970190 0.1552082 0.1170881 0.1105657 0.1080005 0.1124580 0.0369553 0.1277901 0.0446613 0.0420476 0.1250107 0.1328304 0.1212314 0.0771150 0.1130155 0.1672348 0.1212727 0.1222389 0.1246446 0.0555515 0.1661274 0.1384755 0.1186227 0.1251633 0.1714297 0.0703158 0.1601489 0.1308281 0.1101860 0.1516883 0.1443376 0.1084804 0.1851320 0.1203777 0.1062046 0.0947966 0.0887346 0.1293173 0.1223396 0.1266561 0.0914335 0.1241130 0.1029372 0.1051696 0.1268514 0.0977472 0.1180623 0.0983755 0.1373558 0.0800065 0.0801076 0.1087755 0.1135155 0.0419865 0.0995340 0.0575198 0.1497565 0.1086358 0.0528888 0.1127887 0.1176948 0.1147599 0.1166420 0.1305686 0.1793843 0.1048562 0.0773896 0.1286248 0.1111221 0.0982169 0.0859996 0.2356399 0.0627325 0.1106737 0.0853723 
S0724sl     0.1213984 0.1044919 0.1208840 0.1277043 0.0913739 0.1445079 0.1605936 0.1480079 0.0158578 0.0571218 0.1170199 0.0595034 0.0076176 0.1291964 0.1108288 0.1241187 0.1058026 0.1502839 0.0102131 0.1254313 0.1345048 0.0853635 0.1279451 0.1318347 0.1589336 0.1133339 0.1179500 0.0970190 0.0000000 0.1586451 0.1380449 0.0135604 0.1149123 0.1255671 0.0941724 0.1279408 0.0979060 0.0885279 0.1143314 0.0802993 0.1470507 0.0822252 0.0561334 0.1383837 0.1113368 0.1332392 0.1215801 0.1315454 0.1811067 0.0799160 0.1218326 0.1151477 0.1825103 0.1109770 0.1829368 0.1458366 0.1392491 0.1015971 0.1531699 0.1160138 0.1956738 0.1234162 0.1069288 0.1042658 0.1111871 0.1315726 0.0896525 0.0350469 0.0142102 0.1245263 0.0820100 0.0984030 0.1300910 0.0947966 0.1277274 0.1182294 0.1494830 0.1013441 0.0918937 0.1544114 0.1145912 0.1005613 0.1476736 0.1295123 0.1458639 0.1179423 0.1248723 0.1273848 0.1458277 0.1215536 0.1288824 0.1309682 0.2030157 0.1114919 0.0940436 0.1356465 0.1361477 0.1047206 0.0915098 0.2626763 0.1042493 0.1143819 0.0980497 
S0735       0.1321053 0.1655544 0.1159661 0.1881405 0.1007850 0.1482870 0.1545197 0.1997244 0.1819103 0.2055144 0.1377730 0.3473870 0.1811978 0.1531883 0.1184706 0.1297821 0.1358487 0.1977023 0.1698221 0.1349823 0.1551855 0.2051125 0.1398583 0.1450234 0.1900314 0.1359203 0.1300849 0.1552082 0.1586451 0.0000000 0.1645091 0.1774797 0.1275854 0.1309431 0.1148025 0.1300455 0.1194062 0.1189970 0.1593432 0.2050639 0.1659555 0.1041747 0.1782589 0.1431428 0.1397442 0.1481408 0.1395227 0.1751082 0.0102774 0.2256374 0.1316965 0.1305381 0.0025622 0.3688111 0.0000020 0.1678652 0.1216137 0.2563580 0.1300465 0.1453399 0.0025049 0.1368075 0.1520296 0.1233268 0.1792029 0.1844064 0.2045128 0.2151738 0.1638559 0.1340877 0.1831912 0.1443245 0.1329897 0.1212792 0.1002205 0.1321526 0.1381053 0.1123608 0.1202516 0.1700054 0.1498936 0.1259799 0.2055263 0.1803751 0.1847038 0.1260447 0.1824840 0.1893924 0.1462689 0.1426673 0.1983338 0.1406349 0.2154904 0.1234747 0.1255221 0.1570984 0.1698513 0.1158189 0.1154251 0.2311399 0.1155672 0.1368764 0.1152423 
S0742       0.1136906 0.1262012 0.0855918 0.1478904 0.0827198 0.0900087 0.1092683 0.1055976 0.1445280 0.1706508 0.1212648 0.2263385 0.1457218 0.1062896 0.0739040 0.0851656 0.0484090 0.1362908 0.1334070 0.1310122 0.0765103 0.1560173 0.0918214 0.0907703 0.1478305 0.0798580 0.0822943 0.1170881 0.1380449 0.1645091 0.0000000 0.1415556 0.0860219 0.1279775 0.0945718 0.0884362 0.1009080 0.1039381 0.1354580 0.1660323 0.1203519 0.0977715 0.1357502 0.2578483 0.1270999 0.1344493 0.1342960 0.1527538 0.1647804 0.1754681 0.1398678 0.1463825 0.1707577 0.2527281 0.1638341 0.1558685 0.1388428 0.2024888 0.1208320 0.1228035 0.1876410 0.0821549 0.1063952 0.0990551 0.1128958 0.1439758 0.1554947 0.1647685 0.1380824 0.0880358 0.1509117 0.1431811 0.0878519 0.0510867 0.0970429 0.1116312 0.1337583 0.0889809 0.1045796 0.1365756 0.1106003 0.1099269 0.0881289 0.1591620 0.1686835 0.0878149 0.1458321 0.1389295 0.1525584 0.0913988 0.1572961 0.0993327 0.1801791 0.0824632 0.0627977 0.1504491 0.1642782 0.1041919 0.1073347 0.2270747 0.1141847 0.1410269 0.1040032 
S0748       0.1388966 0.1145621 0.1310885 0.1454864 0.0983815 0.1471144 0.1742274 0.1381528 0.0177070 0.0581625 0.1313146 0.1638290 0.0049084 0.1374376 0.1143085 0.1307483 0.1079625 0.1650037 0.0050422 0.1323386 0.1409063 0.0951790 0.1312335 0.1444019 0.1738099 0.1202344 0.1213622 0.1105657 0.0135604 0.1774797 0.1415556 0.0000000 0.1220623 0.1296892 0.1038988 0.1337469 0.1077222 0.1043347 0.1182208 0.0872180 0.1690789 0.0919805 0.0627600 0.1344811 0.1118557 0.1412965 0.1282869 0.1422079 0.2017419 0.0975642 0.1183863 0.1218126 0.1914662 0.2258774 0.1958583 0.1495036 0.1465398 0.1148987 0.1645047 0.1271883 0.2040112 0.1302642 0.1169780 0.1147636 0.1213194 0.1561190 0.0965812 0.0292723 0.0112431 0.1314918 0.0745741 0.1152016 0.1369328 0.0984609 0.1299605 0.1287704 0.1668357 0.1053157 0.0989353 0.1697456 0.1281029 0.1103593 0.1482682 0.1404803 0.1749631 0.1243867 0.1354647 0.1409398 0.1602173 0.1313884 0.1507036 0.1373874 0.2236111 0.1149823 0.1005041 0.1534625 0.1545016 0.1115678 0.1013864 0.2743922 0.1138597 0.1280580 0.1080227 
S0756       0.0548064 0.1307233 0.0247515 0.1287287 0.0545562 0.0306448 0.1059711 0.1257163 0.1316666 0.1366695 0.1033729 0.1390400 0.1118873 0.0855088 0.0132123 0.0245671 0.0660086 0.1387456 0.1226188 0.0906836 0.0764649 0.1339761 0.0398906 0.0277176 0.1567088 0.0575364 0.0224371 0.1080005 0.1149123 0.1275854 0.0860219 0.1220623 0.0000000 0.1039982 0.0798614 0.0294898 0.0802270 0.0825901 0.1013636 0.1472348 0.1339278 0.0570609 0.1311953 0.1047067 0.0977939 0.0922514 0.0966357 0.1396385 0.1224933 0.1665762 0.0954329 0.1073105 0.1320733 0.1557438 0.1396075 0.1127965 0.1015067 0.1880028 0.0601469 0.0952067 0.1510981 0.0246325 0.0497464 0.0768879 0.1155463 0.1337430 0.1426337 0.1524690 0.1173771 0.0269819 0.1332571 0.1118479 0.0293243 0.0182827 0.0467039 0.0833975 0.0678898 0.0739363 0.0685341 0.1492378 0.0554300 0.0916079 0.1258296 0.1421356 0.1583682 0.0293177 0.1403807 0.1283270 0.1237679 0.0345078 0.1573736 0.0492219 0.1627597 0.0297045 0.0468255 0.1219402 0.1385941 0.0737562 0.0652146 0.1856098 0.0831925 0.1041355 0.0767909 
S0758       0.0966064 0.1232858 0.1040447 0.1156852 0.0681258 0.1046717 0.1453247 0.1162176 0.1250267 0.1376069 0.0881508 0.0000010 0.1166526 0.1363860 0.0954924 0.1125483 0.1188838 0.1561867 0.1247236 0.0186011 0.1134063 0.1511763 0.1089686 0.1040764 0.1410044 0.1056452 0.1042868 0.1124580 0.1255671 0.1309431 0.1279775 0.1296892 0.1039982 0.0000000 0.0847043 0.1037793 0.0853003 0.0767641 0.0423119 0.1643999 0.1475855 0.0564151 0.1109854 0.0000010 0.0283369 0.0334647 0.0091102 0.1226009 0.1378331 0.1607903 0.0391289 0.0389033 0.1328658 0.0000010 0.1307086 0.0489390 0.0975206 0.1756411 0.1265491 0.0646509 0.1532956 0.1074784 0.1196537 0.0765364 0.1353827 0.1733768 0.1476765 0.1161555 0.1141297 0.1169557 0.1504232 0.0646087 0.1117202 0.0909728 0.0842861 0.0804116 0.1302672 0.0724337 0.0573802 0.1402156 0.1260898 0.0890695 0.1254775 0.1292738 0.1849504 0.1040995 0.1272543 0.1301931 0.1365857 0.1219010 0.1458341 0.1344661 0.1905699 0.1097702 0.0917032 0.1013007 0.0982889 0.0353722 0.0678643 0.1707490 0.1053357 0.1044075 0.0646257 
S0760       0.0991516 0.0635882 0.0854611 0.1095113 0.0366355 0.0978025 0.1183769 0.0813995 0.1067637 0.1200278 0.0809080 0.2816748 0.0993635 0.1084160 0.0711357 0.0880225 0.0616373 0.1069572 0.0882653 0.0977636 0.0978539 0.1222802 0.0890610 0.0847966 0.1104937 0.0740634 0.0826936 0.0369553 0.0941724 0.1148025 0.0945718 0.1038988 0.0798614 0.0847043 0.0000000 0.0913321 0.0065386 0.0087309 0.1014594 0.1253652 0.1050972 0.0467185 0.0995813 0.1029027 0.1009989 0.1029114 0.0915192 0.0832182 0.1172555 0.1300422 0.0955262 0.1015682 0.1206730 0.0328743 0.1154592 0.1129612 0.0843732 0.1375220 0.1092224 0.0741638 0.1343566 0.0849818 0.0819803 0.0624248 0.0766371 0.1136979 0.1159679 0.1322140 0.0841254 0.0912600 0.0992257 0.0885462 0.0907248 0.0673243 0.0917978 0.0708570 0.1163350 0.0492900 0.0493568 0.0916803 0.0885338 0.0131720 0.0910193 0.0897935 0.1332866 0.0742986 0.0836044 0.0993721 0.0971234 0.0922931 0.1211711 0.1027265 0.1566860 0.0798546 0.0573545 0.1106132 0.1037240 0.0653498 0.0545616 0.2070915 0.0389257 0.0849618 0.0570487 
S0763       0.0707715 0.1483080 0.0176586 0.1427963 0.0678061 0.0274964 0.1178196 0.1347296 0.1442681 0.1463026 0.1160506 0.2602701 0.1262626 0.0853939 0.0154012 0.0292397 0.0747143 0.1469594 0.1338518 0.1055987 0.0941636 0.1392103 0.0419890 0.0330239 0.1679940 0.0736647 0.0246586 0.1277901 0.1279408 0.1300455 0.0884362 0.1337469 0.0294898 0.1037793 0.0913321 0.0000000 0.0917601 0.0976342 0.1094555 0.1491679 0.1368821 0.0758648 0.1404688 0.1690730 0.1127705 0.1123719 0.1086022 0.1575025 0.1249060 0.1578481 0.1071153 0.1193139 0.1383062 0.2404917 0.1390296 0.1155702 0.1172042 0.1770103 0.0655818 0.1046340 0.1536643 0.0221287 0.0601516 0.0884712 0.1288703 0.1495677 0.1408886 0.1695413 0.1302844 0.0317043 0.1320195 0.1247061 0.0267455 0.0253805 0.0487963 0.0867801 0.0764374 0.0881493 0.0798345 0.1645392 0.0607532 0.1035114 0.1183182 0.1646190 0.1707649 0.0315427 0.1583687 0.1455010 0.1298539 0.0416877 0.1731038 0.0566325 0.1798472 0.0368037 0.0542115 0.1356793 0.1459728 0.0791287 0.0845754 0.2053057 0.0979626 0.1099265 0.0942453 
S0765       0.1029408 0.0667345 0.0858564 0.1164025 0.0393028 0.0944935 0.1185290 0.0898502 0.1106307 0.1206295 0.0815702 0.2816748 0.1036099 0.1083529 0.0714539 0.0884305 0.0709077 0.1138207 0.0923900 0.1014733 0.1009342 0.1229069 0.0923781 0.0818505 0.1174720 0.0800774 0.0830744 0.0446613 0.0979060 0.1194062 0.1009080 0.1077222 0.0802270 0.0853003 0.0065386 0.0917601 0.0000000 0.0110127 0.1052592 0.1296538 0.1119776 0.0495436 0.1032815 0.1372101 0.1047735 0.1069923 0.0951093 0.0836035 0.1214372 0.1308456 0.0992259 0.1053752 0.1250238 0.0328743 0.1196514 0.1139806 0.0877935 0.1384938 0.1131112 0.0774614 0.1387861 0.0853725 0.0853776 0.0626965 0.0826960 0.1177094 0.1165551 0.1365417 0.0886064 0.0916874 0.1035947 0.0920869 0.0911468 0.0676294 0.0954045 0.0740764 0.1203819 0.0521548 0.0522255 0.0983372 0.0920694 0.0109480 0.0907745 0.0902314 0.1376729 0.0746351 0.0839948 0.1059480 0.1069021 0.0927305 0.1284896 0.1064856 0.1648835 0.0832467 0.0603583 0.1111582 0.1008130 0.0684778 0.0575132 0.2083537 0.0416162 0.0884158 0.0600310 
S0770       0.1057579 0.0693180 0.0916275 0.1099722 0.0416764 0.1057739 0.1155194 0.0815076 0.1010888 0.1141573 0.0812241 0.2816748 0.0927937 0.1155803 0.0769718 0.0942245 0.0747715 0.1037731 0.0886819 0.0918492 0.1073577 0.1228220 0.0982995 0.0917352 0.1109645 0.0827097 0.0830246 0.0420476 0.0885279 0.1189970 0.1039381 0.1043347 0.0825901 0.0767641 0.0087309 0.0976342 0.0110127 0.0000000 0.1080661 0.1259223 0.1148280 0.0519814 0.0940562 0.1029027 0.1075658 0.1029392 0.0857306 0.0835537 0.1208418 0.1306845 0.1020029 0.1019946 0.1280799 0.0328743 0.1226360 0.1197833 0.0904399 0.1382980 0.1159262 0.0800879 0.1417899 0.0911049 0.0880240 0.0680245 0.0796464 0.1141853 0.1164761 0.1262225 0.0769855 0.0975567 0.0997069 0.0889052 0.0969731 0.0732049 0.0981401 0.0766645 0.1232566 0.0546079 0.0546812 0.0949843 0.0947745 0.0177505 0.0912108 0.0901742 0.1338802 0.0802363 0.0839434 0.0997792 0.1096838 0.0957227 0.1217023 0.1092528 0.1632827 0.0859052 0.0575706 0.1110845 0.1041581 0.0710324 0.0600013 0.2071125 0.0439933 0.0910843 0.0625268 
