104
S0055       0.0000000 0.0655537 0.1120815 0.0372300 0.1041038 0.0878804 0.0542013 0.0633411 0.1087729 0.0899020 0.1055137 0.0874621 0.0921894 0.1112491 0.0476659 0.0338160 0.0475692 0.0450924 0.0625555 0.0619112 0.1054102 0.0939859 0.0659246 0.0947879 0.1135390 0.0341828 0.0354676 0.0463119 0.0481482 0.0847499 0.1013754 0.1417784 0.0517109 0.1055849 0.0405700 0.0821725 0.0606011 0.0422716 0.0606973 0.0644269 0.1089276 0.0959271 0.0885536 0.0860386 0.1020940 0.0925491 0.0914026 0.0937560 0.0779418 0.0541044 0.0795196 0.1531253 0.0779446 0.0840800 0.1014962 0.0622997 0.0929744 0.1508700 0.0641619 0.1396480 0.0990016 0.0958239 0.0732344 0.0550058 0.1001401 0.1442421 0.0402793 0.0504008 0.0897378 0.0929649 0.0842035 0.1097486 0.1073791 0.0438249 0.0847328 0.0958441 0.0835548 0.0420320 0.0437222 0.0166003 0.1092716 0.0595949 0.0876252 0.0947763 0.0510206 0.0680244 0.0779110 0.0689180 0.0361187 0.0882221 0.0993542 0.0793950 0.0455773 0.0373878 0.0412119 0.0566676 0.0825687 0.0819474 0.0832666 0.0837803 0.0792927 0.0755029 0.0498124 0.0845623 
S0196sl     0.0655537 0.0000000 0.0802121 0.0751485 0.0944359 0.0448243 0.0925355 0.0975376 0.1077880 0.0723385 0.1013759 0.0605442 0.0740575 0.1034081 0.0701261 0.0655251 0.0830114 0.0623811 0.0018456 0.0869953 0.1010824 0.0660416 0.1072388 0.0727473 0.0985880 0.0757464 0.0653429 0.0836702 0.0861430 0.0408579 0.1508335 0.1596226 0.0803481 0.0992995 0.0801319 0.0563795 0.0018456 0.0657543 0.0018456 0.0055834 0.0892928 0.0468323 0.0735634 0.0887120 0.0814226 0.0593133 0.0652002 0.0611692 0.0627604 0.0945574 0.0336035 0.1561026 0.0814548 0.0631970 0.0826575 0.0425417 0.0883069 0.1651616 0.0074366 0.1544153 0.0786742 0.0611921 0.0653480 0.0859193 0.0684535 0.1613872 0.0747467 0.0868300 0.0561381 0.0924297 0.0575794 0.1014963 0.1031670 0.0704670 0.0685046 0.0684727 0.0427103 0.0750296 0.0000010 0.0761171 0.0734457 0.0893390 0.0469860 0.0534715 0.1006024 0.0112751 0.0316615 0.0679442 0.0691284 0.0405153 0.0750898 0.0586553 0.0827527 0.0703960 0.0816136 0.0982790 0.0527856 0.0588353 0.0535658 0.0789711 0.0340239 0.0585147 0.0752283 0.0819401 
S0281       0.1120815 0.0802121 0.0000000 0.1214156 0.1075021 0.0802764 0.1288980 0.1269476 0.1165693 0.1178373 0.1205810 0.0917901 0.0960879 0.1174330 0.1223058 0.1107704 0.1250146 0.1003468 0.0734494 0.1221635 0.1173193 0.0945993 0.1349308 0.1240457 0.1217155 0.1141121 0.1128836 0.1254446 0.1342906 0.0601837 0.1092346 0.1599215 0.1132523 0.1178433 0.1108332 0.0818585 0.0713684 0.1223209 0.0714855 0.0754276 0.1079823 0.0615071 0.1177864 0.0899025 0.1196983 0.0933067 0.0833239 0.0841733 0.0874445 0.1416130 0.0617237 0.1672344 0.1342915 0.1166895 0.1136914 0.0653588 0.0948562 0.1701070 0.0714229 0.1510542 0.1099680 0.0831448 0.1145976 0.1161447 0.0952090 0.1594838 0.1149166 0.1218796 0.0818776 0.1163678 0.1059806 0.1152067 0.1088480 0.1239568 0.1113857 0.0932680 0.0739176 0.1151995 0.0935609 0.1108310 0.1077481 0.1242772 0.0796875 0.0889598 0.1232540 0.0811083 0.0583205 0.0943534 0.1084197 0.0601828 0.1069188 0.0869574 0.1216886 0.1093761 0.1242517 0.1352290 0.0818561 0.0874537 0.1026268 0.0858440 0.0675023 0.0866845 0.1228429 0.0888535 
S0282       0.0372300 0.0751485 0.1214156 0.0000000 0.0989717 0.0889314 0.0257588 0.0627394 0.0952909 0.0911240 0.1074100 0.0935248 0.0914420 0.1104205 0.0489984 0.0193710 0.0340223 0.0516812 0.0678807 0.0636654 0.0985529 0.0930701 0.0688296 0.0884441 0.1060359 0.0406231 0.0194889 0.0509592 0.0338675 0.0942823 0.1078469 0.1239078 0.0563754 0.0918347 0.0321505 0.0832117 0.0658895 0.0241860 0.0659945 0.0697804 0.1181155 0.1015531 0.0838893 0.0890897 0.0992837 0.0915858 0.1000063 0.0928445 0.0865694 0.0678157 0.0850734 0.1285370 0.0911458 0.0834078 0.0986206 0.0634171 0.0961241 0.1377727 0.0659388 0.1211267 0.1038860 0.0989427 0.0752310 0.0542077 0.1011145 0.1255055 0.0255289 0.0467034 0.0870284 0.0930327 0.0782749 0.1047901 0.1024685 0.0305376 0.0801838 0.0888261 0.0846284 0.0240190 0.0354677 0.0340713 0.1124069 0.0625728 0.0905051 0.0957739 0.0489155 0.0734190 0.0796269 0.0607168 0.0104729 0.0937815 0.1004987 0.0810360 0.0372304 0.0386900 0.0425095 0.0597736 0.0763528 0.0817140 0.0802050 0.0868234 0.0848304 0.0771361 0.0563657 0.0876289 
S0288       0.1041038 0.0944359 0.1075021 0.0989717 0.0000000 0.1060796 0.1117677 0.1128415 0.0156521 0.0686343 0.0074725 0.1098096 0.1207873 0.0134701 0.0996614 0.0926810 0.1037517 0.1019208 0.0933133 0.1286938 0.0089219 0.1103367 0.1292878 0.0908656 0.0110767 0.1085033 0.1008040 0.1136193 0.1119284 0.1042704 0.0270989 0.1627932 0.1104053 0.0063599 0.1051937 0.0952496 0.0930234 0.1015409 0.0931799 0.0974061 0.1263102 0.1083601 0.0792678 0.1190133 0.0622586 0.1044364 0.1014277 0.0935000 0.0988979 0.1178573 0.1011084 0.1555383 0.1213024 0.0846072 0.1110905 0.0729774 0.1049559 0.1575506 0.0930939 0.1579953 0.1133908 0.1136930 0.0751669 0.1038856 0.1132803 0.1627099 0.0966048 0.1153853 0.1018989 0.0076817 0.0799459 0.0074366 0.0059333 0.1093488 0.0754412 0.1139078 0.1014368 0.0968985 0.1183930 0.1005121 0.1180766 0.1058819 0.1097294 0.1092294 0.1229112 0.1034069 0.0953757 0.0854514 0.0964407 0.1047645 0.1238433 0.1007591 0.1114497 0.1054406 0.1126458 0.1188607 0.1067669 0.1059253 0.0997913 0.1207111 0.1039037 0.0986288 0.1065751 0.1198740 
S0292       0.0878804 0.0448243 0.0802764 0.0889314 0.1060796 0.0000000 0.0993360 0.1001115 0.1089054 0.0975888 0.1166666 0.0722052 0.0862257 0.1169691 0.0836916 0.0774724 0.0937015 0.0850856 0.0498356 0.1014827 0.1135499 0.0739019 0.1089654 0.0976665 0.1177338 0.0921782 0.0849214 0.0898364 0.0962431 0.0728951 0.1474352 0.1653519 0.0937823 0.1165762 0.0911601 0.0607283 0.0496935 0.0875829 0.0497709 0.0533467 0.0883142 0.0778343 0.0882100 0.0821998 0.0866417 0.0647767 0.0692444 0.0639805 0.0675623 0.0999221 0.0643175 0.1531917 0.0999067 0.0815806 0.0999413 0.0496351 0.0794016 0.1647017 0.0530875 0.1616353 0.0840792 0.0662080 0.0680628 0.0999504 0.0324979 0.1664041 0.0830061 0.0968198 0.0259115 0.0986317 0.0752104 0.1139216 0.1115195 0.0891646 0.0883976 0.0836482 0.0149720 0.0870324 0.1048988 0.0863894 0.0442871 0.1029160 0.0242636 0.0241607 0.1077077 0.0567024 0.0609117 0.0429600 0.0770073 0.0723753 0.0457164 0.0607854 0.0971022 0.0856102 0.0947110 0.1014476 0.0674859 0.0705295 0.0583177 0.0763593 0.0717007 0.0606987 0.0956992 0.0807969 
S0293       0.0542013 0.0925355 0.1288980 0.0257588 0.1117677 0.0993360 0.0000000 0.0777821 0.1165772 0.1056102 0.1205221 0.1021531 0.0999165 0.1235189 0.0648396 0.0272893 0.0391496 0.0608701 0.0794570 0.0766360 0.1112844 0.1017147 0.0820845 0.1021006 0.1193341 0.0526802 0.0306213 0.0634699 0.0356507 0.1030744 0.1005575 0.1463419 0.0690906 0.1073773 0.0405135 0.0934478 0.0773671 0.0355109 0.0774924 0.0814365 0.1295278 0.1085566 0.1020407 0.1013131 0.1203417 0.1021503 0.1106938 0.0994735 0.0968567 0.0790446 0.0934897 0.1493420 0.1036413 0.0995581 0.1014300 0.0757125 0.1086633 0.1587472 0.0774246 0.1469515 0.1148713 0.1055668 0.0927459 0.0685840 0.1119443 0.1515435 0.0336150 0.0554603 0.0973769 0.1063655 0.0895397 0.1156868 0.1153209 0.0355567 0.0981796 0.0971764 0.0948510 0.0320773 0.0211189 0.0492856 0.1278136 0.0736832 0.1009233 0.1063007 0.0574673 0.0851969 0.0840143 0.0859685 0.0198358 0.1025209 0.1151974 0.0947928 0.0457939 0.0489100 0.0547028 0.0762310 0.0881552 0.0919525 0.0902192 0.0951062 0.0970293 0.0907293 0.0744537 0.0934575 
S0294       0.0633411 0.0975376 0.1269476 0.0627394 0.1128415 0.1001115 0.0777821 0.0000000 0.1121199 0.1062021 0.1193330 0.1052543 0.1113907 0.1161342 0.0666542 0.0519943 0.0651164 0.0644633 0.0834356 0.0904361 0.1099218 0.0959586 0.0732656 0.1200418 0.1186212 0.0610601 0.0589424 0.0652582 0.0727891 0.0989455 0.1017006 0.1572098 0.0748489 0.1058018 0.0719303 0.0839750 0.0831791 0.0612818 0.0833177 0.0874226 0.1154590 0.1087754 0.0980519 0.1020237 0.1130203 0.0944441 0.0928252 0.0957263 0.0854031 0.0546129 0.1019864 0.1604192 0.0886089 0.0913998 0.1125814 0.0676737 0.1013976 0.1559044 0.0832425 0.1444505 0.1012056 0.1043783 0.0868022 0.0765242 0.1091034 0.1491451 0.0589678 0.0737140 0.1001289 0.1013812 0.0964972 0.1187553 0.1162673 0.0646045 0.0984786 0.1050698 0.0936105 0.0573123 0.0527407 0.0579758 0.1271256 0.0738034 0.0972955 0.1074577 0.0783021 0.0932900 0.1044778 0.0522401 0.0563769 0.1130727 0.1185001 0.0839541 0.0762242 0.0630406 0.0713461 0.0802391 0.0970626 0.0906888 0.0893557 0.0995773 0.0958293 0.0838333 0.0765798 0.1005353 
S0303       0.1087729 0.1077880 0.1165693 0.0952909 0.0156521 0.1089054 0.1165772 0.1121199 0.0000000 0.0729283 0.0237342 0.1194023 0.1282147 0.0256083 0.1032269 0.0924402 0.1089381 0.1061661 0.1051090 0.1354044 0.0175284 0.1172654 0.1288405 0.0809823 0.0122924 0.1126608 0.0944753 0.1193475 0.1203326 0.1145268 0.1508335 0.1736913 0.1131473 0.0082147 0.1137542 0.0978379 0.1051090 0.0927842 0.1051090 0.1107434 0.1537217 0.1197268 0.0792203 0.1323536 0.0752075 0.1041865 0.1138717 0.1051170 0.1048826 0.1207129 0.1078076 0.1609885 0.1310306 0.0809617 0.1097727 0.0806485 0.1222726 0.1572371 0.1052109 0.1651742 0.1043162 0.1275497 0.0832029 0.1069127 0.1306170 0.1715313 0.0975039 0.1158544 0.1179200 0.0117541 0.0753305 0.0215612 0.0214816 0.1053832 0.0715701 0.1169400 0.1091944 0.1003679 0.0000010 0.1097003 0.1287963 0.1086289 0.1142577 0.1192385 0.1339501 0.1189096 0.1057066 0.0722917 0.0995495 0.1203666 0.1413621 0.1052499 0.1195028 0.1054882 0.1149498 0.1345885 0.1075096 0.1055179 0.0993761 0.1351259 0.1228545 0.1024132 0.1119265 0.1333797 
S0308       0.0899020 0.0723385 0.1178373 0.0911240 0.0686343 0.0975888 0.1056102 0.1062021 0.0729283 0.0000000 0.0704888 0.1022186 0.1103104 0.0717368 0.0889531 0.0775745 0.0919399 0.0854270 0.0793586 0.1205674 0.0681641 0.0907479 0.1089574 0.0907582 0.0709440 0.0941778 0.0869330 0.0943310 0.0990930 0.0947398 0.0756607 0.1685564 0.0890302 0.0657657 0.0932161 0.0820199 0.0793586 0.0876973 0.0794876 0.0834601 0.1178235 0.0959334 0.0758452 0.1083140 0.0525023 0.0867427 0.0856758 0.0800706 0.0801327 0.1081436 0.0874543 0.1646300 0.1117396 0.0736671 0.0843737 0.0554197 0.0848656 0.1624766 0.0831032 0.1670754 0.1004382 0.1051353 0.0597980 0.0934098 0.1089951 0.1718419 0.0850011 0.0949944 0.1035843 0.0565875 0.0763676 0.0738497 0.0661450 0.0931438 0.0818188 0.1078947 0.0932623 0.0778577 0.1389033 0.0883624 0.1264262 0.0966531 0.1051806 0.1067961 0.1039262 0.0891518 0.0858353 0.0508352 0.0905469 0.1002367 0.1230984 0.0930323 0.0991914 0.0877242 0.0967337 0.1097266 0.0943470 0.0941196 0.0863535 0.1097822 0.0852353 0.0909462 0.0940383 0.1068553 
S0322       0.1055137 0.1013759 0.1205810 0.1074100 0.0074725 0.1166666 0.1205221 0.1193330 0.0237342 0.0704888 0.0000000 0.1139659 0.1271734 0.0165398 0.1058659 0.0988623 0.1123742 0.1060901 0.0967050 0.1353978 0.0150248 0.1167240 0.1359692 0.0968979 0.0159430 0.1126721 0.1069305 0.1175629 0.1188218 0.1104432 0.0200864 0.1732513 0.1145865 0.0112140 0.1116814 0.1013731 0.0964051 0.1079146 0.0965670 0.1008099 0.1404112 0.1167904 0.0851307 0.1276650 0.0716373 0.1107531 0.1096791 0.0996121 0.1030391 0.1267150 0.1071789 0.1623642 0.1301425 0.0884917 0.1174217 0.0820786 0.1136058 0.1644737 0.0964776 0.1687477 0.1198691 0.1221746 0.0824096 0.1125724 0.1266773 0.1735630 0.1028476 0.1195693 0.1123749 0.0156179 0.0878680 0.0119908 0.0104640 0.1156149 0.0833524 0.1205722 0.1118611 0.1031622 0.1084891 0.1019359 0.1295141 0.1121346 0.1203670 0.1198136 0.1271999 0.1068209 0.1035048 0.1071467 0.1070603 0.1153252 0.1349401 0.1048045 0.1180446 0.1119459 0.1168509 0.1231168 0.1109333 0.1121827 0.1081673 0.1293684 0.1080087 0.1026515 0.1107320 0.1285905 
S0335       0.0874621 0.0605442 0.0917901 0.0935248 0.1098096 0.0722052 0.1021531 0.1052543 0.1194023 0.1022186 0.1139659 0.0000000 0.0567562 0.1109171 0.0961762 0.0817149 0.1023439 0.0788599 0.0571159 0.1017021 0.1130609 0.0915087 0.1116129 0.1004138 0.1151999 0.0941632 0.0836925 0.0965701 0.0969518 0.0703585 0.1204172 0.1640212 0.0874325 0.1118413 0.0956347 0.0775081 0.0552051 0.0901456 0.0552921 0.0570016 0.1022415 0.0731136 0.0967515 0.0781352 0.0992740 0.0898712 0.0890384 0.0795847 0.0846672 0.1088705 0.0657052 0.1610834 0.1035590 0.0919722 0.1000183 0.0636696 0.0976930 0.1718739 0.0569498 0.1624801 0.1050576 0.0796773 0.0850688 0.1080647 0.0844123 0.1672147 0.0892432 0.0955614 0.0720984 0.0976939 0.0813307 0.1106935 0.1110404 0.0896500 0.0926056 0.0529647 0.0662928 0.0895089 0.0783522 0.0865028 0.0984893 0.1117010 0.0737344 0.0748939 0.1045584 0.0642844 0.0641267 0.0945876 0.0872705 0.0714725 0.0975731 0.0475725 0.0997743 0.0914857 0.0993090 0.1036516 0.0482918 0.0258847 0.0763070 0.0783491 0.0717328 0.0441061 0.0978773 0.0809893 
S0345       0.0921894 0.0740575 0.0960879 0.0914420 0.1207873 0.0862257 0.0999165 0.1113907 0.1282147 0.1103104 0.1271734 0.0567562 0.0000000 0.1239256 0.0940728 0.0815886 0.0982089 0.0851578 0.0690187 0.0995851 0.1261479 0.0999586 0.1174027 0.1043622 0.1288211 0.0945884 0.0853940 0.1003071 0.0990352 0.0748619 0.1184969 0.1647823 0.0934622 0.1211380 0.0993340 0.0874569 0.0669878 0.0918747 0.0670963 0.0670454 0.0978026 0.0815743 0.1011547 0.0901650 0.1134654 0.0979278 0.0973795 0.0934135 0.0928182 0.1045058 0.0737805 0.1643179 0.1205272 0.1041482 0.0989209 0.0701526 0.1083235 0.1849062 0.0706561 0.1604913 0.1159509 0.0818444 0.0983368 0.1038025 0.1012600 0.1652266 0.0891083 0.1012255 0.0900072 0.1144841 0.0915809 0.1244556 0.1240665 0.0954169 0.1033217 0.0342053 0.0819120 0.0893678 0.0606563 0.0868690 0.1133148 0.1094209 0.0897419 0.0908179 0.1123123 0.0746615 0.0684503 0.0855852 0.0871289 0.0778237 0.1061896 0.0586045 0.0936670 0.0918994 0.0950931 0.1113371 0.0263817 0.0513993 0.0865138 0.0784134 0.0740097 0.0549760 0.1022159 0.0830902 
S0355       0.1112491 0.1034081 0.1174330 0.1104205 0.0134701 0.1169691 0.1235189 0.1161342 0.0256083 0.0717368 0.0165398 0.1109171 0.1239256 0.0000000 0.1088931 0.0999052 0.1133434 0.1071151 0.1003393 0.1383956 0.0210628 0.1197413 0.1325506 0.0999199 0.0207559 0.1136409 0.1079236 0.1209834 0.1197957 0.1114252 0.0270989 0.1753031 0.1135702 0.0127888 0.1126493 0.1044004 0.1000280 0.1089091 0.1001960 0.1044682 0.1434088 0.1198075 0.0881729 0.1329402 0.0663117 0.1137904 0.1107486 0.1007383 0.1080643 0.1276138 0.1081717 0.1689815 0.1267891 0.0895920 0.1204060 0.0812555 0.1125678 0.1711842 0.1001029 0.1708705 0.1208957 0.1230755 0.0767543 0.1155973 0.1268551 0.1756934 0.1038657 0.1204840 0.1169479 0.0134801 0.0909302 0.0180108 0.0104025 0.1165560 0.0864029 0.1174210 0.1122219 0.1041809 0.1183930 0.1076616 0.1362781 0.1131032 0.1233630 0.1200745 0.1239525 0.1105062 0.1065270 0.0682216 0.1101151 0.1183593 0.1352538 0.1058102 0.1189725 0.1129138 0.1177936 0.1240160 0.1079003 0.1091506 0.1111492 0.1346334 0.1110336 0.1036697 0.1117144 0.1338978 
S0376       0.0476659 0.0701261 0.1223058 0.0489984 0.0996614 0.0836916 0.0648396 0.0666542 0.1032269 0.0889531 0.1058659 0.0961762 0.0940728 0.1088931 0.0000000 0.0438226 0.0580457 0.0556758 0.0646864 0.0493438 0.0949362 0.0833816 0.0766032 0.0870986 0.1065464 0.0513843 0.0455351 0.0530113 0.0593430 0.0951530 0.1005873 0.1356608 0.0638799 0.0986223 0.0524725 0.0761455 0.0644962 0.0492468 0.0645994 0.0683907 0.0960870 0.1002231 0.0863926 0.0895056 0.0911287 0.0799736 0.0826730 0.0793560 0.0697594 0.0556565 0.0835721 0.1478101 0.0800603 0.0818194 0.0991314 0.0596648 0.0854798 0.1430894 0.0681066 0.1333145 0.0880444 0.0936179 0.0701147 0.0565673 0.0937142 0.1378118 0.0470788 0.0644471 0.0855268 0.0957290 0.0730806 0.1032444 0.1009323 0.0507384 0.0847364 0.0879064 0.0794453 0.0523112 0.0695115 0.0461939 0.1021774 0.0595092 0.0852771 0.0906824 0.0669849 0.0720381 0.0819565 0.0941276 0.0463138 0.0905532 0.0967215 0.0814035 0.0598571 0.0475567 0.0534076 0.0583295 0.0825843 0.0899069 0.0715835 0.0872272 0.0834735 0.0812896 0.0391186 0.0880399 
S0400       0.0338160 0.0655251 0.1107704 0.0193710 0.0926810 0.0774724 0.0272893 0.0519943 0.0924402 0.0775745 0.0988623 0.0817149 0.0815886 0.0999052 0.0438226 0.0000000 0.0227688 0.0429706 0.0586866 0.0651211 0.0922922 0.0833417 0.0598129 0.0861781 0.0992293 0.0323226 0.0118179 0.0457265 0.0189046 0.0786491 0.0986783 0.1322771 0.0526970 0.0893681 0.0210411 0.0719491 0.0567701 0.0103505 0.0568595 0.0605267 0.1057265 0.0896534 0.0816372 0.0830246 0.0890505 0.0819017 0.0845916 0.0831408 0.0734393 0.0516519 0.0700016 0.1368654 0.0775873 0.0829072 0.0887246 0.0536109 0.0879318 0.1419818 0.0568127 0.1298184 0.0841685 0.0833075 0.0724926 0.0522854 0.0892624 0.1319689 0.0058264 0.0351521 0.0756200 0.0802119 0.0760713 0.0984133 0.0961469 0.0164287 0.0816546 0.0790996 0.0733438 0.0102961 0.0137486 0.0323595 0.1040238 0.0537340 0.0790396 0.0842182 0.0404142 0.0640738 0.0684056 0.0519085 0.0135014 0.0820812 0.0924848 0.0751327 0.0258857 0.0304941 0.0341184 0.0560107 0.0686728 0.0721180 0.0691225 0.0771668 0.0733980 0.0713117 0.0492397 0.0815627 
S0405       0.0475692 0.0830114 0.1250146 0.0340223 0.1037517 0.0937015 0.0391496 0.0651164 0.1089381 0.0919399 0.1123742 0.1023439 0.0982089 0.1133434 0.0580457 0.0227688 0.0000000 0.0575060 0.0758858 0.0751346 0.1033386 0.0940266 0.0730879 0.1028270 0.1091803 0.0460484 0.0195305 0.0549553 0.0360970 0.0971772 0.1019510 0.1517930 0.0657958 0.1011294 0.0306993 0.0841980 0.0756594 0.0309204 0.0757811 0.0797128 0.1213571 0.1086739 0.0960150 0.0956873 0.0992830 0.0925897 0.0990751 0.0937966 0.0837058 0.0630485 0.0917290 0.1549224 0.0978977 0.0916639 0.1034310 0.0680836 0.0970143 0.1606157 0.0757162 0.1478035 0.1029666 0.0978268 0.0853475 0.0638986 0.0990780 0.1524227 0.0259152 0.0522038 0.0937383 0.0935709 0.0903992 0.1098063 0.1094597 0.0274446 0.0901605 0.0960582 0.0912453 0.0307482 0.0205660 0.0461003 0.1190139 0.0614299 0.0972765 0.1026405 0.0545275 0.0834648 0.0901005 0.0526028 0.0280389 0.1048272 0.1114644 0.0873404 0.0357738 0.0356149 0.0480072 0.0674798 0.0846664 0.0900962 0.0890148 0.0895569 0.0933981 0.0872184 0.0621611 0.0961908 
S0412sl     0.0450924 0.0623811 0.1003468 0.0516812 0.1019208 0.0850856 0.0608701 0.0644633 0.1061661 0.0854270 0.1060901 0.0788599 0.0851578 0.1071151 0.0556758 0.0429706 0.0575060 0.0000000 0.0580748 0.0743737 0.1012221 0.0793328 0.0559225 0.0752063 0.1088612 0.0452485 0.0464042 0.0523972 0.0566146 0.0760266 0.0913220 0.1246804 0.0346441 0.0986686 0.0518305 0.0696273 0.0561274 0.0518982 0.0562173 0.0599451 0.0907204 0.0852820 0.0783645 0.0830971 0.0918582 0.0716775 0.0788396 0.0773512 0.0732021 0.0661646 0.0733175 0.1356869 0.0680394 0.0736008 0.0854016 0.0466291 0.0789569 0.1272322 0.0596984 0.1189532 0.0853415 0.0808821 0.0674851 0.0650854 0.0961078 0.1233904 0.0497324 0.0550356 0.0811974 0.0902754 0.0725307 0.0987576 0.1032082 0.0499928 0.0822464 0.0808775 0.0751039 0.0481901 0.0506707 0.0454660 0.0986753 0.0608188 0.0847146 0.0879124 0.0574538 0.0635183 0.0735569 0.0685315 0.0454599 0.0820114 0.1025384 0.0750649 0.0553505 0.0380858 0.0437084 0.0724795 0.0741262 0.0731572 0.0784835 0.0751657 0.0692524 0.0711613 0.0632514 0.0720817 
S0419       0.0625555 0.0018456 0.0734494 0.0678807 0.0933133 0.0498356 0.0794570 0.0834356 0.1051090 0.0793586 0.0967050 0.0571159 0.0690187 0.1003393 0.0646864 0.0586866 0.0758858 0.0580748 0.0000000 0.0753485 0.0985199 0.0664027 0.0976721 0.0796683 0.0992949 0.0664537 0.0605178 0.0740986 0.0719597 0.0381568 0.0909041 0.1354252 0.0738915 0.0980524 0.0734045 0.0497409 0.0014488 0.0645661 0.0014509 0.0043810 0.0807040 0.0462847 0.0741806 0.0761766 0.0790001 0.0628210 0.0620335 0.0553705 0.0602723 0.0870733 0.0358485 0.1330719 0.0764771 0.0662569 0.0817127 0.0381747 0.0772302 0.1427477 0.0058290 0.1300937 0.0763104 0.0572105 0.0630167 0.0798647 0.0627581 0.1350794 0.0657328 0.0787476 0.0531689 0.0898443 0.0618033 0.0988352 0.0965640 0.0661931 0.0706318 0.0666668 0.0444406 0.0677172 0.0597056 0.0650999 0.0758321 0.0785777 0.0513430 0.0563044 0.0833878 0.0088172 0.0343192 0.0596397 0.0615367 0.0429670 0.0733411 0.0517498 0.0754037 0.0645268 0.0728444 0.0794314 0.0581917 0.0557986 0.0529933 0.0686149 0.0294490 0.0499013 0.0721792 0.0711031 
S0427       0.0619112 0.0869953 0.1221635 0.0636654 0.1286938 0.1014827 0.0766360 0.0904361 0.1354044 0.1205674 0.1353978 0.1017021 0.0995851 0.1383956 0.0493438 0.0651211 0.0751346 0.0743737 0.0753485 0.0000000 0.1234022 0.1031818 0.1007579 0.1101880 0.1327316 0.0618850 0.0634703 0.0716342 0.0748766 0.1047174 0.1190929 0.1467074 0.0813140 0.1299590 0.0708837 0.0935194 0.0732986 0.0710861 0.0734165 0.0772945 0.1210985 0.1097947 0.1031734 0.0982185 0.1290511 0.0996913 0.1022851 0.1029302 0.0925022 0.0785638 0.0890007 0.1579511 0.0996029 0.1062402 0.1210656 0.0759223 0.1020041 0.1636809 0.0769696 0.1447965 0.1122170 0.1077534 0.1010614 0.0772797 0.1102031 0.1493748 0.0722022 0.0798279 0.1033850 0.1211320 0.0950442 0.1302745 0.1256824 0.0725853 0.1054442 0.0953872 0.0969615 0.0742126 0.0609666 0.0644194 0.1180258 0.0783114 0.1050534 0.1086560 0.0826685 0.0810022 0.0911482 0.1142206 0.0593123 0.0959497 0.1219652 0.0873216 0.0729688 0.0639628 0.0721905 0.0731917 0.0842393 0.1019540 0.0966259 0.0920170 0.0888964 0.0853724 0.0475093 0.0947694 
S0430       0.1054102 0.1010824 0.1173193 0.0985529 0.0089219 0.1135499 0.1112844 0.1099218 0.0175284 0.0681641 0.0150248 0.1130609 0.1261479 0.0210628 0.0949362 0.0922922 0.1033386 0.1012221 0.0985199 0.1234022 0.0000000 0.1095847 0.1261765 0.0902743 0.0094222 0.1077646 0.0981264 0.1107190 0.1114191 0.1095650 0.0270989 0.1680699 0.1096527 0.0047215 0.1068333 0.0946168 0.0982145 0.1011071 0.0983789 0.1026367 0.1369104 0.1136710 0.0787537 0.1225034 0.0664403 0.1037285 0.1066771 0.0967472 0.0982407 0.1170518 0.1063445 0.1618919 0.1226336 0.0840571 0.1103415 0.0751082 0.1021222 0.1593668 0.0982881 0.1634194 0.1126093 0.1211980 0.0745600 0.1035103 0.1233841 0.1681854 0.0961972 0.1146098 0.1093296 0.0076490 0.0774472 0.0119007 0.0134210 0.1065574 0.0731799 0.1132900 0.1088263 0.0964895 0.1183930 0.1018360 0.1283130 0.1031105 0.1172089 0.1166751 0.1220704 0.1086610 0.1005998 0.0854514 0.0980873 0.1122104 0.1315475 0.1039858 0.1130908 0.1070760 0.1118752 0.1180506 0.1100471 0.1071094 0.0993652 0.1241942 0.1091800 0.1018520 0.1016990 0.1233857 
S0552sl     0.0939859 0.0660416 0.0945993 0.0930701 0.1103367 0.0739019 0.1017147 0.0959586 0.1172654 0.0907479 0.1167240 0.0915087 0.0999586 0.1197413 0.0833816 0.0833417 0.0940266 0.0793328 0.0664027 0.1031818 0.1095847 0.0000000 0.1112636 0.0977760 0.1137553 0.0918335 0.0909100 0.0924817 0.1056330 0.0810346 0.1008063 0.1651015 0.0921625 0.1100100 0.0953395 0.0311783 0.0662074 0.0936641 0.0663133 0.0701212 0.0718622 0.0822235 0.0908668 0.0885480 0.0974417 0.0313671 0.0492495 0.0229313 0.0307527 0.0997943 0.0837527 0.1552666 0.0993536 0.0860299 0.0989572 0.0291089 0.0582836 0.1659069 0.0715898 0.1508276 0.0608848 0.0859297 0.0782483 0.1043448 0.0801287 0.1554877 0.0908768 0.1069129 0.0752333 0.1067951 0.0772982 0.1097477 0.1115713 0.0972078 0.0909849 0.0997583 0.0678417 0.0873836 0.0946374 0.0883452 0.0969973 0.1073140 0.0736691 0.0825552 0.1117250 0.0756257 0.0801611 0.0671724 0.0849769 0.0905913 0.0909721 0.0775592 0.1033302 0.0917207 0.1009890 0.1012442 0.0828632 0.0860190 0.0546506 0.0826119 0.0741936 0.0774500 0.0935654 0.0870457 
S0558       0.0659246 0.1072388 0.1349308 0.0688296 0.1292878 0.1089654 0.0820845 0.0732656 0.1288405 0.1089574 0.1359692 0.1116129 0.1174027 0.1325506 0.0766032 0.0598129 0.0730879 0.0559225 0.0976721 0.1007579 0.1261765 0.1112636 0.0000000 0.1125611 0.1339544 0.0680329 0.0632893 0.0584073 0.0830773 0.1125528 0.1248037 0.1653563 0.0607638 0.1228903 0.0762447 0.0963468 0.0954256 0.0691937 0.0955842 0.0977702 0.1324178 0.1242419 0.1012699 0.1130382 0.1280825 0.1037066 0.1105617 0.1109868 0.1003280 0.0880687 0.1124448 0.1615456 0.1051628 0.1045388 0.1231150 0.0812233 0.1061444 0.1640977 0.0993354 0.1620581 0.1118122 0.1179942 0.0944035 0.0791331 0.1200496 0.1668382 0.0668065 0.0739410 0.1129450 0.1151892 0.1070731 0.1353065 0.1327050 0.0688355 0.1054894 0.1106212 0.1062694 0.0651584 0.0502945 0.0590453 0.1301140 0.0746252 0.1125977 0.1203007 0.0802904 0.1057210 0.1149953 0.0879241 0.0587615 0.1246899 0.1335898 0.1061973 0.0823384 0.0675166 0.0605581 0.0764690 0.1047048 0.0989722 0.1078177 0.1002708 0.1102886 0.1019588 0.0830136 0.1032413 
S0616       0.0947879 0.0727473 0.1240457 0.0884441 0.0908656 0.0976665 0.1021006 0.1200418 0.0809823 0.0907582 0.0968979 0.1004138 0.1043622 0.0999199 0.0870986 0.0861781 0.1028270 0.0752063 0.0796683 0.1101880 0.0902743 0.0977760 0.1125611 0.0000000 0.0928819 0.0953119 0.0844595 0.1013679 0.1019012 0.0966591 0.1524680 0.1680327 0.0842972 0.0850612 0.0944254 0.0851701 0.0775717 0.0908515 0.0776977 0.0816537 0.1171005 0.0977795 0.0659719 0.1103685 0.0686048 0.0917863 0.0945146 0.0912166 0.0868546 0.1053549 0.0893926 0.1630945 0.1007696 0.0653540 0.0808163 0.0611038 0.0998487 0.1738829 0.0813053 0.1592543 0.1053449 0.1071298 0.0527030 0.1027278 0.1109235 0.1640091 0.0936816 0.0981368 0.0938127 0.0716241 0.0296904 0.0943949 0.0921601 0.0981415 0.0643107 0.1041590 0.0951146 0.0921106 0.1041806 0.0912899 0.1136229 0.1123712 0.1012131 0.1047974 0.1091384 0.0873288 0.0838740 0.0751201 0.0860173 0.0982790 0.1138913 0.0950282 0.1029487 0.0907860 0.0994067 0.1075548 0.0887508 0.0959287 0.0876616 0.1059671 0.0908987 0.0890364 0.1037307 0.1044015 
S0620       0.1135390 0.0985880 0.1217155 0.1060359 0.0110767 0.1177338 0.1193341 0.1186212 0.0122924 0.0709440 0.0159430 0.1151999 0.1288211 0.0207559 0.1065464 0.0992293 0.1091803 0.1088612 0.0992949 0.1327316 0.0094222 0.1137553 0.1339544 0.0928819 0.0000000 0.1134717 0.1055434 0.1193935 0.1205404 0.1137297 0.0351610 0.1754141 0.1110811 0.0032558 0.1150385 0.0954683 0.0989670 0.1065708 0.0991439 0.1014930 0.1433401 0.1181550 0.0865603 0.1300658 0.0645424 0.1074551 0.1105920 0.0974268 0.1015014 0.1229144 0.1080167 0.1743780 0.1296454 0.0922804 0.1119442 0.0765100 0.1058065 0.1654632 0.0990460 0.1666296 0.1143807 0.1262445 0.0807176 0.1093752 0.1286920 0.1716255 0.1034588 0.1191258 0.1157448 0.0060938 0.0808325 0.0142476 0.0142748 0.1124650 0.0784732 0.1197669 0.1129098 0.1037944 0.1327839 0.1074608 0.1292822 0.1088581 0.1196020 0.1213554 0.1316546 0.1078888 0.1040466 0.0829251 0.1056453 0.1143089 0.1376882 0.1076713 0.1195430 0.1132071 0.1205818 0.1249765 0.1117667 0.1088488 0.1005358 0.1318768 0.1133011 0.1053728 0.1140464 0.1310685 
S0641       0.0341828 0.0757464 0.1141121 0.0406231 0.1085033 0.0921782 0.0526802 0.0610601 0.1126608 0.0941778 0.1126721 0.0941632 0.0945884 0.1136409 0.0513843 0.0323226 0.0460484 0.0452485 0.0664537 0.0618850 0.1077646 0.0918335 0.0680329 0.0953119 0.1134717 0.0000000 0.0339714 0.0499667 0.0484348 0.0889694 0.0989733 0.1472076 0.0571539 0.1081160 0.0423430 0.0826299 0.0644628 0.0407624 0.0645659 0.0683550 0.1198994 0.0983532 0.0947256 0.0903146 0.1085487 0.0929074 0.0995838 0.0981368 0.0878917 0.0561778 0.0836693 0.1540040 0.0859756 0.0921337 0.1000702 0.0686404 0.0996947 0.1574875 0.0680711 0.1452853 0.1035057 0.0983321 0.0837861 0.0552128 0.1026119 0.1499427 0.0387834 0.0422104 0.0940577 0.0965704 0.0828621 0.1079245 0.1097464 0.0423183 0.0927853 0.0924401 0.0877727 0.0405311 0.0280371 0.0360688 0.1132056 0.0546395 0.0913573 0.0991249 0.0443715 0.0720003 0.0820519 0.0597036 0.0362609 0.0861770 0.1078985 0.0858692 0.0476807 0.0293767 0.0295649 0.0622701 0.0811093 0.0885337 0.0874678 0.0835945 0.0834289 0.0818742 0.0552960 0.0888373 
S0643       0.0354676 0.0653429 0.1128836 0.0194889 0.1008040 0.0849214 0.0306213 0.0589424 0.0944753 0.0869330 0.1069305 0.0836925 0.0853940 0.1079236 0.0455351 0.0118179 0.0195305 0.0464042 0.0605178 0.0634703 0.0981264 0.0909100 0.0632893 0.0844595 0.1055434 0.0339714 0.0000000 0.0457362 0.0255670 0.0843103 0.1265722 0.1352711 0.0544731 0.0955917 0.0210655 0.0793110 0.0585861 0.0164837 0.0586787 0.0623701 0.1137312 0.0954225 0.0836183 0.0812388 0.0887938 0.0894837 0.0921286 0.0906904 0.0807931 0.0550947 0.0773151 0.1444572 0.0869518 0.0811870 0.0945032 0.0614335 0.0898350 0.1498142 0.0586301 0.1376920 0.0958055 0.0889637 0.0722891 0.0508818 0.0969469 0.1422155 0.0178661 0.0367984 0.0830389 0.0822555 0.0686946 0.1064416 0.1041146 0.0163216 0.0760694 0.0833474 0.0806863 0.0194470 0.0204643 0.0340105 0.1120287 0.0537450 0.0864903 0.0917192 0.0421048 0.0659360 0.0719622 0.0519085 0.0166640 0.0896790 0.1001702 0.0824992 0.0274972 0.0321222 0.0357857 0.0543899 0.0705855 0.0756972 0.0785617 0.0754041 0.0752581 0.0786011 0.0527060 0.0797737 
S0689       0.0463119 0.0836702 0.1254446 0.0509592 0.1136193 0.0898364 0.0634699 0.0652582 0.1193475 0.0943310 0.1175629 0.0965701 0.1003071 0.1209834 0.0530113 0.0457265 0.0549553 0.0523972 0.0740986 0.0716342 0.1107190 0.0924817 0.0584073 0.1013679 0.1193935 0.0499667 0.0457362 0.0000000 0.0634229 0.0996398 0.0906503 0.1478293 0.0642785 0.1042784 0.0545548 0.0787730 0.0720430 0.0546209 0.0721595 0.0760524 0.1173923 0.1088921 0.0886719 0.0901824 0.1136983 0.0910363 0.0899057 0.0922546 0.0802430 0.0579116 0.0917487 0.1502458 0.0806751 0.0862740 0.1075385 0.0665175 0.0890553 0.1528798 0.0739311 0.1465223 0.1014214 0.1020750 0.0789741 0.0514537 0.0982700 0.1511631 0.0507781 0.0627276 0.0917009 0.1059536 0.0811806 0.1194793 0.1170108 0.0544336 0.0853680 0.0942817 0.0875003 0.0543019 0.0353524 0.0448296 0.1055547 0.0512067 0.0914247 0.0949698 0.0652383 0.0797770 0.0901199 0.0694225 0.0430453 0.0970155 0.1072947 0.0799772 0.0601773 0.0461521 0.0519867 0.0359761 0.0886167 0.0825552 0.0854367 0.0859580 0.0895061 0.0779252 0.0518006 0.0842489 
S0690       0.0481482 0.0861430 0.1342906 0.0338675 0.1119284 0.0962431 0.0356507 0.0727891 0.1203326 0.0990930 0.1188218 0.0969518 0.0990352 0.1197957 0.0593430 0.0189046 0.0360970 0.0566146 0.0719597 0.0748766 0.1114191 0.1056330 0.0830773 0.1019012 0.1205404 0.0484348 0.0255670 0.0634229 0.0000000 0.0984750 0.0911192 0.1477618 0.0651860 0.1096775 0.0358136 0.0927129 0.0698268 0.0273003 0.0699447 0.0739902 0.1288983 0.1105956 0.1037052 0.1029527 0.1157503 0.1019779 0.1046267 0.0990157 0.0944351 0.0722987 0.0846232 0.1573951 0.0991994 0.1008867 0.1052639 0.0741945 0.1111745 0.1609603 0.0698268 0.1482675 0.1089539 0.0988004 0.0969037 0.0648434 0.1093468 0.1531113 0.0237619 0.0530981 0.0941328 0.1057043 0.0952529 0.1156716 0.1156726 0.0307215 0.0994563 0.0919513 0.0915986 0.0271429 0.0138755 0.0448986 0.1258690 0.0721688 0.0959307 0.0988631 0.0555522 0.0778692 0.0868644 0.0595824 0.0276219 0.1022063 0.1107219 0.0879262 0.0412743 0.0444088 0.0466593 0.0748889 0.0871794 0.0887532 0.0831387 0.0964009 0.0922702 0.0837347 0.0631866 0.0989849 
S0720       0.0847499 0.0408579 0.0601837 0.0942823 0.1042704 0.0728951 0.1030744 0.0989455 0.1145268 0.0947398 0.1104432 0.0703585 0.0748619 0.1114252 0.0951530 0.0786491 0.0971772 0.0760266 0.0381568 0.1047174 0.1095650 0.0810346 0.1125528 0.0966591 0.1137297 0.0889694 0.0843103 0.0996398 0.0984750 0.0000000 0.1097097 0.1630761 0.0906020 0.1125467 0.0919416 0.0654680 0.0363866 0.0889343 0.0364428 0.0380822 0.0831469 0.0180631 0.0910164 0.0823489 0.0903834 0.0753773 0.0722390 0.0693184 0.0743988 0.1094270 0.0358647 0.1588571 0.1007235 0.0882151 0.0929772 0.0446212 0.0801646 0.1700300 0.0397285 0.1542409 0.0896696 0.0703210 0.0809509 0.0950979 0.0852527 0.1627551 0.0861867 0.1001372 0.0765512 0.0957538 0.0840826 0.1099225 0.1054770 0.0904531 0.0888035 0.0762100 0.0687718 0.0883669 0.0688145 0.0877309 0.1015130 0.1047007 0.0763278 0.0776280 0.1072775 0.0449630 0.0292740 0.0680971 0.0817920 0.0429866 0.0965784 0.0704996 0.0966407 0.0868624 0.0874812 0.1073723 0.0658144 0.0650330 0.0738538 0.0708455 0.0393003 0.0648728 0.0971633 0.0733776 
S0724sl     0.1013754 0.1508335 0.1092346 0.1078469 0.0270989 0.1474352 0.1005575 0.1017006 0.1508335 0.0756607 0.0200864 0.1204172 0.1184969 0.0270989 0.1005873 0.0986783 0.1019510 0.0913220 0.0909041 0.1190929 0.0270989 0.1008063 0.1248037 0.1524680 0.0351610 0.0989733 0.1265722 0.0906503 0.0911192 0.1097097 0.0000000 0.1261980 0.0926534 0.0287373 0.0823491 0.1001135 0.0897006 0.1472255 0.0903474 0.0902788 0.1096910 0.1102513 0.0929541 0.1168644 0.1508335 0.1086047 0.0993685 0.0663092 0.0835038 0.1033395 0.0995917 0.1397052 0.1216869 0.1211205 0.1407734 0.0639376 0.0537504 0.1293962 0.0897006 0.1240097 0.1370830 0.1170167 0.1508335 0.0926310 0.1168726 0.1240097 0.0986783 0.1173107 0.1153923 0.1508335 0.1194252 0.0270989 0.0206003 0.1175588 0.1045558 0.1188207 0.1242171 0.0986783 0.0977997 0.0833527 0.1364731 0.1108401 0.1445908 0.1248973 0.0909074 0.0897006 0.0995917 0.0000010 0.1001596 0.1019220 0.1264951 0.0991586 0.0989552 0.1201026 0.1089186 0.0816650 0.1401895 0.1119869 0.1157923 0.1152911 0.0899174 0.0993685 0.1131894 0.1174955 
S0735       0.1417784 0.1596226 0.1599215 0.1239078 0.1627932 0.1653519 0.1463419 0.1572098 0.1736913 0.1685564 0.1732513 0.1640212 0.1647823 0.1753031 0.1356608 0.1322771 0.1517930 0.1246804 0.1354252 0.1467074 0.1680699 0.1651015 0.1653563 0.1680327 0.1754141 0.1472076 0.1352711 0.1478293 0.1477618 0.1630761 0.1261980 0.0000000 0.1449500 0.1503276 0.1420206 0.1454504 0.1327726 0.1403151 0.1330110 0.1378673 0.1950392 0.1711013 0.1543085 0.1657821 0.1809016 0.1666857 0.1755464 0.1543606 0.1556201 0.1545256 0.1456358 0.0598409 0.1678344 0.1506136 0.1737989 0.1316749 0.1668518 0.0530674 0.1371912 0.0175507 0.1876978 0.1647598 0.1600088 0.1416763 0.1812741 0.0191729 0.1410052 0.1654636 0.1725706 0.1668633 0.1442817 0.1697805 0.1705034 0.1471997 0.1542153 0.1482914 0.1595533 0.1349912 0.1160928 0.1446266 0.1849642 0.1608383 0.1721537 0.1708315 0.1610042 0.1399902 0.1413809 0.1210373 0.1282563 0.1549983 0.1866659 0.1508864 0.1558801 0.1281146 0.1549976 0.1579939 0.1398773 0.1494695 0.1385162 0.1672468 0.1461827 0.1459905 0.1479953 0.1667163 
S0742       0.0517109 0.0803481 0.1132523 0.0563754 0.1104053 0.0937823 0.0690906 0.0748489 0.1131473 0.0890302 0.1145865 0.0874325 0.0934622 0.1135702 0.0638799 0.0526970 0.0657958 0.0346441 0.0738915 0.0813140 0.1096527 0.0921625 0.0607638 0.0842972 0.1110811 0.0571539 0.0544731 0.0642785 0.0651860 0.0906020 0.0926534 0.1449500 0.0000000 0.1050398 0.0600039 0.0841224 0.0718422 0.0618368 0.0719579 0.0758398 0.1151358 0.1037090 0.0901304 0.0837337 0.1040930 0.0881805 0.0953277 0.0895356 0.0838628 0.0783975 0.0871982 0.1468474 0.0862865 0.0855932 0.0969290 0.0638910 0.0968691 0.1502649 0.0755201 0.1403274 0.1005207 0.0927876 0.0775270 0.0639538 0.1089850 0.1448817 0.0595564 0.0704541 0.0936571 0.0980657 0.0845097 0.1112890 0.1096772 0.0598682 0.0903614 0.0928981 0.0874003 0.0545110 0.0511908 0.0447977 0.1136367 0.0690106 0.0894356 0.1007656 0.0695400 0.0814298 0.0854910 0.0695933 0.0519699 0.0962290 0.1113841 0.0773621 0.0675551 0.0512710 0.0519087 0.0734708 0.0802421 0.0795583 0.0809323 0.0813672 0.0830010 0.0734978 0.0699190 0.0821211 
S0748       0.1055849 0.0992995 0.1178433 0.0918347 0.0063599 0.1165762 0.1073773 0.1058018 0.0082147 0.0657657 0.0112140 0.1118413 0.1211380 0.0127888 0.0986223 0.0893681 0.1011294 0.0986686 0.0980524 0.1299590 0.0047215 0.1100100 0.1228903 0.0850612 0.0032558 0.1081160 0.0955917 0.1042784 0.1096775 0.1125467 0.0287373 0.1503276 0.1050398 0.0000000 0.1026535 0.0942019 0.0977265 0.0943943 0.0979023 0.1000980 0.1365507 0.1169967 0.0792442 0.1286187 0.0629112 0.1013017 0.1068179 0.0913867 0.1002678 0.1173386 0.1089437 0.1453610 0.1195127 0.0806395 0.1064876 0.0678408 0.1000728 0.1401572 0.0957044 0.1463043 0.1080894 0.1251377 0.0710356 0.0988318 0.1275794 0.1512095 0.0935332 0.1109394 0.1144826 0.0020367 0.0776236 0.0111644 0.0095703 0.1023713 0.0732449 0.1142722 0.1117296 0.0938367 0.1129840 0.1017456 0.1284229 0.1008970 0.1162312 0.1202239 0.1189432 0.1089254 0.1027405 0.0836636 0.0933024 0.1108313 0.1315180 0.1019156 0.1095220 0.1051582 0.1125364 0.1118395 0.1060626 0.1031585 0.1014664 0.1280692 0.1121206 0.1000356 0.1062674 0.1272288 
S0756       0.0405700 0.0801319 0.1108332 0.0321505 0.1051937 0.0911601 0.0405135 0.0719303 0.1137542 0.0932161 0.1116814 0.0956347 0.0993340 0.1126493 0.0524725 0.0210411 0.0306993 0.0518305 0.0734045 0.0708837 0.1068333 0.0953395 0.0762447 0.0944254 0.1150385 0.0423430 0.0210655 0.0545548 0.0358136 0.0919416 0.0823491 0.1420206 0.0600039 0.1026535 0.0000000 0.0891951 0.0713709 0.0290793 0.0714854 0.0753377 0.1206126 0.1031985 0.0936725 0.0885737 0.0962482 0.0938532 0.0984833 0.0951076 0.0850391 0.0607591 0.0757677 0.1543546 0.0951800 0.0949049 0.1047930 0.0717826 0.0984844 0.1600165 0.0714243 0.1422706 0.1062654 0.0965873 0.0873849 0.0598596 0.0989044 0.1468279 0.0272656 0.0451513 0.0892419 0.1036291 0.0841749 0.1111653 0.1087896 0.0290065 0.0893615 0.0991433 0.0868109 0.0257811 0.0137814 0.0423912 0.1100960 0.0627194 0.0927395 0.0942533 0.0506833 0.0790258 0.0799059 0.0958203 0.0262127 0.0863420 0.1066974 0.0924016 0.0258899 0.0353331 0.0442498 0.0633796 0.0801772 0.0913283 0.0902380 0.0826337 0.0826104 0.0883807 0.0581051 0.0871195 
S0758       0.0821725 0.0563795 0.0818585 0.0832117 0.0952496 0.0607283 0.0934478 0.0839750 0.0978379 0.0820199 0.1013731 0.0775081 0.0874569 0.1044004 0.0761455 0.0719491 0.0841980 0.0696273 0.0497409 0.0935194 0.0946168 0.0311783 0.0963468 0.0851701 0.0954683 0.0826299 0.0793110 0.0787730 0.0927129 0.0654680 0.1001135 0.1454504 0.0841224 0.0942019 0.0891951 0.0000000 0.0516028 0.0818963 0.0516837 0.0552954 0.0624609 0.0685548 0.0804370 0.0865288 0.0868645 0.0231645 0.0390492 0.0245409 0.0244125 0.0900007 0.0736768 0.1451065 0.0887821 0.0721606 0.0921305 0.0165980 0.0418352 0.1420823 0.0567706 0.1355406 0.0380164 0.0703238 0.0681655 0.0902582 0.0685937 0.1400542 0.0773788 0.0929082 0.0620904 0.0878361 0.0708852 0.0986390 0.0963686 0.0853813 0.0748098 0.0872842 0.0549883 0.0773765 0.0682909 0.0749497 0.0873974 0.0868684 0.0605388 0.0673221 0.0997835 0.0605695 0.0683561 0.0751392 0.0751657 0.0708474 0.0851622 0.0642571 0.0913123 0.0761329 0.0844770 0.0835072 0.0704329 0.0721874 0.0390341 0.0786876 0.0626437 0.0623204 0.0822183 0.0831912 
S0760       0.0606011 0.0018456 0.0713684 0.0658895 0.0930234 0.0496935 0.0773671 0.0831791 0.1051090 0.0793586 0.0964051 0.0552051 0.0669878 0.1000280 0.0644962 0.0567701 0.0756594 0.0561274 0.0014488 0.0732986 0.0982145 0.0662074 0.0954256 0.0775717 0.0989670 0.0644628 0.0585861 0.0720430 0.0698268 0.0363866 0.0897006 0.1327726 0.0718422 0.0977265 0.0713709 0.0516028 0.0000000 0.0625909 0.0000010 0.0029073 0.0804591 0.0444679 0.0721229 0.0740999 0.0790001 0.0626368 0.0618539 0.0552095 0.0600979 0.0868054 0.0341237 0.1326372 0.0766997 0.0660624 0.0795972 0.0381747 0.0772302 0.1422692 0.0043517 0.1273820 0.0760812 0.0570452 0.0630167 0.0777625 0.0625743 0.1323200 0.0637676 0.0766796 0.0530167 0.0898443 0.0616203 0.0985278 0.0962650 0.0642111 0.0685962 0.0646676 0.0443155 0.0657309 0.0510644 0.0631060 0.0756058 0.0806601 0.0511966 0.0561437 0.0812644 0.0073136 0.0326002 0.0596397 0.0595676 0.0411713 0.0731244 0.0516005 0.0733521 0.0625532 0.0707826 0.0773429 0.0562398 0.0538831 0.0528426 0.0665987 0.0277641 0.0480509 0.0701393 0.0690519 
