121
CRNC          0.0000000 0.2089707 0.2952255 0.3554157 0.5324836 0.3867361 0.2966528 0.3587934 0.3125274 0.3956547 0.3614933 0.3566126 0.3715792 0.3323395 0.3916964 0.3641412 0.3481531 0.3703559 0.3612630 0.4004090 0.3613167 0.3672836 0.3475501 0.4849756 0.3511626 0.3802764 0.3568976 0.3852709 0.3740192 0.3846575 0.3853213 0.3415524 0.3516742 0.3508192 0.3892167 0.3594705 0.3946482 0.3613337 0.3514209 0.3518659 0.3548542 0.3577945 0.3551296 0.2878644 0.3662325 0.3590132 0.3556285 0.3237976 0.3784984 0.3475857 0.4051478 0.3901613 0.3665937 0.3440121 0.3479771 0.3469112 0.3380097 0.3402755 0.3411608 0.3500669 0.3854040 0.3511360 0.3302432 0.3494616 0.3994139 0.3705076 0.3632738 0.3321856 0.3534767 0.3543466 0.4146944 0.3453147 0.3478467 0.3791066 0.3887082 0.3688759 0.3295562 0.3291927 0.3292884 0.3670202 0.3116865 0.3339025 0.3793401 0.3596645 0.3797776 0.3698305 0.3486623 0.3230304 0.3438734 0.3981247 0.3536555 0.3681871 0.3470252 0.3490517 0.3550959 0.3309048 0.3796394 0.3536502 0.3402569 0.3566883 0.3657213 0.3726263 0.3439535 0.3303729 0.3750651 0.3418480 0.3395907 0.3428120 0.3433410 0.3698486 0.3504669 0.3515547 0.3754546 0.3748138 0.3430193 0.3959460 0.3400048 0.3456814 0.3567828 0.3301097 0.3842941 
HYZL          0.2089707 0.0000000 0.1407164 0.3270301 0.3109426 0.3355367 0.2236116 0.3329081 0.3583179 0.3608739 0.3332908 0.3310880 0.3227721 0.2989950 0.3782144 0.3042914 0.3120415 0.3355348 0.3280267 0.3612911 0.3065523 0.3235055 0.3206620 0.4538234 0.3426748 0.3687937 0.3346224 0.3452760 0.3448312 0.3465630 0.3431938 0.2945849 0.3301609 0.3104509 0.3490748 0.3372924 0.3611614 0.3218902 0.3117541 0.3137309 0.3195918 0.3257717 0.3239672 0.2055419 0.3286501 0.3481476 0.3066466 0.2850723 0.3409795 0.3042773 0.3733447 0.3568592 0.3108041 0.3263130 0.3228061 0.3336033 0.3205013 0.3015513 0.3300368 0.3360793 0.3249155 0.3235449 0.3105067 0.3210899 0.3577366 0.3210887 0.3175003 0.2876546 0.3156535 0.3245265 0.3619221 0.3239345 0.3106835 0.4056544 0.3467616 0.3559548 0.3080138 0.3043935 0.2914129 0.3461762 0.2888155 0.2984641 0.3223705 0.3045233 0.3185416 0.3158320 0.3168301 0.2998253 0.3209600 0.3402089 0.3306550 0.3322082 0.3195492 0.3216144 0.2612423 0.3072514 0.3508951 0.3278121 0.2735424 0.3084975 0.3398073 0.3255309 0.2838185 0.3006758 0.3432154 0.3151872 0.3221484 0.3199965 0.3131501 0.3353527 0.3306625 0.3211775 0.3475832 0.3202991 0.3285091 0.3704190 0.3219783 0.3102065 0.3203050 0.3191184 0.3255675 
MYZV          0.2952255 0.1407164 0.0000000 0.4132064 0.5062236 0.4126773 0.3260055 0.4302829 0.4350246 0.4280647 0.4242163 0.3944090 0.4118756 0.3832285 0.4763588 0.3944058 0.3976903 0.3661486 0.3869556 0.4408285 0.3553960 0.3942749 0.3984434 0.5397046 0.4311859 0.4376148 0.4126885 0.4452955 0.4280027 0.4473713 0.4317683 0.3366116 0.3991306 0.3768792 0.4278264 0.4020268 0.4009040 0.4049012 0.3921145 0.3995424 0.4167511 0.4063480 0.4309472 0.3052533 0.3915309 0.4391238 0.3550897 0.3737963 0.4326908 0.3518206 0.4621197 0.4313787 0.3862144 0.4089067 0.3944136 0.4176481 0.3980849 0.3789917 0.4177349 0.4144835 0.4016062 0.4263047 0.3924858 0.3991172 0.4519793 0.3835094 0.4136876 0.3627028 0.3939534 0.3791606 0.4430588 0.4273895 0.3838523 0.5024179 0.3974184 0.4209888 0.3742723 0.3812474 0.3907837 0.4274216 0.3814899 0.3833691 0.3954179 0.3831348 0.3768059 0.3998592 0.3898126 0.3883836 0.3835315 0.4332862 0.4071974 0.4126441 0.4216870 0.4236793 0.3532081 0.3833436 0.4388460 0.3920814 0.3451706 0.3533281 0.4131527 0.4197566 0.3722592 0.3819488 0.4042223 0.3854695 0.4178737 0.3924103 0.3885776 0.4145221 0.4099929 0.4104132 0.4206382 0.3905804 0.4180702 0.4552792 0.4254677 0.4102069 0.3949896 0.4110786 0.3906723 
SRR6441723    0.3554157 0.3270301 0.4132064 0.0000000 0.1261347 0.1002333 0.2000758 0.0847268 0.0974767 0.1012841 0.0838415 0.0808176 0.0957549 0.0598191 0.0931385 0.0888451 0.0869123 0.1026900 0.1100491 0.1082569 0.1005580 0.0927306 0.0712087 0.1334034 0.1127974 0.0962298 0.0767130 0.0947184 0.0909682 0.0984062 0.1206916 0.0928900 0.0647577 0.0867571 0.1069072 0.1057409 0.1151684 0.0829694 0.0831383 0.0924509 0.0949335 0.0843384 0.0809514 0.0708734 0.0901904 0.0952716 0.0941301 0.1401933 0.0880066 0.0967379 0.1164110 0.0860539 0.0948167 0.0858911 0.0827435 0.0857060 0.0878160 0.1020801 0.0810881 0.0879193 0.1308856 0.0808750 0.0650466 0.0781467 0.1077512 0.1021807 0.1090727 0.0938923 0.0897716 0.0893190 0.1192787 0.0906878 0.1207844 0.1206494 0.1147603 0.1159098 0.0919857 0.0914583 0.1318746 0.0886202 0.1337098 0.0709913 0.1023528 0.0755632 0.1254920 0.0935162 0.0869717 0.1356663 0.0836754 0.1031192 0.0802947 0.0825297 0.0764087 0.0783447 0.1064381 0.0738189 0.1066051 0.1005101 0.1021980 0.1005820 0.0938040 0.1267657 0.0683575 0.0555573 0.1005472 0.0788101 0.0909670 0.0736243 0.1073484 0.0912882 0.0744864 0.0644472 0.0898323 0.0866387 0.0901356 0.1387000 0.0910505 0.0786509 0.0826323 0.0786259 0.0763100 
ERR4210213    0.5324836 0.3109426 0.5062236 0.1261347 0.0000000 0.0771373 0.2444861 0.0688121 0.0000010 0.1232678 0.1167884 0.0868054 0.1246162 0.0855881 0.0575606 0.1068426 0.0893143 0.1436031 0.1473209 0.1349501 0.1265061 0.1127495 0.0756349 0.0768841 0.0867726 0.0730990 0.0784470 0.0307150 0.1333508 0.0571863 0.1242218 0.1165420 0.1080541 0.1067052 0.0766658 0.1278396 0.1723849 0.1316537 0.1059273 0.0778694 0.1352182 0.1070349 0.0766569 0.0247312 0.0765847 0.1043955 0.1165420 0.1999834 0.0864448 0.1219126 0.0856134 0.0984983 0.0939467 0.0875749 0.0770528 0.1090248 0.0966182 0.1180295 0.1040543 0.1435974 0.1509241 0.0766569 0.0632717 0.0769390 0.1114292 0.1066596 0.0969618 0.1161659 0.1181204 0.0952627 0.1280939 0.0960055 0.1608829 0.1236221 0.1668872 0.1441205 0.1157292 0.1047287 0.1589658 0.0571863 0.1961786 0.0747923 0.1266289 0.1027732 0.1595190 0.0604866 0.0797801 0.2000954 0.0866487 0.0852231 0.0958363 0.1026440 0.0774029 0.0766569 0.1277088 0.1028263 0.1595673 0.1161659 0.1305943 0.1187723 0.0765847 0.1735573 0.0772424 0.0938106 0.0872656 0.0765847 0.0948733 0.0852681 0.1081987 0.0837085 0.0865734 0.0853939 0.1213677 0.0680912 0.1187505 0.1015068 0.0960055 0.0766569 0.0770528 0.1033077 0.0598569 
ERR2789774    0.3867361 0.3355367 0.4126773 0.1002333 0.0771373 0.0000000 0.1970314 0.0706648 0.0706416 0.1075713 0.0824153 0.0642924 0.0996460 0.0828738 0.0703919 0.0650379 0.0847378 0.0950696 0.0965524 0.1150674 0.0970086 0.0965586 0.0773011 0.1382357 0.0917819 0.0713348 0.0740580 0.0904310 0.0973892 0.0711572 0.0933184 0.0893857 0.0749235 0.0768914 0.0816661 0.1059388 0.0949635 0.0966866 0.0712832 0.0693728 0.1048151 0.0820343 0.0714693 0.0164596 0.0741884 0.0786436 0.0902023 0.1320510 0.0865014 0.0951485 0.1070374 0.0819740 0.0832600 0.0700615 0.0640560 0.0773491 0.0650511 0.0844857 0.0771327 0.0928365 0.1189599 0.0714021 0.0745164 0.0710708 0.1017196 0.0909379 0.0908938 0.0688506 0.0692885 0.0693243 0.0962030 0.0861928 0.1080027 0.1222076 0.1004384 0.1074604 0.0737310 0.0789196 0.1266065 0.0620786 0.1284730 0.0588864 0.0971610 0.0647698 0.1115893 0.0813838 0.0944447 0.1304983 0.0673494 0.0738584 0.0888204 0.0880117 0.0667379 0.0688925 0.0976431 0.0789650 0.1128923 0.0996909 0.1085146 0.0995897 0.0790251 0.1144753 0.0784106 0.0708378 0.0780016 0.0645882 0.0840768 0.0725155 0.0848078 0.0687082 0.0839801 0.0806687 0.1010158 0.0627915 0.0722741 0.1555973 0.0865438 0.0667234 0.0663286 0.0864529 0.0641443 
PAFTOL_019361 0.2966528 0.2236116 0.3260055 0.2000758 0.2444861 0.1970314 0.0000000 0.1922362 0.2052146 0.2041686 0.1885035 0.1851317 0.2133403 0.1782647 0.2175452 0.1772707 0.1843518 0.2138793 0.2221559 0.2225932 0.1954025 0.1918796 0.1668771 0.3146269 0.1925781 0.2198572 0.1873129 0.2302107 0.2007391 0.2133712 0.2396365 0.1935243 0.1801431 0.1756259 0.2044041 0.2097260 0.2522445 0.1898289 0.1823168 0.2011709 0.2070332 0.1726904 0.1716837 0.1257911 0.1849757 0.1724075 0.1976608 0.1799928 0.2168978 0.1970969 0.2172546 0.2024928 0.1821287 0.1745223 0.1810676 0.1758391 0.1730010 0.1955907 0.1801480 0.1707487 0.2275453 0.1712408 0.1540934 0.1736001 0.2466385 0.2127953 0.1922725 0.1688905 0.1964061 0.1844058 0.2321092 0.1787741 0.1803296 0.2452741 0.2469904 0.1557251 0.1772457 0.1799551 0.1632164 0.1990515 0.1786270 0.1911617 0.1976212 0.1759387 0.2292537 0.1898721 0.1955690 0.1768404 0.1930113 0.1998664 0.1924255 0.1832498 0.1706293 0.1700266 0.1884660 0.1771272 0.2200806 0.1972483 0.2146713 0.2024216 0.1900217 0.2193150 0.1553923 0.1648618 0.2103718 0.1852330 0.1863644 0.1900076 0.2029632 0.2030092 0.1788757 0.1845642 0.2067697 0.1990138 0.1880256 0.2654025 0.1797937 0.1704640 0.1780031 0.1689172 0.1893427 
S0055         0.3587934 0.3329081 0.4302829 0.0847268 0.0688121 0.0706648 0.1922362 0.0000000 0.0410527 0.1021764 0.0722912 0.0495369 0.0895299 0.0704533 0.0470357 0.0675547 0.0828299 0.0832148 0.0923031 0.1046919 0.0859743 0.0862081 0.0522170 0.1217795 0.0658916 0.0562377 0.0520061 0.0543050 0.0847537 0.0573847 0.0856308 0.0811457 0.0679020 0.0630528 0.0811142 0.0904027 0.0946707 0.0912649 0.0492326 0.0601582 0.1014436 0.0680492 0.0723109 0.0510505 0.0608109 0.0673255 0.0772428 0.1097367 0.0649520 0.0843077 0.0767438 0.0593151 0.0674353 0.0609699 0.0516564 0.0680470 0.0562551 0.0692365 0.0682530 0.0761808 0.1107513 0.0701756 0.0564818 0.0649101 0.0934933 0.0727512 0.0756501 0.0565275 0.0603173 0.0603474 0.0961677 0.0698906 0.0986652 0.1041892 0.0933478 0.0863883 0.0698505 0.0721572 0.0996782 0.0491923 0.1060023 0.0483929 0.0768341 0.0555663 0.1087815 0.0512683 0.0812569 0.1079773 0.0567081 0.0580316 0.0816728 0.0788862 0.0678225 0.0697687 0.0927573 0.0655036 0.1092115 0.0873227 0.0916763 0.0881642 0.0588408 0.1100064 0.0512339 0.0591583 0.0674863 0.0498746 0.0388315 0.0656252 0.0711693 0.0691432 0.0638681 0.0683574 0.0883301 0.0517174 0.0681822 0.1354604 0.0677509 0.0676327 0.0515713 0.0697672 0.0607375 
S0196sl       0.3125274 0.3583179 0.4350246 0.0974767 0.0000010 0.0706416 0.2052146 0.0410527 0.0000000 0.1125668 0.0460310 0.0642976 0.1035512 0.0649247 0.0499654 0.0842298 0.0887985 0.0532218 0.0528298 0.0831442 0.0594409 0.1098456 0.0533963 0.2026603 0.0774630 0.0705325 0.0646137 0.0588845 0.0836231 0.0048236 0.1034147 0.0584366 0.0758600 0.0644046 0.0946316 0.0770000 0.0698628 0.1029425 0.0570405 0.0488778 0.1088424 0.0711577 0.0822520 0.0457338 0.0705895 0.0516889 0.0581559 0.1006709 0.0755862 0.0588276 0.0995993 0.0649278 0.0557646 0.0000010 0.0701916 0.0146859 0.0000010 0.0649541 0.0479877 0.0695156 0.0488702 0.0698874 0.0752841 0.0634156 0.1065029 0.0408465 0.0964041 0.0415056 0.0639872 0.0582176 0.1092877 0.0351099 0.0930266 0.1277506 0.0633953 0.0764283 0.0750609 0.0815297 0.1094739 0.0000010 0.1016692 0.0280031 0.0889847 0.0299338 0.0751395 0.0576289 0.0823836 0.1082139 0.0600566 0.0825057 0.0818522 0.0827419 0.0702737 0.0698874 0.0000010 0.0841018 0.0821316 0.0836393 0.1056457 0.0593591 0.0777314 0.0487134 0.0418794 0.0710531 0.0822057 0.0718434 0.0469077 0.0639863 0.0723030 0.0636005 0.0768885 0.0724475 0.0942795 0.0534823 0.0048001 0.0839372 0.0351099 0.0763193 0.0695296 0.0353365 0.0820764 
S0278         0.3956547 0.3608739 0.4280647 0.1012841 0.1232678 0.1075713 0.2041686 0.1021764 0.1125668 0.0000000 0.1069240 0.0851418 0.0447729 0.0705695 0.0998468 0.1016204 0.0388111 0.1225133 0.1131588 0.0486707 0.1114055 0.0403590 0.0936115 0.1745100 0.1276506 0.0909927 0.0929283 0.1133091 0.0363748 0.0994064 0.1362330 0.1035023 0.0516517 0.0992378 0.1170670 0.1149828 0.1289573 0.0321561 0.0943611 0.1044891 0.0485503 0.0654849 0.0652206 0.0521887 0.0956208 0.0983385 0.1046339 0.1416076 0.1168690 0.1127557 0.1132926 0.0955664 0.1058583 0.0961426 0.0896663 0.1062397 0.0980857 0.1071695 0.0990992 0.0778123 0.1363880 0.0671990 0.0605175 0.0716209 0.0488516 0.1051806 0.1175473 0.0957861 0.0949060 0.0938941 0.1304462 0.1041934 0.1293737 0.1435067 0.1373781 0.1129942 0.1057815 0.1083682 0.1121439 0.0945028 0.1324832 0.0539979 0.1259684 0.0973038 0.1364674 0.1008214 0.0823823 0.1344597 0.0886272 0.1083743 0.1013665 0.0280241 0.0628591 0.0647866 0.1021932 0.0696522 0.0549217 0.1043952 0.1058548 0.1137040 0.0978652 0.1287690 0.0830939 0.0700895 0.1027687 0.0878734 0.1089980 0.0760303 0.1071068 0.0617486 0.0776503 0.0726301 0.0399329 0.0964316 0.1148600 0.0872720 0.1046247 0.0605800 0.0873374 0.1040382 0.0930845 
S0281         0.3614933 0.3332908 0.4242163 0.0838415 0.1167884 0.0824153 0.1885035 0.0722912 0.0460310 0.1069240 0.0000000 0.0714157 0.0985964 0.0647312 0.0828344 0.0738654 0.0914900 0.0841064 0.0955289 0.1106964 0.0839853 0.0929749 0.0691856 0.1335779 0.0937123 0.0819905 0.0721429 0.0818063 0.0889136 0.0612887 0.1128769 0.0819520 0.0769558 0.0815559 0.0853263 0.0934591 0.0983076 0.0858494 0.0665330 0.0698489 0.0981776 0.0864734 0.0753203 0.0425890 0.0762978 0.0591628 0.0827133 0.1309965 0.1003491 0.0823288 0.1087088 0.0767408 0.0911624 0.0570634 0.0758023 0.0665246 0.0592573 0.0819907 0.0576188 0.0923443 0.1004710 0.0801874 0.0792055 0.0750403 0.1081679 0.0735669 0.1010071 0.0715754 0.0817879 0.0769827 0.1204901 0.0576669 0.1072680 0.1149237 0.0913733 0.1026732 0.0842491 0.0837683 0.1228900 0.0585553 0.1245815 0.0650975 0.0886482 0.0616698 0.1018704 0.0724218 0.0899120 0.1265268 0.0651181 0.0724282 0.0825557 0.0855898 0.0757529 0.0776774 0.0943972 0.0834216 0.1061741 0.0860861 0.0957333 0.0916961 0.0814953 0.0944383 0.0658589 0.0602466 0.0854508 0.0629160 0.0750445 0.0716643 0.1024339 0.0931294 0.0746023 0.0670740 0.0925697 0.0665284 0.0714937 0.1491289 0.0578795 0.0755417 0.0756958 0.0556019 0.0712023 
S0282         0.3566126 0.3310880 0.3944090 0.0808176 0.0868054 0.0642924 0.1851317 0.0495369 0.0642976 0.0851418 0.0714157 0.0000000 0.0752041 0.0578248 0.0222590 0.0567044 0.0624656 0.0804049 0.0877975 0.0893326 0.0814654 0.0701641 0.0488733 0.0996277 0.0859062 0.0186896 0.0145951 0.0735466 0.0707306 0.0635063 0.0965063 0.0767960 0.0553256 0.0615517 0.0820313 0.0780881 0.0945681 0.0703266 0.0462575 0.0236580 0.0840396 0.0553044 0.0594150 0.0720933 0.0164394 0.0631574 0.0756815 0.1112889 0.0750686 0.0800282 0.0813888 0.0243543 0.0554570 0.0571065 0.0107700 0.0617358 0.0525789 0.0715112 0.0640031 0.0611538 0.1088517 0.0593637 0.0467629 0.0525484 0.0698629 0.0760440 0.0735663 0.0594999 0.0546470 0.0574006 0.0714952 0.0661641 0.0928740 0.0905889 0.0942914 0.0994200 0.0614318 0.0659600 0.0983621 0.0558375 0.1044455 0.0341615 0.0803899 0.0524336 0.1022269 0.0524473 0.0656300 0.1063562 0.0127751 0.0523940 0.0704959 0.0653879 0.0551771 0.0570627 0.0773700 0.0487874 0.1005191 0.0740709 0.0923616 0.0814717 0.0183752 0.1051655 0.0502516 0.0450524 0.0240663 0.0108488 0.0619565 0.0488143 0.0598622 0.0702938 0.0583660 0.0515708 0.0654752 0.0381620 0.0667394 0.1236112 0.0664116 0.0550294 0.0126148 0.0666660 0.0505706 
S0289         0.3715792 0.3227721 0.4118756 0.0957549 0.1246162 0.0996460 0.2133403 0.0895299 0.1035512 0.0447729 0.0985964 0.0752041 0.0000000 0.0647151 0.0961348 0.0884769 0.0265924 0.1134951 0.1040841 0.0358933 0.1040446 0.0279284 0.0905120 0.1645824 0.1216940 0.0930299 0.0826557 0.1223359 0.0222872 0.0919832 0.1285566 0.0964177 0.0467629 0.0886284 0.1148599 0.1166228 0.1264854 0.0340894 0.0917193 0.0905694 0.0337406 0.0603857 0.0575695 0.0506132 0.0873332 0.0950549 0.0975911 0.1201666 0.1030494 0.1052687 0.1240715 0.0873936 0.0914014 0.0903258 0.0795901 0.0932832 0.0851379 0.1071883 0.0910674 0.0704979 0.1328775 0.0600926 0.0558849 0.0709053 0.0355644 0.0980862 0.1036241 0.0934033 0.0841661 0.0835007 0.1207823 0.0904205 0.1223331 0.1360346 0.1300802 0.1197264 0.0950179 0.1001138 0.1133880 0.0882950 0.1228878 0.0374646 0.1143472 0.0894210 0.1302348 0.0940222 0.0794383 0.1216322 0.0831145 0.1045701 0.0981514 0.0222042 0.0558528 0.0577600 0.0884747 0.0644835 0.0504842 0.1062652 0.0975453 0.1065597 0.0874214 0.1287418 0.0741494 0.0650727 0.0969645 0.0777942 0.1057413 0.0687216 0.1071258 0.0608011 0.0718788 0.0673521 0.0299777 0.0907127 0.1014805 0.0696799 0.0907810 0.0511452 0.0745988 0.0949638 0.0874870 
S0292         0.3323395 0.2989950 0.3832285 0.0598191 0.0855881 0.0828738 0.1782647 0.0704533 0.0649247 0.0705695 0.0647312 0.0578248 0.0647151 0.0000000 0.0769125 0.0737901 0.0611952 0.0728546 0.0672015 0.0813861 0.0674401 0.0603663 0.0509448 0.1107130 0.0886456 0.0744417 0.0604094 0.0808518 0.0629181 0.0670676 0.1014620 0.0607135 0.0447945 0.0561382 0.0757737 0.0792463 0.0834622 0.0601744 0.0617308 0.0668711 0.0671759 0.0476175 0.0445067 0.0330442 0.0618832 0.0709734 0.0621786 0.1103490 0.0752866 0.0636592 0.0868153 0.0669998 0.0645109 0.0618416 0.0620556 0.0691886 0.0640837 0.0699584 0.0667644 0.0620234 0.0958563 0.0464625 0.0454602 0.0359134 0.0805000 0.0598601 0.0753844 0.0624107 0.0530821 0.0604580 0.0926593 0.0573410 0.0971952 0.1156566 0.0869634 0.0744943 0.0579350 0.0576124 0.0950722 0.0692473 0.0937176 0.0469306 0.0716259 0.0553165 0.0929127 0.0619495 0.0450489 0.1009815 0.0602260 0.0706832 0.0616787 0.0557134 0.0447502 0.0466292 0.0654890 0.0427938 0.0831222 0.0719337 0.0668322 0.0675762 0.0646526 0.0921873 0.0426683 0.0108677 0.0761205 0.0556010 0.0696829 0.0320590 0.0793390 0.0642831 0.0204820 0.0127052 0.0664924 0.0625284 0.0766526 0.1098732 0.0575510 0.0446321 0.0573532 0.0572356 0.0620726 
S0293         0.3916964 0.3782144 0.4763588 0.0931385 0.0575606 0.0703919 0.2175452 0.0470357 0.0499654 0.0998468 0.0828344 0.0222590 0.0961348 0.0769125 0.0000000 0.0666114 0.0797455 0.0954754 0.0953728 0.1158458 0.0935975 0.0888771 0.0526654 0.0664986 0.0745357 0.0377250 0.0302628 0.0704216 0.0957786 0.0641615 0.0921501 0.0865080 0.0703411 0.0747846 0.0942389 0.0826882 0.1053100 0.0919237 0.0576593 0.0407717 0.1084708 0.0731481 0.0697900 0.0660976 0.0275547 0.0690309 0.0853049 0.1356695 0.0719538 0.0910304 0.0959150 0.0385227 0.0691152 0.0607191 0.0221037 0.0668151 0.0576496 0.0905027 0.0698635 0.0775818 0.1115317 0.0638144 0.0589102 0.0607330 0.0882820 0.0855045 0.0720578 0.0756088 0.0698307 0.0598893 0.0939599 0.0698654 0.1069323 0.0991561 0.0995196 0.0688218 0.0781406 0.0746329 0.1146044 0.0547958 0.1298860 0.0455749 0.0949177 0.0546575 0.1094803 0.0547546 0.0690634 0.1294366 0.0303795 0.0629811 0.0761434 0.0880344 0.0607742 0.0606997 0.1028574 0.0699824 0.1250685 0.0862504 0.0992299 0.0936027 0.0384702 0.1152690 0.0506459 0.0620612 0.0380502 0.0275388 0.0642812 0.0581840 0.0591220 0.0805412 0.0715618 0.0680900 0.0912769 0.0436557 0.0734901 0.1502703 0.0664096 0.0637653 0.0196226 0.0793311 0.0488318 
S0294         0.3641412 0.3042914 0.3944058 0.0888451 0.1068426 0.0650379 0.1772707 0.0675547 0.0842298 0.1016204 0.0738654 0.0567044 0.0884769 0.0737901 0.0666114 0.0000000 0.0787704 0.0875970 0.0948723 0.0931494 0.0880058 0.0851290 0.0618441 0.1338806 0.0890333 0.0762895 0.0617693 0.0903174 0.0836494 0.0671865 0.0881903 0.0802727 0.0596203 0.0618259 0.0905565 0.0972560 0.0971542 0.0850872 0.0681594 0.0566630 0.0920127 0.0663052 0.0660823 0.0438989 0.0661238 0.0689632 0.0817887 0.1117681 0.0773565 0.0888022 0.0993580 0.0690894 0.0628775 0.0643464 0.0589707 0.0694742 0.0594976 0.0786614 0.0746497 0.0744792 0.1047636 0.0660219 0.0572022 0.0680819 0.0915409 0.0869936 0.0795121 0.0640989 0.0612211 0.0595243 0.0579372 0.0826583 0.0980262 0.1057522 0.0991715 0.1121356 0.0666058 0.0668565 0.1037578 0.0612806 0.0997367 0.0454364 0.0840644 0.0527129 0.1068146 0.0707015 0.0797161 0.0966655 0.0548923 0.0780302 0.0876152 0.0727203 0.0616281 0.0635839 0.0815849 0.0505122 0.1062741 0.1000816 0.0877557 0.0902475 0.0663849 0.1100561 0.0621675 0.0622504 0.0726942 0.0527556 0.0757815 0.0692852 0.0787303 0.0635234 0.0721712 0.0693110 0.0851021 0.0667340 0.0725685 0.1325073 0.0829900 0.0614562 0.0609073 0.0807333 0.0541438 
S0299         0.3481531 0.3120415 0.3976903 0.0869123 0.0893143 0.0847378 0.1843518 0.0828299 0.0887985 0.0388111 0.0914900 0.0624656 0.0265924 0.0611952 0.0797455 0.0787704 0.0000000 0.1109289 0.1007049 0.0386162 0.1014643 0.0243404 0.0817915 0.1567785 0.1045170 0.0718386 0.0696394 0.1079516 0.0186213 0.0841591 0.1082040 0.0937395 0.0388045 0.0749583 0.1083328 0.1049174 0.1241142 0.0283159 0.0806318 0.0843177 0.0364100 0.0476514 0.0494636 0.0613391 0.0742071 0.0833809 0.0949592 0.1196495 0.0932321 0.0996662 0.1027746 0.0767083 0.0804964 0.0808565 0.0667602 0.0837015 0.0758307 0.0927312 0.0817655 0.0534670 0.1288812 0.0494220 0.0413251 0.0599906 0.0311038 0.0954478 0.0962688 0.0842258 0.0723889 0.0700278 0.1039915 0.0887132 0.1104570 0.1234208 0.1227614 0.1047001 0.0835102 0.0883350 0.1066201 0.0773715 0.1128578 0.0323175 0.1021717 0.0808033 0.1237380 0.0883900 0.0658970 0.1179251 0.0700317 0.0808857 0.0838602 0.0184361 0.0452790 0.0471784 0.0966118 0.0473408 0.0465777 0.0997086 0.0979194 0.1040115 0.0742798 0.1247689 0.0673164 0.0545845 0.0835923 0.0649311 0.0933944 0.0604128 0.0920838 0.0489823 0.0661338 0.0566740 0.0203424 0.0676497 0.0893703 0.0681701 0.0890683 0.0431326 0.0645529 0.0885708 0.0788628 
S0303         0.3703559 0.3355348 0.3661486 0.1026900 0.1436031 0.0950696 0.2138793 0.0832148 0.0532218 0.1225133 0.0841064 0.0804049 0.1134951 0.0728546 0.0954754 0.0875970 0.1109289 0.0000000 0.0460441 0.1271701 0.0021177 0.1143329 0.0733843 0.1355962 0.1040735 0.0999896 0.0728382 0.1056138 0.1127341 0.0543033 0.1123848 0.0021225 0.0808420 0.0787956 0.1129085 0.0607719 0.0065353 0.1210599 0.0744478 0.0793861 0.1141015 0.0794024 0.0834168 0.0572116 0.0894945 0.0716822 0.0020966 0.1055375 0.0986036 0.0021325 0.0982901 0.0996245 0.0832584 0.0610393 0.0834398 0.0690156 0.0636788 0.0820225 0.0701335 0.0886699 0.0659647 0.0865859 0.0810218 0.0862942 0.1264706 0.0242219 0.1016603 0.0837160 0.0816364 0.0816590 0.1007998 0.0607294 0.0969639 0.1303683 0.0536636 0.0653144 0.0873241 0.0868538 0.1070404 0.0606120 0.0955998 0.0647348 0.1027086 0.0666200 0.0585463 0.0858641 0.1068468 0.0976022 0.0815278 0.0922112 0.0720976 0.1049527 0.0837357 0.0835255 0.0038147 0.0767218 0.1343081 0.0507999 0.0130597 0.0042746 0.0930351 0.0627858 0.0763715 0.0734266 0.1038400 0.0788226 0.0958334 0.0902368 0.1156735 0.0805636 0.0876463 0.0791590 0.1140323 0.0847465 0.0666270 0.1781229 0.0611161 0.0837123 0.0800929 0.0638992 0.0866980 
S0308         0.3612630 0.3280267 0.3869556 0.1100491 0.1473209 0.0965524 0.2221559 0.0923031 0.0528298 0.1131588 0.0955289 0.0877975 0.1040841 0.0672015 0.0953728 0.0948723 0.1007049 0.0460441 0.0000000 0.1181046 0.0430831 0.1036646 0.0838709 0.1523159 0.1095605 0.0935377 0.0887171 0.1100745 0.1049927 0.0701291 0.1174588 0.0388356 0.0766665 0.0836010 0.1084112 0.0726201 0.0525309 0.1092466 0.0826118 0.0900263 0.1096569 0.0802746 0.0738464 0.0330639 0.0952337 0.0715044 0.0404958 0.1188455 0.1105061 0.0413387 0.1031143 0.1016357 0.0853873 0.0736409 0.0877141 0.0814093 0.0759872 0.0951991 0.0771249 0.0932772 0.0697451 0.0787419 0.0777251 0.0805953 0.1326928 0.0342017 0.0954466 0.0856098 0.0789246 0.0836035 0.1136200 0.0774544 0.1154962 0.1479645 0.0632974 0.0578744 0.0887077 0.0882447 0.1165973 0.0723302 0.1146566 0.0883641 0.1041613 0.0685363 0.0705506 0.0852584 0.0899996 0.1223537 0.0882315 0.0903303 0.0855881 0.0965289 0.0742745 0.0762182 0.0475016 0.0773274 0.1257880 0.0616180 0.0584486 0.0451602 0.0932404 0.0721145 0.0817399 0.0652005 0.1048158 0.0814440 0.1010626 0.0812788 0.1075095 0.0788768 0.0777771 0.0748733 0.1108853 0.0795313 0.0845942 0.1617881 0.0728641 0.0740656 0.0870861 0.0731422 0.0856006 
S0320         0.4004090 0.3612911 0.4408285 0.1082569 0.1349501 0.1150674 0.2225932 0.1046919 0.0831442 0.0486707 0.1106964 0.0893326 0.0358933 0.0813861 0.1158458 0.0931494 0.0386162 0.1271701 0.1181046 0.0000000 0.1156752 0.0440043 0.0982124 0.1872700 0.1365480 0.1038932 0.0971949 0.1280705 0.0320808 0.1039462 0.1452162 0.1051826 0.0554170 0.0958223 0.1228118 0.1363961 0.1420968 0.0420934 0.1044251 0.1013269 0.0376838 0.0623901 0.0689321 0.0507973 0.1020525 0.1005221 0.1088270 0.1388777 0.1187124 0.1170784 0.1351697 0.1016113 0.1050082 0.1003207 0.0917768 0.1034060 0.0949413 0.1143601 0.0989640 0.0725041 0.1455057 0.0688699 0.0578722 0.0849018 0.0485744 0.1093966 0.1138674 0.1030407 0.0913685 0.0928910 0.1335650 0.1084237 0.1334007 0.1557019 0.1477683 0.1097817 0.1046379 0.1098660 0.1213614 0.0965224 0.1365869 0.0573163 0.1245521 0.0993086 0.1447639 0.1062239 0.0913848 0.1351809 0.0922735 0.1200703 0.1084078 0.0220927 0.0645493 0.0664622 0.1233853 0.0687305 0.0523870 0.1231768 0.1112514 0.1182999 0.1021602 0.1405542 0.0883198 0.0789921 0.1088413 0.0899937 0.1162555 0.0826385 0.1166953 0.0552768 0.0770018 0.0813725 0.0378502 0.1057336 0.1096942 0.0769652 0.1088729 0.0622769 0.0915382 0.1055426 0.0947409 
S0322         0.3613167 0.3065523 0.3553960 0.1005580 0.1265061 0.0970086 0.1954025 0.0859743 0.0594409 0.1114055 0.0839853 0.0814654 0.1040446 0.0674401 0.0935975 0.0880058 0.1014643 0.0021177 0.0430831 0.1156752 0.0000000 0.1019345 0.0749832 0.1400280 0.0983281 0.0975894 0.0775907 0.0993948 0.1056107 0.0681048 0.1053357 0.0018162 0.0774805 0.0778989 0.1067697 0.0601165 0.0087945 0.1099527 0.0763597 0.0803409 0.1042869 0.0808267 0.0745686 0.0617562 0.0834089 0.0744557 0.0017963 0.1139665 0.1014477 0.0018309 0.0904265 0.0950625 0.0807484 0.0695171 0.0813849 0.0792166 0.0718441 0.0833760 0.0754859 0.0915559 0.0644126 0.0769557 0.0759756 0.0786843 0.1270094 0.0244228 0.0941009 0.0796723 0.0779606 0.0801876 0.1071343 0.0737085 0.1062633 0.1311317 0.0487416 0.0578129 0.0874837 0.0869794 0.1071320 0.0703176 0.1058863 0.0685309 0.0955785 0.0692184 0.0576909 0.0785041 0.0963228 0.1078853 0.0845929 0.0908540 0.0717675 0.0947965 0.0750042 0.0744357 0.0058550 0.0735059 0.1290513 0.0515795 0.0130960 0.0054906 0.0893951 0.0613422 0.0692247 0.0657719 0.1014101 0.0728141 0.0969536 0.0846348 0.1057618 0.0764167 0.0800492 0.0726747 0.1091604 0.0800043 0.0803206 0.1559071 0.0718365 0.0747916 0.0807993 0.0742783 0.0796005 
S0327         0.3672836 0.3235055 0.3942749 0.0927306 0.1127495 0.0965586 0.1918796 0.0862081 0.1098456 0.0403590 0.0929749 0.0701641 0.0279284 0.0603663 0.0888771 0.0851290 0.0243404 0.1143329 0.1036646 0.0440043 0.1019345 0.0000000 0.0823614 0.1667103 0.1085585 0.0815650 0.0774322 0.1127872 0.0259316 0.0918646 0.1151627 0.0943213 0.0487955 0.0803437 0.1122158 0.1110635 0.1274660 0.0299222 0.0863320 0.0901896 0.0357226 0.0552176 0.0576734 0.0330992 0.0820198 0.0895608 0.0931176 0.1221384 0.1022562 0.1031345 0.1044534 0.0845463 0.0844747 0.0895188 0.0744709 0.0924448 0.0843819 0.0982206 0.0856189 0.0676388 0.1204130 0.0596407 0.0532164 0.0659365 0.0277031 0.0934401 0.0968669 0.0849703 0.0758111 0.0778312 0.1166544 0.0925724 0.1108164 0.1348933 0.1193445 0.1049402 0.0865805 0.0868925 0.1042918 0.0848749 0.1108677 0.0401391 0.1029813 0.0840753 0.1182590 0.0891516 0.0676366 0.1153153 0.0778601 0.0967659 0.0925669 0.0258350 0.0554325 0.0573273 0.0933396 0.0550647 0.0523235 0.1034787 0.0893168 0.1044441 0.0821009 0.1166884 0.0676635 0.0558708 0.0914578 0.0726790 0.0948699 0.0595052 0.0934025 0.0534471 0.0624587 0.0537979 0.0336316 0.0831864 0.1005590 0.0736610 0.0929420 0.0512393 0.0722556 0.0924280 0.0821589 
S0335         0.3475501 0.3206620 0.3984434 0.0712087 0.0756349 0.0773011 0.1668771 0.0522170 0.0533963 0.0936115 0.0691856 0.0488733 0.0905120 0.0509448 0.0526654 0.0618441 0.0817915 0.0733843 0.0838709 0.0982124 0.0749832 0.0823614 0.0000000 0.0894859 0.0729650 0.0610015 0.0471440 0.0562595 0.0810872 0.0672701 0.0801593 0.0680603 0.0623967 0.0647739 0.0786051 0.0821709 0.0840955 0.0827307 0.0529477 0.0572134 0.0997875 0.0603808 0.0640568 0.0701512 0.0573580 0.0617513 0.0693408 0.0989641 0.0641716 0.0733539 0.0819899 0.0556588 0.0636414 0.0616760 0.0529881 0.0687357 0.0593916 0.0721488 0.0619967 0.0728519 0.0939859 0.0619997 0.0537046 0.0546431 0.0979543 0.0628363 0.0821578 0.0601197 0.0643048 0.0668707 0.0764871 0.0686045 0.0942248 0.0830444 0.0869156 0.0832614 0.0692623 0.0688734 0.0878865 0.0587507 0.1035372 0.0533401 0.0744105 0.0402722 0.0949649 0.0617646 0.0624089 0.1005118 0.0510839 0.0620577 0.0663924 0.0799812 0.0597475 0.0616463 0.0923149 0.0572328 0.1121766 0.0772082 0.0886990 0.0749855 0.0531811 0.0903537 0.0399516 0.0425875 0.0643877 0.0467797 0.0558088 0.0529495 0.0693707 0.0715169 0.0538195 0.0489688 0.0893154 0.0557089 0.0715314 0.1366271 0.0687395 0.0595857 0.0529033 0.0691285 0.0531700 
S0345         0.4849756 0.4538234 0.5397046 0.1334034 0.0768841 0.1382357 0.3146269 0.1217795 0.2026603 0.1745100 0.1335779 0.0996277 0.1645824 0.1107130 0.0664986 0.1338806 0.1567785 0.1355962 0.1523159 0.1872700 0.1400280 0.1667103 0.0894859 0.0000000 0.1648706 0.1282382 0.0944428 0.1362555 0.1609117 0.1253602 0.1755402 0.1332828 0.1260173 0.1169857 0.1471102 0.1517454 0.1438989 0.1530858 0.1114803 0.0672141 0.1745145 0.1088247 0.1321210 2.0293280 0.1096409 0.1348969 0.1344497 0.1653135 0.1171038 0.1367964 0.0857974 0.1139049 0.0721277 0.1118306 0.1087846 0.1186199 0.1126077 0.1408311 0.1306345 0.1244891 0.1647895 0.1364853 0.1129821 0.1213127 0.1492486 0.1352703 0.1224967 0.1264483 0.1290217 0.1323487 0.0755571 0.1124224 0.1465748 0.1394025 0.1488167 0.2697809 0.1269265 0.1304649 0.1521523 0.1245542 0.1588970 0.0910438 0.1410909 0.0914853 0.1593339 0.1181216 0.1320335 0.1606950 0.0953667 0.1096900 0.1319204 0.1557647 0.1326746 0.1355351 0.0871930 0.1146075 0.1823400 0.1595539 0.1645587 0.1444690 0.1198839 0.1670454 0.1076882 0.1018456 0.1250836 0.0953303 0.1235493 0.1139205 0.1415348 0.1495615 0.1215290 0.1020418 0.1592479 0.1172891 0.1218454 0.2316209 0.1157846 0.1326264 0.1059617 0.1227928 0.1260668 
S0376         0.3511626 0.3426748 0.4311859 0.1127974 0.0867726 0.0917819 0.1925781 0.0658916 0.0774630 0.1276506 0.0937123 0.0859062 0.1216940 0.0886456 0.0745357 0.0890333 0.1045170 0.1040735 0.1095605 0.1365480 0.0983281 0.1085585 0.0729650 0.1648706 0.0000000 0.0877373 0.0722281 0.0787908 0.1171848 0.0756477 0.0425108 0.0934002 0.0887577 0.0852334 0.0943056 0.0994369 0.1099384 0.1215580 0.0716017 0.0821307 0.1156751 0.0944657 0.0916562 0.0606486 0.0937617 0.0790121 0.0917936 0.1420221 0.0876163 0.0994787 0.0934522 0.0973661 0.0840895 0.0887673 0.0811154 0.0916099 0.0835691 0.0899510 0.0848532 0.1076641 0.1260874 0.0846280 0.0844105 0.0856777 0.1355447 0.0866674 0.1000471 0.0842373 0.0878158 0.0893430 0.1112720 0.0854965 0.1221404 0.1221850 0.1142239 0.0920912 0.1023250 0.0999634 0.1332651 0.0699167 0.1332986 0.0784492 0.1019081 0.0829571 0.1158034 0.0806611 0.1038374 0.1325142 0.0943031 0.0852274 0.0812683 0.1082665 0.0869425 0.0841371 0.1196583 0.0918043 0.1381182 0.0992110 0.1096959 0.1009242 0.0912811 0.1219686 0.0867695 0.0817916 0.1033261 0.0770608 0.0790188 0.0966306 0.0851904 0.0912668 0.0976168 0.0825864 0.1206725 0.0717504 0.0923950 0.1720815 0.0858340 0.0866920 0.0826088 0.0879914 0.0892174 
S0400         0.3802764 0.3687937 0.4376148 0.0962298 0.0730990 0.0713348 0.2198572 0.0562377 0.0705325 0.0909927 0.0819905 0.0186896 0.0930299 0.0744417 0.0377250 0.0762895 0.0718386 0.0999896 0.0935377 0.1038932 0.0975894 0.0815650 0.0610015 0.1282382 0.0877373 0.0000000 0.0275667 0.0738354 0.0874928 0.0733918 0.1006724 0.0911204 0.0687545 0.0843548 0.0865770 0.0850030 0.1176981 0.0817385 0.0555385 0.0369913 0.1008785 0.0615976 0.0707178 0.0611294 0.0275037 0.0774987 0.0900282 0.1330724 0.0783030 0.0953634 0.0931019 0.0347207 0.0796557 0.0680571 0.0207368 0.0761703 0.0653670 0.0912961 0.0786786 0.0682675 0.1206365 0.0706458 0.0565015 0.0654604 0.0919273 0.0876414 0.0999403 0.0816946 0.0764249 0.0734412 0.0942379 0.0787882 0.1107431 0.1225520 0.1063875 0.0989985 0.0791438 0.0812297 0.1173455 0.0678516 0.1274286 0.0540518 0.1012578 0.0625395 0.1073901 0.0575887 0.0730112 0.1300114 0.0211080 0.0573472 0.0865632 0.0809073 0.0657740 0.0679250 0.1040912 0.0583083 0.1175729 0.0856225 0.1107523 0.0945161 0.0299170 0.1230811 0.0618493 0.0617677 0.0296426 0.0231308 0.0735915 0.0583957 0.0614372 0.0775354 0.0723416 0.0670943 0.0810235 0.0388213 0.0820621 0.1466571 0.0789680 0.0655712 0.0208065 0.0794770 0.0577188 
S0405         0.3568976 0.3346224 0.4126885 0.0767130 0.0784470 0.0740580 0.1873129 0.0520061 0.0646137 0.0929283 0.0721429 0.0145951 0.0826557 0.0604094 0.0302628 0.0617693 0.0696394 0.0728382 0.0887171 0.0971949 0.0775907 0.0774322 0.0471440 0.0944428 0.0722281 0.0275667 0.0000000 0.0712834 0.0780638 0.0640926 0.0949053 0.0729235 0.0622432 0.0621614 0.0850526 0.0742608 0.0865962 0.0776168 0.0486616 0.0217150 0.0846518 0.0602224 0.0620843 0.0831844 0.0242292 0.0637789 0.0718607 0.1099762 0.0711525 0.0761127 0.0821965 0.0305836 0.0583486 0.0576663 0.0164310 0.0623483 0.0530886 0.0722394 0.0646409 0.0661532 0.1020831 0.0620299 0.0489352 0.0552008 0.0785031 0.0743667 0.0812841 0.0600880 0.0618637 0.0623545 0.0746845 0.0646048 0.0914679 0.0912547 0.0865527 0.0962244 0.0620387 0.0666177 0.0991469 0.0563440 0.1030829 0.0373683 0.0765621 0.0529406 0.0957332 0.0572361 0.0705353 0.1050113 0.0204826 0.0571791 0.0688094 0.0724953 0.0577857 0.0596882 0.0821363 0.0535410 0.1037115 0.0747370 0.0875773 0.0775948 0.0184719 0.0984789 0.0532103 0.0474607 0.0321149 0.0109299 0.0646811 0.0555440 0.0648987 0.0760697 0.0654634 0.0540764 0.0725901 0.0405811 0.0648530 0.1240295 0.0648486 0.0576289 0.0183307 0.0647811 0.0553343 
S0412sl       0.3852709 0.3452760 0.4452955 0.0947184 0.0307150 0.0904310 0.2302107 0.0543050 0.0588845 0.1133091 0.0818063 0.0735466 0.1223359 0.0808518 0.0704216 0.0903174 0.1079516 0.1056138 0.1100745 0.1280705 0.0993948 0.1127872 0.0562595 0.1362555 0.0787908 0.0738354 0.0712834 0.0000000 0.1188927 0.0721761 0.0937299 0.0932312 0.0928642 0.0929414 0.0806927 0.1200231 0.1150892 0.1068455 0.0683685 0.0829729 0.1214958 0.0880248 0.0857231 0.0332628 0.0712664 0.0890286 0.0945126 0.1374884 0.0652394 0.0944396 0.1072773 0.0801989 0.0983473 0.0733419 0.0657129 0.0924849 0.0784716 0.0845862 0.0874454 0.0973151 0.1260104 0.0890219 0.0744326 0.0834180 0.1307170 0.0901021 0.1043526 0.0840872 0.0904952 0.0865766 0.1157130 0.0810556 0.1271069 0.1490275 0.1277363 0.0915695 0.0985751 0.0982041 0.1195067 0.0688716 0.1385774 0.0842101 0.1013920 0.0678693 0.1241558 0.0703094 0.0801468 0.1412248 0.0670589 0.0681395 0.0905806 0.1063790 0.0862832 0.0884535 0.1286006 0.0813783 0.1293281 0.1103296 0.1172223 0.1023334 0.0824263 0.1247315 0.0679770 0.0709380 0.0816276 0.0640297 0.0665920 0.0816107 0.0721270 0.0873769 0.0768062 0.0761278 0.1227843 0.0662598 0.0905306 0.1776411 0.0788145 0.0860086 0.0705312 0.0841463 0.0705061 
S0417         0.3740192 0.3448312 0.4280027 0.0909682 0.1333508 0.0973892 0.2007391 0.0847537 0.0836231 0.0363748 0.0889136 0.0707306 0.0222872 0.0629181 0.0957786 0.0836494 0.0186213 0.1127341 0.1049927 0.0320808 0.1056107 0.0259316 0.0810872 0.1609117 0.1171848 0.0874928 0.0780638 0.1188927 0.0000000 0.0926983 0.1256732 0.0978623 0.0403660 0.0814428 0.1131535 0.1148597 0.1255478 0.0260790 0.0870366 0.0909751 0.0318399 0.0537585 0.0558092 0.0601853 0.0826891 0.0880687 0.0990373 0.1296046 0.1002413 0.1068722 0.1160917 0.0852381 0.0886239 0.0856179 0.0750724 0.0885198 0.0805096 0.1022135 0.0863272 0.0637705 0.1305189 0.0557612 0.0493578 0.0664692 0.0279737 0.0946005 0.1009765 0.0838798 0.0793743 0.0764345 0.1146846 0.0933397 0.1178819 0.1294412 0.1242294 0.1096646 0.0902587 0.0952878 0.1112073 0.0856312 0.1206638 0.0315977 0.1042445 0.0801142 0.1279569 0.0923890 0.0723047 0.1226237 0.0784980 0.0971477 0.0831060 0.0145604 0.0515624 0.0534660 0.1030163 0.0578109 0.0421431 0.1044901 0.0990289 0.1081670 0.0827717 0.1264059 0.0687539 0.0606541 0.0898388 0.0732692 0.1008193 0.0643064 0.1021450 0.0587422 0.0673752 0.0629036 0.0181784 0.0835030 0.0965862 0.0552481 0.0937157 0.0493772 0.0728390 0.0910266 0.0828310 
S0419         0.3846575 0.3465630 0.4473713 0.0984062 0.0571863 0.0711572 0.2133712 0.0573847 0.0048236 0.0994064 0.0612887 0.0635063 0.0919832 0.0670676 0.0641615 0.0671865 0.0841591 0.0543033 0.0701291 0.1039462 0.0681048 0.0918646 0.0672701 0.1253602 0.0756477 0.0733918 0.0640926 0.0721761 0.0926983 0.0000000 0.0946815 0.0650852 0.0696437 0.0703974 0.0938888 0.0865660 0.0690798 0.0974910 0.0662878 0.0556060 0.1089592 0.0758691 0.0666586 0.0832921 0.0635308 0.0505068 0.0670074 0.1266372 0.0877805 0.0713085 0.0826685 0.0729410 0.0700730 0.0082028 0.0656824 0.0168141 0.0103065 0.0697498 0.0487909 0.0823804 0.0972749 0.0669259 0.0653449 0.0666692 0.1007292 0.0594970 0.0885235 0.0651514 0.0729175 0.0619749 0.1035171 0.0504554 0.1103568 0.1116095 0.0827757 0.0914719 0.0809587 0.0754726 0.1140523 0.0082154 0.1249568 0.0353820 0.0895709 0.0442866 0.0906858 0.0637247 0.0849843 0.1275770 0.0615829 0.0616339 0.0726847 0.0834177 0.0670913 0.0641969 0.0672955 0.0775694 0.1039800 0.0861337 0.0844562 0.0736282 0.0720408 0.0964556 0.0633499 0.0626230 0.0736939 0.0615087 0.0747935 0.0726009 0.0707662 0.0672840 0.0702133 0.0678083 0.0936927 0.0494724 0.0235573 0.1515165 0.0505608 0.0668804 0.0603192 0.0537286 0.0613813 
S0427         0.3853213 0.3431938 0.4317683 0.1206916 0.1242218 0.0933184 0.2396365 0.0856308 0.1034147 0.1362330 0.1128769 0.0965063 0.1285566 0.1014620 0.0921501 0.0881903 0.1082040 0.1123848 0.1174588 0.1452162 0.1053357 0.1151627 0.0801593 0.1755402 0.0425108 0.1006724 0.0949053 0.0937299 0.1256732 0.0946815 0.0000000 0.1030707 0.1032233 0.1035302 0.1033189 0.1126088 0.1122545 0.1271022 0.0820061 0.0940642 0.1292626 0.1059983 0.1036037 0.0699988 0.1062065 0.0975324 0.0962755 0.1546517 0.0983013 0.1017471 0.1130481 0.1133579 0.0992556 0.1029478 0.0964197 0.1109601 0.0975230 0.1132666 0.0979367 0.1193042 0.1283959 0.1013230 0.0981128 0.0985565 0.1433656 0.0959520 0.1171729 0.0998675 0.0958531 0.1002178 0.1059301 0.1150811 0.1472706 0.1354459 0.1231608 0.1101548 0.1134815 0.1039488 0.1513555 0.0850960 0.1513520 0.1030298 0.1106702 0.0940709 0.1208911 0.0936499 0.0958665 0.1504574 0.0993978 0.0888885 0.0974429 0.1166115 0.0987699 0.1007388 0.1225660 0.0973742 0.1493117 0.1123614 0.1139427 0.1055851 0.1026328 0.1241032 0.1016384 0.0871376 0.1142860 0.0897063 0.0942226 0.0999105 0.0871863 0.0965745 0.1084600 0.0922822 0.1290932 0.0754654 0.1096715 0.1973403 0.1155592 0.0984816 0.1010104 0.1160084 0.0972619 
S0430         0.3415524 0.2945849 0.3366116 0.0928900 0.1165420 0.0893857 0.1935243 0.0811457 0.0584366 0.1035023 0.0819520 0.0767960 0.0964177 0.0607135 0.0865080 0.0802727 0.0937395 0.0021225 0.0388356 0.1051826 0.0018162 0.0943213 0.0680603 0.1332828 0.0934002 0.0911204 0.0729235 0.0932312 0.0978623 0.0650852 0.1030707 0.0000000 0.0728223 0.0732133 0.0993044 0.0557466 0.0065860 0.1021552 0.0717689 0.0730561 0.1015965 0.0759139 0.0699722 0.0422029 0.0840428 0.0698712 0.0000021 0.1114525 0.0914464 0.0000020 0.0869967 0.0875372 0.0816270 0.0650098 0.0767180 0.0770981 0.0673059 0.0812979 0.0708370 0.0867475 0.0622504 0.0748395 0.0712890 0.0719532 0.1204133 0.0245326 0.0894416 0.0774991 0.0707533 0.0731375 0.1018074 0.0691727 0.1040933 0.1249397 0.0515112 0.0495724 0.0826842 0.0822076 0.1046365 0.0672779 0.1003941 0.0651274 0.0933294 0.0623748 0.0623618 0.0716106 0.0888958 0.1023866 0.0800178 0.0836987 0.0696840 0.0873176 0.0702304 0.0723334 0.0029386 0.0688579 0.1178918 0.0473032 0.0108477 0.0036476 0.0845980 0.0615888 0.0637042 0.0611349 0.0964807 0.0704946 0.0920519 0.0773269 0.0982228 0.0704200 0.0729695 0.0659344 0.1014309 0.0729654 0.0756058 0.1467423 0.0673010 0.0701805 0.0761657 0.0697050 0.0701458 
