142
CRNC          0.0000000 0.2207580 0.2809487 0.3717086 0.6186049 0.3735053 0.3003632 0.3430439 0.4425421 0.3622277 0.3529673 0.3653261 0.3751488 0.3066510 0.3469630 0.3591772 0.3380516 0.3268195 0.3735340 0.3465087 0.3158982 0.4033818 0.3317706 0.3690788 0.4097913 0.3877876 0.3663110 0.3635739 0.3395370 0.3211481 0.3596746 0.3537804 0.3804909 0.3608344 0.3443219 0.3841891 0.3343003 0.3556287 0.3453870 0.4268342 0.3842106 0.3131731 0.3491358 0.3505236 0.3262150 0.3472241 0.3668995 0.3086989 0.3482462 0.3529378 0.3922606 0.3746461 0.3650365 0.3841536 0.3396115 0.3380921 0.3645869 0.3840238 0.3666152 0.3860261 0.3806039 0.3631305 0.3513601 0.3368906 0.3452655 0.3486943 0.3797320 0.3565315 0.3315367 0.3483976 0.3793911 0.3920211 0.3724814 0.3768416 0.3831315 0.3860324 0.3516193 0.3108103 0.3424766 0.3533418 0.3791829 0.3832057 0.3804304 0.3807565 0.3674470 0.5386241 0.3795326 0.3601280 0.3441076 0.3490179 0.3644815 0.3493927 0.3637952 0.3364077 0.3686326 0.3219028 0.3391494 0.3465599 0.3891326 0.3535728 0.3282809 0.3979192 0.3842470 0.3730888 0.3764737 0.3462868 0.3623745 0.3565700 0.3622480 0.3496893 0.3380858 0.3711314 0.3413571 0.3712241 0.3545824 0.3518477 0.3358513 0.3546767 0.3842305 0.2858684 0.3929101 0.3421425 0.3483831 0.3733902 0.3515954 0.3547100 0.3512103 0.3046755 0.3259795 0.3651584 0.3380858 0.3606538 0.3433341 0.3465821 0.3346749 0.3491820 0.3752302 0.3689274 0.3621233 0.3544264 0.3393549 0.3571426 
HYZL          0.2207580 0.0000000 0.1017856 0.3793581 0.6349489 0.3545549 0.2626591 0.3266158 0.4050133 0.3623881 0.3339428 0.3603403 0.3443413 0.3033673 0.3464845 0.3368691 0.3377963 0.3378986 0.3442060 0.3370268 0.3392572 0.4034970 0.3397226 0.3596241 0.4198416 0.3653112 0.3512028 0.3498102 0.3176956 0.3455896 0.3536130 0.3470964 0.3528453 0.3297386 0.3250726 0.3538357 0.3628478 0.3406646 0.3418294 0.4126321 0.3684863 0.3308940 0.3530176 0.3440027 0.3281133 0.3378957 0.3439555 0.2974561 0.3896396 0.3454524 0.3646801 0.3599281 0.3478968 0.3493619 0.3264029 0.3294842 0.3312169 0.3560837 0.3483044 0.3578001 0.3529420 0.3513771 0.3471752 0.3402744 0.3502835 0.3394285 0.3414145 0.3166267 0.3478410 0.3371777 0.3354841 0.3507913 0.3424843 0.3512339 0.3928022 0.3488072 0.3446485 0.3207859 0.3346552 0.3509620 0.3438240 0.3514656 0.3601452 0.3530735 0.3799187 0.4227559 0.3458177 0.3337048 0.3318468 0.3320640 0.3617259 0.3532694 0.3456903 0.3267677 0.3412912 0.3346480 0.3305374 0.3373993 0.4171493 0.3501298 0.3422072 0.3928389 0.3546319 0.3507516 0.3354112 0.3296006 0.3429840 0.3632932 0.3356624 0.3283868 0.3263511 0.3941321 0.3248921 0.3572672 0.3549861 0.3571809 0.3496919 0.3287789 0.3562622 0.2827779 0.3548004 0.3300719 0.3115740 0.3465466 0.3824749 0.3494738 0.3511945 0.3240499 0.3295993 0.3675412 0.3263653 0.3643340 0.3507646 0.3343698 0.3258182 0.3395572 0.3240891 0.3609037 0.3593187 0.3492099 0.3549312 0.3149163 
MYZV          0.2809487 0.1017856 0.0000000 0.4508718 0.7642061 0.3933707 0.3334857 0.3770233 0.5048326 0.3836431 0.3961358 0.4042386 0.4452485 0.3455466 0.3884916 0.3756122 0.3708457 0.3865348 0.3991920 0.3598793 0.3918077 0.4387129 0.3908036 0.4128095 0.4935126 0.4180742 0.4148802 0.3979625 0.3626376 0.3746978 0.3936815 0.3808521 0.4153509 0.3944484 0.3603384 0.4099028 0.4216152 0.3876853 0.3793388 0.4820478 0.4396711 0.3549842 0.3867612 0.3818128 0.3657416 0.3694636 0.4099381 0.3417552 0.4624647 0.4007911 0.4221131 0.4085123 0.4010350 0.4149382 0.3906807 0.3849870 0.3858505 0.4088822 0.3827927 0.4209412 0.4154710 0.4031879 0.3920092 0.3912689 0.4020418 0.3900573 0.3877833 0.3740925 0.4011800 0.3810091 0.3819324 0.4028395 0.3986401 0.4082978 0.4539085 0.4119046 0.4013485 0.3835790 0.3950271 0.4041767 0.3944795 0.4197194 0.3889600 0.4156320 0.4152294 0.4227559 0.4126262 0.3995996 0.3915405 0.3644594 0.4251893 0.4108324 0.3934571 0.3597547 0.4120985 0.3826812 0.3801952 0.3880503 0.4766221 0.3746198 0.3749142 0.4602375 0.4114422 0.4066994 0.4011581 0.3793222 0.4108212 0.4050506 0.3823459 0.3745714 0.3674353 0.4306280 0.3756227 0.4106441 0.4076571 0.4002648 0.4033408 0.3699158 0.4190380 0.3379339 0.4187818 0.3939811 0.3558092 0.4080929 0.4160636 0.4017889 0.3831381 0.3543707 0.3763188 0.3995114 0.3674392 0.3847737 0.4093328 0.3944545 0.3869532 0.4077188 0.3877746 0.4394627 0.4036415 0.3967589 0.4092748 0.3726361 
SRR6441723    0.3717086 0.3793581 0.4508718 0.0000000 0.1795160 0.1013882 0.2028830 0.0952819 0.0878614 0.1048688 0.0742605 0.0975238 0.1626885 0.0861678 0.0630787 0.0920882 0.0997202 0.1108434 0.1272034 0.1319698 0.1048332 0.1476361 0.0883575 0.0565615 0.0757124 0.1404674 0.0971626 0.0885546 0.0837109 0.1184332 0.1061661 0.0916398 0.0731755 0.0969419 0.1153761 0.1274034 0.0977284 0.0896532 0.0965666 0.1249584 0.1350625 0.0949446 0.1016366 0.0856266 0.1079630 0.1001879 0.0957676 0.0632459 0.0960373 0.0650318 0.1359797 0.1388485 0.0913532 0.1351356 0.1049798 0.0908143 0.0801050 0.0738595 0.0912380 0.0720992 0.0742012 0.0863467 0.0730398 0.1067682 0.1156086 0.0956210 0.0923411 0.0765146 0.1133335 0.1080875 0.0885390 0.0873761 0.0946635 0.0926619 0.1296895 0.0788852 0.1353309 0.0808954 0.1235726 0.1085508 0.0992373 0.0995994 0.1356816 0.0729427 0.1466698 0.0998684 0.0908707 0.0546350 0.1272693 0.0848401 0.0837399 0.1323685 0.0894268 0.0896174 0.0724059 0.0900821 0.0881541 0.0909690 0.1537587 0.1054342 0.1057394 0.1068081 0.1293555 0.1282205 0.0897706 0.1212811 0.0574615 0.0658452 0.0888307 0.0830909 0.0894523 0.0961168 0.0930871 0.0962759 0.0784807 0.0706583 0.0994986 0.0836468 0.0758357 0.1124099 0.0746954 0.0899749 0.0818913 0.0757502 0.0783479 0.0539384 0.0853307 0.0842343 0.0834571 0.1078183 0.0886134 0.0844522 0.0569337 0.0614978 0.1042984 0.0832442 0.0822121 0.1423723 0.0686356 0.0546855 0.0916954 0.0751034 
ERR4210213    0.6186049 0.6349489 0.7642061 0.1795160 0.0000000 0.1979855 0.3478020 0.1756145 0.1765984 0.2159402 0.1683162 0.1995533 0.1264395 0.2043398 0.1167964 0.1897035 0.2271736 0.2361630 0.2228839 0.2507431 0.2173701 0.2361327 0.2182278 0.0919463 0.1128012 0.2213018 0.2086069 0.1967705 0.1950937 0.2228754 0.1957940 0.2513681 0.1706276 0.1779423 0.2176962 0.2213018 0.2067325 0.1725101 0.1963647 0.2797724 0.2297866 0.2203889 0.1873430 0.1834829 0.2382447 0.2126522 0.1854841 0.1613147 0.1892835 0.1603453 0.2330841 0.2079549 0.1947276 0.2213018 0.1569682 0.1981087 0.1418577 0.1706276 0.1899084 0.1768105 0.1713774 0.1723566 0.1688480 0.1950521 0.2165971 0.2044988 0.2126075 0.1534023 0.2149384 0.2056230 0.1712839 0.1560795 0.1713996 0.1672328 0.2285777 0.1819217 0.1993183 0.1395981 0.2328470 0.2354367 0.1477365 0.1949004 0.2080304 0.1714735 0.2302626 2.1979419 0.1553246 0.1244499 0.2196286 0.1768112 0.1354629 0.1945853 0.2022575 0.1909498 0.1341925 0.2188422 0.1989605 0.2057975 0.2329626 0.2035502 0.2387036 0.2679984 0.2233629 0.2125889 0.1967085 0.2296526 0.1154498 0.1252643 0.2009164 0.1844114 0.1993378 0.1459848 0.1764381 0.2300080 0.1191194 0.1147189 0.2483256 0.1818587 0.1757542 0.2564122 0.1819217 0.1883469 0.1744478 0.1762382 0.1162713 0.1300435 0.1818877 0.2011430 0.1779164 0.2435382 0.1754716 0.1553772 0.1338323 0.1006505 0.1804840 0.1676330 0.1725547 0.2886279 0.1428599 0.1253081 0.1870619 0.1634898 
ERR2789774    0.3735053 0.3545549 0.3933707 0.1013882 0.1979855 0.0000000 0.2128681 0.0615429 0.0998609 0.0936590 0.0772683 0.0403391 0.1586471 0.0853300 0.0819852 0.0396833 0.0660874 0.1048224 0.1253627 0.1304442 0.0927358 0.1420225 0.0926988 0.0856060 0.1145481 0.1279485 0.0801714 0.0327236 0.0337762 0.1129822 0.0713110 0.0878325 0.0795917 0.0763576 0.1048911 0.1234135 0.0966102 0.1016162 0.0681705 0.1124602 0.1272314 0.0853420 0.0440768 0.0310174 0.1044971 0.0901399 0.0907392 0.0401166 0.0399692 0.0730555 0.1308532 0.1446759 0.0616964 0.1366162 0.1091542 0.0422355 0.0828781 0.0804913 0.0343059 0.0806058 0.0827993 0.0989192 0.0799891 0.0963376 0.1027066 0.0928031 0.0910579 0.0819021 0.1108112 0.1000309 0.0961820 0.0932316 0.0987049 0.0966755 0.0935131 0.0820439 0.1370716 0.0826609 0.1022324 0.1057228 0.0979785 0.1019855 0.1367385 0.0814660 0.1508296 0.0968752 0.0988411 0.0943904 0.1068909 0.0540579 0.0999036 0.1341122 0.0344421 0.0560997 0.0727290 0.0927389 0.0886554 0.0891317 0.1398188 0.0984813 0.1025116 0.1017507 0.1194438 0.1232119 0.0379493 0.1035720 0.0917548 0.0868718 0.0354712 0.0329805 0.0524317 0.1131293 0.0544588 0.0973362 0.0961441 0.0930257 0.1001699 0.0470080 0.0844599 0.1090027 0.0798992 0.0898952 0.0272622 0.0807634 0.0934244 0.0888472 0.0411018 0.0771182 0.0451314 0.0970512 0.0529771 0.0556894 0.0930788 0.0874880 0.1006863 0.0889677 0.0869670 0.1427713 0.0770593 0.0915355 0.0731578 0.0816122 
PAFTOL_019361 0.3003632 0.2626591 0.3334857 0.2028830 0.3478020 0.2128681 0.0000000 0.1916456 0.1870254 0.1974035 0.1762103 0.2087060 0.2598505 0.1745435 0.1788207 0.2069420 0.1936102 0.1972928 0.2094484 0.2166726 0.1955466 0.2262512 0.1789040 0.1845304 0.2347337 0.2338475 0.1797777 0.2021450 0.1978502 0.2059858 0.2091410 0.1904068 0.1733659 0.1825664 0.1837609 0.2079186 0.2021257 0.1895501 0.1912124 0.2202867 0.2146617 0.1891443 0.2163341 0.1914717 0.2025419 0.1948491 0.1967381 0.1490588 0.2154330 0.1741197 0.2134820 0.2145371 0.1913124 0.2196033 0.1888512 0.1960134 0.1772199 0.1742765 0.2016823 0.1720279 0.1711944 0.1809595 0.1823100 0.1958202 0.1974550 0.1932974 0.1841897 0.1639663 0.2112731 0.1892877 0.1849652 0.1819114 0.1880851 0.1828869 0.2150502 0.1859289 0.2070771 0.1718377 0.2077663 0.2003239 0.1939138 0.2005727 0.2112619 0.1743299 0.2228905 0.2103667 0.1845224 0.1784684 0.2135402 0.1784007 0.1900468 0.2046153 0.2020363 0.2007519 0.1733840 0.1848332 0.1898108 0.1858971 0.2303897 0.1922113 0.1981150 0.2081889 0.2005504 0.1995388 0.2019983 0.2024723 0.1836321 0.1786990 0.1963821 0.1993015 0.1877726 0.1966598 0.1925527 0.1886904 0.1924929 0.1707161 0.1993433 0.1907248 0.1784630 0.1824513 0.1848526 0.1876058 0.1964908 0.1816641 0.1882487 0.1902640 0.2089947 0.1885913 0.1806300 0.2125500 0.1885854 0.1904162 0.1859742 0.1877716 0.1972392 0.1738664 0.1731788 0.2192396 0.1771323 0.1906663 0.1895041 0.1666600 
S0055         0.3430439 0.3266158 0.3770233 0.0952819 0.1756145 0.0615429 0.1916456 0.0000000 0.0785060 0.0911337 0.0667666 0.0563924 0.1419277 0.0729151 0.0659103 0.0522147 0.0693150 0.0940598 0.1164668 0.1165040 0.0838485 0.1301540 0.0784276 0.0763153 0.0980540 0.1242914 0.0736002 0.0484003 0.0477238 0.1026903 0.0556096 0.0764699 0.0657086 0.0708313 0.1092512 0.1155949 0.0840077 0.0871014 0.0572853 0.1062838 0.0880068 0.0760334 0.0596891 0.0483991 0.0907192 0.0828228 0.0843863 0.0273072 0.0579996 0.0633671 0.1217417 0.1362488 0.0464464 0.1231106 0.0969916 0.0538425 0.0713707 0.0673177 0.0482686 0.0655773 0.0639507 0.0841234 0.0703428 0.0841452 0.1008129 0.0832955 0.0835776 0.0669407 0.1012945 0.0879659 0.0872397 0.0815059 0.0855130 0.0845354 0.0967082 0.0765807 0.1235880 0.0664434 0.1005998 0.0816887 0.0881651 0.0911594 0.1274971 0.0664143 0.1388364 0.0955839 0.0897857 0.0817817 0.1042207 0.0453776 0.0901008 0.1239161 0.0466027 0.0475709 0.0609548 0.0819527 0.0792128 0.0818342 0.1367093 0.0818020 0.0927725 0.0945851 0.1101993 0.1138302 0.0494058 0.1016241 0.0820277 0.0696300 0.0476609 0.0442250 0.0301302 0.0959922 0.0363128 0.0879787 0.0802856 0.0736615 0.0848825 0.0448341 0.0692537 0.0987304 0.0724160 0.0818703 0.0455543 0.0704795 0.0813641 0.0792216 0.0543186 0.0636120 0.0395235 0.0870151 0.0410671 0.0412118 0.0844895 0.0816531 0.0910482 0.0789170 0.0745776 0.1391870 0.0656968 0.0799557 0.0676239 0.0685587 
S0196sl       0.4425421 0.4050133 0.5048326 0.0878614 0.1765984 0.0998609 0.1870254 0.0785060 0.0000000 0.0856211 0.0300205 0.0858637 0.1322117 0.0717651 0.0626009 0.0839892 0.0921755 0.0901564 0.1205241 0.1195305 0.0782717 0.1394884 0.0741800 0.0626527 0.0677929 0.1260040 0.0767042 0.0787914 0.0744759 0.0981172 0.0834683 0.0783762 0.0120347 0.0698383 0.1229844 0.1169342 0.0859379 0.0755266 0.0824108 0.1013746 0.0961644 0.0790363 0.0927554 0.0765822 0.0908983 0.0903297 0.0864513 0.0440927 0.0922492 0.0245214 0.1270160 0.1264293 0.0774115 0.1260477 0.0758175 0.0847718 0.0537425 0.0120035 0.0820349 0.0110794 0.0110886 0.0720071 0.0328946 0.0939240 0.0995863 0.0863351 0.0805650 0.0651281 0.1009040 0.0907125 0.0755528 0.0700212 0.0712422 0.0757187 0.1063632 0.0431130 0.1204570 0.0512486 0.1014589 0.0875977 0.0810678 0.0798621 0.1163320 0.0120033 0.1311347 0.0922369 0.0772374 0.0750372 0.1059371 0.0702603 0.0902840 0.1146501 0.0787388 0.0788922 0.0570362 0.0764371 0.0802231 0.0785089 0.1463968 0.0908124 0.0933719 0.0919328 0.1141304 0.1118638 0.0801251 0.1001478 0.0692569 0.0659740 0.0768397 0.0767874 0.0774606 0.0902425 0.0679886 0.0888300 0.0764653 0.0696570 0.0832644 0.0708218 0.0148388 0.0986971 0.0387140 0.0854759 0.0754210 0.0387972 0.0741119 0.0727298 0.0798194 0.0552481 0.0647742 0.0868587 0.0712978 0.0652459 0.0698125 0.0743199 0.0856738 0.0622379 0.0673858 0.1301158 0.0421168 0.0702982 0.0631453 0.0625526 
S0278         0.3622277 0.3623881 0.3836431 0.1048688 0.2159402 0.0936590 0.1974035 0.0911337 0.0856211 0.0000000 0.0812605 0.0898362 0.1430546 0.0357746 0.0817620 0.0923356 0.0985334 0.0377783 0.1263662 0.1265167 0.0467310 0.1412419 0.0383237 0.0899736 0.1049992 0.1314705 0.0926527 0.0838503 0.0839919 0.0518896 0.0936091 0.0379626 0.0780021 0.0920044 0.0549732 0.1232358 0.0555577 0.0933182 0.1014853 0.1231057 0.1047739 0.0365761 0.0926316 0.0809176 0.0518922 0.0440120 0.0618803 0.0568104 0.0930264 0.0701086 0.1318337 0.1276912 0.0883733 0.1365217 0.1064859 0.0819687 0.0839077 0.0787596 0.0836070 0.0769412 0.0779469 0.0962133 0.0772124 0.0443467 0.1158940 0.0592242 0.0448235 0.0818739 0.0523361 0.1000464 0.0954481 0.0924779 0.0957327 0.0978278 0.1317913 0.0905304 0.1211108 0.0817236 0.1106602 0.1116029 0.1052867 0.1060295 0.1226332 0.0778093 0.1297976 0.0746024 0.0988796 0.0952455 0.1142295 0.0796560 0.1001931 0.1217512 0.0837381 0.0882313 0.0664436 0.0350826 0.0550533 0.0565649 0.1458567 0.0451439 0.0378937 0.1086036 0.1156007 0.1217347 0.0880263 0.1094686 0.0927167 0.0835046 0.0792311 0.0791122 0.0809848 0.1075032 0.0794728 0.0476652 0.0963020 0.0889261 0.0425635 0.0790954 0.0808141 0.0484887 0.0860342 0.0593476 0.0810532 0.0860695 0.0931862 0.0931071 0.0800492 0.0305972 0.0717190 0.0478864 0.0825037 0.0768616 0.0933888 0.0966143 0.0640747 0.0898809 0.0866775 0.1445903 0.0761832 0.0939261 0.0891547 0.0832261 
S0281         0.3529673 0.3339428 0.3961358 0.0742605 0.1683162 0.0772683 0.1762103 0.0667666 0.0300205 0.0812605 0.0000000 0.0706944 0.1219787 0.0650504 0.0508759 0.0710689 0.0727320 0.0837667 0.0991243 0.0939302 0.0720168 0.1156045 0.0727509 0.0535439 0.0754915 0.1062900 0.0682229 0.0641079 0.0622552 0.0905811 0.0699483 0.0677797 0.0222403 0.0653401 0.1068143 0.0992851 0.0781474 0.0658581 0.0686630 0.0849348 0.0835613 0.0689226 0.0772284 0.0650218 0.0838877 0.0729529 0.0738052 0.0358233 0.0779695 0.0187895 0.1072871 0.1081633 0.0602189 0.1073335 0.0672803 0.0680156 0.0469910 0.0229871 0.0666996 0.0205398 0.0230678 0.0648570 0.0241895 0.0853365 0.0831110 0.0708706 0.0739584 0.0549761 0.0868433 0.0734379 0.0630919 0.0631996 0.0614065 0.0641500 0.1101860 0.0315415 0.1017055 0.0503936 0.0845398 0.0758025 0.0690874 0.0703588 0.1012028 0.0213567 0.1120754 0.0843527 0.0682712 0.0646011 0.0882184 0.0571368 0.0712194 0.1009349 0.0658686 0.0642381 0.0464588 0.0694464 0.0667454 0.0645026 0.1229859 0.0810109 0.0803611 0.0716385 0.0961199 0.0962666 0.0680018 0.0856523 0.0573066 0.0517894 0.0652123 0.0625070 0.0640366 0.0788216 0.0445539 0.0749257 0.0639065 0.0591535 0.0728846 0.0566449 0.0246593 0.0829821 0.0289012 0.0682449 0.0612916 0.0288457 0.0628098 0.0536694 0.0695952 0.0533527 0.0540636 0.0816674 0.0579939 0.0600145 0.0640434 0.0612238 0.0840423 0.0602651 0.0576468 0.1102659 0.0332588 0.0544253 0.0598623 0.0537459 
S0282         0.3653261 0.3603403 0.4042386 0.0975238 0.1995533 0.0403391 0.2087060 0.0563924 0.0858637 0.0898362 0.0706944 0.0000000 0.1469293 0.0776411 0.0744483 0.0243136 0.0596171 0.0987968 0.1210242 0.1192845 0.0892284 0.1325218 0.0870356 0.0798794 0.1022262 0.1319572 0.0758925 0.0161921 0.0243876 0.1078042 0.0645971 0.0831777 0.0666319 0.0749268 0.1112049 0.1201477 0.0886143 0.0924192 0.0619072 0.1015865 0.1138097 0.0787240 0.0429548 0.0218133 0.0985078 0.0886126 0.0841258 0.0343870 0.0246997 0.0645651 0.1242233 0.1298836 0.0556358 0.1320845 0.1023750 0.0358704 0.0763109 0.0674548 0.0185330 0.0675983 0.0696691 0.0931067 0.0695847 0.0947261 0.0975186 0.0839860 0.0885854 0.0785656 0.1020453 0.0921524 0.0884510 0.0865017 0.0906388 0.0867226 0.0893836 0.0755979 0.1239403 0.0729605 0.1002844 0.0970401 0.0920305 0.0949549 0.1235608 0.0684391 0.1348415 0.0857813 0.0939182 0.0889687 0.1038950 0.0464881 0.0930558 0.1189783 0.0217912 0.0492762 0.0664068 0.0877560 0.0799058 0.0803996 0.1362945 0.0916133 0.0965050 0.0894183 0.1147587 0.1186229 0.0267913 0.0993251 0.0861062 0.0782546 0.0219033 0.0219809 0.0465859 0.1025744 0.0433658 0.0886928 0.0891731 0.0861970 0.0930509 0.0413116 0.0713021 0.1029515 0.0735556 0.0832290 0.0132373 0.0734850 0.0856991 0.0842226 0.0379481 0.0713751 0.0439831 0.0922353 0.0446003 0.0477453 0.0886077 0.0867195 0.0925713 0.0831559 0.0842983 0.1367628 0.0678253 0.0830307 0.0726654 0.0761900 
S0288         0.3751488 0.3443413 0.4452485 0.1626885 0.1264395 0.1586471 0.2598505 0.1419277 0.1322117 0.1430546 0.1219787 0.1469293 0.0000000 0.1179881 0.1259206 0.1462064 0.1341901 0.1629703 0.0183260 0.0932883 0.1419225 0.0214566 0.1350948 0.1243740 0.1264762 0.0228272 0.1433176 0.1415570 0.1289191 0.1551968 0.1436534 0.1454243 0.1337826 0.1426846 0.1355368 0.0126117 0.1431836 0.1495838 0.1282535 0.1077811 0.0165138 0.1330325 0.1631682 0.1392449 0.1503531 0.1480365 0.1331728 0.1004656 0.1481373 0.1165695 0.0244181 0.1754298 0.1294879 0.0212621 0.1396878 0.1562666 0.1326612 0.1313961 0.1452670 0.1358120 0.1360168 0.1566965 0.1253464 0.1540813 0.1063250 0.1428185 0.1112125 0.1271268 0.1171115 0.0494710 0.1571090 0.1545026 0.1491498 0.1419913 0.1423991 0.1352848 0.1743326 0.1301936 0.0996501 0.0666083 0.1599635 0.1642199 0.1831205 0.1354989 0.1951446 0.1496170 0.1550103 0.1329169 0.1026338 0.1246175 0.1336700 0.1693628 0.1476961 0.1304385 0.1256872 0.1411418 0.1391212 0.1358869 0.0169328 0.1568421 0.1543480 0.0886783 0.0070058 0.0128592 0.1416845 0.0955408 0.1258356 0.1347690 0.1423698 0.1391110 0.1313494 0.1669419 0.0898472 0.1399075 0.1604635 0.1446926 0.1363309 0.1078598 0.1411880 0.1665318 0.1302995 0.1429781 0.1440410 0.1284489 0.1370657 0.1422302 0.1491863 0.0899658 0.1155727 0.1602850 0.1204200 0.1197223 0.1333344 0.1348638 0.1493623 0.1418999 0.1242049 0.1804912 0.1174113 0.1432140 0.1332008 0.1184849 
S0289         0.3066510 0.3033673 0.3455466 0.0861678 0.2043398 0.0853300 0.1745435 0.0729151 0.0717651 0.0357746 0.0650504 0.0776411 0.1179881 0.0000000 0.0681022 0.0800936 0.0877534 0.0335565 0.1058967 0.1074277 0.0284773 0.1196837 0.0242008 0.0721941 0.0901991 0.1117971 0.0826239 0.0737151 0.0718011 0.0402100 0.0803343 0.0314031 0.0622976 0.0829304 0.0445937 0.1048516 0.0418076 0.0829097 0.0832507 0.1036710 0.0859867 0.0195528 0.0802732 0.0699277 0.0404417 0.0389106 0.0488218 0.0457275 0.0820662 0.0556862 0.1142211 0.1174076 0.0781647 0.1146832 0.0927729 0.0699323 0.0678502 0.0639061 0.0754856 0.0621696 0.0642561 0.0787208 0.0638468 0.0411626 0.0979846 0.0462065 0.0406501 0.0643975 0.0406537 0.0858371 0.0801152 0.0780510 0.0842891 0.0832927 0.1185604 0.0739960 0.1087406 0.0687545 0.0977892 0.0825056 0.0864798 0.0854253 0.1132742 0.0629646 0.1206274 0.0631080 0.0833607 0.0797058 0.1013526 0.0675861 0.0887809 0.1114765 0.0707998 0.0759373 0.0591678 0.0232540 0.0430110 0.0436604 0.1253432 0.0429152 0.0337246 0.0896757 0.0983630 0.1042495 0.0749469 0.0964709 0.0789998 0.0688112 0.0710865 0.0700348 0.0691074 0.0931094 0.0577102 0.0415509 0.0852044 0.0759914 0.0282645 0.0701494 0.0659312 0.0373853 0.0707992 0.0445162 0.0699214 0.0707951 0.0822754 0.0732215 0.0718517 0.0156094 0.0615914 0.0464432 0.0686681 0.0619613 0.0785439 0.0825403 0.0512972 0.0733663 0.0662333 0.1281424 0.0633402 0.0739836 0.0743800 0.0660743 
S0292         0.3469630 0.3464845 0.3884916 0.0630787 0.1167964 0.0819852 0.1788207 0.0659103 0.0626009 0.0817620 0.0508759 0.0744483 0.1259206 0.0681022 0.0000000 0.0692093 0.0767289 0.0863354 0.1064375 0.1037109 0.0777644 0.1190902 0.0714088 0.0432042 0.0633205 0.1094440 0.0729309 0.0660169 0.0641947 0.0892398 0.0737717 0.0714926 0.0475284 0.0748562 0.1057789 0.1055748 0.0741918 0.0597048 0.0744574 0.1018478 0.0848952 0.0751753 0.0819378 0.0641752 0.0845711 0.0786184 0.0717969 0.0388988 0.0769169 0.0420268 0.1135928 0.1053707 0.0677399 0.1170595 0.0768229 0.0690005 0.0510267 0.0447836 0.0685993 0.0465657 0.0484591 0.0669395 0.0481014 0.0819500 0.0977976 0.0726283 0.0747493 0.0496181 0.0866880 0.0806618 0.0596291 0.0616463 0.0654206 0.0615641 0.1132173 0.0575871 0.1000776 0.0526334 0.1005818 0.0840749 0.0733482 0.0733256 0.1039407 0.0473814 0.1154543 0.0775398 0.0675603 0.0510372 0.1041974 0.0581969 0.0345316 0.0992985 0.0668518 0.0681004 0.0422081 0.0693868 0.0676344 0.0672554 0.1271000 0.0773853 0.0853635 0.0872784 0.1004787 0.1027966 0.0689677 0.0984946 0.0501737 0.0068624 0.0652928 0.0617001 0.0668836 0.0406534 0.0566523 0.0787493 0.0203167 0.0107728 0.0778893 0.0641473 0.0500596 0.0846776 0.0537103 0.0700348 0.0622813 0.0518996 0.0254726 0.0465889 0.0678356 0.0575231 0.0578624 0.0836420 0.0626341 0.0592338 0.0513905 0.0531742 0.0797813 0.0576207 0.0567304 0.1220475 0.0439361 0.0457339 0.0688892 0.0510821 
S0293         0.3591772 0.3368691 0.3756122 0.0920882 0.1897035 0.0396833 0.2069420 0.0522147 0.0839892 0.0923356 0.0710689 0.0243136 0.1462064 0.0800936 0.0692093 0.0000000 0.0561523 0.0983248 0.1206527 0.1199712 0.0857618 0.1347979 0.0843486 0.0776589 0.0966419 0.1284795 0.0762896 0.0170720 0.0236880 0.1063186 0.0629879 0.0807138 0.0678920 0.0763163 0.1050022 0.1197724 0.0869998 0.0900330 0.0585627 0.1075669 0.1054312 0.0780590 0.0389035 0.0211114 0.0937275 0.0851084 0.0853070 0.0328422 0.0274485 0.0667176 0.1249513 0.1289234 0.0541237 0.1285022 0.0964665 0.0334687 0.0728910 0.0697019 0.0194151 0.0688667 0.0690889 0.0886922 0.0737429 0.0953085 0.1033740 0.0873427 0.0847926 0.0761084 0.0990875 0.0936635 0.0859977 0.0802380 0.0881666 0.0852288 0.0809352 0.0779489 0.1210942 0.0667622 0.1028785 0.0974784 0.0864036 0.0925213 0.1228277 0.0697126 0.1353004 0.0879423 0.0895357 0.0855456 0.1065167 0.0467185 0.0905759 0.1203214 0.0194359 0.0468036 0.0658283 0.0852869 0.0822691 0.0837203 0.1370752 0.0878657 0.0939912 0.0952431 0.1154297 0.1179230 0.0260995 0.1052642 0.0826894 0.0720439 0.0211428 0.0196565 0.0442359 0.0977761 0.0423652 0.0881805 0.0838081 0.0789952 0.0896610 0.0406909 0.0725988 0.1001071 0.0758223 0.0835032 0.0132826 0.0748039 0.0830867 0.0798474 0.0362076 0.0680794 0.0433095 0.0925245 0.0456884 0.0498167 0.0851751 0.0803960 0.0951460 0.0795930 0.0799112 0.1299764 0.0672392 0.0815468 0.0701641 0.0746961 
S0294         0.3380516 0.3377963 0.3708457 0.0997202 0.2271736 0.0660874 0.1936102 0.0693150 0.0921755 0.0985334 0.0727320 0.0596171 0.1341901 0.0877534 0.0767289 0.0561523 0.0000000 0.1028615 0.1214780 0.1193175 0.1000903 0.1388303 0.0972945 0.0811479 0.1117899 0.1217952 0.0761294 0.0540845 0.0513543 0.1106370 0.0689375 0.0899127 0.0734688 0.0762716 0.1357272 0.1194613 0.0972772 0.1031624 0.0644104 0.1142198 0.0993111 0.0890348 0.0637630 0.0540828 0.1113725 0.1003172 0.0988608 0.0383756 0.0653084 0.0712118 0.1257305 0.1277944 0.0588324 0.1307009 0.0999182 0.0531714 0.0837944 0.0741788 0.0548535 0.0723476 0.0745354 0.0940558 0.0755913 0.1048560 0.1005736 0.0957409 0.1021049 0.0860054 0.1026653 0.0925068 0.0998821 0.0937393 0.1022533 0.0980518 0.0671647 0.0830707 0.1298644 0.0701199 0.1015418 0.0975424 0.1083621 0.1129282 0.1254148 0.0732248 0.1356786 0.1127379 0.0985178 0.0906486 0.1065102 0.0557202 0.1016178 0.1235437 0.0540113 0.0609559 0.0753216 0.0928692 0.0904136 0.0888486 0.1427626 0.1005361 0.1067271 0.1015369 0.1128214 0.1164440 0.0560029 0.1050719 0.0889069 0.0794917 0.0523869 0.0487526 0.0568584 0.0976258 0.0429396 0.1016188 0.0900949 0.0875595 0.1021209 0.0492904 0.0762345 0.1008953 0.0797165 0.0969546 0.0493106 0.0794168 0.0869898 0.0866845 0.0471475 0.0814390 0.0534962 0.1011449 0.0538123 0.0607132 0.0848402 0.0847666 0.1032534 0.0868255 0.0910464 0.1308480 0.0756011 0.0874414 0.0694586 0.0877028 
S0299         0.3268195 0.3378986 0.3865348 0.1108434 0.2361630 0.1048224 0.1972928 0.0940598 0.0901564 0.0377783 0.0837667 0.0987968 0.1629703 0.0335565 0.0863354 0.0983248 0.1028615 0.0000000 0.1319024 0.1340850 0.0373416 0.1492410 0.0357203 0.0937342 0.1052359 0.1441907 0.1009104 0.0906939 0.0866841 0.0451727 0.0966125 0.0432262 0.0835885 0.1013726 0.0712671 0.1284424 0.0596073 0.1024647 0.1048015 0.1333453 0.1069162 0.0252541 0.0986085 0.0877145 0.0512274 0.0456820 0.0674656 0.0605506 0.0991886 0.0745144 0.1384837 0.1385993 0.0953086 0.1434024 0.1082675 0.0877939 0.0888746 0.0842700 0.0914210 0.0824426 0.0846718 0.0969781 0.0815333 0.0505153 0.1190644 0.0647634 0.0506556 0.0886549 0.0480315 0.1073327 0.1026054 0.0949986 0.1038825 0.1059325 0.1373042 0.0950784 0.1286801 0.0864437 0.1191425 0.1090834 0.1097710 0.1065980 0.1342945 0.0832265 0.1428598 0.0771775 0.1095490 0.1009214 0.1227271 0.0833559 0.1061820 0.1311972 0.0885986 0.0932857 0.0719888 0.0356407 0.0625315 0.0640284 0.1540962 0.0487419 0.0412970 0.1170536 0.1257985 0.1296743 0.0949443 0.1168721 0.0985058 0.0870962 0.0880004 0.0878558 0.0849769 0.1105796 0.0777259 0.0568383 0.0999870 0.0936787 0.0429217 0.0822573 0.0863504 0.0416214 0.0905373 0.0668145 0.0890650 0.0924257 0.0972793 0.0968390 0.0911277 0.0272537 0.0736061 0.0537109 0.0853572 0.0735215 0.0981614 0.0985153 0.0701222 0.0940438 0.0906081 0.1363176 0.0827390 0.0975726 0.0900424 0.0871110 
S0303         0.3735340 0.3442060 0.3991920 0.1272034 0.2228839 0.1253627 0.2094484 0.1164668 0.1205241 0.1263662 0.0991243 0.1210242 0.0183260 0.1058967 0.1064375 0.1206527 0.1214780 0.1319024 0.0000000 0.0922964 0.1236079 0.0179983 0.1142687 0.1057950 0.1363255 0.0085926 0.1133565 0.1124873 0.1082286 0.1423605 0.1191430 0.1200710 0.1056060 0.1113918 0.1364619 0.0107082 0.1230462 0.1259988 0.1092135 0.1017683 0.0092362 0.1162488 0.1220761 0.1114516 0.1292625 0.1230589 0.1180856 0.0776560 0.1265314 0.0939126 0.0107470 0.1510284 0.1060882 0.0114677 0.1273990 0.1167311 0.1129855 0.1043112 0.1142561 0.1044511 0.1068595 0.1322950 0.0996470 0.1290812 0.0930244 0.1168373 0.1089307 0.1082516 0.1278050 0.0415163 0.1272475 0.1284232 0.1278795 0.1232837 0.1389883 0.1061486 0.1513764 0.1104806 0.0939285 0.0796126 0.1321922 0.1356381 0.1543000 0.1053399 0.1631139 0.1285714 0.1325165 0.1122244 0.0953736 0.1009129 0.1092848 0.1453925 0.1133899 0.1122736 0.1076540 0.1184273 0.1126084 0.1108108 0.0293571 0.1287083 0.1340837 0.0800690 0.0117293 0.0141489 0.1170284 0.0907774 0.1058302 0.1126816 0.1128463 0.1073373 0.1107768 0.1387266 0.0818970 0.1238180 0.1272689 0.1191187 0.1255042 0.0994458 0.1085557 0.1366366 0.1024644 0.1202828 0.1121375 0.1013455 0.1182482 0.1115484 0.1173019 0.0895945 0.0995225 0.1322700 0.1051521 0.1038522 0.1174615 0.1147848 0.1326788 0.1221244 0.1111009 0.1621270 0.1023945 0.1123604 0.1132592 0.0993223 
S0308         0.3465087 0.3370268 0.3598793 0.1319698 0.2507431 0.1304442 0.2166726 0.1165040 0.1195305 0.1265167 0.0939302 0.1192845 0.0932883 0.1074277 0.1037109 0.1199712 0.1193175 0.1340850 0.0922964 0.0000000 0.1258038 0.1047307 0.1209794 0.1084967 0.1351481 0.0911431 0.1153558 0.1142892 0.1101652 0.1487758 0.1227580 0.1217208 0.1050173 0.1173499 0.1361563 0.0904600 0.1224266 0.1235512 0.1126840 0.1031102 0.0751655 0.1139665 0.1239045 0.1142821 0.1331665 0.1202811 0.1216832 0.0862926 0.1307338 0.0931968 0.0978458 0.1510691 0.1133578 0.0985215 0.1295681 0.1220383 0.1084251 0.1036329 0.1129036 0.1037714 0.1051495 0.1248160 0.1031712 0.1288214 0.0866421 0.1204385 0.1163099 0.1072819 0.1330306 0.0661536 0.1239213 0.1224063 0.1276898 0.1180006 0.1591583 0.1061648 0.1457523 0.1109846 0.0931012 0.0896363 0.1270006 0.1322100 0.1443622 0.1036326 0.1575097 0.1351096 0.1214183 0.1205908 0.0955364 0.1039676 0.1162261 0.1443055 0.1162239 0.1115482 0.1090428 0.1211022 0.1161905 0.1165679 0.1107923 0.1254659 0.1290573 0.0831853 0.0865013 0.0874447 0.1177823 0.0863222 0.1112957 0.1109519 0.1177838 0.1113385 0.1088344 0.1340650 0.0900992 0.1232167 0.1212665 0.1173801 0.1270175 0.1079625 0.1078820 0.1272171 0.1017727 0.1151955 0.1150090 0.1016643 0.1215221 0.1137521 0.1274660 0.0952166 0.1032796 0.1331229 0.1041322 0.1084930 0.1200737 0.1176846 0.1336015 0.1199222 0.1163138 0.1692370 0.0987661 0.1127481 0.1160740 0.1107142 
S0320         0.3158982 0.3392572 0.3918077 0.1048332 0.2173701 0.0927358 0.1955466 0.0838485 0.0782717 0.0467310 0.0720168 0.0892284 0.1419225 0.0284773 0.0777644 0.0857618 0.1000903 0.0373416 0.1236079 0.1258038 0.0000000 0.1391127 0.0305499 0.0839213 0.1047357 0.1280598 0.0923295 0.0803748 0.0756441 0.0456644 0.0922745 0.0352363 0.0678408 0.0944722 0.0517562 0.1227210 0.0511041 0.0922555 0.0929824 0.1189686 0.1030686 0.0268218 0.0869905 0.0765215 0.0441950 0.0491876 0.0579087 0.0545706 0.0904196 0.0647354 0.1300074 0.1309094 0.0880063 0.1326386 0.0972949 0.0746795 0.0769657 0.0706097 0.0811073 0.0688270 0.0709415 0.0866952 0.0737002 0.0477155 0.1154432 0.0543717 0.0525936 0.0740385 0.0450081 0.1028135 0.0913693 0.0863537 0.0936210 0.0915857 0.1314424 0.0850641 0.1219096 0.0757321 0.1133800 0.0975936 0.0980826 0.0927896 0.1223964 0.0696112 0.1318133 0.0686138 0.0947659 0.0986509 0.1180239 0.0763357 0.1018308 0.1204126 0.0773778 0.0899791 0.0655822 0.0287343 0.0513666 0.0537762 0.1463755 0.0468488 0.0429047 0.1071908 0.1173020 0.1197596 0.0823000 0.1121738 0.0905722 0.0785317 0.0777062 0.0777050 0.0778947 0.1070682 0.0726813 0.0537201 0.0961525 0.0859316 0.0304957 0.0810116 0.0726026 0.0403503 0.0816461 0.0564839 0.0776790 0.0796278 0.0910270 0.0855778 0.0831224 0.0228971 0.0725831 0.0575876 0.0780925 0.0746870 0.0893314 0.0975679 0.0560809 0.0836589 0.0769081 0.1379883 0.0690597 0.0863190 0.0869690 0.0754922 
S0322         0.4033818 0.4034970 0.4387129 0.1476361 0.2361327 0.1420225 0.2262512 0.1301540 0.1394884 0.1412419 0.1156045 0.1325218 0.0214566 0.1196837 0.1190902 0.1347979 0.1388303 0.1492410 0.0179983 0.1047307 0.1391127 0.0000000 0.1317057 0.1236874 0.1461547 0.0166272 0.1248297 0.1294813 0.1239121 0.1589461 0.1329426 0.1380322 0.1156948 0.1254385 0.1457099 0.0220556 0.1346729 0.1418377 0.1227678 0.1066863 0.0201985 0.1318685 0.1363210 0.1251199 0.1466355 0.1387935 0.1305858 0.0911986 0.1386706 0.1075345 0.0213012 0.1654814 0.1173583 0.0236755 0.1453500 0.1328404 0.1271530 0.1179259 0.1302015 0.1180882 0.1206498 0.1484073 0.1119783 0.1461716 0.1046085 0.1285748 0.1259982 0.1221454 0.1381556 0.0537713 0.1429639 0.1443924 0.1437865 0.1375083 0.1481564 0.1199381 0.1656888 0.1276479 0.1053375 0.0957921 0.1433098 0.1516985 0.1688525 0.1190024 0.1718423 0.1231857 0.1476239 0.1294139 0.1067729 0.1185560 0.1196258 0.1595176 0.1293154 0.1283434 0.1246834 0.1351031 0.1264576 0.1231937 0.0390643 0.1449604 0.1530654 0.0913115 0.0217093 0.0250456 0.1331869 0.1033966 0.1237026 0.1256149 0.1255322 0.1242563 0.1253448 0.1529547 0.0981354 0.1383461 0.1407462 0.1323550 0.1360685 0.1159584 0.1223839 0.1523492 0.1160121 0.1331826 0.1271567 0.1158939 0.1303742 0.1275813 0.1301924 0.1042095 0.1141342 0.1414909 0.1152573 0.1178261 0.1361013 0.1309944 0.1415514 0.1383417 0.1226779 0.1795249 0.1123570 0.1295767 0.1288449 0.1136967 
S0327         0.3317706 0.3397226 0.3908036 0.0883575 0.2182278 0.0926988 0.1789040 0.0784276 0.0741800 0.0383237 0.0727509 0.0870356 0.1350948 0.0242008 0.0714088 0.0843486 0.0972945 0.0357203 0.1142687 0.1209794 0.0305499 0.1317057 0.0000000 0.0764707 0.0928632 0.1255084 0.0838463 0.0773947 0.0775087 0.0411622 0.0876566 0.0279843 0.0687846 0.0861584 0.0370793 0.1134161 0.0398833 0.0856002 0.0914578 0.1127448 0.0961336 0.0243646 0.0858132 0.0745445 0.0398791 0.0379116 0.0546947 0.0471731 0.0867993 0.0596620 0.1216365 0.1248981 0.0805325 0.1251293 0.0937930 0.0746058 0.0726560 0.0694761 0.0781097 0.0677227 0.0697975 0.0833294 0.0706725 0.0392541 0.1060944 0.0494641 0.0385363 0.0689095 0.0439601 0.0950643 0.0866712 0.0838060 0.0887583 0.0866440 0.1240609 0.0777856 0.1140764 0.0664117 0.1068100 0.0942894 0.0949403 0.0956384 0.1173326 0.0685652 0.1301099 0.0648291 0.0921897 0.0819330 0.1102910 0.0685134 0.0919665 0.1167747 0.0751975 0.0814083 0.0616706 0.0229051 0.0463464 0.0487264 0.1362117 0.0382208 0.0359858 0.0988631 0.1081703 0.1128452 0.0814046 0.1068235 0.0791110 0.0731980 0.0755114 0.0746606 0.0717109 0.1004360 0.0664310 0.0432302 0.0862062 0.0783339 0.0278514 0.0728394 0.0714332 0.0383751 0.0755602 0.0522538 0.0746948 0.0745467 0.0833364 0.0744597 0.0794574 0.0228650 0.0682827 0.0460790 0.0730829 0.0691232 0.0786069 0.0856815 0.0536674 0.0778909 0.0726229 0.1352794 0.0670248 0.0742535 0.0780307 0.0694092 
S0335         0.3690788 0.3596241 0.4128095 0.0565615 0.0919463 0.0856060 0.1845304 0.0763153 0.0626527 0.0899736 0.0535439 0.0798794 0.1243740 0.0721941 0.0432042 0.0776589 0.0811479 0.0937342 0.1057950 0.1084967 0.0839213 0.1236874 0.0764707 0.0000000 0.0464203 0.1055551 0.0794252 0.0724899 0.0687829 0.0998199 0.0875076 0.0793702 0.0519019 0.0804211 0.1087355 0.1068697 0.0820214 0.0739225 0.0820135 0.1025327 0.0933188 0.0823334 0.0848256 0.0724866 0.0957071 0.0885654 0.0835977 0.0490070 0.0819109 0.0484119 0.1149917 0.1165827 0.0725455 0.1152994 0.0864040 0.0764700 0.0581333 0.0508600 0.0750952 0.0509214 0.0528480 0.0743427 0.0535590 0.0930525 0.0982034 0.0815573 0.0817804 0.0612239 0.0966999 0.0891016 0.0691459 0.0708489 0.0728649 0.0719084 0.1162744 0.0611866 0.1120755 0.0587487 0.1009842 0.0942308 0.0770076 0.0809173 0.1119723 0.0517409 0.1257853 0.0963600 0.0778913 0.0420907 0.1045753 0.0637587 0.0646043 0.1041396 0.0733303 0.0755439 0.0528925 0.0801941 0.0765088 0.0759597 0.1316988 0.0885861 0.0938324 0.0863842 0.1061688 0.1074659 0.0745589 0.0957261 0.0368169 0.0475536 0.0728143 0.0699317 0.0723129 0.0729501 0.0563740 0.0911661 0.0576520 0.0520146 0.0864253 0.0655901 0.0544522 0.0945734 0.0572589 0.0798813 0.0697781 0.0552773 0.0518545 0.0362809 0.0751365 0.0671042 0.0627120 0.0914386 0.0673492 0.0651575 0.0440986 0.0267685 0.0893713 0.0663375 0.0657808 0.1283969 0.0502060 0.0361949 0.0756443 0.0601203 
S0345         0.4097913 0.4198416 0.4935126 0.0757124 0.1128012 0.1145481 0.2347337 0.0980540 0.0677929 0.1049992 0.0754915 0.1022262 0.1264762 0.0901991 0.0633205 0.0966419 0.1117899 0.1052359 0.1363255 0.1351481 0.1047357 0.1461547 0.0928632 0.0464203 0.0000000 0.1390350 0.1070275 0.0959839 0.0909025 0.1251989 0.1021271 0.1005347 0.0693742 0.1031128 0.1189116 0.1307645 0.1065553 0.0944119 0.1064543 0.1287266 0.1205978 0.0966792 0.1118646 0.0947667 0.1108132 0.1076986 0.1029769 0.0651815 0.1116512 0.0607583 0.1422100 0.1432644 0.1007260 0.1410422 0.1031715 0.0998903 0.0702953 0.0692293 0.1009894 0.0681183 0.0681872 0.0884076 0.0702139 0.1116857 0.1219221 0.1069436 0.0990933 0.0771598 0.1139680 0.1124825 0.0945590 0.0874916 0.0846819 0.0928465 0.1320226 0.0807847 0.1392934 0.0741237 0.1270802 0.1227859 0.0973600 0.1066179 0.1359279 0.0692293 0.1498592 0.1208465 0.0906117 0.0533945 0.1321643 0.0844697 0.0809758 0.1325034 0.0972122 0.0973398 0.0743539 0.0889301 0.1001215 0.1005598 0.1623006 0.1148505 0.1056361 0.1095198 0.1304832 0.1286312 0.0988785 0.1211107 0.0383398 0.0691699 0.0951167 0.0950618 0.0963911 0.1005966 0.0774004 0.1118445 0.0735503 0.0748343 0.1000864 0.0876993 0.0729439 0.1241858 0.0791596 0.1059085 0.0937321 0.0741264 0.0733513 0.0524207 0.0997617 0.0893963 0.0844327 0.1185299 0.0881726 0.0845572 0.0427421 0.0558579 0.1018575 0.0855998 0.0834632 0.1413067 0.0656306 0.0511578 0.0990245 0.0769589 
S0355         0.3877876 0.3653112 0.4180742 0.1404674 0.2213018 0.1279485 0.2338475 0.1242914 0.1260040 0.1314705 0.1062900 0.1319572 0.0228272 0.1117971 0.1094440 0.1284795 0.1217952 0.1441907 0.0085926 0.0911431 0.1280598 0.0166272 0.1255084 0.1055551 0.1390350 0.0000000 0.1252557 0.1195077 0.1141139 0.1498710 0.1248463 0.1333159 0.1133172 0.1280413 0.1473250 0.0125036 0.1293422 0.1328370 0.1167086 0.1009696 0.0067020 0.1235026 0.1347583 0.1181006 0.1386744 0.1320803 0.1238055 0.0855277 0.1318610 0.0999328 0.0115876 0.1663411 0.1136583 0.0124730 0.1346080 0.1277391 0.1174630 0.1132588 0.1218706 0.1160451 0.1174913 0.1392202 0.1042623 0.1440730 0.0999863 0.1259442 0.1165617 0.1101286 0.1364665 0.0485643 0.1357394 0.1345669 0.1361371 0.1308115 0.1115727 0.1166084 0.1611377 0.1173341 0.0955180 0.0783626 0.1380390 0.1474749 0.1736060 0.1158635 0.1803596 0.1311227 0.1423433 0.1231681 0.0961852 0.1071763 0.1195425 0.1560892 0.1234343 0.1195641 0.1102112 0.1305895 0.1221569 0.1196569 0.0234817 0.1428491 0.1458336 0.0828006 0.0117185 0.0157784 0.1212262 0.0955646 0.1172868 0.1201056 0.1212165 0.1158361 0.1127672 0.1510086 0.0818296 0.1336822 0.1346113 0.1228156 0.1367271 0.1011380 0.1184934 0.1470197 0.1134632 0.1277288 0.1186337 0.1120359 0.1211370 0.1178002 0.1233389 0.0913149 0.1054427 0.1448090 0.1059959 0.1091794 0.1193239 0.1133819 0.1345157 0.1252515 0.1092141 0.1697247 0.1037184 0.1162754 0.1168403 0.1026246 
S0376         0.3663110 0.3512028 0.4148802 0.0971626 0.2086069 0.0801714 0.1797777 0.0736002 0.0767042 0.0926527 0.0682229 0.0758925 0.1433176 0.0826239 0.0729309 0.0762896 0.0761294 0.1009104 0.1133565 0.1153558 0.0923295 0.1248297 0.0838463 0.0794252 0.1070275 0.1252557 0.0000000 0.0711220 0.0693564 0.1052810 0.0763875 0.0869058 0.0670017 0.0389141 0.1059067 0.1103287 0.0898347 0.0837611 0.0754887 0.1104197 0.1082717 0.0879152 0.0763191 0.0711188 0.1036980 0.0932702 0.0880766 0.0265943 0.0826046 0.0629919 0.1153139 0.1238653 0.0603383 0.1209251 0.1063450 0.0683505 0.0737286 0.0659167 0.0727961 0.0659995 0.0680634 0.0887610 0.0719556 0.0992851 0.1012371 0.0859888 0.0939344 0.0733582 0.1036146 0.0904396 0.0855854 0.0880825 0.0879300 0.0840996 0.1112078 0.0792184 0.1259107 0.0727057 0.0978588 0.0969670 0.1003881 0.0990304 0.1201593 0.0668418 0.1357849 0.1007925 0.0883839 0.0912199 0.1014730 0.0594852 0.0875514 0.1219226 0.0701020 0.0663370 0.0708896 0.0842852 0.0796872 0.0814308 0.1322360 0.0976796 0.0986468 0.0965771 0.1028595 0.1063826 0.0720499 0.0990224 0.0844611 0.0786342 0.0694488 0.0667470 0.0707981 0.1051665 0.0614139 0.0906037 0.0908467 0.0828229 0.0929746 0.0643528 0.0697012 0.1001651 0.0749646 0.0901109 0.0674343 0.0720721 0.0847161 0.0845669 0.0772716 0.0761884 0.0581152 0.0966302 0.0628937 0.0615668 0.0837473 0.0879375 0.1002014 0.0836265 0.0780334 0.1392447 0.0691344 0.0854740 0.0384463 0.0747297 
