113
CRNC          0.0000000 0.3966760 0.5419206 0.4620594 0.3422168 0.4343615 0.4379217 0.4594661 0.4661296 0.3892109 0.4713479 0.4930306 0.4559321 0.4834274 0.4700102 0.5075221 0.3958093 0.4738315 0.4762104 0.4332022 0.4958588 0.4627944 0.4119470 0.4512050 0.4680035 0.5003941 0.4923102 0.4332784 0.4138193 0.4686599 0.5109055 0.3995063 0.4305901 0.4043482 0.4493741 0.3951135 0.5377098 0.4332161 0.5266261 0.4669181 0.5010306 0.4814922 0.3975343 0.4428137 0.4248592 0.4941466 0.4340884 0.4196233 0.4444550 0.4457060 0.4252803 0.4686691 0.4267149 0.4321114 0.4152480 0.4365638 0.4992273 0.4533439 0.4881891 0.4330547 0.4926551 0.4146238 0.4170167 0.4732446 0.4308345 0.4269234 0.3084869 0.4344097 0.4849370 0.4854384 0.3516377 0.4156929 0.4052099 0.4076006 0.4520466 0.4258628 0.4968823 0.4903168 0.4588446 0.4297685 0.4593197 0.4254207 0.4929383 0.4576520 0.4614821 0.4766728 0.4585960 0.4101002 0.4038732 0.4611961 0.3925752 0.3710639 0.4137557 0.4702714 0.4335019 0.4575951 0.4140060 0.4538481 0.4468306 0.5071339 0.4695847 0.4923787 0.5220744 0.4588347 0.4314918 0.4393689 0.4623253 0.4288561 0.4560254 0.4358823 0.4723667 0.4416492 0.4549226 
HYZL          0.3966760 0.0000000 0.2829741 0.4407151 0.3831586 0.3984079 0.3493567 0.3839163 0.4353486 0.3868868 0.3913150 0.4365901 0.4360389 0.4282834 0.3884277 0.4393719 0.3904361 0.4411124 0.4217625 0.3759050 0.4470298 0.4364925 0.3998204 0.4392205 0.3757214 0.4170413 0.5130414 0.4021437 0.3575826 0.4142127 0.4652420 0.3633214 0.4499139 0.4084807 0.4196513 0.3572551 0.4500809 0.4150433 0.4249733 0.3874777 0.4451534 0.4085116 0.3821046 0.3583447 0.3651714 0.4539647 0.4207531 0.4085551 0.3670858 0.4168000 0.3467578 0.3820894 0.3543920 0.3592152 0.4115887 0.3714346 0.4104854 0.4104517 0.4402012 0.4323637 0.4171763 0.4026389 0.4336892 0.4215583 0.3958280 0.4093795 0.4064921 0.3675812 0.4796776 0.3848389 0.4360857 0.3729413 0.3961124 0.4038060 0.4357418 0.3489475 0.4745698 0.4095744 0.4775931 0.3656964 0.3999917 0.4403340 0.4502155 0.3897638 0.4012648 0.4078605 0.4197853 0.4217377 0.3540832 0.3991216 0.3317259 0.3668883 0.4206829 0.3850068 0.3869438 0.4407448 0.4188455 0.3876373 0.3815421 0.4073389 0.4243906 0.3839905 0.4483300 0.4365257 0.4362953 0.3964676 0.3854279 0.3453715 0.4197114 0.3687843 0.3916539 0.3854946 0.4015224 
MYZV          0.5419206 0.2829741 0.0000000 0.5575020 0.5081287 0.5653746 0.4849886 0.5503031 0.5526121 0.5075425 0.5670152 0.5996246 0.5872054 0.5629872 0.5593029 0.5986892 0.5141300 0.6252850 0.5719145 0.5496657 0.5990592 0.6013470 0.5567025 0.6043804 0.5164876 0.5349195 0.5609125 0.5357241 0.4782835 0.5795970 0.5785017 0.5251648 0.5942913 0.5401485 0.5574706 0.4725124 0.6546356 0.5609591 0.5565406 0.5258148 0.5942872 0.5635770 0.5628897 0.4758346 0.5450161 0.5923915 0.5388354 0.5350230 0.5132711 0.5358334 0.4930132 0.5702564 0.4947536 0.4892052 0.5276400 0.4775109 0.5624693 0.5347984 0.5842526 0.5729164 0.5584204 0.5228879 0.5578236 0.5513511 0.5297461 0.5345003 0.4191039 0.4910519 0.5882490 0.5139792 0.5685183 0.5056965 0.5517944 0.5397571 0.5636634 0.4912673 0.6168237 0.5111242 0.6361510 0.4669259 0.4870259 0.5714500 0.5917444 0.5455022 0.5335128 0.5928070 0.5611456 0.5674052 0.5054275 0.5613213 0.4701294 0.4804338 0.5481729 0.5336941 0.5055205 0.6061668 0.5839866 0.5422430 0.5108384 0.5759982 0.5764188 0.4957554 0.5897579 0.5778605 0.5796159 0.5158060 0.5136457 0.4984025 0.5442921 0.4927254 0.5692606 0.5137742 0.5531720 
SRR6441723    0.4620594 0.4407151 0.5575020 0.0000000 0.0328115 0.0814549 0.2821020 0.0752487 0.0827676 0.0666250 0.0785746 0.0915136 0.0317103 0.0996265 0.0651150 0.1086415 0.1047456 0.1229126 0.0856198 0.1155242 0.0795516 0.0306743 0.0877790 0.0964258 0.0705662 0.1042703 0.1200636 0.0762123 0.0621569 0.0975400 0.1083455 0.1015363 0.0716096 0.0947398 0.1000232 0.1046236 0.1466035 0.0754243 0.0855973 0.0792941 0.0853689 0.0911910 0.0757347 0.0803411 0.1109221 0.2129288 0.0842036 0.1138589 0.0707585 0.1106329 0.0621851 0.0777821 0.0591447 0.0617113 0.0867566 0.0748244 0.0992806 0.1360050 0.0975274 0.0430340 0.0822170 0.0964493 0.1085401 0.1022700 0.1041121 0.1032634 0.0711538 0.0821699 0.2477140 0.0731616 0.1192670 0.1421569 0.0769384 0.0804027 0.2263612 0.0674814 0.2261618 0.1018455 0.0462049 0.1057274 0.0874310 0.0502077 0.2161821 0.0736543 0.0704469 0.0569098 0.0756844 0.1273261 0.0684479 0.1041239 0.0842307 0.0896223 0.1365983 0.0675095 0.0961952 0.0336964 0.0351486 0.0733750 0.0741985 0.0731719 0.0506270 0.0821381 0.1033109 0.0261303 0.0335938 0.0981654 0.0596410 0.0676177 0.1024605 0.0877636 0.0844571 0.0886885 0.0619741 
ERR4210213    0.3422168 0.3831586 0.5081287 0.0328115 0.0000000 0.0534960 0.2724834 0.0689280 0.0857470 0.0786686 0.0619723 0.0681456 0.0128457 0.0557782 0.0700501 0.0889860 0.1115857 0.1486963 0.0688662 0.1181437 0.0613854 0.0249327 0.0394672 0.0633694 0.0542471 0.0790332 0.0806492 0.0481415 0.0544412 0.0704059 0.0362053 0.1076727 0.0677161 0.0831201 0.0698886 0.1063673 0.2587480 0.0620719 0.0611233 0.0624960 0.0693013 0.0614295 0.0619723 0.1010710 0.1106669 0.1422017 0.0968245 0.1287698 0.0534960 0.0902930 0.0544412 0.0619723 0.0544412 0.0618394 0.0786661 0.0925225 0.0622716 0.1085509 0.0776182 0.0394568 0.0719152 0.0809364 0.1122450 0.1146749 0.0900385 0.0799223 0.0744472 0.0900488 0.1935073 0.0711592 0.1017475 0.1316623 0.0852551 0.0865769 0.1657793 0.0544412 0.1489565 0.0905066 0.0535406 0.1112711 0.0902798 0.0252928 0.1503846 0.0627815 0.0626633 0.0558071 0.0407968 0.1052146 0.0688099 0.0846502 0.0839873 0.0974004 0.1006192 0.0542471 0.0977698 0.0121754 0.0135157 0.0706538 0.0705664 0.0536595 0.0319369 0.0821815 0.0701152 0.0252547 0.0320828 0.0893460 0.0546589 0.0544412 0.0621794 0.0980747 0.0619723 0.1286051 0.0463564 
ERR2789774    0.4343615 0.3984079 0.5653746 0.0814549 0.0534960 0.0000000 0.2492780 0.0508056 0.0958963 0.0586663 0.0392325 0.1059478 0.0743916 0.0524827 0.0422249 0.1175183 0.0893941 0.1124587 0.0930092 0.0980890 0.0932116 0.0831462 0.0544958 0.0546269 0.0253590 0.0920657 0.0820764 0.0903592 0.0490059 0.0802489 0.1093686 0.0920822 0.0848629 0.0770005 0.0621262 0.0881485 0.1354524 0.0865256 0.0444995 0.0344966 0.1016313 0.0885126 0.0344868 0.0733337 0.1007310 0.1573696 0.0486911 0.1035280 0.0171487 0.0939652 0.0490398 0.0369579 0.0463207 0.0486804 0.0665444 0.0681627 0.0810127 0.1303354 0.0910045 0.0691740 0.0947420 0.0686088 0.0895175 0.0827797 0.0851997 0.0845270 0.0437676 0.0640051 0.1953599 0.0774715 0.0957774 0.1031384 0.0668090 0.0758383 0.1686282 0.0565698 0.1703989 0.0679798 0.0945543 0.0853851 0.0543755 0.0853570 0.1659375 0.0299148 0.0395993 0.0836167 0.0896883 0.1217847 0.0689412 0.1050562 0.0706315 0.0778247 0.1079223 0.0252077 0.0786319 0.0931431 0.0702576 0.0298135 0.0278683 0.0545386 0.0643458 0.0578368 0.0961587 0.0644320 0.0710560 0.1029611 0.0302874 0.0563441 0.0919929 0.0666265 0.0389140 0.0647622 0.0209427 
PAFTOL_019361 0.4379217 0.3493567 0.4849886 0.2821020 0.2724834 0.2492780 0.0000000 0.2486467 0.2699173 0.2294121 0.2473800 0.2818632 0.2524753 0.2444141 0.2203188 0.2659573 0.2395535 0.2483503 0.2691884 0.2253428 0.2727739 0.2684706 0.2685141 0.2521523 0.2326512 0.2552030 0.2463309 0.2790988 0.1953504 0.2760361 0.2671907 0.2457397 0.2304681 0.2369202 0.2572798 0.2567846 0.3177652 0.2550422 0.2537882 0.2389542 0.2876143 0.2863760 0.2080753 0.2313828 0.2331721 0.2927256 0.2411508 0.2442722 0.2345802 0.2383190 0.1972875 0.2407302 0.1972875 0.2014270 0.2257909 0.2331639 0.2903755 0.2508959 0.2801715 0.2530561 0.2920163 0.2310149 0.2525133 0.2125430 0.2452795 0.2339403 0.2395720 0.2157783 0.3177500 0.2537724 0.2181150 0.2651014 0.2367142 0.2480635 0.2856900 0.1985228 0.3048155 0.2467850 0.2870273 0.2160703 0.2378102 0.2667151 0.3048887 0.2395948 0.2594242 0.2172395 0.2678946 0.2470832 0.2182308 0.2813585 0.2354230 0.2321884 0.2472278 0.2375998 0.2470214 0.3055726 0.2346123 0.2260709 0.2185023 0.2586948 0.2641685 0.2530944 0.2790019 0.2604390 0.2707490 0.2678709 0.2394644 0.2026217 0.2719306 0.2293168 0.2422138 0.2255884 0.2339937 
S0055         0.4594661 0.3839163 0.5503031 0.0752487 0.0689280 0.0508056 0.2486467 0.0000000 0.0929087 0.0664039 0.0485894 0.0985146 0.0603242 0.0627087 0.0442313 0.1059057 0.0801381 0.0964873 0.0917574 0.0823907 0.0862233 0.0714871 0.0677822 0.0702064 0.0342867 0.0945923 0.0937075 0.0836376 0.0511566 0.0765616 0.1155747 0.0766791 0.0917531 0.0767404 0.0773781 0.0884565 0.1262466 0.0771081 0.0647129 0.0438506 0.0944026 0.0758431 0.0486196 0.0730991 0.0845453 0.1976341 0.0694319 0.0872373 0.0430486 0.0818661 0.0511897 0.0457897 0.0484523 0.0508166 0.0668296 0.0679446 0.0878378 0.1231244 0.0893068 0.0609494 0.0819872 0.0689051 0.0862776 0.0767463 0.0734872 0.0729078 0.0431091 0.0694186 0.2234433 0.0737238 0.1135419 0.1172973 0.0670964 0.0652438 0.1952321 0.0536660 0.2007960 0.0795561 0.0893756 0.0829249 0.0491739 0.0769984 0.1924990 0.0387095 0.0512088 0.0773211 0.0799802 0.1116368 0.0683969 0.1002245 0.0677425 0.0655109 0.1072019 0.0341785 0.0816029 0.0865383 0.0593144 0.0412449 0.0346055 0.0369788 0.0558792 0.0604662 0.0859260 0.0563194 0.0573655 0.1047957 0.0393237 0.0585111 0.1014542 0.0720959 0.0506859 0.0809110 0.0318752 
S0278         0.4661296 0.4353486 0.5526121 0.0827676 0.0857470 0.0958963 0.2699173 0.0929087 0.0000000 0.0722376 0.0920617 0.0300800 0.0702300 0.1182503 0.0981322 0.0368591 0.0877874 0.1296254 0.0164209 0.0970728 0.0252385 0.0870032 0.0886249 0.0887365 0.0760348 0.0441899 0.0990114 0.0259573 0.0734631 0.0968491 0.0544997 0.0844628 0.0351901 0.0826360 0.1036167 0.1009588 0.1255093 0.0174825 0.1098369 0.0960044 0.0251643 0.0535517 0.0664493 0.1006277 0.0926255 0.1842472 0.0986673 0.0953383 0.0851129 0.0900405 0.0734806 0.0923968 0.0703657 0.0729398 0.0805164 0.1010235 0.0648347 0.1245106 0.0615269 0.0762446 0.0247188 0.0943052 0.0856420 0.0899653 0.0842140 0.0835545 0.0613138 0.0900156 0.2026123 0.0927943 0.1067552 0.1295555 0.0834040 0.0869021 0.1961501 0.0788075 0.2019644 0.0996165 0.1095559 0.0890388 0.0901823 0.0782592 0.1888073 0.0902807 0.0882351 0.0857629 0.0233737 0.1160695 0.0588689 0.0394629 0.0822763 0.0768221 0.1131820 0.0839168 0.0787218 0.0909322 0.0717380 0.0899428 0.0824264 0.0826005 0.0601235 0.1072799 0.0562002 0.0601043 0.0712615 0.0253297 0.0801526 0.0762477 0.0356949 0.0955277 0.1011542 0.1024989 0.0762921 
S0281         0.3892109 0.3868868 0.5075425 0.0666250 0.0786686 0.0586663 0.2294121 0.0664039 0.0722376 0.0000000 0.0607269 0.0876196 0.0551758 0.0650866 0.0624676 0.0976269 0.0848037 0.1005672 0.0727093 0.0849078 0.0728739 0.0832932 0.0538013 0.0740502 0.0483247 0.0850688 0.0846561 0.0693402 0.0383758 0.0679605 0.0906296 0.0724966 0.0617750 0.0442003 0.0846558 0.0667160 0.1082349 0.0688429 0.0706033 0.0558760 0.0783685 0.0823293 0.0564825 0.0519847 0.0803166 0.1616199 0.0590114 0.0833099 0.0503145 0.0598291 0.0384119 0.0582347 0.0357604 0.0381194 0.0408416 0.0416985 0.0801380 0.1016753 0.0848537 0.0611770 0.0783921 0.0656607 0.0553613 0.0631433 0.0518169 0.0513915 0.0503595 0.0409788 0.1812197 0.0580815 0.1028622 0.0981470 0.0408054 0.0436489 0.1770361 0.0408356 0.1760978 0.0596352 0.0998024 0.0852180 0.0666838 0.0581384 0.1696559 0.0535297 0.0592904 0.0757978 0.0689187 0.0974416 0.0626410 0.0817899 0.0530361 0.0617843 0.1005611 0.0480142 0.0637305 0.0790504 0.0560334 0.0533358 0.0487897 0.0620697 0.0665785 0.0738398 0.0818079 0.0505748 0.0593920 0.0821549 0.0438850 0.0457041 0.0715781 0.0458439 0.0635831 0.0514951 0.0435265 
S0282         0.4713479 0.3913150 0.5670152 0.0785746 0.0619723 0.0392325 0.2473800 0.0485894 0.0920617 0.0607269 0.0000000 0.0951076 0.0742475 0.0222505 0.0303881 0.1104795 0.0771470 0.1053266 0.0866069 0.0883591 0.0841001 0.0829932 0.0618230 0.0301582 0.0186876 0.0866978 0.1026586 0.0862932 0.0517147 0.0678832 0.1200050 0.0794070 0.0760153 0.0793227 0.0815127 0.0875711 0.1269515 0.0861218 0.0500043 0.0231677 0.0918835 0.0789849 0.0028876 0.0734590 0.0906932 0.1784917 0.0647832 0.0934213 0.0288039 0.0843840 0.0517479 0.0122341 0.0489785 0.0513675 0.0643044 0.0682771 0.0740775 0.1299821 0.0777272 0.0744115 0.0942939 0.0725138 0.0889413 0.0771912 0.0759585 0.0753620 0.0319667 0.0693907 0.2050803 0.0715301 0.0956923 0.1114929 0.0644958 0.0676684 0.1808787 0.0567591 0.1780947 0.0684049 0.0979837 0.0823404 0.0470926 0.0908459 0.1727545 0.0166393 0.0493131 0.0830377 0.0853640 0.1141946 0.0716369 0.1014058 0.0675131 0.0682848 0.1065345 0.0143637 0.0786126 0.0929732 0.0674603 0.0165840 0.0211066 0.0552518 0.0695224 0.0555597 0.0891139 0.0643059 0.0709181 0.0962429 0.0351852 0.0591465 0.0874778 0.0720671 0.0164879 0.0753362 0.0278979 
S0289         0.4930306 0.4365901 0.5996246 0.0915136 0.0681456 0.1059478 0.2818632 0.0985146 0.0300800 0.0876196 0.0951076 0.0000000 0.0754040 0.1267072 0.1013140 0.0394047 0.0770886 0.1137896 0.0188465 0.0828994 0.0298327 0.0836634 0.0737364 0.0965732 0.0853078 0.0350399 0.1233049 0.0259822 0.0818555 0.0947760 0.0616724 0.0679663 0.0314654 0.1020364 0.1107946 0.1060022 0.1049841 0.0272125 0.1065902 0.1032962 0.0274555 0.0520614 0.0676108 0.1075645 0.0784042 0.1832566 0.1189905 0.0810562 0.0920338 0.1138641 0.0818617 0.0984974 0.0786216 0.0812601 0.0960387 0.1079905 0.0602860 0.1398330 0.0515516 0.0848642 0.0323744 0.0874701 0.1121824 0.1088860 0.1074331 0.1065785 0.0758912 0.1062823 0.2068180 0.0957631 0.1068696 0.1370490 0.0964152 0.1001891 0.1999161 0.0873371 0.1985611 0.1075459 0.1155785 0.0933452 0.0971942 0.0927121 0.1824422 0.0973914 0.0971124 0.0941666 0.0281209 0.1080791 0.0558168 0.0423119 0.0864390 0.0632554 0.1051022 0.0907763 0.0892776 0.0929051 0.0778733 0.0970194 0.0893293 0.0854956 0.0784084 0.1079154 0.0614946 0.0678984 0.0767552 0.0304438 0.0803271 0.0847126 0.0222716 0.1121121 0.1085720 0.1196560 0.0794620 
S0292         0.4559321 0.4360389 0.5872054 0.0317103 0.0128457 0.0743916 0.2524753 0.0603242 0.0702300 0.0551758 0.0742475 0.0754040 0.0000000 0.0826921 0.0668472 0.0856550 0.0876278 0.1087103 0.0698967 0.0968388 0.0645435 0.0351146 0.0784501 0.0898349 0.0611858 0.0789828 0.1032905 0.0609785 0.0586378 0.0759483 0.1055345 0.0839432 0.0507332 0.0671765 0.0865309 0.0964532 0.1246221 0.0626292 0.0834498 0.0722638 0.0724886 0.0728517 0.0580624 0.0792151 0.0925879 0.1887327 0.0862091 0.0951674 0.0613147 0.0847560 0.0586680 0.0657885 0.0557182 0.0582260 0.0639124 0.0737823 0.0802291 0.1257885 0.0845119 0.0328303 0.0693717 0.0799444 0.0762770 0.0829883 0.0788525 0.0782143 0.0594258 0.0759066 0.2188883 0.0686498 0.0965143 0.1298860 0.0685935 0.0718997 0.1960031 0.0638351 0.1942936 0.0914193 0.0562789 0.0983871 0.0775778 0.0237740 0.1883557 0.0668357 0.0639433 0.0456467 0.0574930 0.1165218 0.0448138 0.0842809 0.0811681 0.0729783 0.1167160 0.0609684 0.0838831 0.0407054 0.0106968 0.0665887 0.0619684 0.0640347 0.0351880 0.0758945 0.0782426 0.0147021 0.0104801 0.0822401 0.0485800 0.0639668 0.0726391 0.0813611 0.0744708 0.0847267 0.0530591 
S0293         0.4834274 0.4282834 0.5629872 0.0996265 0.0557782 0.0524827 0.2444141 0.0627087 0.1182503 0.0650866 0.0222505 0.1267072 0.0826921 0.0000000 0.0452782 0.1395571 0.1049694 0.1299679 0.1120447 0.1152887 0.1056918 0.0953785 0.0550769 0.0351224 0.0318270 0.1029857 0.1192693 0.1133666 0.0690902 0.0888254 0.1162136 0.1086319 0.0984772 0.0941989 0.0999510 0.1179754 0.1625853 0.1095130 0.0553439 0.0369220 0.1182954 0.0965907 0.0234703 0.0916252 0.1186667 0.2130562 0.0810696 0.1214430 0.0442166 0.1031824 0.0692513 0.0245290 0.0660393 0.0687143 0.0749380 0.0858116 0.0908353 0.1434519 0.0992461 0.0888796 0.1183147 0.0732587 0.1043687 0.0919187 0.0936842 0.0929065 0.0265652 0.0835200 0.2473476 0.0854028 0.0947560 0.1140699 0.0802409 0.0838860 0.2196420 0.0749172 0.2215163 0.0786328 0.1153743 0.0984967 0.0614473 0.1042184 0.2115928 0.0271841 0.0580156 0.1009354 0.1124174 0.1162874 0.0935854 0.1291410 0.0940461 0.0893165 0.1256138 0.0269381 0.0907646 0.1128727 0.0787149 0.0270857 0.0319799 0.0705823 0.0834978 0.0711803 0.1024289 0.0777008 0.0796340 0.1098170 0.0452872 0.0775658 0.0874674 0.0865092 0.0293166 0.0902590 0.0397870 
S0294         0.4700102 0.3884277 0.5593029 0.0651150 0.0700501 0.0422249 0.2203188 0.0442313 0.0981322 0.0624676 0.0303881 0.1013140 0.0668472 0.0452782 0.0000000 0.1128753 0.0839486 0.0973704 0.0884547 0.0893456 0.0886496 0.0730843 0.0625387 0.0336683 0.0189305 0.0911690 0.0954463 0.0893043 0.0420954 0.0836239 0.1194803 0.0834607 0.0803167 0.0808910 0.0682414 0.0866211 0.1285337 0.0819474 0.0482818 0.0280058 0.0970557 0.0796937 0.0215633 0.0637306 0.0917307 0.1868766 0.0598055 0.0916124 0.0341956 0.0888112 0.0421308 0.0278524 0.0394910 0.0418185 0.0680437 0.0613451 0.0811901 0.1325813 0.0823465 0.0700066 0.0901288 0.0797778 0.0907293 0.0843587 0.0801377 0.0795001 0.0267285 0.0573411 0.2042859 0.0650008 0.1069516 0.1130663 0.0709189 0.0740850 0.1922443 0.0495250 0.1865717 0.0703056 0.0877764 0.0904770 0.0452918 0.0897123 0.1809766 0.0212724 0.0527669 0.0783011 0.0854332 0.1167210 0.0757870 0.1035948 0.0718160 0.0719228 0.1185363 0.0188842 0.0801388 0.0827231 0.0659565 0.0212003 0.0259095 0.0501086 0.0648377 0.0534434 0.0879810 0.0546900 0.0637275 0.0985404 0.0379518 0.0420915 0.0969916 0.0599397 0.0301392 0.0630392 0.0280733 
S0299         0.5075221 0.4393719 0.5986892 0.1086415 0.0889860 0.1175183 0.2659573 0.1059057 0.0368591 0.0976269 0.1104795 0.0394047 0.0856550 0.1395571 0.1128753 0.0000000 0.1065357 0.1392885 0.0275690 0.1060812 0.0346472 0.1018073 0.0920972 0.0996410 0.0962851 0.0490246 0.1143204 0.0359259 0.0912092 0.1185687 0.0715176 0.0972582 0.0536603 0.1016082 0.1103363 0.1161181 0.1414145 0.0270431 0.1224085 0.1148223 0.0345429 0.0621441 0.0789927 0.1167487 0.1058608 0.1847725 0.1185743 0.1088931 0.1068684 0.1065498 0.0912014 0.1097410 0.0878080 0.0905290 0.0961541 0.1172106 0.0766587 0.1342813 0.0782132 0.0968145 0.0452378 0.0875290 0.1048517 0.1059943 0.1003154 0.0995226 0.0551704 0.1091326 0.2143266 0.0958782 0.1153992 0.1243870 0.0938298 0.0975653 0.1923026 0.0913745 0.1956245 0.1168370 0.1257287 0.1001238 0.1117303 0.0974558 0.1859882 0.1087566 0.1084455 0.0938543 0.0330684 0.1381439 0.0565447 0.0520918 0.1055163 0.0924521 0.1353454 0.1018781 0.0925938 0.1037361 0.0907212 0.1049097 0.0975299 0.0950481 0.0836949 0.1304436 0.0618376 0.0828556 0.0951787 0.0419502 0.0917237 0.0941597 0.0417718 0.1117271 0.1201834 0.1257159 0.0902418 
S0303         0.3958093 0.3904361 0.5141300 0.1047456 0.1115857 0.0893941 0.2395535 0.0801381 0.0877874 0.0848037 0.0771470 0.0770886 0.0876278 0.1049694 0.0839486 0.1065357 0.0000000 0.0741967 0.0792290 0.0216485 0.0764658 0.0996559 0.0927374 0.0920886 0.0669930 0.0855857 0.1201972 0.0786979 0.0663323 0.0837908 0.1107034 0.0083262 0.0854486 0.0949247 0.1080607 0.0764856 0.0459649 0.0814465 0.1004099 0.0841003 0.0787272 0.0770918 0.0654685 0.0938654 0.0173864 0.2013159 0.1099374 0.0172491 0.0757401 0.1041602 0.0663565 0.0823792 0.0633098 0.0658610 0.0970432 0.0909700 0.0901458 0.1145654 0.0885840 0.0853956 0.0853619 0.0679269 0.1052854 0.1056425 0.0988284 0.0980378 0.1027334 0.0989233 0.2301232 0.0932196 0.0667539 0.1276967 0.0914953 0.0887111 0.2047661 0.0716254 0.2114350 0.1058082 0.1302739 0.0676867 0.0747439 0.0993652 0.1981051 0.0754874 0.0803222 0.1000734 0.0783591 0.0484120 0.0733844 0.1034745 0.0715406 0.0041635 0.0334563 0.0722620 0.0763179 0.1067903 0.0905567 0.0752045 0.0675102 0.0832382 0.0766472 0.0841734 0.0937344 0.0767523 0.0839688 0.0853152 0.0698803 0.0716390 0.0802537 0.1047116 0.0890945 0.1080936 0.0668796 
S0308         0.4738315 0.4411124 0.6252850 0.1229126 0.1486963 0.1124587 0.2483503 0.0964873 0.1296254 0.1005672 0.1053266 0.1137896 0.1087103 0.1299679 0.0973704 0.1392885 0.0741967 0.0000000 0.1133912 0.0737483 0.1102831 0.1091136 0.1103361 0.1144673 0.0973091 0.1228981 0.1433807 0.1006309 0.0849408 0.1090792 0.1293467 0.0681846 0.1028771 0.1092887 0.1304184 0.1001473 0.1050452 0.1101491 0.1268216 0.1069539 0.1221117 0.1311001 0.0884967 0.1204274 0.0724652 0.2372348 0.1150251 0.0750042 0.0993050 0.1224406 0.0849433 0.1075388 0.0816494 0.0843177 0.1056976 0.1144526 0.1235637 0.1397544 0.1406628 0.0994594 0.1151966 0.0761446 0.1237682 0.1293148 0.1167441 0.1188625 0.1392419 0.1030747 0.2848181 0.1107996 0.1048759 0.1312009 0.1022556 0.1055766 0.2360319 0.0904889 0.2505896 0.1133292 0.1350445 0.1003502 0.1088770 0.1112066 0.2405415 0.1035713 0.0943392 0.1062989 0.1132524 0.1076145 0.1250961 0.1359903 0.0813850 0.0630905 0.0980937 0.0969351 0.1054840 0.1361427 0.1051434 0.1031718 0.0955393 0.1037252 0.1056744 0.0995936 0.1199789 0.1026503 0.1046154 0.1273517 0.0805063 0.0932529 0.1209130 0.1032476 0.1149440 0.1099582 0.0884951 
S0320         0.4762104 0.4217625 0.5719145 0.0856198 0.0688662 0.0930092 0.2691884 0.0917574 0.0164209 0.0727093 0.0866069 0.0188465 0.0698967 0.1120447 0.0884547 0.0275690 0.0792290 0.1133912 0.0000000 0.0820952 0.0185601 0.0833922 0.0742187 0.0813259 0.0733203 0.0277091 0.1046028 0.0192134 0.0704064 0.0898626 0.0515976 0.0701555 0.0248724 0.0890068 0.0982590 0.1050274 0.1113303 0.0152591 0.1039957 0.0904448 0.0185044 0.0438445 0.0592183 0.0979357 0.0776349 0.1829950 0.0997848 0.0802614 0.0822805 0.0938370 0.0704265 0.0860261 0.0673687 0.0699098 0.0840116 0.0983216 0.0518788 0.1255016 0.0538543 0.0792931 0.0247791 0.0871110 0.0920987 0.0960018 0.0878919 0.0871988 0.0621953 0.0878754 0.2112206 0.0809603 0.0948270 0.1285004 0.0817305 0.0852354 0.1947690 0.0756806 0.2005840 0.0975533 0.1094183 0.0861776 0.0875829 0.0870368 0.1875151 0.0848042 0.0845635 0.0821254 0.0167812 0.1070008 0.0523205 0.0254634 0.0827069 0.0654687 0.1073268 0.0785718 0.0793554 0.0872165 0.0721729 0.0844886 0.0770338 0.0683398 0.0644231 0.1045376 0.0534405 0.0574210 0.0739221 0.0145001 0.0714031 0.0731531 0.0197175 0.0933888 0.0955478 0.1003418 0.0677728 
S0322         0.4332022 0.3759050 0.5496657 0.1155242 0.1181437 0.0980890 0.2253428 0.0823907 0.0970728 0.0849078 0.0883591 0.0828994 0.0968388 0.1152887 0.0893456 0.1060812 0.0216485 0.0737483 0.0820952 0.0000000 0.0792232 0.1006124 0.0880575 0.0908584 0.0745631 0.0908976 0.1092131 0.0875823 0.0744184 0.0896011 0.1076376 0.0128620 0.0895264 0.0915311 0.1177753 0.0791162 0.0411704 0.0844896 0.1098277 0.0925610 0.0875666 0.0859351 0.0675356 0.0894480 0.0063391 0.2144190 0.1062214 0.0130967 0.0838284 0.1008814 0.0744344 0.0906226 0.0711735 0.0738636 0.0937000 0.0865646 0.0996413 0.1192296 0.1013626 0.0938096 0.0884900 0.0568634 0.1019947 0.1116015 0.0954651 0.0946829 0.0921207 0.0915881 0.2499851 0.0901873 0.0660972 0.1087693 0.0880743 0.0918167 0.2132956 0.0772584 0.2253760 0.1025122 0.1219820 0.0735601 0.0886030 0.1093462 0.2110563 0.0864834 0.0851117 0.0961470 0.0843194 0.0496081 0.0752801 0.1075263 0.0767516 0.0109060 0.0397564 0.0800728 0.0795242 0.1136404 0.0957475 0.0861464 0.0784776 0.0882667 0.0912516 0.0954794 0.1033973 0.0853985 0.0931826 0.0916136 0.0743406 0.0800175 0.0801976 0.0946209 0.0946895 0.0979425 0.0744284 
S0327         0.4958588 0.4470298 0.5990592 0.0795516 0.0613854 0.0932116 0.2727739 0.0862233 0.0252385 0.0728739 0.0841001 0.0298327 0.0645435 0.1056918 0.0886496 0.0346472 0.0764658 0.1102831 0.0185601 0.0792232 0.0000000 0.0755157 0.0744461 0.0815733 0.0734820 0.0344975 0.1094040 0.0193745 0.0625378 0.0900576 0.0457808 0.0674093 0.0245163 0.0869762 0.1050122 0.0989489 0.1046500 0.0199416 0.1042242 0.0906422 0.0206800 0.0460411 0.0631993 0.0921660 0.0718907 0.1825395 0.1000033 0.0773715 0.0824674 0.0859698 0.0652067 0.0862120 0.0622209 0.0647266 0.0785705 0.0925297 0.0538748 0.1121551 0.0555803 0.0791076 0.0224337 0.0774597 0.0841879 0.0902167 0.0801421 0.0795044 0.0560926 0.0880676 0.2061852 0.0783347 0.0886367 0.1210917 0.0762257 0.0796364 0.1865906 0.0676920 0.1923527 0.0986748 0.1008000 0.0766122 0.0877744 0.0815380 0.1794836 0.0849902 0.0847486 0.0766717 0.0190809 0.1008644 0.0554736 0.0370529 0.0743531 0.0627332 0.1041956 0.0787436 0.0706741 0.0818594 0.0666356 0.0846733 0.0772048 0.0684923 0.0677409 0.1047679 0.0557307 0.0575496 0.0685970 0.0346153 0.0715624 0.0678866 0.0248938 0.0935925 0.0957546 0.1005617 0.0679227 
S0335         0.4627944 0.4364925 0.6013470 0.0306743 0.0249327 0.0831462 0.2684706 0.0714871 0.0870032 0.0832932 0.0829932 0.0836634 0.0351146 0.0953785 0.0730843 0.1018073 0.0996559 0.1091136 0.0833922 0.1006124 0.0755157 0.0000000 0.0891245 0.0970123 0.0699216 0.0923555 0.1179220 0.0723850 0.0701158 0.0924064 0.1172576 0.0964988 0.0747531 0.0993075 0.1006488 0.1068211 0.1385120 0.0740197 0.0849120 0.0758589 0.0803800 0.0865072 0.0707939 0.0939829 0.1052487 0.2005661 0.1039697 0.1080333 0.0702462 0.1090782 0.0701361 0.0770566 0.0670895 0.0696224 0.0800824 0.0884686 0.0942399 0.1474025 0.0983477 0.0508395 0.0817689 0.0906281 0.1103014 0.1065254 0.1084544 0.1076030 0.0701982 0.0933523 0.2475185 0.0748228 0.1266354 0.1370279 0.0882974 0.0918610 0.2049208 0.0753733 0.2130413 0.1037969 0.0415176 0.1113674 0.0896396 0.0557266 0.2036213 0.0756265 0.0726994 0.0620457 0.0770963 0.1236563 0.0615900 0.1008563 0.0881998 0.0852008 0.1295112 0.0696730 0.0985520 0.0341526 0.0360937 0.0753505 0.0707997 0.0748871 0.0531041 0.0880594 0.1001053 0.0341646 0.0368926 0.0958907 0.0622266 0.0755113 0.0987078 0.0991002 0.0860463 0.1062163 0.0617069 
S0376         0.4119470 0.3998204 0.5567025 0.0877790 0.0394672 0.0544958 0.2685141 0.0677822 0.0886249 0.0538013 0.0618230 0.0737364 0.0784501 0.0550769 0.0625387 0.0920972 0.0927374 0.1103361 0.0742187 0.0880575 0.0744461 0.0891245 0.0000000 0.0693840 0.0482926 0.0768559 0.0569178 0.0708346 0.0491380 0.0550179 0.0748911 0.0884914 0.0597980 0.0810515 0.0863526 0.1074996 0.1419457 0.0772979 0.0579630 0.0650521 0.0844879 0.0900701 0.0414227 0.0661742 0.0909563 0.1457452 0.0752720 0.0896687 0.0469952 0.0916649 0.0518803 0.0550089 0.0518803 0.0549821 0.0543636 0.0698435 0.0840188 0.1201908 0.0893175 0.0779429 0.0887845 0.0726558 0.0935783 0.0805123 0.0844979 0.0802743 0.0266103 0.0585140 0.1708746 0.0616442 0.0801896 0.0963450 0.0644615 0.0759465 0.1466927 0.0551069 0.1577080 0.0690334 0.0934216 0.0830416 0.0652549 0.0856452 0.1497111 0.0584723 0.0518172 0.0942764 0.0807133 0.0891398 0.0603601 0.0927227 0.0759283 0.0774469 0.0912478 0.0514787 0.0866364 0.0943049 0.0728840 0.0582067 0.0491328 0.0556837 0.0717018 0.0693548 0.0785495 0.0649790 0.0794730 0.0935101 0.0421285 0.0584688 0.0787641 0.0618379 0.0581182 0.0723441 0.0455702 
S0400         0.4512050 0.4392205 0.6043804 0.0964258 0.0633694 0.0546269 0.2521523 0.0702064 0.0887365 0.0740502 0.0301582 0.0965732 0.0898349 0.0351224 0.0336683 0.0996410 0.0920886 0.1144673 0.0813259 0.0908584 0.0815733 0.0970123 0.0693840 0.0000000 0.0269254 0.0884018 0.0678672 0.0857684 0.0552814 0.0803438 0.0861295 0.0913055 0.0914410 0.1001042 0.0863432 0.1171200 0.1411439 0.0847553 0.0590740 0.0420237 0.0918249 0.0855395 0.0157464 0.0798202 0.0978420 0.1575869 0.0792497 0.1058113 0.0436443 0.1019915 0.0547661 0.0300530 0.0547661 0.0578777 0.0685543 0.0838602 0.0793977 0.1518171 0.0882364 0.0888382 0.0928514 0.0907047 0.1091919 0.0843699 0.0946733 0.0903002 0.0388678 0.0720191 0.1730858 0.0683392 0.0972970 0.1053291 0.0830575 0.0911671 0.1595638 0.0581317 0.1679209 0.0842221 0.1099740 0.1040377 0.0621920 0.1044824 0.1597311 0.0330975 0.0686538 0.0938462 0.0845087 0.0927581 0.0879613 0.1003221 0.0917029 0.0797854 0.0940382 0.0298177 0.1031712 0.0979242 0.0801220 0.0329534 0.0361980 0.0659525 0.0824357 0.0810418 0.0846807 0.0754724 0.0905773 0.0936225 0.0551613 0.0582303 0.0860660 0.0755013 0.0388956 0.0865531 0.0453976 
S0405         0.4680035 0.3757214 0.5164876 0.0705662 0.0542471 0.0253590 0.2326512 0.0342867 0.0760348 0.0483247 0.0186876 0.0853078 0.0611858 0.0318270 0.0189305 0.0962851 0.0669930 0.0973091 0.0733203 0.0745631 0.0734820 0.0699216 0.0482926 0.0269254 0.0000000 0.0758939 0.0823392 0.0762781 0.0369452 0.0661536 0.1020309 0.0689411 0.0725419 0.0661057 0.0622063 0.0799538 0.1106861 0.0692875 0.0350920 0.0122931 0.0814489 0.0656511 0.0119951 0.0574347 0.0765033 0.1690974 0.0541568 0.0791724 0.0217688 0.0736698 0.0369801 0.0165683 0.0344384 0.0367077 0.0567179 0.0576593 0.0636579 0.1148516 0.0707326 0.0617028 0.0767429 0.0629129 0.0752421 0.0716723 0.0655109 0.0649924 0.0263024 0.0513106 0.1895952 0.0538575 0.0953021 0.0969520 0.0593645 0.0624521 0.1740702 0.0441632 0.1721514 0.0605864 0.0869775 0.0683115 0.0326293 0.0775673 0.1640152 0.0101756 0.0397787 0.0699589 0.0727411 0.0963114 0.0594717 0.0875327 0.0601819 0.0552381 0.0924420 0.0039922 0.0652391 0.0822057 0.0569977 0.0101427 0.0102450 0.0400522 0.0518441 0.0453833 0.0728864 0.0469077 0.0580893 0.0824711 0.0258067 0.0439904 0.0752688 0.0538144 0.0185389 0.0593483 0.0166835 
S0407sl       0.5003941 0.4170413 0.5349195 0.1042703 0.0790332 0.0920657 0.2552030 0.0945923 0.0441899 0.0850688 0.0866978 0.0350399 0.0789828 0.1029857 0.0911690 0.0490246 0.0855857 0.1228981 0.0277091 0.0908976 0.0344975 0.0923555 0.0768559 0.0884018 0.0758939 0.0000000 0.1090590 0.0334309 0.0848768 0.0939274 0.0744596 0.0824178 0.0495745 0.1016915 0.1075934 0.1022780 0.1233791 0.0343826 0.1068394 0.0931522 0.0390949 0.0572437 0.0559546 0.1040446 0.0905432 0.1751094 0.1049206 0.0932641 0.0789049 0.1100174 0.0848788 0.0861167 0.0815917 0.0842539 0.0809883 0.1044552 0.0578488 0.1359555 0.0673308 0.0900332 0.0400193 0.0898036 0.1083294 0.1021240 0.1036985 0.1028770 0.0680120 0.0909011 0.1985872 0.0908561 0.1014264 0.1276954 0.0929053 0.1003889 0.1826459 0.0905600 0.1923831 0.1037068 0.1200520 0.0827624 0.0904156 0.0965148 0.1797220 0.0817635 0.0900101 0.0961305 0.0378940 0.1212814 0.0623014 0.0470980 0.0834690 0.0776470 0.1216475 0.0811765 0.0832319 0.1052085 0.0782251 0.0814603 0.0766499 0.0798765 0.0788528 0.1036231 0.0618423 0.0709283 0.0802987 0.0303812 0.0740976 0.0877626 0.0227872 0.0993443 0.0982776 0.1064770 0.0702996 
S0412sl       0.4923102 0.5130414 0.5609125 0.1200636 0.0806492 0.0820764 0.2463309 0.0937075 0.0990114 0.0846561 0.1026586 0.1233049 0.1032905 0.1192693 0.0954463 0.1143204 0.1201972 0.1433807 0.1046028 0.1092131 0.1094040 0.1179220 0.0569178 0.0678672 0.0823392 0.1090590 0.0000000 0.0947453 0.0837578 0.1164529 0.1258406 0.1168744 0.0922260 0.0959040 0.0742024 0.1149215 0.1809738 0.0855454 0.1077788 0.0983916 0.1176038 0.1104304 0.0687469 0.1071797 0.1083296 0.2175393 0.0661270 0.1278867 0.0711766 0.1031451 0.0926514 0.1037412 0.0877547 0.0916708 0.0823648 0.0950154 0.1181288 0.1446186 0.1284936 0.0863788 0.1121779 0.1010632 0.1051065 0.1121816 0.0942686 0.0894331 0.0385983 0.0859275 0.2510631 0.1126609 0.1097322 0.1452555 0.0899886 0.0994721 0.2282991 0.0880573 0.2264584 0.0988444 0.1327605 0.1310006 0.0854325 0.1064379 0.2196735 0.0944187 0.1009056 0.1186753 0.0856027 0.1685486 0.1128580 0.1397245 0.0954035 0.1062182 0.1599965 0.0896734 0.1001956 0.1281782 0.0968186 0.0939134 0.0743142 0.0821450 0.1041577 0.0875630 0.1055869 0.0908499 0.1008004 0.1046093 0.0804081 0.0965706 0.1068825 0.0894307 0.1061809 0.1077211 0.0741925 
S0417         0.4332784 0.4021437 0.5357241 0.0762123 0.0481415 0.0903592 0.2790988 0.0836376 0.0259573 0.0693402 0.0862932 0.0259822 0.0609785 0.1133666 0.0893043 0.0359259 0.0786979 0.1006309 0.0192134 0.0875823 0.0193745 0.0723850 0.0708346 0.0857684 0.0762781 0.0334309 0.0947453 0.0000000 0.0676150 0.0896422 0.0498981 0.0719904 0.0257045 0.0830781 0.0988276 0.0829220 0.1144542 0.0180953 0.1015616 0.0942126 0.0237273 0.0455143 0.0620435 0.0890501 0.0801394 0.1737031 0.0847455 0.0829938 0.0761284 0.0914609 0.0676374 0.0896852 0.0645169 0.0671243 0.0726405 0.0894117 0.0513326 0.1162713 0.0576646 0.0727789 0.0181728 0.0765325 0.0896536 0.0903175 0.0853679 0.0846724 0.0527092 0.0881013 0.1943668 0.0786011 0.0944308 0.1182850 0.0699806 0.0710544 0.1867973 0.0703633 0.1834068 0.0909665 0.0947838 0.0827418 0.0791605 0.0725642 0.1739126 0.0881252 0.0793918 0.0794587 0.0171624 0.1094695 0.0478671 0.0311442 0.0673722 0.0672418 0.1073060 0.0817610 0.0700957 0.0697942 0.0599673 0.0879647 0.0801955 0.0680978 0.0611986 0.0951188 0.0530076 0.0511792 0.0623808 0.0309767 0.0710999 0.0704324 0.0229817 0.0881918 0.0995380 0.0952340 0.0675147 
S0419         0.4138193 0.3575826 0.4782835 0.0621569 0.0544412 0.0490059 0.1953504 0.0511566 0.0734631 0.0383758 0.0517147 0.0818555 0.0586378 0.0690902 0.0420954 0.0912092 0.0663323 0.0849408 0.0704064 0.0744184 0.0625378 0.0701158 0.0491380 0.0552814 0.0369452 0.0848768 0.0837578 0.0676150 0.0000000 0.0686923 0.0880492 0.0626952 0.0646751 0.0506780 0.0703935 0.0659234 0.1087225 0.0636933 0.0551573 0.0467039 0.0729350 0.0711221 0.0492088 0.0354568 0.0696245 0.1446475 0.0647745 0.0723703 0.0411357 0.0584493 0.0040290 0.0488291 0.0019931 0.0039992 0.0472104 0.0307700 0.0747057 0.1026312 0.0738514 0.0596802 0.0704955 0.0484143 0.0565626 0.0532651 0.0506368 0.0453957 0.0444916 0.0256420 0.1882927 0.0544191 0.0744784 0.0743380 0.0448228 0.0476827 0.1521635 0.0101899 0.1573858 0.0557270 0.0827010 0.0655261 0.0565245 0.0699138 0.1528880 0.0418759 0.0571737 0.0576165 0.0642725 0.0929989 0.0650818 0.0844422 0.0511505 0.0496312 0.0923017 0.0368267 0.0674962 0.0740103 0.0605143 0.0417305 0.0373938 0.0517933 0.0593736 0.0600249 0.0784570 0.0545601 0.0630976 0.0823289 0.0447598 0.0101850 0.0720144 0.0301159 0.0488093 0.0399357 0.0346364 
S0427         0.4686599 0.4142127 0.5795970 0.0975400 0.0704059 0.0802489 0.2760361 0.0765616 0.0968491 0.0679605 0.0678832 0.0947760 0.0759483 0.0888254 0.0836239 0.1185687 0.0837908 0.1090792 0.0898626 0.0896011 0.0900576 0.0924064 0.0550179 0.0803438 0.0661536 0.0939274 0.1164529 0.0896422 0.0686923 0.0000000 0.1291959 0.0771560 0.0800718 0.1042034 0.0972408 0.0981980 0.1159008 0.0896170 0.0862845 0.0830505 0.0952032 0.0971280 0.0608013 0.0898987 0.0852318 0.1824002 0.0980716 0.0911947 0.0555065 0.1201410 0.0738767 0.0735747 0.0707417 0.0733307 0.0909007 0.0902565 0.0982991 0.1222225 0.0960091 0.0931648 0.1001742 0.0913599 0.1184860 0.1043183 0.1146211 0.1079058 0.0783528 0.0735888 0.2054883 0.0901357 0.0915370 0.1053616 0.0936188 0.0973494 0.1956900 0.0792374 0.1801252 0.1078613 0.1183963 0.0906510 0.0738147 0.0875488 0.1708285 0.0774719 0.0590882 0.0980272 0.0916785 0.1159969 0.0688225 0.1048833 0.0798594 0.0693566 0.1123967 0.0713614 0.0890491 0.1058570 0.0812040 0.0771832 0.0697460 0.0683713 0.0708744 0.0804472 0.0966094 0.0680618 0.0720526 0.1032589 0.0522172 0.0819254 0.0850586 0.0788687 0.0798392 0.0766135 0.0635213 
S0428sl       0.5109055 0.4652420 0.5785017 0.1083455 0.0362053 0.1093686 0.2671907 0.1155747 0.0544997 0.0906296 0.1200050 0.0616724 0.1055345 0.1162136 0.1194803 0.0715176 0.1107034 0.1293467 0.0515976 0.1076376 0.0457808 0.1172576 0.0748911 0.0861295 0.1020309 0.0744596 0.1258406 0.0498981 0.0880492 0.1291959 0.0000000 0.0992506 0.0881930 0.1010069 0.1498072 0.1166802 0.1488312 0.0551705 0.1271749 0.1173421 0.0515942 0.0914255 0.1041221 0.1074688 0.1052792 0.1899249 0.1286207 0.1084637 0.1075170 0.1059148 0.0840455 0.1192206 0.0840455 0.0872688 0.1016176 0.1117674 0.0922830 0.1413397 0.0874712 0.1125261 0.0476771 0.0740856 0.1086860 0.1003274 0.1027755 0.1061306 0.0543079 0.1061372 0.2284507 0.1166875 0.0797972 0.1094455 0.1024573 0.1071417 0.2038589 0.0906623 0.2177760 0.1225057 0.1440475 0.1018613 0.1177863 0.1154986 0.1995012 0.1138540 0.1134892 0.1183025 0.0557941 0.1025768 0.1000606 0.0747052 0.0992965 0.0923819 0.0953123 0.1056944 0.0965549 0.1264926 0.1014253 0.1136068 0.1038276 0.0954652 0.1053417 0.1407634 0.0967705 0.0877160 0.1026964 0.0713196 0.0998585 0.0877688 0.0352564 0.1131229 0.1281372 0.1190834 0.0915767 
S0430         0.3995063 0.3633214 0.5251648 0.1015363 0.1076727 0.0920822 0.2457397 0.0766791 0.0844628 0.0724966 0.0794070 0.0679663 0.0839432 0.1086319 0.0834607 0.0972582 0.0083262 0.0681846 0.0701555 0.0128620 0.0674093 0.0964988 0.0884914 0.0913055 0.0689411 0.0824178 0.1168744 0.0719904 0.0626952 0.0771560 0.0992506 0.0000000 0.0764037 0.0856474 0.1114172 0.0642306 0.0331336 0.0746792 0.1035295 0.0866200 0.0698227 0.0737320 0.0641395 0.0844655 0.0085762 0.2038761 0.1044678 0.0085967 0.0780618 0.0948383 0.0627235 0.0848029 0.0596564 0.0622428 0.0878231 0.0815964 0.0866495 0.1088640 0.0853922 0.0879252 0.0750330 0.0570961 0.0958853 0.1025124 0.0894814 0.0887465 0.1020920 0.0862375 0.2291817 0.0843910 0.0609080 0.1131440 0.0822733 0.0859169 0.2074304 0.0654180 0.2142847 0.0963725 0.1275722 0.0644954 0.0769327 0.0962106 0.2005771 0.0806442 0.0793634 0.0940024 0.0689216 0.0364457 0.0726485 0.0943592 0.0648149 0.0000022 0.0248301 0.0743746 0.0701754 0.1002245 0.0860525 0.0803323 0.0727274 0.0798123 0.0788773 0.0866988 0.0904887 0.0732701 0.0805335 0.0849556 0.0719292 0.0680771 0.0695048 0.0919492 0.0887545 0.0952490 0.0688195 
S0478         0.4305901 0.4499139 0.5942913 0.0716096 0.0677161 0.0848629 0.2304681 0.0917531 0.0351901 0.0617750 0.0760153 0.0314654 0.0507332 0.0984772 0.0803167 0.0536603 0.0854486 0.1028771 0.0248724 0.0895264 0.0245163 0.0747531 0.0597980 0.0914410 0.0725419 0.0495745 0.0922260 0.0257045 0.0646751 0.0800718 0.0881930 0.0764037 0.0000000 0.0913909 0.0896679 0.1142269 0.1252990 0.0272467 0.1039375 0.0807938 0.0346349 0.0279405 0.0760411 0.1101356 0.0785178 0.1838315 0.0904246 0.0918124 0.0813839 0.0908644 0.0725246 0.0757637 0.0680171 0.0717472 0.0766003 0.0970368 0.0318540 0.1195655 0.0313704 0.0605943 0.0393724 0.0865158 0.0967112 0.1073546 0.0861135 0.0812549 0.0754887 0.0994304 0.2046581 0.0761591 0.1177317 0.1452708 0.0708842 0.0797342 0.2003764 0.0724464 0.1845766 0.1003785 0.1013763 0.1006095 0.0942355 0.0598868 0.1764752 0.0812862 0.0774371 0.0692469 0.0289549 0.1343729 0.0521332 0.0389516 0.0769871 0.0714890 0.1364362 0.0723646 0.0773084 0.0680061 0.0529231 0.0808450 0.0738681 0.0734133 0.0523041 0.0915432 0.0419155 0.0489430 0.0569656 0.0358531 0.0580155 0.0762656 0.0418563 0.1078751 0.0891176 0.1184434 0.0608185 
S0552sl       0.4043482 0.4084807 0.5401485 0.0947398 0.0831201 0.0770005 0.2369202 0.0767404 0.0826360 0.0442003 0.0793227 0.1020364 0.0671765 0.0941989 0.0808910 0.1016082 0.0949247 0.1092887 0.0890068 0.0915311 0.0869762 0.0993075 0.0810515 0.1001042 0.0661057 0.1016915 0.0959040 0.0830781 0.0506780 0.1042034 0.1010069 0.0856474 0.0913909 0.0000000 0.0909700 0.0797926 0.1226184 0.0733999 0.0890766 0.0739107 0.0954343 0.0952402 0.0688407 0.0606233 0.0905297 0.2130441 0.0859857 0.0931187 0.0748878 0.0144633 0.0534742 0.0767179 0.0506011 0.0530695 0.0427513 0.0528118 0.1104533 0.1172486 0.1148884 0.0811379 0.0873368 0.0712949 0.0061031 0.0483600 0.0145152 0.0166674 0.0513270 0.0574820 0.2300783 0.0768330 0.0907742 0.1031667 0.0351205 0.0378041 0.2180126 0.0558299 0.2205115 0.0528083 0.1156812 0.0918698 0.0755882 0.0733358 0.2147362 0.0744025 0.0824228 0.0739212 0.0795365 0.1146283 0.0813775 0.1042496 0.0651827 0.0745322 0.1109233 0.0683864 0.0727639 0.1036244 0.0629697 0.0741269 0.0667510 0.0746394 0.0843839 0.0791855 0.1139692 0.0735086 0.0828926 0.1015532 0.0666826 0.0585719 0.0922886 0.0600874 0.0790026 0.0622209 0.0604257 
