93
CRNC          0.0000000 0.3133801 0.3242672 0.6647357 0.4337868 0.5251473 0.4228821 0.5696015 0.5027179 0.5739452 0.4827211 0.5498151 0.5903040 0.5894391 0.5771561 0.5418062 0.5141111 0.5225962 0.5541802 0.5951601 0.5364711 0.6024297 0.4958162 0.5851767 0.5699773 0.6243726 0.5436536 0.5905695 0.5753311 0.5674602 0.5742266 0.5561982 0.5434333 0.5484339 0.5303339 0.5753365 0.5360742 0.5587524 0.5492084 0.5723328 0.6043781 0.4963886 0.5892723 0.5128130 0.6509622 0.5296649 0.5925855 0.5156514 0.4980925 0.4705032 0.6058000 0.6557458 0.6398386 0.5415562 0.5515263 0.5568942 0.5347112 0.5997061 0.6111887 0.5621839 0.4958162 0.5558745 0.5980255 0.5024667 0.5439657 0.5412487 0.5946992 0.5815770 0.5410158 0.5726731 0.5912366 0.5360653 0.5845685 0.5595744 0.5503391 0.5534541 0.5398561 0.6059928 0.5326161 0.5832606 0.5334188 0.5461947 0.5292240 0.5363449 0.5556583 0.5735645 0.5274725 0.5787309 0.5415632 0.4989605 0.5696998 0.5520715 0.5225064 
HYZL          0.3133801 0.0000000 0.1212497 0.4592505 0.2997898 0.4436581 0.2683025 0.4441218 0.4455764 0.4198901 0.3906416 0.3527220 0.4231357 0.4354924 0.4332622 0.4192642 0.3563423 0.3907507 0.4146209 0.4377773 0.3898805 0.3911931 0.4300322 0.3917869 0.4409003 0.4106526 0.4222263 0.4027271 0.4068168 0.3889806 0.4406936 0.4083627 0.3719427 0.4122395 0.4603614 0.4572541 0.3456359 0.3976212 0.4253263 0.4189991 0.4062648 0.4312702 0.4234263 0.4446868 0.4343471 0.4393633 0.4043111 0.3505148 0.3673289 0.3894710 0.4267956 0.4255576 0.4125974 0.5403361 0.3679899 0.4018761 0.3519389 0.4077507 0.4079651 0.3453111 0.4300322 0.3532394 0.4286184 0.3622811 0.4099506 0.4093383 0.4015479 0.3642098 0.3953549 0.4463573 0.4306151 0.3946118 0.4462615 0.4447120 0.3930357 0.4284822 0.4000541 0.4011722 0.3775855 0.3664510 0.3894251 0.4165126 0.4176133 0.3677233 0.4013636 0.3544673 0.3495606 0.4391557 0.4337615 0.4514494 0.4174555 0.4041255 0.4090955 
MYZV          0.3242672 0.1212497 0.0000000 0.5258816 0.4009358 0.4265505 0.3146436 0.4558544 0.4399938 0.4140901 0.3861666 0.4239977 0.4239264 0.4488925 0.4485999 0.4202347 0.4283147 0.3917264 0.3956732 0.4682527 0.4236045 0.3855113 0.4341695 0.3907527 0.4418648 0.4585211 0.4513793 0.4237030 0.4242311 0.4025562 0.4324590 0.4265013 0.4029598 0.4132085 0.4842960 0.4581974 0.3973661 0.4201944 0.4262920 0.4132090 0.4549423 0.4354216 0.4243941 0.4564365 0.4559604 0.4657704 0.3963540 0.4006721 0.4554180 0.3785888 0.4946988 0.4777571 0.4480905 0.4825291 0.3926096 0.4466698 0.3573748 0.4335234 0.4472428 0.3975443 0.4341695 0.4192904 0.4767834 0.3947247 0.3874029 0.4571938 0.4526185 0.4247981 0.3963264 0.4338882 0.4398612 0.4122600 0.4548637 0.4537160 0.4423929 0.4294485 0.3944890 0.3837197 0.3960765 0.4399915 0.3903989 0.4228670 0.4358496 0.4152541 0.4303382 0.4387265 0.4007136 0.4462017 0.4150796 0.4565901 0.4492592 0.3989000 0.4107812 
SRR6441723    0.6647357 0.4592505 0.5258816 0.0000000 0.1594389 0.2292371 0.2831735 0.1890438 0.1756224 0.1938717 0.2200525 0.1411918 0.1962394 0.2221644 0.2695511 0.2126683 0.1514974 0.1935069 0.1947934 0.2768827 0.2195467 0.2299540 0.1788231 0.1924511 0.2251375 0.1823509 0.1920760 0.2164114 0.2452384 0.1958550 0.2146683 0.2280404 0.1833467 0.1884569 0.1936223 0.2241493 0.2487849 0.2220654 0.2174203 0.1978942 0.1629281 0.1827951 0.1944693 0.1896961 0.1716314 0.1731439 0.2088619 0.1311315 0.2449560 0.1820823 0.1561110 0.1792069 0.1727361 0.1603897 0.2473764 0.1737282 0.2300999 0.1684592 0.1764619 0.2484433 0.1788231 0.2475769 0.1711061 0.0950194 0.2274228 0.2042360 0.1611885 0.2554265 0.1844911 0.2082739 0.2496025 0.2073443 0.2337881 0.3127864 0.2103039 0.2275244 0.2041097 0.2143551 0.1111785 0.1341513 0.1808619 0.2118235 0.2036518 0.1725731 0.1955796 0.1373302 0.1337259 0.2471589 0.2040418 0.1913351 0.2391026 0.1872948 0.2054729 
ERR4210213    0.4337868 0.2997898 0.4009358 0.1594389 0.0000000 0.1939640 0.2074079 0.1912254 0.1314636 0.1767992 0.1535766 0.0687098 0.1610922 0.2044462 0.1527651 0.1305939 0.0112152 0.1575446 0.1554716 0.1634732 0.1397223 0.1395257 0.1218216 0.1232429 0.1410186 0.1334963 0.1719875 0.1089872 0.1582556 0.1406039 0.1616829 0.1454413 0.1435272 0.1388201 0.1335086 0.1583483 0.1877247 0.1545129 0.1305939 0.1537940 0.1210456 0.1218216 0.1748195 0.1294558 0.1222566 0.1202265 0.1452205 0.0994865 0.1808261 0.1708023 0.1070688 0.1430880 0.1160377 0.2733578 0.1667759 0.1725385 0.1532148 0.0930114 0.1099472 0.1873495 0.1218216 0.1765827 0.0980956 0.0481624 0.1435109 0.1210475 0.0912167 0.1974669 0.1575446 0.2129218 0.1470687 0.1307353 0.1305939 0.1821804 0.1007991 0.1310903 0.1460780 0.1446614 0.0611909 0.0682890 0.1575446 0.1470400 0.2033696 0.0919188 0.1310870 0.0687098 0.0617642 0.2161319 0.1930353 0.1218216 0.1214597 0.1567393 0.1775622 
ERR2789774    0.5251473 0.4436581 0.4265505 0.2292371 0.1939640 0.0000000 0.3210596 0.1200247 0.1750552 0.0612348 0.2106440 0.1665556 0.0697730 0.1052402 0.2469147 0.1544605 0.1856343 0.0644225 0.0709027 0.2352915 0.1076949 0.2046116 0.1867384 0.1379781 0.1566248 0.1977545 0.1540486 0.1800063 0.2288644 0.0734612 0.0638204 0.2239549 0.1046045 0.0581334 0.1919382 0.1559917 0.2318594 0.1223791 0.1581648 0.0577122 0.1826361 0.1869195 0.0708149 0.1980861 0.1691112 0.1802794 0.1931864 0.1652757 0.1605896 0.1178843 0.1529279 0.1986739 0.1815162 0.0613521 0.2204725 0.1793228 0.1746996 0.1689246 0.1684581 0.2490153 0.1867384 0.2425796 0.1726091 0.1648495 0.1784977 0.0962315 0.1808204 0.2595565 0.0582158 0.0975363 0.2222054 0.2006841 0.1684445 0.2660140 0.1754497 0.1549527 0.0551091 0.1906132 0.1594753 0.1705038 0.0583785 0.0639235 0.1345081 0.1937193 0.0941926 0.1662752 0.1470406 0.2380032 0.0930268 0.1996949 0.2261129 0.0612397 0.0901325 
PAFTOL_019361 0.4228821 0.2683025 0.3146436 0.2831735 0.2074079 0.3210596 0.0000000 0.3118417 0.2654313 0.2662022 0.2598289 0.2285392 0.2765711 0.3202922 0.2419529 0.3068287 0.2247900 0.2633766 0.2768593 0.3406016 0.2905767 0.2733384 0.2726359 0.2602191 0.3259335 0.2924426 0.2829468 0.2598479 0.2947722 0.2848552 0.2840910 0.2783873 0.2694878 0.2721582 0.2808997 0.3525057 0.2143361 0.2668251 0.3071830 0.2687778 0.2651705 0.2786368 0.2867474 0.2747046 0.3034367 0.2632674 0.3105847 0.2388634 0.2848171 0.1980934 0.2819356 0.2942096 0.2756178 0.3317914 0.2416152 0.2864913 0.2914714 0.2584514 0.2619542 0.2290899 0.2726359 0.2326609 0.2609113 0.2135466 0.2998690 0.2972413 0.2409695 0.2281532 0.2633766 0.3056411 0.2889237 0.2570251 0.3308561 0.3238331 0.2471349 0.3301533 0.2539486 0.2995522 0.2151519 0.2291272 0.2633766 0.2723737 0.3355165 0.2163066 0.2968548 0.2299169 0.2071154 0.3239663 0.2820234 0.2862405 0.2771087 0.2671213 0.2944428 
S0055         0.5696015 0.4441218 0.4558544 0.1890438 0.1912254 0.1200247 0.3118417 0.0000000 0.1723019 0.0750303 0.1804985 0.1460947 0.0771192 0.1151778 0.2207013 0.1448490 0.1723317 0.0682519 0.0859546 0.1978800 0.1097533 0.1983353 0.1751498 0.1112083 0.1468807 0.1617350 0.1229977 0.1753571 0.2005170 0.0755942 0.0857050 0.1881120 0.0949858 0.0653834 0.1698167 0.1429467 0.1874464 0.1007861 0.1485262 0.0621560 0.1517939 0.1756824 0.0721525 0.1861372 0.1442923 0.1582334 0.1914100 0.1399191 0.1805214 0.1186283 0.1244666 0.1656667 0.1520750 0.0802736 0.1774203 0.1742638 0.1539116 0.1318808 0.1263008 0.1982216 0.1751498 0.1969349 0.1537189 0.1352360 0.1805117 0.0913044 0.1508259 0.2075114 0.0619104 0.0978649 0.1947949 0.1617577 0.1585939 0.2255049 0.1580566 0.1531656 0.0754676 0.1919853 0.1383767 0.1457841 0.0620860 0.0849416 0.0237768 0.1477577 0.0753755 0.1418316 0.1349351 0.2082541 0.0872257 0.1878372 0.1949401 0.0712470 0.0871066 
S0196sl       0.5027179 0.4455764 0.4399938 0.1756224 0.1314636 0.1750552 0.2654313 0.1723019 0.0000000 0.1522107 0.1970428 0.1394576 0.1672678 0.1990672 0.2403359 0.1306843 0.1530197 0.1477157 0.1528645 0.2378422 0.1628856 0.2363079 0.0212099 0.1497173 0.1402607 0.1547594 0.2109613 0.1636270 0.2534756 0.1542510 0.1640733 0.1885717 0.1543344 0.1432204 0.0295905 0.1396910 0.1943185 0.1712536 0.1346056 0.1519537 0.1452933 0.0239411 0.1604950 0.0270133 0.1380522 0.0275671 0.1377699 0.1163974 0.1678437 0.1305328 0.1360996 0.1465908 0.1377552 0.1496571 0.1891312 0.1845713 0.1536846 0.1319574 0.1349999 0.1991481 0.0212099 0.1934151 0.1322892 0.1061343 0.1518416 0.1726656 0.1434291 0.2088531 0.1394940 0.1642040 0.2256898 0.1677344 0.1519017 0.2729748 0.1507283 0.1387577 0.1571668 0.1388866 0.1123406 0.1432696 0.1399517 0.1648030 0.1755652 0.1599676 0.1620613 0.1392262 0.1168985 0.2605940 0.1602414 0.0295577 0.2027401 0.1475459 0.1558134 
S0282         0.5739452 0.4198901 0.4140901 0.1938717 0.1767992 0.0612348 0.2662022 0.0750303 0.1522107 0.0000000 0.1778502 0.1360318 0.0241229 0.0706251 0.2235148 0.1342532 0.1661687 0.0235375 0.0320510 0.2005645 0.0871725 0.1851588 0.1593394 0.1020254 0.1360828 0.1561296 0.1157432 0.1530069 0.2031829 0.0373850 0.0361308 0.1808132 0.0839387 0.0181067 0.1601236 0.1355456 0.1925063 0.0870172 0.1377933 0.0207927 0.1464378 0.1598181 0.0234328 0.1696087 0.1478419 0.1486405 0.1845866 0.1346100 0.1614658 0.1173957 0.1196588 0.1555993 0.1544900 0.0616470 0.1822829 0.1723898 0.1516953 0.1306863 0.1296282 0.2035036 0.1593394 0.2021697 0.1405304 0.1305035 0.1744809 0.0579733 0.1502903 0.2129576 0.0181285 0.0598717 0.1932551 0.1594131 0.1473277 0.2372584 0.1488243 0.1422007 0.0208550 0.1816300 0.1294365 0.1396556 0.0181752 0.0234746 0.0868754 0.1750087 0.0556745 0.1358164 0.1181197 0.2154950 0.0563217 0.1713940 0.1824574 0.0289290 0.0548229 
S0289         0.4827211 0.3906416 0.3861666 0.2200525 0.1535766 0.2106440 0.2598289 0.1804985 0.1970428 0.1778502 0.0000000 0.1714665 0.1850791 0.2055756 0.0596275 0.1755858 0.1777919 0.1782096 0.1664421 0.0643080 0.1827212 0.0743367 0.2040148 0.1713192 0.1865777 0.1958346 0.1760953 0.1786769 0.0600575 0.1492978 0.1871541 0.0808888 0.1688207 0.1734245 0.2114557 0.1938863 0.1984388 0.1846501 0.1794597 0.1676638 0.1873455 0.2082516 0.1831537 0.2159699 0.2024482 0.1909325 0.2072549 0.1757730 0.0615156 0.1546086 0.1874201 0.2049804 0.1977926 0.1706990 0.1800663 0.2064291 0.1688427 0.1976583 0.2169453 0.1991477 0.2040148 0.2060886 0.1982232 0.1573041 0.2020732 0.1807004 0.1704973 0.2169483 0.1696007 0.2020725 0.0433872 0.0689530 0.1992039 0.0947643 0.1877636 0.1890434 0.1579433 0.2042284 0.1711092 0.1640502 0.1701616 0.1673132 0.1825803 0.1778120 0.1713841 0.1749408 0.1598293 0.0590641 0.1935885 0.2178808 0.0888828 0.1820221 0.1709330 
S0292         0.5498151 0.3527220 0.4239977 0.1411918 0.0687098 0.1665556 0.2285392 0.1460947 0.1394576 0.1360318 0.1714665 0.0000000 0.1492205 0.1850042 0.1933979 0.1455406 0.0830721 0.1362809 0.1330724 0.1879691 0.1375976 0.1753160 0.1432661 0.1250624 0.1475491 0.1159925 0.1679379 0.1218599 0.1747935 0.1222057 0.1597684 0.1561401 0.1222121 0.1321272 0.1602956 0.1469608 0.1700402 0.1371681 0.1418639 0.1320469 0.0939209 0.1469760 0.1405733 0.1489936 0.1199802 0.1529568 0.1504833 0.0741830 0.1421539 0.1037570 0.1007907 0.1199538 0.1048293 0.1196925 0.1691102 0.0897562 0.1666800 0.1046066 0.1065127 0.1743682 0.1432661 0.1732702 0.1157732 0.0669817 0.1600754 0.1465637 0.0670887 0.1830585 0.1286342 0.1621681 0.1639122 0.1357309 0.1590788 0.2235797 0.1390118 0.1500727 0.1332203 0.1501864 0.0734636 0.0075701 0.1290329 0.1357866 0.1580074 0.0806083 0.1228430 0.0179575 0.0154684 0.2038606 0.1506863 0.1511659 0.1594473 0.1313850 0.1455599 
S0293         0.5903040 0.4231357 0.4239264 0.1962394 0.1610922 0.0697730 0.2765711 0.0771192 0.1672678 0.0241229 0.1850791 0.1492205 0.0000000 0.0766022 0.2317589 0.1436202 0.1816027 0.0299706 0.0359267 0.2076337 0.0936281 0.1810817 0.1744698 0.1128689 0.1452424 0.1710590 0.1203604 0.1634078 0.2096566 0.0416212 0.0404751 0.1827674 0.0938760 0.0242418 0.1753864 0.1450653 0.1988616 0.0938220 0.1473469 0.0240797 0.1605585 0.1750097 0.0328023 0.1856331 0.1621586 0.1531219 0.1927825 0.1479024 0.1653445 0.1322875 0.1319603 0.1751705 0.1691678 0.0543055 0.1842561 0.1881410 0.1526039 0.1437052 0.1428162 0.2103538 0.1744698 0.2089323 0.1544026 0.1434949 0.1815641 0.0631890 0.1641393 0.2202009 0.0242729 0.0685685 0.1998267 0.1646173 0.1575358 0.2408082 0.1629407 0.1520426 0.0271549 0.1897208 0.1385097 0.1492112 0.0243384 0.0356097 0.0899874 0.1890994 0.0639733 0.1489720 0.1301801 0.2231219 0.0584732 0.1873676 0.1844611 0.0356241 0.0629472 
S0294         0.5894391 0.4354924 0.4488925 0.2221644 0.2044462 0.1052402 0.3202922 0.1151778 0.1990672 0.0706251 0.2055756 0.1850042 0.0766022 0.0000000 0.2410240 0.1788352 0.2005909 0.0706024 0.0802434 0.2395964 0.1334001 0.2114943 0.2098692 0.1229800 0.1814082 0.2184833 0.1465067 0.1949986 0.2234687 0.0762859 0.0775227 0.2264815 0.1295020 0.0709883 0.2105916 0.1806570 0.2469413 0.1314001 0.1827203 0.0672664 0.2066471 0.2104916 0.0713897 0.2219197 0.1975757 0.1946511 0.2161402 0.1828185 0.1895570 0.1309216 0.1755368 0.2179605 0.2159913 0.0782731 0.2397733 0.2315271 0.1941673 0.1799506 0.1781666 0.2599371 0.2098692 0.2482605 0.2000805 0.1872498 0.2162918 0.0962343 0.2063300 0.2653022 0.0642815 0.0961395 0.2305313 0.2073955 0.1938684 0.2593175 0.1926213 0.1878165 0.0676329 0.2131611 0.1818036 0.1807525 0.0644626 0.0767534 0.1331948 0.2059515 0.0874180 0.1828175 0.1688116 0.2492453 0.0988698 0.2237251 0.2290459 0.0766743 0.0959230 
S0299         0.5771561 0.4332622 0.4485999 0.2695511 0.1527651 0.2469147 0.2419529 0.2207013 0.2403359 0.2235148 0.0596275 0.1933979 0.2317589 0.2410240 0.0000000 0.2141237 0.2078190 0.2240400 0.2048762 0.0897685 0.2426642 0.0688162 0.2472984 0.2116094 0.2226325 0.2591026 0.2247043 0.2131027 0.0500767 0.1990777 0.2241234 0.1003560 0.1968098 0.2181928 0.2354508 0.2309794 0.2049407 0.2225831 0.2095170 0.2048844 0.2426212 0.2522655 0.2300846 0.2609863 0.2389113 0.2189798 0.2345363 0.1990116 0.0811008 0.3089869 0.2330146 0.2636675 0.2460084 0.2081823 0.2043828 0.2378760 0.2041720 0.2301236 0.2377310 0.2057263 0.2472984 0.2131584 0.2335882 0.1862970 0.2425730 0.2194503 0.1985357 0.2249336 0.2137525 0.2476061 0.0497574 0.0838796 0.2255174 0.0685276 0.2092138 0.2252075 0.1943936 0.2249987 0.2069351 0.1892494 0.2145503 0.2076359 0.2354403 0.1858689 0.1955586 0.1895726 0.1810633 0.0761734 0.2327761 0.2637738 0.1020974 0.2234416 0.2201220 
S0303         0.5418062 0.4192642 0.4202347 0.2126683 0.1305939 0.1544605 0.3068287 0.1448490 0.1306843 0.1342532 0.1755858 0.1455406 0.1436202 0.1788352 0.2141237 0.0000000 0.1540116 0.1265539 0.1240050 0.1978730 0.1424361 0.1819988 0.1345341 0.1249077 0.0050591 0.1778374 0.1767475 0.0669944 0.2115809 0.1196882 0.1375795 0.1887721 0.1321590 0.1224975 0.1280106 0.0153047 0.1947431 0.1526767 0.0075264 0.1302434 0.1636790 0.1349367 0.1345344 0.1400206 0.1641296 0.1128513 0.0796974 0.1519047 0.1646700 0.1322435 0.1557738 0.1786330 0.1721221 0.1286224 0.1888053 0.1733524 0.0716811 0.1381369 0.1412399 0.1993331 0.1345341 0.1980513 0.1595870 0.1305040 0.0711808 0.1496278 0.1382390 0.2085497 0.1190442 0.1459192 0.1726481 0.1617755 0.0127772 0.2200808 0.0764807 0.0101075 0.1282086 0.0769609 0.1340471 0.1492842 0.1194122 0.1388876 0.1561376 0.1558291 0.1243067 0.1367213 0.1306398 0.2086618 0.1495562 0.1458151 0.1905293 0.1180661 0.1340053 
S0335         0.5141111 0.3563423 0.4283147 0.1514974 0.0112152 0.1856343 0.2247900 0.1723317 0.1530197 0.1661687 0.1777919 0.0830721 0.1816027 0.2005909 0.2078190 0.1540116 0.0000000 0.1577732 0.1621649 0.2079140 0.1497911 0.1955159 0.1521340 0.1449035 0.1641738 0.1364417 0.1564528 0.1574074 0.1888720 0.1552780 0.1776708 0.1893066 0.1423944 0.1532816 0.1622730 0.1712038 0.1964464 0.1572136 0.1580807 0.1604835 0.1230553 0.1522753 0.1704670 0.1581119 0.1194766 0.1548801 0.1801900 0.1125861 0.1565488 0.1309716 0.1193208 0.1407097 0.1244731 0.1636846 0.1897807 0.1471136 0.1908149 0.1018957 0.1035773 0.2011452 0.1521340 0.1998249 0.1161589 0.0673795 0.1872712 0.1599864 0.1120990 0.2105806 0.1496033 0.1942704 0.1898904 0.1666789 0.1761530 0.2276615 0.1563518 0.1666729 0.1577604 0.1676482 0.0803379 0.0862388 0.1459333 0.1640064 0.1791363 0.1250053 0.1582603 0.0866338 0.0739549 0.2159586 0.1855041 0.1683333 0.1749454 0.1523861 0.1763377 
S0400         0.5225962 0.3907507 0.3917264 0.1935069 0.1575446 0.0644225 0.2633766 0.0682519 0.1477157 0.0235375 0.1782096 0.1362809 0.0299706 0.0706024 0.2240400 0.1265539 0.1577732 0.0000000 0.0350289 0.2009956 0.0873141 0.1887449 0.1548715 0.1021950 0.1282595 0.1478521 0.1120016 0.1449465 0.2036194 0.0375371 0.0300461 0.1811721 0.0876572 0.0154421 0.1556244 0.1277580 0.1877434 0.0907691 0.1300316 0.0208646 0.1384427 0.1553361 0.0179976 0.1649629 0.1402114 0.1441806 0.1667667 0.1348592 0.1682784 0.1442560 0.1122457 0.1521310 0.1463193 0.0786318 0.1776808 0.1727331 0.1519890 0.1230474 0.1209523 0.1985601 0.1548715 0.1972668 0.1325792 0.1228768 0.1657368 0.0580591 0.1459542 0.2078850 0.0050180 0.0633129 0.1936544 0.1554327 0.1392861 0.2437402 0.1318424 0.1343194 0.0236651 0.1727925 0.1218892 0.1399137 0.0050305 0.0318201 0.0728376 0.1703454 0.0557573 0.1360650 0.1183276 0.2159646 0.0596866 0.1667741 0.1828231 0.0205962 0.0579230 
S0405         0.5541802 0.4146209 0.3956732 0.1947934 0.1554716 0.0709027 0.2768593 0.0859546 0.1528645 0.0320510 0.1664421 0.1330724 0.0359267 0.0802434 0.2048762 0.1240050 0.1621649 0.0350289 0.0000000 0.1834630 0.0906991 0.1728222 0.1566432 0.1053468 0.1256839 0.1670485 0.1237808 0.1456800 0.1997819 0.0402086 0.0335469 0.1715467 0.0909559 0.0293060 0.1655765 0.1251897 0.1948965 0.0841858 0.1274902 0.0263338 0.1568707 0.1571170 0.0379232 0.1668831 0.1528976 0.1535502 0.1694360 0.1306467 0.1403637 0.1177562 0.1290305 0.1710513 0.1652456 0.0699802 0.1894212 0.1783194 0.1446835 0.1404741 0.1353332 0.2060790 0.1566432 0.2047124 0.1550839 0.1435915 0.1594059 0.0674988 0.1596828 0.2156799 0.0293436 0.0568669 0.1815998 0.1538060 0.1367286 0.2246987 0.1458181 0.1317735 0.0237396 0.1613645 0.1340680 0.1366883 0.0294225 0.0263045 0.0985606 0.1772221 0.0555249 0.1363526 0.1266844 0.2080084 0.0533633 0.1686979 0.1734634 0.0406456 0.0581652 
S0407sl       0.5951601 0.4377773 0.4682527 0.2768827 0.1634732 0.2352915 0.3406016 0.1978800 0.2378422 0.2005645 0.0643080 0.1879691 0.2076337 0.2395964 0.0897685 0.1978730 0.2079140 0.2009956 0.1834630 0.0000000 0.1990364 0.0905903 0.2445548 0.1722681 0.2055309 0.2238896 0.1912519 0.1925731 0.0746837 0.1656337 0.2013139 0.0837910 0.1854827 0.1901896 0.2456494 0.2221287 0.2250686 0.1889387 0.1976045 0.1839828 0.2142786 0.2453070 0.2063844 0.2585403 0.2179408 0.2234600 0.2223381 0.2053528 0.0560354 0.1747084 0.2281325 0.2327906 0.2170773 0.1601852 0.1934071 0.2258242 0.1784857 0.2006521 0.2140171 0.2310382 0.2445548 0.2332808 0.2483147 0.1859161 0.2449801 0.2073865 0.1903843 0.2452911 0.1917177 0.2218845 0.0544889 0.0714192 0.2132401 0.1037293 0.1983394 0.2080392 0.1777500 0.2133876 0.1894428 0.1840303 0.1923817 0.1864637 0.2292520 0.1928342 0.1851125 0.1965379 0.1841893 0.0847030 0.2243305 0.2602562 0.0849096 0.2050356 0.2021087 
S0412sl       0.5364711 0.3898805 0.4236045 0.2195467 0.1397223 0.1076949 0.2905767 0.1097533 0.1628856 0.0871725 0.1827212 0.1375976 0.0936281 0.1334001 0.2426642 0.1424361 0.1497911 0.0873141 0.0906991 0.1990364 0.0000000 0.2101986 0.1745802 0.1134840 0.1522042 0.1609001 0.1054766 0.1619860 0.2302986 0.0779609 0.0977081 0.1956009 0.0643514 0.0837857 0.1835015 0.1591135 0.1857219 0.0589520 0.1537804 0.0831503 0.1510211 0.1751097 0.0976550 0.1855195 0.1480748 0.1715377 0.2036644 0.1513597 0.1954851 0.1744692 0.1349567 0.1653618 0.1558408 0.1173264 0.1796803 0.1696772 0.1659656 0.1398927 0.1388291 0.2008548 0.1745802 0.1995344 0.1569219 0.1321500 0.1690157 0.0966263 0.1718239 0.2103019 0.0806276 0.1203910 0.2080591 0.1765988 0.1543304 0.2671844 0.1657621 0.1505893 0.0805044 0.1950049 0.1252148 0.1412653 0.0775158 0.0830974 0.1041818 0.1910336 0.0875655 0.1455610 0.1307596 0.2338184 0.1156091 0.1872197 0.1974511 0.0936546 0.1152034 
S0417         0.6024297 0.3911931 0.3855113 0.2299540 0.1395257 0.2046116 0.2733384 0.1983353 0.2363079 0.1851588 0.0743367 0.1753160 0.1810817 0.2114943 0.0688162 0.1819988 0.1955159 0.1887449 0.1728222 0.0905903 0.2101986 0.0000000 0.2473863 0.1789048 0.1846574 0.2296600 0.2038291 0.1635920 0.0594371 0.1596225 0.1991836 0.0960927 0.1830363 0.1847140 0.2422488 0.1955773 0.1971727 0.1984723 0.1775306 0.1736424 0.2156436 0.2519893 0.1905519 0.2609956 0.2204860 0.2148376 0.1857141 0.1956888 0.0617471 0.1688990 0.2235637 0.2336947 0.2142702 0.1585590 0.1887412 0.1976431 0.1771729 0.2133802 0.2162687 0.1937079 0.2473863 0.2004563 0.2225798 0.1741901 0.2106748 0.1900703 0.1783588 0.2109163 0.1800071 0.2138194 0.0491820 0.0808266 0.1973443 0.1002593 0.1679257 0.1786652 0.1689778 0.1826892 0.1923646 0.1716047 0.1806033 0.1842100 0.2109077 0.1761370 0.1730081 0.1711708 0.1589153 0.0679623 0.2100030 0.2626371 0.1048516 0.1883030 0.1908333 
S0419         0.4958162 0.4300322 0.4341695 0.1788231 0.1218216 0.1867384 0.2726359 0.1751498 0.0212099 0.1593394 0.2040148 0.1432661 0.1744698 0.2098692 0.2472984 0.1345341 0.1521340 0.1548715 0.1566432 0.2445548 0.1745802 0.2473863 0.0000000 0.1340740 0.1440089 0.1576694 0.2251724 0.1669881 0.2646644 0.1614361 0.1723706 0.1950271 0.1572481 0.1503960 0.0345763 0.1434361 0.2141054 0.1738070 0.1384003 0.1551506 0.1558669 0.0025091 0.1675396 0.0050915 0.1487161 0.0297462 0.1453733 0.1085803 0.1760180 0.1457030 0.1393417 0.1583571 0.1445446 0.1405820 0.2088208 0.1973186 0.1496810 0.1439302 0.1434184 0.2146586 0.0000010 0.2131120 0.1356096 0.1067218 0.1553999 0.1751542 0.1518117 0.2288566 0.1467177 0.1727760 0.2367863 0.1744707 0.1554607 0.2735212 0.1542811 0.1424968 0.1642739 0.1429642 0.1196472 0.1470173 0.1471916 0.1683874 0.1799228 0.1721368 0.1648056 0.1462981 0.1242172 0.2716402 0.1688276 0.0101649 0.2008002 0.1546927 0.1681179 
S0427         0.5851767 0.3917869 0.3907527 0.1924511 0.1232429 0.1379781 0.2602191 0.1112083 0.1497173 0.1020254 0.1713192 0.1250624 0.1128689 0.1229800 0.2116094 0.1249077 0.1449035 0.1021950 0.1053468 0.1722681 0.1134840 0.1789048 0.1340740 0.0000000 0.1265699 0.1443000 0.1481685 0.1439939 0.1835372 0.0920265 0.1034017 0.1612946 0.0935163 0.0985415 0.1459233 0.1365638 0.1754855 0.1105484 0.1283360 0.0912778 0.1425473 0.1344742 0.0994416 0.1433819 0.1381847 0.1304790 0.1589149 0.1329143 0.1687402 0.1152683 0.1305686 0.1485405 0.1352426 0.0973637 0.1778517 0.1641787 0.1416309 0.1232883 0.1260115 0.1859999 0.1340740 0.1888597 0.1402634 0.1233664 0.1606457 0.1081491 0.1468432 0.1945925 0.0953330 0.1088565 0.1667805 0.1471516 0.1374300 0.2180852 0.1397902 0.1252818 0.0951768 0.1560455 0.1248521 0.1327368 0.0956109 0.1047487 0.1212483 0.1501170 0.0863337 0.1355717 0.1212599 0.2010112 0.1010765 0.1456130 0.1661175 0.1044381 0.1050157 
S0430         0.5699773 0.4409003 0.4418648 0.2251375 0.1410186 0.1566248 0.3259335 0.1468807 0.1402607 0.1360828 0.1865777 0.1475491 0.1452424 0.1814082 0.2226325 0.0050591 0.1641738 0.1282595 0.1256839 0.2055309 0.1522042 0.1846574 0.1440089 0.1265699 0.0000000 0.1752601 0.1878252 0.0678130 0.2147999 0.1212934 0.1395437 0.1914791 0.1416438 0.1241348 0.1373310 0.0154761 0.2016374 0.1547896 0.0076092 0.1320069 0.1610973 0.1444439 0.1320469 0.1497847 0.1664720 0.1218726 0.0806888 0.1540012 0.1752534 0.1186351 0.1579737 0.1760475 0.1695529 0.1297405 0.1955032 0.1758204 0.0725811 0.1400289 0.1432175 0.2063507 0.1440089 0.2050023 0.1618506 0.1398293 0.0720680 0.1517041 0.1401338 0.2158139 0.1206316 0.1479841 0.1751370 0.1640495 0.0129202 0.2233938 0.0774277 0.0102192 0.1299583 0.0776946 0.1434800 0.1513519 0.1210098 0.1407989 0.1583978 0.1580338 0.1259941 0.1385765 0.1324149 0.2211958 0.1516761 0.1556719 0.1932862 0.1196279 0.1358283 
S0552sl       0.6243726 0.4106526 0.4585211 0.1823509 0.1334963 0.1977545 0.2924426 0.1617350 0.1547594 0.1561296 0.1958346 0.1159925 0.1710590 0.2184833 0.2591026 0.1778374 0.1364417 0.1478521 0.1670485 0.2238896 0.1609001 0.2296600 0.1576694 0.1443000 0.1752601 0.0000000 0.2044700 0.1764433 0.2440216 0.1537289 0.1773678 0.2005115 0.1370489 0.1401702 0.1705606 0.1919674 0.2137485 0.1648139 0.1655964 0.1559882 0.0208220 0.1615436 0.1524072 0.1679937 0.0621926 0.1632462 0.2169412 0.1256382 0.1907289 0.0087279 0.0588299 0.0183066 0.0180967 0.2108417 0.2108106 0.1423247 0.1893090 0.0650929 0.0695487 0.2186429 0.1576694 0.2081714 0.0652047 0.0972085 0.2037509 0.1565024 0.1321532 0.2234661 0.1397937 0.1873951 0.2146956 0.1686327 0.1930346 0.2841324 0.1726762 0.1784307 0.1571117 0.1975511 0.1045512 0.1194934 0.1402434 0.1553416 0.1698660 0.1583530 0.1459480 0.1192048 0.1089386 0.2334472 0.1832844 0.1659645 0.1984492 0.1461736 0.1617469 
S0558         0.5436536 0.4222263 0.4513793 0.1920760 0.1719875 0.1540486 0.2829468 0.1229977 0.2109613 0.1157432 0.1760953 0.1679379 0.1203604 0.1465067 0.2247043 0.1767475 0.1564528 0.1120016 0.1237808 0.1912519 0.1054766 0.2038291 0.2251724 0.1481685 0.1878252 0.2044700 0.0000000 0.1826879 0.1807293 0.1194354 0.1126092 0.2092893 0.1043670 0.1046247 0.2290074 0.1951748 0.2070255 0.0932337 0.1890842 0.1075059 0.1931352 0.2258493 0.1194874 0.2380170 0.1782734 0.2091040 0.2271038 0.1773346 0.1885388 0.1684873 0.1618741 0.2086910 0.1939762 0.1081441 0.2072019 0.2004613 0.1942091 0.1572021 0.1560100 0.2185221 0.2251724 0.2170696 0.1821272 0.1451755 0.2253290 0.1293958 0.1684225 0.2283190 0.1047963 0.1515608 0.2045466 0.1850333 0.2005316 0.2399108 0.1740507 0.1943094 0.1084426 0.2241125 0.1456755 0.1605403 0.1014884 0.1185502 0.1286406 0.1894658 0.1127942 0.1676587 0.1522402 0.2133685 0.1425094 0.2398137 0.2153047 0.1187044 0.1332055 
S0616         0.5905695 0.4027271 0.4237030 0.2164114 0.1089872 0.1800063 0.2598479 0.1753571 0.1636270 0.1530069 0.1786769 0.1218599 0.1634078 0.1949986 0.2131027 0.0669944 0.1574074 0.1449465 0.1456800 0.1925731 0.1619860 0.1635920 0.1669881 0.1439939 0.0678130 0.1764433 0.1826879 0.0000000 0.2041315 0.1339168 0.1698416 0.1738551 0.1496059 0.1488838 0.1562366 0.0798216 0.2007272 0.1590657 0.0638607 0.1451996 0.1624275 0.1674880 0.1533231 0.1733025 0.1709437 0.1361749 0.0808611 0.1316745 0.1998425 0.2011945 0.1763416 0.1812404 0.1631180 0.2035779 0.1946310 0.1818274 0.0944041 0.1538051 0.1611939 0.2054142 0.1669881 0.2040775 0.1768829 0.1264257 0.0853771 0.1690384 0.1203936 0.2104504 0.1370937 0.1596346 0.1560475 0.1516918 0.0771381 0.2192100 0.0514946 0.0733735 0.1501468 0.0809503 0.1373294 0.1222474 0.1375262 0.1612420 0.1785409 0.1515686 0.1427853 0.1137610 0.1078736 0.2205568 0.1633127 0.1710008 0.1754609 0.1440142 0.1527214 
S0624         0.5753311 0.4068168 0.4242311 0.2452384 0.1582556 0.2288644 0.2947722 0.2005170 0.2534756 0.2031829 0.0600575 0.1747935 0.2096566 0.2234687 0.0500767 0.2115809 0.1888720 0.2036194 0.1997819 0.0746837 0.2302986 0.0594371 0.2646644 0.1835372 0.2147999 0.2440216 0.1807293 0.2041315 0.0000000 0.1641773 0.2142577 0.0881006 0.1966061 0.1983989 0.2635756 0.2181335 0.2137941 0.2082202 0.2158049 0.1865769 0.2291671 0.2646644 0.2090122 0.2792095 0.2162321 0.2404078 0.2188028 0.1875619 0.0616599 0.2395670 0.2205290 0.2543908 0.2278823 0.2144615 0.2041542 0.2172659 0.1983897 0.2135849 0.2279100 0.2145783 0.2646644 0.2216813 0.2118471 0.1715920 0.2315517 0.1953664 0.1825849 0.2330727 0.1943451 0.2347507 0.0499243 0.0727673 0.2166672 0.0644205 0.2049757 0.2172421 0.1818848 0.2157530 0.1908118 0.1750724 0.1950150 0.1978348 0.2135091 0.1679798 0.1778129 0.1780336 0.1668913 0.0668186 0.2251666 0.2807615 0.0967074 0.2031204 0.2044893 
S0641         0.5674602 0.3889806 0.4025562 0.1958550 0.1406039 0.0734612 0.2848552 0.0755942 0.1542510 0.0373850 0.1492978 0.1222057 0.0416212 0.0762859 0.1990777 0.1196882 0.1552780 0.0375371 0.0402086 0.1656337 0.0779609 0.1596225 0.1614361 0.0920265 0.1212934 0.1537289 0.1194354 0.1339168 0.1641773 0.0000000 0.0479709 0.1542100 0.0774601 0.0346268 0.1622430 0.1208201 0.1723387 0.0832809 0.1231278 0.0343862 0.1440317 0.1619262 0.0433323 0.1718920 0.1364745 0.1503568 0.1657298 0.1238344 0.1408134 0.1173957 0.1171924 0.1576010 0.1521055 0.0621275 0.1707323 0.1618783 0.1291718 0.1282468 0.1311241 0.1827237 0.1614361 0.1815422 0.1421672 0.1280662 0.1643793 0.0519459 0.1362766 0.1917652 0.0318549 0.0533909 0.1594729 0.1407683 0.1321818 0.2091495 0.1339983 0.1273314 0.0317371 0.1627548 0.1162440 0.1257345 0.0319399 0.0400057 0.0844901 0.1594555 0.0437092 0.1177709 0.1083956 0.1797604 0.0531628 0.1736825 0.1683804 0.0431405 0.0459362 
S0643         0.5742266 0.4406936 0.4324590 0.2146683 0.1616829 0.0638204 0.2840910 0.0857050 0.1640733 0.0361308 0.1871541 0.1597684 0.0404751 0.0775227 0.2241234 0.1375795 0.1776708 0.0300461 0.0335469 0.2013139 0.0977081 0.1991836 0.1723706 0.1034017 0.1395437 0.1773678 0.1126092 0.1698416 0.2142577 0.0479709 0.0000000 0.1880675 0.0982739 0.0273245 0.1732808 0.1351100 0.2116783 0.0947758 0.1412973 0.0300607 0.1665714 0.1729093 0.0330153 0.1835627 0.1588874 0.1570211 0.1909586 0.1587762 0.1546622 0.1477747 0.1373297 0.1822090 0.1710754 0.0799872 0.2004861 0.1913935 0.1657096 0.1493265 0.1485214 0.2237625 0.1723706 0.2222134 0.1603429 0.1491050 0.1803483 0.0667349 0.1707729 0.2340415 0.0273603 0.0726565 0.2034544 0.1686484 0.1429518 0.2507312 0.1602824 0.1459479 0.0246101 0.1878686 0.1402612 0.1637648 0.0274355 0.0331004 0.0987196 0.1894285 0.0676093 0.1594955 0.1400341 0.2272356 0.0687230 0.1811345 0.1981704 0.0389219 0.0671249 
S0673         0.5561982 0.4083627 0.4265013 0.2280404 0.1454413 0.2239549 0.2783873 0.1881120 0.1885717 0.1808132 0.0808888 0.1561401 0.1827674 0.2264815 0.1003560 0.1887721 0.1893066 0.1811721 0.1715467 0.0837910 0.1956009 0.0960927 0.1950271 0.1612946 0.1914791 0.2005115 0.2092893 0.1738551 0.0881006 0.1542100 0.1880675 0.0000000 0.1771203 0.1764612 0.2025838 0.2068529 0.1882842 0.1814450 0.1926782 0.1713320 0.1880138 0.1991112 0.1860375 0.2064247 0.2118176 0.1819411 0.1979294 0.1690889 0.1007439 0.1828000 0.1920750 0.2095953 0.1903016 0.1456391 0.1840387 0.1967717 0.1705008 0.1905470 0.2033083 0.1968827 0.1950271 0.1956339 0.2092645 0.1427212 0.2116101 0.1793641 0.1672813 0.2059387 0.1727087 0.2029669 0.0702974 0.0101844 0.1953955 0.1061405 0.1709645 0.1938933 0.1742676 0.1949645 0.1557421 0.1526146 0.1732681 0.1857014 0.1985065 0.1684967 0.1537323 0.1594694 0.1486030 0.1074392 0.1945936 0.1952777 0.0261156 0.1849107 0.1781374 
S0689         0.5434333 0.3719427 0.4029598 0.1833467 0.1435272 0.1046045 0.2694878 0.0949858 0.1543344 0.0839387 0.1688207 0.1222121 0.0938760 0.1295020 0.1968098 0.1321590 0.1423944 0.0876572 0.0909559 0.1854827 0.0643514 0.1830363 0.1572481 0.0935163 0.1416438 0.1370489 0.1043670 0.1496059 0.1966061 0.0774601 0.0982739 0.1771203 0.0000000 0.0808183 0.1499852 0.1484913 0.1543748 0.0638220 0.1433242 0.0802063 0.1361721 0.1611121 0.0879330 0.1675391 0.1158687 0.1379286 0.1951705 0.1196043 0.1764138 0.1620065 0.1055635 0.1452385 0.1317819 0.0985425 0.1654394 0.1441897 0.1447363 0.1172323 0.1159685 0.1680548 0.1572481 0.1669935 0.1296990 0.1162973 0.1800189 0.0904345 0.1547899 0.1766940 0.0809424 0.1053778 0.1731755 0.1516736 0.1531472 0.2389976 0.1414154 0.1401461 0.0741926 0.1921841 0.1125027 0.1257385 0.0778181 0.0866858 0.0966784 0.1600921 0.0780660 0.1185409 0.1117387 0.1875036 0.0975622 0.1693549 0.1787555 0.0940230 0.1017036 
S0690         0.5484339 0.4122395 0.4132085 0.1884569 0.1388201 0.0581334 0.2721582 0.0653834 0.1432204 0.0181067 0.1734245 0.1321272 0.0242418 0.0709883 0.2181928 0.1224975 0.1532816 0.0154421 0.0293060 0.1901896 0.0837857 0.1847140 0.1503960 0.0985415 0.1241348 0.1401702 0.1046247 0.1488838 0.1983989 0.0346268 0.0273245 0.1764612 0.0808183 0.0000000 0.1511172 0.1236531 0.1828050 0.0838832 0.1259350 0.0181020 0.1310055 0.1508460 0.0208013 0.1603008 0.1326703 0.1397244 0.1675706 0.1306654 0.1546377 0.1215192 0.1053017 0.1443560 0.1387325 0.0706274 0.1729198 0.1680490 0.1475294 0.1159131 0.1146416 0.1934245 0.1503960 0.1921743 0.1251728 0.1188666 0.1610431 0.0549155 0.1416183 0.2026067 0.0101963 0.0568640 0.1886842 0.1510257 0.1350226 0.2294305 0.1334617 0.1301509 0.0182034 0.1646314 0.1179219 0.1357138 0.0102225 0.0235920 0.0766770 0.1569847 0.0526017 0.1319200 0.1144017 0.2105826 0.0533614 0.1587915 0.1729664 0.0207033 0.0518030 
S0720         0.5303339 0.4603614 0.4842960 0.1936223 0.1335086 0.1919382 0.2808997 0.1698167 0.0295905 0.1601236 0.2114557 0.1602956 0.1753864 0.2105916 0.2354508 0.1280106 0.1622730 0.1556244 0.1655765 0.2456494 0.1835015 0.2422488 0.0345763 0.1459233 0.1373310 0.1705606 0.2290074 0.1562366 0.2635756 0.1622430 0.1732808 0.2025838 0.1499852 0.1511172 0.0000000 0.1441163 0.2262030 0.1872313 0.1318387 0.1559062 0.1608729 0.0373583 0.1683794 0.0406490 0.1536241 0.0025813 0.1421610 0.1364505 0.1765878 0.1724021 0.1367263 0.1713188 0.1493706 0.1612690 0.2138528 0.2068569 0.1450739 0.1399085 0.1430907 0.2312980 0.0345763 0.2246759 0.1402511 0.1259458 0.1486406 0.1804728 0.1567506 0.2415239 0.1474165 0.1660466 0.2316159 0.1814305 0.1445741 0.2679799 0.1475748 0.1358884 0.1650941 0.1360134 0.1202851 0.1642217 0.1478953 0.1688855 0.1729244 0.1736071 0.1699965 0.1449841 0.1334376 0.2665702 0.1703346 0.0459763 0.2170248 0.1554432 0.1675835 
S0724sl       0.5753365 0.4572541 0.4581974 0.2241493 0.1583483 0.1559917 0.3525057 0.1429467 0.1396910 0.1355456 0.1938863 0.1469608 0.1450653 0.1806570 0.2309794 0.0153047 0.1712038 0.1277580 0.1251897 0.2221287 0.1591135 0.1955773 0.1434361 0.1365638 0.0154761 0.1919674 0.1951748 0.0798216 0.2181335 0.1208201 0.1351100 0.2068529 0.1484913 0.1236531 0.1441163 0.0000000 0.2011905 0.1616671 0.0179041 0.1314889 0.1771816 0.1438680 0.1358318 0.1491794 0.1701485 0.1286515 0.0803919 0.1460106 0.1749796 0.1322435 0.1573303 0.1928464 0.1859405 0.1286224 0.1950786 0.1710895 0.0849581 0.1467932 0.1501410 0.2058866 0.1434361 0.2045444 0.1651539 0.1430097 0.0780404 0.1510964 0.1469033 0.2153153 0.1201639 0.1473783 0.1904222 0.1788367 0.0234538 0.2310963 0.0896901 0.0206123 0.1294436 0.0839096 0.1502640 0.1507469 0.1205389 0.1402376 0.1542768 0.1650755 0.1254974 0.1380323 0.1283578 0.2328998 0.1434959 0.1550462 0.2088190 0.1191674 0.1425347 
S0735         0.5360742 0.3456359 0.3973661 0.2487849 0.1877247 0.2318594 0.2143361 0.1874464 0.1943185 0.1925063 0.1984388 0.1700402 0.1988616 0.2469413 0.2049407 0.1947431 0.1964464 0.1877434 0.1948965 0.2250686 0.1857219 0.1971727 0.2141054 0.1754855 0.2016374 0.2137485 0.2070255 0.2007272 0.2137941 0.1723387 0.2116783 0.1882842 0.1543748 0.1828050 0.2262030 0.2011905 0.0000000 0.1532304 0.2027485 0.1904487 0.2068136 0.2184442 0.1928454 0.2217535 0.1880527 0.2142064 0.2173231 0.1747828 0.1946022 0.2116885 0.1890127 0.2186166 0.2029815 0.1923272 0.0261864 0.2008872 0.2175575 0.1819559 0.1904825 0.0075993 0.2141054 0.0075598 0.1989298 0.1567944 0.2390423 0.1983350 0.1749511 0.0127849 0.1789014 0.2196756 0.1951536 0.1657590 0.2097686 0.2397202 0.1759336 0.1994025 0.1895469 0.2229407 0.1831446 0.1666476 0.1749773 0.2059733 0.1957577 0.1764302 0.1830065 0.1735503 0.1570071 0.2243973 0.2003873 0.2278970 0.1829229 0.1857497 0.2152514 
S0742         0.5587524 0.3976212 0.4201944 0.2220654 0.1545129 0.1223791 0.2668251 0.1007861 0.1712536 0.0870172 0.1846501 0.1371681 0.0938220 0.1314001 0.2225831 0.1526767 0.1572136 0.0907691 0.0841858 0.1889387 0.0589520 0.1984723 0.1738070 0.1105484 0.1547896 0.1648139 0.0932337 0.1590657 0.2082202 0.0832809 0.0947758 0.1814450 0.0638220 0.0838832 0.1872313 0.1616671 0.1532304 0.0000000 0.1563300 0.0832469 0.1548246 0.1743331 0.0942543 0.1846901 0.1414482 0.1752839 0.2116198 0.1376128 0.1868326 0.1748613 0.1336360 0.1687503 0.1554813 0.1198621 0.1497729 0.1799651 0.1640677 0.1345453 0.1298943 0.1667898 0.1738070 0.1657424 0.1595061 0.1383012 0.2016422 0.1034609 0.1657426 0.1753548 0.0840128 0.1053591 0.1983735 0.1672476 0.1664391 0.2420595 0.1509945 0.1609803 0.0803669 0.2046031 0.1240122 0.1408221 0.0808745 0.0868254 0.1025827 0.1752270 0.0806469 0.1356288 0.1258226 0.2212839 0.1008906 0.1863912 0.1831282 0.0971579 0.0970699 
S0748         0.5492084 0.4253263 0.4262920 0.2174203 0.1305939 0.1581648 0.3071830 0.1485262 0.1346056 0.1377933 0.1794597 0.1418639 0.1473469 0.1827203 0.2095170 0.0075264 0.1580807 0.1300316 0.1274902 0.1976045 0.1537804 0.1775306 0.1384003 0.1283360 0.0076092 0.1655964 0.1890842 0.0638607 0.2158049 0.1231278 0.1412973 0.1926782 0.1433242 0.1259350 0.1318387 0.0179041 0.2027485 0.1563300 0.0000000 0.1337485 0.1518943 0.1388145 0.1380810 0.1439825 0.1602598 0.1166151 0.0827769 0.1482038 0.1575742 0.1194745 0.1519748 0.1663264 0.1601134 0.1389238 0.1966657 0.1694588 0.0747642 0.1345136 0.1375262 0.2074152 0.1384003 0.2060752 0.1557576 0.1343248 0.0742413 0.1532809 0.1346128 0.2167849 0.1224628 0.1496318 0.1682956 0.1655150 0.0153738 0.2242926 0.0795383 0.0126681 0.1317347 0.0800386 0.1378982 0.1455805 0.1228425 0.1424769 0.1599692 0.1520232 0.1278019 0.1331377 0.1270707 0.2128932 0.1532878 0.1497928 0.1944764 0.1214533 0.1375385 
S0756         0.5723328 0.4189991 0.4132090 0.1978942 0.1537940 0.0577122 0.2687778 0.0621560 0.1519537 0.0207927 0.1676638 0.1320469 0.0240797 0.0672664 0.2048844 0.1302434 0.1604835 0.0208646 0.0263338 0.1839828 0.0831503 0.1736424 0.1551506 0.0912778 0.1320069 0.1559882 0.1075059 0.1451996 0.1865769 0.0343862 0.0300607 0.1713320 0.0802063 0.0181020 0.1559062 0.1314889 0.1904487 0.0832469 0.1337485 0.0000000 0.1463130 0.1556166 0.0263532 0.1652634 0.1429574 0.1444479 0.1804798 0.1345031 0.1517959 0.1173957 0.1195725 0.1603685 0.1465820 0.0611740 0.1803760 0.1679517 0.1427269 0.1305851 0.1295271 0.2012774 0.1551506 0.1999719 0.1404140 0.1304027 0.1743059 0.0515148 0.1498458 0.2105958 0.0154969 0.0568206 0.1774656 0.1504123 0.1431300 0.2249289 0.1451062 0.1380903 0.0180807 0.1814428 0.1255094 0.1317698 0.0155373 0.0260442 0.0771749 0.1650664 0.0522207 0.1318400 0.1143294 0.1983386 0.0533206 0.1670747 0.1776065 0.0289208 0.0517643 
S0758         0.6043781 0.4062648 0.4549423 0.1629281 0.1210456 0.1826361 0.2651705 0.1517939 0.1452933 0.1464378 0.1873455 0.0939209 0.1605585 0.2066471 0.2426212 0.1636790 0.1230553 0.1384427 0.1568707 0.2142786 0.1510211 0.2156436 0.1558669 0.1425473 0.1610973 0.0208220 0.1931352 0.1624275 0.2291671 0.1440317 0.1665714 0.1880138 0.1361721 0.1310055 0.1608729 0.1771816 0.2068136 0.1548246 0.1518943 0.1463130 0.0000000 0.1596903 0.1428219 0.1660304 0.0588272 0.1535258 0.2010273 0.1242624 0.2015504 0.0087279 0.0494513 0.0235846 0.0180248 0.2256368 0.2040085 0.1225189 0.1824962 0.0584850 0.0627142 0.2115880 0.1558669 0.2101976 0.0554745 0.0866214 0.1883178 0.1578959 0.1155991 0.2162929 0.1306527 0.1763850 0.2013576 0.1573472 0.1781480 0.2676876 0.1630133 0.1685289 0.1473441 0.1824701 0.0896764 0.0972074 0.1310648 0.1457170 0.1594593 0.1401615 0.1364961 0.0969830 0.0873138 0.2216560 0.1724048 0.1640474 0.1859283 0.1334397 0.1517872 
S0760         0.4963886 0.4312702 0.4354216 0.1827951 0.1218216 0.1869195 0.2786368 0.1756824 0.0239411 0.1598181 0.2082516 0.1469760 0.1750097 0.2104916 0.2522655 0.1349367 0.1522753 0.1553361 0.1571170 0.2453070 0.1751097 0.2519893 0.0025091 0.1344742 0.1444439 0.1615436 0.2258493 0.1674880 0.2646644 0.1619262 0.1729093 0.1991112 0.1611121 0.1508460 0.0373583 0.1438680 0.2184442 0.1743331 0.1388145 0.1556166 0.1596903 0.0000000 0.1680423 0.0076621 0.1491669 0.0325588 0.1458059 0.1119909 0.1760180 0.1457030 0.1430167 0.1622509 0.1482909 0.1405820 0.2094483 0.2014668 0.1501366 0.1443646 0.1438599 0.2190098 0.0025091 0.2174258 0.1392606 0.1101612 0.1558671 0.1756768 0.1556056 0.2333245 0.1471578 0.1733071 0.2412863 0.1784006 0.1559282 0.2743275 0.1547420 0.1429237 0.1647683 0.1433933 0.1231462 0.1507542 0.1476342 0.1688933 0.1804815 0.1760932 0.1653036 0.1500151 0.1277769 0.2764921 0.1689910 0.0127469 0.2049511 0.1551560 0.1682769 
