64
CRNC          0.0000000 0.1403189 0.1791563 0.2240023 0.2579827 0.2128513 0.1865335 0.2325143 0.2031208 0.2416804 0.2544342 0.3059022 0.2611894 0.2597390 0.2183322 0.2671971 0.2447306 0.2197850 0.2245811 0.2687957 0.2431242 0.2824186 0.2630490 0.2084285 0.1241216 0.2609488 0.2009265 0.2510586 0.3006144 0.2227500 0.3157811 0.2240023 0.2033121 0.1880989 0.2055847 0.2592962 0.1866387 0.2885804 0.2487032 0.2823775 0.2703668 0.2446385 0.2791529 0.2625155 0.2256868 0.2400225 0.2216003 0.1518905 0.2938933 0.2860402 0.3018155 0.2738657 0.2808905 0.2105869 0.3698593 0.1970178 0.2389362 0.2520439 0.1739987 0.2623586 0.2426768 0.2258885 0.2875880 0.2376649 
HYZL          0.1403189 0.0000000 0.0861450 0.2681494 0.2551191 0.2698488 0.2293407 0.2608864 0.2326264 0.2241535 0.2429947 0.3615594 0.3449108 0.2650525 0.2618563 0.2954173 0.2617616 0.2593854 0.2688243 0.2776634 0.2771036 0.3431342 0.2628696 0.2234304 0.1561636 0.2989168 0.2394006 0.2649750 0.3082822 0.2391657 0.3741664 0.2414145 0.2398060 0.2081050 0.2442863 0.2663409 0.1796716 0.3098722 0.2467241 0.2787905 0.2611146 0.3123098 0.2751778 0.2835677 0.2549674 0.3105544 0.2189203 0.1931765 0.3579881 0.3121959 0.3257146 0.2974229 0.3065823 0.2358618 0.3952433 0.2773453 0.2478516 0.3019379 0.2193451 0.2684719 0.2758180 0.2551191 0.2807321 0.2698861 
MYZV          0.1791563 0.0861450 0.0000000 0.3132521 0.2586086 0.2442552 0.2924313 0.2590929 0.2762148 0.2421830 0.3647678 0.3031972 0.3187564 0.3120885 0.3363032 0.2615217 0.3709069 0.2470018 0.3403428 0.3115752 0.3394193 0.3346227 0.2468916 0.2960081 0.2352637 0.2880732 0.2738860 0.3129315 0.3449480 0.3144644 0.3811423 0.3132521 0.3166172 0.2565287 0.2661726 0.2640973 0.1995036 0.2881215 0.2441109 0.2984598 0.3228211 0.3546976 0.2951893 0.2753629 0.2515378 0.3586268 0.3132282 0.2506117 0.3070730 0.2719550 0.3164322 0.2868416 0.2942783 0.2611946 0.3376733 0.3213589 0.2307963 0.3494130 0.2757461 0.2899294 0.3072015 0.2516739 0.3120206 0.2639889 
SRR6441723    0.2240023 0.2681494 0.3132521 0.0000000 0.0575684 0.0872822 0.0680256 0.0430005 0.0228680 0.0624480 0.0725946 0.0805292 0.0638867 0.0660865 0.0442339 0.0795355 0.0411633 0.0370537 0.0611313 0.0554243 0.0641596 0.0628793 0.0920859 0.0284922 0.0310665 0.0350980 0.0365885 0.0702384 0.0480523 0.0415082 0.0626565 0.0351782 0.0370435 0.0360107 0.0697626 0.1082466 0.0631103 0.0686821 0.0962779 0.0772303 0.0347400 0.0344008 0.0842905 0.0542232 0.0495417 0.0439212 0.0355221 0.0180922 0.0846856 0.0862816 0.0481182 0.0348444 0.0617875 0.0481481 0.0725517 0.0550688 0.0493561 0.0350692 0.0562048 0.0629820 0.0284912 0.0349561 0.0613918 0.0412122 
ERR2789774    0.2579827 0.2551191 0.2586086 0.0575684 0.0000000 0.1014289 0.0721796 0.0243499 0.0451200 0.0592829 0.0981558 0.1305034 0.0898484 0.0737670 0.0778551 0.0513738 0.0819104 0.0122919 0.0998575 0.0663786 0.0610209 0.0939202 0.1221459 0.0664536 0.0548283 0.0441222 0.0514805 0.0746526 0.1016339 0.0677251 0.0878130 0.0754765 0.0684395 0.0668951 0.0521932 0.1512793 0.0618895 0.0837771 0.1231540 0.1135514 0.0448087 0.0713887 0.1219668 0.0360444 0.0308515 0.0890537 0.0608773 0.0403615 0.1201391 0.1225996 0.0851112 0.0437920 0.0431186 0.0299967 0.0448663 0.0975055 0.0304946 0.0577834 0.0907968 0.0304946 0.0517901 0.0174079 0.0838497 0.0234635 
PAFTOL_019361 0.2128513 0.2698488 0.2442552 0.0872822 0.1014289 0.0000000 0.1209486 0.1078973 0.0914055 0.1105056 0.1639250 0.1540886 0.1014780 0.1199088 0.1064378 0.1041973 0.0985118 0.0757605 0.1288332 0.1173938 0.1352554 0.1038156 0.1509741 0.1144370 0.0814024 0.1079209 0.0957313 0.1248784 0.1121727 0.0996189 0.1478176 0.1121402 0.0960942 0.0939939 0.1233923 0.1630908 0.1154415 0.1236951 0.1457332 0.1238953 0.1064001 0.1019113 0.1409937 0.1199369 0.1166270 0.1063827 0.0827601 0.0636056 0.1306632 0.1526313 0.0958722 0.1072393 0.1307133 0.1128586 0.1619413 0.1026258 0.0776148 0.1122959 0.1245593 0.1335980 0.0976540 0.0953961 0.1466473 0.1033260 
S0281         0.1865335 0.2293407 0.2924313 0.0680256 0.0721796 0.1209486 0.0000000 0.0708904 0.0498595 0.0621768 0.1160562 0.1198367 0.0936728 0.0968641 0.0720489 0.0731289 0.0923988 0.0507254 0.1091351 0.0906129 0.0640184 0.0971093 0.1121444 0.0768911 0.0438474 0.0857068 0.0632106 0.0487412 0.1085979 0.0781349 0.1172669 0.0777394 0.0639638 0.0548685 0.0695944 0.1457659 0.0648198 0.0936929 0.1155729 0.1043171 0.0846239 0.0736936 0.1120242 0.0677441 0.0781062 0.0992803 0.0715995 0.0683672 0.1288035 0.1312648 0.1089953 0.0851579 0.0758035 0.0615518 0.1212679 0.0685038 0.0717592 0.0612678 0.0745733 0.0926146 0.0768975 0.0611967 0.0635785 0.0679902 
S0282         0.2325143 0.2608864 0.2590929 0.0430005 0.0243499 0.1078973 0.0708904 0.0000000 0.0309781 0.0442503 0.0875124 0.0953408 0.0877063 0.0799314 0.0609313 0.0604941 0.0653456 0.0121684 0.0817646 0.0650880 0.0455645 0.0919013 0.1018195 0.0430875 0.0393988 0.0303166 0.0371202 0.0585987 0.0832500 0.0665019 0.0683288 0.0591241 0.0528755 0.0513239 0.0513654 0.1287100 0.0607919 0.0667556 0.1131927 0.0938696 0.0373939 0.0560569 0.1017405 0.0231723 0.0178328 0.0707682 0.0598191 0.0258206 0.1001146 0.1021228 0.0833847 0.0300862 0.0296497 0.0173635 0.0553879 0.0798901 0.0176259 0.0431604 0.0705566 0.0238078 0.0373028 0.0056086 0.0668303 0.0113309 
S0289         0.2031208 0.2326264 0.2762148 0.0228680 0.0451200 0.0914055 0.0498595 0.0309781 0.0000000 0.0511533 0.0368077 0.0758747 0.0600669 0.0548880 0.0609604 0.0758107 0.0297841 0.0317818 0.0353311 0.0334631 0.0383750 0.0594682 0.0561452 0.0425081 0.0384447 0.0296188 0.0443756 0.0589725 0.0499530 0.0300268 0.0580469 0.0500554 0.0528684 0.0433813 0.0658274 0.0883948 0.0446088 0.0647742 0.0744908 0.0502485 0.0299575 0.0489072 0.0569876 0.0359529 0.0374325 0.0318147 0.0239682 0.0059804 0.0812040 0.0827999 0.0642632 0.0233902 0.0430044 0.0235930 0.0851507 0.0720113 0.0372741 0.0434361 0.0198982 0.0507626 0.0296188 0.0234644 0.0576288 0.0296457 
S0294         0.2416804 0.2241535 0.2421830 0.0624480 0.0592829 0.1105056 0.0621768 0.0442503 0.0511533 0.0000000 0.1012646 0.0903627 0.0902331 0.1096050 0.0825698 0.0638102 0.0870172 0.0239755 0.1038752 0.1024594 0.0660379 0.0939765 0.1269174 0.0712493 0.0601206 0.0486531 0.0729775 0.0643942 0.0687137 0.0879345 0.0716685 0.0801383 0.0738638 0.0639232 0.0416273 0.1553892 0.0824260 0.0541404 0.1424431 0.1185522 0.0642590 0.0759293 0.1267201 0.0422072 0.0509869 0.0936192 0.0811474 0.0545728 0.1018639 0.1038151 0.0688128 0.0645941 0.0494655 0.0495130 0.0830860 0.0857063 0.0360863 0.0631321 0.0774336 0.0648129 0.0414209 0.0359316 0.0579189 0.0423653 
S0299         0.2544342 0.2429947 0.3647678 0.0725946 0.0981558 0.1639250 0.1160562 0.0875124 0.0368077 0.1012646 0.0000000 0.1296298 0.1116823 0.0649718 0.1027681 0.1436907 0.0571411 0.0898718 0.0649011 0.0844719 0.0965711 0.1042655 0.1215708 0.0787093 0.0790226 0.0918117 0.0919173 0.1201737 0.1085391 0.0650328 0.1077645 0.0816580 0.0930421 0.0902056 0.1115111 0.1568908 0.0943186 0.1274051 0.1388433 0.1153831 0.0524897 0.1061127 0.1060824 0.0993699 0.0954120 0.0722512 0.0584716 0.0329345 0.1297290 0.1323364 0.1265305 0.0658571 0.1095407 0.0845299 0.1478773 0.1294623 0.0956642 0.0922915 0.0682321 0.0796308 0.0822346 0.0839671 0.1083614 0.0919173 
S0303         0.3059022 0.3615594 0.3031972 0.0805292 0.1305034 0.1540886 0.1198367 0.0953408 0.0758747 0.0903627 0.1296298 0.0000000 0.0470777 0.1256187 0.0997830 0.1054165 0.0926005 0.0882088 0.1206323 0.1045415 0.0930593 0.0546573 0.1029584 0.0824082 0.0823670 0.0560194 0.1069536 0.0920686 0.1159684 0.0917872 0.0695823 0.1016464 0.0980843 0.0945619 0.0905251 0.1486257 0.0914195 0.0805162 0.1377570 0.1120351 0.1009719 0.0999822 0.1018886 0.0917224 0.1061537 0.0643178 0.0932713 0.0643769 0.0185938 0.0255566 0.1161893 0.0837983 0.1025468 0.1125651 0.1588647 0.1050288 0.1086532 0.1027308 0.0854311 0.1200190 0.0475209 0.0929045 0.1024983 0.1018273 
S0322         0.2611894 0.3449108 0.3187564 0.0638867 0.0898484 0.1014780 0.0936728 0.0877063 0.0600669 0.0902331 0.1116823 0.0470777 0.0000000 0.0820503 0.0997819 0.0690425 0.0677943 0.0526670 0.0940135 0.0786035 0.0681605 0.0060287 0.1262271 0.0822879 0.0725314 0.0557892 0.0876519 0.0919351 0.0903940 0.0509370 0.0539970 0.0833592 0.0888775 0.0858147 0.0568335 0.1358904 0.0692971 0.0802019 0.1201287 0.1264892 0.0828651 0.0996058 0.1155558 0.0915887 0.0868879 0.0419142 0.0517222 0.0376633 0.0397790 0.0479162 0.0804179 0.0834631 0.1023973 0.0861180 0.1429174 0.0861483 0.0890575 0.1023372 0.0779939 0.1074711 0.0473260 0.0749748 0.1023505 0.0834599 
S0478         0.2597390 0.2650525 0.3120885 0.0660865 0.0737670 0.1199088 0.0968641 0.0799314 0.0548880 0.1096050 0.0649718 0.1256187 0.0820503 0.0000000 0.0979724 0.1134809 0.0679138 0.0665978 0.0681354 0.0794500 0.0881004 0.0788763 0.1161341 0.0891169 0.0813694 0.0831534 0.0940173 0.1161108 0.0829594 0.0616982 0.1043846 0.0832519 0.0951066 0.0923478 0.0861498 0.1240992 0.0773043 0.1063555 0.1109698 0.1002181 0.0471881 0.0901072 0.0917847 0.0840043 0.0870443 0.0652246 0.0554792 0.0446040 0.1248504 0.1271883 0.0832613 0.0826292 0.0928355 0.0773875 0.1347824 0.1103535 0.0872521 0.0844436 0.0886503 0.0727641 0.0746506 0.0769178 0.1227908 0.0841320 
S0552sl       0.2183322 0.2618563 0.3363032 0.0442339 0.0778551 0.1064378 0.0720489 0.0609313 0.0609604 0.0825698 0.1027681 0.0997830 0.0997819 0.0979724 0.0000000 0.0903352 0.0649522 0.0545945 0.0996841 0.0673336 0.0848774 0.1027226 0.1295059 0.0367823 0.0117141 0.0534886 0.0172636 0.0745080 0.1002217 0.0655926 0.1078719 0.0295586 0.0054652 0.0302669 0.0908727 0.1581191 0.0751190 0.0842569 0.1450450 0.1116493 0.0651663 0.0574282 0.1199322 0.0728987 0.0683636 0.0900381 0.0589863 0.0486964 0.1109916 0.1132581 0.1003940 0.0675223 0.0817065 0.0662489 0.1074570 0.0812835 0.0582816 0.0587036 0.0776863 0.0727642 0.0454462 0.0512389 0.0923105 0.0582628 
S0558         0.2671971 0.2954173 0.2615217 0.0795355 0.0513738 0.1041973 0.0731289 0.0604941 0.0758107 0.0638102 0.1436907 0.1054165 0.0690425 0.1134809 0.0903352 0.0000000 0.1065991 0.0319243 0.1249273 0.0880121 0.0685277 0.0908432 0.1028278 0.0894146 0.0676090 0.0646033 0.0804533 0.0756221 0.1047509 0.0911867 0.0745906 0.0876903 0.0814144 0.0790347 0.0569419 0.1300191 0.0745169 0.0812352 0.1061308 0.1119703 0.0819127 0.0784493 0.1201884 0.0723376 0.0678370 0.0972573 0.0841969 0.0728872 0.1156738 0.1179399 0.0888659 0.0824424 0.0810271 0.0657616 0.0845783 0.0983568 0.0511669 0.0652881 0.0863741 0.0827235 0.0565238 0.0509190 0.0848106 0.0578694 
S0624         0.2447306 0.2617616 0.3709069 0.0411633 0.0819104 0.0985118 0.0923988 0.0653456 0.0297841 0.0870172 0.0571411 0.0926005 0.0677943 0.0679138 0.0649522 0.1065991 0.0000000 0.0597374 0.0625895 0.0329659 0.0736705 0.0812690 0.1030519 0.0468109 0.0596077 0.0563625 0.0564187 0.0956017 0.0705642 0.0292002 0.0732790 0.0541874 0.0570987 0.0724625 0.0951820 0.1200890 0.0724591 0.0936039 0.1077974 0.0873527 0.0488484 0.0690830 0.0947624 0.0774347 0.0731552 0.0315189 0.0233307 0.0058891 0.0954101 0.1138393 0.0857332 0.0559677 0.0861493 0.0564978 0.1252699 0.0786956 0.0723671 0.0700867 0.0502756 0.0799928 0.0487347 0.0561650 0.0936652 0.0630608 
S0643         0.2197850 0.2593854 0.2470018 0.0370537 0.0122919 0.0757605 0.0507254 0.0121684 0.0317818 0.0239755 0.0898718 0.0882088 0.0526670 0.0665978 0.0545945 0.0319243 0.0597374 0.0000000 0.0756974 0.0433066 0.0393213 0.0604848 0.0951141 0.0448890 0.0330111 0.0241644 0.0382923 0.0525045 0.0593735 0.0456972 0.0516076 0.0529451 0.0465959 0.0452079 0.0243539 0.1135068 0.0397541 0.0443028 0.1064337 0.0870995 0.0381493 0.0501679 0.0950605 0.0238280 0.0183418 0.0642751 0.0391014 0.0267139 0.0838252 0.0855285 0.0451389 0.0309926 0.0305279 0.0178443 0.0479095 0.0739218 0.0118622 0.0374665 0.0633750 0.0311001 0.0241644 0.0057524 0.0606463 0.0116314 
S0645sl       0.2245811 0.2688243 0.3403428 0.0611313 0.0998575 0.1288332 0.1091351 0.0817646 0.0353311 0.1038752 0.0649011 0.1206323 0.0940135 0.0681354 0.0996841 0.1249273 0.0625895 0.0756974 0.0000000 0.0817504 0.0821226 0.0892472 0.1014671 0.0764989 0.0677478 0.0782340 0.0892019 0.1128589 0.0934890 0.0631835 0.0908913 0.0705269 0.0902734 0.0960006 0.0959155 0.1196778 0.0802459 0.0945161 0.1166814 0.0954418 0.0704058 0.0915042 0.0869180 0.0781972 0.0810601 0.0598219 0.0567959 0.0316143 0.1125352 0.1055805 0.1098583 0.0707927 0.0870023 0.0641679 0.1632772 0.0919821 0.0893213 0.0863649 0.0638714 0.0984336 0.0696982 0.0710549 0.1106589 0.0783168 
S0673         0.2687957 0.2776634 0.3115752 0.0554243 0.0663786 0.1173938 0.0906129 0.0650880 0.0334631 0.1024594 0.0844719 0.1045415 0.0786035 0.0794500 0.0673336 0.0880121 0.0329659 0.0433066 0.0817504 0.0000000 0.0777838 0.0869454 0.0915708 0.0542525 0.0618513 0.0547730 0.0548326 0.1126012 0.0915809 0.0191333 0.1018463 0.0630144 0.0582934 0.0852331 0.0937169 0.1103279 0.0679587 0.1100746 0.0840183 0.0918312 0.0733558 0.0893812 0.1003081 0.0777899 0.0731034 0.0406285 0.0193925 0.0206743 0.1033535 0.1149552 0.0919672 0.0470230 0.0873645 0.0549127 0.0951723 0.1112523 0.0728519 0.0917393 0.0771158 0.0824292 0.0568224 0.0545600 0.1101223 0.0620776 
S0689         0.2431242 0.2771036 0.3394193 0.0641596 0.0610209 0.1352554 0.0640184 0.0455645 0.0383750 0.0660379 0.0965711 0.0930593 0.0681605 0.0881004 0.0848774 0.0685277 0.0736705 0.0393213 0.0821226 0.0777838 0.0000000 0.0820907 0.1018036 0.0732078 0.0538864 0.0668891 0.0750163 0.0814009 0.0916565 0.0744285 0.0574019 0.0823361 0.0759410 0.0736742 0.0662353 0.1170196 0.0597392 0.0906504 0.1158647 0.0938565 0.0660567 0.0779318 0.0933434 0.0500034 0.0443610 0.0630602 0.0676537 0.0482486 0.0963590 0.0982349 0.1086073 0.0664152 0.0577044 0.0371959 0.1082222 0.0864141 0.0522784 0.0648763 0.0605019 0.0584331 0.0584944 0.0369822 0.0907172 0.0435841 
S0724sl       0.2824186 0.3431342 0.3346227 0.0628793 0.0939202 0.1038156 0.0971093 0.0919013 0.0594682 0.0939765 0.1042655 0.0546573 0.0060287 0.0788763 0.1027226 0.0908432 0.0812690 0.0604848 0.0892472 0.0869454 0.0820907 0.0000000 0.1443769 0.0868466 0.0785359 0.0627740 0.0918650 0.1070368 0.0712762 0.0668397 0.0611978 0.0878626 0.0929900 0.0901533 0.0712343 0.1531897 0.0753875 0.0848979 0.1391104 0.1263368 0.0795485 0.0942181 0.1166527 0.0952419 0.0911812 0.0709491 0.0601553 0.0468955 0.0545742 0.0555735 0.0630029 0.0800408 0.1049425 0.0904174 0.1684877 0.0900942 0.0931589 0.0964790 0.0693921 0.1095059 0.0549457 0.0803509 0.1048757 0.0879678 
S0735         0.2630490 0.2628696 0.2468916 0.0920859 0.1221459 0.1509741 0.1121444 0.1018195 0.0561452 0.1269174 0.1215708 0.1029584 0.1262271 0.1161341 0.1295059 0.1028278 0.1030519 0.0951141 0.1014671 0.0915708 0.1018036 0.1443769 0.0000000 0.1189127 0.1094146 0.0885067 0.1176224 0.1160499 0.1122962 0.0880475 0.1210047 0.1298845 0.1275040 0.1104682 0.1437410 0.0418951 0.1034150 0.1302766 0.0233879 0.0166054 0.1026042 0.0800995 0.0223204 0.1071711 0.1104241 0.0852393 0.0875907 0.0683852 0.1113841 0.1044717 0.1300254 0.0956998 0.1174945 0.0821983 0.1597476 0.1329530 0.1101926 0.0814240 0.0860582 0.1272215 0.0865801 0.0895877 0.1230834 0.0974591 
S0742         0.2084285 0.2234304 0.2960081 0.0284922 0.0664536 0.1144370 0.0768911 0.0430875 0.0425081 0.0712493 0.0787093 0.0824082 0.0822879 0.0891169 0.0367823 0.0894146 0.0468109 0.0448890 0.0764989 0.0542525 0.0732078 0.0868466 0.1189127 0.0000000 0.0311885 0.0424342 0.0295992 0.0794162 0.0848831 0.0472082 0.0805936 0.0284922 0.0299639 0.0303572 0.0789448 0.1365264 0.0720095 0.0776774 0.1242536 0.1026046 0.0552662 0.0547434 0.1102212 0.0624539 0.0578549 0.0667998 0.0412501 0.0310661 0.1107205 0.1128380 0.0850141 0.0555134 0.0705035 0.0561650 0.1045358 0.0780338 0.0576482 0.0559002 0.0740544 0.0719160 0.0354045 0.0422683 0.0777478 0.0488193 
S0758         0.1241216 0.1561636 0.2352637 0.0310665 0.0548283 0.0814024 0.0438474 0.0393988 0.0384447 0.0601206 0.0790226 0.0823670 0.0725314 0.0813694 0.0117141 0.0676090 0.0596077 0.0330111 0.0677478 0.0618513 0.0538864 0.0785359 0.1094146 0.0311885 0.0000000 0.0465367 0.0116866 0.0526448 0.0847216 0.0602010 0.0713916 0.0240375 0.0057277 0.0178458 0.0603039 0.1170284 0.0447522 0.0612968 0.1158530 0.0935187 0.0531268 0.0437938 0.0930014 0.0514335 0.0383146 0.0656015 0.0530399 0.0412896 0.0867536 0.0885650 0.0848632 0.0461742 0.0594339 0.0449568 0.0903092 0.0584351 0.0376260 0.0447354 0.0425851 0.0446875 0.0387263 0.0310174 0.0689516 0.0376399 
S0770         0.2609488 0.2989168 0.2880732 0.0350980 0.0441222 0.1079209 0.0857068 0.0303166 0.0296188 0.0486531 0.0918117 0.0560194 0.0557892 0.0831534 0.0534886 0.0646033 0.0563625 0.0241644 0.0782340 0.0547730 0.0668891 0.0627740 0.0885067 0.0424342 0.0465367 0.0000000 0.0370063 0.0731942 0.0614118 0.0568880 0.0547428 0.0499629 0.0527636 0.0512132 0.0556008 0.1219750 0.0657615 0.0415714 0.1070837 0.0732622 0.0492994 0.0488193 0.0805245 0.0416035 0.0366281 0.0603844 0.0505093 0.0250464 0.0698579 0.0711713 0.0614989 0.0352260 0.0487362 0.0356197 0.0735185 0.0870557 0.0364749 0.0498492 0.0669988 0.0496594 0.0054144 0.0229866 0.0716037 0.0290371 
S0771         0.2009265 0.2394006 0.2738860 0.0365885 0.0514805 0.0957313 0.0632106 0.0371202 0.0443756 0.0729775 0.0919173 0.1069536 0.0876519 0.0940173 0.0172636 0.0804533 0.0564187 0.0382923 0.0892019 0.0548326 0.0750163 0.0918650 0.1176224 0.0295992 0.0116866 0.0370063 0.0000000 0.0653461 0.0896800 0.0569454 0.0955432 0.0228527 0.0112604 0.0233833 0.0808715 0.1359970 0.0658310 0.0820374 0.1203104 0.1006027 0.0659650 0.0560112 0.1085614 0.0484852 0.0436205 0.0793807 0.0505599 0.0324723 0.1172712 0.1196131 0.0898270 0.0502036 0.0559204 0.0423918 0.0836537 0.0718409 0.0355347 0.0572234 0.0670791 0.0570017 0.0442950 0.0293208 0.0821094 0.0355487 
S0795         0.2510586 0.2649750 0.3129315 0.0702384 0.0746526 0.1248784 0.0487412 0.0585987 0.0589725 0.0643942 0.1201737 0.0920686 0.0919351 0.1161108 0.0745080 0.0756221 0.0956017 0.0525045 0.1128589 0.1126012 0.0814009 0.1070368 0.1160499 0.0794162 0.0526448 0.0731942 0.0653461 0.0000000 0.0957927 0.0966292 0.1026689 0.0803198 0.0661426 0.0566996 0.0780169 0.1506106 0.0826024 0.0810363 0.1307287 0.1079894 0.0722811 0.0760392 0.1159095 0.0559159 0.0656775 0.1029114 0.0897841 0.0629844 0.1154261 0.1176857 0.0959489 0.0726949 0.0637039 0.0637315 0.1151145 0.0857784 0.0593090 0.0632850 0.0663507 0.0800426 0.0646897 0.0494030 0.0513592 0.0561239 
S0888         0.3006144 0.3082822 0.3449480 0.0480523 0.1016339 0.1121727 0.1085979 0.0832500 0.0499530 0.0687137 0.1085391 0.1159684 0.0903940 0.0829594 0.1002217 0.1047509 0.0705642 0.0593735 0.0934890 0.0915809 0.0916565 0.0712762 0.1122962 0.0848831 0.0847216 0.0614118 0.0896800 0.0957927 0.0000000 0.0712587 0.0786639 0.0942032 0.0907602 0.0880450 0.0936253 0.1231171 0.0966795 0.0735303 0.1174517 0.0960622 0.0777546 0.0858729 0.1036774 0.0950625 0.0911594 0.0757051 0.0647376 0.0537748 0.1162962 0.1184837 0.0108612 0.0782183 0.1046373 0.0727992 0.1284560 0.1130681 0.0727078 0.0878752 0.0756419 0.1068713 0.0537823 0.0723465 0.1102541 0.0797089 
S0894         0.2227500 0.2391657 0.3144644 0.0415082 0.0677251 0.0996189 0.0781349 0.0665019 0.0300268 0.0879345 0.0650328 0.0917872 0.0509370 0.0616982 0.0655926 0.0911867 0.0292002 0.0456972 0.0631835 0.0191333 0.0744285 0.0668397 0.0880475 0.0472082 0.0602010 0.0568880 0.0569454 0.0966292 0.0712587 0.0000000 0.0726645 0.0546706 0.0576383 0.0731959 0.0804450 0.1045966 0.0584071 0.0945964 0.0825310 0.0882780 0.0562266 0.0697486 0.0957807 0.0782136 0.0739081 0.0381057 0.0054148 0.0249280 0.0964407 0.0983249 0.0715290 0.0564861 0.0870511 0.0570276 0.1284150 0.0950851 0.0736763 0.0713082 0.0498582 0.0888698 0.0491672 0.0566876 0.0946567 0.0636633 
S0952         0.3157811 0.3741664 0.3811423 0.0626565 0.0878130 0.1478176 0.1172669 0.0683288 0.0580469 0.0716685 0.1077645 0.0695823 0.0539970 0.1043846 0.1078719 0.0745906 0.0732790 0.0516076 0.0908913 0.1018463 0.0574019 0.0611978 0.1210047 0.0805936 0.0713916 0.0547428 0.0955432 0.1026689 0.0786639 0.0726645 0.0000000 0.0909183 0.0968407 0.0935559 0.0637083 0.1205830 0.0842058 0.0705287 0.1378151 0.1313990 0.0646798 0.0801303 0.1205555 0.0726558 0.0675537 0.0475923 0.0737841 0.0294065 0.0536535 0.0622767 0.0787957 0.0650573 0.0823650 0.0576859 0.1010739 0.1025344 0.0765237 0.0824068 0.0854428 0.0865105 0.0464772 0.0571442 0.1003492 0.0650439 
S0959         0.2240023 0.2414145 0.3132521 0.0351782 0.0754765 0.1121402 0.0777394 0.0591241 0.0500554 0.0801383 0.0816580 0.1016464 0.0833592 0.0832519 0.0295586 0.0876903 0.0541874 0.0529451 0.0705269 0.0630144 0.0823361 0.0878626 0.1298845 0.0284922 0.0240375 0.0499629 0.0228527 0.0803198 0.0942032 0.0546706 0.0909183 0.0000000 0.0231299 0.0360107 0.0881860 0.1481867 0.0631103 0.0785462 0.1357205 0.1128685 0.0632389 0.0626442 0.1207565 0.0565125 0.0663229 0.0758303 0.0485396 0.0384530 0.1120953 0.1142643 0.0943546 0.0576290 0.0644502 0.0643268 0.1177774 0.0789124 0.0566093 0.0640178 0.0639594 0.0809482 0.0425253 0.0497763 0.0786163 0.0565941 
S0960         0.2033121 0.2398060 0.3166172 0.0370435 0.0684395 0.0960942 0.0639638 0.0528755 0.0528684 0.0738638 0.0930421 0.0980843 0.0888775 0.0951066 0.0054652 0.0814144 0.0570987 0.0465959 0.0902734 0.0582934 0.0759410 0.0929900 0.1275040 0.0299639 0.0057277 0.0527636 0.0112604 0.0661426 0.0907602 0.0576383 0.0968407 0.0231299 0.0000000 0.0236730 0.0818463 0.1463924 0.0666415 0.0830389 0.1334726 0.1099497 0.0667767 0.0566815 0.1181035 0.0646999 0.0600169 0.0804081 0.0511860 0.0406884 0.1093095 0.1115145 0.0909106 0.0592777 0.0730754 0.0582051 0.0951632 0.0727060 0.0505770 0.0579223 0.0680119 0.0645696 0.0448533 0.0437873 0.0831110 0.0505736 
S0964         0.1880989 0.2081050 0.2565287 0.0360107 0.0668951 0.0939939 0.0548685 0.0513239 0.0433813 0.0639232 0.0902056 0.0945619 0.0858147 0.0923478 0.0302669 0.0790347 0.0724625 0.0452079 0.0960006 0.0852331 0.0736742 0.0901533 0.1104682 0.0303572 0.0178458 0.0512132 0.0233833 0.0566996 0.0880450 0.0731959 0.0935559 0.0360107 0.0236730 0.0000000 0.0794314 0.1419172 0.0646876 0.0805536 0.1154794 0.0945349 0.0648193 0.0550947 0.1020185 0.0554705 0.0582422 0.0778721 0.0665171 0.0476836 0.1150288 0.1172928 0.0881864 0.0651612 0.0632377 0.0565328 0.1052904 0.0705975 0.0491438 0.0562651 0.0571667 0.0723739 0.0435648 0.0425550 0.0724775 0.0491424 
S1052sl       0.2055847 0.2442863 0.2661726 0.0697626 0.0521932 0.1233923 0.0695944 0.0513654 0.0658274 0.0416273 0.1115111 0.0905251 0.0568335 0.0861498 0.0908727 0.0569419 0.0951820 0.0243539 0.0959155 0.0937169 0.0662353 0.0712343 0.1437410 0.0789448 0.0603039 0.0556008 0.0808715 0.0780169 0.0936253 0.0804450 0.0637083 0.0881860 0.0818463 0.0794314 0.0000000 0.1624467 0.0667094 0.0773322 0.1482731 0.1350236 0.0717961 0.0835046 0.1250808 0.0629083 0.0507603 0.0854177 0.0737071 0.0547431 0.0940334 0.0958396 0.0785171 0.0722060 0.0710174 0.0565809 0.1049420 0.0874233 0.0580857 0.0705320 0.0860520 0.0662394 0.0480727 0.0425834 0.0783150 0.0491795 
S1100         0.2592962 0.2663409 0.2640973 0.1082466 0.1512793 0.1630908 0.1457659 0.1287100 0.0883948 0.1553892 0.1568908 0.1486257 0.1358904 0.1240992 0.1581191 0.1300191 0.1200890 0.1135068 0.1196778 0.1103279 0.1170196 0.1531897 0.0418951 0.1365264 0.1170284 0.1219750 0.1359970 0.1506106 0.1231171 0.1045966 0.1205830 0.1481867 0.1463924 0.1419172 0.1624467 0.0000000 0.1151639 0.1702959 0.0369700 0.0482635 0.1283318 0.0959086 0.0477021 0.1408414 0.1146058 0.0933500 0.1040439 0.0680156 0.1545553 0.1473206 0.1413703 0.1212614 0.1524974 0.1072169 0.1725611 0.1368712 0.1307542 0.1233002 0.1001010 0.1405790 0.1193047 0.1149509 0.1580237 0.1233201 
S1102         0.1866387 0.1796716 0.1995036 0.0631103 0.0618895 0.1154415 0.0648198 0.0607919 0.0446088 0.0824260 0.0943186 0.0914195 0.0692971 0.0773043 0.0751190 0.0745169 0.0724591 0.0397541 0.0802459 0.0679587 0.0597392 0.0753875 0.1034150 0.0720095 0.0447522 0.0657615 0.0658310 0.0826024 0.0966795 0.0584071 0.0842058 0.0631103 0.0666415 0.0646876 0.0667094 0.1151639 0.0000000 0.0807491 0.1145818 0.1033954 0.0649549 0.0945727 0.1022163 0.0727581 0.0508686 0.0693477 0.0518641 0.0393728 0.0868486 0.0885239 0.0970478 0.0652991 0.0815633 0.0514228 0.1216124 0.1013625 0.0581487 0.0809615 0.0404113 0.0725373 0.0575049 0.0511134 0.0808206 0.0581301 
S1110         0.2885804 0.3098722 0.2881215 0.0686821 0.0837771 0.1236951 0.0936929 0.0667556 0.0647742 0.0541404 0.1274051 0.0805162 0.0802019 0.1063555 0.0842569 0.0812352 0.0936039 0.0443028 0.0945161 0.1100746 0.0906504 0.0848979 0.1302766 0.0776774 0.0612968 0.0415714 0.0820374 0.0810363 0.0735303 0.0945964 0.0705287 0.0785462 0.0830389 0.0805536 0.0773322 0.1702959 0.0807491 0.0000000 0.1651244 0.1219831 0.0706548 0.0847572 0.1300651 0.0784974 0.0741882 0.1006791 0.0878313 0.0614041 0.0773719 0.0788347 0.0736354 0.0710472 0.0873681 0.0719190 0.1161973 0.1115587 0.0511543 0.0715710 0.0935585 0.0891979 0.0346945 0.0569001 0.0793097 0.0638998 
S1148         0.2487032 0.2467241 0.2441109 0.0962779 0.1231540 0.1457332 0.1155729 0.1131927 0.0744908 0.1424431 0.1388433 0.1377570 0.1201287 0.1109698 0.1450450 0.1061308 0.1077974 0.1064337 0.1166814 0.0840183 0.1158647 0.1391104 0.0233879 0.1242536 0.1158530 0.1070837 0.1203104 0.1307287 0.1174517 0.0825310 0.1378151 0.1357205 0.1334726 0.1154794 0.1482731 0.0369700 0.1145818 0.1651244 0.0000000 0.0294563 0.1160581 0.1001336 0.0356142 0.1184722 0.1222269 0.0895131 0.0820987 0.0716787 0.1523463 0.1449331 0.1247680 0.1064172 0.1293734 0.0925085 0.1696615 0.1389882 0.1220091 0.1107806 0.1024401 0.1396593 0.1070837 0.1001467 0.1381146 0.1083318 
S1180         0.2823775 0.2787905 0.2984598 0.0772303 0.1135514 0.1238953 0.1043171 0.0938696 0.0502485 0.1185522 0.1153831 0.1120351 0.1264892 0.1002181 0.1116493 0.1119703 0.0873527 0.0870995 0.0954418 0.0918312 0.0938565 0.1263368 0.0166054 0.1026046 0.0935187 0.0732622 0.1006027 0.1079894 0.0960622 0.0882780 0.1313990 0.1128685 0.1099497 0.0945349 0.1350236 0.0482635 0.1033954 0.1219831 0.0294563 0.0000000 0.0950129 0.0653801 0.0053620 0.0993163 0.1022572 0.0854798 0.0724873 0.0539588 0.1283587 0.1213151 0.1129527 0.0881579 0.1093269 0.0747975 0.1730424 0.1155596 0.1020178 0.0740839 0.0973955 0.1187479 0.0716808 0.0820900 0.1149347 0.0898207 
S1201sl       0.2703668 0.2611146 0.3228211 0.0347400 0.0448087 0.1064001 0.0846239 0.0373939 0.0299575 0.0642590 0.0524897 0.1009719 0.0828651 0.0471881 0.0651663 0.0819127 0.0488484 0.0381493 0.0704058 0.0733558 0.0660567 0.0795485 0.1026042 0.0552662 0.0531268 0.0492994 0.0659650 0.0722811 0.0777546 0.0562266 0.0646798 0.0632389 0.0667767 0.0648193 0.0717961 0.1283318 0.0649549 0.0706548 0.1160581 0.0950129 0.0000000 0.0618118 0.1025248 0.0557582 0.0509940 0.0596363 0.0499308 0.0185483 0.0871594 0.0888399 0.0778725 0.0358137 0.0635670 0.0495191 0.0844742 0.0859329 0.0437852 0.0425104 0.0666824 0.0367515 0.0419771 0.0359319 0.0707257 0.0423679 
S1214sl       0.2446385 0.3123098 0.3546976 0.0344008 0.0713887 0.1019113 0.0736936 0.0560569 0.0489072 0.0759293 0.1061127 0.0999822 0.0996058 0.0901072 0.0574282 0.0784493 0.0690830 0.0501679 0.0915042 0.0893812 0.0779318 0.0942181 0.0800995 0.0547434 0.0437938 0.0488193 0.0560112 0.0760392 0.0858729 0.0697486 0.0801303 0.0626442 0.0566815 0.0550947 0.0835046 0.0959086 0.0945727 0.0847572 0.1001336 0.0653801 0.0618118 0.0000000 0.0724300 0.0671880 0.0628385 0.0740138 0.0562111 0.0382517 0.1021098 0.1040652 0.0860064 0.0621136 0.0751707 0.0610437 0.0806728 0.0543947 0.0626300 0.0225638 0.0910112 0.0766410 0.0415661 0.0473120 0.0846421 0.0537640 
S1223         0.2791529 0.2751778 0.2951893 0.0842905 0.1219668 0.1409937 0.1120242 0.1017405 0.0569876 0.1267201 0.1060824 0.1018886 0.1155558 0.0917847 0.1199322 0.1201884 0.0947624 0.0950605 0.0869180 0.1003081 0.0933434 0.1166527 0.0223204 0.1102212 0.0930014 0.0805245 0.1085614 0.1159095 0.1036774 0.0957807 0.1205555 0.1207565 0.1181035 0.1020185 0.1250808 0.0477021 0.1022163 0.1300651 0.0356142 0.0053620 0.1025248 0.0724300 0.0000000 0.1070716 0.1010299 0.0767717 0.0796853 0.0536763 0.1189139 0.1119824 0.1208652 0.0956465 0.1173458 0.0821896 0.1846305 0.1167047 0.1100761 0.0814168 0.0960848 0.1199228 0.0787859 0.0895554 0.1229091 0.0973991 
S1227         0.2625155 0.2835677 0.2753629 0.0542232 0.0360444 0.1199369 0.0677441 0.0231723 0.0359529 0.0422072 0.0993699 0.0917224 0.0915887 0.0840043 0.0728987 0.0723376 0.0774347 0.0238280 0.0781972 0.0777899 0.0500034 0.0952419 0.1071711 0.0624539 0.0514335 0.0416035 0.0484852 0.0559159 0.0950625 0.0782136 0.0726558 0.0565125 0.0646999 0.0554705 0.0629083 0.1408414 0.0727581 0.0784974 0.1184722 0.0993163 0.0557582 0.0671880 0.1070716 0.0000000 0.0291308 0.0831192 0.0716421 0.0381947 0.1032668 0.1052729 0.0952164 0.0413070 0.0053938 0.0283698 0.0700640 0.0764619 0.0290077 0.0548017 0.0667862 0.0414413 0.0487514 0.0164983 0.0637291 0.0222215 
S1235sl       0.2256868 0.2549674 0.2515378 0.0495417 0.0308515 0.1166270 0.0781062 0.0178328 0.0374325 0.0509869 0.0954120 0.1061537 0.0868879 0.0870443 0.0683636 0.0678370 0.0731552 0.0183418 0.0810601 0.0731034 0.0443610 0.0911812 0.1104241 0.0578549 0.0383146 0.0366281 0.0436205 0.0656775 0.0911594 0.0739081 0.0675537 0.0663229 0.0600169 0.0582422 0.0507603 0.1146058 0.0508686 0.0741882 0.1222269 0.1022572 0.0509940 0.0628385 0.1010299 0.0291308 0.0000000 0.0700398 0.0671289 0.0252622 0.0994043 0.1014060 0.0913108 0.0363536 0.0358159 0.0232711 0.0561109 0.0768660 0.0238002 0.0500895 0.0586168 0.0290215 0.0438548 0.0112603 0.0742629 0.0170726 
S1239         0.2400225 0.3105544 0.3586268 0.0439212 0.0890537 0.1063827 0.0992803 0.0707682 0.0318147 0.0936192 0.0722512 0.0643178 0.0419142 0.0652246 0.0900381 0.0972573 0.0315189 0.0642751 0.0598219 0.0406285 0.0630602 0.0709491 0.0852393 0.0667998 0.0656015 0.0603844 0.0793807 0.1029114 0.0757051 0.0381057 0.0475923 0.0758303 0.0804081 0.0778721 0.0854177 0.0933500 0.0693477 0.1006791 0.0895131 0.0854798 0.0596363 0.0740138 0.0767717 0.0831192 0.0700398 0.0000000 0.0386213 0.0131497 0.0773552 0.0957215 0.0921319 0.0599401 0.0926495 0.0605499 0.1244066 0.0779270 0.0784587 0.0757746 0.0334915 0.0878106 0.0521160 0.0601675 0.1007368 0.0675968 
S1245         0.2216003 0.2189203 0.3132282 0.0355221 0.0608773 0.0827601 0.0715995 0.0598191 0.0239682 0.0811474 0.0584716 0.0932713 0.0517222 0.0554792 0.0589863 0.0841969 0.0233307 0.0391014 0.0567959 0.0193925 0.0676537 0.0601553 0.0875907 0.0412501 0.0530399 0.0505093 0.0505599 0.0897841 0.0647376 0.0054148 0.0737841 0.0485396 0.0511860 0.0665171 0.0737071 0.1040439 0.0518641 0.0878313 0.0820987 0.0724873 0.0499308 0.0562111 0.0796853 0.0716421 0.0671289 0.0386213 0.0000000 0.0185168 0.1059241 0.1080116 0.0649864 0.0501421 0.0803031 0.0506196 0.1193164 0.0882745 0.0669016 0.0647640 0.0506171 0.0819829 0.0429678 0.0503194 0.0878992 0.0572303 
S1250sl       0.1518905 0.1931765 0.2506117 0.0180922 0.0403615 0.0636056 0.0683672 0.0258206 0.0059804 0.0545728 0.0329345 0.0643769 0.0376633 0.0446040 0.0486964 0.0728872 0.0058891 0.0267139 0.0316143 0.0206743 0.0482486 0.0468955 0.0683852 0.0310661 0.0412896 0.0250464 0.0324723 0.0629844 0.0537748 0.0249280 0.0294065 0.0384530 0.0406884 0.0476836 0.0547431 0.0680156 0.0393728 0.0614041 0.0716787 0.0539588 0.0185483 0.0382517 0.0536763 0.0381947 0.0252622 0.0131497 0.0185168 0.0000000 0.0549386 0.0719987 0.0614237 0.0183503 0.0457627 0.0185168 0.0795007 0.0461369 0.0323487 0.0313945 0.0213739 0.0319522 0.0250464 0.0184108 0.0538288 0.0248306 
S1266sl       0.2938933 0.3579881 0.3070730 0.0846856 0.1201391 0.1306632 0.1288035 0.1001146 0.0812040 0.1018639 0.1297290 0.0185938 0.0397790 0.1248504 0.1109916 0.1156738 0.0954101 0.0838252 0.1125352 0.1033535 0.0963590 0.0545742 0.1113841 0.1107205 0.0867536 0.0698579 0.1172712 0.1154261 0.1162962 0.0964407 0.0536535 0.1120953 0.1093095 0.1150288 0.0940334 0.1545553 0.0868486 0.0773719 0.1523463 0.1283587 0.0871594 0.1021098 0.1189139 0.1032668 0.0994043 0.0773552 0.1059241 0.0549386 0.0000000 0.0110377 0.1164928 0.0724165 0.1133001 0.1051151 0.1696395 0.0981412 0.1015046 0.0884162 0.0951394 0.1113146 0.0617520 0.0880829 0.1131450 0.0958559 
S1269         0.2860402 0.3121959 0.2719550 0.0862816 0.1225996 0.1526313 0.1312648 0.1021228 0.0827999 0.1038151 0.1323364 0.0255566 0.0479162 0.1271883 0.1132581 0.1179399 0.1138393 0.0855285 0.1055805 0.1149552 0.0982349 0.0555735 0.1044717 0.1128380 0.0885650 0.0711713 0.1196131 0.1176857 0.1184837 0.0983249 0.0622767 0.1142643 0.1115145 0.1172928 0.0958396 0.1473206 0.0885239 0.0788347 0.1449331 0.1213151 0.0888399 0.1040652 0.1119824 0.1052729 0.1014060 0.0957215 0.1080116 0.0719987 0.0110377 0.0000000 0.1186876 0.0738242 0.1155260 0.0965678 0.1738003 0.1171640 0.1035653 0.0901499 0.1066167 0.1135630 0.0628917 0.0898046 0.1153438 0.0977255 
S1315         0.3018155 0.3257146 0.3164322 0.0481182 0.0851112 0.0958722 0.1089953 0.0833847 0.0642632 0.0688128 0.1265305 0.1161893 0.0804179 0.0832613 0.1003940 0.0888659 0.0857332 0.0451389 0.1098583 0.0919672 0.1086073 0.0630029 0.1300254 0.0850141 0.0848632 0.0614989 0.0898270 0.0959489 0.0108612 0.0715290 0.0787957 0.0943546 0.0909106 0.0881864 0.0785171 0.1413703 0.0970478 0.0736354 0.1247680 0.1129527 0.0778725 0.0860064 0.1208652 0.0952164 0.0913108 0.0921319 0.0649864 0.0614237 0.1164928 0.1186876 0.0000000 0.0783381 0.1048137 0.0884480 0.1175145 0.1132626 0.0728194 0.0880155 0.0937049 0.1070556 0.0538560 0.0724569 0.1104400 0.0798328 
S1332         0.2738657 0.2974229 0.2868416 0.0348444 0.0437920 0.1072393 0.0851579 0.0300862 0.0233902 0.0645941 0.0658571 0.0837983 0.0834631 0.0826292 0.0675223 0.0824424 0.0559677 0.0309926 0.0707927 0.0470230 0.0664152 0.0800408 0.0956998 0.0555134 0.0461742 0.0352260 0.0502036 0.0726949 0.0782183 0.0564861 0.0650573 0.0576290 0.0592777 0.0651612 0.0722060 0.1212614 0.0652991 0.0710472 0.1064172 0.0881579 0.0358137 0.0621136 0.0956465 0.0413070 0.0363536 0.0599401 0.0501421 0.0183503 0.0724165 0.0738242 0.0783381 0.0000000 0.0483912 0.0353591 0.0729007 0.0864904 0.0362019 0.0494898 0.0670920 0.0434840 0.0421273 0.0228142 0.0711188 0.0288240 
S1369         0.2808905 0.3065823 0.2942783 0.0617875 0.0431186 0.1307133 0.0758035 0.0296497 0.0430044 0.0494655 0.1095407 0.1025468 0.1023973 0.0928355 0.0817065 0.0810271 0.0861493 0.0305279 0.0870023 0.0873645 0.0577044 0.1049425 0.1174945 0.0705035 0.0594339 0.0487362 0.0559204 0.0637039 0.1046373 0.0870511 0.0823650 0.0644502 0.0730754 0.0632377 0.0710174 0.1524974 0.0815633 0.0873681 0.1293734 0.1093269 0.0635670 0.0751707 0.1173458 0.0053938 0.0358159 0.0926495 0.0803031 0.0457627 0.1133001 0.1155260 0.1048137 0.0483912 0.0000000 0.0348517 0.0803815 0.0850415 0.0356692 0.0624596 0.0764989 0.0485506 0.0562575 0.0225037 0.0719813 0.0284228 
S1370         0.2105869 0.2358618 0.2611946 0.0481481 0.0299967 0.1128586 0.0615518 0.0173635 0.0235930 0.0495130 0.0845299 0.1125651 0.0861180 0.0773875 0.0662489 0.0657616 0.0564978 0.0178443 0.0641679 0.0549127 0.0371959 0.0904174 0.0821983 0.0561650 0.0449568 0.0356197 0.0423918 0.0637315 0.0727992 0.0570276 0.0576859 0.0643268 0.0582051 0.0565328 0.0565809 0.1072169 0.0514228 0.0719190 0.0925085 0.0747975 0.0495191 0.0610437 0.0821896 0.0283698 0.0232711 0.0605499 0.0506196 0.0185168 0.1051151 0.0965678 0.0884480 0.0353591 0.0348517 0.0000000 0.0622484 0.0848354 0.0231667 0.0486652 0.0593340 0.0354751 0.0426099 0.0109812 0.0719920 0.0166419 
S1375         0.3698593 0.3952433 0.3376733 0.0725517 0.0448663 0.1619413 0.1212679 0.0553879 0.0851507 0.0830860 0.1478773 0.1588647 0.1429174 0.1347824 0.1074570 0.0845783 0.1252699 0.0479095 0.1632772 0.0951723 0.1082222 0.1684877 0.1597476 0.1045358 0.0903092 0.0735185 0.0836537 0.1151145 0.1284560 0.1284150 0.1010739 0.1177774 0.0951632 0.1052904 0.1049420 0.1725611 0.1216124 0.1161973 0.1696615 0.1730424 0.0844742 0.0806728 0.1846305 0.0700640 0.0561109 0.1244066 0.1193164 0.0795007 0.1696395 0.1738003 0.1175145 0.0729007 0.0803815 0.0622484 0.0000000 0.1473690 0.0539868 0.0715644 0.1314547 0.0539868 0.0844742 0.0448663 0.1174641 0.0367505 
S1376         0.1970178 0.2773453 0.3213589 0.0550688 0.0975055 0.1026258 0.0685038 0.0798901 0.0720113 0.0857063 0.1294623 0.1050288 0.0861483 0.1103535 0.0812835 0.0983568 0.0786956 0.0739218 0.0919821 0.1112523 0.0864141 0.0900942 0.1329530 0.0780338 0.0584351 0.0870557 0.0718409 0.0857784 0.1130681 0.0950851 0.1025344 0.0789124 0.0727060 0.0705975 0.0874233 0.1368712 0.1013625 0.1115587 0.1389882 0.1155596 0.0859329 0.0543947 0.1167047 0.0764619 0.0768660 0.0779270 0.0882745 0.0461369 0.0981412 0.1171640 0.1132626 0.0864904 0.0850415 0.0848354 0.1473690 0.0000000 0.0809126 0.0555367 0.0899770 0.0840813 0.0780408 0.0694782 0.0950797 0.0765762 
S1381         0.2389362 0.2478516 0.2307963 0.0493561 0.0304946 0.0776148 0.0717592 0.0176259 0.0372741 0.0360863 0.0956642 0.1086532 0.0890575 0.0872521 0.0582816 0.0511669 0.0723671 0.0118622 0.0893213 0.0728519 0.0522784 0.0931589 0.1101926 0.0576482 0.0376260 0.0364749 0.0355347 0.0593090 0.0727078 0.0736763 0.0765237 0.0566093 0.0505770 0.0491438 0.0580857 0.1307542 0.0581487 0.0511543 0.1220091 0.1020178 0.0437852 0.0626300 0.1100761 0.0290077 0.0238002 0.0784587 0.0669016 0.0323487 0.1015046 0.1035653 0.0728194 0.0362019 0.0356692 0.0231667 0.0539868 0.0809126 0.0000000 0.0495381 0.0671263 0.0298179 0.0436791 0.0112069 0.0676768 0.0169945 
S1422         0.2520439 0.3019379 0.3494130 0.0350692 0.0577834 0.1122959 0.0612678 0.0431604 0.0434361 0.0631321 0.0922915 0.1027308 0.1023372 0.0844436 0.0587036 0.0652881 0.0700867 0.0374665 0.0863649 0.0917393 0.0648763 0.0964790 0.0814240 0.0559002 0.0447354 0.0498492 0.0572234 0.0632850 0.0878752 0.0713082 0.0824068 0.0640178 0.0579223 0.0562651 0.0705320 0.1233002 0.0809615 0.0715710 0.1107806 0.0740839 0.0425104 0.0225638 0.0814168 0.0548017 0.0500895 0.0757746 0.0647640 0.0313945 0.0884162 0.0901499 0.0880155 0.0494898 0.0624596 0.0486652 0.0715644 0.0555367 0.0495381 0.0000000 0.0850418 0.0564786 0.0424102 0.0353243 0.0714804 0.0416483 
S1451         0.1739987 0.2193451 0.2757461 0.0562048 0.0907968 0.1245593 0.0745733 0.0705566 0.0198982 0.0774336 0.0682321 0.0854311 0.0779939 0.0886503 0.0776863 0.0863741 0.0502756 0.0633750 0.0638714 0.0771158 0.0605019 0.0693921 0.0860582 0.0740544 0.0425851 0.0669988 0.0670791 0.0663507 0.0756419 0.0498582 0.0854428 0.0639594 0.0680119 0.0571667 0.0860520 0.1001010 0.0404113 0.0935585 0.1024401 0.0973955 0.0666824 0.0910112 0.0960848 0.0667862 0.0586168 0.0334915 0.0506171 0.0213739 0.0951394 0.1066167 0.0937049 0.0670920 0.0764989 0.0593340 0.1314547 0.0899770 0.0671263 0.0850418 0.0000000 0.0838814 0.0576505 0.0589217 0.0757357 0.0670791 
S1460         0.2623586 0.2684719 0.2899294 0.0629820 0.0304946 0.1335980 0.0926146 0.0238078 0.0507626 0.0648129 0.0796308 0.1200190 0.1074711 0.0727641 0.0727642 0.0827235 0.0799928 0.0311001 0.0984336 0.0824292 0.0584331 0.1095059 0.1272215 0.0719160 0.0446875 0.0496594 0.0570017 0.0800426 0.1068713 0.0888698 0.0865105 0.0809482 0.0645696 0.0723739 0.0662394 0.1405790 0.0725373 0.0891979 0.1396593 0.1187479 0.0367515 0.0766410 0.1199228 0.0414413 0.0290215 0.0878106 0.0819829 0.0319522 0.1113146 0.1135630 0.1070556 0.0434840 0.0485506 0.0354751 0.0539868 0.0840813 0.0298179 0.0564786 0.0838814 0.0000000 0.0573564 0.0228879 0.0892651 0.0289173 
S1462         0.2426768 0.2758180 0.3072015 0.0284912 0.0517901 0.0976540 0.0768975 0.0373028 0.0296188 0.0414209 0.0822346 0.0475209 0.0473260 0.0746506 0.0454462 0.0565238 0.0487347 0.0241644 0.0696982 0.0568224 0.0584944 0.0549457 0.0865801 0.0354045 0.0387263 0.0054144 0.0442950 0.0646897 0.0537823 0.0491672 0.0464772 0.0425253 0.0448533 0.0435648 0.0480727 0.1193047 0.0575049 0.0346945 0.1070837 0.0716808 0.0419771 0.0415661 0.0787859 0.0487514 0.0438548 0.0521160 0.0429678 0.0250464 0.0617520 0.0628917 0.0538560 0.0421273 0.0562575 0.0426099 0.0844742 0.0780408 0.0436791 0.0424102 0.0576505 0.0573564 0.0000000 0.0294441 0.0632707 0.0357136 
