110
HYZL          0.0000000 0.1373552 0.2645916 0.2940121 0.3060921 0.2640100 0.2364250 0.2529372 0.2314317 0.2584159 0.2758555 0.2826087 0.2457026 0.2527936 0.2567666 0.2972929 0.2600643 0.2495896 0.4878279 0.2692459 0.2821244 0.2495476 0.2475026 0.2397666 0.2815881 0.2713958 0.2423496 0.3000869 0.1955884 0.2454958 0.2226663 0.3288047 0.4107706 0.2405557 0.2555223 0.2651985 0.2951853 0.1954941 0.2890204 0.2567436 0.2473500 0.2454958 0.3187202 0.2751127 0.2562232 0.2714513 0.3729017 0.2270083 0.2681174 0.2421564 0.1978582 0.2590356 0.3095804 0.3726383 0.2338324 0.2306446 0.2764294 0.2287477 0.1881710 0.5774301 0.3154543 0.2753481 0.3419254 0.7307051 0.3078193 0.2596707 0.3033029 0.3055542 0.4202770 0.2002860 0.2861873 0.3181738 0.2350069 0.3246481 0.2182721 0.2633652 0.3867581 0.2826797 0.2295444 0.3004886 0.2745068 0.2576896 0.2472554 0.2431527 0.2306446 0.2447272 0.2730525 0.2702784 0.2437213 0.2628459 0.2457211 0.2550897 0.2296107 0.3468193 0.2605528 0.2547492 0.2410276 0.3246722 0.2790789 0.2527188 0.2813686 0.2100550 0.2576896 0.2350069 0.2397666 0.3078193 0.2656949 0.2603867 0.3389592 0.2996518 
MYZV          0.1373552 0.0000000 0.3988676 0.6317449 0.4530972 0.4150222 0.3360420 0.3785512 0.3521055 0.3851506 0.3743041 0.3988819 0.3686211 0.3754391 0.3694802 0.4013023 0.3751441 0.3626734 0.6854407 0.4013312 0.3999630 0.3671937 0.3636565 0.3320937 0.3989532 0.3545747 0.3409028 0.4143301 0.2697318 0.3556884 0.2985440 0.4861330 0.5389227 0.3561076 0.3516224 0.3915896 0.4383332 0.2764495 0.3932075 0.3824075 0.3742359 0.3556884 0.4525819 0.3539971 0.3431175 0.4030786 0.5490069 0.3443256 0.3969482 0.3652213 0.2901388 0.3894455 0.4589442 0.4392224 0.3622258 0.3452776 0.3417696 0.3445889 0.2606418 0.7934510 0.4688611 0.4117497 0.5031095 0.8212635 0.3986767 0.3848674 0.4013914 0.4346960 0.5516681 0.4566035 0.4286425 0.4486863 0.3488969 0.4544891 0.3760147 0.4088878 0.4774540 0.3895747 0.3159592 0.4238890 0.4078849 0.3853253 0.3584147 0.3290147 0.3452776 0.3543921 0.3614952 0.3533447 0.3381462 0.3795024 0.3295934 0.3796914 0.3343516 0.4421282 0.3708158 0.3610020 0.3452171 0.4877365 0.3948187 0.3126634 0.3815418 0.3042924 0.3853253 0.3426584 0.3320937 0.3986767 0.3903049 0.4209623 0.4375570 0.4283623 
SRR6441723    0.2645916 0.3988676 0.0000000 0.0391112 0.0884085 0.1611727 0.0822016 0.0878171 0.0711940 0.1182824 0.1160748 0.1407086 0.0998709 0.1257745 0.1188237 0.1330137 0.0973755 0.1088024 0.1482425 0.0370434 0.1282105 0.1011889 0.1004763 0.0893244 0.1183398 0.1076610 0.0839425 0.1777073 0.0421789 0.1097029 0.0914528 0.0613480 0.1647604 0.0941387 0.1005885 0.1167532 0.1182528 0.0688221 0.1393321 0.1087021 0.0808356 0.1097029 0.0863559 0.1406599 0.0902568 0.1188137 0.0800633 0.0701296 0.0992993 0.0794881 0.0612166 0.0886423 0.0984194 0.1534131 0.1404697 0.0987761 0.1193425 0.0745386 0.0301824 0.2375306 0.0618216 0.0532436 0.0693887 0.2160220 0.1069460 0.0860388 0.1286921 0.1382653 0.1530364 0.0000010 0.0971641 0.0753792 0.0817477 0.1016353 0.0879139 0.0622186 0.2664996 0.1185518 0.1759019 0.0932785 0.1200870 0.1288635 0.1080251 0.1082032 0.0987761 0.1195662 0.0986973 0.1260841 0.1396224 0.1185118 0.1075319 0.1177224 0.1186250 0.0621322 0.1406964 0.1130044 0.0999390 0.1524888 0.1083174 0.0861504 0.1602660 0.0328434 0.1288635 0.0722670 0.0893244 0.1069460 0.1162082 0.1288734 0.1267563 0.1294998 
ERR4210213    0.2940121 0.6317449 0.0391112 0.0000000 0.1336849 0.2818432 0.0934584 0.0391112 0.0874152 0.2526318 0.2659854 0.5004032 0.1336849 0.1907148 0.2100787 3.2008581 0.1980870 0.1987128 0.2315644 0.0391112 0.2628492 0.1907148 0.1907148 0.0000010 0.1336849 0.0895108 0.1336849 0.2628492 0.0000010 0.2100787 0.0955056 0.2143340 0.6032552 0.0000010 0.0000010 0.1907148 0.1907148 0.1390995 0.1907148 0.1907148 0.0847310 0.2100787 0.0000010 0.4032063 0.1886698 0.1907148 0.2143340 0.0391112 0.1907148 0.0391112 0.0468792 0.0391112 0.3019390 0.5539281 0.1460532 0.1336849 0.1390995 0.0895108 0.0000010 0.3592845 0.0391112 0.0391112 0.2143340 0.2807894 0.2151040 0.0391112 0.1987727 0.5451431 0.0930402 0.0391112 0.0391112 0.0825168 0.1336849 0.0825168 0.0858902 0.0876945 0.2074527 0.1907148 0.3843203 0.1304507 0.1907148 0.2526318 0.1980870 0.1901474 0.1336849 0.2100787 0.1336849 0.1980870 0.2154513 0.2659854 0.0000010 0.1907148 0.1495553 0.0828141 0.2763832 0.1907148 0.1425840 0.3712754 0.2747741 0.2032404 0.5816854 0.0000010 0.2526318 0.0431255 0.0000010 0.2151040 0.1336849 0.1767288 0.2151040 0.2550977 
ERR2789774    0.3060921 0.4530972 0.0884085 0.1336849 0.0000000 0.1983922 0.0543718 0.1138366 0.0967041 0.0704062 0.1347579 0.1705507 0.0539752 0.0777196 0.1471251 0.1550798 0.1239865 0.1559967 0.2184211 0.1202694 0.0689707 0.0627779 0.0623648 0.0985497 0.0788159 0.1051116 0.0557269 0.1229959 0.0408643 0.1574008 0.0904126 0.1154862 0.1962531 0.1269845 0.1098462 0.0695787 0.0527111 0.0967665 0.1251634 0.0619566 0.1070945 0.1574008 0.1375687 0.0980685 0.0817983 0.0706445 0.1383175 0.0952110 0.0536675 0.1052554 0.0508809 0.1435895 0.1253842 0.1730856 0.1783994 0.0780473 0.1477530 0.0471543 0.0292869 0.3364062 0.1382513 0.1062897 0.1244200 0.1144064 0.1341537 0.1209217 0.0692200 0.1879512 0.1143649 0.0789121 0.1573863 0.1149307 0.0709478 0.1357685 0.1423263 0.1308418 0.3802960 0.0528426 0.1876672 0.1358590 0.0713645 0.0968262 0.1548097 0.0867570 0.0780473 0.1681728 0.0974721 0.1541671 0.1691056 0.1665543 0.1414384 0.0700829 0.1667557 0.1543965 0.1720932 0.0642328 0.0621856 0.1589476 0.0532662 0.0748877 0.1570980 0.0436039 0.0968262 0.0798473 0.0985497 0.1341537 0.1036402 0.0794340 0.1550781 0.0775738 
PAFTOL_019361 0.2640100 0.4150222 0.1611727 0.2818432 0.1983922 0.0000000 0.1248236 0.1231260 0.1153574 0.1649142 0.1443475 0.1601844 0.1428080 0.1811551 0.1229486 0.1438642 0.1335101 0.1249632 0.2203307 0.1690945 0.1558020 0.1470564 0.1554046 0.1108832 0.1523707 0.1454349 0.1194592 0.1746578 0.0760210 0.1141529 0.1164894 0.1401476 0.1486984 0.1169235 0.1225879 0.1522580 0.1894652 0.0844281 0.1764397 0.1637115 0.1454832 0.1141529 0.1514292 0.1428341 0.1805228 0.1749638 0.1657762 0.1041179 0.1732145 0.1144355 0.0862705 0.1558772 0.1286719 0.1625776 0.1324301 0.1234302 0.1445859 0.1193919 0.0847838 0.2148833 0.1736462 0.1470052 0.1299890 0.5815003 0.1399953 0.1400183 0.1655000 0.1254729 0.3311861 0.1935618 0.1869384 0.1675558 0.1163104 0.1861381 0.1144355 0.1721446 0.2313076 0.1899236 0.1921929 0.1760962 0.1523205 0.1857619 0.1240674 0.1237442 0.1234302 0.1137129 0.1444022 0.1421513 0.1524977 0.1347741 0.1311656 0.1732145 0.1318323 0.2012777 0.1331356 0.1604897 0.1327573 0.1486797 0.1917326 0.1114144 0.1801224 0.0804468 0.1857619 0.1073459 0.1108832 0.1399953 0.1325303 0.1858534 0.1606090 0.1684172 
S0055         0.2364250 0.3360420 0.0822016 0.0934584 0.0543718 0.1248236 0.0000000 0.0693083 0.0534570 0.0222886 0.0958208 0.1418347 0.0073274 0.0218988 0.0708301 0.1311416 0.0868950 0.0788919 0.1488827 0.1015613 0.0302075 0.0149000 0.0148063 0.0771672 0.0146412 0.0611036 0.0074539 0.0613700 0.0306700 0.0794812 0.0461794 0.1096940 0.1530866 0.0701808 0.0879121 0.0145237 0.0387693 0.0404895 0.0540343 0.0147138 0.0623577 0.0794812 0.1126180 0.0222583 0.0228078 0.0223431 0.1327250 0.0526947 0.0221872 0.0613666 0.0078474 0.0888446 0.0992882 0.1404409 0.0975334 0.0145177 0.0882584 0.0000030 0.0297933 0.2396969 0.0824418 0.0715100 0.1187835 0.0793095 0.0944992 0.0763992 0.0387238 0.1277696 0.0678855 0.0411217 0.1186261 0.0973871 0.0221624 0.1046621 0.0881145 0.0731386 0.1651416 0.0307077 0.1388738 0.0960480 0.0225346 0.0378072 0.0783698 0.0145177 0.0145177 0.0883889 0.0301247 0.0950211 0.1065358 0.0876868 0.0823164 0.0221872 0.0795618 0.1339447 0.1169482 0.0152072 0.0000026 0.1418151 0.0309579 0.0152310 0.1386128 0.0212913 0.0378072 0.0374844 0.0771672 0.0944992 0.0370381 0.0301417 0.1129995 0.0468886 
S0196sl       0.2529372 0.3785512 0.0878171 0.0391112 0.1138366 0.1231260 0.0693083 0.0000000 0.0288609 0.1026010 0.0854019 0.1081678 0.0774584 0.1097042 0.0858752 0.0961040 0.0684587 0.0770956 0.1482425 0.0799271 0.1046067 0.0784011 0.0861192 0.0560124 0.0856026 0.0685982 0.0382828 0.1383697 0.0416341 0.0776580 0.0453299 0.0793693 0.1194312 0.0799945 0.0661843 0.0845521 0.1239734 0.0321050 0.1315832 0.0938105 0.0522798 0.0776580 0.1003036 0.1227638 0.1057720 0.1030040 0.0996416 0.0140320 0.1021413 0.0214275 0.0241108 0.0853962 0.0701199 0.1194889 0.1046929 0.0847741 0.0694982 0.0460673 0.0508714 0.2375306 0.0881912 0.0526765 0.0877972 0.2160220 0.0598018 0.0505897 0.1342323 0.1247883 0.1457042 0.0000010 0.0960900 0.0858395 0.0373610 0.0929492 0.0847219 0.0788554 0.1887293 0.1242759 0.0975130 0.0847161 0.0948738 0.1121947 0.0765966 0.0934236 0.0847741 0.0863583 0.0868441 0.0762804 0.0867437 0.0856883 0.0923810 0.1021413 0.0857523 0.0995225 0.0964052 0.0886968 0.0857109 0.0993959 0.1253658 0.0645462 0.1263239 0.0439919 0.1121947 0.0144226 0.0560124 0.0598018 0.0930410 0.1121909 0.0765950 0.1350500 
S0281         0.2314317 0.3521055 0.0711940 0.0874152 0.0967041 0.1153574 0.0534570 0.0288609 0.0000000 0.0861037 0.0610709 0.0710878 0.0694795 0.0932861 0.0696464 0.0649448 0.0448704 0.0611430 0.1411042 0.0633313 0.0877477 0.0621768 0.0698612 0.0270490 0.0861499 0.0528877 0.0385280 0.1210793 0.0100148 0.0615759 0.0299535 0.0628921 0.1113073 0.0482184 0.0365163 0.0686039 0.1065218 0.0321633 0.1141748 0.0775218 0.0214018 0.0615759 0.0677161 0.1054999 0.0887668 0.0864168 0.0822165 0.0141155 0.0857146 0.0215552 0.0160140 0.0692591 0.0371161 0.1014591 0.0878211 0.0687919 0.0535699 0.0304430 0.0196083 0.1539396 0.0714881 0.0372837 0.0711602 0.2948313 0.0434603 0.0358347 0.1164618 0.1071920 0.2019741 0.0387799 0.0793413 0.0696238 0.0375948 0.0768134 0.0687216 0.0625235 0.2015970 0.1067869 0.0988297 0.0687367 0.0872883 0.0953758 0.0527362 0.0772177 0.0687919 0.0700313 0.0874080 0.0525155 0.0703332 0.0695045 0.0593397 0.0857146 0.0695517 0.0916552 0.0795956 0.0719396 0.0695522 0.1007678 0.1077172 0.0479756 0.0879256 0.0105672 0.0953758 0.0145103 0.0270490 0.0434603 0.0768969 0.0953628 0.0593240 0.1171756 
S0282         0.2584159 0.3851506 0.1182824 0.2526318 0.0704062 0.1649142 0.0222886 0.1026010 0.0861037 0.0000000 0.1245469 0.1825729 0.0143888 0.0446053 0.1069267 0.1438198 0.1141218 0.1058090 0.1572070 0.1361780 0.0622346 0.0071688 0.0071254 0.0882501 0.0451989 0.0952187 0.0305949 0.0859981 0.0309485 0.1163149 0.0621688 0.1474876 0.2090419 0.0808029 0.0993342 0.0217505 0.0297865 0.0759330 0.0874602 0.0070824 0.0959267 0.1163149 0.1262252 0.0623470 0.0468313 0.0143310 0.1731194 0.0848228 0.0142364 0.0943399 0.0240441 0.1217721 0.1360019 0.1852703 0.1148011 0.0447927 0.1345537 0.0226656 0.0300560 0.3542916 0.1161248 0.1038617 0.1570206 0.1714027 0.1401645 0.1095595 0.0636727 0.1697149 0.1984133 0.1764013 0.1532656 0.1252070 0.0454579 0.1324160 0.1124196 0.1070006 0.2825510 0.0383199 0.1815760 0.1233881 0.0218408 0.0452825 0.1050764 0.0527819 0.0447927 0.1260561 0.0620246 0.1225482 0.1456097 0.1151848 0.0933245 0.0142364 0.1048545 0.1705656 0.1667898 0.0147353 0.0220923 0.1706056 0.0386319 0.0478656 0.1781977 0.0212913 0.0452825 0.0610818 0.0882501 0.1401645 0.0685669 0.0217391 0.1607398 0.0630558 
S0289         0.2758555 0.3743041 0.1160748 0.2659854 0.1347579 0.1443475 0.0958208 0.0854019 0.0610709 0.1245469 0.0000000 0.1400764 0.1246561 0.1505008 0.0861201 0.0858804 0.0140701 0.0687468 0.0924306 0.1079857 0.1461866 0.1172538 0.1254174 0.0271058 0.1431498 0.0780750 0.0814680 0.1829665 0.0203679 0.0778797 0.0375543 0.1072050 0.1603780 0.0694836 0.0365940 0.1229644 0.1682892 0.0484798 0.1759070 0.1335453 0.0870630 0.0778797 0.0903520 0.1424389 0.1468355 0.1439804 0.1296274 0.0682594 0.1426275 0.0773180 0.0587485 0.0945674 0.1076936 0.1090645 0.0959678 0.1231029 0.0608374 0.0812931 0.0196083 0.2370806 0.1166031 0.0780350 0.1160962 0.5449117 0.0756945 0.0924243 0.1702572 0.1251517 0.3821878 0.1845748 0.1247578 0.1152378 0.0882721 0.1224649 0.1035317 0.1081975 0.2322399 0.1687012 0.1280363 0.1135980 0.1454880 0.1541933 0.0364309 0.1234150 0.1231029 0.0866059 0.1454403 0.0362802 0.0868757 0.0771788 0.0815044 0.1426275 0.0858812 0.1401418 0.1239648 0.1294120 0.1150948 0.1424073 0.1702825 0.0731107 0.1492976 0.0105672 0.1541933 0.0702817 0.0271058 0.0756945 0.1321728 0.1542322 0.0930692 0.1807953 
S0292         0.2826087 0.3988819 0.1407086 0.5004032 0.1705507 0.1601844 0.1418347 0.1081678 0.0710878 0.1825729 0.1400764 0.0000000 0.1617940 0.1900345 0.1625539 0.0871119 0.1302613 0.1512071 0.6393793 0.1427791 0.1727677 0.1540955 0.1628826 0.0466702 0.1826404 0.1297314 0.1254500 0.2275039 0.0312087 0.1526036 0.1128271 0.1014384 0.1577182 0.0700495 0.0567381 0.1594035 0.1825679 0.1224123 0.2204672 0.1716278 0.0984718 0.1526036 0.0903912 0.2097029 0.1889226 0.1836562 0.1243039 0.0892027 0.1817011 0.0993813 0.1029034 0.1500172 0.0714465 0.1360260 0.1871649 0.1597849 0.1426886 0.1148346 0.0406949 0.7322969 0.1679069 0.1212365 0.1105720 0.9415239 0.1153016 0.1154991 0.1948309 0.1311837 0.6848125 0.3580331 0.1608507 0.1370871 0.1219729 0.1698430 0.1486289 0.1552526 0.4994050 0.1830216 0.1297094 0.1597712 0.1856974 0.1951526 0.1399228 0.1706539 0.1597849 0.1519550 0.1858590 0.1393161 0.1645892 0.1620390 0.0822065 0.1817011 0.1622373 0.1732095 0.1306556 0.1685102 0.1617576 0.1111582 0.1847973 0.1404063 0.0214701 0.0329852 0.1951526 0.0920278 0.0466702 0.1153016 0.1699311 0.1952689 0.1353779 0.1731057 
S0293         0.2457026 0.3686211 0.0998709 0.1336849 0.0539752 0.1428080 0.0073274 0.0774584 0.0694795 0.0143888 0.1246561 0.1617940 0.0000000 0.0293376 0.0975550 0.1450623 0.1142242 0.1059071 0.2184211 0.1174248 0.0460158 0.0072135 0.0071695 0.0889822 0.0221730 0.0782607 0.0075017 0.0693864 0.0312216 0.1067534 0.0541783 0.1282021 0.1736701 0.0814935 0.1001676 0.0218899 0.0299841 0.0577884 0.0705563 0.0071261 0.0788222 0.1067534 0.1273418 0.0460966 0.0307789 0.0144210 0.1525082 0.0605524 0.0143253 0.0694322 0.0078475 0.1040839 0.1172716 0.1642260 0.1054027 0.0294613 0.1160711 0.0074504 0.0303132 0.3364062 0.0980926 0.0866708 0.1375130 0.1232901 0.1132612 0.0926671 0.0550759 0.1588445 0.1077894 0.0789121 0.1343105 0.1069682 0.0223050 0.1142609 0.1032305 0.0892640 0.2364590 0.0385837 0.1609718 0.1054611 0.0143911 0.0455911 0.1051734 0.0371931 0.0294613 0.1162789 0.0380278 0.1226546 0.1356236 0.1152887 0.0941425 0.0143253 0.0958342 0.1503313 0.1470487 0.0148305 0.0146698 0.1503647 0.0388999 0.0314519 0.1580151 0.0214857 0.0455911 0.0374744 0.0889822 0.1132612 0.0526188 0.0218784 0.1327962 0.0635121 
S0294         0.2527936 0.3754391 0.1257745 0.1907148 0.0777196 0.1811551 0.0218988 0.1097042 0.0932861 0.0446053 0.1505008 0.1900345 0.0293376 0.0000000 0.1041408 0.1773658 0.1395794 0.1123571 0.2973116 0.1468052 0.0448777 0.0372818 0.0370471 0.1081749 0.0443939 0.0934277 0.0300431 0.0676487 0.0518392 0.1132468 0.0785041 0.1549036 0.2165113 0.1023022 0.1195139 0.0363357 0.0620791 0.0837445 0.0687603 0.0368173 0.1031824 0.1132468 0.1242052 0.0611956 0.0459674 0.0447304 0.1806596 0.0919039 0.0444069 0.1014843 0.0320745 0.1316688 0.1433650 0.1927820 0.1428317 0.0440024 0.1418370 0.0222621 0.0503266 0.2457539 0.1261829 0.1133496 0.1643836 0.0350995 0.1472545 0.0996061 0.0704866 0.1864265 0.1035689 0.1255271 0.1641476 0.1142450 0.0446441 0.1214046 0.1305469 0.1168183 0.2919834 0.0537909 0.1889866 0.1126379 0.0451089 0.0605106 0.1302611 0.0518405 0.0440024 0.1226834 0.0608864 0.1480525 0.1418125 0.1216483 0.1155600 0.0444069 0.1323915 0.1823630 0.1740990 0.0380503 0.0292227 0.1780440 0.0542300 0.0469637 0.1855049 0.0432053 0.0605106 0.0687479 0.1081749 0.1472545 0.0673303 0.0527819 0.1678235 0.0790051 
S0303         0.2567666 0.3694802 0.1188237 0.2100787 0.1471251 0.1229486 0.0708301 0.0858752 0.0696464 0.1069267 0.0861201 0.1625539 0.0975550 0.1041408 0.0000000 0.0636398 0.0690255 0.0141739 0.1539396 0.1296757 0.0987464 0.0900751 0.0981310 0.0562133 0.1155307 0.0962759 0.0823925 0.1333237 0.0418278 0.0069602 0.0536006 0.1286995 0.1173977 0.0183062 0.0664191 0.0962587 0.1385777 0.0575067 0.1453850 0.1061581 0.0963086 0.0069602 0.1014949 0.1149509 0.1191955 0.1159752 0.1531989 0.0686291 0.1149408 0.0678274 0.0503787 0.0874823 0.1176927 0.1295794 0.0613137 0.1143104 0.0780968 0.0731911 0.0511026 0.0440096 0.1093918 0.0971743 0.1380725 0.3095569 0.1018375 0.0763099 0.1275551 0.0790302 0.3324894 0.1362909 0.1471367 0.1159166 0.0887772 0.1231802 0.0949389 0.1275791 0.1131006 0.1389256 0.1495213 0.1142563 0.1171881 0.1039485 0.0608713 0.1145979 0.1143104 0.0140564 0.1361816 0.0606167 0.0360099 0.0214689 0.0281209 0.1149408 0.0523299 0.1644948 0.1030908 0.1012047 0.0879219 0.1485756 0.1402051 0.0825969 0.1828578 0.0442070 0.1039485 0.0706740 0.0562133 0.1018375 0.1232815 0.1257456 0.1088735 0.1598067 
S0308         0.2972929 0.4013023 0.1330137 3.2008581 0.1550798 0.1438642 0.1311416 0.0961040 0.0649448 0.1438198 0.0858804 0.0871119 0.1450623 0.1773658 0.0636398 0.0000000 0.0754230 0.0542087 3.2008581 0.1528396 0.1443093 0.1238083 0.1338419 0.0268926 0.1687376 0.0964233 0.1034048 0.2048136 0.0201752 0.0542087 0.0664022 0.0538501 0.0344748 0.0089258 0.0363009 0.1306292 0.1559118 0.0735127 0.2116085 0.1438198 0.0866767 0.0542087 0.0677925 0.1541845 0.1625256 0.1569049 0.0755190 0.0746995 0.1550638 0.0736295 0.0851587 0.1202963 0.0256385 0.0542258 0.1096664 0.1430266 0.0875960 0.1015443 0.0296147 8.9999983 0.1641911 0.1106316 0.0632218 8.3595416 0.1046567 0.0841106 0.1679036 0.0343928 4.5366341 3.2008581 0.1748323 0.0963695 0.1001120 0.1313671 0.1417157 0.1350808 0.7844916 0.1563673 0.1126186 0.1089730 0.1589201 0.1284984 0.0855760 0.1430266 0.1430266 0.0640502 0.1721484 0.0650135 0.0640912 0.0542087 0.0182691 0.1550638 0.0858039 0.1702525 0.0854364 0.1391215 0.1430266 0.0536003 0.1435707 0.1057314 0.1097019 0.0212913 0.1284984 0.0763828 0.0268926 0.1046567 0.1544984 0.1550638 0.1131522 0.1452929 
S0320         0.2600643 0.3751441 0.0973755 0.1980870 0.1239865 0.1335101 0.0868950 0.0684587 0.0448704 0.1141218 0.0140701 0.1302613 0.1142242 0.1395794 0.0690255 0.0754230 0.0000000 0.0523949 0.0432575 0.0893856 0.1351831 0.1068662 0.1149061 0.0178532 0.1324485 0.0611812 0.0725110 0.1709871 0.0203679 0.0610309 0.0220822 0.0887521 0.1393345 0.0588150 0.0271142 0.1127021 0.1563821 0.0399580 0.1641754 0.1229135 0.0697617 0.0610309 0.1010679 0.1317943 0.1366262 0.1330003 0.1098159 0.0520289 0.1317877 0.0605978 0.0497898 0.0772035 0.0891434 0.0902778 0.0870087 0.1129860 0.0447103 0.0723559 0.0196083 0.1638861 0.0978015 0.0611441 0.0973673 0.4470224 0.0757407 0.0754909 0.1584023 0.1061600 0.3139750 0.1299976 0.1058154 0.1145508 0.0793725 0.1217392 0.0858144 0.1075475 0.1905764 0.1567645 0.1281717 0.1129320 0.1343782 0.1429348 0.0214331 0.1132667 0.1129860 0.0694028 0.1345263 0.0213451 0.0696050 0.0604957 0.0704105 0.1317877 0.0688402 0.1198576 0.1051454 0.1185044 0.1050869 0.1519769 0.1582081 0.0642720 0.1494808 0.0105672 0.1429348 0.0535474 0.0178532 0.0757407 0.1218394 0.1429591 0.0931383 0.1686783 
S0322         0.2495896 0.3626734 0.1088024 0.1987128 0.1559967 0.1249632 0.0788919 0.0770956 0.0611430 0.1058090 0.0687468 0.1512071 0.1059071 0.1123571 0.0141739 0.0542087 0.0523949 0.0000000 0.0904295 0.1193057 0.1072123 0.0984924 0.1065356 0.0465415 0.1239928 0.0871201 0.0817568 0.1418732 0.0311415 0.0070505 0.0457048 0.1184211 0.1075164 0.0090930 0.0565626 0.1044987 0.1474534 0.0486633 0.1349442 0.1145469 0.0871495 0.0070505 0.0907401 0.1233761 0.1279106 0.1244893 0.1420217 0.0602652 0.1233676 0.0595727 0.0499995 0.0785044 0.1077862 0.1192467 0.0622233 0.1047685 0.0694134 0.0726400 0.0406002 0.0997956 0.1093007 0.0879080 0.1276028 0.2919326 0.0928288 0.0678442 0.1493606 0.0802541 0.3151046 0.1302968 0.1365135 0.1061968 0.0796765 0.1134518 0.0964217 0.1174453 0.1527298 0.1478179 0.1386881 0.1047111 0.1257840 0.1121472 0.0445649 0.1050274 0.1047685 0.0142420 0.1259298 0.0443797 0.0289767 0.0069943 0.0186222 0.1233676 0.0451334 0.1529924 0.0939474 0.1098697 0.0968650 0.1378220 0.1491774 0.0733739 0.1710652 0.0329087 0.1121472 0.0620421 0.0465415 0.0928288 0.1135520 0.1343436 0.0998482 0.1595543 
S0327         0.4878279 0.6854407 0.1482425 0.2315644 0.2184211 0.2203307 0.1488827 0.1482425 0.1411042 0.1572070 0.0924306 0.6393793 0.2184211 0.2973116 0.1539396 3.2008581 0.0432575 0.0904295 0.0000000 0.1482425 0.4064869 0.2184211 0.2184211 0.0000010 0.2184211 0.2184211 0.2184211 0.4064869 0.0000010 0.1539396 0.0476913 0.4455556 0.6169222 0.0000010 0.0000010 0.2184211 0.2184211 0.1390469 0.2973116 0.2184211 0.1940527 0.1539396 0.0000010 0.3101385 0.2924249 0.2184211 0.4455556 0.1482425 0.2184211 0.1482425 0.0994513 0.1482425 0.5006557 0.5115580 0.0953207 0.2184211 0.1390469 0.2184211 0.0000010 0.1461976 0.1482425 0.1482425 0.4455556 0.2973116 0.1339219 0.1482425 0.2446683 0.4589621 0.2291447 0.1482425 0.1482425 0.1482425 0.2184211 0.1482425 0.1637014 0.2292218 0.1523772 0.2184211 0.5511131 0.2103078 0.2184211 0.2924249 0.0432575 0.2224138 0.2184211 0.1539396 0.2184211 0.0432575 0.1564931 0.1449330 0.0000010 0.2184211 0.0967425 0.2122658 0.2751916 0.2184211 0.1645867 0.7131992 0.3232543 0.1428583 0.7544947 0.0000010 0.2924249 0.1556046 0.0000010 0.1339219 0.2184211 0.3202890 0.1339219 0.2959209 
S0335         0.2692459 0.4013312 0.0370434 0.0391112 0.1202694 0.1690945 0.1015613 0.0799271 0.0633313 0.1361780 0.1079857 0.1427791 0.1174248 0.1468052 0.1296757 0.1528396 0.0893856 0.1193057 0.1482425 0.0000000 0.1424053 0.1098767 0.1181477 0.1055499 0.1393427 0.1005199 0.0854815 0.1804088 0.0810830 0.1203236 0.0732796 0.0722986 0.1845013 0.1217181 0.1178139 0.1183407 0.1611375 0.0792522 0.1616600 0.1263852 0.0904767 0.1203236 0.1017529 0.1632558 0.1097846 0.1368324 0.0925175 0.0623866 0.1167664 0.0716086 0.0612166 0.0699578 0.1122040 0.1720714 0.1392628 0.1186496 0.1110222 0.0758808 0.0775174 0.2375306 0.0529418 0.0293425 0.0808011 0.2396227 0.0988665 0.0783057 0.1771555 0.1764182 0.1584685 0.0000010 0.0522064 0.0867874 0.0832052 0.0939746 0.0694091 0.0532776 0.1574746 0.1655013 0.1514544 0.0856369 0.1276052 0.1505437 0.1184310 0.1285773 0.1186496 0.1200039 0.1185471 0.1179195 0.1311942 0.1293174 0.1367735 0.1355417 0.1176520 0.0374128 0.1186418 0.1114472 0.1200746 0.1547971 0.1535415 0.0877736 0.1626875 0.0583837 0.1505437 0.0550622 0.1055499 0.0988665 0.1177794 0.1471383 0.1185349 0.1783111 
S0376         0.2821244 0.3999630 0.1282105 0.2628492 0.0689707 0.1558020 0.0302075 0.1046067 0.0877477 0.0622346 0.1461866 0.1727677 0.0460158 0.0448777 0.0987464 0.1443093 0.1351831 0.1072123 0.4064869 0.1424053 0.0000000 0.0465660 0.0542677 0.0776859 0.0454788 0.0790183 0.0309434 0.0526695 0.0200511 0.1080821 0.0724909 0.1382434 0.1988209 0.0706636 0.0885245 0.0374066 0.0535635 0.0866590 0.0705264 0.0539148 0.1158943 0.1080821 0.1143149 0.0456712 0.0555975 0.0624355 0.1633504 0.0864150 0.0619486 0.0961629 0.0331042 0.1269980 0.1269803 0.1753534 0.1378755 0.0450673 0.1374434 0.0229174 0.0294317 0.3521723 0.1212112 0.1081796 0.1477102 0.0750593 0.1431270 0.1116952 0.0453759 0.1695336 0.1179762 0.1815665 0.1603580 0.1162221 0.0459844 0.1350210 0.1258832 0.1306755 0.4588182 0.0454702 0.1758949 0.1257779 0.0629837 0.0792228 0.1256079 0.0531146 0.0450673 0.1177572 0.0624353 0.1439325 0.1374154 0.1167385 0.0829139 0.0619486 0.1277224 0.1790314 0.1381552 0.0475663 0.0299198 0.1712352 0.0458360 0.0484524 0.1591118 0.0214569 0.0792228 0.0626362 0.0776859 0.1431270 0.0528911 0.0710750 0.1642835 0.0533971 
S0400         0.2495476 0.3671937 0.1011889 0.1907148 0.0627779 0.1470564 0.0149000 0.0784011 0.0621768 0.0071688 0.1172538 0.1540955 0.0072135 0.0372818 0.0900751 0.1238083 0.1068662 0.0984924 0.2184211 0.1098767 0.0465660 0.0000000 0.0000025 0.0688854 0.0377771 0.0709261 0.0227185 0.0702259 0.0309487 0.0992788 0.0467526 0.1205939 0.1793636 0.0608324 0.0797704 0.0072320 0.0224017 0.0667972 0.0797861 0.0000026 0.0797989 0.0992788 0.1056717 0.0547236 0.0391471 0.0071840 0.1447378 0.0612691 0.0071371 0.0702722 0.0158646 0.0967851 0.1097306 0.1564599 0.0980302 0.0374391 0.1086104 0.0150565 0.0303132 0.3364062 0.0905738 0.0793490 0.1299479 0.1217183 0.1147124 0.0855473 0.0640735 0.1512912 0.1515544 0.1255271 0.1269132 0.0994830 0.0300484 0.1069071 0.0959875 0.0904057 0.2749807 0.0307428 0.1533232 0.0980811 0.0146001 0.0301205 0.0978071 0.0453825 0.0374391 0.1087991 0.0544474 0.1153612 0.1281641 0.1078734 0.0728728 0.0071371 0.0884904 0.1426694 0.1395265 0.0073417 0.0223715 0.1427004 0.0309938 0.0394811 0.1504814 0.0212917 0.0301205 0.0379110 0.0688854 0.1147124 0.0532355 0.0145323 0.1345475 0.0553514 
S0405         0.2475026 0.3636565 0.1004763 0.1907148 0.0623648 0.1554046 0.0148063 0.0861192 0.0698612 0.0071254 0.1254174 0.1628826 0.0071695 0.0370471 0.0981310 0.1338419 0.1149061 0.1065356 0.2184211 0.1181477 0.0542677 0.0000025 0.0000000 0.0785891 0.0375375 0.0786991 0.0227184 0.0779300 0.0309487 0.1073929 0.0544728 0.1290115 0.1884269 0.0708404 0.0895756 0.0144505 0.0222609 0.0667973 0.0792547 0.0000025 0.0792672 0.1073929 0.1159777 0.0543647 0.0388896 0.0071404 0.1535294 0.0688384 0.0070940 0.0779751 0.0158647 0.1046907 0.1179927 0.1653444 0.1060240 0.0372037 0.1167757 0.0150564 0.0300560 0.3364062 0.0986753 0.0871624 0.1383890 0.1217183 0.1227035 0.0931835 0.0636434 0.1598883 0.1515544 0.1255271 0.1351429 0.1076101 0.0300484 0.1149426 0.1038261 0.0897864 0.2749807 0.0305430 0.1620463 0.1060836 0.0145102 0.0299296 0.1057927 0.0450945 0.0372037 0.1169869 0.0540925 0.1233903 0.1364730 0.1159835 0.0831235 0.0070940 0.0963888 0.1513206 0.1479939 0.0073417 0.0222308 0.1513545 0.0307916 0.0394819 0.1590495 0.0212918 0.0299296 0.0454363 0.0785891 0.1227035 0.0607594 0.0144433 0.1427017 0.0549844 
S0407sl       0.2397666 0.3320937 0.0893244 0.0000010 0.0985497 0.1108832 0.0771672 0.0560124 0.0270490 0.0882501 0.0271058 0.0466702 0.0889822 0.1081749 0.0562133 0.0268926 0.0178532 0.0465415 0.0000010 0.1055499 0.0776859 0.0688854 0.0785891 0.0000000 0.1107017 0.0269691 0.0389631 0.1317322 0.0000025 0.0465415 0.0089109 0.0462512 0.0666756 0.0375644 0.0086865 0.0768063 0.0991958 0.0200953 0.1358522 0.0882501 0.0467703 0.0465415 0.0773253 0.0982026 0.1032864 0.0997187 0.0682235 0.0363009 0.0986753 0.0464359 0.0409243 0.0888769 0.0175875 0.0179403 0.0887461 0.0878404 0.0276075 0.0484959 0.0095441 0.0000010 0.1165246 0.0682476 0.0558705 0.4354846 0.0647506 0.0647506 0.1101993 0.0450509 2.2438482 0.0000010 0.1269117 0.0762738 0.0478262 0.1098958 0.0982618 0.0907083 0.6306669 0.0994974 0.0683500 0.0881677 0.1009869 0.0999445 0.0270316 0.0878404 0.0878404 0.0565847 0.1128031 0.0268926 0.0566183 0.0465415 0.0481181 0.0986753 0.0660381 0.1335975 0.0790188 0.0815652 0.0878404 0.0680826 0.0881555 0.0397930 0.0567042 0.0000026 0.0999445 0.0367855 0.0000010 0.0647506 0.0983450 0.0986753 0.0857628 0.1004440 
S0412sl       0.2815881 0.3989532 0.1183398 0.1336849 0.0788159 0.1523707 0.0146412 0.0856026 0.0861499 0.0451989 0.1431498 0.1826404 0.0221730 0.0443939 0.1155307 0.1687376 0.1324485 0.1239928 0.2184211 0.1393427 0.0454788 0.0377771 0.0375375 0.1107017 0.0000000 0.0862820 0.0074199 0.0855790 0.0528310 0.1250180 0.0711828 0.1475498 0.1969275 0.1047874 0.1223484 0.0368069 0.0629484 0.0669044 0.0697091 0.0373009 0.0959763 0.1250180 0.1510037 0.0455576 0.0384306 0.0453277 0.1731865 0.0684374 0.0449949 0.0775105 0.0160050 0.1244395 0.1360617 0.1853385 0.1350263 0.0291329 0.1346125 0.0148859 0.0512600 0.3364062 0.1187229 0.1060762 0.1570839 0.0740493 0.1124175 0.1096107 0.0544148 0.1791715 0.0658021 0.0789121 0.1568580 0.1250924 0.0220654 0.1322951 0.1233728 0.1092018 0.2842964 0.0545343 0.1816429 0.1232772 0.0376327 0.0613346 0.1231135 0.0367742 0.0291329 0.1348790 0.0297780 0.1409966 0.1548462 0.1336895 0.1184548 0.0449949 0.1251356 0.1748352 0.1668540 0.0385674 0.0145078 0.1809886 0.0549857 0.0392671 0.1782633 0.0440633 0.0613346 0.0454846 0.1107017 0.1124175 0.0520161 0.0534966 0.1317947 0.0627416 
S0417         0.2713958 0.3545747 0.1076610 0.0895108 0.1051116 0.1454349 0.0611036 0.0685982 0.0528877 0.0952187 0.0780750 0.1297314 0.0782607 0.0934277 0.0962759 0.0964233 0.0611812 0.0871201 0.2184211 0.1005199 0.0790183 0.0709261 0.0786991 0.0269691 0.0862820 0.0000000 0.0305506 0.1028493 0.0202407 0.0877814 0.0147112 0.0988223 0.1316851 0.0584721 0.0364035 0.0687070 0.1065584 0.0584299 0.1143539 0.0864451 0.0783101 0.0877814 0.1118071 0.1056661 0.0799502 0.0955833 0.1208323 0.0521404 0.0947868 0.0607245 0.0409777 0.0873771 0.0888491 0.1003600 0.1073710 0.0688950 0.0621163 0.0380651 0.0401516 0.3364062 0.1092182 0.0707581 0.1076681 0.0764546 0.1034817 0.0756401 0.1068262 0.1266326 0.0314671 0.0396116 0.1174698 0.0960702 0.0376488 0.1127214 0.1046816 0.0990384 0.3088042 0.0973825 0.1176008 0.1040395 0.0964235 0.0955233 0.0693226 0.0773347 0.0688950 0.0968372 0.0875436 0.0525865 0.0793024 0.0960536 0.0699797 0.0947868 0.0878691 0.1326275 0.1268593 0.0809567 0.0696576 0.1411017 0.0982207 0.0396148 0.1268682 0.0213789 0.0955233 0.0370749 0.0269691 0.1034817 0.0770130 0.1047440 0.1224851 0.1074767 
S0419         0.2423496 0.3409028 0.0839425 0.1336849 0.0557269 0.1194592 0.0074539 0.0382828 0.0385280 0.0305949 0.0814680 0.1254500 0.0075017 0.0300431 0.0823925 0.1034048 0.0725110 0.0817568 0.2184211 0.0854815 0.0309434 0.0227185 0.0227184 0.0389631 0.0074199 0.0305506 0.0000000 0.0628761 0.0309383 0.0823925 0.0154031 0.0937602 0.1380128 0.0516781 0.0493426 0.0148646 0.0479534 0.0492357 0.0551113 0.0227185 0.0553641 0.0823925 0.0839932 0.0389610 0.0313283 0.0306760 0.1162627 0.0224471 0.0304531 0.0304983 0.0079041 0.0819992 0.0835676 0.1169218 0.1011981 0.0147912 0.0736754 0.0074024 0.0303034 0.3364062 0.0747514 0.0561378 0.1028690 0.0740493 0.0719633 0.0617016 0.0478941 0.1328301 0.0658021 0.0789121 0.1027353 0.0733697 0.0000026 0.0809004 0.0813176 0.0660044 0.2944033 0.0395578 0.1248848 0.0723814 0.0229202 0.0387275 0.0723033 0.0224092 0.0147912 0.0916674 0.0151201 0.0807875 0.1015201 0.0909086 0.0636995 0.0304531 0.0824786 0.1173422 0.1121821 0.0233476 0.0074373 0.1254470 0.0398901 0.0231356 0.1226002 0.0214856 0.0387275 0.0000029 0.0389631 0.0719633 0.0300431 0.0388022 0.0902287 0.0474947 
S0427         0.3000869 0.4143301 0.1777073 0.2628492 0.1229959 0.1746578 0.0613700 0.1383697 0.1210793 0.0859981 0.1829665 0.2275039 0.0693864 0.0676487 0.1333237 0.2048136 0.1709871 0.1418732 0.4064869 0.1804088 0.0526695 0.0702259 0.0779300 0.1317322 0.0855790 0.1028493 0.0628761 0.0000000 0.0626350 0.1430836 0.1059539 0.1887253 0.2310798 0.1266483 0.1437403 0.0601730 0.1064016 0.1138701 0.0951215 0.0774224 0.1507421 0.1430836 0.1741577 0.0859592 0.0798110 0.0863104 0.2175704 0.1191899 0.0856096 0.1297127 0.0672898 0.1628655 0.1759028 0.2307635 0.1751320 0.0683304 0.1738637 0.0543279 0.0951938 0.3521723 0.1579582 0.1432460 0.1778842 0.0750593 0.1788640 0.1451974 0.1156909 0.2227711 0.1473304 0.1815665 0.1985214 0.1639330 0.0778165 0.1709806 0.1422117 0.1677868 0.3529256 0.0972253 0.2260643 0.1613853 0.0870621 0.1034822 0.1609548 0.0767037 0.0683304 0.1532734 0.0949813 0.1591159 0.1529255 0.1518767 0.1410519 0.0856096 0.1637578 0.2197403 0.1843168 0.0717416 0.0690814 0.2141632 0.0980623 0.0734675 0.2217029 0.0791739 0.1034822 0.0950533 0.1317322 0.1788640 0.0763866 0.0952507 0.2012163 0.1250559 
S0428sl       0.1955884 0.2697318 0.0421789 0.0000010 0.0408643 0.0760210 0.0306700 0.0416341 0.0100148 0.0309485 0.0203679 0.0312087 0.0312216 0.0518392 0.0418278 0.0201752 0.0203679 0.0311415 0.0000010 0.0810830 0.0200511 0.0309487 0.0309487 0.0000025 0.0528310 0.0202407 0.0309383 0.0626350 0.0000000 0.0311415 0.0101642 0.0200812 0.0419624 0.0209736 0.0098733 0.0306700 0.0304944 0.0212145 0.0769436 0.0309485 0.0205808 0.0311415 0.0415964 0.0411838 0.0544357 0.0419906 0.0424893 0.0201752 0.0415656 0.0310464 0.0216366 0.0660354 0.0000025 0.0204810 0.0763182 0.0306700 0.0316307 0.0204775 0.0000030 0.0000010 0.0802505 0.0425116 0.0303422 0.4354846 0.0515197 0.0409294 0.0409301 0.0300410 1.1470454 0.0000010 0.1045040 0.0409790 0.0306702 0.0754253 0.0647354 0.0428901 0.5693252 0.0306012 0.0547324 0.0527332 0.0425739 0.0533699 0.0203066 0.0306700 0.0306700 0.0421327 0.0419624 0.0201752 0.0421153 0.0311415 0.0323291 0.0415656 0.0526934 0.1105089 0.0433578 0.0321895 0.0306700 0.0425250 0.0200727 0.0316365 0.0312087 0.0000020 0.0533699 0.0204775 0.0000025 0.0515197 0.0522166 0.0415656 0.0745416 0.0307689 
S0430         0.2454958 0.3556884 0.1097029 0.2100787 0.1574008 0.1141529 0.0794812 0.0776580 0.0615759 0.1163149 0.0778797 0.1526036 0.1067534 0.1132468 0.0069602 0.0542087 0.0610309 0.0070505 0.1539396 0.1203236 0.1080821 0.0992788 0.1073929 0.0465415 0.1250180 0.0877814 0.0823925 0.1430836 0.0311415 0.0000000 0.0457048 0.1194221 0.1083935 0.0090930 0.0565626 0.1053210 0.1487680 0.0490220 0.1360983 0.1154755 0.0878114 0.0000010 0.0907401 0.1243910 0.1290045 0.1255258 0.1433182 0.0606844 0.1243827 0.0599823 0.0503787 0.0790893 0.1086680 0.1202607 0.0533667 0.1055947 0.0699147 0.0731911 0.0406002 0.0440096 0.1102097 0.0885826 0.1286995 0.3095569 0.0935218 0.0683221 0.1374383 0.0707407 0.3324894 0.1362909 0.1377004 0.1070494 0.0802787 0.1143618 0.0865688 0.1184254 0.1131006 0.1491389 0.1399171 0.1055370 0.1268428 0.1130330 0.0529811 0.1058580 0.1055947 0.0069927 0.1269904 0.0527593 0.0286619 0.0142384 0.0186222 0.1243827 0.0446192 0.1544237 0.0946589 0.1107851 0.0968650 0.1390342 0.1505247 0.0739365 0.1726934 0.0329087 0.1130330 0.0624871 0.0465415 0.0935218 0.1144630 0.1354862 0.1005939 0.1610225 
S0478         0.2226663 0.2985440 0.0914528 0.0955056 0.0904126 0.1164894 0.0461794 0.0453299 0.0299535 0.0621688 0.0375543 0.1128271 0.0541783 0.0785041 0.0536006 0.0664022 0.0220822 0.0457048 0.0476913 0.0732796 0.0724909 0.0467526 0.0544728 0.0089109 0.0711828 0.0147112 0.0154031 0.1059539 0.0101642 0.0457048 0.0000000 0.0826495 0.1234799 0.0482184 0.0180416 0.0538687 0.0903152 0.0243086 0.0988367 0.0621688 0.0543184 0.0457048 0.0906867 0.0802628 0.0733789 0.0708612 0.1039359 0.0295398 0.0702978 0.0376187 0.0243347 0.0619117 0.0729675 0.0657997 0.0620981 0.0540239 0.0301764 0.0231792 0.0198928 0.1075807 0.0816772 0.0459623 0.0914367 0.0895066 0.0695539 0.0524962 0.0907758 0.0896080 0.0776576 0.0420849 0.0897232 0.0719521 0.0227732 0.0793548 0.0693889 0.0722959 0.1220716 0.0912629 0.0928585 0.0710023 0.0713142 0.0802680 0.0296655 0.0540239 0.0540239 0.0538890 0.0722256 0.0295398 0.0539141 0.0538720 0.0593397 0.0702978 0.0449709 0.1029231 0.0900737 0.0558861 0.0540239 0.1239113 0.0920665 0.0156609 0.1211295 0.0105672 0.0802680 0.0221773 0.0089109 0.0695539 0.0621118 0.0796484 0.0871323 0.1014693 
S0552sl       0.3288047 0.4861330 0.0613480 0.2143340 0.1154862 0.1401476 0.1096940 0.0793693 0.0628921 0.1474876 0.1072050 0.1014384 0.1282021 0.1549036 0.1286995 0.0538501 0.0887521 0.1184211 0.4455556 0.0722986 0.1382434 0.1205939 0.1290115 0.0462512 0.1475498 0.0988223 0.0937602 0.1887253 0.0200812 0.1194221 0.0826495 0.0000000 0.0893486 0.0693577 0.0562158 0.1264071 0.1474674 0.0786447 0.1596445 0.1373935 0.0898284 0.1194221 0.0558803 0.1716966 0.1413433 0.1482382 0.0142906 0.0619601 0.1467926 0.0711100 0.0710739 0.0976899 0.0368070 0.0802874 0.1509272 0.1267271 0.1101969 0.0840809 0.0193429 0.6520821 0.0805983 0.0374847 0.0069133 0.4897294 0.1163851 0.0777707 0.1586027 0.0862621 0.3627593 0.1386255 0.0798164 0.0773257 0.0912746 0.1044361 0.0968744 0.0811250 0.4639466 0.1478328 0.1550838 0.0958116 0.1498383 0.1588373 0.1175601 0.1367026 0.1267271 0.1295174 0.1266160 0.1170552 0.1301939 0.1283477 0.0813616 0.1467926 0.1284768 0.0826396 0.1109174 0.1332554 0.1282374 0.0797316 0.1387466 0.0867216 0.1198682 0.0104136 0.1588373 0.0638439 0.0462512 0.1163851 0.1164171 0.1588841 0.1366780 0.1385863 
S0616         0.4107706 0.5389227 0.1647604 0.6032552 0.1962531 0.1486984 0.1530866 0.1194312 0.1113073 0.2090419 0.1603780 0.1577182 0.1736701 0.2165113 0.1173977 0.0344748 0.1393345 0.1075164 0.6169222 0.1845013 0.1988209 0.1793636 0.1884269 0.0666756 0.1969275 0.1316851 0.1380128 0.2310798 0.0419624 0.1083935 0.1234799 0.0893486 0.0000000 0.0473820 0.0771886 0.1842363 0.2090499 0.0994225 0.2498018 0.1974426 0.1426663 0.1083935 0.0904625 0.2080143 0.2040089 0.2104157 0.1106146 0.0997164 0.2080358 0.0984211 0.1022682 0.1751073 0.0796870 0.1001483 0.1644244 0.1846580 0.1324703 0.1379138 0.0623817 0.8764753 0.1946141 0.1442231 0.0980335 1.0668943 0.1370406 0.1180071 0.2119611 0.0964769 0.7975059 0.4281885 0.1937492 0.1401818 0.1340986 0.1738456 0.1850519 0.1807959 0.5956350 0.2095713 0.2086588 0.1635086 0.1843013 0.1924272 0.1490294 0.1851985 0.1846580 0.1181230 0.2004972 0.1090481 0.0994007 0.1170952 0.0582784 0.2080358 0.1408682 0.1904021 0.1193746 0.1833742 0.1869964 0.1075157 0.2116803 0.1287150 0.1786262 0.0444015 0.1924272 0.1029446 0.0666756 0.1370406 0.1953956 0.2227677 0.1444262 0.1991293 
S0620         0.2405557 0.3561076 0.0941387 0.0000010 0.1269845 0.1169235 0.0701808 0.0799945 0.0482184 0.0808029 0.0694836 0.0700495 0.0814935 0.1023022 0.0183062 0.0089258 0.0588150 0.0090930 0.0000010 0.1217181 0.0706636 0.0608324 0.0708404 0.0375644 0.1047874 0.0584721 0.0516781 0.1266483 0.0209736 0.0090930 0.0482184 0.0693577 0.0473820 0.0000000 0.0475532 0.0698305 0.0919866 0.0322602 0.1307799 0.0808029 0.0585822 0.0090930 0.0813803 0.0919327 0.0968962 0.0924762 0.0942806 0.0582439 0.0914899 0.0573860 0.0535563 0.0697491 0.0375644 0.0591104 0.0494848 0.0811919 0.0709189 0.0507503 0.0307554 0.0000010 0.1087510 0.0815367 0.0797978 0.0000010 0.0890620 0.0680022 0.1042942 0.0278316 6.4230331 0.0000010 0.1320104 0.0802194 0.0500179 0.1158278 0.0800395 0.1054040 0.3085856 0.0931902 0.0944594 0.0928521 0.0932326 0.0687383 0.0485251 0.0811919 0.0811919 0.0184193 0.1068555 0.0482628 0.0375527 0.0090930 0.0090748 0.0914899 0.0380977 0.1520163 0.0800740 0.0732419 0.0811919 0.0690072 0.0814941 0.0528454 0.0810850 0.0212913 0.0687383 0.0582439 0.0375644 0.0890620 0.0920656 0.0808029 0.0980433 0.0941190 
S0624         0.2555223 0.3516224 0.1005885 0.0000010 0.1098462 0.1225879 0.0879121 0.0661843 0.0365163 0.0993342 0.0365940 0.0567381 0.1001676 0.1195139 0.0664191 0.0363009 0.0271142 0.0565626 0.0000010 0.1178139 0.0885245 0.0797704 0.0895756 0.0086865 0.1223484 0.0364035 0.0493426 0.1437403 0.0098733 0.0565626 0.0180416 0.0562158 0.0771886 0.0475532 0.0000000 0.0875130 0.1105434 0.0305531 0.1482955 0.0993342 0.0568456 0.0565626 0.0881207 0.1094083 0.1151423 0.1001928 0.0790330 0.0459438 0.1099561 0.0564368 0.0518483 0.1000801 0.0267023 0.0272464 0.0999057 0.0988544 0.0372825 0.0589507 0.0193362 0.0000010 0.1289588 0.0790569 0.0660212 0.4354846 0.0749269 0.0749269 0.1217815 0.0547212 2.2438482 0.0000010 0.1394705 0.0869133 0.0581301 0.1214836 0.1095183 0.1021579 0.6306669 0.1108776 0.0791788 0.0992606 0.1125733 0.1113943 0.0364890 0.0988544 0.0988544 0.0668672 0.1247095 0.0363009 0.0669136 0.0565626 0.0584967 0.1099561 0.0764366 0.1469658 0.0901061 0.0930080 0.0988544 0.0788711 0.0992144 0.0504062 0.0670236 0.0104098 0.1113943 0.0465628 0.0086865 0.0749269 0.1095808 0.1099561 0.0965115 0.1119345 
