116
CRNC          0.0000000 0.2498569 0.2938436 0.4910863 0.3928726 0.4760867 0.4066069 0.4681011 0.4751679 0.4667507 0.4555943 0.4643854 0.4269007 0.4627375 0.4931041 0.4982166 0.4824813 0.4637901 0.5124078 0.4642452 0.4584655 0.4420420 0.4805196 0.4464319 0.4837680 0.4207559 0.5076109 0.4653036 0.4687560 0.4885498 0.5652854 0.4551475 0.4781891 0.4957839 0.4773095 0.5252057 0.4640256 0.4636973 0.4815213 0.4884608 0.4524841 0.4749121 0.4597634 0.4796529 0.4362773 0.4713442 0.4479049 0.4910660 0.4472842 0.4336261 0.4656080 0.4731348 0.4540338 0.4827788 0.4643578 0.4690592 0.4829294 0.4814419 0.4799099 0.4808755 0.4985842 0.4642280 0.4182031 0.5045658 0.5015046 0.4778293 0.4348579 0.4732129 0.4714352 0.4809970 0.4660072 0.4756144 0.4789417 0.4753534 0.4847932 0.4601376 0.4680142 0.5153885 0.4851960 0.4806759 0.4506164 0.5144160 0.4914827 0.4732449 0.4894114 0.4455245 0.4878591 0.4737225 0.5006742 0.4700582 0.4828358 0.4505740 0.4676496 0.4663247 0.4507338 0.4708930 0.4493257 0.4903672 0.4947050 0.4855050 0.4660733 0.4793505 0.4705845 0.4664522 0.4629220 0.4997241 0.4790740 0.4898774 0.4622713 0.4705877 0.4368296 0.4686074 0.4721566 0.4605707 0.4779120 0.4576603 
HYZL          0.2498569 0.0000000 0.1349869 0.4276462 0.2672152 0.3757194 0.3167564 0.3861907 0.3949815 0.4012264 0.3477325 0.3932688 0.3525914 0.3740682 0.4084308 0.4181795 0.3974861 0.3724760 0.4168321 0.3876633 0.3841883 0.3690966 0.3967010 0.3678156 0.4059522 0.3579996 0.3889602 0.3910232 0.3665804 0.3953678 0.6223876 0.3703526 0.3887488 0.3935309 0.3927305 0.4190055 0.3680847 0.3999556 0.4025876 0.4153200 0.3603416 0.3954651 0.3727302 0.3785776 0.3848655 0.3652989 0.3724118 0.3907399 0.3514173 0.3402307 0.4024940 0.4051906 0.3555412 0.4032683 0.3747833 0.3600264 0.3683196 0.3881106 0.4073196 0.3967153 0.3882033 0.3897632 0.3460605 0.4592118 0.4026282 0.3983291 0.3689660 0.3869901 0.3995855 0.4653215 0.3754078 0.4013420 0.4478811 0.4054998 0.4226629 0.3901551 0.3675313 0.4733069 0.4159471 0.4087345 0.3728486 0.4302519 0.4018245 0.3959301 0.4204497 0.3947128 0.4212657 0.3768699 0.3956126 0.3843676 0.4078641 0.3606721 0.3960279 0.3895080 0.3676241 0.4091973 0.3660413 0.4253657 0.4037956 0.4159622 0.4076560 0.3866944 0.3772824 0.3886259 0.3663192 0.3977169 0.4074928 0.4300441 0.3920040 0.3705868 0.3605990 0.3655175 0.3772011 0.3890725 0.3992193 0.3998001 
MYZV          0.2938436 0.1349869 0.0000000 0.4412531 0.2689590 0.4117212 0.3843425 0.4045488 0.3970528 0.4126791 0.3795216 0.4143126 0.3895823 0.3970424 0.4260400 0.4642470 0.4380831 0.4356959 0.4743426 0.4124176 0.4484455 0.3904625 0.4177553 0.3843157 0.4255720 0.3977497 0.4307735 0.4325183 0.3784085 0.4251824 0.6617536 0.4408750 0.4124889 0.4467540 0.4430938 0.4915113 0.4360721 0.4264411 0.4471236 0.4420823 0.4074712 0.4244972 0.4198484 0.3956324 0.4229762 0.3903085 0.4394691 0.4250642 0.4306118 0.3882091 0.4097749 0.4366860 0.3768202 0.4283196 0.3835465 0.3686851 0.4204872 0.3907190 0.4463759 0.4311159 0.4359134 0.4126314 0.3765002 0.5157282 0.4205982 0.4436517 0.3984809 0.4433452 0.4343843 0.4470075 0.4057483 0.4163428 0.4886660 0.4468189 0.4407350 0.4087867 0.3826419 0.4762385 0.4511349 0.4291249 0.3934581 0.4288184 0.4349235 0.4214346 0.4400076 0.4193615 0.4470653 0.4247203 0.4306257 0.4509721 0.4444944 0.4090342 0.4190813 0.4632310 0.4356077 0.4275034 0.4023378 0.4501577 0.4117765 0.4275403 0.4247223 0.4018452 0.3879936 0.4234506 0.3938608 0.4294471 0.4180200 0.4489829 0.4184202 0.3704386 0.3951142 0.4058015 0.4268983 0.4074497 0.4168339 0.4208748 
SRR6441723    0.4910863 0.4276462 0.4412531 0.0000000 0.0522144 0.1198093 0.2534616 0.0942516 0.0887425 0.1132400 0.0995455 0.0899458 0.0902567 0.0645123 0.1087365 0.1281266 0.1231053 0.1037306 0.1285120 0.1287050 0.1183308 0.0988887 0.0498595 0.0841726 0.0937662 0.0962725 0.0888938 0.1088460 0.0950656 0.1032205 0.2015850 0.1037171 0.1085816 0.1103096 0.1188524 0.1208763 0.0973898 0.1172376 0.0970603 0.0998309 0.1056589 0.1027680 0.1136675 0.0959513 0.1068583 0.1060505 0.0989109 0.1116631 0.0880556 0.1006859 0.0919701 0.1154240 0.0953373 0.0939106 0.0942554 0.0899888 0.1036871 0.1202534 0.1282155 0.1133540 0.1222560 0.0976183 0.0670251 0.1293182 0.0925457 0.1117281 0.0872722 0.1268704 0.1117641 0.1105228 0.1172901 0.1071922 0.1081172 0.1106518 0.1099054 0.0888485 0.0901250 0.1427798 0.1002173 0.0598409 0.0990500 0.1233074 0.0748677 0.0886426 0.1058689 0.0862316 0.1055198 0.1203889 0.1366154 0.1044577 0.1123309 0.1058270 0.1127444 0.1096991 0.1048499 0.0903295 0.0969690 0.0601021 0.0858690 0.0910720 0.0825400 0.0980214 0.0848576 0.0978005 0.1023901 0.0775947 0.0703256 0.1317891 0.0953775 0.0973941 0.0908182 0.1063769 0.1258533 0.0894293 0.1086125 0.0801224 
ERR4210213    0.3928726 0.2672152 0.2689590 0.0522144 0.0000000 0.1316891 0.1388613 0.1182372 0.1368048 0.1402543 0.1397492 0.1018714 0.1226415 0.1142082 0.1180096 0.1319478 0.1348982 0.1016697 0.1528921 0.1665824 0.1328120 0.1580318 0.0300220 0.1018714 0.1018835 0.1271885 0.1246024 0.1659777 0.1256812 0.1347977 1.2989242 0.1106580 0.1081119 0.1447000 0.1734007 0.1980575 0.1053636 0.1251042 0.1344607 0.1149309 0.1380756 0.1196253 0.1396366 0.1019847 0.1304169 0.1180221 0.1110005 0.1299941 0.0689430 0.0999532 0.0891864 0.1445414 0.1058876 0.1018714 0.0973751 0.0926620 0.1191289 0.1324186 0.1332915 0.1139375 0.1396366 0.0946903 0.0907982 0.1691843 0.1463439 0.1630350 0.1485268 0.1471462 0.1590643 0.0000010 0.1030083 0.0775663 0.1256133 0.1091845 0.1504186 0.1309413 0.1084522 0.2545172 0.1018714 0.0634214 0.1127597 0.1551327 0.0752597 0.1037439 0.1451627 0.0924914 0.1360789 0.1231662 0.1217967 0.1306486 0.1363963 0.1666115 0.2259135 0.1228759 0.1205032 0.0891864 0.1063529 0.1211840 0.1298234 0.0913266 0.0764870 0.1306963 0.0889501 0.1119477 0.1223971 0.1282540 0.1124912 0.1084383 0.1182372 0.1055874 0.0980904 0.0913576 0.1549881 0.0784308 0.1169275 0.0891864 
ERR2789774    0.4760867 0.3757194 0.4117212 0.1198093 0.1316891 0.0000000 0.2356834 0.0749453 0.0907743 0.1194795 0.1012460 0.0818045 0.0995379 0.0913620 0.0913106 0.1179147 0.1390092 0.1013910 0.1311736 0.1334497 0.1086921 0.0992277 0.1173426 0.0714976 0.0821725 0.1072222 0.0707421 0.1123541 0.0937916 0.1013504 0.2048872 0.0874122 0.1143660 0.1219288 0.1012703 0.1163959 0.0985966 0.1205141 0.0879313 0.0844064 0.1100036 0.1141447 0.1041700 0.0546106 0.0865946 0.0942146 0.0919391 0.0734467 0.0874615 0.0933141 0.0787728 0.1253923 0.0940607 0.0790054 0.0947182 0.0901742 0.1223289 0.1190797 0.1384815 0.1009153 0.1032056 0.1212043 0.0725624 0.1258817 0.0960874 0.1292968 0.1058804 0.1353535 0.1250680 0.1240102 0.1163850 0.1120630 0.0968905 0.1008096 0.1376176 0.1112898 0.0888437 0.1325870 0.1197085 0.1055146 0.0792627 0.1065027 0.1048312 0.0771835 0.1031654 0.1036913 0.1216070 0.1066039 0.1160669 0.0936143 0.1390053 0.1169428 0.1062957 0.0963630 0.0920110 0.0788279 0.0888510 0.1187372 0.1129664 0.0813038 0.0778779 0.0722212 0.1140785 0.0757522 0.1153855 0.1048945 0.1034207 0.1467987 0.0856350 0.0961627 0.1102057 0.1106104 0.1087846 0.0790162 0.1131707 0.0739880 
PAFTOL_019361 0.4066069 0.3167564 0.3843425 0.2534616 0.1388613 0.2356834 0.0000000 0.2106461 0.1947097 0.2201184 0.2043924 0.2064174 0.1919507 0.2043383 0.2154957 0.2214981 0.2636211 0.2084039 0.2157054 0.2635466 0.2146347 0.1908112 0.2273581 0.1998427 0.2105349 0.2305973 0.1820042 0.2152844 0.1949493 0.2030172 0.2498229 0.2045085 0.2156485 0.2038410 0.2538675 0.2245089 0.1986420 0.2163590 0.2042557 0.2076666 0.2145688 0.1892924 0.2315626 0.2063534 0.2158200 0.1811139 0.2168304 0.2026137 0.1847051 0.2149374 0.2009278 0.2148527 0.2025772 0.2084066 0.2002309 0.1910830 0.2427535 0.1785358 0.2104192 0.2095775 0.2481467 0.1958922 0.1623800 0.2879478 0.1893583 0.2233483 0.1931213 0.2176153 0.2089295 0.2337616 0.1961067 0.2320980 0.2301241 0.2112454 0.2150165 0.1941056 0.1924747 0.2236295 0.2051967 0.2199038 0.2184581 0.2412423 0.2374289 0.1972382 0.2197652 0.2173932 0.2141004 0.2357254 0.2471459 0.2045840 0.2282609 0.2256281 0.2034230 0.1987977 0.2005465 0.2036716 0.1896133 0.2298330 0.2227936 0.2104448 0.2033656 0.2116089 0.2427855 0.1867037 0.2253870 0.2105888 0.2008869 0.2436787 0.1980919 0.1956517 0.2300111 0.1873065 0.2355330 0.1965849 0.2095256 0.2109754 
S0055         0.4681011 0.3861907 0.4045488 0.0942516 0.1182372 0.0749453 0.2106461 0.0000000 0.0586871 0.0765479 0.0771400 0.0549978 0.0708789 0.0676467 0.0660944 0.0841142 0.1066449 0.0786636 0.0960715 0.1047179 0.0871750 0.0708583 0.0931240 0.0424430 0.0582841 0.0807772 0.0562037 0.0789827 0.0630702 0.0806684 0.1606671 0.0716230 0.0799937 0.1025651 0.0877366 0.0905771 0.0755373 0.0834655 0.0542138 0.0564628 0.0825442 0.0792450 0.0842784 0.0605495 0.0596140 0.0698217 0.0694775 0.0720466 0.0642785 0.0849058 0.0521133 0.1044346 0.0664429 0.0538438 0.0668860 0.0629378 0.1072757 0.0878465 0.0997180 0.0919220 0.0919697 0.0788678 0.0466666 0.0996253 0.0681521 0.1028275 0.0815451 0.1134343 0.0989298 0.0767880 0.0936475 0.0974114 0.0800972 0.0836549 0.1162561 0.0912730 0.0616033 0.0809735 0.0920987 0.0824575 0.0661208 0.0611305 0.0849593 0.0536739 0.0591022 0.0873968 0.0841368 0.0902480 0.1050164 0.0760317 0.0978310 0.0840202 0.0725225 0.0768531 0.0744874 0.0551968 0.0681425 0.0964366 0.0911681 0.0572836 0.0526184 0.0340929 0.0882073 0.0389029 0.0896938 0.0798708 0.0723634 0.1049802 0.0498137 0.0698994 0.0819938 0.0816620 0.0902782 0.0538195 0.0892930 0.0447333 
S0196sl       0.4751679 0.3949815 0.3970528 0.0887425 0.1368048 0.0907743 0.1947097 0.0586871 0.0000000 0.0992089 0.0392136 0.0768547 0.0795956 0.0682801 0.0911146 0.1114308 0.1381922 0.0874551 0.1046921 0.1225635 0.0949201 0.0778973 0.0830946 0.0645991 0.0772425 0.0864643 0.0533039 0.0905292 0.0132326 0.0812120 0.1571638 0.0803130 0.0842170 0.0887325 0.1143472 0.1004927 0.0796924 0.1033185 0.0800285 0.0752939 0.0913270 0.0772886 0.0956694 0.0657446 0.0792771 0.0425602 0.0774349 0.0735081 0.0743890 0.0861019 0.0734504 0.0968501 0.0133518 0.0773758 0.0133563 0.0103181 0.1045096 0.0489702 0.1004927 0.0956176 0.1048056 0.0828207 0.0429866 0.1138161 0.0669185 0.0972541 0.0697989 0.1003541 0.0910209 0.1154385 0.0543565 0.0905075 0.0842082 0.0912952 0.0981732 0.0776462 0.0103019 0.0917414 0.0859531 0.0815674 0.0805726 0.1033022 0.0745044 0.0714810 0.0840614 0.0751560 0.0847977 0.1002206 0.1129189 0.0823381 0.0957040 0.0866304 0.0873258 0.0867662 0.0782880 0.0753554 0.0730454 0.0913044 0.0868599 0.0760164 0.0724268 0.0734440 0.0777476 0.0738501 0.0885785 0.0629738 0.0658839 0.1190886 0.0788987 0.0164469 0.0880956 0.0459076 0.1066735 0.0722751 0.0543602 0.0681447 
S0278         0.4667507 0.4012264 0.4126791 0.1132400 0.1402543 0.1194795 0.2201184 0.0765479 0.0992089 0.0000000 0.1103346 0.0885923 0.0266048 0.0916069 0.0941125 0.1163541 0.0632558 0.1091057 0.1274190 0.0579795 0.1074002 0.0377621 0.0971262 0.0672388 0.0869953 0.0406158 0.0913815 0.0439903 0.0960714 0.1002165 0.0986215 0.0980861 0.0603574 0.1040518 0.1280797 0.1224083 0.1045501 0.0441089 0.1005017 0.0949332 0.0362468 0.0611668 0.0576319 0.1086871 0.0724010 0.1003343 0.0981430 0.1150341 0.0965371 0.0980267 0.0855687 0.1056391 0.0999033 0.0891390 0.1006221 0.0961002 0.1137715 0.1220066 0.0738618 0.1189248 0.0648781 0.0615825 0.0654197 0.0521965 0.1022066 0.1057987 0.0790288 0.1133273 0.1018290 0.1249382 0.1131304 0.1284310 0.1103382 0.1042908 0.1172300 0.0925000 0.0945036 0.0441993 0.0961640 0.0989040 0.0900260 0.1071558 0.1057196 0.0834754 0.1013320 0.1082323 0.0425588 0.0632734 0.0735681 0.1061289 0.0675203 0.0424662 0.1007367 0.1023934 0.1013646 0.0822789 0.0964304 0.1197718 0.1077194 0.0861939 0.0791320 0.0941178 0.1051312 0.0810152 0.0705061 0.0994104 0.0965767 0.0617544 0.0833912 0.1038684 0.0388445 0.1020706 0.0696464 0.0824412 0.1082886 0.0805786 
S0281         0.4555943 0.3477325 0.3795216 0.0995455 0.1397492 0.1012460 0.2043924 0.0771400 0.0392136 0.1103346 0.0000000 0.0928197 0.0882043 0.0717297 0.1012174 0.1272436 0.1453092 0.0934548 0.1167332 0.1214542 0.0966078 0.0923457 0.0912038 0.0716167 0.0950332 0.0931649 0.0770798 0.1060572 0.0456514 0.0909525 0.2109938 0.0784873 0.1004935 0.0994776 0.1129522 0.1099325 0.0881560 0.1087879 0.0995027 0.1010591 0.1027078 0.0923206 0.1081625 0.0818831 0.0870533 0.0502447 0.0777603 0.0950064 0.0785697 0.0908257 0.0914228 0.1066182 0.0472546 0.0916501 0.0475586 0.0441115 0.1092347 0.0559746 0.1113635 0.0978087 0.1130313 0.0943852 0.0587892 0.1331385 0.0908259 0.1070186 0.0869278 0.1122171 0.1030513 0.1073497 0.0604412 0.0998799 0.0885085 0.0832114 0.1144041 0.0875545 0.0441847 0.1030771 0.1060788 0.0980955 0.0733043 0.1159980 0.0848379 0.0875285 0.0973770 0.0907628 0.0988756 0.1091732 0.1206986 0.0901711 0.1071227 0.0948513 0.0850611 0.0918890 0.0855785 0.0913704 0.0692136 0.1078681 0.0868705 0.0919383 0.0888774 0.0824206 0.0930163 0.0921346 0.0954762 0.0804113 0.0816394 0.1324335 0.0852962 0.0489299 0.0964036 0.0497179 0.1163677 0.0864829 0.0617854 0.0770032 
S0282         0.4643854 0.3932688 0.4143126 0.0899458 0.1018714 0.0818045 0.2064174 0.0549978 0.0768547 0.0885923 0.0928197 0.0000000 0.0739260 0.0689550 0.0301803 0.0782821 0.1218087 0.0814954 0.1042788 0.1143564 0.0882895 0.0741059 0.0832730 0.0073378 0.0253493 0.0875618 0.0559880 0.0835522 0.0759478 0.0856353 0.1824144 0.0761477 0.0871583 0.1053900 0.0913527 0.0994738 0.0801610 0.0975229 0.0555169 0.0259210 0.0888186 0.0809773 0.0807885 0.0654615 0.0221942 0.0811847 0.0740392 0.0699270 0.0726826 0.0907641 0.0225291 0.1128258 0.0761634 0.0157854 0.0750178 0.0727132 0.1122930 0.0927137 0.0926959 0.0921366 0.0883750 0.0880402 0.0433601 0.0988291 0.0776366 0.1076599 0.0856584 0.1240109 0.1072274 0.0634199 0.1061762 0.1002691 0.0877575 0.0936232 0.1168134 0.0937300 0.0712101 0.0724691 0.0928192 0.0836242 0.0715292 0.0638357 0.0845351 0.0171052 0.0580558 0.0874327 0.0887471 0.0866704 0.1012971 0.0789159 0.0991589 0.0916122 0.0903250 0.0797974 0.0757796 0.0184486 0.0715146 0.0892625 0.0856981 0.0199974 0.0213334 0.0600085 0.1002230 0.0386583 0.0918696 0.0824423 0.0748868 0.1176068 0.0430417 0.0743870 0.0854581 0.0886139 0.0918014 0.0158922 0.1015810 0.0308918 
S0289         0.4269007 0.3525914 0.3895823 0.0902567 0.1226415 0.0995379 0.1919507 0.0708789 0.0795956 0.0266048 0.0882043 0.0739260 0.0000000 0.0713438 0.0791455 0.1012404 0.0464250 0.0836410 0.1033189 0.0324412 0.0820423 0.0264196 0.0848905 0.0606305 0.0773168 0.0288620 0.0653091 0.0293600 0.0770133 0.0834084 0.0799224 0.0677705 0.0373003 0.0862414 0.1063422 0.1047998 0.0749474 0.0384801 0.0854814 0.0796427 0.0248529 0.0353633 0.0458816 0.0886792 0.0670768 0.0773229 0.0736275 0.0910761 0.0720887 0.0835194 0.0739706 0.0918103 0.0772392 0.0743787 0.0795060 0.0736643 0.0852256 0.0959734 0.0557357 0.0991769 0.0528267 0.0400876 0.0467278 0.0321909 0.0803782 0.0885831 0.0629487 0.1023073 0.0864078 0.1079101 0.0993976 0.1047331 0.0938690 0.0857734 0.0907785 0.0743518 0.0721096 0.0449629 0.0808176 0.0833269 0.0763738 0.0981224 0.0827688 0.0692597 0.0876112 0.0852909 0.0323429 0.0512538 0.0645386 0.0771857 0.0516393 0.0297148 0.0782136 0.0698879 0.0709082 0.0709147 0.0772055 0.1002556 0.0862891 0.0750583 0.0747688 0.0845369 0.0861259 0.0680548 0.0503404 0.0785673 0.0760496 0.0498021 0.0703668 0.0809373 0.0317666 0.0887421 0.0575158 0.0660446 0.0968464 0.0677812 
S0292         0.4627375 0.3740682 0.3970424 0.0645123 0.1142082 0.0913620 0.2043383 0.0676467 0.0682801 0.0916069 0.0717297 0.0689550 0.0713438 0.0000000 0.0794993 0.1136955 0.1140019 0.0749116 0.1039382 0.1077440 0.0867155 0.0715966 0.0611822 0.0627904 0.0725198 0.0735511 0.0618038 0.0831996 0.0699454 0.0822865 0.1698156 0.0729048 0.0913032 0.0807046 0.1113535 0.0974039 0.0732364 0.0967434 0.0802029 0.0760202 0.0812417 0.0786109 0.0889232 0.0766179 0.0708531 0.0771587 0.0704413 0.0888841 0.0669975 0.0747653 0.0708270 0.0842023 0.0701452 0.0693659 0.0689713 0.0667335 0.0923135 0.0852744 0.1006007 0.0829772 0.0968368 0.0853606 0.0410221 0.1047353 0.0707422 0.0826607 0.0662644 0.0960114 0.0790388 0.1053796 0.0920212 0.0855937 0.0832180 0.0866164 0.0943590 0.0745145 0.0652326 0.1074247 0.0819144 0.0521110 0.0668438 0.0928611 0.0449269 0.0676356 0.0875375 0.0479801 0.0867964 0.0933521 0.1102542 0.0772398 0.0967422 0.0838217 0.0855170 0.0799364 0.0740580 0.0660172 0.0690593 0.0698843 0.0242010 0.0649908 0.0648907 0.0760205 0.0511296 0.0697690 0.0823675 0.0328420 0.0199425 0.1075075 0.0707367 0.0703521 0.0768911 0.0800473 0.1002605 0.0645681 0.0893799 0.0597003 
S0293         0.4931041 0.4084308 0.4260400 0.1087365 0.1180096 0.0913106 0.2154957 0.0660944 0.0911146 0.0941125 0.1012174 0.0301803 0.0791455 0.0794993 0.0000000 0.0874963 0.1307087 0.0942169 0.1148053 0.1167762 0.0995743 0.0810989 0.1001527 0.0248292 0.0376489 0.0951307 0.0656065 0.0913075 0.0904011 0.0953917 0.1779496 0.0870234 0.0917026 0.1160752 0.1102394 0.1151183 0.0877572 0.1009689 0.0684102 0.0384440 0.0927251 0.0886163 0.0893848 0.0774503 0.0394494 0.0942755 0.0829560 0.0859590 0.0801878 0.0949694 0.0346169 0.1240457 0.0906653 0.0259992 0.0837528 0.0869697 0.1292722 0.1100572 0.1063354 0.1036483 0.0973526 0.0943088 0.0555245 0.1025930 0.0762262 0.1223537 0.0918397 0.1340053 0.1181340 0.0853564 0.1170928 0.1012975 0.0977453 0.1063999 0.1282414 0.1002454 0.0853965 0.0816428 0.1028292 0.0932557 0.0870616 0.0721127 0.0978434 0.0317342 0.0662513 0.0972088 0.0985378 0.0955782 0.1088639 0.0896951 0.1035793 0.0975827 0.1028913 0.0907440 0.0864219 0.0302879 0.0910153 0.1097273 0.1007274 0.0349665 0.0305312 0.0715526 0.1121057 0.0443322 0.1028360 0.0921172 0.0856832 0.1203366 0.0504353 0.0887583 0.0931562 0.0986086 0.1009151 0.0276293 0.1177006 0.0435226 
S0294         0.4982166 0.4181795 0.4642470 0.1281266 0.1319478 0.1179147 0.2214981 0.0841142 0.1114308 0.1163541 0.1272436 0.0782821 0.1012404 0.1136955 0.0874963 0.0000000 0.1380806 0.1267160 0.1428612 0.1488904 0.1344457 0.1054032 0.1282093 0.0600672 0.0838138 0.1176111 0.0879010 0.1265764 0.1126127 0.1057746 0.2003821 0.1190639 0.1245372 0.1329031 0.1402825 0.1391377 0.1219976 0.1257123 0.0833316 0.0823457 0.1129452 0.1105451 0.1152707 0.1037990 0.0933277 0.1089900 0.1176615 0.1156544 0.1062141 0.1112495 0.0752834 0.1519547 0.1110728 0.0770514 0.1156440 0.1105577 0.1427171 0.1236409 0.1335899 0.1342428 0.1240016 0.1162615 0.0816717 0.1439294 0.1288366 0.1475318 0.1176065 0.1516061 0.1495408 0.0632294 0.1276995 0.1299352 0.1404454 0.1187570 0.1522178 0.1264763 0.1092130 0.1355517 0.1339269 0.1212367 0.1045933 0.1064079 0.1327449 0.0786256 0.0968516 0.1279926 0.1308696 0.1175393 0.1293530 0.1235654 0.1351798 0.1123323 0.1080462 0.1294209 0.1242650 0.0769702 0.1150188 0.1328628 0.1349304 0.0794527 0.0744836 0.0947613 0.1489640 0.0743728 0.1245725 0.1301216 0.1190433 0.1575414 0.0780287 0.1146020 0.1187646 0.1179740 0.1257744 0.0739675 0.1251471 0.0608110 
S0299         0.4824813 0.3974861 0.4380831 0.1231053 0.1348982 0.1390092 0.2636211 0.1066449 0.1381922 0.0632558 0.1453092 0.1218087 0.0464250 0.1140019 0.1307087 0.1380806 0.0000000 0.1352911 0.1600111 0.0779647 0.1394683 0.0726187 0.1165357 0.1066349 0.1199824 0.0698896 0.1193004 0.0810736 0.1362058 0.1223290 0.1039495 0.1200397 0.0850549 0.1246718 0.1399198 0.1535220 0.1250011 0.0770731 0.1389950 0.1257377 0.0604455 0.0815105 0.0989021 0.1261861 0.1119642 0.1311535 0.1242432 0.1414143 0.1130383 0.1204498 0.1222623 0.1346941 0.1326790 0.1263047 0.1376395 0.1324011 0.1127037 0.1564009 0.0973719 0.1556945 0.1040674 0.0814075 0.0913573 0.0802857 0.1301599 0.1330065 0.1128175 0.1383648 0.1287365 0.1427634 0.1514539 0.1522412 0.1336333 0.1354250 0.1305069 0.1111108 0.1307266 0.1040275 0.1213982 0.1254092 0.1220991 0.1443824 0.1216388 0.1168601 0.1343230 0.1321324 0.0791203 0.1058271 0.1177661 0.1262795 0.1047618 0.0823676 0.1494867 0.1246364 0.1195269 0.1204789 0.1225504 0.1430309 0.1366724 0.1215394 0.1176041 0.1191171 0.1195211 0.1083213 0.1012641 0.1223694 0.1209837 0.0969128 0.1163292 0.1383073 0.0696409 0.1414868 0.1093412 0.1188430 0.1440995 0.1112786 
S0303         0.4637901 0.3724760 0.4356959 0.1037306 0.1016697 0.1013910 0.2084039 0.0786636 0.0874551 0.1091057 0.0934548 0.0814954 0.0836410 0.0749116 0.0942169 0.1267160 0.1352911 0.0000000 0.0786846 0.1276282 0.0270388 0.0911785 0.0969178 0.0733937 0.0798632 0.1001177 0.0859969 0.1044870 0.0889914 0.1127078 0.2127444 0.0261421 0.0998874 0.0894993 0.1074111 0.0766933 0.0053365 0.1211533 0.0956197 0.0849381 0.0944593 0.0870530 0.1128541 0.0888537 0.0818023 0.0998187 0.0260128 0.0950097 0.0068877 0.0844089 0.0818382 0.0983271 0.0892017 0.0835914 0.0899329 0.0890175 0.1057062 0.1117025 0.1098793 0.0594644 0.1233394 0.0920219 0.0581379 0.1256525 0.0532098 0.1041861 0.0790601 0.0981034 0.1002865 0.1283652 0.1113939 0.1013036 0.0556436 0.0624419 0.1140390 0.0944843 0.0874629 0.1089336 0.0811881 0.0954182 0.0561226 0.1090745 0.0925017 0.0818588 0.1025852 0.0868239 0.1007148 0.1233170 0.1332302 0.0272649 0.1163039 0.0936373 0.0642944 0.0247588 0.0244535 0.0801906 0.0526263 0.1014394 0.0956280 0.0826077 0.0726701 0.0877335 0.0963067 0.0807720 0.1049151 0.0890261 0.0879346 0.1372784 0.0904292 0.0964870 0.1052781 0.1045226 0.1252429 0.0759055 0.1107399 0.0705432 
S0308         0.5124078 0.4168321 0.4743426 0.1285120 0.1528921 0.1311736 0.2157054 0.0960715 0.1046921 0.1274190 0.1167332 0.1042788 0.1033189 0.1039382 0.1148053 0.1428612 0.1600111 0.0786846 0.0000000 0.1556931 0.0789253 0.1209614 0.1173168 0.0923896 0.1065362 0.1254903 0.1101894 0.1280863 0.1133244 0.1370373 0.2122859 0.0732402 0.1275502 0.1281625 0.1375919 0.0904831 0.0701612 0.1442560 0.1233151 0.1129011 0.1281841 0.1227004 0.1382813 0.1129683 0.1107007 0.1177541 0.0759596 0.1198301 0.0607885 0.1059947 0.0986334 0.1252973 0.1153809 0.1067009 0.1162202 0.1109470 0.1285970 0.1319165 0.1373798 0.0803720 0.1476661 0.1302785 0.0818419 0.1533651 0.0868571 0.1255404 0.1059507 0.1320049 0.1213558 0.1131898 0.1197970 0.1278720 0.0675123 0.0733082 0.1284462 0.1105540 0.1098391 0.1339336 0.1153248 0.1040220 0.0689165 0.1348498 0.1220119 0.1046290 0.1269089 0.1199628 0.1283204 0.1416898 0.1631721 0.0742596 0.1403370 0.1290257 0.0765611 0.0751744 0.0711041 0.1046227 0.0582886 0.1248430 0.1240577 0.1037826 0.0999839 0.1145505 0.1279094 0.1018604 0.1416256 0.1032169 0.1071844 0.1605953 0.1104178 0.1176143 0.1310414 0.1165580 0.1437801 0.0963168 0.1247001 0.1065631 
S0320         0.4642452 0.3876633 0.4124176 0.1287050 0.1665824 0.1334497 0.2635466 0.1047179 0.1225635 0.0579795 0.1214542 0.1143564 0.0324412 0.1077440 0.1167762 0.1488904 0.0779647 0.1276282 0.1556931 0.0000000 0.1224966 0.0593712 0.1195069 0.0960958 0.1162467 0.0628870 0.1018832 0.0712273 0.1180967 0.1254500 0.1439363 0.1123699 0.0853678 0.1303539 0.1516309 0.1498258 0.1216602 0.0674095 0.1323866 0.1137123 0.0572351 0.0748761 0.0795688 0.1250595 0.1065571 0.1151793 0.1168014 0.1374929 0.1138719 0.1124096 0.1119852 0.1329395 0.1184570 0.1169993 0.1213434 0.1121192 0.1268048 0.1364868 0.0888243 0.1344310 0.0879463 0.0684756 0.0847775 0.0523740 0.1086458 0.1311677 0.1111446 0.1383809 0.1266973 0.1514115 0.1377180 0.1264639 0.1303273 0.1355277 0.1246862 0.1059216 0.1123208 0.0802531 0.1260621 0.1324391 0.1081523 0.1322816 0.1206877 0.1127934 0.1286929 0.1213044 0.0655866 0.0861587 0.0921169 0.1247843 0.0918804 0.0651725 0.1257168 0.1172499 0.1137300 0.1090739 0.1085433 0.1347118 0.1290673 0.1180031 0.1120448 0.1137850 0.1307233 0.1042560 0.0909049 0.1222438 0.1189031 0.0861889 0.1086521 0.1228320 0.0523311 0.1295555 0.0896029 0.1074750 0.1381825 0.1071603 
S0322         0.4584655 0.3841883 0.4484455 0.1183308 0.1328120 0.1086921 0.2146347 0.0871750 0.0949201 0.1074002 0.0966078 0.0882895 0.0820423 0.0867155 0.0995743 0.1344457 0.1394683 0.0270388 0.0789253 0.1224966 0.0000000 0.1000722 0.1061071 0.0751429 0.0833465 0.1038357 0.0887646 0.1064108 0.0926547 0.1201885 0.2110321 0.0217057 0.1035162 0.0983800 0.1131220 0.0771700 0.0248325 0.1136010 0.1099479 0.0928164 0.0928228 0.0924071 0.1147812 0.0993087 0.0873474 0.1071774 0.0273770 0.1040860 0.0197279 0.0842934 0.0887261 0.1090636 0.0928739 0.0888239 0.0969919 0.0944238 0.1131839 0.1166940 0.1100867 0.0659277 0.1253354 0.0997125 0.0599266 0.1215951 0.0549089 0.1115424 0.0841858 0.1091453 0.1075518 0.1422959 0.1126332 0.1090320 0.0486437 0.0674147 0.1179307 0.0978854 0.0911175 0.0946436 0.0913520 0.1027243 0.0509088 0.1165998 0.0995489 0.0887496 0.1091845 0.0991399 0.1007812 0.1253124 0.1333243 0.0230713 0.1183267 0.0956508 0.0617937 0.0232779 0.0188527 0.0852505 0.0559080 0.1104632 0.1080796 0.0896933 0.0810868 0.0930416 0.1070477 0.0843416 0.1154315 0.0996824 0.0896615 0.1393519 0.0935748 0.1002311 0.1146898 0.1075930 0.1197872 0.0809477 0.1102177 0.0784007 
S0327         0.4420420 0.3690966 0.3904625 0.0988887 0.1580318 0.0992277 0.1908112 0.0708583 0.0778973 0.0377621 0.0923457 0.0741059 0.0264196 0.0715966 0.0810989 0.1054032 0.0726187 0.0911785 0.1209614 0.0593712 0.1000722 0.0000000 0.0867586 0.0577037 0.0758169 0.0283445 0.0790659 0.0392477 0.0807894 0.0880384 0.0835023 0.0821620 0.0427337 0.0955250 0.1187416 0.1174320 0.0828798 0.0517816 0.0852995 0.0761073 0.0358443 0.0348680 0.0543758 0.0947445 0.0669355 0.0864403 0.0829505 0.0967743 0.0800691 0.0866736 0.0744157 0.0935463 0.0827255 0.0745516 0.0798747 0.0774638 0.1032052 0.1000554 0.0580886 0.1020871 0.0612160 0.0476947 0.0568395 0.0444180 0.0896870 0.0919701 0.0734460 0.1099260 0.0882110 0.1017835 0.1069702 0.1125732 0.1080403 0.1022727 0.1035113 0.0800199 0.0776070 0.0405070 0.0901474 0.0901786 0.0794251 0.0988397 0.0862899 0.0711492 0.0928266 0.0892720 0.0422475 0.0596373 0.0730212 0.0899390 0.0569209 0.0424236 0.0882559 0.0878821 0.0853230 0.0695450 0.0820389 0.1031027 0.0848935 0.0752205 0.0717885 0.0792327 0.0913694 0.0716181 0.0531458 0.0771114 0.0763206 0.0630754 0.0738111 0.0847084 0.0267746 0.0979837 0.0691014 0.0648036 0.1043198 0.0663064 
S0335         0.4805196 0.3967010 0.4177553 0.0498595 0.0300220 0.1173426 0.2273581 0.0931240 0.0830946 0.0971262 0.0912038 0.0832730 0.0848905 0.0611822 0.1001527 0.1282093 0.1165357 0.0969178 0.1173168 0.1195069 0.1061071 0.0867586 0.0000000 0.0751605 0.0818424 0.0911389 0.0864902 0.1000593 0.0869339 0.0966600 0.1869459 0.0986253 0.0980213 0.1016991 0.1175735 0.1106260 0.0957788 0.1137107 0.0994014 0.0892628 0.0969123 0.0977013 0.1109239 0.0924708 0.0925370 0.1050086 0.0920855 0.1030471 0.0822703 0.0926779 0.0819220 0.1108639 0.0906532 0.0872089 0.0895297 0.0852560 0.1107766 0.1122509 0.1135964 0.1063806 0.1174200 0.0997431 0.0590000 0.1156287 0.0858939 0.1092272 0.0892662 0.1145963 0.1070884 0.1111740 0.1067346 0.1080557 0.0909352 0.1114762 0.0990356 0.0803816 0.0853869 0.1057947 0.0990104 0.0548289 0.0874278 0.1144974 0.0635019 0.0819429 0.0920011 0.0797655 0.0967824 0.1094578 0.1272393 0.1010961 0.1095683 0.1009438 0.0993198 0.1046773 0.0961129 0.0836332 0.0864698 0.0617990 0.0827785 0.0809497 0.0774761 0.0988787 0.0749637 0.0892052 0.1039955 0.0709959 0.0670836 0.1190725 0.0833670 0.0927169 0.0874005 0.0958471 0.1211870 0.0843997 0.1081386 0.0803635 
S0400         0.4464319 0.3678156 0.3843157 0.0841726 0.1018714 0.0714976 0.1998427 0.0424430 0.0645991 0.0672388 0.0716167 0.0073378 0.0606305 0.0627904 0.0248292 0.0600672 0.1066349 0.0733937 0.0923896 0.0960958 0.0751429 0.0577037 0.0751605 0.0000000 0.0149127 0.0735001 0.0462620 0.0717702 0.0614705 0.0756797 0.1795663 0.0612647 0.0673199 0.0866349 0.0841904 0.0831617 0.0676038 0.0803869 0.0479058 0.0183627 0.0717868 0.0658145 0.0664890 0.0570989 0.0176239 0.0613731 0.0680591 0.0622994 0.0586772 0.0845413 0.0133706 0.0995353 0.0649634 0.0103816 0.0636151 0.0610547 0.0948165 0.0700558 0.0809315 0.0828768 0.0725618 0.0764152 0.0294767 0.0906530 0.0673168 0.0999717 0.0738093 0.1048475 0.0955938 0.0574017 0.0901707 0.0935229 0.0711993 0.0840518 0.0989587 0.0790302 0.0595017 0.0809794 0.0754895 0.0755052 0.0665021 0.0447843 0.0743574 0.0103613 0.0458197 0.0815933 0.0717388 0.0705890 0.0844160 0.0667438 0.0857137 0.0784258 0.0837271 0.0637067 0.0613130 0.0103303 0.0592399 0.0892773 0.0814980 0.0119911 0.0104200 0.0476714 0.0900211 0.0261401 0.0806287 0.0740251 0.0639645 0.1049463 0.0309349 0.0625706 0.0745697 0.0710645 0.0781343 0.0104612 0.0853123 0.0225709 
S0405         0.4837680 0.4059522 0.4255720 0.0937662 0.1018835 0.0821725 0.2105349 0.0582841 0.0772425 0.0869953 0.0950332 0.0253493 0.0773168 0.0725198 0.0376489 0.0838138 0.1199824 0.0798632 0.1065362 0.1162467 0.0833465 0.0758169 0.0818424 0.0149127 0.0000000 0.0894036 0.0563048 0.0819962 0.0746748 0.0860239 0.1776908 0.0712804 0.0889587 0.1000342 0.0985902 0.0981505 0.0786577 0.0993159 0.0588369 0.0190031 0.0872448 0.0845062 0.0825331 0.0657513 0.0316178 0.0816514 0.0676009 0.0736147 0.0690597 0.0782810 0.0212987 0.1092384 0.0765074 0.0254871 0.0753586 0.0746964 0.1086864 0.0949991 0.0994031 0.0904501 0.0863626 0.0900273 0.0465286 0.1008475 0.0814203 0.1076263 0.0857281 0.1184240 0.1036887 0.0700672 0.1086253 0.1006737 0.0838484 0.0960733 0.1113065 0.0920473 0.0715302 0.0722059 0.0894190 0.0873770 0.0714451 0.0626934 0.0883384 0.0213011 0.0615501 0.0912059 0.0905230 0.0884585 0.1031684 0.0723180 0.1031541 0.0899089 0.0884949 0.0748268 0.0692756 0.0172148 0.0730001 0.0982212 0.0928809 0.0242828 0.0132685 0.0633764 0.1006873 0.0417500 0.1000520 0.0828158 0.0785052 0.1232238 0.0463109 0.0782168 0.0855725 0.0908789 0.0935059 0.0256604 0.1039621 0.0339289 
S0407sl       0.4207559 0.3579996 0.3977497 0.0962725 0.1271885 0.1072222 0.2305973 0.0807772 0.0864643 0.0406158 0.0931649 0.0875618 0.0288620 0.0735511 0.0951307 0.1176111 0.0698896 0.1001177 0.1254903 0.0628870 0.1038357 0.0283445 0.0911389 0.0735001 0.0894036 0.0000000 0.0778074 0.0356716 0.0848026 0.0988554 0.1006978 0.0835653 0.0421741 0.0905971 0.1214064 0.1216974 0.0912955 0.0550597 0.0905210 0.0939676 0.0387791 0.0421450 0.0629367 0.1015820 0.0610763 0.0894142 0.0876644 0.1023039 0.0868792 0.0893534 0.0879406 0.0966508 0.0850540 0.0881155 0.0840473 0.0797729 0.0928955 0.1109108 0.0527252 0.1156382 0.0669105 0.0487316 0.0638297 0.0460383 0.1022964 0.0950215 0.0706419 0.0997356 0.0911168 0.1434900 0.1127990 0.1163572 0.1028679 0.1126747 0.1056110 0.0812409 0.0797786 0.0422971 0.0891105 0.0946108 0.0884708 0.1138519 0.0834657 0.0844469 0.1023290 0.0902420 0.0387024 0.0652520 0.0793595 0.0934066 0.0515481 0.0386505 0.1115981 0.0915338 0.0902599 0.0827334 0.0946527 0.1082489 0.0837543 0.0889422 0.0852476 0.0859317 0.0868725 0.0815203 0.0509757 0.0792110 0.0766667 0.0594982 0.0857450 0.0872669 0.0138311 0.1016081 0.0734955 0.0774973 0.1079018 0.0773656 
S0412sl       0.5076109 0.3889602 0.4307735 0.0888938 0.1246024 0.0707421 0.1820042 0.0562037 0.0533039 0.0913815 0.0770798 0.0559880 0.0653091 0.0618038 0.0656065 0.0879010 0.1193004 0.0859969 0.1101894 0.1018832 0.0887646 0.0790659 0.0864902 0.0462620 0.0563048 0.0778074 0.0000000 0.0870377 0.0589155 0.0790546 0.2066784 0.0773863 0.0816887 0.1023732 0.0959286 0.0960246 0.0795788 0.0961250 0.0570658 0.0528587 0.0893684 0.0805248 0.0879286 0.0465503 0.0626921 0.0533290 0.0762883 0.0469573 0.0694803 0.0687673 0.0562970 0.1079380 0.0572255 0.0582653 0.0597324 0.0549256 0.1091105 0.0715444 0.1023058 0.0916675 0.0934065 0.0670203 0.0527652 0.0783839 0.0797756 0.1058750 0.0825879 0.1238506 0.1008598 0.1133720 0.0869948 0.0910156 0.0820803 0.0736388 0.1139302 0.0899486 0.0530930 0.1056877 0.0894148 0.0805254 0.0660757 0.0808369 0.0744572 0.0524370 0.0821854 0.0740398 0.0918300 0.0914603 0.0990733 0.0785502 0.0973012 0.0821385 0.0697066 0.0857199 0.0784037 0.0544082 0.0701563 0.0916116 0.0896462 0.0590490 0.0491328 0.0628916 0.0895344 0.0506639 0.0981709 0.0745319 0.0652733 0.1056089 0.0593492 0.0572603 0.0835143 0.0720536 0.0907610 0.0609693 0.0883199 0.0467586 
S0417         0.4653036 0.3910232 0.4325183 0.1088460 0.1659777 0.1123541 0.2152844 0.0789827 0.0905292 0.0439903 0.1060572 0.0835522 0.0293600 0.0831996 0.0913075 0.1265764 0.0810736 0.1044870 0.1280863 0.0712273 0.1064108 0.0392477 0.1000593 0.0717702 0.0819962 0.0356716 0.0870377 0.0000000 0.0902182 0.1056045 0.0982218 0.0814956 0.0436616 0.0953653 0.1318435 0.1246714 0.0980959 0.0581822 0.0932677 0.0844179 0.0511120 0.0418827 0.0708209 0.1046928 0.0817190 0.0993707 0.0872082 0.1126406 0.0925461 0.0940283 0.0838996 0.0994341 0.0904768 0.0840570 0.0893731 0.0868515 0.1095063 0.1186716 0.0619884 0.1128688 0.0712765 0.0517953 0.0625835 0.0518095 0.0980278 0.0978582 0.0774809 0.1094776 0.0940648 0.1335647 0.1249441 0.1209404 0.1162883 0.1166512 0.1122276 0.0900136 0.0853074 0.0639111 0.0956890 0.0948720 0.0927044 0.1131577 0.0978826 0.0805772 0.0996672 0.1025761 0.0254232 0.0731928 0.0872503 0.0926717 0.0614723 0.0420492 0.1058811 0.0924668 0.0898268 0.0756798 0.0960447 0.1213414 0.0964936 0.0848116 0.0829977 0.0931837 0.1072858 0.0761450 0.0734347 0.0900895 0.0874548 0.0640145 0.0803593 0.0942430 0.0355580 0.1101811 0.0797227 0.0796086 0.1163737 0.0839798 
S0419         0.4687560 0.3665804 0.3784085 0.0950656 0.1256812 0.0937916 0.1949493 0.0630702 0.0132326 0.0960714 0.0456514 0.0759478 0.0770133 0.0699454 0.0904011 0.1126127 0.1362058 0.0889914 0.1133244 0.1180967 0.0926547 0.0807894 0.0869339 0.0614705 0.0746748 0.0848026 0.0589155 0.0902182 0.0000000 0.0871976 0.1980690 0.0798814 0.0844725 0.0883309 0.1092087 0.1040246 0.0841613 0.1034774 0.0838197 0.0763933 0.0873980 0.0781069 0.0946865 0.0726756 0.0719352 0.0407180 0.0737996 0.0763000 0.0780495 0.0797739 0.0664299 0.0988784 0.0092138 0.0764063 0.0079387 0.0052378 0.1023774 0.0496235 0.1004819 0.1001102 0.1011387 0.0797327 0.0455605 0.1145833 0.0813270 0.0972873 0.0712982 0.1006299 0.0934610 0.1153170 0.0610534 0.0936131 0.0846050 0.0957676 0.0987826 0.0801175 0.0052309 0.0918234 0.0893119 0.0852635 0.0755233 0.1050232 0.0772062 0.0729772 0.0911213 0.0796643 0.0920199 0.1010063 0.1122272 0.0842186 0.0962782 0.0830398 0.0876000 0.0856729 0.0794270 0.0746197 0.0750760 0.1031274 0.0903504 0.0770551 0.0687424 0.0797003 0.0801018 0.0750908 0.0885634 0.0686091 0.0661987 0.1133950 0.0813286 0.0106095 0.0863690 0.0516685 0.1062753 0.0719625 0.0573452 0.0681931 
S0427         0.4885498 0.3953678 0.4251824 0.1032205 0.1347977 0.1013504 0.2030172 0.0806684 0.0812120 0.1002165 0.0909525 0.0856353 0.0834084 0.0822865 0.0953917 0.1057746 0.1223290 0.1127078 0.1370373 0.1254500 0.1201885 0.0880384 0.0966600 0.0756797 0.0860239 0.0988554 0.0790546 0.1056045 0.0871976 0.0000000 0.1554408 0.1035072 0.1038033 0.1195760 0.1238290 0.1236720 0.1041116 0.1063563 0.0819680 0.0865225 0.0951962 0.0961082 0.1044941 0.0851591 0.1024869 0.0872595 0.1007708 0.1003916 0.0961452 0.1010048 0.0825583 0.1312097 0.0874486 0.0828166 0.0897908 0.0855429 0.1250562 0.0986650 0.1151937 0.1272688 0.1128218 0.1047845 0.0664709 0.1105165 0.1072204 0.1295258 0.1042950 0.1287849 0.1295752 0.0914372 0.0957244 0.1053630 0.1165673 0.1095831 0.1236209 0.1081940 0.0822950 0.1301263 0.1091121 0.0931229 0.1029044 0.1113800 0.0958004 0.0809597 0.0981517 0.0902361 0.1053278 0.1109954 0.1249431 0.1099523 0.1130918 0.0998036 0.1131194 0.1075584 0.1064475 0.0826282 0.0994238 0.1036718 0.0975746 0.0851755 0.0800424 0.0823429 0.1013947 0.0798208 0.1089841 0.0918377 0.0837348 0.1225297 0.0804600 0.0929354 0.0982903 0.0925664 0.1090709 0.0811422 0.0987140 0.0692386 
S0428sl       0.5652854 0.6223876 0.6617536 0.2015850 1.2989242 0.2048872 0.2498229 0.1606671 0.1571638 0.0986215 0.2109938 0.1824144 0.0799224 0.1698156 0.1779496 0.2003821 0.1039495 0.2127444 0.2122859 0.1439363 0.2110321 0.0835023 0.1869459 0.1795663 0.1776908 0.1006978 0.2066784 0.0982218 0.1980690 0.1554408 0.0000000 0.1934895 0.1133946 0.1720056 0.2153470 0.2332156 0.1986430 0.1015418 0.1823855 0.1833186 0.0895815 0.1225445 0.1532320 0.1986974 0.2069092 0.1943559 0.1729103 0.2060752 0.2071582 0.2143828 0.1639588 0.1937073 0.2050711 0.1692336 0.1899721 0.1900260 0.1948881 0.2282673 0.1594550 0.2360220 0.1664585 0.1609382 0.1176283 0.1203526 0.1685753 0.1937742 0.1549372 0.1911788 0.1890794 0.1981651 0.2128690 0.2332006 0.2107327 0.2395339 0.2048670 0.1893257 0.1929114 0.0377125 0.1847257 0.1846336 0.1847725 0.2133401 0.2016108 0.1773852 0.1903608 0.1934540 0.0975566 0.1473531 0.1915302 0.2159547 0.1642180 0.0958963 0.1883219 0.1997465 0.1897671 0.1693038 0.2012861 0.1915154 0.1872038 0.1727384 0.1878290 0.1734932 0.2033620 0.1520949 0.1674551 0.1858896 0.1839314 0.1595931 0.1732791 0.2190875 0.0922840 0.2190235 0.1709770 0.1643057 0.2082848 0.1601870 
S0430         0.4551475 0.3703526 0.4408750 0.1037171 0.1106580 0.0874122 0.2045085 0.0716230 0.0803130 0.0980861 0.0784873 0.0761477 0.0677705 0.0729048 0.0870234 0.1190639 0.1200397 0.0261421 0.0732402 0.1123699 0.0217057 0.0821620 0.0986253 0.0612647 0.0712804 0.0835653 0.0773863 0.0814956 0.0798814 0.1035072 0.1934895 0.0000000 0.0872422 0.0875809 0.0986660 0.0700937 0.0208944 0.0993576 0.0895713 0.0784894 0.0801951 0.0707241 0.0912181 0.0834788 0.0747015 0.0905183 0.0191462 0.0895254 0.0141507 0.0632460 0.0781008 0.0966178 0.0766939 0.0766091 0.0804690 0.0782295 0.0964517 0.1000540 0.0933264 0.0558258 0.1011752 0.0807518 0.0494263 0.1031171 0.0448165 0.1007534 0.0687122 0.1000422 0.0968286 0.1171490 0.1030858 0.0935616 0.0458419 0.0611604 0.1043540 0.0813595 0.0749827 0.0967643 0.0740813 0.0863342 0.0412974 0.1053700 0.0835289 0.0748266 0.0895818 0.0814145 0.0812701 0.1011604 0.1125749 0.0080427 0.0990193 0.0810507 0.0561523 0.0081330 0.0013328 0.0715018 0.0454822 0.0977567 0.0899964 0.0756227 0.0736992 0.0788203 0.0942556 0.0703935 0.0966678 0.0835503 0.0757281 0.1221591 0.0776507 0.0836578 0.0959722 0.0909723 0.0992782 0.0687940 0.0989334 0.0648399 
S0478         0.4781891 0.3887488 0.4124889 0.1085816 0.1081119 0.1143660 0.2156485 0.0799937 0.0842170 0.0603574 0.1004935 0.0871583 0.0373003 0.0913032 0.0917026 0.1245372 0.0850549 0.0998874 0.1275502 0.0853678 0.1035162 0.0427337 0.0980213 0.0673199 0.0889587 0.0421741 0.0816887 0.0436616 0.0844725 0.1038033 0.1133946 0.0872422 0.0000000 0.1003831 0.1363624 0.1255212 0.0894787 0.0677149 0.0985474 0.0951923 0.0565110 0.0376268 0.0719474 0.1027057 0.0752885 0.0901997 0.0898511 0.1086782 0.0871516 0.0879811 0.0840895 0.1061015 0.0847173 0.0842932 0.0835788 0.0794112 0.1059195 0.1093732 0.0512779 0.1197691 0.0760472 0.0456935 0.0635285 0.0644580 0.1028990 0.1080247 0.0790725 0.1114493 0.1040701 0.1327939 0.1119009 0.1125896 0.1114658 0.1114085 0.1101862 0.0878046 0.0776722 0.0526996 0.1031312 0.0983669 0.0889982 0.1203703 0.0883587 0.0841115 0.0997555 0.1015087 0.0437014 0.0743704 0.0882135 0.0949030 0.0538720 0.0600012 0.0993282 0.0913100 0.0887041 0.0824361 0.1029608 0.1140237 0.1052023 0.0919636 0.0865880 0.0927032 0.1009806 0.0846725 0.0623563 0.0897240 0.0886810 0.0738623 0.0853185 0.0867220 0.0420972 0.1045250 0.0826871 0.0814189 0.1107026 0.0841716 
S0552sl       0.4957839 0.3935309 0.4467540 0.1103096 0.1447000 0.1219288 0.2038410 0.1025651 0.0887325 0.1040518 0.0994776 0.1053900 0.0862414 0.0807046 0.1160752 0.1329031 0.1246718 0.0894993 0.1281625 0.1303539 0.0983800 0.0955250 0.1016991 0.0866349 0.1000342 0.0905971 0.1023732 0.0953653 0.0883309 0.1195760 0.1720056 0.0875809 0.1003831 0.0000000 0.1414532 0.1170592 0.0812501 0.1131043 0.1126857 0.1123207 0.0964798 0.0872472 0.1136269 0.1008128 0.1001761 0.1026189 0.0832808 0.1047101 0.0787681 0.0855461 0.1003417 0.0419488 0.0900862 0.0963521 0.0872206 0.0883571 0.0602194 0.1091805 0.1140453 0.1087795 0.1163252 0.0948964 0.0640587 0.1243853 0.1024001 0.0466836 0.0507896 0.0228397 0.0435219 0.1220960 0.1099975 0.1084510 0.1001893 0.1030998 0.0560376 0.0448801 0.0867869 0.1218595 0.0573835 0.1036028 0.0871655 0.1402491 0.0921888 0.0932745 0.1112177 0.0881803 0.0847605 0.1204375 0.1350669 0.0936305 0.1088243 0.0958782 0.0883994 0.0896110 0.0906661 0.1003401 0.0845074 0.1170706 0.1023967 0.1014788 0.0942251 0.1183013 0.0979575 0.1049894 0.1076395 0.0860759 0.0888653 0.1255679 0.1046174 0.0938960 0.0915953 0.0957754 0.1200530 0.0995603 0.1021939 0.0934408 
