56
HYZL          0.0000000 0.1405082 0.5445230 0.4179291 0.5742077 0.3735935 0.3973258 0.3833448 0.4962303 0.4475665 0.5091142 0.3846011 0.4283258 0.5118594 0.4475665 0.4497473 0.5866954 0.5018918 0.5150055 0.5607494 0.4425790 0.4224335 0.5382606 0.4331701 0.5449244 0.4821784 0.4603193 0.4970204 0.5105496 0.5305386 0.5424355 0.4648471 0.5487212 0.5195100 0.4558921 0.4798524 0.4491795 0.4537324 0.5297500 0.3949603 0.4634001 0.5914553 0.4391119 0.5303059 0.5810129 0.5585724 0.3949603 0.4391119 0.5609431 0.5244332 0.4722366 0.4731960 0.5361583 0.5225233 0.4354602 0.4922353 
MYZV          0.1405082 0.0000000 0.6066312 0.5041397 0.6413157 0.5348330 0.3950758 0.4243516 0.5539603 0.5008149 0.5055953 0.3763285 0.5437846 0.5083302 0.5008149 0.5059584 0.5405531 0.5366419 0.5786032 0.5550157 0.5382025 0.4446869 0.4952449 0.4559774 0.5268493 0.5409463 0.5148592 0.5182482 0.5720383 0.5468371 0.5639481 0.6026049 0.6136642 0.5813789 0.5117622 0.5362591 0.5046066 0.5335111 0.6681329 0.4240130 0.5766796 0.6314631 0.4934481 0.5932414 0.5635708 0.7674201 0.4240130 0.4934481 0.6273308 0.6590328 0.5743627 0.6594571 0.6158619 0.5824847 0.5285235 0.5516642 
SRR6441723    0.5445230 0.6066312 0.0000000 0.0277532 0.1547063 0.2268831 0.1121036 0.1210024 0.1473499 0.1083887 0.1245592 0.0613970 0.0846078 0.1380360 0.1083887 0.0961206 0.0980418 0.1351232 0.1296823 0.1535560 0.1226987 0.1045334 0.0958894 0.0987505 0.1233386 0.1111267 0.1275165 0.1161496 0.1017712 0.1211252 0.1274789 0.1452075 0.1702723 0.0990716 0.0906896 0.0999819 0.0886555 0.0573128 0.0679482 0.1373581 0.1559616 0.1244915 0.0945308 0.1365963 0.0712997 0.1115130 0.1373581 0.0945308 0.0947599 0.0675661 0.0869042 0.0555630 0.1591861 0.1171293 0.1268151 0.0682558 
ERR4210213    0.4179291 0.5041397 0.0277532 0.0000000 0.1056626 0.1867521 0.0753443 0.0670603 0.0915482 0.0889266 0.0886641 0.0602186 0.0133532 0.1056598 0.0889266 0.0738531 0.0736278 0.1056626 0.0904475 0.1237206 0.1061844 0.0723496 0.0884028 0.0597216 0.1050257 0.0917291 0.1114960 0.0729966 0.0945485 0.0786800 0.1056626 0.0728965 0.1011203 0.0570150 0.0614273 0.0570150 0.0597216 0.0136257 0.0417525 0.1240746 0.1093599 0.0802653 0.0723496 0.0938886 0.0565127 0.0946209 0.1240746 0.0723496 0.0725568 0.0570150 0.0774407 0.0420203 0.1120789 0.0747868 0.1106584 0.0413885 
ERR2789774    0.5742077 0.6413157 0.1547063 0.1056626 0.0000000 0.2555950 0.0575152 0.0932074 0.1712598 0.0557582 0.0429664 0.0605574 0.1224299 0.0811352 0.0557582 0.0444722 0.1086359 0.0981274 0.1399690 0.1218825 0.0680786 0.0227818 0.0945870 0.1078992 0.1216037 0.0570811 0.0707086 0.1568709 0.1426160 0.1635184 0.1376301 0.1873493 0.2221084 0.1094089 0.1311100 0.1392883 0.1283072 0.1369580 0.1727800 0.0807569 0.1241204 0.2029648 0.0437840 0.1407643 0.1369580 0.2336961 0.0807569 0.0437840 0.0932605 0.1713380 0.1136833 0.1564141 0.1265626 0.1581832 0.0702229 0.0672289 
PAFTOL_019361 0.3735935 0.5348330 0.2268831 0.1867521 0.2555950 0.0000000 0.2174701 0.2734235 0.3303423 0.2346284 0.2340673 0.2111685 0.2439544 0.2823194 0.2346284 0.2179240 0.2908276 0.2302383 0.2983315 0.3059773 0.2145525 0.2131620 0.2601768 0.1678929 0.3486820 0.2421283 0.2033335 0.3480184 0.3296739 0.2841923 0.3096092 0.3180439 0.3577184 0.2468276 0.1497361 0.3213471 0.1678929 0.2097206 0.2249467 0.2273333 0.2422580 0.3285707 0.2131620 0.3087815 0.2230360 0.2529734 0.2273333 0.2131620 0.2549654 0.2225269 0.2488729 0.2042583 0.2517637 0.3567305 0.2684310 0.2113776 
S0055         0.3973258 0.3950758 0.1121036 0.0753443 0.0575152 0.2174701 0.0000000 0.0994174 0.1307870 0.0215795 0.0218805 0.0112054 0.0828720 0.0219790 0.0215795 0.0107527 0.0573496 0.0348778 0.0983743 0.0577907 0.0329147 0.0115781 0.0330965 0.0790953 0.0570235 0.0220768 0.0341941 0.1008226 0.1001665 0.1184571 0.0832693 0.1288862 0.1810844 0.0705314 0.0730628 0.0854539 0.0714751 0.0963150 0.1154034 0.0329089 0.0708124 0.1178023 0.0105911 0.1335949 0.0963150 0.1665408 0.0329089 0.0105911 0.0563861 0.1275354 0.0732749 0.1133977 0.0721128 0.1016570 0.0339221 0.0325235 
S0196sl       0.3833448 0.4243516 0.1210024 0.0670603 0.0932074 0.2734235 0.0994174 0.0000000 0.0345854 0.0731836 0.1148275 0.0179990 0.0699117 0.1141026 0.0731836 0.0957031 0.1132152 0.1215923 0.0731836 0.0933603 0.1385030 0.0932074 0.1158254 0.0929996 0.1175084 0.1199301 0.0731836 0.0164481 0.1467408 0.0979683 0.1334783 0.0333610 0.0526631 0.0706699 0.0929996 0.0000010 0.0929996 0.1135556 0.1009823 0.1192760 0.1865878 0.0779525 0.0932074 0.0899392 0.1315200 0.1621557 0.1192760 0.0932074 0.1144171 0.1024601 0.1262578 0.1252385 0.1614833 0.0169057 0.1001120 0.0921774 
S0281         0.4962303 0.5539603 0.1473499 0.0915482 0.1712598 0.3303423 0.1307870 0.0345854 0.0000000 0.1103559 0.1399284 0.0737630 0.0940152 0.1382550 0.1103559 0.1262866 0.1526648 0.1597950 0.1256196 0.0960767 0.1548197 0.1225131 0.1104312 0.1255902 0.1426990 0.1428227 0.1299467 0.0448955 0.1454355 0.0818088 0.1664780 0.1221090 0.1530863 0.1082979 0.1296887 0.0326874 0.1269393 0.1415874 0.1315254 0.1572457 0.2267118 0.1182717 0.1241095 0.1281460 0.1072662 0.1915897 0.1572457 0.1241095 0.0962147 0.1328081 0.1202340 0.1490557 0.2317588 0.0452250 0.1469468 0.1232241 
S0282         0.4475665 0.5008149 0.1083887 0.0889266 0.0557582 0.2346284 0.0215795 0.0731836 0.1103559 0.0000000 0.0323845 0.0111096 0.0802646 0.0434795 0.0000010 0.0104462 0.0678168 0.0574019 0.0830878 0.0553649 0.0319572 0.0112244 0.0554213 0.0929030 0.0552974 0.0214320 0.0107288 0.0828424 0.0847992 0.1143276 0.0936698 0.1372412 0.1949716 0.0683303 0.0857408 0.0688773 0.0839051 0.0932320 0.1241108 0.0323845 0.0813371 0.1344097 0.0102944 0.1288671 0.0932320 0.1450165 0.0323845 0.0102944 0.0546975 0.0956681 0.0709063 0.1096060 0.0828137 0.0834879 0.0219588 0.0315885 
S0293         0.5091142 0.5055953 0.1245592 0.0886641 0.0429664 0.2340673 0.0218805 0.1148275 0.1399284 0.0323845 0.0000000 0.0229867 0.0947233 0.0325318 0.0323845 0.0215174 0.0564187 0.0458409 0.1106719 0.0683859 0.0439119 0.0111944 0.0442517 0.0926600 0.0941042 0.0331307 0.0455986 0.1262866 0.1126926 0.1315591 0.1088799 0.1550298 0.1857509 0.0822989 0.1013481 0.1101318 0.0991561 0.1083574 0.1412698 0.0557936 0.0696431 0.1677378 0.0211941 0.1113208 0.1083574 0.1974482 0.0557936 0.0211941 0.0676863 0.1401926 0.0854719 0.1259626 0.0709005 0.1273272 0.0452552 0.0433866 
S0294         0.3846011 0.3763285 0.0613970 0.0602186 0.0605574 0.2111685 0.0112054 0.0179990 0.0737630 0.0111096 0.0229867 0.0000000 0.0465356 0.0225940 0.0111096 0.0112875 0.0112610 0.0359043 0.0729538 0.0225940 0.0345803 0.0122006 0.0110802 0.0669528 0.0226870 0.0232031 0.0235213 0.0474308 0.0607144 0.0776128 0.0344785 0.0865109 0.1488853 0.0596143 0.0618023 0.0344785 0.0604164 0.0604072 0.0754622 0.0224908 0.0611265 0.0610125 0.0111096 0.1222528 0.0720539 0.1096610 0.0224908 0.0111096 0.0344694 0.0754622 0.0367710 0.0759492 0.0622832 0.0477990 0.0227643 0.0110300 
S0335         0.4283258 0.5437846 0.0846078 0.0133532 0.1224299 0.2439544 0.0828720 0.0699117 0.0940152 0.0802646 0.0947233 0.0465356 0.0000000 0.1073191 0.0802646 0.0686228 0.0922229 0.1262086 0.0798894 0.1215299 0.0933640 0.0742956 0.0943367 0.0760333 0.1212534 0.0822103 0.0969662 0.0681287 0.0955201 0.0707453 0.1044597 0.0927302 0.1384913 0.0547107 0.0704544 0.0551198 0.0689723 0.0563204 0.0997328 0.1068106 0.1234361 0.0997084 0.0675365 0.1110016 0.0783334 0.1504487 0.1068106 0.0675365 0.0676853 0.0990627 0.0736319 0.0856094 0.1258487 0.0686379 0.0963674 0.0670717 
S0376         0.5118594 0.5083302 0.1380360 0.1056598 0.0811352 0.2823194 0.0219790 0.1141026 0.1382550 0.0434795 0.0325318 0.0225940 0.1073191 0.0000000 0.0434795 0.0325043 0.0681922 0.0331487 0.1238646 0.0549389 0.0552800 0.0350298 0.0435173 0.1249999 0.0945507 0.0444866 0.0573914 0.1091742 0.1261475 0.1457911 0.1218435 0.1363409 0.2132655 0.0947170 0.1148169 0.0941333 0.1123651 0.1212580 0.1233122 0.0674338 0.0818227 0.1471247 0.0320132 0.1614220 0.1212580 0.2131985 0.0674338 0.0320132 0.0795174 0.1540176 0.0983624 0.1395661 0.0833199 0.1100422 0.0569808 0.0546107 
S0400         0.4475665 0.5008149 0.1083887 0.0889266 0.0557582 0.2346284 0.0215795 0.0731836 0.1103559 0.0000010 0.0323845 0.0111096 0.0802646 0.0434795 0.0000000 0.0104462 0.0678168 0.0574019 0.0830878 0.0553649 0.0319572 0.0112244 0.0554213 0.0929030 0.0552974 0.0214320 0.0107288 0.0828424 0.0847992 0.1143276 0.0936698 0.1372412 0.1949716 0.0683303 0.0857408 0.0688773 0.0839051 0.0932320 0.1241108 0.0323845 0.0813371 0.1344097 0.0102944 0.1288671 0.0932320 0.1450165 0.0323845 0.0102944 0.0546975 0.0956681 0.0709063 0.1096060 0.0828137 0.0834879 0.0219588 0.0315885 
S0405         0.4497473 0.5059584 0.0961206 0.0738531 0.0444722 0.2179240 0.0107527 0.0957031 0.1262866 0.0104462 0.0215174 0.0112875 0.0686228 0.0325043 0.0104462 0.0000000 0.0563511 0.0457916 0.0830648 0.0682926 0.0212345 0.0000023 0.0442066 0.0794061 0.0681943 0.0000021 0.0220433 0.0974426 0.0845201 0.1014193 0.0817671 0.1245016 0.1799539 0.0567906 0.0733315 0.0826610 0.0717341 0.0813838 0.1114946 0.0323607 0.0695458 0.1344700 0.0000021 0.1157648 0.0813838 0.1630645 0.0323607 0.0000021 0.0436324 0.1107257 0.0589463 0.0972257 0.0707987 0.0982227 0.0218636 0.0209917 
S0412sl       0.5866954 0.5405531 0.0980418 0.0736278 0.1086359 0.2908276 0.0573496 0.1132152 0.1526648 0.0678168 0.0564187 0.0112610 0.0922229 0.0681922 0.0678168 0.0563511 0.0000000 0.0841616 0.1073652 0.0810901 0.0805240 0.0478734 0.0326242 0.1220884 0.0809561 0.0694437 0.0836358 0.1227275 0.0969102 0.0987412 0.0797638 0.1212765 0.2110125 0.0799578 0.1269630 0.1071215 0.1243176 0.0946882 0.1438975 0.0935891 0.0823809 0.1625583 0.0554690 0.1738460 0.1051862 0.2012636 0.0935891 0.0554690 0.0802371 0.1427763 0.0870593 0.1282927 0.0838992 0.1237115 0.0830894 0.0550878 
S0427         0.5018918 0.5366419 0.1351232 0.1056626 0.0981274 0.2302383 0.0348778 0.1215923 0.1597950 0.0574019 0.0458409 0.0359043 0.1262086 0.0331487 0.0574019 0.0457916 0.0841616 0.0000000 0.1444062 0.0696211 0.0701041 0.0495691 0.0574506 0.1482552 0.1125737 0.0588029 0.0728859 0.1284382 0.1472156 0.1521686 0.1419241 0.1575297 0.2432681 0.1127900 0.1353987 0.1120352 0.1324389 0.1412137 0.1047973 0.0831793 0.0989758 0.1705467 0.0450632 0.1857732 0.1412137 0.1871101 0.0831793 0.0450632 0.0960578 0.1331659 0.1173163 0.1196325 0.1009021 0.1295074 0.0723757 0.0692040 
S0552sl       0.5150055 0.5786032 0.1296823 0.0904475 0.1399690 0.2983315 0.0983743 0.0731836 0.1256196 0.0830878 0.1106719 0.0729538 0.0798894 0.1238646 0.0830878 0.0830648 0.1073652 0.1444062 0.0000000 0.1560588 0.1090320 0.0759248 0.1389938 0.0777397 0.1556149 0.0975430 0.1005465 0.0969737 0.0686577 0.0590194 0.1489563 0.0957804 0.1583791 0.0212579 0.0853151 0.0822868 0.0834960 0.1247156 0.0876754 0.0941389 0.1594205 0.1147791 0.0817049 0.0991057 0.0927919 0.1417193 0.0941389 0.0817049 0.1086001 0.0745418 0.1184558 0.0885782 0.1627757 0.0977459 0.0954199 0.1075653 
S0558         0.5607494 0.5550157 0.1535560 0.1237206 0.1218825 0.3059773 0.0577907 0.0933603 0.0960767 0.0553649 0.0683859 0.0225940 0.1215299 0.0549389 0.0553649 0.0682926 0.0810901 0.0696211 0.1560588 0.0000000 0.0929317 0.0739134 0.0321908 0.1765090 0.0817589 0.0818169 0.0701874 0.0697590 0.1595380 0.1434428 0.1366148 0.1516119 0.2331583 0.1369053 0.1611315 0.0814093 0.1577558 0.1359514 0.1382121 0.0942800 0.1228824 0.1497777 0.0672160 0.2127035 0.1356026 0.1965121 0.0942800 0.0672160 0.0672062 0.1395120 0.1128162 0.1552444 0.1252773 0.0966644 0.0839766 0.0667551 
S0641         0.4425790 0.5382025 0.1226987 0.1061844 0.0680786 0.2145525 0.0329147 0.1385030 0.1548197 0.0319572 0.0439119 0.0345803 0.0933640 0.0552800 0.0319572 0.0212345 0.0805240 0.0701041 0.1090320 0.0929317 0.0000000 0.0228454 0.0676553 0.1083771 0.0927628 0.0326835 0.0449640 0.1243786 0.1109940 0.1294998 0.0954972 0.1526618 0.2144721 0.0811230 0.0998023 0.1085066 0.0976699 0.1067836 0.1391193 0.0550321 0.0686580 0.1650029 0.0209196 0.1445496 0.1067836 0.1942868 0.0550321 0.0209196 0.0667545 0.1380779 0.0581738 0.1240659 0.0963831 0.1253892 0.0446290 0.0428109 
S0643         0.4224335 0.4446869 0.1045334 0.0723496 0.0227818 0.2131620 0.0115781 0.0932074 0.1225131 0.0112244 0.0111944 0.0122006 0.0742956 0.0350298 0.0112244 0.0000023 0.0478734 0.0495691 0.0759248 0.0739134 0.0228454 0.0000000 0.0477193 0.0779570 0.0729073 0.0114937 0.0237827 0.1047328 0.0919463 0.0951242 0.0746696 0.1046834 0.1523824 0.0482791 0.0798296 0.0897490 0.0779570 0.0882404 0.1215615 0.0348631 0.0616886 0.1477833 0.0000010 0.1081418 0.0882404 0.1613024 0.0348631 0.0000010 0.0470499 0.1206258 0.0631679 0.1058208 0.0628700 0.1070129 0.0235751 0.0225643 
S0689         0.5382606 0.4952449 0.0958894 0.0884028 0.0945870 0.2601768 0.0330965 0.1158254 0.1104312 0.0554213 0.0442517 0.0110802 0.0943367 0.0435173 0.0554213 0.0442066 0.0326242 0.0574506 0.1389938 0.0321908 0.0676553 0.0477193 0.0000000 0.1420264 0.0556386 0.0567277 0.0702542 0.1102196 0.1119138 0.1136655 0.0815655 0.1376823 0.2127843 0.1086751 0.1301706 0.0950064 0.1274031 0.0811838 0.1245124 0.0802440 0.0692012 0.1486824 0.0435268 0.1784639 0.0809874 0.1965564 0.0802440 0.0435268 0.0435173 0.1395835 0.0851144 0.1254169 0.0704422 0.1111035 0.0697731 0.0432301 
S0735         0.4331701 0.4559774 0.0987505 0.0597216 0.1078992 0.1678929 0.0790953 0.0929996 0.1255902 0.0929030 0.0926600 0.0669528 0.0760333 0.1249999 0.0929030 0.0794061 0.1220884 0.1482552 0.0777397 0.1765090 0.1083771 0.0779570 0.1420264 0.0000000 0.1734864 0.0955099 0.0908290 0.1072867 0.1112510 0.0975432 0.1184280 0.0908635 0.1008575 0.0493907 0.0111465 0.0919094 0.0000010 0.0945747 0.1169207 0.0900213 0.1619851 0.0929404 0.0779570 0.0802819 0.0623790 0.1377240 0.0900213 0.0779570 0.1078976 0.1159626 0.1172840 0.1000766 0.1657806 0.1096758 0.1124255 0.0773446 
S0742         0.5449244 0.5268493 0.1233386 0.1050257 0.1216037 0.3486820 0.0570235 0.1175084 0.1426990 0.0552974 0.0941042 0.0226870 0.1212534 0.0945507 0.0552974 0.0681943 0.0809561 0.1125737 0.1556149 0.0817589 0.0927628 0.0729073 0.0556386 0.1734864 0.0000000 0.0816801 0.0700815 0.1112325 0.1280736 0.1617663 0.1078530 0.1716546 0.2346476 0.1365607 0.1606511 0.0969914 0.1572994 0.1073405 0.1574738 0.0941042 0.1225978 0.1711862 0.0671214 0.2119245 0.1352664 0.1958286 0.0941042 0.0671214 0.0671117 0.1391516 0.1125645 0.1548060 0.1249780 0.1135041 0.0838298 0.0666622 
S0756         0.4821784 0.5409463 0.1111267 0.0917291 0.0570811 0.2421283 0.0220768 0.1199301 0.1428227 0.0214320 0.0331307 0.0232031 0.0822103 0.0444866 0.0214320 0.0000021 0.0694437 0.0588029 0.0975430 0.0818169 0.0326835 0.0114937 0.0567277 0.0955099 0.0816801 0.0000000 0.0339446 0.1126715 0.0993034 0.1173609 0.0959789 0.1407938 0.2007273 0.0699804 0.0879529 0.0970645 0.0860303 0.0955201 0.1273118 0.0442859 0.0833334 0.1522853 0.0105207 0.1323128 0.0955201 0.1816459 0.0442859 0.0105207 0.0559696 0.1263786 0.0726797 0.1123985 0.0848844 0.1135950 0.0336762 0.0322975 
S0763         0.4603193 0.5148592 0.1275165 0.1114960 0.0707086 0.2033335 0.0341941 0.0731836 0.1299467 0.0107288 0.0455986 0.0235213 0.0969662 0.0573914 0.0107288 0.0220433 0.0836358 0.0728859 0.1005465 0.0701874 0.0449640 0.0237827 0.0702542 0.0908290 0.0700815 0.0339446 0.0000000 0.1002505 0.1027281 0.1348106 0.1114519 0.1407938 0.2236756 0.0842739 0.0693154 0.0850066 0.0822103 0.1109075 0.1446242 0.0331307 0.0983155 0.1572689 0.0217043 0.1504555 0.1109075 0.1678964 0.0331307 0.0217043 0.0692836 0.1138919 0.0875876 0.1289726 0.1002120 0.1010743 0.0348218 0.0444137 
S0770         0.4970204 0.5182482 0.1161496 0.0729966 0.1568709 0.3480184 0.1008226 0.0164481 0.0448955 0.0828424 0.1262866 0.0474308 0.0681287 0.1091742 0.0828424 0.0974426 0.1227275 0.1284382 0.0969737 0.0697590 0.1243786 0.1047328 0.1102196 0.1072867 0.1112325 0.1126715 0.1002505 0.0000000 0.1147214 0.1006097 0.1359095 0.0943275 0.1386017 0.0813647 0.1000919 0.0105444 0.0979512 0.1116871 0.1015493 0.1262866 0.1910131 0.0886703 0.0958115 0.1145242 0.1070690 0.1561223 0.1262866 0.0958115 0.0960471 0.1024807 0.0901586 0.1175226 0.1951423 0.0218648 0.1158322 0.0951312 
S0771         0.5105496 0.5720383 0.1017712 0.0945485 0.1426160 0.3296739 0.1001665 0.1467408 0.1454355 0.0847992 0.1126926 0.0607144 0.0955201 0.1261475 0.0847992 0.0845201 0.0969102 0.1472156 0.0686577 0.1595380 0.1109940 0.0919463 0.1119138 0.1112510 0.1280736 0.0993034 0.1027281 0.1147214 0.0000000 0.1025158 0.1383889 0.1562923 0.1820533 0.0573548 0.1022448 0.0988051 0.1000209 0.0981706 0.1182001 0.1076173 0.1438075 0.1471059 0.0831124 0.1170208 0.0822021 0.1331015 0.1076173 0.0831124 0.1105447 0.1044473 0.0986844 0.1029936 0.1467946 0.1156764 0.0820254 0.1094732 
S0964         0.5305386 0.5468371 0.1211252 0.0786800 0.1635184 0.2841923 0.1184571 0.0979683 0.0818088 0.1143276 0.1315591 0.0776128 0.0707453 0.1457911 0.1143276 0.1014193 0.0987412 0.1521686 0.0590194 0.1434428 0.1294998 0.0951242 0.1136655 0.0975432 0.1617663 0.1173609 0.1348106 0.1006097 0.1025158 0.0000000 0.1414194 0.0993366 0.1500560 0.0338892 0.1042700 0.0852869 0.1019666 0.1163031 0.1073433 0.1450416 0.1992184 0.1391978 0.0996580 0.1193674 0.0826019 0.1627489 0.1450416 0.0996580 0.0843405 0.1065536 0.1093918 0.0920462 0.2036783 0.1014413 0.1340623 0.0989262 
S1052sl       0.5424355 0.5639481 0.1274789 0.1056626 0.1376301 0.3096092 0.0832693 0.1334783 0.1664780 0.0936698 0.1088799 0.0344785 0.1044597 0.1218435 0.0936698 0.0817671 0.0797638 0.1419241 0.1489563 0.1366148 0.0954972 0.0746696 0.0815655 0.1184280 0.1078530 0.0959789 0.1114519 0.1359095 0.1383889 0.1414194 0.0000000 0.1343361 0.2084351 0.1187607 0.1234306 0.1198418 0.1209095 0.1226708 0.1767574 0.0938140 0.1387505 0.1439066 0.0804489 0.1883901 0.1176591 0.2020493 0.0938140 0.0804489 0.1068747 0.1752479 0.1164220 0.1600442 0.1415276 0.1369990 0.1108021 0.0798914 
S1102         0.4648471 0.6026049 0.1452075 0.0728965 0.1873493 0.3180439 0.1288862 0.0333610 0.1221090 0.1372412 0.1550298 0.0865109 0.0927302 0.1363409 0.1372412 0.1245016 0.1212765 0.1575297 0.0957804 0.1516119 0.1526618 0.1046834 0.1376823 0.0908635 0.1716546 0.1407938 0.1407938 0.0943275 0.1562923 0.0993366 0.1343361 0.0000000 0.1919219 0.0803726 0.1113849 0.0800955 0.1093734 0.1395870 0.1164680 0.1379650 0.1990013 0.1297526 0.1223801 0.1752427 0.1336929 0.1849948 0.1379650 0.1223801 0.1226989 0.1482974 0.1339136 0.1144357 0.2031969 0.0950591 0.1579175 0.1215158 
S1120         0.5487212 0.6136642 0.1702723 0.1011203 0.2221084 0.3577184 0.1810844 0.0526631 0.1530863 0.1949716 0.1857509 0.1488853 0.1384913 0.2132655 0.1949716 0.1799539 0.2110125 0.2432681 0.1583791 0.2331583 0.2144721 0.1523824 0.2127843 0.1008575 0.2346476 0.2007273 0.2236756 0.1386017 0.1820533 0.1500560 0.2084351 0.1919219 0.0000000 0.1234406 0.1287654 0.1206637 0.1257807 0.1628445 0.1348849 0.2147235 0.2605832 0.1062199 0.1763868 0.0570399 0.1550371 0.1620537 0.2147235 0.1763868 0.1769497 0.1529503 0.1494251 0.1360739 0.2669817 0.1398376 0.2229058 0.1411523 
S1129sl       0.5195100 0.5813789 0.0990716 0.0570150 0.1094089 0.2468276 0.0705314 0.0706699 0.1082979 0.0683303 0.0822989 0.0596143 0.0547107 0.0947170 0.0683303 0.0567906 0.0799578 0.1127900 0.0212579 0.1369053 0.0811230 0.0482791 0.1086751 0.0493907 0.1365607 0.0699804 0.0842739 0.0813647 0.0573548 0.0338892 0.1187607 0.0803726 0.1234406 0.0000000 0.0583232 0.0676916 0.0570813 0.0953808 0.0864563 0.0942691 0.1394111 0.1149921 0.0558958 0.0710483 0.0666962 0.1354891 0.0942691 0.0558958 0.0808319 0.0859006 0.0880153 0.0726990 0.1422117 0.0819867 0.0837220 0.0800860 
S1148         0.4558921 0.5117622 0.0906896 0.0614273 0.1311100 0.1497361 0.0730628 0.0929996 0.1296887 0.0857408 0.1013481 0.0618023 0.0704544 0.1148169 0.0857408 0.0733315 0.1269630 0.1353987 0.0853151 0.1611315 0.0998023 0.0798296 0.1301706 0.0111465 0.1606511 0.0879529 0.0693154 0.1000919 0.1022448 0.1042700 0.1234306 0.1113849 0.1287654 0.0583232 0.0000000 0.0848916 0.0102289 0.0871529 0.1070339 0.0830065 0.1641766 0.0857472 0.0720964 0.0896390 0.0578941 0.1419120 0.0830065 0.0720964 0.0994031 0.1062520 0.1087591 0.0918214 0.1677191 0.1009122 0.1032202 0.0715708 
S1177         0.4798524 0.5362591 0.0999819 0.0570150 0.1392883 0.3213471 0.0854539 0.0000010 0.0326874 0.0688773 0.1101318 0.0344785 0.0551198 0.0941333 0.0688773 0.0826610 0.1071215 0.1120352 0.0822868 0.0814093 0.1085066 0.0897490 0.0950064 0.0919094 0.0969914 0.0970645 0.0850066 0.0105444 0.0988051 0.0852869 0.1198418 0.0800955 0.1206637 0.0676916 0.0848916 0.0000000 0.0830887 0.0962201 0.0861315 0.1101318 0.1717407 0.0736133 0.0813138 0.0986126 0.0923561 0.1373066 0.1101318 0.0813138 0.0815035 0.0868861 0.0748448 0.1011664 0.1753466 0.0106162 0.0997145 0.0807444 
S1180         0.4491795 0.5046066 0.0886555 0.0597216 0.1283072 0.1678929 0.0714751 0.0929996 0.1269393 0.0839051 0.0991561 0.0604164 0.0689723 0.1123651 0.0839051 0.0717341 0.1243176 0.1324389 0.0834960 0.1577558 0.0976699 0.0779570 0.1274031 0.0000010 0.1572994 0.0860303 0.0822103 0.0979512 0.1000209 0.1019666 0.1209095 0.1093734 0.1257807 0.0570813 0.0102289 0.0830887 0.0000000 0.0852595 0.1046259 0.0815099 0.1607061 0.0839050 0.0705486 0.0876469 0.0566686 0.1387109 0.0815099 0.0705486 0.0972890 0.1038801 0.1062859 0.0897454 0.1641167 0.0987398 0.1009552 0.0700432 
S1201sl       0.4537324 0.5335111 0.0573128 0.0136257 0.1369580 0.2097206 0.0963150 0.1135556 0.1415874 0.0932320 0.1083574 0.0604072 0.0563204 0.1212580 0.0932320 0.0813838 0.0946882 0.1412137 0.1247156 0.1359514 0.1067836 0.0882404 0.0811838 0.0945747 0.1073405 0.0955201 0.1109075 0.1116871 0.0981706 0.1163031 0.1226708 0.1395870 0.1628445 0.0953808 0.0871529 0.0962201 0.0852595 0.0000000 0.0978563 0.1206777 0.1092589 0.1194029 0.0800777 0.1311309 0.0687053 0.1476137 0.1206777 0.0800777 0.0802611 0.0972121 0.0993279 0.0839885 0.1113533 0.1125952 0.1102617 0.0551178 
S1214sl       0.5297500 0.6681329 0.0679482 0.0417525 0.1727800 0.2249467 0.1154034 0.1009823 0.1315254 0.1241108 0.1412698 0.0754622 0.0997328 0.1233122 0.1241108 0.1114946 0.1438975 0.1047973 0.0876754 0.1382121 0.1391193 0.1215615 0.1245124 0.1169207 0.1574738 0.1273118 0.1446242 0.1015493 0.1182001 0.1073433 0.1767574 0.1164680 0.1348849 0.0864563 0.1070339 0.0861315 0.1046259 0.0978563 0.0000000 0.1544692 0.1942497 0.1086849 0.1096060 0.1225407 0.1140998 0.0711632 0.1544692 0.1096060 0.1098847 0.0210178 0.1025077 0.0213031 0.1984917 0.1023909 0.1438852 0.0820884 
S1227         0.3949603 0.4240130 0.1373581 0.1240746 0.0807569 0.2273333 0.0329089 0.1192760 0.1572457 0.0323845 0.0557936 0.0224908 0.1068106 0.0674338 0.0323845 0.0323607 0.0935891 0.0831793 0.0941389 0.0942800 0.0550321 0.0348631 0.0802440 0.0900213 0.0941042 0.0442859 0.0331307 0.1262866 0.1076173 0.1450416 0.0938140 0.1379650 0.2147235 0.0942691 0.0830065 0.1101318 0.0815099 0.1206777 0.1544692 0.0000000 0.1082606 0.1279393 0.0318740 0.1605889 0.1206777 0.1634717 0.0000010 0.0318740 0.0791540 0.1401926 0.0978813 0.1388755 0.1103198 0.1273272 0.0433884 0.0543687 
S1235sl       0.4634001 0.5766796 0.1559616 0.1093599 0.1241204 0.2422580 0.0708124 0.1865878 0.2267118 0.0813371 0.0696431 0.0611265 0.1234361 0.0818227 0.0813371 0.0695458 0.0823809 0.0989758 0.1594205 0.1228824 0.0686580 0.0616886 0.0692012 0.1619851 0.1225978 0.0833334 0.0983155 0.1910131 0.1438075 0.1992184 0.1387505 0.1990013 0.2605832 0.1394111 0.1641766 0.1717407 0.1607061 0.1092589 0.1942497 0.1082606 0.0000000 0.2425541 0.0684309 0.2165821 0.1380694 0.2094345 0.1082606 0.0684309 0.1214692 0.1925141 0.1002151 0.1680696 0.0212876 0.1926212 0.0977045 0.0933845 
S1245         0.5914553 0.6314631 0.1244915 0.0802653 0.2029648 0.3285707 0.1178023 0.0779525 0.1182717 0.1344097 0.1677378 0.0610125 0.0997084 0.1471247 0.1344097 0.1344700 0.1625583 0.1705467 0.1147791 0.1497777 0.1650029 0.1477833 0.1486824 0.0929404 0.1711862 0.1522853 0.1572689 0.0886703 0.1471059 0.1391978 0.1439066 0.1297526 0.1062199 0.1149921 0.0857472 0.0736133 0.0839050 0.1194029 0.1086849 0.1279393 0.2425541 0.0000000 0.1320122 0.1162573 0.1141420 0.1666102 0.1279393 0.1320122 0.1323856 0.1274258 0.1453465 0.1260437 0.2482646 0.0894077 0.1486563 0.1014231 
S1278         0.4391119 0.4934481 0.0945308 0.0723496 0.0437840 0.2131620 0.0105911 0.0932074 0.1241095 0.0102944 0.0211941 0.0111096 0.0675365 0.0320132 0.0102944 0.0000021 0.0554690 0.0450632 0.0817049 0.0672160 0.0209196 0.0000010 0.0435268 0.0779570 0.0671214 0.0105207 0.0217043 0.0958115 0.0831124 0.0996580 0.0804489 0.1223801 0.1763868 0.0558958 0.0720964 0.0813138 0.0705486 0.0800777 0.1096060 0.0318740 0.0684309 0.1320122 0.0000000 0.1137314 0.0800777 0.1600930 0.0318740 0.0000010 0.0429700 0.1088665 0.0579854 0.0956034 0.0696431 0.0965665 0.0215294 0.0206839 
S1315         0.5303059 0.5932414 0.1365963 0.0938886 0.1407643 0.3087815 0.1335949 0.0899392 0.1281460 0.1288671 0.1113208 0.1222528 0.1110016 0.1614220 0.1288671 0.1157648 0.1738460 0.1857732 0.0991057 0.2127035 0.1445496 0.1081418 0.1784639 0.0802819 0.2119245 0.1323128 0.1504555 0.1145242 0.1170208 0.1193674 0.1883901 0.1752427 0.0570399 0.0710483 0.0896390 0.0986126 0.0876469 0.1311309 0.1225407 0.1605889 0.2165821 0.1162573 0.1137314 0.0000000 0.0972648 0.1801413 0.1605889 0.1137314 0.1438938 0.1215941 0.1407864 0.1067450 0.2214730 0.1154778 0.1496843 0.1128970 
S1332         0.5810129 0.5635708 0.0712997 0.0565127 0.1369580 0.2230360 0.0963150 0.1315200 0.1072662 0.0932320 0.1083574 0.0720539 0.0783334 0.1212580 0.0932320 0.0813838 0.1051862 0.1412137 0.0927919 0.1356026 0.1067836 0.0882404 0.0809874 0.0623790 0.1352664 0.0955201 0.1109075 0.1070690 0.0822021 0.0826019 0.1176591 0.1336929 0.1550371 0.0666962 0.0578941 0.0923561 0.0566686 0.0687053 0.1140998 0.1206777 0.1380694 0.1141420 0.0800777 0.0972648 0.0000000 0.1669563 0.1206777 0.0800777 0.0800693 0.1132925 0.1158317 0.0994925 0.1408199 0.1079050 0.1102617 0.0795249 
S1366         0.5585724 0.7674201 0.1115130 0.0946209 0.2336961 0.2529734 0.1665408 0.1621557 0.1915897 0.1450165 0.1974482 0.1096610 0.1504487 0.2131985 0.1450165 0.1630645 0.2012636 0.1871101 0.1417193 0.1965121 0.1942868 0.1613024 0.1965564 0.1377240 0.1958286 0.1816459 0.1678964 0.1561223 0.1331015 0.1627489 0.2020493 0.1849948 0.1620537 0.1354891 0.1419120 0.1373066 0.1387109 0.1476137 0.0711632 0.1634717 0.2094345 0.1666102 0.1600930 0.1801413 0.1669563 0.0000000 0.1634717 0.1600930 0.1605572 0.0457312 0.0981617 0.0446372 0.2140130 0.1575243 0.1871696 0.1283681 
S1369         0.3949603 0.4240130 0.1373581 0.1240746 0.0807569 0.2273333 0.0329089 0.1192760 0.1572457 0.0323845 0.0557936 0.0224908 0.1068106 0.0674338 0.0323845 0.0323607 0.0935891 0.0831793 0.0941389 0.0942800 0.0550321 0.0348631 0.0802440 0.0900213 0.0941042 0.0442859 0.0331307 0.1262866 0.1076173 0.1450416 0.0938140 0.1379650 0.2147235 0.0942691 0.0830065 0.1101318 0.0815099 0.1206777 0.1544692 0.0000010 0.1082606 0.1279393 0.0318740 0.1605889 0.1206777 0.1634717 0.0000000 0.0318740 0.0791540 0.1401926 0.0978813 0.1388755 0.1103198 0.1273272 0.0433884 0.0543687 
S1370         0.4391119 0.4934481 0.0945308 0.0723496 0.0437840 0.2131620 0.0105911 0.0932074 0.1241095 0.0102944 0.0211941 0.0111096 0.0675365 0.0320132 0.0102944 0.0000021 0.0554690 0.0450632 0.0817049 0.0672160 0.0209196 0.0000010 0.0435268 0.0779570 0.0671214 0.0105207 0.0217043 0.0958115 0.0831124 0.0996580 0.0804489 0.1223801 0.1763868 0.0558958 0.0720964 0.0813138 0.0705486 0.0800777 0.1096060 0.0318740 0.0684309 0.1320122 0.0000010 0.1137314 0.0800777 0.1600930 0.0318740 0.0000000 0.0429700 0.1088665 0.0579854 0.0956034 0.0696431 0.0965665 0.0215294 0.0206839 
S1375         0.5609431 0.6273308 0.0947599 0.0725568 0.0932605 0.2549654 0.0563861 0.1144171 0.0962147 0.0546975 0.0676863 0.0344694 0.0676853 0.0795174 0.0546975 0.0436324 0.0802371 0.0960578 0.1086001 0.0672062 0.0667545 0.0470499 0.0435173 0.1078976 0.0671117 0.0559696 0.0692836 0.0960471 0.1105447 0.0843405 0.1068747 0.1226989 0.1769497 0.0808319 0.0994031 0.0815035 0.0972890 0.0802611 0.1098847 0.0791540 0.1214692 0.1323856 0.0429700 0.1438938 0.0800693 0.1605572 0.0791540 0.0429700 0.0000000 0.1091407 0.0581143 0.0958375 0.1238053 0.0968059 0.0688144 0.0426807 
S1376         0.5244332 0.6590328 0.0675661 0.0570150 0.1713380 0.2225269 0.1275354 0.1024601 0.1328081 0.0956681 0.1401926 0.0754622 0.0990627 0.1540176 0.0956681 0.1107257 0.1427763 0.1331659 0.0745418 0.1395120 0.1380779 0.1206258 0.1395835 0.1159626 0.1391516 0.1263786 0.1138919 0.1024807 0.1044473 0.1065536 0.1752479 0.1482974 0.1529503 0.0859006 0.1062520 0.0868861 0.1038801 0.0972121 0.0210178 0.1401926 0.1925141 0.1274258 0.1088665 0.1215941 0.1132925 0.0457312 0.1401926 0.1088665 0.1091407 0.0000000 0.1017947 0.0212073 0.1966704 0.1033380 0.1299298 0.0815914 
S1381         0.4722366 0.5743627 0.0869042 0.0774407 0.1136833 0.2488729 0.0732749 0.1262578 0.1202340 0.0709063 0.0854719 0.0367710 0.0736319 0.0983624 0.0709063 0.0589463 0.0870593 0.1173163 0.1184558 0.1128162 0.0581738 0.0631679 0.0851144 0.1172840 0.1125645 0.0726797 0.0875876 0.0901586 0.0986844 0.1093918 0.1164220 0.1339136 0.1494251 0.0880153 0.1087591 0.0748448 0.1062859 0.0993279 0.1025077 0.0978813 0.1002151 0.1453465 0.0579854 0.1407864 0.1158317 0.0981617 0.0978813 0.0579854 0.0581143 0.1017947 0.0000000 0.0879554 0.1322274 0.0909194 0.0870029 0.0575711 
S1422         0.4731960 0.6594571 0.0555630 0.0420203 0.1564141 0.2042583 0.1133977 0.1252385 0.1490557 0.1096060 0.1259626 0.0759492 0.0856094 0.1395661 0.1096060 0.0972257 0.1282927 0.1196325 0.0885782 0.1552444 0.1240659 0.1058208 0.1254169 0.1000766 0.1548060 0.1123985 0.1289726 0.1175226 0.1029936 0.0920462 0.1600442 0.1144357 0.1360739 0.0726990 0.0918214 0.1011664 0.0897454 0.0839885 0.0213031 0.1388755 0.1680696 0.1260437 0.0956034 0.1067450 0.0994925 0.0446372 0.1388755 0.0956034 0.0958375 0.0212073 0.0879554 0.0000000 0.1715145 0.1185226 0.1282620 0.0690473 
S1460         0.5361583 0.6158619 0.1591861 0.1120789 0.1265626 0.2517637 0.0721128 0.1614833 0.2317588 0.0828137 0.0709005 0.0622832 0.1258487 0.0833199 0.0828137 0.0707987 0.0838992 0.1009021 0.1627757 0.1252773 0.0963831 0.0628700 0.0704422 0.1657806 0.1249780 0.0848844 0.1002120 0.1951423 0.1467946 0.2036783 0.1415276 0.2031969 0.2669817 0.1422117 0.1677191 0.1753466 0.1641167 0.1113533 0.1984917 0.1103198 0.0212876 0.2482646 0.0696431 0.2214730 0.1408199 0.2140130 0.1103198 0.0696431 0.1238053 0.1966704 0.1322274 0.1715145 0.0000000 0.1968121 0.0995830 0.0950971 
S1462         0.5225233 0.5824847 0.1171293 0.0747868 0.1581832 0.3567305 0.1016570 0.0169057 0.0452250 0.0834879 0.1273272 0.0477990 0.0686379 0.1100422 0.0834879 0.0982227 0.1237115 0.1295074 0.0977459 0.0966644 0.1253892 0.1070129 0.1111035 0.1096758 0.1135041 0.1135950 0.1010743 0.0218648 0.1156764 0.1014413 0.1369990 0.0950591 0.1398376 0.0819867 0.1009122 0.0106162 0.0987398 0.1125952 0.1023909 0.1273272 0.1926212 0.0894077 0.0965665 0.1154778 0.1079050 0.1575243 0.1273272 0.0965665 0.0968059 0.1033380 0.0909194 0.1185226 0.1968121 0.0000000 0.1168069 0.0958760 
S_670         0.4354602 0.5285235 0.1268151 0.1106584 0.0702229 0.2684310 0.0339221 0.1001120 0.1469468 0.0219588 0.0452552 0.0227643 0.0963674 0.0569808 0.0219588 0.0218636 0.0830894 0.0723757 0.0954199 0.0839766 0.0446290 0.0235751 0.0697731 0.1124255 0.0838298 0.0336762 0.0348218 0.1158322 0.0820254 0.1340623 0.1108021 0.1579175 0.2229058 0.0837220 0.1032202 0.0997145 0.1009552 0.1102617 0.1438852 0.0433884 0.0977045 0.1486563 0.0215294 0.1496843 0.1102617 0.1871696 0.0433884 0.0215294 0.0688144 0.1299298 0.0870029 0.1282620 0.0995830 0.1168069 0.0000000 0.0440866 
SRR8528357    0.4922353 0.5516642 0.0682558 0.0413885 0.0672289 0.2113776 0.0325235 0.0921774 0.1232241 0.0315885 0.0433866 0.0110300 0.0670717 0.0546107 0.0315885 0.0209917 0.0550878 0.0692040 0.1075653 0.0667551 0.0428109 0.0225643 0.0432301 0.0773446 0.0666622 0.0322975 0.0444137 0.0951312 0.1094732 0.0989262 0.0798914 0.1215158 0.1411523 0.0800860 0.0715708 0.0807444 0.0700432 0.0551178 0.0820884 0.0543687 0.0933845 0.1014231 0.0206839 0.1128970 0.0795249 0.1283681 0.0543687 0.0206839 0.0426807 0.0815914 0.0575711 0.0690473 0.0950971 0.0958760 0.0440866 0.0000000 
