139
CRNC          0.0000000 0.3280196 0.4065474 0.4435394 0.4828683 0.4319626 0.3783748 0.4835407 0.4401092 0.4481815 0.4349153 0.4345022 0.4254289 0.4326179 0.4559355 0.4725091 0.4410992 0.4365786 0.4416160 0.4761459 0.4283870 0.4324988 0.4388710 0.4589431 0.4294837 0.4396836 0.4458378 0.4276982 0.4197115 0.4343970 0.4300321 0.4483929 0.4479608 0.4326808 0.5706875 0.4576501 0.4474862 0.4709135 0.4646882 0.4713615 0.4011878 0.4410734 0.4290476 0.4058158 0.4314337 0.4471618 0.5109618 0.4502937 0.4467318 0.4360735 0.4351929 0.4028005 0.4353335 0.4196722 0.5203331 0.4055053 0.4451636 0.4450643 0.4284513 0.4553996 0.4380643 0.4431489 0.4260723 0.4376974 0.4763060 0.4719218 0.4532540 0.4486219 0.5658365 0.4316056 0.4779382 0.4578616 0.4825922 0.4761926 0.4643260 0.4707980 0.4881209 0.4591143 0.4772705 0.4640175 0.3960278 0.4381912 0.3877469 0.5448207 0.4464337 0.4318699 0.5105194 0.4444577 0.4556705 0.4400564 0.4391251 0.4721849 0.4248843 0.4684458 0.5075906 0.4339842 0.4576727 0.4542506 0.4506176 0.4406820 0.4377314 0.4273222 0.4603811 0.4742134 0.4724668 0.4299519 0.4273709 0.4457495 0.4765148 0.4370375 0.4664763 0.4601711 0.4541450 0.4277473 0.4175379 0.4443866 0.4493596 0.4872592 0.4849773 0.4357354 0.4765138 0.4628659 0.4701489 0.3980960 0.4695712 0.4415874 0.4806689 0.4347640 0.4451205 0.4542948 0.4721727 0.4504453 0.4079355 0.4588083 0.5149723 0.4489220 0.4615844 0.4858654 0.4508729 
HYZL          0.3280196 0.0000000 0.1838199 0.3560097 0.4501327 0.3765516 0.3179887 0.3859106 0.3549049 0.4665963 0.3642300 0.3714457 0.3240394 0.3480948 0.3330843 0.3965886 0.3441071 0.3471437 0.3271648 0.3575801 0.3522720 0.3079556 0.3301834 0.3612399 0.3453627 0.3392882 0.3611974 0.3696063 0.3643334 0.3234057 0.3634465 0.3418060 0.3492118 0.3678173 0.3479575 0.3368588 0.3789844 0.3901342 0.4071241 0.3872762 0.2997406 0.3407707 0.3655391 0.3361496 0.3383632 0.3564860 0.3810200 0.3584188 0.4081243 0.3555568 0.3275789 0.3563253 0.3533841 0.3228461 0.4024450 0.3616807 0.3787773 0.3442816 0.3590499 0.3621445 0.3466702 0.3749320 0.3542808 0.3649182 0.3588292 0.3676917 0.3703693 0.3700094 0.4102675 0.3510907 0.4133961 0.3949033 0.4106795 0.4058417 0.4206616 0.4196109 0.3585174 0.3745177 0.3906607 0.3679053 0.3542190 0.3439394 0.2912887 0.3989286 0.3845815 0.3396943 0.3656871 0.3828769 0.3680166 0.3757177 0.3804619 0.3618531 0.3303624 0.3627488 0.3622074 0.3173174 0.3644092 0.3670420 0.3652676 0.3285432 0.3189762 0.3586802 0.3493640 0.3795702 0.3381438 0.3706342 0.3559151 0.3267095 0.3940844 0.3792994 0.3991679 0.3523691 0.3576923 0.3538326 0.3449975 0.3409431 0.3457053 0.4159912 0.3698387 0.3724837 0.4147787 0.3813511 0.3519259 0.3819300 0.3733845 0.3877831 0.3935027 0.3821323 0.3726513 0.3660685 0.3711098 0.3858458 0.3616971 0.3751623 0.4211265 0.3633615 0.3727490 0.3846198 0.3708223 
MYZV          0.4065474 0.1838199 0.0000000 0.4779234 0.7269203 0.4651036 0.3484643 0.4718330 0.4711560 0.7476481 0.4585060 0.4572392 0.4248307 0.4651348 0.4623289 0.4935450 0.4390782 0.4804446 0.4360907 0.4492603 0.4645409 0.4121854 0.4412923 0.4848066 0.4344672 0.4372722 0.4399818 0.4586938 0.4442328 0.4457099 0.4766306 0.4433351 0.4583553 0.4498386 0.4815492 0.4458141 0.4775008 0.4820210 0.4917014 0.4819895 0.3959106 0.4610823 0.4642762 0.4183103 0.4678328 0.4456695 0.5072628 0.4600474 0.5035686 0.4252007 0.4383087 0.4406980 0.4763007 0.4240688 0.4975476 0.4460632 0.4611759 0.4618554 0.4510542 0.4844513 0.4580283 0.4900340 0.4201835 0.4470108 0.4707081 0.4919310 0.4571085 0.4946903 0.5219692 0.4493704 0.4918122 0.4915544 0.5034704 0.4807007 0.5015924 0.5009755 0.4679843 0.4956608 0.4839737 0.4644381 0.4427488 0.4548901 0.3640562 0.4877369 0.4695659 0.4663354 0.4347609 0.4792423 0.4810860 0.4635990 0.4440467 0.4988620 0.4437805 0.4918198 0.4635222 0.4263398 0.4386834 0.4771870 0.4743888 0.4395528 0.4290354 0.4451533 0.4483662 0.4809807 0.4458554 0.4564929 0.4500765 0.4185211 0.5139855 0.4758371 0.4828840 0.4774499 0.4805029 0.4619877 0.4112540 0.4513942 0.4692481 0.5075947 0.5167871 0.4618988 0.4988366 0.4862509 0.4824272 0.4495550 0.4918735 0.4829863 0.4800160 0.4741722 0.4731439 0.4671316 0.4964825 0.4807146 0.4757123 0.4929175 0.5210141 0.4844201 0.5099415 0.4571748 0.4655401 
SRR6441723    0.4435394 0.3560097 0.4779234 0.0000000 0.0575175 0.0876303 0.2228224 0.0942799 0.0610127 0.0495469 0.0965231 0.0749039 0.1042260 0.0753086 0.0546220 0.0884819 0.1003763 0.0772737 0.0995152 0.1016374 0.0707955 0.0961082 0.0593392 0.0423866 0.0522915 0.1001544 0.0833082 0.0804863 0.0809611 0.0652516 0.0944642 0.0644755 0.0575638 0.0850254 0.0598296 0.1016793 0.0969570 0.0622521 0.0941330 0.1160038 0.1078105 0.0696289 0.0841228 0.0807221 0.0718477 0.0727780 0.0821413 0.0724045 0.0945065 0.0711122 0.0931757 0.1940228 0.0798426 0.0964671 0.0916869 0.0728999 0.0545299 0.0641891 0.0804738 0.0641256 0.0588278 0.0682698 0.0646832 0.0737753 0.1024558 0.0702694 0.0725772 0.0557473 0.1304612 0.0758318 0.0672155 0.0651913 0.0699911 0.0697983 0.1050000 0.0869857 0.0716668 0.1031423 0.0714248 0.0766631 0.1896934 0.0572455 0.1832974 0.0995919 0.0677957 0.0472916 0.1205442 0.1017983 0.0564998 0.0753282 0.0810554 0.0468199 0.0640437 0.0681154 0.0722116 0.0958005 0.0766631 0.0862349 0.0986312 0.0960903 0.0938751 0.0789671 0.1048810 0.0498098 0.0529085 0.0735472 0.0730086 0.0686174 0.0735733 0.0867221 0.0938144 0.0498942 0.0528699 0.0645562 0.0772744 0.0608607 0.0873359 0.0890185 0.0825259 0.0764818 0.0912201 0.0565551 0.0314490 0.0984381 0.1004487 0.0843023 0.0891828 0.0736510 0.0820899 0.0465990 0.0425251 0.0843880 0.0576856 0.0572865 0.0970554 0.0588886 0.0337177 0.0937514 0.0576919 
ERR4210213    0.4828683 0.4501327 0.7269203 0.0575175 0.0000000 0.1569906 0.0000010 0.2586907 0.1216045 0.0493563 0.1349199 0.1557042 0.1283062 0.1070155 0.0651236 0.1202545 0.1851158 0.1088092 0.1317513 0.1548377 0.0965938 0.1543699 0.0972966 0.0695489 0.1081079 0.1560757 0.2515745 0.1446567 0.1755376 0.1083971 0.2041836 0.0965938 0.1321403 0.2423172 0.0000010 0.1317513 0.1199030 0.0875468 0.1560203 0.1945294 0.1690317 0.1048138 0.1613305 0.1446567 0.1195715 0.1073612 0.1338367 0.1655210 0.1885376 0.1547550 0.1212449 0.2942711 0.1695913 0.1690317 0.1089950 0.1607706 0.0803523 0.1216045 0.1721949 0.1351894 0.1216045 0.1198078 0.1349649 0.1216422 0.1433643 0.0884757 0.1088092 0.0781625 0.0000010 0.1914508 0.0993308 0.0894143 0.0878334 0.0969324 0.1567481 0.2359929 0.1453501 0.2055982 0.1125095 0.1077481 0.3064354 0.1216045 0.0000010 0.0000010 0.1090635 0.0988509 0.0000010 0.2855048 0.1169188 0.1569906 0.1467345 0.0578815 0.1060681 0.0884757 0.0000010 0.1457061 0.1351894 0.1168738 0.1498505 0.1317513 0.1214078 0.1446567 0.1507832 0.1009042 0.1044669 0.1583091 0.1569906 0.1286117 0.0846568 0.2137136 0.1473632 0.0965728 0.0943778 0.1078113 0.1328271 0.1216045 0.1083971 0.2482972 0.0873275 0.1569906 0.2510820 0.0774616 0.0574175 0.1606709 0.1234884 0.1684826 0.0988463 0.1342550 0.1410200 0.1026234 0.0229291 0.1218010 0.0774616 0.0781625 0.1627404 0.0903276 0.0488447 0.2059832 0.0817116 
ERR2789774    0.4319626 0.3765516 0.4651036 0.0876303 0.1569906 0.0000000 0.2141707 0.0617553 0.0705068 0.0950574 0.0919232 0.0251030 0.1037071 0.0910696 0.0788152 0.0421576 0.0752415 0.1029114 0.1033001 0.1108875 0.0972900 0.1053601 0.0856127 0.0941308 0.0855470 0.1118943 0.0504366 0.0265638 0.0240411 0.0901757 0.0757479 0.0817065 0.0808705 0.0551356 0.0598690 0.1157038 0.0986583 0.1073733 0.0903608 0.1294415 0.1121060 0.0894562 0.0385087 0.0245584 0.0977236 0.0807035 0.1055974 0.0593795 0.0441696 0.0738793 0.0996125 0.1807865 0.0567362 0.1028690 0.1117308 0.0284453 0.0949281 0.0844638 0.0296868 0.0843889 0.0787379 0.1103631 0.0812980 0.0857252 0.1191280 0.0930898 0.0737131 0.0836507 0.1243614 0.0942066 0.1186598 0.0864422 0.1116588 0.1001615 0.0910429 0.0894678 0.0980016 0.1181885 0.1070862 0.1175246 0.1794726 0.0770966 0.1646392 0.0948641 0.1058957 0.0996208 0.1324315 0.0581258 0.0811162 0.0252015 0.0600448 0.0826122 0.0852222 0.0940450 0.0882816 0.1050266 0.0846112 0.1045403 0.1109841 0.1052064 0.1049567 0.0237422 0.1233733 0.0901132 0.0839102 0.0252642 0.0278666 0.0419464 0.0965719 0.0483637 0.0924078 0.0815053 0.0730245 0.0946602 0.0486136 0.0826566 0.0968787 0.0950234 0.1152828 0.0235677 0.0934761 0.0796953 0.0793626 0.0356225 0.1197126 0.0498173 0.0956497 0.0527583 0.0715710 0.0886851 0.0890462 0.0979477 0.0925839 0.0852421 0.1014249 0.0843118 0.0848566 0.0661349 0.0788047 
PAFTOL_019361 0.3783748 0.3179887 0.3484643 0.2228224 0.0000010 0.2141707 0.0000000 0.2138693 0.1547776 0.0000010 0.2145940 0.2085447 0.1596803 0.2103036 0.2292397 0.2289483 0.2181924 0.2092416 0.2271133 0.2250325 0.2053578 0.2210800 0.1885033 0.2330126 0.2120305 0.2176258 0.1971937 0.2041920 0.2067721 0.1742961 0.2359913 0.1850636 0.1819992 0.2061088 0.1944128 0.2322210 0.2145612 0.2475128 0.2409240 0.2616207 0.2085984 0.1958652 0.1975898 0.1958157 0.2188133 0.1963423 0.2411403 0.2196059 0.2185154 0.1928117 0.2320764 0.2438576 0.2134603 0.2228683 0.2530512 0.1978551 0.2265809 0.1909018 0.1985386 0.1944197 0.1805778 0.2571850 0.1964117 0.2067112 0.2094172 0.2260114 0.1989271 0.2181742 0.2612736 0.1965486 0.2430416 0.2353364 0.2555418 0.2433340 0.2378232 0.2142781 0.2274395 0.2381607 0.2693866 0.2720939 0.2344860 0.1779532 0.2338816 0.2033127 0.2438493 0.2485006 0.2210962 0.2174977 0.2355572 0.2038976 0.2248195 0.2230860 0.1787657 0.2179690 0.2152438 0.2249238 0.2039353 0.2071925 0.2457287 0.2298502 0.2288967 0.2033025 0.2101773 0.2353722 0.2129478 0.2005506 0.2030739 0.2020667 0.2628564 0.2082973 0.2367116 0.2287302 0.2219734 0.1945625 0.2166850 0.1878213 0.1966878 0.2240175 0.2395372 0.1943717 0.2306548 0.2270330 0.2268204 0.1794676 0.2145101 0.2133899 0.2314487 0.2091889 0.2090819 0.2292409 0.2413699 0.2331866 0.2247880 0.2191315 0.2514060 0.2261699 0.2364007 0.2159055 0.2162842 
S0055         0.4835407 0.3859106 0.4718330 0.0942799 0.2586907 0.0617553 0.2138693 0.0000000 0.0855135 0.2246220 0.1055797 0.0488792 0.1439640 0.1014563 0.0924346 0.0696205 0.0732145 0.1057877 0.1211498 0.1211619 0.0947668 0.1196064 0.0939342 0.1137886 0.1069103 0.1274666 0.0611877 0.0536182 0.0560969 0.0967364 0.0746081 0.0863280 0.0838476 0.0489604 0.0468970 0.1256684 0.1069558 0.1201493 0.0912635 0.1305824 0.1297135 0.0959476 0.0569316 0.0538542 0.1044700 0.0868778 0.1090097 0.0650164 0.0670921 0.0834761 0.1080198 0.1764685 0.0672967 0.1190583 0.1133406 0.0559480 0.1030944 0.0909685 0.0522657 0.0908895 0.0850539 0.1231613 0.0872563 0.0940285 0.1281842 0.0986109 0.0776831 0.0935714 0.1175464 0.0950226 0.1228721 0.1147823 0.1234876 0.1125603 0.0886094 0.0918527 0.1010979 0.1191860 0.1270912 0.1299637 0.1729363 0.0833736 0.1783234 0.0952639 0.1169846 0.1135363 0.1237173 0.0571872 0.0961045 0.0522181 0.0667732 0.0998443 0.0916052 0.0960382 0.0909679 0.1213390 0.0945679 0.1092555 0.1097673 0.1215574 0.1177546 0.0505998 0.1267040 0.1001133 0.0938725 0.0505768 0.0437356 0.0250809 0.1092128 0.0604678 0.1048313 0.0986040 0.0862758 0.0977044 0.0571582 0.0838733 0.1108012 0.0974717 0.1174810 0.0485592 0.1003325 0.1001418 0.0943133 0.0615458 0.1273801 0.0554719 0.1040413 0.0617772 0.0776973 0.0994934 0.1079998 0.0951578 0.1120904 0.0952004 0.1094586 0.0875060 0.1004098 0.0618808 0.0898648 
S0196sl       0.4401092 0.3549049 0.4711560 0.0610127 0.1216045 0.0705068 0.1547776 0.0855135 0.0000000 0.0658488 0.0447161 0.0642453 0.0905738 0.0557782 0.0661007 0.0614463 0.0736607 0.0604937 0.0874316 0.0839730 0.0487223 0.0834184 0.0426553 0.0691841 0.0607229 0.0838997 0.0678101 0.0664648 0.0655051 0.0413238 0.0767003 0.0406029 0.0094076 0.0768382 0.0167895 0.0872355 0.0615077 0.0838133 0.0805687 0.1023842 0.0859765 0.0521209 0.0607579 0.0603256 0.0525764 0.0436291 0.0734676 0.0622064 0.0836175 0.0362291 0.0823817 0.1475118 0.0667428 0.0750384 0.0817834 0.0597777 0.0757769 0.0126280 0.0706648 0.0126273 0.0077773 0.0864804 0.0364442 0.0509582 0.0954620 0.0573696 0.0454695 0.0526478 0.1113022 0.0662979 0.0867244 0.0735443 0.0845884 0.0857946 0.0855753 0.0724110 0.0734225 0.0986819 0.0908584 0.0979063 0.1509590 0.0062120 0.1343097 0.0612522 0.0805597 0.0730889 0.0943383 0.0744318 0.0695525 0.0630917 0.0725763 0.0551487 0.0333093 0.0569271 0.0508826 0.0856226 0.0512433 0.0621667 0.0874154 0.0859096 0.0835433 0.0629026 0.0960587 0.0707923 0.0624542 0.0611339 0.0658819 0.0563861 0.0734310 0.0751008 0.0678045 0.0600121 0.0567123 0.0561396 0.0663450 0.0110102 0.0576803 0.0784321 0.0680842 0.0623062 0.0807259 0.0699101 0.0588324 0.0761096 0.0649561 0.0766027 0.0621237 0.0601108 0.0721624 0.0751471 0.0675766 0.0673638 0.0656323 0.0546402 0.0861649 0.0427303 0.0648228 0.0838884 0.0551965 
S0278         0.4481815 0.4665963 0.7476481 0.0495469 0.0493563 0.0950574 0.0000010 0.2246220 0.0658488 0.0000000 0.1152910 0.1101836 0.1593352 0.0366251 0.0500452 0.0637167 0.0950574 0.0118969 0.1463039 0.1617578 0.0000022 0.1483686 0.0000022 0.1137686 0.0683931 0.1523504 0.1739097 0.0950574 0.1152384 0.0363819 0.1086876 0.0000022 0.0801470 0.2088078 0.0000010 0.1463039 0.0244334 0.0798300 0.0800705 0.1262989 0.1169194 0.0115010 0.0793597 0.0950574 0.0243191 0.0367779 0.0814067 0.0652019 0.1130849 0.1110074 0.1259857 0.2105868 0.1139796 0.1169194 0.0522563 0.0968113 0.0685275 0.0658488 0.1136402 0.0658488 0.0658488 0.0953983 0.0991416 0.0525331 0.1449516 0.0514170 0.0375547 0.0374743 0.0000010 0.1660373 0.0977033 0.0647960 0.0785605 0.0649413 0.0951074 0.1653967 0.0967947 0.1257951 0.0665524 0.0785605 0.2188249 0.0658488 0.0000010 0.0000010 0.0798300 0.0969709 0.0000010 0.1875199 0.0938736 0.1115434 0.1306584 0.0237843 0.0114572 0.0514170 0.0000010 0.1690514 0.0689398 0.0235188 0.0795454 0.1463039 0.1283510 0.0950574 0.1561562 0.0657232 0.0776001 0.1128548 0.1115434 0.0790771 0.0785605 0.1694815 0.0848743 0.0795370 0.0623511 0.0239443 0.1112747 0.0658488 0.0363819 0.1653967 0.0659987 0.0950574 0.1432612 0.0647960 0.0366251 0.1315506 0.0118754 0.1130849 0.0506016 0.0950574 0.0644173 0.0838458 0.0366251 0.0659987 0.0647960 0.0374743 0.0993844 0.0664853 0.0366251 0.1347838 0.0530984 
S0281         0.4349153 0.3642300 0.4585060 0.0965231 0.1349199 0.0919232 0.2145940 0.1055797 0.0447161 0.1152910 0.0000000 0.0822316 0.1095869 0.0872445 0.0974998 0.0815088 0.1054483 0.0941924 0.1160788 0.1217616 0.0845646 0.1121216 0.0744517 0.1049972 0.0981827 0.1135338 0.0878667 0.0855229 0.0833967 0.0777299 0.1035013 0.0726032 0.0530694 0.0948948 0.0288973 0.1160713 0.0861683 0.1054310 0.1082737 0.1226366 0.1153924 0.0802248 0.0845368 0.0749932 0.0884675 0.0799041 0.1010554 0.0972310 0.1106427 0.0581343 0.1094432 0.1801342 0.0824375 0.1078138 0.1177329 0.0788328 0.1082012 0.0560973 0.0883622 0.0636190 0.0543852 0.1248825 0.0564423 0.0778705 0.1111654 0.0861369 0.0798675 0.0866980 0.1404701 0.0845184 0.1204245 0.1042447 0.1184714 0.1164412 0.1106311 0.0751121 0.1077873 0.1201338 0.1207609 0.1302643 0.1858171 0.0527617 0.1821807 0.0759819 0.1024789 0.1126314 0.1301169 0.1122320 0.1030899 0.0830856 0.0983530 0.0946600 0.0687609 0.0836206 0.0818875 0.1144737 0.0795426 0.0917927 0.1027078 0.1170578 0.1167931 0.0828564 0.1136745 0.1078306 0.1021304 0.0811858 0.0837304 0.0816638 0.1138866 0.0947515 0.0938082 0.0945501 0.0899558 0.0878997 0.0886498 0.0562358 0.0898741 0.0806812 0.1027722 0.0822900 0.0847156 0.0978708 0.0969666 0.0960857 0.0935697 0.1046554 0.0931725 0.0916070 0.0997888 0.1077704 0.0978746 0.1023174 0.1011383 0.0886563 0.1137499 0.0811149 0.0970509 0.1069963 0.0930601 
S0282         0.4345022 0.3714457 0.4572392 0.0749039 0.1557042 0.0251030 0.2085447 0.0488792 0.0642453 0.1101836 0.0822316 0.0000000 0.0915747 0.0819561 0.0718431 0.0239723 0.0647138 0.0937981 0.0977624 0.0939426 0.0886940 0.0979129 0.0747994 0.0883228 0.0810139 0.1037654 0.0442095 0.0094951 0.0154111 0.0771483 0.0652047 0.0726242 0.0685658 0.0441160 0.0403975 0.1035934 0.0890608 0.0994656 0.0835003 0.1186684 0.1097274 0.0767416 0.0266441 0.0102888 0.0846297 0.0722093 0.0954882 0.0528592 0.0266116 0.0682686 0.0922598 0.1763732 0.0518199 0.0954927 0.1054634 0.0138126 0.0926682 0.0753157 0.0152393 0.0752461 0.0697922 0.1020111 0.0722036 0.0712387 0.1069083 0.0865989 0.0583739 0.0732534 0.1112642 0.0795558 0.1084862 0.0823203 0.0972908 0.0915996 0.0890852 0.0800571 0.0868498 0.1098430 0.0972431 0.1073285 0.1708629 0.0681884 0.1648188 0.0728718 0.0976929 0.0937111 0.1166564 0.0487607 0.0772938 0.0081489 0.0535191 0.0787842 0.0727544 0.0841980 0.0762239 0.0976001 0.0723548 0.0953919 0.1026626 0.0998503 0.0957578 0.0095794 0.1093239 0.0897405 0.0717679 0.0081682 0.0136563 0.0367976 0.0910506 0.0406590 0.0802073 0.0778131 0.0678879 0.0823461 0.0454483 0.0735625 0.0873237 0.0854512 0.1044020 0.0122665 0.0839240 0.0744709 0.0738394 0.0258625 0.1086019 0.0404648 0.0792126 0.0465837 0.0629208 0.0883223 0.0833702 0.0901929 0.0831355 0.0748185 0.0974358 0.0734891 0.0774240 0.0522907 0.0652496 
S0288         0.4254289 0.3240394 0.4248307 0.1042260 0.1283062 0.1037071 0.1596803 0.1439640 0.0905738 0.1593352 0.1095869 0.0915747 0.0000000 0.1302319 0.0933103 0.1029182 0.1158036 0.1155753 0.0134411 0.0556743 0.1076494 0.0162866 0.0979206 0.1225066 0.1234114 0.0275347 0.1079175 0.1024654 0.1034996 0.0991822 0.1112527 0.1061379 0.0830767 0.1157918 0.0000010 0.0190968 0.1321689 0.1601904 0.1162050 0.1485290 0.0221088 0.1222301 0.0983969 0.1126626 0.1234580 0.1084975 0.1335924 0.1193417 0.1104319 0.0942394 0.0195683 0.1748259 0.1217644 0.0190221 0.1336825 0.1106185 0.1259580 0.0972749 0.1104939 0.0938168 0.0896779 0.1344704 0.1092233 0.1120204 0.0997532 0.1271095 0.1092907 0.1167179 0.2593258 0.0401384 0.1507554 0.1436710 0.1568536 0.1570797 0.1480548 0.0986363 0.1108644 0.1044942 0.1374521 0.1566478 0.1895500 0.0863693 0.1654291 0.0800203 0.1413433 0.1224203 0.1283312 0.1282191 0.1012342 0.1072910 0.1171004 0.1200739 0.0980172 0.1217565 0.1140241 0.0135384 0.1215359 0.1389462 0.1152838 0.0053216 0.0053263 0.0948669 0.0941994 0.1380341 0.1051106 0.1074689 0.1096267 0.0967113 0.1043107 0.1033227 0.1252472 0.0865978 0.0965439 0.1077028 0.1035479 0.0937230 0.1272685 0.0948266 0.1330356 0.1021798 0.1112310 0.1168374 0.1061780 0.0994360 0.1300875 0.1034506 0.1077078 0.1102858 0.1142953 0.1340437 0.1102860 0.1317483 0.1215198 0.1120938 0.1158800 0.0982943 0.1015408 0.1036701 0.0987306 
S0289         0.4326179 0.3480948 0.4651348 0.0753086 0.1070155 0.0910696 0.2103036 0.1014563 0.0557782 0.0366251 0.0872445 0.0819561 0.1302319 0.0000000 0.0703552 0.0921692 0.0905650 0.0507084 0.1070509 0.1056826 0.0426740 0.0989817 0.0407494 0.0868921 0.0900287 0.1146619 0.0910914 0.0875874 0.0867404 0.0383507 0.0886150 0.0343449 0.0524855 0.0883896 0.0280555 0.1072143 0.0567336 0.0968706 0.0956815 0.1131170 0.1184074 0.0421987 0.0860843 0.0944439 0.0473934 0.0499654 0.0770485 0.0746518 0.1050818 0.0686882 0.1044198 0.1939798 0.0802573 0.1001152 0.0974983 0.0814777 0.0900217 0.0558065 0.0916902 0.0593803 0.0506183 0.0917713 0.0693570 0.0534356 0.1055670 0.0608038 0.0548188 0.0675071 0.0856324 0.0811320 0.1054302 0.0979282 0.0991414 0.1012445 0.0986303 0.0997780 0.0785091 0.1120106 0.1124150 0.1145963 0.1919885 0.0490666 0.1900110 0.0758730 0.1006798 0.0828918 0.1136369 0.0991987 0.0859806 0.0863179 0.0979149 0.0689698 0.0343641 0.0587147 0.0638758 0.1052924 0.0517220 0.0504755 0.0993784 0.1076149 0.1033235 0.0863247 0.1099773 0.0923118 0.0755166 0.0844816 0.0818776 0.0740538 0.0972223 0.0959636 0.0774794 0.0732020 0.0630599 0.0452986 0.0919453 0.0541365 0.0520084 0.1054514 0.0766023 0.0837306 0.1077957 0.0809938 0.0709916 0.1102817 0.0600820 0.0938917 0.0596056 0.0862339 0.0840513 0.0908365 0.0835769 0.0602080 0.0902981 0.0691947 0.1110605 0.0658147 0.0705750 0.1056020 0.0697989 
S0292         0.4559355 0.3330843 0.4623289 0.0546220 0.0651236 0.0788152 0.2292397 0.0924346 0.0661007 0.0500452 0.0974998 0.0718431 0.0933103 0.0703552 0.0000000 0.0833744 0.0985023 0.0789306 0.0862760 0.0930061 0.0742343 0.0830097 0.0629675 0.0525858 0.0570340 0.0917443 0.0887769 0.0756038 0.0725799 0.0672739 0.0895002 0.0614649 0.0647260 0.0880110 0.0600562 0.0865584 0.0913377 0.0681419 0.1030877 0.1238709 0.0977157 0.0730954 0.0808289 0.0705263 0.0739811 0.0762921 0.0945864 0.0794367 0.0917487 0.0797308 0.0874200 0.1904353 0.0732331 0.0797897 0.0897052 0.0719680 0.0622129 0.0681257 0.0756062 0.0648397 0.0627666 0.0708127 0.0733234 0.0827578 0.1012051 0.0774820 0.0743771 0.0562158 0.1267879 0.0729107 0.0764833 0.0644844 0.0744030 0.0742023 0.1070624 0.0956536 0.0702957 0.1053799 0.0793394 0.0795596 0.1841628 0.0611941 0.1667452 0.0886308 0.0686905 0.0592177 0.1109659 0.0943676 0.0416790 0.0722414 0.0814245 0.0444594 0.0610416 0.0751992 0.0757312 0.0827468 0.0818144 0.0778234 0.1000668 0.0846607 0.0827448 0.0724744 0.0905114 0.0604186 0.0264497 0.0705024 0.0716229 0.0709103 0.0511018 0.0904484 0.0943931 0.0263333 0.0292171 0.0767777 0.0739176 0.0646838 0.0784620 0.0908642 0.0902333 0.0701179 0.0999465 0.0433403 0.0398484 0.0933882 0.0943892 0.0812415 0.0889918 0.0756198 0.0863928 0.0571714 0.0462085 0.0755107 0.0587987 0.0593548 0.0969805 0.0588904 0.0456419 0.1012234 0.0566068 
S0293         0.4725091 0.3965886 0.4935450 0.0884819 0.1202545 0.0421576 0.2289483 0.0696205 0.0614463 0.0637167 0.0815088 0.0239723 0.1029182 0.0921692 0.0833744 0.0000000 0.0893141 0.1002533 0.1182053 0.1185153 0.0950506 0.1183939 0.0847295 0.0988705 0.0944906 0.1068929 0.0612060 0.0254465 0.0321519 0.0890856 0.0894715 0.0804166 0.0840717 0.0609515 0.0418681 0.1244312 0.1022236 0.1149969 0.0972997 0.1407744 0.1377070 0.0902543 0.0438583 0.0322909 0.0950379 0.0783740 0.1126652 0.0757518 0.0447899 0.0836985 0.1129168 0.1923457 0.0730909 0.1205262 0.1244199 0.0323794 0.1079194 0.0877520 0.0317351 0.0876742 0.0818756 0.1158903 0.0845246 0.0851357 0.1303531 0.0994391 0.0733050 0.0871258 0.1257621 0.1049079 0.1244976 0.0970356 0.1173487 0.1112209 0.1095072 0.0953338 0.1071647 0.1332287 0.1126095 0.1210266 0.1890139 0.0801989 0.1817663 0.0712252 0.1131415 0.1044841 0.1433808 0.0678191 0.0930649 0.0240361 0.0749556 0.0869103 0.0843680 0.0968375 0.0936703 0.1180173 0.0862577 0.1018730 0.1195488 0.1182283 0.1160744 0.0256480 0.1284353 0.1004893 0.0832838 0.0240962 0.0298893 0.0529491 0.1059635 0.0590666 0.1003688 0.0937109 0.0791646 0.0919932 0.0662159 0.0859021 0.0996304 0.1010000 0.1147346 0.0284100 0.1033283 0.0901738 0.0837685 0.0482015 0.1034650 0.0571688 0.0919923 0.0672532 0.0873717 0.0990625 0.0920021 0.1036761 0.1024460 0.0887524 0.1156818 0.0876546 0.0877165 0.0746836 0.0753854 
S0294         0.4410992 0.3441071 0.4390782 0.1003763 0.1851158 0.0752415 0.2181924 0.0732145 0.0736607 0.0950574 0.1054483 0.0647138 0.1158036 0.0905650 0.0985023 0.0893141 0.0000000 0.1010695 0.1122791 0.1112560 0.0968639 0.1107319 0.0823897 0.1128545 0.1051418 0.1219369 0.0678387 0.0701761 0.0677739 0.0837257 0.0590411 0.0790221 0.0783381 0.0643661 0.0960604 0.1165969 0.0918827 0.1291093 0.0855933 0.1148468 0.1242074 0.0826839 0.0608565 0.0708548 0.0948606 0.0782468 0.1207364 0.0674039 0.0797042 0.0857183 0.1029158 0.1710791 0.0558796 0.1042234 0.1139060 0.0666030 0.1181393 0.0819453 0.0685927 0.0859274 0.0762070 0.1245466 0.0878211 0.0791636 0.1122346 0.1065027 0.0746190 0.0870037 0.1288169 0.0874923 0.1371181 0.1200830 0.1364522 0.1215810 0.0534739 0.0956920 0.0912852 0.1040111 0.1342313 0.1410011 0.1641481 0.0745565 0.1721042 0.0938251 0.1259167 0.1107736 0.1219480 0.0812835 0.1024755 0.0687468 0.0703676 0.0949239 0.0825032 0.1060562 0.1026968 0.1124525 0.0764801 0.1023969 0.1079360 0.1148653 0.1081268 0.0653428 0.1146156 0.1087088 0.0903367 0.0669897 0.0662206 0.0593266 0.1230998 0.0650259 0.0972234 0.0992650 0.0887401 0.0942063 0.0631935 0.0801319 0.1013321 0.1013748 0.1236887 0.0646993 0.0978240 0.0974078 0.0876038 0.0676318 0.1081177 0.0737974 0.0910091 0.0678657 0.0801825 0.1088647 0.1076413 0.1081994 0.1058018 0.0920667 0.1164100 0.0833615 0.0978932 0.0725582 0.0894322 
S0299         0.4365786 0.3471437 0.4804446 0.0772737 0.1088092 0.1029114 0.2092416 0.1057877 0.0604937 0.0118969 0.0941924 0.0937981 0.1155753 0.0507084 0.0789306 0.1002533 0.1010695 0.0000000 0.1136852 0.1119988 0.0349257 0.1076267 0.0381001 0.0854098 0.0791254 0.1200243 0.0934099 0.0956498 0.0905721 0.0467433 0.0945469 0.0346779 0.0563794 0.1002433 0.0695811 0.1137365 0.0560055 0.0949739 0.1001403 0.1180357 0.1200065 0.0344613 0.0939633 0.0996761 0.0312351 0.0488995 0.0778329 0.0870339 0.1140548 0.0749645 0.1110656 0.1726157 0.0838637 0.1066914 0.1052795 0.0845511 0.0844000 0.0597736 0.0955551 0.0634398 0.0544574 0.0920516 0.0736149 0.0541374 0.1163569 0.0614134 0.0606917 0.0768757 0.1012428 0.0835840 0.0996618 0.0927087 0.0995516 0.0954733 0.1131885 0.0940578 0.0903298 0.1167478 0.1083875 0.1105372 0.1730075 0.0528773 0.1696595 0.0765103 0.0949453 0.0783194 0.1310069 0.1056177 0.0846826 0.0885687 0.1044218 0.0673734 0.0363636 0.0592989 0.0688832 0.1118971 0.0558556 0.0329113 0.0997465 0.1120942 0.1098855 0.0942334 0.1167660 0.0873453 0.0775313 0.0867148 0.0913461 0.0784640 0.0887296 0.1064775 0.0846026 0.0718989 0.0649540 0.0407873 0.0964367 0.0580673 0.0522958 0.0996363 0.0775308 0.0915098 0.1019244 0.0779294 0.0675772 0.0975810 0.0496434 0.1056032 0.0620625 0.0906120 0.0900512 0.0872844 0.0820936 0.0606315 0.0771831 0.0784824 0.1162824 0.0644693 0.0688735 0.1064050 0.0773528 
S0303         0.4416160 0.3271648 0.4360907 0.0995152 0.1317513 0.1033001 0.2271133 0.1211498 0.0874316 0.1463039 0.1160788 0.0977624 0.0134411 0.1070509 0.0862760 0.1182053 0.1122791 0.1136852 0.0000000 0.0534288 0.0991453 0.0094748 0.0878953 0.1057937 0.1101107 0.0206537 0.0959791 0.1075446 0.1001725 0.0968885 0.1104294 0.0930283 0.0823857 0.1066337 0.0807519 0.0208410 0.1151718 0.1348324 0.1281216 0.0990524 0.0226147 0.0973694 0.0947601 0.1153641 0.1057999 0.1002512 0.1172661 0.1056642 0.1193433 0.0878919 0.0137813 0.1919717 0.1090845 0.0164356 0.1327954 0.0984943 0.1210228 0.0912398 0.1036004 0.0953714 0.0853019 0.1262997 0.0937059 0.1003218 0.0863472 0.1118328 0.1041787 0.0980848 0.1416770 0.0376258 0.1375610 0.1153486 0.1381414 0.1350275 0.1371607 0.0972641 0.1079518 0.0800935 0.1312036 0.1469177 0.1855275 0.0836157 0.1555952 0.0852581 0.1139913 0.1076032 0.1014076 0.1255395 0.1009334 0.1002508 0.1077181 0.0952154 0.0855803 0.1091345 0.0966239 0.0080988 0.1026478 0.1114378 0.0803788 0.0122520 0.0122646 0.1023690 0.0837918 0.1120063 0.0971334 0.0983340 0.1029139 0.0953895 0.1115966 0.1082873 0.1095155 0.0920150 0.0863630 0.0963276 0.1010647 0.0893749 0.1031660 0.0993927 0.1250647 0.1013166 0.1057908 0.1110274 0.0958741 0.1155107 0.1189219 0.1099238 0.1110398 0.1085088 0.1240139 0.1102169 0.1032323 0.1100219 0.1113950 0.1076147 0.1230954 0.0951762 0.1027965 0.1142814 0.0952725 
S0308         0.4761459 0.3575801 0.4492603 0.1016374 0.1548377 0.1108875 0.2250325 0.1211619 0.0839730 0.1617578 0.1217616 0.0939426 0.0556743 0.1056826 0.0930061 0.1185153 0.1112560 0.1119988 0.0534288 0.0000000 0.0969297 0.0535050 0.0939451 0.1065807 0.1130074 0.0556477 0.1071168 0.1034682 0.1030024 0.0932788 0.1208138 0.0935805 0.0842616 0.1133402 0.0666321 0.0552761 0.1023255 0.1189044 0.1313459 0.1026849 0.0516268 0.1059516 0.0965994 0.1072628 0.1100558 0.0979105 0.1164422 0.1087004 0.1213677 0.0964788 0.0520892 0.2165355 0.1108763 0.0501223 0.1225014 0.0903092 0.1119365 0.0930099 0.0977594 0.0971007 0.0871326 0.1179324 0.0950696 0.0995527 0.0866094 0.1055105 0.0995880 0.0915621 0.1405955 0.0431856 0.1310850 0.1021515 0.1202053 0.1236378 0.1399452 0.1121403 0.0999730 0.0885230 0.1291434 0.1381566 0.2012635 0.0854675 0.1770976 0.1040121 0.1099094 0.1105333 0.0941191 0.1211023 0.0961104 0.0963475 0.1137881 0.0999229 0.0896912 0.1049247 0.0951567 0.0502158 0.0919522 0.1106244 0.0879550 0.0519920 0.0519746 0.0984055 0.0766938 0.1187864 0.0967252 0.0944787 0.1024814 0.1022976 0.1066737 0.1121455 0.1045523 0.0851280 0.0836873 0.1005872 0.1108609 0.0911663 0.1104868 0.1143454 0.1226608 0.1009123 0.1191318 0.1051825 0.0987199 0.1196090 0.1168776 0.1195582 0.1039857 0.1163374 0.1230431 0.1142500 0.1143306 0.1066496 0.1015062 0.0966350 0.1293274 0.0910830 0.1029152 0.1151187 0.0881078 
S0320         0.4283870 0.3522720 0.4645409 0.0707955 0.0965938 0.0972900 0.2053578 0.0947668 0.0487223 0.0000022 0.0845646 0.0886940 0.1076494 0.0426740 0.0742343 0.0950506 0.0968639 0.0349257 0.0991453 0.0969297 0.0000000 0.0932820 0.0287195 0.0845521 0.0807594 0.1021257 0.0904062 0.0886918 0.0894444 0.0389033 0.0878374 0.0242856 0.0483195 0.0926455 0.0352899 0.1011048 0.0493047 0.0962449 0.0989546 0.0976933 0.0983883 0.0349049 0.0888513 0.1011456 0.0381559 0.0378555 0.0710130 0.0861035 0.1080153 0.0600032 0.0928423 0.1721724 0.0847292 0.0941652 0.0923680 0.0782654 0.0888288 0.0516403 0.0890720 0.0551985 0.0464698 0.0968517 0.0586300 0.0442888 0.1008899 0.0565328 0.0475876 0.0668253 0.0890351 0.0734047 0.1043717 0.0936678 0.1008957 0.0965861 0.1035711 0.0862336 0.0736887 0.0952586 0.1062034 0.1120292 0.1725738 0.0449129 0.1648540 0.0654320 0.0962162 0.0808998 0.1135251 0.1021797 0.0855360 0.0855981 0.0985267 0.0647585 0.0210139 0.0528668 0.0605004 0.0973881 0.0412795 0.0347650 0.0808371 0.0975541 0.0954324 0.0891034 0.1033264 0.0847308 0.0764704 0.0837459 0.0845607 0.0770882 0.0935851 0.1030136 0.0631319 0.0702923 0.0638447 0.0285231 0.0923556 0.0467993 0.0494941 0.0917616 0.0685757 0.0864457 0.0940050 0.0838977 0.0665977 0.1040277 0.0519716 0.0979254 0.0502942 0.0862875 0.0825756 0.0846697 0.0812099 0.0557927 0.0803254 0.0684148 0.0973947 0.0575337 0.0678864 0.0921021 0.0690181 
S0322         0.4324988 0.3079556 0.4121854 0.0961082 0.1543699 0.1053601 0.2210800 0.1196064 0.0834184 0.1483686 0.1121216 0.0979129 0.0162866 0.0989817 0.0830097 0.1183939 0.1107319 0.1076267 0.0094748 0.0535050 0.0932820 0.0000000 0.0823048 0.1038444 0.1053904 0.0192540 0.1005652 0.1077130 0.1003277 0.0946107 0.1070363 0.0873720 0.0768901 0.1068015 0.0889150 0.0208198 0.1110306 0.1312392 0.1265650 0.1028205 0.0171952 0.0916137 0.0932519 0.1123678 0.0960071 0.0979884 0.1147949 0.1022625 0.1192201 0.0838358 0.0138082 0.1986375 0.1075524 0.0136704 0.1229449 0.0986649 0.1167084 0.0856133 0.1037616 0.0896546 0.0797961 0.1247434 0.0877366 0.0979877 0.0853141 0.1077142 0.1018791 0.1034276 0.1394875 0.0346716 0.1330919 0.1111043 0.1345057 0.1324087 0.1355717 0.1010624 0.1026600 0.0786010 0.1305386 0.1422614 0.1920289 0.0781314 0.1627338 0.0932321 0.1098026 0.1041909 0.0968002 0.1192944 0.0961752 0.1004069 0.1061808 0.0961811 0.0817440 0.1031758 0.0921415 0.0067221 0.1003565 0.1079559 0.0771088 0.0122672 0.0122812 0.1025297 0.0805059 0.1150345 0.0938070 0.0984859 0.1030732 0.0954014 0.1082034 0.1073655 0.1089157 0.0887071 0.0830955 0.0905507 0.0995421 0.0837795 0.1063197 0.1032195 0.1186801 0.1014728 0.1078866 0.1076062 0.0925381 0.1177348 0.1147955 0.1064412 0.1123090 0.1069837 0.1203994 0.1085489 0.1042878 0.1076019 0.1042921 0.1087217 0.1254945 0.0917566 0.0993320 0.1105478 0.0998195 
S0327         0.4388710 0.3301834 0.4412923 0.0593392 0.0972966 0.0856127 0.1885033 0.0939342 0.0426553 0.0000022 0.0744517 0.0747994 0.0979206 0.0407494 0.0629675 0.0847295 0.0823897 0.0381001 0.0878953 0.0939451 0.0287195 0.0823048 0.0000000 0.0689451 0.0598294 0.0938616 0.0779280 0.0804420 0.0775306 0.0289690 0.0700502 0.0224215 0.0396539 0.0763375 0.0284919 0.0915954 0.0454897 0.0798857 0.0936160 0.0961157 0.0944496 0.0285497 0.0766106 0.0809115 0.0380660 0.0374197 0.0698582 0.0724965 0.0969098 0.0572083 0.0833747 0.1796329 0.0710727 0.0830648 0.0795310 0.0653031 0.0732533 0.0428399 0.0806191 0.0462234 0.0379115 0.0860097 0.0541560 0.0371372 0.0875314 0.0540281 0.0436888 0.0572590 0.0806476 0.0636030 0.0844687 0.0739074 0.0841576 0.0802891 0.0878183 0.0813167 0.0672930 0.0898670 0.0926803 0.0947093 0.1763968 0.0364058 0.1709958 0.0477782 0.0798558 0.0707390 0.0957276 0.0955414 0.0751952 0.0738135 0.0901986 0.0536401 0.0179884 0.0520251 0.0551052 0.0861995 0.0406702 0.0410918 0.0849747 0.0883380 0.0841418 0.0754266 0.0899813 0.0684306 0.0613153 0.0738387 0.0763215 0.0685724 0.0863101 0.0905440 0.0624515 0.0592656 0.0530564 0.0315369 0.0842332 0.0412378 0.0424580 0.0867039 0.0694330 0.0747858 0.0907736 0.0703287 0.0534132 0.0956121 0.0499114 0.0880761 0.0495342 0.0786650 0.0724567 0.0665231 0.0657459 0.0533911 0.0617487 0.0587990 0.0957713 0.0517160 0.0564100 0.0885725 0.0592997 
S0335         0.4589431 0.3612399 0.4848066 0.0423866 0.0695489 0.0941308 0.2330126 0.1137886 0.0691841 0.1137686 0.1049972 0.0883228 0.1225066 0.0868921 0.0525858 0.0988705 0.1128545 0.0854098 0.1057937 0.1065807 0.0845521 0.1038444 0.0689451 0.0000000 0.0475642 0.1171107 0.0991996 0.0923447 0.0874464 0.0643400 0.1068696 0.0741107 0.0704459 0.1043148 0.0665395 0.1098776 0.0980314 0.0680099 0.1153471 0.1214911 0.1231192 0.0812857 0.0926072 0.0890945 0.0709293 0.0824461 0.0879280 0.0923956 0.1082392 0.0807558 0.1048777 0.2038591 0.0896297 0.1081462 0.1000711 0.0771444 0.0673215 0.0739301 0.0923473 0.0722104 0.0684152 0.0781786 0.0775955 0.0837483 0.1104257 0.0742774 0.0824681 0.0617070 0.1248737 0.0857654 0.0802972 0.0698678 0.0763273 0.0739136 0.1175492 0.0968811 0.0830831 0.1232293 0.0812038 0.0885860 0.2038540 0.0668108 0.1680098 0.0938211 0.0740852 0.0581397 0.1149515 0.1106192 0.0576647 0.0835227 0.1003296 0.0480243 0.0756677 0.0738775 0.0607178 0.1038383 0.0881309 0.0928249 0.1145163 0.1041540 0.1039393 0.0891227 0.1109779 0.0490967 0.0540825 0.0812668 0.0846554 0.0833537 0.0747316 0.0953099 0.0965416 0.0494498 0.0525573 0.0794381 0.0942205 0.0721781 0.0808789 0.0972214 0.0877692 0.0865080 0.1012348 0.0592934 0.0326653 0.1001052 0.1054853 0.1019652 0.0938869 0.0888153 0.0973780 0.0459347 0.0238499 0.0819611 0.0635380 0.0632456 0.1041844 0.0651827 0.0303463 0.1167194 0.0620877 
S0345         0.4294837 0.3453627 0.4344672 0.0522915 0.1081079 0.0855470 0.2120305 0.1069103 0.0607229 0.0683931 0.0981827 0.0810139 0.1234114 0.0900287 0.0570340 0.0944906 0.1051418 0.0791254 0.1101107 0.1130074 0.0807594 0.1053904 0.0598294 0.0475642 0.0000000 0.1209188 0.0901112 0.0788844 0.0810379 0.0694050 0.0962069 0.0706332 0.0619049 0.0964527 0.0395990 0.1147373 0.0998886 0.0629451 0.1045350 0.1243810 0.1155140 0.0747576 0.0850638 0.0797408 0.0751165 0.0828697 0.0836999 0.0866336 0.1066809 0.0758410 0.1067767 0.1957178 0.0896162 0.1086081 0.0932878 0.0725043 0.0561949 0.0680708 0.0879084 0.0617044 0.0615809 0.0767165 0.0657584 0.0794839 0.1168731 0.0746259 0.0869763 0.0561468 0.1269126 0.0874545 0.0712132 0.0605320 0.0681912 0.0723494 0.1134782 0.0822856 0.0789990 0.1041671 0.0787044 0.0854971 0.1878244 0.0596784 0.1767773 0.1010633 0.0597794 0.0540503 0.1278710 0.0986976 0.0611142 0.0793248 0.0863710 0.0514796 0.0686379 0.0699250 0.0655247 0.1074656 0.0897721 0.0840826 0.1054783 0.1074929 0.1046266 0.0808834 0.1129031 0.0081266 0.0509253 0.0793930 0.0744384 0.0807260 0.0734098 0.0905969 0.0951938 0.0609003 0.0491213 0.0685920 0.0763241 0.0659964 0.0874677 0.0820977 0.0878792 0.0767211 0.0844357 0.0532803 0.0270333 0.1046272 0.0973473 0.0840225 0.0959883 0.0858718 0.0954578 0.0098831 0.0455405 0.0897198 0.0578550 0.0574703 0.0997001 0.0633674 0.0313352 0.1048754 0.0523545 
S0355         0.4396836 0.3392882 0.4372722 0.1001544 0.1560757 0.1118943 0.2176258 0.1274666 0.0838997 0.1523504 0.1135338 0.1037654 0.0275347 0.1146619 0.0917443 0.1068929 0.1219369 0.1200243 0.0206537 0.0556477 0.1021257 0.0192540 0.0938616 0.1171107 0.1209188 0.0000000 0.1125840 0.1139795 0.1064204 0.1056709 0.1196597 0.0976588 0.0854393 0.1217581 0.0825300 0.0269430 0.1184687 0.1330447 0.1391297 0.1077582 0.0224725 0.1042534 0.1065332 0.1219361 0.1113359 0.1027802 0.1206940 0.1083356 0.1300122 0.0930976 0.0210166 0.2029249 0.1144293 0.0190095 0.1352424 0.1047710 0.1180121 0.0950152 0.1082822 0.0995107 0.0885710 0.1259058 0.0974193 0.1062813 0.0921870 0.1110777 0.1069177 0.1048759 0.1663541 0.0387053 0.1328562 0.1141981 0.1320027 0.1349881 0.1442571 0.1122316 0.1131815 0.0911429 0.1354042 0.1432525 0.1931186 0.0867508 0.1684044 0.0980908 0.1131185 0.1132658 0.1069482 0.1250031 0.1058484 0.1065066 0.1184272 0.1046759 0.0872937 0.1061420 0.0997220 0.0160819 0.1052724 0.1201322 0.0855739 0.0191415 0.0206782 0.1066703 0.0872304 0.1255406 0.0998710 0.1044244 0.1075118 0.1091418 0.1044252 0.1197406 0.1105370 0.0936324 0.0920592 0.1031590 0.1133489 0.0912221 0.1182842 0.1165858 0.1186031 0.1076185 0.1261517 0.1121471 0.1023491 0.1235328 0.1222347 0.1170519 0.1116442 0.1198027 0.1191582 0.1183608 0.1105347 0.1117867 0.1059581 0.1062530 0.1299016 0.0993469 0.1051148 0.1186682 0.0955169 
S0376         0.4458378 0.3611974 0.4399818 0.0833082 0.2515745 0.0504366 0.1971937 0.0611877 0.0678101 0.1739097 0.0878667 0.0442095 0.1079175 0.0910914 0.0887769 0.0612060 0.0678387 0.0934099 0.0959791 0.1071168 0.0904062 0.1005652 0.0779280 0.0991996 0.0901112 0.1125840 0.0000000 0.0473439 0.0496069 0.0772064 0.0764723 0.0778949 0.0683594 0.0300146 0.0480297 0.1063201 0.0930583 0.1106115 0.0777354 0.1075498 0.1136318 0.0821906 0.0421230 0.0501870 0.0881487 0.0785372 0.1017771 0.0553399 0.0604048 0.0612403 0.0948394 0.1537142 0.0640810 0.0981025 0.1156164 0.0469258 0.0983692 0.0735527 0.0441589 0.0734827 0.0679564 0.1122433 0.0681414 0.0776395 0.1069145 0.0965139 0.0714894 0.0792324 0.1063351 0.0803083 0.1125261 0.1049207 0.1195931 0.1036073 0.0976407 0.0772679 0.0897174 0.1098306 0.1095740 0.1194601 0.1533497 0.0663273 0.1549805 0.0629421 0.1051806 0.0986457 0.1100275 0.0587990 0.0853084 0.0458435 0.0752905 0.0850050 0.0780356 0.0957890 0.0798224 0.0982454 0.0803184 0.0927540 0.1026454 0.1004137 0.0961262 0.0427336 0.1119028 0.0878691 0.0793942 0.0442476 0.0454628 0.0443691 0.1093026 0.0469624 0.0871649 0.0846619 0.0762331 0.0856662 0.0627131 0.0717740 0.0913726 0.0826641 0.1175104 0.0392262 0.0811287 0.0898691 0.0833386 0.0552510 0.1111851 0.0591655 0.0955525 0.0677602 0.0732036 0.0865027 0.0915435 0.0879908 0.0982979 0.0808272 0.0945849 0.0785121 0.0916479 0.0302240 0.0746079 
S0400         0.4276982 0.3696063 0.4586938 0.0804863 0.1446567 0.0265638 0.2041920 0.0536182 0.0664648 0.0950574 0.0855229 0.0094951 0.1024654 0.0875874 0.0756038 0.0254465 0.0701761 0.0956498 0.1075446 0.1034682 0.0886918 0.1077130 0.0804420 0.0923447 0.0788844 0.1139795 0.0473439 0.0000000 0.0168555 0.0812413 0.0705942 0.0781980 0.0755864 0.0487975 0.0536619 0.1135511 0.0949823 0.1036561 0.0835827 0.1272034 0.1118473 0.0824327 0.0281157 0.0085439 0.0905165 0.0739270 0.1032554 0.0579432 0.0281636 0.0719686 0.1019120 0.1775500 0.0552906 0.1051886 0.1077620 0.0171031 0.0967873 0.0791252 0.0166668 0.0790531 0.0735058 0.1062613 0.0759847 0.0786433 0.1170637 0.0906017 0.0636165 0.0768894 0.1192499 0.0886873 0.1125990 0.0861542 0.1023190 0.1000092 0.0930470 0.0857192 0.0961942 0.1180281 0.1013904 0.1116474 0.1720447 0.0718831 0.1611854 0.0882000 0.1018624 0.0978118 0.1275907 0.0503628 0.0810715 0.0095314 0.0569230 0.0826432 0.0765768 0.0881422 0.0811436 0.1073704 0.0795768 0.0972473 0.1069474 0.1075562 0.1054829 0.0109758 0.1194383 0.0938362 0.0755237 0.0095532 0.0150597 0.0384327 0.0913578 0.0421469 0.0846142 0.0816211 0.0715666 0.0875737 0.0488293 0.0773462 0.0930526 0.0929316 0.1067701 0.0136639 0.0913900 0.0782339 0.0776414 0.0219003 0.1150134 0.0405005 0.0850008 0.0484050 0.0663962 0.0924160 0.0871867 0.0942183 0.0809438 0.0766097 0.1011458 0.0773479 0.0794836 0.0522479 0.0670248 
