103
HYZL          0.0000000 0.0613888 0.3164706 0.3944877 0.3237866 0.2387750 0.3018672 0.2869099 0.3167973 0.3070768 0.2886795 0.3485499 0.3723589 0.3350757 0.3149939 0.3272947 0.2832770 0.3133874 0.2682658 0.3054619 0.2960985 0.2957684 0.3466159 0.2439094 0.3160611 0.3114702 0.3597037 0.3236468 0.3443638 0.3217307 0.3195136 0.2957972 0.3046787 0.3129701 0.3072623 0.3094000 0.3028641 0.3862595 0.2627540 0.3414067 0.2702558 0.3065406 0.3775360 0.3273293 0.2864307 0.3250622 0.3202627 0.3369732 0.2986048 0.2905910 0.3440559 0.2887568 0.2949030 0.3062240 0.3089942 0.2883452 0.3219675 0.3794520 0.3124358 0.3057464 0.3907711 0.3852503 0.3020435 0.3365257 0.3226853 0.3369643 0.2589103 0.3321858 0.3382943 0.4244102 0.2967743 0.3444402 0.2813816 0.2986120 0.3398196 0.3656027 0.3186778 0.2758894 0.3126633 0.3234031 0.3018171 0.2676484 0.3226435 0.3270597 0.3036766 0.4140095 0.3237811 0.3152975 0.3123803 0.3265166 0.3343634 0.2809424 0.3278072 0.3595340 0.2895956 0.3266652 0.3249402 0.3444548 0.2942075 0.2668731 0.2895765 0.2992292 0.3316981 
MYZV          0.0613888 0.0000000 0.3593497 0.4803446 0.3605733 0.2766002 0.3416979 0.3185536 0.3663816 0.3366056 0.3316991 0.3930602 0.4342205 0.3469104 0.3254807 0.3399784 0.3098490 0.3558186 0.2923800 0.3536385 0.3432737 0.3333213 0.3766900 0.2795594 0.3283377 0.3034948 0.3675180 0.3512350 0.3502586 0.3722212 0.3539763 0.3365202 0.3230316 0.3401511 0.3493428 0.3323734 0.3440909 0.4006584 0.3206379 0.3544252 0.3085773 0.3549660 0.3827124 0.3627144 0.3396988 0.3601371 0.3552168 0.3645494 0.3388863 0.3165597 0.3443063 0.3079278 0.3355020 0.3469334 0.3426606 0.2989749 0.4174827 0.4060561 0.3669916 0.3325376 0.4024175 0.3966337 0.3500264 0.3889204 0.3351973 0.3731210 0.2942960 0.3441509 0.3827245 0.4260342 0.3250454 0.3890233 0.3254389 0.3462423 0.3698439 0.3980560 0.3311614 0.2938657 0.3332573 0.3358729 0.3277859 0.3044334 0.3439642 0.3320190 0.3515174 0.4130693 0.3732665 0.3557251 0.3459031 0.3763921 0.3774998 0.3131547 0.3477286 0.4001404 0.3315432 0.3350970 0.3633668 0.3810600 0.3049126 0.3172946 0.3154646 0.3400699 0.3826201 
SRR6441723    0.3164706 0.3593497 0.0000000 0.1216138 0.0936433 0.2173468 0.0893103 0.1010878 0.0987849 0.0910305 0.0753455 0.1451821 0.1651438 0.1214445 0.1109850 0.1182827 0.0695352 0.0569535 0.1492766 0.0932628 0.0927508 0.0839094 0.0696249 0.0706951 0.1126152 0.0757646 0.1268633 0.1246480 0.1150062 0.1139133 0.1046714 0.0835942 0.0980184 0.0926584 0.0752108 0.1244022 0.0487667 0.1542192 0.0957927 0.1227737 0.0573431 0.0934813 0.1212305 0.0648384 0.1018762 0.0692101 0.0654593 0.0937445 0.0655244 0.0887961 0.1399519 0.0895535 0.0751370 0.1135302 0.0673715 0.0935654 0.0514882 0.1912951 0.0651801 0.1022619 0.1640291 0.1927876 0.0800150 0.0988526 0.1304364 0.0741126 0.1052258 0.1239227 0.0411518 0.1613205 0.1026777 0.0616545 0.1222110 0.0888490 0.1359660 0.1068504 0.0885248 0.0738100 0.0867764 0.1173579 0.0712598 0.0787084 0.1153543 0.1183646 0.0972610 0.1594385 0.0650946 0.0984726 0.0977118 0.0975079 0.0793804 0.0664288 0.1386647 0.0879793 0.0543737 0.0756026 0.1258746 0.0734632 0.1174438 0.0590810 0.0933577 0.0900133 0.1280758 
ERR4210213    0.3944877 0.4803446 0.1216138 0.0000000 0.2140831 0.3254528 0.2082571 0.1616266 0.1638474 0.2023718 0.1214451 0.2094730 0.2205685 0.1098228 0.0000010 0.1335724 0.1165657 0.0829942 0.1861912 0.1476616 0.1747626 0.1326234 0.1939559 0.1808262 0.1213990 0.1482007 0.2552631 0.1784292 0.1231324 0.1954500 0.1641948 0.1861301 0.1456461 0.1326969 0.1783856 4.9692257 0.1344299 0.1210094 0.2111492 0.1359337 0.1494385 0.1476616 0.1463939 0.1604538 0.1589256 0.1604538 0.1604538 0.1337982 0.1642334 0.1610586 0.1922298 0.1603555 0.1340309 0.1450205 0.1448867 0.1467824 0.0838245 0.1931524 0.1611568 0.2198481 0.1852496 0.2032943 0.1190528 0.1780815 0.2380843 0.1765182 0.2546002 0.1747499 0.1369125 0.2123410 0.2066785 0.1342465 0.2580956 0.1476616 0.2522493 0.1626779 0.1777801 0.1356769 0.1326234 0.1339996 0.1489865 0.1455305 0.1747692 0.1226377 0.1609368 0.1820660 0.1330240 0.1779503 0.1476616 0.2050355 0.1328833 0.1786325 0.1373619 0.1078405 0.1122548 0.1526382 0.1896939 0.1604538 2.3759992 0.1328026 0.1326234 0.1474939 0.1778857 
ERR2789774    0.3237866 0.3605733 0.0936433 0.2140831 0.0000000 0.2182053 0.0796292 0.1052814 0.0799604 0.0921868 0.0815695 0.1237157 0.1278580 0.1170856 0.0787758 0.1141587 0.0743068 0.1171831 0.1331160 0.0748642 0.0841323 0.0842769 0.0839044 0.0568524 0.1085422 0.0807775 0.1034924 0.1200357 0.1100666 0.0754121 0.0853737 0.0835203 0.0896422 0.0887159 0.0299945 0.0764996 0.0705602 0.1448974 0.0949918 0.1232460 0.0706725 0.0750314 0.1318927 0.0787559 0.0884734 0.0833885 0.0837460 0.1023644 0.0932720 0.0716463 0.1666947 0.0725935 0.0709215 0.1390486 0.0806159 0.1044682 0.0788848 0.1819439 0.0890605 0.1167645 0.1543532 0.1826636 0.0940936 0.1032585 0.1152184 0.0930556 0.1054081 0.1298681 0.0944024 0.1518130 0.0745376 0.0997617 0.1108762 0.0706445 0.1087933 0.1033031 0.0937127 0.0654246 0.0691259 0.1132663 0.0679483 0.0838020 0.1152496 0.1142367 0.0885712 0.1581855 0.0883490 0.0797197 0.0705816 0.0832450 0.1240122 0.0570666 0.1246044 0.1287865 0.0779438 0.0806697 0.1043524 0.0878610 0.0867244 0.0692012 0.0805349 0.0767118 0.0977009 
PAFTOL_019361 0.2387750 0.2766002 0.2173468 0.3254528 0.2182053 0.0000000 0.2180728 0.2243422 0.2129031 0.2124761 0.1918483 0.2396992 0.2717357 0.2223032 0.2159077 0.2240203 0.2132785 0.2049456 0.2243764 0.2045029 0.1975214 0.2109935 0.2014822 0.1867930 0.2099077 0.2179665 0.2623571 0.2300537 0.2405631 0.2278600 0.2148820 0.2033331 0.2303745 0.2196281 0.1939988 0.2120018 0.2076754 0.2779688 0.1848700 0.2351141 0.1819654 0.2051143 0.2783259 0.2104786 0.2062681 0.2086141 0.2042355 0.2249176 0.2123944 0.2062444 0.2480763 0.2038592 0.2044932 0.2656248 0.2141517 0.2318659 0.2668323 0.3061060 0.2016526 0.1801713 0.2577065 0.2887905 0.2083603 0.2300103 0.2079683 0.2229550 0.1669446 0.2510606 0.2235022 0.2676534 0.1994119 0.2281777 0.1875064 0.1988441 0.2582521 0.2360093 0.2236464 0.1912715 0.2225519 0.2158331 0.1948807 0.1894424 0.2073846 0.2179736 0.2039527 0.2721547 0.2209363 0.2120426 0.2102122 0.2034981 0.2356036 0.1769868 0.2371852 0.2348646 0.1826776 0.2202983 0.2517271 0.2147299 0.1855323 0.1717923 0.2008944 0.2103935 0.2648388 
S0055         0.3018672 0.3416979 0.0893103 0.2082571 0.0796292 0.2180728 0.0000000 0.0966889 0.0704671 0.1153376 0.1092386 0.1126306 0.1214600 0.1314130 0.1022895 0.1286537 0.0832500 0.1223002 0.1164115 0.0656102 0.0745354 0.0975552 0.1065275 0.0441530 0.1324550 0.0977538 0.1024902 0.1398941 0.1307388 0.0841753 0.0712868 0.0926312 0.1077430 0.0931042 0.0623483 0.0764070 0.0836257 0.1656265 0.0997230 0.1379580 0.0837629 0.0657523 0.1430440 0.0920174 0.0787509 0.1058565 0.1063268 0.1223859 0.1026485 0.0936009 0.1706258 0.0945194 0.0929033 0.1636140 0.0994833 0.1174152 0.0955633 0.1874166 0.1028701 0.1326597 0.1758675 0.2121433 0.0948616 0.1194779 0.1295515 0.1162100 0.1147517 0.1450991 0.1041678 0.1729222 0.0700885 0.1189842 0.1213767 0.0615123 0.1118567 0.1122487 0.1023521 0.0739103 0.0872522 0.1374099 0.0941652 0.0972254 0.1302487 0.1386217 0.0703370 0.1747458 0.0922575 0.0653658 0.0697396 0.0531518 0.1231028 0.0618806 0.1624714 0.1423771 0.1010203 0.0938941 0.0986513 0.1105699 0.1091090 0.0871740 0.0938645 0.0674109 0.0834738 
S0281         0.2869099 0.3185536 0.1010878 0.1616266 0.1052814 0.2243422 0.0966889 0.0000000 0.0927237 0.0851396 0.0891166 0.1376604 0.1601853 0.1280990 0.1153568 0.1201252 0.0817044 0.1153566 0.1245835 0.0874047 0.0969475 0.0870530 0.0826255 0.0610436 0.1098475 0.1068596 0.1245345 0.1263895 0.1170059 0.1074392 0.0938236 0.0780411 0.1009623 0.1090959 0.0871814 0.1207710 0.0612317 0.1553633 0.1128604 0.1245276 0.0873809 0.0789449 0.1322338 0.0692237 0.0827704 0.0821254 0.0824718 0.1119933 0.0697124 0.0966290 0.1463543 0.1015780 0.0692882 0.1256910 0.0802294 0.1142205 0.0645266 0.2351817 0.0789748 0.1349358 0.1444204 0.1718438 0.0886411 0.1172616 0.1377106 0.0872238 0.1177942 0.1373738 0.1068325 0.1470432 0.1103253 0.1261556 0.1248636 0.0831050 0.1333749 0.1016629 0.0996790 0.0814574 0.0899119 0.1144564 0.1013646 0.0773905 0.1126320 0.1154128 0.0925406 0.1600512 0.0999533 0.0924385 0.0917377 0.0870471 0.1124625 0.0785587 0.1533074 0.1266169 0.0950111 0.0877832 0.1189419 0.0865202 0.1215659 0.0680345 0.1008848 0.0754926 0.1260429 
S0282         0.3167973 0.3663816 0.0987849 0.1638474 0.0799604 0.2129031 0.0704671 0.0927237 0.0000000 0.1062460 0.0910808 0.0499209 0.0790427 0.1024160 0.1111326 0.1050355 0.0882240 0.1227301 0.1016614 0.0107172 0.0181389 0.0880563 0.0888445 0.0440698 0.1088476 0.0846746 0.1122288 0.1256691 0.0949108 0.0493705 0.0183833 0.0841756 0.0989657 0.0934895 0.0626087 0.0116705 0.0667171 0.1291676 0.0907350 0.1140255 0.0628108 0.0182653 0.1324382 0.0835696 0.0218445 0.0882925 0.0886761 0.1085695 0.0761205 0.0849996 0.1553917 0.0814101 0.0670577 0.1305552 0.0861537 0.1033606 0.0507974 0.1563453 0.0940673 0.1088196 0.1601052 0.1837867 0.0813696 0.1150501 0.1250004 0.0981584 0.1045498 0.1206205 0.0995921 0.1574507 0.0614565 0.1004716 0.1158583 0.0071179 0.0577322 0.0949406 0.1028343 0.0654160 0.0739886 0.1135890 0.0766699 0.0877869 0.1060474 0.1145656 0.0218663 0.1590956 0.1017143 0.0144434 0.0143421 0.0615529 0.1297538 0.0443319 0.1193854 0.1330516 0.0779361 0.0898212 0.0457003 0.0928403 0.1338286 0.0695678 0.0852351 0.0147229 0.0451500 
S0289         0.3070768 0.3366056 0.0910305 0.2023718 0.0921868 0.2124761 0.1153376 0.0851396 0.1062460 0.0000000 0.0777395 0.1436839 0.1518026 0.0935947 0.0309987 0.0821740 0.0400210 0.1203858 0.1371839 0.1004353 0.1012007 0.0470395 0.0678744 0.0724097 0.0814155 0.0879106 0.1014285 0.0962363 0.0820145 0.1220612 0.1124503 0.0384527 0.0772492 0.0812947 0.0773066 0.1016266 0.0676883 0.1204380 0.0746201 0.0909989 0.0861322 0.0960842 0.1262491 0.0629584 0.1046196 0.0674568 0.0677437 0.1168944 0.0814110 0.0684065 0.1417183 0.0600788 0.0595657 0.1235351 0.0881148 0.1112681 0.1151346 0.2418944 0.0908742 0.1011026 0.1329632 0.1493761 0.1061804 0.1273679 0.1095081 0.0768203 0.0746950 0.1287481 0.0905810 0.1308175 0.0961317 0.1010471 0.0866283 0.0958531 0.1451945 0.1014247 0.0385839 0.0489428 0.0705339 0.0814472 0.0553266 0.0278456 0.0830615 0.0866164 0.1155717 0.1504312 0.0997698 0.1058967 0.1050550 0.1142687 0.1009641 0.0772415 0.1217506 0.1151254 0.0747872 0.0427077 0.1294576 0.0718394 0.0289561 0.0707177 0.0730544 0.0967734 0.1368009 
S0292         0.2886795 0.3316991 0.0753455 0.1214451 0.0815695 0.1918483 0.1092386 0.0891166 0.0910808 0.0777395 0.0000000 0.1270523 0.1499511 0.1137435 0.0884553 0.1060210 0.0653041 0.0755845 0.1325313 0.0856444 0.0851710 0.0760137 0.0544552 0.0578456 0.1052040 0.0857591 0.1143568 0.1265213 0.1021535 0.1004831 0.0968708 0.0622932 0.0900147 0.0891092 0.0680292 0.1117383 0.0539639 0.1415305 0.0960111 0.1057723 0.0714054 0.0769712 0.1172888 0.0498556 0.0897922 0.0541288 0.0543513 0.0810493 0.0671554 0.0808264 0.1463796 0.0770710 0.0588548 0.1051867 0.0683673 0.0990546 0.0650671 0.1895974 0.0625177 0.1076077 0.1559305 0.1655271 0.0759287 0.0948859 0.1170482 0.0585333 0.1008215 0.1155054 0.0759460 0.1533386 0.0900114 0.0539470 0.1129809 0.0812373 0.1119909 0.0761035 0.0850080 0.0612947 0.0741164 0.1099486 0.0772536 0.0795345 0.1172058 0.1108979 0.0896685 0.1609566 0.0714687 0.0907937 0.0811633 0.0981120 0.0630092 0.0672675 0.1234602 0.0580288 0.0111734 0.0674842 0.1130417 0.0583232 0.0961108 0.0430165 0.0765537 0.0778795 0.1148158 
S0293         0.3485499 0.3930602 0.1451821 0.2094730 0.1237157 0.2396992 0.1126306 0.1376604 0.0499209 0.1436839 0.1270523 0.0000000 0.1082163 0.1456499 0.1456866 0.1368925 0.1348898 0.1597956 0.1189159 0.0454394 0.0498952 0.1277141 0.1336474 0.0908528 0.1567121 0.1243973 0.1481209 0.1764998 0.1259207 0.0888593 0.0546436 0.1236262 0.1393974 0.1389015 0.0991245 0.0115263 0.1087373 0.1871818 0.1259388 0.1627086 0.1045842 0.0542779 0.1552275 0.1273308 0.0579391 0.1327644 0.1333908 0.1563240 0.1197058 0.1198732 0.1959250 0.1162868 0.1093547 0.1756448 0.1250072 0.1559323 0.0797288 0.1905017 0.1298406 0.1504004 0.2021421 0.2356420 0.1260102 0.1642558 0.1470062 0.1442030 0.1422705 0.1590180 0.1464181 0.1986417 0.1021867 0.1478128 0.1538311 0.0414930 0.1040954 0.1411903 0.1446143 0.1043032 0.1026548 0.1570138 0.1206369 0.1353543 0.1533020 0.1573587 0.0580006 0.1936732 0.1477470 0.0497816 0.0494160 0.1023557 0.1807731 0.0860692 0.1532514 0.1609584 0.1286150 0.1351967 0.0950666 0.1280551 0.1581695 0.1137027 0.1300494 0.0466666 0.0887019 
S0294         0.3723589 0.4342205 0.1651438 0.2205685 0.1278580 0.2717357 0.1214600 0.1601853 0.0790427 0.1518026 0.1499511 0.1082163 0.0000000 0.1382711 0.1424126 0.1663073 0.1358048 0.1819383 0.1458807 0.0740224 0.0745517 0.1466534 0.1583604 0.0994969 0.1596619 0.1434283 0.1592922 0.1842358 0.1465760 0.1112184 0.0843716 0.1308347 0.1759306 0.1484262 0.1083720 0.0489028 0.1421830 0.1952526 0.1518987 0.1656171 0.1280360 0.0794277 0.1957230 0.1515448 0.0874424 0.1572979 0.1580591 0.1823306 0.1439628 0.1543497 0.2144087 0.1356952 0.1330417 0.1972493 0.1457140 0.1686632 0.1277283 0.1214333 0.1756540 0.1778515 0.2058162 0.2514503 0.1561137 0.1909448 0.1837569 0.1694471 0.1626748 0.1809455 0.1665516 0.2053714 0.1064577 0.1552716 0.1751176 0.0698572 0.1223295 0.1234757 0.1590607 0.1237154 0.1282026 0.1754871 0.1451085 0.1501606 0.1739696 0.1664352 0.0875379 0.2138238 0.1619732 0.0788079 0.0782192 0.1060791 0.1772183 0.0953649 0.2050947 0.1857823 0.1303022 0.1477698 0.1125918 0.1626422 0.1548038 0.1437240 0.1395317 0.0804615 0.0929639 
S0303         0.3350757 0.3469104 0.1214445 0.1098228 0.1170856 0.2223032 0.1314130 0.1280990 0.1024160 0.0935947 0.1137435 0.1456499 0.1382711 0.0000000 0.1329043 0.0223064 0.0798279 0.1370898 0.0983008 0.0966411 0.1069042 0.0910387 0.1101196 0.0909202 0.0221322 0.1073474 0.1308357 0.0590308 0.0038301 0.1282781 0.1032008 0.1101633 0.1018233 0.0918564 0.1106988 0.0897966 0.1003893 0.0300496 0.1183054 0.0184726 0.0968325 0.0968759 0.1270126 0.0996703 0.1012088 0.1094034 0.1099062 0.1210942 0.1007633 0.0924898 0.1005479 0.0882146 0.0775430 0.0435574 0.1078026 0.1016462 0.0661509 0.1940319 0.1216132 0.1313902 0.0780244 0.0914230 0.1023844 0.1235541 0.1383926 0.1201747 0.1244124 0.1220373 0.1054252 0.0771871 0.1162063 0.1174740 0.1412920 0.0920563 0.1573327 0.1266411 0.0961001 0.0758960 0.0759995 0.0336285 0.0882816 0.0767432 0.0465695 0.0301259 0.1021821 0.0972446 0.1296643 0.1020793 0.1012635 0.1251083 0.1215608 0.0972416 0.1492203 0.1266860 0.1152038 0.0874413 0.1464957 0.1142931 0.1061969 0.0904089 0.0925746 0.0927399 0.1329169 
S0320         0.3149939 0.3254807 0.1109850 0.0000010 0.0787758 0.2159077 0.1022895 0.1153568 0.1111326 0.0309987 0.0884553 0.1456866 0.1424126 0.1329043 0.0000000 0.1043541 0.0436673 0.1531236 0.1624229 0.1103663 0.1117928 0.0729638 0.0710344 0.0406783 0.1027395 0.0891909 0.0799229 0.1285554 0.1047928 0.1199501 0.1213761 0.0438056 0.1101279 0.1024822 0.0720121 0.1073663 0.0785950 0.1731087 0.0936521 0.1105031 0.0935005 0.1108138 0.1595607 0.0781150 0.1182517 0.0781150 0.0786645 0.1385356 0.0863387 0.0788295 0.1726113 0.0816187 0.0794186 0.0879729 0.0743934 0.1053926 0.0000010 0.3891404 0.1104505 0.0866442 0.1752332 0.2087207 0.0875650 0.1107127 0.1076683 0.0859361 0.0659434 0.1232960 0.1191266 0.1832196 0.0947507 0.0960566 0.0865666 0.1027626 0.1290635 0.1108722 0.0649185 0.0545590 0.0927867 0.1028060 0.0577058 0.0458909 0.0908342 0.1113337 0.1279181 0.1862912 0.1024408 0.1027626 0.1180729 0.1016509 0.1035714 0.0613984 0.1528391 0.1625815 0.0891378 0.0436303 0.1204197 0.0933005 0.0366120 0.0845538 0.1031839 0.1048928 0.1370152 
S0322         0.3272947 0.3399784 0.1182827 0.1335724 0.1141587 0.2240203 0.1286537 0.1201252 0.1050355 0.0821740 0.1060210 0.1368925 0.1663073 0.0223064 0.1043541 0.0000000 0.0733979 0.1334506 0.1094472 0.0993113 0.1094565 0.0843738 0.1027324 0.0806480 0.0143077 0.1006127 0.1333034 0.0455037 0.0112836 0.1255616 0.1058261 0.1027800 0.1141580 0.0850772 0.0992171 0.1085454 0.0933822 0.0372860 0.1105992 0.0180675 0.0991662 0.0995498 0.1395612 0.0927273 0.0989957 0.1020837 0.1025375 0.1236331 0.0982954 0.0901578 0.0941649 0.0814443 0.0756460 0.0416928 0.1012124 0.1047470 0.0805390 0.2289477 0.1090427 0.1328740 0.0765834 0.0898572 0.1090856 0.1202870 0.1411876 0.1123877 0.1164139 0.1205181 0.1027576 0.0798234 0.1134940 0.1251575 0.1328404 0.0947868 0.1538439 0.1236860 0.0892249 0.0656346 0.0827604 0.0106853 0.0906225 0.0658772 0.0298884 0.0218959 0.1095412 0.0962211 0.1316093 0.1046948 0.1038720 0.1225232 0.1136550 0.0903827 0.1477432 0.1391320 0.1029777 0.0808397 0.1432806 0.1067867 0.0811905 0.0880427 0.0857213 0.0862737 0.1251722 
S0327         0.2832770 0.3098490 0.0695352 0.1165657 0.0743068 0.2132785 0.0832500 0.0817044 0.0882240 0.0400210 0.0653041 0.1348898 0.1358048 0.0798279 0.0436673 0.0733979 0.0000000 0.1020783 0.1163657 0.0827510 0.0926198 0.0389446 0.0688856 0.0499910 0.0684708 0.0794129 0.0974239 0.0875116 0.0681994 0.0986561 0.0888970 0.0426659 0.0739588 0.0689106 0.0562269 0.1069061 0.0556461 0.1061665 0.0747812 0.0776449 0.0690044 0.0829459 0.1104372 0.0596425 0.0914890 0.0638855 0.0641582 0.1031331 0.0781605 0.0562257 0.1174022 0.0520667 0.0559302 0.0800777 0.0750528 0.0933954 0.0762168 0.1950256 0.0784012 0.0877255 0.1128336 0.1388546 0.0882441 0.1086115 0.1002938 0.0685157 0.0758226 0.1302591 0.0830490 0.1221568 0.0922157 0.0832440 0.0921435 0.0782913 0.1255078 0.0875014 0.0433761 0.0364101 0.0535603 0.0728452 0.0518913 0.0322521 0.0744961 0.0782646 0.0926909 0.1252494 0.0866995 0.0879426 0.0872468 0.0962308 0.0783268 0.0599363 0.1179405 0.1068684 0.0618749 0.0308866 0.1141987 0.0729069 0.0402566 0.0533814 0.0604829 0.0744446 0.1177256 
S0335         0.3133874 0.3558186 0.0569535 0.0829942 0.1171831 0.2049456 0.1223002 0.1153566 0.1227301 0.1203858 0.0755845 0.1597956 0.1819383 0.1370898 0.1531236 0.1334506 0.1020783 0.0000000 0.1644732 0.1166946 0.1160395 0.1114453 0.1011090 0.0847747 0.1274850 0.0884817 0.1523467 0.1402057 0.1308409 0.1241513 0.1242396 0.1049563 0.1314077 0.1066689 0.0927340 0.1499856 0.0783627 0.1707499 0.1250032 0.1380550 0.0879224 0.1169817 0.1244067 0.0869167 0.1162122 0.1004806 0.0966082 0.0935737 0.0967369 0.1027605 0.1541047 0.1082474 0.0929939 0.1281753 0.0663301 0.1066793 0.0641149 0.2135342 0.0873967 0.1311623 0.1758600 0.2060119 0.0892500 0.0983922 0.1510045 0.1015123 0.1351019 0.1268275 0.0663334 0.1729167 0.1266874 0.0792316 0.1526854 0.1120665 0.1517902 0.1167150 0.1211561 0.0970031 0.1010453 0.1323871 0.0935389 0.1022154 0.1357377 0.1335467 0.1114394 0.1743081 0.0730298 0.1223222 0.1213600 0.1259715 0.1017944 0.0903170 0.1714459 0.1016638 0.0631545 0.1077899 0.1416364 0.1050996 0.1494016 0.0718094 0.1018168 0.1088045 0.1537830 
S0376         0.2682658 0.2923800 0.1492766 0.1861912 0.1331160 0.2243764 0.1164115 0.1245835 0.1016614 0.1371839 0.1325313 0.1189159 0.1458807 0.0983008 0.1624229 0.1094472 0.1163657 0.1644732 0.0000000 0.0937310 0.0937043 0.1017481 0.1507945 0.0701983 0.1025067 0.1243560 0.1315158 0.1255616 0.1103011 0.1171884 0.1017774 0.1161627 0.1235966 0.1150941 0.1032950 0.1371404 0.1097816 0.1023104 0.1145559 0.1175976 0.1093870 0.0943971 0.1662833 0.1327257 0.1088371 0.1404574 0.1327257 0.1229159 0.1179840 0.1181180 0.1510211 0.1166191 0.1102758 0.1163920 0.1428104 0.1451655 0.1110511 0.1402961 0.1417665 0.1915248 0.1308833 0.1668925 0.1241506 0.1504386 0.1703129 0.1415122 0.1438654 0.1492643 0.1428716 0.1442814 0.1161000 0.1576625 0.1478301 0.0937310 0.1423557 0.1421830 0.1257245 0.0907289 0.1086649 0.1096565 0.1255337 0.1233032 0.1257995 0.1031104 0.1077518 0.1449750 0.1621885 0.1088371 0.1005930 0.1379813 0.1750883 0.1254948 0.1246134 0.1388851 0.1135590 0.1269638 0.1355605 0.1404574 0.1339070 0.1253059 0.1151629 0.0959559 0.1007524 
S0400         0.3054619 0.3536385 0.0932628 0.1476616 0.0748642 0.2045029 0.0656102 0.0874047 0.0107172 0.1004353 0.0856444 0.0454394 0.0740224 0.0966411 0.1103663 0.0993113 0.0827510 0.1166946 0.0937310 0.0000000 0.0143205 0.0828394 0.0835696 0.0439018 0.1030872 0.0794716 0.1064538 0.1194514 0.0845843 0.0449468 0.0145115 0.0790092 0.0934346 0.0881138 0.0578655 0.0057124 0.0619020 0.1336833 0.0900683 0.1081362 0.0580500 0.0144189 0.1252814 0.0784461 0.0179639 0.0830577 0.0834124 0.1028246 0.0710701 0.0797690 0.1385181 0.0762030 0.0622119 0.1214858 0.0808373 0.1025934 0.0507974 0.1476924 0.0886505 0.1079989 0.1529915 0.1760770 0.0761659 0.1090939 0.1240532 0.0926799 0.1046441 0.1196790 0.0940159 0.1504929 0.0568158 0.0948325 0.1159602 0.0035129 0.0577830 0.0894620 0.0972561 0.0604228 0.0688414 0.1077302 0.0715750 0.0874267 0.1052389 0.1086409 0.0179815 0.1417334 0.0962117 0.0106909 0.0106168 0.0569038 0.1234848 0.0397145 0.1131330 0.1267797 0.0776245 0.0844764 0.0497346 0.0875107 0.1240952 0.0645077 0.0799866 0.0036018 0.0448571 
S0405         0.2960985 0.3432737 0.0927508 0.1747626 0.0841323 0.1975214 0.0745354 0.0969475 0.0181389 0.1012007 0.0851710 0.0498952 0.0745517 0.1069042 0.1117928 0.1094565 0.0926198 0.1160395 0.0937043 0.0143205 0.0000000 0.0834379 0.0930723 0.0527730 0.1132580 0.0704837 0.1121208 0.1302585 0.0994367 0.0532794 0.0221085 0.0795814 0.0985018 0.0977515 0.0666621 0.0057751 0.0615757 0.1448640 0.0907420 0.1184833 0.0577438 0.0219660 0.1298663 0.0877270 0.0255396 0.0924931 0.0928964 0.1022534 0.0706886 0.0892306 0.1546096 0.0856591 0.0711521 0.1370714 0.0803949 0.1020247 0.0644920 0.1534857 0.0881666 0.1073935 0.1649974 0.1888525 0.0757521 0.1084775 0.1346088 0.1024554 0.1000235 0.1094126 0.0934959 0.1622600 0.0654314 0.0943035 0.1168301 0.0107013 0.0665671 0.0992704 0.0979747 0.0696558 0.0782675 0.1180276 0.0808749 0.0880926 0.1156620 0.1190445 0.0178927 0.1639559 0.1059946 0.0180932 0.0179662 0.0655341 0.1227782 0.0484710 0.1177299 0.1260602 0.0771940 0.0940959 0.0583282 0.0970718 0.1256077 0.0641536 0.0894799 0.0184440 0.0531752 
S0417         0.2957684 0.3333213 0.0839094 0.1326234 0.0842769 0.2109935 0.0975552 0.0870530 0.0880563 0.0470395 0.0760137 0.1277141 0.1466534 0.0910387 0.0729638 0.0843738 0.0389446 0.1114453 0.1017481 0.0828394 0.0834379 0.0000000 0.0703150 0.0700224 0.0793844 0.0760715 0.0979858 0.1034764 0.0749270 0.0979853 0.0790109 0.0454988 0.0752505 0.0661258 0.0664278 0.1137999 0.0615958 0.1171080 0.0676836 0.0885818 0.0792378 0.0882588 0.1044397 0.0613703 0.0911707 0.0698919 0.0701830 0.1079506 0.0835842 0.0581031 0.1328281 0.0542499 0.0536978 0.0966419 0.0806484 0.1030924 0.0507974 0.2071893 0.0838328 0.1028787 0.1351406 0.1617613 0.0934469 0.1132894 0.1199798 0.0790935 0.0726336 0.1244186 0.0883599 0.1329952 0.0840072 0.0988152 0.0882976 0.0785855 0.1234690 0.1023284 0.0498129 0.0349354 0.0555302 0.0837471 0.0542652 0.0350794 0.0856203 0.0844261 0.0923121 0.1357855 0.0963504 0.0877886 0.0871263 0.1011516 0.0937964 0.0658961 0.1079664 0.1120246 0.0775407 0.0379046 0.1137866 0.0741923 0.0540220 0.0595952 0.0582542 0.0749181 0.1161154 
S0419         0.3466159 0.3766900 0.0696249 0.1939559 0.0839044 0.2014822 0.1065275 0.0826255 0.0888445 0.0678744 0.0544552 0.1336474 0.1583604 0.1101196 0.0710344 0.1027324 0.0688856 0.1011090 0.1507945 0.0835696 0.0930723 0.0703150 0.0000000 0.0702780 0.0974048 0.0891967 0.1068542 0.1133238 0.0988333 0.1034403 0.0944570 0.0742560 0.1018161 0.0873512 0.0660704 0.0836750 0.0489099 0.1370229 0.0946001 0.1070736 0.0657786 0.0751145 0.1274006 0.0106882 0.0919790 0.0143594 0.0144128 0.0985787 0.0616551 0.0792313 0.1275523 0.0755423 0.0577069 0.1300758 0.0761713 0.1075518 0.1293364 0.2290517 0.0653693 0.1169983 0.1460006 0.1626543 0.0932918 0.1130948 0.1248884 0.0219077 0.1054440 0.1292068 0.0657843 0.1326249 0.0838701 0.0843705 0.1120988 0.0792751 0.1246499 0.0791970 0.0833296 0.0600639 0.0726234 0.1019512 0.0710697 0.0690876 0.1044070 0.1028000 0.0975974 0.1404808 0.0909901 0.0885718 0.0878978 0.1055842 0.0936395 0.0616880 0.1386200 0.1026834 0.0552736 0.0580916 0.1148635 0.0180462 0.0792910 0.0550908 0.0792950 0.0759806 0.1171972 
S0427         0.2439094 0.2795594 0.0706951 0.1808262 0.0568524 0.1867930 0.0441530 0.0610436 0.0440698 0.0724097 0.0578456 0.0908528 0.0994969 0.0909202 0.0406783 0.0806480 0.0499910 0.0847747 0.0701983 0.0439018 0.0527730 0.0700224 0.0702780 0.0000000 0.0800270 0.0760332 0.0792661 0.0961113 0.0798747 0.0713038 0.0533163 0.0522168 0.0751794 0.0700190 0.0440509 0.0333821 0.0439597 0.1100944 0.0766752 0.0896036 0.0481353 0.0439969 0.1295916 0.0607794 0.0570539 0.0698307 0.0701384 0.0897714 0.0530230 0.0703983 0.1312884 0.0708325 0.0526933 0.1195410 0.0717092 0.0848567 0.1093256 0.1669302 0.0663567 0.1048062 0.1235779 0.1569345 0.0622923 0.0908635 0.1071789 0.0795730 0.0958841 0.0956822 0.0710628 0.1221154 0.0477281 0.0804884 0.1077591 0.0397501 0.0807009 0.0806744 0.0791880 0.0543232 0.0628651 0.0846587 0.0666541 0.0634572 0.0915859 0.0853874 0.0527730 0.1344779 0.0653718 0.0484615 0.0480867 0.0652536 0.0897924 0.0330701 0.1095436 0.1037021 0.0451498 0.0608281 0.0581573 0.0743800 0.0513948 0.0542061 0.0705961 0.0490479 0.0666466 
S0430         0.3160611 0.3283377 0.1126152 0.1213990 0.1085422 0.2099077 0.1324550 0.1098475 0.1088476 0.0814155 0.1052040 0.1567121 0.1596619 0.0221322 0.1027395 0.0143077 0.0684708 0.1274850 0.1025067 0.1030872 0.1132580 0.0793844 0.0974048 0.0800270 0.0000000 0.0952084 0.1321538 0.0451428 0.0151124 0.1196633 0.1096614 0.0974548 0.1131932 0.0799925 0.0984204 0.1237680 0.0882340 0.0447671 0.1049925 0.0179303 0.0938567 0.1033348 0.1279292 0.0876188 0.1024751 0.0967971 0.0972212 0.1178461 0.0974624 0.0894203 0.0888845 0.0764363 0.0750198 0.0417358 0.0954992 0.1034878 0.0661509 0.2208442 0.1078126 0.1269432 0.0716059 0.0932767 0.0987552 0.1141877 0.1399606 0.1068720 0.1106558 0.1190394 0.0974314 0.0748524 0.1125385 0.1192823 0.1269105 0.0985642 0.1473093 0.1128214 0.0928804 0.0607822 0.0782525 0.0106052 0.0854308 0.0653856 0.0335404 0.0071217 0.1133454 0.0907981 0.1257435 0.1084945 0.1076462 0.1262896 0.1080691 0.0849015 0.1463743 0.1379036 0.0974207 0.0758621 0.1369465 0.1014133 0.0800556 0.0826336 0.0805885 0.0900696 0.1290134 
S0552sl       0.3114702 0.3034948 0.0757646 0.1482007 0.0807775 0.2179665 0.0977538 0.1068596 0.0846746 0.0879106 0.0857591 0.1243973 0.1434283 0.1073474 0.0891909 0.1006127 0.0794129 0.0884817 0.1243560 0.0794716 0.0704837 0.0760715 0.0891967 0.0760332 0.0952084 0.0000000 0.1125736 0.1103129 0.1063978 0.0935935 0.0902064 0.0845086 0.0991696 0.0759759 0.0715147 0.0921974 0.0620040 0.1355047 0.1017955 0.1145524 0.0669944 0.0796513 0.0713788 0.0838982 0.0833048 0.0886406 0.0890271 0.0660855 0.0796233 0.0808895 0.1396621 0.0727210 0.0759571 0.1140717 0.0337473 0.0536179 0.0246715 0.1786010 0.0843660 0.1223073 0.1499348 0.1644877 0.0755182 0.0794584 0.1471177 0.0985480 0.1019295 0.0629808 0.0763723 0.1525927 0.0882653 0.0811883 0.1239186 0.0752018 0.1201228 0.1031939 0.0895534 0.0566011 0.0697116 0.0998328 0.0680639 0.0705207 0.0968501 0.1006796 0.0833957 0.1484524 0.0972927 0.0844164 0.0837744 0.0968978 0.1092901 0.0673052 0.1293898 0.1027290 0.0736323 0.0812488 0.1099809 0.0932063 0.1044300 0.0597278 0.0765415 0.0719164 0.1128040 
S0558         0.3597037 0.3675180 0.1268633 0.2552631 0.1034924 0.2623571 0.1024902 0.1245345 0.1122288 0.1014285 0.1143568 0.1481209 0.1592922 0.1308357 0.0799229 0.1333034 0.0974239 0.1523467 0.1315158 0.1064538 0.1121208 0.0979858 0.1068542 0.0792661 0.1321538 0.1125736 0.0000000 0.1497095 0.1248969 0.1327606 0.1183951 0.0885773 0.1175242 0.1051484 0.0892043 0.1064557 0.1016527 0.1705833 0.1353774 0.1329297 0.1166760 0.1067087 0.1703592 0.1012227 0.1060234 0.1061796 0.1066525 0.1264139 0.1169417 0.1123033 0.1680564 0.0981170 0.1022096 0.1729237 0.1181166 0.1162813 0.1109692 0.2350970 0.1218289 0.1584537 0.1901789 0.2242744 0.1173463 0.1396443 0.1665068 0.1165650 0.1365316 0.1436143 0.1274458 0.1869949 0.1060414 0.1131292 0.1481162 0.1019458 0.1489996 0.1156051 0.1074953 0.0729006 0.0904493 0.1369834 0.1033843 0.0977479 0.1394091 0.1320370 0.1213879 0.1828880 0.1149366 0.1118658 0.1109976 0.1061549 0.1496854 0.0943250 0.1559829 0.1473435 0.1114139 0.0844755 0.1441597 0.1109064 0.0951939 0.0958775 0.0969300 0.0989934 0.1267292 
S0616         0.3236468 0.3512350 0.1246480 0.1784292 0.1200357 0.2300537 0.1398941 0.1263895 0.1256691 0.0962363 0.1265213 0.1764998 0.1842358 0.0590308 0.1285554 0.0455037 0.0875116 0.1402057 0.1255616 0.1194514 0.1302585 0.1034764 0.1133238 0.0961113 0.0451428 0.1103129 0.1497095 0.0000000 0.0524522 0.1258383 0.1266293 0.1133645 0.1447515 0.1090143 0.1050775 0.1259709 0.0990767 0.0792930 0.1115700 0.0575187 0.1050623 0.1197522 0.1472462 0.1029085 0.1190526 0.1125937 0.1131070 0.1348748 0.0898491 0.1101397 0.0952953 0.0953461 0.0853418 0.0617437 0.1014967 0.1290092 0.0967442 0.2317913 0.1093307 0.1445763 0.0813953 0.0892738 0.1200234 0.1167663 0.1534462 0.1233261 0.1379607 0.1523385 0.1086839 0.0801794 0.1241411 0.1367783 0.1495713 0.1147071 0.1541882 0.1351324 0.1031932 0.0892107 0.1080924 0.0491268 0.0954947 0.0889835 0.0300056 0.0537889 0.1303633 0.1012723 0.1431866 0.1252407 0.1242344 0.1388489 0.1292280 0.1061707 0.1710824 0.1609773 0.1186031 0.0999620 0.1436018 0.1070790 0.0951749 0.0878782 0.1098738 0.1011208 0.1518509 
S0620         0.3443638 0.3502586 0.1150062 0.1231324 0.1100666 0.2405631 0.1307388 0.1170059 0.0949108 0.0820145 0.1021535 0.1259207 0.1465760 0.0038301 0.1047928 0.0112836 0.0681994 0.1308409 0.1103011 0.0845843 0.0994367 0.0749270 0.0988333 0.0798747 0.0151124 0.1063978 0.1248969 0.0524522 0.0000000 0.1157068 0.0956510 0.0988855 0.0948026 0.0846952 0.1045885 0.0886622 0.0891112 0.0151558 0.1117407 0.0037050 0.0948746 0.0948156 0.1349125 0.0884543 0.0937842 0.0981814 0.0986362 0.1210342 0.0942103 0.0856958 0.0895347 0.0856560 0.0706737 0.0484791 0.0971393 0.0953707 0.0822924 0.2308860 0.1053601 0.1302504 0.0667575 0.0850111 0.1049859 0.1170553 0.1278238 0.1088856 0.1178740 0.1216181 0.0988610 0.0702097 0.1095680 0.1163991 0.1351382 0.0845843 0.1443900 0.1249227 0.0847698 0.0690558 0.0807881 0.0228604 0.0861569 0.0602784 0.0399469 0.0191257 0.0995154 0.0810807 0.1289487 0.0945976 0.0938307 0.1242630 0.1160241 0.0797938 0.1321992 0.1319721 0.1039122 0.0760207 0.1336022 0.1030773 0.0804801 0.0830458 0.0853659 0.0760917 0.1153268 
S0641         0.3217307 0.3722212 0.1139133 0.1954500 0.0754121 0.2278600 0.0841753 0.1074392 0.0493705 0.1220612 0.1004831 0.0888593 0.1112184 0.1282781 0.1199501 0.1255616 0.0986561 0.1241513 0.1171884 0.0449468 0.0532794 0.0979853 0.1034403 0.0713038 0.1196633 0.0935935 0.1327606 0.1258383 0.1157068 0.0000000 0.0499332 0.0985393 0.1285985 0.1036219 0.0761260 0.0485375 0.0892500 0.1627327 0.1003713 0.1349323 0.0805017 0.0536721 0.1364028 0.0888689 0.0532598 0.1027826 0.1032429 0.1183308 0.0994601 0.0850627 0.1678792 0.0958701 0.0897321 0.1395318 0.0952458 0.1286888 0.0788907 0.1800321 0.1090420 0.1285218 0.1730856 0.1951966 0.0860115 0.0896303 0.1351873 0.1131738 0.1155033 0.1524005 0.1104398 0.1701588 0.0789415 0.1053149 0.1269413 0.0410460 0.0662454 0.1089802 0.1227943 0.0795608 0.0885183 0.1245556 0.0909627 0.1084025 0.1113043 0.1256512 0.0492856 0.1719714 0.1167369 0.0492344 0.0488768 0.0651878 0.1413770 0.0667544 0.1453574 0.1382123 0.0876410 0.0999113 0.0669433 0.1075228 0.1259250 0.0931967 0.0951967 0.0461468 0.0789831 
S0643         0.3195136 0.3539763 0.1046714 0.1641948 0.0853737 0.2148820 0.0712868 0.0938236 0.0183833 0.1124503 0.0968708 0.0546436 0.0843716 0.1032008 0.1213761 0.1058261 0.0888970 0.1242396 0.1017774 0.0145115 0.0221085 0.0790109 0.0944570 0.0533163 0.1096614 0.0902064 0.1183951 0.1266293 0.0956510 0.0499332 0.0000000 0.0896671 0.1048617 0.0946079 0.0676275 0.0117642 0.0718155 0.1412720 0.0965005 0.1148823 0.0678473 0.0222652 0.1389544 0.0845525 0.0258860 0.0938607 0.0942762 0.1147023 0.0814818 0.0860162 0.1565821 0.0820837 0.0721903 0.1307173 0.0918097 0.1144343 0.0658863 0.1587392 0.0951993 0.1201676 0.1613643 0.1852519 0.0823496 0.1164787 0.1366748 0.1039969 0.1168028 0.1325841 0.0900174 0.1586718 0.0663613 0.1064871 0.1283458 0.0108428 0.0675297 0.1007782 0.0995025 0.0659656 0.0748928 0.1144392 0.0820803 0.0984763 0.1120019 0.1154305 0.0221085 0.1545102 0.1075799 0.0183362 0.0108335 0.0664669 0.1307404 0.0491968 0.1260787 0.1397637 0.0886146 0.0950647 0.0591668 0.0985139 0.1262234 0.0745837 0.0862583 0.0186175 0.0539229 
S0645sl       0.2957972 0.3365202 0.0835942 0.1861301 0.0835203 0.2033331 0.0926312 0.0780411 0.0841756 0.0384527 0.0622932 0.1236262 0.1308347 0.1101633 0.0438056 0.1027800 0.0426659 0.1049563 0.1161627 0.0790092 0.0795814 0.0454988 0.0742560 0.0522168 0.0974548 0.0845086 0.0885773 0.1133645 0.0988855 0.0985393 0.0896671 0.0000000 0.0749333 0.0785111 0.0578714 0.0924715 0.0613817 0.1370395 0.0811431 0.0979447 0.0789450 0.0791868 0.1212477 0.0693566 0.0873322 0.0738093 0.0741173 0.1075429 0.0832716 0.0703714 0.1484587 0.0668258 0.0535146 0.1261809 0.0803444 0.1118927 0.0929095 0.2044305 0.0878547 0.1024686 0.1460053 0.1733366 0.0885694 0.1080582 0.1194869 0.0830812 0.0908740 0.1288256 0.0931559 0.1436589 0.0837186 0.0836632 0.1021860 0.0747654 0.1189211 0.0928881 0.0577763 0.0472666 0.0680727 0.1019989 0.0623434 0.0391832 0.0997562 0.1028475 0.0928284 0.1519347 0.0820097 0.0839205 0.0832858 0.0918312 0.0883928 0.0660235 0.1230207 0.1062612 0.0631978 0.0414011 0.1097828 0.0781302 0.0408961 0.0639308 0.0656949 0.0757254 0.1169416 
S0656sl       0.3046787 0.3230316 0.0980184 0.1456461 0.0896422 0.2303745 0.1077430 0.1009623 0.0989657 0.0772492 0.0900147 0.1393974 0.1759306 0.1018233 0.1101279 0.1141580 0.0739588 0.1314077 0.1235966 0.0934346 0.0985018 0.0752505 0.1018161 0.0751794 0.1131932 0.0991696 0.1175242 0.1447515 0.0948026 0.1285985 0.1048617 0.0749333 0.0000000 0.0831102 0.0798511 0.1002805 0.0747117 0.1335299 0.1100908 0.1186398 0.0887048 0.0936537 0.1260736 0.0963126 0.1020585 0.1011793 0.1016246 0.1183943 0.0976280 0.0658144 0.1718149 0.0713345 0.0709885 0.1186986 0.0994489 0.1030943 0.0785224 0.2053978 0.1024305 0.1165063 0.1637048 0.1650613 0.0987365 0.1287550 0.1138215 0.1113651 0.1003479 0.1342859 0.1080816 0.1610082 0.0974384 0.1033416 0.1164752 0.0890148 0.1300891 0.1318929 0.0791043 0.0558779 0.0548481 0.1179568 0.0667429 0.0649595 0.1252572 0.1128791 0.1031163 0.1611513 0.0930876 0.0986524 0.0978894 0.1067781 0.1189984 0.0848525 0.0867805 0.1187695 0.0872955 0.0716462 0.1259643 0.1058320 0.1021745 0.0726265 0.0750860 0.0901825 0.1282922 
S0673         0.3129701 0.3401511 0.0926584 0.1326969 0.0887159 0.2196281 0.0931042 0.1090959 0.0934895 0.0812947 0.0891092 0.1389015 0.1484262 0.0918564 0.1024822 0.0850772 0.0689106 0.1066689 0.1150941 0.0881138 0.0977515 0.0661258 0.0873512 0.0700190 0.0799925 0.0759759 0.1051484 0.1090143 0.0846952 0.1036219 0.0946079 0.0785111 0.0831102 0.0000000 0.0706714 0.1155696 0.0782805 0.1181417 0.0996224 0.0938304 0.0835985 0.0795208 0.1101375 0.0737181 0.0919643 0.0868175 0.0871881 0.1031664 0.0967082 0.0534572 0.1325723 0.0181797 0.0701997 0.0970940 0.0805611 0.0876105 0.0508230 0.1910251 0.0969980 0.1214445 0.1200851 0.1512406 0.0840344 0.1084272 0.1294970 0.0964859 0.1001067 0.1029419 0.0892176 0.1087545 0.0744332 0.0986908 0.1166560 0.0837749 0.1347449 0.1010255 0.0651446 0.0110699 0.0109623 0.0888308 0.0624868 0.0555519 0.0954721 0.0850816 0.0933031 0.1356114 0.0962317 0.0931993 0.0924869 0.1103591 0.0982747 0.0613832 0.0973718 0.1272483 0.0819219 0.0624971 0.1247591 0.0912800 0.0881938 0.0677461 0.0143330 0.0712526 0.1026478 
S0689         0.3072623 0.3493428 0.0752108 0.1783856 0.0299945 0.1939988 0.0623483 0.0871814 0.0626087 0.0773066 0.0680292 0.0991245 0.1083720 0.1106988 0.0720121 0.0992171 0.0562269 0.0927340 0.1032950 0.0578655 0.0666621 0.0664278 0.0660704 0.0440509 0.0984204 0.0715147 0.0892043 0.1050775 0.1045885 0.0761260 0.0676275 0.0578714 0.0798511 0.0706714 0.0000000 0.0775805 0.0534122 0.1384933 0.0810295 0.1126901 0.0534934 0.0579896 0.1103437 0.0613109 0.0708476 0.0656751 0.0659464 0.0892246 0.0749231 0.0582957 0.1500695 0.0549673 0.0539197 0.1150245 0.0673164 0.0890568 0.0660476 0.1613045 0.0708593 0.1079507 0.1429023 0.1704050 0.0760467 0.0896524 0.0965184 0.0747513 0.0907320 0.1144048 0.0758096 0.1405830 0.0664723 0.0856172 0.0975200 0.0537988 0.1000787 0.0804866 0.0753564 0.0477458 0.0558403 0.0984586 0.0546286 0.0652098 0.1004093 0.1038821 0.0709243 0.1536247 0.0748761 0.0624280 0.0537513 0.0701727 0.1090148 0.0485680 0.1143135 0.1183254 0.0643937 0.0626031 0.0910655 0.0699306 0.0803199 0.0472853 0.0627231 0.0592697 0.0847893 
S0690         0.3094000 0.3323734 0.1244022 4.9692257 0.0764996 0.2120018 0.0764070 0.1207710 0.0116705 0.1016266 0.1117383 0.0115263 0.0489028 0.0897966 0.1073663 0.1085454 0.1069061 0.1499856 0.1371404 0.0057124 0.0057751 0.1137999 0.0836750 0.0333821 0.1237680 0.0921974 0.1064557 0.1259709 0.0886622 0.0485375 0.0117642 0.0924715 0.1002805 0.1155696 0.0775805 0.0000000 0.0771353 0.1510730 0.1061936 0.1161065 0.0638734 0.0177673 0.1618509 0.0908296 0.0115083 0.0908296 0.0914704 0.1417811 0.0777113 0.0931743 0.1664527 0.0947506 0.0779275 0.1713752 0.0798993 0.1251625 0.0000010 0.2585293 0.1008486 0.1014923 0.1448856 0.1743863 0.1031782 0.1270384 0.0986479 0.0988212 0.1101320 0.1359423 0.1167719 0.1512449 0.0487929 0.1110814 0.1241437 0.0000010 0.0491763 0.1165700 0.1066429 0.0824791 0.0943552 0.1238473 0.0858019 0.0955567 0.1116780 0.1237680 0.0175822 0.1586635 0.1066614 0.0000010 0.0114925 0.0623719 0.1626232 0.0253567 0.1384072 0.1681872 0.1134532 0.1067928 0.0425928 0.1062566 0.1236326 0.0833040 0.1163632 0.0058584 0.0487305 
S0720         0.3028641 0.3440909 0.0487667 0.1344299 0.0705602 0.2076754 0.0836257 0.0612317 0.0667171 0.0676883 0.0539639 0.1087373 0.1421830 0.1003893 0.0785950 0.0933822 0.0556461 0.0783627 0.1097816 0.0619020 0.0615757 0.0615958 0.0489099 0.0439597 0.0882340 0.0620040 0.1016527 0.0990767 0.0891112 0.0892500 0.0718155 0.0613817 0.0747117 0.0782805 0.0534122 0.0771353 0.0000000 0.1268284 0.0898392 0.0976503 0.0368866 0.0620357 0.0927378 0.0445338 0.0699803 0.0486263 0.0488190 0.0791656 0.0330494 0.0621226 0.1326995 0.0666269 0.0374316 0.1047127 0.0498309 0.0790234 0.0653893 0.1892830 0.0369700 0.0962836 0.1353544 0.1620127 0.0577875 0.0839837 0.1237221 0.0571041 0.0990171 0.1077450 0.0491402 0.1332031 0.0790539 0.0706757 0.1156530 0.0578085 0.1000824 0.0838148 0.0743209 0.0513085 0.0593447 0.0926813 0.0581176 0.0642899 0.0948828 0.0934418 0.0657357 0.1411046 0.0869531 0.0665229 0.0660269 0.0743663 0.0839356 0.0526856 0.1066391 0.1016357 0.0506111 0.0455998 0.0908136 0.0526542 0.0730995 0.0303503 0.0703498 0.0585422 0.0934528 
S0724sl       0.3862595 0.4006584 0.1542192 0.1210094 0.1448974 0.2779688 0.1656265 0.1553633 0.1291676 0.1204380 0.1415305 0.1871818 0.1952526 0.0300496 0.1731087 0.0372860 0.1061665 0.1707499 0.1023104 0.1336833 0.1448640 0.1171080 0.1370229 0.1100944 0.0447671 0.1355047 0.1705833 0.0792930 0.0151558 0.1627327 0.1412720 0.1370395 0.1335299 0.1181417 0.1384933 0.1510730 0.1268284 0.0000000 0.1464333 0.0490108 0.1289652 0.1340276 0.1402831 0.1259389 0.1332262 0.1361238 0.1367625 0.1605872 0.1322466 0.1238164 0.1279455 0.1145326 0.1077145 0.0355034 0.1363264 0.1397731 0.0661509 0.2289477 0.1492934 0.1699637 0.0997488 0.1130684 0.1443317 0.1568702 0.1663879 0.1475534 0.1530340 0.1572316 0.1370305 0.1028563 0.1490835 0.1555462 0.1699267 0.1288261 0.1940335 0.1601950 0.1224723 0.0983199 0.1024147 0.0487163 0.1244910 0.0986825 0.0667475 0.0533322 0.1449825 0.1248430 0.1683356 0.1397099 0.1385808 0.1586355 0.1546810 0.1258073 0.1696678 0.1719303 0.1387975 0.1136466 0.1771269 0.1412204 0.1414262 0.1223878 0.1190819 0.1198413 0.1622621 
