118
HYZL          0.0000000 0.1651255 0.4558378 0.5598128 0.3553622 0.4302074 0.4204451 0.4732104 0.4795899 0.4107960 0.4483471 0.4377423 0.4052341 0.4288081 0.4576926 0.4230396 0.4322086 0.4513520 0.4088600 0.4564840 0.4828689 0.4171533 0.3947744 0.4472973 0.4913769 0.4736753 0.4694483 0.4268362 0.4230290 0.4378757 0.4173682 0.4796913 0.4372005 0.4863017 0.4079756 0.4607427 0.5056647 0.4078401 0.4264456 0.5105636 0.4426740 0.4820052 0.4212581 0.4673239 0.4225436 0.4252854 0.4629831 0.4129228 0.4415726 0.4394400 0.4326650 0.4306392 0.4268880 0.4288548 0.4248725 0.4608931 0.4472952 0.4534307 0.4195156 0.4727774 0.4241834 0.4503993 0.5142418 0.4604612 0.4178473 0.4904727 0.4649500 0.4644173 0.4781563 0.4455324 0.4133803 0.4899504 0.4363256 0.4041668 0.3948840 0.4325162 0.4336083 0.4218379 0.4224201 0.4026079 0.4946174 0.4279398 0.4339090 0.4331741 0.4538576 0.4099301 0.4173803 0.4917473 0.4563826 0.4656224 0.4636925 0.4408292 0.4851963 0.4874009 0.4140337 0.4526528 0.4370955 0.4379914 0.4077188 0.4655587 0.4299418 0.4086749 0.4098687 0.4204038 0.5807218 0.4063269 0.4118399 0.4417363 0.4653346 0.5209798 0.4474230 0.4251287 0.4122240 0.4433882 0.5020374 0.4118491 0.4735040 0.4457502 
MYZV          0.1651255 0.0000000 0.4544841 0.5547338 0.4230624 0.4593524 0.4412768 0.4980877 0.4911153 0.4490554 0.4716254 0.4529167 0.4466611 0.5131772 0.5114601 0.4775432 0.4945987 0.4304616 0.4662014 0.4959694 0.5042405 0.4609946 0.4314634 0.4532532 0.5135345 0.5030599 0.5128813 0.4532113 0.4893402 0.5062762 0.4696024 0.5047611 0.4890662 0.5138311 0.4488866 0.5320860 0.5678446 0.4721213 0.4512493 0.5456827 0.4653953 0.4818076 0.4503498 0.5085042 0.4778810 0.4499345 0.5074392 0.4626197 0.4774760 0.4690322 0.4795021 0.4327577 0.4613477 0.4515509 0.4405724 0.4971405 0.4898954 0.4787120 0.4540636 0.5091971 0.4341079 0.4620525 0.5448886 0.4818840 0.4653097 0.5086805 0.4883716 0.5350818 0.5355381 0.4605841 0.4410228 0.5262824 0.4695763 0.4259283 0.4418586 0.4714948 0.4479252 0.4428905 0.4349560 0.4229725 0.5325994 0.4631642 0.4748767 0.4882738 0.5070233 0.4300031 0.4602141 0.5452300 0.4809370 0.4982598 0.4924289 0.5006144 0.5282227 0.5146343 0.4420133 0.4895967 0.4724225 0.4642721 0.4672134 0.5095297 0.4703949 0.4264031 0.4309898 0.4553424 0.5395913 0.4499463 0.4686641 0.4838367 0.4942133 0.5942457 0.5195075 0.4463757 0.4483675 0.4509628 0.5401200 0.4438840 0.4965156 0.4844438 
SRR6441723    0.4558378 0.4544841 0.0000000 0.1252870 0.2317467 0.0906245 0.0566949 0.1232855 0.1127733 0.1144395 0.1065556 0.0541903 0.1096430 0.1219032 0.1233756 0.1412278 0.1097479 0.1137277 0.1247139 0.1307751 0.0867931 0.1035967 0.1078322 0.1207008 0.1148899 0.1217066 0.1378071 0.0633905 0.0973040 0.0970478 0.1430221 0.1383650 0.1059892 0.1287614 0.1061528 0.1614110 0.1890167 0.1203058 0.1101135 0.1172106 0.1178764 0.1221150 0.1092534 0.0755885 0.1403906 0.1530131 0.1122443 0.1368618 0.0863477 0.1169860 0.0959107 0.0658581 0.1125458 0.0614268 0.0588838 0.1124017 0.0663238 0.1030023 0.1214521 0.1075201 0.0760846 0.0742204 0.1415948 0.1175308 0.0782994 0.1199134 0.0983261 0.0969132 0.1304541 0.1228088 0.1513657 0.0961270 0.1141501 0.0966539 0.0820354 0.0932566 0.1543567 0.0611157 0.1538184 0.1040286 0.1257411 0.0654662 0.1087825 0.1152605 0.0740909 0.1550165 0.1014169 0.1208022 0.1327359 0.1007780 0.0996000 0.1654342 0.1196093 0.1301882 0.1101594 0.1442210 0.1476374 0.1123483 0.1136386 0.0719881 0.0564005 0.1004718 0.0972484 0.0823989 0.1029584 0.1009913 0.1109455 0.0742437 0.0638446 0.1607793 0.1237756 0.0658547 0.0859932 0.1142252 0.1260123 0.1015017 0.1288012 0.1127665 
ERR4210213    0.5598128 0.5547338 0.1252870 0.0000000 0.3141445 0.1714129 0.1170838 0.1928959 0.2004131 0.1907422 0.1716416 0.1330265 0.1997146 0.1886255 0.2136722 0.2144617 0.1442462 0.2241183 0.2511989 0.2062973 0.0662744 0.1694330 0.1804437 0.2032444 0.1812974 0.2059821 0.2081394 0.1316136 0.1669518 0.1713145 0.2159902 0.2322232 0.1670126 0.2105442 0.1639058 0.2458187 0.1978287 0.2013356 0.1955976 0.1840243 0.2227761 0.1945312 0.1962813 0.1338792 0.2223158 0.2123137 0.1922953 0.2046712 0.1560295 0.2124087 0.1560445 0.1360450 0.1901361 0.1322538 0.1274978 0.1586768 0.1147763 0.1791964 0.1737008 0.1552109 0.1563564 0.1382438 0.2096893 0.2007747 0.1539019 0.1811364 0.1773896 0.1864149 0.1814004 0.1616411 0.2055563 0.1927558 0.1826293 0.1389490 0.1473933 0.1569690 0.2200632 0.1243500 0.2183823 0.1734035 0.1989853 0.1406159 0.1788453 0.2031131 0.1411308 0.2202128 0.1766450 0.2204332 0.1929829 0.1495911 0.1549769 0.2400081 0.2064522 0.1995613 0.1899590 0.2248874 0.2256748 0.1944116 0.1700184 0.1074867 0.1293271 0.1667742 0.1803829 0.1448379 0.1534052 0.1943026 0.1794311 0.1598556 0.1462184 0.2662204 0.2356867 0.1360787 0.1556749 0.1581202 0.1974755 0.1810062 0.1843478 0.1948120 
PAFTOL_019361 0.3553622 0.4230624 0.2317467 0.3141445 0.0000000 0.2100049 0.2123361 0.2698491 0.2627460 0.2336320 0.2488457 0.2230884 0.2422793 0.2417337 0.2634980 0.2658779 0.2540888 0.2883218 0.2438397 0.2708797 0.2609591 0.2201684 0.2222785 0.2578289 0.2581263 0.2621348 0.2842433 0.2133106 0.2257293 0.2245332 0.2740275 0.2802352 0.2157734 0.2544584 0.2323465 0.3009704 0.3427882 0.2567120 0.2449898 0.2917198 0.2577448 0.2508377 0.2464520 0.2542725 0.2610421 0.2407205 0.2689335 0.2697980 0.2178487 0.2249135 0.2171086 0.2206410 0.2455854 0.2169337 0.2169454 0.2545552 0.2397268 0.2451764 0.2719397 0.2694198 0.2313508 0.2284509 0.3017006 0.2502597 0.2129331 0.2811240 0.2415903 0.2227359 0.2738548 0.2685520 0.2336779 0.2187614 0.2585771 0.2049829 0.2165569 0.2254719 0.2367276 0.2128771 0.2305233 0.2059871 0.2962311 0.2287124 0.2572566 0.2447528 0.2531847 0.2358170 0.2285260 0.2758348 0.2545635 0.2502417 0.2464204 0.2991766 0.2697899 0.2836376 0.2436223 0.2751715 0.2786019 0.2476321 0.2379980 0.2505254 0.2238388 0.2276497 0.2280781 0.2100200 0.3249374 0.2335219 0.2075856 0.2322429 0.2309592 0.3258431 0.2363643 0.2176244 0.2023437 0.2631225 0.2810319 0.2320233 0.2650952 0.2324094 
S0055         0.4302074 0.4593524 0.0906245 0.1714129 0.2100049 0.0000000 0.0850374 0.1545602 0.1332407 0.0595927 0.1257322 0.0869904 0.0656375 0.0664782 0.1507006 0.1376400 0.1186864 0.1608042 0.1214781 0.1343910 0.1218271 0.0636312 0.0556727 0.0698948 0.1309680 0.0702335 0.1504980 0.0780189 0.0630025 0.1136511 0.1507512 0.1538026 0.1200330 0.0757697 0.1294663 0.1598669 0.2019720 0.0788758 0.0609214 0.1439253 0.1318096 0.1234935 0.0618220 0.1061327 0.1417054 0.1413519 0.0654196 0.1350798 0.0848524 0.0684884 0.1170044 0.0852860 0.0653815 0.0806052 0.0800583 0.1286953 0.0959894 0.1287140 0.1312072 0.1171676 0.1052734 0.0992892 0.1521758 0.1320858 0.0886830 0.1430048 0.1247763 0.0994860 0.0784857 0.1521007 0.1367926 0.0965284 0.1367408 0.1057884 0.1026220 0.1141760 0.1364879 0.0801796 0.1394511 0.0960726 0.1398207 0.0984699 0.1309872 0.0608159 0.1119223 0.1431999 0.0583314 0.0869606 0.1472793 0.1137953 0.1147257 0.1667464 0.1371832 0.1691316 0.1248460 0.1512562 0.1493915 0.0629786 0.1258661 0.1002519 0.0873481 0.0537166 0.0488027 0.0214520 0.1543359 0.0590447 0.1297340 0.1041222 0.1009581 0.1834822 0.0728668 0.0827680 0.1030265 0.1457406 0.1388749 0.0529906 0.1562476 0.0606598 
S0196sl       0.4204451 0.4412768 0.0566949 0.1170838 0.2123361 0.0850374 0.0000000 0.1149362 0.0874596 0.1055746 0.1014361 0.0584842 0.1068574 0.1047393 0.1203925 0.1245080 0.0938232 0.1336531 0.1253229 0.1285883 0.0915499 0.0927392 0.0990860 0.1119221 0.1096305 0.1179455 0.1324625 0.0149767 0.0938267 0.0884091 0.1221226 0.1385314 0.0924534 0.1234874 0.0960898 0.1465826 0.1626994 0.1140940 0.1041227 0.1158197 0.1176369 0.1191619 0.1030513 0.0615873 0.1260866 0.1261444 0.1117056 0.1170019 0.0830137 0.1114067 0.0825924 0.0150389 0.1065036 0.0150288 0.0131044 0.1010617 0.0527014 0.0986160 0.1057149 0.1109380 0.0843255 0.0794545 0.1393464 0.1018083 0.0725741 0.1112359 0.0896472 0.0846033 0.1159095 0.0928941 0.1305832 0.0878055 0.0986753 0.0817422 0.0716959 0.0774385 0.1219457 0.0111738 0.1220229 0.1091312 0.1225851 0.0745256 0.0935577 0.1121937 0.0785726 0.1229277 0.0956716 0.1169971 0.1312848 0.1018131 0.1028298 0.1472578 0.1128010 0.1255436 0.0970764 0.1271942 0.1253395 0.1063235 0.0924569 0.0795052 0.0630407 0.0892838 0.0864120 0.0771495 0.1130858 0.0974115 0.1115707 0.0787351 0.0750981 0.1604169 0.1152228 0.0150354 0.0868589 0.0851482 0.1244421 0.0956273 0.0912973 0.1067109 
S0278         0.4732104 0.4980877 0.1232855 0.1928959 0.2698491 0.1545602 0.1149362 0.0000000 0.1271885 0.1749162 0.0362393 0.1340686 0.1725674 0.1737537 0.0734825 0.1606399 0.1456885 0.0914046 0.1640173 0.0706807 0.1507861 0.1654716 0.1678219 0.1681421 0.0683434 0.2036336 0.0751867 0.1174106 0.1764209 0.0538671 0.1637427 0.0738367 0.1377950 0.1965402 0.1321097 0.1838634 0.0545628 0.1983838 0.1719175 0.0901360 0.0778432 0.0991635 0.1655354 0.1381574 0.1514819 0.1825918 0.1780903 0.1595936 0.1470749 0.1708824 0.1385284 0.1259368 0.1691160 0.1258520 0.1199398 0.1573362 0.1271797 0.0468534 0.1520141 0.0824825 0.0396337 0.1258656 0.0970547 0.1481899 0.1279038 0.1651950 0.1447133 0.1375054 0.2201126 0.1388536 0.1816259 0.1597368 0.1544372 0.1267964 0.1317141 0.1415072 0.1741115 0.1201324 0.1774234 0.0612649 0.1648337 0.1285182 0.1483852 0.1677451 0.1502935 0.1788594 0.1611084 0.1897094 0.0846383 0.0684612 0.0779325 0.1960042 0.0720894 0.0697101 0.1420368 0.1693754 0.1665952 0.1743549 0.1431232 0.1337797 0.1235449 0.1561046 0.1462933 0.1456159 0.1932705 0.1726315 0.0787089 0.1505825 0.1445682 0.0754255 0.1789891 0.1259553 0.0568569 0.1299056 0.1038769 0.1626887 0.1436207 0.1810398 
S0281         0.4795899 0.4911153 0.1127733 0.2004131 0.2627460 0.1332407 0.0874596 0.1271885 0.0000000 0.1724066 0.1183965 0.1099728 0.1630339 0.1708800 0.1306616 0.1461103 0.1239247 0.1461920 0.1504750 0.1248053 0.1452926 0.1484350 0.1654087 0.1671841 0.1212093 0.1792269 0.1394383 0.0924229 0.1385258 0.0791739 0.1436362 0.1369409 0.1240806 0.1725953 0.1267621 0.1694154 0.2202023 0.1659876 0.1666055 0.1364274 0.1346970 0.1337194 0.1631857 0.1165126 0.1483952 0.1846171 0.1634303 0.1363456 0.1262370 0.1608422 0.1332149 0.0880552 0.1666925 0.0904713 0.0874889 0.1361386 0.1012313 0.1074570 0.1292576 0.1171995 0.0930136 0.1283086 0.1464706 0.1079733 0.1171153 0.1500495 0.1383011 0.1288750 0.1966037 0.0981080 0.1808629 0.1343267 0.1263799 0.1101662 0.1176979 0.1326493 0.1734811 0.0876233 0.1761848 0.0849072 0.1506708 0.1239742 0.1207749 0.1698642 0.1303740 0.1763055 0.1560844 0.1559743 0.1418613 0.1078721 0.1063620 0.1564826 0.1193048 0.1349062 0.1245962 0.1489513 0.1411211 0.1690029 0.1181847 0.1381664 0.1074580 0.1485656 0.1442504 0.1165243 0.1733267 0.1524690 0.1122470 0.1208263 0.1352389 0.1653134 0.1595240 0.0905372 0.0836143 0.0902239 0.1225312 0.1484016 0.0994051 0.1492363 
S0282         0.4107960 0.4490554 0.1144395 0.1907422 0.2336320 0.0595927 0.1055746 0.1749162 0.1724066 0.0000000 0.1475708 0.1078532 0.0215714 0.0917099 0.1729213 0.1619150 0.1384685 0.1850915 0.1326369 0.1539179 0.1396732 0.0601440 0.0116314 0.0274945 0.1436054 0.1008347 0.1723696 0.1052514 0.0661106 0.1419238 0.1761722 0.1842157 0.1330741 0.1094837 0.1464836 0.1896691 0.2268771 0.0665323 0.0173890 0.1600703 0.1512091 0.1534148 0.0176303 0.1282072 0.1639215 0.1722733 0.0926752 0.1663554 0.1136916 0.0836231 0.1267223 0.1105826 0.0254023 0.1058206 0.1050692 0.1338563 0.1202465 0.1363211 0.1442530 0.1360643 0.1124785 0.1114595 0.1661748 0.1585155 0.0997523 0.1568599 0.1347575 0.1042708 0.0834516 0.1567501 0.1587983 0.1262361 0.1528539 0.1129979 0.1173319 0.1232513 0.1681526 0.1052353 0.1644446 0.1302150 0.1599140 0.1123466 0.1467863 0.0688486 0.1292527 0.1657521 0.0153146 0.0947352 0.1719301 0.1387814 0.1445463 0.1970101 0.1628247 0.1832081 0.1438538 0.1763570 0.1744978 0.0193319 0.1303242 0.1361236 0.1083047 0.0078210 0.0176367 0.0611734 0.1790834 0.0647583 0.1340347 0.1346060 0.1283382 0.2003415 0.0804248 0.1083812 0.1225688 0.1501757 0.1700641 0.0176276 0.1704360 0.0508448 
S0289         0.4483471 0.4716254 0.1065556 0.1716416 0.2488457 0.1257322 0.1014361 0.0362393 0.1183965 0.1475708 0.0000000 0.1137844 0.1450989 0.1441339 0.0455759 0.1343342 0.1204639 0.0575433 0.1406991 0.0500111 0.1244881 0.1244568 0.1405342 0.1538130 0.0420368 0.1628992 0.0604668 0.1016521 0.1411499 0.0430061 0.1372707 0.0498843 0.1181179 0.1579231 0.1086571 0.1571197 0.0417439 0.1648547 0.1450840 0.0652810 0.0508555 0.0737041 0.1408602 0.1154996 0.1306962 0.1450452 0.1482341 0.1348165 0.1245143 0.1431812 0.1179973 0.1072083 0.1423653 0.1071341 0.1014750 0.1449953 0.1049920 0.0294404 0.1231262 0.0563724 0.0215587 0.1075728 0.0700332 0.1227113 0.1136790 0.1412900 0.1264856 0.1234278 0.1663946 0.1139747 0.1470693 0.1361512 0.1290794 0.1012562 0.1081473 0.1177769 0.1461903 0.1016365 0.1405798 0.0360341 0.1384695 0.0981557 0.1233245 0.1443200 0.1242697 0.1444314 0.1350014 0.1565458 0.0487532 0.0476080 0.0595338 0.1674523 0.0478666 0.0470455 0.1102946 0.1426669 0.1400129 0.1474866 0.1152020 0.1126850 0.1037830 0.1324563 0.1225767 0.1183164 0.1622915 0.1452298 0.0452944 0.1217379 0.1210941 0.0422810 0.1443301 0.1072183 0.0332853 0.1055062 0.0801001 0.1359166 0.1113253 0.1482851 
S0292         0.4377423 0.4529167 0.0541903 0.1330265 0.2230884 0.0869904 0.0584842 0.1340686 0.1099728 0.1078532 0.1137844 0.0000000 0.1059219 0.1048169 0.1345646 0.1188729 0.1088677 0.1459803 0.0962116 0.1276964 0.0850392 0.0975777 0.0991642 0.1192617 0.1171327 0.1142998 0.1358986 0.0673284 0.0935556 0.1082623 0.1165160 0.1529997 0.0854245 0.1219099 0.1061207 0.1433143 0.1938388 0.1138956 0.1063698 0.1228530 0.1291728 0.1191422 0.1080687 0.0680643 0.1124201 0.1349735 0.1033997 0.1139741 0.0759753 0.1062751 0.0783852 0.0676357 0.1087580 0.0632155 0.0652982 0.0916686 0.0637035 0.1031074 0.1106746 0.1102477 0.0900317 0.0602006 0.1446651 0.1141539 0.0657755 0.1016622 0.0806890 0.0783233 0.1112415 0.1277188 0.1309174 0.0828911 0.1083560 0.0891639 0.0696908 0.0805487 0.1361143 0.0628968 0.1359308 0.0999506 0.1126332 0.0701662 0.1031058 0.1060157 0.0493797 0.1369592 0.0978688 0.1167931 0.1436680 0.1063513 0.1024369 0.1466089 0.1229128 0.1327344 0.1097246 0.1266508 0.1248015 0.1085725 0.1004382 0.0680411 0.0112141 0.0918884 0.0886720 0.0747227 0.0843588 0.0972813 0.1149220 0.0247283 0.0230337 0.1662264 0.1094702 0.0631874 0.0896752 0.1242457 0.1290496 0.0977817 0.1365889 0.1066844 
S0293         0.4052341 0.4466611 0.1096430 0.1997146 0.2422793 0.0656375 0.1068574 0.1725674 0.1630339 0.0215714 0.1450989 0.1059219 0.0000000 0.0936606 0.1650233 0.1634940 0.1430630 0.1832465 0.1432142 0.1486163 0.1421309 0.0618288 0.0177067 0.0376478 0.1446569 0.1042584 0.1762034 0.1065329 0.0654628 0.1387907 0.1747700 0.1772193 0.1369819 0.1184825 0.1390720 0.1997940 0.2177554 0.0658762 0.0272922 0.1572239 0.1464220 0.1514446 0.0276756 0.1293366 0.1713768 0.1671406 0.0936724 0.1679793 0.1150548 0.0806681 0.1307819 0.1120504 0.0313780 0.1071043 0.1063501 0.1404216 0.1186337 0.1373681 0.1479988 0.1362474 0.1137762 0.1178752 0.1600926 0.1490393 0.1037742 0.1577098 0.1362553 0.1123763 0.0950831 0.1617215 0.1567866 0.1301058 0.1509100 0.1142112 0.1190636 0.1284058 0.1630597 0.1065167 0.1623495 0.1222871 0.1579501 0.1105754 0.1449371 0.0635037 0.1268741 0.1636235 0.0251080 0.0937563 0.1702711 0.1303692 0.1391954 0.2015764 0.1609718 0.1807520 0.1419153 0.1778887 0.1760426 0.0292568 0.1319480 0.1344257 0.1063581 0.0198186 0.0276842 0.0696758 0.1699099 0.0595746 0.1266641 0.1321152 0.1259524 0.1988942 0.0820905 0.1096473 0.1239363 0.1547488 0.1608906 0.0256239 0.1712547 0.0503550 
S0294         0.4288081 0.5131772 0.1219032 0.1886255 0.2417337 0.0664782 0.1047393 0.1737537 0.1708800 0.0917099 0.1441339 0.1048169 0.0936606 0.0000000 0.1818751 0.1587182 0.1487343 0.1649055 0.1595557 0.1738263 0.1373807 0.0912186 0.0805055 0.1025678 0.1518566 0.0928690 0.1625992 0.1070117 0.0851901 0.1356203 0.1643897 0.1671100 0.1459284 0.1010729 0.1406809 0.1849733 0.2063294 0.0921692 0.0931002 0.1542148 0.1593476 0.1467152 0.0873255 0.1241511 0.1581812 0.1678134 0.0846396 0.1566424 0.1105163 0.1066326 0.1477413 0.1071753 0.0956113 0.1049812 0.1042419 0.1508425 0.1135738 0.1436770 0.1494054 0.1452168 0.1246316 0.1276222 0.1549682 0.1553927 0.1106207 0.1699652 0.1537008 0.1364446 0.0440348 0.1689967 0.1719171 0.1255248 0.1605020 0.1279247 0.1225557 0.1310493 0.1723581 0.1044053 0.1714455 0.1337659 0.1678847 0.1220081 0.1543475 0.0853106 0.1234837 0.1757325 0.0848822 0.1028422 0.1686429 0.1420652 0.1417204 0.1910862 0.1585719 0.1858033 0.1419430 0.1730414 0.1672111 0.0952959 0.1368429 0.1216904 0.1052533 0.0786404 0.0823290 0.0630669 0.1710908 0.0789652 0.1535150 0.1228088 0.1187598 0.2053261 0.0956248 0.1049400 0.1274419 0.1649395 0.1671820 0.0869463 0.1763133 0.0830744 
S0299         0.4576926 0.5114601 0.1233756 0.2136722 0.2634980 0.1507006 0.1203925 0.0734825 0.1306616 0.1729213 0.0455759 0.1345646 0.1650233 0.1818751 0.0000000 0.1725669 0.1690365 0.0519884 0.1882740 0.0824520 0.1443252 0.1481319 0.1622057 0.1932833 0.0843693 0.1747297 0.0819405 0.1237151 0.1700928 0.1033335 0.1833820 0.0792374 0.1417175 0.1728410 0.1415521 0.1961150 0.0729316 0.1991547 0.1757598 0.1091132 0.0753551 0.1216547 0.1655522 0.1265188 0.1947184 0.1750067 0.1737639 0.1820330 0.1562642 0.1671083 0.1380263 0.1280977 0.1751418 0.1276755 0.1196848 0.1849850 0.1190843 0.0590802 0.1542720 0.1009187 0.0503001 0.1452720 0.1127022 0.1522748 0.1407245 0.1768849 0.1543182 0.1467046 0.1984593 0.1353702 0.1873120 0.1722260 0.1498694 0.1259052 0.1473281 0.1503192 0.1680481 0.1237151 0.1687984 0.0848611 0.1783193 0.1262930 0.1453150 0.1575066 0.1375957 0.1661508 0.1659651 0.1688457 0.0844592 0.0942740 0.1019014 0.2256533 0.0743865 0.0636955 0.1478368 0.1850209 0.1768076 0.1840754 0.1345930 0.1407782 0.1240926 0.1544687 0.1491467 0.1511891 0.1878335 0.1637399 0.0948274 0.1407542 0.1318457 0.0836680 0.1590178 0.1242837 0.0674374 0.1349973 0.1309906 0.1655187 0.1242408 0.1885012 
S0303         0.4230396 0.4775432 0.1412278 0.2144617 0.2658779 0.1376400 0.1245080 0.1606399 0.1461103 0.1619150 0.1343342 0.1188729 0.1634940 0.1587182 0.1725669 0.0000000 0.0813939 0.1750527 0.0144400 0.1677415 0.1701119 0.1346834 0.1603365 0.1718245 0.1500608 0.1846060 0.1855021 0.1299811 0.1463928 0.1303072 0.0207508 0.1567634 0.1318556 0.1708750 0.0867072 0.0308856 0.1625741 0.1662737 0.1712299 0.1632996 0.1458247 0.1568839 0.1670485 0.1449500 0.0154216 0.1567733 0.1782313 0.0116201 0.1180235 0.1540248 0.1390185 0.1254098 0.1644197 0.1280347 0.1217709 0.1415736 0.1398150 0.1259956 0.1080005 0.1360287 0.1146745 0.1180429 0.1659220 0.0798889 0.1264014 0.1413161 0.1383606 0.1401335 0.1931139 0.1503016 0.1614713 0.1310754 0.1009469 0.0808384 0.1118805 0.1233881 0.1525205 0.1247641 0.1584858 0.1319645 0.1614710 0.1385731 0.0957980 0.1595742 0.1403906 0.1625048 0.1606043 0.1723174 0.1759760 0.1265502 0.1215548 0.0293664 0.1523431 0.1852311 0.0753616 0.0129943 0.0092821 0.1736287 0.0926287 0.1359683 0.1212582 0.1589471 0.1516212 0.1404715 0.1685424 0.1511799 0.1429161 0.1319161 0.1349463 0.2037782 0.1616385 0.1229356 0.1312998 0.1465178 0.1603469 0.1552207 0.1718703 0.1538214 
S0308         0.4322086 0.4945987 0.1097479 0.1442462 0.2540888 0.1186864 0.0938232 0.1456885 0.1239247 0.1384685 0.1204639 0.1088677 0.1430630 0.1487343 0.1690365 0.0813939 0.0000000 0.1652751 0.1040645 0.1279649 0.1223156 0.1243090 0.1371518 0.1510389 0.1167891 0.1680773 0.1495820 0.0988351 0.1234529 0.1269275 0.0908850 0.1471964 0.1049440 0.1549401 0.0779463 0.1087984 0.1324363 0.1520699 0.1505267 0.1504920 0.1324790 0.1353849 0.1501944 0.1188335 0.0889504 0.1525687 0.1467599 0.0803472 0.1087281 0.1488251 0.1055478 0.0944655 0.1478709 0.0968991 0.0938562 0.1250444 0.1058657 0.1159438 0.0956024 0.1185719 0.0986298 0.1064314 0.1528427 0.0749838 0.0976732 0.1231404 0.1127486 0.1190457 0.1641199 0.1354655 0.1480555 0.1214217 0.0835196 0.0648347 0.0964637 0.1021370 0.1482895 0.0940006 0.1507353 0.1309928 0.1425093 0.1056172 0.0786593 0.1397379 0.1245638 0.1546514 0.1405908 0.1550881 0.1507931 0.1093097 0.1078319 0.1056327 0.1269024 0.1605381 0.0721238 0.0861931 0.0865886 0.1528660 0.0799796 0.0942626 0.1063783 0.1383021 0.1318335 0.1159360 0.1603973 0.1404754 0.1153371 0.1166564 0.1257473 0.1760360 0.1501889 0.0947253 0.1019360 0.1266252 0.1462255 0.1416161 0.1425942 0.1427049 
S0320         0.4513520 0.4304616 0.1137277 0.2241183 0.2883218 0.1608042 0.1336531 0.0914046 0.1461920 0.1850915 0.0575433 0.1459803 0.1832465 0.1649055 0.0519884 0.1750527 0.1652751 0.0000000 0.1810338 0.1093650 0.1587266 0.1648742 0.1804623 0.1941187 0.0955837 0.1649139 0.0989407 0.1400770 0.1646619 0.1083462 0.1838686 0.0832955 0.1580732 0.1686809 0.1410063 0.1889065 0.1469590 0.1956500 0.1820837 0.1131310 0.0732028 0.1235646 0.1738784 0.1444348 0.1856698 0.1913661 0.1641026 0.1817068 0.1598793 0.1944165 0.1436504 0.1379620 0.1738701 0.1437040 0.1363735 0.1814122 0.1375335 0.0586483 0.1585851 0.1099525 0.0435794 0.1355940 0.1147548 0.1568803 0.1395164 0.1750247 0.1576163 0.1496609 0.1817955 0.1422722 0.1988955 0.1739128 0.1495497 0.1342965 0.1398943 0.1474028 0.1892566 0.1400770 0.1925942 0.0993976 0.1762660 0.1388908 0.1455155 0.1770870 0.1490369 0.1892934 0.1732812 0.1913041 0.0951725 0.0918031 0.1058141 0.2204774 0.0830753 0.0628722 0.1528462 0.1751463 0.1787950 0.1894887 0.1415883 0.1496724 0.1366304 0.1702705 0.1591713 0.1567742 0.1709082 0.1822871 0.1061635 0.1546507 0.1510176 0.0786529 0.1901373 0.1438506 0.0770982 0.1348777 0.1352141 0.1695906 0.1443594 0.1976910 
S0322         0.4088600 0.4662014 0.1247139 0.2511989 0.2438397 0.1214781 0.1253229 0.1640173 0.1504750 0.1326369 0.1406991 0.0962116 0.1432142 0.1595557 0.1882740 0.0144400 0.1040645 0.1810338 0.0000000 0.1402721 0.1775054 0.1127937 0.1333346 0.1687214 0.1617036 0.1400109 0.1924868 0.1253229 0.1362105 0.1456447 0.0298002 0.1518385 0.1289184 0.1308608 0.1023648 0.0268560 0.0000010 0.1538255 0.1542843 0.1530982 0.1423578 0.1604882 0.1473059 0.1339964 0.0086082 0.1702865 0.1492922 0.0123917 0.0994181 0.1346582 0.1339138 0.1268685 0.1585862 0.1255414 0.1211440 0.1210869 0.1301430 0.1069770 0.1117150 0.1514502 0.1096513 0.1075434 0.1524194 0.1021301 0.1123272 0.1451305 0.1332021 0.1221654 0.1959953 0.1630824 0.1544714 0.1218375 0.0927654 0.0865210 0.0939583 0.1045343 0.1526292 0.1253229 0.1636485 0.1550098 0.1620772 0.1409310 0.0884826 0.1456528 0.1116992 0.1642020 0.1439050 0.1365602 0.1747698 0.1457218 0.1438565 0.0358713 0.1271941 0.1819184 0.0833001 0.0233258 0.0174737 0.1633134 0.0868619 0.1239918 0.1041529 0.1340524 0.1292153 0.1202492 0.1664380 0.1256553 0.1572368 0.1119164 0.1085426 0.2100151 0.1205680 0.1214726 0.1529752 0.1625305 0.1730078 0.1460942 0.1611074 0.1552563 
S0327         0.4564840 0.4959694 0.1307751 0.2062973 0.2708797 0.1343910 0.1285883 0.0706807 0.1248053 0.1539179 0.0500111 0.1276964 0.1486163 0.1738263 0.0824520 0.1677415 0.1279649 0.1093650 0.1402721 0.0000000 0.1489733 0.1449927 0.1466874 0.1641998 0.0731584 0.2011948 0.0832730 0.1288939 0.1502083 0.0524266 0.1677808 0.0637792 0.1402166 0.1904400 0.1341671 0.1865048 0.0764125 0.1782060 0.1516743 0.0774594 0.0751118 0.0777475 0.1475119 0.1450603 0.1708084 0.1670066 0.1756841 0.1600485 0.1457987 0.1536659 0.1449832 0.1351948 0.1488281 0.1350984 0.1286504 0.1766185 0.1363797 0.0513750 0.1424278 0.0664096 0.0319178 0.1370344 0.0775496 0.1439080 0.1368421 0.1808684 0.1483111 0.1432745 0.1855088 0.1492023 0.1603294 0.1517423 0.1393991 0.1146765 0.1321672 0.1481905 0.1643907 0.1288721 0.1653454 0.0281790 0.1678340 0.1126124 0.1333180 0.1525580 0.1483235 0.1697970 0.1475443 0.1749208 0.0828841 0.0569109 0.0597960 0.1887388 0.0768311 0.0688724 0.1276397 0.1775941 0.1741039 0.1541798 0.1337384 0.1314305 0.1142827 0.1419246 0.1281201 0.1355857 0.2030379 0.1676186 0.0278480 0.1394402 0.1354018 0.0813295 0.1513795 0.1352200 0.0440659 0.1394497 0.0895859 0.1417020 0.1290875 0.1606762 
S0335         0.4828689 0.5042405 0.0867931 0.0662744 0.2609591 0.1218271 0.0915499 0.1507861 0.1452926 0.1396732 0.1244881 0.0850392 0.1421309 0.1373807 0.1443252 0.1701119 0.1223156 0.1587266 0.1775054 0.1489733 0.0000000 0.1217769 0.1357627 0.1453769 0.1389647 0.1582334 0.1505490 0.0989476 0.1237549 0.1289289 0.1713710 0.1722735 0.1210883 0.1515426 0.1232995 0.1893662 0.1724513 0.1537648 0.1427711 0.1370396 0.1559875 0.1503876 0.1389695 0.1085068 0.1700846 0.1605866 0.1429399 0.1608857 0.1094138 0.1597538 0.1164186 0.1017602 0.1419444 0.0969342 0.0962628 0.1293063 0.0958698 0.1314557 0.1324804 0.1249466 0.1002878 0.0954806 0.1563908 0.1423874 0.1091823 0.1383045 0.1225054 0.1188729 0.1508505 0.1537607 0.1642613 0.1351396 0.1404095 0.1075533 0.1070564 0.1161546 0.1617993 0.0964113 0.1584032 0.1223996 0.1557968 0.0866244 0.1346661 0.1499047 0.1044419 0.1596339 0.1330487 0.1585241 0.1531186 0.1226810 0.1210440 0.1944297 0.1541047 0.1481622 0.1325857 0.1821710 0.1771056 0.1450977 0.1253195 0.0755861 0.0826782 0.1243784 0.1262529 0.0976871 0.1441659 0.1327037 0.1200316 0.1070937 0.0951663 0.1866405 0.1552963 0.1017673 0.1137776 0.1444040 0.1615285 0.1338889 0.1588644 0.1509844 
S0376         0.4171533 0.4609946 0.1035967 0.1694330 0.2201684 0.0636312 0.0927392 0.1654716 0.1484350 0.0601440 0.1244568 0.0975777 0.0618288 0.0912186 0.1481319 0.1346834 0.1243090 0.1648742 0.1127937 0.1449927 0.1217769 0.0000000 0.0584379 0.0729287 0.1319070 0.1052643 0.1619499 0.0925670 0.0459682 0.1132478 0.1455414 0.1676709 0.1292517 0.0996997 0.1153475 0.1630296 0.2001832 0.0839604 0.0614769 0.1403298 0.1362937 0.1315647 0.0601524 0.1172380 0.1352540 0.1411027 0.0845365 0.1382228 0.0876749 0.0686813 0.1229062 0.0882899 0.0659786 0.0882294 0.0876206 0.1300399 0.1067587 0.1345475 0.1337316 0.1249633 0.0962482 0.0967375 0.1415419 0.1231803 0.0968895 0.1466101 0.1308177 0.1132045 0.1023001 0.1409207 0.1344535 0.1042457 0.1295128 0.0876833 0.0972577 0.1117179 0.1373095 0.0877555 0.1317781 0.1053166 0.1527818 0.0957884 0.1238396 0.0704679 0.1183647 0.1354232 0.0588598 0.0867322 0.1549024 0.1247356 0.1283516 0.1638721 0.1484835 0.1682100 0.1111459 0.1481658 0.1463052 0.0635519 0.1187833 0.1171920 0.0979836 0.0542188 0.0557061 0.0535916 0.1559389 0.0709509 0.1162845 0.1185448 0.1199464 0.1906324 0.0722980 0.0906772 0.0946849 0.1343980 0.1478793 0.0556790 0.1438479 0.0612826 
S0400         0.3947744 0.4314634 0.1078322 0.1804437 0.2222785 0.0556727 0.0990860 0.1678219 0.1654087 0.0116314 0.1405342 0.0991642 0.0177067 0.0805055 0.1622057 0.1603365 0.1371518 0.1804623 0.1333346 0.1466874 0.1357627 0.0584379 0.0000000 0.0256799 0.1370295 0.0963017 0.1597363 0.0987829 0.0576448 0.1400915 0.1722368 0.1769716 0.1262552 0.1049812 0.1388791 0.1954065 0.2194483 0.0626000 0.0155459 0.1494860 0.1438838 0.1465562 0.0137366 0.1192296 0.1690367 0.1652795 0.0885567 0.1657649 0.1150226 0.0749281 0.1199710 0.1042762 0.0175242 0.0993167 0.0961401 0.1295950 0.1085426 0.1316615 0.1405008 0.1344829 0.1074290 0.1102184 0.1638496 0.1481878 0.0933205 0.1503825 0.1252586 0.1090196 0.0729372 0.1556577 0.1519299 0.1277340 0.1542378 0.1061140 0.1105668 0.1167923 0.1611124 0.0987678 0.1575542 0.1231362 0.1473434 0.1057336 0.1481031 0.0650067 0.1254762 0.1588098 0.0134764 0.0813284 0.1620323 0.1315475 0.1375228 0.1996666 0.1582082 0.1795489 0.1390497 0.1748450 0.1729699 0.0174990 0.1286351 0.1347890 0.0995837 0.0098842 0.0157382 0.0549480 0.1740913 0.0541071 0.1219177 0.1256717 0.1161972 0.2009082 0.0717071 0.1018614 0.1111910 0.1487172 0.1630499 0.0117400 0.1690663 0.0469396 
S0405         0.4472973 0.4532532 0.1207008 0.2032444 0.2578289 0.0698948 0.1119221 0.1681421 0.1671841 0.0274945 0.1538130 0.1192617 0.0376478 0.1025678 0.1932833 0.1718245 0.1510389 0.1941187 0.1687214 0.1641998 0.1453769 0.0729287 0.0256799 0.0000000 0.1531192 0.1118952 0.1814826 0.1089141 0.0765219 0.1580410 0.1776134 0.1876694 0.1447541 0.1155451 0.1497870 0.2027822 0.2078966 0.0840180 0.0151616 0.1670105 0.1538602 0.1654197 0.0213833 0.1347398 0.1770862 0.1752732 0.1034643 0.1742442 0.1276575 0.0896732 0.1358776 0.1121276 0.0311708 0.1097652 0.1113866 0.1428594 0.1238984 0.1430807 0.1534476 0.1457543 0.1249215 0.1260097 0.1850788 0.1543409 0.1109751 0.1665531 0.1439784 0.1205323 0.0935955 0.1616785 0.1644921 0.1403976 0.1562017 0.1167869 0.1262071 0.1355700 0.1656296 0.1115624 0.1734519 0.1407988 0.1634764 0.1191086 0.1501604 0.0796490 0.1462589 0.1748265 0.0229676 0.0938002 0.1733030 0.1430081 0.1486264 0.2015443 0.1609284 0.1963706 0.1499814 0.1864345 0.1845994 0.0171004 0.1371555 0.1414500 0.1172182 0.0196863 0.0173748 0.0717552 0.1918903 0.0776698 0.1534870 0.1437983 0.1402523 0.2148673 0.0866418 0.1123267 0.1404262 0.1547231 0.1740308 0.0274867 0.1712109 0.0589461 
S0407sl       0.4913769 0.5135345 0.1148899 0.1812974 0.2581263 0.1309680 0.1096305 0.0683434 0.1212093 0.1436054 0.0420368 0.1171327 0.1446569 0.1518566 0.0843693 0.1500608 0.1167891 0.0955837 0.1617036 0.0731584 0.1389647 0.1319070 0.1370295 0.1531192 0.0000000 0.1818930 0.0773101 0.1098653 0.1487905 0.0847999 0.1584212 0.0761547 0.1106656 0.1664820 0.1218804 0.1709644 0.0533939 0.1690751 0.1415404 0.1025077 0.0675585 0.0674388 0.1410783 0.1070716 0.1496788 0.1661360 0.1474225 0.1483760 0.1244679 0.1478112 0.1134520 0.1152475 0.1388892 0.1154006 0.1096745 0.1378989 0.0923133 0.0512751 0.1354559 0.0618093 0.0322896 0.1207046 0.0848185 0.1177626 0.1055581 0.1421831 0.1207839 0.1255524 0.1746990 0.1242269 0.1671511 0.1384197 0.1388281 0.1038700 0.1083439 0.1198682 0.1676359 0.1098484 0.1613143 0.0610047 0.1318228 0.1205348 0.1330626 0.1521599 0.1276825 0.1654290 0.1317556 0.1660818 0.0714910 0.0511438 0.0537524 0.1757548 0.0673200 0.0688411 0.1186155 0.1585123 0.1558225 0.1438886 0.1277504 0.1210618 0.0997756 0.1288884 0.1227940 0.1216962 0.1653942 0.1420140 0.0385355 0.1201740 0.1192357 0.0792080 0.1523824 0.1154923 0.0176273 0.1159165 0.0849425 0.1325728 0.1225429 0.1529191 
S0412sl       0.4736753 0.5030599 0.1217066 0.2059821 0.2621348 0.0702335 0.1179455 0.2036336 0.1792269 0.1008347 0.1628992 0.1142998 0.1042584 0.0928690 0.1747297 0.1846060 0.1680773 0.1649139 0.1400109 0.2011948 0.1582334 0.1052643 0.0963017 0.1118952 0.1818930 0.0000000 0.1947507 0.1152650 0.0912719 0.1425658 0.2040758 0.2002688 0.1526320 0.0799264 0.1662370 0.2187443 0.2856625 0.1228187 0.1042389 0.1811515 0.1845885 0.1813838 0.1002261 0.1344025 0.1833137 0.1842423 0.0516961 0.1920245 0.1216480 0.1155645 0.1493048 0.1183046 0.1031854 0.1182245 0.1146240 0.1561816 0.1235942 0.1672813 0.1651074 0.1660483 0.1503676 0.1267448 0.1969567 0.1682132 0.1144154 0.1737067 0.1545411 0.1338824 0.0815325 0.1792603 0.1846954 0.1366651 0.1643706 0.1514433 0.1264157 0.1462350 0.1877035 0.1175605 0.1848644 0.1536153 0.1773861 0.1382623 0.1582099 0.1085759 0.1358626 0.1893244 0.0957783 0.1097333 0.1859668 0.1749264 0.1723856 0.2258205 0.1812855 0.2005239 0.1704171 0.1994804 0.1976700 0.1064418 0.1622959 0.1442644 0.1147753 0.0922084 0.0889552 0.0695804 0.1895101 0.0970378 0.1511454 0.1292420 0.1285859 0.2513547 0.0967466 0.1205341 0.1428803 0.1724068 0.1978418 0.0977692 0.1896700 0.1045893 
S0417         0.4694483 0.5128813 0.1378071 0.2081394 0.2842433 0.1504980 0.1324625 0.0751867 0.1394383 0.1723696 0.0604668 0.1358986 0.1762034 0.1625992 0.0819405 0.1855021 0.1495820 0.0989407 0.1924868 0.0832730 0.1505490 0.1619499 0.1597363 0.1814826 0.0773101 0.1947507 0.0000000 0.1302654 0.1693317 0.0751112 0.1830774 0.0934908 0.1495977 0.1885736 0.1481828 0.2011757 0.0610212 0.1964167 0.1728185 0.1175723 0.0917489 0.0957611 0.1665462 0.1363152 0.1791326 0.1834914 0.1706479 0.1767276 0.1641512 0.1788276 0.1546661 0.1335922 0.1700358 0.1386525 0.1325240 0.1773640 0.1254995 0.0605516 0.1624370 0.0866986 0.0565170 0.1344395 0.1176203 0.1476790 0.1416125 0.1752214 0.1606783 0.1578702 0.2091600 0.1573000 0.1889631 0.1788889 0.1788845 0.1343969 0.1480851 0.1607837 0.1810094 0.1327397 0.1783518 0.0808009 0.1740380 0.1363058 0.1725051 0.1697208 0.1547598 0.1827026 0.1620673 0.1820961 0.0816790 0.0775019 0.0818674 0.2131782 0.0963649 0.0715843 0.1446178 0.1946574 0.1917407 0.1752384 0.1590375 0.1422460 0.1253005 0.1550924 0.1525041 0.1390152 0.1918394 0.1623256 0.0836511 0.1445414 0.1460524 0.0923029 0.1771483 0.1387710 0.0711172 0.1479525 0.1174560 0.1636592 0.1589843 0.1762110 
S0419         0.4268362 0.4532113 0.0633905 0.1316136 0.2133106 0.0780189 0.0149767 0.1174106 0.0924229 0.1052514 0.1016521 0.0673284 0.1065329 0.1070117 0.1237151 0.1299811 0.0988351 0.1400770 0.1253229 0.1288939 0.0989476 0.0925670 0.0987829 0.1089141 0.1098653 0.1152650 0.1302654 0.0000000 0.0936543 0.0852629 0.1275696 0.1390818 0.0951443 0.1157684 0.1063643 0.1524000 0.1640087 0.1137446 0.1038083 0.1136125 0.1228967 0.1194219 0.1027369 0.0592689 0.1317442 0.1162042 0.1017216 0.1225913 0.0810309 0.1061366 0.0898466 0.0112139 0.1061809 0.0112063 0.0093066 0.1086070 0.0526111 0.0988336 0.1157406 0.1111890 0.0819072 0.0796065 0.1300605 0.1069575 0.0774841 0.1191448 0.0970292 0.0875672 0.1194385 0.0955241 0.1231872 0.0808808 0.1085550 0.0891100 0.0765426 0.0845610 0.1120031 0.0074067 0.1122587 0.1051627 0.1307752 0.0746687 0.1032933 0.1118488 0.0829234 0.1156030 0.0953892 0.1067576 0.1315766 0.1046490 0.1030525 0.1532034 0.1130505 0.1310027 0.1022896 0.1327101 0.1308558 0.1060022 0.1022898 0.0820703 0.0720103 0.0890146 0.0861540 0.0677615 0.1288809 0.0971188 0.1115707 0.0834976 0.0844401 0.1604093 0.1099564 0.0112116 0.0868589 0.0877005 0.1247224 0.0953388 0.0939336 0.1015912 
S0427         0.4230290 0.4893402 0.0973040 0.1669518 0.2257293 0.0630025 0.0938267 0.1764209 0.1385258 0.0661106 0.1411499 0.0935556 0.0654628 0.0851901 0.1700928 0.1463928 0.1234529 0.1646619 0.1362105 0.1502083 0.1237549 0.0459682 0.0576448 0.0765219 0.1487905 0.0912719 0.1693317 0.0936543 0.0000000 0.1418008 0.1465374 0.1760483 0.1331561 0.1126847 0.1314921 0.1756955 0.1862726 0.0791016 0.0650926 0.1510925 0.1499192 0.1499386 0.0660578 0.1079438 0.1453087 0.1539967 0.0857978 0.1449915 0.0989905 0.0820190 0.1271514 0.0894269 0.0673561 0.0893665 0.0887559 0.1313805 0.1027404 0.1390609 0.1303218 0.1392727 0.1130905 0.1084311 0.1691659 0.1279702 0.1009636 0.1511667 0.1350754 0.1179379 0.0935002 0.1485960 0.1467912 0.1126873 0.1280353 0.1021305 0.1101221 0.1217771 0.1499364 0.0888911 0.1494886 0.1405018 0.1536183 0.1004116 0.1224339 0.0838005 0.1089632 0.1533595 0.0624599 0.0935475 0.1605022 0.1360648 0.1390417 0.1763578 0.1593057 0.1740987 0.1263985 0.1547328 0.1528917 0.0671536 0.1174117 0.1180366 0.0939388 0.0579513 0.0550507 0.0595362 0.1569800 0.0682895 0.1520639 0.1139991 0.1153251 0.2112599 0.0742640 0.0915425 0.1270045 0.1423224 0.1648706 0.0525728 0.1581741 0.0695420 
S0428sl       0.4378757 0.5062762 0.0970478 0.1713145 0.2245332 0.1136511 0.0884091 0.0538671 0.0791739 0.1419238 0.0430061 0.1082623 0.1387907 0.1356203 0.1033335 0.1303072 0.1269275 0.1083462 0.1456447 0.0524266 0.1289289 0.1132478 0.1400915 0.1580410 0.0847999 0.1425658 0.0751112 0.0852629 0.1418008 0.0000000 0.1201329 0.0512860 0.1016381 0.1453452 0.0962776 0.1476344 0.1477265 0.1587737 0.1494239 0.0393980 0.0719933 0.0971952 0.1410889 0.1018956 0.1405817 0.1434614 0.1480982 0.1195920 0.0971632 0.1324777 0.1089439 0.0890096 0.1496656 0.0887387 0.0850890 0.1289932 0.0949729 0.0339281 0.1230424 0.0601727 0.0377738 0.1071637 0.0700109 0.1125497 0.0921156 0.1464797 0.1167884 0.1030864 0.1641686 0.1017274 0.1502022 0.1106610 0.1154041 0.0937493 0.1034097 0.1095218 0.1295722 0.0852629 0.1381912 0.0613866 0.1462446 0.0879151 0.1113787 0.1339675 0.1176419 0.1391052 0.1405162 0.1413346 0.0814886 0.0541328 0.0650158 0.1674187 0.0495259 0.0705374 0.1062675 0.1409982 0.1375272 0.1571732 0.1037704 0.1120392 0.0984728 0.1323933 0.1241802 0.1143453 0.1779540 0.1347047 0.0529971 0.1186704 0.1133225 0.0954255 0.1248193 0.0856278 0.0640217 0.1014605 0.0782796 0.1447168 0.1065113 0.1385292 
S0430         0.4173682 0.4696024 0.1430221 0.2159902 0.2740275 0.1507512 0.1221226 0.1637427 0.1436362 0.1761722 0.1372707 0.1165160 0.1747700 0.1643897 0.1833820 0.0207508 0.0908850 0.1838686 0.0298002 0.1677808 0.1713710 0.1455414 0.1722368 0.1776134 0.1584212 0.2040758 0.1830774 0.1275696 0.1465374 0.1201329 0.0000000 0.1712483 0.1348417 0.1928428 0.0914102 0.0472519 0.1825084 0.1719284 0.1826230 0.1652359 0.1567002 0.1599016 0.1827618 0.1479103 0.0253582 0.1514677 0.1813578 0.0057676 0.1232799 0.1612092 0.1365561 0.1230045 0.1740560 0.1256195 0.1221759 0.1366070 0.1427425 0.1350552 0.1159735 0.1418994 0.1202660 0.1182389 0.1648637 0.0875616 0.1292815 0.1470538 0.1388226 0.1371622 0.2068998 0.1477545 0.1561499 0.1261167 0.1110545 0.0901267 0.1146242 0.1261856 0.1498407 0.1223726 0.1531952 0.1281193 0.1645980 0.1392039 0.1057524 0.1734705 0.1432903 0.1571447 0.1716570 0.1907661 0.1762883 0.1323531 0.1270953 0.0375515 0.1646255 0.1885842 0.0848758 0.0227060 0.0228260 0.1850449 0.1054934 0.1392768 0.1188953 0.1703691 0.1627899 0.1489085 0.1747914 0.1593474 0.1390750 0.1295063 0.1416771 0.1947950 0.1797139 0.1205378 0.1357718 0.1439989 0.1634456 0.1704661 0.1692217 0.1622790 
S0478         0.4796913 0.5047611 0.1383650 0.2322232 0.2802352 0.1538026 0.1385314 0.0738367 0.1369409 0.1842157 0.0498843 0.1529997 0.1772193 0.1671100 0.0792374 0.1567634 0.1471964 0.0832955 0.1518385 0.0637792 0.1722735 0.1676709 0.1769716 0.1876694 0.0761547 0.2002688 0.0934908 0.1390818 0.1760483 0.0512860 0.1712483 0.0000000 0.1383949 0.1940527 0.1480860 0.1803102 0.0940999 0.2012932 0.1814293 0.0934187 0.0646309 0.0832875 0.1769729 0.1568905 0.1622670 0.2015683 0.1874761 0.1619428 0.1455665 0.1706453 0.1512953 0.1395774 0.1785419 0.1423402 0.1385995 0.1753745 0.1483383 0.0546218 0.1575381 0.0731627 0.0328571 0.1330096 0.0983491 0.1527843 0.1430448 0.1752928 0.1633351 0.1674422 0.2151741 0.1464496 0.2035888 0.1550653 0.1538688 0.1315268 0.1467993 0.1572261 0.1960467 0.1388318 0.1959442 0.0432073 0.1607157 0.1379450 0.1531401 0.1568050 0.1647376 0.2006698 0.1701398 0.1791582 0.0858809 0.0662373 0.0711877 0.1892919 0.0758953 0.0728027 0.1389226 0.1687364 0.1627382 0.1801096 0.1541895 0.1559262 0.1423118 0.1687542 0.1575805 0.1633652 0.2175501 0.1777057 0.0567683 0.1653811 0.1616448 0.0850270 0.1796373 0.1369867 0.0435113 0.1426816 0.0941673 0.1682354 0.1524694 0.1690344 
S0552sl       0.4372005 0.4890662 0.1059892 0.1670126 0.2157734 0.1200330 0.0924534 0.1377950 0.1240806 0.1330741 0.1181179 0.0854245 0.1369819 0.1459284 0.1417175 0.1318556 0.1049440 0.1580732 0.1289184 0.1402166 0.1210883 0.1292517 0.1262552 0.1447541 0.1106656 0.1526320 0.1495977 0.0951443 0.1331561 0.1016381 0.1348417 0.1383949 0.0000000 0.1526198 0.1103129 0.1600222 0.1870762 0.1532691 0.1361154 0.1335694 0.1346790 0.1264447 0.1384353 0.1035306 0.1386741 0.1493094 0.1478575 0.1324420 0.0838248 0.1471831 0.0272360 0.0979696 0.1358104 0.0931332 0.0953566 0.0584050 0.0934625 0.1049385 0.1151239 0.1179014 0.0926171 0.0933130 0.1603464 0.1062453 0.0362360 0.0681949 0.0314287 0.0329532 0.1680605 0.1427400 0.1558641 0.0985682 0.1072192 0.0798385 0.0448798 0.0530493 0.1504354 0.0926291 0.1501564 0.1126471 0.0800896 0.0973216 0.1067393 0.1411754 0.1059348 0.1541093 0.1214521 0.1496947 0.1588413 0.1157594 0.1112226 0.1660639 0.1190413 0.1609010 0.1066446 0.1455712 0.1402319 0.1384463 0.1019088 0.1047184 0.0953145 0.1158511 0.1221302 0.1092560 0.1563328 0.1352442 0.1017947 0.1027719 0.1067933 0.1762083 0.1456095 0.0979757 0.0817968 0.1336256 0.1445983 0.1271992 0.1505771 0.1348247 
