116
CRNC          0.0000000 0.2621993 0.2172947 0.4222157 0.4536126 0.3890792 0.3777504 0.4050267 0.4696046 0.4023109 0.4005884 0.4118858 0.3993010 0.4108794 0.4320946 0.4497337 0.4472276 0.4119012 0.3913348 0.4432321 0.4212633 0.4159801 0.4024214 0.4199550 0.4251188 0.4574561 0.4025643 0.4183582 0.3832934 0.3948783 0.5792738 0.4681995 0.4264943 0.4401040 0.4096448 0.4163227 0.4076846 0.4344431 0.4204261 0.4146691 0.4140303 0.4570013 0.4032717 0.4550448 0.3972587 0.4249573 0.4434899 0.4290928 0.4476158 0.4185975 0.3877674 0.4074692 0.3790953 0.4242939 0.3884516 0.3820318 0.4260972 0.3958898 0.4221448 0.4286455 0.4363073 0.3936323 0.3949081 0.4400784 0.4251247 0.4220077 0.4258751 0.3881823 0.4304029 0.3900892 0.4076090 0.4464982 0.4700383 0.3961848 0.4230900 0.4355651 0.3924325 0.5542637 0.4558306 0.4175672 0.4181791 0.4465139 0.4154644 0.4445542 0.4110992 0.4267793 0.3920586 0.4079340 0.4243211 0.4571184 0.4389905 0.4255113 0.4029247 0.3814590 0.4442012 0.4588031 0.4263946 0.4471982 0.4159540 0.3993138 0.4212353 0.4173766 0.4105141 0.4129137 0.4470533 0.3832422 0.4225546 0.4232665 0.4385719 0.4125219 0.3834708 0.3904069 0.4323975 0.4518510 0.4047781 0.4515142 
HYZL          0.2621993 0.0000000 0.0000010 0.3990767 0.5842052 0.3962347 0.3403908 0.3882968 0.3992459 0.4066931 0.3914327 0.3862912 0.3948451 0.3936243 0.3994704 0.4339157 0.4324369 0.4398395 0.3948829 0.4151839 0.3833036 0.3939415 0.3608391 0.3864032 0.3986257 0.4794356 0.3884592 0.3964313 0.3827607 0.3420788 0.5083986 0.4412600 0.3878593 0.4086945 0.4057104 0.4308561 0.3816653 0.4124652 0.3853924 0.4252617 0.3932131 0.4732477 0.3556552 0.4025767 0.3650017 0.4005285 0.4227792 0.3614110 0.4283367 0.3741694 0.3731884 0.4276556 0.3777877 0.3784810 0.3794736 0.3848454 0.3953009 0.3712252 0.3984048 0.4287418 0.4216565 0.3885603 0.3833203 0.4623067 0.3894191 0.4183212 0.4124541 0.4434620 0.4050663 0.3968395 0.3946861 0.4690178 0.4609144 0.3480248 0.3933432 0.4116127 0.3679692 0.4724667 0.4572643 0.3972723 0.3642818 0.4633498 0.3827730 0.4497635 0.3800083 0.4084377 0.3911828 0.4092389 0.4202648 0.4228318 0.4370542 0.3961638 0.3786879 0.3794533 0.4312122 0.4344351 0.3740368 0.4393597 0.4183149 0.3598639 0.3820364 0.3853530 0.3678584 0.4153870 0.3952048 0.3983571 0.4028531 0.4122887 0.4417916 0.3742585 0.3728634 0.4082225 0.3969438 0.4176379 0.3763557 0.4262036 
MYZV          0.2172947 0.0000010 0.0000000 0.5593286 0.0000010 0.4861099 0.5582218 0.4795093 0.0000010 0.4610600 0.4607269 0.4984504 0.4297520 0.5111198 0.5071608 0.5457556 0.5285965 0.5086561 0.3981202 0.0000010 0.4346156 0.5712087 0.4698970 0.4965425 0.4997314 0.5020387 0.5120436 0.4610600 0.4589323 0.4698970 0.4752249 0.5757101 0.5766199 0.5437864 0.5397256 0.4851747 0.4827099 0.5230693 0.5101270 0.4592630 0.4598434 0.4427145 0.5417540 0.4997314 0.4997314 0.6276962 0.0000010 0.5272844 0.5377030 0.0000010 0.4682721 0.5141489 0.4311278 0.5121824 0.4589323 0.4589323 0.4997314 0.4761928 0.5304717 0.4526408 0.4717447 0.4697855 0.4865719 0.5287308 0.5437864 0.6126149 0.6348347 0.4997314 0.4997314 0.0000010 0.6085042 0.5013642 0.5109791 0.4997314 0.5293922 0.0000010 0.4589323 0.0000010 0.8121619 0.5147491 0.6184133 0.5304717 0.4997314 0.5439882 0.4997314 0.4701121 0.4325823 0.4884308 0.5417540 0.6045879 0.5165916 0.5304717 0.4899759 0.5098719 0.4890043 0.5643757 0.5304717 0.4488093 0.5425689 0.5426429 0.4717447 0.5304717 0.4666674 0.4987127 0.5531199 0.5204055 0.5426429 0.5753575 0.4997314 0.4997314 0.4589323 0.4610600 0.5304717 0.5286279 0.4476803 0.4997314 
SRR6441723    0.4222157 0.3990767 0.5593286 0.0000000 0.1441612 0.0893961 0.2303879 0.0577313 0.0532054 0.0832707 0.0603497 0.0693946 0.0765952 0.0388300 0.0746016 0.1023975 0.0990454 0.0868309 0.0730090 0.0996998 0.0655743 0.0367087 0.0671270 0.0639127 0.0635553 0.0999407 0.0995720 0.0655621 0.0510739 0.0675148 0.1105143 0.1049392 0.0820518 0.0727853 0.0738460 0.0970744 0.0506546 0.0830958 0.0620075 0.0726113 0.0674826 0.0865657 0.0577431 0.0667496 0.0573676 0.1152781 0.2273483 0.0867467 0.1015125 0.0719936 0.0681018 0.0800060 0.0507939 0.0743789 0.0509114 0.0528631 0.0803861 0.0600724 0.0683968 0.0744368 0.0804172 0.0453313 0.0868501 0.0816700 0.0684427 0.0776937 0.0625609 0.0988410 0.0579599 0.1900521 0.0809325 0.0863620 0.1073555 0.0584061 0.0678452 0.2259510 0.0565911 0.2264875 0.1064604 0.0602260 0.0592194 0.0863622 0.0717907 0.0654109 0.0599533 0.0836603 0.0549700 0.0767223 0.0776307 0.0861214 0.1016046 0.0649063 0.0663625 0.0624724 0.1056939 0.1073216 0.0760080 0.0683845 0.0342552 0.0408593 0.0681360 0.0659692 0.0558717 0.0530012 0.0761289 0.0712634 0.0531578 0.0490857 0.0930885 0.0878818 0.0489361 0.0771466 0.0617606 0.0969457 0.0525951 0.0842513 
ERR4210213    0.4536126 0.5842052 0.0000010 0.1441612 0.0000000 0.2080412 0.3253129 0.1638887 0.2054021 0.1667519 0.2086290 0.1744604 0.1667399 0.1584850 0.1769069 0.2047207 0.1942373 0.1846527 0.1669736 0.1644217 0.1495120 0.1049299 0.1851057 0.1723569 0.1807442 0.2348551 0.2005915 0.1644713 0.1777733 0.1915533 0.3159901 0.1932388 0.1834136 0.1973806 0.1799123 0.2194595 0.1489943 0.1547460 0.1770734 0.1622069 0.1895468 0.1694447 0.1634501 0.2368813 0.1782498 0.1817725 0.3511552 0.1907300 0.1998542 0.2161014 0.1623692 0.2147934 0.1718307 0.2001712 0.1769399 0.1655850 0.1930929 0.1831582 0.1905227 0.1809824 0.1740674 0.1469159 0.1552978 0.1949179 0.1835493 0.1651529 0.1582563 0.0931682 0.1664683 0.3174484 0.1806557 0.1847553 0.2212779 0.1756199 0.1729180 0.3522330 0.1757521 0.3373045 0.1970267 0.1639302 0.1621954 0.1900464 0.1915433 0.1886707 0.1658912 0.1868229 0.1610380 0.1626896 0.1729782 0.1580338 0.1876565 0.2020825 0.1492164 0.1407893 0.1883264 0.1836789 0.1911061 0.1794610 0.1604530 0.1526372 0.1774365 0.1766214 0.1537326 0.1823925 0.2084885 0.1578610 0.1571389 0.1631478 0.1787776 0.1943792 0.1718307 0.1658196 0.1681729 0.1790322 0.1573138 0.1706348 
ERR2789774    0.3890792 0.3962347 0.4861099 0.0893961 0.2080412 0.0000000 0.2302985 0.0606110 0.0980728 0.0880855 0.0944606 0.0486684 0.0813033 0.0710354 0.0467589 0.0912487 0.1004693 0.1084972 0.0718510 0.0970138 0.0664574 0.0870166 0.0598450 0.0466259 0.0414226 0.1225422 0.0962619 0.0829972 0.0720743 0.0653616 0.1232186 0.1053363 0.0828344 0.0857740 0.0764458 0.1073377 0.0752990 0.0748362 0.0393226 0.0798344 0.0701807 0.0887507 0.0574426 0.0496227 0.0707502 0.1063701 0.2465376 0.0850953 0.0937125 0.0890301 0.0506308 0.1144575 0.0691558 0.0597174 0.0718710 0.0722159 0.1016707 0.0771039 0.0716288 0.0903034 0.0796438 0.0915372 0.0828935 0.0920786 0.0884216 0.0843642 0.0960581 0.0742570 0.0908780 0.2153719 0.0900701 0.1044010 0.1421359 0.0885768 0.0947877 0.2319033 0.0748148 0.2214876 0.1479462 0.0939297 0.0915748 0.1044015 0.0657893 0.1016428 0.0390768 0.0724564 0.0864853 0.0762333 0.0792720 0.0840048 0.0938287 0.0831195 0.0727978 0.0471363 0.1079708 0.1113382 0.0540171 0.0758351 0.0920224 0.0596328 0.0392253 0.0415735 0.0584086 0.1044511 0.0798173 0.0649124 0.0807445 0.0832008 0.1009153 0.0709999 0.0691574 0.0873760 0.0929455 0.0898158 0.0346872 0.0682420 
PAFTOL_019361 0.3777504 0.3403908 0.5582218 0.2303879 0.3253129 0.2302985 0.0000000 0.2183328 0.2500456 0.2478358 0.2427040 0.2328109 0.2347125 0.2058451 0.2467672 0.2554257 0.2544349 0.2278113 0.2337851 0.2413101 0.2368887 0.2380162 0.2391024 0.2287985 0.2303698 0.2850034 0.2626122 0.2387577 0.2064514 0.2210087 0.3016454 0.2525797 0.2654286 0.2487214 0.2690450 0.2406110 0.2284448 0.2547878 0.2291349 0.2571327 0.2332343 0.2573429 0.2251007 0.2327770 0.2282216 0.2304402 0.3445936 0.2704659 0.2461464 0.2245866 0.2256290 0.2428064 0.2013295 0.2345182 0.2097859 0.2019222 0.2508240 0.2284876 0.2389680 0.2343062 0.2546424 0.2290407 0.2265595 0.2486841 0.2413779 0.2491177 0.2434681 0.2548211 0.2407546 0.2994659 0.2566195 0.2466413 0.2635386 0.2134932 0.2311888 0.3221367 0.2180608 0.3729148 0.2641159 0.2266900 0.2457878 0.2466429 0.2399238 0.2397681 0.2258881 0.2479467 0.2164574 0.2451323 0.2487155 0.2675477 0.2349818 0.2388974 0.2506690 0.2086568 0.2320113 0.2533191 0.2249848 0.2366426 0.2332785 0.2171200 0.2325941 0.2322342 0.2219596 0.2219921 0.2533176 0.2378195 0.2305681 0.2198067 0.2614650 0.2564424 0.2065491 0.2471523 0.2452405 0.2629237 0.2112389 0.2729687 
S0055         0.4050267 0.3882968 0.4795093 0.0577313 0.1638887 0.0606110 0.2183328 0.0000000 0.0687392 0.0733710 0.0651336 0.0469352 0.0707000 0.0468237 0.0515512 0.0838050 0.0903372 0.0782525 0.0672562 0.1027927 0.0511239 0.0581925 0.0552230 0.0398677 0.0378488 0.0981122 0.0733637 0.0657522 0.0456435 0.0498620 0.0959436 0.0936256 0.0691992 0.0757795 0.0630754 0.0884746 0.0570075 0.0572820 0.0362799 0.0672136 0.0539869 0.0732959 0.0308090 0.0434479 0.0581916 0.0998137 0.2024417 0.0572646 0.0900006 0.0536877 0.0356019 0.0832672 0.0453940 0.0513076 0.0436372 0.0474255 0.0815577 0.0589456 0.0573974 0.0787131 0.0652160 0.0570141 0.0777363 0.0753806 0.0674029 0.0768615 0.0695909 0.0827007 0.0501858 0.1923061 0.0576001 0.0933519 0.1148325 0.0590417 0.0666303 0.2138581 0.0492344 0.2270070 0.1084993 0.0756842 0.0761439 0.0911265 0.0361784 0.0718896 0.0380445 0.0577849 0.0471807 0.0608911 0.0648158 0.0721510 0.0879356 0.0615426 0.0649567 0.0480088 0.1030126 0.1001458 0.0472868 0.0727005 0.0613426 0.0449009 0.0437029 0.0399209 0.0201546 0.0654323 0.0531316 0.0628632 0.0554027 0.0592888 0.0870464 0.0596775 0.0417042 0.0753577 0.0539599 0.0726340 0.0310600 0.0609740 
S0196sl       0.4696046 0.3992459 0.0000010 0.0532054 0.2054021 0.0980728 0.2500456 0.0687392 0.0000000 0.0930789 0.0556417 0.0974176 0.0781055 0.0575493 0.0996585 0.1125287 0.1251789 0.0911730 0.0709108 0.1190338 0.0598018 0.0689554 0.0815445 0.0821843 0.0849846 0.1096921 0.1111929 0.0786242 0.0474347 0.0791254 0.1045522 0.1275274 0.0908171 0.0900591 0.0905592 0.1032280 0.0583841 0.0886235 0.0855603 0.0704661 0.0927084 0.1148701 0.0665240 0.0905613 0.0564145 0.1351040 0.2110901 0.0874437 0.1260596 0.0667626 0.0741966 0.0858557 0.0415243 0.0956632 0.0472084 0.0444961 0.0789854 0.0569197 0.0941190 0.0817658 0.1022438 0.0561124 0.0840938 0.1007784 0.0741096 0.0722471 0.0619112 0.1389528 0.0572056 0.1640267 0.0699338 0.0979718 0.1082423 0.0730476 0.0775864 0.1977430 0.0470711 0.2411687 0.1182803 0.0742610 0.0778444 0.0978423 0.0789985 0.0810344 0.0856112 0.0870284 0.0528244 0.0798234 0.1148775 0.1061594 0.1268219 0.0851907 0.0642952 0.0816353 0.1301713 0.1247265 0.0921097 0.0844802 0.0710461 0.0577294 0.0957659 0.0822381 0.0689344 0.0710303 0.0876665 0.0861773 0.0808489 0.0740204 0.0912426 0.0896444 0.0442874 0.1034883 0.0593507 0.1116846 0.0731564 0.1012618 
S0278         0.4023109 0.4066931 0.4610600 0.0832707 0.1667519 0.0880855 0.2478358 0.0733710 0.0930789 0.0000000 0.0742888 0.0910033 0.0380151 0.0744495 0.0885327 0.1141181 0.0955091 0.1010699 0.0287069 0.1037990 0.0426493 0.0756063 0.0848784 0.0813244 0.0808649 0.0569105 0.0975882 0.0415773 0.0625369 0.0748861 0.0820808 0.0988595 0.0706635 0.0932327 0.0935473 0.1091086 0.0310951 0.0941601 0.0793649 0.0340207 0.0736093 0.1013577 0.0688903 0.0895652 0.0820591 0.0952377 0.2066114 0.0957694 0.0952637 0.0938486 0.0755842 0.0903070 0.0621918 0.0964510 0.0584988 0.0643559 0.0967761 0.0789505 0.0704854 0.0947580 0.0828825 0.0762811 0.0428355 0.0961806 0.0784778 0.0902777 0.0894442 0.1059108 0.0661391 0.1832347 0.0980407 0.1034686 0.1381012 0.0810862 0.0887897 0.2132743 0.0642868 0.2037061 0.1202349 0.0905062 0.0856532 0.1034690 0.0770053 0.0993643 0.0812842 0.0913554 0.0808164 0.0428604 0.0790794 0.0906264 0.0887215 0.0728439 0.0274046 0.0673601 0.1055499 0.1080337 0.0854954 0.0890069 0.0896737 0.0663835 0.0877308 0.0788503 0.0727648 0.0832678 0.0957581 0.0596556 0.0827926 0.0828355 0.0453378 0.0911950 0.0564714 0.0411645 0.0721667 0.0914602 0.0737813 0.1003003 
S0281         0.4005884 0.3914327 0.4607269 0.0603497 0.2086290 0.0944606 0.2427040 0.0651336 0.0556417 0.0742888 0.0000000 0.0809601 0.0796980 0.0498457 0.0843822 0.1093522 0.1028203 0.0840634 0.0740927 0.1187531 0.0725834 0.0711525 0.0768699 0.0794967 0.0750141 0.1030816 0.0977597 0.0726262 0.0413450 0.0755194 0.1025423 0.1087867 0.0871959 0.0721179 0.0824695 0.0918835 0.0579460 0.0866997 0.0734994 0.0735681 0.0756495 0.0873759 0.0593443 0.0775607 0.0510443 0.1138146 0.2085461 0.0851753 0.1053795 0.0875949 0.0758902 0.0734235 0.0411219 0.0861844 0.0412150 0.0430917 0.0755707 0.0497752 0.0784092 0.0799558 0.0732258 0.0600124 0.0901218 0.0812626 0.0698256 0.0772762 0.0698797 0.0965449 0.0532382 0.1911186 0.0801132 0.0899390 0.1102944 0.0639271 0.0733706 0.2038910 0.0430423 0.2325203 0.1198043 0.0756380 0.0834563 0.0899392 0.0708422 0.0749649 0.0709196 0.0852559 0.0622385 0.0757191 0.0746692 0.0806169 0.1054739 0.0748911 0.0677601 0.0619622 0.1119553 0.1089670 0.0836558 0.0719287 0.0806106 0.0441230 0.0792564 0.0730212 0.0652117 0.0640814 0.0832409 0.0764904 0.0641220 0.0541963 0.0940253 0.0892956 0.0393236 0.0802954 0.0549854 0.0956593 0.0679433 0.0878246 
S0282         0.4118858 0.3862912 0.4984504 0.0693946 0.1744604 0.0486684 0.2328109 0.0469352 0.0974176 0.0910033 0.0809601 0.0000000 0.0864495 0.0563233 0.0285483 0.0809462 0.1111631 0.0904867 0.0809977 0.1238563 0.0734131 0.0658610 0.0645576 0.0180277 0.0212961 0.1168390 0.0888191 0.0814820 0.0607122 0.0685322 0.1308462 0.1148274 0.0898731 0.0829579 0.0701433 0.0983349 0.0685109 0.0588634 0.0163722 0.0871859 0.0740175 0.0897646 0.0412886 0.0224585 0.0780762 0.1185461 0.2099219 0.0586470 0.1089501 0.0838993 0.0257099 0.0970408 0.0565579 0.0301627 0.0605183 0.0586784 0.0935855 0.0812040 0.0749890 0.0861954 0.0850315 0.0685363 0.0884287 0.0940404 0.0784609 0.0862995 0.0817294 0.0639694 0.0661896 0.1981209 0.0755402 0.0968582 0.1286129 0.0731757 0.0809105 0.2061784 0.0624617 0.2388628 0.1132229 0.0873534 0.0862987 0.0968584 0.0488255 0.0840804 0.0180270 0.0653253 0.0685113 0.0762716 0.0849355 0.0930687 0.1090463 0.0793736 0.0806473 0.0593172 0.1196082 0.1208097 0.0317516 0.0824690 0.0672380 0.0542249 0.0214854 0.0214493 0.0396101 0.0772676 0.0490018 0.0707383 0.0669375 0.0709269 0.0989967 0.0628579 0.0584743 0.0937007 0.0681034 0.0972399 0.0114427 0.0664357 
S0289         0.3993010 0.3948451 0.4297520 0.0765952 0.1667399 0.0813033 0.2347125 0.0707000 0.0781055 0.0380151 0.0796980 0.0864495 0.0000000 0.0737297 0.0815814 0.1114179 0.0975421 0.0893521 0.0235380 0.1002255 0.0283762 0.0813366 0.0802715 0.0745373 0.0762342 0.0616157 0.0969196 0.0275680 0.0573693 0.0719592 0.0621793 0.1009938 0.0556356 0.0929136 0.0803612 0.0907071 0.0298598 0.0902807 0.0746982 0.0310080 0.0687396 0.0871767 0.0682499 0.0864312 0.0813529 0.0969800 0.2116429 0.0883939 0.0971180 0.0852357 0.0707356 0.0962819 0.0551250 0.0897679 0.0533533 0.0572523 0.0871594 0.0756407 0.0656698 0.0831799 0.0808902 0.0675803 0.0451878 0.0911904 0.0820577 0.0874971 0.0911959 0.0950668 0.0632755 0.1815583 0.0885178 0.0939423 0.1243149 0.0841849 0.0945453 0.2091432 0.0591290 0.2032023 0.0989573 0.0857839 0.0719148 0.0939425 0.0744907 0.0895115 0.0746635 0.0838693 0.0674523 0.0363748 0.0780794 0.0866912 0.0881463 0.0660288 0.0352434 0.0601659 0.1127976 0.1082449 0.0808712 0.0816847 0.0741306 0.0672841 0.0831155 0.0742046 0.0682664 0.0780969 0.0911287 0.0626745 0.0827659 0.0820405 0.0458381 0.0817746 0.0513404 0.0473885 0.0649177 0.0718021 0.0690472 0.0932058 
S0292         0.4108794 0.3936243 0.5111198 0.0388300 0.1584850 0.0710354 0.2058451 0.0468237 0.0575493 0.0744495 0.0498457 0.0563233 0.0737297 0.0000000 0.0612839 0.0931715 0.0831190 0.0751551 0.0661454 0.0908943 0.0601131 0.0371292 0.0643673 0.0527967 0.0505000 0.0907686 0.0901504 0.0606296 0.0424251 0.0608081 0.0959296 0.0886605 0.0706784 0.0599449 0.0793876 0.0856724 0.0516369 0.0693611 0.0489079 0.0680929 0.0651701 0.0745755 0.0467640 0.0534624 0.0546370 0.0970674 0.1952388 0.0752584 0.0873491 0.0733379 0.0545689 0.0613434 0.0421902 0.0609855 0.0422883 0.0423401 0.0693159 0.0551185 0.0661342 0.0654255 0.0687086 0.0423083 0.0746157 0.0722977 0.0577277 0.0671068 0.0557574 0.0818179 0.0464203 0.1708493 0.0716150 0.0820173 0.1054765 0.0458628 0.0592800 0.2004011 0.0479316 0.2078931 0.0926484 0.0623273 0.0625189 0.0820174 0.0564192 0.0427252 0.0468119 0.0700729 0.0442128 0.0658128 0.0704109 0.0759977 0.0872450 0.0665722 0.0594725 0.0530565 0.0872102 0.0902574 0.0547236 0.0591545 0.0501961 0.0067485 0.0547631 0.0527864 0.0449085 0.0293551 0.0645713 0.0559377 0.0133674 0.0150001 0.0839825 0.0740598 0.0403425 0.0725668 0.0501880 0.0850811 0.0414888 0.0706209 
S0293         0.4320946 0.3994704 0.5071608 0.0746016 0.1769069 0.0467589 0.2467672 0.0515512 0.0996585 0.0885327 0.0843822 0.0285483 0.0815814 0.0612839 0.0000000 0.0864034 0.1084792 0.0984848 0.0761766 0.1257874 0.0769440 0.0709814 0.0658955 0.0131220 0.0268422 0.1098560 0.0899907 0.0807694 0.0657903 0.0718805 0.1308330 0.1144208 0.0892731 0.0843264 0.0692942 0.1001567 0.0673619 0.0619106 0.0252684 0.0846629 0.0752344 0.0869303 0.0456330 0.0268944 0.0794055 0.1202370 0.2118845 0.0653178 0.1108632 0.0829225 0.0297936 0.1008148 0.0614888 0.0286495 0.0616368 0.0636879 0.0973754 0.0803023 0.0762074 0.0849458 0.0804590 0.0716652 0.0809956 0.0997996 0.0777181 0.0898151 0.0893040 0.0678656 0.0692529 0.2055823 0.0748003 0.0978346 0.1350250 0.0741208 0.0844072 0.2031464 0.0675781 0.2179035 0.1205361 0.0909305 0.0897605 0.0978348 0.0497112 0.0873808 0.0217630 0.0638647 0.0655602 0.0736493 0.0821567 0.0883732 0.1109622 0.0785930 0.0818675 0.0602674 0.1161218 0.1203960 0.0303878 0.0767546 0.0763615 0.0530807 0.0235868 0.0287701 0.0421668 0.0806197 0.0574578 0.0783908 0.0700938 0.0761476 0.0941920 0.0638279 0.0595508 0.0888149 0.0711474 0.0882991 0.0167412 0.0695126 
S0294         0.4497337 0.4339157 0.5457556 0.1023975 0.2047207 0.0912487 0.2554257 0.0838050 0.1125287 0.1141181 0.1093522 0.0809462 0.1114179 0.0931715 0.0864034 0.0000000 0.1316581 0.1275383 0.1074014 0.1442211 0.0934069 0.1009719 0.0900390 0.0834253 0.0829534 0.1265282 0.0872332 0.1039185 0.0880369 0.0945271 0.1484432 0.1357841 0.1081559 0.1200111 0.0805390 0.1322928 0.0947416 0.0949554 0.0749373 0.1166928 0.1095050 0.1147439 0.0711494 0.0838592 0.0964514 0.1353098 0.2253083 0.0740714 0.1296811 0.0921630 0.0865943 0.1256185 0.0875369 0.0923690 0.0877507 0.0857901 0.1266401 0.0975137 0.1099227 0.1043042 0.1174259 0.1012992 0.1133088 0.1156254 0.1193251 0.1215368 0.1205143 0.0439716 0.0953112 0.2219514 0.0977609 0.1150429 0.1359030 0.0933998 0.1016734 0.2278912 0.0920418 0.2503123 0.1365872 0.1219916 0.1250918 0.1150433 0.0809795 0.1039259 0.0773433 0.0930947 0.0929082 0.0998631 0.1099401 0.1275858 0.1297929 0.1078082 0.0988723 0.0831556 0.1406086 0.1302285 0.0898014 0.0960784 0.1015007 0.0841917 0.0797965 0.0725141 0.0755485 0.0948702 0.0770066 0.0993407 0.1042789 0.1066125 0.1147426 0.0950173 0.0854856 0.1119351 0.0902649 0.1276619 0.0696317 0.0942078 
S0303         0.4472276 0.4324369 0.5285965 0.0990454 0.1942373 0.1004693 0.2544349 0.0903372 0.1251789 0.0955091 0.1028203 0.1111631 0.0975421 0.0831190 0.1084792 0.1316581 0.0000000 0.0618596 0.1003557 0.0058755 0.1022970 0.0992683 0.1073384 0.1033787 0.1050207 0.1293613 0.1335262 0.1060134 0.0857838 0.0986114 0.1448174 0.0081861 0.1132106 0.1104839 0.1151596 0.0808619 0.0805283 0.1060157 0.1035576 0.1072654 0.1071920 0.1203186 0.0896220 0.1143860 0.0980006 0.0144950 0.2261570 0.1078195 0.0099194 0.1255149 0.1025105 0.1210305 0.0852984 0.1195098 0.0813997 0.0876873 0.1195947 0.0989957 0.1098052 0.0528082 0.1051445 0.0979823 0.1027038 0.0372280 0.1062001 0.1169814 0.1131280 0.1196656 0.0773805 0.1899812 0.1309351 0.0662414 0.0948686 0.0922595 0.1092232 0.2185828 0.0875978 0.2517009 0.1543846 0.1130962 0.0955004 0.0662415 0.0968963 0.1089267 0.1033138 0.1094892 0.0957632 0.1090532 0.1126063 0.1121822 0.0116099 0.1084664 0.0937078 0.0494577 0.0090435 0.0068760 0.1057104 0.0543932 0.0985232 0.0810538 0.1080981 0.1051038 0.0943753 0.0969470 0.1038096 0.0965376 0.0867461 0.0957440 0.1147869 0.1160952 0.0791843 0.1140819 0.0789631 0.1305554 0.0909543 0.1194340 
S0308         0.4119012 0.4398395 0.5086561 0.0868309 0.1846527 0.1084972 0.2278113 0.0782525 0.0911730 0.1010699 0.0840634 0.0904867 0.0893521 0.0751551 0.0984848 0.1275383 0.0618596 0.0000000 0.0969206 0.0577571 0.0915564 0.0913318 0.0973958 0.0870363 0.0843475 0.1352450 0.1248119 0.1025462 0.0697483 0.0952630 0.1364197 0.0607959 0.1107575 0.0916829 0.1023283 0.0629586 0.0796058 0.0959228 0.0828318 0.1103787 0.0945377 0.1083635 0.0779348 0.0955535 0.0875447 0.0655602 0.2129312 0.1062136 0.0552967 0.0883135 0.0811027 0.1040277 0.0674541 0.0982800 0.0695216 0.0697037 0.0977898 0.0860829 0.0951439 0.0473678 0.0931094 0.0837544 0.1089416 0.0505319 0.0937938 0.0970682 0.0920528 0.1073872 0.0795438 0.1790115 0.1035227 0.0552519 0.0757148 0.0861545 0.0934386 0.2007786 0.0755727 0.2302108 0.1491522 0.0898674 0.0983460 0.0552519 0.0867197 0.1026436 0.0828106 0.0962925 0.0750639 0.1099990 0.1020095 0.1017725 0.0595217 0.0955840 0.0925418 0.0362221 0.0612587 0.0647682 0.0933424 0.0468490 0.0843902 0.0690530 0.0915855 0.0844127 0.0741923 0.0930456 0.0976576 0.0882442 0.0753211 0.0836110 0.1203175 0.0961876 0.0673812 0.1127647 0.0788048 0.1174155 0.0708150 0.1065234 
S0320         0.3913348 0.3948829 0.3981202 0.0730090 0.1669736 0.0718510 0.2337851 0.0672562 0.0709108 0.0287069 0.0740927 0.0809977 0.0235380 0.0661454 0.0761766 0.1074014 0.1003557 0.0969206 0.0000000 0.1040966 0.0334504 0.0738073 0.0726997 0.0693639 0.0710392 0.0568853 0.0953684 0.0323290 0.0543370 0.0711824 0.0744222 0.1038136 0.0566625 0.0894530 0.0791735 0.0937096 0.0240942 0.0909472 0.0695139 0.0251655 0.0635233 0.0879331 0.0633099 0.0778776 0.0777446 0.0981713 0.2111117 0.0872005 0.1001924 0.0775685 0.0634873 0.0906878 0.0540409 0.0862303 0.0504314 0.0561206 0.0860107 0.0721530 0.0606121 0.0904893 0.0777137 0.0642659 0.0309412 0.0893015 0.0788034 0.0864678 0.0829665 0.1066385 0.0619398 0.1822725 0.0847672 0.0970580 0.1270598 0.0747298 0.0846377 0.1999925 0.0560594 0.2038966 0.1073357 0.0867608 0.0768754 0.0970583 0.0694118 0.0834115 0.0694836 0.0807204 0.0662355 0.0303644 0.0725649 0.0854023 0.0932020 0.0628670 0.0257549 0.0615147 0.1118803 0.1111843 0.0755277 0.0870299 0.0748470 0.0602935 0.0777058 0.0690602 0.0650722 0.0704290 0.0857831 0.0540832 0.0790166 0.0765962 0.0342737 0.0766190 0.0484751 0.0392479 0.0657341 0.0810346 0.0639759 0.0876331 
S0322         0.4432321 0.4151839 0.0000010 0.0996998 0.1644217 0.0970138 0.2413101 0.1027927 0.1190338 0.1037990 0.1187531 0.1238563 0.1002255 0.0908943 0.1257874 0.1442211 0.0058755 0.0577571 0.1040966 0.0000000 0.1041382 0.1141824 0.1129323 0.1112572 0.1184222 0.1428715 0.1429598 0.1170855 0.0942415 0.1027039 0.1616782 0.0100051 0.1201056 0.1278261 0.1253200 0.0954663 0.0848077 0.1165713 0.1166653 0.1158234 0.1127258 0.1240810 0.0991422 0.1395955 0.1187409 0.0043864 0.2069712 0.1168563 0.0079393 0.1154151 0.1103177 0.1241264 0.0885085 0.1310478 0.0887709 0.0939953 0.1309432 0.1226441 0.1163311 0.0563635 0.1191776 0.1074084 0.1039528 0.0440032 0.1142426 0.1215862 0.1143660 0.1620495 0.0897895 0.1693697 0.1366626 0.0685457 0.0875515 0.1005727 0.1127505 0.1946569 0.0964728 0.2446587 0.1319485 0.1178661 0.0952755 0.0709777 0.1086482 0.1233863 0.1166348 0.1212518 0.1042520 0.1180646 0.1225162 0.1169849 0.0100129 0.1117863 0.1015810 0.0616033 0.0087865 0.0041660 0.1141711 0.0603549 0.1025858 0.0911404 0.1226731 0.1166033 0.1106224 0.1080508 0.1141320 0.1015027 0.0979034 0.1065995 0.1245129 0.1323421 0.0860091 0.1269275 0.0867715 0.1368200 0.1006463 0.1400318 
S0327         0.4212633 0.3833036 0.4346156 0.0655743 0.1495120 0.0664574 0.2368887 0.0511239 0.0598018 0.0426493 0.0725834 0.0734131 0.0283762 0.0601131 0.0769440 0.0934069 0.1022970 0.0915564 0.0334504 0.1041382 0.0000000 0.0700035 0.0673108 0.0698254 0.0653454 0.0632553 0.0820111 0.0298998 0.0548290 0.0613491 0.0658893 0.1059212 0.0468671 0.0817573 0.0781457 0.1047375 0.0267511 0.0809597 0.0637592 0.0333961 0.0615157 0.0825361 0.0573864 0.0775518 0.0701539 0.1029246 0.1838236 0.0800986 0.1021629 0.0601893 0.0658739 0.0851851 0.0545178 0.0807654 0.0526878 0.0566881 0.0831751 0.0667507 0.0629495 0.0787981 0.0653149 0.0588049 0.0509827 0.0887719 0.0751249 0.0823829 0.0755531 0.1014314 0.0576370 0.1608106 0.0794583 0.0986206 0.1207337 0.0689268 0.0745771 0.1718716 0.0605737 0.1838941 0.0879253 0.0707828 0.0699385 0.0986209 0.0674810 0.0788151 0.0616391 0.0709965 0.0508822 0.0369475 0.0671752 0.0724745 0.0952299 0.0653097 0.0303273 0.0661126 0.1129485 0.1133751 0.0740264 0.0722124 0.0636200 0.0603832 0.0658998 0.0633290 0.0554635 0.0735270 0.0783071 0.0498734 0.0735887 0.0711436 0.0490587 0.0710744 0.0525816 0.0465861 0.0597886 0.0732041 0.0599925 0.0803043 
S0335         0.4159801 0.3939415 0.5712087 0.0367087 0.1049299 0.0870166 0.2380162 0.0581925 0.0689554 0.0756063 0.0711525 0.0658610 0.0813366 0.0371292 0.0709814 0.1009719 0.0992683 0.0913318 0.0738073 0.1141824 0.0700035 0.0000000 0.0740714 0.0623344 0.0619842 0.0986674 0.0911548 0.0742866 0.0592391 0.0703567 0.1135138 0.1051883 0.0803643 0.0671927 0.0830202 0.0999378 0.0550919 0.0768472 0.0604231 0.0737607 0.0793376 0.0937656 0.0537933 0.0667601 0.0661234 0.1151676 0.2106431 0.0786735 0.1036292 0.0830116 0.0621455 0.0786567 0.0589099 0.0728219 0.0590486 0.0610662 0.0768589 0.0668464 0.0801272 0.0726160 0.0786105 0.0473834 0.0855521 0.0884688 0.0630377 0.0741930 0.0612929 0.0965207 0.0577061 0.1740992 0.0884946 0.0845456 0.1179932 0.0552217 0.0667479 0.2124622 0.0625984 0.2198804 0.1127997 0.0692223 0.0632627 0.0845458 0.0655585 0.0637224 0.0583656 0.0791671 0.0571220 0.0735314 0.0824628 0.0837995 0.0992779 0.0806601 0.0605371 0.0648022 0.1081473 0.1046957 0.0744627 0.0683127 0.0460520 0.0390747 0.0645490 0.0622520 0.0583270 0.0513302 0.0745111 0.0673825 0.0514827 0.0474193 0.0847644 0.0790794 0.0569992 0.0716642 0.0618775 0.0996448 0.0509771 0.0800298 
S0376         0.4024214 0.3608391 0.4698970 0.0671270 0.1851057 0.0598450 0.2391024 0.0552230 0.0815445 0.0848784 0.0768699 0.0645576 0.0802715 0.0643673 0.0658955 0.0900390 0.1073384 0.0973958 0.0726997 0.1129323 0.0673108 0.0740714 0.0000000 0.0534663 0.0569868 0.1031332 0.0795896 0.0773334 0.0645412 0.0269089 0.1190501 0.1109419 0.0814821 0.0961242 0.0753053 0.0983884 0.0625812 0.0716965 0.0534647 0.0746121 0.0656609 0.0909799 0.0531543 0.0613696 0.0800674 0.1103863 0.2151226 0.0672009 0.1021391 0.0688342 0.0575291 0.1039254 0.0603315 0.0674650 0.0604737 0.0624828 0.0983140 0.0790313 0.0667076 0.0910081 0.0820109 0.0725812 0.0811707 0.0959181 0.0874705 0.0934652 0.0878733 0.0842198 0.0725495 0.1859313 0.0867439 0.1059759 0.1148358 0.0756575 0.0896262 0.2090475 0.0642803 0.2046187 0.1269346 0.0936865 0.0811410 0.1059762 0.0649872 0.0903708 0.0534493 0.0717516 0.0646916 0.0783263 0.0857391 0.0898037 0.1022299 0.0650878 0.0744957 0.0575745 0.1173228 0.1072107 0.0612257 0.0848684 0.0751850 0.0608567 0.0575230 0.0573145 0.0495348 0.0814500 0.0711662 0.0660896 0.0729450 0.0769949 0.0948892 0.0757320 0.0584305 0.0783955 0.0764448 0.0922964 0.0519497 0.0776140 
S0400         0.4199550 0.3864032 0.4965425 0.0639127 0.1723569 0.0466259 0.2287985 0.0398677 0.0821843 0.0813244 0.0794967 0.0180277 0.0745373 0.0527967 0.0131220 0.0834253 0.1033787 0.0870363 0.0693639 0.1112572 0.0698254 0.0623344 0.0534663 0.0000000 0.0163722 0.1040437 0.0832610 0.0759229 0.0572026 0.0573565 0.1166986 0.1069203 0.0801208 0.0774272 0.0647369 0.0904977 0.0589538 0.0573403 0.0147951 0.0733344 0.0644498 0.0780808 0.0397409 0.0187837 0.0765824 0.1147120 0.2115229 0.0550553 0.1010508 0.0722015 0.0153033 0.0914450 0.0530774 0.0180913 0.0532023 0.0551807 0.0856556 0.0775989 0.0655267 0.0825740 0.0752715 0.0591092 0.0802608 0.0906083 0.0690070 0.0827650 0.0802562 0.0732412 0.0625443 0.1949822 0.0700547 0.0932137 0.1202180 0.0634806 0.0711609 0.2027311 0.0589559 0.2282480 0.1116098 0.0817790 0.0806739 0.0932140 0.0435817 0.0806246 0.0131031 0.0614684 0.0610773 0.0668622 0.0753404 0.0829601 0.0989359 0.0698045 0.0709154 0.0518246 0.1106020 0.1099578 0.0197702 0.0787577 0.0657284 0.0468614 0.0199149 0.0181650 0.0326264 0.0696623 0.0512215 0.0692806 0.0615035 0.0654652 0.0890455 0.0613430 0.0511970 0.0859127 0.0644149 0.0833488 0.0065339 0.0649372 
S0405         0.4251188 0.3986257 0.4997314 0.0635553 0.1807442 0.0414226 0.2303698 0.0378488 0.0849846 0.0808649 0.0750141 0.0212961 0.0762342 0.0505000 0.0268422 0.0829534 0.1050207 0.0843475 0.0710392 0.1184222 0.0653454 0.0619842 0.0569868 0.0163722 0.0000000 0.1103660 0.0787318 0.0754923 0.0550422 0.0608929 0.1132036 0.1085775 0.0796642 0.0748869 0.0605148 0.0897788 0.0625887 0.0532052 0.0113960 0.0770929 0.0661338 0.0817222 0.0359220 0.0186749 0.0720822 0.1165300 0.2151686 0.0586787 0.1027247 0.0749025 0.0151936 0.0846509 0.0509660 0.0249940 0.0548663 0.0530430 0.0851471 0.0750986 0.0651604 0.0800566 0.0750005 0.0627679 0.0818875 0.0880739 0.0705069 0.0781749 0.0776623 0.0640209 0.0621800 0.1989938 0.0676039 0.0926759 0.1240843 0.0651433 0.0728030 0.2016126 0.0606190 0.2313488 0.1131691 0.0772518 0.0843460 0.0926761 0.0433468 0.0760690 0.0130368 0.0595403 0.0627454 0.0664907 0.0749165 0.0824722 0.1028169 0.0694111 0.0705103 0.0495770 0.1146635 0.1117159 0.0231562 0.0741102 0.0653610 0.0465468 0.0198129 0.0147177 0.0306791 0.0673640 0.0435032 0.0647122 0.0591462 0.0630610 0.0885321 0.0571415 0.0528581 0.0895672 0.0640401 0.0869738 0.0081473 0.0607002 
S0407sl       0.4574561 0.4794356 0.5020387 0.0999407 0.2348551 0.1225422 0.2850034 0.0981122 0.1096921 0.0569105 0.1030816 0.1168390 0.0616157 0.0907686 0.1098560 0.1265282 0.1293613 0.1352450 0.0568853 0.1428715 0.0632553 0.0986674 0.1031332 0.1040437 0.1103660 0.0000000 0.1232133 0.0612314 0.0877342 0.0946460 0.0881916 0.1332618 0.0881499 0.1106467 0.1170256 0.1323897 0.0486527 0.1213448 0.1060766 0.0512044 0.0982338 0.1275666 0.0926572 0.1141841 0.1098971 0.1295332 0.2750017 0.1141756 0.1295464 0.1109170 0.1057845 0.1074143 0.0918086 0.1184464 0.0878571 0.0942585 0.1213264 0.1065883 0.0903195 0.1237664 0.1084036 0.0921867 0.0796067 0.1272568 0.0949803 0.1096020 0.1064826 0.1210300 0.0982704 0.2473576 0.1199727 0.1403532 0.1649398 0.0982765 0.1132578 0.2860768 0.0941637 0.2570284 0.1358849 0.1053580 0.1082043 0.1403539 0.1041377 0.1165720 0.1044474 0.1148562 0.0972774 0.0665387 0.1034269 0.1207701 0.1242889 0.0929240 0.0542050 0.0903884 0.1401465 0.1404938 0.1155530 0.1160402 0.1088337 0.0888086 0.1135370 0.1081918 0.1004159 0.0994552 0.1198609 0.0921011 0.1089980 0.1062287 0.0733509 0.1122291 0.0855907 0.0325599 0.0997289 0.1166382 0.0986817 0.1218907 
S0412sl       0.4025643 0.3884592 0.5120436 0.0995720 0.2005915 0.0962619 0.2626122 0.0733637 0.1111929 0.0975882 0.0977597 0.0888191 0.0969196 0.0901504 0.0899907 0.0872332 0.1335262 0.1248119 0.0953684 0.1429598 0.0820111 0.0911548 0.0795896 0.0832610 0.0787318 0.1232133 0.0000000 0.0918564 0.0852620 0.0817825 0.1175403 0.1276454 0.0892360 0.1094794 0.0782728 0.1288376 0.0915613 0.0879038 0.0772286 0.0995017 0.0994366 0.1077691 0.0648733 0.0839855 0.0935092 0.1322335 0.2197268 0.0620772 0.1292608 0.1051358 0.0842701 0.1127043 0.0847817 0.0813169 0.0849868 0.0871557 0.0998817 0.0923900 0.0999747 0.1110902 0.1006311 0.0894803 0.1000167 0.1198630 0.1045359 0.1087602 0.1034820 0.0923315 0.0835092 0.2032572 0.1039359 0.1249671 0.1461645 0.0863670 0.1006731 0.2144324 0.0912081 0.2321399 0.1351543 0.1072616 0.1241438 0.1249676 0.0851151 0.1180941 0.0771929 0.0949396 0.0900533 0.0927727 0.1025503 0.1071174 0.1270103 0.1026622 0.0825483 0.0784692 0.1373734 0.1379116 0.0833262 0.1032501 0.1019829 0.0835281 0.0835574 0.0767281 0.0754004 0.1059855 0.0853248 0.0875089 0.0969338 0.0990443 0.1048285 0.0970001 0.0827565 0.1012960 0.0898701 0.1041324 0.0736927 0.0918254 
S0417         0.4183582 0.3964313 0.4610600 0.0655621 0.1644713 0.0829972 0.2387577 0.0657522 0.0786242 0.0415773 0.0726262 0.0814820 0.0275680 0.0606296 0.0807694 0.1039185 0.1060134 0.1025462 0.0323290 0.1170855 0.0298998 0.0742866 0.0773334 0.0759229 0.0754923 0.0612314 0.0918564 0.0000000 0.0532011 0.0738730 0.0699211 0.1067524 0.0494043 0.0901925 0.0798292 0.1083743 0.0278369 0.0917103 0.0739695 0.0360294 0.0620064 0.0803445 0.0638397 0.0853605 0.0697566 0.1039302 0.2183042 0.0837760 0.1031055 0.0789320 0.0742833 0.0914317 0.0529079 0.0909581 0.0492619 0.0512123 0.0888122 0.0665984 0.0591086 0.0916787 0.0741162 0.0570482 0.0491775 0.0924685 0.0794542 0.0829991 0.0816474 0.0872659 0.0563581 0.2064568 0.0807141 0.1047689 0.1331948 0.0774533 0.0874767 0.2278605 0.0549426 0.2170366 0.0976482 0.0833499 0.0733063 0.1047692 0.0740304 0.0864896 0.0739359 0.0790160 0.0652063 0.0376850 0.0710851 0.0816396 0.0963645 0.0613620 0.0313748 0.0664683 0.1235202 0.1200759 0.0800737 0.0880087 0.0717032 0.0606434 0.0822914 0.0734854 0.0678358 0.0734423 0.0886075 0.0601480 0.0755326 0.0731320 0.0420454 0.0790703 0.0472895 0.0449962 0.0601773 0.0756742 0.0663555 0.0835979 
S0419         0.3832934 0.3827607 0.4589323 0.0510739 0.1777733 0.0720743 0.2064514 0.0456435 0.0474347 0.0625369 0.0413450 0.0607122 0.0573693 0.0424251 0.0657903 0.0880369 0.0857838 0.0697483 0.0543370 0.0942415 0.0548290 0.0592391 0.0645412 0.0572026 0.0550422 0.0877342 0.0852620 0.0532011 0.0000000 0.0630275 0.0972771 0.0889736 0.0729159 0.0685407 0.0630598 0.0855726 0.0446175 0.0717257 0.0534942 0.0603346 0.0576285 0.0754874 0.0438350 0.0612597 0.0437877 0.0969677 0.2162769 0.0730328 0.0853711 0.0503835 0.0531413 0.0758475 0.0064302 0.0694070 0.0064439 0.0080849 0.0714110 0.0404359 0.0606550 0.0676843 0.0671800 0.0467360 0.0700190 0.0651145 0.0623932 0.0675230 0.0625602 0.0818524 0.0418032 0.1920046 0.0660079 0.0779539 0.0982320 0.0562932 0.0636915 0.2192693 0.0113574 0.2305518 0.1049172 0.0645546 0.0645589 0.0779541 0.0552644 0.0672447 0.0553289 0.0683193 0.0412656 0.0639978 0.0667613 0.0742237 0.0809376 0.0629113 0.0561044 0.0477801 0.0901219 0.0929514 0.0608259 0.0636288 0.0607288 0.0406359 0.0633145 0.0573314 0.0436779 0.0525288 0.0671609 0.0662930 0.0548784 0.0545498 0.0774862 0.0743245 0.0048123 0.0702568 0.0435507 0.0810924 0.0480999 0.0710382 
S0427         0.3948783 0.3420788 0.4698970 0.0675148 0.1915533 0.0653616 0.2210087 0.0498620 0.0791254 0.0748861 0.0755194 0.0685322 0.0719592 0.0608081 0.0718805 0.0945271 0.0986114 0.0952630 0.0711824 0.1027039 0.0613491 0.0703567 0.0269089 0.0573565 0.0608929 0.0946460 0.0817825 0.0738730 0.0630275 0.0000000 0.1072258 0.1020484 0.0778479 0.0857825 0.0836818 0.0960062 0.0626410 0.0758098 0.0573542 0.0750249 0.0700344 0.0894975 0.0474972 0.0658854 0.0786565 0.1011384 0.2110438 0.0693080 0.0940622 0.0635109 0.0575840 0.0997583 0.0588156 0.0715187 0.0589548 0.0609670 0.0912330 0.0734267 0.0710429 0.0888105 0.0757284 0.0710840 0.0814290 0.0965061 0.0752878 0.0913457 0.0884121 0.0870176 0.0687205 0.1763679 0.0810645 0.1060867 0.1223101 0.0739492 0.0859279 0.2040381 0.0627711 0.2101326 0.1250998 0.0868423 0.0731416 0.1060870 0.0534458 0.0888937 0.0573367 0.0702021 0.0592846 0.0768271 0.0862431 0.0831624 0.0962845 0.0694193 0.0645127 0.0577522 0.1073379 0.1001114 0.0651972 0.0786753 0.0756412 0.0590710 0.0633430 0.0632527 0.0575365 0.0799619 0.0712327 0.0686206 0.0754632 0.0755021 0.0907377 0.0701443 0.0569099 0.0768964 0.0704044 0.0860010 0.0539111 0.0817780 
S0428sl       0.5792738 0.5083986 0.4752249 0.1105143 0.3159901 0.1232186 0.3016454 0.0959436 0.1045522 0.0820808 0.1025423 0.1308462 0.0621793 0.0959296 0.1308330 0.1484432 0.1448174 0.1364197 0.0744222 0.1616782 0.0658893 0.1135138 0.1190501 0.1166986 0.1132036 0.0881916 0.1175403 0.0699211 0.0972771 0.1072258 0.0000000 0.1470229 0.0836833 0.1214719 0.1254106 0.1183317 0.0636582 0.1204685 0.1141945 0.0714732 0.1027545 0.1343840 0.0960918 0.1045108 0.1095768 0.1517974 0.2487654 0.1147792 0.1443331 0.1233193 0.1157792 0.1232388 0.0910180 0.1331829 0.0885407 0.0970008 0.1175046 0.1084730 0.1009313 0.1140857 0.1098156 0.0912744 0.0967300 0.1382056 0.1036018 0.1077109 0.1126322 0.1331400 0.0846815 0.1979989 0.1269780 0.1330014 0.1596128 0.1116575 0.1251435 0.2357981 0.0965978 0.2510421 0.1352080 0.1271064 0.1171924 0.1330022 0.1014602 0.1163796 0.1169234 0.1217301 0.0976652 0.0739143 0.1122772 0.1196109 0.1408057 0.0955168 0.0685290 0.0859616 0.1610586 0.1561611 0.1200978 0.1146235 0.1127092 0.0965877 0.1234212 0.1128547 0.0933712 0.1036872 0.1154539 0.0962373 0.1099299 0.1033909 0.0947388 0.1090845 0.0883008 0.0826493 0.0908506 0.1181053 0.1058372 0.1289170 
S0430         0.4681995 0.4412600 0.5757101 0.1049392 0.1932388 0.1053363 0.2525797 0.0936256 0.1275274 0.0988595 0.1087867 0.1148274 0.1009938 0.0886605 0.1144208 0.1357841 0.0081861 0.0607959 0.1038136 0.0100051 0.1059212 0.1051883 0.1109419 0.1069203 0.1085775 0.1332618 0.1276454 0.1067524 0.0889736 0.1020484 0.1470229 0.0000000 0.1169689 0.1121772 0.1189462 0.0841918 0.0810281 0.1094680 0.1071052 0.1108686 0.1108525 0.1245032 0.0928759 0.1157566 0.0990380 0.0108454 0.2271785 0.1114470 0.0049593 0.1199880 0.1061469 0.1228984 0.0884638 0.1233779 0.0845004 0.0909066 0.1184717 0.1025186 0.1134652 0.0535614 0.1085561 0.1037986 0.1066165 0.0413644 0.1078216 0.1165239 0.1075007 0.1312515 0.0824650 0.1853514 0.1296918 0.0672017 0.0984677 0.0936904 0.1109363 0.2138476 0.0886907 0.2484127 0.1599669 0.1148406 0.0989125 0.0672018 0.1003127 0.1147504 0.1068500 0.1131948 0.0993396 0.1126782 0.1163348 0.1158614 0.0049331 0.1119694 0.0970456 0.0539756 0.0110441 0.0087396 0.1092988 0.0551934 0.1021796 0.0865437 0.1117371 0.1086643 0.0977343 0.1027854 0.1073713 0.1000100 0.0922313 0.1014960 0.1182347 0.1199271 0.0822383 0.1176620 0.0840498 0.1346286 0.0942758 0.1202825 
S0478         0.4264943 0.3878593 0.5766199 0.0820518 0.1834136 0.0828344 0.2654286 0.0691992 0.0908171 0.0706635 0.0871959 0.0898731 0.0556356 0.0706784 0.0892731 0.1081559 0.1132106 0.1107575 0.0566625 0.1201056 0.0468671 0.0803643 0.0814821 0.0801208 0.0796642 0.0881499 0.0892360 0.0494043 0.0729159 0.0778479 0.0836833 0.1169689 0.0000000 0.0894908 0.0984387 0.1204693 0.0564613 0.0936661 0.0781475 0.0607216 0.0593415 0.0828703 0.0675842 0.0902289 0.0868070 0.1145657 0.2304112 0.0878361 0.1084732 0.0943135 0.0790987 0.0867825 0.0706147 0.0953461 0.0647896 0.0728686 0.0887682 0.0835484 0.0569049 0.1022992 0.0795220 0.0686680 0.0746246 0.0993497 0.0788358 0.0885980 0.0811803 0.1068030 0.0625550 0.1902884 0.0846268 0.1091441 0.1371574 0.0730686 0.0741763 0.2245192 0.0746974 0.2330783 0.1078277 0.0922101 0.0834915 0.1091444 0.0759086 0.0953068 0.0759718 0.0849236 0.0706881 0.0565814 0.0810025 0.0848503 0.1088169 0.0609989 0.0542087 0.0791192 0.1287989 0.1228627 0.0801845 0.0921931 0.0865085 0.0669975 0.0843775 0.0756818 0.0716090 0.0840123 0.0842453 0.0582837 0.0860865 0.0794730 0.0692574 0.0787258 0.0666033 0.0621772 0.0621730 0.0826248 0.0725193 0.0922742 
S0552sl       0.4401040 0.4086945 0.5437864 0.0727853 0.1973806 0.0857740 0.2487214 0.0757795 0.0900591 0.0932327 0.0721179 0.0829579 0.0929136 0.0599449 0.0843264 0.1200111 0.1104839 0.0916829 0.0894530 0.1278261 0.0817573 0.0671927 0.0961242 0.0774272 0.0748869 0.1106467 0.1094794 0.0901925 0.0685407 0.0857825 0.1214719 0.1121772 0.0894908 0.0000000 0.1011725 0.1027226 0.0808529 0.0932499 0.0733738 0.0893977 0.0956607 0.1104542 0.0712407 0.0848131 0.0758025 0.1203625 0.2386078 0.0926668 0.1106589 0.1040533 0.0756748 0.0317143 0.0681610 0.0882249 0.0683211 0.0703793 0.0488103 0.0765407 0.0878494 0.0838825 0.0857104 0.0681134 0.1077790 0.0935728 0.0213568 0.0414942 0.0336732 0.0943500 0.0722486 0.1922905 0.0959348 0.1009539 0.1327619 0.0349244 0.0398744 0.2265708 0.0742624 0.2312276 0.1359350 0.0429856 0.0992407 0.1009542 0.0775352 0.0823599 0.0733576 0.0914190 0.0726692 0.0869539 0.0986124 0.0913401 0.1085271 0.0926389 0.0742170 0.0718279 0.1157018 0.1082856 0.0835133 0.0757725 0.0877428 0.0580228 0.0797289 0.0733781 0.0736608 0.0771295 0.0902401 0.0791577 0.0747322 0.0664054 0.0943606 0.0892176 0.0662215 0.0893796 0.0719366 0.1071663 0.0659182 0.0901245 
