88
CRNC          0.0000000 0.1983704 0.1983704 0.3356799 0.3333185 0.4143373 0.0000010 0.3127549 0.0000010 0.3230001 0.3127549 0.4029062 0.4029062 0.3127549 0.2541545 0.3383918 0.4916807 0.3230001 0.3356799 0.3127549 0.3127549 0.3127549 0.3252068 0.4029062 0.2640625 0.3298066 0.3127549 0.4089386 0.2541545 0.3127549 0.3127549 0.4029062 0.4029062 0.7406645 0.3127549 0.2541545 0.2834908 0.3230001 0.3127549 0.2435447 0.3870557 0.3127549 0.2541545 0.3127549 0.2541545 0.2541545 0.4029062 0.3127549 0.0000010 0.3127549 0.4149700 0.3751556 0.2541545 0.3230001 0.2541545 0.3230001 0.3383918 0.4172507 0.2541545 0.5144095 0.3290913 0.3127549 0.3224123 0.5330895 0.5330895 0.4235588 0.4029062 0.3898162 0.4235588 0.3127549 0.4627179 0.2721885 0.4029062 0.3127549 0.3127549 0.2541545 0.4029062 0.2541545 0.4029062 0.3593582 0.3356799 0.2652528 0.2541545 0.2541545 0.5330895 0.3127549 0.2541545 0.3127549 
HYZL          0.1983704 0.0000000 0.0925468 0.6713782 0.6284102 0.6510851 0.4583259 0.5464283 0.5141492 0.4782270 0.6077868 0.6138646 0.6444920 0.5809114 0.5444159 0.6295525 0.6219567 0.6099261 0.6341801 0.6129547 0.5858568 0.5955548 0.5563910 0.5900790 0.6393906 0.5559618 0.5726031 0.7063805 0.6152158 0.5813993 0.5902825 0.6398552 0.5720703 0.6158777 0.5893301 0.5446514 0.5778331 0.4402430 0.5679410 0.6223366 0.6465479 0.4869040 0.5427680 0.6325457 0.5986745 0.5676336 0.5506505 0.5837468 0.6912307 0.5847847 0.5971573 0.5471270 0.6088586 0.5094186 0.5245019 0.4683780 0.5445882 0.6584216 0.5772712 0.6627348 0.5777644 0.5676529 0.5797975 0.5208436 0.5201409 0.6616425 0.5757939 0.5881288 0.7111259 0.6032056 0.7567949 0.6505319 0.6582415 0.5660538 0.5813063 0.5582118 0.7151814 0.5714034 0.6424106 0.6572719 0.5720150 0.5138460 0.5389511 0.6345893 0.5355009 0.6002137 0.5883070 0.5098450 
MYZV          0.1983704 0.0925468 0.0000000 0.6375621 0.5380423 0.5840408 0.5046440 0.4943165 0.6076552 0.4025780 0.5409520 0.5069265 0.5973884 0.5134263 0.5073708 0.5703898 0.5360142 0.4873794 0.5622843 0.5469286 0.5193692 0.5016426 0.4899904 0.5319914 0.5419378 0.5322897 0.4955787 0.6139516 0.5227446 0.5255637 0.5157661 0.5808121 0.5179280 0.5398563 0.5237996 0.4408491 0.4750954 0.4696767 0.5058422 0.5198076 0.5805796 0.4587100 0.5039574 0.5654318 0.5701256 0.4614121 0.4967474 0.5221525 0.6317141 0.5039491 0.5910334 0.5273391 0.4790400 0.4738494 0.4860266 0.4478275 0.4813897 0.6231117 0.5283004 0.5665637 0.5066079 0.5270284 0.5581897 0.4756050 0.4749449 0.5319848 0.5422335 0.5333024 0.5737645 0.5367040 0.6131018 0.5900791 0.5906686 0.4980031 0.5151708 0.4626459 0.6165710 0.5161857 0.5963164 0.6077070 0.5298218 0.5041220 0.4848152 0.5011398 0.4904904 0.5530298 0.4692940 0.4878037 
SRR6441723    0.3356799 0.6713782 0.6375621 0.0000000 0.0750894 0.1270870 0.4680064 0.1165589 0.1055521 0.2052297 0.1115872 0.1590791 0.0704669 0.1043447 0.1014376 0.1613294 0.1779688 0.2065364 0.0922328 0.1093287 0.1269306 0.2171557 0.1255458 0.1411283 0.1600679 0.1366404 0.1241018 0.1953760 0.1426794 0.1163869 0.1088794 0.1602850 0.1417431 0.2423269 0.1263987 0.1553400 0.2016750 0.2103195 0.1248028 0.1992092 0.1171347 0.1235656 0.1337028 0.1118901 0.1425972 0.1655511 0.1328545 0.0909725 0.1272256 0.1462265 0.1357071 0.0993737 0.1883655 0.1989926 0.1085274 0.2137068 0.1240012 0.0434757 0.1244754 0.1173048 0.1038514 0.1168654 0.1760653 0.1936698 0.1936053 0.2369962 0.1246163 0.1691490 0.2405915 0.1260137 0.2276551 0.0556876 0.0695317 0.1030482 0.1175635 0.1150660 0.0995106 0.1172102 0.0906340 0.0646139 0.2009426 0.0948453 0.1160339 0.1700788 0.2259647 0.1100415 0.1594990 0.0926857 
ERR4210213    0.3333185 0.6284102 0.5380423 0.0750894 0.0000000 0.1740577 0.4281600 0.1624886 0.1481209 0.2778693 0.1571549 0.2231366 0.0981452 0.1570338 0.1525130 0.2267145 0.2465770 0.1870929 0.0372762 0.1628517 0.1847209 0.2173025 0.1625385 0.2011003 0.1965049 0.1377936 0.1800294 0.2346707 0.2035386 0.1330348 0.1620977 0.2252077 0.1909736 0.3187399 0.1741433 0.1981856 0.1851107 0.2353593 0.1703049 0.1813000 0.1721210 0.1138233 0.1840755 0.1644900 0.1816041 0.2103884 0.1909736 0.1472641 0.1186409 0.1563009 0.1750506 0.1629823 0.2257689 0.2226910 0.1615194 0.2461484 0.1242161 0.0925013 0.1703507 0.1559498 0.1661345 0.1805291 0.2435301 0.2571306 0.2570494 0.2177570 0.1892611 0.2358913 0.2123478 0.1832235 0.2695420 0.0590713 0.0967324 0.1560369 0.1626001 0.1426148 0.1219172 0.1723188 0.1205225 0.0836451 0.2762463 0.1490692 0.1703653 0.2187828 0.2971552 0.1640705 0.2037918 0.1422977 
ERR2789774    0.4143373 0.6510851 0.5840408 0.1270870 0.1740577 0.0000000 0.3711200 0.0550527 0.0733876 0.1732560 0.0176923 0.1393102 0.0871172 0.0058835 0.0637574 0.1496582 0.1585866 0.1604486 0.1915126 0.0115394 0.0237375 0.1860756 0.0750286 0.1224185 0.1777251 0.1436567 0.1063548 0.1500668 0.1493161 0.0556393 0.0175515 0.1403012 0.0912860 0.1751087 0.0236490 0.1264354 0.1674081 0.1753626 0.0617777 0.1603448 0.0233595 0.1288539 0.1002585 0.0176761 0.1856719 0.1356899 0.0837114 0.0998213 0.1436244 0.1418650 0.1400417 0.0515925 0.1304572 0.1652511 0.0774148 0.1780100 0.1431725 0.1052315 0.0692024 0.1276401 0.0238426 0.0614191 0.1397841 0.1437983 0.1346842 0.2067157 0.0982503 0.1594773 0.1994386 0.0235884 0.2008206 0.1505592 0.0859123 0.0117202 0.0174959 0.0728008 0.1182178 0.0627172 0.0990697 0.0887663 0.1783250 0.0531795 0.0843874 0.1241460 0.1621293 0.0116012 0.1224758 0.0483621 
PAFTOL_019361 0.0000010 0.4583259 0.5046440 0.4680064 0.4281600 0.3711200 0.0000000 0.3094636 0.2299140 0.3205823 0.3953134 0.3772167 0.4330776 0.3433561 0.2393366 0.4590327 0.5305309 0.4564933 0.5511403 0.3617275 0.3655326 0.3585547 0.4018657 0.3799623 0.4880089 0.4461026 0.3710733 0.4913387 0.4705887 0.3400775 0.3681711 0.4363484 0.2268833 0.3937766 0.3826275 0.3296058 0.4371841 0.3310966 0.3385872 0.4801959 0.3792172 0.3365441 0.3221613 0.3681711 0.4679191 0.3550322 0.2459430 0.3737706 0.4676415 0.4650037 0.4580655 0.2989476 0.3281272 0.3577697 0.3182510 0.3782823 0.4519863 0.4442641 0.4243633 0.4048988 0.3262907 0.3579388 0.3876030 0.3896517 0.3654056 0.4146670 0.2994461 0.5037956 0.4868047 0.3655326 0.5160539 0.4329286 0.4264819 0.3309301 0.3420904 0.3745426 0.4813411 0.4402410 0.4139052 0.3904521 0.5363320 0.3680438 0.3020142 0.3174552 0.3755118 0.3401823 0.2867265 0.3180335 
S0055         0.3127549 0.5464283 0.4943165 0.1165589 0.1624886 0.0550527 0.3094636 0.0000000 0.0470211 0.1462437 0.0486018 0.1129439 0.0795959 0.0429914 0.0697269 0.1302588 0.1385976 0.1424992 0.1697454 0.0415883 0.0550169 0.1644313 0.0738061 0.1048086 0.1397043 0.1385326 0.0689246 0.1476089 0.1299567 0.0551086 0.0482003 0.1214902 0.0828002 0.1553658 0.0548098 0.1164492 0.1404594 0.1637072 0.0543797 0.1591485 0.0541243 0.1173592 0.0980215 0.0485615 0.1803110 0.1253103 0.0755059 0.0843758 0.1488482 0.1379379 0.1458739 0.0512802 0.1217199 0.1540371 0.0757482 0.1661113 0.1391793 0.0953839 0.0615062 0.1277185 0.0360467 0.0416271 0.1210787 0.1169474 0.1243875 0.1872291 0.0895581 0.1393626 0.2080702 0.0546643 0.1970303 0.1229787 0.0785053 0.0358131 0.0417139 0.0310701 0.1100405 0.0551889 0.0842097 0.0810810 0.1570087 0.0386933 0.0825595 0.1154569 0.1507200 0.0418202 0.0839316 0.0291047 
S0196sl       0.0000010 0.5141492 0.6076552 0.1055521 0.1481209 0.0733876 0.2299140 0.0470211 0.0000000 0.1035142 0.0747886 0.0829707 0.0890191 0.0491410 0.0473765 0.1138715 0.1170317 0.1538317 0.1891991 0.0595719 0.0738470 0.0577684 0.1005431 0.0705113 0.1489222 0.0872688 0.1023794 0.1725714 0.1161689 0.0724364 0.0605347 0.0993703 0.0462238 0.0887543 0.0726345 0.0623298 0.2272009 0.1146944 0.0724195 0.2032305 0.0721044 0.0493861 0.0109066 0.0605347 0.1191687 0.0771050 0.0339013 0.0605507 0.1009605 0.1037727 0.0740473 0.0464804 0.1017243 0.1314813 0.0000010 0.1196826 0.1059486 0.0954411 0.1043719 0.1210763 0.0602459 0.0595719 0.0705113 0.0741754 0.0735623 0.1696089 0.0589303 0.1161689 0.2131580 0.0738470 0.2224678 0.1172425 0.0878490 0.0603300 0.0601605 0.0918838 0.1181190 0.1037407 0.0854819 0.0902850 0.1502090 0.0516072 0.0107657 0.0896887 0.0887543 0.0595719 0.0606476 0.0464952 
S0281         0.3230001 0.4782270 0.4025780 0.2052297 0.2778693 0.1732560 0.3205823 0.1462437 0.1035142 0.0000000 0.1647370 0.1812444 0.1883911 0.1395576 0.1199631 0.1928874 0.1942038 0.2503171 0.2706513 0.1536821 0.1633453 0.2034884 0.1619703 0.1627975 0.2109977 0.1996290 0.1754529 0.2841586 0.1924808 0.1610387 0.1631181 0.1826545 0.1210109 0.2091474 0.1613079 0.0885752 0.2481371 0.1947264 0.1531494 0.2700741 0.1698348 0.1749866 0.1280570 0.1573004 0.2150851 0.0963479 0.1128326 0.1241312 0.2065678 0.2118083 0.2134377 0.1387050 0.1043528 0.1764480 0.1198264 0.1898402 0.1944114 0.1915487 0.1665919 0.2507251 0.1487042 0.1550922 0.1818924 0.1660518 0.1659043 0.2934202 0.1363251 0.2039049 0.2982807 0.1717397 0.2995821 0.2220168 0.1938233 0.1475097 0.1625996 0.1555428 0.1968028 0.1588818 0.1823332 0.1893977 0.2068114 0.1424887 0.1194810 0.1124953 0.1695764 0.1547128 0.0954594 0.1440473 
S0282         0.3127549 0.6077868 0.5409520 0.1115872 0.1571549 0.0176923 0.3953134 0.0486018 0.0747886 0.1647370 0.0000000 0.1238560 0.0798098 0.0059200 0.0569785 0.1337476 0.1423535 0.1617951 0.1738928 0.0057326 0.0176861 0.1771595 0.0683198 0.1075049 0.1689401 0.1266059 0.0989651 0.1417489 0.1334322 0.0491123 0.0116253 0.1247060 0.0841431 0.1660781 0.0057796 0.1109780 0.1688198 0.1666871 0.0484771 0.1617629 0.0174055 0.1126021 0.0928788 0.0116144 0.1672194 0.1198597 0.0767140 0.0924852 0.1347395 0.1250355 0.1415745 0.0521140 0.1401283 0.1567961 0.0704551 0.1691802 0.1261874 0.0974440 0.0624668 0.1198812 0.0177629 0.0548972 0.1317623 0.1355188 0.1265840 0.2086088 0.0841324 0.1431568 0.2012631 0.0175754 0.1714493 0.1345220 0.0787122 0.0058223 0.0115884 0.0588592 0.1103921 0.0560471 0.0917811 0.0813048 0.1613736 0.0461850 0.0773361 0.1337411 0.1534869 0.0057631 0.1147964 0.0420302 
S0289         0.4029062 0.6138646 0.5069265 0.1590791 0.2231366 0.1393102 0.3772167 0.1129439 0.0829707 0.1812444 0.1238560 0.0000000 0.1432862 0.1166801 0.1308381 0.0427527 0.0561501 0.1916976 0.2098217 0.1213837 0.1302588 0.0978494 0.1518618 0.0114286 0.1884503 0.1633464 0.1293039 0.1686589 0.0426408 0.1382820 0.1300732 0.0234648 0.0761999 0.1080503 0.1286665 0.1398670 0.1693015 0.1633219 0.1117554 0.1891699 0.1366392 0.1494338 0.1300668 0.1312387 0.2385605 0.1492904 0.0690116 0.1409745 0.1660578 0.1519882 0.1821875 0.1192919 0.1622601 0.1465033 0.1056448 0.1582897 0.1735260 0.1627232 0.1549356 0.1868083 0.1231524 0.1440143 0.0354885 0.0841235 0.0840931 0.2257018 0.0829017 0.0495387 0.2395412 0.1381418 0.2153363 0.1836733 0.1489374 0.1152420 0.1296567 0.1354284 0.1483707 0.1379053 0.1388176 0.1542700 0.0560437 0.1248396 0.1129452 0.1559553 0.1072585 0.1221679 0.1466992 0.0975991 
S0292         0.4029062 0.6444920 0.5973884 0.0704669 0.0981452 0.0871172 0.4330776 0.0795959 0.0890191 0.1883911 0.0798098 0.1432862 0.0000000 0.0663097 0.0949041 0.1540264 0.1616397 0.1530914 0.1002866 0.0714091 0.0870356 0.1917659 0.1246688 0.1258269 0.1467370 0.0995106 0.1010582 0.1636738 0.1429205 0.0711983 0.0711302 0.1443411 0.1110989 0.1934399 0.0866827 0.1392413 0.1586341 0.1896794 0.0943087 0.1624503 0.0716970 0.0712650 0.1104477 0.0797474 0.1210721 0.1491093 0.1027780 0.0772589 0.0928277 0.1081806 0.0889303 0.1002888 0.1378461 0.1816681 0.0864975 0.1956534 0.1091723 0.0444201 0.0940733 0.0463605 0.0800741 0.1012750 0.1437885 0.1593488 0.1592918 0.2093082 0.1186208 0.1530125 0.2019683 0.0864305 0.1907722 0.0840578 0.0000021 0.0655050 0.0713515 0.0913133 0.0237807 0.0870773 0.0115838 0.0000020 0.1752780 0.0867297 0.0937520 0.1391579 0.1791327 0.0718480 0.1192868 0.0643139 
S0293         0.3127549 0.5809114 0.5134263 0.1043447 0.1570338 0.0058835 0.3433561 0.0429914 0.0491410 0.1395576 0.0059200 0.1166801 0.0663097 0.0000000 0.0440021 0.1263983 0.1348927 0.1435615 0.1659374 0.0000021 0.0119150 0.1612714 0.0632053 0.1005210 0.1430026 0.1203201 0.0862486 0.1363959 0.1260949 0.0434445 0.0058729 0.1174699 0.0706832 0.1400661 0.0118700 0.0950003 0.1433903 0.1511291 0.0431460 0.1440543 0.0117238 0.1057402 0.0790434 0.0059142 0.1609823 0.1034551 0.0634712 0.0787243 0.1272594 0.1188106 0.1263105 0.0387891 0.1170584 0.1322556 0.0572351 0.1436055 0.1188280 0.0907861 0.0568523 0.1115486 0.0119669 0.0493329 0.1170671 0.1110700 0.1031183 0.1907007 0.0774488 0.1356588 0.1814616 0.0118396 0.1737477 0.1271193 0.0653969 0.0000020 0.0058539 0.0592955 0.0963048 0.0503774 0.0784482 0.0675425 0.1536643 0.0400562 0.0639934 0.1106558 0.1285392 0.0000024 0.1010159 0.0364132 
S0294         0.2541545 0.5444159 0.5073708 0.1014376 0.1525130 0.0637574 0.2393366 0.0697269 0.0473765 0.1199631 0.0569785 0.1308381 0.0949041 0.0440021 0.0000000 0.1408806 0.1588690 0.1606543 0.1601376 0.0494925 0.0637102 0.1764482 0.1051929 0.1143284 0.1572182 0.1309330 0.1157408 0.1801129 0.1405548 0.0557451 0.0564871 0.1317462 0.0838604 0.1540512 0.0634619 0.0917647 0.1676076 0.1325494 0.0695376 0.1694538 0.0626376 0.1161337 0.0824238 0.0569314 0.1647962 0.0998734 0.0764607 0.0909985 0.1305162 0.1580218 0.1559008 0.0319682 0.1201059 0.1235259 0.0688306 0.1344590 0.1508337 0.1043180 0.0710052 0.1282210 0.0569340 0.0763784 0.1231838 0.1249456 0.1163789 0.2126815 0.0763974 0.1504190 0.2180793 0.0632864 0.1852444 0.1008610 0.0935821 0.0435191 0.0563046 0.0893851 0.1265723 0.0643519 0.0992528 0.0805230 0.1524344 0.0537785 0.0755443 0.1139165 0.1421646 0.0497804 0.0966100 0.0556573 
S0299         0.3383918 0.6295525 0.5703898 0.1613294 0.2267145 0.1496582 0.4590327 0.1302588 0.1138715 0.1928874 0.1337476 0.0427527 0.1540264 0.1263983 0.1408806 0.0000000 0.0488580 0.1936349 0.2047242 0.1310257 0.1402416 0.1066968 0.1539135 0.0298653 0.2002788 0.1744152 0.1392135 0.1724265 0.0173094 0.1485478 0.1400410 0.0232079 0.0999522 0.1454749 0.1384965 0.1417838 0.2011618 0.1743917 0.1209494 0.1812515 0.1467282 0.1602491 0.1318157 0.1413288 0.2521971 0.1513679 0.0921140 0.1514570 0.1778924 0.1625125 0.1827925 0.1284664 0.1644992 0.1570177 0.1070160 0.1693934 0.1640985 0.1650819 0.1657437 0.1811747 0.1412859 0.1543057 0.0557032 0.1087270 0.1086878 0.2291775 0.1071023 0.0295727 0.2197515 0.1483713 0.2290054 0.1863107 0.1596913 0.1248018 0.1395885 0.1475469 0.1590820 0.1481324 0.1491353 0.1655403 0.0426189 0.1186106 0.1144196 0.1581224 0.1339544 0.1318918 0.1572380 0.1064129 
S0320         0.4916807 0.6219567 0.5360142 0.1779688 0.2465770 0.1585866 0.5305309 0.1385976 0.1170317 0.1942038 0.1423535 0.0561501 0.1616397 0.1348927 0.1588690 0.0488580 0.0000000 0.1872467 0.2315251 0.1394228 0.1488924 0.1404863 0.1713778 0.0426907 0.2289047 0.1820173 0.1650312 0.1619795 0.0356552 0.1593724 0.1394165 0.0355241 0.1067075 0.1448727 0.1470205 0.1726631 0.2047583 0.2024674 0.1484002 0.1913236 0.1554409 0.1678395 0.1579361 0.1500705 0.2607072 0.1833245 0.0987668 0.1589122 0.1914873 0.1715763 0.1813192 0.1295539 0.2049139 0.1839973 0.1313605 0.1769754 0.1828020 0.1821897 0.1637872 0.1874567 0.1500210 0.1558449 0.0695697 0.1082939 0.1082550 0.2386221 0.1139085 0.0294640 0.2291466 0.1571998 0.2082490 0.2035267 0.1672433 0.1331620 0.1481979 0.1462714 0.1781310 0.1476152 0.1565016 0.1733908 0.0622870 0.1369937 0.1391551 0.1984134 0.1334121 0.1403581 0.1849851 0.1230112 
S0322         0.3230001 0.6099261 0.4873794 0.2065364 0.1870929 0.1604486 0.4564933 0.1424992 0.1538317 0.2503171 0.1617951 0.1916976 0.1530914 0.1435615 0.1606543 0.1936349 0.1872467 0.0000000 0.2217765 0.1596551 0.1719591 0.2182885 0.1928564 0.1806959 0.1767081 0.1723248 0.2014098 0.1066634 0.1891824 0.1501226 0.1503334 0.1913622 0.1710154 0.2113551 0.1699365 0.1988551 0.0128480 0.2457827 0.1488879 0.0131321 0.1774027 0.1521491 0.1891508 0.1718207 0.1897677 0.2106235 0.1710154 0.1545705 0.1812899 0.1655912 0.1836892 0.1719703 0.2188337 0.2241604 0.1675868 0.2229397 0.1475817 0.1917607 0.1787135 0.1919015 0.1543018 0.1965341 0.2024571 0.1940034 0.1839305 0.0447779 0.1771948 0.1793762 0.0444931 0.1705961 0.1138287 0.1764345 0.1590086 0.1529450 0.1515569 0.1363693 0.1890931 0.1703866 0.1692071 0.1640152 0.2062906 0.1869735 0.1763825 0.2120154 0.2043287 0.1608269 0.1904618 0.1502956 
S0335         0.3356799 0.6341801 0.5622843 0.0922328 0.0372762 0.1915126 0.5511403 0.1697454 0.1891991 0.2706513 0.1738928 0.2098217 0.1002866 0.1659374 0.1601376 0.2047242 0.2315251 0.2217765 0.0000000 0.1701235 0.1911956 0.2404844 0.1890424 0.1893408 0.2023119 0.1569416 0.1953079 0.2415288 0.1915192 0.1335499 0.1693726 0.2116333 0.1901638 0.3083461 0.1903402 0.1970343 0.2154470 0.2507967 0.1878102 0.2139350 0.1790159 0.1323389 0.1733552 0.1822059 0.2359229 0.1978461 0.1799180 0.1471675 0.1505453 0.1839664 0.1841185 0.1706114 0.2237053 0.2299177 0.1524106 0.2462973 0.1600583 0.1021875 0.1772732 0.1536881 0.1821307 0.1958349 0.2288348 0.2508942 0.2508179 0.2412454 0.1885279 0.2215874 0.2552345 0.1897207 0.3124833 0.0763040 0.1059716 0.1636612 0.1698665 0.1517206 0.1393068 0.1792210 0.1141813 0.0935166 0.2342068 0.1289751 0.1607162 0.2170055 0.2883507 0.1713389 0.1917708 0.1502584 
S0400         0.3127549 0.6129547 0.5469286 0.1093287 0.1628517 0.0115394 0.3617275 0.0415883 0.0595719 0.1536821 0.0057326 0.1213837 0.0714091 0.0000021 0.0494925 0.1310257 0.1394228 0.1596551 0.1701235 0.0000000 0.0115358 0.1654341 0.0676049 0.1054012 0.1574938 0.1250910 0.0901926 0.1312719 0.1307206 0.0420121 0.0056885 0.1221973 0.0758638 0.1543675 0.0114937 0.1087740 0.1665903 0.1554121 0.0479851 0.1595095 0.0113565 0.1107724 0.0842041 0.0057272 0.1651335 0.1174542 0.0687038 0.0838644 0.1328089 0.1235563 0.1306270 0.0445229 0.1298534 0.1459355 0.0625758 0.1576786 0.1246827 0.0882372 0.0549487 0.1178117 0.0115845 0.0477177 0.1217804 0.1251721 0.1165824 0.2057165 0.0825420 0.1401962 0.1984590 0.0114652 0.1779872 0.1317657 0.0704478 0.0000027 0.0056707 0.0577178 0.1009502 0.0486942 0.0832266 0.0727107 0.1579667 0.0386384 0.0692552 0.1235634 0.1424401 0.0000021 0.1054612 0.0352371 
S0405         0.3127549 0.5858568 0.5193692 0.1269306 0.1847209 0.0237375 0.3655326 0.0550169 0.0738470 0.1633453 0.0176861 0.1302588 0.0870356 0.0119150 0.0637102 0.1402416 0.1488924 0.1719591 0.1911956 0.0115358 0.0000000 0.1592202 0.0822568 0.1138362 0.1774511 0.1342773 0.1062434 0.1498606 0.1399182 0.0556025 0.0057881 0.1311578 0.0835181 0.1645950 0.0174370 0.1175232 0.1690821 0.1652557 0.0617344 0.1820498 0.0233495 0.1197249 0.0781658 0.0176697 0.1771773 0.1264814 0.0761543 0.0926701 0.1551841 0.1326174 0.1403367 0.0590190 0.1389763 0.1554754 0.0699418 0.1677048 0.1338321 0.1051159 0.0691495 0.1093104 0.0175916 0.0613765 0.1306929 0.1343866 0.1255437 0.2294643 0.0903376 0.1497228 0.2221222 0.0000021 0.2004629 0.1503523 0.0858335 0.0117175 0.0057697 0.0727404 0.1180799 0.0626720 0.0989709 0.0886807 0.1680065 0.0531426 0.0767671 0.1326383 0.1521634 0.0115977 0.1138952 0.0483329 
S0407sl       0.3127549 0.5955548 0.5016426 0.2171557 0.2173025 0.1860756 0.3585547 0.1644313 0.0577684 0.2034884 0.1771595 0.0978494 0.1917659 0.1612714 0.1764482 0.1066968 0.1404863 0.2182885 0.2404844 0.1654341 0.1592202 0.0000000 0.1898455 0.0828651 0.2505834 0.2039400 0.1655343 0.2110782 0.1064399 0.1666687 0.1589921 0.0984589 0.1318922 0.1825014 0.1733511 0.1685831 0.2139245 0.1960899 0.1540186 0.2271452 0.1822799 0.1806643 0.1590290 0.1656922 0.2551086 0.1789376 0.1232973 0.1528203 0.2272642 0.1727701 0.2269041 0.1752082 0.1923194 0.1776368 0.1477491 0.1911806 0.2057599 0.2142727 0.2033420 0.2456459 0.1680378 0.1813591 0.0981548 0.1416800 0.1416305 0.2643171 0.1395260 0.1151611 0.2685654 0.1677799 0.2869498 0.2454454 0.1972859 0.1591217 0.1584728 0.1843340 0.1965468 0.1841627 0.1854693 0.2048647 0.1400173 0.1733725 0.1557746 0.1858991 0.1609885 0.1665836 0.1847732 0.1385570 
S0412sl       0.3252068 0.5563910 0.4899904 0.1255458 0.1625385 0.0750286 0.4018657 0.0738061 0.1005431 0.1619703 0.0683198 0.1518618 0.1246688 0.0632053 0.1051929 0.1539135 0.1713778 0.1928564 0.1890424 0.0676049 0.0822568 0.1898455 0.0000000 0.1348589 0.1741764 0.1455026 0.0981028 0.1903235 0.1463631 0.1029490 0.0748087 0.1529502 0.1267415 0.2101769 0.0747118 0.1068132 0.1816251 0.1570094 0.0665736 0.1945167 0.0808885 0.1407043 0.1218164 0.0690489 0.1686541 0.1153112 0.1185522 0.1129969 0.1380163 0.1426701 0.1718732 0.0793806 0.1459978 0.1474282 0.1046180 0.1593182 0.1143841 0.1191407 0.1029541 0.1709439 0.0621780 0.0808074 0.1523757 0.1573851 0.1666495 0.2221844 0.1241452 0.1723176 0.2254308 0.0817148 0.2249538 0.1487163 0.1229064 0.0617542 0.0745746 0.0707797 0.1581996 0.0962364 0.1363982 0.1192865 0.1912713 0.0594810 0.1118358 0.1396916 0.1871917 0.0679983 0.1206414 0.0668759 
S0417         0.4029062 0.5900790 0.5319914 0.1411283 0.2011003 0.1224185 0.3799623 0.1048086 0.0705113 0.1627975 0.1075049 0.0114286 0.1258269 0.1005210 0.1143284 0.0298653 0.0426907 0.1806959 0.1893408 0.1054012 0.1138362 0.0828651 0.1348589 0.0000000 0.1784837 0.1455979 0.1129920 0.1501955 0.0297863 0.1215115 0.1136729 0.0114791 0.0620787 0.1011512 0.1124663 0.1229101 0.1761795 0.1455735 0.0963737 0.1680380 0.1201225 0.1319317 0.1136496 0.1146607 0.2176899 0.1318551 0.0552132 0.1238851 0.1452604 0.1349599 0.1628266 0.1027138 0.1446549 0.1294326 0.0903213 0.1404348 0.1552927 0.1442573 0.1375033 0.1659742 0.1146367 0.1272654 0.0231525 0.0695698 0.0695445 0.2140788 0.0685699 0.0363217 0.2171720 0.1214218 0.1942073 0.1648582 0.1315214 0.0993168 0.1133097 0.1277039 0.1310173 0.1211907 0.1219716 0.1361163 0.0426204 0.1073791 0.0973744 0.1383917 0.0916788 0.1060645 0.1376727 0.0826649 
S0427         0.2640625 0.6393906 0.5419378 0.1600679 0.1965049 0.1777251 0.4880089 0.1397043 0.1489222 0.2109977 0.1689401 0.1884503 0.1467370 0.1430026 0.1572182 0.2002788 0.2289047 0.1767081 0.2023119 0.1574938 0.1774511 0.2505834 0.1741764 0.1784837 0.0000000 0.1699467 0.1532723 0.2171114 0.1804249 0.1732325 0.1568201 0.1990510 0.2026255 0.2543529 0.1766824 0.1820685 0.1745641 0.2311823 0.1626057 0.1737722 0.1741222 0.1651556 0.1693233 0.1688492 0.2226016 0.1925627 0.1923769 0.1756434 0.1173622 0.1672694 0.1796546 0.1490017 0.1564054 0.2397196 0.1563416 0.2564514 0.1542805 0.1488881 0.1401315 0.2313967 0.1519880 0.1897114 0.1981860 0.2130204 0.2235107 0.1854893 0.2112824 0.2082976 0.2030995 0.1761249 0.2629569 0.1283746 0.1446579 0.1507368 0.1580242 0.1213619 0.1607749 0.1397670 0.1695029 0.1416377 0.2242355 0.1552001 0.1644738 0.1473541 0.2381715 0.1498900 0.1492062 0.1469549 
S0552sl       0.3298066 0.5559618 0.5322897 0.1366404 0.1377936 0.1436567 0.4461026 0.1385326 0.0872688 0.1996290 0.1266059 0.1633464 0.0995106 0.1203201 0.1309330 0.1744152 0.1820173 0.1723248 0.1569416 0.1250910 0.1342773 0.2039400 0.1455026 0.1455979 0.1699467 0.0000000 0.1730625 0.1843003 0.1629262 0.1383855 0.1245692 0.1645695 0.1308733 0.2266573 0.1240048 0.1400443 0.1580439 0.1956962 0.1284760 0.1627028 0.1408253 0.0177680 0.1161398 0.1353201 0.0883018 0.1494876 0.1223608 0.1127949 0.0276788 0.0483749 0.0503224 0.1472800 0.1832105 0.1772862 0.0989584 0.1907914 0.0491109 0.1242433 0.1303506 0.1521034 0.1348764 0.1545143 0.1639168 0.1803930 0.1803325 0.1963097 0.1281089 0.1733150 0.2080311 0.1424159 0.2396948 0.1280181 0.1051680 0.1184325 0.1336427 0.1430237 0.1382590 0.1393345 0.1052933 0.1011975 0.2047505 0.1433564 0.1062153 0.1768007 0.2112492 0.1259224 0.1552217 0.1136988 
S0558         0.3127549 0.5726031 0.4955787 0.1241018 0.1800294 0.1063548 0.3710733 0.0689246 0.1023794 0.1754529 0.0989651 0.1293039 0.1010582 0.0862486 0.1157408 0.1392135 0.1650312 0.2014098 0.1953079 0.0901926 0.1062434 0.1655343 0.0981028 0.1129920 0.1532723 0.1730625 0.0000000 0.1612941 0.1289940 0.0827487 0.0898428 0.1301904 0.1070722 0.1654698 0.1058197 0.1495883 0.1895794 0.1970240 0.0554014 0.1985629 0.1044041 0.1403741 0.1477506 0.0921994 0.2008021 0.1593576 0.0991026 0.1145192 0.1660710 0.1612586 0.1826452 0.1049055 0.1638270 0.1861969 0.1220473 0.2001115 0.1587784 0.1186468 0.0968860 0.1636068 0.0847815 0.0830757 0.1297324 0.1176217 0.1261518 0.2454844 0.1142972 0.1383197 0.2392851 0.1055146 0.2371930 0.1657526 0.0996583 0.0773478 0.0901099 0.0877789 0.0992703 0.0823014 0.1052453 0.1029903 0.1592696 0.0834263 0.1296382 0.1390885 0.1529418 0.0907452 0.1565928 0.0552530 
S0616         0.4089386 0.7063805 0.6139516 0.1953760 0.2346707 0.1500668 0.4913387 0.1476089 0.1725714 0.2841586 0.1417489 0.1686589 0.1636738 0.1363959 0.1801129 0.1724265 0.1619795 0.1066634 0.2415288 0.1312719 0.1498606 0.2110782 0.1903235 0.1501955 0.2171114 0.1843003 0.1612941 0.0000000 0.1682083 0.1582432 0.1307243 0.1699751 0.1595512 0.2254984 0.1492256 0.2043433 0.1037303 0.2470430 0.1381958 0.0693604 0.1471035 0.1824550 0.2000480 0.1416628 0.2520565 0.2160764 0.1694361 0.1572244 0.2030482 0.1729812 0.1637740 0.1789905 0.2375621 0.2265633 0.1699875 0.2194898 0.1688104 0.1732951 0.1640336 0.1897865 0.1416193 0.1559731 0.1692703 0.1895984 0.1794005 0.1181772 0.1879256 0.1592691 0.1023150 0.1487648 0.1268307 0.2150576 0.1693479 0.1250041 0.1399042 0.1561468 0.1964800 0.1472871 0.1794740 0.1756800 0.1997177 0.1453027 0.1785651 0.2082611 0.2101744 0.1321461 0.2193473 0.1306072 
S0624         0.2541545 0.6152158 0.5227446 0.1426794 0.2035386 0.1493161 0.4705887 0.1299567 0.1161689 0.1924808 0.1334322 0.0426408 0.1429205 0.1260949 0.1405548 0.0173094 0.0356552 0.1891824 0.1915192 0.1307206 0.1399182 0.1064399 0.1463631 0.0297863 0.1804249 0.1629262 0.1289940 0.1682083 0.0000000 0.1409624 0.1307227 0.0231471 0.0997075 0.1451315 0.1381793 0.1341738 0.1959768 0.1740115 0.1206673 0.1791119 0.1463965 0.1490524 0.1243879 0.1410010 0.2378638 0.1436026 0.0918867 0.1406222 0.1669949 0.1516115 0.1729693 0.1299180 0.1567446 0.1566654 0.0999352 0.1690143 0.1643656 0.1458781 0.1545437 0.1878641 0.1409585 0.1467716 0.0555606 0.1084621 0.1084230 0.2166040 0.1068437 0.0172803 0.2073977 0.1480339 0.2053847 0.1666779 0.1485591 0.1245048 0.1392673 0.1212737 0.1479951 0.1375677 0.1384752 0.1538622 0.0486473 0.1111223 0.1072720 0.1503432 0.1336380 0.1315834 0.1495172 0.0994117 
S0641         0.3127549 0.5813993 0.5255637 0.1163869 0.1330348 0.0556393 0.3400775 0.0551086 0.0724364 0.1610387 0.0491123 0.1382820 0.0711983 0.0434445 0.0557451 0.1485478 0.1593724 0.1501226 0.1335499 0.0420121 0.0556025 0.1666687 0.1029490 0.1215115 0.1732325 0.1383855 0.0827487 0.1582432 0.1409624 0.0000000 0.0423530 0.1392586 0.0906036 0.1737712 0.0553909 0.1157995 0.1661958 0.1740762 0.0613177 0.1591160 0.0546904 0.1077840 0.0974669 0.0490713 0.1802477 0.1146488 0.0830857 0.0904579 0.1486936 0.1572651 0.1457320 0.0659928 0.1294955 0.1640403 0.0753024 0.1766897 0.1587023 0.0952004 0.0689364 0.1174531 0.0490755 0.0549843 0.1387495 0.1427110 0.1336647 0.1952021 0.0975202 0.1508793 0.1879798 0.0552423 0.1869179 0.1313985 0.0702422 0.0361770 0.0419891 0.0588177 0.1006596 0.0624705 0.0759021 0.0724927 0.1770020 0.0320568 0.0820814 0.1232170 0.1609063 0.0422480 0.1051668 0.0356212 
S0643         0.3127549 0.5902825 0.5157661 0.1088794 0.1620977 0.0175515 0.3681711 0.0482003 0.0605347 0.1631181 0.0116253 0.1300732 0.0711302 0.0058729 0.0564871 0.1400410 0.1394165 0.1503334 0.1693726 0.0056885 0.0057881 0.1589921 0.0748087 0.1136729 0.1568201 0.1245692 0.0898428 0.1307243 0.1307227 0.0423530 0.0000000 0.1309696 0.0833967 0.1643535 0.0174805 0.1173506 0.1490100 0.1650230 0.0547521 0.1587449 0.0172690 0.1103105 0.0780497 0.0116144 0.1644266 0.1262956 0.0760437 0.0835387 0.1321477 0.1230465 0.1300567 0.0516521 0.1387786 0.1552564 0.0698389 0.1674661 0.1241637 0.0878761 0.0547474 0.1260426 0.0176213 0.0481023 0.1305061 0.1341904 0.1253600 0.2047568 0.0902074 0.1401890 0.1975255 0.0057524 0.1779293 0.1312163 0.0701761 0.0057766 0.0000021 0.0577517 0.1005404 0.0485167 0.0829059 0.0724211 0.1677673 0.0389757 0.0766548 0.1324466 0.1519425 0.0057184 0.1137319 0.0355179 
S0645sl       0.4029062 0.6398552 0.5808121 0.1602850 0.2252077 0.1403012 0.4363484 0.1214902 0.0993703 0.1826545 0.1247060 0.0234648 0.1443411 0.1174699 0.1317462 0.0232079 0.0355241 0.1913622 0.2116333 0.1221973 0.1311578 0.0984589 0.1529502 0.0114791 0.1990510 0.1645695 0.1301904 0.1699751 0.0231471 0.1392586 0.1309696 0.0000000 0.0766419 0.1182178 0.1295412 0.1408659 0.1982421 0.1645450 0.1124725 0.1908631 0.1375878 0.1505374 0.1309644 0.1321536 0.2406441 0.1503883 0.0694008 0.1419894 0.1675241 0.1530792 0.1836788 0.1201216 0.1634657 0.1475578 0.1063200 0.1594831 0.1748619 0.1639934 0.1560757 0.1884576 0.1321175 0.1450303 0.0356624 0.0846288 0.0845981 0.2381524 0.0833917 0.0293890 0.2286790 0.1391142 0.2172539 0.1851331 0.1500316 0.1160102 0.1305473 0.1465617 0.1494569 0.1388757 0.1398025 0.1554532 0.0354712 0.1257567 0.1136806 0.1571116 0.1079559 0.1229930 0.1562385 0.0982049 
S0656sl       0.4029062 0.5720703 0.5179280 0.1417431 0.1909736 0.0912860 0.2268833 0.0828002 0.0462238 0.1210109 0.0841431 0.0761999 0.1110989 0.0706832 0.0838604 0.0999522 0.1067075 0.1710154 0.1901638 0.0758638 0.0835181 0.1318922 0.1267415 0.0620787 0.2026255 0.1308733 0.1070722 0.1595512 0.0997075 0.0906036 0.0833967 0.0766419 0.0000000 0.1033153 0.0825421 0.0771376 0.1574224 0.1202124 0.0758964 0.1605196 0.0896421 0.1172479 0.0681975 0.0840806 0.2013247 0.0848856 0.0056580 0.0923872 0.1505177 0.1390250 0.1470164 0.0797844 0.1220577 0.1130440 0.0479572 0.1235051 0.1402855 0.1289412 0.1135071 0.1564147 0.0840728 0.1041514 0.0764275 0.0784370 0.0709307 0.2074450 0.0419337 0.1082920 0.2098802 0.0905839 0.1871992 0.1655622 0.1168995 0.0698805 0.0831317 0.1037119 0.1350668 0.1064997 0.1077035 0.1209518 0.1078264 0.0911464 0.0417770 0.1157650 0.0935802 0.0763178 0.0980838 0.0618618 
S0673         0.7406645 0.6158777 0.5398563 0.2423269 0.3187399 0.1751087 0.3937766 0.1553658 0.0887543 0.2091474 0.1660781 0.1080503 0.1934399 0.1400661 0.1540512 0.1454749 0.1448727 0.2113551 0.3083461 0.1543675 0.1645950 0.1825014 0.2101769 0.1011512 0.2543529 0.2266573 0.1654698 0.2254984 0.1451315 0.1737712 0.1643535 0.1182178 0.1033153 0.0000000 0.1624264 0.1640939 0.2484698 0.2221577 0.1356706 0.2203379 0.1714520 0.2111876 0.1644014 0.1659853 0.3048670 0.1745628 0.0951645 0.1772792 0.1988119 0.2118693 0.2257985 0.1624506 0.2006645 0.2022824 0.1365283 0.1948843 0.2269480 0.2159329 0.2032690 0.2203479 0.1581527 0.1898269 0.1107146 0.0365941 0.0239767 0.2749804 0.1107336 0.1365041 0.2603459 0.1734855 0.2456834 0.2723304 0.1992155 0.1478510 0.1638024 0.1730828 0.1984347 0.1833960 0.1867821 0.1948610 0.1546635 0.1823800 0.1446651 0.1940197 0.0299722 0.1554618 0.1847887 0.1362655 
S0690         0.3127549 0.5893301 0.5237996 0.1263987 0.1741433 0.0236490 0.3826275 0.0548098 0.0726345 0.1613079 0.0057796 0.1286665 0.0866827 0.0118700 0.0634619 0.1384965 0.1470205 0.1699365 0.1903402 0.0114937 0.0174370 0.1733511 0.0747118 0.1124663 0.1766824 0.1240048 0.1058197 0.1492256 0.1381793 0.0553909 0.0174805 0.1295412 0.0825421 0.1624264 0.0000000 0.1087270 0.1658749 0.1631631 0.0546742 0.1703462 0.0232646 0.1102820 0.0910710 0.0176041 0.1660234 0.1173914 0.0752723 0.0918251 0.1435650 0.1224943 0.1384971 0.0587812 0.1372605 0.1535317 0.0691291 0.1655513 0.1236034 0.1046736 0.0688837 0.1189439 0.0237436 0.0611451 0.1290890 0.1326949 0.1239785 0.2171479 0.0825317 0.1478324 0.2098452 0.0234916 0.1797295 0.1497162 0.0854900 0.0116738 0.0174253 0.0655666 0.1175895 0.0624311 0.0985776 0.0883142 0.1658472 0.0529251 0.0758724 0.1309880 0.1502119 0.0115550 0.1125250 0.0481526 
S0720         0.2541545 0.5446514 0.4408491 0.1553400 0.1981856 0.1264354 0.3296058 0.1164492 0.0623298 0.0885752 0.1109780 0.1398670 0.1392413 0.0950003 0.0917647 0.1417838 0.1726631 0.1988551 0.1970343 0.1087740 0.1175232 0.1685831 0.1068132 0.1229101 0.1820685 0.1400443 0.1495883 0.2043433 0.1341738 0.1157995 0.1173506 0.1408659 0.0771376 0.1640939 0.1087270 0.0000000 0.1971034 0.1689359 0.0835258 0.1807946 0.1239913 0.1189356 0.0628220 0.1184040 0.2026672 0.0057028 0.0698366 0.1096688 0.1498574 0.1394724 0.1698568 0.1156445 0.0688166 0.1607668 0.0495950 0.1637921 0.1418280 0.1421905 0.1512039 0.1908611 0.1183767 0.1401595 0.1403444 0.1252924 0.1251866 0.1954014 0.0919712 0.1601190 0.2089907 0.1253725 0.2076119 0.1712452 0.1450530 0.1025186 0.1169661 0.0984917 0.1710326 0.1345931 0.1348042 0.1399008 0.1790381 0.1030730 0.0494414 0.0627759 0.1436678 0.1094799 0.0557432 0.1001280 
S0724sl       0.2834908 0.5778331 0.4750954 0.2016750 0.1851107 0.1674081 0.4371841 0.1404594 0.2272009 0.2481371 0.1688198 0.1693015 0.1586341 0.1433903 0.1676076 0.2011618 0.2047583 0.0128480 0.2154470 0.1665903 0.1690821 0.2139245 0.1816251 0.1761795 0.1745641 0.1580439 0.1895794 0.1037303 0.1959768 0.1661958 0.1490100 0.1982421 0.1574224 0.2484698 0.1658749 0.1971034 0.0000000 0.2402443 0.1475883 0.0471575 0.1843822 0.1478011 0.1767439 0.1789047 0.1959697 0.2087595 0.1675758 0.1532476 0.1837937 0.1609314 0.1782595 0.1675892 0.2143540 0.2191578 0.1642766 0.2233724 0.1453391 0.1885916 0.1761140 0.1820020 0.1613572 0.1839618 0.1973163 0.2042474 0.2050644 0.0816848 0.1736645 0.1967451 0.0737929 0.1690821 0.1471212 0.1723476 0.1644243 0.1599390 0.1502141 0.1529800 0.2055024 0.1679038 0.1745881 0.1604844 0.2019622 0.1639001 0.1728894 0.2076328 0.2399177 0.1678110 0.1865878 0.1481487 
S0735         0.3230001 0.4402430 0.4696767 0.2103195 0.2353593 0.1753626 0.3310966 0.1637072 0.1146944 0.1947264 0.1666871 0.1633219 0.1896794 0.1511291 0.1325494 0.1743917 0.2024674 0.2457827 0.2507967 0.1554121 0.1652557 0.1960899 0.1570094 0.1455735 0.2311823 0.1956962 0.1970240 0.2470430 0.1740115 0.1740762 0.1650230 0.1645450 0.1202124 0.2221577 0.1631631 0.1689359 0.2402443 0.0000000 0.1554993 0.2475184 0.1644093 0.1781136 0.1558243 0.1591277 0.2380983 0.1793539 0.1287434 0.1408799 0.2234037 0.2136818 0.2587149 0.1477400 0.2045001 0.0235119 0.1366352 0.0240572 0.1895375 0.2184272 0.1672237 0.2317380 0.1503820 0.1730201 0.1638933 0.1869352 0.1769093 0.2867007 0.1448636 0.1848744 0.3125993 0.1738005 0.2658414 0.2193946 0.2090778 0.1491549 0.1644915 0.1949851 0.2541340 0.1773603 0.2046975 0.1958171 0.1796400 0.1515443 0.1443859 0.2060019 0.1859760 0.1478941 0.1824023 0.1379708 
S0742         0.3127549 0.5679410 0.5058422 0.1248028 0.1703049 0.0617777 0.3385872 0.0543797 0.0724195 0.1531494 0.0484771 0.1117554 0.0943087 0.0431460 0.0695376 0.1209494 0.1484002 0.1488879 0.1878102 0.0479851 0.0617344 0.1540186 0.0665736 0.0963737 0.1626057 0.1284760 0.0554014 0.1381958 0.1206673 0.0613177 0.0547521 0.1124725 0.0758964 0.1356706 0.0546742 0.0835258 0.1475883 0.1554993 0.0000000 0.1369654 0.0607242 0.1242614 0.0977860 0.0551689 0.1689551 0.0913511 0.0687327 0.0981254 0.1246497 0.1262857 0.1550368 0.0725308 0.1271506 0.1460143 0.0755489 0.1577688 0.1299922 0.1033454 0.0821586 0.1352532 0.0551709 0.0740319 0.1121093 0.1073774 0.1001122 0.1813298 0.0743953 0.1297086 0.1749239 0.0613353 0.1666922 0.1478140 0.0930009 0.0359970 0.0545802 0.0569719 0.1156767 0.0685066 0.0986538 0.0961082 0.1395570 0.0595486 0.0823488 0.1209726 0.1246335 0.0482553 0.1126310 0.0352508 
S0748         0.2435447 0.6223366 0.5198076 0.1992092 0.1813000 0.1603448 0.4801959 0.1591485 0.2032305 0.2700741 0.1617629 0.1891699 0.1624503 0.1440543 0.1694538 0.1812515 0.1913236 0.0131321 0.2139350 0.1595095 0.1820498 0.2271452 0.1945167 0.1680380 0.1737722 0.1627028 0.1985629 0.0693604 0.1791119 0.1591160 0.1587449 0.1908631 0.1605196 0.2203379 0.1703462 0.1807946 0.0471575 0.2475184 0.1369654 0.0000000 0.1782177 0.1517543 0.1790473 0.1723387 0.2107715 0.1926641 0.1714860 0.1541697 0.1814609 0.1532574 0.1720591 0.1801619 0.1766393 0.2248629 0.1587117 0.2170361 0.1561114 0.1851174 0.1792275 0.1860812 0.1722644 0.1984331 0.1778352 0.1939281 0.1825606 0.0259671 0.1779978 0.1783737 0.0127302 0.1805204 0.0860169 0.1662366 0.1686415 0.1524404 0.1601112 0.1358926 0.1982110 0.1690893 0.1796657 0.1741268 0.2041510 0.1674720 0.1678642 0.1695590 0.2067522 0.1607429 0.1804447 0.1496628 
S0756         0.3870557 0.6465479 0.5805796 0.1171347 0.1721210 0.0233595 0.3792172 0.0541243 0.0721044 0.1698348 0.0174055 0.1366392 0.0716970 0.0117238 0.0626376 0.1467282 0.1554409 0.1774027 0.1790159 0.0113565 0.0233495 0.1822799 0.0808885 0.1201225 0.1741222 0.1408253 0.1044041 0.1471035 0.1463965 0.0546904 0.0172690 0.1375878 0.0896421 0.1714520 0.0232646 0.1239913 0.1843822 0.1644093 0.0607242 0.1782177 0.0000000 0.1263141 0.0984107 0.0173899 0.1819017 0.1330256 0.0822233 0.0979915 0.1418521 0.1390988 0.1471752 0.0579939 0.1301696 0.1546896 0.0760378 0.1668345 0.1403599 0.0958537 0.0680007 0.1263161 0.0234518 0.0603778 0.1370945 0.1409549 0.1320541 0.2247782 0.0964723 0.1562998 0.2175447 0.0232059 0.1785015 0.1398566 0.0775064 0.0115320 0.0172151 0.0714721 0.1086001 0.0616321 0.0903715 0.0800176 0.1583818 0.0522061 0.0828771 0.1391306 0.1588450 0.0114164 0.1201795 0.0475559 
S0758         0.3127549 0.4869040 0.4587100 0.1235656 0.1138233 0.1288539 0.3365441 0.1173592 0.0493861 0.1749866 0.1126021 0.1494338 0.0712650 0.1057402 0.1161337 0.1602491 0.1678395 0.1521491 0.1323389 0.1107724 0.1197249 0.1806643 0.1407043 0.1319317 0.1651556 0.0177680 0.1403741 0.1824550 0.1490524 0.1077840 0.1103105 0.1505374 0.1172479 0.2111876 0.1102820 0.1189356 0.1478011 0.1781136 0.1242614 0.1517543 0.1263141 0.0000000 0.1011683 0.1206425 0.0702217 0.1280342 0.1088929 0.0909016 0.0439396 0.0369947 0.0450869 0.1327797 0.1509401 0.1602617 0.0858241 0.1730418 0.0505492 0.1109168 0.1247617 0.1354434 0.1202423 0.1407091 0.1499561 0.1657585 0.1657004 0.2051853 0.1162576 0.1592103 0.2102703 0.1277480 0.2407910 0.1149993 0.0770547 0.1040811 0.1106487 0.1228291 0.1080155 0.1255911 0.0769175 0.0788473 0.1901043 0.1192109 0.0930207 0.1444582 0.1748824 0.1115056 0.1246151 0.1004068 
S0760         0.2541545 0.5427680 0.5039574 0.1337028 0.1840755 0.1002585 0.3221613 0.0980215 0.0109066 0.1280570 0.0928788 0.1300668 0.1104477 0.0790434 0.0824238 0.1318157 0.1579361 0.1891508 0.1733552 0.0842041 0.0781658 0.1590290 0.1218164 0.1136496 0.1693233 0.1161398 0.1477506 0.2000480 0.1243879 0.0974669 0.0780497 0.1309644 0.0681975 0.1644014 0.0910710 0.0628220 0.1767439 0.1558243 0.0977860 0.1790473 0.0984107 0.1011683 0.0000000 0.0928110 0.1924452 0.0701651 0.0612610 0.0993708 0.1335587 0.1412940 0.1304720 0.0962644 0.0991458 0.1480198 0.0172655 0.1506959 0.1269964 0.1208881 0.1232622 0.1656826 0.0925177 0.1202519 0.1305003 0.1341894 0.1253482 0.1975223 0.0901684 0.1495291 0.2234344 0.0852870 0.2374262 0.1498662 0.1162235 0.0778800 0.0777960 0.0982674 0.1512652 0.1230370 0.1070894 0.1113962 0.1678202 0.0918647 0.0231599 0.0929112 0.1445266 0.0847220 0.0765737 0.0828452 
S0763         0.3127549 0.6325457 0.5654318 0.1118901 0.1644900 0.0176761 0.3681711 0.0485615 0.0605347 0.1573004 0.0116144 0.1312387 0.0797474 0.0059142 0.0569314 0.1413288 0.1500705 0.1718207 0.1822059 0.0057272 0.0176697 0.1656922 0.0690489 0.1146607 0.1688492 0.1353201 0.0921994 0.1416628 0.1410010 0.0490713 0.0116144 0.1321536 0.0840806 0.1659853 0.0176041 0.1184040 0.1789047 0.1591277 0.0551689 0.1723387 0.0173899 0.1206425 0.0928110 0.0000000 0.1691207 0.1274527 0.0766559 0.0857334 0.1453188 0.1336344 0.1414844 0.0520686 0.1400437 0.1493783 0.0703998 0.1615012 0.1276260 0.0973711 0.0624169 0.1285209 0.0118214 0.0487125 0.1316800 0.1354335 0.1265015 0.2196132 0.0909532 0.1509139 0.2122488 0.0175594 0.1909291 0.1421612 0.0786513 0.0058167 0.0115776 0.0656362 0.1103153 0.0560017 0.0917145 0.0812405 0.1693948 0.0461435 0.0772770 0.1336572 0.1533970 0.0057576 0.1147200 0.0419947 
