84
CRNC          0.0000000 0.2440545 0.4357732 0.4948316 0.6280058 0.5167577 0.4232677 0.4574325 0.6197078 0.5492503 0.3779614 0.4751872 0.5415617 0.5589067 0.5404333 0.5544409 0.5352314 0.8528440 0.4831177 0.4822344 0.5598451 0.5213628 0.5784653 0.4723963 0.5787061 0.6588776 0.4442831 0.4915963 0.5416343 0.6249316 0.5622561 0.4498792 0.5230223 0.5535093 0.4787522 0.5114251 0.5299141 0.4937745 0.4994319 0.5254126 0.6015441 0.3684892 0.5371849 0.5200030 0.5054123 0.4925237 0.5078232 0.4304207 0.4676822 0.5408287 0.4867277 0.4974777 0.4491772 0.4937745 0.4372378 0.5168319 0.5199604 0.5047396 0.5586442 0.4491352 0.4907639 0.4887733 0.4915963 0.5404333 0.5798692 0.5572342 0.5395756 0.4552746 0.4821348 0.3835162 0.3970769 0.4605884 0.4787014 0.4647340 0.4828019 0.5019520 0.4723177 0.5235244 0.5079757 0.4923553 0.5308654 0.5360671 0.5757422 0.4468385 
HYZL          0.2440545 0.0000000 0.1668039 0.3708340 0.3140819 0.3861568 0.2337274 0.3275218 0.3737761 0.3715972 0.2283983 0.2720244 0.3500328 0.2845910 0.3856959 0.3426564 0.3618069 3.5418221 0.2817284 0.3809044 0.3996872 0.3204567 0.4079041 0.2379880 0.4104231 0.3982207 0.2260591 0.2759683 0.4277448 0.3851225 0.4012571 0.3063166 0.4264542 0.3956419 0.3044566 0.2997128 0.3717328 0.2889109 0.2916138 0.3372440 0.3809215 0.2186061 0.3088911 0.3094920 0.3036893 0.3016252 0.3647975 0.2919193 0.2730128 0.4000346 0.3425944 0.3154968 0.3059278 0.2889109 0.3125671 0.3076107 0.2862048 0.3157308 0.3353327 0.3059036 0.3467006 0.3160603 0.2759683 0.3856959 0.3834480 0.3881694 0.3657596 0.3008084 0.2876419 0.2636451 0.2794615 0.3381910 0.3157072 0.2965878 0.2898029 0.2816403 0.2944266 0.3077398 0.3563925 0.2700433 0.3452383 0.3675040 0.3027833 0.2624878 
MYZV          0.4357732 0.1668039 0.0000000 0.4868667 0.4897889 0.4737384 0.4171122 0.3751481 0.4082155 0.4884114 0.3470113 0.3975847 0.4842101 0.3514613 0.4561176 0.3544971 0.4765278 3.2593589 0.3441791 0.4123675 0.4828008 0.4524935 0.4430073 0.3127869 0.5324666 0.5457677 0.2499222 0.3646145 0.4819124 0.4457938 0.4446302 0.3815587 0.4357668 0.4673264 0.4502968 0.3650803 0.4838537 0.3523471 0.3558644 0.4326651 0.4162711 0.2989185 0.4077610 0.4355469 0.4308891 0.4274992 0.4047663 0.3837602 0.3934666 0.5037570 0.4682596 0.4489744 0.3621722 0.3523471 0.3800021 0.4426398 0.4125653 0.3795661 0.3972536 0.3809795 0.4798787 0.4245847 0.3646145 0.4561176 0.4534166 0.4701700 0.5061706 0.4064380 0.4116624 0.3765443 0.3866404 0.4069317 0.3790332 0.4055079 0.4368071 0.4108111 0.3949311 0.3742686 0.3957007 0.3615065 0.4512447 0.4101153 0.3891135 0.3994463 
SRR6441723    0.4948316 0.3708340 0.4868667 0.0000000 0.1115658 0.1543750 0.2511624 0.1371122 0.1740760 0.1262703 0.1573527 0.0642863 0.1334698 0.2007679 0.2005239 0.1716252 0.1211130 0.1143225 0.0915202 0.1461754 0.2087931 0.0972818 0.1856904 0.1474897 0.1323925 0.1991485 0.2005529 0.1416317 0.1741238 0.1463631 0.2095782 0.1391903 0.1516430 0.2038495 0.1187642 0.0922428 0.1160952 0.0869540 0.0875554 0.1235797 0.1388275 0.1464385 0.0773807 0.1012073 0.1037306 0.0875088 0.1590505 0.1359647 0.1234563 0.1907023 0.1176198 0.1082392 0.1391059 0.0869540 0.1437944 0.1060328 0.0670819 0.1563627 0.0870107 0.1390981 0.1262397 0.1479485 0.1416317 0.2005239 0.2249619 0.2046620 0.1248700 0.0504864 0.0530667 0.0933507 0.0790042 0.1147680 0.0919553 0.1287516 0.0691181 0.0598482 0.1262184 0.0969109 0.1537826 0.1603407 0.1364316 0.1653659 0.1523381 0.1205589 
ERR4210213    0.6280058 0.3140819 0.4897889 0.1115658 0.0000000 0.1175505 0.2234316 0.1265007 0.2350009 0.1077576 0.1589684 0.0636317 0.1430308 0.1119187 0.1846470 0.2813607 0.1047380 0.0000010 0.1066976 0.1603251 0.1623002 0.0781182 0.1734548 0.1445802 0.1306597 0.0926910 0.1728345 0.1232034 0.1297476 0.1030838 0.1883004 0.1294349 0.1547381 0.1846470 0.1038446 0.0892739 0.1068305 0.1066976 0.0982205 0.0967622 0.1054773 0.1326207 0.0650571 0.0934675 0.0691692 0.0940691 0.1793372 0.1419167 0.1426017 0.2663541 0.1110279 0.1030086 0.1206878 0.1066976 0.1369850 0.0934675 0.0645253 0.1485674 0.1100236 0.1122564 0.1250236 0.1259316 0.1232034 0.1846470 0.2114548 0.1846470 0.1198425 0.0704192 0.0580880 0.0772334 0.0693259 0.0924425 0.1238446 0.1150310 0.0720946 0.0638571 0.0993928 0.0892739 0.1699206 0.1488287 0.1238770 0.1799309 2.9062668 0.1477338 
ERR2789774    0.5167577 0.3861568 0.4737384 0.1543750 0.1175505 0.0000000 0.2683201 0.1256811 0.2131652 0.0979403 0.1130123 0.1020647 0.1219478 0.1575947 0.1750096 0.1654504 0.0925778 0.1862229 0.1173453 0.1392029 0.1571275 0.1159214 0.1331953 0.1608754 0.1104894 0.1102509 0.1987503 0.1421922 0.1100100 0.1399459 0.1769744 0.1339068 0.1514861 0.1865997 0.0877401 0.1019335 0.1134805 0.1123920 0.1078082 0.1253543 0.1371499 0.1076214 0.1061209 0.1068883 0.1208694 0.1269185 0.1537603 0.1414239 0.1556885 0.2040099 0.1172025 0.1120746 0.1338292 0.1123920 0.1283404 0.1117987 0.1003111 0.1057906 0.1267894 0.1338219 0.0934000 0.1386618 0.1421922 0.1750096 0.1793864 0.1757134 0.1020402 0.1086662 0.1046159 0.0626312 0.0629346 0.1177241 0.1193227 0.1064208 0.0954017 0.1120767 0.1101651 0.1067193 0.1486719 0.1559576 0.1136863 0.1447685 0.2102239 0.1370137 
PAFTOL_019361 0.4232677 0.2337274 0.4171122 0.2511624 0.2234316 0.2683201 0.0000000 0.2337979 0.3783492 0.2514089 0.3809015 0.1967692 0.2246969 0.3056288 0.3222738 0.2556784 0.2440422 0.6486753 0.2239359 0.2583073 0.2952393 0.2410825 0.3154159 0.1711254 0.2803105 0.3028452 0.3005976 0.2092239 0.2539192 0.3007468 0.3261964 0.1813872 0.3305412 0.3310795 0.2205455 0.2150173 0.2517650 0.2302953 0.2243487 0.2311848 0.2855785 0.1973008 0.1860565 0.2379627 0.2438883 0.2572221 0.3464225 0.1811185 0.1626412 0.3470916 0.2354287 0.2269225 0.1842822 0.2302953 0.1893825 0.2364831 0.1902817 0.2339961 0.2582964 0.1842704 0.2513233 0.2769162 0.2092239 0.3222738 0.3165800 0.3327918 0.2176468 0.2078696 0.1950906 0.2027966 0.1897724 0.2060470 0.2078826 0.1945253 0.2213368 0.1971959 0.2524639 0.2216188 0.3382589 0.2196023 0.2451902 0.3300489 0.1911911 0.2578069 
S0055         0.4574325 0.3275218 0.3751481 0.1371122 0.1265007 0.1256811 0.2337979 0.0000000 0.1833430 0.1052065 0.0771257 0.0998811 0.1026451 0.1448821 0.1039498 0.1400569 0.1003721 0.1267856 0.0962249 0.1026498 0.0896691 0.0945808 0.0965795 0.1446772 0.1279167 0.1294606 0.2266431 0.1482932 0.0711206 0.1093206 0.1050873 0.1243279 0.1004030 0.1134325 0.1034693 0.0819034 0.1051624 0.0915812 0.0872313 0.1271597 0.0900587 0.1209670 0.0851600 0.1144067 0.1008464 0.1044824 0.1229606 0.1271516 0.1211293 0.1114945 0.1153067 0.1159930 0.1242625 0.0915812 0.1189875 0.1136439 0.1039150 0.0829711 0.1335101 0.1242562 0.1051772 0.1222051 0.1482932 0.1039498 0.1213629 0.1091671 0.1040290 0.1071049 0.0975548 0.0575936 0.0492407 0.0544023 0.1307258 0.0891336 0.1176288 0.1097563 0.1089455 0.0863896 0.1182158 0.1539790 0.1147958 0.1284190 0.1805820 0.1182428 
S0281         0.6197078 0.3737761 0.4082155 0.1740760 0.2350009 0.2131652 0.3783492 0.1833430 0.0000000 0.2127952 0.1284027 0.1724226 0.2298451 0.2140955 0.1452249 0.2038010 0.2034204 0.2870687 0.1383556 0.1900449 0.1517338 0.1857367 0.1886588 0.2177537 0.1990427 0.2650253 0.2384132 0.2466486 0.1699187 0.1057269 0.1396781 0.2370050 0.1628502 0.1556237 0.2071982 0.1395189 0.2178945 0.1332087 0.1341923 0.1778442 0.0934550 0.2116255 0.1844867 0.1942690 0.1863175 0.1726399 0.0851474 0.2419104 0.2633299 0.1594077 0.1945058 0.1863670 0.2367539 0.1332087 0.2425851 0.1886860 0.1708913 0.1306342 0.1496170 0.2367366 0.2083792 0.1697560 0.2466486 0.1452249 0.1572185 0.1481861 0.2155764 0.1619144 0.1767651 0.1458600 0.1348320 0.1503857 0.1818959 0.1646372 0.1796362 0.1789297 0.1550576 0.1447899 0.0810257 0.2791193 0.2311246 0.0767964 0.3077071 0.1705319 
S0282         0.5492503 0.3715972 0.4884114 0.1262703 0.1077576 0.0979403 0.2514089 0.1052065 0.2127952 0.0000000 0.2282821 0.0871963 0.0423458 0.1110976 0.2103657 0.1489609 0.0173385 0.1114952 0.0967743 0.1388917 0.1903124 0.0919754 0.1334107 0.1191300 0.0427286 0.0333961 0.1454083 0.1242150 0.1162407 0.1292874 0.2127857 0.0987524 0.1523162 0.2137426 0.0240042 0.0824406 0.0201181 0.0921300 0.0877790 0.1221517 0.1305928 0.0969633 0.0627048 0.1001536 0.0963794 0.1018313 0.1738294 0.1051401 0.1106137 0.2003966 0.1105779 0.1015078 0.0987134 0.0921300 0.0939005 0.1049050 0.0795583 0.1067055 0.1171203 0.0987092 0.0132652 0.0678350 0.1242150 0.2103657 0.2286475 0.2146980 0.0241278 0.0847237 0.0800643 0.0102841 0.0104890 0.0907647 0.0989002 0.1081298 0.0845658 0.0873796 0.0513593 0.0869318 0.1683344 0.1302182 0.0201535 0.1572801 0.1721439 0.0628008 
S0288         0.3779614 0.2283983 0.3470113 0.1573527 0.1589684 0.1130123 0.3809015 0.0771257 0.1284027 0.2282821 0.0000000 0.0909742 0.2371116 0.2593838 0.0083662 0.1164276 0.2052475 0.0000010 0.0755628 0.0666235 0.0262958 0.1032373 0.1163218 0.2750741 0.2189025 0.2023117 0.2081756 0.1702174 0.1012093 0.1002417 0.0084620 0.1928624 0.0986219 0.0083662 0.2023117 0.0882820 0.2466307 0.0755628 0.0760958 0.0900023 0.0762681 0.1725974 0.1448889 0.1263112 0.1032373 0.0783072 0.0732999 0.2039093 0.1372060 0.0913193 0.1019104 0.1027566 0.1764464 0.0755628 0.2063765 0.1263112 0.1322392 0.1424937 0.1378055 0.1764464 0.2078808 0.1904180 0.1702174 0.0083662 0.0272376 0.0083662 0.2351055 0.1547240 0.0929268 0.0621312 0.0735108 0.1267001 0.1638746 0.1560119 0.0929136 0.1153847 0.1856993 0.0882820 0.0732999 0.1845759 0.2282821 0.0839396 0.0000010 0.1537704 
S0292         0.4751872 0.2720244 0.3975847 0.0642863 0.0636317 0.1020647 0.1967692 0.0998811 0.1724226 0.0871963 0.0909742 0.0000000 0.0966022 0.1407681 0.1511747 0.1402129 0.0826245 0.1973052 0.0434608 0.1010617 0.1581616 0.0428752 0.1352163 0.1147434 0.1091613 0.1442968 0.1365271 0.0987263 0.1283113 0.1102417 0.1587826 0.0870267 0.1236583 0.1543432 0.0809754 0.0437650 0.0918133 0.0395844 0.0398294 0.0640454 0.1100000 0.0964149 0.0394234 0.0421643 0.0432120 0.0351079 0.1322292 0.0931519 0.0725468 0.1526621 0.0582169 0.0504993 0.0869966 0.0395844 0.0911340 0.0383776 0.0315555 0.1065477 0.0457724 0.0869932 0.0871675 0.1136957 0.0987263 0.1511747 0.1581214 0.1543977 0.0901545 0.0312281 0.0066285 0.0572323 0.0530251 0.0678990 0.0423513 0.0986843 0.0203638 0.0065252 0.0940207 0.0477205 0.1273052 0.1083201 0.0963008 0.1325734 0.1390290 0.0889899 
S0294         0.5415617 0.3500328 0.4842101 0.1334698 0.1430308 0.1219478 0.2246969 0.1026451 0.2298451 0.0423458 0.2371116 0.0966022 0.0000000 0.1463054 0.2168692 0.1670036 0.0432577 0.1198377 0.1020655 0.1380595 0.1962897 0.0881031 0.1314379 0.1193833 0.0716335 0.0796928 0.1967163 0.1304311 0.1250862 0.1447448 0.2193880 0.1074116 0.1745484 0.2203033 0.0432429 0.0874237 0.0462220 0.0973313 0.0929104 0.1077326 0.1335352 0.1233079 0.0711403 0.0959420 0.0888966 0.0978846 0.1771478 0.1072287 0.1153662 0.2014096 0.1021262 0.1027210 0.1103254 0.0973313 0.1052732 0.1006545 0.0942005 0.1155434 0.1219539 0.1103202 0.0423237 0.0925519 0.1304311 0.2168692 0.2252441 0.2246759 0.0549430 0.0997616 0.0847652 0.0324377 0.0330564 0.0927205 0.1108150 0.1082922 0.0981394 0.0968056 0.0773288 0.0920004 0.1715511 0.1424659 0.0500262 0.1656453 0.1490106 0.0808950 
S0299         0.5589067 0.2845910 0.3514613 0.2007679 0.1119187 0.1575947 0.3056288 0.1448821 0.2140955 0.1110976 0.2593838 0.1407681 0.1463054 0.0000000 0.2325268 0.1692902 0.1088325 0.0000010 0.1572337 0.1598896 0.2051212 0.1155358 0.1443444 0.0484972 0.1248039 0.1078644 0.1008993 0.1044016 0.1330288 0.1521546 0.2375153 0.1109189 0.1402030 0.2325268 0.1078555 0.1354084 0.1292887 0.1572337 0.1467932 0.1263807 0.1422445 0.0967021 0.1210582 0.1345604 0.1155358 0.1356644 0.1893225 0.1043300 0.1907076 0.2561375 0.1257019 0.1272588 0.1021014 0.1572337 0.1187000 0.1345604 0.1157444 0.1304566 0.1488708 0.1021014 0.1212463 0.0858999 0.1044016 0.2325268 0.2460615 0.2325268 0.1248763 0.1302231 0.1163101 0.0652267 0.0652267 0.1122976 0.1456457 0.1798361 0.1405639 0.1413070 0.0763466 0.1354084 0.1789645 0.0926832 0.1200818 0.1731942 0.0000010 0.1069386 
S0303         0.5404333 0.3856959 0.4561176 0.2005239 0.1846470 0.1750096 0.3222738 0.1039498 0.1452249 0.2103657 0.0083662 0.1511747 0.2168692 0.2325268 0.0000000 0.1878001 0.2121391 0.0000010 0.1488724 0.1334909 0.0096407 0.1733899 0.1426078 0.2261717 0.2288861 0.2314023 0.2614037 0.2441167 0.1022597 0.1429253 0.0031914 0.2289983 0.1229911 0.0063514 0.2153037 0.1501706 0.2188654 0.1434585 0.1445600 0.1829776 0.1066576 0.1864938 0.1696535 0.1847787 0.1825737 0.1606935 0.1434668 0.2338231 0.2096799 0.0803618 0.1699308 0.1795595 0.2287601 0.1434585 0.2345612 0.1909743 0.1523428 0.1426578 0.1735288 0.2287435 0.2033672 0.2000401 0.2441167 0.0000010 0.0098504 0.0031687 0.2165180 0.1602534 0.1606879 0.1425229 0.1377789 0.1348432 0.1828290 0.1555901 0.1460996 0.1563943 0.1782300 0.1557173 0.1385898 0.2738811 0.2322389 0.1385950 0.3750841 0.1915059 
S0376         0.5544409 0.3426564 0.3544971 0.1716252 0.2813607 0.1654504 0.2556784 0.1400569 0.2038010 0.1489609 0.1164276 0.1402129 0.1670036 0.1692902 0.1878001 0.0000000 0.1456306 0.2689141 0.1401603 0.0467626 0.1787901 0.1647766 0.1162448 0.1538333 0.1629989 0.3235809 0.0954663 0.2085009 0.2033620 0.1458468 0.1999075 0.1641648 0.1938885 0.1880176 0.1639420 0.1315579 0.1543166 0.1315579 0.1325005 0.2188040 0.1477558 0.1656287 0.1128518 0.1620369 0.1746810 0.1647766 0.1543404 0.1641648 0.1892302 0.1689604 0.1622969 0.1482786 0.1549383 0.1315579 0.1729403 0.1620369 0.1432610 0.1582319 0.1248328 0.1736278 0.1459420 0.1532586 0.2085009 0.1878001 0.1900652 0.1940291 0.1567734 0.1426957 0.1360917 0.1459420 0.1391399 0.1360514 0.1403826 0.1561928 0.1530297 0.1412267 0.1281105 0.1315579 0.1633503 0.2363445 0.1639582 0.1551929 0.2603100 0.1517633 
S0405         0.5352314 0.3618069 0.4765278 0.1211130 0.1047380 0.0925778 0.2440422 0.1003721 0.2034204 0.0173385 0.2052475 0.0826245 0.0432577 0.1088325 0.2121391 0.1456306 0.0000000 0.1114952 0.0867914 0.1378786 0.1919941 0.0818098 0.1233530 0.1190658 0.0426291 0.0387191 0.1310695 0.1191117 0.1174994 0.1245049 0.2065792 0.0998595 0.1538018 0.2155225 0.0204342 0.0729963 0.0245061 0.0823031 0.0780733 0.1107970 0.1243393 0.0948132 0.0505585 0.0897521 0.0860288 0.0912602 0.1655937 0.1063038 0.1050869 0.1937740 0.1092926 0.1002992 0.0998192 0.0823031 0.0949677 0.0943312 0.0752127 0.0963582 0.1120645 0.0998149 0.0173262 0.0601866 0.1191117 0.2121391 0.2305055 0.2165024 0.0205399 0.0802788 0.0755035 0.0104884 0.0069434 0.0861611 0.0940971 0.0935521 0.0803645 0.0827983 0.0513491 0.0773379 0.1602409 0.1302253 0.0245505 0.1520556 0.1760343 0.0586728 
S0412sl       0.8528440 3.5418221 3.2593589 0.1143225 0.0000010 0.1862229 0.6486753 0.1267856 0.2870687 0.1114952 0.0000010 0.1973052 0.1198377 0.0000010 0.0000010 0.2689141 0.1114952 0.0000000 0.1143225 0.2109244 0.0000010 0.1184223 0.1998967 0.2399631 0.2794099 0.2660884 0.0000010 0.2198051 0.0000021 0.3113357 0.0000010 0.2123177 0.2221951 0.0000010 0.1862229 0.1143225 0.2019899 0.1143225 0.1143225 0.2087644 0.3113357 0.0000010 0.1143225 0.1163247 0.1184223 0.1184223 0.1862229 0.2123177 0.0000010 0.0523837 0.1163247 0.1163247 0.2123177 0.1143225 0.2123177 0.1973052 0.1143225 0.1143225 0.1310102 0.2123177 0.1114952 0.1862229 0.2198051 0.0000010 0.0000010 0.0000010 0.1114952 0.1143225 0.1973052 0.1114952 0.1114952 0.1928545 0.1163247 0.1143225 0.1254165 0.1973052 0.1862229 0.1909068 0.1862229 0.2804694 0.2019899 0.1862229 0.1952711 0.1862229 
S0419         0.4831177 0.2817284 0.3441791 0.0915202 0.1066976 0.1173453 0.2239359 0.0962249 0.1383556 0.0967743 0.0755628 0.0434608 0.1020655 0.1572337 0.1488724 0.1401603 0.0867914 0.1143225 0.0000000 0.0915924 0.1505640 0.0652222 0.1142633 0.1184051 0.1085246 0.1438174 0.1499991 0.1083118 0.1303424 0.0882010 0.1430566 0.0925187 0.1342620 0.1519980 0.0901992 0.0099420 0.1015525 0.0032467 0.0099010 0.0833754 0.0779776 0.1061405 0.0474747 0.0641629 0.0657810 0.0604601 0.0930807 0.0988719 0.1062849 0.1478541 0.0726155 0.0736968 0.0924840 0.0032467 0.0967187 0.0684301 0.0551374 0.0764658 0.0721111 0.0924801 0.0967452 0.1097425 0.1083118 0.1488724 0.1556891 0.1520135 0.0997251 0.0625258 0.0483558 0.0567415 0.0525624 0.0721815 0.0649471 0.0842491 0.0570558 0.0514993 0.0996629 0.0133402 0.0887580 0.1242793 0.1061993 0.0978794 0.1366756 0.0790703 
S0427         0.4822344 0.3809044 0.4123675 0.1461754 0.1603251 0.1392029 0.2583073 0.1026498 0.1900449 0.1388917 0.0666235 0.1010617 0.1380595 0.1598896 0.1334909 0.0467626 0.1378786 0.2109244 0.0915924 0.0000000 0.1349708 0.1260178 0.1329590 0.1439627 0.1502483 0.1815282 0.1571316 0.1609398 0.1206203 0.1214281 0.1403700 0.1465124 0.1477680 0.1365279 0.1308137 0.0971212 0.1539291 0.0870095 0.0967382 0.1529609 0.1116796 0.1306932 0.0960155 0.1386833 0.1311875 0.1197370 0.1287600 0.1472386 0.1275522 0.1426626 0.1211843 0.1288640 0.1356439 0.0870095 0.1511710 0.1441433 0.1044661 0.1174329 0.1107360 0.1464100 0.1433572 0.1298845 0.1609398 0.1334909 0.1472297 0.1392587 0.1462612 0.1170405 0.1015732 0.0888275 0.0841255 0.0937949 0.1212283 0.1358219 0.1152003 0.1110330 0.1150846 0.1018726 0.1239497 0.1819212 0.1542053 0.1243593 0.2419818 0.1340603 
S0430         0.5598451 0.3996872 0.4828008 0.2087931 0.1623002 0.1571275 0.2952393 0.0896691 0.1517338 0.1903124 0.0262958 0.1581616 0.1962897 0.2051212 0.0096407 0.1787901 0.1919941 0.0000010 0.1505640 0.1349708 0.0000000 0.1553378 0.1265934 0.2039360 0.2081365 0.2077751 0.2986557 0.2220543 0.0882170 0.1268381 0.0097350 0.2078408 0.1286279 0.0162602 0.1951402 0.1333276 0.1983580 0.1450865 0.1401175 0.1643495 0.0924327 0.1614860 0.1516433 0.1662136 0.1638481 0.1678706 0.1498990 0.2122825 0.2194312 0.0854090 0.1522468 0.1611184 0.2076437 0.1450865 0.2131749 0.1720904 0.1482718 0.1266875 0.1810332 0.2076293 0.1838285 0.1808366 0.2220543 0.0096407 0.0201704 0.0129795 0.1962350 0.1788172 0.1680511 0.1256981 0.1211250 0.1190635 0.1874607 0.1388248 0.1529664 0.1635054 0.1602482 0.1386073 0.1449093 0.2492627 0.2110206 0.1449228 0.3566423 0.1993911 
S0552sl       0.5213628 0.3204567 0.4524935 0.0972818 0.0781182 0.1159214 0.2410825 0.0945808 0.1857367 0.0919754 0.1032373 0.0428752 0.0881031 0.1155358 0.1733899 0.1647766 0.0818098 0.1184223 0.0652222 0.1260178 0.1553378 0.0000000 0.1151074 0.1169830 0.1208117 0.1255483 0.1643585 0.1101123 0.1208311 0.1099650 0.1753637 0.1096777 0.1348196 0.1766123 0.0914776 0.0523562 0.0948790 0.0609969 0.0569619 0.0325968 0.1097237 0.0966533 0.0562834 0.0205222 0.0065838 0.0065559 0.1389973 0.1165491 0.1151472 0.1521347 0.0353499 0.0280578 0.1096271 0.0609969 0.1140436 0.0241055 0.0600836 0.1021580 0.0578813 0.1096219 0.0919466 0.1086398 0.1101123 0.1733899 0.1881610 0.1770207 0.0949114 0.0592039 0.0476863 0.0574884 0.0532766 0.0909996 0.0701647 0.1206632 0.0514443 0.0507933 0.1016035 0.0564487 0.1339677 0.1258675 0.1011787 0.1418516 0.1690130 0.1156991 
S0558         0.5784653 0.4079041 0.4430073 0.1856904 0.1734548 0.1331953 0.3154159 0.0965795 0.1886588 0.1334107 0.1163218 0.1352163 0.1314379 0.1443444 0.1426078 0.1162448 0.1233530 0.1998967 0.1142633 0.1329590 0.1265934 0.1151074 0.0000000 0.1400144 0.1296363 0.1734310 0.1786815 0.1582270 0.0999620 0.1232247 0.1369537 0.1669274 0.0837860 0.1427117 0.1321393 0.0988797 0.1402307 0.1093138 0.1047243 0.1508559 0.1088200 0.1424001 0.1223346 0.1297510 0.1222810 0.1261254 0.1228185 0.1677870 0.1543697 0.1587250 0.1306318 0.1229617 0.1668009 0.1093138 0.1606446 0.1351049 0.1376667 0.0998401 0.1403396 0.1667904 0.1402639 0.1179266 0.1582270 0.1426078 0.1624654 0.1455672 0.1377566 0.1301832 0.1203822 0.0847738 0.0801274 0.0953806 0.1290594 0.1296804 0.1316619 0.1355078 0.1052798 0.1036638 0.1278045 0.1658769 0.1511032 0.1334401 0.2117056 0.1368189 
S0624         0.4723963 0.2379880 0.3127869 0.1474897 0.1445802 0.1608754 0.1711254 0.1446772 0.2177537 0.1191300 0.2750741 0.1147434 0.1193833 0.0484972 0.2261717 0.1538333 0.1190658 0.2399631 0.1184051 0.1439627 0.2039360 0.1169830 0.1400144 0.0000000 0.1392208 0.1669914 0.0642321 0.0344733 0.1677283 0.1836453 0.2289532 0.1049991 0.1628414 0.2335466 0.1114143 0.1069334 0.1299551 0.1184051 0.1134070 0.1208626 0.1634341 0.0415025 0.0926381 0.1151360 0.1181806 0.1286042 0.1809579 0.0953023 0.0986326 0.1961112 0.1118363 0.1071621 0.1049507 0.1184051 0.1095526 0.1204895 0.1125360 0.1323074 0.1142246 0.1049456 0.1190973 0.1221475 0.0344733 0.2261717 0.2136413 0.2274016 0.1160934 0.1153879 0.1068066 0.0910328 0.0910328 0.1335073 0.1176561 0.1356023 0.1235921 0.1144917 0.1109319 0.1121619 0.1749288 0.0319533 0.1193016 0.1718990 0.0169867 0.1224611 
S0641         0.5787061 0.4104231 0.5324666 0.1323925 0.1306597 0.1104894 0.2803105 0.1279167 0.1990427 0.0427286 0.2189025 0.1091613 0.0716335 0.1248039 0.2288861 0.1629989 0.0426291 0.2794099 0.1085246 0.1502483 0.2081365 0.1208117 0.1296363 0.1392208 0.0000000 0.0561599 0.1516424 0.1485486 0.1155997 0.1351699 0.2314911 0.1275777 0.1581066 0.2322997 0.0417649 0.0938413 0.0542420 0.1037882 0.0993836 0.1465113 0.1375104 0.1344591 0.0826695 0.1227375 0.1257242 0.1317109 0.1626651 0.1347701 0.1256726 0.2205570 0.1284275 0.1304572 0.1275092 0.1037882 0.1222354 0.1277910 0.1005012 0.1129654 0.1461703 0.1275027 0.0464915 0.0795540 0.1485486 0.2288861 0.2478956 0.2334939 0.0420952 0.1061017 0.1020400 0.0397726 0.0320943 0.1066254 0.1218790 0.1132061 0.1066800 0.1093889 0.0626563 0.0894847 0.1682982 0.1450797 0.0543381 0.1574243 0.1888928 0.0652758 
S0643         0.6588776 0.3982207 0.5457677 0.1991485 0.0926910 0.1102509 0.3028452 0.1294606 0.2650253 0.0333961 0.2023117 0.1442968 0.0796928 0.1078644 0.2314023 0.3235809 0.0387191 0.2660884 0.1438174 0.1815282 0.2077751 0.1255483 0.1734310 0.1669914 0.0561599 0.0000000 0.1296798 0.1585197 0.1146565 0.1422006 0.2356658 0.1373811 0.1968066 0.2425748 0.0443886 0.1257203 0.0587577 0.1438174 0.1360823 0.1357498 0.1454025 0.1357215 0.0978401 0.1419845 0.1255483 0.1433120 0.2194101 0.1492356 0.1462279 0.2473573 0.1513468 0.1530083 0.1291149 0.1438174 0.1287587 0.1505458 0.1140992 0.1290320 0.1938010 0.1291149 0.0460095 0.0920485 0.1585197 0.2314023 0.2594952 0.2332951 0.0503187 0.1317266 0.1231399 0.0351129 0.0351129 0.1135340 0.1593017 0.1339775 0.1377264 0.1447803 0.0775214 0.1338130 0.2097994 0.1781853 0.0522891 0.1991406 0.7180930 0.0910707 
S0656sl       0.4442831 0.2260591 0.2499222 0.2005529 0.1728345 0.1987503 0.3005976 0.2266431 0.2384132 0.1454083 0.2081756 0.1365271 0.1967163 0.1008993 0.2614037 0.0954663 0.1310695 0.0000010 0.1499991 0.1571316 0.2986557 0.1643585 0.1786815 0.0642321 0.1516424 0.1296798 0.0000000 0.0833584 0.2297770 0.2339393 0.2646925 0.1782916 0.2041801 0.2614037 0.1190677 0.1647291 0.1690162 0.1499991 0.1510189 0.1792034 0.2067893 0.0842386 0.1334883 0.1902887 0.1643585 0.1388162 0.2148367 0.1801774 0.1257254 0.2833747 0.1920910 0.1813094 0.1658741 0.1499991 0.1885704 0.1902887 0.1221908 0.1824393 0.1232051 0.1658741 0.1589474 0.1197838 0.0833584 0.2614037 0.2783009 0.2614037 0.1624807 0.1456697 0.1087952 0.0997573 0.0997573 0.1818170 0.1347800 0.2174299 0.1413710 0.1371356 0.1094163 0.1647291 0.2148367 0.0681584 0.1570380 0.2073437 0.0000010 0.1000863 
S0673         0.4915963 0.2759683 0.3646145 0.1416317 0.1232034 0.1421922 0.2092239 0.1482932 0.2466486 0.1242150 0.1702174 0.0987263 0.1304311 0.1044016 0.2441167 0.2085009 0.1191117 0.2198051 0.1083118 0.1609398 0.2220543 0.1101123 0.1582270 0.0344733 0.1485486 0.1585197 0.0833584 0.0000000 0.1788477 0.1926882 0.2469673 0.1103079 0.1695593 0.2476835 0.1071180 0.0962418 0.1293076 0.1064525 0.1019452 0.1159733 0.1734747 0.0044471 0.0792990 0.0980585 0.1111419 0.1206163 0.1843027 0.1108280 0.1039362 0.2474036 0.1045410 0.0996836 0.1102577 0.1064525 0.1145974 0.1027314 0.0939838 0.1326324 0.1128164 0.1102525 0.1130754 0.1403701 0.0000010 0.2441167 0.2427141 0.2453309 0.1270679 0.1084281 0.0961322 0.0922626 0.0927395 0.1250292 0.1056832 0.1182156 0.0957885 0.0989319 0.1187768 0.1009308 0.1786846 0.0104530 0.1243821 0.1850427 0.0571054 0.1343684 
S0689         0.5416343 0.4277448 0.4819124 0.1741238 0.1297476 0.1100100 0.2539192 0.0711206 0.1699187 0.1162407 0.1012093 0.1283113 0.1250862 0.1330288 0.1022597 0.2033620 0.1174994 0.0000021 0.1303424 0.1206203 0.0882170 0.1208311 0.0999620 0.1677283 0.1155997 0.1146565 0.2297770 0.1788477 0.0000000 0.0932702 0.1033649 0.1643955 0.1048684 0.1115893 0.1156747 0.1140699 0.1226196 0.1251364 0.1203556 0.1484272 0.0859421 0.1458793 0.1225377 0.1428418 0.1280257 0.1318071 0.1345023 0.1680502 0.1617621 0.1425617 0.1252752 0.1379303 0.1642736 0.1251364 0.1581895 0.1483129 0.1292441 0.0796286 0.1578377 0.1642634 0.1226425 0.1376981 0.1788477 0.1022597 0.1193629 0.1073853 0.1141224 0.1369280 0.1263495 0.0772477 0.0668722 0.0829295 0.1535791 0.0993548 0.1394418 0.1393279 0.1149843 0.1190952 0.1295961 0.1938747 0.1328854 0.1295901 0.2578785 0.1265076 
S0720         0.6249316 0.3851225 0.4457938 0.1463631 0.1030838 0.1399459 0.3007468 0.1093206 0.1057269 0.1292874 0.1002417 0.1102417 0.1447448 0.1521546 0.1429253 0.1458468 0.1245049 0.3113357 0.0882010 0.1214281 0.1268381 0.1099650 0.1232247 0.1836453 0.1351699 0.1422006 0.2339393 0.1926882 0.0932702 0.0000000 0.1319839 0.1591616 0.1459542 0.1534681 0.1280648 0.0741634 0.1360230 0.0836356 0.0793366 0.1204580 0.0200663 0.1576763 0.0991509 0.1243533 0.1169464 0.1207576 0.0830345 0.1627294 0.1757632 0.1658323 0.1223166 0.1195108 0.1590474 0.0836356 0.1640268 0.1296077 0.1132945 0.0970067 0.1446875 0.1590376 0.1360537 0.1179333 0.1926882 0.1429253 0.1628818 0.1459029 0.1389944 0.1216908 0.1128564 0.0866011 0.0818591 0.0862973 0.1347420 0.1218891 0.1269807 0.1207756 0.1031458 0.0785786 0.0788545 0.2172415 0.1467760 0.0921866 0.2862836 0.1299481 
S0724sl       0.5622561 0.4012571 0.4446302 0.2095782 0.1883004 0.1769744 0.3261964 0.1050873 0.1396781 0.2127857 0.0084620 0.1587826 0.2193880 0.2375153 0.0031914 0.1999075 0.2065792 0.0000010 0.1430566 0.1403700 0.0097350 0.1753637 0.1369537 0.2289532 0.2314911 0.2356658 0.2646925 0.2469673 0.1033649 0.1319839 0.0000000 0.2316542 0.1243389 0.0096880 0.2177632 0.1387232 0.2213864 0.1377289 0.1332964 0.1850723 0.0969676 0.1893743 0.1644822 0.1868776 0.1846782 0.1685185 0.1379759 0.2365514 0.2203691 0.0857628 0.1718433 0.1816136 0.2314094 0.1377289 0.2372750 0.1931456 0.1591511 0.1379519 0.1817231 0.2313924 0.2056859 0.1931938 0.2469673 0.0031914 0.0133574 0.0064444 0.2189987 0.1680584 0.1687162 0.1441700 0.1393762 0.1363346 0.1852123 0.1507115 0.1535710 0.1641430 0.1802255 0.1440940 0.1331722 0.2772276 0.2349197 0.1383364 0.3750841 0.2001322 
S0735         0.4498792 0.3063166 0.3815587 0.1391903 0.1294349 0.1339068 0.1813872 0.1243279 0.2370050 0.0987524 0.1928624 0.0870267 0.1074116 0.1109189 0.2289983 0.1641648 0.0998595 0.2123177 0.0925187 0.1465124 0.2078408 0.1096777 0.1669274 0.1049991 0.1275777 0.1373811 0.1782916 0.1103079 0.1643955 0.1591616 0.2316542 0.0000000 0.1890426 0.2324764 0.0979098 0.0783409 0.1034675 0.0879170 0.0835945 0.1239857 0.1513247 0.0895969 0.0671927 0.1080232 0.1107218 0.1203539 0.1814364 0.0100900 0.1153172 0.2244495 0.1292865 0.1196460 0.0065556 0.0879170 0.0098546 0.1072924 0.0899480 0.1277584 0.1207264 0.0065556 0.0894925 0.1280797 0.1103079 0.2289983 0.2375902 0.2336952 0.1075401 0.1045323 0.0842846 0.0655933 0.0744161 0.1026828 0.0849691 0.1120461 0.0978142 0.0872095 0.1172801 0.0827921 0.1758085 0.1101446 0.0985730 0.1821581 0.1239247 0.1254952 
S0742         0.5230223 0.4264542 0.4357668 0.1516430 0.1547381 0.1514861 0.3305412 0.1004030 0.1628502 0.1523162 0.0986219 0.1236583 0.1745484 0.1402030 0.1229911 0.1938885 0.1538018 0.2221951 0.1342620 0.1477680 0.1286279 0.1348196 0.0837860 0.1628414 0.1581066 0.1968066 0.2041801 0.1695593 0.1048684 0.1459542 0.1243389 0.1890426 0.0000000 0.1260122 0.1615468 0.1249050 0.1595108 0.1291355 0.1197705 0.1568595 0.1411737 0.1570695 0.1410007 0.1576479 0.1304036 0.1341684 0.1425817 0.1931072 0.1669656 0.1743962 0.1552293 0.1526393 0.1888812 0.1291355 0.1824243 0.1520398 0.1407420 0.1178455 0.1346100 0.1888688 0.1595570 0.1668672 0.1695593 0.1229911 0.1415897 0.1255890 0.1521612 0.1134242 0.1216672 0.0990995 0.0847394 0.0968541 0.1530380 0.1600677 0.1412101 0.1343103 0.1359778 0.1299944 0.1376224 0.1772949 0.1709069 0.1376264 0.2653023 0.1701390 
S0748         0.5535093 0.3956419 0.4673264 0.2038495 0.1846470 0.1865997 0.3310795 0.1134325 0.1556237 0.2137426 0.0083662 0.1543432 0.2203033 0.2325268 0.0063514 0.1880176 0.2155225 0.0000010 0.1519980 0.1365279 0.0162602 0.1766123 0.1427117 0.2335466 0.2322997 0.2425748 0.2614037 0.2476835 0.1115893 0.1534681 0.0096880 0.2324764 0.1260122 0.0000000 0.2186758 0.1533203 0.2222792 0.1465740 0.1421941 0.1862452 0.1160954 0.1949499 0.1728908 0.1880267 0.1858626 0.1638626 0.1537649 0.2373426 0.2173658 0.0891213 0.1731081 0.1828163 0.2322322 0.1465740 0.2380543 0.1942448 0.1555284 0.1531167 0.1767344 0.2322153 0.2066888 0.2033209 0.2476835 0.0063514 0.0166071 0.0063677 0.2199047 0.1634184 0.1639380 0.1457275 0.1409869 0.1379020 0.1860900 0.1665242 0.1492603 0.1595714 0.1814130 0.1588790 0.1487623 0.2777548 0.2357143 0.1487812 0.3962190 0.1947373 
S0756         0.4787522 0.3044566 0.4502968 0.1187642 0.1038446 0.0877401 0.2205455 0.1034693 0.2071982 0.0240042 0.2023117 0.0809754 0.0432429 0.1078555 0.2153037 0.1639420 0.0204342 0.1862229 0.0901992 0.1308137 0.1951402 0.0914776 0.1321393 0.1114143 0.0417649 0.0443886 0.1190677 0.1071180 0.1156747 0.1280648 0.2177632 0.0979098 0.1615468 0.2186758 0.0000000 0.0763637 0.0311709 0.0857032 0.0814766 0.1147541 0.1235434 0.0941867 0.0574250 0.0935678 0.0958493 0.1012611 0.1692395 0.1042213 0.0972270 0.1938132 0.1091035 0.1042029 0.0978717 0.0857032 0.0931101 0.0981661 0.0737402 0.0997916 0.1143695 0.0978675 0.0239882 0.0623047 0.1071180 0.2153037 0.2337004 0.2162870 0.0271037 0.0787063 0.0739558 0.0172869 0.0137310 0.0805734 0.0922139 0.0970238 0.0787266 0.0811441 0.0503028 0.0807111 0.1638766 0.1172515 0.0312264 0.1530865 0.1467158 0.0575007 
S0760         0.5114251 0.2997128 0.3650803 0.0922428 0.0892739 0.1019335 0.2150173 0.0819034 0.1395189 0.0824406 0.0882820 0.0437650 0.0874237 0.1354084 0.1501706 0.1315579 0.0729963 0.1143225 0.0099420 0.0971212 0.1333276 0.0523562 0.0988797 0.1069334 0.0938413 0.1257203 0.1647291 0.0962418 0.1140699 0.0741634 0.1387232 0.0783409 0.1249050 0.1533203 0.0763637 0.0000000 0.0870041 0.0065862 0.0032786 0.0695994 0.0645112 0.0923536 0.0355968 0.0514858 0.0527894 0.0609052 0.0938002 0.0842622 0.1072579 0.1491565 0.0595680 0.0604349 0.0783167 0.0065862 0.0824060 0.0555576 0.0555687 0.0633014 0.0726507 0.0783139 0.0824120 0.0948746 0.0962418 0.1501706 0.1570604 0.1533578 0.0854190 0.0629781 0.0487050 0.0441849 0.0402035 0.0591790 0.0623608 0.0703171 0.0574781 0.0518681 0.0852861 0.0032546 0.0894394 0.1109402 0.0914414 0.0986455 0.1256328 0.0796617 
S0763         0.5299141 0.3717328 0.4838537 0.1160952 0.1068305 0.1134805 0.2517650 0.1051624 0.2178945 0.0201181 0.2466307 0.0918133 0.0462220 0.1292887 0.2188654 0.1543166 0.0245061 0.2019899 0.1015525 0.1539291 0.1983580 0.0948790 0.1402307 0.1299551 0.0542420 0.0587577 0.1690162 0.1293076 0.1226196 0.1360230 0.2213864 0.1034675 0.1595108 0.2222792 0.0311709 0.0870041 0.0000000 0.0968483 0.0924534 0.1272560 0.1359299 0.1091433 0.0668801 0.1049011 0.1011186 0.1047334 0.1785595 0.1099809 0.1100673 0.2002609 0.1255692 0.1161738 0.1034241 0.0968483 0.0985396 0.1097143 0.0795241 0.1137796 0.1221777 0.1034195 0.0201048 0.0762148 0.1293076 0.2188654 0.2446540 0.2233530 0.0313318 0.0846876 0.0846799 0.0173239 0.0176623 0.0907264 0.1037333 0.1032136 0.0879699 0.0920061 0.0634946 0.0915533 0.1730240 0.1411591 0.0199389 0.1730832 0.1722192 0.0709538 
S0765         0.4937745 0.2889109 0.3523471 0.0869540 0.1066976 0.1123920 0.2302953 0.0915812 0.1332087 0.0921300 0.0755628 0.0395844 0.0973313 0.1572337 0.1434585 0.1315579 0.0823031 0.1143225 0.0032467 0.0870095 0.1450865 0.0609969 0.1093138 0.1184051 0.1037882 0.1438174 0.1499991 0.1064525 0.1251364 0.0836356 0.1377289 0.0879170 0.1291355 0.1465740 0.0857032 0.0065862 0.0968483 0.0000000 0.0065583 0.0788865 0.0735776 0.1061405 0.0435399 0.0599966 0.0615144 0.0563247 0.0886011 0.0941433 0.1009085 0.1423919 0.0683438 0.0693561 0.0878859 0.0000010 0.0920815 0.0642079 0.0511186 0.0721629 0.0678653 0.0878823 0.0921010 0.1049486 0.1064525 0.1434585 0.1501681 0.1464994 0.0950956 0.0584582 0.0443433 0.0525977 0.0484751 0.0679225 0.0607531 0.0797106 0.0529143 0.0475116 0.0950077 0.0099420 0.0843287 0.1221179 0.1014359 0.0933190 0.1256328 0.0747999 
S0770         0.4994319 0.2916138 0.3558644 0.0875554 0.0982205 0.1078082 0.2243487 0.0872313 0.1341923 0.0877790 0.0760958 0.0398294 0.0929104 0.1467932 0.1445600 0.1325005 0.0780733 0.1143225 0.0099010 0.0967382 0.1401175 0.0569619 0.1047243 0.1134070 0.0993836 0.1360823 0.1510189 0.1019452 0.1203556 0.0793366 0.1332964 0.0835945 0.1197705 0.1421941 0.0814766 0.0032786 0.0924534 0.0065583 0.0000000 0.0746468 0.0694098 0.1000171 0.0397442 0.0560168 0.0574420 0.0566910 0.0892012 0.0897168 0.1017175 0.1434966 0.0642842 0.0652336 0.0835665 0.0065583 0.0877367 0.0601850 0.0553409 0.0680835 0.0683118 0.0835633 0.0877500 0.1004939 0.1019452 0.1445600 0.1513349 0.1469734 0.0907667 0.0588302 0.0446266 0.0486224 0.0445461 0.0638749 0.0580663 0.0754263 0.0532598 0.0478127 0.0906559 0.0065984 0.0848963 0.1172704 0.0969984 0.0939590 0.1267940 0.0752905 
S0771         0.5254126 0.3372440 0.4326651 0.1235797 0.0967622 0.1253543 0.2311848 0.1271597 0.1778442 0.1221517 0.0900023 0.0640454 0.1077326 0.1263807 0.1829776 0.2188040 0.1107970 0.2087644 0.0833754 0.1529609 0.1643495 0.0325968 0.1508559 0.1208626 0.1465113 0.1357498 0.1792034 0.1159733 0.1484272 0.1204580 0.1850723 0.1239857 0.1568595 0.1862452 0.1147541 0.0695994 0.1272560 0.0788865 0.0746468 0.0000000 0.1202677 0.0961760 0.0736479 0.0317545 0.0328517 0.0405024 0.1505510 0.1312513 0.1376404 0.1925439 0.0474021 0.0398034 0.1239197 0.0788865 0.1284692 0.0355190 0.0787668 0.1190959 0.0864345 0.1239133 0.1110010 0.1338595 0.1159733 0.1829776 0.1905864 0.1868016 0.1250312 0.0814984 0.0697050 0.0797708 0.0801728 0.1164956 0.0883636 0.1307957 0.0730372 0.0727155 0.1259824 0.0739426 0.1453616 0.1309989 0.1322369 0.1398590 0.1902116 0.1410805 
S0795         0.6015441 0.3809215 0.4162711 0.1388275 0.1054773 0.1371499 0.2855785 0.0900587 0.0934550 0.1305928 0.0762681 0.1100000 0.1335352 0.1422445 0.1066576 0.1477558 0.1243393 0.3113357 0.0779776 0.1116796 0.0924327 0.1097237 0.1088200 0.1634341 0.1375104 0.1454025 0.2067893 0.1734747 0.0859421 0.0200663 0.0969676 0.1513247 0.1411737 0.1160954 0.1235434 0.0645112 0.1359299 0.0735776 0.0694098 0.1202677 0.0000000 0.1427676 0.0988670 0.1241868 0.1167364 0.1205692 0.0747754 0.1547450 0.1760345 0.1215882 0.1132286 0.1206891 0.1512221 0.0735776 0.1561153 0.1294729 0.1130692 0.0800412 0.1321144 0.1512131 0.1359608 0.1177380 0.1734747 0.1066576 0.1240311 0.1118610 0.1389224 0.1215111 0.1126229 0.0811057 0.0764546 0.0770218 0.1224874 0.1115415 0.1228912 0.1147439 0.1090245 0.0687657 0.0706709 0.1961766 0.1467608 0.0837062 0.2667643 0.1298183 
S0894         0.3684892 0.2186061 0.2989185 0.1464385 0.1326207 0.1076214 0.1973008 0.1209670 0.2116255 0.0969633 0.1725974 0.0964149 0.1233079 0.0967021 0.1864938 0.1656287 0.0948132 0.0000010 0.1061405 0.1306932 0.1614860 0.0966533 0.1424001 0.0415025 0.1344591 0.1357215 0.0842386 0.0044471 0.1458793 0.1576763 0.1893743 0.0895969 0.1570695 0.1949499 0.0941867 0.0923536 0.1091433 0.1061405 0.1000171 0.0961760 0.1427676 0.0000000 0.0703909 0.0955406 0.0971735 0.1102570 0.1686404 0.0901465 0.1177146 0.2251510 0.0969983 0.0913547 0.0895542 0.1061405 0.0951000 0.0955406 0.0829277 0.1095171 0.1083211 0.0895494 0.0957740 0.1159246 0.0044471 0.1864938 0.1951841 0.1877063 0.1138369 0.1079041 0.0859192 0.0684901 0.0689436 0.1021539 0.1061998 0.0970032 0.0855833 0.0966867 0.0888926 0.0923536 0.1614004 0.0093737 0.1030154 0.1770457 0.0780639 0.1227175 
S0906         0.5371849 0.3088911 0.4077610 0.0773807 0.0650571 0.1061209 0.1860565 0.0851600 0.1844867 0.0627048 0.1448889 0.0394234 0.0711403 0.1210582 0.1696535 0.1128518 0.0505585 0.1143225 0.0474747 0.0960155 0.1516433 0.0562834 0.1223346 0.0926381 0.0826695 0.0978401 0.1334883 0.0792990 0.1225377 0.0991509 0.1644822 0.0671927 0.1410007 0.1728908 0.0574250 0.0355968 0.0668801 0.0435399 0.0397442 0.0736479 0.0988670 0.0703909 0.0000000 0.0474772 0.0567505 0.0649004 0.1428502 0.0726347 0.0763900 0.1772610 0.0725780 0.0644125 0.0671758 0.0435399 0.0628888 0.0594604 0.0383694 0.0853304 0.0598432 0.0671737 0.0626789 0.0893042 0.0792990 0.1696535 0.1770218 0.1732447 0.0656655 0.0502018 0.0363137 0.0438506 0.0399024 0.0666133 0.0613346 0.0691468 0.0479300 0.0395055 0.0746624 0.0394078 0.1377834 0.0921648 0.0709495 0.1457767 0.1128418 0.0876088 
S0959         0.5200030 0.3094920 0.4355469 0.1012073 0.0934675 0.1068883 0.2379627 0.1144067 0.1942690 0.1001536 0.1263112 0.0421643 0.0959420 0.1345604 0.1847787 0.1620369 0.0897521 0.1163247 0.0641629 0.1386833 0.1662136 0.0205222 0.1297510 0.1151360 0.1227375 0.1419845 0.1902887 0.0980585 0.1428418 0.1243533 0.1868776 0.1080232 0.1576479 0.1880267 0.0935678 0.0514858 0.1049011 0.0599966 0.0560168 0.0317545 0.1241868 0.0955406 0.0474772 0.0000000 0.0206727 0.0278194 0.1468788 0.1147993 0.1208465 0.1653135 0.0272085 0.0202437 0.1079746 0.0599966 0.1029149 0.0098359 0.0636883 0.1066303 0.0624145 0.1079696 0.0899990 0.1106679 0.0980585 0.1847787 0.1923643 0.1886053 0.1030487 0.0627604 0.0468906 0.0648423 0.0651506 0.0948397 0.0690351 0.1077034 0.0501911 0.0423463 0.1036510 0.0555195 0.1418036 0.1181312 0.1095177 0.1473194 0.1397700 0.1176564 
S0960         0.5054123 0.3036893 0.4308891 0.1037306 0.0691692 0.1208694 0.2438883 0.1008464 0.1863175 0.0963794 0.1032373 0.0432120 0.0888966 0.1155358 0.1825737 0.1746810 0.0860288 0.1184223 0.0657810 0.1311875 0.1638481 0.0065838 0.1222810 0.1181806 0.1257242 0.1255483 0.1643585 0.1111419 0.1280257 0.1169464 0.1846782 0.1107218 0.1304036 0.1858626 0.0958493 0.0527894 0.1011186 0.0615144 0.0574420 0.0328517 0.1167364 0.0971735 0.0567505 0.0206727 0.0000000 0.0133866 0.1468985 0.1176807 0.1163680 0.1605907 0.0356225 0.0282715 0.1106698 0.0615144 0.1151328 0.0242842 0.0652835 0.1130279 0.0583492 0.1106644 0.0963503 0.1134205 0.1111419 0.1825737 0.1902286 0.1864172 0.0993109 0.0643144 0.0480727 0.0614665 0.0572012 0.0971885 0.0707734 0.1218489 0.0601357 0.0512026 0.1062033 0.0569204 0.1417121 0.1271269 0.1057265 0.1473489 0.1729130 0.1205317 
S0964         0.4925237 0.3016252 0.4274992 0.0875088 0.0940691 0.1269185 0.2572221 0.1044824 0.1726399 0.1018313 0.0783072 0.0351079 0.0978846 0.1356644 0.1606935 0.1647766 0.0912602 0.1184223 0.0604601 0.1197370 0.1678706 0.0065559 0.1261254 0.1286042 0.1317109 0.1433120 0.1388162 0.1206163 0.1318071 0.1207576 0.1685185 0.1203539 0.1341684 0.1638626 0.1012611 0.0609052 0.1047334 0.0563247 0.0566910 0.0405024 0.1205692 0.1102570 0.0649004 0.0278194 0.0133866 0.0000000 0.1276810 0.1275502 0.1036572 0.1402015 0.0431604 0.0356761 0.1202918 0.0563247 0.1248263 0.0315148 0.0596169 0.1125099 0.0497265 0.1202857 0.1018022 0.1192966 0.1206163 0.1606935 0.1748570 0.1640703 0.1047526 0.0508896 0.0396280 0.0663545 0.0620010 0.1008325 0.0643115 0.1318750 0.0433074 0.0427681 0.1118787 0.0651277 0.1228116 0.1373840 0.1113373 0.1302959 0.1690130 0.1053724 
