110
CRNC          0.0000000 0.1905692 0.2605629 0.3511593 0.2633950 0.3502166 0.2615456 0.3668420 0.1957267 0.3580613 0.3549703 0.3144704 0.3281963 0.3572556 0.3409976 0.3332812 0.3563879 0.3592352 0.3674263 0.3186289 0.3447907 0.3191908 0.3398018 0.4094075 0.3549179 0.3448719 0.3498441 0.3119098 0.3809531 0.3492716 0.3475749 0.3331940 0.3667549 0.3705458 0.3665921 0.3359125 0.3337586 0.3279411 0.3314005 0.3567123 0.4421355 0.3576678 0.3487060 0.3752497 0.3542994 0.3717493 0.3318510 0.3292591 0.3380740 0.3443858 0.3382466 0.3445832 0.3606165 0.3491596 0.3790143 0.3500548 0.3417559 0.3353709 0.3497375 0.3501133 0.3439815 0.3426773 0.3222852 0.3157484 0.3446765 0.3683505 0.3411416 0.2609721 0.2786930 0.3439107 0.3330292 0.3691763 0.3382466 0.3788679 0.3242071 0.3659880 0.3434863 0.3417396 0.3500689 0.3635314 0.3214390 0.3300908 0.3664527 0.3558875 0.3397051 0.3481631 0.3156501 0.3811138 0.3486889 0.3613667 0.3539732 0.3381417 0.3396334 0.3544635 0.3441359 0.3266903 0.3243344 0.3449243 0.3555101 0.3252977 0.3605758 0.3543783 0.3541349 0.3356805 0.3325576 0.3409911 0.3689280 0.3698434 0.3631107 0.3296847 
HYZL          0.1905692 0.0000000 0.1601874 0.3251510 0.2091517 0.3144625 0.2563496 0.3464731 0.2750748 0.3411918 0.3108803 0.3070108 0.3019557 0.3274679 0.3170622 0.3148471 0.3275669 0.3263896 0.3403399 0.3096856 0.2957291 0.3396836 0.3183966 0.3555459 0.3393389 0.3316244 0.3171150 0.3175038 0.3587439 0.3246817 0.3341378 0.3114807 0.3798363 0.3454644 0.3366839 0.3259788 0.2933319 0.3104927 0.3308801 0.3242366 0.3679320 0.3548882 0.3218074 0.3670899 0.3271984 0.3277798 0.3187109 0.3115825 0.3181656 0.3267428 0.3090047 0.3229256 0.3636384 0.3406030 0.3318423 0.3699640 0.3306787 0.2921269 0.2875601 0.3165193 0.3438166 0.3234465 0.3145480 0.3253657 0.3206964 0.3573046 0.3566855 0.2600615 0.3168363 0.3177004 0.3294776 0.3338591 0.3090047 0.3599187 0.3048724 0.3437143 0.3464325 0.3151075 0.3520050 0.3672845 0.3009717 0.3193322 0.3243843 0.3429284 0.3253318 0.3186893 0.2877134 0.3671945 0.3460581 0.3203316 0.3352987 0.3119366 0.3487134 0.3166911 0.3156609 0.3072768 0.3108758 0.3167584 0.3122914 0.3139102 0.3648496 0.3181022 0.3239204 0.3173106 0.3155440 0.3152734 0.3325623 0.3573275 0.3298418 0.3072757 
MYZV          0.2605629 0.1601874 0.0000000 0.3857056 0.2919632 0.3517253 0.3172167 0.3789405 0.2619866 0.4015887 0.3635737 0.3606848 0.3711664 0.3831823 0.3657391 0.3770576 0.3895600 0.3848529 0.3963230 0.3770584 0.3695229 0.3341775 0.3546710 0.4168385 0.3767425 0.3790488 0.3821315 0.3360138 0.4056239 0.3865079 0.3867292 0.3794757 0.3998392 0.3985833 0.4258419 0.3418960 0.3533190 0.3628975 0.3724701 0.3711192 0.4180949 0.3985695 0.3908881 0.3810797 0.3811480 0.3942709 0.3668616 0.3727565 0.3711106 0.3846818 0.3671794 0.3807727 0.4019794 0.3865316 0.4087556 0.4044585 0.3849881 0.3540948 0.3842732 0.3772895 0.3980449 0.3801231 0.3825127 0.3633402 0.3654429 0.4113663 0.3589913 0.3060717 0.3149635 0.3771088 0.3872198 0.3848755 0.3710150 0.3779764 0.3589518 0.4137910 0.3834042 0.3725221 0.3971057 0.3797434 0.3633007 0.3657686 0.3682376 0.3834412 0.3685805 0.3951998 0.3617475 0.3938626 0.3600336 0.3844517 0.4002958 0.3533006 0.3831030 0.4012996 0.3672754 0.3607914 0.3661488 0.3645669 0.3780603 0.3522730 0.4182764 0.3752396 0.3720928 0.3621675 0.3730519 0.3607663 0.3820311 0.3965133 0.3918563 0.3609734 
SRR6441723    0.3511593 0.3251510 0.3857056 0.0000000 0.0466237 0.0703974 0.1714247 0.0613381 0.0436112 0.0739406 0.0539142 0.0452732 0.0565513 0.0261108 0.0642966 0.0645721 0.0559404 0.0553049 0.0526760 0.0612897 0.0206890 0.0631046 0.0470546 0.0715228 0.0497641 0.0637149 0.0512216 0.0475974 0.0662067 0.0529562 0.0660301 0.0438177 0.0539652 0.0673939 0.0715081 0.0543887 0.0452392 0.0430927 0.0723519 0.0640342 0.1051989 0.0491617 0.0496506 0.1150544 0.0537041 0.0579218 0.0451090 0.0457729 0.0451331 0.0475849 0.0413280 0.0474638 0.0557424 0.0472513 0.0656052 0.0803019 0.0678019 0.0227969 0.0757666 0.0511975 0.0479437 0.0457713 0.0377873 0.0611978 0.0452869 0.0974776 0.0640384 0.0663775 0.0545537 0.0492687 0.0416485 0.1017870 0.0432175 0.1073304 0.0437640 0.0432836 0.0594331 0.0472239 0.0374110 0.0978317 0.0430927 0.0492406 0.0436029 0.0593627 0.0662399 0.0531992 0.0493916 0.0715303 0.0576533 0.0539705 0.0568988 0.0488681 0.0688390 0.0281207 0.0246500 0.0412401 0.0418503 0.0478794 0.0242694 0.0430467 0.0820875 0.0261734 0.0335238 0.0509408 0.0433534 0.0434250 0.0578391 0.0636888 0.0571371 0.0452365 
ERR4210213    0.2633950 0.2091517 0.2919632 0.0466237 0.0000000 0.1148336 0.1621397 0.1030921 0.0000010 0.1038605 0.0947411 0.0792333 0.0614308 0.0680810 0.1014350 0.1166620 0.0867629 0.1152017 0.0934220 0.0783700 0.0277073 0.0788233 0.0788233 0.0916373 0.0918079 0.1149756 0.1159548 0.0788233 0.1059235 0.0838383 0.1762741 0.0925827 0.0951890 0.1268511 0.1049729 0.0939092 0.0913885 0.0899753 0.0693775 0.1274261 0.0788233 0.1169906 0.0846029 0.1919733 0.0910011 0.0924668 0.1018343 0.1044472 0.1148002 0.0916556 0.1029299 0.1184621 0.0798067 0.1139447 0.1044141 0.1552397 0.1028516 0.0695075 0.0802263 0.0896925 0.1170536 0.0920400 0.0805179 0.1793328 0.1141379 0.1280560 0.1046084 0.0898628 0.1008527 0.0680044 0.0784183 0.1403706 0.1029299 0.1667279 0.0907374 0.0933630 0.0898628 0.1027931 0.1023446 0.1280560 0.0788233 0.0899753 0.0797504 0.0925827 0.1028516 0.0819984 0.0985183 0.1303380 0.1168603 0.1001922 0.0855020 0.0788233 0.1163060 0.0464996 0.0695529 0.0788233 0.0788233 0.0917725 0.0789226 0.0783330 0.0921100 0.0680597 0.0788475 0.1013077 0.1029299 0.1007850 0.1033152 0.0906426 0.1139447 0.0911754 
ERR2789774    0.3502166 0.3144625 0.3517253 0.0703974 0.1148336 0.0000000 0.1634022 0.0729949 0.0652101 0.0981635 0.0839410 0.0445332 0.0822102 0.0796906 0.0690309 0.0818177 0.0812106 0.0850969 0.0771126 0.0849142 0.0770009 0.0919809 0.0465576 0.0992713 0.0588951 0.0883394 0.0773916 0.0659419 0.0993810 0.0725896 0.0990626 0.0685597 0.0672174 0.0984324 0.0988375 0.0740290 0.0444561 0.0397290 0.0962646 0.0964614 0.1214046 0.0857075 0.0709955 0.1383168 0.0681914 0.0788809 0.0441767 0.0710096 0.0748013 0.0470446 0.0700121 0.0732147 0.0868954 0.0777437 0.0889423 0.1044414 0.0960706 0.0687546 0.0992624 0.0654741 0.0713503 0.0734497 0.0632132 0.0760969 0.0800836 0.1308624 0.0927767 0.0754059 0.0902086 0.0726919 0.0678002 0.1244708 0.0723828 0.1281679 0.0679883 0.0954820 0.0752194 0.0606842 0.0881402 0.1279875 0.0419450 0.0628555 0.0920120 0.0858367 0.0943460 0.0806520 0.0736334 0.0907411 0.0795455 0.0762739 0.0832360 0.0509582 0.0825128 0.0834591 0.0758875 0.0419985 0.0424851 0.0616167 0.0794729 0.0582347 0.1089112 0.0677793 0.0848271 0.0648313 0.0726656 0.0777488 0.0959791 0.0655722 0.0911127 0.0558873 
PAFTOL_019361 0.2615456 0.2563496 0.3172167 0.1714247 0.1621397 0.1634022 0.0000000 0.1825230 0.1153752 0.1875809 0.1692247 0.1602897 0.1581518 0.1759002 0.1795825 0.1647724 0.1757418 0.1846946 0.1830480 0.1723381 0.1593442 0.1923792 0.1745337 0.2269300 0.1741533 0.1806881 0.1690248 0.1730587 0.1774266 0.1750494 0.1838134 0.1709704 0.1985869 0.1879987 0.2083208 0.1727628 0.1668995 0.1677117 0.1747440 0.1956166 0.2804393 0.1923231 0.1730635 0.2010837 0.2009205 0.1833292 0.1650580 0.1737582 0.1624006 0.1742567 0.1624345 0.1670875 0.1867709 0.1881626 0.2100706 0.2093954 0.1777294 0.1704557 0.1939256 0.1744744 0.1660567 0.1668391 0.1625459 0.1781948 0.1685890 0.1826943 0.1784176 0.1532432 0.1694169 0.1787774 0.1708587 0.1850417 0.1650429 0.1841895 0.1693952 0.1835438 0.1882315 0.1593638 0.1876523 0.1890064 0.1628920 0.1924012 0.1860579 0.1718070 0.1758430 0.1777217 0.1574062 0.1996737 0.1583422 0.1833962 0.1882023 0.1765977 0.1847640 0.1632247 0.1679492 0.1632229 0.1628209 0.1755375 0.1808365 0.1834862 0.2099620 0.1764309 0.1736761 0.1883669 0.1657246 0.1661072 0.1980636 0.1919375 0.1679867 0.1739798 
S0055         0.3668420 0.3464731 0.3789405 0.0613381 0.1030921 0.0729949 0.1825230 0.0000000 0.0569027 0.0832001 0.0706562 0.0429277 0.0726812 0.0650667 0.0646239 0.0741997 0.0639859 0.0816384 0.0643756 0.0750032 0.0608816 0.0630181 0.0447719 0.0824970 0.0554496 0.0801232 0.0634160 0.0474854 0.0651882 0.0607123 0.0776376 0.0619507 0.0666768 0.0834190 0.0857972 0.0658460 0.0429150 0.0408691 0.0777682 0.0757982 0.0959548 0.0673075 0.0593863 0.1292068 0.0614960 0.0696060 0.0427742 0.0640107 0.0590532 0.0451866 0.0551018 0.0614775 0.0793204 0.0697880 0.0716121 0.0949451 0.0752757 0.0597144 0.0940388 0.0604360 0.0664065 0.0598171 0.0554868 0.0661109 0.0588597 0.1132941 0.0924168 0.0631424 0.0728767 0.0651092 0.0574058 0.1177111 0.0570613 0.1188315 0.0659611 0.0890027 0.0656867 0.0468816 0.0692993 0.1137098 0.0408691 0.0506772 0.0791299 0.0688851 0.0718039 0.0675988 0.0570377 0.0839427 0.0711373 0.0617688 0.0669165 0.0465661 0.0765902 0.0742439 0.0599243 0.0389678 0.0396621 0.0209390 0.0604729 0.0510300 0.0899943 0.0611943 0.0692663 0.0524572 0.0572464 0.0568469 0.0777596 0.0512361 0.0715932 0.0487464 
S0196sl       0.1957267 0.2750748 0.2619866 0.0436112 0.0000010 0.0652101 0.1153752 0.0569027 0.0000000 0.0790562 0.0149021 0.0392008 0.0706355 0.0432789 0.0493159 0.0534637 0.0402431 0.0653005 0.0440735 0.0564352 0.0607096 0.0529912 0.0479241 0.1232088 0.0480901 0.0663016 0.0036335 0.0481988 0.0722992 0.0437256 0.0564719 0.0395452 0.0579913 0.0570222 0.0686572 0.0533982 0.0476067 0.0391335 0.0658352 0.0609107 0.1709298 0.0225327 0.0356244 0.0703702 0.0618387 0.0397764 0.0350247 0.0353983 0.0036335 0.0438964 0.0000010 0.0000028 0.0579353 0.0187008 0.0989405 0.0702158 0.0562904 0.0532073 0.1212904 0.0394504 0.0312680 0.0433621 0.0229450 0.0521734 0.0073692 0.0661035 0.0488075 0.0565739 0.0625734 0.0474025 0.0390627 0.0568106 0.0036335 0.0660065 0.0436290 0.0564034 0.0521892 0.0565489 0.0438392 0.0611609 0.0393840 0.0567604 0.0705538 0.0697557 0.0573896 0.0452339 0.0521571 0.0693665 0.0401070 0.0444154 0.0440218 0.0564632 0.0574243 0.0572220 0.0397885 0.0393342 0.0437548 0.0523065 0.0521255 0.0391294 0.0937383 0.0434817 0.0432789 0.0521018 0.0000010 0.0074015 0.0651762 0.0482363 0.0228526 0.0477703 
S0278         0.3580613 0.3411918 0.4015887 0.0739406 0.1038605 0.0981635 0.1875809 0.0832001 0.0790562 0.0000000 0.0680390 0.0627667 0.0284328 0.0862695 0.0839512 0.0317972 0.0682385 0.0852128 0.0705716 0.0391950 0.0797006 0.0900629 0.0606186 0.0365885 0.0743484 0.0353909 0.0689944 0.0741065 0.0340638 0.0733878 0.0430671 0.0660274 0.0842378 0.0908601 0.0876177 0.0209500 0.0587699 0.0582439 0.0428411 0.0507573 0.1232357 0.0754906 0.0659596 0.1277935 0.0825635 0.0737229 0.0625145 0.0681083 0.0670706 0.0653119 0.0630469 0.0697276 0.0703754 0.0739797 0.0307108 0.0858626 0.0448292 0.0746529 0.0416314 0.0706286 0.0684075 0.0619731 0.0554818 0.0986529 0.0628171 0.1188233 0.0901189 0.0685655 0.0725978 0.0634450 0.0615880 0.1139036 0.0650408 0.1197332 0.0700710 0.1007948 0.0719299 0.0708789 0.0843544 0.1145640 0.0603926 0.0669296 0.0970920 0.0317832 0.0451321 0.0715386 0.0251383 0.0206201 0.0757335 0.0699468 0.0774627 0.0644314 0.0786891 0.0854091 0.0810869 0.0584828 0.0595331 0.0648370 0.0770852 0.0692946 0.0580467 0.0822311 0.0909206 0.0666169 0.0652549 0.0608984 0.0546202 0.0799692 0.0715614 0.0627746 
S0281         0.3549703 0.3108803 0.3635737 0.0539142 0.0947411 0.0839410 0.1692247 0.0706562 0.0149021 0.0680390 0.0000000 0.0599237 0.0649992 0.0617536 0.0695402 0.0647993 0.0651537 0.0614990 0.0634386 0.0639511 0.0535868 0.0772103 0.0616518 0.0693297 0.0625848 0.0685236 0.0320457 0.0584149 0.0668324 0.0640370 0.0745498 0.0521946 0.0700564 0.0790638 0.0787353 0.0564923 0.0596991 0.0553764 0.0789235 0.0745873 0.1199767 0.0397097 0.0544119 0.1117060 0.0666449 0.0626383 0.0556406 0.0542135 0.0281778 0.0624750 0.0245411 0.0302652 0.0604501 0.0378328 0.0633413 0.0761242 0.0680082 0.0564587 0.0643141 0.0577023 0.0524572 0.0522187 0.0420364 0.0771144 0.0246267 0.0941162 0.0807263 0.0643220 0.0645299 0.0538481 0.0459025 0.0962197 0.0263501 0.1017050 0.0561412 0.0749288 0.0515072 0.0640021 0.0685643 0.0944608 0.0575404 0.0641275 0.0800768 0.0640952 0.0684917 0.0620866 0.0554821 0.0723065 0.0557529 0.0628755 0.0659748 0.0636251 0.0629183 0.0647175 0.0606241 0.0556073 0.0543278 0.0586517 0.0595958 0.0538634 0.0757618 0.0578631 0.0619916 0.0638234 0.0264299 0.0228416 0.0723788 0.0751544 0.0341100 0.0539066 
S0282         0.3144704 0.3070108 0.3606848 0.0452732 0.0792333 0.0445332 0.1602897 0.0429277 0.0392008 0.0627667 0.0599237 0.0000000 0.0520439 0.0547468 0.0520588 0.0537608 0.0512086 0.0647350 0.0479522 0.0545413 0.0487861 0.0519460 0.0154130 0.0656956 0.0396138 0.0571897 0.0491960 0.0301697 0.0565067 0.0502703 0.0588841 0.0418428 0.0480760 0.0775451 0.0703867 0.0476574 0.0154197 0.0118971 0.0670276 0.0609991 0.0581192 0.0510005 0.0449957 0.1149544 0.0453829 0.0550977 0.0119053 0.0437858 0.0431573 0.0120339 0.0393759 0.0415315 0.0580848 0.0532771 0.0483181 0.0732291 0.0626441 0.0436256 0.0707082 0.0485471 0.0439667 0.0437027 0.0358621 0.0515624 0.0468309 0.0973987 0.0720733 0.0439743 0.0585405 0.0472769 0.0396978 0.1017038 0.0412540 0.1072404 0.0456590 0.0654755 0.0483981 0.0334490 0.0608169 0.0977522 0.0084577 0.0316007 0.0640259 0.0529062 0.0612082 0.0547966 0.0347900 0.0628768 0.0573332 0.0511286 0.0562746 0.0171278 0.0641559 0.0554725 0.0476642 0.0067450 0.0138434 0.0338392 0.0484582 0.0355235 0.0787592 0.0509681 0.0588010 0.0333414 0.0374005 0.0448955 0.0649793 0.0264236 0.0609905 0.0261423 
S0289         0.3281963 0.3019557 0.3711664 0.0565513 0.0614308 0.0822102 0.1581518 0.0726812 0.0706355 0.0284328 0.0649992 0.0520439 0.0000000 0.0622037 0.0741402 0.0287582 0.0588783 0.0677546 0.0571867 0.0324207 0.0581431 0.0782883 0.0499345 0.0287717 0.0588731 0.0267086 0.0578807 0.0588567 0.0392496 0.0641974 0.0285731 0.0544402 0.0681669 0.0791330 0.0783806 0.0159215 0.0500298 0.0476415 0.0303883 0.0399879 0.1015141 0.0683812 0.0566310 0.0981070 0.0690312 0.0645210 0.0518345 0.0566050 0.0559618 0.0543695 0.0519830 0.0584942 0.0587880 0.0689773 0.0206266 0.0849163 0.0341536 0.0548674 0.0158034 0.0598595 0.0568547 0.0525646 0.0480887 0.0802317 0.0557765 0.0967183 0.0810683 0.0667836 0.0546127 0.0561115 0.0500669 0.0942762 0.0539566 0.0997342 0.0585528 0.0778701 0.0643645 0.0578833 0.0666890 0.0902957 0.0496394 0.0602154 0.0765617 0.0249975 0.0325049 0.0578936 0.0144536 0.0322133 0.0586607 0.0564088 0.0682798 0.0537529 0.0688312 0.0633782 0.0569336 0.0478386 0.0504311 0.0627934 0.0557773 0.0646433 0.0532033 0.0581555 0.0645008 0.0597994 0.0541332 0.0537364 0.0438172 0.0667656 0.0644129 0.0560542 
S0292         0.3572556 0.3274679 0.3831823 0.0261108 0.0680810 0.0796906 0.1759002 0.0650667 0.0432789 0.0862695 0.0617536 0.0547468 0.0622037 0.0000000 0.0743223 0.0725412 0.0728190 0.0650312 0.0667161 0.0732429 0.0295336 0.0687665 0.0526220 0.0759430 0.0594433 0.0756422 0.0529414 0.0509536 0.0800351 0.0694426 0.0739517 0.0533885 0.0662442 0.0815237 0.0861619 0.0622403 0.0566743 0.0524684 0.0803708 0.0782023 0.1125063 0.0591141 0.0662381 0.1240428 0.0614913 0.0719223 0.0545460 0.0553856 0.0506919 0.0552052 0.0468518 0.0530911 0.0611560 0.0571585 0.0723685 0.0906270 0.0757156 0.0263101 0.0747033 0.0648157 0.0513904 0.0553834 0.0471713 0.0655907 0.0528652 0.1061006 0.0733782 0.0654135 0.0639822 0.0628673 0.0511204 0.1059044 0.0487577 0.1161590 0.0513031 0.0507485 0.0634250 0.0606948 0.0335674 0.1064870 0.0524684 0.0548562 0.0491855 0.0712867 0.0720840 0.0632492 0.0572964 0.0753794 0.0662844 0.0683735 0.0735048 0.0583597 0.0748720 0.0374636 0.0033694 0.0505904 0.0474360 0.0514245 0.0259542 0.0527549 0.0904723 0.0100962 0.0101071 0.0604952 0.0489120 0.0509832 0.0718049 0.0713274 0.0693749 0.0528064 
S0294         0.3409976 0.3170622 0.3657391 0.0642966 0.1014350 0.0690309 0.1795825 0.0646239 0.0493159 0.0839512 0.0695402 0.0520588 0.0741402 0.0743223 0.0000000 0.0736937 0.0626565 0.0900300 0.0700011 0.0770819 0.0638090 0.0752519 0.0538816 0.0946076 0.0606679 0.0816173 0.0642640 0.0563761 0.0845117 0.0622423 0.0865699 0.0604509 0.0679438 0.0879846 0.0826089 0.0677041 0.0480564 0.0497611 0.0908367 0.0863418 0.1039754 0.0708939 0.0631082 0.1043601 0.0670171 0.0666407 0.0515465 0.0626591 0.0619238 0.0543851 0.0578937 0.0645417 0.0737699 0.0688450 0.0807226 0.0970538 0.0794018 0.0561968 0.0828378 0.0660347 0.0670888 0.0626563 0.0499814 0.0339628 0.0683636 0.0910731 0.0861341 0.0590414 0.0753259 0.0662119 0.0580616 0.0892157 0.0598917 0.0967552 0.0625581 0.0877767 0.0650123 0.0558848 0.0814160 0.0919538 0.0457413 0.0559480 0.0803081 0.0799759 0.0775764 0.0645446 0.0651220 0.0906920 0.0682944 0.0654141 0.0706269 0.0557421 0.0805424 0.0729458 0.0691247 0.0478511 0.0423944 0.0488275 0.0679491 0.0480538 0.1065408 0.0701760 0.0788431 0.0557552 0.0600897 0.0662368 0.0791218 0.0712114 0.0753004 0.0520790 
S0299         0.3332812 0.3148471 0.3770576 0.0645721 0.1166620 0.0818177 0.1647724 0.0741997 0.0534637 0.0317972 0.0647993 0.0537608 0.0287582 0.0725412 0.0736937 0.0000000 0.0668257 0.0719270 0.0631929 0.0398194 0.0681993 0.0753010 0.0516478 0.0460529 0.0671273 0.0359506 0.0617267 0.0625881 0.0470629 0.0660922 0.0380126 0.0603217 0.0725170 0.0836578 0.0825161 0.0248949 0.0517239 0.0493447 0.0378069 0.0435078 0.1147583 0.0725673 0.0626872 0.1169206 0.0690751 0.0707295 0.0535447 0.0623854 0.0598009 0.0562194 0.0557963 0.0623826 0.0666487 0.0708287 0.0290925 0.0850726 0.0376356 0.0589278 0.0321398 0.0615659 0.0541951 0.0542562 0.0518557 0.0821951 0.0618447 0.1013062 0.0856295 0.0585633 0.0667006 0.0618382 0.0539461 0.1057247 0.0577820 0.1091837 0.0602445 0.0888056 0.0643116 0.0591195 0.0773200 0.0971088 0.0514547 0.0619325 0.0847972 0.0379564 0.0378307 0.0620955 0.0217848 0.0358189 0.0560433 0.0625851 0.0701773 0.0554605 0.0730585 0.0758456 0.0692373 0.0495486 0.0524237 0.0623210 0.0679897 0.0620134 0.0590321 0.0685476 0.0770568 0.0616411 0.0579720 0.0598990 0.0473421 0.0707711 0.0727379 0.0577700 
S0303         0.3563879 0.3275669 0.3895600 0.0559404 0.0867629 0.0812106 0.1757418 0.0639859 0.0402431 0.0682385 0.0651537 0.0512086 0.0588783 0.0728190 0.0626565 0.0668257 0.0000000 0.0639444 0.0125722 0.0533062 0.0662093 0.0665389 0.0470326 0.0721798 0.0563956 0.0644641 0.0576282 0.0604255 0.0667770 0.0089808 0.0598566 0.0564224 0.0634356 0.0665598 0.0219598 0.0520692 0.0451455 0.0447353 0.0686223 0.0685709 0.1119240 0.0534740 0.0072234 0.1175864 0.0668807 0.0070127 0.0510146 0.0585426 0.0512677 0.0536977 0.0472379 0.0537927 0.0677472 0.0539083 0.0684000 0.0665211 0.0577054 0.0608940 0.0786201 0.0142453 0.0607915 0.0543526 0.0477559 0.0713555 0.0512538 0.1014812 0.0887617 0.0458409 0.0533428 0.0601098 0.0477564 0.1016658 0.0492373 0.1074290 0.0605600 0.0872827 0.0530475 0.0573809 0.0773586 0.1025471 0.0488737 0.0550142 0.0789819 0.0578813 0.0557575 0.0053718 0.0468617 0.0726444 0.0420227 0.0091043 0.0126681 0.0549685 0.0463642 0.0710548 0.0652195 0.0469263 0.0437438 0.0519980 0.0657275 0.0493611 0.0784716 0.0687012 0.0774791 0.0530909 0.0494010 0.0492958 0.0682195 0.0664596 0.0515588 0.0512273 
S0308         0.3592352 0.3263896 0.3848529 0.0553049 0.1152017 0.0850969 0.1846946 0.0816384 0.0653005 0.0852128 0.0614990 0.0647350 0.0677546 0.0650312 0.0900300 0.0719270 0.0639444 0.0000000 0.0581855 0.0728662 0.0668684 0.0854099 0.0645503 0.0895178 0.0696798 0.0732559 0.0630034 0.0698864 0.0766872 0.0563686 0.0771685 0.0592016 0.0771746 0.0570973 0.0791782 0.0655058 0.0646861 0.0601761 0.0856933 0.0649801 0.1341341 0.0648216 0.0575604 0.1267944 0.0716448 0.0654252 0.0624624 0.0612233 0.0606375 0.0652857 0.0566971 0.0631850 0.0735714 0.0714911 0.0835965 0.0646963 0.0686793 0.0618080 0.0773513 0.0507223 0.0657393 0.0656417 0.0571275 0.0731225 0.0564935 0.1110075 0.0889102 0.0601118 0.0441092 0.0610456 0.0532589 0.1107994 0.0586509 0.1212305 0.0651680 0.0891396 0.0523682 0.0647524 0.0795897 0.1114142 0.0623393 0.0689190 0.0769506 0.0668411 0.0671461 0.0546882 0.0586459 0.0811820 0.0528159 0.0574964 0.0585255 0.0683854 0.0575651 0.0764315 0.0659743 0.0604245 0.0613345 0.0677263 0.0624135 0.0692871 0.0825412 0.0651851 0.0734691 0.0665614 0.0588406 0.0546083 0.0709553 0.0798760 0.0669979 0.0567889 
S0322         0.3674263 0.3403399 0.3963230 0.0526760 0.0934220 0.0771126 0.1830480 0.0643756 0.0440735 0.0705716 0.0634386 0.0479522 0.0571867 0.0667161 0.0700011 0.0631929 0.0125722 0.0581855 0.0000000 0.0559046 0.0603714 0.0669356 0.0439154 0.0750937 0.0569730 0.0606886 0.0564482 0.0568070 0.0625874 0.0070236 0.0625812 0.0507026 0.0706807 0.0668721 0.0195219 0.0508228 0.0459650 0.0436411 0.0689061 0.0621309 0.1088247 0.0542576 0.0052827 0.1159343 0.0630462 0.0103867 0.0477748 0.0527331 0.0501185 0.0503366 0.0461832 0.0525733 0.0614934 0.0567535 0.0689850 0.0668787 0.0560002 0.0551692 0.0729922 0.0121351 0.0569310 0.0487165 0.0444012 0.0721355 0.0499535 0.0995200 0.0788716 0.0558498 0.0502426 0.0562997 0.0443048 0.1070377 0.0481363 0.1104235 0.0546752 0.0827338 0.0538687 0.0537506 0.0731775 0.1028995 0.0457091 0.0540070 0.0768708 0.0583984 0.0521955 0.0106723 0.0457261 0.0728156 0.0367055 0.0052574 0.0104703 0.0496304 0.0450143 0.0673413 0.0614159 0.0438193 0.0446049 0.0526650 0.0599463 0.0542910 0.0808624 0.0627404 0.0711755 0.0517584 0.0482925 0.0480466 0.0663837 0.0602157 0.0540504 0.0499283 
S0327         0.3186289 0.3096856 0.3770584 0.0612897 0.0783700 0.0849142 0.1723381 0.0750032 0.0564352 0.0391950 0.0639511 0.0545413 0.0324207 0.0732429 0.0770819 0.0398194 0.0533062 0.0728662 0.0559046 0.0000000 0.0628954 0.0780511 0.0543890 0.0409249 0.0635869 0.0338117 0.0691228 0.0654683 0.0407234 0.0584569 0.0355865 0.0575702 0.0730726 0.0796876 0.0806557 0.0284411 0.0525636 0.0463932 0.0470343 0.0393471 0.1138635 0.0648944 0.0552206 0.1117056 0.0696332 0.0671431 0.0543421 0.0595958 0.0626773 0.0569597 0.0587156 0.0652563 0.0642571 0.0654463 0.0393753 0.0817379 0.0373349 0.0597298 0.0451715 0.0563094 0.0538381 0.0555928 0.0512396 0.0706920 0.0545833 0.1056156 0.0818112 0.0623828 0.0631798 0.0551192 0.0532712 0.1054214 0.0606796 0.1109953 0.0615203 0.0827633 0.0630715 0.0604834 0.0688621 0.1014856 0.0522736 0.0585957 0.0744616 0.0318210 0.0356640 0.0565397 0.0233871 0.0430357 0.0641821 0.0570528 0.0623990 0.0562052 0.0682450 0.0701537 0.0680724 0.0504027 0.0532612 0.0613177 0.0625089 0.0588814 0.0500993 0.0693144 0.0735261 0.0583272 0.0608766 0.0527032 0.0431132 0.0733269 0.0610053 0.0506644 
S0335         0.3447907 0.2957291 0.3695229 0.0206890 0.0277073 0.0770009 0.1593442 0.0608816 0.0607096 0.0797006 0.0535868 0.0487861 0.0581431 0.0295336 0.0638090 0.0681993 0.0662093 0.0668684 0.0603714 0.0628954 0.0000000 0.0668765 0.0505601 0.0757551 0.0533286 0.0713831 0.0547539 0.0511435 0.0680275 0.0629969 0.0696287 0.0512918 0.0559111 0.0745002 0.0794481 0.0580008 0.0506845 0.0465809 0.0717979 0.0717429 0.1068698 0.0569725 0.0597613 0.1143195 0.0572738 0.0655725 0.0486093 0.0532732 0.0486355 0.0511283 0.0448240 0.0509993 0.0633786 0.0550309 0.0674271 0.0925121 0.0672885 0.0262526 0.0742852 0.0586707 0.0555008 0.0493454 0.0451360 0.0630185 0.0507836 0.0968814 0.0731889 0.0740425 0.0614218 0.0547685 0.0471069 0.1011609 0.0467161 0.1066577 0.0512285 0.0486895 0.0653860 0.0546304 0.0428106 0.0972312 0.0465809 0.0527674 0.0471318 0.0649989 0.0657375 0.0632892 0.0530650 0.0772489 0.0638433 0.0618569 0.0670009 0.0523689 0.0788826 0.0279257 0.0281151 0.0447284 0.0453883 0.0514442 0.0312895 0.0487785 0.0857612 0.0296042 0.0332894 0.0544538 0.0468630 0.0489129 0.0614123 0.0672694 0.0630968 0.0468765 
S0376         0.3191908 0.3396836 0.3341775 0.0631046 0.0788233 0.0919809 0.1923792 0.0630181 0.0529912 0.0900629 0.0772103 0.0519460 0.0782883 0.0687665 0.0752519 0.0753010 0.0665389 0.0854099 0.0669356 0.0780511 0.0668765 0.0000000 0.0498562 0.0869545 0.0568106 0.0838589 0.0610414 0.0294603 0.0841969 0.0650908 0.0790723 0.0637743 0.0639613 0.1024103 0.0872544 0.0684246 0.0518204 0.0518158 0.0814950 0.0813993 0.1103520 0.0722098 0.0640012 0.1323679 0.0703441 0.0724740 0.0540176 0.0616290 0.0585551 0.0545249 0.0543773 0.0612403 0.0797652 0.0700614 0.0801587 0.0991955 0.0831937 0.0593525 0.0951030 0.0649092 0.0682343 0.0637240 0.0526758 0.0790714 0.0630694 0.1154757 0.1059799 0.0607526 0.0810982 0.0696940 0.0611175 0.1211046 0.0564489 0.1264036 0.0657913 0.0905234 0.0749242 0.0559012 0.0829498 0.1104349 0.0497535 0.0543437 0.0764808 0.0767657 0.0815941 0.0702321 0.0584515 0.0879889 0.0820477 0.0685403 0.0695069 0.0559820 0.0841948 0.0721400 0.0654887 0.0498232 0.0503768 0.0544542 0.0712232 0.0519508 0.0853340 0.0646642 0.0690444 0.0478985 0.0566427 0.0610211 0.0835105 0.0675935 0.0746078 0.0542348 
S0405         0.3398018 0.3183966 0.3546710 0.0470546 0.0788233 0.0465576 0.1745337 0.0447719 0.0479241 0.0606186 0.0616518 0.0154130 0.0499345 0.0526220 0.0538816 0.0516478 0.0470326 0.0645503 0.0439154 0.0543890 0.0505601 0.0498562 0.0000000 0.0609330 0.0414668 0.0530499 0.0509850 0.0319804 0.0563631 0.0462648 0.0568686 0.0414604 0.0518418 0.0773153 0.0660440 0.0455986 0.0171564 0.0101446 0.0649632 0.0608257 0.0653499 0.0527875 0.0409933 0.1145755 0.0471690 0.0510227 0.0171135 0.0433839 0.0449280 0.0172976 0.0411414 0.0472454 0.0555547 0.0551812 0.0480662 0.0772960 0.0625841 0.0416483 0.0555415 0.0446069 0.0474315 0.0433825 0.0355402 0.0467985 0.0486013 0.0970914 0.0692701 0.0439006 0.0538108 0.0468432 0.0392777 0.1013809 0.0430217 0.1068935 0.0432785 0.0674254 0.0502995 0.0351897 0.0626147 0.0952403 0.0135908 0.0279151 0.0617779 0.0509261 0.0610336 0.0506071 0.0366942 0.0567577 0.0572731 0.0469596 0.0521042 0.0153348 0.0619308 0.0573912 0.0434774 0.0118755 0.0085792 0.0356648 0.0502204 0.0353974 0.0743253 0.0527535 0.0567452 0.0314245 0.0431564 0.0467476 0.0647932 0.0318457 0.0608171 0.0259167 
S0407sl       0.4094075 0.3555459 0.4168385 0.0715228 0.0916373 0.0992713 0.2269300 0.0824970 0.1232088 0.0365885 0.0693297 0.0656956 0.0287717 0.0759430 0.0946076 0.0460529 0.0721798 0.0895178 0.0750937 0.0409249 0.0757551 0.0869545 0.0609330 0.0000000 0.0690838 0.0408824 0.0831226 0.0711506 0.0404692 0.0783713 0.0410364 0.0719629 0.0902799 0.1037193 0.0998220 0.0262299 0.0610619 0.0627876 0.0474893 0.0496594 0.0751919 0.0780614 0.0720737 0.1396195 0.0779727 0.0805256 0.0630857 0.0769712 0.0753804 0.0684859 0.0706892 0.0785695 0.0767086 0.0812344 0.0219845 0.0975371 0.0495982 0.0720963 0.0311394 0.0748090 0.0771924 0.0721498 0.0666088 0.1068374 0.0657560 0.1319099 0.1048049 0.0961023 0.0778165 0.0711944 0.0690884 0.1344169 0.0730115 0.1416824 0.0741109 0.1048405 0.0824920 0.0774313 0.0738015 0.1297034 0.0627876 0.0632800 0.0903727 0.0282088 0.0475695 0.0734789 0.0270313 0.0366423 0.0867789 0.0744113 0.0831151 0.0650818 0.0865909 0.0821382 0.0722231 0.0606411 0.0595431 0.0620813 0.0681040 0.0682920 0.0558812 0.0735844 0.0811190 0.0676448 0.0732906 0.0633902 0.0564725 0.0856440 0.0782558 0.0634291 
S0412sl       0.3549179 0.3393389 0.3767425 0.0497641 0.0918079 0.0588951 0.1741533 0.0554496 0.0480901 0.0743484 0.0625848 0.0396138 0.0588731 0.0594433 0.0606679 0.0671273 0.0563956 0.0696798 0.0569730 0.0635869 0.0533286 0.0568106 0.0414668 0.0690838 0.0000000 0.0685013 0.0577826 0.0419440 0.0694242 0.0594615 0.0681718 0.0502526 0.0481666 0.0828451 0.0782248 0.0545505 0.0414910 0.0375618 0.0746268 0.0683790 0.0968951 0.0556221 0.0561726 0.1158683 0.0416170 0.0622377 0.0394712 0.0522644 0.0514925 0.0418530 0.0475868 0.0518447 0.0671375 0.0579812 0.0628846 0.0826582 0.0679077 0.0481053 0.0713055 0.0573200 0.0565285 0.0521625 0.0440108 0.0494116 0.0513245 0.0981413 0.0749711 0.0524504 0.0592166 0.0518145 0.0479854 0.1024832 0.0495250 0.1080773 0.0541893 0.0721366 0.0532792 0.0416073 0.0636278 0.0985003 0.0375618 0.0435214 0.0711723 0.0575696 0.0664728 0.0575907 0.0495596 0.0744854 0.0579960 0.0583862 0.0636036 0.0432739 0.0671301 0.0582168 0.0582936 0.0356575 0.0302686 0.0439250 0.0529634 0.0361453 0.0846619 0.0516138 0.0636041 0.0453106 0.0496843 0.0493407 0.0682280 0.0578536 0.0658647 0.0416023 
S0417         0.3448719 0.3316244 0.3790488 0.0637149 0.1149756 0.0883394 0.1806881 0.0801232 0.0663016 0.0353909 0.0685236 0.0571897 0.0267086 0.0756422 0.0816173 0.0359506 0.0644641 0.0732559 0.0606886 0.0338117 0.0713831 0.0838589 0.0530499 0.0408824 0.0685013 0.0000000 0.0674169 0.0662260 0.0387418 0.0675351 0.0376357 0.0642842 0.0796639 0.0823297 0.0816829 0.0210795 0.0531987 0.0527476 0.0411170 0.0414408 0.1127295 0.0759957 0.0621985 0.1238761 0.0767229 0.0678185 0.0526354 0.0665137 0.0654845 0.0595412 0.0614508 0.0681361 0.0662396 0.0745895 0.0328512 0.0884067 0.0393945 0.0640425 0.0414047 0.0609649 0.0688795 0.0623960 0.0577403 0.0861248 0.0612096 0.1149671 0.0913429 0.0688474 0.0633104 0.0618514 0.0558352 0.1100833 0.0634499 0.1158705 0.0638628 0.0847817 0.0724259 0.0632039 0.0801103 0.1107017 0.0547470 0.0612406 0.0859667 0.0299694 0.0377764 0.0656790 0.0215771 0.0372718 0.0666023 0.0619562 0.0715930 0.0588700 0.0704932 0.0785325 0.0702447 0.0529640 0.0535335 0.0661566 0.0648322 0.0652071 0.0584264 0.0736613 0.0759362 0.0628841 0.0636593 0.0591556 0.0452437 0.0742149 0.0740964 0.0611951 
S0419         0.3498441 0.3171150 0.3821315 0.0512216 0.1159548 0.0773916 0.1690248 0.0634160 0.0036335 0.0689944 0.0320457 0.0491960 0.0578807 0.0529414 0.0642640 0.0617267 0.0576282 0.0630034 0.0564482 0.0691228 0.0547539 0.0610414 0.0509850 0.0831226 0.0577826 0.0674169 0.0000000 0.0437668 0.0755993 0.0568431 0.0716098 0.0475197 0.0690824 0.0695788 0.0732233 0.0536952 0.0511109 0.0449186 0.0734900 0.0698388 0.1099121 0.0297142 0.0536787 0.1099476 0.0616808 0.0576427 0.0490161 0.0455873 0.0118316 0.0515640 0.0084135 0.0136645 0.0639988 0.0279142 0.0699473 0.0757947 0.0654159 0.0496752 0.0744358 0.0548633 0.0516831 0.0494847 0.0338878 0.0605413 0.0224945 0.0926814 0.0791525 0.0522909 0.0633937 0.0529703 0.0414821 0.0925154 0.0101172 0.1023615 0.0513727 0.0719636 0.0484292 0.0590550 0.0675353 0.0930157 0.0469687 0.0532057 0.0725097 0.0676339 0.0658758 0.0572198 0.0449417 0.0732104 0.0526564 0.0577030 0.0588675 0.0528092 0.0665116 0.0617685 0.0517329 0.0450996 0.0457522 0.0498934 0.0547858 0.0491884 0.0731953 0.0491651 0.0531403 0.0549051 0.0101462 0.0207412 0.0717894 0.0657904 0.0316068 0.0472692 
S0427         0.3119098 0.3175038 0.3360138 0.0475974 0.0788233 0.0659419 0.1730587 0.0474854 0.0481988 0.0741065 0.0584149 0.0301697 0.0588567 0.0509536 0.0563761 0.0625881 0.0604255 0.0698864 0.0568070 0.0654683 0.0511435 0.0294603 0.0319804 0.0711506 0.0419440 0.0662260 0.0437668 0.0000000 0.0665755 0.0572242 0.0700759 0.0441410 0.0546174 0.0852685 0.0779833 0.0584802 0.0318345 0.0318901 0.0743831 0.0661467 0.0839806 0.0537970 0.0560059 0.1094285 0.0520319 0.0620562 0.0356389 0.0461122 0.0377906 0.0322781 0.0340293 0.0399584 0.0606406 0.0517434 0.0534272 0.0850742 0.0698040 0.0420479 0.0834923 0.0552016 0.0502703 0.0460235 0.0380601 0.0520875 0.0456233 0.0947953 0.0803902 0.0611626 0.0642608 0.0496336 0.0419524 0.0997868 0.0358983 0.1045282 0.0459976 0.0722552 0.0577316 0.0393294 0.0679365 0.0951375 0.0282093 0.0358044 0.0625250 0.0638311 0.0683827 0.0598450 0.0453966 0.0700727 0.0674906 0.0582115 0.0613169 0.0375031 0.0694185 0.0556303 0.0517000 0.0263614 0.0305315 0.0360446 0.0550979 0.0357930 0.0779500 0.0510808 0.0510487 0.0432928 0.0360103 0.0436652 0.0680983 0.0456907 0.0599532 0.0358284 
S0428sl       0.3809531 0.3587439 0.4056239 0.0662067 0.1059235 0.0993810 0.1774266 0.0651882 0.0722992 0.0340638 0.0668324 0.0565067 0.0392496 0.0800351 0.0845117 0.0470629 0.0667770 0.0766872 0.0625874 0.0407234 0.0680275 0.0841969 0.0563631 0.0404692 0.0694242 0.0387418 0.0755993 0.0665755 0.0000000 0.0657248 0.0452468 0.0596505 0.0828367 0.0897579 0.0869707 0.0304814 0.0564867 0.0537108 0.0497397 0.0518920 0.1142375 0.0709383 0.0570882 0.1179435 0.0813415 0.0711846 0.0562494 0.0619827 0.0680641 0.0593205 0.0634673 0.0711167 0.0662596 0.0689752 0.0386561 0.0822559 0.0494376 0.0668016 0.0456274 0.0631394 0.0670186 0.0575314 0.0525150 0.0939694 0.0634463 0.1081519 0.0918383 0.0706061 0.0722743 0.0616280 0.0548768 0.1078749 0.0657443 0.1086994 0.0641836 0.0958532 0.0742935 0.0633772 0.0806067 0.1033766 0.0538788 0.0612138 0.0917350 0.0299272 0.0495559 0.0661069 0.0312693 0.0473268 0.0729454 0.0643830 0.0729958 0.0584545 0.0739664 0.0789685 0.0762114 0.0517254 0.0550902 0.0639150 0.0701435 0.0590063 0.0624039 0.0754927 0.0852314 0.0608901 0.0659916 0.0612485 0.0563240 0.0708252 0.0709155 0.0565513 
S0430         0.3492716 0.3246817 0.3865079 0.0529562 0.0838383 0.0725896 0.1750494 0.0607123 0.0437256 0.0733878 0.0640370 0.0502703 0.0641974 0.0694426 0.0622423 0.0660922 0.0089808 0.0563686 0.0070236 0.0584569 0.0629969 0.0650908 0.0462648 0.0783713 0.0594615 0.0675351 0.0568431 0.0572242 0.0657248 0.0000000 0.0649129 0.0510622 0.0645410 0.0633352 0.0217400 0.0552446 0.0443244 0.0459723 0.0715088 0.0652659 0.1104412 0.0547880 0.0017754 0.1195208 0.0635121 0.0087318 0.0500825 0.0531076 0.0505771 0.0527018 0.0466042 0.0529566 0.0643906 0.0551207 0.0745140 0.0631905 0.0586449 0.0576440 0.0777704 0.0069408 0.0555470 0.0512801 0.0468766 0.0707000 0.0484181 0.1028493 0.0767384 0.0507102 0.0454663 0.0570253 0.0430537 0.1080370 0.0485759 0.1139056 0.0530375 0.0855677 0.0521153 0.0584579 0.0714922 0.1062508 0.0480764 0.0564170 0.0754011 0.0608791 0.0571421 0.0071200 0.0502673 0.0756263 0.0347571 0.0035661 0.0088239 0.0540638 0.0435702 0.0675692 0.0619793 0.0460745 0.0429397 0.0490015 0.0625479 0.0546115 0.0772462 0.0654142 0.0717027 0.0502240 0.0487351 0.0464119 0.0672467 0.0653310 0.0488496 0.0503834 
S0478         0.3475749 0.3341378 0.3867292 0.0660301 0.1762741 0.0990626 0.1838134 0.0776376 0.0564719 0.0430671 0.0745498 0.0588841 0.0285731 0.0739517 0.0865699 0.0380126 0.0598566 0.0771685 0.0625812 0.0355865 0.0696287 0.0790723 0.0568686 0.0410364 0.0681718 0.0376357 0.0716098 0.0700759 0.0452468 0.0649129 0.0000000 0.0662173 0.0800901 0.0847199 0.0836159 0.0211698 0.0568703 0.0506508 0.0375582 0.0451326 0.1237346 0.0757776 0.0618934 0.1226554 0.0786924 0.0698510 0.0527497 0.0683048 0.0673102 0.0613796 0.0632711 0.0698449 0.0726940 0.0762880 0.0350481 0.0902862 0.0354794 0.0603096 0.0455881 0.0628078 0.0645006 0.0661508 0.0616948 0.0867281 0.0630506 0.1138615 0.0962000 0.0720702 0.0680424 0.0697972 0.0638309 0.1136457 0.0652726 0.1194559 0.0723979 0.0878310 0.0702999 0.0691016 0.0783469 0.1096397 0.0566570 0.0590233 0.0820959 0.0318379 0.0339204 0.0633805 0.0215882 0.0431384 0.0716080 0.0593840 0.0713832 0.0567074 0.0789458 0.0792453 0.0687340 0.0546525 0.0576322 0.0637931 0.0671263 0.0675389 0.0542224 0.0699821 0.0782952 0.0588618 0.0654883 0.0610087 0.0489572 0.0760632 0.0738834 0.0630078 
S0552sl       0.3331940 0.3114807 0.3794757 0.0438177 0.0925827 0.0685597 0.1709704 0.0619507 0.0395452 0.0660274 0.0521946 0.0418428 0.0544402 0.0533885 0.0604509 0.0603217 0.0564224 0.0592016 0.0507026 0.0575702 0.0512918 0.0637743 0.0414604 0.0719629 0.0502526 0.0642842 0.0475197 0.0441410 0.0596505 0.0510622 0.0662173 0.0000000 0.0633282 0.0765287 0.0739378 0.0565968 0.0437438 0.0376725 0.0766598 0.0638202 0.1004234 0.0536384 0.0500724 0.1062967 0.0502307 0.0580496 0.0436242 0.0050174 0.0414826 0.0440336 0.0376967 0.0437710 0.0359791 0.0516893 0.0633341 0.0742526 0.0635077 0.0438346 0.0667941 0.0514183 0.0209062 0.0227902 0.0119227 0.0593181 0.0454919 0.0890585 0.0617489 0.0553957 0.0496026 0.0298630 0.0190438 0.0933271 0.0395773 0.0987217 0.0208550 0.0705504 0.0531040 0.0493273 0.0599481 0.0893816 0.0395965 0.0497182 0.0664497 0.0580130 0.0619378 0.0515951 0.0435120 0.0681861 0.0581332 0.0542164 0.0553443 0.0454588 0.0584370 0.0561672 0.0500307 0.0378231 0.0402157 0.0483483 0.0513130 0.0437370 0.0738982 0.0494706 0.0575819 0.0493610 0.0397013 0.0435273 0.0657569 0.0602435 0.0577527 0.0359132 
S0558         0.3667549 0.3798363 0.3998392 0.0539652 0.0951890 0.0672174 0.1985869 0.0666768 0.0579913 0.0842378 0.0700564 0.0480760 0.0681669 0.0662442 0.0679438 0.0725170 0.0634356 0.0771746 0.0706807 0.0730726 0.0559111 0.0639613 0.0518418 0.0902799 0.0481666 0.0796639 0.0690824 0.0546174 0.0828367 0.0645410 0.0800901 0.0633282 0.0000000 0.0794290 0.0837133 0.0656450 0.0500281 0.0478679 0.0843909 0.0825367 0.1099837 0.0669316 0.0634006 0.1415670 0.0459699 0.0694501 0.0478977 0.0635155 0.0645810 0.0543725 0.0604864 0.0629632 0.0764036 0.0694682 0.0761456 0.0811640 0.0840834 0.0545494 0.0799774 0.0623959 0.0596233 0.0588153 0.0566965 0.0626106 0.0623317 0.1245319 0.0864489 0.0528408 0.0671810 0.0691887 0.0566412 0.1291731 0.0625158 0.1330234 0.0633884 0.0725309 0.0579328 0.0582007 0.0726565 0.1224261 0.0497311 0.0561676 0.0719942 0.0705462 0.0827126 0.0651908 0.0584953 0.0843487 0.0652176 0.0681003 0.0711769 0.0558368 0.0720292 0.0650738 0.0651575 0.0478355 0.0424162 0.0568921 0.0595280 0.0565744 0.0972677 0.0621582 0.0663729 0.0558622 0.0627254 0.0601189 0.0824739 0.0692352 0.0712178 0.0541558 
S0616         0.3705458 0.3454644 0.3985833 0.0673939 0.1268511 0.0984324 0.1879987 0.0834190 0.0570222 0.0908601 0.0790638 0.0775451 0.0791330 0.0815237 0.0879846 0.0836578 0.0665598 0.0570973 0.0668721 0.0796876 0.0745002 0.1024103 0.0773153 0.1037193 0.0828451 0.0823297 0.0695788 0.0852685 0.0897579 0.0633352 0.0847199 0.0765287 0.0794290 0.0000000 0.0798169 0.0706342 0.0692430 0.0726993 0.0891746 0.0805294 0.1491753 0.0673169 0.0578094 0.1417005 0.0848679 0.0659306 0.0731216 0.0786672 0.0671218 0.0803157 0.0630941 0.0697816 0.0852720 0.0757429 0.0947999 0.0739219 0.0697811 0.0696131 0.1026164 0.0589717 0.0790337 0.0744529 0.0656333 0.0841449 0.0649017 0.1204836 0.0869596 0.0633247 0.0562641 0.0800500 0.0614837 0.1202525 0.0650900 0.1358642 0.0806655 0.0929640 0.0636511 0.0796792 0.0880687 0.1209284 0.0749801 0.0777058 0.0942752 0.0751909 0.0702754 0.0615415 0.0700367 0.0975358 0.0552963 0.0621439 0.0610450 0.0812620 0.0639853 0.0843050 0.0763642 0.0689157 0.0699833 0.0764041 0.0664227 0.0781452 0.0973812 0.0775396 0.0840380 0.0752403 0.0653045 0.0629734 0.0867989 0.0890183 0.0695523 0.0713643 
S0620         0.3665921 0.3366839 0.4258419 0.0715081 0.1049729 0.0988375 0.2083208 0.0857972 0.0686572 0.0876177 0.0787353 0.0703867 0.0783806 0.0861619 0.0826089 0.0825161 0.0219598 0.0791782 0.0195219 0.0806557 0.0794481 0.0872544 0.0660440 0.0998220 0.0782248 0.0816829 0.0732233 0.0779833 0.0869707 0.0217400 0.0836159 0.0739378 0.0837133 0.0798169 0.0000000 0.0648719 0.0641556 0.0656154 0.0902829 0.0902000 0.1393915 0.0708887 0.0163636 0.1439349 0.0867905 0.0175201 0.0701158 0.0761073 0.0665184 0.0730964 0.0624139 0.0692254 0.0856798 0.0714925 0.0910167 0.0838685 0.0768551 0.0764032 0.0865662 0.0266615 0.0807858 0.0697058 0.0629053 0.0923471 0.0662933 0.1259759 0.1012750 0.0676591 0.0696701 0.0796970 0.0650777 0.1290748 0.0644478 0.1353812 0.0759864 0.1010215 0.0692813 0.0767122 0.0951666 0.1273572 0.0678703 0.0723424 0.0972009 0.0792004 0.0772618 0.0235903 0.0666122 0.0943160 0.0546494 0.0180690 0.0271352 0.0699867 0.0635447 0.0873023 0.0808626 0.0658947 0.0629602 0.0714693 0.0788124 0.0688373 0.1035783 0.0841619 0.0930875 0.0701646 0.0646643 0.0643211 0.0900907 0.0834821 0.0689925 0.0703968 
