115
CRNC          0.0000000 0.1977358 0.1753304 0.3178600 0.3264193 0.3355098 0.2296905 0.2648588 0.3061267 0.2872578 0.2956594 0.3085491 0.2888433 0.2299091 0.3402094 0.2732801 0.3034836 0.3046848 0.3031052 0.2971745 0.2953212 0.3079364 0.3125723 0.3143737 0.3841736 0.2759424 0.2775365 0.2937396 0.3028687 0.3084158 0.3275215 0.3044714 0.3452105 0.3028687 0.3116894 0.2848962 0.2958022 0.2799004 0.2669450 0.3185132 0.2751353 0.3188295 0.2810974 0.2860348 0.3295686 0.3078991 0.3125311 0.3012101 0.3411389 0.2768454 0.3110455 0.2787820 0.2859353 0.3221846 0.2784512 0.2777881 0.2628633 0.3029494 0.2827032 0.3235724 0.5236349 0.2785565 0.3097246 0.3013279 0.3366961 0.3288369 0.3852658 0.2709749 0.3185648 0.2872531 0.3012858 0.2628813 0.3440286 0.3177162 0.3404602 0.2944000 0.3185100 0.3610548 0.2982488 0.2947707 0.3010189 0.3068037 0.3119664 0.3178131 0.3139150 0.2929862 0.3054059 0.3001911 0.3094049 0.2733518 0.3221522 0.3115210 0.3105080 0.3044993 0.3084975 0.2723549 0.3140198 0.3058949 0.3148374 0.2929220 0.3095185 0.3202601 0.3086228 0.2576798 0.2800402 0.3115864 0.3192477 0.2995356 0.2855303 0.3138210 0.2648706 0.3235455 0.3055145 0.2695347 0.2930788 
HYZL          0.1977358 0.0000000 0.0952119 0.2340834 0.2123532 0.2560006 0.2003745 0.1984299 0.2580028 0.2494876 0.2438813 0.2605194 0.2665870 0.2039617 0.2705995 0.2224210 0.2534335 0.2678277 0.2513393 0.2472797 0.2307193 0.2364132 0.2441553 0.2568447 0.3356176 0.2402190 0.2309625 0.2632174 0.2604892 0.2554020 0.2706929 0.2449527 0.3188455 0.2604892 0.2479012 0.2497414 0.2296109 0.2425944 0.2105628 0.2369799 0.2365675 0.2455088 0.2127425 0.2532131 0.2534507 0.2705571 0.2692614 0.2423110 0.2757873 0.2199892 0.2508470 0.2273972 0.2279102 0.2765128 0.2242748 0.2029054 0.1827407 0.2526287 0.2242916 0.2347851 0.4129271 0.2378825 0.2529902 0.2589776 0.2718287 0.2712188 0.2632411 0.2257015 0.2404329 0.2415560 0.2248560 0.2014432 0.2428075 0.2490555 0.2702469 0.2244841 0.2621006 0.3076943 0.2168084 0.2191533 0.2530198 0.2646185 0.2318754 0.2569486 0.2409451 0.2373064 0.2554009 0.2503968 0.2666200 0.2163887 0.2700015 0.2776184 0.2697174 0.2562251 0.2368304 0.2146731 0.2373415 0.2520719 0.2425199 0.2228126 0.2507356 0.2936168 0.2325519 0.1994986 0.2390666 0.2574865 0.2993637 0.2524331 0.2275757 0.2511100 0.2200678 0.2722421 0.2502997 0.2289190 0.2238355 
MYZV          0.1753304 0.0952119 0.0000000 0.2442925 0.2357889 0.2514302 0.1755999 0.1926783 0.2383864 0.2455284 0.2468266 0.2570181 0.2522115 0.1908321 0.2750373 0.2204609 0.2492966 0.2474432 0.2597342 0.2558915 0.2332734 0.2337134 0.2411507 0.2529503 0.3225728 0.2301607 0.2182986 0.2443367 0.2409099 0.2578658 0.2607158 0.2419730 0.2891849 0.2409099 0.2396648 0.2524052 0.2270812 0.2388747 0.2138804 0.2448959 0.2284926 0.2369697 0.2107229 0.2337671 0.2966308 0.2787870 0.2490677 0.2394315 0.2717773 0.2077995 0.2476797 0.2091933 0.2152764 0.2557181 0.2166499 0.2012766 0.1905758 0.2427380 0.2276514 0.2267927 0.4246966 0.2458305 0.2442722 0.2447925 0.2675813 0.2565469 0.2508985 0.2070551 0.2701586 0.2441860 0.2433862 0.1816556 0.2393559 0.2296413 0.2945588 0.2121380 0.3059600 0.3091628 0.2312032 0.2272234 0.2546014 0.2550419 0.2741691 0.2485201 0.2165013 0.2458561 0.2454884 0.2406689 0.2467076 0.2195851 0.2589800 0.2458224 0.2491582 0.2367875 0.2341146 0.2173824 0.2459127 0.2488622 0.2396305 0.2261905 0.2417917 0.2959570 0.2299572 0.2096316 0.2303164 0.2541135 0.2934552 0.2428870 0.2149658 0.2585946 0.2069006 0.2673806 0.2471545 0.2113661 0.2215243 
SRR6441723    0.3178600 0.2340834 0.2442925 0.0000000 0.1597201 0.0755216 0.0340011 0.0647771 0.0533163 0.0614125 0.0459103 0.0567429 0.0674215 0.0424625 0.1114678 0.0736019 0.0621638 0.0993117 0.0617572 0.0741570 0.0351312 0.0526377 0.0713640 0.0764557 0.0924571 0.0691443 0.0593871 0.0602979 0.0941692 0.0588325 0.0734805 0.0568509 0.1374109 0.0941692 0.0798169 0.0868394 0.0599236 0.0576721 0.0460470 0.0648241 0.0734512 0.0531250 0.0669987 0.0915161 0.0903926 0.0804099 0.0988786 0.0492252 0.0615513 0.0526181 0.0602310 0.0631236 0.0564398 0.0679368 0.0707224 0.0431127 0.0571576 0.0619690 0.0498465 0.0429724 0.1411724 0.0778225 0.0763388 0.0562820 0.0653600 0.0728630 0.1014819 0.0892181 0.0789805 0.0506624 0.0862525 0.0565397 0.0681150 0.0503520 0.0913268 0.0627703 0.0909788 0.0856828 0.0395475 0.0752391 0.0601706 0.0491471 0.0791804 0.0563528 0.0673525 0.0611779 0.0649563 0.0614990 0.0981190 0.0427239 0.0781621 0.1279114 0.0968605 0.0907867 0.0661581 0.0789861 0.0430670 0.0429797 0.0628271 0.0531484 0.0673409 0.0840158 0.0526147 0.0509012 0.0460864 0.0495250 0.0631054 0.0602928 0.0563622 0.0658435 0.0745100 0.0706903 0.0528911 0.0702651 0.0496331 
PAFTOL_019361 0.3264193 0.2123532 0.2357889 0.1597201 0.0000000 0.1944334 0.1492708 0.1466610 0.2071733 0.1307187 0.2020870 0.1940360 0.1672684 0.1303120 0.3046646 0.1845580 0.1513017 0.2110055 0.1493236 0.1535333 0.1617936 0.1842338 0.1769688 0.1578474 0.1331638 0.1331701 0.1656158 0.1876386 0.2161497 0.1242518 0.1759460 0.1474278 0.2294709 0.2161497 0.1289920 0.2119643 0.1614186 0.1303488 0.1399338 0.1293500 0.1647005 0.1853737 0.1594508 0.2014244 0.1663201 0.1794809 0.2304037 0.1842338 0.1635534 0.1574466 0.1999974 0.1667078 0.1574466 0.2011574 0.1586962 0.1329532 0.1537154 0.1320944 0.1421877 0.1772986 0.9403905 0.1504815 0.1621596 0.1831569 0.1730392 0.1625864 0.2635786 0.1717701 0.1572651 0.1885189 0.1846037 0.1436618 0.1866656 0.1760034 0.1581171 0.1752337 0.1887320 0.2398922 0.1661079 0.1846037 0.1877519 0.1821254 0.1491888 0.1927533 0.1762265 0.1300310 0.1384563 0.1307794 0.2264295 0.1313913 0.1506800 0.2323678 0.2143201 0.2086541 0.1842338 0.1705207 0.1983964 0.1841967 0.1940630 0.1613269 0.1729655 0.2217169 0.1678576 0.1279305 0.1554079 0.1929951 0.1794671 0.2181180 0.1574466 0.1510180 0.1637532 0.1269990 0.1842338 0.1453336 0.1674468 
S0055         0.3355098 0.2560006 0.2514302 0.0755216 0.1944334 0.0000000 0.0812500 0.0804126 0.0637613 0.0698601 0.0856453 0.0629904 0.0672315 0.0640909 0.1077698 0.0702680 0.0707384 0.0920300 0.0705826 0.1061114 0.0810891 0.0628264 0.0680125 0.0743108 0.1232992 0.0744303 0.0781141 0.0815225 0.0908046 0.0710541 0.0959343 0.0684231 0.1334847 0.0908046 0.0883835 0.0872633 0.0566686 0.0658255 0.0535493 0.0772382 0.1023405 0.0669898 0.0716301 0.0843314 0.1244010 0.0984435 0.0954733 0.0593033 0.0829401 0.0708968 0.0665192 0.0787376 0.0714126 0.0942630 0.0754670 0.0543411 0.0566258 0.0705124 0.0505210 0.0676768 0.1532004 0.0747668 0.0945647 0.0890342 0.0944610 0.0985375 0.1242498 0.0949369 0.1112573 0.0693141 0.0730505 0.0983815 0.0830535 0.0605043 0.1170995 0.0817046 0.1252393 0.0974324 0.0632812 0.0626568 0.0628803 0.0744708 0.1083533 0.0667160 0.0747044 0.0772109 0.0735498 0.0737554 0.0947383 0.0500950 0.0952371 0.1197926 0.0934045 0.0874207 0.0697555 0.0782157 0.0798646 0.0826454 0.0663921 0.0566328 0.0425102 0.1269704 0.0630612 0.0549701 0.0787231 0.0900057 0.0936690 0.0745134 0.0750131 0.0665346 0.0910044 0.0797808 0.0631365 0.0753024 0.0669219 
S0196sl       0.2296905 0.2003745 0.1755999 0.0340011 0.1492708 0.0812500 0.0000000 0.0224914 0.0464768 0.0341034 0.0582527 0.0522642 0.0741579 0.0234082 0.0945102 0.0398479 0.0410329 0.0602458 0.0469073 0.0460501 0.0533402 0.0459092 0.0398269 0.0531788 0.0220340 0.0284429 0.0108100 0.0596039 0.0593345 0.0284429 0.0669355 0.0219393 0.0998292 0.0593345 0.0464801 0.0605577 0.0465360 0.0340306 0.0277235 0.0338008 0.0604644 0.0459092 0.0165216 0.0538151 0.0457729 0.0856656 0.0669056 0.0459092 0.0588782 0.0053678 0.0534054 0.0108651 0.0053678 0.0645209 0.0164713 0.0279372 0.0284895 0.0344109 0.0399074 0.0524333 2.9196985 0.0165540 0.0653345 0.0724807 0.0656425 0.0588782 0.1432699 0.0534591 0.0517054 0.0467262 0.0351995 0.0232080 0.0728137 0.0520973 0.0397959 0.0164309 0.0594629 0.0914287 0.0337226 0.0351995 0.0465698 0.0517502 0.0337405 0.0519767 0.0652901 0.0339514 0.0400505 0.0339514 0.0659951 0.0219393 0.0348698 0.1017862 0.0545562 0.0533595 0.0582500 0.0284225 0.0593028 0.0459164 0.0648348 0.0466373 0.0729987 0.0743197 0.0461231 0.0229104 0.0392321 0.0519835 0.0633254 0.0663547 0.0053678 0.0470187 0.0469855 0.0476695 0.0459092 0.0344528 0.0460159 
S0281         0.2648588 0.1984299 0.1926783 0.0647771 0.1466610 0.0804126 0.0224914 0.0000000 0.0574085 0.0664565 0.0673975 0.0681807 0.0834822 0.0495609 0.0967219 0.0602009 0.0672917 0.0739598 0.0744864 0.0931942 0.0678265 0.0601775 0.0650353 0.0820656 0.1023046 0.0705353 0.0368006 0.0789397 0.0693358 0.0637796 0.0866293 0.0649251 0.1035414 0.0693358 0.0775366 0.0807498 0.0608122 0.0624637 0.0469073 0.0624976 0.0861234 0.0643328 0.0438216 0.0665294 0.0964190 0.1136254 0.0698529 0.0566433 0.0811467 0.0303599 0.0647647 0.0402599 0.0338299 0.0877695 0.0473172 0.0475973 0.0401580 0.0595843 0.0472416 0.0539363 0.1747586 0.0644912 0.0893635 0.0677116 0.0774476 0.0893460 0.1100796 0.0579073 0.0916899 0.0575284 0.0615268 0.0313749 0.0767908 0.0613792 0.0969938 0.0400396 0.1048330 0.0995371 0.0606217 0.0545909 0.0683567 0.0636163 0.0923498 0.0676885 0.0793927 0.0664935 0.0626271 0.0627988 0.0730868 0.0435177 0.0838074 0.1002769 0.0713026 0.0660067 0.0671377 0.0654498 0.0722351 0.0602328 0.0706988 0.0607723 0.0787830 0.1081396 0.0571082 0.0518877 0.0676580 0.0671177 0.0899327 0.0756318 0.0337826 0.0749673 0.0615400 0.0762111 0.0604761 0.0472110 0.0642677 
S0282         0.3061267 0.2580028 0.2383864 0.0533163 0.2071733 0.0637613 0.0464768 0.0574085 0.0000000 0.0652665 0.0428154 0.0144835 0.0559120 0.0630886 0.1118620 0.0594200 0.0589635 0.0951708 0.0659278 0.0855443 0.0593465 0.0144494 0.0238912 0.0805626 0.0946219 0.0692598 0.0458160 0.0591546 0.0901344 0.0626242 0.0688077 0.0534323 0.1115683 0.0901344 0.0838174 0.0502184 0.0206001 0.0613555 0.0461118 0.0613887 0.0739083 0.0175904 0.0529884 0.0874666 0.1061319 0.0828828 0.0947589 0.0114866 0.0607839 0.0393173 0.0174711 0.0493454 0.0428869 0.0610429 0.0565339 0.0501361 0.0570009 0.0585189 0.0530621 0.0461971 0.1403390 0.0669470 0.0682485 0.0497625 0.0645366 0.0682430 0.0774245 0.0742591 0.0938051 0.0507376 0.0666207 0.0560042 0.0606007 0.0505461 0.0990817 0.0425919 0.1068289 0.0858189 0.0462658 0.0563073 0.0395242 0.0458536 0.0944702 0.0205592 0.0429187 0.0724334 0.0615135 0.0616795 0.0940359 0.0427834 0.0822404 0.1047009 0.0926962 0.0867743 0.0264768 0.0716211 0.0568630 0.0398750 0.0234640 0.0205885 0.0556800 0.0885012 0.0327128 0.0509771 0.0495273 0.0530206 0.0841156 0.0396105 0.0428281 0.0735946 0.0780053 0.0783619 0.0145116 0.0631928 0.0236359 
S0289         0.2872578 0.2494876 0.2455284 0.0614125 0.1307187 0.0698601 0.0341034 0.0664565 0.0652665 0.0000000 0.0643391 0.0688896 0.0459937 0.0113688 0.1044763 0.0754843 0.0145569 0.0926934 0.0174725 0.0794291 0.0669602 0.0607876 0.0613481 0.0174184 0.0758416 0.0174730 0.0540153 0.0651068 0.0914519 0.0177663 0.0822958 0.0621865 0.1263417 0.0914519 0.0359439 0.0816189 0.0545125 0.0114249 0.0271321 0.0203359 0.0796489 0.0649954 0.0546975 0.0849395 0.0803423 0.0815980 0.0961582 0.0572139 0.0769732 0.0471816 0.0654364 0.0577656 0.0434814 0.0847599 0.0583706 0.0307280 0.0586102 0.0115413 0.0336690 0.0647695 0.0759854 0.0801998 0.0811113 0.0677586 0.0810301 0.0850193 0.1073772 0.0767347 0.0796355 0.0589477 0.0773104 0.0490027 0.0854414 0.0695254 0.0734436 0.0574370 0.0812374 0.0954009 0.0541049 0.0662592 0.0615917 0.0573642 0.0768284 0.0647233 0.0690798 0.0173238 0.0085244 0.0144121 0.0954140 0.0239738 0.0334353 0.1230674 0.0940860 0.0880461 0.0678244 0.0664326 0.0692188 0.0613261 0.0644058 0.0579603 0.0758089 0.1030292 0.0642529 0.0245537 0.0538079 0.0649615 0.0276523 0.0689008 0.0509258 0.0206082 0.0729579 0.0208290 0.0610924 0.0579865 0.0542997 
S0292         0.2956594 0.2438813 0.2468266 0.0459103 0.2020870 0.0856453 0.0582527 0.0673975 0.0428154 0.0643391 0.0000000 0.0461085 0.0665454 0.0617340 0.1189392 0.0692176 0.0581229 0.1059346 0.0720725 0.0770061 0.0604575 0.0422890 0.0600884 0.0793830 0.0948762 0.0720833 0.0553286 0.0732532 0.1006937 0.0618078 0.0688979 0.0527893 0.1311874 0.1006937 0.0754915 0.0748724 0.0492189 0.0605934 0.0424421 0.0537067 0.0757347 0.0459885 0.0627321 0.0981016 0.1007071 0.0867049 0.1054747 0.0390206 0.0608582 0.0487062 0.0494524 0.0589660 0.0524154 0.0501114 0.0663644 0.0463423 0.0598001 0.0508512 0.0492397 0.0329352 0.1400573 0.0733122 0.0650502 0.0460774 0.0613579 0.0683314 0.0881402 0.0844342 0.0815015 0.0468854 0.0815023 0.0740973 0.0601780 0.0502218 0.0898733 0.0586416 0.0938594 0.0733664 0.0425805 0.0707312 0.0494092 0.0325688 0.0893404 0.0457890 0.0531475 0.0713940 0.0538135 0.0539551 0.1046664 0.0391797 0.0811453 0.1219407 0.1035556 0.0973233 0.0421678 0.0743894 0.0495216 0.0145426 0.0520977 0.0459562 0.0731114 0.0795918 0.0422743 0.0506471 0.0359686 0.0266172 0.0788672 0.0563945 0.0523442 0.0725211 0.0882602 0.0695823 0.0424854 0.0731093 0.0393355 
S0293         0.3085491 0.2605194 0.2570181 0.0567429 0.1940360 0.0629904 0.0522642 0.0681807 0.0144835 0.0688896 0.0461085 0.0000000 0.0555282 0.0553769 0.1168249 0.0666890 0.0625694 0.1036069 0.0695915 0.0820201 0.0521702 0.0115198 0.0271237 0.0843618 0.0986584 0.0733749 0.0559385 0.0625798 0.0983476 0.0662736 0.0644091 0.0467115 0.1312432 0.0983476 0.0832271 0.0435191 0.0175982 0.0649244 0.0494350 0.0649580 0.0778629 0.0146085 0.0634423 0.0957066 0.1024225 0.0793304 0.1031522 0.0085856 0.0566225 0.0492366 0.0145096 0.0563696 0.0529945 0.0568574 0.0671229 0.0535423 0.0643323 0.0620969 0.0564706 0.0495283 0.1614050 0.0674421 0.0638942 0.0531452 0.0602771 0.0638906 0.0886158 0.0854365 0.0901955 0.0541933 0.0671107 0.0854957 0.0562310 0.0466070 0.0953868 0.0526225 0.1030953 0.0765645 0.0496028 0.0635354 0.0393405 0.0491583 0.0872957 0.0175625 0.0364424 0.0761210 0.0650908 0.0652674 0.1023526 0.0460724 0.0820231 0.1196958 0.1011772 0.0949386 0.0234576 0.0793712 0.0603336 0.0431632 0.0204630 0.0175880 0.0524258 0.0923926 0.0296433 0.0544459 0.0528915 0.0564275 0.0880969 0.0332008 0.0529215 0.0773500 0.0893168 0.0822082 0.0115691 0.0739530 0.0206125 
S0294         0.2888433 0.2665870 0.2522115 0.0674215 0.1672684 0.0672315 0.0741579 0.0834822 0.0559120 0.0459937 0.0665454 0.0555282 0.0000000 0.0499380 0.1058512 0.0780688 0.0575700 0.1017981 0.0647771 0.0823426 0.0734026 0.0515844 0.0565516 0.0645681 0.1048317 0.0574681 0.0741897 0.0484341 0.1003554 0.0541443 0.0851590 0.0636285 0.1355209 0.1003554 0.0754436 0.0757224 0.0452346 0.0460091 0.0525035 0.0603862 0.0784877 0.0556808 0.0751965 0.0935079 0.0911172 0.0875650 0.1054590 0.0480410 0.0839760 0.0667599 0.0631903 0.0669455 0.0710723 0.0875270 0.0792441 0.0569272 0.0718223 0.0574024 0.0563056 0.0784340 0.1023139 0.0863641 0.0919155 0.0744163 0.0919966 0.0920508 0.0603551 0.0910217 0.0945005 0.0725023 0.0821879 0.0979003 0.0883699 0.0756518 0.0880037 0.0705316 0.1002896 0.1034491 0.0670078 0.0708755 0.0452184 0.0664615 0.0875998 0.0554408 0.0632317 0.0605467 0.0530901 0.0606828 0.1045958 0.0489159 0.0698674 0.1180243 0.0992220 0.0967570 0.0585957 0.0802947 0.0833738 0.0710345 0.0551744 0.0521061 0.0739451 0.0879906 0.0482367 0.0574202 0.0558766 0.0749017 0.0718538 0.0630658 0.0709690 0.0651909 0.0869886 0.0620931 0.0518428 0.0709251 0.0416357 
S0299         0.2299091 0.2039617 0.1908321 0.0424625 0.1303120 0.0640909 0.0234082 0.0495609 0.0630886 0.0113688 0.0617340 0.0553769 0.0499380 0.0000000 0.1177998 0.0489238 0.0115884 0.0858642 0.0234774 0.0478979 0.0565865 0.0486090 0.0424895 0.0295713 0.0174627 0.0115476 0.0356302 0.0632526 0.0917361 0.0115052 0.0626724 0.0231688 0.1057921 0.0917361 0.0294145 0.0643298 0.0363865 0.0113459 0.0172919 0.0170960 0.0487576 0.0488551 0.0298015 0.0786175 0.0295242 0.0701527 0.1009531 0.0486090 0.0548007 0.0294874 0.0566658 0.0358325 0.0294874 0.0684030 0.0235362 0.0174308 0.0361874 0.0114725 0.0296792 0.0555670 3.5994868 0.0298697 0.0611306 0.0684134 0.0617416 0.0481470 0.1474999 0.0638533 0.0355959 0.0495285 0.0368725 0.0416173 0.0777915 0.0551904 0.0234535 0.0421549 0.0430525 0.0797107 0.0356639 0.0368725 0.0423494 0.0548001 0.0173864 0.0550541 0.0557851 0.0113187 0.0171724 0.0113712 0.0994351 0.0113955 0.0175218 0.0997851 0.0872357 0.0851546 0.0486090 0.0360981 0.0700269 0.0486166 0.0553776 0.0364718 0.0494262 0.0790562 0.0488482 0.0058026 0.0291610 0.0550635 0.0382763 0.0704681 0.0294874 0.0234635 0.0570819 0.0238474 0.0486090 0.0431183 0.0359622 
S0303         0.3402094 0.2705995 0.2750373 0.1114678 0.3046646 0.1077698 0.0945102 0.0967219 0.1118620 0.1044763 0.1189392 0.1168249 0.1058512 0.1177998 0.0000000 0.0727316 0.1055494 0.0256742 0.1142084 0.1434538 0.1607866 0.1101426 0.1218693 0.1091458 0.1443716 0.1002399 0.0776202 0.1079195 0.0187592 0.1019819 0.1250578 0.1166681 0.1266789 0.0187592 0.1222963 0.1375027 0.1114672 0.0914403 0.0803342 0.1085154 0.1448030 0.1158289 0.0813228 0.0189563 0.1468350 0.1658159 0.0221813 0.1057310 0.1272547 0.0774656 0.1109954 0.0738864 0.0729166 0.1367158 0.0867577 0.0811344 0.0665200 0.1055679 0.0686260 0.1000334 0.1707633 0.0813705 0.1369516 0.1050709 0.1367342 0.1327696 0.1459534 0.1166017 0.1450987 0.1092799 0.0822947 0.1333874 0.1297463 0.1037499 0.1479265 0.0775756 0.1519737 0.1433790 0.1009980 0.0704707 0.1042374 0.1096900 0.1328225 0.1153396 0.1211386 0.1129887 0.1087662 0.1046227 0.0220243 0.0763524 0.1254322 0.1077359 0.0191470 0.0188410 0.1271082 0.0827006 0.1214732 0.1091778 0.1225939 0.1188092 0.1267656 0.1528480 0.1146767 0.0869574 0.1155412 0.1186647 0.1033814 0.1122841 0.0820507 0.1150870 0.1121321 0.1112065 0.1108011 0.0984401 0.1156670 
S0308         0.2732801 0.2224210 0.2204609 0.0736019 0.1845580 0.0702680 0.0398479 0.0602009 0.0594200 0.0754843 0.0692176 0.0666890 0.0780688 0.0489238 0.0727316 0.0000000 0.0764155 0.0533857 0.0835585 0.0883277 0.0737082 0.0621186 0.0669278 0.0833061 0.0991721 0.0723722 0.0485732 0.0699019 0.0560273 0.0729454 0.0795417 0.0700215 0.0884408 0.0560273 0.0831878 0.0823716 0.0627602 0.0714612 0.0556682 0.0714948 0.0882692 0.0662190 0.0489547 0.0499777 0.0819301 0.1092563 0.0599136 0.0586424 0.0744576 0.0420921 0.0693064 0.0456051 0.0456726 0.0857702 0.0426603 0.0598894 0.0297944 0.0686790 0.0558271 0.0589895 0.1878599 0.0326890 0.0746918 0.0618691 0.0783594 0.0676364 0.1161367 0.0769519 0.0847409 0.0639395 0.0393228 0.0475744 0.0707873 0.0598190 0.0901001 0.0453606 0.0976176 0.0800361 0.0585424 0.0298261 0.0562585 0.0654962 0.0784860 0.0695119 0.0739496 0.0827613 0.0716406 0.0718353 0.0594884 0.0522697 0.0930235 0.0693728 0.0575281 0.0528900 0.0758131 0.0331332 0.0776785 0.0662919 0.0724531 0.0661590 0.0762923 0.1023421 0.0691234 0.0574956 0.0626639 0.0731942 0.0993040 0.0634156 0.0456101 0.0840982 0.0806849 0.0890673 0.0624212 0.0659145 0.0661534 
S0320         0.3034836 0.2534335 0.2492966 0.0621638 0.1513017 0.0707384 0.0410329 0.0672917 0.0589635 0.0145569 0.0581229 0.0625694 0.0575700 0.0115884 0.1055494 0.0764155 0.0000000 0.0938800 0.0144098 0.0917600 0.0754095 0.0545917 0.0550951 0.0269048 0.0766921 0.0207372 0.0546675 0.0730996 0.0926078 0.0210924 0.0873953 0.0629582 0.1280685 0.0926078 0.0396208 0.0826607 0.0482738 0.0145239 0.0274467 0.0236407 0.0807039 0.0587195 0.0553665 0.0860202 0.0892666 0.0825005 0.0973875 0.0510422 0.0818545 0.0477473 0.0591136 0.0584689 0.0439968 0.0858370 0.0590888 0.0310906 0.0593351 0.0146751 0.0340636 0.0653582 0.0762586 0.0812065 0.0861179 0.0722972 0.0860269 0.0901262 0.1081822 0.0776981 0.0806283 0.0596816 0.0782869 0.0694091 0.0816596 0.0703935 0.0821938 0.0581323 0.0898605 0.1011167 0.0547596 0.0670888 0.0553107 0.0650446 0.0777929 0.0584692 0.0627489 0.0205572 0.0175488 0.0175908 0.0966248 0.0242504 0.0371251 0.1243209 0.0953075 0.0891607 0.0616030 0.0746240 0.0628724 0.0550750 0.0580073 0.0517118 0.0767483 0.1125139 0.0580487 0.0247602 0.0544552 0.0657599 0.0243137 0.0625848 0.0515429 0.0208011 0.0738707 0.0242245 0.0548648 0.0586957 0.0480827 
S0322         0.3046848 0.2678277 0.2474432 0.0993117 0.2110055 0.0920300 0.0602458 0.0739598 0.0951708 0.0926934 0.1059346 0.1036069 0.1017981 0.0858642 0.0256742 0.0533857 0.0938800 0.0000000 0.1014412 0.1368938 0.1124828 0.0977759 0.1000579 0.1011346 0.1166654 0.0894991 0.0610525 0.0997942 0.0086852 0.0902494 0.1105648 0.0956792 0.1172164 0.0086852 0.1088366 0.1220466 0.0950097 0.0808609 0.0710293 0.0883626 0.1269854 0.1028000 0.0650369 0.0028807 0.1259245 0.1481319 0.0117253 0.0937913 0.1127560 0.0609432 0.0984644 0.0576857 0.0569984 0.1257747 0.0653144 0.0720952 0.0476727 0.0855379 0.0610027 0.0869469 0.1922399 0.0575209 0.1218088 0.0895141 0.1173132 0.1136858 0.1404395 0.0956240 0.1205989 0.1009411 0.0651104 0.0862530 0.1062456 0.0843168 0.1267496 0.0645399 0.1304530 0.1213498 0.0936001 0.0545503 0.0921754 0.0936219 0.1134315 0.1064696 0.1078811 0.1004381 0.0885502 0.0848629 0.0116486 0.0673972 0.1160859 0.1039659 0.0119325 0.0087208 0.1092518 0.0653994 0.1083018 0.1029161 0.1055482 0.0949411 0.1099782 0.1357540 0.0981480 0.0770679 0.0873744 0.1106924 0.1016084 0.1077447 0.0649244 0.1021461 0.0997207 0.0996572 0.0983086 0.0834885 0.0987936 
S0327         0.3031052 0.2513393 0.2597342 0.0617572 0.1493236 0.0705826 0.0469073 0.0744864 0.0659278 0.0174725 0.0720725 0.0695915 0.0647771 0.0234774 0.1142084 0.0835585 0.0144098 0.1014412 0.0000000 0.0951162 0.0816768 0.0613915 0.0619637 0.0298987 0.0843428 0.0237041 0.0614769 0.0802242 0.1000581 0.0241111 0.0908612 0.0700221 0.1364308 0.1000581 0.0426674 0.0901045 0.0550559 0.0174328 0.0337582 0.0266001 0.0886502 0.0656510 0.0622716 0.0934668 0.0886623 0.0900762 0.1049643 0.0577789 0.0852407 0.0544519 0.0661027 0.0653664 0.0505947 0.0896355 0.0660660 0.0375453 0.0663450 0.0176144 0.0405132 0.0725584 0.0835956 0.0885054 0.0895358 0.0755653 0.0894387 0.0935601 0.1348001 0.0849766 0.0878756 0.0667384 0.0856141 0.0780970 0.0893220 0.0775747 0.0895942 0.0649877 0.0892487 0.1048112 0.0544051 0.0742582 0.0693452 0.0719820 0.0772707 0.0653739 0.0770678 0.0174129 0.0204781 0.0205272 0.1041374 0.0305053 0.0402219 0.1331516 0.1029830 0.0965943 0.0685040 0.0819132 0.0733947 0.0690353 0.0650498 0.0585401 0.0765828 0.1117196 0.0719686 0.0312554 0.0612363 0.0727833 0.0273573 0.0768647 0.0583500 0.0237786 0.0810879 0.0272576 0.0617025 0.0656255 0.0618082 
S0335         0.2971745 0.2472797 0.2558915 0.0741570 0.1535333 0.1061114 0.0460501 0.0931942 0.0855443 0.0794291 0.0770061 0.0820201 0.0823426 0.0478979 0.1434538 0.0883277 0.0917600 0.1368938 0.0951162 0.0000000 0.0472334 0.0843763 0.1054495 0.0877625 0.1315130 0.0876434 0.0805178 0.0811729 0.1308446 0.0842930 0.0958088 0.0673185 0.1484156 0.1308446 0.1022628 0.0987511 0.0925605 0.0825517 0.0772322 0.0903023 0.0496508 0.0852037 0.0926144 0.1283868 0.1264888 0.1125152 0.1362685 0.0806165 0.0829749 0.0733669 0.0931288 0.0774465 0.0775681 0.0903317 0.1006147 0.0820236 0.0886879 0.0875431 0.0849650 0.0632085 0.2303794 0.1006866 0.0756088 0.0766305 0.0870425 0.0870890 0.1090856 0.1206366 0.1134898 0.0781755 0.1022315 0.0759336 0.1080904 0.0906171 0.1235764 0.0840716 0.1279343 0.1010968 0.0775238 0.0982389 0.0815025 0.0592194 0.1148412 0.0848354 0.0934080 0.0942004 0.0904902 0.0868651 0.1351731 0.0735822 0.1050709 0.1412610 0.1347076 0.1273207 0.0912921 0.1027170 0.0633680 0.0708073 0.0954465 0.0889015 0.1037420 0.0929286 0.0919156 0.0791932 0.0740610 0.0708168 0.0990505 0.0858318 0.0774617 0.0842968 0.1124414 0.0848789 0.0848139 0.0999516 0.0889031 
S0376         0.2953212 0.2307193 0.2332734 0.0351312 0.1617936 0.0810891 0.0533402 0.0678265 0.0593465 0.0669602 0.0604575 0.0521702 0.0734026 0.0565865 0.1607866 0.0737082 0.0754095 0.1124828 0.0816768 0.0472334 0.0000000 0.0458280 0.0648659 0.0886790 0.0532888 0.0680859 0.0660785 0.0523613 0.1105725 0.0609797 0.0823511 0.0404325 0.1618193 0.1105725 0.0808862 0.0584682 0.0589468 0.0667987 0.0592971 0.0596108 0.0549611 0.0460460 0.0666177 0.1050374 0.0795573 0.0854999 0.1201673 0.0458280 0.0676409 0.0596925 0.0661687 0.0664585 0.0596925 0.0600052 0.0654953 0.0533291 0.0615878 0.0675962 0.0670896 0.0476604 2.9196985 0.0604949 0.0607768 0.0680225 0.0613816 0.0672969 0.1399706 0.1191306 0.0596346 0.0546143 0.0670660 0.0783023 0.0534198 0.0349533 0.0729849 0.0730571 0.0955032 0.0872972 0.0408246 0.0670660 0.0589990 0.0596916 0.0661698 0.0518839 0.0651690 0.0666399 0.0735150 0.0669768 0.1183800 0.0527835 0.0685832 0.1352173 0.1065641 0.1040670 0.0581446 0.0748823 0.0677813 0.0536252 0.0647156 0.0403787 0.0598121 0.0837925 0.0460411 0.0353725 0.0465095 0.0599752 0.1027073 0.0662305 0.0596925 0.0823872 0.1118715 0.0621856 0.0458280 0.0959911 0.0459343 
S0400         0.3079364 0.2364132 0.2337134 0.0526377 0.1842338 0.0628264 0.0459092 0.0601775 0.0144494 0.0607876 0.0422890 0.0115198 0.0515844 0.0486090 0.1101426 0.0621186 0.0545917 0.0977759 0.0613915 0.0843763 0.0458280 0.0000000 0.0145412 0.0756497 0.0946575 0.0684249 0.0485553 0.0549948 0.0927407 0.0581498 0.0722673 0.0461644 0.1308429 0.0927407 0.0713754 0.0461896 0.0056653 0.0569959 0.0422430 0.0500627 0.0728365 0.0028217 0.0557297 0.0901175 0.0931731 0.0746041 0.0973576 0.0027989 0.0641443 0.0420769 0.0144753 0.0520846 0.0456557 0.0602413 0.0592674 0.0394849 0.0597541 0.0541873 0.0490034 0.0456235 0.1473135 0.0663534 0.0716787 0.0491359 0.0679333 0.0716716 0.0818831 0.0769213 0.0814308 0.0466567 0.0625019 0.0756534 0.0560774 0.0464876 0.0863162 0.0453441 0.0937724 0.0803583 0.0358847 0.0590317 0.0358169 0.0452887 0.0819961 0.0114442 0.0327032 0.0677738 0.0571416 0.0572924 0.0966211 0.0389984 0.0657320 0.1050248 0.0953497 0.0894111 0.0113293 0.0743269 0.0561314 0.0393847 0.0084717 0.0056625 0.0451797 0.0795219 0.0231789 0.0468772 0.0489081 0.0523494 0.0828940 0.0358942 0.0455932 0.0688358 0.0806525 0.0734216 0.0056560 0.0658892 0.0143910 
S0405         0.3125723 0.2441553 0.2411507 0.0713640 0.1769688 0.0680125 0.0398269 0.0650353 0.0238912 0.0613481 0.0600884 0.0271237 0.0565516 0.0424895 0.1218693 0.0669278 0.0550951 0.1000579 0.0619637 0.1054495 0.0648659 0.0145412 0.0000000 0.0763721 0.0999454 0.0652584 0.0529094 0.0666213 0.0987102 0.0586908 0.0896481 0.0575640 0.1343291 0.0987102 0.0720464 0.0575979 0.0087103 0.0575151 0.0466060 0.0505111 0.0908124 0.0177036 0.0535636 0.0921971 0.0993219 0.0833668 0.1035359 0.0175527 0.0841213 0.0462262 0.0303016 0.0565716 0.0499507 0.0798038 0.0571514 0.0437942 0.0645665 0.0546833 0.0536388 0.0636916 0.1580305 0.0713599 0.0923453 0.0675578 0.0882610 0.0923260 0.0904275 0.0750875 0.0909392 0.0652245 0.0673525 0.0664255 0.0762450 0.0649543 0.0876519 0.0495999 0.1003020 0.0951266 0.0532182 0.0637640 0.0464788 0.0632023 0.0877401 0.0269377 0.0431988 0.0684065 0.0576633 0.0578170 0.1027306 0.0432395 0.0736221 0.1077253 0.0968609 0.0952899 0.0205520 0.0796626 0.0717508 0.0571112 0.0175624 0.0146755 0.0562786 0.1008781 0.0330538 0.0515432 0.0603205 0.0709622 0.0837270 0.0532255 0.0460612 0.0694892 0.0788799 0.0741325 0.0207002 0.0638854 0.0238818 
S0407sl       0.3143737 0.2568447 0.2529503 0.0764557 0.1578474 0.0743108 0.0531788 0.0820656 0.0805626 0.0174184 0.0793830 0.0843618 0.0645681 0.0295713 0.1091458 0.0833061 0.0269048 0.1011346 0.0298987 0.0877625 0.0886790 0.0756497 0.0763721 0.0000000 0.0880184 0.0299004 0.0686021 0.0877489 0.0997580 0.0304210 0.0988322 0.0734836 0.1273896 0.0997580 0.0492085 0.1058729 0.0692496 0.0234530 0.0336523 0.0328064 0.0970546 0.0802111 0.0548316 0.0931810 0.0922342 0.0979694 0.1046488 0.0718866 0.0929675 0.0614438 0.0807913 0.0725977 0.0574612 0.1011790 0.0585159 0.0442212 0.0661372 0.0236998 0.0471930 0.0686232 0.0833785 0.0882361 0.0973826 0.0829197 0.0972703 0.1014879 0.1343164 0.0812920 0.0914168 0.0696172 0.0778724 0.0679973 0.1026972 0.0851495 0.0851908 0.0721729 0.1010072 0.1032888 0.0687260 0.0740262 0.0766981 0.0759452 0.0886281 0.0798781 0.0845857 0.0296381 0.0204148 0.0266318 0.1038263 0.0369520 0.0468448 0.1327430 0.1026675 0.0963023 0.0830088 0.0816592 0.0847719 0.0763453 0.0794587 0.0728454 0.0880920 0.1290753 0.0792618 0.0378668 0.0683305 0.0801745 0.0410557 0.0843611 0.0654632 0.0239768 0.0774355 0.0336260 0.0760448 0.0695506 0.0689776 
S0412sl       0.3841736 0.3356176 0.3225728 0.0924571 0.1331638 0.1232992 0.0220340 0.1023046 0.0946219 0.0758416 0.0948762 0.0986584 0.1048317 0.0174627 0.1443716 0.0991721 0.0766921 0.1166654 0.0843428 0.1315130 0.0532888 0.0946575 0.0999454 0.0880184 0.0000000 0.0803241 0.0870321 0.1085756 0.1172010 0.0776289 0.1170515 0.0908593 0.1501028 0.1172010 0.0961460 0.1238133 0.0957525 0.0719364 0.0706784 0.0716468 0.1308968 0.0898671 0.0918185 0.1145179 0.1033132 0.1094057 0.1226598 0.0905279 0.1099956 0.0792307 0.0949169 0.0914777 0.0747530 0.1193430 0.0961283 0.0717867 0.0849085 0.0686887 0.0786912 0.0911281 0.2548897 0.0907920 0.1197623 0.1044857 0.1147223 0.1112847 0.1429483 0.1175757 0.1062254 0.1021739 0.1059290 0.0314323 0.1126893 0.0933079 0.0986247 0.0832028 0.1121269 0.1244242 0.0954513 0.0935454 0.0924774 0.0864538 0.0990530 0.1036610 0.1132725 0.0795072 0.0718004 0.0718004 0.1216331 0.0668900 0.0809286 0.1596328 0.1155171 0.1135274 0.1106652 0.0879686 0.1052098 0.0917158 0.1067844 0.0997092 0.1121913 0.1282314 0.0987033 0.0731083 0.0866533 0.0958841 0.0964634 0.1089471 0.0788912 0.0846669 0.1217512 0.0901651 0.0951939 0.1040635 0.0954912 
S0417         0.2759424 0.2402190 0.2301607 0.0691443 0.1331701 0.0744303 0.0284429 0.0705353 0.0692598 0.0174730 0.0720833 0.0733749 0.0574681 0.0115476 0.1002399 0.0723722 0.0207372 0.0894991 0.0237041 0.0876434 0.0680859 0.0684249 0.0652584 0.0299004 0.0803241 0.0000000 0.0577884 0.0802376 0.0882968 0.0241121 0.0872027 0.0700325 0.1230231 0.0882968 0.0394399 0.0824937 0.0620604 0.0174333 0.0337605 0.0266014 0.0886679 0.0728299 0.0585281 0.0817499 0.0852519 0.0860873 0.0929770 0.0647402 0.0816775 0.0508486 0.0733435 0.0546679 0.0470646 0.0896523 0.0622682 0.0375481 0.0554676 0.0176149 0.0405166 0.0725695 0.0979877 0.0732391 0.0859302 0.0755771 0.0858395 0.0899288 0.1322984 0.0770607 0.0767459 0.0667480 0.0741293 0.0498733 0.0905869 0.0740599 0.0780938 0.0612602 0.0858171 0.1008779 0.0615919 0.0630868 0.0693553 0.0719927 0.0666248 0.0725252 0.0697959 0.0174796 0.0204788 0.0205279 0.0922552 0.0305071 0.0272745 0.1197177 0.0908518 0.0848790 0.0756548 0.0632510 0.0772436 0.0690453 0.0721553 0.0655982 0.0765951 0.1161446 0.0719793 0.0312573 0.0612441 0.0727944 0.0344146 0.0696131 0.0546754 0.0269655 0.0732646 0.0272590 0.0687766 0.0618548 0.0618163 
S0419         0.2775365 0.2309625 0.2182986 0.0593871 0.1656158 0.0781141 0.0108100 0.0368006 0.0458160 0.0540153 0.0553286 0.0559385 0.0741897 0.0356302 0.0776202 0.0485732 0.0546675 0.0610525 0.0614769 0.0805178 0.0660785 0.0485553 0.0529094 0.0686021 0.0870321 0.0577884 0.0000000 0.0661113 0.0568451 0.0513227 0.0687409 0.0528215 0.1054863 0.0568451 0.0717895 0.0710085 0.0490471 0.0503117 0.0359616 0.0503423 0.0689044 0.0523629 0.0204493 0.0540677 0.0706365 0.0904967 0.0608022 0.0452361 0.0674701 0.0056424 0.0526891 0.0143779 0.0085669 0.0704493 0.0266585 0.0396977 0.0429937 0.0474780 0.0362027 0.0454983 0.1486190 0.0524860 0.0750680 0.0625049 0.0639998 0.0714556 0.1116585 0.0492979 0.0665389 0.0465946 0.0530082 0.0310392 0.0705537 0.0599321 0.0640253 0.0143056 0.0710814 0.0842652 0.0422643 0.0430406 0.0560770 0.0451654 0.0601237 0.0555496 0.0664758 0.0609029 0.0504420 0.0505740 0.0603640 0.0327728 0.0699863 0.0929673 0.0583917 0.0570890 0.0617364 0.0532316 0.0594396 0.0524191 0.0584846 0.0523227 0.0728368 0.0904979 0.0552630 0.0370042 0.0555376 0.0590610 0.0754592 0.0629385 0.0085554 0.0618480 0.0527231 0.0625724 0.0487834 0.0392180 0.0523147 
S0427         0.2937396 0.2632174 0.2443367 0.0602979 0.1876386 0.0815225 0.0596039 0.0789397 0.0591546 0.0651068 0.0732532 0.0625798 0.0484341 0.0632526 0.1079195 0.0699019 0.0730996 0.0997942 0.0802242 0.0811729 0.0523613 0.0549948 0.0666213 0.0877489 0.1085756 0.0802376 0.0661113 0.0000000 0.0946240 0.0696317 0.0777097 0.0779374 0.1462576 0.0946240 0.0835859 0.0816136 0.0555545 0.0612102 0.0525764 0.0756919 0.0686982 0.0589223 0.0739070 0.0919649 0.1135052 0.0868839 0.0993583 0.0516165 0.0725668 0.0592395 0.0628992 0.0699334 0.0631704 0.0824989 0.0777007 0.0533384 0.0749542 0.0728704 0.0596564 0.0699896 0.1648956 0.0890785 0.0762593 0.0633577 0.0765307 0.0727903 0.0776310 0.0927288 0.1085712 0.0643469 0.0809379 0.0877123 0.0717145 0.0576324 0.1147370 0.0695394 0.1104808 0.0852107 0.0562914 0.0702533 0.0557748 0.0626439 0.1098496 0.0520867 0.0764919 0.0794580 0.0758480 0.0760568 0.0985910 0.0491949 0.0895869 0.1232405 0.1012866 0.0912299 0.0683568 0.0830698 0.0707819 0.0703084 0.0584140 0.0588732 0.0761557 0.1076118 0.0618119 0.0576975 0.0666089 0.0773227 0.0837540 0.0693987 0.0630838 0.0807406 0.0889067 0.0777898 0.0552565 0.0736431 0.0588658 
S0430         0.3028687 0.2604892 0.2409099 0.0941692 0.2161497 0.0908046 0.0593345 0.0693358 0.0901344 0.0914519 0.1006937 0.0983476 0.1003554 0.0917361 0.0187592 0.0560273 0.0926078 0.0086852 0.1000581 0.1308446 0.1105725 0.0927407 0.0987102 0.0997580 0.1172010 0.0882968 0.0568451 0.0946240 0.0000000 0.0890269 0.1050155 0.0944019 0.1070709 0.0000010 0.1073450 0.1162619 0.0937521 0.0797970 0.0701355 0.0871902 0.1260893 0.0975968 0.0642129 0.0000024 0.1241577 0.1460001 0.0028344 0.0888546 0.1072344 0.0567456 0.0933789 0.0535454 0.0529191 0.1199174 0.0679442 0.0711750 0.0437328 0.0843962 0.0602402 0.0821315 0.1807433 0.0601693 0.1160364 0.0846978 0.1116668 0.1081022 0.1468854 0.0943478 0.1189297 0.0956835 0.0607824 0.0843674 0.1006320 0.0795087 0.1249573 0.0602573 0.1286095 0.1158157 0.0886794 0.0504580 0.0871661 0.0886979 0.1118627 0.1011872 0.1064164 0.0990807 0.0873727 0.0837113 0.0028174 0.0665544 0.1103448 0.0984862 0.0028838 0.0000024 0.1077968 0.0610467 0.1029034 0.0977058 0.1041459 0.0936844 0.1085032 0.1295995 0.0930898 0.0760621 0.0936027 0.1053056 0.1001697 0.1023862 0.0606093 0.1007419 0.0983807 0.0982733 0.0932349 0.0824005 0.0974802 
S0478         0.3084158 0.2554020 0.2578658 0.0588325 0.1242518 0.0710541 0.0284429 0.0637796 0.0626242 0.0177663 0.0618078 0.0662736 0.0541443 0.0115052 0.1019819 0.0729454 0.0210924 0.0902494 0.0241111 0.0842930 0.0609797 0.0581498 0.0586908 0.0304210 0.0776289 0.0241121 0.0513227 0.0696317 0.0890269 0.0000000 0.0797241 0.0595022 0.1241629 0.0890269 0.0335886 0.0866724 0.0517998 0.0147176 0.0243214 0.0207866 0.0721783 0.0623618 0.0519764 0.0824254 0.0771242 0.0798803 0.0937585 0.0545548 0.0744017 0.0444451 0.0627874 0.0550865 0.0407427 0.0822468 0.0556686 0.0278965 0.0595628 0.0179131 0.0308752 0.0621435 0.0942089 0.0776718 0.0785620 0.0651767 0.0784840 0.0825027 0.1299970 0.0741660 0.0689126 0.0562241 0.0785147 0.0498733 0.0828130 0.0668938 0.0702163 0.0547699 0.0776297 0.0878154 0.0514078 0.0672670 0.0626977 0.0616532 0.0660659 0.0620964 0.0664617 0.0238982 0.0208250 0.0208759 0.0930243 0.0211518 0.0376675 0.1110105 0.0916256 0.0855793 0.0652400 0.0749370 0.0665956 0.0587494 0.0617908 0.0552745 0.0770932 0.1088825 0.0617257 0.0216624 0.0511936 0.0624126 0.0350439 0.0662875 0.0481952 0.0242364 0.0703605 0.0277390 0.0543284 0.0552981 0.0516661 
S0552sl       0.3275215 0.2706929 0.2607158 0.0734805 0.1759460 0.0959343 0.0669355 0.0866293 0.0688077 0.0822958 0.0688979 0.0644091 0.0851590 0.0626724 0.1250578 0.0795417 0.0873953 0.1105648 0.0908612 0.0958088 0.0823511 0.0722673 0.0896481 0.0988322 0.1170515 0.0872027 0.0687409 0.0777097 0.1050155 0.0797241 0.0000000 0.0810411 0.1449139 0.1050155 0.0821471 0.0931474 0.0769863 0.0780287 0.0692184 0.0780634 0.0912105 0.0767780 0.0809203 0.1023478 0.1320772 0.0924455 0.1100639 0.0685233 0.0115813 0.0653229 0.0717146 0.0656785 0.0695304 0.0571583 0.0849576 0.0739891 0.0772680 0.0751668 0.0770399 0.0584743 0.2164140 0.0879078 0.0298794 0.0606562 0.0175835 0.0173509 0.1312450 0.1089574 0.1139129 0.0624933 0.0928757 0.0975018 0.0654441 0.0547566 0.1245596 0.0762135 0.1329900 0.0742022 0.0576713 0.0813766 0.0851728 0.0577641 0.1154279 0.0729800 0.0891479 0.0899571 0.0782296 0.0784519 0.1091836 0.0655170 0.1010055 0.1369007 0.1081272 0.1015009 0.0869505 0.0933187 0.0766300 0.0625140 0.0760579 0.0766957 0.0950341 0.1128190 0.0764434 0.0662481 0.0691705 0.0696979 0.1033904 0.0851942 0.0694304 0.0914817 0.1132576 0.0968151 0.0726438 0.0961985 0.0766932 
S0558         0.3044714 0.2449527 0.2419730 0.0568509 0.1474278 0.0684231 0.0219393 0.0649251 0.0534323 0.0621865 0.0527893 0.0467115 0.0636285 0.0231688 0.1166681 0.0700215 0.0629582 0.0956792 0.0700221 0.0673185 0.0404325 0.0461644 0.0575640 0.0734836 0.0908593 0.0700325 0.0528215 0.0779374 0.0944019 0.0595022 0.0810411 0.0000000 0.1336068 0.0944019 0.0807163 0.0785562 0.0466395 0.0582935 0.0463348 0.0583264 0.0740910 0.0499933 0.0499336 0.0879282 0.0859764 0.0736145 0.0991290 0.0428107 0.0690420 0.0461481 0.0535599 0.0564773 0.0498666 0.0717843 0.0534635 0.0503830 0.0677055 0.0554283 0.0533224 0.0461614 0.1480367 0.0638495 0.0803630 0.0600047 0.0764483 0.0803512 0.1092729 0.0749622 0.0744344 0.0578558 0.0752769 0.0563608 0.0757553 0.0645615 0.0791567 0.0561632 0.0865289 0.0763756 0.0531291 0.0715715 0.0567681 0.0492504 0.0749502 0.0532243 0.0642694 0.0693501 0.0584453 0.0586034 0.0983641 0.0429893 0.0825393 0.1195675 0.0971075 0.0910108 0.0528145 0.0828633 0.0604479 0.0498393 0.0495600 0.0433501 0.0534362 0.0876523 0.0564036 0.0512324 0.0430771 0.0498383 0.0768490 0.0676273 0.0497977 0.0704640 0.0787483 0.0751910 0.0463840 0.0637788 0.0433413 
S0616         0.3452105 0.3188455 0.2891849 0.1374109 0.2294709 0.1334847 0.0998292 0.1035414 0.1115683 0.1263417 0.1311874 0.1312432 0.1355209 0.1057921 0.1266789 0.0884408 0.1280685 0.1172164 0.1364308 0.1484156 0.1618193 0.1308429 0.1343291 0.1273896 0.1501028 0.1230231 0.1054863 0.1462576 0.1070709 0.1241629 0.1449139 0.1336068 0.0000000 0.1070709 0.1358293 0.1592807 0.1282716 0.1213114 0.1105506 0.1258513 0.1648556 0.1368278 0.1005469 0.1086569 0.1432624 0.1695934 0.1079511 0.1263438 0.1374504 0.0974322 0.1253523 0.1021899 0.1023679 0.1384344 0.1048408 0.1165417 0.0827533 0.1230698 0.1109491 0.1190933 0.2447483 0.0855136 0.1279833 0.1349113 0.1424604 0.1300741 0.1803491 0.1375259 0.1590838 0.1308056 0.0788493 0.0671828 0.1419470 0.1238364 0.1574878 0.1015507 0.1615247 0.1671856 0.1216446 0.0749378 0.1338164 0.1307363 0.1384988 0.1302238 0.1400129 0.1349978 0.1261363 0.1265300 0.1113478 0.1063098 0.1443172 0.0440393 0.1053792 0.1034762 0.1479649 0.0950861 0.1389112 0.1266270 0.1438706 0.1365995 0.1490027 0.1791108 0.1358325 0.1188455 0.1308506 0.1311096 0.1529095 0.1267888 0.1022197 0.1287711 0.1376003 0.1441326 0.1316287 0.1190074 0.1366287 
S0620         0.3028687 0.2604892 0.2409099 0.0941692 0.2161497 0.0908046 0.0593345 0.0693358 0.0901344 0.0914519 0.1006937 0.0983476 0.1003554 0.0917361 0.0187592 0.0560273 0.0926078 0.0086852 0.1000581 0.1308446 0.1105725 0.0927407 0.0987102 0.0997580 0.1172010 0.0882968 0.0568451 0.0946240 0.0000010 0.0890269 0.1050155 0.0944019 0.1070709 0.0000000 0.1073450 0.1162619 0.0937521 0.0797970 0.0701355 0.0871902 0.1260893 0.0975968 0.0642129 0.0000024 0.1241577 0.1460001 0.0028344 0.0888546 0.1072344 0.0567456 0.0933789 0.0535454 0.0529191 0.1199174 0.0679442 0.0711750 0.0437328 0.0843962 0.0602402 0.0821315 0.1807433 0.0601693 0.1160364 0.0846978 0.1116668 0.1081022 0.1468854 0.0943478 0.1189297 0.0956835 0.0607824 0.0843674 0.1006320 0.0795087 0.1249573 0.0602573 0.1286095 0.1158157 0.0886794 0.0504580 0.0871661 0.0886979 0.1118627 0.1011872 0.1064164 0.0990807 0.0873727 0.0837113 0.0028174 0.0665544 0.1103448 0.0984862 0.0028838 0.0000024 0.1077968 0.0610467 0.1029034 0.0977058 0.1041459 0.0936844 0.1085032 0.1295995 0.0930898 0.0760621 0.0936027 0.1053056 0.1001697 0.1023862 0.0606093 0.1007419 0.0983807 0.0982733 0.0932349 0.0824005 0.0974802 
