120
CRNC          0.0000000 0.2522133 0.3235442 0.4016793 0.3340214 0.4357828 0.4270234 0.4129371 0.4050545 0.4240880 0.4014251 0.3926080 0.4301499 0.4398468 0.3975896 0.4242292 0.4727509 0.3814778 0.4367717 0.3786622 0.4374913 0.3772008 0.3659801 0.4299020 0.4389725 0.4206810 0.4265500 0.3720606 0.3789260 0.3712311 0.3988955 0.4077400 0.3760244 0.4256188 0.4249633 0.3975711 0.3991642 0.4319193 0.4251664 0.4164261 0.3974978 0.4356935 0.4196007 0.4414822 0.3754411 0.4226740 0.3862156 0.4330090 0.4397855 0.4117651 0.4315016 0.4395429 0.3830185 0.4308774 0.3829939 0.3718788 0.4070743 0.3773730 0.4009256 0.3987570 0.4285947 0.3813521 0.3871752 0.3849382 0.4542222 0.4004295 0.3915291 0.4091749 0.4182220 0.3815355 0.3970860 0.3727670 0.4098523 0.4625640 0.4033057 0.4073977 0.3807502 0.3897762 0.3860459 0.3350709 0.3646312 0.4003666 0.4181519 0.4517042 0.4341881 0.4265412 0.3371232 0.4290510 0.3668870 0.4031458 0.3797927 0.4301109 0.4376030 0.4421145 0.3976663 0.3826430 0.4170445 0.4196388 0.4174117 0.4087606 0.4182491 0.3713970 0.4100547 0.4299323 0.4153974 0.3859948 0.4272667 0.4088080 0.3678735 0.3998214 0.4100328 0.3915040 0.3789845 0.3708823 0.3997491 0.4004859 0.4159765 0.4247832 0.4132990 0.4014878 
HYZL          0.2522133 0.0000000 0.1176381 0.2942995 0.3008604 0.2997127 0.2687440 0.2799650 0.2785153 0.2723071 0.2875423 0.2476886 0.2639090 0.3288393 0.2734218 0.2948771 0.3584748 0.2767825 0.2991453 0.2494659 0.3027863 0.3186453 0.2642519 0.2791569 0.2978189 0.2717234 0.2785519 0.2731418 0.2736615 0.2783769 0.2393832 0.2966890 0.2866528 0.2790807 0.2844076 0.2652753 0.2545445 0.2923488 0.2787070 0.2710523 0.2631344 0.2803924 0.2684386 0.2808496 0.2659836 0.2723819 0.2731153 0.2804936 0.3047579 0.2808228 0.2816931 0.3016899 0.2690383 0.2724567 0.2706325 0.2823464 0.2767275 0.2687081 0.2763491 0.2743785 0.2671791 0.2612710 0.2571769 0.2798224 0.3113877 0.2769706 0.2562236 0.3008647 0.2985538 0.3122250 0.2748703 0.2743583 0.2731716 0.3202824 0.3098339 0.2913926 0.2579800 0.2817724 0.2697090 0.2491791 0.2690361 0.2735354 0.2952501 0.3121571 0.2825389 0.2827493 0.2576758 0.2713658 0.2748411 0.2767791 0.2623922 0.2762276 0.2732707 0.2915937 0.2580379 0.2857630 0.2940087 0.2986305 0.3031710 0.2670452 0.2986973 0.2522105 0.2560763 0.2730859 0.2565720 0.2741620 0.2732365 0.2623612 0.2481322 0.2768427 0.2717753 0.2778723 0.2877476 0.2665546 0.2819472 0.2690625 0.2638575 0.2741146 0.2880795 0.2751528 
MYZV          0.3235442 0.1176381 0.0000000 0.3657017 0.2993690 0.3424889 0.3251574 0.3298272 0.3313893 0.3264703 0.3569516 0.3077598 0.3352150 0.3818162 0.3534958 0.3415663 0.3847894 0.3270713 0.3450509 0.3194112 0.3455774 0.3346193 0.3261214 0.3301076 0.3579938 0.3170300 0.3303191 0.3150095 0.3418806 0.3320402 0.3151149 0.3308937 0.3358519 0.3256345 0.3407887 0.3278688 0.3136902 0.3633578 0.3377865 0.3297134 0.3148255 0.3586611 0.3288064 0.3360029 0.3391840 0.3201112 0.3110326 0.3237399 0.3555460 0.3489008 0.3485353 0.3345441 0.3363512 0.3315605 0.3541773 0.3512232 0.3134248 0.3396890 0.3082573 0.3200749 0.3387637 0.3044460 0.3123305 0.3248139 0.3572584 0.3087754 0.2985276 0.3131631 0.3202945 0.3553306 0.3270748 0.3253966 0.3346672 0.3467670 0.3449607 0.3314188 0.2959131 0.3363290 0.3387824 0.2910167 0.3188980 0.3032304 0.3504070 0.3386514 0.3403967 0.3300511 0.3136821 0.3155908 0.3428334 0.3151017 0.3147025 0.3535995 0.3560841 0.3544249 0.2995343 0.3388307 0.3417294 0.3436127 0.3462510 0.3257050 0.3249998 0.3333525 0.3312526 0.3225306 0.3226523 0.3167656 0.3319380 0.3192012 0.3027740 0.3390251 0.3338368 0.3223979 0.3442521 0.3308474 0.3279401 0.3283785 0.3377082 0.3334952 0.3400528 0.3298348 
SRR6441723    0.4016793 0.2942995 0.3657017 0.0000000 0.1389835 0.0948223 0.2340884 0.0796575 0.0890365 0.0804588 0.0894975 0.0629069 0.0702717 0.1167235 0.1008005 0.1119891 0.1103933 0.0815251 0.1102469 0.0776694 0.0795992 0.0667634 0.0524037 0.0756406 0.0872866 0.0931577 0.0925895 0.0738481 0.0777118 0.0755217 0.0782504 0.0999389 0.0817638 0.0755501 0.0783598 0.0920724 0.0854379 0.0994871 0.0755047 0.1013662 0.0722285 0.0830042 0.0785038 0.0803167 0.0811218 0.1001371 0.1011889 0.0801737 0.1058184 0.0975117 0.0819967 0.0739849 0.0770531 0.0709841 0.0863896 0.0802781 0.0640650 0.0853876 0.0752888 0.1050659 0.0887966 0.0713646 0.0664889 0.0782439 0.0987036 0.0667266 0.0652964 0.0721259 0.0781918 0.1193492 0.0959462 0.1062001 0.0865269 0.1222796 0.0915956 0.0741369 0.0626954 0.1004174 0.0751318 0.1205661 0.0640759 0.0823599 0.0827178 0.1222389 0.1100626 0.0647551 0.1199837 0.0781429 0.1030939 0.0620674 0.0927426 0.0876253 0.0880783 0.1110965 0.0764551 0.0799859 0.0953203 0.0949666 0.1030512 0.0754160 0.1061470 0.0482238 0.0649407 0.0783250 0.0725688 0.0739310 0.0622191 0.1031274 0.0797818 0.0758342 0.0643535 0.0877418 0.0959834 0.0732942 0.0925863 0.1021279 0.0829233 0.0695346 0.0966090 0.0884878 
ERR4210213    0.3340214 0.3008604 0.2993690 0.1389835 0.0000000 0.1792884 0.1817937 0.1397620 0.1373542 0.1416136 0.1415930 0.1224887 0.1416136 0.1549224 0.1211537 0.1414908 0.1814801 0.1069362 0.0946320 0.1211537 0.0617622 0.1275635 0.1422854 0.1416136 0.1344512 0.1043641 0.1604982 0.1211537 0.1786622 0.1404673 0.1221991 0.1017519 0.1382615 0.0901715 0.1884856 0.1151605 0.1221991 0.1760759 0.1396489 0.1217063 0.1555734 0.1140336 0.1196852 0.1416136 0.1576057 0.0980512 0.1407063 0.1373542 0.1054205 0.1474405 0.1569538 0.1038573 0.1576057 0.1416136 0.1576057 0.1812326 0.1188198 0.1379014 0.1555734 0.1211537 0.1030324 0.1132667 0.1218963 0.1211537 0.0891273 0.1217063 0.1038573 0.1038573 0.1231713 0.1635163 0.1716703 0.1059993 0.1335670 0.1367161 0.1547988 0.1374533 0.1535826 0.1061136 0.1576057 0.1243316 0.1014833 0.1347295 0.1055618 0.1367161 0.1584027 0.1375430 0.1582896 0.1577298 0.1590628 0.1192409 0.1038573 0.1030324 0.1030324 0.0767003 0.1555734 0.1211537 0.1227075 0.1054205 0.0901776 0.1578418 0.1211537 0.1713412 0.1209873 0.1434611 0.1078632 0.1176742 0.1545772 0.1613196 0.0881670 0.1553023 0.1360782 0.1822812 0.1516459 0.1576057 0.1043641 0.1716703 0.1030324 0.1442005 0.1716703 0.1369408 
ERR2789774    0.4357828 0.2997127 0.3424889 0.0948223 0.1792884 0.0000000 0.2135398 0.0453393 0.0923279 0.0534445 0.0879586 0.0718740 0.0508508 0.0627015 0.0914169 0.0934104 0.1023434 0.0814234 0.0939004 0.0732615 0.0966004 0.0929434 0.0572780 0.0491324 0.0618127 0.0834383 0.0810272 0.0694497 0.0759004 0.0740319 0.0847971 0.0886556 0.0725523 0.0737228 0.0802661 0.0781136 0.0808919 0.0578176 0.0510918 0.0882839 0.0701337 0.0783386 0.0670149 0.0533568 0.0792874 0.0847722 0.0914927 0.0616164 0.0934530 0.0928336 0.0550612 0.0788344 0.0752554 0.0491911 0.0773782 0.0784613 0.0743675 0.0835610 0.0709864 0.0974956 0.0749987 0.0667985 0.0710454 0.0759327 0.0883734 0.0686089 0.0653323 0.0672892 0.0763043 0.0596478 0.0869991 0.0995920 0.0817460 0.1144453 0.0962434 0.0885971 0.0674290 0.1032299 0.0733273 0.0983267 0.0541641 0.0671536 0.0914102 0.1166546 0.0656048 0.0757299 0.1073209 0.0533873 0.0516775 0.0669113 0.0786556 0.0784351 0.0810051 0.0950851 0.0764366 0.0806849 0.0824937 0.0852152 0.0893570 0.0510358 0.0985664 0.0906022 0.0765586 0.0534390 0.0481520 0.0493596 0.0736544 0.0613756 0.0622366 0.0827714 0.0779655 0.0811888 0.0454264 0.0714813 0.0829375 0.0931807 0.0783923 0.0454165 0.0901059 0.0430883 
PAFTOL_019361 0.4270234 0.2687440 0.3251574 0.2340884 0.1817937 0.2135398 0.0000000 0.2095930 0.2450485 0.2039271 0.2451901 0.1983975 0.1732891 0.2519283 0.2569150 0.2299132 0.2355197 0.2267270 0.2375765 0.2174366 0.2209927 0.1969173 0.1857944 0.1971432 0.2092829 0.2254871 0.2190928 0.2183581 0.2130926 0.2053669 0.1979933 0.2281135 0.2077640 0.2018810 0.2098233 0.1994218 0.2225533 0.2185679 0.1938617 0.2379671 0.2118736 0.2108525 0.2025230 0.1982481 0.2149773 0.2180098 0.2078170 0.2044294 0.2316303 0.2228445 0.1995143 0.1991999 0.2033274 0.1975014 0.2044954 0.2176904 0.1966935 0.2122952 0.2054781 0.2070322 0.1980995 0.2080228 0.2035398 0.2242328 0.2281240 0.1898224 0.1942763 0.2053586 0.1999567 0.2466556 0.2181660 0.2381669 0.2146809 0.2258403 0.2256263 0.2103117 0.1855277 0.2146858 0.2038287 0.1956411 0.1859298 0.1955364 0.2290695 0.2196572 0.2194439 0.2108100 0.1914856 0.1938419 0.2248440 0.1966971 0.2336732 0.2182345 0.2150619 0.2220092 0.2080464 0.2362052 0.2053269 0.2270198 0.2286996 0.1907228 0.1951132 0.2029479 0.2145047 0.1926627 0.1900355 0.2066719 0.2041667 0.2130351 0.2026816 0.2105075 0.2119617 0.2386506 0.2235219 0.2009267 0.2290992 0.2195677 0.2074089 0.1924257 0.2200226 0.2030141 
S0055         0.4129371 0.2799650 0.3298272 0.0796575 0.1397620 0.0453393 0.2095930 0.0000000 0.0818299 0.0429138 0.0752396 0.0641142 0.0383190 0.0623913 0.0760140 0.0848799 0.0838606 0.0689656 0.0834634 0.0613899 0.0879873 0.0810823 0.0479714 0.0388002 0.0489279 0.0709213 0.0707973 0.0576686 0.0636472 0.0662524 0.0560099 0.0807829 0.0608272 0.0682115 0.0682437 0.0640413 0.0685293 0.0531887 0.0387322 0.0783998 0.0670831 0.0685212 0.0473810 0.0428451 0.0663412 0.0768677 0.0809319 0.0527659 0.0825077 0.0804993 0.0445514 0.0688672 0.0654207 0.0388452 0.0694135 0.0660367 0.0665433 0.0704122 0.0678849 0.0801588 0.0738491 0.0617320 0.0590387 0.0659821 0.0781482 0.0555189 0.0537590 0.0576070 0.0686035 0.0670234 0.0808984 0.0789984 0.0716701 0.0959497 0.0731357 0.0758447 0.0597072 0.0891633 0.0635398 0.0916961 0.0404045 0.0705569 0.0806062 0.0981005 0.0601162 0.0658200 0.1004265 0.0428693 0.0510178 0.0574586 0.0663968 0.0771703 0.0775578 0.0887409 0.0732657 0.0683614 0.0657977 0.0721955 0.0791163 0.0368106 0.0812115 0.0723625 0.0602113 0.0429113 0.0355123 0.0280264 0.0659663 0.0539983 0.0550884 0.0750876 0.0596746 0.0730389 0.0449340 0.0617295 0.0705121 0.0864603 0.0750166 0.0370995 0.0839999 0.0406360 
S0278         0.4050545 0.2785153 0.3313893 0.0890365 0.1373542 0.0923279 0.2450485 0.0818299 0.0000000 0.0945300 0.0488594 0.0901676 0.0953241 0.1131072 0.0349921 0.1274859 0.1277361 0.0310715 0.1205028 0.0367767 0.1131112 0.1049021 0.0678452 0.0894592 0.1016847 0.0368567 0.0889286 0.0351180 0.0874452 0.0897354 0.0443620 0.1198651 0.0679103 0.0844262 0.0885632 0.0995202 0.0309319 0.1144058 0.0893372 0.0493744 0.0659089 0.0729337 0.0905643 0.0943578 0.0911065 0.1102642 0.0940309 0.0830871 0.1267322 0.0954376 0.0960119 0.0897295 0.0866884 0.0895791 0.0919558 0.0901332 0.0809336 0.0954871 0.0642152 0.1018879 0.0739026 0.0646626 0.0706711 0.0288336 0.1179191 0.0778176 0.0788064 0.0816021 0.0872054 0.1019395 0.0941923 0.1067163 0.0839093 0.1345226 0.1026392 0.0814545 0.0811741 0.1113207 0.0847359 0.0933650 0.0517878 0.0913991 0.1054212 0.1368470 0.1043719 0.0942062 0.1029930 0.0944187 0.0993362 0.0728162 0.0427614 0.0772267 0.0776148 0.1293335 0.0698920 0.0269234 0.1047840 0.1074859 0.1153166 0.0892288 0.1173846 0.1009198 0.0951522 0.0945066 0.0822395 0.0805288 0.0897668 0.0999078 0.0538493 0.0919275 0.0875993 0.0329360 0.0965744 0.0828784 0.0410283 0.0976785 0.0750707 0.0878038 0.0974128 0.0890162 
S0282         0.4240880 0.2723071 0.3264703 0.0804588 0.1416136 0.0534445 0.2039271 0.0429138 0.0945300 0.0000000 0.0855122 0.0663694 0.0085986 0.0759793 0.0889123 0.0954277 0.1018840 0.0791521 0.0960205 0.0733052 0.0933316 0.0775309 0.0483738 0.0088219 0.0235563 0.0856149 0.0670015 0.0715579 0.0686751 0.0689659 0.0780984 0.0935855 0.0725738 0.0731509 0.0709621 0.0761412 0.0737923 0.0332154 0.0142156 0.0882499 0.0720362 0.0758592 0.0495821 0.0124490 0.0717230 0.0868389 0.0838215 0.0530634 0.0954715 0.0849546 0.0178297 0.0738624 0.0702543 0.0124353 0.0768247 0.0711404 0.0714788 0.0709743 0.0729112 0.0853964 0.0814319 0.0645531 0.0618017 0.0802854 0.0793058 0.0617135 0.0625999 0.0694063 0.0735755 0.0828588 0.0837560 0.0916509 0.0811493 0.1035728 0.0809055 0.0837246 0.0645995 0.0973891 0.0683512 0.1005203 0.0520842 0.0755576 0.0858894 0.1035321 0.0668533 0.0706898 0.1013626 0.0087940 0.0574310 0.0601387 0.0808082 0.0847493 0.0829340 0.0943901 0.0762703 0.0828396 0.0801701 0.0870113 0.0943338 0.0142014 0.0818881 0.0686476 0.0692767 0.0088024 0.0145635 0.0444013 0.0685372 0.0606168 0.0705092 0.0757136 0.0707147 0.0878254 0.0531880 0.0665243 0.0850998 0.0946349 0.0825385 0.0106870 0.0892898 0.0546989 
S0289         0.4014251 0.2875423 0.3569516 0.0894975 0.1415930 0.0879586 0.2451901 0.0752396 0.0488594 0.0855122 0.0000000 0.0878440 0.0756554 0.1024259 0.0473294 0.1157861 0.1175247 0.0390807 0.1120725 0.0330489 0.1056410 0.0899771 0.0634622 0.0805821 0.0924725 0.0490967 0.0963942 0.0371683 0.0779259 0.0851205 0.0331361 0.1070506 0.0617776 0.0802077 0.0885602 0.0992168 0.0427979 0.1049335 0.0804366 0.0494852 0.0636842 0.0642664 0.0837007 0.0853588 0.0789074 0.0999814 0.0996272 0.0854928 0.1187883 0.0908845 0.0870374 0.0900725 0.0772634 0.0806882 0.0842518 0.0805016 0.0830847 0.0858347 0.0623274 0.1040639 0.0651140 0.0603783 0.0688315 0.0366885 0.1081128 0.0757071 0.0721913 0.0843745 0.0875370 0.1084634 0.0838760 0.0993435 0.0893827 0.1242712 0.1055777 0.0813170 0.0719192 0.1031030 0.0753365 0.1149157 0.0429416 0.0823786 0.0928303 0.1265561 0.0925692 0.0850845 0.1181909 0.0854129 0.0920266 0.0641426 0.0449379 0.0684737 0.0688138 0.1180469 0.0698950 0.0387590 0.0999462 0.1025093 0.1026058 0.0803405 0.1075994 0.0878103 0.0881350 0.0854936 0.0731716 0.0737255 0.0851475 0.0882009 0.0559204 0.0952161 0.0874491 0.0390444 0.0850651 0.0734936 0.0492159 0.0873547 0.0663612 0.0789051 0.0871226 0.0822795 
S0292         0.3926080 0.2476886 0.3077598 0.0629069 0.1224887 0.0718740 0.1983975 0.0641142 0.0901676 0.0663694 0.0878440 0.0000000 0.0544030 0.0886134 0.0912520 0.0922098 0.0964472 0.0768649 0.0956421 0.0688802 0.0603017 0.0602780 0.0441844 0.0643739 0.0733740 0.0788685 0.0788565 0.0672697 0.0561549 0.0580254 0.0726067 0.0879485 0.0618605 0.0562321 0.0695039 0.0754297 0.0692209 0.0850947 0.0621437 0.0860080 0.0657220 0.0693863 0.0688766 0.0667171 0.0590928 0.0860926 0.0869587 0.0688484 0.0893687 0.0770383 0.0705540 0.0631021 0.0556924 0.0644548 0.0633858 0.0585041 0.0519619 0.0631873 0.0686566 0.0864706 0.0676239 0.0622216 0.0532868 0.0693795 0.0871423 0.0478874 0.0519931 0.0513502 0.0542057 0.0941034 0.0678213 0.0872728 0.0677743 0.0947325 0.0873228 0.0726301 0.0515062 0.0914950 0.0538070 0.0932076 0.0476188 0.0648225 0.0611225 0.0946922 0.0905141 0.0312403 0.0911336 0.0689015 0.0793640 0.0539301 0.0736717 0.0738084 0.0741821 0.0937044 0.0740913 0.0761730 0.0791327 0.0760102 0.0886552 0.0641856 0.0803178 0.0616777 0.0293577 0.0689672 0.0589354 0.0486861 0.0393845 0.0838706 0.0530239 0.0389515 0.0290973 0.0740036 0.0732316 0.0519822 0.0740383 0.0715767 0.0716441 0.0561749 0.0688483 0.0662866 
S0293         0.4301499 0.2639090 0.3352150 0.0702717 0.1416136 0.0508508 0.1732891 0.0383190 0.0953241 0.0085986 0.0756554 0.0544030 0.0000000 0.0722463 0.0818103 0.0813752 0.0954982 0.0791485 0.0791788 0.0642685 0.0806344 0.0739725 0.0443170 0.0042291 0.0196251 0.0786758 0.0669915 0.0648093 0.0691123 0.0646912 0.0749015 0.0813544 0.0689720 0.0672326 0.0589904 0.0533370 0.0697831 0.0289196 0.0084989 0.0813934 0.0683227 0.0644812 0.0385831 0.0063948 0.0593811 0.0679912 0.0766422 0.0427281 0.0814173 0.0782093 0.0150216 0.0754832 0.0689207 0.0085301 0.0766729 0.0718892 0.0703884 0.0614306 0.0774503 0.0866481 0.0707543 0.0671654 0.0580996 0.0780067 0.0663269 0.0559768 0.0595903 0.0644953 0.0728565 0.0773939 0.0811788 0.0802568 0.0748416 0.0972253 0.0720761 0.0825752 0.0613689 0.0831109 0.0666017 0.0784424 0.0458201 0.0724587 0.0676988 0.0974895 0.0611964 0.0591441 0.0756266 0.0063743 0.0610673 0.0511022 0.0783629 0.0750018 0.0726217 0.0746148 0.0757840 0.0810942 0.0642787 0.0736166 0.0819377 0.0106735 0.0793377 0.0564591 0.0597177 0.0042455 0.0109700 0.0420899 0.0560649 0.0537767 0.0715307 0.0595185 0.0591667 0.0787986 0.0558301 0.0638964 0.0752109 0.0885634 0.0723764 0.0042637 0.0772293 0.0502072 
S0294         0.4398468 0.3288393 0.3818162 0.1167235 0.1549224 0.0627015 0.2519283 0.0623913 0.1131072 0.0759793 0.1024259 0.0886134 0.0722463 0.0000000 0.0992711 0.1013352 0.1159052 0.0989803 0.0965339 0.0900525 0.1142925 0.1051694 0.0775901 0.0712343 0.0873073 0.1010529 0.1006884 0.0836724 0.0814445 0.0973092 0.0984658 0.0993471 0.0870798 0.0924863 0.0996959 0.0914892 0.0935270 0.0949309 0.0755207 0.1097220 0.0886462 0.0951494 0.0902970 0.0715851 0.0820595 0.0905102 0.1121415 0.0868997 0.1013835 0.0874916 0.0820150 0.1057997 0.0852703 0.0757546 0.0929923 0.0840569 0.0914560 0.0840609 0.0897614 0.1057305 0.0941016 0.0828947 0.0857802 0.0929789 0.0984975 0.0927458 0.0858050 0.0928770 0.1029726 0.0475481 0.0902989 0.1124302 0.0900088 0.1180511 0.0998305 0.1022865 0.0888842 0.1142154 0.0833029 0.1091008 0.0689992 0.0827185 0.1061457 0.1230968 0.0982417 0.0950284 0.1145061 0.0758930 0.0712690 0.0826322 0.0913522 0.0974874 0.1002692 0.1056362 0.0952582 0.0980496 0.0833390 0.0929349 0.0976995 0.0754319 0.1093580 0.1057137 0.0961094 0.0759653 0.0681325 0.0695934 0.0952672 0.0914456 0.0694187 0.1079973 0.0903639 0.0986751 0.0669301 0.0814298 0.0951577 0.0989089 0.0951876 0.0717879 0.0955611 0.0622153 
S0299         0.3975896 0.2734218 0.3534958 0.1008005 0.1211537 0.0914169 0.2569150 0.0760140 0.0349921 0.0889123 0.0473294 0.0912520 0.0818103 0.0992711 0.0000000 0.1235382 0.1208344 0.0294933 0.1165879 0.0313432 0.1145131 0.0781309 0.0708447 0.0838660 0.0960205 0.0451633 0.0969020 0.0354609 0.0839767 0.0902168 0.0280229 0.1130208 0.0643977 0.0854196 0.0940702 0.0956332 0.0331784 0.1087662 0.0837128 0.0479043 0.0687164 0.0714098 0.0870805 0.0887497 0.0874153 0.1041825 0.0997142 0.0933050 0.1202775 0.0921469 0.0904406 0.0908028 0.0855383 0.0839786 0.0907958 0.0866617 0.0863899 0.0918137 0.0649389 0.1051821 0.0723666 0.0653964 0.0715521 0.0272585 0.1116837 0.0811248 0.0797361 0.0826268 0.0880772 0.0979418 0.0930823 0.1052162 0.0949155 0.1379214 0.1094563 0.0869538 0.0770107 0.1124760 0.0835636 0.1063002 0.0524048 0.0924889 0.1006678 0.1402705 0.1007496 0.0953400 0.1165250 0.0888070 0.0980979 0.0736497 0.0332176 0.0757265 0.0761098 0.1225039 0.0706800 0.0331661 0.0984722 0.1031013 0.1059741 0.0836108 0.1205439 0.0856595 0.0963099 0.0888916 0.0785869 0.0790247 0.0908409 0.0939069 0.0543369 0.0958658 0.0886455 0.0432182 0.0908206 0.0816838 0.0432812 0.0939845 0.0735586 0.0821750 0.1011900 0.0809882 
S0303         0.4242292 0.2948771 0.3415663 0.1119891 0.1414908 0.0934104 0.2299132 0.0848799 0.1274859 0.0954277 0.1157861 0.0922098 0.0813752 0.1013352 0.1235382 0.0000000 0.0800199 0.1124222 0.0163096 0.1055882 0.0931423 0.0987692 0.0809953 0.0903031 0.1002426 0.1145974 0.1145066 0.0989794 0.0787114 0.0992523 0.0957882 0.0126610 0.0896336 0.0864952 0.0985234 0.0366326 0.1144653 0.1081915 0.0901401 0.1257540 0.1040399 0.0967250 0.0907178 0.0929314 0.0816535 0.0165561 0.1185131 0.0897925 0.0125042 0.0955643 0.0923706 0.0793704 0.0806353 0.0904260 0.0854022 0.0813192 0.0796705 0.0818461 0.1026932 0.0735844 0.0956769 0.0905597 0.0793664 0.1087654 0.0353585 0.0747586 0.0792479 0.0734427 0.0748170 0.1116905 0.0932160 0.1162071 0.0840866 0.0816699 0.0699419 0.0922928 0.0723411 0.1131965 0.0786773 0.1342300 0.0775034 0.0789589 0.0929313 0.0790940 0.0980367 0.0909888 0.1254328 0.0953143 0.1003774 0.0772113 0.1092435 0.1013994 0.1019421 0.0145266 0.1062737 0.1141435 0.0357286 0.0146101 0.0146203 0.0900297 0.0724515 0.0996392 0.0973072 0.0954033 0.0826578 0.0809188 0.0988185 0.0912631 0.0924624 0.1118178 0.0939772 0.1149992 0.0925676 0.0742296 0.1138576 0.1041572 0.0919657 0.0861095 0.1035864 0.0903087 
S0308         0.4727509 0.3584748 0.3847894 0.1103933 0.1814801 0.1023434 0.2355197 0.0838606 0.1277361 0.1018840 0.1175247 0.0964472 0.0954982 0.1159052 0.1208344 0.0800199 0.0000000 0.1132387 0.0829121 0.1094101 0.1081985 0.1162501 0.0800747 0.0966807 0.1035315 0.1153302 0.1160401 0.1024791 0.0854245 0.0971624 0.0975150 0.0728594 0.0980637 0.0926660 0.0895298 0.0656929 0.1124668 0.1046290 0.0965064 0.1270235 0.1132063 0.1068186 0.1026671 0.0971762 0.0909994 0.0740581 0.1140890 0.1017612 0.0772329 0.1275228 0.1007898 0.0956969 0.0873537 0.0968124 0.0948594 0.0880981 0.0836923 0.0908050 0.1091909 0.0843491 0.1167020 0.1043352 0.0862777 0.1015422 0.0732171 0.0809501 0.0911651 0.0774533 0.0862448 0.1188777 0.1086014 0.1167932 0.1107114 0.0931057 0.0841530 0.1069543 0.0796008 0.1061454 0.0853876 0.1298606 0.0783619 0.1023397 0.1098967 0.0930653 0.1075094 0.0956761 0.1212400 0.1017624 0.0986088 0.0885322 0.1066005 0.1223704 0.1230347 0.0786370 0.1154633 0.1020465 0.0651872 0.0688154 0.0731903 0.0917101 0.0828723 0.1069113 0.1038667 0.1018564 0.0914207 0.0776956 0.1030727 0.1006130 0.1017167 0.1161739 0.1028558 0.1105415 0.0891425 0.0835176 0.1172849 0.1147417 0.1125826 0.0927234 0.1115921 0.0918419 
S0320         0.3814778 0.2767825 0.3270713 0.0815251 0.1069362 0.0814234 0.2267270 0.0689656 0.0310715 0.0791521 0.0390807 0.0768649 0.0791485 0.0989803 0.0294933 0.1124222 0.1132387 0.0000000 0.1056368 0.0235305 0.0919506 0.0756536 0.0572732 0.0741640 0.0860369 0.0352141 0.0891584 0.0237135 0.0766447 0.0809030 0.0255244 0.1026144 0.0557158 0.0761642 0.0842653 0.0923916 0.0216243 0.0983407 0.0741654 0.0376004 0.0453889 0.0557283 0.0771981 0.0790111 0.0800809 0.0983221 0.0854713 0.0834387 0.1093207 0.0939687 0.0807134 0.0744764 0.0759867 0.0743974 0.0824108 0.0792375 0.0698394 0.0844017 0.0456452 0.0951148 0.0610189 0.0440931 0.0624512 0.0123856 0.1013731 0.0672885 0.0634764 0.0745264 0.0719344 0.1028214 0.0877415 0.0921235 0.0821175 0.1246235 0.0904435 0.0702849 0.0653507 0.0988740 0.0740396 0.0992762 0.0407352 0.0757759 0.0889902 0.1269160 0.0903910 0.0808677 0.1091361 0.0790607 0.0904071 0.0602398 0.0236187 0.0598447 0.0601374 0.1113086 0.0513808 0.0253676 0.0908418 0.0927934 0.0981694 0.0740775 0.1056162 0.0818245 0.0816662 0.0791365 0.0690118 0.0672453 0.0765250 0.0837497 0.0437931 0.0835960 0.0744034 0.0311690 0.0831609 0.0721764 0.0352976 0.0912681 0.0577783 0.0724666 0.0910203 0.0735495 
S0322         0.4367717 0.2991453 0.3450509 0.1102469 0.0946320 0.0939004 0.2375765 0.0834634 0.1205028 0.0960205 0.1120725 0.0956421 0.0791788 0.0965339 0.1165879 0.0163096 0.0829121 0.1056368 0.0000000 0.0989768 0.0913977 0.0924468 0.0839717 0.0908575 0.1031099 0.1078065 0.1154510 0.0923974 0.0796501 0.1048091 0.0898741 0.0108987 0.0882432 0.0869373 0.1016364 0.0391335 0.1076820 0.1112229 0.0908102 0.1158184 0.0997868 0.0946810 0.0918041 0.0935054 0.0849701 0.0128511 0.1087365 0.0884117 0.0181388 0.0841378 0.0929371 0.0843954 0.0815955 0.0909809 0.0840458 0.0799899 0.0845658 0.0850140 0.0984102 0.0696319 0.0936103 0.0913776 0.0752192 0.1020788 0.0355222 0.0750215 0.0801866 0.0766253 0.0800669 0.1043636 0.0917374 0.1143312 0.0801068 0.0776152 0.0633986 0.0905123 0.0754476 0.1083834 0.0796153 0.1194939 0.0708522 0.0815397 0.0911491 0.0775770 0.1038418 0.0943570 0.1143760 0.0959056 0.1015105 0.0754399 0.1052268 0.0993508 0.0998829 0.0146306 0.1020153 0.1073818 0.0380858 0.0147437 0.0109467 0.0883629 0.0684499 0.0975998 0.1031564 0.0959959 0.0855826 0.0816003 0.1023565 0.0969290 0.0882705 0.1156286 0.0997363 0.1105595 0.0982052 0.0751102 0.1021625 0.0980068 0.0899299 0.0891834 0.1021865 0.0959016 
S0327         0.3786622 0.2494659 0.3194112 0.0776694 0.1211537 0.0732615 0.2174366 0.0613899 0.0367767 0.0733052 0.0330489 0.0688802 0.0642685 0.0900525 0.0313432 0.1055882 0.1094101 0.0235305 0.0989768 0.0000000 0.0904857 0.0670356 0.0478136 0.0685072 0.0799674 0.0369516 0.0855254 0.0177958 0.0686897 0.0728136 0.0225584 0.0960795 0.0486664 0.0682662 0.0759491 0.0859870 0.0271948 0.0918410 0.0685076 0.0414337 0.0446307 0.0552188 0.0691704 0.0731784 0.0696996 0.0871504 0.0840464 0.0752265 0.1026154 0.0806900 0.0748640 0.0731940 0.0681162 0.0687172 0.0744118 0.0711572 0.0644340 0.0738652 0.0491283 0.0864575 0.0558348 0.0412789 0.0528269 0.0214539 0.0949965 0.0597270 0.0582389 0.0666385 0.0707060 0.0932844 0.0792006 0.0887640 0.0736728 0.1146289 0.0841314 0.0648370 0.0599206 0.0953219 0.0662152 0.0898089 0.0338955 0.0702470 0.0806265 0.1168418 0.0946850 0.0685372 0.0930200 0.0732228 0.0840559 0.0529959 0.0310653 0.0592953 0.0595828 0.1044399 0.0505139 0.0270975 0.0823124 0.0890548 0.0920460 0.0684287 0.1010440 0.0754073 0.0734772 0.0732921 0.0631333 0.0573033 0.0685827 0.0880096 0.0371090 0.0733002 0.0665299 0.0329008 0.0749843 0.0643879 0.0329349 0.0826880 0.0572489 0.0668284 0.0824694 0.0680295 
S0335         0.4374913 0.3027863 0.3455774 0.0795992 0.0617622 0.0966004 0.2209927 0.0879873 0.1131112 0.0933316 0.1056410 0.0603017 0.0806344 0.1142925 0.1145131 0.0931423 0.1081985 0.0919506 0.0913977 0.0904857 0.0000000 0.0623961 0.0673554 0.0883443 0.0980141 0.1012889 0.1035147 0.0866679 0.0818631 0.0865952 0.0875872 0.0840487 0.0811494 0.0639081 0.1010182 0.0864907 0.0986002 0.1033991 0.0859512 0.1043320 0.0894316 0.0864550 0.0912467 0.0909006 0.0853527 0.0819343 0.1005085 0.0885590 0.0903295 0.0970817 0.0948000 0.0641978 0.0811682 0.0884609 0.0835835 0.0844614 0.0592457 0.0851724 0.0902886 0.1042045 0.0831652 0.0860367 0.0656358 0.0911680 0.0900106 0.0616758 0.0623412 0.0619616 0.0639772 0.1101125 0.0956948 0.1054779 0.0904969 0.1164388 0.0929019 0.0779452 0.0616708 0.1025766 0.0792477 0.1249286 0.0606456 0.0725966 0.0648131 0.1163981 0.0988300 0.0637476 0.1257325 0.0932233 0.0936667 0.0679944 0.0962839 0.0864553 0.0868961 0.0920827 0.0937910 0.0959865 0.0898541 0.0749916 0.0823734 0.0880817 0.1006868 0.0725998 0.0688798 0.0933091 0.0807577 0.0796418 0.0705625 0.0898473 0.0762908 0.0798252 0.0682569 0.1035470 0.0910357 0.0774149 0.1006671 0.1018585 0.0797447 0.0867077 0.0963594 0.0816010 
S0345         0.3772008 0.3186453 0.3346193 0.0667634 0.1275635 0.0929434 0.1969173 0.0810823 0.1049021 0.0775309 0.0899771 0.0602780 0.0739725 0.1051694 0.0781309 0.0987692 0.1162501 0.0756536 0.0924468 0.0670356 0.0623961 0.0000000 0.0612059 0.0704552 0.0815303 0.0813936 0.1062038 0.0672283 0.0852989 0.0867391 0.0781285 0.0898674 0.0770487 0.0633331 0.0975831 0.0565490 0.0857439 0.1018703 0.0698823 0.0987186 0.0732244 0.0814654 0.0738728 0.0736644 0.0741132 0.0729511 0.0994954 0.0881404 0.0901609 0.0793929 0.0841956 0.0701789 0.0776554 0.0774033 0.0812377 0.0892437 0.0667685 0.0697487 0.0846835 0.1031132 0.0719489 0.0671782 0.0541464 0.0784115 0.0841938 0.0668460 0.0605858 0.0669755 0.0674995 0.1229373 0.0790927 0.1117521 0.0919468 0.1085126 0.0908006 0.0644679 0.0445380 0.1098410 0.0776554 0.1144594 0.0721008 0.0699229 0.0525480 0.1046938 0.1052777 0.0598707 0.1196450 0.0704569 0.0973862 0.0590582 0.0896372 0.0843266 0.0843619 0.0857636 0.0658992 0.0824788 0.0713528 0.0762745 0.0911581 0.0770952 0.0966133 0.0508344 0.0666879 0.0706631 0.0643314 0.0788937 0.0589669 0.0939399 0.0658667 0.0709643 0.0702095 0.0984957 0.0928123 0.0779832 0.0849565 0.0854387 0.0768263 0.0677024 0.0738813 0.0768773 
S0376         0.3659801 0.2642519 0.3261214 0.0524037 0.1422854 0.0572780 0.1857944 0.0479714 0.0678452 0.0483738 0.0634622 0.0441844 0.0443170 0.0775901 0.0708447 0.0809953 0.0800747 0.0572732 0.0839717 0.0478136 0.0673554 0.0612059 0.0000000 0.0440549 0.0546628 0.0573699 0.0530520 0.0462328 0.0417390 0.0180778 0.0633508 0.0761969 0.0542730 0.0544569 0.0613988 0.0664335 0.0547980 0.0593973 0.0439753 0.0735830 0.0493519 0.0549026 0.0505057 0.0482944 0.0443728 0.0748718 0.0697282 0.0478014 0.0807532 0.0637555 0.0500413 0.0543371 0.0374146 0.0440325 0.0458923 0.0439442 0.0465089 0.0483514 0.0499344 0.0759496 0.0531499 0.0438026 0.0408609 0.0502592 0.0809584 0.0439662 0.0466038 0.0451418 0.0525690 0.0680110 0.0534134 0.0675124 0.0568260 0.0914842 0.0706532 0.0532187 0.0395007 0.0734751 0.0395434 0.0746487 0.0349545 0.0567215 0.0597676 0.0914436 0.0685682 0.0481400 0.0719119 0.0483215 0.0607812 0.0396838 0.0587546 0.0611378 0.0614438 0.0822661 0.0553823 0.0526119 0.0706988 0.0672356 0.0767960 0.0439268 0.0766982 0.0531851 0.0442129 0.0461943 0.0385007 0.0392702 0.0460405 0.0621614 0.0480302 0.0502607 0.0459566 0.0571215 0.0587537 0.0376652 0.0590905 0.0593175 0.0590235 0.0402813 0.0546312 0.0520844 
S0400         0.4299020 0.2791569 0.3301076 0.0756406 0.1416136 0.0491324 0.1971432 0.0388002 0.0894592 0.0088219 0.0805821 0.0643739 0.0042291 0.0712343 0.0838660 0.0903031 0.0966807 0.0741640 0.0908575 0.0685072 0.0883443 0.0704552 0.0440549 0.0000000 0.0177911 0.0806766 0.0619898 0.0668838 0.0640945 0.0643616 0.0749395 0.0884672 0.0679542 0.0684876 0.0663348 0.0711292 0.0734988 0.0271687 0.0087265 0.0832478 0.0674554 0.0711237 0.0430278 0.0069869 0.0670400 0.0813027 0.0790085 0.0464834 0.0903441 0.0824853 0.0122580 0.0691485 0.0656828 0.0069793 0.0718957 0.0665037 0.0668142 0.0711553 0.0682665 0.0826462 0.0764077 0.0600270 0.0572164 0.0754766 0.0745688 0.0572786 0.0580927 0.0643681 0.0687587 0.0773233 0.0788333 0.0866579 0.0761626 0.1005330 0.0778482 0.0788004 0.0599272 0.0922523 0.0637951 0.0944148 0.0471853 0.0708434 0.0807892 0.1004927 0.0597614 0.0660851 0.0951952 0.0069904 0.0552355 0.0556929 0.0759627 0.0798742 0.0780649 0.0890540 0.0716296 0.0779729 0.0752366 0.0818272 0.0891655 0.0087180 0.0791527 0.0662161 0.0646485 0.0069976 0.0089359 0.0424410 0.0614443 0.0536832 0.0659176 0.0709883 0.0661073 0.0827044 0.0510307 0.0619785 0.0801976 0.0895650 0.0776963 0.0052401 0.0843423 0.0504278 
S0405         0.4389725 0.2978189 0.3579938 0.0872866 0.1344512 0.0618127 0.2092829 0.0489279 0.1016847 0.0235563 0.0924725 0.0733740 0.0196251 0.0873073 0.0960205 0.1002426 0.1035315 0.0860369 0.1031099 0.0799674 0.0980141 0.0815303 0.0546628 0.0177911 0.0000000 0.0925864 0.0707626 0.0782292 0.0709472 0.0733675 0.0880546 0.0958439 0.0725604 0.0797969 0.0775685 0.0830828 0.0850888 0.0368206 0.0123612 0.0930942 0.0741876 0.0732366 0.0533614 0.0215193 0.0740448 0.0933618 0.0884887 0.0568419 0.1002897 0.0831070 0.0213584 0.0805791 0.0725214 0.0178105 0.0792695 0.0734395 0.0781362 0.0782391 0.0795313 0.0921322 0.0838516 0.0710487 0.0684001 0.0871012 0.0860228 0.0660598 0.0690793 0.0764419 0.0802609 0.0907098 0.0861954 0.0986657 0.0857387 0.1130276 0.0806499 0.0906862 0.0713094 0.0948685 0.0706113 0.1007135 0.0537000 0.0822635 0.0928763 0.1129869 0.0707384 0.0727690 0.1015599 0.0215309 0.0633272 0.0665430 0.0876741 0.0871646 0.0853466 0.0986132 0.0828649 0.0897240 0.0869685 0.0941074 0.0991952 0.0159473 0.0886384 0.0781414 0.0715665 0.0215530 0.0163654 0.0508884 0.0702563 0.0644853 0.0748869 0.0802035 0.0729383 0.0948266 0.0590305 0.0687802 0.0920223 0.0971470 0.0849378 0.0160732 0.0871193 0.0608771 
S0407sl       0.4206810 0.2717234 0.3170300 0.0931577 0.1043641 0.0834383 0.2254871 0.0709213 0.0368567 0.0856149 0.0490967 0.0788685 0.0786758 0.1010529 0.0451633 0.1145974 0.1153302 0.0352141 0.1078065 0.0369516 0.1012889 0.0813936 0.0573699 0.0806766 0.0925864 0.0000000 0.0917240 0.0352862 0.0786423 0.0788697 0.0361232 0.1047651 0.0576275 0.0708343 0.0862978 0.0946526 0.0350541 0.1050692 0.0805307 0.0517130 0.0641156 0.0668079 0.0769416 0.0854610 0.0821132 0.0980399 0.0828544 0.0808131 0.1114773 0.0934458 0.0871416 0.0736207 0.0779673 0.0807830 0.0850708 0.0812477 0.0695153 0.0864367 0.0644602 0.1017505 0.0676957 0.0584538 0.0620045 0.0328863 0.1059794 0.0646590 0.0586045 0.0694992 0.0734442 0.0996344 0.0875764 0.0899227 0.0818345 0.1234672 0.1062993 0.0746637 0.0647592 0.1018630 0.0760228 0.0965579 0.0430465 0.0754232 0.0959607 0.1257357 0.0950083 0.0828676 0.1030985 0.0805515 0.0901048 0.0621713 0.0388335 0.0710641 0.0714203 0.1137303 0.0702893 0.0310659 0.0883552 0.0976924 0.1003175 0.0804344 0.1124317 0.0838553 0.0836861 0.0855961 0.0727961 0.0692684 0.0785203 0.0883083 0.0497252 0.0810226 0.0763966 0.0409318 0.0851666 0.0719395 0.0179467 0.0910973 0.0689269 0.0789975 0.0908503 0.0778707 
S0412sl       0.4265500 0.2785519 0.3303191 0.0925895 0.1604982 0.0810272 0.2190928 0.0707973 0.0889286 0.0670015 0.0963942 0.0788565 0.0669915 0.1006884 0.0969020 0.1145066 0.1160401 0.0891584 0.1154510 0.0855254 0.1035147 0.1062038 0.0530520 0.0619898 0.0707626 0.0917240 0.0000000 0.0816392 0.0697225 0.0740203 0.0897176 0.1099356 0.0828101 0.0825470 0.0699408 0.0847285 0.0770047 0.0726000 0.0618787 0.0994828 0.0797664 0.0789939 0.0624986 0.0664288 0.0729904 0.1027602 0.0924467 0.0494244 0.1087179 0.0933711 0.0681220 0.0849433 0.0691315 0.0620663 0.0711349 0.0722350 0.0739698 0.0772393 0.0807605 0.0861445 0.0870628 0.0718762 0.0782961 0.0857002 0.1058366 0.0735569 0.0815567 0.0725043 0.0830609 0.0913946 0.0731348 0.0926721 0.0797564 0.0992025 0.0867171 0.0887048 0.0790495 0.1015814 0.0672027 0.0968905 0.0547559 0.0873566 0.1013222 0.0991619 0.0805177 0.0742124 0.1030941 0.0664685 0.0827352 0.0760860 0.0935328 0.0903916 0.0908628 0.1114718 0.0817531 0.0886776 0.1029070 0.1004975 0.1132414 0.0618088 0.0869999 0.0816796 0.0836707 0.0621781 0.0461188 0.0648676 0.0684060 0.0762730 0.0717877 0.0838666 0.0828865 0.0893948 0.0779385 0.0653502 0.0911575 0.0789933 0.0881279 0.0582016 0.0810512 0.0666432 
S0417         0.3720606 0.2731418 0.3150095 0.0738481 0.1211537 0.0694497 0.2183581 0.0576686 0.0351180 0.0715579 0.0371683 0.0672697 0.0648093 0.0836724 0.0354609 0.0989794 0.1024791 0.0237135 0.0923974 0.0177958 0.0866679 0.0672283 0.0462328 0.0668838 0.0782292 0.0352862 0.0816392 0.0000000 0.0649024 0.0690278 0.0227251 0.0895597 0.0450073 0.0645004 0.0676774 0.0821497 0.0273608 0.0901147 0.0667635 0.0418117 0.0427177 0.0536848 0.0653564 0.0714337 0.0680437 0.0855382 0.0753949 0.0714213 0.0960672 0.0789391 0.0731329 0.0693876 0.0643591 0.0669687 0.0704390 0.0673504 0.0628111 0.0696995 0.0454353 0.0845948 0.0543856 0.0372351 0.0510700 0.0215827 0.0886930 0.0559859 0.0565912 0.0627327 0.0670419 0.0888592 0.0706516 0.0800029 0.0668859 0.1030736 0.0798242 0.0562669 0.0560423 0.0839592 0.0624504 0.0765814 0.0299629 0.0642056 0.0813343 0.1052552 0.0907843 0.0689957 0.0855868 0.0714772 0.0802360 0.0493058 0.0293653 0.0577841 0.0580667 0.0979642 0.0508356 0.0254184 0.0762127 0.0827590 0.0878852 0.0666866 0.0946010 0.0710547 0.0696571 0.0715458 0.0591961 0.0556185 0.0647993 0.0841108 0.0354263 0.0715525 0.0669744 0.0293923 0.0711923 0.0606121 0.0312646 0.0765777 0.0557263 0.0651894 0.0786251 0.0642754 
S0419         0.3789260 0.2736615 0.3418806 0.0777118 0.1786622 0.0759004 0.2130926 0.0636472 0.0874452 0.0686751 0.0779259 0.0561549 0.0691123 0.0814445 0.0839767 0.0787114 0.0854245 0.0766447 0.0796501 0.0686897 0.0818631 0.0852989 0.0417390 0.0640945 0.0709472 0.0786423 0.0697225 0.0649024 0.0000000 0.0618061 0.0875187 0.0745921 0.0534298 0.0643629 0.0737430 0.0655278 0.0761482 0.0824663 0.0598351 0.0839840 0.0632712 0.0649139 0.0714666 0.0664254 0.0199302 0.0737452 0.0751582 0.0663817 0.0812944 0.0669334 0.0702444 0.0688901 0.0070096 0.0641738 0.0130172 0.0070099 0.0605593 0.0237056 0.0660895 0.0793006 0.0701995 0.0597483 0.0526825 0.0734743 0.0818421 0.0536798 0.0585342 0.0556968 0.0624795 0.0774344 0.0360480 0.0730392 0.0537255 0.0827999 0.0723122 0.0723909 0.0558245 0.0723006 0.0052592 0.0869968 0.0410812 0.0687788 0.0723008 0.0827613 0.0802429 0.0578838 0.0849234 0.0685989 0.0753912 0.0516236 0.0645852 0.0735679 0.0739384 0.0802728 0.0694349 0.0736141 0.0663138 0.0731111 0.0800587 0.0639072 0.0779813 0.0727929 0.0564170 0.0665790 0.0546851 0.0575059 0.0580097 0.0738146 0.0576525 0.0648685 0.0579017 0.0719559 0.0686779 0.0034985 0.0781760 0.0417216 0.0693023 0.0603037 0.0414375 0.0576416 
S0427         0.3712311 0.2783769 0.3320402 0.0755217 0.1404673 0.0740319 0.2053669 0.0662524 0.0897354 0.0689659 0.0851205 0.0580254 0.0646912 0.0973092 0.0902168 0.0992523 0.0971624 0.0809030 0.1048091 0.0728136 0.0865952 0.0867391 0.0180778 0.0643616 0.0733675 0.0788697 0.0740203 0.0690278 0.0618061 0.0000000 0.0880830 0.0942238 0.0771032 0.0709751 0.0826586 0.0843495 0.0760115 0.0828300 0.0642466 0.0982640 0.0674446 0.0781176 0.0712215 0.0688477 0.0648339 0.0953644 0.0871307 0.0661283 0.0989463 0.0830824 0.0705417 0.0687608 0.0571272 0.0644424 0.0670821 0.0641864 0.0628715 0.0689294 0.0682548 0.0931587 0.0739744 0.0571731 0.0634836 0.0689526 0.1006846 0.0579756 0.0650853 0.0599663 0.0690781 0.0842109 0.0745464 0.0848328 0.0723557 0.1048887 0.0914921 0.0742803 0.0539379 0.0914501 0.0594233 0.0957792 0.0567309 0.0690828 0.0814408 0.1048476 0.0880895 0.0644088 0.0991897 0.0688891 0.0793865 0.0643205 0.0822126 0.0846011 0.0850333 0.1031708 0.0736597 0.0713864 0.0854184 0.0871763 0.0949825 0.0641734 0.0895999 0.0753946 0.0622155 0.0666330 0.0589231 0.0578185 0.0644505 0.0814850 0.0684618 0.0752843 0.0597643 0.0806719 0.0753657 0.0555312 0.0687076 0.0805360 0.0823944 0.0605534 0.0754883 0.0747696 
S0428sl       0.3988955 0.2393832 0.3151149 0.0782504 0.1221991 0.0847971 0.1979933 0.0560099 0.0443620 0.0780984 0.0331361 0.0726067 0.0749015 0.0984658 0.0280229 0.0957882 0.0975150 0.0255244 0.0898741 0.0225584 0.0875872 0.0781285 0.0633508 0.0749395 0.0880546 0.0361232 0.0897176 0.0227251 0.0875187 0.0880830 0.0000000 0.0913120 0.0555252 0.0748496 0.0716809 0.0727611 0.0174809 0.0979229 0.0714401 0.0335953 0.0527327 0.0648166 0.0657769 0.0783169 0.0790938 0.0804709 0.0973119 0.0841616 0.0916750 0.0990709 0.0838124 0.0845543 0.0872294 0.0748864 0.0946130 0.0877573 0.0779425 0.0814029 0.0591470 0.0928786 0.0653755 0.0539217 0.0603485 0.0249850 0.0891273 0.0683489 0.0722674 0.0764250 0.0818853 0.0983565 0.1007150 0.0903399 0.0785380 0.1127655 0.0824446 0.0786152 0.0766937 0.0978886 0.0845057 0.0896386 0.0376133 0.0866084 0.0780194 0.1162989 0.0978945 0.0747031 0.0994923 0.0746322 0.0911467 0.0532242 0.0332849 0.0677677 0.0680540 0.0938352 0.0582146 0.0329521 0.0784595 0.0829687 0.0855253 0.0746295 0.1001221 0.0655926 0.0789801 0.0750921 0.0644616 0.0698213 0.0788454 0.0885586 0.0390231 0.0820240 0.0693080 0.0387355 0.0906801 0.0811965 0.0333679 0.0969346 0.0648467 0.0694940 0.0941541 0.0647829 
S0430         0.4077400 0.2966890 0.3308937 0.0999389 0.1017519 0.0886556 0.2281135 0.0807829 0.1198651 0.0935855 0.1070506 0.0879485 0.0813544 0.0993471 0.1130208 0.0126610 0.0728594 0.1026144 0.0108987 0.0960795 0.0840487 0.0898674 0.0761969 0.0884672 0.0958439 0.1047651 0.1099356 0.0895597 0.0745921 0.0942238 0.0913120 0.0000000 0.0809286 0.0796636 0.0962866 0.0348608 0.1018423 0.1063357 0.0883059 0.1156047 0.0923722 0.0847536 0.0865266 0.0910904 0.0797437 0.0110465 0.1110183 0.0879644 0.0126063 0.0844225 0.0858817 0.0749344 0.0765198 0.0885870 0.0808520 0.0771689 0.0773586 0.0752629 0.0858641 0.0669820 0.0861023 0.0817728 0.0723904 0.0991259 0.0334029 0.0704001 0.0708238 0.0707188 0.0728571 0.1055292 0.0891001 0.1112366 0.0800384 0.0746290 0.0584800 0.0828517 0.0704418 0.1056815 0.0745601 0.1252654 0.0674260 0.0722340 0.0859110 0.0745917 0.0961840 0.0776620 0.1165749 0.0934741 0.0936582 0.0705697 0.0993084 0.0918205 0.0923064 0.0109744 0.0945666 0.1043560 0.0359082 0.0128023 0.0089766 0.0881976 0.0654924 0.0920312 0.0952703 0.0889909 0.0807870 0.0719400 0.0923098 0.0894019 0.0789103 0.1074422 0.0897295 0.1050333 0.0908983 0.0701397 0.1040992 0.0977274 0.0825904 0.0844481 0.0994993 0.0884638 
