119
CRNC          0.0000000 0.3250366 0.4935110 0.4645798 0.2546711 0.4047444 0.4375928 0.4643790 0.4475956 0.4630177 0.4991152 0.4919032 0.4843841 0.4985929 0.5255474 0.4873194 0.4846790 0.4915249 0.4580621 0.4703376 0.5177397 0.4778743 0.4779202 0.4583889 0.4356756 0.4682470 0.5175467 0.5024951 0.4471102 0.4675755 0.4497877 0.4739945 0.5223857 0.4596241 0.4276532 0.4900562 0.4261840 0.4650509 0.4279480 0.4990911 0.5090693 0.4293313 0.4507001 0.4442842 0.4693063 0.4833070 0.5105025 0.5749581 0.4306174 0.5007557 0.4599356 0.4867195 0.4262278 0.4674538 0.4860851 0.4544920 0.4564048 0.4814544 0.4962525 0.4439526 0.4717911 0.4489785 0.3860970 0.4527195 0.4616119 0.4276280 0.5360991 0.4663812 0.4578564 0.4363395 0.4906900 0.6102162 0.4297135 0.4875694 0.4736272 0.4028119 0.4803966 0.5597204 0.4611679 0.5942759 0.4479654 0.5051963 0.5007851 0.4868233 0.4831379 0.5064407 0.5834698 0.4717557 0.4372937 0.4513641 0.4468787 0.4294680 0.4484083 0.6336349 0.4543067 0.4710342 0.4573146 0.5137904 0.5036287 0.4983977 0.4835874 0.4841773 0.4928279 0.4656700 0.4868505 0.4487553 0.5168655 0.4205188 0.5126024 0.5217569 0.4699657 0.4290176 0.4439597 0.4875468 0.4437195 0.4759925 0.4829849 0.4292167 0.5452591 
HYZL          0.3250366 0.0000000 0.1859259 0.3925348 0.1584660 0.2429689 0.3051206 0.4031492 0.3716240 0.3886742 0.4091679 0.4080871 0.3907087 0.3854002 0.4285869 0.4275004 0.3880614 0.4418630 0.3684822 0.3883179 0.4406393 0.3958786 0.3784385 0.3759837 0.3779658 0.3868006 0.4317056 0.4192686 0.3644651 0.3842125 0.3904179 0.3632173 0.4507941 0.3746382 0.3623215 0.4342801 0.3856639 0.3762506 0.4019516 0.4094335 0.4146303 0.3626932 0.3547695 0.4142270 0.3618560 0.3799144 0.4393541 0.4243359 0.3792677 0.4401928 0.3823028 0.3993353 0.3777374 0.3799029 0.4124722 0.3777322 0.3792432 0.3900891 0.3956050 0.3700350 0.3806054 0.3573351 0.3152835 0.3618696 0.3845255 0.3759637 0.4414251 0.4002908 0.3823690 0.3842836 0.4123466 0.4419350 0.3747300 0.4238350 0.3972053 0.3569115 0.4181325 0.4221187 0.3836699 0.4258771 0.3759054 0.3903068 0.4085599 0.4456230 0.4287321 0.3804622 0.4435115 0.3811642 0.4089909 0.3689820 0.3776838 0.3433512 0.3618325 0.5838665 0.3605706 0.3798223 0.3588878 0.4491812 0.4335645 0.4097059 0.4147750 0.4342623 0.3831280 0.3780134 0.3936913 0.4037048 0.4188679 0.3939748 0.3995136 0.4010130 0.3920830 0.4007051 0.3724885 0.4141170 0.3586110 0.3896159 0.4055670 0.3893185 0.4867452 
MYZV          0.4935110 0.1859259 0.0000000 0.5551349 0.4454030 0.4165779 0.4862021 0.5372516 0.5576326 0.5730188 0.5488921 0.5770211 0.6070285 0.5303777 0.6206436 0.5921518 0.5654807 0.5883383 0.5555668 0.5865072 0.5947259 0.5613579 0.5524124 0.5134825 0.5477533 0.5736773 0.6185268 0.5648214 0.5612221 0.5652701 0.5312178 0.5200016 0.6111938 0.5753950 0.5588437 0.6139229 0.5062285 0.5537099 0.5758126 0.5647044 0.5909620 0.5395027 0.5375380 0.5670821 0.5835622 0.5831576 0.6012239 0.6213802 0.5434229 0.6025983 0.5689212 0.5720876 0.5659352 0.5244386 0.5703552 0.5454935 0.5530938 0.5926894 0.6042622 0.5556722 0.5616069 0.5373096 0.4689629 0.5362300 0.5709319 0.5644688 0.6089464 0.6274469 0.5756161 0.5306429 0.5921603 0.6045745 0.5734651 0.6219136 0.5599224 0.5191520 0.5935228 0.6234697 0.5406611 0.5999029 0.5493864 0.5568093 0.5600819 0.6578986 0.6107949 0.5607717 0.6134676 0.5661306 0.5512879 0.5734683 0.5462889 0.5217599 0.5354122 0.7733739 0.5443773 0.5735215 0.5484157 0.6146043 0.5891177 0.5842615 0.5873868 0.6156961 0.5414188 0.5392950 0.5704218 0.5414532 0.5991951 0.5548364 0.5424487 0.5606437 0.5739294 0.5460510 0.5334834 0.5856637 0.5495494 0.5708658 0.5961687 0.5291881 0.7304967 
SRR6441723    0.4645798 0.3925348 0.5551349 0.0000000 0.0865002 0.1382733 0.2359555 0.0851179 0.0665053 0.1054907 0.1047246 0.0971913 0.1053946 0.0638343 0.1153303 0.1335460 0.1041333 0.1106943 0.1042795 0.1126010 0.1197929 0.0928112 0.0494811 0.0467629 0.0756289 0.1021386 0.1168375 0.0969266 0.0921224 0.0767254 0.1012788 0.0981217 0.1198726 0.0921212 0.0620413 0.1151046 0.1145033 0.0939113 0.1084051 0.0996554 0.1011501 0.0993900 0.0902237 0.1051947 0.1020596 0.0675214 0.1195600 0.1879970 0.0916419 0.1171912 0.0814063 0.0915777 0.0673811 0.0800106 0.1067693 0.0691837 0.0742040 0.0813833 0.0721420 0.0952908 0.0884915 0.0880031 0.1043333 0.0531962 0.0786165 0.0687366 0.0949629 0.0908434 0.0696367 0.1222375 0.0972090 0.1885305 0.0762458 0.1143958 0.0921618 0.0668897 0.0723485 0.1870196 0.0792090 0.1891166 0.0986374 0.0744537 0.0693107 0.1173325 0.0877366 0.0643721 0.1834734 0.0990144 0.1015624 0.0536544 0.0923861 0.0868764 0.0901856 0.1073729 0.1046427 0.0987442 0.0785919 0.1150617 0.1036772 0.1034351 0.0979950 0.0519790 0.0646801 0.0912046 0.0947232 0.0852349 0.0787356 0.0696513 0.0697129 0.0760387 0.1097472 0.0882556 0.0740218 0.0975279 0.0977497 0.0940093 0.0942390 0.0816073 0.0587044 
ERR4210213    0.2546711 0.1584660 0.4454030 0.0865002 0.0000000 0.1515242 0.1177057 0.2016255 0.1180036 0.0844292 0.1188183 0.1721635 0.0857222 0.0849444 0.1730268 0.1521438 0.0392668 0.1307021 0.1130765 0.0677994 0.1283007 0.0841191 0.0392859 0.1328361 0.0700923 0.1320617 0.1512304 0.1346098 0.0841888 0.1180036 0.0995529 0.0677994 0.1283007 0.0845344 0.0682930 0.1001566 0.1134168 0.0677994 0.0988271 0.1512304 0.0536337 0.0845344 0.0695621 0.1698745 0.1512304 0.0998134 0.1283007 0.1589340 0.1150252 0.0969691 0.0682930 0.1682012 0.0846824 0.1197348 0.1916536 0.1180036 0.1006954 0.0692222 0.0985831 0.0536337 0.0877259 0.0529450 0.0845344 0.0682930 0.1339155 0.0865002 0.0846279 0.1216262 0.0865255 0.0982014 0.1567980 0.1782290 0.0851637 0.0988758 0.1535168 0.0828661 0.0840065 0.1430924 0.1180036 0.1787131 0.1022940 0.0834707 0.1031400 0.1153668 0.1028032 0.0694749 0.1787131 0.1512304 0.1927981 0.0675361 0.0846370 0.0695621 0.0695621 0.0000010 0.0687155 0.0692197 0.1380375 0.1131584 0.1283007 0.1882900 0.1139062 0.1047226 0.0859244 0.1512304 0.1535019 0.1182043 0.1158715 0.1014893 0.0837792 0.1386276 0.0979634 0.1542748 0.1180036 0.1567980 0.0681283 0.1512304 0.1567980 0.1317772 0.0000010 
ERR2789774    0.4047444 0.2429689 0.4165779 0.1382733 0.1515242 0.0000000 0.2476612 0.0952294 0.1139232 0.1070862 0.1519625 0.0452211 0.0923003 0.1088866 0.0334530 0.0727028 0.0976950 0.1371021 0.0823234 0.0995382 0.1371021 0.0993806 0.1352350 0.1504934 0.0585469 0.0273198 0.0448568 0.0864747 0.1155711 0.1139232 0.0641352 0.1075255 0.1362191 0.1079350 0.1135731 0.1388107 0.1456089 0.0918961 0.0768129 0.0274641 0.0987166 0.1100961 0.1079174 0.0720254 0.0332559 0.1450095 0.1284567 0.1638581 0.0663233 0.1287297 0.1212485 0.0389772 0.1233955 0.1230802 0.0451761 0.1139232 0.1137875 0.1207686 0.1526093 0.1079794 0.1143335 0.0926157 0.1175745 0.0840683 0.1068528 0.1297580 0.0936569 0.1080666 0.1243409 0.0796052 0.1438448 0.1645044 0.1206657 0.1410744 0.1298520 0.1128356 0.1141597 0.1507345 0.1139232 0.1638581 0.1023090 0.0793506 0.1378593 0.1389766 0.1004769 0.1375381 0.1648402 0.0274641 0.1011746 0.0854237 0.0926026 0.1079174 0.1085179 0.0000010 0.1012937 0.0975371 0.1191221 0.1311111 0.1284567 0.0390397 0.1225061 0.1294240 0.1124375 0.0274641 0.0276125 0.0664810 0.1285766 0.0783315 0.1424154 0.1438988 0.0990528 0.1004050 0.1139232 0.1438448 0.1162191 0.0274641 0.1524879 0.0800154 0.0000010 
PAFTOL_019361 0.4375928 0.3051206 0.4862021 0.2359555 0.1177057 0.2476612 0.0000000 0.2627563 0.2167960 0.2431720 0.2740582 0.2779419 0.2457124 0.2541750 0.2894939 0.3029340 0.2688967 0.2506969 0.2679730 0.2536732 0.2542678 0.2311975 0.2378671 0.2597650 0.2243104 0.2645662 0.2944618 0.2497190 0.2142958 0.2232475 0.2301633 0.2343463 0.2448804 0.2332199 0.2279410 0.3073798 0.2547751 0.2447124 0.2918096 0.2861367 0.2690799 0.2259040 0.2230217 0.2736266 0.2790695 0.2556346 0.2501900 0.2576784 0.2428740 0.2542374 0.2547827 0.2732555 0.2343046 0.2358728 0.2840015 0.2255747 0.2332573 0.2360502 0.2619434 0.2181518 0.2491912 0.2259480 0.2410900 0.2204380 0.2313933 0.2436214 0.2832175 0.2538427 0.2462329 0.2640813 0.3033001 0.2569568 0.2551892 0.2750145 0.2637067 0.2274549 0.2354943 0.2484149 0.2330854 0.2785116 0.2289621 0.2507617 0.2656188 0.2708918 0.2672543 0.2409348 0.2824935 0.2607789 0.2658253 0.2384512 0.2233210 0.2074974 0.2105318 0.2510050 0.2400013 0.2511307 0.2551363 0.2475881 0.2366615 0.2873130 0.2591220 0.2321723 0.2336552 0.2463569 0.2721760 0.2525001 0.2482459 0.2429967 0.2685206 0.2478654 0.2509362 0.2546961 0.2183258 0.3045119 0.2293849 0.2649935 0.3017781 0.2360658 0.2565500 
S0055         0.4643790 0.4031492 0.5372516 0.0851179 0.2016255 0.0952294 0.2627563 0.0000000 0.0827478 0.1041575 0.1182818 0.0755260 0.1013021 0.0965461 0.0811323 0.1091382 0.1011893 0.1297750 0.1254324 0.1062259 0.1351987 0.0966558 0.0796501 0.1002558 0.0665686 0.0756468 0.0948207 0.0872507 0.0985605 0.0936101 0.0731319 0.0993965 0.1352888 0.0985583 0.0857994 0.1357288 0.1206907 0.0921433 0.0712319 0.0777376 0.1168191 0.0947183 0.1019886 0.0771800 0.0884516 0.0945173 0.1349114 0.1887933 0.0764163 0.1324991 0.0936732 0.0709504 0.0949133 0.0972273 0.0831088 0.0856236 0.0909425 0.1094813 0.0967742 0.0990384 0.1215340 0.0971416 0.1017968 0.0710901 0.1048429 0.1018512 0.1109529 0.1116986 0.0940385 0.0864082 0.1179112 0.2029762 0.1021237 0.1356481 0.1184447 0.0988988 0.1034159 0.1878212 0.0962259 0.1980456 0.0975785 0.0949083 0.0989090 0.1387355 0.0902048 0.1032541 0.1878513 0.0759916 0.0664586 0.0762906 0.0849592 0.1013966 0.0989671 0.1342413 0.1088503 0.0946096 0.1061763 0.1303582 0.1181146 0.0820720 0.1340154 0.1022247 0.0873401 0.0674741 0.0739542 0.0453008 0.1169744 0.0600664 0.1103283 0.1009982 0.1008152 0.0589355 0.0907122 0.1183082 0.1122515 0.0710064 0.1203120 0.0451317 0.0922734 
S0196sl       0.4475956 0.3716240 0.5576326 0.0665053 0.1180036 0.1139232 0.2167960 0.0827478 0.0000000 0.0924414 0.0624631 0.0889517 0.0976505 0.0550170 0.1033102 0.1119069 0.0961099 0.0877145 0.0906358 0.0970489 0.0950977 0.0826731 0.0493726 0.0750747 0.0615970 0.0888133 0.1003399 0.0980474 0.0845904 0.0120598 0.0834926 0.0873136 0.0951597 0.0845900 0.0503734 0.1014842 0.0903091 0.0812995 0.0974703 0.0912888 0.0944002 0.0890559 0.0853034 0.0718085 0.0988066 0.0339255 0.0949385 0.1576904 0.0796479 0.0926288 0.0742387 0.0860083 0.0508298 0.0142394 0.0933621 0.0059663 0.0100152 0.0691217 0.0382362 0.0800184 0.0732637 0.0830860 0.0994785 0.0366469 0.0605001 0.0622458 0.0806698 0.0704228 0.0572338 0.1029473 0.0610640 0.1701444 0.0730731 0.0864969 0.0696532 0.0630747 0.0603840 0.1459247 0.0141092 0.1653059 0.0942573 0.0729606 0.0670698 0.0892279 0.0929598 0.0696257 0.1630565 0.0866005 0.0867006 0.0516359 0.0824683 0.0769302 0.0824592 0.0880799 0.0966508 0.0860427 0.0709361 0.0905057 0.0796263 0.0926603 0.0797993 0.0667563 0.0506561 0.0804141 0.0842496 0.0855340 0.0670845 0.0693781 0.0733183 0.0695713 0.0891008 0.0785299 0.0099933 0.0612562 0.0922889 0.0858879 0.0584829 0.0667872 0.0445059 
S0278         0.4630177 0.3886742 0.5730188 0.1054907 0.0844292 0.1070862 0.2431720 0.1041575 0.0924414 0.0000000 0.1291570 0.1034201 0.0568993 0.0958451 0.1102507 0.1327144 0.0571056 0.1540642 0.1410426 0.0516355 0.1627749 0.0476383 0.0975538 0.1134013 0.0922950 0.0949693 0.1070727 0.1362467 0.0335081 0.0983589 0.1128842 0.0551014 0.1628833 0.0622185 0.1020161 0.1497767 0.1371493 0.0400581 0.1063324 0.0924153 0.0585079 0.0386945 0.0592776 0.1172411 0.1110084 0.0990971 0.1623840 0.1784792 0.1092343 0.1537290 0.1054501 0.0920800 0.1117132 0.1038731 0.1047199 0.0953942 0.0956717 0.1234847 0.1039750 0.0404373 0.1397601 0.0500923 0.0493606 0.0728824 0.1247323 0.1131168 0.1342438 0.1262032 0.1106440 0.1124304 0.1134022 0.1971625 0.1246822 0.1452683 0.1321876 0.1002373 0.1138648 0.1774231 0.1061898 0.1737489 0.0612152 0.1107782 0.1003316 0.1546724 0.1303647 0.1068319 0.1756150 0.0954245 0.1036475 0.0785217 0.0473635 0.0622168 0.0519977 0.1669596 0.0479538 0.0446225 0.1227192 0.1577813 0.1416104 0.1041937 0.1459248 0.1207591 0.0837674 0.0891505 0.0903268 0.1040508 0.1135731 0.1023446 0.1068598 0.1040634 0.0560950 0.0976432 0.1005597 0.1137779 0.0695660 0.0893307 0.1157627 0.0894165 0.1153807 
S0281         0.4991152 0.4091679 0.5488921 0.1047246 0.1188183 0.1519625 0.2740582 0.1182818 0.0624631 0.1291570 0.0000000 0.1414552 0.1528114 0.1067619 0.1612147 0.1561718 0.1405534 0.1454877 0.1470993 0.1389974 0.1574954 0.1355625 0.0938413 0.0999488 0.1138812 0.1408658 0.1491351 0.1540296 0.1345157 0.0602372 0.1248420 0.1353298 0.1576035 0.1378403 0.1033114 0.1535635 0.1207857 0.1329105 0.1496398 0.1440114 0.1515990 0.1413157 0.1291888 0.1262657 0.1646857 0.0651396 0.1571181 0.2178839 0.1405348 0.1483717 0.1109853 0.1378470 0.1041491 0.0681319 0.1461172 0.0576380 0.0624077 0.1259214 0.0671738 0.1301436 0.1370748 0.1265483 0.1298012 0.0906264 0.1227090 0.1136358 0.1453330 0.1159421 0.1120560 0.1498291 0.0855388 0.2207883 0.1208645 0.1468901 0.1287648 0.0983420 0.1126135 0.2050436 0.0674504 0.2140061 0.1408694 0.1219782 0.1194696 0.1468717 0.1338002 0.1181228 0.2139819 0.1388738 0.1402724 0.1002682 0.1325664 0.1194365 0.1258708 0.1526943 0.1498901 0.1322916 0.1246395 0.1524300 0.1391969 0.1338030 0.1358770 0.1097803 0.0993297 0.1322125 0.1362463 0.1278588 0.1208932 0.1294539 0.1179177 0.1293665 0.1368730 0.1305755 0.0623920 0.0858201 0.1341640 0.1376360 0.0851637 0.1203717 0.1584036 
S0282         0.4919032 0.4080871 0.5770211 0.0971913 0.1721635 0.0452211 0.2779419 0.0755260 0.0889517 0.1034201 0.1414552 0.0000000 0.1024022 0.0978277 0.0259413 0.1088735 0.1085436 0.1164706 0.1214900 0.1027260 0.1217001 0.0953508 0.0884916 0.1095760 0.0611007 0.0099704 0.0334176 0.0942132 0.1032811 0.0998426 0.0769986 0.0984987 0.1217806 0.1032783 0.0900795 0.1303899 0.1104282 0.1020907 0.0734222 0.0213366 0.1160407 0.0995866 0.0937876 0.0911768 0.0211163 0.1067869 0.1214624 0.1904294 0.0811099 0.1191045 0.0984247 0.0182039 0.0938675 0.1035114 0.0160976 0.0918455 0.0971728 0.1054377 0.1088167 0.1011609 0.1082272 0.0943404 0.1042701 0.0650961 0.0896243 0.0953875 0.1092446 0.1015036 0.0983372 0.0935279 0.1110843 0.1909081 0.1178444 0.1246420 0.1009985 0.1006653 0.1101794 0.1894765 0.1024560 0.1926970 0.1137374 0.0940311 0.1028936 0.1332155 0.0851277 0.1096766 0.1861153 0.0140791 0.0707668 0.0808063 0.0920759 0.0932448 0.0961712 0.1270644 0.1042964 0.0911490 0.0960760 0.1169868 0.1056141 0.0268870 0.1231797 0.1080076 0.0911542 0.0143356 0.0182860 0.0613276 0.1149699 0.0570049 0.1122780 0.1049285 0.0973541 0.0633247 0.0969289 0.1114531 0.0986834 0.0099876 0.1134475 0.0683410 0.0923600 
S0289         0.4843841 0.3907087 0.6070285 0.1053946 0.0857222 0.0923003 0.2457124 0.1013021 0.0976505 0.0568993 0.1528114 0.1024022 0.0000000 0.0906168 0.1035934 0.1287757 0.0528307 0.1540232 0.1321698 0.0497654 0.1627286 0.0470795 0.1025865 0.1207560 0.0868820 0.0940446 0.1032031 0.1415097 0.0453604 0.1036664 0.1099914 0.0505230 0.1628384 0.0645799 0.1016012 0.1395276 0.1536140 0.0472794 0.1032885 0.0833921 0.0473915 0.0531999 0.0645569 0.1198749 0.0946872 0.1073456 0.1623385 0.1943389 0.1061118 0.1598736 0.1107990 0.0911881 0.1055172 0.1091140 0.1011367 0.1006518 0.1009460 0.1341207 0.1149248 0.0523754 0.1428340 0.0552075 0.0600698 0.0703073 0.1129978 0.1126541 0.1390086 0.1184485 0.1129938 0.1119312 0.1392267 0.2102786 0.1191128 0.1452317 0.1210333 0.1045458 0.1147554 0.1934053 0.1115784 0.2040589 0.0693959 0.1188328 0.1080785 0.1546309 0.1333517 0.1077266 0.1970941 0.0944912 0.1027038 0.0859856 0.0473855 0.0597668 0.0571130 0.1696906 0.0553941 0.0402586 0.1151152 0.1577381 0.1415773 0.0977920 0.1486834 0.1263524 0.0864697 0.0882696 0.0840894 0.1041915 0.1042422 0.1037882 0.1042567 0.1014219 0.0493189 0.0965643 0.1004685 0.1396979 0.0670595 0.0884687 0.1416646 0.0949597 0.0911686 
S0292         0.4985929 0.3854002 0.5303777 0.0638343 0.0849444 0.1088866 0.2541750 0.0965461 0.0550170 0.0958451 0.1067619 0.0978277 0.0906168 0.0000000 0.1190884 0.1092189 0.0835917 0.1093119 0.1082592 0.0891881 0.1114468 0.0807265 0.0547643 0.0734725 0.0787714 0.1028079 0.1176217 0.0970270 0.0852658 0.0649748 0.0917997 0.0745235 0.1145901 0.0878650 0.0671382 0.1276711 0.1114372 0.0793774 0.1088842 0.1031456 0.0865234 0.0894897 0.0912759 0.0872792 0.1021261 0.0660268 0.1087603 0.1626298 0.0799570 0.1119350 0.0852439 0.0947545 0.0755346 0.0655042 0.1074686 0.0576052 0.0625087 0.0867725 0.0707012 0.0855808 0.1066263 0.0837537 0.0893915 0.0512003 0.0814400 0.0822907 0.0934358 0.0911409 0.0748749 0.0933808 0.0907201 0.1825007 0.0912437 0.1150396 0.0931277 0.0706241 0.0696881 0.1615032 0.0674112 0.1738448 0.0983386 0.0780708 0.0623535 0.1270803 0.1067201 0.0476715 0.1681489 0.0996586 0.1051012 0.0613329 0.0831270 0.0826725 0.0829508 0.1070794 0.0917422 0.0790446 0.0931008 0.1097998 0.0982600 0.1041218 0.1159909 0.0748136 0.0102097 0.0891820 0.0927757 0.0996596 0.0454669 0.0826746 0.0203495 0.0164265 0.0921831 0.0973515 0.0623564 0.0910195 0.0959513 0.0946186 0.0877741 0.0871098 0.0501764 
S0293         0.5255474 0.4285869 0.6206436 0.1153303 0.1730268 0.0334530 0.2894939 0.0811323 0.1033102 0.1102507 0.1612147 0.0259413 0.1035934 0.1190884 0.0000000 0.1160574 0.1159177 0.1337900 0.1396483 0.1064584 0.1395027 0.0976439 0.1029772 0.1235676 0.0645043 0.0235507 0.0399870 0.0972115 0.1099997 0.1125832 0.0863682 0.1041321 0.1396006 0.1102362 0.1075968 0.1358624 0.1199559 0.1086490 0.0831443 0.0304265 0.1174584 0.1036070 0.0967041 0.0967462 0.0253821 0.1197495 0.1391872 0.1934475 0.0862424 0.1366570 0.1049692 0.0280969 0.1061221 0.1194541 0.0302618 0.1065169 0.1123663 0.1214522 0.1218000 0.1052457 0.1149210 0.0966283 0.1134067 0.0796968 0.1018597 0.1134583 0.1288362 0.1139901 0.1079649 0.1049677 0.1277218 0.1980805 0.1133010 0.1327061 0.1160624 0.1061382 0.1269542 0.1893845 0.1181507 0.1910659 0.1163157 0.1148500 0.1246617 0.1418943 0.0962047 0.1288594 0.1812458 0.0236507 0.0804466 0.0943244 0.0950744 0.0961147 0.0998008 0.1641827 0.1158381 0.0999265 0.1055123 0.1344189 0.1215511 0.0352191 0.1275313 0.1302844 0.1035922 0.0240657 0.0282004 0.0647911 0.1354645 0.0656631 0.1348325 0.1234277 0.1061816 0.0723734 0.1120634 0.1277218 0.1024783 0.0191707 0.1302711 0.0778200 0.1233191 
S0294         0.4873194 0.4275004 0.5921518 0.1335460 0.1521438 0.0727028 0.3029340 0.1091382 0.1119069 0.1327144 0.1561718 0.1088735 0.1287757 0.1092189 0.1160574 0.0000000 0.1406592 0.1458866 0.1350619 0.1367785 0.1483830 0.1269385 0.1282921 0.1537478 0.0862729 0.1054607 0.1147550 0.1199027 0.1318564 0.1236537 0.1128325 0.1319319 0.1515114 0.1292400 0.1038114 0.1604969 0.1398655 0.1318741 0.1213266 0.1059323 0.1367031 0.1268799 0.1302090 0.1114767 0.0881801 0.1314538 0.1510684 0.2115598 0.1117617 0.1486514 0.1345202 0.0973645 0.1050909 0.1277844 0.1101287 0.1150654 0.1207909 0.1129011 0.1366084 0.1246937 0.1448361 0.1251713 0.1237009 0.1057615 0.1277196 0.1146315 0.1368739 0.1103945 0.1044210 0.0499098 0.1377765 0.2195536 0.1406188 0.1496777 0.1279924 0.0979894 0.1075960 0.2038800 0.1264386 0.2227178 0.1434839 0.1314466 0.1300921 0.1590761 0.1008394 0.1158521 0.2197860 0.1022861 0.1119847 0.1060533 0.1212591 0.1262389 0.1211890 0.1696071 0.1295917 0.1255265 0.1235227 0.1465365 0.1334125 0.1068100 0.1601639 0.1395652 0.1111149 0.0942818 0.0979697 0.0986378 0.1165525 0.0997186 0.1296987 0.1234739 0.1379624 0.0933413 0.1204755 0.1382471 0.1384278 0.0972253 0.1402324 0.0969816 0.1029259 
S0299         0.4846790 0.3880614 0.5654807 0.1041333 0.0392668 0.0976950 0.2688967 0.1011893 0.0961099 0.0571056 0.1405534 0.1085436 0.0528307 0.0835917 0.1159177 0.1406592 0.0000000 0.1521112 0.1608130 0.0519869 0.1608372 0.0551561 0.0961369 0.1172374 0.0956776 0.0997646 0.1175947 0.1404321 0.0453131 0.1021530 0.1114098 0.0455388 0.1609461 0.0651759 0.0995106 0.1463573 0.1528077 0.0356153 0.1072113 0.0977778 0.0450422 0.0585869 0.0572937 0.1265256 0.0983262 0.1084856 0.1604522 0.1927287 0.1129723 0.1579762 0.1053338 0.0970631 0.1091328 0.1112771 0.1097985 0.0991248 0.0991868 0.1265624 0.1105400 0.0529750 0.1504700 0.0502808 0.0678058 0.0790685 0.1323063 0.1105584 0.1346015 0.1262982 0.1108941 0.1188141 0.1348557 0.2121378 0.1289890 0.1563739 0.1248882 0.1094921 0.1139291 0.1913104 0.1101155 0.2024202 0.0773905 0.1110766 0.1076217 0.1660778 0.1261619 0.1030276 0.1954503 0.0946209 0.1130900 0.0863710 0.0547409 0.0602180 0.0476836 0.1668478 0.0632931 0.0336971 0.1182775 0.1558275 0.1426743 0.1093561 0.1565233 0.1125840 0.0849461 0.0883934 0.0953313 0.1016200 0.1033173 0.1092286 0.0999205 0.0969989 0.0591965 0.1066285 0.1043776 0.1353139 0.0675709 0.0969241 0.1373027 0.1014669 0.0943092 
S0303         0.4915249 0.4418630 0.5883383 0.1106943 0.1307021 0.1371021 0.2506969 0.1297750 0.0877145 0.1540642 0.1454877 0.1164706 0.1540232 0.1093119 0.1337900 0.1458866 0.1521112 0.0000000 0.1035598 0.1460900 0.0118517 0.1430041 0.1056873 0.1171151 0.0898781 0.1215655 0.1253344 0.1229367 0.1379182 0.0935796 0.1211858 0.1486927 0.0118583 0.1349389 0.0991460 0.1223742 0.0142341 0.1404884 0.1427268 0.1195960 0.1528071 0.1384123 0.1372756 0.1173180 0.1310104 0.1103557 0.0138170 0.1757223 0.1147522 0.0118687 0.1222267 0.1105760 0.0840604 0.1024499 0.1291020 0.0906413 0.0960353 0.1172683 0.1099883 0.1307311 0.0719820 0.1380077 0.1401859 0.0806699 0.0575119 0.1009290 0.1396232 0.1143654 0.1071521 0.1451124 0.1287771 0.2030546 0.1378787 0.0953564 0.0710056 0.0892519 0.1047101 0.1713451 0.1013890 0.1845147 0.1392091 0.1276204 0.1240866 0.0952573 0.1194849 0.1205867 0.1815522 0.1192838 0.1143015 0.0972912 0.1382439 0.1277069 0.1338812 0.0036746 0.1465354 0.1427064 0.0905768 0.0099138 0.0059218 0.1280508 0.0838942 0.1139102 0.0994247 0.1021257 0.1107136 0.1182376 0.1179081 0.1041096 0.1293301 0.1234469 0.1443139 0.1153229 0.0957907 0.1292142 0.1414236 0.1156747 0.1254466 0.1102181 0.1241219 
S0308         0.4580621 0.3684822 0.5555668 0.1042795 0.1130765 0.0823234 0.2679730 0.1254324 0.0906358 0.1410426 0.1470993 0.1214900 0.1321698 0.1082592 0.1396483 0.1350619 0.1608130 0.1035598 0.0000000 0.1458857 0.1115265 0.1356360 0.1072890 0.1071626 0.0907103 0.1301685 0.1290856 0.1383109 0.1250047 0.1022638 0.1287975 0.1432875 0.1116020 0.1310102 0.0940524 0.1207308 0.0877417 0.1361238 0.1339318 0.1283368 0.1486234 0.1436289 0.1290979 0.1157735 0.1280765 0.1062330 0.1113152 0.1808370 0.1225431 0.1089143 0.1173521 0.1185732 0.0923107 0.1004790 0.1320218 0.0938663 0.0994597 0.1156517 0.0969670 0.1413911 0.0830741 0.1267961 0.1258545 0.0841446 0.0671772 0.1109316 0.1299763 0.1084539 0.0990948 0.1277307 0.1177314 0.1887688 0.1291893 0.1060915 0.0816156 0.0819263 0.1063216 0.1797925 0.1050074 0.1902970 0.1366718 0.1138890 0.1050188 0.1115367 0.1313103 0.1117235 0.1857024 0.1277930 0.1266724 0.0847475 0.1257042 0.1287370 0.1321252 0.1388516 0.1520345 0.1373080 0.0851111 0.1067384 0.0983460 0.1342341 0.0932620 0.1188175 0.1032846 0.1116907 0.1220660 0.1206896 0.1259491 0.1057219 0.1200672 0.1165840 0.1389496 0.1186084 0.0936893 0.1181360 0.1410624 0.1210780 0.1144522 0.0983656 0.1474537 
S0320         0.4703376 0.3883179 0.5865072 0.1126010 0.0677994 0.0995382 0.2536732 0.1062259 0.0970489 0.0516355 0.1389974 0.1027260 0.0497654 0.0891881 0.1064584 0.1367785 0.0519869 0.1460900 0.1458857 0.0000000 0.1545852 0.0543027 0.1024098 0.1111948 0.0969720 0.0943389 0.1115971 0.1331802 0.0422729 0.1030219 0.1125548 0.0399969 0.1546880 0.0690904 0.1052688 0.1495909 0.1376523 0.0464441 0.0995395 0.0917718 0.0487139 0.0553853 0.0584320 0.1192971 0.1019781 0.1092814 0.1542299 0.1850617 0.1058201 0.1518026 0.1049314 0.0914722 0.1149118 0.1120365 0.1040236 0.1000290 0.1003197 0.1245200 0.1089220 0.0545268 0.1419295 0.0493846 0.0527261 0.0802802 0.1172758 0.1162671 0.1318558 0.1238420 0.1110684 0.1169886 0.1356805 0.2230407 0.1197805 0.1471427 0.1246756 0.1043246 0.1151815 0.1807144 0.1108829 0.1871083 0.0636577 0.1088270 0.1165564 0.1502965 0.1221653 0.1146765 0.1874967 0.0921097 0.1025566 0.0905818 0.0542626 0.0565522 0.0512665 0.1512121 0.0577031 0.0398297 0.1186122 0.1462910 0.1339874 0.1034895 0.1477721 0.1135951 0.0853932 0.0912122 0.0872016 0.1118083 0.1062601 0.1097460 0.1026304 0.0998087 0.0377596 0.0971655 0.1052153 0.1361370 0.0638212 0.0887432 0.1380995 0.0972257 0.1192473 
S0322         0.5177397 0.4406393 0.5947259 0.1197929 0.1283007 0.1371021 0.2542678 0.1351987 0.0950977 0.1627749 0.1574954 0.1217001 0.1627286 0.1114468 0.1395027 0.1483830 0.1608372 0.0118517 0.1115265 0.1545852 0.0000000 0.1515854 0.1106114 0.1306603 0.0948556 0.1296122 0.1340695 0.1260670 0.1463165 0.1010863 0.1264206 0.1573852 0.0118467 0.1376749 0.1040528 0.1308554 0.0142143 0.1489135 0.1511409 0.1285701 0.1614426 0.1448513 0.1457753 0.1225814 0.1271219 0.1128983 0.0058597 0.1824080 0.1178116 0.0118571 0.1303094 0.1157320 0.0915653 0.1101322 0.1344040 0.0980854 0.1035625 0.1196853 0.1125222 0.1394372 0.0794226 0.1465564 0.1521807 0.0885104 0.0648482 0.1095957 0.1394828 0.1194533 0.1123479 0.1506090 0.1344312 0.2065621 0.1406739 0.0970790 0.0807143 0.0963908 0.1098988 0.1780272 0.1089892 0.1887056 0.1481625 0.1330554 0.1297201 0.1029516 0.1247412 0.1259003 0.1920880 0.1273252 0.1312487 0.1023215 0.1466660 0.1360224 0.1423093 0.0111637 0.1559112 0.1511252 0.0987305 0.0099042 0.0059160 0.1368429 0.0913338 0.1231198 0.1016589 0.1073025 0.1191101 0.1235472 0.1232000 0.1092745 0.1346437 0.1287920 0.1528415 0.1296991 0.1032977 0.1348888 0.1470206 0.1208647 0.1310470 0.1207430 0.1241219 
S0327         0.4778743 0.3958786 0.5613579 0.0928112 0.0841191 0.0993806 0.2311975 0.0966558 0.0826731 0.0476383 0.1355625 0.0953508 0.0470795 0.0807265 0.0976439 0.1269385 0.0551561 0.1430041 0.1356360 0.0543027 0.1515854 0.0000000 0.0850512 0.1118349 0.0825394 0.0844745 0.1040709 0.1282721 0.0358072 0.0884316 0.1003025 0.0351701 0.1516876 0.0499584 0.0945809 0.1340739 0.1443850 0.0381137 0.0989569 0.0812431 0.0565892 0.0434406 0.0521296 0.1043341 0.0991272 0.0944359 0.1512358 0.1673789 0.0954914 0.1487757 0.0917958 0.0842869 0.1040720 0.0971448 0.0967124 0.0855472 0.0908635 0.1104429 0.0993096 0.0427804 0.1314204 0.0406847 0.0423679 0.0629598 0.1076665 0.1055427 0.1205396 0.1112755 0.1030857 0.1184142 0.1230350 0.1820871 0.1043660 0.1341686 0.1242688 0.0894234 0.0969380 0.1662232 0.0961446 0.1719877 0.0506932 0.1003971 0.0962517 0.1434035 0.1200112 0.1000296 0.1658269 0.0875108 0.1006505 0.0715222 0.0339544 0.0499530 0.0450130 0.1440866 0.0480162 0.0401961 0.1157493 0.1466233 0.1307982 0.0960591 0.1309024 0.1048566 0.0716262 0.0812389 0.0825082 0.0915647 0.0937404 0.0916232 0.0917020 0.0937902 0.0518946 0.0894893 0.0906335 0.1202292 0.0593681 0.0816039 0.1254436 0.0878397 0.0664433 
S0335         0.4779202 0.3784385 0.5524124 0.0494811 0.0392859 0.1352350 0.2378671 0.0796501 0.0493726 0.0975538 0.0938413 0.0884916 0.1025865 0.0547643 0.1029772 0.1282921 0.0961369 0.1056873 0.1072890 0.1024098 0.1106114 0.0850512 0.0000000 0.0506067 0.0684281 0.0933222 0.1075235 0.0946091 0.0896055 0.0589897 0.0853119 0.0926423 0.1135018 0.0896046 0.0548945 0.1240321 0.1056727 0.0862369 0.0967613 0.0931870 0.1022278 0.0914255 0.0903615 0.0913312 0.1018749 0.0523934 0.1132155 0.1779550 0.0837139 0.1082746 0.0791177 0.0855648 0.0603793 0.0618215 0.0978686 0.0518625 0.0566043 0.0712572 0.0568579 0.0874981 0.0775299 0.0881364 0.1044400 0.0435375 0.0812329 0.0670122 0.0903414 0.0804567 0.0576044 0.1067632 0.0862909 0.1780423 0.0743035 0.1042112 0.0949869 0.0710782 0.0676811 0.1768957 0.0613501 0.1865795 0.0934919 0.0828475 0.0594540 0.1098676 0.0902786 0.0598010 0.1767537 0.0937620 0.0910655 0.0489916 0.0874810 0.0871905 0.0874711 0.0974022 0.0988184 0.0885139 0.0923719 0.1087578 0.0973454 0.0995661 0.0836835 0.0571069 0.0529652 0.0799910 0.0858910 0.0799311 0.0760568 0.0720853 0.0705246 0.0717240 0.0996185 0.0781264 0.0564694 0.0865695 0.0943460 0.0854455 0.0834413 0.0709291 0.0508529 
S0345         0.4583889 0.3759837 0.5134825 0.0467629 0.1328361 0.1504934 0.2597650 0.1002558 0.0750747 0.1134013 0.0999488 0.1095760 0.1207560 0.0734725 0.1235676 0.1537478 0.1172374 0.1171151 0.1071626 0.1111948 0.1306603 0.1118349 0.0506067 0.0000000 0.0820432 0.1134076 0.1304930 0.1230784 0.1063682 0.0754092 0.1005786 0.1163050 0.1261994 0.1370018 0.0806066 0.1283137 0.1306040 0.1010643 0.1063292 0.1099607 0.0946736 0.1167461 0.0997158 0.1137819 0.1242860 0.0692636 0.1297423 0.1827715 0.1059547 0.1268004 0.1029083 0.1054643 0.0844812 0.0874732 0.1205238 0.0714667 0.0788222 0.0989873 0.0761515 0.1070986 0.0921232 0.1033848 0.1331196 0.0642385 0.0940030 0.0794082 0.1210386 0.0970723 0.0888069 0.1151593 0.1012160 0.1906484 0.0877962 0.1112324 0.0974808 0.0921955 0.0927597 0.1746121 0.0787445 0.1792646 0.1071277 0.1056745 0.0757176 0.1104753 0.1000932 0.0807843 0.1807801 0.1096345 0.1088496 0.0676460 0.0904352 0.0997158 0.1080061 0.0575113 0.1131952 0.1139970 0.0964232 0.1237006 0.1177595 0.1182358 0.1014280 0.0305458 0.0778305 0.1089737 0.1099608 0.1042166 0.1041085 0.0834609 0.0936997 0.0959643 0.1175115 0.0929786 0.0714667 0.1012160 0.1211494 0.1047946 0.1014829 0.0939992 0.0000010 
S0376         0.4356756 0.3779658 0.5477533 0.0756289 0.0700923 0.0585469 0.2243104 0.0665686 0.0615970 0.0922950 0.1138812 0.0611007 0.0868820 0.0787714 0.0645043 0.0862729 0.0956776 0.0898781 0.0907103 0.0969720 0.0948556 0.0825394 0.0684281 0.0820432 0.0000000 0.0583608 0.0614185 0.0685227 0.0844548 0.0716549 0.0374687 0.0816031 0.0949177 0.0844543 0.0640871 0.1072884 0.0733952 0.0862699 0.0731431 0.0562899 0.0935792 0.0812037 0.0800422 0.0606850 0.0588304 0.0777452 0.0946979 0.1694844 0.0661693 0.0923939 0.0811338 0.0535046 0.0648805 0.0748512 0.0626917 0.0642243 0.0691698 0.0736350 0.0774961 0.0773744 0.0801849 0.0833448 0.0924290 0.0505257 0.0627137 0.0789762 0.0847018 0.0824473 0.0620059 0.0807245 0.0949004 0.1708791 0.0897093 0.0937007 0.0715718 0.0596050 0.0724099 0.1655679 0.0741058 0.1712868 0.0965903 0.0826374 0.0839009 0.0962573 0.0761385 0.0845950 0.1686505 0.0536124 0.0752596 0.0610898 0.0764130 0.0820997 0.0823623 0.1178487 0.0889364 0.0910479 0.0718593 0.0902755 0.0794280 0.0613995 0.0926518 0.0797457 0.0747524 0.0452912 0.0513522 0.0570514 0.0977536 0.0540783 0.0976683 0.0940926 0.0916932 0.0630839 0.0641113 0.0952113 0.0950580 0.0512583 0.0972139 0.0583767 0.0841330 
S0400         0.4682470 0.3868006 0.5736773 0.1021386 0.1320617 0.0273198 0.2645662 0.0756468 0.0888133 0.0949693 0.1408658 0.0099704 0.0940446 0.1028079 0.0235507 0.1054607 0.0997646 0.1215655 0.1301685 0.0943389 0.1296122 0.0844745 0.0933222 0.1134076 0.0583608 0.0000000 0.0289734 0.0885544 0.0948440 0.0996819 0.0740947 0.0897297 0.1296983 0.0948423 0.0949945 0.1239341 0.1179890 0.0966254 0.0658069 0.0169099 0.1073570 0.0971001 0.0854945 0.0880383 0.0182591 0.1118842 0.1293498 0.1868755 0.0730377 0.1269855 0.0930585 0.0180848 0.0988707 0.1033427 0.0139573 0.0917011 0.0967980 0.1104595 0.1139058 0.0954992 0.1080412 0.0857988 0.0929480 0.0647695 0.0947775 0.1003498 0.1143501 0.1065534 0.1033342 0.0903699 0.1161736 0.1940833 0.1176463 0.1186909 0.1060272 0.1043906 0.1153261 0.1858955 0.1022903 0.1889866 0.1080149 0.0990481 0.1079057 0.1271412 0.0820224 0.1147988 0.1825079 0.0079349 0.0632229 0.0853776 0.0839429 0.0850025 0.0878405 0.1317586 0.0996284 0.0858677 0.1012030 0.1248767 0.1133180 0.0225432 0.1229703 0.1130493 0.0961358 0.0121739 0.0140954 0.0585763 0.1201310 0.0542906 0.1173135 0.1129543 0.0890954 0.0559733 0.0967741 0.1165594 0.0902999 0.0079182 0.1185435 0.0608544 0.0907190 
S0405         0.5175467 0.4317056 0.6185268 0.1168375 0.1512304 0.0448568 0.2944618 0.0948207 0.1003399 0.1070727 0.1491351 0.0334176 0.1032031 0.1176217 0.0399870 0.1147550 0.1175947 0.1253344 0.1290856 0.1115971 0.1340695 0.1040709 0.1075235 0.1304930 0.0614185 0.0289734 0.0000000 0.1024680 0.1122060 0.1116517 0.0928071 0.1077820 0.1341589 0.1122017 0.1094740 0.1216594 0.1190384 0.1086861 0.0765613 0.0212934 0.1252373 0.1080836 0.0973227 0.0966979 0.0295248 0.1214593 0.1337888 0.1753048 0.0890455 0.1313946 0.1106608 0.0288580 0.1053723 0.1155471 0.0351870 0.1033644 0.1088874 0.1145383 0.1234943 0.1062793 0.1123518 0.0979014 0.1131386 0.0802503 0.0987706 0.1150625 0.1170069 0.1159649 0.1126011 0.1099062 0.1203778 0.1794718 0.1304173 0.1230971 0.1070121 0.1128752 0.1250419 0.1714208 0.1143493 0.1740057 0.1199307 0.1056128 0.1229000 0.1317036 0.0959359 0.1302513 0.1679257 0.0290922 0.0738622 0.0941540 0.1006673 0.0967553 0.0997348 0.1443265 0.1162768 0.1025695 0.1021663 0.1292673 0.1174739 0.0268328 0.1274125 0.1282234 0.1108435 0.0317525 0.0182524 0.0766470 0.1331999 0.0722233 0.1325419 0.1346493 0.1060831 0.0662990 0.1086082 0.1207833 0.1075482 0.0245421 0.1227812 0.0713990 0.1112732 
S0412sl       0.5024951 0.4192686 0.5648214 0.0969266 0.1346098 0.0864747 0.2497190 0.0872507 0.0980474 0.1362467 0.1540296 0.0942132 0.1415097 0.0970270 0.0972115 0.1199027 0.1404321 0.1229367 0.1383109 0.1331802 0.1260670 0.1282721 0.0946091 0.1230784 0.0685227 0.0885544 0.1024680 0.0000000 0.1301243 0.1093509 0.0931523 0.1294580 0.1316472 0.1215712 0.0955823 0.1514369 0.1362823 0.1318113 0.1112000 0.0853358 0.1452426 0.1348907 0.1281459 0.0870780 0.0851426 0.1136910 0.1201167 0.2108979 0.0495549 0.1288898 0.1112192 0.0888664 0.0940919 0.1132288 0.0987997 0.1010655 0.1065863 0.0979652 0.1133108 0.1325558 0.1184850 0.1289223 0.1431023 0.0861766 0.1064588 0.1064211 0.1215564 0.1107401 0.0934363 0.1217294 0.1267085 0.2143511 0.1266132 0.1381644 0.1237829 0.1017751 0.0997316 0.2071250 0.1120506 0.2047075 0.1367785 0.1194239 0.1206323 0.1409809 0.1034564 0.1095220 0.2115986 0.0855929 0.0967052 0.0944013 0.1208286 0.1241803 0.1306714 0.1065367 0.1406083 0.1370165 0.1309351 0.1267573 0.1146783 0.0940661 0.1364980 0.1178970 0.0929998 0.0776758 0.0838552 0.0777867 0.1223587 0.0693482 0.1137726 0.1072550 0.1377958 0.0893090 0.1063124 0.1271394 0.1363884 0.0862427 0.1291432 0.0843796 0.0752032 
S0417         0.4471102 0.3644651 0.5612221 0.0921224 0.0841888 0.1155711 0.2142958 0.0985605 0.0845904 0.0335081 0.1345157 0.1032811 0.0453604 0.0852658 0.1099997 0.1318564 0.0453131 0.1379182 0.1250047 0.0422729 0.1463165 0.0358072 0.0896055 0.1063682 0.0844548 0.0948440 0.1122060 0.1301243 0.0000000 0.0903482 0.1074681 0.0377359 0.1464143 0.0449354 0.0926994 0.1437117 0.1300762 0.0311241 0.1035640 0.0922878 0.0444735 0.0386736 0.0491634 0.1114717 0.1107210 0.0910129 0.1459912 0.1566837 0.0982569 0.1376356 0.0936732 0.0919601 0.1019672 0.0990565 0.1045794 0.0874641 0.0877155 0.1135647 0.0958290 0.0380921 0.1265051 0.0402902 0.0424448 0.0680248 0.1035009 0.1034296 0.1279594 0.1186349 0.1035031 0.1029830 0.1192330 0.1822840 0.1062189 0.1291956 0.1144534 0.0968746 0.1017592 0.1554698 0.0980418 0.1640869 0.0527876 0.1066218 0.0955669 0.1382179 0.1178740 0.0986211 0.1629091 0.0952983 0.0979132 0.0710286 0.0383747 0.0519053 0.0421947 0.1343420 0.0455134 0.0378397 0.1108808 0.1414404 0.1260018 0.1040523 0.1356101 0.1030213 0.0787608 0.0890320 0.0902082 0.0988478 0.0936758 0.0970086 0.0988196 0.0959098 0.0469191 0.0918517 0.0925380 0.1196307 0.0589620 0.0892147 0.1216147 0.0841064 0.1035976 
S0419         0.4675755 0.3842125 0.5652701 0.0767254 0.1180036 0.1139232 0.2232475 0.0936101 0.0120598 0.0983589 0.0602372 0.0998426 0.1036664 0.0649748 0.1125832 0.1236537 0.1021530 0.0935796 0.1022638 0.1030219 0.1010863 0.0884316 0.0589897 0.0754092 0.0716549 0.0996819 0.1116517 0.1093509 0.0903482 0.0000000 0.0891583 0.0962079 0.1011530 0.0903471 0.0601988 0.1129694 0.0907070 0.0869477 0.1086709 0.1001617 0.1003207 0.0950105 0.0911153 0.0822428 0.1128970 0.0431704 0.1009096 0.1651401 0.0903626 0.0985737 0.0847341 0.0967655 0.0607574 0.0141535 0.1043050 0.0059310 0.0099556 0.0794433 0.0475720 0.0857160 0.0842957 0.0888750 0.0999275 0.0436766 0.0686196 0.0724225 0.0915386 0.0809660 0.0672203 0.1143431 0.0710401 0.1740953 0.0837013 0.0976436 0.0800681 0.0633473 0.0705941 0.1531596 0.0140249 0.1736268 0.1008487 0.0837522 0.0773855 0.0967806 0.1041189 0.0800415 0.1708304 0.0974433 0.0975578 0.0613099 0.0882105 0.0802415 0.0882005 0.0994198 0.1027352 0.0917608 0.0815726 0.0964376 0.0853092 0.1037742 0.0879966 0.0770107 0.0557929 0.0912461 0.0950380 0.0937093 0.0725077 0.0797520 0.0836781 0.0799736 0.0951027 0.0890764 0.0099339 0.0712666 0.0981994 0.0966272 0.0683496 0.0770486 0.0779416 
S0427         0.4497877 0.3904179 0.5312178 0.1012788 0.0995529 0.0641352 0.2301633 0.0731319 0.0834926 0.1128842 0.1248420 0.0769986 0.1099914 0.0917997 0.0863682 0.1128325 0.1114098 0.1211858 0.1287975 0.1125548 0.1264206 0.1003025 0.0853119 0.1005786 0.0374687 0.0740947 0.0928071 0.0931523 0.1074681 0.0891583 0.0000000 0.0998708 0.1265037 0.1074650 0.0864946 0.1378198 0.1053464 0.1091972 0.0849342 0.0707105 0.1149441 0.1019359 0.1034323 0.0749181 0.0899178 0.1034814 0.1261694 0.2088041 0.0873111 0.1238202 0.0978244 0.0742448 0.0954571 0.0977273 0.0813888 0.0863201 0.0915486 0.1018117 0.1031443 0.0951433 0.1120247 0.1039557 0.0991693 0.0646262 0.0935508 0.1022670 0.1087608 0.1119412 0.0895594 0.0922232 0.1158113 0.2098049 0.1222221 0.1285570 0.1070474 0.0881486 0.1009772 0.2045636 0.0967398 0.2117964 0.1105718 0.1012441 0.1046660 0.1312605 0.0891697 0.1084522 0.2013256 0.0744262 0.0872509 0.0899399 0.0889193 0.1058912 0.1004308 0.1438017 0.1072315 0.1033918 0.1112005 0.1217191 0.1099822 0.0827909 0.1243917 0.1054527 0.0852305 0.0585663 0.0720482 0.0681289 0.1140148 0.0634467 0.1111461 0.1017035 0.1097053 0.0843351 0.0861671 0.1134863 0.1191610 0.0695528 0.1181714 0.0746508 0.0929555 
S0428sl       0.4739945 0.3632173 0.5200016 0.0981217 0.0677994 0.1075255 0.2343463 0.0993965 0.0873136 0.0551014 0.1353298 0.0984987 0.0505230 0.0745235 0.1041321 0.1319319 0.0455388 0.1486927 0.1432875 0.0399969 0.1573852 0.0351701 0.0926423 0.1163050 0.0816031 0.0897297 0.1077820 0.1294580 0.0377359 0.0962079 0.0998708 0.0000000 0.1579081 0.0526072 0.0991560 0.1344941 0.1447767 0.0375229 0.1043020 0.0900123 0.0497153 0.0458885 0.0446247 0.1127496 0.0919395 0.0905534 0.1574047 0.1605688 0.0936568 0.1548124 0.0967189 0.0894845 0.1089410 0.1027413 0.0999066 0.0903757 0.0960224 0.1134703 0.0955309 0.0451530 0.1351533 0.0351813 0.0526249 0.0694551 0.1138674 0.1107009 0.1236488 0.1267227 0.1081231 0.1052697 0.1301979 0.1830680 0.1005756 0.1346508 0.1156586 0.1019879 0.0999283 0.1559342 0.1016283 0.1601896 0.0534010 0.1086632 0.1017531 0.1378893 0.1232868 0.0939304 0.1512320 0.0842096 0.1018927 0.0698423 0.0379633 0.0423885 0.0399688 0.1562606 0.0482732 0.0375542 0.1124514 0.1489114 0.1385158 0.0961706 0.1412471 0.1131684 0.0757257 0.0801680 0.0821560 0.0992612 0.1004693 0.1005852 0.0886890 0.0854641 0.0545060 0.0980980 0.0957664 0.1301979 0.0522493 0.0864086 0.1327412 0.0927953 0.0728097 
S0430         0.5223857 0.4507941 0.6111938 0.1198726 0.1283007 0.1362191 0.2448804 0.1352888 0.0951597 0.1628833 0.1576035 0.1217806 0.1628384 0.1145901 0.1396006 0.1515114 0.1609461 0.0118583 0.1116020 0.1546880 0.0118467 0.1516876 0.1135018 0.1261994 0.0949177 0.1296983 0.1341589 0.1316472 0.1464143 0.1011530 0.1265037 0.1579081 0.0000000 0.1433843 0.1041217 0.1309439 0.0170665 0.1490130 0.1480877 0.1286596 0.1615505 0.1477688 0.1458738 0.1226630 0.1380580 0.1129739 0.0138113 0.1858772 0.1233047 0.0158931 0.1303957 0.1158083 0.0918385 0.1102058 0.1344923 0.0981498 0.1036312 0.1226102 0.1125976 0.1395313 0.0820722 0.1466561 0.1475658 0.0885691 0.0648911 0.1096684 0.1452780 0.1195337 0.1124229 0.1507085 0.1345211 0.2139545 0.1433169 0.1031289 0.0807660 0.0924208 0.1099720 0.1814953 0.1090610 0.1989548 0.1447298 0.1331453 0.1298068 0.1030196 0.1248238 0.1259844 0.1957268 0.1274096 0.1313348 0.1023889 0.1467643 0.1361138 0.1424052 0.0074171 0.1560174 0.1512256 0.0987979 0.0099097 0.0059188 0.1369342 0.0913932 0.1232013 0.1047270 0.1073744 0.1191891 0.1236308 0.1232817 0.1093473 0.1347324 0.1288782 0.1529440 0.1297848 0.1033654 0.1349792 0.1471184 0.1209450 0.1311343 0.1208224 0.1350205 
