108
CRNC          0.0000000 0.2606034 0.3147311 0.5232169 0.4780762 0.4701224 0.3725661 0.4471809 0.4895444 0.3819400 0.4868784 0.5168576 0.3601039 0.4648889 0.4140916 0.4587082 0.4499659 0.4566796 0.4227548 0.4215130 0.3941387 0.5093424 0.4881021 0.4873009 0.4414171 0.4222136 0.4765149 0.4343822 0.4371858 0.4090584 0.4909721 0.4808057 0.4995757 0.3825795 0.4984321 0.4848404 0.3808658 0.5072623 0.5024568 0.4753057 0.4341017 0.4448165 0.4164817 0.4176549 0.4239607 0.4315991 0.4923118 0.4852069 0.4776501 0.4788187 0.4757800 0.4601990 0.4698769 0.4369670 0.4547517 0.5047895 0.4101904 0.4524964 0.4471448 0.3782654 0.4238564 0.5171055 0.4450410 0.4900995 0.4739372 0.4445420 0.4587333 0.4640101 0.4146126 0.4488470 0.4158230 0.5086024 0.4745524 0.4614913 0.4630984 0.4424659 0.4226912 0.5051575 0.5001833 0.4195062 0.4193636 0.5142809 0.5112482 0.4424807 0.4083194 0.4093616 0.3783215 0.4378665 0.4227697 0.4789511 0.3826682 0.4786798 0.4512506 0.5113068 0.4886185 0.5126482 0.4872901 0.4913107 0.4409500 0.4728050 0.4742241 0.4852069 0.3719163 0.5049008 0.4914973 0.5091896 0.5154183 0.4990376 
HYZL          0.2606034 0.0000000 0.1463115 0.3280001 0.3629050 0.2864892 0.2175362 0.2777617 0.2829224 0.3304652 0.3157206 0.3027440 0.2918409 0.2821171 0.3802004 0.2910788 0.2896738 0.2832972 0.3224580 0.2810300 0.3246376 0.3352392 0.2799688 0.2737505 0.3647810 0.3265964 0.3011354 0.3037434 0.2811017 0.2885724 0.3529900 0.3029689 0.3649317 0.3527750 0.2997395 0.2710481 0.3366920 0.3357549 0.2811315 0.2821283 0.2749974 0.2790578 0.3392575 0.3139103 0.2736576 0.2841968 0.2930874 0.2948454 0.2918493 0.2961326 0.3005951 0.3633097 0.3027058 0.3164748 0.2999612 0.2831826 0.3784935 0.3292195 0.3200875 0.3669643 0.2801799 0.3413519 0.3316976 0.2997095 0.3208984 0.3000509 0.3464750 0.3452795 0.3561518 0.2672315 0.3672578 0.3145249 0.3345197 0.2725148 0.3453013 0.2845313 0.3409256 0.3023591 0.2878061 0.2317467 0.3351578 0.3270278 0.3254151 0.2853843 0.3036813 0.3842892 0.2929372 0.2938177 0.2797679 0.2799887 0.2376382 0.2933250 0.2984372 0.2945604 0.2724425 0.3154133 0.2984800 0.3503605 0.2779426 0.2566741 0.2805145 0.2948454 0.2814994 0.3360619 0.3448306 0.2856277 0.3540696 0.2931125 
MYZV          0.3147311 0.1463115 0.0000000 0.3677527 0.3779883 0.3424199 0.3442851 0.2936035 0.3636708 0.4269567 0.3657656 0.3592287 0.3495453 0.3155889 0.3914496 0.2940375 0.3678931 0.3526736 0.4315811 0.3738980 0.3783073 0.3774168 0.3404650 0.3334113 0.4039827 0.4120718 0.3520995 0.3336204 0.3872297 0.3413704 0.3720168 0.3390324 0.4349814 0.4276649 0.3360300 0.3308426 0.4177201 0.4058026 0.3366164 0.3575743 0.3122643 0.3546653 0.3950329 0.3662235 0.3748594 0.2991296 0.3220502 0.3450794 0.3466686 0.3466936 0.3514878 0.3773622 0.3547503 0.3485503 0.3573513 0.3256709 0.3399662 0.3610138 0.3342221 0.3712639 0.3071588 0.3991637 0.3702212 0.3444270 0.4178956 0.3499257 0.3817042 0.3958517 0.4146819 0.3148067 0.4191889 0.3804213 0.3558157 0.3008602 0.3971363 0.3061917 0.3886108 0.3449932 0.3496886 0.2922059 0.3844689 0.4116124 0.4093728 0.3688385 0.4089233 0.4309101 0.3517704 0.3795184 0.3631615 0.3405032 0.2859879 0.3086380 0.3329593 0.3574916 0.3257897 0.3270507 0.2945389 0.3539884 0.3145098 0.4141515 0.3286915 0.3450794 0.2694577 0.3934169 0.4020186 0.3478600 0.3977676 0.3489571 
SRR6441723    0.5232169 0.3280001 0.3677527 0.0000000 0.0990230 0.1018726 0.2148473 0.0723267 0.0729033 0.1509319 0.0961205 0.0990318 0.1303369 0.0596239 0.1240724 0.1049224 0.1166351 0.1114840 0.1494876 0.1303920 0.0838551 0.1738642 0.0905012 0.0905470 0.1030522 0.1640907 0.0701573 0.1016827 0.1201723 0.1064233 0.1065598 0.0882204 0.1491542 0.1682272 0.1055351 0.0952965 0.1390206 0.1264585 0.0856523 0.0988206 0.0697391 0.1211883 0.1895090 0.0993593 0.1122691 0.1032150 0.1059828 0.0666474 0.0904655 0.0668452 0.0702120 0.0954559 0.0753036 0.1016583 0.1052565 0.0633504 0.1686904 0.0993289 0.0842517 0.0925637 0.0988833 0.0990919 0.1737530 0.1028888 0.1027556 0.1259242 0.0913293 0.0987890 0.2007691 0.0538468 0.2123035 0.1173150 0.0922078 0.0797441 0.1143060 0.0956603 0.1819362 0.1043247 0.1027628 0.0340502 0.1384549 0.1209922 0.1205479 0.1277244 0.1594640 0.1895820 0.1038139 0.1249463 0.1120106 0.0944427 0.0782118 0.0636828 0.0709574 0.0916767 0.0881465 0.0770687 0.0637505 0.1106696 0.0606044 0.1569729 0.1028596 0.0666474 0.0474631 0.0947663 0.1202339 0.0874884 0.1029790 0.0754225 
ERR4210213    0.4780762 0.3629050 0.3779883 0.0990230 0.0000000 0.1464905 0.2945315 0.1185315 0.0951407 0.1130672 0.1187816 0.1087239 0.1051409 0.0683019 0.1620252 0.0759725 0.1474980 0.1099984 0.1225454 0.1381725 0.0281622 0.1092770 0.0930969 0.1008948 0.1525363 0.1284498 0.0690755 0.0992152 0.1127826 0.1069337 0.1228517 0.1108170 0.1268080 0.1272766 0.1111362 0.1024334 0.1023109 0.1158482 0.1109984 0.1020066 0.0656500 0.1323514 0.2263088 0.1104395 0.1310609 0.1087635 0.1005752 0.0621743 0.1005051 0.0556984 0.0623206 0.1193800 0.0934577 0.1199401 0.1081790 0.0853515 0.2555177 0.0987574 0.0778330 0.0581781 0.0919956 0.1163588 0.2282171 0.1262422 0.1216879 0.1128880 0.0884257 0.1027709 0.2534751 0.0563380 0.2780795 0.1058521 0.0778330 0.0770179 0.1336556 0.0845510 0.2017482 0.1019407 0.1006252 0.0631283 0.1210059 0.1150247 0.1150247 0.1381725 0.1681858 0.1668791 0.0964419 0.1293843 0.1134992 0.1086398 0.1077201 0.0612444 0.0678978 0.1019407 0.1024334 0.1225275 0.0611783 0.1744390 0.0831710 0.2377451 0.1011102 0.0621743 0.0000010 0.1163588 0.1150247 0.0860507 0.1082839 0.0862507 
ERR2789774    0.4701224 0.2864892 0.3424199 0.1018726 0.1464905 0.0000000 0.2028552 0.0886200 0.0629749 0.1731555 0.1197221 0.0995530 0.1435287 0.0835452 0.1196542 0.0894134 0.1315521 0.1137879 0.1453292 0.1397015 0.1008870 0.1703401 0.0869962 0.0831660 0.1170018 0.1789071 0.0870584 0.1174890 0.1395984 0.1339500 0.1307486 0.0880965 0.1761769 0.1914876 0.1102684 0.0877684 0.1724944 0.1297854 0.0538085 0.0874974 0.0862722 0.1319411 0.1880588 0.0911453 0.1141175 0.0887734 0.1019927 0.0832929 0.0869617 0.0835533 0.0832393 0.1405906 0.0966669 0.1218854 0.1178043 0.0833809 0.1778786 0.1273113 0.1192189 0.1307942 0.1180533 0.1080140 0.1755184 0.1031465 0.1098091 0.1450212 0.1234454 0.1264485 0.1823263 0.0699479 0.1954817 0.1277643 0.1281698 0.1252454 0.1356901 0.1071077 0.1664894 0.0863588 0.1069945 0.0544186 0.1552221 0.1391204 0.1385944 0.1385732 0.1677178 0.2143095 0.1317305 0.1344970 0.1223102 0.0945665 0.0957383 0.1036708 0.1012232 0.0951477 0.0921761 0.0924589 0.1092577 0.1042659 0.0725686 0.1491587 0.0946797 0.0832929 0.1817190 0.1043126 0.1452174 0.0875107 0.1203307 0.0921268 
PAFTOL_019361 0.3725661 0.2175362 0.3442851 0.2148473 0.2945315 0.2028552 0.0000000 0.1860705 0.1689687 0.2869436 0.2372087 0.1929469 0.2499712 0.1931577 0.2464719 0.1804117 0.2305109 0.2424147 0.2916552 0.2259638 0.2368835 0.2757750 0.1765888 0.1766407 0.2174838 0.2760680 0.2048267 0.2106300 0.2333054 0.2490180 0.2230637 0.2318171 0.2931054 0.2887902 0.2033528 0.1832723 0.2815224 0.2244014 0.1844202 0.1715626 0.2023696 0.2203789 0.2427233 0.1964930 0.2074054 0.1880495 0.1842363 0.1998375 0.1765248 0.2005834 0.2044454 0.2300110 0.2143532 0.2332264 0.2082912 0.1904842 0.2970124 0.2406640 0.1974242 0.2049578 0.2031555 0.2570904 0.2316233 0.1834203 0.2510200 0.1907960 0.2270483 0.2263691 0.2510426 0.1772498 0.2814768 0.2191300 0.2082267 0.2105537 0.2523269 0.2300179 0.2281402 0.1925605 0.1830362 0.1442442 0.2730691 0.2229400 0.2219821 0.2263639 0.2496587 0.3278061 0.2426384 0.2280367 0.2169435 0.1814213 0.1861259 0.2077839 0.2105364 0.1871213 0.1893243 0.1950074 0.2210225 0.2407867 0.2160533 0.2091204 0.1845180 0.1998375 0.1847137 0.2497126 0.2319613 0.1795426 0.2631318 0.1928514 
S0055         0.4471809 0.2777617 0.2936035 0.0723267 0.1185315 0.0886200 0.1860705 0.0000000 0.0549724 0.1511347 0.1060818 0.0635824 0.1291743 0.0568893 0.0814819 0.0778822 0.0952035 0.1021165 0.1493966 0.0998731 0.0828661 0.1689965 0.0562358 0.0528151 0.0938028 0.1740870 0.0678653 0.0817650 0.0986118 0.1302038 0.0946247 0.0732397 0.1268047 0.1623153 0.0566982 0.0566938 0.1479378 0.1154545 0.0543270 0.0566038 0.0753583 0.0994058 0.1751342 0.0680584 0.0911478 0.0594913 0.0562230 0.0643142 0.0495091 0.0645071 0.0679195 0.1007108 0.0729920 0.0736196 0.0945259 0.0471488 0.1197367 0.0875214 0.0758743 0.0684619 0.0835603 0.1067189 0.1726699 0.0825774 0.0932998 0.0959483 0.0980905 0.1018737 0.1663631 0.0474909 0.1822739 0.0964367 0.0835631 0.0541015 0.1071606 0.0876875 0.1636082 0.0745867 0.0740236 0.0307525 0.1342297 0.1101360 0.1097310 0.1058424 0.1679551 0.1898312 0.0806071 0.1106627 0.0909531 0.0630556 0.0622064 0.0561694 0.0682489 0.0634045 0.0569935 0.0367225 0.0681582 0.0648152 0.0684950 0.1747707 0.0741126 0.0643142 0.0606294 0.1029366 0.1015590 0.0569866 0.1108081 0.0462421 
S0196sl       0.4895444 0.2829224 0.3636708 0.0729033 0.0951407 0.0629749 0.1689687 0.0549724 0.0000000 0.1282203 0.0781435 0.0505064 0.1023085 0.0373086 0.0628979 0.0494065 0.0869580 0.0821270 0.1164349 0.0965655 0.0639564 0.1335573 0.0377136 0.0458541 0.0712465 0.1309403 0.0333957 0.0629765 0.0766441 0.0951301 0.0732850 0.0551132 0.1283475 0.1462278 0.0557811 0.0462203 0.1233786 0.0922037 0.0420995 0.0420179 0.0306332 0.0820403 0.1596497 0.0546747 0.0728991 0.0441080 0.0541006 0.0295110 0.0376952 0.0296124 0.0294906 0.0782157 0.0339000 0.0804629 0.0823485 0.0374381 0.1254683 0.0599039 0.0611643 0.0433443 0.0765823 0.0739267 0.1697593 0.0493726 0.0717086 0.0929483 0.0649611 0.0686151 0.1601214 0.0073167 0.2054798 0.0913670 0.0608477 0.0555566 0.1087057 0.0551561 0.1515096 0.0460698 0.0498664 0.0148630 0.1058608 0.0917893 0.0917893 0.0960748 0.1441475 0.1695510 0.0988808 0.0955105 0.0769536 0.0540816 0.0564457 0.0454107 0.0377651 0.0460698 0.0507346 0.0423103 0.0588504 0.0645308 0.0415250 0.1357660 0.0593462 0.0295110 0.1617988 0.0742423 0.1029598 0.0339906 0.0786032 0.0380794 
S0278         0.3819400 0.3304652 0.4269567 0.1509319 0.1130672 0.1731555 0.2869436 0.1511347 0.1282203 0.0000000 0.1436644 0.1372723 0.0269415 0.1080732 0.1543308 0.1455661 0.1610789 0.1493952 0.0471313 0.1673368 0.1233320 0.2382445 0.1227209 0.1311069 0.1936924 0.0975196 0.1371583 0.1744826 0.1508168 0.0627295 0.1442795 0.1417330 0.1716953 0.0329679 0.1258030 0.1218076 0.0174431 0.1158609 0.1274082 0.1322273 0.1276048 0.1521916 0.2550447 0.1350171 0.1513518 0.1661158 0.1428928 0.1328946 0.1226721 0.1333436 0.1244395 0.1583992 0.1231327 0.1218913 0.1043159 0.1572194 0.2221719 0.1366875 0.1291611 0.1395166 0.1324192 0.1361467 0.2504836 0.1785871 0.1427937 0.1592910 0.1181770 0.1301945 0.2436977 0.1192093 0.2889452 0.1171825 0.1234374 0.1384278 0.1537345 0.1402109 0.2449311 0.1428483 0.1068892 0.1036755 0.0295492 0.1187273 0.1182997 0.1543420 0.0790388 0.0389562 0.1388565 0.1654401 0.1418156 0.1228807 0.1053363 0.1359307 0.1320322 0.1282742 0.1184587 0.1465821 0.1362378 0.1650924 0.1204150 0.1036910 0.1198656 0.1328946 0.0335575 0.1366682 0.1144708 0.1197207 0.1495270 0.1249402 
S0281         0.4868784 0.3157206 0.3657656 0.0961205 0.1187816 0.1197221 0.2372087 0.1060818 0.0781435 0.1436644 0.0000000 0.1148852 0.1208798 0.0833589 0.1347659 0.1039078 0.1064996 0.0926189 0.1355628 0.1157725 0.1014091 0.1743181 0.1054548 0.1095192 0.1468669 0.1480774 0.0530839 0.0997087 0.1017773 0.1015130 0.1018949 0.0945578 0.1118089 0.1580148 0.1220903 0.1148220 0.1385522 0.1019605 0.0856207 0.1144291 0.0446488 0.1067860 0.1615298 0.1093197 0.1058916 0.1264191 0.1219806 0.0497203 0.1054125 0.0498645 0.0496908 0.1012556 0.0466668 0.0806667 0.0857827 0.0748996 0.1418532 0.0985672 0.0908969 0.0885976 0.0992331 0.0576173 0.1783730 0.1048453 0.0747242 0.1154732 0.0736168 0.0808863 0.1598537 0.0444203 0.1752912 0.0871090 0.0992465 0.1102913 0.1016391 0.1056664 0.1525129 0.1281935 0.1021045 0.0588593 0.1270969 0.1049213 0.1045419 0.1008804 0.1330969 0.1769299 0.0822907 0.1021418 0.0978723 0.1177559 0.0577691 0.0918206 0.0966764 0.1143289 0.1156414 0.1018834 0.1003684 0.1120613 0.0764086 0.1298569 0.1103315 0.0497203 0.1062052 0.0578081 0.1100530 0.1070856 0.0611681 0.0971744 
S0282         0.5168576 0.3027440 0.3592287 0.0990318 0.1087239 0.0995530 0.1929469 0.0635824 0.0505064 0.1372723 0.1148852 0.0000000 0.1206037 0.0573358 0.0533641 0.0742138 0.1206408 0.1078457 0.1430051 0.1213847 0.0959846 0.1243698 0.0085187 0.0172849 0.0877262 0.1629924 0.0790266 0.0909023 0.1083664 0.1209205 0.0952725 0.0734644 0.1572658 0.1373779 0.0398673 0.0173987 0.1344161 0.1118305 0.0572213 0.0144105 0.0795393 0.1261313 0.1780125 0.0638844 0.1128593 0.0887729 0.0523413 0.0753616 0.0143190 0.0755932 0.0790882 0.1158183 0.0845536 0.0935085 0.0910047 0.0755326 0.1700060 0.0959450 0.0881897 0.0927824 0.0763771 0.0949361 0.1709765 0.0942211 0.1067271 0.1149050 0.1064948 0.1019132 0.1742848 0.0580664 0.1951377 0.1153427 0.0962394 0.0694520 0.1321480 0.0884032 0.1620312 0.0235184 0.0357126 0.0271061 0.1296936 0.1065648 0.1061730 0.1159718 0.1571235 0.1949480 0.1240166 0.1208969 0.1125976 0.0202521 0.0733771 0.0748840 0.0687945 0.0143902 0.0173480 0.0574077 0.0722388 0.0881173 0.0690447 0.1661633 0.0568049 0.0753616 0.0756116 0.0952842 0.1118112 0.0115475 0.1028691 0.0365621 
S0289         0.3601039 0.2918409 0.3495453 0.1303369 0.1051409 0.1435287 0.2499712 0.1291743 0.1023085 0.0269415 0.1208798 0.1206037 0.0000000 0.0912002 0.1497977 0.1055973 0.1349874 0.1203807 0.0374115 0.1405582 0.1145468 0.1776282 0.1071150 0.1111115 0.1661563 0.0691655 0.1115609 0.1343859 0.1255889 0.0343787 0.1068787 0.1305760 0.1401803 0.0365033 0.1096443 0.1039496 0.0116083 0.1001509 0.1051044 0.1159476 0.0999884 0.1266684 0.1877115 0.1247197 0.1260334 0.1530159 0.1257596 0.1075440 0.1070729 0.1078942 0.1034016 0.1147463 0.0969985 0.1033970 0.0925676 0.1215079 0.1736932 0.0991046 0.0973883 0.1013972 0.1107565 0.1100061 0.1946734 0.1440152 0.1070817 0.1280431 0.0946788 0.1062382 0.1897484 0.0932138 0.2381397 0.1183970 0.0925065 0.1262975 0.1274658 0.1124377 0.1896916 0.1257229 0.0844828 0.0749682 0.0235500 0.1070858 0.1067046 0.1290075 0.0613643 0.0535030 0.1316943 0.1391063 0.1172653 0.0992499 0.0911027 0.1243534 0.1039557 0.1121929 0.1006657 0.1227587 0.1119457 0.1375375 0.1031384 0.0723281 0.0964104 0.1075440 0.0343068 0.1062372 0.0988160 0.1041707 0.1142407 0.1088399 
S0292         0.4648889 0.2821171 0.3155889 0.0596239 0.0683019 0.0835452 0.1931577 0.0568893 0.0373086 0.1080732 0.0833589 0.0573358 0.0912002 0.0000000 0.0728802 0.0628503 0.0830460 0.0676328 0.1057252 0.0839699 0.0536127 0.1295352 0.0466256 0.0568108 0.0804671 0.1186666 0.0360514 0.0528173 0.0751787 0.0700427 0.0562676 0.0757249 0.1142933 0.1286345 0.0619663 0.0572439 0.0950893 0.0614496 0.0543354 0.0536893 0.0445937 0.0757530 0.1763923 0.0645821 0.0754481 0.0632318 0.0565377 0.0328900 0.0497811 0.0329809 0.0360373 0.0718089 0.0465972 0.0775319 0.0474270 0.0458245 0.1284922 0.0497873 0.0468286 0.0485972 0.0760683 0.0727332 0.1552736 0.0704675 0.0910488 0.0914896 0.0538674 0.0571569 0.1675574 0.0240498 0.1932938 0.0804269 0.0537572 0.0437020 0.1036180 0.0238784 0.1556524 0.0612352 0.0603695 0.0166039 0.0939842 0.0643868 0.0641732 0.0820816 0.1137308 0.1420970 0.0922610 0.0830175 0.0680185 0.0602351 0.0661550 0.0356988 0.0144643 0.0504016 0.0610813 0.0469855 0.0144612 0.0689903 0.0114737 0.1140207 0.0604514 0.0328900 0.0462712 0.0729829 0.0685175 0.0436616 0.0839504 0.0399187 
S0293         0.4140916 0.3802004 0.3914496 0.1240724 0.1620252 0.1196542 0.2464719 0.0814819 0.0628979 0.1543308 0.1347659 0.0533641 0.1497977 0.0728802 0.0000000 0.1044914 0.1631794 0.1612481 0.1606005 0.1803428 0.1117799 0.4274839 0.0427595 0.0520827 0.0161092 0.1768638 0.0746539 0.1092691 0.1596749 0.1584661 0.0974242 0.1281677 0.1930169 0.2348975 0.0626441 0.0520827 0.1548162 0.1362139 0.0945766 0.0431134 0.1104059 0.1613625 0.2059514 0.0837441 0.1466237 0.0957216 0.0614645 0.0746539 0.0427595 0.0634434 0.0850842 0.1233059 0.0978447 0.1038640 0.1217678 0.0981259 0.0798606 0.0961959 0.0729275 0.0343980 0.0978447 0.1146220 0.2175096 0.0725588 0.1507509 0.2854942 0.1104962 0.1093272 0.1928058 0.0646377 0.2364805 0.2090208 0.0833093 0.0755953 0.1654884 0.1259942 0.1852985 0.0427595 0.0613609 0.0551408 0.1252055 0.1362139 0.1362139 0.1612933 0.2131252 0.2482981 0.1788896 0.1601420 0.1613625 0.0615185 0.1200783 0.0832324 0.0747387 0.0427595 0.0529845 0.0834586 0.1332253 0.0706164 0.0860535 0.2887528 0.0730292 0.0746539 0.0000010 0.1158786 0.1523532 0.0427595 0.1392686 0.0520827 
S0294         0.4587082 0.2910788 0.2940375 0.1049224 0.0759725 0.0894134 0.1804117 0.0778822 0.0494065 0.1455661 0.1039078 0.0742138 0.1055973 0.0628503 0.1044914 0.0000000 0.1272326 0.1134366 0.1434943 0.1325179 0.0862607 0.0893821 0.0629735 0.0664351 0.1125805 0.1449890 0.0701010 0.0600813 0.1182342 0.0970064 0.0944641 0.0828353 0.1302554 0.1401972 0.0715715 0.0669484 0.1340590 0.0952188 0.0720067 0.0633165 0.0696940 0.1192154 0.1564600 0.0863243 0.1104829 0.0806966 0.0806444 0.0665934 0.0629489 0.0667908 0.0701557 0.1005356 0.0749517 0.0920720 0.0842372 0.0633389 0.1534370 0.0987644 0.0801299 0.0974943 0.0450624 0.0984625 0.1452063 0.0957657 0.0829310 0.0910042 0.0807334 0.0843098 0.1479004 0.0573828 0.1821499 0.0899250 0.0879649 0.0753351 0.1147651 0.0835519 0.1410974 0.0698368 0.0739275 0.0377142 0.1337086 0.0998294 0.0994741 0.1175764 0.1353772 0.1830129 0.0994901 0.1304574 0.1102337 0.0699052 0.0769341 0.0733514 0.0634163 0.0702985 0.0708960 0.0790101 0.0776060 0.0916456 0.0672257 0.1535005 0.0777133 0.0665934 0.0881410 0.0948683 0.0955813 0.0638246 0.1024567 0.0747278 
S0303         0.4499659 0.2896738 0.3678931 0.1166351 0.1474980 0.1315521 0.2305109 0.0952035 0.0869580 0.1610789 0.1064996 0.1206408 0.1349874 0.0830460 0.1631794 0.1272326 0.0000000 0.0469739 0.1617650 0.0235078 0.0970801 0.1909939 0.1119808 0.1244214 0.1631324 0.1744283 0.0790667 0.1097455 0.0263555 0.1132571 0.1208199 0.1103039 0.0830697 0.1632662 0.1184916 0.1255601 0.1527616 0.1351251 0.1005338 0.1210047 0.0834142 0.0113827 0.1886996 0.1159009 0.0085326 0.0981163 0.1202382 0.0753997 0.1119367 0.0756315 0.0791284 0.1251768 0.0845979 0.0497143 0.1176060 0.0992548 0.0697521 0.1133311 0.1096757 0.0803140 0.1446199 0.1348225 0.1911060 0.1213277 0.1083145 0.0828968 0.1105990 0.1125874 0.1796752 0.0585345 0.1977515 0.1083182 0.1142248 0.0918489 0.1008231 0.0911622 0.1916015 0.1348335 0.1069924 0.0709293 0.1612714 0.1379879 0.1374709 0.0265639 0.1499801 0.1908055 0.0611338 0.0325557 0.0114159 0.1285579 0.0384139 0.0856409 0.0993054 0.1209047 0.1217710 0.0925764 0.0912706 0.1342617 0.0950088 0.1875355 0.1129125 0.0753997 0.0619328 0.1353331 0.1438489 0.1037977 0.1348628 0.0908007 
S0308         0.4566796 0.2832972 0.3526736 0.1114840 0.1099984 0.1137879 0.2424147 0.1021165 0.0821270 0.1493952 0.0926189 0.1078457 0.1203807 0.0676328 0.1612481 0.1134366 0.0469739 0.0000000 0.1611683 0.0543589 0.0873771 0.1863783 0.0949092 0.1067336 0.1513889 0.1604799 0.0711442 0.0926989 0.0467287 0.1102560 0.1238381 0.0994692 0.0913302 0.1664708 0.1007625 0.1076675 0.1374567 0.1203294 0.0849356 0.1033935 0.0743092 0.0538455 0.1762780 0.1042986 0.0468980 0.1103401 0.1070549 0.0675811 0.0948717 0.0677839 0.0712000 0.1353929 0.0837879 0.0497727 0.1036561 0.0906434 0.1167361 0.1163971 0.1068687 0.1071768 0.1290520 0.1203894 0.1691536 0.1237304 0.0858968 0.0642810 0.1010161 0.1127672 0.1772089 0.0545480 0.1887422 0.1260498 0.1071164 0.0994435 0.0871253 0.0790281 0.1695808 0.1163955 0.0994762 0.0533465 0.1456597 0.1231949 0.1227472 0.0527535 0.1500437 0.1875073 0.0811848 0.0535993 0.0401484 0.1106756 0.0417529 0.0885703 0.0819046 0.1032977 0.1043867 0.0972973 0.0780728 0.1238201 0.0707969 0.1425981 0.1034633 0.0675811 0.0736905 0.1208328 0.1286415 0.0924600 0.1287230 0.0873721 
S0320         0.4227548 0.3224580 0.4315811 0.1494876 0.1225454 0.1453292 0.2916552 0.1493966 0.1164349 0.0471313 0.1355628 0.1430051 0.0374115 0.1057252 0.1606005 0.1434943 0.1617650 0.1611683 0.0000000 0.1559733 0.1240693 0.2031993 0.1207080 0.1207735 0.1908037 0.0707601 0.1242076 0.1466357 0.1334946 0.0599904 0.1644454 0.1457184 0.1675106 0.0583952 0.1181599 0.1291396 0.0422447 0.1094244 0.1413149 0.1284397 0.1177675 0.1410866 0.3027309 0.1482508 0.1418922 0.1665449 0.1205163 0.1179274 0.1206350 0.1185216 0.1180406 0.1297781 0.1208575 0.1325626 0.1041314 0.1388602 0.2620866 0.1353303 0.1123013 0.1288452 0.1352459 0.1064846 0.2981129 0.1582122 0.1340183 0.2028506 0.1236636 0.1355702 0.2923731 0.1019400 0.3494591 0.1133188 0.1190065 0.1420151 0.1778659 0.1182493 0.2762341 0.1284113 0.0956155 0.1045978 0.0177240 0.1088280 0.1088280 0.1550029 0.0874272 0.0802786 0.1443865 0.1537289 0.1334248 0.1209464 0.1312699 0.1386404 0.1271525 0.1284113 0.1305881 0.1424754 0.1491278 0.1750953 0.1246236 0.0783425 0.0959840 0.1179274 0.0000010 0.1070746 0.1161360 0.1148668 0.1253867 0.1026263 
S0322         0.4215130 0.2810300 0.3738980 0.1303920 0.1381725 0.1397015 0.2259638 0.0998731 0.0965655 0.1673368 0.1157725 0.1213847 0.1405582 0.0839699 0.1803428 0.1325179 0.0235078 0.0543589 0.1559733 0.0000000 0.1016894 0.1808236 0.1210141 0.1338048 0.1916985 0.1670308 0.0833795 0.1146438 0.0174371 0.1146232 0.1260543 0.1196999 0.0798696 0.1694789 0.1325313 0.1350595 0.1587085 0.1318271 0.1081296 0.1303438 0.0961705 0.0235916 0.1958678 0.1295335 0.0175434 0.1040041 0.1169778 0.0796457 0.1209666 0.0798935 0.0834443 0.1305114 0.0970270 0.0603497 0.1143080 0.1040060 0.0987773 0.1184560 0.1147407 0.1046468 0.1361679 0.1446324 0.1982273 0.1353115 0.1155132 0.0736205 0.1157215 0.1132658 0.1813943 0.0661741 0.2051013 0.1135776 0.1193935 0.0964876 0.1139984 0.0922000 0.1987492 0.1446450 0.1201795 0.0794055 0.1673750 0.1347232 0.1342161 0.0206399 0.1427061 0.1977476 0.0763405 0.0235029 0.0143819 0.1380528 0.0491254 0.0900336 0.1004566 0.1302421 0.1311937 0.1053781 0.0923110 0.1492370 0.0960970 0.1567430 0.1265433 0.0796457 0.0929460 0.1451900 0.1405581 0.1125878 0.1446767 0.0991280 
S0335         0.3941387 0.3246376 0.3783073 0.0838551 0.0281622 0.1008870 0.2368835 0.0828661 0.0639564 0.1233320 0.1014091 0.0959846 0.1145468 0.0536127 0.1117799 0.0862607 0.0970801 0.0873771 0.1240693 0.1016894 0.0000000 0.1510632 0.0835098 0.0950145 0.1283726 0.1443224 0.0604063 0.0746916 0.0889671 0.0926445 0.0954414 0.0825011 0.1315622 0.1306947 0.0926816 0.0958264 0.1088290 0.0992716 0.0853571 0.0839913 0.0669042 0.0896562 0.2033492 0.0966050 0.0818069 0.0862507 0.0949264 0.0569470 0.0834765 0.0571156 0.0604552 0.1099337 0.0725538 0.0924392 0.0836053 0.0792001 0.1356374 0.0882722 0.0760469 0.0798676 0.1029085 0.0874658 0.1997571 0.1075900 0.1151666 0.0948943 0.0893679 0.0969556 0.2041635 0.0475324 0.2328695 0.0786685 0.0837517 0.0766467 0.1116802 0.0804193 0.1803463 0.0962515 0.0955966 0.0460026 0.1183722 0.1021628 0.1018041 0.0959418 0.1301873 0.1582031 0.0951254 0.1042793 0.0816398 0.0988580 0.0737899 0.0462818 0.0648614 0.0916109 0.1003898 0.0814758 0.0577368 0.1113376 0.0610918 0.1465317 0.0867397 0.0569470 0.0878160 0.0877714 0.1071012 0.0847236 0.0990663 0.0686059 
S0376         0.5093424 0.3352392 0.3774168 0.1738642 0.1092770 0.1703401 0.2757750 0.1689965 0.1335573 0.2382445 0.1743181 0.1243698 0.1776282 0.1295352 0.4274839 0.0893821 0.1909939 0.1863783 0.2031993 0.1808236 0.1510632 0.0000000 0.1201733 0.1294857 0.2419282 0.2110769 0.1388958 0.1140193 0.1706463 0.1576663 0.1819721 0.1541556 0.2093048 0.2130367 0.1498069 0.1308490 0.2138214 0.1697346 0.1551325 0.1210040 0.1333482 0.1879469 0.3073834 0.1571184 0.1713089 0.1903841 0.1443230 0.1340454 0.1201199 0.1345605 0.1342085 0.1567392 0.1329726 0.1747142 0.1547744 0.1490767 0.2869908 0.1804531 0.1631633 0.2126593 0.1167228 0.1342398 0.2720600 0.1873265 0.1709920 0.1774063 0.1535535 0.1479278 0.2928108 0.1273269 0.3396509 0.1220466 0.1690903 0.1477562 0.1651535 0.1425625 0.2593596 0.1339879 0.1458098 0.1070373 0.2072661 0.1763700 0.1755639 0.1800813 0.2089770 0.2850053 0.1983903 0.1812339 0.1699429 0.1294857 0.1499976 0.1341783 0.1401430 0.1306057 0.1306894 0.1672928 0.1346875 0.1943357 0.1391502 0.2819096 0.1559377 0.1340454 0.1286804 0.1288298 0.1759248 0.1223165 0.1389140 0.1325030 
S0400         0.4881021 0.2799688 0.3404650 0.0905012 0.0930969 0.0869962 0.1765888 0.0562358 0.0377136 0.1227209 0.1054548 0.0085187 0.1071150 0.0466256 0.0427595 0.0629735 0.1119808 0.0949092 0.1207080 0.1210141 0.0835098 0.1201733 0.0000000 0.0084519 0.0733508 0.1471177 0.0674439 0.0787796 0.1032714 0.1069571 0.0829260 0.0690983 0.1510610 0.1379520 0.0299459 0.0085055 0.1202548 0.0982963 0.0465372 0.0056370 0.0711134 0.1122810 0.1665770 0.0529896 0.1036384 0.0782651 0.0421095 0.0639192 0.0056020 0.0641093 0.0674975 0.1121582 0.0725223 0.0900364 0.0783823 0.0640626 0.1540274 0.0834807 0.0760377 0.0806000 0.0718058 0.0821453 0.1549623 0.0820406 0.0855728 0.1033685 0.0933159 0.0889553 0.1578684 0.0472129 0.1830337 0.1002135 0.0837410 0.0660187 0.1179017 0.0762111 0.1463385 0.0143680 0.0261795 0.0165029 0.1157663 0.0933597 0.0930260 0.1107425 0.1415984 0.1779378 0.1100634 0.1155363 0.0994048 0.0113167 0.0699251 0.0635291 0.0575073 0.0056289 0.0114527 0.0501371 0.0644964 0.0759800 0.0577126 0.1492898 0.0462141 0.0639192 0.0756116 0.0824389 0.0982587 0.0028220 0.0939177 0.0267830 
S0405         0.4873009 0.2737505 0.3334113 0.0905470 0.1008948 0.0831660 0.1766407 0.0528151 0.0458541 0.1311069 0.1095192 0.0172849 0.1111115 0.0568108 0.0520827 0.0664351 0.1244214 0.1067336 0.1207735 0.1338048 0.0950145 0.1294857 0.0084519 0.0000000 0.0733901 0.1560755 0.0782679 0.0900036 0.1154038 0.1195974 0.0943188 0.0654190 0.1646332 0.1512049 0.0395205 0.0085118 0.1329511 0.1106299 0.0431904 0.0142950 0.0826054 0.1247718 0.1617124 0.0528782 0.1158099 0.0876091 0.0518804 0.0746433 0.0142056 0.0748694 0.0783283 0.1164596 0.0837163 0.0938223 0.0900671 0.0675902 0.1538762 0.0949761 0.0834906 0.0913794 0.0793393 0.0939503 0.1502748 0.0932897 0.0918987 0.1131813 0.0896123 0.0930376 0.1530741 0.0575282 0.1779504 0.1049341 0.0913571 0.0771651 0.1261488 0.0875208 0.1417235 0.0233250 0.0354122 0.0233551 0.1198635 0.1054405 0.1050565 0.1230219 0.1503998 0.1873110 0.1141857 0.1280115 0.1114213 0.0142097 0.0811739 0.0741756 0.0681414 0.0142756 0.0114611 0.0604610 0.0753283 0.0760220 0.0683865 0.1493729 0.0562898 0.0746433 0.0898294 0.0902694 0.1062445 0.0114552 0.1060776 0.0362471 
S0412sl       0.4414171 0.3647810 0.4039827 0.1030522 0.1525363 0.1170018 0.2174838 0.0938028 0.0712465 0.1936924 0.1468669 0.0877262 0.1661563 0.0804671 0.0161092 0.1125805 0.1631324 0.1513889 0.1908037 0.1916985 0.1283726 0.2419282 0.0733508 0.0733901 0.0000000 0.1852030 0.0816689 0.1117385 0.1693757 0.1518215 0.1199356 0.1146134 0.2207366 0.2671532 0.1029918 0.0735017 0.1771459 0.1434717 0.0960938 0.0801976 0.1157186 0.1723111 0.1876905 0.0927548 0.1620477 0.1033700 0.0913757 0.0816689 0.0733508 0.0744400 0.0882298 0.1344880 0.1043973 0.1315580 0.1272626 0.0888588 0.1133608 0.1293086 0.1023477 0.0888477 0.0990027 0.1146856 0.2059641 0.0860465 0.1430651 0.2020427 0.1178922 0.1180064 0.1801621 0.0767044 0.1968278 0.1673594 0.1171285 0.1313317 0.1667346 0.1203798 0.1753456 0.0848238 0.1005532 0.0498390 0.1647115 0.1448803 0.1448803 0.1676781 0.2233752 0.2653299 0.1731958 0.1708910 0.1619862 0.0797895 0.1229067 0.0939451 0.0884765 0.0796822 0.0806965 0.0950859 0.1176175 0.0865233 0.0822175 0.2383753 0.0914871 0.0816689 0.1585246 0.1063550 0.1530554 0.0812660 0.1296672 0.0797970 
S0417         0.4222136 0.3265964 0.4120718 0.1640907 0.1284498 0.1789071 0.2760680 0.1740870 0.1309403 0.0975196 0.1480774 0.1629924 0.0691655 0.1186666 0.1768638 0.1449890 0.1744283 0.1604799 0.0707601 0.1670308 0.1443224 0.2110769 0.1471177 0.1560755 0.1852030 0.0000000 0.1325422 0.1456458 0.1598348 0.0447076 0.1461110 0.1745581 0.2069343 0.0892949 0.1627593 0.1576395 0.0766153 0.1212492 0.1498631 0.1574551 0.1260061 0.1653767 0.2539446 0.1556236 0.1603993 0.1720722 0.1636051 0.1281912 0.1470598 0.1286348 0.1278514 0.1419397 0.1306459 0.1612249 0.1038707 0.1431503 0.2431953 0.1404839 0.1296680 0.1512065 0.1412529 0.1398749 0.2503772 0.1888791 0.1126978 0.1926459 0.1150761 0.1271607 0.2434536 0.1175907 0.2896262 0.1409676 0.1303083 0.1684340 0.1738497 0.1485933 0.2447152 0.1596561 0.1216406 0.0983779 0.0915054 0.1242302 0.1237598 0.1633688 0.0407742 0.1018515 0.1540020 0.1653689 0.1546316 0.1468197 0.1262571 0.1555855 0.1418785 0.1532967 0.1635192 0.1727113 0.1418714 0.1955635 0.1233516 0.0809416 0.1217079 0.1281912 0.1179353 0.1347887 0.1192963 0.1441190 0.1445701 0.1494521 
S0419         0.4765149 0.3011354 0.3520995 0.0701573 0.0690755 0.0870584 0.2048267 0.0678653 0.0333957 0.1371583 0.0530839 0.0790266 0.1115609 0.0360514 0.0746539 0.0701010 0.0790667 0.0711442 0.1242076 0.0833795 0.0604063 0.1388958 0.0674439 0.0782679 0.0816689 0.1325422 0.0000000 0.0602555 0.0713269 0.0857205 0.0677752 0.0794990 0.0892704 0.1462539 0.0847595 0.0788995 0.1238693 0.0793581 0.0607361 0.0750662 0.0272951 0.0718654 0.1695875 0.0746500 0.0715826 0.0683256 0.0745414 0.0027894 0.0674172 0.0027966 0.0084457 0.0718488 0.0296168 0.0737121 0.0646405 0.0325091 0.1102208 0.0610447 0.0577849 0.0443458 0.0752889 0.0672022 0.1670632 0.0705057 0.0778397 0.0728414 0.0643612 0.0677291 0.1609293 0.0028692 0.1860202 0.0750064 0.0650514 0.0615081 0.0897782 0.0537278 0.1583516 0.0867578 0.0787167 0.0200013 0.1215188 0.0822624 0.0819832 0.0781574 0.1316385 0.1643585 0.0718962 0.0751411 0.0642612 0.0818928 0.0517640 0.0493404 0.0464399 0.0749856 0.0830991 0.0537906 0.0531190 0.0876157 0.0362414 0.1440128 0.0788089 0.0027894 0.0717927 0.0674248 0.0867409 0.0683767 0.0707977 0.0570291 
S0427         0.4343822 0.3037434 0.3336204 0.1016827 0.0992152 0.1174890 0.2106300 0.0817650 0.0629765 0.1744826 0.0997087 0.0909023 0.1343859 0.0528173 0.1092691 0.0600813 0.1097455 0.0926989 0.1466357 0.1146438 0.0746916 0.1140193 0.0787796 0.0900036 0.1117385 0.1456458 0.0602555 0.0000000 0.1012451 0.1030628 0.0951859 0.0954758 0.1247871 0.1586461 0.0865220 0.0907546 0.1475631 0.1054961 0.0967700 0.0792256 0.0663091 0.1020547 0.2340659 0.1003473 0.0938238 0.0826409 0.0895523 0.0568056 0.0787485 0.0569731 0.0603032 0.0835035 0.0713644 0.0998335 0.0853517 0.0639282 0.1491347 0.0870619 0.0725028 0.0802008 0.0851788 0.1040894 0.2136860 0.0906570 0.1255933 0.0955796 0.0721525 0.0756081 0.2242420 0.0470328 0.2540324 0.1031902 0.0886372 0.0756287 0.1319640 0.0763862 0.2149624 0.0989593 0.0864790 0.0416256 0.1471529 0.1004492 0.1000893 0.1045689 0.1423930 0.1894272 0.1039951 0.1053889 0.0936239 0.0937550 0.0848917 0.0590600 0.0638626 0.0866587 0.0951766 0.0765169 0.0671361 0.1057120 0.0571381 0.1283277 0.0865738 0.0568056 0.1066101 0.1044655 0.1054678 0.0799004 0.1081966 0.0679975 
S0430         0.4371858 0.2811017 0.3872297 0.1201723 0.1127826 0.1395984 0.2333054 0.0986118 0.0766441 0.1508168 0.1017773 0.1083664 0.1255889 0.0751787 0.1596749 0.1182342 0.0263555 0.0467287 0.1334946 0.0174371 0.0889671 0.1706463 0.1032714 0.1154038 0.1693757 0.1598348 0.0713269 0.1012451 0.0000000 0.1008258 0.1118519 0.1060039 0.0679266 0.1589177 0.1178177 0.1164370 0.1429178 0.1257041 0.0999749 0.1120238 0.0829437 0.0263701 0.1927686 0.1152562 0.0203383 0.1023091 0.1113246 0.0677495 0.1032307 0.0679536 0.0713833 0.1211208 0.0841336 0.0531343 0.1086607 0.0987100 0.0912838 0.1044811 0.1008938 0.0969473 0.1163266 0.1254274 0.1899408 0.1289672 0.0927071 0.0550667 0.1017298 0.0958256 0.1784929 0.0546821 0.2018339 0.1076247 0.1053075 0.0880575 0.1002610 0.0830402 0.1904307 0.1254371 0.1064038 0.0663653 0.1512559 0.1285798 0.1281056 0.0234392 0.1449877 0.1797641 0.0645338 0.0172989 0.0113892 0.1194437 0.0418669 0.0778124 0.0909540 0.1119251 0.1131269 0.0960182 0.0869494 0.1334773 0.0868003 0.1481511 0.1164009 0.0677495 0.0924229 0.1258960 0.1341984 0.0953055 0.1297812 0.0827297 
S0478         0.4090584 0.2885724 0.3413704 0.1064233 0.1069337 0.1339500 0.2490180 0.1302038 0.0951301 0.0627295 0.1015130 0.1209205 0.0343787 0.0700427 0.1584661 0.0970064 0.1132571 0.1102560 0.0599904 0.1146232 0.0926445 0.1576663 0.1069571 0.1195974 0.1518215 0.0447076 0.0857205 0.1030628 0.1008258 0.0000000 0.0977805 0.1237199 0.1360192 0.0515976 0.1194563 0.1163681 0.0409904 0.0901862 0.0957133 0.1160965 0.0814356 0.1053017 0.1980832 0.1155804 0.1011891 0.1208974 0.1069192 0.0818703 0.1069137 0.0821324 0.0816646 0.1006160 0.0831459 0.1062236 0.0787343 0.1070499 0.1542254 0.0865428 0.0800622 0.0794145 0.1112345 0.0860954 0.1999242 0.1157357 0.0963607 0.1326633 0.0844505 0.0915740 0.1981683 0.0715887 0.2450990 0.1018715 0.0793005 0.1166488 0.1228779 0.0910681 0.2062760 0.1073928 0.0906615 0.0731133 0.0509267 0.0940656 0.0937273 0.1051260 0.0338764 0.0768868 0.1118218 0.1094835 0.0965529 0.1111256 0.0817910 0.0978328 0.0860457 0.1073625 0.1172114 0.1136073 0.0898553 0.1387348 0.0777361 0.0805057 0.0862571 0.0818703 0.0616415 0.0864038 0.1030316 0.0988762 0.0900825 0.0986163 
S0552sl       0.4909721 0.3529900 0.3720168 0.1065598 0.1228517 0.1307486 0.2230637 0.0946247 0.0732850 0.1442795 0.1018949 0.0952725 0.1068787 0.0562676 0.0974242 0.0944641 0.1208199 0.1238381 0.1644454 0.1260543 0.0954414 0.1819721 0.0829260 0.0943188 0.1199356 0.1461110 0.0677752 0.0951859 0.1118519 0.0977805 0.0000000 0.1279248 0.1340558 0.1464808 0.1136749 0.0951169 0.1283312 0.0895702 0.0921320 0.0910362 0.0713142 0.1127839 0.1838614 0.1074426 0.1122482 0.0877361 0.1016084 0.0642319 0.0863194 0.0644256 0.0678292 0.0654754 0.0618986 0.1020467 0.0816223 0.0785419 0.1381348 0.0299166 0.0338792 0.0261159 0.1057689 0.1065095 0.1717716 0.0985281 0.1106876 0.1226763 0.0554004 0.0586995 0.1831948 0.0508640 0.1958324 0.1049258 0.0335710 0.0813164 0.1162208 0.0717308 0.1675493 0.0998894 0.0906456 0.0574142 0.1322238 0.1004922 0.1001329 0.1193064 0.1406526 0.1673528 0.1147107 0.1207120 0.1038577 0.0903972 0.0784393 0.0671970 0.0567659 0.0874646 0.0996298 0.0882390 0.0707495 0.1268211 0.0639607 0.1569159 0.0907414 0.0642319 0.0593504 0.1069033 0.1054998 0.0836766 0.1107308 0.0827877 
S0558         0.4808057 0.3029689 0.3390324 0.0882204 0.1108170 0.0880965 0.2318171 0.0732397 0.0551132 0.1417330 0.0945578 0.0734644 0.1305760 0.0757249 0.1281677 0.0828353 0.1103039 0.0994692 0.1457184 0.1196999 0.0825011 0.1541556 0.0690983 0.0654190 0.1146134 0.1745581 0.0794990 0.0954758 0.1060039 0.1237199 0.1279248 0.0000000 0.1448515 0.1694828 0.0818006 0.0696969 0.1412400 0.1272869 0.0590188 0.0769492 0.0877757 0.1105938 0.1757864 0.0769430 0.1023819 0.0916098 0.0932304 0.0758097 0.0690704 0.0760437 0.0757614 0.1287660 0.0887620 0.0991450 0.1059132 0.0686338 0.1426549 0.1202189 0.1121484 0.1093346 0.0910421 0.1018437 0.1559615 0.1039084 0.1258163 0.0931780 0.1154505 0.1194050 0.1670550 0.0628692 0.1829821 0.1106387 0.1210425 0.0897459 0.1240135 0.1039195 0.1668990 0.0890025 0.0882896 0.0431211 0.1366520 0.1217704 0.1213189 0.1054323 0.1732631 0.1982156 0.0977104 0.1061173 0.1018896 0.0764110 0.0754429 0.0827405 0.0927856 0.0768648 0.0664705 0.0819070 0.0927746 0.0948686 0.0721075 0.1553238 0.1059349 0.0758097 0.0614046 0.0981194 0.1227488 0.0700801 0.1141839 0.0816226 
S0616         0.4995757 0.3649317 0.4349814 0.1491542 0.1268080 0.1761769 0.2931054 0.1268047 0.1283475 0.1716953 0.1118089 0.1572658 0.1401803 0.1142933 0.1930169 0.1302554 0.0830697 0.0913302 0.1675106 0.0798696 0.1315622 0.2093048 0.1510610 0.1646332 0.2207366 0.2069343 0.0892704 0.1247871 0.0679266 0.1360192 0.1340558 0.1448515 0.0000000 0.1705926 0.1285058 0.1662472 0.1629316 0.1552603 0.1501188 0.1611371 0.0979951 0.0831606 0.2175471 0.1579833 0.0717905 0.1544496 0.1461345 0.0855525 0.1510039 0.0820974 0.0893374 0.1511544 0.0987196 0.0605389 0.1456277 0.1140894 0.1338951 0.1220893 0.1226923 0.1166872 0.1099991 0.1525776 0.2077922 0.1434529 0.1000244 0.0927520 0.1368015 0.1409265 0.1920542 0.0795058 0.2159821 0.1253617 0.1316622 0.1077607 0.1026967 0.1341178 0.2039711 0.1765715 0.1428743 0.0953455 0.1716236 0.1674684 0.1668114 0.0747386 0.1848463 0.2022597 0.0645095 0.0715192 0.0680365 0.1691208 0.0492122 0.1130834 0.1160057 0.1610394 0.1628845 0.1351657 0.1321538 0.1605867 0.1165236 0.2048721 0.1429587 0.0855525 0.1030732 0.1531669 0.1625172 0.1535364 0.1481203 0.1381320 
S0624         0.3825795 0.3527750 0.4276649 0.1682272 0.1272766 0.1914876 0.2887902 0.1623153 0.1462278 0.0329679 0.1580148 0.1373779 0.0365033 0.1286345 0.2348975 0.1401972 0.1632662 0.1664708 0.0583952 0.1694789 0.1306947 0.2130367 0.1379520 0.1512049 0.2671532 0.0892949 0.1462539 0.1586461 0.1589177 0.0515976 0.1464808 0.1694828 0.1705926 0.0000000 0.1414644 0.1436325 0.0295643 0.1243275 0.1533983 0.1388089 0.1276484 0.1603715 0.2399554 0.1522963 0.1502194 0.1909121 0.1587448 0.1419045 0.1378989 0.1423893 0.1375915 0.1349277 0.1318810 0.1279440 0.1125874 0.1668633 0.2478238 0.1389873 0.1369796 0.1599949 0.1546980 0.1451108 0.2529865 0.1822444 0.1580505 0.1629365 0.1333080 0.1458883 0.2377122 0.1315831 0.2844484 0.1232179 0.1311122 0.1440515 0.1709429 0.1475370 0.2474808 0.1586951 0.1136509 0.1215950 0.0455691 0.1271727 0.1267099 0.1624254 0.0647880 0.0392664 0.1426021 0.1736828 0.1498242 0.1381329 0.1077483 0.1526471 0.1437707 0.1437404 0.1304674 0.1543609 0.1432902 0.1911094 0.1372316 0.1041633 0.1266541 0.1419045 0.0579589 0.1456729 0.1228210 0.1350275 0.1449284 0.1359850 
S0641         0.4984321 0.2997395 0.3360300 0.1055351 0.1111362 0.1102684 0.2033528 0.0566982 0.0557811 0.1258030 0.1220903 0.0398673 0.1096443 0.0619663 0.0626441 0.0715715 0.1184916 0.1007625 0.1181599 0.1325313 0.0926816 0.1498069 0.0299459 0.0395205 0.1029918 0.1627593 0.0847595 0.0865220 0.1178177 0.1194563 0.1136749 0.0818006 0.1285058 0.1414644 0.0000000 0.0398043 0.1232013 0.1237571 0.0620928 0.0364992 0.0848242 0.1231392 0.1943216 0.0689815 0.1098408 0.0947894 0.0534604 0.0809517 0.0299341 0.0812084 0.0848262 0.1339611 0.0906325 0.0908423 0.1017377 0.0774620 0.1684438 0.1061775 0.0984173 0.0864488 0.0852684 0.1055883 0.1819489 0.1005692 0.0930542 0.1149859 0.1126334 0.1221070 0.1907310 0.0589793 0.2183817 0.1183413 0.1069066 0.0778057 0.1127740 0.0942361 0.1777474 0.0465931 0.0331659 0.0273080 0.1101300 0.1180944 0.1176419 0.1171432 0.1567326 0.1828721 0.1102704 0.1307547 0.1095861 0.0427495 0.0698226 0.0752507 0.0776678 0.0364519 0.0433201 0.0582690 0.0813808 0.0854848 0.0779570 0.1638859 0.0544468 0.0809517 0.0621747 0.1059908 0.1135715 0.0303220 0.1185093 0.0400407 
S0643         0.4848404 0.2710481 0.3308426 0.0952965 0.1024334 0.0877684 0.1832723 0.0566938 0.0462203 0.1218076 0.1148220 0.0173987 0.1039496 0.0572439 0.0520827 0.0669484 0.1255601 0.1076675 0.1291396 0.1350595 0.0958264 0.1308490 0.0085055 0.0085118 0.0735017 0.1576395 0.0788995 0.0907546 0.1164370 0.1163681 0.0951169 0.0696969 0.1662472 0.1436325 0.0398043 0.0000000 0.1255452 0.1116395 0.0469113 0.0143880 0.0833134 0.1259188 0.1683312 0.0567656 0.1168501 0.0877164 0.0522598 0.0752406 0.0142974 0.0754709 0.0789609 0.1114431 0.0844145 0.0986140 0.0908506 0.0681226 0.1541071 0.0957869 0.0835724 0.0915082 0.0760971 0.0947752 0.1565506 0.0940690 0.0930731 0.1144424 0.0927468 0.0884218 0.1595201 0.0579719 0.1850186 0.0993634 0.0914469 0.0778069 0.1273223 0.0882575 0.1478272 0.0234819 0.0356574 0.0200535 0.1168581 0.1063844 0.1059939 0.1241326 0.1495555 0.1764920 0.1196096 0.1291845 0.1124107 0.0143015 0.0818544 0.0747643 0.0686829 0.0143684 0.0028057 0.0609280 0.0759371 0.0718107 0.0689321 0.1586983 0.0567143 0.0752406 0.0756116 0.0910576 0.1072054 0.0115295 0.1070334 0.0365044 
