71
HYZL        0.0000000 0.1091400 0.3984019 0.4327951 0.3609639 0.3460698 0.4530102 0.3347959 0.3909720 0.3404634 0.3702319 0.3697101 0.4244197 0.3907514 0.3247096 0.3312275 0.3949090 0.3329856 0.3375428 0.3774077 0.3235542 0.3247096 0.3229745 0.3365265 0.4178573 0.3236471 0.3610329 0.3430063 0.4224735 0.3698385 0.4224735 0.3954944 0.3495349 0.3649067 0.3521123 0.3600351 0.3375428 0.3805699 0.4539289 0.2654599 0.4190804 0.3444142 0.2967428 0.4018859 0.3066218 0.3445860 0.3342906 0.3821458 0.4480786 0.3066218 0.3136435 0.3057336 0.3267539 0.3186450 0.3260162 0.3541312 0.3449874 0.3479054 0.4416522 0.3136435 0.3022827 0.3681660 0.4526980 0.3629025 0.3889751 0.4295984 0.3001773 0.4454240 0.4404747 0.3555741 0.4740808 
MYZV        0.1091400 0.0000000 0.4806122 0.5522858 0.4942299 0.4469254 0.5809206 0.4861525 0.5439184 0.4186650 0.3816157 0.4055834 0.4792444 0.5590845 0.4708544 0.4323416 0.5643050 0.4777094 0.4223507 0.5146431 0.4633392 0.4708544 0.4691743 0.4891378 0.5246350 0.3862451 0.4894035 0.4940294 0.4783422 0.5305474 0.4783422 0.4986946 0.4257249 0.4402365 0.4060754 0.4100557 0.4223507 0.5277878 0.4659940 0.3030466 0.4322531 0.4321928 0.3550818 0.4563689 0.3674552 0.4065823 0.4047899 0.5445648 0.4649704 0.3674552 0.4535511 0.4469254 0.4346561 0.3506666 0.3588838 0.3661396 0.4983256 0.4236065 0.4341758 0.4535511 0.4187364 0.5286396 0.5157977 0.5193922 0.4951762 0.5471170 0.4819429 0.5030848 0.4483483 0.5132963 0.5082288 
SRR6441723  0.3984019 0.4806122 0.0000000 0.2001599 0.1665667 0.1868454 0.1336501 0.1893150 0.3062440 0.2607816 0.1303550 0.0996468 0.0920541 0.1985906 0.1708845 0.1678500 0.1710078 0.1094692 0.1450475 0.1389650 0.1501114 0.1708845 0.1404917 0.1889336 0.1378348 0.1780704 0.1871853 0.1730666 0.1053032 0.2038503 0.1053032 0.1132940 0.1467085 0.1148452 0.1153451 0.1446307 0.1450475 0.2952430 0.1294076 0.1599381 0.1528301 0.1282059 0.1595771 0.0936885 0.1921917 0.1573308 0.0792989 0.1892155 0.1395078 0.1921917 0.1539470 0.1868454 0.1671758 0.1067564 0.0951457 0.0947359 0.1905177 0.1461018 0.1146129 0.1539470 0.1420216 0.1690638 0.1367337 0.2043660 0.1292947 0.1287810 0.1880768 0.1173783 0.1604254 0.2041413 0.1302867 
ERR2789774  0.4327951 0.5522858 0.2001599 0.0000000 0.0760972 0.0669841 0.2009482 0.1009846 0.1277513 0.3014575 0.2366674 0.1732688 0.2127590 0.0982909 0.0774864 0.0765047 0.0882049 0.0880401 0.2049189 0.0558546 0.0890110 0.0774864 0.0563620 0.0892447 0.1883836 0.1448575 0.0779087 0.0783124 0.1959275 0.0777756 0.1959275 0.1733561 0.2153987 0.1806933 0.2148522 0.2364751 0.2049189 0.1581433 0.1967101 0.1551987 0.1705328 0.1716413 0.1287224 0.1815053 0.1577765 0.2372904 0.1726664 0.1001528 0.1891793 0.1577765 0.0662728 0.0885620 0.2052111 0.2167381 0.2024877 0.2230093 0.0898720 0.2011639 0.2041209 0.0662728 0.0682491 0.0769256 0.2279788 0.1113266 0.1733206 0.1927702 0.0889107 0.2112368 0.2031483 0.1002030 0.1809498 
S0055       0.3609639 0.4942299 0.1665667 0.0760972 0.0000000 0.0463404 0.1251295 0.0570133 0.1148827 0.2176993 0.1739734 0.1428646 0.1673148 0.0556134 0.0365130 0.0361002 0.0462297 0.0461160 0.1462008 0.0174935 0.0465873 0.0365130 0.0177416 0.0466565 0.1585876 0.1182278 0.0369166 0.0368901 0.1666985 0.0564641 0.1666985 0.1444002 0.1564366 0.1270513 0.1562339 0.1737839 0.1462008 0.1559502 0.1956842 0.1284118 0.1556775 0.1434337 0.1035800 0.1529511 0.1304609 0.1742894 0.1184423 0.0565977 0.1069265 0.1304609 0.0268059 0.0463404 0.1561297 0.1691086 0.1703618 0.1889505 0.0469739 0.1558027 0.1457883 0.0268059 0.0275608 0.0176725 0.1414439 0.0667328 0.1047531 0.1204638 0.0464877 0.1811903 0.2020589 0.0565742 0.1667720 
S0282       0.3460698 0.4469254 0.1868454 0.0669841 0.0463404 0.0000000 0.1722064 0.0271560 0.0910388 0.2408130 0.1607813 0.1322285 0.1569932 0.0670440 0.0271549 0.0268546 0.0572992 0.0571648 0.1525731 0.0462880 0.0369576 0.0271549 0.0274391 0.0177867 0.1615281 0.1083081 0.0473990 0.0274348 0.1697543 0.0268935 0.1697543 0.1469659 0.1748488 0.1203474 0.1745457 0.1605993 0.1525731 0.1292665 0.1521882 0.1078913 0.1348126 0.1484306 0.0938710 0.1556546 0.1096242 0.1610481 0.1344619 0.0467696 0.1495226 0.1096242 0.0177244 0.0367586 0.1556608 0.1735495 0.1599132 0.1784363 0.0372547 0.1741148 0.1637357 0.0177244 0.0182199 0.0468170 0.1872468 0.0472838 0.1461458 0.1652748 0.0368701 0.1846466 0.1917744 0.0269495 0.1698375 
S0292       0.4530102 0.5809206 0.1336501 0.2009482 0.1251295 0.1722064 0.0000000 0.1744313 0.2874666 0.2596273 0.1520806 0.1371919 0.1130294 0.1839024 0.1567452 0.1540362 0.1569019 0.0975396 0.1395696 0.1525288 0.1587365 0.1567452 0.1273504 0.1740720 0.1329095 0.1363044 0.1448508 0.1587365 0.1252746 0.1745862 0.1252746 0.1033400 0.1090366 0.1073662 0.1350496 0.1226032 0.1395696 0.2669579 0.1593353 0.1469294 0.1497420 0.1222602 0.1201697 0.1382725 0.1494182 0.1523242 0.0982237 0.1724898 0.0722629 0.1494182 0.1404648 0.1722064 0.0991337 0.1462714 0.1663031 0.1630954 0.1755260 0.1085913 0.1082981 0.1404648 0.1287065 0.1121277 0.0702418 0.1871488 0.0278243 0.0000026 0.1732884 0.1386270 0.1646220 0.1888950 0.1311302 
S0293       0.3347959 0.4861525 0.1893150 0.1009846 0.0570133 0.0271560 0.1744313 0.0000000 0.1169866 0.2313660 0.1627001 0.1639267 0.1759837 0.0687959 0.0278307 0.0366810 0.0685751 0.0576886 0.1544270 0.0569423 0.0473594 0.0278307 0.0375061 0.0182224 0.1813185 0.1498114 0.0689140 0.0374968 0.1893245 0.0367375 0.1893245 0.1658684 0.1769844 0.1216767 0.1495403 0.1625146 0.1544270 0.1589718 0.1839247 0.1491039 0.1643241 0.1501804 0.1328994 0.1744698 0.1516748 0.1629770 0.1360011 0.0575451 0.1806498 0.1516748 0.0272339 0.0376854 0.1426648 0.2083346 0.1937394 0.2145376 0.0477594 0.1762324 0.1657257 0.0272339 0.0280137 0.0576215 0.1895488 0.0581884 0.1478375 0.1673147 0.0378029 0.2050865 0.2285631 0.0276147 0.1894691 
S0294       0.3909720 0.5439184 0.3062440 0.1277513 0.1148827 0.0910388 0.2874666 0.1169866 0.0000000 0.3322602 0.2652363 0.2203228 0.1963337 0.1165342 0.0916332 0.0903921 0.1055495 0.1292836 0.2431309 0.1146705 0.1040435 0.0916332 0.0927193 0.1043699 0.2477865 0.1432599 0.1132415 0.0674813 0.2541729 0.1158574 0.2541729 0.2305513 0.2831979 0.2255950 0.2820515 0.2250503 0.2431309 0.0681269 0.3205820 0.1889854 0.2287819 0.2116516 0.1597949 0.2379744 0.1560175 0.2258154 0.2323237 0.1159526 0.2684521 0.1560175 0.0795194 0.1035122 0.2550642 0.2707066 0.2542853 0.2590147 0.1051334 0.2819019 0.2704526 0.0795194 0.0820097 0.1163140 0.2640273 0.1278598 0.2460862 0.2742017 0.1039624 0.2716068 0.2967902 0.0928751 0.2545862 
S0299       0.3404634 0.4186650 0.2607816 0.3014575 0.2176993 0.2408130 0.2596273 0.2313660 0.3322602 0.0000000 0.2061195 0.1995549 0.2289241 0.1997164 0.1881046 0.1906271 0.1909805 0.1683695 0.2287476 0.2308096 0.2151378 0.1881046 0.1885331 0.2058214 0.3118842 0.1953763 0.2175565 0.2264650 0.2907529 0.2593102 0.2907529 0.2932715 0.1726555 0.2029834 0.1632232 0.2495215 0.2287476 0.3396143 0.2756606 0.2055829 0.1815761 0.2242328 0.1768912 0.2744563 0.2091183 0.2476675 0.1739223 0.2396719 0.2203670 0.2091183 0.2049404 0.1738786 0.1909675 0.1859003 0.1754786 0.1883275 0.2270310 0.1719903 0.1994541 0.2049404 0.1928699 0.2211228 0.2404249 0.2552647 0.2244968 0.2487624 0.2049404 0.3084487 0.2844909 0.1914448 0.2443679 
S0308       0.3702319 0.3816157 0.1303550 0.2366674 0.1739734 0.1607813 0.1520806 0.1627001 0.2652363 0.2061195 0.0000000 0.0859157 0.1202991 0.2053633 0.1465693 0.1442282 0.1784877 0.1177496 0.1033637 0.1735357 0.1615737 0.1465693 0.1485092 0.1623796 0.1095774 0.1568917 0.1943605 0.1483157 0.0806604 0.1757752 0.0806604 0.0974058 0.0681334 0.1000362 0.0457484 0.1013306 0.1033637 0.3073876 0.0775204 0.1280017 0.1358706 0.0907923 0.1401992 0.0917361 0.1700155 0.0788534 0.1022254 0.1756119 0.1268258 0.1700155 0.1316423 0.1607813 0.1679791 0.0812157 0.0833888 0.0830343 0.1636520 0.0678797 0.0685101 0.1316423 0.1081887 0.1765232 0.1290033 0.1894714 0.1288656 0.1462403 0.1616956 0.0919233 0.1023572 0.1760325 0.0780018 
S0322       0.3697101 0.4055834 0.0996468 0.1732688 0.1428646 0.1322285 0.1371919 0.1639267 0.2203228 0.1995549 0.0859157 0.0000000 0.1048517 0.1453008 0.1464491 0.1439241 0.1190178 0.1021982 0.1289246 0.1425304 0.1626938 0.1464491 0.1035548 0.1635779 0.0921671 0.1316081 0.1473048 0.1483374 0.0761745 0.1781159 0.0761745 0.0806810 0.0756488 0.0977630 0.0727489 0.1150749 0.1289246 0.2586032 0.0621796 0.1290492 0.0620929 0.1000577 0.1148429 0.0880776 0.1453711 0.1288151 0.0641981 0.1627363 0.0850574 0.1453711 0.1303495 0.1322285 0.1336780 0.0000028 0.0000028 0.0000022 0.1483374 0.0753375 0.1139102 0.1303495 0.1333585 0.1449513 0.1116989 0.1774303 0.1300094 0.1315952 0.1628320 0.0882697 0.0755843 0.1490327 0.0619326 
S0335       0.4244197 0.4792444 0.0920541 0.2127590 0.1673148 0.1569932 0.1130294 0.1759837 0.1963337 0.2289241 0.1202991 0.1048517 0.0000000 0.1993119 0.1581536 0.1554015 0.1717720 0.1101184 0.1205679 0.1668903 0.1382431 0.1581536 0.1412338 0.1756217 0.1003924 0.1295022 0.1645497 0.1252360 0.0950890 0.1902472 0.0950890 0.0760309 0.1487778 0.0585700 0.1169165 0.0952421 0.1205679 0.1899823 0.1355857 0.1733044 0.1302290 0.0814999 0.1452070 0.1068405 0.1418665 0.1204390 0.0477435 0.1590293 0.1198022 0.1418665 0.1417349 0.1737268 0.1772007 0.1245454 0.1120409 0.1115293 0.1770951 0.1481563 0.0922887 0.1417349 0.1298999 0.1698222 0.1174380 0.1733803 0.1059490 0.1088375 0.1748278 0.1070777 0.1397380 0.1905308 0.0950462 
S0376       0.3907514 0.5590845 0.1985906 0.0982909 0.0556134 0.0670440 0.1839024 0.0687959 0.1165342 0.1997164 0.2053633 0.1453008 0.1993119 0.0000000 0.0362281 0.0558947 0.0467565 0.0666840 0.1754567 0.0555465 0.0673941 0.0362281 0.0366070 0.0462752 0.1909799 0.1451381 0.0671469 0.0571700 0.1985391 0.0778552 0.1985391 0.1757347 0.1858828 0.1537250 0.1740746 0.2051625 0.1754567 0.1852361 0.2296618 0.1555129 0.1581817 0.1720298 0.1289410 0.1839263 0.1581062 0.2058223 0.1453346 0.0779971 0.1896542 0.1581062 0.0461093 0.0459646 0.1859099 0.1872419 0.1734307 0.1769300 0.0680003 0.1851128 0.1748654 0.0461093 0.0474503 0.0561908 0.1710567 0.0886863 0.1569861 0.1765552 0.0461093 0.2140578 0.2373711 0.0366257 0.1987100 
S0400       0.3247096 0.4708544 0.1708845 0.0774864 0.0365130 0.0271549 0.1567452 0.0278307 0.0916332 0.1881046 0.1465693 0.1464491 0.1581536 0.0362281 0.0000000 0.0176432 0.0470145 0.0468975 0.1496809 0.0364752 0.0273033 0.0000010 0.0180182 0.0087645 0.1627541 0.1208280 0.0472025 0.0180170 0.1709986 0.0367461 0.1709986 0.1480801 0.1601777 0.1182166 0.1485950 0.1463991 0.1496809 0.1301371 0.2010292 0.1312534 0.1593572 0.1345007 0.1057315 0.1567992 0.1334040 0.1467862 0.1210466 0.0368515 0.1633841 0.1334040 0.0087340 0.0087119 0.1397930 0.1888263 0.1748694 0.1942373 0.0275143 0.1595119 0.1492391 0.0087340 0.0089746 0.0368786 0.1723565 0.0465567 0.1324803 0.1505502 0.0087340 0.1859987 0.2077861 0.0177050 0.1710856 
S0405       0.3312275 0.4323416 0.1678500 0.0765047 0.0361002 0.0268546 0.1540362 0.0366810 0.0903921 0.1906271 0.1442282 0.1439241 0.1554015 0.0558947 0.0176432 0.0000000 0.0464593 0.0463446 0.1472313 0.0360634 0.0269998 0.0176432 0.0178224 0.0270261 0.1598230 0.1189939 0.0466418 0.0178215 0.1679768 0.0363277 0.1679768 0.1454880 0.1575473 0.1164734 0.1573378 0.1191204 0.1472313 0.1281765 0.1972849 0.1292509 0.1567697 0.1323890 0.1042127 0.1540913 0.1313300 0.1444341 0.1192097 0.0364311 0.1606387 0.1313300 0.0086428 0.0268546 0.1544541 0.1853392 0.1717025 0.1905296 0.0272059 0.1569037 0.1213885 0.0086428 0.0088789 0.0364572 0.1694927 0.0460127 0.1304376 0.1480645 0.0269306 0.1826249 0.2037763 0.0364016 0.1680542 
S0412sl     0.3949090 0.5643050 0.1710078 0.0882049 0.0462297 0.0572992 0.1569019 0.0685751 0.1055495 0.1909805 0.1784877 0.1190178 0.1717720 0.0467565 0.0470145 0.0464593 0.0000000 0.0372142 0.1498444 0.0461777 0.0576048 0.0470145 0.0273925 0.0577085 0.1626162 0.1210227 0.0573873 0.0475109 0.1711210 0.0679077 0.1711210 0.1480185 0.1603185 0.1300024 0.1600926 0.1782917 0.1498444 0.1728794 0.2010562 0.1314363 0.1210486 0.1469385 0.1059269 0.1569556 0.1335873 0.1788296 0.1212409 0.0680504 0.1635203 0.1335873 0.0367946 0.0572992 0.1754702 0.1597114 0.1463124 0.1641525 0.0581108 0.1596536 0.1494025 0.0367946 0.0280873 0.0467031 0.1461397 0.0786026 0.1326635 0.1507133 0.0574950 0.1860775 0.2077872 0.0475607 0.1712081 
S0427       0.3329856 0.4777094 0.1094692 0.0880401 0.0461160 0.0571648 0.0975396 0.0576886 0.1292836 0.1683695 0.1177496 0.1021982 0.1101184 0.0666840 0.0468975 0.0463446 0.0372142 0.0000000 0.0936631 0.0460643 0.0574694 0.0468975 0.0273169 0.0575726 0.1008106 0.0924359 0.0572526 0.0473920 0.1097479 0.0677584 0.1097479 0.0884978 0.1034764 0.0788054 0.1034621 0.1176110 0.0936631 0.1727516 0.1350186 0.1023234 0.1042938 0.0920010 0.0793122 0.0975964 0.1038721 0.1178805 0.0699797 0.0679010 0.1053155 0.1038721 0.0366985 0.0571648 0.1079704 0.1240466 0.1277746 0.1271719 0.0579724 0.1030753 0.0934861 0.0366985 0.0280081 0.0465875 0.1143865 0.0784426 0.0801845 0.0940679 0.0573598 0.1224027 0.1391264 0.0678883 0.1097172 
S0552sl     0.3375428 0.4223507 0.1450475 0.2049189 0.1462008 0.1525731 0.1395696 0.1544270 0.2431309 0.2287476 0.1033637 0.1289246 0.1205679 0.1754567 0.1496809 0.1472313 0.1498444 0.0936631 0.0000000 0.1458734 0.1650859 0.1496809 0.1218953 0.1541098 0.0988951 0.1141088 0.1645522 0.1514998 0.1201639 0.1677380 0.1201639 0.0868468 0.1179186 0.0672373 0.0900565 0.0874635 0.0000010 0.2825397 0.1344115 0.1011440 0.1029044 0.0653803 0.1001483 0.1325660 0.1026541 0.0564963 0.0796461 0.1676187 0.1465304 0.1026541 0.1343497 0.1642658 0.1576097 0.1346645 0.1386968 0.1380467 0.1672687 0.1174489 0.0803448 0.1343497 0.1231303 0.1482261 0.1554914 0.1538155 0.1175852 0.1342566 0.1343497 0.1328880 0.1022190 0.1679980 0.1201461 
S0558       0.3774077 0.5146431 0.1389650 0.0558546 0.0174935 0.0462880 0.1525288 0.0569423 0.1146705 0.2308096 0.1735357 0.1425304 0.1668903 0.0555465 0.0364752 0.0360634 0.0461777 0.0460643 0.1458734 0.0000000 0.0465343 0.0364752 0.0177264 0.0466033 0.1581866 0.1179993 0.0463575 0.0368515 0.1662779 0.0563947 0.1662779 0.1440561 0.1560770 0.1268019 0.1558766 0.1733471 0.1458734 0.1555939 0.1951377 0.1281551 0.1553242 0.1431213 0.1033989 0.1525844 0.1301937 0.1738490 0.1182133 0.0565281 0.1321323 0.1301937 0.0267808 0.0462880 0.1699961 0.1833558 0.1699184 0.1884156 0.0469199 0.1554466 0.1454639 0.0267808 0.0275341 0.0362459 0.1678776 0.0666445 0.1293190 0.1466860 0.0464350 0.1807086 0.2014681 0.0565045 0.1663500 
S0641       0.3235542 0.4633392 0.1501114 0.0890110 0.0465873 0.0369576 0.1587365 0.0473594 0.1040435 0.2151378 0.1615737 0.1626938 0.1382431 0.0673941 0.0273033 0.0269998 0.0576048 0.0574694 0.1650859 0.0465343 0.0000000 0.0273033 0.0275906 0.0372052 0.1798488 0.1349426 0.0377341 0.0275861 0.1878029 0.0468972 0.1878029 0.1645958 0.1756922 0.1318943 0.1753838 0.1613907 0.1650859 0.1137069 0.2189731 0.1454880 0.1746775 0.1491823 0.1189939 0.1731315 0.1479310 0.1618440 0.1047955 0.0470206 0.1792906 0.1479310 0.0178215 0.0369576 0.1751223 0.2065330 0.1717025 0.1756409 0.0374589 0.1749530 0.1645497 0.0178215 0.0183224 0.0470688 0.1881212 0.0570243 0.1468781 0.1661050 0.0370704 0.2033549 0.2264430 0.0469918 0.1879411 
S0643       0.3247096 0.4708544 0.1708845 0.0774864 0.0365130 0.0271549 0.1567452 0.0278307 0.0916332 0.1881046 0.1465693 0.1464491 0.1581536 0.0362281 0.0000010 0.0176432 0.0470145 0.0468975 0.1496809 0.0364752 0.0273033 0.0000000 0.0180182 0.0087645 0.1627541 0.1208280 0.0472025 0.0180170 0.1709986 0.0367461 0.1709986 0.1480801 0.1601777 0.1182166 0.1485950 0.1463991 0.1496809 0.1301371 0.2010292 0.1312534 0.1593572 0.1345007 0.1057315 0.1567992 0.1334040 0.1467862 0.1210466 0.0368515 0.1633841 0.1334040 0.0087340 0.0087119 0.1397930 0.1888263 0.1748694 0.1942373 0.0275143 0.1595119 0.1492391 0.0087340 0.0089746 0.0368786 0.1723565 0.0465567 0.1324803 0.1505502 0.0087340 0.1859987 0.2077861 0.0177050 0.1710856 
S0689       0.3229745 0.4691743 0.1404917 0.0563620 0.0177416 0.0274391 0.1273504 0.0375061 0.0927193 0.1885331 0.1485092 0.1035548 0.1412338 0.0366070 0.0180182 0.0178224 0.0273925 0.0273169 0.1218953 0.0177264 0.0275906 0.0180182 0.0000000 0.0276184 0.1320535 0.0832684 0.0274802 0.0182043 0.1407238 0.0371369 0.1407238 0.1184268 0.1190191 0.1044518 0.1320578 0.1483355 0.1218953 0.1187048 0.1686190 0.0933519 0.1316475 0.1196067 0.0702839 0.1274144 0.0947827 0.1487359 0.0834720 0.0372442 0.1346849 0.0947827 0.0088220 0.0180182 0.1263514 0.1420888 0.1293319 0.1458698 0.0278063 0.1185407 0.1215991 0.0088220 0.0090675 0.0179105 0.1438323 0.0470588 0.1064549 0.1225195 0.0275187 0.1546825 0.1740813 0.0372140 0.1407390 
S0690       0.3365265 0.4891378 0.1889336 0.0892447 0.0466565 0.0177867 0.1740720 0.0182224 0.1043699 0.2058214 0.1623796 0.1635779 0.1756217 0.0462752 0.0087645 0.0270261 0.0577085 0.0575726 0.1541098 0.0466033 0.0372052 0.0087645 0.0276184 0.0000000 0.1809375 0.1355114 0.0579666 0.0276139 0.1889455 0.0270655 0.1889455 0.1655119 0.1766424 0.1214273 0.1646435 0.1621946 0.1541098 0.1448066 0.1835626 0.1349105 0.1640003 0.1498774 0.1194294 0.1741109 0.1371895 0.1626551 0.1357236 0.0470916 0.1802965 0.1371895 0.0178348 0.0177867 0.1397930 0.2079251 0.1933471 0.2141101 0.0375065 0.1758926 0.1653962 0.0178348 0.0183367 0.0471400 0.1891938 0.0476130 0.1475426 0.1669785 0.0178348 0.2046869 0.2281250 0.0087032 0.1890888 
S0720       0.4178573 0.5246350 0.1378348 0.1883836 0.1585876 0.1615281 0.1329095 0.1813185 0.2477865 0.3118842 0.1095774 0.0921671 0.1003924 0.1909799 0.1627541 0.1598230 0.1626162 0.1008106 0.0988951 0.1581866 0.1798488 0.1627541 0.1320535 0.1809375 0.0000000 0.1722152 0.1559120 0.1648900 0.0181763 0.1794148 0.0181763 0.0000021 0.1441349 0.1086599 0.1111229 0.1267174 0.0988951 0.2587862 0.0605468 0.1833922 0.0945871 0.0987221 0.1533390 0.0275469 0.1867760 0.1146009 0.0994467 0.1957730 0.1118930 0.1867760 0.1457020 0.1789112 0.1302738 0.1006686 0.1036562 0.1031705 0.1824985 0.1435003 0.1123736 0.1457020 0.1491634 0.1610017 0.1223139 0.2114493 0.1282110 0.1276583 0.1457020 0.0275879 0.0495626 0.1963964 0.0284983 
S0735       0.3236471 0.3862451 0.1780704 0.1448575 0.1182278 0.1083081 0.1363044 0.1498114 0.1432599 0.1953763 0.1568917 0.1316081 0.1295022 0.1451381 0.1208280 0.1189939 0.1210227 0.0924359 0.1141088 0.1179993 0.1349426 0.1208280 0.0832684 0.1355114 0.1722152 0.0000000 0.1215060 0.0930763 0.1620993 0.1483289 0.1620993 0.1577249 0.0916501 0.1373763 0.1404359 0.1537814 0.1141088 0.1448409 0.1769682 0.0274189 0.1543216 0.1259639 0.0088767 0.1487761 0.0087261 0.1281722 0.1043442 0.1483126 0.1174876 0.0087261 0.1069464 0.1083081 0.1218812 0.1373401 0.1415363 0.1408598 0.1365680 0.0912979 0.1302391 0.1069464 0.0962277 0.1197544 0.1520089 0.1616046 0.1150859 0.1312402 0.1349460 0.1761235 0.1614387 0.1485673 0.1621596 
S0742       0.3610329 0.4894035 0.1871853 0.0779087 0.0369166 0.0473990 0.1448508 0.0689140 0.1132415 0.2175565 0.1943605 0.1473048 0.1645497 0.0671469 0.0472025 0.0466418 0.0573873 0.0572526 0.1645522 0.0463575 0.0377341 0.0472025 0.0274802 0.0579666 0.1559120 0.1215060 0.0000000 0.0477036 0.1639542 0.0682386 0.1639542 0.1420035 0.1751485 0.1433591 0.1748433 0.1941571 0.1645522 0.1535514 0.2020854 0.1319670 0.1601944 0.1613032 0.1063232 0.1504623 0.1341379 0.1947757 0.1346917 0.0683834 0.1514112 0.1341379 0.0369255 0.0575527 0.1559622 0.1726213 0.1758437 0.1799932 0.0583735 0.1744123 0.1640197 0.0369255 0.0380015 0.0372905 0.1745972 0.0790199 0.1341805 0.1525632 0.0577508 0.1781645 0.2088916 0.0683712 0.1640197 
S0756       0.3430063 0.4940294 0.1730666 0.0783124 0.0368901 0.0274348 0.1587365 0.0374968 0.0674813 0.2264650 0.1483157 0.1483374 0.1252360 0.0571700 0.0180170 0.0178215 0.0475109 0.0473920 0.1514998 0.0368515 0.0275861 0.0180170 0.0182043 0.0276139 0.1648900 0.0930763 0.0477036 0.0000000 0.1731705 0.0371282 0.1731705 0.1500136 0.1620971 0.1195803 0.1618599 0.1481424 0.1514998 0.1022892 0.2036006 0.1327853 0.1612467 0.1361083 0.1069464 0.1587902 0.1046229 0.1485403 0.1224773 0.0372353 0.1653782 0.1046229 0.0088220 0.0274348 0.1595593 0.1912657 0.1771321 0.1968114 0.0278016 0.1614168 0.1510436 0.0088220 0.0090675 0.0372634 0.1744054 0.0470434 0.1340402 0.1523938 0.0275143 0.1883682 0.2105134 0.0372052 0.1732645 
S0760       0.4224735 0.4783422 0.1053032 0.1959275 0.1666985 0.1697543 0.1252746 0.1893245 0.2541729 0.2907529 0.0806604 0.0761745 0.0950890 0.1985391 0.1709986 0.1679768 0.1711210 0.1097479 0.1201639 0.1662779 0.1878029 0.1709986 0.1407238 0.1889455 0.0181763 0.1620993 0.1639542 0.1731705 0.0000000 0.1874207 0.0000010 0.0185048 0.1096467 0.1030655 0.0817469 0.1197526 0.1201639 0.2647662 0.0373649 0.1450451 0.1014791 0.0935867 0.1447099 0.0085687 0.1756743 0.1200343 0.0942471 0.2033818 0.1059394 0.1756743 0.1541338 0.1868703 0.1239622 0.0719608 0.0739064 0.0735881 0.1905195 0.1091974 0.1063819 0.1541338 0.1422515 0.1691857 0.1158416 0.2186730 0.1211008 0.1206065 0.1880941 0.0085797 0.0591732 0.2040482 0.0272322 
S0763       0.3698385 0.5305474 0.2038503 0.0777756 0.0564641 0.0268935 0.1745862 0.0367375 0.1158574 0.2593102 0.1757752 0.1781159 0.1902472 0.0778552 0.0367461 0.0363277 0.0679077 0.0677584 0.1677380 0.0563947 0.0468972 0.0367461 0.0371369 0.0270655 0.1794148 0.1483289 0.0682386 0.0371282 0.1874207 0.0000000 0.1874207 0.1641023 0.1903860 0.1337576 0.1899897 0.1755827 0.1677380 0.1452045 0.1672902 0.1476360 0.1633069 0.1630889 0.1315951 0.1726835 0.1501630 0.1447961 0.1485259 0.0569868 0.1943685 0.1501630 0.0269698 0.0466471 0.1245336 0.2234036 0.2085490 0.2301376 0.0472895 0.1895757 0.1790448 0.0269698 0.0277346 0.0570610 0.2030537 0.0576177 0.1605077 0.1674569 0.0467967 0.2030571 0.2092671 0.0364572 0.1721499 
S0770       0.4224735 0.4783422 0.1053032 0.1959275 0.1666985 0.1697543 0.1252746 0.1893245 0.2541729 0.2907529 0.0806604 0.0761745 0.0950890 0.1985391 0.1709986 0.1679768 0.1711210 0.1097479 0.1201639 0.1662779 0.1878029 0.1709986 0.1407238 0.1889455 0.0181763 0.1620993 0.1639542 0.1731705 0.0000010 0.1874207 0.0000000 0.0185048 0.1096467 0.1030655 0.0817469 0.1197526 0.1201639 0.2647662 0.0373649 0.1450451 0.1014791 0.0935867 0.1447099 0.0085687 0.1756743 0.1200343 0.0942471 0.2033818 0.1059394 0.1756743 0.1541338 0.1868703 0.1239622 0.0719608 0.0739064 0.0735881 0.1905195 0.1091974 0.1063819 0.1541338 0.1422515 0.1691857 0.1158416 0.2186730 0.1211008 0.1206065 0.1880941 0.0085797 0.0591732 0.2040482 0.0272322 
S0795       0.3954944 0.4986946 0.1132940 0.1733561 0.1444002 0.1469659 0.1033400 0.1658684 0.2305513 0.2932715 0.0974058 0.0806810 0.0760309 0.1757347 0.1480801 0.1454880 0.1480185 0.0884978 0.0868468 0.1440561 0.1645958 0.1480801 0.1184268 0.1655119 0.0000021 0.1577249 0.1420035 0.1500136 0.0185048 0.1641023 0.0185048 0.0000000 0.1303251 0.0847654 0.0987845 0.1008112 0.0868468 0.2415753 0.0617628 0.1688762 0.0953674 0.0866645 0.1396833 0.0280494 0.1719424 0.1017702 0.0753559 0.1646384 0.1143806 0.1719424 0.1317163 0.1637161 0.1336379 0.0903277 0.0930325 0.0925910 0.1669356 0.1297548 0.0998682 0.1317163 0.1347976 0.1465410 0.1120367 0.1795688 0.1150209 0.0994524 0.1317163 0.0280921 0.0505394 0.1805733 0.0290374 
S0888       0.3495349 0.4257249 0.1467085 0.2153987 0.1564366 0.1748488 0.1090366 0.1769844 0.2831979 0.1726555 0.0681334 0.0756488 0.1487778 0.1858828 0.1601777 0.1575473 0.1603185 0.1034764 0.1179186 0.1560770 0.1756922 0.1601777 0.1190191 0.1766424 0.1441349 0.0916501 0.1751485 0.1620971 0.1096467 0.1903860 0.1096467 0.1303251 0.0000000 0.1250573 0.0567179 0.1433544 0.1179186 0.2879189 0.1049621 0.0788668 0.1515632 0.1157736 0.0786639 0.1220150 0.1029767 0.1177850 0.0925443 0.1901263 0.0893752 0.1029767 0.1446501 0.1466347 0.1068954 0.0714918 0.0734113 0.0730975 0.1780328 0.0178356 0.1044369 0.1446501 0.1334999 0.1586079 0.1254809 0.2043307 0.0906741 0.1051282 0.1758926 0.1223066 0.1336315 0.1906524 0.1056624 
S0906       0.3649067 0.4402365 0.1148452 0.1806933 0.1270513 0.1203474 0.1073662 0.1216767 0.2255950 0.2029834 0.1000362 0.0977630 0.0585700 0.1537250 0.1182166 0.1164734 0.1300024 0.0788054 0.0672373 0.1268019 0.1318943 0.1182166 0.1044518 0.1214273 0.1086599 0.1373763 0.1433591 0.1195803 0.1030655 0.1337576 0.1030655 0.0847654 0.1250573 0.0000000 0.0975315 0.0777064 0.0672373 0.2631470 0.1160251 0.1236254 0.0877401 0.0656998 0.1223752 0.1145642 0.1255141 0.1001229 0.0460135 0.1188656 0.1273021 0.1255141 0.1047511 0.1312314 0.1188726 0.1162555 0.1195069 0.1189810 0.1334306 0.1245770 0.0771089 0.1047511 0.0942924 0.1286730 0.1118825 0.1068803 0.1009900 0.1035851 0.1318868 0.0912523 0.1300996 0.1339803 0.1030303 
S0952       0.3521123 0.4060754 0.1153451 0.2148522 0.1562339 0.1745457 0.1350496 0.1495403 0.2820515 0.1632232 0.0457484 0.0727489 0.1169165 0.1740746 0.1485950 0.1573378 0.1600926 0.1034621 0.0900565 0.1558766 0.1753838 0.1485950 0.1320578 0.1646435 0.1111229 0.1404359 0.1748433 0.1618599 0.0817469 0.1899897 0.0817469 0.0987845 0.0567179 0.0975315 0.0000000 0.1129061 0.0900565 0.3255703 0.0785258 0.1252726 0.0991639 0.0885201 0.1249844 0.0929660 0.1528688 0.0898838 0.0891182 0.1737880 0.1124005 0.1528688 0.1444978 0.1630011 0.1506161 0.0689054 0.0706827 0.0703913 0.1777068 0.0565117 0.0781509 0.1444978 0.1333908 0.1583922 0.1506752 0.1874924 0.1141160 0.1300777 0.1639432 0.0931585 0.1037129 0.1784676 0.0790198 
S0959       0.3600351 0.4100557 0.1446307 0.2364751 0.1737839 0.1605993 0.1226032 0.1625146 0.2250503 0.2495215 0.1013306 0.1150749 0.0952421 0.2051625 0.1463991 0.1191204 0.1782917 0.1176110 0.0874635 0.1733471 0.1613907 0.1463991 0.1483355 0.1621946 0.1267174 0.1537814 0.1941571 0.1481424 0.1197526 0.1755827 0.1197526 0.1008112 0.1433544 0.0777064 0.1129061 0.0000000 0.0874635 0.2625892 0.1451490 0.1638880 0.1510615 0.0462582 0.1375693 0.1321488 0.1665698 0.0558125 0.0793241 0.1359003 0.1585087 0.1665698 0.1314881 0.1605993 0.1549740 0.1342408 0.1382616 0.1376132 0.1634651 0.1427742 0.0912701 0.1314881 0.1205104 0.1450139 0.1405453 0.1489748 0.1287167 0.1324066 0.1615116 0.1324695 0.1311253 0.1758398 0.1197342 
S0960       0.3375428 0.4223507 0.1450475 0.2049189 0.1462008 0.1525731 0.1395696 0.1544270 0.2431309 0.2287476 0.1033637 0.1289246 0.1205679 0.1754567 0.1496809 0.1472313 0.1498444 0.0936631 0.0000010 0.1458734 0.1650859 0.1496809 0.1218953 0.1541098 0.0988951 0.1141088 0.1645522 0.1514998 0.1201639 0.1677380 0.1201639 0.0868468 0.1179186 0.0672373 0.0900565 0.0874635 0.0000000 0.2825397 0.1344115 0.1011440 0.1029044 0.0653803 0.1001483 0.1325660 0.1026541 0.0564963 0.0796461 0.1676187 0.1465304 0.1026541 0.1343497 0.1642658 0.1576097 0.1346645 0.1386968 0.1380467 0.1672687 0.1174489 0.0803448 0.1343497 0.1231303 0.1482261 0.1554914 0.1538155 0.1175852 0.1342566 0.1343497 0.1328880 0.1022190 0.1679980 0.1201461 
S1052sl     0.3805699 0.5277878 0.2952430 0.1581433 0.1559502 0.1292665 0.2669579 0.1589718 0.0681269 0.3396143 0.3073876 0.2586032 0.1899823 0.1852361 0.1301371 0.1281765 0.1728794 0.1727516 0.2825397 0.1555939 0.1137069 0.1301371 0.1187048 0.1448066 0.2587862 0.1448409 0.1535514 0.1022892 0.2647662 0.1452045 0.2647662 0.2415753 0.2879189 0.2631470 0.3255703 0.2625892 0.2825397 0.0000000 0.3515607 0.1914213 0.2794137 0.2483297 0.1616852 0.2486407 0.1578024 0.2635640 0.1930077 0.1573981 0.3114944 0.1578024 0.1162441 0.1177128 0.2463143 0.3125221 0.2668222 0.2717945 0.1459064 0.2865770 0.3135835 0.1162441 0.1201163 0.1581038 0.3417593 0.1704948 0.2862278 0.2715465 0.1442171 0.2821645 0.3255700 0.1576951 0.2801198 
S1083       0.4539289 0.4659940 0.1294076 0.1967101 0.1956842 0.1521882 0.1593353 0.1839247 0.3205820 0.2756606 0.0775204 0.0621796 0.1355857 0.2296618 0.2010292 0.1972849 0.2010562 0.1350186 0.1344115 0.1951377 0.2189731 0.2010292 0.1686190 0.1835626 0.0605468 0.1769682 0.2020854 0.2036006 0.0373649 0.1672902 0.0373649 0.0617628 0.1049621 0.1160251 0.0785258 0.1451490 0.1344115 0.3515607 0.0000000 0.1477588 0.0917453 0.1171287 0.1586739 0.0472116 0.1791547 0.1455288 0.1179161 0.2354265 0.0908406 0.1791547 0.1827580 0.2179409 0.1217403 0.0589033 0.0604171 0.0601681 0.2223526 0.1045500 0.1307473 0.1827580 0.1705364 0.1987532 0.1401893 0.2384621 0.1467462 0.1529461 0.2195046 0.0472894 0.0373099 0.1981555 0.0268953 
S1100       0.2654599 0.3030466 0.1599381 0.1551987 0.1284118 0.1078913 0.1469294 0.1491039 0.1889854 0.2055829 0.1280017 0.1290492 0.1733044 0.1555129 0.1312534 0.1292509 0.1314363 0.1023234 0.1011440 0.1281551 0.1454880 0.1312534 0.0933519 0.1349105 0.1833922 0.0274189 0.1319670 0.1327853 0.1450451 0.1476360 0.1450451 0.1688762 0.0788668 0.1236254 0.1252726 0.1638880 0.1011440 0.1914213 0.1477588 0.0000000 0.1395991 0.1358103 0.0177171 0.1323723 0.0180944 0.1382117 0.1142891 0.1588938 0.1276059 0.0180944 0.1171761 0.1186743 0.1197453 0.1213718 0.1249290 0.1243542 0.1472576 0.0785714 0.1279469 0.1171761 0.1056356 0.1300751 0.1493014 0.1458968 0.1249937 0.1415100 0.1455331 0.1583274 0.1719585 0.1478724 0.1727736 
S1102       0.4190804 0.4322531 0.1528301 0.1705328 0.1556775 0.1348126 0.1497420 0.1643241 0.2287819 0.1815761 0.1358706 0.0620929 0.1302290 0.1581817 0.1593572 0.1567697 0.1210486 0.1042938 0.1029044 0.1553242 0.1746775 0.1593572 0.1316475 0.1640003 0.0945871 0.1543216 0.1601944 0.1612467 0.1014791 0.1633069 0.1014791 0.0953674 0.1515632 0.0877401 0.0991639 0.1510615 0.1029044 0.2794137 0.0917453 0.1395991 0.0000000 0.1238761 0.1381221 0.1127584 0.1418263 0.1514461 0.1010218 0.1730968 0.1141304 0.1418263 0.1440111 0.1738466 0.1639078 0.0809560 0.0831056 0.0827540 0.1769737 0.1509711 0.1258105 0.1440111 0.1338832 0.1578132 0.1385382 0.1597751 0.1408683 0.1441434 0.1748698 0.1130007 0.1046597 0.1504993 0.0902247 
S1129sl     0.3444142 0.4321928 0.1282059 0.1716413 0.1434337 0.1484306 0.1222602 0.1501804 0.2116516 0.2242328 0.0907923 0.1000577 0.0814999 0.1720298 0.1345007 0.1323890 0.1469385 0.0920010 0.0653803 0.1431213 0.1491823 0.1345007 0.1196067 0.1498774 0.0987221 0.1259639 0.1613032 0.1361083 0.0935867 0.1630889 0.0935867 0.0866645 0.1157736 0.0656998 0.0885201 0.0462582 0.0653803 0.2483297 0.1171287 0.1358103 0.1238761 0.0000000 0.1114335 0.1051465 0.1379183 0.0463233 0.0782902 0.1514273 0.1294776 0.1379183 0.1199794 0.1484306 0.1236762 0.1067152 0.1097385 0.1092480 0.1510570 0.1041457 0.0893790 0.1199794 0.1090510 0.1453789 0.1383775 0.1650150 0.1025251 0.1177978 0.1492448 0.1053756 0.1043895 0.1633397 0.0935434 
S1148       0.2967428 0.3550818 0.1595771 0.1287224 0.1035800 0.0938710 0.1201697 0.1328994 0.1597949 0.1768912 0.1401992 0.1148429 0.1452070 0.1289410 0.1057315 0.1042127 0.1059269 0.0793122 0.1001483 0.1033989 0.1189939 0.1057315 0.0702839 0.1194294 0.1533390 0.0088767 0.1063232 0.1069464 0.1447099 0.1315951 0.1447099 0.1396833 0.0786639 0.1223752 0.1249844 0.1375693 0.1001483 0.1616852 0.1586739 0.0177171 0.1381221 0.1114335 0.0000000 0.1320559 0.0179428 0.1132729 0.0906310 0.1316457 0.1029635 0.0179428 0.0927505 0.0938710 0.1052327 0.1210707 0.1246144 0.1240414 0.1203341 0.0783700 0.1150689 0.0927505 0.0824289 0.1048497 0.1360672 0.1442681 0.1009565 0.1158680 0.1189460 0.1579730 0.1441861 0.1318138 0.1447318 
S1177       0.4018859 0.4563689 0.0936885 0.1815053 0.1529511 0.1556546 0.1382725 0.1744698 0.2379744 0.2744563 0.0917361 0.0880776 0.1068405 0.1839263 0.1567992 0.1540913 0.1569556 0.0975964 0.1325660 0.1525844 0.1731315 0.1567992 0.1274144 0.1741109 0.0275469 0.1487761 0.1504623 0.1587902 0.0085687 0.1726835 0.0085687 0.0280494 0.1220150 0.1145642 0.0929660 0.1321488 0.1325660 0.2486407 0.0472116 0.1323723 0.1127584 0.1051465 0.1320559 0.0000000 0.1620993 0.1324760 0.1058700 0.1883682 0.1178489 0.1620993 0.1405262 0.1722461 0.1101168 0.0831509 0.0854282 0.0850565 0.1755641 0.1215134 0.1183166 0.1405262 0.1287712 0.1551851 0.1277464 0.2033818 0.1336167 0.1330699 0.1733281 0.0173267 0.0698038 0.1889118 0.0366879 
S1180       0.3066218 0.3674552 0.1921917 0.1577765 0.1304609 0.1096242 0.1494182 0.1516748 0.1560175 0.2091183 0.1700155 0.1453711 0.1418665 0.1581062 0.1334040 0.1313300 0.1335873 0.1038721 0.1026541 0.1301937 0.1479310 0.1334040 0.0947827 0.1371895 0.1867760 0.0087261 0.1341379 0.1046229 0.1756743 0.1501630 0.1756743 0.1719424 0.1029767 0.1255141 0.1528688 0.1665698 0.1026541 0.1578024 0.1791547 0.0180944 0.1418263 0.1379183 0.0179428 0.1620993 0.0000000 0.1404053 0.1160474 0.1616046 0.1296273 0.0000010 0.1190359 0.1205860 0.1218812 0.1505407 0.1551959 0.1544483 0.1497693 0.1025798 0.1426533 0.1190359 0.1081994 0.1321822 0.1646061 0.1483545 0.1269272 0.1438147 0.1479874 0.1900034 0.1749100 0.1504050 0.1757693 
S1189       0.3445860 0.4065823 0.1573308 0.2372904 0.1742894 0.1610481 0.1523242 0.1629770 0.2258154 0.2476675 0.0788534 0.1288151 0.1204390 0.2058223 0.1467862 0.1444341 0.1788296 0.1178805 0.0564963 0.1738490 0.1618440 0.1467862 0.1487359 0.1626551 0.1146009 0.1281722 0.1947757 0.1485403 0.1200343 0.1447961 0.1200343 0.1017702 0.1177850 0.1001229 0.0898838 0.0558125 0.0564963 0.2635640 0.1455288 0.1382117 0.1514461 0.0463233 0.1132729 0.1324760 0.1404053 0.0000000 0.1023183 0.1642845 0.1589446 0.1404053 0.1318112 0.1610481 0.1387851 0.1345810 0.1386273 0.1379747 0.1639339 0.1173145 0.0907735 0.1318112 0.1207959 0.1768542 0.1677825 0.1781034 0.1290239 0.1464563 0.1492597 0.1327989 0.1183903 0.1763605 0.1200162 
S1201sl     0.3342906 0.4047899 0.0792989 0.1726664 0.1184423 0.1344619 0.0982237 0.1360011 0.2323237 0.1739223 0.1022254 0.0641981 0.0477435 0.1453346 0.1210466 0.1192097 0.1212409 0.0699797 0.0796461 0.1182133 0.1047955 0.1210466 0.0834720 0.1357236 0.0994467 0.1043442 0.1346917 0.1224773 0.0942471 0.1485259 0.0942471 0.0753559 0.0925443 0.0460135 0.0891182 0.0793241 0.0796461 0.1930077 0.1179161 0.1142891 0.1010218 0.0782902 0.0906310 0.1058700 0.1160474 0.1023183 0.0000000 0.1217230 0.1186727 0.1160474 0.1071637 0.1085283 0.1221216 0.0833936 0.0722706 0.0719655 0.1367804 0.0921856 0.0795171 0.1071637 0.0964438 0.1199713 0.1033518 0.1343411 0.0923202 0.0947027 0.1351580 0.1061021 0.1213333 0.1487641 0.0942041 
S1211       0.3821458 0.5445648 0.1892155 0.1001528 0.0565977 0.0467696 0.1724898 0.0575451 0.1159526 0.2396719 0.1756119 0.1627363 0.1590293 0.0779971 0.0368515 0.0364311 0.0680504 0.0679010 0.1676187 0.0565281 0.0470206 0.0368515 0.0372442 0.0470916 0.1957730 0.1483126 0.0683834 0.0372353 0.2033818 0.0569868 0.2033818 0.1646384 0.1901263 0.1188656 0.1737880 0.1359003 0.1676187 0.1573981 0.2354265 0.1588938 0.1730968 0.1514273 0.1316457 0.1883682 0.1616046 0.1642845 0.1217230 0.0000000 0.1940756 0.1616046 0.0270529 0.0467696 0.1600495 0.2228485 0.2081241 0.2295033 0.0474145 0.1893224 0.1788587 0.0270529 0.0278220 0.0571966 0.1732152 0.0086499 0.1604322 0.1655408 0.0469199 0.2193490 0.2435104 0.0570986 0.2035736 
S1214sl     0.4480786 0.4649704 0.1395078 0.1891793 0.1069265 0.1495226 0.0722629 0.1806498 0.2684521 0.2203670 0.1268258 0.0850574 0.1198022 0.1896542 0.1633841 0.1606387 0.1635203 0.1053155 0.1465304 0.1321323 0.1792906 0.1633841 0.1346849 0.1802965 0.1118930 0.1174876 0.1514112 0.1653782 0.1059394 0.1943685 0.1059394 0.1143806 0.0893752 0.1273021 0.1124005 0.1585087 0.1465304 0.3114944 0.0908406 0.1276059 0.1141304 0.1294776 0.1029635 0.1178489 0.1296273 0.1589446 0.1186727 0.1940756 0.0000000 0.1296273 0.1474533 0.1784202 0.1049712 0.0807610 0.0944727 0.0940699 0.1817416 0.0890403 0.1157264 0.1474533 0.1360793 0.1341899 0.0655998 0.2086154 0.0575111 0.0698072 0.1795165 0.1181185 0.0933241 0.1946418 0.0794293 
S1223       0.3066218 0.3674552 0.1921917 0.1577765 0.1304609 0.1096242 0.1494182 0.1516748 0.1560175 0.2091183 0.1700155 0.1453711 0.1418665 0.1581062 0.1334040 0.1313300 0.1335873 0.1038721 0.1026541 0.1301937 0.1479310 0.1334040 0.0947827 0.1371895 0.1867760 0.0087261 0.1341379 0.1046229 0.1756743 0.1501630 0.1756743 0.1719424 0.1029767 0.1255141 0.1528688 0.1665698 0.1026541 0.1578024 0.1791547 0.0180944 0.1418263 0.1379183 0.0179428 0.1620993 0.0000010 0.1404053 0.1160474 0.1616046 0.1296273 0.0000000 0.1190359 0.1205860 0.1218812 0.1505407 0.1551959 0.1544483 0.1497693 0.1025798 0.1426533 0.1190359 0.1081994 0.1321822 0.1646061 0.1483545 0.1269272 0.1438147 0.1479874 0.1900034 0.1749100 0.1504050 0.1757693 
S1227       0.3136435 0.4535511 0.1539470 0.0662728 0.0268059 0.0177244 0.1404648 0.0272339 0.0795194 0.2049404 0.1316423 0.1303495 0.1417349 0.0461093 0.0087340 0.0086428 0.0367946 0.0366985 0.1343497 0.0267808 0.0178215 0.0087340 0.0088220 0.0178348 0.1457020 0.1069464 0.0369255 0.0088220 0.1541338 0.0269698 0.1541338 0.1317163 0.1446501 0.1047511 0.1444978 0.1314881 0.1343497 0.1162441 0.1827580 0.1171761 0.1440111 0.1199794 0.0927505 0.1405262 0.1190359 0.1318112 0.1071637 0.0270529 0.1474533 0.1190359 0.0000000 0.0177244 0.1397930 0.1709174 0.1575326 0.1756409 0.0179531 0.1440608 0.1339947 0.0000010 0.0000021 0.0270655 0.1564710 0.0364491 0.1182397 0.1350744 0.0177721 0.1684488 0.1887355 0.0270261 0.1541772 
S1235sl     0.3057336 0.4469254 0.1868454 0.0885620 0.0463404 0.0367586 0.1722064 0.0376854 0.1035122 0.1738786 0.1607813 0.1322285 0.1737268 0.0459646 0.0087119 0.0268546 0.0572992 0.0571648 0.1642658 0.0462880 0.0369576 0.0087119 0.0180182 0.0177867 0.1789112 0.1083081 0.0575527 0.0274348 0.1868703 0.0466471 0.1868703 0.1637161 0.1466347 0.1312314 0.1630011 0.1605993 0.1642658 0.1177128 0.2179409 0.1186743 0.1738466 0.1484306 0.0938710 0.1722461 0.1205860 0.1610481 0.1085283 0.0467696 0.1784202 0.1205860 0.0177244 0.0000000 0.1251158 0.1735495 0.1599132 0.1784363 0.0372547 0.1460287 0.1637357 0.0177244 0.0182199 0.0468170 0.1872468 0.0567246 0.1461458 0.1652748 0.0177244 0.2023719 0.2253635 0.0269495 0.1870052 
S1246       0.3267539 0.4346561 0.1671758 0.2052111 0.1561297 0.1556608 0.0991337 0.1426648 0.2550642 0.1909675 0.1679791 0.1336780 0.1772007 0.1859099 0.1397930 0.1544541 0.1754702 0.1079704 0.1576097 0.1699961 0.1751223 0.1397930 0.1263514 0.1397930 0.1302738 0.1218812 0.1559622 0.1595593 0.1239622 0.1245336 0.1239622 0.1336379 0.1068954 0.1188726 0.1506161 0.1549740 0.1576097 0.2463143 0.1217403 0.1197453 0.1639078 0.1236762 0.1052327 0.1101168 0.1218812 0.1387851 0.1221216 0.1600495 0.1049712 0.1218812 0.1397930 0.1251158 0.0000000 0.1240361 0.1425610 0.1397472 0.1778018 0.1064215 0.1486048 0.1397930 0.1270864 0.1586547 0.1149780 0.1600495 0.0913646 0.0951321 0.1566456 0.1239622 0.1426437 0.1544541 0.1098384 
S1249       0.3186450 0.3506666 0.1067564 0.2167381 0.1691086 0.1735495 0.1462714 0.2083346 0.2707066 0.1859003 0.0812157 0.0000028 0.1245454 0.1872419 0.1888263 0.1853392 0.1597114 0.1240466 0.1346645 0.1833558 0.2065330 0.1888263 0.1420888 0.2079251 0.1006686 0.1373401 0.1726213 0.1912657 0.0719608 0.2234036 0.0719608 0.0903277 0.0714918 0.1162555 0.0689054 0.1342408 0.1346645 0.3125221 0.0589033 0.1213718 0.0809560 0.1067152 0.1210707 0.0831509 0.1505407 0.1345810 0.0833936 0.2228485 0.0807610 0.1505407 0.1709174 0.1735495 0.1240361 0.0000000 0.0000025 0.0000028 0.1912657 0.0712132 0.1201282 0.1709174 0.1586859 0.1716755 0.1178864 0.2388045 0.1227106 0.1404381 0.2069683 0.0833197 0.0830029 0.1924370 0.0695598 
S1266sl     0.3260162 0.3588838 0.0951457 0.2024877 0.1703618 0.1599132 0.1663031 0.1937394 0.2542853 0.1754786 0.0833888 0.0000028 0.1120409 0.1734307 0.1748694 0.1717025 0.1463124 0.1277746 0.1386968 0.1699184 0.1717025 0.1748694 0.1293319 0.1933471 0.1036562 0.1415363 0.1758437 0.1771321 0.0739064 0.2085490 0.0739064 0.0930325 0.0734113 0.1195069 0.0706827 0.1382616 0.1386968 0.2668222 0.0604171 0.1249290 0.0831056 0.1097385 0.1246144 0.0854282 0.1551959 0.1386273 0.0722706 0.2081241 0.0944727 0.1551959 0.1575326 0.1599132 0.1425610 0.0000025 0.0000000 0.0000025 0.1575326 0.0731186 0.1236152 0.1575326 0.1454024 0.1729658 0.1340705 0.2238199 0.1398527 0.1593568 0.1924582 0.0856075 0.0852677 0.1781359 0.0713730 
