123
HYZL          0.0000000 0.1311619 0.3291440 0.0000010 0.2647300 0.3596304 0.3558418 0.3362501 0.3382063 0.3903099 0.3315761 0.3401380 0.3406614 0.3220324 0.3392131 0.3838250 0.3587856 0.3532345 0.3517907 0.3737800 0.3336069 0.3089404 0.3392248 0.3166486 0.3267123 0.3380240 0.3678564 0.3513834 0.3438898 0.3169395 0.3594874 0.3274967 0.3568374 0.3613617 0.3077499 0.3495206 0.3221038 0.3807817 0.3430806 0.3469264 0.3439240 0.3725186 0.3382683 0.3586796 0.3333173 0.3211501 0.3538354 0.3576571 0.3396714 0.3402088 0.3668997 0.3477612 0.3488313 0.2956581 0.3245031 0.3379968 0.3216158 0.3216621 0.3441004 0.3633745 0.3183896 0.3659827 0.3295554 0.2864677 0.3319228 0.3581841 0.3540211 0.3271526 0.3199968 0.3012032 0.2953664 0.3791264 0.3890684 0.3209235 0.3318081 0.3015546 0.3637443 0.3355640 0.3164707 0.3503109 0.3265984 0.3546235 0.3315861 0.3374109 0.3199815 0.3577326 0.3352891 0.3341883 0.3608477 0.3411288 0.3471174 0.3237736 0.3540729 0.3306473 0.3332868 0.3794743 0.3166135 0.3612992 0.3115418 0.3431284 0.3329834 0.3324534 0.3331177 0.3246002 0.3531753 0.3421135 0.3217006 0.3492792 0.3337628 0.3377214 0.3115659 0.3346202 0.3579344 0.3732968 0.3453352 0.3387779 0.3561239 0.3846086 0.3427665 0.3237566 0.3240734 0.0000010 0.0000010 
MYZV          0.1311619 0.0000000 0.3913914 0.0000010 0.3018193 0.4122306 0.4069545 0.3758243 0.3419385 0.4609366 0.4064989 0.3404713 0.3758774 0.4034391 0.4221883 0.3682485 0.3858306 0.3844906 0.3501364 0.4096072 0.3600166 0.3277711 0.3487931 0.3889546 0.4086926 0.3997475 0.3562854 0.4477952 0.3330029 0.3450235 0.4257887 0.3582102 0.3959148 0.3652372 0.3527654 0.4133676 0.3788304 0.4116283 0.3491215 0.4191932 0.4287639 0.3650938 0.3648854 0.4187778 0.3932886 0.4138882 0.4029973 0.3959608 0.3754353 0.3864727 0.3851318 0.4123624 0.4391102 0.3336047 0.3562906 0.4164575 0.3636992 0.3586153 0.3919620 0.4186340 0.3436702 0.3853744 0.3738092 0.3479371 0.3943927 0.3546951 0.4088888 0.3798239 0.3613656 0.3404975 0.3404975 0.0000010 0.4394785 0.3718420 0.3851532 0.3604093 0.3931609 0.3783336 0.3818954 0.3703662 0.3506401 0.3636158 0.3986022 0.3827246 0.3940186 0.3821190 0.3959743 0.4042546 0.3870187 0.4263844 0.3850827 0.3745599 0.3554721 0.3758632 0.3747233 0.4015884 0.3305175 0.3501445 0.3558788 0.3685288 0.3683606 0.4191744 0.3376746 0.3801240 0.3978104 0.3969838 0.3849793 0.4208500 0.3403523 0.3960663 0.3437979 0.3692128 0.4061219 0.3613473 0.3847432 0.3681790 0.3468217 0.4611396 0.3620670 0.3924289 0.0000010 0.0000010 0.0000010 
SRR6441723    0.3291440 0.3913914 0.0000000 0.1154133 0.0935560 0.1988444 0.0872862 0.0715338 0.0861126 0.1062201 0.0800398 0.0828020 0.0858246 0.0743732 0.1125608 0.1030916 0.0802464 0.1153577 0.1010406 0.0987746 0.0831061 0.0562573 0.0786529 0.0718588 0.0747666 0.0814609 0.0933338 0.0829706 0.0759891 0.0751521 0.0777308 0.0769174 0.0875659 0.0852855 0.0789350 0.0978227 0.0887518 0.0989705 0.0775424 0.0948275 0.0749349 0.0880617 0.0716458 0.0864758 0.0799804 0.0772682 0.0812084 0.0867146 0.1023682 0.0860414 0.0983942 0.0957031 0.0787974 0.0642814 0.0683986 0.0774669 0.0736005 0.0689941 0.0760054 0.0742663 0.0782669 0.1030053 0.0803594 0.0603586 0.0768719 0.0876701 0.0781551 0.0689146 0.0680689 0.0817080 0.0821316 0.1035365 0.1108596 0.1107775 0.0914287 0.0823685 0.1099230 0.0702852 0.0737943 0.1073797 0.0671786 0.1005668 0.0762537 0.0866787 0.0819135 0.0954431 0.0851069 0.0826308 0.1144580 0.0827909 0.0960699 0.0691724 0.0805530 0.0841838 0.0852644 0.0991990 0.0673001 0.0838556 0.0830570 0.0822316 0.0835676 0.0663777 0.1056055 0.0859098 0.0851279 0.0754768 0.0743536 0.0866839 0.0825848 0.0778648 0.0694728 0.0777226 0.0865402 0.0938372 0.0866589 0.0714437 0.0890782 0.1038981 0.0824143 0.0800597 0.0738900 0.0911915 0.0901364 
ERR4210213    0.0000010 0.0000010 0.1154133 0.0000000 0.0000010 0.2044668 0.0792251 0.0920966 0.1123030 0.0903661 0.1011978 0.0980834 0.1331491 0.0852485 0.1530711 0.1284537 0.1220189 0.1308411 0.0851429 0.1192129 0.1198605 0.0795418 0.1569397 0.1042730 0.1078017 0.1156863 0.1291228 0.0989423 0.0969225 0.0856621 0.1067202 0.0986386 0.0992929 0.1322147 0.1517848 0.1383280 0.1111575 0.1053948 0.1045841 0.0934510 0.0996345 0.1111799 0.0713609 0.1117111 0.1056760 0.1077103 0.0724701 0.0946479 0.1278673 0.1034803 0.1133289 0.1301222 0.1019210 0.1501510 0.0722800 0.1002470 0.0722800 0.0726596 0.1205240 0.0803793 0.0781369 0.1259351 0.0996976 0.0843456 0.1040857 0.1066696 0.1146807 0.1519408 0.1521203 0.1481069 0.1751804 0.1316109 0.0980021 0.1429561 0.1220985 0.1274971 0.1248943 0.1370307 0.1546626 0.1445490 0.0722800 0.1288410 0.1053696 0.2362125 0.1728091 0.1188994 0.0980834 0.1430642 0.1377868 0.1084707 0.1213547 0.1199345 0.1163284 0.1192747 0.1192747 0.1193341 0.0926368 0.1271531 0.1132589 0.1078903 0.0795765 0.0863529 0.1341834 0.1595038 0.1473513 0.1083462 0.1034830 0.0859219 0.1563430 0.1179559 0.0917066 0.1407561 0.1562920 0.1315848 0.1213547 0.0722800 0.1191706 0.0845768 0.1178541 0.1139248 0.0854111 0.0544707 0.0797143 
ERR2789774    0.2647300 0.3018193 0.0935560 0.0000010 0.0000000 0.1840138 0.0914025 0.0735096 0.0938923 0.1425256 0.0517380 0.0935565 0.1144680 0.0526623 0.0819713 0.1040022 0.0949163 0.1221862 0.0952543 0.1013383 0.0932958 0.1057990 0.0920458 0.0637855 0.0559913 0.0558262 0.1043012 0.0929789 0.0934530 0.0640252 0.0601552 0.0820632 0.1024394 0.1141835 0.0840733 0.0820437 0.0923958 0.1079730 0.0867206 0.0916840 0.0601802 0.1074839 0.1071378 0.0997249 0.0493788 0.0559913 0.0928726 0.1069222 0.1086588 0.0556485 0.1069645 0.1129936 0.0730964 0.0679316 0.0680331 0.0645264 0.0724163 0.0609498 0.0841128 0.0959076 0.1211807 0.1284149 0.0843577 0.0752726 0.0761705 0.1041293 0.0917458 0.0802603 0.1015477 0.0800796 0.0755863 0.0346489 0.1590052 0.1190768 0.1089325 0.0824800 0.1105735 0.0911541 0.0755897 0.1181470 0.0599370 0.1200125 0.1002888 0.0883919 0.0819725 0.1255315 0.0880101 0.0807995 0.1339066 0.0690623 0.1238567 0.0679282 0.0991090 0.0847931 0.0886630 0.1167083 0.0984400 0.1021600 0.0789604 0.1081623 0.0936323 0.0577928 0.1043882 0.0951191 0.0953085 0.0737239 0.0648800 0.0933003 0.0720100 0.0761438 0.0926050 0.0867237 0.1090665 0.1081164 0.0909026 0.0686028 0.0993360 0.1407387 0.0848437 0.0558335 0.0432703 0.0000010 0.0000010 
PAFTOL_019361 0.3596304 0.4122306 0.1988444 0.2044668 0.1840138 0.0000000 0.1955099 0.1826828 0.1957113 0.1924926 0.1956853 0.1766994 0.2172977 0.1895053 0.2253657 0.2127629 0.1953484 0.1942762 0.1975784 0.2048319 0.1786004 0.1920935 0.2005554 0.1693097 0.1823910 0.1786545 0.1884314 0.1793639 0.1823794 0.1801835 0.1867827 0.1729124 0.1946965 0.1903053 0.2016189 0.2131337 0.1940904 0.2082669 0.1866269 0.1981766 0.1828596 0.1901781 0.1750545 0.1781067 0.2133293 0.1887335 0.1689805 0.1931667 0.1814814 0.1895531 0.2149462 0.1889122 0.1906995 0.2056914 0.1707912 0.1863573 0.1790740 0.1699877 0.1948590 0.1678567 0.1909143 0.1899667 0.1807225 0.1604533 0.1780912 0.1974283 0.1715005 0.2067996 0.1840117 0.1957117 0.2095425 0.2216897 0.2059657 0.1854366 0.2035949 0.1748850 0.1954435 0.1891063 0.1864345 0.2080377 0.1707475 0.1830369 0.1707711 0.1945819 0.1951485 0.1903087 0.1914065 0.2064808 0.1902111 0.1948706 0.2075580 0.1840705 0.1801556 0.1805679 0.1818989 0.2007114 0.1834238 0.1942712 0.1800131 0.2001690 0.1859434 0.1784475 0.1782519 0.2199346 0.2203537 0.1870850 0.1847981 0.2021001 0.1999158 0.1873887 0.1915063 0.2039090 0.2194199 0.2119042 0.1961175 0.1750135 0.1884711 0.1995870 0.1827906 0.1800335 0.1905425 0.2119593 0.1759726 
S0055         0.3558418 0.4069545 0.0872862 0.0792251 0.0914025 0.1955099 0.0000000 0.0765680 0.1046829 0.1116813 0.0493323 0.0919577 0.0991179 0.0455995 0.0770687 0.1214735 0.0865689 0.1130086 0.1099307 0.0966999 0.0972892 0.0876414 0.1053255 0.0666839 0.0434238 0.0459088 0.0994636 0.0777241 0.0889175 0.0773220 0.0658773 0.0794523 0.0883955 0.0981330 0.0983789 0.1000221 0.0927182 0.0999758 0.0959809 0.0611777 0.0435222 0.1057479 0.0788623 0.0942333 0.0717882 0.0445386 0.0712075 0.0875888 0.1101852 0.0863228 0.0979555 0.1082369 0.0518727 0.0839490 0.0733584 0.0481378 0.0761105 0.0701636 0.1011687 0.0647363 0.0910060 0.0996643 0.0893302 0.0702007 0.0940612 0.0899080 0.0812116 0.0924751 0.0946392 0.1004324 0.0964310 0.0624924 0.1032814 0.1188754 0.1110076 0.0873403 0.0992383 0.0897738 0.0964013 0.1254874 0.0721265 0.1210136 0.0794069 0.1113198 0.1047147 0.0936267 0.0588356 0.0927634 0.1238234 0.0482978 0.0657483 0.0888759 0.0937255 0.0932213 0.0942996 0.0953110 0.0800552 0.0979607 0.0816465 0.0840878 0.0844239 0.0439349 0.1043510 0.1064806 0.1007571 0.0474242 0.0414800 0.0307272 0.0976545 0.0512157 0.0815818 0.0978548 0.1064819 0.1070283 0.0633506 0.0752572 0.0938187 0.0974358 0.0885320 0.0446772 0.0383803 0.1240834 0.1112097 
S0196sl       0.3362501 0.3758243 0.0715338 0.0920966 0.0735096 0.1826828 0.0765680 0.0000000 0.0814018 0.0740907 0.0661446 0.0770506 0.0807922 0.0596383 0.1047747 0.0942688 0.0808651 0.0968092 0.0956453 0.0935043 0.0747435 0.0754330 0.0786640 0.0661514 0.0635259 0.0688684 0.0799970 0.0757479 0.0678208 0.0240485 0.0669591 0.0596033 0.0839178 0.0835890 0.0902959 0.0968711 0.0763902 0.0941956 0.0741955 0.0832675 0.0634637 0.0851017 0.0649520 0.0771658 0.0738858 0.0634571 0.0481316 0.0859664 0.0967067 0.0791503 0.0949802 0.0777081 0.0690067 0.0753069 0.0218024 0.0686734 0.0228892 0.0219777 0.0872904 0.0427239 0.0647516 0.0868111 0.0708669 0.0552396 0.0692208 0.0705656 0.0731819 0.0812604 0.0852575 0.0849245 0.0923677 0.0849191 0.0776208 0.1047388 0.0774410 0.0736734 0.0866525 0.0797856 0.0820254 0.1044325 0.0230204 0.1002086 0.0651655 0.0955740 0.0876143 0.0852796 0.0790062 0.0740980 0.1027652 0.0728043 0.0860074 0.0644505 0.0721927 0.0720972 0.0731679 0.0925797 0.0580810 0.0809844 0.0681534 0.0783281 0.0800607 0.0605131 0.0871824 0.1000564 0.0842602 0.0682620 0.0578592 0.0739676 0.0751003 0.0777090 0.0587742 0.0752995 0.0838844 0.0892597 0.0752764 0.0263555 0.0747717 0.0779049 0.0703258 0.0675024 0.0630593 0.0572745 0.0382871 
S0278         0.3382063 0.3419385 0.0861126 0.1123030 0.0938923 0.1957113 0.1046829 0.0814018 0.0000000 0.1094604 0.0869352 0.0373177 0.1011807 0.0939987 0.1140272 0.0481139 0.1031537 0.1109857 0.0457608 0.1176786 0.0434612 0.0906546 0.1210582 0.0929327 0.0825817 0.0853053 0.0377644 0.1002130 0.0306199 0.0823230 0.0999450 0.0362026 0.1046912 0.0559268 0.1028646 0.1232387 0.0878987 0.1185815 0.0331637 0.0992464 0.0799967 0.0408673 0.0495560 0.0622668 0.0951934 0.0865312 0.0901832 0.1064875 0.1181841 0.0942087 0.1195950 0.0972810 0.0885033 0.0954205 0.0767464 0.0906913 0.0807305 0.0774159 0.0995829 0.0816669 0.0532179 0.1026705 0.0526044 0.0434588 0.0757066 0.0395598 0.0946029 0.0962762 0.1021440 0.0971231 0.1059283 0.1174829 0.1146806 0.1267146 0.1056503 0.0916548 0.1061320 0.0950010 0.0960338 0.1238575 0.0756279 0.1159580 0.0559495 0.1189949 0.1080777 0.1007082 0.0980064 0.0979489 0.1245086 0.0920108 0.1045092 0.0734305 0.0320643 0.0574171 0.0584864 0.1135480 0.0465547 0.0283795 0.0822610 0.1032796 0.1023557 0.0822517 0.1023703 0.1205782 0.1030640 0.0863493 0.0863109 0.1007673 0.0969003 0.0931423 0.0471908 0.0869093 0.1062120 0.0429623 0.0934171 0.0800167 0.0390115 0.1137049 0.0509136 0.0892719 0.0925144 0.1050503 0.1034611 
S0281         0.3903099 0.4609366 0.1062201 0.0903661 0.1425256 0.1924926 0.1116813 0.0740907 0.1094604 0.0000000 0.0993264 0.1044114 0.1196062 0.1012928 0.1277672 0.1261620 0.1030287 0.1160456 0.1175572 0.1195306 0.1014653 0.1133161 0.1314693 0.0899618 0.0949339 0.0994194 0.1064863 0.0984901 0.0985295 0.0767508 0.0962605 0.0848327 0.1049992 0.1030381 0.1281099 0.1155708 0.1001821 0.1197791 0.1025355 0.1091905 0.0960349 0.1067050 0.0912259 0.1029286 0.1023309 0.0989847 0.0612947 0.1075744 0.1301350 0.1034175 0.1193257 0.1119457 0.0983103 0.1160770 0.0712199 0.1019101 0.0764002 0.0680606 0.1231583 0.0519724 0.0994743 0.0975851 0.1005453 0.0797822 0.0965785 0.1051955 0.0984717 0.1218765 0.1240050 0.1197188 0.1272228 0.0990470 0.0776812 0.1359857 0.1191440 0.0880903 0.0965208 0.1147059 0.1187208 0.1361438 0.0700075 0.1370671 0.0866965 0.1359199 0.1279786 0.0902873 0.1074595 0.1115741 0.1369650 0.1007792 0.1054528 0.1075766 0.1034416 0.1018712 0.1029556 0.1172581 0.0856339 0.1067448 0.0871216 0.0977868 0.1054738 0.0932124 0.1035745 0.1312551 0.1277463 0.0991312 0.0958386 0.1091798 0.1051592 0.0975660 0.0956308 0.1164650 0.1246218 0.1093549 0.0982161 0.0755571 0.1035648 0.0705865 0.1025129 0.0991947 0.0906914 0.0831246 0.0720408 
S0282         0.3315761 0.4064989 0.0800398 0.1011978 0.0517380 0.1956853 0.0493323 0.0661446 0.0869352 0.0993264 0.0000000 0.0835909 0.0963364 0.0205594 0.0542787 0.1010850 0.0817826 0.1011484 0.0920535 0.0929512 0.0758597 0.0814469 0.1114900 0.0606812 0.0164976 0.0241506 0.0830558 0.0651525 0.0730242 0.0632114 0.0637136 0.0713446 0.0833292 0.0819747 0.0933919 0.0882286 0.0829926 0.0948794 0.0770386 0.0467852 0.0197605 0.0868051 0.0650058 0.0786671 0.0657719 0.0197042 0.0716022 0.0838366 0.1039300 0.0697696 0.0925601 0.0921358 0.0253095 0.0857424 0.0594226 0.0207807 0.0644634 0.0562469 0.0946883 0.0674487 0.0779454 0.0899167 0.0721274 0.0577919 0.0782651 0.0855240 0.0727658 0.0933759 0.0926418 0.0954001 0.0940572 0.0540867 0.0962888 0.1093240 0.0938352 0.0774805 0.0930310 0.0794111 0.0839633 0.1104857 0.0582337 0.1074455 0.0718234 0.1017954 0.0997052 0.0864242 0.0564110 0.0861963 0.1102901 0.0241361 0.0738111 0.0795969 0.0788148 0.0745860 0.0756568 0.0933477 0.0618835 0.0849578 0.0731699 0.0808377 0.0781233 0.0200070 0.0985246 0.1025299 0.0999911 0.0221461 0.0221689 0.0533634 0.0937131 0.0502421 0.0647137 0.0908131 0.0994901 0.0876270 0.0575932 0.0620720 0.0763433 0.0940824 0.0754628 0.0164387 0.0500534 0.1114861 0.0991942 
S0289         0.3401380 0.3404713 0.0828020 0.0980834 0.0935565 0.1766994 0.0919577 0.0770506 0.0373177 0.1044114 0.0835909 0.0000000 0.0949312 0.0830301 0.1103236 0.0489375 0.0927066 0.1091677 0.0374476 0.1055616 0.0456227 0.0885098 0.1140503 0.0849247 0.0744227 0.0823648 0.0423632 0.0910291 0.0305082 0.0804677 0.0927407 0.0305210 0.0956696 0.0566648 0.0993475 0.1150482 0.0810678 0.1063226 0.0330406 0.0948131 0.0704750 0.0406715 0.0479178 0.0679673 0.0890589 0.0743495 0.0790106 0.0931710 0.1080769 0.0892652 0.1072149 0.0973473 0.0798485 0.0853222 0.0712295 0.0796204 0.0788985 0.0730615 0.0973813 0.0722398 0.0576509 0.0914206 0.0544453 0.0431009 0.0738968 0.0326697 0.0888663 0.0898583 0.0944960 0.0910309 0.1000945 0.0935062 0.1028084 0.1160036 0.1049661 0.0871700 0.0949751 0.0860399 0.0881754 0.1174668 0.0724667 0.1083000 0.0504652 0.1108644 0.1130002 0.0948163 0.0905118 0.0921447 0.1181307 0.0850572 0.0970136 0.0729335 0.0351687 0.0604470 0.0615068 0.1060163 0.0462187 0.0348013 0.0755584 0.0919385 0.0891094 0.0738233 0.0979182 0.1125520 0.0985769 0.0791929 0.0778800 0.0894978 0.0920505 0.0856747 0.0480271 0.0824896 0.0944649 0.0440293 0.0886229 0.0767663 0.0399819 0.1075404 0.0552865 0.0794249 0.0768545 0.0765366 0.0861845 
S0292         0.3406614 0.3758774 0.0858246 0.1331491 0.1144680 0.2172977 0.0991179 0.0807922 0.1011807 0.1196062 0.0963364 0.0949312 0.0000000 0.0968168 0.1157633 0.1135225 0.0969218 0.1156884 0.1150101 0.1127989 0.0965248 0.0804479 0.0892224 0.0878392 0.0893880 0.0899111 0.1011904 0.1057179 0.0863464 0.0855437 0.0947412 0.0848772 0.1014916 0.0961310 0.0767364 0.1121709 0.0980593 0.1121636 0.0933464 0.1135896 0.0852809 0.1064999 0.0862467 0.0972290 0.0896156 0.0893366 0.0978232 0.1025343 0.1205969 0.1033864 0.1098558 0.0955392 0.0935121 0.0675502 0.0773464 0.0948367 0.0839171 0.0778645 0.0688842 0.0904335 0.0928223 0.1084765 0.0880856 0.0748817 0.0862618 0.0935879 0.0890924 0.0722359 0.0713425 0.0807002 0.0734289 0.1172333 0.1183968 0.1254815 0.1013548 0.0924270 0.1224478 0.0684354 0.0717461 0.1245968 0.0787405 0.1264151 0.0855253 0.0885975 0.0784486 0.1075373 0.1019470 0.0488374 0.1351579 0.0921465 0.1092019 0.0550377 0.0912631 0.0903038 0.0913797 0.1105250 0.0832410 0.0991392 0.0923319 0.1004458 0.1000208 0.0821792 0.1179266 0.0898901 0.0228529 0.0902784 0.0862713 0.1028033 0.0438144 0.0946850 0.0783686 0.0250444 0.0249536 0.1011172 0.0937483 0.0845521 0.0968495 0.1218387 0.0825348 0.0933984 0.0834642 0.1259766 0.1069640 
S0293         0.3220324 0.4034391 0.0743732 0.0852485 0.0526623 0.1895053 0.0455995 0.0596383 0.0939987 0.1012928 0.0205594 0.0830301 0.0968168 0.0000000 0.0551681 0.1037072 0.0825631 0.1006368 0.0967263 0.0920319 0.0786119 0.0802045 0.0945837 0.0579525 0.0182778 0.0218831 0.0851724 0.0557140 0.0755995 0.0621295 0.0612479 0.0711347 0.0842637 0.0849483 0.0890991 0.0818509 0.0811665 0.0987200 0.0811157 0.0442181 0.0219399 0.0873558 0.0666443 0.0816275 0.0604454 0.0182572 0.0669893 0.0834404 0.0993880 0.0654098 0.0963331 0.0880982 0.0255763 0.0794219 0.0592118 0.0242664 0.0633823 0.0557168 0.0950709 0.0590939 0.0749852 0.0797795 0.0761030 0.0546441 0.0765318 0.0849099 0.0695901 0.0902995 0.0879176 0.0913444 0.0870862 0.0425590 0.0988582 0.1067730 0.0912348 0.0691084 0.0886082 0.0794451 0.0818111 0.1074716 0.0580013 0.1044626 0.0669963 0.0909700 0.0976643 0.0834729 0.0494161 0.0832609 0.1023576 0.0243009 0.0667670 0.0815900 0.0786145 0.0787344 0.0799130 0.0908811 0.0603646 0.0885363 0.0704885 0.0800904 0.0785843 0.0185369 0.0905031 0.1010554 0.0977880 0.0233421 0.0232463 0.0446186 0.0860119 0.0481457 0.0665106 0.0880038 0.0973009 0.0949766 0.0493067 0.0622312 0.0749509 0.0987649 0.0755862 0.0194643 0.0398517 0.1019390 0.0898551 
S0294         0.3392131 0.4221883 0.1125608 0.1530711 0.0819713 0.2253657 0.0770687 0.1047747 0.1140272 0.1277672 0.0542787 0.1103236 0.1157633 0.0551681 0.0000000 0.1310438 0.1102485 0.1206257 0.1223379 0.1265397 0.0992029 0.1154708 0.1405349 0.0898886 0.0435684 0.0486300 0.1113310 0.0952162 0.0989511 0.0995784 0.0954045 0.0873815 0.1149811 0.1127578 0.1140629 0.1147868 0.1106284 0.1259693 0.1105326 0.0733008 0.0460139 0.1166713 0.0901017 0.1067187 0.0907718 0.0460865 0.1072025 0.1140692 0.1425337 0.1045295 0.1255495 0.1177896 0.0519045 0.1096021 0.0953164 0.0494944 0.0982122 0.0920835 0.1244482 0.1002139 0.1000075 0.1143828 0.0996637 0.0778913 0.1072822 0.1178196 0.1032529 0.1145472 0.1150208 0.1196985 0.1121153 0.0584979 0.1311405 0.1488743 0.1243284 0.1065728 0.1232704 0.1094603 0.1138510 0.1491625 0.0940111 0.1442913 0.1039936 0.1257893 0.1208676 0.1111982 0.0863055 0.1093416 0.1463912 0.0533865 0.0993222 0.1093421 0.1039846 0.1019097 0.1029938 0.1242413 0.0889043 0.1159632 0.1003098 0.1137820 0.1076965 0.0454407 0.1258585 0.1289843 0.1223498 0.0501945 0.0490521 0.0766559 0.1133044 0.0727749 0.0878113 0.1108072 0.1235214 0.1132990 0.0805117 0.1001846 0.1082869 0.1216540 0.1016766 0.0517597 0.0712079 0.1825956 0.1607662 
S0299         0.3838250 0.3682485 0.1030916 0.1284537 0.1040022 0.2127629 0.1214735 0.0942688 0.0481139 0.1261620 0.1010850 0.0489375 0.1135225 0.1037072 0.1310438 0.0000000 0.1120381 0.1237139 0.0626061 0.1191923 0.0581124 0.1008891 0.1342722 0.1067002 0.0981821 0.1011638 0.0596727 0.1152773 0.0433436 0.0977948 0.1135588 0.0518815 0.1076251 0.0724290 0.1252412 0.1364238 0.1026338 0.1213086 0.0487252 0.1156866 0.0964305 0.0552219 0.0633231 0.0805330 0.1088018 0.1007209 0.0991115 0.1126727 0.1291070 0.1124788 0.1221918 0.1147675 0.1014117 0.1132306 0.0905296 0.1037878 0.0960756 0.0912347 0.1200904 0.0981915 0.0735811 0.1100861 0.0701112 0.0620963 0.0988415 0.0559374 0.1061773 0.1153723 0.1150006 0.1178556 0.1260355 0.1351913 0.1304979 0.1395389 0.1239702 0.0982092 0.1216098 0.1081066 0.1105218 0.1382163 0.0892461 0.1298595 0.0732385 0.1270741 0.1189503 0.1016155 0.1079873 0.1174092 0.1387620 0.1068707 0.1198256 0.0923924 0.0472379 0.0751518 0.0737206 0.1181908 0.0653212 0.0455583 0.0968986 0.1091895 0.1037145 0.0906918 0.1165129 0.1247947 0.1200903 0.1007723 0.0964908 0.1160848 0.1143697 0.0999896 0.0645907 0.1056351 0.1226220 0.0623680 0.1093060 0.0939037 0.0571143 0.1325567 0.0725075 0.1021411 0.1063421 0.1105861 0.1161851 
S0303         0.3587856 0.3858306 0.0802464 0.1220189 0.0949163 0.1953484 0.0865689 0.0808651 0.1031537 0.1030287 0.0817826 0.0927066 0.0969218 0.0825631 0.1102485 0.1120381 0.0000000 0.0865473 0.1084362 0.0144880 0.0957918 0.0672528 0.0989892 0.0746165 0.0750995 0.0778561 0.1002743 0.0839286 0.0840236 0.0791029 0.0835485 0.0853114 0.0093642 0.1029395 0.1021921 0.1059698 0.0772997 0.0199359 0.0941114 0.0957327 0.0764991 0.1040691 0.0834014 0.1061482 0.0831437 0.0776509 0.0739596 0.0137077 0.1148030 0.0968561 0.0233798 0.1070422 0.0795012 0.0923575 0.0708538 0.0765106 0.0787309 0.0712928 0.1002003 0.0672409 0.0901379 0.0779564 0.0979542 0.0732923 0.0981593 0.0954165 0.0359229 0.1031562 0.0977169 0.1010942 0.0984724 0.0958953 0.0944476 0.1201879 0.1189909 0.0700635 0.0778845 0.0989367 0.1027747 0.1183635 0.0721252 0.1095926 0.0891913 0.1223538 0.0991286 0.0793019 0.0815892 0.0921903 0.1225722 0.0805110 0.0927544 0.0785787 0.0944187 0.1019887 0.1030869 0.0177280 0.0821570 0.0936152 0.0666524 0.0147773 0.0136675 0.0716703 0.0735110 0.0990306 0.0919660 0.0759512 0.0662588 0.0829851 0.0863319 0.0772901 0.0865063 0.0873089 0.1005500 0.1002425 0.0845647 0.0778716 0.1004577 0.0949290 0.0932919 0.0792509 0.0663412 0.1395691 0.1140637 
S0308         0.3532345 0.3844906 0.1153577 0.1308411 0.1221862 0.1942762 0.1130086 0.0968092 0.1109857 0.1160456 0.1011484 0.1091677 0.1156884 0.1006368 0.1206257 0.1237139 0.0865473 0.0000000 0.1217248 0.0954640 0.1077030 0.1092900 0.1538526 0.0999482 0.0925993 0.0930755 0.1061948 0.1101372 0.0958432 0.0953003 0.1000518 0.0884573 0.0871927 0.1073796 0.1203077 0.1283341 0.0704224 0.0956532 0.1048181 0.1174126 0.0910170 0.1186119 0.0944659 0.1067524 0.1071443 0.0938600 0.0904852 0.0820308 0.1346401 0.1196397 0.0965771 0.1168435 0.1014599 0.1138777 0.0893528 0.0954151 0.0934873 0.0887282 0.1217575 0.0875491 0.1026618 0.0813569 0.1049633 0.0801363 0.1051654 0.1073462 0.0818490 0.1226891 0.1202307 0.1178872 0.1165316 0.1012712 0.1050342 0.1365342 0.1245583 0.0600406 0.0693534 0.1137080 0.1182365 0.1438466 0.0908235 0.1316008 0.0989838 0.1347236 0.1248591 0.0719905 0.0937762 0.1168882 0.1355245 0.1014171 0.1055156 0.1002949 0.0993537 0.1063199 0.1074196 0.0912213 0.0969144 0.1091727 0.0602491 0.0898194 0.0816810 0.0868874 0.0802922 0.1314502 0.1204665 0.0954596 0.0837836 0.1095119 0.1181695 0.0892570 0.0947898 0.1161921 0.1261939 0.1200950 0.1011499 0.0969828 0.1063859 0.1098780 0.1027915 0.0954687 0.0801772 0.1111977 0.0935072 
S0320         0.3517907 0.3501364 0.1010406 0.0851429 0.0952543 0.1975784 0.1099307 0.0956453 0.0457608 0.1175572 0.0920535 0.0374476 0.1150101 0.0967263 0.1223379 0.0626061 0.1084362 0.1217248 0.0000000 0.1218287 0.0564797 0.1031962 0.1402328 0.1017478 0.0876899 0.0906642 0.0519275 0.1088332 0.0432052 0.0964274 0.1129056 0.0483609 0.1102424 0.0695277 0.1150878 0.1255686 0.0944973 0.1212813 0.0446923 0.1101237 0.0861154 0.0528211 0.0616315 0.0784099 0.1061346 0.0902589 0.0895503 0.1064450 0.1288190 0.1051561 0.1206686 0.1058124 0.0934584 0.1078026 0.0892784 0.0930918 0.0947393 0.0887515 0.1149379 0.0829520 0.0729840 0.1057031 0.0656969 0.0580777 0.0900641 0.0558206 0.1083615 0.1113315 0.1044296 0.1110344 0.1172853 0.1068449 0.1187214 0.1336704 0.1124685 0.0978922 0.1051238 0.1031845 0.1101207 0.1387788 0.0880143 0.1310844 0.0597981 0.1274028 0.1268957 0.1052395 0.1043548 0.1122985 0.1404174 0.0987682 0.1153016 0.0930719 0.0493025 0.0706386 0.0717066 0.1195402 0.0611286 0.0478085 0.0915944 0.1064148 0.1034247 0.0869515 0.1102702 0.1271496 0.1233131 0.0914303 0.0883282 0.1033406 0.1124550 0.0965996 0.0604167 0.1061277 0.1216894 0.0587940 0.1036767 0.0925934 0.0483057 0.1183064 0.0693719 0.0915228 0.0950970 0.1153204 0.1030218 
S0322         0.3737800 0.4096072 0.0987746 0.1192129 0.1013383 0.2048319 0.0966999 0.0935043 0.1176786 0.1195306 0.0929512 0.1055616 0.1127989 0.0920319 0.1265397 0.1191923 0.0144880 0.0954640 0.1218287 0.0000000 0.1103483 0.0833945 0.1161246 0.0843290 0.0860365 0.0889541 0.1133770 0.0966220 0.0966038 0.0917412 0.0948143 0.0937732 0.0040550 0.1144367 0.1200974 0.1205914 0.0869740 0.0196607 0.1028261 0.1087128 0.0875656 0.1172095 0.0970841 0.1178603 0.0935665 0.0887212 0.0836341 0.0071913 0.1315872 0.1083266 0.0230748 0.1205993 0.0893322 0.1068232 0.0832259 0.0888713 0.0913078 0.0837444 0.1175009 0.0784107 0.1013556 0.0890675 0.1065969 0.0857637 0.1096454 0.1101919 0.0448545 0.1175977 0.1149789 0.1155346 0.1145930 0.0977659 0.1103610 0.1374560 0.1327835 0.0772532 0.0837098 0.1106514 0.1147890 0.1384030 0.0845240 0.1292801 0.0987678 0.1342276 0.1026452 0.0878267 0.0928190 0.1049545 0.1398319 0.0931963 0.1060106 0.0896351 0.1073516 0.1106706 0.1117596 0.0121736 0.0961310 0.1050249 0.0735625 0.0178493 0.0102938 0.0826991 0.0846485 0.1085392 0.1090053 0.0884687 0.0771446 0.0931707 0.0992587 0.0897816 0.0974023 0.1028959 0.1164647 0.1134886 0.0975005 0.0904911 0.1135807 0.1094672 0.1033363 0.0931627 0.0719737 0.1365588 0.1065039 
S0327         0.3336069 0.3600166 0.0831061 0.1198605 0.0932958 0.1786004 0.0972892 0.0747435 0.0434612 0.1014653 0.0758597 0.0456227 0.0965248 0.0786119 0.0992029 0.0581124 0.0957918 0.1077030 0.0564797 0.1103483 0.0000000 0.0887385 0.1015956 0.0813947 0.0705450 0.0746920 0.0378455 0.0884785 0.0339158 0.0755939 0.0892144 0.0374264 0.0974918 0.0595577 0.0935260 0.1113731 0.0840634 0.1137516 0.0404244 0.0899985 0.0691950 0.0492670 0.0435286 0.0585463 0.0846115 0.0716551 0.0844086 0.1008201 0.1081398 0.0950039 0.1147160 0.0946107 0.0760949 0.0898408 0.0701593 0.0756850 0.0740546 0.0695119 0.0946314 0.0774641 0.0506225 0.0987065 0.0534796 0.0408201 0.0703336 0.0475990 0.0929740 0.0934782 0.0944475 0.0887774 0.0928608 0.1020247 0.1024202 0.1151059 0.1047186 0.0858497 0.1018129 0.0848866 0.0899854 0.1145848 0.0690519 0.1131806 0.0552162 0.1040534 0.1052731 0.0922866 0.0904757 0.0939462 0.1130954 0.0798296 0.0972134 0.0705806 0.0353434 0.0546793 0.0557421 0.1093404 0.0450908 0.0419554 0.0771949 0.0991279 0.0937384 0.0700279 0.0955456 0.1102256 0.1014560 0.0740475 0.0713458 0.0908914 0.0938514 0.0843496 0.0411317 0.0866957 0.1041666 0.0515483 0.0822707 0.0733127 0.0343983 0.1041854 0.0555516 0.0768990 0.0759151 0.0994445 0.0776333 
S0335         0.3089404 0.3277711 0.0562573 0.0795418 0.1057990 0.1920935 0.0876414 0.0754330 0.0906546 0.1133161 0.0814469 0.0885098 0.0804479 0.0802045 0.1154708 0.1008891 0.0672528 0.1092900 0.1031962 0.0833945 0.0887385 0.0000000 0.0697545 0.0768173 0.0814044 0.0855238 0.0995487 0.0928877 0.0787260 0.0777691 0.0832137 0.0850525 0.0740912 0.0896842 0.0882560 0.1009523 0.0850633 0.0837607 0.0845359 0.1007285 0.0828276 0.0939305 0.0679668 0.0882521 0.0882559 0.0838912 0.0869311 0.0741942 0.1088966 0.0909056 0.0844558 0.1038775 0.0867490 0.0769203 0.0708538 0.0868133 0.0761745 0.0701812 0.0799015 0.0755665 0.0809046 0.0885038 0.0820081 0.0653237 0.0799294 0.0925434 0.0736186 0.0820315 0.0805863 0.0854743 0.0929456 0.1076310 0.1127097 0.1158391 0.1034544 0.0798536 0.1034968 0.0794336 0.0832026 0.1095628 0.0696085 0.1040211 0.0830581 0.0963860 0.0905952 0.0890880 0.0879847 0.0802388 0.1183384 0.0883416 0.0964503 0.0681359 0.0849149 0.0859164 0.0870159 0.0850663 0.0713319 0.0842272 0.0780144 0.0743703 0.0714519 0.0740681 0.0916821 0.0929911 0.0797739 0.0822470 0.0764119 0.0896342 0.0775106 0.0834455 0.0746646 0.0740759 0.0840856 0.0972147 0.0895765 0.0753070 0.0951357 0.1042907 0.0811464 0.0804045 0.0804959 0.1224922 0.1042166 
S0345         0.3392248 0.3487931 0.0786529 0.1569397 0.0920458 0.2005554 0.1053255 0.0786640 0.1210582 0.1314693 0.1114900 0.1140503 0.0892224 0.0945837 0.1405349 0.1342722 0.0989892 0.1538526 0.1402328 0.1161246 0.1015956 0.0697545 0.0000000 0.1013158 0.0957487 0.1115706 0.1203445 0.0999636 0.1049993 0.0825936 0.1091652 0.1102968 0.1024378 0.1234511 0.0838968 0.1230961 0.1183584 0.1168593 0.1116062 0.1217257 0.1023430 0.1222839 0.1053807 0.1288914 0.0875553 0.0935086 0.1019478 0.1090012 0.1069726 0.1214537 0.1151806 0.1159618 0.1050426 0.0769438 0.0824261 0.1023916 0.0864086 0.0846878 0.0851588 0.0844089 0.1009342 0.1305163 0.1208445 0.0913728 0.0989952 0.1076373 0.0880824 0.0866603 0.0775475 0.0923498 0.0845089 0.1390564 0.1319693 0.1244364 0.1132099 0.1129896 0.1407255 0.0800633 0.0832572 0.1124388 0.0869230 0.1176702 0.1125966 0.0923085 0.0818877 0.1331885 0.1110118 0.0744500 0.1222681 0.1070422 0.1127593 0.0713974 0.1098672 0.1248825 0.1243434 0.1139014 0.0929482 0.1107109 0.1015230 0.0983905 0.1060076 0.0976853 0.1312437 0.0526724 0.0841605 0.0975198 0.0880937 0.1010438 0.0877401 0.0991357 0.0991406 0.0769919 0.0910991 0.1263638 0.1039469 0.0935765 0.1093478 0.1320442 0.1055262 0.1071436 0.1032944 0.1045745 0.0825218 
S0376         0.3166486 0.3889546 0.0718588 0.1042730 0.0637855 0.1693097 0.0666839 0.0661514 0.0929327 0.0899618 0.0606812 0.0849247 0.0878392 0.0579525 0.0898886 0.1067002 0.0746165 0.0999482 0.1017478 0.0843290 0.0813947 0.0768173 0.1013158 0.0000000 0.0506683 0.0556186 0.0925049 0.0671929 0.0754621 0.0645267 0.0367063 0.0681858 0.0748688 0.0889341 0.0820521 0.0802926 0.0738838 0.0887588 0.0807814 0.0733742 0.0533584 0.0930845 0.0789051 0.0849392 0.0549943 0.0494296 0.0690239 0.0725131 0.1068824 0.0715150 0.0853825 0.0971570 0.0572535 0.0745274 0.0592817 0.0555033 0.0618627 0.0561132 0.0857658 0.0634337 0.0828936 0.0817507 0.0770238 0.0664502 0.0768387 0.0824205 0.0658426 0.0832043 0.0831581 0.0798984 0.0830784 0.0775477 0.0800410 0.1106452 0.0969185 0.0709464 0.0786856 0.0734914 0.0771377 0.1105206 0.0581833 0.1116101 0.0719212 0.0996273 0.0910688 0.0773400 0.0666311 0.0810668 0.1148020 0.0533534 0.0849905 0.0740052 0.0850734 0.0807862 0.0818555 0.0872715 0.0721468 0.0927693 0.0707969 0.0724526 0.0711948 0.0501795 0.0816757 0.0922622 0.0885372 0.0537812 0.0514117 0.0647686 0.0835716 0.0612991 0.0749423 0.0841062 0.0942839 0.0973018 0.0731090 0.0635265 0.0896465 0.0850888 0.0791344 0.0571355 0.0538095 0.1231023 0.1103375 
S0400         0.3267123 0.4086926 0.0747666 0.1078017 0.0559913 0.1823910 0.0434238 0.0635259 0.0825817 0.0949339 0.0164976 0.0744227 0.0893880 0.0182778 0.0435684 0.0981821 0.0750995 0.0925993 0.0876899 0.0860365 0.0705450 0.0814044 0.0957487 0.0506683 0.0000000 0.0176682 0.0761921 0.0588515 0.0677638 0.0593139 0.0576343 0.0666688 0.0766024 0.0791376 0.0863982 0.0799420 0.0751120 0.0879891 0.0741302 0.0375571 0.0133695 0.0839442 0.0623227 0.0758881 0.0580808 0.0060553 0.0650003 0.0770645 0.0989314 0.0647509 0.0856851 0.0855533 0.0209279 0.0763480 0.0568003 0.0080966 0.0605487 0.0536364 0.0903381 0.0595429 0.0687700 0.0804351 0.0681664 0.0516154 0.0741643 0.0777481 0.0662983 0.0863374 0.0858459 0.0869780 0.0844693 0.0388951 0.0907502 0.1070887 0.0857517 0.0709927 0.0861654 0.0753552 0.0788491 0.1124004 0.0557056 0.1023950 0.0698926 0.0943637 0.0954815 0.0799238 0.0492139 0.0772351 0.1066187 0.0143469 0.0625210 0.0729731 0.0734184 0.0718520 0.0729201 0.0851382 0.0581118 0.0808095 0.0629158 0.0741434 0.0701798 0.0135347 0.0902126 0.0957268 0.0916440 0.0145142 0.0156495 0.0426261 0.0841685 0.0420204 0.0598052 0.0841074 0.0942846 0.0874365 0.0480132 0.0609935 0.0709437 0.0883236 0.0677639 0.0154750 0.0370890 0.1009321 0.0889920 
S0405         0.3380240 0.3997475 0.0814609 0.1156863 0.0558262 0.1786545 0.0459088 0.0688684 0.0853053 0.0994194 0.0241506 0.0823648 0.0899111 0.0218831 0.0486300 0.1011638 0.0778561 0.0930755 0.0906642 0.0889541 0.0746920 0.0855238 0.1115706 0.0556186 0.0176682 0.0000000 0.0792033 0.0639939 0.0706123 0.0619863 0.0640312 0.0670717 0.0780503 0.0833443 0.0908545 0.0870438 0.0777967 0.0895376 0.0796522 0.0433563 0.0155190 0.0855275 0.0675407 0.0748410 0.0633452 0.0187027 0.0703804 0.0783395 0.1050036 0.0712823 0.0889080 0.0897980 0.0242493 0.0778736 0.0582116 0.0219932 0.0632342 0.0550373 0.0921465 0.0661465 0.0780081 0.0789640 0.0671225 0.0567016 0.0784003 0.0841621 0.0689763 0.0867280 0.0901263 0.0874385 0.0888848 0.0393901 0.0894881 0.1118989 0.0955366 0.0670132 0.0901784 0.0795495 0.0844420 0.1158296 0.0570258 0.1114413 0.0720474 0.0979145 0.0971610 0.0784637 0.0529023 0.0852177 0.1129394 0.0231302 0.0714068 0.0797888 0.0723871 0.0708090 0.0718785 0.0867163 0.0619858 0.0833534 0.0695903 0.0769038 0.0729506 0.0156717 0.0857830 0.1000415 0.0947517 0.0222515 0.0178215 0.0498363 0.0884543 0.0456696 0.0638133 0.0856635 0.0958946 0.0903873 0.0552768 0.0595798 0.0738850 0.0927255 0.0705056 0.0231360 0.0446613 0.1196539 0.1068329 
S0407sl       0.3678564 0.3562854 0.0933338 0.1291228 0.1043012 0.1884314 0.0994636 0.0799970 0.0377644 0.1064863 0.0830558 0.0423632 0.1011904 0.0851724 0.1113310 0.0596727 0.1002743 0.1061948 0.0519275 0.1133770 0.0378455 0.0995487 0.1203445 0.0925049 0.0761921 0.0792033 0.0000000 0.1008505 0.0340896 0.0808322 0.0980640 0.0432457 0.1034377 0.0595829 0.1061700 0.1193730 0.0853198 0.1155343 0.0417494 0.0996339 0.0761020 0.0459823 0.0521317 0.0689066 0.0883274 0.0760059 0.0845817 0.1054371 0.1149028 0.0986278 0.1165176 0.1028655 0.0818863 0.0989974 0.0753770 0.0814470 0.0792539 0.0747605 0.1026984 0.0793169 0.0595293 0.1000159 0.0588680 0.0509624 0.0721575 0.0369122 0.0875496 0.0981981 0.1039477 0.0963037 0.1066545 0.0944786 0.1113383 0.1265515 0.1069130 0.0932720 0.1031086 0.0925013 0.0966341 0.1245784 0.0755479 0.1146429 0.0590357 0.1170081 0.1127194 0.1013036 0.0949672 0.1072558 0.1218768 0.0841048 0.1063051 0.0801899 0.0320212 0.0612715 0.0623450 0.1110935 0.0503131 0.0398642 0.0797764 0.1008335 0.1010350 0.0757109 0.1092266 0.1192813 0.1065123 0.0795344 0.0768382 0.0955730 0.1045815 0.0903514 0.0484071 0.0923747 0.1103607 0.0480518 0.0948829 0.0799311 0.0122259 0.1151815 0.0597625 0.0797813 0.0921673 0.0937527 0.0926936 
S0412sl       0.3513834 0.4477952 0.0829706 0.0989423 0.0929789 0.1793639 0.0777241 0.0757479 0.1002130 0.0984901 0.0651525 0.0910291 0.1057179 0.0557140 0.0952162 0.1152773 0.0839286 0.1101372 0.1088332 0.0966220 0.0884785 0.0928877 0.0999636 0.0671929 0.0588515 0.0639939 0.1008505 0.0000000 0.0870421 0.0783777 0.0690307 0.0853649 0.0867699 0.1064424 0.0997115 0.0874457 0.0830735 0.0986057 0.0938046 0.0736620 0.0576894 0.1011808 0.0696285 0.0926955 0.0669374 0.0612764 0.0726340 0.0792252 0.1123084 0.0545760 0.0966174 0.1058783 0.0589517 0.0903561 0.0715046 0.0626934 0.0767919 0.0682828 0.1023331 0.0680496 0.0708537 0.0938325 0.0887703 0.0520025 0.0965480 0.0873279 0.0719298 0.0993180 0.0962987 0.1044069 0.0993063 0.0909868 0.0996192 0.1205341 0.1159009 0.0843372 0.0962887 0.0946793 0.0942534 0.1234273 0.0702676 0.1219761 0.0964871 0.1163936 0.1115015 0.0918862 0.0682695 0.0943549 0.1153542 0.0651419 0.0913003 0.0791743 0.0917653 0.0900664 0.0911533 0.0955914 0.0730375 0.0982056 0.0757501 0.0815751 0.0816855 0.0531605 0.0942631 0.1149296 0.1063369 0.0582455 0.0521252 0.0754025 0.0986491 0.0695339 0.0813469 0.1002267 0.1091898 0.1056235 0.0751186 0.0759327 0.0978621 0.1012627 0.0895503 0.0652931 0.0567047 0.1060086 0.0836141 
S0417         0.3438898 0.3330029 0.0759891 0.0969225 0.0934530 0.1823794 0.0889175 0.0678208 0.0306199 0.0985295 0.0730242 0.0305082 0.0863464 0.0755995 0.0989511 0.0433436 0.0840236 0.0958432 0.0432052 0.0966038 0.0339158 0.0787260 0.1049993 0.0754621 0.0677638 0.0706123 0.0340896 0.0870421 0.0000000 0.0686848 0.0831792 0.0250928 0.0869771 0.0412532 0.0934598 0.1018082 0.0728015 0.0985616 0.0264647 0.0877139 0.0639541 0.0327728 0.0420783 0.0555663 0.0781953 0.0689404 0.0722366 0.0887550 0.1071131 0.0799316 0.1009045 0.0920705 0.0706951 0.0839854 0.0634202 0.0728439 0.0672067 0.0639597 0.0876332 0.0692170 0.0478425 0.0813393 0.0436785 0.0348713 0.0673157 0.0353269 0.0817891 0.0887038 0.0888761 0.0921875 0.0916414 0.0893347 0.0965064 0.1153998 0.0975886 0.0717421 0.0887156 0.0792437 0.0854681 0.1080703 0.0623293 0.1060481 0.0392150 0.1065448 0.1002998 0.0838283 0.0809884 0.0878921 0.1129432 0.0756947 0.0914250 0.0651552 0.0273042 0.0483244 0.0493768 0.0943666 0.0402034 0.0282404 0.0686207 0.0859346 0.0831363 0.0647162 0.0865938 0.1019066 0.0927490 0.0699196 0.0671652 0.0864779 0.0891413 0.0752006 0.0374639 0.0783753 0.0927870 0.0372593 0.0792771 0.0664412 0.0317965 0.0997839 0.0398921 0.0715128 0.0761419 0.0869217 0.0856546 
S0419         0.3169395 0.3450235 0.0751521 0.0856621 0.0640252 0.1801835 0.0773220 0.0240485 0.0823230 0.0767508 0.0632114 0.0804677 0.0855437 0.0621295 0.0995784 0.0977948 0.0791029 0.0953003 0.0964274 0.0917412 0.0755939 0.0777691 0.0825936 0.0645267 0.0593139 0.0619863 0.0808322 0.0783777 0.0686848 0.0000000 0.0680414 0.0606911 0.0807805 0.0831543 0.0924376 0.0979066 0.0798307 0.0910007 0.0750547 0.0785640 0.0567596 0.0862446 0.0685255 0.0744259 0.0708221 0.0591894 0.0518432 0.0841354 0.0981291 0.0777151 0.0917524 0.0827533 0.0645967 0.0762702 0.0100981 0.0642892 0.0090761 0.0101763 0.0880748 0.0450453 0.0697218 0.0910460 0.0666962 0.0587480 0.0688505 0.0746965 0.0715400 0.0823816 0.0905929 0.0844055 0.0946289 0.0818123 0.0736584 0.1062067 0.0759282 0.0759717 0.0895271 0.0795165 0.0830818 0.1058966 0.0091268 0.1016543 0.0699656 0.1040018 0.0884332 0.0864397 0.0759533 0.0774932 0.1057121 0.0658062 0.0815191 0.0653982 0.0730506 0.0679067 0.0689710 0.0921251 0.0642082 0.0818134 0.0704586 0.0765869 0.0769450 0.0589297 0.0869749 0.1008355 0.0863610 0.0638363 0.0562006 0.0777228 0.0800295 0.0731380 0.0598227 0.0774061 0.0905679 0.0913004 0.0734680 0.0122585 0.0756218 0.0767008 0.0686785 0.0645572 0.0624102 0.0721547 0.0522437 
S0427         0.3594874 0.4257887 0.0777308 0.1067202 0.0601552 0.1867827 0.0658773 0.0669591 0.0999450 0.0962605 0.0637136 0.0927407 0.0947412 0.0612479 0.0954045 0.1135588 0.0835485 0.1000518 0.1129056 0.0948143 0.0892144 0.0832137 0.1091652 0.0367063 0.0576343 0.0640312 0.0980640 0.0690307 0.0831792 0.0680414 0.0000000 0.0706513 0.0851154 0.0955626 0.0857598 0.0941356 0.0853147 0.0922969 0.0899184 0.0764866 0.0589156 0.0999111 0.0826400 0.0912346 0.0611358 0.0600536 0.0721560 0.0856376 0.1095718 0.0750232 0.0916817 0.0992138 0.0654086 0.0752969 0.0613974 0.0626472 0.0653044 0.0581836 0.0909430 0.0705933 0.0908079 0.0954291 0.0834548 0.0709698 0.0752612 0.0895262 0.0729463 0.0856304 0.0894208 0.0849222 0.0854294 0.0836241 0.0913971 0.1163437 0.0979535 0.0815987 0.0983577 0.0794627 0.0833250 0.1175948 0.0601895 0.1101256 0.0832315 0.0982578 0.0975478 0.0881859 0.0713693 0.0803842 0.1108746 0.0640792 0.0884747 0.0817614 0.0891740 0.0860828 0.0871694 0.0920069 0.0781564 0.0965226 0.0728303 0.0782758 0.0813260 0.0556936 0.0954355 0.1046512 0.0950085 0.0594172 0.0558682 0.0676588 0.0901317 0.0631398 0.0784375 0.0917106 0.0981485 0.1042657 0.0795027 0.0656432 0.0935629 0.0991782 0.0852417 0.0612864 0.0507407 0.1193018 0.1064989 
S0428sl       0.3274967 0.3582102 0.0769174 0.0986386 0.0820632 0.1729124 0.0794523 0.0596033 0.0362026 0.0848327 0.0713446 0.0305210 0.0848772 0.0711347 0.0873815 0.0518815 0.0853114 0.0884573 0.0483609 0.0937732 0.0374264 0.0850525 0.1102968 0.0681858 0.0666688 0.0670717 0.0432457 0.0853649 0.0250928 0.0606911 0.0706513 0.0000000 0.0853204 0.0462578 0.0818737 0.1064309 0.0648399 0.0943897 0.0306933 0.0806735 0.0573975 0.0416149 0.0402037 0.0489026 0.0805887 0.0665904 0.0700712 0.0865288 0.1084177 0.0748928 0.0993941 0.0862122 0.0699479 0.0858204 0.0530870 0.0696040 0.0575070 0.0549711 0.0813858 0.0633654 0.0486141 0.0848843 0.0377061 0.0313967 0.0588319 0.0381910 0.0800387 0.0878305 0.0875349 0.0789630 0.0843052 0.0786100 0.0946557 0.1107096 0.0966537 0.0693614 0.0792246 0.0725596 0.0752153 0.1142017 0.0530810 0.1048189 0.0317462 0.0917807 0.0941768 0.0818146 0.0717522 0.0812150 0.1130552 0.0730135 0.0886802 0.0641692 0.0253636 0.0404488 0.0417088 0.0876782 0.0403893 0.0345659 0.0596400 0.0866791 0.0823330 0.0613752 0.0869628 0.1011536 0.0904015 0.0718151 0.0643278 0.0749275 0.0860529 0.0726079 0.0388311 0.0732010 0.0873551 0.0442064 0.0773611 0.0563089 0.0404237 0.0935434 0.0386952 0.0694554 0.0688009 0.0734863 0.0681408 
