118
CRNC          0.0000000 0.3158070 0.3386230 0.4951905 0.4961660 0.3925981 0.3921683 0.4771055 0.4637616 0.4900349 0.4933077 0.4387376 0.3867391 0.4813966 0.5175966 0.4585976 0.5186215 0.4890799 0.4214140 0.5270370 0.4157603 0.4898092 0.5342050 0.4679152 0.5017961 0.4978194 0.4569901 0.4320126 0.4763410 0.4782722 0.5224094 0.4374821 0.5184430 0.4319025 0.4573266 0.5193258 0.4892298 0.5077901 0.3931800 0.4995158 0.4782505 0.4571203 0.4238955 0.4435032 0.4741319 0.4545508 0.4695229 0.5299613 0.4464537 0.4575982 0.5186431 0.5304678 0.4923850 0.4845816 0.4780840 0.5312166 0.4788158 0.4928117 0.4867561 0.4628425 0.4612032 0.4899760 0.4296974 0.4885553 0.4760323 0.5156989 0.4719994 0.5034206 0.5503821 0.4722326 0.5563053 0.4843130 0.4500779 0.4968770 0.5040841 0.5107540 0.4629220 0.4209205 0.4454079 0.5099241 0.4361270 0.4680855 0.4857556 0.4848775 0.5254888 0.4424242 0.4778684 0.4906968 0.5011228 0.4137292 0.4610955 0.4567671 0.4568814 0.5074614 0.4933815 0.5205473 0.5304505 0.5149187 0.5027693 0.4270236 0.4852513 0.4165354 0.4783236 0.4657562 0.4574238 0.3906381 0.4077871 0.4059399 0.4017082 0.4104408 0.4474669 0.5045728 0.4913868 0.5762458 0.4873593 0.4248940 0.4959729 0.5338364 
HYZL          0.3158070 0.0000000 0.2543078 0.4344369 0.5062255 0.3798840 0.3412417 0.4126809 0.4336997 0.4652567 0.4369296 0.4263422 0.3984820 0.4348486 0.4212076 0.3922062 0.4540029 0.4708671 0.4183417 0.4547349 0.4032112 0.4572934 0.4558157 0.3608681 0.4446578 0.4497868 0.4375626 0.4157113 0.4319161 0.4250482 0.4122522 0.4228610 0.4411677 0.4490604 0.4563834 0.4325418 0.4738960 0.4377096 0.3688841 0.4366942 0.4375747 0.4210696 0.4650109 0.4250160 0.3927733 0.4397136 0.4123657 0.4571159 0.3699118 0.4110044 0.4417961 0.4039660 0.4605849 0.4193771 0.4101693 0.5080676 0.4255353 0.4299722 0.4547485 0.4107469 0.4326648 0.5030472 0.3849543 0.4008619 0.3926312 0.4613606 0.4442571 0.4858236 0.4969624 0.4368502 0.5084545 0.4134716 0.3591004 0.4317989 0.4682047 0.4346950 0.4417515 0.4041348 0.3521635 0.4316987 0.3506463 0.4352476 0.4415707 0.4433723 0.5079742 0.4255937 0.3815960 0.4434244 0.4700337 0.4139366 0.4181898 0.4107825 0.4135994 0.4371632 0.4484893 0.4811710 0.4516615 0.4412725 0.4463558 0.4613594 0.4476577 0.4328577 0.4320223 0.4341178 0.4243093 0.4310463 0.3379899 0.4334655 0.4495075 0.4265690 0.4433027 0.4679812 0.4368942 0.5406363 0.4159139 0.3557707 0.4332277 0.4667555 
MYZV          0.3386230 0.2543078 0.0000000 0.6472446 0.6246608 0.5016418 0.5852891 0.6135343 0.6644517 0.5829160 0.5495271 0.5682420 0.4750904 0.5371242 0.5651736 0.5803434 0.6402012 0.6323294 0.5863532 0.7102652 0.6033795 0.5464110 0.5452299 0.5312857 0.5552702 0.5969077 0.5874187 0.5710995 0.5893278 0.6079806 0.5717641 0.5689259 0.6680360 0.5939215 0.4970555 0.5870664 0.6573469 0.6647589 0.5613123 0.5069723 0.5522997 0.5598183 0.5679453 0.4701413 0.6271045 0.5393529 0.5527790 0.6654204 0.4533651 0.6211164 0.6891625 0.3573153 0.5645748 0.5608234 0.5916104 0.5911961 0.5869870 0.6362093 0.5098886 0.5290401 0.5936802 0.7790432 0.5063162 0.5530611 0.6056176 0.7083491 0.5666553 0.5667041 0.5482504 0.5515308 0.5772540 0.5571377 0.4708085 0.5564101 0.7227708 0.6177619 0.5056703 0.4620912 0.4683918 0.6799167 0.4643882 0.4335868 0.6126714 0.5676195 0.7557406 0.5884313 0.5423096 0.5645748 0.6622761 0.6084171 0.5968854 0.4973571 0.4589588 0.6860343 0.6899373 0.6634503 0.6858181 0.6815405 0.5750966 0.6746045 0.5608269 0.4725615 0.5442508 0.5749626 0.6376063 0.4996875 0.4775676 0.5484783 0.5672814 0.4816779 0.5893167 0.5951414 0.6147640 0.7659428 0.5641575 0.4784445 0.5804100 0.5620419 
SRR6441723    0.4951905 0.4344369 0.6472446 0.0000000 0.1655845 0.3996373 0.1222875 0.0628215 0.1854784 0.0947770 0.1302038 0.1281131 0.1020449 0.1210828 0.1114715 0.1863062 0.1984387 0.1624245 0.1481251 0.1834382 0.1487997 0.0684951 0.0590725 0.1400567 0.1208964 0.1350984 0.1439931 0.1482189 0.1431417 0.0708405 0.1622888 0.1452592 0.1940485 0.1668072 0.0785847 0.1185845 0.1868729 0.1935815 0.1522955 0.1302309 0.1255998 0.1686895 0.1531601 0.1727960 0.1057866 0.1260248 0.0593169 0.1841158 0.1717644 0.1478817 0.1941852 0.1533584 0.1339102 0.0814524 0.0669952 0.1448216 0.0595780 0.0676920 0.0981629 0.0596659 0.1411199 0.1736637 0.1372268 0.0919150 0.1587411 0.1700081 0.0861060 0.0996637 0.0829543 0.0869687 0.1476296 0.1020653 0.1782047 0.1219577 0.1660592 0.2043601 0.1026974 0.1002154 0.1613291 0.0876213 0.1655766 0.1789269 0.0991628 0.0583604 0.1741880 0.1502533 0.1574595 0.1161904 0.1366423 0.0623390 0.1522892 0.1448094 0.1457904 0.1873553 0.1772983 0.1661464 0.1900288 0.1827219 0.1302523 0.1556550 0.0904235 0.1123691 0.1113594 0.1355503 0.1401211 0.1026512 0.1039395 0.1329609 0.0849303 0.1058975 0.1427395 0.1122768 0.0637476 0.2231744 0.0939860 0.1500853 0.1198618 0.1459926 
ERR2789774    0.4961660 0.5062255 0.6246608 0.1655845 0.0000000 0.4398411 0.1021260 0.1066542 0.2105956 0.1181796 0.0736512 0.1603400 0.1612780 0.0748139 0.1306492 0.2078211 0.1792976 0.1566108 0.1912967 0.1703895 0.1777947 0.1656756 0.1700349 0.1548762 0.0621109 0.0702843 0.1771149 0.1655357 0.1975274 0.1109228 0.1533214 0.1729441 0.1647692 0.1817748 0.1301377 0.1528982 0.1888523 0.1697220 0.1814130 0.0879140 0.0627329 0.1822405 0.1870776 0.1714787 0.0888277 0.0832688 0.1019317 0.1660814 0.1665548 0.1616980 0.1751933 0.1882478 0.0697345 0.1396946 0.1064802 0.0855313 0.1067169 0.1166824 0.1760414 0.1062729 0.1585354 0.1741488 0.1489452 0.1597319 0.1965325 0.1657668 0.1356780 0.1427379 0.1497102 0.1424006 0.1653339 0.1280138 0.1940206 0.1818514 0.1640454 0.1959334 0.1505839 0.1437315 0.1818840 0.1215228 0.1863391 0.0985489 0.1520552 0.1575090 0.1722726 0.1244849 0.1796234 0.0622744 0.1074067 0.1362495 0.1840288 0.1358300 0.1367727 0.1804933 0.2231991 0.1726860 0.1766715 0.1697276 0.0665293 0.1411237 0.1608782 0.1770778 0.0622583 0.0705824 0.1266410 0.1523473 0.1048074 0.1612263 0.1501804 0.1599288 0.2196407 0.0788613 0.1119149 0.2402690 0.1321116 0.1366985 0.0655376 0.1165264 
PAFTOL_019361 0.3925981 0.3798840 0.5016418 0.3996373 0.4398411 0.0000000 0.3113564 0.3314159 0.3632792 0.4173125 0.3865367 0.3544280 0.4071539 0.3810694 0.4011235 0.3455992 0.4855614 0.4801290 0.3212471 0.4309243 0.3811636 0.3261354 0.2964962 0.3652447 0.3964431 0.4196978 0.3568262 0.3962713 0.4081780 0.3500991 0.4044268 0.3500943 0.4309243 0.4119739 0.4058615 0.4428278 0.3638968 0.3955196 0.3463982 0.4521859 0.3679391 0.3574260 0.4647306 0.3671690 0.3605145 0.3619161 0.3055167 0.4129648 0.4076149 0.3759029 0.4309243 0.8602857 0.3830735 0.3976178 0.3355120 0.4704319 0.3355120 0.3530898 0.4670642 0.3175975 0.4124863 0.4100912 0.3394616 0.3246888 0.3500419 0.4373607 0.4262966 0.4018155 0.4553249 0.4008973 0.4915256 0.3894546 0.4220739 0.3508808 0.3898617 0.3608300 0.4331483 0.4082893 0.4302881 0.3410840 0.4472673 0.4800119 0.4196973 0.3521874 0.4376667 0.3761170 0.4076149 0.3846605 0.4178280 0.3375188 0.3821184 0.3944281 0.4279641 0.4133477 0.3845867 0.4356862 0.4558857 0.4309243 0.3977092 0.3271758 0.3180180 0.4179124 0.3810694 0.4010704 0.3946057 0.3447462 0.3007342 0.4263494 0.3806305 0.3959124 0.4472920 0.3884025 0.3355120 0.4028466 0.3894546 0.3507460 0.3810694 0.4216089 
S0055         0.3921683 0.3412417 0.5852891 0.1222875 0.1021260 0.3113564 0.0000000 0.0789220 0.1333821 0.0998190 0.0582322 0.1097946 0.1129533 0.0707646 0.0781214 0.1357093 0.1637927 0.1298532 0.1276394 0.1545538 0.1275430 0.1165388 0.1240595 0.0594518 0.0617586 0.0623201 0.1081378 0.0786339 0.1239048 0.0872071 0.0768118 0.1380023 0.1535099 0.1127370 0.1031813 0.1025259 0.1411420 0.1578117 0.1181125 0.0879708 0.0619295 0.1520044 0.1251992 0.1448004 0.0732363 0.0711040 0.0784110 0.1542138 0.1223399 0.1093713 0.1646550 0.1111133 0.0692245 0.0968546 0.0829680 0.0814151 0.0831668 0.0925286 0.1155695 0.0786364 0.1191586 0.0974239 0.1177022 0.0974020 0.1175818 0.1435545 0.0981382 0.1082003 0.1166505 0.0949445 0.1075876 0.0930174 0.1335712 0.1064006 0.1106298 0.1273996 0.1166108 0.1134005 0.1006188 0.1129172 0.1002635 0.1029628 0.0990440 0.1088639 0.1142648 0.0625746 0.1055627 0.0578750 0.0640674 0.0975160 0.1083273 0.1119024 0.1168118 0.1524230 0.1640779 0.1464600 0.1608320 0.1539195 0.0658818 0.0911061 0.1547440 0.1219830 0.0576947 0.0701036 0.0440707 0.1190609 0.0295271 0.0989526 0.1037373 0.1257826 0.1527278 0.0724496 0.0880171 0.1853180 0.0929486 0.1156139 0.0612653 0.0948040 
S0196sl       0.4771055 0.4126809 0.6135343 0.0628215 0.1066542 0.3314159 0.0789220 0.0000000 0.1420798 0.0511242 0.0677584 0.0981867 0.0807630 0.0602921 0.0859932 0.1475434 0.1388259 0.0976114 0.1126045 0.1355300 0.1031680 0.0697559 0.0895460 0.0985200 0.0601492 0.0716690 0.1073541 0.1034418 0.1096709 0.0179212 0.1088633 0.1054201 0.1398637 0.1190296 0.0412879 0.0933862 0.1372953 0.1345547 0.1248791 0.0925913 0.0639636 0.1397902 0.1312748 0.1374439 0.0624413 0.0683279 0.0210119 0.1359944 0.1247749 0.1153107 0.1349529 0.1253234 0.0710988 0.0483195 0.0148288 0.0796385 0.0148645 0.0212691 0.0737618 0.0211312 0.1065376 0.1200247 0.0967691 0.0638302 0.1155038 0.1155802 0.0444790 0.0765096 0.0675123 0.0484666 0.1098520 0.0570051 0.1303206 0.0917897 0.1292690 0.1618486 0.0710311 0.0683622 0.1153936 0.0295938 0.1192805 0.1365266 0.0639355 0.0707284 0.1370673 0.1203533 0.1120009 0.0563830 0.1092303 0.0548730 0.1121608 0.0986241 0.0992965 0.1392189 0.1627185 0.1174153 0.1360843 0.1300678 0.0678359 0.1110400 0.1093087 0.0894816 0.0525755 0.0719765 0.0966481 0.0847766 0.0725246 0.1031608 0.0647650 0.0761815 0.1262052 0.0770845 0.0180767 0.1732053 0.0569455 0.1106989 0.0596816 0.1087336 
S0278         0.4637616 0.4336997 0.6644517 0.1854784 0.2105956 0.3632792 0.1333821 0.1420798 0.0000000 0.1688234 0.1680192 0.0379362 0.1366494 0.1804480 0.1967885 0.0632647 0.2310167 0.2287934 0.0374318 0.2273298 0.0778605 0.1513008 0.1608417 0.1694527 0.1726253 0.1694323 0.0670484 0.1998415 0.0703495 0.1508414 0.1959466 0.0623652 0.2218399 0.1040461 0.1484047 0.1765377 0.1984481 0.2138349 0.0347678 0.1942721 0.1683433 0.0768041 0.0760485 0.1286173 0.1540142 0.1926730 0.1407608 0.2282343 0.1945997 0.2119368 0.2265199 0.2406953 0.1775871 0.1417537 0.1458739 0.2005761 0.1461705 0.1575629 0.1708690 0.1303044 0.0668639 0.1987494 0.1012399 0.1412184 0.0692561 0.2138025 0.1427055 0.1415477 0.1725805 0.1348077 0.2151271 0.1541439 0.1849053 0.1845666 0.2055418 0.2368136 0.1768715 0.1634915 0.1913368 0.1850065 0.1858366 0.1770289 0.1572543 0.1515600 0.2144094 0.2307759 0.2041232 0.1670231 0.2009549 0.1399193 0.0441496 0.0998086 0.1049155 0.2264897 0.0403866 0.1903481 0.2284829 0.2202041 0.1735635 0.1682694 0.1855528 0.1558280 0.1612536 0.1741130 0.1701767 0.1494017 0.1550050 0.0714133 0.1319752 0.1401022 0.0920040 0.1888507 0.1521589 0.1223356 0.1696260 0.1053696 0.1710320 0.2242044 
S0281         0.4900349 0.4652567 0.5829160 0.0947770 0.1181796 0.4173125 0.0998190 0.0511242 0.1688234 0.0000000 0.1043472 0.1177316 0.1126318 0.1059712 0.1289160 0.1641696 0.1579676 0.1183632 0.1376252 0.1445828 0.1230133 0.0902613 0.0928956 0.1438769 0.0958326 0.1087798 0.1226139 0.1156264 0.1299821 0.0507782 0.1600424 0.1361170 0.1490623 0.1459120 0.0698863 0.1089376 0.1405279 0.1536182 0.1426711 0.1230010 0.1001228 0.1560273 0.1719059 0.1428738 0.0769765 0.1116614 0.0336095 0.1450721 0.1553188 0.1509758 0.1540733 0.1423913 0.1078665 0.0826133 0.0472714 0.1176852 0.0473834 0.0477471 0.0970302 0.0371465 0.1326306 0.1431993 0.0938148 0.1035170 0.1272058 0.1310564 0.0820987 0.0867189 0.0933034 0.0789582 0.1519962 0.0669674 0.1541461 0.1030334 0.1382726 0.1572474 0.1071269 0.1046702 0.1705056 0.0718957 0.1747963 0.1300020 0.0993897 0.1123977 0.1459819 0.1292439 0.1426009 0.0915698 0.1156862 0.0856417 0.1276158 0.0992479 0.0950069 0.1482218 0.1797991 0.1313415 0.1502234 0.1440282 0.1044178 0.1117353 0.1300677 0.1088168 0.0872132 0.0996104 0.1114029 0.1136656 0.0975959 0.1229614 0.0914606 0.0988787 0.1478029 0.0969965 0.0512228 0.1909281 0.0669045 0.1020012 0.0950508 0.1318157 
S0282         0.4933077 0.4369296 0.5495271 0.1302038 0.0736512 0.3865367 0.0582322 0.0677584 0.1680192 0.1043472 0.0000000 0.1302653 0.1267508 0.0180168 0.0865366 0.1459135 0.1604663 0.1176929 0.1400608 0.1523316 0.1295968 0.1334887 0.1326659 0.1211111 0.0116344 0.0178415 0.1219767 0.1345725 0.1271909 0.0754735 0.1199478 0.1335164 0.1561073 0.1368366 0.1028254 0.1277908 0.1380955 0.1564967 0.1414785 0.0517081 0.0146830 0.1523645 0.1427156 0.1504024 0.0629116 0.0244700 0.0675500 0.1528697 0.1359491 0.1353703 0.1569756 0.1053020 0.0206851 0.1060395 0.0715386 0.0302376 0.0717075 0.0803164 0.1253423 0.0675237 0.1357895 0.1334216 0.1270090 0.1110528 0.1243754 0.1420236 0.1022812 0.1089099 0.1162836 0.1029424 0.1191070 0.1051404 0.1485445 0.1169427 0.1394635 0.1670401 0.1125883 0.1049083 0.1375923 0.0919958 0.1419041 0.1081678 0.1083232 0.1171335 0.1478743 0.1089229 0.1416277 0.0086841 0.0849908 0.0945365 0.1256042 0.1208280 0.1260844 0.1561190 0.1838879 0.1483883 0.1583064 0.1517305 0.0177655 0.1206355 0.1355347 0.1274738 0.0086826 0.0209288 0.0774725 0.1234291 0.0618210 0.1239648 0.1083318 0.1172152 0.1609658 0.0597054 0.0761521 0.2018108 0.1050742 0.1135312 0.0115822 0.0817398 
S0289         0.4387376 0.4263422 0.5682420 0.1281131 0.1603400 0.3544280 0.1097946 0.0981867 0.0379362 0.1177316 0.1302653 0.0000000 0.0960989 0.1376607 0.1515201 0.0559159 0.2017451 0.1871829 0.0275479 0.1994302 0.0476129 0.0977777 0.1285394 0.1343505 0.1303616 0.1366434 0.0411813 0.1477929 0.0484327 0.1017890 0.1572571 0.0374940 0.1936468 0.0682123 0.1034904 0.1278475 0.1840878 0.1922018 0.0285200 0.1408329 0.1268087 0.0479319 0.0604870 0.0847310 0.1185380 0.1483649 0.0973066 0.1948231 0.1614182 0.1639205 0.1981272 0.1806966 0.1354029 0.1111193 0.0974648 0.1560569 0.0976858 0.1073297 0.1237513 0.0841099 0.0445347 0.1782688 0.0641747 0.1058899 0.0376001 0.1730653 0.1074890 0.1020999 0.1164175 0.1041438 0.1614481 0.1097364 0.1626557 0.1565739 0.1707426 0.1987325 0.1335674 0.1212550 0.1682377 0.1222886 0.1725777 0.1364363 0.1158955 0.1201368 0.1798652 0.1827063 0.1569748 0.1258047 0.1469086 0.1052594 0.0306018 0.0578925 0.0619641 0.1987304 0.0520742 0.1597369 0.1998417 0.1922023 0.1316227 0.1646480 0.1368243 0.1165235 0.1206811 0.1320119 0.1387063 0.1033645 0.1113857 0.0449779 0.0899063 0.0926401 0.0585603 0.1562112 0.1027043 0.0809540 0.1234476 0.0546824 0.1296280 0.1735074 
S0292         0.3867391 0.3984820 0.4750904 0.1020449 0.1612780 0.4071539 0.1129533 0.0807630 0.1366494 0.1126318 0.1267508 0.0960989 0.0000000 0.1336848 0.1330117 0.1303046 0.1798917 0.1579703 0.1190348 0.1764464 0.1055860 0.1060324 0.1000402 0.1329330 0.1222379 0.1366092 0.1195320 0.1637705 0.1249875 0.0883898 0.1474577 0.1225607 0.1756475 0.1278649 0.0666234 0.1397466 0.1783831 0.1752290 0.1214339 0.1345862 0.1269968 0.1377269 0.1196392 0.1178052 0.1228625 0.1447690 0.0841148 0.1770888 0.1344331 0.1494847 0.1702791 0.2067910 0.1353966 0.0793868 0.0842631 0.1464467 0.0844584 0.0935753 0.0913805 0.0755487 0.1002978 0.1534215 0.1013125 0.0922858 0.1332480 0.1770965 0.0759758 0.0958600 0.1027752 0.0764468 0.1616112 0.1105437 0.1536693 0.1230716 0.1524445 0.1965359 0.0904815 0.0879258 0.1459985 0.1097065 0.1501475 0.1528023 0.0750062 0.1194556 0.1707777 0.1470500 0.1541195 0.1174743 0.1400909 0.0792155 0.1227018 0.0929883 0.0979247 0.1803203 0.1466077 0.1297988 0.1717182 0.1649936 0.1317013 0.1419268 0.1319753 0.0340879 0.1125837 0.1370667 0.1460390 0.0493554 0.0949438 0.0951592 0.0376806 0.0269299 0.1309730 0.1142944 0.0891852 0.2068880 0.1071376 0.1050383 0.1211818 0.1396239 
S0293         0.4813966 0.4348486 0.5371242 0.1210828 0.0748139 0.3810694 0.0707646 0.0602921 0.1804480 0.1059712 0.0180168 0.1376607 0.1336848 0.0000000 0.0837364 0.1532339 0.1459299 0.1148793 0.1477141 0.1375159 0.1364840 0.1243590 0.1219262 0.1079535 0.0118478 0.0211607 0.1285718 0.1544777 0.1340803 0.0766847 0.1171717 0.1288730 0.1412048 0.1438322 0.0987607 0.1395777 0.1493554 0.1415658 0.1426572 0.0564127 0.0149170 0.1597509 0.1378751 0.1576800 0.0639736 0.0181506 0.0686413 0.1379923 0.1479552 0.1473476 0.1419911 0.1450629 0.0210130 0.1017992 0.0726913 0.0307172 0.0728643 0.0816092 0.1255425 0.0642985 0.1328534 0.1354970 0.1329828 0.1174312 0.1311179 0.1372022 0.0980723 0.1153239 0.1168920 0.1080380 0.1255354 0.1068336 0.1611481 0.1275246 0.1420453 0.1695088 0.1143603 0.1065925 0.1378718 0.0889642 0.1463387 0.1175867 0.1147065 0.1083118 0.1500784 0.1106104 0.1544141 0.0088224 0.0948870 0.0905929 0.1365716 0.1267813 0.1325911 0.1412356 0.1921289 0.1506423 0.1431912 0.1369709 0.0180492 0.1225722 0.1216519 0.1344312 0.0088203 0.0212641 0.0873125 0.1309157 0.0630386 0.1306604 0.1147710 0.1238727 0.1550200 0.0606730 0.0773812 0.2104911 0.1067669 0.1205673 0.0117652 0.0740718 
S0294         0.5175966 0.4212076 0.5651736 0.1114715 0.1306492 0.4011235 0.0781214 0.0859932 0.1967885 0.1289160 0.0865366 0.1515201 0.1330117 0.0837364 0.0000000 0.1891017 0.1784711 0.1418737 0.1634785 0.1695927 0.1474857 0.1290917 0.1305288 0.1082402 0.0785265 0.0906787 0.1519420 0.1245254 0.1551117 0.0982543 0.1131245 0.1520087 0.1734292 0.1552563 0.1124577 0.1077594 0.1843521 0.1738461 0.1655011 0.1042374 0.0825531 0.1993499 0.1607933 0.1736238 0.0855118 0.0883006 0.0895674 0.1702003 0.1483151 0.1118502 0.1743793 0.1143098 0.0899418 0.0969521 0.0864579 0.1027755 0.0860720 0.1035710 0.1211241 0.0898176 0.1286882 0.1661864 0.1273924 0.1001508 0.1640701 0.1577149 0.1030511 0.1225834 0.1412639 0.1130044 0.0843720 0.1258966 0.1634505 0.1442628 0.1730651 0.1928349 0.1075197 0.1050543 0.1351079 0.1012478 0.1434286 0.1741475 0.1076625 0.1039649 0.1812154 0.1037441 0.1427513 0.0745406 0.1226691 0.0940091 0.1574864 0.1389198 0.1447880 0.1734148 0.2144634 0.1706375 0.1758471 0.1689341 0.0866134 0.1530898 0.1410396 0.1492726 0.0704854 0.0910369 0.1024279 0.1342859 0.0651969 0.1524286 0.1227356 0.1516237 0.1901543 0.0867227 0.0907346 0.2325408 0.1172850 0.1390721 0.0779055 0.1137138 
S0299         0.4585976 0.3922062 0.5803434 0.1863062 0.2078211 0.3455992 0.1357093 0.1475434 0.0632647 0.1641696 0.1459135 0.0559159 0.1303046 0.1532339 0.1891017 0.0000000 0.2445335 0.2215225 0.0637376 0.2342109 0.0708140 0.1470427 0.1564168 0.1775019 0.1460238 0.1521524 0.0715749 0.1537393 0.0759382 0.1463309 0.1921278 0.0701542 0.2350357 0.1049791 0.1490787 0.1786751 0.2077610 0.2391251 0.0612841 0.1613196 0.1419441 0.0624032 0.0825420 0.1116669 0.1672134 0.1644503 0.1363397 0.2351659 0.2108881 0.2207161 0.2398852 0.2280193 0.1507573 0.1423937 0.1414086 0.1767604 0.1416999 0.1529631 0.1411539 0.1259954 0.0649836 0.2064236 0.0986806 0.1396237 0.0674173 0.2086323 0.1433521 0.1421859 0.1722655 0.1400836 0.2239892 0.1505789 0.2007700 0.1715754 0.1891030 0.2161274 0.1557935 0.1371314 0.2205766 0.1791982 0.2305614 0.1903182 0.1487188 0.1522423 0.2093633 0.2177323 0.2184617 0.1408257 0.1694987 0.1405465 0.0556100 0.0971909 0.1023159 0.2333222 0.0748640 0.2047353 0.2420000 0.2332832 0.1468994 0.1832229 0.1631783 0.1493281 0.1354768 0.1473455 0.1709508 0.1381347 0.1377330 0.0801724 0.1384171 0.1225745 0.1028095 0.1687314 0.1476162 0.1431414 0.1723407 0.0907843 0.1447096 0.1816460 
S0303         0.5186215 0.4540029 0.6402012 0.1984387 0.1792976 0.4855614 0.1637927 0.1388259 0.2310167 0.1579676 0.1604663 0.2017451 0.1798917 0.1459299 0.1784711 0.2445335 0.0000000 0.0927000 0.2247277 0.0207653 0.1865539 0.2116546 0.1858058 0.1861959 0.1503773 0.1663994 0.2310407 0.2232182 0.1947950 0.1526672 0.1978487 0.2176124 0.0205325 0.2102271 0.1675372 0.1634070 0.1076255 0.0143345 0.2026753 0.1804527 0.1560067 0.2383557 0.2294953 0.2231457 0.1135379 0.1547292 0.1386539 0.0208272 0.1906450 0.1976810 0.0143554 0.1887295 0.1648838 0.1727886 0.1525505 0.1815130 0.1528536 0.1544265 0.1974216 0.1337509 0.2078413 0.1310962 0.1644356 0.1727763 0.2266072 0.0689229 0.1736588 0.2022093 0.1877621 0.1762410 0.2100634 0.2047460 0.1818823 0.1988057 0.1376846 0.1173939 0.1771705 0.1751013 0.1666682 0.1796905 0.1754232 0.1771622 0.1831641 0.1959686 0.1459851 0.1979474 0.1991619 0.1456882 0.1937132 0.1707138 0.2027471 0.1776858 0.1777827 0.0300780 0.2441045 0.0764465 0.0206621 0.0144584 0.1459422 0.1333649 0.2189904 0.1942586 0.1403497 0.1550663 0.1806291 0.1897995 0.1410865 0.1922774 0.1661897 0.1807860 0.2267813 0.1604413 0.1589280 0.2839771 0.1943739 0.1872271 0.1495328 0.1781750 
S0308         0.4890799 0.4708671 0.6323294 0.1624245 0.1566108 0.4801290 0.1298532 0.0976114 0.2287934 0.1183632 0.1176929 0.1871829 0.1579703 0.1148793 0.1418737 0.2215225 0.0927000 0.0000000 0.2035272 0.0985956 0.1683723 0.1562195 0.1510689 0.1680072 0.1088403 0.1223256 0.1895360 0.1978613 0.1735974 0.1062651 0.1622957 0.1955231 0.1068322 0.1877897 0.1352962 0.1727720 0.1027942 0.0972493 0.1943952 0.1333742 0.1133078 0.2256959 0.1914183 0.2130914 0.1046293 0.1153284 0.0937614 0.0989093 0.1820188 0.2037700 0.0975035 0.1460245 0.1212809 0.1354237 0.1061794 0.1356037 0.1064148 0.1119010 0.1714192 0.0943267 0.1718008 0.1246205 0.1603030 0.1491154 0.1860620 0.0818094 0.1361207 0.1637014 0.1498264 0.1428676 0.1870324 0.1504676 0.1801935 0.1775502 0.1374267 0.1235446 0.1512859 0.1490319 0.1746030 0.1268768 0.1835546 0.1573214 0.1628582 0.1566127 0.1454132 0.1640913 0.1752602 0.1043863 0.1461376 0.1372309 0.1812986 0.1675475 0.1676772 0.1020056 0.2417736 0.1041093 0.1033077 0.0982102 0.1088313 0.1216262 0.2005628 0.1786630 0.0998227 0.1180744 0.1436610 0.1757944 0.1184484 0.1620706 0.1516386 0.1609319 0.1976602 0.1210064 0.1115902 0.2530152 0.1504205 0.1598374 0.1079369 0.1513246 
S0320         0.4214140 0.4183417 0.5863532 0.1481251 0.1912967 0.3212471 0.1276394 0.1126045 0.0374318 0.1376252 0.1400608 0.0275479 0.1190348 0.1477141 0.1634785 0.0637376 0.2247277 0.2035272 0.0000000 0.2218679 0.0550926 0.1123353 0.1292541 0.1385006 0.1401650 0.1466556 0.0484430 0.1550805 0.0549436 0.1208687 0.1621350 0.0546063 0.2164206 0.0825899 0.1137995 0.1391968 0.1885921 0.2085064 0.0530991 0.1552100 0.1365913 0.0612305 0.0686856 0.1014785 0.1328542 0.1482547 0.1161194 0.2227474 0.1857811 0.1717350 0.2210705 0.1918220 0.1453169 0.1170715 0.1162842 0.1664617 0.1165377 0.1268837 0.1346508 0.1020274 0.0519587 0.1997588 0.0758366 0.1039601 0.0508449 0.1944260 0.1178637 0.1078270 0.1482466 0.1145540 0.1744235 0.1237903 0.1809846 0.1568170 0.2047531 0.2234650 0.1400334 0.1274978 0.1937106 0.1525168 0.1982662 0.1352562 0.1219816 0.1314321 0.2143803 0.1888803 0.1810541 0.1355138 0.1618103 0.1204860 0.0367673 0.0742568 0.0786315 0.2210555 0.0623368 0.1754365 0.2229891 0.2148187 0.1414911 0.1698205 0.1446321 0.1209560 0.1302502 0.1419165 0.1424492 0.1180655 0.1181934 0.0488517 0.1079238 0.1115307 0.0586916 0.1558250 0.1219463 0.1039300 0.1380308 0.0688412 0.1393721 0.1834819 
S0322         0.5270370 0.4547349 0.7102652 0.1834382 0.1703895 0.4309243 0.1545538 0.1355300 0.2273298 0.1445828 0.1523316 0.1994302 0.1764464 0.1375159 0.1695927 0.2342109 0.0207653 0.0985956 0.2218679 0.0000000 0.1774766 0.1963942 0.1820490 0.1827236 0.1423650 0.1576202 0.2211016 0.2189130 0.1967575 0.1442435 0.1943314 0.2079272 0.0115390 0.2110211 0.1588608 0.1597398 0.1051943 0.0177495 0.1929581 0.1666513 0.1474108 0.2282617 0.2194812 0.2224297 0.1009557 0.1553496 0.1255667 0.0057287 0.1840485 0.1884012 0.0177772 0.2185553 0.1561878 0.1640199 0.1441316 0.1724992 0.1444252 0.1408263 0.1881728 0.1208152 0.1982988 0.1278813 0.1618917 0.1693849 0.2166989 0.0663477 0.1702503 0.1927660 0.1727178 0.1672836 0.2185487 0.1951463 0.1753046 0.1837983 0.1299445 0.1149927 0.1682286 0.1660834 0.1721303 0.1748868 0.1811266 0.1613240 0.1796802 0.1866557 0.1377498 0.1831918 0.1931516 0.1372790 0.1736563 0.1565852 0.1932771 0.1746729 0.1753799 0.0144788 0.2339098 0.0906514 0.0116099 0.0056880 0.1474683 0.1250166 0.2032680 0.1850082 0.1320485 0.1465327 0.1665777 0.1873932 0.1329219 0.1887757 0.1627720 0.1718118 0.2222440 0.1417741 0.1503668 0.2932657 0.1849242 0.1812961 0.1411018 0.1546767 
S0327         0.4157603 0.4032112 0.6033795 0.1487997 0.1777947 0.3811636 0.1275430 0.1031680 0.0778605 0.1230133 0.1295968 0.0476129 0.1055860 0.1364840 0.1474857 0.0708140 0.1865539 0.1683723 0.0550926 0.1774766 0.0000000 0.1361722 0.1416293 0.1480029 0.1296921 0.1445426 0.0518944 0.1366830 0.0591757 0.1023725 0.1560707 0.0469901 0.1879190 0.0868299 0.1217280 0.1224640 0.1849143 0.1818214 0.0603376 0.1535207 0.1346086 0.0689254 0.0773740 0.1085456 0.1067961 0.1530999 0.0978726 0.1781249 0.1631844 0.1476976 0.1703503 0.1985761 0.1432352 0.1296202 0.0980315 0.1546919 0.0982540 0.1079378 0.1346985 0.0846171 0.0594444 0.1919259 0.0787113 0.1091291 0.0582503 0.1687843 0.1304866 0.1180236 0.1464504 0.1272252 0.1536694 0.1194706 0.1591144 0.1457204 0.1805366 0.2065308 0.1304352 0.1225329 0.1814118 0.1342228 0.1858577 0.1424357 0.1220506 0.1362166 0.2003446 0.1748812 0.1643748 0.1247580 0.1356324 0.0936403 0.0541386 0.0729230 0.0732319 0.1813591 0.0818792 0.1865513 0.1839333 0.1767843 0.1394502 0.1749726 0.1349839 0.1267535 0.1196882 0.1398647 0.1459228 0.1079863 0.1133901 0.0593088 0.1119889 0.1063411 0.0623478 0.1345390 0.1032945 0.1126578 0.1335759 0.0732536 0.1285483 0.1601460 
S0335         0.4898092 0.4572934 0.5464110 0.0684951 0.1656756 0.3261354 0.1165388 0.0697559 0.1513008 0.0902613 0.1334887 0.0977777 0.1060324 0.1243590 0.1290917 0.1470427 0.2116546 0.1562195 0.1123353 0.1963942 0.1361722 0.0000000 0.0648467 0.1232480 0.1241752 0.1296949 0.1268972 0.1451101 0.1364187 0.0779240 0.1585410 0.1323039 0.1970721 0.1186523 0.0629180 0.1242617 0.1980012 0.2067183 0.1286260 0.1288609 0.1203803 0.1588957 0.1268778 0.1479406 0.1057707 0.1293243 0.0662170 0.1971272 0.1586980 0.1643836 0.2073575 0.1347577 0.1193055 0.0743608 0.0740208 0.1481221 0.0664994 0.0747857 0.0931286 0.0666038 0.1106076 0.1667418 0.1150821 0.0993967 0.1401689 0.1636313 0.0778498 0.0999848 0.0761853 0.0634263 0.1531627 0.0932577 0.1701599 0.1161533 0.1694964 0.1974607 0.1117027 0.1051237 0.1587148 0.0917314 0.1629080 0.1707118 0.1039947 0.0692671 0.1723593 0.1647277 0.1499586 0.1194599 0.1476904 0.0774011 0.1207654 0.1266351 0.1323102 0.1957268 0.1525843 0.1611150 0.2031808 0.1956370 0.1249556 0.1272976 0.0908698 0.1238933 0.1146171 0.1301373 0.1453682 0.1161175 0.1127063 0.1208912 0.1013357 0.1046879 0.1359251 0.1296154 0.0707695 0.1972521 0.1011289 0.1269100 0.1231175 0.1521998 
S0345         0.5342050 0.4558157 0.5452299 0.0590725 0.1700349 0.2964962 0.1240595 0.0895460 0.1608417 0.0928956 0.1326659 0.1285394 0.1000402 0.1219262 0.1305288 0.1564168 0.1858058 0.1510689 0.1292541 0.1820490 0.1416293 0.0648467 0.0000000 0.1502510 0.1163656 0.1324156 0.1167135 0.1745489 0.1197238 0.0890179 0.1422843 0.1512497 0.1872807 0.1513261 0.0896117 0.1389832 0.1730542 0.1801814 0.1409428 0.1525486 0.1271549 0.1712379 0.1422648 0.1314846 0.1084011 0.1331770 0.0696707 0.1763001 0.1800703 0.1661615 0.1874394 0.1382593 0.1257978 0.0846373 0.0887755 0.1379639 0.0791928 0.0898992 0.1168720 0.0749486 0.1280027 0.1622295 0.1165207 0.1051073 0.1330999 0.1804352 0.0954632 0.1101929 0.1026844 0.0868747 0.1592177 0.1107677 0.1974245 0.0998532 0.1584048 0.1525458 0.1210345 0.1129373 0.1846544 0.1304022 0.1900399 0.1696087 0.1108913 0.0545754 0.1562621 0.1705532 0.1857572 0.1159314 0.1535619 0.0845492 0.1291056 0.1117648 0.1181850 0.1867741 0.1685495 0.1541794 0.1824713 0.1738987 0.1327201 0.1285361 0.0594305 0.1026275 0.1154593 0.1327748 0.1352783 0.0951470 0.1172872 0.1008701 0.0748802 0.0952023 0.1463944 0.1284254 0.0847256 0.1586026 0.1114111 0.1223505 0.1202991 0.1667714 
S0376         0.4679152 0.3608681 0.5312857 0.1400567 0.1548762 0.3652447 0.0594518 0.0985200 0.1694527 0.1438769 0.1211111 0.1343505 0.1329330 0.1079535 0.1082402 0.1775019 0.1861959 0.1680072 0.1385006 0.1827236 0.1480029 0.1232480 0.1502510 0.0000000 0.1041780 0.1174374 0.1362051 0.1390473 0.1539041 0.1253837 0.0314396 0.1499608 0.1777483 0.1687037 0.1193743 0.1394584 0.2023551 0.1814692 0.1489347 0.1395806 0.1085712 0.1880482 0.1498672 0.1813477 0.0951367 0.1176831 0.1206937 0.1833959 0.1789909 0.1361932 0.1820314 0.1360152 0.1164425 0.1163948 0.1208547 0.1390892 0.1121709 0.1313567 0.1399664 0.1067539 0.1364012 0.1486239 0.1636783 0.1171276 0.1469679 0.1642304 0.1231856 0.1376127 0.1603865 0.1292443 0.1593936 0.1310139 0.1734246 0.1544922 0.1753452 0.1820395 0.1373773 0.1305703 0.1325038 0.1333696 0.1408659 0.1466478 0.1282591 0.1156993 0.1741241 0.1245220 0.1496723 0.1077536 0.1306678 0.1260679 0.1472582 0.1641972 0.1695750 0.1821187 0.1914445 0.1801012 0.1835757 0.1764388 0.1129521 0.1250909 0.1815418 0.1525982 0.1031672 0.1178543 0.1126490 0.1505335 0.0711242 0.1227609 0.1383889 0.1515339 0.1554828 0.1198722 0.1173622 0.2154734 0.1309572 0.1456855 0.1112985 0.1350201 
S0400         0.5017961 0.4446578 0.5552702 0.1208964 0.0621109 0.3964431 0.0617586 0.0601492 0.1726253 0.0958326 0.0116344 0.1303616 0.1222379 0.0118478 0.0785265 0.1460238 0.1503773 0.1088403 0.1401650 0.1423650 0.1296921 0.1241752 0.1163656 0.1041780 0.0000000 0.0146745 0.1220647 0.1408668 0.1272859 0.0676860 0.1031910 0.1336145 0.1460867 0.1369368 0.0906016 0.1278838 0.1372954 0.1464577 0.1415877 0.0481871 0.0086900 0.1524786 0.1428232 0.1505138 0.0551444 0.0181000 0.0599647 0.1428616 0.1360479 0.1354677 0.1469018 0.1060690 0.0145754 0.0895159 0.0638496 0.0238614 0.0640023 0.0723432 0.1208427 0.0599418 0.1261231 0.1288918 0.1271018 0.1067298 0.1244664 0.1323088 0.0858534 0.1045481 0.1070490 0.0953822 0.1191911 0.0963004 0.1486553 0.1164068 0.1299133 0.1567200 0.1082096 0.1005743 0.1376932 0.0822783 0.1461700 0.0932076 0.1039792 0.1081232 0.1294747 0.1002867 0.1417324 0.0028556 0.0850523 0.0904108 0.1297780 0.1209174 0.1261773 0.1461124 0.1840370 0.1384923 0.1481461 0.1418004 0.0116838 0.1112657 0.1260816 0.1229490 0.0028550 0.0147460 0.0780071 0.1183176 0.0541695 0.1240550 0.1040218 0.1128213 0.1500073 0.0523460 0.0682960 0.2019817 0.0962326 0.1136339 0.0057131 0.0739108 
S0405         0.4978194 0.4497868 0.5969077 0.1350984 0.0702843 0.4196978 0.0623201 0.0716690 0.1694323 0.1087798 0.0178415 0.1366434 0.1366092 0.0211607 0.0906787 0.1521524 0.1663994 0.1223256 0.1466556 0.1576202 0.1445426 0.1296949 0.1324156 0.1174374 0.0146745 0.0000000 0.1276189 0.1471845 0.1421693 0.0794856 0.1163081 0.1394544 0.1521257 0.1428049 0.1036369 0.1383695 0.1429236 0.1618331 0.1524677 0.0522313 0.0117342 0.1586561 0.1489359 0.1566021 0.0631480 0.0277172 0.0714485 0.1581824 0.1508994 0.1410125 0.1623311 0.1149050 0.0177136 0.1023944 0.0754954 0.0334897 0.0756724 0.0844300 0.1350165 0.0714204 0.1318625 0.1392481 0.1328069 0.1202885 0.1301407 0.1429545 0.0986412 0.1182188 0.1124702 0.1044394 0.1332011 0.1054505 0.1641604 0.1218135 0.1407788 0.1681219 0.1219496 0.1098178 0.1527388 0.0873228 0.1521895 0.1083121 0.1175947 0.1133885 0.1488249 0.1096253 0.1573966 0.0116555 0.0940079 0.1034108 0.1266514 0.1265966 0.1324110 0.1571302 0.1909051 0.1493607 0.1637113 0.1569987 0.0147909 0.1214507 0.1405167 0.1373582 0.0116520 0.0148130 0.0829637 0.1339472 0.0624122 0.1296905 0.1176649 0.1267693 0.1802546 0.0634799 0.0801998 0.2092095 0.1053843 0.1317068 0.0145730 0.0822601 
S0407sl       0.4569901 0.4375626 0.5874187 0.1439931 0.1771149 0.3568262 0.1081378 0.1073541 0.0670484 0.1226139 0.1219767 0.0411813 0.1195320 0.1285718 0.1519420 0.0715749 0.2310407 0.1895360 0.0484430 0.2211016 0.0518944 0.1268972 0.1167135 0.1362051 0.1220647 0.1276189 0.0000000 0.1428790 0.0590607 0.1065246 0.1479601 0.0547191 0.2218715 0.0797333 0.1191720 0.1541919 0.1911905 0.2258379 0.0607958 0.1552383 0.1182316 0.0696591 0.0648150 0.1142206 0.1106176 0.1387318 0.1019867 0.2219718 0.1798507 0.1795914 0.2265478 0.1794722 0.1264957 0.1224546 0.1021478 0.1461998 0.1023766 0.1121659 0.1402774 0.0885979 0.0597129 0.1906841 0.0840832 0.1324716 0.0509495 0.1938023 0.1232824 0.1122784 0.1335389 0.1199800 0.1533202 0.1194282 0.1812134 0.1521564 0.1933031 0.2232896 0.1457545 0.1330878 0.1933758 0.1345238 0.1979074 0.1575166 0.1274601 0.1358487 0.2020382 0.2007266 0.1758086 0.1173149 0.1488579 0.1109695 0.0441521 0.0820743 0.0868140 0.2202955 0.0788084 0.1994986 0.2285093 0.2202368 0.1228473 0.1617235 0.1297570 0.1417707 0.1124382 0.1231956 0.1300413 0.1224612 0.1284605 0.0485791 0.1170436 0.1120150 0.0682780 0.1530813 0.1074778 0.0727025 0.1334882 0.0784981 0.1210129 0.1749707 
S0412sl       0.4320126 0.4157113 0.5710995 0.1482189 0.1655357 0.3962713 0.0786339 0.1034418 0.1998415 0.1156264 0.1345725 0.1477929 0.1637705 0.1544777 0.1245254 0.1537393 0.2232182 0.1978613 0.1550805 0.2189130 0.1366830 0.1451101 0.1745489 0.1390473 0.1408668 0.1471845 0.1428790 0.0000000 0.1732672 0.1123750 0.1470961 0.1492875 0.2261918 0.1652280 0.1303510 0.0774003 0.1922465 0.2241362 0.1715587 0.1716801 0.1417983 0.1779267 0.1896294 0.1677106 0.0935940 0.1627058 0.1072070 0.2198643 0.1659527 0.0869093 0.2249159 0.1599958 0.1514874 0.1051913 0.1073884 0.1510879 0.1076549 0.1188665 0.1213512 0.1079281 0.1551592 0.1741116 0.1193975 0.1431603 0.1680526 0.1799616 0.1124766 0.1185007 0.1610796 0.1183418 0.1620741 0.1155948 0.1648392 0.1400706 0.1667036 0.1911374 0.1217701 0.1077209 0.1695620 0.1390229 0.1688621 0.1724561 0.1077070 0.1408476 0.1760377 0.1206246 0.1487342 0.1347040 0.0959328 0.1322064 0.1545537 0.1327630 0.1283122 0.1972668 0.2064133 0.1734704 0.2188245 0.2179657 0.1417055 0.1516811 0.1906045 0.1658786 0.1294637 0.1535628 0.1053529 0.1346860 0.0808857 0.1490701 0.1455336 0.1649949 0.1793761 0.1128284 0.1134992 0.2338907 0.1312891 0.1302152 0.1394806 0.1520691 
S0417         0.4763410 0.4319161 0.5893278 0.1431417 0.1975274 0.4081780 0.1239048 0.1096709 0.0703495 0.1299821 0.1271909 0.0484327 0.1249875 0.1340803 0.1551117 0.0759382 0.1947950 0.1735974 0.0549436 0.1967575 0.0591757 0.1364187 0.1197238 0.1539041 0.1272859 0.1421693 0.0590607 0.1732672 0.0000000 0.1088093 0.1684697 0.0586443 0.2078689 0.0815931 0.1287457 0.1647788 0.1850710 0.2013380 0.0534514 0.1561483 0.1322143 0.0691942 0.0640801 0.1232591 0.1239326 0.1446686 0.1041804 0.1975108 0.1811331 0.1934131 0.2019769 0.1780024 0.1408757 0.1367967 0.1043437 0.1567243 0.1045785 0.1145811 0.1552385 0.0905043 0.0478705 0.1827362 0.0926702 0.1096505 0.0512548 0.1750944 0.1377155 0.1316547 0.1334850 0.1344472 0.1809362 0.1154292 0.1769308 0.1481787 0.1725741 0.2078165 0.1507902 0.1426361 0.1841810 0.1366336 0.1935028 0.1675251 0.1363369 0.1407085 0.1810547 0.1955762 0.1715659 0.1223422 0.1571280 0.1162795 0.0272456 0.0948358 0.0998237 0.2007967 0.0821679 0.1708804 0.2037306 0.1959783 0.1272450 0.1522966 0.1401475 0.1321554 0.1172623 0.1374823 0.1435377 0.1300693 0.1200264 0.0588546 0.1187168 0.1173678 0.0781606 0.1520245 0.1097941 0.1261371 0.1293868 0.0886216 0.1261561 0.1786044 
S0419         0.4782722 0.4250482 0.6079806 0.0708405 0.1109228 0.3500991 0.0872071 0.0179212 0.1508414 0.0507782 0.0754735 0.1017890 0.0883898 0.0766847 0.0982543 0.1463309 0.1526672 0.1062651 0.1208687 0.1442435 0.1023725 0.0779240 0.0890179 0.1253837 0.0676860 0.0794856 0.1065246 0.1123750 0.1088093 0.0000000 0.1258220 0.1149119 0.1537939 0.1181025 0.0558935 0.1011419 0.1377766 0.1482934 0.1295315 0.1009148 0.0715944 0.1386635 0.1416656 0.1412170 0.0698222 0.0853564 0.0176706 0.1447409 0.1330133 0.1219837 0.1487376 0.1137178 0.0788460 0.0633729 0.0086185 0.0800321 0.0086388 0.0147103 0.0861860 0.0209967 0.1057190 0.1379141 0.1003410 0.0710500 0.1146038 0.1256164 0.0555561 0.0840380 0.0721254 0.0598446 0.1280184 0.0522371 0.1386668 0.0952954 0.1329582 0.1656800 0.0823696 0.0797756 0.1394905 0.0289213 0.1435497 0.1338355 0.0711716 0.0871082 0.1407459 0.1293666 0.1200852 0.0638223 0.1181283 0.0625695 0.1112856 0.1022545 0.1029472 0.1479468 0.1613586 0.1258837 0.1499804 0.1436801 0.0755529 0.1147870 0.1129524 0.0972734 0.0599052 0.0798158 0.1050587 0.0927831 0.0808146 0.1112250 0.0721009 0.0836822 0.1329369 0.0851400 0.0116703 0.1771862 0.0521802 0.1225730 0.0671549 0.1173711 
S0427         0.5224094 0.4122522 0.5717641 0.1622888 0.1533214 0.4044268 0.0768118 0.1088633 0.1959466 0.1600424 0.1199478 0.1572571 0.1474577 0.1171717 0.1131245 0.1921278 0.1978487 0.1622957 0.1621350 0.1943314 0.1560707 0.1585410 0.1422843 0.0314396 0.1031910 0.1163081 0.1479601 0.1470961 0.1684697 0.1258220 0.0000000 0.1704472 0.1892380 0.1802902 0.1307852 0.1456401 0.2168661 0.1930113 0.1637625 0.1381956 0.1075370 0.1928994 0.1697095 0.1697937 0.0992263 0.1272629 0.1211204 0.1950594 0.1903592 0.1397487 0.1936113 0.1154818 0.1153316 0.1230224 0.1212817 0.1330723 0.1125757 0.1318124 0.1541346 0.1071420 0.1433459 0.1591709 0.1595900 0.1189930 0.1606329 0.1721139 0.1300922 0.1340292 0.1738181 0.1364024 0.1549186 0.1531060 0.1971742 0.1763924 0.1811331 0.1947850 0.1427676 0.1359258 0.1546745 0.1396549 0.1634534 0.1445090 0.1287113 0.1209381 0.1798545 0.1304971 0.1603310 0.1067339 0.1357825 0.1378069 0.1614347 0.1538642 0.1601252 0.1936695 0.2196453 0.1926411 0.1952574 0.1878477 0.1118735 0.1405999 0.1801633 0.1601307 0.1021970 0.1167199 0.1189805 0.1520091 0.0810460 0.1347119 0.1440291 0.1624622 0.1764436 0.1134493 0.1177823 0.2255702 0.1530611 0.1426955 0.1102468 0.1422628 
S0428sl       0.4374821 0.4228610 0.5689259 0.1452592 0.1729441 0.3500943 0.1380023 0.1054201 0.0623652 0.1361170 0.1335164 0.0374940 0.1225607 0.1288730 0.1520087 0.0701542 0.2176124 0.1955231 0.0546063 0.2079272 0.0469901 0.1323039 0.1512497 0.1499608 0.1336145 0.1394544 0.0547191 0.1492875 0.0586443 0.1149119 0.1704472 0.0000000 0.2086525 0.0831194 0.1153975 0.1521630 0.1924608 0.2125476 0.0487673 0.1532432 0.1296583 0.0512154 0.0791630 0.0966483 0.1167543 0.1391869 0.1102721 0.2087286 0.1715613 0.1699524 0.2132156 0.1904099 0.1381993 0.1322000 0.1104355 0.1587749 0.1106778 0.1207437 0.1453473 0.0965411 0.0552683 0.1978562 0.0716382 0.1223057 0.0474645 0.1788988 0.1285087 0.1340112 0.1346666 0.1252307 0.1773585 0.1283438 0.1674585 0.1591997 0.1765442 0.2182382 0.1477553 0.1351639 0.1768190 0.1390778 0.1811826 0.1592495 0.1441157 0.1323479 0.1962833 0.1953601 0.1727933 0.1286426 0.1398458 0.0994191 0.0404402 0.0696164 0.0778444 0.2071912 0.0661393 0.1926397 0.2150520 0.2071137 0.1344458 0.1750207 0.1511266 0.1401463 0.1235325 0.1348412 0.1414680 0.1182094 0.1243114 0.0662369 0.1208982 0.1189601 0.0662263 0.1386271 0.1159332 0.1200169 0.1427532 0.0726864 0.1324359 0.1655564 
S0430         0.5184430 0.4411677 0.6680360 0.1940485 0.1647692 0.4309243 0.1535099 0.1398637 0.2218399 0.1490623 0.1561073 0.1936468 0.1756475 0.1412048 0.1734292 0.2350357 0.0205325 0.1068322 0.2164206 0.0115390 0.1879190 0.1970721 0.1872807 0.1777483 0.1460867 0.1521257 0.2218715 0.2261918 0.2078689 0.1537939 0.1892380 0.2086525 0.0000000 0.2117519 0.1489940 0.1653403 0.1098985 0.0175504 0.1986937 0.1610630 0.1420688 0.2290571 0.2202537 0.2142356 0.1057601 0.1591978 0.1299289 0.0115731 0.1945163 0.1887069 0.0114702 0.2200056 0.1507510 0.1540299 0.1536760 0.1763898 0.1539818 0.1503586 0.1873377 0.1294185 0.1989946 0.1227383 0.1566641 0.1740377 0.2174581 0.0703518 0.1600855 0.1863372 0.1674771 0.1570678 0.2089600 0.1950654 0.1856007 0.1886544 0.1294888 0.1198867 0.1674526 0.1603659 0.1700991 0.1751884 0.1790045 0.1618728 0.1788660 0.1815987 0.1373216 0.1826221 0.2039283 0.1409662 0.1731065 0.1665243 0.1939576 0.1692314 0.1699220 0.0175382 0.2347237 0.0860503 0.0056200 0.0027863 0.1421324 0.1298080 0.2144274 0.1841778 0.1356977 0.1412333 0.1660527 0.1924686 0.1324835 0.1837302 0.1674253 0.1710271 0.2360763 0.1454873 0.1601015 0.2832385 0.1848427 0.1816323 0.1447917 0.1584822 
