117
CRNC          0.0000000 0.5173223 0.4651480 0.5523689 0.5739311 0.5065176 0.5395249 0.4847653 0.4892909 0.4526248 0.5389266 0.4981668 0.4909765 0.5016130 0.5116869 0.4542528 0.4592410 0.5054465 0.5375371 0.5139773 0.5074696 0.5037519 0.5682852 0.5465609 0.4945583 0.4735580 0.5079598 0.5376557 0.5068856 0.4786906 0.4767559 0.4048555 0.4776698 0.4946815 0.4781757 0.4595307 0.6255475 0.5142794 0.4964354 0.5045242 0.4959468 0.5476361 0.5462364 0.4624788 0.4957963 0.5550722 0.5184999 0.5270332 0.5403869 0.4575425 0.4771393 0.4894956 0.4447600 0.5104093 0.5025452 0.4978109 0.4978109 0.4806569 0.4953624 0.4993831 0.5335632 0.4992529 0.4448901 0.5479419 0.4942840 0.4904525 0.5054550 0.4943118 0.4705898 0.6935134 0.4934417 0.5307002 0.4772619 0.5495591 0.5185416 0.4736383 0.5233947 0.5352518 0.5176096 0.4080803 0.4712705 0.5030109 0.5098054 0.5526732 0.5250105 0.4921668 0.4976150 0.5260077 0.4743516 0.5292781 0.4938110 0.4879720 0.4978994 0.4215142 0.5097138 0.5098916 0.5124046 0.5000462 0.5127226 0.4935171 0.5165031 0.5021130 0.5116619 0.4789103 0.5051063 0.5017755 0.5088405 0.5351148 0.5256690 0.4558353 0.4946867 0.5234723 0.4734426 0.4899894 0.4841333 0.5027660 0.4759244 
HYZL          0.5173223 0.0000000 0.1611693 0.5668596 0.7589134 0.6429486 0.4204289 0.6293006 0.5516100 0.5285191 0.5867509 0.6454793 0.5477617 0.6160406 0.5306795 0.5999213 0.5923649 0.5268912 0.5323357 0.5718130 0.5924118 0.6209921 0.6520515 0.6371490 0.6314311 0.6138711 0.5536092 0.6261406 0.5404529 0.5892183 0.6313903 0.4903881 0.5503817 0.5850352 0.6503540 0.5832770 0.6644286 0.5613366 0.6021606 0.5800259 0.5384843 0.5748985 0.6603888 0.5958531 0.6217643 0.6880052 0.5849083 0.5554501 0.6523769 0.5149209 0.5412911 0.6256444 0.6678264 0.6050871 0.6325435 0.5999082 0.5999082 0.6574143 0.6588101 0.5811437 0.6136047 0.5546043 0.5419114 0.6362712 0.5881459 0.6581324 0.6698010 0.7011328 0.6688582 0.7154440 0.6569885 0.5539631 0.6051272 0.5770053 0.6328357 0.5940735 0.5625053 0.6004852 0.5435179 0.5959387 0.5697908 0.6018708 0.6974006 0.5945928 0.6714869 0.6275445 0.6059708 0.5504462 0.5301006 0.6162824 0.5820987 0.5855273 0.5462521 0.5193210 0.6012638 0.5856891 0.6136786 0.5953384 0.6664747 0.6240965 0.6620698 0.6026862 0.6096424 0.6652137 0.5781000 0.6141673 0.6291295 0.6358300 0.5846423 0.5877450 0.5918268 0.5958310 0.6109714 0.5777881 0.6243499 0.6635225 0.6369251 
MYZV          0.4651480 0.1611693 0.0000000 0.4740776 0.6010019 0.4821338 0.3776562 0.4539557 0.4342450 0.4762949 0.4787745 0.4755577 0.4760355 0.4866835 0.4833258 0.4549202 0.4812883 0.4611593 0.4660362 0.4586632 0.4736930 0.4701794 0.5508175 0.4952313 0.4592543 0.4511151 0.4683295 0.5167744 0.4727785 0.4316905 0.4710557 0.3705976 0.4217228 0.4956097 0.4836638 0.4260215 0.6325301 0.4810399 0.4450611 0.4731762 0.4653747 0.4547541 0.5508933 0.4519279 0.4589185 0.5269893 0.4937044 0.4553999 0.4804143 0.4065543 0.4944500 0.4600396 0.4933266 0.4373597 0.4651900 0.4309718 0.4309718 0.5032234 0.4835816 0.5065687 0.4720657 0.4805553 0.4780308 0.5178896 0.4836646 0.4877549 0.5036515 0.5089574 0.5013551 0.6315999 0.5269128 0.4482297 0.5036341 0.5097101 0.4834746 0.4780304 0.4663761 0.4690387 0.4281314 0.4403035 0.4279767 0.4454765 0.5356691 0.4753847 0.4940045 0.4502850 0.4774082 0.4794339 0.4574770 0.5026773 0.4551332 0.5007980 0.4510377 0.4438291 0.4604618 0.4678338 0.4512871 0.4675712 0.5169475 0.5184748 0.4869913 0.4537607 0.4256986 0.5151546 0.4286941 0.5041572 0.5281106 0.5219175 0.4985074 0.4262742 0.4289347 0.4862596 0.4860243 0.4899147 0.4575377 0.5432505 0.4736567 
SRR6441723    0.5523689 0.5668596 0.4740776 0.0000000 0.0668544 0.1152184 0.3599496 0.0806881 0.0938990 0.1300593 0.1228144 0.0821984 0.1411168 0.0582051 0.1030351 0.1430772 0.1179372 0.1087678 0.1399901 0.1147756 0.1081447 0.0572354 0.0695764 0.1032022 0.0818043 0.0791428 0.1259596 0.1124271 0.1225049 0.0827902 0.0847231 0.0940729 0.1002292 0.1450263 0.1040473 0.1060004 0.1519902 0.1281397 0.0763153 0.0881694 0.1180762 0.1317143 0.1630616 0.0758554 0.0706569 0.1355174 0.1139290 0.2247051 0.0956354 0.0971041 0.1587600 0.0852415 0.1062318 0.0911932 0.0763189 0.0821069 0.0821069 0.0977108 0.1221063 0.1105055 0.1185829 0.1021164 0.1147818 0.0959700 0.1052542 0.0829563 0.0910677 0.1165615 0.1071633 0.1322926 0.1191665 0.2423190 0.1180286 0.1315541 0.1117148 0.0940898 0.2278053 0.0876220 0.2372595 0.0733697 0.0516706 0.0874844 0.0960555 0.2381741 0.0857481 0.0848644 0.0699221 0.1125589 0.0939050 0.1295364 0.1038594 0.1214063 0.1181694 0.1032047 0.0986471 0.1178337 0.0786147 0.1025207 0.0624078 0.0726544 0.0855454 0.0817235 0.0754141 0.0978884 0.0798276 0.1061120 0.0778102 0.0965564 0.1434396 0.0848082 0.0879602 0.1160145 0.1103168 0.1176438 0.0834250 0.1294444 0.0709754 
ERR4210213    0.5739311 0.7589134 0.6010019 0.0668544 0.0000000 0.1231979 0.3040337 0.0646459 5.9069151 0.1552130 0.1158948 0.0577582 0.1779706 0.0939399 0.0000010 0.0936619 0.0803508 0.1143042 0.1623149 0.1293603 0.1064128 0.0412401 0.0512175 0.0853762 0.0661012 0.0661012 0.1512852 0.0941935 0.1394962 0.0565663 0.0945455 5.9069151 0.1240480 0.1503870 0.1049048 0.0933377 0.1409568 0.1492743 0.0584639 0.0843045 0.1382881 0.1588024 0.2282683 0.0758408 0.0577582 0.1756554 0.1306781 0.2462316 0.0829736 0.1346261 5.9069151 0.0666002 0.1739838 0.0738277 0.0668739 0.0653125 0.0653125 0.1036586 0.1345033 0.0991694 0.1147253 0.1362207 0.1003798 0.0981932 0.0940811 0.0752259 0.0972046 0.1042954 0.1049048 0.0757581 0.1860724 0.2260484 0.0976917 0.1534116 0.1048445 0.1082253 0.2663047 0.0653125 0.2905340 0.0793738 0.0607859 0.0842822 0.1234842 0.2591472 0.0756168 0.0875438 0.0750910 0.1273701 0.1314344 0.1660250 0.1271606 0.1208778 0.1399922 0.0860591 0.1240480 0.1259020 0.0577582 0.0967936 0.0672453 0.0968431 0.0668739 0.0830041 0.0365042 0.1508219 0.0760226 0.0628392 0.0946233 0.1029596 0.1520488 0.0805848 0.0653125 0.1283915 0.1615737 0.2102961 0.0659893 0.1839121 0.0492224 
ERR2789774    0.5065176 0.6429486 0.4821338 0.1152184 0.1231979 0.0000000 0.3607460 0.0715641 0.0883265 0.1297527 0.1208674 0.0446882 0.1268042 0.1003235 0.0629856 0.1246655 0.1227534 0.1281635 0.1371684 0.1071517 0.1027918 0.1118151 0.1271644 0.1071762 0.0420962 0.0349602 0.1170469 0.1191395 0.1106622 0.0882896 0.0866297 0.0858335 0.0953921 0.1172449 0.1094992 0.0554069 0.1486472 0.1351927 0.0602893 0.0596701 0.1197978 0.1404070 0.1307582 0.0773580 0.0350013 0.1228604 0.1223152 0.2282180 0.0723921 0.0988226 0.1266291 0.0451475 0.1013982 0.0938532 0.0373316 0.0875561 0.0875561 0.1056557 0.1145689 0.1153822 0.1080499 0.0832932 0.1123734 0.1128347 0.1154007 0.0915846 0.0884739 0.1286116 0.1064053 0.1300497 0.1078701 0.2462288 0.1100088 0.1390099 0.1110599 0.1049943 0.2375051 0.1067984 0.2574433 0.0533391 0.0932936 0.0673302 0.1178561 0.2373813 0.0498872 0.0451884 0.0743516 0.1098621 0.0786286 0.1091036 0.1048043 0.1260191 0.1198943 0.0826783 0.1026538 0.1097682 0.0441732 0.0890464 0.0851201 0.1005895 0.0449664 0.0470898 0.0667406 0.1093470 0.0551122 0.1015795 0.1112433 0.1410950 0.1322132 0.0491191 0.0880645 0.1148884 0.1079379 0.0956764 0.0401706 0.1145173 0.0605232 
PAFTOL_019361 0.5395249 0.4204289 0.3776562 0.3599496 0.3040337 0.3607460 0.0000000 0.3414882 0.3266575 0.3987846 0.3555132 0.3660410 0.3979088 0.3373038 0.4047365 0.3885097 0.3779212 0.3490202 0.4262243 0.3348473 0.3964929 0.3347429 0.4178911 0.3563898 0.3475368 0.3462716 0.4191634 0.4079411 0.4201020 0.2977483 0.3758956 0.3725985 0.2943618 0.4149793 0.3953876 0.3339175 0.4023666 0.4582809 0.3579571 0.3959486 0.4034159 0.4636120 0.3852442 0.3429725 0.3465412 0.3571082 0.3377906 0.3661947 0.3541989 0.2823521 0.4146202 0.3417274 0.4358633 0.3186701 0.3517852 0.3108950 0.3108950 0.3863901 0.3295475 0.3987998 0.3369154 0.3435714 0.3695074 0.3825291 0.3598308 0.3838177 0.3932703 0.4100801 0.4190499 0.5217457 0.3752535 0.3613292 0.3774330 0.3688915 0.4088742 0.3843235 0.3925132 0.3445475 0.4065123 0.3396881 0.3295840 0.3592917 0.3740551 0.3925193 0.3844870 0.3552174 0.3492237 0.4055811 0.3315646 0.3601561 0.3263766 0.3917751 0.4156353 0.2937112 0.3094322 0.3083329 0.3543238 0.3204916 0.3540840 0.3596726 0.3834892 0.3647582 0.3472980 0.3424433 0.3662041 0.3852347 0.3393681 0.3553484 0.4521584 0.3266554 0.3061129 0.4430050 0.3645562 0.3681355 0.3628243 0.3669908 0.3552314 
S0055         0.4847653 0.6293006 0.4539557 0.0806881 0.0646459 0.0715641 0.3414882 0.0000000 0.0504947 0.1319801 0.0861615 0.0475589 0.1351025 0.0696515 0.0719776 0.0980818 0.1137120 0.0986497 0.1351495 0.0850512 0.1106618 0.0872936 0.0938713 0.0665133 0.0475805 0.0402169 0.1121798 0.0932499 0.1144570 0.0492211 0.0642851 0.0720155 0.0694181 0.1206778 0.1010534 0.0775317 0.1425471 0.1293760 0.0401491 0.0707874 0.1177625 0.1454794 0.1355241 0.0455448 0.0402633 0.0995602 0.0987661 0.2258362 0.0583817 0.0773996 0.1257122 0.0531998 0.0972690 0.0597377 0.0426658 0.0517974 0.0517974 0.0872217 0.0840809 0.1100403 0.0972695 0.0750301 0.1066569 0.0910433 0.0951369 0.0845938 0.0805004 0.1194795 0.0983437 0.1017107 0.0952694 0.2325666 0.1026729 0.1305623 0.0983952 0.0923205 0.2325991 0.0681845 0.2497438 0.0567403 0.0709382 0.0652919 0.1046319 0.2389259 0.0528652 0.0451782 0.0466880 0.1136208 0.0736128 0.0980336 0.0772854 0.1211515 0.1150300 0.0705765 0.0729020 0.0850288 0.0496814 0.0789573 0.0679844 0.0754063 0.0527469 0.0525450 0.0268646 0.0908145 0.0473122 0.0996576 0.0792764 0.1072090 0.1436289 0.0471375 0.0569608 0.1187707 0.0830400 0.0996074 0.0510295 0.1013609 0.0397988 
S0196sl       0.4892909 0.5516100 0.4342450 0.0938990 5.9069151 0.0883265 0.3266575 0.0504947 0.0000000 0.1152918 0.0440892 0.0801572 0.1055051 0.0636587 0.0961433 0.0967774 0.1423725 0.1205655 0.1164914 0.0802645 0.0973779 0.0773296 0.1175343 0.0715734 0.0712889 0.0673907 0.0969820 0.1033399 0.1014954 0.0225085 0.0681657 0.0768843 0.0667525 0.1214413 0.0936887 0.0937735 0.1364620 0.1139785 0.0633820 0.0950178 0.1019481 0.1122857 0.0824840 0.0546911 0.0632365 0.0609296 0.0965060 0.2300798 0.0639453 0.0576010 0.1083668 0.0759410 0.0816845 0.0227212 0.0629622 0.0224545 0.0224545 0.0952261 0.0530095 0.0992672 0.0920146 0.0448156 0.0986319 0.0781544 0.0815685 0.0834101 0.0710617 0.1127130 0.0983256 0.1616088 0.0400862 0.2439056 0.0761973 0.1124041 0.0980742 0.0835604 0.2313057 0.0445264 0.2460179 0.0439975 0.0606280 0.0506254 0.0966428 0.2354465 0.0801569 0.0549191 0.0458460 0.0925188 0.0452961 0.0815706 0.0856716 0.1232291 0.1014824 0.0532562 0.0638364 0.0893796 0.0786170 0.0610212 0.0869228 0.0710949 0.0842118 0.0671509 0.0611051 0.0841559 0.0430400 0.1192825 0.0734489 0.1154918 0.1374886 0.0541642 0.0293763 0.1075639 0.0401279 0.0743964 0.0736626 0.0405508 0.0626474 
S0278         0.4526248 0.5285191 0.4762949 0.1300593 0.1552130 0.1297527 0.3987846 0.1319801 0.1152918 0.0000000 0.1093256 0.1301853 0.0310977 0.1262498 0.1678356 0.1396374 0.0366792 0.1327907 0.0333169 0.1056430 0.0359637 0.1393415 0.1504163 0.1473721 0.1203397 0.1232885 0.0331942 0.1690071 0.0306440 0.1150823 0.1209391 0.0343264 0.1072444 0.0535780 0.1203161 0.1370053 0.1553926 0.0353597 0.1097486 0.1501613 0.0305159 0.0671015 0.1132312 0.1337668 0.1168789 0.1397629 0.1320869 0.1797518 0.1558683 0.1102946 0.1402981 0.1216824 0.1181924 0.1152260 0.1199858 0.1140753 0.1140753 0.1281106 0.1250821 0.0550559 0.1127073 0.0801905 0.0569593 0.1348642 0.1246816 0.1128557 0.1029194 0.1467836 0.1231716 0.1924777 0.1016639 0.1873777 0.1083896 0.1456273 0.1029386 0.1090083 0.1891293 0.1356859 0.1915449 0.0766884 0.1231174 0.1025331 0.1451134 0.1881534 0.1376333 0.1239541 0.1150223 0.0258951 0.0731384 0.0864447 0.1162215 0.0610370 0.0214625 0.0982583 0.1202182 0.1264869 0.1283295 0.1009261 0.1228804 0.1295338 0.1311312 0.1233679 0.1276108 0.1456562 0.1085511 0.0465777 0.1384422 0.1570864 0.0517485 0.1171894 0.1083827 0.0331430 0.0921998 0.0960650 0.1231169 0.1169459 0.1106358 
S0281         0.5389266 0.5867509 0.4787745 0.1228144 0.1158948 0.1208674 0.3555132 0.0861615 0.0440892 0.1093256 0.0000000 0.1024141 0.1047992 0.0889198 0.1384861 0.0987431 0.1153919 0.0975794 0.1119829 0.0860696 0.0895714 0.1002343 0.1382208 0.1024314 0.0932781 0.0960679 0.0963938 0.1139858 0.0960496 0.0509245 0.0998639 0.0903219 0.0796498 0.1123430 0.1136231 0.1124300 0.1180725 0.1137645 0.0873329 0.1302793 0.1073403 0.1035041 0.1138939 0.0994432 0.0898876 0.0614051 0.0987476 0.2297328 0.0994108 0.0736891 0.1162802 0.1062815 0.1044836 0.0563697 0.0930076 0.0534154 0.0534154 0.1003845 0.0533202 0.0970208 0.0799763 0.0769002 0.0941929 0.0984072 0.0814557 0.0924244 0.0878253 0.1167181 0.1165188 0.1523844 0.0638362 0.2218975 0.0919820 0.1010737 0.0930958 0.0903305 0.2356120 0.0704498 0.2689651 0.0749535 0.0832721 0.0891654 0.0975760 0.2464418 0.1033962 0.0897004 0.0715806 0.0898200 0.0641897 0.0870190 0.0846437 0.1099977 0.0960783 0.0524444 0.0724372 0.0887009 0.0898237 0.0597301 0.1242489 0.0987155 0.1031399 0.0986781 0.0874461 0.1245627 0.0743909 0.0831306 0.0936571 0.1214611 0.1222619 0.0939700 0.0585820 0.0995857 0.0521708 0.0949219 0.1011823 0.0695496 0.0893124 
S0282         0.4981668 0.6454793 0.4755577 0.0821984 0.0577582 0.0446882 0.3660410 0.0475589 0.0801572 0.1301853 0.1024141 0.0000000 0.1332321 0.0684787 0.0385540 0.1046878 0.1186698 0.0972632 0.1333121 0.0854810 0.0994268 0.0864602 0.0848968 0.0859630 0.0102621 0.0081817 0.1134524 0.0902393 0.1129243 0.0657945 0.0673453 0.0994568 0.0746786 0.1136425 0.0871257 0.0473433 0.1407397 0.1276439 0.0305710 0.0309258 0.1161833 0.1279363 0.1211985 0.0560406 0.0082496 0.1035839 0.1084241 0.2185205 0.0557947 0.0710155 0.1351853 0.0191724 0.0790612 0.0737433 0.0103497 0.0652673 0.0652673 0.0816188 0.0933621 0.1085507 0.0977612 0.0691337 0.0992963 0.0884545 0.0933795 0.0679028 0.0701703 0.1045694 0.0845390 0.0941631 0.0970288 0.2363503 0.1093917 0.1196761 0.0808600 0.0752086 0.2274821 0.0828054 0.2332668 0.0396655 0.0738147 0.0594955 0.0921036 0.2179843 0.0146086 0.0352360 0.0468961 0.1063838 0.0644871 0.0880337 0.0857630 0.1081455 0.1162754 0.0776666 0.0840570 0.0906108 0.0166673 0.0793119 0.0605890 0.0740518 0.0145803 0.0190975 0.0390863 0.0820542 0.0450166 0.0947447 0.0806774 0.1052949 0.1269924 0.0365082 0.0707554 0.1113020 0.0938054 0.0923931 0.0125791 0.1034935 0.0353004 
S0289         0.4909765 0.5477617 0.4760355 0.1411168 0.1779706 0.1268042 0.3979088 0.1351025 0.1055051 0.0310977 0.1047992 0.1332321 0.0000000 0.1303599 0.1579270 0.1392109 0.0363995 0.1430678 0.0193890 0.1142544 0.0337362 0.1436603 0.1517392 0.1510555 0.1231318 0.1261504 0.0264536 0.1669524 0.0265475 0.1147152 0.1307717 0.0269616 0.1158162 0.0596678 0.1228807 0.1438069 0.1600456 0.0263127 0.1090842 0.1552773 0.0239221 0.0686050 0.1209577 0.1441586 0.1195778 0.1350964 0.1425051 0.2037208 0.1513239 0.1225330 0.1329312 0.1274778 0.1271474 0.1152413 0.1227627 0.1136931 0.1136931 0.1370812 0.1164243 0.0635336 0.1214452 0.0857679 0.0605033 0.1560254 0.1310957 0.1138263 0.1043671 0.1406403 0.1289542 0.1833537 0.1079805 0.2142002 0.1204548 0.1343626 0.0963572 0.1063772 0.1936532 0.1390293 0.2025102 0.0875920 0.1204600 0.0987570 0.1405729 0.2091490 0.1408848 0.1234364 0.1146461 0.0195586 0.0777274 0.0988940 0.1253364 0.0613909 0.0330778 0.0951673 0.1293475 0.1317173 0.1279754 0.1029607 0.1235994 0.1384565 0.1342190 0.1195473 0.1215955 0.1502666 0.1046247 0.0547274 0.1396184 0.1617009 0.0241110 0.1196940 0.1078962 0.0237266 0.1018085 0.1017071 0.1260356 0.1239650 0.1231091 
S0292         0.5016130 0.6160406 0.4866835 0.0582051 0.0939399 0.1003235 0.3373038 0.0696515 0.0636587 0.1262498 0.0889198 0.0684787 0.1303599 0.0000000 0.0952470 0.1219175 0.1256054 0.1052046 0.1293310 0.0955057 0.0921705 0.0632932 0.0708557 0.0959250 0.0681663 0.0656013 0.1157876 0.1005196 0.1124557 0.0582078 0.0821174 0.0900307 0.0821235 0.1233307 0.0808491 0.0974341 0.1533757 0.1274905 0.0695173 0.0980247 0.1082588 0.1263126 0.1380113 0.0673037 0.0662350 0.0911379 0.1101124 0.2448372 0.0644934 0.0725722 0.1498998 0.0776256 0.0782286 0.0660019 0.0688790 0.0577450 0.0577450 0.0548884 0.0750297 0.1008017 0.1050282 0.0835787 0.0949151 0.0896480 0.1002444 0.0706313 0.0723775 0.0978681 0.0837122 0.1379591 0.0799217 0.2588453 0.0970794 0.1139735 0.0856233 0.0666868 0.2557612 0.0748070 0.2630648 0.0501366 0.0458325 0.0738027 0.0503258 0.2462084 0.0834784 0.0809132 0.0593434 0.1028584 0.0727560 0.1067583 0.0905706 0.1065765 0.1083405 0.0842717 0.0804261 0.0927959 0.0763875 0.0812734 0.0577707 0.0168471 0.0832797 0.0747200 0.0607841 0.0497845 0.0575485 0.0904294 0.0190562 0.0320653 0.1244344 0.0812449 0.0631036 0.1061894 0.0764677 0.1011734 0.0612881 0.0862761 0.0725124 
S0293         0.5116869 0.5306795 0.4833258 0.1030351 0.0000010 0.0629856 0.4047365 0.0719776 0.0961433 0.1678356 0.1384861 0.0385540 0.1579270 0.0952470 0.0000000 0.1525883 0.2021494 0.0760648 0.1644740 0.1339586 0.1382904 0.1182442 0.0881094 0.0842472 0.0308521 0.0272737 0.1405228 0.0765812 0.1509627 0.1051752 0.0998375 0.1177971 0.1058869 0.1303204 0.1227854 0.0707166 0.1191671 0.1657248 0.0682196 0.0165685 0.1465735 0.1619223 0.1383616 0.0868906 0.0274479 0.1356547 0.0959330 0.2380881 0.0927176 0.1000263 0.0915228 0.0430013 0.1059020 0.1109876 0.0311467 0.1048422 0.1048422 0.1140312 0.1363114 0.1567365 0.1526063 0.0921743 0.1341013 0.0684306 0.0892653 0.0845159 0.1033753 0.1442150 0.1134890 0.1373568 0.1035549 0.3136386 0.1569376 0.0986127 0.1223601 0.1106013 0.2583835 0.0752401 0.2553426 0.0543608 0.1155669 0.0931205 0.1220791 0.2475420 0.0469594 0.0627264 0.0535394 0.1399085 0.0933036 0.1219328 0.1134587 0.1370042 0.1509411 0.1269933 0.1227256 0.1296770 0.0460757 0.1250983 0.1000989 0.0989202 0.0508531 0.0469218 0.0898552 0.0964706 0.0770810 0.1668991 0.0811838 0.1430059 0.1564047 0.0611766 0.1103998 0.1487081 0.1040535 0.1062771 0.0355641 0.1091751 0.0673614 
S0294         0.4542528 0.5999213 0.4549202 0.1430772 0.0936619 0.1246655 0.3885097 0.0980818 0.0967774 0.1396374 0.0987431 0.1046878 0.1392109 0.1219175 0.1525883 0.0000000 0.1300581 0.1282044 0.1398914 0.1166641 0.1235059 0.1253572 0.1421154 0.1176579 0.1011717 0.0983167 0.1189088 0.1264888 0.1247634 0.0854598 0.1029407 0.1159826 0.1079419 0.1511208 0.1424272 0.1201159 0.1485733 0.1398704 0.0946937 0.1285903 0.1346226 0.1424050 0.1741165 0.0956306 0.0923448 0.1172067 0.1157196 0.2116902 0.1057185 0.1077088 0.1381942 0.0987367 0.1236748 0.0831127 0.0952465 0.0821833 0.0821833 0.1206801 0.1004550 0.1285217 0.1290281 0.1305879 0.1235186 0.1234408 0.1133002 0.1097105 0.1242531 0.1437927 0.1285482 0.1352295 0.1113852 0.2039755 0.1339517 0.1229140 0.1299180 0.1170373 0.2218418 0.0983981 0.2386303 0.0903108 0.0982744 0.0886111 0.1442340 0.2237639 0.1115322 0.1018949 0.0896853 0.1238130 0.1188666 0.1395610 0.1105841 0.1247812 0.1316298 0.0832994 0.1146353 0.1163589 0.0976202 0.0845402 0.1215650 0.1172638 0.1112556 0.0952914 0.0973914 0.1399939 0.0696227 0.1178911 0.1247405 0.1483543 0.1553697 0.1038223 0.0799647 0.1220004 0.1018852 0.1540616 0.1005595 0.1150120 0.1016348 
S0299         0.4592410 0.5923649 0.4812883 0.1179372 0.0803508 0.1227534 0.3779212 0.1137120 0.1423725 0.0366792 0.1153919 0.1186698 0.0363995 0.1256054 0.2021494 0.1300581 0.0000000 0.1434060 0.0341864 0.1085913 0.0418226 0.1233734 0.1397615 0.1383936 0.1090397 0.1055838 0.0417990 0.1571432 0.0492793 0.0975623 0.1226362 0.0379438 0.1102061 0.0753473 0.1036819 0.1365916 0.1813155 0.0337958 0.0985224 0.1619119 0.0388049 0.0636415 0.1228686 0.1287724 0.1056755 0.1404730 0.1358750 0.1667646 0.1434160 0.1167300 0.1661761 0.1127628 0.1081811 0.1007681 0.1087180 0.0967180 0.0967180 0.1242136 0.1142268 0.0567136 0.1096148 0.0873781 0.0531433 0.1424948 0.1282281 0.0983253 0.1028410 0.1172743 0.1125197 0.1676398 0.1186600 0.1837560 0.1180924 0.1383643 0.0993764 0.1046454 0.1699115 0.1172450 0.1932387 0.0752631 0.1175209 0.0859613 0.1319124 0.1753460 0.1259161 0.1093657 0.0957499 0.0366474 0.0821720 0.0963976 0.1195260 0.0572967 0.0365071 0.1100441 0.1235945 0.1297044 0.1138122 0.1006567 0.1101231 0.1225968 0.1195306 0.1119410 0.1076499 0.1424547 0.0977177 0.0527984 0.1379830 0.1596118 0.0500658 0.1017295 0.0911830 0.0386425 0.1180480 0.1072089 0.1115410 0.1353024 0.1085538 
S0303         0.5054465 0.5268912 0.4611593 0.1087678 0.1143042 0.1281635 0.3490202 0.0986497 0.1205655 0.1327907 0.0975794 0.0972632 0.1430678 0.1052046 0.0760648 0.1282044 0.1434060 0.0000000 0.1396593 0.0437459 0.1117667 0.1330031 0.1066930 0.0781973 0.0938131 0.0909762 0.1284776 0.0892401 0.1215862 0.1027784 0.1069041 0.1163344 0.0262886 0.1463395 0.1298549 0.1122842 0.0870364 0.1499012 0.1042030 0.0878276 0.1246866 0.1384176 0.1381260 0.0995675 0.0885667 0.1279108 0.0242305 0.1952149 0.0988502 0.0218172 0.1119930 0.1042695 0.1259642 0.1120738 0.0948877 0.1049720 0.1049720 0.1207546 0.1139239 0.1249968 0.0648113 0.0999281 0.1154360 0.0780795 0.0448602 0.0964866 0.1128506 0.1505392 0.1330617 0.1510866 0.1126923 0.2130393 0.1244820 0.0666113 0.1186390 0.1153401 0.2014764 0.0884364 0.2384379 0.0838813 0.0995378 0.1142552 0.1255954 0.2155043 0.1055486 0.1070868 0.0743944 0.1147572 0.0920429 0.1103874 0.0246611 0.1231276 0.1244652 0.0739242 0.0412844 0.0387869 0.0973127 0.0632104 0.1172656 0.1093763 0.1052818 0.1006882 0.0982918 0.1353977 0.0859380 0.1123765 0.0933070 0.1333037 0.1348020 0.1062533 0.1057028 0.1199810 0.1005524 0.1132999 0.0988865 0.1291154 0.0982887 
S0320         0.5375371 0.5323357 0.4660362 0.1399901 0.1623149 0.1371684 0.4262243 0.1351495 0.1164914 0.0333169 0.1119829 0.1333121 0.0193890 0.1293310 0.1644740 0.1398914 0.0341864 0.1396593 0.0000000 0.1117628 0.0312295 0.1425159 0.1533008 0.1474272 0.1233915 0.1263563 0.0193717 0.1631042 0.0238556 0.1105879 0.1374130 0.0235893 0.1133167 0.0510748 0.1252349 0.1471552 0.1567557 0.0239457 0.1095865 0.1515446 0.0216116 0.0654389 0.1309639 0.1440392 0.1198998 0.1394422 0.1390562 0.2027662 0.1554966 0.1198143 0.1367956 0.1276622 0.1232557 0.1107406 0.1230284 0.1096354 0.1096354 0.1359724 0.1248059 0.0606884 0.1233268 0.0898556 0.0602041 0.1459012 0.1280220 0.1155989 0.1035439 0.1429692 0.1339720 0.1821820 0.1113703 0.2137000 0.1243875 0.1356552 0.0986874 0.1055431 0.2127933 0.1276165 0.2073363 0.0865049 0.1224698 0.0997358 0.1315896 0.2123453 0.1408275 0.1270401 0.1177503 0.0148736 0.0797489 0.0967614 0.1225583 0.0534045 0.0284102 0.1025575 0.1265165 0.1284508 0.1254217 0.1038313 0.1226088 0.1373476 0.1342814 0.1230993 0.1218922 0.1521794 0.1048878 0.0519262 0.1384936 0.1642545 0.0217617 0.1203596 0.1037398 0.0259460 0.1081947 0.1097440 0.1262483 0.1271899 0.1233692 
S0322         0.5139773 0.5718130 0.4586632 0.1147756 0.1293603 0.1071517 0.3348473 0.0850512 0.0802645 0.1056430 0.0860696 0.0854810 0.1142544 0.0955057 0.1339586 0.1166641 0.1085913 0.0437459 0.1117628 0.0000000 0.0836644 0.1113788 0.1167427 0.0972282 0.0877162 0.0849298 0.0951473 0.1220244 0.0925731 0.0863453 0.0986032 0.0769345 0.0171121 0.1126970 0.1177473 0.1042791 0.1028720 0.1181749 0.0793298 0.1182919 0.0926647 0.1219381 0.1137122 0.0887822 0.0791467 0.1086078 0.0240625 0.2086869 0.0857216 0.0152497 0.1503472 0.0908664 0.1089737 0.0923145 0.0819613 0.0885147 0.0885147 0.0941283 0.0896414 0.0968531 0.0383881 0.0720362 0.1003358 0.1130357 0.0481465 0.0987970 0.0939857 0.1339301 0.1168287 0.1548522 0.1007253 0.2083847 0.0907581 0.0967863 0.1046767 0.0985563 0.2152176 0.1079885 0.2554731 0.0726915 0.0942393 0.0912011 0.1209948 0.2301776 0.0945229 0.0787812 0.0743625 0.0864388 0.0645408 0.0845010 0.0126137 0.1132525 0.0952772 0.0529272 0.0168052 0.0233255 0.0898407 0.0386087 0.0945877 0.1055382 0.0973980 0.0819967 0.0812210 0.1293294 0.0705704 0.0836164 0.1093872 0.1267256 0.1222286 0.0740220 0.0890333 0.0930858 0.0920649 0.0899171 0.0896979 0.1104164 0.0821784 
S0327         0.5074696 0.5924118 0.4736930 0.1081447 0.1064128 0.1027918 0.3964929 0.1106618 0.0973779 0.0359637 0.0895714 0.0994268 0.0337362 0.0921705 0.1382904 0.1235059 0.0418226 0.1117667 0.0312295 0.0836644 0.0000000 0.1037371 0.1120905 0.1248032 0.0905920 0.0932960 0.0217558 0.1343983 0.0284557 0.0894750 0.1068890 0.0129778 0.0853969 0.0458338 0.0945626 0.1089901 0.1439337 0.0357398 0.0849159 0.1246026 0.0259303 0.0562474 0.1081643 0.1126235 0.0875359 0.1149644 0.1107766 0.1866576 0.1229486 0.0907077 0.1347575 0.0941958 0.1014495 0.0925344 0.0903364 0.0887228 0.0887228 0.0972606 0.0945780 0.0472633 0.0944661 0.0697106 0.0437138 0.1175589 0.1013161 0.0860999 0.0881809 0.1191462 0.1030163 0.1604433 0.0925949 0.2006593 0.0951939 0.1195736 0.0751911 0.0837387 0.1920046 0.1082512 0.1858143 0.0589168 0.0987165 0.0726303 0.1115346 0.1897680 0.1060002 0.0977220 0.0888656 0.0149119 0.0594002 0.0777517 0.0933004 0.0480520 0.0282540 0.0891821 0.0973602 0.1032143 0.0981043 0.0786818 0.0910117 0.0988739 0.1001110 0.0910030 0.0999229 0.1223260 0.0806077 0.0360906 0.1025062 0.1220786 0.0341686 0.0866432 0.0892440 0.0171388 0.0894815 0.0872095 0.0925494 0.1047492 0.0944446 
S0335         0.5037519 0.6209921 0.4701794 0.0572354 0.0412401 0.1118151 0.3347429 0.0872936 0.0773296 0.1393415 0.1002343 0.0864602 0.1436603 0.0632932 0.1182442 0.1253572 0.1233734 0.1330031 0.1425159 0.1113788 0.1037371 0.0000000 0.0701494 0.1233495 0.0833152 0.0806793 0.1251854 0.1225849 0.1249704 0.0683728 0.0921612 0.0922271 0.1031105 0.1275971 0.0924855 0.1051618 0.1536870 0.1366250 0.0841771 0.1136775 0.1205067 0.1235601 0.1554738 0.0927089 0.0779876 0.1285344 0.1238284 0.2372120 0.0954529 0.0947747 0.1706019 0.0896285 0.0939269 0.0771184 0.0806722 0.0712082 0.0712082 0.0732118 0.1088717 0.1066742 0.1126280 0.0985864 0.0971034 0.0952376 0.1100143 0.0730946 0.0867194 0.0986610 0.0894631 0.1567621 0.1163251 0.2510415 0.0979579 0.1404478 0.0826426 0.0666029 0.2478373 0.0893130 0.2566651 0.0665586 0.0507901 0.0927576 0.0976970 0.2473895 0.0901585 0.0901185 0.0675447 0.1149890 0.0904486 0.1226451 0.1064391 0.1196108 0.1206017 0.0801394 0.0899679 0.1145185 0.0829463 0.0936587 0.0562589 0.0743527 0.0899463 0.0894361 0.0748248 0.0966156 0.0793399 0.1050943 0.0777803 0.0902621 0.1487774 0.0782294 0.0768564 0.1178944 0.1097331 0.1199504 0.0814985 0.1140909 0.0778077 
S0345         0.5682852 0.6520515 0.5508175 0.0695764 0.0512175 0.1271644 0.4178911 0.0938713 0.1175343 0.1504163 0.1382208 0.0848968 0.1517392 0.0708557 0.0881094 0.1421154 0.1397615 0.1066930 0.1533008 0.1167427 0.1120905 0.0701494 0.0000000 0.1191597 0.0844744 0.0817174 0.1352028 0.1245811 0.1307645 0.0935952 0.1131209 0.1193103 0.1099227 0.1471091 0.1205776 0.1149750 0.1422675 0.1473556 0.0836901 0.0894830 0.1324952 0.1482449 0.1535181 0.1110057 0.0823021 0.1468026 0.1159449 0.2740571 0.1060130 0.1019273 0.1674770 0.0920523 0.1136817 0.1023756 0.0854187 0.0927726 0.0927726 0.1010333 0.1281804 0.1239472 0.1390410 0.1070317 0.1215160 0.1045650 0.1155602 0.0899159 0.1039953 0.1333341 0.1167115 0.1629396 0.1268968 0.2818490 0.1347063 0.1323671 0.1019284 0.0867182 0.2858865 0.0956254 0.3076064 0.0792570 0.0790176 0.0953849 0.1053321 0.2864000 0.1014184 0.0986881 0.0808250 0.1242487 0.0984190 0.1326333 0.1126079 0.1253505 0.1301975 0.1124035 0.1106858 0.1167270 0.0934103 0.1028971 0.0460607 0.0833121 0.1011650 0.0918430 0.0886657 0.1135494 0.0926011 0.1107702 0.0882602 0.1055601 0.1486318 0.0925848 0.0988343 0.1211912 0.1267186 0.1363393 0.0892104 0.1349138 0.0895655 
S0376         0.5465609 0.6371490 0.4952313 0.1032022 0.0853762 0.1071762 0.3563898 0.0665133 0.0715734 0.1473721 0.1024314 0.0859630 0.1510555 0.0959250 0.0842472 0.1176579 0.1383936 0.0781973 0.1474272 0.0972282 0.1248032 0.1233495 0.1191597 0.0000000 0.0827462 0.0800483 0.1248671 0.0702828 0.1288525 0.0714346 0.0587280 0.1249372 0.0861809 0.1522962 0.1195214 0.1113963 0.1203521 0.1484613 0.0714898 0.0716889 0.1292104 0.1627549 0.1383359 0.0690325 0.0714406 0.1096963 0.0704902 0.2064889 0.0841789 0.0836117 0.1045872 0.0895073 0.1149772 0.0716399 0.0771842 0.0708558 0.0708558 0.1092821 0.0880054 0.1231220 0.1036556 0.0881076 0.1169148 0.0772351 0.0628954 0.0897043 0.0995237 0.1332585 0.1197001 0.1354808 0.1019840 0.2318519 0.1071056 0.1036293 0.1085190 0.1022150 0.2128377 0.0567693 0.2373706 0.0773920 0.0943971 0.0851521 0.1144898 0.2215523 0.0922830 0.0747612 0.0617130 0.1278810 0.0864752 0.1005805 0.0949525 0.1398494 0.1289809 0.0859906 0.0900087 0.1000424 0.0848379 0.0822690 0.1040557 0.1054624 0.0920606 0.0825476 0.0693031 0.1188525 0.0629526 0.1182365 0.0789125 0.1284399 0.1636261 0.0809813 0.0738413 0.1334727 0.0989749 0.0995014 0.0816492 0.1118068 0.0739195 
S0400         0.4945583 0.6314311 0.4592543 0.0818043 0.0661012 0.0420962 0.3475368 0.0475805 0.0712889 0.1203397 0.0932781 0.0102621 0.1231318 0.0681663 0.0308521 0.1011717 0.1090397 0.0938131 0.1233915 0.0877162 0.0905920 0.0833152 0.0844744 0.0827462 0.0000000 0.0060888 0.1041034 0.0869180 0.1036260 0.0578725 0.0643528 0.0815132 0.0716237 0.1042722 0.0809620 0.0447061 0.1369743 0.1180029 0.0326930 0.0280727 0.1067958 0.1172217 0.1113613 0.0532325 0.0061381 0.1031921 0.1047607 0.2057134 0.0530022 0.0705736 0.1195469 0.0169045 0.0726648 0.0656170 0.0082147 0.0574150 0.0574150 0.0785138 0.0904275 0.0992538 0.0888897 0.0633864 0.0900206 0.0851211 0.0900133 0.0621464 0.0643920 0.0980361 0.0784196 0.0973383 0.0882161 0.2233286 0.1057756 0.1187460 0.0777029 0.0721245 0.2230338 0.0743598 0.2276426 0.0370048 0.0707022 0.0518609 0.0887949 0.2135176 0.0190671 0.0327584 0.0441604 0.0972945 0.0587673 0.0792585 0.0824666 0.0988797 0.1068773 0.0744271 0.0808408 0.0872784 0.0144690 0.0707849 0.0603211 0.0710259 0.0190284 0.0167717 0.0418191 0.0814623 0.0424047 0.0857064 0.0775277 0.1047538 0.1170299 0.0339309 0.0627388 0.1019610 0.0848757 0.0833736 0.0103990 0.1000350 0.0328172 
S0405         0.4735580 0.6138711 0.4511151 0.0791428 0.0661012 0.0349602 0.3462716 0.0402169 0.0673907 0.1232885 0.0960679 0.0081817 0.1261504 0.0656013 0.0272737 0.0983167 0.1055838 0.0909762 0.1263563 0.0849298 0.0932960 0.0806793 0.0817174 0.0800483 0.0060888 0.0000000 0.1069358 0.0841537 0.1064442 0.0551290 0.0617566 0.0855837 0.0690088 0.1071107 0.0811238 0.0423282 0.1367866 0.1208950 0.0304080 0.0254174 0.1096346 0.1204338 0.1110955 0.0507444 0.0040784 0.1033913 0.0986179 0.2093531 0.0505245 0.0679125 0.1241999 0.0147403 0.0728231 0.0627843 0.0061397 0.0546963 0.0546963 0.0758890 0.0931977 0.1020804 0.0916084 0.0605940 0.0928592 0.0823385 0.0872266 0.0622764 0.0645253 0.0982241 0.0785775 0.0910567 0.0909181 0.2269970 0.1028619 0.1157334 0.0750306 0.0694873 0.2268317 0.0713969 0.2324254 0.0345690 0.0680336 0.0542702 0.0860496 0.2173568 0.0168892 0.0281430 0.0391607 0.1000624 0.0559874 0.0819670 0.0797017 0.1016972 0.1097192 0.0746075 0.0781341 0.0845062 0.0123599 0.0734342 0.0578096 0.0684328 0.0168548 0.0190008 0.0368282 0.0788085 0.0400377 0.0884817 0.0748608 0.1019378 0.1200198 0.0291417 0.0599507 0.1047953 0.0876198 0.0831708 0.0082903 0.0972207 0.0305249 
S0407sl       0.5079598 0.5536092 0.4683295 0.1259596 0.1512852 0.1170469 0.4191634 0.1121798 0.0969820 0.0331942 0.0963938 0.1134524 0.0264536 0.1157876 0.1405228 0.1189088 0.0417990 0.1284776 0.0193717 0.0951473 0.0217558 0.1251854 0.1352028 0.1248671 0.1041034 0.1069358 0.0000000 0.1511217 0.0192460 0.1048967 0.1172373 0.0130915 0.1004376 0.0432364 0.1081311 0.1264868 0.1410171 0.0262036 0.0913744 0.1336906 0.0192470 0.0561450 0.1172341 0.1231383 0.1008451 0.1286200 0.1234903 0.1918982 0.1338733 0.1063754 0.1295431 0.1080065 0.1013620 0.1053671 0.1038017 0.1039951 0.1039951 0.1153912 0.1113660 0.0500921 0.1100044 0.0778663 0.0413214 0.1345248 0.1173423 0.0961593 0.0878235 0.1261099 0.1107240 0.1625532 0.1022785 0.1994489 0.1004057 0.1246538 0.0839606 0.0904367 0.2017276 0.1247269 0.1921657 0.0740112 0.1133004 0.0843111 0.1329173 0.1996519 0.1204651 0.1074988 0.0985939 0.0104770 0.0680027 0.0814421 0.1052009 0.0509391 0.0236077 0.0835513 0.1092028 0.1152303 0.1089942 0.0908906 0.1059230 0.1233515 0.1142587 0.1038533 0.1065422 0.1314289 0.0870286 0.0414091 0.1274300 0.1486360 0.0289999 0.1003800 0.1046158 0.0169786 0.0992936 0.0967546 0.1064381 0.1176630 0.1040810 
S0412sl       0.5376557 0.6261406 0.5167744 0.1124271 0.0941935 0.1191395 0.4079411 0.0932499 0.1033399 0.1690071 0.1139858 0.0902393 0.1669524 0.1005196 0.0765812 0.1264888 0.1571432 0.0892401 0.1631042 0.1220244 0.1343983 0.1225849 0.1245811 0.0702828 0.0869180 0.0841537 0.1511217 0.0000000 0.1564447 0.0960472 0.0944048 0.1396993 0.1066226 0.1729547 0.1244557 0.1163137 0.1450879 0.1627058 0.0970189 0.0767098 0.1473246 0.1650166 0.1739541 0.0816089 0.0781686 0.1318666 0.0925752 0.2238639 0.0956490 0.1042216 0.1226292 0.0935856 0.1427314 0.1051130 0.0801289 0.0982328 0.0982328 0.1078765 0.1242499 0.1567826 0.1226991 0.1293378 0.1375531 0.0975410 0.0890758 0.0971953 0.1202039 0.1511788 0.1242264 0.1352130 0.1230620 0.2582556 0.1213302 0.1073612 0.1296535 0.1181176 0.2381997 0.0822027 0.2403410 0.0845630 0.1066569 0.0954934 0.1198339 0.2385117 0.0898503 0.0971840 0.0635800 0.1457574 0.1177769 0.1323187 0.1044764 0.1509705 0.1565944 0.0941829 0.1019741 0.1188858 0.0810691 0.1120855 0.1250411 0.1135619 0.0896332 0.0963984 0.0925509 0.1146472 0.0785167 0.1334027 0.0886439 0.1243073 0.1738005 0.0981186 0.0959726 0.1519948 0.1197094 0.1349139 0.0821775 0.1245866 0.0873928 
S0417         0.5068856 0.5404529 0.4727785 0.1225049 0.1394962 0.1106622 0.4201020 0.1144570 0.1014954 0.0306440 0.0960496 0.1129243 0.0265475 0.1124557 0.1509627 0.1247634 0.0492793 0.1215862 0.0238556 0.0925731 0.0284557 0.1249704 0.1307645 0.1288525 0.1036260 0.1064442 0.0192460 0.1564447 0.0000000 0.0985503 0.1166742 0.0234877 0.0942510 0.0382138 0.1079392 0.1195771 0.1371345 0.0308005 0.0937265 0.1370582 0.0258143 0.0671968 0.1106441 0.1225439 0.1003861 0.1183909 0.1207295 0.2009165 0.1332151 0.0999258 0.1251080 0.1072022 0.1017906 0.0989919 0.1033271 0.0977112 0.0977112 0.1184113 0.1048154 0.0523409 0.0979780 0.0721026 0.0516050 0.1336288 0.1107399 0.0897570 0.0849324 0.1274441 0.1107408 0.1492707 0.0955791 0.1945614 0.1018568 0.1207856 0.0903636 0.0970400 0.2108474 0.1179351 0.2103141 0.0711219 0.1128855 0.0866830 0.1299215 0.2107745 0.1198959 0.1012999 0.0945462 0.0147068 0.0623557 0.0784392 0.1025631 0.0582134 0.0303458 0.0806930 0.1065911 0.1125984 0.1113692 0.0794598 0.1057403 0.1199072 0.1137231 0.1033783 0.1096999 0.1302467 0.0894006 0.0436891 0.1200175 0.1483728 0.0412947 0.0936505 0.0982904 0.0282263 0.0925087 0.0877565 0.1059393 0.1105639 0.1031755 
S0419         0.4786906 0.5892183 0.4316905 0.0827902 0.0565663 0.0882896 0.2977483 0.0492211 0.0225085 0.1150823 0.0509245 0.0657945 0.1147152 0.0582078 0.1051752 0.0854598 0.0975623 0.1027784 0.1105879 0.0863453 0.0894750 0.0683728 0.0935952 0.0714346 0.0578725 0.0551290 0.1048967 0.0960472 0.0985503 0.0000000 0.0669455 0.0733670 0.0708765 0.1219179 0.1019829 0.0946641 0.1278261 0.1128406 0.0602671 0.0908061 0.0990728 0.1162248 0.0940251 0.0606509 0.0551882 0.0680605 0.0914881 0.2193375 0.0664065 0.0734586 0.1042313 0.0689710 0.0969096 0.0082571 0.0577158 0.0020245 0.0020245 0.0926415 0.0594254 0.0911262 0.0821760 0.0610429 0.0908699 0.0790004 0.0774521 0.0786581 0.0774605 0.1206040 0.1051126 0.1195774 0.0559725 0.2224726 0.0918570 0.1148901 0.0952556 0.0921873 0.2259256 0.0169479 0.2533635 0.0566762 0.0563608 0.0599276 0.0843807 0.2279510 0.0715614 0.0630427 0.0436030 0.0922885 0.0563013 0.0802147 0.0841162 0.1163728 0.1017691 0.0520122 0.0691150 0.0863231 0.0626116 0.0620820 0.0783821 0.0636489 0.0713953 0.0654273 0.0518403 0.1015199 0.0518625 0.0923827 0.0645904 0.0914148 0.1208780 0.0632369 0.0061441 0.1025504 0.0493889 0.0906841 0.0668060 0.0612654 0.0545500 
S0427         0.4767559 0.6313903 0.4710557 0.0847231 0.0945455 0.0866297 0.3758956 0.0642851 0.0681657 0.1209391 0.0998639 0.0673453 0.1307717 0.0821174 0.0998375 0.1029407 0.1226362 0.1069041 0.1374130 0.0986032 0.1068890 0.0921612 0.1131209 0.0587280 0.0643528 0.0617566 0.1172373 0.0944048 0.1166742 0.0669455 0.0000000 0.0742939 0.0844853 0.1312668 0.0938012 0.0882633 0.1378918 0.1289780 0.0506132 0.0859428 0.1131184 0.1489988 0.1339553 0.0460715 0.0536584 0.1050881 0.1043145 0.2196134 0.0673350 0.0784783 0.1366743 0.0706208 0.0918944 0.0722806 0.0590397 0.0663994 0.0663994 0.0965635 0.0919427 0.1216413 0.1026223 0.0802354 0.1231149 0.0862365 0.0918535 0.0880345 0.0840930 0.1192666 0.0907975 0.1365632 0.1059552 0.2234567 0.0896920 0.1287864 0.0960948 0.0868918 0.2263281 0.0815649 0.2321283 0.0599890 0.0677628 0.0721387 0.1086322 0.2329577 0.0707018 0.0592845 0.0605822 0.1098801 0.0849695 0.1027961 0.0905192 0.1302055 0.1102838 0.0706312 0.0824225 0.1010500 0.0639937 0.0832678 0.0850132 0.0912901 0.0705338 0.0641980 0.0589185 0.1100672 0.0504667 0.1061337 0.0895997 0.1108709 0.1400164 0.0581139 0.0717886 0.1084785 0.1024010 0.0917919 0.0626235 0.1160033 0.0508111 
S0428sl       0.4048555 0.4903881 0.3705976 0.0940729 5.9069151 0.0858335 0.3725985 0.0720155 0.0768843 0.0343264 0.0903219 0.0994568 0.0269616 0.0900307 0.1177971 0.1159826 0.0379438 0.1163344 0.0235893 0.0769345 0.0129778 0.0922271 0.1193103 0.1249372 0.0815132 0.0855837 0.0130915 0.1396993 0.0234877 0.0733670 0.0742939 0.0000000 0.0684064 0.0417242 0.0626776 0.0997771 0.1486496 0.0231292 0.0678060 0.1201824 0.0197486 0.0449622 0.0865060 0.0782868 0.0810487 0.0960340 0.1129606 0.1815412 0.1117564 0.0752465 0.1003883 0.0864928 0.0629812 0.0781985 0.0806859 0.0731593 0.0731593 0.0902817 0.0855564 0.0451208 0.0905993 0.0614945 0.0427039 0.1097441 0.1054509 0.0642578 0.0623241 0.0881036 0.0705437 0.1793988 0.0857993 0.2018931 0.0731546 0.1229160 0.0693625 0.0645892 0.1783124 0.0975117 0.1906237 0.0483676 0.0819269 0.0571014 0.1102073 0.1896222 0.0994440 0.0680096 0.0718676 0.0131563 0.0577581 0.0744429 0.0835547 0.0490480 0.0265365 0.0745383 0.0904700 0.0989835 0.0932343 0.0706337 0.0900941 0.0980085 0.0952148 0.0814394 0.0795381 0.1068232 0.0688920 0.0496767 0.1058112 0.1369104 0.0312536 0.0595154 0.0778311 0.0163637 0.0820934 0.0625844 0.0881556 0.1038995 0.0802766 
S0430         0.4776698 0.5503817 0.4217228 0.1002292 0.1240480 0.0953921 0.2943618 0.0694181 0.0667525 0.1072444 0.0796498 0.0746786 0.1158162 0.0821235 0.1058869 0.1079419 0.1102061 0.0262886 0.1133167 0.0171121 0.0853969 0.1031105 0.1099227 0.0861809 0.0716237 0.0690088 0.1004376 0.1066226 0.0942510 0.0708765 0.0844853 0.0684064 0.0000000 0.1174506 0.0979474 0.0885013 0.1022420 0.1196816 0.0744539 0.0974567 0.0973184 0.1167862 0.1109992 0.0727659 0.0636327 0.0958264 0.0289446 0.1935933 0.0726473 0.0083759 0.1172912 0.0745356 0.0956306 0.0817079 0.0662559 0.0730116 0.0730116 0.0902254 0.0862959 0.0985199 0.0374412 0.0711166 0.0922128 0.0954756 0.0445125 0.0867521 0.0801876 0.1166017 0.1038005 0.1431055 0.0815602 0.1937191 0.0915546 0.0774684 0.0980094 0.0920077 0.1996861 0.0910273 0.2349631 0.0592628 0.0779672 0.0832629 0.1057848 0.2132780 0.0807145 0.0739574 0.0622253 0.0881510 0.0637149 0.0834263 0.0127886 0.1084200 0.0969326 0.0494358 0.0168683 0.0214289 0.0737269 0.0379567 0.0927080 0.0857179 0.0805230 0.0714521 0.0717970 0.1137466 0.0635688 0.0854005 0.0921548 0.1150914 0.1237448 0.0665049 0.0761113 0.0981273 0.0730029 0.0916657 0.0758540 0.0904774 0.0719348 
