52
HYZL          0.0000000 0.1023779 0.5711332 0.7409040 0.5718643 0.4417674 0.5941177 0.6100058 0.5118885 0.5316382 0.5896614 0.5953430 0.5633380 0.6078312 0.6033094 0.4311085 0.5761843 0.4948130 0.5108093 0.5820901 0.5647304 0.6454781 0.5660011 0.5557246 0.6526905 0.5733154 0.5442175 0.5376650 0.6310342 0.4817548 0.5986464 0.5165870 0.5113291 0.5707342 0.5442175 0.5083327 0.5905728 0.5445939 0.5267972 0.5483594 0.5457171 0.5208012 0.5517049 0.5411803 0.4876473 0.5411803 0.5356198 0.5481307 0.5078719 0.5866482 0.5078719 0.5789978 
MYZV          0.1023779 0.0000000 0.7237622 0.9020317 0.7238616 0.6067248 0.6689428 0.8066092 0.6500945 0.7107570 0.7482045 0.7862518 0.7248049 0.8059732 0.7250494 0.5726518 0.7353496 0.5788277 0.6837127 0.7380186 0.7194475 0.8535560 0.7305764 0.6759354 0.7682151 0.6898398 0.5617600 0.5006613 0.7248324 0.6350573 0.6850822 0.5337573 0.6269726 0.7838201 0.5617600 0.6447499 0.7158282 0.6898398 0.6977503 0.6940174 0.7020020 0.6967864 0.7538185 0.6860022 0.5686509 0.6860022 0.6838914 0.5660194 0.5247223 0.6538255 0.5247223 0.6909246 
SRR6441723    0.5711332 0.7237622 0.0000000 0.0527574 0.1286442 0.4205272 0.1193045 0.1786140 0.1282056 0.1639958 0.0279811 0.1488287 0.1464341 0.1903595 0.1787995 0.0000021 0.2039780 0.1783421 0.1170060 0.1303260 0.1313625 0.2114752 0.1600260 0.2247874 0.1827708 0.1280020 0.1306489 0.1166326 0.1359369 0.0677972 0.0621408 0.1332150 0.1651348 0.0276263 0.1064588 0.1603378 0.0463916 0.1280020 0.1841116 0.1450600 0.1891304 0.1317258 0.1908095 0.1145590 0.0967975 0.1145590 0.1282056 0.1206153 0.1315768 0.1630115 0.1315768 0.1425320 
ERR4210213    0.7409040 0.9020317 0.0527574 0.0000000 0.1668291 0.5173313 0.1773131 0.1890242 0.1662306 0.1922622 0.0933413 0.1569117 0.1983589 0.2016669 0.2151175 0.0202943 0.2168644 0.2246442 0.1227224 0.1374626 0.1709142 0.2247152 0.1930427 0.2626107 0.2442282 0.1660299 0.1847236 0.1545640 0.1826564 0.1593242 0.1434953 0.1889617 0.2132643 0.0919015 0.1562660 0.1838735 0.1156484 0.1660299 0.2744420 0.1860864 0.2262672 0.1384611 0.2068218 0.1506730 0.1525212 0.1506730 0.1662306 0.1736649 0.1863536 0.2072369 0.1863536 0.1827409 
ERR2789774    0.5718643 0.7238616 0.1286442 0.1668291 0.0000000 0.4518242 0.0406151 0.1240139 0.0180323 0.1405054 0.1042813 0.1164684 0.2481265 0.1591356 0.2196092 0.0944943 0.2210485 0.0726473 0.1159973 0.0182670 0.0183417 0.1556080 0.1938218 0.2503925 0.2701283 0.0180127 0.1383086 0.1243848 0.2256179 0.1358499 0.1858817 0.1347795 0.2157887 0.1624286 0.1144299 0.1532303 0.1907975 0.0180127 0.2587070 0.0279485 0.2300531 0.1560110 0.2321001 0.0088646 0.0314621 0.0088646 0.0180323 0.1285062 0.1332134 0.0385390 0.1332134 0.0275598 
PAFTOL_019361 0.4417674 0.6067248 0.4205272 0.5173313 0.4518242 0.0000000 0.4106580 0.3461919 0.3990916 0.3428313 0.4734003 0.4335047 0.3176891 0.3676072 0.3111850 0.3535071 0.2879770 0.3709900 0.3093051 0.4597713 0.4695911 0.3819292 0.2846326 0.3987911 0.3630299 0.4524364 0.3749023 0.4416314 0.4546468 0.4026393 0.5286848 0.4347892 0.3590892 0.4422852 0.4202397 0.4355447 0.4314434 0.4033937 0.4201766 0.4108232 0.3007656 0.3115368 0.2829623 0.4248458 0.3437285 0.4248458 0.4230742 0.4527467 0.4275276 0.4226922 0.4275276 0.4293363 
S0055         0.5941177 0.6689428 0.1193045 0.1773131 0.0406151 0.4106580 0.0000000 0.1505279 0.0404842 0.1500467 0.1141971 0.1072557 0.2243909 0.1547094 0.2103206 0.0982214 0.2164479 0.0790494 0.1327268 0.0410770 0.0412803 0.1470096 0.1881851 0.2245032 0.2431206 0.0298332 0.0928457 0.1027844 0.1866689 0.1095281 0.1287727 0.1072974 0.2220828 0.1249967 0.1038857 0.1752285 0.1388590 0.0197569 0.2302552 0.0524213 0.2256049 0.1641301 0.2276974 0.0298332 0.0000026 0.0298332 0.0404842 0.1177276 0.1060149 0.0652193 0.1060149 0.0404254 
S0278         0.6100058 0.8066092 0.1786140 0.1890242 0.1240139 0.3461919 0.1505279 0.0000000 0.1236302 0.0362214 0.1546660 0.0463316 0.2381128 0.0578063 0.2322185 0.1302187 0.2330878 0.1150267 0.0369824 0.1254781 0.1263624 0.0567685 0.2057210 0.2406953 0.2597683 0.1234473 0.1100874 0.1214791 0.2482655 0.1451647 0.2425668 0.1316404 0.2074894 0.2024779 0.1100874 0.1493322 0.1858189 0.1234473 0.2342992 0.1387335 0.2426678 0.0577286 0.2448289 0.1113746 0.1288263 0.1113746 0.1236302 0.1235820 0.1301443 0.1548655 0.1301443 0.1128823 
S0282         0.5118885 0.6500945 0.1282056 0.1662306 0.0180323 0.3990916 0.0404842 0.1236302 0.0000000 0.1400565 0.1039202 0.1160991 0.2472323 0.1586126 0.2188258 0.0941551 0.2202974 0.0724141 0.1156292 0.0182133 0.0182877 0.1551061 0.1931390 0.2140987 0.2691856 0.0179606 0.1378756 0.1239999 0.2248491 0.1353642 0.1852270 0.1343636 0.1830023 0.1618629 0.1140726 0.1527141 0.1901423 0.0179606 0.2226898 0.0089474 0.2292481 0.1555088 0.2312839 0.0088390 0.0313567 0.0088390 0.0179799 0.1280988 0.1328070 0.0184907 0.1328070 0.0274788 
S0289         0.5316382 0.7107570 0.1639958 0.1922622 0.1405054 0.3428313 0.1500467 0.0362214 0.1400565 0.0000000 0.1704173 0.0563553 0.2214381 0.0697607 0.2209755 0.1044515 0.2373709 0.1312895 0.0373243 0.1422461 0.1433682 0.0684451 0.1946231 0.2412527 0.2433824 0.1398622 0.0875416 0.0984304 0.2324095 0.1304680 0.2227550 0.1128039 0.1786834 0.1870825 0.0875416 0.1328972 0.1677953 0.1398622 0.2037985 0.1564565 0.2316398 0.0583151 0.2337443 0.1269657 0.1282281 0.1269657 0.1400565 0.1001138 0.1115097 0.1739988 0.1115097 0.1287201 
S0292         0.5896614 0.7482045 0.0279811 0.0933413 0.1042813 0.4734003 0.1141971 0.1546660 0.1039202 0.1704173 0.0000000 0.1598939 0.1908730 0.2180081 0.2283164 0.0199162 0.2549545 0.1517413 0.1372627 0.1056355 0.1063937 0.2413668 0.2012879 0.2632578 0.2304906 0.1037366 0.1672444 0.1511951 0.1586249 0.1127492 0.0794320 0.1628653 0.2072253 0.0286639 0.1401832 0.2060209 0.0710291 0.1037366 0.2147847 0.1198224 0.2390462 0.1811058 0.2412299 0.0907552 0.0903471 0.0907552 0.1039202 0.1565348 0.1607747 0.1368085 0.1607747 0.1176979 
S0299         0.5953430 0.7862518 0.1488287 0.1569117 0.1164684 0.4335047 0.1072557 0.0463316 0.1160991 0.0563553 0.1598939 0.0000000 0.1873396 0.0788830 0.1664484 0.1021555 0.1701959 0.1218746 0.0568035 0.1178678 0.1186886 0.0774010 0.1442733 0.2192202 0.2231521 0.1159177 0.0966949 0.0848401 0.2133359 0.1161311 0.1881016 0.1104074 0.1884038 0.1703268 0.0966949 0.1214966 0.1381298 0.1159177 0.2136140 0.1312212 0.1768161 0.0787487 0.1783979 0.1037356 0.0866695 0.1037356 0.1160991 0.1093974 0.1091664 0.1473726 0.1091664 0.1051837 
S0303         0.5633380 0.7248049 0.1464341 0.1983589 0.2481265 0.3176891 0.2243909 0.2381128 0.2472323 0.2214381 0.1908730 0.1873396 0.0000000 0.2218654 0.0000026 0.0940950 0.0098804 0.2631733 0.1621752 0.2519244 0.2554059 0.2782366 0.0000023 0.2016103 0.0295208 0.2473499 0.2239131 0.2367293 0.0939165 0.1333098 0.1841056 0.2294041 0.1958408 0.1373708 0.2239131 0.2076918 0.1817279 0.2135592 0.1982600 0.2557899 0.0000023 0.1913897 0.0000021 0.2290309 0.2150813 0.2290309 0.2105454 0.2448524 0.2260852 0.2646568 0.2260852 0.2322066 
S0320         0.6078312 0.8059732 0.1903595 0.2016669 0.1591356 0.3676072 0.1547094 0.0578063 0.1586126 0.0697607 0.2180081 0.0788830 0.2218654 0.0000000 0.2161541 0.1417880 0.2177463 0.1497031 0.0372797 0.1611996 0.1626274 0.0580668 0.1842386 0.2281683 0.2434028 0.1584208 0.1384155 0.1625788 0.2326288 0.1817080 0.2553327 0.1693655 0.2197370 0.2011159 0.1499061 0.1843019 0.1908993 0.1462462 0.2473471 0.1425224 0.2265828 0.0581925 0.2285970 0.1446173 0.1288644 0.1446173 0.1586126 0.1655509 0.1672378 0.1592571 0.1672378 0.1466437 
S0322         0.6033094 0.7250494 0.1787995 0.2151175 0.2196092 0.3111850 0.2103206 0.2322185 0.2188258 0.2209755 0.2283164 0.1664484 0.0000026 0.2161541 0.0000000 0.1088669 0.0000026 0.2569318 0.1576255 0.2228668 0.2256275 0.2720050 0.0000026 0.1962352 0.0292280 0.2017245 0.2234735 0.2363158 0.1391632 0.1642860 0.2199082 0.2289649 0.1953781 0.1697125 0.2234735 0.2193065 0.2174624 0.1871493 0.2154104 0.2265036 0.0000021 0.1862941 0.0000026 0.2017245 0.2238379 0.2017245 0.1844520 0.2444566 0.2256449 0.2345116 0.2256449 0.2046028 
S0335         0.4311085 0.5726518 0.0000021 0.0202943 0.0944943 0.3535071 0.0982214 0.1302187 0.0941551 0.1044515 0.0199162 0.1021555 0.0940950 0.1417880 0.1088669 0.0000000 0.1161731 0.1427728 0.0734408 0.0957554 0.0964354 0.1613188 0.1065013 0.1853314 0.1166586 0.0939802 0.1145553 0.1002315 0.1066124 0.0611959 0.0550163 0.1168885 0.1347953 0.0294721 0.0895091 0.1061804 0.0503937 0.0939802 0.1512166 0.1101774 0.1195650 0.0993827 0.1207121 0.0808144 0.0731202 0.0808144 0.0808144 0.1038999 0.1153783 0.1273957 0.1153783 0.1081505 
S0430         0.5761843 0.7353496 0.2039780 0.2168644 0.2210485 0.2879770 0.2164479 0.2330878 0.2202974 0.2373709 0.2549545 0.1701959 0.0098804 0.2177463 0.0000026 0.1161731 0.0000000 0.2566618 0.1616318 0.2241729 0.2268270 0.2710308 0.0000021 0.1986862 0.0498593 0.2202646 0.2391706 0.2517699 0.1642349 0.1951124 0.2457635 0.2448743 0.2118708 0.1951652 0.2391706 0.2207713 0.2434248 0.1900397 0.2314744 0.2276450 0.0000020 0.1891135 0.0000021 0.2039607 0.2251775 0.2039607 0.1874453 0.2599423 0.2414453 0.2352956 0.2414453 0.2067199 
S0558         0.4948130 0.5788277 0.1783421 0.2246442 0.0726473 0.3709900 0.0790494 0.1150267 0.0724141 0.1312895 0.1517413 0.1218746 0.2631733 0.1497031 0.2569318 0.1427728 0.2566618 0.0000000 0.1052909 0.0734993 0.0739190 0.1463472 0.2281359 0.3006557 0.2854206 0.0722945 0.1706549 0.1551315 0.2725978 0.1567798 0.2446112 0.1663888 0.2609639 0.2031834 0.1584361 0.1759893 0.2171457 0.0722945 0.2919344 0.0857577 0.2676624 0.1467665 0.2701088 0.0609840 0.0572011 0.0609840 0.0724141 0.1748876 0.1643313 0.0726702 0.1643313 0.0618629 
S0624         0.5108093 0.6837127 0.1170060 0.1227224 0.1159973 0.3093051 0.1327268 0.0369824 0.1156292 0.0373243 0.1372627 0.0568035 0.1621752 0.0372797 0.1576255 0.0734408 0.1616318 0.1052909 0.0000000 0.1173918 0.1182082 0.0579107 0.1367040 0.1795951 0.1828070 0.1154480 0.0974528 0.1084519 0.1749607 0.1172395 0.1812906 0.1236341 0.1532722 0.1355389 0.0863471 0.1096960 0.1465659 0.1154480 0.1753547 0.1307472 0.1677050 0.0177414 0.1691721 0.1032704 0.1117201 0.1032704 0.1156292 0.0986918 0.1222073 0.1469033 0.1222073 0.1047130 
S0641         0.5820901 0.7380186 0.1303260 0.1374626 0.0182670 0.4597713 0.0410770 0.1254781 0.0182133 0.1422461 0.1056355 0.1178678 0.2519244 0.1611996 0.2228668 0.0957554 0.2241729 0.0734993 0.1173918 0.0000000 0.0183417 0.1575817 0.1966015 0.2392820 0.2741895 0.0181935 0.1399835 0.1258543 0.2288264 0.1358499 0.1858817 0.1347795 0.2052615 0.1646680 0.1157811 0.1552562 0.1934562 0.0181935 0.2624537 0.0282396 0.2334267 0.1579866 0.2355261 0.0089518 0.0318310 0.0089518 0.0182133 0.1285062 0.1347795 0.0389559 0.1347795 0.0278423 
S0643         0.5647304 0.7194475 0.1313625 0.1709142 0.0183417 0.4695911 0.0412803 0.1263624 0.0182877 0.1433682 0.1063937 0.1186886 0.2554059 0.1626274 0.2256275 0.0964354 0.2268270 0.0739190 0.1182082 0.0183417 0.0000000 0.1589287 0.1987756 0.2389730 0.2781119 0.0182678 0.1410533 0.1267431 0.2315869 0.1337932 0.1690493 0.1357591 0.2045814 0.1662378 0.1165670 0.1566285 0.1955121 0.0182678 0.2476060 0.0283627 0.2363711 0.1431706 0.2385346 0.0089862 0.0319889 0.0089862 0.0182877 0.1294379 0.1357591 0.0391378 0.1357591 0.0279626 
S0645sl       0.6454781 0.8535560 0.2114752 0.2247152 0.1556080 0.3819292 0.1470096 0.0567685 0.1551061 0.0684451 0.2413668 0.0774010 0.2782366 0.0580668 0.2720050 0.1613188 0.2710308 0.1463472 0.0579107 0.1575817 0.1589287 0.0000000 0.2428841 0.2948841 0.3003951 0.1549151 0.1467518 0.1591210 0.2870228 0.1591255 0.2969122 0.1778288 0.2563173 0.2379457 0.1467518 0.1800122 0.2335469 0.1549151 0.2864770 0.1723915 0.2826255 0.0803516 0.2851934 0.1414699 0.1418186 0.1414699 0.1551061 0.1619714 0.1756161 0.1908525 0.1756161 0.1434199 
S0724sl       0.5660011 0.7305764 0.1600260 0.1930427 0.1938218 0.2846326 0.1881851 0.2057210 0.1931390 0.1946231 0.2012879 0.1442733 0.0000023 0.1842386 0.0000026 0.1065013 0.0000021 0.2281359 0.1367040 0.1966015 0.1987756 0.2428841 0.0000000 0.1926257 0.0397492 0.1930007 0.2028588 0.2151493 0.1327730 0.1478553 0.2009761 0.2076691 0.1917622 0.1662729 0.2028588 0.2174925 0.1965743 0.1633116 0.1936250 0.1931390 0.0000023 0.1676447 0.0000026 0.1770723 0.1958880 0.1770723 0.1609337 0.2226237 0.2047346 0.1999525 0.2047346 0.1796443 
S0735         0.5557246 0.6759354 0.2247874 0.2626107 0.2503925 0.3987911 0.2245032 0.2406953 0.2140987 0.2412527 0.2632578 0.2192202 0.2016103 0.2281683 0.1962352 0.1853314 0.1986862 0.3006557 0.1795951 0.2392820 0.2389730 0.2948841 0.1926257 0.0000000 0.2228305 0.2496528 0.1652569 0.2079234 0.2720393 0.2763617 0.2049594 0.2041681 0.0678591 0.2305023 0.1652569 0.2424617 0.1984259 0.2170256 0.1188750 0.2109133 0.2065494 0.1839167 0.2083710 0.2319614 0.2156096 0.2319614 0.2495254 0.1522309 0.2013678 0.2181400 0.2013678 0.2687435 
S0748         0.6526905 0.7682151 0.1827708 0.2442282 0.2701283 0.3630299 0.2431206 0.2597683 0.2691856 0.2433824 0.2304906 0.2231521 0.0295208 0.2434028 0.0292280 0.1166586 0.0498593 0.2854206 0.1828070 0.2741895 0.2781119 0.3003951 0.0397492 0.2228305 0.0000000 0.2564918 0.2449943 0.2579164 0.1446946 0.1699698 0.2223521 0.2509634 0.2170585 0.1740929 0.2449943 0.2144403 0.2200122 0.2354219 0.2371667 0.2780172 0.0392000 0.2121521 0.0395690 0.2509080 0.2587610 0.2509080 0.2323237 0.2663621 0.2473809 0.2871266 0.2473809 0.2541505 
S0756         0.5733154 0.6898398 0.1280020 0.1660299 0.0180127 0.4524364 0.0298332 0.1234473 0.0179606 0.1398622 0.1037366 0.1159177 0.2473499 0.1584208 0.2017245 0.0939802 0.2202646 0.0722945 0.1154480 0.0181935 0.0182678 0.1549151 0.1930007 0.2496528 0.2564918 0.0000000 0.1376853 0.1238167 0.2248375 0.1208428 0.1850670 0.1341767 0.2150120 0.1616630 0.1138957 0.1525131 0.1899990 0.0179415 0.2580094 0.0278301 0.2292585 0.1553184 0.2313052 0.0088306 0.0313126 0.0088306 0.0179606 0.1279089 0.1326225 0.0383681 0.1326225 0.0274459 
S0760         0.5442175 0.5617600 0.1306489 0.1847236 0.1383086 0.3749023 0.0928457 0.1100874 0.1378756 0.0875416 0.1672444 0.0966949 0.2239131 0.1384155 0.2234735 0.1145553 0.2391706 0.1706549 0.0974528 0.1399835 0.1410533 0.1467518 0.2028588 0.1652569 0.2449943 0.1376853 0.0000000 0.0256788 0.2230084 0.1119197 0.1522984 0.0265941 0.1306807 0.1500504 0.0169333 0.1539437 0.1105313 0.1138957 0.1761487 0.1538233 0.2337034 0.0989829 0.2357422 0.1250964 0.0963957 0.1250964 0.1378756 0.0260734 0.0263353 0.1708417 0.0263353 0.1249114 
S0795         0.5376650 0.5006613 0.1166326 0.1545640 0.1243848 0.4416314 0.1027844 0.1214791 0.1239999 0.0984304 0.1511951 0.0848401 0.2367293 0.1625788 0.2363158 0.1002315 0.2517699 0.1551315 0.1084519 0.1258543 0.1267431 0.1591210 0.2151493 0.2079234 0.2579164 0.1238167 0.0256788 0.0000000 0.2161140 0.0979500 0.1633578 0.0353760 0.1431439 0.1610032 0.0256788 0.1261396 0.1064471 0.1238167 0.1899393 0.1391211 0.2465590 0.1101332 0.2487138 0.1117286 0.0953337 0.1117286 0.1239999 0.0351532 0.0350306 0.1552629 0.0350306 0.1115567 
S0888         0.6310342 0.7248324 0.1359369 0.1826564 0.2256179 0.4546468 0.1866689 0.2482655 0.2248491 0.2324095 0.1586249 0.2133359 0.0939165 0.2326288 0.1391632 0.1066124 0.1642349 0.2725978 0.1749607 0.2288264 0.2315869 0.2870228 0.1327730 0.2720393 0.1446946 0.2248375 0.2230084 0.2161140 0.0000000 0.1310434 0.1764015 0.2281573 0.1965397 0.1419894 0.2230084 0.2420257 0.1682003 0.1942010 0.2035520 0.2323401 0.1330859 0.2215115 0.1511225 0.2083104 0.1774209 0.2083104 0.1915446 0.2427007 0.2250455 0.2401242 0.2250455 0.2427413 
S0906         0.4817548 0.6350573 0.0677972 0.1593242 0.1358499 0.4026393 0.1095281 0.1451647 0.1353642 0.1304680 0.1127492 0.1161311 0.1333098 0.1817080 0.1642860 0.0611959 0.1951124 0.1567798 0.1172395 0.1358499 0.1337932 0.1591255 0.1478553 0.2763617 0.1699698 0.1208428 0.1119197 0.0979500 0.1310434 0.0000000 0.1414886 0.1127008 0.1864665 0.0954920 0.1119197 0.1542000 0.1090087 0.1351473 0.1883948 0.1534745 0.1790832 0.1193226 0.1808261 0.1208428 0.0890459 0.1208428 0.1064011 0.1119197 0.1127008 0.1728484 0.1127008 0.1358499 
S0960         0.5986464 0.6850822 0.0621408 0.1434953 0.1858817 0.5286848 0.1287727 0.2425668 0.1852270 0.2227550 0.0794320 0.1881016 0.1841056 0.2553327 0.2199082 0.0550163 0.2457635 0.2446112 0.1812906 0.1858817 0.1690493 0.2969122 0.2009761 0.2049594 0.2223521 0.1850670 0.1522984 0.1633578 0.1764015 0.1414886 0.0000000 0.1688251 0.1947063 0.0639799 0.1522984 0.2300307 0.0880234 0.1556304 0.1796261 0.2056382 0.2303412 0.1703646 0.2323885 0.1693493 0.1031330 0.1693493 0.1852270 0.1668201 0.1688251 0.2272040 0.1688251 0.2020965 
S1083         0.5165870 0.5337573 0.1332150 0.1889617 0.1347795 0.4347892 0.1072974 0.1316404 0.1343636 0.1128039 0.1628653 0.1104074 0.2294041 0.1693655 0.2289649 0.1168885 0.2448743 0.1663888 0.1236341 0.1347795 0.1357591 0.1778288 0.2076691 0.2041681 0.2509634 0.1341767 0.0265941 0.0353760 0.2281573 0.1127008 0.1688251 0.0000000 0.1642735 0.1532030 0.0453818 0.1570769 0.1265959 0.1109070 0.2153547 0.1499265 0.2394147 0.1255641 0.2415477 0.1218681 0.1115369 0.1218681 0.1343636 0.0554123 0.0000010 0.1665590 0.0000010 0.1216882 
S1100         0.5113291 0.6269726 0.1651348 0.2132643 0.2157887 0.3590892 0.2220828 0.2074894 0.1830023 0.1786834 0.2072253 0.1884038 0.1958408 0.2197370 0.1953781 0.1347953 0.2118708 0.2609639 0.1532722 0.2052615 0.2045814 0.2563173 0.1917622 0.0678591 0.2170585 0.2150120 0.1306807 0.1431439 0.1965397 0.1864665 0.1947063 0.1642735 0.0000000 0.2176584 0.1065460 0.2365928 0.1518570 0.2150120 0.0477051 0.1891813 0.2057554 0.1484662 0.2075820 0.1991258 0.1986977 0.1991258 0.1830023 0.1206763 0.1621756 0.1956519 0.1621756 0.2322539 
S1129sl       0.5707342 0.7838201 0.0276263 0.0919015 0.1624286 0.4422852 0.1249967 0.2024779 0.1618629 0.1870825 0.0286639 0.1703268 0.1373708 0.2011159 0.1697125 0.0294721 0.1951652 0.2031834 0.1355389 0.1646680 0.1662378 0.2379457 0.1662729 0.2305023 0.1740929 0.1616630 0.1500504 0.1610032 0.1419894 0.0954920 0.0639799 0.1532030 0.2176584 0.0000000 0.1500504 0.1803564 0.0710267 0.1338909 0.1832764 0.1808478 0.1802233 0.1657357 0.1818547 0.1469012 0.1149461 0.1469012 0.1618629 0.1665688 0.1512198 0.2010168 0.1512198 0.1643314 
S1177         0.5442175 0.5617600 0.1064588 0.1562660 0.1144299 0.4202397 0.1038857 0.1100874 0.1140726 0.0875416 0.1401832 0.0966949 0.2239131 0.1499061 0.2234735 0.0895091 0.2391706 0.1584361 0.0863471 0.1157811 0.1165670 0.1467518 0.2028588 0.1652569 0.2449943 0.1138957 0.0169333 0.0256788 0.2230084 0.1119197 0.1522984 0.0453818 0.1065460 0.1500504 0.0000000 0.1288872 0.1202974 0.1138957 0.1493325 0.1288654 0.2337034 0.0989829 0.2357422 0.1019456 0.0963957 0.1019456 0.1140726 0.0084923 0.0449263 0.1446508 0.0449263 0.1017834 
S1187sl       0.5083327 0.6447499 0.1603378 0.1838735 0.1532303 0.4355447 0.1752285 0.1493322 0.1527141 0.1328972 0.2060209 0.1214966 0.2076918 0.1843019 0.2193065 0.1061804 0.2207713 0.1759893 0.1096960 0.1552562 0.1566285 0.1800122 0.2174925 0.2424617 0.2144403 0.1525131 0.1539437 0.1261396 0.2420257 0.1542000 0.2300307 0.1570769 0.2365928 0.1803564 0.1288872 0.0000000 0.2107747 0.1525131 0.2570505 0.1706318 0.2126232 0.1346099 0.2319058 0.1385273 0.1342559 0.1385273 0.1527141 0.1438608 0.1551117 0.1897313 0.1551117 0.1405340 
S1201sl       0.5905728 0.7158282 0.0463916 0.1156484 0.1907975 0.4314434 0.1388590 0.1858189 0.1901423 0.1677953 0.0710291 0.1381298 0.1817279 0.1908993 0.2174624 0.0503937 0.2434248 0.2171457 0.1465659 0.1934562 0.1955121 0.2335469 0.1965743 0.1984259 0.2200122 0.1899990 0.1105313 0.1064471 0.1682003 0.1090087 0.0880234 0.1265959 0.1518570 0.0710267 0.1202974 0.2107747 0.0000000 0.1789638 0.1702585 0.2103256 0.2279432 0.1488625 0.2299800 0.1745370 0.1099555 0.1745370 0.1901423 0.1352363 0.1249968 0.2175216 0.1249968 0.2067981 
S1211         0.5445939 0.6898398 0.1280020 0.1660299 0.0180127 0.4033937 0.0197569 0.1234473 0.0179606 0.1398622 0.1037366 0.1159177 0.2135592 0.1462462 0.1871493 0.0939802 0.1900397 0.0722945 0.1154480 0.0181935 0.0182678 0.1549151 0.1633116 0.2170256 0.2354219 0.0179415 0.1138957 0.1238167 0.1942010 0.1351473 0.1556304 0.1109070 0.2150120 0.1338909 0.1138957 0.1525131 0.1789638 0.0000000 0.2580094 0.0278301 0.1976292 0.1553184 0.1994026 0.0088306 0.0205210 0.0088306 0.0179606 0.1279089 0.1096574 0.0383681 0.1096574 0.0274459 
S1223         0.5267972 0.6977503 0.1841116 0.2744420 0.2587070 0.4201766 0.2302552 0.2342992 0.2226898 0.2037985 0.2147847 0.2136140 0.1982600 0.2473471 0.2154104 0.1512166 0.2314744 0.2919344 0.1753547 0.2624537 0.2476060 0.2864770 0.1936250 0.1188750 0.2371667 0.2580094 0.1761487 0.1899393 0.2035520 0.1883948 0.1796261 0.2153547 0.0477051 0.1832764 0.1493325 0.2570505 0.1702585 0.2580094 0.0000000 0.2301145 0.2257782 0.1819363 0.2277738 0.2404084 0.2062942 0.2404084 0.2226898 0.1656529 0.2124412 0.2378337 0.2124412 0.2612281 
S1227         0.5483594 0.6940174 0.1450600 0.1860864 0.0279485 0.4108232 0.0524213 0.1387335 0.0089474 0.1564565 0.1198224 0.1312212 0.2557899 0.1425224 0.2265036 0.1101774 0.2276450 0.0857577 0.1307472 0.0282396 0.0283627 0.1723915 0.1931390 0.2109133 0.2780172 0.0278301 0.1538233 0.1391211 0.2323401 0.1534745 0.2056382 0.1499265 0.1891813 0.1808478 0.1288654 0.1706318 0.2103256 0.0278301 0.2301145 0.0000000 0.2370724 0.1727700 0.2392050 0.0182586 0.0433758 0.0182586 0.0278650 0.1437818 0.1481289 0.0089711 0.1481289 0.0378649 
S1249         0.5457171 0.7020020 0.1891304 0.2262672 0.2300531 0.3007656 0.2256049 0.2426678 0.2292481 0.2316398 0.2390462 0.1768161 0.0000023 0.2265828 0.0000021 0.1195650 0.0000020 0.2676624 0.1677050 0.2334267 0.2363711 0.2826255 0.0000023 0.2065494 0.0392000 0.2292585 0.2337034 0.2465590 0.1330859 0.1790832 0.2303412 0.2394147 0.2057554 0.1802233 0.2337034 0.2126232 0.2279432 0.1976292 0.2257782 0.2370724 0.0000000 0.1963835 0.0000023 0.2121565 0.2350684 0.2121565 0.1948798 0.2548415 0.2359740 0.2452140 0.2359740 0.2150775 
S1251         0.5208012 0.6967864 0.1317258 0.1384611 0.1560110 0.3115368 0.1641301 0.0577286 0.1555088 0.0583151 0.1811058 0.0787487 0.1913897 0.0581925 0.1862941 0.0993827 0.1891135 0.1467665 0.0177414 0.1579866 0.1431706 0.0803516 0.1676447 0.1839167 0.2121521 0.1553184 0.0989829 0.1101332 0.2215115 0.1193226 0.1703646 0.1255641 0.1484662 0.1657357 0.0989829 0.1346099 0.1488625 0.1553184 0.1819363 0.1727700 0.1963835 0.0000000 0.1980841 0.1418808 0.1422614 0.1418808 0.1555088 0.1120277 0.1240989 0.1911778 0.1240989 0.1438335 
S1266sl       0.5517049 0.7538185 0.1908095 0.2068218 0.2321001 0.2829623 0.2276974 0.2448289 0.2312839 0.2337443 0.2412299 0.1783979 0.0000021 0.2285970 0.0000026 0.1207121 0.0000021 0.2701088 0.1691721 0.2355261 0.2385346 0.2851934 0.0000026 0.2083710 0.0395690 0.2313052 0.2357422 0.2487138 0.1511225 0.1808261 0.2323885 0.2415477 0.2075820 0.1818547 0.2357422 0.2319058 0.2299800 0.1994026 0.2277738 0.2392050 0.0000023 0.1980841 0.0000000 0.2140463 0.2373164 0.2140463 0.1966220 0.2570988 0.2380527 0.2474461 0.2380527 0.2169994 
S1370         0.5411803 0.6860022 0.1145590 0.1506730 0.0088646 0.4248458 0.0298332 0.1113746 0.0088390 0.1269657 0.0907552 0.1037356 0.2290309 0.1446173 0.2017245 0.0808144 0.2039607 0.0609840 0.1032704 0.0089518 0.0089862 0.1414699 0.1770723 0.2319614 0.2509080 0.0088306 0.1250964 0.1117286 0.2083104 0.1208428 0.1693493 0.1218681 0.1991258 0.1469012 0.1019456 0.1385273 0.1745370 0.0088306 0.2404084 0.0182586 0.2121565 0.1418808 0.2140463 0.0000000 0.0205210 0.0000010 0.0088390 0.1154157 0.1204817 0.0283128 0.1204817 0.0180127 
S1375         0.4876473 0.5686509 0.0967975 0.1525212 0.0314621 0.3437285 0.0000026 0.1288263 0.0313567 0.1282281 0.0903471 0.0866695 0.2150813 0.1288644 0.2238379 0.0731202 0.2251775 0.0572011 0.1117201 0.0318310 0.0319889 0.1418186 0.1958880 0.2156096 0.2587610 0.0313126 0.0963957 0.0953337 0.1774209 0.0890459 0.1031330 0.1115369 0.1986977 0.1149461 0.0963957 0.1342559 0.1099555 0.0205210 0.2062942 0.0433758 0.2350684 0.1422614 0.2373164 0.0205210 0.0000000 0.0205210 0.0313567 0.1104090 0.1101543 0.0563064 0.1101543 0.0426682 
S1381         0.5411803 0.6860022 0.1145590 0.1506730 0.0088646 0.4248458 0.0298332 0.1113746 0.0088390 0.1269657 0.0907552 0.1037356 0.2290309 0.1446173 0.2017245 0.0808144 0.2039607 0.0609840 0.1032704 0.0089518 0.0089862 0.1414699 0.1770723 0.2319614 0.2509080 0.0088306 0.1250964 0.1117286 0.2083104 0.1208428 0.1693493 0.1218681 0.1991258 0.1469012 0.1019456 0.1385273 0.1745370 0.0088306 0.2404084 0.0182586 0.2121565 0.1418808 0.2140463 0.0000010 0.0205210 0.0000000 0.0088390 0.1154157 0.1204817 0.0283128 0.1204817 0.0180127 
S1460         0.5356198 0.6838914 0.1282056 0.1662306 0.0180323 0.4230742 0.0404842 0.1236302 0.0179799 0.1400565 0.1039202 0.1160991 0.2105454 0.1586126 0.1844520 0.0808144 0.1874453 0.0724141 0.1156292 0.0182133 0.0182877 0.1551061 0.1609337 0.2495254 0.2323237 0.0179606 0.1378756 0.1239999 0.1915446 0.1064011 0.1852270 0.1343636 0.1830023 0.1618629 0.1140726 0.1527141 0.1901423 0.0179606 0.2226898 0.0278650 0.1948798 0.1555088 0.1966220 0.0088390 0.0313567 0.0088390 0.0000000 0.1280988 0.1328070 0.0384207 0.1328070 0.0274788 
S1462         0.5481307 0.5660194 0.1206153 0.1736649 0.1285062 0.4527467 0.1177276 0.1235820 0.1280988 0.1001138 0.1565348 0.1093974 0.2448524 0.1655509 0.2444566 0.1038999 0.2599423 0.1748876 0.0986918 0.1285062 0.1294379 0.1619714 0.2226237 0.1522309 0.2663621 0.1279089 0.0260734 0.0351532 0.2427007 0.1119197 0.1668201 0.0554123 0.1206763 0.1665688 0.0084923 0.1438608 0.1352363 0.1279089 0.1656529 0.1437818 0.2548415 0.1120277 0.2570988 0.1154157 0.1104090 0.1154157 0.1280988 0.0000000 0.0554123 0.1605146 0.0554123 0.1152357 
S1498         0.5078719 0.5247223 0.1315768 0.1863536 0.1332134 0.4275276 0.1060149 0.1301443 0.1328070 0.1115097 0.1607747 0.1091664 0.2260852 0.1672378 0.2256449 0.1153783 0.2414453 0.1643313 0.1222073 0.1347795 0.1357591 0.1756161 0.2047346 0.2013678 0.2473809 0.1326225 0.0263353 0.0350306 0.2250455 0.1127008 0.1688251 0.0000010 0.1621756 0.1512198 0.0449263 0.1551117 0.1249968 0.1096574 0.2124412 0.1481289 0.2359740 0.1240989 0.2380527 0.1204817 0.1101543 0.1204817 0.1328070 0.0554123 0.0000000 0.1644926 0.0000010 0.1203047 
S_670         0.5866482 0.6538255 0.1630115 0.2072369 0.0385390 0.4226922 0.0652193 0.1548655 0.0184907 0.1739988 0.1368085 0.1473726 0.2646568 0.1592571 0.2345116 0.1273957 0.2352956 0.0726702 0.1469033 0.0389559 0.0391378 0.1908525 0.1999525 0.2181400 0.2871266 0.0383681 0.1708417 0.1552629 0.2401242 0.1728484 0.2272040 0.1665590 0.1956519 0.2010168 0.1446508 0.1897313 0.2175216 0.0383681 0.2378337 0.0089711 0.2452140 0.1911778 0.2474461 0.0283128 0.0563064 0.0283128 0.0384207 0.1605146 0.1644926 0.0000000 0.1644926 0.0489574 
SRR11470320   0.5078719 0.5247223 0.1315768 0.1863536 0.1332134 0.4275276 0.1060149 0.1301443 0.1328070 0.1115097 0.1607747 0.1091664 0.2260852 0.1672378 0.2256449 0.1153783 0.2414453 0.1643313 0.1222073 0.1347795 0.1357591 0.1756161 0.2047346 0.2013678 0.2473809 0.1326225 0.0263353 0.0350306 0.2250455 0.1127008 0.1688251 0.0000010 0.1621756 0.1512198 0.0449263 0.1551117 0.1249968 0.1096574 0.2124412 0.1481289 0.2359740 0.1240989 0.2380527 0.1204817 0.1101543 0.1204817 0.1328070 0.0554123 0.0000010 0.1644926 0.0000000 0.1203047 
SRR8528357    0.5789978 0.6909246 0.1425320 0.1827409 0.0275598 0.4293363 0.0404254 0.1128823 0.0274788 0.1287201 0.1176979 0.1051837 0.2322066 0.1466437 0.2046028 0.1081505 0.2067199 0.0618629 0.1047130 0.0278423 0.0279626 0.1434199 0.1796443 0.2687435 0.2541505 0.0274459 0.1249114 0.1115567 0.2427413 0.1358499 0.2020965 0.1216882 0.2322539 0.1643314 0.1017834 0.1405340 0.2067981 0.0274459 0.2612281 0.0378649 0.2150775 0.1438335 0.2169994 0.0180127 0.0426682 0.0180127 0.0274788 0.1152357 0.1203047 0.0489574 0.1203047 0.0000000 
