119
CRNC          0.0000000 0.2351396 0.3560303 0.3065513 0.3314902 0.3759184 0.3716341 0.3041943 0.3868275 0.3339957 0.3263405 0.3297907 0.3511562 0.3329667 0.3358982 0.2944979 0.3596346 0.3369141 0.3627199 0.3430327 0.3172773 0.3153037 0.3403601 0.3388892 0.3332894 0.3664322 0.2797530 0.3274809 0.3451233 0.3699029 0.3420943 0.3470597 0.3565116 0.2878925 0.3440215 0.3079703 0.3660514 0.3323473 0.3409079 0.3214358 0.3506075 0.3364269 0.3414399 0.3649031 0.3429824 0.3499027 0.3805620 0.3222925 0.3631778 0.3650082 0.3137319 0.3414781 0.3313994 0.3448971 0.3407583 0.3395374 0.3458038 0.3245529 0.3416987 0.3143348 0.3444613 0.3286372 0.3625971 0.3400587 0.2939111 0.3287948 0.3066467 0.3122899 0.3086999 0.3856557 0.3379973 0.3608382 0.3635181 0.3293843 0.3584909 0.3434271 0.3691550 0.3448971 0.3594836 0.2769451 0.3574133 0.3162410 0.3524974 0.3455175 0.3340443 0.3630016 0.3450198 0.3532360 0.2976540 0.3532880 0.3295817 0.3272963 0.3653214 0.3396656 0.3260910 0.3567901 0.3600016 0.3457483 0.3665190 0.3065216 0.3260334 0.3175194 0.3499124 0.3354707 0.3109375 0.3331116 0.3105464 0.3282108 0.3418581 0.3253851 0.3485223 0.3376125 0.3400449 0.4175540 0.3938432 0.3379495 0.3260459 0.3720510 0.3405657 
HYZL          0.2351396 0.0000000 0.1578765 0.2809194 0.3956356 0.3411814 0.2876938 0.2925906 0.3337467 0.3177240 0.2903339 0.3021518 0.3066107 0.3167485 0.2823969 0.3065937 0.3188417 0.2915338 0.3267436 0.3139324 0.2759105 0.2571500 0.2986430 0.2827959 0.2969456 0.3294018 0.2756769 0.3033787 0.3004427 0.3323764 0.2933992 0.2946679 0.3082428 0.2988325 0.3118822 0.2734450 0.3352281 0.2976888 0.2951858 0.3144697 0.3408136 0.3023639 0.3243671 0.3089473 0.3039126 0.3099471 0.3270512 0.3487236 0.3170080 0.3217647 0.3031388 0.2924497 0.2956510 0.3002825 0.2962287 0.2991757 0.3157780 0.3031416 0.3539998 0.2802969 0.3175423 0.2847385 0.3091134 0.3197512 0.2830292 0.2942783 0.3029697 0.3002521 0.3046667 0.3064478 0.3311282 0.2697246 0.3171439 0.3043382 0.3266035 0.3161394 0.3023146 0.3002825 0.3011783 0.2788863 0.3165054 0.3006987 0.3216912 0.3079369 0.3104375 0.3040526 0.3085236 0.3283280 0.2749944 0.3230519 0.2881258 0.2886342 0.2987051 0.3133879 0.3049007 0.2845070 0.3007228 0.3007656 0.3249038 0.3046871 0.2883311 0.3013939 0.3128089 0.2988378 0.3007461 0.3002352 0.2556479 0.3126934 0.3192998 0.2887568 0.3202371 0.2867999 0.2956256 0.3694957 0.3111842 0.3218443 0.2905210 0.3030589 0.2846194 
MYZV          0.3560303 0.1578765 0.0000000 0.3898298 0.5660221 0.4451962 0.4340384 0.3959498 0.4995266 0.4042556 0.4234257 0.4262798 0.4013977 0.4268563 0.3930040 0.4269341 0.4300917 0.3952978 0.4109069 0.4303824 0.4154260 0.3752020 0.4465180 0.4185896 0.4274476 0.4318633 0.3902252 0.4032126 0.4233316 0.4686766 0.4011570 0.3941985 0.4259602 0.4362253 0.4106154 0.4020794 0.4511327 0.4065438 0.4154024 0.4472455 0.4385606 0.4078522 0.4198035 0.4501877 0.4369245 0.4185417 0.4410049 0.4754490 0.4221240 0.4740288 0.4412268 0.4142517 0.4175053 0.4229608 0.4183640 0.4391328 0.4478264 0.4146564 0.4713220 0.3893431 0.4327279 0.3951533 0.4188868 0.4300628 0.4267776 0.4277621 0.4375453 0.4281844 0.4212973 0.4263240 0.4439468 0.4097199 0.4469188 0.4241321 0.4579290 0.4407961 0.4136367 0.4229608 0.4243108 0.3644648 0.4386248 0.4092964 0.4508878 0.4183758 0.4332066 0.4288921 0.4222420 0.4526557 0.4119677 0.4196853 0.3976511 0.4000701 0.4052407 0.4329114 0.4087121 0.3917044 0.4156413 0.4015065 0.4421993 0.4250421 0.4400626 0.4275359 0.4288663 0.4238379 0.4059365 0.4000575 0.3335197 0.4303003 0.4469877 0.4200892 0.4313138 0.4128680 0.4173785 0.5025831 0.4319439 0.3977164 0.4112100 0.4281589 0.4142826 
SRR6441723    0.3065513 0.2809194 0.3898298 0.0000000 0.0243574 0.0935627 0.1912869 0.0592293 0.0686137 0.0829116 0.0673957 0.0639361 0.0811468 0.0327940 0.0711788 0.0694335 0.0763138 0.0905016 0.0797453 0.0738666 0.0384814 0.0345974 0.0659925 0.0638897 0.0548536 0.0727769 0.0534150 0.0593587 0.0730110 0.0774341 0.0412905 0.0753761 0.0768871 0.0583250 0.0557946 0.0742712 0.0816063 0.0618570 0.0554294 0.0575810 0.0826789 0.0555424 0.0649033 0.0456302 0.0785121 0.0851265 0.0946923 0.1033273 0.0822834 0.0700987 0.0530009 0.0702605 0.0691232 0.0700035 0.0642534 0.0825942 0.0792335 0.0645603 0.0769975 0.0488549 0.0711269 0.0445969 0.0565285 0.0647304 0.0474940 0.0489019 0.0500429 0.0498162 0.0601254 0.0891367 0.1086036 0.0409467 0.0801244 0.0789886 0.0616683 0.0613967 0.0883804 0.0700035 0.0820233 0.0616520 0.0618870 0.0327751 0.0734444 0.0693853 0.0438457 0.0825503 0.0572506 0.0768791 0.0274068 0.0849651 0.0602871 0.0581565 0.0818435 0.0645062 0.0739092 0.0719854 0.0827262 0.0751650 0.0663806 0.0607845 0.0259133 0.0324150 0.0577307 0.0497756 0.0552563 0.0382249 0.0483124 0.0702749 0.0410820 0.0305696 0.0575202 0.0618384 0.0729747 0.0794460 0.0890453 0.0802623 0.0548803 0.0767488 0.0553249 
ERR4210213    0.3314902 0.3956356 0.5660221 0.0243574 0.0000000 0.0496288 0.3543303 0.0677591 1.6004400 0.0514494 0.0547914 0.0641569 0.0514066 0.0245952 0.0000010 0.0388169 0.0514494 0.0805832 0.0666665 0.0386262 0.0240407 0.0000010 0.0662739 0.0780487 0.0641569 0.0378094 1.6004400 0.0247161 0.0837803 0.0512174 0.0402051 0.0670359 0.0514066 0.0513559 0.0509941 0.0672438 0.0661424 0.0378094 0.0672084 0.0641569 0.0378094 0.0378094 0.0673199 0.0278110 0.0692778 0.0808979 0.1618356 0.0795533 0.0661424 0.0641569 0.0376967 0.0837803 0.0641569 0.0837803 0.0837803 0.0818987 0.0672438 0.0522139 0.0671479 0.0384340 0.0667600 0.0125106 0.0947911 0.0672438 0.0246098 0.0369782 0.0518395 0.0512421 0.0397448 0.0662998 0.1608385 0.0651268 0.0519070 0.0966845 0.0513559 0.0376967 0.1244182 0.0837803 0.1236311 0.0000010 0.0243105 0.0371532 0.0519070 0.0374416 0.0243105 0.1236311 0.0784284 0.0372296 0.0509941 0.0666005 0.0514066 0.0522695 0.0964312 0.0522139 0.0655819 0.0998984 0.0811003 0.0661424 0.0954533 0.0806950 0.0405593 0.0243241 0.0952059 0.0641569 0.0662070 0.0119296 0.0396305 0.0522139 0.0247121 0.0392725 0.0514494 0.0243105 0.0837803 0.0746327 0.0671024 0.0814209 0.0641569 0.0526097 0.0371786 
ERR2789774    0.3759184 0.3411814 0.4451962 0.0935627 0.0496288 0.0000000 0.2534484 0.0662712 0.1120714 0.0978191 0.0966387 0.0562017 0.1067161 0.0967346 0.0929874 0.1106914 0.1021251 0.1110331 0.1019276 0.1023294 0.1000108 0.0942380 0.0995704 0.0689751 0.0502999 0.1049854 0.0861976 0.0934283 0.1103264 0.1055086 0.0590615 0.0999300 0.1016731 0.1148661 0.0817776 0.0942100 0.1055733 0.0863858 0.0681100 0.0656666 0.1050741 0.0833960 0.0965649 0.0550253 0.1141914 0.1139862 0.1433459 0.1283600 0.1042550 0.0561740 0.0979505 0.1073832 0.0532051 0.1069390 0.1039109 0.1298551 0.1174020 0.0991131 0.1028984 0.0761518 0.0932832 0.0858014 0.0898173 0.0783435 0.0991076 0.0960681 0.1057572 0.1047312 0.0975706 0.1170619 0.1599588 0.0870720 0.1093122 0.1005877 0.1058454 0.1052055 0.1319198 0.1069390 0.1314933 0.0629119 0.0914116 0.0938199 0.0993839 0.0840747 0.1074537 0.1324366 0.0527505 0.1096516 0.0773947 0.1187547 0.0854067 0.0834017 0.1173745 0.0923492 0.1030307 0.0932847 0.1116150 0.0996344 0.0619250 0.0942134 0.1010692 0.0830955 0.0529750 0.0477761 0.0624346 0.0969370 0.0741823 0.0987423 0.1073695 0.0917488 0.0795129 0.0929672 0.1102633 0.1077180 0.1169383 0.1032787 0.0503253 0.1036350 0.0881465 
PAFTOL_019361 0.3716341 0.2876938 0.4340384 0.1912869 0.3543303 0.2534484 0.0000000 0.1803894 0.1720816 0.2158526 0.2162197 0.1975534 0.2079262 0.1781681 0.1497138 0.2100517 0.2050275 0.2238983 0.1984331 0.2122443 0.2214845 0.2183175 0.1945669 0.2013504 0.1878766 0.2082308 0.1736290 0.1742794 0.2025771 0.2069382 0.1706788 0.2212253 0.2215972 0.1951767 0.1809585 0.2138110 0.2376596 0.1932419 0.2076286 0.1889434 0.2185450 0.1887127 0.1986613 0.1692633 0.1981969 0.2366102 0.2119346 0.2127119 0.2333778 0.2219354 0.1825255 0.2046344 0.2080615 0.2071490 0.2025771 0.2082593 0.2074976 0.1987117 0.2283331 0.1739035 0.1982826 0.1897685 0.1562661 0.2291174 0.1806397 0.1603033 0.1838428 0.1785339 0.2028379 0.2317469 0.2053718 0.2020667 0.2545405 0.2254186 0.1807216 0.1919599 0.2015397 0.2025771 0.1780380 0.1411772 0.1881956 0.2012759 0.2515005 0.2080688 0.1899928 0.1754283 0.1881189 0.1952470 0.1600096 0.2199367 0.1765163 0.1753805 0.2362089 0.2026868 0.2036840 0.2083374 0.2393617 0.2204391 0.1949252 0.2034018 0.1982464 0.1752799 0.1860029 0.1777792 0.1725801 0.1932610 0.1678744 0.1976020 0.1839344 0.1639153 0.1935217 0.1804453 0.2116614 0.2083518 0.2361819 0.1946815 0.1865130 0.2184473 0.1709765 
S0055         0.3041943 0.2925906 0.3959498 0.0592293 0.0677591 0.0662712 0.1803894 0.0000000 0.0552319 0.0688469 0.0618189 0.0421144 0.0708592 0.0563443 0.0503246 0.0642109 0.0632394 0.0817573 0.0694434 0.0602750 0.0747833 0.0745556 0.0619565 0.0539547 0.0362706 0.0716600 0.0366374 0.0547831 0.0685579 0.0634558 0.0394482 0.0644413 0.0696253 0.0656017 0.0601481 0.0618735 0.0694895 0.0571381 0.0419697 0.0418382 0.0754717 0.0476971 0.0543206 0.0391896 0.0737081 0.0803150 0.1011239 0.0776051 0.0711936 0.0507827 0.0625248 0.0657688 0.0445494 0.0655265 0.0627102 0.0783432 0.0748249 0.0572659 0.0731668 0.0411304 0.0574704 0.0458372 0.0581617 0.0571337 0.0543204 0.0499660 0.0568754 0.0536813 0.0522941 0.0722382 0.1010122 0.0532322 0.0832302 0.0704912 0.0542696 0.0511601 0.0874716 0.0655265 0.0807828 0.0446455 0.0592371 0.0595301 0.0763526 0.0537897 0.0686638 0.0813115 0.0387222 0.0543396 0.0446513 0.0780722 0.0496200 0.0473617 0.0834535 0.0571228 0.0666193 0.0611897 0.0747528 0.0642601 0.0443647 0.0593090 0.0708794 0.0444539 0.0390382 0.0311740 0.0049307 0.0532815 0.0409992 0.0570512 0.0715580 0.0513335 0.0594385 0.0484196 0.0685241 0.0696605 0.0724193 0.0634044 0.0362913 0.0662722 0.0449011 
S0196sl       0.3868275 0.3337467 0.4995266 0.0686137 1.6004400 0.1120714 0.1720816 0.0552319 0.0000000 0.1106056 0.0469927 0.0778543 0.1298926 0.0729933 0.0767304 0.1188496 0.1092579 0.0954814 0.1098979 0.1099277 0.0943032 0.1148340 0.1096785 0.0780691 0.0732299 0.1186864 0.0695890 0.1012867 0.0275501 0.1067932 0.0680988 0.0706852 0.1215607 0.1043058 0.0990136 0.0730358 0.0839515 0.0997804 0.0834014 0.0737115 0.1319947 0.0787174 0.0894955 0.0720820 0.0415159 0.0915631 0.1383088 0.1429381 0.0819988 0.0893992 0.0992810 0.0277146 0.0860814 0.0234582 0.0194281 0.0937561 0.0492156 0.0887171 0.0844562 0.0634826 0.0885563 0.0692127 0.0954518 0.0790302 0.0850347 0.0628519 0.0883226 0.0834283 0.0957595 0.0456790 0.1394783 0.0685609 0.1017488 0.0659666 0.0940960 0.0998699 0.1328115 0.0194281 0.1154355 0.0716349 0.1009956 0.0787371 0.1009267 0.0997393 0.0738173 0.1167155 0.0633791 0.0841543 0.0541617 0.1350467 0.0784431 0.0638665 0.0861792 0.0940201 0.1109735 0.0616439 0.0876518 0.0706852 0.0827846 0.0732311 0.0803224 0.0630292 0.0588239 0.0599880 0.0589914 0.0786138 0.0704253 0.0932397 0.0939291 0.0686740 0.0997199 0.0782216 0.0234541 0.0879126 0.0454029 0.0958566 0.0673789 0.0410135 0.0684626 
S0278         0.3339957 0.3177240 0.4042556 0.0829116 0.0514494 0.0978191 0.2158526 0.0688469 0.1106056 0.0000000 0.0968868 0.0897902 0.0333460 0.0737468 0.0929356 0.1090573 0.0301904 0.1279265 0.0329027 0.0383084 0.0960828 0.1108429 0.1050053 0.0933778 0.0801659 0.0379558 0.0932833 0.0303091 0.0929194 0.0979043 0.0258455 0.0948249 0.0356911 0.0865547 0.1035542 0.0950488 0.1038760 0.0329954 0.0768088 0.0830641 0.0384428 0.0288302 0.0527748 0.0876709 0.0928831 0.1117953 0.1131730 0.1197803 0.1022860 0.1004961 0.0861701 0.0932318 0.0926216 0.0928631 0.0899284 0.0954907 0.0932478 0.0408974 0.0985617 0.0398557 0.0466433 0.0743838 0.0324118 0.0871628 0.0844175 0.0788891 0.0902809 0.0866844 0.0885336 0.0973647 0.1125496 0.0768143 0.1231574 0.1025482 0.0772150 0.0796059 0.1023622 0.0928631 0.0949998 0.0525891 0.0668252 0.0806149 0.1133710 0.0796907 0.0991477 0.0953874 0.0856586 0.0940279 0.0793136 0.0405384 0.0450173 0.0457728 0.1151022 0.0467490 0.0276423 0.0918166 0.1094636 0.0945514 0.0897383 0.0903354 0.0918367 0.0612064 0.0864422 0.0745541 0.0710015 0.0924779 0.0706047 0.0493423 0.0853667 0.0749207 0.0358144 0.0776699 0.0960528 0.0457829 0.0972625 0.0556203 0.0832749 0.0844989 0.0800081 
S0281         0.3263405 0.2903339 0.4234257 0.0673957 0.0547914 0.0966387 0.2162197 0.0618189 0.0469927 0.0968868 0.0000000 0.0661379 0.0999327 0.0741983 0.0740765 0.0836673 0.0906926 0.0877195 0.0944481 0.0881952 0.0811665 0.1183198 0.0888421 0.0766062 0.0609589 0.0977561 0.0755727 0.0891969 0.0287427 0.0881123 0.0679575 0.0655092 0.0886970 0.0666770 0.0817685 0.0534032 0.0773963 0.0883436 0.0709251 0.0709721 0.1051679 0.0687000 0.0853764 0.0557350 0.0438793 0.0819103 0.1310808 0.1174606 0.0726035 0.0738854 0.0692826 0.0288563 0.0752163 0.0233367 0.0233824 0.0807826 0.0398687 0.0778499 0.0742132 0.0613734 0.0815995 0.0598141 0.0910157 0.0545891 0.0648481 0.0669181 0.0673591 0.0675898 0.0800851 0.0641708 0.1139080 0.0709171 0.0877002 0.0647572 0.0781097 0.0713661 0.1122738 0.0260173 0.1002428 0.0751702 0.0867080 0.0651788 0.0807972 0.0906146 0.0720534 0.1013223 0.0665306 0.0884692 0.0613925 0.0936786 0.0736690 0.0680426 0.0818029 0.0713777 0.0875654 0.0504407 0.0794166 0.0655094 0.0764759 0.0564572 0.0802171 0.0641361 0.0668344 0.0583773 0.0611120 0.0712901 0.0737298 0.0741624 0.0844206 0.0619224 0.0859965 0.0787210 0.0260173 0.1108268 0.0641037 0.0957167 0.0601992 0.0488466 0.0681598 
S0282         0.3297907 0.3021518 0.4262798 0.0639361 0.0641569 0.0562017 0.1975534 0.0421144 0.0778543 0.0897902 0.0661379 0.0000000 0.0872337 0.0610679 0.0349030 0.0729212 0.0834627 0.0812302 0.0901778 0.0836206 0.0795194 0.0881998 0.0639528 0.0224320 0.0122673 0.0861990 0.0472894 0.0751568 0.0727649 0.0621390 0.0550120 0.0747288 0.0831235 0.0767960 0.0533786 0.0815929 0.0810103 0.0716286 0.0303870 0.0201068 0.0869625 0.0647351 0.0748015 0.0098935 0.0782366 0.0906332 0.1084552 0.0891044 0.0815716 0.0279215 0.0708083 0.0700242 0.0195307 0.0697690 0.0669962 0.0898460 0.0789626 0.0744047 0.0814086 0.0554596 0.0716219 0.0564071 0.0651541 0.0652072 0.0595599 0.0606836 0.0710514 0.0677141 0.0575101 0.0847558 0.1189678 0.0637871 0.0846216 0.0825751 0.0744127 0.0680223 0.0982963 0.0697690 0.0949045 0.0715352 0.0769607 0.0668699 0.0778993 0.0701296 0.0732351 0.0958698 0.0146732 0.0802027 0.0439100 0.0989819 0.0641130 0.0619867 0.0937614 0.0742074 0.0841562 0.0787807 0.0882667 0.0745211 0.0224312 0.0646886 0.0695307 0.0547186 0.0173193 0.0123946 0.0386016 0.0669554 0.0637758 0.0741309 0.0762319 0.0559545 0.0714783 0.0682082 0.0727292 0.0929675 0.0846702 0.0843667 0.0072008 0.0726574 0.0585440 
S0289         0.3511562 0.3066107 0.4013977 0.0811468 0.0514066 0.1067161 0.2079262 0.0708592 0.1298926 0.0333460 0.0999327 0.0872337 0.0000000 0.0780826 0.0893880 0.1055882 0.0226206 0.1265943 0.0307029 0.0308555 0.1047347 0.0883963 0.1031142 0.0874673 0.0710305 0.0249338 0.0924708 0.0254911 0.0978126 0.0891155 0.0261816 0.1035888 0.0197981 0.0848661 0.0951214 0.1000845 0.1176844 0.0254851 0.0711044 0.0813001 0.0362788 0.0206066 0.0476022 0.0921587 0.1046155 0.1212632 0.1094232 0.1150905 0.1114321 0.0944651 0.0914717 0.0981541 0.0867585 0.0977548 0.0947493 0.0875758 0.1046110 0.0361649 0.1035194 0.0376287 0.0416502 0.0725133 0.0178174 0.0955219 0.0785309 0.0680666 0.0845758 0.0810253 0.0839780 0.0941536 0.1139010 0.0810865 0.1218324 0.1083857 0.0877353 0.0810214 0.0987669 0.0977548 0.0991222 0.0446689 0.0688361 0.0788116 0.1118684 0.0780732 0.0936617 0.1001449 0.0798964 0.0920241 0.0716681 0.0303877 0.0428601 0.0434813 0.1246938 0.0446528 0.0254004 0.0934491 0.1149781 0.1032814 0.0869276 0.0961193 0.0834151 0.0651718 0.0775192 0.0688180 0.0633751 0.0908182 0.0652726 0.0472778 0.0836395 0.0759005 0.0334533 0.0793897 0.1010326 0.0454651 0.0940548 0.0595937 0.0774905 0.0813660 0.0782059 
S0292         0.3329667 0.3167485 0.4268563 0.0327940 0.0245952 0.0967346 0.1781681 0.0563443 0.0729933 0.0737468 0.0741983 0.0610679 0.0780826 0.0000000 0.0599797 0.0782464 0.0673376 0.0899733 0.0706518 0.0708933 0.0523079 0.0591966 0.0724046 0.0668774 0.0520658 0.0758531 0.0533084 0.0564625 0.0700711 0.0683278 0.0412495 0.0847561 0.0738936 0.0612749 0.0671250 0.0736218 0.0960602 0.0589650 0.0526120 0.0547826 0.0796575 0.0553040 0.0679480 0.0493480 0.0754491 0.0947749 0.0851980 0.1002263 0.0919088 0.0671730 0.0501791 0.0673287 0.0662476 0.0670842 0.0643132 0.0675770 0.0762469 0.0616583 0.0707691 0.0518287 0.0648543 0.0390489 0.0646651 0.0677637 0.0446988 0.0461734 0.0500854 0.0442879 0.0628131 0.0860691 0.1052182 0.0491709 0.0771086 0.0888489 0.0646685 0.0585267 0.0885421 0.0670842 0.0788948 0.0569053 0.0589984 0.0380585 0.0703784 0.0638938 0.0356951 0.0793995 0.0544671 0.0735429 0.0248297 0.0852719 0.0603258 0.0581933 0.0979569 0.0615047 0.0709297 0.0750042 0.0924016 0.0845161 0.0635137 0.0545921 0.0424795 0.0145827 0.0549213 0.0469938 0.0524463 0.0302329 0.0514858 0.0673422 0.0198782 0.0175149 0.0638795 0.0645614 0.0700369 0.0833853 0.0857674 0.0741513 0.0520923 0.0737589 0.0522663 
S0293         0.3358982 0.2823969 0.3930040 0.0711788 0.0000010 0.0929874 0.1497138 0.0503246 0.0767304 0.0929356 0.0740765 0.0349030 0.0893880 0.0599797 0.0000000 0.0902072 0.0841437 0.0981051 0.0844467 0.0885115 0.0833860 0.0864623 0.0632871 0.0349778 0.0285563 0.0916015 0.0503368 0.0777341 0.0737171 0.0692953 0.0466845 0.0924896 0.0800039 0.0797628 0.0682696 0.0901198 0.1028009 0.0731420 0.0387017 0.0459389 0.0886468 0.0686679 0.0843624 0.0224819 0.0842571 0.1097154 0.0994136 0.1031544 0.1020688 0.0533235 0.0723469 0.0703152 0.0411633 0.0699973 0.0665599 0.0838075 0.0855984 0.0763160 0.0971204 0.0677585 0.0804604 0.0569666 0.0631355 0.0836986 0.0692897 0.0563037 0.0685664 0.0646150 0.0772915 0.0781620 0.1263076 0.0527400 0.1017520 0.0901581 0.0724290 0.0725079 0.0993815 0.0699973 0.0998669 0.0750689 0.0774183 0.0786665 0.0935445 0.0758631 0.0644774 0.0967736 0.0315959 0.0888375 0.0421081 0.0993314 0.0753348 0.0763188 0.1095359 0.0797971 0.0811206 0.0814705 0.1067265 0.0924896 0.0318026 0.0683002 0.0772970 0.0522317 0.0317858 0.0256033 0.0424797 0.0639876 0.0708053 0.0875557 0.0789781 0.0459154 0.0647570 0.0846200 0.0736722 0.0761551 0.0778261 0.0890654 0.0248021 0.0740287 0.0679843 
S0294         0.2944979 0.3065937 0.4269341 0.0694335 0.0388169 0.1106914 0.2100517 0.0642109 0.1188496 0.1090573 0.0836673 0.0729212 0.1055882 0.0782464 0.0902072 0.0000000 0.0997435 0.1115335 0.1032217 0.0937073 0.0814469 0.1162474 0.0677421 0.0823158 0.0662048 0.1054455 0.0677396 0.0969670 0.0922312 0.0731164 0.0813981 0.1055598 0.0970286 0.0781968 0.0601914 0.0901767 0.1292665 0.0836566 0.0731481 0.0624253 0.1099944 0.0809219 0.0855928 0.0679013 0.0948869 0.1236242 0.1269313 0.0847163 0.1135924 0.0827582 0.0919865 0.0893004 0.0814963 0.0889423 0.0859543 0.1025442 0.0990721 0.0865862 0.0999781 0.0763815 0.0907511 0.0672300 0.1054998 0.0930051 0.0763742 0.0686489 0.0893108 0.0856467 0.0286645 0.1090849 0.1345619 0.0750109 0.1107207 0.0993572 0.0832709 0.0788035 0.1158630 0.0889423 0.1016815 0.0887604 0.0923614 0.0783091 0.1037354 0.0788945 0.0916046 0.1023830 0.0686889 0.0932007 0.0624356 0.1160999 0.0856506 0.0836458 0.1271287 0.0893329 0.1034902 0.0981815 0.1137916 0.1052404 0.0785955 0.0880799 0.0815543 0.0712403 0.0691320 0.0608773 0.0663863 0.0714904 0.0624851 0.0926295 0.0823504 0.0732023 0.0987717 0.0801034 0.0921809 0.1132606 0.1130469 0.1072893 0.0662373 0.0995698 0.0696947 
S0299         0.3596346 0.3188417 0.4300917 0.0763138 0.0514494 0.1021251 0.2050275 0.0632394 0.1092579 0.0301904 0.0906926 0.0834627 0.0226206 0.0673376 0.0841437 0.0997435 0.0000000 0.1087214 0.0249562 0.0249974 0.0990979 0.0954546 0.1011513 0.0802284 0.0706143 0.0221464 0.0817241 0.0250995 0.0891789 0.0842419 0.0197710 0.0945564 0.0250454 0.0830327 0.0934531 0.1023394 0.0998359 0.0172746 0.0673819 0.0764591 0.0357312 0.0206728 0.0468499 0.0825673 0.0954417 0.1114761 0.1198952 0.1158270 0.1019931 0.0862339 0.0862693 0.0894721 0.0827235 0.0891236 0.0862194 0.0854492 0.0989679 0.0301332 0.0944923 0.0342810 0.0382894 0.0679175 0.0104232 0.0869195 0.0746853 0.0636726 0.0834466 0.0799498 0.0757826 0.0935233 0.1192151 0.0762601 0.1119821 0.0954154 0.0826814 0.0761959 0.1088591 0.0891236 0.1051042 0.0309917 0.0705834 0.0766928 0.1021307 0.0733354 0.0891870 0.1058124 0.0760210 0.0870832 0.0730019 0.0299552 0.0394279 0.0399887 0.1147729 0.0409917 0.0276285 0.0880860 0.1054032 0.0942845 0.0828800 0.0871932 0.0848705 0.0551173 0.0766994 0.0651049 0.0590897 0.0856704 0.0582019 0.0435541 0.0787598 0.0683939 0.0271325 0.0745424 0.0922715 0.0385110 0.0934258 0.0554481 0.0736321 0.0808302 0.0734540 
S0308         0.3369141 0.2915338 0.3952978 0.0905016 0.0805832 0.1110331 0.2238983 0.0817573 0.0954814 0.1279265 0.0877195 0.0812302 0.1265943 0.0899733 0.0981051 0.1115335 0.1087214 0.0000000 0.1152663 0.1133436 0.0975429 0.1058426 0.0997134 0.0844932 0.0703351 0.1224291 0.0962579 0.1025888 0.0862692 0.0969001 0.0700405 0.0560240 0.1170223 0.1151025 0.0849295 0.0501498 0.0522853 0.0988106 0.0916272 0.0668248 0.1110463 0.0889688 0.1022413 0.0736417 0.0877109 0.0621270 0.1408305 0.1214600 0.0592856 0.0923416 0.1047185 0.0861395 0.0870201 0.0896283 0.0865278 0.1147619 0.0920226 0.0987024 0.0656104 0.0797967 0.0925634 0.0734537 0.0877671 0.0726439 0.0844222 0.0850821 0.0976735 0.0937416 0.0861438 0.0967682 0.1482394 0.0863943 0.0567341 0.0493266 0.1074240 0.1008745 0.1283015 0.0896283 0.1167352 0.0776351 0.1154292 0.0800819 0.0551577 0.0924658 0.0876920 0.1175867 0.0796904 0.0976792 0.0798930 0.1267969 0.0897233 0.0841637 0.0589831 0.0915878 0.1055828 0.0442483 0.0594635 0.0558661 0.0803290 0.0446643 0.0897806 0.0827673 0.0838328 0.0744387 0.0731069 0.0819426 0.0791901 0.0983136 0.0975197 0.0885396 0.0839207 0.0779728 0.0929914 0.1315369 0.0970294 0.1087939 0.0771192 0.0835678 0.0769768 
S0320         0.3627199 0.3267436 0.4109069 0.0797453 0.0666665 0.1019276 0.1984331 0.0694434 0.1098979 0.0329027 0.0944481 0.0901778 0.0307029 0.0706518 0.0844467 0.1032217 0.0249562 0.1152663 0.0000000 0.0329356 0.1028650 0.1106583 0.1043663 0.0900960 0.0770088 0.0326341 0.0903106 0.0330945 0.0891023 0.0908192 0.0198366 0.0972511 0.0303488 0.0798249 0.0894029 0.1022009 0.1103104 0.0276952 0.0736889 0.0767353 0.0330495 0.0288032 0.0441562 0.0869868 0.0920889 0.1141867 0.1239756 0.1125835 0.1047169 0.0971266 0.0800312 0.0893949 0.0893683 0.0890472 0.0861482 0.0853808 0.0988690 0.0300338 0.0944032 0.0371172 0.0353817 0.0652262 0.0249246 0.0895767 0.0776077 0.0669205 0.0802173 0.0767664 0.0854487 0.0973354 0.1156346 0.0796881 0.1147038 0.1054005 0.0794907 0.0730782 0.1127577 0.0890472 0.1089347 0.0393084 0.0678987 0.0772694 0.1049361 0.0730459 0.0958385 0.1093943 0.0824811 0.0844672 0.0761922 0.0351928 0.0422807 0.0429900 0.1174824 0.0382416 0.0303916 0.0836518 0.1050736 0.0969721 0.0864964 0.0899440 0.0885118 0.0582436 0.0801234 0.0714230 0.0618017 0.0859881 0.0607600 0.0407923 0.0760765 0.0653038 0.0269429 0.0690714 0.0921882 0.0421093 0.1004899 0.0584525 0.0800922 0.0807696 0.0708825 
S0327         0.3430327 0.3139324 0.4303824 0.0738666 0.0386262 0.1023294 0.2122443 0.0602750 0.1099277 0.0383084 0.0881952 0.0836206 0.0308555 0.0708933 0.0885115 0.0937073 0.0249974 0.1133436 0.0329356 0.0000000 0.0966140 0.1047098 0.0948474 0.0760949 0.0707446 0.0299714 0.0866123 0.0304760 0.0835919 0.0820742 0.0226898 0.0888156 0.0277419 0.0805649 0.0876442 0.0996843 0.0961259 0.0224719 0.0647118 0.0735970 0.0331398 0.0207388 0.0498015 0.0872331 0.0962610 0.1055702 0.1236370 0.1098459 0.0961356 0.0903847 0.0837963 0.0870745 0.0828787 0.0835374 0.0806448 0.0861676 0.0997898 0.0328715 0.0952963 0.0286349 0.0329034 0.0624753 0.0174616 0.0876588 0.0721950 0.0642206 0.0809652 0.0774794 0.0697565 0.0911058 0.1211671 0.0738147 0.1089066 0.0860650 0.0802245 0.0737500 0.1124628 0.0835374 0.1092400 0.0396305 0.0681333 0.0681665 0.0990164 0.0678037 0.0899368 0.1066530 0.0761613 0.0814617 0.0705637 0.0380087 0.0364766 0.0286060 0.1088436 0.0383842 0.0303511 0.0888428 0.0999775 0.0885606 0.0830352 0.0879611 0.0823518 0.0584511 0.0768423 0.0652249 0.0562051 0.0797007 0.0523539 0.0377728 0.0824638 0.0689434 0.0300710 0.0720594 0.0866599 0.0419050 0.0910104 0.0584996 0.0737690 0.0784182 0.0710018 
S0335         0.3172773 0.2759105 0.4154260 0.0384814 0.0240407 0.1000108 0.2214845 0.0747833 0.0943032 0.0960828 0.0811665 0.0795194 0.1047347 0.0523079 0.0833860 0.0814469 0.0990979 0.0975429 0.1028650 0.0966140 0.0000000 0.0461244 0.0863507 0.0856361 0.0758839 0.1016234 0.0613323 0.0813097 0.0892753 0.0940134 0.0681114 0.0857256 0.0935117 0.0721646 0.0827714 0.0955696 0.0973046 0.0806540 0.0767036 0.0787217 0.1059438 0.0812302 0.0870803 0.0615944 0.0986898 0.0958746 0.1084340 0.1171002 0.0929763 0.0924361 0.0673289 0.0864415 0.0910226 0.0798733 0.0832216 0.0957515 0.1021713 0.0866238 0.0934588 0.0705488 0.0938183 0.0534757 0.0775157 0.0744867 0.0646358 0.0607344 0.0701961 0.0669072 0.0753788 0.1061745 0.1161934 0.0434328 0.1032936 0.0833344 0.0737612 0.0729428 0.1054306 0.0861078 0.0888764 0.0798532 0.0711072 0.0522693 0.0969200 0.0822914 0.0642096 0.0894587 0.0782761 0.0998188 0.0464865 0.1118099 0.0794133 0.0774219 0.0952714 0.0865381 0.0869652 0.0821671 0.0829151 0.0854801 0.0881858 0.0738206 0.0486399 0.0516784 0.0789705 0.0706951 0.0764604 0.0581300 0.0635747 0.0863075 0.0612561 0.0530752 0.0776605 0.0869037 0.0892285 0.1083882 0.1060638 0.1002108 0.0759168 0.0996768 0.0705043 
S0345         0.3153037 0.2571500 0.3752020 0.0345974 0.0000010 0.0942380 0.2183175 0.0745556 0.1148340 0.1108429 0.1183198 0.0881998 0.0883963 0.0591966 0.0864623 0.1162474 0.0954546 0.1058426 0.1106583 0.1047098 0.0461244 0.0000000 0.1178671 0.0744552 0.0650680 0.0941546 0.0654018 0.0685624 0.1092140 0.1150872 0.0645970 0.1114850 0.1022646 0.0729050 0.0795874 0.0926935 0.1133317 0.0740336 0.0661457 0.0874969 0.0854980 0.0785181 0.0985029 0.0788704 0.1229569 0.1216164 0.0805211 0.1199271 0.1297401 0.1028553 0.0597168 0.1016862 0.1071947 0.1017463 0.0944790 0.0872620 0.1267579 0.0877953 0.1192773 0.0658648 0.1033747 0.0797681 0.0796843 0.0936329 0.0407958 0.0662996 0.0399312 0.0466583 0.1003500 0.1252819 0.1276319 0.0585613 0.1237904 0.0938076 0.0736445 0.0680107 0.1023016 0.0944790 0.0877266 0.0674010 0.0835340 0.0412681 0.1159607 0.0944632 0.0794688 0.0890372 0.0649216 0.1024447 0.0402848 0.0934573 0.0735306 0.0679576 0.1129670 0.0953068 0.0816241 0.1130927 0.1208703 0.1114850 0.0856745 0.0781007 0.0410198 0.0647502 0.0591148 0.0543334 0.0665897 0.0805939 0.0424507 0.1178768 0.0868845 0.0594308 0.0750870 0.0959484 0.1090777 0.0923718 0.1242548 0.0996763 0.0727524 0.1090103 0.0795182 
S0376         0.3403601 0.2986430 0.4465180 0.0659925 0.0662739 0.0995704 0.1945669 0.0619565 0.1096785 0.1050053 0.0888421 0.0639528 0.1031142 0.0724046 0.0632871 0.0677421 0.1011513 0.0997134 0.1043663 0.0948474 0.0863507 0.1178671 0.0000000 0.0673116 0.0538214 0.1000895 0.0602562 0.0917965 0.0937433 0.0421958 0.0718292 0.1007617 0.1052221 0.0905890 0.0503139 0.0897489 0.1090172 0.0810620 0.0705400 0.0570214 0.1125727 0.0802257 0.0834566 0.0579820 0.0896749 0.1195243 0.1337798 0.1033235 0.1048540 0.0772401 0.0804228 0.0906711 0.0634603 0.0834987 0.0868925 0.1086036 0.0906972 0.0907891 0.0917870 0.0701857 0.0907055 0.0636903 0.1017704 0.0910764 0.0743114 0.0655480 0.0805171 0.0770251 0.0724527 0.0951361 0.1311843 0.0756467 0.0922774 0.1061992 0.0879039 0.0807194 0.1262132 0.0868925 0.1145490 0.0808984 0.0843258 0.0755897 0.0846379 0.0731953 0.0729180 0.1153926 0.0596788 0.0834403 0.0530185 0.1182521 0.0800360 0.0778769 0.1193512 0.0909450 0.1018234 0.0964724 0.1134102 0.1004436 0.0697349 0.0800853 0.0821446 0.0652656 0.0597332 0.0515222 0.0539592 0.0725680 0.0559906 0.0836258 0.0756221 0.0669311 0.0882121 0.0695338 0.0936897 0.1179159 0.0950289 0.1027074 0.0570989 0.0881027 0.0663803 
S0400         0.3388892 0.2827959 0.4185896 0.0638897 0.0780487 0.0689751 0.2013504 0.0539547 0.0780691 0.0933778 0.0766062 0.0224320 0.0874673 0.0668774 0.0349778 0.0823158 0.0802284 0.0844932 0.0900960 0.0760949 0.0856361 0.0744552 0.0673116 0.0000000 0.0200143 0.0861235 0.0510073 0.0750951 0.0787442 0.0719918 0.0583097 0.0808832 0.0830522 0.0767332 0.0591701 0.0883586 0.0803135 0.0715717 0.0333093 0.0305947 0.0931140 0.0680501 0.0747406 0.0132725 0.0752961 0.0967863 0.1150063 0.1016408 0.0878800 0.0362629 0.0799007 0.0759848 0.0273785 0.0757035 0.0729045 0.0961861 0.0790346 0.0805343 0.0876907 0.0491408 0.0777365 0.0622494 0.0526646 0.0711804 0.0714173 0.0664519 0.0771059 0.0736974 0.0634893 0.0848317 0.1298847 0.0637411 0.0872909 0.0892727 0.0805338 0.0740310 0.1046811 0.0757035 0.1081334 0.0717284 0.0806632 0.0668202 0.0806426 0.0672251 0.0792502 0.1088633 0.0224408 0.0866975 0.0494494 0.0988879 0.0576319 0.0554691 0.1002042 0.0803157 0.0840826 0.0850577 0.0946897 0.0806569 0.0305052 0.0740092 0.0697222 0.0603771 0.0252329 0.0202262 0.0472666 0.0695192 0.0610225 0.0771536 0.0822893 0.0619643 0.0714170 0.0742287 0.0787048 0.0928388 0.0847460 0.0906827 0.0146801 0.0727244 0.0643571 
S0405         0.3332894 0.2969456 0.4274476 0.0548536 0.0641569 0.0502999 0.1878766 0.0362706 0.0732299 0.0801659 0.0609589 0.0122673 0.0710305 0.0520658 0.0285563 0.0662048 0.0706143 0.0703351 0.0770088 0.0707446 0.0758839 0.0650680 0.0538214 0.0200143 0.0000000 0.0700745 0.0396927 0.0624856 0.0612845 0.0559706 0.0447468 0.0750714 0.0670580 0.0613852 0.0444712 0.0705483 0.0848278 0.0591720 0.0223542 0.0123079 0.0765629 0.0522118 0.0622054 0.0099511 0.0724329 0.0910431 0.0943897 0.0851577 0.0819463 0.0199120 0.0643193 0.0644414 0.0146614 0.0642091 0.0614491 0.0730046 0.0702835 0.0618745 0.0654471 0.0432983 0.0591508 0.0443512 0.0565636 0.0617593 0.0500048 0.0517461 0.0554063 0.0523063 0.0454149 0.0730054 0.1119507 0.0547301 0.0652452 0.0721782 0.0581678 0.0554759 0.0847094 0.0642091 0.0879360 0.0481251 0.0675813 0.0576981 0.0614523 0.0576411 0.0607260 0.0885063 0.0071996 0.0647106 0.0354619 0.0824522 0.0516893 0.0494820 0.0941841 0.0617197 0.0711810 0.0628604 0.0886708 0.0748616 0.0097026 0.0519807 0.0537439 0.0459972 0.0097094 0.0024224 0.0302855 0.0577705 0.0514397 0.0616474 0.0634692 0.0471725 0.0609642 0.0530302 0.0671433 0.0756269 0.0729318 0.0713654 0.0048179 0.0611961 0.0439757 
S0407sl       0.3664322 0.3294018 0.4318633 0.0727769 0.0378094 0.1049854 0.2082308 0.0716600 0.1186864 0.0379558 0.0977561 0.0861990 0.0249338 0.0758531 0.0916015 0.1054455 0.0221464 0.1224291 0.0326341 0.0299714 0.1016234 0.0941546 0.1000895 0.0861235 0.0700745 0.0000000 0.0974910 0.0275482 0.0949322 0.0934041 0.0167580 0.1004604 0.0220778 0.0828652 0.0925193 0.1047615 0.1027743 0.0197008 0.0700467 0.0757235 0.0381968 0.0152602 0.0493320 0.0820947 0.1014174 0.1175188 0.1185539 0.1214023 0.1080062 0.0929863 0.0887978 0.0952508 0.0854360 0.0948763 0.0919634 0.0911344 0.1020487 0.0325713 0.1003945 0.0341003 0.0407476 0.0704444 0.0103518 0.0926969 0.0706998 0.0691236 0.0792843 0.0758816 0.0812885 0.0958654 0.1285940 0.0787675 0.1180530 0.1054700 0.0851964 0.0787038 0.1076806 0.0885347 0.1069358 0.0432240 0.0730975 0.0792113 0.1083254 0.0786652 0.0880650 0.1076493 0.0786981 0.0896338 0.0755034 0.0299181 0.0392202 0.0397753 0.1208330 0.0434513 0.0300737 0.0911676 0.1152268 0.1001713 0.0855991 0.0931764 0.0874468 0.0633585 0.0794017 0.0677881 0.0673099 0.0821262 0.0606458 0.0460057 0.0873948 0.0739727 0.0241573 0.0770888 0.0980468 0.0248554 0.0957660 0.0579414 0.0763235 0.0832005 0.0759697 
S0412sl       0.2797530 0.2756769 0.3902252 0.0534150 1.6004400 0.0861976 0.1736290 0.0366374 0.0695890 0.0932833 0.0755727 0.0472894 0.0924708 0.0533084 0.0503368 0.0677396 0.0817241 0.0962579 0.0903106 0.0866123 0.0613323 0.0654018 0.0602562 0.0510073 0.0396927 0.0974910 0.0000000 0.0755122 0.0765187 0.0670500 0.0432801 0.0884550 0.0910341 0.0699026 0.0547266 0.0834085 0.0976408 0.0744496 0.0468687 0.0468935 0.1029718 0.0705656 0.0705118 0.0402419 0.0876417 0.1062268 0.1015432 0.0699812 0.0982922 0.0585462 0.0620035 0.0729814 0.0432664 0.0726370 0.0690595 0.0897057 0.0889509 0.0663213 0.0776892 0.0574176 0.0744716 0.0472653 0.0601359 0.0739172 0.0631195 0.0466825 0.0624509 0.0584895 0.0634200 0.0899522 0.1160898 0.0537341 0.0904806 0.0664440 0.0783211 0.0739588 0.1069009 0.0726370 0.0898276 0.0575710 0.0693003 0.0680854 0.0817048 0.0619458 0.0802606 0.0905911 0.0393212 0.0710114 0.0355685 0.1016396 0.0572569 0.0619558 0.1060469 0.0738585 0.0829795 0.0711045 0.1027477 0.0884550 0.0465826 0.0570595 0.0587734 0.0423066 0.0360738 0.0331924 0.0363015 0.0682832 0.0558704 0.0737609 0.0759719 0.0464654 0.0698380 0.0631057 0.0764699 0.0972466 0.0854547 0.0789202 0.0397216 0.0776618 0.0584416 
S0417         0.3274809 0.3033787 0.4032126 0.0593587 0.0247161 0.0934283 0.1742794 0.0547831 0.1012867 0.0303091 0.0891969 0.0751568 0.0254911 0.0564625 0.0777341 0.0969670 0.0250995 0.1025888 0.0330945 0.0304760 0.0813097 0.0685624 0.0917965 0.0750951 0.0624856 0.0275482 0.0755122 0.0000000 0.0777971 0.0792332 0.0084206 0.0824267 0.0305243 0.0657581 0.0848138 0.0776358 0.0897707 0.0174417 0.0529595 0.0653318 0.0332410 0.0155166 0.0418469 0.0755777 0.0868980 0.0989374 0.1004748 0.1069985 0.0895896 0.0817829 0.0659273 0.0780826 0.0744904 0.0808839 0.0779850 0.0738584 0.0906234 0.0304029 0.0823695 0.0288628 0.0332526 0.0510948 0.0140969 0.0786366 0.0604005 0.0557936 0.0660698 0.0627444 0.0733453 0.0914622 0.1027220 0.0651529 0.0999817 0.0892897 0.0714312 0.0650891 0.0933116 0.0808839 0.0864772 0.0316135 0.0537623 0.0628542 0.0899027 0.0650648 0.0746687 0.0868270 0.0679025 0.0755981 0.0560648 0.0300954 0.0340027 0.0317783 0.1021741 0.0360372 0.0225634 0.0759109 0.0965552 0.0821916 0.0716544 0.0749526 0.0671969 0.0445309 0.0685043 0.0569786 0.0507144 0.0684061 0.0527084 0.0357123 0.0677901 0.0573174 0.0245541 0.0632904 0.0840067 0.0390658 0.0913659 0.0472140 0.0654741 0.0787003 0.0623579 
S0419         0.3451233 0.3004427 0.4233316 0.0730110 0.0837803 0.1103264 0.2025771 0.0685579 0.0275501 0.0929194 0.0287427 0.0727649 0.0978126 0.0700711 0.0737171 0.0922312 0.0891789 0.0862692 0.0891023 0.0835919 0.0892753 0.1092140 0.0937433 0.0787442 0.0612845 0.0949322 0.0765187 0.0777971 0.0000000 0.0911995 0.0608888 0.0682204 0.0868672 0.0790202 0.0863057 0.0673160 0.0842301 0.0802143 0.0708752 0.0640746 0.0991221 0.0711217 0.0805491 0.0602426 0.0333993 0.0869170 0.1281194 0.1213528 0.0779710 0.0767697 0.0760678 0.0096453 0.0779937 0.0071780 0.0047792 0.0762117 0.0351256 0.0735293 0.0742196 0.0552187 0.0768796 0.0534362 0.0902911 0.0677200 0.0709053 0.0632739 0.0733080 0.0699737 0.0726206 0.0465390 0.1248792 0.0665056 0.0840736 0.0725233 0.0732478 0.0669646 0.1181774 0.0071780 0.1076308 0.0704262 0.0861678 0.0673736 0.0773753 0.0819604 0.0795810 0.1083549 0.0638113 0.0805007 0.0580382 0.0978030 0.0667984 0.0585575 0.0836642 0.0733370 0.0867318 0.0566860 0.0845557 0.0710621 0.0705176 0.0608282 0.0784637 0.0634529 0.0640898 0.0588009 0.0642982 0.0761259 0.0698153 0.0732614 0.0821851 0.0559515 0.0843318 0.0708868 0.0096071 0.1131076 0.0464934 0.0838664 0.0634334 0.0301391 0.0611611 
S0427         0.3699029 0.3323764 0.4686766 0.0774341 0.0512174 0.1055086 0.2069382 0.0634558 0.1067932 0.0979043 0.0881123 0.0621390 0.0891155 0.0683278 0.0692953 0.0731164 0.0842419 0.0969001 0.0908192 0.0820742 0.0940134 0.1150872 0.0421958 0.0719918 0.0559706 0.0934041 0.0670500 0.0792332 0.0911995 0.0000000 0.0629057 0.1111946 0.0915343 0.0884320 0.0653482 0.1086979 0.1186253 0.0756039 0.0594781 0.0566693 0.0912593 0.0720796 0.0775775 0.0550863 0.0973579 0.1293069 0.1326799 0.0904967 0.1192971 0.0746190 0.0818450 0.0915080 0.0676426 0.0911428 0.0881756 0.0938071 0.1012240 0.0784277 0.0999422 0.0684602 0.0819161 0.0627706 0.0756227 0.0984907 0.0698262 0.0646771 0.0852090 0.0816277 0.0677191 0.1021666 0.1431755 0.0772431 0.1002827 0.1081805 0.0844093 0.0777756 0.1286021 0.0911428 0.1170702 0.0721745 0.0746161 0.0805310 0.0935374 0.0651330 0.0873438 0.1183216 0.0612844 0.0916582 0.0620432 0.1035052 0.0774149 0.0753776 0.1328099 0.0782141 0.0819887 0.0899517 0.1235221 0.1108599 0.0677607 0.0887142 0.0858371 0.0616574 0.0584177 0.0505784 0.0559134 0.0744478 0.0557610 0.0844450 0.0764442 0.0630939 0.0724382 0.0790847 0.0943638 0.0933318 0.1020578 0.0951683 0.0588744 0.0889966 0.0627844 
S0428sl       0.3420943 0.2933992 0.4011570 0.0412905 0.0402051 0.0590615 0.1706788 0.0394482 0.0680988 0.0258455 0.0679575 0.0550120 0.0261816 0.0412495 0.0466845 0.0813981 0.0197710 0.0700405 0.0198366 0.0226898 0.0681114 0.0645970 0.0718292 0.0583097 0.0447468 0.0167580 0.0432801 0.0084206 0.0608888 0.0629057 0.0000000 0.0689659 0.0199661 0.0646656 0.0577386 0.0600448 0.0793040 0.0112223 0.0445950 0.0447185 0.0199065 0.0086188 0.0260786 0.0496602 0.0630490 0.0835585 0.0933488 0.0929139 0.0768659 0.0649938 0.0482551 0.0611184 0.0544792 0.0608691 0.0575586 0.0641062 0.0678671 0.0169543 0.0520276 0.0116881 0.0226919 0.0385257 0.0111961 0.0545656 0.0487574 0.0440884 0.0547537 0.0546360 0.0626665 0.0686557 0.0959240 0.0573922 0.0727618 0.0683479 0.0580976 0.0512219 0.0893695 0.0575586 0.0817256 0.0088448 0.0387983 0.0447700 0.0608569 0.0446336 0.0481398 0.0789088 0.0507323 0.0513939 0.0380365 0.0315022 0.0175252 0.0207843 0.0798250 0.0198731 0.0199426 0.0555076 0.0808276 0.0689659 0.0512901 0.0500211 0.0525430 0.0317161 0.0543340 0.0418512 0.0323287 0.0446407 0.0267172 0.0255707 0.0507536 0.0384330 0.0055839 0.0384597 0.0608560 0.0238366 0.0683840 0.0290884 0.0479776 0.0583854 0.0412598 
S0430         0.3470597 0.2946679 0.3941985 0.0753761 0.0670359 0.0999300 0.2212253 0.0644413 0.0706852 0.0948249 0.0655092 0.0747288 0.1035888 0.0847561 0.0924896 0.1055598 0.0945564 0.0560240 0.0972511 0.0888156 0.0857256 0.1114850 0.1007617 0.0808832 0.0750714 0.1004604 0.0884550 0.0824267 0.0682204 0.1111946 0.0689659 0.0000000 0.0986366 0.0948513 0.0881978 0.0459677 0.0053453 0.0853174 0.0761922 0.0814295 0.0929327 0.0703473 0.0822372 0.0626560 0.0729432 0.0121751 0.1361532 0.1325391 0.0048337 0.0900806 0.0949826 0.0654133 0.0802334 0.0652073 0.0624070 0.0983447 0.0738068 0.0853788 0.0750159 0.0623255 0.0796922 0.0644975 0.0935063 0.0421752 0.0789305 0.0742634 0.0817632 0.0782403 0.0945142 0.0782545 0.1278612 0.0691517 0.0694470 0.0409945 0.0881168 0.0920565 0.1210716 0.0652073 0.1035612 0.0659863 0.0920131 0.0662956 0.0659308 0.0904946 0.0886151 0.1042669 0.0809553 0.0918649 0.0718693 0.1108009 0.0740254 0.0656231 0.0121609 0.0789226 0.0954608 0.0369949 0.0097810 0.0000021 0.0912812 0.0519756 0.0711332 0.0715318 0.0817009 0.0731285 0.0597743 0.0849368 0.0678559 0.0850606 0.0918305 0.0794853 0.0816593 0.0765157 0.0681869 0.1071797 0.0781734 0.0947154 0.0711395 0.0721026 0.0787373 
S0478         0.3565116 0.3082428 0.4259602 0.0768871 0.0514066 0.1016731 0.2215972 0.0696253 0.1215607 0.0356911 0.0886970 0.0831235 0.0197981 0.0738936 0.0800039 0.0970286 0.0250454 0.1170223 0.0303488 0.0277419 0.0935117 0.1022646 0.1052221 0.0830522 0.0670580 0.0220778 0.0910341 0.0305243 0.0868672 0.0915343 0.0199661 0.0986366 0.0000000 0.0804861 0.0971533 0.1024067 0.1120761 0.0225585 0.0671253 0.0770340 0.0333351 0.0179366 0.0416818 0.0821823 0.0995807 0.1089380 0.1050115 0.1197745 0.1062253 0.0898335 0.0838766 0.0871521 0.0823909 0.0868120 0.0838978 0.0892870 0.0997114 0.0302901 0.0985707 0.0316772 0.0385779 0.0625375 0.0175710 0.0908351 0.0715313 0.0671378 0.0802164 0.0767685 0.0703885 0.0895503 0.1199489 0.0768324 0.1163565 0.1069660 0.0833016 0.0767678 0.1007999 0.0868120 0.1015180 0.0440867 0.0711159 0.0772708 0.1064936 0.0767311 0.0888784 0.1019377 0.0757239 0.0877452 0.0733694 0.0328021 0.0368363 0.0374512 0.1191677 0.0413002 0.0251739 0.0885347 0.1135000 0.0983499 0.0795695 0.0912525 0.0792747 0.0613292 0.0763963 0.0648562 0.0651200 0.0863122 0.0615430 0.0438798 0.0855326 0.0719714 0.0272865 0.0751105 0.0899651 0.0350166 0.0894579 0.0557329 0.0733450 0.0770811 0.0740078 
