136
SRR6441723    0.0000000 0.0000010 0.0954622 0.2001277 0.0845823 0.0435311 0.0836258 0.0834265 0.0676572 0.1041470 0.0304235 0.0852983 0.0876587 0.0757282 0.0664715 0.0643929 0.0918363 0.0636214 0.0759758 0.0546846 0.0288203 0.0686548 0.0837650 0.0844216 0.0722021 0.1030686 0.0840980 0.0403366 0.0727399 0.1034599 0.0590133 0.0928080 0.0383318 0.1051780 0.0717701 0.0706489 0.0656342 0.0880480 0.0802718 0.0768048 0.0972571 0.0719455 0.0875027 0.0762938 0.0507424 0.0551193 0.1155578 0.0686005 0.0563778 0.0587011 0.0840060 0.0622852 0.0466644 0.0800858 0.0440580 0.0372671 0.0468405 0.0504360 0.0846554 0.1020927 0.0767497 0.1105091 0.0439060 0.0513782 0.0544452 0.0403013 0.0473159 0.0439107 0.0984067 0.0619979 0.1346986 0.0513341 0.0885690 0.0656965 0.0515544 0.0410684 0.0963596 0.0472378 0.1223191 0.0871535 0.0542177 0.0506976 0.0915195 0.0910869 0.0303145 0.1194064 0.0887730 0.0996149 0.0178218 0.0840542 0.0663820 0.0730881 0.0600970 0.1019697 0.0798608 0.0715021 0.0722176 0.0682901 0.0840004 0.0884475 0.0273217 0.0336331 0.0952505 0.0775273 0.0732686 0.0302723 0.0790220 0.0895941 0.0441529 0.0304377 0.1138765 0.0760642 0.0508755 0.0832386 0.0584630 0.0792656 0.0801044 0.0621594 0.0337698 0.0272353 0.0954413 0.1122880 0.0799869 0.0895135 0.0873978 0.0561306 0.0288490 0.0445091 0.0851018 0.0437124 0.0575789 0.0542273 0.0438158 0.0210275 0.0648474 0.0472648 
ERR4210213    0.0000010 0.0000000 0.0000010 0.2873322 0.2809005 0.0000010 0.0000010 0.0000010 0.0000010 0.0000010 0.0000010 0.0000010 0.0000010 0.0000010 0.0000010 0.0000010 0.0000010 0.0000010 0.0000010 0.0000010 0.0000010 0.0000010 0.0000010 0.0000010 0.0000010 0.0000010 0.0000010 0.0000010 0.0000010 0.0000010 0.0000010 0.0000010 0.0000027 0.0000010 0.0000010 0.0000010 0.0000010 0.0000010 0.0000010 0.0000010 0.0000010 0.0000010 0.0000010 0.0000010 0.2809005 0.0000010 0.0000010 0.0000010 0.0000010 0.0000010 0.0000010 0.0000010 0.0000010 0.0000010 0.0000010 0.0000010 0.0000010 0.2809005 0.0000010 0.0000010 0.0000010 0.0000010 0.0000010 0.0000010 0.0000010 0.0000010 0.0000010 0.0000010 0.0000010 0.2809005 0.0000010 0.0000010 0.0000010 0.0000010 0.0000010 0.0000010 0.0000010 0.0000010 0.2819673 0.0000010 0.0000010 0.0000010 0.0000010 0.4719629 0.0000010 0.0000010 0.0000010 0.0000010 0.0000010 0.0000010 0.0000010 0.0000010 0.0000010 0.0000010 0.0000010 0.0000010 0.0000010 0.0000010 0.0000010 0.0000010 0.0000010 0.4719629 0.2819673 0.0000010 0.0000010 0.0000010 0.0000010 0.0000010 0.0000010 0.0000010 0.0000010 0.0000010 0.0000010 0.0000010 0.2809005 0.0000027 0.0000010 0.2809005 0.0000010 0.0000010 0.0000010 0.2819673 0.0000010 0.0000010 0.0000010 0.0000010 0.0000010 0.0000010 0.0000010 0.0000010 0.0000010 0.0000010 0.4719629 0.0000010 0.0000010 0.0000010 
ERR2789774    0.0954622 0.0000010 0.0000000 0.2339064 0.0801168 0.0754347 0.1212381 0.0229939 0.0747942 0.1354149 0.0981650 0.0204117 0.0588337 0.0980886 0.1040994 0.1014708 0.1101729 0.1061613 0.1181309 0.1200589 0.0888364 0.1162061 0.0230753 0.0262546 0.0969585 0.0795377 0.1091539 0.0973456 0.0657987 0.1065053 0.1006199 0.1193614 0.0778734 0.1032757 0.1110547 0.1051207 0.0940996 0.0528824 0.0231400 0.1186105 0.0996036 0.0926947 0.0653920 0.0171461 0.1162702 0.1315554 0.1651072 0.0623345 0.1030581 0.1099184 0.0169896 0.0898781 0.1080368 0.0291830 0.1020083 0.0942132 0.1059250 0.1155403 0.0948408 0.1384614 0.1052256 0.1200245 0.0982155 0.0928478 0.0912128 0.0899660 0.0870470 0.0869711 0.0694948 0.1298267 0.1834467 0.1069675 0.1188560 0.0999876 0.0836143 0.0837004 0.1396050 0.1053236 0.1700184 0.1087444 0.1057565 0.1129217 0.1227739 0.0455457 0.0912755 0.1510660 0.0201007 0.0489537 0.0759161 0.1128794 0.0907591 0.1020589 0.1018305 0.1118671 0.1057471 0.1087684 0.1258552 0.1058594 0.0261437 0.1201112 0.0837267 0.1067450 0.0321724 0.0265364 0.0626432 0.0904545 0.0324433 0.0953273 0.1205297 0.0982112 0.1354152 0.0390045 0.1096862 0.1081165 0.1258591 0.1005037 0.0260899 0.1355766 0.0950526 0.0906666 0.0205380 0.1508938 0.0391263 0.0975879 0.0455185 0.0401995 0.1030960 0.1124149 0.0985649 0.1012078 0.1022728 0.1054622 0.0895685 0.0908528 0.0728738 0.1027666 
PAFTOL_019361 0.2001277 0.2873322 0.2339064 0.0000000 0.2533727 0.2298617 0.2367820 0.2253912 0.3378046 0.2476848 0.1871066 0.2323169 0.2556734 0.2444709 0.2252658 0.2248788 0.2417793 0.2431452 0.2495938 0.2110055 0.2865529 0.2865314 0.2369885 0.2339863 0.2261506 0.3426992 0.2450445 0.1866441 0.2237138 0.2938120 0.2382800 0.2504800 0.1947084 0.2668600 0.2450868 0.2584438 0.2337950 0.2626528 0.2273196 0.2509829 0.2539001 0.2084246 0.2222947 0.2263224 0.2244025 0.1539495 0.2296968 0.1935506 0.2454568 0.2218405 0.2185477 0.2228136 0.2063831 0.2379340 0.1935070 0.1831590 0.2189712 0.2209310 0.2450580 0.2544956 0.2163028 0.2787713 0.2032936 0.1988657 0.2164915 0.2034169 0.2151797 0.2147767 0.2457748 0.2510816 0.2448279 0.1998955 0.2238412 0.2051992 0.2114351 0.1996086 0.2127183 0.1995372 0.2578216 0.3181320 0.2161011 0.1838260 0.2169661 0.2594236 0.2137157 0.2439492 0.2316190 0.2582684 0.1904242 0.2499636 0.1856441 0.2112672 0.2377398 0.2615886 0.2342519 0.2102003 0.2657336 0.2423163 0.2273196 0.2356529 0.1754972 0.2089964 0.2482731 0.2186818 0.2285831 0.2051209 0.2133958 0.2438370 0.2214712 0.1919862 0.2762322 0.2451773 0.2160194 0.2314182 0.2456837 0.2144673 0.2216144 0.2528710 0.2025726 0.1922820 0.2663288 0.2656847 0.2526780 0.2664363 0.2246621 0.2120092 0.2646592 0.2062544 0.2260924 0.2038064 0.2316840 0.2316190 0.2082374 0.1974367 0.2246034 0.2216254 
S0055         0.0845823 0.2809005 0.0801168 0.2533727 0.0000000 0.0759797 0.1109182 0.0692582 0.1002789 0.1283015 0.0805092 0.0707230 0.0909974 0.0914085 0.1004733 0.0947921 0.1089482 0.0978766 0.1072694 0.1012604 0.0829862 0.1097259 0.0658977 0.0735735 0.0976892 0.0845238 0.1023891 0.0798441 0.0769972 0.1254575 0.0927836 0.1163518 0.0753369 0.0908295 0.1001000 0.1050748 0.0874773 0.0774864 0.0697381 0.1118475 0.1122073 0.0912045 0.0559276 0.0626018 0.0907307 0.0861105 0.1488267 0.0661945 0.0940652 0.0974285 0.0660852 0.0765810 0.0902387 0.0730674 0.0842086 0.0802839 0.0879549 0.0901731 0.0995446 0.1444282 0.0875025 0.1294716 0.0761177 0.0823716 0.0804635 0.0727325 0.0804083 0.0767831 0.1081475 0.1073800 0.1686148 0.0949285 0.1142708 0.0921842 0.0742672 0.0779555 0.1328203 0.0874771 0.1642859 0.1339047 0.0878135 0.0967319 0.1237640 0.0728578 0.0882234 0.1591751 0.0702849 0.0805087 0.0659673 0.1098167 0.0775412 0.0880982 0.0900908 0.1070365 0.1065585 0.1060602 0.1176176 0.1055600 0.0732268 0.1210735 0.0806835 0.0850078 0.0801506 0.0599545 0.0261847 0.0764749 0.0652756 0.0969606 0.1016519 0.0805481 0.1337456 0.0658297 0.0916045 0.1089368 0.1035672 0.0868028 0.0661161 0.1126527 0.0808169 0.0663112 0.0731915 0.1574245 0.0669203 0.1078199 0.0659773 0.0439887 0.0798909 0.0938515 0.0966383 0.0835486 0.0905061 0.0960803 0.0625719 0.0664478 0.0699606 0.0836766 
S0196sl       0.0435311 0.0000010 0.0754347 0.2298617 0.0759797 0.0000000 0.0869576 0.0545522 0.0427574 0.1104455 0.0219312 0.0501401 0.0911418 0.0759965 0.0506520 0.0544888 0.1011215 0.0469864 0.0660570 0.0562040 0.0231563 0.0632087 0.0496601 0.0598878 0.0649317 0.0613662 0.0658053 0.0042231 0.0500808 0.0813077 0.0461438 0.0718403 0.0359838 0.0667067 0.0762086 0.0518908 0.0501344 0.0454605 0.0545575 0.0764571 0.0874385 0.0635636 0.0498944 0.0496601 0.0398180 0.0405909 0.1027174 0.0404985 0.0479159 0.0516046 0.0600477 0.0559543 0.0127622 0.0496601 0.0174670 0.0042550 0.0452747 0.0448169 0.0751140 0.0900179 0.0535112 0.0974072 0.0355752 0.0318770 0.0402135 0.0305693 0.0451313 0.0351813 0.1046131 0.0555858 0.1371898 0.0417395 0.0703936 0.0512502 0.0410499 0.0408520 0.0938024 0.0129428 0.1106619 0.0556816 0.0451666 0.0609044 0.0752471 0.0700597 0.0457336 0.1080681 0.0609685 0.0741553 0.0217381 0.0657674 0.0537884 0.0532975 0.0474599 0.0864215 0.0709312 0.0545431 0.0757021 0.0549008 0.0545575 0.0714802 0.0359263 0.0265963 0.0699999 0.0407681 0.0702717 0.0217595 0.0593397 0.0712499 0.0363907 0.0217517 0.1054217 0.0493284 0.0174897 0.0700583 0.0506193 0.0678622 0.0549014 0.0606444 0.0266460 0.0264552 0.0684394 0.1054280 0.0402158 0.0803515 0.0448328 0.0325038 0.0232991 0.0571061 0.0660681 0.0355023 0.0499602 0.0459527 0.0400449 0.0311621 0.0499885 0.0506336 
S0278         0.0836258 0.0000010 0.1212381 0.2367820 0.1109182 0.0869576 0.0000000 0.1051040 0.0875753 0.0521929 0.0831916 0.1074172 0.1249155 0.0353974 0.0807262 0.0786055 0.0361903 0.0857904 0.0483279 0.1029872 0.0886888 0.0913149 0.1055207 0.1101905 0.0261495 0.1165445 0.0294313 0.0825095 0.0986494 0.0445017 0.0772267 0.0489123 0.0635949 0.1352973 0.0864474 0.0927914 0.0386734 0.1109727 0.1058596 0.0425783 0.0798351 0.0575309 0.1130968 0.0979805 0.0943235 0.0543026 0.1557480 0.0901047 0.0826934 0.1090890 0.1058188 0.0634967 0.0928637 0.1058488 0.0790322 0.0758791 0.0833750 0.0857358 0.0728476 0.1086988 0.0578802 0.0916109 0.0904605 0.0596105 0.0727904 0.0685007 0.0759965 0.0688186 0.1567550 0.0985408 0.1668379 0.0981311 0.0920887 0.0703648 0.0809722 0.0774345 0.1343133 0.0829335 0.1620109 0.0671598 0.0904780 0.1070019 0.0872316 0.1092903 0.0873078 0.1504117 0.1108298 0.1335168 0.0686735 0.0387793 0.0484993 0.0582707 0.0825558 0.0839831 0.0354463 0.0821253 0.0938051 0.0897442 0.1096466 0.1065699 0.0686701 0.0840033 0.1171064 0.0957539 0.1029951 0.0791545 0.0895583 0.0729026 0.0891908 0.0832312 0.0594400 0.1089136 0.0905272 0.0353424 0.0948367 0.0527019 0.1018574 0.0948387 0.0835071 0.0727931 0.0984684 0.0756360 0.1031121 0.0798434 0.1016034 0.0858265 0.0903472 0.0956816 0.0568892 0.0790946 0.0978824 0.1029195 0.0793041 0.0650128 0.0839605 0.0909539 
S0282         0.0834265 0.0000010 0.0229939 0.2253912 0.0692582 0.0545522 0.1051040 0.0000000 0.0676920 0.1264014 0.0829921 0.0114412 0.0551219 0.0901144 0.0958200 0.0862133 0.1073531 0.0976894 0.1096067 0.1036682 0.0685195 0.1152171 0.0112689 0.0142432 0.0890947 0.0679252 0.0935695 0.0823136 0.0519705 0.1102761 0.0924019 0.1030687 0.0702637 0.0872065 0.0951659 0.1005330 0.0862477 0.0459445 0.0112992 0.1100404 0.0989234 0.0823994 0.0582588 0.0055827 0.1004682 0.1083130 0.1622974 0.0552418 0.0984329 0.1013883 0.0112955 0.0756922 0.0926374 0.0112992 0.0866715 0.0792355 0.0903999 0.0998511 0.0869170 0.1338551 0.0946240 0.1070479 0.0830265 0.0811846 0.0833785 0.0752403 0.0828884 0.0792845 0.0554734 0.1132937 0.1820730 0.0890443 0.1006251 0.0920692 0.0842025 0.0842899 0.1409460 0.0899122 0.1687585 0.0938311 0.0902564 0.0971924 0.1064123 0.0325966 0.0906727 0.1658025 0.0143193 0.0520408 0.0685171 0.1045771 0.0803069 0.0952659 0.0934996 0.1034081 0.0975751 0.0932402 0.1171495 0.1051384 0.0141839 0.1037124 0.0760790 0.0910837 0.0199941 0.0143928 0.0555091 0.0756464 0.0201583 0.0873559 0.1040653 0.0830317 0.1219399 0.0325063 0.0940251 0.0999860 0.1094834 0.0936179 0.0141552 0.1186294 0.0799286 0.0758147 0.0242770 0.1349596 0.0264410 0.0924570 0.0325829 0.0334876 0.0905243 0.1039044 0.0955329 0.0860002 0.0868806 0.1026556 0.0749182 0.0759693 0.0587306 0.0873005 
S0288         0.0676572 0.0000010 0.0747942 0.3378046 0.1002789 0.0427574 0.0875753 0.0676920 0.0000000 0.1162365 0.0617304 0.0689010 0.0738892 0.0807406 0.0000021 0.0375937 0.1030519 0.0000021 0.0816566 0.0696618 0.0516160 0.0000021 0.0615258 0.0745475 0.0611159 0.0877981 0.0740951 0.0554573 0.0747630 0.0938510 0.0000028 0.0876695 0.0450083 0.0907433 0.0378783 0.0000024 0.0550936 0.0625649 0.0677006 0.0812042 0.0742420 0.0887573 0.0752547 0.0618919 0.0609800 0.0000010 0.1541473 0.0688045 0.0000029 0.0925477 0.0747907 0.0569804 0.0733005 0.0615258 0.0688195 0.0556642 0.0622680 0.0675995 0.0670738 0.0582770 0.0813682 0.0671190 0.0619404 0.0107590 0.0621274 0.0433139 0.0550329 0.0556991 0.0892892 0.0681869 0.1333131 0.0447080 0.0321719 0.0329309 0.0564589 0.0564589 0.1260021 0.0682951 0.1103327 0.0750267 0.0676607 0.1028776 0.0319899 0.0676502 0.0687155 0.1390867 0.0748328 0.0795619 0.0380053 0.0745008 0.0605013 0.0745312 0.0000025 0.0732301 0.0875007 0.0264454 0.0209758 0.0000022 0.0677006 0.0324996 0.0622333 0.0621558 0.0808680 0.0505215 0.0878130 0.0556674 0.0671415 0.0624046 0.0625805 0.0556368 0.1171884 0.0610286 0.0688213 0.0672357 0.0681869 0.0645782 0.0745606 0.0818884 0.0559981 0.0561722 0.0878131 0.1093158 0.0617726 0.0732362 0.0615317 0.0554642 0.0499638 0.0698616 0.0970607 0.0433186 0.0619748 0.0449245 0.0614362 0.0625199 0.0615075 0.0744779 
S0289         0.1041470 0.0000010 0.1354149 0.2476848 0.1283015 0.1104455 0.0521929 0.1264014 0.1162365 0.0000000 0.0952445 0.1292845 0.1392518 0.0455424 0.1008750 0.1013783 0.0500406 0.0983146 0.0554965 0.1199498 0.1249290 0.1109942 0.1269178 0.1320379 0.0422380 0.1651534 0.0454263 0.0935304 0.1118723 0.0486375 0.0892179 0.0624918 0.0754212 0.1595805 0.1187493 0.1094505 0.0520803 0.1155449 0.1273401 0.0558717 0.0921394 0.0725679 0.1228582 0.1189019 0.1145071 0.0446587 0.1770194 0.1192873 0.0990235 0.1313694 0.1272894 0.0679253 0.1089219 0.1213065 0.1028465 0.0912521 0.0917321 0.1137772 0.0848529 0.1347103 0.0693839 0.0969100 0.0990289 0.0780210 0.0843883 0.0763095 0.0840898 0.0766721 0.1676605 0.1233085 0.1878344 0.1234241 0.1106056 0.0969548 0.0893613 0.0894571 0.1577921 0.0986396 0.1707842 0.0796515 0.0990485 0.1111519 0.1032757 0.1391096 0.0835177 0.1620767 0.1328218 0.1435167 0.0765042 0.0491328 0.0598153 0.0694801 0.0950087 0.0965440 0.0451765 0.1051360 0.1178466 0.1057507 0.1313597 0.1200021 0.0793084 0.0999647 0.1352400 0.1168767 0.1120630 0.0946412 0.1135590 0.0859017 0.1135585 0.0990123 0.0753315 0.1180483 0.1105995 0.0519967 0.1193530 0.0680937 0.1139230 0.1193571 0.0993497 0.0913945 0.1287298 0.0667407 0.1246033 0.0901061 0.1227176 0.0987329 0.1219313 0.1045325 0.0768276 0.0834346 0.1144210 0.1107940 0.0874850 0.0915838 0.0965347 0.1036287 
S0292         0.0304235 0.0000010 0.0981650 0.1871066 0.0805092 0.0219312 0.0831916 0.0829921 0.0617304 0.0952445 0.0000000 0.0847709 0.0980668 0.0759323 0.0702697 0.0580878 0.0884070 0.0675623 0.0766344 0.0456397 0.0156951 0.0684910 0.0833141 0.0875875 0.0654114 0.0842877 0.0764940 0.0292494 0.0766708 0.0925439 0.0628691 0.0845868 0.0333752 0.0937495 0.0761981 0.0743239 0.0625367 0.0882156 0.0835745 0.0842410 0.0999343 0.0725575 0.0832740 0.0761729 0.0551085 0.0648945 0.1183545 0.0619972 0.0644918 0.0563160 0.0835429 0.0420217 0.0351895 0.0797982 0.0326100 0.0293999 0.0453212 0.0547873 0.0877820 0.0934025 0.0691311 0.1087830 0.0388567 0.0458730 0.0454304 0.0323007 0.0388111 0.0356295 0.1138610 0.0697074 0.1407100 0.0462210 0.0796731 0.0628630 0.0427824 0.0362045 0.0996115 0.0356008 0.1324731 0.0605402 0.0452489 0.0551847 0.0799172 0.0941816 0.0261899 0.1217409 0.0880895 0.0984348 0.0170596 0.0799957 0.0595170 0.0698186 0.0641922 0.1044773 0.0760399 0.0681823 0.0828132 0.0719390 0.0871685 0.0771486 0.0291649 0.0143441 0.0942797 0.0773560 0.0768025 0.0141597 0.0787839 0.0925687 0.0298217 0.0056200 0.1004247 0.0794627 0.0389206 0.0757909 0.0662465 0.0712347 0.0798160 0.0698827 0.0172173 0.0230552 0.0944748 0.1065992 0.0807889 0.0932114 0.0796363 0.0537192 0.0269650 0.0329372 0.0765240 0.0354779 0.0517806 0.0517375 0.0355561 0.0231008 0.0661419 0.0490247 
S0293         0.0852983 0.0000010 0.0204117 0.2323169 0.0707230 0.0501401 0.1074172 0.0114412 0.0689010 0.1292845 0.0847709 0.0000000 0.0562566 0.0920606 0.0979452 0.0880615 0.1097627 0.0998987 0.1120444 0.1059909 0.0697575 0.1178879 0.0114816 0.0145150 0.0909960 0.0636036 0.0955947 0.0840630 0.0530387 0.1074281 0.0944496 0.1053662 0.0717724 0.0891719 0.0972602 0.1027931 0.0880962 0.0468898 0.0115136 0.1124987 0.1011092 0.0842220 0.0594593 0.0056869 0.1026494 0.1240174 0.1662774 0.0529955 0.1006769 0.1036838 0.0115096 0.0770468 0.0946214 0.0174267 0.0885382 0.0809215 0.0923588 0.1020054 0.0887941 0.1369958 0.0967690 0.1138618 0.0848075 0.0829561 0.0851741 0.0768248 0.0846614 0.0809733 0.0634994 0.1158166 0.1865505 0.0901802 0.0982712 0.0941028 0.0860334 0.0861252 0.1442552 0.0918479 0.1728679 0.0873644 0.0922094 0.0993036 0.1087816 0.0332453 0.0926433 0.1652613 0.0145941 0.0427740 0.0699509 0.1068646 0.0821123 0.0974379 0.0955959 0.1057168 0.0997040 0.0952519 0.1197734 0.1035972 0.0144544 0.1139409 0.0776998 0.0930729 0.0203770 0.0146699 0.0566601 0.0772475 0.0205470 0.0892522 0.1064059 0.0848119 0.1292853 0.0331513 0.0960689 0.1021462 0.1119123 0.0957974 0.0144242 0.1213160 0.0816446 0.0774236 0.0247503 0.1380565 0.0269618 0.0944629 0.0332308 0.0341725 0.0862551 0.1062371 0.0978024 0.0878384 0.0887577 0.1049324 0.0764882 0.0775846 0.0599505 0.0891947 
S0294         0.0876587 0.0000010 0.0588337 0.2556734 0.0909974 0.0911418 0.1249155 0.0551219 0.0738892 0.1392518 0.0980668 0.0562566 0.0000000 0.1091643 0.1046022 0.1012744 0.1276374 0.1020183 0.1256816 0.1227505 0.0943247 0.1053645 0.0553284 0.0591030 0.1078880 0.0983723 0.1204707 0.1009274 0.0762800 0.1340982 0.0965975 0.1311398 0.0856453 0.1149338 0.1031555 0.1092889 0.1050424 0.0697094 0.0554946 0.1225032 0.1147653 0.1099937 0.0828495 0.0487140 0.1199964 0.1103105 0.1588479 0.0796005 0.1028029 0.1019401 0.0554743 0.1045945 0.1116833 0.0622230 0.1056544 0.0977888 0.1020289 0.1192403 0.1058779 0.1301014 0.1147321 0.1237760 0.0943983 0.0852385 0.0910912 0.0862589 0.0939395 0.0905059 0.0626721 0.1256861 0.1742651 0.1221035 0.1094339 0.1079599 0.0878052 0.0921017 0.1377360 0.1089797 0.1610469 0.1295198 0.1018665 0.1146317 0.1146717 0.0654105 0.1023399 0.1491116 0.0561828 0.0763817 0.0793410 0.1242647 0.1085304 0.1195522 0.0859928 0.1115540 0.1170227 0.1126230 0.1138074 0.1094262 0.0588334 0.1001517 0.0909027 0.1065927 0.0654813 0.0561394 0.0764105 0.0974495 0.0449612 0.1110319 0.1244062 0.1018277 0.1325178 0.0584693 0.1133923 0.1193086 0.1217533 0.0980670 0.0520563 0.1313385 0.1021727 0.0942206 0.0720490 0.1595176 0.0627896 0.1056096 0.0653548 0.0603032 0.1009580 0.1162224 0.1082650 0.0973884 0.1019107 0.1070508 0.0858810 0.0870967 0.0797977 0.0985706 
S0299         0.0757282 0.0000010 0.0980886 0.2444709 0.0914085 0.0759965 0.0353974 0.0901144 0.0807406 0.0455424 0.0759323 0.0920606 0.1091643 0.0000000 0.0773323 0.0784447 0.0298257 0.0782848 0.0355250 0.0878734 0.0817409 0.0866189 0.0904654 0.0948622 0.0201186 0.1118569 0.0293725 0.0753150 0.0837531 0.0365851 0.0699932 0.0422135 0.0534288 0.1185015 0.0870291 0.0851807 0.0323662 0.0881427 0.0907510 0.0424952 0.0589144 0.0471807 0.0904326 0.0832026 0.0977489 0.0446587 0.1510553 0.0834636 0.0752017 0.0973250 0.0834635 0.0504391 0.0855001 0.0907413 0.0795458 0.0687793 0.0691210 0.0971445 0.0522806 0.1048444 0.0474622 0.0698796 0.0830527 0.0527402 0.0656842 0.0549257 0.0620614 0.0551740 0.1313732 0.1060265 0.1575362 0.0979139 0.0918676 0.0737023 0.0666269 0.0666909 0.1298877 0.0757023 0.1528152 0.0533337 0.0759832 0.0917266 0.0870487 0.1015175 0.0763332 0.1371849 0.0954076 0.1096713 0.0550636 0.0324552 0.0381707 0.0477813 0.0750775 0.0627241 0.0231620 0.0819564 0.0936183 0.0824124 0.0944041 0.0952892 0.0617336 0.0766625 0.1016219 0.0845020 0.0767356 0.0720117 0.0787082 0.0562541 0.0889986 0.0759683 0.0530301 0.0865283 0.0867739 0.0291325 0.1022639 0.0490772 0.0869173 0.1022665 0.0762176 0.0688809 0.0849981 0.0671346 0.0879791 0.0590536 0.0867148 0.0640526 0.0844223 0.0736634 0.0462577 0.0719569 0.0976745 0.0951958 0.0721438 0.0690214 0.0695917 0.0907621 
S0303         0.0664715 0.0000010 0.1040994 0.2252658 0.1004733 0.0506520 0.0807262 0.0958200 0.0000021 0.1008750 0.0702697 0.0979452 0.1046022 0.0773323 0.0000000 0.0358199 0.0941085 0.0000022 0.0816410 0.0671368 0.0571588 0.0035140 0.0887298 0.1007897 0.0736244 0.1022231 0.0852010 0.0627709 0.0975323 0.0883700 0.0028857 0.0933719 0.0571607 0.1045792 0.0494853 0.0029043 0.0636728 0.1061660 0.0965144 0.0821614 0.0904305 0.0739513 0.0930219 0.0886946 0.0704025 0.0084778 0.1449994 0.0810079 0.0000022 0.0874271 0.0964768 0.0685941 0.0728621 0.0925200 0.0630807 0.0596666 0.0775390 0.0627324 0.0784240 0.0613129 0.0703226 0.0952550 0.0702932 0.0117845 0.0741291 0.0627175 0.0701774 0.0666251 0.1091687 0.0780972 0.1323777 0.0801486 0.0380167 0.0271317 0.0752253 0.0713583 0.1242977 0.0665510 0.1296071 0.0740344 0.0846559 0.0889396 0.0494637 0.0968406 0.0706444 0.1402308 0.1013835 0.1209528 0.0493860 0.0806980 0.0561574 0.0668196 0.0059112 0.0824509 0.0774544 0.0358327 0.0174302 0.0144012 0.1002903 0.0499710 0.0594496 0.0709512 0.1077428 0.0826169 0.0863492 0.0663696 0.0845577 0.0752529 0.0832290 0.0703042 0.1097084 0.0965312 0.0703592 0.0771948 0.0745085 0.0652488 0.0925422 0.0711037 0.0705376 0.0632062 0.1154993 0.0962943 0.0852953 0.0917725 0.0929482 0.0768357 0.0635418 0.0708267 0.0776646 0.0594533 0.0738666 0.0571934 0.0734980 0.0633372 0.0975813 0.0858796 
S0308         0.0643929 0.0000010 0.1014708 0.2248788 0.0947921 0.0544888 0.0786055 0.0862133 0.0375937 0.1013783 0.0580878 0.0880615 0.1012744 0.0784447 0.0358199 0.0000000 0.0948001 0.0330510 0.0826513 0.0691411 0.0617862 0.0437711 0.0865473 0.0908618 0.0748279 0.0996600 0.0790210 0.0510997 0.0870881 0.0949303 0.0294764 0.0870943 0.0527936 0.1128266 0.0416488 0.0392365 0.0651317 0.0989546 0.0868178 0.0867416 0.1023621 0.0752035 0.1011588 0.0793737 0.0648957 0.0254526 0.1446557 0.0789437 0.0269738 0.0815354 0.0867850 0.0541499 0.0541198 0.0830187 0.0548436 0.0513673 0.0649122 0.0645140 0.0902584 0.0594187 0.0756712 0.1150517 0.0581008 0.0173423 0.0650688 0.0510573 0.0580174 0.0546706 0.1227792 0.0757070 0.1510263 0.0710081 0.0440689 0.0326710 0.0625481 0.0589447 0.1201064 0.0579237 0.1464451 0.0860459 0.0716321 0.0727587 0.0448097 0.0901324 0.0651118 0.1481282 0.0913823 0.1131292 0.0447615 0.0896580 0.0622860 0.0761821 0.0332226 0.0982604 0.0821285 0.0317608 0.0476684 0.0380569 0.0904270 0.0484753 0.0511872 0.0653917 0.0975637 0.0805744 0.0872364 0.0544722 0.0819622 0.0950440 0.0699912 0.0581148 0.1066468 0.0898472 0.0581606 0.0853331 0.0722379 0.0668044 0.0830374 0.0689419 0.0582998 0.0514393 0.1073849 0.1104422 0.0761036 0.1059140 0.0900391 0.0744534 0.0615890 0.0660130 0.0829516 0.0544304 0.0648445 0.0690897 0.0611718 0.0515427 0.0799306 0.0726268 
S0320         0.0918363 0.0000010 0.1101729 0.2417793 0.1089482 0.1011215 0.0361903 0.1073531 0.1030519 0.0500406 0.0884070 0.1097627 0.1276374 0.0298257 0.0941085 0.0948001 0.0000000 0.0953152 0.0493213 0.1088453 0.1043752 0.1018109 0.1077862 0.1125784 0.0235429 0.1326262 0.0363655 0.0915540 0.1007742 0.0456335 0.0862663 0.0566892 0.0688427 0.1320044 0.0947786 0.1025599 0.0394621 0.1055436 0.1081394 0.0501435 0.0743218 0.0469641 0.1077465 0.1000770 0.1155054 0.0558286 0.1545899 0.1003997 0.0921531 0.1195942 0.1025539 0.0735486 0.1022772 0.1081282 0.0961746 0.0847042 0.0851472 0.1147640 0.0672989 0.1275626 0.0472433 0.0861020 0.0999003 0.0714975 0.0778696 0.0699294 0.0775991 0.0702615 0.1515621 0.1243827 0.1733778 0.0965482 0.1117195 0.0861281 0.0777680 0.0735626 0.1333020 0.0920317 0.1684481 0.0749547 0.0924056 0.1093269 0.1041971 0.1195142 0.0878289 0.1406812 0.1075157 0.1237140 0.0701099 0.0395721 0.0379920 0.0475600 0.0919958 0.0784571 0.0361659 0.0985237 0.1110553 0.0990971 0.1120115 0.1130926 0.0771803 0.0882181 0.1143379 0.0971673 0.0975349 0.0880833 0.0951294 0.0676460 0.1011787 0.0884499 0.0468140 0.1035570 0.1038531 0.0328189 0.1203958 0.0453584 0.1040444 0.1204000 0.0926907 0.0815369 0.0934968 0.0811705 0.1053487 0.0724358 0.1037779 0.0757539 0.1036427 0.0937109 0.0531371 0.0880162 0.1117802 0.1031941 0.0809765 0.0850125 0.0808950 0.0986030 
S0322         0.0636214 0.0000010 0.1061613 0.2431452 0.0978766 0.0469864 0.0857904 0.0976894 0.0000021 0.0983146 0.0675623 0.0998987 0.1020183 0.0782848 0.0000022 0.0330510 0.0953152 0.0000000 0.0826600 0.0721596 0.0521435 0.0035228 0.0904532 0.1027893 0.0745256 0.1045195 0.0862678 0.0600538 0.0945970 0.0901580 0.0028910 0.0945607 0.0548863 0.1019097 0.0467133 0.0000021 0.0644486 0.1035607 0.0984110 0.0869183 0.0915793 0.0749017 0.0941594 0.0904166 0.0676893 0.0083935 0.1470450 0.0860928 0.0000029 0.0890086 0.0983718 0.0648694 0.0701959 0.0943265 0.0600579 0.0603834 0.0748547 0.0672740 0.0793973 0.0549916 0.0712231 0.0964834 0.0675830 0.0119174 0.0714258 0.0600021 0.0674724 0.0639071 0.1203808 0.0790325 0.1298941 0.0817311 0.0348421 0.0306314 0.0722384 0.0686151 0.1217627 0.0632558 0.1313821 0.0758583 0.0820058 0.0908764 0.0466964 0.0942200 0.0679241 0.1411209 0.1034051 0.1184452 0.0466186 0.0824631 0.0572512 0.0676738 0.0058721 0.0834830 0.0784101 0.0362275 0.0115978 0.0086535 0.1022689 0.0436337 0.0601613 0.0642269 0.1098826 0.0842320 0.0833964 0.0601867 0.0893331 0.0766668 0.0762491 0.0636455 0.1157391 0.0939178 0.0635254 0.0781439 0.0753971 0.0692745 0.0943497 0.0719499 0.0678212 0.0604735 0.1222610 0.1062634 0.0869485 0.0924193 0.0941251 0.0740536 0.0590642 0.0723452 0.0824141 0.0567197 0.0711698 0.0544007 0.0708123 0.0606001 0.0911349 0.0832016 
S0327         0.0759758 0.0000010 0.1181309 0.2495938 0.1072694 0.0660570 0.0483279 0.1096067 0.0816566 0.0554965 0.0766344 0.1120444 0.1256816 0.0355250 0.0816410 0.0826513 0.0493213 0.0826600 0.0000000 0.0963271 0.0691855 0.0917587 0.1100449 0.1148231 0.0323620 0.1189307 0.0421094 0.0794825 0.1030905 0.0447020 0.0741528 0.0522827 0.0642944 0.1345974 0.0953900 0.0896657 0.0325474 0.0949991 0.1104021 0.0360649 0.0696221 0.0579162 0.1100049 0.1023825 0.1023711 0.0647321 0.1529278 0.1027092 0.0795470 0.1054041 0.1103591 0.0635293 0.0898350 0.1063025 0.0838244 0.0728483 0.0803173 0.1017292 0.0663693 0.1136044 0.0582703 0.0810666 0.0873968 0.0600060 0.0767579 0.0654989 0.0729623 0.0658029 0.1407753 0.1108291 0.1594716 0.1027023 0.0887821 0.0743576 0.0739092 0.0779591 0.1314360 0.0798936 0.1546847 0.0409203 0.0874138 0.0999897 0.0916371 0.1217005 0.0770433 0.1345783 0.1154946 0.1224012 0.0588722 0.0453155 0.0453581 0.0586659 0.0753497 0.0736278 0.0418795 0.0828529 0.0981450 0.0867138 0.1142497 0.1075625 0.0656616 0.0773789 0.1218227 0.1040258 0.0920023 0.0726703 0.0974398 0.0706827 0.0898574 0.0766707 0.0706161 0.0983180 0.0911896 0.0417542 0.1069969 0.0602944 0.1063291 0.1069998 0.0769246 0.0729571 0.1080303 0.0844856 0.1076479 0.0760251 0.1060572 0.0826858 0.0796410 0.0817114 0.0538852 0.0760689 0.1022931 0.0998179 0.0833847 0.0731070 0.0881670 0.0952682 
S0335         0.0546846 0.0000010 0.1200589 0.2110055 0.1012604 0.0562040 0.1029872 0.1036682 0.0696618 0.1199498 0.0456397 0.1059909 0.1227505 0.0878734 0.0671368 0.0691411 0.1088453 0.0721596 0.0963271 0.0000000 0.0385808 0.0841496 0.1040860 0.1088219 0.0840567 0.0965096 0.0959848 0.0591699 0.0970949 0.1170064 0.0674768 0.1047776 0.0432883 0.1235731 0.0881761 0.0754041 0.0811528 0.1175439 0.1044265 0.0918796 0.1157654 0.0887155 0.1040353 0.0964265 0.0764052 0.0547689 0.1265335 0.0884256 0.0690437 0.0826988 0.1043854 0.0688528 0.0655532 0.1003380 0.0631563 0.0594903 0.0661156 0.0803512 0.1029994 0.1064486 0.0892845 0.1210292 0.0596673 0.0498337 0.0662775 0.0519846 0.0664602 0.0556726 0.1343977 0.0814879 0.1450272 0.0603560 0.0885482 0.0672728 0.0637231 0.0566103 0.1112094 0.0663479 0.1367155 0.1043615 0.0660094 0.0770282 0.0957839 0.1236869 0.0557644 0.1299378 0.1058101 0.1287719 0.0389553 0.0904869 0.0673221 0.0899035 0.0650343 0.1205726 0.0953941 0.0726259 0.0876432 0.0764841 0.1082753 0.0930157 0.0453577 0.0560027 0.1158600 0.0977300 0.0928222 0.0421692 0.1065674 0.0995482 0.0673894 0.0456607 0.1304566 0.1075390 0.0701768 0.0950636 0.0778822 0.0921211 0.1003629 0.0744671 0.0458112 0.0455818 0.1158639 0.1189966 0.0975293 0.1172920 0.1077673 0.0802611 0.0422519 0.0293230 0.0889129 0.0626667 0.0666150 0.0630967 0.0628200 0.0456744 0.0932742 0.0638446 
S0345         0.0288203 0.0000010 0.0888364 0.2865529 0.0829862 0.0231563 0.0886888 0.0685195 0.0516160 0.1249290 0.0156951 0.0697575 0.0943247 0.0817409 0.0571588 0.0617862 0.1043752 0.0521435 0.0691855 0.0385808 0.0000000 0.0648983 0.0622745 0.0754701 0.0618546 0.0690540 0.0624294 0.0326284 0.0629744 0.0883153 0.0512694 0.0756618 0.0395827 0.0751304 0.0622834 0.0589030 0.0557566 0.0571099 0.0685283 0.0896731 0.0815831 0.0757544 0.0698144 0.0626493 0.0438492 0.0000010 0.1138976 0.0510070 0.0533839 0.0521886 0.0757189 0.0637929 0.0437079 0.0622745 0.0449947 0.0327506 0.0507625 0.0501246 0.0741207 0.1064981 0.0627434 0.0935336 0.0386148 0.0276291 0.0506512 0.0323644 0.0438685 0.0443981 0.0881912 0.0505688 0.1422522 0.0213215 0.0560949 0.0508291 0.0449994 0.0449994 0.1030709 0.0446618 0.1019955 0.0667686 0.0442045 0.0564848 0.0557632 0.0812331 0.0323683 0.1138232 0.0757620 0.0805169 0.0103226 0.0691315 0.0483406 0.0624201 0.0521795 0.0804485 0.0754991 0.0497841 0.0820091 0.0501590 0.0685283 0.0820131 0.0211447 0.0211334 0.0818723 0.0511775 0.0757720 0.0156264 0.0741970 0.0694701 0.0324387 0.0156182 0.1334557 0.0617518 0.0511115 0.0680520 0.0505688 0.0664236 0.0754837 0.0636248 0.0157128 0.0157455 0.0757721 0.1036612 0.0503112 0.0804549 0.0501135 0.0501531 0.0000023 0.0386815 0.0854545 0.0323678 0.0505217 0.0385931 0.0383101 0.0212404 0.0500925 0.0505217 
S0355         0.0686548 0.0000010 0.1162061 0.2865314 0.1097259 0.0632087 0.0913149 0.1152171 0.0000021 0.1109942 0.0684910 0.1178879 0.1053645 0.0866189 0.0035140 0.0437711 0.1018109 0.0035228 0.0917587 0.0841496 0.0648983 0.0000000 0.1109893 0.1218182 0.0776625 0.1167526 0.0914310 0.0644659 0.1167873 0.1109604 0.0000026 0.1061956 0.0584112 0.1255283 0.0481248 0.0070989 0.0739402 0.1229040 0.1162535 0.1025211 0.0929791 0.0829394 0.1006295 0.1062439 0.0824502 0.0150953 0.1603904 0.1007679 0.0035378 0.0995531 0.1161974 0.0715149 0.0766968 0.1111282 0.0737042 0.0646294 0.0822137 0.0818355 0.0835139 0.0620108 0.0732346 0.0939265 0.0733948 0.0180603 0.0821183 0.0642013 0.0682675 0.0689398 0.1280389 0.0831439 0.1345398 0.0805155 0.0386452 0.0407133 0.0788122 0.0744326 0.1402955 0.0733224 0.1355712 0.0896715 0.0772392 0.1116284 0.0444198 0.1102406 0.0735960 0.1560322 0.1211025 0.1313263 0.0523111 0.0962790 0.0657011 0.0738115 0.0034814 0.0826294 0.0867883 0.0399075 0.0175497 0.0103616 0.1210620 0.0485842 0.0733917 0.0739825 0.1255896 0.1035122 0.0975788 0.0688017 0.0997161 0.0803204 0.0839990 0.0735960 0.1277575 0.1105381 0.0737058 0.0820185 0.0831439 0.0715880 0.1159595 0.0833945 0.0690817 0.0691989 0.1268094 0.1059260 0.1019809 0.0876032 0.1061396 0.0867280 0.0644784 0.0794335 0.0719597 0.0557488 0.0777449 0.0577090 0.0729820 0.0693721 0.0972261 0.0869561 
S0400         0.0837650 0.0000010 0.0230753 0.2369885 0.0658977 0.0496601 0.1055207 0.0112689 0.0615258 0.1269178 0.0833141 0.0114816 0.0553284 0.0904654 0.0887298 0.0865473 0.1077862 0.0904532 0.1100449 0.1040860 0.0622745 0.1109893 0.0000000 0.0142932 0.0894381 0.0577019 0.0939350 0.0826300 0.0521650 0.1014054 0.0927712 0.1034822 0.0705371 0.0800504 0.0881319 0.0933230 0.0865818 0.0461172 0.0113391 0.1104823 0.0993172 0.0827287 0.0584771 0.0056019 0.1008612 0.1198807 0.1584101 0.0554492 0.0949512 0.0978724 0.0113353 0.0801647 0.0929955 0.0142344 0.0870090 0.0795405 0.0907538 0.1002393 0.0872558 0.1344169 0.0950111 0.1118000 0.0833482 0.0815048 0.0837033 0.0755273 0.0832085 0.0795899 0.0624354 0.1137470 0.1781499 0.0969097 0.0925785 0.0886505 0.0845326 0.0846214 0.1373230 0.0902616 0.1648895 0.0867965 0.0906093 0.0975732 0.1068385 0.0265223 0.0910289 0.1665242 0.0143699 0.0522360 0.0687772 0.1049891 0.0806323 0.0956571 0.0938775 0.0997691 0.0979592 0.0936032 0.1176206 0.1055556 0.0142344 0.1118751 0.0763727 0.0914434 0.0200645 0.0085877 0.0523719 0.0759365 0.0202298 0.0876983 0.1044861 0.0833533 0.1269188 0.0326237 0.0943942 0.1003753 0.1099201 0.0940109 0.0142051 0.1191113 0.0802394 0.0761055 0.0243810 0.1356188 0.0265366 0.0928876 0.0327009 0.0336122 0.0797573 0.1043238 0.0959421 0.0863324 0.0872201 0.1030655 0.0752026 0.0762619 0.0589525 0.0876432 
S0405         0.0844216 0.0000010 0.0262546 0.2339863 0.0735735 0.0598878 0.1101905 0.0142432 0.0745475 0.1320379 0.0875875 0.0145150 0.0591030 0.0948622 0.1007897 0.0908618 0.1125784 0.1027893 0.1148231 0.1088219 0.0754701 0.1218182 0.0142932 0.0000000 0.0937695 0.0684228 0.0983836 0.0868599 0.0558967 0.1109606 0.0973113 0.1081859 0.0746617 0.0832886 0.1000873 0.1012711 0.0908954 0.0497808 0.0027823 0.1152879 0.1039283 0.0833681 0.0622930 0.0084960 0.1054095 0.1223389 0.1599433 0.0592315 0.1035854 0.1026105 0.0143279 0.0858485 0.0973861 0.0202460 0.0913495 0.0837386 0.0951677 0.1047522 0.0916124 0.1397835 0.0996818 0.1166705 0.0876270 0.0858342 0.0880024 0.0796328 0.0874740 0.0837918 0.0663532 0.1185784 0.1798837 0.1015318 0.1063220 0.0969572 0.0888858 0.0889805 0.1385157 0.0946405 0.1664758 0.1018841 0.0950151 0.0946193 0.1115814 0.0361075 0.0954585 0.1634832 0.0174394 0.0559727 0.0727755 0.1096238 0.0850813 0.1003650 0.0984843 0.1085414 0.1024938 0.0980331 0.1225300 0.1102288 0.0055882 0.1167529 0.0805359 0.0958995 0.0231900 0.0056691 0.0595242 0.0800670 0.0233834 0.0920826 0.1092456 0.0876296 0.1227741 0.0360054 0.0988670 0.1048960 0.1146846 0.0987944 0.0172375 0.1240936 0.0844822 0.0802496 0.0282466 0.1418966 0.0298270 0.0981957 0.0360905 0.0371091 0.0912155 0.1090724 0.1008486 0.0906319 0.0915767 0.1077418 0.0792856 0.0804149 0.0628059 0.0920232 
S0407sl       0.0722021 0.0000010 0.0969585 0.2261506 0.0976892 0.0649317 0.0261495 0.0890947 0.0611159 0.0422380 0.0654114 0.0909960 0.1078880 0.0201186 0.0736244 0.0748279 0.0235429 0.0745256 0.0323620 0.0840567 0.0618546 0.0776625 0.0894381 0.0937695 0.0000000 0.1048244 0.0142093 0.0717163 0.0828053 0.0213080 0.0663769 0.0390502 0.0567279 0.1181501 0.0866457 0.0813612 0.0170826 0.0871320 0.0897166 0.0328734 0.0582789 0.0400675 0.0894060 0.0822683 0.0857372 0.0652353 0.1404607 0.0825235 0.0714525 0.0970591 0.0896828 0.0587240 0.0818084 0.0897071 0.0758735 0.0652337 0.0724540 0.0852201 0.0517229 0.1045567 0.0403015 0.0656179 0.0793416 0.0526513 0.0689952 0.0581318 0.0653362 0.0583957 0.1297629 0.0936287 0.1424964 0.0899050 0.0829939 0.0700378 0.0699860 0.0665466 0.1202190 0.0720847 0.1423105 0.0341933 0.0793568 0.0952444 0.0832814 0.1003446 0.0691516 0.1270883 0.0943028 0.1083831 0.0516753 0.0171297 0.0311603 0.0405692 0.0635974 0.0620389 0.0201442 0.0783019 0.0898041 0.0787341 0.0933223 0.0988264 0.0582745 0.0694451 0.1004469 0.0835391 0.0829461 0.0684415 0.0778399 0.0556435 0.0814191 0.0654420 0.0425807 0.0855544 0.0830209 0.0083840 0.0900096 0.0416460 0.0859341 0.0983215 0.0725710 0.0621918 0.0795843 0.0629216 0.0869719 0.0543493 0.0857371 0.0598794 0.0673340 0.0699939 0.0457264 0.0683892 0.0938036 0.0913109 0.0678954 0.0654617 0.0653482 0.0831476 
S0412sl       0.1030686 0.0000010 0.0795377 0.3426992 0.0845238 0.0613662 0.1165445 0.0679252 0.0877981 0.1651534 0.0842877 0.0636036 0.0983723 0.1118569 0.1022231 0.0996600 0.1326262 0.1045195 0.1189307 0.0965096 0.0690540 0.1167526 0.0577019 0.0684228 0.1048244 0.0000000 0.1115296 0.0947849 0.0844116 0.1248060 0.1024524 0.1141752 0.0810703 0.0878748 0.1067540 0.1058204 0.1001396 0.0679447 0.0626560 0.1315014 0.1175282 0.1086494 0.0734105 0.0577016 0.1182550 4.3750392 0.1894079 0.0519789 0.1123378 0.1249711 0.0686146 0.1221814 0.1112740 0.0683773 0.0948897 0.0950919 0.1022473 0.1046665 0.1043783 0.1620176 0.1035310 0.1359455 0.0953527 0.0863912 0.0962598 0.0835630 0.0885337 0.0957513 0.1153515 0.1127889 0.2320112 0.1043825 0.1010927 0.1151029 0.0967785 0.0969409 0.1692576 0.1070956 0.1884769 0.0946360 0.0953885 0.1290603 0.1112349 0.0727485 0.1076973 0.1903597 0.0635271 0.0676150 0.0783742 0.1121096 0.0901872 0.1030634 0.0979053 0.1160895 0.1240364 0.1112156 0.1372165 0.1061983 0.0626560 0.1309011 0.0900889 0.0844104 0.0737687 0.0478251 0.0838972 0.0784314 0.0665322 0.1072509 0.1079488 0.0783797 0.1549883 0.0514993 0.1139172 0.1163926 0.1127889 0.1087642 0.0684324 0.1261812 0.0788409 0.0845658 0.0686551 0.1638090 0.0522363 0.1160942 0.0520581 0.0465663 0.0739286 0.0919985 0.1260714 0.0940777 0.0897778 0.1090579 0.0835134 0.0904429 0.0668370 0.0891735 
S0417         0.0840980 0.0000010 0.1091539 0.2450445 0.1023891 0.0658053 0.0294313 0.0935695 0.0740951 0.0454263 0.0764940 0.0955947 0.1204707 0.0293725 0.0852010 0.0790210 0.0363655 0.0862678 0.0421094 0.0959848 0.0624294 0.0914310 0.0939350 0.0983836 0.0142093 0.1115296 0.0000000 0.0758677 0.0872007 0.0290152 0.0776445 0.0358571 0.0607190 0.1277174 0.0876878 0.0933111 0.0261814 0.0906957 0.0942312 0.0360005 0.0690206 0.0504664 0.1012889 0.0866246 0.0901580 0.0765219 0.1463237 0.0868961 0.0831542 0.1018860 0.0941953 0.0593877 0.0861352 0.0942212 0.0801384 0.0692814 0.0766596 0.0896068 0.0622342 0.1174467 0.0507686 0.0767216 0.0836746 0.0599228 0.0731346 0.0620233 0.0693895 0.0623092 0.1434015 0.0945884 0.1570390 0.0986922 0.0838656 0.0742544 0.0741988 0.0742737 0.1295814 0.0762602 0.1568374 0.0282393 0.0836909 0.0999487 0.0877075 0.1050557 0.0840804 0.1411514 0.0989491 0.1210354 0.0621802 0.0262536 0.0414706 0.0511097 0.0748697 0.0729824 0.0231089 0.0825618 0.1017612 0.0902295 0.0979065 0.1113018 0.0621770 0.0772359 0.1051629 0.0879808 0.0946804 0.0725383 0.0820663 0.0664137 0.0896879 0.0765304 0.0528902 0.0972623 0.0874277 0.0230438 0.0945392 0.0524994 0.0823173 0.1030606 0.0724463 0.0662003 0.0843709 0.0585869 0.0914717 0.0666798 0.0901546 0.0706813 0.0678695 0.0887464 0.0530586 0.0682726 0.0984234 0.0949298 0.0719520 0.0695263 0.0729501 0.0914534 
S0419         0.0403366 0.0000010 0.0973456 0.1866441 0.0798441 0.0042231 0.0825095 0.0823136 0.0554573 0.0935304 0.0292494 0.0840630 0.1009274 0.0753150 0.0627709 0.0510997 0.0915540 0.0600538 0.0794825 0.0591699 0.0326284 0.0644659 0.0826300 0.0868599 0.0717163 0.0947849 0.0758677 0.0000000 0.0760408 0.1006890 0.0557691 0.0838816 0.0362806 0.1095948 0.0722720 0.0666708 0.0620321 0.0874780 0.0828862 0.0835407 0.0990857 0.0683968 0.0756746 0.0755524 0.0481588 0.0643202 0.1230093 0.0580210 0.0570185 0.0704716 0.0828551 0.0456574 0.0141352 0.0791449 0.0143156 0.0056289 0.0481705 0.0478829 0.0870517 0.0852033 0.0652178 0.1117071 0.0416997 0.0425500 0.0482859 0.0351169 0.0416493 0.0384650 0.1223322 0.0622907 0.1414996 0.0534034 0.0749441 0.0593496 0.0456737 0.0422916 0.1078197 0.0113616 0.1415543 0.0732576 0.0417022 0.0484531 0.0757312 0.0934002 0.0418949 0.1264207 0.0873542 0.1013078 0.0230536 0.0793392 0.0554715 0.0617974 0.0603852 0.1035817 0.0754214 0.0609371 0.0751311 0.0645664 0.0864481 0.0729701 0.0290753 0.0357288 0.0934967 0.0767157 0.0761713 0.0260646 0.0781467 0.0917869 0.0460262 0.0292625 0.1033434 0.0788151 0.0143278 0.0821851 0.0589175 0.0671471 0.0791623 0.0693120 0.0293520 0.0292129 0.0938784 0.0970154 0.0801190 0.0926312 0.0789861 0.0532837 0.0368824 0.0494689 0.0800052 0.0383016 0.0546287 0.0519938 0.0383862 0.0292711 0.0690951 0.0553427 
S0427         0.0727399 0.0000010 0.0657987 0.2237138 0.0769972 0.0500808 0.0986494 0.0519705 0.0747630 0.1118723 0.0766708 0.0530387 0.0762800 0.0837531 0.0975323 0.0870881 0.1007742 0.0945970 0.1030905 0.0970949 0.0629744 0.1167873 0.0521650 0.0558967 0.0828053 0.0844116 0.0872007 0.0760408 0.0000000 0.1008629 0.0933734 0.0881103 0.0643591 0.0797192 0.0886934 0.1021231 0.0799291 0.0667530 0.0523215 0.0999327 0.0924301 0.0799238 0.0623368 0.0455889 0.0940902 0.1119714 0.1464434 0.0625299 0.0995004 0.0871492 0.0523023 0.0683713 0.0863314 0.0590131 0.0803239 0.0729505 0.0840198 0.0935106 0.0805509 0.1270524 0.0879630 0.1087102 0.0766988 0.0747788 0.0770271 0.0690155 0.0765765 0.0729945 0.0960120 0.0985277 0.1750893 0.0948359 0.0963424 0.0895072 0.0777898 0.0778693 0.1258948 0.0835705 0.1529675 0.0878666 0.0838848 0.0919031 0.1075561 0.0583807 0.0842753 0.1445064 0.0562111 0.0723467 0.0623227 0.0907883 0.0705128 0.0885647 0.0944947 0.0893431 0.0911630 0.0834876 0.1184075 0.1062435 0.0556424 0.1048207 0.0697849 0.0804752 0.0555189 0.0495927 0.0626551 0.0727040 0.0451886 0.0815293 0.0930131 0.0726867 0.1157053 0.0516078 0.0876308 0.0936372 0.0948240 0.0829556 0.0424056 0.1083802 0.0698946 0.0695433 0.0562436 0.1160725 0.0561943 0.0848856 0.0482603 0.0436336 0.0792629 0.0973183 0.0963202 0.0796974 0.0839211 0.0961443 0.0687206 0.0696865 0.0296816 0.0843307 
