113
CRNC          0.0000000 0.0000010 0.2544092 0.6816218 0.6328817 0.3573698 0.3640105 0.5482351 0.6247424 0.6513129 0.6032395 0.5814444 0.7073138 0.6562577 0.5895197 0.6188257 0.6031388 0.5542872 0.6592107 0.6332606 0.6739733 0.6326199 0.6336889 0.6328872 0.6443106 0.6476915 0.6051165 0.5518603 0.5952960 0.6091684 0.5670729 0.6215119 0.5715758 0.5741923 0.5879765 0.6788977 0.6304475 0.5722338 0.6552620 0.6363959 0.6143696 0.6222331 0.5379655 0.6056056 0.5678454 0.6163745 0.5851827 0.5481230 0.6222331 0.5271889 0.6436910 0.5751041 0.5438486 0.5978623 0.5166778 0.6078682 0.5194943 0.6455483 0.6071033 0.5719638 0.5832886 0.5740319 0.6185009 0.6089541 0.4109296 0.6167732 0.5693875 0.5587227 0.5908864 0.6581199 0.7047922 0.5762287 0.5460348 0.4702816 0.5989634 0.6345507 0.6546663 0.5320756 0.6589452 0.6476777 0.5053757 0.6222331 0.5934590 0.6513666 0.5181347 0.6455483 0.5906692 0.5693897 0.6621608 0.6458325 0.4812153 0.5828265 0.5828265 0.6015728 0.5269102 0.6455307 0.6152653 0.6866469 0.5958989 0.5723450 0.6347057 0.6152381 0.5485694 0.7109976 0.6399772 0.5561795 0.5813896 0.4867555 0.5791377 0.6657559 0.6341022 0.6393913 0.5640237 
HYZL          0.0000010 0.0000000 0.1389954 0.4561343 0.5322968 0.3392427 0.3569866 0.4592179 0.3382239 0.4456969 0.4226937 0.4119540 0.4098208 0.7613768 0.4967135 0.4098208 0.3885886 0.4233109 0.3569866 0.6538168 0.3483646 0.3854244 0.5097241 0.5162541 0.4131899 0.3203383 0.3373500 0.4088243 0.4119540 0.4808926 0.3501073 0.4723335 0.5006743 0.5489258 0.4754575 0.4001867 0.4226937 0.7057691 0.3111032 0.3576329 0.5006333 0.6016856 0.4427615 0.4331186 0.3595859 0.4629983 0.4355299 0.5471292 0.4735223 0.4088243 0.4585775 0.4193208 0.4088243 0.5094211 0.4440846 0.4473245 0.4098208 0.4604372 0.3896292 0.4119540 0.4415042 0.4255087 0.3827359 0.4326597 0.4362705 0.4912315 0.3483646 0.7271255 0.3134532 0.4119540 0.3793842 0.3895283 0.3765512 0.4130753 0.5309105 0.3813237 0.4208976 0.3984581 0.4226937 0.4098208 0.4658569 0.4585775 0.5146575 0.4438473 0.3943521 0.5126911 0.4616231 0.4220133 0.3896292 0.3793842 0.4314386 0.3884531 0.3884531 0.4226937 0.4181436 0.5762038 0.4098208 0.4709446 0.3378438 0.3734168 0.4451749 0.4226937 0.3933731 0.4438473 0.3125962 0.5390044 0.4088243 0.4266522 0.4568462 0.4616231 0.5100268 0.4912315 0.4226937 
MYZV          0.2544092 0.1389954 0.0000000 0.4159709 0.3627970 0.3085109 0.3643021 0.3615782 0.4105245 0.3916873 0.3802496 0.4325253 0.4139088 0.5046421 0.4203217 0.4103058 0.3992026 0.3509427 0.4056261 0.4445893 0.3947011 0.4127269 0.3411477 0.4257906 0.4021109 0.4087135 0.3958511 0.3568389 0.4012884 0.4558672 0.3753168 0.4103938 0.3509740 0.4815358 0.3708683 0.3871996 0.4232355 0.4109966 0.3593060 0.3933010 0.4681812 0.4121592 0.3919079 0.4180455 0.3692368 0.3743194 0.3832559 0.4270054 0.4104375 0.3666617 0.4054404 0.3745822 0.3785478 0.4211927 0.3793978 0.4090888 0.3800073 0.4330328 0.3924005 0.4048162 0.4109730 0.3770850 0.3928721 0.4030710 0.4082864 0.4461444 0.3421820 0.4283152 0.3401135 0.4186189 0.4443433 0.3433951 0.3541493 0.3432527 0.4095101 0.4358811 0.3686728 0.3543539 0.4111571 0.3899734 0.3389638 0.4054404 0.3891119 0.4578544 0.3936209 0.4941223 0.4724104 0.3896335 0.4198039 0.4198039 0.4021527 0.3645431 0.3645431 0.4043888 0.3943153 0.4365062 0.3813032 0.3994862 0.2956164 0.3268906 0.4115111 0.4096196 0.3899136 0.4359826 0.3892087 0.4139736 0.3876446 0.3860552 0.4473539 0.4591474 0.4419844 0.4033296 0.3996003 
SRR6441723    0.6816218 0.4561343 0.4159709 0.0000000 0.0899022 0.2254869 0.0700541 0.0561828 0.0952651 0.1064089 0.0853848 0.0807478 0.1072200 0.1357209 0.1118258 0.1003244 0.0963492 0.0970125 0.0859073 0.1237958 0.0812609 0.1331816 0.1060555 0.0970854 0.0961456 0.0912381 0.0852179 0.0509228 0.1019897 0.0917044 0.0844919 0.1255088 0.1234028 0.1386642 0.0824349 0.0926697 0.1076627 0.1081574 0.0859276 0.0854693 0.0910727 0.0917935 0.0649468 0.0968787 0.1644332 0.0859312 0.0931564 0.0960601 0.0860061 0.0599117 0.0904774 0.0512948 0.0597957 0.1086294 0.0707510 0.1030327 0.1081098 0.0821811 0.0861528 0.0902297 0.0971341 0.1299798 0.1043315 0.1209045 0.1360672 0.0972694 0.1630358 0.1464794 0.1248456 0.0851678 0.1071817 0.1470392 0.0551898 0.1384042 0.1015760 0.1142245 0.1008036 0.1003398 0.0762150 0.1061216 0.1438961 0.0854211 0.1360515 0.1134393 0.0686047 0.0973417 0.0918829 0.0863828 0.0920208 0.0859580 0.0917714 0.0646202 0.0646202 0.0852930 0.1159131 0.1122343 0.1012495 0.0847835 0.0691308 0.0792087 0.1227220 0.0810864 0.0806272 0.0965794 0.0964299 0.1031880 0.0558725 0.0782570 0.1186148 0.0966629 0.0966940 0.0811009 0.0853569 
ERR2789774    0.6328817 0.5322968 0.3627970 0.0899022 0.0000000 0.2165234 0.0368421 0.0511672 0.1000471 0.1118029 0.0243000 0.0756615 0.1021892 0.0649322 0.0506481 0.0850573 0.0862139 0.0868440 0.0751969 0.1218365 0.0761382 0.1010867 0.0839456 0.0376759 0.0329629 0.0859845 0.0851826 0.0556222 0.0801975 0.0752556 0.0794214 0.0965364 0.1043469 0.1214633 0.0767567 0.0814136 0.0511008 0.0420506 0.0652064 0.0756401 0.0795982 0.0244104 0.0556968 0.0809639 0.1302228 0.0738285 0.0868913 0.0907532 0.0244598 0.0600234 0.0285287 0.0510480 0.0507222 0.0980666 0.0708806 0.0975437 0.0922935 0.0713235 0.0809672 0.0803243 0.0867422 0.0905954 0.0987659 0.0921339 0.0604512 0.0974343 0.1180578 0.1287885 0.1023864 0.0753798 0.0864429 0.1188251 0.0552940 0.1068280 0.0861035 0.1030396 0.0960976 0.0843999 0.0330394 0.0842833 0.1043111 0.0243091 0.0737982 0.1082635 0.0577177 0.0854870 0.0704696 0.0764431 0.0919275 0.0858795 0.0766016 0.0647474 0.0647474 0.0242762 0.1049778 0.1124131 0.0910300 0.0325003 0.0211910 0.0674405 0.1067834 0.0373364 0.0755508 0.1021267 0.1015021 0.0691824 0.0607334 0.0515955 0.1132412 0.0849074 0.0331339 0.0702079 0.0413902 
PAFTOL_019361 0.3573698 0.3392427 0.3085109 0.2254869 0.2165234 0.0000000 0.1665752 0.1973360 0.2404291 0.2618652 0.2110725 0.2216890 0.2528328 0.2724368 0.2344886 0.2257086 0.2539547 0.2445207 0.2239890 0.3305775 0.2375672 0.2602929 0.2585122 0.2294986 0.2269919 0.2361655 0.2330678 0.2005980 0.2253080 0.2532575 0.2233075 0.2637955 0.2586567 0.3162903 0.2448572 0.2360608 0.2128750 0.2264071 0.2097654 0.2416946 0.2459992 0.2220966 0.2013075 0.2557772 0.2255822 0.2064738 0.2565600 0.2532065 0.2128889 0.2138921 0.2182210 0.2099283 0.2064516 0.2418337 0.2180020 0.2564264 0.2420388 0.2355371 0.2320715 0.2079498 0.2643656 0.2451240 0.2710334 0.2653621 0.1999253 0.2442328 0.2450933 0.3030892 0.2625511 0.2295953 0.2485474 0.2417395 0.2063137 0.2152707 0.2450212 0.2723264 0.2413766 0.2468793 0.2064320 0.2395856 0.2360826 0.2111704 0.2284116 0.2581886 0.1953764 0.2573085 0.2335322 0.2398773 0.2355052 0.2241301 0.2422113 0.2233644 0.2233644 0.2108001 0.2641380 0.3027650 0.2366500 0.2164719 0.1862761 0.1868006 0.2817425 0.1958566 0.2125094 0.2580248 0.2435054 0.1839325 0.2171718 0.2069372 0.2439407 0.2551278 0.2285103 0.2391876 0.2048922 
S0055         0.3640105 0.3569866 0.3643021 0.0700541 0.0368421 0.1665752 0.0000000 0.0143076 0.0510029 0.0674203 0.0287589 0.0139242 0.0692471 0.1165444 0.0599558 0.0433895 0.0436227 0.0361881 0.0139242 0.0904816 0.0139911 0.0676030 0.0633792 0.0446729 0.0524183 0.0138096 0.0358738 0.0139098 0.0355735 0.0445978 0.0210017 0.0785265 0.0599127 0.0698270 0.0453779 0.0294820 0.0211398 0.0708634 0.0210876 0.0210380 0.0518905 0.0536553 0.0281809 0.0441285 0.0788797 0.0285260 0.0365348 0.0366118 0.0367324 0.0209430 0.0363268 0.0213648 0.0281329 0.0523581 0.0362010 0.0443467 0.0138685 0.0454999 0.0139144 0.0359774 0.0282742 0.0525130 0.0445981 0.0709373 0.0445304 0.0530604 0.0702740 0.0951998 0.0226363 0.0599712 0.0598208 0.0709249 0.0208859 0.0702414 0.0600485 0.0441229 0.0591586 0.0147999 0.0139487 0.0675727 0.0651928 0.0363268 0.0599297 0.0679165 0.0212073 0.0610678 0.0522517 0.0285178 0.0286679 0.0209129 0.0286105 0.0074250 0.0074250 0.0362385 0.0141869 0.0763874 0.0517956 0.0443847 0.0000024 0.0071961 0.0686276 0.0211398 0.0139814 0.0524995 0.0438489 0.0522907 0.0287714 0.0292382 0.0612977 0.0518317 0.0529136 0.0440623 0.0284114 
S0196sl       0.5482351 0.4592179 0.3615782 0.0561828 0.0511672 0.1973360 0.0143076 0.0000000 0.0746512 0.0608675 0.0515203 0.0515734 0.0811145 0.0806676 0.0660225 0.0698924 0.0565236 0.0518380 0.0560193 0.0782557 0.0518861 0.0850180 0.0618458 0.0617856 0.0612022 0.0611689 0.0606117 0.0120186 0.0474469 0.0562856 0.0464117 0.1027977 0.0753430 0.0883006 0.0565084 0.0658080 0.0523659 0.0565715 0.0563152 0.0560200 0.0558946 0.0606948 0.0203023 0.0565229 0.1113125 0.0607072 0.0675112 0.0651647 0.0518796 0.0160602 0.0561788 0.0120498 0.0160314 0.0770004 0.0248490 0.0717099 0.0572488 0.0562241 0.0564476 0.0467084 0.0568129 0.1073107 0.0775303 0.0983949 0.0705617 0.0476546 0.1103945 0.0805029 0.0801399 0.0559562 0.0613408 0.1058606 0.0119521 0.0884424 0.0470216 0.0817634 0.0703693 0.0491606 0.0382538 0.0752954 0.0955517 0.0515412 0.0813444 0.0766286 0.0345032 0.0612230 0.0563615 0.0428085 0.0665305 0.0563368 0.0521678 0.0307619 0.0307619 0.0514671 0.0682401 0.0708743 0.0706708 0.0607737 0.0351063 0.0443557 0.0905665 0.0427016 0.0424772 0.0711356 0.0756943 0.0570362 0.0162352 0.0510903 0.0665379 0.0608188 0.0615378 0.0337478 0.0514993 
S0278         0.6247424 0.3382239 0.4105245 0.0952651 0.1000471 0.2404291 0.0510029 0.0746512 0.0000000 0.1372217 0.0891704 0.0328562 0.1274155 0.1294432 0.1155287 0.0501831 0.0896669 0.1059433 0.0372436 0.1329452 0.0370401 0.1314252 0.1043467 0.0956215 0.0999137 0.0370403 0.0501521 0.0686645 0.1057555 0.0464563 0.0498615 0.1523054 0.1273670 0.1311071 0.0916963 0.0562231 0.1048967 0.1184882 0.0459952 0.0687251 0.0690361 0.1013133 0.0783113 0.0901478 0.1502707 0.1001904 0.0967891 0.0896092 0.0898138 0.0731025 0.0942463 0.0692046 0.0729600 0.1345888 0.0844275 0.0848492 0.1118762 0.0655859 0.0644421 0.0892101 0.1006942 0.1510609 0.1178658 0.1419935 0.0764804 0.1116827 0.1606947 0.1516919 0.0995092 0.1043600 0.1164256 0.1570167 0.0682571 0.1420954 0.0741184 0.1236393 0.1205865 0.1042358 0.0800659 0.1314328 0.1487182 0.0892080 0.1397029 0.0912992 0.0340010 0.0746064 0.0696167 0.0799745 0.0795612 0.0326571 0.0804236 0.0685139 0.0685139 0.0890753 0.1253433 0.1212183 0.1264387 0.1048727 0.0633162 0.0831297 0.1320612 0.0798465 0.0641704 0.1111636 0.0552568 0.1069862 0.0739722 0.0513176 0.1226059 0.0741122 0.1004784 0.0950651 0.0891424 
S0281         0.6513129 0.4456969 0.3916873 0.1064089 0.1118029 0.2618652 0.0674203 0.0608675 0.1372217 0.0000000 0.1056130 0.1111365 0.0900523 0.1666218 0.1225002 0.1317926 0.1171668 0.0968072 0.1166832 0.1333842 0.1118658 0.1235303 0.0742061 0.1181241 0.1169719 0.1118368 0.1212757 0.0646014 0.0852970 0.1159995 0.0943750 0.1071329 0.0966207 0.1344863 0.1035070 0.1251134 0.1234483 0.1371074 0.1112094 0.0991140 0.1116317 0.1131888 0.0638028 0.1178275 0.1705780 0.0859496 0.1072784 0.1112998 0.1063946 0.0690478 0.1109390 0.0651132 0.0689128 0.0950795 0.0694779 0.1166991 0.1081205 0.1031800 0.1101397 0.0792336 0.0856972 0.1170386 0.0807758 0.1135163 0.1323995 0.0652232 0.1691260 0.1314224 0.1171118 0.0686736 0.0782752 0.1654514 0.0642176 0.1381407 0.0998935 0.0851135 0.1097676 0.0898025 0.0849045 0.0696040 0.1508493 0.1056583 0.1361162 0.1169985 0.0992565 0.1183981 0.1126470 0.1008761 0.1219273 0.1167542 0.0917422 0.0793286 0.0793286 0.1054974 0.1212868 0.1051949 0.0846283 0.1168290 0.0739415 0.0631414 0.1099630 0.0897971 0.1057313 0.0853821 0.1229157 0.1082207 0.0698714 0.1121721 0.0653870 0.1070121 0.1176493 0.0504495 0.1055833 
S0282         0.6032395 0.4226937 0.3802496 0.0853848 0.0243000 0.2110725 0.0287589 0.0515203 0.0891704 0.1056130 0.0000000 0.0654592 0.0910496 0.0553139 0.0323716 0.0842698 0.0756215 0.0761597 0.0703667 0.1171794 0.0658633 0.0900873 0.0846577 0.0200687 0.0158101 0.0754227 0.0747296 0.0461717 0.0699018 0.0757939 0.0599651 0.0958297 0.0949733 0.0988505 0.0773166 0.0820082 0.0417758 0.0245532 0.0646165 0.0700110 0.0752889 0.0160072 0.0462330 0.0760219 0.1181340 0.0743465 0.0762016 0.0704385 0.0078236 0.0504735 0.0117334 0.0465292 0.0414735 0.0869485 0.0608133 0.0864888 0.0716000 0.0718375 0.0705547 0.0700105 0.0760694 0.0999791 0.0875554 0.0912587 0.0353897 0.0863977 0.1171860 0.1188684 0.0802519 0.0652222 0.0758183 0.1133977 0.0459046 0.1007210 0.0805661 0.0917905 0.0951922 0.0636103 0.0243184 0.0739610 0.1051072 0.0077774 0.0743155 0.0968660 0.0533506 0.0811130 0.0661605 0.0661243 0.0810867 0.0753310 0.0662590 0.0543682 0.0543682 0.0077673 0.0832362 0.1009887 0.0803158 0.0198397 0.0000024 0.0572946 0.0955641 0.0284974 0.0653676 0.0909905 0.0904392 0.0696658 0.0510580 0.0602026 0.1017226 0.0805620 0.0158887 0.0602499 0.0324975 
S0289         0.5814444 0.4119540 0.4325253 0.0807478 0.0756615 0.2216890 0.0139242 0.0515734 0.0328562 0.1111365 0.0654592 0.0000000 0.1015818 0.1140271 0.0904457 0.0325602 0.0603867 0.0752893 0.0201398 0.0992280 0.0332630 0.1143615 0.0859632 0.0712900 0.0755542 0.0332635 0.0325415 0.0462168 0.0911427 0.0334115 0.0369930 0.1304540 0.1067154 0.1044603 0.0616975 0.0378521 0.0863006 0.0913572 0.0284848 0.0552262 0.0503693 0.0765957 0.0553708 0.0606953 0.1394165 0.0757625 0.0664478 0.0754906 0.0659230 0.0415906 0.0702828 0.0465754 0.0504280 0.1081542 0.0608796 0.0706576 0.0866504 0.0467653 0.0459672 0.0654822 0.0608379 0.1294056 0.1038744 0.1203663 0.0520169 0.0810285 0.1382514 0.1244215 0.0853840 0.0848136 0.0961964 0.1344420 0.0459493 0.1093650 0.0603676 0.0976866 0.0953182 0.0787520 0.0565883 0.1056689 0.1143185 0.0654863 0.1131014 0.0805018 0.0165334 0.0554773 0.0507798 0.0512950 0.0655627 0.0201888 0.0664148 0.0394946 0.0394946 0.0653906 0.0990079 0.0998744 0.1008180 0.0803213 0.0444442 0.0532586 0.1113485 0.0512197 0.0507772 0.0911093 0.0372139 0.0868819 0.0511098 0.0285068 0.0912240 0.0551202 0.0759745 0.0708842 0.0607866 
S0292         0.7073138 0.4098208 0.4139088 0.1072200 0.1021892 0.2528328 0.0692471 0.0811145 0.1274155 0.0900523 0.0910496 0.1015818 0.0000000 0.1363451 0.1236964 0.1331416 0.1024591 0.1029913 0.1070456 0.1474637 0.0972516 0.1002313 0.0991069 0.0978091 0.1020511 0.1127108 0.1116342 0.0748275 0.0976039 0.1133099 0.1052356 0.1023866 0.1301830 0.1505542 0.1046780 0.1207385 0.1179746 0.1268939 0.1070748 0.1172635 0.1234650 0.1035110 0.0749280 0.1136670 0.1727329 0.1075631 0.1156986 0.1179973 0.0917199 0.0793886 0.0962420 0.0754310 0.0792297 0.0765378 0.0912212 0.1309584 0.1128683 0.1205157 0.1182409 0.0909239 0.1139795 0.1015953 0.0764599 0.0825725 0.1253141 0.0862826 0.1712462 0.1799506 0.1261453 0.0651286 0.0857054 0.1610737 0.0649470 0.1518261 0.1238859 0.0917887 0.0842665 0.1123648 0.0817537 0.0374277 0.1591289 0.0910887 0.1259899 0.1126357 0.0842886 0.1305874 0.1135340 0.1026691 0.1305649 0.1018687 0.0978179 0.0855143 0.0855143 0.0909505 0.1095624 0.1008639 0.0159006 0.1071212 0.0743304 0.0957652 0.0420399 0.0867141 0.1120668 0.0645333 0.1238924 0.0935052 0.0803582 0.1048759 0.1069700 0.1296441 0.1026397 0.0805533 0.0910208 
S0293         0.6562577 0.7613768 0.5046421 0.1357209 0.0649322 0.2724368 0.1165444 0.0806676 0.1294432 0.1666218 0.0553139 0.1140271 0.1363451 0.0000000 0.0843489 0.1352750 0.1375256 0.1309147 0.1142677 0.1617815 0.1096147 0.1542158 0.1161260 0.0608740 0.0649759 0.1256796 0.1244526 0.1015882 0.1188844 0.1205725 0.1287346 0.1321325 0.1653993 0.1731881 0.1093672 0.1034315 0.0903065 0.0369246 0.1124519 0.1303532 0.1310434 0.0329554 0.1017261 0.1325962 0.1822173 0.1292007 0.1387100 0.1180611 0.0556962 0.1064122 0.0507592 0.0972097 0.0957247 0.1460182 0.1197727 0.1510589 0.1450259 0.1032448 0.1314703 0.1247510 0.1384870 0.1478807 0.1530552 0.1386903 0.1224278 0.1508355 0.1806642 0.1342811 0.1528224 0.1192099 0.1322789 0.1707988 0.1009389 0.1552373 0.1137231 0.1453249 0.1463179 0.1374604 0.0756479 0.1214603 0.1343027 0.0462494 0.1291586 0.1573626 0.0963222 0.1384630 0.1208733 0.1265373 0.1444412 0.1255244 0.1155275 0.1096957 0.1096957 0.0552573 0.1606251 0.1433637 0.1295718 0.0595729 0.0538990 0.1168256 0.1412733 0.0804804 0.1249410 0.1424025 0.1430634 0.1238334 0.1077774 0.0854347 0.1688424 0.1374427 0.0559141 0.1185239 0.0847211 
S0294         0.5895197 0.4967135 0.4203217 0.1118258 0.0506481 0.2344886 0.0599558 0.0660225 0.1155287 0.1225002 0.0323716 0.0904457 0.1236964 0.0843489 0.0000000 0.1103235 0.1014439 0.1022041 0.0957172 0.1471217 0.0910253 0.1223283 0.1038211 0.0409898 0.0411646 0.1011725 0.1002205 0.0695310 0.0851142 0.0963825 0.0842860 0.1287678 0.1219043 0.1383522 0.1038059 0.1087142 0.0556496 0.0603662 0.0892473 0.0952312 0.0906441 0.0416944 0.0696241 0.1020048 0.1244935 0.0996813 0.1022583 0.1060565 0.0325843 0.0740253 0.0366461 0.0700857 0.0643872 0.1195922 0.0755555 0.1079563 0.0974536 0.0977952 0.0959991 0.0850628 0.1020875 0.1329459 0.1204672 0.1240091 0.0663166 0.1131804 0.1347245 0.1367237 0.1190381 0.0953177 0.1071554 0.1309821 0.0691136 0.1174439 0.1067256 0.1247543 0.1221912 0.0843722 0.0506909 0.1044160 0.1226933 0.0323839 0.0948351 0.1244063 0.0779993 0.1074820 0.0914466 0.0913908 0.1074562 0.0996325 0.0813756 0.0799431 0.0799431 0.0323400 0.1048754 0.1234179 0.1118527 0.0454583 0.0254221 0.0772213 0.1173491 0.0551665 0.0804294 0.1236301 0.1172409 0.0848149 0.0699868 0.0942024 0.1295013 0.0964187 0.0413776 0.0846937 0.0592640 
S0299         0.6188257 0.4098208 0.4103058 0.1003244 0.0850573 0.2257086 0.0433895 0.0698924 0.0501831 0.1317926 0.0842698 0.0325602 0.1331416 0.1352750 0.1103235 0.0000000 0.0694167 0.0893666 0.0284143 0.1093411 0.0508123 0.1242192 0.1095614 0.0905868 0.0948701 0.0508118 0.0496903 0.0640413 0.1057532 0.0510460 0.0543982 0.1409460 0.1166785 0.1198603 0.0709339 0.0466330 0.1062077 0.1114575 0.0369095 0.0596459 0.0501467 0.0961938 0.0735790 0.0697746 0.1441326 0.0851738 0.0757589 0.0751897 0.0848751 0.0684491 0.0892896 0.0645432 0.0683164 0.1290880 0.0795636 0.0751293 0.1066431 0.0420124 0.0546421 0.0843056 0.0843647 0.1398063 0.1191107 0.1307704 0.0683102 0.1011087 0.1606932 0.1460031 0.1174100 0.1043497 0.1109751 0.1508344 0.0636634 0.1420896 0.0600950 0.1182464 0.1155985 0.0989526 0.0702688 0.1260750 0.1487137 0.0843051 0.1125605 0.0848365 0.0292859 0.0506083 0.0505542 0.0601965 0.0747450 0.0369979 0.0804551 0.0485685 0.0485685 0.0841802 0.1198684 0.1199698 0.1211138 0.0997857 0.0584752 0.0671771 0.1433213 0.0694068 0.0595834 0.1219797 0.0458440 0.0968124 0.0692587 0.0436538 0.1117691 0.0548749 0.0954043 0.0900624 0.0842423 
S0303         0.6031388 0.3885886 0.3992026 0.0963492 0.0862139 0.2539547 0.0436227 0.0565236 0.0896669 0.1171668 0.0756215 0.0603867 0.1024591 0.1375256 0.1014439 0.0694167 0.0000000 0.0604455 0.0559241 0.0766624 0.0761893 0.1047727 0.0919271 0.0818868 0.0860937 0.0809056 0.0744098 0.0509957 0.0852689 0.0864807 0.0742338 0.1425717 0.1058654 0.0855400 0.0201007 0.0718054 0.0972737 0.1024880 0.0700796 0.0707049 0.0749645 0.0873006 0.0603190 0.0117645 0.1211369 0.0760898 0.0284810 0.0808811 0.0761668 0.0553609 0.0806005 0.0513958 0.0552543 0.1142452 0.0659959 0.0976185 0.0811628 0.0715235 0.0702517 0.0801950 0.0650307 0.1414064 0.1150772 0.1211561 0.0944612 0.0870530 0.1259140 0.1346412 0.0995541 0.0903379 0.0865406 0.1240005 0.0418168 0.1087222 0.0810159 0.1141815 0.1012812 0.0731745 0.0616591 0.0960739 0.1136145 0.0756533 0.1071835 0.0857596 0.0476975 0.0807576 0.0756091 0.0078179 0.0858639 0.0748692 0.0612609 0.0081676 0.0081676 0.0755408 0.0996512 0.1004986 0.0912598 0.0909902 0.0591798 0.0579697 0.1123110 0.0609015 0.0756009 0.1074254 0.0801899 0.0981588 0.0560109 0.0760930 0.1024626 0.0802114 0.0806005 0.0762090 0.0755950 
S0308         0.5542872 0.4233109 0.3509427 0.0970125 0.0868440 0.2445207 0.0361881 0.0518380 0.1059433 0.0968072 0.0761597 0.0752893 0.1029913 0.1309147 0.1022041 0.0893666 0.0604455 0.0000000 0.0753140 0.0976396 0.0868335 0.1107180 0.0804661 0.0825273 0.0867223 0.0969887 0.0847666 0.0513107 0.0701827 0.0974922 0.0900171 0.1377454 0.0908641 0.1030685 0.0520990 0.0815475 0.0864352 0.0966018 0.0753301 0.0810973 0.0854077 0.0822162 0.0606995 0.0562460 0.1260071 0.0916090 0.0564927 0.0965191 0.0767121 0.0557046 0.0811799 0.0517157 0.0510609 0.1150679 0.0664232 0.1090850 0.0819287 0.0764771 0.0805677 0.0760090 0.0459333 0.1366186 0.1088140 0.1274556 0.0776917 0.0876913 0.1384959 0.1232671 0.0913124 0.0909480 0.0858645 0.1157095 0.0510081 0.1317381 0.0906781 0.1133148 0.1071955 0.0739680 0.0612155 0.0913175 0.1194437 0.0761920 0.1132927 0.0902963 0.0580117 0.0914985 0.0861575 0.0469232 0.1032354 0.0803907 0.0609211 0.0441859 0.0441859 0.0760779 0.0847058 0.1012375 0.1022068 0.0916591 0.0592352 0.0431184 0.1117375 0.0660407 0.0861460 0.1081827 0.0956865 0.0984425 0.0563622 0.0592927 0.0982334 0.0908681 0.0872166 0.0816978 0.0759520 
S0320         0.6592107 0.3569866 0.4056261 0.0859073 0.0751969 0.2239890 0.0139242 0.0560193 0.0372436 0.1166832 0.0703667 0.0201398 0.1070456 0.1142677 0.0957172 0.0284143 0.0559241 0.0753140 0.0000000 0.0881765 0.0290263 0.1094994 0.0976718 0.0814062 0.0806277 0.0290271 0.0283985 0.0508033 0.0911752 0.0332179 0.0414131 0.1363833 0.1060354 0.1153101 0.0568393 0.0247838 0.0915657 0.0915466 0.0243509 0.0508410 0.0412888 0.0813135 0.0600881 0.0559232 0.1280974 0.0657468 0.0618485 0.0708605 0.0708688 0.0551517 0.0752579 0.0509439 0.0550460 0.1137651 0.0657382 0.0660633 0.0919392 0.0421877 0.0416767 0.0703929 0.0704357 0.1352787 0.1039140 0.1262016 0.0520169 0.0917862 0.1443667 0.1246831 0.0962526 0.0899763 0.0962780 0.1337904 0.0505072 0.1262916 0.0513117 0.1031628 0.1006439 0.0840668 0.0566051 0.1111312 0.1313571 0.0703961 0.1019142 0.0805290 0.0081299 0.0461648 0.0416198 0.0468940 0.0610265 0.0244089 0.0713158 0.0350072 0.0350072 0.0702924 0.1045685 0.1052348 0.1062348 0.0854500 0.0493363 0.0580548 0.1169089 0.0559169 0.0464218 0.0964267 0.0329904 0.0764341 0.0557968 0.0138880 0.1023140 0.0458723 0.0810793 0.0759060 0.0703413 
S0322         0.6332606 0.6538168 0.4445893 0.1237958 0.1218365 0.3305775 0.0904816 0.0782557 0.1329452 0.1333842 0.1171794 0.0992280 0.1474637 0.1617815 0.1471217 0.1093411 0.0766624 0.0976396 0.0881765 0.0000000 0.1118780 0.1463669 0.1155601 0.1250516 0.1294902 0.1234580 0.1151589 0.0831467 0.1151991 0.1222764 0.1101726 0.1757242 0.1374319 0.1334353 0.0675317 0.1007341 0.1304606 0.1291681 0.1104583 0.1226138 0.0928821 0.1127084 0.0990918 0.0765243 0.1840635 0.1051483 0.0836666 0.1180971 0.1180994 0.0931994 0.1229189 0.0779582 0.0930021 0.1540831 0.1062130 0.1377846 0.1293104 0.0897630 0.1107796 0.1095673 0.0619889 0.1741725 0.1355407 0.1583918 0.1654484 0.1310709 0.1893219 0.1467912 0.1335444 0.1283259 0.1281861 0.1602021 0.0877882 0.1686759 0.0947949 0.1298761 0.1327847 0.1094184 0.0894383 0.1466881 0.1535138 0.1172325 0.1453597 0.1289674 0.0738432 0.0993140 0.0937263 0.0666805 0.1367030 0.1159374 0.1059195 0.0213735 0.0213735 0.1170433 0.1466196 0.1278168 0.1412934 0.1350349 0.0938640 0.0983962 0.1658541 0.0882640 0.1171538 0.1483769 0.1110088 0.1357878 0.0889812 0.0988995 0.1487545 0.0986070 0.1302853 0.1068820 0.1059577 
S0327         0.6739733 0.3483646 0.3947011 0.0812609 0.0761382 0.2375672 0.0139911 0.0518861 0.0370401 0.1118658 0.0658633 0.0332630 0.0972516 0.1096147 0.0910253 0.0508123 0.0761893 0.0868335 0.0290263 0.1118780 0.0000000 0.1117614 0.1067869 0.0767641 0.0760297 0.0245654 0.0331630 0.0464907 0.0917313 0.0336080 0.0372070 0.1238944 0.1236865 0.1159931 0.0779111 0.0386004 0.0761274 0.0987086 0.0290290 0.0465236 0.0513653 0.0770840 0.0557045 0.0765960 0.1289372 0.0861167 0.0829332 0.0759652 0.0663328 0.0508235 0.0707197 0.0468534 0.0507272 0.1020525 0.0612540 0.0615568 0.0809981 0.0477020 0.0468719 0.0754606 0.0817343 0.1229129 0.0978028 0.1139605 0.0522865 0.0870656 0.1392177 0.1129194 0.0797545 0.0853500 0.0968209 0.1353897 0.0462200 0.1212737 0.0607356 0.1020416 0.0910421 0.0683309 0.0569364 0.1013767 0.1268771 0.0658907 0.1138573 0.0873918 0.0167693 0.0565942 0.0517930 0.0666119 0.0565710 0.0330588 0.0717059 0.0545441 0.0545441 0.0657938 0.0930068 0.1124871 0.0965186 0.0808290 0.0447711 0.0691276 0.1003540 0.0616076 0.0372232 0.0868450 0.0468578 0.0874447 0.0514174 0.0140715 0.1079609 0.0562222 0.0764553 0.0713286 0.0658387 
S0335         0.6326199 0.3854244 0.4127269 0.1331816 0.1010867 0.2602929 0.0676030 0.0850180 0.1314252 0.1235303 0.0900873 0.1143615 0.1002313 0.1542158 0.1223283 0.1242192 0.1047727 0.1107180 0.1094994 0.1463669 0.1117614 0.0000000 0.1013086 0.0967518 0.1009511 0.1223270 0.1139957 0.0836334 0.1105057 0.1229807 0.1146027 0.1393330 0.1177571 0.1411707 0.1178078 0.1173661 0.1179533 0.1124329 0.1095290 0.1053509 0.1148638 0.1023797 0.0937204 0.1157677 0.1767850 0.1224742 0.1288690 0.1273765 0.0907435 0.0882069 0.0952176 0.0843059 0.0782543 0.1119284 0.1003278 0.1237266 0.1350719 0.1118796 0.0994094 0.1036208 0.1141705 0.1270440 0.1163369 0.1129724 0.0961374 0.0953539 0.1748493 0.1773808 0.1481308 0.0934943 0.0983592 0.1774594 0.0736180 0.1677662 0.1225136 0.1204966 0.0990962 0.1108282 0.0945269 0.0841927 0.1749292 0.0901256 0.1415336 0.1060173 0.0770332 0.1216037 0.1158959 0.0990378 0.1179904 0.1044124 0.1123471 0.0879461 0.0879461 0.0899903 0.1262756 0.0980098 0.0893113 0.1059614 0.0688977 0.0982941 0.0946429 0.0830881 0.1108501 0.1052829 0.1314157 0.1300488 0.0892843 0.0949570 0.1162298 0.1207516 0.0964098 0.0945001 0.1054422 
S0345         0.6336889 0.5097241 0.3411477 0.1060555 0.0839456 0.2585122 0.0633792 0.0618458 0.1043467 0.0742061 0.0846577 0.0859632 0.0991069 0.1161260 0.1038211 0.1095614 0.0919271 0.0804661 0.0976718 0.1155601 0.1067869 0.1013086 0.0000000 0.0795137 0.0788538 0.1195090 0.0969098 0.0565969 0.0917241 0.1061934 0.0919529 0.1098954 0.1043659 0.1363541 0.0919601 0.0983348 0.1240340 0.0839040 0.0846254 0.1048413 0.0796160 0.0845505 0.0623444 0.0919903 0.1701414 0.1098197 0.0998756 0.1106220 0.0788290 0.0618948 0.0847001 0.0567861 0.0617504 0.1061638 0.0626882 0.1122702 0.1148995 0.0801980 0.0918988 0.1053173 0.0873509 0.1157793 0.1072922 0.0986705 0.1256784 0.0688589 0.1684397 0.1130299 0.1394729 0.0851875 0.0988414 0.1555526 0.0561946 0.1486271 0.0936242 0.1068884 0.1326659 0.0908555 0.0738684 0.0784145 0.1406244 0.0788290 0.1109219 0.1126186 0.0528618 0.0867092 0.0804418 0.0802917 0.1201363 0.0862483 0.0997091 0.0658694 0.0658694 0.0845505 0.1243930 0.0447437 0.0919823 0.0965012 0.0639547 0.0695406 0.1170811 0.0669943 0.0984809 0.0916318 0.1106567 0.1040934 0.0627782 0.0946600 0.0863981 0.0743133 0.0853153 0.0670148 0.0846249 
S0400         0.6328872 0.5162541 0.4257906 0.0970854 0.0376759 0.2294986 0.0446729 0.0617856 0.0956215 0.1181241 0.0200687 0.0712900 0.0978091 0.0608740 0.0409898 0.0905868 0.0818868 0.0825273 0.0814062 0.1250516 0.0767641 0.0967518 0.0795137 0.0000000 0.0285806 0.0866984 0.0858836 0.0560602 0.0759695 0.0819681 0.0750944 0.0974261 0.1068247 0.1113070 0.0838089 0.0937828 0.0515003 0.0470371 0.0752740 0.0809890 0.0865410 0.0204248 0.0561357 0.0823731 0.1257667 0.0854283 0.0825729 0.0915085 0.0201995 0.0604967 0.0159634 0.0565055 0.0511166 0.1043683 0.0714580 0.0983741 0.0879548 0.0831578 0.0816363 0.0809825 0.0824290 0.1069253 0.1051255 0.0980424 0.0434291 0.0877600 0.1247385 0.1378763 0.0914980 0.0810319 0.0924100 0.1152419 0.0557266 0.1077351 0.0920832 0.1094395 0.1072591 0.0799632 0.0377065 0.0800497 0.1125361 0.0119026 0.0855543 0.0930570 0.0586848 0.0927284 0.0771191 0.0721636 0.0927025 0.0753031 0.0668050 0.0602741 0.0602741 0.0200492 0.0950008 0.0973673 0.0867049 0.0327924 0.0167596 0.0625345 0.1024203 0.0420870 0.0761676 0.1084568 0.0970130 0.0805698 0.0612181 0.0780011 0.1033472 0.0920825 0.0202720 0.0707740 0.0461869 
S0405         0.6443106 0.4131899 0.4021109 0.0961456 0.0329629 0.2269919 0.0524183 0.0612022 0.0999137 0.1169719 0.0158101 0.0755542 0.1020511 0.0649759 0.0411646 0.0948701 0.0860937 0.0867223 0.0806277 0.1294902 0.0760297 0.1009511 0.0788538 0.0285806 0.0000000 0.0858648 0.0850648 0.0555409 0.0800854 0.0862982 0.0793111 0.1069476 0.1164053 0.1213032 0.0880618 0.0928601 0.0510253 0.0420767 0.0745662 0.0802179 0.0857103 0.0244244 0.0556154 0.0764614 0.1300565 0.0846181 0.0867695 0.0906285 0.0159115 0.0599368 0.0198852 0.0559783 0.0506477 0.0979315 0.0605732 0.0974095 0.0921653 0.0823463 0.0808531 0.0802119 0.0866207 0.1111245 0.0986291 0.1022948 0.0589116 0.0973007 0.1289994 0.1421343 0.1022412 0.0752732 0.0863221 0.1252354 0.0552136 0.1119621 0.0860220 0.1028996 0.1062191 0.0842775 0.0329889 0.0841677 0.1169320 0.0158158 0.0845841 0.1081183 0.0634205 0.0918268 0.0763777 0.0763338 0.0918001 0.0857601 0.0764928 0.0646483 0.0646483 0.0157949 0.1048334 0.1015927 0.0909048 0.0282505 0.0167251 0.0673411 0.1066414 0.0372809 0.0754438 0.1019886 0.0900666 0.0798070 0.0606450 0.0863169 0.1130915 0.0911920 0.0242413 0.0701079 0.0413287 
S0407sl       0.6476915 0.3203383 0.4087135 0.0912381 0.0859845 0.2361655 0.0138096 0.0611689 0.0370403 0.1118368 0.0754227 0.0332635 0.1127108 0.1256796 0.1011725 0.0508118 0.0809056 0.0969887 0.0290271 0.1234580 0.0245654 0.1223270 0.1195090 0.0866984 0.0858648 0.0000000 0.0418836 0.0555113 0.0917153 0.0424513 0.0372070 0.1312991 0.1236473 0.1270062 0.0827399 0.0476811 0.0907702 0.1092629 0.0377122 0.0555553 0.0605494 0.0870655 0.0649381 0.0813393 0.1288913 0.0762319 0.0877996 0.0806670 0.0759652 0.0599049 0.0803880 0.0559484 0.0597889 0.1139325 0.0707400 0.0710925 0.0871967 0.0569743 0.0559758 0.0658816 0.0917791 0.1302382 0.1045445 0.1322716 0.0514128 0.0972455 0.1391615 0.1252251 0.0848532 0.0853375 0.0968020 0.1353370 0.0551845 0.1212360 0.0607320 0.0983102 0.1007849 0.0792586 0.0663869 0.1063317 0.1268328 0.0754544 0.1138255 0.0976128 0.0255532 0.0659880 0.0610593 0.0712633 0.0659632 0.0330589 0.0815214 0.0595258 0.0595258 0.0753424 0.1103334 0.1231335 0.1118501 0.0907482 0.0494882 0.0691212 0.1226829 0.0711507 0.0510790 0.1019309 0.0468564 0.0923135 0.0606123 0.0210332 0.0975038 0.0655498 0.0863493 0.0810854 0.0753963 
S0417         0.6051165 0.3373500 0.3958511 0.0852179 0.0851826 0.2330678 0.0358738 0.0606117 0.0501521 0.1212757 0.0747296 0.0325415 0.1116342 0.1244526 0.1002205 0.0496903 0.0744098 0.0847666 0.0283985 0.1151589 0.0331630 0.1139957 0.0969098 0.0858836 0.0850648 0.0418836 0.0000000 0.0550162 0.1009968 0.0420723 0.0455381 0.1411575 0.1275475 0.1257537 0.0760510 0.0377376 0.0960926 0.1012397 0.0284006 0.0550590 0.0502183 0.0862436 0.0643530 0.0747975 0.1389328 0.0952727 0.0809432 0.0849916 0.0752623 0.0593702 0.0796460 0.0554449 0.0592562 0.1128333 0.0700905 0.0704367 0.0964839 0.0466230 0.0458296 0.0844288 0.0798002 0.1400147 0.1085725 0.1309683 0.0851588 0.0963226 0.1377756 0.1349996 0.0897534 0.0944256 0.1061340 0.1454947 0.0546948 0.1310616 0.0694959 0.1184237 0.0950146 0.0886919 0.0657767 0.1156906 0.1371166 0.0747607 0.1234365 0.0901035 0.0207230 0.0553090 0.0506269 0.0650703 0.0653594 0.0369764 0.0807589 0.0534744 0.0534744 0.0746508 0.0986812 0.1097485 0.1107893 0.0899013 0.0490229 0.0674688 0.1215114 0.0601937 0.0506238 0.1009647 0.0458162 0.0967394 0.0600650 0.0437331 0.1174379 0.0549536 0.0855406 0.0803309 0.0747035 
S0419         0.5518603 0.4088243 0.3568389 0.0509228 0.0556222 0.2005980 0.0139098 0.0120186 0.0686645 0.0646014 0.0461717 0.0462168 0.0748275 0.1015882 0.0695310 0.0640413 0.0509957 0.0513107 0.0508033 0.0831467 0.0464907 0.0836334 0.0565969 0.0560602 0.0555409 0.0555113 0.0550162 0.0000000 0.0557925 0.0557706 0.0500193 0.0957511 0.0844721 0.0868075 0.0520850 0.0519111 0.0654533 0.0761928 0.0508107 0.0505501 0.0554157 0.0562804 0.0158946 0.0512518 0.1145153 0.0554445 0.0615411 0.0599428 0.0464860 0.0117901 0.0506929 0.0039009 0.0117695 0.0707768 0.0161045 0.0656690 0.0608735 0.0518229 0.0509263 0.0415206 0.0559337 0.0848954 0.0762808 0.0863190 0.0601568 0.0423433 0.1135859 0.1061437 0.0735908 0.0504952 0.0603897 0.1042570 0.0078007 0.0970443 0.0555805 0.0804507 0.0645347 0.0529445 0.0376780 0.0692459 0.1013127 0.0461900 0.0852953 0.0704427 0.0297382 0.0606898 0.0558758 0.0421153 0.0559146 0.0508302 0.0467378 0.0301215 0.0301215 0.0461250 0.0718356 0.0696733 0.0647396 0.0600514 0.0300130 0.0389968 0.0840345 0.0420558 0.0461576 0.0651532 0.0648337 0.0658843 0.0078537 0.0359695 0.0606750 0.0602925 0.0558390 0.0375863 0.0461525 
S0427         0.5952960 0.4119540 0.4012884 0.1019897 0.0801975 0.2253080 0.0355735 0.0474469 0.1057555 0.0852970 0.0699018 0.0911427 0.0976039 0.1188844 0.0851142 0.1057532 0.0852689 0.0701827 0.0911752 0.1151991 0.0917313 0.1105057 0.0917241 0.0759695 0.0800854 0.0917153 0.1009968 0.0557925 0.0000000 0.1024954 0.0751962 0.0973734 0.0796599 0.1061483 0.0823557 0.1040142 0.0759080 0.1028303 0.0899262 0.0959666 0.1017763 0.0811892 0.0558675 0.0809682 0.0960242 0.0704762 0.0926963 0.0760169 0.0703973 0.0602092 0.0747575 0.0562338 0.0600920 0.0932294 0.0711126 0.1086288 0.0718047 0.0985702 0.0967464 0.0513416 0.0646126 0.0966243 0.0715553 0.0980676 0.0940708 0.0824865 0.0966685 0.1192344 0.1070513 0.0520067 0.0467300 0.0979919 0.0554621 0.0975654 0.1021116 0.0869815 0.0753412 0.0637941 0.0414544 0.0702728 0.0950294 0.0699308 0.0709166 0.0764909 0.0681269 0.1083345 0.0921581 0.0656854 0.1083086 0.0965176 0.0559439 0.0586762 0.0586762 0.0698285 0.1002725 0.0807822 0.0865214 0.0848731 0.0488969 0.0435825 0.1022085 0.0555554 0.0810428 0.0862426 0.1020986 0.0617996 0.0609240 0.0844337 0.0876109 0.1075685 0.0805309 0.0656823 0.0698766 
S0428sl       0.6091684 0.4808926 0.4558672 0.0917044 0.0752556 0.2532575 0.0445978 0.0562856 0.0464563 0.1159995 0.0757939 0.0334115 0.1133099 0.1205725 0.0963825 0.0510460 0.0864807 0.0974922 0.0332179 0.1222764 0.0336080 0.1229807 0.1061934 0.0819681 0.0862982 0.0424513 0.0420723 0.0557706 0.1024954 0.0000000 0.0373727 0.1433602 0.1063836 0.1043521 0.0826052 0.0429494 0.0975151 0.1042610 0.0378822 0.0462129 0.0507260 0.0817263 0.0597561 0.0812089 0.1411431 0.0802151 0.0871629 0.0862227 0.0763419 0.0601860 0.0807875 0.0511813 0.0600689 0.1148143 0.0605874 0.0656894 0.0979179 0.0521104 0.0465560 0.0856439 0.0922513 0.1421823 0.1159144 0.1330102 0.0703010 0.0912516 0.1516123 0.1311733 0.0852999 0.0907642 0.1024903 0.1405733 0.0554404 0.1331064 0.0600497 0.1202317 0.1067125 0.0900332 0.0667111 0.1174159 0.1321207 0.0758259 0.1124746 0.0815613 0.0252888 0.0605961 0.0557887 0.0766710 0.0561801 0.0379754 0.0769266 0.0595993 0.0595993 0.0757128 0.1109318 0.1237963 0.1124398 0.0912093 0.0497308 0.0744704 0.1177441 0.0714999 0.0468008 0.1024631 0.0376853 0.0864066 0.0609004 0.0365198 0.1121431 0.0602000 0.0867877 0.0754727 0.0709424 
S0478         0.5670729 0.3501073 0.3753168 0.0844919 0.0794214 0.2233075 0.0210017 0.0464117 0.0498615 0.0943750 0.0599651 0.0369930 0.1052356 0.1287346 0.0842860 0.0543982 0.0742338 0.0900171 0.0414131 0.1101726 0.0372070 0.1146027 0.0919529 0.0750944 0.0793111 0.0372070 0.0455381 0.0500193 0.0751962 0.0373727 0.0000000 0.1230965 0.0952570 0.0919979 0.0758670 0.0513903 0.0801918 0.0915560 0.0414181 0.0500558 0.0459567 0.0803939 0.0591476 0.0746198 0.1097577 0.0795273 0.0807453 0.0648784 0.0697242 0.0542975 0.0740425 0.0504038 0.0541957 0.1063483 0.0646871 0.0650019 0.0613193 0.0423118 0.0504252 0.0739999 0.0752389 0.1221273 0.0971918 0.1186480 0.0439108 0.0902530 0.1196126 0.0966146 0.0734657 0.0788362 0.0898507 0.1157661 0.0497319 0.1027599 0.0550281 0.0912164 0.0937762 0.0486580 0.0604360 0.0991287 0.1073303 0.0692659 0.0959923 0.0806759 0.0338676 0.0509677 0.0463296 0.0697293 0.0551063 0.0415183 0.0655434 0.0534732 0.0534732 0.0691662 0.0822995 0.1153357 0.1044517 0.0840493 0.0302005 0.0577890 0.1149259 0.0650544 0.0370216 0.0948149 0.0416642 0.0756709 0.0549232 0.0435694 0.1005846 0.0506413 0.0744093 0.0746706 0.0692125 
S0552sl       0.6215119 0.4723335 0.4103938 0.1255088 0.0965364 0.2637955 0.0785265 0.1027977 0.1523054 0.1071329 0.0958297 0.1304540 0.1023866 0.1321325 0.1287678 0.1409460 0.1425717 0.1377454 0.1363833 0.1757242 0.1238944 0.1393330 0.1098954 0.0974261 0.1069476 0.1312991 0.1411575 0.0957511 0.0973734 0.1433602 0.1230965 0.0000000 0.1469925 0.1728619 0.1402155 0.1458131 0.1353830 0.1265254 0.1178357 0.1304216 0.1422883 0.0977925 0.1011045 0.1434844 0.1695267 0.1235387 0.1520351 0.1251451 0.0965364 0.1057625 0.0958709 0.0964903 0.1055418 0.0867518 0.1190199 0.1504374 0.1251488 0.1336864 0.1368427 0.1079581 0.1436396 0.0240640 0.0875496 0.0159193 0.1479074 0.1031543 0.1680902 0.1654573 0.1709178 0.0751699 0.0861999 0.1459138 0.1003266 0.1373066 0.1543117 0.0815475 0.1304753 0.1233661 0.0913779 0.0796434 0.1498990 0.0907377 0.1253930 0.1370684 0.1009069 0.1499914 0.1319826 0.1315938 0.1499733 0.1308296 0.1152873 0.1090433 0.1090433 0.0957252 0.1449370 0.1073805 0.0862593 0.1068185 0.0693249 0.0903663 0.0939822 0.0964137 0.1172432 0.1067967 0.1315201 0.1140956 0.1016730 0.1069811 0.1085214 0.1488774 0.1022394 0.1056508 0.1007163 
S0558         0.5715758 0.5006743 0.3509740 0.1234028 0.1043469 0.2586567 0.0599127 0.0753430 0.1273670 0.0966207 0.0949733 0.1067154 0.1301830 0.1653993 0.1219043 0.1166785 0.1058654 0.0908641 0.1060354 0.1374319 0.1236865 0.1177571 0.1043659 0.1068247 0.1164053 0.1236473 0.1275475 0.0844721 0.0796599 0.1063836 0.0952570 0.1469925 0.0000000 0.1207413 0.0971831 0.1138909 0.1174990 0.1193402 0.1156375 0.1116841 0.1210850 0.1117282 0.0896620 0.0955278 0.1662475 0.0743738 0.1087647 0.1019186 0.1058826 0.0890942 0.1104066 0.0795578 0.0889140 0.1372397 0.0962143 0.1305404 0.1023810 0.1190704 0.1070887 0.0959306 0.1011301 0.1457945 0.1269809 0.1480863 0.1045016 0.1086998 0.1711690 0.1360555 0.1132784 0.1065388 0.1077870 0.1563905 0.0839525 0.1522886 0.1235081 0.1372193 0.1282860 0.0893194 0.0901088 0.1001130 0.1519094 0.1051532 0.1049231 0.1089146 0.0925422 0.1280319 0.1221891 0.0858436 0.1247173 0.1123125 0.0910955 0.0792590 0.0792590 0.1049936 0.1104131 0.1130800 0.1291650 0.1215451 0.0587908 0.0632829 0.1521566 0.0900702 0.1117691 0.1356603 0.1130799 0.0954358 0.0901941 0.1016507 0.1141406 0.1164649 0.1170763 0.0852887 0.1099781 
S0616         0.5741923 0.5489258 0.4815358 0.1386642 0.1214633 0.3162903 0.0698270 0.0883006 0.1311071 0.1344863 0.0988505 0.1044603 0.1505542 0.1731881 0.1383522 0.1198603 0.0855400 0.1030685 0.1153101 0.1334353 0.1159931 0.1411707 0.1363541 0.1113070 0.1213032 0.1270062 0.1257537 0.0868075 0.1061483 0.1043521 0.0919979 0.1728619 0.1207413 0.0000000 0.0826226 0.1297794 0.1281506 0.1365635 0.1152881 0.1081356 0.1267638 0.1231141 0.0973316 0.0812260 0.1776213 0.1211554 0.0930004 0.1033413 0.1102854 0.0813507 0.1149943 0.0875316 0.0913725 0.1320423 0.1042844 0.1274260 0.0948522 0.1237877 0.1090397 0.1182839 0.0910673 0.1713598 0.1496760 0.1618315 0.1188279 0.1233216 0.1726520 0.1521429 0.1092784 0.1135407 0.1061345 0.1686851 0.0862585 0.1654674 0.1272087 0.1566679 0.1472800 0.0860553 0.0863032 0.1437280 0.1736022 0.1094953 0.1449697 0.1213901 0.1023967 0.1341414 0.1279739 0.0709851 0.1142272 0.1213536 0.0666101 0.0587627 0.0587627 0.0987393 0.1089794 0.1373833 0.1390154 0.1266789 0.0654219 0.0895420 0.1631189 0.0979803 0.1150096 0.1458842 0.1146945 0.1408918 0.0927255 0.1168497 0.1350469 0.1331475 0.1149943 0.1047841 0.1040975 
