98
HYZL          0.0000000 0.2093713 0.3072855 0.3997274 0.3019414 0.3425358 0.3519545 0.3578178 0.3250820 0.3849092 0.3897800 0.3185872 0.3439445 0.3385217 0.2850362 0.3235419 0.3070480 0.3098728 0.3392937 0.3515386 0.3540960 0.3355689 0.4993108 0.3493904 0.3484756 0.3209714 0.3549927 0.3643137 0.3401031 0.3487743 0.3374745 0.3725105 0.3547450 0.2506039 0.3260739 0.3127580 0.3888359 0.2932806 0.2907603 0.3704734 0.3446042 0.3671652 0.2705542 0.3569855 0.3545271 0.2873694 0.5107963 0.3002873 0.3408362 0.3048619 0.3199851 0.3566369 0.3740549 0.3100954 0.3786987 0.2962478 0.2990653 0.3669845 0.3577145 0.3806467 0.3423125 0.3944874 0.2295186 0.3974438 0.3088131 0.3447467 0.3345988 0.3461083 0.3898064 0.3288827 0.3571270 0.3324000 0.3216110 0.3005126 0.3350158 0.3119829 0.2793394 0.3503768 0.3266032 0.3941676 0.3029666 0.3681081 0.3508063 0.3392664 0.3504712 0.3401031 0.4958931 0.3084388 0.3016930 0.3415384 0.3737236 0.3731684 0.3646267 0.3674549 0.3785139 0.3461083 0.3575636 0.3101352 
MYZV          0.2093713 0.0000000 0.4585601 0.4134540 0.3920134 0.4042348 0.4146761 0.4358511 0.3740076 0.4381732 0.4448274 0.4059750 0.3942279 0.4271500 0.3913467 0.4467134 0.3945667 0.4390696 0.3800484 0.4021213 0.3825254 0.4155020 0.5562248 0.4275160 0.4089294 0.4355681 0.4306396 0.4161474 0.3896902 0.4149066 0.4233279 0.4836919 0.4424331 0.3427311 0.3947226 0.4264263 0.4223066 0.3569473 0.4123070 0.4330589 0.4070854 0.4194354 0.3230033 0.4207744 0.4685019 0.3719539 0.5446732 0.3854740 0.4711264 0.4215645 0.3985084 0.4096188 0.4420554 0.3653621 0.4043453 0.4101000 0.4219567 0.4084569 0.3995858 0.4365160 0.4321110 0.4514643 0.3444165 0.4536748 0.4174540 0.4070789 0.4168734 0.3589052 0.4075886 0.4124921 0.3973692 0.4616079 0.4456214 0.4098056 0.4069335 0.3564326 0.3968117 0.4007519 0.4081650 0.4793398 0.4042831 0.3809402 0.4012252 0.4003387 0.4521084 0.3896902 0.4792858 0.3855318 0.4023277 0.4167825 0.4026989 0.4391260 0.4058001 0.3926767 0.4909766 0.3589052 0.3919723 0.4272632 
SRR6441723    0.3072855 0.4585601 0.0000000 0.1130554 0.1621786 0.0979240 0.0952100 0.1103312 0.1123747 0.1000762 0.0975069 0.0931750 0.1017673 0.1009661 0.1266339 0.1269712 0.1119697 0.0978094 0.0832549 0.0936592 0.1007261 0.0723185 0.1312011 0.1256515 0.1266893 0.1190414 0.1107013 0.1005697 0.0870489 0.0981224 0.0978781 0.1220502 0.1120131 0.1640884 0.1238307 0.1201993 0.2181225 0.1051821 0.1267533 0.1082204 0.0876378 0.1147398 0.1080663 0.0882071 0.1258688 0.0967090 0.1439547 0.1122998 0.0716392 0.0842431 0.1197394 0.0879689 0.1048166 0.0828126 0.1612466 0.0772243 0.1073003 0.0990142 0.0868255 0.2004514 0.0831480 0.2211245 0.0886488 0.1087511 0.0643664 0.1001190 0.0929955 0.1085131 0.1285572 0.0717067 0.0788150 0.0843234 0.0893993 0.1187646 0.0780747 0.1067580 0.1185108 0.0933932 0.1059122 0.0855422 0.0784762 0.1223091 0.0999341 0.1271238 0.0801049 0.1002194 0.0887473 0.0922874 0.0917645 0.1087978 0.0984251 0.1027299 0.1125967 0.1536728 0.1021351 0.1085131 0.1147513 0.0918411 
ERR2789774    0.3997274 0.4134540 0.1130554 0.0000000 0.2046698 0.0763397 0.1131582 0.1037201 0.1248756 0.0593291 0.1235942 0.1129895 0.0485565 0.0671165 0.1333743 0.1337245 0.1112654 0.1028203 0.1037318 0.0422682 0.0481026 0.0849963 0.1002866 0.1389793 0.0900828 0.1122190 0.1104528 0.0595927 0.0366799 0.1086662 0.1105182 0.1301854 0.1039531 0.0452501 0.1151522 0.1268741 0.2100703 0.0829334 0.1335022 0.0541771 0.1145613 0.0598764 0.0905528 0.1059282 0.1475076 0.0963742 0.1776178 0.1115921 0.0978717 0.1031678 0.1189925 0.1009774 0.1111943 0.0771272 0.1396618 0.0956636 0.1064690 0.1259143 0.1135230 0.1926508 0.1006316 0.2129668 0.0922684 0.1447325 0.1244542 0.0651968 0.1127517 0.0603693 0.0716629 0.0778035 0.0848357 0.0983389 0.1125798 0.1180259 0.0903759 0.1132633 0.1392285 0.0421562 0.1134084 0.1228505 0.0972416 0.0723387 0.0477503 0.1093212 0.1124259 0.0478776 0.1092756 0.1118797 0.1112335 0.1221520 0.0651876 0.1209517 0.1257506 0.1326419 0.1167926 0.0603693 0.1099457 0.0652849 
PAFTOL_019361 0.3019414 0.3920134 0.1621786 0.2046698 0.0000000 0.1666164 0.1740769 0.1653389 0.2153353 0.1866910 0.1793497 0.1265760 0.1562531 0.1723282 0.1615498 0.1631920 0.1754868 0.1757350 0.1850839 0.1630028 0.1716967 0.1441112 0.1798939 0.1668907 0.1853862 0.1616066 0.1794461 0.1764185 0.1550732 0.1729063 0.1583975 0.1875501 0.1601683 0.1522413 0.2144022 0.1696660 0.2788569 0.1600399 0.1617205 0.1811246 0.1763818 0.1885950 0.1457483 0.1652586 0.1555629 0.1833449 0.2461809 0.1603213 0.1610337 0.1497776 0.1780494 0.1727061 0.1231848 0.0793866 0.2279894 0.1426569 0.1486444 0.1490289 0.1708805 0.2583148 0.1687622 0.2828427 0.0921552 0.2166746 0.1547449 0.1707082 0.1514694 0.1815941 0.1970520 0.1509186 0.1352289 0.1618906 0.1793191 0.1676078 0.1494293 0.1437680 0.1512109 0.1625134 0.1559365 0.1991706 0.1304520 0.1979586 0.1702554 0.1779726 0.1380448 0.1550732 0.1995927 0.1544140 0.1383858 0.1620093 0.1834276 0.1749685 0.1673389 0.2192007 0.1749815 0.1815941 0.1867221 0.1302465 
S0055         0.3425358 0.4042348 0.0979240 0.0763397 0.1666164 0.0000000 0.0915086 0.1017340 0.1156452 0.0641809 0.0956980 0.0978447 0.0535027 0.0720789 0.0976824 0.0917382 0.0839665 0.0823876 0.1017482 0.0471671 0.0417783 0.0589528 0.1272585 0.1083107 0.0754652 0.0971962 0.1083287 0.0644644 0.0415866 0.0820729 0.0834616 0.0772184 0.0764186 0.0570422 0.0996830 0.0981206 0.1870266 0.0575684 0.1043312 0.0590954 0.0991813 0.0647656 0.0611247 0.0911547 0.1147337 0.0815606 0.1516798 0.0842094 0.0715953 0.0767725 0.1036634 0.0791056 0.0829244 0.1212427 0.1246707 0.0700369 0.0729256 0.0961612 0.0917401 0.1708231 0.0859378 0.1895413 0.0479841 0.1126604 0.1090364 0.0526838 0.0782817 0.0652925 0.0765112 0.0763518 0.0712507 0.0719219 0.0786831 0.0839240 0.0766317 0.0787457 0.1098681 0.0470435 0.0920305 0.1130671 0.0831228 0.0772205 0.0414782 0.0416608 0.0973887 0.0527618 0.0864743 0.0905179 0.0839779 0.0997714 0.0700233 0.1053329 0.1035619 0.1178936 0.0772279 0.0652925 0.0889803 0.0527618 
S0196sl       0.3519545 0.4146761 0.0952100 0.1131582 0.1740769 0.0915086 0.0000000 0.1108202 0.0993300 0.1137356 0.1195969 0.1018993 0.1018446 0.1022204 0.0704883 0.1213242 0.0704122 0.0986412 0.0982461 0.0937180 0.0941224 0.1079817 0.1023307 0.1188578 0.1110841 0.0989289 0.1266074 0.1006436 0.0870946 0.1180049 0.0921737 0.1262579 0.1053788 0.1275182 0.0958845 0.0831910 0.1933448 0.0986379 0.0834183 0.1083127 0.0100370 0.1089197 0.0000010 0.0049112 0.1438972 0.0711044 0.1308689 0.0921320 0.0935705 0.0788453 0.0839278 0.1034537 0.1138674 0.1956986 0.0658630 0.0850419 0.0667212 0.1068255 0.1023401 0.1765253 0.0049884 0.1960089 0.0603253 0.1329466 0.0933635 0.1001916 0.0683210 0.1086063 0.1145719 0.0857098 0.0933421 0.0940239 0.0938802 0.0641078 0.0786964 0.1083870 0.0905038 0.0934513 0.1003346 0.1089126 0.0864576 0.1156684 0.0933837 0.1128721 0.1014000 0.0806501 0.1030763 0.0932851 0.1003090 0.0807596 0.1068557 0.0151028 0.1135701 0.0599610 0.1127204 0.1086063 0.0666504 0.0936501 
S0278         0.3578178 0.4358511 0.1103312 0.1037201 0.1653389 0.1017340 0.1108202 0.0000000 0.1543733 0.1042381 0.0868964 0.0971062 0.0927099 0.1057495 0.0896721 0.1167500 0.0890691 0.0641273 0.1095398 0.0850253 0.0917871 0.0964514 0.1429325 0.1216168 0.1034883 0.0964663 0.0466377 0.1047457 0.0786781 0.0644830 0.0762423 0.1011119 0.0762899 0.1270276 0.1229954 0.0837912 0.2097900 0.0835892 0.0897462 0.0989364 0.1121696 0.1052334 0.1036739 0.1037568 0.1213304 0.0969055 0.1788025 0.1030415 0.0830249 0.0881846 0.0961163 0.1051623 0.0956256 0.0787224 0.1644085 0.0812127 0.0849580 0.1161086 0.1118351 0.1923904 0.1056891 0.2126812 0.0341722 0.1272096 0.1082280 0.0901129 0.0969197 0.1061375 0.1185201 0.0760041 0.0522519 0.0711762 0.0967784 0.0828120 0.0880180 0.0892487 0.0951411 0.0725573 0.0977203 0.1061771 0.0825062 0.1127581 0.0910831 0.1234121 0.1097291 0.0786781 0.0984500 0.1092058 0.0956587 0.0783319 0.1025465 0.1184284 0.0644651 0.1569326 0.0822839 0.1061375 0.1324207 0.0910676 
S0281         0.3250820 0.3740076 0.1123747 0.1248756 0.2153353 0.1156452 0.0993300 0.1543733 0.0000000 0.1322103 0.1543835 0.1511211 0.1127005 0.1279433 0.1324216 0.1398898 0.1240887 0.1318028 0.1215989 0.1117452 0.1190623 0.1263295 0.1020242 0.1636479 0.1386812 0.1247685 0.1618977 0.1053142 0.1049492 0.1597795 0.1176049 0.1457178 0.1404432 0.1416783 0.1060582 0.1321696 0.1960312 0.1168021 0.1325474 0.1201093 0.0856207 0.1334887 0.0615173 0.0923977 0.1743521 0.0748066 0.1414237 0.1244516 0.0987745 0.1104561 0.1484014 0.1383380 0.1485730 0.0000010 0.1263314 0.1099496 0.1131683 0.1499625 0.1368866 0.1794413 0.0806157 0.1986797 0.1034014 0.1620768 0.1306509 0.1255883 0.1066663 0.1346552 0.1331907 0.1389835 0.1335648 0.1127133 0.1114073 0.1172121 0.1233360 0.1282144 0.1382306 0.1114298 0.1264857 0.1319967 0.1330404 0.1490242 0.1181297 0.1315823 0.1506465 0.0918353 0.1112068 0.1646358 0.1486253 0.1374318 0.1251687 0.1067788 0.1646992 0.1194697 0.1317630 0.1346552 0.0838913 0.1119295 
S0282         0.3849092 0.4381732 0.1000762 0.0593291 0.1866910 0.0641809 0.1137356 0.1042381 0.1322103 0.0000000 0.0977566 0.1135655 0.0202708 0.0479175 0.1340529 0.1344056 0.1118255 0.1033295 0.1173068 0.0149023 0.0305854 0.0601848 0.1146761 0.1109865 0.0772619 0.1127876 0.0980734 0.0413177 0.0200026 0.0838057 0.1110703 0.1174173 0.0905530 0.0829700 0.1157480 0.1275213 0.1758203 0.0704806 0.1341821 0.0361510 0.1151510 0.0306773 0.1038837 0.1064664 0.1177132 0.0902755 0.1682006 0.1121553 0.0983626 0.1036803 0.1195953 0.0856594 0.0849379 0.0771272 0.1491919 0.0961340 0.1070122 0.0985357 0.0940423 0.1596977 0.1011488 0.1782305 0.0890606 0.1293386 0.1250779 0.0532951 0.1133249 0.0309184 0.0525257 0.0781893 0.0852597 0.0988343 0.1131514 0.1186209 0.1034706 0.1064368 0.1399324 0.0251402 0.1126199 0.1234881 0.0977267 0.0417827 0.0303696 0.0958505 0.1129957 0.0304475 0.0999334 0.1124447 0.1117924 0.1227832 0.0466094 0.1215726 0.1263857 0.1419478 0.1043059 0.0309184 0.0908808 0.0533743 
S0289         0.3897800 0.4448274 0.0975069 0.1235942 0.1793497 0.0956980 0.1195969 0.0868964 0.1543835 0.0977566 0.0000000 0.0980531 0.1124815 0.1191293 0.1165110 0.1038231 0.1157054 0.0705301 0.1230121 0.1042316 0.1113450 0.1030039 0.1153697 0.1096458 0.1233370 0.1092835 0.0631397 0.1248300 0.0976041 0.0641906 0.0646802 0.0765984 0.1023140 0.1739364 0.1314430 0.1105766 0.2103038 0.1024625 0.1166156 0.1189127 0.1210758 0.1253993 0.1344647 0.1122761 0.1224785 0.0913230 0.1294092 0.1160397 0.0709527 0.0945029 0.1165909 0.1119555 0.0896532 0.0763283 0.1643969 0.0873739 0.0851154 0.1098226 0.1054922 0.2161259 0.1144143 0.2300475 0.0853285 0.1484566 0.0894066 0.1106971 0.0976296 0.1264828 0.1392201 0.0942548 0.0521686 0.0712731 0.0841661 0.1090283 0.0819795 0.0888155 0.1221534 0.1039406 0.1041709 0.1335518 0.0887737 0.1405036 0.1104837 0.1170138 0.1164729 0.0976041 0.0563232 0.1102309 0.0965822 0.0482691 0.1221839 0.1274958 0.0757833 0.1569376 0.0588077 0.1264828 0.1185260 0.0976041 
S0292         0.3185872 0.4059750 0.0931750 0.1129895 0.1265760 0.0978447 0.1018993 0.0971062 0.1511211 0.1135655 0.0980531 0.0000000 0.1016888 0.1082281 0.0995295 0.0995098 0.1119030 0.0974968 0.1124658 0.0935759 0.0934230 0.0924547 0.1160609 0.1130716 0.1127400 0.1053818 0.1037406 0.1141373 0.0869633 0.1113243 0.0911036 0.1171490 0.0920555 0.1183734 0.1179157 0.1064023 0.2184668 0.0860938 0.0996169 0.1003125 0.1031820 0.1146751 0.0939699 0.0947573 0.1111183 0.0916880 0.1650312 0.0858266 0.0659629 0.0841581 0.1196820 0.1012079 0.0667555 0.0364451 0.1464021 0.0599384 0.0937902 0.0989352 0.1079665 0.2116152 0.0965689 0.2214777 0.0485917 0.1376659 0.0734234 0.1000402 0.0723447 0.1084412 0.1285121 0.0716207 0.0609974 0.0662631 0.0791433 0.1051274 0.0839978 0.0933278 0.1049092 0.0933100 0.1001466 0.1227735 0.0204494 0.1082638 0.0998553 0.1063934 0.0554123 0.0869633 0.0989670 0.0314147 0.0256868 0.0957623 0.1116785 0.1095825 0.0988846 0.1390083 0.0971771 0.1084412 0.1288473 0.0806893 
S0293         0.3439445 0.3942279 0.1017673 0.0485565 0.1562531 0.0535027 0.1018446 0.0927099 0.1127005 0.0202708 0.1124815 0.1016888 0.0000000 0.0372690 0.1080140 0.1009547 0.0869347 0.0919075 0.1056617 0.0049667 0.0203903 0.0492683 0.1177864 0.1125003 0.0662498 0.0876923 0.0993997 0.0309894 0.0100001 0.0908307 0.0994580 0.1121628 0.0792893 0.0577545 0.1036650 0.1016703 0.1467091 0.0596604 0.1081125 0.0258231 0.1031253 0.0204522 0.0896907 0.0947083 0.1119260 0.0848316 0.1596055 0.0871940 0.0868510 0.0922195 0.0942344 0.0742873 0.0860702 0.0771272 0.1369102 0.0848759 0.0819764 0.0998757 0.0953403 0.1314381 0.0893168 0.1487421 0.0753521 0.1171712 0.1132755 0.0426488 0.1014816 0.0206139 0.0420252 0.0792209 0.0739449 0.0872675 0.1013267 0.0934285 0.0920367 0.0815457 0.1064186 0.0150831 0.0875317 0.1112843 0.0862860 0.0313430 0.0202453 0.0846257 0.1011919 0.0202975 0.0798896 0.1006900 0.1001047 0.1106440 0.0362543 0.0957946 0.1144739 0.1297426 0.1057203 0.0206139 0.0854281 0.0427189 
S0294         0.3385217 0.4271500 0.1009661 0.0671165 0.1723282 0.0720789 0.1022204 0.1057495 0.1279433 0.0479175 0.1191293 0.1082281 0.0372690 0.0000000 0.1205190 0.1134755 0.0802914 0.0916285 0.1281276 0.0312847 0.0369242 0.0667325 0.1186061 0.1065355 0.0859221 0.0868940 0.0994792 0.0481263 0.0258544 0.0994445 0.1059288 0.1195961 0.0918163 0.0991822 0.0975207 0.1068339 0.1800082 0.0787263 0.1057458 0.0427748 0.1035123 0.0371421 0.1046111 0.0950468 0.1338932 0.0853857 0.1606822 0.0932427 0.0931641 0.0922802 0.1010214 0.0799318 0.0988613 0.0771272 0.1368014 0.0849190 0.1013321 0.1131971 0.1021060 0.1634251 0.0896315 0.1825249 0.0729122 0.1313675 0.1129716 0.0607622 0.1150291 0.0424714 0.0598612 0.0852713 0.0864473 0.0936144 0.1079329 0.0995304 0.0917572 0.0947563 0.1192688 0.0312024 0.0996109 0.1254212 0.0924762 0.0538370 0.0366549 0.1054187 0.1076871 0.0367520 0.0914734 0.1071541 0.1065277 0.1100227 0.0418795 0.1099407 0.1283211 0.1296190 0.1122674 0.0424714 0.0993511 0.0542086 
S0303         0.2850362 0.3913467 0.1266339 0.1333743 0.1615498 0.0976824 0.0704883 0.0896721 0.1324216 0.1340529 0.1165110 0.0995295 0.1080140 0.1205190 0.0000000 0.0783911 0.0302936 0.0837513 0.1244221 0.1132691 0.1137647 0.1119025 0.0873481 0.1291280 0.1103840 0.0591890 0.1101725 0.1347438 0.1063675 0.1179076 0.0712805 0.1102186 0.0968386 0.1457669 0.1232636 0.0304232 0.2118853 0.0853833 0.0098969 0.1286448 0.0843394 0.1353654 0.0894762 0.0769141 0.1310550 0.0971433 0.1421041 0.0536036 0.0787601 0.0892142 0.0527247 0.1213836 0.1109107 0.1282063 0.1041283 0.0711660 0.0308993 0.1326622 0.1284574 0.1942960 0.0782782 0.2148241 0.0464696 0.1448193 0.1042560 0.1199966 0.0915941 0.1365636 0.1497641 0.0900741 0.0973936 0.0791274 0.0790182 0.0197888 0.0830841 0.0666897 0.0361695 0.1129453 0.0600900 0.1275325 0.0845014 0.1437142 0.1128656 0.1057853 0.1124764 0.1063675 0.0894183 0.0976266 0.0980101 0.0786953 0.1318155 0.0777444 0.0977572 0.0976544 0.0970165 0.1365636 0.1187114 0.1063675 
S0308         0.3235419 0.4467134 0.1269712 0.1337245 0.1631920 0.0917382 0.1213242 0.1167500 0.1398898 0.1344056 0.1038231 0.0995098 0.1009547 0.1134755 0.0783911 0.0000000 0.0714938 0.1104943 0.1263171 0.1135806 0.1210338 0.1122081 0.0780939 0.1389914 0.1334502 0.0656150 0.1164471 0.1350995 0.1066641 0.1110426 0.0912102 0.0976326 0.1185313 0.1821523 0.1317309 0.0718337 0.2381392 0.1116057 0.0784543 0.1289909 0.1228434 0.1280668 0.1217468 0.1138811 0.1248835 0.1043085 0.1428369 0.0659130 0.0789893 0.0963618 0.0899254 0.1121481 0.0979576 0.0364451 0.1555629 0.0769590 0.0673279 0.1189874 0.1203944 0.2196489 0.1160810 0.2414374 0.0735497 0.1598937 0.1176324 0.1203221 0.1127693 0.1224898 0.1501486 0.1029076 0.0848547 0.0731725 0.0928833 0.0717007 0.0967977 0.0670212 0.0838611 0.1132555 0.0667377 0.1364379 0.0910554 0.1366959 0.1200721 0.1133156 0.1124435 0.1066641 0.0669297 0.1190111 0.1048290 0.0994097 0.1254528 0.1151836 0.1257658 0.1482612 0.0847657 0.1224898 0.1259660 0.1066641 
S0322         0.3070480 0.3945667 0.1119697 0.1112654 0.1754868 0.0839665 0.0704122 0.0890691 0.1240887 0.1118255 0.1157054 0.1119030 0.0869347 0.0802914 0.0302936 0.0714938 0.0000000 0.0966682 0.1163557 0.0921519 0.0991057 0.0978634 0.0749962 0.1022533 0.1159115 0.0475246 0.0966674 0.1123802 0.0856446 0.0841775 0.0708094 0.0966944 0.0961785 0.1431826 0.0946712 0.0199159 0.1926719 0.0908459 0.0303134 0.1064770 0.0712350 0.0997200 0.0878311 0.0642729 0.1300934 0.0828827 0.1181479 0.0310931 0.0782274 0.0765808 0.0252180 0.0994095 0.1101407 0.1253289 0.1164289 0.0706966 0.0419169 0.1247067 0.1137434 0.1758918 0.0653832 0.1953245 0.0584666 0.1291579 0.1165032 0.0985141 0.0974036 0.1138852 0.1265178 0.0770810 0.0840404 0.0785890 0.0919769 0.0198824 0.0704457 0.0545150 0.0469056 0.0918934 0.0480990 0.1196290 0.0963291 0.1206631 0.0983361 0.1182874 0.1113511 0.0986134 0.0781253 0.1108139 0.1101793 0.0781763 0.1040495 0.0649555 0.1112714 0.1098186 0.0963544 0.1138852 0.1107110 0.0986134 
S0327         0.3098728 0.4390696 0.0978094 0.1028203 0.1757350 0.0823876 0.0986412 0.0641273 0.1318028 0.1033295 0.0705301 0.0974968 0.0919075 0.0916285 0.0837513 0.1104943 0.0966682 0.0000000 0.1099787 0.0843089 0.0846588 0.0771786 0.1420832 0.1221020 0.1025916 0.1030639 0.0707424 0.1038278 0.0780238 0.0898278 0.0530288 0.1015261 0.0770744 0.0976753 0.1151952 0.0915244 0.2014570 0.0709534 0.0974184 0.0980726 0.1145222 0.1043076 0.0905043 0.1058922 0.1218356 0.0829901 0.1527119 0.0969484 0.0651623 0.0762836 0.0974227 0.1055910 0.0960048 0.1239267 0.1254707 0.0815258 0.0598529 0.1165755 0.1122925 0.1843522 0.1005962 0.2042331 0.0469426 0.1277351 0.0957328 0.0772120 0.0908753 0.1051959 0.1174546 0.0644085 0.0709970 0.0654554 0.0653732 0.0769979 0.0761447 0.0977370 0.1029125 0.0840771 0.0916177 0.1199792 0.0828300 0.1185453 0.0840175 0.1023188 0.1101697 0.0780238 0.0979972 0.0956698 0.0960381 0.0611255 0.1016667 0.1209108 0.0594054 0.1186522 0.0826142 0.1051959 0.1109827 0.0717138 
S0335         0.3392937 0.3800484 0.0832549 0.1037318 0.1850839 0.1017482 0.0982461 0.1095398 0.1215989 0.1173068 0.1230121 0.1124658 0.1056617 0.1281276 0.1244221 0.1263171 0.1163557 0.1099787 0.0000000 0.0976175 0.1046008 0.1043602 0.0993633 0.1242842 0.1164768 0.1169895 0.1230554 0.1178866 0.0910945 0.1214445 0.1024406 0.1295575 0.1179595 0.1419325 0.1124317 0.1181090 0.2094679 0.0959654 0.1245370 0.1120141 0.0908322 0.1184274 0.0905791 0.0914024 0.1395592 0.0874448 0.1607769 0.1166931 0.0974509 0.0828787 0.1240864 0.1072899 0.1106897 0.0364451 0.1404096 0.0827938 0.1054517 0.0983012 0.0926772 0.1926004 0.0930852 0.2122659 0.1050381 0.1358336 0.0817295 0.0974504 0.0914364 0.1194474 0.1181526 0.0899358 0.0972276 0.0979133 0.1030388 0.1096419 0.1079972 0.1054232 0.1301427 0.0973459 0.1174929 0.0598764 0.0841353 0.1332665 0.1037950 0.1035662 0.1187340 0.0910945 0.0864044 0.1113680 0.0975515 0.1134349 0.0973717 0.1055958 0.1251461 0.1333557 0.1162556 0.1194474 0.1105376 0.0910945 
S0400         0.3515386 0.4021213 0.0936592 0.0422682 0.1630028 0.0471671 0.0937180 0.0850253 0.1117452 0.0149023 0.1042316 0.0935759 0.0049667 0.0312847 0.1132691 0.1135806 0.0921519 0.0843089 0.0976175 0.0000000 0.0149889 0.0428802 0.1146761 0.1042428 0.0594530 0.0929453 0.0915181 0.0253063 0.0049019 0.0900222 0.0915700 0.1105790 0.0720600 0.0454065 0.0953675 0.1069473 0.1528057 0.0531153 0.1133726 0.0202432 0.0948778 0.0150336 0.0753916 0.0868286 0.1105412 0.0769834 0.1558506 0.0924234 0.0793023 0.0845890 0.0994819 0.0670972 0.0786073 0.0771272 0.1277241 0.0775328 0.0872710 0.0919402 0.0873963 0.1374483 0.0815065 0.1549045 0.0616065 0.1085081 0.1049565 0.0365531 0.0933945 0.0151505 0.0360258 0.0719913 0.0667972 0.0796743 0.0932557 0.0986471 0.0844271 0.0868140 0.1190444 0.0098573 0.0927833 0.1027288 0.0787954 0.0255908 0.0148839 0.0773092 0.0931375 0.0149216 0.0888782 0.0926801 0.0921525 0.1021477 0.0304514 0.1011120 0.1060516 0.1207736 0.0976688 0.0151505 0.0847240 0.0366153 
S0405         0.3540960 0.3825254 0.1007261 0.0481026 0.1716967 0.0417783 0.0941224 0.0917871 0.1190623 0.0305854 0.1113450 0.0934230 0.0203903 0.0369242 0.1137647 0.1210338 0.0991057 0.0846588 0.1046008 0.0149889 0.0000000 0.0605568 0.1291873 0.1113625 0.0656180 0.0999624 0.0984045 0.0307111 0.0099128 0.0967936 0.0984616 0.1178154 0.0785160 0.0454065 0.1025852 0.1142830 0.1770236 0.0533714 0.1208187 0.0255911 0.1020551 0.0308582 0.0753916 0.0937479 0.1181326 0.0839488 0.1697314 0.0993990 0.0859872 0.0913066 0.1066228 0.0735563 0.0852219 0.1212427 0.1145822 0.0840500 0.0876454 0.0988702 0.0943668 0.1607798 0.0884041 0.1794626 0.0616065 0.1159437 0.1121241 0.0422544 0.0872342 0.0311021 0.0416421 0.0784489 0.0732208 0.0863955 0.0936560 0.0990692 0.0911272 0.0937280 0.1265418 0.0149510 0.0997964 0.1101144 0.0786729 0.0420329 0.0098878 0.0776803 0.1001620 0.0201186 0.1008246 0.0866561 0.0990956 0.1026728 0.0359279 0.1083830 0.0934903 0.1077763 0.1046581 0.0311021 0.0914544 0.0423234 
S0427         0.3355689 0.4155020 0.0723185 0.0849963 0.1441112 0.0589528 0.1079817 0.0964514 0.1263295 0.0601848 0.1030039 0.0924547 0.0492683 0.0667325 0.1119025 0.1122081 0.0978634 0.0771786 0.1043602 0.0428802 0.0605568 0.0000000 0.1471458 0.1099649 0.0839918 0.1046505 0.0904448 0.0725490 0.0485694 0.0973765 0.0904954 0.1033732 0.0595374 0.0837322 0.1025915 0.1056569 0.1646953 0.0651925 0.1120033 0.0669799 0.1020620 0.0607470 0.0900807 0.1007692 0.1091719 0.0763546 0.1700641 0.0981497 0.0783741 0.0836058 0.1052690 0.0737486 0.0776953 0.0771272 0.1432798 0.0766441 0.0862275 0.0908562 0.0801223 0.1414448 0.0954095 0.1588020 0.0467426 0.0940824 0.0966285 0.0601824 0.0922782 0.0612529 0.0784229 0.0711633 0.0660237 0.0787372 0.0854038 0.1043992 0.0834479 0.0857807 0.1176142 0.0542690 0.0994495 0.0941762 0.0778785 0.0733943 0.0601046 0.0903994 0.0920277 0.0602684 0.1009867 0.0915800 0.0910646 0.1009018 0.0647167 0.1157483 0.1047843 0.1360675 0.0841056 0.0612529 0.0982843 0.0534084 
S0428sl       0.4993108 0.5562248 0.1312011 0.1002866 0.1798939 0.1272585 0.1023307 0.1429325 0.1020242 0.1146761 0.1153697 0.1160609 0.1177864 0.1186061 0.0873481 0.0780939 0.0749962 0.1420832 0.0993633 0.1146761 0.1291873 0.1471458 0.0000000 0.1184137 0.1014563 0.0758183 0.1436460 0.1276151 0.1014686 0.1286547 0.0887948 0.1137774 0.1596254 0.0000010 0.0656204 0.0632414 0.2107179 0.1279666 0.0874882 0.1296243 0.0889131 0.1307641 0.0000010 0.0889131 0.1559068 0.0542750 0.1016677 0.0767770 0.0774266 0.0869354 0.0990312 0.1334984 0.0920301 0.0762431 0.0867385 0.0878804 0.0521253 0.1197646 0.1354066 0.1956481 0.0910073 0.1956481 0.0000010 0.1665054 0.1004917 0.1026477 0.0900227 0.1467814 0.1557654 0.1278458 0.0781263 0.0774266 0.0905450 0.0637948 0.0876608 0.0805376 0.1012597 0.1014686 0.0530260 0.1439557 0.1432500 0.1762076 0.1272136 0.1292562 0.1294687 0.0886855 0.0876712 0.1717941 0.1410152 0.0908815 0.1404043 0.1036266 0.1624524 0.0867385 0.1012293 0.1467814 0.0890179 0.0912800 
S0552sl       0.3493904 0.4275160 0.1256515 0.1389793 0.1668907 0.1083107 0.1188578 0.1216168 0.1636479 0.1109865 0.1096458 0.1130716 0.1125003 0.1065355 0.1291280 0.1389914 0.1022533 0.1221020 0.1242842 0.1042428 0.1113625 0.1099649 0.1184137 0.0000000 0.1088146 0.1186300 0.1025085 0.1179906 0.0976101 0.1027809 0.1077520 0.1231939 0.1088631 0.1692932 0.1336429 0.1097098 0.2165455 0.0954741 0.1292474 0.1189376 0.1203220 0.1049512 0.1155587 0.1115769 0.0787592 0.1067394 0.1859685 0.1241433 0.1100079 0.0896735 0.1155759 0.0846586 0.0591804 0.0797902 0.1550127 0.0825682 0.1176172 0.0766764 0.0662208 0.2060289 0.1136925 0.2195125 0.1112563 0.1184466 0.1041471 0.1107140 0.0989531 0.1265156 0.1255251 0.1077621 0.0969712 0.1105363 0.1251334 0.1025651 0.1285342 0.0991769 0.1441398 0.1039516 0.1387703 0.1427521 0.1093001 0.1405527 0.0976269 0.1237846 0.1249852 0.0976101 0.0919777 0.1250155 0.1107068 0.1053064 0.0904046 0.1267133 0.1306791 0.1477279 0.1159705 0.1265156 0.1254619 0.0850492 
S0558         0.3484756 0.4089294 0.1266893 0.0900828 0.1853862 0.0754652 0.1110841 0.1034883 0.1386812 0.0772619 0.1233370 0.1127400 0.0662498 0.0859221 0.1103840 0.1334502 0.1159115 0.1025916 0.1164768 0.0594530 0.0656180 0.0839918 0.1014563 0.1088146 0.0000000 0.1119719 0.1102117 0.0776167 0.0535987 0.1217580 0.0974182 0.1299204 0.0898981 0.0955827 0.1220309 0.1176588 0.1989861 0.0358019 0.1104821 0.0720760 0.1124410 0.0779808 0.1028471 0.1039946 0.1308213 0.0890385 0.1693456 0.1250658 0.0976475 0.1029380 0.1236363 0.0981394 0.0967704 0.0364451 0.1385072 0.0954470 0.0979218 0.1175215 0.1132188 0.1821069 0.0987741 0.1938007 0.0882064 0.1333518 0.1106116 0.0650330 0.1125031 0.0786305 0.0902832 0.1026604 0.0974226 0.0981129 0.1123318 0.1032933 0.1159509 0.1056603 0.1248297 0.0592934 0.1272450 0.1297687 0.0970196 0.0911274 0.0651310 0.0826870 0.1190407 0.0535987 0.0994463 0.1253721 0.1109898 0.1129821 0.0833879 0.1187221 0.1254875 0.1315357 0.1165436 0.0657600 0.1031056 0.0651209 
S0616         0.3209714 0.4355681 0.1190414 0.1122190 0.1616066 0.0971962 0.0989289 0.0964663 0.1247685 0.1127876 0.1092835 0.1053818 0.0876923 0.0868940 0.0591890 0.0656150 0.0475246 0.1030639 0.1169895 0.0929453 0.0999624 0.1046505 0.0758183 0.1186300 0.1119719 0.0000000 0.0904553 0.1133516 0.0863812 0.1105760 0.0711958 0.1030887 0.1108572 0.1644948 0.1020580 0.0477393 0.2021918 0.1040922 0.0592331 0.1074033 0.1001402 0.1005863 0.1058312 0.0920259 0.1247242 0.0833652 0.1297225 0.0589713 0.0722178 0.0707046 0.0773856 0.1063215 0.1037341 0.0762431 0.1334767 0.0648864 0.0485124 0.1188408 0.1078314 0.1850134 0.0937332 0.2049858 0.0600051 0.1510705 0.0972197 0.1125084 0.0911402 0.1148795 0.1276142 0.0823770 0.0905140 0.0725497 0.0857217 0.0530131 0.0765902 0.0370403 0.0644754 0.0926828 0.0533217 0.1065348 0.0901365 0.1288195 0.0991806 0.1189418 0.1183812 0.0863812 0.0662708 0.1178103 0.1037704 0.0862470 0.1109250 0.0930532 0.1179313 0.1264935 0.0901604 0.1148795 0.1113209 0.0991632 
S0624         0.3549927 0.4306396 0.1107013 0.1104528 0.1794461 0.1083287 0.1266074 0.0466377 0.1618977 0.0980734 0.0631397 0.1037406 0.0993997 0.0994792 0.1101725 0.1164471 0.0966674 0.0707424 0.1230554 0.0915181 0.0984045 0.0904448 0.1436460 0.1025085 0.1102117 0.0904553 0.0000000 0.1115498 0.0850702 0.0528501 0.0703617 0.0766124 0.0776270 0.1414751 0.1163608 0.0913095 0.2183359 0.0899684 0.1102700 0.1057000 0.1281775 0.0990096 0.1181619 0.1191463 0.1147940 0.0839406 0.1541247 0.1097291 0.0831374 0.0823830 0.1098862 0.1046509 0.0896741 0.0763283 0.1635362 0.0755437 0.0914502 0.1098564 0.0990749 0.2006742 0.1214344 0.2213376 0.0461232 0.1344185 0.1149073 0.1107318 0.1035353 0.1130311 0.1255395 0.0821663 0.0520299 0.0712848 0.0968934 0.1028079 0.0819960 0.0767622 0.1157968 0.0912635 0.1044025 0.1065957 0.0887939 0.1267090 0.0976468 0.1304068 0.1165114 0.0850702 0.0989769 0.1159571 0.1021803 0.0586125 0.1091986 0.1346674 0.0526915 0.1561065 0.0588144 0.1130311 0.1396420 0.0976300 
S0641         0.3643137 0.4161474 0.1005697 0.0595927 0.1764185 0.0644644 0.1006436 0.1047457 0.1053142 0.0413177 0.1248300 0.1141373 0.0309894 0.0481263 0.1347438 0.1350995 0.1123802 0.1038278 0.1178866 0.0253063 0.0307111 0.0725490 0.1276151 0.1179906 0.0776167 0.1133516 0.1115498 0.0000000 0.0200816 0.1097316 0.1116165 0.1314938 0.0909812 0.0709682 0.1163414 0.1281752 0.1930985 0.0707974 0.1348745 0.0363021 0.1018960 0.0416881 0.0761563 0.0936000 0.1324801 0.0904626 0.1679170 0.1127132 0.0988397 0.1041821 0.1201983 0.0860674 0.0914726 0.0368097 0.1352736 0.0965896 0.1075468 0.1120986 0.1077104 0.1762996 0.0816534 0.1957573 0.0902314 0.1225302 0.1257060 0.0535280 0.0862591 0.0420201 0.0415706 0.0909184 0.0856636 0.0993161 0.1137184 0.1192154 0.1039701 0.1069655 0.1406539 0.0252416 0.1131831 0.1241291 0.0981976 0.0532443 0.0304935 0.0963037 0.0990353 0.0200816 0.0997506 0.1130048 0.1123459 0.1234170 0.0468066 0.1082164 0.1270265 0.1281958 0.1179553 0.0420201 0.0913127 0.0536079 
S0643         0.3401031 0.3896902 0.0870489 0.0366799 0.1550732 0.0415866 0.0870946 0.0786781 0.1049492 0.0200026 0.0976041 0.0869633 0.0100001 0.0258544 0.1063675 0.1066641 0.0856446 0.0780238 0.0910945 0.0049019 0.0099128 0.0485694 0.1014686 0.0976101 0.0535987 0.0863812 0.0850702 0.0200816 0.0000000 0.0836783 0.0851175 0.1038542 0.0659630 0.0454065 0.0886239 0.1001233 0.1603519 0.0474127 0.1064628 0.0150603 0.0881697 0.0201786 0.0753916 0.0803389 0.1034891 0.0704287 0.1433257 0.0858967 0.0730118 0.0782807 0.0928190 0.0609857 0.0723797 0.0771272 0.1205761 0.0713936 0.0807479 0.0854537 0.0808610 0.1447474 0.0750254 0.1625521 0.0616065 0.1015945 0.0982808 0.0310758 0.0868000 0.0203361 0.0306289 0.0658945 0.0607182 0.0733513 0.0866726 0.0920335 0.0781341 0.0803294 0.1121010 0.0048897 0.0862228 0.0958470 0.0725476 0.0309163 0.0098441 0.0711893 0.0865661 0.0098689 0.0778438 0.0861405 0.0856541 0.0953073 0.0251725 0.0943334 0.0993042 0.1137320 0.0911407 0.0203361 0.0784044 0.0311310 
S0645sl       0.3487743 0.4149066 0.0981224 0.1086662 0.1729063 0.0820729 0.1180049 0.0644830 0.1597795 0.0838057 0.0641906 0.1113243 0.0908307 0.0994445 0.1179076 0.1110426 0.0841775 0.0898278 0.1214445 0.0900222 0.0967936 0.0973765 0.1286547 0.1027809 0.1217580 0.1105760 0.0528501 0.1097316 0.0836783 0.0000000 0.0893201 0.0830984 0.0972346 0.1538286 0.1077499 0.0986141 0.2165624 0.0887726 0.1180150 0.1039631 0.1194500 0.0973811 0.1308544 0.1107812 0.1229095 0.0893108 0.1531445 0.0969099 0.0964709 0.0892751 0.0970508 0.0989062 0.0968200 0.0771272 0.1613785 0.0822071 0.0987700 0.1107962 0.0999283 0.1990513 0.1128678 0.2195247 0.0735022 0.1284529 0.1226341 0.0962258 0.1110949 0.1111715 0.1234972 0.0767242 0.0527465 0.0842059 0.1109281 0.1030825 0.0888478 0.0903635 0.1090103 0.0897751 0.0986689 0.1347987 0.0958581 0.1246360 0.0960580 0.1155052 0.1107793 0.0963231 0.0776993 0.1102475 0.1096196 0.0912367 0.1091795 0.1257969 0.0770801 0.1540382 0.0713080 0.1111715 0.1238051 0.0963231 
S0656sl       0.3374745 0.4233279 0.0978781 0.1105182 0.1583975 0.0834616 0.0921737 0.0762423 0.1176049 0.1110703 0.0646802 0.0911036 0.0994580 0.1059288 0.0712805 0.0912102 0.0708094 0.0530288 0.1024406 0.0915700 0.0984616 0.0904954 0.0887948 0.1077520 0.0974182 0.0711958 0.0703617 0.1116165 0.0851175 0.0893201 0.0000000 0.0829639 0.0897924 0.1129257 0.1083342 0.0657528 0.1897198 0.0714237 0.0713360 0.1057628 0.0932966 0.1121331 0.0754442 0.0854179 0.1068791 0.0765147 0.1059170 0.0710117 0.0479589 0.0697336 0.0833698 0.0930589 0.0840114 0.0763283 0.1338974 0.0640036 0.0486302 0.1039883 0.0995829 0.1732603 0.0869858 0.1922967 0.0343143 0.1207309 0.0894767 0.0978777 0.0776228 0.1130997 0.1256170 0.0758863 0.0651069 0.0481701 0.0602475 0.0648192 0.0469143 0.0604295 0.0766514 0.0913151 0.0595218 0.1049240 0.0767835 0.1267878 0.0977029 0.1040826 0.1036147 0.0851175 0.0568086 0.1031187 0.0897550 0.0490454 0.1092625 0.0994191 0.0715353 0.1269054 0.0648426 0.1130997 0.1043863 0.0851175 
S0673         0.3725105 0.4836919 0.1220502 0.1301854 0.1875501 0.0772184 0.1262579 0.1011119 0.1457178 0.1174173 0.0765984 0.1171490 0.1121628 0.1195961 0.1102186 0.0976326 0.0966944 0.1015261 0.1295575 0.1105790 0.1178154 0.1033732 0.1137774 0.1231939 0.1299204 0.1030887 0.0766124 0.1314938 0.1038542 0.0830984 0.0829639 0.0000000 0.0964531 0.1605683 0.1299334 0.1043134 0.2429704 0.1086978 0.1103163 0.1173808 0.1278231 0.1320904 0.1031531 0.1188060 0.1272682 0.0897378 0.1412560 0.0969746 0.0520586 0.0948235 0.1103020 0.1258175 0.1024786 0.0787224 0.1717894 0.0876573 0.0918083 0.1234178 0.1191940 0.2244912 0.1210849 0.2463024 0.0463964 0.1636370 0.1149600 0.1171353 0.1098067 0.1332355 0.1461149 0.1070321 0.0827673 0.0412054 0.0641783 0.0902513 0.0761790 0.0910678 0.1158514 0.1102695 0.1112328 0.1265568 0.1014629 0.1474581 0.1169010 0.0974552 0.1302536 0.1038542 0.0879013 0.1296351 0.1025142 0.0988307 0.1226555 0.1271599 0.1026788 0.1642162 0.0148279 0.1332355 0.1392838 0.1038542 
S0689         0.3547450 0.4424331 0.1120131 0.1039531 0.1601683 0.0764186 0.1053788 0.0762899 0.1404432 0.0905530 0.1023140 0.0920555 0.0792893 0.0918163 0.0968386 0.1185313 0.0961785 0.0770744 0.1179595 0.0720600 0.0785160 0.0595374 0.1596254 0.1088631 0.0898981 0.1108572 0.0776270 0.0909812 0.0659630 0.0972346 0.0897924 0.0964531 0.0000000 0.0842257 0.1236418 0.0908398 0.2015161 0.0592260 0.0969210 0.0853102 0.1066719 0.0914062 0.0906496 0.0983538 0.1080283 0.0974492 0.1942639 0.0980205 0.0842600 0.0894866 0.1034390 0.0925084 0.0835250 0.0818961 0.1500409 0.0823961 0.0922965 0.1033866 0.0989950 0.1844342 0.0930987 0.2042884 0.0470185 0.1138725 0.1098500 0.0658737 0.0983879 0.0921793 0.1041803 0.0771200 0.0776821 0.0846524 0.0982423 0.0897716 0.1020410 0.0851918 0.1023868 0.0718633 0.1126784 0.1147072 0.0775478 0.0922720 0.0779244 0.0963747 0.1047148 0.0659630 0.1112225 0.1042087 0.0906767 0.1002007 0.0891050 0.1129384 0.0913563 0.1427563 0.0775621 0.0921793 0.1044266 0.0659630 
S0690         0.2506039 0.3427311 0.1640884 0.0452501 0.1522413 0.0570422 0.1275182 0.1270276 0.1416783 0.0829700 0.1739364 0.1183734 0.0577545 0.0991822 0.1457669 0.1821523 0.1431826 0.0976753 0.1419325 0.0454065 0.0454065 0.0837322 0.0000010 0.1692932 0.0955827 0.1644948 0.1414751 0.0709682 0.0454065 0.1538286 0.1129257 0.1605683 0.0842257 0.0000000 0.2045207 0.1645383 0.2598379 0.0696628 0.1457669 0.0582274 0.1478164 0.0698787 0.0753916 0.1275182 0.1504669 0.1573925 1.8899568 0.1298879 0.1299974 0.1278998 0.1472537 0.1338093 0.1409838 0.0000010 0.2153397 0.1122503 0.1190664 0.1577935 0.1637414 0.2367457 0.1132304 0.2864835 0.0616065 0.1999929 0.1634187 0.0825819 0.1458487 0.0575738 0.0712583 0.0968888 0.1273084 0.1314014 0.1483688 0.1285086 0.1269197 0.1433364 0.1475004 0.0574243 0.1534826 0.1518390 0.0849821 0.0575738 0.0454065 0.0973537 0.1325273 0.0577545 1.8220803 0.1167740 0.1167740 0.1456185 0.0707408 0.1429263 0.1273577 0.1978557 0.1447799 0.0575738 0.1584924 0.0686800 
S0720         0.3260739 0.3947226 0.1238307 0.1151522 0.2144022 0.0996830 0.0958845 0.1229954 0.1060582 0.1157480 0.1314430 0.1179157 0.1036650 0.0975207 0.1232636 0.1317309 0.0946712 0.1151952 0.1124317 0.0953675 0.1025852 0.1025915 0.0656204 0.1336429 0.1220309 0.1020580 0.1163608 0.1163414 0.0886239 0.1077499 0.1083342 0.1299334 0.1236418 0.2045207 0.0000000 0.1004263 0.1825501 0.1004247 0.1233816 0.1102481 0.0814649 0.1032397 0.1629871 0.0888281 0.1526882 0.0106181 0.0840449 0.1082213 0.1100510 0.0880055 0.1165195 0.1205117 0.1316428 0.0379567 0.1233407 0.0945095 0.1036788 0.1399375 0.1196177 0.1760063 0.0834066 0.1850423 0.1273789 0.1606236 0.1154925 0.1019583 0.1028131 0.1027889 0.1310089 0.1151734 0.0900656 0.0967332 0.1092819 0.1079430 0.0938321 0.1119191 0.1292089 0.0950921 0.1171825 0.1231111 0.1163019 0.1165429 0.1017646 0.1128188 0.1307948 0.0953675 0.0572776 0.1237420 0.1160080 0.1064845 0.1160042 0.1034644 0.1326182 0.1163287 0.1159719 0.1179424 0.1012108 0.0953675 
S0724sl       0.3127580 0.4264263 0.1201993 0.1268741 0.1696660 0.0981206 0.0831910 0.0837912 0.1321696 0.1275213 0.1105766 0.1064023 0.1016703 0.1068339 0.0304232 0.0718337 0.0199159 0.0915244 0.1181090 0.1069473 0.1142830 0.1056569 0.0632414 0.1097098 0.1176588 0.0477393 0.0913095 0.1281752 0.1001233 0.0986141 0.0657528 0.1043134 0.0908398 0.1645383 0.1004263 0.0000000 0.2047138 0.0922191 0.0304432 0.1220975 0.0841761 0.1150026 0.1194419 0.0767667 0.1243859 0.0903329 0.1180115 0.0534995 0.0730809 0.0713561 0.0416952 0.1073593 0.1047235 0.0787224 0.1242880 0.0654830 0.0365930 0.1261892 0.1151139 0.1873156 0.0781258 0.2075641 0.0721934 0.1380532 0.1113455 0.1136045 0.0920071 0.1299122 0.1430200 0.0841676 0.0913689 0.0734210 0.0867584 0.0303134 0.0774867 0.0492363 0.0471147 0.1066415 0.0599722 0.1210594 0.0909854 0.1369937 0.1133766 0.1200993 0.1195274 0.1001233 0.0673513 0.1189468 0.1047605 0.0730370 0.1253915 0.0775940 0.1058133 0.1175208 0.0912301 0.1299122 0.1184829 0.1001233 
S0735         0.3888359 0.4223066 0.2181225 0.2100703 0.2788569 0.1870266 0.1933448 0.2097900 0.1960312 0.1758203 0.2103038 0.2184668 0.1467091 0.1800082 0.2118853 0.2381392 0.1926719 0.2014570 0.2094679 0.1528057 0.1770236 0.1646953 0.2107179 0.2165455 0.1989861 0.2021918 0.2183359 0.1930985 0.1603519 0.2165624 0.1897198 0.2429704 0.2015161 0.2598379 0.1825501 0.2047138 0.0000000 0.1730727 0.1928556 0.1702973 0.1755943 0.1775949 0.2163608 0.1842919 0.2229773 0.1533845 0.2349128 0.1851974 0.1936796 0.1972131 0.1859197 0.2153861 0.2075483 0.0791708 0.2421088 0.2052280 0.1968203 0.1818474 0.1681867 0.0149308 0.1797781 0.0150132 0.2150849 0.1886502 0.2063568 0.1916437 0.1925222 0.1792249 0.2012893 0.1993564 0.2025906 0.2031314 0.2006539 0.1927569 0.1805055 0.1953963 0.2116105 0.1677962 0.2139269 0.2098906 0.2175910 0.1954024 0.1755467 0.2115402 0.2155320 0.1681828 0.1411943 0.2137347 0.2040742 0.2087549 0.1832486 0.2032008 0.2393856 0.2331815 0.2255721 0.1792249 0.1662343 0.1749476 
S0742         0.2932806 0.3569473 0.1051821 0.0829334 0.1600399 0.0575684 0.0986379 0.0835892 0.1168021 0.0704806 0.1024625 0.0860938 0.0596604 0.0787263 0.0853833 0.1116057 0.0908459 0.0709534 0.0959654 0.0531153 0.0533714 0.0651925 0.1279666 0.0954741 0.0358019 0.1040922 0.0899684 0.0707974 0.0474127 0.0887726 0.0714237 0.1086978 0.0592260 0.0696628 0.1004247 0.0922191 0.1730727 0.0000000 0.0854543 0.0653552 0.0998441 0.0711282 0.0747626 0.0917492 0.1011170 0.0689770 0.1525030 0.0911095 0.0779594 0.0831677 0.0980599 0.0783544 0.0772875 0.0364451 0.1254903 0.0762465 0.0857634 0.0967848 0.0923432 0.1572193 0.0865008 0.1754191 0.0611100 0.0985800 0.0966906 0.0587416 0.0917834 0.0717126 0.0831186 0.0709941 0.0778003 0.0783192 0.0916493 0.0844526 0.0955383 0.0853215 0.0909397 0.0529747 0.0991222 0.1212105 0.0718446 0.0838910 0.0586685 0.0760302 0.0980275 0.0474127 0.0868675 0.0913616 0.0905819 0.1003520 0.0764482 0.1060394 0.0914935 0.1186651 0.0960147 0.0592306 0.0832983 0.0474127 
S0748         0.2907603 0.4123070 0.1267533 0.1335022 0.1617205 0.1043312 0.0834183 0.0897462 0.1325474 0.1341821 0.1166156 0.0996169 0.1081125 0.1057458 0.0098969 0.0784543 0.0303134 0.0974184 0.1245370 0.1133726 0.1208187 0.1120033 0.0874882 0.1292474 0.1104821 0.0592331 0.1102700 0.1348745 0.1064628 0.1180150 0.0713360 0.1103163 0.0969210 0.1457669 0.1233816 0.0304432 0.1928556 0.0854543 0.0000000 0.1287685 0.0844085 0.1354973 0.0894762 0.0769749 0.1311837 0.0972313 0.1423351 0.0536429 0.0788241 0.0892874 0.0527627 0.1214979 0.1110097 0.0787224 0.1188007 0.0712214 0.0422161 0.1327888 0.1285808 0.1760795 0.0783413 0.1955088 0.0464696 0.1449652 0.1043472 0.1201083 0.0981641 0.1366979 0.1499152 0.0901489 0.0974768 0.0791920 0.0926979 0.0303911 0.0831511 0.0667418 0.0361940 0.1130482 0.0601356 0.1276536 0.0845708 0.1438579 0.1198591 0.1131082 0.1125784 0.1064628 0.0895493 0.1120304 0.0980946 0.0853603 0.1319402 0.0778065 0.1121563 0.1120570 0.0970991 0.1366979 0.1188204 0.1064628 
S0756         0.3704734 0.4330589 0.1082204 0.0541771 0.1811246 0.0590954 0.1083127 0.0989364 0.1201093 0.0361510 0.1189127 0.1003125 0.0258231 0.0427748 0.1286448 0.1289909 0.1064770 0.0980726 0.1120141 0.0202432 0.0255911 0.0669799 0.1296243 0.1189376 0.0720760 0.1074033 0.1057000 0.0363021 0.0150603 0.1039631 0.1057628 0.1173808 0.0853102 0.0582274 0.1102481 0.1220975 0.1702973 0.0653552 0.1287685 0.0000000 0.1096746 0.0364761 0.0893785 0.1010701 0.1186552 0.0913027 0.1596374 0.1001343 0.0785736 0.0984072 0.1142109 0.0803432 0.0921983 0.0771272 0.1437694 0.0851289 0.1015929 0.1062146 0.1017456 0.1541896 0.0956925 0.1726585 0.0750954 0.1097183 0.1197513 0.0481774 0.1001118 0.0367671 0.0474747 0.0852441 0.0799686 0.0789396 0.0923810 0.1132629 0.0853112 0.0877482 0.1345599 0.0201914 0.1072338 0.1179729 0.0851605 0.0479216 0.0254093 0.0906505 0.1076101 0.0254748 0.1021166 0.0993411 0.0987712 0.1172934 0.0416035 0.1161155 0.1210163 0.1365231 0.1042645 0.0367671 0.0985690 0.0482529 
