108
CRNC          0.0000000 0.2203737 0.2612143 0.3679193 0.3162921 0.2508509 0.3033820 0.3867132 0.3632413 0.3093127 0.3556580 0.3423752 0.3282425 0.3371849 0.3485149 0.3708663 0.3578199 0.3574169 0.3022072 0.3033308 0.3022383 0.4001325 0.3266911 0.3867132 0.3127751 0.3230687 0.3772533 0.3395443 0.3431363 0.3684416 0.3595819 0.3344364 0.3228413 0.2944348 0.3565533 0.2760752 0.3688084 0.3339318 0.3161608 0.4084228 0.3580158 0.2671761 0.3543973 0.3301584 0.3076184 0.3431363 0.3828499 0.3165680 0.3702544 0.4040788 0.3341869 0.3541281 0.3478670 0.2914748 0.3754733 0.4480524 0.3623667 0.3475727 0.2906147 0.4164885 0.3448836 0.3340264 0.3756689 0.3550651 0.3960764 0.4029779 0.3675693 0.3101547 0.3606406 0.3849768 0.2967560 0.3212355 0.3625152 0.3266832 0.3572094 0.2916640 0.3469266 0.3903190 0.3294698 0.3594552 0.3241202 0.3626945 0.3265723 0.3243468 0.3763254 0.3633327 0.3626945 0.3098664 0.3453908 0.3729270 0.3291847 0.3190048 0.2953853 0.3114121 0.3173543 0.3064212 0.3256964 0.3239842 0.3171298 0.3446528 0.3230312 0.3853321 0.3330012 0.4200625 0.3729464 0.3018070 0.4274673 0.2986319 
HYZL          0.2203737 0.0000000 0.1288725 0.3681459 0.3108276 0.2217579 0.2791680 0.3500763 0.3096114 0.2958681 0.3273108 0.3021672 0.3173919 0.3343570 0.3397400 0.3909546 0.3308398 0.3921680 0.3469696 0.3159450 0.3155508 0.4023748 0.3101761 0.3500763 0.3302892 0.3125057 0.3986099 0.3321470 0.3534545 0.3689962 0.3778494 0.3121644 0.3078344 0.2956439 0.3324820 0.2871289 0.3705002 0.3084330 0.3962773 0.3934970 0.3264659 0.3124632 0.3929256 0.3265597 0.3032387 0.3534545 0.3591477 0.3149711 0.3073336 0.3893785 0.3673519 0.3454001 0.3489000 0.3369970 0.3876387 0.4114028 0.3149481 0.3522302 0.3744507 0.3806374 0.4317519 0.3358506 0.4428106 0.3487926 0.3652887 0.3740128 0.3157620 0.2074632 0.3130909 0.3816714 0.3117253 0.3739160 0.3253089 0.3454721 0.3187889 0.2871024 0.3208498 0.3474540 0.3232991 0.3428846 0.3147881 0.4013904 0.3362318 0.3068452 0.3643335 0.4006994 0.4013904 0.2967946 0.3212177 0.3661227 0.2908266 0.3043310 0.3070146 0.2939141 0.3051818 0.2892201 0.3320512 0.2007421 0.2798995 0.3297971 0.3195010 0.3488694 0.3324886 0.3849610 0.3513819 0.2986782 0.3833057 0.2926453 
MYZV          0.2612143 0.1288725 0.0000000 0.3745562 0.3414272 0.2919019 0.3025410 0.3264877 0.3465321 0.3162954 0.3559076 0.3267785 0.3158754 0.2964354 0.3372434 0.3914161 0.3566406 0.3710664 0.3512146 0.3287468 0.3198101 0.3564138 0.3230184 0.3264877 0.3190497 0.3046343 0.4234053 0.3298358 0.3519818 0.3600133 0.3992087 0.3250368 0.3234496 0.3082097 0.3377614 0.2928698 0.3519936 0.3290119 0.3605689 0.3830250 0.3197359 0.3184166 0.4004594 0.3306746 0.3097604 0.3519818 0.3350139 0.3340950 0.3097506 0.3789655 0.3851018 0.3207372 0.3462544 0.3537617 0.3951792 0.4430924 0.3255568 0.3865652 0.3544648 0.3330747 0.3464971 0.3487163 0.4034529 0.3734667 0.3744225 0.3805913 0.3088329 0.2513963 0.3143755 0.3992942 0.3076237 0.3228177 0.3766103 0.3755861 0.3117370 0.3067008 0.3510847 0.3705467 0.3361577 0.3320210 0.3071968 0.4088412 0.3491201 0.3409452 0.4397981 0.4081706 0.4088412 0.3286747 0.3223973 0.3725370 0.3009598 0.3169751 0.3197329 0.3082435 0.3363819 0.3274571 0.3244755 0.2911261 0.3036458 0.3351045 0.3500055 0.3253642 0.3365271 0.3367144 0.3402296 0.3113327 0.3353939 0.3217314 
SRR6441723    0.3679193 0.3681459 0.3745562 0.0000000 0.1609156 0.2267510 0.1621459 0.1680757 0.1594396 0.1518470 0.1655065 0.0990694 0.1311365 0.1346920 0.1501460 0.1836724 0.1284887 0.0838563 0.2001007 0.1245553 0.1601827 0.1851914 0.1273066 0.1680757 0.1563443 0.1330097 0.1603541 0.1418125 0.1373015 0.2033047 0.1875110 0.1277399 0.1429897 0.1370240 0.1541845 0.0942228 0.1626614 0.1473895 0.1550923 0.1690482 0.2134449 0.1413023 0.1555564 0.2124371 0.1205155 0.1373015 0.1739085 0.1401481 0.1692859 0.1826638 0.1520367 0.1459600 0.1104379 0.1582228 0.1550875 0.1607355 0.1566504 0.1491487 0.1839783 0.1636747 0.2135406 0.1489550 0.1871052 0.1977571 0.1561704 0.1556745 0.2038222 0.1460196 0.2130532 0.1375852 0.0736197 0.1541904 0.1493078 0.1600682 0.1927170 0.1332123 0.1730249 0.0963044 0.1430207 0.1394559 0.0871351 0.1553983 0.1199041 0.1651167 0.1831692 0.1561038 0.1553983 0.1423157 0.1579535 0.0567019 0.1127023 0.1479886 0.1423084 0.1754910 0.1225196 0.1070652 0.1550777 0.0994899 0.0977377 0.1488119 0.1760697 0.1674361 0.1018637 0.1575829 0.1450911 0.1315674 0.1546585 0.1199563 
ERR2789774    0.3162921 0.3108276 0.3414272 0.1609156 0.0000000 0.2074006 0.0908102 0.0787694 0.0842090 0.0852039 0.0892197 0.1154444 0.0844205 0.0927773 0.0802760 0.1317543 0.0794645 0.1606833 0.1091178 0.0715235 0.0948475 0.1325320 0.0700334 0.0787694 0.0994927 0.1144602 0.1325491 0.0784783 0.1404902 0.1439294 0.1485564 0.0659197 0.0756714 0.0711116 0.0794056 0.0540587 0.0747086 0.0842491 0.0763861 0.0797348 0.1412431 0.0873604 0.1163408 0.0780379 0.0452824 0.1404902 0.0792122 0.0668824 0.0770535 0.0896367 0.1165503 0.0751850 0.0980230 0.0850893 0.1109021 0.1924212 0.1324403 0.1374761 0.1191570 0.0968019 0.1519655 0.0793566 0.1723940 0.1697442 0.1743471 0.1679856 0.1390287 0.0719920 0.1495582 0.1558112 0.1093488 0.1231800 0.1129883 0.1879675 0.1460258 0.0630651 0.1025548 0.1246930 0.0703128 0.0702532 0.0951720 0.1117473 0.1013511 0.1025333 0.1119536 0.1391575 0.1117473 0.0759243 0.1638131 0.1242068 0.1357660 0.0715227 0.0755912 0.0875647 0.1370748 0.0850695 0.0899609 0.0769175 0.1194654 0.0838431 0.0937860 0.0744060 0.0886502 0.1071007 0.0845992 0.0623187 0.1170846 0.0656074 
PAFTOL_019361 0.2508509 0.2217579 0.2919019 0.2267510 0.2074006 0.0000000 0.1862522 0.2269875 0.1965789 0.1757082 0.2197901 0.1837923 0.1745082 0.2057463 0.1846220 0.2358747 0.1658655 0.2260184 0.2296692 0.1763719 0.2150968 0.2098194 0.1671609 0.2269875 0.1854301 0.1356877 0.2026410 0.1741298 0.2022439 0.2721761 0.2525488 0.1733375 0.1609400 0.1784731 0.1789143 0.1177617 0.2125344 0.1850320 0.1705601 0.2412151 0.1922998 0.1756431 0.1864497 0.2181226 0.1693741 0.2022439 0.2290747 0.1828698 0.2161950 0.2545129 0.1807154 0.1875906 0.1831587 0.1873266 0.2067498 0.2774358 0.2002020 0.2153196 0.2196378 0.2423086 0.1708291 0.1671099 0.1856214 0.2290999 0.3036717 0.3122930 0.2154583 0.2375820 0.2105042 0.2503082 0.1579846 0.1852495 0.2036755 0.2782488 0.2113222 0.1649939 0.2061572 0.2111868 0.1898867 0.1873345 0.1278211 0.1766803 0.1846240 0.1988685 0.2229141 0.1952220 0.1766803 0.1766644 0.1912152 0.1936155 0.1892802 0.1881729 0.1706835 0.2119639 0.2063581 0.1878240 0.1931615 0.1694836 0.1574426 0.1900275 0.2080807 0.2182013 0.1760616 0.2631527 0.1964517 0.1696722 0.2529882 0.1677653 
S0055         0.3033820 0.2791680 0.3025410 0.1621459 0.0908102 0.1862522 0.0000000 0.0813857 0.0721424 0.0741811 0.0924566 0.1032011 0.0736218 0.1002745 0.0878632 0.1464614 0.0608284 0.1507875 0.0973162 0.0611992 0.0705971 0.0754222 0.0776425 0.0813857 0.0840187 0.0609987 0.1347458 0.0688293 0.1470276 0.0926814 0.1703195 0.0648462 0.0609628 0.0569804 0.0645130 0.0373304 0.0829186 0.0730402 0.0799864 0.1106046 0.1263017 0.0554681 0.1232260 0.0664417 0.0605627 0.1470276 0.0818361 0.0611007 0.0650729 0.1167227 0.1192542 0.0742225 0.0690854 0.0783699 0.1195487 0.1934960 0.1190038 0.1485378 0.1179028 0.0999151 0.1232223 0.0646527 0.1762307 0.1544732 0.1738801 0.1621812 0.1243709 0.0621485 0.1344530 0.1511902 0.1114702 0.1316748 0.0779750 0.1557126 0.1308145 0.0489268 0.0827977 0.1005671 0.0650993 0.0693714 0.0570259 0.1137855 0.0648760 0.0916003 0.1445841 0.1309831 0.1137855 0.0699289 0.1563665 0.1363615 0.1073077 0.0698929 0.0611995 0.0210929 0.1057905 0.0521921 0.0743721 0.0592798 0.1062411 0.0823498 0.0701588 0.0770807 0.0795137 0.1008244 0.0742301 0.0568241 0.1156594 0.0599596 
S0196sl       0.3867132 0.3500763 0.3264877 0.1680757 0.0787694 0.2269875 0.0813857 0.0000000 0.1207243 0.0990797 0.1108445 0.1291578 0.0894761 0.1021624 0.0973559 0.1189459 0.0836349 0.1566895 0.1241182 0.0854369 0.0996767 0.1219403 0.0917142 0.0000010 0.1029577 0.1149386 0.1287352 0.0871493 0.1521872 0.1532591 0.1503660 0.0788613 0.0797684 0.0849614 0.1066842 0.0601594 0.0755483 0.0874843 0.0979223 0.0391863 0.1500789 0.0922962 0.1178024 0.0784434 0.0630873 0.1521872 0.0067101 0.0893173 0.0105201 0.0434495 0.1088252 0.0799518 0.0874591 0.1023408 0.1089684 0.2050348 0.1349371 0.1540214 0.1440632 0.0506604 0.1599022 0.0796117 0.1561128 0.1520464 0.1796501 0.1735168 0.1536558 0.0188756 0.1646067 0.1696619 0.1220449 0.1152933 0.1059845 0.1952335 0.1600802 0.0813354 0.1066191 0.1211190 0.0834621 0.0751416 0.0953590 0.1087932 0.0832452 0.1209585 0.1229042 0.1299103 0.1087932 0.0898130 0.1705703 0.1430189 0.1432928 0.0897624 0.0894310 0.0837068 0.1316897 0.0845382 0.0850672 0.0676424 0.1319857 0.1054717 0.1083673 0.0033220 0.1026895 0.0550762 0.0890787 0.0761801 0.0627493 0.0878498 
S0278         0.3632413 0.3096114 0.3465321 0.1594396 0.0842090 0.1965789 0.0721424 0.1207243 0.0000000 0.0865360 0.0639425 0.0962957 0.0946251 0.1131448 0.0520135 0.1554585 0.0511495 0.1700706 0.1349168 0.0817361 0.0928735 0.1190676 0.0474774 0.1207243 0.1187748 0.0716953 0.1583609 0.0591450 0.1605988 0.1281768 0.1778260 0.0318446 0.0942530 0.0823974 0.0390980 0.0526115 0.0725852 0.0768654 0.0790863 0.1368811 0.1338582 0.0759796 0.1482952 0.1137585 0.0726461 0.1605988 0.1214088 0.0856204 0.1186372 0.1384482 0.1307945 0.0730347 0.0762648 0.1000601 0.1276869 0.2018201 0.1363600 0.1508522 0.1234889 0.1219062 0.1207693 0.0895685 0.1821412 0.1816765 0.1948612 0.1942140 0.1274603 0.1232412 0.1272501 0.1538454 0.1097799 0.1394096 0.1085642 0.1755697 0.1286712 0.0738585 0.1227096 0.0952996 0.0470338 0.0682749 0.0462789 0.1364838 0.0898704 0.0553906 0.1690327 0.1494266 0.1364838 0.0917095 0.1859313 0.1284833 0.1192631 0.0916565 0.0869096 0.0967735 0.1347339 0.0774629 0.0777598 0.0573938 0.1043181 0.0472042 0.1138560 0.1160410 0.0725226 0.1327644 0.0727221 0.0777805 0.1376033 0.0851911 
S0282         0.3093127 0.2958681 0.3162954 0.1518470 0.0852039 0.1757082 0.0741811 0.0990797 0.0865360 0.0000000 0.0894421 0.1056770 0.0354995 0.0570316 0.0960948 0.1012154 0.0774751 0.1516089 0.0875162 0.0171521 0.0359603 0.1166152 0.0809621 0.0990797 0.0721237 0.0826214 0.1209258 0.0764562 0.1282058 0.1220887 0.1610867 0.0727010 0.0597478 0.0135495 0.0775623 0.0448012 0.0878975 0.0860291 0.0214548 0.1157258 0.1088607 0.0720441 0.1069710 0.0866891 0.0317629 0.1282058 0.0996357 0.0205867 0.0849316 0.1151574 0.1169038 0.0743829 0.0767358 0.0768742 0.0821454 0.1751792 0.1180786 0.1283525 0.0929823 0.1283817 0.0928341 0.0772736 0.1650651 0.1076554 0.1568943 0.1511311 0.1041863 0.0733279 0.1067706 0.1473292 0.1036601 0.1123872 0.1051101 0.1693915 0.1094192 0.0173189 0.0884481 0.1100268 0.0770732 0.0695289 0.0672248 0.1025749 0.0806855 0.0908106 0.1395014 0.1220383 0.1025749 0.0282644 0.1529887 0.1338545 0.1192024 0.0207301 0.0243959 0.0902197 0.1241660 0.0734540 0.0742036 0.0489465 0.1042767 0.0905055 0.0802930 0.0945915 0.0856130 0.1295779 0.0687801 0.0172486 0.1295452 0.0548949 
S0289         0.3556580 0.3273108 0.3559076 0.1655065 0.0892197 0.2197901 0.0924566 0.1108445 0.0639425 0.0894421 0.0000000 0.1112633 0.0988323 0.1068128 0.0555603 0.1300588 0.0551919 0.1704126 0.1139479 0.0762219 0.1001168 0.1549271 0.0634216 0.1108445 0.1069866 0.0943489 0.1513986 0.0673304 0.1566035 0.1316380 0.1595385 0.0469736 0.0887660 0.0768324 0.0638460 0.0569904 0.0761602 0.0957044 0.0633434 0.1219491 0.1285965 0.1042386 0.1435414 0.1090191 0.0675140 0.1566035 0.1114648 0.0800335 0.1048445 0.1166348 0.1267165 0.0817070 0.0849056 0.0847686 0.1101734 0.2155450 0.1296931 0.1411228 0.1317439 0.1226259 0.0905093 0.0996041 0.1696695 0.1480411 0.1838645 0.1832614 0.1430570 0.1224570 0.1317240 0.1793944 0.1114602 0.1279207 0.1242238 0.1924972 0.1390430 0.0731559 0.0981772 0.1147130 0.0470738 0.0767763 0.0661890 0.1318684 0.0947832 0.0634431 0.1649568 0.1528076 0.1318684 0.0858816 0.1781067 0.1357820 0.1352265 0.0858339 0.0812243 0.1129105 0.1413724 0.1065472 0.0955207 0.0868293 0.1099772 0.0472444 0.0897966 0.1062891 0.0717434 0.1286853 0.0813423 0.0723453 0.1117802 0.0939548 
S0292         0.3423752 0.3021672 0.3267785 0.0990694 0.1154444 0.1837923 0.1032011 0.1291578 0.0962957 0.1056770 0.1112633 0.0000000 0.1061743 0.1060963 0.0927409 0.1748932 0.0733083 0.1190210 0.1523891 0.1018956 0.1190617 0.1573545 0.0878964 0.1291578 0.1138002 0.0816033 0.1587097 0.0968822 0.1200880 0.1711812 0.1694089 0.0735400 0.1107287 0.0923276 0.0918329 0.0700858 0.1072198 0.1110713 0.1392527 0.1412108 0.1587119 0.1152645 0.1486205 0.1529879 0.0877752 0.1200880 0.1299112 0.1059563 0.1235179 0.1480930 0.1570891 0.1036170 0.0971038 0.1286705 0.1404957 0.1209852 0.1123250 0.1245255 0.1202889 0.1249502 0.1747929 0.1011076 0.1913299 0.1960964 0.1263704 0.1259925 0.1559998 0.0764979 0.1564601 0.1110277 0.0738265 0.1466467 0.1216252 0.1011266 0.1528759 0.0936532 0.1236655 0.0646316 0.0730622 0.0980812 0.0668254 0.1367791 0.1062155 0.0962134 0.1556129 0.1544934 0.1367791 0.1075552 0.1670837 0.0780593 0.0101394 0.1019559 0.1075855 0.1258403 0.0492564 0.0834581 0.1063965 0.0317924 0.0137002 0.0914216 0.1257551 0.1242810 0.0966102 0.1307549 0.0926479 0.0977446 0.1365302 0.0920494 
S0293         0.3282425 0.3173919 0.3158754 0.1311365 0.0844205 0.1745082 0.0736218 0.0894761 0.0946251 0.0354995 0.0988323 0.1061743 0.0000000 0.0705752 0.0953924 0.1017583 0.0769009 0.1412837 0.0929851 0.0243704 0.0475418 0.1157727 0.0803692 0.0894761 0.0725835 0.0817461 0.1110753 0.0758953 0.1273109 0.1268746 0.1486499 0.0721622 0.0514444 0.0281129 0.0769872 0.0444559 0.0785453 0.0853985 0.0327771 0.0961080 0.1138924 0.0715138 0.1017971 0.0941112 0.0394093 0.1273109 0.0899713 0.0278572 0.0785144 0.1010692 0.1055650 0.0654166 0.0761707 0.0859393 0.0914539 0.1761470 0.1105839 0.1268567 0.1074372 0.1084810 0.1140375 0.0727682 0.1467914 0.1223795 0.1685358 0.1625613 0.1086059 0.0740146 0.1165081 0.1418945 0.1029172 0.0962207 0.0952317 0.1637058 0.1233320 0.0284475 0.0977333 0.1090673 0.0765039 0.0607554 0.0553953 0.1016684 0.0800964 0.0948163 0.1429497 0.1120944 0.1016684 0.0358658 0.1323174 0.1229913 0.1104066 0.0358523 0.0318378 0.0895625 0.1247917 0.0644976 0.0782077 0.0763234 0.1047602 0.0858164 0.0893855 0.0851127 0.0767884 0.1094706 0.0691797 0.0245076 0.1007228 0.0469341 
S0294         0.3371849 0.3343570 0.2964354 0.1346920 0.0927773 0.2057463 0.1002745 0.1021624 0.1131448 0.0570316 0.1068128 0.1060963 0.0705752 0.0000000 0.1099676 0.1305980 0.0940864 0.1537474 0.1059262 0.0572848 0.0791843 0.1329775 0.1030740 0.1021624 0.0743134 0.1135674 0.1466518 0.0980733 0.1629800 0.1251344 0.1733426 0.0842647 0.0615487 0.0527386 0.1033815 0.0585492 0.0897819 0.0937586 0.0460290 0.1195564 0.1186982 0.0922526 0.1374217 0.0959572 0.0403872 0.1629800 0.1022306 0.0611028 0.0868353 0.1189565 0.1313877 0.0809452 0.0704687 0.0881408 0.1093266 0.1975206 0.1465351 0.1777808 0.0876548 0.1177473 0.0951099 0.0887071 0.1653772 0.1422290 0.1832165 0.1767820 0.1185496 0.0750756 0.1165108 0.1715089 0.1196473 0.1160779 0.1188304 0.1747852 0.1191511 0.0492641 0.0826939 0.1186528 0.0935828 0.0758359 0.0926984 0.1267104 0.0925510 0.1086554 0.1608067 0.1480577 0.1267104 0.0614401 0.1802223 0.1359706 0.1153471 0.0571097 0.0611797 0.1023799 0.1348094 0.0851238 0.1007948 0.0907829 0.1046308 0.1029094 0.0831628 0.1022306 0.0976561 0.1288877 0.0858161 0.0486875 0.1229263 0.0693076 
S0299         0.3485149 0.3397400 0.3372434 0.1501460 0.0802760 0.1846220 0.0878632 0.0973559 0.0520135 0.0960948 0.0555603 0.0927409 0.0953924 0.1099676 0.0000000 0.1438455 0.0473185 0.1665558 0.1406506 0.0823890 0.1011818 0.1287828 0.0436635 0.0973559 0.1251341 0.0827142 0.1532818 0.0552385 0.1243552 0.1372535 0.1671034 0.0282055 0.0899538 0.0830595 0.0474905 0.0489674 0.0637162 0.0778263 0.1000709 0.1123326 0.1273985 0.0736203 0.1433035 0.1169090 0.0737153 0.1243552 0.0978941 0.0863046 0.1048584 0.1136048 0.1202886 0.0689172 0.0721658 0.0872814 0.1229073 0.1732236 0.0900372 0.1132372 0.1397260 0.1083581 0.1235169 0.0908844 0.1628884 0.1702020 0.1785119 0.1779288 0.1306701 0.0850459 0.1305552 0.1338933 0.0969424 0.1227356 0.1147504 0.1835692 0.1319384 0.0793043 0.1148979 0.1100580 0.0432559 0.0642313 0.0560197 0.1316459 0.0809261 0.0601147 0.1593450 0.1443967 0.1316459 0.0924594 0.1512373 0.1249527 0.1157236 0.0924054 0.0776611 0.0944337 0.1187867 0.0885161 0.0776899 0.0586007 0.0916878 0.0434132 0.1060751 0.0929453 0.0641275 0.1135832 0.0686278 0.0781203 0.1171708 0.0864415 
S0308         0.3708663 0.3909546 0.3914161 0.1836724 0.1317543 0.2358747 0.1464614 0.1189459 0.1554585 0.1012154 0.1300588 0.1748932 0.1017583 0.1305980 0.1438455 0.0000000 0.1176746 0.1904991 0.1269648 0.0776076 0.1110849 0.1836570 0.1116287 0.1189459 0.1192809 0.1245297 0.0843110 0.1160723 0.1654100 0.1573585 0.1131695 0.1217060 0.1253322 0.0867624 0.1394849 0.0807694 0.1173085 0.1203977 0.0935707 0.1133877 0.1620137 0.1265412 0.0636066 0.1685924 0.0910392 0.1654100 0.1196317 0.0823499 0.1146475 0.1128369 0.0928224 0.1127490 0.1069399 0.1262863 0.0504493 0.2321336 0.1502082 0.1614108 0.2123555 0.1277142 0.1582237 0.1260476 0.1262624 0.0943991 0.2121621 0.2114314 0.1859422 0.0946326 0.1852006 0.2009626 0.1252269 0.0892889 0.1361011 0.2453330 0.1736711 0.0786713 0.1235775 0.1723432 0.1268729 0.1070456 0.0922126 0.0679092 0.0998131 0.1382782 0.1087067 0.0797048 0.0679092 0.0819369 0.1507570 0.1575419 0.1973254 0.0916786 0.0913343 0.1586782 0.1852605 0.1178829 0.1299116 0.1188404 0.1784222 0.1323965 0.1406030 0.1141966 0.1266535 0.1227223 0.1232293 0.0777811 0.1225881 0.1152448 
S0327         0.3578199 0.3308398 0.3566406 0.1284887 0.0794645 0.1658655 0.0608284 0.0836349 0.0511495 0.0774751 0.0551919 0.0733083 0.0769009 0.0940864 0.0473185 0.1176746 0.0000000 0.1435243 0.1099159 0.0645477 0.0877596 0.1075042 0.0317753 0.0836349 0.0952373 0.0182555 0.1054536 0.0353990 0.1252803 0.1200621 0.1494611 0.0242126 0.0675841 0.0650715 0.0320275 0.0213399 0.0434358 0.0641283 0.0643350 0.0978874 0.1303294 0.0723858 0.0965507 0.1161325 0.0560530 0.1252803 0.0840883 0.0683413 0.0911780 0.1035467 0.0992558 0.0400070 0.0433156 0.0952119 0.0884097 0.1677398 0.0968015 0.1141514 0.0924121 0.1071646 0.1131719 0.0722983 0.1398029 0.1409550 0.1612873 0.1607729 0.1335584 0.0856290 0.1335345 0.1336419 0.0826906 0.1056001 0.0731973 0.1644640 0.1348443 0.0613740 0.0949258 0.0809806 0.0315286 0.0359082 0.0084259 0.0866141 0.0554358 0.0552613 0.1255114 0.1064123 0.0866141 0.0687159 0.1421167 0.1002780 0.0948588 0.0738531 0.0693671 0.0762465 0.0997258 0.0654002 0.0520511 0.0675401 0.0810329 0.0390908 0.0865168 0.0793945 0.0397552 0.1128430 0.0398652 0.0606984 0.1025267 0.0681178 
S0335         0.3574169 0.3921680 0.3710664 0.0838563 0.1606833 0.2260184 0.1507875 0.1566895 0.1700706 0.1516089 0.1704126 0.1190210 0.1412837 0.1537474 0.1665558 0.1904991 0.1435243 0.0000000 0.1744668 0.1360734 0.1541676 0.1570668 0.1379133 0.1566895 0.1411853 0.0819058 0.1892858 0.1416063 0.1327501 0.1924503 0.1777043 0.1428218 0.1475124 0.1416170 0.1641254 0.1006396 0.1676250 0.1524575 0.1426294 0.1758157 0.2116298 0.1511866 0.1780582 0.2408234 0.1259043 0.1327501 0.1576102 0.1304273 0.1774728 0.1894718 0.1791267 0.1511538 0.1314062 0.1765111 0.1783435 0.1696091 0.1237617 0.1436980 0.1463330 0.1692483 0.1902648 0.1435294 0.1894974 0.2240941 0.1692741 0.1687359 0.1912280 0.1968221 0.2054174 0.1462120 0.1054402 0.1626250 0.1434872 0.1956309 0.2051654 0.1385232 0.1717369 0.1263102 0.1481753 0.1447029 0.0547241 0.1730841 0.1260807 0.1543430 0.1967929 0.1857837 0.1730841 0.1531718 0.1968270 0.0791364 0.1328234 0.1530633 0.1468145 0.1592645 0.1377387 0.1175341 0.1542388 0.1254035 0.1218969 0.1529580 0.1746796 0.1515729 0.1427828 0.1758445 0.1551277 0.1368447 0.1757097 0.1343929 
S0376         0.3022072 0.3469696 0.3512146 0.2001007 0.1091178 0.2296692 0.0973162 0.1241182 0.1349168 0.0875162 0.1139479 0.1523891 0.0929851 0.1059262 0.1406506 0.1269648 0.1099159 0.1744668 0.0000000 0.0769038 0.0882653 0.1403122 0.0982211 0.1241182 0.0202593 0.1178279 0.1511444 0.0978631 0.1662415 0.1145728 0.1976236 0.1035767 0.0767122 0.0717908 0.1229745 0.0772710 0.1045651 0.1080086 0.0705009 0.1382517 0.1532909 0.0878760 0.1467324 0.1511147 0.0755580 0.1662415 0.1185538 0.0715606 0.1045001 0.1316439 0.1538296 0.0936883 0.1078217 0.1097662 0.1208631 0.2066899 0.1571320 0.1599477 0.1385302 0.1627855 0.1457381 0.1258332 0.2160585 0.1468211 0.1899388 0.1692721 0.1585932 0.1070274 0.1561528 0.1513284 0.1516659 0.1701801 0.1097930 0.1933887 0.1603930 0.0675597 0.0952045 0.1335662 0.0971790 0.0880027 0.0991517 0.1402644 0.1123017 0.1309083 0.1829150 0.1583734 0.1402644 0.0875176 0.1916237 0.1780184 0.1584374 0.0823701 0.0768922 0.1224482 0.1428455 0.0892140 0.1056063 0.1099716 0.1650529 0.1266259 0.1023317 0.1185538 0.1195367 0.1710460 0.1002874 0.0715656 0.1549046 0.0972555 
S0400         0.3033308 0.3159450 0.3287468 0.1245553 0.0715235 0.1763719 0.0611992 0.0854369 0.0817361 0.0171521 0.0762219 0.1018956 0.0243704 0.0572848 0.0823890 0.0776076 0.0645477 0.1360734 0.0769038 0.0000000 0.0282514 0.1019762 0.0680186 0.0854369 0.0595296 0.0830575 0.0958737 0.0637039 0.1134175 0.1076488 0.1372049 0.0600163 0.0475867 0.0101893 0.0646235 0.0329318 0.0743904 0.0728188 0.0104901 0.0910957 0.0989513 0.0594707 0.0828034 0.0731084 0.0207721 0.1134175 0.0859087 0.0100989 0.0788978 0.0906329 0.0901321 0.0613899 0.0639385 0.0640507 0.0600418 0.1711198 0.1046459 0.1125612 0.0941252 0.1135662 0.0848357 0.0643798 0.1349946 0.0874396 0.1529205 0.1471866 0.1032755 0.0620250 0.1058183 0.1371101 0.0898430 0.0858063 0.0911011 0.1653592 0.0982442 0.0103074 0.0753707 0.1048186 0.0642135 0.0567975 0.0562388 0.0786489 0.0589918 0.0819050 0.1170583 0.0967396 0.0786489 0.0173278 0.1249916 0.1187884 0.1154029 0.0173227 0.0136751 0.0768807 0.1202180 0.0606138 0.0656325 0.0576859 0.1005421 0.0771355 0.0674496 0.0811070 0.0724754 0.1040697 0.0651467 0.0067687 0.1146004 0.0430633 
S0405         0.3022383 0.3155508 0.3198101 0.1601827 0.0948475 0.2150968 0.0705971 0.0996767 0.0928735 0.0359603 0.1001168 0.1190617 0.0475418 0.0791843 0.1011818 0.1110849 0.0877596 0.1541676 0.0882653 0.0282514 0.0000000 0.1235075 0.0913043 0.0996767 0.0729217 0.0966987 0.1313917 0.0865861 0.1401910 0.1185468 0.1622057 0.0827277 0.0643782 0.0245646 0.0833430 0.0534368 0.0932234 0.0953303 0.0273361 0.1197257 0.1248371 0.0769075 0.1170709 0.0940573 0.0393918 0.1401910 0.1002392 0.0317877 0.0921418 0.1191446 0.1176802 0.0835064 0.0869048 0.0858818 0.0913892 0.1980730 0.1399839 0.1411873 0.1101687 0.1291860 0.1076743 0.0821505 0.1737359 0.1178588 0.1783982 0.1721823 0.1294895 0.0843984 0.1282803 0.1620018 0.1103178 0.1196363 0.1107371 0.1733761 0.1307283 0.0284357 0.0894150 0.1221163 0.0830713 0.0784556 0.0783217 0.1125759 0.0814264 0.1065777 0.1554754 0.1326096 0.1125759 0.0358502 0.1753179 0.1415216 0.1332887 0.0358368 0.0282604 0.0907580 0.1253185 0.0784319 0.0845521 0.0688332 0.1220235 0.1013140 0.0811767 0.0951584 0.0961703 0.1303967 0.0885723 0.0244973 0.1303625 0.0593676 
S0412sl       0.4001325 0.4023748 0.3564138 0.1851914 0.1325320 0.2098194 0.0754222 0.1219403 0.1190676 0.1166152 0.1549271 0.1573545 0.1157727 0.1329775 0.1287828 0.1836570 0.1075042 0.1570668 0.1403122 0.1019762 0.1235075 0.0000000 0.1109305 0.1219403 0.1282785 0.0993754 0.1692922 0.1012141 0.1714373 0.0894541 0.1988051 0.1113127 0.1268215 0.1071236 0.1109034 0.0852502 0.1293743 0.0928569 0.1423333 0.1558074 0.1812948 0.0643418 0.1620096 0.1626633 0.0926656 0.1714373 0.1226583 0.0967753 0.1250934 0.1576751 0.1875285 0.1084009 0.1015861 0.1241826 0.1519680 0.2233225 0.1192773 0.1869393 0.1879881 0.1383797 0.1793892 0.1175079 0.2130833 0.2041313 0.2020499 0.1885450 0.1627869 0.0993017 0.1802446 0.1660938 0.1315446 0.1549046 0.1219508 0.2192085 0.1751392 0.0980651 0.1429870 0.1389146 0.1123061 0.1082352 0.0781064 0.1570482 0.1157513 0.1408844 0.2061633 0.1823707 0.1570482 0.1178601 0.1710197 0.1823758 0.1728215 0.1177828 0.1120252 0.0880767 0.1569595 0.0883001 0.1127731 0.0779183 0.1601104 0.1163106 0.1438256 0.1170692 0.1278340 0.1502258 0.1180070 0.1025707 0.1519014 0.1102922 
S0417         0.3266911 0.3101761 0.3230184 0.1273066 0.0700334 0.1671609 0.0776425 0.0917142 0.0474774 0.0809621 0.0634216 0.0878964 0.0803692 0.1030740 0.0436635 0.1116287 0.0317753 0.1379133 0.0982211 0.0680186 0.0913043 0.1109305 0.0000000 0.0917142 0.1046456 0.0378544 0.1262527 0.0240282 0.1145460 0.1234307 0.1525404 0.0207478 0.0719279 0.0685653 0.0434943 0.0325840 0.0472400 0.0594122 0.0706138 0.1062738 0.1190465 0.0675030 0.1011844 0.1217410 0.0595068 0.1145460 0.0922136 0.0717971 0.0966361 0.1074634 0.1095645 0.0356269 0.0467079 0.0857625 0.0919761 0.1662115 0.1042455 0.1027527 0.0927147 0.1066647 0.1056784 0.0757498 0.1511698 0.1446514 0.1491247 0.1486593 0.1319260 0.0966194 0.1218985 0.1271758 0.0819326 0.1161996 0.0808481 0.1660524 0.1234169 0.0609790 0.1078071 0.0816089 0.0353462 0.0316646 0.0172163 0.1061469 0.0588568 0.0595688 0.1313763 0.1177369 0.1061469 0.0774048 0.1502501 0.1043681 0.1105398 0.0733755 0.0728658 0.0928699 0.0999071 0.0606356 0.0433475 0.0886892 0.0958791 0.0430277 0.0992412 0.0874088 0.0516094 0.1076904 0.0355059 0.0641817 0.1167494 0.0674314 
S0419         0.3867132 0.3500763 0.3264877 0.1680757 0.0787694 0.2269875 0.0813857 0.0000010 0.1207243 0.0990797 0.1108445 0.1291578 0.0894761 0.1021624 0.0973559 0.1189459 0.0836349 0.1566895 0.1241182 0.0854369 0.0996767 0.1219403 0.0917142 0.0000000 0.1029577 0.1149386 0.1287352 0.0871493 0.1521872 0.1532591 0.1503660 0.0788613 0.0797684 0.0849614 0.1066842 0.0601594 0.0755483 0.0874843 0.0979223 0.0391863 0.1500789 0.0922962 0.1178024 0.0784434 0.0630873 0.1521872 0.0067101 0.0893173 0.0105201 0.0434495 0.1088252 0.0799518 0.0874591 0.1023408 0.1089684 0.2050348 0.1349371 0.1540214 0.1440632 0.0506604 0.1599022 0.0796117 0.1561128 0.1520464 0.1796501 0.1735168 0.1536558 0.0188756 0.1646067 0.1696619 0.1220449 0.1152933 0.1059845 0.1952335 0.1600802 0.0813354 0.1066191 0.1211190 0.0834621 0.0751416 0.0953590 0.1087932 0.0832452 0.1209585 0.1229042 0.1299103 0.1087932 0.0898130 0.1705703 0.1430189 0.1432928 0.0897624 0.0894310 0.0837068 0.1316897 0.0845382 0.0850672 0.0676424 0.1319857 0.1054717 0.1083673 0.0033220 0.1026895 0.0550762 0.0890787 0.0761801 0.0627493 0.0878498 
S0427         0.3127751 0.3302892 0.3190497 0.1563443 0.0994927 0.1854301 0.0840187 0.1029577 0.1187748 0.0721237 0.1069866 0.1138002 0.0725835 0.0743134 0.1251341 0.1192809 0.0952373 0.1411853 0.0202593 0.0595296 0.0729217 0.1282785 0.1046456 0.1029577 0.0000000 0.0934483 0.1284074 0.0997454 0.1605508 0.1178558 0.1710256 0.0990829 0.0557026 0.0554351 0.1091592 0.0565830 0.0959600 0.0900138 0.0512823 0.1243081 0.1248269 0.0853134 0.1253832 0.1235223 0.0547304 0.1605508 0.1035347 0.0552825 0.0911533 0.1237104 0.1273191 0.0878144 0.0946537 0.0990453 0.1048602 0.1956796 0.1579024 0.1630369 0.1149346 0.1275993 0.1218079 0.0939852 0.1699607 0.1262195 0.1695809 0.1529081 0.1339267 0.1099064 0.1328147 0.1662005 0.1136581 0.1277281 0.1003430 0.1789795 0.1352047 0.0599384 0.0748410 0.1297038 0.0937427 0.0826815 0.0770617 0.1100267 0.0933858 0.1178129 0.1538382 0.1295766 0.1100267 0.0679976 0.1394125 0.1391009 0.1180228 0.0679639 0.0595307 0.1046243 0.1236447 0.0691326 0.0970815 0.0864552 0.1230198 0.1182725 0.0760264 0.0984500 0.1036551 0.1387024 0.0929488 0.0552866 0.1318030 0.0717445 
S0428sl       0.3230687 0.3125057 0.3046343 0.1330097 0.1144602 0.1356877 0.0609987 0.1149386 0.0716953 0.0826214 0.0943489 0.0816033 0.0817461 0.1135674 0.0827142 0.1245297 0.0182555 0.0819058 0.1178279 0.0830575 0.0966987 0.0993754 0.0378544 0.1149386 0.0934483 0.0000000 0.1084417 0.0475196 0.0583915 0.1095017 0.1907445 0.0475803 0.0711856 0.0706244 0.0488497 0.0277374 0.0483230 0.0588840 0.0819086 0.1738262 0.1392067 0.0814989 0.0949835 0.7582663 0.0707770 0.0583915 0.1029319 0.0818004 1.4668511 0.1945130 0.1433171 0.0279883 0.0375260 0.1080229 0.0857144 0.0819726 0.0302549 0.0479379 0.0688987 0.1419482 0.1506474 0.0478477 0.1678458 0.1383029 0.0830874 0.0830874 0.1348817 0.0000010 0.1400927 0.0302761 0.0818531 0.1352357 0.0716966 0.1298464 0.1381315 0.0614469 0.0944748 0.0475803 0.0578734 0.0277374 0.0192482 0.0826183 0.0379969 0.0693088 0.1513002 0.0961423 0.0826183 0.0706244 0.2115992 0.1174737 0.0816033 0.0706244 0.0954256 0.0703811 0.1056507 0.0708726 0.0584301 0.0000010 0.0932901 0.0813310 0.1211067 0.1029319 0.0587026 0.1575305 0.0381764 0.0706244 0.1581928 0.0814808 
S0430         0.3772533 0.3986099 0.4234053 0.1603541 0.1325491 0.2026410 0.1347458 0.1287352 0.1583609 0.1209258 0.1513986 0.1587097 0.1110753 0.1466518 0.1532818 0.0843110 0.1054536 0.1892858 0.1511444 0.0958737 0.1313917 0.1692922 0.1262527 0.1287352 0.1284074 0.1084417 0.0000000 0.1209587 0.1654115 0.1816515 0.1140815 0.1201266 0.1050306 0.1055848 0.1424491 0.0709020 0.1218010 0.1101931 0.1300829 0.1284799 0.1795119 0.1305742 0.0242537 0.1538618 0.1009032 0.1654115 0.1294834 0.1102622 0.1162758 0.1402852 0.0683861 0.1132305 0.1110734 0.1537042 0.0506589 0.2337675 0.1475061 0.1624599 0.1893283 0.1607668 0.1837406 0.1176757 0.1096291 0.1088989 0.2121773 0.2114469 0.1852376 0.0730975 0.2042038 0.1956040 0.1197561 0.0693184 0.1311333 0.2398639 0.1846371 0.0972390 0.1403463 0.1476214 0.1157100 0.1075007 0.0890350 0.0169532 0.1038343 0.1414513 0.1084318 0.0205790 0.0169532 0.1108957 0.1041974 0.1569692 0.1739384 0.1108257 0.1104084 0.1472807 0.1644327 0.1028529 0.1452848 0.0969457 0.1564626 0.1264372 0.1584348 0.1238780 0.1013354 0.1552720 0.1237527 0.0961062 0.1377067 0.0959632 
S0478         0.3395443 0.3321470 0.3298358 0.1418125 0.0784783 0.1741298 0.0688293 0.0871493 0.0591450 0.0764562 0.0673304 0.0968822 0.0758953 0.0980733 0.0552385 0.1160723 0.0353990 0.1416063 0.0978631 0.0637039 0.0865861 0.1012141 0.0240282 0.0871493 0.0997454 0.0475196 0.1209587 0.0000000 0.1382765 0.1088693 0.1474039 0.0314913 0.0717149 0.0642153 0.0472422 0.0213089 0.0432503 0.0552369 0.0638778 0.1014569 0.1234777 0.0632218 0.1055139 0.1144140 0.0553249 0.1382765 0.0876199 0.0674513 0.0898861 0.1025879 0.1041863 0.0318051 0.0352558 0.0899009 0.0872202 0.1820280 0.1164944 0.1221530 0.0986107 0.1107521 0.1123238 0.0713572 0.1397580 0.1390019 0.1754176 0.1748526 0.1266806 0.0966753 0.1264472 0.1421630 0.0947869 0.1055591 0.0806043 0.1810586 0.1278760 0.0566871 0.1074711 0.0943994 0.0389829 0.0279209 0.0170796 0.1011708 0.0469110 0.0715972 0.1304301 0.1220727 0.1011708 0.0729133 0.1559505 0.1178666 0.1104192 0.0689298 0.0684525 0.0796728 0.1093587 0.0645341 0.0357245 0.0876218 0.1091780 0.0467349 0.0989341 0.0829035 0.0634227 0.1164641 0.0316998 0.0599026 0.1117429 0.0672326 
S0552sl       0.3431363 0.3534545 0.3519818 0.1373015 0.1404902 0.2022439 0.1470276 0.1521872 0.1605988 0.1282058 0.1566035 0.1200880 0.1273109 0.1629800 0.1243552 0.1654100 0.1252803 0.1327501 0.1662415 0.1134175 0.1401910 0.1714373 0.1145460 0.1521872 0.1605508 0.0583915 0.1654115 0.1382765 0.0000000 0.2142995 0.2030328 0.1289388 0.1502226 0.1186447 0.1450768 0.0935456 0.1352129 0.1267136 0.1133417 0.1771426 0.2043262 0.1427387 0.1477939 0.2259099 0.1239518 0.0000010 0.1530782 0.1174627 0.2006023 0.1848316 0.1493797 0.1305797 0.1244856 0.1631435 0.1531937 0.0817559 0.0046030 0.0107374 0.1395018 0.1691548 0.1513271 0.1500182 0.1935123 0.1964885 0.0688770 0.0686915 0.1897039 0.2006948 0.1979600 0.0619627 0.0852341 0.1439111 0.1401268 0.1504211 0.1978732 0.1154354 0.1645983 0.0994730 0.1394311 0.1245782 0.0455617 0.1534981 0.1288762 0.1504204 0.1693329 0.1656834 0.1534981 0.1241400 0.1858851 0.1089313 0.1277965 0.1294585 0.1235951 0.1606081 0.1092439 0.1093696 0.1292777 0.1631979 0.1090599 0.1394157 0.1784034 0.1471179 0.1336468 0.1649656 0.1345175 0.1087448 0.1840921 0.1375469 
S0558         0.3684416 0.3689962 0.3600133 0.2033047 0.1439294 0.2721761 0.0926814 0.1532591 0.1281768 0.1220887 0.1316380 0.1711812 0.1268746 0.1251344 0.1372535 0.1573585 0.1200621 0.1924503 0.1145728 0.1076488 0.1185468 0.0894541 0.1234307 0.1532591 0.1178558 0.1095017 0.1816515 0.1088693 0.2142995 0.0000000 0.1873758 0.1195180 0.1223310 0.1029202 0.1253209 0.0918356 0.1450266 0.1178643 0.1047231 0.1767913 0.1717630 0.0760740 0.1766967 0.1611076 0.0928712 0.2142995 0.1541641 0.1024954 0.1602433 0.1705563 0.1940879 0.1295035 0.1275815 0.1279736 0.1254318 0.2403561 0.1931560 0.2068331 0.1744675 0.1591283 0.1460311 0.1340863 0.2309818 0.1776180 0.2327404 0.2257090 0.1817645 0.1644914 0.1817195 0.1771668 0.1732792 0.1702923 0.1233758 0.2172446 0.1835055 0.0941914 0.1123879 0.1663954 0.1200157 0.1235598 0.1126102 0.1716609 0.1371694 0.1449760 0.2189209 0.1949005 0.1716609 0.1174002 0.2129162 0.1961839 0.1930831 0.1173259 0.1076106 0.1039538 0.1699055 0.0999000 0.1467727 0.1525852 0.1798234 0.1299799 0.1176489 0.1481444 0.1289235 0.1713722 0.1352668 0.1026545 0.1658169 0.1073343 
S0616         0.3595819 0.3778494 0.3992087 0.1875110 0.1485564 0.2525488 0.1703195 0.1503660 0.1778260 0.1610867 0.1595385 0.1694089 0.1486499 0.1733426 0.1671034 0.1131695 0.1494611 0.1777043 0.1976236 0.1372049 0.1622057 0.1988051 0.1525404 0.1503660 0.1710256 0.1907445 0.1140815 0.1474039 0.2030328 0.1873758 0.0000000 0.1536432 0.1417952 0.1483316 0.1653997 0.1106563 0.1377117 0.1366908 0.1787820 0.1535088 0.1814582 0.1644160 0.1097811 0.1497191 0.1317926 0.2030328 0.1512628 0.1430906 0.1289360 0.1662642 0.0890227 0.1390140 0.1488615 0.1695878 0.0990491 0.2282072 0.2009778 0.2011643 0.2043493 0.1412446 0.1780090 0.1398867 0.1176188 0.1366673 0.2318087 0.2309774 0.1759765 0.1340166 0.1887325 0.2105473 0.1500733 0.0903700 0.1561929 0.2588384 0.1753964 0.1393415 0.1687839 0.1918011 0.1490960 0.1377438 0.1739519 0.1096485 0.1503831 0.1660308 0.0680575 0.1099105 0.1096485 0.1492498 0.1801222 0.1834294 0.1916288 0.1543875 0.1537969 0.1713372 0.1726607 0.1396498 0.1627236 0.1321020 0.1781902 0.1493462 0.1717645 0.1452210 0.1281035 0.1353648 0.1555878 0.1375960 0.1255017 0.1311362 
S0624         0.3344364 0.3121644 0.3250368 0.1277399 0.0659197 0.1733375 0.0648462 0.0788613 0.0318446 0.0727010 0.0469736 0.0735400 0.0721622 0.0842647 0.0282055 0.1217060 0.0242126 0.1428218 0.1035767 0.0600163 0.0827277 0.1113127 0.0207478 0.0788613 0.0990829 0.0475803 0.1201266 0.0314913 0.1289388 0.1195180 0.1536432 0.0000000 0.0630594 0.0605011 0.0280986 0.0287220 0.0470090 0.0596271 0.0513510 0.1016881 0.1245077 0.0677438 0.1109216 0.1009293 0.0516885 0.1289388 0.0878161 0.0637652 0.0834632 0.1028239 0.0989562 0.0435993 0.0468775 0.0813504 0.0923011 0.1716005 0.1027570 0.1180220 0.0985306 0.1020594 0.1122316 0.0676608 0.1393363 0.1398612 0.1651272 0.1646008 0.1277303 0.0734558 0.1275278 0.1322579 0.0862631 0.1002037 0.0854582 0.1535127 0.1289461 0.0568347 0.0986114 0.0899834 0.0205594 0.0394604 0.0259572 0.1004905 0.0590682 0.0432789 0.1363122 0.1117492 0.1004905 0.0691442 0.1364189 0.1038676 0.0951733 0.0691091 0.0647161 0.0798499 0.1034378 0.0650171 0.0515828 0.0583820 0.0812913 0.0278043 0.0902015 0.0830874 0.0433233 0.1076041 0.0434423 0.0562163 0.1063463 0.0635563 
S0641         0.3228413 0.3078344 0.3234496 0.1429897 0.0756714 0.1609400 0.0609628 0.0797684 0.0942530 0.0597478 0.0887660 0.1107287 0.0514444 0.0615487 0.0899538 0.1253322 0.0675841 0.1475124 0.0767122 0.0475867 0.0643782 0.1268215 0.0719279 0.0797684 0.0557026 0.0711856 0.1050306 0.0717149 0.1502226 0.1223310 0.1417952 0.0630594 0.0000000 0.0436378 0.0810105 0.0402901 0.0680768 0.0759362 0.0449827 0.0948798 0.1150295 0.0757317 0.1063147 0.1004721 0.0393063 0.1502226 0.0802008 0.0475178 0.0700208 0.0997729 0.0849807 0.0604023 0.0719768 0.0900760 0.0958250 0.1960887 0.1238482 0.1519479 0.0790330 0.1224752 0.1136580 0.0642376 0.1296788 0.1324987 0.1765873 0.1704288 0.1139671 0.0719213 0.1226409 0.1665827 0.1099936 0.0906068 0.0764566 0.1791166 0.1245714 0.0479083 0.0552725 0.1199179 0.0672389 0.0558865 0.0558003 0.0958477 0.0628409 0.0890013 0.1251844 0.1059841 0.0958477 0.0557491 0.1192815 0.1352428 0.1149859 0.0557238 0.0475928 0.0803366 0.1122027 0.0520487 0.0824798 0.0859696 0.1092480 0.0761815 0.0476375 0.0755526 0.0674899 0.1285385 0.0649882 0.0435202 0.1071635 0.0280176 
S0643         0.2944348 0.2956439 0.3082097 0.1370240 0.0711116 0.1784731 0.0569804 0.0849614 0.0823974 0.0135495 0.0768324 0.0923276 0.0281129 0.0527386 0.0830595 0.0867624 0.0650715 0.1416170 0.0717908 0.0101893 0.0245646 0.1071236 0.0685653 0.0849614 0.0554351 0.0706244 0.1055848 0.0642153 0.1186447 0.1029202 0.1483316 0.0605011 0.0436378 0.0000000 0.0651483 0.0329709 0.0739700 0.0724147 0.0105102 0.1006447 0.0997447 0.0553825 0.0921745 0.0723519 0.0206635 0.1186447 0.0854283 0.0135889 0.0708961 0.1001402 0.1012174 0.0610458 0.0644532 0.0636985 0.0686211 0.1643272 0.1116664 0.1181372 0.0788074 0.1129233 0.0849645 0.0640241 0.1476717 0.0927890 0.1465179 0.1409102 0.1083075 0.0609243 0.1066825 0.1368281 0.0905650 0.0967902 0.0865267 0.1471842 0.1093305 0.0067601 0.0711109 0.1056673 0.0647324 0.0564821 0.0563905 0.0879272 0.0635866 0.0780170 0.1275563 0.1065456 0.0879272 0.0172369 0.1465541 0.1197479 0.1055335 0.0101166 0.0101944 0.0764540 0.1039884 0.0564402 0.0661731 0.0585842 0.0911175 0.0777585 0.0632702 0.0806564 0.0730588 0.1139549 0.0566478 0.0067338 0.1139476 0.0392213 
S0645sl       0.3565533 0.3324820 0.3377614 0.1541845 0.0794056 0.1789143 0.0645130 0.1066842 0.0390980 0.0775623 0.0638460 0.0918329 0.0769872 0.1033815 0.0474905 0.1394849 0.0320275 0.1641254 0.1229745 0.0646235 0.0833430 0.1109034 0.0434943 0.1066842 0.1091592 0.0488497 0.1424491 0.0472422 0.1450768 0.1253209 0.1653997 0.0280986 0.0810105 0.0651483 0.0000000 0.0405860 0.0592627 0.0730539 0.0714707 0.1221508 0.1287869 0.0767551 0.1326973 0.1005461 0.0641874 0.1450768 0.1072809 0.0684202 0.1052484 0.1235413 0.1049264 0.0604335 0.0637062 0.0908804 0.1128296 0.1960296 0.1093251 0.1347070 0.1144676 0.1258136 0.1119770 0.0807467 0.1444629 0.1645332 0.1891555 0.1885317 0.1319889 0.0996470 0.1319169 0.1549650 0.1051860 0.1109279 0.0960676 0.1648898 0.1332446 0.0614484 0.1039336 0.1089734 0.0355751 0.0559181 0.0358851 0.1214122 0.0767747 0.0592721 0.1599235 0.1437816 0.1214122 0.0739767 0.1651427 0.1236981 0.1145695 0.0739378 0.0694477 0.0804005 0.1193218 0.0825706 0.0693137 0.0668908 0.0952719 0.0433081 0.0953852 0.1021593 0.0600250 0.1269664 0.0601910 0.0607710 0.1271240 0.0764746 
S0656sl       0.2760752 0.2871289 0.2928698 0.0942228 0.0540587 0.1177617 0.0373304 0.0601594 0.0526115 0.0448012 0.0569904 0.0700858 0.0444559 0.0585492 0.0489674 0.0807694 0.0213399 0.1006396 0.0772710 0.0329318 0.0534368 0.0852502 0.0325840 0.0601594 0.0565830 0.0277374 0.0709020 0.0213089 0.0935456 0.0918356 0.1106563 0.0287220 0.0402901 0.0329709 0.0405860 0.0000000 0.0329628 0.0405297 0.0511309 0.0738771 0.0981813 0.0401405 0.0620074 0.0610928 0.0250786 0.0935456 0.0604836 0.0365952 0.0537664 0.0791159 0.0816207 0.0254342 0.0139832 0.0659978 0.0628600 0.1420475 0.0636755 0.0905875 0.0843740 0.0822719 0.1064835 0.0444958 0.1164223 0.1066844 0.1302724 0.1298701 0.0969840 0.0313642 0.1043208 0.1089113 0.0571881 0.0825177 0.0569939 0.1344240 0.1024717 0.0293768 0.0736090 0.0653403 0.0325307 0.0215225 0.0084259 0.0535268 0.0211601 0.0524213 0.0945669 0.0715494 0.0535268 0.0409723 0.1033984 0.0786930 0.0745644 0.0409556 0.0368852 0.0483790 0.0866670 0.0331394 0.0373292 0.0337680 0.0697359 0.0443013 0.0654794 0.0560874 0.0405848 0.0874619 0.0292803 0.0290674 0.0873921 0.0362501 
