118
CRNC          0.0000000 0.4545389 0.4894350 0.6658414 0.9897911 0.6831025 0.5426806 0.6825025 0.6714337 0.7230122 0.6857379 0.6732896 0.6446029 0.7204399 0.7409629 0.7253564 0.6858327 0.6620248 0.6880171 0.6776753 0.6867337 0.6989236 0.6904537 0.4417387 0.6794417 0.6933820 0.6579389 0.7149885 0.6772797 0.6648289 0.6996892 0.5944080 0.6799100 0.6743238 0.6820415 0.6957669 0.6725693 0.7060916 0.6758737 0.6727547 0.6622700 0.6779275 0.7087893 0.7055758 0.6929046 0.7882591 0.6992657 0.7209576 0.7484687 0.6890116 0.7131972 0.6701031 0.6938500 0.6714558 0.6695218 0.6708188 0.7046936 0.6835418 0.6990114 0.7347073 0.6551256 0.6997629 0.7239377 0.6642822 0.6476681 0.6595113 0.6710616 0.7446801 0.6474864 0.6882070 0.6142682 0.6404083 0.6834560 0.7093200 0.6951707 0.7060288 0.6585347 0.6362109 0.6579827 0.7014198 0.6369206 0.6601402 0.6652438 0.6506523 0.7035754 0.6735618 0.6786340 0.7073332 0.7178827 0.7336693 0.6908505 0.6899256 0.6645607 0.6806070 0.6907997 0.6939165 0.6647046 0.6394320 0.6875868 0.4677908 0.6477930 0.6486156 0.6398527 0.6708369 0.6520097 0.6548166 0.7157136 0.7093222 0.7856948 0.6702826 0.6581633 0.7344870 0.6457290 0.7038890 0.6566074 0.6544073 0.6598746 0.4798987 
HYZL          0.4545389 0.0000000 0.1736745 0.5594067 0.7179584 0.5963466 0.4628504 0.5310516 0.5342137 0.5870769 0.5243453 0.5118612 0.4861362 0.5159678 0.5755629 0.5336519 0.5100674 0.4754731 0.5628911 0.5584649 0.5185661 0.5622438 0.5552589 0.3761687 0.5278490 0.5257384 0.5265527 0.5323292 0.5097966 0.5270235 0.5622325 0.5134939 0.5096734 0.5111028 0.5642412 0.5388680 0.5546564 0.5534813 0.5345684 0.4999732 0.5076091 0.5807314 0.5464659 0.5542921 0.5187356 0.6873787 0.5300318 0.5309544 0.5866631 0.5230750 0.5468440 0.5220452 0.5212024 0.5291772 0.5117479 0.5653293 0.5554767 0.5340002 0.5230890 0.5360039 0.5146470 0.5044541 0.5474364 0.5530249 0.5244101 0.5206367 0.5344839 0.6013135 0.4866780 0.5239798 0.5022651 0.5577972 0.5273512 0.5659150 0.5582751 0.5998057 0.5107822 0.5610325 0.5253529 0.5608111 0.5288725 0.4767969 0.4920215 0.5902868 0.5108179 0.4961130 0.5353998 0.5393143 0.5674477 0.5621079 0.5174727 0.5076978 0.5284149 0.5273177 0.5061315 0.5196793 0.5121222 0.5258123 0.5337045 0.3932884 0.4764055 0.4959954 0.4869593 0.5303997 0.4908346 0.4989386 0.5085047 0.5116097 0.6758807 0.4926013 0.5238056 0.5524366 0.4852626 0.5283240 0.5050455 0.5023279 0.5068007 0.3254330 
MYZV          0.4894350 0.1736745 0.0000000 0.6717832 0.7644977 0.6826787 0.6455938 0.6231304 0.6242295 0.6702576 0.6341141 0.6261341 0.5873140 0.6411842 0.6546418 0.6348886 0.5819299 0.5862413 0.6554208 0.6435411 0.6073615 0.6619941 0.6593162 0.4830407 0.6751432 0.6772374 0.6142461 0.6168780 0.6134830 0.6263675 0.7039099 0.5543412 0.5978468 0.6163370 0.6939682 0.6647953 0.6658381 0.6590203 0.6232851 0.6269804 0.6037361 0.7106790 0.6364534 0.6265798 0.5973273 0.7421589 0.6451388 0.6329942 0.7109243 0.6379262 0.6820855 0.6265518 0.6203499 0.6335982 0.6213247 0.6759037 0.6347198 0.6244766 0.6233771 0.6723333 0.6114111 0.6271347 0.6201870 0.6574412 0.6333466 0.6289073 0.6570886 0.6940486 0.6215036 0.6777735 0.6007361 0.6027045 0.6473286 0.6668520 0.6292519 0.6789096 0.6155950 0.6742792 0.6172647 0.6432710 0.5824262 0.5723926 0.6043299 0.7019257 0.6418140 0.6188026 0.6132407 0.6288500 0.6935496 0.6914753 0.6125288 0.6027859 0.6283685 0.5985050 0.6059515 0.6089437 0.6249057 0.6180944 0.6275847 0.4526863 0.5679625 0.5714918 0.6305580 0.6263820 0.6085697 0.6390690 0.6453740 0.6254395 0.7552665 0.6130334 0.6201860 0.6624826 0.6198432 0.6565177 0.6144885 0.6266491 0.6256550 0.5510043 
SRR6441723    0.6658414 0.5594067 0.6717832 0.0000000 0.1292576 0.1228500 0.2954340 0.1183236 0.0938278 0.1398021 0.1217716 0.1073087 0.1086101 0.1135271 0.1251390 0.1618481 0.1289146 0.1382845 0.1451078 0.1245778 0.1298799 0.1391307 0.0734084 0.0519937 0.1342427 0.1343992 0.1120838 0.1265667 0.1293531 0.0843128 0.1372523 0.1036987 0.1283490 0.1293188 0.1248361 0.1215587 0.1295738 0.1126762 0.1124868 0.1247741 0.1069004 0.1410006 0.1171685 0.1182047 0.1343888 0.2584590 0.1054861 0.1390305 0.1291786 0.0965952 0.1179461 0.0858793 0.1207010 0.0859874 0.0860027 0.1110839 0.1231147 0.1416044 0.1134583 0.1507862 0.1213271 0.0901678 0.1251760 0.1078875 0.0917983 0.1031743 0.1073530 0.1731401 0.1315572 0.1714063 0.1173271 0.1165122 0.1233046 0.1337820 0.1311444 0.1817449 0.0938763 0.1564294 0.0914081 0.1030816 0.1137417 0.1166395 0.0805781 0.1629996 0.1234047 0.1113666 0.0904944 0.1091761 0.1528350 0.1552407 0.1222392 0.1289441 0.1251175 0.1131744 0.1327555 0.1301644 0.1186998 0.1292950 0.0798346 0.0704212 0.0947042 0.0936514 0.1080440 0.1014489 0.1099511 0.1288570 0.1216595 0.0980906 0.1850079 0.1000858 0.0900184 0.1379587 0.1335751 0.1429546 0.1078618 0.1359369 0.1085859 0.1556685 
ERR4210213    0.9897911 0.7179584 0.7644977 0.1292576 0.0000000 0.1394103 0.4250004 0.1477103 0.1430298 0.1696788 0.1483828 0.1423218 0.1663436 0.1949067 0.1440643 0.1745367 0.1825711 0.1619983 0.1627905 0.1991480 0.2086904 0.1681790 0.0532123 0.0000010 0.1089537 0.1589137 0.1435731 0.1782192 0.1823606 0.1194357 0.1433559 0.1115216 0.1776891 0.1647303 0.0900101 0.1300303 0.1804283 0.1591547 0.1423218 0.1488059 0.1384844 0.1670414 0.1438374 0.1340903 0.1920575 0.1232735 0.1561976 0.1653317 0.1167163 0.1303500 0.1037103 0.1294266 0.1569755 0.1305517 0.1430298 0.1305517 0.1294266 0.1845258 0.1461371 0.1196765 0.1507928 0.1310138 0.1468309 0.1287875 0.1022074 0.1023222 0.1039295 0.1801687 0.1577601 0.1607685 0.1307839 0.1269921 0.1008844 0.1494528 0.1035660 0.1814188 0.1294266 0.1343271 0.0986988 0.0786624 0.1281742 0.1305522 0.1626556 0.1625579 0.1423218 0.1155829 0.1782441 0.1817301 0.1473105 0.1773149 0.1619983 0.1700453 0.1342170 0.1167778 0.1776891 0.1929348 0.1555138 0.1058276 0.0534423 0.0000010 0.1423218 0.1435731 0.1190833 0.1809873 0.1451018 0.1335958 0.1967820 0.1628055 0.1807914 0.1157098 0.1294266 0.1944887 0.1577601 0.1486262 0.1438468 0.2050377 0.1281640 0.0000010 
ERR2789774    0.6831025 0.5963466 0.6826787 0.1228500 0.1394103 0.0000000 0.2692141 0.1100343 0.1137469 0.1192201 0.1322279 0.0648771 0.1054775 0.1156142 0.0752903 0.1262987 0.1137668 0.1467582 0.1576389 0.1189585 0.1414123 0.1347390 0.1139041 0.1258632 0.1346476 0.0866278 0.0688242 0.1214116 0.1276122 0.1056712 0.1135311 0.1189586 0.1422366 0.1251079 0.1385051 0.1122603 0.1251569 0.0688782 0.0579959 0.1027262 0.0919581 0.1298505 0.0590553 0.1181718 0.1414287 0.2745918 0.0807776 0.1532979 0.1408200 0.0464359 0.1221764 0.1030522 0.0744020 0.1052987 0.1032029 0.1043449 0.1354974 0.1201379 0.1405157 0.1400977 0.0967281 0.1027944 0.1335837 0.1266776 0.1073899 0.1073120 0.1263111 0.1342612 0.1442740 0.2021007 0.1125809 0.1450804 0.1463695 0.1442419 0.1386368 0.1969503 0.1072391 0.1794553 0.1013368 0.1403820 0.1428767 0.0965014 0.0928570 0.1889653 0.0787023 0.0887290 0.1063500 0.1048165 0.1339479 0.1405385 0.1327599 0.1110118 0.1033206 0.1347361 0.1444470 0.1417270 0.0611429 0.1421762 0.1218306 0.1079761 0.0549658 0.0564407 0.1066220 0.1140318 0.0922885 0.1179320 0.1288442 0.1121940 0.1812532 0.0805261 0.1074372 0.1302443 0.1463468 0.1296936 0.0575670 0.1489905 0.0806537 0.1566287 
PAFTOL_019361 0.5426806 0.4628504 0.6455938 0.2954340 0.4250004 0.2692141 0.0000000 0.2841108 0.2492475 0.2697316 0.2775584 0.2503530 0.2111835 0.2657695 0.2722207 0.2717523 0.2560065 0.2768622 0.2848258 0.2580574 0.2854020 0.2428865 0.2304298 0.2273417 0.3841849 0.2610405 0.2494279 0.2718161 0.2423053 0.2480558 0.3251662 0.2761009 0.2761742 0.2658053 0.3067309 0.2602049 0.2728153 0.2589136 0.2478624 0.2326340 0.2224639 0.2843410 0.2661198 0.2975923 0.2755270 0.4268428 0.2452904 0.2911309 0.3057891 0.2313429 0.3050094 0.2519810 0.2536190 0.2519810 0.2567128 0.2773285 0.2750586 0.2421862 0.2653269 0.2636739 0.2110128 0.2514339 0.2643721 0.2812356 0.2612653 0.2803577 0.2715986 0.3087868 0.2539188 0.2574790 0.2494292 0.2397122 0.2770384 0.3094953 0.3057527 0.2698872 0.2519826 0.2328376 0.2603228 0.2589083 0.2545589 0.2359245 0.2353250 0.2410796 0.2506769 0.2599876 0.2414322 0.2499642 0.2660770 0.2717638 0.2736704 0.2473098 0.2605088 0.2990626 0.2878212 0.2864391 0.2709999 0.2475726 0.2676473 0.2617350 0.2194717 0.2101986 0.2841905 0.2700672 0.2511272 0.2535606 0.2925863 0.2765899 0.2654402 0.2541879 0.2515640 0.2724765 0.2578823 0.2767797 0.2698701 0.2556477 0.2875345 0.3546990 
S0055         0.6825025 0.5310516 0.6231304 0.1183236 0.1477103 0.1100343 0.2841108 0.0000000 0.1030344 0.1419952 0.1358561 0.0941915 0.1142222 0.1102037 0.1063421 0.1412101 0.1246527 0.1472017 0.1519067 0.1368704 0.1350063 0.1324360 0.1033232 0.1496167 0.1163918 0.1170817 0.1027981 0.1373085 0.1162673 0.0911970 0.1094260 0.1337285 0.1357820 0.1454075 0.1407050 0.1239938 0.1294968 0.1029719 0.1021951 0.1227264 0.1027513 0.1431077 0.1064203 0.1275451 0.1350201 0.2595689 0.0843828 0.1436045 0.1415066 0.0881270 0.1241304 0.0927748 0.1046787 0.0949523 0.0967886 0.1220697 0.1359677 0.1263587 0.1432329 0.1433075 0.1159946 0.1074430 0.1186495 0.1146638 0.1079161 0.1122006 0.1218161 0.1700893 0.1438609 0.1878384 0.1034907 0.1420918 0.1370926 0.1448431 0.1434720 0.1973351 0.1009884 0.1768749 0.1072358 0.1310628 0.1414972 0.1117866 0.0890484 0.1836454 0.1053118 0.0959084 0.1062230 0.1023966 0.1520976 0.1544912 0.1295696 0.1213903 0.1182429 0.1172000 0.1311143 0.1353037 0.0980516 0.1470256 0.1066859 0.0972563 0.0819004 0.0870061 0.0578595 0.1043439 0.1026914 0.1243710 0.1269580 0.1077542 0.2043275 0.0849964 0.0970374 0.1441802 0.1435855 0.1408418 0.0984974 0.1438501 0.0869935 0.2214584 
S0196sl       0.6714337 0.5342137 0.6242295 0.0938278 0.1430298 0.1137469 0.2492475 0.1030344 0.0000000 0.1012417 0.0682427 0.0845254 0.0812439 0.0776991 0.0975154 0.1258616 0.0961754 0.0982042 0.1193102 0.0926320 0.1012174 0.1053604 0.0790318 0.0577119 0.1573161 0.1078148 0.0933136 0.0953916 0.0942116 0.0142273 0.1242934 0.1002696 0.1017861 0.0946156 0.0951009 0.1077818 0.0945890 0.0935315 0.0856286 0.0936738 0.0874270 0.1171633 0.0868912 0.0591085 0.1054780 0.2260503 0.0894513 0.1156861 0.1082458 0.0810063 0.0853719 0.0093721 0.0992328 0.0109747 0.0125517 0.0916280 0.0659724 0.1116295 0.1005395 0.1105488 0.0987515 0.0596971 0.0852518 0.0899491 0.0713230 0.0733946 0.0777028 0.1385003 0.0795959 0.1616908 0.0818050 0.0997178 0.1023157 0.1045601 0.1060372 0.1713967 0.0157793 0.1436785 0.0723185 0.0922538 0.1019708 0.0837513 0.0544225 0.1499032 0.0999443 0.0993581 0.0599886 0.0795976 0.1216831 0.1284161 0.0998816 0.1045947 0.0904627 0.0968369 0.0993524 0.1054664 0.0952697 0.1051048 0.0856684 0.0712884 0.0747582 0.0777577 0.0955192 0.0763351 0.0873935 0.0966424 0.0936997 0.0709531 0.1313610 0.0879814 0.0109516 0.0970034 0.0814534 0.1125585 0.0868876 0.0785021 0.0822575 0.1475973 
S0278         0.7230122 0.5870769 0.6702576 0.1398021 0.1696788 0.1192201 0.2697316 0.1419952 0.1012417 0.0000000 0.1204724 0.0914826 0.0484193 0.1148056 0.1044277 0.1544836 0.0662162 0.1300317 0.1551802 0.0633588 0.1405205 0.0785240 0.1167097 0.1090140 0.1847330 0.1119589 0.1004833 0.0567714 0.0708164 0.1018958 0.1348580 0.0796995 0.1417504 0.0702718 0.1439932 0.1188415 0.0648116 0.1155805 0.0992012 0.0564206 0.0755640 0.1139871 0.0935889 0.1091351 0.1429823 0.2836029 0.1043552 0.1548674 0.1412601 0.0940661 0.1298423 0.0993093 0.1085478 0.0994387 0.1033939 0.1265931 0.1169021 0.0936905 0.1337610 0.1088660 0.0824577 0.1129188 0.1240086 0.1232187 0.1090091 0.1052619 0.1233375 0.1428142 0.1194332 0.2153251 0.1300281 0.1177693 0.1321799 0.1464224 0.1417431 0.2128169 0.0993077 0.1925409 0.1023459 0.1305555 0.1384741 0.1118350 0.0989490 0.2012423 0.1155702 0.1259470 0.1103221 0.0499344 0.1274302 0.1382131 0.1374697 0.0877659 0.0523177 0.1405033 0.1460049 0.1432825 0.1024893 0.1434884 0.1216447 0.0740737 0.0860038 0.0894292 0.1353008 0.1148998 0.1155896 0.1064304 0.1230804 0.1079440 0.0848202 0.1147467 0.1036616 0.0465667 0.1214253 0.1242618 0.0960259 0.1184821 0.1185434 0.1689529 
S0281         0.6857379 0.5243453 0.6341141 0.1217716 0.1483828 0.1322279 0.2775584 0.1358561 0.0682427 0.1204724 0.0000000 0.1030229 0.1045892 0.1000023 0.1205598 0.1527500 0.1169620 0.1284321 0.1392690 0.1231781 0.1205435 0.1365903 0.0997631 0.0862740 0.1741205 0.1314121 0.1125703 0.1165159 0.1211715 0.0653558 0.1451699 0.1163741 0.1167993 0.1090294 0.1160593 0.1094382 0.1207613 0.1242221 0.1000646 0.1041927 0.1151553 0.1412979 0.1116519 0.0561288 0.1250050 0.2405848 0.1242150 0.1293266 0.1304922 0.1016900 0.1107180 0.0594406 0.1140057 0.0613831 0.0631230 0.0865598 0.0691423 0.1305233 0.1219241 0.1502084 0.1206564 0.0825623 0.1021563 0.1086659 0.0764761 0.0891339 0.0958749 0.1502403 0.0685901 0.1848382 0.1159017 0.1293945 0.1178854 0.1191620 0.1208912 0.1856494 0.0631670 0.1628232 0.0711809 0.1017224 0.1241937 0.0946734 0.0792870 0.1664638 0.1212143 0.1253639 0.0809292 0.1107716 0.1472494 0.1538008 0.1151231 0.1234688 0.1030768 0.1207462 0.1211000 0.1208100 0.1059244 0.1290038 0.1044134 0.0788553 0.0932724 0.0945175 0.1238358 0.1015116 0.1190131 0.1165688 0.1210527 0.0929034 0.1703530 0.1133396 0.0632778 0.1275000 0.0703822 0.1371778 0.1034928 0.0674118 0.1187471 0.1654513 
S0282         0.6732896 0.5118612 0.6261341 0.1073087 0.1423218 0.0648771 0.2503530 0.0941915 0.0845254 0.0914826 0.1030229 0.0000000 0.0782253 0.0932093 0.0322781 0.1049605 0.0869292 0.1224918 0.1253740 0.0897326 0.1158027 0.1075502 0.0950861 0.0909841 0.1284955 0.0333204 0.0204837 0.0921561 0.0974940 0.0776190 0.0891471 0.0893521 0.1164502 0.0970783 0.1283951 0.0822587 0.1034327 0.0605317 0.0225748 0.0826965 0.0708385 0.1119933 0.0193125 0.1014624 0.1179445 0.2415685 0.0700034 0.1264753 0.1105706 0.0354652 0.1133546 0.0753350 0.0236004 0.0773572 0.0754416 0.0941323 0.1114696 0.0890163 0.1110969 0.1195148 0.0805766 0.0806973 0.1061429 0.1130658 0.0870819 0.0992406 0.1109333 0.1127311 0.1128118 0.1758266 0.0902584 0.1147768 0.1108029 0.1305304 0.1274934 0.1760449 0.0791723 0.1545755 0.0867990 0.1035376 0.1146814 0.0717849 0.0696718 0.1540527 0.0220813 0.0789421 0.0815970 0.0812130 0.1139818 0.1245959 0.1104965 0.1008437 0.0873738 0.1097794 0.1163266 0.1160538 0.0171561 0.1150644 0.0985588 0.0811757 0.0110615 0.0125837 0.0865446 0.0895628 0.0791564 0.0945699 0.1048178 0.0888943 0.1417557 0.0666556 0.0793123 0.0975022 0.1147526 0.1139114 0.0139738 0.1208102 0.0648741 0.1599199 
S0289         0.6446029 0.4861362 0.5873140 0.1086101 0.1663436 0.1054775 0.2111835 0.1142222 0.0812439 0.0484193 0.1045892 0.0782253 0.0000000 0.0776448 0.0902203 0.1009311 0.0332741 0.1096560 0.1189825 0.0302293 0.1002942 0.0369781 0.0913482 0.0908359 0.1588020 0.1043379 0.0846317 0.0388289 0.0300559 0.0739421 0.1262499 0.0451615 0.0989276 0.0336195 0.0974391 0.1028758 0.0335915 0.0934824 0.0860761 0.0358373 0.0429764 0.0967146 0.0854909 0.0938637 0.1002975 0.2146557 0.0913852 0.1084763 0.1180717 0.0805920 0.0926492 0.0715842 0.0902112 0.0716755 0.0755193 0.1069982 0.0950047 0.0519226 0.1042182 0.0971383 0.0525066 0.0869165 0.0952369 0.0902174 0.0851359 0.0793306 0.0906196 0.1408086 0.0948320 0.1434577 0.0983859 0.1037970 0.0894065 0.1121807 0.1068609 0.1406135 0.0715828 0.1256978 0.0925307 0.0965732 0.1031308 0.0897335 0.0711320 0.1350619 0.0973471 0.1057897 0.0836975 0.0263051 0.0998891 0.1103547 0.0970513 0.0503689 0.0283766 0.1200332 0.1029298 0.1005171 0.0866104 0.1004413 0.1011231 0.0651805 0.0680549 0.0735643 0.1126201 0.0783127 0.0999380 0.0823013 0.0893969 0.0703456 0.0664853 0.0942763 0.0757143 0.0467559 0.0967988 0.0948999 0.0802874 0.0921047 0.1047444 0.1683851 
S0292         0.7204399 0.5159678 0.6411842 0.1135271 0.1949067 0.1156142 0.2657695 0.1102037 0.0776991 0.1148056 0.1000023 0.0932093 0.0776448 0.0000000 0.1217620 0.1424240 0.1065777 0.1185523 0.1167224 0.1037214 0.1079064 0.1105510 0.0897247 0.0962595 0.1894665 0.1163892 0.1040039 0.1023994 0.1027594 0.0746302 0.1361817 0.1146662 0.1085083 0.0949305 0.0938944 0.1187053 0.1014468 0.1083971 0.1054613 0.1003294 0.0857906 0.1231892 0.1052897 0.0803538 0.1121783 0.2469374 0.1066762 0.1183303 0.1263997 0.0874044 0.0851273 0.0685473 0.1014476 0.0705439 0.0723026 0.0922953 0.0834738 0.1106295 0.1098489 0.1246359 0.1025740 0.0662299 0.0860767 0.0826359 0.0679888 0.0746715 0.0827092 0.1746070 0.0969530 0.1745331 0.1093836 0.1162827 0.1053424 0.1108825 0.1038742 0.1696133 0.0723536 0.1387679 0.0710279 0.1067769 0.1137017 0.1010718 0.0458909 0.1502413 0.1106360 0.1076131 0.0704736 0.0943717 0.1274026 0.1339195 0.1026633 0.1046424 0.0928669 0.1200927 0.1105540 0.1081409 0.1039225 0.1033873 0.0897281 0.0101340 0.0813308 0.0867203 0.1153159 0.0609713 0.1153047 0.0917789 0.0304463 0.0094569 0.1725178 0.0981990 0.0724815 0.1126199 0.0988541 0.1208043 0.0998666 0.1005244 0.0983509 0.2112598 
S0293         0.7409629 0.5755629 0.6546418 0.1251390 0.1440643 0.0752903 0.2722207 0.1063421 0.0975154 0.1044277 0.1205598 0.0322781 0.0902203 0.1217620 0.0000000 0.1213288 0.1051382 0.1443894 0.1433802 0.1173624 0.1520872 0.1261116 0.1122668 0.1081261 0.1465091 0.0202733 0.0375163 0.1066987 0.1172621 0.0894255 0.1019193 0.1071456 0.1490011 0.1195867 0.1320984 0.0836316 0.1257661 0.0634830 0.0297756 0.1132901 0.0907875 0.1285434 0.0252123 0.1198435 0.1551845 0.2657277 0.0777624 0.1575296 0.0917299 0.0402480 0.1179560 0.0918032 0.0345434 0.0912249 0.0862226 0.0957399 0.1281412 0.1091745 0.1212683 0.1066479 0.0958313 0.0859252 0.1130065 0.1240971 0.0984205 0.1107715 0.1203816 0.1254050 0.1253512 0.1825549 0.0990475 0.1022652 0.1295998 0.1335166 0.1190472 0.1765995 0.0948343 0.1610106 0.0980495 0.1248134 0.1090161 0.0632276 0.0805140 0.1737070 0.0250539 0.0881970 0.0952267 0.1107915 0.1270573 0.1305046 0.1361632 0.1217391 0.1050654 0.1225701 0.1495358 0.1491559 0.0347663 0.1113435 0.1178714 0.0917388 0.0278998 0.0279731 0.0939500 0.0997040 0.0825641 0.0955258 0.1287681 0.1065765 0.1210509 0.0842201 0.0947134 0.1015387 0.1282087 0.1241117 0.0324136 0.1359439 0.0814866 0.2065353 
S0294         0.7253564 0.5336519 0.6348886 0.1618481 0.1745367 0.1262987 0.2717523 0.1412101 0.1258616 0.1544836 0.1527500 0.1049605 0.1009311 0.1424240 0.1213288 0.0000000 0.1141150 0.1610914 0.1681212 0.1286069 0.1565384 0.1391560 0.1468380 0.1192635 0.1780736 0.1359216 0.1136965 0.1328540 0.1158567 0.1173436 0.1555475 0.1127621 0.1574454 0.1364100 0.1674013 0.1237025 0.1316732 0.1101029 0.1090893 0.1251276 0.1056740 0.1454151 0.1110939 0.1395592 0.1541705 0.3070812 0.1099181 0.1662051 0.1849148 0.1046379 0.1639320 0.1145777 0.1177072 0.1169219 0.1104457 0.1503332 0.1433488 0.1287676 0.1485442 0.1415864 0.1089636 0.1383385 0.1490346 0.1533402 0.1446419 0.1464423 0.1543553 0.0889636 0.1475492 0.2129413 0.1353911 0.1512600 0.1482854 0.1869275 0.1837818 0.2108632 0.1189155 0.2004840 0.1429698 0.1536316 0.1452065 0.1320865 0.1174564 0.2018765 0.1166081 0.1211985 0.1314935 0.1162975 0.1497925 0.1534104 0.1490149 0.1263598 0.1206692 0.1513768 0.1549276 0.1499666 0.1136089 0.1503780 0.1424828 0.1202466 0.0905465 0.0959287 0.1321349 0.1414290 0.1295916 0.1431318 0.1529155 0.1341729 0.1895064 0.1165883 0.1191395 0.1464958 0.1496197 0.1450808 0.1074499 0.1507798 0.1232535 0.1928040 
S0299         0.6858327 0.5100674 0.5819299 0.1289146 0.1825711 0.1137668 0.2560065 0.1246527 0.0961754 0.0662162 0.1169620 0.0869292 0.0332741 0.1065777 0.1051382 0.1141150 0.0000000 0.1280729 0.1363681 0.0510795 0.1204034 0.0606398 0.1125246 0.1088414 0.1777453 0.1149984 0.0934434 0.0654844 0.0639740 0.0886789 0.1364697 0.0666001 0.1191359 0.0566896 0.1313316 0.1202658 0.0567080 0.1062362 0.0965683 0.0500354 0.0685526 0.1218552 0.0916821 0.1023639 0.1182165 0.2393464 0.1043129 0.1312645 0.1386735 0.0911721 0.1204524 0.0862519 0.1013177 0.0863610 0.0863763 0.1109806 0.1080023 0.0838628 0.1191470 0.1244092 0.0749387 0.0955809 0.1117016 0.1179047 0.1034086 0.1022737 0.1137176 0.1277345 0.1116884 0.1645432 0.1192265 0.1190959 0.1203677 0.1336244 0.1282084 0.1583729 0.0862505 0.1440403 0.0970326 0.1197399 0.1185787 0.1042711 0.0897339 0.1555491 0.1081245 0.1219850 0.0961891 0.0437958 0.1300598 0.1365360 0.1150722 0.0686926 0.0404838 0.1257256 0.1231681 0.1206652 0.0953993 0.1258116 0.1140098 0.0817152 0.0773180 0.0826072 0.1172801 0.0947005 0.1184881 0.1140951 0.1186163 0.0998311 0.0857977 0.1129238 0.0904111 0.0703673 0.1136384 0.1158905 0.0891186 0.1091940 0.1101023 0.1687085 
S0303         0.6620248 0.4754731 0.5862413 0.1382845 0.1619983 0.1467582 0.2768622 0.1472017 0.0982042 0.1300317 0.1284321 0.1224918 0.1096560 0.1185523 0.1443894 0.1610914 0.1280729 0.0000000 0.0975292 0.1369768 0.0207421 0.1470191 0.1118205 0.1390279 0.2214068 0.1418229 0.1287648 0.1343144 0.1294481 0.1043083 0.1622360 0.1506351 0.0208536 0.1288501 0.1514970 0.1384869 0.1367321 0.1393734 0.1252768 0.1177362 0.1192699 0.1633514 0.1278948 0.1174502 0.0243328 0.2760503 0.1439723 0.0246247 0.1617447 0.1128704 0.1289072 0.1013791 0.1303402 0.1038943 0.1059837 0.1292721 0.1229522 0.1381365 0.0994508 0.1334787 0.1168853 0.0939214 0.0554279 0.1392527 0.1151167 0.1131572 0.1239793 0.1471767 0.1313889 0.1934628 0.1402335 0.0951192 0.1032694 0.1666412 0.1579966 0.1976971 0.1013774 0.1850467 0.1218752 0.1281942 0.1058004 0.1337009 0.1014132 0.1938983 0.1472823 0.1512455 0.0848146 0.1228727 0.1620283 0.1643943 0.0173844 0.1209255 0.1210186 0.1384813 0.0244495 0.0207876 0.1289831 0.1206917 0.1150924 0.1076083 0.1158784 0.1106787 0.1414481 0.1165474 0.1443232 0.1336637 0.1275306 0.1130719 0.1968324 0.1368454 0.1062933 0.1312419 0.1336635 0.1523045 0.1183337 0.1412797 0.1346554 0.2491761 
S0308         0.6880171 0.5628911 0.6554208 0.1451078 0.1627905 0.1576389 0.2848258 0.1519067 0.1193102 0.1551802 0.1392690 0.1253740 0.1189825 0.1167224 0.1433802 0.1681212 0.1363681 0.0975292 0.0000000 0.1331490 0.0957935 0.1419676 0.1249961 0.1448789 0.2144876 0.1452925 0.1306861 0.1446000 0.1346164 0.1154648 0.1632491 0.1334259 0.0961616 0.1325865 0.1532049 0.1362151 0.1421325 0.1453993 0.1377963 0.1186088 0.1187754 0.1482599 0.1357345 0.1240232 0.0998775 0.2916637 0.1467187 0.0951227 0.1587437 0.1185809 0.1433630 0.1127114 0.1325515 0.1150495 0.1169544 0.1294685 0.1309323 0.1399004 0.0985807 0.1565843 0.1171544 0.1158565 0.0896954 0.1525228 0.1191931 0.1322115 0.1383316 0.1689812 0.1400558 0.1982344 0.1379386 0.1050643 0.1156732 0.1811277 0.1808820 0.2017219 0.1127098 0.1704031 0.1187383 0.1305225 0.0998415 0.1409002 0.1081857 0.1745001 0.1449206 0.1409117 0.0970644 0.1295740 0.1528734 0.1667920 0.0928205 0.1313738 0.1254026 0.1360633 0.0942015 0.0959977 0.1373680 0.1054127 0.1188870 0.1014649 0.1133974 0.1191639 0.1283091 0.1217825 0.1537161 0.1378086 0.1306829 0.1104144 0.2081917 0.1348812 0.1130892 0.1540141 0.1421234 0.1551922 0.1301382 0.1377874 0.1403124 0.1874338 
S0320         0.6776753 0.5584649 0.6435411 0.1245778 0.1991480 0.1189585 0.2580574 0.1368704 0.0926320 0.0633588 0.1231781 0.0897326 0.0302293 0.1037214 0.1173624 0.1286069 0.0510795 0.1369768 0.1331490 0.0000000 0.1259854 0.0685003 0.1138619 0.1027743 0.1699781 0.1118297 0.0963667 0.0589148 0.0650100 0.0810504 0.1288311 0.0605445 0.1247234 0.0574312 0.1175336 0.1217236 0.0556953 0.1089741 0.1034092 0.0488979 0.0658022 0.1121061 0.1056025 0.1102229 0.1259960 0.2411948 0.1134523 0.1371645 0.1376735 0.0893182 0.1175254 0.0786934 0.1024957 0.0787920 0.0825685 0.1144466 0.1139604 0.0791440 0.1247507 0.1229917 0.0722581 0.1024486 0.1174508 0.1110514 0.0941960 0.1013671 0.1065365 0.1638335 0.1153804 0.1762993 0.1168767 0.1250416 0.1158351 0.1286067 0.1254860 0.1725134 0.0786920 0.1505104 0.1042337 0.1234116 0.1221895 0.1138655 0.0887628 0.1598120 0.1113000 0.1172651 0.0993244 0.0460488 0.1266199 0.1376025 0.1205834 0.0716057 0.0445294 0.1307360 0.1243584 0.1262622 0.0983536 0.1232670 0.1208899 0.0786695 0.0797942 0.0809337 0.1285280 0.0941357 0.1241223 0.1031853 0.1159724 0.0947987 0.0862955 0.1101094 0.0826284 0.0655650 0.1173654 0.1166819 0.0919633 0.1149767 0.1046818 0.2076967 
S0322         0.6867337 0.5185661 0.6073615 0.1298799 0.2086904 0.1414123 0.2854020 0.1350063 0.1012174 0.1405205 0.1205435 0.1158027 0.1002942 0.1079064 0.1520872 0.1565384 0.1204034 0.0207421 0.0957935 0.1259854 0.0000000 0.1368715 0.1094587 0.1319028 0.1980222 0.1442886 0.1230839 0.1262058 0.1174188 0.0974096 0.1527271 0.1509054 0.0091654 0.1211926 0.1431702 0.1295839 0.1257915 0.1322781 0.1322392 0.1114583 0.1119087 0.1533282 0.1325672 0.1114906 0.0091388 0.2509815 0.1343462 0.0187362 0.1599888 0.1070128 0.1259083 0.0948745 0.1201296 0.0970685 0.0989120 0.1217959 0.1181339 0.1291044 0.0874260 0.1479809 0.1131503 0.0926427 0.0509111 0.1343353 0.1049840 0.1095678 0.1233657 0.1711758 0.1232192 0.1828935 0.1221427 0.0969802 0.0993250 0.1521671 0.1442756 0.1822153 0.0948729 0.1712156 0.1107412 0.1253012 0.0920647 0.1273224 0.0929854 0.1747320 0.1370075 0.1424843 0.0708347 0.1137964 0.1552768 0.1573329 0.0091962 0.1170622 0.1121480 0.1263772 0.0169724 0.0122245 0.1232680 0.1039246 0.1074471 0.1027189 0.1079095 0.1092665 0.1343420 0.1101659 0.1366132 0.1254117 0.1184346 0.1030210 0.1982639 0.1306610 0.0991666 0.1345712 0.1252182 0.1436325 0.1142031 0.1319504 0.1262394 0.2392277 
S0327         0.6989236 0.5622438 0.6619941 0.1391307 0.1681790 0.1347390 0.2428865 0.1324360 0.1053604 0.0785240 0.1365903 0.1075502 0.0369781 0.1105510 0.1261116 0.1391560 0.0606398 0.1470191 0.1419676 0.0685003 0.1368715 0.0000000 0.1138400 0.1759474 0.1936202 0.1300068 0.1123250 0.0774749 0.0547775 0.0975328 0.1559640 0.0927854 0.1311068 0.0644554 0.1355502 0.1324124 0.0683238 0.1235795 0.1103757 0.0617512 0.0707528 0.1120540 0.1173070 0.1265658 0.1368860 0.2503875 0.1108847 0.1484378 0.1507544 0.1105176 0.1299699 0.0949967 0.1205638 0.0951194 0.0990347 0.1408320 0.1279441 0.0840640 0.1397676 0.1130750 0.0832614 0.1194213 0.1314971 0.1251405 0.1244834 0.1141648 0.1233203 0.1823281 0.1353891 0.1666332 0.1220159 0.1335825 0.1372139 0.1637998 0.1533590 0.1737671 0.0969590 0.1501540 0.1264604 0.1345120 0.1329403 0.1202991 0.1003696 0.1590875 0.1230037 0.1254258 0.1142589 0.0495485 0.1166392 0.1229328 0.1339761 0.0829930 0.0612191 0.1370373 0.1352498 0.1371723 0.1143798 0.1383134 0.1277773 0.1154417 0.0931892 0.0967838 0.1258904 0.1167035 0.1189659 0.1030019 0.1207664 0.1035405 0.1203059 0.1203705 0.0992897 0.0890740 0.1374369 0.1056517 0.1077245 0.1330706 0.1268928 0.2202581 
S0335         0.6904537 0.5552589 0.6593162 0.0734084 0.0532123 0.1139041 0.2304298 0.1033232 0.0790318 0.1167097 0.0997631 0.0950861 0.0913482 0.0897247 0.1122668 0.1468380 0.1125246 0.1118205 0.1249961 0.1138619 0.1094587 0.1138400 0.0000000 0.0566854 0.1576134 0.1202940 0.1017918 0.1123048 0.1045386 0.0683313 0.1345084 0.1145643 0.1079193 0.1049232 0.1077255 0.1113468 0.1090926 0.1058175 0.1008984 0.0964292 0.0877570 0.1382123 0.1051692 0.1064689 0.1137269 0.2483037 0.0916130 0.1155129 0.1227414 0.0873005 0.1023944 0.0698924 0.1098304 0.0699773 0.0736329 0.0962506 0.1094626 0.1153110 0.1048143 0.1376250 0.1003724 0.0776372 0.1046639 0.1001619 0.0776131 0.0881753 0.0924364 0.1807872 0.1114515 0.1699447 0.1010533 0.1065530 0.1086762 0.1146921 0.1094590 0.1761910 0.0775166 0.1489224 0.0789194 0.0798127 0.1017991 0.1017882 0.0698553 0.1552869 0.1106151 0.0930312 0.0760473 0.0878333 0.1403283 0.1469834 0.1041769 0.1062782 0.1009560 0.1125767 0.1121096 0.1096956 0.1058417 0.1108079 0.0567846 0.0699982 0.0852702 0.0843634 0.0917308 0.0860878 0.1035146 0.1054887 0.1054115 0.0894065 0.1734916 0.0837989 0.0738139 0.1207907 0.1133978 0.1335731 0.1017743 0.1110212 0.0862521 0.1544553 
S0345         0.4417387 0.3761687 0.4830407 0.0519937 0.0000010 0.1258632 0.2273417 0.1496167 0.0577119 0.1090140 0.0862740 0.0909841 0.0908359 0.0962595 0.1081261 0.1192635 0.1088414 0.1390279 0.1448789 0.1027743 0.1319028 0.1759474 0.0566854 0.0000000 0.1925066 0.1503124 0.1034737 0.1208272 0.1274755 0.0574879 0.2071222 0.0723501 0.1394936 0.1148788 0.0669352 0.1059279 0.0840609 0.0742127 0.0855903 0.1139095 0.0862097 0.1231564 0.0916671 0.0809644 0.1426276 0.3838958 0.1100755 0.1406738 0.1019416 0.0850260 0.0626084 0.0523165 0.1091151 0.0523165 0.0523165 0.0802372 0.0872195 0.1165394 0.1157025 0.1129723 0.1048380 0.0796719 0.1032711 0.0631814 0.0792999 0.0527797 0.0574823 0.1577273 0.1177028 0.2191661 0.1036003 0.0932398 0.1545070 0.0844257 0.0836290 0.2208588 0.0523165 0.1479680 0.0623127 0.0851796 0.1102014 0.0988811 0.0688910 0.1471778 0.1179723 0.1268716 0.0579316 0.0966742 0.1173130 0.1177051 0.1215560 0.1044222 0.1095011 0.1041886 0.1454188 0.1324743 0.0983502 0.1213013 0.0373015 0.0648811 0.0869330 0.0691266 0.1376826 0.0720878 0.1151645 0.1188933 0.1012073 0.0771551 0.1076246 0.0929270 0.0572914 0.1245849 0.1233966 0.1180248 0.0855211 0.1171500 0.0975015 0.1611925 
S0376         0.6794417 0.5278490 0.6751432 0.1342427 0.1089537 0.1346476 0.3841849 0.1163918 0.1573161 0.1847330 0.1741205 0.1284955 0.1588020 0.1894665 0.1465091 0.1780736 0.1777453 0.2214068 0.2144876 0.1699781 0.1980222 0.1936202 0.1576134 0.1925066 0.0000000 0.1411607 0.1315302 0.1888404 0.1585304 0.1391462 0.1018516 0.1713008 0.1962479 0.1862664 0.1665856 0.1452187 0.1794903 0.1452853 0.1291973 0.1591273 0.1571574 0.1862546 0.1392144 0.1595983 0.2013419 0.3115595 0.1254727 0.2049310 0.1752110 0.1139751 0.1689652 0.1354514 0.1252671 0.1385176 0.1329164 0.1618419 0.1707396 0.1878232 0.1903821 0.1787944 0.1821839 0.1620559 0.1699056 0.1641602 0.1639267 0.1410976 0.1664381 0.1978736 0.1827706 0.2546230 0.1406968 0.1892959 0.1723059 0.1820602 0.1690875 0.2510239 0.1410583 0.2204964 0.1485702 0.1895949 0.1851416 0.1280713 0.1522297 0.2243551 0.1323361 0.1497639 0.1658150 0.1388954 0.2004512 0.2003465 0.1909391 0.1747372 0.1679767 0.1446658 0.1959955 0.1985737 0.1256927 0.1818190 0.1685041 0.1790869 0.1087503 0.1078294 0.1138172 0.1732451 0.1425162 0.1921089 0.1887980 0.1678415 0.2117177 0.1267292 0.1413906 0.1954628 0.1823154 0.1715568 0.1147526 0.1851442 0.1167642 0.2408018 
S0400         0.6933820 0.5257384 0.6772374 0.1343992 0.1589137 0.0866278 0.2610405 0.1170817 0.1078148 0.1119589 0.1314121 0.0333204 0.1043379 0.1163892 0.0202733 0.1359216 0.1149984 0.1418229 0.1452925 0.1118297 0.1442886 0.1300068 0.1202940 0.1503124 0.1411607 0.0000000 0.0406994 0.1212277 0.1204228 0.1009075 0.1022200 0.1262202 0.1421456 0.1224602 0.1455800 0.0987049 0.1321682 0.0811793 0.0417003 0.1113089 0.0891673 0.1289430 0.0403950 0.1304454 0.1491647 0.2733061 0.0941129 0.1566808 0.0941962 0.0555806 0.1271009 0.1004815 0.0386285 0.1000219 0.1006331 0.1176236 0.1393830 0.1110968 0.1384795 0.1043846 0.1020014 0.0953630 0.1317796 0.1311483 0.1072485 0.1202744 0.1264421 0.1193834 0.1379381 0.2006207 0.1101514 0.1305078 0.1338259 0.1505257 0.1424879 0.1976231 0.1027196 0.1737109 0.1114955 0.1297848 0.1331582 0.0854561 0.0941402 0.1818819 0.0262616 0.0998545 0.1076432 0.1071315 0.1408359 0.1479394 0.1385911 0.1191484 0.1067184 0.1345339 0.1449848 0.1446203 0.0367308 0.1355753 0.1245049 0.1019633 0.0341625 0.0339862 0.1019961 0.1099361 0.0977858 0.1152626 0.1271815 0.1142271 0.1617974 0.0865563 0.1049796 0.1160950 0.1400579 0.1330124 0.0351860 0.1496088 0.0780017 0.1991852 
S0405         0.6579389 0.5265527 0.6142461 0.1120838 0.1435731 0.0688242 0.2494279 0.1027981 0.0933136 0.1004833 0.1125703 0.0204837 0.0846317 0.1040039 0.0375163 0.1136965 0.0934434 0.1287648 0.1306861 0.0963667 0.1230839 0.1123250 0.1017918 0.1034737 0.1315302 0.0406994 0.0000000 0.0947157 0.1042771 0.0820091 0.0908002 0.1000705 0.1237802 0.0997177 0.1270116 0.0844294 0.1057358 0.0681320 0.0245832 0.0852073 0.0728896 0.1206531 0.0250006 0.1129103 0.1252740 0.2463011 0.0758395 0.1340912 0.1229974 0.0389850 0.1119273 0.0835719 0.0287052 0.0836764 0.0836915 0.0987291 0.1230247 0.0934171 0.1182476 0.1327229 0.0848643 0.0910141 0.1156308 0.1116402 0.0916199 0.1019094 0.1068666 0.1285229 0.1221513 0.1747536 0.0945365 0.1271376 0.1162498 0.1283560 0.1208453 0.1799866 0.0875139 0.1558472 0.0893606 0.1109591 0.1221121 0.0779894 0.0796780 0.1626526 0.0305325 0.0869249 0.0859973 0.0876124 0.1204657 0.1312292 0.1177214 0.1052724 0.0939269 0.1213289 0.1214655 0.1233527 0.0188730 0.1222900 0.1054250 0.0860103 0.0159646 0.0126149 0.0909227 0.1000739 0.0855002 0.1055402 0.1159357 0.0997313 0.1531540 0.0725452 0.0876700 0.1025198 0.1241319 0.1205913 0.0188832 0.1327093 0.0707404 0.1687172 
S0407sl       0.7149885 0.5323292 0.6168780 0.1265667 0.1782192 0.1214116 0.2718161 0.1373085 0.0953916 0.0567714 0.1165159 0.0921561 0.0388289 0.1023994 0.1066987 0.1328540 0.0654844 0.1343144 0.1446000 0.0589148 0.1262058 0.0774749 0.1123048 0.1208272 0.1888404 0.1212277 0.0947157 0.0000000 0.0643119 0.0879682 0.1311668 0.0888368 0.1249609 0.0682566 0.1352861 0.1128357 0.0639563 0.1142535 0.1045973 0.0555537 0.0758896 0.1151358 0.1044125 0.1042518 0.1262163 0.2349015 0.1117900 0.1372465 0.1356938 0.0924477 0.1263323 0.0855648 0.1066612 0.0856721 0.0894629 0.1298260 0.1119269 0.0914983 0.1230955 0.1244402 0.0807007 0.1027009 0.1176496 0.1156160 0.1015412 0.1037151 0.1178690 0.1562327 0.1220709 0.1660097 0.1190205 0.1254589 0.1139512 0.1387370 0.1283740 0.1672090 0.0855634 0.1537805 0.1091165 0.1154667 0.1226353 0.1076885 0.0878394 0.1626724 0.1135427 0.1216981 0.1018667 0.0527317 0.1227165 0.1246522 0.1233030 0.0841546 0.0549257 0.1341183 0.1245999 0.1243924 0.1007116 0.1277889 0.1242621 0.0897854 0.0825846 0.0878747 0.1332766 0.1007556 0.1177917 0.0984460 0.1103593 0.0915612 0.0993216 0.1167014 0.0896877 0.0256181 0.1240499 0.1156606 0.0943720 0.1156403 0.1148789 0.1825997 
S0417         0.6772797 0.5097966 0.6134830 0.1293531 0.1823606 0.1276122 0.2423053 0.1162673 0.0942116 0.0708164 0.1211715 0.0974940 0.0300559 0.1027594 0.1172621 0.1158567 0.0639740 0.1294481 0.1346164 0.0650100 0.1174188 0.0547775 0.1045386 0.1274755 0.1585304 0.1204228 0.1042771 0.0643119 0.0000000 0.0886448 0.1465858 0.0739968 0.1161485 0.0625197 0.1224961 0.1198344 0.0591627 0.1130867 0.1103975 0.0563438 0.0669671 0.1186768 0.1099421 0.1161675 0.1174266 0.2541524 0.1176076 0.1236668 0.1402130 0.0978068 0.1169461 0.0862179 0.1123897 0.0863269 0.0901491 0.1204196 0.1197793 0.0766515 0.1125460 0.1228652 0.0678154 0.1102128 0.1121892 0.1082897 0.1006525 0.1016588 0.1125801 0.1431063 0.1207111 0.1572194 0.1083122 0.1102572 0.1106745 0.1322271 0.1319658 0.1633703 0.0881950 0.1473598 0.1041037 0.1229921 0.1097484 0.1087321 0.0880608 0.1540718 0.1151825 0.1148259 0.1005435 0.0478141 0.1264938 0.1327971 0.1144908 0.0750046 0.0520888 0.1256238 0.1158147 0.1176726 0.1062969 0.1151911 0.1143994 0.0881237 0.0875708 0.0890918 0.1201765 0.0932578 0.1147110 0.1042887 0.1147428 0.0939361 0.1095422 0.1094365 0.0884962 0.0748568 0.1226963 0.1190913 0.0997782 0.1224299 0.1181676 0.1901338 
S0419         0.6648289 0.5270235 0.6263675 0.0843128 0.1194357 0.1056712 0.2480558 0.0911970 0.0142273 0.1018958 0.0653558 0.0776190 0.0739421 0.0746302 0.0894255 0.1173436 0.0886789 0.1043083 0.1154648 0.0810504 0.0974096 0.0975328 0.0683313 0.0574879 0.1391462 0.1009075 0.0820091 0.0879682 0.0886448 0.0000000 0.1087517 0.0875800 0.0979470 0.0871297 0.0852757 0.0957061 0.0871062 0.0861524 0.0833718 0.0861420 0.0761160 0.1108933 0.0825665 0.0563882 0.1015697 0.2067802 0.0821973 0.1051282 0.0969628 0.0740374 0.0782444 0.0045735 0.0917082 0.0045782 0.0076558 0.0901544 0.0631428 0.0996235 0.0947962 0.1115396 0.0888108 0.0533838 0.0838317 0.0845050 0.0664222 0.0666351 0.0709115 0.1397047 0.0745438 0.1443708 0.0689493 0.1005398 0.0945029 0.1049477 0.1021151 0.1562562 0.0107787 0.1294247 0.0673332 0.0808979 0.0937571 0.0766457 0.0518366 0.1335919 0.0923519 0.0896902 0.0536402 0.0726321 0.1154984 0.1218261 0.0921568 0.0946180 0.0831101 0.0935129 0.0916802 0.0976204 0.0878552 0.1071801 0.0746278 0.0704111 0.0678502 0.0709591 0.0798900 0.0751370 0.0802058 0.0931628 0.0903053 0.0659694 0.1348147 0.0807328 0.0076725 0.0956346 0.0763610 0.1044599 0.0797465 0.0734269 0.0710150 0.1394687 
S0427         0.6996892 0.5622325 0.7039099 0.1372523 0.1433559 0.1135311 0.3251662 0.1094260 0.1242934 0.1348580 0.1451699 0.0891471 0.1262499 0.1361817 0.1019193 0.1555475 0.1364697 0.1622360 0.1632491 0.1288311 0.1527271 0.1559640 0.1345084 0.2071222 0.1018516 0.1022200 0.0908002 0.1311668 0.1465858 0.1087517 0.0000000 0.1707195 0.1536240 0.1434018 0.1554717 0.1185043 0.1414547 0.1129067 0.1022863 0.1202894 0.1142981 0.1409792 0.1070076 0.1271809 0.1575360 0.2675944 0.1026186 0.1650407 0.1565786 0.0889920 0.1421586 0.1082973 0.0995958 0.1078121 0.1084574 0.1297018 0.1374907 0.1367736 0.1557956 0.1503867 0.1209035 0.1058502 0.1206063 0.1386745 0.1221596 0.1280208 0.1335371 0.1545720 0.1311095 0.2118133 0.1116821 0.1579237 0.1296423 0.1639186 0.1496790 0.2090113 0.1125738 0.1899005 0.1236788 0.1388576 0.1522692 0.1167191 0.1125237 0.1886363 0.1041725 0.1154083 0.1201883 0.1184202 0.1499470 0.1615494 0.1446869 0.1361388 0.1254227 0.1376671 0.1485815 0.1505527 0.0932113 0.1587968 0.1313815 0.1549050 0.0829993 0.0883665 0.0998894 0.1311712 0.1127912 0.1391836 0.1473661 0.1200935 0.1906534 0.1022993 0.1084977 0.1424925 0.1308615 0.1426607 0.0912510 0.1387137 0.0985170 0.2246475 
S0428sl       0.5944080 0.5134939 0.5543412 0.1036987 0.1115216 0.1189586 0.2761009 0.1337285 0.1002696 0.0796995 0.1163741 0.0893521 0.0451615 0.1146662 0.1071456 0.1127621 0.0666001 0.1506351 0.1334259 0.0605445 0.1509054 0.0927854 0.1145643 0.0723501 0.1713008 0.1262202 0.1000705 0.0888368 0.0739968 0.0875800 0.1707195 0.0000000 0.1480310 0.0515508 0.0923806 0.0988174 0.0484970 0.0863763 0.0895008 0.0556314 0.0560658 0.0971052 0.0902999 0.1053911 0.1505348 0.2496170 0.1002122 0.1491506 0.1064950 0.0891870 0.0947323 0.0934681 0.1033919 0.0936645 0.0966839 0.1188758 0.1093745 0.0809787 0.1284909 0.0827356 0.0584135 0.1135268 0.1433510 0.0845006 0.0974854 0.0832862 0.0905605 0.1292080 0.1233078 0.1801819 0.0997339 0.1040315 0.1337255 0.1190211 0.1073257 0.1680621 0.0934681 0.1305827 0.0990101 0.1328062 0.1188795 0.1008626 0.0977279 0.1305224 0.1113879 0.0998496 0.1018742 0.0574274 0.1141352 0.1145840 0.1338059 0.0682411 0.0577375 0.1229755 0.1475732 0.1475756 0.0967463 0.1250315 0.0964693 0.0818642 0.0847029 0.0860673 0.1196594 0.1035334 0.1065121 0.1022626 0.1255063 0.0968059 0.0785619 0.1021034 0.0966171 0.0870528 0.1265961 0.1006373 0.0865564 0.1254226 0.1037315 0.1674663 
S0430         0.6799100 0.5096734 0.5978468 0.1283490 0.1776891 0.1422366 0.2761742 0.1357820 0.1017861 0.1417504 0.1167993 0.1164502 0.0989276 0.1085083 0.1490011 0.1574454 0.1191359 0.0208536 0.0961616 0.1247234 0.0091654 0.1311068 0.1079193 0.1394936 0.1962479 0.1421456 0.1237802 0.1249609 0.1161485 0.0979470 0.1536240 0.1480310 0.0000000 0.1199199 0.1439943 0.1258514 0.1245312 0.1330337 0.1278372 0.1079825 0.1125443 0.1521408 0.1331710 0.1121217 0.0122802 0.2440292 0.1351141 0.0188264 0.1574252 0.1076047 0.1266251 0.0953942 0.1208040 0.0976023 0.0994558 0.1224879 0.1144587 0.1278627 0.0918986 0.1458476 0.1118460 0.0931482 0.0511767 0.1351039 0.1055640 0.1101789 0.1238587 0.1683461 0.1239170 0.1792060 0.1228388 0.0954188 0.0979930 0.1507955 0.1451336 0.1760580 0.0953927 0.1649459 0.1113636 0.1260116 0.0884587 0.1236008 0.0934943 0.1685494 0.1377950 0.1433006 0.0730789 0.1125095 0.1540977 0.1561626 0.0092388 0.1157749 0.1108518 0.1226250 0.0138826 0.0091656 0.1239665 0.1044934 0.1058301 0.1082569 0.1085215 0.1077251 0.1351215 0.1088814 0.1373961 0.1197379 0.1191008 0.1035998 0.1939296 0.1314099 0.0997131 0.1333407 0.1259276 0.1424148 0.1148431 0.1302454 0.1269603 0.2293411 
