121
CRNC          0.0000000 0.1849206 0.2748841 0.5263841 0.6015656 0.5647455 0.5256378 0.4672030 0.5436643 0.5874232 0.6014208 0.4883109 0.6083873 0.5396102 0.4850650 0.4745399 0.5190556 0.5392693 0.5629455 0.5611161 0.5095688 0.5309333 0.6758818 0.5974763 0.4792013 0.4936431 0.5112312 0.4872034 0.4916141 0.5571743 0.5472033 0.5508620 0.5438777 0.5261975 0.6095507 0.5171945 0.5016404 0.5113376 0.5132377 0.4823013 0.5651812 0.5308091 0.4977479 0.4362164 0.4818864 0.4862228 0.5642824 0.3942134 0.5304541 0.5290675 0.5454540 0.4574154 0.5739136 0.5384559 0.4795077 0.5334398 0.5747498 0.5833644 0.5685542 0.5385699 0.4443003 0.4959763 0.5673087 0.5491065 0.6620084 0.5391156 0.6239861 0.6090361 0.5752869 0.6350598 0.5661788 0.5663901 0.4051053 0.5895652 0.5446712 0.4744674 0.5609228 0.5680887 0.4249588 0.5642579 0.4387832 0.6657695 0.5898514 0.5091643 0.5233297 0.5338709 0.5066447 0.4061685 0.4820526 0.4994743 0.5594536 0.6072443 0.5141705 0.5389384 0.5289796 0.5423614 0.5291119 0.5044400 0.5151611 0.5324237 0.4908849 0.5208460 0.5332493 0.5567437 0.4448456 0.4517408 0.4796509 0.5231415 0.4976714 0.5173073 0.4961904 0.6100493 0.5936993 0.5093081 0.5293072 0.5071075 0.5620766 0.5232893 0.4892493 0.5672732 0.4991116 
HYZL          0.1849206 0.0000000 0.1253500 0.5143537 0.5537814 0.5118140 0.4134506 0.4619045 0.5056529 0.5333483 0.5393469 0.5038262 0.5447223 0.5216125 0.4906522 0.4920208 0.5034942 0.5268155 0.5342350 0.5511323 0.4919816 0.5339591 0.5564129 0.5306856 0.4841798 0.4733829 0.4690759 0.4934956 0.4485752 0.5127700 0.5254685 0.4945493 0.5333587 0.4990096 0.5864460 0.4902869 0.5156745 0.4808938 0.4778001 0.4864733 0.5369224 0.4695487 0.4660540 0.4096231 0.4793787 0.4474182 0.5150317 0.3744628 0.5381978 0.5181975 0.4977662 0.4520243 0.5813758 0.4964388 0.4935733 0.5006704 0.5191345 0.5607552 0.5018286 0.4786480 0.4647336 0.4554796 0.5022529 0.5052403 0.6164329 0.5425551 0.5617573 0.5588852 0.5670874 0.5862366 0.5432617 0.5466097 0.3573484 0.5181722 0.5325875 0.5134519 0.5138112 0.5274552 0.3641151 0.5053460 0.3871406 0.5027161 0.5246979 0.4931437 0.5054210 0.5287433 0.5285355 0.3743123 0.4694428 0.4875867 0.5217730 0.5184725 0.4526234 0.4889100 0.5172638 0.4653455 0.4993159 0.5057341 0.5201730 0.5189688 0.4841628 0.5389077 0.4742026 0.5449504 0.4071461 0.4390500 0.4855098 0.5293579 0.5213618 0.4951544 0.4897181 0.5595131 0.5327652 0.4846656 0.4960968 0.4719333 0.5430332 0.4617807 0.4956255 0.5553139 0.4793596 
MYZV          0.2748841 0.1253500 0.0000000 0.6330906 0.9467698 0.6553149 0.4848244 0.5966585 0.6055798 0.6501822 0.6536331 0.5885927 0.6522873 0.6057039 0.6605450 0.5691850 0.5325019 0.5986475 0.5866654 0.6431903 0.6100437 0.6530069 0.6597277 0.6611938 0.5912442 0.6307614 0.5578426 0.5974284 0.5728519 0.6250636 0.6533465 0.7226697 0.6421695 0.5853041 0.6479397 0.6248601 0.6081509 0.5755300 0.5797139 0.6394784 0.6387631 0.6090657 0.5324424 0.4907480 0.6267620 0.5552215 0.6182577 0.4427729 0.6551268 0.6148985 0.6557515 0.5691888 0.6219983 0.5998308 0.5763798 0.6133948 0.6618077 0.6623512 0.6424842 0.5960108 0.5704186 0.5071939 0.6247020 0.6493151 0.7474105 0.6298323 0.6268548 0.7490337 0.6791438 0.6784489 0.6548132 0.5690396 0.4263500 0.6868516 0.6351211 0.6140909 0.6847213 0.7000382 0.4638290 0.6344233 0.5041867 0.6523295 0.6966724 0.6128429 0.6168243 0.6418010 0.6326188 0.4609592 0.5620595 0.5870570 0.6651027 0.6341100 0.5300102 0.6076888 0.6153139 0.5653310 0.5962712 0.6170945 0.5914199 0.6096074 0.6034287 0.6374962 0.5798372 0.6980300 0.5095203 0.5581317 0.5690702 0.6657702 0.6833309 0.6098571 0.5968499 0.7249195 0.6401618 0.5982609 0.5979487 0.5418805 0.6127793 0.5431724 0.5824776 0.5899430 0.6239734 
SRR6441723    0.5263841 0.5143537 0.6330906 0.0000000 0.0638259 0.0834050 0.2629381 0.0650254 0.0652749 0.1209285 0.1015117 0.0777985 0.1151165 0.0609525 0.0818156 0.1039996 0.1191330 0.1132762 0.1004598 0.1060418 0.0912976 0.0572993 0.0688504 0.1005223 0.0623444 0.0694954 0.0913852 0.0810285 0.0739155 0.0775155 0.0812425 0.0944145 0.1173364 0.1040972 0.0652302 0.0982752 0.1239611 0.1048944 0.0810303 0.0697401 0.1110661 0.0884686 0.0976063 0.0487649 0.0544490 0.0632365 0.0981465 0.1860283 0.0761120 0.1043783 0.0739416 0.0501885 0.0825364 0.0768345 0.0696733 0.0702564 0.0754885 0.0884358 0.0935679 0.0910330 0.1101761 0.0954318 0.0836739 0.0508591 0.1136597 0.1042687 0.0790411 0.0700134 0.0830132 0.0792890 0.0847824 0.1069546 0.1602522 0.0752119 0.1087790 0.1099681 0.0891816 0.0935239 0.1624440 0.0733967 0.1666377 0.0632545 0.0915224 0.0428412 0.0976122 0.0829801 0.0810319 0.1702609 0.0671078 0.0884214 0.0566767 0.0946920 0.0891335 0.1002129 0.1035763 0.0954261 0.1339284 0.1101498 0.1048252 0.1100760 0.0719584 0.1127448 0.0469054 0.0716874 0.0371829 0.0596950 0.0780189 0.0674746 0.0827174 0.1027742 0.0615410 0.0648135 0.1327061 0.0776886 0.0672700 0.0970574 0.0885827 0.1053534 0.0716779 0.1065333 0.0679079 
ERR4210213    0.6015656 0.5537814 0.9467698 0.0638259 0.0000000 0.1334126 0.2692942 0.1073748 0.1086390 0.1099729 0.1665855 0.1070743 0.1335343 0.1066872 0.1466106 0.1309081 0.1675696 0.1084354 0.1098745 0.1021681 0.1463288 0.0336247 0.0798035 0.1423944 0.0968112 0.1040727 0.1222608 0.1391352 0.0869655 0.1085734 0.1217096 0.1318175 0.1190867 0.1171519 0.1006351 0.1410513 0.1539328 0.1152732 0.1407323 0.1059289 0.1262903 0.1071332 0.1207410 0.0830173 0.1018462 0.0779872 0.1073517 0.2077295 0.1019440 0.0832903 0.1404458 0.0866774 0.1312441 0.1085734 0.1179105 0.1014561 0.1161572 0.1220236 0.1359240 0.0867525 0.1367379 0.1237159 0.1055035 0.0969830 0.1583139 0.0970821 0.1339371 0.1161454 0.1372068 0.1280063 0.0778355 0.1585318 0.1950601 0.1371702 0.1632079 0.1438242 0.1287046 0.1626733 0.1793097 0.1085734 0.1921272 0.1203287 0.1210595 0.0909587 0.1640459 0.1179862 0.0983082 0.1985389 0.0946859 0.1058662 0.0766089 0.1160807 0.1237159 0.1237159 0.0885402 0.1202010 0.1262070 0.1265644 0.1093821 0.1099787 0.1040011 0.1382336 0.0691397 0.1055685 0.0689722 0.0788243 0.1098507 0.0984833 0.1032009 0.1225164 0.0983058 0.0911938 0.1364921 0.0944323 0.1095868 0.1071890 0.1486246 0.1642804 0.1264922 0.1439844 0.1006800 
ERR2789774    0.5647455 0.5118140 0.6553149 0.0834050 0.1334126 0.0000000 0.2885739 0.0782736 0.0910828 0.1327718 0.1208753 0.0732930 0.1385994 0.0911095 0.0720746 0.1009171 0.1293266 0.1168738 0.1077906 0.1103968 0.1003100 0.0947497 0.1231994 0.0969909 0.0633769 0.0706585 0.1076953 0.0793838 0.0865807 0.0820616 0.0819136 0.0995107 0.1177457 0.1195879 0.1104469 0.1076048 0.1310789 0.1195115 0.0753377 0.0674731 0.1282672 0.1024001 0.1087326 0.0302650 0.0574876 0.0702143 0.1033286 0.1895257 0.0749065 0.1094320 0.0929160 0.0507232 0.1234542 0.0775033 0.0708423 0.0766684 0.0753830 0.1225838 0.0960393 0.0954996 0.1094894 0.1067240 0.1160647 0.0785103 0.1194797 0.1052624 0.1117998 0.1078869 0.1217959 0.1142572 0.1236402 0.1220920 0.1802629 0.1116311 0.1175933 0.1111432 0.1183400 0.1334741 0.1729141 0.0760258 0.1768373 0.0743743 0.1303490 0.0837669 0.1098174 0.0879367 0.0931321 0.1785050 0.0657097 0.0877872 0.0780953 0.1154843 0.1074635 0.1144069 0.1122506 0.1079665 0.1574133 0.1258215 0.1071693 0.1101394 0.0696255 0.1252603 0.0762079 0.1019704 0.0424385 0.0535398 0.0825903 0.0904951 0.0761544 0.1464552 0.0731472 0.0846297 0.1499251 0.0749818 0.0717500 0.1222054 0.1062417 0.1254286 0.0759852 0.1191690 0.0654339 
PAFTOL_019361 0.5256378 0.4134506 0.4848244 0.2629381 0.2692942 0.2885739 0.0000000 0.2325865 0.2371585 0.3218046 0.2559451 0.2339853 0.3161124 0.2693365 0.2369106 0.2955787 0.3293288 0.2858975 0.3067596 0.2983558 0.2679336 0.2506777 0.2204683 0.2747211 0.2128317 0.2193817 0.2452647 0.2697233 0.2512324 0.2536516 0.2798155 0.2898071 0.3055015 0.2673479 0.2854676 0.2820676 0.3125942 0.2888148 0.2470107 0.2309285 0.3192667 0.2417254 0.2865393 0.1957595 0.2127944 0.2198304 0.2476312 0.2500055 0.2605582 0.2832868 0.2627457 0.2115466 0.3036347 0.2475066 0.2412237 0.2389777 0.2529515 0.2881776 0.2772257 0.2412414 0.2633762 0.2507421 0.2453784 0.2587250 0.3254040 0.3069514 0.2876262 0.2873728 0.2888558 0.3138880 0.2472085 0.2859992 0.2308694 0.2674952 0.2973225 0.3042615 0.2984500 0.3023336 0.2159560 0.2490279 0.2211750 0.2410596 0.2882599 0.2648610 0.2887803 0.2560378 0.2777146 0.2194886 0.2317902 0.2462904 0.2659239 0.2732646 0.2472420 0.2794404 0.2892625 0.2391815 0.3178267 0.2874978 0.3129830 0.3084801 0.2355109 0.2865559 0.2418864 0.3061181 0.1792596 0.2176724 0.2556361 0.2875540 0.2447681 0.2943468 0.2686925 0.3047141 0.3115092 0.2280293 0.2410580 0.2939245 0.2715848 0.2814109 0.2315582 0.2958843 0.2224845 
S0055         0.4672030 0.4619045 0.5966585 0.0650254 0.1073748 0.0782736 0.2325865 0.0000000 0.0702558 0.1191087 0.0945734 0.0546386 0.1091549 0.0721553 0.0537363 0.0799752 0.1129181 0.0906326 0.0971179 0.0905830 0.0762433 0.0776135 0.0791012 0.0727405 0.0392261 0.0409523 0.0910023 0.0586264 0.0629396 0.0678626 0.0673234 0.0724472 0.0932622 0.1010084 0.0997120 0.0740562 0.0998574 0.1010390 0.0583592 0.0442761 0.1061869 0.0869429 0.1007202 0.0329861 0.0362195 0.0536548 0.0739345 0.1701116 0.0609310 0.0778810 0.0783460 0.0324100 0.1127408 0.0694487 0.0441000 0.0612390 0.0679922 0.1153575 0.0828064 0.0797169 0.0759729 0.0841854 0.0782895 0.0723760 0.1036034 0.0889630 0.1105278 0.1050085 0.1169771 0.1065431 0.0466944 0.1035180 0.1594729 0.0986949 0.0960077 0.0993235 0.1020744 0.1080524 0.1546350 0.0676957 0.1481225 0.0686635 0.1102848 0.0720006 0.0874683 0.0459617 0.0765894 0.1557270 0.0463343 0.0563330 0.0624760 0.0937540 0.0827402 0.0888200 0.0815487 0.0834736 0.1217089 0.0897441 0.0814253 0.0862355 0.0444991 0.0977970 0.0610060 0.0829476 0.0219692 0.0286593 0.0259937 0.0793658 0.0468151 0.1210400 0.0681907 0.0719918 0.1234841 0.0501170 0.0616162 0.0947446 0.0864909 0.1010777 0.0488281 0.1030659 0.0360601 
S0196sl       0.5436643 0.5056529 0.6055798 0.0652749 0.1086390 0.0910828 0.2371585 0.0702558 0.0000000 0.1337979 0.0966812 0.0824222 0.1187043 0.0814223 0.0791852 0.1015548 0.1271249 0.0983057 0.0891168 0.0830168 0.0787794 0.1068217 0.0870902 0.1036316 0.0664790 0.0709641 0.0749975 0.0968085 0.0684823 0.0159851 0.0820028 0.0808082 0.0784045 0.1136477 0.0989111 0.0908856 0.1007723 0.0963147 0.0872147 0.0755889 0.1179525 0.0948065 0.0912400 0.0445035 0.0667818 0.0336392 0.0787604 0.1981466 0.0802931 0.0870397 0.0607844 0.0539963 0.1147687 0.0158506 0.0733679 0.0109043 0.0142928 0.1121911 0.0523757 0.0861413 0.0786590 0.0870930 0.0896193 0.0655528 0.1193716 0.0836053 0.1093194 0.0967352 0.1198701 0.1063201 0.0772969 0.0812379 0.1754850 0.0735340 0.0769516 0.0820466 0.1139997 0.1259420 0.1771445 0.0125370 0.1800659 0.0743903 0.1103392 0.0679460 0.0673940 0.0837505 0.1061290 0.1775106 0.0698550 0.0740768 0.0644110 0.1000444 0.0875617 0.0949164 0.0903431 0.0923033 0.1429606 0.0870616 0.0806305 0.0819604 0.0784285 0.0825699 0.0788035 0.1013197 0.0473619 0.0575270 0.0657889 0.0979533 0.0777816 0.0953960 0.0784813 0.0898018 0.1329791 0.0704318 0.0109575 0.0718690 0.0589664 0.0973977 0.0779208 0.0735118 0.0564453 
S0278         0.5874232 0.5333483 0.6501822 0.1209285 0.1099729 0.1327718 0.3218046 0.1191087 0.1337979 0.0000000 0.1371195 0.1239763 0.0583538 0.1228405 0.1360286 0.1515401 0.0592889 0.1659269 0.1419871 0.1515287 0.0517937 0.1247821 0.1155619 0.1528444 0.1179349 0.1224020 0.0536757 0.1314662 0.0335433 0.1238070 0.1288406 0.0530635 0.1637595 0.0681577 0.1232085 0.1383282 0.1488312 0.0443277 0.1287223 0.1227886 0.0422740 0.0854647 0.1065865 0.0940076 0.1223086 0.0931254 0.1333853 0.2112276 0.1291230 0.1402393 0.1374694 0.1008726 0.1401666 0.1175896 0.1241383 0.1190787 0.1244724 0.1370587 0.1205724 0.0832857 0.1429714 0.0883190 0.0795676 0.1184454 0.0538487 0.1492728 0.1298781 0.1157519 0.1363877 0.1370592 0.1484155 0.1346583 0.1943145 0.1594870 0.1594298 0.1438617 0.1452982 0.1595573 0.1844965 0.1240777 0.1855996 0.0820873 0.1509631 0.1289471 0.1483258 0.1193891 0.1429845 0.1870118 0.1265928 0.1124061 0.1240560 0.0499170 0.0868977 0.0907373 0.1406979 0.0931319 0.0597943 0.1489500 0.1527798 0.1583685 0.1297507 0.1606487 0.1165021 0.1433027 0.0985948 0.1045019 0.1188364 0.1310875 0.1239429 0.1098973 0.1118753 0.1312425 0.0727478 0.0964264 0.1218114 0.0563251 0.1319126 0.1033925 0.1291887 0.1380553 0.1138763 
S0281         0.6014208 0.5393469 0.6536331 0.1015117 0.1665855 0.1208753 0.2559451 0.0945734 0.0966812 0.1371195 0.0000000 0.1184444 0.1308020 0.1020603 0.1112631 0.1454119 0.1344529 0.1414182 0.1445558 0.1302036 0.0961880 0.1185333 0.1288589 0.1335906 0.1001890 0.1044403 0.1196798 0.1247912 0.0885772 0.0925378 0.1202111 0.1032543 0.1361591 0.1234827 0.1242762 0.1245535 0.1278828 0.1181962 0.1211497 0.1050057 0.1314368 0.1176477 0.1309642 0.0798337 0.1044356 0.0718263 0.1202303 0.2347099 0.1214674 0.1362821 0.1094189 0.0890975 0.1388610 0.0900062 0.1085270 0.0834125 0.0903601 0.1410003 0.0982690 0.1144416 0.1243993 0.1154038 0.1133045 0.1079523 0.1271938 0.1167627 0.1299243 0.1319448 0.1347146 0.1380749 0.1036477 0.0850392 0.2426751 0.1192637 0.1225975 0.1195421 0.1357936 0.1434061 0.2155989 0.0899629 0.2221136 0.1008996 0.1549362 0.1058774 0.1149332 0.1068139 0.1129351 0.2208358 0.1101832 0.1120289 0.1089618 0.1156926 0.1139490 0.1208067 0.1381509 0.1158646 0.1572947 0.1124268 0.1323331 0.1377960 0.1095703 0.1197325 0.1027484 0.1096415 0.0789106 0.0912937 0.1155541 0.0972205 0.0976086 0.1645835 0.0937838 0.1024986 0.1620038 0.1030307 0.0839075 0.1250565 0.0919828 0.1156234 0.1118570 0.0942074 0.1019086 
S0282         0.4883109 0.5038262 0.5885927 0.0777985 0.1070743 0.0732930 0.2339853 0.0546386 0.0824222 0.1239763 0.1184444 0.0000000 0.1196741 0.0746240 0.0331250 0.0675951 0.1225398 0.1004326 0.1019054 0.0965723 0.0892547 0.0954070 0.0822358 0.0929639 0.0206290 0.0297540 0.0950292 0.0612348 0.0727433 0.0769010 0.0712559 0.0943341 0.1029478 0.1006299 0.1045762 0.0933860 0.1187730 0.1130096 0.0577087 0.0313681 0.1155222 0.0924684 0.1040445 0.0330747 0.0204269 0.0721654 0.0841700 0.1845183 0.0636321 0.0925377 0.0979014 0.0169904 0.1115607 0.0725201 0.0298175 0.0674951 0.0748610 0.1086525 0.0980289 0.0863322 0.0929401 0.0916544 0.0963548 0.0730144 0.1073081 0.0904644 0.1141335 0.1123361 0.1190453 0.1081208 0.0460284 0.1159304 0.1669527 0.0920115 0.0971205 0.1096482 0.1148749 0.1242527 0.1601471 0.0745354 0.1642425 0.0722684 0.1280794 0.0813095 0.0843370 0.0699171 0.0997906 0.1653632 0.0283834 0.0634392 0.0765229 0.0996460 0.0942897 0.0966957 0.0999875 0.0939352 0.1434351 0.1064213 0.0949651 0.0960694 0.0315204 0.1045841 0.0723412 0.0998087 0.0165180 0.0240851 0.0734680 0.0876714 0.0628048 0.1238235 0.0788591 0.0803886 0.1350690 0.0496195 0.0679088 0.1090514 0.0942728 0.1171921 0.0329062 0.1186779 0.0376099 
S0289         0.6083873 0.5447223 0.6522873 0.1151165 0.1335343 0.1385994 0.3161124 0.1091549 0.1187043 0.0583538 0.1308020 0.1196741 0.0000000 0.1163522 0.1321484 0.1466310 0.0594717 0.1580736 0.1425278 0.1436783 0.0558412 0.1241238 0.1271502 0.1426436 0.1117403 0.1122703 0.0525800 0.1305716 0.0359492 0.1186309 0.1295035 0.0469687 0.1506973 0.0790427 0.1232759 0.1191498 0.1307199 0.0486514 0.1282676 0.1165558 0.0666564 0.0779797 0.1015784 0.0894073 0.1122121 0.0927444 0.1209393 0.2102823 0.1255582 0.1435435 0.1361402 0.0941384 0.1409850 0.1133069 0.1204505 0.1089334 0.1162640 0.1518579 0.1216903 0.0772948 0.1366429 0.0862473 0.0693365 0.1206211 0.0601433 0.1413075 0.1348919 0.1194034 0.1396445 0.1388710 0.1420192 0.1349354 0.2048379 0.1500817 0.1482258 0.1456261 0.1437827 0.1538414 0.1787349 0.1177042 0.1750225 0.0902250 0.1351967 0.1211666 0.1416127 0.1161649 0.1359584 0.1779602 0.1181377 0.1132714 0.1157921 0.0475790 0.0848019 0.0886805 0.1457670 0.0743264 0.0624888 0.1389503 0.1419039 0.1481235 0.1166271 0.1528395 0.1233089 0.1383912 0.0969955 0.1016530 0.1054351 0.1204521 0.1163516 0.1071867 0.1144091 0.1200593 0.0549435 0.0990200 0.1155477 0.0520043 0.1277561 0.0902107 0.1229471 0.1398675 0.1081585 
S0292         0.5396102 0.5216125 0.6057039 0.0609525 0.1066872 0.0911095 0.2693365 0.0721553 0.0814223 0.1228405 0.1020603 0.0746240 0.1163522 0.0000000 0.0773334 0.1001923 0.1317667 0.1110291 0.1295964 0.1047995 0.0924758 0.0814556 0.0800874 0.1028321 0.0610315 0.0717520 0.1027777 0.0820970 0.0804938 0.0835349 0.0877341 0.1019920 0.1135744 0.1008650 0.0884570 0.0924849 0.1222932 0.1171598 0.0849264 0.0720085 0.1165377 0.1015751 0.0998923 0.0514543 0.0691688 0.0664144 0.0938742 0.1829729 0.0784995 0.1018975 0.0953252 0.0558048 0.0986508 0.0785110 0.0719376 0.0780623 0.0814523 0.0966167 0.0908643 0.0898857 0.1017741 0.0938568 0.0981997 0.0794737 0.1211958 0.1020726 0.1017493 0.1037547 0.0968133 0.0895845 0.0778598 0.1199057 0.1649384 0.0975077 0.1005691 0.1062305 0.1027773 0.0986306 0.1618446 0.0792975 0.1637498 0.0709520 0.1151780 0.0641685 0.0897135 0.0968995 0.0468100 0.1675389 0.0658625 0.0905798 0.0775163 0.0997135 0.0947017 0.1009888 0.1105112 0.0983292 0.1341548 0.1044879 0.1073159 0.1083343 0.0742654 0.1161326 0.0734390 0.0439618 0.0413115 0.0560230 0.0820792 0.0356575 0.0931579 0.1340058 0.0348194 0.0331624 0.1321472 0.0747514 0.0750482 0.1056574 0.0987412 0.1075078 0.0739729 0.1190404 0.0661469 
S0293         0.4850650 0.4906522 0.6605450 0.0818156 0.1466106 0.0720746 0.2369106 0.0537363 0.0791852 0.1360286 0.1112631 0.0331250 0.1321484 0.0773334 0.0000000 0.0804667 0.1363558 0.0883025 0.1040060 0.0831918 0.0888404 0.1014466 0.0852478 0.0819720 0.0293223 0.0255972 0.0926853 0.0616570 0.0712094 0.0759728 0.0697620 0.0888612 0.0918071 0.1086056 0.1063641 0.0909293 0.1257223 0.1176271 0.0589442 0.0294171 0.1272347 0.0984102 0.1120474 0.0392493 0.0254552 0.0660175 0.0754213 0.1841448 0.0654941 0.0886106 0.0817838 0.0225395 0.1218341 0.0703056 0.0350384 0.0669968 0.0712134 0.1201687 0.0921998 0.0821198 0.0885127 0.1090534 0.1120444 0.0670391 0.1228218 0.0966541 0.1129031 0.1256282 0.1185825 0.1075682 0.0556927 0.1080166 0.1686871 0.0963507 0.1081688 0.1084283 0.1234697 0.1335588 0.1599481 0.0709822 0.1551441 0.0718309 0.1424983 0.0837182 0.1019300 0.0771655 0.0915697 0.1709214 0.0375878 0.0599940 0.0803721 0.1050158 0.1099141 0.1124205 0.0923351 0.1020354 0.1515422 0.1081096 0.0830502 0.0930358 0.0331091 0.1151745 0.0732564 0.0941222 0.0212554 0.0295322 0.0717779 0.0797176 0.0640935 0.1676795 0.0715463 0.0826887 0.1483529 0.0477560 0.0653779 0.1172873 0.0917369 0.1260993 0.0385684 0.1132259 0.0390058 
S0294         0.4745399 0.4920208 0.5691850 0.1039996 0.1309081 0.1009171 0.2955787 0.0799752 0.1015548 0.1515401 0.1454119 0.0675951 0.1466310 0.1001923 0.0804667 0.0000000 0.1456093 0.1084127 0.1146161 0.1146396 0.1135847 0.1337160 0.1095966 0.1029953 0.0532375 0.0597568 0.1249017 0.0935710 0.0911571 0.1021398 0.0844466 0.1095110 0.1210372 0.1264323 0.1280304 0.1148574 0.1279308 0.1427569 0.0775455 0.0654545 0.1371298 0.1178938 0.1377558 0.0561910 0.0555722 0.0810170 0.1041055 0.2062106 0.0776225 0.1095690 0.1148089 0.0460460 0.1396722 0.0968861 0.0600073 0.0964178 0.1019323 0.1319340 0.1039130 0.1169936 0.1005225 0.1215282 0.1015526 0.1061712 0.1402865 0.1083379 0.1359278 0.1306602 0.1376046 0.1356891 0.0425601 0.1387312 0.1911054 0.1315126 0.1286214 0.1292240 0.1254307 0.1407637 0.1916110 0.1033693 0.1957525 0.1031683 0.1431961 0.1081135 0.1163942 0.1020856 0.1223349 0.1974741 0.0662549 0.0888501 0.1057915 0.1306519 0.1223835 0.1360018 0.1259204 0.1165379 0.1691124 0.1168632 0.1128779 0.1139190 0.0657990 0.1152263 0.1005858 0.1255876 0.0252008 0.0451658 0.0868585 0.1157961 0.0907661 0.1474024 0.1070991 0.1146189 0.1663157 0.0775430 0.0970460 0.1366243 0.1222889 0.1408217 0.0672349 0.1328876 0.0726931 
S0299         0.5190556 0.5034942 0.5325019 0.1191330 0.1675696 0.1293266 0.3293288 0.1129181 0.1271249 0.0592889 0.1344529 0.1225398 0.0594717 0.1317667 0.1363558 0.1456093 0.0000000 0.1467695 0.1365764 0.1351909 0.0614500 0.1279486 0.1128618 0.1193395 0.1113102 0.1108299 0.0569403 0.1208169 0.0353949 0.1172401 0.1220852 0.0575927 0.1427142 0.0685406 0.1194788 0.1183470 0.1203812 0.0491860 0.1158854 0.1134918 0.0495861 0.0935260 0.1044802 0.0872492 0.1200303 0.0922743 0.1200137 0.2216476 0.1255577 0.1315818 0.1301083 0.0929582 0.1341462 0.1155230 0.1180430 0.1150099 0.1206920 0.1292022 0.1294072 0.0915712 0.1307275 0.0862602 0.0793196 0.1178218 0.0593447 0.1233353 0.1262232 0.1163757 0.1332752 0.1256917 0.1098675 0.1312011 0.1926710 0.1529461 0.1491520 0.1314490 0.1272601 0.1369353 0.1896366 0.1221952 0.1892820 0.0972148 0.1336934 0.1131798 0.1378148 0.1118104 0.1363722 0.1901029 0.1175424 0.1109948 0.1102240 0.0529455 0.0889256 0.0953865 0.1302269 0.0941269 0.0593071 0.1359734 0.1367982 0.1385079 0.1163601 0.1431446 0.1185990 0.1503776 0.0905083 0.0988920 0.1151426 0.1308798 0.1083551 0.1129116 0.1200384 0.1392491 0.0520948 0.0987679 0.1199845 0.0600013 0.1312203 0.1114212 0.1232833 0.1368372 0.1111457 
S0303         0.5392693 0.5268155 0.5986475 0.1132762 0.1084354 0.1168738 0.2858975 0.0906326 0.0983057 0.1659269 0.1414182 0.1004326 0.1580736 0.1110291 0.0883025 0.1084127 0.1467695 0.0000000 0.0924359 0.0149882 0.1185775 0.1330064 0.1102670 0.1049638 0.0841092 0.0919074 0.1221588 0.1243077 0.1083186 0.0895737 0.0991826 0.1147887 0.0309896 0.1238078 0.1318660 0.1228753 0.0997752 0.1399165 0.0935332 0.0883859 0.1473897 0.1141184 0.1144283 0.0726069 0.0861973 0.0761062 0.0377431 0.2004312 0.1091404 0.0564773 0.1161205 0.0784369 0.1538878 0.0927578 0.0935924 0.0878711 0.0893896 0.1516934 0.1157839 0.1125224 0.0851323 0.1109967 0.1155101 0.1022393 0.1618467 0.0485791 0.1390380 0.1538297 0.1541753 0.1465357 0.1183880 0.1405549 0.1881822 0.1296485 0.1089438 0.1187050 0.1643429 0.1736326 0.1890890 0.0908462 0.1951218 0.0893039 0.1632618 0.1006533 0.0955113 0.1232456 0.1338129 0.1945214 0.0892956 0.1120360 0.1026363 0.1310295 0.1069130 0.1183053 0.0607574 0.1236198 0.1649121 0.0801840 0.0222642 0.0249308 0.0910260 0.0936830 0.1037325 0.1361618 0.0625937 0.0795567 0.1030022 0.1301627 0.1134580 0.1528039 0.1080892 0.1204999 0.1657840 0.0973054 0.0884468 0.1383213 0.1205469 0.1357787 0.0958428 0.1376585 0.0880155 
S0308         0.5629455 0.5342350 0.5866654 0.1004598 0.1098745 0.1077906 0.3067596 0.0971179 0.0891168 0.1419871 0.1445558 0.1019054 0.1425278 0.1295964 0.1040060 0.1146161 0.1365764 0.0924359 0.0000000 0.0872292 0.1217924 0.1180438 0.1067397 0.1076619 0.0933926 0.0973765 0.1165382 0.1190161 0.0997516 0.0969135 0.0911758 0.1121298 0.0907329 0.1311020 0.1196985 0.1194530 0.1004566 0.1292574 0.0888961 0.1038303 0.1323899 0.1063658 0.1281881 0.0729484 0.0846939 0.0788361 0.0840533 0.1953567 0.1062325 0.0964520 0.1183621 0.0825291 0.1373629 0.0980688 0.0992912 0.0888138 0.0946931 0.1412997 0.1157047 0.1199766 0.0833694 0.1153578 0.0934305 0.0975363 0.1511665 0.0754016 0.1364407 0.1353742 0.1409129 0.1416916 0.0730951 0.1281079 0.1876500 0.1394003 0.1100071 0.1007296 0.1505937 0.1531075 0.1764012 0.0923834 0.1837186 0.1141331 0.1420464 0.1019513 0.0987402 0.0997426 0.1565649 0.1798066 0.0992139 0.1066664 0.0881370 0.1320280 0.1110642 0.1208299 0.1037261 0.1307872 0.1626562 0.0920397 0.0823826 0.0838635 0.1044072 0.0981938 0.0938541 0.1383948 0.0571821 0.0735325 0.1005894 0.1411578 0.0994186 0.1378486 0.1218252 0.1395553 0.1642491 0.0923684 0.0856542 0.1316751 0.1168750 0.1380587 0.1015892 0.1333392 0.0893985 
S0322         0.5611161 0.5511323 0.6431903 0.1060418 0.1021681 0.1103968 0.2983558 0.0905830 0.0830168 0.1515287 0.1302036 0.0965723 0.1436783 0.1047995 0.0831918 0.1146396 0.1351909 0.0149882 0.0872292 0.0000000 0.1067139 0.1323656 0.1129016 0.1028371 0.0802557 0.0881526 0.1176735 0.1178624 0.0999951 0.0837672 0.0965019 0.0990539 0.0266787 0.1172279 0.1279819 0.1074045 0.0945027 0.1231020 0.0874223 0.0864656 0.1422551 0.1231270 0.1019027 0.0706341 0.0818232 0.0696459 0.0451052 0.1956188 0.1092786 0.0621705 0.1153210 0.0723324 0.1498429 0.0849694 0.0898287 0.0801166 0.0816368 0.1514373 0.1074372 0.1099044 0.0792577 0.1024494 0.1144024 0.1033619 0.1461453 0.0421463 0.1341502 0.1484315 0.1530935 0.1421997 0.1291419 0.1311033 0.1783880 0.1292033 0.0939217 0.1070910 0.1511141 0.1623244 0.1818832 0.0811461 0.1878775 0.0811134 0.1601118 0.0959817 0.0811705 0.1126820 0.1287877 0.1858548 0.0884309 0.1025752 0.0998952 0.1177704 0.1029825 0.1056106 0.0671891 0.1205678 0.1592251 0.0825408 0.0211226 0.0223451 0.0890784 0.0833502 0.0981111 0.1270792 0.0599856 0.0736374 0.1027639 0.1236667 0.1068790 0.1488043 0.0999410 0.1141815 0.1533478 0.0930333 0.0786765 0.1285328 0.1152343 0.1243952 0.0883321 0.1281941 0.0823065 
S0327         0.5095688 0.4919816 0.6100437 0.0912976 0.1463288 0.1003100 0.2679336 0.0762433 0.0787794 0.0517937 0.0961880 0.0892547 0.0558412 0.0924758 0.0888404 0.1135847 0.0614500 0.1185775 0.1217924 0.1067139 0.0000000 0.1011046 0.1080954 0.1086296 0.0759924 0.0765292 0.0361859 0.0976301 0.0174107 0.0786563 0.0960816 0.0301478 0.1077394 0.0457562 0.1048131 0.1027364 0.1092141 0.0429187 0.0893601 0.0785606 0.0507980 0.0475982 0.0628004 0.0607449 0.0802734 0.0547387 0.0896412 0.1734154 0.0942422 0.1133447 0.0999859 0.0651286 0.1228651 0.0785210 0.0839540 0.0719281 0.0788477 0.1188141 0.0769813 0.0506555 0.1065125 0.0525151 0.0486318 0.0853028 0.0429855 0.1057295 0.1096530 0.1091917 0.1197147 0.1072040 0.0986487 0.0968607 0.1627850 0.1107839 0.1178592 0.1038485 0.1243417 0.1380419 0.1528074 0.0767745 0.1524921 0.0556538 0.1280512 0.0864423 0.1033453 0.0887091 0.1079179 0.1508294 0.0815166 0.0798449 0.0833895 0.0287415 0.0510565 0.0582127 0.1123633 0.0572763 0.0654058 0.1048808 0.1010338 0.1088046 0.0807281 0.1211317 0.0976017 0.1069791 0.0633874 0.0690501 0.0873971 0.0979435 0.0872065 0.0885011 0.0843359 0.0961244 0.0648446 0.0679834 0.0723408 0.0445928 0.0876388 0.0674951 0.0861151 0.1016810 0.0724962 
S0335         0.5309333 0.5339591 0.6530069 0.0572993 0.0336247 0.0947497 0.2506777 0.0776135 0.1068217 0.1247821 0.1185333 0.0954070 0.1241238 0.0814556 0.1014466 0.1337160 0.1279486 0.1330064 0.1180438 0.1323656 0.1011046 0.0000000 0.0680732 0.1296289 0.0806635 0.0865501 0.1052854 0.0994501 0.0862167 0.1121114 0.1078549 0.1041123 0.1373130 0.1131281 0.0724675 0.1201484 0.1479727 0.1093103 0.1023379 0.0778139 0.1207804 0.1034528 0.1087570 0.0628938 0.0657811 0.0884182 0.1061672 0.1760269 0.0959730 0.1203467 0.0939042 0.0698357 0.0843826 0.1048927 0.0886413 0.0983207 0.1097261 0.0877048 0.1163375 0.1043468 0.1142581 0.1042514 0.0942131 0.0626694 0.1053995 0.1255582 0.0866902 0.0877994 0.0918266 0.0836160 0.1168374 0.1244585 0.1583062 0.1105870 0.1358129 0.1274377 0.0843978 0.1023680 0.1559893 0.1053379 0.1596395 0.0763748 0.0998300 0.0717732 0.1235597 0.0902496 0.0885806 0.1614692 0.0814339 0.1073209 0.0613580 0.1077377 0.1000645 0.1079092 0.1211798 0.1090808 0.1277372 0.1248038 0.1309819 0.1322085 0.0874960 0.1369954 0.0408426 0.0842267 0.0520612 0.0737779 0.0889524 0.0753121 0.0936750 0.1317257 0.0687203 0.0830678 0.1335619 0.0932241 0.0989114 0.1101736 0.1069420 0.1264025 0.0915317 0.1283655 0.0829675 
S0345         0.6758818 0.5564129 0.6597277 0.0688504 0.0798035 0.1231994 0.2204683 0.0791012 0.0870902 0.1155619 0.1288589 0.0822358 0.1271502 0.0800874 0.0852478 0.1095966 0.1128618 0.1102670 0.1067397 0.1129016 0.1080954 0.0680732 0.0000000 0.1273207 0.0702394 0.0788567 0.0923425 0.0896920 0.0638587 0.1038443 0.0918107 0.1067059 0.1108362 0.0849329 0.0792305 0.0987663 0.1544254 0.1052629 0.0819095 0.0758957 0.1160602 0.0925821 0.0948043 0.0707816 0.0706511 0.0663835 0.0751051 0.1999304 0.1044864 0.1052441 0.1242332 0.0607148 0.0915665 0.0895719 0.0776402 0.0869735 0.0983492 0.0959424 0.1061223 0.0890590 0.0762040 0.0952395 0.0958234 0.0880493 0.1487021 0.1062545 0.1021077 0.1180338 0.1071474 0.1022056 0.1008091 0.1149518 0.1912011 0.1046823 0.1396211 0.1238295 0.1115811 0.1261511 0.1655636 0.0887009 0.1668584 0.0768770 0.1137596 0.0784255 0.1276069 0.1033069 0.1079203 0.1821323 0.0666511 0.0855642 0.0741808 0.1111299 0.0996622 0.1021652 0.1269072 0.0829148 0.1272711 0.1244769 0.1004612 0.1202979 0.0789149 0.1122267 0.0398798 0.1042647 0.0531251 0.0559241 0.0891786 0.0919374 0.1074951 0.0990325 0.0921451 0.0969937 0.1198358 0.0799478 0.0875217 0.0855767 0.1160525 0.1214332 0.0891856 0.1205824 0.0786881 
S0376         0.5974763 0.5306856 0.6611938 0.1005223 0.1423944 0.0969909 0.2747211 0.0727405 0.1036316 0.1528444 0.1335906 0.0929639 0.1426436 0.1028321 0.0819720 0.1029953 0.1193395 0.1049638 0.1076619 0.1028371 0.1086296 0.1296289 0.1273207 0.0000000 0.0739883 0.0735296 0.0965443 0.0982209 0.0862415 0.0948990 0.0462551 0.1117437 0.1016580 0.1106936 0.1342802 0.1035144 0.1202547 0.1409156 0.0870525 0.0793418 0.1300041 0.1311222 0.1217455 0.0585191 0.0842694 0.0801791 0.0907188 0.1899505 0.0854394 0.0957164 0.0869063 0.0626327 0.1483515 0.0967452 0.0855782 0.0960558 0.0976001 0.1382443 0.1074814 0.1179782 0.0977198 0.1142869 0.1290981 0.0952868 0.1389460 0.0930301 0.1367258 0.1354502 0.1528141 0.1328800 0.0798924 0.1223081 0.1937315 0.1353131 0.1257704 0.1175986 0.1338960 0.1390044 0.1662320 0.0952086 0.1748805 0.1160269 0.1482711 0.1023100 0.1173647 0.1002560 0.1211891 0.1714117 0.0830173 0.0885709 0.0817463 0.1253617 0.1173974 0.1221741 0.1078676 0.1330541 0.1592672 0.1023781 0.0933338 0.1005356 0.0797809 0.1152649 0.1049055 0.1105368 0.0510731 0.0613971 0.0791365 0.1096276 0.0930595 0.1837397 0.0908214 0.1063074 0.1621824 0.0822866 0.0927928 0.1281595 0.1042713 0.1376841 0.0859486 0.1186271 0.0756943 
S0400         0.4792013 0.4841798 0.5912442 0.0623444 0.0968112 0.0633769 0.2128317 0.0392261 0.0664790 0.1179349 0.1001890 0.0206290 0.1117403 0.0610315 0.0293223 0.0532375 0.1113102 0.0841092 0.0933926 0.0802557 0.0759924 0.0806635 0.0702394 0.0739883 0.0000000 0.0162900 0.0851166 0.0467206 0.0622604 0.0614677 0.0597245 0.0773494 0.0903289 0.0969937 0.0895706 0.0806283 0.1033462 0.1027833 0.0438859 0.0177535 0.1053175 0.0814903 0.0925422 0.0217400 0.0075119 0.0564453 0.0680178 0.1651814 0.0528687 0.0760470 0.0818583 0.0054351 0.1022744 0.0574690 0.0163210 0.0547485 0.0595788 0.1000619 0.0812825 0.0776238 0.0845459 0.0809061 0.0875493 0.0614048 0.0999202 0.0805612 0.0980235 0.1007189 0.1054282 0.0921668 0.0317671 0.1003934 0.1483465 0.0832762 0.0908787 0.0978252 0.1014265 0.1101174 0.1420026 0.0593253 0.1459380 0.0604368 0.1115012 0.0654798 0.0803714 0.0535634 0.0824406 0.1469220 0.0149530 0.0523802 0.0595123 0.0861650 0.0833592 0.0875401 0.0831842 0.0871218 0.1321547 0.0879909 0.0824803 0.0836253 0.0178358 0.0961818 0.0589408 0.0825371 0.0047828 0.0108523 0.0560861 0.0713521 0.0504681 0.1199687 0.0578936 0.0644745 0.1218541 0.0409294 0.0550748 0.0947491 0.0813669 0.1052020 0.0191091 0.0999139 0.0235549 
S0405         0.4936431 0.4733829 0.6307614 0.0694954 0.1040727 0.0706585 0.2193817 0.0409523 0.0709641 0.1224020 0.1044403 0.0297540 0.1122703 0.0717520 0.0255972 0.0597568 0.1108299 0.0919074 0.0973765 0.0881526 0.0765292 0.0865501 0.0788567 0.0735296 0.0162900 0.0000000 0.0894255 0.0534700 0.0639395 0.0685021 0.0633537 0.0778861 0.0925720 0.1012298 0.0974683 0.0810135 0.1097180 0.1013432 0.0504046 0.0148798 0.1078828 0.0854402 0.0984315 0.0279167 0.0139365 0.0618580 0.0775248 0.1690118 0.0563948 0.0834656 0.0822716 0.0096033 0.1105069 0.0643554 0.0220625 0.0615110 0.0665560 0.1082311 0.0833772 0.0815111 0.0849409 0.0883840 0.0901868 0.0650552 0.1013977 0.0863307 0.1063789 0.1031642 0.1140575 0.0975177 0.0428472 0.1047189 0.1575360 0.0867420 0.0950741 0.1013269 0.1019101 0.1106500 0.1445899 0.0662716 0.1512534 0.0647230 0.1122809 0.0692172 0.0843947 0.0570471 0.0883244 0.1495497 0.0208523 0.0558760 0.0631292 0.0902106 0.0909412 0.0952393 0.0890654 0.0913480 0.1309062 0.0977623 0.0846911 0.0876905 0.0177459 0.1003537 0.0660199 0.0876909 0.0113130 0.0094708 0.0615659 0.0751958 0.0539219 0.1255067 0.0649085 0.0717058 0.1266755 0.0442554 0.0618813 0.0950491 0.0873166 0.1037751 0.0279073 0.1081933 0.0236681 
S0407sl       0.5112312 0.4690759 0.5578426 0.0913852 0.1222608 0.1076953 0.2452647 0.0910023 0.0749975 0.0536757 0.1196798 0.0950292 0.0525800 0.1027777 0.0926853 0.1249017 0.0569403 0.1221588 0.1165382 0.1176735 0.0361859 0.1052854 0.0923425 0.0965443 0.0851166 0.0894255 0.0000000 0.1130792 0.0167249 0.0841190 0.0917881 0.0402553 0.1170772 0.0554941 0.1093413 0.1014042 0.1067243 0.0399081 0.0904417 0.0898911 0.0533677 0.0673244 0.0724531 0.0705963 0.0873837 0.0615818 0.0943142 0.1900332 0.1089677 0.1106394 0.1041099 0.0691103 0.1273513 0.0816427 0.0935908 0.0767887 0.0843373 0.1217954 0.0918555 0.0584452 0.1073843 0.0666145 0.0582579 0.0943368 0.0410092 0.1083254 0.1176662 0.1004740 0.1334295 0.1249290 0.0944328 0.1050912 0.1737537 0.1204515 0.1231149 0.1103919 0.1138436 0.1240272 0.1584091 0.0840517 0.1634483 0.0700372 0.1261382 0.0975085 0.1121441 0.1091606 0.1179324 0.1625437 0.0904433 0.0853527 0.0847558 0.0352695 0.0650800 0.0729550 0.1086329 0.0728626 0.0718026 0.0978565 0.1121994 0.1130105 0.0925198 0.1244087 0.1003305 0.1211689 0.0650198 0.0751786 0.0907168 0.1023791 0.1096769 0.0981242 0.0924970 0.1050169 0.0694113 0.0718971 0.0811814 0.0291274 0.1019743 0.0822290 0.0940155 0.1129940 0.0849721 
S0412sl       0.4872034 0.4934956 0.5974284 0.0810285 0.1391352 0.0793838 0.2697233 0.0586264 0.0968085 0.1314662 0.1247912 0.0612348 0.1305716 0.0820970 0.0616570 0.0935710 0.1208169 0.1243077 0.1190161 0.1178624 0.0976301 0.0994501 0.0896920 0.0982209 0.0467206 0.0534700 0.1130792 0.0000000 0.0783831 0.0881172 0.0812683 0.0938293 0.1204624 0.1094734 0.1077503 0.0976106 0.1272574 0.1193184 0.0741231 0.0553745 0.1162679 0.1044394 0.0984862 0.0366153 0.0506825 0.0782002 0.1068862 0.1983271 0.0631986 0.1004834 0.1069202 0.0365148 0.1143958 0.0856114 0.0518085 0.0866765 0.0900155 0.1272804 0.1007255 0.0962926 0.0921068 0.0900389 0.0936707 0.0857517 0.1168915 0.1069962 0.1064722 0.1092684 0.1152411 0.1086763 0.0679977 0.1211668 0.1607854 0.1067910 0.1191976 0.0999155 0.1114967 0.1198691 0.1723515 0.0859413 0.1815215 0.0827299 0.1160185 0.0847786 0.1073430 0.0778069 0.0996075 0.1686668 0.0527097 0.0743934 0.0743996 0.1101767 0.0926569 0.0970452 0.1155627 0.1055062 0.1359067 0.1222058 0.1071294 0.1150791 0.0516896 0.1136639 0.0721459 0.0980252 0.0319423 0.0407871 0.0766388 0.0894710 0.0772057 0.1332028 0.0803904 0.0755729 0.1421854 0.0669502 0.0815237 0.1248056 0.1054999 0.1115307 0.0604533 0.1229459 0.0554561 
S0417         0.4916141 0.4485752 0.5728519 0.0739155 0.0869655 0.0865807 0.2512324 0.0629396 0.0684823 0.0335433 0.0885772 0.0727433 0.0359492 0.0804938 0.0712094 0.0911571 0.0353949 0.1083186 0.0997516 0.0999951 0.0174107 0.0862167 0.0638587 0.0862415 0.0622604 0.0639395 0.0167249 0.0783831 0.0000000 0.0645546 0.0802258 0.0182160 0.1056452 0.0343066 0.0916272 0.0829726 0.0935089 0.0268381 0.0747687 0.0642364 0.0341610 0.0435472 0.0599023 0.0519725 0.0624222 0.0495938 0.0801189 0.1629424 0.0784455 0.0929863 0.0853606 0.0513733 0.1095220 0.0664088 0.0678631 0.0616386 0.0666864 0.0973473 0.0775087 0.0409917 0.0850098 0.0496633 0.0385833 0.0722493 0.0287060 0.0887552 0.0879769 0.0818231 0.1032453 0.0923610 0.0884900 0.0854883 0.1447969 0.1057496 0.1012402 0.0926962 0.0978590 0.1103801 0.1389694 0.0661032 0.1355007 0.0436441 0.1009960 0.0753505 0.0917263 0.0738702 0.0889605 0.1419444 0.0667744 0.0618050 0.0708997 0.0154873 0.0481900 0.0519197 0.0955462 0.0479514 0.0473605 0.0921518 0.0982963 0.1016064 0.0664413 0.0945517 0.0790564 0.0902142 0.0504660 0.0587337 0.0676563 0.0858706 0.0781738 0.0722090 0.0703068 0.0840784 0.0482434 0.0503739 0.0655846 0.0238337 0.0789461 0.0625817 0.0718282 0.0882404 0.0621678 
S0419         0.5571743 0.5127700 0.6250636 0.0775155 0.1085734 0.0820616 0.2536516 0.0678626 0.0159851 0.1238070 0.0925378 0.0769010 0.1186309 0.0835349 0.0759728 0.1021398 0.1172401 0.0895737 0.0969135 0.0837672 0.0786563 0.1121114 0.1038443 0.0948990 0.0614677 0.0685021 0.0841190 0.0881172 0.0645546 0.0000000 0.0814867 0.0787516 0.0783467 0.1063508 0.1091600 0.0914314 0.0988579 0.0984916 0.0826280 0.0705442 0.1071103 0.0846789 0.0936417 0.0363230 0.0655056 0.0286448 0.0749998 0.1997369 0.0754910 0.0725648 0.0707210 0.0544988 0.1297952 0.0107897 0.0686749 0.0067456 0.0080349 0.1200614 0.0509101 0.0813559 0.0863254 0.0779796 0.0877586 0.0715431 0.1097468 0.0808438 0.1162764 0.1043344 0.1259768 0.1145614 0.0774311 0.0850932 0.1807401 0.0787467 0.0860802 0.0832485 0.1326171 0.1366375 0.1772394 0.0094139 0.1790045 0.0708461 0.1238755 0.0789559 0.0774864 0.0886133 0.0891335 0.1836332 0.0714046 0.0736779 0.0725307 0.0942591 0.0765668 0.0843517 0.0847085 0.0970356 0.1331500 0.0840778 0.0783336 0.0797415 0.0692924 0.0920872 0.0838943 0.1098194 0.0491096 0.0571970 0.0759841 0.0920743 0.0779737 0.1149771 0.0808171 0.0873455 0.1251650 0.0627128 0.0054030 0.0868213 0.0618348 0.0978533 0.0723401 0.0783076 0.0540998 
S0427         0.5472033 0.5254685 0.6533465 0.0812425 0.1217096 0.0819136 0.2798155 0.0673234 0.0820028 0.1288406 0.1202111 0.0712559 0.1295035 0.0877341 0.0697620 0.0844466 0.1220852 0.0991826 0.0911758 0.0965019 0.0960816 0.1078549 0.0918107 0.0462551 0.0597245 0.0633537 0.0917881 0.0812683 0.0802258 0.0814867 0.0000000 0.0886732 0.0992317 0.1082461 0.1085397 0.0968537 0.1120783 0.1215566 0.0660555 0.0631394 0.1192553 0.1068679 0.1138662 0.0469627 0.0556535 0.0666102 0.0804773 0.1881564 0.0714547 0.0855128 0.0863850 0.0441842 0.1115259 0.0787574 0.0668902 0.0779385 0.0794225 0.1093067 0.0856337 0.1079070 0.0902979 0.1047468 0.0990430 0.0741950 0.1383891 0.0814685 0.1078966 0.1144697 0.1219045 0.1135577 0.0573557 0.1106447 0.1838625 0.1146031 0.1073452 0.0918018 0.1065996 0.1152103 0.1653650 0.0772886 0.1672420 0.0950248 0.1273372 0.0792548 0.0980856 0.0890931 0.1074829 0.1708239 0.0661455 0.0708184 0.0781766 0.1104057 0.1049938 0.1143570 0.1058769 0.1162396 0.1506858 0.1035286 0.0931137 0.0959114 0.0691092 0.0985341 0.0785528 0.1013903 0.0312418 0.0484565 0.0777134 0.0892304 0.0806859 0.1380458 0.0821138 0.0913371 0.1373949 0.0666250 0.0748455 0.1156607 0.0872562 0.1237862 0.0669429 0.1077640 0.0576937 
S0428sl       0.5508620 0.4945493 0.7226697 0.0944145 0.1318175 0.0995107 0.2898071 0.0724472 0.0808082 0.0530635 0.1032543 0.0943341 0.0469687 0.1019920 0.0888612 0.1095110 0.0575927 0.1147887 0.1121298 0.0990539 0.0301478 0.1041123 0.1067059 0.1117437 0.0773494 0.0778861 0.0402553 0.0938293 0.0182160 0.0787516 0.0886732 0.0000000 0.1026158 0.0561499 0.1008934 0.0833363 0.1187511 0.0431346 0.0830070 0.0740488 0.0546035 0.0588700 0.0814481 0.0575380 0.0820811 0.0541748 0.0757110 0.1580879 0.0920282 0.0940800 0.1070140 0.0645871 0.1140070 0.0764056 0.0858852 0.0668997 0.0761573 0.1144858 0.0786759 0.0601077 0.0893401 0.0731129 0.0502321 0.0844077 0.0554837 0.0882912 0.1083285 0.0983719 0.1040599 0.0996016 0.1205310 0.0998649 0.1560375 0.1200352 0.1063282 0.0941677 0.1113992 0.1217581 0.1331725 0.0714176 0.1331604 0.0658989 0.1162527 0.0933534 0.0984355 0.0902341 0.1154330 0.1448557 0.0856767 0.0687102 0.0795161 0.0423545 0.0689289 0.0655735 0.1021670 0.0554071 0.0582087 0.1089084 0.0973607 0.1046378 0.0826805 0.1078054 0.0954189 0.1180399 0.0644260 0.0671928 0.0786857 0.1042818 0.0821396 0.1046488 0.0997262 0.1062360 0.0586881 0.0619091 0.0714228 0.0453351 0.0950776 0.0849745 0.0902615 0.1002000 0.0709113 
