39
CRNC        0.0000000 0.6019569 0.6584710 0.5810489 0.6994394 0.5735774 0.5464121 0.5752219 0.5441156 0.6319831 0.6116893 0.7049714 0.5976998 0.5865823 0.6359516 0.5813599 0.6000066 0.5911753 0.5493499 0.6604285 0.6478230 0.5396558 0.5078565 0.5787219 0.5815167 0.6861531 0.5946238 0.5753640 0.5978555 0.4815474 0.5569470 0.5388498 0.6288948 0.5552883 0.5690565 0.6470705 0.5249527 0.5935833 0.6684900 
HYZL        0.6019569 0.0000000 0.2319175 0.5654409 0.6147070 0.4568105 0.5117447 0.4303575 0.5109818 0.5865040 0.5381544 0.5125744 0.5047825 0.4518500 0.4652451 0.4907023 0.4630301 0.5388424 0.5401703 0.5641516 0.5864294 0.5986757 0.5842952 0.5460805 0.4489899 0.6048181 0.4595812 0.4579768 0.5311263 0.4870072 0.5268338 0.5246237 0.5117095 0.5696860 0.4513137 0.5705616 0.4357720 0.5181468 0.5216123 
MYZV        0.6584710 0.2319175 0.0000000 0.6823399 0.6637480 0.5727521 0.6030871 0.5420197 0.5871332 0.5993744 0.6066526 0.5445713 0.5760869 0.5705175 0.5427331 0.6132647 0.5490099 0.6010165 0.6082216 0.6765821 0.6694141 0.5757767 0.5788467 0.4883661 0.5192734 0.6160069 0.5506457 0.5796857 0.6458379 0.4435395 0.6357675 0.6179325 0.5087058 0.6365819 0.5679314 0.6525377 0.5641462 0.5716170 0.5680962 
SRR6441723  0.5810489 0.5654409 0.6823399 0.0000000 0.0341612 0.0821443 0.0789391 0.0893289 0.1071740 0.1346840 0.0958159 0.1503725 0.1124907 0.1011028 0.1109060 0.0943328 0.1364740 0.1277997 0.1155493 0.1903571 0.2095148 0.1455203 0.1552722 0.0956444 0.0884846 0.0789123 0.0913835 0.0614119 0.1240713 0.1119561 0.0731949 0.1017890 0.1184407 0.2140545 0.0773092 0.2020694 0.0962619 0.0837356 0.0845876 
ERR4210213  0.6994394 0.6147070 0.6637480 0.0341612 0.0000000 0.0454213 0.0711433 0.0454213 0.0843752 0.1317536 0.0720856 0.1471594 0.0977541 0.0862648 0.1158049 0.0577267 0.1304798 0.0981018 0.0843752 0.1436910 0.2342758 0.1478278 0.1497437 0.1163241 0.0455335 0.0453097 0.0638068 0.0470675 0.1357576 0.1074444 0.1038748 0.0851426 0.1233739 0.2342758 0.0459133 0.2163693 0.0864964 0.0710977 0.0461118 
S0282       0.5735774 0.4568105 0.5727521 0.0821443 0.0454213 0.0000000 0.0773417 0.0234627 0.0643588 0.1109407 0.0591642 0.1189517 0.0637045 0.0332307 0.0607433 0.0184654 0.0716204 0.0760667 0.0710387 0.1053353 0.1612055 0.0844461 0.0918677 0.0825062 0.0232498 0.1081854 0.0150420 0.0046598 0.0722684 0.0676013 0.0774189 0.0538441 0.0668457 0.1529885 0.0000021 0.1544999 0.0386314 0.0485070 0.1141724 
S0335       0.5464121 0.5117447 0.6030871 0.0789391 0.0711433 0.0773417 0.0000000 0.0844450 0.0903235 0.1421997 0.0848103 0.1306721 0.1013462 0.0962006 0.0867343 0.0894775 0.1246120 0.1017267 0.0905988 0.1642562 0.1889808 0.1051226 0.1134198 0.0737866 0.0836398 0.0799573 0.0860797 0.0686317 0.1171888 0.1009030 0.0670362 0.0894021 0.0936977 0.1725205 0.0724690 0.1817412 0.0913211 0.0729566 0.0857060 
S0405       0.5752219 0.4303575 0.5420197 0.0893289 0.0454213 0.0234627 0.0844450 0.0000000 0.0708947 0.1048462 0.0655597 0.1273690 0.0701598 0.0388287 0.0673521 0.0334886 0.0785355 0.0830254 0.0778903 0.1132285 0.1711444 0.0918677 0.0996409 0.0897225 0.0285166 0.1163473 0.0203743 0.0143772 0.0792645 0.0745481 0.0845287 0.0600798 0.0737015 0.1633728 0.0188327 0.1642256 0.0444457 0.0545669 0.1225163 
S0552sl     0.5441156 0.5109818 0.5871332 0.1071740 0.0843752 0.0643588 0.0903235 0.0708947 0.0000000 0.1110445 0.0756059 0.1066296 0.0801447 0.0764919 0.0719667 0.0757557 0.0668923 0.0483091 0.0139029 0.1192128 0.1544014 0.0497214 0.0559402 0.0883743 0.0702351 0.0958511 0.0653331 0.0557007 0.1074428 0.0987173 0.0775082 0.0823984 0.0725843 0.1458118 0.0596289 0.1477785 0.0772699 0.0644593 0.1160056 
S0558       0.6319831 0.5865040 0.5993744 0.1346840 0.1317536 0.1109407 0.1421997 0.1048462 0.1110445 0.0000000 0.0653250 0.1644977 0.0809009 0.0931778 0.1316415 0.1240579 0.1203918 0.1126328 0.1193996 0.1609731 0.1815855 0.1333181 0.1356159 0.1363977 0.1178550 0.1657590 0.1085857 0.0909360 0.1150289 0.1115110 0.1205883 0.1072783 0.1320424 0.1666639 0.1060939 0.1746511 0.1074660 0.0650623 0.1650784 
S0689       0.6116893 0.5381544 0.6066526 0.0958159 0.0720856 0.0591642 0.0848103 0.0655597 0.0756059 0.0653250 0.0000000 0.1196727 0.0330778 0.0654169 0.0721903 0.0704136 0.0904604 0.0764998 0.0826910 0.1200573 0.1392988 0.0967892 0.1046474 0.0945471 0.0649494 0.1087561 0.0591311 0.0451179 0.0780620 0.0748593 0.0835418 0.0659540 0.0785898 0.1228902 0.0544329 0.1329218 0.0606863 0.0092405 0.1169788 
S0720       0.7049714 0.5125744 0.5445713 0.1503725 0.1471594 0.1189517 0.1306721 0.1273690 0.1066296 0.1644977 0.1196727 0.0000000 0.1240517 0.1338956 0.0498696 0.1325625 0.1286604 0.1267701 0.1080121 0.1838206 0.0826571 0.1142273 0.1165166 0.1327246 0.1261497 0.1403146 0.1259810 0.1108638 0.1413419 0.1115106 0.1158301 0.1218846 0.0502840 0.0770192 0.1140218 0.0770405 0.1284576 0.1069419 0.1398655 
S0742       0.5976998 0.5047825 0.5760869 0.1124907 0.0977541 0.0637045 0.1013462 0.0701598 0.0801447 0.0809009 0.0330778 0.1240517 0.0000000 0.0700099 0.0768579 0.0749748 0.0951482 0.0810864 0.0873003 0.1372879 0.1600356 0.1014801 0.1093976 0.0874453 0.0695143 0.1344283 0.0705229 0.0498204 0.0827315 0.0735512 0.0996927 0.0930587 0.0832915 0.1443141 0.0590183 0.1533837 0.0597514 0.0232505 0.1277096 
S0756       0.5865823 0.4518500 0.5705175 0.1011028 0.0862648 0.0332307 0.0962006 0.0388287 0.0764919 0.0931778 0.0654169 0.1338956 0.0700099 0.0000000 0.0786943 0.0435664 0.0727616 0.0888444 0.0836786 0.0890702 0.1567467 0.0979743 0.0996317 0.1015380 0.0384706 0.1227870 0.0310234 0.0242483 0.0667369 0.0687004 0.0843395 0.0599448 0.0789237 0.1338196 0.0285801 0.1500149 0.0390537 0.0544466 0.1354111 
S0760       0.6359516 0.4652451 0.5427331 0.1109060 0.1158049 0.0607433 0.0867343 0.0673521 0.0719667 0.1316415 0.0721903 0.0498696 0.0768579 0.0786943 0.0000000 0.0723368 0.0916147 0.0843287 0.0791076 0.1423547 0.0852270 0.0858585 0.0934492 0.0783157 0.0667092 0.1271838 0.0674864 0.0517959 0.0975370 0.0871597 0.0913733 0.0852448 0.0047252 0.0732079 0.0558891 0.0794221 0.0738213 0.0608390 0.1336862 
S0763       0.5813599 0.4907023 0.6132647 0.0943328 0.0577267 0.0184654 0.0894775 0.0334886 0.0757557 0.1240579 0.0704136 0.1325625 0.0749748 0.0435664 0.0723368 0.0000000 0.0835383 0.0879790 0.0828588 0.1183112 0.1765854 0.0969923 0.1048713 0.0947412 0.0331822 0.1215539 0.0255973 0.0191172 0.0843136 0.0796494 0.0895640 0.0649139 0.0787517 0.1618388 0.0138926 0.1696454 0.0492489 0.0593695 0.1277398 
S0771       0.6000066 0.4630301 0.5490099 0.1364740 0.1304798 0.0716204 0.1246120 0.0785355 0.0668923 0.1203918 0.0904604 0.1286604 0.0951482 0.0727616 0.0916147 0.0835383 0.0000000 0.0910115 0.0739014 0.1353170 0.1728544 0.0676835 0.0746179 0.1087712 0.0777882 0.1466556 0.0666152 0.0628469 0.1059102 0.0880979 0.1120217 0.0905554 0.0924403 0.1574236 0.0667649 0.1658555 0.0735171 0.0784795 0.1375340 
S0959       0.5911753 0.5388424 0.6010165 0.1277997 0.0981018 0.0760667 0.1017267 0.0830254 0.0483091 0.1126328 0.0764998 0.1267701 0.0810864 0.0888444 0.0843287 0.0879790 0.0910115 0.0000000 0.0384057 0.1470724 0.1542212 0.0657059 0.0723966 0.1135868 0.0822453 0.1220069 0.0716476 0.0619149 0.1087987 0.0933415 0.0945771 0.0822215 0.0850724 0.1382118 0.0712677 0.1476066 0.0897639 0.0652076 0.1513522 
S0960       0.5493499 0.5401703 0.6082216 0.1155493 0.0843752 0.0710387 0.0905988 0.0778903 0.0139029 0.1193996 0.0826910 0.1080121 0.0873003 0.0836786 0.0791076 0.0828588 0.0739014 0.0384057 0.0000000 0.1273129 0.1646507 0.0560640 0.0625895 0.0960090 0.0771533 0.1038752 0.0661799 0.0623174 0.1158430 0.1008534 0.0848167 0.0898123 0.0798043 0.1470729 0.0662164 0.1577848 0.0845479 0.0708023 0.1182795 
S1052sl     0.6604285 0.5641516 0.6765821 0.1903571 0.1436910 0.1053353 0.1642562 0.1132285 0.1192128 0.1609731 0.1200573 0.1838206 0.1372879 0.0890702 0.1423547 0.1183112 0.1353170 0.1470724 0.1273129 0.0000000 0.2209350 0.1358515 0.1310476 0.1417300 0.0987505 0.2038246 0.1034017 0.0971249 0.1292631 0.1463317 0.1652149 0.1306444 0.1437156 0.1981917 0.1004753 0.2132508 0.1004164 0.1183304 0.1804175 
S1083       0.6478230 0.5864294 0.6694141 0.2095148 0.2342758 0.1612055 0.1889808 0.1711444 0.1544014 0.1815855 0.1392988 0.0826571 0.1600356 0.1567467 0.0852270 0.1765854 0.1728544 0.1542212 0.1646507 0.2209350 0.0000000 0.1403102 0.1364218 0.1771133 0.1694738 0.2112056 0.1412009 0.1457017 0.1662451 0.1310521 0.1776754 0.1554274 0.0800087 0.0000028 0.1561700 0.0044488 0.1726845 0.1414031 0.2147000 
S1128       0.5396558 0.5986757 0.5757767 0.1455203 0.1478278 0.0844461 0.1051226 0.0918677 0.0497214 0.1333181 0.0967892 0.1142273 0.1014801 0.0979743 0.0858585 0.0969923 0.0676835 0.0657059 0.0560640 0.1358515 0.1403102 0.0000000 0.0045736 0.1027688 0.0837030 0.1330281 0.0804010 0.0757172 0.1234478 0.0951767 0.0976877 0.0967276 0.0806116 0.1310257 0.0794969 0.1338941 0.0990222 0.0845953 0.1562785 
S1129sl     0.5078565 0.5842952 0.5788467 0.1552722 0.1497437 0.0918677 0.1134198 0.0996409 0.0559402 0.1356159 0.1046474 0.1165166 0.1093976 0.0996317 0.0934492 0.1048713 0.0746179 0.0723966 0.0625895 0.1310476 0.1364218 0.0045736 0.0000000 0.1108215 0.0910443 0.1423996 0.0878960 0.0831164 0.1186116 0.1033249 0.0984876 0.0975111 0.0880898 0.1267727 0.0868342 0.1299497 0.0998437 0.0920378 0.1566504 
S1201sl     0.5787219 0.5460805 0.4883661 0.0956444 0.1163241 0.0825062 0.0737866 0.0897225 0.0883743 0.1363977 0.0945471 0.1327246 0.0874453 0.1015380 0.0783157 0.0947412 0.1087712 0.1135868 0.0960090 0.1417300 0.1771133 0.1027688 0.1108215 0.0000000 0.0888721 0.0968640 0.0792126 0.0739236 0.1223592 0.1001080 0.0896080 0.1144597 0.0789992 0.1697298 0.0776563 0.1701578 0.0904573 0.0826480 0.1027568 
S1227       0.5815167 0.4489899 0.5192734 0.0884846 0.0455335 0.0232498 0.0836398 0.0285166 0.0702351 0.1178550 0.0649494 0.1261497 0.0695143 0.0384706 0.0667092 0.0331822 0.0777882 0.0822453 0.0771533 0.0987505 0.1694738 0.0837030 0.0910443 0.0888721 0.0000000 0.1152229 0.0202217 0.0142427 0.0785037 0.0738230 0.0837222 0.0595201 0.0729915 0.1616633 0.0186603 0.1626222 0.0440302 0.0540614 0.1213330 
S1332       0.6861531 0.6048181 0.6160069 0.0789123 0.0453097 0.1081854 0.0799573 0.1163473 0.0958511 0.1657590 0.1087561 0.1403146 0.1344283 0.1227870 0.1271838 0.1215539 0.1466556 0.1220069 0.1038752 0.2038246 0.2112056 0.1330281 0.1423996 0.0968640 0.1152229 0.0000000 0.0988017 0.0929859 0.1692243 0.1439808 0.0869092 0.1169198 0.1215063 0.2073619 0.1032132 0.2036967 0.1241151 0.1039464 0.0614353 
S1369       0.5946238 0.4595812 0.5506457 0.0913835 0.0638068 0.0150420 0.0860797 0.0203743 0.0653331 0.1085857 0.0591311 0.1259810 0.0705229 0.0310234 0.0674864 0.0255973 0.0666152 0.0716476 0.0661799 0.1034017 0.1412009 0.0804010 0.0878960 0.0792126 0.0202217 0.0988017 0.0000000 0.0103333 0.0804462 0.0623796 0.0797943 0.0537731 0.0674916 0.1390074 0.0100629 0.1412009 0.0427080 0.0536483 0.1277863 
S1370       0.5753640 0.4579768 0.5796857 0.0614119 0.0470675 0.0046598 0.0686317 0.0143772 0.0557007 0.0909360 0.0451179 0.1108638 0.0498204 0.0242483 0.0517959 0.0191172 0.0628469 0.0619149 0.0623174 0.0971249 0.1457017 0.0757172 0.0831164 0.0739236 0.0142427 0.0929859 0.0103333 0.0000000 0.0577954 0.0585747 0.0687045 0.0450421 0.0579000 0.1439616 0.0046813 0.1390025 0.0296141 0.0345085 0.0989599 
S1375       0.5978555 0.5311263 0.6458379 0.1240713 0.1357576 0.0722684 0.1171888 0.0792645 0.1074428 0.1150289 0.0780620 0.1413419 0.0827315 0.0667369 0.0975370 0.0843136 0.1059102 0.1087987 0.1158430 0.1292631 0.1662451 0.1234478 0.1186116 0.1223592 0.0785037 0.1692243 0.0804462 0.0577954 0.0000000 0.1006967 0.1151738 0.1017697 0.1046848 0.1502821 0.0673700 0.1593228 0.0728329 0.0665211 0.1619059 
S1381       0.4815474 0.4870072 0.4435395 0.1119561 0.1074444 0.0676013 0.1009030 0.0745481 0.0987173 0.1115110 0.0748593 0.1115106 0.0735512 0.0687004 0.0871597 0.0796494 0.0880979 0.0933415 0.1008534 0.1463317 0.1310521 0.0951767 0.1033249 0.1001080 0.0738230 0.1439808 0.0623796 0.0585747 0.1006967 0.0000000 0.1083614 0.0750969 0.0757992 0.1071389 0.0626449 0.1245838 0.0630789 0.0630644 0.1481126 
S1449       0.5569470 0.5268338 0.6357675 0.0731949 0.1038748 0.0774189 0.0670362 0.0845287 0.0775082 0.1205883 0.0835418 0.1158301 0.0996927 0.0843395 0.0913733 0.0895640 0.1120217 0.0945771 0.0848167 0.1652149 0.1776754 0.0976877 0.0984876 0.0896080 0.0837222 0.0869092 0.0797943 0.0687045 0.1151738 0.1083614 0.0000000 0.0654131 0.0921943 0.1702997 0.0725432 0.1706911 0.0781830 0.0775500 0.1052943 
S1460       0.5388498 0.5246237 0.6179325 0.1017890 0.0851426 0.0538441 0.0894021 0.0600798 0.0823984 0.1072783 0.0659540 0.1218846 0.0930587 0.0599448 0.0852448 0.0649139 0.0905554 0.0822215 0.0898123 0.1306444 0.1554274 0.0967276 0.0975111 0.1144597 0.0595201 0.1169198 0.0537731 0.0450421 0.1017697 0.0750969 0.0654131 0.0000000 0.0860041 0.1468478 0.0491249 0.1487589 0.0543546 0.0656871 0.1363821 
S1462       0.6288948 0.5117095 0.5087058 0.1184407 0.1233739 0.0668457 0.0936977 0.0737015 0.0725843 0.1320424 0.0785898 0.0502840 0.0832915 0.0789237 0.0047252 0.0787517 0.0924403 0.0850724 0.0798043 0.1437156 0.0800087 0.0806116 0.0880898 0.0789992 0.0729915 0.1215063 0.0674916 0.0579000 0.1046848 0.0757992 0.0921943 0.0860041 0.0000000 0.0673047 0.0619396 0.0742247 0.0803865 0.0669556 0.1354123 
S1498       0.5552883 0.5696860 0.6365819 0.2140545 0.2342758 0.1529885 0.1725205 0.1633728 0.1458118 0.1666639 0.1228902 0.0770192 0.1443141 0.1338196 0.0732079 0.1618388 0.1574236 0.1382118 0.1470729 0.1981917 0.0000028 0.1310257 0.1267727 0.1697298 0.1616633 0.2073619 0.1390074 0.1439616 0.1502821 0.1071389 0.1702997 0.1468478 0.0673047 0.0000000 0.1475894 0.0048364 0.1572680 0.1241364 0.2110644 
S_670       0.5690565 0.4513137 0.5679314 0.0773092 0.0459133 0.0000021 0.0724690 0.0188327 0.0596289 0.1060939 0.0544329 0.1140218 0.0590183 0.0285801 0.0558891 0.0138926 0.0667649 0.0712677 0.0662164 0.1004753 0.1561700 0.0794969 0.0868342 0.0776563 0.0186603 0.1032132 0.0100629 0.0046813 0.0673700 0.0626449 0.0725432 0.0491249 0.0619396 0.1475894 0.0000000 0.1494620 0.0339221 0.0438110 0.1091995 
SRR11470320 0.6470705 0.5705616 0.6525377 0.2020694 0.2163693 0.1544999 0.1817412 0.1642256 0.1477785 0.1746511 0.1329218 0.0770405 0.1533837 0.1500149 0.0794221 0.1696454 0.1658555 0.1476066 0.1577848 0.2132508 0.0044488 0.1338941 0.1299497 0.1701578 0.1626222 0.2036967 0.1412009 0.1390025 0.1593228 0.1245838 0.1706911 0.1487589 0.0742247 0.0048364 0.1494620 0.0000000 0.1656969 0.1349226 0.2070493 
SRR8528357  0.5249527 0.4357720 0.5641462 0.0962619 0.0864964 0.0386314 0.0913211 0.0444457 0.0772699 0.1074660 0.0606863 0.1284576 0.0597514 0.0390537 0.0738213 0.0492489 0.0735171 0.0897639 0.0845479 0.1004164 0.1726845 0.0990222 0.0998437 0.0904573 0.0440302 0.1241151 0.0427080 0.0296141 0.0728329 0.0630789 0.0781830 0.0543546 0.0803865 0.1572680 0.0339221 0.1656969 0.0000000 0.0497427 0.1304339 
SRR8528359  0.5935833 0.5181468 0.5716170 0.0837356 0.0710977 0.0485070 0.0729566 0.0545669 0.0644593 0.0650623 0.0092405 0.1069419 0.0232505 0.0544466 0.0608390 0.0593695 0.0784795 0.0652076 0.0708023 0.1183304 0.1414031 0.0845953 0.0920378 0.0826480 0.0540614 0.1039464 0.0536483 0.0345085 0.0665211 0.0630644 0.0775500 0.0656871 0.0669556 0.1241364 0.0438110 0.1349226 0.0497427 0.0000000 0.0978029 
SRR8528361  0.6684900 0.5216123 0.5680962 0.0845876 0.0461118 0.1141724 0.0857060 0.1225163 0.1160056 0.1650784 0.1169788 0.1398655 0.1277096 0.1354111 0.1336862 0.1277398 0.1375340 0.1513522 0.1182795 0.1804175 0.2147000 0.1562785 0.1566504 0.1027568 0.1213330 0.0614353 0.1277863 0.0989599 0.1619059 0.1481126 0.1052943 0.1363821 0.1354123 0.2110644 0.1091995 0.2070493 0.1304339 0.0978029 0.0000000 
