125
CRNC          0.0000000 0.3119047 0.3440448 0.5852777 0.4708256 0.5317655 0.5560446 0.5393198 0.5400855 0.5685345 0.4794324 0.5404231 0.5266396 0.5378622 0.5311489 0.5664393 0.5689749 0.6675019 0.5078119 0.5143055 0.5811003 0.5578148 0.5177775 0.5435700 0.5304291 0.5495147 0.5738953 0.5066244 0.5302346 0.5319183 0.5012489 0.5431390 0.5163545 0.5412733 0.5675352 0.5419344 0.5677663 0.5249454 0.5586514 0.5241796 0.5538202 0.5416624 0.5201581 0.5699685 0.5502033 0.5070190 0.5313986 0.5156623 0.5354606 0.5416899 0.5339906 0.5305905 0.5418374 0.5748468 0.5538672 0.5277330 0.5469242 0.5401093 0.5189812 0.5378905 0.5470969 0.5052890 0.5274627 0.5171443 0.5287071 0.5151761 0.5693060 0.5683744 0.5386852 0.5562555 0.5160674 0.5310751 0.5248423 0.4486631 0.5700243 0.5580919 0.5395367 0.5225667 0.5856323 0.5050650 0.5548099 0.5259664 0.5189007 0.5353734 0.5449132 0.5296677 0.5034001 0.4742650 0.5396042 0.5516389 0.5686465 0.5031378 0.5391380 0.5368394 0.5450622 0.5553429 0.4971558 0.5635370 0.5692121 0.5739707 0.5449153 0.5031827 0.5422199 0.5576146 0.5693060 0.5448657 0.5324654 0.5595991 0.5419922 0.5339731 0.5207740 0.5353627 0.5205927 0.5197766 0.5204427 0.5596035 0.5656693 0.5728305 0.5164972 0.5313593 0.5903563 0.5542158 0.5556871 0.5501021 0.5434274 
HYZL          0.3119047 0.0000000 0.1103001 0.3907144 0.2775730 0.3817873 0.3792237 0.3682012 0.3795205 0.4032347 0.3522865 0.3819767 0.3774045 0.3923169 0.3791124 0.3772078 0.3904556 0.5260117 0.3681849 0.3863888 0.3931558 0.3943447 0.3643489 0.3841741 0.3786129 0.3887951 0.3854908 0.3685781 0.3681509 0.3654761 0.3501757 0.3727619 0.3784706 0.4104313 0.3999923 0.3909935 0.4133750 0.3693653 0.3909322 0.3839944 0.4133757 0.3602370 0.3528080 0.3997289 0.3793930 0.3718121 0.3713735 0.3694418 0.3675267 0.3690941 0.3724607 0.3619828 0.3565916 0.4034042 0.3800324 0.3923624 0.3905439 0.3908783 0.3666101 0.3839840 0.3680431 0.3610983 0.3930247 0.3780998 0.3799444 0.3633330 0.4192743 0.3953023 0.3991824 0.4283640 0.3692933 0.3750011 0.3642814 0.3346996 0.3691643 0.3964143 0.4075945 0.3838571 0.4301364 0.3559513 0.4026469 0.3967479 0.3905175 0.3897784 0.4012560 0.3779679 0.3594474 0.3189908 0.3743840 0.4029810 0.3835402 0.3500832 0.3789398 0.3734836 0.3599795 0.4059847 0.3157495 0.3935676 0.4089285 0.4200821 0.3977518 0.3712105 0.3717953 0.3889698 0.4192743 0.3981885 0.3732932 0.4046774 0.3904355 0.3717467 0.3773483 0.3778318 0.3606363 0.4139029 0.3624476 0.3676475 0.4035759 0.3897007 0.3659619 0.3693304 0.4643435 0.3589814 0.3771557 0.3821834 0.3769884 
MYZV          0.3440448 0.1103001 0.0000000 0.4748866 0.8045774 0.4350479 0.4762597 0.4052120 0.4705837 0.4564075 0.4217587 0.4428036 0.4136311 0.4531448 0.4752929 0.4258286 0.4370992 0.4697120 0.3879677 0.4634632 0.4533375 0.4611888 0.4412745 0.4342686 0.4164047 0.4288366 0.4576041 0.4712747 0.4528491 0.4666449 0.2678292 0.4453315 0.4580492 0.4645891 0.4207559 0.4292931 0.4443665 0.4146168 0.4400863 0.4295619 0.4256254 0.4193706 0.4092357 0.4563187 0.4341829 0.4596659 0.4234308 0.4557880 0.4593894 0.4132374 0.4528491 0.4462515 0.4449380 0.4387847 0.4444641 0.3876561 0.4196857 0.4745381 0.4709962 0.4334949 0.4054854 0.4390420 0.4928799 0.4605421 0.4496083 0.4105248 0.4728432 0.4383977 0.4240730 0.4698471 0.4732121 0.4822316 0.4636872 0.3151499 0.5333632 0.4742448 0.4396064 0.4137842 0.5092178 0.4194683 0.4281590 0.4742150 0.4339256 0.4114311 0.4028747 0.4388591 0.4170826 0.4133947 0.4074298 0.4191591 0.4665512 0.4773797 0.4214446 0.4134636 0.4197858 0.4949265 0.4207641 0.4424864 0.4781798 0.4925939 0.4261565 0.4309609 0.4680925 0.4235609 0.4639448 0.4159392 0.4327988 0.4554187 0.4580260 0.4462501 0.4615056 0.4157767 0.3954383 0.4023051 0.3989206 0.4127392 0.4878602 0.4761057 0.4519446 0.4669833 0.4649246 0.4133749 0.4437455 0.4891070 0.4666148 
SRR6441723    0.5852777 0.3907144 0.4748866 0.0000000 0.0839991 0.0987718 0.3220045 0.0788934 0.0785710 0.0977981 0.0827446 0.0789838 0.0968943 0.0717553 0.0899177 0.0909488 0.1018927 0.1732569 0.1060583 0.1002542 0.0412114 0.0436839 0.0881800 0.0806823 0.0770352 0.1102423 0.0868529 0.0809962 0.0671118 0.0989159 0.0832584 0.0940342 0.0654793 0.0875447 0.1209758 0.0927067 0.0892181 0.0728859 0.0967091 0.0855666 0.1274429 0.0781134 0.0741159 0.0830955 0.0777819 0.0770660 0.0781893 0.0600866 0.0682160 0.0770011 0.0691938 0.0683473 0.0803980 0.0801249 0.0973508 0.1052935 0.0893627 0.0913353 0.0548328 0.0936946 0.0846091 0.0650000 0.0725565 0.0616605 0.0686267 0.0913584 0.0946316 0.0857633 0.0981245 0.0993285 0.0746341 0.0793994 0.0700503 0.0711185 0.0827025 0.0451998 0.1105856 0.0896808 0.0805696 0.0793669 0.0921691 0.0629400 0.0938409 0.0934727 0.0941349 0.0937193 0.0943288 0.0712256 0.0740107 0.1049224 0.0486995 0.0710990 0.0770155 0.0769823 0.0879953 0.0885283 0.0459740 0.0895409 0.0837162 0.0845678 0.1003964 0.0893174 0.0754046 0.0990863 0.0946316 0.1050737 0.0770610 0.0957071 0.0689222 0.0311856 0.0790587 0.0937757 0.0879897 0.1216387 0.0759392 0.0697475 0.0480976 0.0465232 0.0653391 0.0497307 0.1592723 0.0864846 0.0311090 0.0960916 0.0681414 
ERR4210213    0.4708256 0.2775730 0.8045774 0.0839991 0.0000000 0.1880638 0.3383656 0.1152656 0.1078801 0.1328121 0.0866972 0.1238393 0.1458991 0.1122380 0.1343006 0.1418052 0.1501225 0.1810042 0.1447460 0.1492509 0.0376551 0.0852609 0.0917491 0.1256122 0.1321051 0.1686756 0.1317063 0.1257086 0.1078801 0.1322452 0.0817064 0.1211060 0.1277139 0.1412459 0.1294501 0.1525221 0.1437916 0.1319574 0.1628894 0.1431641 0.1408284 0.1386306 0.1323374 0.0927568 0.1207779 0.1227550 0.1191533 0.1314494 0.1078801 0.1427631 0.1189140 0.1078801 0.1174383 0.0927568 0.1648423 0.1083498 0.1053986 0.1737750 0.0976395 0.1243882 0.0942090 0.1141003 0.1015421 0.1141569 0.1301709 0.1207700 0.1314802 0.1203105 0.1014148 0.0912012 0.1079778 0.1332305 0.1159680 0.1081395 0.1090734 0.0571143 0.1356709 0.1163155 0.1704650 0.1331184 0.1329652 0.1095926 0.1181970 0.1233142 0.1053986 0.1329373 0.1390145 0.1523046 0.1330229 0.0927536 0.0636743 0.1050367 0.1323374 0.1532554 0.1382526 0.1723428 0.1238386 0.1536580 0.1122380 0.1587032 0.1522285 0.1258845 0.1166603 0.1461620 0.1314802 0.1235466 0.1258478 0.1314802 0.1385145 0.0853491 0.1070934 0.1379722 0.1245147 0.1611140 0.1006669 0.1161833 0.0868167 0.0524244 0.1191348 0.0982540 0.1438770 0.1009391 0.0859579 0.0832461 0.0841929 
ERR2789774    0.5317655 0.3817873 0.4350479 0.0987718 0.1880638 0.0000000 0.3270706 0.0800470 0.0903885 0.1096442 0.0948809 0.0711884 0.1009242 0.1007487 0.0761897 0.0826586 0.1026765 0.1936350 0.1050294 0.1047229 0.0924765 0.0833894 0.0795490 0.0713068 0.0699838 0.1059189 0.0872938 0.0856568 0.0825947 0.0898760 0.1039660 0.0995780 0.0867669 0.0810491 0.1201969 0.0962515 0.0689697 0.0664323 0.0993905 0.0939470 0.1239564 0.0563244 0.0677625 0.0935540 0.0717699 0.0921158 0.0598540 0.0795175 0.0837251 0.0661883 0.0849848 0.0838909 0.0962669 0.0927397 0.1039397 0.1067339 0.0978271 0.0996512 0.0877934 0.1051903 0.0940990 0.0832605 0.0887329 0.0750626 0.0802619 0.0787232 0.1185494 0.1000459 0.1038254 0.1165805 0.0923293 0.0960522 0.0857892 0.0799670 0.0977436 0.1146866 0.1117730 0.0811853 0.1132714 0.0685445 0.0870233 0.0930511 0.0951594 0.0941494 0.1027086 0.1019550 0.0859082 0.0843489 0.0716866 0.1189854 0.0981937 0.0868837 0.0708620 0.0690471 0.0772449 0.1117627 0.0665512 0.0866836 0.1077580 0.1085436 0.0998775 0.0702252 0.0883450 0.1020683 0.1185494 0.1108928 0.0649142 0.1196404 0.1074725 0.0964071 0.0569213 0.1019090 0.0708733 0.1291013 0.0658339 0.0548860 0.0981561 0.1025296 0.0709125 0.0878254 0.1587810 0.0922680 0.0901515 0.0828618 0.0870335 
PAFTOL_019361 0.5560446 0.3792237 0.4762597 0.3220045 0.3383656 0.3270706 0.0000000 0.2846748 0.3202752 0.2993383 0.2874348 0.3151934 0.3058300 0.3189472 0.3104798 0.3134891 0.3136641 0.4449760 0.3077266 0.3021656 0.3089867 0.3065629 0.2968427 0.3107641 0.2998114 0.3103613 0.2921578 0.2937866 0.3056519 0.2947382 0.2995952 0.3015553 0.2861314 0.2988714 0.3392110 0.2922825 0.3329751 0.2964571 0.3090389 0.3175456 0.3469659 0.2890386 0.2979962 0.3023346 0.3202729 0.3019594 0.3002805 0.2702016 0.3120745 0.3033478 0.3102321 0.3024207 0.2803351 0.3087614 0.3435801 0.3355436 0.3091463 0.3365204 0.2770421 0.2991618 0.3079401 0.2854496 0.2914283 0.2876801 0.2909475 0.2951966 0.3566144 0.3250675 0.3042505 0.3393488 0.2670612 0.2778462 0.3115639 0.2452806 0.3076203 0.3278399 0.3175386 0.3025626 0.3432031 0.2960057 0.3142581 0.2839257 0.3040846 0.3013225 0.3200773 0.3260197 0.3061447 0.2208389 0.2973973 0.3248952 0.3097603 0.2856691 0.3055426 0.2987285 0.2856703 0.3179689 0.1992736 0.3112558 0.3319052 0.3248838 0.3108704 0.2883818 0.3160957 0.3004294 0.3566144 0.3272001 0.2944370 0.3524125 0.3148660 0.3132835 0.2902465 0.3051057 0.2789272 0.3297727 0.2781836 0.2632117 0.3036728 0.3058622 0.2817866 0.2771955 0.4031645 0.3133410 0.3181542 0.2913786 0.2727946 
S0055         0.5393198 0.3682012 0.4052120 0.0788934 0.1152656 0.0800470 0.2846748 0.0000000 0.0680755 0.0986980 0.0631347 0.0540956 0.0878222 0.0909387 0.0593062 0.0646692 0.0891454 0.1451115 0.0872089 0.0917727 0.0738367 0.0730059 0.0586451 0.0529374 0.0486985 0.0964249 0.0823598 0.0756759 0.0609206 0.0692861 0.0904877 0.0874679 0.0659453 0.0699944 0.1068720 0.0805877 0.0734963 0.0472927 0.0876498 0.0809764 0.1146753 0.0580886 0.0473312 0.0697540 0.0599088 0.0755828 0.0503418 0.0684556 0.0593959 0.0471880 0.0601651 0.0621786 0.0751994 0.0697778 0.0892585 0.0956067 0.0850037 0.0847368 0.0706478 0.0859073 0.0736635 0.0708126 0.0785653 0.0588123 0.0670030 0.0607646 0.0956764 0.0782914 0.0894954 0.0915008 0.0776408 0.0806657 0.0638702 0.0598233 0.0890879 0.0884325 0.0987761 0.0622058 0.1033773 0.0508672 0.0617854 0.0785748 0.0786819 0.0878910 0.0913849 0.0873706 0.0757164 0.0508948 0.0472677 0.0950014 0.0845598 0.0788185 0.0501496 0.0470024 0.0305522 0.1174598 0.0268459 0.0805693 0.1040853 0.1033227 0.0882782 0.0557149 0.0677514 0.0871629 0.0956764 0.1044107 0.0486035 0.0937906 0.0944060 0.0818406 0.0542023 0.0849439 0.0523785 0.1061837 0.0509873 0.0510153 0.0812585 0.0767470 0.0653898 0.0733707 0.1626052 0.0762001 0.0788869 0.0692739 0.0691932 
S0196sl       0.5400855 0.3795205 0.4705837 0.0785710 0.1078801 0.0903885 0.3202752 0.0680755 0.0000000 0.1062344 0.0395292 0.0689943 0.0941683 0.0966151 0.0757749 0.0811503 0.1015262 0.1560156 0.0935847 0.0931793 0.0764798 0.0687372 0.0723395 0.0689388 0.0699609 0.1048517 0.0818961 0.0796054 0.0074859 0.0842623 0.0821377 0.0876870 0.0733260 0.0895123 0.1083062 0.0939891 0.0866090 0.0656361 0.0973840 0.0847736 0.1210855 0.0750644 0.0684233 0.0340031 0.0712710 0.0743647 0.0701868 0.0706053 0.0107165 0.0656448 0.0075499 0.0107366 0.0911465 0.0364679 0.0967805 0.0990872 0.0896066 0.0889357 0.0709752 0.0930553 0.0712099 0.0745987 0.0800138 0.0663937 0.0706423 0.0793279 0.0470083 0.0835166 0.0840646 0.0876613 0.0865973 0.0935583 0.0118882 0.0839837 0.0886807 0.0952551 0.0928905 0.0763026 0.1111434 0.0680665 0.0852586 0.0733964 0.0867894 0.0908757 0.0944633 0.0913098 0.0860821 0.0737785 0.0683243 0.0951070 0.0834643 0.0849268 0.0674616 0.0665602 0.0733816 0.1156301 0.0556363 0.0846928 0.1070757 0.1093970 0.0961258 0.0729638 0.0163205 0.0952537 0.0470083 0.1037191 0.0656992 0.0455549 0.0903838 0.0831635 0.0707295 0.0939031 0.0720750 0.1114915 0.0700249 0.0654085 0.0752508 0.0795859 0.0649820 0.0734808 0.1403679 0.0496313 0.0815559 0.0812559 0.0719571 
S0278         0.5685345 0.4032347 0.4564075 0.0977981 0.1328121 0.1096442 0.2993383 0.0986980 0.1062344 0.0000000 0.0977874 0.1007935 0.0336245 0.1120931 0.1042364 0.1113238 0.0456312 0.2024541 0.0477146 0.0517997 0.0972414 0.0885856 0.1168677 0.1046769 0.0976511 0.0649494 0.1038684 0.0437769 0.0929994 0.1089331 0.0480038 0.0558792 0.0860309 0.1002998 0.1339628 0.0388350 0.1150972 0.0970239 0.0437845 0.0634711 0.0869850 0.0927633 0.0931152 0.1016680 0.0949018 0.0994877 0.0925590 0.0843412 0.0941247 0.0959188 0.0939243 0.0914238 0.1057685 0.0978543 0.0730561 0.1297192 0.0670620 0.0670093 0.0947346 0.0467603 0.1053450 0.0853091 0.0970350 0.0797699 0.0815580 0.1033299 0.1168898 0.1134599 0.1209323 0.1198795 0.0878055 0.0958861 0.0942477 0.0707254 0.1053521 0.1148795 0.1306401 0.1104677 0.1273870 0.0957835 0.1088673 0.0990531 0.0401659 0.0682072 0.0727009 0.0693501 0.0413726 0.0802040 0.0958374 0.1335750 0.1025129 0.0924660 0.0991265 0.0990826 0.1015566 0.1242010 0.0679797 0.0748971 0.1245903 0.1202256 0.0461066 0.1005608 0.1021593 0.0548229 0.1168898 0.0846636 0.0991871 0.1179617 0.1111287 0.1020254 0.1002320 0.0494606 0.0968912 0.0969638 0.0914073 0.0831483 0.0995711 0.0956014 0.0937430 0.0947698 0.1673478 0.1021629 0.1027448 0.1088794 0.0920339 
S0281         0.4794324 0.3522865 0.4217587 0.0827446 0.0866972 0.0948809 0.2874348 0.0631347 0.0395292 0.0977874 0.0000000 0.0793705 0.0933677 0.0977084 0.0849851 0.0905303 0.0952141 0.1495926 0.0889701 0.0958129 0.0792078 0.0693585 0.0767015 0.0778924 0.0724565 0.0996050 0.0871570 0.0843675 0.0323982 0.0825432 0.0947596 0.0941377 0.0757200 0.0940702 0.1048225 0.0859515 0.0914374 0.0729612 0.0866054 0.0826225 0.1120873 0.0783112 0.0744229 0.0341448 0.0801082 0.0837143 0.0679334 0.0755352 0.0322952 0.0715770 0.0339659 0.0335713 0.0945538 0.0329140 0.0986224 0.0976922 0.0847456 0.0885465 0.0796544 0.0838054 0.0737982 0.0815053 0.0851364 0.0700517 0.0774910 0.0838866 0.0500306 0.0972940 0.0891986 0.0812858 0.0859509 0.0944129 0.0349676 0.0777244 0.0945808 0.0930446 0.0970191 0.0841204 0.1065625 0.0768820 0.0779713 0.0885939 0.0879772 0.0906014 0.0875811 0.0909386 0.0872764 0.0530601 0.0743117 0.0976401 0.0893948 0.0871934 0.0763396 0.0738767 0.0730145 0.1089025 0.0305269 0.0930251 0.1113933 0.1083746 0.0837963 0.0685292 0.0361447 0.0915898 0.0500306 0.1023836 0.0730322 0.0485456 0.0940443 0.0812284 0.0683962 0.0971620 0.0693037 0.1077610 0.0659180 0.0708134 0.0804256 0.0805611 0.0747977 0.0809742 0.1396067 0.0642592 0.0798719 0.0799491 0.0873523 
S0282         0.5404231 0.3819767 0.4428036 0.0789838 0.1238393 0.0711884 0.3151934 0.0540956 0.0689943 0.1007935 0.0793705 0.0000000 0.0899705 0.0895699 0.0242325 0.0377047 0.0894501 0.1781393 0.0953824 0.0964839 0.0791543 0.0761318 0.0607693 0.0163639 0.0230893 0.1045002 0.0763815 0.0833255 0.0591267 0.0630682 0.0944283 0.0895797 0.0718739 0.0675364 0.1018230 0.0876391 0.0442906 0.0194623 0.0926714 0.0856605 0.1178971 0.0571657 0.0196557 0.0805875 0.0596142 0.0811512 0.0484086 0.0678803 0.0602550 0.0196416 0.0611270 0.0603734 0.0742786 0.0792009 0.0956784 0.0881241 0.0834595 0.0906021 0.0698190 0.0952235 0.0712650 0.0713369 0.0777000 0.0646834 0.0686503 0.0404175 0.0981836 0.0949704 0.0818540 0.0936117 0.0753469 0.0813678 0.0620374 0.0739578 0.0849108 0.0940313 0.0937690 0.0482426 0.1130515 0.0172841 0.0478358 0.0794874 0.0856798 0.0876828 0.0897967 0.0935026 0.0813847 0.0769395 0.0218823 0.0907026 0.0835634 0.0780215 0.0152069 0.0218911 0.0622315 0.1137727 0.0462996 0.0881522 0.1024836 0.1032852 0.0980830 0.0410086 0.0673956 0.0950301 0.0981836 0.0981677 0.0129443 0.0992868 0.0920609 0.0807604 0.0508060 0.0928147 0.0367885 0.1242100 0.0364721 0.0559449 0.0791488 0.0867523 0.0633314 0.0725095 0.1447357 0.0797417 0.0778078 0.0706543 0.0690052 
S0289         0.5266396 0.3774045 0.4136311 0.0968943 0.1458991 0.1009242 0.3058300 0.0878222 0.0941683 0.0336245 0.0933677 0.0899705 0.0000000 0.0990782 0.0936225 0.0984191 0.0439552 0.1741083 0.0303743 0.0316443 0.0898496 0.0844066 0.1070384 0.0908070 0.0912340 0.0421216 0.1018096 0.0279693 0.0815045 0.1060584 0.0373676 0.0406320 0.0746879 0.0952092 0.1137430 0.0292282 0.1039534 0.0863238 0.0291110 0.0489075 0.0751155 0.0851189 0.0855340 0.0935667 0.0786115 0.0861393 0.0820495 0.0744396 0.0826415 0.0866731 0.0838905 0.0828061 0.0790083 0.0898343 0.0545222 0.1097972 0.0549561 0.0491721 0.0789088 0.0293748 0.0898610 0.0781764 0.0851225 0.0659607 0.0689900 0.0928592 0.1034505 0.0996620 0.1001787 0.1086700 0.0781167 0.0845371 0.0827486 0.0429093 0.0865096 0.1084874 0.1092316 0.1009144 0.1116862 0.0850846 0.0943696 0.0826378 0.0219818 0.0531674 0.0603969 0.0514804 0.0341234 0.0670857 0.0882539 0.1135996 0.0950854 0.0814883 0.0861144 0.0883021 0.0904470 0.1132166 0.0563182 0.0608774 0.1110698 0.1069380 0.0276722 0.0876255 0.0904351 0.0329990 0.1034505 0.0667940 0.0855427 0.1045425 0.0982308 0.0917898 0.0908193 0.0374505 0.0860755 0.0736771 0.0775236 0.0783434 0.0950068 0.0928273 0.0790347 0.0805395 0.1619816 0.0892879 0.0956742 0.1109555 0.0748435 
S0292         0.5378622 0.3923169 0.4531448 0.0717553 0.1122380 0.1007487 0.3189472 0.0909387 0.0966151 0.1120931 0.0977084 0.0895699 0.0990782 0.0000000 0.0905466 0.0958802 0.1141747 0.1774177 0.1074703 0.0986102 0.0601330 0.0668008 0.0967096 0.0853813 0.0874119 0.1083365 0.0866890 0.0779927 0.0867327 0.1083880 0.0981148 0.0966064 0.0664221 0.0887207 0.1279072 0.0985834 0.1035780 0.0785546 0.1019704 0.0919478 0.1243550 0.0742252 0.0813425 0.1033463 0.0766041 0.0805909 0.0728987 0.0612962 0.0850247 0.0798917 0.0891863 0.0880329 0.0768609 0.1018909 0.0929930 0.1127761 0.0928508 0.0922950 0.0522116 0.0960313 0.0990300 0.0698495 0.0737466 0.0571156 0.0653383 0.0956471 0.1196247 0.0936556 0.1139211 0.1192493 0.0728303 0.0728765 0.0899673 0.0637043 0.0817192 0.0705748 0.1238046 0.0949674 0.0422690 0.0809223 0.1006347 0.0633902 0.0935418 0.0952877 0.0995183 0.0922576 0.1008292 0.0706052 0.0842759 0.1169695 0.0669917 0.0176407 0.0790970 0.0843210 0.0892103 0.0447483 0.0550487 0.0866684 0.0185105 0.0265766 0.1010432 0.0925661 0.0957246 0.0971067 0.1196247 0.1084138 0.0816104 0.1207127 0.0252878 0.0689901 0.0792861 0.1022167 0.0912398 0.1270992 0.0799409 0.0741290 0.0750146 0.0706132 0.0594207 0.0536724 0.1614670 0.0866866 0.0646408 0.1073045 0.0604866 
S0293         0.5311489 0.3791124 0.4752929 0.0899177 0.1343006 0.0761897 0.3104798 0.0593062 0.0757749 0.1042364 0.0849851 0.0242325 0.0936225 0.0905466 0.0000000 0.0424324 0.1015150 0.1752861 0.0990957 0.0984965 0.0838576 0.0845837 0.0687251 0.0184220 0.0299820 0.1014446 0.0773872 0.0779504 0.0656254 0.0695955 0.0912100 0.0931619 0.0769234 0.0741125 0.1012748 0.0912270 0.0555718 0.0251899 0.0963563 0.0902736 0.1241220 0.0620095 0.0217901 0.0846655 0.0660872 0.0858761 0.0518969 0.0729033 0.0667479 0.0240980 0.0677177 0.0668784 0.0823011 0.0832738 0.1004819 0.1010523 0.0918970 0.0961581 0.0748096 0.0974739 0.0695531 0.0763481 0.0810182 0.0696515 0.0767881 0.0427564 0.1024873 0.0930800 0.0919699 0.1018043 0.0801393 0.0817587 0.0685947 0.0737481 0.0882918 0.0982214 0.1028067 0.0545779 0.1155227 0.0171908 0.0543087 0.0846311 0.0920773 0.0948193 0.0983943 0.0950451 0.0845930 0.0849033 0.0263582 0.1007013 0.0918148 0.0804324 0.0196268 0.0240967 0.0646994 0.1147358 0.0611616 0.0875951 0.1032810 0.1057324 0.1061820 0.0421364 0.0740141 0.1002619 0.1024873 0.1086689 0.0195526 0.1035835 0.0986151 0.0886898 0.0518040 0.0982958 0.0403233 0.1247445 0.0411841 0.0597546 0.0902710 0.0934277 0.0685585 0.0748362 0.1534376 0.0806931 0.0856858 0.0761882 0.0742536 
S0294         0.5664393 0.3772078 0.4258286 0.0909488 0.1418052 0.0826586 0.3134891 0.0646692 0.0811503 0.1113238 0.0905303 0.0377047 0.0984191 0.0958802 0.0424324 0.0000000 0.1052391 0.1747959 0.1009830 0.1024238 0.0883087 0.0869202 0.0713181 0.0340875 0.0350255 0.1115244 0.0778780 0.0945572 0.0706442 0.0724486 0.1027830 0.0907494 0.0835543 0.0703491 0.1004019 0.0913048 0.0567770 0.0337678 0.0967545 0.0924332 0.1270944 0.0681249 0.0313957 0.0905857 0.0697262 0.0985623 0.0590434 0.0794318 0.0745129 0.0302123 0.0728360 0.0746598 0.0821015 0.0891812 0.1060931 0.0907269 0.0972128 0.0999039 0.0702818 0.1008135 0.0769554 0.0856818 0.0869169 0.0760523 0.0834027 0.0355429 0.1052061 0.1014930 0.0832655 0.1008645 0.0903937 0.0921049 0.0764633 0.0835615 0.0912374 0.1019730 0.0937685 0.0572315 0.1183250 0.0299988 0.0579076 0.0900412 0.1003329 0.0972740 0.1038691 0.1005022 0.0897646 0.0684116 0.0325334 0.0913779 0.0957025 0.0823238 0.0315812 0.0290204 0.0644543 0.1190115 0.0509860 0.0921938 0.1090798 0.1032363 0.1085318 0.0497331 0.0820309 0.1002826 0.1052061 0.1083169 0.0302384 0.1032517 0.1025835 0.0925414 0.0591052 0.1022011 0.0429837 0.1205222 0.0440662 0.0700256 0.0927419 0.0976117 0.0762525 0.0756881 0.1634324 0.0816151 0.0894798 0.0836084 0.0805618 
S0299         0.5689749 0.3904556 0.4370992 0.1018927 0.1501225 0.1026765 0.3136641 0.0891454 0.1015262 0.0456312 0.0952141 0.0894501 0.0439552 0.1141747 0.1015150 0.1052391 0.0000000 0.2126272 0.0461100 0.0569562 0.0994384 0.0887510 0.1113295 0.0956372 0.0930240 0.0654766 0.1102289 0.0520008 0.0900301 0.1097349 0.0486132 0.0607968 0.0872928 0.1049634 0.1329976 0.0425977 0.1057858 0.0877838 0.0424102 0.0697255 0.0915968 0.0878540 0.0901838 0.1075676 0.0891262 0.0994349 0.0831539 0.0841036 0.0911889 0.0852002 0.0926145 0.0913747 0.0875548 0.1035429 0.0798549 0.1306529 0.0709755 0.0684573 0.0972083 0.0491190 0.1087306 0.0879775 0.0899179 0.0836996 0.0763299 0.1035565 0.1104733 0.1063698 0.1116278 0.1236527 0.0876835 0.0897114 0.0898405 0.0531576 0.1022827 0.1194293 0.1195455 0.1033323 0.1215055 0.0926120 0.1010041 0.0980469 0.0467225 0.0705547 0.0786596 0.0759038 0.0497034 0.0815441 0.0868570 0.1309783 0.0980103 0.0936736 0.0901364 0.0900955 0.1004165 0.1215039 0.0622566 0.0741547 0.1253966 0.1225795 0.0381242 0.0992518 0.0960552 0.0592938 0.1104733 0.0876741 0.0901926 0.1115764 0.1096836 0.1010997 0.0954178 0.0504482 0.0878350 0.1002534 0.0838356 0.0842610 0.1049288 0.1008160 0.0841247 0.0972456 0.1811871 0.1012287 0.1036769 0.1108942 0.0862873 
S0303         0.6675019 0.5260117 0.4697120 0.1732569 0.1810042 0.1936350 0.4449760 0.1451115 0.1560156 0.2024541 0.1495926 0.1781393 0.1741083 0.1774177 0.1752861 0.1747959 0.2126272 0.0000000 0.1862207 0.1724872 0.1722633 0.1759597 0.1706016 0.1725689 0.1727560 0.1858381 0.1647636 0.1589179 0.1425158 0.1691087 0.2031146 0.1785259 0.1702342 0.1837551 0.1276853 0.1747834 0.1726620 0.1669265 0.1697614 0.1671675 0.2040835 0.1911344 0.1631840 0.1383119 0.1709705 0.1551327 0.1638561 0.1610451 0.1436681 0.1534528 0.1438840 0.1405541 0.1875624 0.1346515 0.1665036 0.1354822 0.1756813 0.1679135 0.1527281 0.1912203 0.0956648 0.1649867 0.1816770 0.1590212 0.1624844 0.1707370 0.1515946 0.1539886 0.1290396 0.1380194 0.1924764 0.1851494 0.1466152 0.1700573 0.1886163 0.1811926 0.1324474 0.1713731 0.1969839 0.1617503 0.1777731 0.1687612 0.1694403 0.1759026 0.1765323 0.1688976 0.1712838 0.0677730 0.1646974 0.1246244 0.1798374 0.1569681 0.1661883 0.1648054 0.1641108 0.2034319 0.0793047 0.1741756 0.1872487 0.1906885 0.1728338 0.1635589 0.1457297 0.1670639 0.1515946 0.1854465 0.1649996 0.1559518 0.1817124 0.1783970 0.1703607 0.1952444 0.1717625 0.1580343 0.1629774 0.1723944 0.1779438 0.1710940 0.1636699 0.1558357 0.2344258 0.1459608 0.1785224 0.1831909 0.1606420 
S0320         0.5078119 0.3681849 0.3879677 0.1060583 0.1447460 0.1050294 0.3077266 0.0872089 0.0935847 0.0477146 0.0889701 0.0953824 0.0303743 0.1074703 0.0990957 0.1009830 0.0461100 0.1862207 0.0000000 0.0481501 0.0956404 0.0932641 0.1131681 0.0962688 0.0937613 0.0553140 0.1091435 0.0416847 0.0841698 0.1071464 0.0522913 0.0576219 0.0864981 0.1039339 0.1210378 0.0315481 0.1062864 0.0888310 0.0372711 0.0639684 0.0889166 0.0878496 0.0880553 0.0943599 0.0826755 0.0912142 0.0859047 0.0862056 0.0853023 0.0891892 0.0848298 0.0854717 0.0924030 0.0906400 0.0703067 0.1168828 0.0689801 0.0628741 0.0942808 0.0443460 0.0981030 0.0871729 0.0939315 0.0774258 0.0790488 0.0974231 0.1017357 0.1064989 0.1103600 0.1129448 0.0928329 0.0966478 0.0854129 0.0570704 0.0990645 0.1231566 0.1217543 0.1056347 0.1277347 0.0904350 0.1007976 0.0942656 0.0404744 0.0685808 0.0763703 0.0619268 0.0380347 0.0749978 0.0907746 0.1187620 0.1032535 0.0873576 0.0915236 0.0908242 0.0947963 0.1218652 0.0608117 0.0739686 0.1198077 0.1155190 0.0395137 0.0931154 0.0931388 0.0456099 0.1017357 0.0832221 0.0909202 0.1028279 0.1065463 0.1004786 0.0918956 0.0481186 0.0871841 0.0798697 0.0832794 0.0867799 0.1036103 0.0986539 0.0800757 0.0943161 0.1694061 0.0966802 0.1078389 0.1154971 0.0898209 
S0327         0.5143055 0.3863888 0.4634632 0.1002542 0.1492509 0.1047229 0.3021656 0.0917727 0.0931793 0.0517997 0.0958129 0.0964839 0.0316443 0.0986102 0.0984965 0.1024238 0.0569562 0.1724872 0.0481501 0.0000000 0.0857583 0.0883308 0.1120564 0.0973792 0.0948618 0.0499277 0.1046636 0.0277625 0.0820543 0.1045151 0.0336364 0.0390852 0.0740915 0.0948137 0.1152732 0.0415396 0.1126519 0.0899258 0.0431330 0.0496729 0.0793663 0.0843276 0.0888734 0.0958140 0.0862781 0.0890072 0.0878187 0.0738467 0.0859942 0.0902877 0.0844275 0.0861638 0.0864408 0.0920746 0.0570379 0.1070499 0.0571063 0.0490141 0.0753564 0.0373561 0.0886491 0.0775580 0.0844333 0.0654357 0.0684386 0.1004892 0.1072013 0.0892065 0.0928709 0.1078627 0.0836723 0.0885317 0.0861050 0.0392486 0.0920832 0.1092795 0.1016088 0.1100983 0.1137707 0.0912419 0.1055841 0.0855550 0.0301626 0.0567786 0.0641627 0.0513964 0.0486237 0.0716861 0.0918741 0.1108141 0.0991414 0.0826381 0.0877075 0.0919243 0.0931793 0.1066968 0.0668701 0.0557093 0.1105405 0.1064322 0.0415285 0.0981885 0.0906284 0.0391116 0.1072013 0.0709486 0.0920212 0.1071280 0.0977700 0.0983505 0.0951679 0.0352667 0.0868595 0.0731555 0.0889367 0.0790441 0.1008675 0.0935986 0.0765975 0.0797133 0.1582786 0.0872047 0.1019852 0.1142748 0.0740770 
S0335         0.5811003 0.3931558 0.4533375 0.0412114 0.0376551 0.0924765 0.3089867 0.0738367 0.0764798 0.0972414 0.0792078 0.0791543 0.0898496 0.0601330 0.0838576 0.0883087 0.0994384 0.1722633 0.0956404 0.0857583 0.0000000 0.0356447 0.0874041 0.0747501 0.0760367 0.0947636 0.0861946 0.0686477 0.0663484 0.0994460 0.0705456 0.0794928 0.0605785 0.0796624 0.1154362 0.0821306 0.0914033 0.0703577 0.0931895 0.0790633 0.1145237 0.0702189 0.0745075 0.0798557 0.0738546 0.0720667 0.0729509 0.0567168 0.0687855 0.0717628 0.0684344 0.0689188 0.0725999 0.0768793 0.0906555 0.0969423 0.0758676 0.0845396 0.0465495 0.0827970 0.0838802 0.0627282 0.0644966 0.0538648 0.0606676 0.0872868 0.0954552 0.0803006 0.0929553 0.0957790 0.0611009 0.0712206 0.0706388 0.0665646 0.0766971 0.0471388 0.1072946 0.0842473 0.0784833 0.0768250 0.0895074 0.0556087 0.0781907 0.0819070 0.0820218 0.0839782 0.0844659 0.0733453 0.0728177 0.0980436 0.0444224 0.0606995 0.0744717 0.0744395 0.0814416 0.0836831 0.0449342 0.0718508 0.0730954 0.0739899 0.0936713 0.0880913 0.0733286 0.0862935 0.0954552 0.0959135 0.0731514 0.0918777 0.0641524 0.0363622 0.0737304 0.0845255 0.0853745 0.1097265 0.0761028 0.0602381 0.0411437 0.0223235 0.0567902 0.0453299 0.1577727 0.0780870 0.0363830 0.0986132 0.0552555 
S0345         0.5578148 0.3943447 0.4611888 0.0436839 0.0852609 0.0833894 0.3065629 0.0730059 0.0687372 0.0885856 0.0693585 0.0761318 0.0844066 0.0668008 0.0845837 0.0869202 0.0887510 0.1759597 0.0932641 0.0883308 0.0356447 0.0000000 0.0846695 0.0753977 0.0731337 0.0970623 0.0875997 0.0697831 0.0590458 0.0948540 0.0773356 0.0857883 0.0589572 0.0782876 0.1158666 0.0835554 0.0917451 0.0672251 0.0876541 0.0804582 0.1237187 0.0674027 0.0730785 0.0793915 0.0752217 0.0708604 0.0687649 0.0577009 0.0601517 0.0677898 0.0596112 0.0602675 0.0726397 0.0764330 0.0921050 0.0987693 0.0869882 0.0875564 0.0489134 0.0792186 0.0804188 0.0610995 0.0633006 0.0577587 0.0620187 0.0797870 0.0870877 0.0834058 0.0899514 0.0925755 0.0623794 0.0725367 0.0618975 0.0655126 0.0865531 0.0512683 0.1024733 0.0814995 0.0796060 0.0741655 0.0845267 0.0525748 0.0793383 0.0899037 0.0934433 0.0885257 0.0791913 0.0625832 0.0715212 0.1028352 0.0325680 0.0633081 0.0718125 0.0715576 0.0784596 0.0893363 0.0445276 0.0797981 0.0756476 0.0795242 0.0850600 0.0848991 0.0645153 0.0877307 0.0839730 0.1029082 0.0704977 0.0881684 0.0648304 0.0398796 0.0693532 0.0842416 0.0840181 0.1193247 0.0734286 0.0591610 0.0293485 0.0382034 0.0593806 0.0463173 0.1410457 0.0767268 0.0425639 0.0891680 0.0562366 
S0376         0.5177775 0.3643489 0.4412745 0.0881800 0.0917491 0.0795490 0.2968427 0.0586451 0.0723395 0.1168677 0.0767015 0.0607693 0.1070384 0.0967096 0.0687251 0.0713181 0.1113295 0.1706016 0.1131681 0.1120564 0.0874041 0.0846695 0.0000000 0.0581685 0.0617204 0.1147624 0.0852005 0.0893472 0.0624150 0.0467241 0.1075140 0.0997244 0.0780974 0.0823413 0.1175024 0.1029115 0.0674892 0.0576530 0.1055704 0.0943338 0.1232689 0.0665457 0.0602828 0.0740598 0.0743692 0.0895681 0.0617792 0.0756657 0.0635307 0.0523768 0.0644445 0.0636541 0.0861605 0.0740873 0.1028399 0.1002406 0.0961166 0.0953962 0.0835154 0.1074407 0.0777449 0.0748318 0.0845569 0.0723751 0.0795687 0.0609668 0.0948242 0.1017613 0.0943638 0.1017562 0.0836246 0.0915641 0.0653302 0.0919672 0.0916590 0.0962467 0.1035209 0.0585956 0.1191085 0.0599811 0.0709649 0.0888299 0.0952510 0.0916388 0.1009636 0.1030227 0.0968804 0.0651775 0.0602002 0.1011028 0.0921962 0.0863850 0.0593343 0.0576492 0.0667720 0.1214200 0.0477711 0.1000558 0.1083586 0.1073020 0.1088745 0.0607305 0.0624800 0.1079041 0.0980956 0.1143525 0.0564094 0.0962266 0.1028809 0.0857212 0.0632011 0.1076952 0.0545862 0.1237906 0.0611937 0.0610215 0.0903608 0.0957885 0.0685580 0.0805643 0.1427371 0.0830421 0.0797543 0.0404533 0.0752077 
S0400         0.5435700 0.3841741 0.4342686 0.0806823 0.1256122 0.0713068 0.3107641 0.0529374 0.0689388 0.1046769 0.0778924 0.0163639 0.0908070 0.0853813 0.0184220 0.0340875 0.0956372 0.1725689 0.0962688 0.0973792 0.0747501 0.0753977 0.0581685 0.0000000 0.0219981 0.1001179 0.0739663 0.0797075 0.0590740 0.0632732 0.0937661 0.0903976 0.0691964 0.0651553 0.0973336 0.0884456 0.0456694 0.0196454 0.0921474 0.0833488 0.1148071 0.0533953 0.0185144 0.0805322 0.0572453 0.0800815 0.0434213 0.0652229 0.0602022 0.0162723 0.0610733 0.0589647 0.0712491 0.0791454 0.0933483 0.0909688 0.0834758 0.0905302 0.0671754 0.0961072 0.0671678 0.0713454 0.0730442 0.0604867 0.0690769 0.0355762 0.0951300 0.0900644 0.0820675 0.0944999 0.0736390 0.0752261 0.0619839 0.0708195 0.0816983 0.0929790 0.0940258 0.0432726 0.1086569 0.0139609 0.0466758 0.0767485 0.0893071 0.0863492 0.0898176 0.0911852 0.0821257 0.0606403 0.0184924 0.0906522 0.0825133 0.0739168 0.0118773 0.0184997 0.0583098 0.1093964 0.0365336 0.0837977 0.0981634 0.0989828 0.1004558 0.0360962 0.0673414 0.0959106 0.0951300 0.0997580 0.0118324 0.0962374 0.0932866 0.0794549 0.0455654 0.0967458 0.0343055 0.1216763 0.0328696 0.0560511 0.0807697 0.0855889 0.0608856 0.0697620 0.1536181 0.0704357 0.0765096 0.0722746 0.0691400 
S0405         0.5304291 0.3786129 0.4164047 0.0770352 0.1321051 0.0699838 0.2998114 0.0486985 0.0699609 0.0976511 0.0724565 0.0230893 0.0912340 0.0874119 0.0299820 0.0350255 0.0930240 0.1727560 0.0937613 0.0948618 0.0760367 0.0731337 0.0617204 0.0219981 0.0000000 0.1028175 0.0717593 0.0817855 0.0600962 0.0613816 0.0885000 0.0865521 0.0640872 0.0619435 0.0964987 0.0817932 0.0435305 0.0139107 0.0893909 0.0805255 0.1111933 0.0530800 0.0184303 0.0766085 0.0552965 0.0822540 0.0452547 0.0627658 0.0585948 0.0161500 0.0606811 0.0613383 0.0696790 0.0752458 0.0934372 0.0916885 0.0827766 0.0875236 0.0666307 0.0898620 0.0679899 0.0694341 0.0708361 0.0571666 0.0665463 0.0365687 0.0922030 0.0824886 0.0751201 0.0837917 0.0720341 0.0765719 0.0630026 0.0732360 0.0765129 0.0935589 0.0898072 0.0467262 0.1092093 0.0205661 0.0385754 0.0790911 0.0869205 0.0870818 0.0872317 0.0881879 0.0784112 0.0683744 0.0139052 0.0899266 0.0801408 0.0759869 0.0196537 0.0139105 0.0566786 0.1114216 0.0365745 0.0860624 0.0982072 0.1009736 0.0978946 0.0395460 0.0683462 0.0934151 0.0889801 0.1004376 0.0184327 0.0933001 0.0921254 0.0831138 0.0474619 0.0909476 0.0365757 0.1174915 0.0350780 0.0530822 0.0815305 0.0799919 0.0615143 0.0692846 0.1454323 0.0778844 0.0801543 0.0700535 0.0658079 
S0407sl       0.5495147 0.3887951 0.4288366 0.1102423 0.1686756 0.1059189 0.3103613 0.0964249 0.1048517 0.0649494 0.0996050 0.1045002 0.0421216 0.1083365 0.1014446 0.1115244 0.0654766 0.1858381 0.0553140 0.0499277 0.0947636 0.0970623 0.1147624 0.1001179 0.1028175 0.0000000 0.1017717 0.0456481 0.0929574 0.1117579 0.0510046 0.0526977 0.0852857 0.1099382 0.1208759 0.0512030 0.1114453 0.0976100 0.0488671 0.0528494 0.0848804 0.0981198 0.0998787 0.0962594 0.0895856 0.0966897 0.0952583 0.0849930 0.0940973 0.0951481 0.0955513 0.0942862 0.0907381 0.0924518 0.0676971 0.1172506 0.0635202 0.0571307 0.0873469 0.0475521 0.1016206 0.0873448 0.0926215 0.0803873 0.0836537 0.1071854 0.1223402 0.1102971 0.1121074 0.1201687 0.0794031 0.0888420 0.0947759 0.0539934 0.0965587 0.1121114 0.1236241 0.1053605 0.1217673 0.1022937 0.1196043 0.0944346 0.0394830 0.0590288 0.0693187 0.0612480 0.0520666 0.0770192 0.0997240 0.1218226 0.1094861 0.0888015 0.1005566 0.0997802 0.1024025 0.1249143 0.0688178 0.0612941 0.1204080 0.1196201 0.0510401 0.1098898 0.0992554 0.0185411 0.1223402 0.0728115 0.0983921 0.1234329 0.1097440 0.1075844 0.1048750 0.0460288 0.0976413 0.0841909 0.0887794 0.0851412 0.1062201 0.1059656 0.0819543 0.0873795 0.1727001 0.0983723 0.1091654 0.1188987 0.0846433 
S0412sl       0.5738953 0.3854908 0.4576041 0.0868529 0.1317063 0.0872938 0.2921578 0.0823598 0.0818961 0.1038684 0.0871570 0.0763815 0.1018096 0.0866890 0.0773872 0.0778780 0.1102289 0.1647636 0.1091435 0.1046636 0.0861946 0.0875997 0.0852005 0.0739663 0.0717593 0.1017717 0.0000000 0.0914184 0.0727650 0.0849083 0.1053005 0.0981328 0.0694155 0.0532355 0.1151172 0.1002230 0.0807023 0.0714421 0.0960777 0.0996253 0.1202330 0.0616632 0.0731303 0.0889209 0.0478665 0.0985957 0.0715813 0.0693828 0.0766204 0.0688808 0.0734618 0.0767704 0.0857958 0.0903992 0.1102035 0.1137608 0.0955817 0.1054574 0.0723716 0.0994753 0.0924952 0.0728007 0.0804854 0.0638565 0.0707796 0.0786029 0.1147055 0.1027881 0.1084633 0.1085654 0.0821545 0.0843805 0.0767173 0.0993377 0.0831567 0.0964588 0.1150289 0.0774616 0.1002803 0.0700837 0.0875955 0.0848914 0.0981299 0.0934192 0.0988563 0.1063706 0.0950308 0.0690714 0.0714506 0.1105202 0.0938187 0.0713940 0.0706258 0.0730637 0.0793171 0.1050077 0.0484841 0.1008274 0.0918067 0.0859322 0.0991148 0.0744751 0.0841381 0.0934552 0.1147055 0.1072111 0.0704493 0.1127042 0.0913737 0.0853216 0.0766394 0.1027017 0.0744982 0.1331601 0.0686724 0.0600952 0.0883464 0.0942677 0.0620850 0.0748423 0.1598237 0.0760119 0.0870762 0.0952001 0.0760555 
S0417         0.5066244 0.3685781 0.4712747 0.0809962 0.1257086 0.0856568 0.2937866 0.0756759 0.0796054 0.0437769 0.0843675 0.0833255 0.0279693 0.0779927 0.0779504 0.0945572 0.0520008 0.1589179 0.0416847 0.0277625 0.0686477 0.0697831 0.0893472 0.0797075 0.0817855 0.0456481 0.0914184 0.0000000 0.0692939 0.0957276 0.0244494 0.0322978 0.0593554 0.0865747 0.1033010 0.0340162 0.0944977 0.0756379 0.0356732 0.0353482 0.0683300 0.0717555 0.0704415 0.0813563 0.0705882 0.0696262 0.0680087 0.0591662 0.0704090 0.0744762 0.0714311 0.0705459 0.0720564 0.0778614 0.0432485 0.0899843 0.0408990 0.0369505 0.0602493 0.0279327 0.0731767 0.0627636 0.0720924 0.0525275 0.0540129 0.0810770 0.0956468 0.0806865 0.0829282 0.0947364 0.0683789 0.0715140 0.0708922 0.0236983 0.0794547 0.0904633 0.0943898 0.0899391 0.0957238 0.0727594 0.0963110 0.0681403 0.0183858 0.0417891 0.0460395 0.0380536 0.0404109 0.0484376 0.0759663 0.0954053 0.0814906 0.0632395 0.0778946 0.0760056 0.0753952 0.0900087 0.0509891 0.0432699 0.0873181 0.0884580 0.0416562 0.0849875 0.0749966 0.0351185 0.0956468 0.0560613 0.0760836 0.0967314 0.0803680 0.0781409 0.0785830 0.0369740 0.0765457 0.0656828 0.0744977 0.0680420 0.0826588 0.0720260 0.0605378 0.0602708 0.1480737 0.0771446 0.0795587 0.0970558 0.0577643 
S0419         0.5302346 0.3681509 0.4528491 0.0671118 0.1078801 0.0825947 0.3056519 0.0609206 0.0074859 0.0929994 0.0323982 0.0591267 0.0815045 0.0867327 0.0656254 0.0706442 0.0900301 0.1425158 0.0841698 0.0820543 0.0663484 0.0590458 0.0624150 0.0590740 0.0600962 0.0929574 0.0727650 0.0692939 0.0000000 0.0722056 0.0803121 0.0769268 0.0650865 0.0800268 0.0980636 0.0813554 0.0758905 0.0559865 0.0873969 0.0741351 0.1107997 0.0665262 0.0586454 0.0283789 0.0629622 0.0656613 0.0630120 0.0607713 0.0031016 0.0559938 0.0010434 0.0031073 0.0801744 0.0295575 0.0854381 0.0942813 0.0791262 0.0782557 0.0625456 0.0819536 0.0613016 0.0646042 0.0694979 0.0567611 0.0623371 0.0689388 0.0371505 0.0747930 0.0797040 0.0780441 0.0758396 0.0823772 0.0041702 0.0839837 0.0764043 0.0824303 0.0882478 0.0660752 0.1005820 0.0583478 0.0744397 0.0649594 0.0760077 0.0803601 0.0837383 0.0819773 0.0770401 0.0578373 0.0585643 0.0904373 0.0759867 0.0755113 0.0576780 0.0569245 0.0676206 0.1048880 0.0411879 0.0739170 0.0966490 0.0989275 0.0848691 0.0642161 0.0083971 0.0839816 0.0371505 0.0942577 0.0560395 0.0357983 0.0821795 0.0714424 0.0632273 0.0855316 0.0620325 0.1036486 0.0601524 0.0569973 0.0651525 0.0737928 0.0594976 0.0649677 0.1304465 0.0422207 0.0699328 0.0720916 0.0633888 
S0427         0.5319183 0.3654761 0.4666449 0.0989159 0.1322452 0.0898760 0.2947382 0.0692861 0.0842623 0.1089331 0.0825432 0.0630682 0.1060584 0.1083880 0.0695955 0.0724486 0.1097349 0.1691087 0.1071464 0.1045151 0.0994460 0.0948540 0.0467241 0.0632732 0.0613816 0.1117579 0.0849083 0.0957276 0.0722056 0.0000000 0.1173704 0.1038118 0.0823850 0.0771971 0.1074143 0.0948620 0.0780926 0.0598768 0.1066500 0.0962524 0.1308028 0.0747575 0.0625571 0.0832874 0.0772458 0.0991429 0.0714524 0.0799036 0.0733381 0.0570888 0.0744254 0.0734831 0.0925225 0.0818970 0.1068658 0.1061589 0.1040468 0.0992227 0.0907155 0.1062077 0.0800528 0.0790104 0.0888185 0.0751355 0.0838952 0.0672862 0.1013315 0.0990332 0.0976693 0.0974721 0.0909553 0.0961949 0.0734315 0.0925409 0.0946897 0.1081327 0.1048747 0.0718985 0.1226559 0.0607307 0.0693943 0.0996200 0.0989378 0.0994175 0.1090870 0.1100821 0.0952941 0.0712768 0.0624698 0.1067197 0.1023819 0.0932642 0.0589634 0.0598725 0.0720814 0.1326551 0.0533063 0.1042208 0.1205464 0.1228142 0.0992942 0.0676331 0.0750330 0.1052486 0.1047140 0.1199369 0.0599332 0.1058134 0.1134545 0.0941847 0.0747002 0.1097400 0.0571152 0.1218027 0.0621795 0.0708728 0.0994970 0.1037448 0.0778089 0.0907486 0.1524171 0.0866804 0.0913945 0.0472159 0.0882824 
S0428sl       0.5012489 0.3501757 0.2678292 0.0832584 0.0817064 0.1039660 0.2995952 0.0904877 0.0821377 0.0480038 0.0947596 0.0944283 0.0373676 0.0981148 0.0912100 0.1027830 0.0486132 0.2031146 0.0522913 0.0336364 0.0705456 0.0773356 0.1075140 0.0937661 0.0885000 0.0510046 0.1053005 0.0244494 0.0803121 0.1173704 0.0000000 0.0370206 0.0681049 0.1008404 0.1203352 0.0355546 0.1123240 0.0844662 0.0442246 0.0454185 0.0769906 0.0862207 0.0830246 0.0954736 0.0799238 0.0756973 0.0851139 0.0647495 0.0854366 0.0870246 0.0813738 0.0856560 0.0827252 0.0908390 0.0546579 0.1062847 0.0441989 0.0459358 0.0662827 0.0385602 0.0870969 0.0730109 0.0734503 0.0640900 0.0623457 0.0900729 0.1087324 0.0857061 0.0924578 0.1060149 0.0703066 0.0744483 0.0816152 0.0313434 0.0756126 0.0992017 0.1104866 0.1022482 0.1135832 0.0864680 0.1059918 0.0801337 0.0290507 0.0442134 0.0510803 0.0436546 0.0493657 0.0552571 0.0789661 0.1070891 0.0873042 0.0776485 0.0875342 0.0851401 0.0856280 0.1041019 0.0421728 0.0500967 0.1071154 0.1198414 0.0486325 0.0971905 0.0937029 0.0437197 0.1043405 0.0591186 0.0870717 0.1039930 0.0999971 0.0888097 0.0891876 0.0403001 0.0918752 0.0840362 0.0870935 0.0774524 0.0904627 0.0820284 0.0760822 0.0696354 0.1572448 0.0725058 0.0914724 0.1015764 0.0679254 
