105
CRNC          0.0000000 0.3068323 0.3143225 0.4784805 0.4357944 0.3655453 0.4112640 0.5742365 0.4951533 0.5171567 0.5189817 0.5247493 0.4998188 0.5247853 0.4820634 0.4818884 0.4307076 0.5174052 0.4942552 0.4287410 0.5597234 0.4248151 0.4784558 0.4667299 0.3979075 0.6294317 0.4570183 0.4054467 0.3698156 0.4917336 0.4546864 0.4875586 0.4862510 0.4630625 0.4838564 0.4582101 0.5410690 0.4570702 0.4786759 0.4938513 0.4676033 0.4915526 0.5339425 0.4938583 0.4847765 0.5067920 0.4644494 0.5184006 0.3932601 0.4644494 0.5434988 0.5316243 0.4207165 0.4271366 0.4501933 0.4987288 0.4856592 0.4626021 0.4491950 0.4314147 0.4489899 0.4570285 0.4318421 0.4509906 0.4181084 0.4628102 0.5985285 0.4533327 0.5820471 0.5063132 0.4758591 0.4258507 0.4480233 0.5178528 0.5791347 0.4938873 0.4441218 0.4484259 0.4358328 0.3563214 0.4700801 0.3963155 0.4325142 0.4716529 0.4997202 0.5038905 0.4071703 0.5548744 0.5383314 0.4910960 0.4663716 0.4112529 0.5856203 0.4962595 0.4656358 0.4840549 0.5059208 0.4815501 0.4465926 0.4691845 0.4686148 0.4035952 0.4895631 0.5449488 0.4954497 
HYZL          0.3068323 0.0000000 0.0847378 0.4471914 0.3910232 0.3218499 0.3833791 0.4928318 0.4467281 0.4236337 0.4879898 0.4777836 0.4114518 0.4968943 0.4882041 0.4178886 0.4455206 0.4579033 0.4420219 0.4341746 0.4949625 0.3742528 0.4055294 0.4068883 0.4098138 0.4511096 0.3808986 0.3797350 0.3329084 0.5132222 0.4393403 0.4592926 0.4185652 0.5011747 0.4074817 0.4012843 0.5069900 0.4439622 0.4184858 0.4043176 0.4342540 0.4216337 0.4770685 0.4483681 0.4146980 0.4266969 0.3789931 0.4408114 0.3538753 0.3789931 0.4790471 0.4394146 0.4124447 0.4471624 0.4162828 0.4442889 0.4417099 0.4649164 0.4144485 0.4191584 0.4758861 0.4288085 0.4952700 0.4166662 0.4142394 0.4590058 0.4250776 0.3865211 0.4096420 0.4588682 0.4107341 0.4335166 0.3642156 0.4989590 0.3987121 0.4157077 0.3973232 0.4395046 0.4219291 0.3811486 0.4354090 0.3996884 0.4542826 0.4327138 0.4196130 0.4241636 0.4112609 0.4717610 0.4870048 0.4249956 0.3908324 0.3759753 0.5313812 0.3999443 0.4635642 0.4722048 0.4815645 0.4662754 0.3863575 0.3980786 0.4307252 0.4259524 0.3877089 0.4835009 0.4326356 
MYZV          0.3143225 0.0847378 0.0000000 0.4094994 0.3384015 0.3960097 0.3237266 0.3923088 0.3857606 0.4038310 0.3523193 0.3783877 0.3280521 0.4940382 0.3893786 0.3558156 0.3069710 0.3306041 0.3292422 0.3309292 0.4026618 0.3095548 0.3556120 0.3463295 0.3443341 0.0000010 0.3342409 0.3243364 0.3088633 0.3898027 0.3453425 0.3776015 0.3317529 0.4119988 0.3088401 0.3359288 0.3888125 0.3997281 0.3277219 0.3553501 0.3359288 0.3871625 0.3267055 0.4264927 0.3317529 0.3433414 0.3295896 0.3566397 0.3538132 0.3295896 0.4281519 0.4482603 0.3496700 0.3328010 0.3195379 0.4038411 0.3294287 0.3385441 0.2810070 0.3244059 0.3587299 0.3333352 0.4127338 0.2887618 0.3633120 0.4130466 0.5502498 0.3295896 0.5685477 0.3493770 0.3272632 0.3136999 0.3098824 0.4468033 0.5506927 0.3566397 0.3543484 0.3370361 0.3347427 0.3235849 0.3816791 0.3029770 0.3500921 0.3405838 0.3317529 0.3563080 0.2816526 0.3926539 0.3812089 0.3779942 0.3359288 0.3518613 0.4313639 0.3781371 0.3968006 0.3608291 0.4247769 0.3590809 0.3752782 0.3776015 0.3301556 0.3402703 0.3161785 0.4752814 0.3828954 
SRR6441723    0.4784805 0.4471914 0.4094994 0.0000000 0.0690664 0.2474278 0.0908574 0.1596722 0.1433318 0.0812834 0.1449026 0.0890505 0.0877277 0.1506224 0.1202148 0.1567847 0.1652002 0.1332305 0.1643153 0.1206852 0.0775223 0.0987503 0.0688187 0.0659336 0.0793015 0.1142098 0.0908035 0.1212980 0.0807968 0.1456300 0.1032737 0.1230089 0.1270513 0.1495524 0.0893064 0.0733263 0.1450952 0.1122083 0.1001218 0.0895571 0.0608986 0.1342176 0.1756183 0.1094105 0.1568206 0.0849264 0.0904756 0.0896908 0.0923530 0.0904756 0.1265433 0.1400393 0.1130089 0.1152666 0.1127234 0.1158268 0.0814377 0.1235929 0.1054066 0.1207475 0.1064479 0.1379502 0.0715098 0.1191098 0.0804204 0.1213724 0.1983189 0.0946622 0.2157624 0.1427790 0.0653920 0.1343043 0.0989514 0.0883817 0.2101417 0.0730110 0.0847000 0.1046213 0.1079330 0.0994241 0.1788001 0.0982157 0.1330416 0.1255945 0.1519957 0.0776456 0.1209791 0.0887958 0.0931033 0.0857576 0.0688569 0.1002561 0.1152786 0.1135823 0.1395023 0.0941941 0.0854297 0.1111080 0.0816479 0.1036983 0.1427304 0.1238587 0.0701518 0.1818028 0.0855082 
ERR2789774    0.4357944 0.3910232 0.3384015 0.0690664 0.0000000 0.2394936 0.1055339 0.1264693 0.1421906 0.0683964 0.1022329 0.1014901 0.0701344 0.1408714 0.1136437 0.1331434 0.1471444 0.0805120 0.1356801 0.0901196 0.0579280 0.0804266 0.0474206 0.0383273 0.1021193 0.0000010 0.1190237 0.1053770 0.1150029 0.0918925 0.1014901 0.1723580 0.1197450 0.1265977 0.0377830 0.0375859 0.1497493 0.0902039 0.0911201 0.0790297 0.0375859 0.1557813 0.1344978 0.1283085 0.1197450 0.0382370 0.1178050 0.0474207 0.1310729 0.1178050 0.1422860 0.1911945 0.0917599 0.1189628 0.1015219 0.0906975 0.0684471 0.0932452 0.0850051 0.0922184 0.0906694 0.1354654 0.0813526 0.0881310 0.0520331 0.0931478 0.3175509 0.1178050 0.3389636 0.1132875 0.0585805 0.1075342 0.0697404 0.1242396 0.2823001 0.0475165 0.0576403 0.0786712 0.0894003 0.1023338 0.1472596 0.0520100 0.1386732 0.1335227 0.1197450 0.0474906 0.0982285 0.0947245 0.1129307 0.0576728 0.0375859 0.1426645 0.1139353 0.1048839 0.1496487 0.0796614 0.1128218 0.0785534 0.0686489 0.1449644 0.1345935 0.1049106 0.0489193 0.2178713 0.0690608 
PAFTOL_019361 0.3655453 0.3218499 0.3960097 0.2474278 0.2394936 0.0000000 0.2010451 0.3181310 0.2110937 0.2178103 0.2762726 0.2308072 0.2291359 0.2926805 0.2667902 0.2688034 0.2730719 0.2642352 0.2695496 0.2499787 0.2612527 0.2189272 0.2052861 0.1968814 0.2211550 0.2510910 0.2104255 0.2426214 0.1484064 0.2734848 0.2196018 0.1962391 0.2678432 0.2733715 0.2246204 0.2131280 0.3030063 0.2418850 0.2210067 0.2043020 0.2308984 0.2165583 0.2958653 0.2627949 0.2722456 0.2360913 0.2094987 0.2302010 0.1924366 0.2094987 0.2564282 0.2408127 0.2500187 0.2407047 0.2220674 0.2511361 0.2493625 0.2508445 0.2046952 0.2186791 0.2417961 0.2800058 0.2542355 0.2333387 0.1936796 0.2359642 0.2284333 0.2152417 0.2098062 0.2432970 0.2463414 0.2675809 0.2214288 0.2309668 0.2112023 0.2062725 0.2106143 0.2496129 0.2152359 0.2402459 0.2963633 0.2185612 0.2362551 0.2294057 0.2659729 0.2153336 0.2448756 0.2383842 0.2384374 0.2259786 0.1992623 0.1902116 0.2424750 0.2134823 0.2427441 0.2483605 0.2456579 0.2359120 0.2169228 0.2167910 0.2867556 0.2417108 0.2035453 0.3253167 0.2222691 
S0055         0.4112640 0.3833791 0.3237266 0.0908574 0.1055339 0.2010451 0.0000000 0.1271574 0.0878443 0.0531963 0.1078933 0.0766535 0.0527293 0.1149712 0.0987312 0.0861541 0.1087509 0.1058401 0.0877473 0.0820416 0.0816771 0.0492704 0.0382712 0.0351681 0.1213388 0.0555009 0.0494891 0.0651094 0.0604417 0.1304517 0.0571019 0.0866569 0.0656960 0.1028974 0.0568372 0.0422447 0.1167644 0.0774362 0.0611947 0.0420227 0.0480610 0.0775874 0.0966847 0.0745054 0.0861723 0.0611655 0.0493217 0.0609761 0.0705929 0.0493217 0.0800127 0.0950724 0.0691079 0.0691401 0.0779071 0.0813435 0.0727038 0.0691192 0.0543234 0.0524736 0.0647189 0.1134695 0.1265343 0.0589974 0.0512300 0.0733802 0.1673025 0.0530684 0.1731592 0.0764631 0.0685927 0.0811639 0.0568772 0.0799927 0.1625221 0.0420653 0.0456271 0.0705741 0.0736053 0.1001522 0.1038807 0.0596121 0.0830801 0.0519234 0.0821262 0.0609476 0.0581782 0.0793777 0.0805970 0.0536748 0.0382920 0.0314833 0.1023310 0.0579848 0.1052235 0.0810901 0.0847694 0.0771821 0.0576846 0.0609729 0.1179637 0.1044947 0.0427889 0.1541570 0.0573873 
S0278         0.5742365 0.4928318 0.3923088 0.1596722 0.1264693 0.3181310 0.1271574 0.0000000 0.1519899 0.1288348 0.0575978 0.1732345 0.1347848 0.1713669 0.0817619 0.1897750 0.1919763 0.0724882 0.1700412 0.1029528 0.1578105 0.1405331 0.1109079 0.1083439 0.0856330 0.1344175 0.1278358 0.1411690 0.0991706 0.1559010 0.1552511 0.1719517 0.1908347 0.1067839 0.1152817 0.1122601 0.0816200 0.1116718 0.1176067 0.1163082 0.1179043 0.1374131 0.1744453 0.1426027 0.1852832 0.1288493 0.1273501 0.1382459 0.1446711 0.1273501 0.1947744 0.1579763 0.1024686 0.1578370 0.1122066 0.0935834 0.1391281 0.1580194 0.1475452 0.1539019 0.1529501 0.1988213 0.1436335 0.1530878 0.1251414 0.1645576 0.2554164 0.1228404 0.2645234 0.1733283 0.1342154 0.1685365 0.1210223 0.1809104 0.2449572 0.1156908 0.1024281 0.0615511 0.1074392 0.1181942 0.2070958 0.1020498 0.0867354 0.1501054 0.1847637 0.1342222 0.1315100 0.1528650 0.1825332 0.1211326 0.1109714 0.1202682 0.2047463 0.1299301 0.1236404 0.1671609 0.1878088 0.0817406 0.1087434 0.1419746 0.2043144 0.1468147 0.1178105 0.2506274 0.1164563 
S0281         0.4951533 0.4467281 0.3857606 0.1433318 0.1421906 0.2110937 0.0878443 0.1519899 0.0000000 0.1200170 0.1468140 0.1297383 0.1127685 0.1489235 0.1469766 0.1692683 0.1799873 0.1271077 0.1533102 0.1470436 0.1369313 0.1106793 0.1012331 0.0979736 0.1531928 0.1072676 0.0701959 0.1086489 0.1158574 0.1932729 0.1015974 0.1434275 0.1704025 0.1413182 0.1243525 0.0975948 0.1628950 0.1311470 0.1243160 0.0970288 0.1188474 0.0612669 0.1651491 0.1417079 0.1646759 0.1242668 0.0699342 0.1161569 0.1153921 0.0699342 0.1478551 0.0739716 0.1370887 0.1303288 0.1339854 0.1213324 0.1202200 0.1323567 0.0937148 0.0915836 0.1197835 0.0974748 0.1763544 0.1408086 0.0908651 0.1067450 0.1774107 0.0696910 0.1732313 0.1220481 0.1305967 0.1254646 0.1263236 0.1244397 0.1625377 0.1016421 0.1195915 0.1224751 0.1286431 0.1816123 0.1928592 0.1157669 0.1269205 0.1226689 0.1526304 0.1256299 0.1176845 0.1199996 0.1349764 0.1165221 0.1012948 0.0876077 0.1345083 0.1315850 0.1243155 0.1156516 0.1353118 0.1299746 0.1212552 0.0831933 0.1020575 0.1662846 0.1129592 0.1338572 0.1256299 
S0282         0.5171567 0.4236337 0.4038310 0.0812834 0.0683964 0.2178103 0.0531963 0.1288348 0.1200170 0.0000000 0.1184569 0.0955255 0.0254551 0.1277674 0.1092153 0.1225136 0.1277723 0.1170031 0.1248228 0.0962300 0.0683428 0.0681744 0.0133040 0.0203883 0.1062088 0.0552864 0.0762667 0.0689751 0.0975273 0.1485569 0.0800625 0.0857376 0.1108193 0.1141902 0.0415353 0.0237186 0.1185896 0.0883858 0.0886554 0.0524706 0.0229112 0.1078327 0.1347911 0.0774036 0.1225403 0.0415303 0.0760021 0.0272049 0.1208911 0.0760021 0.1010689 0.1264435 0.0889961 0.0983391 0.0969289 0.0923182 0.0751767 0.0938947 0.0735765 0.0841511 0.0832282 0.1364893 0.1105434 0.0799463 0.0580621 0.0842818 0.1875130 0.0799622 0.2041871 0.1020859 0.0678244 0.1112361 0.0530505 0.0750603 0.1928744 0.0236200 0.0340325 0.0810655 0.0924548 0.1271974 0.1421944 0.0706988 0.1026206 0.0899958 0.1181453 0.0413819 0.0869581 0.0908811 0.0995678 0.0344217 0.0201110 0.0737346 0.1135489 0.0612865 0.1033271 0.0920358 0.0957100 0.0875045 0.0454116 0.0884423 0.1412112 0.1156806 0.0135759 0.1797493 0.0451848 
S0289         0.5189817 0.4879898 0.3523193 0.1449026 0.1022329 0.2762726 0.1078933 0.0575978 0.1468140 0.1184569 0.0000000 0.1519142 0.1235102 0.1772699 0.0649594 0.1670726 0.1802375 0.0643502 0.1482477 0.0687565 0.1373245 0.1020881 0.1010909 0.0984860 0.0497907 0.1319566 0.1084919 0.1143150 0.0602809 0.1350179 0.1346393 0.1556632 0.1545470 0.0851500 0.1053977 0.1023057 0.0694333 0.0934910 0.0905521 0.0977939 0.0975384 0.1210644 0.1524832 0.1314961 0.1627566 0.1239837 0.1080912 0.1275691 0.1011309 0.1080912 0.1758691 0.1407535 0.0891738 0.1367868 0.0856836 0.0843778 0.1234023 0.1343280 0.1221520 0.1294342 0.1326908 0.1823654 0.1004623 0.1359763 0.1056311 0.1435452 0.2402550 0.1037892 0.2423646 0.1397688 0.1109271 0.1564920 0.1115687 0.1594210 0.2349148 0.1056959 0.1011504 0.0385648 0.0812967 0.0780908 0.1776954 0.0837971 0.0696075 0.1382380 0.1622923 0.1236282 0.1209939 0.1423057 0.1607998 0.1109008 0.1011479 0.1152342 0.1874603 0.1155569 0.1132348 0.1428610 0.1658148 0.0536834 0.1026887 0.1219482 0.1876900 0.1225486 0.1075998 0.2322450 0.1149853 
S0292         0.5247493 0.4777836 0.3783877 0.0890505 0.1014901 0.2308072 0.0766535 0.1732345 0.1297383 0.0955255 0.1519142 0.0000000 0.1078583 0.1733036 0.1223415 0.1717603 0.1714040 0.1378760 0.1648500 0.1316530 0.0714730 0.0923358 0.0792506 0.0764975 0.0872051 0.1429988 0.0766764 0.1101589 0.0506011 0.1817700 0.0647989 0.1248269 0.1423073 0.1503752 0.1044090 0.0838632 0.1522556 0.1223586 0.1146441 0.0834218 0.0822346 0.1174910 0.1759360 0.1197912 0.1717991 0.1043941 0.0764087 0.1040499 0.0795467 0.0764087 0.0930041 0.1365795 0.1232159 0.1397292 0.1186523 0.1172616 0.0605576 0.1216535 0.0660414 0.0845422 0.0680220 0.1404523 0.1109387 0.1246927 0.0624169 0.0766560 0.1990630 0.0803933 0.1948698 0.0978931 0.0837490 0.1446639 0.1090947 0.0375680 0.1992630 0.0835066 0.0872338 0.1116170 0.1138784 0.0878028 0.1940529 0.1043723 0.1212363 0.1230969 0.1614258 0.1002191 0.1277415 0.1083192 0.0099461 0.0964132 0.0792942 0.0987566 0.0563150 0.1065627 0.1502476 0.0382082 0.0201696 0.1179816 0.1008878 0.0889290 0.1451953 0.1443874 0.0849671 0.1739589 0.1003479 
S0293         0.4998188 0.4114518 0.3280521 0.0877277 0.0701344 0.2291359 0.0527293 0.1347848 0.1127685 0.0254551 0.1235102 0.1078583 0.0000000 0.1355890 0.1139080 0.1214601 0.1265940 0.1243987 0.1234660 0.1042315 0.0781226 0.0779109 0.0179683 0.0256354 0.1120504 0.0630985 0.0868150 0.0699715 0.1020537 0.1561842 0.0909701 0.0838851 0.1085759 0.1239243 0.0487393 0.0293237 0.1231497 0.0909702 0.1004545 0.0606655 0.0292197 0.1007446 0.1344382 0.0838958 0.1214882 0.0403570 0.0864885 0.0252246 0.1443804 0.0864885 0.0841330 0.1193555 0.0861540 0.0956652 0.1095514 0.0999562 0.0854730 0.0960298 0.0793968 0.0772068 0.0893979 0.1476373 0.1317770 0.0812014 0.0628448 0.0912362 0.1626667 0.0908306 0.1793520 0.1056443 0.0685772 0.1047070 0.0525757 0.0896779 0.1680204 0.0254340 0.0405017 0.0921923 0.1045886 0.1512631 0.1368841 0.0761153 0.1060391 0.0867623 0.1168425 0.0485474 0.0793406 0.0877828 0.1078081 0.0371128 0.0253623 0.0799293 0.1181120 0.0705037 0.0917950 0.1036976 0.1032544 0.0947297 0.0490150 0.1001900 0.1527908 0.1196633 0.0107902 0.1952661 0.0527215 
S0294         0.5247853 0.4968943 0.4940382 0.1506224 0.1408714 0.2926805 0.1149712 0.1713669 0.1489235 0.1277674 0.1772699 0.1733036 0.1355890 0.0000000 0.1754630 0.1959198 0.1939009 0.1564544 0.2043109 0.1651891 0.1604377 0.1434333 0.1089022 0.1011768 0.1537338 0.1459662 0.1440642 0.1442909 0.1062673 0.2062973 0.1430744 0.1220012 0.1871656 0.1706975 0.1277797 0.1144602 0.2157694 0.1542528 0.1421001 0.1137998 0.1117225 0.1497222 0.2105531 0.1517425 0.1959680 0.1235928 0.1434842 0.1324509 0.1883536 0.1434842 0.1772235 0.1653996 0.1549361 0.1564874 0.1522482 0.1392467 0.1625166 0.1481190 0.1407493 0.1389126 0.1511287 0.1691129 0.1449802 0.1253086 0.1275437 0.1526520 0.1722767 0.1484132 0.2006921 0.1805790 0.1488338 0.1671897 0.1298188 0.1617854 0.1704070 0.1093422 0.1180119 0.1571372 0.1465547 0.1727927 0.2095957 0.1335969 0.1465434 0.1658727 0.1953883 0.1240573 0.1327811 0.1458962 0.1732400 0.1201037 0.1089679 0.1217422 0.1811189 0.1315455 0.1352200 0.1641697 0.1736413 0.1581860 0.1251985 0.1593159 0.1745168 0.1697283 0.1208210 0.2195950 0.1239444 
S0299         0.4820634 0.4882041 0.3893786 0.1202148 0.1136437 0.2667902 0.0987312 0.0817619 0.1469766 0.1092153 0.0649594 0.1223415 0.1139080 0.1754630 0.0000000 0.1669775 0.1578900 0.0816023 0.1590058 0.0610745 0.1134970 0.1113757 0.0922843 0.0896155 0.0596240 0.1298519 0.1078521 0.1295296 0.0511368 0.1152327 0.1248182 0.1401784 0.1546339 0.0607286 0.1015389 0.0933828 0.0727484 0.0847995 0.0818836 0.1056292 0.0968863 0.1211989 0.1633310 0.1306804 0.1670151 0.1184955 0.1074563 0.1180926 0.1018947 0.1074563 0.1590995 0.1409084 0.0853874 0.1218929 0.0808511 0.0839171 0.1055801 0.1342566 0.1173497 0.1326806 0.1230351 0.1708862 0.1012167 0.1351716 0.0963616 0.1245576 0.2001913 0.1031846 0.2173088 0.1456116 0.0972573 0.1316902 0.1148108 0.1256337 0.2055705 0.0967495 0.1005766 0.0348082 0.0765608 0.0786795 0.1832875 0.0750883 0.0498252 0.1227134 0.1622003 0.1180985 0.1013586 0.1280700 0.1266563 0.1102525 0.0923359 0.1014074 0.1418952 0.1242436 0.1084357 0.1331166 0.1312756 0.0573227 0.1021809 0.1173059 0.1760657 0.1070808 0.0984732 0.2191450 0.1143092 
S0303         0.4818884 0.4178886 0.3558156 0.1567847 0.1331434 0.2688034 0.0861541 0.1897750 0.1692683 0.1225136 0.1670726 0.1717603 0.1214601 0.1959198 0.1669775 0.0000000 0.0878702 0.1637112 0.0310395 0.1429872 0.1538131 0.1365859 0.1044560 0.0978206 0.1951266 0.1160614 0.1372136 0.1476337 0.1469512 0.1634036 0.1512802 0.1604871 0.0129351 0.1830930 0.1209994 0.1097462 0.1796553 0.1667428 0.1326674 0.1319877 0.1112602 0.1735541 0.0424358 0.1362934 0.0132944 0.1324786 0.1366841 0.1320016 0.1739818 0.1366841 0.1691620 0.1909334 0.1497428 0.0856198 0.1473738 0.1618124 0.1505267 0.0809863 0.1392743 0.1339515 0.1607286 0.1969832 0.1652061 0.0662953 0.1267695 0.1619220 0.2676113 0.1413768 0.2539710 0.1535885 0.1329491 0.0853737 0.1287149 0.1610066 0.2410098 0.1092522 0.1132830 0.1345181 0.1420229 0.1572811 0.0238192 0.1476456 0.1655635 0.0517260 0.0099389 0.1180508 0.0791362 0.1567944 0.1767167 0.1237339 0.1045169 0.1140831 0.1829956 0.1204900 0.1802498 0.1711674 0.1820561 0.1469568 0.1180964 0.1517256 0.2024506 0.1594916 0.1112889 0.2485554 0.1280296 
S0308         0.4307076 0.4455206 0.3069710 0.1652002 0.1471444 0.2730719 0.1087509 0.1919763 0.1799873 0.1277723 0.1802375 0.1714040 0.1265940 0.1939009 0.1578900 0.0878702 0.0000000 0.1769733 0.1020729 0.1490417 0.1578580 0.1425414 0.1094715 0.1161452 0.2019517 0.1398172 0.1527228 0.1470185 0.1760775 0.2017442 0.1526444 0.1529272 0.0884322 0.1969589 0.1360178 0.1237907 0.1691896 0.1846088 0.1427185 0.1429242 0.1215559 0.1750548 0.1114547 0.1697284 0.0878891 0.1472010 0.1521235 0.1281430 0.2173597 0.1521235 0.1733791 0.1974340 0.1678260 0.0899538 0.1482206 0.1692765 0.1524271 0.0995923 0.1495291 0.1443182 0.1626807 0.2072356 0.1931793 0.0850535 0.1425483 0.1630104 0.2517620 0.1569718 0.2593705 0.1689276 0.1462771 0.0811426 0.1298337 0.1554968 0.2210250 0.1232301 0.1273332 0.1408167 0.1428500 0.1760550 0.1059483 0.1527685 0.1720382 0.0765020 0.0837667 0.1321516 0.0705939 0.1551440 0.1763271 0.1382519 0.1183071 0.1249546 0.1885945 0.1368225 0.1982095 0.1774458 0.1816285 0.1476678 0.1274459 0.1677260 0.2127844 0.1571810 0.1164925 0.2597728 0.1426391 
S0320         0.5174052 0.4579033 0.3306041 0.1332305 0.0805120 0.2642352 0.1058401 0.0724882 0.1271077 0.1170031 0.0643502 0.1378760 0.1243987 0.1564544 0.0816023 0.1637112 0.1769733 0.0000000 0.1491307 0.0815443 0.1316454 0.1287831 0.0987321 0.0864951 0.0570594 0.1484535 0.1098602 0.1381953 0.0587011 0.1176322 0.1278665 0.1364091 0.1697911 0.1082707 0.1072590 0.0992451 0.0942049 0.0902153 0.0915694 0.1041315 0.1050775 0.1111678 0.1609106 0.1356950 0.1638422 0.1219910 0.1094336 0.1266044 0.1053996 0.1094336 0.1547035 0.1304477 0.0900236 0.1359149 0.0864227 0.0807297 0.1222091 0.1295560 0.1208111 0.1234893 0.1320016 0.1682381 0.0939072 0.1400451 0.0988211 0.1385976 0.2022763 0.1049063 0.1991124 0.1403847 0.1127715 0.1516267 0.1189472 0.1457515 0.1859082 0.0991207 0.1076681 0.0446085 0.0817931 0.0689067 0.1796895 0.0843760 0.0608136 0.1374104 0.1587211 0.1224453 0.1183575 0.1248175 0.1469643 0.1135778 0.0987909 0.1070087 0.1628658 0.1232185 0.1095689 0.1373645 0.1570833 0.0597933 0.1098610 0.1240428 0.1736211 0.1207597 0.1055386 0.2070846 0.1225556 
S0322         0.4942552 0.4420219 0.3292422 0.1643153 0.1356801 0.2695496 0.0877473 0.1700412 0.1533102 0.1248228 0.1482477 0.1648500 0.1234660 0.2043109 0.1590058 0.0310395 0.1020729 0.1491307 0.0000000 0.1404299 0.1567726 0.1391699 0.1064156 0.1041379 0.1721855 0.1176177 0.1336888 0.1493959 0.1237458 0.1667538 0.1541603 0.1624472 0.0219597 0.1820064 0.1183487 0.1118225 0.1602106 0.1643626 0.1282660 0.1344875 0.1023397 0.1691903 0.0168339 0.1369436 0.0310457 0.1349906 0.1331718 0.1344958 0.1489751 0.1331718 0.1778046 0.1864720 0.1472723 0.0871912 0.1428558 0.1692346 0.1533733 0.0824636 0.1419598 0.1364469 0.1637838 0.1873833 0.1667190 0.0722522 0.1396695 0.1761548 0.2729072 0.1378574 0.2659377 0.1617613 0.1354792 0.0869385 0.1311721 0.1727703 0.2578375 0.1113109 0.1154112 0.1166173 0.1375595 0.1610908 0.0420571 0.1450504 0.1464955 0.0526990 0.0203574 0.1243720 0.0806180 0.1598526 0.1800935 0.1260879 0.1064786 0.1105931 0.1942061 0.1228031 0.1772449 0.1744283 0.1855360 0.1380565 0.1203249 0.1481748 0.1927701 0.1714621 0.1134203 0.2379859 0.1304594 
S0327         0.4287410 0.4341746 0.3309292 0.1206852 0.0901196 0.2499787 0.0820416 0.1029528 0.1470436 0.0962300 0.0687565 0.1316530 0.1042315 0.1651891 0.0610745 0.1429872 0.1490417 0.0815443 0.1404299 0.0000000 0.1139288 0.1019480 0.0798281 0.0770618 0.0683146 0.1140396 0.0985049 0.1156740 0.0598169 0.1111081 0.1071588 0.1292063 0.1240567 0.0773640 0.0887020 0.0767659 0.0767083 0.0724750 0.0694566 0.0926740 0.0825833 0.1196205 0.1509024 0.1119087 0.1430191 0.1013092 0.0981488 0.1048223 0.1003706 0.0981488 0.1438544 0.1390880 0.0729732 0.1043960 0.0657962 0.0763059 0.1008309 0.1116776 0.1089435 0.1242858 0.1056499 0.1552388 0.0701476 0.1113346 0.0832890 0.1195812 0.2115888 0.0939792 0.2182517 0.1212771 0.0889359 0.1049897 0.1053493 0.1349445 0.2064477 0.0841187 0.0878728 0.0460477 0.0616491 0.0600926 0.1584316 0.0627051 0.0657353 0.1141749 0.1384002 0.1048153 0.0801699 0.1237287 0.1360622 0.0971304 0.0798723 0.0965881 0.1517365 0.1113640 0.0866020 0.1368954 0.1407901 0.0532749 0.0892531 0.1115280 0.1602538 0.0883726 0.0856000 0.2016325 0.1010945 
S0335         0.5597234 0.4949625 0.4026618 0.0775223 0.0579280 0.2612527 0.0816771 0.1578105 0.1369313 0.0683428 0.1373245 0.0714730 0.0781226 0.1604377 0.1134970 0.1538131 0.1578580 0.1316454 0.1567726 0.1139288 0.0000000 0.0976752 0.0529248 0.0575062 0.0680379 0.1218595 0.0935751 0.1159431 0.0692713 0.1629131 0.0933798 0.1131046 0.1435875 0.1418286 0.0845911 0.0571437 0.1466705 0.1142321 0.1075566 0.0805258 0.0692596 0.1279702 0.1677434 0.1169396 0.1538478 0.0845796 0.0932406 0.0608258 0.0999458 0.0932406 0.1250364 0.1476378 0.1150332 0.1180189 0.1201983 0.1092479 0.0725770 0.1132871 0.0998474 0.1149559 0.1052227 0.1460166 0.0707435 0.1213745 0.0791691 0.1112036 0.2025328 0.0973970 0.2309780 0.1250727 0.0757789 0.1317061 0.0978706 0.0794954 0.2188756 0.0644798 0.0758806 0.0937625 0.1153587 0.0871637 0.1753721 0.0919683 0.1208709 0.1146519 0.1491151 0.0805485 0.1150942 0.0962767 0.0753126 0.0768095 0.0604642 0.1043598 0.1139164 0.1036472 0.1475605 0.0846360 0.0675694 0.1053067 0.0891291 0.1063787 0.1508415 0.1355864 0.0617375 0.1904487 0.0886558 
S0376         0.4248151 0.3742528 0.3095548 0.0987503 0.0804266 0.2189272 0.0492704 0.1405331 0.1106793 0.0681744 0.1020881 0.0923358 0.0779109 0.1434333 0.1113757 0.1365859 0.1425414 0.1287831 0.1391699 0.1019480 0.0976752 0.0000000 0.0528000 0.0498204 0.0692193 0.0904774 0.0720683 0.0415230 0.0596885 0.1409636 0.0683204 0.1074835 0.1279103 0.1070781 0.0642075 0.0569903 0.1210654 0.0771625 0.0768267 0.0491999 0.0605982 0.0816973 0.1495237 0.0821636 0.1366160 0.0764454 0.0718202 0.0762035 0.0594658 0.0718202 0.1057663 0.0992898 0.0776978 0.1113858 0.0817046 0.0891001 0.0803018 0.1028675 0.0699036 0.0884264 0.0800325 0.1354891 0.0916903 0.0881900 0.0706673 0.0972661 0.1816145 0.0757316 0.1876668 0.0977741 0.0887915 0.1246737 0.0570375 0.0876197 0.1767629 0.0567493 0.0603190 0.0826634 0.0773661 0.0886995 0.1516483 0.0554482 0.0954894 0.0949449 0.1320958 0.0761788 0.0958890 0.1099056 0.0963833 0.0687947 0.0454474 0.0655644 0.1103467 0.0732887 0.1133309 0.0888250 0.0925159 0.0929614 0.0729023 0.0840881 0.1401750 0.1085028 0.0615863 0.1673789 0.0647306 
S0400         0.4784558 0.4055294 0.3556120 0.0688187 0.0474206 0.2052861 0.0382712 0.1109079 0.1012331 0.0133040 0.1010909 0.0792506 0.0179683 0.1089022 0.0922843 0.1044560 0.1094715 0.0987321 0.1064156 0.0798281 0.0529248 0.0528000 0.0000000 0.0066721 0.0861742 0.0423904 0.0605556 0.0534155 0.0776527 0.1281307 0.0642342 0.0694468 0.0936965 0.0969739 0.0271781 0.0099792 0.1011921 0.0722211 0.0724463 0.0377562 0.0112704 0.0899419 0.1159046 0.0614378 0.1044786 0.0271750 0.0603494 0.0201771 0.0994490 0.0603494 0.0837794 0.1078031 0.0727154 0.0815550 0.0804169 0.0760344 0.0597048 0.0772982 0.0577014 0.0681588 0.0674308 0.1179314 0.0896212 0.0714357 0.0427025 0.0682725 0.1668205 0.0641690 0.1827326 0.0845705 0.0525202 0.0939616 0.0381634 0.0671668 0.1719305 0.0099390 0.0200468 0.0650361 0.0761576 0.1060325 0.1232345 0.0547119 0.0856761 0.0728080 0.1002405 0.0270765 0.0703985 0.0742368 0.0831526 0.0202720 0.0065829 0.0578353 0.0964572 0.0459589 0.0856015 0.0758004 0.0794053 0.0715239 0.0308531 0.0722776 0.1224672 0.0982374 0.0067127 0.1590900 0.0307011 
S0405         0.4667299 0.4068883 0.3463295 0.0659336 0.0383273 0.1968814 0.0351681 0.1083439 0.0979736 0.0203883 0.0984860 0.0764975 0.0256354 0.1011768 0.0896155 0.0978206 0.1161452 0.0864951 0.1041379 0.0770618 0.0575062 0.0498204 0.0066721 0.0000000 0.0689326 0.0493870 0.0576264 0.0542282 0.0603633 0.1113862 0.0613384 0.0665441 0.0901139 0.0943306 0.0275734 0.0101220 0.1028165 0.0654476 0.0696034 0.0346885 0.0075986 0.0867051 0.1137426 0.0623877 0.1022090 0.0275702 0.0574283 0.0274905 0.0813530 0.0574283 0.0806317 0.1046452 0.0659009 0.0749693 0.0776400 0.0692698 0.0568078 0.0707082 0.0547007 0.0652913 0.0645877 0.1154094 0.0717096 0.0687385 0.0395759 0.0654035 0.1598645 0.0612781 0.1707220 0.0813933 0.0495501 0.0916053 0.0387308 0.0720237 0.1600244 0.0100799 0.0203333 0.0621154 0.0733542 0.0883268 0.1211961 0.0477454 0.0787896 0.0700786 0.0979146 0.0274691 0.0677247 0.0713459 0.0804330 0.0205649 0.0066756 0.0548310 0.0938248 0.0466543 0.0780617 0.0730032 0.0766490 0.0687069 0.0313049 0.0694399 0.1199894 0.0913673 0.0137187 0.1569499 0.0311490 
S0407sl       0.3979075 0.4098138 0.3443341 0.0793015 0.1021193 0.2211550 0.1213388 0.0856330 0.1531928 0.1062088 0.0497907 0.0872051 0.1120504 0.1537338 0.0596240 0.1951266 0.2019517 0.0570594 0.1721855 0.0683146 0.0680379 0.0692193 0.0861742 0.0689326 0.0000000 0.0000010 0.1019359 0.1208006 0.0699831 0.0799424 0.0969190 0.1816424 0.1816048 0.0693095 0.0963863 0.0769257 0.0871476 0.0874947 0.0692971 0.0867543 0.0769257 0.1535836 0.1709372 0.1315123 0.1816048 0.1171353 0.1010420 0.1054585 0.1120687 0.1010420 0.1814987 0.1967420 0.0888108 0.1456801 0.0596855 0.0975317 0.0414254 0.1312375 0.0934691 0.1514287 0.0875563 0.1538851 0.0910852 0.1190269 0.0544667 0.1303451 0.2713620 0.1010420 0.2879403 0.1739076 0.0779139 0.1711896 0.0882527 0.1162915 0.3009977 0.0863325 0.0958753 0.0326788 0.0502226 0.0692324 0.2093740 0.0550311 0.0786970 0.1698192 0.1816048 0.0965292 0.1374722 0.1136207 0.0968713 0.0959270 0.0769257 0.1468504 0.1173500 0.1413631 0.1330633 0.0676393 0.0967904 0.0585803 0.0966647 0.1235856 0.1661622 0.0715035 0.0789964 0.2456869 0.1180335 
S0412sl       0.6294317 0.4511096 0.0000010 0.1142098 0.0000010 0.2510910 0.0555009 0.1344175 0.1072676 0.0552864 0.1319566 0.1429988 0.0630985 0.1459662 0.1298519 0.1160614 0.1398172 0.1484535 0.1176177 0.1140396 0.1218595 0.0904774 0.0423904 0.0493870 0.0000010 0.0000000 0.0824986 0.0762859 0.0000010 0.2011992 0.1062573 0.0830123 0.0875854 0.1464081 0.0625500 0.0559745 0.1145261 0.1139885 0.0991628 0.0624675 0.0536378 0.1045475 0.1355408 0.0297228 0.1244232 0.0621517 0.0824986 0.0692463 0.0000010 0.0824986 0.1182546 0.1112095 0.1141148 0.0763295 0.1073185 0.1065252 0.1115402 0.1073756 0.1045942 0.0892574 0.1188572 0.1219969 0.0000010 0.0996298 0.1040984 0.1193834 0.1711067 0.0895086 0.1892461 0.1245525 0.0832364 0.0979457 0.0765333 0.0966387 0.1628683 0.0490239 0.0487212 0.1018369 0.1073185 0.0000010 0.1428385 0.1130106 0.1094955 0.0830010 0.1167474 0.0755952 0.0852553 0.0930247 0.1429035 0.0630608 0.0487844 0.0569066 0.1377512 0.0631909 0.0849593 0.1442664 0.1356950 0.0914598 0.0629773 0.0894735 0.1219969 0.1485464 0.0561568 0.1381699 0.0552864 
S0419         0.4570183 0.3808986 0.3342409 0.0908035 0.1190237 0.2104255 0.0494891 0.1278358 0.0701959 0.0762667 0.1084919 0.0766764 0.0868150 0.1440642 0.1078521 0.1372136 0.1527228 0.1098602 0.1336888 0.0985049 0.0935751 0.0720683 0.0605556 0.0576264 0.1019359 0.0824986 0.0000000 0.0845625 0.0426356 0.1566017 0.0495694 0.1033396 0.1177573 0.1121022 0.0800243 0.0572027 0.1263425 0.0898513 0.0814451 0.0569021 0.0696630 0.0441038 0.1438569 0.0908324 0.1330905 0.0847532 0.0000022 0.0844804 0.0079451 0.0000022 0.0895568 0.0520519 0.0904804 0.0954497 0.0992329 0.0775119 0.0649108 0.1119099 0.0543459 0.0609653 0.0647420 0.0788579 0.0919932 0.0889134 0.0432748 0.0647249 0.1769245 0.0032900 0.1729677 0.0810454 0.0772924 0.1045735 0.0810819 0.0879545 0.1672527 0.0646130 0.0682791 0.0785726 0.0946402 0.1123443 0.1577290 0.0714285 0.0912893 0.0950875 0.1327007 0.0770147 0.0960215 0.1144193 0.0806194 0.0769683 0.0605889 0.0579432 0.1107856 0.0815377 0.1276566 0.0854141 0.0847913 0.0813628 0.0735115 0.0066449 0.0830086 0.1284495 0.0657382 0.1157011 0.0808157 
S0427         0.4054467 0.3797350 0.3243364 0.1212980 0.1053770 0.2426214 0.0651094 0.1411690 0.1086489 0.0689751 0.1143150 0.1101589 0.0699715 0.1442909 0.1295296 0.1476337 0.1470185 0.1381953 0.1493959 0.1156740 0.1159431 0.0415230 0.0534155 0.0542282 0.1208006 0.0762859 0.0845625 0.0000000 0.1098636 0.1788047 0.0891121 0.1002437 0.1305746 0.1250634 0.0649593 0.0576605 0.1306028 0.0982625 0.0979158 0.0650105 0.0527701 0.1025028 0.1611848 0.0820997 0.1476667 0.0773503 0.0842656 0.0771027 0.1094737 0.0842656 0.1160310 0.1207778 0.0989533 0.1255469 0.1078975 0.1023199 0.0931229 0.1215676 0.0820764 0.0970487 0.0972486 0.1549342 0.1481194 0.0928765 0.0791654 0.1069125 0.1960303 0.0883080 0.2022972 0.1159516 0.0974307 0.1293762 0.0613606 0.0968516 0.1910979 0.0574141 0.0534045 0.0997950 0.1031888 0.1432579 0.1632211 0.0799845 0.1131737 0.1091957 0.1430171 0.0770781 0.1006439 0.1089673 0.1143874 0.0654291 0.0534450 0.0776299 0.1251571 0.0741634 0.1042845 0.1065844 0.1103725 0.1016827 0.0615293 0.0970018 0.1598130 0.1309485 0.0623202 0.1884350 0.0654944 
S0428sl       0.3698156 0.3329084 0.3088633 0.0807968 0.1150029 0.1484064 0.0604417 0.0991706 0.1158574 0.0975273 0.0602809 0.0506011 0.1020537 0.1062673 0.0511368 0.1469512 0.1760775 0.0587011 0.1237458 0.0598169 0.0692713 0.0596885 0.0776527 0.0603633 0.0699831 0.0000010 0.0426356 0.1098636 0.0000000 0.0711469 0.0682099 0.1239947 0.1348106 0.0512375 0.0877522 0.0684455 0.1217212 0.0592709 0.0606842 0.0587938 0.0684455 0.0931506 0.1228091 0.0998055 0.1348106 0.1083604 0.0422896 0.0968407 0.0515311 0.0422896 0.0912192 0.1309017 0.0502908 0.1020977 0.0695143 0.0599838 0.0687287 0.1002351 0.0631891 0.0875192 0.0593209 0.1052418 0.1022633 0.0651180 0.0356932 0.0795984 0.2069128 0.0422896 0.2217266 0.1190892 0.0781800 0.1251043 0.0500050 0.0968406 0.2340675 0.0777959 0.0685706 0.0332644 0.0596800 0.0794153 0.1597004 0.0175340 0.0249171 0.1240735 0.1348106 0.0878840 0.0937845 0.1257773 0.0596031 0.0873377 0.0684455 0.0808348 0.0976993 0.0800648 0.1125226 0.0683052 0.0779553 0.0596671 0.0691283 0.0611989 0.1161809 0.0721606 0.0702945 0.1846339 0.0893000 
S0478         0.4917336 0.5132222 0.3898027 0.1456300 0.0918925 0.2734848 0.1304517 0.1559010 0.1932729 0.1485569 0.1350179 0.1817700 0.1561842 0.2062973 0.1152327 0.1634036 0.2017442 0.1176322 0.1667538 0.1111081 0.1629131 0.1409636 0.1281307 0.1113862 0.0799424 0.2011992 0.1566017 0.1788047 0.0711469 0.0000000 0.1604167 0.2102009 0.1888222 0.1220049 0.1287053 0.1337097 0.1301634 0.1195470 0.0895800 0.1490381 0.1338654 0.1876933 0.1713966 0.1572945 0.1817848 0.1485748 0.1559358 0.1483976 0.1141232 0.1559358 0.1942114 0.2074378 0.1253800 0.1419333 0.0847704 0.1340738 0.1494369 0.1559067 0.1480754 0.1645258 0.1488149 0.2002736 0.0925013 0.1553475 0.1286293 0.1720353 0.2797246 0.1507522 0.2930860 0.1750691 0.1445549 0.1637078 0.1557873 0.1970929 0.2792791 0.1336316 0.1332316 0.0916230 0.0800283 0.0507403 0.1867680 0.0993501 0.1163260 0.1545588 0.1641140 0.1593844 0.1332542 0.1735516 0.1934703 0.1501792 0.1282116 0.1363539 0.2169767 0.1617571 0.1190893 0.1947965 0.1881802 0.1136736 0.1446361 0.1623705 0.2062302 0.1020901 0.1307728 0.2567950 0.1446535 
S0552sl       0.4546864 0.4393403 0.3453425 0.1032737 0.1014901 0.2196018 0.0571019 0.1552511 0.1015974 0.0800625 0.1346393 0.0647989 0.0909701 0.1430744 0.1248182 0.1512802 0.1526444 0.1278665 0.1541603 0.1071588 0.0933798 0.0683204 0.0642342 0.0613384 0.0969190 0.1062573 0.0495694 0.0891121 0.0682099 0.1604167 0.0000000 0.1070927 0.1345729 0.1291949 0.0802036 0.0608856 0.1307848 0.1021878 0.0976850 0.0682621 0.0694771 0.0819057 0.1649548 0.0990510 0.1513139 0.0886314 0.0494022 0.0842962 0.0778892 0.0494022 0.0805924 0.0995768 0.1029059 0.1209327 0.0945287 0.1062655 0.0609533 0.1121086 0.0102747 0.0457482 0.0168744 0.1127623 0.1101028 0.1013743 0.0394858 0.0572461 0.1935089 0.0531556 0.1793835 0.0562295 0.0892909 0.1211519 0.0931390 0.0758947 0.1835377 0.0683317 0.0720117 0.0946596 0.0900066 0.0976134 0.1725042 0.0799794 0.1078094 0.0950156 0.1466498 0.0883253 0.0999974 0.1138503 0.0686470 0.0808017 0.0642695 0.0779377 0.0979478 0.0942762 0.1227585 0.0724948 0.0649285 0.0926024 0.0851197 0.0610752 0.1172335 0.1183506 0.0695231 0.1532413 0.0806353 
S0558         0.4875586 0.4592926 0.3776015 0.1230089 0.1723580 0.1962391 0.0866569 0.1719517 0.1434275 0.0857376 0.1556632 0.1248269 0.0838851 0.1220012 0.1401784 0.1604871 0.1529272 0.1364091 0.1624472 0.1292063 0.1131046 0.1074835 0.0694468 0.0665441 0.1816424 0.0830123 0.1033396 0.1002437 0.1239947 0.2102009 0.1070927 0.0000000 0.1517900 0.1498894 0.0901217 0.0739998 0.1798699 0.1301783 0.1315746 0.0815830 0.0710228 0.1247432 0.1748304 0.1091358 0.1561544 0.0945785 0.1029627 0.0942645 0.1742600 0.1029627 0.1205317 0.1444323 0.1261733 0.1262219 0.1408847 0.1166768 0.1243606 0.1238182 0.0999252 0.1072066 0.1145256 0.1696470 0.1572134 0.1165279 0.0968723 0.1208205 0.1860259 0.1072466 0.2028818 0.1373253 0.1123430 0.1401934 0.0908222 0.1155103 0.1914456 0.0736791 0.0811895 0.1228448 0.1356989 0.2081148 0.1825344 0.1065709 0.1233965 0.1278980 0.1556998 0.0821994 0.1144760 0.1298069 0.1292231 0.0865456 0.0694857 0.1058487 0.1355320 0.0781902 0.1346338 0.1219579 0.1298704 0.1200309 0.0828012 0.1165469 0.1747880 0.1514315 0.0700186 0.2175174 0.0943532 
S0620         0.4862510 0.4185652 0.3317529 0.1270513 0.1197450 0.2678432 0.0656960 0.1908347 0.1704025 0.1108193 0.1545470 0.1423073 0.1085759 0.1871656 0.1546339 0.0129351 0.0884322 0.1697911 0.0219597 0.1240567 0.1435875 0.1279103 0.0936965 0.0901139 0.1816048 0.0875854 0.1177573 0.1305746 0.1348106 0.1888222 0.1345729 0.1517900 0.0000000 0.1832476 0.1038941 0.0947308 0.1770294 0.1601310 0.1167671 0.1226752 0.0883449 0.1683032 0.0267659 0.1261356 0.0042593 0.1175170 0.1171821 0.1169509 0.1608609 0.1171821 0.1637732 0.1909265 0.1404413 0.0761257 0.1355775 0.1487632 0.1285465 0.0756787 0.1264197 0.1145788 0.1410819 0.1711047 0.1626917 0.0522443 0.1104059 0.1424779 0.2679657 0.1230109 0.2677046 0.1436525 0.1179683 0.0656745 0.1167716 0.1358957 0.2643066 0.0937950 0.1048247 0.1253957 0.1289177 0.1572811 0.0263922 0.1429866 0.1520054 0.0470674 0.0085899 0.1043732 0.0728924 0.1464781 0.1545833 0.1051739 0.0937664 0.1005825 0.1553157 0.1132015 0.1772952 0.1464721 0.1611982 0.1290900 0.0939579 0.1298659 0.1778231 0.1495006 0.0959696 0.2348668 0.1234927 
S0624         0.4630625 0.5011747 0.4119988 0.1495524 0.1265977 0.2733715 0.1028974 0.1067839 0.1413182 0.1141902 0.0851500 0.1503752 0.1239243 0.1706975 0.0607286 0.1830930 0.1969589 0.1082707 0.1820064 0.0773640 0.1418286 0.1070781 0.0969739 0.0943306 0.0693095 0.1464081 0.1121022 0.1250634 0.0512375 0.1220049 0.1291949 0.1498894 0.1832476 0.0000000 0.1064190 0.0981377 0.0933165 0.0807695 0.1023657 0.1014220 0.0975725 0.1305550 0.1819672 0.1244661 0.1902304 0.1196429 0.1116894 0.1232223 0.0910613 0.1116894 0.1694687 0.1506114 0.0813287 0.1517784 0.0973194 0.0846720 0.1277740 0.1456987 0.1217127 0.1370893 0.1273444 0.1760010 0.1012217 0.1393111 0.0923582 0.1289231 0.2362398 0.1073849 0.2433611 0.1503657 0.1099687 0.1581000 0.1105083 0.1445980 0.2259684 0.1015274 0.1138183 0.0535134 0.0928141 0.0972165 0.2000380 0.0750803 0.0575728 0.1538816 0.1851674 0.1232340 0.1252386 0.1522354 0.1549573 0.1152862 0.0970285 0.1144305 0.1524603 0.1335250 0.1042818 0.1467130 0.1506569 0.0771589 0.1156672 0.1207256 0.1812314 0.1346544 0.1033284 0.2248451 0.1281180 
S0641         0.4838564 0.4074817 0.3088401 0.0893064 0.0377830 0.2246204 0.0568372 0.1152817 0.1243525 0.0415353 0.1053977 0.1044090 0.0487393 0.1277797 0.1015389 0.1209994 0.1360178 0.1072590 0.1183487 0.0887020 0.0845911 0.0642075 0.0271781 0.0275734 0.0963863 0.0625500 0.0800243 0.0649593 0.0877522 0.1287053 0.0802036 0.0901217 0.1038941 0.1064190 0.0000000 0.0309287 0.1107676 0.0809103 0.0764632 0.0603299 0.0229760 0.1120029 0.1239268 0.0778978 0.1210256 0.0417859 0.0797463 0.0490007 0.0979995 0.0797463 0.1105417 0.1307202 0.0725260 0.1022798 0.0893557 0.0758389 0.0835377 0.0927940 0.0737122 0.0842965 0.0918011 0.1175701 0.1002956 0.0922452 0.0662992 0.0929761 0.1920237 0.0837272 0.2088032 0.0978691 0.0760684 0.1152479 0.0569847 0.0995043 0.1871005 0.0307995 0.0414188 0.0691819 0.0849484 0.1168864 0.1353153 0.0631708 0.0948888 0.0940642 0.1166905 0.0489726 0.0908854 0.0999517 0.1085444 0.0418999 0.0271926 0.0732947 0.1229512 0.0650010 0.0952373 0.0958673 0.1046103 0.0801094 0.0531563 0.0922681 0.1220935 0.1125792 0.0349378 0.1586128 0.0528871 
S0643         0.4582101 0.4012843 0.3359288 0.0733263 0.0375859 0.2131280 0.0422447 0.1122601 0.0975948 0.0237186 0.1023057 0.0838632 0.0293237 0.1144602 0.0933828 0.1097462 0.1237907 0.0992451 0.1118225 0.0767659 0.0571437 0.0569903 0.0099792 0.0101220 0.0769257 0.0559745 0.0572027 0.0576605 0.0684455 0.1337097 0.0608856 0.0739998 0.0947308 0.0981377 0.0309287 0.0000000 0.1024100 0.0730725 0.0769963 0.0416697 0.0113648 0.0863823 0.1215172 0.0658467 0.1097702 0.0309251 0.0570071 0.0308356 0.0896330 0.0570071 0.0887093 0.1042467 0.0735780 0.0863269 0.0851047 0.0769311 0.0639669 0.0819881 0.0620603 0.0726193 0.0718330 0.1100243 0.0799881 0.0761491 0.0468206 0.0727389 0.1733301 0.0608269 0.1895882 0.0852771 0.0531282 0.0989559 0.0421259 0.0793006 0.1785525 0.0134021 0.0236546 0.0653306 0.0807569 0.0963711 0.1289181 0.0553715 0.0860878 0.0776327 0.1054577 0.0308127 0.0750319 0.0789213 0.0878299 0.0239232 0.0099854 0.0619747 0.1014156 0.0500907 0.0906673 0.0803794 0.0840273 0.0681997 0.0346802 0.0689215 0.1145209 0.0990425 0.0170983 0.1506763 0.0345082 
S0645sl       0.5410690 0.5069900 0.3888125 0.1450952 0.1497493 0.3030063 0.1167644 0.0816200 0.1628950 0.1185896 0.0694333 0.1522556 0.1231497 0.2157694 0.0727484 0.1796553 0.1691896 0.0942049 0.1602106 0.0767083 0.1466705 0.1210654 0.1011921 0.1028165 0.0871476 0.1145261 0.1263425 0.1306028 0.1217212 0.1301634 0.1307848 0.1798699 0.1770294 0.0933165 0.1107676 0.1024100 0.0000000 0.0935804 0.1029310 0.1237288 0.1070994 0.1405038 0.1712251 0.1403953 0.1796965 0.1233369 0.1258671 0.1277201 0.1706454 0.1258671 0.1692107 0.1610029 0.0942359 0.1516996 0.0857907 0.1060320 0.1236507 0.1593129 0.1277517 0.1521326 0.1244119 0.2039031 0.1693520 0.1512410 0.1146195 0.1531131 0.2640046 0.1214078 0.2663558 0.1599793 0.1237538 0.1621924 0.1244372 0.1597846 0.2584986 0.1058054 0.1097028 0.0421186 0.0813953 0.1204453 0.1966360 0.0880705 0.0692583 0.1438650 0.1747170 0.1277373 0.1299703 0.1628576 0.1611712 0.1110205 0.1012492 0.1290323 0.1879331 0.1392209 0.1182706 0.1568489 0.1566469 0.0650480 0.1201305 0.1403217 0.2094524 0.1137972 0.1077145 0.2563699 0.1238776 
