116
CRNC       0.0000000 0.3856781 0.4878264 0.6859298 0.6465168 0.6268844 0.6190020 0.5964813 0.6693857 0.6529600 0.6643805 0.6237201 0.6666478 0.7043991 0.6822165 0.7104216 0.6179709 0.6288121 0.6626105 0.6201471 0.5991300 0.7043582 0.5911659 0.6295039 0.6509511 0.6628265 0.7032352 0.6651127 0.6664299 0.5868514 0.5921292 0.6293246 0.6309855 0.6702303 0.6773613 0.6503962 0.5907100 0.6351644 0.6449478 0.6425721 0.6475254 0.6347513 0.6176052 0.6448917 0.6738225 0.6280405 0.6572657 0.6328283 0.6222579 0.6755351 0.5947973 0.5891498 0.6411816 0.6147765 0.5877847 0.6414516 0.7093463 0.6350405 0.6376133 0.6070125 0.5940681 0.5780524 0.6576262 0.5463170 0.6275885 0.6601795 0.5724901 0.6348868 0.6925625 0.6171863 0.6318633 0.6296795 0.6222276 0.6236470 0.6625546 0.6221590 0.6489722 0.6257221 0.6381737 0.6642350 0.6254798 0.6741150 0.6787522 0.6124441 0.6540643 0.6973450 0.5919870 0.6557121 0.6030490 0.6380383 0.6386219 0.5811217 0.6239123 0.5994586 0.6116494 0.6152355 0.6402495 0.6637796 0.6465957 0.6811109 0.6691017 0.6594771 0.5773637 0.6501510 0.6567913 0.5747443 0.6687440 0.6559656 0.6737317 0.6250235 0.6133424 0.6083113 0.6358246 0.5992387 0.6473287 0.6747533 
HYZL       0.3856781 0.0000000 0.1610001 0.5214836 0.4584453 0.4555533 0.4681709 0.4377868 0.4946216 0.4773374 0.4632004 0.4489530 0.4932444 0.5033166 0.4778225 0.4981686 0.4369954 0.4738787 0.4753817 0.4468230 0.4673820 0.4794889 0.4783050 0.4443622 0.4361808 0.4510949 0.5043468 0.5050578 0.4725617 0.4338711 0.4474690 0.4426605 0.4566292 0.4697845 0.4766272 0.4595380 0.4303185 0.4328708 0.4525572 0.4745246 0.4696346 0.4167534 0.4409084 0.4279993 0.4925181 0.4531136 0.4273879 0.4489370 0.4491808 0.4541313 0.3819126 0.4351536 0.4268519 0.4433909 0.4277344 0.4902410 0.5168952 0.4428588 0.4553541 0.4135729 0.4364448 0.4802544 0.4482386 0.4459370 0.4489946 0.4943047 0.4852611 0.4208961 0.4074030 0.4616859 0.4364590 0.4760728 0.4544922 0.4644862 0.4366980 0.4446440 0.4286322 0.4642367 0.4684362 0.4591407 0.4282462 0.4713085 0.4625707 0.3846347 0.4217627 0.4925396 0.4388476 0.4576005 0.4045147 0.4549602 0.4658569 0.4464779 0.5034994 0.4341943 0.4466702 0.4268691 0.4415785 0.4690073 0.4787904 0.4867632 0.4305709 0.4529921 0.4347411 0.4888891 0.4441292 0.4636553 0.4822080 0.4757869 0.4586197 0.4370690 0.4460100 0.4673212 0.4257173 0.4091274 0.4327437 0.4638164 
MYZV       0.4878264 0.1610001 0.0000000 0.6065681 0.4433298 0.5647248 0.5482942 0.5456564 0.5985124 0.5653521 0.5765875 0.5325713 0.5739357 0.6728241 0.5907895 0.6367821 0.5679919 0.5961650 0.6285585 0.5811098 0.5957337 0.5586826 0.5830047 0.5627006 0.5754027 0.5810951 0.6519931 0.6120502 0.5964666 0.5465972 0.5580080 0.5754315 0.5273267 0.6128900 0.6004436 0.5651720 0.5639230 0.5485696 0.5816892 0.6048298 0.5573697 0.5454408 0.5470047 0.5512110 0.6236847 0.5770485 0.5281395 0.5368905 0.5682771 0.5443374 0.5090264 0.5488847 0.5535100 0.5581503 0.5441731 0.6153115 0.6885817 0.5388874 0.5692295 0.5354953 0.5473284 0.5853452 0.5820148 0.5758088 0.5770936 0.7077125 0.6544723 0.5290447 0.5551614 0.5718948 0.5807772 0.6320542 0.5726921 0.5805779 0.5490169 0.5587866 0.5431174 0.5964094 0.6171199 0.6166302 0.5775776 0.5804477 0.5894528 0.4978571 0.5599625 0.5935784 0.5542167 0.5724157 0.5303535 0.6410558 0.5841168 0.5379088 0.5954748 0.5416913 0.5863917 0.5743273 0.5671789 0.5862151 0.5532040 0.5679023 0.5656803 0.6215321 0.5361080 0.5720647 0.5460223 0.5670021 0.5846029 0.5764169 0.5946104 0.5467895 0.5613042 0.5480552 0.5501272 0.5205806 0.5637133 0.5724575 
SRR6441723 0.6859298 0.5214836 0.6065681 0.0000000 0.0510359 0.1472549 0.1570659 0.1110800 0.1566835 0.1695201 0.1356432 0.1419648 0.1140007 0.1690903 0.1668583 0.1779771 0.1332736 0.1332889 0.1647355 0.1340630 0.1485990 0.1002376 0.1066804 0.1362504 0.1317041 0.1476557 0.1609655 0.1884803 0.1317103 0.1158364 0.1600849 0.1300425 0.1179781 0.1406041 0.1615551 0.1371647 0.1187276 0.1418622 0.1414607 0.1447721 0.1255346 0.1275146 0.1509143 0.1287714 0.1490977 0.1400737 0.1873350 0.1813197 0.1301986 0.1293712 0.1144073 0.1189198 0.1210479 0.1162143 0.1106984 0.1358673 0.1758857 0.1327746 0.1420007 0.1044854 0.1331050 0.1139032 0.1251657 0.1619721 0.1322157 0.1632683 0.1901348 0.1411917 0.1814217 0.1588977 0.1422174 0.1587203 0.1315277 0.1348184 0.1733603 0.1126541 0.1763268 0.1321668 0.1512349 0.0825317 0.1490526 0.1612607 0.1210211 0.1579516 0.1290354 0.1616744 0.1069582 0.1323842 0.1032174 0.1138515 0.1330016 0.1157279 0.1488332 0.1481062 0.1253915 0.1295070 0.1285131 0.1350575 0.0971909 0.1175850 0.1309747 0.1520954 0.1472931 0.1256455 0.1405971 0.1144265 0.1021891 0.1167204 0.1491823 0.1319929 0.1207171 0.1342883 0.1462557 0.1138372 0.1238622 0.1493002 
ERR4210213 0.6465168 0.4584453 0.4433298 0.0510359 0.0000000 0.1322225 0.1502567 0.0983763 0.1670622 0.1400392 0.1162874 0.1301463 0.1212039 1.6084423 0.1833495 0.1667040 0.1609497 0.1307929 0.1632341 0.1404107 0.1587650 0.0374296 0.0000010 0.1347027 0.1334731 0.1421225 1.1025197 0.1350565 0.1380310 0.0977774 0.1367503 0.1400279 0.1495345 0.1169755 0.1394864 0.1386592 0.1245696 0.1474130 0.1314729 0.1557511 0.1065475 0.1392915 0.1349180 0.1247985 0.0984023 0.1484806 0.2047322 0.1839445 0.1386592 0.1146239 0.1352233 0.0977774 0.1067153 0.1073399 0.0977774 0.1185148 0.1271946 0.1145615 0.1226015 0.1307929 0.1131704 0.0903189 0.1388346 0.1760352 0.1155717 0.0000010 0.0000010 0.1143482 0.1707198 0.1512701 0.1486127 0.1288091 0.1350146 0.1340971 0.1844673 0.0977774 0.1756658 0.1696960 0.1442895 0.0978395 0.1486127 0.1242198 0.1315317 0.1612351 0.1246299 0.1586471 0.1380998 0.1546330 0.1254644 1.1025197 0.1319510 0.1078629 0.1521187 0.1307806 0.1400279 0.1302033 0.1230880 0.1309656 0.0992877 0.1212039 0.1333728 1.1415094 0.1698858 0.1461446 0.1322464 0.1092009 0.1137275 0.1304279 0.1588509 0.1337928 0.0977774 0.1468300 0.1397599 0.1307929 0.1063890 0.1332395 
ERR2789774 0.6268844 0.4555533 0.5647248 0.1472549 0.1322225 0.0000000 0.0997528 0.1091518 0.1278084 0.1482546 0.0691906 0.1261001 0.1277155 0.1003227 0.1156598 0.1646901 0.1311884 0.1261326 0.1379972 0.1286756 0.1173583 0.1543915 0.1532729 0.1097943 0.0604974 0.0753722 0.1601606 0.1241610 0.1188917 0.1090970 0.1265192 0.1199131 0.1100722 0.1425997 0.1549177 0.1395926 0.1096712 0.0639289 0.0706726 0.1189620 0.1235579 0.1109172 0.0905231 0.0541914 0.1496567 0.1344605 0.1691227 0.1190242 0.1301828 0.0584971 0.1295963 0.1125137 0.0641058 0.1118131 0.1115631 0.1467973 0.1667896 0.1393637 0.1375202 0.0927246 0.1325562 0.1480930 0.1165362 0.1670826 0.1417777 0.1519286 0.0968310 0.1424211 0.1770441 0.1316006 0.1255931 0.1494588 0.1280768 0.1249808 0.1660607 0.1114511 0.1599036 0.1211941 0.1533044 0.1367423 0.1299757 0.0839222 0.1335097 0.1446231 0.0624863 0.0795923 0.1300975 0.1293649 0.0887474 0.1085677 0.1400655 0.1227274 0.1261848 0.1376527 0.1231057 0.1219664 0.0601747 0.1328611 0.1505457 0.1374671 0.0721179 0.0874746 0.0759503 0.1526840 0.0641573 0.0982485 0.1177711 0.1357354 0.1256728 0.0517013 0.1162156 0.1197049 0.1474560 0.0950856 0.0626772 0.0671854 
S0055      0.6190020 0.4681709 0.5482942 0.1570659 0.1502567 0.0997528 0.0000000 0.1347544 0.1532544 0.1695691 0.0739587 0.1411661 0.1411611 0.0937422 0.1312949 0.1676140 0.1517200 0.1595852 0.1612564 0.1516704 0.1502823 0.1722684 0.1233660 0.1220408 0.0750767 0.0798724 0.1508010 0.1400221 0.1372640 0.1348926 0.1262269 0.1393763 0.1166280 0.1494545 0.1822489 0.1522302 0.1245736 0.0817000 0.0792861 0.1484253 0.1487695 0.1345771 0.1138883 0.0685932 0.1751012 0.1551527 0.1882236 0.1387803 0.1508502 0.0783279 0.1413475 0.1463905 0.0722797 0.1401168 0.1398114 0.1598958 0.1890049 0.1589811 0.1686966 0.1172730 0.1569050 0.1499757 0.1493388 0.1818262 0.1487961 0.1740249 0.0972169 0.1750092 0.1839064 0.1565692 0.1563407 0.1861690 0.1358036 0.1295862 0.1744978 0.1452786 0.1852521 0.1425853 0.1519973 0.1531053 0.1609091 0.0987657 0.1536568 0.1742834 0.0669022 0.1153525 0.1226917 0.1431108 0.1157272 0.1194281 0.1590306 0.1324070 0.1413649 0.1605277 0.1428105 0.1446699 0.0684409 0.1666626 0.1426352 0.1563518 0.0745640 0.0746538 0.0601686 0.1594021 0.0794075 0.1083564 0.1322963 0.1517299 0.1504577 0.0706457 0.1422268 0.1297866 0.1751302 0.1187607 0.0795964 0.0864451 
S0196sl    0.5964813 0.4377868 0.5456564 0.1110800 0.0983763 0.1091518 0.1347544 0.0000000 0.1191235 0.0798721 0.0954031 0.1129295 0.1004161 0.1247659 0.1258713 0.1633934 0.0955139 0.0936841 0.1405466 0.0961029 0.1082658 0.1144759 0.1122408 0.1029456 0.0924091 0.1086998 0.1432475 0.1477851 0.1026420 0.0084132 0.1271925 0.0853312 0.0907559 0.1082940 0.1072088 0.1014437 0.1001594 0.1058977 0.0990125 0.1116878 0.0925116 0.0950866 0.0945109 0.0877520 0.0657721 0.1034537 0.1453618 0.1308695 0.0927997 0.0975723 0.1135241 0.0136990 0.0830418 0.0101959 0.0084227 0.1072836 0.0765696 0.1060320 0.0967582 0.0749169 0.0947612 0.1050973 0.0785274 0.1285345 0.1046824 0.1414162 0.1346265 0.0510452 0.1439727 0.1089423 0.0902033 0.1082062 0.1001847 0.1065360 0.1426690 0.0118932 0.1452367 0.0986189 0.1149845 0.1065759 0.0940899 0.1226916 0.1072730 0.1225213 0.0857128 0.1241631 0.0867219 0.0988058 0.0708836 0.0893596 0.1019208 0.0883869 0.1386071 0.0918932 0.0859021 0.0845486 0.0897729 0.0881032 0.1300804 0.1068795 0.0892976 0.1087085 0.1108873 0.1058633 0.0949161 0.0809588 0.0909096 0.1077172 0.1187009 0.0989890 0.0136254 0.1086963 0.0549709 0.0842597 0.0882755 0.1023076 
S0278      0.6693857 0.4946216 0.5985124 0.1566835 0.1670622 0.1278084 0.1532544 0.1191235 0.0000000 0.1619568 0.1265170 0.0457184 0.1265627 0.1543712 0.1554247 0.0791376 0.1303119 0.1205210 0.0637333 0.1277713 0.0743486 0.1480509 0.1384235 0.1438818 0.1224402 0.1302832 0.0688226 0.1564166 0.0500020 0.1161870 0.1557851 0.1261521 0.0566227 0.1441726 0.1591730 0.1367190 0.0385799 0.1367308 0.1216515 0.0517448 0.1082437 0.0729221 0.1348003 0.1125840 0.1526665 0.1439545 0.1718322 0.1576248 0.1268783 0.1311750 0.1425405 0.1245867 0.1167599 0.1193034 0.1187021 0.1401171 0.1731079 0.1044486 0.1495940 0.0662123 0.0943770 0.1401691 0.1232706 0.1764233 0.1347723 0.1632274 0.1492152 0.1503183 0.1576639 0.1574270 0.1320074 0.1614958 0.1453528 0.1441386 0.1607072 0.1214790 0.1625764 0.0861543 0.1456762 0.1612000 0.1358735 0.1547328 0.1437155 0.1467740 0.1147326 0.1700336 0.1406428 0.0552058 0.0643888 0.0830321 0.1344763 0.0924172 0.0556104 0.1447995 0.1239974 0.1283115 0.1142717 0.1426581 0.1678090 0.1388460 0.1215263 0.1333633 0.1306965 0.1542325 0.1268205 0.0715753 0.1236771 0.1423248 0.0484389 0.1337241 0.1263838 0.0470337 0.1554498 0.0688527 0.1231586 0.1464624 
S0281      0.6529600 0.4773374 0.5653521 0.1695201 0.1400392 0.1482546 0.1695691 0.0798721 0.1619568 0.0000000 0.1398896 0.1484023 0.1441132 0.1764803 0.1711507 0.2078814 0.1473954 0.1469109 0.1801066 0.1478189 0.1647336 0.1562822 0.1611477 0.1451406 0.1467855 0.1419081 0.1959983 0.1829752 0.1638499 0.0825751 0.1706441 0.1388647 0.1309072 0.1425978 0.1579780 0.1516042 0.1350637 0.1600144 0.1544144 0.1541668 0.1503573 0.1507939 0.1447247 0.1335422 0.0917732 0.1512883 0.1611693 0.1735941 0.1470751 0.1479903 0.1271487 0.0901091 0.1330095 0.0828514 0.0823360 0.1282006 0.1091024 0.1596356 0.1552673 0.1310276 0.1437074 0.1321578 0.1368270 0.1662796 0.1371614 0.1504722 0.1593795 0.1026226 0.1733392 0.1721050 0.1459538 0.1519545 0.1318730 0.1501939 0.1695697 0.0896163 0.1637332 0.1570104 0.1306096 0.1557988 0.1502372 0.1611251 0.1371053 0.1386227 0.1363814 0.1726874 0.1367031 0.1544630 0.1265710 0.1519624 0.1557524 0.1371098 0.1783099 0.1484674 0.1370277 0.1356564 0.1381105 0.1449491 0.1680096 0.1517081 0.1413570 0.1553194 0.1327233 0.1472652 0.1427437 0.1307693 0.1334590 0.1522361 0.1592235 0.1459844 0.0894350 0.1591519 0.1072075 0.1342232 0.1345885 0.1497809 
S0282      0.6643805 0.4632004 0.5765875 0.1356432 0.1162874 0.0691906 0.0739587 0.0954031 0.1265170 0.1398896 0.0000000 0.1224239 0.1350483 0.0471422 0.1011251 0.1521646 0.1184930 0.1176437 0.1412454 0.1222903 0.1182723 0.1466481 0.1550422 0.0733090 0.0228424 0.0343580 0.1484658 0.1189451 0.1071230 0.0975063 0.0887066 0.1106653 0.0957390 0.1197891 0.1502780 0.1306621 0.0997406 0.0564101 0.0341288 0.1098594 0.1149208 0.1043540 0.0736187 0.0173946 0.1330064 0.1303942 0.1591355 0.0946786 0.1213451 0.0446055 0.1278341 0.1031976 0.0265347 0.1029671 0.1000221 0.1422667 0.1529830 0.1300431 0.1306513 0.0811058 0.1269882 0.1325334 0.1081132 0.1529170 0.1183751 0.1533702 0.1026371 0.1333610 0.1572943 0.1238284 0.1164921 0.1481454 0.1172921 0.1189091 0.1510499 0.1024140 0.1529160 0.1083539 0.1432205 0.1328438 0.1208346 0.0859559 0.1374748 0.1350968 0.0210257 0.0832431 0.1143167 0.1105990 0.0748708 0.0914952 0.1291034 0.1089295 0.1299564 0.1274728 0.1137491 0.1077627 0.0211100 0.1209369 0.1500610 0.1371099 0.0288123 0.0298024 0.0743969 0.1517100 0.0650459 0.0898711 0.1222469 0.1354030 0.1291514 0.0503085 0.1073085 0.1157045 0.1383233 0.0862003 0.0304669 0.0613468 
S0289      0.6237201 0.4489530 0.5325713 0.1419648 0.1301463 0.1261001 0.1411661 0.1129295 0.0457184 0.1484023 0.1224239 0.0000000 0.1172746 0.1457938 0.1485579 0.0713841 0.1222782 0.1221486 0.0503953 0.1175246 0.0663264 0.1283157 0.1193360 0.1470828 0.1232937 0.1312238 0.0582026 0.1501125 0.0504359 0.1176964 0.1538728 0.1182199 0.0486280 0.1436285 0.1534077 0.1311452 0.0235902 0.1356491 0.1329480 0.0480289 0.0908575 0.0739508 0.1256505 0.1157673 0.1461264 0.1359056 0.1438790 0.1685622 0.1212977 0.1294268 0.1154468 0.1262362 0.1152075 0.1155116 0.1125407 0.1296870 0.1660761 0.0932147 0.1443482 0.0628345 0.0795306 0.1432661 0.1228359 0.1667949 0.1357458 0.1339525 0.1471088 0.1464795 0.1329882 0.1420324 0.1342869 0.1554326 0.1358835 0.1372919 0.1472556 0.1176923 0.1488352 0.0900136 0.1440760 0.1519671 0.1384728 0.1425784 0.1362045 0.1280118 0.1155196 0.1562944 0.1367548 0.0497087 0.0608318 0.0748015 0.1264710 0.0727177 0.0457295 0.1316237 0.1160620 0.1202525 0.1155300 0.1398855 0.1441873 0.1271324 0.1251299 0.1462121 0.1237927 0.1448015 0.1132547 0.0699261 0.1170363 0.1327530 0.0387709 0.1246158 0.1201374 0.0392784 0.1516114 0.0674958 0.1262583 0.1425320 
S0292      0.6666478 0.4932444 0.5739357 0.1140007 0.1212039 0.1277155 0.1411611 0.1004161 0.1265627 0.1441132 0.1350483 0.1172746 0.0000000 0.1615282 0.1521669 0.1536008 0.1235572 0.1161274 0.1414055 0.1214806 0.1248157 0.1288262 0.0866920 0.1368028 0.1265869 0.1391044 0.1434530 0.1693901 0.1140984 0.1026812 0.1514241 0.1099241 0.1052417 0.1011134 0.1443468 0.1198102 0.1156254 0.1409466 0.1386052 0.1274204 0.1205961 0.1178794 0.1295970 0.1189737 0.1412455 0.1246063 0.1705800 0.1710652 0.1174641 0.1288138 0.0894402 0.1107489 0.1229686 0.1007648 0.0955656 0.1137524 0.1590145 0.1337061 0.1163027 0.0970519 0.1257222 0.1013270 0.1063791 0.1286315 0.0953373 0.1185478 0.1546402 0.1177678 0.1611359 0.1452604 0.1152239 0.1488379 0.0748877 0.0765131 0.1622562 0.1026838 0.1609067 0.1273917 0.1058311 0.1012363 0.1195279 0.1590147 0.0458558 0.1454504 0.1136270 0.1461400 0.0879580 0.1178175 0.0981680 0.1139908 0.1171253 0.1169287 0.1296385 0.1274170 0.1106102 0.1117700 0.1258414 0.1168366 0.1035851 0.0173798 0.1202087 0.1486933 0.1373367 0.0436076 0.1305765 0.0990836 0.0157881 0.0156047 0.1264071 0.1295353 0.1050933 0.1153691 0.1225477 0.1044732 0.1184297 0.1447309 
S0293      0.7043991 0.5033166 0.6728241 0.1690903 1.6084423 0.1003227 0.0937422 0.1247659 0.1543712 0.1764803 0.0471422 0.1457938 0.1615282 0.0000000 0.1195948 0.1855378 0.1487372 0.1538523 0.1726967 0.1463664 0.1428803 0.1763179 0.1382675 0.0984776 0.0386224 0.0546056 0.1322262 0.1519790 0.1265543 0.1280819 0.1143063 0.1326379 0.1133822 0.1671594 0.1901451 0.1618897 0.1270775 0.0721999 0.0491234 0.1367538 0.1489943 0.1269331 0.0958157 0.0334612 0.1786823 0.1538808 0.2011242 0.1298191 0.1486368 0.0697305 0.1617114 0.1367113 0.0359493 0.1281525 0.1317843 0.1829402 0.1821513 0.1703056 0.1535592 0.1024244 0.1566576 0.1690242 0.1294212 0.1980822 0.1602341 0.1642811 0.0931512 0.1738168 0.1968768 0.1447935 0.1349089 0.1836679 0.1649262 0.1515215 0.1896279 0.1390678 0.1952582 0.1251193 0.1798624 0.1440734 0.1408864 0.1282413 0.1593097 0.1743371 0.0360925 0.1084873 0.1216580 0.1363010 0.0962480 0.0831677 0.1577328 0.1404296 0.1446975 0.1543019 0.1371647 0.1396369 0.0335332 0.1470686 0.1588625 0.1710411 0.0476095 0.0292073 0.0794887 0.1774066 0.0936432 0.1230837 0.1351523 0.1650498 0.1666211 0.0609786 0.1383652 0.1298403 0.1700879 0.1123928 0.0387504 0.0846342 
S0294      0.6822165 0.4778225 0.5907895 0.1668583 0.1833495 0.1156598 0.1312949 0.1258713 0.1554247 0.1711507 0.1011251 0.1485579 0.1521669 0.1195948 0.0000000 0.1909896 0.1473074 0.1398107 0.1684952 0.1480002 0.1543690 0.1794852 0.1489875 0.1030828 0.1027970 0.1197692 0.1638026 0.1676276 0.1410825 0.1284033 0.1127240 0.1356810 0.1267831 0.1677008 0.1631902 0.1599183 0.1329439 0.1105254 0.1071996 0.1566076 0.1437508 0.1450399 0.1144913 0.0957362 0.1551201 0.1618421 0.1773365 0.1610111 0.1472588 0.0916386 0.1565345 0.1365896 0.0931067 0.1312238 0.1309298 0.1843407 0.1791124 0.1472541 0.1401366 0.1237650 0.1418146 0.1604854 0.1427853 0.1895374 0.1647249 0.1889201 0.0966982 0.1638229 0.1742063 0.1494152 0.1444753 0.1748682 0.1580653 0.1536794 0.1699492 0.1335715 0.1683660 0.1417598 0.1604172 0.1737387 0.1490909 0.1224308 0.1553826 0.1582745 0.1005053 0.1282862 0.1407977 0.1421691 0.1164571 0.1283762 0.1547074 0.1315610 0.1592266 0.1515659 0.1334726 0.1351635 0.0955340 0.1410903 0.1643399 0.1575792 0.1068439 0.1105876 0.1073645 0.1670234 0.0917486 0.1146275 0.1446269 0.1576522 0.1561485 0.0887723 0.1308271 0.1366155 0.1639394 0.1336296 0.0999824 0.1024265 
S0299      0.7104216 0.4981686 0.6367821 0.1779771 0.1667040 0.1646901 0.1676140 0.1633934 0.0791376 0.2078814 0.1521646 0.0713841 0.1536008 0.1855378 0.1909896 0.0000000 0.1649845 0.1542913 0.0984537 0.1542172 0.0884824 0.1824629 0.1577567 0.1767516 0.1473056 0.1504611 0.1186969 0.1816642 0.0669048 0.1660743 0.1760403 0.1599722 0.0721527 0.1600063 0.1878033 0.1696266 0.0600719 0.1635999 0.1553546 0.0732452 0.1317848 0.1057944 0.1611231 0.1417022 0.2006963 0.1683587 0.2164298 0.1808918 0.1552062 0.1578380 0.1414398 0.1706834 0.1462256 0.1636497 0.1600433 0.1557581 0.2115827 0.1421699 0.1798562 0.0897670 0.1183312 0.1800975 0.1540177 0.1964444 0.1524400 0.1617623 0.1755102 0.2068684 0.1832783 0.1860939 0.1633032 0.1819717 0.1633885 0.1594045 0.2110286 0.1723439 0.2094830 0.1217469 0.1683871 0.1767508 0.1673972 0.1866239 0.1679256 0.1851226 0.1363195 0.1929508 0.1729181 0.0743157 0.0876662 0.1050766 0.1543259 0.1196392 0.0875790 0.1631769 0.1576191 0.1535192 0.1467484 0.1747653 0.1760777 0.1647250 0.1414822 0.1754033 0.1572146 0.1691118 0.1602615 0.0983346 0.1476866 0.1682972 0.0837489 0.1509976 0.1689016 0.0748125 0.2128274 0.0973262 0.1507762 0.1803129 
S0303      0.6179709 0.4369954 0.5679919 0.1332736 0.1609497 0.1311884 0.1517200 0.0955139 0.1303119 0.1473954 0.1184930 0.1222782 0.1235572 0.1487372 0.1473074 0.1649845 0.0000000 0.0639062 0.1425049 0.0192500 0.1231899 0.1422780 0.1202598 0.1242131 0.1103099 0.1258863 0.1294441 0.1599011 0.1137298 0.1007122 0.1464096 0.0156610 0.1198347 0.1541376 0.0954757 0.0246938 0.1065867 0.1253835 0.1205873 0.1299982 0.1187381 0.1076412 0.1183432 0.1030887 0.1379375 0.0228674 0.1648362 0.1550122 0.0156894 0.1291433 0.1551168 0.1036035 0.1079862 0.1010439 0.0958337 0.1349984 0.1572171 0.1306350 0.0725249 0.0847903 0.1330764 0.1402104 0.0474719 0.1759341 0.1367250 0.1664565 0.1148130 0.1217465 0.1477740 0.1292968 0.0663840 0.0903788 0.1377893 0.1392059 0.1589746 0.1057837 0.1612276 0.1175588 0.1493658 0.1294263 0.0722513 0.1299408 0.1256100 0.1408657 0.1055523 0.1506537 0.1105814 0.1076215 0.0786271 0.0867972 0.0399579 0.1194682 0.1410287 0.0832924 0.0139079 0.0122018 0.1126895 0.0706919 0.1540095 0.1310257 0.1123150 0.1246638 0.1232072 0.1329590 0.1133004 0.0986012 0.1088091 0.1286609 0.1280579 0.1152187 0.1053796 0.1198945 0.1265385 0.0873339 0.1187224 0.1396993 
S0308      0.6288121 0.4738787 0.5961650 0.1332889 0.1307929 0.1261326 0.1595852 0.0936841 0.1205210 0.1469109 0.1176437 0.1221486 0.1161274 0.1538523 0.1398107 0.1542913 0.0639062 0.0000000 0.1458921 0.0587596 0.1093957 0.1414153 0.1280780 0.1252962 0.1117791 0.1238505 0.1619635 0.1462680 0.1152886 0.0987714 0.1415486 0.0553999 0.1076326 0.1572398 0.0983811 0.0632890 0.0957626 0.1184840 0.1185617 0.1176004 0.0986059 0.1025858 0.1023393 0.1045790 0.1387717 0.0675148 0.1664638 0.1522934 0.0574227 0.1241162 0.1435140 0.1066258 0.0995211 0.0990925 0.0988705 0.1489589 0.1551728 0.1129211 0.0689196 0.0796291 0.1243767 0.1270539 0.0429723 0.1681354 0.1358927 0.1867533 0.1171284 0.1176039 0.1681662 0.1307683 0.0693033 0.0821259 0.1352529 0.1379956 0.1609139 0.0965908 0.1602103 0.1036250 0.1491641 0.1318170 0.0751101 0.1427748 0.1284891 0.1420154 0.1070370 0.1558046 0.1118059 0.1068883 0.0735777 0.1004298 0.0615605 0.1112272 0.1412552 0.0863806 0.0535083 0.0520082 0.1085591 0.0693974 0.1474486 0.1210106 0.1138009 0.1340392 0.1341594 0.1261515 0.1158281 0.0880981 0.1064996 0.1210555 0.1333839 0.1131492 0.1033467 0.1283467 0.1222972 0.0848270 0.1190437 0.1373334 
S0320      0.6626105 0.4753817 0.6285585 0.1647355 0.1632341 0.1379972 0.1612564 0.1405466 0.0637333 0.1801066 0.1412454 0.0503953 0.1414055 0.1726967 0.1684952 0.0984537 0.1425049 0.1458921 0.0000000 0.1543535 0.0837094 0.1516863 0.1202176 0.1628392 0.1343864 0.1424861 0.0883497 0.1645338 0.0734071 0.1373493 0.1767546 0.1476899 0.0660947 0.1630712 0.1826557 0.1642548 0.0554641 0.1413577 0.1410428 0.0623374 0.1128182 0.0845625 0.1497587 0.1265235 0.1756016 0.1720684 0.1744456 0.1875796 0.1536623 0.1432915 0.1469676 0.1406614 0.1308342 0.1407611 0.1375036 0.1560569 0.1913867 0.1158348 0.1666923 0.0738455 0.1059141 0.1499896 0.1489221 0.1879489 0.1453079 0.1716522 0.1577736 0.1669813 0.1567399 0.1698384 0.1582655 0.1850809 0.1465639 0.1504648 0.1779824 0.1430235 0.1767256 0.1049405 0.1594982 0.1724080 0.1649272 0.1662453 0.1595821 0.1589615 0.1287434 0.1732259 0.1616474 0.0786645 0.0720054 0.0840600 0.1562219 0.0985226 0.0709020 0.1642031 0.1454267 0.1503286 0.1282247 0.1670262 0.1770162 0.1516674 0.1389135 0.1504224 0.1410106 0.1680006 0.1339338 0.0912580 0.1411266 0.1579370 0.0405641 0.1386530 0.1482379 0.0644171 0.1723692 0.0807486 0.1373858 0.1543078 
S0322      0.6201471 0.4468230 0.5811098 0.1340630 0.1404107 0.1286756 0.1516704 0.0961029 0.1277713 0.1478189 0.1222903 0.1175246 0.1214806 0.1463664 0.1480002 0.1542172 0.0192500 0.0587596 0.1543535 0.0000000 0.1211255 0.1376594 0.1278091 0.1276441 0.1140623 0.1237729 0.1392984 0.1601043 0.1200189 0.1012418 0.1439693 0.0244958 0.1150045 0.1515323 0.0945066 0.0190352 0.1024676 0.1232866 0.1208781 0.1247282 0.1099190 0.1114537 0.1163902 0.1068213 0.1333985 0.0243158 0.1716064 0.1523029 0.0102612 0.1222513 0.1484250 0.1091757 0.1061906 0.1015706 0.0964203 0.1306991 0.1547543 0.1267319 0.0713348 0.0887074 0.1314650 0.1402745 0.0448162 0.1722672 0.1441674 0.1629999 0.1271840 0.1168031 0.1465144 0.1254845 0.0632946 0.0891098 0.1354469 0.1368539 0.1656763 0.0990447 0.1652669 0.1159746 0.1468392 0.1333175 0.0690524 0.1305246 0.1262265 0.1416842 0.1092955 0.1508606 0.1115761 0.1086482 0.0825542 0.0965532 0.0226914 0.1180079 0.1438939 0.0801932 0.0227250 0.0210330 0.1108139 0.0695288 0.1521456 0.1288211 0.1161312 0.1267210 0.1214398 0.1338273 0.1136797 0.0898087 0.1069860 0.1264956 0.1310264 0.1132998 0.1058531 0.1205623 0.1214668 0.0911743 0.1190375 0.1397704 
S0327      0.5991300 0.4673820 0.5957337 0.1485990 0.1587650 0.1173583 0.1502823 0.1082658 0.0743486 0.1647336 0.1182723 0.0663264 0.1248157 0.1428803 0.1543690 0.0884824 0.1231899 0.1093957 0.0837094 0.1211255 0.0000000 0.1584691 0.1286432 0.1400710 0.1073702 0.1220178 0.1023343 0.1343639 0.0518214 0.1105474 0.1547179 0.1165426 0.0498523 0.1470410 0.1459769 0.1294086 0.0407082 0.1188101 0.1188883 0.0459607 0.0931571 0.0796435 0.1090968 0.1024674 0.1619456 0.1339171 0.1628199 0.1610931 0.1201779 0.1223524 0.1463194 0.1164218 0.1042332 0.1084275 0.1055863 0.1534578 0.1795302 0.1092375 0.1313423 0.0641497 0.0972260 0.1517132 0.1069333 0.1737887 0.1420487 0.1795787 0.1379984 0.1450822 0.1600291 0.1401962 0.1146669 0.1312777 0.1417467 0.1405859 0.1658790 0.1157058 0.1519245 0.0864310 0.1448447 0.1468621 0.1184810 0.1295607 0.1476136 0.1365009 0.1073221 0.1610064 0.1391576 0.0550330 0.0623225 0.0759665 0.1227506 0.0900445 0.0789687 0.1267572 0.1144180 0.1160985 0.1068908 0.1268380 0.1505772 0.1322566 0.1189753 0.1332004 0.1218700 0.1441030 0.1162950 0.0627509 0.1172086 0.1378727 0.0786553 0.1136142 0.1152712 0.0654899 0.1501499 0.0668629 0.1124274 0.1328956 
S0335      0.7043582 0.4794889 0.5586826 0.1002376 0.0374296 0.1543915 0.1722684 0.1144759 0.1480509 0.1562822 0.1466481 0.1283157 0.1288262 0.1763179 0.1794852 0.1824629 0.1422780 0.1414153 0.1516863 0.1376594 0.1584691 0.0000000 0.1009999 0.1540429 0.1376055 0.1507059 0.1591775 0.1732612 0.1390424 0.1195582 0.1753559 0.1334137 0.1194236 0.1569637 0.1859418 0.1383605 0.1179938 0.1457272 0.1498039 0.1381825 0.1163314 0.1292748 0.1676246 0.1346477 0.1559966 0.1557360 0.1876143 0.2041695 0.1337971 0.1555210 0.1361024 0.1307513 0.1338584 0.1225293 0.1193382 0.1491123 0.1791182 0.1281489 0.1553615 0.1167779 0.1111188 0.1378382 0.1355889 0.1775240 0.1485320 0.1718373 0.1970748 0.1486622 0.1778473 0.1712392 0.1555735 0.1751749 0.1393702 0.1426362 0.1794087 0.1200235 0.1843036 0.1356365 0.1644722 0.0983960 0.1624605 0.1720250 0.1405708 0.1567160 0.1350023 0.1600207 0.1320165 0.1447270 0.1181400 0.1231876 0.1414818 0.1290992 0.1589993 0.1522153 0.1287805 0.1304059 0.1391220 0.1483444 0.1075242 0.1352007 0.1396192 0.1666256 0.1565230 0.1532315 0.1426656 0.1107894 0.1184023 0.1387063 0.1516863 0.1389531 0.1270554 0.1365027 0.1537273 0.1180650 0.1308667 0.1671266 
S0345      0.5911659 0.4783050 0.5830047 0.1066804 0.0000010 0.1532729 0.1233660 0.1122408 0.1384235 0.1611477 0.1550422 0.1193360 0.0866920 0.1382675 0.1489875 0.1577567 0.1202598 0.1280780 0.1202176 0.1278091 0.1286432 0.1009999 0.0000000 0.1474015 0.1257977 0.1352510 0.1413351 0.1764082 0.1146651 0.1162550 0.1632740 0.1077750 0.1013907 0.1093237 0.1629392 0.1289157 0.0988764 0.1266849 0.1427426 0.1247254 0.1283540 0.1111588 0.1460495 0.1208725 0.1756155 0.1279354 0.1619006 0.1856965 0.1209587 0.1420932 0.0943792 0.1261504 0.1333957 0.1164629 0.1119208 0.1064149 0.1730802 0.1374175 0.1297785 0.0801725 0.1244808 0.1159206 0.1198996 0.1344147 0.1202945 0.1362467 0.1437083 0.1475632 0.1572511 0.1458390 0.1178214 0.1719454 0.1033419 0.1013917 0.1476399 0.1301153 0.1785482 0.0972815 0.1299075 0.1001170 0.1290848 0.1637114 0.1007556 0.1403560 0.1261628 0.1349452 0.0834692 0.1041795 0.0849097 0.0906055 0.1328357 0.1103848 0.1486608 0.1230797 0.1001879 0.1110131 0.1250841 0.1258489 0.0714604 0.1018538 0.1336707 0.1340304 0.1130841 0.0971884 0.1203776 0.0941131 0.0729650 0.0938905 0.1261576 0.1245179 0.1246259 0.1198258 0.1430870 0.0962380 0.1308002 0.1380384 
S0376      0.6295039 0.4443622 0.5627006 0.1362504 0.1347027 0.1097943 0.1220408 0.1029456 0.1438818 0.1451406 0.0733090 0.1470828 0.1368028 0.0984776 0.1030828 0.1767516 0.1242131 0.1252962 0.1628392 0.1276441 0.1400710 0.1540429 0.1474015 0.0000000 0.0746376 0.0925039 0.1525095 0.1392881 0.1234541 0.1059750 0.0479192 0.1160109 0.1296206 0.1226570 0.1670264 0.1387380 0.1213840 0.0968259 0.0874773 0.1396580 0.1373464 0.1244263 0.0992185 0.0702372 0.1406597 0.1357872 0.1750138 0.1235406 0.1267495 0.0824143 0.1161529 0.1135043 0.0700642 0.1062411 0.1083203 0.1322879 0.1624537 0.1423672 0.1360359 0.1016546 0.1454308 0.1268414 0.1203304 0.1481223 0.1138315 0.1477795 0.1138533 0.1337669 0.1661730 0.1294913 0.1242283 0.1529326 0.1141267 0.1100063 0.1559851 0.1133367 0.1681451 0.1276787 0.1316211 0.1268779 0.1285704 0.1113924 0.1308932 0.1479838 0.0703669 0.1104339 0.1207576 0.1237957 0.0929418 0.0927551 0.1321214 0.1271711 0.1484566 0.1357982 0.1191279 0.1155950 0.0742444 0.1290333 0.1458065 0.1412730 0.0803134 0.0769810 0.0939565 0.1526842 0.0889214 0.1049747 0.1237452 0.1371605 0.1450031 0.0836947 0.1059180 0.1401367 0.1386808 0.1089142 0.0749369 0.1010858 
S0400      0.6509511 0.4361808 0.5754027 0.1317041 0.1334731 0.0604974 0.0750767 0.0924091 0.1224402 0.1467855 0.0228424 0.1232937 0.1265869 0.0386224 0.1027970 0.1473056 0.1103099 0.1117791 0.1343864 0.1140623 0.1073702 0.1376055 0.1257977 0.0746376 0.0000000 0.0339283 0.1351616 0.1038764 0.0987757 0.0922444 0.0898888 0.1027234 0.0922806 0.1212644 0.1432018 0.1221619 0.1012781 0.0458505 0.0281614 0.1111261 0.1090037 0.0961244 0.0705628 0.0084772 0.1383434 0.1219144 0.1546378 0.0967718 0.1130610 0.0402303 0.1232994 0.0977844 0.0208036 0.0949192 0.0947052 0.1452560 0.1519369 0.1214189 0.1219094 0.0757957 0.1228384 0.1341184 0.1000416 0.1510146 0.1222036 0.1514524 0.0893124 0.1321534 0.1590026 0.1198172 0.1081158 0.1386163 0.1187100 0.1151546 0.1467008 0.0995276 0.1535587 0.1048070 0.1470996 0.1191413 0.1123680 0.0779641 0.1305640 0.1310396 0.0154547 0.0757864 0.0993807 0.1068623 0.0718852 0.0901352 0.1253142 0.1027770 0.1235816 0.1240391 0.1056853 0.1044297 0.0190700 0.1150786 0.1403998 0.1332164 0.0248253 0.0267211 0.0714924 0.1448554 0.0580838 0.0841114 0.1134085 0.1317433 0.1280537 0.0438048 0.0991507 0.1068583 0.1370710 0.0831201 0.0246263 0.0544483 
S0405      0.6628265 0.4510949 0.5810951 0.1476557 0.1421225 0.0753722 0.0798724 0.1086998 0.1302832 0.1419081 0.0343580 0.1312238 0.1391044 0.0546056 0.1197692 0.1504611 0.1258863 0.1238505 0.1424861 0.1237729 0.1220178 0.1507059 0.1352510 0.0925039 0.0339283 0.0000000 0.1576408 0.1255986 0.1108744 0.1061821 0.1061392 0.1121773 0.0999022 0.1256026 0.1479816 0.1321349 0.1112317 0.0560629 0.0320054 0.1213125 0.1212870 0.1080842 0.0815367 0.0246118 0.1492230 0.1318653 0.1681124 0.1040113 0.1228446 0.0503089 0.1385515 0.1120443 0.0336937 0.1090518 0.1088081 0.1528713 0.1602135 0.1382579 0.1291889 0.0874656 0.1304134 0.1421880 0.1070583 0.1576502 0.1305052 0.1641164 0.1058437 0.1443627 0.1674494 0.1349581 0.1151824 0.1469509 0.1232584 0.1247028 0.1599264 0.1161713 0.1617866 0.1129674 0.1521204 0.1318792 0.1194816 0.0897799 0.1437533 0.1437740 0.0283719 0.0890420 0.1134379 0.1191063 0.0809860 0.1003759 0.1329907 0.1151715 0.1365833 0.1261252 0.1152620 0.1089958 0.0263815 0.1222585 0.1459296 0.1458613 0.0346262 0.0294396 0.0848277 0.1531988 0.0687415 0.0982431 0.1260404 0.1419280 0.1335389 0.0539347 0.1134180 0.1246115 0.1494022 0.0973747 0.0340012 0.0650545 
S0407sl    0.7032352 0.5043468 0.6519931 0.1609655 1.1025197 0.1601606 0.1508010 0.1432475 0.0688226 0.1959983 0.1484658 0.0582026 0.1434530 0.1322262 0.1638026 0.1186969 0.1294441 0.1619635 0.0883497 0.1392984 0.1023343 0.1591775 0.1413351 0.1525095 0.1351616 0.1576408 0.0000000 0.1912868 0.0542854 0.1507951 0.1751723 0.1396935 0.0638141 0.1774808 0.1995847 0.1521565 0.0744734 0.1495276 0.1498564 0.0805376 0.1120109 0.0781934 0.1575196 0.1278716 0.1960594 0.1493234 0.1751413 0.1968075 0.1450306 0.1636654 0.1476452 0.1556769 0.1311803 0.1469750 0.1429058 0.1582456 0.2117743 0.1059484 0.1609279 0.0630133 0.0923364 0.1568124 0.1537485 0.2006500 0.1507164 0.1865918 0.1598007 0.1847144 0.1643637 0.1751541 0.1423877 0.2052570 0.1544752 0.1448760 0.1636379 0.1590559 0.1807175 0.0895672 0.1511657 0.1549755 0.1446631 0.1716122 0.1603240 0.1642892 0.1207496 0.1798956 0.1386331 0.0508831 0.0631335 0.0702702 0.1553619 0.0961556 0.0654601 0.1619780 0.1365919 0.1464613 0.1282186 0.1539238 0.1532780 0.1615854 0.1305595 0.1354427 0.1220233 0.1645484 0.1460160 0.0761906 0.1321167 0.1553904 0.0674746 0.1377786 0.1582165 0.0099164 0.1807063 0.0695372 0.1438152 0.1700795 
S0412sl    0.6651127 0.5050578 0.6120502 0.1884803 0.1350565 0.1241610 0.1400221 0.1477851 0.1564166 0.1829752 0.1189451 0.1501125 0.1693901 0.1519790 0.1676276 0.1816642 0.1599011 0.1462680 0.1645338 0.1601043 0.1343639 0.1732612 0.1764082 0.1392881 0.1038764 0.1255986 0.1912868 0.0000000 0.1476411 0.1539878 0.1590353 0.1525293 0.1316989 0.1756454 0.1925259 0.1537284 0.1271359 0.1174108 0.1271303 0.1511292 0.1494487 0.1385072 0.1143790 0.1081658 0.1716645 0.1663749 0.1874328 0.1074196 0.1510145 0.1146975 0.1696634 0.1635613 0.1075215 0.1544763 0.1541352 0.1781015 0.1938799 0.1654335 0.1721518 0.1134376 0.1577885 0.1815141 0.1497766 0.1984716 0.1786910 0.2157004 0.1455623 0.1718375 0.1843541 0.1866556 0.1614764 0.1830481 0.1695635 0.1626027 0.1724847 0.1599313 0.1801687 0.1212827 0.1910765 0.1779734 0.1579987 0.1301223 0.1841382 0.1670143 0.1124377 0.1341837 0.1583453 0.1500498 0.1143616 0.1315397 0.1593362 0.1463362 0.1492507 0.1702224 0.1561446 0.1499755 0.1122057 0.1615843 0.2002608 0.1833379 0.1194122 0.1456754 0.1102531 0.1945237 0.1054235 0.1317303 0.1616183 0.1786745 0.1604085 0.1015484 0.1593271 0.1498226 0.1771979 0.1202076 0.1205488 0.1223458 
S0417      0.6664299 0.4725617 0.5964666 0.1317103 0.1380310 0.1188917 0.1372640 0.1026420 0.0500020 0.1638499 0.1071230 0.0504359 0.1140984 0.1265543 0.1410825 0.0669048 0.1137298 0.1152886 0.0734071 0.1200189 0.0518214 0.1390424 0.1146651 0.1234541 0.0987757 0.1108744 0.0542854 0.1476411 0.0000000 0.1049187 0.1408382 0.1124780 0.0422354 0.1395040 0.1463915 0.1228054 0.0434871 0.1149812 0.1078503 0.0545957 0.0840369 0.0605418 0.1104454 0.0917501 0.1469770 0.1273141 0.1500321 0.1506297 0.1160636 0.1058784 0.1298131 0.1078525 0.0935228 0.1027969 0.1050246 0.1459276 0.1637872 0.0882125 0.1291419 0.0512412 0.0698440 0.1404422 0.1098729 0.1778007 0.1234347 0.1552507 0.1322153 0.1400043 0.1466611 0.1359479 0.1200299 0.1503250 0.1454200 0.1364547 0.1453335 0.1100467 0.1498016 0.0696044 0.1451451 0.1221955 0.1238753 0.1393329 0.1307889 0.1349514 0.0915601 0.1489139 0.1131459 0.0227226 0.0494082 0.0607644 0.1205690 0.0703884 0.0586522 0.1270928 0.1103535 0.1168268 0.0960999 0.1224531 0.1379236 0.1260389 0.1000031 0.1208186 0.1157178 0.1353157 0.1099213 0.0544619 0.1089381 0.1293569 0.0489099 0.1075252 0.1096275 0.0330894 0.1450274 0.0583417 0.1009858 0.1184445 
S0419      0.5868514 0.4338711 0.5465972 0.1158364 0.0977774 0.1090970 0.1348926 0.0084132 0.1161870 0.0825751 0.0975063 0.1176964 0.1026812 0.1280819 0.1284033 0.1660743 0.1007122 0.0987714 0.1373493 0.1012418 0.1105474 0.1195582 0.1162550 0.1059750 0.0922444 0.1061821 0.1507951 0.1539878 0.1049187 0.0000000 0.1305508 0.0902920 0.0982169 0.1105771 0.1148533 0.1067125 0.1050232 0.1081650 0.0939523 0.1140069 0.0976242 0.0973089 0.1016678 0.0853964 0.0682677 0.1087468 0.1504911 0.1333626 0.0979343 0.0998132 0.1107823 0.0119072 0.0828917 0.0119231 0.0067254 0.1127122 0.0792026 0.1113799 0.1016604 0.0771426 0.0971101 0.1103917 0.0853082 0.1281876 0.1069653 0.1460368 0.1388796 0.0551875 0.1491256 0.1135970 0.0950135 0.1084506 0.1024441 0.1088189 0.1477672 0.0136241 0.1503640 0.1066476 0.1172952 0.1088551 0.0989351 0.1250886 0.1072926 0.1273889 0.0855580 0.1320311 0.0888691 0.1033220 0.0730994 0.0963697 0.1072221 0.0956079 0.1445951 0.0991244 0.0909019 0.0895689 0.0870669 0.0928863 0.1325102 0.1091698 0.0891353 0.1049037 0.1163391 0.1081323 0.0971340 0.0881477 0.0931189 0.1100254 0.1219267 0.1012210 0.0153640 0.1086963 0.0591689 0.0864854 0.0859030 0.1045731 
S0427      0.5921292 0.4474690 0.5580080 0.1600849 0.1367503 0.1265192 0.1262269 0.1271925 0.1557851 0.1706441 0.0887066 0.1538728 0.1514241 0.1143063 0.1127240 0.1760403 0.1464096 0.1415486 0.1767546 0.1439693 0.1547179 0.1753559 0.1632740 0.0479192 0.0898888 0.1061392 0.1751723 0.1590353 0.1408382 0.1305508 0.0000000 0.1374834 0.1285836 0.1448187 0.1763547 0.1555168 0.1285419 0.1205104 0.1008759 0.1463152 0.1490593 0.1368131 0.1199676 0.0831541 0.1704102 0.1524407 0.1952453 0.1439417 0.1432101 0.0985522 0.1313751 0.1417575 0.0828341 0.1308742 0.1330476 0.1610635 0.1880317 0.1502880 0.1475854 0.1136691 0.1450110 0.1536572 0.1364158 0.1713643 0.1393736 0.1821825 0.1257607 0.1572077 0.1920572 0.1394661 0.1355830 0.1629114 0.1311705 0.1296569 0.1750608 0.1384425 0.1912536 0.1436653 0.1484927 0.1521235 0.1421951 0.1229365 0.1569749 0.1720108 0.0854952 0.1194622 0.1369641 0.1437956 0.1048187 0.1178824 0.1466098 0.1385332 0.1559842 0.1608117 0.1353076 0.1318154 0.0871569 0.1404760 0.1540327 0.1559646 0.0962718 0.0954259 0.1003588 0.1722867 0.1018641 0.1213107 0.1404919 0.1518147 0.1640326 0.0974216 0.1304841 0.1456732 0.1573177 0.1208688 0.0857625 0.1180771 
S0430      0.6293246 0.4426605 0.5754315 0.1300425 0.1400279 0.1199131 0.1393763 0.0853312 0.1261521 0.1388647 0.1106653 0.1182199 0.1099241 0.1326379 0.1356810 0.1599722 0.0156610 0.0553999 0.1476899 0.0244958 0.1165426 0.1334137 0.1077750 0.1160109 0.1027234 0.1121773 0.1396935 0.1525293 0.1124780 0.0902920 0.1374834 0.0000000 0.1129605 0.1392370 0.0921389 0.0299803 0.1027885 0.1117457 0.1071285 0.1230865 0.1039683 0.1019328 0.1051563 0.0956733 0.1260758 0.0245176 0.1603554 0.1446218 0.0209150 0.1152432 0.1438493 0.0979527 0.0951026 0.0905895 0.0856157 0.1289763 0.1470500 0.1221524 0.0656059 0.0815403 0.1243656 0.1236209 0.0393692 0.1577605 0.1314596 0.1608807 0.1107492 0.1105744 0.1407009 0.1208057 0.0596083 0.0806465 0.1210674 0.1248864 0.1548990 0.0951507 0.1542214 0.1109740 0.1402338 0.1209362 0.0634470 0.1288060 0.1191934 0.1315136 0.0980712 0.1469067 0.0977772 0.1064490 0.0708048 0.0861425 0.0377089 0.1066058 0.1422819 0.0759273 0.0016848 0.0068816 0.0996107 0.0637986 0.1342946 0.1147660 0.1045636 0.1132402 0.1144697 0.1168907 0.1051768 0.0884321 0.0957967 0.1148095 0.1293763 0.1014882 0.0947891 0.1185380 0.1151982 0.0841112 0.1052895 0.1277207 
S0478      0.6309855 0.4566292 0.5273267 0.1179781 0.1495345 0.1100722 0.1166280 0.0907559 0.0566227 0.1309072 0.0957390 0.0486280 0.1052417 0.1133822 0.1267831 0.0721527 0.1198347 0.1076326 0.0660947 0.1150045 0.0498523 0.1194236 0.1013907 0.1296206 0.0922806 0.0999022 0.0638141 0.1316989 0.0422354 0.0982169 0.1285836 0.1129605 0.0000000 0.1245318 0.1385647 0.1235188 0.0385871 0.1042343 0.0966337 0.0462632 0.0771837 0.0643850 0.0937546 0.0850404 0.1363563 0.1258742 0.1328965 0.1429090 0.1139631 0.1004454 0.1227870 0.1041238 0.0868965 0.0960248 0.0956994 0.1276683 0.1509539 0.0890401 0.1286739 0.0538605 0.0675646 0.1225764 0.0935191 0.1678956 0.1260337 0.1245103 0.1237394 0.1324307 0.1374028 0.1289852 0.1111109 0.1331259 0.1207205 0.1220148 0.1332308 0.1008672 0.1322629 0.0737985 0.1301617 0.1246750 0.1151030 0.1285920 0.1201443 0.1195472 0.0829183 0.1412463 0.1070267 0.0457315 0.0521946 0.0636333 0.1216955 0.0722549 0.0588525 0.1079809 0.1107445 0.1122095 0.0871834 0.1214198 0.1330027 0.1070434 0.0937364 0.0993740 0.1058087 0.1270576 0.1038484 0.0506061 0.0970553 0.1178053 0.0511209 0.1011257 0.1030591 0.0407859 0.1376170 0.0595962 0.0948155 0.1181575 
S0552sl    0.6702303 0.4697845 0.6128900 0.1406041 0.1169755 0.1425997 0.1494545 0.1082940 0.1441726 0.1425978 0.1197891 0.1436285 0.1011134 0.1671594 0.1677008 0.1600063 0.1541376 0.1572398 0.1630712 0.1515323 0.1470410 0.1569637 0.1093237 0.1226570 0.1212644 0.1256026 0.1774808 0.1756454 0.1395040 0.1105771 0.1448187 0.1392370 0.1245318 0.0000000 0.1713606 0.1554989 0.1171195 0.1389264 0.1355063 0.1423668 0.1427800 0.1466190 0.1508923 0.1184786 0.1381442 0.1550146 0.1707613 0.1622914 0.1482075 0.1273839 0.0279868 0.1187762 0.1202479 0.1116799 0.1035916 0.0873846 0.1541509 0.1649312 0.1576309 0.1189377 0.1520539 0.1193019 0.1416213 0.0684804 0.0481077 0.0480375 0.1669170 0.1439170 0.1668083 0.1309366 0.1509543 0.1797663 0.0545412 0.0646150 0.1571629 0.1157392 0.1669279 0.1304677 0.0572022 0.1325713 0.1554964 0.1541265 0.1056971 0.1462650 0.1187141 0.1596347 0.1111834 0.1425520 0.1171257 0.1291330 0.1478722 0.1276022 0.1625405 0.1557415 0.1401303 0.1361865 0.1230464 0.1467010 0.1282886 0.1100122 0.1213151 0.1445910 0.1329128 0.1149921 0.1340147 0.1229017 0.0917867 0.1059733 0.1459128 0.1363417 0.1160787 0.1421649 0.1489427 0.1309847 0.1186489 0.1414513 
