115
CRNC          0.0000000 0.3340707 0.3326881 0.5219547 0.4149712 0.3938838 0.4348363 0.3847712 0.3786221 0.4549988 0.3741182 0.3391782 0.4230205 0.5010441 0.3822361 0.4207149 0.3823520 0.3773056 0.3669887 0.3683648 0.3983803 0.4132964 0.4030826 0.4180506 0.4362308 0.4339500 0.3708187 0.3876928 0.4027999 0.3808571 0.3618630 0.4162067 0.4061828 0.4267362 0.4042797 0.4132552 0.4324333 0.3946037 0.4400920 0.4324430 0.3982251 0.4536504 0.3779864 0.3816877 0.3605787 0.3781791 0.3633730 0.4293857 0.3390882 0.3697004 0.4013152 0.3653143 0.3669824 0.4489191 0.3636502 0.4109857 0.4640513 0.4115644 0.4298268 0.4151584 0.3302192 0.4541369 0.4236487 0.4292129 0.3827102 0.4612247 0.4437442 0.3676781 0.4031045 0.4221903 0.3729738 0.4288034 0.4990836 0.4173429 0.3753207 0.3647043 0.3976400 0.3769961 0.4215350 0.4191610 0.3245538 0.4164854 0.3673458 0.4135836 0.3477365 0.3798038 0.3984423 0.4018160 0.3590357 0.3976598 0.4206073 0.4170076 0.3706135 0.3590357 0.4144795 0.4078436 0.4277459 0.4092420 0.3467465 0.3805945 0.3392814 0.3933581 0.3579817 0.4033053 0.4248488 0.4128858 0.3423807 0.3258119 0.3768333 0.4000741 0.4195487 0.4119307 0.4282916 0.4258667 0.4159337 
HYZL          0.3340707 0.0000000 0.3498475 0.7720985 0.5294310 0.3722391 0.5470621 0.5022034 0.6144353 0.4941064 0.4855353 0.6146920 0.6234283 0.5670431 0.3984956 0.5646192 0.5227356 0.6367452 0.5652184 0.6393246 0.5795618 0.5793676 0.4960025 0.5359314 0.6403147 0.5146649 0.5551363 0.5201636 0.6033663 0.5801698 0.5227356 0.5903684 0.6462059 0.5589681 0.5673249 0.4807669 0.5283930 0.6150031 0.5271700 0.5710065 0.5225144 0.6116344 0.4686276 0.5300084 0.6185497 0.5228127 0.5332600 0.5481093 0.5145543 0.4993412 0.5283930 0.5034506 0.5000698 0.6226888 0.4431641 0.5449891 0.8025051 0.5798399 0.5322749 0.5774422 0.3787838 0.5829464 0.6239449 0.6488713 0.5283081 0.5159642 0.5839839 0.6553752 0.4841175 0.6230207 0.6453901 0.5192016 0.6396916 0.7350474 0.4961107 0.5962259 0.4862075 0.5388126 0.6021851 0.7044208 0.5138804 0.5043890 0.5724198 0.5283930 0.4975429 0.6353013 0.5813473 0.5813473 0.5227356 0.5442259 0.5538318 0.5470506 0.5227356 0.5227356 0.5283930 0.5631434 0.6094196 0.6256024 0.4512081 0.4523855 0.4245726 0.5322066 0.5301410 0.5799786 0.6163054 0.5472362 0.5479000 0.4755370 0.4968573 0.5781108 0.5325030 0.5651308 0.4505566 0.4626044 0.5286998 
MYZV          0.3326881 0.3498475 0.0000000 0.6095344 0.6049678 0.4699895 0.5022837 0.4562967 0.5316540 0.5178918 0.4882203 0.4838526 0.4861577 0.5770882 0.4241034 0.4801424 0.4121187 0.4960277 0.4659112 0.5575483 0.4455281 0.4669792 0.5593289 0.5165145 0.5595710 0.4857845 0.4389771 0.4884964 0.5531302 0.4919972 0.4200847 0.4578138 0.5441181 0.4569738 0.4790425 0.4799293 0.5335192 0.5087101 0.4863564 0.4485841 0.5193511 0.5487889 0.4616975 0.4438650 0.5494621 0.4831901 0.4219021 0.5296617 0.4076444 0.4683471 0.4961564 0.4503206 0.4646081 0.5395394 0.4446203 0.5177677 0.5998359 0.4489705 0.4818728 0.4646728 0.3368941 0.4760395 0.4379010 0.4435656 0.4344191 0.4554484 0.5229589 0.5157005 0.4790215 0.5289639 0.5192140 0.4657420 0.5286940 0.5988098 0.4737828 0.5401900 0.4733336 0.4034124 0.5297570 0.5332252 0.4610593 0.4842000 0.5152198 0.5420006 0.4805091 0.4395219 0.4671196 0.4579405 0.4164880 0.4409498 0.5066488 0.4855796 0.4297566 0.4164880 0.5116671 0.4521803 0.5763857 0.4315002 0.4743049 0.4898433 0.4264393 0.4252745 0.4709990 0.4583192 0.4623580 0.4534008 0.4864436 0.4638488 0.4759934 0.4988926 0.4956717 0.4546598 0.4949435 0.4487022 0.5120635 
ERR4210213    0.5219547 0.7720985 0.6095344 0.0000000 0.2392756 0.2812983 0.1724937 0.1329205 0.1867730 0.2175869 0.2334316 0.1141136 0.1598193 0.1760658 0.0426881 0.1504939 0.2300784 0.1723524 0.1061537 0.1189095 0.0696749 0.2472019 0.2339754 0.1945520 0.1247988 0.1491182 0.1453171 0.1919508 0.1651096 0.1059167 0.2261779 0.1911348 0.2468656 0.1411712 0.1101574 0.1925824 0.2084458 0.1469013 0.1116488 0.1769560 0.1982112 0.2397497 0.2056643 0.2336103 0.2167529 0.1821359 0.2418628 0.2293669 0.1594578 0.1689913 0.2048660 0.1681019 0.1664725 0.2317332 0.1913018 0.1487020 0.2918880 0.1370100 0.1460940 0.1115658 0.0571939 0.1919076 0.1916781 0.1865250 0.2180938 0.1827051 0.2477506 0.2147673 0.1631203 0.1485870 0.2291882 0.1813287 0.2500423 0.2711357 0.1793266 0.2021252 0.1596794 0.1983138 0.1558955 0.1883632 0.1556154 0.1595514 0.2147026 0.2200702 0.1836175 0.1224598 0.1722832 0.1722832 0.2261779 0.1140310 0.1224621 0.1451020 0.2261779 0.2261779 0.1925824 0.2209007 0.1003284 0.1022508 0.1974736 0.1766784 0.1316836 0.1223598 0.1556966 0.1099370 0.1188307 0.1540948 0.1508546 0.1836175 0.1782933 0.1357908 0.2212177 0.1577041 0.2073262 0.2061693 0.2197552 
ERR2789774    0.4149712 0.5294310 0.6049678 0.2392756 0.0000000 0.1959084 0.1141849 0.1145884 0.1618290 0.1148491 0.0521562 0.0897141 0.1148740 0.0850096 0.0445356 0.1512947 0.1667869 0.1241690 0.1340632 0.1156940 0.1141194 0.2182134 0.0700716 0.0498243 0.1322309 0.0903519 0.1198956 0.0865732 0.1603561 0.1357219 0.1661663 0.1255384 0.0939895 0.1532054 0.1075956 0.0484984 0.0559428 0.1217365 0.1091545 0.1237829 0.0685724 0.0703101 0.0812691 0.1771315 0.1770798 0.0615367 0.1668273 0.0497791 0.0969001 0.0747394 0.0673706 0.0804291 0.0801801 0.1415928 0.0745608 0.1148642 0.2129699 0.1104903 0.1001333 0.1190398 0.0960866 0.1334248 0.1247016 0.1381286 0.1192191 0.1206257 0.1487730 0.1871420 0.1307059 0.1392520 0.1787224 0.1129301 0.1584430 0.2096938 0.0801371 0.1858217 0.0991862 0.1289459 0.1421215 0.1458000 0.0738493 0.1154658 0.1954170 0.0629271 0.0874799 0.1380265 0.1079641 0.1086151 0.1651148 0.1020287 0.1269156 0.1795787 0.1729742 0.1651148 0.0495499 0.1574783 0.1318450 0.0951585 0.0447364 0.0394282 0.0845509 0.1050282 0.0683886 0.1063623 0.1063813 0.1098670 0.1244461 0.0874799 0.0680042 0.1206612 0.1344915 0.1204730 0.0729181 0.1336592 0.0486462 
PAFTOL_019361 0.3938838 0.3722391 0.4699895 0.2812983 0.1959084 0.0000000 0.1567053 0.1569754 0.1707413 0.1543132 0.1509532 0.1208713 0.1759547 0.1700878 0.0848842 0.1645803 0.1790645 0.1898885 0.1551847 0.1751859 0.1491435 0.1606228 0.1520488 0.1554791 0.1590193 0.1399529 0.1084250 0.1339160 0.1608977 0.1694615 0.1795558 0.1519163 0.1931898 0.2037282 0.1340027 0.1505385 0.1544394 0.1688888 0.1429205 0.1863347 0.1606234 0.2027512 0.1342683 0.1831166 0.1966476 0.1351705 0.1802906 0.1460940 0.1158278 0.1199358 0.1783834 0.1269150 0.1257280 0.1464286 0.1262003 0.1391195 0.2564683 0.1878768 0.1555913 0.1392126 0.1219949 0.1427151 0.1420816 0.1570861 0.1151229 0.2034524 0.1806269 0.1806099 0.1882808 0.2023412 0.2005607 0.1451493 0.1798905 0.2014834 0.1185479 0.1793322 0.1482432 0.1555099 0.1821623 0.2014366 0.1415167 0.1617666 0.1888405 0.1705423 0.1493353 0.1617566 0.1842915 0.1773464 0.1783778 0.1660623 0.1701256 0.2136563 0.1866381 0.1783778 0.1544394 0.2006800 0.1451803 0.1605307 0.1301583 0.1260270 0.1223486 0.1632812 0.1347674 0.1470572 0.1559401 0.1674589 0.1402330 0.1493353 0.1117233 0.1469558 0.1637405 0.1745112 0.1751521 0.1794415 0.1511905 
S0055         0.4348363 0.5470621 0.5022837 0.1724937 0.1141849 0.1567053 0.0000000 0.0736477 0.1061164 0.0746585 0.0985580 0.0540910 0.0495183 0.1129796 0.0296967 0.0932363 0.1282228 0.1040343 0.0841459 0.0998864 0.0558763 0.1382888 0.1100819 0.0814989 0.0900359 0.0822679 0.0712950 0.0733753 0.0922402 0.0904215 0.1285480 0.1074212 0.1066010 0.1448326 0.0721479 0.0792268 0.0810272 0.0929007 0.0442436 0.0754401 0.0803697 0.1176810 0.0849690 0.1381306 0.1689685 0.0668732 0.1354434 0.0809618 0.0673207 0.0677089 0.1003707 0.0674754 0.0730761 0.1222780 0.0857721 0.0615742 0.1692328 0.0759498 0.0608960 0.0609598 0.0478264 0.1080254 0.0942160 0.1073611 0.1030141 0.1145890 0.0975238 0.1691998 0.0748522 0.1030204 0.1127467 0.0957237 0.1162006 0.1891613 0.0734537 0.1680280 0.0526616 0.1125747 0.0932726 0.0956564 0.0796690 0.0375279 0.1771460 0.1093714 0.0929351 0.0799641 0.0747207 0.0751530 0.1277664 0.0689404 0.0926191 0.1605244 0.1350164 0.1277664 0.0810272 0.1255392 0.0884192 0.0383596 0.0824678 0.0570842 0.0106910 0.0488978 0.0672862 0.0431270 0.0610357 0.0382078 0.0657829 0.0929351 0.0674854 0.0730322 0.0844143 0.0735117 0.1004963 0.0919803 0.0794954 
S0196sl       0.3847712 0.5022034 0.4562967 0.1329205 0.1145884 0.1569754 0.0736477 0.0000000 0.0746597 0.0562718 0.0898963 0.0480843 0.0618662 0.1037632 0.0633739 0.0795140 0.1061034 0.0826740 0.0645811 0.0456291 0.0430116 0.0973547 0.1075215 0.0948035 0.0644667 0.0614655 0.0523564 0.0670056 0.0776399 0.0573837 0.1138335 0.0908858 0.1368584 0.1152637 0.0588409 0.0921203 0.0931055 0.0795896 0.0431986 0.0560956 0.0752926 0.1074149 0.0606910 0.1158818 0.1521362 0.0727242 0.1204904 0.0870796 0.0674555 0.0491373 0.1141739 0.0551301 0.0543935 0.1019964 0.0545455 0.0265639 0.1443560 0.0499880 0.0373235 0.0606478 0.0350544 0.0929100 0.0731388 0.0923897 0.0888018 0.1072027 0.0734395 0.1714926 0.0732811 0.0947348 0.1099061 0.0745470 0.1094033 0.1731239 0.0547257 0.1549103 0.0524349 0.0916411 0.0927310 0.0950840 0.0669382 0.0674465 0.1558529 0.1012249 0.0788039 0.0611620 0.0619575 0.0623085 0.1131567 0.0627548 0.0736776 0.1212856 0.1201288 0.1131567 0.0942459 0.1181566 0.0809238 0.0377837 0.0810091 0.0697116 0.0520138 0.0603281 0.0605491 0.0546290 0.0534751 0.0561236 0.0466187 0.0788039 0.0545105 0.0725632 0.0547046 0.0547012 0.0924291 0.0730615 0.0924447 
S0278         0.3786221 0.6144353 0.5316540 0.1867730 0.1618290 0.1707413 0.1061164 0.0746597 0.0000000 0.1098150 0.1278548 0.0536755 0.1170415 0.1423402 0.1017829 0.0669790 0.1596444 0.1204144 0.0644982 0.0850713 0.0944030 0.1633106 0.1461304 0.1323884 0.0700240 0.1184535 0.0583620 0.1075727 0.1219508 0.0822133 0.1689148 0.1145135 0.1517672 0.1769620 0.0524730 0.1357467 0.1298779 0.0792985 0.0940456 0.1098208 0.1223638 0.1567968 0.0943206 0.1721965 0.1639310 0.1137681 0.1764578 0.1307631 0.1037565 0.0875596 0.1534788 0.0943596 0.0930327 0.1242612 0.0873560 0.0748735 0.2172646 0.1106081 0.0674945 0.0942916 0.0889629 0.1284609 0.1145722 0.1363213 0.1336847 0.1658702 0.1295894 0.1644948 0.1010749 0.1420836 0.1545868 0.1106145 0.1570044 0.1743317 0.0936458 0.1633426 0.0686383 0.1351425 0.1372802 0.1487524 0.1149247 0.1076315 0.1724789 0.1459742 0.1205277 0.0728709 0.1164099 0.1101764 0.1678293 0.0899706 0.0550658 0.1834376 0.1758326 0.1678293 0.1315609 0.1523207 0.1027687 0.0969512 0.1088908 0.0972443 0.0768631 0.1004693 0.1000905 0.0864783 0.1138076 0.1036035 0.0339089 0.1205277 0.0932196 0.0662456 0.1073732 0.1007982 0.1320298 0.1288279 0.1362915 
S0281         0.4549988 0.4941064 0.5178918 0.2175869 0.1148491 0.1543132 0.0746585 0.0562718 0.1098150 0.0000000 0.0840336 0.0823671 0.0565439 0.1063549 0.0457925 0.0932510 0.1303993 0.0986971 0.0919130 0.0938251 0.0753944 0.1409562 0.1022410 0.0819298 0.0917473 0.1047519 0.0793593 0.0745453 0.1007661 0.1129582 0.1307356 0.1162142 0.1372227 0.1396905 0.0730705 0.0796322 0.0814525 0.1006136 0.0694705 0.0824481 0.0823602 0.1102290 0.0558537 0.1331806 0.1871809 0.0940851 0.1377581 0.0813866 0.0680448 0.0687890 0.1009296 0.0748982 0.0742367 0.1028032 0.0621193 0.0628988 0.1541723 0.0830148 0.0562226 0.0742721 0.0421942 0.1019578 0.1093963 0.1149784 0.0783926 0.1159764 0.0559693 0.1989717 0.1088541 0.1044287 0.1106855 0.0910364 0.1051940 0.2003306 0.0680345 0.1811619 0.0842795 0.1082260 0.1150290 0.1097165 0.0872824 0.0564355 0.1823015 0.0954370 0.1006130 0.1027300 0.0816517 0.0821313 0.1299280 0.0770024 0.0938159 0.1554135 0.1373153 0.1299280 0.0814525 0.1267834 0.0965145 0.0510588 0.0812343 0.0706504 0.0657586 0.0676580 0.0809475 0.0812688 0.0806569 0.0571948 0.0655882 0.1006130 0.0743936 0.0870081 0.0439300 0.0939217 0.0868417 0.0561658 0.0799039 
S0282         0.3741182 0.4855353 0.4882203 0.2334316 0.0521562 0.1509532 0.0985580 0.0898963 0.1278548 0.0840336 0.0000000 0.0714570 0.0838635 0.0405457 0.0639561 0.1183217 0.1415298 0.1311699 0.1022603 0.0960188 0.0908224 0.1708712 0.0053247 0.0161061 0.1070025 0.0669221 0.1022263 0.0576459 0.1261566 0.1175011 0.1419077 0.0906968 0.0848885 0.1438391 0.0819078 0.0332194 0.0161061 0.0975680 0.0709723 0.0992481 0.0589936 0.0222616 0.0577176 0.1523417 0.1535868 0.0457753 0.1424869 0.0277657 0.0574228 0.0456706 0.0328493 0.0516412 0.0445447 0.1015298 0.0513273 0.0836166 0.1831562 0.0861079 0.0698276 0.0959955 0.0700674 0.0792083 0.0788997 0.0922629 0.0812619 0.0798494 0.1094290 0.1485205 0.1055906 0.1209687 0.1527191 0.0868718 0.1179342 0.1853569 0.0514535 0.1633320 0.0631368 0.0913896 0.1030965 0.1130086 0.0514998 0.0913322 0.1728445 0.0107074 0.0642629 0.1131703 0.0846442 0.0851588 0.1410014 0.0781646 0.1104946 0.1600863 0.1487330 0.1410014 0.0161061 0.1324980 0.0983855 0.0710765 0.0000025 0.0226546 0.0611251 0.0823240 0.0456608 0.0833603 0.0829005 0.0776593 0.0897951 0.0642629 0.0393350 0.0831181 0.1032495 0.0965661 0.0283301 0.1032492 0.0333201 
S0289         0.3391782 0.6146920 0.4838526 0.1141136 0.0897141 0.1208713 0.0540910 0.0480843 0.0536755 0.0823671 0.0714570 0.0000000 0.0619582 0.0862860 0.0000025 0.0226829 0.1043003 0.0855893 0.0234856 0.0302290 0.0354971 0.1332069 0.0838463 0.0691173 0.0292804 0.0633560 0.0238868 0.0540440 0.0847252 0.0365369 0.1045813 0.0949221 0.0888885 0.1049248 0.0115892 0.0603914 0.0686855 0.0348004 0.0417715 0.0550189 0.0611954 0.0916315 0.0739493 0.1141842 0.1382839 0.0539381 0.1117960 0.0686217 0.0592544 0.0412179 0.0893468 0.0414488 0.0473558 0.0675097 0.0669214 0.0288179 0.1148274 0.0554083 0.0349629 0.0540598 0.0386365 0.0891909 0.0749052 0.0886126 0.0769545 0.1123722 0.1027547 0.1393677 0.0752700 0.0992961 0.1290072 0.0836092 0.1055977 0.1503447 0.0476217 0.1464375 0.0350266 0.0948357 0.0888436 0.0913200 0.0543906 0.0680617 0.1559588 0.0828737 0.0742596 0.0230130 0.0544644 0.0547963 0.1039029 0.0422190 0.0345242 0.1204673 0.1114355 0.1039029 0.0686855 0.0937612 0.0688765 0.0426119 0.0486204 0.0428534 0.0240084 0.0477002 0.0476547 0.0289118 0.0606986 0.0559376 0.0116547 0.0742596 0.0412184 0.0169191 0.0880196 0.0543722 0.0882325 0.0811321 0.0672785 
S0292         0.4230205 0.6234283 0.4861577 0.1598193 0.1148740 0.1759547 0.0495183 0.0618662 0.1170415 0.0565439 0.0838635 0.0619582 0.0000000 0.1225958 0.0465059 0.0945922 0.1138201 0.0838013 0.0771727 0.0923313 0.0436273 0.1474228 0.1105019 0.0819679 0.0766576 0.0903840 0.0716307 0.0794875 0.0924627 0.0913881 0.1142272 0.1147814 0.1372280 0.1224292 0.0661880 0.0796696 0.0887789 0.0871398 0.0500704 0.0692054 0.0893888 0.1272796 0.0670797 0.1232816 0.1780784 0.0799980 0.1209169 0.0738557 0.0744363 0.0678720 0.1009620 0.0672584 0.0732484 0.1094867 0.0734705 0.0498538 0.1431925 0.0696691 0.0493450 0.0490058 0.0414893 0.1159046 0.0944319 0.1069608 0.1036558 0.1087188 0.0714151 0.1882165 0.0819212 0.0891967 0.1083385 0.0964061 0.1326875 0.2109499 0.0732128 0.1868815 0.0673307 0.1060713 0.0795951 0.0821483 0.0670767 0.0268837 0.1950181 0.0950260 0.0931463 0.0823417 0.0681595 0.0685491 0.1135450 0.0502204 0.0863850 0.1465151 0.1205520 0.1135450 0.0814900 0.1114329 0.0618290 0.0105147 0.0822264 0.0707598 0.0338218 0.0263406 0.0674476 0.0611929 0.0378480 0.0000026 0.0808911 0.0931463 0.0734012 0.0805303 0.0669111 0.0614361 0.1006788 0.0794015 0.0799407 
S0293         0.5010441 0.5670431 0.5770882 0.1760658 0.0850096 0.1700878 0.1129796 0.1037632 0.1423402 0.1063549 0.0405457 0.0862860 0.1225958 0.0000000 0.0464185 0.1188868 0.1610103 0.1578067 0.1096576 0.1031065 0.0913863 0.1891780 0.0450203 0.0273037 0.1073082 0.0654061 0.1038494 0.0921025 0.1410150 0.1210372 0.1707822 0.1205224 0.0925364 0.1540161 0.0613204 0.0513600 0.0268526 0.1054271 0.0976679 0.1229905 0.0720673 0.0387460 0.0780947 0.1717051 0.1905676 0.0582104 0.1715064 0.0460101 0.0921128 0.0718818 0.0443234 0.0855356 0.0700300 0.1316066 0.0711863 0.0981699 0.2491462 0.1071499 0.0836282 0.1203363 0.0844345 0.1125274 0.1063440 0.1287168 0.1093055 0.0844443 0.1509740 0.2137941 0.1115149 0.1622041 0.1720029 0.0925889 0.1298778 0.2039069 0.0768096 0.1940118 0.1053232 0.1129984 0.1331486 0.1560839 0.0784789 0.1143043 0.2045335 0.0449169 0.0767486 0.1130858 0.1151583 0.1159001 0.1696287 0.1014785 0.1184050 0.1528095 0.1708690 0.1696287 0.0271555 0.1677679 0.1144036 0.0933893 0.0336947 0.0224547 0.0826628 0.1054169 0.0652869 0.0977619 0.0969576 0.1084415 0.0894754 0.0767486 0.0716290 0.0965479 0.1266362 0.1195512 0.0287398 0.1426846 0.0515277 
S0294         0.3822361 0.3984956 0.4241034 0.0426881 0.0445356 0.0848842 0.0296967 0.0633739 0.1017829 0.0457925 0.0639561 0.0000025 0.0465059 0.0464185 0.0000000 0.0802639 0.1220815 0.1214285 0.0472102 0.0498722 0.0299204 0.1818885 0.0831383 0.0142608 0.0639624 0.0659872 0.0461881 0.0293926 0.1071001 0.0684238 0.1208479 0.1231284 0.0298143 0.1156688 0.0318272 0.0444695 0.0297538 0.0455220 0.0649811 0.0630653 0.0304466 0.0634703 0.0461881 0.1382608 0.0989661 0.0294204 0.1187984 0.0144668 0.0313289 0.0303113 0.0600772 0.0451041 0.0298310 0.0626858 0.0461881 0.0639624 0.0998623 0.0630653 0.0639624 0.0790984 0.0783591 0.1012163 0.0637636 0.0798336 0.0311368 0.0291339 0.0294917 0.1571936 0.1449866 0.1189651 0.1226933 0.0833919 0.0634336 0.1193484 0.0293926 0.1173398 0.0269986 0.1149741 0.0457283 0.0799531 0.0626287 0.0307290 0.1197175 0.0822497 0.0988800 0.0647043 0.0620855 0.0630653 0.1187984 0.0475559 0.0449086 0.1606002 0.1391211 0.1187984 0.0142608 0.0639604 0.0647630 0.0297450 0.0629509 0.0144668 0.0303274 0.0608137 0.0456325 0.0144150 0.0617536 0.0455220 0.0470745 0.0809494 0.0302944 0.0300988 0.0299331 0.0630653 0.0712387 0.0294917 0.0142608 
S0299         0.4207149 0.5646192 0.4801424 0.1504939 0.1512947 0.1645803 0.0932363 0.0795140 0.0669790 0.0932510 0.1183217 0.0226829 0.0945922 0.1188868 0.0802639 0.0000000 0.1352781 0.1110704 0.0574096 0.0709543 0.0558149 0.1679936 0.1291569 0.1159193 0.0629572 0.0890743 0.0583737 0.0990458 0.1197989 0.0697589 0.1438240 0.1274892 0.1452357 0.1443246 0.0279389 0.1125496 0.1137831 0.0543785 0.0612507 0.0673443 0.1160363 0.1360775 0.1051127 0.1539913 0.1767292 0.0920237 0.1509480 0.1075441 0.0938759 0.0796916 0.1361657 0.0862508 0.0850621 0.1130779 0.0980738 0.0673528 0.1585003 0.0677833 0.0603187 0.0736004 0.0740020 0.1267621 0.1130719 0.1345028 0.1103597 0.1629622 0.1415340 0.1813277 0.0997641 0.1320576 0.1709622 0.1154713 0.1515090 0.1726429 0.0924466 0.1800380 0.0459746 0.1333546 0.1072435 0.1240431 0.0929548 0.0937103 0.1896118 0.1289945 0.1054756 0.0553608 0.0732582 0.0675392 0.1429321 0.0690826 0.0485237 0.1360357 0.1504505 0.1429321 0.1152165 0.1344892 0.0941891 0.0756085 0.0865081 0.0826802 0.0646195 0.0798018 0.0791970 0.0669450 0.0920755 0.0818849 0.0398445 0.1054756 0.0852343 0.0481308 0.1189785 0.0673961 0.1220892 0.1130027 0.1129710 
S0303         0.3823520 0.5227356 0.4121187 0.2300784 0.1667869 0.1790645 0.1282228 0.1061034 0.1596444 0.1303993 0.1415298 0.1043003 0.1138201 0.1610103 0.1220815 0.1352781 0.0000000 0.0895000 0.0917949 0.1207157 0.1069362 0.1680110 0.1531484 0.1304070 0.1266965 0.1252464 0.0922072 0.1126310 0.1588621 0.1106845 0.0051564 0.1302507 0.1762794 0.1023693 0.0932704 0.1265675 0.1296037 0.1144828 0.1008324 0.0960191 0.1242044 0.1721744 0.1265347 0.0105434 0.1922328 0.1127288 0.0103636 0.1295173 0.0891378 0.0998169 0.1511571 0.1062128 0.1052749 0.1532695 0.1190245 0.1003588 0.1515103 0.1033087 0.0992027 0.1044272 0.0357800 0.1225550 0.1220519 0.1359963 0.1259505 0.1217075 0.1201175 0.2040026 0.1193221 0.1156955 0.0959112 0.1245965 0.1644461 0.2085355 0.1058177 0.2025515 0.0966414 0.1207469 0.1407556 0.1082382 0.1052749 0.1352268 0.2038219 0.1455946 0.1194180 0.1015451 0.1015752 0.1021849 0.0051300 0.1091653 0.1338145 0.1165576 0.0103432 0.0051300 0.1296037 0.1036935 0.1165739 0.1083599 0.1157505 0.1040748 0.0914699 0.1047218 0.0926977 0.1000701 0.1190038 0.1145167 0.1160120 0.1194180 0.1054783 0.1199642 0.1126930 0.1071707 0.1466238 0.1332243 0.1270577 
S0308         0.3773056 0.6367452 0.4960277 0.1723524 0.1241690 0.1898885 0.1040343 0.0826740 0.1204144 0.0986971 0.1311699 0.0855893 0.0838013 0.1578067 0.1214285 0.1110704 0.0895000 0.0000000 0.0947809 0.0969909 0.0768643 0.1470669 0.1431297 0.1201740 0.1017034 0.1004439 0.0594590 0.1025245 0.1328926 0.0939656 0.0819168 0.1335751 0.1665099 0.0891008 0.0748682 0.1165605 0.1194192 0.0968426 0.0772287 0.0767405 0.1138394 0.1539854 0.1028366 0.0823852 0.1715464 0.1026109 0.0882504 0.1193335 0.0834420 0.0895688 0.1412144 0.0883495 0.0951632 0.1206181 0.0955877 0.0768685 0.1203176 0.0772679 0.0760373 0.0687084 0.0426263 0.1337246 0.1331469 0.1477855 0.1233212 0.1683862 0.1099220 0.1828053 0.1029436 0.0758711 0.0630322 0.1074621 0.1540485 0.2040557 0.0956692 0.1814963 0.0771254 0.1238156 0.1109878 0.0818087 0.0745222 0.0970783 0.1826395 0.1354876 0.1010040 0.0839775 0.0759967 0.0764441 0.0814403 0.0851420 0.1102773 0.1028791 0.0880076 0.0814403 0.1194192 0.0837721 0.0921501 0.0712596 0.1126333 0.0924698 0.0876617 0.0815837 0.0889930 0.0959491 0.0953236 0.0842853 0.0976593 0.1010040 0.0953567 0.0962590 0.1018481 0.0699116 0.1359926 0.1024621 0.1170142 
S0320         0.3669887 0.5652184 0.4659112 0.1061537 0.1340632 0.1551847 0.0841459 0.0645811 0.0644982 0.0919130 0.1022603 0.0234856 0.0771727 0.1096576 0.0472102 0.0574096 0.0917949 0.0947809 0.0000000 0.0538613 0.0514745 0.1252684 0.1212860 0.0917590 0.0218705 0.0933603 0.0349730 0.0759146 0.0778920 0.0530427 0.0914652 0.1026588 0.1429463 0.1055225 0.0286695 0.0958587 0.0989850 0.0568023 0.0644175 0.0646292 0.1000365 0.1401383 0.0897074 0.0994633 0.1604385 0.0830212 0.0981235 0.0986914 0.0841154 0.0630151 0.1117526 0.0633795 0.0695204 0.1057668 0.0826905 0.0454592 0.1183712 0.0723420 0.0451249 0.0633889 0.0293846 0.1127737 0.0908103 0.1036622 0.1144132 0.1121969 0.1034545 0.1623729 0.0838622 0.0927909 0.1153794 0.1060626 0.1355884 0.1844118 0.0626559 0.1612000 0.0628560 0.1165513 0.0902480 0.0927977 0.0763665 0.0774758 0.1692409 0.1055489 0.0891650 0.0517468 0.0707150 0.0707144 0.0909109 0.0520630 0.0384376 0.1292738 0.0978360 0.0909109 0.0912006 0.1159918 0.0718384 0.0587914 0.0783294 0.0665408 0.0408518 0.0633773 0.0699486 0.0507176 0.0765765 0.0724039 0.0290507 0.0761074 0.0696719 0.0388401 0.0899973 0.0704433 0.1212423 0.0955120 0.0962125 
S0327         0.3683648 0.6393246 0.5575483 0.1189095 0.1156940 0.1751859 0.0998864 0.0456291 0.0850713 0.0938251 0.0960188 0.0302290 0.0923313 0.1031065 0.0498722 0.0709543 0.1207157 0.0969909 0.0538613 0.0000000 0.0514701 0.1428369 0.1080211 0.0933144 0.0462942 0.0802094 0.0605315 0.0780218 0.1119845 0.0288558 0.1227708 0.1041284 0.1473082 0.1232277 0.0354012 0.0915896 0.0927372 0.0457338 0.0647772 0.0870559 0.0950467 0.1079076 0.0915310 0.1318243 0.1819376 0.0777625 0.1300079 0.1009352 0.0714098 0.0653567 0.1136659 0.0716728 0.0710149 0.1008892 0.0843528 0.0585224 0.1723245 0.0799738 0.0580862 0.0847923 0.0437246 0.1060558 0.0975260 0.1111886 0.0936536 0.1286235 0.0992682 0.1941619 0.1074619 0.1094715 0.1487868 0.0920993 0.1231235 0.2092390 0.0714021 0.1926917 0.0700842 0.0964752 0.1048733 0.1248329 0.0784969 0.1004212 0.2014419 0.0996772 0.0988923 0.0518007 0.0861691 0.0867035 0.1219842 0.0659527 0.0701148 0.1389410 0.1295801 0.1219842 0.0927372 0.1203461 0.0801593 0.0592013 0.0795854 0.0743165 0.0620572 0.0781439 0.0714611 0.0577730 0.0831613 0.0877534 0.0423785 0.0988923 0.0711717 0.0515670 0.0850911 0.0852982 0.1135669 0.0986942 0.0989540 
S0335         0.3983803 0.5795618 0.4455281 0.0696749 0.1141194 0.1491435 0.0558763 0.0430116 0.0944030 0.0753944 0.0908224 0.0354971 0.0436273 0.0913863 0.0299204 0.0558149 0.1069362 0.0768643 0.0514745 0.0514701 0.0000000 0.1135417 0.1097657 0.0814444 0.0571081 0.0565556 0.0456747 0.0667851 0.0784336 0.0572688 0.1073159 0.0903777 0.1221268 0.1003732 0.0402716 0.0791755 0.0882071 0.0611969 0.0379943 0.0626861 0.0890851 0.1096578 0.0795685 0.1161165 0.1613271 0.0672022 0.1139052 0.0813792 0.0597348 0.0554396 0.1003099 0.0549470 0.0607555 0.1014348 0.0730175 0.0439391 0.1361631 0.0564178 0.0551262 0.0373756 0.0287740 0.1000203 0.0727553 0.0845194 0.0808245 0.1139572 0.0984945 0.1709633 0.0814648 0.0687354 0.1094479 0.0741888 0.1075760 0.1852089 0.0607313 0.1544225 0.0525968 0.0838516 0.0549707 0.0689812 0.0548025 0.0498946 0.1632991 0.1015550 0.0798677 0.0435412 0.0617498 0.0620986 0.1066809 0.0561087 0.0545389 0.1088824 0.1135692 0.1066809 0.0809741 0.1037698 0.0501567 0.0156829 0.0687013 0.0574581 0.0336376 0.0318293 0.0550946 0.0315167 0.0369352 0.0387403 0.0534745 0.0798677 0.0608853 0.0551232 0.0857380 0.0492707 0.1089935 0.0852554 0.0794438 
S0376         0.4132964 0.5793676 0.4669792 0.2472019 0.2182134 0.1606228 0.1382888 0.0973547 0.1633106 0.1409562 0.1708712 0.1332069 0.1474228 0.1891780 0.1818885 0.1679936 0.1680110 0.1470669 0.1252684 0.1428369 0.1135417 0.0000000 0.1911048 0.1756106 0.1406284 0.1385329 0.1050466 0.1447306 0.0559639 0.1330826 0.1669054 0.1618122 0.2057123 0.2173534 0.1374018 0.1698584 0.1719445 0.1432168 0.1062102 0.1405087 0.1832604 0.1911065 0.1364674 0.1702367 0.1953212 0.1447562 0.1746372 0.1647441 0.1261754 0.1218753 0.1823512 0.1297226 0.1277517 0.1596319 0.1282412 0.1043641 0.2275880 0.1328816 0.1126210 0.1201520 0.1020811 0.1607363 0.1358100 0.1597053 0.1486441 0.2125741 0.1695773 0.2183679 0.1427960 0.1533876 0.1727743 0.1210552 0.1627679 0.2314254 0.1286770 0.1991790 0.1039897 0.1345176 0.1620718 0.1559030 0.1348204 0.1276726 0.2096360 0.1909959 0.1340749 0.1200071 0.1484196 0.1494234 0.1658054 0.1391246 0.1608459 0.2160478 0.1740038 0.1658054 0.1743946 0.1726663 0.1448711 0.1077369 0.1572510 0.1445072 0.1128134 0.1353456 0.1292452 0.1284897 0.1110700 0.1325125 0.1216364 0.1340749 0.1280007 0.1512006 0.1438733 0.1370042 0.1858024 0.1753665 0.1706364 
S0400         0.4030826 0.4960025 0.5593289 0.2339754 0.0700716 0.1520488 0.1100819 0.1075215 0.1461304 0.1022410 0.0053247 0.0838463 0.1105019 0.0450203 0.0831383 0.1291569 0.1531484 0.1431297 0.1212860 0.1080211 0.1097657 0.1911048 0.0000000 0.0267269 0.1181155 0.0781766 0.1150101 0.0820045 0.1452072 0.1370380 0.1622956 0.1186260 0.1038473 0.1645209 0.0863129 0.0502056 0.0262942 0.1089998 0.0818699 0.1108429 0.0703392 0.0270682 0.0752218 0.1733120 0.1545609 0.0568697 0.1629526 0.0449719 0.0923688 0.0625685 0.0433605 0.0757948 0.0613955 0.1280397 0.0686090 0.0944579 0.2272509 0.0977186 0.0805643 0.1147947 0.0911591 0.1040231 0.1041214 0.1259273 0.1152778 0.0916078 0.1447772 0.1585388 0.1165560 0.1502278 0.1645890 0.1062940 0.1543275 0.1851924 0.0755157 0.1730877 0.0772071 0.1247076 0.1206544 0.1416763 0.0691739 0.1027903 0.1825232 0.0157067 0.0754567 0.1248159 0.1035279 0.1041613 0.1612545 0.0902437 0.1295520 0.1710268 0.1691894 0.1612545 0.0265846 0.1533820 0.1178270 0.0905756 0.0052316 0.0277790 0.0800794 0.1006731 0.0567268 0.1019663 0.0941052 0.0971694 0.1019292 0.0754567 0.0563322 0.1002398 0.1216493 0.1078826 0.0401531 0.1295360 0.0503647 
S0405         0.4180506 0.5359314 0.5165145 0.1945520 0.0498243 0.1554791 0.0814989 0.0948035 0.1323884 0.0819298 0.0161061 0.0691173 0.0819679 0.0273037 0.0142608 0.1159193 0.1304070 0.1201740 0.0917590 0.0933144 0.0814444 0.1756106 0.0267269 0.0000000 0.0888767 0.0583000 0.0851523 0.0559296 0.1227308 0.1141448 0.1299350 0.1037997 0.0684004 0.1316295 0.0659129 0.0209115 0.0050687 0.0883788 0.0763299 0.0898623 0.0446696 0.0324304 0.0563114 0.1396474 0.1494235 0.0325409 0.1304485 0.0214437 0.0623811 0.0445652 0.0152633 0.0501078 0.0434919 0.1058123 0.0500884 0.0819605 0.1796104 0.0772247 0.0684689 0.0865055 0.0618830 0.0983370 0.0905183 0.1033144 0.0849743 0.0569674 0.1140661 0.1589175 0.1034435 0.1182070 0.1316951 0.0850934 0.1212581 0.1800562 0.0499304 0.1577958 0.0687913 0.0951189 0.1051464 0.1104577 0.0440506 0.0823626 0.1669110 0.0209669 0.0565017 0.1031906 0.0755135 0.0759550 0.1291385 0.0693269 0.1000719 0.1566637 0.1364695 0.1291385 0.0000020 0.1206004 0.0965264 0.0633561 0.0159064 0.0052994 0.0526062 0.0735212 0.0386578 0.0744055 0.0744409 0.0768008 0.0883902 0.0565017 0.0444268 0.0810954 0.1006555 0.0875053 0.0222545 0.1000639 0.0209697 
S0407sl       0.4362308 0.6403147 0.5595710 0.1247988 0.1322309 0.1590193 0.0900359 0.0644667 0.0700240 0.0917473 0.1070025 0.0292804 0.0766576 0.1073082 0.0639624 0.0629572 0.1266965 0.1017034 0.0218705 0.0462942 0.0571081 0.1406284 0.1181155 0.0888767 0.0000000 0.0914183 0.0281299 0.0882395 0.0928567 0.0590810 0.1262294 0.1147572 0.1416380 0.1266858 0.0221614 0.1017112 0.0958487 0.0623958 0.0635996 0.0782815 0.1069150 0.1354135 0.0889205 0.1286222 0.1658741 0.0888310 0.1333170 0.1047150 0.0904531 0.0761634 0.1082118 0.0754510 0.0817073 0.1103381 0.0819692 0.0385313 0.1627116 0.0788310 0.0387139 0.0689411 0.0493606 0.1333603 0.1104313 0.1235804 0.1205943 0.1173263 0.1101576 0.1675060 0.0973686 0.1208067 0.1280932 0.1057944 0.1435519 0.1812540 0.0748788 0.1587511 0.0617170 0.1225122 0.0939674 0.1128496 0.0821224 0.0905112 0.1590390 0.0950760 0.0953795 0.0574126 0.0770477 0.0701274 0.1254394 0.0514068 0.0437314 0.1517551 0.1328861 0.1254394 0.0883524 0.1230672 0.0841703 0.0645753 0.0831420 0.0715443 0.0533578 0.0690376 0.0756746 0.0562742 0.0888854 0.0783243 0.0351164 0.0953795 0.0813774 0.0501453 0.0965411 0.0762087 0.1186084 0.1095237 0.1020900 
S0412sl       0.4339500 0.5146649 0.4857845 0.1491182 0.0903519 0.1399529 0.0822679 0.0614655 0.1184535 0.1047519 0.0669221 0.0633560 0.0903840 0.0654061 0.0659872 0.0890743 0.1252464 0.1004439 0.0933603 0.0802094 0.0565556 0.1385329 0.0781766 0.0583000 0.0914183 0.0000000 0.0887063 0.0632884 0.1240387 0.0866284 0.1337842 0.0665192 0.0979781 0.1213397 0.0542586 0.0566687 0.0572702 0.0822538 0.0565288 0.0907388 0.0647470 0.0573795 0.0691781 0.1438842 0.1517827 0.0385311 0.1343265 0.0514022 0.0498088 0.0449602 0.0769062 0.0572648 0.0503899 0.0855338 0.0626551 0.0628510 0.1760910 0.0703327 0.0745476 0.0694525 0.0552786 0.0707894 0.0704168 0.0904482 0.0784059 0.1167037 0.1236433 0.1634992 0.0902750 0.0913955 0.1373241 0.0649756 0.1076237 0.1830646 0.0570564 0.1626506 0.0538171 0.0825776 0.1101427 0.1060178 0.0449060 0.0820663 0.1721142 0.0780239 0.0631194 0.0765839 0.0903241 0.0831141 0.1329396 0.0848776 0.0961714 0.1204105 0.1405151 0.1329396 0.0579620 0.1147208 0.0907850 0.0571878 0.0523602 0.0342680 0.0663456 0.0814064 0.0448522 0.0753018 0.0613674 0.0774721 0.0883397 0.0631194 0.0448188 0.0880880 0.1015442 0.0628417 0.0616036 0.1090441 0.0568532 
S0417         0.3708187 0.5551363 0.4389771 0.1453171 0.1198956 0.1084250 0.0712950 0.0523564 0.0583620 0.0793593 0.1022263 0.0238868 0.0716307 0.1038494 0.0461881 0.0583737 0.0922072 0.0594590 0.0349730 0.0605315 0.0456747 0.1050466 0.1150101 0.0851523 0.0281299 0.0887063 0.0000000 0.0704607 0.0820406 0.0287795 0.0981660 0.0965082 0.1213499 0.1052815 0.0352762 0.0903811 0.0922680 0.0577462 0.0655768 0.0729032 0.0864234 0.1326792 0.0709829 0.0999785 0.1158642 0.0775226 0.1048985 0.0930679 0.0495165 0.0584761 0.1049459 0.0579277 0.0640724 0.0780974 0.0642682 0.0398798 0.1100631 0.0734187 0.0398660 0.0509527 0.0500894 0.0921314 0.0777118 0.0837366 0.0729474 0.1064988 0.0905109 0.1233591 0.0778998 0.0857164 0.0982469 0.0789147 0.1079624 0.1194675 0.0574827 0.1079524 0.0340134 0.0764965 0.0830586 0.0785051 0.0637010 0.0779637 0.1160651 0.1063119 0.0770365 0.0220935 0.0717436 0.0721755 0.0975681 0.0526156 0.0449403 0.1289500 0.1045853 0.0975681 0.0846379 0.0804511 0.0722681 0.0528194 0.0788720 0.0670053 0.0352142 0.0575216 0.0644692 0.0393755 0.0770290 0.0662601 0.0358784 0.0770365 0.0642150 0.0336056 0.0773280 0.0520187 0.1221677 0.0834084 0.0907136 
S0419         0.3876928 0.5201636 0.4884964 0.1919508 0.0865732 0.1339160 0.0733753 0.0670056 0.1075727 0.0745453 0.0576459 0.0540440 0.0794875 0.0921025 0.0293926 0.0990458 0.1126310 0.1025245 0.0759146 0.0780218 0.0667851 0.1447306 0.0820045 0.0559296 0.0882395 0.0632884 0.0704607 0.0000000 0.0909050 0.0967129 0.1122402 0.0717071 0.0938165 0.1274916 0.0520712 0.0544267 0.0621747 0.0789935 0.0674853 0.0744183 0.0627598 0.0970054 0.0431066 0.1210817 0.1299798 0.0431188 0.1126678 0.0558799 0.0348664 0.0156979 0.0737404 0.0155570 0.0155072 0.0676880 0.0372966 0.0671887 0.1653508 0.0749138 0.0664490 0.0717525 0.0467539 0.0752505 0.0682674 0.0802013 0.0698871 0.1211790 0.0908891 0.1386962 0.0934962 0.1009400 0.1363633 0.0564799 0.0830470 0.1579611 0.0155055 0.1377560 0.0523841 0.0671977 0.1044053 0.1070531 0.0428281 0.0795525 0.1461634 0.0746150 0.0548927 0.0869496 0.0733027 0.0737181 0.1115830 0.0676361 0.0908365 0.1515547 0.1184491 0.1115830 0.0556185 0.1164464 0.0871932 0.0614715 0.0501407 0.0325954 0.0447787 0.0713702 0.0375817 0.0602606 0.0722371 0.0744567 0.0649371 0.0548927 0.0155434 0.0850607 0.0784766 0.0604965 0.0730672 0.0780448 0.0430501 
S0427         0.4027999 0.6033663 0.5531302 0.1651096 0.1603561 0.1608977 0.0922402 0.0776399 0.1219508 0.1007661 0.1261566 0.0847252 0.0924627 0.1410150 0.1071001 0.1197989 0.1588621 0.1328926 0.0778920 0.1119845 0.0784336 0.0559639 0.1452072 0.1227308 0.0928567 0.1240387 0.0820406 0.0909050 0.0000000 0.1161854 0.1592978 0.1469822 0.1500192 0.1778327 0.0895429 0.1189724 0.1219452 0.1193705 0.0717475 0.1004807 0.1312906 0.1657610 0.0977045 0.1601310 0.1762298 0.1047174 0.1669385 0.1218571 0.0951307 0.0775135 0.1290422 0.0777188 0.0836643 0.1287092 0.0904507 0.0697624 0.1828326 0.1012197 0.0769582 0.0837068 0.0704473 0.1379236 0.1222647 0.1369860 0.1342295 0.1624247 0.1336945 0.1878930 0.0906338 0.1231199 0.1636320 0.1062817 0.1286577 0.2059148 0.0758679 0.1778956 0.0791754 0.1357416 0.1198005 0.1230985 0.1044947 0.0916124 0.1876623 0.1452566 0.1097121 0.1145981 0.0994517 0.1000733 0.1582532 0.0853437 0.1116477 0.1874534 0.1663433 0.1582532 0.1219452 0.1659087 0.0984145 0.0727250 0.1150150 0.1027628 0.0679855 0.0832205 0.0908039 0.0843511 0.0972635 0.0865906 0.0822218 0.1097121 0.0838432 0.1044687 0.1185028 0.0977327 0.1390710 0.1179402 0.1194463 
S0428sl       0.3808571 0.5801698 0.4919972 0.1059167 0.1357219 0.1694615 0.0904215 0.0573837 0.0822133 0.1129582 0.1175011 0.0365369 0.0913881 0.1210372 0.0684238 0.0697589 0.1106845 0.0939656 0.0530427 0.0288558 0.0572688 0.1330826 0.1370380 0.1141448 0.0590810 0.0866284 0.0287795 0.0967129 0.1161854 0.0000000 0.1189720 0.1170964 0.1503700 0.1198780 0.0415938 0.1106982 0.1134249 0.0694908 0.0762351 0.0924730 0.1062449 0.1378300 0.1031560 0.1199583 0.1450684 0.0967914 0.1259669 0.1133406 0.0758216 0.0837748 0.1351873 0.0834714 0.0894060 0.1134923 0.0958631 0.0643328 0.1515420 0.0915399 0.0570747 0.0697648 0.0618619 0.1164783 0.0961793 0.1096261 0.1063061 0.1421362 0.1254195 0.1539895 0.0755410 0.1051674 0.1273067 0.0905159 0.1257861 0.1470182 0.0752434 0.1443128 0.0545674 0.0952372 0.1114443 0.0993325 0.0832989 0.0980512 0.1532374 0.1361442 0.0881933 0.0272527 0.0915399 0.0921026 0.1182321 0.0655081 0.0685632 0.1350920 0.1255671 0.1182321 0.1134249 0.1018515 0.0991816 0.0652179 0.0990810 0.0870855 0.0539137 0.0768115 0.0832309 0.0571040 0.0892354 0.0862017 0.0414745 0.0881933 0.0895926 0.0507156 0.1105709 0.0777057 0.1215543 0.1182189 0.1111269 
S0430         0.3618630 0.5227356 0.4200847 0.2261779 0.1661663 0.1795558 0.1285480 0.1138335 0.1689148 0.1307356 0.1419077 0.1045813 0.1142272 0.1707822 0.1208479 0.1438240 0.0051564 0.0819168 0.0914652 0.1227708 0.1073159 0.1669054 0.1622956 0.1299350 0.1262294 0.1337842 0.0981660 0.1122402 0.1592978 0.1189720 0.0000000 0.1306025 0.1756107 0.1020090 0.0935093 0.1261232 0.1376273 0.1147688 0.1085298 0.0962564 0.1245244 0.1819956 0.1268516 0.0051535 0.1998041 0.1130058 0.0050674 0.1298492 0.0878853 0.1000588 0.1506038 0.1058465 0.1055294 0.1536762 0.1193182 0.1080106 0.1567699 0.1035680 0.1067491 0.1040730 0.0356513 0.1308660 0.1223607 0.1355074 0.1254888 0.1212522 0.1196959 0.2103979 0.1273565 0.1215598 0.0876589 0.1249185 0.1638197 0.2165485 0.1054535 0.2089052 0.0973127 0.1265562 0.1412651 0.1140417 0.0969893 0.1355722 0.2102121 0.1459773 0.1112613 0.1079670 0.1012201 0.1018254 0.0000010 0.1087786 0.1333409 0.1247724 0.0050578 0.0000010 0.1291384 0.1095863 0.1168700 0.1079788 0.1160425 0.1043382 0.0911426 0.1043654 0.0929189 0.0997248 0.1192972 0.1148025 0.1246528 0.1112613 0.1057336 0.1276423 0.1129707 0.1074345 0.1560838 0.1327552 0.1266097 
S0552sl       0.4162067 0.5903684 0.4578138 0.1911348 0.1255384 0.1519163 0.1074212 0.0908858 0.1145135 0.1162142 0.0906968 0.0949221 0.1147814 0.1205224 0.1231284 0.1274892 0.1302507 0.1335751 0.1026588 0.1041284 0.0903777 0.1618122 0.1186260 0.1037997 0.1147572 0.0665192 0.0965082 0.0717071 0.1469822 0.1170964 0.1306025 0.0000000 0.1505180 0.1530537 0.0971430 0.1005949 0.1031311 0.1123847 0.0858675 0.1247054 0.1047663 0.1190102 0.0656004 0.1408782 0.1639900 0.0789855 0.1311462 0.1030484 0.0234184 0.0663273 0.1251569 0.0722214 0.0720659 0.0721576 0.0724016 0.1072301 0.1881148 0.1168595 0.1059121 0.0912750 0.0643506 0.0109701 0.0221169 0.0107883 0.0405441 0.1425817 0.1208694 0.1667941 0.1065631 0.1074783 0.1633155 0.0343394 0.0599594 0.1802071 0.0724636 0.1741505 0.0798597 0.0511225 0.1450930 0.1209143 0.0927168 0.1145485 0.1840492 0.1178156 0.0932889 0.0976498 0.1233790 0.1151438 0.1297574 0.1168687 0.1186630 0.1697651 0.1374964 0.1297574 0.1031311 0.1636454 0.1312830 0.0849661 0.0807503 0.0682946 0.0754149 0.1127101 0.0857587 0.0839635 0.1039367 0.1009750 0.1139636 0.0932889 0.0593049 0.1190924 0.1059306 0.1145819 0.1032327 0.1287354 0.1009870 
S0558         0.4061828 0.6462059 0.5441181 0.2468656 0.0939895 0.1931898 0.1066010 0.1368584 0.1517672 0.1372227 0.0848885 0.0888885 0.1372280 0.0925364 0.0298143 0.1452357 0.1762794 0.1665099 0.1429463 0.1473082 0.1221268 0.2057123 0.1038473 0.0684004 0.1416380 0.0979781 0.1213499 0.0938165 0.1500192 0.1503700 0.1756107 0.1505180 0.0000000 0.1780325 0.1016151 0.0665287 0.0748967 0.1157916 0.1171530 0.1322026 0.0739119 0.1113658 0.1079272 0.1870290 0.1820186 0.0681602 0.1763187 0.0683422 0.1052137 0.0817614 0.0867267 0.0875379 0.0872667 0.1506749 0.1006655 0.1229370 0.2426000 0.1186152 0.1214689 0.1270575 0.1043111 0.1422439 0.1331975 0.1469202 0.1276806 0.1203377 0.1648379 0.1881462 0.1543366 0.1635768 0.1680873 0.1279157 0.1432348 0.2109219 0.0872150 0.1868094 0.1001330 0.1373922 0.1657877 0.1548041 0.0807722 0.1290091 0.1964924 0.0957252 0.0948135 0.1287364 0.1158564 0.1165675 0.1744801 0.1168628 0.1496220 0.2063206 0.1825598 0.1744801 0.0680124 0.1666690 0.1471987 0.1165440 0.0696019 0.0580127 0.0834346 0.1262908 0.0752477 0.1010205 0.1279669 0.1250478 0.1084627 0.0948135 0.0751088 0.1215926 0.1500277 0.1286177 0.0872166 0.1490690 0.0667448 
S0616         0.4267362 0.5589681 0.4569738 0.1411712 0.1532054 0.2037282 0.1448326 0.1152637 0.1769620 0.1396905 0.1438391 0.1049248 0.1224292 0.1540161 0.1156688 0.1443246 0.1023693 0.0891008 0.1055225 0.1232277 0.1003732 0.2173534 0.1645209 0.1316295 0.1266858 0.1213397 0.1052815 0.1274916 0.1778327 0.1198780 0.1020090 0.1530537 0.1780325 0.0000000 0.0868601 0.1277174 0.1394432 0.1151744 0.1167683 0.1016667 0.1409702 0.1773959 0.1428823 0.1026037 0.1834183 0.1144162 0.1086063 0.1315414 0.1097383 0.1149230 0.1378718 0.1126730 0.1204914 0.1463186 0.1349333 0.1093675 0.1414557 0.0823279 0.1219100 0.1053298 0.0350455 0.1373699 0.1360321 0.1493933 0.1393437 0.1647659 0.1352378 0.1935662 0.1289823 0.1138902 0.0882958 0.1389126 0.1788487 0.2089150 0.1203914 0.1922072 0.1245119 0.1337490 0.1577730 0.0933240 0.0870416 0.1303720 0.1774397 0.1479336 0.1149559 0.1158071 0.0870099 0.0875173 0.1014019 0.1101551 0.1266117 0.0262476 0.1082874 0.1014019 0.1308110 0.1092046 0.1073842 0.1093352 0.1170727 0.0904567 0.0987330 0.1129736 0.0875545 0.1061380 0.1347718 0.1247232 0.1248251 0.1149559 0.1207189 0.1141683 0.1282348 0.1087763 0.1421846 0.1205059 0.1282178 
