112
HYZL          0.0000000 0.2095871 0.4280919 0.4429889 0.3129210 0.3747484 0.4776188 0.3953124 0.4106809 0.4399542 0.4045402 0.5104244 0.4478261 0.4459778 0.4455857 0.4077292 0.4379130 0.4480945 0.4092244 0.3819027 0.4140845 0.4310793 0.4589461 0.4302978 0.4208930 0.3879964 0.4148977 0.4468305 0.4793849 0.4037160 0.4100185 0.4361996 0.4204667 0.4108671 0.4034139 0.4749591 0.4605070 0.4889883 0.5177714 0.3897420 0.4468305 0.4659274 0.4583219 0.4614563 0.4196556 0.3940417 0.4127139 0.4107509 0.3899891 0.3691710 0.4084189 0.4263157 0.4744367 0.4633573 0.4486409 0.4347899 0.5035723 0.4365231 0.4196238 0.3931546 0.3898965 0.3819127 0.4437317 0.4267971 0.4591940 0.4534955 0.5017312 0.4622242 0.3825130 0.3832536 0.4275303 0.3970248 0.4236014 0.5822531 0.4195002 0.5501999 0.4931749 0.4160330 0.4163053 0.3473074 0.4062985 0.4132431 0.4039621 0.4377944 0.4213909 0.4378308 0.4440381 0.4240365 0.4475139 0.4291502 0.4385344 0.3987297 0.4782028 0.4333299 0.3709217 0.4170447 0.4278948 0.4054338 0.4091779 0.3538002 0.4319970 0.4042967 0.3997444 0.4807574 0.4110775 0.3927843 0.4482031 0.4302156 0.4114150 0.4126553 0.4257267 0.4091557 
MYZV          0.2095871 0.0000000 0.5612671 0.5648810 0.4517928 0.4199751 0.5469049 0.4964552 0.4927702 0.4976976 0.4789980 0.6840592 0.5500085 0.5287138 0.5407744 0.4377470 0.5424786 0.4647811 0.5223182 0.3976216 0.4846853 0.4906737 0.5478057 0.5037499 0.4537313 0.5135289 0.4776051 0.5424786 0.5097217 0.4843650 0.4750231 0.5719781 0.4756726 0.4882457 0.4770352 0.5140226 0.5183540 0.5695767 0.6121394 0.4693931 0.5533043 0.5218607 0.5098221 0.5596451 0.4965529 0.5029683 0.5020835 0.5148267 0.4895543 0.4352383 0.4851382 0.4970300 0.5319440 0.5083836 0.4992260 0.5082787 0.5382555 0.5060810 0.5034074 0.4816028 0.4690910 0.4713994 0.5510732 0.5111920 0.5169563 0.5210469 0.5370084 0.5209408 0.4804189 0.5137053 0.4942287 0.4983539 0.4609318 0.6181582 0.5256966 0.6114927 0.5277825 0.4686656 0.4846943 0.2969904 0.4813506 0.4719005 0.5357210 0.4680730 0.4789898 0.5175775 0.5537402 0.4575538 0.4613430 0.5423341 0.5396567 0.4661522 0.5503378 0.4949365 0.4546319 0.5183034 0.4861746 0.4718061 0.4520633 0.4322743 0.5325865 0.5053121 0.4996459 0.5194339 0.4636246 0.4944847 0.5484609 0.5081648 0.4543301 0.4961639 0.5293569 0.4955652 
SRR6441723    0.4280919 0.5612671 0.0000000 0.0898876 0.2306122 0.0537321 0.1335568 0.0919912 0.0654335 0.1098555 0.0730889 0.1207445 0.1081940 0.1323734 0.0939406 0.1063561 0.1300518 0.1070338 0.0651802 0.0604483 0.0804397 0.0741600 0.1136618 0.1094676 0.0861476 0.0822351 0.0990210 0.1263615 0.0931196 0.0840917 0.0843145 0.1057979 0.0973861 0.0845610 0.0707043 0.1212819 0.0991430 0.1019754 0.0815715 0.0937088 0.1339697 0.1326958 0.1146575 0.1286776 0.0625501 0.0855137 0.0675937 0.0949086 0.0851677 0.0993673 0.1029375 0.1149700 0.1160176 0.0923306 0.0796118 0.1000204 0.1584013 0.1106892 0.0946423 0.0712510 0.0820491 0.0875308 0.1367433 0.0847316 0.1279112 0.1106231 0.1143068 0.0874133 0.0839236 0.0956743 0.1283444 0.0792090 0.1264098 0.1539691 0.0853382 0.0648750 0.1109252 0.0681458 0.0737578 0.1349223 0.0654495 0.0896652 0.0868553 0.0944016 0.0751203 0.0872902 0.1334228 0.0900687 0.1097456 0.1066809 0.1470585 0.0652579 0.1092782 0.0596864 0.0575001 0.0676800 0.0708253 0.0752685 0.0668685 0.0372685 0.0701037 0.0485106 0.0590361 0.1218143 0.0725813 0.0824738 0.0996112 0.0872526 0.0829251 0.0658176 0.0962887 0.0790658 
ERR2789774    0.4429889 0.5648810 0.0898876 0.0000000 0.2425413 0.0747154 0.1157750 0.1123993 0.0443561 0.1268013 0.1123017 0.0531469 0.1037917 0.1377375 0.1331012 0.1217141 0.1353440 0.1327812 0.1246642 0.0783605 0.0557538 0.0526621 0.1325559 0.1148916 0.1201900 0.1023586 0.1034931 0.1314682 0.1266080 0.1245877 0.1005797 0.1305463 0.1364737 0.0662559 0.0549553 0.1555973 0.1286856 0.1410781 0.0499827 0.1011825 0.1394660 0.1304300 0.1303670 0.1453811 0.0472140 0.1050409 0.0493572 0.0987378 0.1017362 0.1321581 0.1107212 0.1368174 0.1565123 0.1242126 0.1142383 0.1306316 0.1763753 0.1304003 0.1371386 0.1050816 0.1227068 0.1267853 0.1264207 0.1018221 0.1224327 0.1310221 0.1555543 0.1288737 0.1221323 0.1309418 0.1268028 0.0982200 0.1206970 0.1689299 0.1273228 0.1093589 0.1515828 0.0859566 0.0993949 0.1575326 0.0443663 0.0783384 0.1130299 0.1159004 0.1089167 0.1210418 0.1388715 0.1179428 0.1334275 0.1188574 0.1452561 0.0547876 0.1449876 0.1053216 0.1010846 0.0519385 0.0470356 0.1099943 0.1141894 0.0489881 0.0930275 0.0774229 0.1062201 0.1283739 0.0589905 0.1017757 0.1237023 0.1044371 0.1107032 0.0446104 0.1107870 0.0890073 
PAFTOL_019361 0.3129210 0.4517928 0.2306122 0.2425413 0.0000000 0.1844860 0.2895499 0.2407392 0.2107793 0.2273120 0.2170320 0.2565469 0.2806404 0.2648881 0.2267581 0.2416356 0.2721409 0.2365014 0.2138564 0.2058783 0.2246993 0.2223091 0.2624707 0.2377285 0.2192612 0.2293596 0.2528656 0.2654715 0.2048253 0.2351192 0.2276231 0.2186317 0.2369572 0.2114299 0.2297659 0.2638866 0.2475067 0.2623267 0.2471493 0.2255677 0.2793770 0.2025243 0.2621911 0.2773976 0.2227483 0.2402841 0.2141430 0.2218760 0.2211679 0.2320714 0.2367063 0.2425821 0.2760060 0.2376249 0.2296995 0.2522319 0.2981688 0.2541339 0.2270559 0.2236247 0.2253422 0.2327396 0.3029833 0.2431042 0.2036847 0.2329947 0.2736320 0.2437025 0.2095101 0.2133962 0.1881629 0.2281785 0.1905974 0.3505623 0.2293124 0.2628983 0.2736320 0.2221355 0.2112249 0.1853759 0.2123426 0.2381267 0.2915920 0.2466403 0.2187217 0.2410083 0.2602943 0.2322052 0.2568923 0.2261936 0.2908408 0.2108586 0.2487887 0.2217299 0.2022482 0.2353567 0.2204015 0.2182942 0.2091694 0.1864525 0.1981318 0.2044307 0.2139054 0.2327750 0.2047655 0.2265969 0.2413177 0.2475282 0.2083581 0.2224607 0.2534833 0.2209319 
S0055         0.3747484 0.4199751 0.0537321 0.0747154 0.1844860 0.0000000 0.0807990 0.0675082 0.0393771 0.0664717 0.0555887 0.0740124 0.0751224 0.0990291 0.0695984 0.0685408 0.0966574 0.0666588 0.0562532 0.0142440 0.0451012 0.0501454 0.0693404 0.0657777 0.0553969 0.0584878 0.0555233 0.0933082 0.0680335 0.0598852 0.0454642 0.0785005 0.0595501 0.0549377 0.0498277 0.0905136 0.0650984 0.0814008 0.0652816 0.0634818 0.1001873 0.0907742 0.0792934 0.0997053 0.0421877 0.0615378 0.0469887 0.0642641 0.0612955 0.0778539 0.0720810 0.0787179 0.0841272 0.0643139 0.0446239 0.0690235 0.1158871 0.0863499 0.0609166 0.0482286 0.0492606 0.0545737 0.0908477 0.0665552 0.0826619 0.0691518 0.0929135 0.0764087 0.0565437 0.0737103 0.0891036 0.0556288 0.0847155 0.1219899 0.0618513 0.0654447 0.0896474 0.0365186 0.0527381 0.0872301 0.0393860 0.0563944 0.0598263 0.0551584 0.0438696 0.0530919 0.0997961 0.0532973 0.0681034 0.0782662 0.1135055 0.0445119 0.0837118 0.0537451 0.0452525 0.0499244 0.0444286 0.0293065 0.0469131 0.0047660 0.0349853 0.0392600 0.0503718 0.0796047 0.0480928 0.0586589 0.0727320 0.0690788 0.0460394 0.0396019 0.0778420 0.0411485 
S0196sl       0.4776188 0.5469049 0.1335568 0.1157750 0.2895499 0.0807990 0.0000000 0.0710350 0.1021615 0.1114800 0.1211966 0.0977773 0.1321589 0.1416645 0.1495581 0.0840456 0.1377092 0.1211988 0.1397735 0.0516994 0.1034335 0.1078695 0.1159949 0.1114521 0.1055261 0.0529366 0.0888181 0.1319083 0.0907342 0.0962096 0.1108371 0.1433277 0.0959901 0.1162604 0.1066432 0.1176200 0.0788872 0.1071108 0.1679182 0.0775551 0.1377092 0.1925129 0.1239804 0.1377184 0.0977025 0.0487489 0.0968325 0.0289007 0.0444134 0.0933028 0.0732526 0.1171182 0.1567663 0.0893101 0.0859713 0.1153870 0.1903949 0.1364967 0.1122492 0.0752207 0.0927393 0.0912843 0.1331138 0.0824969 0.1792443 0.1489052 0.1626769 0.1401075 0.0934650 0.0959156 0.1763174 0.0483904 0.1532712 0.1426625 0.1026302 0.1509043 0.1564492 0.0922521 0.0878781 0.1617069 0.0925371 0.1078683 0.1204635 0.0920403 0.0734793 0.0846820 0.1430103 0.0835404 0.1177811 0.1326284 0.1464668 0.1017815 0.1568563 0.1094916 0.0952271 0.1166052 0.1061049 0.0940900 0.1021790 0.0728400 0.0704783 0.1062760 0.1122593 0.0925868 0.1095817 0.0527821 0.1211526 0.0863569 0.0736606 0.1031413 0.0821373 0.1100566 
S0281         0.3953124 0.4964552 0.0919912 0.1123993 0.2407392 0.0675082 0.0710350 0.0000000 0.0820019 0.1220976 0.0854154 0.1197878 0.1295119 0.1233755 0.1015847 0.0938849 0.1210869 0.0976550 0.0971228 0.0765444 0.0857621 0.0942333 0.1156939 0.1065306 0.1018642 0.0307743 0.1011635 0.1175620 0.1060407 0.0861008 0.0943190 0.1112559 0.1040975 0.0997541 0.0963135 0.1286071 0.1052630 0.1213503 0.1009303 0.0453090 0.1248221 0.1306708 0.1117162 0.1242207 0.0818389 0.0307139 0.0901132 0.0331602 0.0306057 0.1080879 0.0479819 0.1178833 0.1224436 0.1020301 0.0949115 0.1018126 0.1584177 0.1004438 0.0907424 0.0770931 0.0900150 0.0873481 0.1398491 0.0351962 0.1192295 0.1126669 0.1195055 0.1083583 0.1055725 0.1142110 0.1203813 0.0256529 0.1188497 0.1399058 0.0942365 0.1003596 0.1160236 0.0819723 0.0736058 0.1216777 0.0820231 0.1014829 0.1120525 0.1010242 0.0904128 0.0989656 0.1243281 0.1085141 0.1096404 0.0983985 0.1378320 0.0875341 0.1155772 0.0925773 0.0694814 0.0965108 0.0906045 0.0954993 0.0936539 0.0563790 0.0760150 0.0764475 0.0828872 0.1303390 0.0981628 0.0282104 0.1130663 0.0375290 0.0890445 0.0824924 0.0425751 0.0927406 
S0282         0.4106809 0.4927702 0.0654335 0.0443561 0.2107793 0.0393771 0.1021615 0.0820019 0.0000000 0.0939255 0.0790126 0.0218692 0.0698976 0.1288557 0.1003524 0.0843149 0.1265370 0.0961883 0.0961448 0.0364203 0.0207219 0.0183035 0.0963152 0.0804397 0.0823995 0.0734120 0.0705060 0.1228965 0.0957079 0.0887987 0.0673269 0.1098986 0.0930577 0.0301631 0.0204987 0.1193480 0.0893997 0.1095059 0.0142654 0.0696670 0.1303999 0.1085814 0.0912858 0.1297580 0.0113059 0.0759475 0.0157826 0.0786686 0.0756489 0.1019341 0.0781710 0.0973815 0.1230203 0.0912803 0.0752211 0.0893881 0.1487214 0.1119176 0.0994035 0.0742295 0.0868049 0.0902494 0.0882666 0.0725475 0.1007961 0.0923214 0.1195578 0.1080207 0.0892337 0.1010486 0.1048285 0.0699191 0.1029255 0.1467928 0.0971656 0.0897472 0.1160765 0.0560158 0.0732741 0.1047647 0.0089775 0.0378824 0.0900703 0.0817430 0.0738760 0.0856746 0.1298711 0.0801443 0.0931068 0.1034400 0.1446959 0.0181321 0.1164483 0.0742295 0.0687855 0.0205348 0.0158599 0.0707708 0.0839155 0.0241973 0.0572684 0.0533590 0.0736788 0.1104816 0.0185859 0.0730297 0.0942712 0.0752011 0.0756426 0.0090221 0.0809100 0.0565186 
S0289         0.4399542 0.4976976 0.1098555 0.1268013 0.2273120 0.0664717 0.1114800 0.1220976 0.0939255 0.0000000 0.1022059 0.0954804 0.1258919 0.1343054 0.1159841 0.0667319 0.1320513 0.0701064 0.1094830 0.0966055 0.1103439 0.0970283 0.0458305 0.1339418 0.0382035 0.1175881 0.0994972 0.1284426 0.0441889 0.1081904 0.1043700 0.1193648 0.0467072 0.1082891 0.1054752 0.0703023 0.0675297 0.0896039 0.1530204 0.1226481 0.1358834 0.1383984 0.1200151 0.1352276 0.0973772 0.1212871 0.0962850 0.1147025 0.1178833 0.1079793 0.1324757 0.0763068 0.1391521 0.0733900 0.0542472 0.1101140 0.0898989 0.1197492 0.1043574 0.0739643 0.1002403 0.0998724 0.1516583 0.1234252 0.1342144 0.1094002 0.1203264 0.1175631 0.1077264 0.1200893 0.1299498 0.1142377 0.1315946 0.1249152 0.0968291 0.1267217 0.1169721 0.1025822 0.0844810 0.1172505 0.0939509 0.1265812 0.0987510 0.0404445 0.0591121 0.0737377 0.1353418 0.0461725 0.0574752 0.1128720 0.1393556 0.0996085 0.1289382 0.1138906 0.0850879 0.1056959 0.1028001 0.0887977 0.0951981 0.0645604 0.0394582 0.0898751 0.0966479 0.0742755 0.1048470 0.1146488 0.0403912 0.1260227 0.0576408 0.0944969 0.1295679 0.1030184 
S0292         0.4045402 0.4789980 0.0730889 0.1123017 0.2170320 0.0555887 0.1211966 0.0854154 0.0790126 0.1022059 0.0000000 0.1172350 0.1054596 0.1346147 0.0813610 0.0884526 0.1323100 0.0904603 0.0828348 0.0607252 0.0946091 0.0882045 0.0996382 0.1109475 0.0825646 0.0755674 0.1035935 0.1286173 0.0803517 0.0747835 0.0858408 0.0872744 0.0842532 0.0927281 0.0904281 0.1010382 0.0981747 0.1005563 0.1096034 0.0865954 0.1362328 0.1341331 0.0980304 0.1385651 0.0822597 0.0814549 0.0840919 0.0842035 0.0811314 0.0889337 0.0955310 0.1009171 0.1020969 0.0826802 0.0790955 0.0897618 0.1450078 0.1163953 0.0840030 0.0650659 0.0719680 0.0716083 0.1168629 0.0842117 0.1229595 0.1018922 0.1046934 0.0915862 0.0825235 0.0940564 0.1298464 0.0753164 0.1248637 0.1167923 0.0815624 0.0872399 0.1014137 0.0726188 0.0591457 0.1448284 0.0790328 0.0980980 0.0757742 0.0878068 0.0595624 0.0630398 0.1356772 0.0862665 0.0898268 0.0905257 0.1462511 0.0845055 0.0956574 0.0758646 0.0113577 0.0934001 0.0848290 0.0739276 0.0639213 0.0477110 0.0694263 0.0508519 0.0112535 0.1111408 0.0895999 0.0784906 0.0966970 0.0867179 0.0784754 0.0794819 0.0898614 0.0806097 
S0293         0.5104244 0.6840592 0.1207445 0.0531469 0.2565469 0.0740124 0.0977773 0.1197878 0.0218692 0.0954804 0.1172350 0.0000000 0.0457585 0.1594024 0.1720408 0.0912371 0.1440321 0.1316031 0.1572633 0.0000010 0.0277695 0.0280717 0.1107254 0.1196199 0.0867214 0.1019830 0.0717285 0.1440321 0.1039322 0.1096754 0.0866851 0.1701438 0.1026692 0.0334367 0.0106956 0.1344682 0.0878127 0.1402486 0.0308730 0.1004424 0.1440321 0.1116648 0.1349013 0.1537061 0.0163047 0.1080159 0.0216687 0.0927927 0.0927927 0.1014338 0.1155949 0.0865706 0.1912389 0.1193808 0.0684895 0.1163160 0.0891996 0.1348528 0.1183812 0.0945652 0.1188942 0.1221510 0.0776166 0.1170784 0.1075507 0.1132417 0.1817684 0.1817512 0.1088740 0.1490219 0.1128367 0.0927927 0.1263306 0.2853138 0.1242755 0.1554418 0.1713688 0.0849621 0.1277965 0.0000010 0.0106956 0.0395151 0.1360040 0.0733192 0.1056401 0.0968186 0.1539116 0.0818727 0.0967101 0.1586832 0.1753157 0.0274264 0.1763157 0.1215110 0.1019831 0.0276251 0.0161756 0.0941277 0.1003819 0.0427049 0.0558144 0.0868256 0.1033519 0.1026023 0.0223752 0.0927927 0.1044518 0.1163109 0.0842319 0.0163551 0.1088861 0.0732997 
S0294         0.4478261 0.5500085 0.1081940 0.1037917 0.2806404 0.0751224 0.1321589 0.1295119 0.0698976 0.1258919 0.1054596 0.0457585 0.0000000 0.1494156 0.1364192 0.1213788 0.1435244 0.1306563 0.1307483 0.0783321 0.0821930 0.0815713 0.1189365 0.1173554 0.1133476 0.1187295 0.1025500 0.1432128 0.1188327 0.1217962 0.0855744 0.1337298 0.1095638 0.0832503 0.0836716 0.1438372 0.1154371 0.1434542 0.0991041 0.1240585 0.1476234 0.1635819 0.1232965 0.1504915 0.0730040 0.1152219 0.0777543 0.1221105 0.1219421 0.1262844 0.1275977 0.1199723 0.1520267 0.1201234 0.1044377 0.1123055 0.1726065 0.1414415 0.1293868 0.0984922 0.1156138 0.1227770 0.0737944 0.1277826 0.1548547 0.1074947 0.1619783 0.1417268 0.1180910 0.1308315 0.1641139 0.1153400 0.1541723 0.1598775 0.1166172 0.1348654 0.1580293 0.0753077 0.0937268 0.1868674 0.0699147 0.0934782 0.1052043 0.1061326 0.0960048 0.0986686 0.1506204 0.1021124 0.1223815 0.1429032 0.1593592 0.0752411 0.1445300 0.1128666 0.0948832 0.0838388 0.0720994 0.0880281 0.0988236 0.0474862 0.0891908 0.0795040 0.0998602 0.1476240 0.0773403 0.1157592 0.1231054 0.1304106 0.1103921 0.0703035 0.1276091 0.0926849 
S0303         0.4459778 0.5287138 0.1323734 0.1377375 0.2648881 0.0990291 0.1416645 0.1233755 0.1288557 0.1343054 0.1346147 0.1594024 0.1494156 0.0000000 0.1414782 0.1376308 0.0111069 0.1406288 0.1364179 0.0870343 0.1471916 0.1322966 0.1638003 0.1594269 0.1225239 0.1303286 0.1283586 0.0088329 0.1436097 0.1348975 0.1259170 0.1417936 0.1346254 0.1282502 0.1351971 0.1673415 0.1380675 0.1596835 0.1611748 0.1234138 0.0134249 0.1718906 0.1646370 0.0179257 0.1224077 0.1307804 0.1250622 0.1307730 0.1274305 0.1400548 0.1268693 0.1417515 0.1450308 0.1561329 0.1266049 0.1619649 0.2017332 0.0469770 0.1478240 0.1218872 0.1331107 0.1390452 0.1632740 0.1293521 0.1664097 0.1558326 0.1465630 0.1298297 0.1341473 0.1439108 0.1596100 0.1268492 0.1590809 0.2089744 0.1407185 0.1191782 0.1428723 0.1161095 0.1092993 0.1558728 0.1227164 0.1517437 0.1161303 0.1335672 0.1274369 0.1300033 0.0133842 0.1159706 0.1513738 0.1384840 0.0252049 0.1287314 0.1308005 0.1327733 0.1197805 0.1385621 0.1322265 0.1394537 0.1270949 0.0907421 0.1072480 0.1148497 0.1316726 0.1631928 0.1315063 0.1243338 0.1425511 0.1319549 0.1194752 0.1296804 0.1355503 0.1332333 
S0308         0.4455857 0.5407744 0.0939406 0.1331012 0.2267581 0.0695984 0.1495581 0.1015847 0.1003524 0.1159841 0.0813610 0.1720408 0.1364192 0.1414782 0.0000000 0.1090485 0.1391768 0.1127799 0.0987864 0.0780550 0.1139896 0.1024476 0.1145150 0.1222207 0.0967124 0.0972834 0.1174704 0.1353994 0.0985202 0.1002712 0.1052005 0.0353266 0.0895904 0.1149597 0.1121230 0.1084743 0.1103070 0.1115388 0.1112408 0.1023379 0.1431950 0.1550666 0.1304612 0.1455266 0.1039013 0.1007618 0.1087880 0.1036632 0.1003398 0.1325250 0.1117554 0.1158877 0.0517729 0.1037545 0.0874252 0.1018706 0.1514970 0.1363380 0.1053478 0.0953034 0.1045489 0.1039678 0.1537606 0.1029757 0.1437286 0.1355963 0.0490948 0.0381138 0.1143311 0.1257450 0.1474031 0.0941005 0.1377892 0.1517623 0.1103283 0.1070797 0.0463893 0.0905690 0.0876941 0.1350663 0.1003804 0.1150478 0.0956602 0.1050564 0.0859943 0.0919894 0.1426037 0.0951551 0.0986963 0.0355035 0.1564738 0.1032382 0.0438315 0.1037065 0.0684652 0.1033270 0.1006552 0.1013239 0.0895778 0.0614544 0.0815106 0.0784628 0.0792142 0.1230770 0.1057720 0.0975684 0.1146275 0.1055526 0.0868234 0.1009708 0.1121469 0.0991006 
S0320         0.4077292 0.4377470 0.1063561 0.1217141 0.2416356 0.0685408 0.0840456 0.0938849 0.0843149 0.0667319 0.0884526 0.0912371 0.1213788 0.1376308 0.1090485 0.0000000 0.1384312 0.0541561 0.1094520 0.0532391 0.1008941 0.0973922 0.0516815 0.1238801 0.0465185 0.0943073 0.0944531 0.1344430 0.0536563 0.0809583 0.0968847 0.1095250 0.0476820 0.0909470 0.0998355 0.0787965 0.0642869 0.0754027 0.1476165 0.0932599 0.1426769 0.1402301 0.1091821 0.1419246 0.0851859 0.0941325 0.0902594 0.1004607 0.0911434 0.1003374 0.0925746 0.0607890 0.1237545 0.0578212 0.0463570 0.1095430 0.1004892 0.1272725 0.0878476 0.0640457 0.0785615 0.0773397 0.1314721 0.0994835 0.1390013 0.1138896 0.1119202 0.0999862 0.0934226 0.1029407 0.1286288 0.0904886 0.1225550 0.0874136 0.0879714 0.1233552 0.1082778 0.0877918 0.0674697 0.0959218 0.0817134 0.0949157 0.0807538 0.0487314 0.0398301 0.0583172 0.1420536 0.0384333 0.0583662 0.0920134 0.1537004 0.0845183 0.1234027 0.1040301 0.0773572 0.1000548 0.0937366 0.0860027 0.0758345 0.0629183 0.0520771 0.0817180 0.0826363 0.0459628 0.0925983 0.0940933 0.0603867 0.1024676 0.0502637 0.0850864 0.1057974 0.0985132 
S0322         0.4379130 0.5424786 0.1300518 0.1353440 0.2721409 0.0966574 0.1377092 0.1210869 0.1265370 0.1320513 0.1323100 0.1440321 0.1435244 0.0111069 0.1391768 0.1384312 0.0000000 0.1446896 0.1339901 0.0879289 0.1448695 0.1299781 0.1547091 0.1570957 0.1201937 0.1280344 0.1260463 0.0021980 0.1412809 0.1389855 0.1235902 0.1394892 0.1256681 0.1259400 0.1328883 0.1718273 0.1357617 0.1573848 0.1626500 0.1211237 0.0021980 0.1766220 0.1623736 0.0111521 0.1200835 0.1284796 0.1289305 0.1284734 0.1251294 0.1377250 0.1245769 0.1394466 0.1426893 0.1538333 0.1241592 0.1597290 0.1993794 0.0446227 0.1521508 0.1195693 0.1372146 0.1432085 0.1567003 0.1270743 0.1640029 0.1535389 0.1442456 0.1338056 0.1318012 0.1415785 0.1642262 0.1245566 0.1567074 0.2166394 0.1384294 0.1234028 0.1405555 0.1168762 0.1069703 0.1576819 0.1203857 0.1494117 0.1120834 0.1312754 0.1250320 0.1276650 0.0066611 0.1136381 0.1490433 0.1361776 0.0182451 0.1264147 0.1284520 0.1304472 0.1174426 0.1362553 0.1299095 0.1371354 0.1247991 0.0883474 0.1047089 0.1125384 0.1293610 0.1609046 0.1291490 0.1220284 0.1337787 0.1296882 0.1170861 0.1273490 0.1332825 0.1307993 
S0327         0.4480945 0.4647811 0.1070338 0.1327812 0.2365014 0.0666588 0.1211988 0.0976550 0.0961883 0.0701064 0.0904603 0.1316031 0.1306563 0.1406288 0.1127799 0.0541561 0.1446896 0.0000000 0.1127037 0.0876535 0.1126103 0.1057798 0.0692118 0.1286613 0.0481687 0.1002577 0.1061960 0.1408763 0.0548733 0.0990293 0.0994271 0.1226431 0.0546898 0.0934220 0.1112111 0.0702391 0.0701636 0.0834939 0.1413497 0.0994929 0.1487497 0.1337963 0.1144007 0.1544649 0.0941246 0.1037713 0.1047516 0.1066870 0.0974798 0.1112247 0.1084473 0.0727777 0.1332035 0.0668794 0.0536802 0.1138723 0.0982153 0.1288062 0.0903849 0.0794797 0.0933276 0.0900193 0.1378758 0.1026458 0.1294069 0.0907489 0.1186804 0.1075647 0.0976141 0.1096002 0.1235597 0.0970478 0.1209987 0.1200487 0.1025909 0.1131958 0.1152258 0.0962906 0.0795134 0.0971964 0.0907466 0.1036913 0.1094956 0.0554656 0.0528889 0.0731968 0.1481348 0.0588519 0.0623438 0.1099448 0.1636207 0.0963557 0.1199170 0.0930274 0.0828073 0.1114452 0.0995093 0.0945730 0.0990310 0.0667829 0.0511021 0.0932694 0.0877376 0.0773738 0.1047578 0.1005515 0.0723737 0.1054955 0.0574936 0.0970293 0.1150210 0.1075127 
S0335         0.4092244 0.5223182 0.0651802 0.1246642 0.2138564 0.0562532 0.1397735 0.0971228 0.0961448 0.1094830 0.0828348 0.1572633 0.1307483 0.1364179 0.0987864 0.1094520 0.1339901 0.1127037 0.0000000 0.0598998 0.1005523 0.1060645 0.1036167 0.1203434 0.0870936 0.1064106 0.1085112 0.1300777 0.0886120 0.0822172 0.0858203 0.0921394 0.0957993 0.1148775 0.1056172 0.1235592 0.1042647 0.1066053 0.1318688 0.1117585 0.1381513 0.1389176 0.1291662 0.1356242 0.0930703 0.1101952 0.0985984 0.1133039 0.1066958 0.1054551 0.1219212 0.1279722 0.1143667 0.0906020 0.0824677 0.1180314 0.1518064 0.1045360 0.0970780 0.0786905 0.0805018 0.0862494 0.1544345 0.1049250 0.1341671 0.1248957 0.1099365 0.0985020 0.0986302 0.1107947 0.1301751 0.1029669 0.1280599 0.1691918 0.0939086 0.0870582 0.1064611 0.0901816 0.0781170 0.1043705 0.0964408 0.1245586 0.0947113 0.0991394 0.0752091 0.0943459 0.1306590 0.0977965 0.1082570 0.1061306 0.1480580 0.1024263 0.1107552 0.0649757 0.0724657 0.1058502 0.1028488 0.0954983 0.0803734 0.0563115 0.0734373 0.0715148 0.0738547 0.1185930 0.1021766 0.1067399 0.1056149 0.1079184 0.0831948 0.0970338 0.1179489 0.1007108 
S0345         0.3819027 0.3976216 0.0604483 0.0783605 0.2058783 0.0142440 0.0516994 0.0765444 0.0364203 0.0966055 0.0607252 0.0000010 0.0783321 0.0870343 0.0780550 0.0532391 0.0879289 0.0876535 0.0598998 0.0000000 0.0367466 0.0441589 0.0853806 0.0545046 0.0951780 0.0605071 0.0444258 0.0782783 0.0858545 0.0449767 0.0360628 0.0698157 0.0744613 0.0526155 0.0684372 0.0951780 0.0530720 0.0693189 0.0726417 0.0754527 0.0879289 0.1608779 0.0530606 0.0782783 0.0364203 0.0520862 0.0439737 0.0611054 0.0520862 0.1014892 0.0754527 0.0781484 0.0802366 0.0523199 0.0618629 0.0518869 0.3648702 0.0973255 0.0718136 0.0369932 0.0460495 0.0446713 0.0716238 0.0757224 0.1292813 0.0881990 0.0999486 0.0715361 0.0892291 0.0701370 0.1401115 0.0601978 0.1136283 0.0898525 0.0449767 0.0708854 0.0999486 0.0289436 0.0439650 0.1101013 0.0364203 0.0612470 0.0448633 0.0951780 0.0301469 0.0681713 0.0871022 0.0686470 0.0976842 0.0708592 0.1051746 0.0364127 0.0788392 0.0139696 0.0466444 0.0520948 0.0518339 0.0540959 0.0607513 0.0218491 0.0535151 0.0602461 0.0607252 0.0529364 0.0365997 0.0694774 0.0853806 0.0837914 0.0462018 0.0446007 0.0756649 0.0523118 
S0400         0.4140845 0.4846853 0.0804397 0.0557538 0.2246993 0.0451012 0.1034335 0.0857621 0.0207219 0.1103439 0.0946091 0.0277695 0.0821930 0.1471916 0.1139896 0.1008941 0.1448695 0.1126103 0.1005523 0.0367466 0.0000000 0.0306025 0.1086797 0.0907835 0.0982576 0.0859499 0.0856578 0.1409814 0.1125028 0.0986142 0.0762834 0.1239869 0.1097654 0.0379931 0.0328018 0.1371957 0.0988833 0.1268145 0.0333744 0.0846077 0.1490101 0.1231111 0.1047009 0.1482542 0.0232592 0.0885512 0.0278267 0.0913746 0.0825384 0.1160426 0.0935674 0.1140534 0.1298263 0.1076253 0.0818349 0.0994921 0.1642578 0.1200142 0.1092888 0.0895291 0.0960542 0.1000074 0.1020068 0.0848995 0.1151564 0.1084017 0.1344647 0.1254540 0.0991093 0.1150095 0.1194916 0.0821809 0.1080691 0.1572704 0.1137713 0.1035205 0.1307935 0.0676262 0.0766112 0.1057109 0.0184361 0.0486729 0.1005557 0.0974547 0.0898857 0.0954105 0.1483821 0.0895426 0.1098313 0.1172019 0.1608596 0.0303057 0.1299932 0.0812343 0.0840704 0.0328615 0.0279658 0.0803199 0.0818076 0.0348472 0.0701853 0.0615035 0.0890645 0.1276174 0.0285187 0.0854833 0.1107551 0.0876505 0.0915154 0.0208810 0.0936229 0.0686463 
S0405         0.4310793 0.4906737 0.0741600 0.0526621 0.2223091 0.0501454 0.1078695 0.0942333 0.0183035 0.0970283 0.0882045 0.0280717 0.0815713 0.1322966 0.1024476 0.0973922 0.1299781 0.1057798 0.1060645 0.0441589 0.0306025 0.0000000 0.0994202 0.0899567 0.0854048 0.0853318 0.0794081 0.1262935 0.1019458 0.0983865 0.0789225 0.1194368 0.1023230 0.0402323 0.0253735 0.1151465 0.0926986 0.1127652 0.0295492 0.0840088 0.1338905 0.1126825 0.1009057 0.1332279 0.0207526 0.0879153 0.0205484 0.0849103 0.0875594 0.1120205 0.0928990 0.0935604 0.1335091 0.0945358 0.0846036 0.0982400 0.1598031 0.1222617 0.1125934 0.0833748 0.0964276 0.1000213 0.1011874 0.0788189 0.1048183 0.1047723 0.1295839 0.1176138 0.0988794 0.1110324 0.1089509 0.0815972 0.1066812 0.1412024 0.1069451 0.0906292 0.1259972 0.0643872 0.0851600 0.1046838 0.0183072 0.0483181 0.0998021 0.0847215 0.0800022 0.0887212 0.1333438 0.0798375 0.0991579 0.1127968 0.1483417 0.0229526 0.1233168 0.0862980 0.0777964 0.0302486 0.0206502 0.0826008 0.0901125 0.0318262 0.0635004 0.0645270 0.0827487 0.1064144 0.0308763 0.0848720 0.1034094 0.0813177 0.0755482 0.0184002 0.0871557 0.0626984 
S0407sl       0.4589461 0.5478057 0.1136618 0.1325559 0.2624707 0.0693404 0.1159949 0.1156939 0.0963152 0.0458305 0.0996382 0.1107254 0.1189365 0.1638003 0.1145150 0.0516815 0.1547091 0.0692118 0.1036167 0.0853806 0.1086797 0.0994202 0.0000000 0.1314659 0.0381068 0.1149748 0.1117539 0.1507854 0.0495826 0.0988739 0.0981967 0.1179218 0.0387491 0.1165605 0.1110510 0.0673584 0.0703984 0.0835874 0.1686027 0.1200448 0.1588939 0.1378488 0.1237336 0.1580958 0.0997762 0.1186526 0.1046072 0.1183044 0.1152646 0.1112855 0.1298384 0.0669587 0.1364402 0.0641559 0.0375250 0.1165219 0.0897540 0.1461124 0.1030046 0.0767908 0.0969066 0.0925770 0.1439241 0.1208050 0.1368809 0.1240299 0.1262469 0.1192789 0.1004713 0.1162286 0.1343842 0.1116394 0.1279441 0.1125466 0.0998007 0.1141825 0.1227699 0.0990854 0.0819658 0.1053621 0.0963414 0.1152427 0.0987597 0.0378385 0.0474928 0.0645617 0.1582280 0.0511290 0.0467420 0.1113792 0.1670545 0.1019898 0.1200133 0.1173323 0.0891182 0.1112842 0.1051837 0.0914668 0.0957409 0.0640722 0.0479439 0.0902908 0.0940873 0.0596875 0.1072938 0.1120409 0.0329154 0.1234050 0.0571121 0.0969004 0.1269344 0.1041086 
S0412sl       0.4302978 0.5037499 0.1094676 0.1148916 0.2377285 0.0657777 0.1114521 0.1065306 0.0804397 0.1339418 0.1109475 0.1196199 0.1173554 0.1594269 0.1222207 0.1238801 0.1570957 0.1286613 0.1203434 0.0545046 0.0907835 0.0899567 0.1314659 0.0000000 0.1159767 0.1022173 0.1035727 0.1530222 0.1135424 0.1180012 0.0880047 0.1325759 0.1182326 0.0937798 0.0980731 0.1507759 0.1135894 0.1333709 0.0962884 0.1045067 0.1614436 0.1653866 0.0949133 0.1606053 0.0840598 0.1058164 0.0858594 0.0838129 0.1024821 0.1342932 0.1141502 0.1300120 0.1334218 0.1232086 0.1065497 0.1221930 0.2052427 0.1518276 0.1302696 0.1002398 0.1119517 0.1219951 0.1272223 0.1080533 0.1537858 0.1349099 0.1359686 0.1338504 0.1242644 0.1408354 0.1527722 0.0989335 0.1546615 0.1909261 0.1251865 0.1301319 0.1322464 0.0864895 0.0945935 0.1968418 0.0807467 0.1007444 0.1270676 0.1149953 0.1041877 0.1074352 0.1607434 0.1137334 0.1357042 0.1214398 0.1772762 0.0863459 0.1326782 0.0973214 0.0965647 0.0982790 0.0894192 0.0961749 0.1102185 0.0627128 0.0808262 0.0891309 0.1051825 0.1329769 0.0941599 0.1025223 0.1377183 0.1106836 0.1031057 0.0839800 0.1205004 0.0989432 
S0417         0.4208930 0.4537313 0.0861476 0.1201900 0.2192612 0.0553969 0.1055261 0.1018642 0.0823995 0.0382035 0.0825646 0.0867214 0.1133476 0.1225239 0.0967124 0.0465185 0.1201937 0.0481687 0.0870936 0.0951780 0.0982576 0.0854048 0.0381068 0.1159767 0.0000000 0.0976859 0.0940954 0.1166162 0.0289621 0.0869007 0.0932509 0.1063075 0.0212259 0.0935162 0.0936872 0.0380912 0.0436028 0.0556277 0.1280693 0.0969420 0.1239851 0.1154104 0.1180472 0.1233776 0.0857085 0.1011800 0.0819026 0.0948674 0.1007547 0.0982791 0.1062705 0.0513955 0.1192672 0.0509284 0.0271818 0.1021883 0.0597011 0.1167235 0.0848073 0.0598317 0.0819228 0.0779225 0.1379697 0.0975447 0.1141544 0.0974538 0.1082202 0.1006125 0.0852330 0.0968141 0.1116260 0.0944894 0.1058954 0.1068945 0.0761735 0.1075222 0.1048937 0.0878956 0.0630788 0.0972594 0.0824210 0.0949058 0.0896928 0.0159001 0.0317886 0.0411704 0.1234862 0.0258533 0.0211629 0.0999339 0.1314184 0.0879617 0.1093335 0.0929098 0.0690091 0.0938801 0.0910500 0.0803093 0.0735613 0.0505279 0.0315341 0.0766890 0.0771514 0.0489723 0.0840968 0.0948234 0.0434167 0.1001212 0.0338057 0.0828948 0.1064836 0.0740707 
S0419         0.3879964 0.5135289 0.0822351 0.1023586 0.2293596 0.0584878 0.0529366 0.0307743 0.0734120 0.1175881 0.0755674 0.1019830 0.1187295 0.1303286 0.0972834 0.0943073 0.1280344 0.1002577 0.1064106 0.0605071 0.0859499 0.0853318 0.1149748 0.1022173 0.0976859 0.0000000 0.0920373 0.1244135 0.0983468 0.0807194 0.0860978 0.1067459 0.0965295 0.0957463 0.0846739 0.1238684 0.1011856 0.1138081 0.0908673 0.0401389 0.1318774 0.1373849 0.1101862 0.1312336 0.0765933 0.0089002 0.0813987 0.0206671 0.0135183 0.0979043 0.0427564 0.1133837 0.1230976 0.0952006 0.0879221 0.0956565 0.1569148 0.1146589 0.0910934 0.0679755 0.0845525 0.0782575 0.1240054 0.0402985 0.1262163 0.1019755 0.1192892 0.1077056 0.0856333 0.0936389 0.1258676 0.0089298 0.1209888 0.1386405 0.0904178 0.0967837 0.1158105 0.0787966 0.0728065 0.1433943 0.0734304 0.0894750 0.1009096 0.0968910 0.0804312 0.0894903 0.1313467 0.1013317 0.1123321 0.0941698 0.1416430 0.0788488 0.1161817 0.0827476 0.0600763 0.0876189 0.0818396 0.0853158 0.0841009 0.0506375 0.0659662 0.0674077 0.0703022 0.1272215 0.0896285 0.0112487 0.1079127 0.0426539 0.0792410 0.0675698 0.0453053 0.0863884 
S0427         0.4148977 0.4776051 0.0990210 0.1034931 0.2528656 0.0555233 0.0888181 0.1011635 0.0705060 0.0994972 0.1035935 0.0717285 0.1025500 0.1283586 0.1174704 0.0944531 0.1260463 0.1061960 0.1085112 0.0444258 0.0856578 0.0794081 0.1117539 0.1035727 0.0940954 0.0920373 0.0000000 0.1224222 0.1129074 0.0867983 0.0888673 0.1213451 0.0955750 0.0907878 0.0758956 0.1324768 0.1081255 0.1130492 0.1100118 0.0905809 0.1298913 0.1401380 0.1205292 0.1292541 0.0681824 0.0946616 0.0784314 0.0975251 0.0857816 0.0986364 0.0965976 0.1102828 0.1389036 0.0949096 0.0811092 0.1175323 0.1557244 0.1095206 0.0874183 0.0713494 0.0847737 0.0871469 0.1183868 0.0968861 0.1283411 0.0900312 0.1348923 0.1190698 0.0860746 0.0977828 0.1254131 0.0881438 0.1303940 0.1663723 0.0882506 0.1212932 0.1312050 0.0535198 0.0880664 0.1155888 0.0651222 0.0822459 0.0683308 0.0992479 0.0800685 0.0950100 0.1293666 0.0862630 0.1024394 0.1116800 0.1402404 0.0704458 0.1316305 0.0922440 0.0837730 0.0788764 0.0727235 0.0740332 0.0873335 0.0395481 0.0796235 0.0852993 0.0979589 0.1233727 0.0773998 0.0915299 0.1097684 0.0994448 0.0791689 0.0709199 0.1056062 0.0645340 
S0430         0.4468305 0.5424786 0.1263615 0.1314682 0.2654715 0.0933082 0.1319083 0.1175620 0.1228965 0.1284426 0.1286173 0.1440321 0.1432128 0.0088329 0.1353994 0.1344430 0.0021980 0.1408763 0.1300777 0.0782783 0.1409814 0.1262935 0.1507854 0.1530222 0.1166162 0.1244135 0.1224222 0.0000000 0.1374305 0.1351409 0.1199750 0.1357029 0.1219725 0.1223206 0.1291812 0.1676409 0.1320240 0.1533653 0.1561186 0.1175957 0.0044276 0.1722099 0.1583454 0.0088686 0.1165166 0.1248427 0.1252827 0.1248382 0.1215345 0.1339217 0.1210024 0.1356601 0.1387988 0.1498612 0.1203524 0.1557867 0.1946273 0.0418654 0.1480950 0.1160186 0.1333532 0.1392974 0.1567003 0.1234911 0.1596973 0.1495808 0.1403741 0.1300613 0.1280493 0.1377184 0.1599107 0.1209823 0.1525669 0.2095371 0.1346820 0.1196271 0.1367347 0.1133416 0.1035593 0.1455974 0.1168073 0.1454450 0.1065510 0.1276169 0.1212769 0.1239794 0.0044144 0.1101394 0.1450842 0.1324315 0.0158672 0.1227789 0.1247402 0.1267445 0.1138881 0.1325077 0.1262282 0.1333573 0.1212166 0.0850649 0.1010199 0.1090849 0.1256954 0.1568525 0.1254141 0.1184661 0.1301115 0.1260895 0.1134588 0.1236793 0.1296363 0.1269206 
S0478         0.4793849 0.5097217 0.0931196 0.1266080 0.2048253 0.0680335 0.0907342 0.1060407 0.0957079 0.0441889 0.0803517 0.1039322 0.1188327 0.1436097 0.0985202 0.0536563 0.1412809 0.0548733 0.0886120 0.0858545 0.1125028 0.1019458 0.0495826 0.1135424 0.0289621 0.0983468 0.1129074 0.1374305 0.0000000 0.0881958 0.0943749 0.0989234 0.0348844 0.1043931 0.1107691 0.0493373 0.0494112 0.0713652 0.1526142 0.1068733 0.1453792 0.1284422 0.1116959 0.1477396 0.0992413 0.1018714 0.1011474 0.0924743 0.0986001 0.1012904 0.1165226 0.0547681 0.1149373 0.0464950 0.0471295 0.1003905 0.0703984 0.1286496 0.0943059 0.0615439 0.0872386 0.0869158 0.1405977 0.1075516 0.1273238 0.1059103 0.1007081 0.0969428 0.0979049 0.1102768 0.1239868 0.0951239 0.1216265 0.1143764 0.0718414 0.1122419 0.0974047 0.0955538 0.0610458 0.1137614 0.0957344 0.1165307 0.0987441 0.0387591 0.0322806 0.0553593 0.1447691 0.0419487 0.0367476 0.0962795 0.1533896 0.1015069 0.0981004 0.0846968 0.0760688 0.1078512 0.1019108 0.0879279 0.0772577 0.0625840 0.0369076 0.0774575 0.0810900 0.0501834 0.1045282 0.0954626 0.0467315 0.1101710 0.0451932 0.0963024 0.1136301 0.1020096 
S0552sl       0.4037160 0.4843650 0.0840917 0.1245877 0.2351192 0.0598852 0.0962096 0.0861008 0.0887987 0.1081904 0.0747835 0.1096754 0.1217962 0.1348975 0.1002712 0.0809583 0.1389855 0.0990293 0.0822172 0.0449767 0.0986142 0.0983865 0.0988739 0.1180012 0.0869007 0.0807194 0.0867983 0.1351409 0.0881958 0.0000000 0.0898380 0.1040270 0.0923170 0.1101783 0.1034849 0.1117787 0.0968669 0.1065412 0.1388587 0.0822964 0.1430761 0.1329819 0.1095029 0.1423500 0.0922093 0.0805302 0.0882636 0.0833336 0.0774841 0.0788396 0.0912614 0.1026361 0.1197717 0.0790907 0.0837034 0.0919095 0.1453800 0.1114017 0.0335508 0.0361441 0.0211077 0.0259655 0.1312710 0.0827981 0.1312926 0.1079602 0.1267816 0.0977956 0.0693913 0.0811979 0.1290900 0.0742802 0.1235878 0.1219215 0.0488995 0.0995430 0.1231266 0.0716306 0.0815014 0.1362257 0.0888225 0.0983949 0.0707797 0.0924411 0.0640212 0.0759555 0.1424745 0.0909272 0.0944275 0.0944160 0.1581159 0.0914930 0.1160156 0.0912371 0.0586579 0.0976088 0.0976313 0.0848222 0.0865611 0.0483514 0.0778327 0.0695635 0.0693965 0.1073500 0.0997387 0.0775103 0.1093971 0.0853390 0.0807461 0.0893401 0.0913165 0.0817506 
S0558         0.4100185 0.4750231 0.0843145 0.1005797 0.2276231 0.0454642 0.1108371 0.0943190 0.0673269 0.1043700 0.0858408 0.0866851 0.0855744 0.1259170 0.1052005 0.0968847 0.1235902 0.0994271 0.0858203 0.0360628 0.0762834 0.0789225 0.0981967 0.0880047 0.0932509 0.0860978 0.0888673 0.1199750 0.0943749 0.0898380 0.0000000 0.1084183 0.0925181 0.0704909 0.0754292 0.1290151 0.0999879 0.1187164 0.1148362 0.0847504 0.1274242 0.1204074 0.0924880 0.1267975 0.0650175 0.0858943 0.0751561 0.0856542 0.0799091 0.0914433 0.0937286 0.1091569 0.1143728 0.0998571 0.0928286 0.0907636 0.1675684 0.1108280 0.0946197 0.0726447 0.0820303 0.0881286 0.0970338 0.0909398 0.1085930 0.0948732 0.1277864 0.1161269 0.0880566 0.1006718 0.1090212 0.0795633 0.1108366 0.1437695 0.0839621 0.0917984 0.1241823 0.0600981 0.0886678 0.1230253 0.0620138 0.0825238 0.0835671 0.0954701 0.0787753 0.0871286 0.1269087 0.1001178 0.1073991 0.1084574 0.1349363 0.0618459 0.1074021 0.0692216 0.0754028 0.0755781 0.0755573 0.0691265 0.0908663 0.0428455 0.0705824 0.0710540 0.0803763 0.1326952 0.0767292 0.0798366 0.1076092 0.0934827 0.0864333 0.0677179 0.1055530 0.0726317 
S0616         0.4361996 0.5719781 0.1057979 0.1305463 0.2186317 0.0785005 0.1433277 0.1112559 0.1098986 0.1193648 0.0872744 0.1701438 0.1337298 0.1417936 0.0353266 0.1095250 0.1394892 0.1226431 0.0921394 0.0698157 0.1239869 0.1194368 0.1179218 0.1325759 0.1063075 0.1067459 0.1213451 0.1357029 0.0989234 0.1040270 0.1084183 0.0000000 0.0986859 0.1185128 0.1219290 0.1150161 0.1178035 0.1144432 0.1263939 0.1118397 0.1435171 0.1518431 0.1373792 0.1380267 0.1135804 0.1103522 0.1152143 0.1133123 0.1070182 0.1362411 0.1215161 0.1302987 0.0491781 0.0977485 0.1008096 0.1110305 0.1593769 0.1473312 0.1092381 0.0897023 0.1084033 0.1077946 0.1541444 0.1125469 0.1362793 0.1458005 0.0461862 0.0356044 0.1128171 0.1243485 0.1441677 0.1034625 0.1346548 0.1630961 0.1075243 0.1159171 0.0435233 0.1026617 0.0937505 0.1251384 0.1099304 0.1221671 0.0857557 0.1113894 0.0863537 0.0981975 0.1362836 0.1050794 0.1083408 0.0355486 0.1568232 0.1157963 0.0359172 0.1091251 0.0742517 0.1159011 0.1102334 0.1077173 0.0956022 0.0703262 0.0879002 0.0843239 0.0814619 0.1314864 0.1156509 0.1070604 0.1109626 0.1151517 0.0966381 0.1105855 0.1186276 0.1121107 
S0624         0.4204667 0.4756726 0.0973861 0.1364737 0.2369572 0.0595501 0.0959901 0.1040975 0.0930577 0.0467072 0.0842532 0.1026692 0.1095638 0.1346254 0.0895904 0.0476820 0.1256681 0.0546898 0.0957993 0.0744613 0.1097654 0.1023230 0.0387491 0.1182326 0.0212259 0.0965295 0.0955750 0.1219725 0.0348844 0.0923170 0.0925181 0.0986859 0.0000000 0.1017243 0.0986781 0.0520761 0.0526333 0.0625160 0.1460218 0.1080534 0.1295901 0.1348195 0.1176486 0.1289411 0.0965670 0.0968579 0.1015188 0.0997762 0.0996417 0.0946279 0.1146635 0.0444697 0.1113697 0.0522073 0.0303736 0.1016817 0.0700296 0.1188979 0.0872705 0.0614654 0.0842962 0.0799242 0.1365528 0.1087466 0.1337866 0.1090068 0.1008558 0.0929947 0.0938065 0.1059328 0.1308662 0.0932905 0.1242318 0.1181822 0.0841361 0.1128614 0.0975477 0.0900380 0.0672021 0.0948105 0.0930834 0.1031285 0.0834605 0.0234662 0.0375892 0.0498649 0.1290558 0.0290034 0.0316629 0.0923695 0.1372757 0.0988438 0.1015035 0.0946803 0.0728351 0.1019520 0.1020914 0.0821682 0.0779591 0.0597635 0.0264129 0.0811952 0.0787234 0.0665176 0.0981120 0.0936253 0.0441560 0.1113932 0.0451034 0.0936355 0.1117532 0.0852044 
S0641         0.4108671 0.4882457 0.0845610 0.0662559 0.2114299 0.0549377 0.1162604 0.0997541 0.0301631 0.1082891 0.0927281 0.0334367 0.0832503 0.1282502 0.1149597 0.0909470 0.1259400 0.0934220 0.1148775 0.0526155 0.0379931 0.0402323 0.1165605 0.0937798 0.0935162 0.0957463 0.0907878 0.1223206 0.1043931 0.1101783 0.0704909 0.1185128 0.1017243 0.0000000 0.0423955 0.1342973 0.1038411 0.1305343 0.0572499 0.0894063 0.1297799 0.1186612 0.1056154 0.1291440 0.0279109 0.0991512 0.0372984 0.1019982 0.0873770 0.1119264 0.0983930 0.1059889 0.1260698 0.1056204 0.0960761 0.1015046 0.1518508 0.1226419 0.1122743 0.0823236 0.1022946 0.1050360 0.0815172 0.0956117 0.1107959 0.1045456 0.1287808 0.1230375 0.0975960 0.1095690 0.1117982 0.0926272 0.1067763 0.1733166 0.1055556 0.1111292 0.1252223 0.0723520 0.0898381 0.1159026 0.0230452 0.0457956 0.0992574 0.1014057 0.0910569 0.1028703 0.1292562 0.0942387 0.1048355 0.1152709 0.1439944 0.0349636 0.1191310 0.0768835 0.0824009 0.0424731 0.0374854 0.0779610 0.0921524 0.0447350 0.0720734 0.0717605 0.0873002 0.1193415 0.0358144 0.0960222 0.1146189 0.0981361 0.0900519 0.0303251 0.1073543 0.0769461 
S0643         0.4034139 0.4770352 0.0707043 0.0549553 0.2297659 0.0498277 0.1066432 0.0963135 0.0204987 0.1054752 0.0904281 0.0106956 0.0836716 0.1351971 0.1121230 0.0998355 0.1328883 0.1112111 0.1056172 0.0684372 0.0328018 0.0253735 0.1110510 0.0980731 0.0936872 0.0846739 0.0758956 0.1291812 0.1107691 0.1034849 0.0754292 0.1219290 0.0986781 0.0423955 0.0000000 0.1315949 0.1042144 0.1215140 0.0368589 0.0804504 0.1368267 0.1114228 0.0969558 0.1361493 0.0229535 0.0872373 0.0274608 0.0900163 0.0868870 0.1172173 0.0891821 0.1061788 0.1360584 0.1059969 0.0842587 0.1037505 0.1551906 0.1186342 0.1146569 0.0884120 0.1015685 0.1021066 0.0972645 0.0753282 0.1036418 0.1067909 0.1321482 0.1138165 0.1011013 0.1132228 0.1077130 0.0809777 0.1026442 0.1666506 0.1120423 0.0990497 0.1285539 0.0692524 0.0901469 0.1047647 0.0205028 0.0479067 0.0896981 0.0929359 0.0885075 0.1002332 0.1362670 0.0886584 0.1048769 0.1152773 0.1513473 0.0251328 0.1289634 0.0856389 0.0772104 0.0228447 0.0228406 0.0790134 0.0892901 0.0368727 0.0723377 0.0666655 0.0849894 0.1259487 0.0306264 0.0842215 0.1090749 0.0777984 0.0873967 0.0206066 0.0835344 0.0706844 
