119
CRNC          0.0000000 0.2031307 0.3133367 0.3966643 0.4763246 0.3928321 0.3923430 0.4384831 0.3031750 0.4841216 0.4863272 0.3899031 0.4607682 0.3690988 0.3738520 0.3627546 0.4054007 0.4359431 0.4402753 0.4513230 0.4410840 0.3915448 0.4205427 0.2741955 0.4041375 0.3714119 0.3844812 0.4507004 0.4228333 0.4402106 0.3945802 0.4684256 0.4052756 0.4331944 0.4237527 0.5106235 0.4595836 0.3699335 0.4034197 0.3715720 0.4143292 0.4293821 0.4276469 0.3951472 0.3369284 0.4296023 0.4158275 0.4044679 0.4221916 0.4211384 0.4116426 0.4015086 0.4039447 0.3993204 0.4238491 0.4258983 0.4582456 0.4202232 0.5654237 0.4443426 0.3926084 0.4296261 0.4091061 0.4195016 0.4393878 0.4182127 0.4334486 0.4310834 0.4121519 0.4337371 0.3904187 0.4156820 0.4226752 0.4128407 0.4123549 0.4074434 0.4103009 0.3969754 0.3965246 0.4914082 0.3686550 0.3813825 0.4227725 0.3576801 0.4094082 0.4384137 0.4389301 0.4248072 0.4300276 0.4244007 0.3719956 0.3976361 0.4620186 0.4322407 0.3990750 0.3879703 0.4781026 0.3800113 0.3793242 0.3223213 0.3483153 0.4633300 0.4257180 0.4199394 0.4112195 0.3886790 0.4712943 0.3882762 0.4023664 0.4336676 0.4557170 0.4343051 0.3838173 0.4372190 0.5120537 0.3747707 0.3950122 0.4510011 0.3955404 
HYZL          0.2031307 0.0000000 0.1045806 0.5867458 0.0000010 0.5406004 0.4266747 0.6061831 0.6030048 0.6006445 0.5257954 0.4832452 0.5162411 0.4602580 0.5212390 0.4843470 0.3946939 0.5571891 0.3254538 0.5695581 0.3254538 0.4510633 0.5332828 0.0000010 0.5547511 0.4870431 0.5143711 0.4939383 0.5627841 0.5687017 0.5271148 0.5348112 0.4924615 0.4815769 0.5719749 0.8467127 0.6410000 0.5136787 0.6076295 0.5337773 0.4956214 0.5066150 0.5096032 0.4892436 0.4060161 0.5235585 0.5274870 0.4238897 0.6601873 0.5292522 0.5033761 0.5295467 0.5104146 0.5352512 0.5744045 0.5351534 0.6175923 0.6231975 1.1001445 0.4276091 0.5159387 0.7385376 0.5169628 0.5892768 0.6003019 0.5810252 0.5092391 0.6790316 0.4102826 0.5216914 0.4375479 0.5445775 0.5880158 0.5788613 0.4117887 0.5486134 0.4350214 0.5236782 0.5201613 0.5618734 0.4653014 0.4774333 0.4048740 0.4613737 0.5375011 0.5049376 0.5129362 0.4650115 0.4826539 0.5274870 0.5591602 0.4772999 0.6715918 0.5552815 0.4967522 0.5428679 0.6511493 0.5350575 0.4723034 0.4700767 0.4370314 0.5620927 0.5695282 0.5142953 0.4910956 0.5018145 0.6048382 0.4925668 0.5295467 0.4856258 0.6232771 0.4591915 0.4904001 0.6326020 0.7126504 0.4738701 0.4877972 0.6460553 0.7001489 
MYZV          0.3133367 0.1045806 0.0000000 0.5133562 0.5693093 0.5246836 0.4582854 0.4999875 0.4315938 0.5168732 0.5974900 0.4869695 0.4769024 0.4701595 0.5119959 0.4695418 0.4398664 0.6082647 0.5678353 0.4833361 0.5859777 0.4436616 0.5279102 0.4371411 0.5075300 0.4978074 0.4933665 0.4675335 0.5339624 0.4982374 0.5142338 0.5562287 0.5581687 0.4597688 0.5236797 0.6146672 0.6225650 0.4230190 0.4828664 0.5081845 0.4649645 0.4687532 0.5180109 0.4881202 0.4419904 0.5496660 0.5823292 0.5073985 0.5337406 0.5888724 0.5162493 0.5219598 0.5157392 0.5399107 0.5250291 0.5511633 0.5323577 0.5171236 0.6961962 0.4890780 0.4968801 0.4645115 0.5466021 0.5192782 0.5226623 0.5365392 0.4952778 0.5974116 0.4978438 0.5124693 0.4892183 0.4860007 0.5312314 0.4939884 0.5438224 0.5288647 0.5064079 0.4995531 0.5114100 0.5779620 0.5062641 0.4536042 0.5284468 0.4880516 0.5188700 0.5316474 0.4990899 0.4925208 0.4786020 0.5937613 0.5515830 0.4617005 0.5748585 0.5779438 0.5599568 0.4996930 0.5968928 0.4853063 0.4598584 0.4456518 0.4592151 0.5418263 0.5118527 0.4995798 0.4658557 0.4635420 0.4879995 0.5166063 0.5339112 0.4514323 0.6058770 0.5068965 0.4829848 0.5934651 0.7495011 0.5040875 0.5010166 0.6258237 0.5148108 
SRR6441723    0.3966643 0.5867458 0.5133562 0.0000000 0.0592165 0.1025921 0.1882958 0.1322082 0.0997805 0.1459224 0.1537603 0.0841764 0.1832292 0.0586654 0.0808492 0.0955581 0.1262622 0.1703043 0.1616735 0.1870999 0.1602547 0.1381383 0.0615430 0.0425033 0.1107529 0.0837791 0.0807731 0.1600010 0.1255632 0.1206583 0.0975355 0.1222828 0.1629599 0.1646203 0.1019255 0.1910352 0.1791178 0.1683830 0.1198377 0.0650454 0.1258893 0.1305560 0.1428934 0.1057108 0.0804717 0.1260775 0.1673697 0.1711915 0.1181722 0.1617562 0.1111922 0.1049613 0.0836761 0.1133818 0.1214926 0.1205728 0.1645419 0.1477623 0.2113004 0.1477961 0.0685777 0.1129794 0.1627960 0.0987393 0.1095202 0.1062993 0.1156075 0.1349381 0.1766055 0.0871729 0.1300999 0.1513632 0.1254598 0.1107282 0.1780709 0.1046540 0.1637431 0.1091688 0.0355845 0.1697095 0.0990145 0.0688862 0.1806206 0.0796724 0.1321516 0.0904781 0.1327519 0.1355870 0.1395950 0.1628232 0.1512651 0.1434440 0.1612477 0.1674040 0.1589531 0.0871450 0.1538458 0.0551575 0.0622742 0.0713347 0.0840307 0.1505696 0.0875625 0.1101487 0.0875132 0.0727712 0.1584165 0.1154046 0.1131102 0.1503198 0.1318898 0.1468720 0.0806310 0.1310606 0.2794479 0.1640935 0.1049968 0.0865818 0.1500535 
ERR4210213    0.4763246 0.0000010 0.5693093 0.0592165 0.0000000 0.0754854 0.1638395 0.1979793 0.0844956 0.1033526 0.1866992 0.0678445 0.1990034 0.0592692 0.0769004 0.0945835 0.1116739 0.2190175 0.1753803 0.2115969 0.2205904 0.1129260 0.0359333 0.0332595 0.0766153 0.0753022 0.0683664 0.1551321 0.2536831 0.0944986 0.1213676 0.1531993 0.1850123 0.1349547 0.1234959 0.2555577 0.1733492 0.0000010 0.1333301 0.0678445 0.1060999 0.1041397 0.1241005 0.1518598 0.0785089 0.1822751 0.2207609 0.1317290 0.1632485 0.2084404 0.1043333 0.1301559 0.0849364 0.1519154 0.1330388 0.1510148 0.1417527 0.1085708 0.1272240 0.1334168 0.0596716 0.1238947 0.1743907 0.1136558 0.1319412 0.1336771 0.1130518 0.1438454 0.1417419 0.1037446 0.1451356 0.1087385 0.1635659 0.1135318 0.1520309 0.1301559 0.1317290 0.1319948 0.0670160 0.1745620 0.1040992 0.0597110 0.1221838 0.0762871 0.1895102 0.0950773 0.1040840 0.1152057 0.1253910 0.1966217 0.1956850 0.1224676 0.1882661 0.1964941 0.1850123 0.0676536 0.1141869 0.0679836 0.0760927 0.0627334 0.0765423 0.2151288 0.1024871 0.1216564 0.0949964 0.0755486 0.1569212 0.1450159 0.1514256 0.1421911 0.1752466 0.1246537 0.0678445 0.1530349 0.0000010 0.0000010 0.1011090 0.0000010 0.0000010 
ERR2789774    0.3928321 0.5406004 0.5246836 0.1025921 0.0754854 0.0000000 0.2059958 0.1039921 0.1074476 0.1474047 0.1411051 0.0266849 0.1549978 0.0849075 0.0298298 0.0705997 0.1052121 0.1463472 0.1792283 0.1595991 0.1633414 0.1211924 0.1031972 0.0712253 0.0734236 0.0233928 0.0206571 0.1383264 0.1315747 0.1171822 0.1063122 0.0880864 0.1480552 0.1425406 0.1232332 0.1563174 0.1580099 0.1371624 0.0560393 0.0223644 0.1185333 0.1271910 0.1454703 0.1122007 0.0272234 0.1463210 0.1523478 0.1587791 0.1114089 0.1469433 0.0492231 0.1102688 0.0328272 0.1151289 0.1441792 0.1401940 0.1524422 0.1262393 0.2250578 0.1386762 0.0768140 0.1133912 0.1485243 0.1199398 0.1313473 0.1236104 0.0994377 0.1320015 0.1640182 0.1188986 0.1061225 0.1273833 0.1393205 0.1239700 0.1711079 0.1099395 0.1604377 0.1266556 0.0949987 0.1540735 0.0628570 0.0847167 0.1583839 0.0235227 0.0997697 0.1080275 0.1209123 0.1380317 0.1421188 0.1479172 0.1575203 0.1257448 0.1482082 0.1523934 0.1441115 0.0454832 0.1411824 0.1112940 0.0925745 0.0179512 0.0298627 0.1300842 0.1122184 0.0664946 0.1049832 0.1004870 0.1525980 0.0628928 0.1186509 0.1292447 0.1289289 0.1495260 0.0236282 0.1281146 0.1355114 0.0564618 0.0617884 0.1687154 0.0660787 
PAFTOL_019361 0.3923430 0.4266747 0.4582854 0.1882958 0.1638395 0.2059958 0.0000000 0.2278781 0.1569334 0.2205773 0.2439188 0.1822903 0.2172898 0.1818964 0.1764125 0.1822223 0.1860463 0.2448214 0.2079517 0.2282701 0.2036286 0.1943564 0.2048186 0.1283737 0.1946755 0.1813377 0.1782185 0.1953276 0.2519633 0.1937443 0.1815196 0.2193601 0.2147269 0.2042162 0.2227209 0.2944092 0.2415549 0.1903861 0.2128330 0.1712755 0.1979756 0.1973931 0.2047617 0.1882555 0.1891772 0.2345335 0.2417850 0.1964661 0.2059284 0.2345936 0.1987157 0.1907815 0.1913908 0.2018858 0.2482273 0.2166235 0.2271146 0.2162107 0.3070847 0.2010867 0.1757581 0.1332891 0.2191993 0.2237140 0.2378011 0.2282622 0.2131533 0.2153800 0.1920087 0.2227724 0.2051644 0.2179648 0.2317716 0.2235008 0.2148199 0.1901348 0.1990144 0.2320523 0.1841212 0.2375014 0.1855275 0.1877278 0.1926455 0.1718339 0.2222309 0.2009062 0.1938179 0.1965544 0.2012173 0.2362325 0.1774352 0.1805023 0.2474792 0.2321520 0.2194037 0.1801901 0.2365331 0.1750399 0.1772683 0.1683561 0.1743147 0.2654989 0.2115172 0.2150398 0.2133810 0.1924710 0.2357920 0.2054210 0.2013898 0.2015464 0.2409028 0.2093597 0.1779025 0.2164316 0.5267048 0.3876458 0.2031913 0.4644067 0.2014476 
S0055         0.4384831 0.6061831 0.4999875 0.1322082 0.1979793 0.1039921 0.2278781 0.0000000 0.1169110 0.1721764 0.1511049 0.0852690 0.1435042 0.1049931 0.0891404 0.0933110 0.1315292 0.1453159 0.1710188 0.1216917 0.1557328 0.1665109 0.1405315 0.1394929 0.0993030 0.0848607 0.0780182 0.1436054 0.1002864 0.1404324 0.1243107 0.1113977 0.1560268 0.1738903 0.1154221 0.1713153 0.1843589 0.1272666 0.0803674 0.0695307 0.1243869 0.1673984 0.1624697 0.0963376 0.1001895 0.1330566 0.1423742 0.2010572 0.0990885 0.1459052 0.1045898 0.1324687 0.0848665 0.1419137 0.1400004 0.1411507 0.1845392 0.1401497 0.2313698 0.1627535 0.0960474 0.1376860 0.1577183 0.1204674 0.1234054 0.1200824 0.1342216 0.1579993 0.2071327 0.1418043 0.1364002 0.1573573 0.1174309 0.1154337 0.1982423 0.1320526 0.1977304 0.1313215 0.1162573 0.1581800 0.0993575 0.1045985 0.2114658 0.0849208 0.0837098 0.1077139 0.1434359 0.1503519 0.1496159 0.1468684 0.2065177 0.1318665 0.1511717 0.1504357 0.1520249 0.0915718 0.1633602 0.1329454 0.1132131 0.0651357 0.0892266 0.0522656 0.1118977 0.0917534 0.1215552 0.1167558 0.1443732 0.0839028 0.1415634 0.1390933 0.1502846 0.1666638 0.0816683 0.1405690 0.1844927 0.1011039 0.1023037 0.1537182 0.0657294 
S0196sl       0.3031750 0.6030048 0.4315938 0.0997805 0.0844956 0.1074476 0.1569334 0.1169110 0.0000000 0.1325328 0.0788892 0.0863604 0.1550245 0.0870621 0.0940374 0.0809330 0.1413375 0.1804024 0.1877257 0.1557083 0.1719383 0.1253621 0.1081535 0.0830792 0.1242325 0.0931007 0.0873803 0.1412847 0.1388668 0.1007997 0.0404882 0.1832368 0.1553407 0.1336923 0.0941005 0.2175837 0.1729215 0.0874427 0.1001085 0.0820868 0.0939567 0.1091878 0.1325533 0.1141020 0.0873553 0.0867036 0.1725431 0.1257158 0.1133317 0.1725431 0.1329960 0.0401942 0.0931184 0.0462294 0.0852936 0.0657174 0.1334457 0.1058841 0.1444481 0.1502417 0.0659494 0.1076905 0.1628445 0.0797929 0.1010676 0.0942312 0.1108359 0.0535166 0.1421745 0.1081438 0.1120126 0.1155669 0.0944011 0.0876587 0.1534607 0.0399932 0.1199888 0.0934890 0.0789891 0.1545567 0.1244308 0.0807605 0.1431731 0.0934425 0.1131478 0.1246501 0.1008971 0.1351351 0.1251768 0.1725290 0.1598562 0.1337364 0.1611908 0.1638159 0.1553407 0.1069221 0.1315237 0.1159759 0.1087511 0.0806830 0.0936852 0.1690057 0.1167897 0.1382316 0.1416396 0.1244897 0.1453828 0.1000164 0.0401942 0.1481383 0.0799092 0.1569529 0.0873025 0.0595866 8.8289126 2.8916805 0.1285167 2.8916805 0.0000010 
S0278         0.4841216 0.6006445 0.5168732 0.1459224 0.1033526 0.1474047 0.2205773 0.1721764 0.1325328 0.0000000 0.1539898 0.1225169 0.0779164 0.1320911 0.1312122 0.1458867 0.0420513 0.2024710 0.2180197 0.0852215 0.2133042 0.0595988 0.1389302 0.1037421 0.1279174 0.1262711 0.1232208 0.0535802 0.1972491 0.0333378 0.1296377 0.1666301 0.1946109 0.0811699 0.1711222 0.2389230 0.2100090 0.0670752 0.1628527 0.1175878 0.0188837 0.0605685 0.1051771 0.1622529 0.1212803 0.1766135 0.1994748 0.1858050 0.1710643 0.1931642 0.1400772 0.1377106 0.1180129 0.1425900 0.1637270 0.1659897 0.0786928 0.1582988 0.1912422 0.0761958 0.1389852 0.0313704 0.1937037 0.1676768 0.1802372 0.1717704 0.1532125 0.1706807 0.1811587 0.1599263 0.1590001 0.1594268 0.1673123 0.1610364 0.2068975 0.1372848 0.2012473 0.1655933 0.1298209 0.1900988 0.1533652 0.1240966 0.1951024 0.1263928 0.1799228 0.1585746 0.0302048 0.1018767 0.1056650 0.1944785 0.1165916 0.0424322 0.2101434 0.1994783 0.1902971 0.1421903 0.1763863 0.1316604 0.1448235 0.1139233 0.1236232 0.1950522 0.1573005 0.1660347 0.1670001 0.1406828 0.0748644 0.1621038 0.1467260 0.0496590 0.1503290 0.1089279 0.1107671 0.1541217 0.3719477 0.2028365 0.1539662 0.2354746 0.1949133 
S0281         0.4863272 0.5257954 0.5974900 0.1537603 0.1866992 0.1411051 0.2439188 0.1511049 0.0788892 0.1539898 0.0000000 0.1243312 0.2058479 0.1435601 0.1333645 0.1435575 0.1406148 0.1704918 0.2054236 0.1917041 0.1657972 0.1458310 0.1501661 0.1379428 0.1511010 0.1283150 0.1210533 0.1674856 0.1994636 0.1397404 0.0705422 0.1743343 0.1629892 0.1671219 0.1437416 0.2473024 0.1918935 0.1486521 0.1515398 0.1241244 0.1411435 0.1456768 0.1717712 0.1834662 0.1469576 0.0885048 0.1674942 0.1977081 0.1675930 0.1617599 0.1554111 0.0737186 0.1158266 0.0814586 0.1594774 0.0771234 0.1678563 0.1697735 0.2706458 0.1503634 0.1331361 0.1585516 0.1689910 0.1443405 0.1565603 0.1482493 0.1806678 0.0813804 0.2094278 0.1543536 0.1603934 0.1665268 0.1504788 0.1434033 0.2171656 0.0735095 0.2056092 0.1495617 0.1291961 0.1916906 0.1414462 0.1176241 0.2196138 0.1284421 0.1315805 0.1433919 0.1445853 0.1638915 0.1584145 0.1628496 0.1794837 0.1507012 0.1930528 0.1675291 0.1588967 0.1445423 0.1914744 0.1512370 0.1527597 0.1071432 0.1334815 0.1929320 0.1662853 0.1545497 0.1722947 0.1519802 0.1888879 0.1206292 0.0812602 0.1584786 0.0739566 0.1761207 0.1208448 0.0743834 0.2470148 0.1244184 0.1247907 0.1692071 0.0687225 
S0282         0.3899031 0.4832452 0.4869695 0.0841764 0.0678445 0.0266849 0.1822903 0.0852690 0.0863604 0.1225169 0.1243312 0.0000000 0.1431063 0.0671154 0.0146213 0.0602721 0.0893538 0.1338979 0.1653327 0.1385530 0.1501151 0.1098231 0.0846665 0.0523327 0.0558568 0.0115771 0.0087018 0.1182965 0.1144391 0.0982317 0.0916733 0.0737549 0.1354580 0.1266972 0.1037217 0.1502167 0.1579333 0.1185532 0.0431067 0.0062560 0.0938252 0.1075522 0.1248041 0.0930646 0.0133574 0.1292342 0.1396091 0.1514052 0.0917206 0.1344367 0.0331514 0.0991016 0.0145229 0.1037637 0.1236681 0.1281332 0.1316310 0.1015257 0.1997313 0.1181169 0.0595296 0.0910867 0.1358717 0.1004842 0.1114613 0.1040330 0.0851823 0.1201518 0.1565617 0.0996408 0.0859160 0.1068284 0.1148098 0.1083607 0.1628135 0.0988107 0.1529804 0.1070669 0.0769274 0.1286879 0.0495284 0.0669582 0.1604935 0.0115796 0.0813247 0.0891411 0.1018362 0.1175843 0.1215023 0.1353220 0.1391959 0.1052689 0.1401504 0.1396620 0.1316087 0.0297145 0.1165496 0.0923441 0.0744010 0.0058970 0.0146375 0.1098843 0.0930947 0.0528602 0.0897080 0.0819165 0.1317183 0.0496337 0.1072291 0.1097384 0.1132414 0.1287010 0.0057501 0.1125403 0.1248237 0.0265599 0.0453980 0.1691776 0.0676147 
S0289         0.4607682 0.5162411 0.4769024 0.1832292 0.1990034 0.1549978 0.2172898 0.1435042 0.1550245 0.0779164 0.2058479 0.1431063 0.0000000 0.1625652 0.1476215 0.1452167 0.0489221 0.2196861 0.2463764 0.0552609 0.2429625 0.0879550 0.1925774 0.1617785 0.1375677 0.1423934 0.1393338 0.0669274 0.1392354 0.0702789 0.1727654 0.1820130 0.2131173 0.1032329 0.1839345 0.2281860 0.2165337 0.0549562 0.1458951 0.1300513 0.0566300 0.1010515 0.1153742 0.1431371 0.1340766 0.2004533 0.2062187 0.2078756 0.1598819 0.2100914 0.1387744 0.1817107 0.1424239 0.1923800 0.1613610 0.2031052 0.1164786 0.1514495 0.1986498 0.0938565 0.1695035 0.0692377 0.2191273 0.1904215 0.1992748 0.1846361 0.1810460 0.2116571 0.2030446 0.1911859 0.1432237 0.1761678 0.1853046 0.1694916 0.2369822 0.1811107 0.2241192 0.1838892 0.1698317 0.1698822 0.1586296 0.1633303 0.2175556 0.1425449 0.1587832 0.1802306 0.0631118 0.1120748 0.1118668 0.2115242 0.1608350 0.0597842 0.2170582 0.2181958 0.2177591 0.1378249 0.1787806 0.1758132 0.1763257 0.1211181 0.1397859 0.1638588 0.1697586 0.1550630 0.1958052 0.1718597 0.0661972 0.1455070 0.1919143 0.0629436 0.1918173 0.1191674 0.1390893 0.1880059 0.3141964 0.2148993 0.1710670 0.2715450 0.1978593 
S0292         0.3690988 0.4602580 0.4701595 0.0586654 0.0592692 0.0849075 0.1818964 0.1049931 0.0870621 0.1320911 0.1435601 0.0671154 0.1625652 0.0000000 0.0707641 0.0780372 0.1113456 0.1383433 0.1394229 0.1448345 0.1437013 0.1237981 0.0588286 0.0338897 0.0815220 0.0668007 0.0637872 0.1371560 0.1094376 0.0994990 0.0806831 0.0813171 0.1488584 0.1372224 0.0630529 0.1777793 0.1634818 0.1211260 0.1054989 0.0619547 0.1070175 0.1163258 0.1197566 0.0767955 0.0570722 0.1117952 0.1441685 0.1517965 0.1035678 0.1389035 0.0894817 0.0879073 0.0596620 0.0959925 0.0773607 0.1072070 0.1411142 0.1275780 0.1932482 0.1322028 0.0393740 0.1092725 0.1486945 0.0670562 0.0699791 0.0668684 0.1046553 0.1289123 0.1432103 0.0772922 0.1151281 0.1283198 0.0844368 0.0706152 0.1491424 0.0876539 0.1485394 0.0697841 0.0519834 0.1454706 0.0814207 0.0394338 0.1518337 0.0629214 0.1131736 0.0595227 0.1111558 0.1126326 0.1164865 0.1398220 0.1544081 0.1196783 0.1410358 0.1532240 0.1448918 0.0732796 0.1470201 0.0524144 0.0115457 0.0543972 0.0636230 0.1261888 0.0527489 0.0845934 0.0329536 0.0175300 0.1557157 0.0971186 0.0957593 0.1279540 0.1297173 0.1235924 0.0636739 0.1211416 0.1907604 0.0899260 0.0874288 0.0883267 0.1082646 
S0293         0.3738520 0.5212390 0.5119959 0.0808492 0.0769004 0.0298298 0.1764125 0.0891404 0.0940374 0.1312122 0.1333645 0.0146213 0.1476215 0.0707641 0.0000000 0.0638517 0.0892898 0.1382745 0.1730012 0.1430022 0.1573713 0.1102232 0.0848232 0.0624941 0.0631831 0.0145572 0.0116721 0.1224988 0.1148386 0.1021749 0.0955742 0.0774637 0.1398888 0.1310053 0.1077900 0.1471521 0.1626769 0.1181324 0.0428849 0.0062642 0.1024365 0.1079474 0.1291507 0.0970358 0.0203644 0.1384556 0.1440953 0.1460485 0.0923147 0.1388341 0.0363880 0.1030860 0.0205994 0.1078299 0.1279795 0.1325061 0.1360202 0.1144296 0.2001201 0.1185659 0.0630608 0.0970988 0.1403224 0.1045349 0.1156209 0.1081153 0.0937513 0.1153606 0.1510965 0.1000032 0.1027471 0.1196370 0.1233478 0.1125086 0.1571902 0.1027809 0.1475487 0.1111572 0.0770690 0.1420754 0.0496958 0.0705995 0.1549759 0.0145606 0.0851328 0.0930545 0.1058121 0.1218722 0.1258326 0.1397517 0.1394628 0.1095388 0.1446651 0.1441460 0.1360008 0.0328843 0.1294867 0.0925156 0.0743488 0.0088994 0.0176708 0.1058338 0.0970638 0.0563233 0.0936494 0.0857519 0.1361208 0.0530675 0.1113237 0.1138171 0.1174747 0.1330877 0.0116518 0.1167417 0.1240371 0.0463930 0.0487224 0.1540933 0.0665275 
S0294         0.3627546 0.4843470 0.4695418 0.0955581 0.0945835 0.0705997 0.1822223 0.0933110 0.0809330 0.1458867 0.1435575 0.0602721 0.1452167 0.0780372 0.0638517 0.0000000 0.1069598 0.1427358 0.1599457 0.1399228 0.1592692 0.1281431 0.1071889 0.0435800 0.0736531 0.0599907 0.0568213 0.1364941 0.0921740 0.1275999 0.0959169 0.0848118 0.1444075 0.1332248 0.1007610 0.1325509 0.1720945 0.1348896 0.0896101 0.0472131 0.1207005 0.1253371 0.1379959 0.0845802 0.0618921 0.1083724 0.1486761 0.1308824 0.0802169 0.1433175 0.0857745 0.0999175 0.0670868 0.1083964 0.1250282 0.1031989 0.1513575 0.1180683 0.2171568 0.1237764 0.0700873 0.1099745 0.1402853 0.0975075 0.1085022 0.1010644 0.0534524 0.1274207 0.1317232 0.1035232 0.1111632 0.1143465 0.1291244 0.1103846 0.1368294 0.0996200 0.1276324 0.1082134 0.0810303 0.1290258 0.0736021 0.0746070 0.1443064 0.0530857 0.0925641 0.0813541 0.1199373 0.1301794 0.1346393 0.1442694 0.1487875 0.1147421 0.1443060 0.1487242 0.1404755 0.0664240 0.1381000 0.0922403 0.0855895 0.0474968 0.0565797 0.1109923 0.0968176 0.0812092 0.0975630 0.0933838 0.1503783 0.0814321 0.1081314 0.1234763 0.1133708 0.1376846 0.0568786 0.1038879 0.2002360 0.1227669 0.0766381 0.2101486 0.1394191 
S0299         0.4054007 0.3946939 0.4398664 0.1262622 0.1116739 0.1052121 0.1860463 0.1315292 0.1413375 0.0420513 0.1406148 0.0893538 0.0489221 0.1113456 0.0892898 0.1069598 0.0000000 0.1715561 0.1933203 0.0523947 0.1894199 0.0285479 0.1267323 0.1124872 0.1050573 0.0889082 0.0854380 0.0352606 0.1478762 0.0351412 0.1260778 0.1351492 0.1636761 0.0560147 0.1449712 0.1961739 0.1948855 0.0358391 0.1145700 0.0849198 0.0335473 0.0532334 0.0793237 0.1329232 0.0822010 0.1653694 0.1678629 0.1535281 0.1452874 0.1666765 0.0976878 0.1345723 0.0929808 0.1444250 0.1326986 0.1540494 0.0714426 0.1362185 0.1530322 0.0537981 0.1141317 0.0326020 0.1719442 0.1414243 0.1540057 0.1455398 0.1332568 0.1677391 0.1532469 0.1264200 0.1165047 0.1272391 0.1492946 0.1336077 0.1736588 0.1341333 0.1636405 0.1257471 0.1138537 0.1509239 0.1143342 0.1032534 0.1626594 0.0889751 0.1127994 0.1325100 0.0350061 0.0718222 0.0796994 0.1678550 0.1177947 0.0370695 0.1937924 0.1684474 0.1636761 0.1042660 0.1511008 0.1143746 0.1195955 0.0832333 0.0860342 0.1484721 0.1282366 0.1222463 0.1422946 0.1195217 0.0564380 0.1180959 0.1440566 0.0284228 0.1419501 0.0753214 0.0855758 0.1503891 0.2214001 0.1304940 0.1157551 0.1919540 0.1214968 
S0303         0.4359431 0.5571891 0.6082647 0.1703043 0.2190175 0.1463472 0.2448214 0.1453159 0.1804024 0.2024710 0.1704918 0.1338979 0.2196861 0.1383433 0.1382745 0.1427358 0.1715561 0.0000000 0.1016748 0.1941161 0.0126150 0.2064336 0.1639170 0.2131093 0.1366877 0.1332400 0.1258627 0.1972534 0.1717803 0.1769518 0.1293567 0.1546237 0.0204615 0.1917944 0.1602653 0.2049072 0.0877259 0.1813008 0.1592579 0.1211071 0.1677302 0.1791694 0.1829336 0.1591712 0.1427525 0.1395386 0.0114915 0.2106551 0.1578323 0.0056842 0.1565433 0.1384438 0.1247053 0.1438452 0.1700203 0.1261660 0.2077131 0.1175486 0.2708630 0.1695258 0.1371952 0.1958555 0.0423110 0.1661956 0.1690800 0.1477815 0.1788607 0.1608443 0.2127767 0.1811840 0.1128562 0.1215476 0.1584850 0.1610094 0.2297443 0.1380127 0.2181204 0.1643973 0.1534285 0.1374744 0.1319103 0.1370650 0.2210672 0.1249550 0.1376742 0.1601124 0.1810861 0.1798772 0.1789812 0.0144340 0.2102059 0.1810324 0.1032655 0.0174446 0.0174934 0.1403625 0.1393010 0.1725861 0.1424776 0.1204780 0.1259917 0.2153111 0.1555482 0.1367657 0.1653145 0.1514321 0.1974537 0.1250667 0.1475334 0.1908573 0.1647602 0.1881920 0.1299761 0.1434745 0.2231321 0.1203166 0.1366465 0.2189237 0.0000010 
S0308         0.4402753 0.3254538 0.5678353 0.1616735 0.1753803 0.1792283 0.2079517 0.1710188 0.1877257 0.2180197 0.2054236 0.1653327 0.2463764 0.1394229 0.1730012 0.1599457 0.1933203 0.1016748 0.0000000 0.2282408 0.0961940 0.2041813 0.1644360 0.2011073 0.1725527 0.1787834 0.1591132 0.2185788 0.2125741 0.1868356 0.1379427 0.1930251 0.0854729 0.1932208 0.1785649 0.2339644 0.1289935 0.2205723 0.1925909 0.1571682 0.1727339 0.1606447 0.1659004 0.1905231 0.1822732 0.1941710 0.1020791 0.2151569 0.1904490 0.0964523 0.2181589 0.1458038 0.1716932 0.1591909 0.1901812 0.1718852 0.2187794 0.1213008 0.1558993 0.1682538 0.1377740 0.1770846 0.0844173 0.1653763 0.1851066 0.1787558 0.1864138 0.1869533 0.2156043 0.1761735 0.1122789 0.1182357 0.1903170 0.1946143 0.2269035 0.1451259 0.2108155 0.1993373 0.1544398 0.1445676 0.1644068 0.1394903 0.2163966 0.1583665 0.1792379 0.2018606 0.1944491 0.1616888 0.1605104 0.0964430 0.2009242 0.2165994 0.1276465 0.0909174 0.0854729 0.1906487 0.1450174 0.1714940 0.1456223 0.1509392 0.1656158 0.2427125 0.1785183 0.1556920 0.1800970 0.1590665 0.2157053 0.1505347 0.1596276 0.2165425 0.1959061 0.1737316 0.1669258 0.1865885 9.0000000 2.8916805 0.1646332 2.8916805 0.0000010 
S0320         0.4513230 0.5695581 0.4833361 0.1870999 0.2115969 0.1595991 0.2282701 0.1216917 0.1557083 0.0852215 0.1917041 0.1385530 0.0552609 0.1448345 0.1430022 0.1399228 0.0523947 0.1941161 0.2282408 0.0000000 0.2251898 0.0845793 0.1834133 0.1752035 0.1297050 0.1378671 0.1348169 0.0630281 0.1483459 0.0705034 0.1733855 0.1595341 0.2065990 0.1070918 0.1558719 0.2235442 0.2010657 0.0549552 0.1384378 0.1298529 0.0529331 0.0927738 0.1195551 0.1509149 0.1296099 0.1944445 0.1911563 0.2204954 0.1648479 0.1949376 0.1342780 0.1823729 0.1295385 0.1930976 0.1486770 0.1936330 0.1163627 0.1546556 0.1940531 0.0857274 0.1563820 0.0639096 0.2037009 0.1617149 0.1700642 0.1564518 0.1756493 0.2115515 0.2155019 0.1724689 0.1550720 0.1523130 0.1562656 0.1464263 0.2326239 0.1817683 0.2260578 0.1653393 0.1693840 0.1772030 0.1510712 0.1363927 0.2305104 0.1380096 0.1547299 0.1569305 0.0700729 0.1162369 0.1076728 0.1962542 0.1464407 0.0635410 0.1815512 0.2115756 0.2022166 0.1411209 0.1822621 0.1668971 0.1490845 0.1167646 0.1352541 0.1365051 0.1475456 0.1596814 0.1715244 0.1402522 0.0659519 0.1457611 0.1926286 0.0525887 0.1960635 0.1233879 0.1345808 0.1834978 0.2665235 0.1589852 0.1662002 0.2375355 0.1465764 
S0322         0.4410840 0.3254538 0.5859777 0.1602547 0.2205904 0.1633414 0.2036286 0.1557328 0.1719383 0.2133042 0.1657972 0.1501151 0.2429625 0.1437013 0.1573713 0.1592692 0.1894199 0.0126150 0.0961940 0.2251898 0.0000000 0.1998016 0.1627452 0.2149015 0.1429557 0.1629483 0.1448202 0.2070724 0.1989540 0.1829294 0.1377031 0.1973975 0.0170204 0.1891717 0.1783094 0.1929885 0.0808943 0.1699476 0.1833337 0.1419444 0.1634829 0.1714110 0.1644905 0.1745829 0.1726024 0.1637162 0.0126548 0.1850751 0.1816901 0.0083802 0.2002227 0.1455499 0.1431062 0.1589152 0.1825436 0.1436786 0.2207943 0.1393626 0.1680241 0.1803383 0.1375340 0.1890967 0.0397188 0.1792173 0.1848331 0.1654078 0.1847078 0.1727007 0.1997426 0.1833769 0.1104308 0.0999457 0.1683240 0.1781521 0.2104019 0.1448735 0.1807168 0.1838193 0.1294064 0.1228735 0.1555638 0.1311363 0.2004610 0.1434934 0.1575826 0.1788025 0.1903506 0.1670422 0.1658294 0.0169899 0.2111228 0.2056785 0.1210976 0.0126784 0.0170204 0.1743808 0.1369889 0.1822899 0.1498917 0.1437912 0.1503566 0.2427476 0.1559724 0.1602726 0.1778480 0.1633287 0.2150401 0.1437832 0.1593507 0.2118813 0.1919007 0.1790991 0.1515145 0.1723583 9.0000000 2.8916805 0.1555620 2.8916805 0.0000010 
S0327         0.3915448 0.4510633 0.4436616 0.1381383 0.1129260 0.1211924 0.1943564 0.1665109 0.1253621 0.0595988 0.1458310 0.1098231 0.0879550 0.1237981 0.1102232 0.1281431 0.0285479 0.2064336 0.2041813 0.0845793 0.1998016 0.0000000 0.1425005 0.1046224 0.1184974 0.1092957 0.1062819 0.0565718 0.1827729 0.0490709 0.1293277 0.1516610 0.1985410 0.0524824 0.1620009 0.2337157 0.2140577 0.0603965 0.1483386 0.1077723 0.0457260 0.0569246 0.1014517 0.1613804 0.1022932 0.1719895 0.2034420 0.1808751 0.1675684 0.1970712 0.1182849 0.1334957 0.1173654 0.1427462 0.1546981 0.1570179 0.0893011 0.1516503 0.1704111 0.0612880 0.1263956 0.0456289 0.2020687 0.1585837 0.1709207 0.1626101 0.1496528 0.1739758 0.1762760 0.1269406 0.1441326 0.1358455 0.1673867 0.1508369 0.1914271 0.1330858 0.1808196 0.1566282 0.1298705 0.1793419 0.1271201 0.1159507 0.1900761 0.1055681 0.1611729 0.1537881 0.0492215 0.0901327 0.0938180 0.1984104 0.0877859 0.0420082 0.2091999 0.2034409 0.1942077 0.1244878 0.1696132 0.1192464 0.1322933 0.1010785 0.1066288 0.1888705 0.1484960 0.1469366 0.1585081 0.1322072 0.0890782 0.1385998 0.1424021 0.0526157 0.1535918 0.1051810 0.1060963 0.1573842 0.2952479 0.1986614 0.1357779 0.2498266 0.2379212 
S0335         0.4205427 0.5332828 0.5279102 0.0615430 0.0359333 0.1031972 0.2048186 0.1405315 0.1081535 0.1389302 0.1501661 0.0846665 0.1925774 0.0588286 0.0848232 0.1071889 0.1267323 0.1639170 0.1644360 0.1834133 0.1627452 0.1425005 0.0000000 0.0615070 0.1029315 0.0842648 0.0774842 0.1564366 0.1423534 0.1173001 0.0978464 0.1105125 0.1565644 0.1610400 0.0943530 0.2005951 0.1661742 0.1600122 0.1120713 0.0691487 0.1231900 0.1313579 0.1352353 0.1217495 0.0810031 0.1342032 0.1609512 0.1817085 0.1261332 0.1553925 0.1033346 0.1052980 0.0841608 0.1100183 0.1143776 0.1209661 0.1390409 0.1493581 0.2115254 0.1482483 0.0687891 0.1197057 0.1563987 0.0911925 0.1017977 0.0986062 0.1401552 0.1315155 0.1814924 0.0985157 0.1269071 0.1394917 0.1182992 0.1035113 0.1889126 0.1049888 0.1784608 0.1095220 0.0482744 0.1534036 0.1074052 0.0690800 0.1864572 0.0801304 0.1496321 0.0907656 0.1293433 0.1279882 0.1319458 0.1564260 0.1657978 0.1408440 0.1563961 0.1609909 0.1525595 0.0839027 0.1547980 0.0553098 0.0657955 0.0680391 0.0845192 0.1593189 0.0796432 0.1142049 0.0842526 0.0729777 0.1581957 0.1157510 0.1134773 0.1468166 0.1323333 0.1313659 0.0810997 0.1237789 0.2209481 0.1136121 0.1053029 0.0651653 0.1082646 
S0345         0.2741955 0.0000010 0.4371411 0.0425033 0.0332595 0.0712253 0.1283737 0.1394929 0.0830792 0.1037421 0.1379428 0.0523327 0.1617785 0.0338897 0.0624941 0.0435800 0.1124872 0.2131093 0.2011073 0.1752035 0.2149015 0.1046224 0.0615070 0.0000000 0.0527603 0.0615980 0.0528022 0.1395421 0.1492886 0.0823696 0.1045658 0.1391039 0.1738571 0.1424540 0.1157520 0.2003059 0.1610289 0.1092197 0.0932608 0.0532792 0.0921136 0.0941465 0.1272150 0.1139346 0.0523327 0.1611400 0.2008145 0.1276133 0.1031186 0.2008145 0.0941526 0.1147848 0.0717484 0.1266617 0.1493062 0.1259686 0.1293197 0.1440006 0.1464751 0.1272961 0.0431000 0.1034816 0.1615706 0.1035327 0.1149744 0.1159915 0.0734222 0.1170705 0.1523197 0.0821994 0.1198022 0.1100283 0.1513534 0.1275336 0.1532798 0.1147848 0.1290243 0.1030419 0.0604360 0.1767048 0.0830063 0.0342508 0.1405965 0.0619020 0.1151453 0.0824316 0.0825030 0.1297654 0.1411806 0.2007956 0.1631887 0.1129899 0.1742340 0.1870439 0.1738571 0.0522357 0.1526875 0.0429020 0.0524104 0.0523327 0.0615980 0.1683589 0.0818764 0.1133674 0.0631160 0.0618063 0.1594058 0.0931393 0.1147848 0.1371074 0.1418592 0.1509471 0.0527257 0.1274752 0.0000010 0.0000010 0.0611684 0.0000010 0.0000010 
S0376         0.4041375 0.5547511 0.5075300 0.1107529 0.0766153 0.0734236 0.1946755 0.0993030 0.1242325 0.1279174 0.1511010 0.0558568 0.1375677 0.0815220 0.0631831 0.0736531 0.1050573 0.1366877 0.1725527 0.1297050 0.1429557 0.1184974 0.1029315 0.0527603 0.0000000 0.0593673 0.0529135 0.1271039 0.1172816 0.1064330 0.1186639 0.0491825 0.1470515 0.1428104 0.1107302 0.1440322 0.1558853 0.1392231 0.0812608 0.0465120 0.1150176 0.1202724 0.1295964 0.1115727 0.0654864 0.1455519 0.1424239 0.1710963 0.0878483 0.1372356 0.0772745 0.1275485 0.0559909 0.1327903 0.1348490 0.1447131 0.1493671 0.1382930 0.2008799 0.1226253 0.0843391 0.1081782 0.1475146 0.1156472 0.1185655 0.1110637 0.1151770 0.1495258 0.1713738 0.1198386 0.1263808 0.1306589 0.1274227 0.1205346 0.1781305 0.1271543 0.1677990 0.1178375 0.1066403 0.1477109 0.0663917 0.0847347 0.1763037 0.0525368 0.1039063 0.1000710 0.1101174 0.1222809 0.1262623 0.1381345 0.1508524 0.1178764 0.1299781 0.1513600 0.1431326 0.0690875 0.1438900 0.1159533 0.0891400 0.0474084 0.0599232 0.1248243 0.0960860 0.0768083 0.1014571 0.0933263 0.1349089 0.0729895 0.1364495 0.1182590 0.1504976 0.1335548 0.0495496 0.1363988 0.1495236 0.0768763 0.0690438 0.1972589 0.1016178 
S0400         0.3714119 0.4870431 0.4978074 0.0837791 0.0753022 0.0233928 0.1813377 0.0848607 0.0931007 0.1262711 0.1283150 0.0115771 0.1423934 0.0668007 0.0145572 0.0599907 0.0889082 0.1332400 0.1787834 0.1378671 0.1629483 0.1092957 0.0842648 0.0615980 0.0593673 0.0000000 0.0086637 0.1177224 0.1185396 0.0977653 0.0912366 0.0734084 0.1347862 0.1260759 0.1032191 0.1549946 0.1571289 0.1051807 0.0429099 0.0062265 0.0977137 0.1070308 0.1241845 0.0926149 0.0133232 0.1332856 0.1389135 0.1506324 0.0956901 0.1337737 0.0330026 0.0986277 0.0174743 0.1032611 0.1230576 0.1274973 0.1309796 0.1095132 0.1940041 0.1175278 0.0592550 0.1021298 0.1351951 0.0999964 0.1109175 0.1035276 0.0851527 0.1195594 0.1557561 0.0991612 0.0980072 0.1147381 0.1185225 0.1041174 0.1619636 0.0983389 0.1521912 0.1065489 0.0765666 0.1368685 0.0493017 0.0666447 0.1543118 0.0115292 0.0809386 0.0887131 0.1013521 0.1170002 0.1208975 0.1346509 0.1517896 0.1047356 0.1394484 0.1389666 0.1309569 0.0295829 0.1245015 0.0919016 0.0740489 0.0029178 0.0145730 0.1093389 0.0926452 0.0526175 0.0892748 0.0815252 0.1310646 0.0494062 0.1067097 0.1092117 0.1126814 0.1242223 0.0086487 0.1119871 0.1010500 0.0268183 0.0451945 0.1392556 0.0309251 
S0405         0.3844812 0.5143711 0.4933665 0.0807731 0.0683664 0.0206571 0.1782185 0.0780182 0.0873803 0.1232208 0.1210533 0.0087018 0.1393338 0.0637872 0.0116721 0.0568213 0.0854380 0.1258627 0.1591132 0.1348169 0.1448202 0.1062819 0.0774842 0.0528022 0.0529135 0.0086637 0.0000000 0.1146865 0.1108684 0.0947649 0.0882181 0.0667622 0.1273292 0.1230308 0.0961771 0.1431298 0.1500040 0.1127859 0.0366382 0.0031200 0.0945013 0.1039838 0.1210973 0.0895526 0.0134505 0.1301674 0.1313964 0.1434144 0.0887252 0.1263657 0.0300733 0.0956030 0.0145939 0.1002118 0.1199873 0.1244183 0.1279163 0.1063034 0.1954392 0.1103248 0.0562788 0.0919218 0.1277094 0.0929595 0.1037796 0.0964638 0.0898934 0.1164842 0.1484640 0.0923037 0.0944513 0.1108598 0.1154663 0.1047564 0.1545479 0.0953225 0.1448962 0.1035077 0.0735709 0.1337655 0.0463349 0.0636366 0.1523592 0.0086654 0.0779098 0.0856637 0.0983548 0.1138976 0.1177958 0.1271953 0.1405650 0.1015468 0.1319364 0.1314531 0.1235358 0.0266867 0.1214060 0.0888633 0.0710194 0.0029345 0.0116857 0.1020853 0.0895845 0.0462730 0.0824445 0.0784788 0.1279925 0.0430662 0.1036667 0.1061997 0.1095839 0.1249762 0.0057790 0.1089073 0.1124195 0.0364534 0.0390229 0.1534476 0.0309251 
S0407sl       0.4507004 0.4939383 0.4675335 0.1600010 0.1551321 0.1383264 0.1953276 0.1436054 0.1412847 0.0535802 0.1674856 0.1182965 0.0669274 0.1371560 0.1224988 0.1364941 0.0352606 0.1972534 0.2185788 0.0630281 0.2070724 0.0565718 0.1564366 0.1395421 0.1271039 0.1177224 0.1146865 0.0000000 0.1867758 0.0399189 0.1477268 0.1436981 0.1894605 0.0635441 0.1769016 0.2358286 0.2046396 0.0240338 0.1491852 0.1085253 0.0355160 0.0572318 0.0899893 0.1617932 0.1118266 0.2027502 0.1942594 0.1761078 0.1718194 0.1880510 0.1272297 0.1562180 0.1179059 0.1661935 0.1694095 0.1863169 0.0746623 0.1483596 0.1723027 0.0615971 0.1401078 0.0402614 0.1929605 0.1734202 0.1809734 0.1767974 0.1672431 0.1839884 0.1715533 0.1528419 0.1397301 0.1448667 0.1674664 0.1616835 0.2021104 0.1557181 0.1911702 0.1662501 0.1472882 0.1699356 0.1400646 0.1280686 0.1852180 0.1178292 0.1606267 0.1675871 0.0398590 0.0867298 0.0904006 0.1893264 0.1042306 0.0390563 0.1993007 0.1942687 0.1851877 0.1250621 0.1664311 0.1446837 0.1501266 0.1053727 0.1150616 0.1642576 0.1537899 0.1523509 0.1727314 0.1459101 0.0670655 0.1471942 0.1657894 0.0236812 0.1780600 0.0936307 0.1144861 0.1712490 0.2816114 0.1862847 0.1448311 0.2538071 0.1988764 
S0412sl       0.4228333 0.5627841 0.5339624 0.1255632 0.2536831 0.1315747 0.2519633 0.1002864 0.1388668 0.1972491 0.1994636 0.1144391 0.1392354 0.1094376 0.1148386 0.0921740 0.1478762 0.1717803 0.2125741 0.1483459 0.1989540 0.1827729 0.1423534 0.1492886 0.1172816 0.1185396 0.1108684 0.1867758 0.0000000 0.1624478 0.1389423 0.1299510 0.1840415 0.1800492 0.1249523 0.1314989 0.1902076 0.1447159 0.1084524 0.0948197 0.1454524 0.1730389 0.1558595 0.0874330 0.1133474 0.1476352 0.1725293 0.2061411 0.0505213 0.1725293 0.1312987 0.1478571 0.1055880 0.1581615 0.1330969 0.1510365 0.1973527 0.1464151 0.2311087 0.1674207 0.1088418 0.1648580 0.1823511 0.1304112 0.1341907 0.1293973 0.1348393 0.1803349 0.2125698 0.1296331 0.1499060 0.1757114 0.1510504 0.1445229 0.2195391 0.1473631 0.1972570 0.1294680 0.1170679 0.1644293 0.1211966 0.1182157 0.2225699 0.1057949 0.1123641 0.1212533 0.1749210 0.1480081 0.1476911 0.1737406 0.2258842 0.1725303 0.1505551 0.1890083 0.1796178 0.1176830 0.1666794 0.1344505 0.1180857 0.0755566 0.1189359 0.1318799 0.1212819 0.0999671 0.1221163 0.1270254 0.1793076 0.1125907 0.1519407 0.1803168 0.1815239 0.1601641 0.1108167 0.1660181 0.2374032 0.1012557 0.1336425 0.1314147 0.0000010 
S0417         0.4402106 0.5687017 0.4982374 0.1206583 0.0944986 0.1171822 0.1937443 0.1404324 0.1007997 0.0333378 0.1397404 0.0982317 0.0702789 0.0994990 0.1021749 0.1275999 0.0351412 0.1769518 0.1868356 0.0705034 0.1829294 0.0490709 0.1173001 0.0823696 0.1064330 0.0977653 0.0947649 0.0399189 0.1624478 0.0000000 0.1053546 0.1342275 0.1694599 0.0663851 0.1391056 0.2097111 0.1746371 0.0546633 0.1354248 0.0874222 0.0124336 0.0463540 0.0854470 0.1232897 0.0933494 0.1532444 0.1739868 0.1561424 0.1525578 0.1681994 0.1065457 0.1129417 0.0976516 0.1215970 0.1320702 0.1390932 0.0743117 0.1341667 0.1658249 0.0543222 0.0983810 0.0266327 0.1686715 0.1357787 0.1428558 0.1396171 0.1488334 0.1470514 0.1518098 0.1340039 0.1303241 0.1270897 0.1394673 0.1248588 0.1805912 0.1126065 0.1703220 0.1296948 0.1050246 0.1607964 0.1186304 0.0954061 0.1648021 0.0978412 0.1392590 0.1313811 0.0176170 0.0822286 0.0858324 0.1693225 0.0815912 0.0423281 0.1696541 0.1740159 0.1653661 0.1047846 0.1435475 0.1069431 0.1111587 0.0856221 0.0950754 0.1602401 0.1226540 0.1302822 0.1318633 0.1073531 0.0672542 0.1222720 0.1213050 0.0396032 0.1354586 0.0890238 0.0945994 0.1391348 0.2878213 0.1735164 0.1156168 0.2057341 0.1057777 
S0419         0.3945802 0.5271148 0.5142338 0.0975355 0.1213676 0.1063122 0.1815196 0.1243107 0.0404882 0.1296377 0.0705422 0.0916733 0.1727654 0.0806831 0.0955742 0.0959169 0.1260778 0.1293567 0.1379427 0.1733855 0.1377031 0.1293277 0.0978464 0.1045658 0.1186639 0.0912366 0.0882181 0.1477268 0.1389423 0.1053546 0.0000000 0.1183765 0.1224265 0.1294568 0.0947840 0.2145596 0.1508365 0.1249150 0.1192055 0.0804198 0.1092395 0.1262469 0.1278054 0.1228057 0.0990982 0.0595825 0.1264189 0.1473158 0.1215831 0.1215046 0.1193245 0.0057293 0.0911280 0.0116364 0.1015149 0.0490955 0.1473011 0.0922513 0.2179598 0.1351172 0.0729973 0.1142788 0.1222769 0.0916097 0.1022663 0.0950622 0.1240355 0.0458665 0.1435014 0.1143184 0.0966587 0.1178326 0.1024013 0.0920394 0.1538905 0.0057159 0.1532653 0.1027049 0.0831746 0.1306030 0.1110332 0.0768504 0.1518091 0.0796116 0.1114890 0.1106558 0.1170145 0.1206006 0.1159551 0.1222959 0.1383888 0.1302789 0.1508247 0.1264762 0.1186906 0.1021124 0.1182673 0.0948772 0.0882086 0.0790185 0.0956650 0.1607310 0.1151665 0.1225193 0.1157596 0.0881706 0.1570420 0.0877319 0.0116087 0.1379660 0.0555841 0.1317002 0.0880628 0.0458458 0.2266263 0.1231290 0.1022164 0.1224519 0.0652517 
S0427         0.4684256 0.5348112 0.5562287 0.1222828 0.1531993 0.0880864 0.2193601 0.1113977 0.1832368 0.1666301 0.1743343 0.0737549 0.1820130 0.0813171 0.0774637 0.0848118 0.1351492 0.1546237 0.1930251 0.1595341 0.1973975 0.1516610 0.1105125 0.1391039 0.0491825 0.0734084 0.0667622 0.1436981 0.1299510 0.1342275 0.1183765 0.0000000 0.1704097 0.1648253 0.1104605 0.1625660 0.1644900 0.1314738 0.0963531 0.0690784 0.1458855 0.1402775 0.1502008 0.1193779 0.0863165 0.1640789 0.1608201 0.1941031 0.1026952 0.1552586 0.0879417 0.1272402 0.0700045 0.1324686 0.1394879 0.1585085 0.1763206 0.1472856 0.2314750 0.1578638 0.0882763 0.1647569 0.1660797 0.1153646 0.1150284 0.1107927 0.1280058 0.1581014 0.1796207 0.1201093 0.1393522 0.1489733 0.1443518 0.1330965 0.1916137 0.1268479 0.1908055 0.1227711 0.1142842 0.1610024 0.0767390 0.0920172 0.1896146 0.0662791 0.1247915 0.1160044 0.1424421 0.1426784 0.1468230 0.1608724 0.2002355 0.1494411 0.1386868 0.1702524 0.1662818 0.0837722 0.1570756 0.1238608 0.0889168 0.0613643 0.0741045 0.1115400 0.0962635 0.0730158 0.0968172 0.0967609 0.1852112 0.0917351 0.1361208 0.1387152 0.1591458 0.1543120 0.0667241 0.1457964 0.0910994 0.0363984 0.0759421 0.1254672 0.0309251 
S0430         0.4052756 0.4924615 0.5581687 0.1629599 0.1850123 0.1480552 0.2147269 0.1560268 0.1553407 0.1946109 0.1629892 0.1354580 0.2131173 0.1488584 0.1398888 0.1444075 0.1636761 0.0204615 0.0854729 0.2065990 0.0170204 0.1985410 0.1565644 0.1738571 0.1470515 0.1347862 0.1273292 0.1894605 0.1840415 0.1694599 0.1224265 0.1704097 0.0000000 0.1878632 0.1716187 0.2232494 0.0807059 0.1912445 0.1611219 0.1180499 0.1598640 0.1715932 0.1753355 0.1704419 0.1446602 0.1411831 0.0145088 0.1862735 0.1690008 0.0145088 0.1583891 0.1313788 0.1346481 0.1366740 0.1817735 0.1192312 0.1997815 0.1053639 0.2675658 0.1608175 0.1387886 0.1757271 0.0297156 0.1681659 0.1807592 0.1587082 0.1809714 0.1534877 0.1881172 0.1833063 0.0893030 0.1055783 0.1696755 0.1724321 0.2040005 0.1309722 0.1931120 0.1758855 0.1462620 0.1220810 0.1334298 0.1386560 0.1960998 0.1264022 0.1428050 0.1714458 0.1735668 0.1722634 0.1714071 0.0115516 0.1894387 0.1780273 0.1038492 0.0086650 0.0028377 0.1419830 0.1229438 0.1651372 0.1531367 0.1219094 0.1274607 0.2289530 0.1751381 0.1506961 0.1817454 0.1624349 0.1896422 0.1299675 0.1403409 0.1831963 0.1573688 0.1805100 0.1314923 0.1363182 0.2767161 0.1630174 0.1425676 0.2405331 0.0000010 
