99
CRNC          0.0000000 0.2275663 0.2617751 0.7547525 0.6551266 0.4975078 0.6349592 0.7441206 0.6788406 0.6445453 0.6484351 0.6854629 0.5825427 0.6094377 0.4830706 0.4950768 0.5113448 0.5805084 0.2133783 0.5827183 0.5837429 0.6020957 0.6186704 0.5555038 0.6292858 0.5831975 0.5507502 0.6042209 0.5471786 0.5968119 0.5767848 0.5903064 0.6016517 0.6794636 0.5592603 0.5856574 0.5003843 0.6406033 0.6072561 0.5240578 0.4336745 0.5636710 0.5426423 0.5662909 0.5803850 0.6172403 0.5430267 0.6292858 0.5720953 0.5709154 0.4700233 0.5927408 1.0502230 0.4945969 0.6207251 0.5054557 0.3954448 0.5656546 0.6183893 0.6748897 0.5258392 0.6887805 0.4888733 0.6288032 0.5723233 0.4066749 0.4501815 0.5773038 0.7565615 0.4888733 0.5415004 0.5820006 0.4419325 0.6008247 0.6922511 0.6523073 0.5057664 0.5357360 0.5914590 0.5649486 0.5225181 0.5342549 0.5839380 0.4109422 0.7337135 0.5167188 0.6183648 0.5815224 0.6560436 0.6978018 0.5415004 0.4399179 0.7490038 0.6516017 0.6415018 0.5122437 0.5318803 0.7391803 0.6960740 
HYZL          0.2275663 0.0000000 0.2236583 0.6985550 0.5402253 0.3819734 0.5416952 0.6897117 0.6128598 0.6045835 0.6702994 0.5721102 0.5540918 0.5625290 0.5056936 0.5074169 0.4533922 0.5418347 0.2133783 0.5482078 0.5393470 0.5973908 0.5215734 0.6002554 0.5881281 0.5300956 0.4901454 0.5739495 0.5121551 0.5634091 0.5045344 0.6781692 0.5297139 0.5638619 0.6038014 0.6460264 0.4668421 0.5982690 0.5893380 0.4660306 0.3775837 0.5079091 0.4817474 0.5206627 0.5332167 0.5771469 0.5461580 0.5881281 0.5233695 0.5249277 0.4910222 0.6143850 1.1637824 0.4696631 0.5896957 0.5573807 0.3774318 0.5373539 0.6398718 0.7277220 0.4614863 0.6364666 0.5011326 0.5590056 0.5272618 0.3838148 0.4762012 0.5288652 0.6013066 0.5011326 0.5618166 0.5342719 0.3986424 0.5649862 0.5471549 0.5572739 0.5624325 0.6109407 0.5455649 0.5037901 0.4920653 0.4747253 0.5043314 0.4699456 0.5761497 0.4283466 0.5772555 0.5138059 0.5605550 0.5837461 0.5618166 0.3715135 0.6012192 0.5360255 0.6916235 0.5670069 0.4999625 0.6234320 0.6115772 
MYZV          0.2617751 0.2236583 0.0000000 0.5915140 0.5588750 0.4594179 0.5515960 0.6971184 0.5191011 0.6280526 0.5778089 0.5730913 0.6269703 0.4613607 0.4626090 0.4736697 0.4892061 0.4906889 0.1171532 0.5582497 0.5493318 0.5140308 0.5520795 0.4960156 0.5602857 0.5049550 0.5074884 0.5383097 0.5696074 0.6181248 0.5603852 0.5625965 0.5604938 0.6139475 0.4999620 0.5996215 0.4924325 0.6506768 0.5186999 0.4979546 0.3703996 0.5185379 0.4993718 0.5113770 0.5165190 0.5501370 0.5206613 0.5602857 0.4759559 0.4602718 0.4482897 0.5495794 1.0616217 0.4733337 0.5532057 0.4827087 0.2719457 0.5040446 0.5278988 0.5745447 0.4476195 0.6108898 0.4362902 0.6097111 0.4794956 0.3763500 0.4646282 0.4809530 0.5678525 0.4362902 0.5554484 0.5059459 0.3907651 0.5750524 0.5570465 0.5467647 0.5018988 0.5307270 0.5283119 0.4873480 0.4650734 0.4921290 0.5146057 0.4811957 0.5165697 0.4642128 0.5873537 0.5239662 0.5703356 0.5479951 0.5554484 0.3022596 0.6017781 0.5460729 0.5466805 0.5287202 0.5103033 0.5562152 0.6213503 
SRR6441723    0.7547525 0.6985550 0.5915140 0.0000000 0.1565363 0.2985625 0.1094007 0.1498967 0.1533502 0.1570950 0.2074216 0.1405122 0.1363426 0.1445970 0.2151918 0.2073802 0.1779640 0.0906239 0.0000010 0.1429213 0.1629310 0.1740321 0.1359322 0.1777367 0.1179074 0.1070743 0.1885753 0.1291043 0.1803345 0.2145108 0.2280587 0.1928582 0.1578084 0.1973736 0.1986042 0.2214199 0.1583221 0.1667439 0.1241685 0.2012702 0.2914508 0.1788128 0.2005466 0.1467203 0.1112111 0.1282780 0.1424650 0.1179074 0.1353033 0.1174897 0.2298157 0.1639512 0.1933004 0.1309423 0.1240306 0.0980056 0.1029729 0.1349444 0.1425715 0.1836539 0.1804446 0.1286378 0.1652223 0.1866790 0.1458114 0.2873937 0.2139403 0.1021324 0.1107115 0.1652223 0.1838073 0.1441960 0.3001894 0.1455182 0.1297566 0.0986014 0.1561287 0.1718234 0.1822584 0.1676896 0.1640432 0.1909644 0.1448306 0.2095956 0.0524705 0.1577658 0.1474762 0.1624019 0.1179503 0.1249642 0.1838073 0.0927244 0.1292555 0.1015562 0.1725218 0.1811506 0.1347146 0.1364606 0.1272079 
ERR2789774    0.6551266 0.5402253 0.5588750 0.1565363 0.0000000 0.2898224 0.0983396 0.1280195 0.1066001 0.0770126 0.1728046 0.1577811 0.0535500 0.1046054 0.1789413 0.1217992 0.1169689 0.1308118 0.0000010 0.0316759 0.0455325 0.1334628 0.0666600 0.1602927 0.1004229 0.0740091 0.1258948 0.1187279 0.0744635 0.1184369 0.1287448 0.1550813 0.0536379 0.0588981 0.1643774 0.1315675 0.0677818 0.0360058 0.0888103 0.1360146 0.2434405 0.0833390 0.1182622 0.0530425 0.1103724 0.0996883 0.0315854 0.1004229 0.1170324 0.0676731 0.1400499 0.1322862 0.1362252 0.0924818 0.1230711 0.1161032 0.1015258 0.1338344 0.1114920 0.1363614 0.1646419 0.1681507 0.1050807 0.0615908 0.1177792 0.2404492 0.1959066 0.1271350 0.1443665 0.1050807 0.0600651 0.1335260 0.2519530 0.0321314 0.1061915 0.1052891 0.1083461 0.1317256 0.1086139 0.0922607 0.1125663 0.1274100 0.0455725 0.1230356 0.1786955 0.1180799 0.0393175 0.0454000 0.1064261 0.1239875 0.0600651 0.0914226 0.1550821 0.1060223 0.1266183 0.1108043 0.0384883 0.1446825 0.1043342 
PAFTOL_019361 0.4975078 0.3819734 0.4594179 0.2985625 0.2898224 0.0000000 0.2175486 0.2737842 0.2355425 0.2972742 0.2565023 0.2623902 0.2597766 0.2747709 0.2821277 0.2349668 0.2014201 0.2524299 0.1252768 0.2364371 0.2640002 0.2678890 0.2100097 0.2496037 0.2249523 0.1979591 0.2340123 0.2038716 0.2638254 0.2247225 0.2690218 0.3120068 0.2851474 0.2978968 0.2356988 0.3252933 0.2070726 0.2569055 0.2281893 0.2483847 0.3547959 0.2302422 0.2474779 0.2602191 0.1939274 0.2104052 0.2355900 0.2249523 0.2265424 0.2128873 0.2576908 0.2889519 0.2606438 0.1811845 0.2288372 0.2081031 0.2226745 0.2245627 0.2861550 0.2625232 0.3219045 0.2813560 0.1911107 0.2197735 0.2381389 0.3494405 0.3024320 0.2067984 0.2934478 0.1911107 0.2161746 0.2530435 0.3226885 0.2418306 0.2480900 0.2389754 0.2403699 0.2786279 0.2281098 0.2389562 0.2077861 0.2237859 0.2642066 0.2344741 0.2608628 0.2194704 0.2458332 0.2483729 0.2287882 0.2311735 0.2161746 0.2149662 0.2426213 0.2328592 0.2482712 0.2425776 0.2207848 0.2593177 0.2492119 
S0055         0.6349592 0.5416952 0.5515960 0.1094007 0.0983396 0.2175486 0.0000000 0.0595660 0.0799636 0.1146374 0.1281715 0.0901334 0.0817779 0.1185570 0.1395485 0.1149489 0.0952062 0.0782705 0.0000010 0.0721336 0.0875935 0.0945906 0.0512054 0.1232293 0.0447150 0.0437937 0.1032393 0.0728325 0.0711925 0.1202940 0.1205981 0.1211183 0.0748340 0.1051406 0.1206275 0.1166570 0.0721951 0.0823953 0.0575115 0.1121611 0.2042590 0.1102921 0.1118113 0.0962105 0.0657351 0.0376293 0.0719243 0.0447150 0.1025105 0.0588849 0.1406002 0.0867088 0.1329381 0.0802924 0.0799788 0.0723593 0.0507485 0.0789989 0.1178926 0.1224538 0.1311194 0.0965872 0.0984155 0.0841845 0.0877633 0.2020882 0.1467051 0.0731086 0.1061020 0.0984155 0.0870066 0.1106702 0.2122414 0.0732310 0.0119780 0.0711922 0.0656355 0.0863786 0.1049720 0.1047904 0.0902806 0.1112726 0.0876684 0.1443112 0.1073387 0.0588170 0.0740660 0.0873345 0.0058425 0.1037651 0.0870066 0.0523245 0.0969999 0.0119781 0.1134146 0.0907974 0.0720074 0.0823534 0.0181621 
S0196sl       0.7441206 0.6897117 0.6971184 0.1498967 0.1280195 0.2737842 0.0595660 0.0000000 0.0578705 0.1603318 0.1547410 0.0963517 0.1261235 0.1126485 0.1529729 0.1343591 0.1229355 0.1019553 0.0000010 0.0941535 0.1031753 0.1035578 0.0773244 0.1492282 0.0066461 0.0677676 0.1231682 0.0685568 0.0830941 0.1336988 0.1440821 0.1461852 0.1075565 0.1151626 0.1455273 0.1403171 0.1032119 0.0853227 0.0848785 0.1343804 0.2378434 0.1326980 0.1440821 0.1148305 0.0510250 0.0135693 0.0938295 0.0066461 0.0848970 0.0601850 0.1483614 0.1125451 0.0702345 0.0865652 0.0679668 0.0595210 0.0828851 0.0752550 0.1131399 0.1025046 0.1467912 0.1097067 0.1147957 0.0954282 0.0766711 0.2509316 0.1782195 0.0768095 0.0841701 0.1147957 0.1040396 0.0933192 0.2507153 0.0958993 0.0779232 0.0660377 0.0867138 0.1018646 0.1258945 0.1559463 0.1092487 0.1330467 0.1032767 0.1661564 0.1253119 0.1049942 0.0972304 0.1028183 0.0677736 0.0940614 0.1040396 0.1019016 0.1041826 0.0778262 0.0929952 0.1175029 0.0766559 0.0681328 0.0868872 
S0281         0.6788406 0.6128598 0.5191011 0.1533502 0.1066001 0.2355425 0.0799636 0.0578705 0.0000000 0.1442189 0.1744520 0.1088728 0.1156875 0.1183238 0.1833605 0.1231246 0.1381334 0.1102072 0.0508486 0.0885994 0.1051662 0.1199671 0.0811983 0.1699334 0.0503841 0.0796079 0.1471994 0.0977844 0.1183289 0.1328666 0.1632989 0.1669366 0.1158914 0.1241887 0.1663237 0.1269254 0.1120889 0.0928205 0.0574342 0.1576442 0.2409197 0.1204404 0.1571282 0.1145103 0.0814257 0.0433060 0.0883343 0.0503841 0.1122963 0.0449406 0.1525125 0.1275219 0.0858573 0.0973947 0.0970291 0.0809651 0.0751098 0.1035638 0.0941284 0.0786383 0.1561348 0.1366395 0.1143272 0.0949062 0.1129197 0.2381025 0.1768180 0.0971752 0.0901767 0.1143272 0.0962008 0.1050941 0.2278959 0.0815770 0.0971212 0.0873355 0.1045253 0.1270017 0.1239807 0.1207474 0.1181895 0.1561991 0.1052571 0.1567106 0.1445060 0.1138017 0.0825320 0.1048455 0.0874695 0.0825706 0.0962008 0.0776135 0.1071917 0.0969829 0.0710737 0.1170105 0.0590942 0.0713246 0.1052615 
S0282         0.6445453 0.6045835 0.6280526 0.1570950 0.0770126 0.2972742 0.1146374 0.1603318 0.1442189 0.0000000 0.1600184 0.1688632 0.0527886 0.1152234 0.1905578 0.1317722 0.1093939 0.1404156 0.0000010 0.0522771 0.0602089 0.1612015 0.0744060 0.1912456 0.1263950 0.0973079 0.1356344 0.1462560 0.1065880 0.1294729 0.1401925 0.1849584 0.0762298 0.0997004 0.1948777 0.1589187 0.0910836 0.0596917 0.1146967 0.1461674 0.2121259 0.0916999 0.1278650 0.0605505 0.1373238 0.1253878 0.0521244 0.1263950 0.1725216 0.1007732 0.1427586 0.1420291 0.2516898 0.1012495 0.1499440 0.1428724 0.1025281 0.1618440 0.1312440 0.1790311 0.1791432 0.1874569 0.1145849 0.0879911 0.1367461 0.2011302 0.1770176 0.1550625 0.1546639 0.1145849 0.0827610 0.1434654 0.2207974 0.0530617 0.1227845 0.1230345 0.1345751 0.1590914 0.1178101 0.1195898 0.1221769 0.1372863 0.0528265 0.1164117 0.1905419 0.1282274 0.0609024 0.0669598 0.1230555 0.1335285 0.0827610 0.0923044 0.1533128 0.1062058 0.1677367 0.1289909 0.0595700 0.1879800 0.1205360 
S0289         0.6484351 0.6702994 0.5778089 0.2074216 0.1728046 0.2565023 0.1281715 0.1547410 0.1744520 0.1600184 0.0000000 0.1815812 0.1704304 0.1398842 0.0553359 0.1922412 0.1575090 0.1445334 0.1751016 0.1384058 0.1320709 0.0448193 0.1471669 0.0464427 0.1402013 0.1039247 0.1671487 0.1314791 0.1533987 0.1858542 0.1981028 0.0618139 0.1348007 0.1613665 0.0459400 0.0892533 0.1471876 0.1403220 0.1539309 0.1783226 0.1949878 0.1656999 0.1777282 0.1685824 0.1299806 0.1390736 0.1379787 0.1402013 0.1474488 0.1318353 0.1834950 0.0745642 0.0713410 0.1667311 0.1396570 0.1134183 0.1421273 0.1462577 0.1563108 0.1602938 0.1650914 0.1883549 0.1816211 0.1336869 0.1483730 0.1928548 0.1361659 0.1313621 0.1435067 0.1816211 0.1032880 0.1936757 0.1828576 0.1408210 0.1486445 0.1441105 0.0525908 0.0818147 0.1610816 0.2179533 0.1643915 0.1765861 0.1400920 0.1790720 0.1691381 0.1586434 0.1426416 0.1395367 0.1365943 0.1859589 0.1032880 0.1763255 0.1882516 0.1397353 0.1501201 0.0612745 0.1380081 0.1823752 0.1578385 
S0292         0.6854629 0.5721102 0.5730913 0.1405122 0.1577811 0.2623902 0.0901334 0.0963517 0.1088728 0.1688632 0.1815812 0.0000000 0.1555964 0.1338765 0.1804118 0.1165858 0.0964701 0.1062136 0.0000010 0.1152643 0.1429988 0.1414545 0.0995797 0.1623766 0.0749131 0.0974190 0.1046330 0.0659032 0.1302009 0.1315627 0.1225320 0.1594879 0.1426281 0.1753877 0.1588844 0.1666985 0.1159302 0.1441517 0.1149998 0.1137152 0.2518061 0.1513624 0.1133554 0.1359204 0.0516339 0.0835226 0.1237279 0.0749131 0.0786363 0.0921957 0.1514145 0.1322890 0.1374046 0.0738366 0.0654122 0.0663211 0.0404070 0.0577037 0.1247879 0.1775923 0.1696681 0.1327598 0.1078133 0.1476983 0.0715740 0.2488085 0.1861984 0.0648470 0.1183410 0.1078133 0.1417819 0.0582502 0.2599083 0.1165955 0.1085103 0.0662028 0.1324456 0.1489799 0.1061481 0.1308959 0.0997524 0.1127983 0.1257005 0.1555344 0.1198534 0.0738001 0.1180803 0.1425411 0.0980573 0.0377711 0.1417819 0.0097260 0.0241613 0.0921483 0.1664185 0.1385460 0.0912324 0.1482502 0.1171448 
S0293         0.5825427 0.5540918 0.6269703 0.1363426 0.0535500 0.2597766 0.0817779 0.1261235 0.1156875 0.0527886 0.1704304 0.1555964 0.0000000 0.1211303 0.1763957 0.1201941 0.1154942 0.1460680 0.0000010 0.0313433 0.0450384 0.1317559 0.0659129 0.1566815 0.0991872 0.0731686 0.1242825 0.1172057 0.0814568 0.1167074 0.1268268 0.1529881 0.0530355 0.0748694 0.1621305 0.1299056 0.0670080 0.0355757 0.0818299 0.1342283 0.1879897 0.0823582 0.1167518 0.0524535 0.1089761 0.0984727 0.0312546 0.0991872 0.1418216 0.0756367 0.1381513 0.1306069 0.1360934 0.0913582 0.1215332 0.1146504 0.1160363 0.1321092 0.1204358 0.1466896 0.1433488 0.1481402 0.1037258 0.0607946 0.1253563 0.1860274 0.1596001 0.1254921 0.1424665 0.1037258 0.0593919 0.1318020 0.1960995 0.0317885 0.0892793 0.1125207 0.1070069 0.1300608 0.1072642 0.1010920 0.1111147 0.1257597 0.0450777 0.1213986 0.1761351 0.1000873 0.0388883 0.0315329 0.0894751 0.1224265 0.0593919 0.1058717 0.1265123 0.0891651 0.1365625 0.1094011 0.0380774 0.1551903 0.0878020 
S0294         0.6094377 0.5625290 0.4613607 0.1445970 0.1046054 0.2747709 0.1185570 0.1126485 0.1183238 0.1152234 0.1398842 0.1338765 0.1211303 0.0000000 0.1618422 0.1267087 0.0980639 0.1345278 0.0546170 0.0942205 0.1018927 0.1206507 0.1096623 0.1526476 0.0975580 0.0950574 0.1064378 0.1222468 0.1180423 0.1229170 0.1328995 0.1406668 0.1052455 0.1364971 0.1493827 0.1352039 0.1028122 0.0981031 0.1084934 0.1157092 0.1688993 0.1034273 0.1320686 0.0884961 0.1134848 0.0968716 0.0939441 0.0975580 0.1371468 0.0866363 0.1261155 0.1037855 0.1262889 0.0750751 0.1212959 0.1041871 0.0881255 0.1278378 0.0438695 0.1671324 0.1063445 0.1454708 0.1001193 0.1002414 0.1379101 0.1789369 0.1425136 0.1214271 0.1330402 0.1001193 0.0945003 0.1206022 0.1890002 0.0957047 0.1264469 0.1023951 0.1045194 0.1191306 0.0903084 0.1220949 0.1013416 0.1147570 0.0869338 0.1309400 0.1442441 0.1390368 0.1045784 0.1015926 0.1267147 0.1390525 0.0945003 0.1034268 0.1405871 0.1103597 0.1569236 0.1417562 0.0792433 0.1400913 0.1349032 
S0299         0.4830706 0.5056936 0.4626090 0.2151918 0.1789413 0.2821277 0.1395485 0.1529729 0.1833605 0.1905578 0.0553359 0.1804118 0.1763957 0.1618422 0.0000000 0.1752310 0.1465070 0.1565385 0.1751016 0.1429974 0.1446784 0.0693615 0.1502899 0.0402870 0.1388705 0.1160200 0.1557906 0.1316269 0.1658063 0.1827253 0.1837885 0.0613787 0.1171079 0.1669890 0.0610883 0.1077024 0.1418453 0.1456294 0.1663741 0.1460147 0.1561300 0.1705314 0.1659077 0.1744184 0.1209853 0.1377700 0.1425436 0.1388705 0.1388815 0.1436329 0.1703569 0.0921580 0.1172494 0.1554057 0.1485484 0.1216557 0.1384600 0.1463712 0.1791358 0.1716209 0.1452051 0.1711260 0.1478774 0.1473345 0.1397469 0.1546493 0.1261480 0.1230497 0.1436312 0.1478774 0.1427069 0.1924101 0.1457076 0.1455794 0.1611977 0.1560761 0.0771824 0.1078437 0.1497372 0.1933014 0.1527568 0.1474174 0.1448033 0.1565010 0.1973878 0.1525250 0.1475254 0.1442136 0.1483255 0.1757952 0.1427069 0.1414548 0.1870247 0.1518608 0.1610391 0.0787272 0.1408998 0.1803494 0.1617697 
S0308         0.4950768 0.5074169 0.4736697 0.2073802 0.1217992 0.2349668 0.1149489 0.1343591 0.1231246 0.1317722 0.1922412 0.1165858 0.1201941 0.1267087 0.1752310 0.0000000 0.0514896 0.1575898 0.0508486 0.0918027 0.1091136 0.1511106 0.1009595 0.1617149 0.1145537 0.1063048 0.0586134 0.1311870 0.0987663 0.0675076 0.0438044 0.1311662 0.1204140 0.1471270 0.1446343 0.1237690 0.0608678 0.0966620 0.1322495 0.0662507 0.2314346 0.0915064 0.0519480 0.0920187 0.1219468 0.1136975 0.0915182 0.1145537 0.1557867 0.1183164 0.0725908 0.1244481 0.1361343 0.0446993 0.1393525 0.1212937 0.1267149 0.1290927 0.1259451 0.1825953 0.1521465 0.1809841 0.0370045 0.0886138 0.1393129 0.2287651 0.1871189 0.1394595 0.1626580 0.0370045 0.0997194 0.1226501 0.2396245 0.0933285 0.1270139 0.1227632 0.1171654 0.1336730 0.0592748 0.0812812 0.0326285 0.0657982 0.0928971 0.0742063 0.1817276 0.1065931 0.0953892 0.1087685 0.1233563 0.1399187 0.0997194 0.1015590 0.1314231 0.1098237 0.1715999 0.1283801 0.0916036 0.1722320 0.1360778 
S0322         0.5113448 0.4533922 0.4892061 0.1779640 0.1169689 0.2014201 0.0952062 0.1229355 0.1381334 0.1093939 0.1575090 0.0964701 0.1154942 0.0980639 0.1465070 0.0514896 0.0000000 0.1347549 0.0505067 0.0884605 0.1049959 0.1372402 0.0972047 0.1471266 0.1050714 0.0951526 0.0179911 0.1186500 0.0951677 0.0496365 0.0276355 0.1279355 0.1156975 0.1239796 0.1440700 0.1276033 0.0659852 0.0927451 0.1111788 0.0243649 0.1542227 0.0961749 0.0242977 0.0886614 0.1108187 0.1043154 0.0881963 0.1050714 0.1420075 0.0978555 0.0655441 0.0964377 0.1548956 0.0304030 0.1263963 0.1094423 0.0971670 0.1168547 0.1134614 0.1896676 0.1052580 0.1693335 0.0511113 0.0850479 0.1427803 0.1527752 0.1202233 0.1265189 0.1424454 0.0511113 0.1042326 0.1023736 0.1620446 0.0898714 0.1058300 0.1025099 0.0895966 0.1116643 0.0438111 0.0643275 0.0249780 0.0242257 0.0894708 0.0597939 0.1551190 0.0874953 0.0917806 0.1046762 0.1029878 0.1183927 0.1042326 0.0623323 0.1105108 0.0899846 0.1785873 0.1154739 0.0882799 0.1607589 0.1141749 
S0335         0.5805084 0.5418347 0.4906889 0.0906239 0.1308118 0.2524299 0.0782705 0.1019553 0.1102072 0.1404156 0.1445334 0.1062136 0.1460680 0.1345278 0.1565385 0.1575898 0.1347549 0.0000000 0.0493911 0.1171500 0.1183728 0.1097067 0.0942457 0.1397877 0.0874578 0.0854591 0.1435304 0.1036451 0.1313083 0.1487955 0.1591863 0.1373915 0.1294700 0.1376824 0.1280452 0.1486067 0.1252482 0.1258541 0.1006811 0.1535981 0.2145807 0.1423848 0.1531091 0.1279472 0.0879321 0.0791978 0.1168034 0.0874578 0.0871582 0.0879002 0.1578798 0.1016111 0.0883538 0.0951991 0.1028595 0.0568670 0.1106821 0.1092656 0.1094112 0.1192105 0.1480209 0.1284446 0.1309861 0.1287028 0.1028375 0.2122554 0.1638391 0.0800020 0.0901610 0.1309861 0.1174937 0.1104761 0.2225413 0.1190606 0.0949357 0.0710960 0.0948999 0.1084154 0.1375369 0.1372985 0.1221248 0.1522397 0.1027879 0.1621513 0.0739841 0.1271644 0.1205050 0.1180187 0.0855841 0.1035887 0.1174937 0.1009359 0.1046193 0.0798944 0.1104852 0.1146562 0.1013967 0.0954259 0.1028465 
S0376         0.2133783 0.2133783 0.1171532 0.0000010 0.0000010 0.1252768 0.0000010 0.0000010 0.0508486 0.0000010 0.1751016 0.0000010 0.0000010 0.0546170 0.1751016 0.0508486 0.0505067 0.0493911 0.0000000 0.0000010 0.0535918 0.1761595 0.0000010 0.1751016 0.0000010 0.0000010 0.1091207 0.0000010 0.0541827 0.0000010 0.0000010 0.1751016 0.0508486 0.1842759 0.1751016 0.1700392 0.0000010 1.2396384 0.0505067 0.1091207 0.1902374 0.0000010 0.0505067 0.0508486 0.0000010 0.0000010 0.0000010 0.0000010 0.0493911 0.0542242 0.1163331 0.1084068 0.0000010 0.0000010 0.0000010 0.0000010 0.0000010 0.0000010 0.0508486 0.0505067 0.1902374 0.0000010 0.0000010 0.0000010 0.0000010 0.1091207 0.1751016 0.0000010 0.1856028 0.0000010 0.0000010 0.0493911 0.2499038 0.0000010 0.0000010 0.0000010 0.1084068 0.1163331 0.0505067 0.0000010 0.1091207 0.1091207 0.0535918 0.0505067 0.0000026 0.0000010 0.0000010 0.0535918 0.0000010 0.0000010 0.0000010 0.0000010 0.0000010 0.0000010 0.0505067 0.1185130 0.0000010 0.0493911 0.0000010 
S0400         0.5827183 0.5482078 0.5582497 0.1429213 0.0316759 0.2364371 0.0721336 0.0941535 0.0885994 0.0522771 0.1384058 0.1152643 0.0313433 0.0942205 0.1429974 0.0918027 0.0884605 0.1171500 0.0000010 0.0000000 0.0244119 0.1035746 0.0437384 0.1262441 0.0734984 0.0504125 0.0964392 0.0896698 0.0577728 0.0856352 0.0946427 0.1223351 0.0313908 0.0515104 0.1306677 0.1021504 0.0444062 0.0134246 0.0721807 0.1052576 0.1987070 0.0584215 0.0893375 0.0310639 0.0821485 0.0730251 0.0118768 0.0734984 0.1124581 0.0520076 0.1081245 0.1026834 0.1117030 0.0663157 0.0944442 0.0878465 0.0867097 0.1037319 0.0937146 0.1159196 0.1424745 0.1349335 0.0766711 0.0357002 0.0972456 0.1965806 0.1586276 0.0973486 0.1130174 0.0766711 0.0375062 0.0952829 0.2068373 0.0120682 0.0792731 0.0863600 0.0808228 0.1022805 0.0809547 0.0900851 0.0836971 0.0975426 0.0244317 0.0926877 0.1425763 0.0813091 0.0184382 0.0243446 0.0794424 0.0872065 0.0375062 0.0644382 0.1134945 0.0791882 0.1069283 0.0825096 0.0180746 0.1238585 0.0780321 
S0405         0.5837429 0.5393470 0.5493318 0.1629310 0.0455325 0.2640002 0.0875935 0.1031753 0.1051662 0.0602089 0.1320709 0.1429988 0.0450384 0.1018927 0.1446784 0.1091136 0.1049959 0.1183728 0.0535918 0.0244119 0.0000000 0.1046400 0.0576891 0.1276787 0.0893409 0.0646664 0.1133967 0.1064921 0.0725301 0.0944894 0.1037173 0.1236796 0.0451095 0.0378108 0.1321311 0.1031866 0.0586105 0.0203432 0.0876463 0.1228133 0.1773503 0.0733311 0.1060899 0.0382734 0.0986086 0.0887290 0.0243446 0.0893409 0.1301961 0.0590691 0.0914508 0.1037308 0.1117030 0.0818260 0.1109713 0.0887169 0.1133895 0.1209521 0.0946375 0.1172020 0.1243752 0.1534545 0.0933052 0.0433033 0.1143562 0.1992292 0.1605285 0.1144781 0.1308067 0.0933052 0.0378254 0.1206392 0.2096720 0.0247486 0.0950422 0.1023957 0.0816109 0.1033190 0.0971162 0.1069994 0.1004986 0.1147142 0.0119681 0.0936644 0.1625303 0.1059460 0.0315227 0.0119253 0.0952464 0.1117646 0.0378254 0.1034306 0.1406797 0.0949137 0.1080774 0.0833326 0.0308842 0.1426592 0.0934749 
S0407sl       0.6020957 0.5973908 0.5140308 0.1740321 0.1334628 0.2678890 0.0945906 0.1035578 0.1199671 0.1612015 0.0448193 0.1414545 0.1317559 0.1206507 0.0693615 0.1511106 0.1372402 0.1097067 0.1761595 0.1035746 0.1046400 0.0000000 0.1116078 0.0321226 0.1047813 0.0723865 0.1294005 0.0959531 0.1177498 0.1396025 0.1416434 0.0464757 0.0991452 0.1234474 0.0382722 0.0729988 0.1115624 0.0921034 0.1343015 0.1392060 0.1799965 0.1283816 0.1387591 0.1304076 0.0952928 0.1040333 0.1032649 0.1047813 0.1278672 0.1130141 0.1429937 0.0590040 0.0330979 0.1290811 0.1034601 0.0806488 0.1122656 0.1098998 0.1198947 0.1514984 0.1261462 0.1482458 0.1416137 0.0941485 0.1123814 0.1781467 0.1419615 0.0967771 0.0912323 0.1416137 0.0884910 0.1537338 0.1687603 0.1052562 0.1125253 0.1093848 0.0454584 0.0587851 0.1232429 0.1753093 0.1256881 0.1380019 0.1047297 0.1468275 0.1519360 0.1295962 0.1065309 0.1043237 0.1022948 0.1464603 0.0884910 0.1448705 0.1480866 0.1123355 0.1415592 0.0528730 0.1033396 0.1421651 0.1208838 
S0412sl       0.6186704 0.5215734 0.5520795 0.1359322 0.0666600 0.2100097 0.0512054 0.0773244 0.0811983 0.0744060 0.1471669 0.0995797 0.0659129 0.1096623 0.1502899 0.1009595 0.0972047 0.0942457 0.0000010 0.0437384 0.0576891 0.1116078 0.0000000 0.1334777 0.0593945 0.0645523 0.1054224 0.0812397 0.0654573 0.0956261 0.1049558 0.1320383 0.0592077 0.0731963 0.1393489 0.1270441 0.0575732 0.0496157 0.0657555 0.1145679 0.2085010 0.0442970 0.0981970 0.0513729 0.0739225 0.0518057 0.0436160 0.0593945 0.1117890 0.0520475 0.1177502 0.0960651 0.1335698 0.0744577 0.0876716 0.0883383 0.0744202 0.0950482 0.1090615 0.1078188 0.1511903 0.1273298 0.0844368 0.0357950 0.0814065 0.2062349 0.1495833 0.0967845 0.0984618 0.0844368 0.0509585 0.1049712 0.2165910 0.0443612 0.0511396 0.0722620 0.0892701 0.1111741 0.0962837 0.0911971 0.0914981 0.1054224 0.0441713 0.1110049 0.1259380 0.0894652 0.0381069 0.0575245 0.0581544 0.0811236 0.0509585 0.0768722 0.1064788 0.0376985 0.0990354 0.0979194 0.0503007 0.1068879 0.0506941 
S0417         0.5555038 0.6002554 0.4960156 0.1777367 0.1602927 0.2496037 0.1232293 0.1492282 0.1699334 0.1912456 0.0464427 0.1623766 0.1566815 0.1526476 0.0402870 0.1617149 0.1471266 0.1397877 0.1751016 0.1262441 0.1276787 0.0321226 0.1334777 0.0000000 0.1352616 0.0917638 0.1391166 0.0978095 0.1487372 0.1510895 0.1636657 0.0398445 0.1221853 0.1489269 0.0318994 0.0838660 0.1252147 0.1265194 0.1492695 0.1492845 0.1721537 0.1432919 0.1487994 0.1563193 0.0971186 0.1341661 0.1258448 0.1352616 0.1214491 0.1268188 0.1534231 0.0690033 0.0520362 0.1387712 0.1135436 0.0975547 0.1270769 0.1120070 0.1516099 0.1687722 0.1188975 0.1838958 0.1343694 0.1279611 0.1145784 0.1704003 0.1176255 0.0986594 0.1297377 0.1343694 0.1169372 0.1746019 0.1609261 0.1284721 0.1438022 0.1393691 0.0546503 0.0839841 0.1329606 0.1863441 0.1356292 0.1309538 0.1277911 0.1499276 0.1626455 0.1493471 0.1301570 0.1272699 0.1317410 0.1583249 0.1169372 0.1616409 0.1690516 0.1321678 0.1579203 0.0469366 0.1244273 0.1777702 0.1442974 
S0419         0.6292858 0.5881281 0.5602857 0.1179074 0.1004229 0.2249523 0.0447150 0.0066461 0.0503841 0.1263950 0.1402013 0.0749131 0.0991872 0.0975580 0.1388705 0.1145537 0.1050714 0.0874578 0.0000010 0.0734984 0.0893409 0.1047813 0.0593945 0.1352616 0.0000000 0.0516080 0.1134888 0.0521153 0.0725193 0.1233036 0.1333694 0.1328761 0.0918694 0.1160886 0.1323392 0.1277954 0.0809920 0.0842124 0.0658857 0.1229270 0.2214283 0.1051535 0.1225316 0.0981957 0.0376403 0.0058972 0.0732808 0.0000010 0.0729875 0.0455270 0.1357474 0.0965072 0.0702345 0.0669632 0.0517271 0.0446947 0.0528061 0.0580332 0.0970140 0.0805502 0.1435752 0.0868376 0.0902045 0.0860878 0.0589783 0.2189168 0.1598084 0.0590698 0.0882220 0.0902045 0.0815779 0.0801203 0.2296499 0.0746416 0.0597476 0.0504889 0.0745613 0.0961258 0.1072078 0.1235958 0.1013156 0.1218987 0.0894188 0.1394030 0.0992740 0.0821489 0.0755118 0.0890710 0.0516037 0.0734483 0.0815779 0.0658832 0.0816252 0.0597015 0.0727658 0.1012465 0.0589551 0.0587343 0.0671664 
S0427         0.5831975 0.5300956 0.5049550 0.1070743 0.0740091 0.1979591 0.0437937 0.0677676 0.0796079 0.0973079 0.1039247 0.0974190 0.0731686 0.0950574 0.1160200 0.1063048 0.0951526 0.0854591 0.0000010 0.0504125 0.0646664 0.0723865 0.0645523 0.0917638 0.0516080 0.0000000 0.1031823 0.0590413 0.0782839 0.1110305 0.1205254 0.0970553 0.0589482 0.0956772 0.0966400 0.0935808 0.0656340 0.0572559 0.0786300 0.1121002 0.1861681 0.0805869 0.1117507 0.0724832 0.0591101 0.0513024 0.0502706 0.0516080 0.0725614 0.0588057 0.1150803 0.0649544 0.1109738 0.0729018 0.0642849 0.0579118 0.0402764 0.0724152 0.0945419 0.1229594 0.1154817 0.0889176 0.0756013 0.0757027 0.0729508 0.1842536 0.1308804 0.0448885 0.0878606 0.0756013 0.0651613 0.1101600 0.1941823 0.0511399 0.0584412 0.0708851 0.0447456 0.0647151 0.0970150 0.1126915 0.0912006 0.1043527 0.0647212 0.0996345 0.1068256 0.0731426 0.0516938 0.0644808 0.0505202 0.0789813 0.0651613 0.0523245 0.0959864 0.0583983 0.1138891 0.0600419 0.0574052 0.0827235 0.0575709 
S0430         0.5507502 0.4901454 0.5074884 0.1885753 0.1258948 0.2340123 0.1032393 0.1231682 0.1471994 0.1356344 0.1671487 0.1046330 0.1242825 0.1064378 0.1557906 0.0586134 0.0179911 0.1435304 0.1091207 0.0964392 0.1133967 0.1294005 0.1054224 0.1391166 0.1134888 0.1031823 0.0000000 0.1271577 0.1032032 0.0497199 0.0135776 0.1202453 0.1078810 0.1329487 0.1362107 0.1363079 0.0734563 0.0929129 0.1036575 0.0059595 0.1641529 0.1042788 0.0181249 0.0966589 0.1191683 0.1126494 0.0961491 0.1134888 0.1508655 0.0903512 0.0729556 0.1045865 0.1326718 0.0368985 0.1350281 0.1176725 0.1225140 0.1252005 0.1058317 0.2000923 0.0977236 0.1792439 0.0581779 0.0852019 0.1516884 0.1625688 0.1289246 0.1351389 0.1342531 0.0581779 0.1125463 0.1105334 0.1720310 0.0980022 0.1143003 0.1106613 0.0976658 0.1200748 0.0373501 0.0715823 0.0186309 0.0059278 0.0975633 0.0745869 0.1650209 0.0953600 0.1001005 0.1130492 0.1111788 0.1268572 0.1125463 0.0857327 0.1188281 0.0981125 0.1887029 0.1242343 0.0962293 0.1705667 0.1228260 
S0552sl       0.6042209 0.5739495 0.5383097 0.1291043 0.1187279 0.2038716 0.0728325 0.0685568 0.0977844 0.1462560 0.1314791 0.0659032 0.1172057 0.1222468 0.1316269 0.1311870 0.1186500 0.1036451 0.0000010 0.0896698 0.1064921 0.0959531 0.0812397 0.0978095 0.0521153 0.0590413 0.1271577 0.0000000 0.1025175 0.1202905 0.1492556 0.1209755 0.1063065 0.1350574 0.1123458 0.1444366 0.0889443 0.1032198 0.0964601 0.1367938 0.2155917 0.1051146 0.1363596 0.1159961 0.0120413 0.0598488 0.0893982 0.0521153 0.0512067 0.0748320 0.1405541 0.1121790 0.0944715 0.0881118 0.0181147 0.0376194 0.0000010 0.0179306 0.1215371 0.1454505 0.1403134 0.1140839 0.0901494 0.1136557 0.0444844 0.2132323 0.1561340 0.0379991 0.0987766 0.0901494 0.0968095 0.0870740 0.2236157 0.0911222 0.0896109 0.0647626 0.0896026 0.1117262 0.1210581 0.1375284 0.1153735 0.1193006 0.1065851 0.1367723 0.1167404 0.0888210 0.0922263 0.1061632 0.0802389 0.0730908 0.0968095 0.0521442 0.0811478 0.0894948 0.1354436 0.0922487 0.0813489 0.1186108 0.0898795 
S0558         0.5471786 0.5121551 0.5696074 0.1803345 0.0744635 0.2638254 0.0711925 0.0830941 0.1183289 0.1065880 0.1533987 0.1302009 0.0814568 0.1180423 0.1658063 0.0987663 0.0951677 0.1313083 0.0541827 0.0577728 0.0725301 0.1177498 0.0654573 0.1487372 0.0725193 0.0782839 0.1032032 0.1025175 0.0000000 0.1008218 0.0924266 0.1292923 0.0744981 0.0963746 0.1456196 0.1011162 0.0653867 0.0572974 0.0933211 0.1121285 0.2347429 0.0953105 0.0961172 0.0806769 0.0949619 0.0720595 0.0576074 0.0725193 0.1177160 0.0804272 0.1319064 0.1093673 0.0881569 0.0729049 0.1100463 0.1017715 0.1104658 0.1164367 0.1173832 0.1481409 0.1569607 0.1542812 0.0904902 0.0590789 0.0874254 0.2320981 0.1912130 0.1185457 0.1558756 0.0904902 0.0720722 0.1023518 0.2426857 0.0586270 0.0804154 0.1000121 0.0874590 0.1089387 0.1045050 0.1127204 0.0990529 0.1112398 0.0725923 0.1267091 0.1581170 0.1033842 0.0598179 0.0723182 0.0783955 0.1356003 0.0720722 0.1142968 0.1370543 0.0803265 0.1384323 0.0974523 0.0576846 0.1389311 0.0880949 
S0616         0.5968119 0.5634091 0.6181248 0.2145108 0.1184369 0.2247225 0.1202940 0.1336988 0.1328666 0.1294729 0.1858542 0.1315627 0.1167074 0.1229170 0.1827253 0.0675076 0.0496365 0.1487955 0.0000010 0.0856352 0.0944894 0.1396025 0.0956261 0.1510895 0.1233036 0.1110305 0.0497199 0.1202905 0.1008218 0.0000000 0.0656599 0.1399943 0.1071926 0.1156861 0.1489677 0.1402059 0.0937612 0.0769687 0.1025678 0.0578897 0.1920754 0.0944661 0.0656599 0.0770923 0.1206683 0.1222270 0.0853418 0.1233036 0.1572627 0.0863998 0.0511172 0.1125620 0.1559071 0.0348661 0.1292236 0.1278127 0.0940275 0.1365633 0.1234561 0.1924148 0.1311390 0.2017343 0.0590536 0.0765359 0.1677798 0.2037458 0.1504410 0.1483498 0.1361889 0.0590536 0.1037015 0.1107412 0.1920754 0.0872015 0.1340706 0.1197119 0.1045714 0.1292088 0.0503732 0.0584023 0.0438518 0.0574663 0.0772324 0.0694440 0.1838366 0.1199143 0.0893388 0.0941636 0.1297386 0.1199862 0.1037015 0.0793709 0.1292564 0.1146833 0.1794950 0.1242995 0.0854386 0.1809275 0.1443254 
S0620         0.5767848 0.5045344 0.5603852 0.2280587 0.1287448 0.2690218 0.1205981 0.1440821 0.1632989 0.1401925 0.1981028 0.1225320 0.1268268 0.1328995 0.1837885 0.0438044 0.0276355 0.1591863 0.0000010 0.0946427 0.1037173 0.1416434 0.1049558 0.1636657 0.1333694 0.1205254 0.0135776 0.1492556 0.0924266 0.0656599 0.0000000 0.1406870 0.1170698 0.1256786 0.1597630 0.1409014 0.0684546 0.0857614 0.1211622 0.0207319 0.2043005 0.1036472 0.0000010 0.0859000 0.1396496 0.1321660 0.0943155 0.1333694 0.1677860 0.1045579 0.0837313 0.1318210 0.1326718 0.0423042 0.1586322 0.1375984 0.1595900 0.1465202 0.1334847 0.1889359 0.1221374 0.2035504 0.0672290 0.0860011 0.1585225 0.2162816 0.1713635 0.1587062 0.1674961 0.0672290 0.1131686 0.1202380 0.2160885 0.0964074 0.1344378 0.1293820 0.1236224 0.1390813 0.0505032 0.0828046 0.0213275 0.0205989 0.0860580 0.0956957 0.1960679 0.1111875 0.0987942 0.1033566 0.1300779 0.1487668 0.1131686 0.1103832 0.1302195 0.1149755 0.2028679 0.1347048 0.0944091 0.1825189 0.1447351 
S0624         0.5903064 0.6781692 0.5625965 0.1928582 0.1550813 0.3120068 0.1211183 0.1461852 0.1669366 0.1849584 0.0618139 0.1594879 0.1529881 0.1406668 0.0613787 0.1311662 0.1279355 0.1373915 0.1751016 0.1223351 0.1236796 0.0464757 0.1320383 0.0398445 0.1328761 0.0970553 0.1202453 0.1209755 0.1292923 0.1399943 0.1406870 0.0000000 0.1182735 0.1441460 0.0389905 0.0674742 0.1248271 0.1220802 0.1297702 0.1297293 0.1688156 0.1501487 0.1293172 0.1513496 0.1210096 0.1318214 0.1219580 0.1328761 0.1447714 0.1161289 0.1332013 0.0532928 0.0740755 0.1199499 0.1288702 0.0959166 0.1220145 0.1353598 0.1397397 0.1656579 0.1167312 0.1720216 0.1319346 0.1164969 0.1288573 0.1671334 0.1155064 0.1127458 0.1360114 0.1319346 0.1063508 0.1539865 0.1578442 0.1244287 0.1332829 0.1369848 0.0395724 0.0675718 0.1218326 0.1649892 0.1246095 0.1286413 0.1237864 0.1366941 0.1697132 0.1467661 0.1271678 0.1232939 0.1294776 0.1641894 0.1063508 0.1387444 0.1660836 0.1330016 0.1550402 0.0547621 0.1220141 0.1745070 0.1422874 
S0641         0.6016517 0.5297139 0.5604938 0.1578084 0.0536379 0.2851474 0.0748340 0.1075565 0.1158914 0.0762298 0.1348007 0.1426281 0.0530355 0.1052455 0.1171079 0.1204140 0.1156975 0.1294700 0.0508486 0.0313908 0.0451095 0.0991452 0.0592077 0.1221853 0.0918694 0.0589482 0.1078810 0.1063065 0.0744981 0.1071926 0.1170698 0.1182735 0.0000000 0.0749949 0.1268281 0.1136789 0.0671185 0.0281788 0.0973810 0.1173433 0.1689102 0.0824973 0.1169596 0.0525383 0.0984536 0.0912192 0.0313019 0.0918694 0.1420732 0.0757649 0.1281786 0.1142927 0.1400718 0.0915166 0.1107733 0.1148508 0.0976738 0.1207072 0.1046535 0.1469593 0.1388885 0.1354540 0.1039147 0.0526430 0.1177018 0.1672191 0.1555713 0.1089326 0.1087593 0.1039147 0.0594882 0.1320349 0.1770040 0.0318376 0.0822694 0.1127134 0.0912828 0.1138230 0.1074518 0.1085178 0.1113156 0.1091607 0.0451487 0.1108521 0.1574121 0.1051988 0.0389499 0.0449792 0.0824512 0.1226400 0.0594882 0.1044222 0.1532513 0.0821737 0.1368115 0.0932820 0.0381363 0.1373289 0.0809260 
S0643         0.6794636 0.5638619 0.6139475 0.1973736 0.0588981 0.2978968 0.1051406 0.1151626 0.1241887 0.0997004 0.1613665 0.1753877 0.0748694 0.1364971 0.1669890 0.1471270 0.1239796 0.1376824 0.1842759 0.0515104 0.0378108 0.1234474 0.0731963 0.1489269 0.1160886 0.0956772 0.1329487 0.1350574 0.0963746 0.1156861 0.1256786 0.1441460 0.0749949 0.0000000 0.1531432 0.1217071 0.0895578 0.0353521 0.1051981 0.1431710 0.1924850 0.1058352 0.1253563 0.0674550 0.1264824 0.1065897 0.0513623 0.1160886 0.1506427 0.0826502 0.1099823 0.1223642 0.1565020 0.1157668 0.1389682 0.1152061 0.1452489 0.1502335 0.1287546 0.1377309 0.1449670 0.1668077 0.1298424 0.0603624 0.1339436 0.2156904 0.1758071 0.1435821 0.1431635 0.1298424 0.0666402 0.1499609 0.2266947 0.0522708 0.1130143 0.1294729 0.0990637 0.1218570 0.1155835 0.1440676 0.1197700 0.1345329 0.0378437 0.1128016 0.1968759 0.1425272 0.0599638 0.0377044 0.1132607 0.1400048 0.0666402 0.1352267 0.1723501 0.1128224 0.1278440 0.0933650 0.0586744 0.1462546 0.1110244 
S0645sl       0.5592603 0.6038014 0.4999620 0.1986042 0.1643774 0.2356988 0.1206275 0.1455273 0.1663237 0.1948777 0.0459400 0.1588844 0.1621305 0.1493827 0.0610883 0.1446343 0.1440700 0.1280452 0.1751016 0.1306677 0.1321311 0.0382722 0.1393489 0.0318994 0.1323392 0.0966400 0.1362107 0.1123458 0.1456196 0.1489677 0.1597630 0.0389905 0.1268281 0.1531432 0.0000000 0.0820733 0.1393512 0.1315331 0.1461371 0.1461418 0.1877039 0.1576637 0.1456745 0.1603773 0.1111674 0.1312921 0.1302635 0.1323392 0.1442235 0.1240816 0.1368861 0.0675207 0.0330979 0.1358774 0.1201082 0.0875696 0.1399775 0.1265850 0.1312022 0.1550338 0.1331942 0.1799219 0.1356211 0.1248033 0.1283471 0.1857537 0.1317503 0.0965184 0.1354551 0.1356211 0.1144290 0.1709804 0.1762031 0.1329335 0.1407037 0.1364539 0.0534689 0.0672614 0.1301329 0.1824600 0.1240972 0.1448639 0.1322442 0.1403785 0.1743897 0.1462061 0.1346442 0.1317175 0.1289632 0.1635919 0.1144290 0.1733719 0.1654750 0.1403891 0.1447459 0.0462535 0.1303068 0.1637587 0.1497998 
S0673         0.5856574 0.6460264 0.5996215 0.2214199 0.1315675 0.3252933 0.1166570 0.1403171 0.1269254 0.1589187 0.0892533 0.1666985 0.1299056 0.1352039 0.1077024 0.1237690 0.1276033 0.1486067 0.1700392 0.1021504 0.1031866 0.0729988 0.1270441 0.0838660 0.1277954 0.0935808 0.1363079 0.1444366 0.1011162 0.1402059 0.1409014 0.0674742 0.1136789 0.1217071 0.0820733 0.0000000 0.1109898 0.0998168 0.1249398 0.1462373 0.1877805 0.1201862 0.1289784 0.1285916 0.1444292 0.1268290 0.1018483 0.1277954 0.1688094 0.1117813 0.1328451 0.0371789 0.0690673 0.1196342 0.1525439 0.1181792 0.1662863 0.1589405 0.1182499 0.1588720 0.1332956 0.1832012 0.1315841 0.0941019 0.1524677 0.1858311 0.1491092 0.1358197 0.1653376 0.1315841 0.0872672 0.1272071 0.1762881 0.0951517 0.1281722 0.1481853 0.0312353 0.0652208 0.1053582 0.1645801 0.1077464 0.1449589 0.1032741 0.1363214 0.1966608 0.1536295 0.0971292 0.1028781 0.1246628 0.1712349 0.0872672 0.1863436 0.1732245 0.1279226 0.1488091 0.0254379 0.0868803 0.1673442 0.1367734 
S0689         0.5003843 0.4668421 0.4924325 0.1583221 0.0677818 0.2070726 0.0721951 0.1032119 0.1120889 0.0910836 0.1471876 0.1159302 0.0670080 0.1028122 0.1418453 0.0608678 0.0659852 0.1252482 0.0000010 0.0444062 0.0586105 0.1115624 0.0575732 0.1252147 0.0809920 0.0656340 0.0734563 0.0889443 0.0653867 0.0937612 0.0684546 0.1248271 0.0671185 0.0895578 0.1393512 0.1109898 0.0000000 0.0504835 0.0951644 0.0815603 0.2193285 0.0503902 0.0665997 0.0581844 0.0814825 0.0804566 0.0442799 0.0809920 0.1115666 0.0732772 0.1155938 0.1115743 0.1559071 0.0589147 0.1042844 0.0955547 0.0749701 0.0876516 0.1022494 0.1417449 0.1425963 0.1280636 0.0678363 0.0424825 0.0964646 0.2168824 0.1768418 0.0965662 0.1410052 0.0678363 0.0646856 0.1124398 0.2274458 0.0450494 0.0720937 0.0939047 0.0892030 0.1111283 0.0798073 0.0973087 0.0675519 0.0663402 0.0586611 0.1111971 0.1442505 0.0817473 0.0386950 0.0584405 0.0795099 0.1211793 0.0646856 0.0649882 0.1307364 0.0720251 0.1320617 0.0907515 0.0438715 0.1325459 0.0722940 
S0690         0.6406033 0.5982690 0.6506768 0.1667439 0.0360058 0.2569055 0.0823953 0.0853227 0.0928205 0.0596917 0.1403220 0.1441517 0.0355757 0.0981031 0.1456294 0.0966620 0.0927451 0.1258541 1.2396384 0.0134246 0.0203432 0.0921034 0.0496157 0.1265194 0.0842124 0.0572559 0.0929129 0.1032198 0.0572974 0.0769687 0.0857614 0.1220802 0.0281788 0.0353521 0.1315331 0.0998168 0.0504835 0.0000000 0.0824526 0.1027925 0.1958575 0.0666242 0.0937980 0.0278497 0.0944397 0.0835769 0.0133837 0.0842124 0.1207115 0.0587351 0.1049956 0.1089322 0.1117030 0.0758911 0.1083115 0.1007972 0.1091878 0.1194039 0.0985088 0.1345081 0.1334566 0.1558375 0.0884009 0.0282545 0.1120108 0.2077946 0.1634746 0.1121449 0.0936197 0.0884009 0.0425567 0.1102390 0.2076042 0.0136270 0.0906433 0.0988103 0.0840142 0.0986932 0.0841765 0.1037706 0.0784965 0.0941150 0.0203624 0.0978232 0.1559882 0.1026308 0.0208702 0.0202807 0.0908614 0.1091774 0.0425567 0.0970685 0.1415205 0.0905139 0.1237312 0.0849656 0.0204065 0.1342234 0.0889948 
S0720         0.6072561 0.5893380 0.5186999 0.1241685 0.0888103 0.2281893 0.0575115 0.0848785 0.0574342 0.1146967 0.1539309 0.1149998 0.0818299 0.1084934 0.1663741 0.1322495 0.1111788 0.1006811 0.0505067 0.0721807 0.0876463 0.1343015 0.0657555 0.1492695 0.0658857 0.0786300 0.1036575 0.0964601 0.0933211 0.1025678 0.1211622 0.1297702 0.0973810 0.1051981 0.1461371 0.1249398 0.0951644 0.0824526 0.0000000 0.1126210 0.1949445 0.1113134 0.1122685 0.0962659 0.0809308 0.0581902 0.0719712 0.0658857 0.1107184 0.0060093 0.1325635 0.0944901 0.0861619 0.0732369 0.0957267 0.0799487 0.0734834 0.1021592 0.0999608 0.0809678 0.1201318 0.1133434 0.1068330 0.0765211 0.1113228 0.1929117 0.1218827 0.0958707 0.1146337 0.1068330 0.0870588 0.1032173 0.1833746 0.0732792 0.0661251 0.0786303 0.0730734 0.1094053 0.1049699 0.0801337 0.0995061 0.1117248 0.0877212 0.1360236 0.1329073 0.0884077 0.0747892 0.0873870 0.0645023 0.0964052 0.0870588 0.0636977 0.1052899 0.0660672 0.0731303 0.1069570 0.0579468 0.0883045 0.0735559 
