110
CRNC          0.0000000 0.1995249 0.2163397 0.4313921 0.4637502 0.4558435 0.4193352 0.4448120 0.4841767 0.4744323 0.4360191 0.4344628 0.5126224 0.3690947 0.4523584 0.4607613 0.4554595 0.4075230 0.4517337 0.4454706 0.4229600 0.4345640 0.4190905 0.4368039 0.4348879 0.4834339 0.4438561 0.4210350 0.4198357 0.4443718 0.4247387 0.4533761 0.4771675 0.3847684 0.4670900 0.4722197 0.4359690 0.4545797 0.4125116 0.4056350 0.4602755 0.4275392 0.4430141 0.4244589 0.4444178 0.4196707 0.4757154 0.4200252 0.4070387 0.4259841 0.4097942 0.4174008 0.3953608 0.4290439 0.4406788 0.4173605 0.4426777 0.4401275 0.4240155 0.4423411 0.4055070 0.4558777 0.4211519 0.4435206 0.4461806 0.4654311 0.4582587 0.4138642 0.5002727 0.4278003 0.4473767 0.4477211 0.4195133 0.4251001 0.4568775 0.4465763 0.4373318 0.4593293 0.4518664 0.4300019 0.4353213 0.4477624 0.4653830 0.4301600 0.4237634 0.4638471 0.4276417 0.4036132 0.4502449 0.4417954 0.4442140 0.4179707 0.4576422 0.4751106 0.4510545 0.4102940 0.4357065 0.4689134 0.4370372 0.4413028 0.5002185 0.4707719 0.4125261 0.4290845 0.4004071 0.4680632 0.4415303 0.4199339 0.4669384 0.4167162 
HYZL          0.1995249 0.0000000 0.1352063 0.3568664 0.3209488 0.3586284 0.3508612 0.3619514 0.3629553 0.3903809 0.3711903 0.3629786 0.3827399 0.3984641 0.3715141 0.3630074 0.3625906 0.3465180 0.3698299 0.3488594 0.3332720 0.3523799 0.3345155 0.3442380 0.3243434 0.3898998 0.3531818 0.3337028 0.3335711 0.3655181 0.3464784 0.3539848 0.3750750 0.3502930 0.3682186 0.3789547 0.3422940 0.3757422 0.3275362 0.3296416 0.3756369 0.3668429 0.3527723 0.3305702 0.3500960 0.3374007 0.3797373 0.3456740 0.3316876 0.3302407 0.3241881 0.3413976 0.3241881 0.3473812 0.3510466 0.3313824 0.3855426 0.3739435 0.3280818 0.3286332 0.3025416 0.3676053 0.3293301 0.3451133 0.3682205 0.3728486 0.3680781 0.3759168 0.4403830 0.3527683 0.3749278 0.3533313 0.3321993 0.3298283 0.3566556 0.3697492 0.3688200 0.3760825 0.3448045 0.3557999 0.3566387 0.3766523 0.3632306 0.3650622 0.3632916 0.3654634 0.3398003 0.3048707 0.3635346 0.3503275 0.3507041 0.3589629 0.3609661 0.3505972 0.3703571 0.3234351 0.3462450 0.3564458 0.3579464 0.3608532 0.3701317 0.3667007 0.3574935 0.3712061 0.3282193 0.3655562 0.3475166 0.3384055 0.3745849 0.3539113 
MYZV          0.2163397 0.1352063 0.0000000 0.4212881 0.3109237 0.4120754 0.3966283 0.3719121 0.4058064 0.3976402 0.3858176 0.3837441 0.4332379 0.3425215 0.3925815 0.3768071 0.4382558 0.3804610 0.4369801 0.3969759 0.4074784 0.3549353 0.3469560 0.3705073 0.3571701 0.3714580 0.3733282 0.3472742 0.3571688 0.4279631 0.3703973 0.3867793 0.3918679 0.3824321 0.4002833 0.4006024 0.3472266 0.4037641 0.3711311 0.3754826 0.3872360 0.3479073 0.3590856 0.4126556 0.3776456 0.3672166 0.4440701 0.3823991 0.3567788 0.3601745 0.3371492 0.3603565 0.3371492 0.4143052 0.3572541 0.3756029 0.4259484 0.3727777 0.3723434 0.3669852 0.3740485 0.3938296 0.3826945 0.3762809 0.4017199 0.3945568 0.3902570 0.3831204 0.4342693 0.3808898 0.4214331 0.3899853 0.3457052 0.3707544 0.4056026 0.3864542 0.3985343 0.3976478 0.3842717 0.3928704 0.3704096 0.4200136 0.3991354 0.3636869 0.3634643 0.4323749 0.3852047 0.3559494 0.4299018 0.4089375 0.3774252 0.3790893 0.4038565 0.4065003 0.3849229 0.3574468 0.3579831 0.3861323 0.3704406 0.3708447 0.3999135 0.4127680 0.3971571 0.3927514 0.3415169 0.3866729 0.3672666 0.3568894 0.3965512 0.3674192 
SRR6441723    0.4313921 0.3568664 0.4212881 0.0000000 0.0000010 0.0602571 0.2795200 0.0646742 0.0914250 0.1023755 0.0791634 0.0745177 0.0985483 0.0967700 0.0802466 0.0711724 0.1001689 0.0985390 0.1032516 0.0661141 0.0602858 0.1071724 0.0636145 0.0675728 0.0783183 0.0892657 0.0688630 0.0634355 0.0803735 0.0993126 0.0573981 0.0912725 0.0871857 0.0834167 0.0948343 0.0755586 0.0693608 0.0769651 0.0562700 0.0692121 0.0770918 0.1029224 0.0637318 0.0870104 0.0964770 0.0494463 0.1046301 0.0655107 0.0637718 0.0854565 0.0634355 0.0595448 0.0678217 0.0725948 0.0634989 0.0569784 0.0942172 0.0723237 0.0614176 0.0672334 0.0744967 0.0906827 0.0733267 0.0939028 0.0947508 0.0523737 0.1100009 0.1046394 0.1341731 0.0657056 0.0777234 0.0926840 0.0673799 0.0953094 0.0682722 0.0702626 0.0815833 0.0712593 0.0851966 0.0845887 0.0712907 0.0753278 0.0658643 0.0681637 0.0697732 0.0996042 0.0646143 0.0715783 0.0992089 0.0903870 0.0637944 0.0953757 0.0270465 0.0866511 0.0711828 0.0532662 0.0767296 0.0648205 0.0972550 0.0569530 0.0918652 0.0780454 0.0663983 0.0727060 0.0673810 0.0559907 0.0607265 0.0752048 0.0599088 0.0598380 
ERR4210213    0.4637502 0.3209488 0.3109237 0.0000010 0.0000000 0.0422870 0.4099821 0.0421379 0.0736833 0.1115480 0.0417002 0.0441682 0.0726157 0.0000010 0.0754857 0.0145641 0.0909593 0.0567865 0.0727197 0.0419934 0.0000010 0.0737189 0.0417002 0.0417002 0.0441682 0.0586048 0.0571318 0.0881460 0.0571952 0.0899268 0.0419934 0.0419969 0.0760599 0.0905204 0.0574154 0.0569949 0.0140642 0.0571318 0.0567865 0.0419969 0.0764831 0.0476961 0.0274159 0.0590365 0.0575466 0.0277887 0.1090653 0.0417002 0.0567157 0.0583077 0.0881460 0.0417002 0.0905610 0.0419934 0.0274159 0.0567865 0.0886381 0.0280099 0.0567865 0.0419934 0.0582113 0.0284255 0.0567865 0.0750745 0.0728143 0.0135173 0.0889580 0.0466236 0.0941884 0.0437010 0.0591193 0.0575466 0.0881460 0.0584948 0.0274159 0.0603667 0.0735705 0.0889454 0.0722662 0.0584948 0.0569949 0.0715340 0.0276020 0.0275733 0.0297513 0.0925512 0.0915089 0.0727197 0.0747069 0.0738366 0.0417002 0.0728143 0.0136622 0.0421379 0.0569949 0.0417002 0.0421379 0.0569949 0.0728143 0.0275733 0.0588308 0.0421379 0.0574163 0.0578737 0.0881460 0.0274159 0.0423894 0.0417002 0.0422870 0.0428006 
ERR2789774    0.4558435 0.3586284 0.4120754 0.0602571 0.0422870 0.0000000 0.2403756 0.0569707 0.1076712 0.0739805 0.0713168 0.0991565 0.0851611 0.1173419 0.0645853 0.0870068 0.0812732 0.0840531 0.0891678 0.0815850 0.0756543 0.0796377 0.0560389 0.0599176 0.0940992 0.0792680 0.0841472 0.0598427 0.0598589 0.0853455 0.0724193 0.0823320 0.0622381 0.0863663 0.0973945 0.0677450 0.0819305 0.1012872 0.0634471 0.0801112 0.0565917 0.0892722 0.0487025 0.0760794 0.0967990 0.0377075 0.0886787 0.0521991 0.0524659 0.0768010 0.0523439 0.0520704 0.0600632 0.0643248 0.0485270 0.0636050 0.0805565 0.0795979 0.0649200 0.0563768 0.0538852 0.0818127 0.0646619 0.0850173 0.0857836 0.0600404 0.1181971 0.0936361 0.1133357 0.0575016 0.0692118 0.0884490 0.0561785 0.0909411 0.0602449 0.0774059 0.0762154 0.0557505 0.0730324 0.0844102 0.0598227 0.0717906 0.0893218 0.0753824 0.0771615 0.0808293 0.0719503 0.0553383 0.0884749 0.0768395 0.0636834 0.0815306 0.0765600 0.0776582 0.0711699 0.0533000 0.0610132 0.0650308 0.0768437 0.0718527 0.0784997 0.0653262 0.1056495 0.0691177 0.0561796 0.0562271 0.0640964 0.0598929 0.0601667 0.0636155 
PAFTOL_019361 0.4193352 0.3508612 0.3966283 0.2795200 0.4099821 0.2403756 0.0000000 0.2963233 0.2607124 0.2592298 0.2561348 0.3049491 0.3370365 0.1669016 0.2392462 0.2788226 0.3166783 0.2661784 0.3166783 0.2788226 0.3043544 0.3306912 0.2196542 0.2374201 0.2432241 0.2782670 0.2574419 0.2421238 0.1893428 0.3218942 0.2574419 0.3151739 0.2950474 0.3341709 0.2612859 0.2994469 0.2381176 0.3153304 0.2185674 0.3344704 0.2573582 0.2196542 0.2766041 0.3421203 0.2916717 0.2576405 0.3360165 0.2363832 0.2196542 0.3121888 0.2597311 0.2196542 0.2391970 0.2790351 0.2766041 0.2185674 0.2578322 0.2578145 0.2045547 0.2563085 0.2801919 0.3114640 0.2790351 0.3121888 0.3207716 0.2570883 0.3553985 0.2667764 0.2988645 0.2597311 0.2814719 0.2916717 0.2597311 0.3016934 0.2802960 0.2266900 0.3024684 0.2546449 0.2689785 0.2968532 0.2196542 0.2599421 0.2788226 0.2578145 0.2578145 0.3166783 0.2185674 0.2869877 0.3203119 0.3166783 0.2544525 0.2755698 0.2402528 0.3269781 0.2392462 0.2230861 0.2776766 0.2727767 0.3325500 0.2799908 0.3683102 0.2996089 0.3174389 0.2578322 0.2814428 0.2541059 0.2390297 0.2012487 0.2541059 0.2010672 
S0055         0.4448120 0.3619514 0.3719121 0.0646742 0.0421379 0.0569707 0.2963233 0.0000000 0.0911213 0.0816803 0.0561771 0.0828653 0.0892268 0.0985715 0.0569439 0.0709648 0.0824716 0.0795010 0.0856011 0.0659310 0.0762518 0.0933752 0.0414027 0.0451330 0.0780826 0.0793166 0.0573420 0.0522255 0.0640293 0.0817729 0.0528897 0.0697924 0.0622022 0.0654820 0.0851652 0.0376386 0.0581045 0.0852113 0.0562140 0.0725796 0.0528904 0.0760622 0.0450838 0.0672543 0.0813600 0.0415421 0.0899914 0.0525042 0.0415028 0.0646223 0.0448701 0.0376220 0.0524128 0.0698178 0.0449217 0.0601036 0.0722875 0.0721186 0.0613501 0.0632894 0.0579830 0.0693649 0.0728713 0.0725701 0.0650264 0.0533182 0.1074027 0.0942154 0.1048561 0.0580461 0.0657765 0.0819040 0.0486171 0.0842318 0.0607149 0.0821975 0.0726946 0.0523335 0.0762787 0.0823863 0.0412125 0.0603058 0.0735192 0.0679768 0.0695754 0.0820142 0.0645403 0.0393344 0.0897811 0.0732961 0.0487863 0.0731575 0.0644629 0.0775809 0.0484182 0.0422922 0.0306664 0.0644271 0.0641281 0.0600057 0.0825761 0.0692415 0.0912595 0.0575164 0.0486181 0.0495175 0.0605685 0.0524260 0.0534295 0.0487285 
S0278         0.4841767 0.3629553 0.4058064 0.0914250 0.0736833 0.1076712 0.2607124 0.0911213 0.0000000 0.1356564 0.1032208 0.0382379 0.1246834 0.1418910 0.0994389 0.0206714 0.1254554 0.1218148 0.1243405 0.0349238 0.0999846 0.1367227 0.0863191 0.0906518 0.0343440 0.1234020 0.0382060 0.0864164 0.1141145 0.1243541 0.0386003 0.1066715 0.1192339 0.1245245 0.0415152 0.0993965 0.1116180 0.0347919 0.0654706 0.0704646 0.1086195 0.1268344 0.0952268 0.1032155 0.1327271 0.0782889 0.1335569 0.0913954 0.0832552 0.1002918 0.0864164 0.0818025 0.0913991 0.0916480 0.0948559 0.0695473 0.1220184 0.0608305 0.0614531 0.0942865 0.0933151 0.1059452 0.1051278 0.1092259 0.1102262 0.0945502 0.1420333 0.1280519 0.1605037 0.0812647 0.0975136 0.1228282 0.0907716 0.1214709 0.0869856 0.1076267 0.1071164 0.1035495 0.1079838 0.1235775 0.0946528 0.1082333 0.0273333 0.0612499 0.0626988 0.1205556 0.0742659 0.1001948 0.1200536 0.1146435 0.0865744 0.1130900 0.1000075 0.1191633 0.1029992 0.0836153 0.1042985 0.1101383 0.1233945 0.0695388 0.1321473 0.1098777 0.0565979 0.0963449 0.0907727 0.0985593 0.0462461 0.0900211 0.1031376 0.0909450 
S0281         0.4744323 0.3903809 0.3976402 0.1023755 0.1115480 0.0739805 0.2592298 0.0816803 0.1356564 0.0000000 0.0852156 0.1297521 0.0938165 0.1256625 0.0865153 0.1167647 0.1104769 0.1168621 0.1047818 0.1103941 0.1033156 0.1004724 0.0771024 0.0812809 0.1206332 0.1122427 0.1039789 0.0732733 0.0817239 0.1095219 0.1032500 0.1053442 0.0661386 0.1056438 0.1315641 0.0816503 0.1055305 0.1224399 0.0898120 0.0984900 0.0783687 0.0911532 0.0539439 0.1031289 0.1215166 0.0655566 0.1183538 0.0902305 0.0693355 0.1081254 0.0653831 0.0727693 0.0702987 0.0942007 0.0537437 0.0941545 0.0933800 0.1075817 0.0961607 0.0728774 0.0757548 0.1138828 0.0996468 0.1171253 0.1181826 0.0693300 0.1505665 0.1058490 0.1229625 0.0839889 0.0967627 0.1223379 0.0694457 0.1260039 0.0865062 0.1013218 0.0994650 0.0770502 0.0935766 0.1230797 0.0851647 0.0982291 0.1186607 0.1029053 0.0998189 0.1098446 0.0993569 0.0810737 0.1180534 0.1002689 0.0852892 0.0945208 0.1025850 0.0944027 0.0932445 0.0788618 0.0860748 0.0811602 0.0903168 0.0939826 0.0871542 0.0815347 0.1433030 0.0914916 0.0694468 0.0653579 0.0916331 0.0812575 0.0694834 0.0852116 
S0282         0.4360191 0.3711903 0.3858176 0.0791634 0.0417002 0.0713168 0.2561348 0.0561771 0.1032208 0.0852156 0.0000000 0.0948079 0.0864569 0.0621046 0.0416523 0.0787216 0.0982509 0.0998833 0.0974372 0.0774640 0.0877670 0.1010578 0.0132412 0.0235116 0.0898417 0.1003222 0.0722661 0.0595579 0.0720529 0.0987620 0.0716480 0.0983732 0.0694678 0.1067327 0.0969559 0.0339906 0.0537732 0.0969882 0.0564535 0.0808475 0.0642049 0.0379745 0.0519993 0.0902078 0.1014463 0.0523049 0.1104846 0.0654533 0.0200766 0.0924276 0.0595579 0.0165496 0.0673956 0.0846195 0.0518127 0.0603530 0.0918483 0.0755861 0.0616067 0.0743494 0.0773312 0.0977351 0.0843862 0.1009142 0.1018121 0.0676214 0.1286058 0.1073942 0.1133451 0.0655323 0.0775033 0.1021192 0.0634515 0.1007783 0.0719193 0.0824942 0.0923623 0.0633466 0.0846035 0.1027216 0.0200215 0.0449721 0.0851368 0.0714275 0.0731030 0.1022720 0.0648016 0.0785147 0.1102152 0.0898962 0.0269696 0.1013152 0.0715954 0.0821226 0.0268788 0.0239699 0.0598431 0.0725110 0.0832669 0.0710929 0.0830117 0.0696253 0.1164274 0.0383591 0.0634526 0.0637428 0.0640230 0.0234652 0.0569156 0.0269331 
S0289         0.4344628 0.3629786 0.3837441 0.0745177 0.0441682 0.0991565 0.3049491 0.0828653 0.0382379 0.1297521 0.0948079 0.0000000 0.1230800 0.1182071 0.0910671 0.0169918 0.1164139 0.1002841 0.1153899 0.0310091 0.0827470 0.1224780 0.0782075 0.0824535 0.0234473 0.1095024 0.0342730 0.0782890 0.1053749 0.1153937 0.0346252 0.1067665 0.1169017 0.1053448 0.0447684 0.0910204 0.0850836 0.0339700 0.0577712 0.0545001 0.1000426 0.1168434 0.0787923 0.0982804 0.1147851 0.0702906 0.1244378 0.0819967 0.0784100 0.1003868 0.0782890 0.0738027 0.0831181 0.0833535 0.0784889 0.0617670 0.1219359 0.0532782 0.0538214 0.0860616 0.0852440 0.1060397 0.0965535 0.1093186 0.1052244 0.0862853 0.1237829 0.1104901 0.1567132 0.0763130 0.0889910 0.1053100 0.0825513 0.1038688 0.0870792 0.0800514 0.0965342 0.0951032 0.0994487 0.1059491 0.0863967 0.0996810 0.0236000 0.0536535 0.0549130 0.1116249 0.0663374 0.0909142 0.1111646 0.1058930 0.0784370 0.1130271 0.0827547 0.1134250 0.0946049 0.0754219 0.0916358 0.1014219 0.1090817 0.0617592 0.1228328 0.1011935 0.0327131 0.0879289 0.0825524 0.0902410 0.0463163 0.0818875 0.0947124 0.0827156 
S0292         0.5126224 0.3827399 0.4332379 0.0985483 0.0726157 0.0851611 0.3370365 0.0892268 0.1246834 0.0938165 0.0864569 0.1230800 0.0000000 0.1991000 0.0914451 0.1012876 0.1243297 0.1163224 0.1273515 0.1042500 0.1064706 0.1084262 0.0781064 0.0742164 0.1087049 0.1219969 0.1065831 0.0854306 0.0765365 0.1136435 0.1031843 0.1090661 0.0726048 0.1267472 0.1265716 0.0783668 0.0967701 0.1249227 0.0897541 0.0929086 0.0908518 0.1218781 0.0647539 0.1084211 0.1288741 0.0696975 0.1323296 0.0999343 0.0783079 0.1027248 0.0805574 0.0737188 0.0890135 0.1031559 0.0645138 0.0940941 0.1123287 0.1035666 0.0862258 0.0834073 0.0918248 0.0998749 0.1042298 0.1115570 0.1125596 0.0776620 0.1529119 0.1205974 0.1538327 0.0668142 0.0871751 0.1248743 0.0847582 0.1241224 0.0896678 0.1100236 0.1042317 0.0809743 0.0528427 0.1256230 0.0862611 0.0994796 0.1123437 0.1028400 0.1054008 0.1236103 0.0992932 0.0836185 0.1319828 0.1043314 0.0782072 0.1224689 0.0954801 0.0340640 0.0944309 0.0716994 0.0936899 0.0613756 0.1066745 0.1023376 0.0344286 0.0302095 0.1443778 0.0924560 0.0847593 0.0736012 0.0948574 0.0775424 0.0694861 0.0863095 
S0293         0.3690947 0.3984641 0.3425215 0.0967700 0.0000010 0.1173419 0.1669016 0.0985715 0.1418910 0.1256625 0.0621046 0.1182071 0.1991000 0.0000000 0.0891579 0.0983378 0.1651052 0.1403358 0.1638918 0.0997883 0.1379679 0.1075912 0.0378064 0.0619751 0.1369250 0.0797483 0.0891480 0.0787322 0.1281251 0.1655605 0.0980241 0.1768599 0.1317403 0.1279437 0.1258576 0.0982069 0.0703131 0.1264772 0.1000133 0.1309580 0.0884612 0.0071051 0.1063762 0.1644617 0.1186640 0.0979411 0.1745416 0.0893022 0.0540636 0.1502500 0.0873439 0.0536330 0.0873439 0.1270325 0.1063762 0.1000133 0.1272163 0.1162789 0.0920772 0.1429949 0.1328086 0.1859951 0.1077056 0.1603613 0.1665217 0.1067640 0.1721497 0.1054338 0.0876326 0.1070458 0.1277131 0.1395446 0.0873439 0.1236038 0.1263911 0.1102850 0.1278301 0.1059442 0.1391424 0.1424513 0.0455878 0.0803618 0.1077903 0.1162789 0.1162789 0.1638918 0.1006817 0.1285911 0.1638918 0.1524948 0.0703131 0.1368982 0.0796520 0.2021997 0.0539171 0.0558310 0.0978435 0.1196945 0.1466873 0.1063632 0.2037336 0.1557096 0.1448415 0.0801801 0.0966715 0.1067640 0.0977027 0.0617696 0.1067640 0.0619323 
S0294         0.4523584 0.3715141 0.3925815 0.0802466 0.0754857 0.0645853 0.2392462 0.0569439 0.0994389 0.0865153 0.0416523 0.0910671 0.0914451 0.0891579 0.0000000 0.0750229 0.0952954 0.1059273 0.0983793 0.0738274 0.0809653 0.0978036 0.0272950 0.0308985 0.0861524 0.0974658 0.0645816 0.0603658 0.0688739 0.0912479 0.0681143 0.0997583 0.0829016 0.1035413 0.0932643 0.0381844 0.0623498 0.0933015 0.0604410 0.0819720 0.0729558 0.0550870 0.0566395 0.0713866 0.1028595 0.0530168 0.1029230 0.0620860 0.0273615 0.0937080 0.0603658 0.0236784 0.0683145 0.0777666 0.0564325 0.0643983 0.0887149 0.0766228 0.0657429 0.0753533 0.0784145 0.0991029 0.0855556 0.1023165 0.1032356 0.0685465 0.1208688 0.1092012 0.1054381 0.0622815 0.0742788 0.1035496 0.0643144 0.1065699 0.0729069 0.0869643 0.0936440 0.0642073 0.0814298 0.1041671 0.0343989 0.0381070 0.0814853 0.0724035 0.0741238 0.0947625 0.0689424 0.0753364 0.1026749 0.0824882 0.0344587 0.1027312 0.0725769 0.0869991 0.0415669 0.0278755 0.0566678 0.0735155 0.0718977 0.0720603 0.0879794 0.0785894 0.1118117 0.0238386 0.0643155 0.0646139 0.0649010 0.0380127 0.0577009 0.0273348 
S0299         0.4607613 0.3630074 0.3768071 0.0711724 0.0145641 0.0870068 0.2788226 0.0709648 0.0206714 0.1167647 0.0787216 0.0169918 0.1012876 0.0983378 0.0750229 0.0000000 0.1124083 0.1006593 0.1114184 0.0241521 0.0794448 0.1088539 0.0623039 0.0666739 0.0203226 0.0875374 0.0275678 0.0667391 0.0929529 0.1065944 0.0278567 0.0897697 0.0996486 0.1061476 0.0308942 0.0749717 0.0895461 0.0274369 0.0502941 0.0549570 0.0878081 0.0933119 0.0711543 0.0992915 0.1099091 0.0586784 0.1204545 0.0636352 0.0627242 0.0838315 0.0705132 0.0583418 0.0752265 0.0754483 0.0708802 0.0542311 0.1092968 0.0459268 0.0462083 0.0782411 0.0769215 0.0891743 0.0884757 0.0924878 0.0933476 0.0743961 0.1143932 0.1007365 0.1319063 0.0679016 0.0805885 0.1010050 0.0663115 0.0994631 0.0670007 0.0760198 0.0926215 0.0830474 0.0872711 0.1016185 0.0705386 0.0833765 0.0169460 0.0462597 0.0473421 0.1076359 0.0586819 0.0868989 0.1071911 0.0972666 0.0627474 0.1005458 0.0792116 0.0958612 0.0785523 0.0596051 0.0836149 0.0890056 0.1051640 0.0542246 0.1097631 0.0888184 0.0338507 0.0717805 0.0747136 0.0783032 0.0316122 0.0662244 0.0783032 0.0668823 
S0303         0.4554595 0.3625906 0.4382558 0.1001689 0.0909593 0.0812732 0.3166783 0.0824716 0.1254554 0.1104769 0.0982509 0.1164139 0.1243297 0.1651052 0.0952954 0.1124083 0.0000000 0.0748014 0.0167937 0.1008216 0.0942324 0.1120107 0.0816173 0.0903240 0.1196695 0.1079505 0.1084858 0.0857521 0.0940735 0.0202663 0.0991285 0.1137955 0.0980755 0.0710173 0.1231000 0.0990345 0.1068390 0.1181648 0.0891372 0.1036966 0.0782192 0.1107161 0.0700416 0.0195265 0.1322223 0.0615654 0.0132673 0.0821953 0.0735653 0.1073136 0.0776048 0.0815091 0.0861043 0.0862192 0.0697758 0.0934479 0.0651297 0.0946738 0.0954281 0.0818763 0.0278335 0.1083158 0.0865460 0.1162480 0.1172917 0.0993670 0.1357000 0.0770871 0.1010300 0.0752015 0.0876726 0.1227058 0.0818266 0.1311842 0.0821535 0.0959512 0.0501450 0.0893292 0.1004622 0.1281089 0.0898215 0.0774036 0.1143835 0.0901607 0.0923788 0.0065979 0.0986071 0.0438233 0.0132429 0.0168312 0.0944451 0.0659157 0.1003787 0.1116508 0.0980414 0.0789313 0.0698816 0.0711904 0.0825989 0.1068347 0.1175163 0.1022380 0.1208647 0.0963555 0.0734408 0.0950562 0.0993019 0.0940047 0.0996116 0.0898722 
S0308         0.4075230 0.3465180 0.3804610 0.0985390 0.0567865 0.0840531 0.2661784 0.0795010 0.1218148 0.1168621 0.0998833 0.1002841 0.1163224 0.1403358 0.1059273 0.1006593 0.0748014 0.0000000 0.0779772 0.0941130 0.1044580 0.0964640 0.0873089 0.0916990 0.1080570 0.1058506 0.1015602 0.0710417 0.0964079 0.0741654 0.0837713 0.0850575 0.0996266 0.0837655 0.1161242 0.1005613 0.1001307 0.1202679 0.0789340 0.0799671 0.0881789 0.1119041 0.0670867 0.0547770 0.1080889 0.0547177 0.0823034 0.0888201 0.0828680 0.0792930 0.0629995 0.0827305 0.0675964 0.0721227 0.0668303 0.0832340 0.0741432 0.0876383 0.0846687 0.0629736 0.0586652 0.0845026 0.0634538 0.0877964 0.0886097 0.0806222 0.1124407 0.0827960 0.1220075 0.0643777 0.0726903 0.1033946 0.0671340 0.0974220 0.0792028 0.0941463 0.0666263 0.0830274 0.0897495 0.1040341 0.0957511 0.0954571 0.1073856 0.0831521 0.0810223 0.0743865 0.0883142 0.0563254 0.0740985 0.0702090 0.0958883 0.0750543 0.0935766 0.1082292 0.1042050 0.0801315 0.0798697 0.0936368 0.0931752 0.0830845 0.1049788 0.0943669 0.1173115 0.1071524 0.0589188 0.0846474 0.0839170 0.1000559 0.0891667 0.0919994 
S0322         0.4517337 0.3698299 0.4369801 0.1032516 0.0727197 0.0891678 0.3166783 0.0856011 0.1243405 0.1047818 0.0974372 0.1153899 0.1273515 0.1638918 0.0983793 0.1114184 0.0167937 0.0779772 0.0000000 0.1002730 0.0890121 0.1116421 0.0891021 0.0934069 0.1186236 0.1067021 0.1075650 0.0888386 0.1021885 0.0234860 0.0983011 0.1168314 0.1012199 0.0742058 0.1220247 0.1020950 0.1099618 0.1171434 0.0933222 0.1028244 0.0813485 0.1096806 0.0729244 0.0232505 0.1351984 0.0647270 0.0235174 0.0761060 0.0766945 0.1103283 0.0807199 0.0846054 0.0892031 0.0855145 0.0729244 0.0976808 0.0682646 0.0938908 0.0997534 0.0849768 0.0239809 0.1113489 0.0896474 0.1192332 0.1202922 0.1024359 0.1386291 0.0675020 0.0953427 0.0783790 0.0908077 0.1257107 0.0849339 0.1342320 0.0852605 0.1038573 0.0533483 0.0973283 0.0996134 0.1311072 0.0973755 0.0805115 0.1133942 0.0894211 0.0916022 0.0099402 0.1029263 0.0471320 0.0166274 0.0200627 0.0975107 0.0690808 0.1034633 0.1147484 0.1056562 0.0820904 0.0774984 0.0743881 0.0857235 0.1059408 0.1206147 0.1053616 0.1195868 0.0947802 0.0765639 0.0981399 0.0984719 0.0977266 0.1026878 0.0974316 
S0327         0.4454706 0.3488594 0.3969759 0.0661141 0.0419934 0.0815850 0.2788226 0.0659310 0.0349238 0.1103941 0.0774640 0.0310091 0.1042500 0.0997883 0.0738274 0.0241521 0.1008216 0.0941130 0.1002730 0.0000000 0.0738946 0.1071409 0.0613389 0.0656286 0.0272319 0.0904756 0.0237926 0.0616453 0.0872993 0.1002616 0.0169587 0.0884190 0.0979856 0.0997223 0.0415161 0.0737768 0.0845139 0.0307097 0.0421571 0.0430065 0.0823326 0.0962157 0.0698441 0.0833062 0.1042126 0.0537707 0.1089245 0.0671711 0.0615154 0.0826024 0.0616453 0.0574452 0.0661307 0.0612589 0.0695799 0.0459554 0.0983794 0.0380077 0.0382368 0.0689010 0.0755995 0.0878426 0.0734433 0.0911093 0.0919462 0.0693078 0.1129139 0.0945726 0.1242800 0.0546151 0.0664411 0.0955155 0.0656876 0.0937309 0.0650819 0.0840863 0.0823326 0.0776927 0.0818310 0.0960879 0.0694276 0.0780207 0.0203152 0.0382863 0.0391627 0.0965899 0.0501894 0.0765566 0.0962031 0.0956552 0.0617690 0.0899949 0.0741799 0.0945332 0.0773000 0.0584468 0.0782413 0.0834290 0.0988245 0.0459503 0.1034902 0.0832622 0.0424298 0.0706291 0.0656888 0.0731268 0.0311962 0.0651938 0.0773531 0.0658304 
S0335         0.4229600 0.3332720 0.4074784 0.0602858 0.0000010 0.0756543 0.3043544 0.0762518 0.0999846 0.1033156 0.0877670 0.0827470 0.1064706 0.1379679 0.0809653 0.0794448 0.0942324 0.1044580 0.0890121 0.0738946 0.0000000 0.0973167 0.0718222 0.0758922 0.0865902 0.1053154 0.0768400 0.0716167 0.0891071 0.0934382 0.0684203 0.0903777 0.0945401 0.0887003 0.0900510 0.0841032 0.0863262 0.0850892 0.0716487 0.0693663 0.0842187 0.1127154 0.0719506 0.0901576 0.1186980 0.0487046 0.1017906 0.0655351 0.0717351 0.0846274 0.0716167 0.0676159 0.0761790 0.0728778 0.0716840 0.0757101 0.0999593 0.0803159 0.0772864 0.0711098 0.0655438 0.0897985 0.0886343 0.0929964 0.0938311 0.0764696 0.1362465 0.1027575 0.1272396 0.0653915 0.0690273 0.1050903 0.0756767 0.1081111 0.0535593 0.0731487 0.0842229 0.0876737 0.0940195 0.1100615 0.0796906 0.0920574 0.0738956 0.0760608 0.0778704 0.0854456 0.0804529 0.0666022 0.0851160 0.0890178 0.0798083 0.0929762 0.0604207 0.0944667 0.0875840 0.0687899 0.0725482 0.0772014 0.1092913 0.0679922 0.0998201 0.0857143 0.0856408 0.0816929 0.0756778 0.0802952 0.0685317 0.0721842 0.0845670 0.0683733 
S0376         0.4345640 0.3523799 0.3549353 0.1071724 0.0737189 0.0796377 0.3306912 0.0933752 0.1367227 0.1004724 0.1010578 0.1224780 0.1084262 0.1075912 0.0978036 0.1088539 0.1120107 0.0964640 0.1116421 0.1071409 0.0973167 0.0000000 0.0835211 0.0882797 0.1214314 0.0776577 0.1099926 0.0798754 0.0713644 0.1121593 0.0972554 0.1090974 0.1100724 0.1139458 0.1159448 0.0887025 0.1050758 0.1201011 0.0921351 0.1019581 0.0768044 0.0732619 0.0719542 0.1056163 0.1205157 0.0595668 0.1200312 0.1047037 0.0841047 0.1071846 0.0759948 0.0793062 0.0803278 0.1074610 0.0716745 0.0966220 0.0979892 0.1061319 0.0928234 0.0723641 0.0900312 0.1126475 0.0942455 0.1164612 0.1130867 0.0845523 0.1442287 0.0870487 0.0948388 0.0823242 0.0954652 0.1162073 0.0803302 0.1144557 0.0885857 0.1036507 0.1118388 0.0836443 0.0772565 0.1169300 0.0923494 0.1061436 0.1110958 0.1056679 0.1083824 0.1113578 0.1020192 0.0930175 0.1197204 0.1069486 0.0924850 0.1035197 0.1073982 0.1139906 0.1008363 0.0813384 0.0893869 0.0940483 0.1072063 0.0922492 0.0922856 0.0951515 0.1403505 0.0858615 0.0803314 0.0761508 0.0974295 0.0924640 0.0847562 0.0924035 
S0400         0.4190905 0.3345155 0.3469560 0.0636145 0.0417002 0.0560389 0.2196542 0.0414027 0.0863191 0.0771024 0.0132412 0.0782075 0.0781064 0.0378064 0.0272950 0.0623039 0.0816173 0.0873089 0.0891021 0.0613389 0.0718222 0.0835211 0.0000000 0.0099094 0.0735404 0.0789989 0.0568016 0.0447615 0.0566418 0.0820669 0.0563130 0.0817340 0.0579163 0.0898113 0.0805441 0.0235679 0.0387366 0.0805938 0.0416221 0.0649853 0.0490695 0.0223303 0.0411940 0.0715161 0.0845273 0.0376945 0.0935011 0.0481157 0.0065813 0.0762503 0.0447615 0.0032557 0.0522764 0.0686553 0.0410472 0.0453648 0.0757435 0.0601136 0.0461230 0.0591480 0.0614843 0.0812221 0.0684727 0.0844092 0.0851663 0.0524460 0.1104771 0.0888750 0.0950778 0.0500804 0.0616238 0.0854432 0.0484950 0.0837240 0.0565426 0.0663069 0.0761670 0.0484105 0.0686385 0.0859435 0.0065632 0.0306001 0.0690759 0.0561446 0.0574391 0.0855339 0.0495333 0.0623884 0.0932823 0.0735800 0.0132608 0.0847099 0.0562629 0.0738597 0.0132148 0.0100986 0.0449671 0.0569871 0.0675568 0.0558837 0.0746600 0.0616455 0.0956587 0.0275506 0.0484960 0.0487082 0.0489265 0.0098895 0.0419494 0.0132415 
S0405         0.4368039 0.3442380 0.3705073 0.0675728 0.0417002 0.0599176 0.2374201 0.0451330 0.0906518 0.0812809 0.0235116 0.0824535 0.0742164 0.0619751 0.0308985 0.0666739 0.0903240 0.0916990 0.0934069 0.0656286 0.0758922 0.0882797 0.0099094 0.0000000 0.0777046 0.0876651 0.0607296 0.0485030 0.0605564 0.0863420 0.0602073 0.0859942 0.0619214 0.0941534 0.0847440 0.0271011 0.0351309 0.0847903 0.0485593 0.0690260 0.0529028 0.0380760 0.0449025 0.0762779 0.0891261 0.0413776 0.0978635 0.0524980 0.0099325 0.0803859 0.0485030 0.0065509 0.0561101 0.0727264 0.0447419 0.0523492 0.0798587 0.0640483 0.0534296 0.0630129 0.0655154 0.0854501 0.0725307 0.0886386 0.0894332 0.0562940 0.1155086 0.0983565 0.1044477 0.0539951 0.0656634 0.0897184 0.0522823 0.0880928 0.0604486 0.0737025 0.0803060 0.0521922 0.0727097 0.0902453 0.0166471 0.0342119 0.0731721 0.0600257 0.0614171 0.0898239 0.0566183 0.0664894 0.0976318 0.0777472 0.0032448 0.0889641 0.0601561 0.0699998 0.0234644 0.0033053 0.0524660 0.0576928 0.0715620 0.0597458 0.0707621 0.0656804 0.0951691 0.0311899 0.0522833 0.0525150 0.0527496 0.0200672 0.0457286 0.0235118 
S0407sl       0.4348879 0.3243434 0.3571701 0.0783183 0.0441682 0.0940992 0.2432241 0.0780826 0.0343440 0.1206332 0.0898417 0.0234473 0.1087049 0.1369250 0.0861524 0.0203226 0.1196695 0.1080570 0.1186236 0.0272319 0.0865902 0.1214314 0.0735404 0.0777046 0.0000000 0.1085774 0.0304782 0.0736145 0.1001371 0.1186301 0.0307903 0.0894507 0.1079754 0.1133445 0.0408300 0.0861043 0.0974965 0.0373955 0.0534931 0.0581704 0.0949412 0.1112024 0.0820748 0.0971792 0.1180101 0.0657496 0.1276394 0.0811128 0.0737289 0.0868646 0.0736145 0.0692329 0.0783179 0.0785431 0.0817611 0.0574129 0.1164177 0.0491170 0.0458416 0.0812710 0.0885880 0.0921905 0.0914800 0.0954522 0.0963253 0.0771504 0.1269743 0.1192675 0.1500961 0.0715635 0.0840066 0.1085495 0.0777900 0.1117521 0.0822280 0.0969850 0.0998069 0.0901158 0.0860546 0.1092029 0.0815842 0.0945978 0.0199914 0.0494645 0.0506123 0.1148885 0.0618659 0.0898903 0.1144184 0.1091475 0.0737551 0.1076782 0.0866009 0.0990284 0.0896510 0.0707312 0.0907576 0.0877375 0.1090462 0.0574061 0.1080667 0.0875572 0.0372192 0.0830138 0.0777911 0.0810076 0.0348980 0.0771796 0.0853185 0.0779485 
S0412sl       0.4834339 0.3898998 0.3714580 0.0892657 0.0586048 0.0792680 0.2782670 0.0793166 0.1234020 0.1122427 0.1003222 0.1095024 0.1219969 0.0797483 0.0974658 0.0875374 0.1079505 0.1058506 0.1067021 0.0904756 0.1053154 0.0776577 0.0789989 0.0876651 0.1085774 0.0000000 0.0975927 0.0875354 0.0919829 0.0983511 0.0840346 0.0889662 0.1043207 0.1012677 0.1209868 0.0874829 0.1042305 0.1162041 0.0832399 0.0932526 0.0669719 0.0848386 0.0751894 0.0901034 0.1250350 0.0551383 0.1159348 0.0935243 0.0835279 0.0829828 0.0792055 0.0787758 0.0841066 0.0933370 0.0748990 0.0875986 0.1049658 0.0884351 0.0850368 0.0837681 0.0811291 0.0979785 0.0847839 0.0915210 0.1022172 0.0883769 0.1246513 0.0756447 0.0999277 0.0730809 0.0900758 0.1250533 0.0835255 0.1282914 0.0881172 0.0936227 0.0884496 0.0916529 0.0978749 0.1258288 0.0834310 0.1053535 0.0982705 0.0838955 0.0859960 0.1073228 0.0927774 0.0779082 0.0982456 0.0891900 0.0835575 0.1062886 0.0936786 0.1137902 0.0917132 0.0807776 0.0927137 0.0848499 0.1053355 0.0875861 0.1150621 0.0996352 0.1248081 0.0975062 0.0835267 0.0924319 0.0800365 0.0918104 0.0970287 0.0879509 
S0417         0.4438561 0.3531818 0.3733282 0.0688630 0.0571318 0.0841472 0.2574419 0.0573420 0.0382060 0.1039789 0.0722661 0.0342730 0.1065831 0.0891480 0.0645816 0.0275678 0.1084858 0.1015602 0.1075650 0.0237926 0.0768400 0.1099926 0.0568016 0.0607296 0.0304782 0.0975927 0.0000000 0.0644156 0.0898325 0.1075601 0.0273313 0.0909679 0.1004396 0.0895714 0.0447302 0.0686549 0.0707957 0.0412544 0.0450919 0.0577162 0.0849019 0.0950825 0.0725385 0.0818635 0.1070082 0.0568220 0.1162422 0.0704554 0.0569425 0.0851773 0.0644156 0.0527804 0.0688760 0.0690788 0.0722679 0.0488586 0.1055728 0.0487383 0.0413539 0.0718397 0.0785876 0.0903826 0.0814980 0.0935937 0.0944364 0.0719963 0.1156445 0.1072999 0.1275835 0.0622254 0.0742039 0.0979502 0.0684214 0.1007648 0.0726775 0.0866838 0.0895139 0.0802998 0.0843956 0.0985281 0.0644395 0.0766802 0.0235823 0.0490820 0.0502124 0.1039103 0.0530772 0.0839228 0.1034964 0.0984737 0.0569633 0.1068647 0.0690157 0.0970461 0.0721157 0.0538811 0.0808593 0.0860182 0.0932260 0.0488532 0.1058983 0.0858463 0.0464362 0.0698800 0.0684225 0.0757690 0.0419010 0.0603362 0.0799582 0.0609118 
S0419         0.4210350 0.3337028 0.3472742 0.0634355 0.0881460 0.0598427 0.2421238 0.0522255 0.0864164 0.0732733 0.0595579 0.0782890 0.0854306 0.0787322 0.0603658 0.0667391 0.0857521 0.0710417 0.0888386 0.0616453 0.0716167 0.0798754 0.0447615 0.0485030 0.0736145 0.0875354 0.0644156 0.0000000 0.0529920 0.0850330 0.0563599 0.0777185 0.0697095 0.0895437 0.0806290 0.0560554 0.0694575 0.0806788 0.0486734 0.0692005 0.0603994 0.0798507 0.0305745 0.0578616 0.0925462 0.0413304 0.0932225 0.0612581 0.0448693 0.0723442 0.0065270 0.0409606 0.0132028 0.0647993 0.0304664 0.0524737 0.0834616 0.0642061 0.0535593 0.0481988 0.0574846 0.0772356 0.0570407 0.0804260 0.0811498 0.0488449 0.1105551 0.0932871 0.1173697 0.0500721 0.0577852 0.0931583 0.0065601 0.0958079 0.0603724 0.0736017 0.0759467 0.0520533 0.0648832 0.0937036 0.0520748 0.0637103 0.0691421 0.0601717 0.0615700 0.0852807 0.0567557 0.0544788 0.0930051 0.0765666 0.0521593 0.0844607 0.0561055 0.0734524 0.0594364 0.0457209 0.0601247 0.0608525 0.0796176 0.0598904 0.0707793 0.0655939 0.0905237 0.0609724 0.0098457 0.0451331 0.0528760 0.0558004 0.0489439 0.0520993 
S0427         0.4198357 0.3335711 0.3571688 0.0803735 0.0571952 0.0598589 0.1893428 0.0640293 0.1141145 0.0817239 0.0720529 0.1053749 0.0765365 0.1281251 0.0688739 0.0929529 0.0940735 0.0964079 0.1021885 0.0872993 0.0891071 0.0713644 0.0566418 0.0605564 0.1001371 0.0919829 0.0898325 0.0529920 0.0000000 0.0982857 0.0810509 0.0946774 0.0781167 0.1030126 0.1074361 0.0684538 0.0827777 0.1074524 0.0607809 0.0804715 0.0684281 0.0898951 0.0451211 0.0860012 0.1015673 0.0488596 0.1016149 0.0704223 0.0567820 0.0888082 0.0487411 0.0526344 0.0563919 0.0810118 0.0449589 0.0647599 0.0883863 0.0819245 0.0661183 0.0633318 0.0737153 0.0896288 0.0807894 0.0972603 0.0981312 0.0610015 0.1232902 0.1076209 0.1275019 0.0580891 0.0699207 0.1022437 0.0525419 0.1052007 0.0730310 0.0788261 0.0887375 0.0595183 0.0681729 0.1028492 0.0642539 0.0764496 0.0952087 0.0775895 0.0794658 0.0935535 0.0693313 0.0748392 0.1013731 0.0894530 0.0643548 0.0976397 0.0805456 0.0812761 0.0719034 0.0578884 0.0681240 0.0641298 0.0880918 0.0804069 0.0662588 0.0689103 0.1171029 0.0695866 0.0525429 0.0571297 0.0731574 0.0640690 0.0611320 0.0642861 
S0430         0.4443718 0.3655181 0.4279631 0.0993126 0.0899268 0.0853455 0.3218942 0.0817729 0.1243541 0.1095219 0.0987620 0.1153937 0.1136435 0.1655605 0.0912479 0.1065944 0.0202663 0.0741654 0.0234860 0.1002616 0.0934382 0.1121593 0.0820669 0.0863420 0.1186301 0.0983511 0.1075601 0.0850330 0.0982857 0.0000000 0.0982884 0.1128187 0.0972232 0.0783781 0.1220346 0.0949687 0.1011916 0.1171475 0.0933060 0.1028153 0.0775613 0.1112896 0.0694529 0.0076168 0.1213222 0.0610524 0.0235638 0.0907121 0.0697311 0.1064076 0.0769550 0.0776200 0.0853790 0.0854935 0.0691913 0.0976668 0.0645895 0.0938748 0.0997417 0.0811903 0.0274960 0.1032086 0.0858158 0.1152630 0.1077659 0.0985228 0.1247963 0.0675257 0.0923302 0.0703245 0.0825350 0.1121588 0.0811394 0.1195440 0.0894918 0.1002909 0.0572377 0.0902585 0.0996011 0.1173258 0.0903023 0.0814769 0.1133948 0.0894024 0.0915845 0.0201617 0.1029173 0.0434492 0.0200914 0.0032753 0.0904325 0.0653631 0.0995193 0.1106760 0.0985517 0.0749954 0.0737142 0.0785767 0.0819015 0.1059345 0.1072216 0.1013504 0.1303060 0.0922556 0.0728275 0.0942496 0.0984592 0.0945010 0.0898837 0.0903531 
S0478         0.4247387 0.3464784 0.3703973 0.0573981 0.0419934 0.0724193 0.2574419 0.0528897 0.0386003 0.1032500 0.0716480 0.0346252 0.1031843 0.0980241 0.0681143 0.0278567 0.0991285 0.0837713 0.0983011 0.0169587 0.0684203 0.0972554 0.0563130 0.0602073 0.0307903 0.0840346 0.0273313 0.0563599 0.0810509 0.0982884 0.0000000 0.0739370 0.0829006 0.0851431 0.0451816 0.0680648 0.0782623 0.0342888 0.0375597 0.0417620 0.0763027 0.0895790 0.0642620 0.0765843 0.0945343 0.0489358 0.1067698 0.0609957 0.0564517 0.0686432 0.0563599 0.0523273 0.0606508 0.0576019 0.0640253 0.0412253 0.0882451 0.0374979 0.0420742 0.0636466 0.0699711 0.0734793 0.0650531 0.0766871 0.0773813 0.0654103 0.1029684 0.0984505 0.1278445 0.0540324 0.0657185 0.0857533 0.0602550 0.0881923 0.0643892 0.0778826 0.0807438 0.0718517 0.0810293 0.0862575 0.0638872 0.0760213 0.0202639 0.0338345 0.0345870 0.0946843 0.0452774 0.0669172 0.0943129 0.0894565 0.0564721 0.0801778 0.0684190 0.0878656 0.0715000 0.0534098 0.0645379 0.0772867 0.0844079 0.0340587 0.0964885 0.0824336 0.0382306 0.0649630 0.0602561 0.0691974 0.0269549 0.0598204 0.0733683 0.0603865 
S0552sl       0.4533761 0.3539848 0.3867793 0.0912725 0.0419969 0.0823320 0.3151739 0.0697924 0.1066715 0.1053442 0.0983732 0.1067665 0.1090661 0.1768599 0.0997583 0.0897697 0.1137955 0.0850575 0.1168314 0.0884190 0.0903777 0.1090974 0.0817340 0.0859942 0.0894507 0.0889662 0.0909679 0.0777185 0.0946774 0.1128187 0.0739370 0.0000000 0.0791759 0.0820646 0.0923928 0.0858195 0.1064754 0.1001621 0.0772145 0.0739156 0.0777871 0.1200723 0.0737855 0.0923629 0.1095135 0.0577949 0.1216336 0.0810909 0.0819450 0.0101342 0.0697057 0.0773041 0.0743417 0.0707261 0.0735059 0.0814103 0.1021657 0.0765515 0.0789568 0.0730644 0.0872660 0.0099990 0.0622413 0.0170591 0.0099897 0.0785415 0.1215065 0.1234369 0.1393700 0.0588199 0.0674963 0.1002177 0.0738407 0.1031632 0.0693276 0.0967449 0.0906906 0.0816791 0.0951578 0.1008212 0.0899413 0.0981168 0.0964352 0.0723314 0.0740505 0.1131476 0.0863504 0.0550320 0.1126903 0.1035657 0.0900713 0.0950616 0.0947549 0.0978832 0.0981634 0.0789985 0.0825931 0.0824978 0.0934607 0.0655358 0.1022970 0.0878236 0.1054005 0.0966197 0.0692416 0.0824564 0.0627730 0.0937634 0.0868374 0.0862687 
S0558         0.4771675 0.3750750 0.3918679 0.0871857 0.0760599 0.0622381 0.2950474 0.0622022 0.1192339 0.0661386 0.0694678 0.1169017 0.0726048 0.1317403 0.0829016 0.0996486 0.0980755 0.0996266 0.1012199 0.0979856 0.0945401 0.1100724 0.0579163 0.0619214 0.1079754 0.1043207 0.1004396 0.0697095 0.0781167 0.0972232 0.0829006 0.0791759 0.0000000 0.0930837 0.1188692 0.0691790 0.0847053 0.1099420 0.0781315 0.0866130 0.0573413 0.0875618 0.0497640 0.0940992 0.1146368 0.0543255 0.1059032 0.0731715 0.0502306 0.0875394 0.0618411 0.0538139 0.0699818 0.0845753 0.0495821 0.0821312 0.0869636 0.0915884 0.0838853 0.0725313 0.0673551 0.0872716 0.0873873 0.0961841 0.0913365 0.0703373 0.1435905 0.1024677 0.1291160 0.0640975 0.0846714 0.1150586 0.0658851 0.1095428 0.0780633 0.0888510 0.0792799 0.0736004 0.0816159 0.1161288 0.0655100 0.0861295 0.1061668 0.0870725 0.0892283 0.0975138 0.0873790 0.0518299 0.1056403 0.0881902 0.0658044 0.0880423 0.0906566 0.0615794 0.0735198 0.0632363 0.0663871 0.0696836 0.0700221 0.0822283 0.0738292 0.0609470 0.1287910 0.0835505 0.0658863 0.0663127 0.0794949 0.0651238 0.0704951 0.0736730 
S0616         0.3847684 0.3502930 0.3824321 0.0834167 0.0905204 0.0863663 0.3341709 0.0654820 0.1245245 0.1056438 0.1067327 0.1053448 0.1267472 0.1279437 0.1035413 0.1061476 0.0710173 0.0837655 0.0742058 0.0997223 0.0887003 0.1139458 0.0898113 0.0941534 0.1133445 0.1012677 0.0895714 0.0895437 0.1030126 0.0783781 0.0851431 0.0820646 0.0930837 0.0000000 0.1169376 0.0939582 0.0795326 0.0988428 0.0934230 0.0852747 0.0772804 0.1255998 0.0737784 0.0777355 0.1184533 0.0684336 0.0705104 0.0581905 0.0812572 0.0765513 0.0813575 0.0852741 0.0845869 0.0861410 0.0734988 0.0893433 0.0685988 0.0971948 0.0995661 0.0919131 0.0586482 0.0815483 0.0901070 0.0847472 0.0855106 0.0916217 0.1266452 0.0756069 0.1194548 0.0742448 0.0865732 0.1085963 0.0856080 0.1118077 0.0768393 0.0823569 0.0494384 0.0981065 0.0943920 0.1095921 0.0978599 0.0905129 0.1082041 0.0927068 0.0949636 0.0706237 0.1030499 0.0322879 0.0735927 0.0740864 0.0982913 0.0616752 0.0868979 0.1141708 0.1065048 0.0835515 0.0866800 0.0788328 0.0745012 0.0845996 0.1200172 0.1048126 0.1010897 0.1058433 0.0771658 0.0923751 0.0932773 0.1024077 0.0969452 0.0895103 
S0624         0.4670900 0.3682186 0.4002833 0.0948343 0.0574154 0.0973945 0.2612859 0.0851652 0.0415152 0.1315641 0.0969559 0.0447684 0.1265716 0.1258576 0.0932643 0.0308942 0.1231000 0.1161242 0.1220247 0.0415161 0.0900510 0.1159448 0.0805441 0.0847440 0.0408300 0.1209868 0.0447302 0.0806290 0.1074361 0.1220346 0.0451816 0.0923928 0.1188692 0.1169376 0.0000000 0.0932194 0.1049005 0.0445219 0.0720556 0.0692803 0.0982559 0.1243095 0.0891669 0.1024516 0.1199931 0.0690231 0.1214213 0.0896348 0.0807494 0.0864789 0.0806290 0.0761802 0.0854205 0.0900942 0.0888269 0.0761379 0.1197741 0.0673605 0.0680426 0.0894836 0.0877865 0.0917871 0.0909271 0.0950437 0.0959119 0.0885311 0.1428302 0.1229515 0.1440399 0.0831462 0.0873660 0.1153338 0.0848460 0.1187253 0.0855197 0.1003652 0.1031543 0.0889602 0.1029027 0.1113907 0.0886390 0.1017870 0.0338451 0.0678091 0.0693987 0.1183007 0.0769358 0.0934820 0.1178175 0.1125202 0.0887664 0.1025825 0.0950342 0.1170077 0.0967514 0.0780536 0.0979445 0.1049341 0.1196587 0.0683821 0.1215061 0.1046947 0.0597995 0.0901882 0.0848471 0.0924372 0.0528532 0.0841701 0.0968648 0.0850109 
