111
CRNC          0.0000000 0.1825498 0.2115179 0.2910535 0.3646980 0.2737977 0.3379930 0.3208645 0.2564027 0.2799003 0.3014680 0.2634732 0.3125647 0.3388662 0.2821960 0.3851677 0.3311029 0.2579178 0.3099753 0.2579178 0.3044847 0.3276194 0.3050794 0.2689197 0.2605814 0.2950832 0.3633719 0.2711604 0.2996517 0.3125643 0.3073055 0.2599737 0.2986074 0.3548887 0.2907777 0.3236409 0.4290272 0.3243135 0.3029524 0.2661193 0.2912598 0.2742302 0.2475288 0.3144967 0.2439120 0.2419351 0.2935307 0.2687597 0.2614872 0.2526272 0.2996517 0.2745507 0.2996517 0.2877882 0.3548223 0.3134516 0.3066682 0.3722732 0.2806867 0.3205159 0.3058931 0.3926492 0.3306531 0.3653615 0.3547886 0.2882514 0.2739916 0.2601315 0.3058905 0.3495891 0.3759968 0.3416703 0.2759492 0.2900071 0.2515811 0.3339972 0.3151919 0.3306080 0.2992475 0.3366277 0.2634732 0.2859329 0.3171813 0.2577594 0.2354451 0.2489418 0.3309040 0.2964415 0.2895876 0.2729198 0.2579178 0.2634732 0.3376906 0.3284953 0.2728761 0.2521678 0.3103609 0.3418901 0.3316969 0.3119615 0.3332585 0.3360516 0.3441679 0.2626056 0.3165922 0.2794418 0.2760241 0.2853602 0.2839048 0.2986681 0.2791071 
HYZL          0.1825498 0.0000000 0.0826279 0.2962939 0.3494024 0.2989111 0.3036616 0.2840932 0.4244457 0.2874947 0.2604047 0.2726855 0.3136729 0.2988048 0.2580254 0.3302742 0.3064928 0.2934489 0.3293145 0.3011301 0.2924910 0.3436927 0.3247452 0.2549862 0.2804060 0.2861119 0.3310055 0.2767461 0.3067435 0.2819778 0.3594144 0.2888863 0.2855119 0.3235219 0.2812498 0.2973190 0.3830803 0.2838795 0.2974026 0.2940731 0.2814094 0.2792969 0.2831548 0.2907024 0.3019112 0.2545515 0.2700489 0.3071415 0.4207162 0.2931235 0.2961141 0.2855775 0.2966773 0.2831017 0.3167183 0.2900941 0.3060770 0.3459544 0.3053809 0.3097447 0.2853722 0.3224838 0.2847618 0.3212102 0.3187719 0.3533883 0.2538418 0.2911427 0.3236509 0.3103424 0.3568125 0.3159227 0.2464866 0.2975690 0.2600255 0.3284707 0.3094580 0.2874185 0.2911490 0.3102484 0.2872466 0.2833908 0.2989365 0.2994765 0.2747970 0.2939708 0.3269553 0.2776048 0.2736260 0.3096608 0.2441526 0.2873964 0.3237574 0.2925154 0.2827670 0.2574971 0.2855780 0.3207535 0.3112612 0.2911303 0.2990670 0.2994432 0.2848436 0.2811022 0.3021954 0.2712777 0.2641025 0.2776803 0.2789140 0.2821633 0.2850987 
MYZV          0.2115179 0.0826279 0.0000000 0.3182345 0.3466028 0.3588197 0.4026173 0.3117594 0.3657772 0.2964997 0.2985338 0.3273474 0.3316645 0.3414003 0.3091948 0.3554015 0.3303663 0.3293266 0.3542457 0.3244142 0.3221320 0.3700457 0.3511810 0.3181173 0.3372946 0.3156372 0.3500329 0.2968736 0.3201853 0.3117582 0.3368611 0.3111922 0.2990102 0.3912719 0.3179593 0.3280119 0.3965723 0.3131304 0.3567123 0.3319997 0.3108286 0.3117824 0.2901595 0.2967551 0.3253132 0.3066200 0.3114947 0.3308961 0.3831010 0.3449535 0.3088944 0.3361755 0.3094933 0.2952409 0.3606049 0.2961134 0.3282102 0.3671867 0.3278439 0.3291132 0.3126285 0.3911461 0.3457247 0.3894550 0.3739315 0.3294937 0.3108169 0.3241714 0.3397779 0.3623439 0.3965072 0.3682957 0.3121447 0.3104719 0.3064655 0.3822789 0.3386748 0.3355357 0.3406217 0.3424995 0.3383824 0.3106642 0.3218101 0.3210818 0.2940773 0.3166151 0.3602206 0.3057642 0.2908664 0.3338050 0.2840932 0.3107914 0.3412140 0.3345017 0.3334536 0.3005899 0.3134430 0.3574150 0.3452108 0.2964155 0.3424101 0.3353364 0.3134153 0.2830970 0.3154829 0.3065922 0.3229755 0.2970383 0.3285046 0.2994089 0.3121143 
SRR6441723    0.2910535 0.2962939 0.3182345 0.0000000 0.1166241 0.0720906 0.2274775 0.0733639 0.0518015 0.0722315 0.0950142 0.0521571 0.0782977 0.0566149 0.0795375 0.0772618 0.0782056 0.0836485 0.0654907 0.0880200 0.0567386 0.0492378 0.0653814 0.0770265 0.0600475 0.0732334 0.0914697 0.0642240 0.0530184 0.0654023 0.0748312 0.0798435 0.0598293 0.0881071 0.0523218 0.0838266 0.0946804 0.0574535 0.0646045 0.0722928 0.0868465 0.0644805 0.0720093 0.0684074 0.0801438 0.1153267 0.0589822 0.0839366 0.0681488 0.0675988 0.0525798 0.0559208 0.0488407 0.0565190 0.0730399 0.0682833 0.0693764 0.0856099 0.0687138 0.0711317 0.0479331 0.0877701 0.0693010 0.0791652 0.0842137 0.0659840 0.0732411 0.1134179 0.0743111 0.0675036 0.0841771 0.0654479 0.1071426 0.0603628 0.1046786 0.0742815 0.0264855 0.0621354 0.0783500 0.0791069 0.0561243 0.0610699 0.0767750 0.0727356 0.0605989 0.0936854 0.0874532 0.0884298 0.0687222 0.0886956 0.0873370 0.0518833 0.0827054 0.0566149 0.0599369 0.0529623 0.0569990 0.1035603 0.0683707 0.0750058 0.0617124 0.0655140 0.0705331 0.0781163 0.0571065 0.0499719 0.0782632 0.0684052 0.0639658 0.0613895 0.0565482 
ERR4210213    0.3646980 0.3494024 0.3466028 0.1166241 0.0000000 0.1335679 0.2436228 0.1628407 0.5028644 0.1168858 0.1554856 0.1170685 0.0877278 0.1224918 0.1170685 0.1706223 0.1170685 0.2443056 0.1379238 0.2443056 0.1008117 0.0542448 0.1113120 0.1170685 0.1170685 0.1423459 0.1428302 0.1008328 0.0840237 0.1113120 0.5028644 0.2654342 0.1186837 0.1828492 0.1223698 0.1514179 0.2753751 0.1005329 0.1170685 0.1148150 0.1337757 0.1184700 0.1170685 0.1190053 0.2507812 0.2640085 0.0840237 0.2443056 0.5028644 0.1170685 0.0840237 0.1170685 0.0840237 0.1008117 0.1203918 0.1190053 0.1223628 0.2029785 0.1394321 0.1259250 0.1188165 0.1637043 0.1201997 0.1637043 0.1415662 0.2626037 0.0840237 0.2296221 0.1008117 0.1646419 0.1203918 0.1203918 0.1881195 0.0840237 0.2290796 0.1264135 0.1008117 0.1571676 0.1643774 0.2059973 0.1170685 0.1227843 0.1049426 0.1354041 0.1190638 0.2443056 0.1459085 0.1161209 0.1166364 0.2443056 0.2443056 0.1170685 0.1502309 0.1224927 0.1337757 0.1019835 0.1398752 0.1780654 0.1620130 0.1370032 0.1203918 0.1203918 0.1170685 0.1421016 0.0840237 0.0913335 0.0840237 0.1377395 0.1354041 0.0840237 0.1227843 
ERR2789774    0.2737977 0.2989111 0.3588197 0.0720906 0.1335679 0.0000000 0.2374962 0.0810144 0.0600755 0.0668329 0.0927010 0.0226680 0.0805420 0.0683360 0.0436224 0.0973585 0.0864432 0.0790738 0.0930852 0.0754564 0.0595591 0.0879215 0.0678039 0.0378031 0.0370535 0.0766507 0.0943267 0.0720160 0.0606579 0.0680662 0.0689882 0.0794452 0.0671310 0.0987666 0.0519871 0.0991184 0.0900295 0.0613525 0.0333956 0.0485895 0.0997560 0.0826943 0.0879439 0.0717856 0.0755974 0.1237364 0.0512591 0.0793437 0.0686717 0.0400277 0.0601485 0.0294925 0.0563438 0.0565338 0.0754554 0.0716560 0.0868337 0.1087711 0.0902203 0.0806053 0.0479451 0.0944335 0.0793613 0.0815511 0.0865488 0.0924872 0.0770225 0.1277974 0.0908237 0.0930144 0.0865169 0.0679809 0.1121315 0.0680900 0.1216536 0.0846164 0.0549292 0.0866875 0.1001014 0.0891642 0.0295881 0.0730222 0.0841113 0.0807379 0.0722802 0.0888731 0.0974577 0.0966529 0.0798394 0.0839979 0.0688371 0.0296199 0.0781877 0.0683362 0.0366065 0.0300927 0.0727688 0.0948799 0.0639230 0.0932506 0.0642998 0.0776964 0.0832143 0.0771720 0.0648501 0.0582793 0.0821131 0.0842994 0.0329323 0.0684985 0.0642041 
PAFTOL_019361 0.3379930 0.3036616 0.4026173 0.2274775 0.2436228 0.2374962 0.0000000 0.2072631 0.2641713 0.2244546 0.2067845 0.1933175 0.2118197 0.1796155 0.1945852 0.2382344 0.2012593 0.2142523 0.2121437 0.2098428 0.1966712 0.2286294 0.2072743 0.2014376 0.1949052 0.2148775 0.2343834 0.1907355 0.1878166 0.2254238 0.2823621 0.1991670 0.1930789 0.2380841 0.2031511 0.2018120 0.2599079 0.2226260 0.2091232 0.1998914 0.2204496 0.2259338 0.2054453 0.1935196 0.2103450 0.2200823 0.1915330 0.2026549 0.2760323 0.2062627 0.2009241 0.1876314 0.1955020 0.1963023 0.2115059 0.1931301 0.2373366 0.2210950 0.2028557 0.2350611 0.1820678 0.2241435 0.2177331 0.2243503 0.2332871 0.3397656 0.1988676 0.2256834 0.2382527 0.2113113 0.2388027 0.2065675 0.2352078 0.2018435 0.2298524 0.2396731 0.2029968 0.2103435 0.2511444 0.2241234 0.2008734 0.1724716 0.2109387 0.1935250 0.1955106 0.2308831 0.2513555 0.2497608 0.2114873 0.2227318 0.1955727 0.1916245 0.2152442 0.1796156 0.1966059 0.1622866 0.2036343 0.2373356 0.2294009 0.1957043 0.1885518 0.1947026 0.2058634 0.1914689 0.2019967 0.1915153 0.1910097 0.1967256 0.2050999 0.2170897 0.1704228 
S0055         0.3208645 0.2840932 0.3117594 0.0733639 0.1628407 0.0810144 0.2072631 0.0000000 0.0670560 0.0726304 0.0915814 0.0524257 0.0645680 0.0575174 0.0703207 0.0774246 0.0792191 0.0684089 0.0694060 0.0726223 0.0574313 0.0932064 0.0866434 0.0661723 0.0604398 0.0680896 0.0756021 0.0568753 0.0575702 0.0706489 0.0772366 0.0609548 0.0564992 0.0883104 0.0495803 0.1012280 0.0870197 0.0670421 0.0649549 0.0687989 0.0751316 0.0709861 0.0724054 0.0649315 0.0649062 0.1129043 0.0485468 0.0686435 0.0613859 0.0605582 0.0570839 0.0564875 0.0532597 0.0568171 0.0603870 0.0648131 0.0839311 0.0784103 0.0703823 0.0775834 0.0371150 0.0835921 0.0810406 0.0750711 0.0760501 0.0842857 0.0783075 0.1115246 0.0797474 0.0770730 0.0706156 0.0530357 0.1152682 0.0573044 0.1109869 0.0905124 0.0597604 0.0712640 0.0842956 0.0815622 0.0566952 0.0654787 0.0731347 0.0570667 0.0570917 0.0779184 0.0945838 0.0865885 0.0769338 0.0731774 0.0707429 0.0520854 0.0595779 0.0575179 0.0568770 0.0454193 0.0232689 0.1052940 0.0705167 0.0644620 0.0582829 0.0627410 0.0714934 0.0741491 0.0617723 0.0509444 0.0835084 0.0601105 0.0569269 0.0657205 0.0568464 
S0196sl       0.2564027 0.4244457 0.3657772 0.0518015 0.5028644 0.0600755 0.2641713 0.0670560 0.0000000 0.0666350 0.0441514 0.0310425 0.0855203 0.0241304 0.0299976 0.0590833 0.0663356 0.0645755 0.0441256 0.0721483 0.0679415 0.0812648 0.0433855 0.0558154 0.0446365 0.0741908 0.0801628 0.0511608 0.0000010 0.0528771 0.0761173 0.0581093 0.0438287 0.0683785 0.0441417 0.0853456 0.0576596 0.0769425 0.0447965 0.0368817 0.0768544 0.0532596 0.0439288 0.0364907 0.0576596 0.1199958 0.0433992 0.0649754 0.0317979 0.0511021 0.0116419 0.0376090 0.0057687 0.0116419 0.0526233 0.0436286 0.0686171 0.0807209 0.0590337 0.0553994 0.0304361 0.0670497 0.0526305 0.0460679 0.0537992 0.0680632 0.0503181 0.0985589 0.0526117 0.0558781 0.0695299 0.0531120 0.1184369 0.0238367 0.1188675 0.0519436 0.0305923 0.0565753 0.0668275 0.0379998 0.0378480 0.0373450 0.0740300 0.0445007 0.0373175 0.0744149 0.0762510 0.1152779 0.0657969 0.0646234 0.0379216 0.0370683 0.0642269 0.0241304 0.0447946 0.0317597 0.0447954 0.0588957 0.0447428 0.0658963 0.0312587 0.0308250 0.0827111 0.0522058 0.0057163 0.0616572 0.0429060 0.0447361 0.0446315 0.0301444 0.0308401 
S0278         0.2799003 0.2874947 0.2964997 0.0722315 0.1168858 0.0668329 0.2244546 0.0726304 0.0666350 0.0000000 0.0896554 0.0630773 0.0336608 0.0680014 0.0743305 0.0808020 0.0412263 0.0753662 0.0758346 0.0796199 0.0295569 0.0923464 0.0981210 0.0827686 0.0712656 0.0444224 0.0910251 0.0404714 0.0563874 0.0762407 0.0311890 0.0757205 0.0441471 0.1041807 0.0599632 0.0828338 0.0903622 0.0302657 0.0759542 0.0759436 0.0605050 0.0643944 0.0523458 0.0632912 0.0718885 0.1320737 0.0666434 0.0756234 0.0680714 0.0632783 0.0559212 0.0672431 0.0521806 0.0520062 0.0802516 0.0675055 0.0605417 0.1089956 0.0691733 0.0620372 0.0553907 0.1037802 0.0711494 0.0865880 0.0917364 0.0764378 0.0723936 0.1304959 0.0949757 0.0932002 0.0967515 0.0772408 0.1299584 0.0637154 0.1209657 0.0729000 0.0550319 0.0868562 0.0856588 0.0753492 0.0674953 0.0685473 0.0403380 0.0641400 0.0561492 0.0850420 0.0698001 0.0475888 0.0762423 0.0802253 0.0928398 0.0626631 0.0745202 0.0680014 0.0754959 0.0523764 0.0723261 0.0900030 0.0680783 0.0581079 0.0689095 0.0773060 0.0402035 0.0771986 0.0604902 0.0308997 0.0773422 0.0676250 0.0755531 0.0684368 0.0638917 
S0281         0.3014680 0.2604047 0.2985338 0.0950142 0.1554856 0.0927010 0.2067845 0.0915814 0.0441514 0.0896554 0.0000000 0.0674125 0.1059299 0.0654783 0.0797907 0.1129268 0.0869881 0.0893073 0.0900074 0.0938251 0.0828627 0.1157590 0.0998786 0.0889233 0.0810858 0.0953720 0.1041792 0.0820356 0.0526704 0.0920013 0.1021012 0.0815398 0.0848536 0.0921810 0.0811826 0.0845878 0.0972510 0.0892317 0.0805814 0.0990920 0.0846950 0.1015082 0.0935600 0.0640205 0.0857338 0.1253816 0.0760698 0.0896213 0.0612248 0.0876847 0.0522378 0.0753911 0.0485256 0.0561473 0.0768971 0.0639053 0.1155667 0.1203223 0.0964829 0.1095468 0.0721445 0.0918276 0.0890069 0.0749160 0.0798726 0.1093691 0.0648829 0.1294977 0.1012528 0.0740274 0.0932695 0.0738439 0.1275644 0.0599624 0.1232430 0.0987260 0.0800575 0.0682557 0.1208221 0.0731857 0.0756815 0.0826150 0.1039175 0.0905909 0.0817572 0.0997494 0.1183692 0.1136876 0.0693262 0.0896671 0.0990842 0.0757537 0.0964744 0.0654790 0.0759216 0.0733046 0.0790011 0.0877373 0.0922982 0.0954604 0.0614135 0.0696536 0.1000369 0.0960578 0.0525272 0.0767273 0.0696824 0.0942367 0.0839445 0.0647881 0.0733461 
S0282         0.2634732 0.2726855 0.3273474 0.0521571 0.1170685 0.0226680 0.1933175 0.0524257 0.0310425 0.0630773 0.0674125 0.0000000 0.0686828 0.0409903 0.0209342 0.0713771 0.0652193 0.0589718 0.0636625 0.0554772 0.0448827 0.0667306 0.0485379 0.0183712 0.0128059 0.0559492 0.0644495 0.0444615 0.0338632 0.0487315 0.0528250 0.0592426 0.0477419 0.0769194 0.0334435 0.0779509 0.0787497 0.0536653 0.0095219 0.0230694 0.0691780 0.0611470 0.0592021 0.0443121 0.0555768 0.0908737 0.0259963 0.0591674 0.0382561 0.0158621 0.0335996 0.0062332 0.0300946 0.0301913 0.0554727 0.0442344 0.0734249 0.0774196 0.0606542 0.0671413 0.0295596 0.0766389 0.0591887 0.0607627 0.0652903 0.0594819 0.0487573 0.0947132 0.0610593 0.0636224 0.0652310 0.0483069 0.0807751 0.0408390 0.0894320 0.0676716 0.0364640 0.0583910 0.0694088 0.0625888 0.0062512 0.0450744 0.0635053 0.0522807 0.0446309 0.0678715 0.0833568 0.0844553 0.0553882 0.0634285 0.0586186 0.0062584 0.0579397 0.0409903 0.0126571 0.0096338 0.0449078 0.0764662 0.0448670 0.0626020 0.0373086 0.0491561 0.0609760 0.0488243 0.0376129 0.0423112 0.0531269 0.0557047 0.0126713 0.0410773 0.0372706 
S0289         0.3125647 0.3136729 0.3316645 0.0782977 0.0877278 0.0805420 0.2118197 0.0645680 0.0855203 0.0336608 0.1059299 0.0686828 0.0000000 0.0738779 0.0762300 0.0963418 0.0339824 0.0814839 0.0820014 0.0859207 0.0373362 0.0907545 0.1005968 0.0784552 0.0720455 0.0522872 0.0939041 0.0488356 0.0702227 0.0824650 0.0540115 0.0818783 0.0526962 0.1019177 0.0655108 0.0848399 0.1039742 0.0421078 0.0821443 0.0817920 0.0569137 0.0741214 0.0536928 0.0821138 0.0779097 0.1454547 0.0641074 0.0817703 0.0874811 0.0773759 0.0738357 0.0730299 0.0698128 0.0734916 0.0777595 0.0819612 0.0700891 0.1167324 0.0792336 0.0718823 0.0606956 0.1015190 0.0647071 0.0841138 0.0893033 0.1057880 0.0873475 0.1384434 0.1020869 0.0950842 0.0892759 0.0700580 0.1337325 0.0822795 0.1336092 0.0748809 0.0527183 0.0933763 0.0965316 0.0910700 0.0733150 0.0784925 0.0453932 0.0738111 0.0653985 0.0916514 0.0799805 0.0515232 0.0824599 0.0865937 0.0886528 0.0682157 0.0727533 0.0738788 0.0767713 0.0495718 0.0731569 0.1107590 0.0826678 0.0717759 0.0749012 0.0836496 0.0450528 0.0876516 0.0746374 0.0388202 0.0882361 0.0774075 0.0816920 0.0831370 0.0735145 
S0292         0.3388662 0.2988048 0.3414003 0.0566149 0.1224918 0.0683360 0.1796155 0.0575174 0.0241304 0.0680014 0.0654783 0.0409903 0.0738779 0.0000000 0.0593952 0.0728181 0.0658202 0.0798402 0.0633976 0.0841715 0.0452766 0.0715075 0.0607639 0.0606061 0.0522940 0.0607179 0.0786179 0.0448481 0.0341545 0.0489222 0.0586716 0.0722965 0.0445657 0.0698787 0.0487269 0.0790157 0.0956377 0.0541541 0.0528784 0.0646810 0.0619090 0.0535751 0.0518892 0.0565784 0.0763362 0.0987870 0.0477286 0.0801148 0.0380147 0.0559210 0.0338862 0.0446314 0.0303500 0.0375623 0.0487030 0.0564766 0.0656348 0.0909103 0.0494984 0.0592600 0.0369994 0.0696221 0.0599288 0.0538095 0.0582545 0.0660645 0.0530949 0.1058279 0.0616168 0.0642740 0.0581909 0.0415335 0.1013033 0.0411923 0.1012607 0.0685355 0.0441317 0.0589723 0.0831105 0.0344661 0.0447876 0.0454715 0.0595482 0.0449982 0.0375021 0.0897429 0.0616978 0.0852440 0.0641603 0.0790756 0.0823375 0.0442755 0.0706649 0.0000026 0.0449297 0.0416108 0.0456076 0.0440978 0.0614015 0.0427610 0.0163021 0.0063790 0.0612064 0.0615399 0.0336467 0.0389411 0.0576118 0.0484094 0.0523615 0.0532250 0.0375913 
S0293         0.2821960 0.2580254 0.3091948 0.0795375 0.1170685 0.0436224 0.1945852 0.0703207 0.0299976 0.0743305 0.0797907 0.0209342 0.0762300 0.0593952 0.0000000 0.0905539 0.0767830 0.0747547 0.0863177 0.0697175 0.0497240 0.0948732 0.0638419 0.0285476 0.0301885 0.0705909 0.0776411 0.0545256 0.0440973 0.0691686 0.0453874 0.0752119 0.0589164 0.1092851 0.0443365 0.0939675 0.1098672 0.0617518 0.0348415 0.0251726 0.0711990 0.0702661 0.0790629 0.0639095 0.0702354 0.1291589 0.0343181 0.0750863 0.0298307 0.0343821 0.0440973 0.0253620 0.0440973 0.0489782 0.0859397 0.0637621 0.0865027 0.0881479 0.0698638 0.0785558 0.0484344 0.1231182 0.0910954 0.0999934 0.0933339 0.0776432 0.0696658 0.1285500 0.0430881 0.0744055 0.0817368 0.0812141 0.1151361 0.0539491 0.1293370 0.0977962 0.0627009 0.0733679 0.0952812 0.0668168 0.0209342 0.0598596 0.0749351 0.0642507 0.0594156 0.0757864 0.0890748 0.0924305 0.0750204 0.0758714 0.0708836 0.0209342 0.0681748 0.0593957 0.0252726 0.0347292 0.0646751 0.0913772 0.0648130 0.0745230 0.0549132 0.0538274 0.0551369 0.0544214 0.0494702 0.0520623 0.0700168 0.0635490 0.0299933 0.0596610 0.0539615 
S0294         0.3851677 0.3302742 0.3554015 0.0772618 0.1706223 0.0973585 0.2382344 0.0774246 0.0590833 0.0808020 0.1129268 0.0713771 0.0963418 0.0728181 0.0905539 0.0000000 0.1098778 0.1003738 0.0770802 0.1049619 0.0768629 0.0923317 0.0906690 0.1004609 0.0798311 0.0859522 0.0865956 0.0811989 0.0729557 0.0827976 0.0919293 0.0925956 0.0601239 0.1148587 0.0846857 0.1045089 0.1073243 0.0927590 0.0847350 0.0894893 0.1055281 0.1052544 0.0889756 0.0800388 0.0968351 0.1161501 0.0828549 0.0918354 0.0528544 0.0880239 0.0723255 0.0674257 0.0683926 0.0765230 0.0904517 0.0845493 0.1051560 0.1030480 0.0873035 0.1134045 0.0711384 0.1144064 0.0985421 0.0966035 0.1020294 0.0755975 0.0989476 0.1147436 0.1002797 0.0809756 0.1025075 0.0864560 0.1184493 0.0805703 0.1054016 0.1038549 0.0711387 0.0750443 0.1155728 0.1078124 0.0759821 0.0729927 0.0935774 0.0892670 0.0851861 0.1110960 0.1314857 0.1266782 0.0845959 0.1057787 0.1106955 0.0708972 0.0660721 0.0728185 0.0762238 0.0686463 0.0691352 0.1126175 0.0902798 0.0846392 0.0781533 0.0824185 0.0881302 0.0861491 0.0693553 0.0799075 0.1046079 0.0935164 0.0842728 0.0760641 0.0723074 
S0299         0.3311029 0.3064928 0.3303663 0.0782056 0.1170685 0.0864432 0.2012593 0.0792191 0.0663356 0.0412263 0.0869881 0.0652193 0.0339824 0.0658202 0.0767830 0.1098778 0.0000000 0.0738552 0.0907707 0.0782195 0.0307748 0.0990374 0.0898799 0.0858070 0.0724621 0.0649513 0.0965834 0.0378549 0.0530191 0.0823656 0.0390454 0.0742128 0.0531992 0.0903509 0.0576415 0.0837826 0.0989548 0.0351206 0.0785953 0.0768226 0.0379420 0.0621347 0.0459897 0.0738954 0.0702757 0.1325070 0.0601524 0.0741151 0.0854723 0.0735120 0.0575369 0.0692071 0.0536817 0.0534971 0.0748336 0.0737592 0.0660896 0.1075820 0.0669813 0.0596799 0.0530160 0.0983408 0.0697816 0.0811626 0.0863639 0.0872520 0.0702837 0.1227863 0.0978456 0.0811578 0.0914387 0.0716963 0.1346909 0.0655782 0.1296306 0.0845015 0.0526662 0.0850640 0.0837878 0.0688543 0.0694751 0.0705507 0.0494476 0.0541068 0.0461652 0.0837708 0.0673666 0.0335297 0.0829486 0.0788318 0.0845296 0.0686112 0.0733515 0.0618698 0.0777328 0.0504262 0.0742632 0.0926969 0.0838498 0.0556783 0.0710782 0.0752700 0.0292441 0.0884825 0.0576782 0.0316842 0.0696739 0.0654477 0.0777928 0.0748116 0.0616411 
S0303         0.2579178 0.2934489 0.3293266 0.0836485 0.2443056 0.0790738 0.2142523 0.0684089 0.0645755 0.0753662 0.0893073 0.0589718 0.0814839 0.0798402 0.0747547 0.1003738 0.0738552 0.0000000 0.0591360 0.0093951 0.0603358 0.1080052 0.1016712 0.0776521 0.0670130 0.0802157 0.0989425 0.0678394 0.0720403 0.0977686 0.0589943 0.0062384 0.0669300 0.1085626 0.0591601 0.0743768 0.0406825 0.0699253 0.0715868 0.0799690 0.0823968 0.0869033 0.0797900 0.0715613 0.0062582 0.1210440 0.0625004 0.0062309 0.0591160 0.0671458 0.0714257 0.0630574 0.0675442 0.0755655 0.0884489 0.0714327 0.0910684 0.0815404 0.0900483 0.0848977 0.0587792 0.1168574 0.0965061 0.0992406 0.1046348 0.0810363 0.0931985 0.1316106 0.0939233 0.0879127 0.1003984 0.0807760 0.1353363 0.0795589 0.1303880 0.1063838 0.0658315 0.0818237 0.1046737 0.0781881 0.0632899 0.0847171 0.0758809 0.0643644 0.0643899 0.0127754 0.0931917 0.0853125 0.0597448 0.0094583 0.0043397 0.0585896 0.0545065 0.0758676 0.0711607 0.0563562 0.0683151 0.1206903 0.0849672 0.0928039 0.0809284 0.0895827 0.0744996 0.0938324 0.0763633 0.0502067 0.0986446 0.0841505 0.0712160 0.0803608 0.0755867 
S0308         0.3099753 0.3293145 0.3542457 0.0654907 0.1379238 0.0930852 0.2121437 0.0694060 0.0441256 0.0758346 0.0900074 0.0636625 0.0820014 0.0633976 0.0863177 0.0770802 0.0907707 0.0591360 0.0000000 0.0631374 0.0684592 0.0846300 0.0817540 0.0904828 0.0719263 0.0763503 0.0963788 0.0677998 0.0609328 0.0755650 0.0730759 0.0594084 0.0601132 0.1147664 0.0687185 0.0797273 0.0802192 0.0784822 0.0766625 0.0852763 0.0906082 0.0738017 0.0682529 0.0687293 0.0557333 0.1118672 0.0596569 0.0593326 0.0384535 0.0720728 0.0604193 0.0678675 0.0566000 0.0644639 0.0897638 0.0686042 0.0783817 0.0876110 0.0699829 0.0804018 0.0559067 0.1143154 0.0759594 0.0965449 0.1019610 0.0670244 0.0904982 0.1221483 0.0868127 0.0805115 0.0972196 0.0819767 0.1216575 0.0683912 0.1127563 0.0952745 0.0559132 0.0746298 0.0950405 0.0733611 0.0681243 0.0691940 0.0843475 0.0647435 0.0608893 0.0680612 0.0971684 0.1110667 0.0566275 0.0547863 0.0752358 0.0632409 0.0670007 0.0633973 0.0761961 0.0610714 0.0653581 0.1104539 0.0865301 0.0753647 0.0642269 0.0724190 0.0738075 0.0779296 0.0560671 0.0623567 0.0959581 0.0687270 0.0762541 0.0695640 0.0644908 
S0322         0.2579178 0.3011301 0.3244142 0.0880200 0.2443056 0.0754564 0.2098428 0.0726223 0.0721483 0.0796199 0.0938251 0.0554772 0.0859207 0.0841715 0.0697175 0.1049619 0.0782195 0.0093951 0.0631374 0.0000000 0.0644283 0.1126503 0.0978917 0.0776521 0.0634647 0.0888165 0.1036249 0.0720143 0.0762872 0.1023966 0.0523865 0.0094358 0.0710393 0.1134072 0.0631670 0.0785673 0.0452127 0.0742467 0.0679839 0.0763145 0.0868885 0.0954545 0.0879263 0.0757738 0.0094652 0.1171457 0.0590045 0.0094232 0.0667375 0.0635893 0.0756295 0.0595305 0.0717000 0.0719447 0.0929114 0.0756371 0.0996904 0.0778145 0.0985623 0.0936119 0.0627556 0.1217835 0.1010577 0.1039433 0.1094494 0.0891786 0.0977469 0.1276405 0.0985102 0.0923424 0.1051738 0.0851712 0.1313802 0.0838757 0.1264539 0.1111164 0.0698671 0.0860831 0.1094845 0.0826216 0.0597487 0.0891453 0.0801649 0.0722525 0.0722783 0.0161022 0.1020299 0.0981140 0.0637934 0.0127153 0.0043397 0.0551192 0.0583924 0.0801504 0.0675803 0.0565711 0.0725181 0.1256360 0.0894170 0.0975194 0.0853308 0.0941113 0.0791441 0.0984183 0.0806812 0.0582871 0.1033154 0.0924023 0.0676344 0.0847257 0.0798503 
S0327         0.3044847 0.2924910 0.3221320 0.0567386 0.1008117 0.0595591 0.1966712 0.0574313 0.0679415 0.0295569 0.0828627 0.0448827 0.0373362 0.0452766 0.0497240 0.0768629 0.0307748 0.0603358 0.0684592 0.0644283 0.0000000 0.0668083 0.0734479 0.0552756 0.0563817 0.0447076 0.0832886 0.0196879 0.0456122 0.0606025 0.0317813 0.0606197 0.0338040 0.0927523 0.0377463 0.0633492 0.0761388 0.0165221 0.0570195 0.0607884 0.0419048 0.0417560 0.0449523 0.0607722 0.0568660 0.1052537 0.0443929 0.0562837 0.0764009 0.0525196 0.0452401 0.0445615 0.0415592 0.0414207 0.0693842 0.0606620 0.0372479 0.0833760 0.0460434 0.0390202 0.0336847 0.0923949 0.0682601 0.0753917 0.0803803 0.0779813 0.0572566 0.1035271 0.0744768 0.0689728 0.0744859 0.0566911 0.1036166 0.0528801 0.1035295 0.0781857 0.0405373 0.0634545 0.0694929 0.0595795 0.0487557 0.0453995 0.0337438 0.0416050 0.0341449 0.0694809 0.0464444 0.0441580 0.0565563 0.0649156 0.0651538 0.0481896 0.0596557 0.0452763 0.0564083 0.0341445 0.0530265 0.0823234 0.0481301 0.0386812 0.0500074 0.0537238 0.0209598 0.0614497 0.0496048 0.0134089 0.0618939 0.0450267 0.0564575 0.0615054 0.0375299 
S0335         0.3276194 0.3436927 0.3700457 0.0492378 0.0542448 0.0879215 0.2286294 0.0932064 0.0812648 0.0923464 0.1157590 0.0667306 0.0907545 0.0715075 0.0948732 0.0923317 0.0990374 0.1080052 0.0846300 0.1126503 0.0668083 0.0000000 0.0888231 0.0938270 0.0748912 0.0848135 0.1122192 0.0754885 0.0678585 0.0811207 0.1166108 0.1085179 0.0829955 0.1139138 0.0751449 0.0989463 0.1323605 0.0865966 0.0759608 0.0922987 0.1033126 0.0822331 0.0792624 0.0756738 0.1044839 0.1329225 0.0735639 0.1034161 0.0899540 0.0826032 0.0672860 0.0662733 0.0634536 0.0713624 0.1017666 0.0755374 0.0768388 0.1120724 0.0894360 0.0892192 0.0548676 0.1134696 0.0843803 0.1044058 0.1099405 0.0992187 0.0887081 0.1355229 0.0856910 0.0922125 0.0991585 0.0798312 0.1218239 0.0753039 0.1146893 0.0906037 0.0475976 0.0859671 0.0959045 0.1009491 0.0708659 0.0716761 0.0842319 0.0880882 0.0795378 0.1189401 0.0951956 0.1147814 0.0749838 0.1135244 0.1171069 0.0624740 0.0979359 0.0715074 0.0788741 0.0677730 0.0760940 0.1199126 0.0744953 0.0876299 0.0812246 0.0808896 0.0814712 0.0890099 0.0721096 0.0742361 0.0940309 0.0916338 0.0789320 0.0765858 0.0670059 
S0376         0.3050794 0.3247452 0.3511810 0.0653814 0.1113120 0.0678039 0.2072743 0.0866434 0.0433855 0.0981210 0.0998786 0.0485379 0.1005968 0.0607639 0.0638419 0.0906690 0.0898799 0.1016712 0.0817540 0.0978917 0.0734479 0.0888231 0.0000000 0.0540174 0.0601752 0.0903976 0.0960239 0.0688466 0.0448197 0.0562135 0.0922734 0.1021627 0.0644241 0.1023376 0.0641993 0.1037883 0.1187440 0.0838813 0.0608615 0.0638941 0.0958576 0.0829614 0.0801702 0.0690994 0.0980852 0.1284196 0.0515253 0.1020309 0.0669264 0.0638862 0.0527267 0.0522780 0.0489731 0.0491377 0.0862442 0.0689727 0.0962539 0.1099796 0.0740842 0.0900673 0.0557983 0.0974733 0.0903465 0.0929495 0.0932584 0.1073242 0.0763825 0.1145955 0.0827921 0.0798792 0.0983342 0.0784258 0.1206969 0.0605417 0.1261757 0.1002484 0.0633471 0.0717025 0.1055188 0.0849658 0.0524669 0.0653247 0.0988062 0.0729714 0.0607794 0.1125896 0.1069908 0.1173381 0.0847203 0.1071753 0.0817255 0.0518509 0.0916181 0.0607639 0.0602077 0.0530440 0.0734967 0.1002496 0.0735617 0.0807726 0.0657992 0.0698744 0.0929269 0.0827029 0.0454956 0.0713664 0.0719625 0.0686199 0.0560369 0.0723869 0.0567113 
S0400         0.2689197 0.2549862 0.3181173 0.0770265 0.1170685 0.0378031 0.2014376 0.0661723 0.0558154 0.0827686 0.0889233 0.0183712 0.0784552 0.0606061 0.0285476 0.1004609 0.0858070 0.0776521 0.0904828 0.0776521 0.0552756 0.0938270 0.0540174 0.0000000 0.0284615 0.0717877 0.0745958 0.0606352 0.0437329 0.0715303 0.1003326 0.0838493 0.0600664 0.1098761 0.0438363 0.0988368 0.1276756 0.0689895 0.0335607 0.0439872 0.0725646 0.0727861 0.0759403 0.0655846 0.0782919 0.1312406 0.0328882 0.0836967 0.0564373 0.0232170 0.0437329 0.0232033 0.0437329 0.0491044 0.0833377 0.0654182 0.0908753 0.1046358 0.0659331 0.0821438 0.0485053 0.1110144 0.0947374 0.0980683 0.0985653 0.1274218 0.0719707 0.1305600 0.0783061 0.0828543 0.0985146 0.0781845 0.1157486 0.0543931 0.1314368 0.1021589 0.0642181 0.0815781 0.0848006 0.0752795 0.0183712 0.0611274 0.0835113 0.0598994 0.0546674 0.0833360 0.1000258 0.0911093 0.0768097 0.0846663 0.0649648 0.0183712 0.0811699 0.0606061 0.0231137 0.0334418 0.0662214 0.0961514 0.0666074 0.0772723 0.0556619 0.0602409 0.0760780 0.0604984 0.0496488 0.0516190 0.0723706 0.0645154 0.0280089 0.0663933 0.0545982 
S0405         0.2605814 0.2804060 0.3372946 0.0600475 0.1170685 0.0370535 0.1949052 0.0604398 0.0446365 0.0712656 0.0810858 0.0128059 0.0720455 0.0522940 0.0301885 0.0798311 0.0724621 0.0670130 0.0719263 0.0634647 0.0563817 0.0748912 0.0601752 0.0284615 0.0000000 0.0640135 0.0728364 0.0484317 0.0413978 0.0604112 0.0748862 0.0673247 0.0554835 0.0953864 0.0443742 0.0864349 0.0892985 0.0657577 0.0231097 0.0301801 0.0764446 0.0734452 0.0710502 0.0484339 0.0635807 0.1104866 0.0364713 0.0672383 0.0522863 0.0263362 0.0410680 0.0161689 0.0374681 0.0375906 0.0721683 0.0483480 0.0861926 0.0898927 0.0728304 0.0800062 0.0402188 0.0950237 0.0682380 0.0781849 0.0831516 0.0817180 0.0492163 0.1091656 0.0733163 0.0679258 0.0831136 0.0646749 0.0994055 0.0485244 0.1086545 0.0812018 0.0437642 0.0625200 0.0698975 0.0751884 0.0162190 0.0566189 0.0676955 0.0640217 0.0560550 0.0762800 0.0967039 0.0917518 0.0595716 0.0716606 0.0706383 0.0127333 0.0619421 0.0522945 0.0229881 0.0198184 0.0564150 0.0891624 0.0563677 0.0752086 0.0529659 0.0569423 0.0740116 0.0567662 0.0452836 0.0540109 0.0536318 0.0674964 0.0230124 0.0451722 0.0411269 
S0407sl       0.2950832 0.2861119 0.3156372 0.0732334 0.1423459 0.0766507 0.2148775 0.0680896 0.0741908 0.0444224 0.0953720 0.0559492 0.0522872 0.0607179 0.0705909 0.0859522 0.0649513 0.0802157 0.0763503 0.0888165 0.0447076 0.0848135 0.0903976 0.0717877 0.0640135 0.0000000 0.0961417 0.0442896 0.0611955 0.0610403 0.0590052 0.0807534 0.0557503 0.1153420 0.0685452 0.0839670 0.1021994 0.0534477 0.0685806 0.0646111 0.0688926 0.0637781 0.0592904 0.0607935 0.0808716 0.1283407 0.0670906 0.0846965 0.0758050 0.0718936 0.0606773 0.0600418 0.0568393 0.0603958 0.0901820 0.0606833 0.0680808 0.1097559 0.0685003 0.0697699 0.0557649 0.1148861 0.0805803 0.0970108 0.1024638 0.0843821 0.0733995 0.1267999 0.0789315 0.0855908 0.1024660 0.0823539 0.1262814 0.0609113 0.1172980 0.0957278 0.0557714 0.0794727 0.0903178 0.0764362 0.0602639 0.0572872 0.0595347 0.0635289 0.0556224 0.0945462 0.0776139 0.0799281 0.0688469 0.0895034 0.0940336 0.0555849 0.0750199 0.0607181 0.0681698 0.0452522 0.0601349 0.0912762 0.0863155 0.0583931 0.0615225 0.0698038 0.0568376 0.0656681 0.0654273 0.0268802 0.0784321 0.0669810 0.0682246 0.0693869 0.0604241 
S0412sl       0.3633719 0.3310055 0.3500329 0.0914697 0.1428302 0.0943267 0.2343834 0.0756021 0.0801628 0.0910251 0.1041792 0.0644495 0.0939041 0.0786179 0.0776411 0.0865956 0.0965834 0.0989425 0.0963788 0.1036249 0.0832886 0.1122192 0.0960239 0.0745958 0.0728364 0.0961417 0.0000000 0.0824537 0.0787217 0.0838670 0.1065459 0.0909908 0.0686503 0.1230996 0.0695907 0.1248007 0.1130383 0.0897437 0.0776525 0.0736838 0.0943020 0.1027972 0.0907127 0.0863850 0.0935507 0.1467066 0.0680920 0.0992961 0.0818887 0.0729867 0.0780202 0.0687176 0.0739563 0.0823746 0.0882737 0.0764752 0.1127467 0.1013489 0.0976962 0.1049687 0.0646740 0.1225999 0.1056135 0.1040518 0.1097775 0.0978408 0.0872148 0.1448935 0.1008646 0.1000465 0.1053327 0.0887371 0.1381696 0.0865600 0.1396803 0.1162209 0.0766300 0.0933097 0.1081202 0.1101140 0.0689814 0.0763363 0.1002225 0.0917106 0.0827585 0.1098739 0.1293289 0.1241408 0.0991442 0.1044506 0.1049914 0.0640169 0.0834747 0.0786178 0.0692038 0.0618365 0.0742828 0.1299391 0.0836862 0.0813838 0.0797232 0.0886476 0.0862780 0.0851905 0.0750252 0.0771321 0.0926533 0.0909494 0.0772320 0.0830148 0.0724938 
S0417         0.2711604 0.2767461 0.2968736 0.0642240 0.1008328 0.0720160 0.1907355 0.0568753 0.0511608 0.0404714 0.0820356 0.0444615 0.0488356 0.0448481 0.0545256 0.0811989 0.0378549 0.0678394 0.0677998 0.0720143 0.0196879 0.0754885 0.0688466 0.0606352 0.0484317 0.0442896 0.0824537 0.0000000 0.0451771 0.0562952 0.0308618 0.0681586 0.0373372 0.1010682 0.0448931 0.0752509 0.0809923 0.0271666 0.0564717 0.0602034 0.0415062 0.0413601 0.0445300 0.0601877 0.0643639 0.1093821 0.0439803 0.0680703 0.0672592 0.0520220 0.0448121 0.0481251 0.0411670 0.0410310 0.0733120 0.0600795 0.0527705 0.0786120 0.0456008 0.0464167 0.0333738 0.1006769 0.0680664 0.0834315 0.0840126 0.0599759 0.0491662 0.1075930 0.0737383 0.0568861 0.0885382 0.0695107 0.1076769 0.0523757 0.1075858 0.0906264 0.0475842 0.0518104 0.0610229 0.0589826 0.0482950 0.0490286 0.0407450 0.0412121 0.0338260 0.0772534 0.0539321 0.0558396 0.0526586 0.0725605 0.0823885 0.0477396 0.0554944 0.0448473 0.0558715 0.0377172 0.0525193 0.0729352 0.0610588 0.0423220 0.0495233 0.0532039 0.0363733 0.0652381 0.0491281 0.0202470 0.0535835 0.0446027 0.0559199 0.0609073 0.0339054 
S0419         0.2996517 0.3067435 0.3201853 0.0530184 0.0840237 0.0606579 0.1878166 0.0575702 0.0000010 0.0563874 0.0526704 0.0338632 0.0702227 0.0341545 0.0440973 0.0729557 0.0530191 0.0720403 0.0609328 0.0762872 0.0456122 0.0678585 0.0448197 0.0437329 0.0413978 0.0611955 0.0787217 0.0451771 0.0000000 0.0575403 0.0761173 0.0723814 0.0448901 0.0708931 0.0414108 0.0745185 0.0912723 0.0504961 0.0454440 0.0485432 0.0619714 0.0539906 0.0522772 0.0295083 0.0685405 0.1127189 0.0369213 0.0722874 0.0317979 0.0485287 0.0062756 0.0374405 0.0031226 0.0094839 0.0493608 0.0335316 0.0661686 0.0870891 0.0535602 0.0597429 0.0300070 0.0706293 0.0531244 0.0545616 0.0590861 0.0680632 0.0375639 0.0999189 0.0539231 0.0595740 0.0635297 0.0461790 0.1109067 0.0127116 0.1108097 0.0616294 0.0370266 0.0593490 0.0833202 0.0471195 0.0375687 0.0381459 0.0648949 0.0453294 0.0377686 0.0816663 0.0759142 0.0772449 0.0605663 0.0768704 0.0643885 0.0371463 0.0631089 0.0341545 0.0449589 0.0343705 0.0456383 0.0692882 0.0574503 0.0514140 0.0385211 0.0378632 0.0617232 0.0538517 0.0063048 0.0430117 0.0337941 0.0487684 0.0450012 0.0339761 0.0304856 
S0427         0.3125643 0.2819778 0.3117582 0.0654023 0.1113120 0.0680662 0.2254238 0.0706489 0.0528771 0.0762407 0.0920013 0.0487315 0.0824650 0.0489222 0.0691686 0.0827976 0.0823656 0.0977686 0.0755650 0.1023966 0.0606025 0.0811207 0.0562135 0.0715303 0.0604112 0.0610403 0.0838670 0.0562952 0.0575403 0.0000000 0.0528218 0.0857568 0.0727532 0.0969596 0.0530982 0.1018076 0.1197399 0.0702538 0.0611023 0.0653722 0.0782992 0.0686503 0.0731141 0.0575582 0.0941789 0.1126881 0.0519913 0.0981146 0.0528186 0.0641350 0.0570542 0.0524852 0.0532293 0.0610967 0.0829599 0.0574528 0.0730894 0.1100359 0.0792883 0.0749387 0.0522228 0.1032723 0.0815607 0.0895994 0.0797017 0.0620727 0.0739844 0.1107984 0.0657192 0.0813912 0.0949579 0.0751042 0.1054227 0.0535700 0.1019964 0.0969595 0.0522303 0.0676331 0.0703813 0.0706442 0.0526754 0.0579541 0.0848198 0.0777352 0.0692397 0.1085605 0.0913185 0.0984080 0.0728406 0.0967989 0.1064110 0.0520554 0.0878245 0.0489220 0.0528440 0.0381836 0.0541405 0.0866586 0.0620570 0.0597919 0.0537628 0.0489369 0.0614929 0.0750631 0.0566301 0.0503381 0.0790724 0.0813349 0.0526224 0.0699336 0.0611250 
S0428sl       0.3073055 0.3594144 0.3368611 0.0748312 0.5028644 0.0689882 0.2823621 0.0772366 0.0761173 0.0311890 0.1021012 0.0528250 0.0540115 0.0586716 0.0453874 0.0919293 0.0390454 0.0589943 0.0730759 0.0523865 0.0317813 0.1166108 0.0922734 0.1003326 0.0748862 0.0590052 0.1065459 0.0308618 0.0761173 0.0528218 0.0000000 0.0520183 0.0516940 0.1033035 0.0383859 0.0897583 0.0520183 0.0318262 0.0681015 0.0681695 0.0614511 0.0535877 0.0597875 0.0822007 0.0520183 0.1107029 0.0451798 0.0593657 0.0871680 0.0601151 0.0748751 0.0600191 0.0674719 0.0602330 0.0926771 0.0914220 0.0535677 0.0761573 0.0764787 0.0403238 0.0517359 0.1088430 0.0822142 0.0856163 0.0871537 0.0696831 0.0903342 0.1097758 0.0942046 0.0817387 0.1133959 0.0936558 0.1092933 0.0679647 0.1096872 0.0913526 0.0513767 0.0800931 0.0597197 0.0531848 0.0604408 0.0824572 0.0378115 0.0676388 0.0595127 0.0687255 0.0465491 0.0596114 0.0836425 0.0590390 0.0421600 0.0590837 0.0738395 0.0586716 0.0681275 0.0391478 0.0681180 0.0835508 0.0680276 0.0515332 0.0676550 0.0689728 0.0316982 0.1011796 0.0752291 0.0253393 0.0998121 0.0679943 0.0533466 0.0822007 0.0824572 
S0430         0.2599737 0.2888863 0.3111922 0.0798435 0.2654342 0.0794452 0.1991670 0.0609548 0.0581093 0.0757205 0.0815398 0.0592426 0.0818783 0.0722965 0.0752119 0.0925956 0.0742128 0.0062384 0.0594084 0.0094358 0.0606197 0.1085179 0.1021627 0.0838493 0.0673247 0.0807534 0.0909908 0.0681586 0.0723814 0.0857568 0.0520183 0.0000000 0.0672404 0.1004354 0.0594330 0.0747218 0.0366012 0.0702639 0.0719235 0.0763481 0.0746027 0.0912950 0.0839591 0.0679900 0.0062848 0.1128323 0.0627867 0.0062571 0.0525397 0.0674583 0.0717609 0.0633492 0.0678607 0.0759217 0.0807662 0.0678674 0.0955027 0.0776648 0.0904485 0.0893696 0.0590482 0.1086768 0.0969672 0.0912582 0.0965186 0.0669656 0.0936473 0.1232095 0.0901975 0.0840801 0.0923071 0.0731328 0.1311520 0.0759552 0.1220667 0.1069009 0.0661329 0.0781051 0.1010718 0.0746599 0.0635840 0.0810564 0.0762398 0.0683849 0.0684105 0.0128311 0.0977409 0.0939947 0.0600232 0.0094995 0.0087852 0.0588579 0.0547539 0.0683680 0.0637851 0.0528332 0.0608770 0.1125141 0.0814828 0.0849045 0.0732733 0.0818005 0.0748825 0.0901071 0.0767268 0.0505579 0.0991257 0.0883850 0.0715489 0.0807438 0.0759427 
S0478         0.2986074 0.2855119 0.2990102 0.0598293 0.1186837 0.0671310 0.1930789 0.0564992 0.0438287 0.0441471 0.0848536 0.0477419 0.0526962 0.0445657 0.0589164 0.0601239 0.0531992 0.0669300 0.0601132 0.0710393 0.0338040 0.0829955 0.0644241 0.0600664 0.0554835 0.0557503 0.0686503 0.0373372 0.0448901 0.0727532 0.0516940 0.0672404 0.0000000 0.0775216 0.0446100 0.0779377 0.0745973 0.0420123 0.0598107 0.0598051 0.0651784 0.0492810 0.0440341 0.0597896 0.0635011 0.1095372 0.0512099 0.0671547 0.0447186 0.0555888 0.0445299 0.0516600 0.0409106 0.0407764 0.0562642 0.0596829 0.0491514 0.0908200 0.0489005 0.0466621 0.0404278 0.0772371 0.0636832 0.0612302 0.0657986 0.0741797 0.0643731 0.1082366 0.0640454 0.0683055 0.0742419 0.0565100 0.1078268 0.0520378 0.1031957 0.0724066 0.0436051 0.0628595 0.0821157 0.0665022 0.0518437 0.0406044 0.0482051 0.0409553 0.0336211 0.0761839 0.0620161 0.0719049 0.0714125 0.0715709 0.0698843 0.0474410 0.0587086 0.0445657 0.0594634 0.0412223 0.0557150 0.0803687 0.0688594 0.0461382 0.0451240 0.0528551 0.0484523 0.0482228 0.0414568 0.0347902 0.0691242 0.0443234 0.0595135 0.0604996 0.0408057 
S0552sl       0.3548887 0.3235219 0.3912719 0.0881071 0.1828492 0.0987666 0.2380841 0.0883104 0.0683785 0.1041807 0.0921810 0.0769194 0.1019177 0.0698787 0.1092851 0.1148587 0.0903509 0.1085626 0.1147664 0.1134072 0.0927523 0.1139138 0.1023376 0.1098761 0.0953864 0.1153420 0.1230996 0.1010682 0.0708931 0.0969596 0.1033035 0.1004354 0.0775216 0.0000000 0.0833857 0.1306801 0.1401946 0.0995872 0.0847584 0.1102812 0.1092148 0.1018846 0.0918110 0.0915205 0.1048956 0.1396589 0.0903537 0.1089563 0.0600354 0.0980734 0.0702671 0.0852466 0.0662525 0.0745474 0.0448021 0.0913484 0.1062497 0.1473417 0.1077221 0.0906130 0.0819556 0.0193085 0.0638492 0.0127180 0.0094263 0.1201663 0.0934828 0.1439534 0.0975452 0.1107792 0.0625956 0.0455364 0.1462080 0.0747638 0.1365750 0.0596304 0.0733284 0.1035570 0.1254091 0.0803712 0.0855894 0.0931372 0.1035101 0.0927940 0.0837273 0.1199836 0.1065000 0.1161695 0.1140897 0.1143244 0.1086013 0.0856699 0.1159422 0.0658889 0.0858664 0.0750596 0.0894031 0.0815123 0.1122951 0.0871960 0.0657447 0.0698891 0.0967545 0.1072529 0.0753629 0.0866630 0.0991796 0.1051544 0.0902451 0.0841953 0.0833524 
S0558         0.2907777 0.2812498 0.3179593 0.0523218 0.1223698 0.0519871 0.2031511 0.0495803 0.0441417 0.0599632 0.0811826 0.0334435 0.0655108 0.0487269 0.0443365 0.0846857 0.0576415 0.0591601 0.0687185 0.0631670 0.0377463 0.0751449 0.0641993 0.0438363 0.0443742 0.0685452 0.0695907 0.0448931 0.0414108 0.0530982 0.0383859 0.0594330 0.0446100 0.0833857 0.0000000 0.0744033 0.0692697 0.0462268 0.0448573 0.0562734 0.0699014 0.0499417 0.0597917 0.0562582 0.0557533 0.1118246 0.0262315 0.0593571 0.0528162 0.0406925 0.0410797 0.0369731 0.0374755 0.0448460 0.0646432 0.0561574 0.0537591 0.0864536 0.0612737 0.0473004 0.0298320 0.0870417 0.0685178 0.0704074 0.0713171 0.0593909 0.0567866 0.1099602 0.0575310 0.0720386 0.0751916 0.0571984 0.1005729 0.0412326 0.1099473 0.0775144 0.0365698 0.0664762 0.0659966 0.0670999 0.0370980 0.0529985 0.0603745 0.0528002 0.0450651 0.0680986 0.0628771 0.0687801 0.0597600 0.0636361 0.0585728 0.0366863 0.0626955 0.0487265 0.0443845 0.0303978 0.0453483 0.0942680 0.0491476 0.0552998 0.0535410 0.0535634 0.0449987 0.0607195 0.0453009 0.0350373 0.0613766 0.0562588 0.0372508 0.0529735 0.0448760 
