68
SRR6441723  0.0000000 0.1631026 0.1783871 0.0986983 0.1403099 0.1818692 0.1350521 0.1922515 0.0956080 0.1800903 0.1796493 0.1401341 0.1232335 0.1476805 0.1843313 0.0986983 0.1337741 0.1822925 0.1127365 0.1471236 0.2168513 0.1662831 0.1134142 0.1056750 0.1144474 0.2317532 0.1450598 0.1031879 0.1364822 0.0751704 0.1665379 0.1109695 0.1156457 0.0874596 0.1232335 0.1351953 0.1470852 0.1688994 0.1472922 0.2617629 0.1865129 0.0782055 0.0837119 0.1617980 0.0854520 0.2486036 0.1380305 0.1811668 0.1516019 0.1846058 0.1108462 0.0542687 0.1244889 0.1365795 0.1471236 0.1710074 0.1205866 0.1627013 0.1471167 0.1220606 0.1796493 0.1710486 0.1000671 0.1642419 0.1440045 0.1355634 0.1743612 0.1735034 
ERR2789774  0.1631026 0.0000000 0.1463555 0.1052610 0.1075823 0.2249563 0.0582964 0.1831916 0.1849063 0.1456334 0.1295168 0.1764904 0.0480874 0.0689822 0.1624315 0.1052610 0.1916590 0.1889821 0.0817073 0.0687139 0.1577917 0.1730645 0.1060713 0.0608458 0.1467529 0.2098861 0.1503975 0.0503586 0.1477291 0.1192818 0.0830456 0.1422944 0.1483918 0.1095051 0.0907408 0.1649304 0.1479276 0.1597420 0.1821795 0.2219887 0.1939500 0.1076032 0.1452748 0.1635765 0.1858231 0.1947536 0.0593825 0.1502552 0.1186415 0.1494461 0.0986901 0.1470731 0.2012475 0.0588097 0.0687139 0.1381535 0.2165216 0.1687116 0.1149309 0.1976888 0.1295168 0.1505209 0.1304867 0.1161981 0.1529818 0.0585257 0.1792181 0.1400729 
S0055       0.1783871 0.1463555 0.0000000 0.0962953 0.0862371 0.1938849 0.0632434 0.1289680 0.1402537 0.0967752 0.1423551 0.1055277 0.0728916 0.0936666 0.1630930 0.0962953 0.1345506 0.1307553 0.0729237 0.0933271 0.1595361 0.1196990 0.0839458 0.0754606 0.1099763 0.1385456 0.1025265 0.0654606 0.1197301 0.1065654 0.0858044 0.1067396 0.1110784 0.1530909 0.0929896 0.1029614 0.1201621 0.1324031 0.1513777 0.1518428 0.1460167 0.0749545 0.0962389 0.1356714 0.1392157 0.1294227 0.0737888 0.1319146 0.1176949 0.1229711 0.0887752 0.0963893 0.1274146 0.0837528 0.0933271 0.0921315 0.1410883 0.1185995 0.0933269 0.1250373 0.1100302 0.1320671 0.1075506 0.1070527 0.1552267 0.0832979 0.1834139 0.0931834 
S0196sl     0.0986983 0.1052610 0.0962953 0.0000000 0.0536078 0.0901968 0.0515631 0.1150149 0.0933800 0.0840252 0.0838503 0.0845889 0.0424294 0.0611360 0.1013648 0.0000010 0.1199399 0.1180864 0.0518956 0.0609176 0.1191506 0.1059328 0.0340312 0.0535991 0.0251310 0.1440857 0.0900169 0.0347077 0.0635918 0.0252971 0.0735338 0.0243468 0.0253411 0.0500399 0.0424294 0.1011884 0.0853209 0.0951289 0.0699569 0.1544724 0.1562825 0.0164695 0.0540831 0.1188273 0.0938688 0.1435144 0.0524180 0.1175948 0.0628465 0.0861509 0.0654884 0.0526141 0.1052314 0.0519633 0.0609176 0.0998575 0.1212255 0.1031154 0.0609207 0.1031700 0.0838503 0.0960492 0.0160758 0.0726948 0.0419442 0.0517482 0.0809176 0.0809120 
S0278       0.1403099 0.1075823 0.0862371 0.0536078 0.0000000 0.1659731 0.0343869 0.0499429 0.1045964 0.0242820 0.0412578 0.1094215 0.0433608 0.0624349 0.1047457 0.0536078 0.0868231 0.1065703 0.0425032 0.0622085 0.0514992 0.0614745 0.0539915 0.0547925 0.0864474 0.0938405 0.0720131 0.0452278 0.0865337 0.0645153 0.0751106 0.0838503 0.0740458 0.1091285 0.0627882 0.0827364 0.0871365 0.0552802 0.1306483 0.1033113 0.1205979 0.0546637 0.0852480 0.1047331 0.1188139 0.0933886 0.0535671 0.1199789 0.0238674 0.0436168 0.0566768 0.0866046 0.1014338 0.0530930 0.0622085 0.0816803 0.1492137 0.0706423 0.0328585 0.1286928 0.0242382 0.0980706 0.0739033 0.0157698 0.1059520 0.0528672 0.1368448 0.0508934 
S0281       0.1818692 0.2249563 0.1938849 0.0901968 0.1659731 0.0000000 0.1601305 0.1897592 0.1535356 0.1781973 0.2054280 0.1856819 0.1482991 0.1728406 0.1387339 0.0901968 0.1619842 0.1588770 0.1481549 0.1722135 0.2544226 0.1537604 0.0937525 0.1423668 0.0826084 0.2302368 0.1273646 0.1299806 0.1516556 0.0942347 0.1653291 0.0801993 0.0833756 0.0713179 0.1258501 0.1526723 0.1640589 0.2115885 0.0704229 0.2555753 0.1678645 0.0725545 0.1160524 0.1158663 0.1475480 0.2753191 0.1506019 0.1850625 0.1771221 0.2108054 0.1364622 0.1384174 0.1548603 0.1619720 0.1488433 0.1466854 0.1384878 0.1559514 0.1722088 0.1520721 0.2054280 0.1695801 0.0807631 0.1653547 0.0801979 0.1607119 0.0814957 0.1244900 
S0282       0.1350521 0.0582964 0.0632434 0.0515631 0.0343869 0.1601305 0.0000000 0.0923441 0.1139192 0.0629139 0.0824113 0.1053140 0.0078301 0.0241597 0.0789211 0.0515631 0.0962806 0.1160632 0.0332822 0.0240763 0.0955515 0.0834652 0.0519213 0.0164382 0.0831914 0.1091842 0.0693666 0.0081281 0.0832453 0.0620540 0.0338870 0.0807489 0.0839707 0.1063268 0.0413376 0.0797019 0.0838392 0.0732698 0.1259551 0.1191015 0.1303781 0.0525452 0.0820450 0.0952621 0.1144951 0.0976251 0.0160774 0.0851714 0.0617662 0.0645284 0.0350737 0.0833383 0.1264168 0.0159511 0.0240763 0.0599571 0.1354513 0.0811400 0.0418579 0.1240705 0.0627882 0.0851517 0.0711290 0.0524874 0.1020926 0.0159099 0.1237669 0.0605518 
S0289       0.1922515 0.1831916 0.1289680 0.1150149 0.0499429 0.1897592 0.0923441 0.0000000 0.1375741 0.0411932 0.0780831 0.1682137 0.1024345 0.1244186 0.1735133 0.1150149 0.1078946 0.1281631 0.0898777 0.1239759 0.0903791 0.0612568 0.0933832 0.0956297 0.1073150 0.1045274 0.0914980 0.0957152 0.1448274 0.0950933 0.1167910 0.1041905 0.0941191 0.1295897 0.1251333 0.0930440 0.1320045 0.1183838 0.1530359 0.1390453 0.1431709 0.0741370 0.1279441 0.1376857 0.1408147 0.1284973 0.1038173 0.1195302 0.0585736 0.0826333 0.0995100 0.1295388 0.1219865 0.1142189 0.1239759 0.1014669 0.1731676 0.1004738 0.0691711 0.1509949 0.0594987 0.0977013 0.1049681 0.0497736 0.1753943 0.1134930 0.1591146 0.0690630 
S0292       0.0956080 0.1849063 0.1402537 0.0933800 0.1045964 0.1535356 0.1139192 0.1375741 0.0000000 0.1269496 0.1388899 0.1295895 0.1031666 0.1253603 0.1726878 0.0933800 0.1160973 0.1313655 0.0914703 0.1249110 0.1458992 0.1049017 0.0831384 0.1068704 0.0965758 0.1810156 0.1240808 0.0825203 0.1309404 0.0601185 0.1294786 0.0937202 0.0862232 0.0675186 0.1031666 0.1253591 0.1330625 0.1419489 0.1415365 0.2094983 0.1232415 0.0641288 0.0784626 0.1590312 0.1039440 0.1976657 0.1150702 0.1559566 0.0935789 0.1425735 0.0978287 0.0725682 0.0347657 0.1150696 0.1249110 0.1347119 0.1247197 0.1406287 0.1154249 0.0441389 0.1388899 0.1326922 0.0937203 0.1257522 0.1509972 0.1143298 0.1566922 0.1267749 
S0299       0.1800903 0.1456334 0.0967752 0.0840252 0.0242820 0.1781973 0.0629139 0.0411932 0.1269496 0.0000000 0.0506557 0.1329492 0.0725204 0.0932072 0.1392749 0.0840252 0.0974887 0.1175392 0.0611539 0.0928704 0.0424592 0.0521334 0.0636519 0.0750664 0.0970119 0.0943849 0.0818462 0.0651096 0.1207718 0.0850867 0.0853676 0.0941393 0.0841788 0.1091285 0.0937424 0.0832097 0.0990997 0.0651470 0.1420812 0.1154696 0.1320964 0.0644534 0.0957572 0.1039729 0.1300225 0.1052671 0.0734086 0.1312920 0.0325545 0.0535946 0.0889926 0.0971930 0.1118636 0.0833310 0.0928704 0.0916855 0.1614889 0.0907232 0.0420376 0.1400732 0.0330685 0.1090062 0.0948365 0.0241993 0.1408368 0.0828811 0.1482247 0.0419675 
S0320       0.1796493 0.1295168 0.1423551 0.0838503 0.0412578 0.2054280 0.0824113 0.0780831 0.1388899 0.0506557 0.0000000 0.1455460 0.0723738 0.0930132 0.1620056 0.0838503 0.1437040 0.1416118 0.0710290 0.0926777 0.0806335 0.0916798 0.0844483 0.0858282 0.1200091 0.1273885 0.1243059 0.0756567 0.1204998 0.0960009 0.0851875 0.1165277 0.1061611 0.1091285 0.0935462 0.1150137 0.0988827 0.1076681 0.1672913 0.1373324 0.1821728 0.0855464 0.1186668 0.1390009 0.1427022 0.1268602 0.0839397 0.1561769 0.0324959 0.0728256 0.0998930 0.1202426 0.1346972 0.0831584 0.0926777 0.1349339 0.1887221 0.1223769 0.0599988 0.1651863 0.0326061 0.1329268 0.1059683 0.0411179 0.1405217 0.0827107 0.1733952 0.0796343 
S0335       0.1401341 0.1764904 0.1055277 0.0845889 0.1094215 0.1856819 0.1053140 0.1682137 0.1295895 0.1329492 0.1455460 0.0000000 0.0944801 0.1168412 0.1310143 0.0845889 0.1606755 0.1483011 0.1048847 0.1164101 0.1893704 0.1585190 0.0742967 0.1087867 0.1094124 0.1934313 0.1061484 0.0864956 0.1132088 0.0960638 0.1208085 0.1061487 0.1105229 0.1370750 0.0944801 0.1393634 0.1340332 0.1594538 0.1567400 0.1963388 0.2020836 0.0752619 0.0993846 0.1715748 0.1303742 0.1845906 0.1063781 0.1475303 0.1199856 0.1495533 0.1121381 0.0865683 0.1317627 0.1063784 0.1164101 0.1390970 0.1517340 0.1423140 0.1164063 0.1033802 0.1352373 0.1477684 0.1061486 0.1316437 0.1426799 0.1057054 0.1842699 0.1280475 
S0400       0.1232335 0.0480874 0.0728916 0.0424294 0.0433608 0.1482991 0.0078301 0.1024345 0.1031666 0.0725204 0.0723738 0.0944801 0.0000000 0.0159099 0.0884307 0.0424294 0.1067782 0.1050863 0.0246466 0.0158551 0.1060238 0.0935261 0.0427252 0.0081153 0.0730635 0.1200597 0.0787196 0.0000029 0.0730345 0.0525416 0.0251130 0.0708905 0.0737385 0.0864887 0.0326705 0.0893524 0.0736398 0.0831335 0.1149171 0.1300774 0.1416179 0.0432313 0.0719896 0.0846606 0.1036964 0.1082748 0.0079360 0.0748335 0.0523013 0.0743539 0.0350737 0.0731894 0.1152951 0.0078747 0.0158551 0.0691262 0.1236041 0.0909935 0.0506956 0.1131007 0.0723738 0.0747909 0.0614577 0.0617662 0.0916761 0.0078570 0.1128540 0.0698349 
S0405       0.1476805 0.0689822 0.0936666 0.0611360 0.0624349 0.1728406 0.0241597 0.1244186 0.1253603 0.0932072 0.0930132 0.1168412 0.0159099 0.0000000 0.1090267 0.0611360 0.1296861 0.1277533 0.0422804 0.0159637 0.1288918 0.1153772 0.0615605 0.0164971 0.0938903 0.1351278 0.0989104 0.0165285 0.0940491 0.0720481 0.0430204 0.0911609 0.0947845 0.1070555 0.0503852 0.1102894 0.0946139 0.1044703 0.1377237 0.1454504 0.1664686 0.0623140 0.0926787 0.1065063 0.1259862 0.1228300 0.0245116 0.0960913 0.0717095 0.0955182 0.0445744 0.0940605 0.1382818 0.0243156 0.0159637 0.0888419 0.1481134 0.1124053 0.0695619 0.1357735 0.0930132 0.0961023 0.0813213 0.0816533 0.1131489 0.0242437 0.1354045 0.0898207 
S0412sl     0.1843313 0.1624315 0.1630930 0.1013648 0.1047457 0.1387339 0.0789211 0.1735133 0.1726878 0.1392749 0.1620056 0.1310143 0.0884307 0.1090267 0.0000000 0.1013648 0.1663398 0.1785218 0.1224749 0.1086500 0.1801191 0.1641754 0.0817674 0.1024013 0.1384274 0.1613627 0.0610434 0.0816391 0.1305442 0.1138799 0.1239806 0.1345654 0.1398216 0.1315578 0.0693192 0.1345903 0.1507822 0.1433732 0.1155840 0.1582390 0.1809398 0.1033926 0.1285696 0.1651766 0.1595169 0.1470789 0.1002563 0.1669986 0.1366601 0.1426405 0.0855670 0.1386992 0.1872329 0.0993392 0.0887386 0.0898276 0.1577414 0.1151980 0.1114977 0.1737389 0.1389659 0.1673354 0.1239379 0.1258604 0.0921969 0.0987730 0.1135034 0.1127717 
S0419       0.0986983 0.1052610 0.0962953 0.0000010 0.0536078 0.0901968 0.0515631 0.1150149 0.0933800 0.0840252 0.0838503 0.0845889 0.0424294 0.0611360 0.1013648 0.0000000 0.1199399 0.1180864 0.0518956 0.0609176 0.1191506 0.1059328 0.0340312 0.0535991 0.0251310 0.1440857 0.0900169 0.0347077 0.0635918 0.0252971 0.0735338 0.0243468 0.0253411 0.0500399 0.0424294 0.1011884 0.0853209 0.0951289 0.0699569 0.1544724 0.1562825 0.0164695 0.0540831 0.1188273 0.0938688 0.1435144 0.0524180 0.1175948 0.0628465 0.0861509 0.0654884 0.0526141 0.1052314 0.0519633 0.0609176 0.0998575 0.1212255 0.1031154 0.0609207 0.1031700 0.0838503 0.0960492 0.0160758 0.0726948 0.0419442 0.0517482 0.0809176 0.0809120 
S0427       0.1337741 0.1916590 0.1345506 0.1199399 0.0868231 0.1619842 0.0962806 0.1078946 0.1160973 0.0974887 0.1437040 0.1606755 0.1067782 0.1296861 0.1663398 0.1199399 0.0000000 0.1104552 0.0845156 0.1071754 0.1611990 0.0740550 0.0866275 0.0998350 0.1120121 0.1500745 0.0836134 0.0875968 0.1436539 0.0842147 0.1218448 0.1086633 0.1010814 0.1284452 0.1304555 0.1061487 0.1291988 0.1235537 0.1441254 0.1901794 0.1078617 0.0773892 0.0926476 0.1063612 0.1158371 0.1783052 0.1082870 0.1344588 0.1186765 0.1240601 0.0939713 0.1351681 0.1447248 0.1191067 0.1292108 0.0848323 0.1052125 0.0772722 0.0976774 0.1575188 0.1207341 0.1249134 0.1095060 0.1078946 0.1666183 0.1183079 0.1761801 0.0975241 
S0552sl     0.1822925 0.1889821 0.1307553 0.1180864 0.1065703 0.1588770 0.1160632 0.1281631 0.1313655 0.1175392 0.1416118 0.1483011 0.1050863 0.1277533 0.1785218 0.1180864 0.1104552 0.0000000 0.0830990 0.1272877 0.1839268 0.1188455 0.0957922 0.0981642 0.1102065 0.1725930 0.0938074 0.0982616 0.1246508 0.0975836 0.1199517 0.1069294 0.0993910 0.0944814 0.1050863 0.0715010 0.0699811 0.1447700 0.1573928 0.1850094 0.0956772 0.0760146 0.1227049 0.1014715 0.1311239 0.2018949 0.1065523 0.1228333 0.1168463 0.1454265 0.1018526 0.1331296 0.1426082 0.1172630 0.1272877 0.1255058 0.1417545 0.0998438 0.1176115 0.1552838 0.1416118 0.1229472 0.1077507 0.1281631 0.1805011 0.1164884 0.1468637 0.0946673 
S0641       0.1127365 0.0817073 0.0729237 0.0518956 0.0425032 0.1481549 0.0332822 0.0898777 0.0914703 0.0611539 0.0710290 0.1048847 0.0246466 0.0422804 0.1224749 0.0518956 0.0845156 0.0830990 0.0000000 0.0421302 0.1041333 0.0811811 0.0427739 0.0167551 0.0730958 0.1264069 0.0787432 0.0254286 0.0837455 0.0618938 0.0437197 0.0709244 0.0634165 0.0864887 0.0608097 0.0794537 0.0843403 0.0534743 0.1148708 0.1376387 0.1172334 0.0432804 0.0720228 0.0856391 0.0831266 0.1158721 0.0335140 0.0839313 0.0512951 0.0729497 0.0450643 0.0538165 0.1019929 0.0335139 0.0421302 0.0691602 0.0996606 0.0919605 0.0518473 0.1130595 0.0710290 0.0839089 0.0709244 0.0606038 0.1026568 0.0334007 0.1283281 0.0613300 
S0643       0.1471236 0.0687139 0.0933271 0.0609176 0.0622085 0.1722135 0.0240763 0.1239759 0.1249110 0.0928704 0.0926777 0.1164101 0.0158551 0.0159637 0.1086500 0.0609176 0.1071754 0.1272877 0.0421302 0.0000000 0.1284191 0.1149607 0.0519213 0.0164382 0.0935493 0.1346215 0.0985667 0.0164694 0.0937041 0.0717880 0.0428658 0.0908362 0.0944375 0.1063268 0.0502097 0.1099030 0.0942687 0.1040919 0.1372297 0.1449100 0.1658508 0.0620876 0.0923429 0.1061131 0.1255324 0.1223687 0.0244254 0.0957374 0.0714518 0.0951675 0.0444083 0.0937183 0.1377822 0.0242305 0.0159085 0.0693666 0.1475538 0.0913201 0.0693172 0.1352869 0.0926777 0.0957473 0.0810298 0.0813607 0.1127451 0.0241597 0.1349216 0.0895041 
S0645sl     0.2168513 0.1577917 0.1595361 0.1191506 0.0514992 0.2544226 0.0955515 0.0903791 0.1458992 0.0424592 0.0806335 0.1893704 0.1060238 0.1288918 0.1801191 0.1191506 0.1611990 0.1839268 0.1041333 0.1284191 0.0000000 0.0816471 0.1200201 0.1222168 0.1599532 0.1187609 0.1397985 0.1111979 0.1611199 0.1329751 0.1460774 0.1553631 0.1441415 0.1589153 0.1296565 0.1301889 0.1369808 0.0988868 0.2119188 0.1288081 0.1917074 0.1097577 0.1585473 0.1536975 0.1980906 0.1182387 0.1195133 0.2000769 0.0521232 0.0854869 0.1141088 0.1602914 0.1237724 0.1183193 0.1284191 0.1510051 0.2374791 0.1376906 0.0714219 0.1532784 0.0613959 0.1747978 0.1438897 0.0513191 0.1821260 0.1175286 0.2181363 0.0922516 
S0656sl     0.1662831 0.1730645 0.1196990 0.1059328 0.0614745 0.1537604 0.0834652 0.0612568 0.1049017 0.0521334 0.0916798 0.1585190 0.0935261 0.1153772 0.1641754 0.1059328 0.0740550 0.1188455 0.0811811 0.1149607 0.0816471 0.0000000 0.0844256 0.0864533 0.0980869 0.0954177 0.0827140 0.0858632 0.1455193 0.0734801 0.1076027 0.0951599 0.0850951 0.0864887 0.1160480 0.0841068 0.1225650 0.1187820 0.1192338 0.1297358 0.1239128 0.0651573 0.1059429 0.1050991 0.1314691 0.1191760 0.0947698 0.1327635 0.0621935 0.0534674 0.0787085 0.1202312 0.0893865 0.1051506 0.1149607 0.0926567 0.1473643 0.0916820 0.0607315 0.1149969 0.0718014 0.1102311 0.0958729 0.0612568 0.1405189 0.1045033 0.1498552 0.0606333 
S0689       0.1134142 0.1060713 0.0839458 0.0340312 0.0539915 0.0937525 0.0519213 0.0933832 0.0831384 0.0636519 0.0844483 0.0742967 0.0427252 0.0615605 0.0817674 0.0340312 0.0866275 0.0957922 0.0427739 0.0519213 0.1200201 0.0844256 0.0000000 0.0441549 0.0443064 0.1323652 0.0515227 0.0257243 0.0538729 0.0345161 0.0536908 0.0429264 0.0446991 0.0686708 0.0250779 0.0909829 0.0859370 0.0873876 0.0638016 0.1556017 0.1081805 0.0167448 0.0435221 0.0862955 0.0731324 0.1445697 0.0431753 0.0954566 0.0632927 0.0867774 0.0460883 0.0443768 0.0838481 0.0523274 0.0428762 0.0513428 0.1122064 0.0626601 0.0613424 0.0821166 0.0844483 0.0747810 0.0432138 0.0732087 0.0629906 0.0521088 0.0841076 0.0428067 
S0690       0.1056750 0.0608458 0.0754606 0.0535991 0.0547925 0.1423668 0.0164382 0.0956297 0.1068704 0.0750664 0.0858282 0.1087867 0.0081153 0.0164971 0.1024013 0.0535991 0.0998350 0.0981642 0.0167551 0.0164382 0.1222168 0.0864533 0.0441549 0.0000000 0.0656196 0.1112740 0.0717041 0.0083667 0.0867578 0.0543560 0.0259378 0.0635807 0.0662405 0.0864887 0.0429106 0.0723611 0.0873654 0.0763183 0.1082910 0.1201575 0.1353730 0.0354166 0.0745169 0.0877471 0.0758394 0.0985262 0.0165418 0.0672880 0.0642540 0.0882334 0.0267655 0.0556436 0.1086328 0.0165418 0.0164382 0.0619582 0.1167927 0.0942067 0.0622467 0.1064613 0.0858282 0.0672304 0.0635807 0.0743547 0.1063688 0.0164971 0.1062400 0.0722099 
S0720       0.1144474 0.1467529 0.1099763 0.0251310 0.0864474 0.0826084 0.0831914 0.1073150 0.0965758 0.0970119 0.1200091 0.1094124 0.0730635 0.0938903 0.1384274 0.0251310 0.1120121 0.1102065 0.0730958 0.0935493 0.1599532 0.0980869 0.0443064 0.0656196 0.0000000 0.1489662 0.0824462 0.0552079 0.0832958 0.0262400 0.0860131 0.0165590 0.0000028 0.0500399 0.0730635 0.1045531 0.1220962 0.1327372 0.0623395 0.1885270 0.1484237 0.0084091 0.0656969 0.1229095 0.0860480 0.1768093 0.0739653 0.1097637 0.0964438 0.1232833 0.0790504 0.0638919 0.0974156 0.0839533 0.0935493 0.0923478 0.1132177 0.1066030 0.0935490 0.0954299 0.1200091 0.0880711 0.0166643 0.1073150 0.0720712 0.0834954 0.0732094 0.0934050 
S0735       0.2317532 0.2098861 0.1385456 0.1440857 0.0938405 0.2302368 0.1091842 0.1045274 0.1810156 0.0943849 0.1273885 0.1934313 0.1200597 0.1351278 0.1613627 0.1440857 0.1500745 0.1725930 0.1264069 0.1346215 0.1187609 0.0954177 0.1323652 0.1112740 0.1489662 0.0000000 0.1073893 0.1247874 0.1894803 0.1336785 0.1487500 0.1446262 0.1334933 0.1279153 0.1447732 0.1308753 0.1637186 0.1589226 0.1747291 0.0430108 0.1905501 0.0995238 0.1721943 0.1810625 0.1615038 0.0342130 0.1330395 0.1608802 0.1037671 0.1083993 0.0906862 0.1739621 0.1403672 0.1330400 0.1346215 0.1405743 0.1859026 0.1383873 0.0925972 0.1725297 0.0925074 0.1368878 0.1446259 0.0934976 0.1849756 0.1320818 0.1702216 0.1033359 
S0742       0.1450598 0.1503975 0.1025265 0.0900169 0.0720131 0.1273646 0.0693666 0.0914980 0.1240808 0.0818462 0.1243059 0.1061484 0.0787196 0.0989104 0.0610434 0.0900169 0.0836134 0.0938074 0.0787432 0.0985667 0.1397985 0.0827140 0.0515227 0.0717041 0.0824462 0.1073893 0.0000000 0.0717193 0.1175553 0.0714363 0.0913923 0.0800469 0.0832099 0.1496738 0.0797093 0.0698757 0.1138323 0.1065323 0.0830530 0.1426161 0.0946764 0.0521357 0.0933813 0.0933824 0.1013391 0.1318832 0.0796688 0.0934904 0.1014669 0.1058789 0.0448275 0.1029551 0.1251145 0.0893239 0.0789940 0.0411197 0.1206623 0.0521772 0.0789956 0.1134950 0.1031407 0.0934936 0.0806082 0.0914980 0.1024286 0.0888419 0.1042748 0.0600723 
S0756       0.1031879 0.0503586 0.0654606 0.0347077 0.0452278 0.1299806 0.0081281 0.0957152 0.0825203 0.0651096 0.0756567 0.0864956 0.0000029 0.0165285 0.0816391 0.0347077 0.0875968 0.0982616 0.0254286 0.0164694 0.1111979 0.0858632 0.0257243 0.0083667 0.0552079 0.1247874 0.0717193 0.0000000 0.0655382 0.0341120 0.0171142 0.0534730 0.0557203 0.0691378 0.0250281 0.0925191 0.0770329 0.0869952 0.0967841 0.1366501 0.1356427 0.0260296 0.0440605 0.0878083 0.0856214 0.1136441 0.0000024 0.0566334 0.0545726 0.0778099 0.0269720 0.0553011 0.0970461 0.0000029 0.0164694 0.0619526 0.1043991 0.0942864 0.0528354 0.0950527 0.0756567 0.0564185 0.0534730 0.0644909 0.0847175 0.0081571 0.0948857 0.0625923 
S0758       0.1364822 0.1477291 0.1197301 0.0635918 0.0865337 0.1516556 0.0832453 0.1448274 0.1309404 0.1207718 0.1204998 0.1132088 0.0730345 0.0940491 0.1305442 0.0635918 0.1436539 0.1246508 0.0837455 0.0937041 0.1611199 0.1455193 0.0538729 0.0867578 0.0832958 0.1894803 0.1175553 0.0655382 0.0000000 0.0750313 0.1089932 0.0950034 0.0840813 0.0510432 0.0528505 0.1065736 0.0845303 0.1334223 0.1439385 0.2008227 0.1422578 0.0648676 0.0736693 0.1323751 0.1155677 0.1888133 0.0848180 0.1497082 0.0966335 0.1238317 0.0894614 0.0981319 0.1445723 0.0840139 0.0937041 0.1368697 0.1505018 0.1229565 0.0937038 0.1418834 0.1204998 0.1349293 0.0847176 0.1076330 0.1180831 0.0835526 0.1703548 0.1163005 
S0760       0.0751704 0.1192818 0.1065654 0.0252971 0.0645153 0.0942347 0.0620540 0.0950933 0.0601185 0.0850867 0.0960009 0.0960638 0.0525416 0.0720481 0.1138799 0.0252971 0.0842147 0.0975836 0.0618938 0.0717880 0.1329751 0.0734801 0.0345161 0.0543560 0.0262400 0.1336785 0.0714363 0.0341120 0.0750313 0.0000000 0.0744878 0.0253892 0.0264676 0.0316795 0.0525416 0.0919604 0.0976852 0.1078057 0.0641900 0.1596766 0.1342377 0.0083939 0.0513618 0.1088764 0.0745235 0.1484619 0.0625677 0.0972322 0.0740529 0.0986376 0.0454214 0.0533264 0.0854228 0.0625677 0.0717880 0.0810294 0.1002561 0.0936910 0.0717904 0.0836446 0.0960009 0.0762291 0.0253893 0.0842860 0.0727756 0.0622795 0.0845692 0.0819146 
S0763       0.1665379 0.0830456 0.0858044 0.0735338 0.0751106 0.1653291 0.0338870 0.1167910 0.1294786 0.0853676 0.0851875 0.1208085 0.0251130 0.0430204 0.1239806 0.0735338 0.1218448 0.1199517 0.0437197 0.0428658 0.1460774 0.1076027 0.0536908 0.0259378 0.0860131 0.1487500 0.0913923 0.0171142 0.1089932 0.0744878 0.0000000 0.0834341 0.0868425 0.1131700 0.0617903 0.1138499 0.1095010 0.1198835 0.1300871 0.1730030 0.1587343 0.0543567 0.0848196 0.1101406 0.1182827 0.1490757 0.0253535 0.0881026 0.0848737 0.1105674 0.0666481 0.0861698 0.1305927 0.0341272 0.0428658 0.0812810 0.1401168 0.1160988 0.0823026 0.1281376 0.1076195 0.0880904 0.0840427 0.0954206 0.1288818 0.0340095 0.1278048 0.0821732 
S0770       0.1109695 0.1422944 0.1067396 0.0243468 0.0838503 0.0801993 0.0807489 0.1041905 0.0937202 0.0941393 0.1165277 0.1061487 0.0708905 0.0911609 0.1345654 0.0243468 0.1086633 0.1069294 0.0709244 0.0908362 0.1553631 0.0951599 0.0429264 0.0635807 0.0165590 0.1446262 0.0800469 0.0534730 0.0950034 0.0253892 0.0834341 0.0000000 0.0166949 0.0500399 0.0708905 0.1015492 0.1185213 0.1289065 0.0604852 0.1831873 0.1440983 0.0081305 0.0636590 0.1192706 0.0834693 0.1717306 0.0717387 0.1065184 0.0936002 0.1196544 0.0765579 0.0619478 0.0945193 0.0814660 0.0908362 0.0897005 0.1098017 0.1034897 0.0908364 0.0926175 0.1165277 0.0853820 0.0161321 0.1041905 0.0699569 0.0810383 0.0710262 0.0906984 
S0795       0.1156457 0.1483918 0.1110784 0.0253411 0.0740458 0.0833756 0.0839707 0.0941191 0.0862232 0.0841788 0.1061611 0.1105229 0.0737385 0.0947845 0.1398216 0.0253411 0.1010814 0.0993910 0.0634165 0.0944375 0.1441415 0.0850951 0.0446991 0.0662405 0.0000028 0.1334933 0.0832099 0.0557203 0.0840813 0.0264676 0.0868425 0.0166949 0.0000000 0.0500399 0.0737385 0.1055624 0.1233460 0.1216255 0.0628982 0.1714828 0.1367841 0.0084789 0.0663174 0.1112845 0.0868776 0.1601132 0.0746590 0.1108685 0.0836967 0.1090472 0.0798382 0.0644807 0.0845085 0.0847487 0.0944375 0.0932117 0.1021495 0.0957237 0.0832110 0.0963556 0.1061611 0.0889411 0.0168019 0.0941191 0.0727257 0.0842805 0.0633196 0.0830798 
S0888       0.0874596 0.1095051 0.1530909 0.0500399 0.1091285 0.0713179 0.1063268 0.1295897 0.0675186 0.1091285 0.1091285 0.1370750 0.0864887 0.1070555 0.1315578 0.0500399 0.1284452 0.0944814 0.0864887 0.1063268 0.1589153 0.0864887 0.0686708 0.0864887 0.0500399 0.1279153 0.1496738 0.0691378 0.0510432 0.0316795 0.1131700 0.0500399 0.0500399 0.0000000 0.0695974 0.0895771 0.0944814 0.1313195 0.0945896 0.1279153 0.1119552 0.0338195 0.0666064 0.0841150 0.0681995 0.1311445 0.0864887 0.1095051 0.0886877 0.1389044 0.0720626 0.0686842 0.0675186 0.0864887 0.1063268 0.1723367 0.0856012 0.1033309 0.0864887 0.0886877 0.1091285 0.0890048 0.0689378 0.1091285 0.0912545 0.1070555 0.0912545 0.1063268 
S0906       0.1232335 0.0907408 0.0929896 0.0424294 0.0627882 0.1258501 0.0413376 0.1251333 0.1031666 0.0937424 0.0935462 0.0944801 0.0326705 0.0503852 0.0693192 0.0424294 0.1304555 0.1050863 0.0608097 0.0502097 0.1296565 0.1160480 0.0250779 0.0429106 0.0730635 0.1447732 0.0797093 0.0250281 0.0528505 0.0525416 0.0617903 0.0708905 0.0737385 0.0695974 0.0000000 0.0893524 0.0736398 0.0967105 0.0938834 0.1551549 0.1188637 0.0432313 0.0719896 0.0976143 0.1036964 0.1442013 0.0419834 0.1182489 0.0721140 0.0960768 0.0354035 0.0731894 0.1152951 0.0416345 0.0327818 0.0893324 0.1367198 0.0831442 0.0699453 0.1131007 0.0935462 0.0966673 0.0614577 0.0821150 0.0717992 0.0414832 0.0920783 0.0707217 
S0959       0.1351953 0.1649304 0.1029614 0.1011884 0.0827364 0.1526723 0.0797019 0.0930440 0.1253591 0.0832097 0.1150137 0.1393634 0.0893524 0.1102894 0.1345903 0.1011884 0.1061487 0.0715010 0.0794537 0.1099030 0.1301889 0.0841068 0.0909829 0.0723611 0.1045531 0.1308753 0.0698757 0.0925191 0.1065736 0.0919604 0.1138499 0.1015492 0.1055624 0.0895771 0.0893524 0.0000000 0.0427269 0.1054970 0.1493282 0.1564208 0.0720537 0.0721443 0.1163597 0.1281111 0.1030854 0.1453717 0.1004468 0.1164808 0.0923745 0.0964674 0.0647152 0.1047467 0.1273867 0.1004466 0.1099030 0.0989422 0.1599534 0.0827036 0.0702131 0.1250135 0.0939189 0.1165639 0.1015492 0.0824380 0.1587070 0.0998627 0.1750728 0.0801452 
S0960       0.1470852 0.1479276 0.1201621 0.0853209 0.0871365 0.1640589 0.0838392 0.1320045 0.1330625 0.0990997 0.0988827 0.1340332 0.0736398 0.0946139 0.1507822 0.0853209 0.1291988 0.0699811 0.0843403 0.0942687 0.1369808 0.1225650 0.0859370 0.0873654 0.1220962 0.1637186 0.1138323 0.0770329 0.0845303 0.0976852 0.1095010 0.1185213 0.1233460 0.0944814 0.0736398 0.0427269 0.0000000 0.1337484 0.1700915 0.1746466 0.0929894 0.0870711 0.1053141 0.1183792 0.1255254 0.1630977 0.0854199 0.1447450 0.0762883 0.1016514 0.0900766 0.1223382 0.1467718 0.0846133 0.0942687 0.1371508 0.1611825 0.1189245 0.0739118 0.1440545 0.0988827 0.1352454 0.1078055 0.0868101 0.1428996 0.0841477 0.1982199 0.0953656 
S1052sl     0.1688994 0.1597420 0.1324031 0.0951289 0.0552802 0.2115885 0.0732698 0.1183838 0.1419489 0.0651470 0.1076681 0.1594538 0.0831335 0.1044703 0.1433732 0.0951289 0.1235537 0.1447700 0.0534743 0.1040919 0.0988868 0.1187820 0.0873876 0.0763183 0.1327372 0.1589226 0.1065323 0.0869952 0.1334223 0.1078057 0.1198835 0.1289065 0.1216255 0.1313195 0.0967105 0.1054970 0.1337484 0.0000000 0.1724736 0.1696557 0.1518096 0.0970840 0.1313622 0.1265618 0.1445898 0.1583173 0.0952914 0.1701279 0.0849345 0.0983292 0.0808339 0.1103898 0.1661418 0.0943844 0.0957938 0.1170773 0.1927741 0.1113400 0.0744097 0.1793158 0.0863889 0.1462443 0.1180613 0.0748970 0.1450000 0.0938363 0.1896255 0.0875383 
S1083       0.1472922 0.1821795 0.1513777 0.0699569 0.1306483 0.0704229 0.1259551 0.1530359 0.1415365 0.1420812 0.1672913 0.1567400 0.1149171 0.1377237 0.1155840 0.0699569 0.1441254 0.1573928 0.1148708 0.1372297 0.2119188 0.1192338 0.0638016 0.1082910 0.0623395 0.1747291 0.0830530 0.0967841 0.1439385 0.0641900 0.1300871 0.0604852 0.0628982 0.0945896 0.0938834 0.1493282 0.1700915 0.1724736 0.0000000 0.2160449 0.1473892 0.0432316 0.1042658 0.1221041 0.1301109 0.2039952 0.1165446 0.1565649 0.1412391 0.1717070 0.1016534 0.1053682 0.1427484 0.1272752 0.1153359 0.1137781 0.1224557 0.1294983 0.1372236 0.1401397 0.1672913 0.1333142 0.0608940 0.1530359 0.0245583 0.1264092 0.0428734 0.1151634 
S1100       0.2617629 0.2219887 0.1518428 0.1544724 0.1033113 0.2555753 0.1191015 0.1390453 0.2094983 0.1154696 0.1373324 0.1963388 0.1300774 0.1454504 0.1582390 0.1544724 0.1901794 0.1850094 0.1376387 0.1449100 0.1288081 0.1297358 0.1556017 0.1201575 0.1885270 0.0430108 0.1426161 0.1366501 0.2008227 0.1596766 0.1730030 0.1831873 0.1714828 0.1279153 0.1551549 0.1564208 0.1746466 0.1696557 0.2160449 0.0000000 0.2340633 0.1352303 0.1975418 0.1812768 0.2019955 0.0079640 0.1448292 0.2011863 0.1133117 0.1183137 0.1138123 0.1993139 0.1780172 0.1433341 0.1449100 0.1539997 0.2422108 0.1638576 0.1019294 0.2137944 0.1057674 0.1758727 0.1711932 0.1029361 0.1959945 0.1422681 0.1824187 0.1017774 
S1129sl     0.1865129 0.1939500 0.1460167 0.1562825 0.1205979 0.1678645 0.1303781 0.1431709 0.1232415 0.1320964 0.1821728 0.2020836 0.1416179 0.1664686 0.1809398 0.1562825 0.1078617 0.0956772 0.1172334 0.1658508 0.1917074 0.1239128 0.1081805 0.1353730 0.1484237 0.1905501 0.0946764 0.1356427 0.1422578 0.1342377 0.1587343 0.1440983 0.1367841 0.1119552 0.1188637 0.0720537 0.0929894 0.1518096 0.1473892 0.2340633 0.0000000 0.1107722 0.1528832 0.1229371 0.1509801 0.2214771 0.1438386 0.1727366 0.1312972 0.1617345 0.1044556 0.1733955 0.1486299 0.1553889 0.1421509 0.1176317 0.1627228 0.1008477 0.1320649 0.1618187 0.1574443 0.1628999 0.1452727 0.1431709 0.1704154 0.1541761 0.1634029 0.1093606 
S1177       0.0782055 0.1076032 0.0749545 0.0164695 0.0546637 0.0725545 0.0525452 0.0741370 0.0641288 0.0644534 0.0855464 0.0752619 0.0432313 0.0623140 0.1033926 0.0164695 0.0773892 0.0760146 0.0432804 0.0620876 0.1097577 0.0651573 0.0167448 0.0354166 0.0084091 0.0995238 0.0521357 0.0260296 0.0648676 0.0083939 0.0543567 0.0081305 0.0084789 0.0338195 0.0432313 0.0721443 0.0870711 0.0970840 0.0432316 0.1352303 0.1107722 0.0000000 0.0348975 0.0874452 0.0543900 0.1242838 0.0436935 0.0757932 0.0640853 0.0746409 0.0463423 0.0342402 0.0646885 0.0529624 0.0620876 0.0613640 0.0773892 0.0734580 0.0620907 0.0632589 0.0855464 0.0555984 0.0081811 0.0741370 0.0622750 0.0527372 0.0632158 0.0619886 
S1201sl     0.0837119 0.1452748 0.0962389 0.0540831 0.0852480 0.1160524 0.0820450 0.1279441 0.0784626 0.0957572 0.1186668 0.0993846 0.0719896 0.0926787 0.1285696 0.0540831 0.0926476 0.1227049 0.0720228 0.0923429 0.1585473 0.1059429 0.0435221 0.0745169 0.0656969 0.1721943 0.0933813 0.0440605 0.0736693 0.0513618 0.0848196 0.0636590 0.0663174 0.0666064 0.0719896 0.1163597 0.1053141 0.1313622 0.1042658 0.1975418 0.1528832 0.0348975 0.0000000 0.1278895 0.0696659 0.1857302 0.0728695 0.1221645 0.0951984 0.1219092 0.0898299 0.0531816 0.0930724 0.0827902 0.0923429 0.1117451 0.1329216 0.1187073 0.0923428 0.0912144 0.1186668 0.1084933 0.0641129 0.1060238 0.1071280 0.0823441 0.1318896 0.0922006 
S1211       0.1617980 0.1635765 0.1356714 0.1188273 0.1047331 0.1158663 0.0952621 0.1376857 0.1590312 0.1039729 0.1390009 0.1715748 0.0846606 0.1065063 0.1651766 0.1188273 0.1063612 0.1014715 0.0856391 0.1061131 0.1536975 0.1050991 0.0862955 0.0877471 0.1229095 0.1810625 0.0933824 0.0878083 0.1323751 0.1088764 0.1101406 0.1192706 0.1112845 0.0841150 0.0976143 0.1281111 0.1183792 0.1265618 0.1221041 0.1812768 0.1229371 0.0874452 0.1278895 0.0000000 0.1263515 0.1845067 0.0961924 0.1224390 0.1148031 0.1426820 0.0685822 0.1465996 0.1523304 0.0961924 0.0849753 0.0947014 0.0972614 0.0710512 0.1033219 0.1694915 0.1390009 0.1362640 0.1192700 0.1258760 0.1316010 0.0956159 0.1198546 0.0722273 
S1214sl     0.0854520 0.1858231 0.1392157 0.0938688 0.1188139 0.1475480 0.1144951 0.1408147 0.1039440 0.1300225 0.1427022 0.1303742 0.1036964 0.1259862 0.1595169 0.0938688 0.1158371 0.1311239 0.0831266 0.1255324 0.1980906 0.1314691 0.0731324 0.0758394 0.0860480 0.1615038 0.1013391 0.0856214 0.1155677 0.0745235 0.1182827 0.0834693 0.0868776 0.0681995 0.1036964 0.1030854 0.1255254 0.1445898 0.1301109 0.2019955 0.1509801 0.0543900 0.0696659 0.1263515 0.0000000 0.1900947 0.1051176 0.1305244 0.1292538 0.1587846 0.1008162 0.0637098 0.0841268 0.1156578 0.1255324 0.1238051 0.1312845 0.1269459 0.1255275 0.0823952 0.1546667 0.1211913 0.0840782 0.1408147 0.1517310 0.1149090 0.1550148 0.1253479 
S1223       0.2486036 0.1947536 0.1294227 0.1435144 0.0933886 0.2753191 0.0976251 0.1284973 0.1976657 0.1052671 0.1268602 0.1845906 0.1082748 0.1228300 0.1470789 0.1435144 0.1783052 0.2018949 0.1158721 0.1223687 0.1182387 0.1191760 0.1445697 0.0985262 0.1768093 0.0342130 0.1318832 0.1136441 0.1888133 0.1484619 0.1490757 0.1717306 0.1601132 0.1311445 0.1442013 0.1453717 0.1630977 0.1583173 0.2039952 0.0079640 0.2214771 0.1242838 0.1857302 0.1845067 0.1900947 0.0000000 0.1220463 0.1761666 0.1032935 0.1078994 0.1015978 0.1875134 0.1667945 0.1208088 0.1223687 0.1313886 0.2147947 0.1529103 0.0921542 0.2017367 0.0956716 0.1642321 0.1598364 0.0930479 0.1843311 0.1199827 0.1989435 0.1142833 
S1227       0.1380305 0.0593825 0.0737888 0.0524180 0.0535671 0.1506019 0.0160774 0.1038173 0.1150702 0.0734086 0.0839397 0.1063781 0.0079360 0.0245116 0.1002563 0.0524180 0.1082870 0.1065523 0.0335140 0.0244254 0.1195133 0.0947698 0.0431753 0.0165418 0.0739653 0.1330395 0.0796688 0.0000024 0.0848180 0.0625677 0.0253535 0.0717387 0.0746590 0.0864887 0.0419834 0.1004468 0.0854199 0.0952914 0.1165446 0.1448292 0.1438386 0.0436935 0.0728695 0.0961924 0.1051176 0.1220463 0.0000000 0.0665854 0.0628356 0.0862562 0.0451577 0.0740948 0.1169408 0.0000028 0.0244254 0.0699282 0.1254983 0.1023539 0.0609020 0.1146887 0.0839397 0.0542929 0.0717387 0.0727242 0.1040683 0.0161338 0.1144303 0.0706570 
S1235sl     0.1811668 0.1502552 0.1319146 0.1175948 0.1199789 0.1850625 0.0851714 0.1195302 0.1559566 0.1312920 0.1561769 0.1475303 0.0748335 0.0960913 0.1669986 0.1175948 0.1344588 0.1228333 0.0839313 0.0957374 0.2000769 0.1327635 0.0954566 0.0672880 0.1097637 0.1608802 0.0934904 0.0566334 0.1497082 0.0972322 0.0881026 0.1065184 0.1108685 0.1095051 0.1182489 0.1164808 0.1447450 0.1701279 0.1565649 0.2011863 0.1727366 0.0757932 0.1221645 0.1224390 0.1305244 0.1761666 0.0665854 0.0000000 0.1305098 0.1603610 0.0899759 0.1325108 0.1573093 0.0766990 0.0957374 0.1036790 0.1537736 0.0956713 0.1267273 0.1544749 0.1561769 0.0250419 0.1073310 0.1421790 0.1794555 0.0854879 0.1727314 0.1265450 
S1239       0.1516019 0.1186415 0.1176949 0.0628465 0.0238674 0.1771221 0.0617662 0.0585736 0.0935789 0.0325545 0.0324959 0.1199856 0.0523013 0.0717095 0.1366601 0.0628465 0.1186765 0.1168463 0.0512951 0.0714518 0.0521232 0.0621935 0.0632927 0.0642540 0.0964438 0.1037671 0.1014669 0.0545726 0.0966335 0.0740529 0.0848737 0.0936002 0.0836967 0.0886877 0.0721140 0.0923745 0.0762883 0.0849345 0.1412391 0.1133117 0.1312972 0.0640853 0.0951984 0.1148031 0.1292538 0.1032935 0.0628356 0.1305098 0.0000000 0.0526137 0.0768963 0.0966230 0.1024326 0.0622746 0.0714518 0.1115875 0.1604884 0.0997661 0.0413023 0.1298695 0.0324959 0.1083573 0.0835397 0.0237879 0.1161044 0.0619897 0.1473572 0.0596958 
S1250sl     0.1846058 0.1494461 0.1229711 0.0861509 0.0436168 0.2108054 0.0645284 0.0826333 0.1425735 0.0535946 0.0728256 0.1495533 0.0743539 0.0955182 0.1426405 0.0861509 0.1240601 0.1454265 0.0729497 0.0951675 0.0854869 0.0534674 0.0867774 0.0882334 0.1232833 0.1083993 0.1058789 0.0778099 0.1238317 0.0986376 0.1105674 0.1196544 0.1090472 0.1389044 0.0960768 0.0964674 0.1016514 0.0983292 0.1717070 0.1183137 0.1617345 0.0746409 0.1219092 0.1426820 0.1587846 0.1078994 0.0862562 0.1603610 0.0526137 0.0000000 0.0913501 0.1235298 0.1381984 0.0854344 0.0951675 0.1164026 0.1938494 0.1040788 0.0431061 0.1695552 0.0534881 0.1365692 0.1088464 0.0434608 0.1442606 0.0849584 0.1779016 0.0622913 
S1278       0.1108462 0.0986901 0.0887752 0.0654884 0.0566768 0.1364622 0.0350737 0.0995100 0.0978287 0.0889926 0.0998930 0.1121381 0.0350737 0.0445744 0.0855670 0.0654884 0.0939713 0.1018526 0.0450643 0.0444083 0.1141088 0.0787085 0.0460883 0.0267655 0.0790504 0.0906862 0.0448275 0.0269720 0.0894614 0.0454214 0.0666481 0.0765579 0.0798382 0.0720626 0.0354035 0.0647152 0.0900766 0.0808339 0.1016534 0.1138123 0.1044556 0.0463423 0.0898299 0.0685822 0.1008162 0.1015978 0.0451577 0.0899759 0.0768963 0.0913501 0.0000000 0.0898604 0.1249585 0.0447541 0.0260631 0.0446630 0.1318929 0.0554436 0.0643216 0.1092299 0.0887967 0.0792554 0.0663641 0.0768963 0.0991461 0.0445744 0.1125712 0.0650741 
S1332       0.0542687 0.1470731 0.0963893 0.0526141 0.0866046 0.1384174 0.0833383 0.1295388 0.0725682 0.0971930 0.1202426 0.0865683 0.0731894 0.0940605 0.1386992 0.0526141 0.1351681 0.1331296 0.0538165 0.0937183 0.1602914 0.1202312 0.0443768 0.0556436 0.0638919 0.1739621 0.1029551 0.0553011 0.0981319 0.0533264 0.0861698 0.0619478 0.0644807 0.0686842 0.0731894 0.1047467 0.1223382 0.1103898 0.1053682 0.1993139 0.1733955 0.0342402 0.0531816 0.1465996 0.0637098 0.1875134 0.0740948 0.1325108 0.0966230 0.1235298 0.0898604 0.0000000 0.0731842 0.0841034 0.0937183 0.1132176 0.0961557 0.1288725 0.0937180 0.0716451 0.1202426 0.1100360 0.0623788 0.1075181 0.1042813 0.0836437 0.1283554 0.0935736 
S1366       0.1244889 0.2012475 0.1274146 0.1052314 0.1014338 0.1548603 0.1264168 0.1219865 0.0347657 0.1118636 0.1346972 0.1317627 0.1152951 0.1382818 0.1872329 0.1052314 0.1447248 0.1426082 0.1019929 0.1377822 0.1237724 0.0893865 0.0838481 0.1086328 0.0974156 0.1403672 0.1251145 0.0970461 0.1445723 0.0854228 0.1305927 0.0945193 0.0845085 0.0675186 0.1152951 0.1273867 0.1467718 0.1661418 0.1427484 0.1780172 0.1486299 0.0646885 0.0930724 0.1523304 0.0841268 0.1667945 0.1169408 0.1573093 0.1024326 0.1381984 0.1249585 0.0731842 0.0000000 0.1277527 0.1377822 0.1358286 0.1360457 0.1347617 0.1207677 0.0164756 0.1346972 0.1338577 0.0952226 0.1219865 0.1649617 0.1268757 0.1489205 0.1205981 
S1369       0.1365795 0.0588097 0.0837528 0.0519633 0.0530930 0.1619720 0.0159511 0.1142189 0.1150696 0.0833310 0.0831584 0.1063784 0.0078747 0.0243156 0.0993392 0.0519633 0.1191067 0.1172630 0.0335139 0.0242305 0.1183193 0.1051506 0.0523274 0.0165418 0.0839533 0.1330400 0.0893239 0.0000029 0.0840139 0.0625677 0.0341272 0.0814660 0.0847487 0.0864887 0.0416345 0.1004466 0.0846133 0.0943844 0.1272752 0.1433341 0.1553889 0.0529624 0.0827902 0.0961924 0.1156578 0.1208088 0.0000028 0.0766990 0.0622746 0.0854344 0.0447541 0.0841034 0.1277527 0.0000000 0.0242305 0.0793974 0.1369884 0.1023539 0.0603733 0.1253614 0.0831584 0.0638824 0.0717387 0.0720652 0.1030791 0.0160056 0.1250473 0.0802507 
S1370       0.1471236 0.0687139 0.0933271 0.0609176 0.0622085 0.1488433 0.0240763 0.1239759 0.1249110 0.0928704 0.0926777 0.1164101 0.0158551 0.0159637 0.0887386 0.0609176 0.1292108 0.1272877 0.0421302 0.0159085 0.1284191 0.1149607 0.0428762 0.0164382 0.0935493 0.1346215 0.0789940 0.0164694 0.0937041 0.0717880 0.0428658 0.0908362 0.0944375 0.1063268 0.0327818 0.1099030 0.0942687 0.0957938 0.1153359 0.1449100 0.1421509 0.0620876 0.0923429 0.0849753 0.1255324 0.1223687 0.0244254 0.0957374 0.0714518 0.0951675 0.0260631 0.0937183 0.1377822 0.0242305 0.0000000 0.0693666 0.1475538 0.0913201 0.0693172 0.1352869 0.0926777 0.0957473 0.0810298 0.0813607 0.0920063 0.0241597 0.1132622 0.0700805 
S1375       0.1710074 0.1381535 0.0921315 0.0998575 0.0816803 0.1466854 0.0599571 0.1014669 0.1347119 0.0916855 0.1349339 0.1390970 0.0691262 0.0888419 0.0898276 0.0998575 0.0848323 0.1255058 0.0691602 0.0693666 0.1510051 0.0926567 0.0513428 0.0619582 0.0923478 0.1405743 0.0411197 0.0619526 0.1368697 0.0810294 0.0812810 0.0897005 0.0932117 0.1723367 0.0893324 0.0989422 0.1371508 0.1170773 0.1137781 0.1539997 0.1176317 0.0613640 0.1117451 0.0947014 0.1238051 0.1313886 0.0699282 0.1036790 0.1115875 0.1164026 0.0446630 0.1132176 0.1358286 0.0793974 0.0693666 0.0000000 0.1453283 0.0614341 0.0885328 0.1239548 0.1134236 0.1037140 0.0903363 0.1014669 0.1341199 0.0789956 0.1367931 0.0692605 
S1376       0.1205866 0.2165216 0.1410883 0.1212255 0.1492137 0.1384878 0.1354513 0.1731676 0.1247197 0.1614889 0.1887221 0.1517340 0.1236041 0.1481134 0.1577414 0.1212255 0.1052125 0.1417545 0.0996606 0.1475538 0.2374791 0.1473643 0.1122064 0.1167927 0.1132177 0.1859026 0.1206623 0.1043991 0.1505018 0.1002561 0.1401168 0.1098017 0.1021495 0.0856012 0.1367198 0.1599534 0.1611825 0.1927741 0.1224557 0.2422108 0.1627228 0.0773892 0.1329216 0.0972614 0.1312845 0.2147947 0.1254983 0.1537736 0.1604884 0.1938494 0.1318929 0.0961557 0.1360457 0.1369884 0.1475538 0.1453283 0.0000000 0.1340844 0.1611982 0.1488049 0.1887221 0.1691108 0.1106635 0.1731676 0.1444587 0.1359662 0.1529427 0.1609684 
