115
CRNC          0.0000000 0.3109998 0.3786344 0.5027829 0.5206191 0.5129974 0.4558727 0.4684779 0.5460442 0.5512206 0.4930831 0.5025221 0.5690212 0.5179982 0.4851316 0.5317672 0.5681498 0.5284020 0.5131818 0.5469299 0.5161791 0.5934853 0.5200080 0.6256804 0.4865129 0.5080924 0.5029774 0.5419807 0.4803859 0.5816605 0.5120477 0.4954328 0.5761703 0.5038836 0.5707255 0.5002688 0.4859465 0.5470099 0.5093550 0.5883583 0.5000335 0.5048437 0.5584832 0.5584241 0.5585917 0.4909353 0.5203102 0.4639035 0.5241097 0.5228999 0.4753866 0.5165662 0.5103212 0.4953823 0.5061710 0.5152274 0.4660896 0.4950428 0.5281563 0.4973616 0.5133011 0.5003754 0.5572139 0.4964997 0.4967132 0.5191217 0.4921605 0.4950916 0.5075418 0.5273351 0.5393935 0.5598490 0.4863219 0.4617161 0.4683677 0.5202959 0.4801474 0.5793746 0.5262308 0.5260769 0.5336463 0.5377339 0.5159736 0.4842182 0.4989959 0.4818864 0.4897057 0.5616415 0.5016837 0.5329599 0.5814837 0.5296330 0.5064204 0.5085140 0.5118035 0.5421594 0.5091850 0.5048289 0.5049102 0.4816584 0.5195642 0.4995368 0.5132980 0.5599295 0.5142019 0.5241083 0.5238489 0.4694803 0.5075444 0.5184978 0.5094277 0.4984785 2.8836992 1.2497050 2.9539188 
HYZL          0.3109998 0.0000000 0.1922706 0.4166855 0.3730259 0.4196775 0.3805132 0.3665142 0.4881920 0.4877343 0.4774947 0.4227098 0.5228089 0.4217410 0.4108634 0.4386558 0.4892364 0.4632306 0.4287285 0.4754277 0.4352010 0.4996292 0.4314709 0.5638656 0.4347893 0.4284504 0.4302565 0.5244454 0.4304475 0.4821908 0.4684430 0.4303996 0.5077654 0.4207937 0.4697994 0.4275587 0.4278172 0.4509707 0.4299805 0.4968687 0.4396045 0.4188035 0.4789637 0.4777992 0.5064902 0.4704138 0.4281087 0.4169474 0.4488183 0.4600051 0.4151995 0.4232714 0.4702860 0.4235971 0.4567035 0.4772563 0.3900014 0.4927268 0.4129884 0.4154119 0.4309998 0.4237799 0.4855931 0.3732728 0.4210035 0.4300516 0.4190702 0.4240290 0.4138270 0.4610683 0.4584595 0.4901558 0.4099690 0.4054976 0.4172822 0.4758427 0.4306193 0.5053139 0.4550115 0.4429807 0.4616607 0.4592077 0.4149420 0.4227078 0.4196653 0.4207543 0.4286553 0.4643982 0.4454871 0.4882648 0.5105673 0.4530724 0.4121705 0.4188117 0.4120286 0.4483867 0.4087137 0.4266119 0.4220176 0.4008781 0.4192890 0.4083793 0.4258930 0.4872036 0.4184802 0.4253905 0.4553888 0.4104329 0.4616456 0.3953005 0.4203717 0.4175317 0.2586925 0.3828481 0.3952189 
MYZV          0.3786344 0.1922706 0.0000000 0.5670387 0.4979175 0.5291765 0.4824225 0.5133080 0.6134321 0.6123878 0.6355673 0.5451596 0.6577090 0.5638609 0.5177294 0.5774530 0.5932377 0.5546465 0.5313407 0.6215750 0.5404102 0.6243410 0.5672034 0.7409376 0.5565385 0.5526560 0.5517476 0.6289968 0.5474936 0.5847519 0.5915786 0.5638918 0.5991593 0.5246293 0.5944850 0.5448391 0.5712018 0.5646937 0.5370512 0.5969264 0.5575338 0.5376701 0.6055651 0.5926862 0.6198985 0.6071300 0.5277270 0.4727825 0.5829950 0.5530690 0.5305970 0.5459594 0.5873590 0.5422478 0.5779141 0.5855232 0.5151177 0.6143421 0.5251620 0.5115803 0.5402200 0.5536893 0.5830487 0.4824861 0.5318679 0.5672835 0.5583206 0.5536401 0.4869093 0.5688504 0.5350914 0.5716065 0.5496676 0.5486415 0.4508800 0.6014550 0.4711072 0.6346463 0.5579750 0.5573596 0.5538501 0.5937378 0.5678781 0.4679703 0.5413992 0.5541999 0.5560065 0.5965166 0.5634276 0.6126525 0.6461993 0.5407292 0.5085547 0.5254040 0.5300843 0.5417490 0.5662225 0.5741056 0.5446684 0.5149962 0.5372781 0.5917626 0.5764137 0.5921589 0.5759791 0.5659214 0.5974861 0.5382479 0.5778432 0.4382428 0.5429498 0.5363113 0.5398232 0.7331965 0.7987264 
SRR6441723    0.5027829 0.4166855 0.5670387 0.0000000 0.0878166 0.0864767 0.2216951 0.0775802 0.0672477 0.1591202 0.1075301 0.0659792 0.1701514 0.0576776 0.0689488 0.0890074 0.1555010 0.1715250 0.1364149 0.1814048 0.1538597 0.1724144 0.0562838 0.0637773 0.0837008 0.0663722 0.0674851 0.1684807 0.1019299 0.1638154 0.0560210 0.0873863 0.1644277 0.1482416 0.1746512 0.0684430 0.0828749 0.1356145 0.1446892 0.1397639 0.0814061 0.0638300 0.1562434 0.1596675 0.1003427 0.0734811 0.1539615 0.1645405 0.0874841 0.1532605 0.0600392 0.0697694 0.0559429 0.0637925 0.0537504 0.0574343 0.0687159 0.0797185 0.1472356 0.1408813 0.1422116 0.0465561 0.1467466 0.0987845 0.0769011 0.0700783 0.0598387 0.0850204 0.1522258 0.0805540 0.1707777 0.1742403 0.0848643 0.0778843 0.1521418 0.0582361 0.1662085 0.1788686 0.0820109 0.0526758 0.1626381 0.0921032 0.0823614 0.1612909 0.0636752 0.0836583 0.0525503 0.1611660 0.1605310 0.1793897 0.2146209 0.1230757 0.1434485 0.1525124 0.0683652 0.1533500 0.0575688 0.0574872 0.0638802 0.0606807 0.0845791 0.0926312 0.0724466 0.1572847 0.0699112 0.0607332 0.1586653 0.0713038 0.0547614 0.0941329 0.0651829 0.0709158 0.2599567 0.0194947 0.1036693 
ERR4210213    0.5206191 0.3730259 0.4979175 0.0878166 0.0000000 0.1337501 0.2375587 0.1204240 0.0810219 0.1752726 0.1194992 0.1307139 0.1841410 0.0670994 0.1321619 0.1605766 0.1371200 0.2101602 0.1506092 0.1925221 0.1419710 0.1716178 0.0713769 0.1840335 0.1589235 0.1261669 0.1263634 0.1669074 0.1412709 0.1726753 0.0773118 0.1472619 0.2121432 0.1412733 0.1789014 0.0931246 0.1393710 0.1540570 0.1392834 0.1572770 0.1378927 0.1178233 0.1595644 0.1728707 0.1313400 0.0780486 0.1371535 0.1965495 0.1521985 0.1420110 0.1065146 0.1293980 0.0811568 0.1352259 0.0773118 0.0773118 0.1174082 0.0853655 0.1762631 0.1465605 0.1741498 0.0808304 0.1587323 0.1178150 0.1057573 0.0891605 0.0734385 0.1395478 0.1889773 0.1206203 0.1632827 0.2016158 0.1117378 0.1127041 0.1821375 0.0854259 0.1912393 0.1601567 0.1131255 0.0821379 0.1571514 0.1617026 0.0855178 0.1852487 0.1261669 0.1374997 0.0953659 0.1596175 0.1425341 0.1813215 0.2028818 0.1390580 0.1424550 0.1465765 0.1210363 0.1639589 0.0785668 0.0660782 0.1266056 0.0967464 0.1296877 0.0754624 0.1340382 0.1890554 0.0788245 0.0778221 0.1501507 0.1414606 0.0773118 0.1438965 0.1267098 0.1385742 0.2599567 0.3022266 0.1036693 
ERR2789774    0.5129974 0.4196775 0.5291765 0.0864767 0.1337501 0.0000000 0.2113816 0.0692333 0.0908470 0.1615974 0.1314588 0.0278561 0.1717267 0.0838763 0.0344120 0.0487924 0.1586081 0.1586315 0.1301219 0.1702475 0.1349842 0.1597682 0.1111602 0.1256448 0.0779605 0.0310523 0.0321748 0.1624606 0.0774244 0.1567771 0.0833361 0.0722651 0.1637483 0.1321659 0.1726034 0.0954759 0.0740275 0.1263372 0.1351363 0.1439199 0.0547691 0.0309622 0.1616317 0.1496618 0.0590070 0.1002817 0.1454172 0.1726118 0.0737039 0.1488532 0.0855972 0.0330283 0.0820176 0.0304919 0.0781722 0.0837835 0.0956631 0.1090024 0.1395089 0.1347858 0.1288387 0.0727891 0.1504415 0.0961634 0.1003466 0.0919263 0.0862316 0.0584932 0.1515733 0.1015546 0.1660197 0.1710715 0.1027010 0.0949260 0.1631123 0.0857076 0.1648435 0.1744114 0.0992140 0.0920358 0.1548885 0.0646603 0.1146481 0.1660061 0.0277610 0.0567523 0.0745638 0.1551291 0.1474320 0.1773915 0.2083252 0.1182427 0.1335204 0.1415879 0.0363015 0.1450502 0.1146375 0.0835814 0.0289127 0.0302331 0.0759038 0.1231095 0.0487273 0.1563794 0.1045914 0.0900602 0.1561087 0.0523596 0.0807185 0.1153602 0.0300045 0.0429010 0.1691617 0.1447631 0.3598790 
PAFTOL_019361 0.4558727 0.3805132 0.4824225 0.2216951 0.2375587 0.2113816 0.0000000 0.2068844 0.2267072 0.3088872 0.2621576 0.2126522 0.3144642 0.2085635 0.2067161 0.2243669 0.3025820 0.2927220 0.2661225 0.2998115 0.2646484 0.3046320 0.2279221 0.2651625 0.2326737 0.2128011 0.2153201 0.3143253 0.2148772 0.3054969 0.2234360 0.2136760 0.3069735 0.2587076 0.3030155 0.2284138 0.2307424 0.2816042 0.2578125 0.2929511 0.2260351 0.2104352 0.2999783 0.2891723 0.2620167 0.2396022 0.2673794 0.2511557 0.2222537 0.2775391 0.2198435 0.2077059 0.2177212 0.2080534 0.2165157 0.2200265 0.2278201 0.2535272 0.2825947 0.2670582 0.2690729 0.2018357 0.2999738 0.2186481 0.2300217 0.2226246 0.2221696 0.2228767 0.2115831 0.2421684 0.3051483 0.3046275 0.2282683 0.2175138 0.2327795 0.2249371 0.2456016 0.2938310 0.2359161 0.2241812 0.2975459 0.2296100 0.2077468 0.2467419 0.2045714 0.2105329 0.2106211 0.2851659 0.2803532 0.3273112 0.3571375 0.2645848 0.2573262 0.2636684 0.2014569 0.2780238 0.2264638 0.2027667 0.2089280 0.1975454 0.2276073 0.2167383 0.2089615 0.3025491 0.2181900 0.2101429 0.2797671 0.1972590 0.2194602 0.2360629 0.2094566 0.2093917 0.1040765 0.2962806 0.2644026 
S0055         0.4684779 0.3665142 0.5133080 0.0775802 0.1204240 0.0692333 0.2068844 0.0000000 0.0880782 0.1594911 0.1444919 0.0513764 0.1652500 0.0889479 0.0558279 0.0710236 0.1571830 0.1841836 0.1352961 0.1541737 0.1590605 0.1597490 0.0957538 0.1015905 0.0671399 0.0527927 0.0529209 0.1711089 0.0816392 0.1505315 0.0805250 0.0694556 0.1626322 0.1472908 0.1750268 0.0921634 0.0699148 0.1461348 0.1481922 0.1434250 0.0650560 0.0501320 0.1540386 0.1507606 0.0919566 0.0926874 0.1605501 0.1680867 0.0761361 0.1667457 0.0801451 0.0580399 0.0789924 0.0495726 0.0760926 0.0810310 0.0871162 0.1011382 0.1369357 0.1591784 0.1229174 0.0771373 0.1475721 0.1039497 0.0896914 0.0906978 0.0786118 0.0776368 0.1605674 0.0964859 0.1830856 0.1845272 0.1013377 0.0924099 0.1552350 0.0849267 0.1682080 0.1711758 0.0969194 0.0903407 0.1685411 0.0679951 0.1068878 0.1719819 0.0473413 0.0605678 0.0902526 0.1582311 0.1731964 0.1725619 0.1963817 0.1337589 0.1450619 0.1612971 0.0550868 0.1652379 0.1105066 0.0861942 0.0487225 0.0519947 0.0407840 0.1143002 0.0510007 0.1511821 0.1037759 0.0927978 0.1499838 0.0529861 0.0790822 0.1013554 0.0502886 0.0566722 0.1024448 0.1155158 0.2599567 
S0196sl       0.5460442 0.4881920 0.6134321 0.0672477 0.0810219 0.0908470 0.2267072 0.0880782 0.0000000 0.1705118 0.0854258 0.0699144 0.1747957 0.0612858 0.0741153 0.0927254 0.1632125 0.1765823 0.1317997 0.1873821 0.1527020 0.1797386 0.0883064 0.0936084 0.0876554 0.0714423 0.0702900 0.1698796 0.1076370 0.1595278 0.0189156 0.0898747 0.1702530 0.1444933 0.1805056 0.0715309 0.0909525 0.1355013 0.1395374 0.1446792 0.0833651 0.0688086 0.1658113 0.1498214 0.0773519 0.0477979 0.1524774 0.1749505 0.1034886 0.1554640 0.0669256 0.0749232 0.0178776 0.0678033 0.0168624 0.0179360 0.0747930 0.0550004 0.1618975 0.1413272 0.1432842 0.0559672 0.1537520 0.1057130 0.0776973 0.0786428 0.0604422 0.0971437 0.1496628 0.0840242 0.1763433 0.1800698 0.0894097 0.0834521 0.1636157 0.0209459 0.1739695 0.1783035 0.0913401 0.0623749 0.1619817 0.0906783 0.0853357 0.1723812 0.0673961 0.0874207 0.0635247 0.1632498 0.1610181 0.1841622 0.2067108 0.1159156 0.1431728 0.1474884 0.0732932 0.1495632 0.0930102 0.0595203 0.0688624 0.0604719 0.0927066 0.0964762 0.0674236 0.1603227 0.0789765 0.0655903 0.1586639 0.0790280 0.0168470 0.1242456 0.0690018 0.0792568 0.1650219 0.0197443 0.0447071 
S0278         0.5512206 0.4877343 0.6123878 0.1591202 0.1752726 0.1615974 0.3088872 0.1594911 0.1705118 0.0000000 0.1640591 0.1396240 0.0480203 0.1479228 0.1380586 0.1542669 0.0337890 0.1933139 0.1685741 0.0482109 0.1801984 0.0617816 0.1836681 0.2330532 0.1521383 0.1433649 0.1437129 0.0461462 0.1597049 0.0596438 0.1525383 0.1631408 0.0725039 0.1668546 0.0698461 0.1548725 0.1689498 0.1758110 0.1660074 0.0339395 0.1513105 0.1387028 0.0431555 0.0702038 0.1757748 0.1508258 0.1817710 0.2304934 0.1663626 0.1856565 0.1449959 0.1448784 0.1523058 0.1367826 0.1480393 0.1533819 0.1542588 0.1588294 0.0652543 0.1818638 0.0591106 0.1487641 0.0514893 0.1334461 0.1555764 0.1610948 0.1511300 0.1696623 0.2123416 0.1730082 0.1981158 0.2045128 0.1557758 0.1449918 0.2159285 0.1553076 0.2216788 0.0568201 0.1444631 0.1703238 0.1929296 0.1581848 0.1738098 0.2167372 0.1353362 0.1507760 0.1496723 0.0634459 0.1909553 0.0685558 0.0611310 0.1518408 0.1656417 0.1772418 0.1444427 0.1992589 0.1918451 0.1505346 0.1388024 0.1430353 0.1725564 0.1638986 0.1487998 0.0674299 0.1548472 0.1479046 0.0511793 0.1373129 0.1506765 0.0340877 0.1375236 0.1569709 0.0940542 0.0645767 0.1037318 
S0281         0.4930831 0.4774947 0.6355673 0.1075301 0.1194992 0.1314588 0.2621576 0.1444919 0.0854258 0.1640591 0.0000000 0.1136140 0.1840111 0.1005413 0.1122421 0.1320590 0.1606382 0.1767228 0.1308983 0.1800110 0.1565373 0.1776841 0.1197113 0.1556776 0.1262710 0.1152454 0.1128462 0.1624886 0.1493024 0.1776960 0.0645589 0.1186366 0.1837796 0.1483927 0.1789550 0.0972921 0.1319705 0.1399701 0.1485219 0.1452116 0.1248043 0.1164861 0.1599035 0.1548415 0.1515885 0.0622129 0.1509483 0.1995527 0.1482211 0.1577761 0.1139465 0.1206296 0.0656292 0.1149350 0.0657883 0.0646442 0.1021059 0.0624308 0.1584601 0.1393832 0.1427217 0.0966846 0.1529676 0.1043818 0.1076029 0.0989170 0.0905657 0.1254615 0.1749827 0.1331462 0.1800363 0.1745915 0.1166031 0.0946292 0.1861036 0.0704088 0.2037219 0.1438387 0.1227716 0.1092984 0.1680084 0.1280404 0.1283238 0.2012090 0.1134930 0.1128442 0.1053074 0.1664447 0.1516639 0.1826449 0.1896041 0.1215324 0.1487542 0.1564837 0.1132338 0.1488800 0.1214419 0.0943975 0.1138835 0.1031185 0.1297124 0.1280281 0.1135006 0.1694161 0.1121043 0.1054321 0.1454650 0.1044368 0.0668116 0.1308305 0.1140644 0.1173679 0.1748765 0.0947694 0.0469230 
S0282         0.5025221 0.4227098 0.5451596 0.0659792 0.1307139 0.0278561 0.2126522 0.0513764 0.0699144 0.1396240 0.1136140 0.0000000 0.1471813 0.0690125 0.0106004 0.0311587 0.1332607 0.1461285 0.1119949 0.1505594 0.1288076 0.1421419 0.0886085 0.1011097 0.0620859 0.0056980 0.0135882 0.1472895 0.0695490 0.1343440 0.0620113 0.0579494 0.1494631 0.1206906 0.1556797 0.0757954 0.0629813 0.1144245 0.1236001 0.1192601 0.0324132 0.0105765 0.1380681 0.1294736 0.0333738 0.0787738 0.1307072 0.1504534 0.0625385 0.1366482 0.0675509 0.0144903 0.0607921 0.0067590 0.0585712 0.0623347 0.0750685 0.0881489 0.1243545 0.1239492 0.1109194 0.0547279 0.1289710 0.0846048 0.0790835 0.0723415 0.0658198 0.0401392 0.1303549 0.0846404 0.1489587 0.1655887 0.0868126 0.0785550 0.1397293 0.0642631 0.1496859 0.1438719 0.0780484 0.0726116 0.1389066 0.0491902 0.0966851 0.1470889 0.0047201 0.0409661 0.0612366 0.1419975 0.1411161 0.1652341 0.1797271 0.1063969 0.1194559 0.1278194 0.0144898 0.1336706 0.0966117 0.0687762 0.0047336 0.0136643 0.0601316 0.1058965 0.0311184 0.1369370 0.0871579 0.0734955 0.1353818 0.0353347 0.0573090 0.0973150 0.0056978 0.0319902 0.1944153 0.1535883 0.4189862 
S0289         0.5690212 0.5228089 0.6577090 0.1701514 0.1841410 0.1717267 0.3144642 0.1652500 0.1747957 0.0480203 0.1840111 0.1471813 0.0000000 0.1578617 0.1487546 0.1620341 0.0539548 0.2045003 0.1822918 0.0616318 0.1893111 0.0842313 0.1972083 0.2318504 0.1699584 0.1510827 0.1546342 0.0607364 0.1790376 0.0778976 0.1574427 0.1695949 0.0882567 0.1737506 0.0912998 0.1633642 0.1742941 0.1765450 0.1659495 0.0475199 0.1669063 0.1462515 0.0513696 0.0803326 0.1978707 0.1573427 0.1931696 0.2419254 0.1789802 0.1901160 0.1522020 0.1524120 0.1571982 0.1443806 0.1544173 0.1583299 0.1610665 0.1655307 0.0776457 0.1754506 0.0719748 0.1534754 0.0669668 0.1423129 0.1640597 0.1631965 0.1530123 0.1806602 0.2231376 0.1749157 0.2032628 0.2123160 0.1732336 0.1544748 0.2276970 0.1602803 0.2316813 0.0854198 0.1585544 0.1819397 0.1970705 0.1684715 0.1893193 0.2314441 0.1458377 0.1604663 0.1645697 0.0788186 0.1968918 0.0838454 0.0895553 0.1551095 0.1720885 0.1844788 0.1521817 0.1947021 0.2088554 0.1620779 0.1461867 0.1472078 0.1844257 0.1771426 0.1588202 0.0822452 0.1767173 0.1634763 0.0598711 0.1458673 0.1555215 0.0337753 0.1450445 0.1651639 0.0984199 0.0413430 0.1090418 
S0292         0.5179982 0.4217410 0.5638609 0.0576776 0.0670994 0.0838763 0.2085635 0.0889479 0.0612858 0.1479228 0.1005413 0.0690125 0.1578617 0.0000000 0.0704773 0.0895843 0.1497334 0.1720731 0.1343314 0.1701396 0.1565764 0.1573748 0.0676910 0.0973162 0.0856015 0.0678770 0.0704622 0.1565423 0.0996650 0.1530519 0.0514812 0.0877303 0.1566950 0.1477550 0.1634558 0.0588965 0.0925086 0.1375457 0.1393334 0.1328418 0.0832318 0.0653110 0.1404693 0.1397175 0.1066947 0.0655186 0.1534976 0.1716482 0.0990442 0.1559576 0.0627004 0.0724756 0.0503073 0.0652116 0.0481379 0.0517463 0.0698853 0.0731782 0.1238451 0.1528689 0.1331096 0.0516388 0.1350585 0.0921674 0.0658088 0.0652541 0.0529630 0.0942633 0.1552121 0.0789133 0.1758368 0.1703991 0.0835773 0.0702845 0.1572711 0.0536789 0.1665906 0.1747101 0.0755252 0.0541345 0.1747014 0.0888161 0.0376698 0.1616209 0.0651513 0.0786170 0.0494292 0.1479855 0.1618308 0.1678583 0.1983323 0.1186421 0.1446647 0.1505175 0.0726350 0.1545156 0.0732350 0.0066854 0.0653623 0.0630449 0.0909678 0.0543375 0.0727339 0.1519442 0.0207419 0.0066609 0.1513140 0.0756862 0.0491466 0.1018299 0.0666778 0.0748226 0.1735247 0.0000024 0.0465274 
S0293         0.4851316 0.4108634 0.5177294 0.0689488 0.1321619 0.0344120 0.2067161 0.0558279 0.0741153 0.1380586 0.1122421 0.0106004 0.1487546 0.0704773 0.0000000 0.0356627 0.1370351 0.1501270 0.1135845 0.1521747 0.1325582 0.1456734 0.0889924 0.1056467 0.0697572 0.0106055 0.0126547 0.1489677 0.0725174 0.1411078 0.0659689 0.0654269 0.1515529 0.1243007 0.1595051 0.0751079 0.0655973 0.1194744 0.1286837 0.1252572 0.0369698 0.0116151 0.1378356 0.1361032 0.0427845 0.0817845 0.1344618 0.1419828 0.0653600 0.1405281 0.0680432 0.0185988 0.0647262 0.0097798 0.0624745 0.0663163 0.0726754 0.0926374 0.1234346 0.1203558 0.1138420 0.0572722 0.1349881 0.0872495 0.0771873 0.0741349 0.0686916 0.0448757 0.1292506 0.0862742 0.1461657 0.1579590 0.0930910 0.0846535 0.1313072 0.0682528 0.1411947 0.1475663 0.0730004 0.0712133 0.1364627 0.0541331 0.0954280 0.1401236 0.0076468 0.0479458 0.0602359 0.1455226 0.1415530 0.1694826 0.1842332 0.1113078 0.1230522 0.1318411 0.0186384 0.1334451 0.0990884 0.0702354 0.0076692 0.0147019 0.0665209 0.1057572 0.0356153 0.1421623 0.0887679 0.0749853 0.1353345 0.0423208 0.0634995 0.0934870 0.0086545 0.0386488 0.1944153 0.1227041 0.4189862 
S0294         0.5317672 0.4386558 0.5774530 0.0890074 0.1605766 0.0487924 0.2243669 0.0710236 0.0927254 0.1542669 0.1320590 0.0311587 0.1620341 0.0895843 0.0356627 0.0000000 0.1510441 0.1723336 0.1366737 0.1577025 0.1499223 0.1555264 0.1122494 0.1205744 0.0777762 0.0333123 0.0355322 0.1616457 0.0879462 0.1494257 0.0848101 0.0751729 0.1608666 0.1396581 0.1689171 0.0971242 0.0804818 0.1267315 0.1398651 0.1383872 0.0525504 0.0321737 0.1447206 0.1449989 0.0646280 0.0963144 0.1501355 0.1629208 0.0783380 0.1551416 0.0833617 0.0340989 0.0834825 0.0317054 0.0811354 0.0852658 0.0957658 0.1076255 0.1287976 0.1289707 0.1225326 0.0728090 0.1467123 0.1098178 0.1005348 0.0948823 0.0863921 0.0481729 0.1565724 0.0997530 0.1628794 0.1798900 0.1083067 0.0982390 0.1584954 0.0871943 0.1687753 0.1538567 0.0950563 0.0935934 0.1526774 0.0611222 0.1192258 0.1675440 0.0300170 0.0630155 0.0798974 0.1491515 0.1607918 0.1757562 0.2068207 0.1295933 0.1383730 0.1492813 0.0386171 0.1386792 0.1184243 0.0892639 0.0301081 0.0313678 0.0760117 0.1265353 0.0421028 0.1397026 0.1033436 0.0915979 0.1442201 0.0551055 0.0821746 0.1097872 0.0301626 0.0509231 0.1737599 0.1840223 0.3712434 
S0299         0.5681498 0.4892364 0.5932377 0.1555010 0.1371200 0.1586081 0.3025820 0.1571830 0.1632125 0.0337890 0.1606382 0.1332607 0.0539548 0.1497334 0.1370351 0.1510441 0.0000000 0.1924839 0.1664355 0.0585801 0.1780409 0.0546016 0.1732018 0.2470128 0.1649334 0.1370023 0.1418878 0.0487307 0.1698662 0.0550458 0.1466434 0.1642592 0.0690353 0.1639632 0.0671572 0.1610087 0.1706856 0.1638170 0.1630501 0.0301039 0.1517093 0.1337436 0.0475181 0.0672427 0.1766009 0.1477452 0.1765076 0.2385008 0.1723940 0.1852236 0.1476924 0.1400181 0.1464152 0.1317264 0.1436585 0.1474715 0.1562866 0.1529603 0.0682485 0.1722826 0.0537713 0.1493477 0.0534318 0.1281695 0.1637491 0.1593083 0.1506751 0.1645172 0.2164770 0.1698984 0.1921615 0.1893212 0.1557231 0.1425117 0.2219088 0.1494537 0.2297595 0.0689453 0.1508155 0.1697487 0.1863150 0.1603125 0.1765109 0.2243219 0.1333691 0.1512663 0.1504813 0.0609614 0.1884411 0.0708916 0.0736903 0.1481446 0.1627263 0.1745155 0.1395511 0.1851615 0.1865023 0.1505850 0.1338426 0.1360875 0.1675108 0.1634353 0.1470912 0.0606864 0.1584891 0.1519683 0.0476120 0.1371348 0.1432891 0.0409109 0.1325435 0.1507381 0.0940542 0.0405558 0.1037318 
S0303         0.5284020 0.4632306 0.5546465 0.1715250 0.2101602 0.1586315 0.2927220 0.1841836 0.1765823 0.1933139 0.1767228 0.1461285 0.2045003 0.1720731 0.1501270 0.1723336 0.1924839 0.0000000 0.0970437 0.2142189 0.0261549 0.2068772 0.1932301 0.2571301 0.1772006 0.1486056 0.1494650 0.1905856 0.1837454 0.1951925 0.1600967 0.1680982 0.1861212 0.0282940 0.2195930 0.1696342 0.1743669 0.1122413 0.0339643 0.1838493 0.1700250 0.1501181 0.1877921 0.2008455 0.1870537 0.1708993 0.0314776 0.2177196 0.1854267 0.0272103 0.1350519 0.1540550 0.1598444 0.1475756 0.1555214 0.1609783 0.1529273 0.1783507 0.2033104 0.1134389 0.1681978 0.1574813 0.1819831 0.0614295 0.1815794 0.1785755 0.1613657 0.1598157 0.2002761 0.1739698 0.1480919 0.1302826 0.1931625 0.1700968 0.2084793 0.1628913 0.2180678 0.1810357 0.1792126 0.1769619 0.1370416 0.1725068 0.2015480 0.2155926 0.1451943 0.1499767 0.1725785 0.1983905 0.0304695 0.1850431 0.2151023 0.1044986 0.0304403 0.0325813 0.1476764 0.1229811 0.1867185 0.1713391 0.1470254 0.1457747 0.1580810 0.1929049 0.1559249 0.1604408 0.1910153 0.1781412 0.1956789 0.1501877 0.1581847 0.1234296 0.1441608 0.1499551 8.9999985 1.1717615 9.0000000 
S0308         0.5131818 0.4287285 0.5313407 0.1364149 0.1506092 0.1301219 0.2661225 0.1352961 0.1317997 0.1685741 0.1308983 0.1119949 0.1822918 0.1343314 0.1135845 0.1366737 0.1664355 0.0970437 0.0000000 0.1807473 0.0843385 0.1768465 0.1450621 0.2146135 0.1389344 0.1171822 0.1133804 0.1898547 0.1407066 0.1657226 0.1150965 0.1315799 0.1882835 0.0756664 0.1831772 0.1245417 0.1370246 0.0913672 0.0856997 0.1591197 0.1317789 0.1181524 0.1721492 0.1686643 0.1514231 0.1221398 0.0845767 0.2008950 0.1371580 0.0910115 0.1280178 0.1209312 0.1149227 0.1136327 0.1124121 0.1156997 0.1174435 0.1284485 0.1643258 0.0901968 0.1473336 0.1187640 0.1627196 0.0514869 0.1339279 0.1262271 0.1140362 0.1376740 0.1827960 0.1474196 0.1196816 0.1231867 0.1307579 0.1198830 0.1954421 0.1162854 0.2069761 0.1730035 0.1266436 0.1400428 0.1095072 0.1278539 0.1665258 0.2036775 0.1138412 0.1148544 0.1322738 0.1729923 0.0939363 0.1736686 0.1985896 0.0802386 0.0732530 0.0850331 0.1128002 0.1016578 0.1465534 0.1304292 0.1142302 0.1120485 0.1346529 0.1555917 0.1219351 0.1565750 0.1465828 0.1399338 0.1709406 0.1110600 0.1134733 0.1342195 0.1144758 0.1180481 0.2732210 0.1203182 0.5353044 
S0320         0.5469299 0.4754277 0.6215750 0.1814048 0.1925221 0.1702475 0.2998115 0.1541737 0.1873821 0.0482109 0.1800110 0.1505594 0.0616318 0.1701396 0.1521747 0.1577025 0.0585801 0.2142189 0.1807473 0.0000000 0.2008640 0.0776047 0.2022736 0.2484378 0.1775687 0.1545114 0.1581053 0.0581639 0.1728976 0.0782582 0.1696032 0.1683944 0.0904939 0.1857406 0.0858701 0.1820172 0.1755893 0.1880387 0.1796897 0.0504335 0.1715234 0.1496317 0.0582463 0.0830858 0.1976545 0.1591642 0.1911745 0.2519150 0.1738008 0.2082462 0.1486986 0.1545714 0.1693367 0.1456611 0.1648448 0.1705721 0.1643846 0.1667080 0.0815998 0.1824784 0.0731638 0.1590942 0.0725010 0.1469487 0.1813948 0.1818237 0.1711325 0.1714097 0.2270835 0.1729679 0.2063211 0.2238559 0.1647805 0.1517460 0.2337253 0.1725107 0.2423000 0.0803371 0.1707005 0.1966608 0.1965024 0.1603715 0.1936829 0.2435255 0.1460878 0.1640247 0.1697157 0.0814911 0.2115900 0.0747629 0.0915107 0.1658918 0.1823552 0.1968046 0.1570970 0.2031682 0.2050091 0.1725029 0.1497391 0.1424323 0.1730940 0.1878463 0.1545851 0.0797990 0.1832442 0.1739264 0.0433340 0.1450718 0.1676004 0.0508841 0.1469679 0.1710045 0.1030391 0.1815234 0.2612264 
S0322         0.5161791 0.4352010 0.5404102 0.1538597 0.1419710 0.1349842 0.2646484 0.1590605 0.1527020 0.1801984 0.1565373 0.1288076 0.1893111 0.1565764 0.1325582 0.1499223 0.1780409 0.0261549 0.0843385 0.2008640 0.0000000 0.1979545 0.1708173 0.2152697 0.1515376 0.1326827 0.1290491 0.1931555 0.1609537 0.1879281 0.1375948 0.1488908 0.1827584 0.0157846 0.2091345 0.1509736 0.1616047 0.0965449 0.0285597 0.1721002 0.1509781 0.1325539 0.1760820 0.1843012 0.1657428 0.1505175 0.0218237 0.2050702 0.1669443 0.0206863 0.1356326 0.1365912 0.1373804 0.1297783 0.1332327 0.1383411 0.1307826 0.1594000 0.1796670 0.0984756 0.1574227 0.1386566 0.1733631 0.0528175 0.1606648 0.1558123 0.1430727 0.1365859 0.1845719 0.1688089 0.1335235 0.1203988 0.1698575 0.1496848 0.1949393 0.1402879 0.2023281 0.1851606 0.1568726 0.1582833 0.1228365 0.1505878 0.1848904 0.2020877 0.1278583 0.1417027 0.1536987 0.1893519 0.0187203 0.1860342 0.1995572 0.0922677 0.0178311 0.0198631 0.1302899 0.1093516 0.1662825 0.1541663 0.1297768 0.1294436 0.1412374 0.1728891 0.1427185 0.1580068 0.1729119 0.1607022 0.1814097 0.1382360 0.1358135 0.1264613 0.1285876 0.1330039 3.6911127 0.2116525 1.9929272 
S0327         0.5934853 0.4996292 0.6243410 0.1724144 0.1716178 0.1597682 0.3046320 0.1597490 0.1797386 0.0617816 0.1776841 0.1421419 0.0842313 0.1573748 0.1456734 0.1555264 0.0546016 0.2068772 0.1768465 0.0776047 0.1979545 0.0000000 0.1935800 0.2659010 0.1600123 0.1459041 0.1493339 0.0670139 0.1714094 0.0455663 0.1624936 0.1633968 0.0546158 0.1792031 0.0559440 0.1728572 0.1691743 0.1897053 0.1837825 0.0581601 0.1507310 0.1412247 0.0652763 0.0717603 0.1791722 0.1604768 0.1945959 0.2328886 0.1774951 0.2026443 0.1576352 0.1504575 0.1622438 0.1407624 0.1626898 0.1634004 0.1736448 0.1655594 0.0560783 0.1766633 0.0481569 0.1620524 0.0569218 0.1360862 0.1750633 0.1742259 0.1669498 0.1707393 0.2195685 0.1914900 0.2017263 0.2015297 0.1781948 0.1560443 0.2166006 0.1685666 0.2244219 0.0775935 0.1772060 0.1890463 0.1924786 0.1575381 0.1912528 0.2191867 0.1408355 0.1550267 0.1655980 0.0491115 0.2059025 0.0707534 0.0882114 0.1645166 0.1779723 0.1880986 0.1469807 0.1889051 0.2106141 0.1596792 0.1413254 0.1360803 0.1669948 0.1781426 0.1519534 0.0640973 0.1691427 0.1610475 0.0703911 0.1412295 0.1637805 0.0650749 0.1430689 0.1497326 0.0441952 0.0888376 0.1650219 
S0335         0.5200080 0.4314709 0.5672034 0.0562838 0.0713769 0.1111602 0.2279221 0.0957538 0.0883064 0.1836681 0.1197113 0.0886085 0.1972083 0.0676910 0.0889924 0.1122494 0.1732018 0.1932301 0.1450621 0.2022736 0.1708173 0.1935800 0.0000000 0.0895124 0.1084212 0.0874217 0.0932774 0.1845371 0.1187441 0.1870715 0.0769578 0.1052125 0.1988654 0.1644259 0.2044156 0.0765758 0.1040357 0.1541574 0.1594572 0.1633840 0.0995433 0.0876436 0.1798291 0.1835829 0.1228243 0.0904966 0.1695997 0.1982514 0.1219156 0.1701390 0.0818810 0.0927649 0.0756680 0.0823430 0.0733647 0.0773677 0.0807214 0.0918902 0.1595251 0.1758306 0.1670970 0.0696329 0.1708874 0.1169601 0.0815026 0.0822735 0.0703126 0.1065283 0.1811007 0.1084260 0.1987368 0.2057866 0.0952336 0.0834249 0.1816213 0.0781070 0.1970825 0.2052179 0.0928246 0.0722131 0.1899746 0.1043813 0.0917092 0.1914796 0.0844422 0.1039642 0.0750341 0.1926010 0.1778744 0.2076507 0.2345306 0.1438300 0.1610249 0.1693795 0.0937636 0.1785813 0.0673267 0.0672043 0.0847236 0.0839668 0.0992096 0.0918339 0.0869036 0.1864171 0.0788446 0.0659904 0.1851859 0.0941406 0.0743963 0.1108377 0.0849103 0.0962879 0.5900708 0.0674360 0.3000359 
S0345         0.6256804 0.5638656 0.7409376 0.0637773 0.1840335 0.1256448 0.2651625 0.1015905 0.0936084 0.2330532 0.1556776 0.1011097 0.2318504 0.0973162 0.1056467 0.1205744 0.2470128 0.2571301 0.2146135 0.2484378 0.2152697 0.2659010 0.0895124 0.0000000 0.1253691 0.1021098 0.1106381 0.2314582 0.1487105 0.2605077 0.0939996 0.1385526 0.2952243 0.1970958 0.2640558 0.0986733 0.1167029 0.1603041 0.1963818 0.2100602 0.1212244 0.1017402 0.2423129 0.2202464 0.1218866 0.1222423 0.2151103 0.2013932 0.1380845 0.2145937 0.0871872 0.0960829 0.0910017 0.0971704 0.0884631 0.0912513 0.0922139 0.1239325 0.2315001 0.2047220 0.2291408 0.0879735 0.2323658 0.1524687 0.1061694 0.1169546 0.1005043 0.1168735 0.1997581 0.1371107 0.2610299 0.2367145 0.1107480 0.1064753 0.1960485 0.0911068 0.1939060 0.2408603 0.1228849 0.0992250 0.2541415 0.1076660 0.1285474 0.1905285 0.0958679 0.1277537 0.0887705 0.2386107 0.2336854 0.2706312 0.3097132 0.1554118 0.1850789 0.1950834 0.1196372 0.2230999 0.0639592 0.1025170 0.0993676 0.0989605 0.1265838 0.1513708 0.0929263 0.2474297 0.1148382 0.0912114 0.2371313 0.1101719 0.0936309 0.2009286 0.0963105 0.1123916 0.2494854 0.1434363 0.0625417 
S0376         0.4865129 0.4347893 0.5565385 0.0837008 0.1589235 0.0779605 0.2326737 0.0671399 0.0876554 0.1521383 0.1262710 0.0620859 0.1699584 0.0856015 0.0697572 0.0777762 0.1649334 0.1772006 0.1389344 0.1775687 0.1515376 0.1600123 0.1084212 0.1253691 0.0000000 0.0657614 0.0659519 0.1674167 0.0852868 0.1545360 0.0787985 0.0347773 0.1531091 0.1464986 0.1713686 0.1039385 0.0792048 0.1435815 0.1458733 0.1466137 0.0715790 0.0655634 0.1622001 0.1526665 0.0964962 0.0956548 0.1557668 0.1719934 0.0856551 0.1605981 0.0880347 0.0655277 0.0774924 0.0620211 0.0751654 0.0792215 0.0966441 0.1056943 0.1611550 0.1500136 0.1332348 0.0780419 0.1403069 0.1056550 0.1073826 0.1040860 0.0904678 0.0880595 0.1653079 0.1174488 0.1762681 0.1771031 0.1097084 0.0983673 0.1634554 0.0811610 0.1724502 0.1687711 0.1011682 0.0884742 0.1680498 0.0753370 0.1086231 0.1714436 0.0630936 0.0659883 0.0849785 0.1606052 0.1650375 0.1750208 0.2131201 0.1286739 0.1420289 0.1569849 0.0665877 0.1613968 0.1137584 0.0847794 0.0632952 0.0602747 0.0725989 0.1183083 0.0622870 0.1550466 0.1016502 0.0898090 0.1659683 0.0587526 0.0762051 0.1219921 0.0645836 0.0594212 0.1694275 0.1846533 0.3618986 
S0400         0.5080924 0.4284504 0.5526560 0.0663722 0.1261669 0.0310523 0.2128011 0.0527927 0.0714423 0.1433649 0.1152454 0.0056980 0.1510827 0.0678770 0.0106055 0.0333123 0.1370023 0.1486056 0.1171822 0.1545114 0.1326827 0.1459041 0.0874217 0.1021098 0.0657614 0.0000000 0.0135948 0.1514490 0.0720966 0.1413669 0.0634402 0.0615395 0.1519735 0.1244189 0.1596495 0.0785345 0.0642515 0.1196993 0.1258477 0.1260200 0.0345882 0.0105816 0.1417855 0.1364198 0.0368463 0.0803518 0.1330076 0.1505474 0.0638188 0.1390360 0.0676154 0.0155051 0.0622107 0.0057786 0.0599754 0.0637727 0.0752508 0.0898106 0.1222431 0.1243325 0.1174913 0.0548393 0.1339207 0.0879716 0.0818436 0.0750514 0.0684448 0.0401367 0.1304341 0.0848184 0.1532541 0.1655428 0.0914900 0.0830998 0.1398156 0.0657070 0.1497788 0.1522983 0.0780911 0.0726503 0.1447388 0.0504027 0.0954791 0.1471793 0.0047222 0.0454268 0.0601270 0.1457540 0.1451949 0.1709404 0.1880338 0.1115185 0.1231696 0.1316558 0.0165264 0.1357818 0.0988883 0.0676457 0.0047359 0.0146869 0.0625577 0.1059581 0.0322256 0.1424183 0.0859766 0.0723565 0.1424720 0.0386441 0.0587013 0.0935956 0.0057007 0.0352295 0.1944153 0.1258792 0.4189862 
S0405         0.5029774 0.4302565 0.5517476 0.0674851 0.1263634 0.0321748 0.2153201 0.0529209 0.0702900 0.1437129 0.1128462 0.0135882 0.1546342 0.0704622 0.0126547 0.0355322 0.1418878 0.1494650 0.1133804 0.1581053 0.1290491 0.1493339 0.0932774 0.1106381 0.0659519 0.0135948 0.0000000 0.1552388 0.0673065 0.1432878 0.0622865 0.0617146 0.1544039 0.1235711 0.1632538 0.0774713 0.0667605 0.1200950 0.1265742 0.1295553 0.0368333 0.0095921 0.1417500 0.1365974 0.0452096 0.0754905 0.1337598 0.1480336 0.0639225 0.1384167 0.0703128 0.0185339 0.0610611 0.0128064 0.0588295 0.0626128 0.0767981 0.0860666 0.1248300 0.1243348 0.1205202 0.0572596 0.1372200 0.0895825 0.0795510 0.0777293 0.0686412 0.0423495 0.1294990 0.0862566 0.1520667 0.1606881 0.0943244 0.0858739 0.1372946 0.0633848 0.1472573 0.1507181 0.0782566 0.0727717 0.1421440 0.0527888 0.0970394 0.1446789 0.0105894 0.0455327 0.0590328 0.1491787 0.1414997 0.1733194 0.1829325 0.1118828 0.1223185 0.1327766 0.0165135 0.1323681 0.0964738 0.0702203 0.0106198 0.0156774 0.0626580 0.1076516 0.0344196 0.1429674 0.0887497 0.0749696 0.1458845 0.0409902 0.0598508 0.1057457 0.0116219 0.0385083 0.1056391 0.1499559 0.2680588 
S0407sl       0.5419807 0.5244454 0.6289968 0.1684807 0.1669074 0.1624606 0.3143253 0.1711089 0.1698796 0.0461462 0.1624886 0.1472895 0.0607364 0.1565423 0.1489677 0.1616457 0.0487307 0.1905856 0.1898547 0.0581639 0.1931555 0.0670139 0.1845371 0.2314582 0.1674167 0.1514490 0.1552388 0.0000000 0.1803489 0.0672124 0.1525034 0.1721559 0.0710870 0.1834257 0.0735778 0.1655391 0.1673093 0.1873982 0.1776075 0.0337521 0.1633318 0.1462989 0.0564741 0.0782315 0.1881778 0.1508928 0.1968372 0.2453102 0.1907581 0.1943254 0.1396838 0.1513784 0.1522505 0.1422883 0.1465783 0.1495566 0.1710100 0.1576196 0.0832944 0.1870031 0.0693469 0.1498267 0.0669222 0.1434317 0.1679040 0.1689054 0.1612870 0.1815543 0.2334524 0.1750584 0.2168352 0.2283032 0.1826366 0.1581854 0.2320908 0.1555174 0.2306183 0.0797194 0.1703563 0.1795897 0.2078169 0.1726497 0.1832886 0.2325361 0.1441014 0.1563602 0.1601698 0.0654038 0.1957204 0.0830155 0.0938137 0.1566567 0.1820881 0.1935070 0.1526209 0.2046665 0.2042535 0.1594508 0.1447517 0.1440252 0.1698169 0.1776835 0.1576935 0.0676342 0.1663438 0.1573524 0.0512125 0.1387621 0.1504782 0.0180056 0.1450128 0.1649531 1.8336759 0.2513349 1.8597681 
S0412sl       0.4803859 0.4304475 0.5474936 0.1019299 0.1412709 0.0774244 0.2148772 0.0816392 0.1076370 0.1597049 0.1493024 0.0695490 0.1790376 0.0996650 0.0725174 0.0879462 0.1698662 0.1837454 0.1407066 0.1728976 0.1609537 0.1714094 0.1187441 0.1487105 0.0852868 0.0720966 0.0673065 0.1803489 0.0000000 0.1670046 0.0967132 0.0862014 0.1763461 0.1522912 0.1793480 0.1094181 0.0931813 0.1425334 0.1584202 0.1542384 0.0818869 0.0718909 0.1561772 0.1662854 0.1045526 0.1059916 0.1638268 0.1800200 0.0523606 0.1741636 0.1091032 0.0744900 0.0978756 0.0707753 0.0954305 0.0998326 0.1022057 0.1170809 0.1577111 0.1560195 0.1360477 0.0919127 0.1545477 0.1159051 0.1096511 0.1172454 0.1008606 0.0924719 0.1572126 0.1281759 0.1771782 0.1812004 0.1092589 0.1004005 0.1643203 0.1017708 0.1787939 0.1746204 0.1126316 0.1068079 0.1705348 0.0848682 0.1187827 0.1763010 0.0693441 0.0785211 0.0916179 0.1686117 0.1733902 0.1892394 0.2200240 0.1359916 0.1519975 0.1628413 0.0783022 0.1625587 0.1148694 0.0989636 0.0695685 0.0740260 0.0910713 0.1225367 0.0705260 0.1695053 0.1091299 0.1001953 0.1613025 0.0693969 0.0964903 0.1247407 0.0708939 0.0718509 0.1013809 0.0921212 0.2574336 
S0417         0.5816605 0.4821908 0.5847519 0.1638154 0.1726753 0.1567771 0.3054969 0.1505315 0.1595278 0.0596438 0.1776960 0.1343440 0.0778976 0.1530519 0.1411078 0.1494257 0.0550458 0.1951925 0.1657226 0.0782582 0.1879281 0.0455663 0.1870715 0.2605077 0.1545360 0.1413669 0.1432878 0.0672124 0.1670046 0.0000000 0.1469664 0.1593702 0.0468737 0.1698464 0.0566372 0.1583445 0.1743138 0.1825441 0.1694592 0.0474632 0.1457240 0.1367433 0.0594648 0.0571495 0.1743362 0.1458304 0.1816504 0.2205111 0.1674638 0.1871136 0.1486613 0.1428836 0.1467445 0.1330185 0.1440688 0.1477711 0.1600124 0.1552087 0.0599875 0.1835005 0.0399900 0.1448257 0.0488617 0.1402233 0.1560988 0.1550728 0.1483597 0.1660888 0.2174093 0.1763932 0.1968142 0.2023558 0.1647894 0.1537990 0.2073132 0.1497011 0.2155636 0.0813418 0.1636582 0.1690346 0.1900282 0.1634720 0.1835278 0.2104644 0.1363687 0.1545236 0.1559470 0.0458726 0.1955836 0.0592495 0.0954184 0.1513346 0.1686400 0.1785687 0.1370620 0.1900801 0.1979141 0.1557924 0.1368415 0.1362285 0.1741397 0.1752288 0.1475520 0.0545113 0.1647095 0.1567166 0.0630897 0.1391434 0.1451477 0.0506781 0.1357558 0.1460036 0.0441952 0.0623733 0.1650219 
S0419         0.5120477 0.4684430 0.5915786 0.0560210 0.0773118 0.0833361 0.2234360 0.0805250 0.0189156 0.1525383 0.0645589 0.0620113 0.1574427 0.0514812 0.0659689 0.0848101 0.1466434 0.1600967 0.1150965 0.1696032 0.1375948 0.1624936 0.0769578 0.0939996 0.0787985 0.0634402 0.0622865 0.1525034 0.0967132 0.1469664 0.0000000 0.0809451 0.1526369 0.1300036 0.1586661 0.0577797 0.0845087 0.1171645 0.1265690 0.1288850 0.0797945 0.0609437 0.1465891 0.1378912 0.0944787 0.0333673 0.1375153 0.1614309 0.0912391 0.1402141 0.0588811 0.0679444 0.0028196 0.0598379 0.0056899 0.0037848 0.0591009 0.0400171 0.1367175 0.1222375 0.1242574 0.0465026 0.1339193 0.0917717 0.0635586 0.0642997 0.0463373 0.0865263 0.1453938 0.0741375 0.1600112 0.1674099 0.0766728 0.0687017 0.1505211 0.0095267 0.1624114 0.1595111 0.0760025 0.0585596 0.1465576 0.0841036 0.0794027 0.1590540 0.0607969 0.0787030 0.0547463 0.1415307 0.1439478 0.1612219 0.1878445 0.0989109 0.1287440 0.1347070 0.0652623 0.1320516 0.0801208 0.0498899 0.0609913 0.0518110 0.0873082 0.0847062 0.0644973 0.1462649 0.0681755 0.0556285 0.1398392 0.0694913 0.0056803 0.1109137 0.0622684 0.0686418 0.1650219 0.0197443 0.0447071 
S0427         0.4954328 0.4303996 0.5638918 0.0873863 0.1472619 0.0722651 0.2136760 0.0694556 0.0898747 0.1631408 0.1186366 0.0579494 0.1695949 0.0877303 0.0654269 0.0751729 0.1642592 0.1680982 0.1315799 0.1683944 0.1488908 0.1633968 0.1052125 0.1385526 0.0347773 0.0615395 0.0617146 0.1721559 0.0862014 0.1593702 0.0809451 0.0000000 0.1587417 0.1459463 0.1820103 0.0976905 0.0863161 0.1356798 0.1403087 0.1482575 0.0794775 0.0613565 0.1613024 0.1538636 0.0963103 0.0907453 0.1516672 0.1606948 0.0818754 0.1561164 0.0843895 0.0613238 0.0796352 0.0591026 0.0773081 0.0813782 0.0942550 0.0975966 0.1600363 0.1525625 0.1316700 0.0775782 0.1459105 0.0974206 0.1037820 0.1008937 0.0900206 0.0833713 0.1488813 0.1119323 0.1745033 0.1674721 0.1089333 0.0990312 0.1494979 0.0833082 0.1611115 0.1764830 0.1102203 0.0905472 0.1646207 0.0771296 0.1114099 0.1601902 0.0589449 0.0690091 0.0856906 0.1656603 0.1600332 0.1702554 0.2152852 0.1200093 0.1414625 0.1507047 0.0661306 0.1571132 0.1161010 0.0855978 0.0591315 0.0561437 0.0841030 0.1163681 0.0579179 0.1590616 0.1021591 0.0937228 0.1673634 0.0596289 0.0783443 0.1130850 0.0603862 0.0601257 0.1694275 0.1448391 0.3618986 
S0428sl       0.5761703 0.5077654 0.5991593 0.1644277 0.2121432 0.1637483 0.3069735 0.1626322 0.1702530 0.0725039 0.1837796 0.1494631 0.0882567 0.1566950 0.1515529 0.1608666 0.0690353 0.1861212 0.1882835 0.0904939 0.1827584 0.0546158 0.1988654 0.2952243 0.1531091 0.1519735 0.1544039 0.0710870 0.1763461 0.0468737 0.1526369 0.1587417 0.0000000 0.1789690 0.0647395 0.1704415 0.1695975 0.1924016 0.1763999 0.0587406 0.1700097 0.1462857 0.0699650 0.0637384 0.1644999 0.1523773 0.1908155 0.2450433 0.1775345 0.1872241 0.1537116 0.1533976 0.1523385 0.1448261 0.1502260 0.1512390 0.1796628 0.1547368 0.0716243 0.2036125 0.0466772 0.1559122 0.0515074 0.1429302 0.1668690 0.1674380 0.1638984 0.1801675 0.2362448 0.1725008 0.2041470 0.2139910 0.1719116 0.1580351 0.2293254 0.1585280 0.2377066 0.0825599 0.1814210 0.1715228 0.1929056 0.1711308 0.1920812 0.2365082 0.1456566 0.1638313 0.1499963 0.0592908 0.1957218 0.0630162 0.1056680 0.1733348 0.1799464 0.1910176 0.1514938 0.2039416 0.2026062 0.1627632 0.1439162 0.1480037 0.1669595 0.1884440 0.1624947 0.0394238 0.1705852 0.1609445 0.0784675 0.1524143 0.1502260 0.0798812 0.1501054 0.1533304 2.2682001 0.2604789 2.2823047 
S0430         0.5038836 0.4207937 0.5246293 0.1482416 0.1412733 0.1321659 0.2587076 0.1472908 0.1444933 0.1668546 0.1483927 0.1206906 0.1737506 0.1477550 0.1243007 0.1396581 0.1639632 0.0282940 0.0756664 0.1857406 0.0157846 0.1792031 0.1644259 0.1970958 0.1464986 0.1244189 0.1235711 0.1834257 0.1522912 0.1698464 0.1300036 0.1459463 0.1789690 0.0000000 0.1893249 0.1416335 0.1567705 0.0894742 0.0168159 0.1555937 0.1404341 0.1242979 0.1628546 0.1701589 0.1577143 0.1394182 0.0156580 0.1991776 0.1501302 0.0199316 0.1315633 0.1297154 0.1298039 0.1213071 0.1257577 0.1306973 0.1297100 0.1493949 0.1560474 0.0906972 0.1441700 0.1302910 0.1544746 0.0427389 0.1482089 0.1483808 0.1339900 0.1324991 0.1793334 0.1667067 0.1260604 0.1151881 0.1612595 0.1431797 0.1951310 0.1326339 0.1970442 0.1704596 0.1504839 0.1524127 0.1156728 0.1421135 0.1735076 0.1989079 0.1197416 0.1269823 0.1462824 0.1710054 0.0230906 0.1806407 0.1867616 0.0839728 0.0019023 0.0077313 0.1221320 0.0988067 0.1652310 0.1431882 0.1230347 0.1182776 0.1338553 0.1663990 0.1290051 0.1541256 0.1629858 0.1501655 0.1676971 0.1224779 0.1282841 0.1114220 0.1202882 0.1255097 0.1866718 0.0971956 0.3028937 
