118
CRNC          0.0000000 0.2690542 0.3701896 0.4255983 0.5460129 0.4649686 0.3797445 0.4501709 0.4809781 0.4227762 0.3761812 0.4507931 0.4273461 0.4163004 0.5193566 0.4268379 0.4078946 0.4185442 0.4388312 0.4602404 0.4080211 0.4095825 0.4562665 0.4887673 0.4317561 0.4598391 0.4503755 0.4511305 0.3840044 0.4230211 0.3782038 0.4305058 0.4138644 0.3787515 0.4353116 0.4545442 0.4391822 0.4279706 0.4263488 0.4711018 0.4441802 0.4007447 0.4147477 0.5042553 0.3681143 0.4092887 0.4085286 0.4427673 0.4224919 0.3916555 0.4449034 0.4447080 0.3824236 0.4413542 0.3855865 0.4039044 0.4467037 0.3759857 0.3914325 0.4072685 0.4125510 0.4092695 0.4295169 0.4651657 0.4100217 0.4459859 0.4610132 0.4147448 0.3575332 0.4242612 0.4801154 0.4269924 0.4154935 0.4281970 0.4141627 0.3768928 0.3782038 0.4171170 0.4212781 0.4148867 0.4294657 0.4241266 0.4517369 0.4268414 0.3770339 0.4572408 0.4662547 0.4122073 0.4504732 0.3822683 0.4058278 0.3842864 0.4060747 0.4723473 0.4148241 0.3638884 0.4049155 0.4438557 0.4283641 0.4400129 0.4491792 0.4519051 0.4417639 0.4087443 0.4562433 0.4743242 0.3882016 0.4558089 0.4127723 0.4311766 0.4596575 0.3841754 0.4040761 0.3504085 0.4073356 0.4552780 0.3572703 0.4808626 
HYZL          0.2690542 0.0000000 0.1296906 0.3747463 0.3533021 0.3821159 0.2806651 0.3728696 0.3246679 0.4060862 0.3511256 0.3956111 0.3867834 0.3547586 0.3646180 0.3741768 0.3769105 0.3893412 0.4195770 0.4088059 0.3760500 0.3747706 0.4082586 0.3557553 0.3733142 0.3866394 0.3843808 0.2751250 0.3597469 0.3886150 0.3600155 0.3784755 0.3831378 0.3492256 0.3955026 0.3602296 0.4470299 0.3903219 0.3716722 0.3786798 0.3777408 0.3702310 0.3710892 0.4038498 0.3588437 0.3873199 0.3802069 0.3811600 0.3868656 0.4293986 0.3643224 0.3976435 0.3608805 0.3707090 0.3622914 0.3850530 0.4070183 0.3621470 0.3556074 0.3913717 0.3707117 0.3677514 0.3913805 0.4273515 0.3852622 0.3943455 0.4123569 0.3457993 0.3562146 0.4058305 0.4233280 0.3905621 0.3672661 0.3893675 0.3624337 0.3502757 0.3600155 0.3774311 0.3266326 0.3909073 0.4040217 0.3933071 0.3679466 0.3944063 0.3651418 0.3803876 0.4023561 0.3759176 0.3930293 0.3518845 0.3680882 0.3844833 0.3752931 0.4345545 0.4058573 0.3894348 0.3837215 0.3771970 0.4033320 0.3739533 0.3824103 0.3925594 0.3674137 0.3609041 0.3974688 0.3874207 0.3616997 0.3955712 0.3729512 0.4060117 0.3841571 0.3665035 0.3631158 0.3353478 0.3579484 0.3839420 0.3607418 0.4026927 
MYZV          0.3701896 0.1296906 0.0000000 0.4078765 0.4425819 0.4297211 0.3840286 0.3976076 0.3697596 0.4793476 0.3680322 0.4256452 0.4653062 0.4079807 0.4298943 0.4131094 0.4105126 0.4364718 0.4228752 0.4677397 0.4327993 0.4205344 0.4607911 0.4041895 0.3999187 0.4166449 0.4258089 0.3270466 0.3757274 0.4263514 0.3926919 0.4062425 0.4397534 0.3912655 0.4330800 0.3923045 0.4872479 0.4547294 0.4194315 0.4158538 0.4423690 0.4121671 0.4080473 0.5052952 0.3787891 0.4346761 0.4470796 0.3991974 0.4494409 0.3994278 0.4042463 0.4533750 0.3922986 0.4174056 0.3951554 0.4144725 0.4557446 0.3736002 0.4008135 0.4378570 0.3966800 0.4251655 0.4191327 0.4625354 0.4263958 0.4224742 0.4253572 0.3869237 0.4165038 0.4505316 0.3550135 0.4087284 0.4189789 0.4521181 0.4514148 0.4025742 0.3926919 0.4240102 0.3547216 0.4232245 0.4284979 0.4038860 0.4007520 0.4345014 0.4184378 0.4276260 0.4256604 0.4021513 0.4344147 0.3684662 0.3836683 0.4081875 0.4137567 0.5068757 0.4444570 0.4264730 0.4362879 0.4239530 0.4460025 0.4206924 0.4323006 0.4407656 0.4202500 0.3618202 0.4184364 0.4147105 0.4053444 0.4608323 0.4125590 0.4600374 0.4440889 0.3995866 0.3914573 0.4068511 0.4142020 0.4256337 0.4124203 0.4362715 
SRR6441723    0.4255983 0.3747463 0.4078765 0.0000000 0.0437787 0.0762543 0.1760314 0.0635627 0.0349055 0.0807950 0.0584704 0.0613853 0.0854164 0.0399176 0.0998792 0.0677500 0.0802522 0.0541151 0.0600678 0.0791586 0.0630727 0.0692452 0.0436370 0.0347820 0.0526540 0.0571932 0.0528434 0.0961181 0.0683645 0.0676041 0.0477833 0.0596931 0.0585896 0.0660462 0.0433746 0.0815010 0.0801722 0.0744798 0.0725586 0.0526970 0.0884136 0.0701046 0.0638142 0.0974265 0.0577722 0.0565171 0.1109816 0.0673372 0.0609342 0.0576681 0.0514485 0.0493993 0.0497642 0.0569924 0.0519797 0.0539932 0.0629589 0.0576729 0.0631437 0.0679490 0.0588567 0.0725707 0.0301966 0.0613901 0.0473394 0.0577522 0.0524327 0.0871991 0.0630154 0.1136886 0.0486450 0.0647843 0.0583482 0.0436896 0.0478696 0.1005068 0.0477833 0.1165378 0.0628674 0.0602076 0.0322201 0.0595870 0.0695304 0.0394932 0.1002809 0.0589551 0.0591667 0.0356525 0.0751753 0.0530407 0.0649767 0.0510601 0.0654538 0.1076613 0.0580836 0.0573474 0.0590649 0.0591791 0.0700807 0.0378998 0.0429426 0.0593347 0.0545403 0.0620111 0.0494040 0.0592220 0.0692784 0.0511331 0.0414491 0.0816383 0.0621782 0.0538966 0.0670268 0.0665457 0.0602561 0.0592975 0.0630154 0.0568487 
ERR4210213    0.5460129 0.3533021 0.4425819 0.0437787 0.0000000 0.0601884 0.0836870 0.0505619 0.0357951 0.0539553 0.0356815 0.0517018 0.0663005 0.0584092 0.0263528 0.0432108 0.1166094 0.0690445 0.0513741 0.0592997 0.0775165 0.0672803 0.0066243 0.0137932 0.0409330 0.0438251 0.0438251 0.0756002 0.0413416 0.0852938 0.0205848 0.0756647 0.0795067 0.0647852 0.0584430 0.0677658 0.0865479 0.0775031 0.0753574 0.0438251 0.0591654 0.0597136 0.0903313 0.0277899 0.0502923 0.0690445 0.1211432 0.0615445 0.0605882 0.7685105 0.0438251 0.0671381 0.0277521 0.0517018 0.0208722 0.0205848 0.0826823 0.0502923 0.0591654 0.0666369 0.0582223 0.0673783 0.0425345 0.0309435 0.0428199 0.0845039 0.0686979 0.0423960 0.0659123 0.1119463 0.0594918 0.0364215 0.0517822 0.0598583 0.0506372 0.1035515 0.0205848 0.1129791 0.0575053 0.0679119 0.0281605 0.0430647 0.0857425 0.0591413 0.1118331 0.0517509 0.0428250 0.0350271 0.0951428 0.0577812 0.0582512 0.0424855 0.0756002 0.1077821 0.0511408 0.0743420 0.0714532 0.0517031 0.0594894 0.0287025 0.0828366 0.0611943 0.0353308 0.0584790 0.0429183 0.0680117 0.0926869 0.0831121 0.0584967 0.0681335 0.0281753 0.0205848 0.0942117 0.0579491 0.0736725 0.0524423 0.0579491 0.0428669 
ERR2789774    0.4649686 0.3821159 0.4297211 0.0762543 0.0601884 0.0000000 0.2127324 0.0501067 0.0680949 0.0983552 0.1007356 0.0317248 0.1197890 0.0769283 0.0462741 0.0397596 0.1213527 0.0903257 0.0971970 0.1065953 0.1009119 0.0934562 0.0779578 0.0679033 0.0596955 0.0244020 0.0279182 0.1109053 0.0572302 0.0966492 0.0873661 0.0637530 0.0956043 0.0918380 0.0868791 0.0808339 0.1274946 0.1060381 0.0580576 0.0269887 0.1125139 0.0974075 0.0895294 0.0595792 0.0967124 0.0932657 0.1416340 0.0627000 0.0938063 0.1037137 0.0263752 0.0940362 0.0896166 0.0279452 0.0923250 0.0901034 0.0932250 0.1011086 0.0942502 0.0988852 0.0866924 0.1048844 0.0691571 0.1063952 0.0824122 0.0995338 0.0934537 0.0714796 0.0988857 0.1511705 0.0922889 0.1029412 0.0925797 0.0868060 0.0941746 0.1388665 0.0873661 0.1467588 0.0818148 0.0881159 0.0899398 0.1010184 0.0592730 0.0709366 0.1359672 0.0278908 0.0476724 0.0729762 0.1100773 0.0776592 0.0907232 0.0795015 0.0946459 0.1241269 0.0957640 0.0978997 0.0964490 0.0279866 0.0950696 0.0763839 0.0816920 0.0317500 0.0299013 0.0527278 0.0972228 0.0541361 0.0955404 0.0849773 0.0894507 0.1099156 0.0625774 0.0892545 0.1123712 0.1024756 0.0808860 0.0280382 0.0988877 0.0519479 
PAFTOL_019361 0.3797445 0.2806651 0.3840286 0.1760314 0.0836870 0.2127324 0.0000000 0.2008794 0.1096206 0.2105217 0.2013104 0.2053650 0.2110348 0.1597140 0.1990609 0.1915968 0.1976604 0.1929876 0.1944126 0.2164964 0.1909991 0.1825272 0.1841222 0.1003628 0.2165394 0.1992419 0.1946170 0.1228076 0.1995900 0.1915335 0.1902164 0.2012151 0.1887091 0.1754847 0.1862552 0.2173702 0.2069386 0.2029241 0.1918536 0.1934314 0.2081464 0.1764501 0.1849675 0.2334319 0.1817658 0.1915206 0.1928291 0.2048988 0.1991027 0.1828300 0.1885942 0.1984642 0.1930895 0.1925624 0.1919075 0.2062181 0.2085206 0.1927478 0.1804304 0.1927028 0.1910881 0.1784613 0.1810384 0.1842675 0.1862066 0.1860393 0.1978148 0.1955298 0.2059555 0.1924714 0.1774640 0.1991462 0.1944630 0.1703921 0.1780198 0.1746109 0.1902164 0.1932225 0.1665937 0.2082874 0.1852846 0.1947533 0.2215768 0.1720898 0.1796543 0.1978638 0.2103415 0.1752169 0.2141661 0.1680785 0.1809077 0.2053232 0.1821568 0.2441687 0.1910955 0.2066918 0.1852011 0.2013141 0.1966906 0.1790305 0.1831273 0.2054254 0.1817690 0.1888084 0.1964339 0.2002350 0.1880971 0.1887594 0.1807376 0.2182084 0.2056857 0.1882498 0.1862626 0.2007807 0.1964929 0.1993109 0.2084292 0.2047756 
S0055         0.4501709 0.3728696 0.3976076 0.0635627 0.0505619 0.0501067 0.2008794 0.0000000 0.0581071 0.0992255 0.0728883 0.0399744 0.0948098 0.0724571 0.0515433 0.0322752 0.1053291 0.0784741 0.0832221 0.0948783 0.0906489 0.0754998 0.0711680 0.0579344 0.0485034 0.0323377 0.0321988 0.0782837 0.0484554 0.0805518 0.0590832 0.0514750 0.0855900 0.0849896 0.0736760 0.0519883 0.1113548 0.0861976 0.0301308 0.0314804 0.0972853 0.0833968 0.0799509 0.0597699 0.0695615 0.0833305 0.1043965 0.0459868 0.0837987 0.0956547 0.0287998 0.0805342 0.0611704 0.0322308 0.0635563 0.0614725 0.0798532 0.0737010 0.0761169 0.0842450 0.0794283 0.0860187 0.0546041 0.0968142 0.0692115 0.0811078 0.0800644 0.0560015 0.0698758 0.1174547 0.0764083 0.0830856 0.0852017 0.0737330 0.0785684 0.1019317 0.0590832 0.1045047 0.0794850 0.0725537 0.0701031 0.0826028 0.0435696 0.0688157 0.0993758 0.0359324 0.0321699 0.0625015 0.0954708 0.0686722 0.0789840 0.0719338 0.0808007 0.1196131 0.0835667 0.0926690 0.0863277 0.0360601 0.0926180 0.0699010 0.0752128 0.0400059 0.0338784 0.0192751 0.0903219 0.0377888 0.0810725 0.0802977 0.0848483 0.0911270 0.0523743 0.0609394 0.0902580 0.0740607 0.0762942 0.0361285 0.0698760 0.0357762 
S0196sl       0.4809781 0.3246679 0.3697596 0.0349055 0.0357951 0.0680949 0.1096206 0.0581071 0.0000000 0.0655291 0.0273405 0.0594183 0.0825890 0.0566231 0.0389146 0.0506992 0.1222748 0.0662549 0.0421189 0.0754542 0.0743530 0.0837989 0.0272040 0.0273245 0.0242759 0.0517696 0.0514195 0.0924286 0.0535811 0.1027274 0.0131652 0.0564711 0.0761834 0.0723660 0.0489274 0.0664624 0.0658860 0.0933980 0.0833441 0.0514195 0.0837184 0.0760895 0.0886378 0.0373316 0.0412791 0.0662549 0.1387780 0.0346229 0.0581702 0.7685105 0.0514195 0.0570414 0.0199588 0.0507109 0.0202452 0.0131652 0.0800384 0.0412791 0.0753819 0.0566379 0.0739001 0.0839215 0.0339590 0.0422986 0.0488175 0.0733386 0.0583080 0.0548783 0.0560627 0.1407836 0.0533362 0.0258576 0.0424451 0.0500634 0.0415426 0.1225972 0.0131652 0.1324950 0.0564388 0.0576827 0.0271183 0.0343578 0.0940386 0.0494784 0.1310870 0.0594742 0.0502455 0.0268598 0.1131445 0.0733318 0.0739336 0.0250597 0.0924286 0.1153278 0.0419409 0.0483527 0.0684713 0.0594188 0.0497583 0.0426606 0.0801831 0.0692230 0.0426402 0.0661476 0.0342479 0.0759936 0.1009295 0.0804412 0.0489702 0.0848921 0.0354255 0.0131652 0.1119870 0.0636508 0.0722952 0.0602760 0.0485393 0.0502934 
S0278         0.4227762 0.4060862 0.4793476 0.0807950 0.0539553 0.0983552 0.2105217 0.0992255 0.0655291 0.0000000 0.1156621 0.0880730 0.0471014 0.0815013 0.1019921 0.1011269 0.0283263 0.0950181 0.1126403 0.0411353 0.0939360 0.0321213 0.0934546 0.0819762 0.0959211 0.0829555 0.0825109 0.0546298 0.0886641 0.0258025 0.1007111 0.0922982 0.0951152 0.0522033 0.0812145 0.1187582 0.1257440 0.0255608 0.1003699 0.0813705 0.0495413 0.0523613 0.0760520 0.0811107 0.1085441 0.0905451 0.1392978 0.0849518 0.0902493 0.0872838 0.0785646 0.0834482 0.1007111 0.0801070 0.1033783 0.1094127 0.0948421 0.1056502 0.0452422 0.1003331 0.0750765 0.0548488 0.0672170 0.0397908 0.0897631 0.0983629 0.0990683 0.1176370 0.1141561 0.1448001 0.1000223 0.1098485 0.0931983 0.0871521 0.0925737 0.1223083 0.1007111 0.1448678 0.0824012 0.1007232 0.0994619 0.1139817 0.0906712 0.0822260 0.1251370 0.0849462 0.0792402 0.0820943 0.0343933 0.0628687 0.0821823 0.0947253 0.0503947 0.0320173 0.1017915 0.1093554 0.0988699 0.0828016 0.0954857 0.0941693 0.0897725 0.0855838 0.0799679 0.0822185 0.0986585 0.0968620 0.0640542 0.0900637 0.0905457 0.0362284 0.0909255 0.1028594 0.0405047 0.1162708 0.0671766 0.0855310 0.1141596 0.0851487 
S0281         0.3761812 0.3511256 0.3680322 0.0584704 0.0356815 0.1007356 0.2013104 0.0728883 0.0273405 0.1156621 0.0000000 0.0816932 0.0930101 0.0688442 0.1114941 0.0815911 0.0969936 0.0666677 0.0817255 0.0956378 0.0696074 0.0847008 0.0776801 0.0272403 0.0673398 0.0772171 0.0725037 0.0810446 0.0875834 0.0897073 0.0172644 0.0668462 0.0713901 0.0861132 0.0619743 0.0818134 0.1021369 0.0972263 0.0891547 0.0683889 0.1003755 0.0810276 0.0904456 0.0914182 0.0262378 0.0692371 0.1326143 0.0723039 0.0690589 0.1085748 0.0690630 0.0771777 0.0172644 0.0769372 0.0209163 0.0263696 0.0797008 0.0261815 0.0783931 0.0816512 0.0811635 0.0841216 0.0599849 0.0838996 0.0621283 0.0752632 0.0721310 0.1015141 0.0421096 0.1330100 0.0655974 0.0896255 0.0736454 0.0774514 0.0823243 0.1236136 0.0172644 0.1307138 0.0863236 0.0713067 0.0660109 0.0794203 0.0837561 0.0745025 0.1259775 0.0789909 0.0837702 0.0577186 0.0954442 0.0742649 0.0878871 0.0704449 0.0837982 0.1215549 0.0710025 0.0831661 0.0719842 0.0793051 0.0802893 0.0714320 0.0783086 0.0795148 0.0720190 0.0709231 0.0746383 0.0773358 0.0805912 0.0856687 0.0751342 0.1054173 0.0873881 0.0226844 0.0935873 0.0397040 0.0934983 0.0794696 0.0421091 0.0819258 
S0282         0.4507931 0.3956111 0.4256452 0.0613853 0.0517018 0.0317248 0.2053650 0.0399744 0.0594183 0.0880730 0.0816932 0.0000000 0.0952790 0.0659005 0.0401329 0.0358555 0.1051896 0.0743331 0.0745535 0.0924823 0.0842469 0.0775492 0.0692828 0.0592400 0.0482168 0.0101180 0.0135814 0.1015961 0.0528397 0.0804640 0.0717112 0.0435622 0.0772807 0.0758960 0.0693773 0.0652149 0.1049844 0.0904330 0.0499438 0.0122677 0.1000917 0.0767838 0.0753901 0.0331459 0.0737956 0.0770478 0.1260313 0.0500086 0.0725628 0.0875493 0.0120206 0.0761407 0.0738675 0.0100863 0.0763902 0.0742479 0.0755009 0.0779685 0.0781851 0.0804452 0.0727138 0.0830609 0.0525059 0.0773471 0.0628065 0.0787574 0.0753201 0.0715161 0.0843246 0.1350582 0.0704235 0.0807750 0.0739046 0.0714594 0.0762449 0.1233771 0.0717112 0.1381148 0.0794138 0.0660578 0.0721565 0.0805249 0.0451125 0.0624460 0.1206080 0.0100852 0.0378462 0.0562475 0.0930559 0.0663921 0.0766445 0.0668391 0.0785101 0.1146874 0.0795323 0.0847874 0.0779428 0.0136380 0.0786856 0.0634198 0.0645201 0.0118674 0.0154008 0.0403500 0.0834252 0.0341336 0.0812439 0.0736706 0.0781270 0.0885480 0.0460650 0.0735797 0.0928242 0.0879148 0.0739901 0.0101363 0.0798063 0.0340132 
S0289         0.4273461 0.3867834 0.4653062 0.0854164 0.0663005 0.1197890 0.2110348 0.0948098 0.0825890 0.0471014 0.0930101 0.0952790 0.0000000 0.0922122 0.1210945 0.1047544 0.0530164 0.0936699 0.0971033 0.0396968 0.0950166 0.0375533 0.0916902 0.0730145 0.0758179 0.0930470 0.0880757 0.0216406 0.0911478 0.0397268 0.0845240 0.0819974 0.0989468 0.0634687 0.0878740 0.1115926 0.1207101 0.0391027 0.1055893 0.0871540 0.0430839 0.0415464 0.0785486 0.1073875 0.0867128 0.0920192 0.1388335 0.0879534 0.0947559 0.1199162 0.0841621 0.0950223 0.0867449 0.0927022 0.0868225 0.0896177 0.1028858 0.0865553 0.0374230 0.1007669 0.0717345 0.0475058 0.0730700 0.0613632 0.0799676 0.0966647 0.1021530 0.1254462 0.1041654 0.1446926 0.1035573 0.1034469 0.0853116 0.0983104 0.1088471 0.1172329 0.0845240 0.1446455 0.0813502 0.0936574 0.0969554 0.1029648 0.0993695 0.0954555 0.1269220 0.0902690 0.0860861 0.0840921 0.0480027 0.0605371 0.0777843 0.0941250 0.0478582 0.0562117 0.0903110 0.1058282 0.0974614 0.0951985 0.0948562 0.0894966 0.0993678 0.0954488 0.0874708 0.0862186 0.1064845 0.0959992 0.0682649 0.1003873 0.0905672 0.0354779 0.0958060 0.0914935 0.0369962 0.1062443 0.0705828 0.0953996 0.1041677 0.0920964 
S0292         0.4163004 0.3547586 0.4079807 0.0399176 0.0584092 0.0769283 0.1597140 0.0724571 0.0566231 0.0815013 0.0688442 0.0659005 0.0922122 0.0000000 0.0849325 0.0700867 0.0984863 0.0708867 0.0707512 0.0853375 0.0804928 0.0805477 0.0540724 0.0564566 0.0577879 0.0616383 0.0572010 0.1101144 0.0696150 0.0810109 0.0597344 0.0681557 0.0756844 0.0794688 0.0417409 0.0909084 0.0955346 0.0836382 0.0817017 0.0593538 0.1030493 0.0835666 0.0788484 0.0870464 0.0679302 0.0735093 0.1229444 0.0784582 0.0739073 0.0767897 0.0579325 0.0477700 0.0617784 0.0614201 0.0641167 0.0620777 0.0552718 0.0719632 0.0782040 0.0809000 0.0673179 0.0861911 0.0361451 0.0776639 0.0594424 0.0519321 0.0486390 0.0920004 0.0822736 0.1257520 0.0711806 0.0767179 0.0794845 0.0420700 0.0482399 0.1121082 0.0597344 0.1238509 0.0748264 0.0546215 0.0540619 0.0785064 0.0781634 0.0301889 0.1118540 0.0634063 0.0631359 0.0415235 0.0910681 0.0632534 0.0734896 0.0633295 0.0765940 0.1125755 0.0670261 0.0778466 0.0763183 0.0636502 0.0839335 0.0419883 0.0190334 0.0638184 0.0547951 0.0730737 0.0441629 0.0658990 0.0759339 0.0263960 0.0191297 0.0934272 0.0667192 0.0660758 0.0970053 0.0814464 0.0667303 0.0637790 0.0822745 0.0659707 
S0293         0.5193566 0.3646180 0.4298943 0.0998792 0.0263528 0.0462741 0.1990609 0.0515433 0.0389146 0.1019921 0.1114941 0.0401329 0.1210945 0.0849325 0.0000000 0.0744376 0.0786887 0.1063961 0.1143119 0.1078751 0.1086041 0.0814885 0.0909103 0.0540562 0.0643721 0.0296387 0.0458453 0.0537198 0.0759498 0.0874141 0.0976119 0.0703015 0.1003178 0.0912531 0.1033207 0.0760243 0.1271742 0.0887562 0.0631557 0.0390266 0.1086302 0.0843972 0.1163962 0.0181805 0.1255686 0.0917633 0.1441990 0.0699321 0.0930518 0.1294853 0.0407197 0.1166650 0.0976119 0.0296387 0.0976119 0.0983137 0.1116152 0.1389043 0.0959337 0.1226853 0.0846657 0.0824774 0.0719686 0.1426331 0.0861624 0.1134469 0.1278245 0.0692236 0.1368545 0.1730936 0.1018773 0.1208211 0.0845476 0.0847486 0.0788662 0.1459999 0.0976119 0.1536946 0.0658416 0.0800351 0.1085035 0.1140272 0.0626831 0.0839281 0.1459999 0.0401209 0.0401756 0.0902662 0.1095628 0.0846657 0.0851990 0.1019788 0.0833292 0.1232180 0.1008850 0.1186018 0.1016383 0.0351114 0.1172939 0.0873299 0.1031371 0.0407885 0.0351114 0.0639490 0.0985310 0.0578954 0.1135899 0.1041405 0.1120274 0.0876895 0.0460711 0.0901477 0.0987705 0.1368545 0.0965406 0.0353431 0.1368699 0.0513972 
S0294         0.4268379 0.3741768 0.4131094 0.0677500 0.0432108 0.0397596 0.1915968 0.0322752 0.0506992 0.1011269 0.0815911 0.0358555 0.1047544 0.0700867 0.0744376 0.0000000 0.0969292 0.0766002 0.0743669 0.0947512 0.0866029 0.0795438 0.0757291 0.0505385 0.0553943 0.0283652 0.0282447 0.0862722 0.0549266 0.0824543 0.0675209 0.0534068 0.0815935 0.0801760 0.0693967 0.0631525 0.1095906 0.0899434 0.0322287 0.0254474 0.1019279 0.0811171 0.0795434 0.0758202 0.0782252 0.0793455 0.1161715 0.0519498 0.0797888 0.0701832 0.0247793 0.0761586 0.0696553 0.0282724 0.0721338 0.0700096 0.0798752 0.0802205 0.0782218 0.0848233 0.0793268 0.0881913 0.0545425 0.0835256 0.0649344 0.0810033 0.0756124 0.0629152 0.0838271 0.1350353 0.0748709 0.0828035 0.0812252 0.0693871 0.0741346 0.1205994 0.0675209 0.1278670 0.0764075 0.0659111 0.0743635 0.0781398 0.0434202 0.0666304 0.1181313 0.0319124 0.0359389 0.0583272 0.0976900 0.0643060 0.0745220 0.0697252 0.0783855 0.1218407 0.0816234 0.0930679 0.0800473 0.0300678 0.0830654 0.0698161 0.0730103 0.0358844 0.0262561 0.0345571 0.0833639 0.0419459 0.0790932 0.0823927 0.0803542 0.0976833 0.0501807 0.0713284 0.0901642 0.0876450 0.0761990 0.0320841 0.0838281 0.0379513 
S0299         0.4078946 0.3769105 0.4105126 0.0802522 0.1166094 0.1213527 0.1976604 0.1053291 0.1222748 0.0283263 0.0969936 0.1051896 0.0530164 0.0984863 0.0786887 0.0969292 0.0000000 0.0991952 0.1137315 0.0471843 0.0946242 0.0397170 0.1100769 0.1223513 0.0840637 0.0996632 0.0968425 0.0584639 0.0835903 0.0422729 0.0875133 0.1006683 0.1027855 0.0608094 0.0926065 0.1210222 0.1286935 0.0370307 0.1119506 0.0996381 0.0483583 0.0492020 0.0786017 0.1030608 0.0950235 0.0972623 0.1349989 0.0999002 0.1001155 0.0935158 0.0897423 0.1011768 0.0901251 0.0938167 0.0903424 0.0957614 0.1155101 0.0897702 0.0442392 0.1065739 0.0802615 0.0515206 0.0769446 0.0676540 0.0980019 0.1075944 0.1071112 0.1042568 0.0989524 0.1379849 0.0838586 0.1007665 0.0943473 0.0997561 0.1146232 0.1252493 0.0875133 0.1456760 0.0818982 0.1148886 0.0930806 0.1095978 0.1132984 0.0990622 0.1307729 0.0990415 0.1014061 0.0826716 0.0475173 0.0676675 0.0849187 0.0775741 0.0518023 0.0487493 0.0983727 0.0871796 0.1010512 0.1054134 0.1020661 0.1056278 0.1077622 0.1025086 0.0908029 0.0891645 0.1119341 0.1060669 0.0661861 0.1133727 0.1055605 0.0488998 0.0998007 0.0927125 0.0417525 0.1037449 0.0820366 0.1024497 0.0989547 0.0928066 
S0303         0.4185442 0.3893412 0.4364718 0.0541151 0.0690445 0.0903257 0.1929876 0.0784741 0.0662549 0.0950181 0.0666677 0.0743331 0.0936699 0.0708867 0.1063961 0.0766002 0.0991952 0.0000000 0.0531415 0.0919354 0.0136193 0.0813158 0.0659443 0.0583996 0.0688908 0.0699788 0.0654167 0.1198837 0.0812624 0.0817770 0.0636240 0.0763113 0.0084120 0.0741343 0.0656795 0.0854621 0.0727968 0.0933608 0.0903556 0.0637300 0.0922834 0.0779238 0.0720347 0.0965180 0.0697899 0.0067086 0.1303184 0.0760821 0.0101593 0.0674191 0.0640399 0.0721782 0.0615974 0.0697287 0.0680585 0.0701592 0.0865053 0.0696684 0.0751573 0.0569432 0.0716178 0.0848965 0.0532147 0.0755983 0.0297621 0.0812611 0.0733403 0.1009360 0.0754026 0.1326925 0.0777956 0.0503468 0.0434600 0.0745549 0.0771528 0.1213018 0.0636240 0.1383249 0.0774975 0.0748204 0.0638710 0.0509494 0.0804147 0.0633608 0.1210251 0.0717412 0.0762350 0.0531779 0.0823567 0.0629243 0.0754864 0.0096486 0.0802436 0.1184060 0.0434326 0.0202442 0.0084707 0.0720203 0.0595360 0.0662668 0.0776387 0.0722103 0.0670984 0.0751680 0.0767939 0.0768775 0.0702790 0.0783505 0.0763664 0.0994954 0.0841019 0.0700273 0.0975547 0.0754254 0.0748181 0.0721678 0.0754031 0.0764806 
S0308         0.4388312 0.4195770 0.4228752 0.0600678 0.0513741 0.0971970 0.1944126 0.0832221 0.0421189 0.1126403 0.0817255 0.0745535 0.0971033 0.0707512 0.1143119 0.0743669 0.1137315 0.0531415 0.0000000 0.1045108 0.0619114 0.0908919 0.0725140 0.0419786 0.0747419 0.0701880 0.0675578 0.0957684 0.0990737 0.0894628 0.0723488 0.0743600 0.0535221 0.0857807 0.0696491 0.1069841 0.0785198 0.1012622 0.0882312 0.0637460 0.1071354 0.0806495 0.0804468 0.1163014 0.0744649 0.0554912 0.1441013 0.0915257 0.0539049 0.0734023 0.0597558 0.0786803 0.0744684 0.0699366 0.0769496 0.0748454 0.0844783 0.0764784 0.0821672 0.0550447 0.0756262 0.0947347 0.0531644 0.0819864 0.0371872 0.0792280 0.0760391 0.1194258 0.0892962 0.1359003 0.0747820 0.0418761 0.0642147 0.0767900 0.0838066 0.1275259 0.0723488 0.1418392 0.0777031 0.0819668 0.0638840 0.0411680 0.0759454 0.0718787 0.1272310 0.0719537 0.0713619 0.0592784 0.0987718 0.0691581 0.0795039 0.0527129 0.0845892 0.1323891 0.0521015 0.0616690 0.0519336 0.0742042 0.0576095 0.0579515 0.0734699 0.0724254 0.0692359 0.0794899 0.0741920 0.0749919 0.0842864 0.0765257 0.0763783 0.1099100 0.0791478 0.0789627 0.0956580 0.0862688 0.0833593 0.0723828 0.0892975 0.0716338 
S0320         0.4602404 0.4088059 0.4677397 0.0791586 0.0592997 0.1065953 0.2164964 0.0948783 0.0754542 0.0411353 0.0956378 0.0924823 0.0396968 0.0853375 0.1078751 0.0947512 0.0471843 0.0919354 0.1045108 0.0000000 0.0955489 0.0419768 0.0943019 0.0746674 0.0874968 0.0879030 0.0830407 0.0281917 0.0954587 0.0344773 0.0853116 0.0893942 0.0972062 0.0622381 0.0749431 0.1182425 0.1267483 0.0456741 0.1026511 0.0816167 0.0437952 0.0460196 0.0790782 0.0983531 0.0920653 0.0902735 0.1340078 0.0935368 0.0950547 0.1193692 0.0795517 0.0818035 0.0875542 0.0875802 0.0900527 0.0946466 0.0934848 0.0918962 0.0397116 0.1037167 0.0629291 0.0481591 0.0693066 0.0526950 0.0825936 0.0938638 0.0878597 0.1073917 0.1079357 0.1369845 0.1087284 0.0982402 0.0863045 0.0776938 0.0897655 0.1126620 0.0853116 0.1400970 0.0823728 0.0868425 0.0946692 0.0991864 0.0920055 0.0819747 0.1222695 0.0896608 0.0796191 0.0802358 0.0406559 0.0565141 0.0711547 0.0891475 0.0442495 0.0526958 0.0928480 0.1008885 0.0957057 0.0900222 0.0998272 0.0875957 0.0924900 0.0902580 0.0824800 0.0862931 0.0940140 0.0903225 0.0689973 0.0934281 0.0889745 0.0400064 0.0883903 0.0923522 0.0420142 0.1100444 0.0667261 0.0902102 0.1079384 0.0871255 
S0322         0.4080211 0.3760500 0.4327993 0.0630727 0.0775165 0.1009119 0.1909991 0.0906489 0.0743530 0.0939360 0.0696074 0.0842469 0.0950166 0.0804928 0.1086041 0.0866029 0.0946242 0.0136193 0.0619114 0.0955489 0.0000000 0.0824476 0.0773114 0.0663700 0.0699361 0.0797210 0.0749454 0.1275793 0.0851241 0.0851236 0.0664644 0.0816697 0.0119440 0.0772732 0.0728561 0.0956728 0.0792701 0.0969792 0.0915853 0.0735470 0.0957134 0.0790140 0.0815635 0.1030106 0.0684994 0.0102051 0.1333535 0.0816160 0.0154858 0.0679625 0.0711802 0.0861652 0.0644006 0.0794287 0.0709964 0.0752601 0.0920821 0.0726166 0.0761966 0.0597036 0.0791220 0.0861024 0.0619951 0.0793956 0.0375314 0.0867760 0.0827788 0.1028650 0.0800276 0.1321139 0.0782581 0.0554501 0.0439496 0.0798243 0.0820616 0.1193252 0.0664644 0.1414538 0.0861829 0.0845328 0.0731233 0.0596080 0.0882514 0.0725255 0.1239244 0.0815008 0.0861887 0.0619541 0.0857376 0.0699875 0.0853092 0.0137334 0.0813723 0.1224535 0.0478972 0.0247242 0.0120291 0.0818279 0.0603283 0.0756561 0.0872931 0.0797804 0.0742037 0.0795792 0.0843451 0.0869342 0.0776349 0.0925944 0.0860835 0.1030772 0.0898781 0.0729980 0.0983436 0.0777769 0.0845334 0.0819989 0.0800284 0.0864718 
S0327         0.4095825 0.3747706 0.4205344 0.0692452 0.0672803 0.0934562 0.1825272 0.0754998 0.0837989 0.0321213 0.0847008 0.0775492 0.0375533 0.0805477 0.0814885 0.0795438 0.0397170 0.0813158 0.0908919 0.0419768 0.0824476 0.0000000 0.0837176 0.0740719 0.0714855 0.0732186 0.0686680 0.0160775 0.0700016 0.0171252 0.0726703 0.0743412 0.0862922 0.0430058 0.0701974 0.1012776 0.1036143 0.0338670 0.0782886 0.0692887 0.0432487 0.0243892 0.0698936 0.0931213 0.0833418 0.0796668 0.1115413 0.0735474 0.0822247 0.0738296 0.0631101 0.0769127 0.0747998 0.0687413 0.0748625 0.0795219 0.0838302 0.0831936 0.0206415 0.0944983 0.0589193 0.0262802 0.0535611 0.0460531 0.0743529 0.0754095 0.0804585 0.0952512 0.0915543 0.1241641 0.0740615 0.0964078 0.0732458 0.0798845 0.0896932 0.0963129 0.0726703 0.1221059 0.0602600 0.0794681 0.0780557 0.0966380 0.0814688 0.0726047 0.1007575 0.0749552 0.0662794 0.0680100 0.0282219 0.0467237 0.0627597 0.0749870 0.0244958 0.0482544 0.0773479 0.0879507 0.0847760 0.0752449 0.0887094 0.0731064 0.0854608 0.0754397 0.0682225 0.0655042 0.0914648 0.0783035 0.0531745 0.0907348 0.0883638 0.0283621 0.0736570 0.0745122 0.0326314 0.0956012 0.0621804 0.0753968 0.0915557 0.0748962 
S0335         0.4562665 0.4082586 0.4607911 0.0436370 0.0066243 0.0779578 0.1841222 0.0711680 0.0272040 0.0934546 0.0776801 0.0692828 0.0916902 0.0540724 0.0909103 0.0757291 0.1100769 0.0659443 0.0725140 0.0943019 0.0773114 0.0837176 0.0000000 0.0132757 0.0698907 0.0650314 0.0564595 0.0930264 0.0857193 0.0841954 0.0638891 0.0720372 0.0726123 0.0822646 0.0589742 0.0892331 0.0963227 0.0869985 0.0758922 0.0628523 0.0993553 0.0867477 0.0801784 0.0744765 0.0742662 0.0704778 0.1215715 0.0845748 0.0708525 0.0790400 0.0613604 0.0679056 0.0659579 0.0648024 0.0683423 0.0662822 0.0715212 0.0783558 0.0752707 0.0759307 0.0732521 0.0844688 0.0434730 0.0797446 0.0552089 0.0684152 0.0693548 0.0965947 0.0844652 0.1203306 0.0528968 0.0738903 0.0721098 0.0558364 0.0623248 0.1124860 0.0638891 0.1288365 0.0592187 0.0731569 0.0516543 0.0761124 0.0795440 0.0533435 0.1122337 0.0667777 0.0670176 0.0509856 0.0942364 0.0626898 0.0771034 0.0696757 0.0817085 0.1092436 0.0704377 0.0822691 0.0732108 0.0670331 0.0816301 0.0436258 0.0589909 0.0672079 0.0622650 0.0721422 0.0623708 0.0696417 0.0772157 0.0595163 0.0596176 0.0974151 0.0675556 0.0703197 0.0949314 0.0879758 0.0660610 0.0671677 0.0844662 0.0672724 
S0345         0.4887673 0.3557553 0.4041895 0.0347820 0.0137932 0.0679033 0.1003628 0.0579344 0.0273245 0.0819762 0.0272403 0.0592400 0.0730145 0.0564566 0.0540562 0.0505385 0.1223513 0.0583996 0.0419786 0.0746674 0.0663700 0.0740719 0.0132757 0.0000000 0.0378245 0.0516036 0.0512552 0.0823829 0.0699584 0.0921568 0.0131131 0.0648969 0.0679956 0.0721794 0.0487748 0.0755281 0.0748481 0.0835639 0.0831430 0.0512552 0.0740027 0.0665688 0.0981738 0.0371603 0.0411430 0.0583996 0.1297168 0.0516025 0.0504637 0.7685105 0.0512552 0.0568729 0.0198832 0.0592400 0.0200267 0.0131131 0.0718944 0.0411430 0.0659641 0.0564713 0.0737081 0.0741782 0.0338421 0.0204029 0.0340549 0.0731483 0.0581342 0.0716819 0.0558988 0.1297327 0.0695615 0.0257363 0.0423032 0.0499054 0.0414051 0.1119373 0.0131131 0.1215350 0.0648662 0.0575117 0.0201617 0.0342384 0.0938303 0.0493230 0.1202805 0.0592957 0.0500868 0.0267628 0.1020627 0.0731416 0.0737416 0.0391381 0.0823829 0.1148859 0.0418021 0.0459380 0.0603421 0.0592405 0.0496016 0.0277587 0.0799907 0.0690279 0.0424973 0.0659641 0.0341292 0.0757950 0.1007251 0.0802482 0.0488174 0.0750069 0.0352996 0.0131131 0.1010626 0.0483886 0.0812863 0.0600941 0.0483886 0.0501345 
S0376         0.4317561 0.3733142 0.3999187 0.0526540 0.0409330 0.0596955 0.2165394 0.0485034 0.0242759 0.0959211 0.0673398 0.0482168 0.0758179 0.0577879 0.0643721 0.0553943 0.0840637 0.0688908 0.0747419 0.0874968 0.0699361 0.0714855 0.0698907 0.0378245 0.0000000 0.0437239 0.0368492 0.0857144 0.0531353 0.0740898 0.0545946 0.0275591 0.0689627 0.0843135 0.0549546 0.0674993 0.0906613 0.0794045 0.0580929 0.0386589 0.1001172 0.0717385 0.0868708 0.0691757 0.0638407 0.0693949 0.1153678 0.0545917 0.0722565 0.0672961 0.0328657 0.0714975 0.0545946 0.0413480 0.0568955 0.0618494 0.0758583 0.0707641 0.0663642 0.0717352 0.0810535 0.0722026 0.0482413 0.0871513 0.0547734 0.0701228 0.0658525 0.0796535 0.0675208 0.1247922 0.0690851 0.0790367 0.0719902 0.0673350 0.0678336 0.1142417 0.0545946 0.1307751 0.0777215 0.0598087 0.0623795 0.0763316 0.0457807 0.0597941 0.1114806 0.0435508 0.0456564 0.0547145 0.0850298 0.0707632 0.0831074 0.0680902 0.0699789 0.1108876 0.0746645 0.0858851 0.0697354 0.0415111 0.0720957 0.0552029 0.0563437 0.0437385 0.0390870 0.0439176 0.0727095 0.0486127 0.0799130 0.0714190 0.0566783 0.0900702 0.0582278 0.0616784 0.0809349 0.0674131 0.0802185 0.0438258 0.0675210 0.0485630 
S0400         0.4598391 0.3866394 0.4166449 0.0571932 0.0438251 0.0244020 0.1992419 0.0323377 0.0517696 0.0829555 0.0772171 0.0101180 0.0930470 0.0616383 0.0296387 0.0283652 0.0996632 0.0699788 0.0701880 0.0879030 0.0797210 0.0732186 0.0650314 0.0516036 0.0437239 0.0000000 0.0101282 0.0877901 0.0482742 0.0760611 0.0674151 0.0435617 0.0728562 0.0715556 0.0651202 0.0568699 0.1001289 0.0858627 0.0420646 0.0087114 0.0931247 0.0746566 0.0733062 0.0263361 0.0737916 0.0726351 0.1209796 0.0479800 0.0682092 0.0757544 0.0085366 0.0717884 0.0695465 0.0066865 0.0720206 0.0675437 0.0711894 0.0779641 0.0738133 0.0782022 0.0662239 0.0786108 0.0484578 0.0802365 0.0586406 0.0742201 0.0733616 0.0597994 0.0798004 0.1273456 0.0709272 0.0758902 0.0695833 0.0671818 0.0718843 0.1183613 0.0674151 0.1328588 0.0741939 0.0660549 0.0678322 0.0739599 0.0412604 0.0583043 0.1156328 0.0066857 0.0340589 0.0521794 0.0884402 0.0599945 0.0701213 0.0668169 0.0739856 0.1097113 0.0750775 0.0793058 0.0734754 0.0101700 0.0764433 0.0592059 0.0645175 0.0084282 0.0119092 0.0364833 0.0789466 0.0303611 0.0767957 0.0693633 0.0737598 0.0909344 0.0421257 0.0692785 0.0875453 0.0833947 0.0654271 0.0067194 0.0798012 0.0302542 
S0405         0.4503755 0.3843808 0.4258089 0.0528434 0.0438251 0.0279182 0.1946170 0.0321988 0.0514195 0.0825109 0.0725037 0.0135814 0.0880757 0.0572010 0.0458453 0.0282447 0.0968425 0.0654167 0.0675578 0.0830407 0.0749454 0.0686680 0.0564595 0.0512552 0.0368492 0.0101282 0.0000000 0.0872908 0.0435809 0.0714269 0.0629214 0.0395468 0.0701755 0.0712243 0.0606754 0.0566115 0.0970292 0.0810192 0.0418804 0.0069426 0.0924249 0.0719652 0.0687519 0.0408165 0.0649584 0.0680031 0.1155004 0.0439301 0.0683713 0.0815080 0.0067657 0.0672211 0.0650196 0.0100964 0.0674351 0.0653437 0.0666659 0.0690362 0.0692188 0.0778369 0.0637860 0.0788065 0.0442856 0.0772331 0.0543128 0.0697253 0.0686836 0.0623755 0.0750265 0.1241670 0.0661127 0.0776740 0.0697481 0.0627098 0.0673095 0.1129294 0.0629214 0.1271175 0.0610097 0.0615432 0.0633082 0.0755694 0.0373137 0.0540018 0.1102546 0.0100953 0.0339126 0.0479741 0.0835399 0.0576168 0.0676535 0.0616334 0.0695044 0.1016557 0.0703930 0.0762230 0.0707658 0.0101285 0.0760855 0.0548268 0.0601190 0.0118796 0.0101721 0.0363239 0.0742237 0.0304156 0.0721117 0.0648510 0.0691706 0.0859889 0.0401442 0.0647725 0.0848537 0.0786114 0.0651258 0.0101466 0.0750270 0.0284582 
S0407sl       0.4511305 0.2751250 0.3270466 0.0961181 0.0756002 0.1109053 0.1228076 0.0782837 0.0924286 0.0546298 0.0810446 0.1015961 0.0216406 0.1101144 0.0537198 0.0862722 0.0584639 0.1198837 0.0957684 0.0281917 0.1275793 0.0160775 0.0930264 0.0823829 0.0857144 0.0877901 0.0872908 0.0000000 0.0849289 0.0160982 0.0868991 0.1060090 0.1303653 0.0584532 0.1175801 0.0995626 0.1362241 0.0643412 0.1069296 0.0872908 0.0272548 0.0161932 0.0864475 0.0542748 0.0941251 0.1106463 0.1435247 0.0955265 0.1214107 0.7685105 0.0872908 0.1186616 0.0939388 0.0943826 0.0870752 0.0868991 0.1249057 0.1011746 0.0216421 0.1253335 0.0599562 0.0160949 0.0805090 0.0916447 0.1087496 0.1193840 0.1280862 0.0651282 0.1155597 0.1452469 0.1366471 0.1057683 0.1037398 0.1217443 0.1209644 0.1142457 0.0868991 0.1466642 0.0597856 0.1196464 0.1027093 0.0948630 0.1017181 0.1282988 0.1370945 0.0944527 0.0919475 0.0799122 0.0279589 0.0661855 0.0666316 0.1067098 0.0218350 0.0661901 0.0953465 0.1237891 0.1153638 0.0943776 0.1282336 0.1040891 0.1328601 0.1036278 0.0788533 0.1068380 0.1037470 0.1039312 0.0804245 0.1176779 0.1023673 0.0332592 0.0941984 0.0868991 0.0218578 0.1229035 0.0865533 0.0961053 0.1155696 0.0782817 
S0412sl       0.3840044 0.3597469 0.3757274 0.0683645 0.0413416 0.0572302 0.1995900 0.0484554 0.0535811 0.0886641 0.0875834 0.0528397 0.0911478 0.0696150 0.0759498 0.0549266 0.0835903 0.0812624 0.0990737 0.0954587 0.0851241 0.0700016 0.0857193 0.0699584 0.0531353 0.0482742 0.0435809 0.0849289 0.0000000 0.0753510 0.0759721 0.0520357 0.0813486 0.0810935 0.0659304 0.0602700 0.1162163 0.0806679 0.0604079 0.0432067 0.0976433 0.0784541 0.0803785 0.0653910 0.0834382 0.0767793 0.1150889 0.0240328 0.0902095 0.0800558 0.0396592 0.0784241 0.0759721 0.0458428 0.0784984 0.0891904 0.0901013 0.0909289 0.0728020 0.1045697 0.0797898 0.0813750 0.0632135 0.0893706 0.0802091 0.0920921 0.0829289 0.0768957 0.0874204 0.1302338 0.0792520 0.1063837 0.0914869 0.0785832 0.0842752 0.1141477 0.0759721 0.1268150 0.0849792 0.0762185 0.0863625 0.0990801 0.0550823 0.0706660 0.1113262 0.0479753 0.0436758 0.0628160 0.0894749 0.0672979 0.0819868 0.0858538 0.0734717 0.1036147 0.0926097 0.0969784 0.0848921 0.0435331 0.1026320 0.0760927 0.0799440 0.0528849 0.0413391 0.0448349 0.0950654 0.0530903 0.0793778 0.0884605 0.0780468 0.0863596 0.0589044 0.0781216 0.0917325 0.0897396 0.0788725 0.0482809 0.0874218 0.0530353 
S0417         0.4230211 0.3886150 0.4263514 0.0676041 0.0852938 0.0966492 0.1915335 0.0805518 0.1027274 0.0258025 0.0897073 0.0804640 0.0397268 0.0810109 0.0874141 0.0824543 0.0422729 0.0817770 0.0894628 0.0344773 0.0851236 0.0171252 0.0841954 0.0921568 0.0740898 0.0760611 0.0714269 0.0160982 0.0753510 0.0000000 0.0795309 0.0790661 0.0867888 0.0412920 0.0726777 0.1043546 0.1103331 0.0377050 0.0878981 0.0721581 0.0416887 0.0263412 0.0660955 0.0891174 0.0819473 0.0779651 0.1225668 0.0783835 0.0826968 0.0747127 0.0678010 0.0747978 0.0817091 0.0736270 0.0817805 0.0865798 0.0816689 0.0817999 0.0225390 0.0951072 0.0569926 0.0282585 0.0538476 0.0437508 0.0747666 0.0779799 0.0831064 0.0954006 0.0946825 0.1279772 0.0835363 0.0892213 0.0780112 0.0777346 0.0874648 0.1019735 0.0795309 0.1284103 0.0607024 0.0843921 0.0787332 0.0927272 0.0800623 0.0730096 0.1113117 0.0778117 0.0730248 0.0683844 0.0137403 0.0488365 0.0628980 0.0727134 0.0264574 0.0442816 0.0806297 0.0829903 0.0852663 0.0761448 0.0912902 0.0782303 0.0859481 0.0783205 0.0709568 0.0725702 0.0919996 0.0812545 0.0495040 0.0912605 0.0888736 0.0360675 0.0808975 0.0838678 0.0262878 0.0987789 0.0625210 0.0782762 0.0946841 0.0754061 
S0419         0.3782038 0.3600155 0.3926919 0.0477833 0.0205848 0.0873661 0.1902164 0.0590832 0.0131652 0.1007111 0.0172644 0.0717112 0.0845240 0.0597344 0.0976119 0.0675209 0.0875133 0.0636240 0.0723488 0.0853116 0.0664644 0.0726703 0.0638891 0.0131131 0.0545946 0.0674151 0.0629214 0.0868991 0.0759721 0.0795309 0.0000000 0.0594937 0.0682248 0.0740758 0.0533257 0.0741474 0.0913544 0.0800962 0.0744593 0.0563338 0.0896083 0.0735640 0.0803736 0.0861682 0.0187716 0.0661200 0.1152829 0.0627541 0.0659516 0.0897980 0.0551286 0.0636845 0.0016514 0.0629885 0.0033241 0.0083786 0.0687037 0.0222639 0.0666258 0.0719124 0.0733163 0.0760411 0.0491607 0.0727505 0.0531830 0.0702948 0.0586532 0.0870880 0.0357323 0.1203040 0.0485222 0.0762985 0.0641398 0.0618331 0.0663574 0.1044264 0.0000010 0.1101058 0.0722272 0.0639747 0.0490491 0.0697737 0.0733910 0.0632050 0.1066756 0.0691674 0.0651997 0.0470200 0.0871580 0.0627661 0.0753412 0.0624286 0.0737122 0.1100306 0.0616570 0.0744705 0.0664240 0.0694340 0.0705147 0.0558221 0.0669288 0.0696155 0.0625139 0.0571903 0.0722719 0.0743419 0.0707774 0.0733596 0.0655831 0.0879762 0.0726495 0.0049914 0.0841589 0.0334723 0.0788822 0.0695741 0.0357317 0.0719151 
S0427         0.4305058 0.3784755 0.4062425 0.0596931 0.0756647 0.0637530 0.2012151 0.0514750 0.0564711 0.0922982 0.0668462 0.0435622 0.0819974 0.0681557 0.0703015 0.0534068 0.1006683 0.0763113 0.0743600 0.0893942 0.0816697 0.0743412 0.0720372 0.0648969 0.0275591 0.0435617 0.0395468 0.1060090 0.0520357 0.0790661 0.0594937 0.0000000 0.0811541 0.0809024 0.0652757 0.0577012 0.0939796 0.0865070 0.0578164 0.0410647 0.1029949 0.0745713 0.0823456 0.0759068 0.0655848 0.0789732 0.1239652 0.0507771 0.0794013 0.0970172 0.0380967 0.0759888 0.0615281 0.0395639 0.0638543 0.0659664 0.0775140 0.0695809 0.0677028 0.0716439 0.0712094 0.0791539 0.0550376 0.0756981 0.0510239 0.0746288 0.0709497 0.0692293 0.0772016 0.1378453 0.0730626 0.0783351 0.0680675 0.0722049 0.0769162 0.1262387 0.0594937 0.1357864 0.0673634 0.0700761 0.0701247 0.0717613 0.0510756 0.0674118 0.1234887 0.0433286 0.0434360 0.0586923 0.0888325 0.0692355 0.0793350 0.0721815 0.0725103 0.1079402 0.0749180 0.0875471 0.0818321 0.0434838 0.0660557 0.0618703 0.0627232 0.0475090 0.0393070 0.0479293 0.0810169 0.0457291 0.0817615 0.0737419 0.0692190 0.0897749 0.0560848 0.0658043 0.0938932 0.0764383 0.0766508 0.0435667 0.0772022 0.0436354 
S0430         0.4138644 0.3831378 0.4397534 0.0585896 0.0795067 0.0956043 0.1887091 0.0855900 0.0761834 0.0951152 0.0713901 0.0772807 0.0989468 0.0756844 0.1003178 0.0815935 0.1027855 0.0084120 0.0535221 0.0972062 0.0119440 0.0862922 0.0726123 0.0679956 0.0689627 0.0728562 0.0701755 0.1303653 0.0813486 0.0867888 0.0682248 0.0811541 0.0000000 0.0789348 0.0703191 0.0927611 0.0725049 0.0986195 0.0909904 0.0664083 0.0929919 0.0785084 0.0767945 0.0981166 0.0702562 0.0050428 0.1312703 0.0833076 0.0102417 0.0676186 0.0645232 0.0812961 0.0661625 0.0725929 0.0727603 0.0749028 0.0915065 0.0743688 0.0800339 0.0613820 0.0764741 0.0879930 0.0576015 0.0825127 0.0336723 0.0862350 0.0782021 0.1008979 0.0803031 0.1336640 0.0736178 0.0485474 0.0438231 0.0750585 0.0776783 0.1221735 0.0682248 0.1393430 0.0833113 0.0796707 0.0684934 0.0513124 0.0854499 0.0679402 0.1218929 0.0746320 0.0812039 0.0575625 0.0874120 0.0676048 0.0803915 0.0076927 0.0852603 0.1243310 0.0454257 0.0140334 0.0033780 0.0769173 0.0640641 0.0709570 0.0824602 0.0751251 0.0718593 0.0801749 0.0816839 0.0798786 0.0750265 0.0876233 0.0812179 0.1049434 0.0869987 0.0747589 0.1010621 0.0803256 0.0796698 0.0750813 0.0803039 0.0791490 
