105
CRNC          0.0000000 0.3646325 0.4246810 0.4208821 0.3255934 0.4698543 0.4923485 0.5653544 0.5944618 0.4829108 0.5956238 0.5515399 0.4981858 0.5233308 0.5991337 0.4900241 0.5830718 0.5345137 0.5127048 0.5944665 0.4641754 0.4878815 0.5823314 0.6143103 0.5136752 0.6443825 0.4330490 0.6314528 0.5880152 0.8616502 0.5160956 0.4493385 0.5233379 0.5910783 0.4779930 0.4754127 0.6829278 0.4650811 0.5469326 0.5280946 0.4842697 0.4871514 0.7919247 0.4440817 0.8138905 0.7014608 0.5232813 0.6637955 0.5779784 0.5325093 0.5288480 0.5726030 0.4930877 0.4997431 0.6022933 0.4826301 0.5113248 0.5558379 0.6609256 0.5612661 0.6108826 0.6823967 0.5549053 0.4983769 0.5114702 0.5412449 0.5059966 0.4716189 0.5472604 0.5761485 0.4465185 0.4269623 0.4618957 0.5317992 0.5158149 0.6140620 0.6200802 0.5806708 0.5256364 0.5826497 0.5644072 0.6672325 0.4041242 0.4660815 0.4414410 0.5532505 0.5672152 0.5084657 0.4905238 0.4580797 0.4705324 0.5228023 0.5037500 0.5036737 0.5369284 0.4934080 0.5818081 0.5056369 0.8138905 0.5294496 0.7243767 0.4674100 0.5644458 0.4292863 0.5479321 
HYZL          0.3646325 0.0000000 0.1275480 0.4289384 0.4506734 0.3881820 0.4713346 0.4724934 0.4870428 0.4268052 0.5349626 0.4295877 0.4417277 0.4392145 0.4908126 0.5268414 0.4395206 0.4759704 0.5216045 0.5543879 0.3899812 0.4117990 0.5116692 0.4264302 0.4621965 0.5002884 0.4614835 0.5790361 0.5188150 0.7896321 0.4671336 0.4170299 0.4102799 0.4618594 0.4252436 0.4195627 0.5791384 0.4962540 0.3915534 0.5255787 0.5201533 0.3968883 0.5868667 0.3899812 0.6058556 0.5337966 0.5302555 0.5979721 0.4677208 0.5375334 0.4240175 0.4614487 0.4061807 0.6138347 0.5042779 0.4814541 0.5263348 0.5248080 0.4479552 0.5804053 0.4381647 0.4873154 0.6241785 0.5235200 0.4934286 0.4020308 0.3909530 0.4741873 0.4604591 0.5856569 0.4423921 0.4263774 0.3836214 0.4750523 0.4001392 0.5043651 0.4365086 0.4672151 0.5673719 0.4770386 0.4603930 0.6366568 0.4240628 0.5034006 0.3875205 0.5665328 0.5025404 0.4430767 0.4094238 0.4591614 0.4494734 0.4509298 0.5536633 0.4435054 0.4698767 0.4283599 0.4937371 0.4483573 0.6058556 0.5441380 0.5132567 0.3985634 0.6007765 0.3626183 0.4717267 
MYZV          0.4246810 0.1275480 0.0000000 0.4856765 0.6345292 0.5556177 0.5373409 0.5706673 0.5730946 0.5641376 0.5963505 0.4353919 0.5816421 0.5188997 0.5505351 0.5908818 0.5209291 0.5202510 0.6048226 0.6510439 0.5418274 0.5694423 0.6769527 0.5178373 0.4736911 0.6277387 0.5485541 0.6424319 0.6481206 0.7492412 0.5267892 0.5513134 0.4881011 0.5199349 0.5185604 0.5557251 0.7861502 0.5766416 0.4321811 0.5890001 0.5626279 0.5136389 0.7382974 0.5190783 0.7595909 0.6803904 0.5515116 0.7703248 0.4965944 0.5669859 0.5458940 0.5257318 0.4368108 0.6319090 0.6526093 0.5483042 0.5877367 0.5668723 0.5710829 0.4477410 0.4813298 0.4650060 0.6668095 0.5867150 0.5266326 0.4814814 0.4676721 0.5353061 0.5181938 0.6135376 0.6046690 0.5063030 0.5391418 0.5757850 0.4553109 0.5646829 0.4931943 0.4719779 0.6322704 0.5354976 0.5183288 0.6628559 0.5190236 0.5374347 0.5160547 0.5892065 0.6227261 0.4663836 0.5723439 0.5350963 0.5703011 0.4742438 0.5956432 0.5246550 0.4593361 0.5280976 0.5338986 0.5483706 0.7595909 0.4210561 0.5601464 0.5856222 0.4917671 0.4556332 0.5534962 
SRR6441723    0.4208821 0.4289384 0.4856765 0.0000000 0.0979792 0.1206559 0.2255896 0.1282756 0.0720862 0.1099511 0.0901194 0.0734676 0.1179851 0.0851254 0.0638133 0.1246417 0.0904736 0.0898952 0.0779577 0.1671826 0.1064863 0.1068712 0.1447949 0.0919344 0.0860604 0.1193373 0.1514214 0.0787855 0.1168274 0.2495504 0.1319948 0.1084237 0.1192720 0.0992718 0.1018303 0.1082047 0.1627176 0.1336827 0.1495473 0.0954383 0.1331514 0.1176251 0.1791470 0.0972435 0.1891648 0.1733753 0.0621766 0.1723083 0.1198090 0.1415085 0.0723309 0.0805387 0.0927264 0.1337483 0.0886631 0.0627971 0.0789480 0.0614748 0.1924983 0.1848329 0.1566887 0.1002583 0.1184148 0.0885751 0.0711203 0.1564315 0.1533016 0.0611361 0.0450353 0.1522761 0.0944986 0.0536762 0.0878126 0.1161232 0.0542119 0.0828495 0.0802316 0.0661371 0.1430523 0.0627787 0.0630328 0.1861018 0.0932332 0.1099994 0.0968304 0.1737732 0.1181456 0.0630943 0.0978162 0.1269958 0.1052295 0.0808811 0.1068007 0.0474806 0.0809879 0.1005041 0.0913996 0.0817565 0.1891648 0.1700344 0.1240606 0.1286530 0.2051199 0.1371453 0.0726871 
ERR4210213    0.3255934 0.4506734 0.6345292 0.0979792 0.0000000 0.1118607 0.1793480 0.1287107 0.0837116 0.0988145 0.1142361 0.1169653 0.0998875 0.1512420 0.0713128 0.1090996 0.1280211 0.1114858 0.0444700 0.1271491 0.1118607 0.0976245 0.1297039 0.0993095 0.1314530 0.1457529 0.0969700 0.1074541 0.1417371 0.2801993 0.1606701 0.0988145 0.1124290 0.1134626 0.0867895 0.0860678 0.0825794 0.0977919 0.1132872 0.1228973 0.0943993 0.1257423 0.1132142 0.1118607 0.1265837 0.1307816 0.0983188 0.1086630 0.1021058 0.1118440 0.1129965 0.0967779 0.0900284 0.0944029 0.0829554 0.0567077 0.0804806 0.0691527 0.1620404 0.1713213 0.1155132 0.1306314 0.0999155 0.1294718 0.0991411 0.1009184 0.1132872 0.0832424 0.0826291 0.0849618 0.0817948 0.0828660 0.1114981 0.1401687 0.1124272 0.1142361 0.0979439 0.0898967 0.0807833 0.0987621 0.0987621 0.1124174 0.0728540 0.0858593 0.1118607 0.1265845 0.0973079 0.1144239 0.1114981 0.1280423 0.0815292 0.1308354 0.1393018 0.0593979 0.1310818 0.1171943 0.0885634 0.0871158 0.1265837 0.1338991 0.1120429 0.0988145 0.1473509 0.1144532 0.0982829 
ERR2789774    0.4698543 0.3881820 0.5556177 0.1206559 0.1118607 0.0000000 0.2953099 0.0800815 0.1063347 0.0304044 0.1373057 0.1183761 0.0378063 0.1185708 0.1167554 0.1408661 0.1267153 0.1281141 0.1184479 0.1158786 0.0294781 0.0373626 0.1070372 0.1379988 0.0900654 0.0983419 0.1503359 0.1491829 0.1171676 0.2591036 0.0711270 0.0373100 0.1268606 0.1574296 0.0728687 0.0299081 0.1297860 0.1388062 0.1909582 0.0981983 0.1397754 0.0714898 0.1167457 0.0218829 0.1254909 0.1103898 0.1291729 0.1388865 0.1487206 0.1437153 0.1167980 0.1446845 0.1311524 0.1605515 0.1621307 0.1214325 0.1697245 0.1281103 0.1523840 0.1669551 0.1719762 0.1362212 0.1318385 0.1408428 0.1207568 0.1649619 0.1720864 0.1081357 0.1366749 0.1547204 0.0986014 0.1089247 0.0457561 0.0958117 0.1047375 0.1188993 0.1459762 0.1325797 0.1502635 0.1051322 0.1055860 0.1807278 0.1077347 0.1254805 0.0371344 0.1662202 0.1183461 0.1060590 0.0374646 0.0455780 0.0810140 0.1164679 0.1309997 0.0921075 0.1257697 0.1276067 0.1276914 0.0628894 0.1254909 0.1657689 0.1848726 0.0460992 0.1999917 0.0879539 0.1130504 
PAFTOL_019361 0.4923485 0.4713346 0.5373409 0.2255896 0.1793480 0.2953099 0.0000000 0.3096428 0.2838312 0.2495428 0.2687370 0.2607198 0.2279374 0.2587439 0.2710829 0.2608943 0.2946484 0.3057616 0.2223320 0.3174138 0.2543754 0.2692811 0.3116602 0.2624817 0.2000012 0.2964290 0.2936325 0.2645939 0.3244024 0.3678965 0.2789432 0.2450342 0.2728629 0.3213682 0.2768823 0.2279374 0.3176248 0.2437373 0.2973498 0.2689670 0.2773912 0.2710529 0.3444485 0.2409854 0.3746676 0.3397707 0.2490143 0.3461682 0.2720017 0.3113630 0.3014902 0.2370316 0.2387411 0.2788326 0.3092824 0.2613165 0.2586107 0.2423274 0.3040172 0.3383669 0.2509324 0.3158780 0.2662682 0.3065002 0.2465086 0.2843131 0.2909853 0.2567144 0.2455070 0.3124820 0.2848762 0.2361715 0.2883076 0.3251248 0.2140700 0.2520361 0.2872529 0.2588787 0.2630831 0.2643980 0.2528881 0.3398049 0.2258032 0.2452840 0.2396820 0.3110331 0.2789366 0.2267005 0.2706254 0.2764838 0.2441144 0.2601724 0.2913584 0.2323112 0.2543569 0.2840736 0.2688384 0.2625145 0.3561275 0.3280208 0.3317213 0.2478745 0.3392924 0.2845570 0.2580034 
S0055         0.5653544 0.4724934 0.5706673 0.1282756 0.1287107 0.0800815 0.3096428 0.0000000 0.1125750 0.0708418 0.1411829 0.1269048 0.0784034 0.0873768 0.1040849 0.1117046 0.1138612 0.0954189 0.1076857 0.0769788 0.0686831 0.0527650 0.0887656 0.1341844 0.1025696 0.0529999 0.1243412 0.1278124 0.0793470 0.2022539 0.0811943 0.0608522 0.1431643 0.1237436 0.0466862 0.0697227 0.1759491 0.1179135 0.2138815 0.0708183 0.1187391 0.0794020 0.1718017 0.0604034 0.1814654 0.1549002 0.1187008 0.1858266 0.1158098 0.1310094 0.1052370 0.1031767 0.1078211 0.1385701 0.1398406 0.1010546 0.1474963 0.1078263 0.1451520 0.1437992 0.2092646 0.1555951 0.1012725 0.1299937 0.1103625 0.1975441 0.2070405 0.0982595 0.1068164 0.1218368 0.0800407 0.1274586 0.0695682 0.0858399 0.1309634 0.1025749 0.1134936 0.1107793 0.1207742 0.0852771 0.1027828 0.1430731 0.0857773 0.0934541 0.0523511 0.1626966 0.1637957 0.1142527 0.0607255 0.0697641 0.0296714 0.1248513 0.1297213 0.0720959 0.1044066 0.1274054 0.1241794 0.0537505 0.1698555 0.1428358 0.1917938 0.0877108 0.1417282 0.0604237 0.1062434 
S0278         0.5944618 0.4870428 0.5730946 0.0720862 0.0837116 0.1063347 0.2838312 0.1125750 0.0000000 0.1150788 0.0442232 0.0539331 0.1229285 0.1227304 0.0213094 0.1143508 0.0365678 0.0593646 0.0690449 0.1511085 0.1115477 0.1110488 0.1438264 0.0372408 0.0519065 0.1056658 0.1071341 0.0697537 0.1222745 0.1915855 0.1468956 0.1135111 0.0445877 0.0599462 0.0800421 0.1133058 0.1299146 0.1122640 0.1418359 0.1054882 0.1039759 0.1432278 0.1082742 0.1024621 0.1169832 0.1115426 0.0627798 0.1390055 0.0772818 0.1499779 0.0368429 0.0519435 0.0540199 0.1044204 0.0619785 0.0710644 0.0614169 0.0529363 0.1827168 0.1418448 0.1375626 0.0533982 0.1296029 0.0894825 0.0718262 0.1269282 0.1245708 0.0617184 0.0535560 0.1202327 0.0951699 0.0458758 0.1224245 0.1206320 0.0363933 0.0295321 0.0437346 0.0381524 0.1323258 0.0286790 0.0140894 0.1513686 0.0829329 0.0997831 0.1109596 0.1602006 0.1194298 0.0447250 0.1120853 0.1317607 0.1054626 0.0611345 0.1261349 0.0072357 0.0612146 0.0702394 0.0529575 0.0962223 0.1169832 0.1292770 0.0977806 0.1334433 0.1388539 0.1326447 0.0534099 
S0282         0.4829108 0.4268052 0.5641376 0.1099511 0.0988145 0.0304044 0.2495428 0.0708418 0.1150788 0.0000000 0.1262805 0.1070224 0.0146161 0.1080604 0.1055796 0.1294655 0.1260119 0.1173216 0.0981208 0.1050489 0.0144202 0.0219237 0.0887752 0.1258723 0.0933577 0.0878543 0.1327414 0.1376308 0.1067839 0.2345023 0.0554317 0.0217413 0.1358887 0.1456873 0.0636952 0.0072321 0.1639170 0.1306992 0.1779765 0.0884442 0.1284849 0.0625076 0.1490915 0.0071396 0.1596874 0.1443447 0.1173224 0.1750712 0.1270436 0.1320183 0.1161784 0.1335523 0.1100695 0.1485660 0.1499599 0.1106405 0.1575171 0.1173162 0.1396285 0.1542607 0.1539122 0.1252749 0.1106614 0.1294435 0.1100225 0.1638588 0.1709300 0.0980351 0.1257157 0.1426202 0.0981207 0.1083620 0.0298031 0.0863226 0.0950036 0.1083620 0.1347046 0.1213161 0.1283471 0.0953486 0.0957493 0.1561041 0.0968560 0.1142259 0.0217930 0.1638239 0.1425152 0.0961754 0.0219792 0.0296924 0.0716752 0.1061823 0.1302387 0.0907378 0.1152165 0.1258617 0.1072630 0.0537342 0.1596874 0.1518823 0.1916549 0.0298034 0.1861548 0.0702056 0.0970829 
S0289         0.5956238 0.5349626 0.5963505 0.0901194 0.1142361 0.1373057 0.2687370 0.1411829 0.0442232 0.1262805 0.0000000 0.0622502 0.1342888 0.1422986 0.0525140 0.1462082 0.0687017 0.0868594 0.0965913 0.1492184 0.1223618 0.1324181 0.1646566 0.0531045 0.0824706 0.1044084 0.1389724 0.0786570 0.1208073 0.2284957 0.1346021 0.1245134 0.0773181 0.0952658 0.0982485 0.1243275 0.1646331 0.1350604 0.1567286 0.1245504 0.1345656 0.1531390 0.1426212 0.1129811 0.1520245 0.1472546 0.0536538 0.1743542 0.1042526 0.1864106 0.0526396 0.0778250 0.0707903 0.1351765 0.0707721 0.0995595 0.0708859 0.0793319 0.1946113 0.1783349 0.1527715 0.0625824 0.1505235 0.0793620 0.0623323 0.1525201 0.1495324 0.0701018 0.0703856 0.1540380 0.1232446 0.0625395 0.1440282 0.1398818 0.0440821 0.0451249 0.0770808 0.0641670 0.1655310 0.0438094 0.0286976 0.1629837 0.1135638 0.1314363 0.1200169 0.1975192 0.1292279 0.0526834 0.1328982 0.1354729 0.1252897 0.0694479 0.1363942 0.0378906 0.0695380 0.0878282 0.0693779 0.1148734 0.1520245 0.1640992 0.1316709 0.1452204 0.1634677 0.1423318 0.0616305 
S0292         0.5515399 0.4295877 0.4353919 0.0734676 0.1169653 0.1183761 0.2607198 0.1269048 0.0539331 0.1070224 0.0622502 0.0000000 0.1062131 0.1357136 0.0623131 0.1394760 0.0714508 0.0808744 0.0795823 0.1548591 0.1045306 0.1142166 0.1474226 0.0630158 0.0853256 0.0968241 0.1320622 0.0996139 0.1155649 0.2151721 0.1294890 0.1055727 0.0890628 0.0894373 0.0810102 0.0968462 0.1563305 0.1388518 0.1577422 0.1177762 0.1278410 0.1263099 0.1427806 0.0954503 0.1535543 0.1487685 0.0542494 0.1675646 0.0882645 0.1733217 0.0716068 0.0619978 0.0732981 0.1379058 0.0913179 0.0638955 0.0815064 0.0808643 0.2024916 0.1566022 0.1537778 0.0627979 0.1329155 0.0808944 0.0635190 0.1535237 0.1504858 0.0537472 0.0377099 0.1419114 0.1256724 0.0301432 0.1252331 0.1426324 0.0448787 0.0550679 0.0709923 0.0481379 0.1482485 0.0533972 0.0374467 0.1697185 0.1062932 0.1243803 0.0950508 0.1841108 0.0911601 0.0217875 0.1146146 0.1246575 0.0991808 0.0371970 0.1605276 0.0386696 0.0372469 0.0373120 0.0717852 0.1065775 0.1535543 0.1419492 0.1123594 0.1252331 0.1532139 0.1159640 0.0460485 
S0293         0.4981858 0.4417277 0.5816421 0.1179851 0.0998875 0.0378063 0.2279374 0.0784034 0.1229285 0.0146161 0.1342888 0.1062131 0.0000000 0.1159811 0.1047858 0.1376909 0.1340489 0.1253017 0.0973568 0.0943648 0.0215102 0.0290748 0.0874760 0.1249773 0.1022758 0.0871547 0.1412034 0.1458361 0.1146309 0.2107829 0.0630643 0.0215347 0.1439754 0.1539033 0.0713281 0.0000010 0.1628428 0.1395860 0.1865554 0.0961142 0.1366471 0.0700050 0.1480868 0.0141965 0.1681760 0.1529585 0.1164588 0.1839006 0.1137199 0.1404117 0.1241049 0.1415258 0.0974039 0.1569057 0.1584048 0.1187272 0.1658757 0.1252973 0.1253826 0.1629940 0.1626039 0.1332423 0.0979249 0.1376683 0.1180768 0.1726312 0.1796121 0.1058123 0.1336857 0.1511287 0.1059136 0.1162985 0.0370661 0.0938226 0.1025525 0.1162985 0.1427584 0.1295719 0.1164958 0.1029293 0.1033636 0.1405488 0.1052396 0.1225910 0.0289011 0.1725406 0.1509786 0.1038185 0.0291493 0.0369270 0.0793021 0.1139661 0.1385408 0.0900018 0.1230559 0.1249647 0.0950150 0.0532606 0.1681760 0.1508462 0.2013840 0.0295217 0.1951679 0.0776860 0.1047822 
S0294         0.5233308 0.4392145 0.5188997 0.0851254 0.1512420 0.1185708 0.2587439 0.0873768 0.1227304 0.1080604 0.1422986 0.1357136 0.1159811 0.0000000 0.1140953 0.1037921 0.1051585 0.1343852 0.0933834 0.1148719 0.1046974 0.0875448 0.1082340 0.1449908 0.1160934 0.0715101 0.1178062 0.0937269 0.0789514 0.1932322 0.1105842 0.0888354 0.1737826 0.1458719 0.0818227 0.1063632 0.1585680 0.1206969 0.2078117 0.0602270 0.1119849 0.0899202 0.1959536 0.0956036 0.2059414 0.1906098 0.0855301 0.1679274 0.1453620 0.1071161 0.1153927 0.1227304 0.1581103 0.1305227 0.1038853 0.0869484 0.1112337 0.0761918 0.1255544 0.1776993 0.2059252 0.1536662 0.0974095 0.0951647 0.0778335 0.1945070 0.2010961 0.0677694 0.0926723 0.1168078 0.0757505 0.1115677 0.1061742 0.0956479 0.1027862 0.1144914 0.1247280 0.1114854 0.1122112 0.0947278 0.1126446 0.1370422 0.0723515 0.0883241 0.0781336 0.1362846 0.1445109 0.1227907 0.0961578 0.1065096 0.0773572 0.1335237 0.0867638 0.0711556 0.1037705 0.1457373 0.1442897 0.0715083 0.1825774 0.1764139 0.1785704 0.1164354 0.1869734 0.1136113 0.1246117 
S0299         0.5991337 0.4908126 0.5505351 0.0638133 0.0713128 0.1167554 0.2710829 0.1040849 0.0213094 0.1055796 0.0525140 0.0623131 0.1047858 0.1140953 0.0000000 0.1057524 0.0527373 0.0679774 0.0775127 0.1321030 0.1031463 0.1026958 0.1248057 0.0451507 0.0523487 0.0963446 0.1176319 0.0617493 0.1136450 0.1915855 0.1376443 0.1041670 0.0695688 0.0522275 0.0897131 0.0955469 0.1401842 0.1132154 0.1426566 0.0789875 0.1140745 0.1342478 0.1179421 0.0941861 0.1278322 0.1124826 0.0542815 0.1506919 0.0608590 0.1405896 0.0371251 0.0604269 0.0461014 0.1145727 0.0710212 0.0629160 0.0618797 0.0451890 0.1625709 0.1118910 0.1383874 0.0621633 0.1104232 0.0809915 0.0635712 0.1381463 0.1355321 0.0537786 0.0623252 0.1313919 0.0959987 0.0630854 0.1137709 0.1121264 0.0444382 0.0375701 0.0362937 0.0303921 0.1139558 0.0214199 0.0214954 0.1525213 0.0836066 0.0910893 0.1026135 0.1725592 0.1305084 0.0531227 0.1036438 0.1229908 0.1157544 0.0700483 0.1273330 0.0146196 0.0701399 0.0879315 0.0372281 0.0871503 0.1278322 0.0995997 0.1089137 0.1235516 0.1295734 0.1238224 0.0621593 
S0303         0.4900241 0.5268414 0.5908818 0.1246417 0.1090996 0.1408661 0.2608943 0.1117046 0.1143508 0.1294655 0.1462082 0.1394760 0.1376909 0.1037921 0.1057524 0.0000000 0.1159649 0.1342893 0.0854162 0.1183360 0.1253528 0.1064661 0.1299028 0.1490426 0.0721268 0.1098249 0.0221369 0.0943610 0.1374076 0.0815030 0.1108071 0.1073237 0.1584505 0.1359353 0.0929173 0.1274193 0.1170307 0.0147136 0.2113862 0.0685955 0.0285638 0.1293760 0.1502809 0.1156993 0.1596030 0.1442611 0.0876292 0.1257840 0.1286263 0.0796523 0.1184653 0.1241486 0.1422905 0.0436543 0.0956749 0.0788686 0.0858950 0.0515182 0.1711120 0.1002547 0.2042431 0.1580012 0.0456687 0.0975702 0.0704969 0.2202304 0.2046003 0.0693548 0.1038871 0.0886918 0.0772774 0.1144330 0.1371003 0.1068993 0.1234590 0.1390666 0.1348995 0.1109614 0.0213131 0.0971008 0.1155580 0.0818050 0.0000025 0.0000021 0.0972196 0.1069550 0.1263512 0.1260456 0.1259802 0.1276525 0.0873054 0.1467088 0.1044152 0.0723471 0.1179742 0.1400616 0.1384787 0.0999653 0.1596030 0.1015756 0.1915526 0.1489883 0.1310177 0.1184387 0.1083183 
S0320         0.5830718 0.4395206 0.5209291 0.0904736 0.1280211 0.1267153 0.2946484 0.1138612 0.0365678 0.1260119 0.0687017 0.0714508 0.1340489 0.1051585 0.0527373 0.1159649 0.0000000 0.0859966 0.1060982 0.1530037 0.1220885 0.1225243 0.1456258 0.0616988 0.0526479 0.1068739 0.0989540 0.1073397 0.1237079 0.2071486 0.1362806 0.1242431 0.0776681 0.0957219 0.0897078 0.1240560 0.1318775 0.1139418 0.1656042 0.0871914 0.1054019 0.1551010 0.1098293 0.1126859 0.1186799 0.1131996 0.0808718 0.1411227 0.0962647 0.1604524 0.0520932 0.0868033 0.0800408 0.1240297 0.0990987 0.1003208 0.0980709 0.0699843 0.2113419 0.1545701 0.1619238 0.0791355 0.1095852 0.1090949 0.0807970 0.1373862 0.1347990 0.0794509 0.0706429 0.1300221 0.1030312 0.0537026 0.1238641 0.1404713 0.0602715 0.0535126 0.0774298 0.0638398 0.1342358 0.0519321 0.0364332 0.1537487 0.0941274 0.1012021 0.1214178 0.1709140 0.1188496 0.0613853 0.1133577 0.1431457 0.1170184 0.0787136 0.1135530 0.0222922 0.0788156 0.0783016 0.0784177 0.1153419 0.1186799 0.1413675 0.1433708 0.1345806 0.1512612 0.1441135 0.0790872 
S0327         0.5345137 0.4759704 0.5202510 0.0898952 0.1114858 0.1281141 0.3057616 0.0954189 0.0593646 0.1173216 0.0868594 0.0808744 0.1253017 0.1343852 0.0679774 0.1342893 0.0859966 0.0000000 0.0865558 0.1531566 0.1136698 0.0942869 0.1457748 0.0797925 0.0712389 0.1069865 0.1270932 0.1058122 0.1144063 0.1915855 0.1300588 0.0962752 0.1057229 0.0601412 0.0720110 0.1154900 0.1620909 0.1333682 0.1617217 0.1067999 0.1231912 0.1268538 0.1384968 0.1044129 0.1476403 0.1428701 0.0912906 0.1716372 0.0953949 0.1834492 0.0538544 0.0601435 0.0901698 0.1237351 0.0976896 0.0891536 0.0966929 0.0872668 0.2060643 0.1637439 0.1800593 0.0983486 0.1513744 0.1205995 0.1013324 0.1591206 0.1762795 0.0896411 0.0622264 0.1517020 0.0965953 0.0812463 0.1132945 0.1221469 0.0779113 0.0628840 0.0597808 0.0548075 0.1529992 0.0528876 0.0527459 0.1853489 0.1022803 0.1196701 0.0954588 0.1943376 0.1323326 0.0703303 0.1126171 0.1156708 0.0883763 0.0796297 0.1282636 0.0380097 0.0711042 0.0898489 0.0881330 0.0881838 0.1476403 0.1503262 0.1190446 0.1360338 0.1717169 0.1164654 0.0462218 
S0335         0.5127048 0.5216045 0.6048226 0.0779577 0.0444700 0.1184479 0.2223320 0.1076857 0.0690449 0.0981208 0.0965913 0.0795823 0.0973568 0.0933834 0.0775127 0.0854162 0.1060982 0.0865558 0.0000000 0.1347178 0.0958335 0.0783310 0.1177418 0.0977046 0.0731671 0.0982694 0.0802688 0.0599046 0.0970756 0.1618660 0.1104785 0.0794864 0.1254389 0.0874916 0.0642963 0.0881739 0.0977979 0.0740728 0.1837995 0.0771235 0.0678970 0.1170501 0.1292209 0.0869137 0.1394193 0.1344141 0.0687482 0.1071348 0.1161292 0.1171807 0.0891584 0.0607864 0.1095776 0.0681660 0.0523813 0.0447765 0.0677799 0.0438604 0.1861269 0.1333355 0.1602975 0.1066736 0.0801391 0.0784749 0.0616181 0.1701010 0.1769657 0.0521714 0.0440784 0.0896548 0.0763968 0.0603501 0.1063186 0.1143188 0.0772935 0.0895076 0.0695511 0.0557129 0.0847445 0.0699143 0.0697141 0.1083273 0.0550350 0.0709655 0.0697531 0.1266597 0.0712215 0.0697808 0.0962995 0.0974600 0.0603341 0.0874276 0.1051360 0.0457677 0.0705412 0.0883835 0.1072621 0.0798404 0.1394193 0.1313420 0.0995048 0.1160291 0.1422758 0.1069108 0.0543014 
S0376         0.5944665 0.5543879 0.6510439 0.1671826 0.1271491 0.1158786 0.3174138 0.0769788 0.1511085 0.1050489 0.1492184 0.1548591 0.0943648 0.1148719 0.1321030 0.1183360 0.1530037 0.1531566 0.1347178 0.0000000 0.1109987 0.0940097 0.0872172 0.1643564 0.1234666 0.0437505 0.1310274 0.1238977 0.0946978 0.2012168 0.0788827 0.0937236 0.1847156 0.1856822 0.0713043 0.0856438 0.1625797 0.1270958 0.2799746 0.0870540 0.1174530 0.1143969 0.1693675 0.1019600 0.1902888 0.1750915 0.1055953 0.1611719 0.1251477 0.1295490 0.1438310 0.1387477 0.1270739 0.1370369 0.1354173 0.1387168 0.1458624 0.1250706 0.1148278 0.1513791 0.2680517 0.1843073 0.0725353 0.1259380 0.1070262 0.2553876 0.2738902 0.1152461 0.1437388 0.1399674 0.0965970 0.1662468 0.1125528 0.0849867 0.1480328 0.1399037 0.1735747 0.1611914 0.0890090 0.1212923 0.1402277 0.1014996 0.0954592 0.1031408 0.0846109 0.1406362 0.2061966 0.1511677 0.1025463 0.1034638 0.0779930 0.1627972 0.1371575 0.0992126 0.1530164 0.1555271 0.1141606 0.0695364 0.1785732 0.1396613 0.2010760 0.1229274 0.1603164 0.1224887 0.1429396 
S0400         0.4641754 0.3899812 0.5418274 0.1064863 0.1118607 0.0294781 0.2543754 0.0686831 0.1115477 0.0144202 0.1223618 0.1045306 0.0215102 0.1046974 0.1031463 0.1253528 0.1220885 0.1136698 0.0958335 0.1109987 0.0000000 0.0069463 0.0949946 0.1229454 0.0800661 0.0858256 0.1284193 0.1332984 0.1034888 0.2268761 0.0537124 0.0212497 0.1316640 0.1411262 0.0617282 0.0141899 0.1599332 0.1262281 0.1723282 0.0857401 0.1244301 0.0606090 0.1455457 0.0069302 0.1545868 0.1396071 0.1145753 0.1693407 0.1328850 0.1277502 0.1125826 0.1294502 0.1162033 0.1438565 0.1451548 0.1071332 0.1525509 0.1136631 0.1454451 0.1491743 0.1488583 0.1214043 0.1168059 0.1253316 0.1065480 0.1584770 0.1654074 0.0950162 0.1218308 0.1379880 0.0950937 0.1049836 0.0289112 0.0837372 0.0921563 0.1049836 0.1305308 0.1174241 0.1342165 0.0924801 0.0928570 0.1618933 0.0936454 0.1104934 0.0211516 0.1584748 0.1379085 0.0932603 0.0213274 0.0288065 0.0694734 0.1029288 0.1260679 0.0885847 0.1116853 0.1229279 0.1132892 0.0524971 0.1545868 0.1481944 0.1729241 0.0291173 0.1800050 0.0680874 0.0941203 
S0405         0.4878815 0.4117990 0.5694423 0.1068712 0.0976245 0.0373626 0.2692811 0.0527650 0.1110488 0.0219237 0.1324181 0.1142166 0.0290748 0.0875448 0.1026958 0.1064661 0.1225243 0.0942869 0.0783310 0.0940097 0.0069463 0.0000000 0.0782038 0.1330614 0.0609142 0.0693698 0.1089710 0.1143131 0.0865125 0.1957446 0.0459607 0.0141409 0.1419423 0.1219943 0.0457566 0.0215740 0.1392052 0.1058806 0.1713916 0.0693400 0.1056988 0.0529622 0.1258098 0.0140441 0.1346061 0.1196097 0.1063081 0.1483535 0.1236124 0.1084542 0.1044305 0.1110488 0.1263842 0.1243846 0.1254390 0.0888899 0.1328927 0.0955284 0.1446926 0.1287653 0.1480661 0.1313963 0.0989186 0.1168838 0.0982646 0.1476412 0.1645058 0.0870162 0.1043859 0.1182502 0.0783201 0.1147084 0.0290125 0.0677192 0.1012308 0.1147084 0.1119389 0.0986231 0.1150850 0.0846817 0.1020192 0.1408411 0.0750603 0.0915930 0.0140757 0.1379220 0.1292326 0.1024628 0.0214014 0.0215647 0.0612798 0.1124404 0.1079015 0.0798939 0.1036164 0.1146324 0.1231693 0.0370512 0.1346061 0.1279633 0.1502400 0.0369048 0.1584646 0.0604373 0.0861979 
S0412sl       0.5823314 0.5116692 0.6769527 0.1447949 0.1297039 0.1070372 0.3116602 0.0887656 0.1438264 0.0887752 0.1646566 0.1474226 0.0874760 0.1082340 0.1248057 0.1299028 0.1456258 0.1457748 0.1177418 0.0872172 0.0949946 0.0782038 0.0000000 0.1569710 0.1030319 0.0709477 0.1315437 0.1381284 0.1168776 0.2029073 0.0991920 0.0779737 0.1668050 0.1681370 0.0638698 0.0785714 0.1651080 0.1264484 0.2724539 0.0797421 0.1289117 0.0981663 0.1719607 0.0861375 0.1932136 0.1778568 0.1187706 0.1864980 0.1275923 0.1526420 0.1364233 0.1544302 0.1203908 0.1491576 0.1505703 0.1311280 0.1581836 0.1176572 0.1599232 0.1445414 0.2445818 0.1769255 0.0918535 0.1405217 0.1204559 0.2475824 0.2662225 0.1078575 0.1363656 0.1431754 0.0892287 0.1587760 0.0963015 0.0948636 0.1408904 0.1478413 0.1563599 0.1434539 0.1188095 0.1140699 0.1330010 0.1457696 0.1068049 0.1048662 0.0691035 0.1858961 0.1873350 0.1438880 0.0866252 0.0965966 0.0899604 0.1359960 0.1402468 0.0916566 0.1456547 0.1480521 0.1172620 0.0622649 0.1932136 0.1327922 0.1803958 0.1063496 0.1762625 0.0968290 0.1246464 
S0417         0.6143103 0.4264302 0.5178373 0.0919344 0.0993095 0.1379988 0.2624817 0.1341844 0.0372408 0.1258723 0.0531045 0.0630158 0.1249773 0.1449908 0.0451507 0.1490426 0.0616988 0.0797925 0.0977046 0.1643564 0.1229454 0.1330614 0.1569710 0.0000000 0.0623179 0.1262262 0.1417288 0.0996226 0.1445216 0.2331438 0.1601823 0.1241158 0.0538918 0.0882091 0.1001999 0.1152040 0.1549251 0.1380127 0.1446585 0.1269591 0.1371590 0.1560405 0.1313762 0.1135122 0.1417835 0.1367554 0.0721930 0.1659895 0.0709567 0.1779340 0.0537564 0.0624878 0.0386731 0.1377909 0.0913451 0.1015591 0.0904082 0.0809100 0.2127024 0.1702092 0.1403848 0.0460966 0.1426339 0.1005653 0.0822230 0.1505154 0.1475963 0.0714915 0.0717860 0.1457877 0.1256048 0.0638031 0.1447487 0.1425020 0.0449457 0.0380166 0.0700836 0.0654026 0.1578265 0.0368932 0.0217542 0.1680917 0.1159122 0.1340892 0.1222676 0.1889632 0.1317929 0.0537258 0.1335464 0.1440623 0.1277244 0.0708157 0.1603091 0.0304211 0.0709089 0.0888604 0.0538987 0.1161619 0.1417835 0.1547542 0.1095260 0.1447491 0.1664774 0.1450357 0.0628580 
S0419         0.5136752 0.4621965 0.4736911 0.0860604 0.1314530 0.0900654 0.2000012 0.1025696 0.0519065 0.0933577 0.0824706 0.0853256 0.1022758 0.1160934 0.0523487 0.0721268 0.0526479 0.0712389 0.0731671 0.1234666 0.0800661 0.0609142 0.1030319 0.0623179 0.0000000 0.0830535 0.0714660 0.0838186 0.1263800 0.1483318 0.0912083 0.0807667 0.1149552 0.0821550 0.0625365 0.0916752 0.0168204 0.0652316 0.1133648 0.0620853 0.0713353 0.1011064 0.0000021 0.0800661 0.0000028 0.0000028 0.0656573 0.0253144 0.0839940 0.0813999 0.0631826 0.0716290 0.0954717 0.0911480 0.0848919 0.0636832 0.0832632 0.0435225 0.1363747 0.1054408 0.1150342 0.0728645 0.0743340 0.0979874 0.0655988 0.1065992 0.1256528 0.0643315 0.0742918 0.0717252 0.1148905 0.0857834 0.0798958 0.1104827 0.0524709 0.0740998 0.0716253 0.0545613 0.0914699 0.0433229 0.0524709 0.0937517 0.0557433 0.0546048 0.0705381 0.0916745 0.0738257 0.0531816 0.0798958 0.0917869 0.0933337 0.0836543 0.1170910 0.0264886 0.0538415 0.0959641 0.0840769 0.0818310 0.0080741 0.0928898 0.0965662 0.0916822 0.0922888 0.1029505 0.0619310 
S0427         0.6443825 0.5002884 0.6277387 0.1193373 0.1457529 0.0983419 0.2964290 0.0529999 0.1056658 0.0878543 0.1044084 0.0968241 0.0871547 0.0715101 0.0963446 0.1098249 0.1068739 0.1069865 0.0982694 0.0437505 0.0858256 0.0693698 0.0709477 0.1262262 0.0830535 0.0000000 0.1222059 0.0800097 0.0534771 0.1709275 0.0714552 0.0771876 0.1558174 0.1367944 0.0467606 0.0782827 0.1427412 0.1179299 0.2467101 0.0459748 0.1090063 0.0884305 0.1496790 0.0771876 0.1603928 0.1449010 0.0711225 0.1534973 0.1175403 0.1208592 0.0981812 0.0949158 0.1294098 0.1284126 0.0900857 0.0923112 0.1181650 0.0807099 0.1257923 0.1331306 0.2340471 0.1358798 0.0735381 0.0812573 0.0637694 0.2218583 0.2402183 0.0717302 0.0790965 0.1118226 0.0712637 0.1185508 0.0869779 0.0772154 0.1036356 0.0956882 0.1259355 0.1125320 0.1088883 0.0783130 0.0958805 0.1124923 0.0867403 0.0944944 0.0605536 0.1518291 0.1542063 0.1057244 0.0776149 0.0872366 0.0537274 0.1161252 0.1008298 0.0642369 0.1069587 0.1267917 0.1166840 0.0534308 0.1493026 0.1311347 0.1810636 0.1052350 0.1526338 0.0963818 0.0977359 
S0430         0.4330490 0.4614835 0.5485541 0.1514214 0.0969700 0.1503359 0.2936325 0.1243412 0.1071341 0.1327414 0.1389724 0.1320622 0.1412034 0.1178062 0.1176319 0.0221369 0.0989540 0.1270932 0.0802688 0.1310274 0.1284193 0.1089710 0.1315437 0.1417288 0.0714660 0.1222059 0.0000000 0.1083915 0.1410775 0.0984395 0.1104454 0.1098745 0.1512292 0.1286568 0.0759670 0.1305948 0.0902291 0.0153005 0.2045833 0.0893448 0.0146052 0.1328215 0.1088515 0.1184722 0.1176096 0.1121560 0.1108444 0.0987572 0.1420064 0.0837199 0.1313365 0.1169386 0.1455201 0.0453764 0.0909741 0.1011786 0.0900421 0.0705306 0.1651604 0.1034469 0.2043444 0.1507665 0.0649251 0.1220287 0.0921375 0.2132634 0.1975923 0.0905463 0.1085100 0.0744860 0.0811009 0.1196442 0.1405807 0.1095709 0.1162909 0.1316848 0.1276753 0.1033867 0.0377162 0.1086351 0.1082734 0.0854377 0.0076527 0.0228527 0.0994624 0.0929708 0.0992182 0.1187466 0.1290785 0.1308481 0.0910605 0.1394611 0.1194028 0.0841853 0.1105520 0.1326119 0.1523607 0.1024826 0.1176096 0.1043246 0.1778014 0.1290314 0.1138241 0.1120259 0.0981166 
S0552sl       0.6314528 0.5790361 0.6424319 0.0787855 0.1074541 0.1491829 0.2645939 0.1278124 0.0697537 0.1376308 0.0786570 0.0996139 0.1458361 0.0937269 0.0617493 0.0943610 0.1073397 0.1058122 0.0599046 0.1238977 0.1332984 0.1143131 0.1381284 0.0996226 0.0838186 0.0800097 0.1083915 0.0000000 0.0776259 0.1635586 0.0983972 0.1169110 0.1269827 0.1070295 0.0820438 0.1354876 0.1373536 0.0906698 0.1971808 0.0773922 0.0853497 0.1161232 0.1520331 0.1235885 0.1614927 0.1459646 0.0367887 0.1464156 0.1079180 0.1085475 0.0720491 0.0784766 0.1110315 0.0940976 0.0359925 0.0612051 0.0437512 0.0439906 0.1640276 0.1022676 0.1839499 0.1079308 0.0986778 0.0609125 0.0448649 0.1834876 0.1903636 0.0523347 0.0606427 0.0998456 0.0685500 0.0779414 0.1452136 0.0950596 0.0781055 0.0905204 0.0878630 0.0740711 0.1026163 0.0537229 0.0704380 0.1171806 0.0633462 0.0798648 0.1050195 0.1380495 0.1268147 0.0881545 0.1339605 0.1357540 0.0950031 0.1069119 0.0862431 0.0383858 0.0891584 0.1090402 0.0990622 0.0710923 0.1614927 0.1016638 0.1327623 0.1572519 0.1511419 0.1243028 0.0807988 
S0558         0.5880152 0.5188150 0.6481206 0.1168274 0.1417371 0.1171676 0.3244024 0.0793470 0.1222745 0.1067839 0.1208073 0.1155649 0.1146309 0.0789514 0.1136450 0.1374076 0.1237079 0.1144063 0.0970756 0.0946978 0.1034888 0.0865125 0.1168776 0.1445216 0.1263800 0.0534771 0.1410775 0.0776259 0.0000000 0.2147052 0.0704815 0.0877781 0.1733374 0.1442054 0.0632084 0.1051198 0.1887443 0.1357343 0.2404318 0.0800290 0.1269911 0.0871902 0.1955208 0.0944923 0.2055327 0.1901544 0.0879056 0.1988476 0.1448906 0.1421620 0.1149357 0.1035635 0.1576375 0.1565794 0.0873099 0.0904470 0.1143279 0.0971875 0.1442497 0.1523019 0.2279611 0.1532016 0.1213045 0.0978458 0.0800115 0.2161675 0.2340318 0.0879899 0.0963090 0.1328069 0.0879746 0.1160675 0.1049326 0.0934782 0.1198970 0.1140386 0.1232954 0.1008443 0.1465671 0.0943111 0.1122012 0.1653609 0.1038755 0.1223343 0.0772124 0.1747683 0.1308552 0.1036204 0.0950346 0.1052604 0.0804192 0.1137450 0.1071635 0.0812758 0.1048018 0.1251217 0.1438211 0.0613747 0.1821246 0.1512759 0.1763590 0.1249923 0.1612883 0.0950170 0.0875916 
S0620         0.8616502 0.7896321 0.7492412 0.2495504 0.2801993 0.2591036 0.3678965 0.2022539 0.1915855 0.2345023 0.2284957 0.2151721 0.2107829 0.1932322 0.1915855 0.0815030 0.2071486 0.1915855 0.1618660 0.2012168 0.2268761 0.1957446 0.2029073 0.2331438 0.1483318 0.1709275 0.0984395 0.1635586 0.2147052 0.0000000 0.2014626 0.1959717 0.2666224 0.2116129 0.1612500 0.2107829 0.2140709 0.0976944 0.3678674 0.1481950 0.0938549 0.2181972 0.2463214 0.2107829 0.2637592 0.2379805 0.1837414 0.2305111 0.1978489 0.1997710 0.2026333 0.1783625 0.2324807 0.1298203 0.1661875 0.1704383 0.1610961 0.1312399 0.2389829 0.1522785 0.3406293 0.2459474 0.1346699 0.2049100 0.1536585 0.3666013 0.3608511 0.1533252 0.1782394 0.1848936 0.1521315 0.2148835 0.2487989 0.1801823 0.2057177 0.2165720 0.2259208 0.1718302 0.0938549 0.1805182 0.1946362 0.1691139 0.0740702 0.0850292 0.1808067 0.2314659 0.2492110 0.1962657 0.2285065 0.2148741 0.1695344 0.2271706 0.1922952 0.1573539 0.1820149 0.2317004 0.2249615 0.1691362 0.2637592 0.1533960 0.3451475 0.2676712 0.1806472 0.1970303 0.1849582 
S0641         0.5160956 0.4671336 0.5267892 0.1319948 0.1606701 0.0711270 0.2789432 0.0811943 0.1468956 0.0554317 0.1346021 0.1294890 0.0630643 0.1105842 0.1376443 0.1108071 0.1362806 0.1300588 0.1104785 0.0788827 0.0537124 0.0459607 0.0991920 0.1601823 0.0912083 0.0714552 0.1104454 0.0983972 0.0704815 0.2014626 0.0000000 0.0458898 0.1697926 0.1599237 0.0558635 0.0545293 0.1296431 0.0964253 0.2292147 0.0714179 0.1008311 0.0462360 0.1365209 0.0455499 0.1455376 0.1304014 0.1001266 0.1184903 0.1510621 0.1035521 0.1287854 0.1368278 0.1427448 0.1295421 0.1091708 0.1132929 0.1384186 0.0992981 0.1410202 0.1019538 0.2091790 0.1693521 0.1021030 0.1107867 0.0820403 0.2038152 0.2224027 0.1002393 0.1287612 0.1136438 0.0913449 0.1300610 0.0715907 0.0697019 0.1150339 0.1401759 0.1482325 0.1235282 0.1198063 0.1066258 0.1255493 0.1238330 0.0780483 0.0953758 0.0297745 0.1339596 0.1090452 0.1165179 0.0624622 0.0461634 0.0731642 0.1273554 0.0815394 0.1031584 0.1179133 0.1300131 0.1285698 0.0381163 0.1455376 0.1013543 0.1778026 0.0721516 0.1207360 0.0620348 0.1054173 
S0643         0.4493385 0.4170299 0.5513134 0.1084237 0.0988145 0.0373100 0.2450342 0.0608522 0.1135111 0.0217413 0.1245134 0.1055727 0.0215347 0.0888354 0.1041670 0.1073237 0.1242431 0.0962752 0.0794864 0.0937236 0.0212497 0.0141409 0.0779737 0.1241158 0.0807667 0.0771876 0.1098745 0.1169110 0.0877781 0.1959717 0.0458898 0.0000000 0.1339592 0.1229907 0.0538552 0.0142068 0.1493064 0.1067987 0.1752644 0.0777170 0.1065432 0.0528783 0.1354401 0.0140280 0.1455457 0.1304618 0.0977098 0.1599332 0.1069065 0.1188556 0.0967210 0.1135111 0.1085328 0.1254192 0.1283316 0.0909392 0.1359032 0.0976862 0.1356309 0.1398972 0.1515498 0.1235319 0.0985998 0.1088932 0.0904230 0.1511133 0.1682986 0.0794291 0.1058774 0.1289531 0.0783047 0.1068762 0.0365896 0.0758966 0.0937768 0.1068762 0.1144417 0.1009178 0.1064303 0.0772842 0.0945015 0.1416022 0.0756513 0.0923294 0.0140595 0.1491953 0.1210151 0.0949169 0.0287857 0.0215380 0.0615682 0.1047563 0.1078817 0.0721227 0.0959827 0.1059426 0.1058055 0.0445341 0.1455457 0.1378286 0.1657192 0.0365897 0.1704106 0.0603377 0.0775300 
S0645sl       0.5233379 0.4102799 0.4881011 0.1192720 0.1124290 0.1268606 0.2728629 0.1431643 0.0445877 0.1358887 0.0773181 0.0890628 0.1439754 0.1737826 0.0695688 0.1584505 0.0776681 0.1057229 0.1254389 0.1847156 0.1316640 0.1419423 0.1668050 0.0538918 0.1149552 0.1558174 0.1512292 0.1269827 0.1733374 0.2666224 0.1697926 0.1339592 0.0000000 0.1145341 0.1089801 0.1337965 0.1999064 0.1590607 0.1892002 0.1553068 0.1463066 0.1653537 0.1737816 0.1221021 0.1835153 0.1796023 0.0989208 0.2100690 0.0881190 0.2003965 0.0696140 0.0876525 0.0550135 0.1277185 0.1186128 0.1294235 0.1173148 0.1072416 0.2352646 0.1924009 0.1862303 0.0881767 0.1736665 0.1282084 0.1089902 0.1740049 0.1705370 0.0971440 0.0975597 0.1670540 0.1244468 0.0803057 0.1539033 0.1514871 0.0686920 0.0619868 0.0952840 0.0917536 0.1782734 0.0601444 0.0443321 0.2026168 0.1253432 0.1436211 0.1309246 0.2118191 0.1611793 0.0782464 0.1424681 0.1531662 0.1367894 0.0962709 0.1791112 0.0463969 0.0963924 0.0977317 0.0788160 0.1259850 0.1835153 0.1775370 0.1669275 0.1551875 0.1881787 0.1338854 0.0880992 
S0673         0.5910783 0.4618594 0.5199349 0.0992718 0.1134626 0.1574296 0.3213682 0.1237436 0.0599462 0.1456873 0.0952658 0.0894373 0.1539033 0.1458719 0.0522275 0.1359353 0.0957219 0.0601412 0.0874916 0.1856822 0.1411262 0.1219943 0.1681370 0.0882091 0.0821550 0.1367944 0.1286568 0.1070295 0.1442054 0.2116129 0.1599237 0.1229907 0.1145341 0.0000000 0.0995722 0.1434426 0.1642791 0.1351040 0.1855937 0.1165359 0.1246485 0.1362621 0.1402583 0.1313336 0.1495434 0.1447577 0.1001687 0.1739805 0.1149557 0.1860091 0.0791407 0.0691960 0.1084142 0.1252068 0.0988033 0.0901504 0.0977809 0.0882208 0.2089416 0.1550654 0.1825433 0.1072020 0.1639793 0.1301367 0.1104625 0.1716848 0.1786567 0.0983346 0.0713984 0.1537079 0.1252308 0.0898447 0.1532461 0.1520766 0.0861234 0.0794752 0.0140220 0.0149441 0.1549333 0.0606796 0.0605129 0.1879761 0.1035049 0.1211392 0.1218952 0.1970930 0.1421926 0.0785149 0.1418244 0.1437447 0.1165036 0.0967120 0.1600505 0.0464367 0.0793895 0.0985900 0.1061339 0.1164517 0.1495434 0.1417873 0.0784450 0.1654778 0.1517308 0.1447204 0.0541210 
S0689         0.4779930 0.4252436 0.5185604 0.1018303 0.0867895 0.0728687 0.2768823 0.0466862 0.0800421 0.0636952 0.0982485 0.0810102 0.0713281 0.0818227 0.0897131 0.0929173 0.0897078 0.0720110 0.0642963 0.0713043 0.0617282 0.0457566 0.0638698 0.1001999 0.0625365 0.0467606 0.0759670 0.0820438 0.0632084 0.1612500 0.0558635 0.0538552 0.1089801 0.0995722 0.0000000 0.0626698 0.1248173 0.0885570 0.1780081 0.0467788 0.0650222 0.0366022 0.1319208 0.0534546 0.1411389 0.1361271 0.0822080 0.1341253 0.0999513 0.0713405 0.0907001 0.0801068 0.1026069 0.0829212 0.0738388 0.0540837 0.0907505 0.0732617 0.1417027 0.0936168 0.1642796 0.1085415 0.0751203 0.0922997 0.0740873 0.1533909 0.1709288 0.0636172 0.0637883 0.0463077 0.0390134 0.0813832 0.0625233 0.0452423 0.0785629 0.0822495 0.0897148 0.0756881 0.1017488 0.0710697 0.0708623 0.0826751 0.0594358 0.0773477 0.0374633 0.0799836 0.1130262 0.0704606 0.0537401 0.0626980 0.0308712 0.0797629 0.0831262 0.0564158 0.0712361 0.0812670 0.1096379 0.0223775 0.1411389 0.0930749 0.1217179 0.0805766 0.1022248 0.0623983 0.0634594 
S0690         0.4754127 0.4195627 0.5557251 0.1082047 0.0860678 0.0299081 0.2279374 0.0697227 0.1133058 0.0072321 0.1243275 0.0968462 0.0000010 0.1063632 0.0955469 0.1274193 0.1240560 0.1154900 0.0881739 0.0856438 0.0141899 0.0215740 0.0785714 0.1152040 0.0916752 0.0782827 0.1305948 0.1354876 0.1051198 0.2107829 0.0545293 0.0142068 0.1337965 0.1434426 0.0626698 0.0000000 0.1517224 0.1284739 0.1752524 0.0870607 0.1264664 0.0615170 0.1375540 0.0070251 0.1571989 0.1420093 0.1068092 0.1723012 0.1137199 0.1298978 0.1143740 0.1315181 0.0974039 0.1462523 0.1475999 0.1088732 0.1550913 0.1154834 0.1253826 0.1517690 0.1514362 0.1233447 0.0979249 0.1273977 0.1082713 0.1612385 0.1682539 0.0965010 0.1237789 0.1403346 0.0965825 0.1066574 0.0293251 0.0849981 0.0935542 0.1066574 0.1326361 0.1193688 0.1070679 0.0938887 0.0942775 0.1405488 0.0952202 0.1123492 0.0214466 0.1612200 0.1402424 0.0946924 0.0216273 0.0292173 0.0705345 0.1045387 0.1281646 0.0808186 0.1134437 0.1151687 0.0950150 0.0451383 0.1571989 0.1400291 0.1884052 0.0218986 0.1832016 0.0691071 0.0955766 
S0720         0.6829278 0.5791384 0.7861502 0.1627176 0.0825794 0.1297860 0.3176248 0.1759491 0.1299146 0.1639170 0.1646331 0.1563305 0.1628428 0.1585680 0.1401842 0.1170307 0.1318775 0.1620909 0.0977979 0.1625797 0.1599332 0.1392052 0.1651080 0.1549251 0.0168204 0.1427412 0.0902291 0.1373536 0.1887443 0.2140709 0.1296431 0.1493064 0.1999064 0.1642791 0.1248173 0.1517224 0.0000000 0.0959314 0.2837322 0.0969243 0.1063512 0.1866615 0.0217964 0.1493064 0.0293529 0.0225210 0.1201311 0.0069702 0.1782700 0.1256054 0.1569003 0.1405285 0.1829602 0.1251638 0.1098488 0.1111952 0.1274027 0.0794342 0.2110225 0.1592803 0.2353134 0.1657050 0.1103676 0.1327385 0.1019867 0.2516803 0.2582399 0.1002027 0.1185409 0.0978979 0.1471359 0.1300906 0.1733546 0.1803991 0.1396750 0.1571976 0.1522577 0.1270370 0.1254614 0.1318549 0.1313771 0.1090223 0.0950255 0.1021516 0.1290840 0.1164689 0.0617954 0.1219203 0.1607666 0.1631417 0.1171075 0.1652088 0.1598797 0.0940793 0.1234481 0.1674890 0.1785885 0.1517851 0.0293529 0.1444081 0.1217134 0.1852161 0.1341016 0.1535514 0.1005494 
