110
CRNC          0.0000000 0.2576200 0.4351877 0.3648337 0.4548847 0.3835329 0.3660898 0.4393598 0.3890110 0.3887815 0.4475970 0.3847173 0.3976970 0.3454393 0.5149253 0.4024704 0.4240861 0.4971802 0.4200627 0.4208779 0.3993147 0.3955039 0.4081027 0.3860058 0.4974302 0.4036367 0.4367251 0.4023007 0.3856077 0.4046458 0.4109016 0.4228184 0.4354784 0.4182039 0.4501909 0.3855511 0.3911728 0.4809722 0.3987870 0.5179026 0.3913249 0.3729117 0.4008735 0.4015527 0.4327900 0.3898600 0.4698322 0.3854717 0.3887548 0.3745283 0.4096952 0.3601539 0.4061953 0.4301131 0.4046154 0.4518589 0.5034198 0.4524972 0.3444030 0.4419858 0.3910121 0.4125351 0.4067276 0.4641845 0.3525665 0.4299593 0.4747629 0.3643658 0.4298907 0.5605944 0.4053991 0.4314674 0.4277213 0.3797552 0.4327062 0.4208081 0.3969636 0.4314697 0.3494693 0.4455905 0.4258152 0.3729575 0.3929832 0.3864402 0.4462468 0.4926088 0.4872065 0.4283185 0.4274192 0.4781081 0.4145485 0.4097410 0.3887548 0.4277571 0.3823441 0.4212201 0.4029284 0.3996527 0.3688093 0.3767176 0.4140383 0.4030209 0.4373944 0.3684610 0.3759844 0.4077438 0.4908702 0.3717534 0.4389981 0.4124632 
HYZL          0.2576200 0.0000000 0.2324165 0.2953121 0.2666782 0.3474807 0.2908325 0.3703916 0.2746332 0.3269657 0.3700670 0.2505977 0.3208070 0.3349211 0.4120901 0.3206916 0.3356815 0.4226849 0.3004449 0.3508525 0.2822009 0.3159357 0.3443679 0.3328570 0.4054803 0.3068688 0.3392456 0.2968487 0.3190026 0.3237130 0.3244052 0.3356936 0.3261255 0.3358913 0.3776502 0.3381293 0.3289350 0.4002290 0.2795743 0.3966973 0.3207459 0.3284417 0.2911063 0.3148918 0.3051945 0.3061449 0.3480640 0.3104370 0.3269396 0.2787696 0.3331912 0.2673019 0.2912089 0.3102554 0.2794319 0.3298040 0.3773908 0.3306904 0.2538191 0.3086062 0.2778733 0.2938685 0.3163507 0.3502925 0.3294978 0.2943609 0.3712041 0.3083962 0.3117923 0.5105010 0.3159892 0.3217059 0.3003945 0.2848502 0.3037416 0.3391271 0.3083690 0.3128116 0.3684810 0.3063851 0.3118818 0.3125299 0.3288751 0.2813015 0.3621350 0.3683473 0.3631609 0.3264662 0.3041247 0.3905645 0.3402217 0.3161120 0.3269396 0.3248362 0.2786816 0.2569309 0.3334818 0.3352030 0.3213403 0.2722174 0.3386114 0.2650456 0.2696057 0.3348825 0.2768746 0.2915951 0.3879210 0.3221893 0.2967259 0.3509109 
MYZV          0.4351877 0.2324165 0.0000000 0.4738771 0.5014770 0.4875029 0.5056724 0.6069270 0.4622886 0.4687350 0.5623753 0.4200903 0.4656501 0.4810858 0.5878526 0.4725579 0.4681624 0.6317390 0.4390085 0.5700217 0.4734649 0.4778722 0.4904503 0.4626148 0.5908573 0.4468907 0.5675377 0.4947093 0.4552990 0.5245800 0.4739538 0.5351269 0.5207791 0.5295365 0.5678924 0.4472463 0.4716712 0.5843215 0.5123089 0.5834055 0.4807296 0.4594217 0.4466506 0.4512497 0.5237406 0.4642939 0.4736225 0.5038377 0.4687092 0.4744890 0.4759440 0.4577892 0.4908519 0.5137541 0.4430371 0.4821593 0.5787866 0.5688459 0.4446654 0.4692105 0.4893046 0.4859435 0.5339128 0.5537936 0.4730404 0.4703213 0.6001980 0.4399831 0.4667239 0.7093404 0.4881525 0.5002400 0.5184186 0.4801337 0.5247370 0.5172625 0.5004209 0.4685107 0.4710124 0.4741160 0.5159886 0.4512068 0.4628568 0.4899634 0.5597147 0.5643195 0.5586500 0.4734498 0.5055162 0.5707222 0.4773841 0.4523678 0.4687092 0.4481005 0.4669517 0.4302379 0.4540251 0.4811092 0.4801950 0.4390666 0.5021367 0.4318867 0.4306318 0.5030434 0.4614978 0.4756698 0.5733794 0.4518958 0.4741917 0.4564201 
SRR6441723    0.3648337 0.2953121 0.4738771 0.0000000 0.2972501 0.1247379 0.0589364 0.1506722 0.0743340 0.1202387 0.1463997 0.1025583 0.1218317 0.1164259 0.1638283 0.1282694 0.1407078 0.1782987 0.1365532 0.1453706 0.0596184 0.1564978 0.1256990 0.1169705 0.1632182 0.1286751 0.1410748 0.0763000 0.1374582 0.1473821 0.1194394 0.1402848 0.0831105 0.1579450 0.1668487 0.1226369 0.1208118 0.1581949 0.1246323 0.1752719 0.1242603 0.1326559 0.0672068 0.1019796 0.2110725 0.1343048 0.1433728 0.0640460 0.1119688 0.0559706 0.1243229 0.0558788 0.0749713 0.1097078 0.0705009 0.1440755 0.1602569 0.1424950 0.0708191 0.1371655 0.0879227 0.0754336 0.0944175 0.1248798 0.1326966 0.0867297 0.2514343 0.0971457 0.1374295 0.2417382 0.0753927 0.0862526 0.2069169 0.0593421 0.2089322 0.1133055 0.0672372 0.1426599 0.1313668 0.1049089 0.2061570 0.1115995 0.1204886 0.0541287 0.1443296 0.1593214 0.1598668 0.1153824 0.1396120 0.1618932 0.1196545 0.1164734 0.1119688 0.1352344 0.0550515 0.1143746 0.1202578 0.1169375 0.1206689 0.0862110 0.1389708 0.1152832 0.1189204 0.1072347 0.0596642 0.0861783 0.1701222 0.1056124 0.0827131 0.1207478 
PAFTOL_019361 0.4548847 0.2666782 0.5014770 0.2972501 0.0000000 0.2931822 0.2976358 0.3154057 0.2686926 0.2745779 0.2977668 0.2705512 0.2813435 0.2658169 0.3465649 0.3319577 0.3051201 0.3380947 0.2943018 0.2982119 0.2733919 0.2803764 0.2774515 0.2640785 0.3303529 0.3001205 0.2898140 0.2943793 0.2923568 0.2754584 0.2931414 0.2751074 0.2769692 0.3281825 0.3048855 0.2903284 0.2861656 0.3145493 0.2326375 0.3400685 0.2951162 0.3123562 0.2653781 0.2903002 0.2571336 0.3026427 0.3134397 0.2943440 0.2743829 0.2568876 0.2687672 0.2563196 0.2812829 0.2956477 0.2499973 0.3257127 0.3237072 0.2759948 0.2547042 0.2909389 0.2960556 0.2824342 0.3595166 0.3842994 0.3240111 0.2687425 0.2955787 0.2767388 0.2886796 0.5331444 0.2966424 0.3188376 0.2527251 0.2614749 0.2667828 0.2942754 0.2987230 0.2965729 0.3193755 0.3039390 0.2517432 0.2621424 0.2807737 0.3004652 0.2912032 0.3285543 0.3298991 0.2948597 0.2436162 0.3203665 0.2837470 0.2792946 0.2743829 0.3014336 0.2880163 0.2836170 0.2634815 0.2824120 0.2819774 0.2812128 0.2768029 0.2861998 0.2848335 0.3003301 0.2633458 0.2934080 0.3452173 0.2435233 0.2752493 0.2829340 
S0055         0.3835329 0.3474807 0.4875029 0.1247379 0.2931822 0.0000000 0.0730742 0.0916094 0.0857664 0.0450955 0.0791349 0.1124836 0.0521425 0.0337061 0.1175641 0.1105392 0.1046249 0.1009832 0.1250721 0.0932777 0.1135540 0.0723221 0.0489775 0.0419799 0.0910928 0.0417786 0.0834952 0.0997091 0.0606386 0.1011536 0.1132689 0.0872642 0.1162435 0.0761333 0.0955939 0.0559934 0.0452890 0.1011707 0.0900822 0.1336848 0.0383430 0.0436998 0.0857435 0.1015490 0.1854199 0.0559035 0.1280466 0.0814657 0.0383296 0.0779676 0.0484835 0.0778356 0.0874143 0.1285032 0.0857690 0.1156557 0.1199075 0.1116562 0.0709113 0.1192428 0.1106458 0.1069671 0.0946807 0.1185870 0.0636740 0.0892657 0.1653068 0.1010903 0.1137357 0.1778563 0.1182302 0.1217446 0.1813673 0.0740823 0.1830959 0.1293571 0.1010238 0.1130600 0.0420232 0.1113432 0.1807164 0.0451386 0.0449878 0.0927045 0.0834352 0.1112621 0.1116247 0.1018296 0.0939930 0.0915363 0.1099630 0.1110883 0.0383296 0.1073866 0.1129543 0.1204365 0.0589389 0.0419723 0.0153924 0.1050665 0.0457303 0.1253209 0.1087668 0.0384233 0.0785528 0.0903896 0.1206531 0.0392590 0.0932857 0.0416655 
S0196sl       0.3660898 0.2908325 0.5056724 0.0589364 0.2976358 0.0730742 0.0000000 0.0958874 0.0196153 0.0635189 0.0910036 0.0497986 0.0683955 0.0679460 0.1148174 0.0884439 0.0975703 0.1182982 0.1076314 0.0864712 0.0581438 0.1007033 0.0781033 0.0687217 0.0988046 0.0637239 0.0904392 0.0116464 0.0842159 0.0918235 0.0878836 0.0806441 0.0550363 0.1009072 0.1128686 0.0733126 0.0638764 0.1027787 0.0883578 0.1338452 0.0590323 0.0798216 0.0321336 0.0817790 0.1715131 0.0924131 0.1208091 0.0368081 0.0635112 0.0155814 0.0773767 0.0076969 0.0316504 0.0594834 0.0361062 0.0996140 0.1160331 0.1160137 0.0489502 0.0991493 0.0440526 0.0455789 0.0380506 0.0778581 0.1109126 0.0450484 0.1499080 0.0760324 0.0886152 0.1647218 0.0561660 0.0697057 0.1656816 0.0155415 0.1656816 0.0841597 0.0449233 0.0886152 0.0783120 0.0580176 0.1715131 0.0682718 0.0840199 0.0403800 0.0958230 0.1210512 0.1215616 0.0933955 0.1046359 0.1078338 0.0985436 0.0943563 0.0635112 0.1001450 0.0535777 0.0628650 0.0728342 0.0684356 0.0685073 0.0321631 0.0828585 0.0584188 0.0677250 0.0822369 0.0196349 0.0364997 0.1276359 0.0696289 0.0495134 0.0679499 
S0278         0.4393598 0.3703916 0.6069270 0.1506722 0.3154057 0.0916094 0.0958874 0.0000000 0.1224310 0.1036826 0.0153595 0.1573578 0.1041087 0.0888693 0.0456571 0.1244042 0.1417657 0.0387722 0.1375991 0.0221016 0.1489910 0.1329942 0.1088276 0.1004117 0.0293463 0.0998423 0.0247378 0.1292140 0.1152158 0.0588635 0.1252198 0.0450302 0.1410572 0.1286909 0.0283717 0.1003105 0.1041705 0.0252005 0.0796555 0.1351852 0.0957020 0.0954824 0.1175242 0.1227937 0.1895450 0.1142287 0.1545308 0.0878093 0.0956816 0.1128493 0.1040107 0.1126434 0.1368441 0.1610424 0.1040725 0.1451875 0.1129530 0.0840708 0.1173715 0.1401546 0.1400872 0.1458017 0.1418730 0.1772439 0.1230614 0.1164503 0.1968506 0.1089773 0.1384629 0.2042984 0.1478232 0.1605851 0.1854101 0.1084502 0.1872124 0.1571168 0.1292959 0.1375963 0.1091640 0.1417971 0.1847314 0.1038152 0.1036098 0.1229040 0.0216205 0.1124961 0.1128665 0.1300026 0.0965690 0.0250910 0.1302643 0.1273088 0.0956816 0.1362602 0.1418462 0.1707556 0.1200299 0.1003854 0.0917699 0.1491053 0.1086392 0.1721868 0.1622586 0.0870972 0.1173443 0.1135853 0.1220035 0.0810574 0.1208834 0.1076670 
S0281         0.3890110 0.2746332 0.4622886 0.0743340 0.2686926 0.0857664 0.0196153 0.1224310 0.0000000 0.0863566 0.1183900 0.0485027 0.0904548 0.0931955 0.1431643 0.0901284 0.0927335 0.1484659 0.1008923 0.1170045 0.0588812 0.1181516 0.0989409 0.0908474 0.1383283 0.0938592 0.1135248 0.0493660 0.1045439 0.0958071 0.0853341 0.1129002 0.0602707 0.1249241 0.1372454 0.0958985 0.0867500 0.1290667 0.1024251 0.1524134 0.0898551 0.0903296 0.0350275 0.0851006 0.1676296 0.1058110 0.1107250 0.0439590 0.0863484 0.0249669 0.0901265 0.0185452 0.0386664 0.0821155 0.0381749 0.0871050 0.1288724 0.1248784 0.0519786 0.0933185 0.0465351 0.0491205 0.0435352 0.0834930 0.1218645 0.0456104 0.1721673 0.0874851 0.0819977 0.1555617 0.0575853 0.0608656 0.1636977 0.0281270 0.1652151 0.0836442 0.0590328 0.0863000 0.0912077 0.0548262 0.1724429 0.0941773 0.0907555 0.0534031 0.1224085 0.1373394 0.1378009 0.0820328 0.1027851 0.1326466 0.0935886 0.0862699 0.0863484 0.0870394 0.0620775 0.0588054 0.0940789 0.0908250 0.0820794 0.0347185 0.1073292 0.0592462 0.0696819 0.0986405 0.0282700 0.0399511 0.1475212 0.0841167 0.0491617 0.0867139 
S0282         0.3887815 0.3269657 0.4687350 0.1202387 0.2745779 0.0450955 0.0635189 0.1036826 0.0863566 0.0000000 0.0998317 0.1132689 0.0060298 0.0441914 0.1315459 0.1115120 0.1178369 0.1234652 0.1259544 0.1103664 0.1092734 0.0602826 0.0091354 0.0122447 0.1091614 0.0484534 0.0953092 0.0993410 0.0640236 0.1188039 0.1140649 0.0991616 0.1157980 0.0834665 0.1174768 0.0378275 0.0060337 0.1090531 0.1019227 0.1474822 0.0449643 0.0191012 0.0897290 0.1067139 0.1690299 0.0635497 0.1375584 0.0727201 0.0060089 0.0776998 0.0090478 0.0702307 0.0954503 0.1236837 0.0854680 0.1248398 0.1375596 0.1242473 0.0744307 0.1284801 0.1019600 0.0987018 0.0948278 0.1393090 0.0797309 0.0889511 0.1831512 0.1007239 0.1227507 0.1814079 0.1052876 0.1169644 0.1745029 0.0665877 0.1666103 0.1041721 0.1006578 0.1220099 0.0423163 0.1201441 0.1644893 0.0121249 0.0453116 0.0875854 0.0996000 0.1285248 0.1289520 0.1186639 0.1156006 0.1131529 0.1189024 0.1201383 0.0060089 0.1163730 0.1087064 0.1252149 0.0246176 0.0091059 0.0417500 0.1057994 0.0522386 0.1262065 0.1095261 0.0487226 0.0816399 0.0805683 0.1384291 0.0092576 0.0929532 0.0313156 
S0289         0.4475970 0.3700670 0.5623753 0.1463997 0.2977668 0.0791349 0.0910036 0.0153595 0.1183900 0.0998317 0.0000000 0.1530919 0.1002412 0.0768741 0.0284683 0.1193783 0.1328363 0.0219392 0.1335132 0.0092862 0.1447641 0.1202543 0.1049094 0.0965571 0.0191215 0.0881715 0.0153040 0.1250671 0.1029175 0.0456371 0.1212027 0.0417030 0.1368639 0.1160434 0.0122372 0.0964635 0.1003006 0.0155878 0.0685293 0.1178436 0.0841384 0.0860223 0.1087746 0.1186187 0.1824832 0.0927262 0.1456622 0.0791694 0.0918841 0.1089101 0.1001493 0.1087120 0.1322905 0.1566804 0.1002127 0.1409746 0.0964838 0.0803552 0.1133921 0.1359881 0.1305278 0.1415728 0.1273884 0.1621315 0.1106393 0.1125050 0.1804394 0.0970151 0.1343481 0.2046033 0.1435326 0.1562331 0.1783226 0.1045490 0.1800686 0.1620493 0.1252575 0.1335097 0.0971796 0.1463336 0.1776646 0.0999577 0.0997649 0.1177656 0.0090988 0.0960992 0.0964105 0.1259389 0.0806940 0.0091320 0.1261947 0.1232207 0.0918841 0.1321046 0.1377373 0.1664091 0.1160723 0.0965322 0.0802972 0.1448783 0.0967028 0.1678030 0.1579527 0.0910731 0.1133649 0.1086740 0.1051438 0.0773156 0.1169000 0.1037896 
S0292         0.3847173 0.2505977 0.4200903 0.1025583 0.2705512 0.1124836 0.0497986 0.1573578 0.0485027 0.1132689 0.1530919 0.0000000 0.1176671 0.1137395 0.1802147 0.1057233 0.1081184 0.1814076 0.1211328 0.1523952 0.0593226 0.1476082 0.1267552 0.1181804 0.1713689 0.1175026 0.1389162 0.0833509 0.1330306 0.1072306 0.1048329 0.1381481 0.0876070 0.1594962 0.1736222 0.1154784 0.1137951 0.1694683 0.1410310 0.1840756 0.1174086 0.1299683 0.0560999 0.1053427 0.1784351 0.1384696 0.1365526 0.0733116 0.1132584 0.0558834 0.1253942 0.0488217 0.0744972 0.0950742 0.0560337 0.1070283 0.1584197 0.1660926 0.0739861 0.0974045 0.0715693 0.0828574 0.0816165 0.1116870 0.1368780 0.0598383 0.2011666 0.1046354 0.0936291 0.1693817 0.0773510 0.0884860 0.1744374 0.0592500 0.1760792 0.1034822 0.0666450 0.0981131 0.1185992 0.0449341 0.1833825 0.1134158 0.1141198 0.0681569 0.1573121 0.1675093 0.1680974 0.1133385 0.1415635 0.1686553 0.1135673 0.1099197 0.1132584 0.1069603 0.0625425 0.0121967 0.1053026 0.1181476 0.1086205 0.0284459 0.1272511 0.0060383 0.0216726 0.1263755 0.0595712 0.0494246 0.1787364 0.1113931 0.0635488 0.1137382 
S0293         0.3976970 0.3208070 0.4656501 0.1218317 0.2813435 0.0521425 0.0683955 0.1041087 0.0904548 0.0060298 0.1002412 0.1176671 0.0000000 0.0516203 0.1321092 0.1171033 0.1265082 0.1326326 0.1264717 0.1108323 0.1142229 0.0641076 0.0153973 0.0185763 0.1182118 0.0555543 0.0956969 0.0997459 0.0609308 0.1248287 0.1145296 0.0995658 0.1245612 0.0875654 0.1179709 0.0379668 0.0122033 0.1095084 0.1102823 0.1524471 0.0519864 0.0271182 0.0978028 0.1112801 0.1743569 0.0601403 0.1468355 0.0730426 0.0121527 0.0852019 0.0152491 0.0778352 0.1044622 0.1325781 0.0934215 0.1338261 0.1337530 0.1331923 0.0821643 0.1331494 0.1067868 0.1070420 0.1020637 0.1472400 0.0725061 0.0969466 0.1926263 0.1011262 0.1315752 0.1898240 0.1139498 0.1258201 0.1799203 0.0741175 0.1719663 0.1123599 0.1089066 0.1307714 0.0494008 0.1287633 0.1697610 0.0183927 0.0523866 0.0928479 0.1080431 0.1332040 0.1336501 0.1274104 0.1243561 0.1136265 0.1276640 0.1247521 0.0121527 0.1251891 0.1136166 0.1297483 0.0311200 0.0153052 0.0485930 0.1101253 0.0594651 0.1307813 0.1138891 0.0558654 0.0895061 0.0856059 0.1432710 0.0124326 0.1010469 0.0380102 
S0294         0.3454393 0.3349211 0.4810858 0.1164259 0.2658169 0.0337061 0.0679460 0.0888693 0.0931955 0.0441914 0.0768741 0.1137395 0.0516203 0.0000000 0.1176903 0.1196927 0.1186357 0.0958906 0.1317763 0.0866609 0.1004615 0.0454703 0.0482775 0.0373203 0.0973236 0.0336381 0.0646225 0.0988302 0.0453495 0.0976042 0.1233611 0.0888789 0.1166241 0.0729567 0.0943195 0.0443552 0.0443914 0.0904510 0.0887275 0.1265504 0.0372050 0.0466956 0.0885713 0.1108621 0.1643401 0.0638053 0.1351888 0.0693256 0.0370624 0.0757580 0.0477633 0.0756216 0.0898430 0.1250773 0.0840307 0.1261712 0.1165823 0.1204479 0.0722027 0.1210721 0.1059521 0.1023780 0.0952310 0.1280120 0.0493968 0.0877500 0.1633135 0.0962340 0.1239110 0.2206598 0.1137257 0.1179814 0.1601050 0.0716433 0.1617059 0.1076340 0.0958877 0.1231099 0.0339855 0.1124997 0.1595039 0.0405792 0.0521352 0.0834602 0.0766868 0.1074049 0.1077787 0.1108491 0.1066600 0.0900115 0.1197858 0.1211196 0.0370624 0.1170818 0.1043219 0.1265393 0.0550831 0.0372929 0.0233272 0.1143342 0.0375979 0.1270051 0.1140571 0.0373690 0.0799513 0.0861824 0.1173562 0.0378973 0.0920191 0.0440708 
S0299         0.5149253 0.4120901 0.5878526 0.1638283 0.3465649 0.1175641 0.1148174 0.0456571 0.1431643 0.1315459 0.0284683 0.1802147 0.1321092 0.1176903 0.0000000 0.1448215 0.1581531 0.0457978 0.1589617 0.0394692 0.1714204 0.1481347 0.1373453 0.1282125 0.0508652 0.1133190 0.0454852 0.1506863 0.1357389 0.0848939 0.1458963 0.0670074 0.1537370 0.1393039 0.0354354 0.1280439 0.1321918 0.0429569 0.1059919 0.1555347 0.1145226 0.1178607 0.1239291 0.1436013 0.2089867 0.1241026 0.1780910 0.0946668 0.1229158 0.1327912 0.1319584 0.1325383 0.1534550 0.1748276 0.1233681 0.1674366 0.1319560 0.1193102 0.1376425 0.1620209 0.1541417 0.1542383 0.1386474 0.1747490 0.1453828 0.1365163 0.2280632 0.1201281 0.1600068 0.2437137 0.1705661 0.1839992 0.2047205 0.1280779 0.2067687 0.1903979 0.1412227 0.1589649 0.1290009 0.1633102 0.2039477 0.1317349 0.1371228 0.1357980 0.0352305 0.1314058 0.1318528 0.1466384 0.1199372 0.0387793 0.1513510 0.1437914 0.1229158 0.1532562 0.1543656 0.1897068 0.1402569 0.1281738 0.1193346 0.1620805 0.1322322 0.1960799 0.1854631 0.1309122 0.1273530 0.1331794 0.1415947 0.1074669 0.1412671 0.1358479 
S0303         0.4024704 0.3206916 0.4725579 0.1282694 0.3319577 0.1105392 0.0884439 0.1244042 0.0901284 0.1115120 0.1193783 0.1057233 0.1171033 0.1196927 0.1448215 0.0000000 0.0611890 0.1385735 0.0192618 0.1148265 0.1155392 0.1545117 0.1280344 0.1176980 0.1336178 0.1061097 0.1083089 0.1019087 0.1302928 0.1012212 0.0192618 0.1187749 0.1310851 0.1475028 0.1423948 0.1330949 0.1117134 0.1380361 0.1001493 0.1474292 0.1065769 0.1316108 0.1070072 0.0244614 0.2110329 0.1437596 0.0361457 0.0902668 0.1114989 0.1008625 0.1268201 0.0909156 0.1155524 0.1369410 0.0910176 0.0444766 0.1405883 0.1333357 0.0959886 0.0530151 0.1062419 0.1189986 0.1038486 0.1427943 0.1521177 0.0957523 0.2241538 0.1067152 0.0399746 0.1144620 0.1223599 0.1268288 0.2047810 0.1005684 0.2083005 0.1415165 0.1212010 0.0399746 0.1062747 0.1037863 0.2110329 0.1169086 0.1221880 0.0743794 0.1243233 0.1398463 0.1404363 0.0313111 0.1050134 0.1372190 0.0274550 0.0235881 0.1114989 0.0450515 0.1046230 0.1151355 0.1116301 0.1171773 0.1056897 0.1005028 0.1333587 0.1102208 0.1207803 0.1271675 0.1061861 0.0861920 0.1466962 0.1140826 0.0906496 0.1214764 
S0308         0.4240861 0.3356815 0.4681624 0.1407078 0.3051201 0.1046249 0.0975703 0.1417657 0.0927335 0.1178369 0.1328363 0.1081184 0.1265082 0.1186357 0.1581531 0.0611890 0.0000000 0.1589085 0.0548126 0.1323753 0.1086332 0.1583764 0.1231597 0.1227796 0.1487365 0.1255316 0.1325865 0.1190147 0.1262985 0.1153572 0.0411507 0.1403400 0.1111842 0.1761057 0.1520610 0.1412774 0.1265840 0.1480382 0.1205778 0.1461401 0.1211993 0.1312623 0.0772097 0.0432501 0.1953453 0.1489072 0.0666122 0.0987455 0.1177673 0.0848583 0.1218359 0.0847144 0.0911232 0.1278318 0.0773559 0.0453100 0.1362583 0.1438029 0.0852061 0.0520279 0.1015847 0.1021168 0.0963335 0.1206043 0.1459198 0.0820159 0.2130717 0.1120179 0.0448457 0.1143903 0.1130687 0.1165447 0.1912592 0.0883652 0.1930946 0.1156281 0.1041122 0.0485334 0.1069868 0.0910494 0.2004883 0.1261620 0.1251997 0.1081515 0.1287765 0.1357752 0.1362250 0.0346896 0.1170345 0.1473899 0.0447498 0.0451648 0.1177673 0.0420627 0.1119188 0.1198453 0.1177967 0.1227448 0.1051387 0.0953627 0.1237042 0.1207836 0.1283816 0.1227897 0.0888633 0.0950786 0.1457952 0.1167403 0.0859633 0.1182682 
S0320         0.4971802 0.4226849 0.6317390 0.1782987 0.3380947 0.1009832 0.1182982 0.0387722 0.1484659 0.1234652 0.0219392 0.1814076 0.1326326 0.0958906 0.0457978 0.1385735 0.1589085 0.0000000 0.1591689 0.0325816 0.1762654 0.1507962 0.1204392 0.1201131 0.0366416 0.1069626 0.0353238 0.1607637 0.1312208 0.0688637 0.1460700 0.0597353 0.1639000 0.1355179 0.0354015 0.1240321 0.1236504 0.0392176 0.0897322 0.1388311 0.1066292 0.1081638 0.1332100 0.1352089 0.1959040 0.1203896 0.1633425 0.1122979 0.1149312 0.1333913 0.1238574 0.1331358 0.1616173 0.1807520 0.1239088 0.1588865 0.1244433 0.1025220 0.1382735 0.1630841 0.1592335 0.1689965 0.1584648 0.1948822 0.1445756 0.1371362 0.2069936 0.1292790 0.1511081 0.2359469 0.1714358 0.1752198 0.1916389 0.1286483 0.1909157 0.1914131 0.1508978 0.1501296 0.1164000 0.1689739 0.1909157 0.1236387 0.1191664 0.1414653 0.0253123 0.1154300 0.1158196 0.1422656 0.1030203 0.0320155 0.1425519 0.1441314 0.1149312 0.1447821 0.1681139 0.1908911 0.1408981 0.1200779 0.1025025 0.1712056 0.1202831 0.1925453 0.1819401 0.1138454 0.1382468 0.1385803 0.1252448 0.1037450 0.1419179 0.1277181 
S0322         0.4200627 0.3004449 0.4390085 0.1365532 0.2943018 0.1250721 0.1076314 0.1375991 0.1008923 0.1259544 0.1335132 0.1211328 0.1264717 0.1317763 0.1589617 0.0192618 0.0548126 0.1591689 0.0000000 0.1367231 0.1172508 0.1581659 0.1399363 0.1310923 0.1587514 0.1296105 0.1284980 0.1197929 0.1354133 0.1155343 0.0121984 0.1362158 0.1326598 0.1697224 0.1528364 0.1413142 0.1261357 0.1488431 0.1199792 0.1686687 0.1307233 0.1361814 0.1094306 0.0327051 0.2065682 0.1585418 0.0319487 0.0989680 0.1259428 0.1045185 0.1384192 0.0965616 0.1130543 0.1500095 0.0966484 0.0490161 0.1494297 0.1389182 0.1049459 0.0590136 0.1065503 0.1229588 0.1166405 0.1558797 0.1611366 0.1017179 0.2394996 0.1131792 0.0483660 0.1199779 0.1215508 0.1250519 0.2024204 0.1081369 0.2043894 0.1288210 0.1247372 0.0483660 0.1232338 0.1073011 0.2016779 0.1344887 0.1303870 0.0928075 0.1417687 0.1576251 0.1581578 0.0248805 0.1204051 0.1481421 0.0281530 0.0251444 0.1259428 0.0388783 0.1121110 0.1291692 0.1178194 0.1310538 0.1211060 0.1086454 0.1405697 0.1301935 0.1379606 0.1353909 0.1087647 0.1048486 0.1682552 0.1208587 0.0975619 0.1264794 
S0327         0.4208779 0.3508525 0.5700217 0.1453706 0.2982119 0.0932777 0.0864712 0.0221016 0.1170045 0.1103664 0.0092862 0.1523952 0.1108323 0.0866609 0.0394692 0.1148265 0.1323753 0.0325816 0.1367231 0.0000000 0.1433921 0.1320000 0.1153668 0.1070240 0.0298354 0.0982274 0.0220199 0.1235874 0.1138633 0.0416405 0.1240898 0.0460470 0.1358306 0.1232695 0.0221804 0.1069062 0.1109002 0.0224390 0.0776892 0.1299273 0.0940116 0.1027521 0.1117346 0.1164273 0.1824054 0.1076080 0.1492895 0.0849194 0.1020800 0.1073616 0.1107208 0.1071625 0.1305954 0.1560470 0.0985155 0.1400258 0.1074592 0.0900525 0.1115457 0.1438807 0.1291196 0.1406332 0.1290600 0.1642771 0.1218715 0.1110297 0.1829892 0.0992735 0.1332810 0.2147208 0.1426214 0.1555914 0.1774770 0.1112086 0.1799339 0.1615270 0.1155225 0.1324324 0.1077130 0.1455101 0.1824054 0.1105142 0.1102806 0.1135891 0.0124716 0.1070163 0.1073751 0.1289649 0.0909022 0.0189679 0.1292309 0.1219119 0.1020800 0.1353390 0.1367436 0.1659905 0.1188044 0.1066380 0.0900081 0.1440110 0.1071824 0.1674111 0.1573553 0.0970837 0.1118948 0.1041839 0.1165904 0.0870124 0.1155031 0.1144943 
S0335         0.3993147 0.2822009 0.4734649 0.0596184 0.2733919 0.1135540 0.0581438 0.1489910 0.0588812 0.1092734 0.1447641 0.0593226 0.1142229 0.1004615 0.1714204 0.1155392 0.1086332 0.1762654 0.1172508 0.1433921 0.0000000 0.1481684 0.1140522 0.1060670 0.1661963 0.1173634 0.1395059 0.0750592 0.1206947 0.1411265 0.1010683 0.1342753 0.0787424 0.1496945 0.1603642 0.1114051 0.1097798 0.1608402 0.1216523 0.1814227 0.1131392 0.1243603 0.0590176 0.0969244 0.1828216 0.1258407 0.1233879 0.0766775 0.1013383 0.0481928 0.1131993 0.0481156 0.0657671 0.0977246 0.0552224 0.1031068 0.1569232 0.1451428 0.0623336 0.1011858 0.0747973 0.0669011 0.0874858 0.1176557 0.1311505 0.0597254 0.1925604 0.0968556 0.0975868 0.2097954 0.0761999 0.0871837 0.1781813 0.0514786 0.1805009 0.0793199 0.0416498 0.1021388 0.1197608 0.0657787 0.1878016 0.1010174 0.1109807 0.0494915 0.1481872 0.1651000 0.1656736 0.1010286 0.1362174 0.1600676 0.1012368 0.0981016 0.1013383 0.1030388 0.0216430 0.0699470 0.1013643 0.1057005 0.1096443 0.0486642 0.1271139 0.0704796 0.0812241 0.1098793 0.0517509 0.0666523 0.1761589 0.0997773 0.0560481 0.1017668 
S0376         0.3955039 0.3159357 0.4778722 0.1564978 0.2803764 0.0723221 0.1007033 0.1329942 0.1181516 0.0602826 0.1202543 0.1476082 0.0641076 0.0454703 0.1481347 0.1545117 0.1583764 0.1507962 0.1581659 0.1320000 0.1481684 0.0000000 0.0719205 0.0647143 0.1405490 0.0635763 0.1153069 0.1337649 0.0534218 0.1344577 0.1497339 0.1335763 0.1502487 0.0930520 0.1394167 0.0679344 0.0605510 0.1304142 0.1234041 0.1880616 0.0597958 0.0633857 0.1268450 0.1522903 0.1794374 0.0789265 0.1765662 0.0934864 0.0602768 0.1131012 0.0711691 0.1047091 0.1114165 0.1497767 0.1219254 0.1556385 0.1670947 0.1570260 0.1095608 0.1538091 0.1330658 0.1305548 0.1107758 0.1571470 0.0943905 0.1256729 0.2022472 0.1260360 0.1529525 0.2558937 0.1392078 0.1428373 0.1754367 0.1006384 0.1770888 0.1419504 0.1388299 0.1519781 0.0618786 0.1604761 0.1748150 0.0676190 0.0876411 0.1203387 0.1242875 0.1618010 0.1623743 0.1505623 0.1436348 0.1347453 0.1599072 0.1609794 0.0602768 0.1464641 0.1472749 0.1555856 0.0785884 0.0643349 0.0613034 0.1395254 0.0649936 0.1620161 0.1435694 0.0800925 0.1120738 0.1190674 0.1730227 0.0652746 0.1302281 0.0672291 
S0400         0.4081027 0.3443679 0.4904503 0.1256990 0.2774515 0.0489775 0.0781033 0.1088276 0.0989409 0.0091354 0.1049094 0.1267552 0.0153973 0.0482775 0.1373453 0.1280344 0.1231597 0.1204392 0.1399363 0.1153668 0.1140522 0.0719205 0.0000000 0.0155078 0.1146584 0.0488724 0.1002757 0.1043778 0.0641262 0.1371919 0.1276634 0.1041947 0.1211646 0.0842435 0.1225426 0.0415293 0.0154058 0.1143637 0.1028823 0.1489711 0.0488317 0.0270099 0.0945060 0.1163975 0.1706505 0.0639229 0.1433866 0.0863674 0.0091310 0.0822142 0.0122213 0.0820745 0.0915854 0.1377559 0.0901443 0.1304037 0.1389267 0.1254612 0.0786599 0.1340938 0.1166544 0.1036978 0.1021487 0.1331879 0.0843845 0.0936765 0.1678683 0.1056803 0.1282006 0.2071249 0.1189264 0.1309522 0.1755609 0.0708896 0.1682223 0.1176400 0.1056119 0.1274160 0.0461989 0.1254505 0.1660607 0.0153551 0.0492108 0.0936223 0.1046641 0.1297874 0.1302234 0.1240396 0.1209930 0.1185388 0.1242892 0.1255977 0.0091310 0.1217761 0.1138122 0.1391025 0.0280601 0.0122664 0.0455754 0.1190705 0.0562703 0.1402205 0.1229086 0.0526832 0.0862393 0.0955645 0.1398129 0.0125099 0.0977635 0.0349083 
S0405         0.3860058 0.3328570 0.4626148 0.1169705 0.2640785 0.0419799 0.0687217 0.1004117 0.0908474 0.0122447 0.0965571 0.1181804 0.0185763 0.0373203 0.1282125 0.1176980 0.1227796 0.1201131 0.1310923 0.1070240 0.1060670 0.0647143 0.0155078 0.0000000 0.1057383 0.0453395 0.0920513 0.0960868 0.0608201 0.1255046 0.1190199 0.0959081 0.1125339 0.0802268 0.1141662 0.0382503 0.0122948 0.1103616 0.0987035 0.1441876 0.0418583 0.0272941 0.0865279 0.1117118 0.1668005 0.0603704 0.1342780 0.0775313 0.0060723 0.0745294 0.0153575 0.0744033 0.0964550 0.1288461 0.0822810 0.1215640 0.1342841 0.1209820 0.0712484 0.1252173 0.1072608 0.0954652 0.1100319 0.1416442 0.0764893 0.0857749 0.1865876 0.0975375 0.1195178 0.1984298 0.1060649 0.1220713 0.1723128 0.0634297 0.1643346 0.1172683 0.0974721 0.1187943 0.0391614 0.1169671 0.1622199 0.0122543 0.0458323 0.0835175 0.0963318 0.1252556 0.1256740 0.1154279 0.1165638 0.1098464 0.1156639 0.1168696 0.0060723 0.1130943 0.1055194 0.1303156 0.0248851 0.0092025 0.0386351 0.1106058 0.0490997 0.1313570 0.1143864 0.0455926 0.0784586 0.0860163 0.1351363 0.0061865 0.0897691 0.0282325 
S0407sl       0.4974302 0.4054803 0.5908573 0.1632182 0.3303529 0.0910928 0.0988046 0.0293463 0.1383283 0.1091614 0.0191215 0.1713689 0.1182118 0.0973236 0.0508652 0.1336178 0.1487365 0.0366416 0.1587514 0.0298354 0.1661963 0.1405490 0.1146584 0.1057383 0.0000000 0.1050393 0.0360178 0.1505067 0.1299424 0.0560037 0.1453746 0.0544698 0.1385952 0.1360208 0.0327366 0.1057451 0.1097015 0.0367303 0.0877811 0.1270675 0.1049473 0.1008574 0.1189440 0.1342468 0.2147529 0.1189350 0.1626490 0.1058103 0.1006980 0.1233290 0.1095207 0.1230913 0.1401424 0.1690429 0.1097666 0.1578778 0.1225517 0.0843786 0.1281928 0.1527176 0.1481729 0.1528937 0.1385129 0.1747786 0.1435478 0.1181948 0.1839461 0.1279833 0.1505164 0.2157137 0.1551125 0.1685468 0.2102844 0.1186048 0.2124875 0.1748134 0.1408884 0.1495207 0.1150203 0.1635508 0.2094546 0.1093104 0.1133706 0.1267696 0.0225239 0.1134246 0.1138139 0.1414880 0.1012703 0.0259890 0.1417792 0.1433844 0.1006980 0.1483312 0.1582007 0.1857272 0.1264675 0.1057086 0.1007508 0.1671907 0.1146380 0.1864163 0.1766573 0.1039323 0.1281642 0.1119159 0.1233521 0.0894358 0.1228445 0.1177192 
S0412sl       0.4036367 0.3068688 0.4468907 0.1286751 0.3001205 0.0417786 0.0637239 0.0998423 0.0938592 0.0484534 0.0881715 0.1175026 0.0555543 0.0336381 0.1133190 0.1061097 0.1255316 0.1069626 0.1296105 0.0982274 0.1173634 0.0635763 0.0488724 0.0453395 0.1050393 0.0000000 0.0761587 0.1035078 0.0606073 0.1079022 0.1217987 0.0953714 0.1243765 0.0535922 0.1052870 0.0594480 0.0486616 0.0934658 0.0827885 0.1087911 0.0250844 0.0484189 0.0860600 0.1146382 0.1646721 0.0422462 0.1327198 0.0771071 0.0416441 0.0815619 0.0518601 0.0814234 0.0864291 0.1323735 0.0818427 0.1243770 0.1038325 0.1120649 0.0818982 0.1114451 0.1067659 0.1063361 0.0893186 0.1200125 0.0797862 0.0929224 0.1655284 0.0817840 0.1223037 0.1876701 0.1221839 0.1341756 0.1607240 0.0776468 0.1622207 0.1290376 0.1047494 0.1215688 0.0528094 0.1163028 0.1601604 0.0485003 0.0598237 0.0722469 0.0879660 0.0955037 0.0958103 0.1182355 0.0997474 0.1010786 0.1184734 0.1196988 0.0416441 0.1159501 0.1167375 0.1210188 0.0588423 0.0453311 0.0317921 0.1180774 0.0524220 0.1263156 0.1137333 0.0556873 0.0808597 0.0808186 0.1044707 0.0461407 0.0969715 0.0449998 
S0417         0.4367251 0.3392456 0.5675377 0.1410748 0.2898140 0.0834952 0.0904392 0.0247378 0.1135248 0.0953092 0.0153040 0.1389162 0.0956969 0.0646225 0.0454852 0.1083089 0.1325865 0.0353238 0.1284980 0.0220199 0.1395059 0.1153069 0.1002757 0.0920513 0.0360178 0.0761587 0.0000000 0.1200318 0.1023431 0.0367346 0.1163478 0.0448628 0.1316968 0.1111550 0.0282674 0.0919669 0.0957529 0.0251077 0.0644725 0.1093072 0.0798360 0.0860223 0.1087746 0.1135924 0.1666666 0.1054809 0.1403575 0.0829633 0.0874744 0.1042261 0.0956124 0.1040384 0.1267173 0.1511788 0.0956769 0.1357573 0.0884080 0.0836984 0.1086319 0.1222923 0.1258098 0.1363319 0.1202823 0.1547158 0.1058673 0.1077906 0.1891198 0.0924921 0.1292925 0.1972691 0.1382034 0.1507470 0.1625817 0.0999375 0.1641481 0.1611406 0.1203515 0.1284935 0.0926475 0.1325475 0.1619916 0.0954269 0.0952496 0.1064657 0.0215433 0.0880587 0.0883411 0.1209982 0.0805659 0.0249991 0.1212452 0.1182703 0.0874744 0.1270138 0.1326675 0.1518481 0.1113212 0.0920282 0.0760495 0.1396191 0.0921919 0.1531062 0.1436020 0.0867131 0.1086049 0.0979453 0.0968646 0.0730640 0.1121126 0.0992111 
S0419         0.4023007 0.2968487 0.4947093 0.0763000 0.2943793 0.0997091 0.0116464 0.1292140 0.0493660 0.0993410 0.1250671 0.0833509 0.0997459 0.0988302 0.1506863 0.1019087 0.1190147 0.1607637 0.1197929 0.1235874 0.0750592 0.1337649 0.1043778 0.0960868 0.1505067 0.1035078 0.1200318 0.0000000 0.1117035 0.0970886 0.1071892 0.1193597 0.0684148 0.1375352 0.1445404 0.0973754 0.0998049 0.1361457 0.1124418 0.1645146 0.0993525 0.1182968 0.0491512 0.1118179 0.1966995 0.1214485 0.1303591 0.0321370 0.0914490 0.0318523 0.1032522 0.0318019 0.0469565 0.0987157 0.0523768 0.1218119 0.1357480 0.1358523 0.0668729 0.1254703 0.0676484 0.0640480 0.0438049 0.0718254 0.1339413 0.0676213 0.1576650 0.0966819 0.1157484 0.1649410 0.0733061 0.0843343 0.1925792 0.0350861 0.1944426 0.1086611 0.0669933 0.1159829 0.1056447 0.0852003 0.1918773 0.0994654 0.1051156 0.0361999 0.1334429 0.1487668 0.1492791 0.1076937 0.1269103 0.1397984 0.1119102 0.1089325 0.0914490 0.1133704 0.0709716 0.0947726 0.0993575 0.0960622 0.0958403 0.0677301 0.1129812 0.0955208 0.1029913 0.1040571 0.0352687 0.0487957 0.1594172 0.0898591 0.0714425 0.0918411 
S0427         0.3856077 0.3190026 0.4552990 0.1374582 0.2923568 0.0606386 0.0842159 0.1152158 0.1045439 0.0640236 0.1029175 0.1330306 0.0609308 0.0453495 0.1357389 0.1302928 0.1262985 0.1312208 0.1354133 0.1138633 0.1206947 0.0534218 0.0641262 0.0608201 0.1299424 0.0606073 0.1023431 0.1117035 0.0000000 0.1326362 0.1272431 0.1237038 0.1269811 0.0890128 0.1211732 0.0647218 0.0643092 0.1172618 0.1143555 0.1631002 0.0453965 0.0588986 0.1048936 0.1282000 0.1987008 0.0530803 0.1426256 0.0842036 0.0567946 0.0919914 0.0676300 0.0918297 0.0951789 0.1303430 0.1003010 0.1271338 0.1349678 0.1426044 0.0964543 0.1217905 0.1133113 0.1130502 0.0834418 0.1141584 0.0743384 0.1039460 0.1711844 0.1129572 0.1297595 0.2182371 0.1247718 0.1283524 0.1945505 0.0839614 0.1964463 0.1265423 0.1247810 0.1289558 0.0539986 0.1244575 0.1938363 0.0640920 0.0725765 0.1047348 0.1062896 0.1382574 0.1387368 0.1230230 0.1335377 0.1167022 0.1274837 0.1242270 0.0567946 0.1148360 0.1200294 0.1456791 0.0676485 0.0608073 0.0499709 0.1251764 0.0570899 0.1468685 0.1291006 0.0644941 0.0962147 0.1020488 0.1487767 0.0581341 0.1082319 0.0532128 
S0428sl       0.4046458 0.3237130 0.5245800 0.1473821 0.2754584 0.1011536 0.0918235 0.0588635 0.0958071 0.1188039 0.0456371 0.1072306 0.1248287 0.0976042 0.0848939 0.1012212 0.1153572 0.0688637 0.1155343 0.0416405 0.1411265 0.1344577 0.1371919 0.1255046 0.0560037 0.1079022 0.0367346 0.0970886 0.1326362 0.0000000 0.1001342 0.0551686 0.1330684 0.1463290 0.0644234 0.1197456 0.1195447 0.0597436 0.0707847 0.1366476 0.0974435 0.1103030 0.1140052 0.0950322 0.1993831 0.1357188 0.1294355 0.0873870 0.1187892 0.1020834 0.1303019 0.0915554 0.1295591 0.1520743 0.0968119 0.1178622 0.1134302 0.0962324 0.1183693 0.1066997 0.1196633 0.1441689 0.1217393 0.1565842 0.1371503 0.1018646 0.1950941 0.1244983 0.1060276 0.1900951 0.1348973 0.1512083 0.1938576 0.1017686 0.1929114 0.1632682 0.1346976 0.1060276 0.1131652 0.1380847 0.1993831 0.1246125 0.1118047 0.1188658 0.0499194 0.1128223 0.1133037 0.1111210 0.0809182 0.0597204 0.1114155 0.1071199 0.1187892 0.1185285 0.1267839 0.1224625 0.1243733 0.1254566 0.0911967 0.1059810 0.1150983 0.1172094 0.1177588 0.1164664 0.1077269 0.0920292 0.1193524 0.1040815 0.1073907 0.1239438 
S0430         0.4109016 0.3244052 0.4739538 0.1194394 0.2931414 0.1132689 0.0878836 0.1252198 0.0853341 0.1140649 0.1212027 0.1048329 0.1145296 0.1233611 0.1458963 0.0192618 0.0411507 0.1460700 0.0121984 0.1240898 0.1010683 0.1497339 0.1276634 0.1190199 0.1453746 0.1217987 0.1163478 0.1071892 0.1272431 0.1001342 0.0000000 0.1239645 0.1156201 0.1612335 0.1399902 0.1289312 0.1142284 0.1360515 0.1083655 0.1556550 0.1222516 0.1314113 0.0934913 0.0192536 0.1861297 0.1455155 0.0351653 0.0816493 0.1140542 0.0888722 0.1262837 0.0812105 0.0997199 0.1323964 0.0812810 0.0420230 0.1368992 0.1267487 0.0892368 0.0450576 0.0974325 0.1064043 0.1029348 0.1414944 0.1482163 0.0860330 0.2217193 0.0971452 0.0414719 0.1137476 0.1047284 0.1081877 0.1820596 0.0924087 0.1838023 0.1200687 0.1083600 0.0451129 0.1113039 0.0992731 0.1814036 0.1224064 0.1183865 0.0831242 0.1293151 0.1449699 0.1454566 0.0122160 0.1087438 0.1354121 0.0153586 0.0123438 0.1140542 0.0320504 0.1000349 0.1126129 0.1140830 0.1189865 0.1093768 0.0928303 0.1282320 0.1134969 0.1210597 0.1232305 0.0929338 0.0856608 0.1552801 0.1088028 0.0820561 0.1145395 
S0478         0.4228184 0.3356936 0.5351269 0.1402848 0.2751074 0.0872642 0.0806441 0.0450302 0.1129002 0.0991616 0.0417030 0.1381481 0.0995658 0.0888789 0.0670074 0.1187749 0.1403400 0.0597353 0.1362158 0.0460470 0.1342753 0.1335763 0.1041947 0.0959081 0.0544698 0.0953714 0.0448628 0.1193597 0.1237038 0.0551686 0.1239645 0.0000000 0.1309636 0.1144969 0.0523984 0.0962534 0.0996246 0.0526832 0.0677133 0.1253310 0.0912949 0.0854181 0.1086912 0.1215109 0.1773448 0.1177450 0.1483755 0.1007709 0.0912743 0.1036596 0.0994754 0.1034739 0.1213838 0.1503263 0.0955922 0.1436967 0.1118245 0.0793918 0.1080394 0.1248440 0.1345852 0.1355712 0.1124403 0.1316569 0.1229041 0.0991973 0.1453143 0.1166420 0.1370634 0.1959411 0.1374228 0.1498984 0.1732970 0.0993963 0.1749488 0.1602268 0.1243684 0.1362138 0.1050633 0.1498214 0.1726753 0.0992857 0.0990963 0.1066586 0.0483934 0.1113757 0.1117396 0.1286917 0.0793077 0.0524518 0.1289494 0.1260136 0.0912743 0.1348656 0.1235978 0.1510078 0.1152764 0.0958836 0.0874187 0.1388438 0.1045024 0.1522530 0.1428055 0.0904750 0.1080122 0.0882417 0.1207732 0.0730435 0.1034056 0.1030891 
S0552sl       0.4354784 0.3261255 0.5207791 0.0831105 0.2769692 0.1162435 0.0550363 0.1410572 0.0602707 0.1157980 0.1368639 0.0876070 0.1245612 0.1166241 0.1537370 0.1310851 0.1111842 0.1639000 0.1326598 0.1358306 0.0787424 0.1502487 0.1211646 0.1125339 0.1385952 0.1243765 0.1316968 0.0684148 0.1269811 0.1330684 0.1156201 0.1309636 0.0000000 0.1701452 0.1567637 0.1182276 0.1163471 0.1482741 0.1200661 0.1614404 0.1103839 0.1090043 0.0493423 0.1036433 0.1834035 0.1479190 0.1356567 0.0733493 0.1076133 0.0386867 0.1198431 0.0386246 0.0468588 0.0544318 0.0525811 0.1042023 0.1525770 0.1350818 0.0634679 0.1119133 0.0204525 0.0279478 0.0207327 0.0531050 0.1599315 0.0678921 0.1574836 0.0965949 0.0986109 0.2159699 0.0316930 0.0414734 0.1793073 0.0419679 0.1810353 0.0665228 0.0672587 0.1032148 0.1226391 0.0855404 0.1884988 0.1159524 0.1263445 0.0738836 0.1365386 0.1568919 0.1574331 0.1080184 0.1347973 0.1475611 0.1122522 0.1134250 0.1076133 0.1041331 0.0820386 0.0991665 0.0996482 0.1125029 0.1164306 0.0717565 0.1345257 0.0999541 0.1075021 0.1250621 0.0421896 0.0823400 0.1677223 0.0932296 0.0717298 0.1122267 
S0558         0.4182039 0.3358913 0.5295365 0.1579450 0.3281825 0.0761333 0.1009072 0.1286909 0.1249241 0.0834665 0.1160434 0.1594962 0.0875654 0.0729567 0.1393039 0.1475028 0.1761057 0.1355179 0.1697224 0.1232695 0.1496945 0.0930520 0.0842435 0.0802268 0.1360208 0.0535922 0.1111550 0.1375352 0.0890128 0.1463290 0.1612335 0.1144969 0.1701452 0.0000000 0.1350069 0.0920839 0.0838493 0.1310084 0.1176344 0.1776492 0.0569791 0.0717667 0.1257271 0.1597237 0.2078666 0.0645183 0.1789739 0.1075402 0.0758601 0.1209666 0.0872467 0.1207445 0.1366501 0.1885480 0.1208617 0.1758555 0.1571339 0.1504278 0.1214735 0.1619449 0.1420080 0.1544628 0.1113729 0.1432932 0.1155528 0.1337001 0.2060375 0.1123479 0.1727875 0.2331411 0.1683068 0.1815091 0.2037095 0.1164932 0.2056952 0.1754636 0.1375958 0.1716593 0.0889179 0.1590191 0.2029608 0.0835644 0.0967279 0.1158931 0.1200949 0.1520113 0.1525445 0.1620738 0.1281762 0.1303790 0.1623806 0.1584299 0.0758601 0.1662983 0.1488030 0.1683669 0.0950112 0.0802079 0.0569963 0.1513401 0.0882616 0.1741692 0.1554260 0.0828460 0.1255395 0.1193117 0.1629264 0.0773222 0.1328318 0.0795960 
S0624         0.4501909 0.3776502 0.5678924 0.1668487 0.3048855 0.0955939 0.1128686 0.0283717 0.1372454 0.1174768 0.0122372 0.1736222 0.1179709 0.0943195 0.0354354 0.1423948 0.1520610 0.0354015 0.1528364 0.0221804 0.1603642 0.1394167 0.1225426 0.1141662 0.0327366 0.1052870 0.0282674 0.1445404 0.1211732 0.0644234 0.1399902 0.0523984 0.1567637 0.1350069 0.0000000 0.1140332 0.1180431 0.0288044 0.0845802 0.1366001 0.1010414 0.1065519 0.1269533 0.1381175 0.1940135 0.1098133 0.1660461 0.0981415 0.1091480 0.1271208 0.1178478 0.1268820 0.1489677 0.1777427 0.1179028 0.1610393 0.1140793 0.0970450 0.1314216 0.1496551 0.1524017 0.1617253 0.1532062 0.1738801 0.1253243 0.1308036 0.1915113 0.1146833 0.1538262 0.2248390 0.1640198 0.1772396 0.1890784 0.1225072 0.1916727 0.1834786 0.1403392 0.1528373 0.1148834 0.1662555 0.1890789 0.1176367 0.1173790 0.1419009 0.0217839 0.1136127 0.1139911 0.1450294 0.0974981 0.0218659 0.1453160 0.1423784 0.1091480 0.1517425 0.1572421 0.1875638 0.1344905 0.1137548 0.0970140 0.1650789 0.1143289 0.1891657 0.1787633 0.1081402 0.1318409 0.1309664 0.1232475 0.0940827 0.1354538 0.1216261 
