122
CRNC          0.0000000 0.0000010 0.3731669 0.5394118 0.5889077 0.5929590 0.5325159 0.5480339 0.5277555 0.5270808 0.6148385 0.5761656 0.5490001 0.6520848 0.5993363 0.5649028 0.5568424 0.5568533 0.4982830 0.5299484 0.5186117 0.5262573 0.6024708 0.5815191 0.5551972 0.6284608 0.5981908 0.5071197 0.6398808 0.4932381 0.5370254 0.6000762 0.5449004 0.5505270 0.5143877 0.5794788 0.5507755 0.4983896 0.4799499 0.5193389 0.5984137 0.6221490 0.5088579 0.4968084 0.5358936 0.5066912 0.6326130 0.5135486 0.4806533 0.5287983 0.5564134 0.5179660 0.6016051 0.5753576 0.5790385 0.5431752 0.5819456 0.5404560 0.5240399 0.5866563 0.5197292 0.4770242 0.4929059 0.4815375 0.4388361 0.5300887 0.6248464 0.5204574 0.5687067 0.5437637 0.5757453 0.5522507 0.5769036 0.5392785 0.5039992 0.5444307 0.5112523 0.5539521 0.5845201 0.5062498 0.5317304 0.5126557 0.5822192 0.5866483 0.5885580 0.5526216 0.6163123 0.6259337 0.5490771 0.6037336 0.6145135 0.5337643 0.5181307 0.5342143 0.5950613 0.5380974 0.4979512 0.5335931 0.5025862 0.5260312 0.5580623 0.5680117 0.5055480 0.5710443 0.5890941 0.5961010 0.5836872 0.5489114 0.6512216 0.5424663 0.4802638 0.6149169 0.5873452 0.5290560 0.5991239 0.5346728 0.5100978 0.5887328 0.5110114 0.5967603 0.5693036 0.5668128 
HYZL          0.0000010 0.0000000 0.1756841 0.5819253 0.0000010 0.0000010 0.5112736 0.4988394 0.0000010 0.5833099 0.5406911 0.5432652 0.5772193 0.4345958 0.7263701 0.4646339 0.6396199 0.4439460 0.4483224 0.5014269 0.4906977 0.5865292 0.4734152 0.4972022 0.5478282 0.5263257 0.4928737 0.6406805 0.5026629 0.4934300 0.5044850 0.4782855 0.4987394 0.5217255 0.4614180 0.5568249 0.5387286 0.4774394 0.0000010 0.6008138 0.5690383 0.5065663 0.5335944 0.5979524 0.6120812 0.5222992 0.5533253 0.5078857 0.4603113 0.6359162 0.5207578 0.4945170 0.5323640 0.5027647 0.5294020 0.4882496 0.5424592 0.5102950 0.5243674 0.5356261 0.5591434 0.5741678 0.4177866 0.5108195 0.5497342 0.5329166 0.5205883 0.5236550 0.4928594 0.5826897 0.5349673 0.0000010 0.5273184 0.6023361 0.5748340 0.4655561 0.3737527 0.5297432 0.5047662 0.5494726 0.5102950 0.5579084 0.5878296 0.5584639 0.5263959 0.4655561 0.5671772 0.4375214 0.6248338 0.5322898 0.5202458 0.5573757 0.5944997 0.6402511 0.4830029 0.5658651 0.5844333 0.6588629 0.4590634 0.3919925 0.5217255 0.5205746 0.4088431 0.5345425 0.4203913 0.5322898 0.5027459 0.4086776 0.5112159 0.5474601 0.5285695 0.4642346 0.4552034 0.5118094 0.5056462 0.5102950 0.5406405 0.5303014 0.5430598 0.5384536 0.5601395 0.5107536 
MYZV          0.3731669 0.1756841 0.0000000 0.5493058 0.6179314 0.5953913 0.5541658 0.4914513 0.5484387 0.5245971 0.5631322 0.5303741 0.5211555 0.5629485 0.6037901 0.5064859 0.5552787 0.4851006 0.4955060 0.5005591 0.4756487 0.5590327 0.6160887 0.6199177 0.5019916 0.5224437 0.5252960 0.5347376 0.5730964 0.5447576 0.5268670 0.5106010 0.6125698 0.4821887 0.5332316 0.5295892 0.5069627 0.4962226 0.5150484 0.5488379 0.5568003 0.5426687 0.5146332 0.4960128 0.5377268 0.4968837 0.5551107 0.4970597 0.4417855 0.5354592 0.5268895 0.4693927 0.5224643 0.5253766 0.5256912 0.5344912 0.5247026 0.5405374 0.5259253 0.5789984 0.5084920 0.5332975 0.4440779 0.4682583 0.4852566 0.5195685 0.6533382 0.4879522 0.5121584 0.5504160 0.5367088 0.5280451 0.4990509 0.5248433 0.5284874 0.4880879 0.4783426 0.5378375 0.5362055 0.5246374 0.5336297 0.5451295 0.6488706 0.5491707 0.5426369 0.4771048 0.5306915 0.5427769 0.5289563 0.5381585 0.5336008 0.5422401 0.5295424 0.5460263 0.5518764 0.4918947 0.5326112 0.5684522 0.5013835 0.4882634 0.5024767 0.5289794 0.4525500 0.5838437 0.5215376 0.5320309 0.5169741 0.4828035 0.6032985 0.5155374 0.5175971 0.5531925 0.5405461 0.5020101 0.5130530 0.5453384 0.5304530 0.5224528 0.5163576 0.5300231 0.4923707 0.5068207 
SRR6441723    0.5394118 0.5819253 0.5493058 0.0000000 0.0760006 0.1018990 0.2385463 0.0824503 0.0706013 0.1016713 0.1339492 0.0774515 0.1044379 0.0678515 0.1164917 0.0977323 0.1554595 0.1267193 0.1224232 0.1064388 0.1360154 0.1114056 0.0505897 0.0739258 0.0862537 0.0821470 0.0858410 0.1283292 0.1150989 0.0973289 0.0765698 0.0876521 0.1137584 0.1348429 0.0863010 0.0909737 0.0966980 0.1126905 0.1224854 0.1239329 0.0857609 0.0767498 0.1024049 0.0866639 0.1090268 0.0773019 0.0854514 0.0799038 0.1116605 0.1909164 0.1030246 0.1307598 0.1097410 0.0854368 0.0892786 0.0751257 0.0857535 0.0730914 0.0753328 0.0919088 0.0788951 0.0871788 0.1045931 0.0867418 0.0760462 0.0576686 0.1598223 0.1018434 0.0896439 0.0999465 0.0873933 0.0893380 0.1107152 0.1882778 0.0859748 0.1337443 0.1217661 0.0853558 0.0969669 0.1661277 0.0691615 0.1691488 0.0995912 0.0988220 0.0671363 0.1249494 0.0916601 0.0813908 0.1692421 0.0774151 0.0909239 0.0547066 0.0936347 0.1172353 0.1314621 0.1353767 0.0896485 0.1107716 0.1079726 0.1178899 0.1345168 0.0870588 0.1305176 0.0678756 0.0569396 0.0741207 0.0812859 0.0675717 0.0806310 0.0692180 0.1038549 0.0620328 0.0722693 0.1179490 0.0839495 0.0730675 0.1087479 0.1023613 0.0974267 0.0761041 0.1012189 0.0764129 
ERR4210213    0.5889077 0.0000010 0.6179314 0.0760006 0.0000000 0.0924823 0.2170871 0.0836712 0.0676973 0.0879438 0.1665859 0.0720478 0.1011588 0.0579437 0.0682510 0.0680855 0.1599624 0.1290208 0.1513684 0.1127276 0.1493699 0.0902549 0.0152930 0.0541045 0.0804426 0.0763280 0.0765635 0.0995697 0.0851587 0.0919896 0.0677004 0.0778478 0.0986657 0.1232708 0.0751167 0.0720276 0.0999593 0.1462644 0.1347123 0.1175966 0.0729262 0.0612708 0.1125372 0.0722477 0.1122186 0.0716161 0.0696528 0.0810666 0.1223665 0.2058454 0.0809638 0.1363266 0.1112381 0.0686887 0.0638236 0.0687040 0.0733227 0.0645592 0.0754321 0.0731862 0.0879423 0.0871232 0.1217742 0.0987039 0.0690880 0.0465348 0.1006690 0.1178902 0.0767842 0.0767791 0.0688023 0.0756054 0.1104355 0.2074642 0.0734697 0.1539434 0.1367323 0.0692673 0.0785958 0.2035185 0.0605906 0.2018032 0.0842205 0.0772196 0.0608567 0.1449400 0.0814322 0.0784423 0.1942807 0.0764310 0.0752971 0.0435781 0.0832312 0.1157300 0.1117212 0.1386400 0.0953659 0.1044937 0.1267286 0.1342796 0.1343585 0.0689693 0.1298984 0.0442369 0.0538693 0.0667406 0.0686279 0.0666565 0.0737343 0.0644047 0.1088510 0.0575449 0.0569192 0.1104340 0.0727066 0.0605906 0.0908373 0.1118615 0.1109141 0.0735440 0.1023674 0.0636585 
ERR2789774    0.5929590 0.0000010 0.5953913 0.1018990 0.0924823 0.0000000 0.2483354 0.0804917 0.0815085 0.1211033 0.1865464 0.0353723 0.1232398 0.0717624 0.0387967 0.0520505 0.1851230 0.1287885 0.1591591 0.1263456 0.1435681 0.1251251 0.0659135 0.0898820 0.0947543 0.0524744 0.0387817 0.1108478 0.0955312 0.1152822 0.0888716 0.0839630 0.1218138 0.1287300 0.1009359 0.1009022 0.1107648 0.1584543 0.1458304 0.1441235 0.0458875 0.0265901 0.1452547 0.0846426 0.1169471 0.0969096 0.0324534 0.1152011 0.1287125 0.2251181 0.1112974 0.1480815 0.1266233 0.0353074 0.0849971 0.0859114 0.0389173 0.0932879 0.0971124 0.0923400 0.1181721 0.1011274 0.1415345 0.1118050 0.0869811 0.0734224 0.1202227 0.1332673 0.1073590 0.1019845 0.0976113 0.0461068 0.1132030 0.2382157 0.0906594 0.1723638 0.1295646 0.0982747 0.1043482 0.2287951 0.0888668 0.2155657 0.1083863 0.0902367 0.0967470 0.1478876 0.0563496 0.0724872 0.2241931 0.0387394 0.0486826 0.0666093 0.1053346 0.1216714 0.1232490 0.1411032 0.1090610 0.1124198 0.1299187 0.1377521 0.1291576 0.0483611 0.1282288 0.0616485 0.0706104 0.0393519 0.0353646 0.0583828 0.0819644 0.0488746 0.1002487 0.0710999 0.0806534 0.1350529 0.0459754 0.0888668 0.1099645 0.1191560 0.0880959 0.0292827 0.1131136 0.0586219 
PAFTOL_019361 0.5325159 0.5112736 0.5541658 0.2385463 0.2170871 0.2483354 0.0000000 0.2311880 0.1954262 0.2162220 0.2785265 0.2359819 0.2194459 0.2204514 0.2662648 0.2436307 0.2474893 0.2555986 0.2552064 0.2245952 0.2706496 0.2228304 0.2054332 0.2309702 0.2310306 0.2424760 0.2459524 0.2280505 0.2432571 0.2041322 0.1925809 0.2186928 0.2259598 0.2752733 0.1897783 0.2296302 0.2329637 0.2593437 0.2584600 0.2180646 0.2328919 0.2385325 0.2018186 0.2106303 0.2099554 0.2152706 0.2493852 0.1969067 0.2367384 0.2538182 0.2377139 0.2550549 0.2116027 0.2262006 0.2222469 0.1950275 0.2449309 0.1984322 0.1996540 0.2470379 0.2207026 0.2085391 0.2222051 0.1836326 0.2025524 0.2023064 0.2437172 0.2379304 0.2145387 0.2379410 0.2386604 0.2304534 0.2717878 0.2437469 0.2154265 0.2604539 0.2453041 0.2354663 0.2282187 0.2360089 0.1925764 0.2518603 0.1769180 0.2345089 0.2283879 0.2528682 0.2377402 0.2237210 0.2570621 0.2316576 0.2324102 0.2032401 0.1973444 0.2054023 0.2322476 0.2754017 0.2177888 0.2303819 0.2371739 0.2650874 0.2753631 0.2365865 0.2753759 0.2071286 0.2104573 0.2226763 0.2255608 0.1916389 0.2060622 0.2117815 0.2062525 0.2101294 0.2188236 0.2186223 0.2326715 0.1983638 0.2104023 0.2381523 0.2050148 0.2340027 0.2554157 0.2204322 
S0055         0.5480339 0.4988394 0.4914513 0.0824503 0.0836712 0.0804917 0.2311880 0.0000000 0.0621204 0.0899750 0.1414880 0.0549939 0.0912180 0.0823887 0.0804910 0.0745602 0.1511488 0.1227738 0.1258113 0.1036831 0.1338018 0.0959178 0.0747570 0.1163024 0.0744501 0.0659387 0.0646619 0.1122164 0.1052178 0.0955251 0.0770236 0.0781143 0.1102228 0.1256077 0.0790066 0.0807402 0.0914206 0.1217622 0.1377278 0.1212976 0.0683741 0.0620371 0.1045283 0.1019321 0.1090243 0.0698870 0.0630104 0.0941606 0.1081410 0.1869257 0.0962104 0.1220576 0.1047574 0.0609654 0.0789203 0.0719641 0.0553062 0.0735900 0.0739936 0.1032878 0.0956649 0.0913442 0.1064611 0.0920790 0.0778932 0.0707543 0.1424323 0.1073613 0.0850623 0.1034013 0.0810437 0.0644713 0.1123225 0.1714055 0.0930227 0.1350971 0.1159776 0.0945279 0.1023604 0.1609022 0.0697077 0.1717040 0.0997827 0.0920316 0.0955449 0.1260365 0.0706067 0.0997679 0.1718254 0.0498287 0.0712114 0.0760863 0.0988792 0.1097206 0.1374689 0.1375926 0.0896733 0.0999897 0.1136003 0.1271283 0.1323157 0.0589440 0.1387697 0.0913700 0.0672352 0.0486343 0.0551300 0.0279755 0.0987200 0.0534575 0.0928231 0.0844094 0.0885370 0.1112606 0.0665813 0.0735663 0.0998449 0.1072273 0.0865102 0.0535308 0.0989292 0.0581064 
S0196sl       0.5277555 0.0000010 0.5484387 0.0706013 0.0676973 0.0815085 0.1954262 0.0621204 0.0000000 0.0644201 0.0899212 0.0574649 0.0720626 0.0598035 0.0729611 0.0810269 0.1166163 0.0945715 0.0981526 0.0825872 0.1027130 0.0765282 0.0526875 0.0734853 0.0765676 0.0702442 0.0626775 0.0644582 0.0984217 0.0573093 0.0118313 0.0751734 0.0697244 0.0978503 0.0447527 0.0703200 0.0825214 0.1061240 0.1043730 0.0853987 0.0713779 0.0592873 0.0723280 0.0485526 0.0710814 0.0611740 0.0714836 0.0506260 0.0875096 0.1512594 0.0888866 0.1002648 0.0782963 0.0653850 0.0650770 0.0098895 0.0604866 0.0118815 0.0119003 0.0851116 0.0501005 0.0520896 0.0914437 0.0656487 0.0446854 0.0424877 0.1220853 0.0813803 0.0762065 0.0847222 0.0656304 0.0643394 0.0760429 0.1513599 0.0655616 0.1165579 0.0833233 0.0631605 0.0777215 0.1332767 0.0078316 0.1384752 0.0699630 0.0715272 0.0621189 0.1060335 0.0684035 0.0731078 0.1397536 0.0553223 0.0666690 0.0401466 0.0593155 0.0735815 0.1001492 0.0988794 0.0592514 0.0643390 0.0907113 0.0964938 0.1026447 0.0700483 0.1028076 0.0447041 0.0605872 0.0536490 0.0598986 0.0495698 0.0827666 0.0575941 0.0673745 0.0738230 0.0626390 0.0925056 0.0601360 0.0098625 0.0590393 0.0778883 0.0714722 0.0580996 0.0600804 0.0472998 
S0278         0.5270808 0.5833099 0.5245971 0.1016713 0.0879438 0.1211033 0.2162220 0.0899750 0.0644201 0.0000000 0.1170044 0.0919862 0.0469559 0.1029440 0.1216077 0.1105466 0.0920486 0.1146554 0.1002402 0.0414401 0.1175416 0.0610146 0.0965771 0.1053057 0.0951892 0.0941053 0.0985963 0.0581285 0.1222465 0.0508520 0.0731855 0.0960562 0.0761915 0.1182567 0.0570303 0.0922067 0.1112111 0.1125878 0.1184276 0.0379139 0.0930880 0.0882223 0.0436147 0.0679076 0.0811781 0.0938750 0.0973953 0.0786835 0.0951673 0.1855381 0.1152693 0.1166812 0.1080163 0.0919613 0.0930310 0.0701088 0.0945392 0.0717310 0.0719540 0.1204683 0.0800982 0.0669045 0.0890947 0.0549511 0.0523625 0.0812631 0.0921864 0.1013008 0.0932437 0.1094939 0.0930211 0.0980749 0.1037442 0.1821318 0.1002776 0.1251284 0.1005211 0.0895945 0.1008090 0.1710652 0.0678752 0.1731855 0.0897398 0.0959193 0.1035222 0.1136183 0.1006416 0.1072170 0.1746842 0.0898843 0.1043046 0.0852351 0.0539222 0.0786749 0.1004752 0.1246410 0.0614979 0.0399336 0.0948958 0.1091479 0.1194185 0.0941644 0.1264972 0.1035084 0.0837288 0.0847163 0.0875589 0.0721801 0.1088806 0.0881700 0.0789004 0.1000713 0.0940590 0.0518171 0.0994198 0.0717079 0.0474753 0.0985924 0.0697480 0.0847271 0.0894640 0.0892403 
S0281         0.6148385 0.5406911 0.5631322 0.1339492 0.1665859 0.1865464 0.2785265 0.1414880 0.0899212 0.1170044 0.0000000 0.1320251 0.1106213 0.1266310 0.1875300 0.1428409 0.1554813 0.1314581 0.1194435 0.1149620 0.1469937 0.1191171 0.1188758 0.1634888 0.1417393 0.1325001 0.1345037 0.1338567 0.1442864 0.1110544 0.0856706 0.1182586 0.1610279 0.1451140 0.1058230 0.1312617 0.1368706 0.1073028 0.1438648 0.1369796 0.1285738 0.1278682 0.1048565 0.1273609 0.1180726 0.1215075 0.1527969 0.1048319 0.1177195 0.2409751 0.1553177 0.1348899 0.1146028 0.1394474 0.1311235 0.0858263 0.1321599 0.0859060 0.0861902 0.1394134 0.1099766 0.1226236 0.1165255 0.1026496 0.1040603 0.1094620 0.1841360 0.1278444 0.1239772 0.1422378 0.1348252 0.1551493 0.1169027 0.2276297 0.1198087 0.1445412 0.1343876 0.1346950 0.1481874 0.2093496 0.0818095 0.2155739 0.1441932 0.1457395 0.1305558 0.1335223 0.1381503 0.1184231 0.2200102 0.1198069 0.1323642 0.1023732 0.1064600 0.1330236 0.1498106 0.1460824 0.1186344 0.1371885 0.1085004 0.1392995 0.1526182 0.1456777 0.1484610 0.1341624 0.1118367 0.1189877 0.1265660 0.1263257 0.1286611 0.1204946 0.1168454 0.1318689 0.1231696 0.1204898 0.1222884 0.0858779 0.1168856 0.1005724 0.1189634 0.1216537 0.0895193 0.1232822 
S0282         0.5761656 0.5432652 0.5303741 0.0774515 0.0720478 0.0353723 0.2359819 0.0549939 0.0574649 0.0919862 0.1320251 0.0000000 0.0805282 0.0758384 0.0320461 0.0457351 0.1441647 0.1232005 0.1277123 0.0902564 0.1265070 0.0891039 0.0665930 0.0873724 0.0727393 0.0191036 0.0223427 0.1026883 0.0971829 0.0865449 0.0777350 0.0759320 0.1009149 0.1259785 0.0741328 0.0828654 0.0864473 0.1252206 0.1311059 0.1109837 0.0488828 0.0210595 0.0968468 0.0888109 0.0941462 0.0722381 0.0179409 0.0949986 0.1091086 0.1889740 0.0891151 0.1275523 0.0996418 0.0222813 0.0769610 0.0726295 0.0175804 0.0742696 0.0746494 0.0949233 0.0945379 0.0809050 0.1119758 0.0791969 0.0717468 0.0624559 0.1366056 0.1065806 0.0832790 0.0937093 0.0793449 0.0388992 0.1091717 0.1879576 0.0976806 0.1355245 0.1241989 0.0817310 0.0891746 0.1675858 0.0703476 0.1687303 0.0910675 0.0776410 0.0866843 0.1274942 0.0486966 0.0808695 0.1736295 0.0129945 0.0350468 0.0616794 0.0804644 0.0960715 0.1230727 0.1346200 0.0813562 0.0967391 0.1148615 0.1241017 0.1270177 0.0268415 0.1314088 0.0781206 0.0601949 0.0116298 0.0176047 0.0331716 0.0758064 0.0398249 0.0964759 0.0729401 0.0734456 0.1020972 0.0337574 0.0742454 0.0889484 0.1037532 0.0779422 0.0115987 0.0977763 0.0283763 
S0289         0.5490001 0.5772193 0.5211555 0.1044379 0.1011588 0.1232398 0.2194459 0.0912180 0.0720626 0.0469559 0.1106213 0.0805282 0.0000000 0.0910667 0.1214087 0.1080906 0.0893362 0.1126507 0.1058356 0.0367113 0.1114610 0.0558575 0.0850731 0.1070796 0.0980279 0.0901573 0.0907254 0.0545989 0.1196533 0.0474508 0.0791508 0.0954703 0.0752297 0.1124133 0.0556037 0.0953321 0.0812912 0.1168310 0.1192730 0.0631177 0.0848093 0.0800416 0.0577911 0.0604010 0.0777440 0.0932914 0.0959175 0.0926214 0.0996636 0.1722105 0.1022900 0.1147416 0.1077019 0.0926058 0.1005630 0.0795986 0.0886858 0.0756536 0.0760781 0.1035688 0.0940209 0.0559033 0.0764019 0.0613117 0.0453704 0.0701105 0.0939384 0.1012313 0.0965360 0.1130575 0.0921728 0.0993177 0.1002208 0.1798353 0.1028854 0.1114679 0.1056454 0.0917882 0.1031106 0.1572346 0.0736020 0.1602399 0.0866348 0.1054056 0.0935033 0.1045515 0.0971666 0.1038238 0.1606693 0.0822444 0.0904382 0.0861383 0.0435434 0.0853142 0.1017307 0.1177262 0.0542161 0.0609334 0.1022740 0.1100516 0.1125525 0.0902398 0.1195255 0.0916339 0.0839607 0.0790260 0.0799914 0.0663760 0.0975933 0.0881724 0.0737270 0.0961607 0.0907758 0.0447078 0.0895114 0.0775256 0.0441453 0.0858717 0.0719005 0.0772791 0.0872609 0.0816571 
S0292         0.6520848 0.4345958 0.5629485 0.0678515 0.0579437 0.0717624 0.2204514 0.0823887 0.0598035 0.1029440 0.1266310 0.0758384 0.0910667 0.0000000 0.1132640 0.0873791 0.1421190 0.1207483 0.1302665 0.0970443 0.1317384 0.1042901 0.0481230 0.0805041 0.0832898 0.0781751 0.0804069 0.1221867 0.1087721 0.1023848 0.0718851 0.0828758 0.1304915 0.1309721 0.0825735 0.0760221 0.0965150 0.1339184 0.1045485 0.1132425 0.0766635 0.0714327 0.1069761 0.0918074 0.0981611 0.0869292 0.0798735 0.0870398 0.1087098 0.1963751 0.1005548 0.1228449 0.0958296 0.0800352 0.0741846 0.0744315 0.0808263 0.0699934 0.0746665 0.0801459 0.0927942 0.0951824 0.1209406 0.0866840 0.0860927 0.0576794 0.1599723 0.1158571 0.0687921 0.0943684 0.0677420 0.0645631 0.1098922 0.2150666 0.0908515 0.1336951 0.1066999 0.0653079 0.0769662 0.1743589 0.0655480 0.1846879 0.0813542 0.0791532 0.0650835 0.1333402 0.0825022 0.0430305 0.1833079 0.0716068 0.0760750 0.0590658 0.0846603 0.1063556 0.1253226 0.1442227 0.0881830 0.1062183 0.1268274 0.1179189 0.1395161 0.0736730 0.1393408 0.0699375 0.0152194 0.0661085 0.0737608 0.0684779 0.0484942 0.0582467 0.0969934 0.0296032 0.0202237 0.1037210 0.0812387 0.0699672 0.1055450 0.0919099 0.0857655 0.0672812 0.0998052 0.0688936 
S0293         0.5993363 0.7263701 0.6037901 0.1164917 0.0682510 0.0387967 0.2662648 0.0804910 0.0729611 0.1216077 0.1875300 0.0320461 0.1214087 0.1132640 0.0000000 0.0681024 0.1816019 0.1646917 0.1817839 0.1262282 0.1573240 0.1196558 0.1023958 0.0988882 0.1029189 0.0380726 0.0450601 0.1310583 0.1339322 0.1170162 0.1073736 0.1094045 0.0865634 0.1595983 0.1022657 0.1083770 0.1239636 0.1814702 0.1431873 0.1482943 0.0675576 0.0391360 0.1327908 0.1293763 0.1321950 0.1021526 0.0479662 0.1280244 0.1490258 0.2508688 0.1294825 0.1593991 0.1464175 0.0386912 0.0986685 0.1029054 0.0424540 0.1052963 0.1109286 0.1195457 0.1324939 0.1127470 0.1519154 0.1138554 0.1009075 0.0815550 0.1163968 0.1483139 0.1127239 0.1177709 0.1062908 0.0392429 0.1419113 0.2403277 0.1433533 0.1906292 0.1622826 0.1131265 0.1185770 0.2317915 0.1022933 0.2331263 0.0910668 0.1093601 0.1139238 0.1706907 0.0675066 0.1235603 0.2374227 0.0339999 0.0578864 0.0900476 0.1132309 0.1297691 0.1741520 0.1651819 0.1191558 0.1222900 0.1576382 0.1616423 0.1483869 0.0531468 0.1803662 0.1098097 0.0926600 0.0344023 0.0383249 0.0604341 0.1255136 0.0575699 0.1259681 0.1055813 0.1031944 0.1385315 0.0586240 0.1052528 0.1175895 0.1382548 0.1094659 0.0321817 0.1322823 0.0575218 
S0294         0.5649028 0.4646339 0.5064859 0.0977323 0.0680855 0.0520505 0.2436307 0.0745602 0.0810269 0.1105466 0.1428409 0.0457351 0.1080906 0.0873791 0.0681024 0.0000000 0.1591809 0.1434272 0.1576380 0.1099612 0.1492449 0.1072658 0.0804625 0.0943556 0.0834876 0.0528592 0.0477786 0.1259527 0.1088619 0.1102828 0.0887312 0.0995064 0.1184744 0.1494698 0.0960841 0.0996576 0.1050183 0.1457669 0.1505911 0.1288177 0.0705175 0.0395986 0.1149643 0.0907654 0.1157406 0.0845725 0.0489224 0.1090475 0.1287839 0.1800334 0.1103384 0.1481904 0.1140830 0.0460166 0.0933861 0.0892511 0.0443212 0.0909462 0.0934099 0.1100994 0.1106365 0.1016869 0.1283535 0.1002358 0.0924394 0.0758706 0.1616481 0.1343949 0.1005901 0.1044054 0.0999707 0.0185243 0.1187006 0.1870808 0.1051440 0.1624888 0.1438156 0.0986474 0.1026549 0.1649793 0.0867290 0.1689961 0.1042954 0.0991234 0.0975099 0.1472909 0.0670753 0.0992916 0.1739156 0.0406312 0.0505541 0.0751848 0.1007734 0.1140775 0.1394777 0.1532140 0.1038824 0.1221372 0.1324313 0.1343122 0.1498796 0.0423113 0.1447639 0.1055810 0.0715807 0.0410278 0.0389955 0.0538544 0.0992251 0.0533717 0.1035191 0.0851829 0.0847967 0.1229598 0.0461375 0.0909162 0.1109075 0.1036635 0.0926830 0.0409852 0.1138929 0.0453259 
S0299         0.5568424 0.6396199 0.5552787 0.1554595 0.1599624 0.1851230 0.2474893 0.1511488 0.1166163 0.0920486 0.1554813 0.1441647 0.0893362 0.1421190 0.1816019 0.1591809 0.0000000 0.1568508 0.1449572 0.0914478 0.1622130 0.0975969 0.1403272 0.1667767 0.1578843 0.1560641 0.1569826 0.0980280 0.1763967 0.0911183 0.1182595 0.1568117 0.1229501 0.1616753 0.0967753 0.1165243 0.1649522 0.1458056 0.1514339 0.1039613 0.1466850 0.1440626 0.0933492 0.1066905 0.1159465 0.1418886 0.1525476 0.1307357 0.1325257 0.2212173 0.1794785 0.1569669 0.1361281 0.1494597 0.1198291 0.1229516 0.1519710 0.1207591 0.1257373 0.1513642 0.1321036 0.1081083 0.1267738 0.1089519 0.0992636 0.1175035 0.1152555 0.1421774 0.1250570 0.1438367 0.1283674 0.1499235 0.1663751 0.2272302 0.1475278 0.1705379 0.1529044 0.1236535 0.1271517 0.2023328 0.1224551 0.2058659 0.1155654 0.1338111 0.1526473 0.1614236 0.1454919 0.1425326 0.2066313 0.1436975 0.1504203 0.1394511 0.0928806 0.1314373 0.1474875 0.1667716 0.1148539 0.1028617 0.1435929 0.1508813 0.1708965 0.1582115 0.1559389 0.1411835 0.1302126 0.1354433 0.1458411 0.1197048 0.1390840 0.1329587 0.1398679 0.1435007 0.1392236 0.1042776 0.1546177 0.1271731 0.0845986 0.1515727 0.1163764 0.1426835 0.1477886 0.1396808 
S0303         0.5568533 0.4439460 0.4851006 0.1267193 0.1290208 0.1287885 0.2555986 0.1227738 0.0945715 0.1146554 0.1314581 0.1232005 0.1126507 0.1207483 0.1646917 0.1434272 0.1568508 0.0000000 0.0647739 0.1200215 0.0151272 0.1323704 0.1170917 0.1343937 0.1346583 0.1210958 0.1176256 0.1276117 0.1416030 0.1127949 0.0879374 0.1176608 0.1532002 0.0151189 0.1070074 0.1153991 0.1499282 0.0924581 0.0087571 0.1176719 0.1275927 0.1196267 0.1227839 0.1205229 0.1253624 0.1139924 0.1279733 0.1287395 0.0068207 0.2457894 0.1428187 0.0152714 0.1069849 0.1295077 0.1197016 0.0932429 0.1229561 0.0905998 0.0957665 0.1515331 0.1352573 0.1154687 0.0513106 0.1117219 0.1030985 0.0983915 0.1792528 0.0487966 0.1155708 0.1238424 0.1163937 0.1464762 0.1420535 0.2252237 0.1131624 0.0638516 0.0741885 0.1200600 0.1287659 0.2198613 0.0880590 0.2246507 0.1171506 0.1192991 0.1280912 0.0656858 0.1378355 0.1297990 0.2161035 0.1134838 0.1245409 0.1005671 0.1070791 0.1345887 0.1465462 0.0220681 0.1143152 0.1308759 0.0865927 0.0166691 0.0221269 0.1233986 0.0759215 0.1239528 0.1015142 0.1072179 0.1102800 0.1052388 0.1200624 0.1104895 0.0918109 0.1226015 0.1248729 0.1302032 0.1260708 0.0928816 0.1103355 0.1363001 0.0995949 0.1131695 0.1276353 0.1122162 
S0308         0.4982830 0.4483224 0.4955060 0.1224232 0.1513684 0.1591591 0.2552064 0.1258113 0.0981526 0.1002402 0.1194435 0.1277123 0.1058356 0.1302665 0.1817839 0.1576380 0.1449572 0.0647739 0.0000000 0.1057656 0.0718651 0.1205167 0.1215042 0.1556743 0.1373053 0.1324797 0.1364938 0.1256063 0.1376555 0.1069844 0.1008268 0.1179068 0.1357099 0.0737081 0.0916076 0.1165729 0.1340904 0.0731258 0.0633611 0.1100458 0.1297020 0.1355889 0.1001511 0.1194157 0.1164234 0.1083295 0.1407248 0.1214896 0.0546033 0.2202316 0.1377139 0.0687530 0.1160640 0.1418329 0.1204138 0.0998379 0.1373135 0.0994839 0.1018792 0.1422469 0.1248931 0.1113430 0.0560219 0.1002544 0.0978670 0.1038316 0.1674156 0.0615771 0.1157007 0.1311383 0.1176376 0.1433526 0.1414829 0.2090043 0.1229710 0.0742788 0.0833428 0.1221715 0.1343825 0.2020533 0.0972203 0.2038275 0.1325526 0.1383196 0.1313848 0.0799933 0.1401083 0.1323399 0.2015270 0.1319980 0.1416642 0.1050092 0.1009529 0.1216510 0.1305929 0.0795803 0.1031869 0.1063046 0.0621841 0.0683230 0.0821858 0.1414824 0.0833915 0.1254386 0.1087587 0.1264575 0.1240235 0.1207637 0.1273815 0.1272213 0.0978259 0.1270480 0.1286255 0.1097613 0.1366671 0.1014933 0.1080554 0.1338311 0.1039279 0.1286499 0.1272802 0.1214625 
S0320         0.5299484 0.5014269 0.5005591 0.1064388 0.1127276 0.1263456 0.2245952 0.1036831 0.0825872 0.0414401 0.1149620 0.0902564 0.0367113 0.0970443 0.1262282 0.1099612 0.0914478 0.1200215 0.1057656 0.0000000 0.1237628 0.0609318 0.0932637 0.1209319 0.1012059 0.0960990 0.0967682 0.0614509 0.1216561 0.0577306 0.0942172 0.0985255 0.0994228 0.1259692 0.0674901 0.0949089 0.0878003 0.1209142 0.1201560 0.0663070 0.0988381 0.0917971 0.0556814 0.0743502 0.0891649 0.0978271 0.1106171 0.0962579 0.0998945 0.1828608 0.1058886 0.1271247 0.1102276 0.0940907 0.0995919 0.0890049 0.0986758 0.0906625 0.0930687 0.1204423 0.0956819 0.0687820 0.0778385 0.0699862 0.0617922 0.0849939 0.1021341 0.1081032 0.0975857 0.1105519 0.0956899 0.1113702 0.1006045 0.1850753 0.1072747 0.1114167 0.1102724 0.1064770 0.1142131 0.1658344 0.0865405 0.1717685 0.0986240 0.1172756 0.1006534 0.1025171 0.1052593 0.0878511 0.1692954 0.0919980 0.1062793 0.0948680 0.0531076 0.0962804 0.1114246 0.1275202 0.0683221 0.0611324 0.1001422 0.1142610 0.1222620 0.0982572 0.1128258 0.1021916 0.0898363 0.0868116 0.0914306 0.0847871 0.1014585 0.0920696 0.0856775 0.1036940 0.0992026 0.0379163 0.0995451 0.0906332 0.0491150 0.0884699 0.0683112 0.0887691 0.0928423 0.0913377 
S0322         0.5186117 0.4906977 0.4756487 0.1360154 0.1493699 0.1435681 0.2706496 0.1338018 0.1027130 0.1175416 0.1469937 0.1265070 0.1114610 0.1317384 0.1573240 0.1492449 0.1622130 0.0151272 0.0718651 0.1237628 0.0000000 0.1354965 0.1278813 0.1448792 0.1413434 0.1253484 0.1242353 0.1326561 0.1423164 0.1170751 0.0949130 0.1280878 0.1377124 0.0065842 0.1183117 0.1320285 0.1437508 0.0961846 0.0216206 0.1232493 0.1302307 0.1227515 0.1254085 0.1215791 0.1342537 0.1222244 0.1343453 0.1302698 0.0121206 0.2231824 0.1430172 0.0131427 0.1189378 0.1318432 0.1296738 0.1018856 0.1260691 0.1015178 0.1019241 0.1524313 0.1359357 0.1172449 0.0588253 0.1174311 0.1042260 0.1062818 0.1818775 0.0543210 0.1345033 0.1427534 0.1332480 0.1511436 0.1443869 0.2174269 0.1223336 0.0636978 0.0902542 0.1223840 0.1326116 0.2103237 0.0992010 0.2093227 0.1362182 0.1392327 0.1393642 0.0669847 0.1397762 0.1440990 0.2062224 0.1198627 0.1292964 0.1082986 0.1157559 0.1376954 0.1544215 0.0160850 0.1154453 0.1227224 0.0884849 0.0271845 0.0161968 0.1334247 0.0787985 0.1350839 0.1181735 0.1164974 0.1169942 0.1131516 0.1337821 0.1174091 0.1032776 0.1325773 0.1385404 0.1373143 0.1286786 0.1035698 0.1162236 0.1347941 0.1111227 0.1199839 0.1317505 0.1138729 
S0327         0.5262573 0.5865292 0.5590327 0.1114056 0.0902549 0.1251251 0.2228304 0.0959178 0.0765282 0.0610146 0.1191171 0.0891039 0.0558575 0.1042901 0.1196558 0.1072658 0.0975969 0.1323704 0.1205167 0.0609318 0.1354965 0.0000000 0.0977924 0.1037577 0.1081099 0.0949893 0.1004043 0.0666064 0.1222218 0.0467383 0.0896460 0.1128175 0.0833678 0.1375556 0.0547976 0.0936816 0.1098963 0.1242647 0.1404035 0.0818016 0.1008821 0.0940237 0.0683237 0.0691329 0.0981143 0.0927944 0.0996609 0.0947722 0.1075907 0.1841893 0.1210567 0.1363282 0.1069673 0.0961455 0.0940512 0.0882448 0.0935343 0.0898887 0.0922682 0.1078839 0.1031604 0.0697788 0.1061449 0.0749991 0.0645420 0.0785869 0.0926970 0.1244138 0.0901022 0.1070659 0.0901183 0.0844181 0.1270293 0.1818550 0.1051742 0.1488073 0.1226110 0.0906648 0.1018175 0.1659603 0.0858081 0.1719317 0.0871223 0.1095043 0.1045697 0.1333685 0.1134980 0.1221524 0.1720543 0.0870414 0.1052766 0.0945798 0.0533759 0.1052919 0.1161703 0.1392825 0.0830057 0.0701012 0.1101443 0.1268724 0.1340171 0.0998674 0.1523559 0.1058508 0.0970978 0.0838451 0.0893237 0.0796643 0.1176563 0.0969012 0.0843990 0.1050747 0.0991379 0.0702663 0.1004324 0.0898598 0.0503988 0.1089599 0.0801093 0.0838536 0.1088852 0.0865341 
S0335         0.6024708 0.4734152 0.6160887 0.0505897 0.0152930 0.0659135 0.2054332 0.0747570 0.0526875 0.0965771 0.1188758 0.0665930 0.0850731 0.0481230 0.1023958 0.0804625 0.1403272 0.1170917 0.1215042 0.0932637 0.1278813 0.0977924 0.0000000 0.0582252 0.0798287 0.0688199 0.0709652 0.1123207 0.0972241 0.0895259 0.0665065 0.0791816 0.1056335 0.1277903 0.0669699 0.0802788 0.0819416 0.1142160 0.1071309 0.1085878 0.0695725 0.0623613 0.0940473 0.0721994 0.0939375 0.0666207 0.0705118 0.0749833 0.1051130 0.1876510 0.0855950 0.1191036 0.0931244 0.0755478 0.0741993 0.0648647 0.0713319 0.0606301 0.0650648 0.0751757 0.0806075 0.0779637 0.0971814 0.0790865 0.0651867 0.0460187 0.1505256 0.1051001 0.0773109 0.0898173 0.0761725 0.0640074 0.1078668 0.1840392 0.0684538 0.1261976 0.1201732 0.0657875 0.0798996 0.1623779 0.0563942 0.1671618 0.0604822 0.0856965 0.0539760 0.1258648 0.0850488 0.0684258 0.1694148 0.0625132 0.0709440 0.0365735 0.0817139 0.1052884 0.1163492 0.1350573 0.0799297 0.1064077 0.1124538 0.1143185 0.1355269 0.0645024 0.1343587 0.0520932 0.0371220 0.0571196 0.0645817 0.0559810 0.0603893 0.0540978 0.0837925 0.0567073 0.0460609 0.1047929 0.0696178 0.0606078 0.0990934 0.0892130 0.0861908 0.0607937 0.0912064 0.0639437 
S0345         0.5815191 0.4972022 0.6199177 0.0739258 0.0541045 0.0898820 0.2309702 0.1163024 0.0734853 0.1053057 0.1634888 0.0873724 0.1070796 0.0805041 0.0988882 0.0943556 0.1667767 0.1343937 0.1556743 0.1209319 0.1448792 0.1037577 0.0582252 0.0000000 0.0915102 0.1113591 0.0919128 0.1161049 0.1084381 0.0987253 0.0761822 0.0863975 0.0919952 0.1343412 0.0833540 0.0947387 0.1141802 0.1452745 0.1482037 0.1252817 0.0853729 0.0757143 0.1366098 0.0732002 0.1131491 0.0943231 0.0789989 0.1074640 0.1383045 0.2204315 0.0997042 0.1414993 0.1336646 0.0878562 0.0906922 0.0773931 0.0959108 0.0799769 0.0792686 0.0921474 0.1138779 0.0900778 0.1290497 0.1083755 0.0853541 0.0572272 0.1101432 0.1316124 0.0956978 0.0995263 0.0917527 0.0735863 0.1043791 0.2296957 0.0958507 0.1619492 0.1227846 0.0922584 0.0940759 0.2074817 0.0761788 0.2102856 0.0825494 0.1036791 0.0702279 0.1499532 0.1045802 0.0999690 0.2146346 0.0952543 0.0906274 0.0595890 0.0800641 0.1236322 0.1114479 0.1359958 0.0962525 0.1064171 0.1207342 0.1349732 0.1273606 0.1026353 0.1361928 0.0350233 0.0807888 0.0864058 0.0912496 0.0759004 0.1008004 0.0943841 0.1015677 0.0779537 0.0803011 0.1171816 0.0885162 0.0761788 0.0979040 0.1096571 0.1077407 0.0890876 0.1044243 0.0787029 
S0376         0.5551972 0.5478282 0.5019916 0.0862537 0.0804426 0.0947543 0.2310306 0.0744501 0.0765676 0.0951892 0.1417393 0.0727393 0.0980279 0.0832898 0.1029189 0.0834876 0.1578843 0.1346583 0.1373053 0.1012059 0.1413434 0.1081099 0.0798287 0.0915102 0.0000000 0.0770816 0.0751567 0.1212366 0.1069597 0.1055859 0.0863385 0.0640284 0.1206355 0.1376238 0.0862146 0.0934390 0.0885923 0.1347126 0.1439903 0.1137836 0.0659412 0.0651834 0.1001761 0.0989964 0.1054222 0.0766474 0.0813264 0.0936073 0.1151772 0.2048217 0.1016328 0.1280589 0.1160102 0.0769704 0.0789011 0.0811009 0.0691217 0.0827747 0.0851355 0.1107262 0.0973120 0.1059252 0.1041391 0.0839476 0.0885514 0.0686773 0.1610446 0.1203525 0.0900630 0.1021293 0.0880050 0.0821296 0.1025877 0.1964610 0.0984048 0.1365709 0.1300951 0.0945276 0.0999523 0.1856111 0.0786900 0.1918100 0.0969941 0.0884904 0.0995926 0.1253778 0.0814074 0.0899438 0.1897835 0.0671540 0.0740844 0.0771532 0.0952359 0.1053832 0.1328711 0.1425551 0.1022316 0.1129901 0.1098511 0.1367784 0.1444330 0.0691543 0.1348507 0.0920609 0.0739521 0.0623744 0.0690137 0.0598434 0.1038498 0.0645783 0.1030153 0.0831937 0.0877017 0.1074242 0.0730620 0.0789809 0.1058474 0.0996372 0.0928777 0.0619761 0.0999389 0.0680897 
S0400         0.6284608 0.5263257 0.5224437 0.0821470 0.0763280 0.0524744 0.2424760 0.0659387 0.0702442 0.0941053 0.1325001 0.0191036 0.0901573 0.0781751 0.0380726 0.0528592 0.1560641 0.1210958 0.1324797 0.0960990 0.1253484 0.0949893 0.0688199 0.1113591 0.0770816 0.0000000 0.0287208 0.1069663 0.0985754 0.0944226 0.0777670 0.0842265 0.1115513 0.1238664 0.0853893 0.0971630 0.0884479 0.1323153 0.1415966 0.1104783 0.0543641 0.0259735 0.0971841 0.0992071 0.0962198 0.0758007 0.0276866 0.0953297 0.1100053 0.1894739 0.0867266 0.1266147 0.1016941 0.0302883 0.0892731 0.0763820 0.0253863 0.0780300 0.0803135 0.1080839 0.0968483 0.0951207 0.1128859 0.0812833 0.0796991 0.0719012 0.1439559 0.1112974 0.0936326 0.1086469 0.0935288 0.0579709 0.1070970 0.1858749 0.1017919 0.1283465 0.1277781 0.0921492 0.1000158 0.1705083 0.0740533 0.1717341 0.0936411 0.0926418 0.0865866 0.1283265 0.0576574 0.0853296 0.1767054 0.0205994 0.0417654 0.0657150 0.0862632 0.0982220 0.1302584 0.1335005 0.0934854 0.1047951 0.1126790 0.1251195 0.1258563 0.0349684 0.1296817 0.0828320 0.0658993 0.0207891 0.0254219 0.0459855 0.0846999 0.0417483 0.0992205 0.0829162 0.0812486 0.1106462 0.0405053 0.0780046 0.0969047 0.1060062 0.0879682 0.0192097 0.0979602 0.0382436 
S0405         0.5981908 0.4928737 0.5252960 0.0858410 0.0765635 0.0387817 0.2459524 0.0646619 0.0626775 0.0985963 0.1345037 0.0223427 0.0907254 0.0804069 0.0450601 0.0477786 0.1569826 0.1176256 0.1364938 0.0967682 0.1242353 0.1004043 0.0709652 0.0919128 0.0751567 0.0287208 0.0000000 0.1089243 0.1000580 0.0930521 0.0781728 0.0841076 0.1101545 0.1203506 0.0840206 0.0867349 0.0991153 0.1330300 0.1356453 0.1180983 0.0560166 0.0196591 0.1012594 0.0942737 0.1025893 0.0796877 0.0238889 0.0981233 0.1095194 0.1933370 0.0975502 0.1254804 0.1026970 0.0256047 0.0808422 0.0750404 0.0255957 0.0766956 0.0789786 0.0970841 0.0971989 0.0932980 0.1097672 0.0876909 0.0819604 0.0646961 0.1452542 0.1064766 0.0896521 0.0957455 0.0831877 0.0355609 0.1069915 0.1949704 0.0982699 0.1323047 0.1291781 0.0856201 0.0932069 0.1766904 0.0727146 0.1778967 0.0945377 0.0822349 0.0890972 0.1252058 0.0524416 0.0870619 0.1830221 0.0177167 0.0365954 0.0598841 0.0848222 0.1007639 0.1358390 0.1323174 0.0916631 0.1075456 0.1202490 0.1218428 0.1221076 0.0285967 0.1303356 0.0904208 0.0660595 0.0178805 0.0192465 0.0348934 0.0866195 0.0417521 0.0990937 0.0790949 0.0795160 0.1091166 0.0320889 0.0766704 0.0955343 0.1038551 0.0879681 0.0193670 0.0978617 0.0318022 
S0407sl       0.5071197 0.6406805 0.5347376 0.1283292 0.0995697 0.1108478 0.2280505 0.1122164 0.0644582 0.0581285 0.1338567 0.1026883 0.0545989 0.1221867 0.1310583 0.1259527 0.0980280 0.1276117 0.1256063 0.0614509 0.1326561 0.0666064 0.1123207 0.1161049 0.1212366 0.1069663 0.1089243 0.0000000 0.1427844 0.0491590 0.0920690 0.1134658 0.0758408 0.1308466 0.0627672 0.1079041 0.1172530 0.1277974 0.1196033 0.0775523 0.1013100 0.1010105 0.0614167 0.0700023 0.0888304 0.1112775 0.1042410 0.1090446 0.1098786 0.1975032 0.1366249 0.1359659 0.1164954 0.1097065 0.1086472 0.0841643 0.1076299 0.0883410 0.0885332 0.1417409 0.1104622 0.0704582 0.0953419 0.0689331 0.0634570 0.1003826 0.0833226 0.1165924 0.1060614 0.1334000 0.1081790 0.0900198 0.1302298 0.2010734 0.1157134 0.1303315 0.1166823 0.1151863 0.1181599 0.1788138 0.0861130 0.1930525 0.0911295 0.1273992 0.1203686 0.1152745 0.1194959 0.1366077 0.1846690 0.1003287 0.1098653 0.1049430 0.0554953 0.0942210 0.1152183 0.1317782 0.0742701 0.0633731 0.1087030 0.1253252 0.1263617 0.1156525 0.1268123 0.1178279 0.1082512 0.0969470 0.0999504 0.0783721 0.1294680 0.1000839 0.0861477 0.1157142 0.1144594 0.0714777 0.1027284 0.0903444 0.0297007 0.1237001 0.0743874 0.0991199 0.1156022 0.1008940 
S0412sl       0.6398808 0.5026629 0.5730964 0.1150989 0.0851587 0.0955312 0.2432571 0.1052178 0.0984217 0.1222465 0.1442864 0.0971829 0.1196533 0.1087721 0.1339322 0.1088619 0.1763967 0.1416030 0.1376555 0.1216561 0.1423164 0.1222218 0.0972241 0.1084381 0.1069597 0.0985754 0.1000580 0.1427844 0.0000000 0.1262151 0.0879930 0.1138154 0.1568972 0.1442754 0.1087906 0.1251115 0.0883422 0.1353122 0.1730563 0.1421693 0.1050276 0.0993701 0.1354013 0.1072685 0.1227833 0.0895411 0.1164510 0.1092959 0.1271831 0.2085826 0.0620871 0.1459743 0.1023045 0.0969628 0.1194005 0.0951130 0.1043931 0.0988719 0.0968651 0.1205720 0.1244423 0.1298105 0.1357381 0.1165224 0.1105726 0.0816307 0.1935313 0.1318885 0.1221773 0.1303466 0.1210410 0.0860082 0.1180798 0.2120196 0.1071940 0.1646372 0.1504004 0.1147950 0.1261623 0.1972426 0.0943180 0.1980763 0.1139892 0.1255329 0.1026840 0.1435025 0.1162912 0.1295209 0.2013432 0.0971916 0.1054672 0.0873169 0.1167595 0.1411719 0.1312445 0.1512653 0.1350531 0.1355303 0.1212474 0.1424708 0.1453106 0.1061828 0.1569815 0.1072351 0.0879162 0.0896854 0.0972535 0.0888985 0.1146664 0.0990477 0.1022935 0.1035032 0.1054980 0.1329086 0.1022191 0.0960929 0.1342940 0.1032795 0.1178091 0.0979679 0.1082419 0.0916683 
S0417         0.4932381 0.4934300 0.5447576 0.0973289 0.0919896 0.1152822 0.2041322 0.0955251 0.0573093 0.0508520 0.1110544 0.0865449 0.0474508 0.1023848 0.1170162 0.1102828 0.0911183 0.1127949 0.1069844 0.0577306 0.1170751 0.0467383 0.0895259 0.0987253 0.1055859 0.0944226 0.0930521 0.0491590 0.1262151 0.0000000 0.0734171 0.1031478 0.0546773 0.1210743 0.0416260 0.0991763 0.1128719 0.1127694 0.1229119 0.0637930 0.0956658 0.0866436 0.0547994 0.0541243 0.0819169 0.0935023 0.1010664 0.0889808 0.0958659 0.1679457 0.1163173 0.1203257 0.1016588 0.0842230 0.0937380 0.0683811 0.0909906 0.0681510 0.0721825 0.1181608 0.0903909 0.0491445 0.0868820 0.0610950 0.0488823 0.0773431 0.0684254 0.0968354 0.0937600 0.1085953 0.0915472 0.0942240 0.1094492 0.1730548 0.0881679 0.1198743 0.1082041 0.0897849 0.1010244 0.1547707 0.0661645 0.1559347 0.0768271 0.1071776 0.1073001 0.1134611 0.1031515 0.1160516 0.1607018 0.0844732 0.0959426 0.0874180 0.0352836 0.0814607 0.0986850 0.1186583 0.0579635 0.0548214 0.0988146 0.1080635 0.1155693 0.0983407 0.1219544 0.0962551 0.0938861 0.0812401 0.0821913 0.0739774 0.1141522 0.0860344 0.0778683 0.0926380 0.0999583 0.0574204 0.0908582 0.0699802 0.0291310 0.1018303 0.0682223 0.0812483 0.0940058 0.0794952 
S0419         0.5370254 0.5044850 0.5268670 0.0765698 0.0677004 0.0888716 0.1925809 0.0770236 0.0118313 0.0731855 0.0856706 0.0777350 0.0791508 0.0718851 0.1073736 0.0887312 0.1182595 0.0879374 0.1008268 0.0942172 0.0949130 0.0896460 0.0665065 0.0761822 0.0863385 0.0777670 0.0781728 0.0920690 0.0879930 0.0734171 0.0000000 0.0832785 0.0765594 0.0978253 0.0567007 0.0900327 0.0890207 0.1025069 0.1011951 0.0890601 0.0788218 0.0719833 0.0837130 0.0680556 0.0752040 0.0694506 0.0776694 0.0541123 0.0823296 0.1614798 0.0876684 0.0900867 0.0785874 0.0820225 0.0805787 0.0129729 0.0819745 0.0114815 0.0086014 0.0876572 0.0588173 0.0647004 0.0847883 0.0662513 0.0537964 0.0514576 0.1243508 0.0827261 0.0851732 0.0892109 0.0864870 0.0643425 0.0653543 0.1682062 0.0703395 0.1076130 0.0923326 0.0712800 0.0800663 0.1415873 0.0085405 0.1497107 0.0767578 0.0881183 0.0705997 0.0969161 0.0771055 0.0886347 0.1519531 0.0685000 0.0770768 0.0502300 0.0714197 0.0844232 0.1001518 0.1006431 0.0684301 0.0793993 0.0908453 0.0905697 0.0995404 0.0815721 0.1069957 0.0721358 0.0656887 0.0673702 0.0698548 0.0534789 0.0856644 0.0665770 0.0746798 0.0734615 0.0721400 0.1016154 0.0724098 0.0114779 0.0788024 0.0657106 0.0753618 0.0725856 0.0559542 0.0623196 
S0427         0.6000762 0.4782855 0.5106010 0.0876521 0.0778478 0.0839630 0.2186928 0.0781143 0.0751734 0.0960562 0.1182586 0.0759320 0.0954703 0.0828758 0.1094045 0.0995064 0.1568117 0.1176608 0.1179068 0.0985255 0.1280878 0.1128175 0.0791816 0.0863975 0.0640284 0.0842265 0.0841076 0.1134658 0.1138154 0.1031478 0.0832785 0.0000000 0.1282370 0.1230039 0.0878160 0.0863510 0.0949545 0.1153361 0.1301518 0.1123417 0.0806730 0.0708473 0.1022306 0.1029211 0.1019235 0.0840737 0.0766533 0.0929488 0.1107066 0.2114358 0.1073692 0.1206172 0.1155511 0.0878166 0.0781384 0.0759352 0.0758387 0.0797137 0.0801326 0.1134917 0.1000792 0.0976622 0.1076253 0.0865958 0.0872883 0.0772361 0.1483533 0.0995208 0.0827328 0.1068096 0.0847857 0.0839455 0.1009407 0.1975914 0.1018733 0.1288979 0.1130975 0.0934550 0.1006391 0.1933149 0.0756460 0.1890927 0.1010421 0.0934021 0.0970054 0.1216522 0.0881327 0.0915460 0.1876025 0.0732397 0.0870579 0.0738025 0.0897650 0.1018199 0.1279453 0.1293380 0.0940281 0.1029102 0.0915092 0.1235708 0.1309397 0.0836319 0.1344438 0.0944300 0.0713837 0.0682977 0.0752930 0.0650465 0.1037485 0.0773029 0.0947524 0.0827373 0.0870705 0.1054030 0.0834551 0.0796873 0.1027014 0.0925299 0.0934158 0.0704497 0.0966768 0.0788948 
