119
CRNC          0.0000000 0.1305660 0.1912442 0.2134100 0.2494719 0.2239054 0.2207398 0.2094782 0.2400820 0.2636878 0.2444450 0.2132177 0.2408231 0.2185891 0.2433206 0.2210095 0.2165521 0.2279473 0.2202370 0.2050452 0.2401575 0.2032163 0.2353807 0.2685280 0.2433554 0.2181754 0.2178312 0.2345456 0.2525966 0.2371863 0.2290366 0.2449179 0.2688996 0.2295272 0.2196989 0.1987064 0.2350250 0.2530208 0.2208891 0.2340992 0.2305734 0.2382751 0.2392172 0.2480425 0.2244844 0.2279855 0.2248267 0.2261351 0.2280195 0.2219313 0.2414342 0.2212189 0.2239532 0.2279855 0.2184850 0.2369045 0.2391742 0.2158585 0.2411068 0.2316794 0.2310841 0.2356956 0.2254944 0.2430526 0.2586146 0.2205471 0.2127611 0.2392433 0.2309676 0.2463270 0.2130449 0.2299834 0.2654599 0.2596170 0.2803521 0.2255596 0.2132076 0.2061092 0.2322855 0.2301606 0.2187457 0.2373117 0.2482527 0.1915417 0.2187420 0.2161052 0.2213190 0.2278838 0.2662357 0.2154119 0.2318992 0.2309808 0.2622573 0.2395596 0.2459069 0.2349831 0.2257299 0.2193491 0.2107719 0.2304841 0.2495213 0.2120186 0.2195559 0.2291628 0.2123849 0.2479284 0.2271898 0.2547206 0.2244714 0.2329065 0.2299958 0.2239626 0.2299332 0.2103865 0.1953489 0.2156002 0.1989063 0.2228990 0.2305819 
HYZL          0.1305660 0.0000000 0.0788673 0.1724337 0.2163371 0.1775256 0.1666965 0.1657502 0.1829671 0.2054944 0.1879933 0.1723719 0.2017663 0.1540540 0.1997925 0.1863295 0.1938703 0.1832324 0.1807153 0.1687465 0.1689939 0.1870681 0.1712594 0.1834654 0.2174768 0.1771166 0.1721274 0.1741362 0.2007352 0.1844833 0.1670104 0.1980762 0.2241954 0.1843925 0.1609054 0.1872227 0.1827869 0.1890427 0.1658302 0.1777788 0.1863933 0.2143533 0.1937675 0.1753192 0.1756502 0.1673340 0.1753764 0.1669124 0.2036387 0.1780526 0.1683739 0.1581018 0.1856500 0.1722257 0.1827557 0.1868127 0.1771661 0.1804814 0.1934299 0.1778108 0.1677177 0.1801813 0.1852343 0.1858752 0.1697529 0.1772197 0.1869752 0.1802662 0.1832878 0.1966579 0.1660823 0.1695312 0.1855028 0.1951620 0.1860286 0.1849303 0.1818672 0.1664512 0.1763400 0.1696812 0.1880841 0.1570128 0.1954234 0.1626469 0.1603888 0.1534852 0.1795597 0.2033011 0.1725880 0.1709141 0.1677293 0.1671256 0.1866684 0.1842406 0.2111901 0.1786246 0.1807893 0.1757134 0.1659637 0.1741326 0.1617648 0.1486165 0.1764975 0.1823478 0.1625615 0.1843036 0.1684081 0.2052611 0.1590751 0.1707044 0.1779296 0.1993312 0.1785588 0.1759344 0.1560243 0.1793832 0.1854957 0.1821078 0.2025429 
MYZV          0.1912442 0.0788673 0.0000000 0.1905148 0.2709375 0.1699715 0.1636524 0.1530512 0.1703955 0.1922028 0.1758254 0.1646934 0.1801705 0.1608532 0.1928133 0.1787130 0.1975015 0.1808923 0.1694737 0.1558738 0.1764163 0.1847613 0.1948054 0.2059379 0.2164172 0.1695644 0.1644559 0.1613141 0.1853613 0.1930214 0.1590010 0.1957741 0.2560647 0.1820809 0.1576120 0.1761298 0.1854272 0.1815559 0.1578887 0.1716518 0.1898069 0.1978139 0.2018891 0.1676241 0.1677486 0.1629565 0.1727355 0.1642274 0.1966531 0.1755352 0.1761800 0.1502815 0.1743522 0.1643806 0.1801018 0.1813143 0.1645390 0.1680064 0.1810440 0.1751104 0.1748178 0.1726191 0.1827553 0.1835983 0.1772594 0.1759810 0.1758911 0.1608130 0.1721137 0.1947304 0.1583084 0.1768188 0.1701007 0.1932402 0.1641968 0.1826290 0.1901409 0.1588611 0.1637609 0.1670559 0.1870361 0.1738849 0.2039110 0.1843941 0.1673894 0.1551595 0.1771856 0.1851636 0.1871996 0.1630866 0.1599655 0.1593716 0.1941013 0.1817402 0.2095293 0.1810795 0.1834833 0.1632563 0.1581896 0.1645194 0.1584850 0.1550892 0.1687912 0.1749274 0.1749059 0.1928147 0.1654032 0.2142768 0.1661528 0.1785013 0.1753292 0.1810486 0.1761636 0.1630538 0.1476304 0.1718298 0.1613636 0.2067606 0.1845329 
SRR6441723    0.2134100 0.1724337 0.1905148 0.0000000 0.0109995 0.0272333 0.0951210 0.0336398 0.0426991 0.0637571 0.0437218 0.0339608 0.0519266 0.0207170 0.0405003 0.0485168 0.0515949 0.0502820 0.0671512 0.0439889 0.0539075 0.0445594 0.0086880 0.0237633 0.0573733 0.0271764 0.0272094 0.0476698 0.0518844 0.0446543 0.0244060 0.0582952 0.0602254 0.0505402 0.0398475 0.0469872 0.0547027 0.0612273 0.0432626 0.0369399 0.0328523 0.0587678 0.0570111 0.0371828 0.0316446 0.0402455 0.0473006 0.0464547 0.0372295 0.0471798 0.0633346 0.0339226 0.0403178 0.0369213 0.0369134 0.0433994 0.0369101 0.0399791 0.0471148 0.0399145 0.0578507 0.0338581 0.0431736 0.0298123 0.0471510 0.0578257 0.0503963 0.0611242 0.0541811 0.0556099 0.0526316 0.0538744 0.0652813 0.0708139 0.0605226 0.0431912 0.0332386 0.0549283 0.0370903 0.0433625 0.0538832 0.0302473 0.0707682 0.0399525 0.0402846 0.0401852 0.0240899 0.0439982 0.0326290 0.0339059 0.0406199 0.0404985 0.0417395 0.0434959 0.0518994 0.0471451 0.0474142 0.0466884 0.0270470 0.0616950 0.0175226 0.0148036 0.0271134 0.0402496 0.0304702 0.0366047 0.0282662 0.0466537 0.0176618 0.0208949 0.0512335 0.0408430 0.0441773 0.0486815 0.0363770 0.0370762 0.0413786 0.0608625 0.0447026 
ERR4210213    0.2494719 0.2163371 0.2709375 0.0109995 0.0000000 0.0371141 0.0817087 0.0229389 0.0480479 0.0630421 0.0232662 0.0234614 0.0648416 0.0229389 0.0234614 0.0244225 0.0363589 0.0351518 0.0980123 0.0363589 0.0232655 0.0365018 0.0109995 0.0229534 0.0109995 0.0234614 0.0234614 0.0790140 0.0361023 0.0646287 0.0480479 0.0356640 0.0507351 0.0351518 0.0608856 0.0352299 0.0359712 0.0751142 0.0353748 0.0229534 0.0240791 0.0617647 0.0229389 0.0361410 0.0387313 0.0351518 0.0237135 0.0477275 0.0361670 0.0354895 0.0797094 0.0358599 0.0230623 0.0351518 0.0234614 0.0356615 0.0351518 0.0350454 0.0478429 0.0229389 0.0491529 0.0364979 0.0352770 0.0229534 0.0229389 0.0498294 0.0490868 0.0907933 0.0361410 0.0514991 0.0243901 0.0477275 0.0613410 0.0351518 0.0648232 0.0475817 0.0466993 0.0489705 0.0356405 0.0477275 0.0765427 0.0625188 0.0351518 0.0109995 0.0746446 0.0496480 0.0234614 0.0230339 0.0363191 0.0646287 0.0506881 0.0506881 0.0232655 0.0229389 0.0493900 0.0485809 0.0356615 0.0000010 0.0234614 0.0356405 0.0229534 0.0241805 0.0113355 0.0491977 0.0632427 0.0229389 0.0119846 0.0478429 0.0229389 0.0229389 0.0646287 0.0113820 0.0485210 0.0646287 0.0246183 0.0229389 0.0000010 0.0353000 0.0647471 
ERR2789774    0.2239054 0.1775256 0.1699715 0.0272333 0.0371141 0.0000000 0.0858453 0.0178403 0.0292069 0.0646659 0.0273284 0.0117312 0.0484709 0.0274256 0.0177598 0.0279584 0.0632541 0.0436206 0.0672654 0.0480519 0.0471588 0.0486861 0.0309192 0.0372054 0.0476016 0.0057400 0.0057467 0.0409138 0.0444714 0.0481375 0.0182493 0.0477238 0.0620219 0.0438427 0.0366270 0.0336218 0.0370502 0.0579406 0.0472440 0.0209506 0.0068701 0.0632807 0.0536196 0.0339385 0.0119915 0.0240820 0.0406395 0.0431761 0.0211105 0.0405366 0.0643130 0.0117202 0.0272340 0.0209414 0.0146173 0.0341818 0.0209353 0.0239259 0.0305435 0.0366880 0.0579462 0.0306478 0.0399208 0.0208260 0.0405116 0.0367486 0.0300374 0.0494457 0.0334232 0.0381480 0.0315822 0.0504926 0.0546008 0.0638397 0.0567714 0.0270053 0.0336489 0.0514782 0.0210349 0.0437658 0.0464117 0.0406131 0.0637988 0.0370830 0.0478914 0.0402366 0.0087453 0.0340134 0.0378082 0.0306907 0.0373352 0.0372240 0.0330059 0.0402174 0.0635316 0.0541572 0.0441159 0.0418299 0.0057141 0.0547266 0.0271328 0.0213223 0.0086899 0.0176541 0.0273059 0.0439842 0.0185299 0.0578324 0.0242460 0.0276669 0.0548564 0.0309081 0.0276074 0.0452385 0.0191323 0.0338411 0.0196129 0.0504420 0.0212201 
PAFTOL_019361 0.2207398 0.1666965 0.1636524 0.0951210 0.0817087 0.0858453 0.0000000 0.0910741 0.0960171 0.1246916 0.1123285 0.0858384 0.1184267 0.0877055 0.1026159 0.1006110 0.0907255 0.0933369 0.0935468 0.1003163 0.0977014 0.1059034 0.0952985 0.1061151 0.1204152 0.0856590 0.0779670 0.0997150 0.0997109 0.1133020 0.0854277 0.1160174 0.0603033 0.0938609 0.1064790 0.1030519 0.1141875 0.1043653 0.1085322 0.1035277 0.0963981 0.1286397 0.1155936 0.1002232 0.0938138 0.0993071 0.0902595 0.0735036 0.1026606 0.0892985 0.0970197 0.0850415 0.0991404 0.0951604 0.0977469 0.1034424 0.0951263 0.0944342 0.0995979 0.0944759 0.0920846 0.0959926 0.0983936 0.0985613 0.0899602 0.1017745 0.0975822 0.1229434 0.1023411 0.1142425 0.0843008 0.0821350 0.1266290 0.1064646 0.1119309 0.0902784 0.0950402 0.0902834 0.0956461 0.0745849 0.1100286 0.1066702 0.1063878 0.1106546 0.1078389 0.0742936 0.0866924 0.1042242 0.1080581 0.0907054 0.1047249 0.1043688 0.0933894 0.0992341 0.1270115 0.1080086 0.0944963 0.0987133 0.0851926 0.0885796 0.0947078 0.0807787 0.0861024 0.1019044 0.0872656 0.1085625 0.0860457 0.1216060 0.0837359 0.0885649 0.0995078 0.1006629 0.1050295 0.0978111 0.0746028 0.0999060 0.1174335 0.1291976 0.0981163 
S0055         0.2094782 0.1657502 0.1530512 0.0336398 0.0229389 0.0178403 0.0910741 0.0000000 0.0159968 0.0597657 0.0337587 0.0242670 0.0415120 0.0210506 0.0306120 0.0381262 0.0631640 0.0435637 0.0671681 0.0411572 0.0470964 0.0484359 0.0375025 0.0458945 0.0545230 0.0178031 0.0177626 0.0342144 0.0591984 0.0405649 0.0182263 0.0546612 0.0220403 0.0437850 0.0365801 0.0338626 0.0476063 0.0577393 0.0471815 0.0272256 0.0214483 0.0595922 0.0467703 0.0338945 0.0283157 0.0240518 0.0405855 0.0431204 0.0343255 0.0404836 0.0423051 0.0242414 0.0308244 0.0208425 0.0272058 0.0204634 0.0209092 0.0177379 0.0305045 0.0366409 0.0578668 0.0306081 0.0398695 0.0270619 0.0404588 0.0367383 0.0336515 0.0493720 0.0334136 0.0449892 0.0351610 0.0504253 0.0543849 0.0568058 0.0566866 0.0269718 0.0336059 0.0514082 0.0210084 0.0437081 0.0470300 0.0473601 0.0567698 0.0437246 0.0441248 0.0401844 0.0211046 0.0479980 0.0288812 0.0306509 0.0372866 0.0371757 0.0329490 0.0401653 0.0552312 0.0505742 0.0440574 0.0566475 0.0146715 0.0545101 0.0335148 0.0212426 0.0177627 0.0304247 0.0272714 0.0405698 0.0249813 0.0577533 0.0210733 0.0244276 0.0478389 0.0447860 0.0243703 0.0382164 0.0258620 0.0240041 0.0196129 0.0504551 0.0345053 
S0196sl       0.2400820 0.1829671 0.1703955 0.0426991 0.0480479 0.0292069 0.0960171 0.0159968 0.0000000 0.0638594 0.0247507 0.0338862 0.0482296 0.0247801 0.0430463 0.0442926 0.0577928 0.0515251 0.0697395 0.0429913 0.0470502 0.0531844 0.0432943 0.0605067 0.0664054 0.0291241 0.0290309 0.0424701 0.0577605 0.0476594 0.0000022 0.0621900 0.0587462 0.0518865 0.0467005 0.0380759 0.0570518 0.0475274 0.0470609 0.0334302 0.0323049 0.0575238 0.0517351 0.0247990 0.0446997 0.0039263 0.0474522 0.0656354 0.0435807 0.0517052 0.0492232 0.0385465 0.0204862 0.0079165 0.0381196 0.0121031 0.0039263 0.0289485 0.0162443 0.0376152 0.0476413 0.0291409 0.0421908 0.0333360 0.0291651 0.0469681 0.0377506 0.0449739 0.0332539 0.0490378 0.0347582 0.0617695 0.0623419 0.0374163 0.0444538 0.0376689 0.0519617 0.0570932 0.0080008 0.0666670 0.0469477 0.0625647 0.0464287 0.0476297 0.0525017 0.0615912 0.0338648 0.0686569 0.0539947 0.0380657 0.0292642 0.0291479 0.0315034 0.0424752 0.0576462 0.0335736 0.0520677 0.0617260 0.0245812 0.0431499 0.0334774 0.0295762 0.0290303 0.0426796 0.0377976 0.0474037 0.0394694 0.0521485 0.0246973 0.0338731 0.0571802 0.0591042 0.0162956 0.0425714 0.0221411 0.0244679 0.0128258 0.0378231 0.0341183 
S0278         0.2636878 0.2054944 0.1922028 0.0637571 0.0630421 0.0646659 0.1246916 0.0597657 0.0638594 0.0000000 0.0883250 0.0647355 0.0600561 0.0688300 0.0807200 0.0871502 0.0480463 0.0879401 0.1094171 0.0374586 0.0841949 0.0593081 0.0564626 0.0794195 0.1046207 0.0645228 0.0646064 0.0383139 0.0955148 0.0411630 0.0622753 0.1086952 0.0444674 0.0884424 0.0601273 0.0800455 0.0879444 0.1011590 0.0376751 0.0761072 0.0653284 0.0770856 0.0834721 0.0602216 0.0669186 0.0722056 0.0847807 0.0870661 0.0644041 0.0837790 0.0792546 0.0729276 0.0646421 0.0721430 0.0761625 0.0701612 0.0683050 0.0755088 0.0802896 0.0639680 0.1013794 0.0601527 0.0676367 0.0755809 0.0765013 0.0836263 0.0840022 0.0957608 0.0754671 0.0895703 0.0915475 0.0963810 0.0975116 0.1032386 0.0947937 0.0791853 0.0674956 0.0846304 0.0725055 0.0883974 0.0965156 0.0808849 0.1116072 0.0833266 0.0939905 0.0792742 0.0691210 0.0770959 0.0735833 0.0377097 0.0603515 0.0601588 0.0626307 0.0681902 0.0240389 0.0957687 0.0890538 0.0915515 0.0641760 0.0978108 0.0642619 0.0619906 0.0642866 0.0801646 0.0673246 0.0928579 0.0623687 0.0846677 0.0650241 0.0733827 0.0555191 0.0814721 0.0811863 0.0458646 0.0781757 0.0637350 0.0493186 0.1174355 0.0865255 
S0281         0.2444450 0.1879933 0.1758254 0.0437218 0.0232662 0.0273284 0.1123285 0.0337587 0.0247507 0.0883250 0.0000000 0.0275512 0.0630644 0.0440376 0.0339831 0.0412064 0.0747341 0.0540175 0.0789340 0.0661507 0.0577136 0.0633924 0.0478836 0.0603680 0.0655192 0.0272711 0.0273042 0.0584861 0.0630821 0.0662691 0.0181992 0.0656823 0.0467107 0.0542974 0.0535340 0.0547191 0.0584792 0.0581517 0.0650082 0.0370708 0.0329903 0.0785902 0.0715905 0.0509504 0.0317235 0.0146433 0.0510179 0.0534585 0.0446316 0.0508863 0.0560818 0.0340430 0.0477957 0.0116419 0.0305043 0.0295652 0.0116386 0.0401205 0.0207995 0.0536286 0.0617486 0.0474507 0.0570291 0.0368428 0.0440420 0.0580376 0.0505782 0.0614859 0.0543787 0.0480833 0.0313874 0.0540693 0.0655234 0.0676616 0.0609556 0.0433444 0.0505130 0.0623602 0.0116532 0.0542014 0.0683941 0.0580437 0.0676179 0.0467373 0.0659245 0.0505036 0.0243411 0.0588420 0.0613714 0.0475206 0.0545927 0.0544255 0.0466003 0.0574663 0.0828910 0.0509302 0.0546411 0.0614447 0.0271409 0.0585016 0.0435551 0.0376096 0.0209107 0.0241643 0.0438398 0.0544738 0.0316985 0.0762560 0.0406716 0.0444334 0.0732841 0.0555644 0.0178378 0.0634172 0.0125362 0.0508029 0.0411293 0.0333401 0.0448661 
S0282         0.2132177 0.1723719 0.1646934 0.0339608 0.0234614 0.0117312 0.0858384 0.0242670 0.0338862 0.0647355 0.0275512 0.0000000 0.0560947 0.0341184 0.0116647 0.0314751 0.0633117 0.0372558 0.0566746 0.0520421 0.0373908 0.0527756 0.0377711 0.0370450 0.0480089 0.0057225 0.0117208 0.0447300 0.0380155 0.0556993 0.0216090 0.0442864 0.0475625 0.0374445 0.0435966 0.0338984 0.0370834 0.0548891 0.0511556 0.0274814 0.0103815 0.0712075 0.0611581 0.0375769 0.0184851 0.0306356 0.0342607 0.0368764 0.0276255 0.0373499 0.0649260 0.0148494 0.0307063 0.0274685 0.0086415 0.0390481 0.0273921 0.0241181 0.0373042 0.0436715 0.0477359 0.0375291 0.0469978 0.0241442 0.0308797 0.0338018 0.0302799 0.0492646 0.0272893 0.0419614 0.0351022 0.0440283 0.0445659 0.0503636 0.0414869 0.0272222 0.0339257 0.0445969 0.0275936 0.0373785 0.0466804 0.0441885 0.0537631 0.0441512 0.0552645 0.0405713 0.0028717 0.0342963 0.0376431 0.0375831 0.0410542 0.0409302 0.0198491 0.0473538 0.0717274 0.0477164 0.0376777 0.0380038 0.0116528 0.0445475 0.0337481 0.0279083 0.0028537 0.0177934 0.0340524 0.0513042 0.0186831 0.0654183 0.0308474 0.0345103 0.0589777 0.0311648 0.0344354 0.0527966 0.0226493 0.0408111 0.0063227 0.0474656 0.0278403 
S0289         0.2408231 0.2017663 0.1801705 0.0519266 0.0648416 0.0484709 0.1184267 0.0415120 0.0482296 0.0600561 0.0630644 0.0560947 0.0000000 0.0486694 0.0632658 0.0727272 0.0481734 0.0591049 0.0934105 0.0275392 0.0666021 0.0445022 0.0638515 0.0715283 0.0908079 0.0483665 0.0484276 0.0275592 0.0843944 0.0406872 0.0459880 0.0910262 0.0102914 0.0594213 0.0377431 0.0625544 0.0737797 0.0783155 0.0404687 0.0555756 0.0498993 0.0596967 0.0511196 0.0405406 0.0500774 0.0515380 0.0596094 0.0694467 0.0596865 0.0558764 0.0637426 0.0560220 0.0554018 0.0519515 0.0555356 0.0539195 0.0519346 0.0481682 0.0630116 0.0411999 0.0823481 0.0377589 0.0373118 0.0588034 0.0630707 0.0659562 0.0581818 0.0703428 0.0621561 0.0753155 0.0775509 0.0779006 0.0828160 0.0883699 0.0837621 0.0585919 0.0555747 0.0626647 0.0522011 0.0704586 0.0691273 0.0708702 0.0883095 0.0781464 0.0714866 0.0621922 0.0524707 0.0681519 0.0517335 0.0239591 0.0447292 0.0445926 0.0474585 0.0375919 0.0483782 0.0661133 0.0598092 0.0728836 0.0481201 0.0789397 0.0552320 0.0422303 0.0482456 0.0588418 0.0477604 0.0669408 0.0425226 0.0588585 0.0451752 0.0491201 0.0339100 0.0723236 0.0599981 0.0246780 0.0597420 0.0410621 0.0495560 0.0856699 0.0683386 
S0292         0.2185891 0.1540540 0.1608532 0.0207170 0.0229389 0.0274256 0.0877055 0.0210506 0.0247801 0.0688300 0.0440376 0.0341184 0.0486694 0.0000000 0.0407927 0.0487501 0.0525538 0.0399062 0.0592731 0.0447852 0.0400495 0.0453242 0.0273465 0.0279431 0.0617471 0.0273679 0.0241981 0.0374818 0.0446063 0.0483329 0.0149891 0.0659294 0.0222394 0.0401064 0.0367690 0.0444932 0.0515012 0.0435411 0.0440329 0.0372038 0.0330327 0.0635486 0.0538351 0.0308060 0.0317951 0.0338075 0.0369554 0.0400745 0.0446804 0.0368633 0.0362356 0.0341656 0.0377134 0.0273797 0.0371769 0.0296001 0.0305347 0.0336683 0.0405401 0.0368305 0.0537654 0.0307667 0.0400767 0.0300197 0.0335892 0.0477106 0.0438939 0.0533533 0.0407991 0.0524437 0.0530307 0.0473188 0.0514291 0.0563090 0.0484300 0.0333524 0.0304259 0.0515536 0.0307601 0.0369929 0.0437312 0.0368397 0.0597106 0.0544231 0.0270546 0.0371239 0.0242593 0.0518701 0.0158502 0.0308100 0.0341730 0.0340713 0.0281271 0.0403756 0.0638017 0.0367790 0.0403531 0.0467066 0.0209333 0.0471838 0.0237098 0.0058056 0.0273032 0.0405385 0.0242578 0.0206180 0.0284736 0.0501329 0.0028357 0.0057627 0.0445752 0.0486164 0.0376869 0.0419460 0.0330918 0.0306529 0.0344539 0.0613105 0.0450326 
S0293         0.2433206 0.1997925 0.1928133 0.0405003 0.0234614 0.0177598 0.1026159 0.0306120 0.0430463 0.0807200 0.0339831 0.0116647 0.0632658 0.0407927 0.0000000 0.0416073 0.0789140 0.0507218 0.0753400 0.0627021 0.0543825 0.0635530 0.0445838 0.0507948 0.0621031 0.0115518 0.0177441 0.0551083 0.0475658 0.0628144 0.0313352 0.0622592 0.0471073 0.0509843 0.0502682 0.0472028 0.0508662 0.0655156 0.0616201 0.0338969 0.0175418 0.0789470 0.0681890 0.0476536 0.0248818 0.0371904 0.0477160 0.0468495 0.0341629 0.0475931 0.0640442 0.0241297 0.0404997 0.0338799 0.0145348 0.0485089 0.0338696 0.0369437 0.0440268 0.0503564 0.0655211 0.0441814 0.0537374 0.0272378 0.0475640 0.0504401 0.0432800 0.0612348 0.0469156 0.0524101 0.0455668 0.0538830 0.0621075 0.0714434 0.0607079 0.0401514 0.0472437 0.0554158 0.0340353 0.0474972 0.0605067 0.0546928 0.0713969 0.0509144 0.0624877 0.0438871 0.0086962 0.0477652 0.0516288 0.0442461 0.0512619 0.0511051 0.0374235 0.0541488 0.0792691 0.0580956 0.0513068 0.0567008 0.0176405 0.0622504 0.0403465 0.0345150 0.0086414 0.0239423 0.0406097 0.0582335 0.0318300 0.0727869 0.0374508 0.0411593 0.0698013 0.0445688 0.0410697 0.0599413 0.0328958 0.0475156 0.0265221 0.0649175 0.0343410 
S0294         0.2210095 0.1863295 0.1787130 0.0485168 0.0244225 0.0279584 0.1006110 0.0381262 0.0442926 0.0871502 0.0412064 0.0314751 0.0727272 0.0487501 0.0416073 0.0000000 0.0852241 0.0666423 0.0774162 0.0606678 0.0668997 0.0654054 0.0527933 0.0572051 0.0600447 0.0278986 0.0279335 0.0603067 0.0563819 0.0721858 0.0356037 0.0591571 0.0653646 0.0670039 0.0587108 0.0559684 0.0560905 0.0749527 0.0670286 0.0380905 0.0257159 0.0800868 0.0775864 0.0525064 0.0395266 0.0449250 0.0635517 0.0622789 0.0455871 0.0633800 0.0667266 0.0348423 0.0453675 0.0415612 0.0344867 0.0449214 0.0414405 0.0373307 0.0521109 0.0588191 0.0709031 0.0524390 0.0623608 0.0379241 0.0596798 0.0452118 0.0517128 0.0634773 0.0450722 0.0117976 0.0506065 0.0704975 0.0638766 0.0848789 0.0756549 0.0480833 0.0519831 0.0717536 0.0417575 0.0631790 0.0697813 0.0595462 0.0886823 0.0447029 0.0641025 0.0592388 0.0315158 0.0450461 0.0581784 0.0525194 0.0562729 0.0560954 0.0527075 0.0628564 0.0801831 0.0784095 0.0674464 0.0731250 0.0277626 0.0713172 0.0481993 0.0422579 0.0312057 0.0346159 0.0486516 0.0598767 0.0395409 0.0823035 0.0452500 0.0493326 0.0756146 0.0418149 0.0492225 0.0692757 0.0410255 0.0519073 0.0421559 0.0667514 0.0459525 
S0299         0.2165521 0.1938703 0.1975015 0.0515949 0.0363589 0.0632541 0.0907255 0.0631640 0.0577928 0.0480463 0.0747341 0.0633117 0.0481734 0.0525538 0.0789140 0.0852241 0.0000000 0.0780658 0.0981023 0.0305059 0.0744687 0.0475941 0.0552812 0.0785631 0.0927556 0.0631168 0.0558634 0.0374970 0.0807700 0.0511766 0.0462475 0.0981565 0.0214387 0.0784971 0.0482274 0.0783547 0.0899999 0.0905843 0.0368541 0.0707265 0.0641437 0.0676861 0.0666085 0.0448808 0.0654101 0.0595364 0.0749691 0.0774010 0.0630042 0.0741853 0.0560568 0.0713089 0.0633030 0.0594863 0.0744787 0.0637883 0.0558567 0.0701850 0.0587729 0.0483815 0.0860027 0.0448310 0.0518381 0.0701730 0.0671060 0.0909301 0.0822191 0.0943129 0.0788214 0.0757481 0.0813238 0.0783415 0.0913386 0.0927524 0.0798433 0.0737530 0.0552159 0.0749210 0.0597756 0.0785468 0.0823059 0.0751651 0.1007357 0.0853737 0.0718695 0.0699517 0.0638583 0.0703388 0.0628172 0.0336602 0.0449751 0.0448370 0.0620257 0.0522444 0.0515036 0.0777739 0.0790228 0.0831566 0.0627849 0.0825900 0.0591952 0.0460442 0.0629536 0.0707068 0.0550810 0.0673182 0.0535916 0.0675292 0.0489977 0.0566725 0.0307124 0.0744575 0.0678661 0.0414321 0.0642710 0.0482157 0.0631554 0.0940985 0.0792821 
S0303         0.2279473 0.1832324 0.1808923 0.0502820 0.0351518 0.0436206 0.0933369 0.0435637 0.0515251 0.0879401 0.0540175 0.0372558 0.0591049 0.0399062 0.0507218 0.0666423 0.0780658 0.0000000 0.0508711 0.0657693 0.0056811 0.0666580 0.0582589 0.0502971 0.0801290 0.0435293 0.0435830 0.0577905 0.0583554 0.0658862 0.0408558 0.0764547 0.0337458 0.0000027 0.0532378 0.0616062 0.0765497 0.0534897 0.0646389 0.0538781 0.0447726 0.0820602 0.0569894 0.0506654 0.0453605 0.0503962 0.0000023 0.0532220 0.0621658 0.0000027 0.0705232 0.0432477 0.0581501 0.0469575 0.0469491 0.0571682 0.0469428 0.0466367 0.0575203 0.0398991 0.0400667 0.0471866 0.0431571 0.0467624 0.0265803 0.0649548 0.0504338 0.0606581 0.0612199 0.0741283 0.0589461 0.0608701 0.0652209 0.0458718 0.0369043 0.0499010 0.0537783 0.0513060 0.0471750 0.0539588 0.0716287 0.0639349 0.0458435 0.0647721 0.0610714 0.0537596 0.0405999 0.0658614 0.0419265 0.0472557 0.0542853 0.0541199 0.0037978 0.0434791 0.0823936 0.0465154 0.0000027 0.0000021 0.0433155 0.0369766 0.0536149 0.0373113 0.0367847 0.0504038 0.0470612 0.0569338 0.0418112 0.0612774 0.0366409 0.0402575 0.0728592 0.0625644 0.0545875 0.0630478 0.0499728 0.0505199 0.0642679 0.0828532 0.0624915 
S0308         0.2202370 0.1807153 0.1694737 0.0671512 0.0980123 0.0672654 0.0935468 0.0671681 0.0697395 0.1094171 0.0789340 0.0566746 0.0934105 0.0592731 0.0753400 0.0774162 0.0981023 0.0508711 0.0000000 0.0763763 0.0475574 0.0938586 0.0723191 0.0887182 0.1040451 0.0671188 0.0672050 0.0754037 0.0684231 0.0926837 0.0570194 0.0879047 0.1089933 0.0511351 0.0777150 0.0838431 0.0880273 0.0741993 0.0828104 0.0787175 0.0677604 0.1112003 0.0897890 0.0675743 0.0662408 0.0710235 0.0478577 0.0702043 0.0844957 0.0511591 0.0813670 0.0619303 0.0759006 0.0709629 0.0709581 0.0709763 0.0671935 0.0704415 0.0751050 0.0702477 0.0483027 0.0713368 0.0739145 0.0706477 0.0408524 0.0831713 0.0749512 0.0653195 0.0752293 0.0894944 0.0770066 0.0787655 0.0795583 0.0690908 0.0578633 0.0704203 0.0748922 0.0717488 0.0713132 0.0712381 0.0906738 0.0770543 0.0765170 0.0948289 0.0751987 0.0672009 0.0640861 0.0844783 0.0902943 0.0714524 0.0715743 0.0713427 0.0474730 0.0745164 0.1116930 0.0629073 0.0479740 0.0419235 0.0667620 0.0520765 0.0744916 0.0567663 0.0595239 0.0709335 0.0675130 0.0819366 0.0661359 0.0792555 0.0556756 0.0634961 0.0920358 0.0809687 0.0798233 0.0856589 0.0671312 0.0750117 0.0587532 0.1110549 0.0758578 
S0320         0.2050452 0.1687465 0.1558738 0.0439889 0.0363589 0.0480519 0.1003163 0.0411572 0.0429913 0.0374586 0.0661507 0.0520421 0.0275392 0.0447852 0.0627021 0.0606678 0.0305059 0.0657693 0.0763763 0.0000000 0.0623083 0.0271216 0.0517323 0.0719580 0.0810236 0.0479492 0.0480094 0.0148089 0.0679688 0.0369663 0.0385936 0.0901723 0.0214387 0.0661214 0.0340483 0.0622782 0.0783242 0.0853628 0.0175772 0.0550896 0.0501568 0.0520896 0.0512206 0.0340995 0.0496301 0.0515434 0.0627149 0.0688321 0.0478697 0.0625473 0.0491995 0.0555282 0.0480925 0.0515009 0.0586293 0.0484456 0.0480053 0.0477544 0.0588464 0.0374237 0.0701655 0.0340624 0.0407247 0.0582895 0.0552611 0.0739960 0.0659214 0.0752382 0.0626345 0.0670261 0.0651501 0.0734310 0.0743124 0.0798889 0.0743830 0.0580816 0.0474668 0.0631585 0.0517449 0.0698261 0.0734564 0.0665243 0.0875050 0.0653673 0.0670943 0.0616471 0.0520096 0.0520870 0.0520328 0.0206425 0.0341697 0.0340680 0.0524702 0.0410331 0.0336287 0.0729426 0.0665528 0.0713437 0.0477070 0.0668343 0.0512532 0.0384289 0.0478305 0.0622947 0.0471726 0.0663413 0.0421509 0.0554641 0.0413588 0.0486893 0.0208743 0.0559157 0.0594633 0.0149657 0.0554666 0.0373012 0.0405881 0.0926910 0.0677138 
S0322         0.2401575 0.1689939 0.1764163 0.0539075 0.0232655 0.0471588 0.0977014 0.0470964 0.0470502 0.0841949 0.0577136 0.0373908 0.0666021 0.0400495 0.0543825 0.0668997 0.0744687 0.0056811 0.0475574 0.0623083 0.0000000 0.0706455 0.0584778 0.0460018 0.0842358 0.0470597 0.0471176 0.0544281 0.0549575 0.0661291 0.0376035 0.0805121 0.0341947 0.0057073 0.0568750 0.0654424 0.0730257 0.0537381 0.0612403 0.0575641 0.0449673 0.0862829 0.0606986 0.0473657 0.0490559 0.0505809 0.0057073 0.0568572 0.0624018 0.0057098 0.0637706 0.0467523 0.0547670 0.0505400 0.0505320 0.0525691 0.0471140 0.0501920 0.0577337 0.0433539 0.0402108 0.0507889 0.0466543 0.0503287 0.0174626 0.0688243 0.0540700 0.0569876 0.0578393 0.0705666 0.0627983 0.0646532 0.0617893 0.0426946 0.0299221 0.0534947 0.0574564 0.0514966 0.0507757 0.0576502 0.0718987 0.0641719 0.0493315 0.0686313 0.0612992 0.0574357 0.0441209 0.0697942 0.0376461 0.0508642 0.0509497 0.0507948 0.0037980 0.0470051 0.0866369 0.0467288 0.0057396 0.0077174 0.0468265 0.0371096 0.0538114 0.0374467 0.0402078 0.0540390 0.0506524 0.0606374 0.0454470 0.0615067 0.0367711 0.0437447 0.0693597 0.0664691 0.0583266 0.0669865 0.0538144 0.0541634 0.0641055 0.0869492 0.0663904 
S0327         0.2032163 0.1870681 0.1847613 0.0445594 0.0365018 0.0486861 0.1059034 0.0484359 0.0531844 0.0593081 0.0633924 0.0527756 0.0445022 0.0453242 0.0635530 0.0654054 0.0475941 0.0666580 0.0938586 0.0271216 0.0706455 0.0000000 0.0560049 0.0574576 0.0707760 0.0485807 0.0484596 0.0373538 0.0847939 0.0407359 0.0460509 0.0834007 0.0214387 0.0670200 0.0411850 0.0631173 0.0833287 0.0787294 0.0239690 0.0558244 0.0509563 0.0450193 0.0589978 0.0413141 0.0503077 0.0522614 0.0635663 0.0697583 0.0555158 0.0633944 0.0771563 0.0562748 0.0558984 0.0485019 0.0594150 0.0590535 0.0486707 0.0554073 0.0596779 0.0446923 0.0827280 0.0344991 0.0481002 0.0590658 0.0597323 0.0674885 0.0668140 0.0721942 0.0635901 0.0756650 0.0739462 0.0744369 0.0832004 0.0887718 0.0756779 0.0588524 0.0550674 0.0676961 0.0489201 0.0707795 0.0782711 0.0711946 0.0887108 0.0662450 0.0718158 0.0624700 0.0527072 0.0592869 0.0434713 0.0239855 0.0414004 0.0412743 0.0438945 0.0484733 0.0477940 0.0664551 0.0674628 0.0675898 0.0448128 0.0793050 0.0554782 0.0354514 0.0484596 0.0631346 0.0477844 0.0672455 0.0352375 0.0671961 0.0452054 0.0493417 0.0438685 0.0559865 0.0566469 0.0310936 0.0596894 0.0341617 0.0644246 0.0823113 0.0686553 
S0335         0.2353807 0.1712594 0.1948054 0.0086880 0.0109995 0.0309192 0.0952985 0.0375025 0.0432943 0.0564626 0.0478836 0.0377711 0.0638515 0.0273465 0.0445838 0.0527933 0.0552812 0.0582589 0.0723191 0.0517323 0.0584778 0.0560049 0.0000000 0.0239576 0.0539124 0.0308536 0.0308912 0.0520518 0.0565140 0.0561281 0.0280938 0.0629311 0.0608204 0.0585662 0.0507116 0.0512312 0.0556374 0.0697238 0.0508565 0.0408986 0.0330983 0.0709839 0.0651696 0.0412112 0.0356005 0.0441834 0.0552214 0.0506394 0.0411200 0.0550763 0.0646444 0.0378238 0.0409851 0.0408773 0.0408690 0.0440143 0.0407605 0.0439978 0.0512390 0.0473633 0.0660492 0.0411587 0.0507438 0.0334971 0.0515250 0.0624144 0.0547367 0.0661537 0.0550979 0.0565742 0.0572181 0.0583160 0.0664082 0.0758481 0.0658406 0.0472907 0.0370454 0.0667132 0.0410677 0.0474825 0.0618604 0.0339103 0.0795100 0.0439684 0.0477462 0.0442292 0.0276915 0.0481927 0.0329021 0.0446401 0.0447603 0.0446235 0.0467743 0.0511329 0.0555474 0.0550354 0.0553570 0.0574328 0.0307036 0.0700791 0.0208269 0.0212608 0.0307798 0.0443025 0.0342517 0.0439651 0.0321173 0.0542419 0.0241764 0.0276544 0.0593321 0.0449683 0.0483927 0.0604974 0.0406233 0.0444932 0.0423184 0.0655029 0.0412929 
S0345         0.2685280 0.1834654 0.2059379 0.0237633 0.0229534 0.0372054 0.1061151 0.0458945 0.0605067 0.0794195 0.0603680 0.0370450 0.0715283 0.0279431 0.0507948 0.0572051 0.0785631 0.0502971 0.0887182 0.0719580 0.0460018 0.0574576 0.0239576 0.0000000 0.0656082 0.0324831 0.0325903 0.0614737 0.0728785 0.0568356 0.0333651 0.0462018 0.0487530 0.0504687 0.0541870 0.0708882 0.0561116 0.0691748 0.0606784 0.0456710 0.0328827 0.0881513 0.0639961 0.0507706 0.0389088 0.0552077 0.0463159 0.0500838 0.0515302 0.0461584 0.0889970 0.0416322 0.0612918 0.0502675 0.0457773 0.0610029 0.0505240 0.0502431 0.0649420 0.0548508 0.0850007 0.0511992 0.0543008 0.0319704 0.0552695 0.0609454 0.0600825 0.0761732 0.0559424 0.0621559 0.0625243 0.0602648 0.0760035 0.0885462 0.0607376 0.0451909 0.0456980 0.0712141 0.0510360 0.0459190 0.0695662 0.0364015 0.0885462 0.0557752 0.0505864 0.0507701 0.0283196 0.0559508 0.0285322 0.0513012 0.0561894 0.0559582 0.0467625 0.0548500 0.0785574 0.0647334 0.0510665 0.0522348 0.0324831 0.0752997 0.0155025 0.0200414 0.0323815 0.0554126 0.0417255 0.0368733 0.0249775 0.0681743 0.0280743 0.0328007 0.0609981 0.0516335 0.0558698 0.0681953 0.0403000 0.0505240 0.0840252 0.0691778 0.0622438 
S0376         0.2433554 0.2174768 0.2164172 0.0573733 0.0109995 0.0476016 0.1204152 0.0545230 0.0664054 0.1046207 0.0655192 0.0480089 0.0908079 0.0617471 0.0621031 0.0600447 0.0927556 0.0801290 0.1040451 0.0810236 0.0842358 0.0707760 0.0539124 0.0656082 0.0000000 0.0475007 0.0475597 0.0815526 0.0857818 0.0901215 0.0558691 0.0517516 0.0740528 0.0805641 0.0756657 0.0616872 0.0775605 0.0966902 0.0721172 0.0436276 0.0454713 0.0814155 0.0913183 0.0695197 0.0529184 0.0616892 0.0770936 0.0755555 0.0508576 0.0768851 0.0862368 0.0514337 0.0617999 0.0580813 0.0510092 0.0624785 0.0580624 0.0506053 0.0691871 0.0721217 0.0810970 0.0657715 0.0757229 0.0577414 0.0768423 0.0623646 0.0652940 0.0781941 0.0657954 0.0674802 0.0645573 0.0840854 0.0813878 0.0870558 0.0945076 0.0532620 0.0497751 0.0858169 0.0583582 0.0766474 0.0841017 0.0694342 0.0869972 0.0612251 0.0818959 0.0801066 0.0515171 0.0624406 0.0716091 0.0695507 0.0734552 0.0732222 0.0659080 0.0763272 0.0987221 0.0962203 0.0810938 0.0928362 0.0472630 0.0815707 0.0650162 0.0520066 0.0473841 0.0546414 0.0618502 0.0847435 0.0460304 0.0965237 0.0621407 0.0663756 0.0975509 0.0591481 0.0625768 0.0873357 0.0553023 0.0655837 0.0720702 0.0839982 0.0547088 
S0400         0.2181754 0.1771166 0.1695644 0.0271764 0.0234614 0.0057400 0.0856590 0.0178031 0.0291241 0.0645228 0.0272711 0.0057225 0.0483665 0.0273679 0.0115518 0.0278986 0.0631168 0.0435293 0.0671188 0.0479492 0.0470597 0.0485807 0.0308536 0.0324831 0.0475007 0.0000000 0.0057349 0.0408269 0.0443766 0.0480345 0.0182104 0.0476225 0.0471073 0.0437505 0.0365510 0.0335516 0.0369725 0.0578180 0.0471446 0.0209068 0.0033823 0.0631433 0.0535076 0.0338670 0.0151618 0.0240316 0.0405537 0.0430865 0.0210660 0.0404513 0.0640442 0.0116958 0.0271771 0.0208977 0.0085586 0.0340822 0.0208916 0.0238763 0.0304795 0.0366117 0.0578237 0.0305833 0.0398379 0.0207828 0.0404264 0.0366722 0.0299753 0.0452243 0.0333538 0.0380659 0.0315138 0.0503867 0.0544849 0.0637079 0.0524278 0.0269493 0.0335786 0.0513683 0.0209908 0.0436739 0.0463157 0.0405275 0.0636671 0.0370052 0.0477894 0.0401524 0.0028444 0.0339416 0.0330026 0.0306261 0.0372564 0.0371456 0.0283655 0.0401333 0.0633931 0.0506419 0.0440226 0.0467285 0.0057024 0.0546102 0.0270764 0.0212770 0.0028269 0.0176177 0.0272487 0.0438914 0.0184898 0.0577103 0.0241950 0.0276083 0.0547395 0.0308426 0.0275490 0.0451405 0.0190895 0.0337700 0.0127475 0.0503362 0.0211752 
S0405         0.2178312 0.1721274 0.1644559 0.0272094 0.0234614 0.0057467 0.0779670 0.0177626 0.0290309 0.0646064 0.0273042 0.0117208 0.0484276 0.0241981 0.0177441 0.0279335 0.0558634 0.0435830 0.0672050 0.0480094 0.0471176 0.0484596 0.0308912 0.0325903 0.0475597 0.0057349 0.0000000 0.0408772 0.0444322 0.0480948 0.0182326 0.0476820 0.0471073 0.0438042 0.0365956 0.0335925 0.0337130 0.0541796 0.0472030 0.0209321 0.0034051 0.0632241 0.0535739 0.0339086 0.0151431 0.0240606 0.0406030 0.0431393 0.0210915 0.0405009 0.0633977 0.0117089 0.0272101 0.0208498 0.0146042 0.0339703 0.0209163 0.0239050 0.0305158 0.0366564 0.0578947 0.0306208 0.0398866 0.0208077 0.0404763 0.0367162 0.0300116 0.0492556 0.0333944 0.0313770 0.0315532 0.0504487 0.0545529 0.0637859 0.0489823 0.0269818 0.0336188 0.0514317 0.0210161 0.0437277 0.0463716 0.0405773 0.0637451 0.0370507 0.0478491 0.0402015 0.0087375 0.0339834 0.0288611 0.0306636 0.0373024 0.0371914 0.0285952 0.0401821 0.0634745 0.0504682 0.0440772 0.0468067 0.0028362 0.0546788 0.0271090 0.0213028 0.0086822 0.0176386 0.0272811 0.0439458 0.0184664 0.0577819 0.0242244 0.0276413 0.0477842 0.0308028 0.0275823 0.0451978 0.0189944 0.0303278 0.0266702 0.0503986 0.0212010 
S0407sl       0.2345456 0.1741362 0.1613141 0.0476698 0.0790140 0.0409138 0.0997150 0.0342144 0.0424701 0.0383139 0.0584861 0.0447300 0.0275592 0.0374818 0.0551083 0.0603067 0.0374970 0.0577905 0.0754037 0.0148089 0.0544281 0.0373538 0.0520518 0.0614737 0.0815526 0.0408269 0.0408772 0.0000000 0.0671196 0.0305105 0.0348493 0.0817510 0.0319159 0.0580929 0.0306238 0.0626692 0.0702349 0.0766400 0.0208758 0.0477546 0.0415472 0.0600858 0.0509498 0.0341243 0.0422345 0.0443093 0.0547747 0.0611928 0.0481603 0.0546322 0.0550789 0.0481291 0.0483849 0.0442732 0.0511986 0.0478446 0.0372079 0.0340533 0.0513882 0.0339382 0.0693039 0.0340872 0.0371898 0.0509082 0.0476040 0.0624763 0.0582868 0.0583254 0.0550511 0.0592474 0.0682747 0.0692416 0.0621360 0.0715015 0.0651741 0.0439342 0.0409557 0.0590931 0.0444804 0.0620623 0.0620193 0.0588116 0.0788605 0.0694510 0.0589283 0.0541976 0.0447022 0.0596850 0.0423443 0.0146036 0.0341946 0.0340927 0.0423388 0.0374682 0.0377124 0.0647390 0.0584635 0.0563339 0.0406245 0.0660137 0.0441224 0.0347022 0.0407273 0.0547554 0.0403283 0.0582821 0.0386191 0.0516302 0.0341715 0.0411936 0.0239192 0.0636611 0.0519174 0.0058183 0.0513834 0.0373281 0.0333480 0.0843130 0.0598458 
S0412sl       0.2525966 0.2007352 0.1853613 0.0518844 0.0361023 0.0444714 0.0997109 0.0591984 0.0577605 0.0955148 0.0630821 0.0380155 0.0843944 0.0446063 0.0475658 0.0563819 0.0807700 0.0583554 0.0684231 0.0679688 0.0549575 0.0847939 0.0565140 0.0728785 0.0857818 0.0443766 0.0444322 0.0671196 0.0000000 0.0837529 0.0457085 0.0910495 0.0738753 0.0586642 0.0695040 0.0777875 0.0704987 0.0662297 0.0743361 0.0549486 0.0499776 0.0827639 0.0890084 0.0595505 0.0462811 0.0629281 0.0553108 0.0623020 0.0448263 0.0586920 0.0563362 0.0518217 0.0628403 0.0628752 0.0478695 0.0637551 0.0592209 0.0661337 0.0705973 0.0696363 0.0625817 0.0631997 0.0732724 0.0553380 0.0480606 0.0812938 0.0730219 0.0893112 0.0697169 0.0717022 0.0654188 0.0698952 0.0703415 0.0722181 0.0620020 0.0696573 0.0665293 0.0680977 0.0631812 0.0632039 0.0767565 0.0671770 0.0796648 0.0821228 0.0668287 0.0592594 0.0379984 0.0561272 0.0741507 0.0632992 0.0634071 0.0632056 0.0521615 0.0738645 0.0963156 0.0622559 0.0590427 0.0575225 0.0441544 0.0592894 0.0517903 0.0384853 0.0411065 0.0513988 0.0485573 0.0660810 0.0541776 0.0902608 0.0411931 0.0484945 0.0753155 0.0564296 0.0713576 0.0808924 0.0561020 0.0667774 0.0579080 0.0896605 0.0592334 
S0417         0.2371863 0.1844833 0.1930214 0.0446543 0.0646287 0.0481375 0.1133020 0.0405649 0.0476594 0.0411630 0.0662691 0.0556993 0.0406872 0.0483329 0.0628144 0.0721858 0.0511766 0.0658862 0.0926837 0.0369663 0.0661291 0.0407359 0.0561281 0.0568356 0.0901215 0.0480345 0.0480948 0.0305105 0.0837529 0.0000000 0.0456669 0.0903380 0.0102637 0.0662397 0.0407315 0.0669188 0.0863256 0.0803893 0.0368339 0.0551876 0.0503033 0.0565465 0.0619097 0.0408578 0.0497214 0.0480908 0.0628273 0.0689535 0.0592631 0.0626594 0.0698962 0.0556277 0.0596135 0.0515916 0.0587336 0.0532651 0.0515750 0.0547801 0.0625640 0.0441963 0.0779132 0.0341232 0.0475640 0.0583926 0.0589962 0.0657591 0.0624000 0.0705679 0.0655421 0.0747615 0.0654199 0.0773324 0.0821993 0.0839044 0.0781414 0.0546576 0.0623217 0.0595471 0.0518381 0.0699507 0.0735880 0.0629996 0.0838479 0.0701031 0.0709636 0.0617562 0.0521037 0.0752033 0.0516832 0.0146191 0.0409423 0.0408189 0.0474124 0.0479286 0.0306369 0.0683301 0.0666722 0.0722537 0.0477915 0.0745442 0.0478971 0.0419393 0.0479154 0.0624057 0.0474368 0.0664602 0.0422276 0.0664118 0.0448654 0.0487777 0.0434406 0.0717880 0.0595703 0.0276625 0.0519104 0.0373670 0.0487030 0.0813016 0.0678374 
S0419         0.2290366 0.1670104 0.1590010 0.0244060 0.0480479 0.0182493 0.0854277 0.0182263 0.0000022 0.0622753 0.0181992 0.0216090 0.0459880 0.0149891 0.0313352 0.0356037 0.0462475 0.0408558 0.0570194 0.0385936 0.0376035 0.0460509 0.0280938 0.0333651 0.0558691 0.0182104 0.0182326 0.0348493 0.0457085 0.0456669 0.0000000 0.0560135 0.0587462 0.0410661 0.0340952 0.0382627 0.0452672 0.0413460 0.0379412 0.0278606 0.0181816 0.0609796 0.0512823 0.0247658 0.0290030 0.0059073 0.0378385 0.0374522 0.0317767 0.0377419 0.0495151 0.0248077 0.0249380 0.0059027 0.0278399 0.0123110 0.0029340 0.0244466 0.0119920 0.0341527 0.0447635 0.0280109 0.0374260 0.0242817 0.0278121 0.0415314 0.0344455 0.0391415 0.0313059 0.0390298 0.0288833 0.0412613 0.0487013 0.0472623 0.0384543 0.0244099 0.0310983 0.0420740 0.0059286 0.0378301 0.0412422 0.0378564 0.0541672 0.0447769 0.0345622 0.0344538 0.0214639 0.0491813 0.0250221 0.0280506 0.0280993 0.0280161 0.0247513 0.0377080 0.0612264 0.0377801 0.0413246 0.0433125 0.0181235 0.0415590 0.0243412 0.0121028 0.0181679 0.0278399 0.0246707 0.0308873 0.0254876 0.0480518 0.0119244 0.0182449 0.0418927 0.0458902 0.0121073 0.0425312 0.0161079 0.0312446 0.0132226 0.0376177 0.0285582 
S0427         0.2449179 0.1980762 0.1957741 0.0582952 0.0356640 0.0477238 0.1160174 0.0546612 0.0621900 0.1086952 0.0656823 0.0442864 0.0910262 0.0659294 0.0622592 0.0591571 0.0981565 0.0764547 0.0879047 0.0901723 0.0805121 0.0834007 0.0629311 0.0462018 0.0517516 0.0476225 0.0476820 0.0817510 0.0910495 0.0903380 0.0560135 0.0000000 0.0732602 0.0768685 0.0758473 0.0700133 0.0654493 0.0910987 0.0807797 0.0511757 0.0452035 0.1082706 0.0954269 0.0734109 0.0533922 0.0618441 0.0734167 0.0757367 0.0668673 0.0726654 0.0859828 0.0515657 0.0701427 0.0582284 0.0511392 0.0474124 0.0582095 0.0507333 0.0693581 0.0759923 0.0811854 0.0696132 0.0796319 0.0542960 0.0731775 0.0734619 0.0654559 0.0866093 0.0695619 0.0664707 0.0678373 0.0842860 0.0892895 0.0947664 0.0692993 0.0576808 0.0653756 0.0813811 0.0585057 0.0768340 0.0843024 0.0696062 0.0947017 0.0694774 0.0820958 0.0765344 0.0516489 0.0585880 0.0717016 0.0697231 0.0774050 0.0771580 0.0598269 0.0802729 0.1087372 0.0769837 0.0736007 0.0880289 0.0473836 0.0854597 0.0510050 0.0521413 0.0475056 0.0618575 0.0656195 0.0849465 0.0452693 0.0928610 0.0622970 0.0665425 0.0977796 0.0553248 0.0627352 0.0834882 0.0592708 0.0694134 0.0645517 0.0841979 0.0672227 
S0428sl       0.2688996 0.2241954 0.2560647 0.0602254 0.0507351 0.0620219 0.0603033 0.0220403 0.0587462 0.0444674 0.0467107 0.0475625 0.0102914 0.0222394 0.0471073 0.0653646 0.0214387 0.0337458 0.1089933 0.0214387 0.0341947 0.0214387 0.0608204 0.0487530 0.0740528 0.0471073 0.0471073 0.0319159 0.0738753 0.0102637 0.0587462 0.0732602 0.0000000 0.0337458 0.0457225 0.0615244 0.0879760 0.0719283 0.0454502 0.0462063 0.0512932 0.0625214 0.0220403 0.0471490 0.0489849 0.0340578 0.0227548 0.0457871 0.0610443 0.0340572 0.0715694 0.0599365 0.0616769 0.0341154 0.0603392 0.0595940 0.0340578 0.0471687 0.0463242 0.0220403 0.0475523 0.0349858 0.0338613 0.0460820 0.0337248 0.0607165 0.0470370 0.0877019 0.0471490 0.0892340 0.0489659 0.0457871 0.0719283 0.0458933 0.0758977 0.0456526 0.0733228 0.0339942 0.0341969 0.0457871 0.0739691 0.0887247 0.0457871 0.0602254 0.0721943 0.0338635 0.0471073 0.0758292 0.0226483 0.0102637 0.0618826 0.0618826 0.0235999 0.0220403 0.0213914 0.0331980 0.0342163 0.0000010 0.0471073 0.0345161 0.0465167 0.0234049 0.0341753 0.0739222 0.0447495 0.0220403 0.0230179 0.0463242 0.0222394 0.0220403 0.0327153 0.0625312 0.0610436 0.0102637 0.0354001 0.0223285 0.2959520 0.0589925 0.0907097 
