78
SRR6441723 0.0000000 0.0987769 0.0687254 0.0990854 0.0715320 0.0615727 0.0366274 0.1229848 0.1087423 0.1062085 0.0996150 0.1012756 0.0715122 0.0802953 0.0784546 0.0821176 0.0796424 0.0843118 0.0897180 0.0962482 0.0897305 0.0800143 0.0907278 0.0892492 0.0898906 0.0608704 0.0756283 0.1436971 0.0713982 0.0882461 0.0433254 0.0686844 0.0529405 0.0611261 0.0801920 0.0535959 0.1177473 0.0537063 0.0690621 0.0616900 0.1017508 0.0866758 0.1345933 0.0882925 0.0686233 0.0481114 0.1090815 0.1443112 0.0860652 0.0364246 0.0698819 0.0673660 0.1458026 0.0896978 0.1032975 0.0715320 0.1132044 0.0729042 0.1082083 0.0690015 0.0415229 0.0662564 0.0701328 0.0358957 0.0615727 0.0896978 0.1014907 0.0688727 0.1030339 0.0616619 0.0269935 0.0613005 0.0936413 0.0529405 0.0800143 0.0954922 0.1180701 0.0607924 
ERR2789774 0.0987769 0.0000000 0.0618083 0.1009504 0.1115709 0.1099631 0.0795987 0.1241747 0.1631798 0.1542780 0.1250661 0.1480259 0.1110501 0.1014263 0.1071933 0.1247029 0.1005482 0.1295710 0.1146749 0.0696845 0.1339053 0.1324170 0.1018953 0.1110501 0.1446814 0.0990595 0.1200639 0.1422412 0.0799062 0.1314647 0.0902909 0.1343038 0.0902890 0.0995686 0.1345111 0.0914302 0.1450093 0.0825649 0.0906766 0.0777385 0.1026446 0.1186218 0.1667501 0.1433614 0.1184937 0.1088634 0.1473444 0.1677347 0.1094479 0.1090593 0.0799560 0.0882191 0.1559163 0.1116617 0.1277168 0.1115709 0.1592633 0.1110637 0.1532060 0.1000017 0.0834284 0.1088187 0.1137117 0.1070667 0.1099631 0.1116617 0.1135516 0.0708041 0.1467387 0.0714011 0.0426671 0.1008883 0.1263940 0.0902890 0.1324170 0.1284251 0.1637612 0.0915552 
S0055      0.0687254 0.0618083 0.0000000 0.0721933 0.0889172 0.0703583 0.0617919 0.0892182 0.1062970 0.1164730 0.1004186 0.1018560 0.0789756 0.0703583 0.1056684 0.1097496 0.0448303 0.0849700 0.0635416 0.0684889 0.0904199 0.1078899 0.0702367 0.0789756 0.1187732 0.0611208 0.0762021 0.1108365 0.0696155 0.0889095 0.0532231 0.0807277 0.0697613 0.0704082 0.0805847 0.0538076 0.1187585 0.0623536 0.0448935 0.0351965 0.0706642 0.0700492 0.1318262 0.1178281 0.0782326 0.0659128 0.0890135 0.1323682 0.0373581 0.0776899 0.0445128 0.0596203 0.1221898 0.0793531 0.0461727 0.0889172 0.1138786 0.0885876 0.1269557 0.0694669 0.0607249 0.0667344 0.0806751 0.0764183 0.0703583 0.0793531 0.0793531 0.0138250 0.1010558 0.0446440 0.0129833 0.0621910 0.0544436 0.0697613 0.1078899 0.0786387 0.1233047 0.0447735 
S0281      0.0990854 0.1009504 0.0721933 0.0000000 0.1011451 0.0885593 0.1464402 0.1252143 0.1463636 0.1062879 0.0627693 0.1028461 0.1454448 0.1349476 0.0898736 0.1094722 0.0828581 0.0751085 0.1254021 0.0535085 0.0813548 0.1107003 0.1357265 0.1349476 0.1219392 0.0616953 0.0664345 0.1600468 0.1021957 0.0800108 0.0639541 0.1143802 0.0704169 0.0790386 0.1103488 0.0627240 0.0617093 0.0803320 0.1004405 0.0952927 0.1250378 0.0789987 0.1365825 0.1082955 0.0997708 0.0854021 0.1100590 0.1668770 0.1004449 0.0906902 0.0817432 0.0789459 0.1559431 0.1358617 0.1292970 0.1011451 0.1286648 0.1230547 0.1303124 0.0534466 0.0422542 0.0577842 0.1492205 0.0890924 0.0885593 0.1463297 0.1490230 0.1001802 0.1353019 0.0824573 0.0921898 0.0881249 0.1306853 0.0704169 0.1107003 0.0877716 0.1507653 0.0936856 
S0289      0.0715320 0.1115709 0.0889172 0.1011451 0.0000000 0.0782567 0.0808488 0.1015022 0.0465822 0.0929243 0.1227102 0.0914667 0.1034689 0.1024399 0.0773791 0.0138487 0.0818567 0.0658897 0.1128476 0.0979484 0.0805888 0.0137051 0.1142688 0.1121856 0.0209120 0.0688531 0.0754590 0.1226027 0.0887656 0.0792704 0.0609154 0.1120881 0.0608458 0.0691513 0.1121011 0.0615934 0.1068078 0.0535207 0.0893972 0.0921594 0.1014001 0.1182132 0.1024020 0.1072552 0.0770131 0.0478309 0.0896187 0.1452197 0.1078102 0.0891072 0.0696454 0.0680252 0.1346074 0.1128119 0.1091578 0.0000010 0.1159879 0.0138550 0.0279403 0.0885844 0.0420747 0.0661024 0.1149102 0.0875658 0.0782567 0.1128119 0.1263739 0.0891595 0.1224093 0.0614513 0.0267979 0.0778910 0.0997257 0.0608458 0.0137051 0.1279596 0.0711615 0.0804357 
S0292      0.0615727 0.1099631 0.0703583 0.0885593 0.0782567 0.0000000 0.0772859 0.1003657 0.1575478 0.1036593 0.0615281 0.0902171 0.1105605 0.1009832 0.0772003 0.0978873 0.0901524 0.0739164 0.0920795 0.0966245 0.0795329 0.0963322 0.1125735 0.1105605 0.1065744 0.0518660 0.0654565 0.1261404 0.0612434 0.0782504 0.0601760 0.0915175 0.0601064 0.0682963 0.0914120 0.0447195 0.0942814 0.0356887 0.0707133 0.0487928 0.0897922 0.0978646 0.1317615 0.1057837 0.0682345 0.0672889 0.0889127 0.1477421 0.0882122 0.0705001 0.0687775 0.0601267 0.1376400 0.1013685 0.1141473 0.0782567 0.1250685 0.0797445 0.1145546 0.0700935 0.0506949 0.0564885 0.1131983 0.0693447 0.0000010 0.1111662 0.1244284 0.0879734 0.0619894 0.0606974 0.0413984 0.0136193 0.1041768 0.0601064 0.0963322 0.1071147 0.1456568 0.0793833 
S0293      0.0366274 0.0795987 0.0617919 0.1464402 0.0808488 0.0772859 0.0000000 0.1336236 0.1267512 0.1130632 0.1087135 0.0979193 0.0000010 0.0110096 0.1061989 0.0808488 0.0780498 0.0849893 0.0626453 0.1223502 0.0785160 0.1126527 0.0502429 0.0223507 0.0949056 0.0610442 0.0847790 0.1090872 0.0783849 0.0764596 0.0768887 0.0937861 0.0619900 0.0619900 0.0624796 0.0487240 0.1572228 0.0495170 0.0615291 0.0763947 0.0959746 0.0903863 0.1265254 0.0913154 0.0902207 0.0124456 0.1040098 0.1247464 0.0749788 0.0614886 0.0476819 0.0895412 0.1090872 0.0224790 0.0820017 0.0808488 0.1023791 0.0808488 0.1267463 0.0764596 0.0411280 0.0660850 0.0229964 0.0621533 0.0772859 0.0224790 0.0353776 0.0349427 0.1105866 0.0353949 0.0418876 0.0772859 0.0837282 0.0619900 0.1126527 0.1048904 0.1537775 0.0776128 
S0294      0.1229848 0.1241747 0.0892182 0.1252143 0.1015022 0.1003657 0.1336236 0.0000000 0.1745725 0.1439207 0.1631678 0.1266026 0.1253211 0.1150293 0.1191983 0.1241762 0.1116092 0.1084404 0.1129009 0.0999886 0.1134555 0.1218738 0.1136204 0.1253211 0.1337578 0.0988898 0.0990459 0.2015921 0.0877687 0.1114217 0.1003318 0.1233733 0.1003707 0.1099481 0.1007249 0.0912429 0.1221817 0.0925566 0.0994212 0.0915725 0.0438874 0.1436449 0.1460023 0.1343241 0.0992898 0.0979943 0.1438697 0.2311730 0.1184857 0.1345593 0.0895305 0.1075966 0.2179421 0.1260659 0.1369094 0.1015022 0.1576934 0.1010716 0.1218724 0.1023608 0.0610837 0.0884538 0.1285328 0.1318652 0.1003657 0.1260659 0.1234195 0.1111994 0.1204246 0.0807294 0.1167136 0.0914056 0.1263180 0.1003707 0.1218738 0.1543651 0.1590845 0.1017731 
S0299      0.1087423 0.1631798 0.1062970 0.1463636 0.0465822 0.1575478 0.1267512 0.1745725 0.0000000 0.1931606 0.1967940 0.1882440 0.1267512 0.1247548 0.1202093 0.0465822 0.1293478 0.1562606 0.1393677 0.1394488 0.1601987 0.0224849 0.1669560 0.1408108 0.0346684 0.1349341 0.1544047 0.1625916 0.1601033 0.1555499 0.1070739 0.1593311 0.1376587 0.1376587 0.1803965 0.1213944 0.2117624 0.1239592 0.1616151 0.1555972 0.1696863 0.1720609 0.1444241 0.1406287 0.1532903 0.0510681 0.1361923 0.1454152 0.1446196 0.1361187 0.0912704 0.1183854 0.1625916 0.1421309 0.1379533 0.0465822 0.1783594 0.0465822 0.0462858 0.1555499 0.0883329 0.1470854 0.1276021 0.1379251 0.1575478 0.1421309 0.1666940 0.1068340 0.2009651 0.1237879 0.0713435 0.1575478 0.1600519 0.1376587 0.0224849 0.1891645 0.1254941 0.0771848 
S0303      0.1062085 0.1542780 0.1164730 0.1062879 0.0929243 0.1036593 0.1130632 0.1439207 0.1931606 0.0000000 0.0837641 0.0476806 0.1575029 0.1561906 0.1234575 0.0908519 0.1421337 0.0233845 0.1183734 0.1340655 0.0302513 0.1128836 0.1717813 0.1678387 0.1244067 0.0544091 0.0153356 0.1798691 0.1050329 0.0297901 0.0837764 0.1293572 0.0721622 0.0810301 0.1283115 0.0553268 0.0716847 0.0948007 0.1172005 0.0937445 0.1288508 0.1032714 0.1628824 0.0712232 0.0646576 0.0772835 0.1229784 0.1867634 0.1382407 0.0938576 0.1134325 0.1015277 0.1749462 0.1689687 0.1550419 0.0929243 0.0603088 0.1145638 0.1329276 0.0378006 0.0250867 0.0155599 0.1726421 0.1043402 0.1036593 0.1436151 0.1872230 0.1379291 0.1176293 0.1038317 0.0919599 0.1030961 0.1436845 0.0721622 0.1128836 0.1131095 0.1695097 0.1275890 
S0308      0.0996150 0.1250661 0.1004186 0.0627693 0.1227102 0.0615281 0.1087135 0.1631678 0.1967940 0.0837641 0.0000000 0.0812459 0.1465114 0.1358928 0.1208275 0.1313675 0.1233472 0.0558226 0.1262455 0.1084899 0.0618443 0.1442444 0.1495876 0.1465114 0.1570513 0.0619249 0.0476309 0.1709034 0.1027740 0.0608752 0.0820282 0.1253274 0.0707058 0.0793913 0.1110019 0.0629637 0.0599921 0.0711920 0.1009911 0.0771173 0.1384104 0.0983151 0.1612535 0.0870413 0.1003126 0.0864861 0.1104311 0.1776155 0.1203018 0.0911498 0.1110196 0.0981716 0.1664621 0.1364794 0.1519422 0.1227102 0.1023101 0.1465249 0.1656152 0.0363724 0.0511400 0.0483082 0.1503593 0.0895302 0.0615281 0.1474135 0.1633209 0.1200145 0.1244888 0.1016269 0.0731643 0.0789511 0.1408057 0.0707058 0.1442444 0.1076129 0.1773401 0.1247812 
S0322      0.1012756 0.1480259 0.1018560 0.1028461 0.0914667 0.0902171 0.0979193 0.1266026 0.1882440 0.0476806 0.0812459 0.0000000 0.1488551 0.1380337 0.1087417 0.0913282 0.1252278 0.0227737 0.1164725 0.1100409 0.0218845 0.1111052 0.1520487 0.1488551 0.1224254 0.0451523 0.0225778 0.1738124 0.0913149 0.0290394 0.0717085 0.1272693 0.0534321 0.0616977 0.1038451 0.0458908 0.0610336 0.0818113 0.1024462 0.0659710 0.1247743 0.0912966 0.1482841 0.0606706 0.0624151 0.0885826 0.1189892 0.1710094 0.1220767 0.0926734 0.0993481 0.1078892 0.1597090 0.1497891 0.1663789 0.0914667 0.0613978 0.1127345 0.1308496 0.0368240 0.0327978 0.0232201 0.1528385 0.0909976 0.0902171 0.1497891 0.1535631 0.1217841 0.1384084 0.0903558 0.0594312 0.0897635 0.1547766 0.0534321 0.1111052 0.1006655 0.1666525 0.1121527 
S0400      0.0715122 0.1110501 0.0789756 0.1454448 0.1034689 0.1105605 0.0000010 0.1253211 0.1267512 0.1575029 0.1465114 0.1488551 0.0000000 0.0067166 0.1091767 0.1266038 0.0908029 0.1303192 0.0901545 0.1174724 0.1128064 0.1242097 0.0447400 0.0135630 0.1125265 0.0995924 0.1207689 0.1759825 0.0812898 0.1108108 0.0907780 0.0823858 0.0907778 0.1001076 0.0812508 0.0919303 0.1670967 0.0830185 0.0873913 0.0763947 0.1035372 0.1154235 0.1895694 0.1118586 0.1191302 0.0581901 0.1574542 0.2034226 0.1053306 0.0992098 0.0616330 0.1151795 0.1909762 0.0136087 0.0938436 0.1034689 0.1876018 0.1030191 0.1331378 0.1089933 0.0951059 0.1094525 0.0137957 0.0974375 0.1105605 0.0136087 0.0210137 0.0607553 0.1475544 0.0535369 0.0418876 0.1014392 0.0843633 0.0907778 0.1242097 0.1249021 0.1690820 0.0920557 
S0405      0.0802953 0.1014263 0.0703583 0.1349476 0.1024399 0.1009832 0.0110096 0.1150293 0.1247548 0.1561906 0.1358928 0.1380337 0.0067166 0.0000000 0.0997381 0.1252990 0.0816583 0.1196767 0.0810812 0.1079840 0.1030176 0.1229584 0.0368941 0.0067166 0.1114116 0.0903273 0.1101888 0.1642909 0.0723893 0.1012139 0.0816520 0.0733258 0.0816217 0.0907778 0.0723044 0.0826642 0.1561898 0.0738722 0.0786487 0.0626453 0.0938192 0.1061031 0.1775656 0.1021478 0.1094781 0.0581901 0.1466399 0.1910164 0.0962860 0.0899924 0.0533749 0.1059175 0.1788053 0.0067384 0.0931499 0.1024399 0.1743998 0.1020003 0.1318069 0.0995713 0.0845305 0.0992151 0.0068298 0.0884144 0.1009832 0.0067384 0.0138690 0.0526270 0.1368528 0.0454160 0.0274001 0.0919988 0.0837433 0.0816217 0.1229584 0.1154229 0.1673550 0.0827853 
S0412sl    0.0784546 0.1071933 0.1056684 0.0898736 0.0773791 0.0772003 0.1061989 0.1191983 0.1202093 0.1234575 0.1208275 0.1087417 0.1091767 0.0997381 0.0000000 0.0967214 0.0788978 0.0921471 0.1097977 0.0771158 0.0786260 0.0770151 0.1111318 0.1091767 0.0864185 0.0679452 0.0739223 0.1331901 0.0523998 0.0773729 0.0601177 0.1090867 0.0600480 0.0682348 0.1301900 0.0690509 0.0971451 0.0693044 0.1062550 0.1036830 0.1190495 0.1164675 0.1227073 0.0867619 0.1023140 0.0949397 0.1274745 0.1563985 0.1249806 0.0704360 0.0680304 0.0758042 0.1455883 0.1097655 0.1577564 0.0773791 0.1361960 0.0788305 0.0941825 0.0873491 0.0593800 0.0740735 0.1117434 0.0692819 0.0772003 0.1097655 0.1227877 0.1059943 0.1205350 0.0773110 0.0713581 0.0768453 0.1469009 0.0600480 0.0770151 0.1260464 0.1650458 0.0784783 
S0417      0.0821176 0.1247029 0.1097496 0.1094722 0.0138487 0.0978873 0.0808488 0.1241762 0.0465822 0.0908519 0.1313675 0.0913282 0.1266038 0.1252990 0.0967214 0.0000000 0.1027422 0.0740804 0.1366487 0.0978066 0.0885804 0.0283779 0.1385405 0.1357599 0.0361220 0.0687450 0.0837961 0.1224351 0.1095464 0.0871311 0.0792465 0.1356143 0.0607470 0.0690424 0.1119410 0.0614926 0.1149072 0.0716874 0.1103900 0.0921594 0.1240042 0.1180545 0.0813368 0.1153834 0.0874446 0.0477442 0.0977022 0.1207287 0.1300696 0.1005568 0.0887211 0.0865180 0.1108791 0.1365826 0.1318319 0.0138487 0.1129801 0.0287025 0.0434186 0.0965647 0.0504711 0.0742982 0.1392859 0.0987310 0.0978873 0.1365826 0.1519305 0.1101129 0.1468212 0.0800147 0.0267979 0.0973901 0.1217371 0.0607470 0.0283779 0.1277955 0.0907844 0.1007990 
S0427      0.0796424 0.1005482 0.0448303 0.0828581 0.0818567 0.0901524 0.0780498 0.1116092 0.1293478 0.1421337 0.1233472 0.1252278 0.0908029 0.0816583 0.0788978 0.1027422 0.0000000 0.1073675 0.1024686 0.0703540 0.1123424 0.1009983 0.0923436 0.0908029 0.0904304 0.0800030 0.0981158 0.1374313 0.0783203 0.1103596 0.0634069 0.1018077 0.0809438 0.0817263 0.0808931 0.0724591 0.1122028 0.0732582 0.0690530 0.0927639 0.1114800 0.0996569 0.1159466 0.1325107 0.0984340 0.0565556 0.1018933 0.1616727 0.0613186 0.0892419 0.0540601 0.0770854 0.1504070 0.0912701 0.0624530 0.0818567 0.1376350 0.1024496 0.1203381 0.0889321 0.0613843 0.0876920 0.0928773 0.0876917 0.0901524 0.0912701 0.1033765 0.0365668 0.1385383 0.0542177 0.0590385 0.0896980 0.0630309 0.0809438 0.1009983 0.1091355 0.1311129 0.0730021 
S0430      0.0843118 0.1295710 0.0849700 0.0751085 0.0658897 0.0739164 0.0849893 0.1084404 0.1562606 0.0233845 0.0558226 0.0227737 0.1303192 0.1196767 0.0921471 0.0740804 0.1073675 0.0000000 0.0985314 0.1017393 0.0072443 0.0846683 0.1330204 0.1303192 0.0952377 0.0377380 0.0000023 0.1431129 0.0747810 0.0071389 0.0558625 0.1091317 0.0459252 0.0541296 0.0953041 0.0383577 0.0456460 0.0655169 0.0854491 0.0534303 0.1069391 0.0831442 0.1284485 0.0453887 0.0556653 0.0791304 0.0826160 0.1503676 0.1047601 0.0662324 0.0828906 0.0914262 0.1394029 0.1311212 0.1467472 0.0658897 0.0340151 0.0858743 0.1037636 0.0144791 0.0080370 0.0000025 0.1337688 0.0743673 0.0739164 0.1311212 0.1465711 0.1044798 0.1199880 0.0740283 0.0451753 0.0735575 0.1353569 0.0459252 0.0846683 0.0831442 0.1355720 0.0950066 
S0552sl    0.0897180 0.1146749 0.0635416 0.1254021 0.1128476 0.0920795 0.0626453 0.1129009 0.1393677 0.1183734 0.1262455 0.1164725 0.0901545 0.0810812 0.1097977 0.1366487 0.1024686 0.0985314 0.0000000 0.1415894 0.0836067 0.1339880 0.0916708 0.0901545 0.1464510 0.0816599 0.0892333 0.1538975 0.1126856 0.0821794 0.0912652 0.0443483 0.0912668 0.1006638 0.0815000 0.0739600 0.1343834 0.0834608 0.0453304 0.0109912 0.1026762 0.0892443 0.1592864 0.1019720 0.0902948 0.0773286 0.1368873 0.1802225 0.0617402 0.0997536 0.1014690 0.0794551 0.1681097 0.0906144 0.1302671 0.1128476 0.1311574 0.1360792 0.1550676 0.0808804 0.0622752 0.0789555 0.0921977 0.0979588 0.0920795 0.0906144 0.1026059 0.0814013 0.1151137 0.0922245 0.0267704 0.0916030 0.1288825 0.0912668 0.1339880 0.0983927 0.1249233 0.1147244 
S0558      0.0962482 0.0696845 0.0684889 0.0535085 0.0979484 0.0966245 0.1223502 0.0999886 0.1394488 0.1340655 0.1084899 0.1100409 0.1174724 0.1079840 0.0771158 0.0978066 0.0703540 0.1017393 0.1415894 0.0000000 0.1066235 0.1173881 0.1084900 0.1174724 0.1286466 0.0686076 0.0930050 0.1725153 0.0693833 0.1048452 0.0619611 0.1405407 0.0606181 0.0689040 0.1174201 0.0697370 0.1064910 0.0893590 0.1158094 0.1193616 0.1092870 0.0858902 0.1242984 0.1152119 0.1153440 0.0834300 0.1376957 0.1697535 0.1158099 0.0880694 0.0693953 0.0936566 0.1585288 0.1181124 0.1226874 0.0979484 0.1481702 0.0975588 0.1368647 0.0769962 0.0590584 0.0832519 0.1202432 0.0865626 0.0966245 0.1181124 0.1200803 0.0774613 0.1528458 0.0695796 0.0719781 0.0880677 0.1239377 0.0606181 0.1173881 0.0946297 0.1674367 0.0801561 
S0620      0.0897305 0.1339053 0.0904199 0.0813548 0.0805888 0.0795329 0.0785160 0.1134555 0.1601987 0.0302513 0.0618443 0.0218845 0.1128064 0.1030176 0.0786260 0.0885804 0.1123424 0.0072443 0.0836067 0.1066235 0.0000000 0.0993031 0.1020698 0.1128064 0.1099552 0.0439660 0.0072269 0.1472179 0.0804463 0.0000029 0.0618795 0.0933436 0.0519982 0.0600143 0.1005432 0.0446656 0.0516888 0.0713939 0.0909177 0.0495516 0.1119211 0.0885466 0.1431238 0.0357000 0.0616797 0.0857444 0.0969283 0.1541397 0.1096790 0.0814088 0.0882730 0.0965382 0.1435315 0.1134391 0.1506847 0.0805888 0.0411801 0.1006977 0.1181778 0.0211125 0.0157106 0.0073275 0.1155581 0.0800042 0.0795329 0.1134391 0.1270803 0.1094038 0.1246604 0.0796508 0.0421333 0.0791538 0.1396873 0.0519982 0.0993031 0.0975827 0.1509256 0.1002043 
S0624      0.0800143 0.1324170 0.1078899 0.1107003 0.0137051 0.0963322 0.1126527 0.1218738 0.0224849 0.1128836 0.1442444 0.1111052 0.1242097 0.1229584 0.0770151 0.0283779 0.1009983 0.0846683 0.1339880 0.1173881 0.0993031 0.0000000 0.1357870 0.1331433 0.0068108 0.0863095 0.0847594 0.1442915 0.1076951 0.0976337 0.0689613 0.1216141 0.0780439 0.0867136 0.1331984 0.0789982 0.1264964 0.0706478 0.1085043 0.1235302 0.1217132 0.1388356 0.1230078 0.1079439 0.0947812 0.0655903 0.1088055 0.1463123 0.1277060 0.1081262 0.0693213 0.0852307 0.1572166 0.1339275 0.1293904 0.0137051 0.1281914 0.0283765 0.0278336 0.1074905 0.0513814 0.0848928 0.1247271 0.1061732 0.0963322 0.1339275 0.1487557 0.1082351 0.1438922 0.0788231 0.0560815 0.0958539 0.1195505 0.0780439 0.0000010 0.1490106 0.0796230 0.0706363 
S0641      0.0907278 0.1018953 0.0702367 0.1357265 0.1142688 0.1125735 0.0502429 0.1136204 0.1669560 0.1717813 0.1495876 0.1520487 0.0447400 0.0368941 0.1111318 0.1385405 0.0923436 0.1330204 0.0916708 0.1084900 0.1020698 0.1357870 0.0000000 0.0447400 0.1235417 0.1013233 0.1091066 0.1801569 0.1025169 0.1128333 0.0923147 0.1040799 0.0923204 0.1018612 0.1026417 0.0935141 0.1707600 0.0844138 0.0888006 0.0789572 0.0927568 0.1065876 0.1942227 0.1139270 0.1213371 0.0886761 0.1608523 0.2086227 0.1071274 0.1009239 0.0625392 0.1172152 0.1957374 0.0449247 0.1045887 0.1142688 0.1724995 0.1137284 0.1572529 0.1109412 0.0843572 0.0982554 0.0456188 0.0990807 0.1125735 0.0449247 0.0442189 0.0616330 0.1506790 0.0543019 0.0432999 0.1032401 0.0947815 0.0923204 0.1357870 0.1159799 0.1824902 0.0936413 
S0643      0.0892492 0.1110501 0.0789756 0.1349476 0.1121856 0.1105605 0.0223507 0.1253211 0.1408108 0.1678387 0.1465114 0.1488551 0.0135630 0.0067166 0.1091767 0.1357599 0.0908029 0.1303192 0.0901545 0.1174724 0.1128064 0.1331433 0.0447400 0.0000000 0.1212467 0.0995924 0.1207689 0.1759825 0.0812898 0.1108108 0.0907780 0.0644537 0.0907778 0.1001076 0.0812508 0.0919303 0.1670967 0.0830185 0.0873913 0.0493081 0.1035372 0.1154235 0.1895694 0.1118586 0.1191302 0.0672980 0.1574542 0.2034226 0.1053306 0.0992098 0.0616330 0.1151795 0.1909762 0.0136087 0.1027335 0.1121856 0.1876018 0.1116717 0.1420564 0.1089933 0.0951059 0.1094525 0.0137957 0.0974375 0.1105605 0.0136087 0.0210137 0.0607553 0.1475544 0.0374581 0.0418876 0.1014392 0.0931499 0.0907778 0.1331433 0.1249021 0.1784697 0.0920557 
S0645sl    0.0898906 0.1446814 0.1187732 0.1219392 0.0209120 0.1065744 0.0949056 0.1337578 0.0346684 0.1244067 0.1570513 0.1224254 0.1125265 0.1114116 0.0864185 0.0361220 0.0904304 0.0952377 0.1464510 0.1286466 0.1099552 0.0068108 0.1235417 0.1212467 0.0000000 0.0961091 0.0953584 0.1572166 0.1185484 0.1080615 0.0781637 0.1334124 0.0876351 0.0965825 0.1212163 0.0887121 0.1379819 0.0801449 0.1060923 0.1423160 0.1335521 0.1510240 0.1350469 0.1188354 0.1048320 0.0655903 0.1198288 0.1595320 0.1247924 0.1190363 0.0603295 0.0948728 0.1708646 0.1219330 0.1179441 0.0209120 0.1418671 0.0361115 0.0353980 0.1183316 0.0613057 0.0954626 0.1129482 0.1168160 0.1065744 0.1219330 0.1358805 0.0976387 0.1566610 0.0694243 0.0726785 0.1060238 0.1084292 0.0876351 0.0068108 0.1615687 0.0779576 0.0801300 
S0720      0.0608704 0.0990595 0.0611208 0.0616953 0.0688531 0.0518660 0.0610442 0.0988898 0.1349341 0.0544091 0.0619249 0.0451523 0.0995924 0.0903273 0.0679452 0.0687450 0.0800030 0.0377380 0.0816599 0.0686076 0.0439660 0.0863095 0.1013233 0.0995924 0.0961091 0.0000000 0.0300439 0.1199494 0.0523837 0.0433150 0.0360835 0.0811892 0.0208097 0.0280218 0.0620257 0.0000029 0.0678423 0.0443096 0.0614163 0.0347971 0.0796748 0.0362946 0.0992351 0.0674346 0.0514590 0.0388568 0.0766558 0.1183204 0.0783589 0.0446725 0.0597819 0.0674682 0.1087109 0.1001158 0.1126815 0.0688531 0.0684630 0.0874473 0.1039821 0.0358974 0.0234663 0.0222828 0.1018945 0.0522726 0.0518660 0.1001158 0.1126294 0.0781402 0.0806228 0.0519396 0.0260956 0.0516510 0.1028490 0.0208097 0.0863095 0.0439978 0.1331012 0.0698122 
S0724sl    0.0756283 0.1200639 0.0762021 0.0664345 0.0754590 0.0654565 0.0847790 0.0990459 0.1544047 0.0153356 0.0476309 0.0225778 0.1207689 0.1101888 0.0739223 0.0837961 0.0981158 0.0000023 0.0892333 0.0930050 0.0072269 0.0847594 0.1091066 0.1207689 0.0953584 0.0300439 0.0000000 0.1445595 0.0662053 0.0071709 0.0476735 0.0997353 0.0380942 0.0462012 0.0863170 0.0305363 0.0298554 0.0570794 0.0766246 0.0532285 0.0872840 0.0745540 0.1296451 0.0296990 0.0387847 0.0707027 0.0832169 0.1518855 0.0957763 0.0670242 0.0649817 0.0828720 0.1407605 0.1215052 0.1367112 0.0754590 0.0247755 0.0962501 0.1039082 0.0071985 0.0080784 0.0000020 0.1239569 0.0658540 0.0654565 0.1215052 0.1244980 0.0955057 0.1104687 0.0655568 0.0450199 0.0651456 0.1253819 0.0380942 0.0847594 0.0837557 0.1485302 0.0761497 
S0735      0.1436971 0.1422412 0.1108365 0.1600468 0.1226027 0.1261404 0.1090872 0.2015921 0.1625916 0.1798691 0.1709034 0.1738124 0.1759825 0.1642909 0.1331901 0.1224351 0.1374313 0.1431129 0.1538975 0.1725153 0.1472179 0.1442915 0.1801569 0.1759825 0.1572166 0.1199494 0.1445595 0.0000000 0.1364840 0.1444372 0.1106847 0.1757389 0.1107751 0.1118862 0.1884677 0.1091591 0.1432412 0.0986604 0.1351676 0.1064150 0.1740579 0.1728584 0.0531732 0.1570490 0.1499230 0.1486264 0.0711691 0.0136460 0.1473275 0.1463430 0.1307696 0.1397963 0.0067576 0.1654998 0.1694549 0.1226027 0.1683353 0.1465924 0.1658642 0.1454529 0.1147692 0.1322015 0.1810189 0.1433363 0.1261404 0.1771683 0.1957707 0.1112115 0.1804470 0.1209845 0.0575300 0.1254515 0.1675954 0.1107751 0.1442915 0.1845694 0.2093165 0.1313106 
S0742      0.0713982 0.0799062 0.0696155 0.1021957 0.0887656 0.0612434 0.0783849 0.0877687 0.1601033 0.1050329 0.1027740 0.0913149 0.0812898 0.0723893 0.0523998 0.1095464 0.0783203 0.0747810 0.1126856 0.0693833 0.0804463 0.1076951 0.1025169 0.0812898 0.1185484 0.0523837 0.0662053 0.1364840 0.0000000 0.0791312 0.0531404 0.0915840 0.0530636 0.0612823 0.0914787 0.0532346 0.0995360 0.0622536 0.0892489 0.0619018 0.0695706 0.0990732 0.1381123 0.0988107 0.0859818 0.0664199 0.1097910 0.1604799 0.1076559 0.0632752 0.0604556 0.0774858 0.1493229 0.0816925 0.1004864 0.0887656 0.1140477 0.0709267 0.1267125 0.0708649 0.0506467 0.0571089 0.0830981 0.0622358 0.0612434 0.0816925 0.0932041 0.0790288 0.0906067 0.0525295 0.0420242 0.0532874 0.0911426 0.0530636 0.1076951 0.1084785 0.1700701 0.0706132 
S0748      0.0882461 0.1314647 0.0889095 0.0800108 0.0792704 0.0782504 0.0764596 0.1114217 0.1555499 0.0297901 0.0608752 0.0290394 0.1108108 0.1012139 0.0773729 0.0871311 0.1103596 0.0071389 0.0821794 0.1048452 0.0000029 0.0976337 0.1128333 0.1108108 0.1080615 0.0433150 0.0071709 0.1444372 0.0791312 0.0000000 0.0609105 0.0917292 0.0512165 0.0591029 0.0988202 0.0439937 0.0509167 0.0702448 0.0893894 0.0483229 0.1099487 0.0870964 0.1405113 0.0351856 0.0607150 0.0842491 0.0953401 0.1512753 0.1077988 0.0800622 0.0868348 0.0949634 0.1408923 0.1114193 0.1477734 0.0792704 0.0408195 0.0989795 0.1161540 0.0208130 0.0154624 0.0072696 0.1134603 0.0787061 0.0782504 0.1114193 0.1247198 0.1075299 0.1223929 0.0783642 0.0409556 0.0778848 0.1370162 0.0512165 0.0976337 0.0959680 0.1480053 0.0985040 
S0756      0.0433254 0.0902909 0.0532231 0.0639541 0.0609154 0.0601760 0.0768887 0.1003318 0.1070739 0.0837764 0.0820282 0.0717085 0.0907780 0.0816520 0.0601177 0.0792465 0.0634069 0.0558625 0.0912652 0.0619611 0.0618795 0.0689613 0.0923147 0.0907780 0.0781637 0.0360835 0.0476735 0.1106847 0.0531404 0.0609105 0.0000000 0.0697768 0.0286793 0.0362159 0.0906079 0.0366503 0.0876386 0.0367544 0.0701665 0.0751648 0.0808406 0.0792041 0.1119465 0.0609015 0.0677306 0.0666527 0.0972672 0.1207951 0.0701745 0.0533228 0.0364524 0.0760563 0.1220112 0.0912440 0.0946260 0.0609154 0.0797608 0.0791000 0.0955167 0.0530213 0.0238237 0.0392305 0.0712752 0.0524924 0.0601760 0.0912440 0.1033197 0.0533186 0.1002881 0.0365630 0.0269935 0.0599175 0.0955862 0.0286793 0.0689613 0.0880240 0.1178718 0.0285855 
S0758      0.0686844 0.1343038 0.0807277 0.1143802 0.1120881 0.0915175 0.0937861 0.1233733 0.1593311 0.1293572 0.1253274 0.1272693 0.0823858 0.0733258 0.1090867 0.1356143 0.1018077 0.1091317 0.0443483 0.1405407 0.0933436 0.1216141 0.1040799 0.0644537 0.1334124 0.0811892 0.0997353 0.1757389 0.0915840 0.0917292 0.0697768 0.0000000 0.0907153 0.1000314 0.0627164 0.0735415 0.1452860 0.0829655 0.0614184 0.0113036 0.1020118 0.1097348 0.1579779 0.1108358 0.0999209 0.0577585 0.1358527 0.1886279 0.0783456 0.0991358 0.1008246 0.0967422 0.1906914 0.0828020 0.1386487 0.1120881 0.1395005 0.1350597 0.1538491 0.0902593 0.0619095 0.0891130 0.0631999 0.0973674 0.0915175 0.0828020 0.0945719 0.0992161 0.1143160 0.0733693 0.0575780 0.0910480 0.1279120 0.0907153 0.1216141 0.1194463 0.1184126 0.0902280 
S0760      0.0529405 0.0902890 0.0697613 0.0704169 0.0608458 0.0601064 0.0619900 0.1003707 0.1376587 0.0721622 0.0707058 0.0534321 0.0907778 0.0816217 0.0600480 0.0607470 0.0809438 0.0459252 0.0912668 0.0606181 0.0519982 0.0780439 0.0923204 0.0907778 0.0876351 0.0208097 0.0380942 0.1107751 0.0530636 0.0512165 0.0286793 0.0907153 0.0000000 0.0067146 0.0708533 0.0211253 0.0764430 0.0366798 0.0701101 0.0606573 0.0808082 0.0437323 0.0904506 0.0596079 0.0596281 0.0477442 0.0855161 0.1092915 0.0874658 0.0452137 0.0519911 0.0760140 0.0997862 0.0912456 0.1144750 0.0608458 0.0787983 0.0790637 0.0955340 0.0436663 0.0235503 0.0301214 0.0928548 0.0445240 0.0601064 0.0912456 0.1033728 0.0699151 0.1003267 0.0442423 0.0128283 0.0598479 0.1044579 0.0000010 0.0780439 0.0515288 0.1203375 0.0616818 
S0770      0.0611261 0.0995686 0.0704082 0.0790386 0.0691513 0.0682963 0.0619900 0.1099481 0.1376587 0.0810301 0.0793913 0.0616977 0.1001076 0.0907778 0.0682348 0.0690424 0.0817263 0.0541296 0.1006638 0.0689040 0.0600143 0.0867136 0.1018612 0.1001076 0.0965825 0.0280218 0.0462012 0.1118862 0.0612823 0.0591029 0.0362159 0.1000314 0.0067146 0.0000000 0.0795923 0.0284494 0.0849078 0.0444809 0.0787097 0.0606573 0.0898732 0.0360808 0.0913340 0.0677190 0.0677481 0.0563360 0.0863015 0.1103717 0.0787171 0.0533136 0.0600278 0.0844258 0.1007685 0.1006377 0.1156582 0.0691513 0.0794083 0.0878639 0.1045030 0.0514561 0.0317507 0.0380390 0.1024384 0.0524822 0.0682963 0.1006377 0.1132621 0.0705659 0.1098603 0.0521463 0.0128283 0.0679937 0.1055337 0.0067146 0.0867136 0.0437323 0.1302858 0.0621027 
S0771      0.0801920 0.1345111 0.0805847 0.1103488 0.1121011 0.0914120 0.0624796 0.1007249 0.1803965 0.1283115 0.1110019 0.1038451 0.0812508 0.0723044 0.1301900 0.1119410 0.0808931 0.0953041 0.0815000 0.1174201 0.1005432 0.1331984 0.1026417 0.0812508 0.1212163 0.0620257 0.0863170 0.1884677 0.0914787 0.0988202 0.0906079 0.0627164 0.0708533 0.0795923 0.0000000 0.0545805 0.1299665 0.0625078 0.0515175 0.0348649 0.1019591 0.0886070 0.1327736 0.1288895 0.0906055 0.0308085 0.1097439 0.1852867 0.0675874 0.0899144 0.0801893 0.0966650 0.1734452 0.0816557 0.1142601 0.1121011 0.1544635 0.1352755 0.1542733 0.0784911 0.0605174 0.0764340 0.0830694 0.0883329 0.0914120 0.0816557 0.0932476 0.0789784 0.1029387 0.0715777 0.0574393 0.0909411 0.1042191 0.0708533 0.1331984 0.0977204 0.1295677 0.1139605 
S0795      0.0535959 0.0914302 0.0538076 0.0627240 0.0615934 0.0447195 0.0487240 0.0912429 0.1213944 0.0553268 0.0629637 0.0458908 0.0919303 0.0826642 0.0690509 0.0614926 0.0724591 0.0383577 0.0739600 0.0697370 0.0446656 0.0789982 0.0935141 0.0919303 0.0887121 0.0000029 0.0305363 0.1091591 0.0532346 0.0439937 0.0366503 0.0735415 0.0211253 0.0284494 0.0545805 0.0000000 0.0689447 0.0371329 0.0540649 0.0231317 0.0721490 0.0368690 0.0895771 0.0685223 0.0443665 0.0312634 0.0694479 0.1077279 0.0709873 0.0453956 0.0526247 0.0603488 0.0984109 0.0924103 0.1047546 0.0615934 0.0697324 0.0800417 0.0966861 0.0364587 0.0236656 0.0226445 0.0940593 0.0531187 0.0447195 0.0924103 0.1047186 0.0707804 0.0730263 0.0447843 0.0130085 0.0445368 0.0949192 0.0211253 0.0789982 0.0446997 0.1251875 0.0624499 
S0888      0.1177473 0.1450093 0.1187585 0.0617093 0.1068078 0.0942814 0.1572228 0.1221817 0.2117624 0.0716847 0.0599921 0.0610336 0.1670967 0.1561898 0.0971451 0.1149072 0.1122028 0.0456460 0.1343834 0.1064910 0.0516888 0.1264964 0.1707600 0.1670967 0.1379819 0.0678423 0.0298554 0.1432412 0.0995360 0.0509167 0.0876386 0.1452860 0.0764430 0.0849078 0.1299665 0.0689447 0.0000000 0.0862628 0.1194596 0.1216042 0.1425306 0.1162744 0.1213752 0.0586879 0.0787449 0.1045368 0.0970676 0.1500385 0.1393041 0.1092264 0.1158277 0.1044860 0.1397581 0.1572701 0.1739676 0.1068078 0.0879181 0.1283367 0.1461242 0.0434142 0.0403002 0.0383890 0.1715648 0.1072270 0.0942814 0.1681492 0.1598287 0.1390110 0.1403677 0.1067323 0.1237572 0.0938255 0.1624809 0.0764430 0.1264964 0.1258373 0.1831481 0.1292638 
S0906      0.0537063 0.0825649 0.0623536 0.0803320 0.0535207 0.0356887 0.0495170 0.0925566 0.1239592 0.0948007 0.0711920 0.0818113 0.0830185 0.0738722 0.0693044 0.0716874 0.0732582 0.0655169 0.0834608 0.0893590 0.0713939 0.0706478 0.0844138 0.0830185 0.0801449 0.0443096 0.0570794 0.0986604 0.0622536 0.0702448 0.0367544 0.0829655 0.0366798 0.0444809 0.0625078 0.0371329 0.0862628 0.0000000 0.0626624 0.0484639 0.0731253 0.0894879 0.1028816 0.0796046 0.0604814 0.0585664 0.0806290 0.1190037 0.0800017 0.0624768 0.0447813 0.0688074 0.1093113 0.0741355 0.0961992 0.0535207 0.1043320 0.0715724 0.0881358 0.0621154 0.0242663 0.0482631 0.0849184 0.0614651 0.0356887 0.0834423 0.0953505 0.0624816 0.0617438 0.0370433 0.0132104 0.0355530 0.0864047 0.0366798 0.0706478 0.0986671 0.1364013 0.0542537 
S0959      0.0690621 0.0906766 0.0448935 0.1004405 0.0893972 0.0707133 0.0615291 0.0994212 0.1616151 0.1172005 0.1009911 0.1024462 0.0873913 0.0786487 0.1062550 0.1103900 0.0690530 0.0854491 0.0453304 0.1158094 0.0909177 0.1085043 0.0888006 0.0873913 0.1060923 0.0614163 0.0766246 0.1351676 0.0892489 0.0893894 0.0701665 0.0614184 0.0701101 0.0787097 0.0515175 0.0540649 0.1194596 0.0626624 0.0000000 0.0229018 0.0801148 0.0875661 0.1307426 0.1185158 0.0786337 0.0468629 0.1106355 0.1589485 0.0135522 0.0780844 0.0685076 0.0598999 0.1478795 0.0878192 0.0909283 0.0893972 0.1296498 0.1100520 0.1277060 0.0698120 0.0615941 0.0670906 0.0892975 0.0767984 0.0707133 0.0878192 0.0992690 0.0515189 0.0910171 0.0604661 0.0422508 0.0703864 0.0900535 0.0701101 0.1085043 0.0965124 0.0782667 0.0907528 
S0960      0.0616900 0.0777385 0.0351965 0.0952927 0.0921594 0.0487928 0.0763947 0.0915725 0.1555972 0.0937445 0.0771173 0.0659710 0.0763947 0.0626453 0.1036830 0.0921594 0.0927639 0.0534303 0.0109912 0.1193616 0.0495516 0.1235302 0.0789572 0.0493081 0.1423160 0.0347971 0.0532285 0.1064150 0.0619018 0.0483229 0.0751648 0.0113036 0.0606573 0.0606573 0.0348649 0.0231317 0.1216042 0.0484639 0.0229018 0.0000000 0.0611648 0.0611779 0.0876767 0.0892083 0.0610700 0.0120719 0.0740480 0.1216181 0.0348940 0.0601790 0.0745700 0.0606769 0.1064150 0.0769796 0.1116608 0.0921594 0.0839948 0.0921594 0.1555730 0.0483229 0.0263235 0.0375327 0.0790691 0.0608143 0.0487928 0.0769796 0.0950963 0.0606573 0.0478679 0.0357322 0.0408940 0.0487928 0.1141910 0.0606573 0.1235302 0.0745577 0.1129022 0.0758527 
S1052sl    0.1017508 0.1026446 0.0706642 0.1250378 0.1014001 0.0897922 0.0959746 0.0438874 0.1696863 0.1288508 0.1384104 0.1247743 0.1035372 0.0938192 0.1190495 0.1240042 0.1114800 0.1069391 0.1026762 0.1092870 0.1119211 0.1217132 0.0927568 0.1035372 0.1335521 0.0796748 0.0872840 0.1740579 0.0695706 0.1099487 0.0808406 0.1020118 0.0808082 0.0898732 0.1019591 0.0721490 0.1425306 0.0731253 0.0801148 0.0611648 0.0000000 0.1211099 0.1457415 0.1323837 0.0980565 0.0874396 0.1332400 0.2012642 0.0981924 0.1124703 0.0708774 0.1074826 0.1889038 0.1041108 0.1143105 0.1014001 0.1405594 0.1009712 0.1217118 0.1010373 0.0607332 0.0873131 0.1060519 0.1103347 0.0897922 0.1041108 0.1020529 0.0908849 0.0997115 0.0625094 0.0763815 0.0811190 0.1043131 0.0808082 0.1217132 0.1312209 0.1587552 0.0819517 
S1083      0.0866758 0.1186218 0.0700492 0.0789987 0.1182132 0.0978646 0.0903863 0.1436449 0.1720609 0.1032714 0.0983151 0.0912966 0.1154235 0.1061031 0.1164675 0.1180545 0.0996569 0.0831442 0.0892443 0.0858902 0.0885466 0.1388356 0.1065876 0.1154235 0.1510240 0.0362946 0.0745540 0.1728584 0.0990732 0.0870964 0.0792041 0.1097348 0.0437323 0.0360808 0.0886070 0.0368690 0.1162744 0.0894879 0.0875661 0.0611779 0.1211099 0.0000000 0.1474497 0.1061803 0.0970242 0.0645295 0.1182951 0.1700831 0.0875726 0.0693951 0.1070423 0.1027624 0.1588275 0.1160405 0.1354838 0.1182132 0.1146162 0.1409410 0.1593275 0.0680910 0.0595032 0.0653057 0.1180982 0.0773086 0.0978646 0.1160405 0.1179396 0.0971785 0.1345995 0.0980164 0.0401639 0.0973668 0.1250113 0.0437323 0.1388356 0.0067004 0.1527274 0.1111860 
S1100      0.1345933 0.1667501 0.1318262 0.1365825 0.1024020 0.1317615 0.1265254 0.1460023 0.1444241 0.1628824 0.1612535 0.1482841 0.1895694 0.1775656 0.1227073 0.0813368 0.1159466 0.1284485 0.1592864 0.1242984 0.1431238 0.1230078 0.1942227 0.1895694 0.1350469 0.0992351 0.1296451 0.0531732 0.1381123 0.1405113 0.1119465 0.1579779 0.0904506 0.0913340 0.1327736 0.0895771 0.1213752 0.1028816 0.1307426 0.0876767 0.1457415 0.1474497 0.0000000 0.1526080 0.1409859 0.0987178 0.0524556 0.0525945 0.1423303 0.1373983 0.1319470 0.1392400 0.0446226 0.1644309 0.1666130 0.1024020 0.1629736 0.1248914 0.1436756 0.1313270 0.0907233 0.1181679 0.1950931 0.1345871 0.1317615 0.1908680 0.2104093 0.1323392 0.1583613 0.1220724 0.0744341 0.1310028 0.1549758 0.0904506 0.1230078 0.1584015 0.1739883 0.1324925 
S1110      0.0882925 0.1433614 0.1178281 0.1082955 0.1072552 0.1057837 0.0913154 0.1343241 0.1406287 0.0712232 0.0870413 0.0606706 0.1118586 0.1021478 0.0867619 0.1153834 0.1325107 0.0453887 0.1019720 0.1152119 0.0357000 0.1079439 0.1139270 0.1118586 0.1188354 0.0674346 0.0296990 0.1570490 0.0988107 0.0351856 0.0609015 0.1108358 0.0596079 0.0677190 0.1288895 0.0685223 0.0586879 0.0796046 0.1185158 0.0892083 0.1323837 0.1061803 0.1526080 0.0000000 0.0782324 0.1044213 0.1238789 0.1425673 0.1381279 0.0898700 0.0966211 0.1233689 0.1530920 0.1124806 0.1739029 0.1072552 0.0682572 0.1288782 0.1467145 0.0431829 0.0318751 0.0381760 0.1035287 0.0882989 0.1057837 0.1124806 0.1042610 0.1182338 0.1551632 0.0879054 0.0560127 0.1052431 0.1624738 0.0596079 0.1079439 0.1154839 0.1935626 0.0985802 
S1120      0.0686233 0.1184937 0.0782326 0.0997708 0.0770131 0.0682345 0.0902207 0.0992898 0.1532903 0.0646576 0.1003126 0.0624151 0.1191302 0.1094781 0.1023140 0.0874446 0.0984340 0.0556653 0.0902948 0.1153440 0.0616797 0.0947812 0.1213371 0.1191302 0.1048320 0.0514590 0.0387847 0.1499230 0.0859818 0.0607150 0.0677306 0.0999209 0.0596281 0.0677481 0.0906055 0.0443665 0.0787449 0.0604814 0.0786337 0.0610700 0.0980565 0.0970242 0.1409859 0.0782324 0.0000000 0.0573321 0.0792457 0.1627878 0.0962759 0.0775747 0.0764693 0.0511376 0.1520969 0.1197912 0.1220134 0.0770131 0.1020386 0.0960463 0.1127033 0.0528384 0.0412899 0.0390727 0.1219894 0.0763066 0.0682345 0.0993573 0.1232805 0.0960267 0.0898495 0.0683311 0.0407255 0.0679325 0.1120410 0.0596281 0.0947812 0.1061901 0.1427302 0.0873733 
S1129sl    0.0481114 0.1088634 0.0659128 0.0854021 0.0478309 0.0672889 0.0124456 0.0979943 0.0510681 0.0772835 0.0864861 0.0885826 0.0581901 0.0581901 0.0949397 0.0477442 0.0565556 0.0791304 0.0773286 0.0834300 0.0857444 0.0655903 0.0886761 0.0672980 0.0655903 0.0388568 0.0707027 0.1486264 0.0664199 0.0842491 0.0666527 0.0577585 0.0477442 0.0563360 0.0308085 0.0312634 0.1045368 0.0585664 0.0468629 0.0120719 0.0874396 0.0645295 0.0987178 0.1044213 0.0573321 0.0000000 0.0864514 0.1461992 0.0638467 0.0462436 0.0663987 0.0552627 0.1347519 0.0676334 0.0756817 0.0478309 0.1198401 0.0664859 0.0838199 0.0642067 0.0538358 0.0609112 0.0688357 0.0649865 0.0672889 0.0581901 0.0790711 0.0653729 0.0760202 0.0576102 0.0000021 0.0761057 0.0664905 0.0477442 0.0655903 0.0733954 0.0846658 0.0886478 
S1148      0.1090815 0.1473444 0.0890135 0.1100590 0.0896187 0.0889127 0.1040098 0.1438697 0.1361923 0.1229784 0.1104311 0.1189892 0.1574542 0.1466399 0.1274745 0.0977022 0.1018933 0.0826160 0.1368873 0.1376957 0.0969283 0.1088055 0.1608523 0.1574542 0.1198288 0.0766558 0.0832169 0.0711691 0.1097910 0.0953401 0.0972672 0.1358527 0.0855161 0.0863015 0.1097439 0.0694479 0.0970676 0.0806290 0.1106355 0.0740480 0.1332400 0.1182951 0.0524556 0.1238789 0.0792457 0.0864514 0.0000000 0.0782349 0.1215849 0.1197529 0.1072916 0.0973059 0.0697001 0.1350163 0.1135458 0.0896187 0.1315379 0.1103641 0.1280922 0.0870430 0.0687951 0.0738064 0.1616475 0.1175069 0.0889127 0.1584402 0.1749910 0.1076314 0.1361335 0.0982760 0.0405635 0.0884732 0.1036446 0.0855161 0.1088055 0.1280292 0.1622375 0.1077852 
S1180      0.1443112 0.1677347 0.1323682 0.1668770 0.1452197 0.1477421 0.1247464 0.2311730 0.1454152 0.1867634 0.1776155 0.1710094 0.2034226 0.1910164 0.1563985 0.1207287 0.1616727 0.1503676 0.1802225 0.1697535 0.1541397 0.1463123 0.2086227 0.2034226 0.1595320 0.1183204 0.1518855 0.0136460 0.1604799 0.1512753 0.1207951 0.1886279 0.1092915 0.1103717 0.1852867 0.1077279 0.1500385 0.1190037 0.1589485 0.1216181 0.2012642 0.1700831 0.0525945 0.1425673 0.1627878 0.1461992 0.0782349 0.0000000 0.1720117 0.1596330 0.1535485 0.1628648 0.0066978 0.1924688 0.1972029 0.1452197 0.1635031 0.1711738 0.1911615 0.1523465 0.1118253 0.1395636 0.1944376 0.1562422 0.1477421 0.2048454 0.2255442 0.1328903 0.2071115 0.1432121 0.0732857 0.1468892 0.1950153 0.1092915 0.1463123 0.1815528 0.2239430 0.1420238 
S1189      0.0860652 0.1094479 0.0373581 0.1004449 0.1078102 0.0882122 0.0749788 0.1184857 0.1446196 0.1382407 0.1203018 0.1220767 0.1053306 0.0962860 0.1249806 0.1300696 0.0613186 0.1047601 0.0617402 0.1158099 0.1096790 0.1277060 0.1071274 0.1053306 0.1247924 0.0783589 0.0957763 0.1473275 0.1076559 0.1077988 0.0701745 0.0783456 0.0874658 0.0787171 0.0675874 0.0709873 0.1393041 0.0800017 0.0135522 0.0348940 0.0981924 0.0875726 0.1423303 0.1381279 0.0962759 0.0638467 0.1215849 0.1720117 0.0000000 0.0955568 0.0685156 0.0763452 0.1606149 0.1058730 0.0825716 0.1078102 0.1425872 0.1295827 0.1475322 0.0870503 0.0810761 0.0856904 0.1077014 0.0939251 0.0882122 0.1058730 0.1182128 0.0441130 0.1098499 0.0686957 0.0422508 0.0877807 0.0918195 0.0874658 0.1277060 0.0965175 0.0958145 0.0822220 
S1201sl    0.0364246 0.1090593 0.0776899 0.0906902 0.0891072 0.0705001 0.0614886 0.1345593 0.1361187 0.0938576 0.0911498 0.0926734 0.0992098 0.0899924 0.0704360 0.1005568 0.0892419 0.0662324 0.0997536 0.0880694 0.0814088 0.1081262 0.1009239 0.0992098 0.1190363 0.0446725 0.0670242 0.1463430 0.0632752 0.0800622 0.0533228 0.0991358 0.0452137 0.0533136 0.0899144 0.0453956 0.1092264 0.0624768 0.0780844 0.0601790 0.1124703 0.0693951 0.1373983 0.0898700 0.0775747 0.0462436 0.1197529 0.1596330 0.0955568 0.0000000 0.0790447 0.0761123 0.1485401 0.0997283 0.1234064 0.0891072 0.1031648 0.0908862 0.1272307 0.0611721 0.0519181 0.0578054 0.1014907 0.0286075 0.0705001 0.0997283 0.1121598 0.0778746 0.0894330 0.0706032 0.0262827 0.0701756 0.1133443 0.0452137 0.1081262 0.0778936 0.1657204 0.0904525 
