117
CRNC          0.0000000 0.2462792 0.2789157 0.3289646 0.3285551 0.3181665 0.3269778 0.3356888 0.2937281 0.3381863 0.3194593 0.3821998 0.3730467 0.3178250 0.3731820 0.3141658 0.3672886 0.3099830 0.3081663 0.3730592 0.3091110 0.3606407 0.3191517 0.4433120 0.3422902 0.3426756 0.4112156 0.3322672 0.3475838 0.3170837 0.3684267 0.3037925 0.3447411 0.3244497 0.3326437 0.3927314 0.3811588 0.3484661 0.3496346 0.3411998 0.3477096 0.3487470 0.2986107 0.3623665 0.3434851 0.3320742 0.2980355 0.3528000 0.3411529 0.3048887 0.3354265 0.3038485 0.3369123 0.3137758 0.3549120 0.3527611 0.3558933 0.3469941 0.3636025 0.3328045 0.3516744 0.3921837 0.3470932 0.3544238 0.3402997 0.3177147 0.3310854 0.3471832 0.2993552 0.3774339 0.3342910 0.3753651 0.3214342 0.3212108 0.2780322 0.3457678 0.2981140 0.3494680 0.3539437 0.3344316 0.3342910 0.3201054 0.3232678 0.2777426 0.3302972 0.3450814 0.3359749 0.3458265 0.3530244 0.3447054 0.3299664 0.3026655 0.3912938 0.3142250 0.3107793 0.3146838 0.3259266 0.3573241 0.3386711 0.3467080 0.3432326 0.3114360 0.3400658 0.3157817 0.3183960 0.4703596 0.3491868 0.3353986 0.3686489 0.3239594 0.3439709 0.3484124 0.3256942 0.3377564 0.3189080 0.3414651 0.3333798 
HYZL          0.2462792 0.0000000 0.0940322 0.2822715 0.2804661 0.2610137 0.3085656 0.2938952 0.3389757 0.3194580 0.3091859 0.2738599 0.2775674 0.2953305 0.2987179 0.2845375 0.3120505 0.3831056 0.2910010 0.2887623 0.2864801 0.3335665 0.2666826 0.2790130 0.2847580 0.2800921 0.3718204 0.2835921 0.2949258 0.2878416 0.2109248 0.2808051 0.2795680 0.2946876 0.2855464 0.3449667 0.2918516 0.2989993 0.2971534 0.3008760 0.2982514 0.3448941 0.2778848 0.2732627 0.2830690 0.3146189 0.3343859 0.3102559 0.3237828 0.3331621 0.2990852 0.2872324 0.2854844 0.2645050 0.3016213 0.2998702 0.3202502 0.2794940 0.2965523 0.3000495 0.3340240 0.2503448 0.2446135 0.2730471 0.3129297 0.3121983 0.3255353 0.3054350 0.2981881 0.3037963 0.4129370 0.2221394 0.3022465 0.2998367 0.3071505 0.2934437 0.3087471 0.3934541 0.2877391 0.3005133 0.4129370 0.3006656 0.2954665 0.3135322 0.2825401 0.2935619 0.2940981 0.2776854 0.3353214 0.3271569 0.3129496 0.2748404 0.2802211 0.2950852 0.2804117 0.2850203 0.2709550 0.3100652 0.3171789 0.2934023 0.2946437 0.2657448 0.2996292 0.2883525 0.2876168 0.2834514 0.3075196 0.2942989 0.2611891 0.2942752 0.2919755 0.2697799 0.2977567 0.3288413 0.2899431 0.3067057 0.2973054 
MYZV          0.2789157 0.0940322 0.0000000 0.3138297 0.3066523 0.2786980 0.3365726 0.3123493 0.3670695 0.3156302 0.3157009 0.3162662 0.3289067 0.3140799 0.3447640 0.2993306 0.3075851 0.4010487 0.2993272 0.3405267 0.3123793 0.3441620 0.3097149 0.3432567 0.3053627 0.3310360 0.3830219 0.2840366 0.3134275 0.3148585 0.2253430 0.2956834 0.3081410 0.3262106 0.3123112 0.3613031 0.3372922 0.3198572 0.3237316 0.3531775 0.3275399 0.3497769 0.2951491 0.3265572 0.3196570 0.3061977 0.3090743 0.3049593 0.3251067 0.3402729 0.3019359 0.3069368 0.3036582 0.2888139 0.3202708 0.3184028 0.3525607 0.3228690 0.3255537 0.2932970 0.3528481 0.2921579 0.2870192 0.3169980 0.3366329 0.3279461 0.3479948 0.3415916 0.2883457 0.3183423 0.4324370 0.2516608 0.3255017 0.3167450 0.3029717 0.3118470 0.2857340 0.3878446 0.3101371 0.3195071 0.4324370 0.3185345 0.3137092 0.2975928 0.2897634 0.3192459 0.3125859 0.3085769 0.3542034 0.3458620 0.3144178 0.3025965 0.3248564 0.3110875 0.2955340 0.2998255 0.2951314 0.3156970 0.3363437 0.3231099 0.3133373 0.2901986 0.3276267 0.3064099 0.3049572 0.3261646 0.3385998 0.3246817 0.3042616 0.3083721 0.3102812 0.3046093 0.3272011 0.3551723 0.3019449 0.3447832 0.3113654 
SRR6441723    0.3289646 0.2822715 0.3138297 0.0000000 0.1073202 0.1750619 0.0947199 0.0775169 0.0669374 0.1019110 0.1036360 0.0906347 0.0565671 0.0986329 0.0815496 0.0810245 0.1066379 0.0687386 0.0827864 0.0991704 0.0441656 0.0480519 0.0913545 0.1735407 0.0955949 0.0917258 0.1354607 0.0776039 0.0777875 0.0857073 0.1154187 0.0742886 0.0812364 0.0596344 0.0938291 0.1116436 0.0805512 0.0895820 0.1019648 0.0795761 0.0817554 0.1045288 0.0902183 0.1077515 0.0849638 0.0907116 0.1182806 0.0941114 0.0990015 0.0687970 0.0896742 0.0646961 0.0813550 0.0919171 0.0820952 0.0816885 0.0678364 0.0860334 0.0731407 0.0999173 0.0949984 0.1222105 0.0605128 0.0648101 0.0642469 0.0809427 0.0820847 0.0872239 0.0970788 0.0756074 0.0817794 0.1336240 0.0638280 0.0654430 0.1025408 0.0774689 0.1129103 0.0738407 0.0716852 0.0478478 0.0817794 0.1006492 0.0435894 0.1075767 0.1026982 0.1037944 0.0558443 0.0724421 0.0994454 0.0905926 0.0938490 0.0776039 0.0765281 0.0929535 0.0832219 0.0855544 0.1096925 0.0880728 0.0398673 0.0598520 0.1115158 0.0869776 0.1045322 0.0476931 0.0943601 0.1181111 0.0566856 0.0485146 0.0897309 0.0853753 0.0771528 0.0879733 0.0797678 0.0950902 0.0858440 0.0904592 0.0892292 
ERR2789774    0.3285551 0.2804661 0.3066523 0.1073202 0.0000000 0.2023487 0.0424055 0.0920598 0.0998229 0.1062509 0.0460173 0.0957370 0.0792514 0.0348732 0.0993676 0.0995372 0.1212225 0.1025827 0.1024046 0.1040691 0.0820729 0.0963501 0.0428552 0.1031291 0.0390487 0.0842749 0.0699043 0.0742186 0.0923733 0.0500055 0.0815739 0.0933200 0.0865038 0.1037640 0.0422254 0.1401748 0.0899642 0.0417893 0.0477256 0.1172274 0.0828426 0.1049900 0.0463939 0.0410267 0.0735856 0.1237959 0.1157722 0.0462589 0.1136990 0.1055744 0.0276388 0.1015361 0.0958476 0.0355927 0.0967057 0.0922843 0.1036898 0.0745190 0.0786013 0.1150670 0.1041807 0.1052907 0.0823171 0.0864441 0.0867736 0.1184722 0.1161747 0.0925809 0.1217570 0.0816270 0.0996635 0.1436364 0.0952399 0.0843109 0.1177552 0.0919998 0.1148490 0.0958649 0.1032755 0.0865058 0.0996635 0.0504713 0.0699617 0.1190583 0.0420895 0.0461140 0.0785488 0.0819842 0.1000617 0.0998402 0.1156703 0.0788184 0.0859393 0.1166145 0.0886544 0.1003706 0.0505907 0.1257100 0.0941438 0.0750948 0.0494862 0.0285326 0.0499156 0.0656515 0.0422645 0.1112528 0.0761907 0.0716897 0.0905655 0.0347097 0.0916292 0.0954157 0.0853565 0.0958410 0.0313327 0.1040207 0.0310517 
PAFTOL_019361 0.3181665 0.2610137 0.2786980 0.1750619 0.2023487 0.0000000 0.1915555 0.1887883 0.2167141 0.1881497 0.1822908 0.1955757 0.1804709 0.1761422 0.2044744 0.2048645 0.2181131 0.2174096 0.2092403 0.2150987 0.1796340 0.1934384 0.1810147 0.2306066 0.1819488 0.2068389 0.2061368 0.1872598 0.1894666 0.1793072 0.1381476 0.1955143 0.1859446 0.1761060 0.1904422 0.2250216 0.2009738 0.2051571 0.1731658 0.2326320 0.1980077 0.2161378 0.2030008 0.1633275 0.1832943 0.2269536 0.2140168 0.2017524 0.2271800 0.1902691 0.1835669 0.1728433 0.1930670 0.1636856 0.1950178 0.1939669 0.1863056 0.1853658 0.1865662 0.1967958 0.2033564 0.1928583 0.1582970 0.1908409 0.1986290 0.1964882 0.1927142 0.1930789 0.2178568 0.1892280 0.2509085 0.2232391 0.1883224 0.1881454 0.1994873 0.1885870 0.1886436 0.2014345 0.2068367 0.1747036 0.2509085 0.1899856 0.1683238 0.2064797 0.1710080 0.2022365 0.1654637 0.1952515 0.2041501 0.1978192 0.2372930 0.1821801 0.2076136 0.2028592 0.1875452 0.2052159 0.1789897 0.2111251 0.1692569 0.1917204 0.1863720 0.1646554 0.1913504 0.1628974 0.1844311 0.2365055 0.1842188 0.1735251 0.2016744 0.1935987 0.1877151 0.1766156 0.1854303 0.2032984 0.1719797 0.2031449 0.1879015 
S0055         0.3269778 0.3085656 0.3365726 0.0947199 0.0424055 0.1915555 0.0000000 0.0840784 0.0749227 0.0977563 0.0388305 0.0877538 0.0789127 0.0314444 0.0913867 0.0923242 0.1129816 0.0769517 0.0994595 0.0960077 0.0743391 0.0845003 0.0317307 0.0946571 0.0281899 0.0763234 0.0658743 0.0623304 0.0843659 0.0427095 0.0905090 0.0810732 0.0786911 0.0862025 0.0315217 0.1314317 0.0821688 0.0386083 0.0364335 0.1041712 0.0750297 0.0883099 0.0391167 0.0283124 0.0739058 0.0964785 0.1151307 0.0464958 0.1015786 0.0752323 0.0241933 0.1016103 0.0878590 0.0247303 0.0886454 0.0882146 0.0918553 0.0748472 0.0708541 0.1014998 0.0793729 0.1071473 0.0913568 0.0786369 0.0789397 0.1187686 0.1118720 0.0886871 0.1223024 0.0735673 0.0747930 0.1435713 0.0872998 0.0763610 0.1182845 0.0840256 0.1192157 0.0707548 0.1038315 0.0786931 0.0747930 0.0356410 0.0623715 0.1237768 0.0349794 0.0429086 0.0708055 0.0824178 0.0836072 0.0752303 0.1085033 0.0710476 0.0781820 0.1081630 0.0851646 0.0974635 0.0394542 0.1171549 0.0825694 0.0711609 0.0423024 0.0249769 0.0314272 0.0619787 0.0278591 0.1206456 0.0721958 0.0681326 0.0827125 0.0276916 0.0836880 0.0821275 0.0814429 0.0794972 0.0243026 0.0959631 0.0240851 
S0196sl       0.3356888 0.2938952 0.3123493 0.0775169 0.0920598 0.1887883 0.0840784 0.0000000 0.0667243 0.0344846 0.0916437 0.0674834 0.0652173 0.0878752 0.0668237 0.0833986 0.0830547 0.0685137 0.0814738 0.0710922 0.0669413 0.0715334 0.0635519 0.1517197 0.0848361 0.0593666 0.1166436 0.0512842 0.0033518 0.0709840 0.0588323 0.0765834 0.0547908 0.0710206 0.0785697 0.0893049 0.0665980 0.0875647 0.0959901 0.0777930 0.0473865 0.0668356 0.0757395 0.0997900 0.0313004 0.0929658 0.1082251 0.0971072 0.1004667 0.0813108 0.0793152 0.0762644 0.0066816 0.0769877 0.0067363 0.0067055 0.0873143 0.0353362 0.0472647 0.0818930 0.0663394 0.0734487 0.0750067 0.0506386 0.0708774 0.0926995 0.0943074 0.0353110 0.1007947 0.0569784 0.0995394 0.0885483 0.0790917 0.0680579 0.0876056 0.0033399 0.1073645 0.0518462 0.0953818 0.0627127 0.0995394 0.0896214 0.0469719 0.1053682 0.0834740 0.0842122 0.0514256 0.0542838 0.0624968 0.0623615 0.0996507 0.0436090 0.0626987 0.0809570 0.0766401 0.0798778 0.0982706 0.0908057 0.0665122 0.0553155 0.0918017 0.0733399 0.0848978 0.0505131 0.0837705 0.0782940 0.0558983 0.0521672 0.0664854 0.0793482 0.0033280 0.0738387 0.0283925 0.0585984 0.0749278 0.0385672 0.0789329 
S0278         0.2937281 0.3389757 0.3670695 0.0669374 0.0998229 0.2167141 0.0749227 0.0667243 0.0000000 0.0683169 0.0671649 0.0356816 0.0401068 0.0828855 0.0137225 0.0919821 0.0992151 0.0357548 0.1002990 0.0513282 0.0431209 0.0674232 0.0596951 0.0000010 0.0606580 0.0603447 0.1610390 0.0355313 0.0666491 0.0753544 0.0000010 0.0781461 0.0279163 0.0669940 0.0830957 0.1042053 0.0137225 0.0826379 0.0796582 0.0500826 0.0588977 0.0789089 0.0936835 0.1102654 0.0737193 0.0836471 0.1194111 0.1196656 0.0917835 0.0980296 0.0829879 0.0523506 0.0740794 0.0617813 0.0753841 0.0661308 0.0761473 0.0755144 0.0354474 0.1021220 0.0779284 9.0000000 0.0000010 0.0207730 0.0669920 0.0598330 0.0946012 0.0367835 0.1200108 0.0448017 0.0917027 0.2669619 0.0756196 0.0839919 0.0926641 0.0661308 0.1208975 0.0871199 0.0750578 0.0507823 0.0917027 0.0962702 0.0355975 0.1184747 0.0914131 0.0994772 0.0594907 0.0352217 0.0865666 0.0779284 0.1002990 0.0515638 0.0279541 0.0946043 0.0927319 0.0928931 0.0690549 0.0895267 0.0507801 0.0358688 0.0824870 0.0597849 0.0750498 0.0429897 0.0842031 8.8541016 0.0355975 0.0355975 0.0207730 0.0824856 0.0661308 0.0865598 0.0367840 0.0613309 0.0742743 0.0433640 0.0742743 
S0281         0.3381863 0.3194580 0.3156302 0.1019110 0.1062509 0.1881497 0.0977563 0.0344846 0.0683169 0.0000000 0.1014291 0.0886283 0.0891111 0.1019687 0.0880052 0.0957821 0.0965950 0.0701918 0.0982493 0.0973702 0.0921845 0.0976807 0.0742180 0.2350953 0.0987276 0.0845230 0.1337477 0.0606422 0.0306639 0.0782081 0.0795617 0.0934865 0.0689860 0.0828125 0.0967667 0.1084367 0.0919826 0.0971180 0.1056907 0.0853120 0.0699294 0.0937117 0.0928883 0.1179554 0.0384691 0.1053655 0.1187540 0.1114396 0.1205926 0.0894605 0.0922873 0.0696406 0.0343646 0.0899763 0.0346807 0.0305180 0.0878975 0.0430673 0.0697133 0.0971503 0.0880874 0.1198315 0.1317197 0.0733951 0.0874951 0.0872079 0.0836830 0.0433617 0.1112621 0.0662454 0.0929084 0.1167130 0.0968511 0.0837719 0.1014427 0.0305394 0.1181570 0.0640421 0.1153233 0.0871976 0.0929084 0.1042157 0.0689714 0.1106146 0.0969753 0.0978289 0.0743949 0.0775081 0.0884478 0.0834550 0.1148290 0.0655882 0.0829509 0.0930804 0.0928915 0.0962950 0.1140145 0.0898911 0.0914961 0.0743101 0.1063518 0.0843485 0.0936129 0.0731341 0.0973560 0.1229479 0.0751902 0.0746514 0.0871779 0.0923276 0.0304159 0.0990367 0.0353457 0.0838814 0.0873077 0.0515412 0.0917944 
S0282         0.3194593 0.3091859 0.3157009 0.1036360 0.0460173 0.1822908 0.0388305 0.0916437 0.0671649 0.1014291 0.0000000 0.1002765 0.0936969 0.0205240 0.1039224 0.1050109 0.1260309 0.0773008 0.1126566 0.1086925 0.0864065 0.1009221 0.0467444 0.0744694 0.0280616 0.0887419 0.0785842 0.0784760 0.0919543 0.0539436 0.1150305 0.0984620 0.0785703 0.1083754 0.0460544 0.1453709 0.0943695 0.0421888 0.0285562 0.1175793 0.0872244 0.1096568 0.0503044 0.0240233 0.0812409 0.1196771 0.1255714 0.0501565 0.1184716 0.0999688 0.0276963 0.1145922 0.0954123 0.0173165 0.0962623 0.0957976 0.1082959 0.0822731 0.0829255 0.1155544 0.1002234 0.1399838 0.1161593 0.0908393 0.0911855 0.1275358 0.1252513 0.0959843 0.1314733 0.0778243 0.0751226 0.1818978 0.0997522 0.0887768 0.1266444 0.0915843 0.1245501 0.0958813 0.1078604 0.0909043 0.0751226 0.0430430 0.0741566 0.1245843 0.0239725 0.0465638 0.0828707 0.0863115 0.1046482 0.0959049 0.1214375 0.0831571 0.0903038 0.1215245 0.1026778 0.1103732 0.0316371 0.1307265 0.0947000 0.0832777 0.0310589 0.0174862 0.0504060 0.0736881 0.0387025 0.1455546 0.0845058 0.0803498 0.0908246 0.0312062 0.0912172 0.0997603 0.0888199 0.1003824 0.0135978 0.0992912 0.0275729 
S0289         0.3821998 0.2738599 0.3162662 0.0906347 0.0957370 0.1955757 0.0877538 0.0674834 0.0356816 0.0886283 0.1002765 0.0000000 0.0687275 0.0915430 0.0503559 0.1043104 0.1163859 0.0366075 0.1073379 0.0540196 0.0706496 0.0798536 0.0674247 0.1602040 0.0801856 0.0394095 0.1101789 0.0505937 0.0677132 0.0747043 0.0730280 0.0977441 0.0461248 0.0873329 0.0873595 0.1021991 0.0350452 0.0912195 0.0954999 0.0686084 0.0543726 0.0793756 0.0793924 0.1041236 0.0658015 0.1141111 0.1294782 0.1008206 0.1177599 0.0891448 0.0829542 0.0929945 0.0712003 0.0849603 0.0718296 0.0714833 0.0871952 0.0706184 0.0466328 0.1103042 0.0706524 0.0875177 0.0988079 0.0313971 0.0749433 0.1098897 0.1118226 0.0846930 0.1173981 0.0777322 0.1091751 0.1414320 0.0872828 0.0764888 0.1086006 0.0674448 0.1240057 0.0668180 0.0952506 0.0706231 0.1091751 0.0933570 0.0545239 0.1227822 0.0954679 0.0963135 0.0628441 0.0349056 0.0748363 0.0666191 0.1255760 0.0469294 0.0387295 0.0816285 0.0980406 0.1008677 0.0934045 0.0980619 0.0781557 0.0583980 0.1039409 0.0687900 0.0971126 0.0542613 0.0874324 0.1113678 0.0592224 0.0553135 0.0277759 0.0829881 0.0671789 0.0564784 0.0774443 0.0708234 0.0833632 0.0878520 0.0825550 
S0292         0.3730467 0.2775674 0.3289067 0.0565671 0.0792514 0.1804709 0.0789127 0.0652173 0.0401068 0.0891111 0.0936969 0.0687275 0.0000000 0.0836980 0.0637396 0.0937804 0.1183195 0.0304684 0.0922960 0.0729493 0.0365329 0.0414872 0.0706906 0.1362494 0.0841957 0.0697385 0.1288391 0.0554801 0.0651745 0.0747603 0.0912159 0.0855825 0.0590209 0.0499642 0.0836932 0.1128319 0.0495469 0.0790023 0.0966562 0.0764780 0.0648981 0.0797710 0.0744864 0.0838466 0.0637744 0.1053455 0.1268200 0.0893629 0.1039895 0.0670991 0.0739010 0.0505678 0.0695313 0.0796017 0.0702459 0.0604946 0.0586811 0.0693541 0.0555497 0.0987881 0.0790676 0.1062461 0.0417524 0.0455380 0.0415751 0.0638643 0.0699777 0.0755415 0.1225651 0.0529235 0.1072416 0.1264271 0.0543037 0.0514337 0.1078663 0.0651745 0.1256267 0.0644597 0.0674908 0.0367316 0.1072416 0.0905731 0.0078209 0.1125493 0.0882196 0.0799447 0.0325987 0.0453557 0.0744539 0.0742635 0.1136745 0.0598057 0.0453396 0.0971336 0.0909591 0.0950272 0.0936746 0.1082409 0.0406614 0.0077457 0.0979490 0.0709840 0.0904531 0.0199563 0.0837755 0.1029271 0.0039288 0.0000029 0.0637511 0.0692044 0.0648763 0.0763573 0.0671001 0.0697624 0.0696141 0.0795714 0.0734909 
S0293         0.3178250 0.2953305 0.3140799 0.0986329 0.0348732 0.1761422 0.0314444 0.0878752 0.0828855 0.1019687 0.0205240 0.0915430 0.0836980 0.0000000 0.0951662 0.0961452 0.1168320 0.0851391 0.1030401 0.0998146 0.0780401 0.0921272 0.0391424 0.0657037 0.0173573 0.0801236 0.0696740 0.0700091 0.0881744 0.0462646 0.0899540 0.0895602 0.0743269 0.0995204 0.0385680 0.1354669 0.0858818 0.0347989 0.0212597 0.1127083 0.0787666 0.0921192 0.0352818 0.0158278 0.0775851 0.1104242 0.1202622 0.0425464 0.1093278 0.0938592 0.0205624 0.1054834 0.0916506 0.0103159 0.0924691 0.0920212 0.0994507 0.0785722 0.0745688 0.1056902 0.0915012 0.0970959 0.0907908 0.0823631 0.0826782 0.1226755 0.1158225 0.0925150 0.1261925 0.0731864 0.0827452 0.1533230 0.0910696 0.0801608 0.1221761 0.0878192 0.1192973 0.0809081 0.0906205 0.0824218 0.0827452 0.0392030 0.0660292 0.1236861 0.0169516 0.0389904 0.0704422 0.0779556 0.0958331 0.0872690 0.1123373 0.0666948 0.0818850 0.1121231 0.0937073 0.1013311 0.0244298 0.1211413 0.0900258 0.0748887 0.0239143 0.0104162 0.0427528 0.0656145 0.0313417 0.1199061 0.0759784 0.0719021 0.0864512 0.0240265 0.0874667 0.0907313 0.0852979 0.0916452 0.0067313 0.0997683 0.0204717 
S0299         0.3731820 0.2987179 0.3447640 0.0815496 0.0993676 0.2044744 0.0913867 0.0668237 0.0137225 0.0880052 0.1039224 0.0503559 0.0637396 0.0951662 0.0000000 0.1045612 0.1122447 0.0210801 0.1031050 0.0538295 0.0662106 0.0794748 0.0840120 0.1698158 0.0922034 0.0506115 0.1198185 0.0504141 0.0670494 0.0788656 0.0739734 0.0935961 0.0459627 0.0826256 0.0867529 0.1074252 0.0274954 0.0948302 0.1035937 0.0520372 0.0541800 0.0836830 0.0830069 0.1083935 0.0735338 0.1148010 0.1392615 0.1044840 0.1135675 0.0884755 0.0865532 0.0792132 0.0705106 0.0886422 0.0711290 0.0707887 0.0824982 0.0785110 0.0464675 0.0918463 0.0748327 0.0963569 0.0895952 0.0312606 0.0743606 0.0999640 0.1016889 0.0800854 0.1306352 0.0684658 0.0915315 0.1134634 0.0781064 0.0715417 0.1177296 0.0667860 0.1381083 0.0663466 0.0904471 0.0661862 0.0915315 0.0970464 0.0504233 0.1326731 0.0990875 0.0999626 0.0664114 0.0347545 0.0790707 0.0707537 0.1213770 0.0504132 0.0310989 0.0900078 0.1027153 0.0967460 0.1057349 0.0995312 0.0698417 0.0542464 0.1075721 0.0807573 0.1007933 0.0539486 0.0910520 0.0934113 0.0589502 0.0511479 0.0421631 0.0865881 0.0665246 0.0646229 0.0728678 0.0669187 0.0828515 0.0832564 0.0861379 
S0303         0.3141658 0.2845375 0.2993306 0.0810245 0.0995372 0.2048645 0.0923242 0.0833986 0.0919821 0.0957821 0.1050109 0.1043104 0.0937804 0.0961452 0.1045612 0.0000000 0.0495928 0.1121185 0.0069230 0.0915297 0.0870933 0.0917304 0.0841514 0.1605173 0.0931580 0.0967463 0.1421802 0.0785159 0.0836816 0.0872242 0.0729598 0.0000028 0.0820133 0.0914357 0.1003888 0.0762608 0.1034588 0.1043141 0.0993119 0.1084755 0.0870991 0.1094790 0.0880855 0.1045536 0.0776986 0.0243919 0.1146683 0.1046659 0.0425958 0.1195337 0.0874277 0.0881047 0.0871492 0.0852409 0.0879228 0.0874990 0.0997914 0.0786372 0.0828094 0.0386026 0.1000693 0.1039152 0.0905877 0.0824095 0.0871466 0.1047501 0.1022839 0.0757503 0.1027914 0.0906255 0.0282429 0.0798846 0.0830179 0.0804723 0.1032361 0.0833468 0.1191058 0.1017537 0.0994871 0.0868072 0.0282429 0.1021687 0.0742648 0.1127440 0.0916556 0.0954789 0.0913523 0.0861898 0.1044826 0.0957605 0.0205030 0.0748845 0.0950894 0.0640482 0.0034248 0.0000024 0.0972666 0.0722209 0.0944687 0.0833981 0.1001109 0.0859013 0.1061124 0.0780842 0.0919825 0.1114530 0.0889076 0.0804685 0.0989790 0.0785528 0.0830146 0.0904066 0.0685595 0.1002277 0.0836864 0.0829581 0.0870036 
S0308         0.3672886 0.3120505 0.3075851 0.1066379 0.1212225 0.2181131 0.1129816 0.0830547 0.0992151 0.0965950 0.1260309 0.1163859 0.1183195 0.1168320 0.1122447 0.0495928 0.0000000 0.1097191 0.0470563 0.1075869 0.1121887 0.1082477 0.1002223 0.2069166 0.1139989 0.1044188 0.1469345 0.0859593 0.0793042 0.0990415 0.0647567 0.0429072 0.0894311 0.1123111 0.1124682 0.0834722 0.1024852 0.1162931 0.1264941 0.1260719 0.0946359 0.1125964 0.1085883 0.1291782 0.0770626 0.0539173 0.1314520 0.1127755 0.0648802 0.1383481 0.1077807 0.1007136 0.0827627 0.1059690 0.0834936 0.0830928 0.1035502 0.0779860 0.0903002 0.0671939 0.1117326 0.1114959 0.1251112 0.0982218 0.1078224 0.1170894 0.1147830 0.0832950 0.1188827 0.0947009 0.0500355 0.0962721 0.0988024 0.0838413 0.1193991 0.0789890 0.1359816 0.1001544 0.1205638 0.1074125 0.0500355 0.1233683 0.0943312 0.1304124 0.1121539 0.1160096 0.1035263 0.1020317 0.1076037 0.1073683 0.0567973 0.0823468 0.1068877 0.0800301 0.0393145 0.0461927 0.1227657 0.0965553 0.1152064 0.1040167 0.1208647 0.0979063 0.1273765 0.0979585 0.1125543 0.1287389 0.1004838 0.1012719 0.1108684 0.0984724 0.0786764 0.1108675 0.0802976 0.0948635 0.1083224 0.0904629 0.1072535 
S0320         0.3099830 0.3831056 0.4010487 0.0687386 0.1025827 0.2174096 0.0769517 0.0685137 0.0357548 0.0701918 0.0773008 0.0366075 0.0304684 0.0851391 0.0210801 0.1121185 0.1097191 0.0000000 0.1209268 0.0688601 0.0442468 0.0692520 0.0779144 0.0000010 0.0707287 0.0619950 0.1805787 0.0214886 0.0598018 0.0774068 0.0000010 0.0980867 0.0437003 0.0687978 0.0853615 0.1072067 0.0210801 0.0848782 0.0909804 0.0672410 0.0604696 0.0811565 0.0963206 0.1005996 0.0756814 0.1032670 0.1228231 0.1230923 0.1118659 0.1009146 0.0852483 0.0528060 0.0760608 0.0720863 0.0774350 0.0678877 0.0782423 0.0775742 0.0363619 0.1012048 0.0801204 9.0000000 0.0000010 0.0212974 0.0525460 0.0680684 0.0860981 0.0619730 0.1234555 0.0460178 0.1196962 0.2669619 0.0675863 0.0595778 0.0952409 0.0678877 0.1243913 0.0896083 0.0770919 0.0521182 0.1196962 0.1178171 0.0365197 0.1218313 0.0939236 0.1022181 0.0610937 0.0361243 0.0890220 0.0801204 0.1209268 0.0368189 0.0286666 0.0972878 0.1130701 0.1132742 0.0795489 0.0829079 0.0521160 0.0291631 0.0847188 0.0696749 0.0770847 0.0441088 0.0865303 8.8541016 0.0365197 0.0365197 0.0361224 0.0680645 0.0678877 0.0890186 0.0619730 0.0708537 0.0762678 0.0767708 0.0762678 
S0322         0.3081663 0.2910010 0.2993272 0.0827864 0.1024046 0.2092403 0.0994595 0.0814738 0.1002990 0.0982493 0.1126566 0.1073379 0.0922960 0.1030401 0.1031050 0.0069230 0.0470563 0.1209268 0.0000000 0.0941545 0.0895756 0.0943230 0.0865746 0.1497791 0.1003836 0.0995634 0.1471009 0.0762463 0.0817573 0.0897147 0.0606601 0.0000021 0.0800895 0.0857593 0.1033071 0.0741567 0.1019919 0.1073453 0.1069335 0.0978662 0.0852625 0.1081298 0.0906251 0.1083602 0.0756896 0.0141982 0.1135045 0.1032100 0.0249680 0.1264553 0.0943112 0.0909208 0.0853141 0.0921884 0.0860904 0.0856649 0.1029875 0.0766255 0.0808848 0.0393237 0.1029613 0.0926402 0.0878281 0.0759900 0.0898985 0.1081433 0.1056453 0.0736471 0.1013841 0.0892598 0.0355312 0.0678987 0.0856288 0.0788528 0.1018333 0.0814224 0.1180493 0.0979381 0.1026635 0.0895393 0.0355312 0.1097956 0.0765604 0.1116865 0.0987147 0.0939771 0.0942533 0.0843528 0.1030284 0.0985159 0.0000026 0.0727851 0.0934350 0.0616831 0.0070703 0.0069230 0.1043225 0.0617315 0.0974457 0.0860314 0.1075115 0.0919730 0.1138821 0.0802684 0.0990776 0.1004836 0.0914496 0.0830376 0.1018113 0.0850296 0.0810903 0.0927699 0.0620626 0.0986757 0.0904506 0.0810334 0.0938390 
S0327         0.3730592 0.2887623 0.3405267 0.0991704 0.1040691 0.2150987 0.0960077 0.0710922 0.0513282 0.0973702 0.1086925 0.0540196 0.0729493 0.0998146 0.0538295 0.0915297 0.1075869 0.0688601 0.0941545 0.0000000 0.0785903 0.0881537 0.0713998 0.1346379 0.0968698 0.0466476 0.1258250 0.0464674 0.0713329 0.0827070 0.0342843 0.0806400 0.0421207 0.0955416 0.0872196 0.1164086 0.0458099 0.0994585 0.1085305 0.0600519 0.0501918 0.0792494 0.0875170 0.1083409 0.0693245 0.1013281 0.1339760 0.0966195 0.1088454 0.1017118 0.0910811 0.1014085 0.0748003 0.0932966 0.0712315 0.0750970 0.0859174 0.0741917 0.0425796 0.1007505 0.0705417 0.0479660 0.0723317 0.0347820 0.0870012 0.1185101 0.1206045 0.0759752 0.1256044 0.0770612 0.1273460 0.0955831 0.0954818 0.0846868 0.1128554 0.0710510 0.1328805 0.0715409 0.1035285 0.0785602 0.1273460 0.0919529 0.0622780 0.1320745 0.1037718 0.1046940 0.0706918 0.0382812 0.0747186 0.0665151 0.1079565 0.0464672 0.0421563 0.0987170 0.0851471 0.0838384 0.1106029 0.1035999 0.0861456 0.0662103 0.1123586 0.0853374 0.1055751 0.0580710 0.0861471 0.0697573 0.0671540 0.0631848 0.0457355 0.0911173 0.0707712 0.0726593 0.0687667 0.0707129 0.0915331 0.0790263 0.0906408 
S0335         0.3091110 0.2864801 0.3123793 0.0441656 0.0820729 0.1796340 0.0743391 0.0669413 0.0431209 0.0921845 0.0864065 0.0706496 0.0365329 0.0780401 0.0662106 0.0870933 0.1121887 0.0442468 0.0895756 0.0785903 0.0000000 0.0318263 0.0670926 0.1459854 0.0749957 0.0714443 0.1042809 0.0544958 0.0671677 0.0665110 0.1079728 0.0806829 0.0621029 0.0463756 0.0740116 0.1073677 0.0616106 0.0777723 0.0854822 0.0728953 0.0666615 0.0796500 0.0663099 0.0877982 0.0695388 0.1011162 0.1150008 0.0868692 0.1047201 0.0577561 0.0698134 0.0509012 0.0706343 0.0714596 0.0712548 0.0709133 0.0539033 0.0744293 0.0586197 0.1057415 0.0790476 0.1232283 0.0341992 0.0504139 0.0428608 0.0662675 0.0673660 0.0760237 0.1032628 0.0645957 0.0904455 0.1351173 0.0463622 0.0515211 0.0950772 0.0669034 0.1098126 0.0664135 0.0613914 0.0240979 0.0904455 0.0795544 0.0276135 0.1036562 0.0818510 0.0783096 0.0388731 0.0540444 0.0750892 0.0749244 0.1076450 0.0627585 0.0617154 0.0897026 0.0849451 0.0880729 0.0789222 0.0994086 0.0312599 0.0385788 0.0900085 0.0680823 0.0832204 0.0313610 0.0740752 0.1193055 0.0354022 0.0280901 0.0699780 0.0658434 0.0666411 0.0691688 0.0688052 0.0710595 0.0661843 0.0792156 0.0694847 
S0345         0.3606407 0.3335665 0.3441620 0.0480519 0.0963501 0.1934384 0.0845003 0.0715334 0.0674232 0.0976807 0.1009221 0.0798536 0.0414872 0.0921272 0.0794748 0.0917304 0.1082477 0.0692520 0.0943230 0.0881537 0.0318263 0.0000000 0.0808711 0.1561368 0.0891121 0.0808939 0.1162231 0.0634623 0.0714915 0.0843824 0.0915608 0.0810597 0.0710623 0.0582244 0.0879155 0.1129577 0.0703834 0.0917996 0.1004835 0.0917081 0.0714990 0.0889418 0.0798960 0.0997758 0.0743598 0.1015512 0.1296461 0.0921115 0.0964965 0.0765664 0.0834786 0.0630741 0.0752660 0.0855103 0.0759332 0.0755665 0.0581426 0.0794060 0.0632801 0.1020146 0.0882581 0.1066604 0.0493047 0.0628713 0.0432951 0.0788991 0.0802315 0.0770149 0.1075235 0.0737548 0.0989201 0.1190335 0.0504867 0.0516620 0.1087271 0.0712082 0.1241829 0.0725982 0.0657337 0.0427748 0.0989201 0.0939643 0.0314047 0.1213341 0.0960772 0.0886317 0.0466405 0.0666024 0.0842033 0.0840162 0.1129346 0.0675195 0.0706061 0.0998014 0.0844130 0.0924540 0.1026968 0.0958841 0.0351151 0.0466731 0.1046078 0.0775665 0.0977434 0.0426411 0.0879891 0.1025521 0.0430618 0.0359511 0.0791940 0.0793204 0.0712082 0.0655072 0.0781054 0.0800653 0.0836104 0.0886009 0.0749158 
S0376         0.3191517 0.2666826 0.3097149 0.0913545 0.0428552 0.1810147 0.0317307 0.0635519 0.0596951 0.0742180 0.0467444 0.0674247 0.0706906 0.0391424 0.0840120 0.0841514 0.1002223 0.0779144 0.0865746 0.0713998 0.0670926 0.0808711 0.0000000 0.0957197 0.0358954 0.0643141 0.0619235 0.0510833 0.0637685 0.0244861 0.0580711 0.0732195 0.0628516 0.0836362 0.0354340 0.1133512 0.0749109 0.0426974 0.0445599 0.0961344 0.0632314 0.0802636 0.0357728 0.0373340 0.0542506 0.0931686 0.1073619 0.0430980 0.0885888 0.0820562 0.0316775 0.0895091 0.0672631 0.0323934 0.0678574 0.0675300 0.0923990 0.0549287 0.0551951 0.0877941 0.0796524 0.0809584 0.0756381 0.0628088 0.0798094 0.1064414 0.1083226 0.0558414 0.1050369 0.0656539 0.0757047 0.1072162 0.0882661 0.0769041 0.1010824 0.0635163 0.1065148 0.0665563 0.1049842 0.0713992 0.0757047 0.0398804 0.0551886 0.1103226 0.0427499 0.0509994 0.0635295 0.0665353 0.0756644 0.0754972 0.1001771 0.0593247 0.0709363 0.0908413 0.0731742 0.0848552 0.0475077 0.0995595 0.0790173 0.0638556 0.0502652 0.0288370 0.0394311 0.0548383 0.0354678 0.1049591 0.0647848 0.0607401 0.0667668 0.0352510 0.0632662 0.0741715 0.0524509 0.0716039 0.0318238 0.0630152 0.0315341 
S0400         0.4433120 0.2790130 0.3432567 0.1735407 0.1031291 0.2306066 0.0946571 0.1517197 0.0000010 0.2350953 0.0744694 0.1602040 0.1362494 0.0657037 0.1698158 0.1605173 0.2069166 0.0000010 0.1497791 0.1346379 0.1459854 0.1561368 0.0957197 0.0000000 0.0845450 0.1247365 0.1035137 0.1356746 0.1517197 0.1042127 0.1474288 0.1632643 0.1370772 0.1702864 0.1031291 0.2274464 0.1339318 0.0935701 0.0760505 0.1908068 0.1247365 0.1563608 0.0838462 0.0565749 0.1481785 0.1749201 0.2187509 0.0932110 0.1865535 0.2573983 0.0658603 0.1955757 0.1517197 0.0651029 0.1517197 0.1644827 0.1777024 0.1481785 0.1372957 0.1553989 0.1349462 0.1466982 0.1263422 0.1258821 0.1373195 0.2044214 0.1851209 0.1855407 0.2038846 0.1736293 0.0000010 0.2179671 0.1449589 0.1294466 0.2085921 0.1517197 0.2109023 0.1382119 0.1791550 0.1484016 0.0000010 0.0653944 0.1257628 0.2205409 0.0651029 0.1065574 0.1145167 0.1145582 0.1457430 0.1349462 0.1584447 0.1349415 0.1442274 0.1665379 0.1623196 0.1624583 0.0835082 0.2071692 0.1672569 0.1359401 0.0812084 0.0690946 0.1162773 0.1256647 0.0833492 0.1245227 0.1495021 0.1315288 0.1566367 0.0840328 0.1517197 0.1459522 0.1686081 0.1457430 0.0571688 0.1744340 0.0837423 
S0405         0.3422902 0.2847580 0.3053627 0.0955949 0.0390487 0.1819488 0.0281899 0.0848361 0.0606580 0.0987276 0.0280616 0.0801856 0.0841957 0.0173573 0.0922034 0.0931580 0.1139989 0.0707287 0.1003836 0.0968698 0.0749957 0.0891121 0.0358954 0.0845450 0.0000000 0.0770152 0.0618076 0.0671411 0.0851285 0.0430786 0.0977570 0.0864752 0.0672177 0.0965802 0.0353632 0.1231980 0.0828927 0.0352582 0.0178134 0.1052124 0.0716879 0.0977372 0.0357549 0.0242987 0.0745548 0.1074935 0.1220376 0.0431175 0.1012774 0.0768793 0.0208310 0.1025359 0.0886481 0.0174886 0.0894481 0.0890100 0.0965129 0.0674135 0.0634426 0.1019443 0.0801557 0.1219759 0.0986772 0.0793345 0.0796422 0.1153557 0.1129058 0.0891832 0.1234100 0.0699835 0.0686991 0.1618243 0.0880796 0.0770534 0.1193581 0.0847822 0.1166201 0.0765449 0.1004563 0.0750186 0.0686991 0.0322261 0.0629196 0.1207533 0.0244063 0.0395142 0.0632218 0.0790381 0.0928583 0.0842462 0.1094785 0.0716803 0.0788716 0.1091671 0.0906526 0.0983520 0.0174621 0.1091666 0.0870601 0.0717952 0.0316243 0.0069808 0.0356644 0.0625201 0.0280971 0.1110266 0.0728484 0.0687478 0.0711873 0.0243404 0.0844387 0.0876177 0.0819054 0.0886434 0.0138421 0.0925607 0.0207378 
S0407sl       0.3426756 0.2800921 0.3310360 0.0917258 0.0842749 0.2068389 0.0763234 0.0593666 0.0603447 0.0845230 0.0887419 0.0394095 0.0697385 0.0801236 0.0506115 0.0967463 0.1044188 0.0619950 0.0995634 0.0466476 0.0714443 0.0808939 0.0643141 0.1247365 0.0770152 0.0000000 0.1075637 0.0432051 0.0640087 0.0675751 0.0343853 0.0900713 0.0388852 0.0883445 0.0759788 0.1077973 0.0425894 0.0798415 0.0878740 0.0731254 0.0352944 0.0627024 0.0678687 0.0905853 0.0544451 0.1068118 0.1311044 0.0892291 0.1101186 0.1013915 0.0716539 0.0940969 0.0675167 0.0733895 0.0681153 0.0677858 0.0839447 0.0590463 0.0317266 0.1020186 0.0581326 0.0481056 0.0649053 0.0315222 0.0756505 0.1112196 0.1085886 0.0809370 0.1177364 0.0693551 0.1422832 0.0958745 0.0840302 0.0730040 0.1098974 0.0637546 0.1300233 0.0566365 0.0920434 0.0714165 0.1422832 0.0766544 0.0551997 0.1243380 0.0840408 0.0847894 0.0635435 0.0350449 0.0621477 0.0542451 0.1179654 0.0316978 0.0389184 0.0868861 0.0903449 0.0886731 0.0902948 0.1004804 0.0790388 0.0591251 0.0924372 0.0655132 0.0806448 0.0548496 0.0760453 0.0699613 0.0599707 0.0560094 0.0351577 0.0716847 0.0635018 0.0611724 0.0736494 0.0582703 0.0720080 0.0841336 0.0713083 
S0412sl       0.4112156 0.3718204 0.3830219 0.1354607 0.0699043 0.2061368 0.0658743 0.1166436 0.1610390 0.1337477 0.0785842 0.1101789 0.1288391 0.0696740 0.1198185 0.1421802 0.1469345 0.1805787 0.1471009 0.1258250 0.1042809 0.1162231 0.0619235 0.1035137 0.0618076 0.1075637 0.0000000 0.0996758 0.1170973 0.0571794 0.0818371 0.1295916 0.1046333 0.1244623 0.0613441 0.1444744 0.1084819 0.0655725 0.0674270 0.1316736 0.1049723 0.1256773 0.0707892 0.0679728 0.1132086 0.1544179 0.1487607 0.0702330 0.1479522 0.1343326 0.0609744 0.1257078 0.1210455 0.0621168 0.1223014 0.1216182 0.1199385 0.1148995 0.1003218 0.1391326 0.1247530 0.0814790 0.0825853 0.1143589 0.1044337 0.1405245 0.1256792 0.1269105 0.1505341 0.1089668 0.1737487 0.1195040 0.1094809 0.0916818 0.1397358 0.1165455 0.1518245 0.1064833 0.1339923 0.1144519 0.1737487 0.0573537 0.0944786 0.1537351 0.0741902 0.0845850 0.1049834 0.1187979 0.1099232 0.1196400 0.1617799 0.1054052 0.1037595 0.1225753 0.1294861 0.1381828 0.0803538 0.1445161 0.1234094 0.1055497 0.0831679 0.0538521 0.0800401 0.0937947 0.0656164 0.0822855 0.1073726 0.1024272 0.0947688 0.0651516 0.1159989 0.1037565 0.1174261 0.1149930 0.0613003 0.1261341 0.0606579 
S0417         0.3322672 0.2835921 0.2840366 0.0776039 0.0742186 0.1872598 0.0623304 0.0512842 0.0355313 0.0606422 0.0784760 0.0505937 0.0554801 0.0700091 0.0504141 0.0785159 0.0859593 0.0214886 0.0762463 0.0464674 0.0544958 0.0634623 0.0510833 0.1356746 0.0671411 0.0432051 0.0996758 0.0000000 0.0514575 0.0543226 0.0272916 0.0674809 0.0241152 0.0748102 0.0662607 0.0851179 0.0424253 0.0699996 0.0772858 0.0603031 0.0315982 0.0631213 0.0586365 0.0734151 0.0500285 0.0878434 0.1017135 0.0788972 0.0827600 0.0761471 0.0621402 0.0714497 0.0549290 0.0635981 0.0554077 0.0551430 0.0706245 0.0544845 0.0243287 0.0773762 0.0548000 0.0560127 0.0814030 0.0314026 0.0587301 0.0875930 0.0890912 0.0676818 0.0946594 0.0566256 0.1010711 0.0877458 0.0747736 0.0559984 0.0825868 0.0512577 0.1009266 0.0432179 0.0908942 0.0585937 0.1010711 0.0715980 0.0430467 0.1042142 0.0740214 0.0746626 0.0509885 0.0349125 0.0588168 0.0509066 0.0899442 0.0243920 0.0387695 0.0723590 0.0717822 0.0709812 0.0798054 0.0729116 0.0620466 0.0473674 0.0820748 0.0601932 0.0752495 0.0465681 0.0663192 0.0784276 0.0519766 0.0480839 0.0423570 0.0543733 0.0510595 0.0606221 0.0604969 0.0549304 0.0624377 0.0709014 0.0618492 
S0419         0.3475838 0.2949258 0.3134275 0.0777875 0.0923733 0.1894666 0.0843659 0.0033518 0.0666491 0.0306639 0.0919543 0.0677132 0.0651745 0.0881744 0.0670494 0.0836816 0.0793042 0.0598018 0.0817573 0.0713329 0.0671677 0.0714915 0.0637685 0.1517197 0.0851285 0.0640087 0.1170973 0.0514575 0.0000000 0.0712242 0.0592939 0.0768474 0.0549747 0.0712611 0.0788341 0.0896127 0.0668219 0.0878619 0.0963297 0.0780653 0.0475469 0.0677466 0.0759979 0.0997106 0.0278319 0.0932851 0.1086033 0.0974402 0.1008084 0.0817060 0.0795842 0.0765269 0.0033418 0.0772549 0.0033692 0.0033538 0.0876098 0.0318137 0.0474243 0.0773642 0.0672379 0.0740233 0.0756065 0.0508077 0.0711168 0.0930173 0.0946358 0.0317893 0.1011382 0.0571770 0.0994060 0.0892448 0.0793594 0.0682915 0.0879026 0.0000024 0.1077371 0.0526720 0.0957037 0.0629239 0.0994060 0.0899316 0.0471290 0.1052918 0.0837575 0.0845005 0.0516004 0.0544644 0.0633412 0.0632023 0.0999873 0.0435881 0.0629096 0.0812367 0.0769048 0.0801510 0.0986114 0.0911242 0.0667357 0.0555028 0.0921134 0.0735957 0.0851903 0.0506813 0.0840559 0.0788868 0.0560895 0.0523462 0.0667087 0.0796175 0.0000024 0.0740978 0.0248510 0.0593873 0.0751812 0.0350712 0.0791995 
S0427         0.3170837 0.2878416 0.3148585 0.0857073 0.0500055 0.1793072 0.0427095 0.0709840 0.0753544 0.0782081 0.0539436 0.0747043 0.0747603 0.0462646 0.0788656 0.0872242 0.0990415 0.0774068 0.0897147 0.0827070 0.0665110 0.0843824 0.0244861 0.1042127 0.0430786 0.0675751 0.0571794 0.0543226 0.0712242 0.0000000 0.0647681 0.0764052 0.0660492 0.0875413 0.0425269 0.1115336 0.0780630 0.0460771 0.0519950 0.0905439 0.0664463 0.0879184 0.0429326 0.0500604 0.0656536 0.1010821 0.1067731 0.0505594 0.0916457 0.0757169 0.0387213 0.0892358 0.0746908 0.0395962 0.0753485 0.0749870 0.0829457 0.0664796 0.0584320 0.0860398 0.0828067 0.0859401 0.0747967 0.0581540 0.0791110 0.1061249 0.1079963 0.0635160 0.1041128 0.0695004 0.0827885 0.1180256 0.0830295 0.0721260 0.1001911 0.0709428 0.1059346 0.0712388 0.1040611 0.0707771 0.0827885 0.0471347 0.0547121 0.1006823 0.0498814 0.0582937 0.0710213 0.0618209 0.0832413 0.0786667 0.1031391 0.0625567 0.0741067 0.0893999 0.0805706 0.0832863 0.0548243 0.0893080 0.0783319 0.0632967 0.0574534 0.0324151 0.0506717 0.0543679 0.0425665 0.1026201 0.0683192 0.0602009 0.0699469 0.0423061 0.0706636 0.0689334 0.0603615 0.0791516 0.0352232 0.0706837 0.0385461 
S0428sl       0.3684267 0.2109248 0.2253430 0.1154187 0.0815739 0.1381476 0.0905090 0.0588323 0.0000010 0.0795617 0.1150305 0.0730280 0.0912159 0.0899540 0.0739734 0.0729598 0.0647567 0.0000010 0.0606601 0.0342843 0.1079728 0.0915608 0.0580711 0.1474288 0.0977570 0.0343853 0.0818371 0.0272916 0.0592939 0.0647681 0.0000000 0.0653291 0.0271711 0.1069175 0.0815739 0.0911021 0.0643499 0.0895970 0.0999990 0.0794449 0.0272525 0.0711540 0.0650683 0.0812509 0.0492741 0.0996741 0.1093482 0.0732535 0.0896204 0.0855610 0.0732123 0.0980828 0.0588323 0.0891976 0.0588323 0.0672492 0.0805973 0.0568315 0.0346141 0.0541719 0.0558175 0.0343623 0.0732107 0.0491449 0.0897912 0.1138692 0.0987008 0.0900085 0.0947977 0.0931623 0.0000010 0.0746223 0.0884777 0.0593100 0.0963999 0.0592939 0.1063920 0.0191675 0.1143461 0.0901515 0.0000010 0.0648715 0.0734122 0.1157694 0.0891976 0.0828280 0.0652459 0.0414609 0.0559779 0.0484043 0.0962605 0.0270852 0.0567765 0.0672525 0.0511472 0.0577357 0.1157675 0.0811818 0.0889450 0.0910469 0.1150450 0.0764718 0.1092349 0.0727422 0.0806683 0.0500823 0.0945573 0.0859995 0.0564963 0.0731751 0.0588323 0.0598452 0.0758699 0.0559779 0.0825722 0.0819900 0.0810022 
S0430         0.3037925 0.2808051 0.2956834 0.0742886 0.0933200 0.1955143 0.0810732 0.0765834 0.0781461 0.0934865 0.0984620 0.0977441 0.0855825 0.0895602 0.0935961 0.0000028 0.0429072 0.0980867 0.0000021 0.0806400 0.0806829 0.0810597 0.0732195 0.1632643 0.0864752 0.0900713 0.1295916 0.0674809 0.0768474 0.0764052 0.0653291 0.0000000 0.0713033 0.0850530 0.0894728 0.0693355 0.0926046 0.0934288 0.0979270 0.0969852 0.0762473 0.0984627 0.0771691 0.0960198 0.0709905 0.0177170 0.0991458 0.0894025 0.0211440 0.1027943 0.0808114 0.0858118 0.0803771 0.0823918 0.0811005 0.0807035 0.0891563 0.0716175 0.0719989 0.0350998 0.0934811 0.0959885 0.0915069 0.0672982 0.0807391 0.1027389 0.1001972 0.0688626 0.0878054 0.0797608 0.0143412 0.0722420 0.0765732 0.0697943 0.0881871 0.0765368 0.1035380 0.0876794 0.0932019 0.0804161 0.0143412 0.0955178 0.0677971 0.0974330 0.0892252 0.0847832 0.0849759 0.0754513 0.0935416 0.0891515 0.0103381 0.0680655 0.0884558 0.0608862 0.0000030 0.0000028 0.0906192 0.0611910 0.0839430 0.0769334 0.0977932 0.0786854 0.0995055 0.0714586 0.0853679 0.1034869 0.0823971 0.0738877 0.0924428 0.0719375 0.0762284 0.0821020 0.0612556 0.0892941 0.0770196 0.0761748 0.0804145 
S0478         0.3447411 0.2795680 0.3081410 0.0812364 0.0865038 0.1859446 0.0786911 0.0547908 0.0279163 0.0689860 0.0785703 0.0461248 0.0590209 0.0743269 0.0459627 0.0820133 0.0894311 0.0437003 0.0800895 0.0421207 0.0621029 0.0710623 0.0628516 0.1370772 0.0672177 0.0388852 0.1046333 0.0241152 0.0549747 0.0660492 0.0271711 0.0713033 0.0000000 0.0740150 0.0783422 0.0840665 0.0381970 0.0740071 0.0773811 0.0476437 0.0350158 0.0584098 0.0705561 0.0834150 0.0534544 0.0913859 0.1052970 0.0913915 0.0904445 0.0877141 0.0740784 0.0706856 0.0584232 0.0636691 0.0589300 0.0586501 0.0739048 0.0579534 0.0277302 0.0764828 0.0502958 0.0557566 0.0810066 0.0274218 0.0659548 0.0784097 0.0881149 0.0672042 0.0981500 0.0601297 0.1087366 0.0873232 0.0739795 0.0633517 0.0860847 0.0547620 0.1044833 0.0426083 0.0899207 0.0620803 0.1087366 0.0757031 0.0465052 0.1030314 0.0781360 0.0870210 0.0544782 0.0308678 0.0542202 0.0464856 0.0979750 0.0314227 0.0346183 0.0758809 0.0756378 0.0744992 0.0799038 0.0807362 0.0694764 0.0502879 0.0862674 0.0560523 0.0877236 0.0500123 0.0784089 0.0780604 0.0509849 0.0471695 0.0309400 0.0741094 0.0545510 0.0559698 0.0600672 0.0504134 0.0664575 0.0663833 0.0737277 
