58
CRNC          0.0000000 0.2239516 0.2008411 0.3495936 0.4125599 0.3366406 0.3622745 0.3780081 0.3317077 0.3684515 0.3420825 0.3724904 0.2833661 0.3045164 0.5071267 0.3440562 0.4463448 0.3543962 0.3960410 0.3317077 0.3396093 0.3548812 0.4012823 0.3408799 0.3533052 0.3292875 0.3317077 0.3127847 0.5071267 0.3577905 0.4218351 0.3045164 0.3396093 0.3344023 0.4074236 0.3749364 0.3406285 0.3759885 0.3873291 0.4001728 0.3479010 0.4012823 0.3696885 0.4403485 0.3396093 0.4392585 0.2974484 0.3043215 0.3317077 0.2428183 0.4379755 0.4630734 0.4000942 0.3329737 0.3353380 0.2965142 0.3058593 0.3697206 
HYZL          0.2239516 0.0000000 0.2115811 0.4780062 0.4153885 0.5075609 0.5356147 0.4861175 0.5373318 0.4774376 0.4062005 0.5489373 0.5414379 0.5497617 0.0000010 0.5213949 0.4468692 0.6166392 0.6567438 0.5373318 0.4840787 0.4771977 0.4648815 0.4349606 0.5440566 0.4213928 0.5250754 0.5316103 0.0000010 0.4127289 0.6018136 0.4372895 0.4688632 0.4626287 0.6108970 0.4773177 0.4968236 0.5243342 0.6357838 0.5537153 0.5620742 0.4613629 0.4244265 0.5405556 0.4613674 0.6364525 0.4675324 0.5707371 0.5777435 0.4939272 0.5816052 0.5265549 0.4789383 0.5721068 0.4386205 0.4936646 0.4612003 0.6245917 
MYZV          0.2008411 0.2115811 0.0000000 0.6310008 0.4875051 0.6123754 0.6791304 0.6233120 0.7645904 0.5159069 0.5804546 0.6675720 0.6773729 0.7862631 0.0000010 0.5527689 0.5960353 0.6793508 0.8396497 0.7645904 0.6197783 0.5715507 0.5626210 0.4771054 0.6604989 0.5099475 0.7480184 0.7629963 0.0000010 0.4756622 0.6738370 0.4969437 0.5948750 0.5822284 0.7224717 0.5646870 0.6779408 0.6664656 0.8555194 0.5436421 0.6798513 0.5889418 0.5096829 0.6612959 0.5891079 0.7492499 0.5222038 0.7444176 0.8245425 0.5825778 0.7185005 0.6281797 0.5724484 0.6946199 0.5255473 0.7800453 0.5526553 0.7608701 
SRR6441723    0.3495936 0.4780062 0.6310008 0.0000000 0.2113329 0.3187341 0.2389406 0.1826409 0.2210996 0.1801877 0.1665798 0.1869840 0.1962828 0.2241063 0.0000010 0.1393393 0.1210886 0.1697722 0.2096681 0.2210996 0.1979778 0.1364621 0.2162606 0.1321623 0.2356620 0.1427168 0.2377286 0.2319031 0.0000010 0.1569564 0.1958203 0.1075311 0.1500968 0.1212948 0.1381224 0.1374305 0.1620761 0.1810669 0.2780161 0.1364594 0.2394776 0.1809738 0.2507876 0.2583979 0.1509149 0.1982872 0.1356807 0.2313362 0.2410512 0.1839518 0.1719398 0.1801877 0.1805666 0.2162250 0.1077296 0.2425379 0.1488617 0.2184250 
ERR2789774    0.4125599 0.4153885 0.4875051 0.2113329 0.0000000 0.3562624 0.1310783 0.1807124 0.2222798 0.2204998 0.1634982 0.1363599 0.1905806 0.2255719 0.0000010 0.0992948 0.1056786 0.2363098 0.1925634 0.2222798 0.1908790 0.1662435 0.1627854 0.0891656 0.1325331 0.0622280 0.2403854 0.2146677 0.0000010 0.0728589 0.2363952 0.1264795 0.1132525 0.0861001 0.1979183 0.1274221 0.1371731 0.1437188 0.2452004 0.1722652 0.1708304 0.1618943 0.1609413 0.2025532 0.1617515 0.2098893 0.2224927 0.2141060 0.2440584 0.1825198 0.1820244 0.2204998 0.2210103 0.1497800 0.0985899 0.2459006 0.0849880 0.1667793 
PAFTOL_019361 0.3366406 0.5075609 0.6123754 0.3187341 0.3562624 0.0000000 0.3263205 0.2705946 0.2431920 0.3354003 0.2739065 0.2708952 0.2556630 0.2848381 0.5071267 0.2778739 0.3659412 0.2805731 0.3810990 0.2431920 0.2745183 0.2443941 0.3285833 0.2789698 0.3335684 0.2550200 0.2247153 0.2556620 0.5071267 0.2743253 0.2860888 0.2592726 0.2809612 0.3157842 0.2715720 0.2547738 0.2696871 0.3222718 0.3243359 0.3161984 0.3004665 0.2781994 0.3312390 0.3135392 0.2547986 0.2746240 0.2744770 0.2550015 0.2648213 0.2772486 0.2600927 0.3354003 0.3363085 0.2729869 0.2599063 0.2679828 0.2776479 0.3014602 
S0055         0.3622745 0.5356147 0.6791304 0.2389406 0.1310783 0.3263205 0.0000000 0.1407786 0.0951028 0.2355033 0.1551434 0.1769294 0.0722446 0.1234190 0.0000010 0.1283381 0.1498284 0.1879676 0.0969798 0.0951028 0.1399232 0.1275834 0.1846318 0.1540304 0.2139886 0.1018739 0.1081680 0.0854957 0.0000010 0.1648486 0.1882716 0.1709351 0.1571938 0.1265684 0.1545610 0.1966627 0.1608083 0.1903724 0.1381848 0.1860798 0.0577010 0.1536818 0.2177252 0.2242553 0.1243983 0.1474917 0.2002281 0.0853312 0.1092914 0.0874143 0.1308518 0.2355033 0.2360613 0.0445334 0.1531869 0.1030708 0.1263160 0.0563818 
S0278         0.3780081 0.4861175 0.6233120 0.1826409 0.1807124 0.2705946 0.1407786 0.0000000 0.0841209 0.1771424 0.0328621 0.1558672 0.0877305 0.0849708 0.0000010 0.1272905 0.1925354 0.1078578 0.1265613 0.0841209 0.0464557 0.0219883 0.0698341 0.1335033 0.1559424 0.0872337 0.0972820 0.0877305 0.0000010 0.0992969 0.1110706 0.0955527 0.0821929 0.1369767 0.0808055 0.0922232 0.0838523 0.1093044 0.0977576 0.1341048 0.0982931 0.0441755 0.0958843 0.0984165 0.0215073 0.1147771 0.1941659 0.0875562 0.0982956 0.0616253 0.0613089 0.1771424 0.1775091 0.0827700 0.1072269 0.0912977 0.1089981 0.0823529 
S0282         0.3317077 0.5373318 0.7645904 0.2210996 0.2222798 0.2431920 0.0951028 0.0841209 0.0000000 0.2177743 0.0972537 0.1926700 0.0000026 0.0213480 0.0000010 0.1615251 0.2337227 0.1715046 0.1383065 0.0000010 0.0993616 0.0854354 0.1241722 0.1700461 0.2308554 0.1158532 0.0104357 0.0000021 0.0000010 0.1644850 0.1576700 0.1258055 0.1416341 0.1709430 0.1392376 0.1437880 0.1448286 0.1737380 0.0828129 0.1697634 0.0572062 0.1103576 0.1537342 0.1580989 0.0833785 0.1630844 0.1685019 0.0000021 0.0105181 0.0476008 0.1183207 0.1851352 0.1855429 0.0441512 0.1380868 0.0000024 0.1404398 0.0683422 
S0292         0.3684515 0.4774376 0.5159069 0.1801877 0.2204998 0.3354003 0.2355033 0.1771424 0.2177743 0.0000000 0.1914846 0.2043432 0.2106678 0.2561289 0.0000010 0.1663335 0.2353621 0.1950131 0.2364827 0.2177743 0.1915769 0.1501007 0.1982820 0.1586083 0.2284350 0.1703546 0.2343083 0.2283760 0.0000010 0.1218545 0.2226345 0.1606434 0.1456919 0.1757116 0.1625944 0.1027049 0.1277812 0.1756911 0.2692284 0.0319606 0.2360507 0.1755851 0.1658474 0.2384495 0.1464516 0.2253750 0.1333755 0.2278202 0.2375638 0.1630416 0.1662279 0.0430073 0.0210339 0.2130120 0.1609636 0.2201809 0.1753541 0.1800776 
S0299         0.3420825 0.4062005 0.5804546 0.1665798 0.1634982 0.2739065 0.1551434 0.0328621 0.0972537 0.1914846 0.0000000 0.1705117 0.0872689 0.0982647 0.0000010 0.1414599 0.1903507 0.1210880 0.1406372 0.0972537 0.0587698 0.0333610 0.0573110 0.1484571 0.1404398 0.0867796 0.1106889 0.1014684 0.0000010 0.0987632 0.1247363 0.1086314 0.0949310 0.1508781 0.0933456 0.1066136 0.0968696 0.1226786 0.1111680 0.1477490 0.1118034 0.0326619 0.0825616 0.0847026 0.0326236 0.1288731 0.2088359 0.1012627 0.1118733 0.0748393 0.0744610 0.1914846 0.1918865 0.0956424 0.0937950 0.1056307 0.1223563 0.0951395 
S0376         0.3724904 0.5489373 0.6675720 0.1869840 0.1363599 0.2708952 0.1769294 0.1558672 0.1926700 0.2043432 0.1705117 0.0000000 0.1846781 0.1952159 0.0000010 0.0457203 0.1300973 0.1903012 0.1401002 0.1926700 0.1689076 0.1283609 0.1888424 0.1041184 0.1247208 0.0612361 0.2090179 0.1846779 0.0000010 0.1037277 0.2187991 0.1097073 0.0970872 0.0965614 0.1390665 0.0786433 0.1046352 0.1256102 0.2129549 0.1574395 0.1460771 0.1545217 0.2105838 0.1920943 0.1251475 0.1471371 0.1829183 0.1842387 0.2118630 0.1497248 0.1402161 0.2043432 0.2048033 0.1274641 0.0833492 0.2114644 0.0704790 0.1285194 
S0400         0.2833661 0.5414379 0.6773729 0.1962828 0.1905806 0.2556630 0.0722446 0.0877305 0.0000026 0.2106678 0.0872689 0.1846781 0.0000000 0.0221556 0.0000010 0.1327902 0.1842323 0.1631450 0.1147932 0.0000026 0.1037796 0.0891544 0.1296587 0.1438825 0.2238075 0.1060484 0.0108211 0.0000024 0.0000010 0.1699252 0.1488577 0.1314477 0.1481484 0.1468268 0.1302354 0.1512198 0.1516510 0.1820133 0.0728989 0.1614154 0.0469562 0.1151783 0.1607415 0.1655204 0.0869177 0.1378295 0.1579563 0.0000026 0.0109097 0.0489571 0.1083408 0.1771711 0.1775711 0.0339393 0.1291641 0.0000022 0.1314477 0.0584253 
S0405         0.3045164 0.5497617 0.7862631 0.2241063 0.2255719 0.2848381 0.1234190 0.0849708 0.0213480 0.2561289 0.0982647 0.1952159 0.0221556 0.0000000 0.0000010 0.1635376 0.2371159 0.1736332 0.1398654 0.0213480 0.1004231 0.0863134 0.1255348 0.1723087 0.2341880 0.1171567 0.0323532 0.0221555 0.0000010 0.1665910 0.1595997 0.1272088 0.1432860 0.1730413 0.1408359 0.1456706 0.1465642 0.1759190 0.0836336 0.2045543 0.0830509 0.1115338 0.1555382 0.1600187 0.0842123 0.1651536 0.2026650 0.0221190 0.0105142 0.0607734 0.1196903 0.2210411 0.2215629 0.0685935 0.1396485 0.0112546 0.1420577 0.0945035 
S0412sl       0.5071267 0.0000010 0.0000010 0.0000010 0.0000010 0.5071267 0.0000010 0.0000010 0.0000010 0.0000010 0.0000010 0.0000010 0.0000010 0.0000010 0.0000000 0.0000010 0.0000010 0.5071267 0.5628432 0.0000010 0.0000010 0.0000010 0.5071267 0.0000010 0.0000010 0.0000010 0.0000010 0.0000010 0.0000010 0.0000010 0.0000010 0.0000010 0.0000010 0.0000010 0.0000010 0.0000010 0.0000010 0.0000010 1.5022893 0.0000010 0.0000010 0.5071267 0.5071267 0.5071267 0.0000010 0.0000010 0.0000010 0.0000010 0.0000010 0.0000010 0.0000027 0.0000010 0.0000010 0.0000010 0.0000010 0.0000010 0.0000010 0.0000010 
S0427         0.3440562 0.5213949 0.5527689 0.1393393 0.0992948 0.2778739 0.1283381 0.1272905 0.1615251 0.1663335 0.1414599 0.0457203 0.1327902 0.1635376 0.0000010 0.0000000 0.0861511 0.1557067 0.0963387 0.1615251 0.1376510 0.1006921 0.1587592 0.0751882 0.0978997 0.0360799 0.1771487 0.1527104 0.0000010 0.0725922 0.1807249 0.0838148 0.0714949 0.0573165 0.1246938 0.0949908 0.0769450 0.0986216 0.1804846 0.1232298 0.1170234 0.1262802 0.1909800 0.1966892 0.0982105 0.1505250 0.1364224 0.1523610 0.1794225 0.1198658 0.1243059 0.1663335 0.1666791 0.0999203 0.0584930 0.1769454 0.0461739 0.1006860 
S0558         0.4463448 0.4468692 0.5960353 0.1210886 0.1056786 0.3659412 0.1498284 0.1925354 0.2337227 0.2353621 0.1903507 0.1300973 0.1842323 0.2371159 0.0000010 0.0861511 0.0000000 0.2123146 0.1363046 0.2337227 0.2096229 0.1435729 0.2070439 0.0918228 0.1484588 0.0752911 0.2513814 0.2267534 0.0000010 0.1168223 0.2435239 0.1247153 0.1118034 0.0587030 0.1766880 0.1421416 0.1349546 0.1414363 0.2562116 0.1867356 0.1832126 0.1906525 0.2420677 0.2495868 0.1588545 0.2099118 0.2006906 0.2261770 0.2551339 0.1592584 0.1822705 0.2353621 0.2359094 0.1620976 0.1251007 0.2576534 0.0841446 0.1636089 
S0616         0.3543962 0.6166392 0.6793508 0.1697722 0.2363098 0.2805731 0.1879676 0.1078578 0.1715046 0.1950131 0.1210880 0.1903012 0.1631450 0.1736332 0.5071267 0.1557067 0.2123146 0.0000000 0.1574991 0.1715046 0.1160757 0.0829766 0.1562934 0.1511841 0.2058749 0.1469700 0.1870082 0.1796035 0.5071267 0.1291251 0.0837861 0.1102972 0.1235734 0.1534552 0.0691797 0.1236035 0.1262186 0.1534925 0.1708081 0.1502172 0.1886070 0.1070864 0.1880789 0.1936403 0.0810394 0.0973423 0.2128446 0.1791876 0.1893995 0.1488544 0.1062096 0.1950131 0.1954329 0.1680660 0.1222537 0.1875978 0.1531412 0.1375120 
S0641         0.3960410 0.6567438 0.8396497 0.2096681 0.1925634 0.3810990 0.0969798 0.1265613 0.1383065 0.2364827 0.1406372 0.1401002 0.1147932 0.1398654 0.5628432 0.0963387 0.1363046 0.1574991 0.0000000 0.1383065 0.1292733 0.1001303 0.1694664 0.1418747 0.1584642 0.1041636 0.1525801 0.1294278 0.5628432 0.1342929 0.1829329 0.1746771 0.1282811 0.1006375 0.1260831 0.1623075 0.1311401 0.1595855 0.1243211 0.1872261 0.0975003 0.1255645 0.2015826 0.2075280 0.0976764 0.1523518 0.2385826 0.1291563 0.1543470 0.0594318 0.1197741 0.2364827 0.2370407 0.0821769 0.1564974 0.1505404 0.1290762 0.0569753 
S0643         0.3317077 0.5373318 0.7645904 0.2210996 0.2222798 0.2431920 0.0951028 0.0841209 0.0000010 0.2177743 0.0972537 0.1926700 0.0000026 0.0213480 0.0000010 0.1615251 0.2337227 0.1715046 0.1383065 0.0000000 0.0993616 0.0854354 0.1241722 0.1700461 0.2308554 0.1158532 0.0104357 0.0000021 0.0000010 0.1644850 0.1576700 0.1258055 0.1416341 0.1709430 0.1392376 0.1437880 0.1448286 0.1737380 0.0828129 0.1697634 0.0572062 0.1103576 0.1537342 0.1580989 0.0833785 0.1630844 0.1685019 0.0000021 0.0105181 0.0476008 0.1183207 0.1851352 0.1855429 0.0441512 0.1380868 0.0000024 0.1404398 0.0683422 
S0645sl       0.3396093 0.4840787 0.6197783 0.1979778 0.1908790 0.2745183 0.1399232 0.0464557 0.0993616 0.1915769 0.0587698 0.1689076 0.1037796 0.1004231 0.0000010 0.1376510 0.2096229 0.1160757 0.1292733 0.0993616 0.0000000 0.0349478 0.0723642 0.1220484 0.1689599 0.0915126 0.0999692 0.1037799 0.0000010 0.0906509 0.1190726 0.1027854 0.0882848 0.1478653 0.0866996 0.0999705 0.0902069 0.1177255 0.1136532 0.1445619 0.1143239 0.0585493 0.0994665 0.1021948 0.0341387 0.1380034 0.2103471 0.1035636 0.1144103 0.0764463 0.0349602 0.1915769 0.1920110 0.0976697 0.1153438 0.1081520 0.1173849 0.0839444 
S0656sl       0.3548812 0.4771977 0.5715507 0.1364621 0.1662435 0.2443941 0.1275834 0.0219883 0.0854354 0.1501007 0.0333610 0.1283609 0.0891544 0.0863134 0.0000010 0.1006921 0.1435729 0.0829766 0.1001303 0.0854354 0.0349478 0.0000000 0.0709073 0.1054810 0.1284735 0.0616189 0.0987935 0.0891544 0.0000010 0.0736475 0.1011130 0.0709073 0.0581129 0.1108589 0.0571072 0.0651312 0.0592675 0.0841351 0.0992762 0.1084898 0.0998289 0.0218732 0.0973495 0.0999556 0.0000021 0.1023642 0.1663907 0.0889746 0.0998390 0.0626401 0.0492085 0.1501007 0.1504017 0.0840415 0.0824971 0.0928330 0.0838724 0.0582002 
S0673         0.4012823 0.4648815 0.5626210 0.2162606 0.1627854 0.3285833 0.1846318 0.0698341 0.1241722 0.1982820 0.0573110 0.1888424 0.1296587 0.1255348 0.5071267 0.1587592 0.2070439 0.1562934 0.1694664 0.1241722 0.0723642 0.0709073 0.0000000 0.1327201 0.1399156 0.0843127 0.1381693 0.1296589 0.5071267 0.0984670 0.1614076 0.1082969 0.0946633 0.1503023 0.1253177 0.0918148 0.1151387 0.1222698 0.1386076 0.1531181 0.1394694 0.0450727 0.0214371 0.0219418 0.0692551 0.1669583 0.2277558 0.1293856 0.1397287 0.1019429 0.0754872 0.1982820 0.1987111 0.1219862 0.1084985 0.1350677 0.1219498 0.1212894 
S0689         0.3408799 0.4349606 0.4771054 0.1321623 0.0891656 0.2789698 0.1540304 0.1335033 0.1700461 0.1586083 0.1484571 0.1041184 0.1438825 0.1723087 0.0000010 0.0751882 0.0918228 0.1511841 0.1418747 0.1700461 0.1220484 0.1054810 0.1327201 0.0000000 0.1339348 0.0499149 0.1661886 0.1786883 0.0000010 0.0745655 0.1774989 0.0726607 0.0733028 0.0476019 0.1033565 0.0811570 0.1074993 0.1012964 0.1903637 0.1143849 0.1547217 0.1323736 0.1644884 0.1522321 0.1027569 0.1281497 0.1434140 0.1606179 0.1892325 0.1310125 0.1005897 0.1586083 0.1589469 0.1346908 0.0728617 0.1872761 0.0598104 0.1358872 
S0720         0.3533052 0.5440566 0.6604989 0.2356620 0.1325331 0.3335684 0.2139886 0.1559424 0.2308554 0.2284350 0.1404398 0.1247208 0.2238075 0.2341880 0.0000010 0.0978997 0.1484588 0.2058749 0.1584642 0.2308554 0.1689599 0.1284735 0.1399156 0.1339348 0.0000000 0.0607073 0.2484424 0.2238075 0.0000010 0.0857369 0.2357037 0.1229369 0.0824462 0.0830123 0.1714660 0.0925372 0.1018693 0.1096379 0.2128620 0.1813434 0.1636579 0.1253799 0.1704150 0.1753231 0.1252601 0.2031897 0.2304079 0.2232411 0.2521350 0.1705164 0.1762925 0.2284350 0.2289495 0.1598193 0.0960226 0.2544499 0.0576765 0.1286326 
S0742         0.3292875 0.4213928 0.5099475 0.1427168 0.0622280 0.2550200 0.1018739 0.0872337 0.1158532 0.1703546 0.0867796 0.0612361 0.1060484 0.1171567 0.0000010 0.0360799 0.0752911 0.1469700 0.1041636 0.1158532 0.0915126 0.0616189 0.0843127 0.0499149 0.0607073 0.0000000 0.1302597 0.1060483 0.0000010 0.0477159 0.1720757 0.0461569 0.0344181 0.0342685 0.1154736 0.0520580 0.0494525 0.0593437 0.1326888 0.1261832 0.0747646 0.0730420 0.1116443 0.1146890 0.0601207 0.1411680 0.1396665 0.1043287 0.1317689 0.0933410 0.0953531 0.1703546 0.1707170 0.0599386 0.0341706 0.1264226 0.0111204 0.0603417 
S0756         0.3317077 0.5250754 0.7480184 0.2377286 0.2403854 0.2247153 0.1081680 0.0972820 0.0104357 0.2343083 0.1106889 0.2090179 0.0108211 0.0323532 0.0000010 0.1771487 0.2513814 0.1870082 0.1525801 0.0104357 0.0999692 0.0987935 0.1381693 0.1661886 0.2484424 0.1302597 0.0000000 0.0108211 0.0000010 0.1644850 0.1730561 0.1400261 0.1563949 0.1862733 0.1537838 0.1603378 0.1599740 0.1893956 0.0957089 0.1851352 0.0693947 0.1240443 0.1685066 0.1733501 0.0963917 0.1789914 0.1836258 0.0108039 0.0212513 0.0601848 0.1331310 0.2008732 0.2013257 0.0557745 0.1524266 0.0112007 0.1550238 0.0806027 
S0763         0.3127847 0.5316103 0.7629963 0.2319031 0.2146677 0.2556620 0.0854957 0.0877305 0.0000021 0.2283760 0.1014684 0.1846779 0.0000024 0.0221555 0.0000010 0.1527104 0.2267534 0.1796035 0.1294278 0.0000021 0.1037799 0.0891544 0.1296589 0.1786883 0.2238075 0.1060483 0.0108211 0.0000000 0.0000010 0.1555583 0.1651381 0.1314477 0.1325798 0.1626509 0.1455567 0.1487808 0.1356579 0.1653754 0.0862979 0.1777194 0.0469562 0.1151783 0.1607415 0.1655203 0.0869178 0.1710461 0.1762773 0.0000021 0.0109097 0.0496173 0.1238886 0.1939177 0.1943677 0.0339400 0.1442692 0.0000020 0.1314477 0.0584253 
S0765         0.5071267 0.0000010 0.0000010 0.0000010 0.0000010 0.5071267 0.0000010 0.0000010 0.0000010 0.0000010 0.0000010 0.0000010 0.0000010 0.0000010 0.0000010 0.0000010 0.0000010 0.5071267 0.5628432 0.0000010 0.0000010 0.0000010 0.5071267 0.0000010 0.0000010 0.0000010 0.0000010 0.0000010 0.0000000 0.0000010 0.0000010 0.0000010 0.0000010 0.0000010 0.0000010 0.0000010 0.0000010 0.0000010 1.5022893 0.0000010 0.0000010 0.5071267 0.5071267 0.5071267 0.0000010 0.0000010 0.0000010 0.0000010 0.0000010 0.0000010 0.0000027 0.0000010 0.0000010 0.0000010 0.0000010 0.0000010 0.0000010 0.0000010 
S0771         0.3577905 0.4127289 0.4756622 0.1569564 0.0728589 0.2743253 0.1648486 0.0992969 0.1644850 0.1218545 0.0987632 0.1037277 0.1699252 0.1665910 0.0000010 0.0725922 0.1168223 0.1291251 0.1342929 0.1644850 0.0906509 0.0736475 0.0984670 0.0745655 0.0857369 0.0477159 0.1644850 0.1555583 0.0000010 0.0000000 0.1521744 0.0705793 0.0338333 0.0707037 0.0992720 0.0376164 0.0236105 0.0340999 0.1486718 0.0822920 0.1496933 0.0848742 0.0975601 0.1303438 0.0718662 0.1541420 0.1687079 0.1721592 0.1829036 0.1407730 0.0961950 0.1218545 0.1220868 0.1304679 0.0833996 0.1630767 0.0581106 0.1008552 
S0888         0.4218351 0.6018136 0.6738370 0.1958203 0.2363952 0.2860888 0.1882716 0.1110706 0.1576700 0.2226345 0.1247363 0.2187991 0.1488577 0.1595997 0.0000010 0.1807249 0.2435239 0.0837861 0.1829329 0.1576700 0.1190726 0.1011130 0.1614076 0.1774989 0.2357037 0.1720757 0.1730561 0.1651381 0.0000010 0.1521744 0.0000000 0.1018839 0.1451540 0.1778307 0.0743296 0.1269858 0.1484784 0.1778016 0.1733661 0.1739526 0.1951264 0.1268035 0.1944953 0.2004624 0.0986113 0.0448164 0.2201081 0.1647572 0.1752423 0.1539553 0.1090367 0.2015011 0.2019527 0.1735969 0.1435920 0.1725268 0.1774362 0.1603992 
S0906         0.3045164 0.4372895 0.4969437 0.1075311 0.1264795 0.2592726 0.1709351 0.0955527 0.1258055 0.1606434 0.1086314 0.1097073 0.1314477 0.1272088 0.0000010 0.0838148 0.1247153 0.1102972 0.1746771 0.1258055 0.1027854 0.0709073 0.1082969 0.0726607 0.1229369 0.0461569 0.1400261 0.1314477 0.0000010 0.0705793 0.1018839 0.0000000 0.0558114 0.0796824 0.0713638 0.0490925 0.0720512 0.0807109 0.1731611 0.1192116 0.1413556 0.0948916 0.1362370 0.1399408 0.0692551 0.1325233 0.1458226 0.1311662 0.1416341 0.1189217 0.1069909 0.1606434 0.1609636 0.1235537 0.0439145 0.1370171 0.0554704 0.1245345 
S0959         0.3396093 0.4688632 0.5948750 0.1500968 0.1132525 0.2809612 0.1571938 0.0821929 0.1416341 0.1456919 0.0949310 0.0970872 0.1481484 0.1432860 0.0000010 0.0714949 0.1118034 0.1235734 0.1282811 0.1416341 0.0882848 0.0581129 0.0946633 0.0733028 0.0824462 0.0344181 0.1563949 0.1325798 0.0000010 0.0338333 0.1451540 0.0558114 0.0000000 0.0679713 0.0951978 0.0361926 0.0344874 0.0216145 0.1567823 0.1054758 0.1279609 0.0816525 0.1217184 0.1249655 0.0567789 0.1469502 0.1613681 0.1478198 0.1582738 0.1189217 0.0918532 0.1456919 0.1459738 0.1106912 0.0802863 0.1545828 0.0441411 0.0833765 
S1083         0.3344023 0.4626287 0.5822284 0.1212948 0.0861001 0.3157842 0.1265684 0.1369767 0.1709430 0.1757116 0.1508781 0.0965614 0.1468268 0.1730413 0.0000010 0.0573165 0.0587030 0.1534552 0.1006375 0.1709430 0.1478653 0.1108589 0.1503023 0.0476019 0.0830123 0.0342685 0.1862733 0.1626509 0.0000010 0.0707037 0.1778307 0.0796824 0.0679713 0.0000000 0.1230370 0.0759434 0.0854331 0.0936350 0.1896661 0.1331782 0.1271728 0.1358906 0.1805675 0.1856721 0.1081896 0.1482537 0.1461039 0.1622864 0.1886258 0.1191681 0.1224836 0.1757116 0.1760707 0.1100612 0.0798920 0.1867976 0.0214523 0.1109035 
S1120         0.4074236 0.6108970 0.7224717 0.1381224 0.1979183 0.2715720 0.1545610 0.0808055 0.1392376 0.1625944 0.0933456 0.1390665 0.1302354 0.1408359 0.0000010 0.1246938 0.1766880 0.0691797 0.1260831 0.1392376 0.0866996 0.0571072 0.1253177 0.1033565 0.1714660 0.1154736 0.1537838 0.1455567 0.0000010 0.0992720 0.0743296 0.0713638 0.0951978 0.1230370 0.0000000 0.0632191 0.0971523 0.1231257 0.1541778 0.1204407 0.1551971 0.0802838 0.1550314 0.1274652 0.0558163 0.0598087 0.1791989 0.1452385 0.1556018 0.1167889 0.0489647 0.1625944 0.1629248 0.1366684 0.0941463 0.1517946 0.1227998 0.1082133 
S1128         0.3749364 0.4773177 0.5646870 0.1374305 0.1274221 0.2547738 0.1966627 0.0922232 0.1437880 0.1027049 0.1066136 0.0786433 0.1512198 0.1456706 0.0000010 0.0949908 0.1421416 0.1236035 0.1623075 0.1437880 0.0999705 0.0651312 0.0918148 0.0811570 0.0925372 0.0520580 0.1603378 0.1487808 0.0000010 0.0376164 0.1269858 0.0490925 0.0361926 0.0759434 0.0632191 0.0000000 0.0521987 0.0624803 0.1607503 0.0617971 0.1619731 0.0915263 0.1062554 0.0935151 0.0634623 0.0958194 0.1499264 0.1333813 0.1625071 0.1186687 0.0713447 0.0885899 0.0887601 0.1407721 0.0758745 0.1586377 0.0491808 0.1086078 
S1129sl       0.3406285 0.4968236 0.6779408 0.1620761 0.1371731 0.2696871 0.1608083 0.0838523 0.1448286 0.1277812 0.0968696 0.1046352 0.1516510 0.1465642 0.0000010 0.0769450 0.1349546 0.1262186 0.1311401 0.1448286 0.0902069 0.0592675 0.1151387 0.1074993 0.1018693 0.0494525 0.1599740 0.1356579 0.0000010 0.0236105 0.1484784 0.0720512 0.0344874 0.0854331 0.0971523 0.0521987 0.0000000 0.0347642 0.1299923 0.1133715 0.1308134 0.0832872 0.1303393 0.1494165 0.0578802 0.1503535 0.1741317 0.1513058 0.1619501 0.1216534 0.0939330 0.1422909 0.1425838 0.1130543 0.0861625 0.1419354 0.0592946 0.0850888 
S1189         0.3759885 0.5243342 0.6664656 0.1810669 0.1437188 0.3222718 0.1903724 0.1093044 0.1737380 0.1756911 0.1226786 0.1256102 0.1820133 0.1759190 0.0000010 0.0986216 0.1414363 0.1534925 0.1595855 0.1737380 0.1177255 0.0841351 0.1222698 0.1012964 0.1096379 0.0593437 0.1893956 0.1653754 0.0000010 0.0340999 0.1778016 0.0807109 0.0216145 0.0936350 0.1231257 0.0624803 0.0347642 0.0000000 0.1281535 0.1332511 0.1592805 0.1085111 0.1509919 0.1551513 0.0821490 0.1800136 0.1625472 0.1815877 0.1918431 0.1509291 0.1225821 0.1756911 0.1760498 0.1401980 0.1066627 0.1731121 0.0683905 0.1110052 
S1211         0.3873291 0.6357838 0.8555194 0.2780161 0.2452004 0.3243359 0.1381848 0.0977576 0.0828129 0.2692284 0.1111680 0.2129549 0.0728989 0.0836336 1.5022893 0.1804846 0.2562116 0.1708081 0.1243211 0.0828129 0.1136532 0.0992762 0.1386076 0.1903637 0.2128620 0.1326888 0.0957089 0.0862979 1.5022893 0.1486718 0.1733661 0.1731611 0.1567823 0.1896661 0.1541778 0.1607503 0.1299923 0.1281535 0.0000000 0.2180519 0.0966887 0.1245111 0.1688302 0.1736551 0.0968617 0.1474083 0.2028201 0.0727605 0.0966844 0.0737336 0.1336121 0.2344474 0.2349959 0.0815099 0.1551567 0.0759102 0.1578387 0.0811078 
S1214sl       0.4001728 0.5537153 0.5436421 0.1364594 0.1722652 0.3161984 0.1860798 0.1341048 0.1697634 0.0319606 0.1477490 0.1574395 0.1614154 0.2045543 0.0000010 0.1232298 0.1867356 0.1502172 0.1872261 0.1697634 0.1445619 0.1084898 0.1531181 0.1143849 0.1813434 0.1261832 0.1851352 0.1777194 0.0000010 0.0822920 0.1739526 0.1192116 0.1054758 0.1331782 0.1204407 0.0617971 0.1133715 0.1332511 0.2180519 0.0000000 0.1867175 0.1330669 0.1515248 0.1893327 0.1059244 0.1760937 0.1199384 0.1773112 0.1874813 0.1323690 0.1196319 0.0319606 0.0320096 0.1663918 0.1194342 0.1855717 0.1329241 0.1361295 
S1235sl       0.3479010 0.5620742 0.6798513 0.2394776 0.1708304 0.3004665 0.0577010 0.0982931 0.0572062 0.2360507 0.1118034 0.1460771 0.0469562 0.0830509 0.0000010 0.1170234 0.1832126 0.1886070 0.0975003 0.0572062 0.1143239 0.0998289 0.1394694 0.1547217 0.1636579 0.0747646 0.0693947 0.0469562 0.0000010 0.1496933 0.1951264 0.1413556 0.1279609 0.1271728 0.1551971 0.1619731 0.1308134 0.1592805 0.0966887 0.1867175 0.0000000 0.1252517 0.1699875 0.1748929 0.0973853 0.1681055 0.2008400 0.0468722 0.0700543 0.0480157 0.1344856 0.2360507 0.2366095 0.0107364 0.1247883 0.0618233 0.0988334 0.0331954 
S1239         0.4012823 0.4613629 0.5889418 0.1809738 0.1618943 0.2781994 0.1536818 0.0441755 0.1103576 0.1755851 0.0326619 0.1545217 0.1151783 0.1115338 0.5071267 0.1262802 0.1906525 0.1070864 0.1255645 0.1103576 0.0585493 0.0218732 0.0450727 0.1323736 0.1253799 0.0730420 0.1240443 0.1151783 0.5071267 0.0848742 0.1268035 0.0948916 0.0816525 0.1358906 0.0802838 0.0915263 0.0832872 0.1085111 0.1245111 0.1330669 0.1252517 0.0000000 0.0695427 0.0713136 0.0213972 0.1283377 0.1923677 0.1149406 0.1254049 0.0880709 0.0610196 0.1755851 0.1759439 0.1084762 0.0806666 0.1199345 0.1082085 0.0818094 
S1245         0.3696885 0.4244265 0.5096829 0.2507876 0.1609413 0.3312390 0.2177252 0.0958843 0.1537342 0.1658474 0.0825616 0.2105838 0.1607415 0.1555382 0.5071267 0.1909800 0.2420677 0.1880789 0.2015826 0.1537342 0.0994665 0.0973495 0.0214371 0.1644884 0.1704150 0.1116443 0.1685066 0.1607415 0.5071267 0.0975601 0.1944953 0.1362370 0.1217184 0.1805675 0.1550314 0.1062554 0.1303393 0.1509919 0.1688302 0.1515248 0.1699875 0.0695427 0.0000000 0.0451058 0.0950246 0.2011808 0.2623051 0.1603856 0.1705417 0.1314707 0.1038426 0.1960099 0.1964273 0.1508238 0.1365038 0.1676471 0.1506477 0.1498754 
S1246         0.4403485 0.5405556 0.6612959 0.2583979 0.2025532 0.3135392 0.2242553 0.0984165 0.1580989 0.2384495 0.0847026 0.1920943 0.1655204 0.1600187 0.5071267 0.1966892 0.2495868 0.1936403 0.2075280 0.1580989 0.1021948 0.0999556 0.0219418 0.1522321 0.1753231 0.1146890 0.1733501 0.1655203 0.5071267 0.1303438 0.2004624 0.1399408 0.1249655 0.1856721 0.1274652 0.0935151 0.1494165 0.1551513 0.1736551 0.1893327 0.1748929 0.0713136 0.0451058 0.0000000 0.0975068 0.1699914 0.2701837 0.1651420 0.1755179 0.1352813 0.0768542 0.2384495 0.2390077 0.1550029 0.1402232 0.1728496 0.1547974 0.1539928 
S1250sl       0.3396093 0.4613674 0.5891079 0.1509149 0.1617515 0.2547986 0.1243983 0.0215073 0.0833785 0.1464516 0.0326236 0.1251475 0.0869177 0.0842123 0.0000010 0.0982105 0.1588545 0.0810394 0.0976764 0.0833785 0.0341387 0.0000021 0.0692551 0.1027569 0.1252601 0.0601207 0.0963917 0.0869178 0.0000010 0.0718662 0.0986113 0.0692551 0.0567789 0.1081896 0.0558163 0.0634623 0.0578802 0.0821490 0.0968617 0.1059244 0.0973853 0.0213972 0.0950246 0.0975068 0.0000000 0.0998044 0.1622780 0.0867466 0.0973839 0.0610927 0.0480107 0.1464516 0.1467371 0.0820547 0.0805819 0.0904121 0.0818962 0.0568611 
S1315         0.4392585 0.6364525 0.7492499 0.1982872 0.2098893 0.2746240 0.1474917 0.1147771 0.1630844 0.2253750 0.1288731 0.1471371 0.1378295 0.1651536 0.0000010 0.1505250 0.2099118 0.0973423 0.1523518 0.1630844 0.1380034 0.1023642 0.1669583 0.1281497 0.2031897 0.1411680 0.1789914 0.1710461 0.0000010 0.1541420 0.0448164 0.1325233 0.1469502 0.1482537 0.0598087 0.0958194 0.1503535 0.1800136 0.1474083 0.1760937 0.1681055 0.1283377 0.2011808 0.1699914 0.0998044 0.0000000 0.2058209 0.1538177 0.1813350 0.1427266 0.0953734 0.2039451 0.2044072 0.1476294 0.1157228 0.1789372 0.1479360 0.1315982 
S1332         0.2974484 0.4675324 0.5222038 0.1356807 0.2224927 0.2744770 0.2002281 0.1941659 0.1685019 0.1333755 0.2088359 0.1829183 0.1579563 0.2026650 0.0000010 0.1364224 0.2006906 0.2128446 0.2385826 0.1685019 0.2103471 0.1663907 0.2277558 0.1434140 0.2304079 0.1396665 0.1836258 0.1762773 0.0000010 0.1687079 0.2201081 0.1458226 0.1613681 0.1461039 0.1791989 0.1499264 0.1741317 0.1625472 0.2028201 0.1199384 0.2008400 0.1923677 0.2623051 0.2701837 0.1622780 0.2058209 0.0000000 0.1733499 0.1859110 0.1614732 0.1847028 0.1333755 0.1065700 0.1800642 0.1322026 0.1511059 0.1458226 0.1817129 
S1369         0.3043215 0.5707371 0.7444176 0.2313362 0.2141060 0.2550015 0.0853312 0.0875562 0.0000021 0.2278202 0.1012627 0.1842387 0.0000026 0.0221190 0.0000010 0.1523610 0.2261770 0.1791876 0.1291563 0.0000021 0.1035636 0.0889746 0.1293856 0.1606179 0.2232411 0.1043287 0.0108039 0.0000021 0.0000010 0.1721592 0.1647572 0.1311662 0.1478198 0.1622864 0.1452385 0.1333813 0.1513058 0.1815877 0.0727605 0.1773112 0.0468722 0.1149406 0.1603856 0.1651420 0.0867466 0.1538177 0.1733499 0.0000000 0.0108922 0.0488656 0.1236114 0.1934636 0.1939113 0.0338822 0.1288924 0.0000020 0.1311662 0.0583201 
S1370         0.3317077 0.5777435 0.8245425 0.2410512 0.2440584 0.2648213 0.1092914 0.0982956 0.0105181 0.2375638 0.1118733 0.2118630 0.0109097 0.0105142 0.0000010 0.1794225 0.2551339 0.1893995 0.1543470 0.0105181 0.1144103 0.0998390 0.1397287 0.1892325 0.2521350 0.1317689 0.0212513 0.0109097 0.0000010 0.1829036 0.1752423 0.1416341 0.1582738 0.1886258 0.1556018 0.1625071 0.1619501 0.1918431 0.0966844 0.1874813 0.0700543 0.1254049 0.1705417 0.1755179 0.0973839 0.1813350 0.1859110 0.0108922 0.0000000 0.0607734 0.1347206 0.2034959 0.2039626 0.0562764 0.1542011 0.0000024 0.1568625 0.0813776 
S1375         0.2428183 0.4939272 0.5825778 0.1839518 0.1825198 0.2772486 0.0874143 0.0616253 0.0476008 0.1630416 0.0748393 0.1497248 0.0489571 0.0607734 0.0000010 0.1198658 0.1592584 0.1488544 0.0594318 0.0476008 0.0764463 0.0626401 0.1019429 0.1310125 0.1705164 0.0933410 0.0601848 0.0496173 0.0000010 0.1407730 0.1539553 0.1189217 0.1189217 0.1191681 0.1167889 0.1186687 0.1216534 0.1509291 0.0737336 0.1323690 0.0480157 0.0880709 0.1314707 0.1352813 0.0610927 0.1427266 0.1614732 0.0488656 0.0607734 0.0000000 0.0945512 0.1794187 0.1634027 0.0346889 0.1168301 0.0509014 0.1189217 0.0468126 
S1405         0.4379755 0.5816052 0.7185005 0.1719398 0.1820244 0.2600927 0.1308518 0.0613089 0.1183207 0.1662279 0.0744610 0.1402161 0.1083408 0.1196903 0.0000027 0.1243059 0.1822705 0.1062096 0.1197741 0.1183207 0.0349602 0.0492085 0.0754872 0.1005897 0.1762925 0.0953531 0.1331310 0.1238886 0.0000027 0.0961950 0.1090367 0.1069909 0.0918532 0.1224836 0.0489647 0.0713447 0.0939330 0.1225821 0.1336121 0.1196319 0.1344856 0.0610196 0.1038426 0.0768542 0.0480107 0.0953734 0.1847028 0.1236114 0.1347206 0.0945512 0.0000000 0.1662279 0.1666025 0.1161304 0.1200250 0.1294146 0.1222231 0.1013181 
S1422         0.4630734 0.5265549 0.6281797 0.1801877 0.2204998 0.3354003 0.2355033 0.1771424 0.1851352 0.0430073 0.1914846 0.2043432 0.1771711 0.2210411 0.0000010 0.1663335 0.2353621 0.1950131 0.2364827 0.1851352 0.1915769 0.1501007 0.1982820 0.1586083 0.2284350 0.1703546 0.2008732 0.1939177 0.0000010 0.1218545 0.2015011 0.1606434 0.1456919 0.1757116 0.1625944 0.0885899 0.1422909 0.1756911 0.2344474 0.0319606 0.2360507 0.1755851 0.1960099 0.2384495 0.1464516 0.2039451 0.1333755 0.1934636 0.2034959 0.1794187 0.1662279 0.0000000 0.0210339 0.2130120 0.1609636 0.2025815 0.1753541 0.1800776 
S1449         0.4000942 0.4789383 0.5724484 0.1805666 0.2210103 0.3363085 0.2360613 0.1775091 0.1855429 0.0210339 0.1918865 0.2048033 0.1775711 0.2215629 0.0000010 0.1666791 0.2359094 0.1954329 0.2370407 0.1855429 0.1920110 0.1504017 0.1987111 0.1589469 0.2289495 0.1707170 0.2013257 0.1943677 0.0000010 0.1220868 0.2019527 0.1609636 0.1459738 0.1760707 0.1629248 0.0887601 0.1425838 0.1760498 0.2349959 0.0320096 0.2366095 0.1759439 0.1964273 0.2390077 0.1467371 0.2044072 0.1065700 0.1939113 0.2039626 0.1634027 0.1666025 0.0210339 0.0000000 0.2134890 0.1612848 0.1854168 0.1757116 0.1804585 
S1460         0.3329737 0.5721068 0.6946199 0.2162250 0.1497800 0.2729869 0.0445334 0.0827700 0.0441512 0.2130120 0.0956424 0.1274641 0.0339393 0.0685935 0.0000010 0.0999203 0.1620976 0.1680660 0.0821769 0.0441512 0.0976697 0.0840415 0.1219862 0.1346908 0.1598193 0.0599386 0.0557745 0.0339400 0.0000010 0.1304679 0.1735969 0.1235537 0.1106912 0.1100612 0.1366684 0.1407721 0.1130543 0.1401980 0.0815099 0.1663918 0.0107364 0.1084762 0.1508238 0.1550029 0.0820547 0.1476294 0.1800642 0.0338822 0.0562764 0.0346889 0.1161304 0.2130120 0.2134890 0.0000000 0.1080529 0.0475834 0.0832201 0.0213720 
S1462         0.3353380 0.4386205 0.5255473 0.1077296 0.0985899 0.2599063 0.1531869 0.1072269 0.1380868 0.1609636 0.0937950 0.0833492 0.1291641 0.1396485 0.0000010 0.0584930 0.1251007 0.1222537 0.1564974 0.1380868 0.1153438 0.0824971 0.1084985 0.0728617 0.0960226 0.0341706 0.1524266 0.1442692 0.0000010 0.0833996 0.1435920 0.0439145 0.0802863 0.0798920 0.0941463 0.0758745 0.0861625 0.1066627 0.1551567 0.1194342 0.1247883 0.0806666 0.1365038 0.1402232 0.0805819 0.1157228 0.1322026 0.1288924 0.1542011 0.1168301 0.1200250 0.1609636 0.1612848 0.1080529 0.0000000 0.1503635 0.0556060 0.1088625 
S_670         0.2965142 0.4936646 0.7800453 0.2425379 0.2459006 0.2679828 0.1030708 0.0912977 0.0000024 0.2201809 0.1056307 0.2114644 0.0000022 0.0112546 0.0000010 0.1769454 0.2576534 0.1875978 0.1505404 0.0000024 0.1081520 0.0928330 0.1350677 0.1872761 0.2544499 0.1264226 0.0112007 0.0000020 0.0000010 0.1630767 0.1725268 0.1370171 0.1545828 0.1867976 0.1517946 0.1586377 0.1419354 0.1731121 0.0759102 0.1855717 0.0618233 0.1199345 0.1676471 0.1728496 0.0904121 0.1789372 0.1511059 0.0000020 0.0000024 0.0509014 0.1294146 0.2025815 0.1854168 0.0475834 0.1503635 0.0000000 0.1531286 0.0738323 
SRR11470320   0.3058593 0.4612003 0.5526553 0.1488617 0.0849880 0.2776479 0.1263160 0.1089981 0.1404398 0.1753541 0.1223563 0.0704790 0.1314477 0.1420577 0.0000010 0.0461739 0.0841446 0.1531412 0.1290762 0.1404398 0.1173849 0.0838724 0.1219498 0.0598104 0.0576765 0.0111204 0.1550238 0.1314477 0.0000010 0.0581106 0.1774362 0.0554704 0.0441411 0.0214523 0.1227998 0.0491808 0.0592946 0.0683905 0.1578387 0.1329241 0.0988334 0.1082085 0.1506477 0.1547974 0.0818962 0.1479360 0.1458226 0.1311662 0.1568625 0.1189217 0.1222231 0.1753541 0.1757116 0.0832201 0.0556060 0.1531286 0.0000000 0.0838054 
SRR8528357    0.3697206 0.6245917 0.7608701 0.2184250 0.1667793 0.3014602 0.0563818 0.0823529 0.0683422 0.1800776 0.0951395 0.1285194 0.0584253 0.0945035 0.0000010 0.1006860 0.1636089 0.1375120 0.0569753 0.0683422 0.0839444 0.0582002 0.1212894 0.1358872 0.1286326 0.0603417 0.0806027 0.0584253 0.0000010 0.1008552 0.1603992 0.1245345 0.0833765 0.1109035 0.1082133 0.1086078 0.0850888 0.1110052 0.0811078 0.1361295 0.0331954 0.0818094 0.1498754 0.1539928 0.0568611 0.1315982 0.1817129 0.0583201 0.0813776 0.0468126 0.1013181 0.1800776 0.1804585 0.0213720 0.1088625 0.0738323 0.0838054 0.0000000 
