130
CRNC          0.0000000 0.2846537 0.3603122 0.5057940 0.4981890 0.5718552 0.4824577 0.5622496 0.5660302 0.6068216 0.5425012 0.5901558 0.5826194 0.5576257 0.6292292 0.5585151 0.5781882 0.6611565 0.5547868 0.5713030 0.6084808 0.5791599 0.5760777 0.5774042 0.5791963 0.5545554 0.5686871 0.5905701 0.5548310 0.5378669 0.5972088 0.5913502 0.6007795 0.5522622 0.5997775 0.6719798 0.5706448 0.5412653 0.6315806 0.5653809 0.6193257 0.5308348 0.5067894 0.5830670 0.5805154 0.4998677 0.5757673 0.6342413 0.5924712 0.5806194 0.4965806 0.5832042 0.5635611 0.5373976 0.5861498 0.5503865 0.5514125 0.5284957 0.5140296 0.5647695 0.5894356 0.5228735 0.5351865 0.5382058 0.5364899 0.6104789 0.5725922 0.6976474 0.5829378 0.6168358 0.5503292 0.6259457 0.5835822 0.5564991 0.6163432 0.5604861 0.5865664 0.6305047 0.5339318 0.6617700 0.5124674 0.5677676 0.5890677 0.5385005 0.6595748 0.5983953 0.6705713 0.5734136 0.6100427 0.5416654 0.4573058 0.4711680 0.5206900 0.5695202 0.5374072 0.5850604 0.5502606 0.6098810 0.6279387 0.5474854 0.5758994 0.5887571 0.5493923 0.5878837 0.5444176 0.5915332 0.5956118 0.5782789 0.5709156 0.5548491 0.5464660 0.5746463 0.5922490 0.5216897 0.6252660 0.7145129 0.5294870 0.5724528 0.5474672 0.5093051 0.6150670 0.5694944 0.5771839 0.5843253 0.5375926 0.5154307 0.7699004 0.5385895 0.5489767 0.5994010 
HYZL          0.2846537 0.0000000 0.1979609 0.4618933 0.5402280 0.4695147 0.4420427 0.5268789 0.5341485 0.5733871 0.5155714 0.4994857 0.5961445 0.5175016 0.4950922 0.4924990 0.5434997 0.6492312 0.5454646 0.5170318 0.6026307 0.5018994 0.4549108 0.4928583 0.4753515 0.4776839 0.6152976 0.5329216 0.5595594 0.5030076 0.5246592 0.5341340 0.5777137 0.5836759 0.5495429 0.5913166 0.5292343 0.5387611 0.5354779 0.4818775 0.5864755 0.5511222 0.5466625 0.4840818 0.4727886 0.4822811 0.5423430 0.6323578 0.5496892 0.5468670 0.4000160 0.5005933 0.5006597 0.5025579 0.4811810 0.5019166 0.5269168 0.5135708 0.5145030 0.5556276 0.5371116 0.5313534 0.5389154 0.5135364 0.5309180 0.5365614 0.5315817 0.6241055 0.5452358 0.5616856 0.5425689 0.6346028 0.4975558 0.4967029 0.5933222 0.5320876 0.5647104 0.6357807 0.5250809 0.6602481 0.5204637 0.5230610 0.5509226 0.4860155 0.5659277 0.5294071 0.6783402 0.4776687 0.5503812 0.5145787 0.4361426 0.4635511 0.5210246 0.5485590 0.5489953 0.5405155 0.5013867 0.5784455 0.5954426 0.4717615 0.5366382 0.4549311 0.5089413 0.4846298 0.4549520 0.5156001 0.5154849 0.5128866 0.5362068 0.5157246 0.5027672 0.5902473 0.5151471 0.4827490 0.5736836 0.6293241 0.5451975 0.4774787 0.5311130 0.4578941 0.5079471 0.5696693 0.5064949 0.4765621 0.5274485 0.5033385 0.4934438 0.4721504 0.5050257 0.5072560 
MYZV          0.3603122 0.1979609 0.0000000 0.5462225 0.5691416 0.6051220 0.5082403 0.5911183 0.5807070 0.6110910 0.5586721 0.6059425 0.6206302 0.6187020 0.5789675 0.5640712 0.5831463 0.7412954 0.5884518 0.6612351 0.6510556 0.6050820 0.6043069 0.5907911 0.5935906 0.5764160 0.6851890 0.6009774 0.6099332 0.5742522 0.5885772 0.6027992 0.6773103 0.6540295 0.6432776 0.6906664 0.5655074 0.5650536 0.6407690 0.6013187 0.6168882 0.6175086 0.5781287 0.6014140 0.6140304 0.5685657 0.6527670 0.6695799 0.6008409 0.6565930 0.5069218 0.6216355 0.5834985 0.5737661 0.5881402 0.5731452 0.6011280 0.5556661 0.5851002 0.6148568 0.6578692 0.5972989 0.6183409 0.6041287 0.6215585 0.6351768 0.6018607 0.7194499 0.6544773 0.6404298 0.5859760 0.6923445 0.5770353 0.5814709 0.5992098 0.5629715 0.5897951 0.6492258 0.5800503 0.7033047 0.5911926 0.5930000 0.6243546 0.5758817 0.6476279 0.6209286 0.7209787 0.5876426 0.6358206 0.6048846 0.5002237 0.5125957 0.5606297 0.6435015 0.6226825 0.5822712 0.5464196 0.6877632 0.7047055 0.5888920 0.6493749 0.5821908 0.5758307 0.5957716 0.5465663 0.5905125 0.5869314 0.6105791 0.6049735 0.5914779 0.6061196 0.6155630 0.6092606 0.5579356 0.6180578 0.6863499 0.5697865 0.5867250 0.5973877 0.5566899 0.6098011 0.6269838 0.6087002 0.6182077 0.5760404 0.5929114 0.6599259 0.5863254 0.6025897 0.5878179 
SRR6441723    0.5057940 0.4618933 0.5462225 0.0000000 0.0609536 0.0996545 0.2651274 0.0808673 0.1050496 0.1662812 0.1344447 0.0812366 0.1703144 0.0470568 0.0685506 0.1228186 0.1636052 0.1737314 0.1477518 0.1380300 0.1393763 0.0568403 0.0741001 0.0990592 0.0794132 0.0847879 0.1474311 0.0853948 0.1359476 0.1065124 0.0960462 0.1542217 0.1618681 0.1318941 0.0918369 0.1122720 0.1447360 0.1240783 0.0987143 0.0793673 0.1583854 0.1086424 0.1315172 0.0999089 0.0763429 0.1321906 0.1524549 0.2238896 0.0923734 0.1571151 0.0905038 0.1023888 0.0729407 0.1065565 0.0854223 0.1097757 0.1102101 0.0729645 0.1431069 0.1061214 0.1438475 0.0981461 0.1256571 0.0542972 0.1226676 0.0895759 0.0673360 0.1099813 0.0922418 0.1367149 0.1428894 0.2161000 0.0865949 0.1220461 0.1505946 0.0685085 0.0893148 0.1912900 0.1111945 0.2185840 0.1005156 0.0723392 0.0538831 0.1174248 0.0931907 0.0704040 0.2163590 0.0788883 0.0933284 0.0489121 0.0576787 0.0816377 0.1046163 0.1475052 0.1145617 0.1458798 0.1249538 0.1674100 0.1700610 0.0877349 0.1395398 0.0820327 0.0404148 0.0844126 0.0673375 0.0890845 0.0550693 0.0785283 0.1435804 0.0418554 0.0451087 0.1434384 0.1021400 0.1044841 0.1450812 0.1878164 0.1083673 0.0796420 0.1443446 0.0157566 0.0903884 0.1312301 0.0812119 0.0892738 0.1144545 0.0543381 0.1575537 0.0858333 0.0212835 0.0763078 
ERR4210213    0.4981890 0.5402280 0.5691416 0.0609536 0.0000000 0.0612724 0.2562991 0.0823377 0.0632871 0.1665794 0.1230376 0.0612724 0.2436608 0.0525208 0.0803252 0.1160055 0.3431442 0.1810443 0.2098597 0.1255145 0.1678494 0.0508281 0.0506697 0.0812431 0.0612724 0.0822406 0.1380207 0.0720168 0.1274229 0.1240456 0.0424029 0.1604092 0.1958857 0.1571178 0.0710283 0.0713282 0.1140268 0.1543042 0.0929766 0.0722601 0.1686582 0.1302470 0.1823673 0.0000010 0.0612724 0.1382062 0.1833156 0.2753907 0.0621995 0.1666364 0.1032214 0.0941641 0.0614740 0.1131993 0.0612724 0.1144424 0.1238307 0.0425644 0.1382074 0.1277733 0.1137473 0.1419166 0.1567371 0.0335515 0.1179418 0.0823654 0.0522250 0.0712430 0.0705277 0.2205425 0.1357509 0.2759798 0.0637035 0.1129367 0.1136484 0.0631556 0.1094371 0.2021465 0.1325340 0.2606450 0.0938023 0.0624595 0.0820500 0.1119306 0.0715601 0.0715998 0.2818108 0.0612724 0.0821768 0.0424850 0.0371710 0.1179641 0.1193147 0.1546295 0.1320018 0.1635643 0.0721206 0.1726175 0.1693499 0.0612724 0.1137473 0.0613389 0.0523832 0.0612724 0.0709063 0.0909335 0.0544270 0.0937217 0.1475482 0.0424148 0.0525208 0.1837375 0.1032410 0.1046548 0.1561906 0.0730272 0.1286041 0.0617846 0.1357509 0.0608519 0.1148048 0.1330620 0.0709063 0.0715096 0.0000010 0.0246302 0.0000010 0.1117391 1.1139540 0.0924007 
ERR2789774    0.5718552 0.4695147 0.6051220 0.0996545 0.0612724 0.0000000 0.2574575 0.0762986 0.1196349 0.2100156 0.1761301 0.0342260 0.2180971 0.0857703 0.0184500 0.0540257 0.2132586 0.2047720 0.1979741 0.1592906 0.1625083 0.0935252 0.0980764 0.0781120 0.0247165 0.0295679 0.1917636 0.0821448 0.1751877 0.1435445 0.0757477 0.1904075 0.1831898 0.1621899 0.1237400 0.0946150 0.1735286 0.1615525 0.0652997 0.0295722 0.2017713 0.1549434 0.1808559 0.0755342 0.0299846 0.1575878 0.1732095 0.2470690 0.0743808 0.1846414 0.1211405 0.0627918 0.1088205 0.1436121 0.0342917 0.1408478 0.1479159 0.0990168 0.1683657 0.1428943 0.1630664 0.1530752 0.1666463 0.0853907 0.1420609 0.1186367 0.0958048 0.1515866 0.1142780 0.0829519 0.1814004 0.2266928 0.1259846 0.1311528 0.1691701 0.1091850 0.1393767 0.2484314 0.1421799 0.2890982 0.1228042 0.1018643 0.1086221 0.1262386 0.0737552 0.1014520 0.2957303 0.0294105 0.0676967 0.0849792 0.0953708 0.1201937 0.1411662 0.1677352 0.1515950 0.1852386 0.1633950 0.1881808 0.1920750 0.0367582 0.1520717 0.1079301 0.0942487 0.0294242 0.0256235 0.0764768 0.0969030 0.0818808 0.1658602 0.0826570 0.0804680 0.1968877 0.0787544 0.1415787 0.1830986 0.2088232 0.1546643 0.0247810 0.1804677 0.0920461 0.0734520 0.1748509 0.0516732 0.1112427 0.1629363 0.0855711 0.1475906 0.1091373 0.1124532 0.0623767 
PAFTOL_019361 0.4824577 0.4420427 0.5082403 0.2651274 0.2562991 0.2574575 0.0000000 0.2410690 0.2764071 0.3986200 0.3254398 0.2351273 0.4019564 0.2537283 0.1946915 0.2432428 0.3422729 0.3493801 0.3341138 0.3147205 0.3271037 0.2864085 0.2519790 0.2437785 0.2267310 0.2212552 0.3953495 0.2623582 0.3471142 0.2634953 0.2503990 0.3680407 0.3221995 0.3144983 0.2847271 0.2907395 0.3602292 0.3462978 0.2395338 0.2257271 0.3769438 0.2712480 0.3152915 0.1972604 0.2209053 0.3374383 0.3171239 0.3496476 0.2684448 0.3399574 0.3935946 0.2263981 0.2621578 0.2684527 0.2435912 0.2734519 0.2761910 0.2704177 0.3254569 0.2840041 0.3736280 0.3142755 0.2748614 0.2821064 0.2791444 0.2649953 0.2610217 0.3271077 0.3021849 0.2982057 0.3728014 0.3271916 0.2805541 0.3145731 0.3985840 0.2702363 0.3111597 0.3567272 0.2742969 0.3942116 0.2850012 0.2775439 0.3216208 0.3115321 0.2241839 0.2883479 0.4044131 0.2337850 0.2432554 0.2480920 0.2575467 0.2588365 0.2930894 0.3274337 0.2685307 0.3420528 0.3756976 0.3707022 0.3648493 0.2408934 0.3531789 0.2445866 0.2505050 0.2339012 0.2258525 0.2445200 0.2781391 0.2240198 0.3233048 0.2641097 0.2495153 0.3667671 0.2396090 0.2644561 0.3605456 0.4973179 0.3163399 0.2268663 0.3659770 0.2476929 0.2430436 0.2963809 0.2273986 0.2315214 0.3157638 0.2602792 0.3307709 0.3170863 0.2803582 0.2639644 
S0055         0.5622496 0.5268789 0.5911183 0.0808673 0.0823377 0.0762986 0.2410690 0.0000000 0.0922195 0.1819032 0.1454876 0.0540165 0.1839467 0.0755838 0.0261759 0.0778114 0.1594525 0.1878447 0.1690093 0.1188894 0.1465032 0.0816347 0.0844191 0.0649802 0.0571602 0.0622157 0.1959844 0.0722560 0.1549928 0.1190296 0.0653176 0.1736284 0.1446427 0.1324232 0.1040815 0.0902168 0.1560758 0.1303831 0.0724716 0.0571294 0.1736541 0.1311183 0.1499872 0.0649766 0.0550170 0.1436981 0.1355680 0.2133414 0.0712739 0.1462872 0.1191324 0.0731663 0.0895600 0.1190811 0.0679196 0.1164471 0.1229385 0.0921336 0.1438657 0.1285742 0.1316751 0.1371023 0.1490074 0.0647957 0.1116041 0.1029787 0.0887806 0.1287882 0.1045510 0.1071373 0.1436468 0.1982840 0.1049671 0.1074167 0.1522993 0.0961957 0.1156834 0.1995804 0.1205539 0.2313383 0.1185048 0.0882666 0.0925484 0.1030853 0.0648382 0.1005028 0.2375459 0.0568000 0.0591095 0.0860556 0.0727418 0.1083467 0.1256767 0.1309714 0.1369441 0.1704408 0.1273913 0.1466169 0.1523885 0.0649338 0.1307498 0.1080396 0.0775153 0.0568264 0.0507250 0.0512659 0.0731113 0.0700333 0.1322895 0.0704743 0.0684219 0.1721749 0.0729774 0.1112193 0.1614758 0.1953379 0.1412821 0.0573181 0.1389675 0.0764416 0.0647525 0.1511841 0.0489949 0.0986998 0.1125323 0.0597267 0.1295297 0.1250323 0.0827719 0.0615114 
S0196sl       0.5660302 0.5341485 0.5807070 0.1050496 0.0632871 0.1196349 0.2764071 0.0922195 0.0000000 0.1393281 0.0867899 0.1001318 0.1492481 0.1073174 0.0823648 0.1007550 0.1434221 0.1300019 0.1450068 0.1081863 0.1409125 0.1317257 0.1141808 0.0974230 0.1049701 0.1137877 0.1496870 0.0851584 0.1214212 0.0129270 0.1166976 0.1377006 0.1089037 0.1315025 0.1342869 0.1443004 0.0896491 0.1089420 0.1095623 0.1053444 0.1601687 0.1012418 0.1155878 0.1353645 0.0911779 0.0793980 0.1061285 0.2186300 0.1102520 0.1044641 0.0472660 0.1436408 0.1141704 0.0129320 0.1149825 0.0129814 0.0128861 0.1017689 0.0802674 0.0979651 0.1118933 0.1146830 0.1122006 0.1134656 0.0887913 0.1011379 0.1312766 0.1999253 0.1349958 0.1133538 0.0923962 0.2151724 0.1090658 0.0808466 0.1137930 0.1279401 0.1482439 0.2218519 0.0098263 0.3115164 0.0880023 0.1448240 0.1131181 0.0845227 0.1203446 0.1187995 0.2838842 0.0965304 0.1092827 0.1120005 0.0807673 0.0756301 0.1015854 0.0961016 0.0974048 0.1465827 0.0894236 0.1141420 0.1197860 0.1186262 0.0989139 0.1478242 0.1075505 0.1091844 0.0957039 0.0964797 0.1146561 0.1010169 0.1106500 0.1139522 0.1083629 0.1421366 0.1104003 0.0097531 0.1453919 0.1025253 0.0953215 0.1058022 0.0866911 0.1018698 0.1059768 0.1119335 0.0961271 0.1461716 0.0949340 0.1088904 0.1154222 0.0143975 0.1164746 0.0507544 
S0278         0.6068216 0.5733871 0.6110910 0.1662812 0.1665794 0.2100156 0.3986200 0.1819032 0.1393281 0.0000000 0.1522020 0.1816863 0.0551220 0.1772612 0.1559583 0.1962728 0.0707270 0.1942473 0.0648861 0.2068300 0.0918876 0.2021000 0.2036469 0.1765443 0.1875608 0.1942440 0.0804455 0.1942730 0.0625670 0.1367667 0.1877358 0.0685685 0.2264737 0.1098270 0.2191474 0.2172661 0.1613979 0.0392095 0.1967806 0.1874175 0.0545592 0.1017631 0.1105440 0.2161645 0.1739073 0.1401280 0.2122793 0.2256456 0.2111278 0.2241771 0.2196390 0.2007987 0.1790174 0.1368286 0.1997995 0.1341497 0.1375456 0.1746715 0.1316140 0.0904709 0.1504508 0.1043496 0.1031875 0.1867532 0.1718095 0.1810183 0.1810290 0.2534936 0.2129185 0.2044601 0.1408644 0.2160281 0.1853944 0.1471975 0.1760118 0.1866027 0.2199086 0.2157884 0.1390705 0.2636015 0.1022273 0.1713128 0.2001951 0.1419164 0.1957771 0.1858315 0.2686339 0.1861227 0.1829918 0.1744871 0.0735878 0.0764867 0.0933553 0.2094500 0.0875435 0.0398881 0.1365050 0.2229062 0.2363709 0.1981983 0.1398822 0.2408337 0.1818365 0.1795605 0.1580323 0.1963182 0.1683939 0.1733153 0.0760107 0.1732924 0.1763891 0.0508739 0.1805771 0.1408691 0.0534744 0.2257404 0.0981564 0.1881690 0.1405332 0.1673457 0.1666692 0.1085935 0.1716510 0.2279553 0.1032213 0.1869654 0.1740449 0.1329931 0.1851260 0.1547914 
S0281         0.5425012 0.5155714 0.5586721 0.1344447 0.1230376 0.1761301 0.3254398 0.1454876 0.0867899 0.1522020 0.0000000 0.1520053 0.1484511 0.1560302 0.1247028 0.1453070 0.1560556 0.1477502 0.1403050 0.1540157 0.1565589 0.1725410 0.1641981 0.1376277 0.1572423 0.1635946 0.1764092 0.1644216 0.1411706 0.0869137 0.1684185 0.1733432 0.1623074 0.1476354 0.2005088 0.1815956 0.1410638 0.1194331 0.1472078 0.1571287 0.1543731 0.1610506 0.1595695 0.1758073 0.1603302 0.0659984 0.1528645 0.2473113 0.1882318 0.1638605 0.1633654 0.1651909 0.1750790 0.0869474 0.1618235 0.0899847 0.0903308 0.1616969 0.0692810 0.1483478 0.1481529 0.1443266 0.1635950 0.1375157 0.1368747 0.1856842 0.1784617 0.2057980 0.1983017 0.1682984 0.0522369 0.2495864 0.1716424 0.1293802 0.1382587 0.1775424 0.2100096 0.2432798 0.0911236 0.2770758 0.1479090 0.1756973 0.1614716 0.1245629 0.1712074 0.1658937 0.2757298 0.1495531 0.1653018 0.1526114 0.1030257 0.1118643 0.1298153 0.1478953 0.1444660 0.1414446 0.1128827 0.1699669 0.1705306 0.1672844 0.1347416 0.1863269 0.1448543 0.1561402 0.1310525 0.1456589 0.1576093 0.1529658 0.1259315 0.1537797 0.1615333 0.1524850 0.1664588 0.0903035 0.1565531 0.1404065 0.1467377 0.1577386 0.0467387 0.1395068 0.1600213 0.1899302 0.1485302 0.1901722 0.1546378 0.1502755 0.1470087 0.0874811 0.1632435 0.1302628 
S0282         0.5901558 0.4994857 0.6059425 0.0812366 0.0612724 0.0342260 0.2351273 0.0540165 0.1001318 0.1816863 0.1520053 0.0000000 0.1927013 0.0733198 0.0109214 0.0511779 0.1800386 0.1717704 0.1686959 0.1262061 0.1483748 0.0755135 0.0710041 0.0590268 0.0132077 0.0176888 0.1759856 0.0579822 0.1490262 0.1101229 0.0544793 0.1636832 0.1520569 0.1351923 0.0927587 0.0654185 0.1508647 0.1349448 0.0466982 0.0132020 0.1768407 0.1240842 0.1475284 0.0568037 0.0170119 0.1394252 0.1427997 0.2177766 0.0522730 0.1536688 0.1296016 0.0443036 0.0785297 0.1101693 0.0223898 0.1075616 0.1138991 0.0864345 0.1430350 0.1191610 0.1368513 0.1316557 0.1392173 0.0730962 0.1200673 0.0961025 0.0831617 0.1225229 0.0960283 0.0713435 0.1565180 0.2086963 0.1026281 0.1066258 0.1495220 0.0903692 0.1185833 0.2118875 0.1115212 0.2540132 0.1007150 0.0781024 0.0931651 0.1023378 0.0417856 0.0892289 0.2513234 0.0131325 0.0365604 0.0726709 0.0729359 0.0998742 0.1142660 0.1380342 0.1300482 0.1611513 0.1316267 0.1511292 0.1600275 0.0199942 0.1239403 0.1024093 0.0755831 0.0131386 0.0089764 0.0591507 0.0786233 0.0491929 0.1287244 0.0651870 0.0682177 0.1684701 0.0514040 0.1080914 0.1557278 0.1899352 0.1298456 0.0132418 0.1546419 0.0738344 0.0464874 0.1374298 0.0268106 0.0944504 0.1304021 0.0679149 0.1218359 0.1031870 0.0796486 0.0440932 
S0289         0.5826194 0.5961445 0.6206302 0.1703144 0.2436608 0.2180971 0.4019564 0.1839467 0.1492481 0.0551220 0.1484511 0.1927013 0.0000000 0.1815244 0.1622300 0.1919393 0.0650289 0.1774227 0.0662201 0.1894114 0.0972077 0.2065540 0.2040601 0.1876494 0.1989316 0.2058680 0.0765434 0.1996531 0.0629818 0.1325459 0.1954562 0.0893493 0.2036172 0.1088054 0.2281633 0.2206265 0.1414708 0.0394172 0.1960662 0.1987742 0.0551314 0.1060792 0.1043013 0.2194999 0.1853178 0.1263539 0.1967308 0.1985792 0.2277961 0.2120078 0.2355302 0.1961546 0.1902686 0.1326060 0.2042847 0.1299052 0.1333056 0.1931408 0.1179346 0.0915108 0.1466379 0.1036677 0.1044533 0.1888527 0.1652347 0.2098665 0.1887381 0.2615891 0.2168301 0.2080325 0.1265389 0.2002388 0.2081582 0.1433428 0.1590025 0.1945033 0.2248733 0.2071858 0.1347972 0.2606171 0.0974004 0.1703545 0.2050897 0.1348395 0.2041555 0.1962941 0.2432404 0.1901908 0.1880124 0.1871243 0.0799120 0.0746281 0.0946802 0.1941113 0.0915493 0.0559145 0.1340719 0.2088862 0.2203496 0.2099993 0.1390296 0.2252007 0.1853579 0.1905555 0.1684766 0.1990930 0.1784396 0.1879363 0.0874529 0.1876690 0.1840240 0.0621789 0.1878598 0.1366389 0.0571363 0.2252347 0.0940261 0.1995954 0.1262389 0.1714982 0.1832536 0.1180989 0.1738769 0.2256501 0.1014076 0.1890703 0.1654097 0.1376304 0.1697986 0.1668983 
S0292         0.5576257 0.5175016 0.6187020 0.0470568 0.0525208 0.0857703 0.2537283 0.0755838 0.1073174 0.1772612 0.1560302 0.0733198 0.1815244 0.0000000 0.0553764 0.1141395 0.1797055 0.1946306 0.1651694 0.1288234 0.1502358 0.0682892 0.0809849 0.0872900 0.0742893 0.0742470 0.1610871 0.0829619 0.1527462 0.1193455 0.0878209 0.1740467 0.1545077 0.1420432 0.0846180 0.0826171 0.1531405 0.1374382 0.0960151 0.0742465 0.1729736 0.1223792 0.1450476 0.0908980 0.0703134 0.1464006 0.1414072 0.2184863 0.0779557 0.1498182 0.0999680 0.0905283 0.0706659 0.1193973 0.0802216 0.1167555 0.1232690 0.0700346 0.1595003 0.1168316 0.1414305 0.1170746 0.1368013 0.0549466 0.1154318 0.0901925 0.0726321 0.1076138 0.0821904 0.1375160 0.1542256 0.2219309 0.0814428 0.1257641 0.1616459 0.0827552 0.1105658 0.1942427 0.1207313 0.2338186 0.1047204 0.0807984 0.0706549 0.1210414 0.0816738 0.0494853 0.2233714 0.0709755 0.0851337 0.0470654 0.0702644 0.0975943 0.1206137 0.1402197 0.1251544 0.1564457 0.1318438 0.1648750 0.1626395 0.0825435 0.1371413 0.0831564 0.0183158 0.0764074 0.0647809 0.0818152 0.0348353 0.0789935 0.1443860 0.0249309 0.0204081 0.1678286 0.0911868 0.1173364 0.1570376 0.2038301 0.1242289 0.0745025 0.1556087 0.0426275 0.0789492 0.1441677 0.0732981 0.0839583 0.1153982 0.0549885 0.1251105 0.1001955 0.0512595 0.0727159 
S0293         0.6292292 0.4950922 0.5789675 0.0685506 0.0803252 0.0184500 0.1946915 0.0261759 0.0823648 0.1559583 0.1247028 0.0109214 0.1622300 0.0553764 0.0000000 0.0220099 0.1571739 0.1571217 0.1692056 0.1102936 0.1368738 0.0636966 0.0728823 0.0590890 0.0072104 0.0145869 0.1469528 0.0618787 0.1365261 0.0911686 0.0427037 0.1432953 0.1431191 0.1302586 0.0641716 0.0689222 0.1249060 0.1168401 0.0300566 0.0072350 0.1662305 0.1027378 0.1385729 0.0314920 0.0108988 0.1263750 0.1339750 0.1945792 0.0430963 0.1326184 0.0639796 0.0341124 0.0692398 0.0912281 0.0184355 0.0916641 0.0820450 0.0680859 0.1328961 0.0891400 0.1156039 0.1180713 0.1103677 0.0465016 0.1083129 0.0824549 0.0591847 0.0637697 0.0642101 0.0228181 0.1324550 0.1596056 0.0974574 0.0897736 0.1382837 0.0878114 0.1029807 0.1675206 0.0833968 0.2175962 0.0882681 0.0680221 0.0645038 0.0940463 0.0344072 0.0676304 0.2108138 0.0072101 0.0222929 0.0590621 0.0429886 0.0876606 0.1029442 0.1273376 0.0972422 0.1441316 0.1065338 0.1377987 0.1463384 0.0183978 0.1156068 0.0642278 0.0562361 0.0108641 0.0037322 0.0425285 0.0590420 0.0343113 0.1116904 0.0553395 0.0562712 0.1331647 0.0303429 0.0877195 0.1535367 0.1234928 0.1106654 0.0072655 0.1295317 0.0654760 0.0263548 0.0934890 0.0109209 0.0615969 0.1120832 0.0423747 0.1219099 0.1018313 0.0582523 0.0406123 
S0294         0.5585151 0.4924990 0.5640712 0.1228186 0.1160055 0.0540257 0.2432428 0.0778114 0.1007550 0.1962728 0.1453070 0.0511779 0.1919393 0.1141395 0.0220099 0.0000000 0.1710016 0.1804094 0.1765518 0.1453736 0.1643086 0.1200684 0.1148602 0.0837804 0.0412276 0.0460888 0.2387867 0.0835820 0.1616515 0.1274356 0.0962051 0.1767388 0.1733160 0.1466550 0.1419406 0.1148716 0.1762780 0.1332855 0.0593364 0.0463850 0.1880707 0.1519940 0.1644178 0.0791553 0.0458660 0.1315883 0.1636415 0.2286217 0.0905270 0.1748096 0.1792915 0.0650548 0.1169404 0.1335367 0.0512802 0.1308161 0.1376704 0.1104486 0.1280559 0.1430880 0.1523056 0.1572714 0.1720897 0.1115057 0.1410480 0.1177764 0.1096740 0.1636877 0.1368110 0.0479542 0.1488226 0.2167110 0.1384670 0.1238227 0.1653630 0.1230933 0.1443148 0.2319337 0.1281282 0.2668199 0.1363401 0.1120003 0.1291694 0.1191011 0.0707154 0.1071709 0.2730854 0.0461253 0.0618678 0.1188124 0.0953973 0.1171612 0.1419551 0.1584341 0.1359406 0.1750324 0.1562479 0.1723940 0.1818411 0.0538775 0.1386899 0.1323029 0.1112474 0.0413198 0.0452551 0.0886703 0.1106150 0.0728352 0.1386983 0.1050158 0.1028785 0.1796473 0.0734064 0.1314851 0.1729487 0.1921837 0.1517195 0.0413373 0.1423954 0.1150029 0.0781783 0.1598359 0.0541138 0.1362417 0.1287906 0.1117572 0.1140886 0.1354008 0.1274174 0.0687573 
S0299         0.5781882 0.5434997 0.5831463 0.1636052 0.3431442 0.2132586 0.3422729 0.1594525 0.1434221 0.0707270 0.1560556 0.1800386 0.0650289 0.1797055 0.1571739 0.1710016 0.0000000 0.1795669 0.0640108 0.1835912 0.0909696 0.2021409 0.1856921 0.1709201 0.1868851 0.1900099 0.1074735 0.1931422 0.0708628 0.1288967 0.1806614 0.0883506 0.1901190 0.0949472 0.2257097 0.2213624 0.1682159 0.0436480 0.1994788 0.1861326 0.0529546 0.1085102 0.0893344 0.1976925 0.1802739 0.1247109 0.1820021 0.2235448 0.2269083 0.1969103 0.2929957 0.1977978 0.1938962 0.1324782 0.2051838 0.1218188 0.1372249 0.1812384 0.1185006 0.0986751 0.1565179 0.1028000 0.1136379 0.1873293 0.1675485 0.2045251 0.2000148 0.2776821 0.2225192 0.1861439 0.1414561 0.2169539 0.1975116 0.1527547 0.1691427 0.1778001 0.2004336 0.2280581 0.1364276 0.2662876 0.0984569 0.1941570 0.1998948 0.1425534 0.1926903 0.1898587 0.2589948 0.1852095 0.1620596 0.1790707 0.0732522 0.0728743 0.0998947 0.1844353 0.0977936 0.0595311 0.1503186 0.2046449 0.2091247 0.1993508 0.1474421 0.2100970 0.1811958 0.1775476 0.1524300 0.1763627 0.1758264 0.1705359 0.0927051 0.1756937 0.1830956 0.0581157 0.1494188 0.1362689 0.0683751 0.2627692 0.1050718 0.1869926 0.1410626 0.1613687 0.1615579 0.1166697 0.1480497 0.2005015 0.0912749 0.1875797 0.2011512 0.1317339 0.1547414 0.1761896 
S0308         0.6611565 0.6492312 0.7412954 0.1737314 0.1810443 0.2047720 0.3493801 0.1878447 0.1300019 0.1942473 0.1477502 0.1717704 0.1774227 0.1946306 0.1571217 0.1804094 0.1795669 0.0000000 0.1844107 0.1470885 0.1952685 0.1981336 0.1907552 0.1829667 0.1735721 0.1841892 0.2059019 0.1828661 0.1750939 0.1326810 0.2009681 0.1973758 0.1568429 0.1753954 0.2031575 0.2192252 0.1363193 0.1605720 0.1631478 0.1772563 0.1799754 0.1695600 0.1940824 0.1931492 0.1809715 0.1471503 0.1470930 0.2585290 0.2117564 0.1519670 0.2129015 0.1734385 0.1993562 0.1327437 0.1785727 0.1364225 0.1323903 0.1830378 0.1396344 0.1642280 0.1491121 0.1736654 0.1735877 0.1972659 0.1448191 0.2182214 0.2033200 0.2698035 0.2045376 0.2199414 0.1630661 0.2672680 0.2109048 0.1311808 0.1486339 0.1945311 0.2335826 0.2531704 0.1383474 0.3029700 0.1634634 0.1890789 0.2043331 0.1259179 0.1748348 0.2081369 0.2956337 0.1724873 0.1776680 0.1892613 0.1304355 0.1386896 0.1541466 0.1420306 0.1559955 0.1853254 0.1233512 0.1645111 0.1583337 0.1881876 0.1486226 0.2044025 0.1821855 0.1796105 0.1529385 0.1830986 0.1888605 0.1779901 0.1569678 0.1970038 0.1748509 0.1637909 0.1805520 0.1369541 0.1774360 0.2605745 0.1722281 0.1706176 0.1647274 0.1728386 0.1703687 0.1675636 0.1615781 0.2226092 0.1744767 0.2086829 0.2005691 0.1149583 0.1929307 0.1624484 
S0320         0.5547868 0.5454646 0.5884518 0.1477518 0.2098597 0.1979741 0.3341138 0.1690093 0.1450068 0.0648861 0.1403050 0.1686959 0.0662201 0.1651694 0.1692056 0.1765518 0.0640108 0.1844107 0.0000000 0.1756773 0.0845940 0.1838389 0.1834362 0.1703635 0.1744842 0.1812506 0.0750571 0.1836933 0.0517658 0.1301734 0.1827520 0.0669736 0.1950744 0.0879112 0.1964878 0.1960221 0.1664958 0.0459414 0.1913003 0.1743492 0.0680548 0.0850932 0.0936020 0.1989971 0.1712751 0.1179193 0.1881209 0.1998187 0.2035838 0.1964956 0.2251846 0.1846835 0.1632732 0.1302335 0.1867549 0.1338213 0.1343913 0.1596118 0.1150050 0.0742883 0.1540910 0.0945356 0.0865579 0.1650952 0.1552488 0.1866512 0.1589024 0.2384470 0.1947446 0.1891579 0.1305832 0.2069312 0.1766044 0.1467192 0.1709382 0.1671703 0.1954764 0.2055095 0.1353115 0.2503283 0.0916138 0.1594642 0.1789181 0.1420393 0.1750097 0.1667930 0.2453017 0.1731167 0.1774138 0.1554997 0.0702181 0.0682756 0.0945147 0.1820615 0.0685302 0.0579169 0.1467041 0.1848457 0.2118957 0.1852258 0.1463383 0.2096023 0.1663253 0.1664739 0.1444468 0.1737363 0.1561044 0.1570120 0.0783153 0.1617168 0.1678867 0.0535517 0.1681102 0.1304629 0.0482394 0.2029272 0.0907030 0.1750628 0.1274565 0.1489111 0.1704521 0.0881907 0.1612679 0.1924233 0.0847854 0.1687538 0.1874132 0.1112041 0.1427365 0.1668921 
S0322         0.5713030 0.5170318 0.6612351 0.1380300 0.1255145 0.1592906 0.3147205 0.1188894 0.1081863 0.2068300 0.1540157 0.1262061 0.1894114 0.1288234 0.1102936 0.1453736 0.1835912 0.1470885 0.1756773 0.0000000 0.1638964 0.1382665 0.1522638 0.1404405 0.1315423 0.1344842 0.2195666 0.1329832 0.1595449 0.1137360 0.1410697 0.1800129 0.0155281 0.1333057 0.1465287 0.1737436 0.1124217 0.1543380 0.1357569 0.1310612 0.1833336 0.1412352 0.1646170 0.1294864 0.1305619 0.1443239 0.0076935 0.2308895 0.1581397 0.0180776 0.1980689 0.1403054 0.1238646 0.1171784 0.1397391 0.1206466 0.1216315 0.1389572 0.1418307 0.1326516 0.1203847 0.1453322 0.1521639 0.1309974 0.0737798 0.1621668 0.1482924 0.2085319 0.1437598 0.1896148 0.1485003 0.2429765 0.1592107 0.1129175 0.1224024 0.1429130 0.1595778 0.2619707 0.1209408 0.3038499 0.1289837 0.1261644 0.1539000 0.1044467 0.1399713 0.1493306 0.2902159 0.1234397 0.1290885 0.1298313 0.1237282 0.1125071 0.1365871 0.0180430 0.1412102 0.1867453 0.0918914 0.0382979 0.0292939 0.1423887 0.1194226 0.1673737 0.1359867 0.1305291 0.1206043 0.1297832 0.1313716 0.1277372 0.1295049 0.1429024 0.1224537 0.1786045 0.1377235 0.1140605 0.1738508 0.2714041 0.1555629 0.1316181 0.1429950 0.1323437 0.1352623 0.1400958 0.1192332 0.1634511 0.1323174 0.1174846 0.1627984 0.1259407 0.1291021 0.1122685 
S0327         0.6084808 0.6026307 0.6510556 0.1393763 0.1678494 0.1625083 0.3271037 0.1465032 0.1409125 0.0918876 0.1565589 0.1483748 0.0972077 0.1502358 0.1368738 0.1643086 0.0909696 0.1952685 0.0845940 0.1638964 0.0000000 0.1556421 0.1689092 0.1413686 0.1458030 0.1554454 0.0901900 0.1716032 0.0648233 0.1315717 0.1474557 0.0641244 0.1792549 0.0644725 0.1760653 0.1843208 0.1510575 0.0741333 0.1751831 0.1491355 0.0847771 0.0731206 0.1066156 0.1618732 0.1414873 0.1342441 0.1727149 0.2323506 0.1757359 0.1874229 0.1926415 0.1787426 0.1608776 0.1316308 0.1597995 0.1351243 0.1323202 0.1474446 0.1407937 0.0683280 0.1610665 0.0984060 0.0816563 0.1484639 0.1416777 0.1762469 0.1565902 0.2140180 0.1701135 0.1810473 0.1450901 0.2203429 0.1471588 0.1646694 0.1691037 0.1514445 0.1787791 0.2317594 0.1369374 0.2887993 0.0734875 0.1534542 0.1555116 0.1524099 0.1623743 0.1576013 0.2774924 0.1481485 0.1598443 0.1411552 0.0670942 0.0769084 0.0933820 0.1770630 0.0733170 0.0967216 0.1402031 0.1888946 0.1949160 0.1590303 0.1563098 0.1817271 0.1438456 0.1420497 0.1247858 0.1595081 0.1383640 0.1446094 0.0596985 0.1430178 0.1459448 0.0841288 0.1571077 0.1356255 0.0678832 0.2176782 0.0888172 0.1430515 0.1346915 0.1340779 0.1543269 0.0888206 0.1389718 0.1852205 0.0814683 0.1392316 0.1734404 0.1113811 0.1425551 0.1365796 
S0335         0.5791599 0.5018994 0.6050820 0.0568403 0.0508281 0.0935252 0.2864085 0.0816347 0.1317257 0.2021000 0.1725410 0.0755135 0.2065540 0.0682892 0.0636966 0.1200684 0.2021409 0.1981336 0.1838389 0.1382665 0.1556421 0.0000000 0.0640795 0.1021132 0.0790929 0.0844449 0.1553013 0.0974739 0.1586264 0.1316452 0.0836739 0.1859787 0.1653043 0.1520139 0.0831864 0.0963655 0.1519036 0.1552725 0.1050473 0.0790476 0.1862785 0.1299295 0.1618210 0.0949627 0.0694942 0.1460281 0.1495224 0.2420396 0.0800579 0.1604849 0.1185633 0.1024829 0.0757384 0.1317044 0.0906848 0.1352012 0.1313704 0.0838619 0.1710938 0.1311042 0.1384120 0.1357621 0.1521471 0.0545724 0.1325382 0.1051386 0.0752129 0.1151434 0.0835481 0.1406883 0.1669232 0.2311319 0.0994328 0.1238258 0.1512598 0.0873522 0.1152445 0.2079073 0.1370169 0.2401048 0.1192225 0.0641248 0.0783680 0.1192048 0.0932715 0.0732644 0.2464599 0.0785724 0.0873400 0.0647988 0.0776785 0.1102508 0.1365503 0.1507972 0.1399689 0.1804835 0.1360509 0.1753932 0.1735908 0.0873786 0.1411923 0.0759120 0.0585007 0.0786089 0.0695403 0.0864999 0.0496524 0.0842675 0.1526828 0.0599932 0.0575104 0.1748822 0.0991062 0.1296719 0.1766299 0.2170584 0.1332893 0.0793201 0.1684417 0.0549602 0.0991403 0.1440687 0.0754911 0.0773484 0.1374157 0.0496023 0.1813393 0.1089394 0.0647987 0.0764033 
S0345         0.5760777 0.4549108 0.6043069 0.0741001 0.0506697 0.0980764 0.2519790 0.0844191 0.1141808 0.2036469 0.1641981 0.0710041 0.2040601 0.0809849 0.0728823 0.1148602 0.1856921 0.1907552 0.1834362 0.1522638 0.1689092 0.0640795 0.0000000 0.1040401 0.0712414 0.0810983 0.1467835 0.0877760 0.1619767 0.1313337 0.0775741 0.1844108 0.1730992 0.1596416 0.0939310 0.0943706 0.1515069 0.1493514 0.1117366 0.0748273 0.1848314 0.1287396 0.1691082 0.0891684 0.0779499 0.1489293 0.1627512 0.2216401 0.0883029 0.1650402 0.1373575 0.0976199 0.0905326 0.1314022 0.0812271 0.1247395 0.1320201 0.1032334 0.1530600 0.1263321 0.1510371 0.1418487 0.1511587 0.0584624 0.1454709 0.1069880 0.0931040 0.0897735 0.1042818 0.1236919 0.1586498 0.2071224 0.1089114 0.1444878 0.1617597 0.1080164 0.1275505 0.1942845 0.1375800 0.2081717 0.1229264 0.0901954 0.0974753 0.1384665 0.0875276 0.1003794 0.2096489 0.0744087 0.0938818 0.0737524 0.0606784 0.1135962 0.1317867 0.1608308 0.1365418 0.1690885 0.1468608 0.1892073 0.1759795 0.0810787 0.1578408 0.0265660 0.0828890 0.0806828 0.0608475 0.0931317 0.0845948 0.0649346 0.1707298 0.0707123 0.0782490 0.1616669 0.1045331 0.1221154 0.1760469 0.1281320 0.1508548 0.0716709 0.1484863 0.0686451 0.0871560 0.1385182 0.0674501 0.0160404 0.1758656 0.0612460 0.1619346 0.1247260 0.0873764 0.0949795 
S0376         0.5774042 0.4928583 0.5907911 0.0990592 0.0812431 0.0781120 0.2437785 0.0649802 0.0974230 0.1765443 0.1376277 0.0590268 0.1876494 0.0872900 0.0590890 0.0837804 0.1709201 0.1829667 0.1703635 0.1404405 0.1413686 0.1021132 0.1040401 0.0000000 0.0572050 0.0622642 0.1707023 0.0792352 0.1583055 0.1052924 0.0519541 0.1680403 0.1551061 0.1316673 0.1110305 0.0970187 0.1506912 0.1363291 0.0733472 0.0571742 0.1753670 0.1156661 0.1588299 0.1001516 0.0546863 0.1254510 0.1452589 0.2070194 0.0742164 0.1567267 0.1102534 0.0703298 0.0960364 0.1053365 0.0679724 0.1027241 0.1090274 0.0928055 0.1380329 0.1137165 0.1456689 0.1396096 0.1321428 0.0995839 0.1343461 0.1026105 0.1008196 0.1316178 0.1087806 0.1070585 0.1421561 0.2100881 0.1146406 0.1176842 0.1637188 0.1056900 0.1292981 0.2026872 0.1066343 0.2472169 0.1114318 0.1010304 0.1115678 0.1161214 0.0703942 0.1029716 0.2413694 0.0592965 0.0761798 0.0990334 0.0831188 0.1102112 0.1247227 0.1407398 0.1280691 0.1585633 0.1352182 0.1671120 0.1632860 0.0649843 0.1354558 0.1247025 0.0928978 0.0542928 0.0532626 0.0782613 0.0818253 0.0681258 0.1310237 0.0759385 0.0766592 0.1808434 0.0846679 0.1032308 0.1557828 0.1957502 0.1467833 0.0573630 0.1374560 0.0945870 0.0705153 0.1279065 0.0596556 0.1198763 0.1242760 0.0940470 0.1576733 0.0875800 0.1164417 0.0343965 
S0400         0.5791963 0.4753515 0.5935906 0.0794132 0.0612724 0.0247165 0.2267310 0.0571602 0.1049701 0.1875608 0.1572423 0.0132077 0.1989316 0.0742893 0.0072104 0.0412276 0.1868851 0.1735721 0.1744842 0.1315423 0.1458030 0.0790929 0.0712414 0.0572050 0.0000000 0.0087682 0.1788068 0.0586589 0.1542055 0.1202806 0.0627973 0.1658044 0.1572984 0.1359711 0.1023576 0.0688315 0.1558945 0.1400890 0.0419187 0.0043627 0.1826633 0.1287394 0.1594092 0.0483138 0.0072218 0.1436528 0.1478526 0.2250665 0.0579653 0.1588964 0.1299058 0.0395367 0.0876355 0.1203334 0.0087676 0.1176696 0.1242483 0.0873043 0.1434710 0.1201826 0.1416872 0.1301377 0.1442773 0.0766403 0.1246076 0.0871651 0.0868685 0.1272020 0.1001005 0.0632205 0.1618888 0.2096825 0.1096780 0.1109389 0.1613976 0.0879203 0.1160386 0.2109118 0.1218388 0.2536124 0.1049066 0.0871507 0.1028152 0.1065137 0.0496931 0.0842074 0.2507798 0.0087327 0.0442415 0.0759184 0.0793578 0.1007477 0.1187999 0.1429362 0.1348183 0.1666644 0.1364860 0.1573206 0.1654811 0.0110111 0.1284866 0.0938468 0.0766154 0.0087367 0.0067503 0.0623917 0.0796691 0.0573134 0.1343475 0.0660374 0.0691162 0.1742542 0.0544939 0.1182599 0.1619275 0.1868200 0.1346105 0.0000021 0.1550522 0.0746792 0.0494935 0.1431884 0.0294327 0.1014361 0.1373659 0.0713678 0.1289184 0.1033961 0.0844841 0.0477360 
S0405         0.5545554 0.4776839 0.5764160 0.0847879 0.0822406 0.0295679 0.2212552 0.0622157 0.1137877 0.1942440 0.1635946 0.0176888 0.2058680 0.0742470 0.0145869 0.0460888 0.1900099 0.1841892 0.1812506 0.1344842 0.1554454 0.0844449 0.0810983 0.0622642 0.0087682 0.0000000 0.1850013 0.0582605 0.1605312 0.1261356 0.0679526 0.1729864 0.1636555 0.1420066 0.1080084 0.0741081 0.1627116 0.1465907 0.0467946 0.0087643 0.1893535 0.1347844 0.1658603 0.0521802 0.0120952 0.1462353 0.1541151 0.2327258 0.0575482 0.1652119 0.1507127 0.0443946 0.0904449 0.1261918 0.0178358 0.1235121 0.1301874 0.0957023 0.1499231 0.1267619 0.1477678 0.1362608 0.1506038 0.0819810 0.1245443 0.1005492 0.0922747 0.1333044 0.1030225 0.0714034 0.1605286 0.2133128 0.1189119 0.1168100 0.1678312 0.0998753 0.1291592 0.2191957 0.1208672 0.2623983 0.1107086 0.0925785 0.1020204 0.1122660 0.0546831 0.0959175 0.2595728 0.0131569 0.0491259 0.0760523 0.0852844 0.1103157 0.1248428 0.1490823 0.1409182 0.1732161 0.1426762 0.1604362 0.1719773 0.0154856 0.1343901 0.1024518 0.0821357 0.0131630 0.0113020 0.0675095 0.0850596 0.0569055 0.1374172 0.0712716 0.0744147 0.1810199 0.0595101 0.1241353 0.1649976 0.2034929 0.1407059 0.0087903 0.1585893 0.0773518 0.0544632 0.1462330 0.0341152 0.1042953 0.1358778 0.0766612 0.1289184 0.1200395 0.0837251 0.0549098 
S0407sl       0.5686871 0.6152976 0.6851890 0.1474311 0.1380207 0.1917636 0.3953495 0.1959844 0.1496870 0.0804455 0.1764092 0.1759856 0.0765434 0.1610871 0.1469528 0.2387867 0.1074735 0.2059019 0.0750571 0.2195666 0.0901900 0.1553013 0.1467835 0.1707023 0.1788068 0.1850013 0.0000000 0.1986890 0.0603266 0.1173611 0.1631710 0.1000292 0.2388720 0.1059387 0.1849409 0.1896504 0.1524578 0.0582569 0.2147385 0.1785533 0.0464430 0.0905691 0.1416744 0.2690913 0.1511126 0.1369639 0.2160081 0.2018375 0.2055313 0.2172583 0.1673800 0.1950600 0.1671319 0.1120439 0.1854417 0.1072746 0.1301497 0.1919582 0.1486571 0.0795508 0.1402827 0.1067787 0.1006794 0.1739474 0.1424126 0.1873039 0.1558870 0.2561048 0.1802303 0.2651749 0.1606086 0.2076121 0.1585331 0.1529597 0.1571694 0.1623593 0.2241020 0.1884914 0.1266236 0.2565396 0.0810902 0.1495269 0.1910149 0.1382470 0.1920452 0.1921817 0.2458141 0.1762514 0.1818692 0.1461915 0.0789920 0.0727726 0.0920819 0.2059209 0.0858606 0.0599585 0.1560672 0.2433005 0.2284940 0.1693578 0.1268381 0.2064501 0.1664503 0.1702255 0.1662305 0.1883085 0.1723657 0.1664910 0.1213117 0.1496595 0.1692639 0.0806067 0.1881246 0.1178197 0.0222077 0.3496293 0.0907007 0.1788225 0.1635561 0.1460998 0.1570329 0.1580973 0.1551634 0.2224821 0.1749979 0.1686650 1.2545270 0.0811998 0.1713867 0.1847048 
S0412sl       0.5905701 0.5329216 0.6009774 0.0853948 0.0720168 0.0821448 0.2623582 0.0722560 0.0851584 0.1942730 0.1644216 0.0579822 0.1996531 0.0829619 0.0618787 0.0835820 0.1931422 0.1828661 0.1836933 0.1329832 0.1716032 0.0974739 0.0877760 0.0792352 0.0586589 0.0582605 0.1986890 0.0000000 0.1633786 0.1240108 0.0791270 0.1811345 0.1521989 0.1431061 0.1196513 0.1040979 0.1540028 0.1499420 0.0902138 0.0586250 0.1885305 0.1474193 0.1638810 0.0963796 0.0656477 0.1580610 0.1422324 0.2019148 0.0680686 0.1539328 0.1317293 0.0856444 0.0909794 0.1240698 0.0645682 0.1211983 0.1316710 0.0853012 0.1476928 0.1480517 0.1539719 0.1422133 0.1684609 0.0857809 0.1225633 0.0845421 0.0903806 0.1512814 0.1172048 0.1163596 0.1545931 0.2099054 0.1192265 0.1169297 0.1559342 0.0985735 0.1165894 0.1894146 0.1216111 0.2327416 0.1103861 0.0963767 0.1225849 0.1120520 0.0820735 0.1102066 0.2255751 0.0582632 0.0750968 0.0973784 0.0858341 0.1165368 0.1398774 0.1371165 0.1513341 0.1776735 0.1301770 0.1641362 0.1607957 0.0670024 0.1459465 0.1189091 0.0822363 0.0610571 0.0543992 0.0891760 0.0914582 0.0787144 0.1533686 0.0797212 0.0773099 0.1935920 0.0907598 0.1155017 0.1852965 0.2014435 0.1469884 0.0588322 0.1560820 0.0907474 0.0758331 0.1681985 0.0692989 0.1168642 0.1356899 0.0859745 0.1411979 0.1194488 0.0965917 0.0728001 
S0417         0.5548310 0.5595594 0.6099332 0.1359476 0.1274229 0.1751877 0.3471142 0.1549928 0.1214212 0.0625670 0.1411706 0.1490262 0.0629818 0.1527462 0.1365261 0.1616515 0.0708628 0.1750939 0.0517658 0.1595449 0.0648233 0.1586264 0.1619767 0.1583055 0.1542055 0.1605312 0.0603266 0.1633786 0.0000000 0.1157873 0.1643503 0.0649090 0.1677428 0.0676937 0.1784330 0.1837535 0.1341984 0.0287607 0.1656913 0.1540946 0.0630410 0.0708940 0.0925581 0.1876513 0.1460928 0.1095688 0.1593211 0.2105168 0.1766092 0.1738182 0.1735913 0.1709211 0.1474135 0.1158368 0.1654804 0.1191592 0.1196391 0.1430004 0.1038752 0.0632696 0.1293862 0.0790393 0.0718433 0.1509454 0.1336424 0.1641871 0.1497583 0.2173553 0.1763178 0.1876772 0.1254259 0.2090093 0.1563666 0.1224314 0.1324287 0.1512324 0.1781546 0.2117967 0.1207219 0.2619790 0.0596834 0.1363614 0.1676561 0.1116012 0.1632303 0.1541897 0.2513232 0.1530591 0.1556743 0.1436128 0.0525562 0.0547100 0.0739628 0.1637169 0.0604107 0.0556871 0.1118230 0.1801934 0.1809018 0.1641985 0.1222075 0.1897017 0.1460444 0.1468436 0.1353714 0.1650207 0.1403304 0.1450816 0.0697723 0.1455077 0.1519973 0.0459723 0.1581364 0.1195924 0.0471411 0.2042901 0.0697555 0.1546914 0.1226625 0.1368087 0.1619718 0.0968477 0.1425658 0.1819981 0.0738851 0.1376854 0.1778193 0.0962713 0.1422043 0.1278752 
S0419         0.5378669 0.5030076 0.5742522 0.1065124 0.1240456 0.1435445 0.2634953 0.1190296 0.0129270 0.1367667 0.0869137 0.1101229 0.1325459 0.1193455 0.0911686 0.1274356 0.1288967 0.1326810 0.1301734 0.1137360 0.1315717 0.1316452 0.1313337 0.1052924 0.1202806 0.1261356 0.1173611 0.1240108 0.1157873 0.0000000 0.1244137 0.1280944 0.1266004 0.1099068 0.1403367 0.1516688 0.1100036 0.0977900 0.1297486 0.1202021 0.1348453 0.1138576 0.1143963 0.1260677 0.1237523 0.0600550 0.1177901 0.2091652 0.1415555 0.1283526 0.1507035 0.1403128 0.1222505 0.0043416 0.1271432 0.0065486 0.0110157 0.1258809 0.0604470 0.1054932 0.1156475 0.1020981 0.1245626 0.1245637 0.0964283 0.1415404 0.1404565 0.1758975 0.1534932 0.1618414 0.0934172 0.2108098 0.1114528 0.0999546 0.1270747 0.1389510 0.1714482 0.2200095 0.0066206 0.2593309 0.0849456 0.1376780 0.1333835 0.0992980 0.1272488 0.1354448 0.2534947 0.1134747 0.1292172 0.1141734 0.0733557 0.0685870 0.0858921 0.1135132 0.1078440 0.1355979 0.0984981 0.1302369 0.1277225 0.1294510 0.1034167 0.1522504 0.1190158 0.1194888 0.1081115 0.1161522 0.1266370 0.1051946 0.1097404 0.1216222 0.1242303 0.1255213 0.1388360 0.0065698 0.1155359 0.1747693 0.0952305 0.1206433 0.0869303 0.1012216 0.1228421 0.1276989 0.1128660 0.1509553 0.0914776 0.1188470 0.1154222 0.0460017 0.1061524 0.0810444 
