107
CRNC          0.0000000 0.2178037 0.4361302 0.4197943 0.4849062 0.4094325 0.4217931 0.4943098 0.4318932 0.4720353 0.4500363 0.4432485 0.4607347 0.4789899 0.5486476 0.5216682 0.5149060 0.6232813 0.5010937 0.4673372 0.4417608 0.6001345 0.4700539 0.4817509 0.5159787 0.5229548 0.4391945 0.6264752 0.4545619 0.4572263 0.4585095 0.5625003 0.5165099 0.4924510 0.4573620 0.5360900 0.4734380 0.4463573 0.4779931 0.4486846 0.5389119 0.4283537 0.4885414 0.5540829 0.5203101 0.4745419 0.4935466 0.4712854 0.5071762 0.4959892 0.5134472 0.4645106 0.4673663 0.5095230 0.4887316 0.4391165 0.4996734 0.5519710 0.4531348 0.4669789 0.5053177 0.5560775 0.4981420 0.4293805 0.3998305 0.4705434 0.4506249 0.4489129 0.4935466 0.4596091 0.5084607 0.4639769 0.4091325 0.5957577 0.5072740 0.4504900 0.4396221 0.4601712 0.4767986 0.5810570 0.4435195 0.4708441 0.6250027 0.4605502 0.4968628 0.6348272 0.5427115 0.5540636 0.4542600 0.5307595 0.4155085 0.4739515 0.4575249 0.4377980 0.3885986 0.4605467 0.4839827 0.6396319 0.4031677 0.5808566 0.4564386 0.4826263 0.6173593 0.4333552 0.4832872 0.4607951 0.4426726 
HYZL          0.2178037 0.0000000 0.3750520 0.6562739 0.3368257 0.3537179 0.3381104 0.3731957 0.3738609 0.3678214 0.3533641 0.3366405 0.2950564 0.3722500 0.3620362 0.4704898 0.4464525 0.3828218 0.3369520 0.3891489 0.3430814 0.4961278 0.3650263 0.3622673 0.3922954 0.3909755 0.3193374 0.4090139 0.3168197 0.3606310 0.3363645 0.3541803 0.3974078 0.3669258 0.3538633 0.4126127 0.3345696 0.3079825 0.3703522 0.3442498 0.4409732 0.2972455 0.3325408 0.4298668 0.3990848 0.3698157 0.3758941 0.3672390 0.3874703 0.3880261 0.3965720 0.3576466 0.2909792 0.4474732 0.3152878 0.3581942 0.3335039 0.4458278 0.3615313 0.3626164 0.3868171 0.3410525 0.3865785 0.3046937 0.3024723 0.3464511 0.3416825 0.3136627 0.3758941 0.3227070 0.0000010 0.4052891 0.3325300 0.4964116 0.4098379 0.3593402 0.3057996 0.3669800 0.3638289 0.4255322 0.3128778 0.3172168 0.4011355 0.3440308 0.4063856 0.4057810 0.4198229 0.4515413 0.3607187 0.4831820 0.3487327 0.3783009 0.3785153 0.3451609 0.3137969 0.3518566 0.3907134 0.5016954 0.3707746 0.4238858 0.3327801 0.3664556 0.4368934 0.3457425 0.3283933 0.3579242 0.3234780 
SRR6441723    0.4361302 0.3750520 0.0000000 0.1822257 0.1144299 0.3386952 0.1569814 0.1522141 0.1319360 0.1514584 0.1647391 0.1007553 0.1506765 0.1456123 0.1798185 0.1776465 0.1775907 0.2130722 0.1682144 0.0730388 0.1399985 0.1903525 0.1526577 0.1290337 0.1532120 0.2229224 0.1511467 0.1929961 0.1270608 0.1563521 0.1784279 0.2040635 0.1904072 0.1439255 0.1381074 0.1603522 0.1533144 0.1399388 0.1404354 0.1403163 0.1709570 0.1927199 0.1545685 0.1767461 0.1600851 0.1476931 0.2130020 0.1394840 0.2292547 0.2281533 0.1528755 0.1270838 0.1861187 0.1784527 0.1409469 0.1468823 0.1118054 0.1490466 0.1464232 0.1588436 0.1626135 0.1557543 0.1736344 0.1751097 0.1532203 0.1343119 0.1316472 0.1923812 0.2182060 0.1990290 0.1634580 0.1776347 0.0658984 0.2144876 0.1603074 0.1323071 0.1892182 0.1431218 0.1503592 0.1675751 0.1294115 0.1325330 0.2054779 0.1404934 0.1629525 0.1834619 0.1852393 0.1892821 0.1356995 0.1749746 0.0804235 0.1033387 0.1426584 0.1251057 0.1354571 0.1178437 0.1573362 0.1916404 0.1075773 0.1704980 0.1486549 0.2230356 0.1998601 0.1668282 0.1439469 0.1366510 0.1691747 
ERR4210213    0.4197943 0.6562739 0.1822257 0.0000000 0.2268835 0.3303179 0.2226460 0.1057152 0.2337979 0.2268835 0.2375510 0.1582888 0.7499374 0.2402108 0.0000010 0.2781779 0.1396472 1.7667716 0.2375510 0.2297599 0.2725454 0.2268835 0.2350778 0.1390674 0.1681438 0.1889547 0.3163331 0.0000010 0.1095799 0.2622832 0.4132653 1.5258695 0.1357186 0.2703761 0.2268835 0.2739146 0.1054581 0.1403596 0.2268835 0.2695919 0.2716940 0.2917836 0.3631121 0.2716940 0.1609918 0.3116886 0.1889547 0.2268835 0.1889547 0.1889547 0.2643499 0.2288168 1.5258695 0.2297599 0.1769128 0.1064445 0.2230108 0.2555205 0.2252822 0.2252822 0.1797656 1.5258695 0.3155828 0.2119117 0.2623631 0.1820426 0.1839229 0.2514174 0.1889547 0.2514174 0.0000010 0.2693872 0.1064445 0.2297599 0.3234696 0.2140113 0.2940447 0.2268835 0.2681821 0.1998397 0.1437021 0.1727607 0.0000010 0.1054581 0.1790398 0.0000010 0.2716940 0.2716940 0.2268835 0.1972710 0.1417060 0.1815133 0.2268835 0.2268835 0.2739498 0.1448613 0.3143969 0.2369303 0.1827194 0.1401071 0.2672558 0.2687197 0.0850405 0.2381872 0.1084960 0.2268835 0.3149233 
ERR2789774    0.4849062 0.3368257 0.1144299 0.2268835 0.0000000 0.3055796 0.0422888 0.1222705 0.0878844 0.0275896 0.1276230 0.0986358 0.0274811 0.0810665 0.1070282 0.1255347 0.1306873 0.1572306 0.0795322 0.0738582 0.0425352 0.0992020 0.0376563 0.0775780 0.1051096 0.0634274 0.0371970 0.1319251 0.0683995 0.0794185 0.0899075 0.1434670 0.1112755 0.0517352 0.0230974 0.1217775 0.0787829 0.1210705 0.0278598 0.0639055 0.1225690 0.1660161 0.0469670 0.1163313 0.0910561 0.0373283 0.0475336 0.0275555 0.0527735 0.0630938 0.0786961 0.0479464 0.1023414 0.1152347 0.0978218 0.0926457 0.0735263 0.0890297 0.0943340 0.1021136 0.1126502 0.0711284 0.0854519 0.1391458 0.0681032 0.0577145 0.0640843 0.1449780 0.0475336 0.1467746 0.7249500 0.0918315 0.0853411 0.1277652 0.0801733 0.1077688 0.1596528 0.0275440 0.0741103 0.1223542 0.1167265 0.1094053 0.1545025 0.0790266 0.1214673 0.1226414 0.1285805 0.1284084 0.0325877 0.1307442 0.0973189 0.1072077 0.0324201 0.0283875 0.0549143 0.0858993 0.0644320 0.2340660 0.0908376 0.1308981 0.0276673 0.0627953 0.1504124 0.0803818 0.1092320 0.0228548 0.0740710 
PAFTOL_019361 0.4094325 0.3537179 0.3386952 0.3303179 0.3055796 0.0000000 0.2935716 0.3717790 0.2997204 0.3128930 0.3622341 0.2807646 0.2953224 0.3112930 0.3201770 0.3892888 0.3816192 0.4317306 0.3204047 0.3305275 0.2913453 0.3649260 0.3153171 0.3394776 0.3183216 0.4367451 0.3165439 0.3655186 0.2892005 0.3390421 0.3649898 0.4005370 0.3787919 0.3128815 0.2854253 0.3518446 0.3505259 0.2908859 0.3221618 0.3635448 0.3859989 0.2802280 0.3124273 0.3760867 0.2945619 0.3179393 0.4217801 0.3168282 0.4348351 0.4381471 0.3142954 0.3437703 0.3412952 0.3692902 0.3081016 0.3496431 0.2879173 0.3444919 0.3419468 0.3189493 0.3425871 0.2942074 0.3348730 0.2527694 0.2878027 0.3257137 0.3195261 0.2831682 0.4296378 0.3041825 0.3206846 0.3845296 0.2842141 0.3862517 0.3211016 0.3465922 0.2816083 0.2905055 0.3094734 0.3583464 0.2932277 0.2986240 0.3772179 0.3356078 0.3523370 0.3362371 0.3766129 0.3980180 0.3119543 0.3908212 0.3068017 0.3036142 0.2964838 0.2887433 0.2872391 0.3310476 0.3184705 0.3725176 0.2814863 0.3902651 0.2994393 0.4235577 0.3663803 0.3307125 0.3089658 0.3036507 0.3246009 
S0055         0.4217931 0.3381104 0.1569814 0.2226460 0.0422888 0.2935716 0.0000000 0.1573655 0.1091070 0.0771544 0.1549770 0.1296128 0.0498846 0.1009983 0.1686247 0.1362310 0.1761904 0.1710415 0.1229823 0.1451203 0.0886417 0.0930657 0.0638561 0.1080374 0.1396774 0.1971691 0.0885607 0.1605137 0.1088109 0.1092884 0.1024574 0.1626152 0.1596839 0.0766040 0.0480386 0.1201637 0.1324799 0.1488500 0.0609038 0.1468995 0.1480824 0.1915277 0.0909987 0.1417238 0.1189270 0.0602131 0.1876764 0.0600252 0.2061313 0.2068871 0.1022834 0.1332301 0.1587332 0.1508577 0.1461959 0.1190788 0.1235098 0.1148693 0.1211937 0.1322520 0.1311884 0.1167485 0.1337347 0.1767078 0.1166015 0.1052005 0.0886101 0.1692443 0.1926426 0.1780717 0.2234444 0.1364536 0.1373620 0.1461241 0.0990467 0.1502555 0.1782046 0.0504628 0.0877730 0.1698272 0.1429358 0.1457598 0.1783230 0.1239806 0.1486950 0.1355710 0.1457004 0.1577248 0.0537248 0.1394408 0.1556704 0.1348239 0.0537362 0.0511384 0.0458997 0.1357239 0.0508399 0.2239213 0.1244189 0.1844511 0.0669063 0.1972788 0.1877415 0.1252716 0.1579745 0.0508436 0.0636403 
S0278         0.4943098 0.3731957 0.1522141 0.1057152 0.1222705 0.3717790 0.1573655 0.0000000 0.1466133 0.1244047 0.0667579 0.1169061 0.1414490 0.1274560 0.0435184 0.1740483 0.0900740 0.2025580 0.1129802 0.1338283 0.1335221 0.1716272 0.1414029 0.0692366 0.1121360 0.2080475 0.1456802 0.1697787 0.0691684 0.1333994 0.1853202 0.1997283 0.0667056 0.1394821 0.1346725 0.1009718 0.0830056 0.0901147 0.1419329 0.1537715 0.1653621 0.2173884 0.1531154 0.1624032 0.1275100 0.1402597 0.1984435 0.1360965 0.2163038 0.2178732 0.1609812 0.1399376 0.1094754 0.1682928 0.0768379 0.0769373 0.1274747 0.1401613 0.1407199 0.1487243 0.1395999 0.1340060 0.1854352 0.1931981 0.1430549 0.1278294 0.1245178 0.2200555 0.2034743 0.2135983 0.0801491 0.1903895 0.1162726 0.2018502 0.1449899 0.1395116 0.2121271 0.1321558 0.1605599 0.0992008 0.0808048 0.0868840 0.1934512 0.0728389 0.0497790 0.1482511 0.1707436 0.1747247 0.1287245 0.1683973 0.1509684 0.1269939 0.1362976 0.1264309 0.1414951 0.1311020 0.1453382 0.2222360 0.1278683 0.0629394 0.1530339 0.2172683 0.0905480 0.1790455 0.0766683 0.1332521 0.1564435 
S0281         0.4318932 0.3738609 0.1319360 0.2337979 0.0878844 0.2997204 0.1091070 0.1466133 0.0000000 0.1125678 0.1380380 0.1270796 0.0953465 0.1219130 0.1336117 0.1659519 0.1281428 0.1719075 0.0993370 0.1273438 0.1181698 0.1598530 0.1183020 0.1191363 0.1153824 0.0692749 0.1179345 0.1544482 0.0897753 0.1220608 0.1467981 0.1571956 0.1379699 0.1169348 0.0958142 0.1274593 0.1080988 0.1171585 0.0997231 0.0658922 0.1644675 0.2020908 0.1171702 0.1490083 0.1186336 0.1044406 0.0572041 0.0992434 0.0612042 0.0652997 0.1353271 0.0653215 0.1351895 0.1476359 0.1214906 0.1108592 0.1118477 0.1351505 0.1116418 0.1371906 0.1301226 0.1158945 0.1046771 0.1687403 0.0950629 0.1214118 0.1186333 0.1848459 0.0612042 0.1883479 0.1162909 0.1450430 0.1092704 0.1569458 0.1319186 0.1445607 0.1867947 0.0948897 0.0994516 0.1364544 0.1322898 0.1266396 0.1643894 0.1035364 0.1267100 0.1343976 0.1492222 0.1537160 0.1039405 0.1544877 0.1185014 0.1257473 0.0993971 0.0876789 0.0809553 0.1308304 0.1149656 0.2476562 0.1259156 0.1479860 0.0913244 0.0651620 0.1491500 0.0866567 0.1257518 0.0958142 0.1129203 
S0282         0.4720353 0.3678214 0.1514584 0.2268835 0.0275896 0.3128930 0.0771544 0.1244047 0.1125678 0.0000000 0.1407937 0.1164737 0.0353953 0.0782938 0.1182559 0.1259635 0.1405368 0.1637971 0.1232356 0.1278615 0.0833995 0.0672842 0.0408579 0.0990958 0.1251907 0.1872171 0.0901025 0.1545961 0.0967574 0.1202673 0.1088223 0.1614256 0.1290232 0.0591885 0.0289872 0.1327574 0.1268027 0.1267472 0.0287714 0.1254476 0.1391602 0.1762912 0.0792213 0.1368375 0.1127455 0.0467476 0.1768251 0.0313463 0.1881230 0.1954371 0.1140558 0.1127143 0.1509543 0.1326812 0.1134244 0.1206515 0.1144793 0.1030300 0.1305177 0.1387409 0.1422281 0.0836456 0.1400360 0.1543252 0.1043505 0.1080788 0.0942809 0.1628187 0.1816294 0.1823020 0.1572458 0.1419929 0.1240473 0.1313768 0.0905209 0.1533258 0.1810648 0.0283730 0.0693221 0.1386409 0.1177662 0.1240711 0.1667256 0.1182121 0.1273622 0.1245567 0.1446950 0.1446976 0.0315351 0.1412893 0.1376533 0.1216775 0.0313812 0.0290448 0.0758332 0.1188858 0.0671490 0.2207862 0.1196447 0.1491095 0.0436691 0.1949014 0.1676984 0.1446119 0.1240464 0.0227194 0.0665179 
S0289         0.4500363 0.3533641 0.1647391 0.2375510 0.1276230 0.3622341 0.1549770 0.0667579 0.1380380 0.1407937 0.0000000 0.1284768 0.1433085 0.1138934 0.0709903 0.1717513 0.0769396 0.1820783 0.0896305 0.1380835 0.1303765 0.1974374 0.1506794 0.0623087 0.0810349 0.2209668 0.1385465 0.1557631 0.0937493 0.1351300 0.1874442 0.1785998 0.0637737 0.1531456 0.1438323 0.0660886 0.1093918 0.1126874 0.1512485 0.1427324 0.1610102 0.2241467 0.1459369 0.1581398 0.1330638 0.1494421 0.2109801 0.1451518 0.2276850 0.2217066 0.1430915 0.1292233 0.1370734 0.1645921 0.0987081 0.0954540 0.1353997 0.1446994 0.1380531 0.1506350 0.1416568 0.1186135 0.1597360 0.1994136 0.1322110 0.1409131 0.1418870 0.2178446 0.2162177 0.2311854 0.0822943 0.1827244 0.1241634 0.2071968 0.1415770 0.1503893 0.2204633 0.1411007 0.1495342 0.0763784 0.1030601 0.1021700 0.1743248 0.1018793 0.0474106 0.1460270 0.1583279 0.1752035 0.1453299 0.1677496 0.1503087 0.1348421 0.1453700 0.1312880 0.1387749 0.1429902 0.1541980 0.2154066 0.1485113 0.0810848 0.1626144 0.2210810 0.1011761 0.1556149 0.1020928 0.1422904 0.1755924 
S0292         0.4432485 0.3366405 0.1007553 0.1582888 0.0986358 0.2807646 0.1296128 0.1169061 0.1270796 0.1164737 0.1284768 0.0000000 0.1109222 0.1069671 0.1132572 0.1323805 0.1325256 0.1888859 0.1350249 0.0666961 0.1063414 0.1475392 0.1135816 0.0990892 0.1212677 0.2016412 0.1131828 0.1439048 0.0904775 0.0997914 0.1784265 0.1727926 0.1364826 0.1128832 0.0995406 0.1378221 0.1065951 0.1126279 0.1067452 0.1288847 0.1354598 0.1714086 0.1268344 0.1330718 0.0938725 0.1092152 0.1920661 0.1017230 0.2080217 0.2114416 0.1321232 0.1160525 0.1307987 0.1165699 0.1063351 0.1075534 0.0831817 0.1081012 0.1089283 0.1096113 0.1168389 0.1196314 0.1614186 0.1544949 0.1040923 0.0903456 0.0910361 0.1630759 0.1970781 0.1691222 0.0885836 0.1496779 0.0698129 0.1448281 0.1281464 0.0692234 0.1679827 0.1051294 0.1355511 0.1163700 0.1065608 0.1056371 0.1665606 0.0990862 0.1162612 0.1242157 0.1408824 0.1498333 0.1018464 0.1246570 0.0953323 0.0225335 0.1089684 0.0817728 0.1172930 0.0433942 0.1223866 0.1035647 0.0315573 0.1259822 0.1171560 0.2062527 0.1312530 0.1487818 0.1051248 0.0988788 0.1287802 
S0293         0.4607347 0.2950564 0.1506765 0.7499374 0.0274811 0.2953224 0.0498846 0.1414490 0.0953465 0.0353953 0.1433085 0.1109222 0.0000000 0.0848101 0.1465826 0.1223249 0.1420948 0.1348613 0.1030480 0.1326295 0.0796210 0.0538094 0.0288612 0.0951950 0.1081718 0.2073145 0.0833369 0.1427929 0.0903118 0.1161835 0.0991039 0.1382936 0.1216166 0.0453777 0.0158576 0.1045293 0.1193472 0.1226044 0.0190325 0.1256472 0.1363832 0.1546818 0.0786324 0.1296590 0.0901411 0.0286935 0.1899152 0.0187420 0.2088706 0.2115526 0.1085358 0.1114275 0.1372380 0.1336429 0.1116038 0.1082488 0.0935631 0.0993984 0.1236067 0.1375406 0.1357711 0.0924210 0.1165749 0.1483720 0.0863720 0.1067559 0.0951631 0.1446341 0.1955009 0.1653892 0.1859230 0.1455122 0.1192352 0.1248051 0.0789693 0.1485348 0.1595825 0.0155438 0.0600618 0.1283339 0.1204087 0.1197329 0.1597093 0.1020703 0.1280439 0.1132738 0.1383277 0.1470475 0.0188639 0.1346178 0.1303727 0.1134923 0.0187647 0.0224858 0.0586056 0.1184368 0.0463311 0.2125703 0.1069027 0.1652558 0.0286899 0.2007182 0.1746052 0.1231496 0.1237667 0.0061981 0.0423974 
S0294         0.4789899 0.3722500 0.1456123 0.2402108 0.0810665 0.3112930 0.1009983 0.1274560 0.1219130 0.0782938 0.1138934 0.1069671 0.0848101 0.0000000 0.1107780 0.1271908 0.1404000 0.1871077 0.1219199 0.1220139 0.0896458 0.1163359 0.0824595 0.1117817 0.1207561 0.2062307 0.0747432 0.1474870 0.1028819 0.0975283 0.1126451 0.1836625 0.1366239 0.0888912 0.0761909 0.1332011 0.1107060 0.1114015 0.0828620 0.1242672 0.1424202 0.1762444 0.0813167 0.1353706 0.1145663 0.0854281 0.1963978 0.0783081 0.2082451 0.2069310 0.1123600 0.1040708 0.1323212 0.1284791 0.1001370 0.1009418 0.1102596 0.1135625 0.0964644 0.1036876 0.1113863 0.0545341 0.1243375 0.1550602 0.1071313 0.0986974 0.0959504 0.1638402 0.2015469 0.1825262 0.1001801 0.1329452 0.1108631 0.1602308 0.0961885 0.1396342 0.1728650 0.0816150 0.0857498 0.1473459 0.1088560 0.1078919 0.1619077 0.1067229 0.1238000 0.1239827 0.1355302 0.1528639 0.0784041 0.1489862 0.1404303 0.1122748 0.0852594 0.0690577 0.0812641 0.1130229 0.1012384 0.1906076 0.1178248 0.1530053 0.0894036 0.2063441 0.1620186 0.1231473 0.1077851 0.0754261 0.1004366 
S0299         0.5486476 0.3620362 0.1798185 0.0000010 0.1070282 0.3201770 0.1686247 0.0435184 0.1336117 0.1182559 0.0709903 0.1132572 0.1465826 0.1107780 0.0000000 0.1566953 0.0970794 0.1807729 0.1218734 0.1411600 0.1411734 0.1296856 0.1293943 0.0816204 0.1036002 0.2475767 0.1612717 0.1624447 0.0778168 0.1361469 0.1574646 0.1903826 0.0752146 0.1383141 0.1267199 0.0700915 0.0972995 0.1028677 0.1417324 0.1468247 0.1488487 0.2248389 0.1455087 0.1577664 0.1337571 0.1394548 0.2333934 0.1338798 0.2589126 0.2486977 0.1353633 0.1291725 0.1269148 0.1705533 0.0840130 0.0793513 0.1332924 0.1416940 0.1513949 0.1415115 0.1678403 0.1253439 0.1712927 0.2093924 0.1392044 0.1438608 0.1269005 0.2286826 0.2408318 0.2321491 0.0888401 0.1729052 0.1341965 0.1979862 0.1276206 0.1555628 0.2236001 0.1236699 0.1494959 0.0918243 0.0850656 0.0981349 0.1863986 0.0879124 0.0558882 0.1290834 0.1580198 0.1633176 0.1289874 0.1689270 0.1545532 0.1175274 0.1291564 0.1300701 0.1556762 0.1606837 0.1347774 0.1495791 0.1284833 0.0744045 0.1552766 0.2346490 0.0932290 0.1726690 0.0890040 0.1300351 0.1496074 
S0308         0.5216682 0.4704898 0.1776465 0.2781779 0.1255347 0.3892888 0.1362310 0.1740483 0.1659519 0.1259635 0.1717513 0.1323805 0.1223249 0.1271908 0.1566953 0.0000000 0.1680503 0.1484453 0.1645905 0.1367429 0.1229803 0.1442615 0.1229280 0.1467733 0.1452692 0.2230690 0.1429141 0.1040616 0.1308191 0.1215270 0.1805622 0.1395025 0.1705790 0.1147386 0.1092125 0.1622894 0.1572004 0.1519276 0.1162459 0.1620287 0.1030809 0.2114381 0.1412388 0.1015265 0.1366252 0.1222009 0.2132964 0.1074120 0.2298215 0.2337039 0.1509335 0.1478756 0.1812122 0.1076045 0.1409931 0.1429544 0.1414236 0.0672417 0.1244646 0.1335032 0.1360987 0.1276621 0.1916179 0.1960010 0.1419402 0.1192344 0.1209127 0.1968829 0.2185899 0.2181473 0.1093903 0.1505302 0.1522875 0.1115110 0.1365094 0.1751596 0.2078458 0.1108109 0.1461417 0.1739094 0.1389715 0.1453057 0.1113555 0.1476801 0.1739951 0.0824139 0.1051178 0.1086355 0.1181873 0.1053735 0.1750204 0.1463594 0.1146613 0.1016284 0.1317187 0.1311799 0.1288854 0.2276604 0.1356810 0.2021843 0.1228872 0.2235024 0.1810282 0.1764253 0.1412920 0.1046042 0.1430894 
S0320         0.5149060 0.4464525 0.1775907 0.1396472 0.1306873 0.3816192 0.1761904 0.0900740 0.1281428 0.1405368 0.0769396 0.1325256 0.1420948 0.1404000 0.0970794 0.1680503 0.0000000 0.2364895 0.1018299 0.1462734 0.1381949 0.2012905 0.1463250 0.0699351 0.0983896 0.1981084 0.1504839 0.1740490 0.1041212 0.1673130 0.2056537 0.2349634 0.0698421 0.1481091 0.1433521 0.0895058 0.1351550 0.1348523 0.1468332 0.1589003 0.1825436 0.2148988 0.1581980 0.1792229 0.1419633 0.1530507 0.1842746 0.1408521 0.2004291 0.2034282 0.1666564 0.1447945 0.1624182 0.1761827 0.1239720 0.1170175 0.1434135 0.1565381 0.1785007 0.1666681 0.1779600 0.1424449 0.1824508 0.1822624 0.1557758 0.1607111 0.1451767 0.2000006 0.1892238 0.2127385 0.0879048 0.1961171 0.1283953 0.2018259 0.1399925 0.1638843 0.2069517 0.1406214 0.1467602 0.0926243 0.1250461 0.1313694 0.1978431 0.1272044 0.0796772 0.1639464 0.1878483 0.1919521 0.1448509 0.1810144 0.1592410 0.1389589 0.1448726 0.1313412 0.1561060 0.1307787 0.1530126 0.2112585 0.1372104 0.0832569 0.1541871 0.1984556 0.1211737 0.1851825 0.1163258 0.1379945 0.1709641 
S0322         0.6232813 0.3828218 0.2130722 1.7667716 0.1572306 0.4317306 0.1710415 0.2025580 0.1719075 0.1637971 0.1820783 0.1888859 0.1348613 0.1871077 0.1807729 0.1484453 0.2364895 0.0000000 0.2096421 0.1828087 0.1843308 0.2299711 0.1530753 0.1391069 0.1822353 0.3537402 0.1972644 0.0178445 0.1641159 0.1483366 0.1992058 0.0348553 0.1965491 0.1577735 0.1491040 0.1727846 0.1984427 0.1832887 0.1677359 0.2152841 0.0335347 0.2504309 0.1896374 0.0418258 0.1878800 0.1582696 0.3347691 0.1522646 0.3549917 0.3625113 0.1806559 0.1853188 0.2038562 0.1261483 0.1603267 0.1631374 0.1500311 0.0762422 0.1715847 0.1707427 0.1811371 0.1617272 0.2280513 0.2478753 0.1397649 0.1463444 0.1732373 0.2407445 0.3347691 0.2582408 0.3209157 0.1894003 0.1753729 0.1266329 0.1978979 0.2139759 0.2652868 0.1521950 0.1824596 0.2023020 0.1741208 0.1847174 0.0264901 0.1772063 0.1629318 0.0898674 0.0462593 0.0547333 0.1642077 0.1343918 0.1861292 0.1941363 0.1585389 0.1432663 0.1556808 0.1813259 0.1553734 0.2977898 0.1847497 0.2449391 0.1604003 0.3433043 0.2788516 0.2215320 0.1964698 0.1466545 0.1718298 
S0327         0.5010937 0.3369520 0.1682144 0.2375510 0.0795322 0.3204047 0.1229823 0.1129802 0.0993370 0.1232356 0.0896305 0.1350249 0.1030480 0.1219199 0.1218734 0.1645905 0.1018299 0.2096421 0.0000000 0.1319296 0.1102650 0.1778941 0.1325117 0.0611752 0.0697877 0.1143489 0.1140459 0.1532577 0.0801268 0.1318415 0.1660740 0.2004107 0.0934901 0.1142648 0.1076544 0.0553602 0.1071812 0.1128833 0.1146547 0.1185063 0.1716172 0.1929436 0.1351195 0.1616788 0.1493662 0.1230180 0.1012979 0.1137811 0.1056398 0.1101145 0.0991314 0.1135382 0.1458585 0.1568283 0.0887936 0.1103662 0.1475036 0.1358253 0.1386983 0.1556135 0.1533432 0.1084044 0.1524794 0.1713514 0.1177731 0.1299099 0.1317018 0.1863757 0.1056398 0.1944184 0.0967904 0.1816399 0.1249802 0.1849871 0.1366041 0.1606946 0.1833362 0.1177420 0.1279232 0.0925800 0.1058488 0.0965858 0.1682539 0.1127173 0.0888159 0.1184626 0.1618988 0.1803197 0.1184057 0.1574116 0.1543506 0.1422502 0.1222620 0.1117899 0.1140988 0.1379846 0.1421608 0.2257552 0.1430167 0.1313432 0.1183044 0.1098093 0.1522320 0.1516987 0.1043420 0.1105450 0.1456110 
S0335         0.4673372 0.3891489 0.0730388 0.2297599 0.0738582 0.3305275 0.1451203 0.1338283 0.1273438 0.1278615 0.1380835 0.0666961 0.1326295 0.1220139 0.1411600 0.1367429 0.1462734 0.1828087 0.1319296 0.0000000 0.1097907 0.1642844 0.1288531 0.0950281 0.1308905 0.1866019 0.1197839 0.1533087 0.1169627 0.1301099 0.1791068 0.1719425 0.1545350 0.1206493 0.1139714 0.1252714 0.1259066 0.1293586 0.1172604 0.1216986 0.1259843 0.1954327 0.1305668 0.1279091 0.1268466 0.1242546 0.1773661 0.1164813 0.1929466 0.1960618 0.1274977 0.1127651 0.1492893 0.1128166 0.1253123 0.1274225 0.0949230 0.1112669 0.1239391 0.1407045 0.1483884 0.1286046 0.1528139 0.1774774 0.1314397 0.1049958 0.1132946 0.1950853 0.1821919 0.2018664 0.1418062 0.1529987 0.0564781 0.1652480 0.1358262 0.1157384 0.2004731 0.1199790 0.1313324 0.1333148 0.1190853 0.1217421 0.1657991 0.1141853 0.1329128 0.1532053 0.1355714 0.1354413 0.1201294 0.1107774 0.0603709 0.0753803 0.1239739 0.0999394 0.1283820 0.0864042 0.1380906 0.1565953 0.0873518 0.1317940 0.1246999 0.1910700 0.1576074 0.1495128 0.1214688 0.1136387 0.1445708 
S0376         0.4417608 0.3430814 0.1399985 0.2725454 0.0425352 0.2913453 0.0886417 0.1335221 0.1181698 0.0833995 0.1303765 0.1063414 0.0796210 0.0896458 0.1411734 0.1229803 0.1381949 0.1843308 0.1102650 0.1097907 0.0000000 0.1114352 0.0739845 0.0999763 0.1120624 0.1835845 0.0566734 0.1654487 0.0944037 0.1104585 0.1291871 0.1763269 0.1395931 0.0868056 0.0644968 0.1116029 0.1288126 0.1293553 0.0704147 0.1181662 0.1528745 0.1618972 0.0802129 0.1503288 0.0957974 0.0734288 0.1743585 0.0765648 0.1857205 0.1930340 0.1100840 0.1056763 0.1408419 0.1376791 0.1214919 0.1228987 0.1125772 0.1148597 0.1085017 0.1177169 0.1283198 0.0996993 0.1149509 0.1481328 0.1129533 0.1012451 0.0917818 0.1487259 0.1791769 0.1676976 0.1169550 0.1207769 0.1056921 0.1573089 0.0908547 0.1422112 0.1584620 0.0666331 0.0699497 0.1378070 0.1231817 0.1217414 0.1833983 0.1138925 0.1291435 0.1303157 0.1584786 0.1544531 0.0732540 0.1381757 0.1424114 0.1157196 0.0700650 0.0674954 0.0764229 0.1112970 0.0848328 0.1817187 0.1167297 0.1469412 0.0770758 0.1750341 0.1623593 0.1125155 0.1331490 0.0671448 0.0919058 
S0400         0.6001345 0.4961278 0.1903525 0.2268835 0.0992020 0.3649260 0.0930657 0.1716272 0.1598530 0.0672842 0.1974374 0.1475392 0.0538094 0.1163359 0.1296856 0.1442615 0.2012905 0.2299711 0.1778941 0.1642844 0.1114352 0.0000000 0.0609868 0.1538161 0.1710719 0.2534432 0.1261759 0.1890715 0.1303782 0.1558885 0.1380428 0.2096141 0.1712826 0.0836991 0.0452632 0.1849133 0.1511030 0.1628428 0.0513048 0.1659685 0.1718361 0.2041369 0.1210127 0.1647461 0.0897903 0.0671577 0.2359157 0.0505685 0.2543307 0.2574619 0.1494979 0.1514013 0.1801203 0.1610238 0.1485324 0.1446993 0.1333867 0.1323056 0.1630391 0.1856379 0.1840148 0.1407711 0.1696088 0.1886498 0.1377456 0.1459573 0.1227878 0.1938095 0.2415183 0.2108434 0.1485229 0.1675526 0.1683714 0.1557785 0.1188279 0.1873868 0.2093607 0.0473801 0.1029313 0.1729683 0.1617255 0.1601642 0.2072428 0.1416421 0.1858578 0.1465100 0.1732251 0.1733455 0.0572448 0.1571486 0.1754029 0.1527356 0.0506281 0.0517701 0.0994939 0.1538392 0.0858447 0.2062641 0.1548869 0.1953555 0.0638702 0.2467274 0.1452886 0.1862757 0.1560570 0.0414990 0.0848123 
S0405         0.4700539 0.3650263 0.1526577 0.2350778 0.0376563 0.3153171 0.0638561 0.1414029 0.1183020 0.0408579 0.1506794 0.1135816 0.0288612 0.0824595 0.1293943 0.1229280 0.1463250 0.1530753 0.1325117 0.1288531 0.0739845 0.0609868 0.0000000 0.1000769 0.1269764 0.1987223 0.0874094 0.1413664 0.0980770 0.1136443 0.1086702 0.1499889 0.1270196 0.0496895 0.0171427 0.1340679 0.1176022 0.1360576 0.0259271 0.1225278 0.1360129 0.1650323 0.0830684 0.1262744 0.0997544 0.0345601 0.1891501 0.0255691 0.2061508 0.2085208 0.1195066 0.1098233 0.1400785 0.1334862 0.1261636 0.1113964 0.0975368 0.1000605 0.1240886 0.1328569 0.1393541 0.0954067 0.1184531 0.1512184 0.0978673 0.1052094 0.0914026 0.1518236 0.1941588 0.1708661 0.1592281 0.1353552 0.1213679 0.1330468 0.0910146 0.1504667 0.1697054 0.0226292 0.0570145 0.1406168 0.1345988 0.1333689 0.1626160 0.1091279 0.1330400 0.1214572 0.1340145 0.1455902 0.0255964 0.1297708 0.1387422 0.1188287 0.0255974 0.0230470 0.0589999 0.1196171 0.0573140 0.1989422 0.1203861 0.1632706 0.0286709 0.2079362 0.1510982 0.1167247 0.1295070 0.0169863 0.0473636 
S0407sl       0.4817509 0.3622673 0.1290337 0.1390674 0.0775780 0.3394776 0.1080374 0.0692366 0.1191363 0.0990958 0.0623087 0.0990892 0.0951950 0.1117817 0.0816204 0.1467733 0.0699351 0.1391069 0.0611752 0.0950281 0.0999763 0.1538161 0.1000769 0.0000000 0.0704299 0.0865881 0.1125419 0.1240263 0.0764169 0.1037083 0.1520929 0.1248370 0.0536344 0.0989633 0.0874695 0.0498461 0.0855444 0.1066123 0.0906328 0.0998451 0.1325893 0.1895725 0.1169536 0.1140165 0.1252314 0.0949678 0.0737966 0.0902007 0.0780409 0.0865672 0.1077769 0.0948974 0.1247212 0.1176973 0.0943565 0.0917457 0.1075850 0.0980473 0.1152001 0.1261638 0.1242951 0.1068481 0.1390333 0.1573466 0.1078973 0.0990448 0.1037631 0.1729778 0.0780409 0.1810203 0.0510331 0.1481546 0.1025730 0.1568233 0.1000702 0.1193499 0.1795444 0.0859721 0.1080994 0.0651281 0.1031041 0.0980674 0.1389276 0.0859012 0.0459011 0.1166980 0.1187010 0.1272617 0.0947545 0.1246410 0.1215023 0.1106506 0.0903508 0.0877899 0.0978171 0.1023161 0.1048532 0.2188067 0.1071102 0.0703895 0.0990172 0.0903725 0.0293242 0.1325815 0.0813705 0.0867866 0.1218730 
S0417         0.5159787 0.3922954 0.1532120 0.1681438 0.1051096 0.3183216 0.1396774 0.1121360 0.1153824 0.1251907 0.0810349 0.1212677 0.1081718 0.1207561 0.1036002 0.1452692 0.0983896 0.1822353 0.0697877 0.1308905 0.1120624 0.1710719 0.1269764 0.0704299 0.0000000 0.1848501 0.1339098 0.1407363 0.0696126 0.1307526 0.1782578 0.1597904 0.0879210 0.1178476 0.1128140 0.0786764 0.0942766 0.0941009 0.1238073 0.1239415 0.1443550 0.1917487 0.1409997 0.1374755 0.1291817 0.1223505 0.1755620 0.1145172 0.1912506 0.1854684 0.1335570 0.1110793 0.1230977 0.1460148 0.0910478 0.0911681 0.1172849 0.1169335 0.1334904 0.1505673 0.1531847 0.1038843 0.1525118 0.1728823 0.1177096 0.1361235 0.1296788 0.1735975 0.1804137 0.1981194 0.0539472 0.1613440 0.1172437 0.1665592 0.1340854 0.1557407 0.1882062 0.1180465 0.1222900 0.0767963 0.0847098 0.0840032 0.1683282 0.0870868 0.0873286 0.1176849 0.1376359 0.1534945 0.1220418 0.1429410 0.1519716 0.1238249 0.1220706 0.1087697 0.1315754 0.1308834 0.1478826 0.2003275 0.1371405 0.1095429 0.1306902 0.1849568 0.1182944 0.1567363 0.0941264 0.1116382 0.1428247 
S0419         0.5229548 0.3909755 0.2229224 0.1889547 0.0634274 0.4367451 0.1971691 0.2080475 0.0692749 0.1872171 0.2209668 0.2016412 0.2073145 0.2062307 0.2475767 0.2230690 0.1981084 0.3537402 0.1143489 0.1866019 0.1835845 0.2534432 0.1987223 0.0865881 0.1848501 0.0000000 0.1959285 0.2455266 0.1527781 0.1991924 0.2470021 0.3124298 0.2164433 0.1869409 0.1729690 0.1074062 0.1895316 0.2047114 0.1744535 0.1378271 0.2147255 0.2974306 0.2039583 0.2150264 0.2279646 0.1839344 0.0115004 0.1832026 0.0205120 0.0234298 0.1225836 0.1329110 0.2256572 0.2111209 0.1603943 0.2012978 0.1951891 0.1931213 0.2006212 0.2191359 0.2279011 0.2053319 0.2008868 0.2671343 0.1916660 0.1978986 0.1821354 0.2790464 0.0144582 0.2928235 0.3600952 0.2441098 0.1808571 0.2399442 0.1921946 0.2128459 0.2906451 0.1873137 0.2062268 0.2093679 0.1836370 0.1908821 0.2735853 0.1891441 0.2011461 0.2259210 0.2247492 0.2179221 0.1790238 0.2164296 0.2223216 0.2177475 0.1922730 0.1713968 0.1933598 0.2096239 0.2177298 0.3249139 0.1853168 0.2156175 0.1888401 0.0233786 0.2474495 0.1942000 0.1962782 0.1802547 0.2005654 
S0427         0.4391945 0.3193374 0.1511467 0.3163331 0.0371970 0.3165439 0.0885607 0.1456802 0.1179345 0.0901025 0.1385465 0.1131828 0.0833369 0.0747432 0.1612717 0.1429141 0.1504839 0.1972644 0.1140459 0.1197839 0.0566734 0.1261759 0.0874094 0.1125419 0.1339098 0.1959285 0.0000000 0.1742924 0.1082772 0.1138112 0.1171958 0.1875527 0.1429397 0.0868403 0.0744033 0.1376694 0.1279449 0.1363748 0.0769842 0.1251584 0.1652950 0.1864019 0.0730488 0.1617184 0.1129466 0.0799859 0.1865059 0.0798509 0.1982508 0.2055743 0.1056646 0.1161479 0.1440675 0.1532872 0.1359182 0.1220644 0.1195664 0.1271274 0.1005576 0.1210016 0.1242814 0.0994460 0.1291211 0.1717160 0.1162823 0.1044713 0.0950029 0.1683935 0.1914348 0.1883276 0.1459272 0.1252442 0.1234676 0.1701477 0.0943844 0.1417678 0.1786658 0.0731102 0.0906924 0.1488747 0.1341468 0.1324017 0.1990977 0.1241602 0.1372231 0.1486794 0.1700200 0.1795703 0.0798192 0.1583379 0.1458813 0.1184151 0.0765993 0.0707676 0.0765260 0.1263999 0.0924368 0.1974254 0.1278221 0.1596486 0.0872070 0.1960372 0.1755557 0.1242653 0.1441655 0.0736736 0.0988254 
S0430         0.6264752 0.4090139 0.1929961 0.0000010 0.1319251 0.3655186 0.1605137 0.1697787 0.1544482 0.1545961 0.1557631 0.1439048 0.1427929 0.1474870 0.1624447 0.1040616 0.1740490 0.0178445 0.1532577 0.1533087 0.1654487 0.1890715 0.1413664 0.1240263 0.1407363 0.2455266 0.1742924 0.0000000 0.1220492 0.1274553 0.2090696 0.0180167 0.1706052 0.1317453 0.1295158 0.1381045 0.1563616 0.1405754 0.1426831 0.1784024 0.0166644 0.2286045 0.1672789 0.0000020 0.1281476 0.1363772 0.2331337 0.1312549 0.2476948 0.2582269 0.1436723 0.1702142 0.1893342 0.0982060 0.1231139 0.1302457 0.1389409 0.0486679 0.1467399 0.1468415 0.1541651 0.1507213 0.2080820 0.2201043 0.1219950 0.1264093 0.1378890 0.2159343 0.2396395 0.2366370 0.1405127 0.1864240 0.1534443 0.1090705 0.1493629 0.1771486 0.2291578 0.1311443 0.1636266 0.1541695 0.1334394 0.1415630 0.0230710 0.1451758 0.1357079 0.0796885 0.0031826 0.0300100 0.1402999 0.1095499 0.1502856 0.1484528 0.1359764 0.1239690 0.1372188 0.1483050 0.1374306 0.2331150 0.1417497 0.1955843 0.1458772 0.2456638 0.1911064 0.2001353 0.1463990 0.1279254 0.1512219 
S0478         0.4545619 0.3168197 0.1270608 0.1095799 0.0683995 0.2892005 0.1088109 0.0691684 0.0897753 0.0967574 0.0937493 0.0904775 0.0903118 0.1028819 0.0778168 0.1308191 0.1041212 0.1641159 0.0801268 0.1169627 0.0944037 0.1303782 0.0980770 0.0764169 0.0696126 0.1527781 0.1082772 0.1220492 0.0000000 0.1083687 0.1515367 0.1478020 0.0835234 0.0831995 0.0848288 0.1048036 0.0465963 0.0530406 0.0950462 0.1022500 0.1200605 0.1496462 0.1185922 0.1175744 0.0991417 0.0939713 0.1443374 0.0800801 0.1601575 0.1614265 0.1211231 0.0904440 0.0697440 0.1323556 0.0469897 0.0439630 0.0896030 0.0963333 0.1003938 0.1152673 0.1141942 0.0902909 0.1371645 0.1365874 0.0899121 0.0958679 0.0898337 0.1446572 0.1487249 0.1462202 0.0375652 0.1367623 0.0901156 0.1367239 0.1047500 0.1214858 0.1452602 0.0901034 0.1155314 0.0892253 0.0472630 0.0468972 0.1438748 0.0403701 0.0752729 0.0985650 0.1251172 0.1365084 0.0937438 0.1293991 0.1171128 0.0965528 0.0937607 0.0844180 0.1006012 0.0961460 0.1053721 0.1790164 0.0931825 0.0976639 0.1015190 0.1610013 0.1025693 0.1320052 0.0499818 0.0839870 0.1047317 
S0552sl       0.4572263 0.3606310 0.1563521 0.2622832 0.0794185 0.3390421 0.1092884 0.1333994 0.1220608 0.1202673 0.1351300 0.0997914 0.1161835 0.0975283 0.1361469 0.1215270 0.1673130 0.1483366 0.1318415 0.1301099 0.1104585 0.1558885 0.1136443 0.1037083 0.1307526 0.1991924 0.1138112 0.1274553 0.1083687 0.0000000 0.1498075 0.1375384 0.1501031 0.1129286 0.1035816 0.1254149 0.1178708 0.1328894 0.1104831 0.1171580 0.1324093 0.1957193 0.0903190 0.1179691 0.1280273 0.1129077 0.1897216 0.1053710 0.2071093 0.2044145 0.0825642 0.1090151 0.1417454 0.1134133 0.1264319 0.1079475 0.1014905 0.0971118 0.0319205 0.0381637 0.0378987 0.1214999 0.1294814 0.1733341 0.1126186 0.0636504 0.0712691 0.1774321 0.1946773 0.1868549 0.1396750 0.0930472 0.1216056 0.1375431 0.1326085 0.1302218 0.1690756 0.1017082 0.1171924 0.1449679 0.1313816 0.1298208 0.1555115 0.1096607 0.1253136 0.1100954 0.1218546 0.1384700 0.1054991 0.1274600 0.1471105 0.1132465 0.1055207 0.0850892 0.0942433 0.1130370 0.1026691 0.2064257 0.1061755 0.1683771 0.1090831 0.1993018 0.1711633 0.1192733 0.1376842 0.1025247 0.1088795 
S0558         0.4585095 0.3363645 0.1784279 0.4132653 0.0899075 0.3649898 0.1024574 0.1853202 0.1467981 0.1088223 0.1874442 0.1784265 0.0991039 0.1126451 0.1574646 0.1805622 0.2056537 0.1992058 0.1660740 0.1791068 0.1291871 0.1380428 0.1086702 0.1520929 0.1782578 0.2470021 0.1171958 0.2090696 0.1515367 0.1498075 0.0000000 0.2050684 0.2100415 0.1001800 0.0913533 0.1793662 0.1740932 0.1792318 0.1014219 0.1903970 0.1915379 0.2186848 0.1094654 0.1984383 0.1805527 0.1080380 0.2364650 0.1040488 0.2566623 0.2511063 0.1416475 0.1629227 0.1874926 0.1954253 0.1679553 0.1554683 0.1558716 0.1683332 0.1736722 0.1873253 0.1857023 0.1395605 0.1851178 0.2030739 0.1554530 0.1557618 0.1452748 0.2039200 0.2420026 0.2239977 0.2369531 0.1853505 0.1674490 0.2149610 0.1455691 0.1904777 0.2135279 0.1004259 0.1169174 0.2028992 0.1699540 0.1765923 0.2221473 0.1641213 0.1884509 0.1693927 0.2074470 0.2028054 0.1041614 0.1863490 0.1912629 0.1834209 0.1001126 0.0986876 0.0898407 0.1853457 0.0954466 0.2576398 0.1769405 0.2298149 0.1050528 0.2421912 0.2390129 0.1795663 0.1884300 0.0942583 0.0984426 
S0620         0.5625003 0.3541803 0.2040635 1.5258695 0.1434670 0.4005370 0.1626152 0.1997283 0.1571956 0.1614256 0.1785998 0.1727926 0.1382936 0.1836625 0.1903826 0.1395025 0.2349634 0.0348553 0.2004107 0.1719425 0.1763269 0.2096141 0.1499889 0.1248370 0.1597904 0.3124298 0.1875527 0.0180167 0.1478020 0.1375384 0.2050684 0.0000000 0.2017020 0.1549702 0.1316320 0.1543620 0.1822657 0.1810401 0.1590916 0.1827663 0.0218229 0.2353865 0.1863341 0.0169052 0.1539641 0.1434029 0.2939546 0.1432639 0.3249856 0.3210985 0.1547220 0.1619403 0.2125747 0.0982929 0.1492625 0.1463965 0.1344967 0.0647952 0.1552275 0.1541531 0.1650646 0.1760471 0.1973931 0.2496729 0.1348903 0.1298903 0.1489795 0.2277527 0.2939546 0.2362120 0.3255925 0.1795752 0.1654569 0.1170283 0.1819428 0.2047662 0.2432963 0.1431959 0.1807717 0.1738206 0.1638484 0.1758768 0.0416353 0.1609422 0.1664920 0.1025132 0.0212494 0.0440848 0.1555898 0.1191405 0.1689380 0.1847305 0.1497210 0.1338262 0.1438041 0.1652602 0.1524098 0.2867265 0.1693751 0.2284044 0.1576748 0.3023384 0.2484011 0.1909122 0.1880135 0.1374669 0.1636774 
S0624         0.5165099 0.3974078 0.1904072 0.1357186 0.1112755 0.3787919 0.1596839 0.0667056 0.1379699 0.1290232 0.0637737 0.1364826 0.1216166 0.1366239 0.0752146 0.1705790 0.0698421 0.1965491 0.0934901 0.1545350 0.1395931 0.1712826 0.1270196 0.0536344 0.0879210 0.2164433 0.1429397 0.1706052 0.0835234 0.1501031 0.2100415 0.2017020 0.0000000 0.1328121 0.1203323 0.0813326 0.1093111 0.1198484 0.1276889 0.1470993 0.1651687 0.1961160 0.1541556 0.1628546 0.1391004 0.1335523 0.2069126 0.1144568 0.2235253 0.2223499 0.1430263 0.1295751 0.1369942 0.1731095 0.1092734 0.0953887 0.1397635 0.1452138 0.1492878 0.1659888 0.1605266 0.1483412 0.1786026 0.1811237 0.1365402 0.1490212 0.1414769 0.1902461 0.2121039 0.2025760 0.0982922 0.1923746 0.1436855 0.1904449 0.1421868 0.1600937 0.2011747 0.1144529 0.1452432 0.0826046 0.1174734 0.1164398 0.1995674 0.1018077 0.0633543 0.1559589 0.1672213 0.1795184 0.1295872 0.1738912 0.1728833 0.1429369 0.1184467 0.1198911 0.1480082 0.1434657 0.1474589 0.2454247 0.1490073 0.0839688 0.1423399 0.2262991 0.0959226 0.1713321 0.0983895 0.1153950 0.1587344 
S0641         0.4924510 0.3669258 0.1439255 0.2703761 0.0517352 0.3128815 0.0766040 0.1394821 0.1169348 0.0591885 0.1531456 0.1128832 0.0453777 0.0888912 0.1383141 0.1147386 0.1481091 0.1577735 0.1142648 0.1206493 0.0868056 0.0836991 0.0496895 0.0989633 0.1178476 0.1869409 0.0868403 0.1317453 0.0831995 0.1129286 0.1001800 0.1549702 0.1328121 0.0000000 0.0377413 0.1325800 0.1160468 0.1194727 0.0468341 0.1218094 0.1274843 0.1628056 0.0891413 0.1216896 0.0994207 0.0494294 0.1776995 0.0401496 0.1942259 0.1907440 0.1265661 0.1091982 0.1342154 0.1326347 0.1098247 0.1063763 0.1039284 0.0994635 0.1233336 0.1396189 0.1421527 0.0754023 0.1324422 0.1492609 0.0831200 0.1080256 0.0942358 0.1498072 0.1825283 0.1685329 0.1183583 0.1459345 0.1280186 0.1286129 0.0973848 0.1418592 0.1674018 0.0431048 0.0629829 0.1273776 0.1178216 0.1167821 0.1482079 0.1077078 0.1312512 0.1166917 0.1293131 0.1359651 0.0462296 0.1335237 0.1455742 0.1181047 0.0462333 0.0439156 0.0719803 0.1261758 0.0633974 0.1978876 0.1196422 0.1609905 0.0405075 0.1958631 0.1539683 0.1363523 0.1203779 0.0373923 0.0596608 
S0643         0.4573620 0.3538633 0.1381074 0.2268835 0.0230974 0.2854253 0.0480386 0.1346725 0.0958142 0.0289872 0.1438323 0.0995406 0.0158576 0.0761909 0.1267199 0.1092125 0.1433521 0.1491040 0.1076544 0.1139714 0.0644968 0.0452632 0.0171427 0.0874695 0.1128140 0.1729690 0.0744033 0.1295158 0.0848288 0.1035816 0.0913533 0.1316320 0.1203323 0.0377413 0.0000000 0.1173275 0.1110615 0.1219219 0.0143071 0.1085116 0.1215397 0.1541434 0.0768986 0.1158243 0.0917512 0.0228855 0.1638358 0.0141097 0.1852161 0.1823274 0.0952086 0.0962223 0.1332425 0.1150598 0.1112435 0.1048344 0.0912302 0.0865338 0.1102413 0.1262049 0.1213939 0.0809526 0.1115087 0.1406149 0.0846457 0.0918098 0.0782459 0.1411734 0.1685981 0.1598122 0.1527382 0.1205148 0.1148029 0.1151850 0.0779186 0.1361210 0.1587251 0.0112388 0.0541289 0.1263166 0.1202707 0.1191873 0.1415864 0.1026959 0.1263830 0.1053735 0.1234515 0.1234515 0.0141249 0.1162673 0.1200613 0.1048710 0.0141250 0.0114452 0.0523906 0.1059409 0.0449375 0.1963490 0.1066157 0.1563354 0.0259453 0.1774034 0.1483470 0.1136545 0.1224180 0.0056242 0.0414326 
S0645sl       0.5360900 0.4126127 0.1603522 0.2739146 0.1217775 0.3518446 0.1201637 0.1009718 0.1274593 0.1327574 0.0660886 0.1378221 0.1045293 0.1332011 0.0700915 0.1622894 0.0895058 0.1727846 0.0553602 0.1252714 0.1116029 0.1849133 0.1340679 0.0498461 0.0786764 0.1074062 0.1376694 0.1381045 0.1048036 0.1254149 0.1793662 0.1543620 0.0813326 0.1325800 0.1173275 0.0000000 0.1053008 0.1272292 0.1244308 0.1292946 0.1724694 0.2170182 0.1376988 0.1531446 0.1572869 0.1191704 0.0944237 0.1234673 0.1028011 0.1031846 0.1210850 0.1240738 0.1380911 0.1603214 0.1064724 0.0991256 0.1414585 0.1372303 0.1371143 0.1485369 0.1508519 0.1155852 0.1466396 0.1890773 0.1373662 0.1281946 0.1331815 0.2000212 0.0987401 0.2088451 0.0841962 0.1634853 0.1228923 0.2091095 0.1114894 0.1479810 0.1971927 0.1190866 0.1285864 0.0767811 0.1196599 0.1102275 0.1581941 0.1099819 0.0693454 0.1214333 0.1533530 0.1668002 0.1240712 0.1547008 0.1384940 0.1451962 0.1236731 0.1215937 0.1248907 0.1408278 0.1289251 0.2421389 0.1465429 0.0939684 0.1281588 0.1028972 0.1162550 0.1456638 0.1140070 0.1202038 0.1563975 
