112
CRNC          0.0000000 0.4087191 0.4375983 0.6243431 0.8753842 0.7559279 0.5249892 0.6113947 0.7516931 0.6081020 0.5931736 0.6786501 0.5141231 0.6739481 0.6339616 0.5989497 0.6074479 0.5725861 0.5710007 0.5790951 0.6615275 0.6159078 0.6164185 0.5393479 0.6297998 0.5884672 0.5765420 0.7805652 0.5692955 0.6336793 0.5184967 0.5846984 0.6159887 0.5874449 0.6144867 0.6206686 0.5982676 0.5611424 0.5752825 0.6206686 0.5942101 0.5939208 0.5325137 0.6528164 0.6195920 0.3756936 0.6116051 0.5956611 0.6344239 0.5861910 0.5926793 0.5341806 0.5711919 0.5649786 0.4942240 0.6238284 0.5672079 0.5636613 0.7005074 0.5283525 0.5499012 0.5606147 0.5083488 0.5451997 0.6274501 0.5581160 0.5375449 0.5602834 0.5013056 0.5521258 0.5579893 0.5369962 0.5827029 0.5220657 0.5506536 0.6370168 0.6107569 0.6225079 0.6117648 0.5995568 0.6090430 0.6094453 0.5764548 0.6068563 0.6220912 0.5965861 0.4734453 0.6050997 0.5580330 0.6197685 0.6088427 0.6267747 0.5247249 0.6818079 0.7105040 0.5251685 0.5473805 0.5850978 0.6863767 0.5823448 0.9251083 0.6859205 0.7079999 0.6058253 0.6318940 0.5953550 0.6604437 0.6186465 0.5988499 0.6050588 0.5922896 0.6177610 
HYZL          0.4087191 0.0000000 0.1402433 0.4624206 0.5878380 0.6600954 0.4227914 0.4598838 0.5410517 0.4868777 0.4757457 0.4406038 0.5253246 0.5148639 0.3907872 0.5258912 0.5365673 0.5068309 0.5261057 0.4860864 0.4811293 0.3944379 0.4250213 0.5586939 0.4546783 0.4124715 0.4281684 1.1158026 0.4961337 0.5050835 0.3835334 0.4852443 0.4768510 0.5012022 0.4432983 0.4101322 0.5571346 0.4611034 0.5287719 0.4101322 0.5065939 0.5030952 0.4340929 0.4324203 0.4726580 0.3523478 0.4101322 0.4484831 0.4101322 0.4436528 0.4474353 0.3886812 0.4867926 0.4398113 0.3794759 0.5533656 0.4102233 0.4634265 0.4995969 0.3942185 0.3925987 0.3922778 0.4227296 0.4135658 0.4919500 0.4201547 0.4181476 0.4709326 0.5206195 0.4906116 0.4554632 0.3967885 0.4436528 0.4166488 0.4224008 0.5136402 0.4891114 0.4739318 0.5522411 0.4498486 0.5740408 0.4574873 0.4331842 0.5243354 0.5220854 0.4756692 0.4242039 0.4903376 0.4799503 0.4880171 0.4978548 0.4056964 0.4084440 0.4826185 0.5489730 0.3623969 0.3655062 0.4765314 0.4968631 0.4809917 0.6973075 0.4883174 0.5533768 0.5617766 0.5400874 0.4436528 1.0878461 0.4904027 0.5333819 0.3907921 0.5312319 0.4212932 
MYZV          0.4375983 0.1402433 0.0000000 0.6632931 0.8676260 0.7941027 0.5740496 0.6124093 0.6362481 0.6025780 0.5653504 0.6368556 0.5618850 0.6555756 0.5852120 0.6105570 0.5381323 0.6020048 0.6395480 0.4869130 0.6444829 0.5529528 0.5923032 0.5849202 0.5417448 0.5363358 0.5435172 0.7557838 0.4929739 0.6199178 0.5459175 0.5788999 0.6074120 0.5717385 0.5852803 0.5730180 0.6334384 0.5144002 0.5776850 0.5730180 0.5738896 0.5417496 0.5197227 0.5862870 0.5872191 0.5311769 0.5840551 0.5563627 0.5855906 0.5652871 0.5712986 0.5554143 0.5240591 0.4994187 0.5585559 0.6012471 0.5105944 0.5781399 0.6313399 0.5604590 0.5783513 0.5932380 0.5727552 0.5257568 0.5169368 0.5552318 0.5883789 0.5983151 0.5915610 0.5974156 0.6561208 0.5074744 0.5742736 0.5107228 0.5925240 0.6518503 0.6441748 0.5815320 0.6246966 0.5887770 0.5991732 0.5929572 0.5427055 0.5758501 0.5886762 0.5510651 0.4906130 0.6156601 0.6027789 0.5670704 0.5016958 0.5787927 0.5593042 0.6013245 0.6544003 0.4860823 0.5122456 0.5993530 0.6701775 0.5621699 0.7101587 0.6228236 0.6635650 0.6330270 0.5957126 0.5843249 0.7293068 0.5112343 0.6037154 0.5637289 0.5097342 0.5969137 
SRR6441723    0.6243431 0.4624206 0.6632931 0.0000000 0.1025654 0.1332437 0.2924056 0.1066480 0.0850559 0.1296246 0.1296176 0.0952898 0.1112852 0.0498740 0.0836199 0.1291698 0.0928675 0.1305026 0.1324228 0.1011168 0.0682206 0.0926298 0.0788867 0.1331664 0.0880620 0.1093793 0.1012341 0.1492639 0.0852578 0.1354794 0.0675068 0.1122683 0.1443111 0.1154247 0.1028970 0.0788223 0.1213656 0.1218657 0.1348921 0.0788223 0.1190730 0.1480900 0.1851156 0.0961145 0.1168088 0.0769859 0.0824560 0.0844235 0.0754943 0.0806726 0.0811833 0.0560752 0.1060429 0.1383444 0.0902254 0.1151778 0.1236340 0.0644114 0.1269217 0.0777441 0.0598387 0.0708294 0.0741946 0.1178991 0.1413411 0.2154704 0.0815938 0.0965155 0.0902785 0.0815947 0.0711421 0.1992153 0.0843884 0.1959559 0.0611589 0.0597965 0.1158664 0.0945902 0.0559774 0.0954964 0.0967436 0.0491347 0.1142122 0.1072550 0.1117550 0.1247389 0.1060800 0.1263091 0.1326499 0.1337620 0.1029508 0.0788223 0.1005938 0.0614976 0.0534346 0.0606615 0.0596307 0.1041887 0.0563479 0.0835709 0.1533881 0.0462167 0.0604171 0.1205461 0.0953196 0.0882459 0.1699280 0.1418667 0.1192613 0.0759291 0.1427399 0.0785712 
ERR4210213    0.8753842 0.5878380 0.8676260 0.1025654 0.0000000 0.1670020 0.3880968 0.1822372 0.1778812 0.1550362 0.2266822 0.1722262 0.1811288 0.1267311 0.1656088 0.1491471 0.1501631 0.2393407 0.1754139 0.1457008 0.0384661 0.1729047 0.1656088 0.1569745 0.1829960 0.1654710 0.1496516 0.1881871 0.1287838 0.1744821 0.0973557 0.1610809 0.2613100 0.1639945 0.1418911 0.1642740 0.2007796 0.2115344 0.1774742 0.1642740 0.2221162 0.1790972 0.3638675 0.2006274 0.1745453 0.1095231 0.1615767 0.1717356 0.1571162 0.1717356 0.1726530 0.0962110 0.1918661 0.2098586 0.1617085 0.1703030 0.1944639 0.1410806 0.1923501 0.1096887 0.1111497 0.1040816 0.0912593 0.1870789 0.2388886 0.3465528 0.1108344 0.1314660 0.2805430 0.1301648 0.1323746 0.3727969 0.1790755 0.3884433 0.1206239 0.1184910 0.1684165 0.1668155 0.1104130 0.1612058 0.1474749 0.0980399 0.1827963 0.1680352 0.1778070 0.1764063 0.1670202 0.1581548 0.2212838 0.1979762 0.1514214 0.1499572 0.1630666 0.1122156 0.1201437 0.1217915 0.1391200 0.1971591 0.1254863 0.1379813 0.1835762 0.1188297 0.1225451 0.1261643 0.1446355 0.1868882 0.1936886 0.2382108 0.1687900 0.1514185 0.2631215 0.1336867 
ERR2789774    0.7559279 0.6600954 0.7941027 0.1332437 0.1670020 0.0000000 0.3437564 0.0975417 0.1162264 0.1705649 0.2030014 0.0784536 0.1656658 0.1638945 0.0705828 0.1663259 0.1743469 0.2344557 0.1764892 0.2057786 0.1918977 0.0916136 0.0660355 0.1850490 0.0820935 0.1585871 0.1196498 0.1408355 0.1966858 0.1893488 0.1502918 0.1149400 0.2278735 0.1617129 0.0925580 0.0659812 0.1828867 0.1646540 0.1710468 0.0659812 0.1741772 0.2284941 0.2155867 0.1067167 0.2205476 0.1330472 0.0661313 0.1346210 0.0626340 0.1346210 0.1309830 0.1524527 0.1732239 0.1890617 0.1687310 0.1737422 0.1660962 0.1256858 0.2121341 0.1684049 0.1488664 0.1843999 0.1681703 0.1296636 0.2170216 0.2426596 0.1585935 0.1836244 0.1972317 0.1926735 0.1696493 0.2252851 0.1302465 0.2218436 0.1523727 0.1625679 0.2088496 0.1013882 0.1602381 0.0745695 0.1155213 0.1481173 0.1697694 0.1587059 0.1649638 0.2419103 0.1639900 0.1731162 0.1981519 0.2375703 0.2247768 0.0659812 0.1745217 0.1937154 0.1648186 0.0547779 0.0538753 0.1032322 0.1582102 0.0897937 0.1366581 0.1581899 0.1696828 0.1466990 0.1101082 0.1435630 0.1846413 0.2178323 0.1531615 0.0594958 0.2131416 0.0977848 
PAFTOL_019361 0.5249892 0.4227914 0.5740496 0.2924056 0.3880968 0.3437564 0.0000000 0.2824207 0.3225525 0.3258769 0.2596256 0.2932269 0.3093622 0.2839240 0.2692849 0.3232584 0.2617606 0.3639435 0.3447302 0.2330992 0.3237553 0.2664272 0.2627343 0.3433897 0.2575724 0.2575066 0.2747790 0.3835647 0.2971851 0.3434126 0.2404092 0.3059573 0.3418966 0.2891679 0.2747630 0.2743565 0.3220285 0.2783205 0.3094505 0.2743565 0.2530887 0.2734875 0.3205575 0.2970366 0.3031435 0.2770573 0.2860937 0.2521156 0.2692686 0.2583340 0.2606650 0.2488716 0.2493127 0.3268661 0.2821486 0.3170156 0.3139797 0.2425945 0.3165340 0.2329905 0.2551433 0.2672172 0.2497271 0.3207717 0.2886048 0.3263153 0.2646693 0.2953108 0.3066354 0.2640265 0.2639232 0.3043579 0.2520255 0.3168559 0.2551754 0.3043970 0.3400697 0.2843896 0.2875701 0.2718708 0.3169753 0.2572854 0.2575814 0.2943105 0.3039324 0.3270402 0.3071139 0.2951267 0.3451304 0.3316178 0.3250103 0.2669651 0.2907694 0.3498376 0.3000005 0.2150145 0.2196789 0.2713078 0.2764380 0.2697769 0.4161794 0.2886046 0.3056146 0.3118459 0.3047665 0.2578080 0.4532319 0.3118373 0.3067170 0.2547722 0.3019091 0.2777817 
S0055         0.6113947 0.4598838 0.6124093 0.1066480 0.1822372 0.0975417 0.2824207 0.0000000 0.1009813 0.1397013 0.1514310 0.0604802 0.1204374 0.1073629 0.0500613 0.1300481 0.1243039 0.1810584 0.1275340 0.1512422 0.1457599 0.0602626 0.0491302 0.1296194 0.0534734 0.1160819 0.0729837 0.1358086 0.1552435 0.1396589 0.1035568 0.0862970 0.1772995 0.1165387 0.0744407 0.0461265 0.1306060 0.1310402 0.1291531 0.0461265 0.1243553 0.1876204 0.1630216 0.0749889 0.1716558 0.1086299 0.0535587 0.0950208 0.0430211 0.0988301 0.0954719 0.1157479 0.1100788 0.1394188 0.1164192 0.1318398 0.1445580 0.0791216 0.1420462 0.1181982 0.1103713 0.1367933 0.1190754 0.0994435 0.1740053 0.1934576 0.1184106 0.1333786 0.1216602 0.1382287 0.1159395 0.1677973 0.1026699 0.1682917 0.1128458 0.1124157 0.1553098 0.0736652 0.1027048 0.0493693 0.0597636 0.0820323 0.1252349 0.1191732 0.1241379 0.1831719 0.1161439 0.1272465 0.1559336 0.1810387 0.1781745 0.0461265 0.1256420 0.1142527 0.1117864 0.0314950 0.0344698 0.0363549 0.0985704 0.0634971 0.1462014 0.1027406 0.1167832 0.1173370 0.0628673 0.1066745 0.1738433 0.1746260 0.1142852 0.0469676 0.1704766 0.0597710 
S0196sl       0.7516931 0.5410517 0.6362481 0.0850559 0.1778812 0.1162264 0.3225525 0.1009813 0.0000000 0.0982055 0.0720766 0.1007054 0.1054358 0.1032220 0.0948130 0.1111044 0.1210974 0.1459102 0.1079981 0.1141250 0.1614541 0.1096063 0.0879921 0.1106246 0.1006048 0.0937418 0.0934629 0.0951166 0.1165415 0.1403401 0.1076111 0.1020340 0.1845942 0.1046145 0.1107389 0.0767117 0.1185487 0.1074720 0.1220200 0.0874326 0.0671429 0.1441388 0.1880542 0.1274818 0.1523796 0.0996779 0.1008211 0.0126966 0.0825107 0.0126966 0.0127979 0.1138421 0.0458211 0.1014514 0.1093781 0.1082314 0.1039388 0.0502816 0.1452805 0.1319112 0.1130146 0.1247415 0.1258602 0.1223334 0.1078819 0.2022066 0.0762837 0.1076752 0.1954813 0.1219027 0.1200992 0.2024893 0.0170348 0.2046937 0.1014099 0.1291008 0.1261027 0.1055367 0.1039100 0.1067285 0.1012802 0.0962748 0.1180882 0.0958860 0.1022485 0.1297733 0.0940040 0.1058809 0.1749125 0.1600206 0.1501062 0.0874326 0.1055678 0.1382230 0.0978979 0.0715792 0.0697146 0.1284579 0.0965451 0.0899160 0.1422529 0.0964468 0.1041800 0.0872881 0.0940447 0.0214642 0.1372855 0.0966052 0.1078148 0.0895083 0.1016257 0.0954193 
S0278         0.6081020 0.4868777 0.6025780 0.1296246 0.1550362 0.1705649 0.3258769 0.1397013 0.0982055 0.0000000 0.1488560 0.1469563 0.0364766 0.1248394 0.1333315 0.0268414 0.1875313 0.1812901 0.0366784 0.1796581 0.1484308 0.1454242 0.1306488 0.0398950 0.1141316 0.0335593 0.1171633 0.0435188 0.1779167 0.0623074 0.0973743 0.1214308 0.1847704 0.0298905 0.1293740 0.1271298 0.0365103 0.0802554 0.0761664 0.1271298 0.1195371 0.1867887 0.2141082 0.1322142 0.1674821 0.1280274 0.1379901 0.1086966 0.1234602 0.1079869 0.1045616 0.0999283 0.1104225 0.0685751 0.1252905 0.0834882 0.0710302 0.0944200 0.2018201 0.1085650 0.0909117 0.1078518 0.1134335 0.1440978 0.1421807 0.2154380 0.1348807 0.1600263 0.1512259 0.1222047 0.1255043 0.2252086 0.1072838 0.2259443 0.0944530 0.1408653 0.1836007 0.1190317 0.1168713 0.1171499 0.1158642 0.1125873 0.0436857 0.0762725 0.0796406 0.1744646 0.0491775 0.0301312 0.1646310 0.1908406 0.1900641 0.1271298 0.1384892 0.1472504 0.1296485 0.0816193 0.0977810 0.1482747 0.1113086 0.0932052 0.0461344 0.1198089 0.1299295 0.0360278 0.1186433 0.1160940 0.0421165 0.1427135 0.0681877 0.1249344 0.1362176 0.1211635 
S0281         0.5931736 0.4757457 0.5653504 0.1296176 0.2266822 0.2030014 0.2596256 0.1514310 0.0720766 0.1488560 0.0000000 0.1439806 0.1307884 0.1438275 0.1306599 0.1569732 0.1283052 0.1489479 0.1649954 0.1124102 0.1774412 0.1415822 0.1280739 0.1487086 0.1273755 0.1219257 0.1187603 0.1411022 0.1247624 0.1695111 0.1081751 0.1444019 0.1851008 0.1286599 0.1218474 0.1246233 0.1505425 0.1494176 0.1348351 0.1246233 0.0580651 0.1608546 0.1673365 0.1400849 0.1637910 0.0993066 0.1352129 0.0603989 0.1210240 0.0638496 0.0642342 0.1142721 0.0474513 0.1552651 0.1136817 0.1482682 0.1405550 0.0853066 0.1531822 0.1332061 0.1186238 0.1275865 0.1243627 0.1476398 0.0951764 0.1864099 0.1386232 0.1402621 0.1392498 0.1422229 0.1428102 0.1671067 0.0673284 0.1776787 0.1137863 0.1380460 0.1628270 0.1197622 0.1466086 0.1391133 0.1284421 0.1328529 0.1357894 0.1348722 0.1401816 0.1488027 0.1331510 0.1469675 0.1733112 0.1775747 0.1458564 0.1246233 0.1256226 0.1715888 0.1489332 0.0972224 0.0995452 0.1491141 0.1427529 0.1096897 0.1739750 0.1384876 0.1492377 0.1470429 0.1352628 0.0709232 0.1755636 0.0839093 0.1384077 0.1271899 0.0788373 0.1101478 
S0282         0.6786501 0.4406038 0.6368556 0.0952898 0.1722262 0.0784536 0.2932269 0.0604802 0.1007054 0.1469563 0.1439806 0.0000000 0.1270365 0.0887513 0.0143690 0.1364314 0.1127440 0.1729096 0.1446965 0.1425438 0.1382406 0.0369853 0.0236092 0.1452162 0.0573107 0.1207549 0.0768827 0.1448064 0.1465828 0.1469070 0.0966660 0.0904779 0.1643247 0.1230251 0.0560570 0.0174050 0.1375727 0.1363324 0.1360203 0.0174050 0.1320809 0.1796504 0.1671103 0.0610864 0.1639167 0.1414245 0.0237583 0.0916981 0.0144426 0.0954942 0.0961069 0.1087362 0.1186078 0.1466583 0.1131667 0.1212934 0.1408422 0.0764104 0.1440014 0.1160752 0.1034773 0.1295551 0.1120638 0.0957019 0.1686835 0.1982652 0.1276373 0.1261265 0.1151862 0.1307295 0.1169731 0.1719952 0.0993206 0.1674489 0.1058140 0.1132721 0.1478408 0.0674437 0.1065548 0.0337251 0.0611958 0.0878335 0.1303846 0.1171388 0.1221391 0.1742520 0.1286630 0.1341614 0.1488069 0.1830014 0.1691421 0.0174050 0.1311565 0.1239202 0.0929538 0.0219765 0.0182343 0.0508542 0.0917864 0.0603672 0.1593025 0.0880335 0.0969349 0.1155518 0.0638624 0.1033077 0.1885653 0.1685986 0.1206046 0.0177042 0.1651139 0.0535085 
S0289         0.5141231 0.5253246 0.5618850 0.1112852 0.1811288 0.1656658 0.3093622 0.1204374 0.1054358 0.0364766 0.1307884 0.1270365 0.0000000 0.1142075 0.1141508 0.0497315 0.1528233 0.1522591 0.0402249 0.1691901 0.1318289 0.1253032 0.1118879 0.0292567 0.0959383 0.0424535 0.0872090 0.0570984 0.1563030 0.0645696 0.0873710 0.0950129 0.1811497 0.0328332 0.1185574 0.1084950 0.0328807 0.0639824 0.0663324 0.1084950 0.1091285 0.1684972 0.1775522 0.1128981 0.1642234 0.1150982 0.1140037 0.0988861 0.1049507 0.0950305 0.0916771 0.0908030 0.1004195 0.0675030 0.1181031 0.0732553 0.0624559 0.0849968 0.1833580 0.1020673 0.0859242 0.1031899 0.1028531 0.1163857 0.1227719 0.1875523 0.1255813 0.1496633 0.1325618 0.1116638 0.1113816 0.1875960 0.0944060 0.1881646 0.0894000 0.1205113 0.1727041 0.1004846 0.1020885 0.0992183 0.0976516 0.1023703 0.0527179 0.0664151 0.0696325 0.1603787 0.0416865 0.0466961 0.1650042 0.1635428 0.1604334 0.1084950 0.1352273 0.1415564 0.1188100 0.0681495 0.0795804 0.1281727 0.1050598 0.0838969 0.0674423 0.1093959 0.1190731 0.0328666 0.1042692 0.1028223 0.0466247 0.1232351 0.0588727 0.1020222 0.1172701 0.1106241 
S0292         0.6739481 0.5148639 0.6555756 0.0498740 0.1267311 0.1638945 0.2839240 0.1073629 0.1032220 0.1248394 0.1438275 0.0887513 0.1142075 0.0000000 0.0885251 0.1154355 0.0821408 0.1289065 0.1310200 0.0913185 0.0766680 0.0977940 0.0868058 0.1193157 0.0836556 0.1003945 0.1057540 0.1804354 0.0905202 0.1217035 0.0609344 0.1116834 0.1395647 0.1022781 0.1084756 0.0835679 0.1159487 0.1146182 0.1250849 0.0835679 0.1239445 0.1317574 0.1898206 0.0840155 0.1139430 0.0906469 0.0925666 0.0886803 0.0801874 0.0924783 0.0930739 0.0644550 0.1106987 0.1242542 0.0827989 0.1023256 0.1226106 0.0648478 0.1228059 0.0710948 0.0602395 0.0826604 0.0675854 0.1392142 0.1401776 0.2164961 0.0912198 0.0926722 0.0917343 0.0821603 0.0716210 0.2001525 0.0963066 0.1946519 0.0615758 0.0759427 0.1086021 0.0990516 0.0434439 0.0872382 0.0773028 0.0361448 0.1012172 0.0983061 0.1030630 0.1110881 0.1027064 0.1125531 0.1279850 0.1360019 0.1086621 0.0835679 0.0972056 0.0694103 0.0084640 0.0571681 0.0638433 0.1048950 0.0267908 0.0756542 0.1517798 0.0144862 0.0203060 0.1110708 0.0918746 0.1002929 0.1609209 0.1406956 0.1100290 0.0852090 0.1415544 0.0790987 
S0293         0.6339616 0.3907872 0.5852120 0.0836199 0.1656088 0.0705828 0.2692849 0.0500613 0.0948130 0.1333315 0.1306599 0.0143690 0.1141508 0.0885251 0.0000000 0.1237107 0.1070135 0.1580749 0.1309789 0.1310931 0.1248520 0.0272563 0.0085589 0.1317426 0.0469353 0.1082200 0.0661426 0.1256578 0.1351208 0.1332943 0.0848339 0.0790669 0.1502569 0.1102512 0.0459202 0.0085532 0.1242541 0.1231406 0.1228529 0.0085532 0.1189945 0.1650847 0.1521953 0.0538834 0.1498989 0.1270182 0.0145912 0.0801305 0.0056962 0.0838226 0.0843523 0.0965512 0.1059826 0.1330559 0.0999771 0.1170591 0.1271665 0.0653159 0.1306933 0.1037330 0.0915569 0.1167519 0.0998425 0.0878876 0.1544931 0.1824560 0.1149869 0.1133375 0.1079726 0.1174555 0.1045305 0.1569541 0.0875442 0.1574162 0.0936260 0.1013096 0.1344505 0.0568245 0.0942610 0.0241005 0.0575890 0.0763853 0.1174880 0.1046707 0.1094697 0.1633642 0.1152171 0.1208522 0.1353015 0.1684109 0.1568350 0.0085532 0.1177746 0.1110508 0.0927194 0.0123292 0.0089529 0.0473933 0.0878780 0.0499653 0.1524643 0.0841557 0.0929389 0.1029098 0.0569143 0.0914110 0.1808746 0.1550601 0.1080967 0.0086977 0.1509615 0.0433127 
S0299         0.5989497 0.5258912 0.6105570 0.1291698 0.1491471 0.1663259 0.3232584 0.1300481 0.1111044 0.0268414 0.1569732 0.1364314 0.0497315 0.1154355 0.1237107 0.0000000 0.1546514 0.1736719 0.0399379 0.1660934 0.1340342 0.1266788 0.1212363 0.0364840 0.1051038 0.0333506 0.1000004 0.0577451 0.1592312 0.0513877 0.0965062 0.1203987 0.1831833 0.0234983 0.1282551 0.1177766 0.0396307 0.0687662 0.0611138 0.1177766 0.1271797 0.1617268 0.1957488 0.1271899 0.1527369 0.1310393 0.1240093 0.1080421 0.1137172 0.1120060 0.1085708 0.1037313 0.1178947 0.0646937 0.1293913 0.0682817 0.0672325 0.0935987 0.1860796 0.1076125 0.0946265 0.1171054 0.1042329 0.1305629 0.1555847 0.1922932 0.1259931 0.1409568 0.1299777 0.1119315 0.1209668 0.2064350 0.1112814 0.2070924 0.0981803 0.1268739 0.1636020 0.1098385 0.1120225 0.1081388 0.1067082 0.1034692 0.0336184 0.0684171 0.0717279 0.1697275 0.0494174 0.0298766 0.1530874 0.1812066 0.1772400 0.1177766 0.1434608 0.1234493 0.1200935 0.0731502 0.0888795 0.1295690 0.1022988 0.0772731 0.0683313 0.1105655 0.1120564 0.0358077 0.1015217 0.1201829 0.0429619 0.1555171 0.0536214 0.1155145 0.1493563 0.1073149 
S0303         0.6074479 0.5365673 0.5381323 0.0928675 0.1501631 0.1743469 0.2617606 0.1243039 0.1210974 0.1875313 0.1283052 0.1127440 0.1528233 0.0821408 0.1070135 0.1546514 0.0000000 0.0784418 0.1690185 0.0378678 0.1185473 0.1230029 0.1114135 0.1758846 0.0960744 0.1410024 0.0977505 0.3783755 0.0466674 0.1570432 0.0991909 0.1071044 0.1063719 0.1330888 0.1326765 0.0943412 0.1705203 0.1267032 0.1398420 0.1062642 0.1212132 0.0429878 0.1666849 0.1000692 0.0421734 0.0955331 0.1062642 0.1109945 0.1002957 0.1170528 0.1176050 0.0924197 0.1193673 0.1416891 0.0600418 0.1247785 0.1174406 0.0806995 0.0692195 0.1107594 0.0914354 0.1062696 0.0929609 0.1214741 0.1596775 0.1753297 0.1064096 0.0770884 0.0981975 0.1115327 0.0821835 0.1750392 0.1109274 0.1813217 0.0742890 0.1257929 0.0887167 0.0997157 0.0962010 0.1209049 0.1224822 0.0755390 0.1367095 0.1181889 0.1193410 0.0417493 0.1311523 0.1631479 0.0749531 0.0521879 0.0526869 0.1062642 0.0741100 0.0903056 0.0822480 0.0681819 0.0614172 0.1003517 0.1001449 0.0948337 0.1493084 0.0949437 0.0941571 0.1538982 0.1211396 0.1172082 0.2167647 0.1593674 0.1103619 0.1084823 0.1561249 0.1115506 
S0308         0.5725861 0.5068309 0.6020048 0.1305026 0.2393407 0.2344557 0.3639435 0.1810584 0.1459102 0.1812901 0.1489479 0.1729096 0.1522591 0.1289065 0.1580749 0.1736719 0.0784418 0.0000000 0.1707670 0.0829310 0.1747308 0.1706138 0.1547830 0.1771946 0.1535859 0.1601081 0.1210743 0.2001835 0.0980982 0.1810167 0.1215026 0.1647473 0.1091636 0.1581549 0.1658373 0.1461018 0.1748120 0.1461788 0.1709447 0.1510335 0.1368965 0.0981651 0.2219332 0.1607910 0.1054911 0.1547416 0.1442291 0.1179396 0.1471411 0.1220369 0.1228586 0.1128061 0.1328176 0.1689302 0.0597770 0.1669593 0.1324611 0.1070442 0.0968210 0.1382651 0.1233563 0.1425965 0.1248325 0.1691919 0.1930752 0.2372656 0.1473850 0.0837289 0.0847037 0.1306920 0.1220005 0.2330551 0.1216958 0.2338130 0.1008786 0.1338831 0.0936288 0.1310546 0.1387642 0.1674589 0.1547491 0.1252963 0.1562666 0.1570475 0.1629593 0.0895447 0.1241625 0.1685750 0.0939799 0.1059077 0.0938513 0.1510335 0.0795142 0.1321479 0.1428765 0.1199953 0.1088797 0.1734779 0.1257907 0.1466223 0.2427124 0.1323982 0.1314334 0.1644279 0.1619723 0.1221453 0.2191793 0.1787536 0.1648613 0.1480119 0.1621256 0.1251180 
S0320         0.5710007 0.5261057 0.6395480 0.1324228 0.1754139 0.1764892 0.3447302 0.1275340 0.1079981 0.0366784 0.1649954 0.1446965 0.0402249 0.1310200 0.1309789 0.0399379 0.1690185 0.1707670 0.0000000 0.1719139 0.1457133 0.1431205 0.1283126 0.0467515 0.1165628 0.0438737 0.1096732 0.0737656 0.1655511 0.0743331 0.1110375 0.1175734 0.1952056 0.0464594 0.1445171 0.1247630 0.0469870 0.0897914 0.0777538 0.1247630 0.1341907 0.1777957 0.2300977 0.1397987 0.1680471 0.1319947 0.1356672 0.1109840 0.1210597 0.1069060 0.1034155 0.1187860 0.1245715 0.0730173 0.1373979 0.0777048 0.0880567 0.1045055 0.1900638 0.1225402 0.1090849 0.1280942 0.1276664 0.1561101 0.1448589 0.2243838 0.1342510 0.1419380 0.1377396 0.1400207 0.1317548 0.2416381 0.1061950 0.2424482 0.1035416 0.1530882 0.1647253 0.1250300 0.1228809 0.1147409 0.1168276 0.1219446 0.0616103 0.0704533 0.0738529 0.1644601 0.0569300 0.0395851 0.1737413 0.1726772 0.1700137 0.1247630 0.1470689 0.1653359 0.1359684 0.0824423 0.0946398 0.1460107 0.1171247 0.0985088 0.0905768 0.1258452 0.1362602 0.0298717 0.1196252 0.1151530 0.0530723 0.1454061 0.0695979 0.1225207 0.1387652 0.1272784 
S0322         0.5790951 0.4860864 0.4869130 0.1011168 0.1457008 0.2057786 0.2330992 0.1512422 0.1141250 0.1796581 0.1124102 0.1425438 0.1691901 0.0913185 0.1310931 0.1660934 0.0378678 0.0829310 0.1719139 0.0000000 0.1215690 0.1392227 0.1277670 0.1889349 0.1151657 0.1480757 0.1319591 0.2783415 0.0517875 0.1698549 0.0905004 0.1535765 0.0806186 0.1348974 0.1411269 0.1129229 0.1844483 0.1618029 0.1342933 0.1233430 0.1150097 0.0071819 0.2078901 0.1233588 0.0431290 0.1560320 0.1369743 0.0952306 0.1187286 0.1001022 0.1009245 0.0845069 0.1028861 0.1619307 0.0531909 0.1468452 0.1490861 0.0753914 0.0600545 0.0948947 0.0894609 0.1002273 0.0854235 0.1478836 0.1559775 0.1913390 0.1185408 0.0670959 0.1100107 0.0990432 0.0860380 0.2157270 0.0951813 0.2223349 0.0750641 0.1224712 0.0758194 0.1232596 0.1209563 0.1420190 0.1444599 0.0807585 0.1375008 0.1351305 0.1421729 0.0511186 0.1507631 0.1566080 0.0857233 0.0514986 0.0575890 0.1233430 0.0619681 0.1104125 0.0961757 0.0869663 0.0753349 0.1298341 0.1010896 0.1037204 0.1739342 0.0967579 0.1010618 0.1764640 0.1479262 0.1002118 0.2115752 0.1504709 0.1514667 0.1266188 0.1429977 0.1068810 
S0335         0.6615275 0.4811293 0.6444829 0.0682206 0.0384661 0.1918977 0.3237553 0.1457599 0.1614541 0.1484308 0.1774412 0.1382406 0.1318289 0.0766680 0.1248520 0.1340342 0.1185473 0.1747308 0.1457133 0.1215690 0.0000000 0.1317411 0.1138124 0.1372747 0.1193588 0.1213343 0.1302686 0.2036392 0.1060810 0.1402986 0.0771039 0.1324141 0.1774445 0.1283593 0.1380711 0.1188522 0.1342513 0.1389903 0.1441587 0.1188522 0.1718261 0.1553463 0.2473108 0.1181577 0.1373977 0.0990395 0.1229785 0.1304317 0.1152126 0.1347275 0.1356668 0.0877186 0.1564361 0.1477225 0.1194014 0.1291235 0.1447976 0.0977558 0.1475664 0.0878287 0.0884402 0.0972875 0.0805635 0.1537155 0.1816800 0.2680723 0.1177883 0.1159935 0.1177523 0.1144330 0.1052639 0.2589906 0.1390571 0.2598565 0.0904594 0.0732386 0.1430448 0.1320395 0.0729059 0.1062744 0.1264974 0.0763565 0.1223501 0.1194529 0.1245197 0.1521158 0.1235764 0.1205275 0.1527694 0.1505039 0.1194968 0.1106510 0.1300281 0.0786317 0.0806902 0.0772820 0.0921750 0.1351260 0.0722599 0.1019077 0.1649465 0.0724911 0.0816321 0.1242497 0.1337592 0.1344972 0.1590208 0.1823431 0.1276696 0.1116886 0.1899973 0.1136575 
S0400         0.6159078 0.3944379 0.5529528 0.0926298 0.1729047 0.0916136 0.2664272 0.0602626 0.1096063 0.1454242 0.1415822 0.0369853 0.1253032 0.0977940 0.0272563 0.1266788 0.1230029 0.1706138 0.1431205 0.1392227 0.1317411 0.0000000 0.0303042 0.1436765 0.0654486 0.1189765 0.0747332 0.1360244 0.1433134 0.1295940 0.0901184 0.0922002 0.1629931 0.1128839 0.0570746 0.0238210 0.1359398 0.1235497 0.1254546 0.0238210 0.1232580 0.1732185 0.1578348 0.0729498 0.1436080 0.1113741 0.0304985 0.0934635 0.0208254 0.0973351 0.0979710 0.1021463 0.1100870 0.1334829 0.1049512 0.1112701 0.1275929 0.0736552 0.1376295 0.1094908 0.0969672 0.1106841 0.0975887 0.0898790 0.1640656 0.1870220 0.1169288 0.1152778 0.1276663 0.1152670 0.1103455 0.1574332 0.1012377 0.1578971 0.1031692 0.1030239 0.1367835 0.0686962 0.1024957 0.0337250 0.0655850 0.0800944 0.1178843 0.1068699 0.1117778 0.1784834 0.1100597 0.1324787 0.1424104 0.1766068 0.1659431 0.0238210 0.1285842 0.1129710 0.1021699 0.0254719 0.0249880 0.0507837 0.0970712 0.0545165 0.1588634 0.0932281 0.0990821 0.1136783 0.0616975 0.1053063 0.1879027 0.1646642 0.1103546 0.0177069 0.1605044 0.0507100 
S0405         0.6164185 0.4250213 0.5923032 0.0788867 0.1656088 0.0660355 0.2627343 0.0491302 0.0879921 0.1306488 0.1280739 0.0236092 0.1118879 0.0868058 0.0085589 0.1212363 0.1114135 0.1547830 0.1283126 0.1277670 0.1138124 0.0303042 0.0000000 0.1291122 0.0460590 0.1061053 0.0649224 0.1148700 0.1317172 0.1306137 0.0831848 0.0775642 0.1472409 0.1080660 0.0490117 0.0114122 0.1217626 0.1206889 0.1204101 0.0114122 0.1166237 0.1617534 0.1489722 0.0528712 0.1468983 0.1117399 0.0175216 0.0785908 0.0085508 0.0822112 0.0827214 0.0946690 0.1038868 0.1303813 0.0978890 0.1147576 0.1245653 0.0640696 0.1281089 0.1017170 0.0897908 0.1144641 0.0979043 0.0759478 0.1513918 0.1785932 0.1127524 0.1111035 0.1134894 0.1150749 0.1024864 0.1536332 0.0858605 0.1540769 0.0917888 0.0993202 0.1317963 0.0557650 0.0923980 0.0236583 0.0565026 0.0749200 0.1151730 0.1026204 0.1073136 0.1596574 0.1128427 0.1184137 0.1326130 0.1650283 0.1527777 0.0114122 0.1110743 0.1088371 0.0909112 0.0120955 0.0088874 0.0465024 0.0861809 0.0490369 0.1439075 0.0825300 0.0911242 0.1008587 0.0558518 0.0896505 0.1709462 0.1519409 0.1059882 0.0116052 0.1479182 0.0425110 
S0407sl       0.5393479 0.5586939 0.5849202 0.1331664 0.1569745 0.1850490 0.3433897 0.1296194 0.1106246 0.0398950 0.1487086 0.1452162 0.0292567 0.1193157 0.1317426 0.0364840 0.1758846 0.1771946 0.0467515 0.1889349 0.1372747 0.1436765 0.1291122 0.0000000 0.1209315 0.0427196 0.1031917 0.0504458 0.1623410 0.0648443 0.1039756 0.1278956 0.2021175 0.0458573 0.1450396 0.1256271 0.0395421 0.0751878 0.0666092 0.1256271 0.1261038 0.1786975 0.2049084 0.1438712 0.1650556 0.1410246 0.1320502 0.1153749 0.1219924 0.1193824 0.1159426 0.1197701 0.1169042 0.0751089 0.1416282 0.0883526 0.0738224 0.1090424 0.1994700 0.1151429 0.1102323 0.1289159 0.1200579 0.1602967 0.1401073 0.2208073 0.1383753 0.1581458 0.1423860 0.1342155 0.1249279 0.2155035 0.1186215 0.2161792 0.1138649 0.1395198 0.1814730 0.1258932 0.1114777 0.1157709 0.1144722 0.0992320 0.0530569 0.0812363 0.0845457 0.1941546 0.0487402 0.0466099 0.1751521 0.1830610 0.1732791 0.1256271 0.1523519 0.1466226 0.1240167 0.0840389 0.1000614 0.1465096 0.1060710 0.0998241 0.0726708 0.1143998 0.1242887 0.0328114 0.1172343 0.1276557 0.0178282 0.1406273 0.0660789 0.1234363 0.1342481 0.1234276 
S0412sl       0.6297998 0.4546783 0.5417448 0.0880620 0.1829960 0.0820935 0.2575724 0.0534734 0.1006048 0.1141316 0.1273755 0.0573107 0.0959383 0.0836556 0.0469353 0.1051038 0.0960744 0.1535859 0.1165628 0.1151657 0.1193588 0.0654486 0.0460590 0.1209315 0.0000000 0.0907925 0.0592425 0.1338275 0.1191999 0.1141085 0.0886585 0.0603069 0.1506044 0.0924739 0.0641830 0.0430515 0.1053040 0.1003204 0.0963022 0.0430515 0.1031530 0.1613115 0.1563780 0.0366296 0.1461777 0.1242755 0.0468774 0.0769362 0.0399464 0.0806252 0.0772954 0.0969470 0.1026904 0.1138905 0.0962512 0.0911914 0.1033638 0.0691269 0.1394314 0.0999690 0.0957376 0.1128894 0.0961035 0.0810675 0.1315490 0.1797771 0.1102652 0.1174927 0.0942071 0.1268404 0.1007387 0.1661699 0.0769037 0.1666666 0.0979084 0.1014717 0.1436656 0.0466477 0.0775448 0.0462844 0.0612663 0.0726411 0.0915311 0.0797229 0.0840588 0.1433122 0.0929800 0.1102961 0.1398600 0.1551558 0.1398626 0.0430515 0.1098301 0.1068739 0.0877453 0.0121729 0.0151454 0.0542044 0.0830495 0.0299841 0.1241982 0.0794007 0.0879541 0.1009085 0.0535583 0.0882065 0.1539804 0.1278167 0.0830216 0.0404673 0.1285955 0.0536016 
S0417         0.5884672 0.4124715 0.5363358 0.1093793 0.1654710 0.1585871 0.2575066 0.1160819 0.0937418 0.0335593 0.1219257 0.1207549 0.0424535 0.1003945 0.1082200 0.0333506 0.1410024 0.1601081 0.0438737 0.1480757 0.1213343 0.1189765 0.1061053 0.0427196 0.0907925 0.0000000 0.0863165 0.0439333 0.1534306 0.0506837 0.0822969 0.0977112 0.1640667 0.0330601 0.1125034 0.1027823 0.0398621 0.0599943 0.0639776 0.1027823 0.0953461 0.1571374 0.2038970 0.1115633 0.1393371 0.1426881 0.1124865 0.0785357 0.0993104 0.0821560 0.0788946 0.0892563 0.0960386 0.0606005 0.1125060 0.0709675 0.0547453 0.0798998 0.1754930 0.1013531 0.0807600 0.1056748 0.0974326 0.1314405 0.1208078 0.2053318 0.1157573 0.1427275 0.1078517 0.1140419 0.1054615 0.2146513 0.0816140 0.2153359 0.0841587 0.1196338 0.1651590 0.0952068 0.1022162 0.1028492 0.1013455 0.0890335 0.0265555 0.0640567 0.0673131 0.1528572 0.0522872 0.0400632 0.1487507 0.1663731 0.1640920 0.1027823 0.1327517 0.1301933 0.1047542 0.0642470 0.0749949 0.1218240 0.0917315 0.0716411 0.0728410 0.0958430 0.1049937 0.0395556 0.1046786 0.0895958 0.0527486 0.1212586 0.0564703 0.1004497 0.1154174 0.0969141 
S0427         0.5765420 0.4281684 0.5435172 0.1012341 0.1496516 0.1196498 0.2747790 0.0729837 0.0934629 0.1171633 0.1187603 0.0768827 0.0872090 0.1057540 0.0661426 0.1000004 0.0977505 0.1210743 0.1096732 0.1319591 0.1302686 0.0747332 0.0649224 0.1031917 0.0592425 0.0863165 0.0000000 0.1070436 0.1249795 0.1087792 0.0749461 0.0558524 0.1327547 0.0992550 0.0697853 0.0619076 0.1083439 0.1070035 0.0990900 0.0619076 0.1079412 0.1466719 0.1511259 0.0769941 0.1324626 0.1473356 0.0626706 0.0852995 0.0587737 0.0889561 0.0856912 0.0900494 0.1035534 0.1288187 0.0890914 0.1098809 0.1022677 0.0746211 0.1272332 0.0933405 0.0889525 0.1053142 0.0892818 0.0822498 0.1414964 0.1755680 0.1159102 0.1057347 0.0823344 0.1139659 0.1015252 0.1605597 0.0926421 0.1610230 0.1019792 0.1067884 0.1260225 0.0421126 0.1075287 0.0730421 0.0667714 0.0857685 0.1024667 0.0979611 0.1025511 0.1481139 0.0989673 0.1090244 0.1264682 0.1540960 0.1451749 0.0619076 0.0982198 0.1245628 0.1100975 0.0343834 0.0305997 0.0775490 0.1049979 0.0521898 0.1244048 0.1012152 0.1103403 0.0919531 0.0659984 0.0890304 0.1268973 0.1330431 0.0858166 0.0595446 0.1291557 0.0624047 
S0428sl       0.7805652 1.1158026 0.7557838 0.1492639 0.1881871 0.1408355 0.3835647 0.1358086 0.0951166 0.0435188 0.1411022 0.1448064 0.0570984 0.1804354 0.1256578 0.0577451 0.3783755 0.2001835 0.0737656 0.2783415 0.2036392 0.1360244 0.1148700 0.0504458 0.1338275 0.0439333 0.1070436 0.0000000 0.2874058 0.0909765 0.1196130 0.1364415 0.2629841 0.0571471 0.1073280 0.1230930 0.0724442 0.0722110 0.1056196 0.1230930 0.0981200 0.2350841 0.2275428 0.1980631 0.1976638 0.1328982 0.1450734 0.0875740 0.1157838 0.0875740 0.0804234 0.1388877 0.1079475 0.0649493 0.1592830 0.1039460 0.0593640 0.1072208 0.2273379 0.1455108 0.1175952 0.1456244 0.1364393 0.1594755 0.1713356 0.2382572 0.1585527 0.1734636 0.7438822 0.1376217 0.1478394 0.2371646 0.0864150 0.2408908 0.1079534 0.1436279 0.2119695 0.1344775 0.1618951 0.1255072 0.1074165 0.1302918 0.0504458 0.0961028 0.0959502 0.2326655 0.0470416 0.0583160 0.2567303 0.2160335 0.2742954 0.1148700 0.1439350 0.2091640 0.1719785 0.0970751 0.1118152 0.1664925 0.1482648 0.1097167 0.0989110 0.1467553 0.1728511 0.0501639 0.1068600 0.1030412 0.0648937 0.1535780 0.0875787 0.1071976 0.1412049 0.1279830 
S0430         0.5692955 0.4961337 0.4929739 0.0852578 0.1287838 0.1966858 0.2971851 0.1552435 0.1165415 0.1779167 0.1247624 0.1465828 0.1563030 0.0905202 0.1351208 0.1592312 0.0466674 0.0980982 0.1655511 0.0517875 0.1060810 0.1433134 0.1317172 0.1623410 0.1191999 0.1534306 0.1249795 0.2874058 0.0000000 0.1600379 0.0943938 0.1576211 0.1003771 0.1402250 0.1231536 0.1168822 0.1832241 0.1244261 0.1516827 0.1273054 0.1540147 0.0432089 0.1780663 0.1273303 0.0303597 0.1701581 0.1355154 0.1156889 0.1227066 0.1105752 0.1114983 0.0899352 0.1349959 0.1357526 0.0738142 0.1500226 0.1174356 0.0792322 0.0942801 0.0987727 0.0787897 0.0900713 0.0942290 0.1196393 0.1471347 0.1894630 0.1024304 0.0963329 0.0984222 0.1048822 0.0844594 0.1852901 0.1055177 0.1914903 0.0741610 0.1174589 0.1054825 0.1272300 0.1089986 0.1294815 0.1485441 0.0800634 0.1490964 0.1442879 0.1454029 0.0381769 0.1022421 0.1653761 0.0850734 0.0147771 0.0150702 0.1168822 0.0763743 0.0981665 0.0953337 0.0805870 0.0844323 0.1396794 0.1002025 0.1124762 0.1873155 0.0959049 0.1001753 0.1822269 0.1519656 0.1106975 0.1900944 0.1417836 0.1427757 0.1301380 0.1435651 0.1099496 
S0478         0.6336793 0.5050835 0.6199178 0.1354794 0.1744821 0.1893488 0.3434126 0.1396589 0.1403401 0.0623074 0.1695111 0.1469070 0.0645696 0.1217035 0.1332943 0.0513877 0.1570432 0.1810167 0.0743331 0.1698549 0.1402986 0.1295940 0.1306137 0.0648443 0.1141085 0.0506837 0.1087792 0.0909765 0.1600379 0.0000000 0.1112422 0.1297041 0.1907270 0.0613375 0.1379614 0.1270973 0.0691991 0.0651979 0.0621171 0.1270973 0.1384033 0.1684112 0.2092556 0.1368287 0.1565304 0.1674082 0.1336058 0.1183120 0.1234304 0.1224205 0.1189076 0.1115327 0.1286747 0.0651303 0.1362604 0.0757429 0.0599431 0.1103380 0.2027852 0.1178614 0.1008649 0.1279962 0.1187583 0.1528203 0.1600345 0.2159518 0.1495651 0.1627601 0.1431623 0.1328543 0.1273057 0.2200877 0.1216292 0.2207921 0.1044051 0.1337921 0.1868228 0.1190050 0.1183190 0.1171249 0.1158396 0.1097526 0.0440085 0.0686726 0.0719920 0.1782352 0.0567682 0.0695908 0.1691353 0.1855952 0.1776474 0.1270973 0.1552637 0.1445836 0.1263815 0.0855816 0.0977675 0.1379447 0.1124037 0.0931947 0.1041589 0.1168104 0.1266531 0.0688253 0.1226177 0.1309054 0.0823538 0.1606235 0.0538286 0.1249031 0.1614563 0.1116286 
S0552sl       0.5184967 0.3835334 0.5459175 0.0675068 0.0973557 0.1502918 0.2404092 0.1035568 0.1076111 0.0973743 0.1081751 0.0966660 0.0873710 0.0609344 0.0848339 0.0965062 0.0991909 0.1215026 0.1110375 0.0905004 0.0771039 0.0901184 0.0831848 0.1039756 0.0886585 0.0822969 0.0749461 0.1196130 0.0943938 0.1112422 0.0000000 0.0889326 0.1153822 0.0761764 0.0847182 0.0799559 0.1133572 0.1060644 0.1228659 0.0799559 0.0977082 0.1207141 0.1656030 0.0929751 0.0993471 0.0906469 0.0888413 0.0759810 0.0765865 0.0796219 0.0801205 0.0268101 0.0854829 0.1110254 0.0652803 0.1169133 0.1009752 0.0439334 0.1288073 0.0174044 0.0234586 0.0362528 0.0114734 0.0929512 0.1230187 0.1812684 0.0944237 0.0945057 0.0758936 0.0444913 0.0394587 0.1755354 0.0832923 0.1760651 0.0332514 0.0725664 0.1091795 0.0802323 0.0691566 0.0923997 0.0783226 0.0464210 0.0909506 0.1041897 0.1091165 0.1143381 0.0816064 0.0973148 0.1122726 0.1275717 0.1070114 0.0799559 0.0749478 0.0809120 0.0646845 0.0574397 0.0600490 0.1010679 0.0604949 0.0693828 0.1329082 0.0570622 0.0688531 0.0920619 0.0924606 0.0871018 0.1318262 0.1189983 0.1077100 0.0815233 0.1151272 0.0578723 
S0558         0.5846984 0.4852443 0.5788999 0.1122683 0.1610809 0.1149400 0.3059573 0.0862970 0.1020340 0.1214308 0.1444019 0.0904779 0.0950129 0.1116834 0.0790669 0.1203987 0.1071044 0.1647473 0.1175734 0.1535765 0.1324141 0.0922002 0.0775642 0.1278956 0.0603069 0.0977112 0.0558524 0.1364415 0.1576211 0.1297041 0.0889326 0.0000000 0.1625224 0.0995068 0.0787669 0.0744237 0.1254975 0.1201672 0.1159766 0.0744237 0.1236340 0.1776786 0.1875595 0.0710511 0.1621237 0.1245312 0.0789681 0.1041408 0.0711494 0.1080656 0.1046468 0.1050273 0.1189171 0.1304240 0.1048746 0.1069070 0.1150035 0.0807735 0.1676041 0.1080635 0.1037201 0.1131293 0.1041194 0.0961645 0.1397006 0.2078957 0.1232927 0.1200322 0.1404360 0.1358303 0.1338771 0.1979514 0.1120217 0.1985683 0.1004593 0.1134224 0.1412510 0.0564872 0.1135886 0.0779442 0.0830005 0.1033809 0.1143905 0.0950015 0.0951053 0.1687948 0.1031716 0.1160128 0.1425161 0.1757185 0.1740912 0.0744237 0.1138467 0.1419421 0.1081635 0.0418303 0.0380562 0.0912755 0.1108753 0.0527830 0.1129404 0.1069993 0.1164180 0.0996671 0.0820100 0.1081596 0.1259709 0.1402166 0.0941910 0.0721229 0.1449078 0.0748407 
S0616         0.6159887 0.4768510 0.6074120 0.1443111 0.2613100 0.2278735 0.3418966 0.1772995 0.1845942 0.1847704 0.1851008 0.1643247 0.1811497 0.1395647 0.1502569 0.1831833 0.1063719 0.1091636 0.1952056 0.0806186 0.1774445 0.1629931 0.1472409 0.2021175 0.1506044 0.1640667 0.1327547 0.2629841 0.1003771 0.1907270 0.1153822 0.1625224 0.0000000 0.1672179 0.1452986 0.1389881 0.1863537 0.1854148 0.1748928 0.1350783 0.1601370 0.1201959 0.2197278 0.1653437 0.1106801 0.1893300 0.1461918 0.1284361 0.1399380 0.1325694 0.1334608 0.1097812 0.1498456 0.1823898 0.0691715 0.1851762 0.1508235 0.1165890 0.1058091 0.1146879 0.1106938 0.1354064 0.1185788 0.1451301 0.2074856 0.2582866 0.1420170 0.0989424 0.0686026 0.1223992 0.1253513 0.2450064 0.1367361 0.2275352 0.1145433 0.1717528 0.1005807 0.1449023 0.1600448 0.1502179 0.1702476 0.1242769 0.1508343 0.1749546 0.1811011 0.1199181 0.1529320 0.1631077 0.0459891 0.1197394 0.1084030 0.1350783 0.0723902 0.1515249 0.1533264 0.1104347 0.1041067 0.1654452 0.1363041 0.1387347 0.2500020 0.1429562 0.1536287 0.1779167 0.1680462 0.1326863 0.2754066 0.1928758 0.1787192 0.1466980 0.1757310 0.1381009 
S0624         0.5874449 0.5012022 0.5717385 0.1154247 0.1639945 0.1617129 0.2891679 0.1165387 0.1046145 0.0298905 0.1286599 0.1230251 0.0328332 0.1022781 0.1102512 0.0234983 0.1330888 0.1581549 0.0464594 0.1348974 0.1283593 0.1128839 0.1080660 0.0458573 0.0924739 0.0330601 0.0992550 0.0571471 0.1402250 0.0613375 0.0761764 0.0995068 0.1672179 0.0000000 0.1064941 0.1046878 0.0424384 0.0682817 0.0676860 0.1046878 0.1055558 0.1560195 0.1768622 0.1093149 0.1379881 0.1037023 0.1146008 0.0954427 0.1011582 0.0992713 0.0958981 0.0831975 0.0969215 0.0640883 0.1104291 0.0676394 0.0666898 0.0739351 0.1746171 0.0906554 0.0747445 0.0957201 0.0835754 0.1172834 0.1363612 0.1689313 0.1219167 0.1367173 0.1208063 0.0994152 0.1074624 0.1766053 0.0986217 0.1876270 0.0781633 0.1086504 0.1591947 0.0969786 0.0989269 0.0955244 0.0938964 0.0907079 0.0430268 0.0677731 0.0710522 0.1465890 0.0490280 0.0298491 0.1475226 0.1653730 0.1504880 0.1046878 0.1264377 0.1240100 0.1067262 0.0609473 0.0760027 0.1157897 0.0934399 0.0657183 0.0677268 0.0976335 0.0989571 0.0355007 0.0927359 0.1071562 0.0577541 0.1368700 0.0600608 0.1023368 0.1305678 0.0987391 
S0641         0.6144867 0.4432983 0.5852803 0.1028970 0.1418911 0.0925580 0.2747630 0.0744407 0.1107389 0.1293740 0.1218474 0.0560570 0.1185574 0.1084756 0.0459202 0.1282551 0.1326765 0.1658373 0.1445171 0.1411269 0.1380711 0.0570746 0.0490117 0.1450396 0.0641830 0.1125034 0.0697853 0.1073280 0.1231536 0.1379614 0.0847182 0.0787669 0.1452986 0.1064941 0.0000000 0.0421351 0.1461384 0.1315487 0.1260964 0.0421351 0.1107721 0.1582683 0.1502184 0.0751123 0.1345728 0.1365222 0.0493189 0.0950312 0.0390958 0.0988425 0.0954826 0.0964252 0.1062565 0.1412013 0.0915455 0.1385561 0.1266781 0.0692476 0.1564190 0.1039977 0.0914363 0.1082930 0.0997145 0.0732681 0.1548661 0.1806577 0.1233773 0.1247315 0.1166583 0.1162534 0.1204644 0.1504317 0.1026844 0.1553796 0.0967660 0.1085751 0.1462626 0.0634622 0.1230933 0.0536175 0.0682823 0.0955517 0.1219008 0.1255249 0.1306566 0.1521909 0.1148117 0.1208450 0.1385781 0.1435450 0.1438606 0.0357981 0.1008543 0.1322286 0.1210685 0.0318618 0.0309720 0.0718898 0.1156533 0.0534780 0.1314160 0.1117216 0.1213310 0.1154126 0.0674762 0.1066913 0.1763534 0.1549006 0.1204617 0.0428869 0.1415877 0.0535809 
