116
CRNC          0.0000000 0.2711046 0.3544870 0.3592828 0.5341227 0.3945013 0.4236843 0.4246518 0.4311747 0.3805972 0.4688341 0.3932427 0.4197162 0.4132705 0.4215651 0.4272526 0.3823250 0.4627891 0.3865042 0.4390335 0.4180092 0.5967875 0.4029261 0.4035483 0.4002138 0.4170155 0.4559784 0.4316634 0.4502626 0.4058421 0.3840370 0.4574513 0.4596948 0.4680221 0.4649763 0.4000399 0.4327552 0.4542474 0.4022691 0.4299290 0.4448287 0.4270978 0.4438637 0.3923189 0.4374899 0.4645908 0.4323322 0.4878117 0.4702742 0.4509787 0.4102031 0.4574529 0.4366595 0.3767631 0.4209786 0.4325668 0.4453265 0.4623476 0.4662874 0.4382897 0.4221791 0.4404029 0.4371056 0.4405782 0.4271813 0.4834861 0.4745776 0.4167282 0.4615950 0.4798275 0.4607398 0.4554670 0.4222151 0.4575698 0.4260513 0.4115526 0.4947236 0.4696033 0.4089052 0.4690399 0.4337907 0.4430666 0.4719833 0.3832326 0.4185506 0.4338867 0.3994485 0.4221791 0.4317782 0.5127119 0.4400190 0.4148688 0.4418436 0.4913746 0.4709061 0.3956845 0.4350651 0.4260567 0.4039230 0.3875908 0.4013925 0.4714596 0.4452402 0.4203267 0.4810448 0.4282025 0.4010721 0.4371714 0.4170113 0.4127134 0.4401368 0.4010795 0.4162418 0.3887006 0.4358929 0.4171344 
HYZL          0.2711046 0.0000000 0.1451182 0.3438122 0.4720882 0.3431833 0.3268301 0.3446181 0.3235756 0.3665036 0.3363473 0.3522209 0.3555891 0.3440824 0.3852878 0.3427589 0.3389436 0.3937120 0.3438076 0.3827088 0.3726336 0.4371870 0.3156907 0.3512984 0.3479381 0.3483941 0.3614862 0.3430501 0.3449430 0.3142573 0.3385291 0.3398835 0.3607436 0.3666753 0.3673069 0.3477826 0.3768952 0.3717195 0.3502340 0.3563368 0.3477773 0.3261927 0.3539567 0.3603859 0.3091555 0.3716136 0.3624785 0.3599373 0.3773133 0.3547444 0.3507733 0.3565976 0.3284980 0.3269352 0.3153827 0.3318231 0.3585347 0.3437571 0.3527639 0.3807797 0.3289211 0.3445896 0.3930296 0.3637813 0.3607352 0.3725314 0.3719106 0.3345722 0.3753603 0.3846140 0.4014166 0.3587387 0.3686821 0.3937697 0.3398387 0.3078179 0.3992171 0.3971600 0.3737175 0.4089352 0.3818504 0.3523854 0.3793207 0.3396015 0.3613125 0.3392395 0.3427713 0.3289211 0.3368286 0.4192732 0.3635003 0.3403930 0.3626566 0.3931123 0.3842083 0.3507733 0.3780667 0.3785339 0.3512219 0.3302999 0.3561082 0.3606092 0.4008987 0.3615658 0.3701822 0.3597572 0.3551530 0.3881551 0.3697528 0.3147922 0.3999597 0.3322538 0.3237155 0.3349687 0.3246046 0.3772805 
MYZV          0.3544870 0.1451182 0.0000000 0.4135408 0.5507565 0.4294334 0.4330597 0.4454916 0.4388969 0.4273873 0.4544151 0.4396312 0.4118617 0.4305341 0.4869509 0.4143312 0.4245437 0.5103792 0.4283649 0.4830955 0.4937304 0.5525426 0.4184503 0.4236590 0.4357385 0.4332850 0.4340989 0.4502848 0.4500555 0.4324771 0.4202152 0.4440931 0.4395480 0.4699910 0.4365915 0.4338773 0.4919999 0.4353210 0.4449333 0.4424310 0.4478220 0.4224465 0.4514573 0.4341914 0.4362515 0.4666782 0.4438093 0.4321771 0.4807067 0.4395774 0.4377358 0.4505751 0.4443385 0.4104842 0.4287011 0.4402200 0.4670959 0.4790583 0.4732792 0.5033890 0.4260283 0.4434432 0.4801742 0.4662011 0.4709756 0.4909773 0.4758646 0.4321056 0.4650380 0.4698008 0.5191715 0.4621295 0.4807143 0.5019932 0.4188069 0.4192715 0.4867677 0.5450191 0.4588353 0.5279811 0.4655414 0.4471496 0.4644684 0.4248172 0.4489527 0.4377295 0.4417251 0.4260283 0.4355076 0.5306130 0.4420479 0.4239445 0.4655774 0.4863454 0.4886609 0.4382695 0.4996696 0.5036352 0.4258020 0.4240877 0.4572111 0.4443662 0.4777595 0.4538493 0.4755084 0.4538891 0.4335853 0.4715245 0.4453446 0.4277629 0.4878150 0.4302115 0.4191206 0.4136368 0.4555805 0.4603262 
SRR6441723    0.3592828 0.3438122 0.4135408 0.0000000 0.0000010 0.0772436 0.2300358 0.0953925 0.0918056 0.0365779 0.1023115 0.0488077 0.0493280 0.0609906 0.0627942 0.1668832 0.0639120 0.0898883 0.0496952 0.0787932 0.0228865 0.0160161 0.0770427 0.0488077 0.0627942 0.0233106 0.0759079 0.0762776 0.1270549 0.0894972 0.0356001 0.1229725 0.0614076 0.0757681 0.1078791 0.1068309 0.1130663 0.0754412 0.0631262 0.0758122 0.0356001 0.0742132 0.0610324 0.0624580 0.0764199 0.1202488 0.0915470 0.0617064 0.1229725 0.0521486 0.0621188 0.1034584 0.0918056 0.0621188 0.0918056 0.1061543 0.0895659 0.0896993 0.0614148 0.1205411 0.0610324 0.0356001 0.0758642 0.0766840 0.0741155 0.1213581 0.0905436 0.1013611 0.0789148 0.0742132 0.1086479 0.0636361 0.0480261 0.0759701 0.0942728 0.0918056 0.1065498 0.0762028 0.0485717 0.1072743 0.0773043 0.0368571 0.1078336 0.0631262 0.1040054 0.0777083 0.0491190 0.0610324 0.0610324 0.1974405 0.0490484 0.0482532 0.0630518 0.1262084 0.1415647 0.0488077 0.1364330 0.0230261 0.0495166 0.0488077 0.0931476 0.0953925 0.0481912 0.0627942 0.0618246 0.0736792 0.0859917 0.0770905 0.0624321 0.0918056 0.0233106 0.0737659 0.0742132 0.0367753 0.0737659 0.0634196 
ERR4210213    0.5341227 0.4720882 0.5507565 0.0000010 0.0000000 0.0637614 0.2075069 0.1110395 0.0946998 0.0759929 0.0926752 0.0501410 0.0900457 0.0960217 0.0650064 0.0928340 0.0901712 0.0938110 0.0901608 0.1071766 0.0239285 0.0641519 0.0762246 0.0501410 0.0509687 0.0758544 0.1258263 0.1095495 0.0946483 0.1397349 0.0000010 0.1105469 0.1217789 0.0640607 0.1101468 0.0641597 0.1212532 0.0510741 0.0637614 0.0901608 0.1071766 0.1389301 0.0814108 0.0501410 0.0779644 0.1105469 0.1126678 0.1082628 0.1118653 0.0680050 0.0637614 0.0509899 0.1102181 0.0652521 0.0779644 0.0779644 0.1272561 0.0779644 0.1248660 0.1505895 0.1586239 0.1228472 0.0812594 0.0503832 0.0501410 0.0663168 0.0778160 0.0926860 0.0986826 0.1075727 0.1148207 0.0958186 0.0792061 0.0958186 0.1141707 0.0779644 0.1469220 0.1116717 0.0640607 0.1148207 0.0663897 0.0945984 0.1148056 0.0501410 0.0637614 0.0920937 0.0761941 0.1586239 0.1586239 0.0965678 0.1071766 0.0911808 0.0963986 0.1282999 0.0949000 0.0638520 0.1148207 0.0521051 0.0998234 0.0638598 0.0637614 0.1405834 0.1278667 0.0373228 0.1253397 0.0947932 0.1096800 0.1048695 0.0649511 0.0779644 0.0758544 0.1077986 0.1389301 0.0518249 0.1096991 0.0779644 
ERR2789774    0.3945013 0.3431833 0.4294334 0.0772436 0.0637614 0.0000000 0.1753106 0.0744279 0.0594484 0.0702009 0.0891846 0.0214150 0.0933551 0.0682798 0.0346848 0.1047622 0.0595900 0.0998465 0.0835343 0.0739830 0.1095127 0.0769026 0.0455253 0.0245005 0.0183601 0.0885303 0.0657151 0.0658709 0.0673155 0.0528126 0.0710019 0.0989377 0.1079871 0.0591103 0.0661563 0.0865498 0.0932893 0.0484762 0.0278808 0.0889500 0.0692336 0.0689134 0.0599387 0.0310574 0.0623024 0.1121667 0.1102777 0.0898268 0.1162692 0.0780146 0.0276476 0.0623694 0.0628509 0.0215774 0.0555659 0.0660994 0.0937978 0.0772109 0.0880771 0.1155650 0.0656748 0.0723066 0.0691823 0.0665293 0.0592002 0.0749994 0.0660369 0.0694809 0.0983339 0.0697716 0.1224181 0.0904133 0.0670277 0.0867003 0.0998267 0.0589366 0.1189480 0.0899867 0.0726259 0.1268832 0.0559366 0.0794306 0.1069394 0.0279222 0.0653535 0.0735677 0.0811008 0.0656748 0.0731321 0.1393860 0.0916091 0.0920610 0.0743846 0.1225555 0.1204667 0.0213450 0.1030280 0.0903013 0.0806929 0.0280022 0.0450920 0.0813134 0.0942711 0.0385976 0.0858984 0.0811489 0.0850537 0.0775341 0.0385884 0.0669247 0.0695118 0.0552141 0.0764865 0.0218233 0.0773508 0.0377944 
PAFTOL_019361 0.4236843 0.3268301 0.4330597 0.2300358 0.2075069 0.1753106 0.0000000 0.1944086 0.1716038 0.2009841 0.1942502 0.1642519 0.2054986 0.1830239 0.1756758 0.2453630 0.1678869 0.2350770 0.1728565 0.1944225 0.2106154 0.1933714 0.1834671 0.1686638 0.1704164 0.2069306 0.1744966 0.1825072 0.1899326 0.1876236 0.1764847 0.2196101 0.2202117 0.1814122 0.1925374 0.2124652 0.1867312 0.2040148 0.1694969 0.2021350 0.1849586 0.1681424 0.1786358 0.1804340 0.1650327 0.2256015 0.1547461 0.1888488 0.2369537 0.1875082 0.1684873 0.1651417 0.1652340 0.1750561 0.1652340 0.1811154 0.2093996 0.1816652 0.1913192 0.2530438 0.1530900 0.1726870 0.1775934 0.1930845 0.1708906 0.2061253 0.1809155 0.1748765 0.1624130 0.1842586 0.2373062 0.2231923 0.2082785 0.2272781 0.1821976 0.1705231 0.1992912 0.2047182 0.1867888 0.2436467 0.2169710 0.1995297 0.1896639 0.1736367 0.2021330 0.1926659 0.1870923 0.1530900 0.1587537 0.2719621 0.2128993 0.1809580 0.1884880 0.2359147 0.2429704 0.1634870 0.2329755 0.2140311 0.1896923 0.1818211 0.1986608 0.2047523 0.2148251 0.1764394 0.1927976 0.2047822 0.1889031 0.2043303 0.1832997 0.1834710 0.1952318 0.1535647 0.1796233 0.1683775 0.1950285 0.1810461 
S0055         0.4246518 0.3446181 0.4454916 0.0953925 0.1110395 0.0744279 0.1944086 0.0000000 0.0678942 0.0782969 0.0744792 0.0597457 0.1095620 0.0770236 0.0715196 0.1216048 0.0875655 0.1193268 0.1122282 0.0952321 0.1052665 0.1190544 0.0592810 0.0667288 0.0599061 0.1137401 0.0744367 0.1099089 0.0751251 0.0872951 0.0878716 0.1001811 0.1219816 0.0749732 0.0823856 0.0906092 0.1233481 0.0741203 0.0672481 0.0934617 0.0779236 0.0775536 0.0637886 0.0744820 0.0707668 0.1174673 0.1173666 0.0916427 0.1088701 0.0866638 0.0666545 0.0783460 0.0713960 0.0559275 0.0638279 0.0593144 0.0753015 0.0900339 0.0935997 0.1287494 0.0778848 0.0810480 0.0933546 0.0669758 0.0629973 0.0960863 0.0822344 0.0740318 0.1091116 0.0978214 0.1357820 0.1038792 0.0717468 0.0919460 0.1050545 0.0672985 0.1306543 0.0867438 0.0882689 0.1403917 0.0702965 0.0839633 0.1181414 0.0557602 0.0770212 0.0816522 0.0891293 0.0778848 0.0857108 0.1316826 0.0922227 0.0880948 0.0910605 0.1281180 0.1130274 0.0559275 0.1196374 0.0947369 0.0773366 0.0454002 0.0795557 0.0416343 0.0864745 0.0637365 0.1059862 0.0982700 0.0856283 0.1131335 0.0637059 0.0635015 0.0916127 0.0749104 0.0696276 0.0459679 0.0709920 0.0666089 
S0196sl       0.4311747 0.3235756 0.4388969 0.0918056 0.0946998 0.0594484 0.1716038 0.0678942 0.0000000 0.0869441 0.0454121 0.0453681 0.0967337 0.0428519 0.0601277 0.1168570 0.0637627 0.0994956 0.0998481 0.0831995 0.0972847 0.0794405 0.0418285 0.0486263 0.0524861 0.0964636 0.0629325 0.1024618 0.0153744 0.0636749 0.0703387 0.0865214 0.1003530 0.0556157 0.0668798 0.0892660 0.1052687 0.0745861 0.0524867 0.0932627 0.0588036 0.0513755 0.0708747 0.0559118 0.0246136 0.1029532 0.1065746 0.0748639 0.1069564 0.0820476 0.0520617 0.0552670 0.0090551 0.0562819 0.0029738 0.0183844 0.0711683 0.0377410 0.0734792 0.1159621 0.0621499 0.0583420 0.0798908 0.0629656 0.0628491 0.0750794 0.0519801 0.0451114 0.0946930 0.0772280 0.1080410 0.0819110 0.0671797 0.0868965 0.1038955 0.0059761 0.1147924 0.0901888 0.0610447 0.1123113 0.0753735 0.0604703 0.1032353 0.0561127 0.0850547 0.0624349 0.0890875 0.0621499 0.0659069 0.1293581 0.0806776 0.0924304 0.0701851 0.1129345 0.1110428 0.0486450 0.1071532 0.0748099 0.0502675 0.0491892 0.0754525 0.0747847 0.0710301 0.0641430 0.0818937 0.0590849 0.0627569 0.0929880 0.0641117 0.0152848 0.0856238 0.0315368 0.0621220 0.0427522 0.0455020 0.0670281 
S0278         0.3805972 0.3665036 0.4273873 0.0365779 0.0759929 0.0702009 0.2009841 0.0782969 0.0869441 0.0000000 0.1061233 0.0624235 0.0263172 0.0922049 0.0827832 0.1407858 0.0375041 0.1210029 0.0327864 0.0406557 0.0979206 0.0790704 0.0849778 0.0622691 0.0549555 0.0332212 0.0810650 0.0372842 0.0999529 0.1026358 0.0412460 0.1017058 0.0621090 0.0700728 0.0739511 0.0829560 0.0516532 0.0775060 0.0700527 0.0367942 0.0546640 0.0616866 0.0621780 0.0702530 0.0936637 0.1158733 0.1235841 0.0953137 0.1021668 0.0984694 0.0696599 0.0735452 0.0907042 0.0584098 0.0824146 0.0772495 0.0857002 0.1064265 0.0662444 0.1265684 0.0507272 0.0506819 0.0726043 0.0619280 0.0690544 0.0957290 0.0775217 0.0892114 0.1020451 0.0847151 0.1159693 0.1136382 0.0664921 0.0831532 0.1101606 0.0861434 0.1240798 0.0859946 0.0803539 0.1205947 0.0861625 0.0953414 0.1155716 0.0582282 0.0922667 0.0857529 0.0194145 0.0507272 0.0545495 0.1308182 0.0615318 0.0259568 0.0869398 0.1220324 0.1112127 0.0584098 0.1216004 0.0820818 0.0881492 0.0547255 0.0874603 0.1030942 0.1125640 0.0666310 0.0636500 0.1104017 0.0968600 0.0404201 0.0624801 0.0819771 0.0128480 0.0862973 0.0467764 0.0516722 0.0980446 0.0658228 
S0281         0.4688341 0.3363473 0.4544151 0.1023115 0.0926752 0.0891846 0.1942502 0.0744792 0.0454121 0.1061233 0.0000000 0.0740375 0.1032319 0.0571932 0.0862769 0.1279272 0.0906139 0.1069887 0.1197471 0.1148940 0.0838153 0.0694018 0.0658570 0.0811883 0.0742444 0.1283812 0.0890127 0.1267135 0.0562844 0.0939957 0.1089788 0.0935826 0.1242382 0.0774050 0.0972593 0.0847787 0.1352800 0.0888205 0.0855935 0.0957812 0.0803580 0.0763241 0.0736581 0.0892539 0.0449654 0.1102124 0.1154736 0.1060561 0.1019338 0.0982967 0.0810970 0.0733012 0.0487340 0.0700489 0.0417354 0.0448240 0.0733112 0.0590992 0.0988431 0.1188544 0.0841140 0.0872449 0.0950637 0.0694578 0.0656343 0.0973346 0.0772385 0.0446882 0.1156934 0.1041231 0.1159970 0.1014217 0.0654592 0.0888504 0.0994665 0.0450240 0.1329292 0.0920895 0.0795512 0.1109674 0.0744685 0.0710052 0.1205074 0.0698422 0.0879363 0.0806415 0.0993583 0.0841140 0.0919704 0.1238647 0.0984290 0.0913328 0.0851944 0.1203844 0.1059449 0.0700489 0.1019613 0.0730820 0.0572539 0.0588664 0.0898444 0.0978562 0.0901339 0.0704817 0.1052112 0.0773863 0.0656998 0.1207103 0.0782050 0.0415249 0.1089214 0.0520500 0.0685331 0.0563374 0.0479482 0.0810427 
S0282         0.3932427 0.3522209 0.4396312 0.0488077 0.0501410 0.0214150 0.1642519 0.0597457 0.0453681 0.0624235 0.0740375 0.0000000 0.0854480 0.0571907 0.0183257 0.1045970 0.0524445 0.0836365 0.0759726 0.0664875 0.0935499 0.0629855 0.0420259 0.0150927 0.0151914 0.0807805 0.0585902 0.0656274 0.0527473 0.0562072 0.0656118 0.0831684 0.0998522 0.0451096 0.0660345 0.0785754 0.0891279 0.0348221 0.0183184 0.0850187 0.0549894 0.0616434 0.0561566 0.0214255 0.0482614 0.0995321 0.0979221 0.0745539 0.1035279 0.0662561 0.0119973 0.0483113 0.0486892 0.0184020 0.0416931 0.0518903 0.0783778 0.0661124 0.0731082 0.1068692 0.0618993 0.0580483 0.0651555 0.0522213 0.0447063 0.0675335 0.0518329 0.0585654 0.0863054 0.0660570 0.1134314 0.0785980 0.0561278 0.0751593 0.0995772 0.0449805 0.1062992 0.0702909 0.0613478 0.1177957 0.0419031 0.0643600 0.0946122 0.0183467 0.0512160 0.0590487 0.0734931 0.0618993 0.0692551 0.1258321 0.0765586 0.0769331 0.0668474 0.1094383 0.1076033 0.0120219 0.0946210 0.0749514 0.0691420 0.0183981 0.0349146 0.0664762 0.0787749 0.0251984 0.0699067 0.0736785 0.0775060 0.0847654 0.0251947 0.0525359 0.0551150 0.0447128 0.0690420 0.0122884 0.0590741 0.0279376 
S0289         0.4197162 0.3555891 0.4118617 0.0493280 0.0900457 0.0933551 0.2054986 0.1095620 0.0967337 0.0263172 0.1032319 0.0854480 0.0000000 0.0942792 0.1062543 0.1479057 0.0460208 0.1168080 0.0380476 0.0560434 0.0955348 0.0841465 0.0946754 0.0852440 0.0819414 0.0449103 0.0850174 0.0494625 0.1093086 0.1251883 0.0365261 0.0979416 0.0623250 0.0771972 0.0961198 0.0842657 0.0600150 0.1044913 0.0973737 0.0449320 0.0587293 0.0654430 0.0662551 0.0934293 0.0954966 0.1120358 0.1287557 0.1055333 0.1066196 0.1013785 0.0926622 0.0767222 0.1003289 0.0850029 0.0923205 0.0954334 0.1002559 0.1075959 0.0698494 0.1308550 0.0587043 0.0548845 0.0712025 0.0728393 0.0797346 0.1020360 0.0843668 0.0873657 0.1122768 0.0959891 0.1058330 0.1092391 0.0770486 0.0932809 0.1122892 0.0958906 0.1294645 0.1002519 0.0900356 0.1100180 0.1134654 0.0885969 0.1170669 0.0847544 0.1233149 0.0840654 0.0280022 0.0587043 0.0624459 0.1289379 0.0652875 0.0278513 0.0884050 0.1212729 0.1106918 0.0850029 0.1258617 0.0810012 0.0942643 0.0812675 0.1151102 0.1226616 0.1053088 0.0936795 0.0638524 0.1111390 0.0981281 0.0450693 0.0892161 0.0956141 0.0286141 0.0921530 0.0544960 0.0784422 0.1032750 0.0876821 
S0292         0.4132705 0.3440824 0.4305341 0.0609906 0.0960217 0.0682798 0.1830239 0.0770236 0.0428519 0.0922049 0.0571932 0.0571907 0.0942792 0.0000000 0.0685080 0.1117344 0.0654313 0.0980181 0.0971160 0.0884013 0.0635909 0.0629951 0.0462627 0.0605825 0.0647354 0.0981428 0.0530750 0.0959792 0.0538671 0.0689285 0.0721955 0.0929229 0.0901943 0.0494342 0.0679928 0.0839918 0.1036546 0.0881213 0.0684824 0.1033014 0.0487402 0.0521863 0.0682943 0.0610139 0.0423895 0.1015547 0.1228823 0.0682325 0.1096513 0.0634879 0.0641925 0.0491719 0.0462268 0.0650199 0.0391385 0.0570315 0.0612443 0.0603400 0.0707416 0.1232577 0.0524054 0.0555360 0.0615048 0.0565906 0.0602193 0.0685912 0.0561644 0.0567323 0.1144989 0.0672820 0.1155710 0.0880751 0.0571946 0.0766535 0.1202242 0.0424784 0.1226298 0.0840180 0.0431384 0.1204603 0.0930144 0.0288390 0.1144545 0.0685709 0.0951743 0.0491342 0.0865569 0.0524054 0.0596955 0.1285196 0.0668289 0.0899413 0.0679722 0.1113375 0.1051340 0.0606036 0.1056532 0.0533152 0.0095172 0.0613021 0.0852434 0.0845528 0.0287749 0.0772189 0.0833025 0.0091792 0.0123550 0.0904910 0.0771714 0.0535462 0.0813751 0.0425624 0.0595129 0.0581726 0.0572383 0.0801060 
S0293         0.4215651 0.3852878 0.4869509 0.0627942 0.0650064 0.0346848 0.1756758 0.0715196 0.0601277 0.0827832 0.0862769 0.0183257 0.1062543 0.0685080 0.0000000 0.1225321 0.0713367 0.1007848 0.0958187 0.0784554 0.1108507 0.0709224 0.0602758 0.0215681 0.0281844 0.1011486 0.0701209 0.0888500 0.0718430 0.0753747 0.0820794 0.1001605 0.1130860 0.0634107 0.0855178 0.0873806 0.1101404 0.0525429 0.0249353 0.1057222 0.0737091 0.0732145 0.0677937 0.0281238 0.0666468 0.1174674 0.1155029 0.0948309 0.1216423 0.0789564 0.0312021 0.0667198 0.0672378 0.0316107 0.0561966 0.0705327 0.0949442 0.0856119 0.0814832 0.1206951 0.0809879 0.0694628 0.0769559 0.0709986 0.0556778 0.0759176 0.0631429 0.0813112 0.1033389 0.0779394 0.1366041 0.0911972 0.0678415 0.0877661 0.1132752 0.0632210 0.1201087 0.0863301 0.0812904 0.1412403 0.0529940 0.0797425 0.1121302 0.0315154 0.0624858 0.0706835 0.0934470 0.0809879 0.0812062 0.1452654 0.0965550 0.0970369 0.0713293 0.1281337 0.1259201 0.0247763 0.1079212 0.0797361 0.0809658 0.0283113 0.0455436 0.0784415 0.0906407 0.0353708 0.0819813 0.0852212 0.0891779 0.1054165 0.0424816 0.0714229 0.0750645 0.0628817 0.0885414 0.0253392 0.0782830 0.0415953 
S0294         0.4272526 0.3427589 0.4143312 0.1668832 0.0928340 0.1047622 0.2453630 0.1216048 0.1168570 0.1407858 0.1279272 0.1045970 0.1479057 0.1117344 0.1225321 0.0000000 0.1354787 0.1351398 0.1575999 0.1387805 0.1543578 0.1531478 0.0960090 0.1123468 0.1091762 0.1497779 0.1123557 0.1573273 0.1219513 0.1270249 0.1369905 0.1499524 0.1672689 0.1121868 0.1170942 0.1171729 0.1661137 0.1205330 0.1172764 0.1391225 0.1150435 0.1144824 0.1124808 0.1211676 0.1116414 0.1649176 0.1545316 0.1142614 0.1644895 0.1321203 0.1042268 0.1078108 0.1205641 0.0965011 0.1121435 0.1105806 0.1209085 0.1285973 0.1323149 0.1636615 0.1149758 0.1181462 0.1159348 0.1073806 0.1189083 0.1228726 0.1198757 0.1231247 0.1503641 0.1201125 0.1632894 0.1353725 0.1134061 0.1312646 0.1283534 0.1158294 0.1597708 0.1419969 0.1155067 0.1680838 0.1255599 0.1143136 0.1467122 0.1040954 0.1314089 0.1370913 0.1454016 0.1149758 0.1234898 0.1840943 0.1300912 0.1349976 0.1300245 0.1819140 0.1691119 0.1043966 0.1537770 0.1292401 0.1117535 0.0965471 0.1278779 0.1348781 0.1440562 0.1054987 0.1471499 0.1287921 0.1114455 0.1488940 0.1010772 0.1119575 0.1370965 0.1203750 0.1097521 0.0938521 0.1204275 0.1121049 
S0299         0.3823250 0.3389436 0.4245437 0.0639120 0.0901712 0.0595900 0.1678869 0.0875655 0.0637627 0.0375041 0.0906139 0.0524445 0.0460208 0.0654313 0.0713367 0.1354787 0.0000000 0.0849513 0.0416550 0.0530160 0.1071466 0.0862547 0.0706687 0.0523208 0.0561654 0.0490105 0.0707843 0.0391001 0.0753900 0.0903933 0.0417131 0.0723956 0.0553486 0.0564672 0.0825243 0.0794734 0.0425229 0.0749149 0.0633679 0.0420938 0.0420865 0.0487129 0.0680896 0.0597292 0.0705968 0.0880553 0.1083424 0.0953715 0.0919842 0.0825454 0.0592499 0.0597648 0.0672262 0.0599993 0.0597750 0.0633211 0.0826508 0.0859775 0.0598888 0.1132504 0.0489167 0.0451884 0.0701195 0.0566541 0.0709160 0.0686634 0.0634613 0.0709656 0.0963965 0.0705132 0.1019218 0.0953087 0.0724294 0.0928700 0.1056314 0.0632066 0.1171278 0.0914415 0.0855464 0.1062111 0.0908662 0.0767471 0.1049475 0.0634502 0.0930055 0.0564430 0.0389467 0.0489167 0.0525892 0.1055592 0.0597051 0.0419942 0.0716563 0.0976069 0.0959821 0.0557674 0.1003879 0.0873583 0.0778869 0.0600306 0.0833244 0.0898446 0.0834594 0.0717558 0.0569910 0.0786995 0.0826396 0.0388134 0.0717160 0.0749513 0.0377199 0.0563695 0.0559575 0.0570928 0.0830179 0.0671724 
S0308         0.4627891 0.3937120 0.5103792 0.0898883 0.0938110 0.0998465 0.2350770 0.1193268 0.0994956 0.1210029 0.1069887 0.0836365 0.1168080 0.0980181 0.1007848 0.1351398 0.0849513 0.0000000 0.1244149 0.1198420 0.1247326 0.1008226 0.1039570 0.0911354 0.0921006 0.1249801 0.1125121 0.1180509 0.1088209 0.1309306 0.1010469 0.0835094 0.1337211 0.0921199 0.1263389 0.0844291 0.1320285 0.1222170 0.0958124 0.1192524 0.0864713 0.0947153 0.0975717 0.0996312 0.0948186 0.0914518 0.1455088 0.1271786 0.0995995 0.1109417 0.0909806 0.0838789 0.1035389 0.1002607 0.0949369 0.1160979 0.1217251 0.1114887 0.1027246 0.1170202 0.0991402 0.0943108 0.1039585 0.0924249 0.1000460 0.0972497 0.0957227 0.1025772 0.1367926 0.1071006 0.1059685 0.0788697 0.0878034 0.1090719 0.1481737 0.0989360 0.1501947 0.1175820 0.1119884 0.1102874 0.1054596 0.1022445 0.1324951 0.0999617 0.1294997 0.0993369 0.1128641 0.0991402 0.1034778 0.1122296 0.1154181 0.1202903 0.0848250 0.1050421 0.1036425 0.0911668 0.0961780 0.0995390 0.1167149 0.0959632 0.1170166 0.1269749 0.1085358 0.1014566 0.1084307 0.1201094 0.1162676 0.1161128 0.0974766 0.1122027 0.1079518 0.0865146 0.1071979 0.0934406 0.0984496 0.1081421 
S0320         0.3865042 0.3438076 0.4283649 0.0496952 0.0901608 0.0835343 0.1728565 0.1122282 0.0998481 0.0327864 0.1197471 0.0759726 0.0380476 0.0971160 0.0958187 0.1575999 0.0416550 0.1244149 0.0000000 0.0552797 0.1117435 0.0845575 0.1025843 0.0757963 0.0763352 0.0476333 0.0901167 0.0414201 0.1124625 0.1149430 0.0450680 0.1061417 0.0649466 0.0759805 0.0908993 0.0970616 0.0548241 0.1071540 0.0873760 0.0551340 0.0578023 0.0574272 0.0843501 0.0835973 0.0985793 0.1195634 0.1142889 0.1079529 0.1236974 0.1077145 0.0757129 0.0792603 0.1034406 0.0877286 0.0954131 0.1067898 0.1118216 0.1107108 0.0687453 0.1529365 0.0508717 0.0472161 0.0828415 0.0833875 0.0906616 0.1000916 0.0827852 0.1031586 0.1065082 0.0944913 0.1379956 0.1257332 0.0925688 0.1096310 0.1077076 0.0989806 0.1315729 0.1118161 0.1018596 0.1430733 0.1161135 0.1050264 0.1192672 0.0874750 0.1258938 0.0871260 0.0377008 0.0508717 0.0544667 0.1471222 0.0650916 0.0309724 0.0959644 0.1297037 0.1231093 0.0720331 0.1391183 0.1044088 0.1108342 0.0840095 0.1083810 0.1194549 0.1163496 0.0925045 0.0699647 0.1138807 0.1143855 0.0443516 0.0963320 0.1118328 0.0328083 0.0952432 0.0577537 0.0812230 0.1158454 0.0990702 
S0327         0.4390335 0.3827088 0.4830955 0.0787932 0.1071766 0.0739830 0.1944225 0.0952321 0.0831995 0.0406557 0.1148940 0.0664875 0.0560434 0.0884013 0.0784554 0.1387805 0.0530160 0.1198420 0.0552797 0.0000000 0.1148469 0.0854337 0.0861503 0.0661952 0.0630827 0.0631817 0.0738606 0.0526146 0.0995753 0.1022798 0.0364372 0.1136563 0.0631638 0.0745419 0.0781883 0.0959415 0.0711527 0.0933690 0.0703410 0.0713469 0.0522694 0.0519239 0.0792745 0.0738857 0.0935421 0.1276821 0.1305410 0.0949631 0.1274298 0.1023878 0.0734385 0.0778968 0.0906990 0.0742718 0.0789018 0.0900660 0.0988223 0.1057906 0.0560825 0.1572650 0.0522483 0.0416195 0.0810344 0.0784699 0.0857280 0.0838042 0.0742283 0.0981457 0.1089871 0.0856978 0.1279535 0.1209340 0.0874180 0.1046305 0.1236223 0.0863165 0.1354097 0.1070871 0.0924865 0.1325072 0.1021030 0.0960601 0.1270981 0.0740519 0.1119266 0.0936734 0.0490461 0.0522483 0.0523830 0.1515929 0.0667339 0.0593691 0.0873463 0.1388211 0.1317934 0.0661398 0.1390208 0.0914056 0.0934738 0.0629793 0.0944529 0.1066106 0.1074818 0.0826625 0.0682293 0.1054945 0.1055060 0.0634151 0.0826088 0.0948950 0.0463954 0.0826689 0.0556897 0.0677160 0.1069358 0.0854474 
S0335         0.4180092 0.3726336 0.4937304 0.0228865 0.0239285 0.1095127 0.2106154 0.1052665 0.0972847 0.0979206 0.0838153 0.0935499 0.0955348 0.0635909 0.1108507 0.1543578 0.1071466 0.1247326 0.1117435 0.1148469 0.0000000 0.0546539 0.0960486 0.1010136 0.0938278 0.1202110 0.1083011 0.1227764 0.1099403 0.1270669 0.0917864 0.1229215 0.1123751 0.0848769 0.1252984 0.0970304 0.1310449 0.1012415 0.1057784 0.1123228 0.0841100 0.1025580 0.0849052 0.1096061 0.0847889 0.1239309 0.1377056 0.1263024 0.1234781 0.0970120 0.1008975 0.0806688 0.1009003 0.0892829 0.0928420 0.0960265 0.0884148 0.0966423 0.0991319 0.1493310 0.1029966 0.0910384 0.0909066 0.0767406 0.0765515 0.1015151 0.0921755 0.0915942 0.1380011 0.0999747 0.1292620 0.1227370 0.0694313 0.0850031 0.1209345 0.0964324 0.1561877 0.0923615 0.0639541 0.1337540 0.1059724 0.0812967 0.1431484 0.0890215 0.1200393 0.0882125 0.0880016 0.1029966 0.1112452 0.1382213 0.1023224 0.0875786 0.1013652 0.1346877 0.1194690 0.0892829 0.1272393 0.0412748 0.0638654 0.0852148 0.1145515 0.1400761 0.0930840 0.0937439 0.1215012 0.0839682 0.0721449 0.1206190 0.0980604 0.0923762 0.1050492 0.1003092 0.0941298 0.0788390 0.0915770 0.1008309 
S0345         0.5967875 0.4371870 0.5525426 0.0160161 0.0641519 0.0769026 0.1933714 0.1190544 0.0794405 0.0790704 0.0694018 0.0629855 0.0841465 0.0629951 0.0709224 0.1531478 0.0862547 0.1008226 0.0845575 0.0854337 0.0546539 0.0000000 0.0852464 0.0629413 0.0708779 0.0762439 0.0839210 0.0930799 0.1033030 0.1313402 0.0410744 0.1077038 0.0906327 0.0486826 0.1001484 0.0781253 0.1346616 0.0845743 0.0779658 0.0768306 0.0618077 0.0752236 0.0632346 0.0700583 0.0913450 0.1064944 0.1097242 0.0830998 0.1083250 0.0744199 0.0769026 0.0552759 0.0937520 0.0777766 0.0713930 0.0781089 0.0843405 0.0913450 0.0691260 0.1346476 0.0901323 0.0618077 0.0635682 0.0424923 0.0487177 0.0637015 0.0488116 0.0831160 0.1029279 0.0751693 0.1037374 0.0853830 0.0555533 0.0848142 0.1114002 0.0781089 0.1263962 0.0769333 0.0489640 0.1030678 0.0868250 0.0568688 0.1183528 0.0704799 0.0839502 0.0836595 0.0840462 0.0901323 0.0836267 0.1085563 0.0760858 0.0697222 0.0716102 0.1169134 0.1086265 0.0699097 0.1098357 0.0300969 0.0585111 0.0699139 0.0928588 0.1256071 0.0768591 0.0713114 0.0624382 0.0691014 0.0821434 0.0912692 0.0782690 0.0781089 0.0692683 0.0766753 0.0822258 0.0574409 0.0840243 0.0849466 
S0376         0.4029261 0.3156907 0.4184503 0.0770427 0.0762246 0.0455253 0.1834671 0.0592810 0.0418285 0.0849778 0.0658570 0.0420259 0.0946754 0.0462627 0.0602758 0.0960090 0.0706687 0.1039570 0.1025843 0.0861503 0.0960486 0.0852464 0.0000000 0.0487435 0.0490865 0.0954015 0.0593206 0.0896383 0.0525517 0.0387403 0.0811092 0.0945132 0.1031759 0.0592291 0.0668661 0.0848500 0.1091720 0.0666580 0.0526143 0.0910877 0.0621634 0.0618784 0.0630343 0.0560476 0.0447249 0.1113310 0.1239542 0.0748515 0.1113334 0.0816435 0.0486905 0.0624951 0.0451213 0.0419085 0.0382137 0.0516136 0.0741683 0.0623567 0.0806852 0.1106864 0.0551752 0.0652357 0.0756975 0.0624125 0.0552865 0.0751574 0.0661711 0.0583248 0.1115785 0.0735039 0.1158850 0.0858282 0.0628738 0.0821832 0.1159293 0.0414727 0.1330046 0.0893420 0.0644580 0.1202259 0.0746586 0.0527570 0.1205661 0.0486754 0.0842641 0.0695860 0.0871856 0.0551752 0.0624243 0.1340435 0.0796511 0.0904667 0.0738700 0.1216330 0.1154669 0.0452926 0.1020580 0.0775689 0.0535212 0.0419073 0.0718540 0.0702868 0.0710170 0.0564072 0.0896942 0.0589492 0.0584613 0.1034011 0.0563838 0.0449830 0.0789433 0.0484068 0.0650596 0.0389759 0.0588294 0.0593076 
S0400         0.4035483 0.3512984 0.4236590 0.0488077 0.0501410 0.0245005 0.1686638 0.0667288 0.0486263 0.0622691 0.0811883 0.0150927 0.0852440 0.0605825 0.0215681 0.1123468 0.0523208 0.0911354 0.0757963 0.0661952 0.1010136 0.0629413 0.0487435 0.0000000 0.0182497 0.0805894 0.0583351 0.0691174 0.0597538 0.0631504 0.0703380 0.0829666 0.0994182 0.0518230 0.0730214 0.0821634 0.0889149 0.0414434 0.0151378 0.0848165 0.0617821 0.0613769 0.0630935 0.0059688 0.0549821 0.0953228 0.1095768 0.0817613 0.0992784 0.0660733 0.0212174 0.0550401 0.0554663 0.0214914 0.0449174 0.0586781 0.0856409 0.0731048 0.0727896 0.1066087 0.0687751 0.0577976 0.0725303 0.0590546 0.0553392 0.0672326 0.0516060 0.0690514 0.0977085 0.0657683 0.1213818 0.0858836 0.0594896 0.0786513 0.1073195 0.0516733 0.1140481 0.0819113 0.0685281 0.1258114 0.0486862 0.0676906 0.1062557 0.0214272 0.0580207 0.0659564 0.0733196 0.0687751 0.0653792 0.1212890 0.0836549 0.0767517 0.0665521 0.1050588 0.1033090 0.0150439 0.1021620 0.0746181 0.0764640 0.0214874 0.0381268 0.0735077 0.0784248 0.0317248 0.0739576 0.0808044 0.0846913 0.0845642 0.0317188 0.0594068 0.0552356 0.0513981 0.0760145 0.0122434 0.0696538 0.0310736 
S0405         0.4002138 0.3479381 0.4357385 0.0627942 0.0509687 0.0183601 0.1704164 0.0599061 0.0524861 0.0549555 0.0742444 0.0151914 0.0819414 0.0647354 0.0281844 0.1091762 0.0561654 0.0921006 0.0763352 0.0630827 0.0938278 0.0708779 0.0490865 0.0182497 0.0000000 0.0811729 0.0659047 0.0696088 0.0601822 0.0636043 0.0656560 0.0912555 0.0964697 0.0521865 0.0663485 0.0715278 0.0895689 0.0349734 0.0215364 0.0815612 0.0622168 0.0619313 0.0493019 0.0246758 0.0553674 0.1042279 0.0944916 0.0823613 0.1000711 0.0743237 0.0213569 0.0554261 0.0558578 0.0153062 0.0486961 0.0520243 0.0786012 0.0736291 0.0807558 0.1116416 0.0621895 0.0652915 0.0618395 0.0523573 0.0487005 0.0752244 0.0590313 0.0553375 0.0829052 0.0699755 0.1098465 0.0829039 0.0527407 0.0679348 0.0920746 0.0520346 0.1028324 0.0749059 0.0652595 0.1141946 0.0420879 0.0720344 0.0911726 0.0152610 0.0514398 0.0588032 0.0664884 0.0621895 0.0695845 0.1222789 0.0842581 0.0771481 0.0671689 0.1143560 0.1041357 0.0089987 0.0991931 0.0748356 0.0693387 0.0153032 0.0316863 0.0740378 0.0867094 0.0253079 0.0745046 0.0813912 0.0777244 0.0851803 0.0253041 0.0526734 0.0602847 0.0483884 0.0621617 0.0091989 0.0628614 0.0247899 
S0407sl       0.4170155 0.3483941 0.4332850 0.0233106 0.0758544 0.0885303 0.2069306 0.1137401 0.0964636 0.0332212 0.1283812 0.0807805 0.0449103 0.0981428 0.1011486 0.1497779 0.0490105 0.1249801 0.0476333 0.0631817 0.1202110 0.0762439 0.0954015 0.0805894 0.0811729 0.0000000 0.0991533 0.0524389 0.1090181 0.1248773 0.0502896 0.1019291 0.0653785 0.0800972 0.0922502 0.1054951 0.0629718 0.1085842 0.0924685 0.0553728 0.0581534 0.0683242 0.0847290 0.0885985 0.1028290 0.1151636 0.1264966 0.0875183 0.1111580 0.1036862 0.0878791 0.0797445 0.1000539 0.0888882 0.0920589 0.0993890 0.1123374 0.1151293 0.0691669 0.1404430 0.0616068 0.0543477 0.0835560 0.0840241 0.0910666 0.1049650 0.0872523 0.1025898 0.1153761 0.0988708 0.1291822 0.1139085 0.0929904 0.1101424 0.1292126 0.0956238 0.1454683 0.1123318 0.0908428 0.1336699 0.1094745 0.1056860 0.1327841 0.0886288 0.1235683 0.0914086 0.0449696 0.0616068 0.0653523 0.1338107 0.0688837 0.0442887 0.1007533 0.1255771 0.1152820 0.0842130 0.1355371 0.1048894 0.1113575 0.0851187 0.1140391 0.1253386 0.1211224 0.0976986 0.0740519 0.1189369 0.1189730 0.0480024 0.0853913 0.1004654 0.0078484 0.0911521 0.0650636 0.0823052 0.1203689 0.1003852 
S0412sl       0.4559784 0.3614862 0.4340989 0.0759079 0.1258263 0.0657151 0.1744966 0.0744367 0.0629325 0.0810650 0.0890127 0.0585902 0.0850174 0.0530750 0.0701209 0.1123557 0.0707843 0.1125121 0.0901167 0.0738606 0.1083011 0.0839210 0.0593206 0.0583351 0.0659047 0.0991533 0.0000000 0.0847704 0.0781429 0.0741728 0.0500343 0.1028272 0.0913944 0.0515919 0.0510363 0.0937259 0.1000640 0.0885382 0.0623079 0.1003442 0.0545073 0.0474258 0.0552943 0.0657595 0.0693949 0.1200663 0.1234230 0.0625138 0.1242170 0.0694918 0.0653701 0.0547946 0.0700026 0.0625730 0.0590052 0.0732692 0.0703780 0.0882826 0.0652412 0.1278619 0.0544852 0.0506640 0.0757614 0.0587880 0.0692274 0.0596503 0.0513765 0.0808460 0.1152529 0.0583624 0.1303253 0.0902008 0.0668988 0.0865311 0.1208400 0.0659913 0.1198589 0.0891771 0.0833018 0.1348528 0.0970677 0.0637750 0.1118995 0.0696200 0.1067705 0.0801623 0.0840642 0.0544852 0.0546234 0.1477463 0.0758794 0.0912441 0.0697246 0.1262798 0.1284729 0.0618936 0.1185834 0.0742713 0.0647579 0.0625834 0.0895563 0.0739789 0.0707332 0.0780012 0.0699838 0.0657430 0.0694595 0.0993488 0.0742461 0.0776936 0.0842154 0.0625211 0.0614520 0.0597468 0.0778782 0.0807852 
S0417         0.4316634 0.3430501 0.4502848 0.0762776 0.1095495 0.0658709 0.1825072 0.1099089 0.1024618 0.0372842 0.1267135 0.0656274 0.0494625 0.0959792 0.0888500 0.1573273 0.0391001 0.1180509 0.0414201 0.0526146 0.1227764 0.0930799 0.0896383 0.0691174 0.0696088 0.0524389 0.0847704 0.0000000 0.1114086 0.1058565 0.0460874 0.1037478 0.0702421 0.0779533 0.0855216 0.1038182 0.0564276 0.1009854 0.0805447 0.0494443 0.0592959 0.0660734 0.0790297 0.0768057 0.1089496 0.1172358 0.1204263 0.1107806 0.1213990 0.0932367 0.0724891 0.0813087 0.1061390 0.0734299 0.0979012 0.1095617 0.1147452 0.1216254 0.0705310 0.1569707 0.0522925 0.0554096 0.0851814 0.0858275 0.0854644 0.0950259 0.0851937 0.1047678 0.1084316 0.0808029 0.1422039 0.1290475 0.0903415 0.1075268 0.1225395 0.1015540 0.1339240 0.1147392 0.1049317 0.1469159 0.1007081 0.1078029 0.1214144 0.0806396 0.1197487 0.0893872 0.0386780 0.0522925 0.0559930 0.1449475 0.0740090 0.0448526 0.0988073 0.1278674 0.1256643 0.0726347 0.1427852 0.1071532 0.1095892 0.0771871 0.1012417 0.1171922 0.1193983 0.0901914 0.0636341 0.1050860 0.1132400 0.0490471 0.0901269 0.1147566 0.0332106 0.0891324 0.0664561 0.0743576 0.1136364 0.0921079 
S0419         0.4502626 0.3449430 0.4500555 0.1270549 0.0946483 0.0673155 0.1899326 0.0751251 0.0153744 0.0999529 0.0562844 0.0527473 0.1093086 0.0538671 0.0718430 0.1219513 0.0753900 0.1088209 0.1124625 0.0995753 0.1099403 0.1033030 0.0525517 0.0597538 0.0601822 0.1090181 0.0781429 0.1114086 0.0000000 0.0752737 0.0872932 0.0989394 0.1171293 0.0667948 0.0785187 0.0942130 0.1182052 0.0790013 0.0638310 0.1057745 0.0700260 0.0658630 0.0826983 0.0673628 0.0345415 0.1160076 0.1156316 0.0868558 0.1201284 0.0867865 0.0595795 0.0663770 0.0184820 0.0641072 0.0121739 0.0281447 0.0830368 0.0481498 0.0890713 0.1294722 0.0734543 0.0731262 0.0844805 0.0744264 0.0742852 0.0910405 0.0666504 0.0524421 0.1034698 0.0929901 0.1213166 0.0940738 0.0753150 0.0956383 0.1128880 0.0152466 0.1244839 0.1026922 0.0727347 0.1257363 0.0798376 0.0720320 0.1122605 0.0639141 0.0896078 0.0737947 0.1014194 0.0734543 0.0811222 0.1434136 0.0926366 0.1048273 0.0857001 0.1265086 0.1243489 0.0561860 0.1203195 0.0906843 0.0616082 0.0568224 0.0799107 0.0828056 0.0782535 0.0684200 0.0980203 0.0703662 0.0741731 0.1054690 0.0683844 0.0249596 0.0966665 0.0386125 0.0734180 0.0502928 0.0529017 0.0751339 
S0427         0.4058421 0.3142573 0.4324771 0.0894972 0.1397349 0.0528126 0.1876236 0.0872951 0.0636749 0.1026358 0.0939957 0.0562072 0.1251883 0.0689285 0.0753747 0.1270249 0.0903933 0.1309306 0.1149430 0.1022798 0.1270669 0.1313402 0.0387403 0.0631504 0.0636043 0.1248773 0.0741728 0.1058565 0.0752737 0.0000000 0.0928329 0.1205021 0.1332618 0.0822990 0.0821032 0.1149170 0.1303487 0.0827493 0.0636519 0.1213600 0.0852348 0.0848267 0.0912668 0.0708299 0.0628725 0.1377892 0.1476549 0.0993396 0.1430335 0.1025081 0.0630802 0.0856973 0.0671308 0.0602248 0.0596965 0.0784234 0.0994560 0.0816172 0.1051486 0.1194671 0.0777718 0.0883601 0.1040779 0.0865748 0.0825266 0.0997571 0.0896568 0.0856252 0.1390033 0.0898451 0.1347779 0.1109794 0.0871559 0.1082759 0.1451981 0.0595828 0.1619947 0.1116406 0.0922895 0.1393594 0.0951459 0.0800965 0.1487317 0.0673644 0.0972465 0.0932444 0.1079341 0.0777718 0.0819080 0.1679183 0.1088162 0.1205121 0.0979959 0.1446419 0.1474943 0.0595587 0.1106008 0.1070544 0.0814758 0.0602339 0.0875294 0.0944209 0.0951756 0.0755766 0.1151391 0.0819087 0.0855751 0.1212582 0.0683597 0.0713091 0.1096909 0.0705955 0.0928560 0.0573350 0.0745933 0.0786687 
S0428sl       0.3840370 0.3385291 0.4202152 0.0356001 0.0000010 0.0710019 0.1764847 0.0878716 0.0703387 0.0412460 0.1089788 0.0656118 0.0365261 0.0721955 0.0820794 0.1369905 0.0417131 0.1010469 0.0450680 0.0364372 0.0917864 0.0410744 0.0811092 0.0703380 0.0656560 0.0502896 0.0500343 0.0460874 0.0872932 0.0928329 0.0000000 0.1056704 0.0501889 0.0550696 0.0706753 0.0991978 0.0565503 0.0981930 0.0656309 0.0558369 0.0449200 0.0398143 0.0504104 0.0813817 0.0801378 0.1129023 0.0995276 0.0823707 0.1182139 0.0787496 0.0702666 0.0643349 0.0703387 0.0761579 0.0703387 0.0860962 0.0814893 0.0966470 0.0498129 0.1353385 0.0306254 0.0305723 0.0626074 0.0705360 0.0804593 0.0817700 0.0548724 0.0862036 0.0937283 0.0600009 0.1199759 0.0880319 0.0717376 0.0831277 0.0952217 0.0755385 0.1053267 0.0866729 0.0905148 0.1262547 0.1037969 0.0830273 0.1000738 0.0817709 0.1311930 0.0756088 0.0461955 0.0306254 0.0353573 0.1576403 0.0597538 0.0450254 0.0654730 0.1210793 0.1308266 0.0652389 0.1289963 0.0765386 0.0888040 0.0710897 0.1059963 0.0931864 0.0704340 0.0934140 0.0462472 0.0960697 0.0964603 0.0407542 0.0878136 0.0927318 0.0336210 0.0599989 0.0448992 0.0718746 0.0919731 0.0873134 
S0430         0.4574513 0.3398835 0.4440931 0.1229725 0.1105469 0.0989377 0.2196101 0.1001811 0.0865214 0.1017058 0.0935826 0.0831684 0.0979416 0.0929229 0.1001605 0.1499524 0.0723956 0.0835094 0.1061417 0.1136563 0.1229215 0.1077038 0.0945132 0.0829666 0.0912555 0.1019291 0.1028272 0.1037478 0.0989394 0.1205021 0.1056704 0.0000000 0.1218265 0.0745399 0.1103910 0.0794214 0.1130372 0.1161248 0.0952227 0.1032939 0.0785023 0.0816597 0.0919033 0.0912335 0.0814648 0.0215209 0.1402405 0.1116619 0.0213861 0.0954915 0.0904731 0.0742040 0.0901151 0.0956149 0.0821932 0.1021277 0.1022551 0.1016267 0.0896887 0.1073070 0.0859465 0.0816497 0.1060750 0.0823848 0.0907173 0.0908575 0.0817720 0.1057309 0.1360038 0.1064468 0.1084493 0.0732071 0.0833612 0.1042689 0.1377145 0.0857589 0.1451924 0.1076280 0.0975835 0.1127428 0.1027738 0.0961640 0.1272405 0.0953302 0.1148932 0.0938836 0.0950576 0.0859465 0.0901030 0.0379383 0.0980183 0.0899185 0.0749046 0.0248405 0.0245566 0.0866979 0.0948107 0.1030725 0.1065362 0.0913889 0.1121074 0.1025400 0.1122501 0.0997701 0.0946189 0.1101687 0.1103841 0.0991228 0.0871365 0.0983699 0.0922785 0.0899380 0.0896683 0.0843807 0.0979024 0.1024504 
S0478         0.4596948 0.3607436 0.4395480 0.0614076 0.1217789 0.1079871 0.2202117 0.1219816 0.1003530 0.0621090 0.1242382 0.0998522 0.0623250 0.0901943 0.1130860 0.1672689 0.0553486 0.1337211 0.0649466 0.0631638 0.1123751 0.0906327 0.1031759 0.0994182 0.0964697 0.0653785 0.0913944 0.0702421 0.1171293 0.1332618 0.0501889 0.1218265 0.0000000 0.0875814 0.1038809 0.1094960 0.0775251 0.1290233 0.1040968 0.0769350 0.0616166 0.0612137 0.0923696 0.1078648 0.1068099 0.1274198 0.1448793 0.1085352 0.1315956 0.1163076 0.1071892 0.0909218 0.1079483 0.1084208 0.0958943 0.1072323 0.1031263 0.1192326 0.0654907 0.1779997 0.0615900 0.0508589 0.0952465 0.0915936 0.0987270 0.1049216 0.0872215 0.1074291 0.1280086 0.0988324 0.1390791 0.1296630 0.1008235 0.0981152 0.1329167 0.1034085 0.1498519 0.1125041 0.1031093 0.1436909 0.1386383 0.1056418 0.1414752 0.1081085 0.1486777 0.0876133 0.0587985 0.0615900 0.0617476 0.1466430 0.0652239 0.0614659 0.1007129 0.1382590 0.1275341 0.1033784 0.1544491 0.0971051 0.0952252 0.0965925 0.1349103 0.1281991 0.1128448 0.1178535 0.0703264 0.1030716 0.1031046 0.0690063 0.1177409 0.1122999 0.0552343 0.0957232 0.0650452 0.1017778 0.1203139 0.1204086 
S0552sl       0.4680221 0.3666753 0.4699910 0.0757681 0.0640607 0.0591103 0.1814122 0.0749732 0.0556157 0.0700728 0.0774050 0.0451096 0.0771972 0.0494342 0.0634107 0.1121868 0.0564672 0.0921199 0.0759805 0.0745419 0.0848769 0.0486826 0.0592291 0.0518230 0.0521865 0.0800972 0.0515919 0.0779533 0.0667948 0.0822990 0.0550696 0.0745399 0.0875814 0.0000000 0.0623655 0.0745811 0.0816415 0.0741606 0.0557179 0.0768103 0.0409143 0.0373774 0.0486615 0.0591493 0.0582187 0.0903536 0.0939756 0.0665515 0.0942384 0.0582817 0.0517668 0.0181320 0.0589834 0.0559597 0.0518044 0.0622069 0.0450299 0.0767684 0.0581851 0.1200178 0.0475471 0.0439343 0.0535214 0.0182365 0.0344340 0.0314086 0.0119795 0.0732867 0.0863127 0.0514102 0.1049225 0.0701758 0.0317364 0.0492470 0.0912396 0.0551398 0.1022629 0.0554301 0.0569652 0.1091971 0.0823725 0.0564230 0.0869112 0.0557923 0.0920430 0.0584359 0.0699071 0.0475471 0.0545407 0.1157789 0.0615268 0.0689875 0.0594890 0.0998332 0.0981930 0.0483690 0.0991957 0.0667682 0.0609506 0.0559658 0.0707246 0.0819058 0.0704794 0.0637727 0.0589623 0.0656428 0.0693537 0.0687791 0.0637421 0.0664091 0.0598200 0.0588558 0.0441859 0.0422643 0.0739327 0.0666460 
