123
CRNC          0.0000000 0.3018116 0.3806978 0.5752750 0.4694996 0.6232041 0.4432423 0.5697360 0.5948375 0.6101537 0.5931368 0.5793155 0.5756712 0.5532480 0.7225721 0.5457184 0.5926935 0.5589578 0.6482204 0.6162950 0.6097381 0.6018159 0.5687632 0.5799024 0.5518409 0.5583544 0.5609296 0.5799620 0.5830088 0.6068270 0.5695115 0.5772703 0.6315206 0.5580605 0.6259377 0.5925049 0.5863436 0.5482354 0.5054950 0.6052257 0.5571324 0.5781647 0.6029761 0.5796557 0.5431539 0.5532266 0.5894493 0.5937946 0.5751968 0.5776975 0.5597413 0.6613670 0.5642320 0.5684335 0.5577992 0.5648409 0.5630933 0.5691610 0.6004098 0.5857327 0.6039606 0.6360647 0.7132194 0.5695338 0.5687015 0.6036697 0.5679114 0.5711749 0.5837464 0.5484711 0.5816962 0.5823187 0.6069559 0.5726506 0.5543230 0.6304794 0.6145544 0.5858871 0.5855957 0.5839932 0.5558536 0.6069896 0.5725403 0.6324215 0.5459080 0.6282451 0.5778350 0.5486181 0.5859701 0.5688353 0.5390318 0.5656057 0.5965549 0.7373298 0.7367794 0.5409655 0.5808209 0.5917907 0.5554870 0.5501953 0.5621206 0.5471146 0.6239939 0.5860037 0.5694880 0.5611334 0.5369207 0.5923707 0.5310815 0.5658272 0.6928656 0.5503517 0.5676811 0.6151367 0.5279898 0.5649544 0.5941477 0.6084727 0.5808745 0.6090137 0.5525617 0.2845242 0.5437574 
HYZL          0.3018116 0.0000000 0.1812152 0.4434162 0.4487685 0.4881224 0.3531894 0.4814528 0.4674982 0.4600238 0.4728232 0.4526123 0.4466562 0.4181323 0.5350373 0.4574222 0.4491077 0.4676058 0.5153123 0.4654274 0.5087478 0.4446512 0.4605176 0.4892778 0.4635185 0.4406307 0.4453554 0.4300294 0.4530472 0.4611263 0.4494132 0.4673668 0.4784498 0.4665340 0.4413344 0.4520081 0.4711648 0.4227415 0.4369926 0.4836106 0.4589914 0.4517242 0.4471393 0.4363589 0.4352216 0.4378777 0.4201752 0.4999350 0.4610049 0.4712328 0.4774763 0.5441755 0.4445283 0.4262055 0.4397204 0.4525674 0.4521619 0.4568041 0.4880150 0.4218959 0.4723624 0.4801277 0.5135158 0.4311245 0.4292893 0.4621077 0.4398762 0.4617614 0.4613339 0.4242989 0.4576213 0.4872786 0.4564804 0.4665303 0.4618326 0.5051950 0.4447211 0.4704650 0.4698395 0.4662616 0.4463848 0.4715356 0.4313584 0.4825821 0.4343028 0.5067418 0.4519236 0.4354624 0.4718447 0.4407087 0.4498724 0.4548583 0.4284637 0.5334362 0.5370269 0.4503693 0.4543503 0.4536961 0.4301489 0.4466766 0.4573376 0.4497516 0.4665160 0.4842051 0.4436809 0.4337909 0.4301853 0.4558879 0.4017307 0.4445019 0.5052273 0.4442803 0.4566454 0.4409203 0.4396665 0.4553652 0.4458971 0.4539752 0.4576478 0.4553266 0.4363778 0.2959680 0.4389341 
MYZV          0.3806978 0.1812152 0.0000000 0.4869930 0.4711146 0.5180756 0.4644987 0.5011145 0.4830778 0.5156516 0.4989819 0.4872653 0.4790704 0.4694141 0.6045188 0.4637090 0.4948603 0.4777959 0.5058291 0.4872719 0.4937980 0.5000936 0.4805518 0.5008800 0.4927375 0.4621344 0.4874461 0.4685547 0.4679493 0.4660368 0.4883155 0.4955103 0.5287526 0.4767261 0.4821173 0.4795335 0.4657518 0.4716835 0.3850704 0.5454697 0.4854567 0.4849657 0.4880295 0.4973096 0.4651473 0.4707147 0.4669320 0.4895894 0.5240782 0.4998520 0.4778527 0.5419127 0.4872365 0.4739262 0.4778565 0.4788475 0.4912401 0.4836193 0.5159780 0.4634877 0.5323850 0.5099009 0.6036940 0.4865446 0.4555279 0.4747891 0.4593976 0.4878082 0.4675143 0.4397690 0.4569451 0.4688273 0.4810493 0.4942206 0.4569801 0.5373268 0.4854422 0.4991504 0.5083170 0.5081843 0.4849255 0.5136644 0.4640428 0.5016613 0.4888351 0.5262620 0.4914951 0.4625174 0.5112331 0.4782835 0.4881096 0.4776985 0.4643631 0.6256629 0.6204725 0.4604151 0.5044365 0.5033237 0.4571592 0.4581603 0.4694491 0.4790073 0.4835875 0.5184717 0.4809376 0.4487425 0.4616895 0.4784396 0.4254663 0.5084347 0.5116569 0.4685161 0.4949205 0.4866460 0.4741252 0.4906247 0.4943567 0.4790020 0.4928871 0.4750835 0.4809689 0.3816300 0.4170859 
SRR6441723    0.5752750 0.4434162 0.4869930 0.0000000 0.0471287 0.1202887 0.2708445 0.1047081 0.0783205 0.0904098 0.1045935 0.0902266 0.0809342 0.0635217 0.1370488 0.1013233 0.0887820 0.0967036 0.1065458 0.0928231 0.0980706 0.0868618 0.0605695 0.0555651 0.0941322 0.0842629 0.0850420 0.0836645 0.0881564 0.0850587 0.0725878 0.0965783 0.0862358 0.1017781 0.0843697 0.0780409 0.1097007 0.0850852 0.1065803 0.0974010 0.0857294 0.0888212 0.0987762 0.0854056 0.0785351 0.0881923 0.0705981 0.0961301 0.1507325 0.0996840 0.1015647 0.1008563 0.0786387 0.0813448 0.0690893 0.0854253 0.0763425 0.0818689 0.0949498 0.0692099 0.0982699 0.1086390 0.1283552 0.0851663 0.0565672 0.0807627 0.0858000 0.0800278 0.0805717 0.0713476 0.0879530 0.0966687 0.0773292 0.1388628 0.0895623 0.1009126 0.0996226 0.0928817 0.0873496 0.1490833 0.0703950 0.1538098 0.0643329 0.1005429 0.0591565 0.1024817 0.0919422 0.0693952 0.1447993 0.0803448 0.0940323 0.0642439 0.0695036 0.1401991 0.1358335 0.0884138 0.0892143 0.0965056 0.0734149 0.1002816 0.1058995 0.0824157 0.0857002 0.0598724 0.0790416 0.0769603 0.0738866 0.1082734 0.0655265 0.0919857 0.1194418 0.0742533 0.0786107 0.0910377 0.0779357 0.0766930 0.0843329 0.0750829 0.0904572 0.0845554 0.0660256 0.0586234 0.0623092 
ERR4210213    0.4694996 0.4487685 0.4711146 0.0471287 0.0000000 0.1174546 0.1957871 0.1166948 0.0712365 0.0999651 0.1230812 0.0936559 0.0880433 0.0691903 0.1959545 0.1029106 0.0998729 0.0871637 0.1032510 0.0943974 0.0966196 0.0938941 0.0335923 0.0432456 0.1093740 0.0927836 0.0902113 0.0985707 0.1098941 0.1038704 0.0743500 0.1133203 0.1134454 0.0935804 0.1031513 0.0792544 0.1198982 0.0885976 0.1002293 0.1025621 0.0927554 0.0994568 0.1105127 0.0961283 0.0826417 0.1053668 0.0883415 0.0862589 0.1436528 0.1110956 0.0900688 0.0755597 0.0866269 0.0843062 0.0663431 0.0951672 0.0808344 0.0744093 0.0866717 0.0896673 0.1014195 0.1355488 0.1671675 0.0927752 0.0662268 0.0841485 0.0934486 0.0807315 0.0793491 0.0698555 0.0761232 0.1041818 0.0941798 0.1383731 0.0784522 0.1155121 0.0955456 0.0833214 0.0747490 0.1392909 0.0740760 0.1414716 0.0749530 0.1089100 0.0502909 0.1182783 0.1185147 0.0758223 0.1471338 0.0931095 0.0899466 0.0557221 0.0870552 0.1830986 0.1744887 0.0787224 0.0951480 0.1099626 0.0669095 0.0943976 0.1028108 0.0957417 0.1023010 0.0476719 0.0840476 0.0933795 0.0842755 0.1186284 0.0705853 0.1084603 0.1378280 0.0644624 0.0906563 0.0922298 0.0911838 0.0717183 0.0874341 0.0844917 0.0962969 0.0911594 0.0838821 0.0569387 0.0645742 
ERR2789774    0.6232041 0.4881224 0.5180756 0.1202887 0.1174546 0.0000000 0.3026639 0.0906917 0.1076453 0.1274745 0.1371518 0.0847201 0.1199488 0.1245034 0.1412287 0.0895414 0.1235289 0.1390385 0.1462261 0.1374390 0.1443364 0.1249406 0.1308228 0.1469747 0.0829450 0.0810957 0.0896464 0.1332647 0.0898127 0.1173490 0.1055457 0.0875634 0.1319983 0.1442718 0.1364744 0.1177405 0.0902974 0.1340752 0.1553889 0.1276647 0.0959702 0.0873014 0.1344560 0.1365848 0.0563268 0.0835274 0.1145346 0.1411582 0.1753313 0.0912353 0.1470935 0.1390346 0.0812369 0.1096700 0.0994850 0.0847676 0.1078688 0.1139410 0.1407625 0.1086474 0.1485907 0.1509215 0.1606668 0.1393459 0.1052729 0.1309296 0.1199129 0.1230122 0.1211729 0.1051049 0.1313510 0.0842660 0.1132696 0.1582003 0.1056296 0.1463164 0.1413582 0.1294330 0.1336705 0.1656227 0.1011374 0.1640055 0.1097160 0.1399604 0.1211706 0.1479170 0.0864904 0.1228461 0.1641871 0.0828748 0.1013493 0.1197687 0.1112329 0.1682428 0.1635889 0.1320030 0.1413207 0.1282429 0.1144589 0.1449597 0.1511183 0.0850429 0.1267750 0.1624708 0.1356076 0.0759441 0.0743019 0.0984213 0.1208601 0.0926431 0.1556085 0.1210745 0.1351365 0.1363808 0.0863219 0.1103842 0.1315334 0.1195895 0.0849168 0.1305961 0.0814824 0.0326385 0.1224791 
PAFTOL_019361 0.4432423 0.3531894 0.4644987 0.2708445 0.1957871 0.3026639 0.0000000 0.2777550 0.2276092 0.2319436 0.2776964 0.2326293 0.2348018 0.2452392 0.3500810 0.2557778 0.2322554 0.2520850 0.3032402 0.2314987 0.2770548 0.2375042 0.2295371 0.2349987 0.2792234 0.2251330 0.2313232 0.2419958 0.2657833 0.2434893 0.2186757 0.2718650 0.2423678 0.2561795 0.2391555 0.2660021 0.2680622 0.2410639 0.2292427 0.2554993 0.2425855 0.2377717 0.2371720 0.2312030 0.2547976 0.2495034 0.2303407 0.2664568 0.3057454 0.2736714 0.2669705 0.2695943 0.2297377 0.2413337 0.2159041 0.2496703 0.2201785 0.2253508 0.2736076 0.2315525 0.2539254 0.2551037 0.2749856 0.2352209 0.2332545 0.2350426 0.2401694 0.2670093 0.2601117 0.2492805 0.2644075 0.2537760 0.2476768 0.2737412 0.2233559 0.2459930 0.2385936 0.2671403 0.2634070 0.2920435 0.2111375 0.2766667 0.2220665 0.2969164 0.2319024 0.2495734 0.2595182 0.2567451 0.2855070 0.2285810 0.2549874 0.2498681 0.2251031 0.3032742 0.3005285 0.2544927 0.2447323 0.2339501 0.2263944 0.2687082 0.2668533 0.2350274 0.2257919 0.2481400 0.2670658 0.2364510 0.2266259 0.2771209 0.2410505 0.2447084 0.2802492 0.2632324 0.2731629 0.2188310 0.2397277 0.2140427 0.2319496 0.2465189 0.2384943 0.2637057 0.2233424 0.1169355 0.2200373 
S0055         0.5697360 0.4814528 0.5011145 0.1047081 0.1166948 0.0906917 0.2777550 0.0000000 0.1030065 0.1170080 0.0876980 0.0576723 0.0999497 0.0985404 0.1059138 0.0654416 0.1155937 0.1151606 0.1266122 0.1206825 0.1316628 0.1126316 0.1063070 0.1117581 0.0549807 0.0506351 0.0562183 0.1167908 0.0558323 0.1072244 0.0899121 0.0558283 0.1383729 0.1182515 0.1169656 0.1103156 0.0543706 0.1045029 0.1093155 0.1216967 0.0591730 0.0580821 0.1220078 0.1142085 0.0511270 0.0539674 0.0765956 0.1286311 0.1401183 0.0652674 0.1268491 0.1224583 0.0539337 0.1005577 0.0880189 0.0607263 0.0902691 0.0977052 0.1196676 0.0710082 0.1235385 0.1308543 0.1515597 0.1087169 0.0938356 0.1183260 0.1069775 0.1014777 0.1046704 0.0858906 0.1128383 0.0716100 0.0879545 0.1277846 0.0975759 0.1184669 0.1245416 0.1010535 0.1089853 0.1374886 0.0857462 0.1350598 0.0930860 0.1245636 0.0893284 0.1229177 0.0535430 0.1056147 0.1343085 0.0538423 0.0665307 0.0882408 0.0993751 0.1617176 0.1567440 0.1103130 0.1180694 0.1115693 0.0873940 0.1206098 0.1268389 0.0489804 0.1087223 0.1186477 0.1069063 0.0489751 0.0407667 0.0405746 0.0956049 0.0539174 0.1353905 0.0971558 0.1085882 0.1200382 0.0442471 0.0942370 0.1172004 0.0911265 0.0558610 0.0938241 0.0470573 0.0876130 0.1039315 
S0196sl       0.5948375 0.4674982 0.4830778 0.0783205 0.0712365 0.1076453 0.2276092 0.1030065 0.0000000 0.0793724 0.0867561 0.0812534 0.0774537 0.0792077 0.1431050 0.0926057 0.0841319 0.0836316 0.0899494 0.0840194 0.0852181 0.0835806 0.0642636 0.0937977 0.0855156 0.0767927 0.0729263 0.0798415 0.0793570 0.0816770 0.0147702 0.0846924 0.0794841 0.0871215 0.0746877 0.0745570 0.0931552 0.0734082 0.0767660 0.0959480 0.0719574 0.0853316 0.0885354 0.0789273 0.0639479 0.0851105 0.0673315 0.0806996 0.1489381 0.0918585 0.0896150 0.0650315 0.0806711 0.0702221 0.0114461 0.0805872 0.0181881 0.0216069 0.0891072 0.0660748 0.0896855 0.1026571 0.1284939 0.0872280 0.0544355 0.0728691 0.0726890 0.0755137 0.0748073 0.0583547 0.0668347 0.0916601 0.0630705 0.1351632 0.0616110 0.0950574 0.0895306 0.0750040 0.0791084 0.1441892 0.0130177 0.1436200 0.0630329 0.0883911 0.0711407 0.0946645 0.0891882 0.0739854 0.1381060 0.0785758 0.0871447 0.0609999 0.0643934 0.1414328 0.1343847 0.0751027 0.0801003 0.0903003 0.0608549 0.0814187 0.0874045 0.0805634 0.0792467 0.1134958 0.0859024 0.0731969 0.0709849 0.1095194 0.0686746 0.0870322 0.1023010 0.0784089 0.0860921 0.0925401 0.0694863 0.0164860 0.0787739 0.0646495 0.0856229 0.0729831 0.0583269 0.0577071 0.0501522 
S0278         0.6101537 0.4600238 0.5156516 0.0904098 0.0999651 0.1274745 0.2319436 0.1170080 0.0793724 0.0000000 0.1065609 0.1037771 0.0396506 0.0835575 0.1557765 0.1117124 0.0329995 0.1090759 0.1215305 0.0460526 0.1133414 0.0423319 0.0847052 0.1094814 0.1106433 0.1021347 0.1050505 0.0517853 0.1081367 0.0333932 0.0751599 0.1131962 0.0434507 0.1129161 0.0499359 0.0959646 0.1087084 0.1029146 0.0956981 0.0395032 0.1027523 0.1150886 0.0330909 0.0444974 0.0920335 0.1103332 0.0957999 0.1105503 0.1795030 0.1230256 0.1118719 0.1055974 0.1017747 0.0986407 0.0751361 0.1074161 0.0809144 0.0826555 0.1205703 0.0903921 0.0584884 0.1196774 0.0945200 0.0463367 0.0600485 0.0312481 0.1001584 0.1007840 0.0950264 0.0879818 0.0961212 0.1100586 0.1006369 0.1541883 0.0946906 0.1221405 0.1191981 0.0976300 0.1039999 0.1666367 0.0748009 0.1719820 0.0392531 0.1265170 0.0795257 0.1216741 0.1122343 0.0857207 0.1595008 0.1015215 0.1182001 0.0840000 0.0242882 0.1075732 0.1033222 0.1031537 0.0479390 0.0346055 0.0872083 0.1088748 0.1172148 0.1080069 0.0982174 0.1186464 0.0896667 0.1005353 0.0971187 0.1331302 0.0924073 0.1095758 0.0722858 0.0942324 0.0938227 0.0380711 0.1011099 0.0806928 0.0461679 0.0981335 0.1126488 0.1085610 0.0865706 0.1645819 0.0593678 
S0281         0.5931368 0.4728232 0.4989819 0.1045935 0.1230812 0.1371518 0.2776964 0.0876980 0.0867561 0.1065609 0.0000000 0.0925093 0.1092427 0.0946526 0.0811460 0.1134011 0.1144166 0.1031048 0.1164530 0.1123073 0.1248295 0.0926521 0.1018062 0.1505732 0.0965255 0.0881674 0.0908374 0.1080860 0.0872862 0.1139752 0.0656016 0.0963145 0.1302951 0.1102764 0.1047383 0.0904301 0.0932662 0.0961898 0.0973003 0.1174245 0.0962003 0.0980043 0.1170905 0.1115108 0.1001279 0.0898831 0.0596193 0.1150082 0.1517953 0.0981670 0.1098290 0.1463326 0.0897684 0.0875045 0.0652197 0.0937646 0.0676332 0.0721420 0.0940767 0.0537260 0.1112057 0.1212690 0.1585456 0.1191304 0.0849032 0.1158079 0.1019507 0.0807227 0.0859000 0.0725023 0.0841020 0.1231303 0.0568209 0.1489988 0.1149971 0.1103215 0.1225377 0.0975360 0.1005923 0.1566728 0.0630494 0.1418718 0.0952582 0.1011948 0.0699412 0.1148972 0.0795918 0.0955818 0.1514410 0.0853880 0.0924398 0.0782234 0.0912869 0.1740672 0.1679113 0.1004078 0.1154103 0.1029280 0.0837176 0.1057864 0.1126968 0.0925880 0.0998635 0.1438680 0.1050790 0.0807173 0.0816420 0.1023941 0.0987969 0.0758290 0.1242440 0.0983672 0.1126026 0.1190333 0.0663185 0.0697330 0.1115493 0.0607701 0.0905516 0.0655055 0.0761419 0.7793689 0.0948159 
S0282         0.5793155 0.4526123 0.4872653 0.0902266 0.0936559 0.0847201 0.2326293 0.0576723 0.0812534 0.1037771 0.0925093 0.0000000 0.0871667 0.0865840 0.0597965 0.0545643 0.1042822 0.0925108 0.1073857 0.1050219 0.1036304 0.0950992 0.0883135 0.0985476 0.0628380 0.0102774 0.0195834 0.0994302 0.0556529 0.0990126 0.0766561 0.0637182 0.1101442 0.1038915 0.1039391 0.0914347 0.0718710 0.0838202 0.0770132 0.1099469 0.0452108 0.0242970 0.1082520 0.1074897 0.0544904 0.0210408 0.0666188 0.0987363 0.1484595 0.0650877 0.0995828 0.1179254 0.0209186 0.0893655 0.0729478 0.0224587 0.0768234 0.0859097 0.1106943 0.0649979 0.1165705 0.1065673 0.1415730 0.1060086 0.0783742 0.1023426 0.0863891 0.0863498 0.0964948 0.0738462 0.1021781 0.0546384 0.0748411 0.1356930 0.0860113 0.0955938 0.1049125 0.1000800 0.1039990 0.1373946 0.0708329 0.1368194 0.0850289 0.1088636 0.0757686 0.0971687 0.0420408 0.0893799 0.1362227 0.0178341 0.0575245 0.0762494 0.0864613 0.1493173 0.1445208 0.0905655 0.1132248 0.1026180 0.0735513 0.1021669 0.1080431 0.0194382 0.0874756 0.1151454 0.0947323 0.0149254 0.0149595 0.0669992 0.0855611 0.0436327 0.1166787 0.0939641 0.0899751 0.1131075 0.0392207 0.0770118 0.0943555 0.0840987 0.0163743 0.0903894 0.0322399 0.0215309 0.0659990 
S0289         0.5756712 0.4466562 0.4790704 0.0809342 0.0880433 0.1199488 0.2348018 0.0999497 0.0774537 0.0396506 0.1092427 0.0871667 0.0000000 0.0760462 0.1443477 0.0964371 0.0381978 0.0938282 0.1113490 0.0366364 0.1046426 0.0407970 0.0738712 0.1097719 0.1012995 0.0817818 0.0863230 0.0384229 0.0894261 0.0366512 0.0699756 0.0999034 0.0490881 0.1013966 0.0467855 0.0864040 0.1053883 0.0953426 0.0968044 0.0444728 0.0845419 0.0941196 0.0335033 0.0447707 0.0867150 0.0934202 0.0921553 0.1019403 0.1655849 0.1033751 0.1004623 0.1123113 0.0815773 0.0866611 0.0682215 0.0907175 0.0756562 0.0773855 0.1083770 0.0906367 0.0551469 0.1098617 0.0812137 0.0464350 0.0585161 0.0315935 0.0870548 0.0905651 0.0854035 0.0801805 0.0926388 0.1017978 0.0951337 0.1455113 0.0909715 0.1059219 0.1112355 0.0942430 0.0966846 0.1594855 0.0696442 0.1556138 0.0344505 0.1205522 0.0702974 0.1055237 0.0992572 0.0780642 0.1549312 0.0851087 0.1031200 0.0768480 0.0243273 0.0921010 0.0880277 0.0899104 0.0447244 0.0414330 0.0778800 0.0974472 0.1055717 0.0874981 0.0889461 0.1105336 0.0880773 0.0839378 0.0787800 0.1154488 0.0821646 0.0967290 0.0668062 0.0807274 0.0902816 0.0317619 0.0845108 0.0736398 0.0347560 0.0926808 0.0897055 0.1010163 0.0741694 0.1147127 0.0598640 
S0292         0.5532480 0.4181323 0.4694141 0.0635217 0.0691903 0.1245034 0.2452392 0.0985404 0.0792077 0.0835575 0.0946526 0.0865840 0.0760462 0.0000000 0.1371582 0.0997907 0.0783709 0.0909345 0.0917522 0.0897232 0.1008231 0.0834265 0.0717223 0.0850021 0.0887295 0.0812535 0.0875761 0.0863654 0.0822977 0.0758567 0.0714564 0.0889625 0.0905818 0.0908382 0.0796519 0.0704502 0.0913303 0.0793942 0.0885927 0.0926602 0.0901113 0.0859577 0.0879646 0.0807231 0.0797395 0.0890171 0.0701174 0.0961325 0.1404757 0.0937662 0.0955859 0.0931858 0.0810684 0.0716770 0.0695653 0.0915501 0.0752293 0.0733920 0.0893842 0.0665718 0.0972667 0.1043599 0.1295422 0.0841893 0.0554120 0.0815860 0.0824532 0.0705804 0.0749377 0.0597295 0.0860977 0.1012509 0.0786014 0.1392603 0.0802516 0.0962810 0.1019701 0.0805018 0.0750898 0.1409607 0.0692579 0.1518794 0.0629790 0.0945400 0.0628308 0.0978371 0.0845606 0.0398213 0.1452141 0.0846401 0.1006233 0.0543225 0.0681502 0.1417275 0.1392787 0.0849280 0.0845197 0.0893656 0.0673490 0.0948657 0.0987303 0.0794816 0.0817158 0.0819498 0.0241213 0.0791916 0.0722349 0.1080997 0.0350288 0.0872194 0.1160753 0.0210525 0.0240499 0.0777362 0.0803516 0.0754132 0.0814815 0.0769595 0.0869946 0.0922505 0.0755968 0.0679234 0.0506392 
S0293         0.7225721 0.5350373 0.6045188 0.1370488 0.1959545 0.1412287 0.3500810 0.1059138 0.1431050 0.1557765 0.0811460 0.0597965 0.1443477 0.1371582 0.0000000 0.1063685 0.1616707 0.1565195 0.1684163 0.1633041 0.1811775 0.1503165 0.1370678 0.1709792 0.1158717 0.0541912 0.0660151 0.1591887 0.1100363 0.1538937 0.1256562 0.1159188 0.1873480 0.1667952 0.1553334 0.1513202 0.1238654 0.1363886 0.0923204 0.1659592 0.0906619 0.0678744 0.1616238 0.1551286 0.1004146 0.0655492 0.1189590 0.1746243 0.2147585 0.1199338 0.1652205 0.1880667 0.0634829 0.1448051 0.1215197 0.0671442 0.1258604 0.1283728 0.1624217 0.1176319 0.1605578 0.1634054 0.2037294 0.1535881 0.1299427 0.1621598 0.1453581 0.1416495 0.1449234 0.1311395 0.1631658 0.1199826 0.1315729 0.2009644 0.1403380 0.1454430 0.1592173 0.1561338 0.1584073 0.1981970 0.1206255 0.2027851 0.1354659 0.1694461 0.1253781 0.1471171 0.0850429 0.1522998 0.2068031 0.0597964 0.1075105 0.1262094 0.1322821 0.2119814 0.2066688 0.1511146 0.1644988 0.1583976 0.1268308 0.1653019 0.1719787 0.0599137 0.1420477 0.1729842 0.1491221 0.0581582 0.0567765 0.1173698 0.1444530 0.0868489 0.1227707 0.1442351 0.1384933 0.1732443 0.0863133 0.1260426 0.1523465 0.1351548 0.0599446 0.1400764 0.0772323 0.9583353 0.0762601 
S0294         0.5457184 0.4574222 0.4637090 0.1013233 0.1029106 0.0895414 0.2557778 0.0654416 0.0926057 0.1117124 0.1134011 0.0545643 0.0964371 0.0997907 0.1063685 0.0000000 0.1198358 0.1178126 0.1191468 0.1212310 0.1304779 0.1129072 0.1111510 0.1076943 0.0649355 0.0472673 0.0548662 0.1148176 0.0634662 0.1027664 0.0889201 0.0662552 0.1306576 0.1275775 0.1198802 0.1005799 0.0728030 0.0988815 0.1047045 0.1218393 0.0593507 0.0584025 0.1246958 0.1186791 0.0625533 0.0579695 0.0871363 0.1250054 0.1553785 0.0645969 0.1282849 0.1221698 0.0526751 0.0964142 0.0833616 0.0577265 0.0891182 0.0967662 0.1173836 0.0854453 0.1280408 0.1263650 0.1546395 0.1212825 0.0846878 0.1124213 0.1138606 0.0951772 0.1028752 0.0821336 0.1027841 0.0280691 0.0938223 0.1431763 0.0971721 0.1166989 0.1250286 0.1045117 0.1107570 0.1418877 0.0827745 0.1413774 0.0921994 0.1204863 0.0901539 0.1182950 0.0686372 0.0949600 0.1406591 0.0491230 0.0709292 0.0886284 0.0959504 0.1622121 0.1575916 0.1156559 0.1254097 0.1124177 0.0862352 0.1242220 0.1344203 0.0526716 0.1094682 0.1216566 0.1011318 0.0512802 0.0497002 0.0788051 0.0975130 0.0615314 0.1489574 0.0965097 0.1068000 0.1233190 0.0500005 0.0895477 0.1156660 0.0991121 0.0565109 0.0958785 0.0545709 0.0471294 0.0862073 
S0299         0.5926935 0.4491077 0.4948603 0.0887820 0.0998729 0.1235289 0.2322554 0.1155937 0.0841319 0.0329995 0.1144166 0.1042822 0.0381978 0.0783709 0.1616707 0.1198358 0.0000000 0.1010136 0.1199658 0.0427838 0.1178504 0.0474418 0.0831325 0.1026416 0.1088650 0.0964671 0.1094537 0.0552666 0.1006578 0.0431259 0.0736337 0.1091743 0.0569250 0.1047840 0.0517938 0.0945176 0.1072401 0.0987725 0.0987591 0.0542341 0.0994817 0.1114679 0.0348282 0.0478590 0.0962844 0.1106275 0.1056015 0.1150102 0.1707984 0.1195943 0.1080005 0.1055404 0.0984800 0.0946429 0.0737704 0.1079397 0.0793820 0.0776036 0.1188729 0.1003287 0.0637582 0.1156920 0.0947864 0.0513092 0.0671704 0.0379606 0.0848776 0.0989755 0.0971306 0.0900904 0.1019987 0.1129308 0.1090590 0.1391578 0.1027632 0.1098200 0.1128753 0.0936529 0.0960751 0.1667504 0.0732816 0.1633995 0.0377291 0.1269994 0.0853534 0.1094052 0.1125338 0.0860919 0.1575361 0.1021187 0.1186414 0.0749373 0.0275244 0.1076359 0.0992341 0.0993198 0.0513477 0.0443595 0.0831824 0.1049984 0.1112003 0.1005351 0.0944613 0.1070867 0.0857385 0.1010259 0.0955385 0.1337992 0.0886683 0.1021050 0.0726879 0.0863924 0.0862153 0.0413298 0.1017123 0.0775062 0.0495490 0.1064570 0.1090515 0.1169210 0.0868825 0.1173503 0.0750972 
S0303         0.5589578 0.4676058 0.4777959 0.0967036 0.0871637 0.1390385 0.2520850 0.1151606 0.0836316 0.1090759 0.1031048 0.0925108 0.0938282 0.0909345 0.1565195 0.1178126 0.1010136 0.0000000 0.0743078 0.1014842 0.0200545 0.0911421 0.0871064 0.1039148 0.1058471 0.0910851 0.1026599 0.1021129 0.1011759 0.0996382 0.0754292 0.1066196 0.1015445 0.0146580 0.0989469 0.1007345 0.1279284 0.0576393 0.0145926 0.1149252 0.0945947 0.1020364 0.1100107 0.1027311 0.0984794 0.1058526 0.0862582 0.0097992 0.1722975 0.1094704 0.0086596 0.1189092 0.0937151 0.1082589 0.0755699 0.0990014 0.0794129 0.0812767 0.1323435 0.0850830 0.1175527 0.0840701 0.1575677 0.1030068 0.0826626 0.0934109 0.0400875 0.1074157 0.1096685 0.0956842 0.1155769 0.1167103 0.0876124 0.1607231 0.0889292 0.0723288 0.0802799 0.1119267 0.1098274 0.1877327 0.0750676 0.1805157 0.0841320 0.1334582 0.0725573 0.0720682 0.1009904 0.0935574 0.1755373 0.0956008 0.1159538 0.0844346 0.0869943 0.1675217 0.1628233 0.0072759 0.0999972 0.1059835 0.0395620 0.0117242 0.0146947 0.0934128 0.0700562 0.1163005 0.1033386 0.0921249 0.0844546 0.1281526 0.0898290 0.1012716 0.1252184 0.0988148 0.1000032 0.1096547 0.0947794 0.0815985 0.1006551 0.0854732 0.0954505 0.0955038 0.0852214 0.0836912 0.0746216 
S0308         0.6482204 0.5153123 0.5058291 0.1065458 0.1032510 0.1462261 0.3032402 0.1266122 0.0899494 0.1215305 0.1164530 0.1073857 0.1113490 0.0917522 0.1684163 0.1191468 0.1199658 0.0743078 0.0000000 0.1222512 0.0783461 0.1089553 0.0892950 0.1143165 0.1127045 0.1057100 0.1127608 0.1105192 0.1081011 0.1049844 0.0829985 0.1230321 0.1182131 0.0778445 0.1065085 0.1094541 0.1331909 0.0776039 0.0786716 0.1295825 0.1090516 0.1188198 0.1245895 0.1068845 0.0951369 0.1159353 0.0950434 0.0734295 0.1901926 0.1145962 0.0759189 0.1382487 0.1027745 0.1098081 0.0811991 0.1106360 0.0851111 0.0927179 0.1421835 0.0916606 0.1299927 0.0899191 0.1704313 0.1070615 0.0884943 0.1085251 0.0610809 0.1060610 0.1125186 0.0900253 0.1165250 0.1138581 0.0915169 0.1681794 0.0864286 0.0745502 0.0927987 0.1194709 0.1156121 0.1882661 0.0806544 0.1810623 0.0963086 0.1232786 0.0823251 0.0703385 0.1163156 0.0933825 0.1762985 0.1034649 0.1284192 0.0862857 0.0983445 0.1778914 0.1755895 0.0671719 0.1075658 0.1200857 0.0567333 0.0745254 0.0817165 0.1115481 0.0701974 0.1269691 0.1090246 0.0996442 0.0977702 0.1354270 0.0914112 0.1192367 0.1373333 0.0978301 0.1034452 0.1172246 0.1109921 0.0832031 0.1128238 0.0894761 0.1024597 0.0957030 0.0953182 0.0971585 0.1031313 
S0320         0.6162950 0.4654274 0.4872719 0.0928231 0.0943974 0.1374390 0.2314987 0.1206825 0.0840194 0.0460526 0.1123073 0.1050219 0.0366364 0.0897232 0.1633041 0.1212310 0.0427838 0.1014842 0.1222512 0.0000000 0.1068144 0.0442512 0.0847621 0.1104407 0.1139438 0.0994256 0.1063265 0.0484488 0.1055599 0.0465394 0.0756949 0.1060554 0.0587430 0.1033322 0.0553343 0.0984128 0.1183006 0.1010025 0.1028149 0.0480359 0.0984288 0.1125285 0.0350481 0.0549657 0.1028408 0.1077625 0.1004077 0.1062707 0.1761767 0.1183958 0.1043061 0.1078063 0.0991748 0.0969835 0.0756714 0.1009143 0.0814955 0.0832501 0.1153529 0.0988322 0.0658647 0.1178030 0.1028555 0.0585257 0.0638883 0.0398670 0.0945132 0.1012501 0.0915491 0.0882425 0.0985743 0.1134807 0.1052262 0.1553975 0.1051183 0.1120424 0.1151946 0.1027260 0.1052757 0.1746618 0.0753307 0.1642174 0.0445941 0.1206494 0.0837629 0.1136302 0.1137177 0.0881080 0.1605716 0.1028405 0.1118109 0.0883410 0.0307753 0.1161602 0.1117905 0.0956531 0.0549074 0.0462386 0.0853320 0.1012966 0.1094943 0.1054313 0.0983560 0.1130721 0.1043554 0.1017443 0.0964331 0.1349239 0.0889850 0.1110127 0.0765560 0.0967337 0.1021577 0.0367070 0.1004629 0.0794308 0.0429177 0.1007156 0.1100836 0.1073788 0.0858620 0.1520238 0.0690094 
S0322         0.6097381 0.5087478 0.4937980 0.0980706 0.0966196 0.1443364 0.2770548 0.1316628 0.0852181 0.1133414 0.1248295 0.1036304 0.1046426 0.1008231 0.1811775 0.1304779 0.1178504 0.0200545 0.0783461 0.1068144 0.0000000 0.1116740 0.0948295 0.1051813 0.1135818 0.1039636 0.1122431 0.1073112 0.1107928 0.1070851 0.0854907 0.1114555 0.1038072 0.0147688 0.1131632 0.1048226 0.1388436 0.0695462 0.0145785 0.1223391 0.1098554 0.1113374 0.1238398 0.1122329 0.1013938 0.1161594 0.0959852 0.0130545 0.1870423 0.1228456 0.0199076 0.1023393 0.1066535 0.1136113 0.0836569 0.1110285 0.0901047 0.0921746 0.1406364 0.0947111 0.1241776 0.0997342 0.1769928 0.1077800 0.0916600 0.1037189 0.0492105 0.1180318 0.1180587 0.1057848 0.1224398 0.1212276 0.0996568 0.1732585 0.0945432 0.0885796 0.0868848 0.1202262 0.1180455 0.1988961 0.0850243 0.2034403 0.0940896 0.1355029 0.0826057 0.0882155 0.1149801 0.1019153 0.1915736 0.1088234 0.1298030 0.0981533 0.0995062 0.1915131 0.1859653 0.0131893 0.1085887 0.1236870 0.0487501 0.0148259 0.0215721 0.1059788 0.0771559 0.1266441 0.1183155 0.1009662 0.0936086 0.1365228 0.0889915 0.1199309 0.1326422 0.1108954 0.1113618 0.1233868 0.1100061 0.0879455 0.1058061 0.0971530 0.1086256 0.1088021 0.0925105 0.0957853 0.0815675 
S0327         0.6018159 0.4446512 0.5000936 0.0868618 0.0938941 0.1249406 0.2375042 0.1126316 0.0835806 0.0423319 0.0926521 0.0950992 0.0407970 0.0834265 0.1503165 0.1129072 0.0474418 0.0911421 0.1089553 0.0442512 0.1116740 0.0000000 0.0787111 0.1212237 0.1077381 0.0932127 0.0962888 0.0442920 0.0947200 0.0391328 0.0677260 0.1105821 0.0443912 0.1013053 0.0424766 0.0945669 0.1094680 0.0970346 0.0948016 0.0489362 0.0904594 0.1022021 0.0443359 0.0472698 0.0967197 0.0975382 0.0859796 0.1037346 0.1758685 0.1091614 0.0980551 0.1148912 0.0892869 0.0947044 0.0678525 0.0925666 0.0734697 0.0753890 0.1193877 0.0847882 0.0560726 0.1126337 0.0871572 0.0508685 0.0579138 0.0390231 0.0905937 0.1037832 0.0850387 0.0837548 0.0924853 0.1140476 0.0931322 0.1515169 0.0987574 0.1072774 0.1134858 0.0992233 0.0973265 0.1690671 0.0673998 0.1660664 0.0317237 0.1136453 0.0699552 0.1091919 0.1049810 0.0833375 0.1645544 0.0929461 0.1049192 0.0774609 0.0281119 0.0961860 0.0921905 0.0936949 0.0472950 0.0359289 0.0791887 0.0992682 0.1055468 0.0952558 0.0908712 0.1174893 0.0957793 0.0935891 0.0859135 0.1181487 0.0834007 0.1003505 0.0702616 0.0879131 0.0983094 0.0424026 0.0944063 0.0734242 0.0372245 0.0908003 0.0998107 0.1009959 0.0833120 0.1473539 0.0643659 
S0335         0.5687632 0.4605176 0.4805518 0.0605695 0.0335923 0.1308228 0.2295371 0.1063070 0.0642636 0.0847052 0.1018062 0.0883135 0.0738712 0.0717223 0.1370678 0.1111510 0.0831325 0.0871064 0.0892950 0.0847621 0.0948295 0.0787111 0.0000000 0.0616763 0.0924561 0.0823850 0.0887026 0.0776074 0.0942452 0.0757703 0.0602139 0.0971036 0.0905644 0.0926209 0.0792199 0.0885547 0.1046368 0.0779980 0.0872301 0.0939574 0.0837058 0.0924856 0.0872615 0.0787102 0.0855795 0.0918100 0.0774561 0.0874809 0.1567529 0.1033758 0.0906186 0.1008470 0.0786221 0.0884117 0.0585294 0.0871225 0.0638242 0.0672755 0.0977448 0.0782543 0.0886467 0.1033271 0.1252094 0.0825990 0.0465246 0.0731198 0.0769902 0.0870028 0.0831871 0.0742143 0.0906819 0.1078031 0.0735022 0.1393267 0.0739573 0.0947252 0.0945671 0.0900070 0.0844625 0.1508585 0.0581554 0.1497498 0.0553055 0.1096596 0.0382963 0.0943760 0.0955178 0.0736928 0.1507109 0.0821564 0.0913882 0.0467971 0.0675409 0.1367102 0.1323547 0.0816326 0.0800502 0.0850832 0.0645463 0.0911110 0.0966552 0.0859999 0.0805786 0.0686600 0.0832988 0.0807030 0.0771608 0.1005797 0.0712324 0.0912876 0.1068436 0.0709580 0.0812989 0.0796145 0.0759896 0.0641081 0.0747879 0.0712989 0.0885383 0.0789795 0.0675584 0.0573204 0.0530390 
S0345         0.5799024 0.4892778 0.5008800 0.0555651 0.0432456 0.1469747 0.2349987 0.1117581 0.0937977 0.1094814 0.1505732 0.0985476 0.1097719 0.0850021 0.1709792 0.1076943 0.1026416 0.1039148 0.1143165 0.1104407 0.1051813 0.1212237 0.0616763 0.0000000 0.1004222 0.0934530 0.0889280 0.1141412 0.0979718 0.1132518 0.0965990 0.1033415 0.1287044 0.1103818 0.1128555 0.0925711 0.1189845 0.0994538 0.0864107 0.1246436 0.1021717 0.0964251 0.1236016 0.1113077 0.0879961 0.1008061 0.0895034 0.1051224 0.1749461 0.1154321 0.1103812 0.0977142 0.0833066 0.0946691 0.0918027 0.0976200 0.1041430 0.1087620 0.1058317 0.0875901 0.1233753 0.1304291 0.1745962 0.1088456 0.0797769 0.1020857 0.0977493 0.0913041 0.0859667 0.0807663 0.0951195 0.1074610 0.1058528 0.1560808 0.0898325 0.1220066 0.1247437 0.0989249 0.0945478 0.1608129 0.0958827 0.1840694 0.0833011 0.1039026 0.0696438 0.1299761 0.1034823 0.0856607 0.1710905 0.0880798 0.1102619 0.0764927 0.0999993 0.1880797 0.1778121 0.0956218 0.1133058 0.1232702 0.0892078 0.1033511 0.1104057 0.0907723 0.1030173 0.0245040 0.1005764 0.0890560 0.0796854 0.1111194 0.0807422 0.1051018 0.1487229 0.0900232 0.1006591 0.1164791 0.0916309 0.0936733 0.1120590 0.1024155 0.1012658 0.1108082 0.0785156 0.0354082 0.0577898 
S0376         0.5518409 0.4635185 0.4927375 0.0941322 0.1093740 0.0829450 0.2792234 0.0549807 0.0855156 0.1106433 0.0965255 0.0628380 0.1012995 0.0887295 0.1158717 0.0649355 0.1088650 0.1058471 0.1127045 0.1139438 0.1135818 0.1077381 0.0924561 0.1004222 0.0000000 0.0573701 0.0596386 0.1059103 0.0518794 0.1047850 0.0768676 0.0274035 0.1254433 0.1050499 0.1083224 0.0847547 0.0684141 0.0999742 0.0916572 0.1166750 0.0678459 0.0648873 0.1133565 0.1074596 0.0511054 0.0555436 0.0837012 0.1085242 0.1453312 0.0529704 0.1115077 0.1106646 0.0572610 0.0879968 0.0751994 0.0589616 0.0771715 0.0883163 0.1025349 0.0780609 0.1204830 0.1201094 0.1485356 0.1139247 0.0820048 0.1111834 0.0909641 0.0792945 0.0904862 0.0682143 0.0905185 0.0729281 0.0823926 0.1513937 0.0915576 0.1076537 0.1178448 0.0832258 0.0869948 0.1564761 0.0728933 0.1494220 0.0855335 0.1075157 0.0815849 0.1119533 0.0581038 0.0896473 0.1465202 0.0589028 0.0663393 0.0879142 0.0949355 0.1603508 0.1557927 0.0956457 0.1112485 0.1133314 0.0870467 0.1075274 0.1132837 0.0590560 0.1005036 0.1176106 0.1012456 0.0540213 0.0473015 0.0643226 0.0899756 0.0588008 0.1296960 0.0896652 0.0992108 0.1090682 0.0457518 0.0793222 0.1064861 0.0855513 0.0625804 0.0915852 0.0468584 0.0755101 0.0816657 
S0400         0.5583544 0.4406307 0.4621344 0.0842629 0.0927836 0.0810957 0.2251330 0.0506351 0.0767927 0.1021347 0.0881674 0.0102774 0.0817818 0.0812535 0.0541912 0.0472673 0.0964671 0.0910851 0.1057100 0.0994256 0.1039636 0.0932127 0.0823850 0.0934530 0.0573701 0.0000000 0.0149353 0.0936695 0.0540961 0.0971445 0.0709740 0.0582897 0.1156435 0.1001802 0.1000856 0.0900192 0.0685519 0.0802238 0.0802493 0.1041132 0.0385023 0.0195318 0.1026531 0.0973696 0.0530334 0.0163582 0.0650317 0.0990529 0.1464388 0.0636363 0.1007020 0.1099257 0.0162960 0.0877312 0.0674818 0.0178140 0.0711277 0.0783180 0.1043085 0.0635475 0.1061221 0.1051381 0.1354627 0.0958910 0.0726688 0.1004072 0.0847749 0.0809197 0.0903935 0.0722126 0.0959802 0.0503585 0.0734139 0.1314874 0.0800387 0.0876070 0.1005796 0.0939259 0.0977729 0.1354152 0.0652839 0.1348488 0.0774987 0.1025022 0.0700388 0.0891720 0.0369683 0.0855108 0.1342601 0.0132623 0.0521550 0.0685993 0.0810178 0.1428288 0.1384305 0.0891333 0.1029650 0.1009668 0.0699939 0.1007411 0.1063833 0.0132699 0.0860585 0.1086993 0.0890911 0.0103593 0.0103614 0.0615455 0.0813925 0.0385393 0.1150438 0.0882720 0.0846269 0.1071822 0.0342116 0.0714509 0.0887224 0.0784419 0.0132908 0.0844087 0.0273398 0.0336376 0.0690698 
S0405         0.5609296 0.4453554 0.4874461 0.0850420 0.0902113 0.0896464 0.2313232 0.0562183 0.0729263 0.1050505 0.0908374 0.0195834 0.0863230 0.0875761 0.0660151 0.0548662 0.1094537 0.1026599 0.1127608 0.1063265 0.1122431 0.0962888 0.0887026 0.0889280 0.0596386 0.0149353 0.0000000 0.1005347 0.0580637 0.1040939 0.0734279 0.0567009 0.1168407 0.1118074 0.1050851 0.0982239 0.0745627 0.0905384 0.0890193 0.1113071 0.0454161 0.0180752 0.1095928 0.1042006 0.0603900 0.0195827 0.0674858 0.1071370 0.1542577 0.0658871 0.1099995 0.1173787 0.0194688 0.0924183 0.0697362 0.0241020 0.0735885 0.0826493 0.1085972 0.0658448 0.1109953 0.1099428 0.1382661 0.1027102 0.0710789 0.1013473 0.0930936 0.0931751 0.0988533 0.0785471 0.0988387 0.0570817 0.0757598 0.1411800 0.0863737 0.1008639 0.1123165 0.1007077 0.1046540 0.1379634 0.0676412 0.1422228 0.0858510 0.1092520 0.0743258 0.1024584 0.0405843 0.0905333 0.1417399 0.0194374 0.0543460 0.0784276 0.0875235 0.1460247 0.1412389 0.0980386 0.1079855 0.1038841 0.0822808 0.1100430 0.1161179 0.0133495 0.0904426 0.1116864 0.0935977 0.0165180 0.0089034 0.0655438 0.0886691 0.0421792 0.1176528 0.0969516 0.0910072 0.1145239 0.0343637 0.0716512 0.0953844 0.0808405 0.0227780 0.0870877 0.0307783 0.0467669 0.0700792 
S0407sl       0.5799620 0.4300294 0.4685547 0.0836645 0.0985707 0.1332647 0.2419958 0.1167908 0.0798415 0.0517853 0.1080860 0.0994302 0.0384229 0.0863654 0.1591887 0.1148176 0.0552666 0.1021129 0.1105192 0.0484488 0.1073112 0.0442920 0.0776074 0.1141412 0.1059103 0.0936695 0.1005347 0.0000000 0.0976970 0.0485688 0.0738542 0.1067445 0.0511599 0.1057367 0.0467693 0.0932999 0.1145500 0.0979181 0.0963815 0.0568740 0.0927490 0.1064162 0.0538311 0.0516972 0.0953008 0.1033724 0.0944661 0.1047873 0.1683870 0.1146486 0.1051849 0.1172751 0.0955640 0.0996072 0.0739913 0.1030874 0.0796216 0.0815479 0.1175156 0.0931026 0.0624984 0.1235899 0.0993474 0.0553370 0.0553579 0.0452987 0.0895893 0.0981004 0.0940032 0.0867778 0.0935103 0.1134388 0.0975707 0.1410757 0.0858522 0.1029942 0.1138312 0.0972316 0.1017847 0.1642000 0.0735000 0.1513543 0.0414330 0.1297722 0.0707484 0.1045920 0.1076253 0.0884812 0.1507313 0.0935012 0.1155871 0.0846520 0.0357137 0.1103244 0.1062559 0.0964571 0.0532755 0.0553631 0.0803346 0.1019658 0.1099759 0.0994672 0.0934580 0.1138219 0.1006876 0.0961549 0.0883880 0.1329231 0.0827620 0.1049900 0.0751693 0.0912352 0.1012569 0.0451867 0.0947311 0.0777397 0.0192915 0.0972493 0.1041544 0.1053882 0.0782462 0.1639729 0.0542555 
S0412sl       0.5830088 0.4530472 0.4679493 0.0881564 0.1098941 0.0898127 0.2657833 0.0558323 0.0793570 0.1081367 0.0872862 0.0556529 0.0894261 0.0822977 0.1100363 0.0634662 0.1006578 0.1011759 0.1081011 0.1055599 0.1107928 0.0947200 0.0942452 0.0979718 0.0518794 0.0540961 0.0580637 0.0976970 0.0000000 0.1004727 0.0731872 0.0476385 0.1107138 0.1062980 0.1022168 0.0879891 0.0554400 0.0911479 0.0882542 0.1064051 0.0555595 0.0579921 0.1088835 0.1032346 0.0525051 0.0577168 0.0684357 0.1057989 0.1504994 0.0421870 0.1087312 0.1080548 0.0523113 0.0801915 0.0696605 0.0556840 0.0733468 0.0825516 0.0923104 0.0650388 0.1081846 0.1151922 0.1393800 0.1096026 0.0745162 0.1026438 0.0898839 0.0846787 0.0863828 0.0663386 0.0900787 0.0710774 0.0784158 0.1473300 0.0843005 0.1029516 0.1005202 0.0827982 0.0865458 0.1479473 0.0674233 0.1431225 0.0814517 0.1011973 0.0758827 0.1045222 0.0572049 0.0734154 0.1423477 0.0539438 0.0556582 0.0742016 0.0868134 0.1510237 0.1465640 0.0930623 0.1069821 0.1106489 0.0731353 0.1047983 0.1079241 0.0540836 0.0934808 0.1084821 0.0983711 0.0507609 0.0424255 0.0738743 0.0756047 0.0558807 0.1264573 0.0873375 0.0883442 0.1046640 0.0358144 0.0736836 0.0945039 0.0877535 0.0575707 0.0900350 0.0388576 0.0717083 0.0721177 
S0417         0.6068270 0.4611263 0.4660368 0.0850587 0.1038704 0.1173490 0.2434893 0.1072244 0.0816770 0.0333932 0.1139752 0.0990126 0.0366512 0.0758567 0.1538937 0.1027664 0.0431259 0.0996382 0.1049844 0.0465394 0.1070851 0.0391328 0.0757703 0.1132518 0.1047850 0.0971445 0.1040939 0.0485688 0.1004727 0.0000000 0.0717754 0.1035006 0.0436264 0.1034233 0.0467389 0.0945600 0.1112359 0.0936466 0.1000873 0.0513337 0.0938368 0.1060931 0.0350630 0.0448633 0.0865952 0.1052933 0.0882930 0.1065673 0.1686990 0.1132496 0.0988091 0.1084547 0.0932506 0.1008465 0.0699272 0.1026532 0.0774865 0.0793941 0.1210998 0.0844003 0.0569867 0.1023096 0.0854349 0.0433980 0.0567976 0.0330928 0.0909728 0.1030085 0.0954390 0.0879422 0.1085848 0.1059390 0.0967467 0.1455985 0.0884629 0.1083430 0.1095266 0.1044725 0.1070361 0.1673136 0.0714335 0.1659210 0.0362219 0.1289142 0.0779256 0.1079330 0.1025955 0.0818119 0.1556251 0.0968721 0.1132474 0.0782790 0.0259990 0.0942054 0.0903007 0.0940348 0.0448169 0.0415223 0.0756701 0.0996774 0.1076243 0.0991737 0.0854540 0.1087895 0.0879085 0.0934648 0.0880405 0.1131514 0.0820031 0.1086396 0.0667928 0.0823994 0.0901679 0.0332545 0.0944515 0.0774409 0.0430222 0.0942844 0.1010968 0.1043572 0.0817475 0.1330170 0.0628750 
S0419         0.5695115 0.4494132 0.4883155 0.0725878 0.0743500 0.1055457 0.2186757 0.0899121 0.0147702 0.0751599 0.0656016 0.0766561 0.0699756 0.0714564 0.1256562 0.0889201 0.0736337 0.0754292 0.0829985 0.0756949 0.0854907 0.0677260 0.0602139 0.0965990 0.0768676 0.0709740 0.0734279 0.0738542 0.0731872 0.0717754 0.0000000 0.0760322 0.0797365 0.0785340 0.0622596 0.0690956 0.0873284 0.0680844 0.0728845 0.0860659 0.0667325 0.0806361 0.0757321 0.0712172 0.0631055 0.0800589 0.0557330 0.0809546 0.1357375 0.0820932 0.0806780 0.0893104 0.0725991 0.0634136 0.0072370 0.0760993 0.0116774 0.0146579 0.0841843 0.0545495 0.0845112 0.0878245 0.1157323 0.0786449 0.0480200 0.0672141 0.0640309 0.0671290 0.0657868 0.0517374 0.0640373 0.0898917 0.0487189 0.1234685 0.0611897 0.0838414 0.0821523 0.0714574 0.0750828 0.1362040 0.0071955 0.1290573 0.0570143 0.0847171 0.0607345 0.0854039 0.0781639 0.0686104 0.1259660 0.0707771 0.0820044 0.0519797 0.0548110 0.1269894 0.1227594 0.0679897 0.0685478 0.0737147 0.0552185 0.0752579 0.0823604 0.0744710 0.0696771 0.1034041 0.0811750 0.0695674 0.0661156 0.0978453 0.0693204 0.0763041 0.0906556 0.0706053 0.0791951 0.0810451 0.0629012 0.0132141 0.0729807 0.0500722 0.0768455 0.0571223 0.0513586 0.0705321 0.0502602 
S0427         0.5772703 0.4673668 0.4955103 0.0965783 0.1133203 0.0875634 0.2718650 0.0558283 0.0846924 0.1131962 0.0963145 0.0637182 0.0999034 0.0889625 0.1159188 0.0662552 0.1091743 0.1066196 0.1230321 0.1060554 0.1114555 0.1105821 0.0971036 0.1033415 0.0274035 0.0582897 0.0567009 0.1067445 0.0476385 0.1035006 0.0760322 0.0000000 0.1320116 0.1078298 0.1136883 0.0928605 0.0624026 0.0968471 0.0889338 0.1116918 0.0724822 0.0564200 0.1139886 0.1122770 0.0533686 0.0598840 0.0815343 0.1094361 0.1452370 0.0483622 0.1093462 0.1159236 0.0563382 0.0848272 0.0719262 0.0632520 0.0781361 0.0873954 0.1078603 0.0756607 0.1281171 0.1178859 0.1528766 0.1167108 0.0826249 0.1097183 0.0954752 0.0841013 0.0959634 0.0728788 0.0959206 0.0655683 0.0874130 0.1472514 0.0927626 0.1021081 0.1057584 0.0903975 0.0942934 0.1500285 0.0720241 0.1502760 0.0817662 0.1021836 0.0824402 0.1063535 0.0539325 0.0854387 0.1443003 0.0579995 0.0692082 0.0864887 0.0916350 0.1657584 0.1606923 0.0961195 0.1161259 0.1139631 0.0839040 0.1080655 0.1141114 0.0545585 0.0984300 0.1196680 0.1015624 0.0513457 0.0427924 0.0670586 0.0864677 0.0561170 0.1305129 0.0926854 0.0994794 0.1138533 0.0429569 0.0761495 0.1073156 0.0869334 0.0618488 0.0915432 0.0476773 0.0755101 0.0825432 
