102
CRNC          0.0000000 0.3147845 0.3177080 0.3252319 0.5971631 0.3726600 0.3239099 0.3719194 0.4073821 0.3758829 0.4150160 0.3360294 0.3906749 0.4054815 0.4361769 0.5190545 0.4349353 0.4099253 0.3162662 0.3195985 0.4009710 0.3884464 0.0000010 0.3776927 0.3621011 0.3630724 0.4331082 0.3486850 0.3648878 0.4474690 0.4382245 0.3957557 0.4218612 0.4019287 0.3681029 0.3506070 0.4009710 0.3607356 0.4486879 0.3099636 0.3380761 0.4244529 0.3724133 0.3538780 0.3435166 0.4462325 0.3468126 0.4117983 0.3783801 0.3802356 0.3556076 0.3556127 0.4407774 0.3256292 0.3907870 0.4431415 0.2926293 0.3772034 0.3971447 0.3177336 0.3337329 0.3668066 0.2981824 0.3435166 0.3099636 0.3199340 0.2658162 0.4127743 0.4412008 0.3996396 0.2868150 0.4071409 0.3920182 0.3235627 0.3844836 0.3834321 0.3904493 0.4494075 0.3468333 0.4270284 0.3998999 0.4260735 0.4334579 0.3875899 0.4316519 0.2920120 0.2874542 0.3603982 0.3726600 0.3154145 0.2682099 0.3817744 0.3694949 0.3115323 0.3718987 0.3480223 0.3614296 0.4410869 0.3760588 0.3767488 0.4100127 0.3859893 
HYZL          0.3147845 0.0000000 0.1395101 0.2587545 0.3859546 0.2081664 0.2783301 0.2078719 0.3019577 0.3629102 0.2181089 0.2608899 0.2203525 0.2628752 0.3506908 0.3477803 0.3233890 0.2883226 0.2716351 0.2283338 0.2081664 0.1964134 0.0000010 0.2676219 0.2997895 0.2207806 0.3178377 0.2673817 0.2435335 0.3169521 0.3500156 0.2663104 0.2511124 0.2259422 0.2698388 0.2308169 0.2081664 0.2936922 0.2947483 0.2544255 0.1998851 0.3376617 0.2471257 0.3074563 0.2816462 0.2475325 0.2740966 0.3436700 0.3098016 0.2469692 0.2392637 0.2385286 0.3370378 0.3001570 0.2286689 0.3319940 0.2613760 0.2429106 0.3400241 0.2084845 0.2965783 0.3081969 0.2659538 0.2816462 0.2544255 0.2413148 0.2577563 0.3259281 0.2650351 0.3221946 0.2330574 0.2226034 0.2397727 0.2359592 0.2702933 0.2486751 0.2450696 0.3471529 0.2600290 0.2915944 0.2762852 0.3013054 0.3065501 0.2189960 0.3675358 0.2541359 0.2150091 0.1926919 0.2081664 0.2110721 0.2861793 0.2160417 0.2840175 0.2469042 0.3106418 0.1978181 0.2992925 0.3302818 0.2650543 0.2023602 0.3297719 0.2512550 
MYZV          0.3177080 0.1395101 0.0000000 0.2587809 0.3953457 0.2649520 0.2908067 0.2645436 0.2929339 0.3230518 0.2658743 0.2498782 0.2687155 0.3276379 0.3547654 0.3670153 0.2890029 0.2917009 0.2610028 0.2409482 0.2550711 0.2420956 0.0000010 0.2468285 0.2656088 0.2566046 0.3215548 0.2569130 0.2919448 0.3089563 0.3540874 0.2559586 0.2893205 0.2758053 0.2948552 0.2672124 0.2550711 0.2458014 0.3359074 0.2455488 0.2561770 0.3416283 0.2986392 0.2962711 0.2586898 0.2794507 0.2512141 0.2820255 0.3228370 0.2266676 0.2015809 0.2514141 0.3409803 0.2890068 0.2649260 0.3208109 0.2522542 0.2560859 0.3322622 0.2544893 0.2727176 0.2843020 0.2569561 0.2586898 0.2455488 0.2671012 0.2265354 0.3464054 0.3301911 0.2855948 0.2247281 0.2713878 0.3266878 0.2261632 0.2492513 0.2069946 0.2249439 0.3369766 0.2081020 0.2826690 0.2672765 0.3048215 0.3101502 0.2669487 0.3315945 0.2439106 0.2272098 0.2508183 0.2550711 0.2688335 0.2912702 0.2731325 0.2734165 0.2369442 0.3124735 0.2758281 0.2754813 0.3073818 0.2439076 0.2479616 0.2824504 0.3242450 
SRR6441723    0.3252319 0.2587545 0.2587809 0.0000000 0.0671357 0.0505802 0.2281396 0.0576215 0.1326604 0.1103789 0.0710933 0.0129083 0.0577493 0.0848344 0.1366600 0.1521822 0.1534470 0.1158673 0.0446297 0.0512394 0.0642113 0.0645278 0.0000010 0.0969026 0.0521074 0.0879732 0.1166951 0.0509801 0.0375925 0.1379688 0.1374991 0.1094650 0.0669611 0.0588357 0.1132158 0.0575780 0.0642113 0.0782149 0.1353210 0.0959661 0.0725223 0.1393998 0.0730133 0.0587773 0.0516578 0.0642130 0.0451045 0.1050734 0.1508167 0.1063930 0.1007266 0.0437658 0.1002251 0.0453284 0.0596618 0.0741724 0.0752766 0.0376174 0.1831946 0.0448609 0.0394542 0.0516666 0.0885191 0.0379523 0.0959661 0.0597771 0.0378402 0.1846888 0.1241262 0.0504582 0.0810203 0.0723417 0.1124959 0.0178993 0.1063397 0.1069741 0.1149706 0.1350200 0.0927894 0.1162791 0.1121388 0.1074752 0.1169426 0.0574740 0.1923940 0.0504736 0.0186638 0.0399517 0.0505802 0.0511876 0.0609711 0.0569157 0.0505690 0.0118543 0.1518253 0.0857411 0.0520536 0.0817912 0.1240089 0.0583669 0.0973487 0.0709268 
ERR4210213    0.5971631 0.3859546 0.3953457 0.0671357 0.0000000 0.0973042 0.3305740 0.1079003 0.1826224 0.1653402 0.0956526 0.0539206 0.0862075 0.1644890 0.1743758 0.1769253 0.1867746 0.1434826 0.0999401 0.0670579 0.0862075 0.0961272 0.0000010 0.1305301 0.0888608 0.1071039 0.1452762 0.0988389 0.0988695 0.1505437 0.1743758 0.1502532 0.1245051 0.0875239 0.1536625 0.0750810 0.0862075 0.1268635 0.1708215 0.1433732 0.1310451 0.1776141 0.1077335 0.1091931 0.0991298 0.0864503 0.0898771 0.1430767 0.2200184 0.1445417 0.1251884 0.0757524 0.1338181 0.0899163 0.1024922 0.1305013 0.1248554 0.0787424 0.2528586 0.0902000 0.0812611 0.1108588 0.1433732 0.0788833 0.1433732 0.1117390 0.0782663 0.2407028 0.2160702 0.0960824 0.1312085 0.0979006 0.1501469 0.0492510 0.1443748 0.1342202 0.1569083 0.1703281 0.1115156 0.1593867 0.1482616 0.1320481 0.1452762 0.0961000 0.2508137 0.1073449 0.0614979 0.1042182 0.0862075 0.0877559 0.1407264 0.0961000 0.0972410 0.0492510 0.1987107 0.1261096 0.0888608 0.1195135 0.1700039 0.0879073 0.1415449 0.1365429 
ERR2789774    0.3726600 0.2081664 0.2649520 0.0505802 0.0973042 0.0000000 0.2335147 0.0312987 0.1530864 0.1211205 0.0311051 0.0408035 0.0185167 0.0937267 0.1214032 0.1368533 0.1754699 0.1012681 0.0737732 0.0519362 0.0247161 0.0248304 0.0000010 0.1148164 0.0674624 0.0594945 0.1019705 0.0659336 0.0516036 0.1065405 0.1221747 0.1186645 0.0323157 0.0188428 0.1492271 0.0580845 0.0247161 0.0959861 0.1202053 0.1136741 0.0451248 0.1238689 0.0319082 0.0893551 0.0668515 0.0501581 0.0528678 0.1235103 0.1435743 0.1085851 0.1027012 0.0443447 0.0857961 0.0749508 0.0602059 0.0841447 0.1081697 0.0314709 0.1488281 0.0319779 0.0692608 0.0815142 0.1058497 0.0523656 0.1136741 0.0677466 0.0662868 0.1313666 0.0771605 0.0795457 0.0979457 0.0316390 0.0676354 0.0438188 0.1139388 0.1091904 0.1173709 0.1199346 0.1032609 0.1358490 0.0970715 0.0930212 0.1021985 0.0184290 0.1669167 0.0795683 0.0323234 0.0129051 0.0121626 0.0250046 0.0937068 0.0182645 0.0722348 0.0373124 0.1925877 0.0444439 0.0673903 0.0763077 0.1266313 0.0187159 0.0993168 0.0652550 
PAFTOL_019361 0.3239099 0.2783301 0.2908067 0.2281396 0.3305740 0.2335147 0.0000000 0.2110074 0.3020414 0.2994120 0.2660078 0.2211674 0.2465058 0.2743913 0.3221030 0.3502516 0.3244867 0.2789591 0.1943606 0.2316635 0.2552292 0.2335955 0.0000010 0.2578305 0.2651777 0.2692799 0.2953600 0.2294143 0.2588612 0.2974908 0.3237985 0.2844624 0.2595897 0.2529099 0.2828575 0.2125856 0.2552292 0.2490626 0.2952400 0.2700243 0.1680643 0.3293632 0.2452950 0.2319259 0.2381174 0.2917523 0.2409711 0.2798668 0.3093250 0.2370566 0.2077139 0.2208195 0.3019540 0.2350124 0.2762616 0.2785459 0.2381643 0.2245630 0.3034818 0.2110535 0.2313498 0.2426456 0.2591184 0.2504106 0.2700243 0.2328268 0.2063692 0.3167063 0.2208508 0.2532169 0.2481045 0.2715091 0.2788101 0.2172414 0.2499236 0.2504760 0.2457419 0.3071334 0.1937055 0.3053420 0.3195845 0.2774398 0.2621300 0.2449301 0.3032742 0.2155908 0.2058962 0.2515412 0.2335147 0.2045816 0.2378464 0.2415470 0.2665811 0.2073982 0.2901014 0.2447266 0.2647614 0.2660686 0.2345550 0.2380623 0.2797306 0.2666860 
S0055         0.3719194 0.2078719 0.2645436 0.0576215 0.1079003 0.0312987 0.2110074 0.0000000 0.1345755 0.1213807 0.0512071 0.0482630 0.0381203 0.0832432 0.1087591 0.1455353 0.1742468 0.1093386 0.0815202 0.0518631 0.0445117 0.0447267 0.0000010 0.0982051 0.0751893 0.0738187 0.1101148 0.0881811 0.0515315 0.1144886 0.1094387 0.1087199 0.0532663 0.0388220 0.1312510 0.0444040 0.0445117 0.0962188 0.1286754 0.1271406 0.0315311 0.1108927 0.0525739 0.0974640 0.0744961 0.0739696 0.0675893 0.1152237 0.1478032 0.1078639 0.0934043 0.0651762 0.0936799 0.0828254 0.0516062 0.0991447 0.0981375 0.0448919 0.1477911 0.0319308 0.0772020 0.0894364 0.1192918 0.0596856 0.1271406 0.0669501 0.0738500 0.1180946 0.0848666 0.0723381 0.1113427 0.0521055 0.0823807 0.0507132 0.1078072 0.1169810 0.1165845 0.1283860 0.0939124 0.1154838 0.1141890 0.1009623 0.1103553 0.0379383 0.1594161 0.0872870 0.0319675 0.0406760 0.0312987 0.0121220 0.1022538 0.0375815 0.0797978 0.0440860 0.1723741 0.0579731 0.0751080 0.0910847 0.1257764 0.0385325 0.1072367 0.0578329 
S0278         0.4073821 0.3019577 0.2929339 0.1326604 0.1826224 0.1530864 0.3020414 0.1345755 0.0000000 0.1688733 0.1533850 0.1272860 0.1634331 0.2053316 0.1241771 0.1411418 0.0515283 0.1340328 0.1471625 0.1378078 0.1626134 0.1531285 0.0000010 0.0377442 0.1370571 0.1637306 0.1350469 0.1507150 0.1421622 0.1609968 0.1329081 0.0186718 0.1707122 0.1672579 0.0372139 0.1629589 0.1626134 0.1250127 0.1546742 0.1677777 0.1540182 0.1346943 0.1860495 0.1628271 0.1356039 0.1873169 0.1278413 0.1441173 0.1261591 0.0310597 0.0276780 0.1614953 0.0978850 0.1544044 0.1368457 0.1660537 0.1447732 0.1361406 0.1305544 0.1398321 0.1298844 0.1317323 0.1590417 0.1179103 0.1677777 0.1368224 0.1078374 0.1392644 0.2008401 0.1436058 0.1519249 0.1749660 0.1503896 0.1160978 0.0450437 0.0378383 0.0377071 0.1358806 0.0204502 0.0183052 0.1306481 0.1252357 0.1353225 0.1625167 0.1156727 0.1435542 0.1140864 0.1549140 0.1530864 0.1192750 0.1517019 0.1604999 0.1614064 0.1158532 0.0520484 0.1260588 0.1286625 0.1563868 0.0446459 0.1567008 0.1672314 0.1998841 
S0281         0.3758829 0.3629102 0.3230518 0.1103789 0.1653402 0.1211205 0.2994120 0.1213807 0.1688733 0.0000000 0.1473410 0.0952342 0.1206560 0.2001544 0.1648622 0.1547368 0.2133727 0.1226356 0.0948199 0.1119123 0.1385934 0.1394115 0.0000010 0.1507065 0.0685176 0.1277589 0.1519873 0.1191575 0.1367658 0.1646648 0.1658930 0.1533379 0.1432212 0.1338859 0.1761890 0.1352135 0.1385934 0.0404749 0.1631351 0.1374886 0.1367594 0.1588045 0.1212996 0.0957846 0.0678876 0.1703572 0.0609742 0.0451616 0.1425232 0.1406158 0.1580643 0.1382587 0.1390401 0.0880046 0.1418507 0.0830847 0.0968491 0.1043532 0.1481103 0.1232644 0.0798180 0.0860982 0.1289228 0.0678876 0.1374886 0.1062420 0.1025261 0.1493898 0.1749620 0.1297822 0.1384376 0.1503117 0.1786183 0.1019011 0.1729504 0.1498844 0.1514389 0.1394313 0.1572495 0.1506577 0.1440473 0.1317998 0.1339702 0.1301340 0.1425363 0.1120257 0.0907400 0.1303654 0.1211205 0.1025540 0.1148170 0.1029704 0.0870695 0.0939574 0.2051153 0.1437003 0.0684433 0.0753634 0.1288304 0.1217872 0.0677832 0.1750719 
S0282         0.4150160 0.2181089 0.2658743 0.0710933 0.0956526 0.0311051 0.2660078 0.0512071 0.1533850 0.1473410 0.0000000 0.0626927 0.0120145 0.1180840 0.1216659 0.1535689 0.1863706 0.1005098 0.0960599 0.0730782 0.0059217 0.0306706 0.0000010 0.1315350 0.0731468 0.0811998 0.1012027 0.0730133 0.0725698 0.1218331 0.1212584 0.1467582 0.0529323 0.0248304 0.1671692 0.0791981 0.0059217 0.1110384 0.1193130 0.1381081 0.0659271 0.1229310 0.0378139 0.1125141 0.0889231 0.0272929 0.0743964 0.1409370 0.1610456 0.1253686 0.1120191 0.0647853 0.1009945 0.0975907 0.0821501 0.1151020 0.1328400 0.0515117 0.1660898 0.0523426 0.0758915 0.0889011 0.1299552 0.0736758 0.1381081 0.0826237 0.0881242 0.1481885 0.1005827 0.1016818 0.1216906 0.0121184 0.0826794 0.0504081 0.1423047 0.1184054 0.1345257 0.1190457 0.0934015 0.1538023 0.0949435 0.0923186 0.1014281 0.0242897 0.1944231 0.1017086 0.0529209 0.0194932 0.0180408 0.0447692 0.1180792 0.0373520 0.0940052 0.0572169 0.1929281 0.0649331 0.0896700 0.1067518 0.1441676 0.0060708 0.1234675 0.0935624 
S0292         0.3360294 0.2608899 0.2498782 0.0129083 0.0539206 0.0408035 0.2211674 0.0482630 0.1272860 0.0952342 0.0626927 0.0000000 0.0483742 0.0744571 0.1328204 0.1497741 0.1511421 0.1103610 0.0343007 0.0413663 0.0553323 0.0481332 0.0000010 0.0900461 0.0421238 0.0805267 0.1112113 0.0411517 0.0413002 0.1344211 0.1337199 0.1025385 0.0493098 0.0493511 0.1076094 0.0482140 0.0553323 0.0683269 0.1217083 0.0808635 0.0640613 0.1357455 0.0645209 0.0339713 0.0343868 0.0616828 0.0346965 0.0902998 0.1577190 0.1001778 0.0923560 0.0335905 0.0934159 0.0272338 0.0418007 0.0820936 0.0586777 0.0269495 0.1837061 0.0344958 0.0283720 0.0417492 0.0729748 0.0272049 0.0808635 0.0425430 0.0271238 0.1853493 0.1193065 0.0406930 0.0723564 0.0638859 0.1068711 0.0063862 0.0913480 0.1007725 0.1094230 0.1310766 0.0846716 0.1107760 0.1060972 0.1012908 0.1114734 0.0481236 0.1938724 0.0407086 0.0066779 0.0441593 0.0408035 0.0413299 0.0593033 0.0404324 0.0407959 0.0000022 0.1493922 0.0783327 0.0420768 0.0737714 0.1191902 0.0485006 0.0820936 0.0702395 
S0293         0.3906749 0.2203525 0.2687155 0.0577493 0.0862075 0.0185167 0.2465058 0.0381203 0.1634331 0.1206560 0.0120145 0.0483742 0.0000000 0.1025803 0.1137884 0.1468937 0.1779646 0.0939888 0.0817325 0.0593316 0.0059680 0.0182650 0.0000010 0.1239463 0.0594073 0.0671419 0.0946315 0.0736379 0.0589372 0.1154531 0.1145238 0.1387259 0.0393846 0.0123186 0.1592535 0.0655162 0.0059680 0.0864267 0.1126621 0.1226997 0.0523552 0.1161142 0.0250191 0.0977409 0.0746839 0.0275371 0.0604059 0.1155684 0.1541386 0.1177107 0.1125640 0.0514431 0.0944544 0.0830458 0.0679444 0.0910323 0.1172426 0.0383377 0.1593116 0.0389602 0.0689524 0.0896795 0.1146986 0.0598229 0.1226997 0.0756926 0.0740339 0.1414232 0.0855493 0.0874934 0.1066043 0.0122151 0.0755703 0.0508210 0.1345268 0.1107382 0.1267554 0.1124069 0.0938312 0.1457945 0.0882804 0.0858169 0.0948483 0.0120533 0.1873381 0.0875169 0.0393874 0.0129818 0.0059680 0.0317303 0.1025639 0.0247131 0.0800002 0.0441758 0.2040690 0.0515599 0.0752988 0.0831349 0.1362865 0.0061195 0.0989713 0.0796249 
S0294         0.4054815 0.2628752 0.3276379 0.0848344 0.1644890 0.0937267 0.2743913 0.0832432 0.2053316 0.2001544 0.1180840 0.0744571 0.1025803 0.0000000 0.1946150 0.2561408 0.2324066 0.2077990 0.1310909 0.1120457 0.1099439 0.1014146 0.0000010 0.1596079 0.1422750 0.1395825 0.2097554 0.1384142 0.0783616 0.2118120 0.1957815 0.1608029 0.1037775 0.1048220 0.1799033 0.1019970 0.1099439 0.1569890 0.2214429 0.1637987 0.1022820 0.1987562 0.1217110 0.1186116 0.1305836 0.1244938 0.1326826 0.2026184 0.2127299 0.1722722 0.1481787 0.1016669 0.1881271 0.1121353 0.0761515 0.1724411 0.1403237 0.1035554 0.2571793 0.0783931 0.1279597 0.1406000 0.1549142 0.1223234 0.1637987 0.1044420 0.0950675 0.2165903 0.1757932 0.1368735 0.1439358 0.1203901 0.1595784 0.0929083 0.1609843 0.1733606 0.1830900 0.2337909 0.1391611 0.1810774 0.1961115 0.1969289 0.2101296 0.1020340 0.2502791 0.1278861 0.0796323 0.0830122 0.0937267 0.0774623 0.1571946 0.0925764 0.1370534 0.0851763 0.2296891 0.1264386 0.1420951 0.1827489 0.1944376 0.1037787 0.2036168 0.1088536 
S0303         0.4361769 0.3506908 0.3547654 0.1366600 0.1743758 0.1214032 0.3221030 0.1087591 0.1241771 0.1648622 0.1216659 0.1328204 0.1137884 0.1946150 0.0000000 0.1177471 0.1444683 0.0460077 0.1508923 0.1290409 0.1132681 0.1396947 0.0000010 0.0892026 0.1311382 0.1394439 0.0534971 0.1505359 0.1489726 0.1243513 0.0059253 0.0992027 0.1458514 0.1341780 0.1211763 0.1345184 0.1132681 0.1163171 0.0613047 0.1671282 0.1401720 0.0059904 0.1390749 0.1712369 0.1297352 0.1300415 0.1131666 0.1467129 0.0912068 0.0752814 0.0740318 0.1295837 0.0677470 0.1535006 0.1491821 0.1323030 0.1525857 0.1226622 0.1068684 0.1238058 0.1443875 0.1608918 0.1584394 0.1297352 0.1671282 0.1410123 0.1158100 0.0969529 0.1739766 0.1565627 0.1496066 0.1146503 0.1783102 0.1195966 0.0983848 0.0834636 0.0837054 0.0611745 0.0755922 0.1058512 0.0980533 0.0390311 0.0463730 0.1304190 0.1004297 0.1566226 0.0977537 0.1028743 0.1214032 0.1007227 0.2026946 0.1288310 0.1663312 0.1193419 0.1347649 0.1435144 0.1226882 0.1231184 0.0835440 0.0970747 0.1414888 0.1939170 
S0308         0.5190545 0.3477803 0.3670153 0.1521822 0.1769253 0.1368533 0.3502516 0.1455353 0.1411418 0.1547368 0.1535689 0.1497741 0.1468937 0.2561408 0.1177471 0.0000000 0.1624310 0.0824610 0.1486908 0.1253158 0.1448367 0.1555733 0.0000010 0.1232636 0.1071820 0.1155821 0.0757045 0.1517101 0.1613852 0.0985509 0.1091715 0.1176883 0.1624088 0.1503128 0.1212146 0.1475942 0.1448367 0.0960502 0.0998183 0.1958870 0.1662714 0.1106221 0.1463817 0.1645305 0.1061289 0.1666213 0.0909540 0.1216693 0.1021791 0.0904509 0.1104494 0.1451469 0.0738376 0.1560068 0.1673630 0.1162544 0.2003108 0.1382836 0.1265897 0.1495294 0.1474424 0.1631792 0.1863843 0.1061289 0.1958870 0.1460682 0.1624440 0.1276829 0.1923643 0.1639705 0.1767172 0.1566311 0.1816957 0.1335540 0.1337892 0.0990066 0.0992869 0.0896189 0.1217780 0.1245268 0.0702293 0.0747906 0.0831720 0.1460744 0.0949638 0.1366048 0.1149355 0.1180834 0.1368533 0.1177798 0.1944041 0.1442775 0.1826883 0.1345181 0.1703207 0.1604351 0.0994814 0.1078226 0.0990952 0.1283466 0.1246999 0.2220358 
S0320         0.4349353 0.3233890 0.2890029 0.1534470 0.1867746 0.1754699 0.3244867 0.1742468 0.0515283 0.2133727 0.1863706 0.1511421 0.1779646 0.2324066 0.1444683 0.1624310 0.0000000 0.1550427 0.1695950 0.1786852 0.1770257 0.1670824 0.0000010 0.0663174 0.1690327 0.1775425 0.1562983 0.1543555 0.1636269 0.1836644 0.1537475 0.0459239 0.2046342 0.1822755 0.0514456 0.1860339 0.1770257 0.1450367 0.1772620 0.1628912 0.1578185 0.1558907 0.2019033 0.1858331 0.1755608 0.1909166 0.1577962 0.1659029 0.1467690 0.0450955 0.0585235 0.1654620 0.1336685 0.1769984 0.1584675 0.1896863 0.1667213 0.1486835 0.1508840 0.1705507 0.1508936 0.1703078 0.1628912 0.1560669 0.1628912 0.1350673 0.1271719 0.1601313 0.2372188 0.1653422 0.1468046 0.1901584 0.2038329 0.1359276 0.0746770 0.0386322 0.0521580 0.1768556 0.0353804 0.0449752 0.1427897 0.1456958 0.1566051 0.1769310 0.1353885 0.1653128 0.1431078 0.1685388 0.1670338 0.1580183 0.2052459 0.1831057 0.1944509 0.1356503 0.0514406 0.1658667 0.1684044 0.1793924 0.0595611 0.1698604 0.1910097 0.2137848 
S0322         0.4099253 0.2883226 0.2917009 0.1158673 0.1434826 0.1012681 0.2789591 0.1093386 0.1340328 0.1226356 0.1005098 0.1103610 0.0939888 0.2077990 0.0460077 0.0824610 0.1550427 0.0000000 0.1123538 0.1174492 0.0926714 0.1183311 0.0000010 0.0978991 0.1102475 0.1272809 0.0182345 0.1190690 0.1363673 0.0889063 0.0390240 0.1106293 0.1233628 0.1126952 0.1307422 0.1229114 0.0926714 0.0810243 0.0247429 0.1733350 0.1279506 0.0394920 0.1178335 0.1390281 0.1091315 0.1056067 0.0934975 0.1003797 0.0944866 0.0837293 0.0930928 0.1090014 0.0599158 0.1224665 0.1500021 0.1111536 0.1487720 0.1022681 0.0995157 0.1121701 0.1139746 0.1296116 0.1643200 0.1091315 0.1733350 0.1294624 0.1164217 0.1003821 0.1420961 0.1342814 0.1551504 0.1024459 0.1643456 0.0988892 0.1074425 0.0921906 0.0924567 0.0246940 0.0849283 0.1174983 0.0632348 0.0059244 0.0060031 0.1096842 0.1041098 0.1182723 0.0882918 0.0822420 0.1012681 0.0915965 0.1649983 0.1084198 0.1255329 0.0996258 0.1544203 0.1315204 0.1023066 0.1025929 0.0922768 0.0775286 0.1024391 0.1794517 
S0345         0.3162662 0.2716351 0.2610028 0.0446297 0.0999401 0.0737732 0.1943606 0.0815202 0.1471625 0.0948199 0.0960599 0.0343007 0.0817325 0.1310909 0.1508923 0.1486908 0.1695950 0.1123538 0.0000000 0.0677334 0.0885984 0.0890662 0.0000010 0.1088064 0.0609707 0.1075866 0.1213020 0.0586670 0.0746677 0.1227239 0.1518312 0.1226802 0.0926158 0.0833843 0.1261911 0.0814935 0.0885984 0.0653276 0.1407908 0.0993560 0.0804034 0.1540216 0.0988177 0.0523616 0.0604196 0.1003400 0.0535858 0.0929819 0.1329127 0.1104048 0.1038246 0.0662935 0.1298714 0.0389362 0.0846238 0.1005335 0.0694466 0.0598447 0.1562024 0.0603760 0.0471255 0.0453079 0.0916134 0.0604196 0.0993560 0.0691247 0.0602075 0.1575302 0.1266387 0.0736020 0.0838166 0.0978313 0.1424092 0.0378654 0.1189932 0.1110304 0.1201198 0.1404667 0.0951491 0.1297853 0.1075608 0.1116416 0.1021385 0.0813243 0.1639918 0.0311161 0.0326398 0.0716323 0.0737732 0.0747179 0.0673558 0.0804691 0.0667683 0.0313404 0.1371693 0.1121356 0.0609051 0.0923330 0.1000660 0.0826385 0.1010441 0.1118547 
S0376         0.3195985 0.2283338 0.2409482 0.0512394 0.0670579 0.0519362 0.2316635 0.0518631 0.1378078 0.1119123 0.0730782 0.0413663 0.0593316 0.1120457 0.1290409 0.1253158 0.1786852 0.1174492 0.0677334 0.0000000 0.0659822 0.0663176 0.0000010 0.1003855 0.0459366 0.0307138 0.1103666 0.0815410 0.0525428 0.1147450 0.1298490 0.1227159 0.0688926 0.0604817 0.1343215 0.0368913 0.0659822 0.0792608 0.1372350 0.1053193 0.0745896 0.1316510 0.0592038 0.0833448 0.0455401 0.0834220 0.0389493 0.1064620 0.1516118 0.1009152 0.1047995 0.0732715 0.1015508 0.0688335 0.0683117 0.0907122 0.0915624 0.0453544 0.1669342 0.0318288 0.0611555 0.0754904 0.0976380 0.0383766 0.1053193 0.0618108 0.0585738 0.1571998 0.1281758 0.0806822 0.0898898 0.0743993 0.0730319 0.0443776 0.1102708 0.1014760 0.1002620 0.1369259 0.1053812 0.1298238 0.1056217 0.1089270 0.1185553 0.0590411 0.1720118 0.0736631 0.0258084 0.0480513 0.0519362 0.0314789 0.0951855 0.0584510 0.0732466 0.0377794 0.1539844 0.0579347 0.0458887 0.0828406 0.1205975 0.0523452 0.0986259 0.0879925 
S0400         0.4009710 0.2081664 0.2550711 0.0642113 0.0862075 0.0247161 0.2552292 0.0445117 0.1626134 0.1385934 0.0059217 0.0553323 0.0059680 0.1099439 0.1132681 0.1448367 0.1770257 0.0926714 0.0885984 0.0659822 0.0000000 0.0243773 0.0000010 0.1233928 0.0660553 0.0739197 0.0932944 0.0659336 0.0655348 0.1138839 0.1128802 0.1380578 0.0459946 0.0184985 0.1584782 0.0721185 0.0000010 0.1029034 0.1110640 0.1299552 0.0589423 0.1144286 0.0313037 0.1047725 0.0815280 0.0203202 0.0671713 0.1326164 0.1519128 0.1171845 0.1120191 0.0579212 0.0931268 0.0900122 0.0747917 0.1071580 0.1246045 0.0447692 0.1570607 0.0454926 0.0758915 0.0966230 0.1219083 0.0665242 0.1299552 0.0752230 0.0808093 0.1394094 0.0927401 0.0942767 0.1137578 0.0060192 0.0824933 0.0438188 0.1339028 0.1102473 0.1261738 0.1108152 0.0934015 0.1450883 0.0870134 0.0846137 0.0935067 0.0180991 0.1846142 0.0943015 0.0459915 0.0129051 0.0119488 0.0381154 0.1099324 0.0309221 0.0867174 0.0505287 0.2029484 0.0580527 0.0822043 0.0989415 0.1356444 0.0000028 0.1153988 0.0863109 
S0405         0.3884464 0.1964134 0.2420956 0.0645278 0.0961272 0.0248304 0.2335955 0.0447267 0.1531285 0.1394115 0.0306706 0.0481332 0.0182650 0.1014146 0.1396947 0.1555733 0.1670824 0.1183311 0.0890662 0.0663176 0.0243773 0.0000000 0.0000010 0.1148440 0.0663910 0.0743038 0.1191984 0.0807971 0.0658652 0.1233875 0.1405657 0.1199381 0.0462249 0.0185830 0.1492668 0.0724836 0.0243773 0.0950169 0.1202358 0.1306778 0.0592381 0.1425502 0.0314499 0.0893747 0.0668651 0.0418121 0.0675188 0.1333663 0.1632067 0.1086112 0.1027277 0.0582071 0.1023292 0.0904938 0.0526181 0.1077514 0.1253080 0.0449872 0.1682668 0.0457173 0.0762953 0.0971392 0.1225829 0.0668651 0.1306778 0.0603351 0.0812297 0.1501575 0.0932522 0.0947685 0.1143831 0.0311899 0.0676493 0.0574958 0.1079782 0.1017224 0.1173999 0.1379850 0.0931974 0.1358847 0.1046459 0.1097373 0.1194544 0.0181793 0.1970154 0.0947936 0.0462214 0.0263665 0.0120013 0.0382985 0.1105552 0.0310657 0.0871651 0.0507722 0.1926466 0.0444520 0.0826403 0.0994840 0.1266636 0.0250094 0.1160430 0.0867543 
S0412sl       0.0000010 0.0000010 0.0000010 0.0000010 0.0000010 0.0000010 0.0000010 0.0000010 0.0000010 0.0000010 0.0000010 0.0000010 0.0000010 0.0000010 0.0000010 0.0000010 0.0000010 0.0000010 0.0000010 0.0000010 0.0000010 0.0000010 0.0000000 0.0000010 0.0000010 0.0000010 0.0000010 0.0000010 0.0000010 0.0000010 0.0000010 0.0000010 0.0000010 0.0000010 0.0000010 0.0000010 0.0000010 0.0000010 0.0000010 0.0000010 0.0000010 0.0000010 0.0000010 0.0000010 0.0000010 0.0000010 0.0000010 0.0000010 0.0000010 0.0000010 0.0000010 0.0000010 0.0000010 0.0000010 0.0000010 0.0000010 0.0000010 0.0000010 0.0000010 0.0000010 0.0000010 0.0000010 0.0000010 0.0000010 0.0000010 0.0000010 0.0000010 0.0000010 0.0000010 0.0000010 0.0000010 0.0000010 0.0000010 0.0000010 0.0000010 0.0000010 0.0000010 0.0000010 0.0000010 0.0000010 0.0000010 0.0000010 0.0000010 0.0000010 0.0000010 0.0000010 0.0000010 0.0000010 0.0000010 0.0000010 0.0000010 0.0000010 0.0000010 0.0000010 0.0000010 0.0000010 0.0000010 0.0000010 0.0000010 0.0000010 0.0000010 0.0000010 
S0417         0.3776927 0.2676219 0.2468285 0.0969026 0.1305301 0.1148164 0.2578305 0.0982051 0.0377442 0.1507065 0.1315350 0.0900461 0.1239463 0.1596079 0.0892026 0.1232636 0.0663174 0.0978991 0.1088064 0.1003855 0.1233928 0.1148440 0.0000010 0.0000000 0.1188498 0.1444825 0.0985507 0.1244751 0.1163016 0.1297352 0.0970704 0.0251887 0.1375320 0.1266538 0.0369681 0.1235945 0.1233928 0.1066400 0.1160392 0.1403842 0.1154811 0.0983011 0.1437471 0.1437387 0.1176288 0.1408750 0.1100703 0.1258534 0.1161714 0.0182250 0.0065523 0.1225407 0.0903069 0.1274441 0.1186613 0.1464993 0.1180958 0.0992795 0.1134071 0.1018855 0.1221741 0.1344360 0.1320885 0.1006952 0.1403842 0.1186814 0.0812499 0.1217649 0.1594843 0.1139699 0.1236749 0.1340562 0.1362330 0.0818316 0.0182287 0.0246645 0.0245785 0.1157866 0.0065857 0.0313662 0.1125067 0.0899680 0.0987657 0.1232935 0.1175546 0.1062777 0.0783966 0.1143219 0.1148164 0.0839086 0.1512990 0.1052907 0.1224886 0.0816488 0.0656530 0.1060904 0.1107699 0.1372561 0.0311801 0.1174339 0.1557263 0.1391617 
S0419         0.3621011 0.2997895 0.2656088 0.0521074 0.0888608 0.0674624 0.2651777 0.0751893 0.1370571 0.0685176 0.0731468 0.0421238 0.0594073 0.1422750 0.1311382 0.1071820 0.1690327 0.1102475 0.0609707 0.0459366 0.0660553 0.0663910 0.0000010 0.1188498 0.0000000 0.0668637 0.1031219 0.0735755 0.0738492 0.1160482 0.1319675 0.1130730 0.0860581 0.0605586 0.1336144 0.0806272 0.0660553 0.0397996 0.1298282 0.1149191 0.1075180 0.1338250 0.0592793 0.0602097 0.0120412 0.0744914 0.0060073 0.0587776 0.1322264 0.1013693 0.1141895 0.0745542 0.0927547 0.0532688 0.0763572 0.0586975 0.1008905 0.0606065 0.1681611 0.0616323 0.0459162 0.0597658 0.1070038 0.0120412 0.1149191 0.0612583 0.0595792 0.1695894 0.1364160 0.0749110 0.0990069 0.0744679 0.1160603 0.0451230 0.1295252 0.0944601 0.1107592 0.1089948 0.1152515 0.1200941 0.0705112 0.1017771 0.1112833 0.0591165 0.1530589 0.0669885 0.0333097 0.0564804 0.0520112 0.0526601 0.0788361 0.0742114 0.0745284 0.0384107 0.1667854 0.0882917 0.0121230 0.0516421 0.1105401 0.0599954 0.0658229 0.1216015 
S0427         0.3630724 0.2207806 0.2566046 0.0879732 0.1071039 0.0594945 0.2692799 0.0738187 0.1637306 0.1277589 0.0811998 0.0805267 0.0671419 0.1395825 0.1394439 0.1155821 0.1775425 0.1272809 0.1075866 0.0307138 0.0739197 0.0743038 0.0000010 0.1444825 0.0668637 0.0000000 0.1200935 0.0803463 0.0658014 0.1242866 0.1403145 0.1484396 0.0772399 0.0684733 0.1595340 0.0571774 0.0739197 0.1028112 0.1478217 0.1151028 0.0829014 0.1422983 0.0669889 0.0900068 0.0662646 0.0929319 0.0524218 0.1300273 0.1405775 0.1083132 0.1447375 0.0814211 0.0999821 0.0827089 0.0749464 0.0978768 0.1342908 0.0674141 0.1587082 0.0526905 0.0903814 0.1052753 0.1234520 0.0586504 0.1151028 0.0761594 0.0962706 0.1490655 0.1261387 0.1132884 0.0991602 0.0826900 0.0811357 0.0803631 0.1560297 0.1089161 0.1076132 0.1474860 0.1455475 0.1555590 0.1154859 0.1184930 0.1285100 0.0668084 0.1410176 0.0970702 0.0540280 0.0559635 0.0594945 0.0520988 0.1193623 0.0661233 0.1127027 0.0731648 0.1802473 0.0655274 0.0667930 0.0899271 0.1283123 0.0599611 0.1058586 0.1121495 
S0430         0.4331082 0.3178377 0.3215548 0.1166951 0.1452762 0.1019705 0.2953600 0.1101148 0.1350469 0.1519873 0.1012027 0.1112113 0.0946315 0.2097554 0.0534971 0.0757045 0.1562983 0.0182345 0.1213020 0.1103666 0.0932944 0.1191984 0.0000010 0.0985507 0.1031219 0.1200935 0.0000000 0.1280679 0.1374209 0.0822105 0.0463152 0.1114262 0.1243121 0.1135271 0.1317023 0.1326127 0.0932944 0.1075795 0.0314389 0.1659937 0.1289178 0.0468805 0.1107308 0.1486515 0.1020784 0.1064410 0.0864695 0.1269313 0.1036864 0.0842687 0.0937726 0.1097737 0.0533242 0.1317472 0.1512314 0.1208929 0.1696274 0.1029871 0.1086150 0.1129929 0.1323602 0.1389629 0.1569915 0.1020784 0.1659937 0.1304586 0.1260473 0.1095614 0.1519666 0.1353009 0.1478396 0.1031683 0.1570117 0.0995574 0.1081887 0.0928058 0.0930754 0.0313772 0.0855341 0.1183524 0.0562789 0.0120370 0.0183638 0.1104668 0.1137148 0.1271864 0.0888981 0.0828079 0.1019705 0.0847067 0.1773455 0.1091821 0.1445154 0.1003039 0.1642588 0.1245280 0.0952015 0.1120650 0.0928929 0.0782112 0.1297354 0.1809570 
S0552sl       0.3486850 0.2673817 0.2569130 0.0509801 0.0988389 0.0659336 0.2294143 0.0881811 0.1507150 0.1191575 0.0730133 0.0411517 0.0736379 0.1384142 0.1505359 0.1517101 0.1543555 0.1190690 0.0586670 0.0815410 0.0659336 0.0807971 0.0000010 0.1244751 0.0735755 0.0803463 0.1280679 0.0000000 0.0645443 0.1499579 0.1500624 0.1268962 0.0839657 0.0750945 0.1138793 0.0881631 0.0659336 0.0946159 0.1476379 0.1146572 0.0894760 0.1522046 0.0901308 0.0506904 0.0729120 0.0743394 0.0589900 0.1217334 0.1590167 0.1070253 0.1224506 0.0586656 0.0911474 0.0245705 0.0816862 0.0974649 0.0998563 0.0523031 0.1773460 0.0747761 0.0384231 0.0503367 0.1067628 0.0584349 0.1146572 0.0672813 0.0668332 0.1788301 0.1046604 0.0724882 0.0987870 0.0743300 0.1323942 0.0310539 0.1350975 0.1076123 0.1156529 0.1473017 0.1140613 0.1337852 0.1236269 0.1183292 0.1087460 0.0732752 0.1711874 0.0505531 0.0461728 0.0635603 0.0659336 0.0814085 0.0816573 0.0725231 0.0733580 0.0376036 0.1490543 0.1032761 0.0734976 0.0895493 0.1247437 0.0599466 0.0979486 0.1186070 
S0558         0.3648878 0.2435335 0.2919448 0.0375925 0.0988695 0.0516036 0.2588612 0.0515315 0.1421622 0.1367658 0.0725698 0.0413002 0.0589372 0.0783616 0.1489726 0.1613852 0.1636269 0.1363673 0.0746677 0.0525428 0.0655348 0.0658652 0.0000010 0.1163016 0.0738492 0.0658014 0.1374209 0.0645443 0.0000000 0.1411917 0.1498933 0.1274446 0.0684020 0.0600702 0.1220682 0.0449729 0.0655348 0.1027883 0.1574562 0.1237362 0.0596369 0.1520318 0.0745725 0.0807551 0.0731805 0.0743602 0.0663918 0.1300234 0.1501611 0.1151709 0.1227424 0.0585924 0.0994588 0.0590428 0.0451918 0.0973493 0.1017910 0.0522364 0.1889061 0.0321677 0.0533044 0.0654247 0.1156702 0.0586411 0.1237362 0.0527068 0.0670790 0.1786422 0.1063633 0.0727538 0.1075081 0.0738710 0.0990445 0.0443100 0.1266740 0.1158086 0.1239888 0.1570968 0.1143223 0.1343626 0.1331531 0.1273958 0.1377038 0.0586508 0.1916480 0.0805223 0.0325176 0.0408001 0.0516036 0.0453948 0.0838718 0.0580693 0.0806505 0.0377267 0.1618851 0.0729288 0.0737708 0.1054418 0.1332782 0.0595799 0.1219246 0.0583047 
S0616         0.4474690 0.3169521 0.3089563 0.1379688 0.1505437 0.1065405 0.2974908 0.1144886 0.1609968 0.1646648 0.1218331 0.1344211 0.1154531 0.2118120 0.1243513 0.0985509 0.1836644 0.0889063 0.1227239 0.1147450 0.1138839 0.1233875 0.0000010 0.1297352 0.1160482 0.1242866 0.0822105 0.1499579 0.1411917 0.0000000 0.1157754 0.1357250 0.1285195 0.1179449 0.1648474 0.1363902 0.1138839 0.1326551 0.1063688 0.1608324 0.1215449 0.1092205 0.1151125 0.1711282 0.1148859 0.1404699 0.0994052 0.1512143 0.1083579 0.1151212 0.1103229 0.1311979 0.0897848 0.1541485 0.1547498 0.1350742 0.1642416 0.1075739 0.0747837 0.1174009 0.1457179 0.1518031 0.1521464 0.1148859 0.1608324 0.1344514 0.1307091 0.0604521 0.1498641 0.1390778 0.1436007 0.1241444 0.1603144 0.1204953 0.1403256 0.1243524 0.1246893 0.0979338 0.1092283 0.1436746 0.0549172 0.0812207 0.0896721 0.1148502 0.0938195 0.1398680 0.1107383 0.0963295 0.1065405 0.0895886 0.1860747 0.1135472 0.1480749 0.1213496 0.2003607 0.1284987 0.1081799 0.1262023 0.1134256 0.0987730 0.1266957 0.1836075 
S0620         0.4382245 0.3500156 0.3540874 0.1374991 0.1743758 0.1221747 0.3237985 0.1094387 0.1329081 0.1658930 0.1212584 0.1337199 0.1145238 0.1957815 0.0059253 0.1091715 0.1537475 0.0390240 0.1518312 0.1298490 0.1128802 0.1405657 0.0000010 0.0970704 0.1319675 0.1403145 0.0463152 0.1500624 0.1498933 0.1157754 0.0000000 0.1074201 0.1467849 0.1350399 0.1296652 0.1353385 0.1128802 0.1170818 0.0539157 0.1680904 0.1410481 0.0000022 0.1399392 0.1722806 0.1305489 0.1295593 0.1138951 0.1476089 0.0832888 0.0830021 0.0823675 0.1303963 0.0603364 0.1544640 0.1501045 0.1331462 0.1534969 0.1234483 0.0986613 0.1246048 0.1453075 0.1618814 0.1593633 0.1305489 0.1680904 0.1410123 0.1165217 0.0890815 0.1750481 0.1575113 0.1504886 0.1142545 0.1793757 0.1192011 0.1065288 0.0913901 0.0916525 0.0538019 0.0841161 0.1141056 0.0894800 0.0321876 0.0393280 0.1312398 0.0922374 0.1575715 0.0984033 0.1028743 0.1221747 0.1013590 0.2039332 0.1296346 0.1673279 0.1200899 0.1438043 0.1443797 0.1234731 0.1239107 0.0914753 0.0967274 0.1423808 0.1950359 
S0624         0.3957557 0.2663104 0.2559586 0.1094650 0.1502532 0.1186645 0.2844624 0.1087199 0.0186718 0.1533379 0.1467582 0.1025385 0.1387259 0.1608029 0.0992027 0.1176883 0.0459239 0.1106293 0.1226802 0.1227159 0.1380578 0.1199381 0.0000010 0.0251887 0.1130730 0.1484396 0.1114262 0.1268962 0.1274446 0.1357250 0.1074201 0.0000000 0.1538018 0.1419387 0.0248377 0.1477428 0.1380578 0.0997840 0.1212266 0.1323238 0.1389040 0.1088234 0.1602367 0.1290997 0.1032669 0.1575138 0.1042374 0.1202129 0.1000640 0.0186569 0.0209406 0.1370766 0.0919525 0.1299852 0.1004374 0.1317845 0.1101172 0.1123046 0.1259343 0.1245801 0.1234478 0.1262994 0.1241066 0.0948396 0.1323238 0.1028693 0.0847563 0.1232075 0.1833890 0.1197460 0.1249274 0.1497024 0.1631848 0.0933956 0.0187000 0.0252555 0.0251648 0.1299607 0.0208614 0.0000028 0.1164530 0.1021397 0.1116713 0.1379551 0.0920623 0.1196783 0.0891468 0.1279082 0.1288540 0.0946832 0.1456495 0.1362695 0.1370106 0.0931846 0.0529614 0.1291376 0.1049135 0.1226363 0.0319315 0.1319234 0.1409359 0.1745521 
S0641         0.4218612 0.2511124 0.2893205 0.0669611 0.1245051 0.0323157 0.2595897 0.0532663 0.1707122 0.1432212 0.0529323 0.0493098 0.0393846 0.1037775 0.1458514 0.1624088 0.2046342 0.1233628 0.0926158 0.0688926 0.0459946 0.0462249 0.0000010 0.1375320 0.0860581 0.0772399 0.1243121 0.0839657 0.0684020 0.1285195 0.1467849 0.1538018 0.0000000 0.0401360 0.1749812 0.0752723 0.0459946 0.1182735 0.1443384 0.1360983 0.0686635 0.1489411 0.0543959 0.1096163 0.0852192 0.0688517 0.0701871 0.1470655 0.1706363 0.1311568 0.1248900 0.0604113 0.0985946 0.0941533 0.0781859 0.1122311 0.1305976 0.0466844 0.1851068 0.0468071 0.0884521 0.1010440 0.1276528 0.0694812 0.1360983 0.0864138 0.0844305 0.1659140 0.0865433 0.0901842 0.1190924 0.0538929 0.0862988 0.0596448 0.1489237 0.1319335 0.1408025 0.1353503 0.1255872 0.1611324 0.1196485 0.1143724 0.1245849 0.0391899 0.2062131 0.0985169 0.0480128 0.0344344 0.0323157 0.0465694 0.1070770 0.0388082 0.0905625 0.0526595 0.2229838 0.0605796 0.0859604 0.1035892 0.1509596 0.0398249 0.1208954 0.0890188 
S0643         0.4019287 0.2259422 0.2758053 0.0588357 0.0875239 0.0188428 0.2529099 0.0388220 0.1672579 0.1338859 0.0248304 0.0493511 0.0123186 0.1048220 0.1341780 0.1503128 0.1822755 0.1126952 0.0833843 0.0604817 0.0184985 0.0185830 0.0000010 0.1266538 0.0605586 0.0684733 0.1135271 0.0750945 0.0600702 0.1179449 0.1350399 0.1419387 0.0401360 0.0000000 0.1628852 0.0667796 0.0184985 0.0975987 0.1328095 0.1253528 0.0533561 0.1369839 0.0254681 0.0997756 0.0761845 0.0428812 0.0615977 0.1279860 0.1578756 0.1203053 0.1152751 0.0524105 0.0964965 0.0847501 0.0693057 0.1020911 0.1198127 0.0390482 0.1631146 0.0396939 0.0703546 0.0915180 0.1171590 0.0609925 0.1253528 0.0772337 0.0755057 0.1447465 0.0873632 0.0892433 0.1088690 0.0252569 0.0771069 0.0517641 0.1375415 0.1131809 0.1295923 0.1325017 0.1051219 0.1491601 0.0987180 0.1040155 0.1137801 0.0122601 0.1920993 0.0892677 0.0401382 0.0200288 0.0060689 0.0323122 0.1048068 0.0251519 0.0815802 0.0449877 0.2090621 0.0525317 0.0768258 0.0937499 0.1393816 0.0189841 0.1104676 0.0811898 
S0645sl       0.3681029 0.2698388 0.2948552 0.1132158 0.1536625 0.1492271 0.2828575 0.1312510 0.0372139 0.1761890 0.1671692 0.1076094 0.1592535 0.1799033 0.1211763 0.1212146 0.0514456 0.1307422 0.1261911 0.1343215 0.1584782 0.1492668 0.0000010 0.0369681 0.1336144 0.1595340 0.1317023 0.1138793 0.1220682 0.1648474 0.1296652 0.0248377 0.1749812 0.1628852 0.0000000 0.1413341 0.1584782 0.1217942 0.1507503 0.1587907 0.1329061 0.1313654 0.1811390 0.1412576 0.1322347 0.1818805 0.1246691 0.1405196 0.1305931 0.0304315 0.0340647 0.1401057 0.1115637 0.1249847 0.1166456 0.1617438 0.1359744 0.1244983 0.1473291 0.1268680 0.1194478 0.1401378 0.1501826 0.1150391 0.1587907 0.1086358 0.0968888 0.1563507 0.2046454 0.1232657 0.1414369 0.1704193 0.1743083 0.0975766 0.0440942 0.0370587 0.0369326 0.1504186 0.0271954 0.0309289 0.1392329 0.1221909 0.1319676 0.1583826 0.1321636 0.1232023 0.0940663 0.1414503 0.1492271 0.1163352 0.1567797 0.1564678 0.1490942 0.0973657 0.0509362 0.1404421 0.1254521 0.1523638 0.0437136 0.1526704 0.1710926 0.1761648 
S0689         0.3506070 0.2308169 0.2672124 0.0575780 0.0750810 0.0580845 0.2125856 0.0444040 0.1629589 0.1352135 0.0791981 0.0482140 0.0655162 0.1019970 0.1345184 0.1475942 0.1860339 0.1229114 0.0814935 0.0368913 0.0721185 0.0724836 0.0000010 0.1235945 0.0806272 0.0571774 0.1326127 0.0881631 0.0449729 0.1363902 0.1353385 0.1477428 0.0752723 0.0667796 0.1413341 0.0000000 0.0721185 0.0856366 0.1426067 0.1195922 0.0521941 0.1371876 0.0722229 0.0974601 0.0798926 0.0903012 0.0730899 0.1124865 0.1570098 0.1342487 0.1218317 0.0651358 0.1156615 0.0827997 0.0600765 0.1124368 0.0827932 0.0587982 0.1720975 0.0386293 0.0603480 0.0894200 0.1118147 0.0652157 0.1195922 0.0536133 0.0578333 0.1624431 0.1345580 0.0872446 0.1039479 0.0806142 0.0861075 0.0506683 0.1341423 0.1350194 0.1436357 0.1422913 0.1224986 0.1548296 0.1202438 0.1144550 0.1240561 0.0651987 0.1772584 0.0872680 0.0390503 0.0625667 0.0580845 0.0440283 0.1019812 0.0645476 0.0873985 0.0440414 0.1840087 0.0706805 0.0805414 0.1042958 0.1535145 0.0583955 0.1205955 0.0651261 
S0690         0.4009710 0.2081664 0.2550711 0.0642113 0.0862075 0.0247161 0.2552292 0.0445117 0.1626134 0.1385934 0.0059217 0.0553323 0.0059680 0.1099439 0.1132681 0.1448367 0.1770257 0.0926714 0.0885984 0.0659822 0.0000010 0.0243773 0.0000010 0.1233928 0.0660553 0.0739197 0.0932944 0.0659336 0.0655348 0.1138839 0.1128802 0.1380578 0.0459946 0.0184985 0.1584782 0.0721185 0.0000000 0.1029034 0.1110640 0.1299552 0.0589423 0.1144286 0.0313037 0.1047725 0.0815280 0.0203202 0.0671713 0.1326164 0.1519128 0.1171845 0.1120191 0.0579212 0.0931268 0.0900122 0.0747917 0.1071580 0.1246045 0.0447692 0.1570607 0.0454926 0.0758915 0.0966230 0.1219083 0.0665242 0.1299552 0.0752230 0.0808093 0.1394094 0.0927401 0.0942767 0.1137578 0.0060192 0.0824933 0.0438188 0.1339028 0.1102473 0.1261738 0.1108152 0.0934015 0.1450883 0.0870134 0.0846137 0.0935067 0.0180991 0.1846142 0.0943015 0.0459915 0.0129051 0.0119488 0.0381154 0.1099324 0.0309221 0.0867174 0.0505287 0.2029484 0.0580527 0.0822043 0.0989415 0.1356444 0.0000028 0.1153988 0.0863109 
S0720         0.3607356 0.2936922 0.2458014 0.0782149 0.1268635 0.0959861 0.2490626 0.0962188 0.1250127 0.0404749 0.1110384 0.0683269 0.0864267 0.1569890 0.1163171 0.0960502 0.1450367 0.0810243 0.0653276 0.0792608 0.1029034 0.0950169 0.0000010 0.1066400 0.0397996 0.1028112 0.1075795 0.0946159 0.1027883 0.1326551 0.1170818 0.0997840 0.1182735 0.0975987 0.1217942 0.0856366 0.1029034 0.0000000 0.1084662 0.1311660 0.1323043 0.1187448 0.1030580 0.0632492 0.0397996 0.1060064 0.0401445 0.0000024 0.1197392 0.0890451 0.1005382 0.1038683 0.0947169 0.0636553 0.0962649 0.0541482 0.0902757 0.0878598 0.1466294 0.0900901 0.0641558 0.0794905 0.1225598 0.0469380 0.1311660 0.0651841 0.0785944 0.1479555 0.1353602 0.0958605 0.1214901 0.1132283 0.1602524 0.0703280 0.1081941 0.0890443 0.0984344 0.1066855 0.1116122 0.1077781 0.1018294 0.0894090 0.0908593 0.0949946 0.1311586 0.0640653 0.0583527 0.0942907 0.0867258 0.0786086 0.0926568 0.0949946 0.0870085 0.0628428 0.1461493 0.1268889 0.0473093 0.0468787 0.0982317 0.0956242 0.0468196 0.1570640 
