110
CRNC          0.0000000 0.2106847 0.3161935 0.4926716 0.4638385 0.5559046 0.5200413 0.4895283 0.4811660 0.5048705 0.5045520 0.4876991 0.5147034 0.4678901 0.7116193 0.5262420 0.4440332 0.5501446 0.4926392 0.5173363 0.4767316 0.4811036 0.4610104 0.5781692 0.4702343 0.4906969 0.5396535 0.5384335 0.5703150 0.5057114 0.5112832 0.5291142 0.4894617 0.4996934 0.5146626 0.5153821 0.4739176 0.4716873 0.5637540 0.5357724 0.5217502 0.5305876 0.5072360 0.5140453 0.4837920 0.4873141 0.4728455 0.4897990 0.5224892 0.4827792 0.5874795 0.5359683 0.5178164 0.4856002 0.5244542 0.4872828 0.4945548 0.5074439 0.5450204 0.5427600 0.4966165 0.4932411 0.5867163 0.4241200 0.4684101 0.4377850 0.5312711 0.4865152 0.5329566 0.4597265 0.5193564 0.4834131 0.5195960 0.5128036 0.4643396 0.4517339 0.5597413 0.5220315 0.4728033 0.5095363 0.4681567 0.5877760 0.4913354 0.4983550 0.5110687 0.4896550 0.6299385 0.4766146 0.5624226 0.5187991 0.4710965 0.5312316 0.4746605 0.4968637 0.4707645 0.4801579 0.4576596 0.5285189 0.4767666 0.5511304 0.4968394 0.4898597 0.4982063 0.4634886 0.6043158 0.5075023 0.5470524 0.4743257 0.5319665 0.4850747 
HYZL          0.2106847 0.0000000 0.1300751 0.4528426 0.4278786 0.4918857 0.4469821 0.4355996 0.4621556 0.4757293 0.4530713 0.4781903 0.4420764 0.4351399 0.6704890 0.4524126 0.4211019 0.4838886 0.4682905 0.4700461 0.4228012 0.4403942 0.4285434 0.5268279 0.4610056 0.4544555 0.4416327 0.4882309 0.5606490 0.4498244 0.4713260 0.4966098 0.4227463 0.4534658 0.4715814 0.4810243 0.4300883 0.4423026 0.4956868 0.4406854 0.4836907 0.4713223 0.4557981 0.4527944 0.4746693 0.4425132 0.4642720 0.4698594 0.4647375 0.4478193 0.5314139 0.4702924 0.4778358 0.4713426 0.4496922 0.4485810 0.4353033 0.4555460 0.4748138 0.4725347 0.4572228 0.4445535 0.4500366 0.4016861 0.4394881 0.3826976 0.4790316 0.4486044 0.4238460 0.4517569 0.4270759 0.4755952 0.4811167 0.4710475 0.4330921 0.4096281 0.5244624 0.4192721 0.4291382 0.4229193 0.4308126 0.5359560 0.4600197 0.4782076 0.4633977 0.4606055 0.6011633 0.4605604 0.4782822 0.4436234 0.4276715 0.4720315 0.4358791 0.4677536 0.4273881 0.4468701 0.4304754 0.4663181 0.4242396 0.4871048 0.4866893 0.4553831 0.4292524 0.4553196 0.5054591 0.4522914 0.4949507 0.4348932 0.4646147 0.4315410 
MYZV          0.3161935 0.1300751 0.0000000 0.5078756 0.4836716 0.5709636 0.5739791 0.4992270 0.5369893 0.5520276 0.5201415 0.5154497 0.5379625 0.5077387 0.7518524 0.5446218 0.5044218 0.5659308 0.5261772 0.5321213 0.5024135 0.5187102 0.4748960 0.5763382 0.5298202 0.5328755 0.4508610 0.5592057 0.6105494 0.5009675 0.5521172 0.6019537 0.4936117 0.5220316 0.5076228 0.5709724 0.4979621 0.5037172 0.5793210 0.5822298 0.5615987 0.5724690 0.5061799 0.5146433 0.5340473 0.5139100 0.5333062 0.5396475 0.5268972 0.5205797 0.5968824 0.5293704 0.5693482 0.5248654 0.4878053 0.5267271 0.4868115 0.5240284 0.5419444 0.5234896 0.5143062 0.5392984 0.5960342 0.4732519 0.5111137 0.4565669 0.5460854 0.5145000 0.5749564 0.5190141 0.5700208 0.5256797 0.5467783 0.5277727 0.4965536 0.5026871 0.6153441 0.5730431 0.5098721 0.5099723 0.5020124 0.5848057 0.5467895 0.5523600 0.5262401 0.5348212 0.6371592 0.5528582 0.5383689 0.5015574 0.5079963 0.5363469 0.5283955 0.5041489 0.4967713 0.5299545 0.5001586 0.5164732 0.5193168 0.5718558 0.5365326 0.5066673 0.5105525 0.5233255 0.5347328 0.5486584 0.6115622 0.5055045 0.5430249 0.5122789 
SRR6441723    0.4926716 0.4528426 0.5078756 0.0000000 0.0371869 0.0809996 0.2323633 0.0444560 0.0430678 0.0853457 0.0515713 0.0534686 0.0603266 0.0664971 0.2533996 0.0688402 0.0746120 0.0888157 0.0430255 0.0451230 0.0490914 0.0538025 0.0483240 0.1188420 0.0430084 0.0563236 0.1030726 0.0837284 0.1312969 0.0567490 0.0662482 0.0958201 0.0584428 0.0584297 0.1086178 0.0861057 0.0516512 0.0386750 0.0914785 0.1269646 0.0709972 0.0759559 0.0535907 0.0543475 0.0476310 0.0490914 0.0407164 0.0494693 0.0517316 0.0362954 0.1247659 0.0831665 0.0743410 0.0426357 0.1231603 0.0608889 0.0641422 0.0499320 0.0564563 0.0638826 0.0621751 0.0561039 0.1261950 0.0621372 0.0734880 0.0586459 0.0816548 0.0530606 0.1281231 0.0409356 0.1178667 0.0764802 0.0617060 0.0538883 0.0736299 0.0612459 0.0706676 0.1237645 0.0469909 0.0711946 0.0427816 0.1319824 0.0657126 0.0705147 0.0794436 0.0880789 0.2021130 0.0946777 0.0937696 0.0759264 0.0468842 0.0704453 0.0474697 0.0537361 0.0468625 0.0601490 0.0500647 0.0492183 0.0468657 0.1210570 0.0626800 0.0581705 0.0495109 0.0451152 0.1545344 0.0563832 0.1048908 0.0494667 0.0648394 0.0608202 
ERR4210213    0.4638385 0.4278786 0.4836716 0.0371869 0.0000000 0.0647200 0.2513668 0.0428148 0.0429732 0.0900822 0.0549777 0.0424909 0.0637060 0.0680971 0.2403584 0.0648372 0.0749779 0.0939844 0.0100086 0.0459774 0.0516882 0.0580130 0.0418330 0.1152719 0.0428956 0.0521759 0.1125722 0.0809478 0.1332038 0.0549445 0.0549554 0.1124368 0.0610476 0.0609720 0.1019329 0.0990093 0.0551359 0.0373367 0.0938385 0.1070452 0.0617904 0.0709180 0.0517486 0.0518231 0.0432046 0.0516882 0.0399007 0.0455984 0.0489085 0.0372505 0.1251852 0.0802669 0.0890435 0.0341744 0.1365402 0.0640589 0.0642659 0.0405711 0.0549259 0.0642333 0.0595385 0.0483785 0.1259647 0.0575212 0.0699279 0.0569850 0.0847232 0.0506017 0.1149556 0.0401822 0.0997626 0.0617129 0.0615363 0.0367274 0.0701673 0.0523171 0.0603787 0.1134779 0.0459969 0.0680941 0.0366604 0.1386621 0.0766475 0.0840704 0.0722942 0.1011596 0.2124364 0.1144367 0.0837131 0.0670192 0.0487443 0.0704102 0.0427042 0.0426974 0.0487143 0.0634818 0.0497115 0.0457186 0.0428148 0.1198954 0.0543582 0.0426488 0.0488035 0.0399876 0.1733076 0.0515635 0.0981724 0.0488990 0.0484065 0.0580036 
ERR2789774    0.5559046 0.4918857 0.5709636 0.0809996 0.0647200 0.0000000 0.2789234 0.0492271 0.0834301 0.1294803 0.0428914 0.0880665 0.0535689 0.0549977 0.2342984 0.0958707 0.1157910 0.1178628 0.0872037 0.0897312 0.0382804 0.0451034 0.0708851 0.1557994 0.0833120 0.0903369 0.1336829 0.1158555 0.1813994 0.1000332 0.0939360 0.1465995 0.0613366 0.0497706 0.1380895 0.1316935 0.0406955 0.0694643 0.1154198 0.1873656 0.1170653 0.1036389 0.0540559 0.0971984 0.0837861 0.0382804 0.0806149 0.0904659 0.0865176 0.0761547 0.1791613 0.1149491 0.1238985 0.0831304 0.1349708 0.0917215 0.1087660 0.0814984 0.1025930 0.1023360 0.0578108 0.0985875 0.1770188 0.1013860 0.1035199 0.0830862 0.1107417 0.0859517 0.1769615 0.0810666 0.1643514 0.1236363 0.1006164 0.1013662 0.1037319 0.0616245 0.1206199 0.1740594 0.0405041 0.0670181 0.0942659 0.1777828 0.1066179 0.1187870 0.1078044 0.1206203 0.2414269 0.1307077 0.1178429 0.1048707 0.0361413 0.1006540 0.0891630 0.0857680 0.0403946 0.0490283 0.0597342 0.0961861 0.0493783 0.1655117 0.0984677 0.0934523 0.0409818 0.0807545 0.1752730 0.0958460 0.1419079 0.0384898 0.1036192 0.0613549 
PAFTOL_019361 0.5200413 0.4469821 0.5739791 0.2323633 0.2513668 0.2789234 0.0000000 0.2501413 0.2348732 0.2504995 0.2521782 0.2326354 0.2678022 0.2709048 0.3498525 0.2283404 0.2261218 0.2720722 0.2304737 0.2548445 0.2387071 0.2474918 0.2402351 0.2689055 0.2345282 0.2490576 0.2246017 0.2621522 0.2903604 0.2533942 0.2705065 0.2639912 0.2544117 0.2486157 0.2396585 0.2542942 0.2340991 0.2211765 0.2584892 0.2615513 0.2828499 0.2296392 0.2492262 0.2489324 0.2325972 0.2421015 0.2234449 0.2371441 0.2388933 0.2262525 0.2684640 0.2625390 0.2444839 0.2438402 0.2291583 0.2364472 0.2560735 0.2353373 0.2582043 0.2669626 0.2717938 0.2532155 0.2631807 0.2434757 0.2469005 0.2112334 0.2652472 0.2176011 0.2487049 0.2315958 0.2295197 0.2242263 0.2409903 0.2407275 0.2474961 0.2590132 0.2644934 0.2304890 0.2321715 0.2860056 0.2309982 0.2561653 0.2192945 0.2360467 0.2463922 0.2054920 0.3471105 0.2668151 0.2672656 0.2439144 0.2350925 0.2486711 0.2458498 0.2410321 0.2281372 0.2448265 0.2597013 0.2347844 0.2422445 0.3008288 0.2551639 0.2478606 0.2402731 0.2341830 0.2946129 0.2547245 0.2693376 0.2433098 0.2598940 0.2557958 
S0055         0.4895283 0.4355996 0.4992270 0.0444560 0.0428148 0.0492271 0.2501413 0.0000000 0.0492170 0.0894213 0.0212784 0.0575161 0.0353450 0.0447677 0.2224840 0.0660872 0.0863367 0.0857352 0.0562890 0.0473501 0.0211336 0.0273539 0.0369532 0.1201089 0.0491494 0.0578498 0.1070209 0.0887478 0.1260424 0.0586326 0.0581161 0.0986475 0.0233328 0.0274822 0.1119746 0.0833725 0.0232748 0.0405416 0.0884292 0.1364333 0.0730949 0.0731176 0.0231976 0.0562301 0.0494183 0.0211336 0.0468213 0.0556481 0.0514432 0.0381543 0.1449282 0.0785066 0.0763951 0.0444158 0.1200351 0.0673864 0.0660290 0.0470328 0.0586215 0.0657620 0.0385665 0.0578516 0.1299486 0.0590421 0.0684298 0.0538140 0.0786827 0.0527353 0.1301228 0.0470727 0.1170404 0.0796604 0.0635923 0.0602334 0.0685614 0.0275846 0.0816561 0.1254697 0.0191888 0.0426214 0.0537980 0.1403465 0.0655164 0.0727549 0.0841115 0.0801967 0.2035650 0.0968506 0.0956691 0.0806389 0.0191480 0.0706468 0.0493242 0.0578044 0.0191397 0.0311598 0.0215728 0.0601191 0.0152287 0.1311816 0.0667794 0.0577777 0.0273627 0.0468990 0.1581899 0.0555102 0.0968582 0.0232469 0.0713886 0.0378263 
S0196sl       0.4811660 0.4621556 0.5369893 0.0430678 0.0429732 0.0834301 0.2348732 0.0492170 0.0000000 0.0586809 0.0517104 0.0581487 0.0580910 0.0712483 0.2563390 0.0741162 0.0797488 0.0963528 0.0497380 0.0523732 0.0469233 0.0515965 0.0510292 0.1152525 0.0075286 0.0658682 0.1044229 0.0892949 0.1388390 0.0544902 0.0690530 0.0997279 0.0635613 0.0561925 0.1184063 0.1001547 0.0494543 0.0319974 0.0997188 0.1585796 0.0739314 0.0788308 0.0585769 0.0521080 0.0114143 0.0469233 0.0056148 0.0132602 0.0518005 0.0317806 0.1385921 0.0915932 0.0877338 0.0362416 0.1165376 0.0703753 0.0618225 0.0433221 0.0567436 0.0615735 0.0695934 0.0357204 0.1498082 0.0575263 0.0810412 0.0686843 0.0714339 0.0481761 0.1530237 0.0056432 0.1387437 0.0893375 0.0594054 0.0610251 0.0811995 0.0639720 0.0727569 0.1479317 0.0448307 0.0735470 0.0472030 0.1358632 0.0765452 0.0790004 0.0846324 0.0948019 0.2141466 0.0960747 0.0962536 0.0811468 0.0447293 0.0833110 0.0520623 0.0584425 0.0447086 0.0534425 0.0550614 0.0563749 0.0493680 0.1289357 0.0675224 0.0629433 0.0543538 0.0094243 0.1553514 0.0358910 0.1144781 0.0472816 0.0455342 0.0631899 
S0281         0.5048705 0.4757293 0.5520276 0.0853457 0.0900822 0.1294803 0.2504995 0.0894213 0.0586809 0.0000000 0.0906804 0.0943547 0.0974796 0.1157306 0.2522369 0.0968062 0.1074132 0.1174869 0.0989334 0.0961797 0.0872998 0.0927638 0.0873780 0.1458722 0.0585994 0.1027059 0.1189691 0.1155224 0.1503309 0.0855100 0.1040270 0.1377011 0.1001915 0.0955666 0.1294009 0.1330567 0.0904253 0.0607454 0.1211912 0.1999397 0.1164983 0.1017680 0.1001934 0.0828504 0.0634911 0.0872998 0.0561653 0.0652948 0.0848173 0.0627697 0.1513647 0.1155267 0.1224477 0.0772952 0.1358967 0.1025039 0.0883206 0.0709914 0.0879459 0.0934279 0.1113074 0.0667750 0.1911398 0.0895156 0.1008530 0.0905348 0.0920719 0.0743316 0.1938203 0.0564713 0.1776906 0.1132865 0.0885339 0.1005997 0.0985597 0.1042002 0.1095407 0.1814992 0.0850235 0.1131534 0.0876389 0.1615110 0.1054056 0.1078013 0.1076063 0.0824904 0.2150527 0.1259049 0.1148298 0.1016058 0.0848194 0.1091874 0.0955737 0.0948569 0.0823940 0.0920276 0.0810827 0.0853410 0.0897128 0.1582623 0.1100004 0.0916586 0.0906338 0.0607680 0.1947043 0.0648841 0.1457947 0.0879932 0.0784733 0.1002139 
S0282         0.5045520 0.4530713 0.5201415 0.0515713 0.0549777 0.0428914 0.2521782 0.0212784 0.0517104 0.0906804 0.0000000 0.0628530 0.0252766 0.0385264 0.2163708 0.0692427 0.0899240 0.0920151 0.0638734 0.0546600 0.0114134 0.0174101 0.0417943 0.1173968 0.0516391 0.0654009 0.1209247 0.0923766 0.1436245 0.0663071 0.0610716 0.1104958 0.0339389 0.0215134 0.1184921 0.0969903 0.0134419 0.0431784 0.0896920 0.1587220 0.0812802 0.0764064 0.0295803 0.0638118 0.0519233 0.0114134 0.0492762 0.0582090 0.0588337 0.0450950 0.1498269 0.0742473 0.0897612 0.0515231 0.1259873 0.0681692 0.0739913 0.0497861 0.0662935 0.0736841 0.0303288 0.0654042 0.1488134 0.0569487 0.0693812 0.0545202 0.0791304 0.0531805 0.1519573 0.0495425 0.1377937 0.0863284 0.0666925 0.0678731 0.0695157 0.0384158 0.0900109 0.1467639 0.0133823 0.0430966 0.0612771 0.1320365 0.0760761 0.0836981 0.0848726 0.0846464 0.2002592 0.0981439 0.0970393 0.0813775 0.0094791 0.0716287 0.0566615 0.0631735 0.0133482 0.0212124 0.0322012 0.0655554 0.0253788 0.1349922 0.0745946 0.0631425 0.0215369 0.0493585 0.1594349 0.0629767 0.1052557 0.0134260 0.0820719 0.0319174 
S0292         0.4876991 0.4781903 0.5154497 0.0534686 0.0424909 0.0880665 0.2326354 0.0575161 0.0581487 0.0943547 0.0628530 0.0000000 0.0735963 0.0878617 0.2646870 0.0805538 0.0790949 0.1034083 0.0608392 0.0609116 0.0599843 0.0648718 0.0598985 0.1225740 0.0580687 0.0676459 0.0916752 0.0986545 0.1367203 0.0726938 0.0778101 0.1038593 0.0698566 0.0673628 0.1186286 0.0960647 0.0581727 0.0489069 0.0960282 0.1628442 0.0807474 0.0852925 0.0670588 0.0701661 0.0583879 0.0599843 0.0556583 0.0647038 0.0674963 0.0464288 0.1447055 0.0832721 0.0839024 0.0532515 0.1190399 0.0743802 0.0829218 0.0655954 0.0750407 0.0849602 0.0836051 0.0669597 0.1571532 0.0673920 0.0707620 0.0679767 0.0963223 0.0691009 0.1547635 0.0559588 0.1404861 0.0850727 0.0731702 0.0625445 0.0708976 0.0702233 0.0492824 0.1495093 0.0578487 0.0854187 0.0606184 0.1375788 0.0729049 0.0779273 0.0913850 0.1033816 0.2025298 0.1084021 0.0954968 0.0854943 0.0577164 0.0752827 0.0557232 0.0056395 0.0576895 0.0667406 0.0683254 0.0295846 0.0576937 0.1140510 0.0152487 0.0113649 0.0628213 0.0557512 0.1631656 0.0719065 0.1127814 0.0604452 0.0811565 0.0746313 
S0293         0.5147034 0.4420764 0.5379625 0.0603266 0.0637060 0.0535689 0.2678022 0.0353450 0.0580910 0.0974796 0.0252766 0.0735963 0.0000000 0.0447164 0.2368690 0.0807638 0.0995496 0.0985226 0.0751636 0.0681521 0.0211096 0.0232731 0.0528146 0.1368774 0.0580112 0.0718850 0.1188549 0.1045326 0.1490151 0.0657959 0.0652799 0.1122650 0.0486430 0.0315712 0.1262824 0.0963221 0.0232483 0.0472746 0.0962010 0.1600031 0.0880535 0.0880824 0.0440436 0.0633217 0.0628482 0.0211096 0.0556043 0.0600831 0.0629439 0.0514031 0.1546949 0.0913476 0.0942241 0.0602226 0.1317533 0.0795013 0.0734110 0.0493542 0.0681071 0.0755788 0.0407995 0.0650309 0.1501577 0.0666819 0.0784073 0.0660169 0.0735772 0.0527719 0.1474134 0.0559041 0.1391525 0.1022570 0.0661755 0.0744530 0.0809852 0.0445859 0.1018426 0.1480829 0.0231439 0.0449656 0.0724655 0.1489496 0.0805367 0.0883262 0.0895723 0.0938543 0.2115343 0.0923208 0.1116526 0.0963976 0.0191262 0.0830922 0.0630992 0.0765516 0.0230844 0.0311247 0.0447188 0.0790090 0.0354485 0.1489592 0.0859840 0.0743053 0.0274802 0.0601582 0.1617168 0.0626190 0.1157907 0.0232203 0.0840856 0.0379933 
S0294         0.4678901 0.4351399 0.5077387 0.0664971 0.0680971 0.0549977 0.2709048 0.0447677 0.0712483 0.1157306 0.0385264 0.0878617 0.0447164 0.0000000 0.2435995 0.0703819 0.0886701 0.0880202 0.0745051 0.0747159 0.0340056 0.0407069 0.0585956 0.1362599 0.0711479 0.0811952 0.1459697 0.0939247 0.1608436 0.0870535 0.0733057 0.1291801 0.0497990 0.0428458 0.1200129 0.1230582 0.0340752 0.0599395 0.0907971 0.1539859 0.0914086 0.0776662 0.0472192 0.0843384 0.0715499 0.0340056 0.0685660 0.0781174 0.0814367 0.0665245 0.1662054 0.1014838 0.1128227 0.0685965 0.1432151 0.0621388 0.0896343 0.0716869 0.0895380 0.0948945 0.0347709 0.0784106 0.1473442 0.0838169 0.0828186 0.0672350 0.1008567 0.0732718 0.1472507 0.0636043 0.1361584 0.0974764 0.0820659 0.0834217 0.0828241 0.0592424 0.1121434 0.1425682 0.0319656 0.0529551 0.0791638 0.1511272 0.0983216 0.1095365 0.0865841 0.1183172 0.2222822 0.1108049 0.1010728 0.0856150 0.0318956 0.0826829 0.0742512 0.0883302 0.0318812 0.0424696 0.0526159 0.0909722 0.0405612 0.1585333 0.0982396 0.0850027 0.0367159 0.0686837 0.1790490 0.0758408 0.1329886 0.0341902 0.0962117 0.0567109 
S0299         0.7116193 0.6704890 0.7518524 0.2533996 0.2403584 0.2342984 0.3498525 0.2224840 0.2563390 0.2522369 0.2163708 0.2646870 0.2368690 0.2435995 0.0000000 0.2348058 0.2544785 0.2534080 0.2423074 0.2220171 0.2171202 0.2193607 0.2131381 0.1271164 0.2437388 0.2520705 0.1029354 0.2740997 0.1453639 0.2562225 0.2727740 0.3026624 0.2493515 0.2276789 0.1466052 0.1708497 0.2151540 0.2247839 0.2617823 0.3182022 0.2504143 0.2443945 0.2215956 0.2610881 0.2439358 0.2170887 0.2493404 0.2597064 0.2402280 0.2348242 0.1556653 0.2349226 0.1650375 0.2355463 0.1081637 0.2196565 0.2585106 0.2480157 0.2481774 0.2575005 0.2266818 0.2822397 0.3586886 0.2492909 0.2197227 0.2081381 0.2182193 0.2113817 0.3103320 0.2515147 0.3051094 0.0967251 0.2615090 0.2583724 0.2214000 0.2419949 0.2853707 0.3239428 0.2026520 0.2477975 0.2436481 0.1176791 0.1463681 0.1425346 0.2559347 0.1159101 0.0957630 0.3113602 0.2695769 0.2446757 0.2122360 0.2236688 0.2445230 0.2679588 0.2120712 0.2213542 0.2310145 0.2481635 0.2229397 0.2062780 0.2879287 0.2653991 0.2282024 0.2455746 0.0850953 0.2755067 0.1635616 0.2080853 0.2715772 0.2356886 
S0303         0.5262420 0.4524126 0.5446218 0.0688402 0.0648372 0.0958707 0.2283404 0.0660872 0.0741162 0.0968062 0.0692427 0.0805538 0.0807638 0.0703819 0.2348058 0.0000000 0.0526854 0.0322315 0.0819701 0.0790193 0.0593855 0.0643864 0.0705391 0.1433993 0.0740109 0.0758031 0.1307973 0.0366686 0.1495198 0.0835029 0.0821138 0.0838706 0.0720375 0.0596087 0.1185230 0.1085330 0.0598465 0.0575017 0.0343979 0.1295732 0.0955956 0.0076741 0.0738371 0.0780244 0.0744324 0.0639933 0.0713877 0.0761828 0.0726307 0.0593912 0.1611666 0.0791949 0.0986889 0.0682708 0.1255675 0.0296483 0.0818303 0.0665828 0.0834261 0.0864116 0.0811801 0.0835418 0.1315117 0.0729864 0.0703473 0.0447865 0.0969696 0.0718067 0.1385232 0.0717872 0.1277701 0.0900641 0.0767152 0.0711457 0.0681745 0.0796253 0.0989835 0.1227010 0.0526150 0.0797651 0.0684598 0.1595054 0.0794690 0.0900795 0.0346669 0.1022825 0.2202245 0.0852074 0.0365053 0.0287512 0.0570628 0.0666053 0.0713410 0.0833848 0.0570355 0.0615770 0.0722479 0.0811672 0.0616661 0.1422062 0.0882378 0.0784384 0.0594997 0.0715106 0.1878541 0.0816011 0.1126420 0.0621478 0.0957638 0.0761199 
S0308         0.4440332 0.4211019 0.5044218 0.0746120 0.0749779 0.1157910 0.2261218 0.0863367 0.0797488 0.1074132 0.0899240 0.0790949 0.0995496 0.0886701 0.2544785 0.0526854 0.0000000 0.0715595 0.0825767 0.0879080 0.0841801 0.0896991 0.0735901 0.1449713 0.0796351 0.0915279 0.1231134 0.0669096 0.1443195 0.0895335 0.0847008 0.1002014 0.0974157 0.0869593 0.1226898 0.1065158 0.0848596 0.0696916 0.0693218 0.1570615 0.0938343 0.0546942 0.0896114 0.0869069 0.0800938 0.0841801 0.0769345 0.0868380 0.0863802 0.0766918 0.1625505 0.0896526 0.0888253 0.0738546 0.1440877 0.0452817 0.0956751 0.0794715 0.0921491 0.0894645 0.1051294 0.0859775 0.1511187 0.0766690 0.0830479 0.0616446 0.1123583 0.0859565 0.1574374 0.0773701 0.1404035 0.0943606 0.0901460 0.0894583 0.0832098 0.0985645 0.1031001 0.1466754 0.0818718 0.1043991 0.0765403 0.1547448 0.0770986 0.0828062 0.0600976 0.1215894 0.2093130 0.0963868 0.0714824 0.0588893 0.0816721 0.0740499 0.0873484 0.0819414 0.0816318 0.0915338 0.0877107 0.0872108 0.0866225 0.1263840 0.0839506 0.0887241 0.0817509 0.0770692 0.1840107 0.0864268 0.1242265 0.0846313 0.0913661 0.1022603 
S0322         0.5501446 0.4838886 0.5659308 0.0888157 0.0939844 0.1178628 0.2720722 0.0857352 0.0963528 0.1174869 0.0920151 0.1034083 0.0985226 0.0880202 0.2534080 0.0322315 0.0715595 0.0000000 0.1106628 0.0889597 0.0836631 0.0891310 0.0960896 0.1708917 0.0962166 0.1011476 0.1417186 0.0339674 0.1681720 0.0942485 0.1045057 0.0967450 0.0923232 0.0813361 0.1380114 0.1310459 0.0842377 0.0764745 0.0336865 0.1483515 0.1162713 0.0386033 0.0934969 0.0916578 0.0967677 0.0885708 0.0933895 0.0984380 0.0918646 0.0807069 0.1897693 0.0919232 0.1235595 0.0849650 0.1417396 0.0515885 0.0977578 0.0875780 0.0968248 0.1033059 0.0970985 0.1033929 0.1481123 0.0860929 0.0801299 0.0633326 0.1175225 0.0909315 0.1490582 0.0939165 0.1407158 0.1141073 0.0947703 0.0953184 0.0798749 0.1082982 0.1257397 0.1355783 0.0764721 0.1029829 0.0882248 0.1918336 0.1061148 0.1158649 0.0259794 0.1227765 0.2342272 0.1004552 0.0340707 0.0240839 0.0811746 0.0788164 0.0835040 0.1066234 0.0811347 0.0859604 0.0916900 0.1043348 0.0860867 0.1500655 0.1170681 0.1013630 0.0811786 0.0935525 0.1907777 0.1014707 0.1356197 0.0867720 0.1142515 0.0908578 
S0335         0.4926392 0.4682905 0.5261772 0.0430255 0.0100086 0.0872037 0.2304737 0.0562890 0.0497380 0.0989334 0.0638734 0.0608392 0.0751636 0.0745051 0.2423074 0.0819701 0.0825767 0.1106628 0.0000000 0.0453399 0.0587832 0.0637267 0.0448292 0.1226112 0.0496690 0.0593816 0.1244497 0.1033652 0.1362454 0.0738324 0.0643781 0.1163309 0.0664108 0.0660128 0.1151651 0.1028805 0.0615064 0.0501614 0.1053443 0.1399118 0.0750358 0.0867923 0.0588649 0.0712598 0.0499435 0.0587832 0.0473138 0.0562387 0.0685424 0.0476105 0.1462890 0.0966492 0.0903835 0.0475191 0.1420320 0.0781335 0.0768893 0.0619639 0.0762168 0.0765665 0.0725796 0.0629976 0.1398015 0.0790724 0.0866162 0.0737478 0.0979543 0.0654161 0.1432228 0.0475704 0.1240137 0.0770116 0.0716883 0.0470235 0.0867876 0.0715621 0.0781236 0.1328247 0.0566183 0.0821323 0.0515874 0.1393855 0.0791529 0.0841264 0.0985521 0.1010368 0.2205480 0.1212695 0.1105511 0.0951375 0.0564871 0.0807138 0.0450747 0.0611497 0.0564604 0.0702552 0.0624607 0.0613877 0.0564645 0.1246421 0.0703480 0.0657085 0.0594037 0.0473931 0.1913886 0.0633137 0.1174284 0.0592407 0.0721832 0.0710578 
S0345         0.5173363 0.4700461 0.5321213 0.0451230 0.0459774 0.0897312 0.2548445 0.0473501 0.0523732 0.0961797 0.0546600 0.0609116 0.0681521 0.0747159 0.2220171 0.0790193 0.0879080 0.0889597 0.0453399 0.0000000 0.0520447 0.0568734 0.0539504 0.1245163 0.0523001 0.0713187 0.1124339 0.0920358 0.1324433 0.0665828 0.0739565 0.1140292 0.0616976 0.0616104 0.1163597 0.0895082 0.0546795 0.0431414 0.1024782 0.1427659 0.0797566 0.0863640 0.0567139 0.0640768 0.0525913 0.0520447 0.0499046 0.0589542 0.0590768 0.0451794 0.1378481 0.0871565 0.0774605 0.0429348 0.1246268 0.0758935 0.0743007 0.0595179 0.0663146 0.0739911 0.0679397 0.0658057 0.1366686 0.0679817 0.0766467 0.0693638 0.0891048 0.0555208 0.1433019 0.0501773 0.1268604 0.0642318 0.0765473 0.0424651 0.0796055 0.0645136 0.0889312 0.1356057 0.0499034 0.0772029 0.0527088 0.1332509 0.0686927 0.0684778 0.0848431 0.0948526 0.2033131 0.1135526 0.0990425 0.0838674 0.0497886 0.0815820 0.0153526 0.0612238 0.0497652 0.0633388 0.0577919 0.0631404 0.0497687 0.1360941 0.0704390 0.0657903 0.0548030 0.0499888 0.1738585 0.0661394 0.1062121 0.0479784 0.0748651 0.0615274 
S0400         0.4767316 0.4228012 0.5024135 0.0490914 0.0516882 0.0382804 0.2387071 0.0211336 0.0469233 0.0872998 0.0114134 0.0599843 0.0211096 0.0340056 0.2171202 0.0593855 0.0841801 0.0836631 0.0587832 0.0520447 0.0000000 0.0094942 0.0370858 0.1144840 0.0468591 0.0581397 0.1113868 0.0865903 0.1434930 0.0611553 0.0538266 0.0992245 0.0295691 0.0134356 0.1096714 0.0937535 0.0056552 0.0385325 0.0862794 0.1456663 0.0758670 0.0663260 0.0293740 0.0587225 0.0471146 0.0075117 0.0445562 0.0533108 0.0538737 0.0404377 0.1400933 0.0716021 0.0866132 0.0467538 0.1162244 0.0630158 0.0686457 0.0450109 0.0634411 0.0683661 0.0280161 0.0603352 0.1302255 0.0567927 0.0616990 0.0448286 0.0712732 0.0459925 0.1391734 0.0447945 0.1256559 0.0893156 0.0615090 0.0627455 0.0618165 0.0339104 0.0844011 0.1343019 0.0056306 0.0384612 0.0562575 0.1290425 0.0730757 0.0805019 0.0819539 0.0773995 0.1915947 0.0922011 0.0835750 0.0734601 0.0018611 0.0639031 0.0473298 0.0602863 0.0056165 0.0132516 0.0319721 0.0603299 0.0172451 0.1290536 0.0693486 0.0602582 0.0173898 0.0446299 0.1531132 0.0579657 0.1077364 0.0094665 0.0765114 0.0234889 
S0405         0.4811036 0.4403942 0.5187102 0.0538025 0.0580130 0.0451034 0.2474918 0.0273539 0.0515965 0.0927638 0.0174101 0.0648718 0.0232731 0.0407069 0.2193607 0.0643864 0.0896991 0.0891310 0.0637267 0.0568734 0.0094942 0.0000000 0.0439439 0.1262397 0.0515255 0.0584453 0.1115752 0.0921389 0.1443431 0.0661526 0.0586476 0.1050111 0.0360973 0.0174684 0.1185885 0.0971343 0.0115009 0.0430830 0.0918052 0.1465399 0.0811713 0.0714504 0.0358560 0.0636645 0.0518083 0.0133657 0.0491690 0.0580786 0.0587005 0.0449955 0.1524918 0.0768593 0.0898953 0.0514102 0.1242423 0.0680114 0.0738145 0.0496762 0.0684775 0.0735089 0.0346173 0.0652541 0.1401333 0.0621256 0.0667445 0.0520424 0.0669334 0.0462728 0.1400002 0.0494338 0.1263827 0.0965855 0.0665363 0.0677161 0.0645066 0.0405900 0.0897903 0.1350867 0.0114502 0.0431320 0.0611372 0.1354178 0.0761925 0.0838291 0.0874384 0.0844271 0.2035209 0.0978936 0.0941052 0.0814224 0.0075691 0.0689760 0.0520492 0.0652022 0.0114210 0.0192494 0.0386325 0.0699082 0.0193645 0.1411205 0.0744199 0.0651712 0.0235838 0.0492508 0.1540834 0.0629926 0.1167895 0.0154019 0.0818700 0.0298674 
S0412sl       0.4610104 0.4285434 0.4748960 0.0483240 0.0418330 0.0708851 0.2402351 0.0369532 0.0510292 0.0873780 0.0417943 0.0598985 0.0528146 0.0585956 0.2131381 0.0705391 0.0735901 0.0960896 0.0448292 0.0539504 0.0370858 0.0439439 0.0000000 0.1042583 0.0509568 0.0527202 0.1143152 0.0914555 0.1335947 0.0586027 0.0488410 0.1040607 0.0441598 0.0464007 0.1092776 0.0907335 0.0395445 0.0419882 0.0989357 0.1464523 0.0418692 0.0752934 0.0416547 0.0561127 0.0512452 0.0392710 0.0485322 0.0577075 0.0558008 0.0418366 0.1350327 0.0861012 0.0759540 0.0417059 0.1175574 0.0669890 0.0615036 0.0512537 0.0631700 0.0612483 0.0564511 0.0647540 0.1387802 0.0633573 0.0698635 0.0596084 0.0764195 0.0520005 0.1369822 0.0488018 0.1231324 0.0748879 0.0611595 0.0604543 0.0699998 0.0489070 0.0751178 0.1348101 0.0349820 0.0441782 0.0531505 0.1275265 0.0670972 0.0722061 0.0866759 0.0901990 0.1923157 0.1072917 0.0959887 0.0802777 0.0349016 0.0729301 0.0489229 0.0579949 0.0348853 0.0480664 0.0398321 0.0601328 0.0370596 0.1130238 0.0695839 0.0598124 0.0419075 0.0486155 0.1607697 0.0624363 0.1019248 0.0394791 0.0742822 0.0505131 
S0417         0.5781692 0.5268279 0.5763382 0.1188420 0.1152719 0.1557994 0.2689055 0.1201089 0.1152525 0.1458722 0.1173968 0.1225740 0.1368774 0.1362599 0.1271164 0.1433993 0.1449713 0.1708917 0.1226112 0.1245163 0.1144840 0.1262397 0.1042583 0.0000000 0.1150840 0.1439367 0.0414351 0.1556989 0.0835131 0.1423098 0.1439057 0.1817879 0.1390730 0.1322093 0.0683602 0.1149621 0.1210358 0.1098644 0.1560391 0.2089913 0.1213032 0.1490338 0.1292568 0.1390084 0.1157654 0.1145797 0.1067039 0.1229282 0.1389282 0.1064031 0.0682942 0.1502887 0.1043689 0.1060856 0.0575505 0.1377638 0.1452904 0.1340630 0.1420002 0.1530100 0.1416947 0.1321722 0.2193160 0.1176411 0.1464761 0.1226461 0.1580805 0.1238671 0.2002482 0.1126535 0.2030423 0.0547948 0.1521390 0.1327572 0.1467963 0.1489218 0.1467862 0.2142061 0.1143832 0.1435686 0.1211207 0.0424272 0.0900168 0.0923424 0.1498592 0.0936169 0.1028744 0.1850399 0.1593754 0.1378676 0.1171800 0.1342124 0.1296573 0.1228375 0.1117782 0.1281213 0.1188328 0.1089655 0.1289393 0.1086245 0.1339145 0.1286898 0.1249773 0.1122013 0.0802960 0.1356759 0.1207045 0.1182051 0.1410205 0.1450814 
S0419         0.4702343 0.4610056 0.5298202 0.0430084 0.0428956 0.0833120 0.2345282 0.0491494 0.0075286 0.0585994 0.0516391 0.0580687 0.0580112 0.0711479 0.2437388 0.0740109 0.0796351 0.0962166 0.0496690 0.0523001 0.0468591 0.0515255 0.0509568 0.1150840 0.0000000 0.0657762 0.1123960 0.0891674 0.1321817 0.0544143 0.0689555 0.0995849 0.0634726 0.0561148 0.1182324 0.1000105 0.0493863 0.0319539 0.0995758 0.1583478 0.0738267 0.0787191 0.0584957 0.0520356 0.0113992 0.0468591 0.0056075 0.0132428 0.0517289 0.0317377 0.1383917 0.0914625 0.0876079 0.0361922 0.1248082 0.0702772 0.0617356 0.0432620 0.0544040 0.0614872 0.0694944 0.0356722 0.1524684 0.0574385 0.0809265 0.0685847 0.0713330 0.0481086 0.1527994 0.0056358 0.1385442 0.0891728 0.0593221 0.0609403 0.0810844 0.0592392 0.0726554 0.1477182 0.0447694 0.0734433 0.0471381 0.1356675 0.0764333 0.0788816 0.0845112 0.0909646 0.2138262 0.0959352 0.0961178 0.0810288 0.0446682 0.0831932 0.0519900 0.0583617 0.0446476 0.0533694 0.0549840 0.0562968 0.0493001 0.1287505 0.0674290 0.0628562 0.0542783 0.0094120 0.1650487 0.0358425 0.1143117 0.0472162 0.0454709 0.0631031 
S0427         0.4906969 0.4544555 0.5328755 0.0563236 0.0521759 0.0903369 0.2490576 0.0578498 0.0658682 0.1027059 0.0654009 0.0676459 0.0718850 0.0811952 0.2520705 0.0758031 0.0915279 0.1011476 0.0593816 0.0713187 0.0581397 0.0584453 0.0527202 0.1439367 0.0657762 0.0000000 0.1410171 0.0964041 0.1398997 0.0748969 0.0655624 0.1145558 0.0680408 0.0677958 0.1266861 0.0949148 0.0608272 0.0544655 0.1012719 0.1405431 0.0780861 0.0830195 0.0674502 0.0723557 0.0661440 0.0603329 0.0632662 0.0726058 0.0650085 0.0563357 0.1525649 0.0860312 0.0901689 0.0558128 0.1535141 0.0745435 0.0779217 0.0631776 0.0772500 0.0775991 0.0715766 0.0796657 0.1433683 0.0656956 0.0757103 0.0627632 0.0878586 0.0686914 0.1342510 0.0636140 0.1181519 0.0802484 0.0706750 0.0751399 0.0758566 0.0730465 0.0934508 0.1240616 0.0559987 0.0810561 0.0610213 0.1477950 0.0764546 0.0864805 0.0916014 0.1046862 0.2221185 0.1074468 0.1034102 0.0852533 0.0558703 0.0804112 0.0685985 0.0679927 0.0558442 0.0694796 0.0616708 0.0727888 0.0558482 0.1391515 0.0773302 0.0726195 0.0609636 0.0633737 0.1799435 0.0800731 0.1225373 0.0585169 0.0923251 0.0720899 
S0428sl       0.5396535 0.4416327 0.4508610 0.1030726 0.1125722 0.1336829 0.2246017 0.1070209 0.1044229 0.1189691 0.1209247 0.0916752 0.1188549 0.1459697 0.1029354 0.1307973 0.1231134 0.1417186 0.1244497 0.1124339 0.1113868 0.1115752 0.1143152 0.0414351 0.1123960 0.1410171 0.0000000 0.1334768 0.0668496 0.1338770 0.1331710 0.1497078 0.1274609 0.1273295 0.0326142 0.0862740 0.1158340 0.1038235 0.1379791 0.1952732 0.1370765 0.1380808 0.1111161 0.1300052 0.1171027 0.1115181 0.1080817 0.1157649 0.1243486 0.0954384 0.0502013 0.1409747 0.0722274 0.1075045 0.0461257 0.1316441 0.1433789 0.1207032 0.1384283 0.1394545 0.1286259 0.1240671 0.1851392 0.1082950 0.1289502 0.1128788 0.1408341 0.1126238 0.1726676 0.1089745 0.1804236 0.0657241 0.1406737 0.1313640 0.1293381 0.1412159 0.1150366 0.1846306 0.1151673 0.1371863 0.1162085 0.0410269 0.0623927 0.0678244 0.1175645 0.0214183 0.0539495 0.1469967 0.1241959 0.1040185 0.1151672 0.1188932 0.1186452 0.0960695 0.1113868 0.1228228 0.1160687 0.0920607 0.1188222 0.0915880 0.1074156 0.0963139 0.1120016 0.1081946 0.0633129 0.1288931 0.0940138 0.1086353 0.1232105 0.1317768 
S0430         0.5384335 0.4882309 0.5592057 0.0837284 0.0809478 0.1158555 0.2621522 0.0887478 0.0892949 0.1155224 0.0923766 0.0986545 0.1045326 0.0939247 0.2740997 0.0366686 0.0669096 0.0339674 0.1033652 0.0920358 0.0865903 0.0921389 0.0914555 0.1556989 0.0891674 0.0964041 0.1334768 0.0000000 0.1728483 0.0906518 0.1034371 0.1102765 0.1005929 0.0892605 0.1378519 0.1309604 0.0871904 0.0744829 0.0405967 0.1558143 0.1099399 0.0363896 0.0915209 0.0880540 0.0896799 0.0840710 0.0863920 0.0913839 0.0875269 0.0787319 0.1785174 0.0993275 0.1124629 0.0830047 0.1297560 0.0496393 0.0966303 0.0807016 0.0932375 0.0962095 0.1058756 0.0983665 0.1598100 0.0956727 0.0930107 0.0636502 0.1223058 0.0923178 0.1640753 0.0868811 0.1551322 0.1118381 0.0911604 0.0933566 0.0902352 0.1063037 0.1153762 0.1470341 0.0793178 0.1038444 0.0838688 0.1801354 0.0953167 0.1044593 0.0076697 0.1245338 0.2387198 0.1095412 0.0235614 0.0038480 0.0840710 0.0859634 0.0914532 0.1018225 0.0840295 0.0889107 0.0957579 0.1020596 0.0890419 0.1613311 0.1086614 0.0966035 0.0769066 0.0865431 0.1805441 0.0964401 0.1328024 0.0847766 0.1148465 0.0939392 
S0478         0.5703150 0.5606490 0.6105494 0.1312969 0.1332038 0.1813994 0.2903604 0.1260424 0.1388390 0.1503309 0.1436245 0.1367203 0.1490151 0.1608436 0.1453639 0.1495198 0.1443195 0.1681720 0.1362454 0.1324433 0.1434930 0.1443431 0.1335947 0.0835131 0.1321817 0.1398997 0.0668496 0.1728483 0.0000000 0.1703482 0.1572832 0.1717418 0.1450309 0.1505265 0.0701999 0.0959437 0.1435265 0.1232313 0.1689979 0.1959594 0.1540763 0.1582935 0.1408872 0.1668187 0.1394555 0.1379038 0.1353544 0.1467498 0.1596494 0.1196547 0.1028514 0.1453596 0.0970348 0.1379028 0.0994479 0.1439296 0.1703273 0.1517427 0.1695469 0.1774565 0.1481927 0.1612650 0.2059816 0.1517513 0.1411618 0.1347416 0.1688312 0.1455498 0.1934076 0.1361437 0.1825806 0.0427162 0.1714483 0.1464918 0.1450700 0.1608728 0.1588529 0.1895889 0.1405938 0.1720503 0.1361310 0.0897678 0.0782490 0.0807565 0.1565936 0.1017769 0.1350285 0.1785903 0.1773864 0.1540276 0.1405938 0.1353619 0.1319150 0.1374907 0.1349694 0.1461729 0.1367114 0.1227227 0.1405348 0.1111746 0.1458238 0.1429781 0.1451358 0.1330527 0.1346799 0.1621631 0.1162155 0.1446918 0.1647267 0.1628057 
S0552sl       0.5057114 0.4498244 0.5009675 0.0567490 0.0549445 0.1000332 0.2533942 0.0586326 0.0544902 0.0855100 0.0663071 0.0726938 0.0657959 0.0870535 0.2562225 0.0835029 0.0895335 0.0942485 0.0738324 0.0665828 0.0611553 0.0661526 0.0586027 0.1423098 0.0544143 0.0748969 0.1338770 0.0906518 0.1703482 0.0000000 0.0765263 0.1067306 0.0712506 0.0687003 0.1417517 0.1162658 0.0616303 0.0521587 0.1025417 0.1575297 0.0813647 0.0859908 0.0683844 0.0037686 0.0592624 0.0611553 0.0520044 0.0588649 0.0255929 0.0540507 0.1463822 0.0965100 0.1034970 0.0469898 0.1409717 0.0773553 0.0155471 0.0278229 0.0154852 0.0300278 0.0853336 0.0587479 0.1546927 0.0660615 0.0858165 0.0629689 0.0565161 0.0346099 0.1462316 0.0522883 0.1322902 0.0924616 0.0319942 0.0703596 0.0832958 0.0640040 0.0913704 0.1440764 0.0589777 0.0717133 0.0635907 0.1560901 0.0946331 0.0953376 0.0892071 0.0838394 0.2236668 0.1079479 0.0983768 0.0825870 0.0588399 0.0880985 0.0661776 0.0730718 0.0565669 0.0680534 0.0664903 0.0756056 0.0588163 0.1543520 0.0825729 0.0708079 0.0616647 0.0565796 0.1848146 0.0590427 0.1343635 0.0615618 0.0775338 0.0702497 
S0558         0.5112832 0.4713260 0.5521172 0.0662482 0.0549554 0.0939360 0.2705065 0.0581161 0.0690530 0.1040270 0.0610716 0.0778101 0.0652799 0.0733057 0.2727740 0.0821138 0.0847008 0.1045057 0.0643781 0.0739565 0.0538266 0.0586476 0.0488410 0.1439057 0.0689555 0.0655624 0.1331710 0.1034371 0.1572832 0.0765263 0.0000000 0.1111390 0.0680520 0.0633718 0.1394077 0.1142854 0.0539443 0.0595425 0.1058022 0.1610128 0.0714363 0.0845222 0.0677659 0.0739231 0.0693456 0.0560710 0.0663886 0.0759067 0.0711651 0.0639738 0.1626879 0.0971990 0.1015599 0.0565545 0.1556364 0.0831812 0.0770000 0.0569297 0.0789331 0.0766764 0.0768340 0.0751846 0.1598812 0.0700825 0.0864330 0.0738198 0.0849970 0.0679135 0.1524496 0.0614519 0.1500377 0.1073161 0.0721586 0.0777219 0.0866037 0.0710749 0.1013091 0.1593127 0.0516961 0.0790026 0.0764696 0.1574793 0.0873678 0.0986868 0.0986201 0.1153082 0.2304746 0.1119485 0.1054642 0.0872414 0.0515775 0.0837461 0.0663720 0.0782194 0.0515534 0.0650799 0.0690584 0.0807352 0.0560392 0.1431066 0.0829988 0.0769359 0.0588716 0.0665027 0.2103285 0.0755680 0.1350002 0.0560060 0.0824958 0.0730414 
S0616         0.5291142 0.4966098 0.6019537 0.0958201 0.1124368 0.1465995 0.2639912 0.0986475 0.0997279 0.1377011 0.1104958 0.1038593 0.1122650 0.1291801 0.3026624 0.0838706 0.1002014 0.0967450 0.1163309 0.1140292 0.0992245 0.1050111 0.1040607 0.1817879 0.0995849 0.1145558 0.1497078 0.1102765 0.1717418 0.1067306 0.1111390 0.0000000 0.1054045 0.0993356 0.1736148 0.1345173 0.0973586 0.1021618 0.1037430 0.1625371 0.1205952 0.0886844 0.1152350 0.1070002 0.1001610 0.1043325 0.0967039 0.1070578 0.1063590 0.0937615 0.1904306 0.1184908 0.1211943 0.0983112 0.1623298 0.0846728 0.1030871 0.0988303 0.1098541 0.1078433 0.1191512 0.1069796 0.1583810 0.0842113 0.1036772 0.0783169 0.1286785 0.1090306 0.1604287 0.0944808 0.1515887 0.1383652 0.1093773 0.1100572 0.1064641 0.1156023 0.1210335 0.1463060 0.0968662 0.1346614 0.0910489 0.1955393 0.1121406 0.1134976 0.1002005 0.1629413 0.2772152 0.0363792 0.1122275 0.0968041 0.0966262 0.1120746 0.1027552 0.1070919 0.0965779 0.1039735 0.1085192 0.0995619 0.0990572 0.1491771 0.1069456 0.0991149 0.1078578 0.0968744 0.2190691 0.1075502 0.1446938 0.1051828 0.1215825 0.1126104 
S0641         0.4894617 0.4227463 0.4936117 0.0584428 0.0610476 0.0613366 0.2544117 0.0233328 0.0635613 0.1001915 0.0339389 0.0698566 0.0486430 0.0497990 0.2493515 0.0720375 0.0974157 0.0923232 0.0664108 0.0616976 0.0295691 0.0360973 0.0441598 0.1390730 0.0634726 0.0680408 0.1274609 0.1005929 0.1450309 0.0712506 0.0680520 0.1054045 0.0000000 0.0362732 0.1333289 0.1050215 0.0297706 0.0522502 0.1002238 0.1417041 0.0782915 0.0792821 0.0276179 0.0687062 0.0638271 0.0336988 0.0609829 0.0702703 0.0659131 0.0518502 0.1620479 0.0897075 0.0976749 0.0583870 0.1424726 0.0755953 0.0739660 0.0612673 0.0712357 0.0762635 0.0477180 0.0678753 0.1323138 0.0600376 0.0695879 0.0618391 0.0924049 0.0652266 0.1324540 0.0588862 0.1190886 0.0938109 0.0788974 0.0703688 0.0697231 0.0406822 0.0897708 0.1276831 0.0275635 0.0522104 0.0684217 0.1484269 0.0809925 0.0913726 0.0958044 0.0971410 0.2244152 0.1036060 0.1025645 0.0897635 0.0275039 0.0765890 0.0591223 0.0702164 0.0274916 0.0378789 0.0341400 0.0726505 0.0274932 0.1333716 0.0795914 0.0677702 0.0337635 0.0565523 0.1893739 0.0654232 0.1142493 0.0337418 0.0822595 0.0470122 
S0643         0.4996934 0.4534658 0.5220316 0.0584297 0.0609720 0.0497706 0.2486157 0.0274822 0.0561925 0.0955666 0.0215134 0.0673628 0.0315712 0.0428458 0.2276789 0.0596087 0.0869593 0.0813361 0.0660128 0.0616104 0.0134356 0.0174684 0.0464007 0.1322093 0.0561148 0.0677958 0.1273295 0.0892605 0.1505265 0.0687003 0.0633718 0.0993356 0.0362732 0.0000000 0.1244048 0.1082007 0.0115358 0.0454011 0.0889387 0.1460148 0.0863112 0.0665772 0.0379376 0.0684944 0.0564246 0.0173709 0.0537113 0.0627514 0.0634296 0.0473174 0.1587788 0.0788806 0.1007801 0.0559894 0.1285719 0.0677129 0.0764519 0.0542708 0.0733880 0.0785101 0.0367418 0.0700569 0.1405768 0.0673513 0.0687483 0.0517919 0.0815825 0.0554790 0.1395029 0.0540026 0.1259448 0.1036211 0.0690995 0.0702503 0.0688803 0.0451585 0.0917823 0.1319532 0.0154326 0.0500121 0.0659118 0.1433725 0.0868006 0.0950006 0.0845956 0.0909430 0.2083740 0.0974497 0.0912223 0.0785941 0.0114772 0.0709758 0.0566914 0.0700023 0.0153928 0.0233517 0.0431889 0.0747808 0.0275830 0.1349531 0.0793482 0.0699685 0.0278211 0.0538014 0.1676965 0.0681416 0.1229952 0.0194630 0.0870623 0.0342305 
S0656sl       0.5146626 0.4715814 0.5076228 0.1086178 0.1019329 0.1380895 0.2396585 0.1119746 0.1184063 0.1294009 0.1184921 0.1186286 0.1262824 0.1200129 0.1466052 0.1185230 0.1226898 0.1380114 0.1151651 0.1163597 0.1096714 0.1185885 0.1092776 0.0683602 0.1182324 0.1266861 0.0326142 0.1378519 0.0701999 0.1417517 0.1394077 0.1736148 0.1333289 0.1244048 0.0000000 0.0934889 0.1187801 0.0989163 0.1327731 0.1828523 0.1306317 0.1267875 0.1255141 0.1384619 0.1155657 0.1070358 0.1151033 0.1205748 0.1345660 0.1060554 0.0666288 0.1361162 0.0917564 0.1165912 0.0388413 0.1142063 0.1420239 0.1243371 0.1474533 0.1513207 0.1216803 0.1375261 0.1856173 0.1255214 0.1286782 0.1020842 0.1469106 0.1181407 0.1745272 0.1157796 0.1703749 0.0467288 0.1417318 0.1314800 0.1289505 0.1428724 0.1435667 0.1835061 0.1123534 0.1255900 0.1139316 0.0749194 0.0647784 0.0827803 0.1324715 0.0721075 0.0973811 0.1675499 0.1406933 0.1264003 0.1123533 0.1236143 0.1203062 0.1192924 0.1069807 0.1176994 0.1221107 0.1095920 0.1232189 0.0951967 0.1274475 0.1246340 0.1131364 0.1153124 0.0556721 0.1382933 0.1044876 0.1079657 0.1433170 0.1321331 
