123
CRNC          0.0000000 0.3536344 0.4174778 0.5221288 0.4100619 0.5234740 0.5419707 0.5201756 0.5199026 0.5462109 0.5188811 0.5120174 0.5419868 0.5144642 0.5157209 0.5567549 0.5664438 0.5849489 0.6374436 0.5281989 0.5922615 0.5087638 0.5579420 0.5855363 0.5367050 0.5248639 0.5210734 0.4577752 0.5615324 0.5025001 0.5195247 0.5181739 0.5363996 0.5862495 0.4819248 0.5899560 0.5180187 0.5686261 0.5624861 0.5419442 0.4926986 0.5153288 0.5633982 0.5631100 0.4943097 0.4794919 0.5006938 0.4365729 0.5643754 0.5925412 0.5343518 0.5894452 0.5496003 0.5335812 0.5333073 0.5151207 0.5076333 0.5151207 0.5263651 0.5705470 0.4880771 0.5408562 0.6154294 0.4908122 0.5226145 0.5346787 0.5758370 0.5662522 0.5939762 0.5807211 0.5908360 0.5541962 0.5092144 0.5442682 0.6336895 0.5811863 0.5585853 0.5884020 0.5522523 0.5093643 0.6369488 0.5232909 0.7006351 0.5760391 0.5159102 0.5325118 0.5707748 0.5479662 0.4974061 0.5906929 0.5093740 0.5161302 0.5414844 0.4737113 0.4939759 0.5770900 0.4934847 0.5924984 0.5774096 0.5987809 0.5821448 0.5049397 0.6108744 0.5455111 0.4725138 0.5366780 0.4843771 0.5040687 0.5263855 0.5766810 0.5006950 0.5139551 0.4978688 0.5577591 0.5129738 0.5194238 0.5334010 0.5761308 0.5242611 0.4988229 0.5798312 0.5334582 0.3559640 
HYZL          0.3536344 0.0000000 0.1490065 0.3584230 0.3568998 0.3491519 0.2892169 0.3739305 0.3707032 0.4097431 0.3914822 0.3695001 0.4277340 0.4033175 0.3555051 0.3874960 0.4461396 0.4472836 0.4807707 0.4265325 0.4468722 0.3845276 0.4038660 0.4354256 0.3630533 0.3557392 0.3502135 0.3431752 0.4041891 0.3742268 0.3709345 0.3716304 0.3944290 0.4591153 0.3789592 0.4253597 0.4140315 0.4209034 0.4462693 0.4039031 0.3629381 0.3398210 0.4573071 0.4119670 0.3737924 0.3442609 0.3589324 0.3181307 0.4415916 0.4623384 0.3928693 0.4539689 0.3830918 0.3524300 0.4149521 0.3674455 0.3438655 0.3674455 0.3760018 0.4350853 0.3691262 0.3956985 0.4385157 0.3736179 0.3841249 0.3496911 0.4205134 0.4405438 0.4225065 0.4128554 0.4382628 0.3874310 0.3562414 0.3868710 0.4552193 0.4024986 0.3899131 0.4437846 0.3723196 0.3728476 0.4790744 0.3784213 0.4031667 0.3612223 0.3806551 0.3775661 0.4158883 0.4076618 0.4132842 0.4056886 0.3448686 0.3655556 0.4164673 0.3579446 0.3644761 0.4561034 0.3608375 0.4548555 0.4193133 0.4738569 0.4540231 0.3464911 0.4237827 0.3657023 0.3839899 0.3643380 0.3352863 0.3922658 0.4129470 0.4251049 0.3897117 0.4206438 0.4006460 0.4718490 0.3558301 0.3674085 0.4210432 0.3931945 0.3785970 0.3445931 0.4335040 0.3753684 0.1817316 
MYZV          0.4174778 0.1490065 0.0000000 0.3602655 0.3859377 0.3932132 0.3292077 0.3929927 0.4009583 0.4535105 0.4095397 0.4036399 0.4661557 0.3987280 0.3784601 0.4094460 0.4935557 0.4481848 0.4555074 0.4595234 0.4559820 0.4290121 0.4093813 0.4359660 0.4002444 0.3939362 0.3838583 0.3891012 0.4218071 0.3790495 0.4012048 0.3936534 0.4177907 0.4559790 0.3868596 0.4375080 0.4207207 0.4563879 0.4397639 0.4488970 0.3734729 0.3767473 0.4825838 0.4322230 0.3925209 0.3584308 0.3940479 0.3280162 0.4461297 0.4554126 0.4060333 0.4474715 0.4222510 0.3973018 0.4343571 0.3976201 0.3810518 0.3976201 0.4064863 0.4553619 0.3551359 0.4057815 0.4501092 0.3746866 0.4116225 0.3965095 0.4801376 0.4462451 0.4261472 0.4288630 0.4499057 0.4019789 0.3761287 0.3993126 0.4525736 0.4081732 0.4002844 0.4367464 0.4071838 0.4062219 0.4702289 0.3942356 0.3731268 0.3772257 0.4091975 0.3877608 0.4316304 0.4026470 0.4181884 0.4321995 0.3821976 0.3929860 0.4512922 0.3662932 0.3798108 0.4495033 0.3810260 0.4476314 0.4454535 0.4832081 0.4400183 0.3870073 0.4382365 0.3795985 0.3864514 0.3837346 0.3724408 0.5024749 0.4213639 0.4534922 0.3996207 0.4196077 0.4074459 0.5300323 0.3788272 0.3975748 0.4548273 0.4080288 0.3835462 0.3781396 0.4444629 0.4042645 0.1683044 
SRR6441723    0.5221288 0.3584230 0.3602655 0.0000000 0.0649819 0.1044764 0.2694814 0.0892231 0.0918505 0.1641393 0.1165126 0.0949507 0.1671023 0.0798449 0.0954064 0.1200315 0.2106940 0.1183552 0.1282854 0.1703506 0.1238115 0.1193812 0.0618323 0.0463531 0.1036484 0.0907918 0.0873437 0.1087725 0.0992194 0.1083768 0.0979579 0.1110666 0.1295428 0.1235781 0.1176856 0.1051937 0.1072282 0.1362569 0.1224280 0.1629903 0.0775969 0.0821645 0.1720945 0.1107404 0.1258330 0.0709044 0.0992576 0.0820622 0.1211159 0.2840303 0.0776680 0.1276230 0.1126837 0.0951408 0.1154685 0.0919682 0.0818951 0.0919682 0.0961592 0.1096023 0.1025066 0.1091138 0.1265701 0.0973444 0.1255695 0.0811706 0.1417966 0.1060056 0.1066832 0.1073336 0.1072332 0.1035363 0.1037732 0.1004528 0.3006474 0.1115519 0.0924295 0.1379463 0.1110354 0.1108153 0.2838048 0.0938660 0.2265076 0.0942426 0.1276480 0.0592600 0.1197193 0.1022108 0.1069647 0.2102784 0.0877433 0.0897863 0.1243499 0.0964486 0.1019522 0.1293499 0.1176856 0.1696206 0.1170872 0.1305023 0.1249617 0.0878182 0.1194959 0.0511964 0.0679059 0.0945879 0.0790688 0.1039421 0.0962026 0.0922550 0.0958498 0.0955305 0.0871433 0.1961820 0.0786577 0.0977755 0.1414898 0.1077000 0.1063254 0.0843850 0.1048252 0.0740387 0.0448105 
ERR4210213    0.4100619 0.3568998 0.3859377 0.0649819 0.0000000 0.1093514 0.2256526 0.0894614 0.1297996 0.1482296 0.1674709 0.1098345 0.2159481 0.1123337 0.0987974 0.1142376 0.2407959 0.0816437 0.1132900 0.1950081 0.1193116 0.1618322 0.0201006 0.0813178 0.1013034 0.1095438 0.0996645 0.1401610 0.0821284 0.1118131 0.1607294 0.1071010 0.1496789 0.0998277 0.1523305 0.1385113 0.1376232 0.1244622 0.1081798 0.1849593 0.0820828 0.0904602 0.1861205 0.1672221 0.1384579 0.0576837 0.0985026 0.1514392 0.0901880 0.3355156 0.0899981 0.0990895 0.0945496 0.1071798 0.1424344 0.1305813 0.0891979 0.1305813 0.1305813 0.1790086 0.1868112 0.1401360 0.1664874 0.1000065 0.1193948 0.0989223 0.1528303 0.0820082 0.1616861 0.1408970 0.1087503 0.1386609 0.0990391 0.2095974 0.3659337 0.1064500 0.0697741 0.1151226 0.1312965 0.1056414 0.3780821 0.1208411 0.6597133 0.1015610 0.1508485 0.1139599 0.1386901 0.1455433 0.0917370 0.3216170 0.0989221 0.1197001 0.1992595 0.1000065 0.0910611 0.1093523 0.1589555 0.2190905 0.0945765 0.1089623 0.1084652 0.0978755 0.1625478 0.1083045 0.1028419 0.1079043 0.0904621 0.1116027 0.0995190 0.0898965 0.1129440 0.1251603 0.0926666 0.2301478 0.1209189 0.1305813 0.1920346 0.2013819 0.1279647 0.0891979 0.1842062 0.1002355 0.0000010 
ERR2789774    0.5234740 0.3491519 0.3932132 0.1044764 0.1093514 0.0000000 0.2564868 0.0837380 0.0944551 0.1544488 0.1381866 0.0227887 0.1640100 0.1162962 0.0245979 0.1007015 0.1958579 0.1239523 0.1399592 0.1639167 0.1294953 0.1194269 0.1137240 0.1038463 0.1061504 0.0227540 0.0260193 0.1158747 0.1024675 0.1118660 0.0985782 0.0997159 0.1474577 0.1226614 0.1286198 0.1192606 0.1076952 0.1459486 0.1281316 0.1612967 0.0477945 0.0242452 0.1621242 0.1086226 0.1216620 0.0554279 0.0332091 0.1011779 0.1273010 0.2888017 0.0808523 0.1333039 0.1225765 0.0305093 0.1277028 0.0905477 0.0194846 0.0905477 0.0947415 0.1337120 0.1273066 0.0978971 0.1352807 0.0876600 0.1167298 0.0860998 0.1425499 0.1163602 0.1296920 0.1223249 0.1269790 0.1229551 0.0813608 0.1488029 0.2931409 0.1021321 0.1022812 0.1338581 0.1152940 0.1107284 0.2751073 0.0924489 0.2587653 0.0918597 0.1276408 0.1089320 0.1261986 0.0783438 0.1586884 0.2148065 0.0257476 0.0582159 0.1325707 0.0847874 0.0882375 0.1288694 0.1128636 0.1720675 0.1306026 0.1340775 0.1303778 0.0256801 0.1269768 0.0997917 0.1097416 0.0339834 0.0296852 0.1024251 0.1509542 0.0678376 0.0955307 0.1402973 0.1285202 0.2084316 0.0518666 0.0922678 0.1551168 0.1374771 0.1000814 0.0227554 0.1371169 0.0373435 0.0525343 
PAFTOL_019361 0.5419707 0.2892169 0.3292077 0.2694814 0.2256526 0.2564868 0.0000000 0.2497857 0.2445043 0.2765972 0.2956890 0.2556557 0.3120169 0.2876724 0.2495496 0.2598989 0.3292147 0.2879669 0.3092591 0.2757701 0.2957586 0.2521532 0.3065980 0.3112995 0.2684683 0.2479019 0.2400274 0.2152884 0.2945626 0.2310327 0.2446501 0.2659075 0.2670901 0.3050317 0.2684345 0.2916407 0.3240300 0.3141421 0.3015186 0.2805971 0.2398726 0.2406770 0.3200169 0.2592460 0.2394425 0.2225092 0.2546545 0.2373637 0.2978894 0.3350628 0.2576965 0.2926569 0.2727296 0.2517457 0.3116451 0.2442745 0.2392702 0.2442745 0.2507583 0.3132867 0.2656666 0.2345265 0.2871806 0.2322562 0.2639149 0.2392062 0.2823704 0.2858431 0.3052369 0.2832877 0.3239979 0.3029491 0.2521620 0.2967787 0.3750574 0.2885860 0.2468651 0.2762323 0.2695300 0.2638460 0.3664607 0.2415979 0.3318432 0.1864469 0.2832941 0.2798643 0.2743284 0.2992844 0.2956025 0.3095684 0.2398645 0.2622079 0.2625983 0.2241516 0.2346034 0.3179895 0.2518143 0.2937229 0.2892697 0.3073726 0.3125700 0.2441016 0.2647371 0.2763343 0.2577135 0.2516173 0.2340551 0.2984987 0.3014109 0.3164962 0.2254455 0.3069341 0.2864380 0.3357952 0.2504123 0.2464185 0.3024335 0.2690164 0.2499158 0.2358812 0.3077451 0.2534258 0.0911698 
S0055         0.5201756 0.3739305 0.3929927 0.0892231 0.0894614 0.0837380 0.2497857 0.0000000 0.0813968 0.1324228 0.1195432 0.0788974 0.1552986 0.0967687 0.0798139 0.0967307 0.1742984 0.1084673 0.1245750 0.1388071 0.1136455 0.1004454 0.0925736 0.0910119 0.0920208 0.0732707 0.0735815 0.0901989 0.0833010 0.0926074 0.0892376 0.0914581 0.1134387 0.1151808 0.1072004 0.1045635 0.1013944 0.1270231 0.1142087 0.1338939 0.0668176 0.0693661 0.1434730 0.1053108 0.1029457 0.0532897 0.0831862 0.0839458 0.1136880 0.3011019 0.0568358 0.1193191 0.0975039 0.0822049 0.1116198 0.0814987 0.0672156 0.0814987 0.0812527 0.1120789 0.1109526 0.0947767 0.1284650 0.0777909 0.1152939 0.0753662 0.1389640 0.1048692 0.1143837 0.0976636 0.1227954 0.1052669 0.0908903 0.1293343 0.3037711 0.1104993 0.0949808 0.0982175 0.0947274 0.0944897 0.2816406 0.0833387 0.2669214 0.0729480 0.1190304 0.0948601 0.1224917 0.0900345 0.1131505 0.2021838 0.0745863 0.0842675 0.1215780 0.0748347 0.0820129 0.1193147 0.1055400 0.1496370 0.1042778 0.1198865 0.1208497 0.0726342 0.1187004 0.0881005 0.0837166 0.0846352 0.0684998 0.0624830 0.1212567 0.0680983 0.0809094 0.1173293 0.1005310 0.1618986 0.0775953 0.0813600 0.1370095 0.1185570 0.0898249 0.0713862 0.1267063 0.0672806 0.0339281 
S0196sl       0.5199026 0.3707032 0.4009583 0.0918505 0.1297996 0.0944551 0.2445043 0.0813968 0.0000000 0.1195901 0.0864048 0.0850767 0.1255946 0.0919997 0.0788209 0.1147675 0.1455078 0.0797827 0.0996059 0.1244011 0.0822606 0.0826201 0.1054716 0.1100661 0.0899853 0.0792101 0.0795544 0.0813403 0.0928377 0.0699834 0.0087872 0.0726861 0.1018134 0.0802689 0.0863909 0.1185546 0.1137410 0.1070705 0.0829032 0.1264954 0.0714724 0.0747327 0.1252295 0.0713098 0.1018895 0.0632175 0.0896785 0.0354861 0.0820678 0.2937383 0.0774141 0.0878898 0.0741994 0.0878646 0.1212966 0.0029003 0.0728548 0.0029003 0.0058394 0.1301712 0.0607636 0.0691305 0.0792844 0.0749623 0.0824787 0.0698422 0.0947564 0.0765209 0.1281022 0.1163722 0.1277862 0.1200058 0.1072626 0.0909485 0.3071734 0.0821632 0.0628144 0.1009568 0.1081364 0.0996198 0.3007718 0.0073006 0.2706720 0.0606007 0.1306408 0.1019530 0.0861836 0.0974170 0.1186705 0.2233211 0.0805415 0.1006917 0.0851402 0.0719738 0.0753085 0.0869867 0.0826289 0.1387188 0.0910795 0.0902781 0.0875898 0.0764339 0.0737477 0.1021310 0.0833916 0.0891708 0.0701469 0.0927400 0.1222063 0.0851357 0.0704192 0.1119349 0.0973562 0.1558818 0.0891116 0.0088282 0.1040710 0.0814873 0.0830577 0.0772381 0.0808744 0.0707381 0.0344140 
S0278         0.5462109 0.4097431 0.4535105 0.1641393 0.1482296 0.1544488 0.2765972 0.1324228 0.1195901 0.0000000 0.1674299 0.1479672 0.1027957 0.1491561 0.1412747 0.1523887 0.0711389 0.1541379 0.1561901 0.0819836 0.1525019 0.0580523 0.1672041 0.1722907 0.1466195 0.1410270 0.1416403 0.0644720 0.1643892 0.0794260 0.1260624 0.1454224 0.0987452 0.1557717 0.0895762 0.1737195 0.1572372 0.1678365 0.1503015 0.0437707 0.1255601 0.1351486 0.0687804 0.0858603 0.1021003 0.1146581 0.1479212 0.1271740 0.1532279 0.3600936 0.1457342 0.1596685 0.1473243 0.1429735 0.1835750 0.1194954 0.1329540 0.1194954 0.1241509 0.1908127 0.1543945 0.0735833 0.1755592 0.0871021 0.0944179 0.1137634 0.1007233 0.1437037 0.1792178 0.1713591 0.1763684 0.1665691 0.1409251 0.1707263 0.3710769 0.1429098 0.1420801 0.1631489 0.1562534 0.1477004 0.3508845 0.1193559 0.3356948 0.0819076 0.1680441 0.1486304 0.1702021 0.1622362 0.1577741 0.2821127 0.1421509 0.1545211 0.0774312 0.0820805 0.0870874 0.1553336 0.0839096 0.0540474 0.1442819 0.1605211 0.1641346 0.1395721 0.1594924 0.1537388 0.1328504 0.1450765 0.1303203 0.1481679 0.1677994 0.1418169 0.1000535 0.1592852 0.1472852 0.1390922 0.1509003 0.1266283 0.0799647 0.1607000 0.0958129 0.1364354 0.1699932 0.1355076 0.0431591 
S0281         0.5188811 0.3914822 0.4095397 0.1165126 0.1674709 0.1381866 0.2956890 0.1195432 0.0864048 0.1674299 0.0000000 0.1384270 0.1865318 0.0980925 0.1391041 0.1648210 0.2038842 0.1293050 0.1398867 0.1500542 0.1302230 0.1367883 0.1209153 0.1150403 0.1143189 0.1365045 0.1323142 0.1357699 0.1198395 0.1377526 0.0927518 0.1081802 0.1576473 0.1350414 0.1336336 0.1153993 0.1211959 0.1493935 0.1313507 0.1678487 0.1114663 0.1258307 0.1845402 0.1362129 0.1557402 0.1058434 0.1460229 0.0537448 0.1312982 0.2393227 0.1134083 0.1345916 0.1126137 0.1396202 0.1137738 0.0865196 0.1263604 0.0865196 0.0908225 0.1148688 0.0616613 0.1287586 0.1378387 0.1378312 0.1545145 0.1147376 0.1595854 0.1339499 0.1216168 0.1092013 0.1183698 0.1071308 0.1445237 0.0872819 0.2663204 0.1247501 0.1214787 0.1550780 0.1053760 0.1073328 0.2455368 0.0905467 0.2403925 0.1443540 0.1161515 0.1092343 0.1421251 0.1132671 0.1042784 0.1824065 0.1376904 0.1309059 0.1448609 0.1372614 0.1433532 0.1378391 0.1259761 0.1804253 0.1456342 0.1450560 0.1391433 0.1348176 0.1297987 0.1175471 0.0749818 0.1464886 0.1147765 0.1444331 0.1021449 0.1100889 0.1268439 0.1060945 0.0950025 0.2021067 0.1247019 0.0953072 0.1668179 0.0789570 0.1460888 0.1268594 0.0809662 0.1162280 0.1059054 
S0282         0.5120174 0.3695001 0.4036399 0.0949507 0.1098345 0.0227887 0.2556557 0.0788974 0.0850767 0.1479672 0.1384270 0.0000000 0.1537755 0.1104787 0.0151901 0.0911804 0.1812035 0.1097259 0.1388435 0.1503521 0.1149852 0.1113964 0.1041064 0.0998201 0.1003954 0.0150599 0.0182346 0.1071497 0.0885676 0.1043051 0.0891153 0.0960964 0.1409931 0.1145751 0.1203267 0.1157748 0.0981528 0.1349208 0.1135879 0.1545938 0.0360519 0.0165491 0.1554533 0.0988537 0.1137312 0.0450117 0.0233888 0.0921260 0.1128607 0.3065532 0.0719093 0.1187546 0.1145791 0.0258857 0.1264537 0.0812352 0.0119046 0.0812352 0.0853326 0.1216032 0.1230846 0.0941311 0.1247476 0.0803133 0.1069559 0.0825099 0.1340163 0.1022424 0.1212888 0.1125440 0.1254819 0.1152533 0.0745301 0.1331078 0.3110270 0.0963820 0.0905117 0.1170943 0.1072381 0.0984224 0.2963076 0.0831086 0.2736012 0.0844279 0.1238621 0.1020493 0.1181940 0.0691153 0.1434305 0.2243798 0.0180442 0.0444162 0.1217826 0.0774055 0.0808427 0.1186361 0.1049460 0.1652850 0.1198870 0.1194301 0.1159695 0.0179973 0.1125660 0.0930401 0.1039069 0.0260705 0.0249096 0.0982680 0.1353816 0.0618550 0.0877804 0.1342310 0.1226034 0.2006762 0.0415170 0.0829450 0.1436839 0.1241497 0.0925146 0.0150624 0.1301891 0.0260303 0.0337097 
S0289         0.5419868 0.4277340 0.4661557 0.1671023 0.2159481 0.1640100 0.3120169 0.1552986 0.1255946 0.1027957 0.1865318 0.1537755 0.0000000 0.1662301 0.1524744 0.1733217 0.1125249 0.1551799 0.1701572 0.0884964 0.1557944 0.0885735 0.1711100 0.1873442 0.1673969 0.1503307 0.1509840 0.0527016 0.1854079 0.0813939 0.1279061 0.1665327 0.1067727 0.1606877 0.1096895 0.1885901 0.1905994 0.1672349 0.1574985 0.1030007 0.1422777 0.1472524 0.0946083 0.0861352 0.1177640 0.1206895 0.1545019 0.1298317 0.1510502 0.3772846 0.1573019 0.1623960 0.1414155 0.1468085 0.1919295 0.1213315 0.1420090 0.1213315 0.1259965 0.1999170 0.1636422 0.0889238 0.1606624 0.1052770 0.1031180 0.1263700 0.0805050 0.1498538 0.1907904 0.1769410 0.1913502 0.1823257 0.1562307 0.1768338 0.3817162 0.1341651 0.1378490 0.1766031 0.1661308 0.1524619 0.3690558 0.1278452 0.3894085 0.0993983 0.1665278 0.1640122 0.1640556 0.1744821 0.1821602 0.3007300 0.1466759 0.1701658 0.0723187 0.1001544 0.1052477 0.1665769 0.0953190 0.1026558 0.1626132 0.1599035 0.1631032 0.1461479 0.1498567 0.1679603 0.1550090 0.1599406 0.1425037 0.1561661 0.1901527 0.1661485 0.0925165 0.1916148 0.1795174 0.1002707 0.1645027 0.1284809 0.0836915 0.1687234 0.1145786 0.1477966 0.1760560 0.1380728 0.0419945 
S0292         0.5144642 0.4033175 0.3987280 0.0798449 0.1123337 0.1162962 0.2876724 0.0967687 0.0919997 0.1491561 0.0980925 0.1104787 0.1662301 0.0000000 0.1134424 0.1355229 0.1872904 0.1182592 0.1451410 0.1511929 0.1264815 0.1260574 0.0934819 0.0962157 0.1018070 0.1059302 0.1018817 0.1070178 0.1274948 0.1101665 0.0981120 0.1096511 0.1401129 0.1262377 0.1266075 0.1066574 0.1158016 0.1406104 0.1179064 0.1383212 0.0845290 0.1037133 0.1691604 0.1165051 0.1219250 0.0802866 0.1175644 0.0692484 0.1237528 0.3423116 0.0874219 0.1198597 0.1198268 0.1085563 0.1051681 0.0921178 0.1011212 0.0921178 0.0963122 0.1273388 0.0909271 0.1137118 0.1205350 0.1025713 0.1327553 0.1045352 0.1540795 0.1059329 0.1073585 0.1064506 0.1079067 0.0995891 0.1186590 0.1108906 0.3503774 0.1264068 0.0974411 0.1252587 0.1110565 0.1065680 0.3344119 0.0940169 0.2975272 0.1127127 0.1123392 0.0780594 0.1232302 0.1193578 0.0579428 0.2469637 0.1094721 0.1125065 0.1275907 0.0996506 0.1072234 0.1260185 0.1213461 0.1562164 0.1215369 0.1303861 0.1321002 0.1091096 0.1109684 0.0943068 0.0200706 0.1170074 0.0879762 0.1373905 0.0694001 0.0973504 0.1092624 0.0373955 0.0243805 0.1896867 0.1037155 0.1006863 0.1489554 0.1103187 0.1108406 0.1041021 0.1143955 0.0966399 0.0438958 
S0293         0.5157209 0.3555051 0.3784601 0.0954064 0.0987974 0.0245979 0.2495496 0.0798139 0.0788209 0.1412747 0.1391041 0.0151901 0.1524744 0.1134424 0.0000000 0.0961028 0.1790972 0.1074224 0.1391997 0.1507453 0.1152802 0.1073744 0.1046108 0.0994190 0.0947217 0.0183325 0.0199891 0.1048218 0.0959097 0.0974557 0.0827687 0.0905744 0.1280982 0.1127156 0.1130874 0.1166326 0.1054371 0.1355097 0.1106589 0.1449818 0.0399082 0.0150899 0.1448216 0.0918704 0.1032684 0.0491670 0.0270138 0.0905052 0.1131502 0.2917757 0.0765602 0.1163758 0.1076439 0.0277364 0.1280890 0.0750560 0.0135488 0.0750560 0.0790549 0.1300443 0.1188381 0.0876108 0.1157856 0.0746007 0.1002472 0.0806192 0.1264469 0.1002281 0.1252483 0.1182488 0.1270669 0.1209722 0.0772348 0.1289465 0.2991446 0.0895803 0.0864328 0.1102530 0.1131600 0.1062411 0.2895029 0.0768949 0.2710821 0.0807182 0.1298907 0.1010409 0.1160933 0.0678113 0.1448097 0.2233199 0.0197795 0.0483091 0.1189438 0.0716754 0.0750907 0.1107245 0.0936273 0.1582557 0.1183635 0.1170339 0.1162643 0.0197277 0.1085643 0.0934771 0.1043067 0.0279368 0.0250923 0.1070141 0.1386175 0.0616253 0.0814219 0.1333941 0.1237293 0.1950170 0.0418178 0.0767442 0.1384500 0.1180648 0.0865910 0.0151770 0.1284687 0.0295648 0.0261298 
S0294         0.5567549 0.3874960 0.4094460 0.1200315 0.1142376 0.1007015 0.2598989 0.0967307 0.1147675 0.1523887 0.1648210 0.0911804 0.1733217 0.1355229 0.0961028 0.0000000 0.1962350 0.1345647 0.1545327 0.1714007 0.1325611 0.1255091 0.1330902 0.1206806 0.1218272 0.0891640 0.0934711 0.1238040 0.1182108 0.1253820 0.1168017 0.1187004 0.1512834 0.1316998 0.1372526 0.1349338 0.1218683 0.1674867 0.1374688 0.1631067 0.0802500 0.0886649 0.1776186 0.1189776 0.1202917 0.0733222 0.1021859 0.1046953 0.1312454 0.3376919 0.0849883 0.1451097 0.1198394 0.0999019 0.1613808 0.1125596 0.0863653 0.1125596 0.1171047 0.1541522 0.1379189 0.1135001 0.1492787 0.1011443 0.1344677 0.1125180 0.1657459 0.1308280 0.1531977 0.1427623 0.1561799 0.1493912 0.0500836 0.1400563 0.3407706 0.1261591 0.1089421 0.1421717 0.1313444 0.1234438 0.3145202 0.1145812 0.3076631 0.0869557 0.1552860 0.1131979 0.1383273 0.1029542 0.1658492 0.2610023 0.0943544 0.0994588 0.1545099 0.1002811 0.1040475 0.1384082 0.1214873 0.1756260 0.1444965 0.1411393 0.1397733 0.0940526 0.1419970 0.1116101 0.1197132 0.1033131 0.0905010 0.1306775 0.1552852 0.1042862 0.1208459 0.1609975 0.1393986 0.1960266 0.0901657 0.1125718 0.1587681 0.1315758 0.1036034 0.0869911 0.1403911 0.0910710 0.0340776 
S0299         0.5664438 0.4461396 0.4935557 0.2106940 0.2407959 0.1958579 0.3292147 0.1742984 0.1455078 0.0711389 0.2038842 0.1812035 0.1125249 0.1872904 0.1790972 0.1962350 0.0000000 0.1785567 0.1928169 0.0793716 0.1769150 0.0872470 0.2147700 0.2160963 0.1882682 0.1836003 0.1775247 0.0922942 0.2097438 0.1108857 0.1549348 0.1830433 0.1481863 0.1796309 0.1304878 0.2176042 0.1830517 0.1906284 0.1738123 0.0745775 0.1606971 0.1766612 0.0855062 0.1245200 0.1291811 0.1540423 0.1939497 0.1527409 0.1829257 0.4274071 0.1885746 0.1866129 0.1713977 0.1813207 0.2232083 0.1477873 0.1742502 0.1477873 0.1529195 0.2384921 0.1910870 0.1095004 0.1941885 0.1262996 0.1406475 0.1447973 0.1110482 0.1642325 0.2145982 0.2178864 0.2200933 0.2020690 0.1823037 0.1948517 0.4101382 0.1678147 0.1665281 0.1803617 0.1964512 0.1803594 0.4086292 0.1548657 0.4267721 0.1224614 0.2067938 0.1866165 0.1922751 0.1999825 0.1939246 0.3318274 0.1845464 0.2031198 0.1118428 0.1210003 0.1262486 0.1851253 0.1192687 0.0834701 0.1661394 0.1908412 0.1922607 0.1815543 0.1810402 0.1981522 0.1714251 0.1945531 0.1727241 0.1887695 0.1863324 0.1760437 0.1410777 0.2080026 0.1878872 0.1379830 0.2020571 0.1556874 0.1243668 0.1992303 0.1410249 0.1807570 0.2002590 0.1699492 0.0762569 
S0303         0.5849489 0.4472836 0.4481848 0.1183552 0.0816437 0.1239523 0.2879669 0.1084673 0.0797827 0.1541379 0.1293050 0.1097259 0.1551799 0.1182592 0.1074224 0.1345647 0.1785567 0.0000000 0.0814646 0.1513513 0.0089743 0.1080046 0.1154722 0.1179467 0.1268653 0.1076790 0.1061146 0.1000765 0.1233664 0.1106711 0.0876200 0.1145403 0.1347868 0.0211987 0.1347442 0.1437413 0.1501123 0.1172482 0.0120017 0.1621059 0.0929467 0.1026146 0.1411243 0.1070977 0.1246043 0.0860745 0.1220400 0.0840026 0.0089319 0.3568936 0.1000692 0.0133924 0.1188376 0.1118618 0.1484099 0.0798827 0.1006042 0.0798827 0.0839035 0.1539719 0.1141305 0.1002552 0.0930431 0.1005988 0.1204322 0.0994613 0.1320911 0.0357880 0.1501501 0.1403106 0.1452678 0.1431662 0.1236000 0.1397531 0.3653714 0.1234216 0.0603407 0.0983048 0.1283850 0.1164859 0.3605342 0.0817235 0.3553442 0.0905272 0.1711819 0.1179884 0.0811258 0.1287248 0.1498314 0.2714555 0.1089153 0.1229871 0.1177755 0.0976699 0.1010641 0.0151867 0.1119489 0.1628795 0.0923653 0.0149752 0.0195803 0.1043857 0.0845005 0.1244983 0.1167561 0.1205071 0.0957587 0.1245790 0.1411506 0.0978457 0.0985274 0.1362629 0.1239136 0.1951050 0.1128664 0.0860029 0.1364098 0.1360781 0.1093812 0.1055095 0.1308131 0.0942569 0.0521223 
S0308         0.6374436 0.4807707 0.4555074 0.1282854 0.1132900 0.1399592 0.3092591 0.1245750 0.0996059 0.1561901 0.1398867 0.1388435 0.1701572 0.1451410 0.1391997 0.1545327 0.1928169 0.0814646 0.0000000 0.1531735 0.0816091 0.1238682 0.1307655 0.1245478 0.1510560 0.1366765 0.1372637 0.1030108 0.1306318 0.1275432 0.1079007 0.1352858 0.1494466 0.0869227 0.1318223 0.1571070 0.1534236 0.1155567 0.0844608 0.1619393 0.1163552 0.1265371 0.1686783 0.1251388 0.1461038 0.1025192 0.1484984 0.0940433 0.0836116 0.3798680 0.1222237 0.0890703 0.1254074 0.1439270 0.1498060 0.0997348 0.1270312 0.0997348 0.1001116 0.1681510 0.1242127 0.1178416 0.1133517 0.1202478 0.1290435 0.1035070 0.1549551 0.0856770 0.1591795 0.1584460 0.1617800 0.1487860 0.1474068 0.1571793 0.3925736 0.1381717 0.0860839 0.1168251 0.1478944 0.1415905 0.3696905 0.1016605 0.3482647 0.1045786 0.1680808 0.1235601 0.1092777 0.1452786 0.1690822 0.2986434 0.1349506 0.1445391 0.1261189 0.1173639 0.1208073 0.0909306 0.1259689 0.1576045 0.1096349 0.0874964 0.0884929 0.1283711 0.1078923 0.1366660 0.1414095 0.1453810 0.1266837 0.1290209 0.1636731 0.1182745 0.1170395 0.1613253 0.1460596 0.2017562 0.1386102 0.1034487 0.1448070 0.1564915 0.1251588 0.1321390 0.1446386 0.1192523 0.0622260 
S0320         0.5281989 0.4265325 0.4595234 0.1703506 0.1950081 0.1639167 0.2757701 0.1388071 0.1244011 0.0819836 0.1500542 0.1503521 0.0884964 0.1511929 0.1507453 0.1714007 0.0793716 0.1513513 0.1531735 0.0000000 0.1551427 0.0752977 0.1654674 0.1688017 0.1570282 0.1481098 0.1462104 0.0627543 0.1722041 0.0867796 0.1289816 0.1485317 0.1214892 0.1523362 0.1265275 0.1749029 0.1555208 0.1510590 0.1465980 0.0733096 0.1334080 0.1420744 0.0808150 0.0884424 0.1124496 0.1260625 0.1546635 0.1204095 0.1504270 0.3830513 0.1509228 0.1540340 0.1430019 0.1446500 0.1810475 0.1223466 0.1398488 0.1223466 0.1270565 0.1925599 0.1509732 0.0836939 0.1517149 0.1088822 0.1116504 0.1226104 0.0918375 0.1438157 0.1819167 0.1673119 0.1837400 0.1610569 0.1461992 0.1716956 0.3878113 0.1433813 0.1328631 0.1554121 0.1637724 0.1543885 0.3710580 0.1222452 0.3790207 0.0881205 0.1663973 0.1430292 0.1561062 0.1725297 0.1622828 0.3016030 0.1492030 0.1606331 0.0807973 0.1036811 0.1088493 0.1604737 0.0900910 0.0778000 0.1367139 0.1562935 0.1556116 0.1465642 0.1378144 0.1546453 0.1329118 0.1568013 0.1336531 0.1458174 0.1554959 0.1425137 0.1112383 0.1684407 0.1536834 0.0991704 0.1568508 0.1295662 0.0833171 0.1665084 0.1184115 0.1455943 0.1793874 0.1360199 0.0692774 
S0322         0.5922615 0.4468722 0.4559820 0.1238115 0.1193116 0.1294953 0.2957586 0.1136455 0.0822606 0.1525019 0.1302230 0.1149852 0.1557944 0.1264815 0.1152802 0.1325611 0.1769150 0.0089743 0.0816091 0.1551427 0.0000000 0.1018319 0.1229349 0.1277862 0.1303485 0.1129008 0.1113206 0.1002817 0.1268127 0.1138047 0.0902119 0.1177213 0.1383693 0.0213910 0.1359930 0.1475565 0.1540412 0.1168205 0.0216083 0.1604489 0.0977433 0.1076843 0.1394762 0.1101362 0.1258115 0.0888352 0.1277279 0.0885037 0.0150925 0.3645601 0.1030597 0.0214536 0.1197435 0.1149499 0.1467566 0.0823659 0.1056344 0.0823659 0.0864476 0.1547264 0.1124272 0.1031690 0.0957016 0.1035261 0.1236512 0.1044164 0.1355738 0.0394890 0.1517923 0.1440096 0.1490920 0.1469549 0.1249581 0.1412409 0.3771573 0.1287220 0.0664022 0.1037441 0.1298518 0.1177794 0.3663093 0.0842302 0.3485068 0.0990175 0.1726131 0.1234204 0.0875629 0.1322687 0.1559909 0.2716177 0.1141268 0.1285594 0.1161375 0.1005815 0.1040089 0.0218214 0.1198550 0.1606712 0.0926589 0.0182910 0.0228928 0.1094821 0.0890909 0.1300784 0.1222808 0.1260130 0.1013038 0.1325047 0.1470540 0.1072593 0.1007625 0.1446234 0.1269854 0.1926970 0.1200755 0.0885816 0.1342795 0.1397068 0.1124608 0.1106748 0.1365114 0.0991406 0.0265608 
S0327         0.5087638 0.3845276 0.4290121 0.1193812 0.1618322 0.1194269 0.2521532 0.1004454 0.0826201 0.0580523 0.1367883 0.1113964 0.0885735 0.1260574 0.1073744 0.1255091 0.0872470 0.1080046 0.1238682 0.0752977 0.1018319 0.0000000 0.1290303 0.1392400 0.1185823 0.1050344 0.1054944 0.0357828 0.1232036 0.0492294 0.0866163 0.1109912 0.0658181 0.1153073 0.0625986 0.1497183 0.1429328 0.1324477 0.1080745 0.0623395 0.0861080 0.0999548 0.0653112 0.0504560 0.0777242 0.0854145 0.1194340 0.0906728 0.1110739 0.3364863 0.1057613 0.1169896 0.1085284 0.1073356 0.1620437 0.0788155 0.0979290 0.0788155 0.0828669 0.1451567 0.1162611 0.0432039 0.1214021 0.0594345 0.0610817 0.0792121 0.0667773 0.1078233 0.1607491 0.1460462 0.1562889 0.1482197 0.1183272 0.1286837 0.3374197 0.1062056 0.0940045 0.1276847 0.1316090 0.1187531 0.3255777 0.0845987 0.2968083 0.0544253 0.1668073 0.1133854 0.1168716 0.1249663 0.1474949 0.2501247 0.1062969 0.1194365 0.0531375 0.0564415 0.0616795 0.1195344 0.0553504 0.0659289 0.1221148 0.1202107 0.1190397 0.1040213 0.1077104 0.1307334 0.1172110 0.1129982 0.0950830 0.1234547 0.1464135 0.1071916 0.0562616 0.1431205 0.1242701 0.1171980 0.1114883 0.0849819 0.0670442 0.1287729 0.0711049 0.1028525 0.1353031 0.0956346 0.0165676 
S0335         0.5579420 0.4038660 0.4093813 0.0618323 0.0201006 0.1137240 0.3065980 0.0925736 0.1054716 0.1672041 0.1209153 0.1041064 0.1711100 0.0934819 0.1046108 0.1330902 0.2147700 0.1154722 0.1307655 0.1654674 0.1229349 0.1290303 0.0000000 0.0525577 0.1157989 0.0998821 0.0964247 0.1152689 0.1055087 0.1206834 0.1098789 0.1291260 0.1393532 0.1227591 0.1257857 0.1130066 0.1181418 0.1372647 0.1195666 0.1692385 0.0788252 0.0890804 0.1712515 0.1208021 0.1384472 0.0743300 0.1135507 0.0924996 0.1165112 0.3286549 0.0864175 0.1267757 0.1181332 0.1067762 0.1210678 0.1056090 0.0907509 0.1056090 0.1080248 0.1148441 0.1198729 0.1211276 0.1344703 0.1071080 0.1297490 0.0946759 0.1521111 0.1091829 0.1203264 0.1139997 0.1209450 0.1084959 0.1176467 0.1267276 0.3395682 0.1173068 0.1021339 0.1266235 0.1181643 0.1152811 0.3177748 0.1075546 0.2750067 0.1024854 0.1367411 0.0693670 0.1300330 0.1078865 0.1218801 0.2402728 0.0949953 0.0964288 0.1416526 0.1062968 0.1118485 0.1264046 0.1268314 0.1751259 0.1223744 0.1254465 0.1222046 0.1008053 0.1272751 0.0616412 0.0873426 0.1001181 0.0842687 0.1096192 0.1145207 0.0842117 0.1057368 0.1015695 0.0945841 0.1980046 0.0857299 0.1115719 0.1669423 0.1281524 0.1204320 0.0933259 0.1291005 0.0789260 0.0846735 
S0345         0.5855363 0.4354256 0.4359660 0.0463531 0.0813178 0.1038463 0.3112995 0.0910119 0.1100661 0.1722907 0.1150403 0.0998201 0.1873442 0.0962157 0.0994190 0.1206806 0.2160963 0.1179467 0.1245478 0.1688017 0.1277862 0.1392400 0.0525577 0.0000000 0.1062787 0.0922729 0.0879339 0.1167658 0.1036720 0.1331671 0.1178741 0.1226758 0.1467498 0.1183298 0.1201947 0.1047757 0.1138046 0.1349952 0.1203013 0.1705728 0.0766818 0.0844903 0.1660468 0.1362059 0.1339210 0.0621557 0.1086802 0.0864866 0.1251215 0.3558718 0.0795470 0.1288949 0.1191516 0.0983780 0.1110034 0.1102419 0.0843322 0.1102419 0.1156291 0.1070135 0.1035866 0.1279965 0.1445692 0.1054621 0.1489191 0.0928471 0.1551980 0.1079966 0.1073416 0.1017795 0.1038166 0.0971581 0.1036334 0.1196142 0.3606705 0.1151689 0.0948413 0.1329260 0.0973790 0.0997776 0.3347125 0.1100776 0.3128242 0.1006801 0.1208410 0.0619937 0.1265857 0.1016625 0.1174254 0.2249009 0.0912223 0.0733124 0.1473582 0.1040322 0.1111705 0.1291273 0.1265164 0.1721486 0.1314265 0.1271610 0.1206024 0.0938535 0.1351809 0.0182974 0.0759804 0.0995700 0.0787608 0.1001503 0.1095413 0.0813608 0.1225493 0.1160396 0.0956651 0.1959641 0.0644426 0.1151933 0.1634446 0.1084913 0.1140991 0.0895816 0.1180136 0.0724321 0.0000010 
S0376         0.5367050 0.3630533 0.4002444 0.1036484 0.1013034 0.1061504 0.2684683 0.0920208 0.0899853 0.1466195 0.1143189 0.1003954 0.1673969 0.1018070 0.0947217 0.1218272 0.1882682 0.1268653 0.1510560 0.1570282 0.1303485 0.1185823 0.1157989 0.1062787 0.0000000 0.0961631 0.0946538 0.1110937 0.1028908 0.1142766 0.0960543 0.0530556 0.1212681 0.1319927 0.1139328 0.1129468 0.1167604 0.1379649 0.1266250 0.1357323 0.0878975 0.0918024 0.1492847 0.1052944 0.1254464 0.0773514 0.1028091 0.0743015 0.1252708 0.2776727 0.0727734 0.1363252 0.1012675 0.0966467 0.1284969 0.0901003 0.0893352 0.0901003 0.0942626 0.1472384 0.0995068 0.0977397 0.1405075 0.1008899 0.1162261 0.0941207 0.1513489 0.1184668 0.1246833 0.1180213 0.1311535 0.1233494 0.1020541 0.1053153 0.2821523 0.1162019 0.1047678 0.1304737 0.1140046 0.1091105 0.2763883 0.0919883 0.2608237 0.0956857 0.1397398 0.1068840 0.1354932 0.1011594 0.1241199 0.2157481 0.0974477 0.0967515 0.1288437 0.0934425 0.0991162 0.1364716 0.1112066 0.1556848 0.1255604 0.1369991 0.1356129 0.0971319 0.1303463 0.1117835 0.0809056 0.1025517 0.0817863 0.1126517 0.1310755 0.0883387 0.1049760 0.1160177 0.1096536 0.1755128 0.0900270 0.0966227 0.1520930 0.1099446 0.1116289 0.0940605 0.1277285 0.0953364 0.0548020 
S0400         0.5248639 0.3557392 0.3939362 0.0907918 0.1095438 0.0227540 0.2479019 0.0732707 0.0792101 0.1410270 0.1365045 0.0150599 0.1503307 0.1059302 0.0183325 0.0891640 0.1836003 0.1076790 0.1366765 0.1481098 0.1129008 0.1050344 0.0998821 0.0922729 0.0961631 0.0000000 0.0135653 0.1050922 0.0889790 0.0956465 0.0831837 0.0919939 0.1340848 0.1077717 0.1137332 0.1107685 0.0941630 0.1329960 0.1114982 0.1474049 0.0394827 0.0119378 0.1447358 0.0945785 0.1054925 0.0434108 0.0202360 0.0903750 0.1107855 0.2972474 0.0682120 0.1166659 0.1082334 0.0211462 0.1211868 0.0754217 0.0073805 0.0754217 0.0794467 0.1213111 0.1182711 0.0880623 0.1201753 0.0745740 0.1007781 0.0822389 0.1271984 0.0951349 0.1209981 0.1076314 0.1183785 0.1122140 0.0726214 0.1335757 0.3049097 0.0983120 0.0862535 0.1173805 0.1024883 0.0961120 0.2855305 0.0772719 0.2583554 0.0735333 0.1187265 0.0978472 0.1136959 0.0687993 0.1433124 0.2163088 0.0134245 0.0445899 0.1196330 0.0716480 0.0750640 0.1165165 0.0986897 0.1579892 0.1179898 0.1173278 0.1138999 0.0133902 0.1104949 0.0889778 0.0995501 0.0212960 0.0200733 0.0932744 0.1401007 0.0551715 0.0817060 0.1296121 0.1181280 0.1926571 0.0399590 0.0771196 0.1393030 0.1225602 0.0847085 0.0104582 0.1306393 0.0228175 0.0340968 
S0405         0.5210734 0.3502135 0.3838583 0.0873437 0.0996645 0.0260193 0.2400274 0.0735815 0.0795544 0.1416403 0.1323142 0.0182346 0.1509840 0.1018817 0.0199891 0.0934711 0.1775247 0.1061146 0.1372637 0.1462104 0.1113206 0.1054944 0.0964247 0.0879339 0.0946538 0.0135653 0.0000000 0.1030577 0.0913737 0.0984185 0.0835450 0.0885715 0.1314034 0.1109268 0.1142378 0.1142015 0.0965885 0.1253793 0.1119856 0.1454664 0.0413441 0.0135169 0.1489509 0.0949936 0.1079023 0.0435978 0.0219368 0.0862865 0.1092064 0.2955578 0.0703650 0.1150922 0.1087025 0.0228023 0.1248608 0.0757501 0.0089137 0.0757501 0.0797928 0.1249380 0.1117810 0.0884481 0.1206987 0.0748954 0.1012125 0.0825929 0.1277618 0.1006474 0.1246094 0.1109820 0.1239228 0.1156568 0.0766530 0.1298843 0.3065733 0.0987415 0.0866403 0.1178818 0.1058328 0.0993344 0.2903741 0.0776079 0.2713624 0.0793960 0.1222951 0.0943984 0.1141923 0.0694180 0.1396148 0.2146672 0.0150123 0.0447803 0.1201614 0.0719605 0.0753892 0.1149193 0.0991223 0.1586837 0.1107116 0.1157459 0.1123333 0.0149737 0.1109748 0.0855995 0.0937723 0.0198287 0.0201058 0.0935676 0.1386224 0.0553322 0.0820712 0.1259724 0.1145525 0.1862706 0.0401318 0.0774544 0.1399209 0.1168018 0.0843998 0.0120301 0.1269776 0.0246213 0.0344456 
S0407sl       0.4577752 0.3431752 0.3891012 0.1087725 0.1401610 0.1158747 0.2152884 0.0901989 0.0813403 0.0644720 0.1357699 0.1071497 0.0527016 0.1070178 0.1048218 0.1238040 0.0922942 0.1000765 0.1030108 0.0627543 0.1002817 0.0357828 0.1152689 0.1167658 0.1110937 0.1050922 0.1030577 0.0000000 0.1227906 0.0344471 0.0857156 0.1065215 0.0457341 0.1078432 0.0520862 0.1334361 0.1299031 0.1309945 0.1021906 0.0652537 0.0935692 0.0993524 0.0635380 0.0361296 0.0690155 0.0769773 0.1108487 0.0853593 0.1009490 0.3019568 0.0971710 0.1052424 0.0884957 0.1051088 0.1372586 0.0793018 0.0948293 0.0793018 0.0837701 0.1352458 0.1090044 0.0359325 0.1095405 0.0553882 0.0435455 0.0669904 0.0491148 0.1043076 0.1406373 0.1220238 0.1363390 0.1297892 0.1147167 0.1237711 0.3042447 0.1010553 0.0794056 0.1069418 0.1061537 0.1004329 0.2994686 0.0811983 0.2656774 0.0468290 0.1359032 0.1068974 0.1000635 0.1226360 0.1222389 0.2261216 0.1041547 0.1090937 0.0283967 0.0520363 0.0555555 0.1117504 0.0435242 0.0614283 0.1139355 0.1014099 0.1064450 0.0992211 0.0972980 0.1099403 0.1060350 0.1168528 0.0941095 0.0946806 0.1313443 0.1064676 0.0437734 0.1293943 0.1082599 0.0746544 0.1026952 0.0839921 0.0232303 0.1110358 0.0657781 0.1002422 0.1127596 0.0903547 0.0174620 
S0412sl       0.5615324 0.4041891 0.4218071 0.0992194 0.0821284 0.1024675 0.2945626 0.0833010 0.0928377 0.1643892 0.1198395 0.0885676 0.1854079 0.1274948 0.0959097 0.1182108 0.2097438 0.1233664 0.1306318 0.1722041 0.1268127 0.1232036 0.1055087 0.1036720 0.1028908 0.0889790 0.0913737 0.1227906 0.0000000 0.1168747 0.1010732 0.0860324 0.1342776 0.1284719 0.1297164 0.1253912 0.1039630 0.1366158 0.1275767 0.1724318 0.0659208 0.0867325 0.1702060 0.1102763 0.1227414 0.0564655 0.0937214 0.0846971 0.1261969 0.3009871 0.0622022 0.1328032 0.1092994 0.1003713 0.1281779 0.0929581 0.0820665 0.0929581 0.0926659 0.1183209 0.1082820 0.1098031 0.1316343 0.0973905 0.1246280 0.0905799 0.1518667 0.1156991 0.1257770 0.1284892 0.1327039 0.1141634 0.0970942 0.1239100 0.2971081 0.1241784 0.1024310 0.1309019 0.1084856 0.0964120 0.2900535 0.0948773 0.2591363 0.0850401 0.1404871 0.1029647 0.1308576 0.1025056 0.1520634 0.2134442 0.0879242 0.0926219 0.1432089 0.0944241 0.0997408 0.1323172 0.1065625 0.1802747 0.1275678 0.1334608 0.1343605 0.0881755 0.1203166 0.0926932 0.1142794 0.0986650 0.0879097 0.1024531 0.1359690 0.0807445 0.1094668 0.1429542 0.1328741 0.2049915 0.0814885 0.0988317 0.1632722 0.1305752 0.1061527 0.0867354 0.1287298 0.0701498 0.0732162 
S0417         0.5025001 0.3742268 0.3790495 0.1083768 0.1118131 0.1118660 0.2310327 0.0926074 0.0699834 0.0794260 0.1377526 0.1043051 0.0813939 0.1101665 0.0974557 0.1253820 0.1108857 0.1106711 0.1275432 0.0867796 0.1138047 0.0492294 0.1206834 0.1331671 0.1142766 0.0956465 0.0984185 0.0344471 0.1168747 0.0000000 0.0738672 0.1100335 0.0555027 0.1111708 0.0539680 0.1377855 0.1339530 0.1404566 0.1148740 0.0775308 0.0872878 0.0929981 0.0815154 0.0352381 0.0694815 0.0666030 0.1118832 0.0883252 0.1138471 0.2928577 0.0947908 0.1174084 0.0928132 0.1027411 0.1516713 0.0662664 0.0909824 0.0662664 0.0701905 0.1426187 0.1091412 0.0350971 0.1132244 0.0604897 0.0490442 0.0814776 0.0539875 0.1015407 0.1513180 0.1395506 0.1461295 0.1374619 0.1074377 0.1271986 0.3110336 0.0942473 0.0874182 0.1117769 0.1226281 0.1150985 0.2840699 0.0680859 0.2684929 0.0482399 0.1546765 0.1134638 0.1108908 0.1278922 0.1369690 0.2163113 0.0951022 0.1179387 0.0433322 0.0573622 0.0606600 0.1197366 0.0473835 0.0804194 0.1228179 0.1204850 0.1193880 0.0927200 0.1017154 0.1232921 0.1058460 0.1040522 0.0880802 0.0980659 0.1410998 0.1031424 0.0372013 0.1313483 0.1160275 0.0933158 0.1074758 0.0722275 0.0657184 0.1198213 0.0705075 0.0958280 0.1263557 0.0887201 0.0082465 
S0419         0.5195247 0.3709345 0.4012048 0.0979579 0.1607294 0.0985782 0.2446501 0.0892376 0.0087872 0.1260624 0.0927518 0.0891153 0.1279061 0.0981120 0.0827687 0.1168017 0.1549348 0.0876200 0.1079007 0.1289816 0.0902119 0.0866163 0.1098789 0.1178741 0.0960543 0.0831837 0.0835450 0.0857156 0.1010732 0.0738672 0.0000000 0.0802216 0.1104617 0.0860758 0.0884553 0.1145440 0.1202915 0.1134956 0.0869110 0.1288600 0.0752622 0.0786239 0.1275700 0.0751810 0.1061438 0.0707114 0.0938828 0.0409372 0.0860304 0.2946637 0.0832210 0.0919153 0.0819205 0.0899040 0.1216259 0.0058338 0.0767265 0.0058338 0.0088094 0.1305288 0.0646494 0.0729627 0.0849747 0.0788657 0.0864625 0.0736237 0.0968976 0.0823877 0.1284482 0.1166804 0.1281355 0.1203282 0.1094445 0.0911793 0.3081461 0.0862142 0.0685408 0.1050963 0.1084298 0.0977747 0.3018187 0.0102793 0.2656258 0.0656445 0.1309956 0.1038894 0.0920415 0.1016143 0.1211463 0.2291260 0.0845030 0.1048932 0.0871900 0.0758830 0.0792302 0.0910469 0.0866216 0.1411371 0.0972513 0.0943486 0.0916007 0.0803356 0.0793625 0.1084253 0.0894357 0.0932651 0.0721039 0.1034056 0.1287859 0.0899732 0.0743315 0.1183603 0.1035232 0.1609890 0.0931993 0.0118388 0.1084590 0.0816915 0.0870701 0.0811840 0.0810757 0.0745748 0.0344140 
S0427         0.5181739 0.3716304 0.3936534 0.1110666 0.1071010 0.0997159 0.2659075 0.0914581 0.0726861 0.1454224 0.1081802 0.0960964 0.1665327 0.1096511 0.0905744 0.1187004 0.1830433 0.1145403 0.1352858 0.1485317 0.1177213 0.1109912 0.1291260 0.1226758 0.0530556 0.0919939 0.0885715 0.1065215 0.0860324 0.1100335 0.0802216 0.0000000 0.1241715 0.1172200 0.1106295 0.1169147 0.1137059 0.1349896 0.1184040 0.1399309 0.0856343 0.0877756 0.1544825 0.0989501 0.1094775 0.0736078 0.0962790 0.0623881 0.1176628 0.2829379 0.0807220 0.1234373 0.1003933 0.1006908 0.1332911 0.0727746 0.0853995 0.0727746 0.0766319 0.1290260 0.0818830 0.1014051 0.1255731 0.0920935 0.1157911 0.0995166 0.1375718 0.1131593 0.1314631 0.1273511 0.1296432 0.1170901 0.1136548 0.0885684 0.2881470 0.1041058 0.0995152 0.1205398 0.1165314 0.1026819 0.2784183 0.0745523 0.2516840 0.0932988 0.1471909 0.1171326 0.1226090 0.1050420 0.1263070 0.2198293 0.0932678 0.0989631 0.1212327 0.0853546 0.0866543 0.1213219 0.1020286 0.1536379 0.1139378 0.1219692 0.1249425 0.0929740 0.1178245 0.1247195 0.0951569 0.0980142 0.0769508 0.1113907 0.1401984 0.1012888 0.1020917 0.1343246 0.1107130 0.1831550 0.0878593 0.0751552 0.1470442 0.0970728 0.1024619 0.0899602 0.1017799 0.0888857 0.0515755 
