106
CRNC          0.0000000 0.3211846 0.6529257 0.6072898 0.4534098 0.5896215 0.5334919 0.5480748 0.6268425 0.6161886 0.6381235 0.6046642 0.6777799 0.6563785 0.6022763 0.5785013 0.6446351 0.5379611 0.6415838 0.5974469 0.5838841 0.5995180 0.6434230 0.6537835 0.5932467 0.6662323 0.5577543 0.5675393 0.5735954 0.5014385 0.6310187 0.5290452 0.6420231 0.6108664 0.5699824 0.5854361 0.7100373 0.6292228 0.6562525 0.6035368 0.5507508 0.5385298 0.5049753 0.5565797 0.5835142 0.5509812 0.6477543 0.5964141 0.5606169 0.6319368 0.5436561 0.5570568 0.6342889 0.5567866 0.6228381 0.5832511 0.5696965 0.5650829 0.5730933 0.6067628 0.6077839 0.6642877 0.5754168 0.7297571 0.5147218 0.5991710 0.5798310 0.5853736 0.5493637 0.5889868 0.6220636 0.6202491 0.6319583 0.5993800 0.6123677 0.6181897 0.5998319 0.5897074 0.6138069 0.6439150 0.6433587 0.5840522 0.5808074 0.5105246 0.6314896 0.6629711 0.6026566 0.5011953 0.6508337 0.5639824 0.7121924 0.6158848 0.6004104 0.5484283 0.5902236 0.5600948 0.5448387 0.6521236 0.6178766 0.7309937 0.5744585 0.5630367 0.6415491 0.6669063 0.5718028 0.5802450 
HYZL          0.3211846 0.0000000 0.1242094 0.3168447 0.3541205 0.3045282 0.3604229 0.3214818 0.3395956 0.2873264 0.3161877 0.3302871 0.4766544 0.3295954 0.3758752 0.4533363 0.3284756 0.3939199 0.3422481 0.3164070 0.3719859 0.3134894 0.2801423 0.3905471 0.3232495 0.3428943 0.2992900 0.4298221 0.3796619 0.4205351 0.3455310 0.4228818 0.3853247 1.0593197 0.3976425 0.3052483 3.9356965 0.3987734 0.3974162 0.4025861 0.3078845 0.2557777 0.4276893 0.2770893 0.3022977 0.4101640 0.4141050 0.2873264 0.3187063 0.3456911 0.3022851 0.2868899 0.3894639 0.2756748 0.3460126 0.4715616 0.3540534 0.3049560 0.4637371 0.3831507 0.3650379 0.0000010 0.2648471 0.4234601 0.2706331 0.3440351 0.3389326 0.2848397 0.2992900 0.2604427 0.4025933 0.4060255 0.2947504 0.4343415 0.3685641 0.3454914 0.2536689 0.2900968 0.3174433 0.3630045 0.3494290 0.3444597 0.3309724 0.3700710 0.3670894 0.3490851 0.4214011 0.4239944 0.3377333 0.4540262 0.4148115 0.2886336 0.3007169 0.3128051 0.3315020 0.2771878 0.3858833 0.3906545 0.3310538 0.3418902 0.3191343 0.2992900 0.3435833 0.3738437 0.2930788 0.3385159 
MYZV          0.6529257 0.1242094 0.0000000 0.4780427 0.4449975 0.5188307 0.5972576 0.5043656 0.4618604 0.4897749 0.4888255 0.4835332 0.5828969 0.5241223 0.4895279 0.5072226 0.4884907 0.4797396 0.4855667 0.4706778 0.4920413 0.4784430 0.4857394 0.5224739 0.5048461 0.5152329 0.4975751 0.5054633 0.4780261 0.4970982 0.5379912 0.5230156 0.5634015 0.4834089 0.5375262 0.5208656 0.7053985 0.5018901 0.5409170 0.5197776 0.4704824 0.4757730 0.4778626 0.5111179 0.5191628 0.4652846 0.5106888 0.4814613 0.5000241 0.5145520 0.4744748 0.4763030 0.5558711 0.5357266 0.5318096 0.4972527 0.4938703 0.5138565 0.5550490 0.4910589 0.4973948 0.5015955 0.5082778 0.5972523 0.4544865 0.4934776 0.4938461 0.5243889 0.4899619 0.5085104 0.5022534 0.5186703 0.4844499 0.5101276 0.5494829 0.5449625 0.5361087 0.4810386 0.5447037 0.5198756 0.5095819 0.5096213 0.4870509 0.4836688 0.5304572 0.5020992 0.5204694 0.4899966 0.5121417 0.4871982 0.5602635 0.4972477 0.4703332 0.5226724 0.5645950 0.5351641 0.4273177 0.5360729 0.5041192 0.5377656 0.5124818 0.4945692 0.5350395 0.5488436 0.4821230 0.5041700 
SRR6441723    0.6072898 0.3168447 0.4780427 0.0000000 0.1080097 0.1240885 0.2483395 0.0941798 0.1306439 0.1118598 0.1022654 0.0662627 0.1213769 0.1320694 0.1207961 0.1785171 0.1091733 0.1919411 0.1431715 0.0563916 0.0992310 0.1211433 0.1198548 0.1174276 0.1140127 0.1112427 0.1155190 0.1124701 0.1163491 0.1453686 0.0919803 0.1276793 0.2091851 0.1599933 0.1239128 0.1180651 0.1693295 0.1204214 0.1191183 0.1108051 0.0982868 0.1049020 0.1532872 0.1948377 0.1092136 0.1816701 0.1217340 0.1056891 0.1158715 0.1321139 0.1165864 0.1130681 0.1066464 0.1136232 0.1213349 0.2036464 0.0981953 0.0641568 0.1431491 0.0862052 0.0894775 0.1748807 0.2003478 0.1416499 0.1926049 0.1026359 0.0872523 0.2076991 0.1120719 0.2034066 0.1013203 0.1294709 0.0570094 0.1848285 0.1484002 0.0844865 0.2241010 0.1067920 0.1337033 0.0841749 0.1277050 0.1021823 0.0854314 0.1615339 0.1078414 0.1397349 0.1961557 0.1522302 0.1286181 0.1922703 0.0696346 0.1242043 0.1093053 0.1062911 0.0834570 0.1237020 0.1069963 0.0828429 0.0539820 0.1395490 0.1171227 0.1197194 0.1171392 0.1220937 0.1189851 0.0924778 
ERR4210213    0.4534098 0.3541205 0.4449975 0.1080097 0.0000000 0.1390490 0.2421699 0.1213035 0.0867461 0.1400398 0.0970957 0.0867551 2.2991498 0.1885434 0.0875437 0.2859376 0.0973388 0.3076451 0.1246487 0.0082333 0.1504334 0.1881252 0.1936563 0.1085265 0.1425498 0.0663371 0.1619481 0.1794819 0.1253651 0.2055650 0.0897167 0.1901110 0.2340329 0.0000010 0.0798766 0.1225250 0.0000010 0.0996905 0.1153938 0.1886429 0.1255035 0.1562955 0.2183689 0.2688013 0.1116488 0.1940273 0.1388623 0.1400398 0.1774514 0.1857069 0.1635474 0.1503180 0.1335228 0.1695144 0.1504880 0.2451808 0.1358052 0.0770393 0.1783562 0.0973269 0.0897167 0.0000010 0.2361968 0.2389232 0.2165072 0.1089647 0.0878220 0.2496256 0.1619481 0.2630805 0.1246487 0.1344403 0.0767742 0.2579804 0.1606363 0.1227740 0.2889439 0.1414166 0.1383767 0.0892232 0.0989983 0.1272000 0.0814609 0.1685120 0.1006300 0.1233514 0.2400171 0.1896779 0.1657543 0.2335822 0.0886482 0.1275736 0.1523583 0.1669878 0.1118123 0.1497995 0.1242701 0.1480739 0.0884581 0.0764670 0.1392715 0.1619481 0.0673574 0.1479145 0.1562758 0.0990934 
ERR2789774    0.5896215 0.3045282 0.5188307 0.1240885 0.1390490 0.0000000 0.2165090 0.0538729 0.1427655 0.0338980 0.1244683 0.1233462 0.0487863 0.0915462 0.1328294 0.1803395 0.1315436 0.1927286 0.1477973 0.1465851 0.0878005 0.0398880 0.0453329 0.1344248 0.0825411 0.1306716 0.1293572 0.1032311 0.1296454 0.1571496 0.1277522 0.0781642 0.2059233 0.1519456 0.1524983 0.0894446 0.0740657 0.1427247 0.1527549 0.1468892 0.0856358 0.1280215 0.1668855 0.2380651 0.0689794 0.1925244 0.1372830 0.0284354 0.1297601 0.0484827 0.1305716 0.1269380 0.1433242 0.1335280 0.1350565 0.2094901 0.1152302 0.1099414 0.1459231 0.1069138 0.1249961 0.1049055 0.2302936 0.1542544 0.1633648 0.1130130 0.1062328 0.2629248 0.1258027 0.2403738 0.1113525 0.1348907 0.1319245 0.1999579 0.0859578 0.1331793 0.2532567 0.0313524 0.0820444 0.1454265 0.1432616 0.1224650 0.1087724 0.1678041 0.1436803 0.1418026 0.1771136 0.1519736 0.0456688 0.1986819 0.1567823 0.0397285 0.0340375 0.0694948 0.1173419 0.0814799 0.1001643 0.1352450 0.1232325 0.1534537 0.0766538 0.1337680 0.1261246 0.1445989 0.0316349 0.0722964 
PAFTOL_019361 0.5334919 0.3604229 0.5972576 0.2483395 0.2421699 0.2165090 0.0000000 0.2049157 0.2870002 0.2014012 0.2653246 0.2243430 0.2164828 0.2480311 0.2706619 0.3039635 0.2725151 0.3155024 0.2898518 0.2419828 0.2196929 0.1982952 0.2165344 0.2438970 0.2120384 0.2774615 0.2859297 0.2555144 0.2188838 0.2748327 0.2330459 0.2310409 0.3819663 0.2212399 0.2552200 0.2040982 0.2760253 0.2768581 0.3033765 0.2830211 0.1926485 0.2787408 0.2794836 0.2909525 0.1830503 0.2995864 0.2658159 0.1880534 0.2870900 0.2069344 0.2766001 0.2838700 0.2577533 0.2645350 0.2699676 0.3593530 0.2667754 0.2394980 0.2592916 0.2364475 0.2382636 0.2352412 0.3041162 0.2536040 0.3247024 0.2553167 0.2246543 0.3214198 0.2807024 0.2963911 0.2534784 0.2696381 0.2700887 0.3651684 0.2326327 0.2447583 0.3284163 0.1940817 0.2186976 0.2253745 0.2940472 0.2786502 0.2539535 0.2799815 0.3096841 0.3047759 0.3494237 0.2760334 0.2119142 0.3518927 0.2815654 0.2160496 0.1978206 0.2309090 0.2486869 0.2192612 0.1782508 0.2519163 0.2092846 0.2696205 0.2271844 0.2874946 0.2750305 0.2901798 0.1819343 0.1948934 
S0055         0.5480748 0.3214818 0.5043656 0.0941798 0.1213035 0.0538729 0.2049157 0.0000000 0.1256866 0.0366420 0.1051063 0.1041930 0.0404829 0.0665161 0.1161139 0.1401024 0.1087623 0.1569001 0.1418722 0.1045176 0.0626275 0.0398353 0.0452720 0.1173915 0.0483583 0.1071730 0.1003402 0.0892800 0.1150066 0.1283254 0.1077769 0.0600446 0.1787823 0.1144009 0.1222622 0.0547355 0.0681064 0.1227636 0.1315814 0.1237578 0.0506340 0.1096764 0.1365061 0.1952445 0.0395055 0.1570585 0.1179917 0.0283998 0.1006344 0.0484165 0.1012357 0.0978989 0.1198368 0.1147045 0.1188112 0.1808824 0.0875611 0.0760924 0.1121818 0.0823954 0.1086551 0.0900990 0.1949022 0.1284418 0.1441213 0.1117864 0.0955621 0.2247432 0.0970645 0.2069476 0.0999338 0.1249386 0.1011931 0.1768225 0.0641195 0.1066289 0.2278088 0.0313124 0.0511395 0.1153394 0.1261414 0.0945958 0.0817069 0.1285178 0.1235899 0.1173952 0.1545564 0.1270287 0.0456070 0.1710213 0.1094557 0.0452223 0.0339938 0.0285267 0.0981961 0.0423739 0.0874511 0.1152534 0.0934367 0.1317394 0.0398960 0.1042484 0.1058103 0.1209012 0.0373884 0.0368490 
S0278         0.6268425 0.3395956 0.4618604 0.1306439 0.0867461 0.1427655 0.2870002 0.1256866 0.0000000 0.1385363 0.0489880 0.1083991 0.1787865 0.1897387 0.0456598 0.2220940 0.0483470 0.2220271 0.0634604 0.1310628 0.1214112 0.1441204 0.1511584 0.0458448 0.1470765 0.0401595 0.1485149 0.1311638 0.0588868 0.1923481 0.1249496 0.1623110 0.2346444 0.1821211 0.0419437 0.1451063 0.2412737 0.0456629 0.0860807 0.1115955 0.1345954 0.1471714 0.2074203 0.1888614 0.1337717 0.2083796 0.1251250 0.1270804 0.1490048 0.1480572 0.1499832 0.1460716 0.1517509 0.1607892 0.0791281 0.2391100 0.0811831 0.0976241 0.1791537 0.1349537 0.1260028 0.2137358 0.1899711 0.1609520 0.2098553 0.1417278 0.1213908 0.2209005 0.1446972 0.2026742 0.0880301 0.1527297 0.1478793 0.2001151 0.1638966 0.1464943 0.2240375 0.1243220 0.1587850 0.1164971 0.0544313 0.0788523 0.0663113 0.1897355 0.0757889 0.0614369 0.2383828 0.1921865 0.1522917 0.2366918 0.1369275 0.1435019 0.1240388 0.1460469 0.1362588 0.1446896 0.0633863 0.1400759 0.1148741 0.0671287 0.1408153 0.1533700 0.0380561 0.1219881 0.1416316 0.1307036 
S0282         0.6161886 0.2873264 0.4897749 0.1118598 0.1400398 0.0338980 0.2014012 0.0366420 0.1385363 0.0000000 0.1200346 0.1132162 0.0251680 0.0683204 0.1283344 0.1516990 0.1238987 0.1717832 0.1427452 0.1191789 0.0688521 0.0178685 0.0230307 0.1261924 0.0602693 0.1225402 0.1180634 0.0927652 0.1198571 0.1436558 0.1126448 0.0720876 0.1938290 0.1345209 0.1434887 0.0635051 0.0522917 0.1306788 0.1367620 0.1315561 0.0601271 0.1282814 0.1489002 0.2152305 0.0542342 0.1681383 0.1186956 0.0074516 0.1184227 0.0258413 0.1191502 0.1120769 0.1347442 0.1338081 0.1236444 0.1923893 0.0983491 0.0926628 0.1373265 0.0929267 0.1135761 0.1041043 0.2116069 0.1458053 0.1489289 0.1096907 0.1000763 0.2431080 0.1146194 0.2177484 0.1046327 0.1301882 0.1055484 0.1956314 0.0734013 0.1261418 0.2297358 0.0100367 0.0596379 0.1331182 0.1349227 0.1052992 0.0920575 0.1474327 0.1284223 0.1403806 0.1691916 0.1425768 0.0232011 0.1864279 0.1282519 0.0230089 0.0125727 0.0512823 0.1104514 0.0603405 0.0860034 0.1247894 0.1087023 0.1371888 0.0516555 0.1222739 0.1179606 0.1257092 0.0153947 0.0506492 
S0289         0.6381235 0.3161877 0.4888255 0.1022654 0.0970957 0.1244683 0.2653246 0.1051063 0.0489880 0.1200346 0.0000000 0.0953211 0.1327177 0.1641204 0.0368353 0.1877099 0.0231324 0.1927310 0.0509593 0.1084863 0.1083041 0.1250574 0.1316616 0.0394781 0.1198287 0.0259392 0.1402461 0.1132072 0.0521287 0.1655356 0.1031748 0.1305952 0.2037132 0.1517185 0.0504586 0.1150616 0.1789316 0.0423078 0.0694649 0.0919762 0.1097756 0.1256843 0.1660169 0.1739471 0.1117857 0.1895360 0.1186668 0.1093769 0.1406910 0.1361671 0.1380875 0.1378478 0.1316819 0.1382294 0.0658902 0.2190569 0.0704579 0.0858251 0.1383702 0.1125317 0.1040048 0.1752186 0.1702400 0.1362392 0.1767791 0.1276615 0.1071597 0.1967726 0.1365964 0.1822156 0.0677166 0.1370921 0.1208090 0.2001662 0.1468936 0.1345669 0.2018599 0.1067011 0.1387949 0.1120867 0.0423435 0.0712329 0.0590884 0.1643213 0.0657996 0.0484958 0.1974616 0.1599492 0.1326297 0.2122385 0.1143064 0.1281426 0.1064652 0.1270461 0.1146163 0.1291613 0.0558848 0.1145820 0.0984228 0.0572407 0.1178426 0.1448384 0.0374362 0.1052975 0.1229165 0.1089734 
S0292         0.6046642 0.3302871 0.4835332 0.0662627 0.0867551 0.1233462 0.2243430 0.1041930 0.1083991 0.1132162 0.0953211 0.0000000 0.1330514 0.1568039 0.0955439 0.2068473 0.1020839 0.2158320 0.1270887 0.0758712 0.0880181 0.1180916 0.1246102 0.0996193 0.1005708 0.1000429 0.1298877 0.1134754 0.0946666 0.1647756 0.1049786 0.1265309 0.2123262 0.1618386 0.1014149 0.1264236 0.1650483 0.1087518 0.1140512 0.1292021 0.0888431 0.1319403 0.1697073 0.1996449 0.0994778 0.1987568 0.1292526 0.1027368 0.1302939 0.1290116 0.1311115 0.1274623 0.1282920 0.1415337 0.1123973 0.2198644 0.0970666 0.0667504 0.1569643 0.1056885 0.0989604 0.1876958 0.2094630 0.1532300 0.2066091 0.1162084 0.1033720 0.2163553 0.1263172 0.2037324 0.0901788 0.1326108 0.0829944 0.2059988 0.1609568 0.0455645 0.2331427 0.1069612 0.1389952 0.0729366 0.1088662 0.1010901 0.0847507 0.1722314 0.1061709 0.1329677 0.2047470 0.1684070 0.1255293 0.2078029 0.0800764 0.1244064 0.1063326 0.1168220 0.0490562 0.1215894 0.0931878 0.0344202 0.0231346 0.1199738 0.1220967 0.1306878 0.0983826 0.1331870 0.1119633 0.1033688 
S0293         0.6777799 0.4766544 0.5828969 0.1213769 2.2991498 0.0487863 0.2164828 0.0404829 0.1787865 0.0251680 0.1327177 0.1330514 0.0000000 0.0747788 0.1612898 0.1269752 0.1443073 0.1573396 0.1542979 0.1294872 0.0737758 0.0177366 0.0142018 0.1466143 0.0653540 0.1575197 0.1344839 0.0794996 0.1361072 0.1138427 0.1360348 0.0657290 0.1853454 0.1366391 0.1778608 0.0620880 0.0422628 0.1530811 0.1659566 0.1279631 0.0613330 0.1414018 0.1082513 0.2302848 0.0570161 0.1640419 0.1371402 0.0141125 0.1294937 0.0252988 0.1357319 0.1356717 0.1556654 0.1506518 0.1500894 0.1843244 0.1150685 0.1074628 0.1105561 0.1128322 0.1376441 0.0829305 0.2318631 0.1509503 0.1349798 0.1377545 0.1231027 0.2614109 0.1294937 0.2326935 0.1148371 0.1519282 0.1206909 0.1728753 0.0665489 0.1468532 0.2575496 0.0178423 0.0612413 0.1614548 0.1653160 0.1306278 0.1198939 0.1210178 0.1599417 0.1679380 0.1590025 0.1118698 0.0294778 0.1672181 0.1441253 0.0329076 0.0178824 0.0486459 0.1339175 0.0700004 0.0997730 0.1233751 0.1210393 0.1870834 0.0582252 0.1407542 0.1567078 0.1394151 0.0219793 0.0445814 
S0294         0.6563785 0.3295954 0.5241223 0.1320694 0.1885434 0.0915462 0.2480311 0.0665161 0.1897387 0.0683204 0.1641204 0.1568039 0.0747788 0.0000000 0.1776936 0.1449899 0.1723790 0.1703173 0.1946511 0.1357386 0.1023236 0.0757735 0.0656906 0.1758515 0.0996939 0.1756303 0.1504649 0.1336076 0.1572020 0.1532034 0.1693558 0.0924550 0.2008613 0.1183956 0.1750847 0.0831500 0.1107396 0.1799393 0.1728478 0.1582159 0.0991851 0.1550366 0.1502448 0.2485855 0.0862309 0.1666227 0.1651224 0.0626808 0.1509578 0.0789725 0.1519391 0.1480553 0.1762155 0.1690223 0.1768334 0.2041983 0.1373690 0.1411362 0.1490166 0.1452851 0.1708407 0.0849114 0.2382743 0.1631073 0.1651306 0.1520172 0.1410482 0.2664949 0.1466751 0.2527817 0.1524553 0.1974883 0.1410135 0.1946519 0.0942815 0.1514557 0.2765793 0.0661458 0.0818918 0.1908818 0.1850269 0.1411827 0.1262731 0.1639733 0.1789214 0.1838368 0.1789808 0.1433067 0.0822458 0.1851613 0.1587855 0.0752825 0.0690378 0.0894930 0.1501741 0.0833461 0.1043026 0.1664042 0.1436969 0.1693165 0.0766140 0.1510220 0.1591838 0.1721308 0.0730585 0.0663266 
S0299         0.6022763 0.3758752 0.4895279 0.1207961 0.0875437 0.1328294 0.2706619 0.1161139 0.0456598 0.1283344 0.0368353 0.0955439 0.1612898 0.1776936 0.0000000 0.2104259 0.0392650 0.2194572 0.0537399 0.1279824 0.1085383 0.1286113 0.1403523 0.0395297 0.1291032 0.0286555 0.1420509 0.1206603 0.0520532 0.1866433 0.0997271 0.1432842 0.2230272 0.1817777 0.0379026 0.1420054 0.2207583 0.0366003 0.0664102 0.1030220 0.1214807 0.1460541 0.2011433 0.1959706 0.1278541 0.2111462 0.1268395 0.1173651 0.1425074 0.1450264 0.1398794 0.1396329 0.1319411 0.1595131 0.0599791 0.2192414 0.0677409 0.0923999 0.1660806 0.1127486 0.0937960 0.2155792 0.1884593 0.1450343 0.2042951 0.1169093 0.1039308 0.2240848 0.1383501 0.2048409 0.0712485 0.1291548 0.1405842 0.2008659 0.1587251 0.1385462 0.2257376 0.1146624 0.1476743 0.1123397 0.0421446 0.0714788 0.0563047 0.1885555 0.0597811 0.0510187 0.2114068 0.1908497 0.1413892 0.2183343 0.1229626 0.1367289 0.1144064 0.1247386 0.1184319 0.1310119 0.0557479 0.1255752 0.1054515 0.0543047 0.1303780 0.1392207 0.0374864 0.1030642 0.1277663 0.1208392 
S0303         0.5785013 0.4533363 0.5072226 0.1785171 0.2859376 0.1803395 0.3039635 0.1401024 0.2220940 0.1516990 0.1877099 0.2068473 0.1269752 0.1449899 0.2104259 0.0000000 0.2172425 0.0294739 0.2278517 0.1448208 0.1537140 0.1415810 0.1589768 0.2174199 0.1622749 0.2061383 0.1483584 0.1424518 0.2310759 0.0266880 0.2184431 0.1437770 0.0944729 0.0213723 0.2232347 0.1429640 0.1473444 0.2059544 0.2162418 0.1954924 0.1528188 0.1341974 0.0144364 0.2772726 0.1531891 0.0292207 0.1636412 0.1445377 0.1488798 0.1632513 0.1499209 0.1494058 0.1900184 0.1612496 0.2102899 0.0747611 0.1817715 0.1796663 0.0696250 0.1840735 0.2198016 0.1580079 0.2719122 0.2340814 0.0867850 0.2123718 0.1955276 0.2958828 0.1442934 0.2827759 0.1951561 0.2131994 0.1825752 0.0896575 0.1428756 0.2155168 0.3283184 0.1495223 0.1502608 0.2347128 0.2216601 0.1971047 0.1800102 0.0442050 0.2107537 0.2029787 0.0947136 0.0305985 0.1640948 0.0677984 0.1788319 0.1624704 0.1536951 0.1568227 0.1984207 0.1414759 0.1781396 0.2025061 0.1821390 0.2326733 0.1430159 0.1535309 0.2118224 0.2039614 0.1616250 0.1421016 
S0320         0.6446351 0.3284756 0.4884907 0.1091733 0.0973388 0.1315436 0.2725151 0.1087623 0.0483470 0.1238987 0.0231324 0.1020839 0.1443073 0.1723790 0.0392650 0.2172425 0.0000000 0.2178925 0.0534716 0.1231373 0.1153904 0.1290212 0.1356938 0.0420654 0.1318818 0.0366762 0.1443205 0.1210797 0.0556540 0.1799598 0.1068520 0.1419614 0.2111374 0.1921182 0.0497790 0.1302462 0.1968324 0.0476859 0.0690442 0.0888976 0.1135236 0.1296753 0.1893033 0.1738027 0.1234395 0.2222281 0.1180295 0.1131086 0.1447825 0.1402726 0.1421746 0.1419243 0.1357101 0.1424103 0.0625839 0.2189000 0.0674795 0.0892758 0.1622819 0.1093721 0.1077160 0.2069014 0.1700907 0.1261638 0.1946015 0.1269605 0.1109033 0.1996383 0.1406267 0.1827814 0.0645679 0.1396969 0.1354485 0.2167233 0.1633432 0.1421230 0.2070057 0.1104242 0.1429065 0.1114538 0.0448493 0.0651178 0.0529800 0.1902980 0.0625010 0.0539831 0.2059742 0.1840348 0.1366930 0.2210083 0.1181402 0.1321306 0.1101791 0.1309926 0.1218775 0.1259332 0.0632564 0.1221970 0.1052265 0.0511106 0.1258502 0.1489922 0.0400672 0.1051001 0.1234215 0.1165279 
S0322         0.5379611 0.3939199 0.4797396 0.1919411 0.3076451 0.1927286 0.3155024 0.1569001 0.2220271 0.1717832 0.1927310 0.2158320 0.1573396 0.1703173 0.2194572 0.0294739 0.2178925 0.0000000 0.2276088 0.1617802 0.1712609 0.1700511 0.1875783 0.2197792 0.1804571 0.2242848 0.1636535 0.1552832 0.2374046 0.0175892 0.2416481 0.1662500 0.1020007 0.0204847 0.2329387 0.1527478 0.2030850 0.2101740 0.2152442 0.1984197 0.1702077 0.1364988 0.0117849 0.3026878 0.1764488 0.0352065 0.1734341 0.1644508 0.1642374 0.1892719 0.1653992 0.1648228 0.2071341 0.1596925 0.2104026 0.0927588 0.1942211 0.2017197 0.0794632 0.2001279 0.2388702 0.2183051 0.3142800 0.2375936 0.0813046 0.2348946 0.2168094 0.3262837 0.1594726 0.3046387 0.1945666 0.2452512 0.2143827 0.1004969 0.1629783 0.2342306 0.3412824 0.1697509 0.1706018 0.2568875 0.2320243 0.1995986 0.1866389 0.0257212 0.2020919 0.2273475 0.1163493 0.0305688 0.1851150 0.0854035 0.1885724 0.1877581 0.1740893 0.1657234 0.2201731 0.1453757 0.1896020 0.2224134 0.1951505 0.2430085 0.1645680 0.1690723 0.2168736 0.2332344 0.1771331 0.1621232 
S0327         0.6415838 0.3422481 0.4855667 0.1431715 0.1246487 0.1477973 0.2898518 0.1418722 0.0634604 0.1427452 0.0509593 0.1270887 0.1542979 0.1946511 0.0537399 0.2278517 0.0534716 0.2276088 0.0000000 0.1470965 0.1270593 0.1483118 0.1552634 0.0565653 0.1427476 0.0451380 0.1777140 0.1394283 0.0586911 0.1971078 0.1372853 0.1734104 0.2392901 0.1925964 0.0621995 0.1612081 0.2026543 0.0503675 0.0882215 0.1171767 0.1333219 0.1589225 0.2082548 0.2092330 0.1340220 0.2277602 0.1367400 0.1313955 0.1783186 0.1601575 0.1757052 0.1753746 0.1688251 0.1807789 0.0784639 0.2542872 0.0899134 0.1165403 0.1786856 0.1473305 0.1384348 0.2159005 0.1896955 0.1528206 0.2141345 0.1590003 0.1418732 0.2413743 0.1736891 0.2229077 0.0808503 0.1577078 0.1517732 0.2261621 0.1985426 0.1700958 0.2359317 0.1286898 0.1760504 0.1298289 0.0626229 0.0876493 0.0749934 0.1931354 0.0811655 0.0723036 0.2329490 0.2008350 0.1486540 0.2516870 0.1421216 0.1443282 0.1284023 0.1628994 0.1487680 0.1613866 0.0597062 0.1486959 0.1269693 0.0757470 0.1533261 0.1830096 0.0575043 0.1239434 0.1463092 0.1471671 
S0335         0.5974469 0.3164070 0.4706778 0.0563916 0.0082333 0.1465851 0.2419828 0.1045176 0.1310628 0.1191789 0.1084863 0.0758712 0.1294872 0.1357386 0.1279824 0.1448208 0.1231373 0.1617802 0.1470965 0.0000000 0.1024094 0.1287790 0.1306874 0.1278584 0.1180543 0.1111606 0.1200627 0.1212369 0.1119968 0.1340691 0.1198630 0.1276791 0.1788329 0.1164459 0.1281125 0.1066940 0.1666310 0.1348503 0.1338639 0.1359422 0.1020649 0.1195672 0.1219570 0.2259620 0.1095978 0.1529273 0.1192205 0.1129239 0.1204346 0.1361409 0.1211872 0.1176051 0.1350051 0.1367360 0.1356663 0.1912264 0.1150095 0.0795605 0.1248741 0.1130050 0.1174170 0.1904647 0.2225091 0.1594287 0.1628615 0.1237762 0.1077756 0.2390119 0.1165548 0.2319191 0.1184247 0.1519880 0.0631814 0.1726406 0.1308965 0.0913201 0.2617671 0.1173270 0.1267116 0.1057115 0.1277273 0.1201772 0.1030834 0.1350422 0.1148624 0.1438596 0.1825381 0.1365843 0.1364215 0.1755490 0.0547143 0.1314190 0.1166247 0.1242911 0.1036004 0.1169883 0.0889941 0.0963690 0.0631481 0.1431815 0.1175352 0.1243640 0.1207882 0.1395559 0.1266621 0.0885261 
S0376         0.5838841 0.3719859 0.4920413 0.0992310 0.1504334 0.0878005 0.2196929 0.0626275 0.1214112 0.0688521 0.1083041 0.0880181 0.0737758 0.1023236 0.1085383 0.1537140 0.1153904 0.1712609 0.1270593 0.1024094 0.0000000 0.0727039 0.0756180 0.1060064 0.0573006 0.1030514 0.1189012 0.0567033 0.1029867 0.1419822 0.1164652 0.0817322 0.1824229 0.1204322 0.1219062 0.0731018 0.0968319 0.1154453 0.1201461 0.1316667 0.0509642 0.1173816 0.1430439 0.2017321 0.0602195 0.1746344 0.1268940 0.0597370 0.1192658 0.0758774 0.1200037 0.1164589 0.1438711 0.1303939 0.1039037 0.1872411 0.0897080 0.0786567 0.1173374 0.1003526 0.1137215 0.1216400 0.2089675 0.1359537 0.1630821 0.1206225 0.1036156 0.2493422 0.1154294 0.2103638 0.0926180 0.1341863 0.0960899 0.1748092 0.0923574 0.1106345 0.2454775 0.0631580 0.0815656 0.1203095 0.1254084 0.0970585 0.0777292 0.1416633 0.1124668 0.1244224 0.1545243 0.1412278 0.0791256 0.1771028 0.1175954 0.0722324 0.0660370 0.0787118 0.0884449 0.0718694 0.0704961 0.1091738 0.0908100 0.1274056 0.0607582 0.1231509 0.0980117 0.1176381 0.0670302 0.0572120 
S0400         0.5995180 0.3134894 0.4784430 0.1211433 0.1881252 0.0398880 0.1982952 0.0398353 0.1441204 0.0178685 0.1250574 0.1180916 0.0177366 0.0757735 0.1286113 0.1415810 0.1290212 0.1700511 0.1483118 0.1287790 0.0727039 0.0000000 0.0206025 0.1314522 0.0639701 0.1277134 0.1266389 0.1006952 0.1260973 0.1410229 0.1165723 0.0792463 0.1936673 0.1211214 0.1438123 0.0672865 0.0421970 0.1359374 0.1462051 0.1368589 0.0638179 0.1336511 0.1462572 0.2086742 0.0578079 0.1664441 0.1308132 0.0100747 0.1270338 0.0288384 0.1278301 0.1242015 0.1398749 0.1393737 0.1287548 0.1850413 0.1029951 0.0970884 0.1391151 0.0965468 0.1175419 0.0818868 0.2098071 0.1525957 0.1520650 0.1135026 0.1037969 0.2416272 0.1230879 0.2161005 0.1093957 0.1269155 0.1146183 0.1939218 0.0735600 0.1312551 0.2377745 0.0127240 0.0632907 0.1387847 0.1366907 0.1101027 0.0965863 0.1399472 0.1336716 0.1332303 0.1686257 0.1391865 0.0261523 0.1798582 0.1383615 0.0259332 0.0153021 0.0547950 0.1152981 0.0700248 0.0914772 0.1299538 0.1134363 0.1504156 0.0551997 0.1310301 0.1231263 0.1309276 0.0182202 0.0541094 
S0405         0.6434230 0.2801423 0.4857394 0.1198548 0.1936563 0.0453329 0.2165344 0.0452720 0.1511584 0.0230307 0.1316616 0.1246102 0.0142018 0.0656906 0.1403523 0.1589768 0.1356938 0.1875783 0.1552634 0.1306874 0.0756180 0.0206025 0.0000000 0.1382689 0.0697472 0.1344760 0.1299018 0.0996292 0.1292236 0.1616062 0.1280931 0.0755075 0.2018092 0.1285994 0.1477321 0.0637204 0.0421988 0.1426825 0.1531943 0.1436445 0.0695828 0.1370310 0.1634792 0.2109613 0.0635049 0.1841683 0.1374252 0.0151480 0.1303085 0.0314991 0.1311273 0.1274740 0.1520155 0.1428334 0.1354172 0.2051598 0.1094547 0.1033381 0.1495291 0.1071720 0.1291734 0.0744245 0.2066987 0.1421286 0.1559854 0.1168835 0.1071153 0.2437604 0.1263281 0.2078068 0.1159090 0.1387425 0.1210992 0.2037347 0.0736565 0.1378827 0.2399265 0.0178571 0.0598363 0.1460159 0.1471371 0.1166588 0.1029941 0.1601920 0.1404378 0.1451964 0.1764874 0.1561279 0.0260715 0.1944608 0.1452272 0.0285612 0.0152535 0.0604543 0.1218243 0.0729394 0.0985532 0.1366673 0.1198383 0.1574790 0.0518274 0.1343400 0.1299550 0.1343092 0.0234867 0.0508146 
S0407sl       0.6537835 0.3905471 0.5224739 0.1174276 0.1085265 0.1344248 0.2438970 0.1173915 0.0458448 0.1261924 0.0394781 0.0996193 0.1466143 0.1758515 0.0395297 0.2174199 0.0420654 0.2197792 0.0565653 0.1278584 0.1060064 0.1314522 0.1382689 0.0000000 0.1254044 0.0284179 0.1545336 0.1187934 0.0487571 0.1880743 0.1086913 0.1444463 0.2344292 0.1706051 0.0384932 0.1469544 0.1961668 0.0453343 0.0755415 0.1032994 0.1218637 0.1620356 0.2029812 0.1815848 0.1170882 0.2132018 0.1344150 0.1151641 0.1550427 0.1429641 0.1560590 0.1521265 0.1422905 0.1761811 0.0689050 0.2405561 0.0769562 0.0963285 0.1655983 0.1221940 0.1095843 0.1970032 0.1782561 0.1446704 0.2180569 0.1332051 0.1099020 0.2122921 0.1506967 0.1948930 0.0805940 0.1350711 0.1404577 0.2123085 0.1705414 0.1397032 0.2111793 0.1124336 0.1494123 0.1126725 0.0476138 0.0808551 0.0622659 0.1899690 0.0688072 0.0572686 0.2225250 0.1869262 0.1393028 0.2381459 0.1345668 0.1346237 0.1121799 0.1337196 0.1193946 0.1358390 0.0521980 0.1266105 0.1027717 0.0544113 0.1266750 0.1594463 0.0154616 0.1168526 0.1252396 0.1253087 
S0412sl       0.5932467 0.3232495 0.5048461 0.1140127 0.1425498 0.0825411 0.2120384 0.0483583 0.1470765 0.0602693 0.1198287 0.1005708 0.0653540 0.0996939 0.1291032 0.1622749 0.1318818 0.1804571 0.1427476 0.1180543 0.0573006 0.0639701 0.0697472 0.1254044 0.0000000 0.1223253 0.1201595 0.0798575 0.1296818 0.1463983 0.1252555 0.0729759 0.1827528 0.1376515 0.1404502 0.0701370 0.0855610 0.1314453 0.1491326 0.1327411 0.0576054 0.1305605 0.1600771 0.2065035 0.0260112 0.1817180 0.1239050 0.0513219 0.1205323 0.0732836 0.1212865 0.1176990 0.1534357 0.1447149 0.1322607 0.1785149 0.0954998 0.0937923 0.1242019 0.1117179 0.1189127 0.1223066 0.2269785 0.1562887 0.1598967 0.1291670 0.1155033 0.2480978 0.1166464 0.2140745 0.1012900 0.1430116 0.1058560 0.1928697 0.0900364 0.1030777 0.2442539 0.0546283 0.0722164 0.1333494 0.1468781 0.0993304 0.0861540 0.1455459 0.1369684 0.1401283 0.1574155 0.1406240 0.0702653 0.1686364 0.1153668 0.0696587 0.0574768 0.0598686 0.0891951 0.0698186 0.0967002 0.1074446 0.0930407 0.1533574 0.0484019 0.1244680 0.1172693 0.1225541 0.0585215 0.0606930 
S0417         0.6662323 0.3428943 0.5152329 0.1112427 0.0663371 0.1306716 0.2774615 0.1071730 0.0401595 0.1225402 0.0259392 0.1000429 0.1575197 0.1756303 0.0286555 0.2061383 0.0366762 0.2242848 0.0451380 0.1111606 0.1030514 0.1277134 0.1344760 0.0284179 0.1223253 0.0000000 0.1437302 0.1150201 0.0451978 0.1866459 0.1019372 0.1483094 0.2200750 0.1693773 0.0412992 0.1321663 0.2063717 0.0369111 0.0637170 0.0968684 0.1157030 0.1435758 0.1922859 0.1887235 0.1140688 0.1974668 0.1134090 0.1116203 0.1441981 0.1391093 0.1415430 0.1412909 0.1386109 0.1570613 0.0573132 0.2375876 0.0648240 0.0868144 0.1565105 0.1152558 0.1027714 0.2082172 0.1901157 0.1455927 0.2027039 0.1220303 0.1058723 0.2201423 0.1399768 0.2022735 0.0683706 0.1319079 0.1231734 0.2108068 0.1583575 0.1403027 0.2232090 0.1088940 0.1454704 0.1054822 0.0424594 0.0685214 0.0534016 0.1801337 0.0541237 0.0485294 0.2127068 0.1809919 0.1354822 0.2352006 0.1207411 0.1308671 0.1086485 0.1332890 0.1199126 0.1320727 0.0485155 0.1271592 0.1032082 0.0516398 0.1238488 0.1484751 0.0262948 0.1036843 0.1255489 0.1185267 
S0419         0.5577543 0.2992900 0.4975751 0.1155190 0.1619481 0.1293572 0.2859297 0.1003402 0.1485149 0.1180634 0.1402461 0.1298877 0.1344839 0.1504649 0.1420509 0.1483584 0.1443205 0.1636535 0.1777140 0.1200627 0.1189012 0.1266389 0.1299018 0.1545336 0.1201595 0.1437302 0.0000000 0.1242604 0.1414735 0.1346759 0.1145766 0.1236356 0.1850499 0.1501593 0.1461501 0.1309204 0.1749437 0.1490950 0.1637310 0.1500363 0.1107795 0.0371492 0.1515974 0.2562458 0.1226417 0.1622751 0.1295463 0.1110925 0.0049697 0.1232144 0.0049954 0.0049943 0.1265746 0.0520267 0.1492886 0.1685876 0.1333921 0.1023338 0.1437211 0.1015750 0.1190825 0.1451223 0.2328053 0.1599450 0.1685762 0.1051124 0.0994949 0.2687318 0.0024696 0.2547222 0.1480909 0.1212237 0.1339671 0.1822302 0.1505022 0.1401301 0.2680617 0.1154031 0.1334132 0.1386759 0.1534499 0.1373055 0.1269887 0.1584857 0.1399743 0.1587270 0.1665285 0.1375137 0.1341366 0.1671368 0.1243126 0.1187719 0.1185772 0.1163160 0.1306235 0.1161721 0.1183691 0.1459915 0.1211009 0.1749208 0.1209604 0.0100281 0.1425819 0.1630098 0.1245372 0.1158130 
S0427         0.5675393 0.4298221 0.5054633 0.1124701 0.1794819 0.1032311 0.2555144 0.0892800 0.1311638 0.0927652 0.1132072 0.1134754 0.0794996 0.1336076 0.1206603 0.1424518 0.1210797 0.1552832 0.1394283 0.1212369 0.0567033 0.1006952 0.0996292 0.1187934 0.0798575 0.1150201 0.1242604 0.0000000 0.1166685 0.1186074 0.1297610 0.0760948 0.1781859 0.1357407 0.1277993 0.1001902 0.1107485 0.1278756 0.1411749 0.1253199 0.0862118 0.1191703 0.1269247 0.2234776 0.0901461 0.1597732 0.1325026 0.0861344 0.1246504 0.1111644 0.1254381 0.1217945 0.1538738 0.1435852 0.1313988 0.1542642 0.0966877 0.0989794 0.0995625 0.1126310 0.1269630 0.1218776 0.2286233 0.1612945 0.1564578 0.1257432 0.1083412 0.2491431 0.1206942 0.2268034 0.0899478 0.1483359 0.1275779 0.1532452 0.1062726 0.1389641 0.2491392 0.0900776 0.1088415 0.1540090 0.1418818 0.1080236 0.0915167 0.1227742 0.1364751 0.1445674 0.1374604 0.1169648 0.1078108 0.1445571 0.1222524 0.1068498 0.0931703 0.0996320 0.1149056 0.1096769 0.1063449 0.1251171 0.1129383 0.1442198 0.0897544 0.1286581 0.1139216 0.1437098 0.0946754 0.0790069 
S0428sl       0.5735954 0.3796619 0.4780261 0.1163491 0.1253651 0.1296454 0.2188838 0.1150066 0.0588868 0.1198571 0.0521287 0.0946666 0.1361072 0.1572020 0.0520532 0.2310759 0.0556540 0.2374046 0.0586911 0.1119968 0.1029867 0.1260973 0.1292236 0.0487571 0.1296818 0.0451978 0.1414735 0.1166685 0.0000000 0.2036045 0.0959336 0.1337770 0.2409858 0.1976401 0.0548351 0.1355254 0.1715665 0.0595801 0.0747154 0.0996511 0.1202471 0.1414917 0.2213538 0.1749948 0.1103433 0.2231904 0.1197171 0.1116059 0.1420221 0.1350744 0.1425233 0.1385500 0.1193495 0.1574910 0.0702285 0.2441701 0.0794108 0.0859960 0.1726714 0.1026333 0.1008094 0.1779472 0.1618492 0.1588170 0.2049503 0.1057779 0.0876727 0.2078260 0.1370158 0.1925369 0.0687022 0.1157192 0.1222992 0.2241165 0.1455877 0.1326533 0.2006158 0.1119714 0.1423222 0.1073212 0.0553354 0.0763222 0.0578684 0.1954928 0.0703180 0.0704622 0.2325015 0.1876262 0.1403221 0.2531723 0.1086080 0.1245504 0.1156261 0.1247709 0.1175909 0.1370744 0.0680835 0.1292958 0.1060535 0.0628714 0.1218607 0.1471098 0.0494747 0.1148800 0.1186279 0.1068269 
S0430         0.5014385 0.4205351 0.4970982 0.1453686 0.2055650 0.1571496 0.2748327 0.1283254 0.1923481 0.1436558 0.1655356 0.1647756 0.1138427 0.1532034 0.1866433 0.0266880 0.1799598 0.0175892 0.1971078 0.1340691 0.1419822 0.1410229 0.1616062 0.1880743 0.1463983 0.1866459 0.1346759 0.1186074 0.2036045 0.0000000 0.1866558 0.1287741 0.0882166 0.0103068 0.1867017 0.1371484 0.1584927 0.1732495 0.1985248 0.1533963 0.1288983 0.1102938 0.0140464 0.2508402 0.1458388 0.0252374 0.1596016 0.1360629 0.1351238 0.1620409 0.1360241 0.1321267 0.1664845 0.1303192 0.1868907 0.0720624 0.1534109 0.1529827 0.0481564 0.1513561 0.1877649 0.1573785 0.2632603 0.2097440 0.0807537 0.1857482 0.1691548 0.2607723 0.1308673 0.2604772 0.1671426 0.2078884 0.1780534 0.0863520 0.1462852 0.1860366 0.2866704 0.1411887 0.1414414 0.1907404 0.1974551 0.1586502 0.1556416 0.0135794 0.1916199 0.1932253 0.0774789 0.0139317 0.1628546 0.0654227 0.1480071 0.1612882 0.1443157 0.1497124 0.1841990 0.1341022 0.1652991 0.1778154 0.1508800 0.2025881 0.1355513 0.1394385 0.1824940 0.1981883 0.1515442 0.1296194 
S0552sl       0.6310187 0.3455310 0.5379912 0.0919803 0.0897167 0.1277522 0.2330459 0.1077769 0.1249496 0.1126448 0.1031748 0.1049786 0.1360348 0.1693558 0.0997271 0.2184431 0.1068520 0.2416481 0.1372853 0.1198630 0.1164652 0.1165723 0.1280931 0.1086913 0.1252555 0.1019372 0.1145766 0.1297610 0.0959336 0.1866558 0.0000000 0.1350248 0.2491412 0.1845493 0.1079423 0.1332447 0.1794241 0.1181153 0.1183699 0.1300465 0.1018294 0.1214165 0.1919450 0.2197576 0.1200734 0.1972536 0.1339954 0.1055100 0.1149322 0.1326522 0.1156535 0.1120793 0.0615649 0.1258222 0.1172127 0.2461280 0.1031444 0.0859850 0.1697895 0.0430003 0.0075189 0.1695088 0.2100434 0.1614619 0.2284143 0.0516857 0.0405533 0.2318757 0.1110745 0.2186374 0.1142119 0.0575194 0.1203441 0.2425419 0.1591242 0.1339410 0.2351247 0.1027737 0.1429348 0.0988624 0.1174838 0.1071547 0.0897828 0.1928708 0.1140935 0.1234454 0.2345323 0.1909373 0.1290592 0.2450333 0.1290274 0.1163291 0.1092211 0.1149655 0.1093902 0.1395887 0.0982032 0.1244353 0.1005494 0.1344839 0.1299360 0.1188397 0.1073035 0.1353172 0.1191630 0.1092562 
S0558         0.5290452 0.4228818 0.5230156 0.1276793 0.1901110 0.0781642 0.2310409 0.0600446 0.1623110 0.0720876 0.1305952 0.1265309 0.0657290 0.0924550 0.1432842 0.1437770 0.1419614 0.1662500 0.1734104 0.1276791 0.0817322 0.0792463 0.0755075 0.1444463 0.0729759 0.1483094 0.1236356 0.0760948 0.1337770 0.1287741 0.1350248 0.0000000 0.1824495 0.1278594 0.1588576 0.0798557 0.0910973 0.1531487 0.1717424 0.1511091 0.0825275 0.1257047 0.1246617 0.2509367 0.0696602 0.1663197 0.1394757 0.0659347 0.1240198 0.0824944 0.1247981 0.1211836 0.1384955 0.1312030 0.1658757 0.1644278 0.1151048 0.1159712 0.1188058 0.1108216 0.1327428 0.0978775 0.2375786 0.1533558 0.1422059 0.1313437 0.1136467 0.2802984 0.1200963 0.2484984 0.1214326 0.1500202 0.1397695 0.1742535 0.0933988 0.1438376 0.2762646 0.0694692 0.0855542 0.1633086 0.1577832 0.1199706 0.1027563 0.1443104 0.1586090 0.1634294 0.1403032 0.1232870 0.0858171 0.1558443 0.1438104 0.0787294 0.0723932 0.0760828 0.1303326 0.0723214 0.1100884 0.1380921 0.1259286 0.1720046 0.0701025 0.1279935 0.1434730 0.1447177 0.0735718 0.0574062 
S0616         0.6420231 0.3853247 0.5634015 0.2091851 0.2340329 0.2059233 0.3819663 0.1787823 0.2346444 0.1938290 0.2037132 0.2123262 0.1853454 0.2008613 0.2230272 0.0944729 0.2111374 0.1020007 0.2392901 0.1788329 0.1824229 0.1936673 0.2018092 0.2344292 0.1827528 0.2200750 0.1850499 0.1781859 0.2409858 0.0882166 0.2491412 0.1824495 0.0000000 0.0973119 0.2340967 0.2003341 0.2023008 0.2259767 0.2267719 0.2069732 0.1764333 0.1610374 0.0788557 0.2866958 0.1891595 0.1176767 0.1888292 0.1869016 0.1856821 0.2111848 0.1830913 0.1827449 0.2433166 0.1879440 0.2351013 0.0846485 0.2094567 0.2218369 0.1128197 0.2278007 0.2418468 0.2427987 0.3061891 0.2469292 0.0837924 0.2271024 0.2301911 0.2988894 0.1809848 0.2969560 0.2186561 0.2434788 0.2418178 0.1067400 0.2020563 0.2444246 0.3294385 0.1926828 0.1847274 0.2674625 0.2394106 0.2107265 0.1989520 0.1042139 0.2218726 0.2100313 0.0599334 0.0900619 0.2070401 0.0706943 0.1872631 0.2051452 0.1885875 0.1933969 0.2386650 0.1866266 0.2113101 0.2302419 0.2092878 0.2445975 0.1792154 0.1883060 0.2251186 0.2256928 0.2007174 0.1731379 
S0620         0.6108664 1.0593197 0.4834089 0.1599933 0.0000010 0.1519456 0.2212399 0.1144009 0.1821211 0.1345209 0.1517185 0.1618386 0.1366391 0.1183956 0.1817777 0.0213723 0.1921182 0.0204847 0.1925964 0.1164459 0.1204322 0.1211214 0.1285994 0.1706051 0.1376515 0.1693773 0.1501593 0.1357407 0.1976401 0.0103068 0.1845493 0.1278594 0.0973119 0.0000000 0.1803116 0.1181021 0.1604013 0.1664062 0.1837077 0.1930046 0.1205688 0.1422567 0.0107174 0.2375001 0.1222185 0.0312225 0.1511430 0.1211214 0.1429446 0.1217146 0.1511320 0.1520552 0.1718492 0.1306412 0.1660917 0.0823746 0.1845954 0.1496899 0.0580767 0.1682027 0.1754549 0.1728683 0.2537400 0.1793652 0.0617184 0.1999379 0.1689890 0.2677275 0.1429446 0.2462298 0.1689379 0.1965512 0.1757953 0.1050336 0.1148463 0.1643678 0.3020479 0.1285994 0.1444985 0.1741861 0.1744226 0.1776681 0.1776932 0.0304105 0.1670150 0.1744908 0.0958106 0.0106193 0.1453679 0.0772375 0.1520593 0.1362853 0.1211214 0.1286194 0.1822959 0.1296159 0.1487137 0.1623810 0.1353617 0.2019777 0.1259622 0.1594806 0.1757760 0.2290320 0.1315647 0.1221899 
S0624         0.5699824 0.3976425 0.5375262 0.1239128 0.0798766 0.1524983 0.2552200 0.1222622 0.0419437 0.1434887 0.0504586 0.1014149 0.1778608 0.1750847 0.0379026 0.2232347 0.0497790 0.2329387 0.0621995 0.1281125 0.1219062 0.1438123 0.1477321 0.0384932 0.1404502 0.0412992 0.1461501 0.1277993 0.0548351 0.1867017 0.1079423 0.1588576 0.2340967 0.1803116 0.0000000 0.1465697 0.2494125 0.0530593 0.0791977 0.1116026 0.1316560 0.1577394 0.2080619 0.1952946 0.1351439 0.2193175 0.1398279 0.1315640 0.1466451 0.1618321 0.1476349 0.1436267 0.1432762 0.1716325 0.0784346 0.2406534 0.0772836 0.1006180 0.1761311 0.1260910 0.1088492 0.2173332 0.1922518 0.1529040 0.2261515 0.1255493 0.1020375 0.2191459 0.1422383 0.2093112 0.0878401 0.1311284 0.1493006 0.2167726 0.1596841 0.1397210 0.2312420 0.1287226 0.1518857 0.1104220 0.0523638 0.0809065 0.0680889 0.1951471 0.0748371 0.0496886 0.2259360 0.1904426 0.1578756 0.2403296 0.1335596 0.1527187 0.1284203 0.1469228 0.1295190 0.1459013 0.0472387 0.1262241 0.1011841 0.0630566 0.1336768 0.1417545 0.0362512 0.1230115 0.1467083 0.1240967 
S0641         0.5854361 0.3052483 0.5208656 0.1180651 0.1225250 0.0894446 0.2040982 0.0547355 0.1451063 0.0635051 0.1150616 0.1264236 0.0620880 0.0831500 0.1420054 0.1429640 0.1302462 0.1527478 0.1612081 0.1066940 0.0731018 0.0672865 0.0637204 0.1469544 0.0701370 0.1321663 0.1309204 0.1001902 0.1355254 0.1371484 0.1332447 0.0798557 0.2003341 0.1181021 0.1465697 0.0000000 0.0988607 0.1332368 0.1560756 0.1440035 0.0578610 0.1336050 0.1348690 0.2252280 0.0638595 0.1553169 0.1399757 0.0544390 0.1313340 0.0672684 0.1321663 0.1284769 0.1412524 0.1393317 0.1418103 0.1892202 0.1062637 0.1048054 0.1239755 0.1117744 0.1343823 0.1227035 0.2275632 0.1437010 0.1484001 0.1289031 0.1041612 0.2551369 0.1273117 0.2283836 0.1162483 0.1519173 0.1040024 0.1889732 0.0578549 0.1242575 0.2654812 0.0578083 0.0512117 0.1429562 0.1526592 0.1173263 0.1035762 0.1258670 0.1540516 0.1621706 0.1733514 0.1405774 0.0736710 0.1782246 0.1261654 0.0668467 0.0606863 0.0799587 0.1236040 0.0698683 0.0933767 0.1386955 0.1112389 0.1552551 0.0403313 0.1354086 0.1308428 0.1418999 0.0648842 0.0312287 
S0643         0.7100373 3.9356965 0.7053985 0.1693295 0.0000010 0.0740657 0.2760253 0.0681064 0.2412737 0.0522917 0.1789316 0.1650483 0.0422628 0.1107396 0.2207583 0.1473444 0.1968324 0.2030850 0.2026543 0.1666310 0.0968319 0.0421970 0.0421988 0.1961668 0.0855610 0.2063717 0.1749437 0.1107485 0.1715665 0.1584927 0.1794241 0.0910973 0.2023008 0.1604013 0.2494125 0.0988607 0.0000000 0.2166654 0.2183398 0.1797315 0.0919491 0.1916381 0.1388374 0.2995524 0.0789126 0.2062218 0.1714744 0.0371106 0.1749437 0.0526594 0.1760440 0.1842193 0.1972067 0.2017237 0.2197577 0.2063588 0.1544798 0.1504351 0.1473514 0.1364484 0.1724625 0.0896722 0.2983137 0.2066028 0.1627507 0.1736441 0.1637966 0.3192122 0.1749437 0.2997099 0.1602129 0.1932781 0.1773579 0.2174693 0.1112032 0.1768633 0.3330838 0.0423777 0.0910746 0.2078989 0.2339071 0.1673656 0.1682449 0.1633042 0.2367457 0.2193700 0.1917198 0.1533650 0.0476610 0.1857073 0.1891449 0.0580311 0.0424972 0.0795588 0.1652311 0.1033912 0.1380700 0.1313184 0.1548557 0.2692656 0.0920048 0.1915334 0.2084772 0.1990116 0.0480597 0.0737112 
