103
HYZL          0.0000000 0.0713994 0.2717534 0.3012107 0.3200399 0.3220338 0.2126213 0.4673351 0.2037097 0.3260575 0.3491129 0.2019357 0.3358507 0.3572924 0.4629049 0.4126899 0.0000010 0.2718088 0.4538749 0.3186037 0.2655632 0.2442348 0.3260575 0.3247708 0.3208950 0.3713535 0.3169130 0.2322799 0.3573438 2.3677464 0.3362930 0.2887270 0.2795319 0.3883913 0.3109267 0.3090172 0.4200522 0.3262876 0.4596967 0.3237300 0.2624331 0.4538749 0.4173559 0.3362930 0.4824430 0.3580126 0.2504014 0.3109267 0.2870274 0.3717495 0.2652970 0.3726043 0.3802834 0.0000010 0.3370975 0.3609224 0.4057641 0.0000010 0.3191931 0.3126647 0.3182737 0.2683220 0.3141974 0.4173559 0.2128316 0.3878292 0.3035983 0.3058996 0.4173559 0.2377996 0.2981554 0.2922456 0.4179863 0.2591862 0.2386897 0.4173559 0.3253462 0.2811706 0.3285339 0.3931551 0.3507001 0.3393380 0.3137299 0.5080406 0.3549904 0.4419644 0.3802834 0.2424320 0.2184412 0.3260575 0.3576523 0.2331356 0.2148697 0.2886501 0.3094934 0.2738296 0.2488820 0.3513094 0.4027995 0.2377996 0.0000010 0.4662448 0.3348297 
MYZV          0.0713994 0.0000000 0.2699528 0.3373379 0.3737497 0.2924371 0.3386569 0.3681159 0.2573470 0.3017330 0.3102249 0.2601558 0.3094356 0.3367156 0.3560790 0.3424729 0.1684624 0.2913481 0.3666202 0.2938946 0.3120210 0.2460111 0.3017330 0.3051212 0.3146081 0.3170282 0.2972003 0.3055713 0.2668134 0.2644217 0.3518392 0.3140178 0.3208477 0.3622001 0.2939040 0.3826038 0.3309864 0.3172033 0.3777525 0.3219698 0.3163561 0.3879588 0.2966049 0.3003096 0.3798825 0.2893757 0.3179447 0.2967033 0.3395667 0.3705733 0.3246177 0.2926111 0.3545767 0.2225139 0.3230222 0.3660967 0.5690677 0.2292233 0.3442491 0.3583707 0.3618154 0.3088267 0.3607370 0.3220656 0.2741708 0.3592356 0.3342000 0.3261106 0.3220656 0.3094054 0.3187379 0.3133740 0.3592356 0.2426653 0.2777930 0.3602768 0.3034879 0.2809146 0.2888041 0.3641335 0.3278319 0.3083851 0.4726589 0.3809853 0.3346954 0.3568225 0.3963433 0.2818322 0.2665885 0.3017330 0.3311381 0.2735031 0.2663615 0.2680545 0.3231760 0.3176683 0.3058651 0.3382571 0.3412664 0.3094054 0.1875266 0.3686427 0.2909905 
SRR6441723    0.2717534 0.2699528 0.0000000 0.0752459 0.2103104 0.0650567 0.0551088 0.0917411 0.0442189 0.0413059 0.0801244 0.0406571 0.0498830 0.0649109 0.0848485 0.0659484 0.0594749 0.0655338 0.0757748 0.0646696 0.0332298 0.0414008 0.0413059 0.0483296 0.1086640 0.0482360 0.0721955 0.0627675 0.0483480 0.0972676 0.0561620 0.0750787 0.0964571 0.0843754 0.0560500 0.0505097 0.0881678 0.0803704 0.0898267 0.0746922 0.0821380 0.0851198 0.0931536 0.0646637 0.0836917 0.0498801 0.0711300 0.0417822 0.0578635 0.0634715 0.0732354 0.0702330 0.0677830 0.0568063 0.0648729 0.0712672 0.1174913 0.0423892 0.0555926 0.0649813 0.0653824 0.0698147 0.0905374 0.1215120 0.0500818 0.0536324 0.0409520 0.0411330 0.1215120 0.0478250 0.0337251 0.0484302 0.0618752 0.0494471 0.0466256 0.1442009 0.0411194 0.0654527 0.0651126 0.0818140 0.0569841 0.0814281 0.1095609 0.0899768 0.0533729 0.0743854 0.0756377 0.0481145 0.0397747 0.0340678 0.0564262 0.0588244 0.0415749 0.0514173 0.0830144 0.0637233 0.0733803 0.1200029 0.0575834 0.0478250 0.0442657 0.0925285 0.0423273 
ERR2789774    0.3012107 0.3373379 0.0752459 0.0000000 0.2479362 0.1119397 0.0720236 0.1440368 0.0912018 0.1049593 0.1399435 0.1213581 0.0947803 0.1018546 0.1282217 0.1296410 0.1124833 0.1109362 0.1218063 0.1023473 0.1103643 0.0917296 0.1049593 0.1134532 0.1597090 0.1085319 0.1190047 0.1013502 0.1321579 0.1304700 0.1314070 0.1237233 0.1578881 0.1386891 0.1158565 0.1233639 0.1494205 0.1476561 0.1525767 0.1088542 0.1524999 0.1327307 0.1581871 0.1180799 0.1304221 0.1173416 0.1396324 0.0880831 0.1212094 0.1550161 0.1541494 0.1406321 0.1334758 0.0858201 0.1129077 0.1648922 0.1491074 0.0930099 0.1123480 0.1435612 0.1446037 0.1097810 0.1541571 0.1782949 0.0945213 0.1075484 0.1237662 0.1139814 0.1782949 0.1197745 0.1227963 0.0648664 0.1168538 0.1039177 0.1366958 0.1760291 0.1046173 0.1418360 0.1231536 0.1432825 0.1263130 0.1313081 0.1732216 0.1276839 0.1082390 0.1484343 0.1423698 0.1170353 0.1281525 0.0947803 0.1062014 0.1108111 0.1131081 0.0983682 0.1105796 0.1196648 0.1211110 0.1322880 0.1028976 0.1197745 0.0742583 0.1192466 0.0966067 
PAFTOL_019361 0.3200399 0.3737497 0.2103104 0.2479362 0.0000000 0.2250282 0.3275830 0.1722765 0.1861997 0.2425105 0.1863957 0.2260220 0.2526848 0.2052902 0.1789471 0.2448381 0.1337061 0.1825581 0.2624501 0.1969813 0.2451008 0.2416904 0.2425105 0.2450715 0.2397351 0.2171506 0.1460915 0.2486733 0.2865713 0.2138276 0.2165290 0.2326450 0.2992436 0.1970475 0.2339999 0.3892146 0.1772945 0.2820622 0.2465767 0.2552537 0.2900829 0.2780907 0.2369894 0.2612395 0.2729708 0.2227890 0.2663833 0.2147593 0.2760751 0.2650454 0.2856424 0.2396963 0.2663386 0.1115000 0.2357663 0.2887531 0.3164451 0.1475884 0.2390519 0.2274845 0.2292717 0.2771401 0.3063676 0.2673977 0.2495139 0.2437651 0.2504001 0.2314003 0.2673977 0.2516200 0.2498079 0.2368033 0.2556924 0.2367264 0.2215023 0.2866977 0.2421358 0.2998558 0.1691319 0.2400983 0.2688342 0.1585623 0.4293476 0.2394371 0.2127325 0.2463890 0.2769911 0.1980807 0.2322409 0.2287279 0.2666158 0.2124282 0.2115434 0.2407676 0.2270373 0.2502125 0.2793121 0.2166475 0.2722826 0.2516200 0.1188706 0.2701347 0.2393182 
S0055         0.3220338 0.2924371 0.0650567 0.1119397 0.2250282 0.0000000 0.0959389 0.0742741 0.1099063 0.0640815 0.0722790 0.0826899 0.0737315 0.0857726 0.0764777 0.0761184 0.0565937 0.0575799 0.0866259 0.0464503 0.0984441 0.0912802 0.0640815 0.0914657 0.1099153 0.0702951 0.0644906 0.1015605 0.1052683 0.1099773 0.1138082 0.0718179 0.1464758 0.0840495 0.0643630 0.0985319 0.0801701 0.0638895 0.0776164 0.0933045 0.1354739 0.0965403 0.1339399 0.0804014 0.0948727 0.0737553 0.1054639 0.0648261 0.1354136 0.1019510 0.1355644 0.0691602 0.0951801 0.0706872 0.0586029 0.0938180 0.0652051 0.0767090 0.1125458 0.1253687 0.1262635 0.0640818 0.1280410 0.1518870 0.0816074 0.0712421 0.0923286 0.0763305 0.1518870 0.1027799 0.0836677 0.1087162 0.0809013 0.0409671 0.0972641 0.1766492 0.0723515 0.1097068 0.0574475 0.0700992 0.0560921 0.0647122 0.2271471 0.1111004 0.0626935 0.1000506 0.0963869 0.0797819 0.0894237 0.0557270 0.0802466 0.0848152 0.0778023 0.0430320 0.0626733 0.1192262 0.1358148 0.0844725 0.0910999 0.1027799 0.0587225 0.0798862 0.0656995 
S0196sl       0.2126213 0.3386569 0.0551088 0.0720236 0.3275830 0.0959389 0.0000000 0.1570004 0.0459984 0.0904009 0.1326069 0.0413843 0.1115623 0.1047410 0.1297648 0.1113088 0.0000010 0.0973583 0.1326255 0.0615209 0.0862218 0.0686039 0.0904009 0.0895280 0.1129507 0.0748662 0.1124488 0.0124451 0.1428722 2.2449054 0.0728700 0.1076339 0.1049571 0.0842956 0.1107964 0.0854942 0.1326701 0.0966598 0.1376105 0.0558969 0.0259804 0.1326255 0.2035340 0.0580683 0.1503822 0.1088908 0.0268028 0.1107964 0.0586058 0.1123882 0.0261625 0.1295305 0.1265084 0.0000010 0.0973989 0.1098500 0.1050706 0.0000010 0.0552686 0.0577440 0.0584581 0.0954392 0.0567285 0.2035340 0.0869619 0.0937155 0.0739378 0.0754332 0.2035340 0.0127205 0.0728624 0.0696830 0.1113699 0.0762036 0.0695682 0.2035340 0.0897861 0.0946667 0.0959362 0.0985799 0.0792851 0.1310424 0.1251535 0.1580107 0.0652411 0.1762970 0.0922960 0.1015550 0.0551088 0.0904009 0.1087855 0.0732768 0.0277759 0.0614688 0.0967887 0.0890874 0.0735622 0.1327082 0.1318815 0.0127205 0.0000010 0.1407077 0.0925783 
S0278         0.4673351 0.3681159 0.0917411 0.1440368 0.1722765 0.0742741 0.1570004 0.0000000 0.1110166 0.1097568 0.0567636 0.0924880 0.1219030 0.1234642 0.0434826 0.1238358 0.0580711 0.0504397 0.1152524 0.0644804 0.1188457 0.1220022 0.1097568 0.1317973 0.0926094 0.0881902 0.0492201 0.1123203 0.1362059 0.0961531 0.1253391 0.0996783 0.1706594 0.0433671 0.1102411 0.1782419 0.0341846 0.1029576 0.0991538 0.1135733 0.1384445 0.1261698 0.1465128 0.0994189 0.1239425 0.1024224 0.1349448 0.1110879 0.1224538 0.1232539 0.1372727 0.1077695 0.1244239 0.0408228 0.0871907 0.1326210 0.0830925 0.0788438 0.1239186 0.1375387 0.1385524 0.1233643 0.1405494 0.1650901 0.1203660 0.0902935 0.1128011 0.0959159 0.1650901 0.1136861 0.1035180 0.1196421 0.1013671 0.0989051 0.1173981 0.1911981 0.1003485 0.1524347 0.0422440 0.0909529 0.0938728 0.0201926 0.2817573 0.1335973 0.0895893 0.1314506 0.1247353 0.1153209 0.1091290 0.0997130 0.1284715 0.1037719 0.0772720 0.0871447 0.0828027 0.1414491 0.1484856 0.0840466 0.1214753 0.1136861 0.0282366 0.1021256 0.1024921 
S0281         0.2037097 0.2573470 0.0442189 0.0912018 0.1861997 0.1099063 0.0459984 0.1110166 0.0000000 0.0704117 0.1077660 0.0364515 0.0713972 0.0808401 0.0945334 0.0799637 0.0966034 0.0711249 0.0911062 0.0724598 0.0690861 0.0710937 0.0704117 0.0896047 0.1271847 0.0698808 0.0881139 0.0442467 0.0962914 0.0961573 0.0525849 0.1126777 0.1257021 0.1132005 0.0717397 0.0798931 0.1171640 0.1289740 0.0707942 0.1018900 0.0288533 0.1016703 0.1436609 0.0884751 0.0998223 0.0807876 0.0605992 0.0634670 0.0462751 0.0627309 0.0210091 0.1065274 0.0725283 0.0271361 0.1095728 0.1086251 0.1684934 0.0743280 0.0448311 0.0532473 0.0535922 0.1175435 0.0606537 0.1785138 0.1122450 0.0645077 0.0618493 0.0716148 0.1785138 0.0362405 0.0702893 0.0524879 0.0653549 0.0908674 0.0434755 0.1912985 0.0704117 0.1102458 0.0900152 0.0724092 0.1004225 0.1096608 0.1303994 0.0963738 0.0931251 0.1005874 0.0894232 0.0792343 0.0360289 0.0618856 0.0884218 0.0650098 0.0294430 0.0942259 0.0822935 0.0448391 0.0453693 0.1196262 0.0907599 0.0362405 0.0435416 0.1009522 0.0708847 
S0282         0.3260575 0.3017330 0.0413059 0.1049593 0.2425105 0.0640815 0.0904009 0.1097568 0.0704117 0.0000000 0.0980385 0.0497166 0.0131164 0.0644792 0.1040569 0.0846916 0.0783168 0.0657644 0.0956102 0.0642407 0.0642414 0.0823113 0.0000010 0.0198389 0.1286516 0.0564557 0.0897228 0.0744436 0.0709015 0.1243025 0.0836281 0.0731012 0.1367954 0.0949927 0.0125819 0.0120364 0.1064918 0.0973907 0.0902032 0.0951608 0.1029709 0.1058522 0.1256244 0.0735952 0.1040076 0.0063775 0.1000307 0.0126646 0.1031158 0.0739200 0.1031310 0.0863904 0.1043673 0.0596518 0.0826672 0.0906124 0.1340892 0.0774563 0.0667974 0.0938572 0.0944880 0.0687261 0.1324172 0.1566495 0.0754145 0.0717615 0.0427410 0.0581902 0.1566495 0.0739313 0.0501002 0.0750513 0.0815233 0.0563135 0.0557821 0.1823332 0.0062734 0.0764045 0.0824923 0.0821451 0.0730201 0.0986955 0.1687074 0.1120616 0.0713185 0.0266868 0.1056628 0.0723507 0.0485924 0.0000024 0.0126605 0.0774506 0.0675978 0.0430294 0.0825302 0.0586021 0.1033318 0.1394834 0.0197776 0.0739313 0.0636524 0.1018288 0.0000021 
S0289         0.3491129 0.3102249 0.0801244 0.1399435 0.1863957 0.0722790 0.1326069 0.0567636 0.1077660 0.0980385 0.0000000 0.0899206 0.1003233 0.1201504 0.0431007 0.1203232 0.0723685 0.0272114 0.1327359 0.0627868 0.1057522 0.1085011 0.0980385 0.1187855 0.0491276 0.0547328 0.0196191 0.0993595 0.1223182 0.0598961 0.1113752 0.0969712 0.1775254 0.0503858 0.0984653 0.1542874 0.0481200 0.0905261 0.0805431 0.1201707 0.1339073 0.1441340 0.1129141 0.0718501 0.1415886 0.1094748 0.1205012 0.0991996 0.1326638 0.1095271 0.1328003 0.0954442 0.1421811 0.0264215 0.0667305 0.0994354 0.0293079 0.0751132 0.1101525 0.1227460 0.1236121 0.1198711 0.1253361 0.1389549 0.1170152 0.1075964 0.0997377 0.0836464 0.1389549 0.1005408 0.0909739 0.0995856 0.1192507 0.0804179 0.1044931 0.1626181 0.0891095 0.1300507 0.0064324 0.0727605 0.0819499 0.0480727 0.2767045 0.1525609 0.0969453 0.1184824 0.1425210 0.1122214 0.0966014 0.0891653 0.1158602 0.1032800 0.0759352 0.0766634 0.0805655 0.1269187 0.1330454 0.0488356 0.1090400 0.1005408 0.0136966 0.0829614 0.1006065 
S0292         0.2019357 0.2601558 0.0406571 0.1213581 0.2260220 0.0826899 0.0413843 0.0924880 0.0364515 0.0497166 0.0899206 0.0000000 0.0592993 0.0918854 0.0954059 0.0947443 0.0939927 0.0659374 0.0960013 0.0500103 0.0402168 0.0658895 0.0497166 0.0570013 0.1199479 0.0577379 0.0816916 0.0410577 0.0803688 0.0783812 0.0505354 0.0755904 0.1274619 0.0947975 0.0499397 0.0521073 0.0982790 0.0989120 0.0744553 0.0861917 0.0670999 0.1062534 0.1231309 0.0753335 0.1044023 0.0588674 0.0567633 0.0655461 0.0585460 0.0492249 0.0584643 0.0876837 0.0936106 0.0272841 0.0829117 0.0721066 0.1447720 0.0744644 0.0572712 0.0594498 0.0598260 0.1064512 0.0826658 0.1441915 0.0741420 0.0725499 0.0271997 0.0415871 0.1441915 0.0340402 0.0340890 0.0806513 0.0813495 0.0735696 0.0063329 0.1688778 0.0494997 0.0662340 0.0744487 0.0665553 0.0741174 0.0913977 0.1331552 0.1124832 0.0807260 0.0845472 0.0850528 0.0634140 0.0000021 0.0421717 0.0655195 0.0352638 0.0135292 0.0520283 0.0676212 0.0202516 0.0433104 0.1318359 0.0668927 0.0340402 0.0437296 0.0933995 0.0503783 
S0293         0.3358507 0.3094356 0.0498830 0.0947803 0.2526848 0.0737315 0.1115623 0.1219030 0.0713972 0.0131164 0.1003233 0.0592993 0.0000000 0.0747629 0.1067652 0.0958218 0.0795431 0.0486354 0.1074725 0.0744602 0.0739015 0.0732046 0.0131164 0.0351789 0.1317031 0.0662663 0.0817415 0.0854879 0.0807242 0.0796220 0.0952747 0.0839328 0.1508075 0.1067657 0.0267327 0.0403211 0.1182143 0.1086502 0.1020360 0.0964571 0.1043677 0.1183265 0.1391179 0.0845112 0.1162084 0.0203567 0.1124513 0.0196081 0.1159708 0.0848827 0.1160352 0.0968875 0.1166496 0.0273470 0.0734854 0.1017093 0.1602327 0.0420224 0.0775091 0.1062209 0.1069662 0.0792363 0.1460516 0.1716627 0.0860106 0.0722133 0.0520678 0.0585213 0.1716627 0.0848833 0.0593215 0.0754961 0.0820504 0.0655918 0.0654248 0.1694460 0.0200017 0.0871281 0.0831083 0.0935827 0.0832070 0.1101476 0.1966439 0.1128279 0.0822795 0.0426044 0.1180813 0.0824233 0.0579082 0.0131814 0.0269088 0.0890401 0.0784714 0.0432685 0.0739007 0.0505307 0.1047325 0.1189460 0.0350605 0.0848833 0.0286676 0.1024661 0.0065193 
S0294         0.3572924 0.3367156 0.0649109 0.1018546 0.2052902 0.0857726 0.1047410 0.1234642 0.0808401 0.0644792 0.1201504 0.0918854 0.0747629 0.0000000 0.1169871 0.1071312 0.0695610 0.1145845 0.1158151 0.0786779 0.1079960 0.0817858 0.0644792 0.0851812 0.1521723 0.0543639 0.0937949 0.0917834 0.1149026 0.1574008 0.1077844 0.0896726 0.1498885 0.1181097 0.0802480 0.0814919 0.1287962 0.1230276 0.1043779 0.1011661 0.1430560 0.1262205 0.1314931 0.0877746 0.1240961 0.0742518 0.1387265 0.0652343 0.1245934 0.1159311 0.1431234 0.1207565 0.1075041 0.0740397 0.1180320 0.1247661 0.1498215 0.0903101 0.0902182 0.1187439 0.1195573 0.0649351 0.1620582 0.1492543 0.0907044 0.0927018 0.0819863 0.1066111 0.1492543 0.1097717 0.0974304 0.0988956 0.1026465 0.0784915 0.1066929 0.1736971 0.0728261 0.1235782 0.1045732 0.1059921 0.0951675 0.1121500 0.2164785 0.1222823 0.0920430 0.0826033 0.1259582 0.1047948 0.0986611 0.0560503 0.0807961 0.0940316 0.0941825 0.0825781 0.0976890 0.1120588 0.1433827 0.1534639 0.0917724 0.1097717 0.0949509 0.1350713 0.0661207 
S0299         0.4629049 0.3560790 0.0848485 0.1282217 0.1789471 0.0764777 0.1297648 0.0434826 0.0945334 0.1040569 0.0431007 0.0954059 0.1067652 0.1169871 0.0000000 0.1074918 0.0699136 0.0286063 0.1183552 0.0662954 0.1122831 0.0961009 0.1040569 0.1264855 0.0686009 0.0746234 0.0282983 0.1055425 0.1198469 0.0960491 0.1068715 0.1028754 0.1755262 0.0367497 0.1045336 0.1729334 0.0350420 0.0866097 0.0675291 0.0986042 0.1325502 0.1297518 0.1312145 0.0855814 0.1273799 0.0964838 0.1284161 0.0968043 0.1416519 0.0953309 0.1307135 0.1011483 0.1278607 0.0263036 0.0710386 0.1142361 0.0494463 0.0566187 0.1056500 0.1185788 0.1194487 0.1156752 0.1228474 0.1597060 0.1245166 0.0837451 0.0949467 0.0701453 0.1597060 0.1068681 0.0859299 0.0876547 0.0949451 0.0851610 0.1108727 0.1750427 0.0944789 0.1162438 0.0284568 0.0677971 0.0766972 0.0349988 0.2944213 0.1279511 0.0912196 0.1261421 0.1281883 0.1191112 0.1024524 0.0945396 0.1231851 0.1099584 0.0794588 0.0729200 0.0766406 0.1252612 0.1217407 0.0689491 0.1159539 0.1068681 0.0136242 0.0616525 0.0982605 
S0303         0.4126899 0.3424729 0.0659484 0.1296410 0.2448381 0.0761184 0.1113088 0.1238358 0.0799637 0.0846916 0.1203232 0.0947443 0.0958218 0.1071312 0.1074918 0.0000000 0.0570641 0.0949817 0.0271284 0.0929207 0.1097598 0.0778299 0.0846916 0.1026302 0.1502627 0.0913170 0.1113664 0.1187290 0.1207866 0.1332030 0.0736275 0.1208206 0.1254149 0.1271149 0.0859283 0.0888610 0.1294643 0.1140382 0.1114091 0.0924582 0.1155859 0.0346040 0.1585686 0.0907698 0.0340708 0.0958880 0.1116483 0.0946010 0.1331305 0.0939444 0.1124152 0.1209650 0.0352706 0.0874643 0.1173694 0.1051720 0.1827209 0.0772956 0.1014050 0.0927759 0.0933896 0.1163959 0.1324356 0.1775730 0.1111106 0.0214769 0.0944749 0.0868913 0.1775730 0.1009146 0.0856029 0.1068178 0.0214769 0.0847113 0.1005177 0.2047139 0.0852409 0.1122687 0.1038415 0.1028359 0.0972571 0.1118632 0.1776708 0.0439903 0.0210105 0.1251178 0.0424965 0.0900590 0.0924140 0.0752778 0.1025891 0.1239758 0.0771010 0.0894369 0.1140472 0.1233835 0.1249987 0.1152338 0.1058344 0.1009146 0.0757468 0.1147846 0.0869723 
S0308         0.0000010 0.1684624 0.0594749 0.1124833 0.1337061 0.0565937 0.0000010 0.0580711 0.0966034 0.0783168 0.0723685 0.0939927 0.0795431 0.0695610 0.0699136 0.0570641 0.0000000 0.0921226 0.0400501 0.0876399 0.1144401 0.0795332 0.0783168 0.0956308 0.1240699 0.0707860 0.0734271 0.1331105 0.0749451 0.1252508 0.0729140 0.0925732 0.0771019 0.1272880 0.0783168 0.0000010 0.0883995 0.0780511 0.0887529 0.0911245 0.1884158 0.0556161 0.0290758 0.1054811 0.0400501 0.0469057 0.1705540 0.0795431 0.1331105 0.0729140 0.1612865 0.0438375 0.0569350 0.1084090 0.0620825 0.0735597 0.0000010 0.0749451 0.0565620 0.0729827 0.0729827 0.0737469 0.1365333 0.0595274 0.0776995 0.0142941 0.0729140 0.0586952 0.0595274 0.1331105 0.0578469 0.0909489 0.0142941 0.0714004 0.0927561 0.0981285 0.0783168 0.0534708 0.0427355 0.0910366 0.0275423 0.0580159 0.0000010 0.0000022 0.0258741 0.0783168 0.0419537 0.0913782 0.0927561 0.0598581 0.0956308 0.0952759 0.0927561 0.0612443 0.0921226 0.1148154 0.1163225 0.1103312 0.0783168 0.1331105 0.0967409 0.0919396 0.0795431 
S0320         0.2718088 0.2913481 0.0655338 0.1109362 0.1825581 0.0575799 0.0973583 0.0504397 0.0711249 0.0657644 0.0272114 0.0659374 0.0486354 0.1145845 0.0286063 0.0949817 0.0921226 0.0000000 0.1165233 0.0485750 0.0731941 0.0818885 0.0657644 0.0844924 0.0592948 0.0645306 0.0130810 0.0933376 0.0890070 0.0429312 0.0956453 0.0734190 0.1606875 0.0438631 0.0660601 0.0871987 0.0418499 0.0752049 0.0574339 0.0934896 0.1050964 0.1276450 0.1274519 0.0746518 0.1253571 0.0757657 0.1046916 0.0574129 0.1164872 0.0671135 0.1065057 0.0805015 0.1155710 0.0125238 0.0505142 0.0841981 0.0304213 0.0568063 0.0945811 0.1066685 0.1074221 0.1037598 0.1090052 0.1549598 0.0922283 0.0710988 0.0668365 0.0427928 0.1549598 0.0851867 0.0586855 0.0744685 0.0813172 0.0575893 0.0723086 0.1530051 0.0575275 0.0947271 0.0204383 0.0499240 0.0668053 0.0418040 0.2071959 0.1223310 0.0809376 0.0842843 0.1158687 0.0797575 0.0647674 0.0575729 0.0824109 0.0783078 0.0690529 0.0438958 0.0482126 0.0726908 0.1051659 0.0415218 0.0755774 0.0851867 0.0000028 0.0502879 0.0581858 
S0322         0.4538749 0.3666202 0.0757748 0.1218063 0.2624501 0.0866259 0.1326255 0.1152524 0.0911062 0.0956102 0.1327359 0.0960013 0.1074725 0.1158151 0.1183552 0.0271284 0.0400501 0.1165233 0.0000000 0.1041182 0.1215885 0.0985199 0.0956102 0.1143472 0.1640664 0.1023288 0.1234262 0.1309309 0.1332296 0.1367957 0.0727525 0.1333573 0.1239276 0.1403939 0.0970108 0.1080487 0.1422573 0.1373716 0.1452954 0.1126616 0.1388788 0.0063965 0.1733483 0.1016935 0.0063056 0.1075665 0.1237226 0.1060623 0.1462887 0.1122752 0.1464969 0.1334203 0.0348259 0.0896029 0.1302098 0.1039068 0.1848182 0.0578814 0.1002143 0.0916765 0.0922768 0.1149856 0.1690959 0.1929822 0.1231882 0.0211908 0.0933378 0.0858271 0.1929822 0.1123743 0.0845638 0.0993507 0.0211908 0.0956028 0.1119175 0.2215622 0.0962341 0.1109450 0.1157571 0.1359337 0.0960679 0.1240102 0.2037717 0.0135289 0.0066611 0.1381442 0.0419697 0.1008888 0.1035253 0.0856865 0.1143114 0.1153634 0.0877736 0.1010824 0.1264398 0.1361034 0.1169551 0.1502609 0.1179513 0.1123743 0.0776833 0.1497103 0.0881538 
S0327         0.3186037 0.2938946 0.0646696 0.1023473 0.1969813 0.0464503 0.0615209 0.0644804 0.0724598 0.0642407 0.0627868 0.0500103 0.0744602 0.0786779 0.0662954 0.0929207 0.0876399 0.0485750 0.1041182 0.0000000 0.0803358 0.0916790 0.0642407 0.0824532 0.0984669 0.0477152 0.0553194 0.0670006 0.0803106 0.1064623 0.0774652 0.0634956 0.1458523 0.0660162 0.0645237 0.0687507 0.0703509 0.0706873 0.0397003 0.0763674 0.0977516 0.1145576 0.1333353 0.0567085 0.1125672 0.0739533 0.0773911 0.0649894 0.0969550 0.0670991 0.0969500 0.0611863 0.1129741 0.0400149 0.0740917 0.0915639 0.0635976 0.1105537 0.0766214 0.0876565 0.0882511 0.0801890 0.1142855 0.1512643 0.0811569 0.0797206 0.0585167 0.0587833 0.1512643 0.0678110 0.0659369 0.0899114 0.0902379 0.0631359 0.0641043 0.1759940 0.0562117 0.0923936 0.0484759 0.0328631 0.0482256 0.0554955 0.1826575 0.1212248 0.0791940 0.1003551 0.1132612 0.0779256 0.0567325 0.0558568 0.0804652 0.0662409 0.0522072 0.0509297 0.0261347 0.0833517 0.0971443 0.0899970 0.0737796 0.0678110 0.0568394 0.0552965 0.0658680 
S0335         0.2655632 0.3120210 0.0332298 0.1103643 0.2451008 0.0984441 0.0862218 0.1188457 0.0690861 0.0642414 0.1057522 0.0402168 0.0739015 0.1079960 0.1122831 0.1097598 0.1144401 0.0731941 0.1215885 0.0803358 0.0000000 0.0811987 0.0642414 0.0716212 0.1369530 0.0886126 0.0973571 0.0868312 0.0716110 0.0793821 0.0801688 0.1011529 0.1457883 0.1114570 0.0798765 0.0495090 0.1142970 0.1150082 0.1066818 0.1006805 0.1084861 0.1325058 0.1310274 0.1078085 0.1302009 0.0739256 0.0959426 0.0649882 0.0741835 0.0708954 0.0988199 0.1031446 0.1028594 0.0733583 0.0988272 0.0787883 0.1578506 0.0933027 0.0793385 0.0725749 0.0730270 0.1058412 0.1175747 0.1511943 0.0657540 0.0890930 0.0480317 0.0482428 0.1511943 0.0709086 0.0406880 0.0718283 0.0980806 0.0732294 0.0535629 0.1758901 0.0639897 0.0905340 0.0901474 0.0984139 0.0896899 0.1074512 0.1467159 0.1401610 0.0980914 0.1002240 0.1112463 0.0552654 0.0466463 0.0565401 0.0804164 0.0665141 0.0647675 0.0590438 0.0997519 0.0711418 0.0990078 0.1491795 0.0730433 0.0709086 0.0610338 0.0998797 0.0658644 
S0376         0.2442348 0.2460111 0.0414008 0.0917296 0.2416904 0.0912802 0.0686039 0.1220022 0.0710937 0.0823113 0.1085011 0.0658895 0.0732046 0.0817858 0.0961009 0.0778299 0.0795332 0.0818885 0.0985199 0.0916790 0.0811987 0.0000000 0.0823113 0.0996837 0.1405838 0.0733948 0.0895532 0.0975799 0.0710920 0.1182796 0.0924217 0.1038634 0.1304983 0.1144771 0.0826769 0.0824683 0.1172582 0.0903819 0.1196060 0.0805040 0.1114147 0.1090109 0.1339349 0.0918604 0.1070819 0.0930972 0.1264156 0.0735289 0.1125583 0.1083924 0.1303404 0.0970360 0.0898860 0.0739136 0.0730155 0.1073322 0.1139960 0.0432209 0.0991998 0.1029659 0.1036657 0.0889254 0.1302330 0.1656325 0.0848448 0.0734604 0.0825174 0.0731851 0.1656325 0.0987244 0.0741619 0.0806185 0.0734604 0.0557549 0.0802235 0.1635525 0.0828328 0.1117495 0.0925416 0.1109429 0.0749217 0.1102748 0.1291896 0.1033853 0.0829839 0.1213534 0.1161397 0.0991806 0.0726244 0.0741029 0.0996425 0.0951887 0.0674783 0.0492080 0.0910035 0.0806275 0.1016834 0.1056217 0.1027208 0.0987244 0.0615599 0.1115946 0.0649474 
S0400         0.3260575 0.3017330 0.0413059 0.1049593 0.2425105 0.0640815 0.0904009 0.1097568 0.0704117 0.0000010 0.0980385 0.0497166 0.0131164 0.0644792 0.1040569 0.0846916 0.0783168 0.0657644 0.0956102 0.0642407 0.0642414 0.0823113 0.0000000 0.0198389 0.1286516 0.0564557 0.0897228 0.0744436 0.0709015 0.1243025 0.0836281 0.0731012 0.1367954 0.0949927 0.0125819 0.0120364 0.1064918 0.0973907 0.0902032 0.0951608 0.1029709 0.1058522 0.1256244 0.0735952 0.1040076 0.0063775 0.1000307 0.0126646 0.1031158 0.0739200 0.1031310 0.0863904 0.1043673 0.0596518 0.0826672 0.0906124 0.1340892 0.0774563 0.0667974 0.0938572 0.0944880 0.0687261 0.1324172 0.1566495 0.0754145 0.0717615 0.0427410 0.0581902 0.1566495 0.0739313 0.0501002 0.0750513 0.0815233 0.0563135 0.0557821 0.1823332 0.0062734 0.0764045 0.0824923 0.0821451 0.0730201 0.0986955 0.1687074 0.1120616 0.0713185 0.0266868 0.1056628 0.0723507 0.0485924 0.0000024 0.0126605 0.0774506 0.0675978 0.0430294 0.0825302 0.0586021 0.1033318 0.1394834 0.0197776 0.0739313 0.0636524 0.1018288 0.0000021 
S0405         0.3247708 0.3051212 0.0483296 0.1134532 0.2450715 0.0914657 0.0895280 0.1317973 0.0896047 0.0198389 0.1187855 0.0570013 0.0351789 0.0851812 0.1264855 0.1026302 0.0956308 0.0844924 0.1143472 0.0824532 0.0716212 0.0996837 0.0198389 0.0000000 0.1522023 0.0741282 0.1099385 0.0821924 0.0892541 0.1446658 0.0915901 0.0921919 0.1459423 0.1165835 0.0336688 0.0248833 0.1278096 0.1087670 0.1106640 0.1034857 0.1218458 0.1252103 0.1202763 0.0928222 0.1230053 0.0273626 0.1081798 0.0339015 0.1114852 0.0816236 0.1115304 0.0970109 0.1234798 0.0759121 0.0924552 0.0985470 0.1647337 0.0945344 0.0744838 0.1020860 0.1027785 0.0984277 0.1413841 0.1500230 0.0832663 0.0912624 0.0500152 0.0656791 0.1500230 0.0816277 0.0574362 0.0828571 0.1004872 0.0828820 0.0629648 0.1745373 0.0197364 0.0843303 0.1024892 0.1020959 0.0833396 0.1196377 0.1675498 0.1226850 0.0905799 0.0500415 0.1142502 0.0798802 0.0557084 0.0199388 0.0338909 0.0855037 0.0753789 0.0692825 0.1025088 0.0661211 0.0903492 0.1638075 0.0345781 0.0816277 0.0809595 0.1235482 0.0203169 
S0407sl       0.3208950 0.3146081 0.1086640 0.1597090 0.2397351 0.1099153 0.1129507 0.0926094 0.1271847 0.1286516 0.0491276 0.1199479 0.1317031 0.1521723 0.0686009 0.1502627 0.1240699 0.0592948 0.1640664 0.0984669 0.1369530 0.1405838 0.1286516 0.1522023 0.0000000 0.0882262 0.0497757 0.1169958 0.1548935 0.1129550 0.1299715 0.1273007 0.1996152 0.0862726 0.1400354 0.1638721 0.0663693 0.1134753 0.1195409 0.1500663 0.1539629 0.1765941 0.1695035 0.0873764 0.1734091 0.1419799 0.1394593 0.1411424 0.1524303 0.1535315 0.1526692 0.1356090 0.1742320 0.0707036 0.1145056 0.1634174 0.0471543 0.1288476 0.1285262 0.1420913 0.1431234 0.1537002 0.1451505 0.1986884 0.1499960 0.1381093 0.1310789 0.1243370 0.1986884 0.1183868 0.1213706 0.1172174 0.1510762 0.1191219 0.1352845 0.2272406 0.1187193 0.1649438 0.0506857 0.1108818 0.1215602 0.0821628 0.2513925 0.1870462 0.1261641 0.1517981 0.1746262 0.1435788 0.1267502 0.1187828 0.1483146 0.1357814 0.0921768 0.1170058 0.1194301 0.1608733 0.1529397 0.1017999 0.1412153 0.1183868 0.0432289 0.1231202 0.1321909 
S0412sl       0.3713535 0.3170282 0.0482360 0.1085319 0.2171506 0.0702951 0.0748662 0.0881902 0.0698808 0.0564557 0.0547328 0.0577379 0.0662663 0.0543639 0.0746234 0.0913170 0.0707860 0.0645306 0.1023288 0.0477152 0.0886126 0.0733948 0.0564557 0.0741282 0.0882262 0.0000000 0.0474541 0.0731040 0.0869722 0.0939802 0.0837129 0.0635205 0.1422460 0.0742650 0.0718590 0.0851559 0.0783377 0.0880180 0.0559525 0.0749969 0.1041698 0.1126094 0.0945519 0.0335549 0.1106728 0.0658015 0.1002004 0.0723778 0.1033074 0.0917191 0.1033233 0.0775467 0.1110642 0.0267920 0.0732459 0.1173352 0.0605671 0.0734192 0.0828115 0.0939957 0.0946309 0.0915877 0.1206955 0.1198885 0.0811970 0.0782409 0.0665276 0.0828166 0.1198885 0.0739727 0.0740545 0.0891782 0.0885743 0.0631603 0.0719775 0.1423376 0.0486192 0.0924456 0.0560678 0.0568443 0.0643189 0.0783007 0.1978399 0.1191004 0.0777374 0.0739540 0.1113452 0.0950940 0.0644788 0.0486592 0.0723469 0.0679403 0.0591202 0.0587612 0.0644187 0.0919355 0.1035255 0.1154066 0.0656737 0.0739727 0.0428701 0.0821454 0.0578774 
S0417         0.3169130 0.2972003 0.0721955 0.1190047 0.1460915 0.0644906 0.1124488 0.0492201 0.0881139 0.0897228 0.0196191 0.0816916 0.0817415 0.0937949 0.0282983 0.1113664 0.0734271 0.0130810 0.1234262 0.0553194 0.0973571 0.0895532 0.0897228 0.1099385 0.0497757 0.0474541 0.0000000 0.0909305 0.1137206 0.0428363 0.1025422 0.0887259 0.1674009 0.0427866 0.0901162 0.1366384 0.0408676 0.0822670 0.0638791 0.1103762 0.1235132 0.1345533 0.1039321 0.0727900 0.1321804 0.1007799 0.1115371 0.0901162 0.1233755 0.1008100 0.1234702 0.0873467 0.1327112 0.0126429 0.0662953 0.1096061 0.0455109 0.0574428 0.1014183 0.1136105 0.1144047 0.1109340 0.1159960 0.1296851 0.1082712 0.0976431 0.0912541 0.0748003 0.1296851 0.0920161 0.0826538 0.0904829 0.1088572 0.0724828 0.0961938 0.1400504 0.0809759 0.1209332 0.0131645 0.0648949 0.0738529 0.0408230 0.2487838 0.1412515 0.0880980 0.0910618 0.1330366 0.1038458 0.0883970 0.0810287 0.1072322 0.0945229 0.0677134 0.0678734 0.0634791 0.1069791 0.1227319 0.0485255 0.1004159 0.0920161 0.0000029 0.0742167 0.0913765 
S0419         0.2322799 0.3055713 0.0627675 0.1013502 0.2486733 0.1015605 0.0124451 0.1123203 0.0442467 0.0744436 0.0993595 0.0410577 0.0854879 0.0917834 0.1055425 0.1187290 0.1331105 0.0933376 0.1309309 0.0670006 0.0868312 0.0975799 0.0744436 0.0821924 0.1169958 0.0731040 0.0909305 0.0000000 0.1240439 0.1159023 0.0646968 0.1106511 0.1531586 0.0963353 0.0840339 0.0672634 0.1079297 0.1185941 0.0930945 0.0926575 0.0740372 0.1194827 0.1423087 0.0817511 0.1396617 0.0849142 0.0326130 0.0846683 0.0336082 0.0829806 0.0653467 0.1063155 0.1402348 0.0580916 0.1016562 0.1080294 0.1235844 0.1107621 0.0491124 0.0739387 0.0744072 0.1167807 0.0629519 0.1744734 0.1092445 0.1081978 0.0576366 0.0743384 0.1744734 0.0125341 0.0725373 0.0718291 0.1175723 0.1006536 0.0546631 0.2010822 0.0741626 0.1095127 0.0836153 0.0848039 0.0925583 0.1009890 0.1420853 0.1503547 0.1073022 0.1127891 0.1308704 0.1047455 0.0475969 0.0663307 0.0915437 0.0754055 0.0341349 0.0876832 0.0860680 0.0573862 0.0575171 0.1426935 0.0934876 0.0125341 0.0776272 0.1133785 0.0763950 
S0427         0.3573438 0.2668134 0.0483480 0.1321579 0.2865713 0.1052683 0.1428722 0.1362059 0.0962914 0.0709015 0.1223182 0.0803688 0.0807242 0.1149026 0.1198469 0.1207866 0.0749451 0.0890070 0.1332296 0.0803106 0.0716110 0.0710920 0.0709015 0.0892541 0.1548935 0.0869722 0.1137206 0.1240439 0.0000000 0.1419974 0.1172523 0.0992101 0.1690160 0.1289122 0.0865547 0.0798135 0.1310943 0.1128309 0.1046559 0.1079296 0.1397353 0.1446523 0.1643822 0.1057498 0.1420956 0.0807583 0.1171093 0.0717150 0.1206533 0.1064431 0.1385991 0.1012506 0.1243598 0.0916551 0.1073659 0.1054142 0.1501229 0.0760152 0.1159871 0.1286057 0.1295016 0.1130994 0.1599341 0.1980269 0.0926143 0.1080552 0.0809827 0.0813384 0.1980269 0.1064162 0.0727674 0.0982404 0.1197407 0.0614156 0.0860284 0.2262121 0.0628427 0.0928557 0.1065299 0.1056308 0.0880153 0.1242511 0.2161325 0.1531153 0.0985465 0.1071594 0.1430328 0.0888155 0.0785163 0.0631877 0.0871316 0.0932467 0.1004318 0.0637750 0.1164634 0.1066042 0.1388466 0.1417430 0.0805459 0.1064162 0.0795656 0.1077075 0.0633606 
S0428sl       2.3677464 0.2644217 0.0972676 0.1304700 0.2138276 0.1099773 2.2449054 0.0961531 0.0961573 0.1243025 0.0598961 0.0783812 0.0796220 0.1574008 0.0960491 0.1332030 0.1252508 0.0429312 0.1367957 0.1064623 0.0793821 0.1182796 0.1243025 0.1446658 0.1129550 0.0939802 0.0428363 0.1159023 0.1419974 0.0000000 0.1176027 0.1612912 0.2276594 0.1373197 0.1243025 2.0232748 0.0948450 0.1758529 0.0748329 0.1569147 0.1909067 0.1612486 0.0818998 0.1133684 0.1367957 0.1521241 0.1535291 0.1015582 0.1159023 0.1191661 0.1932306 0.1117469 0.1405654 0.0284717 0.0952568 0.1423848 2.2449054 0.0819954 0.1392257 0.1622233 0.1622233 0.1861253 0.1407933 0.1144300 0.1205158 0.0850215 0.1191661 0.0803088 0.1144300 0.1159023 0.1011657 0.0591568 0.0850215 0.1199155 0.0961231 0.1116013 0.1243025 0.1725112 0.0616084 0.0931181 0.1355484 0.0948450 2.2449054 0.1243170 0.1388530 0.1243025 0.1596055 0.1154738 0.0961231 0.1031213 0.1446658 0.1041836 0.0948705 0.0653171 0.0711412 0.0754753 0.0753937 0.1118513 0.1243025 0.1159023 0.0147888 0.0583181 0.1030530 
S0552sl       0.3362930 0.3518392 0.0561620 0.1314070 0.2165290 0.1138082 0.0728700 0.1253391 0.0525849 0.0836281 0.1113752 0.0505354 0.0952747 0.1077844 0.1068715 0.0736275 0.0729140 0.0956453 0.0727525 0.0774652 0.0801688 0.0924217 0.0836281 0.0915901 0.1299715 0.0837129 0.1025422 0.0646968 0.1172523 0.1176027 0.0000000 0.1235192 0.1134059 0.1176553 0.0856985 0.0998094 0.1203739 0.1219195 0.1050767 0.1045191 0.0847849 0.0817135 0.1571787 0.0928400 0.0803863 0.0946525 0.0733421 0.0943220 0.0756316 0.0410436 0.0755732 0.1184905 0.0898138 0.0428039 0.1140509 0.0808074 0.1770839 0.0555133 0.0258382 0.0192134 0.0193155 0.1244532 0.1105999 0.1910605 0.1219236 0.0601073 0.0262446 0.0337310 0.1910605 0.0492852 0.0328969 0.0806766 0.0682517 0.1128153 0.0566971 0.2193735 0.0833259 0.0998875 0.0950151 0.0963927 0.0833662 0.1132327 0.1302293 0.0862288 0.0596987 0.1234862 0.0816168 0.0980125 0.0493729 0.0752708 0.1012909 0.1056065 0.0432255 0.0996987 0.0977875 0.0755024 0.0680349 0.1574051 0.0934039 0.0492852 0.0610139 0.1265973 0.0858547 
S0558         0.2887270 0.3140178 0.0750787 0.1237233 0.2326450 0.0718179 0.1076339 0.0996783 0.1126777 0.0731012 0.0969712 0.0755904 0.0839328 0.0896726 0.1028754 0.1208206 0.0925732 0.0734190 0.1333573 0.0634956 0.1011529 0.1038634 0.0731012 0.0921919 0.1273007 0.0635205 0.0887259 0.1106511 0.0992101 0.1612912 0.1235192 0.0000000 0.1348416 0.1105325 0.0893168 0.0821309 0.1053539 0.0895976 0.0977782 0.1032005 0.1474482 0.1448758 0.1433415 0.0809704 0.1422944 0.0833733 0.1330548 0.0831418 0.1384594 0.1120275 0.1461940 0.1043944 0.1354584 0.0749371 0.0937729 0.1390622 0.0972738 0.1171121 0.1221265 0.1356010 0.1365946 0.0949602 0.1579061 0.1497427 0.0653747 0.0974913 0.0851669 0.1024527 0.1497427 0.1119908 0.0930278 0.1283466 0.1087240 0.0806794 0.0742992 0.1742761 0.0647495 0.1199429 0.0815487 0.0896536 0.0907899 0.0890728 0.1495588 0.1534263 0.1071080 0.1108138 0.1432409 0.0819192 0.0824538 0.0643365 0.0822799 0.0789660 0.0872931 0.0755783 0.0815870 0.1020363 0.1464614 0.1202685 0.0831363 0.1119908 0.0961110 0.1177630 0.0749901 
S0616         0.2795319 0.3208477 0.0964571 0.1578881 0.2992436 0.1464758 0.1049571 0.1706594 0.1257021 0.1367954 0.1775254 0.1274619 0.1508075 0.1498885 0.1755262 0.1254149 0.0771019 0.1606875 0.1239276 0.1458523 0.1457883 0.1304983 0.1367954 0.1459423 0.1996152 0.1422460 0.1674009 0.1531586 0.1690160 0.2276594 0.1134059 0.1348416 0.0000000 0.1754148 0.1299192 0.1556454 0.1879799 0.1835392 0.1922362 0.1555241 0.1542393 0.1350378 0.2111605 0.1528554 0.1326632 0.1376406 0.1649303 0.1424335 0.1505244 0.1445533 0.1429124 0.1783149 0.1258747 0.1608170 0.1755716 0.1542601 0.2221118 0.1214573 0.1102016 0.1144386 0.1152404 0.1253528 0.1944866 0.2317750 0.1479223 0.1009279 0.1226682 0.1159541 0.2317750 0.1336081 0.1131690 0.1322214 0.1102903 0.1492775 0.1149471 0.2631887 0.1364175 0.1210517 0.1460517 0.1698416 0.1371959 0.1683049 0.0130005 0.1314746 0.0893050 0.1725504 0.1238505 0.1233262 0.1241573 0.1254796 0.1575156 0.1735473 0.1085997 0.1461633 0.1714954 0.1473865 0.1509137 0.2199140 0.1610126 0.1336081 0.1497582 0.1979524 0.1407173 
S0624         0.3883913 0.3622001 0.0843754 0.1386891 0.1970475 0.0840495 0.0842956 0.0433671 0.1132005 0.0949927 0.0503858 0.0947975 0.1067657 0.1181097 0.0367497 0.1271149 0.1272880 0.0438631 0.1403939 0.0660162 0.1114570 0.1144771 0.0949927 0.1165835 0.0862726 0.0742650 0.0427866 0.0963353 0.1289122 0.1373197 0.1176553 0.1105325 0.1754148 0.0000000 0.0954276 0.1118162 0.0272385 0.1038340 0.0848416 0.1269447 0.1417097 0.1525687 0.1410752 0.0850969 0.1497468 0.0874872 0.1239900 0.0961732 0.1402992 0.1156377 0.1404808 0.1004859 0.1504232 0.0726093 0.0878740 0.1250539 0.0319188 0.1322687 0.1075574 0.1297914 0.1307576 0.1160590 0.1287224 0.1696078 0.1234890 0.1139492 0.1044085 0.0882655 0.1696078 0.1060971 0.0959557 0.0965727 0.1264269 0.0846846 0.1100741 0.1965998 0.0857004 0.1374194 0.0356940 0.0593246 0.0863790 0.0349290 0.2228782 0.1619120 0.1025502 0.1162719 0.1507924 0.1181997 0.1017650 0.0857578 0.1135747 0.1062478 0.0878710 0.0809442 0.0848537 0.1250973 0.1407472 0.0943797 0.1064247 0.1060971 0.0603997 0.0874938 0.0976021 
S0641         0.3109267 0.2939040 0.0560500 0.1158565 0.2339999 0.0643630 0.1107964 0.1102411 0.0717397 0.0125819 0.0984653 0.0499397 0.0267327 0.0802480 0.1045336 0.0859283 0.0783168 0.0660601 0.0970108 0.0645237 0.0798765 0.0826769 0.0125819 0.0336688 0.1400354 0.0718590 0.0901162 0.0840339 0.0865547 0.1243025 0.0856985 0.0893168 0.1299192 0.0954276 0.0000000 0.0374913 0.1069517 0.0978121 0.0906023 0.1047162 0.1137459 0.1073964 0.1448434 0.0822657 0.1055064 0.0195027 0.1104322 0.0127195 0.1138336 0.0742506 0.1138883 0.0867590 0.1058780 0.0596518 0.0830370 0.0910121 0.1353144 0.0774563 0.0762053 0.0961644 0.0968225 0.0855339 0.1441847 0.1769752 0.0921070 0.0728862 0.0580275 0.0584538 0.1769752 0.0834490 0.0655653 0.0847213 0.0827961 0.0565617 0.0560262 0.2038887 0.0191767 0.0932539 0.0828607 0.0825115 0.0733430 0.0991277 0.1552013 0.1137559 0.0718687 0.0407672 0.1071990 0.0883425 0.0488069 0.0126417 0.0257934 0.0945790 0.0602733 0.0432279 0.0828985 0.0588685 0.0966343 0.1400922 0.0335600 0.0834490 0.0636524 0.1022853 0.0128716 
S0643         0.3090172 0.3826038 0.0505097 0.1233639 0.3892146 0.0985319 0.0854942 0.1782419 0.0798931 0.0120364 0.1542874 0.0521073 0.0403211 0.0814919 0.1729334 0.0888610 0.0000010 0.0871987 0.1080487 0.0687507 0.0495090 0.0824683 0.0120364 0.0248833 0.1638721 0.0851559 0.1366384 0.0672634 0.0798135 2.0232748 0.0998094 0.0821309 0.1556454 0.1118162 0.0374913 0.0000000 0.1543983 0.1009881 0.1386209 0.1014249 0.0534848 0.1080487 0.2304818 0.0868945 0.1245052 0.0248547 0.0838841 0.0379766 0.1215210 0.0810902 0.0820682 0.1311370 0.1030781 1.6411392 0.1257548 0.0795423 0.1357856 1.6411392 0.0526439 0.0847230 0.0857665 0.0711155 0.1581150 0.2304818 0.0794740 0.0900950 0.0250674 0.0516038 0.2304818 0.0664175 0.0375107 0.0673155 0.0900950 0.0655906 0.0637474 0.2633066 0.0121825 0.0859884 0.1190757 0.1214281 0.0850722 0.1526826 0.1597344 0.1326522 0.0615823 0.0701866 0.1030781 0.0624931 0.0505097 0.0120364 0.0248339 0.0996031 0.0881320 0.0533666 0.1224076 0.0698195 0.1398661 0.1799342 0.0402639 0.0664175 1.6411392 0.1436295 0.0124506 
S0645sl       0.4200522 0.3309864 0.0881678 0.1494205 0.1772945 0.0801701 0.1326701 0.0341846 0.1171640 0.1064918 0.0481200 0.0982790 0.1182143 0.1287962 0.0350420 0.1294643 0.0883995 0.0418499 0.1422573 0.0703509 0.1142970 0.1172582 0.1064918 0.1278096 0.0663693 0.0783377 0.0408676 0.1079297 0.1310943 0.0948450 0.1203739 0.1053539 0.1879799 0.0272385 0.1069517 0.1543983 0.0000000 0.0826176 0.0886384 0.1292980 0.1435372 0.1539574 0.1429285 0.0888869 0.1512291 0.0993268 0.1296490 0.1077537 0.1421620 0.1184083 0.1423452 0.1036727 0.1518869 0.0403625 0.0836432 0.1274591 0.0628185 0.0917528 0.1190485 0.1320718 0.1330141 0.1289911 0.1348772 0.1702857 0.1259350 0.1169419 0.1083666 0.0920572 0.1702857 0.1092093 0.0994256 0.1081542 0.1289535 0.0884647 0.1129387 0.1961508 0.0973680 0.1393695 0.0340806 0.0807366 0.0901634 0.0264547 0.2772432 0.1629601 0.1059398 0.1274818 0.1522427 0.1207557 0.1049402 0.0974255 0.1246561 0.1121897 0.0842771 0.0850577 0.0886397 0.1360182 0.1426017 0.0899397 0.1178195 0.1092093 0.0136966 0.0912759 0.1092945 
S0656sl       0.3262876 0.3172033 0.0803704 0.1476561 0.2820622 0.0638895 0.0966598 0.1029576 0.1289740 0.0973907 0.0905261 0.0989120 0.1086502 0.1230276 0.0866097 0.1140382 0.0780511 0.0752049 0.1373716 0.0706873 0.1150082 0.0903819 0.0973907 0.1087670 0.1134753 0.0880180 0.0822670 0.1185941 0.1128309 0.1758529 0.1219195 0.0895976 0.1835392 0.1038340 0.0978121 0.1009881 0.0826176 0.0000000 0.0958085 0.1343080 0.1558354 0.1491573 0.1242545 0.0992233 0.1464662 0.1005343 0.1412198 0.0985383 0.1542747 0.1098091 0.1545239 0.0462784 0.1471039 0.1255268 0.0425834 0.1187287 0.0652051 0.0912830 0.1205689 0.1337236 0.1346834 0.1007734 0.1469972 0.1543710 0.1092846 0.1026133 0.1000108 0.0839064 0.1543710 0.1200077 0.0912388 0.1396278 0.1144129 0.0893837 0.1136368 0.1795661 0.0885183 0.1310464 0.0671963 0.0801357 0.0264816 0.0920158 0.2297366 0.1482924 0.1106285 0.1376505 0.1286039 0.1347446 0.1055987 0.0890387 0.1082283 0.1235456 0.0944359 0.0765296 0.0890806 0.1368569 0.1443348 0.1252890 0.1083159 0.1200077 0.0962504 0.0986213 0.0999284 
