114
CRNC          0.0000000 0.2684244 0.3546395 0.6804649 0.5994522 0.6290431 0.4003935 0.5511807 0.5329938 0.5371422 0.5355915 0.5253681 0.5778586 0.6423462 0.5628848 0.5054488 0.6194060 0.7066020 0.6417022 0.5030026 0.6023465 0.6280473 0.6743096 0.4646139 0.5281947 0.5158890 0.5541742 0.5065825 0.5618948 0.5548452 0.5639724 0.5508541 0.6797050 0.5795675 0.6294921 0.4964168 0.6977171 0.5325409 0.5841727 0.5078627 0.6382853 0.5546320 0.4947318 0.5785415 0.4886529 0.6013304 0.6901265 0.5616714 0.5058507 0.7219053 0.5131636 0.6154854 0.5673249 0.5728075 0.5450187 0.5548452 0.6425330 0.6113438 0.5594815 0.4898533 0.6429266 0.6281078 0.5683194 0.6768046 0.6307737 0.6810701 0.4809980 0.5517815 0.6001563 0.7040641 0.5684131 0.6047643 0.6555999 0.6405128 0.5793231 0.5425612 0.5978325 0.7405998 0.5684131 0.5381454 0.7177925 0.5881115 0.5096451 0.5643074 0.6318252 0.5416956 0.4527098 0.5049292 0.7134005 0.5743142 0.5812706 0.5919102 0.6753277 0.5221536 0.5585037 0.7217454 0.7076743 0.5084910 0.4992285 0.5050479 0.6537947 0.4992895 0.5013370 0.6184024 0.6409323 0.5614493 0.5346953 0.5862623 0.5507271 0.5584160 0.4812853 0.5311322 0.5918426 0.5272031 
HYZL          0.2684244 0.0000000 0.2154509 0.6651864 0.6338716 0.7471070 0.3410448 0.5790855 0.6758699 0.6069152 0.6819966 0.5978254 0.6378835 0.6813236 0.6373421 0.5108591 0.6810310 0.8323523 0.7791195 0.5807480 0.8571101 0.7167343 0.6893624 0.5927026 0.6176552 0.5875975 0.6072434 0.6010846 0.6344548 0.7025718 0.6926351 0.5609406 0.7997048 0.6600150 0.7986483 0.6123814 0.8237897 0.5755788 0.6355111 0.5790582 0.6695201 0.6568774 0.6288565 0.6246673 0.5572834 0.7581829 0.8428219 0.5979715 0.5775079 0.8511586 0.6104806 0.7302017 0.7180156 0.6109515 0.6907058 0.7025718 0.7778284 0.7097122 0.7044215 0.6247228 0.7899935 0.6815845 0.7889757 0.8039590 0.7199057 0.8096417 0.5294480 0.7524474 0.6329916 0.7157630 0.7942857 0.7130662 0.8248617 0.8208665 0.6237280 0.6998745 0.6317979 0.7404643 0.7942857 0.6240856 0.6652469 0.5966952 0.5952013 0.6813828 0.6676981 0.6277473 0.6101146 0.6658634 0.8561904 0.6797186 0.6337956 0.6921949 0.7981447 0.5948854 0.7262628 0.6978825 0.7505631 0.5759579 0.5742227 0.5631147 0.6322638 0.5740046 0.5727462 0.7197616 0.6797324 0.6349457 0.6088090 0.7095899 0.6183903 0.7279214 0.6551966 0.6046691 0.7342747 0.6312120 
MYZV          0.3546395 0.2154509 0.0000000 0.6649373 0.4560706 0.8763275 0.4944572 0.6449493 0.7219837 0.6289299 0.6850541 0.6772773 0.6498381 0.6894300 0.8326521 0.6099800 0.7245680 0.8380321 0.8202735 0.6129796 0.7500014 0.7495773 0.6580506 0.6770399 0.7003351 0.6525067 0.6304214 0.6805508 0.6533017 0.7428431 0.7378805 0.5834704 0.8569981 0.6989018 0.7599651 0.6745436 0.8443839 0.6414525 0.7111505 0.6564985 0.7190373 0.6999442 0.6787644 0.6966991 0.6613530 0.7482905 0.8412340 0.5813973 0.6023553 0.8861896 0.6924706 0.7792027 0.7591436 0.6698222 0.7303471 0.7428431 0.7875849 0.7152613 0.6971249 0.6757116 0.7339287 0.6547609 0.7602096 0.7951742 0.7852354 0.7959853 0.6383842 0.7099053 0.6191521 0.6808175 0.7451325 0.8317707 0.8383535 0.8196050 0.5985615 0.7268473 0.6056317 0.7750656 0.7451325 0.6825143 0.6770473 0.5788774 0.6452784 0.7599591 0.7117098 0.6464773 0.6111390 0.5894828 0.8876948 0.6690073 0.6277786 0.7533965 0.8635573 0.6623086 0.7294980 0.6645998 0.7282632 0.6830618 0.6378945 0.6195874 0.7035664 0.6351575 0.6053430 0.7236512 0.7114267 0.6289299 0.6711866 0.7504628 0.6117346 0.6866292 0.6790774 0.6855914 0.6889341 0.6962165 
SRR6441723    0.6804649 0.6651864 0.6649373 0.0000000 0.0869784 0.2035238 0.3922594 0.1039524 0.1087623 0.1570822 0.1519044 0.1288932 0.1294011 0.0900390 0.1604073 0.1477614 0.1598252 0.1369506 0.1655954 0.1239538 0.1772051 0.1338985 0.0743991 0.1673224 0.1358359 0.1343780 0.1411039 0.1647216 0.1304241 0.1069560 0.1678486 0.1267516 0.1452363 0.1372440 0.1131036 0.1201133 0.1649668 0.1384772 0.1507874 0.1247119 0.2111478 0.1397183 0.1505062 0.1235711 0.1376501 0.1301073 0.1569168 0.2811342 0.1220133 0.1329999 0.1244660 0.1197957 0.1127080 0.1546966 0.1122650 0.1069560 0.1261662 0.1337764 0.1420798 0.1567122 0.1401087 0.0803264 0.1286974 0.1132797 0.1219204 0.1172134 0.1693830 0.1405081 0.2159548 0.1297693 0.1325572 0.1711701 0.1201084 0.1214824 0.2589719 0.1128127 0.2159165 0.0652072 0.1325572 0.1398750 0.1178160 0.2161042 0.1302898 0.1471993 0.0793976 0.1249069 0.1708331 0.1470027 0.1516133 0.1366174 0.1415579 0.1330973 0.1628563 0.1469458 0.1336724 0.0800148 0.0967926 0.1349146 0.1239395 0.1332642 0.0916951 0.1117584 0.1482983 0.1061253 0.0799785 0.1043513 0.1033711 0.1138411 0.1142385 0.1350748 0.1600685 0.1299196 0.1475979 0.1297477 
ERR4210213    0.5994522 0.6338716 0.4560706 0.0869784 0.0000000 0.2161795 0.3591805 0.0718179 0.1150271 0.1391394 0.1532858 0.0861182 0.1580736 0.0867523 0.7775173 0.1427992 0.1355896 0.1436210 0.1185266 0.1264839 0.1561629 0.1241328 0.0093719 0.1418747 0.0861182 0.0861182 0.0745216 0.1425550 0.1120486 0.1150271 0.1627764 0.0828584 0.1586365 0.1235431 0.1567664 0.0881800 0.1848708 0.1019815 0.0985492 0.0870314 0.2061996 0.1160284 0.1143246 0.1273585 0.0870314 0.1193964 0.1433051 0.3781064 0.1288895 0.1436210 0.0861032 0.1273219 0.1150271 0.1109303 0.1275937 0.1150271 0.1264392 0.1162523 0.1853535 0.1187369 0.1655645 0.0624056 0.1304404 0.1261640 0.1273145 0.1261640 0.1113908 0.1460607 0.3580773 0.1442359 0.1565730 0.1296326 0.1012738 0.1447815 0.3772487 0.1290670 0.3252073 0.0389121 0.1565730 0.1238070 0.0727429 0.3075228 0.0861182 0.1411190 0.0501949 0.1144627 0.1071273 0.1268245 0.1416488 0.1464176 0.1268245 0.1265261 0.1416488 0.1116244 0.1839301 0.0491197 0.0997091 0.0985492 0.0861182 0.0772496 0.0619118 0.0754939 0.1459158 0.1136269 0.0975901 0.1116244 0.0789444 0.1318800 0.0673375 0.1474199 0.1227904 0.0753463 0.1459779 0.1123489 
ERR2789774    0.6290431 0.7471070 0.8763275 0.2035238 0.2161795 0.0000000 0.3379261 0.1018512 0.1157269 0.1661059 0.1788159 0.0703050 0.1718063 0.1734428 0.0714390 0.1241919 0.1535577 0.2044346 0.2041542 0.1477725 0.1768257 0.1850076 0.1883500 0.1052308 0.0753796 0.0747116 0.1541843 0.1161982 0.1511539 0.1262908 0.1300023 0.1303090 0.2013754 0.1582058 0.1952686 0.1105974 0.2153389 0.1220043 0.0720329 0.0613220 0.2192618 0.1446210 0.1795403 0.0859456 0.0565448 0.1570588 0.2097069 0.2584500 0.1030892 0.2201511 0.0662247 0.1733815 0.1319510 0.0898870 0.1314555 0.1262908 0.1899203 0.1547981 0.2155218 0.1713719 0.1567754 0.1786126 0.1423026 0.1868229 0.1844507 0.1874218 0.0846275 0.2074842 0.2563763 0.2177938 0.1978360 0.1688648 0.2044256 0.2061301 0.2764872 0.1320709 0.2417153 0.1551216 0.1978360 0.1008483 0.1888953 0.2420065 0.0709497 0.1057848 0.1759310 0.1607182 0.1694614 0.1575228 0.2117705 0.1624508 0.1730867 0.2000943 0.2068088 0.0752772 0.2011867 0.1851113 0.1892238 0.0749653 0.0640438 0.0821094 0.1744770 0.0714481 0.1271318 0.1671718 0.1675973 0.1273402 0.0734682 0.1385849 0.1384423 0.2015717 0.1962393 0.0659922 0.1804977 0.0662741 
PAFTOL_019361 0.4003935 0.3410448 0.4944572 0.3922594 0.3591805 0.3379261 0.0000000 0.2966653 0.3154604 0.2978716 0.3557757 0.2696496 0.2897797 0.3109538 0.2706739 0.2957014 0.2906171 0.3644333 0.3395916 0.2578254 0.3754355 0.3141111 0.3539557 0.2838125 0.2794740 0.2696496 0.3007998 0.3084609 0.2775367 0.3154604 0.3531161 0.2698443 0.3590150 0.3051145 0.3474703 0.3256036 0.3636869 0.2632196 0.2913350 0.2636956 0.3510802 0.2868097 0.3397319 0.3266259 0.2711350 0.3513246 0.3810953 0.3079768 0.2774828 0.3778022 0.2847844 0.3374177 0.3067785 0.2881216 0.3224319 0.3154604 0.3957061 0.3230581 0.3420069 0.3067994 0.3127709 0.3451263 0.2983608 0.3344287 0.3214862 0.3509051 0.2656074 0.3884774 0.2977180 0.3516242 0.3441998 0.3564714 0.3615396 0.3623783 0.2902703 0.3242920 0.2781778 0.3391616 0.3441998 0.3062245 0.3858090 0.2565244 0.2721775 0.2801679 0.3179726 0.2809755 0.3416402 0.3062621 0.3762017 0.3037245 0.2892322 0.3898454 0.3629339 0.2992710 0.3047980 0.4294917 0.3454128 0.2684583 0.2612012 0.2966350 0.3143901 0.2614949 0.2639773 0.3061246 0.3103277 0.2878387 0.2552783 0.3352064 0.3245703 0.3925643 0.3373559 0.2708197 0.3823445 0.2875336 
S0055         0.5511807 0.5790855 0.6449493 0.1039524 0.0718179 0.1018512 0.2966653 0.0000000 0.0924350 0.1101069 0.1421084 0.0343296 0.1199443 0.0976714 0.0468957 0.0700453 0.1168426 0.1475837 0.1682276 0.0989995 0.1356362 0.1133018 0.1142720 0.0845948 0.0385946 0.0382830 0.1187382 0.0846601 0.0874241 0.0910553 0.0902935 0.0657246 0.1619051 0.1296455 0.1336248 0.0644807 0.1531714 0.0998284 0.0472989 0.0306438 0.1738841 0.1244337 0.1261768 0.0610860 0.0389981 0.1274891 0.1538652 0.2358727 0.0525923 0.1521108 0.0469407 0.1404882 0.0960818 0.0512446 0.0957425 0.0910553 0.1420210 0.1253706 0.1178934 0.1305306 0.1055062 0.0859416 0.1027885 0.1338307 0.1429264 0.1327691 0.0604273 0.1623659 0.1886648 0.1357317 0.1185120 0.1408726 0.1408283 0.1476974 0.2204277 0.0961602 0.1807073 0.0794501 0.1185120 0.0470804 0.1104928 0.1814412 0.0346231 0.0511011 0.0986904 0.0992599 0.1373682 0.1081076 0.1488263 0.1223718 0.1202271 0.1466835 0.1594979 0.0427040 0.1084612 0.0939776 0.1093060 0.0384030 0.0317598 0.0354065 0.1041518 0.0344578 0.1127512 0.1027502 0.0929732 0.0870235 0.0272903 0.0969438 0.0817607 0.1569828 0.1504875 0.0345384 0.1582717 0.0471679 
S0196sl       0.5329938 0.6758699 0.7219837 0.1087623 0.1150271 0.1157269 0.3154604 0.0924350 0.0000000 0.1050132 0.0745193 0.0709157 0.0933540 0.0910087 0.0982514 0.1241186 0.0994275 0.0849080 0.0898936 0.0737628 0.0552184 0.0960883 0.1306090 0.1018946 0.0760444 0.0799281 0.0849395 0.1118488 0.0818508 0.0000010 0.1250500 0.0590923 0.0900832 0.1072336 0.1073065 0.0957698 0.1054144 0.0781700 0.0872420 0.0666136 0.1334777 0.0881332 0.1037651 0.0919452 0.0712062 0.0581548 0.0900390 0.1647973 0.0822132 0.0860588 0.0759630 0.1018396 0.0036115 0.0954714 0.0036007 0.0000010 0.0916942 0.0614326 0.0758707 0.0954231 0.0898956 0.0865529 0.0228530 0.0957949 0.0980219 0.1014760 0.0960579 0.0755778 0.1345222 0.1038732 0.0699999 0.0890162 0.1138637 0.1139759 0.1715456 0.0036137 0.1382341 0.0969173 0.0699999 0.0915281 0.1207140 0.1387827 0.0761457 0.0899084 0.0850897 0.0719255 0.0902298 0.0703756 0.0856034 0.0936830 0.0808808 0.0849728 0.0893523 0.0805423 0.0661432 0.1325451 0.1027077 0.0802031 0.0691950 0.0827923 0.0982080 0.0712290 0.0647298 0.1019294 0.0809648 0.0626247 0.0638957 0.0073043 0.0513715 0.0760684 0.1015027 0.0713896 0.0807516 0.0656746 
S0278         0.5371422 0.6069152 0.6289299 0.1570822 0.1391394 0.1661059 0.2978716 0.1101069 0.1050132 0.0000000 0.1118908 0.0862886 0.0524441 0.1341492 0.1222257 0.1106348 0.0445586 0.1240823 0.1568437 0.0189432 0.1017288 0.0661525 0.1535172 0.1252659 0.0917889 0.0909364 0.0699658 0.1190900 0.0434748 0.1033974 0.1322402 0.0393449 0.1430299 0.0852564 0.1493893 0.1285769 0.1484460 0.0315574 0.1095691 0.0771384 0.0666122 0.0606303 0.0965543 0.1160441 0.0928631 0.1110207 0.1299712 0.1808894 0.0991686 0.1363414 0.0911018 0.1568241 0.1086913 0.1026666 0.1082957 0.1033974 0.1433297 0.1092018 0.1174447 0.0886059 0.0570556 0.1316673 0.0716391 0.1359182 0.1453911 0.1425765 0.1081264 0.1426010 0.1849942 0.1359652 0.1011893 0.1601255 0.1572066 0.1646439 0.2120076 0.1087843 0.1681618 0.1070080 0.1011893 0.0869832 0.1398311 0.1627337 0.0762947 0.0971446 0.1542677 0.0438409 0.0950251 0.0832467 0.1251232 0.0669842 0.0481654 0.1279226 0.1297345 0.0916540 0.0979589 0.1558325 0.1423981 0.0912570 0.0807030 0.0985282 0.1278886 0.0980359 0.0837844 0.1516359 0.1227300 0.0309959 0.0749186 0.1147648 0.0436942 0.1436682 0.1055009 0.0868854 0.1243957 0.1024893 
S0281         0.5355915 0.6819966 0.6850541 0.1519044 0.1532858 0.1788159 0.3557757 0.1421084 0.0745193 0.1118908 0.0000000 0.1282091 0.1015018 0.1153786 0.1494282 0.1746958 0.0982752 0.0868616 0.1069717 0.0868355 0.0751652 0.1079601 0.1555448 0.1747865 0.1346287 0.1230307 0.1194960 0.1463699 0.1050740 0.0734624 0.1886438 0.0782959 0.1071712 0.1087512 0.0979983 0.1450768 0.1062970 0.1025666 0.1434064 0.1182356 0.1479954 0.1185776 0.1159458 0.1173673 0.1362926 0.0561006 0.0961854 0.2214925 0.1089325 0.0971877 0.1344614 0.1038433 0.0780897 0.1520480 0.0690520 0.0734624 0.0967560 0.0547683 0.0964057 0.1022576 0.1132331 0.1160310 0.0349319 0.1083022 0.1048243 0.1024846 0.1419121 0.0633547 0.1771401 0.1215370 0.1015817 0.1198096 0.1145118 0.1041933 0.2359195 0.0781490 0.1696541 0.1201765 0.1015817 0.1174395 0.1453887 0.1703324 0.1294950 0.1277192 0.1080584 0.0945708 0.1099696 0.0915567 0.0918453 0.1110441 0.0937369 0.0829801 0.1008763 0.1344002 0.0799651 0.1363320 0.1280600 0.1337828 0.1240759 0.1150240 0.1297988 0.1185442 0.1038915 0.1270814 0.1046836 0.0751886 0.0943686 0.0832390 0.0722363 0.0549715 0.1126010 0.1291541 0.0508977 0.1218503 
S0282         0.5253681 0.5978254 0.6772773 0.1288932 0.0861182 0.0703050 0.2696496 0.0343296 0.0709157 0.0862886 0.1282091 0.0000000 0.0963412 0.0990088 0.0061661 0.0433639 0.0976735 0.1334815 0.1668608 0.0813382 0.1017835 0.0963318 0.1276049 0.0513872 0.0035894 0.0107777 0.0954085 0.0827265 0.0665140 0.0743642 0.0561940 0.0464688 0.1420198 0.1012768 0.1227250 0.0504487 0.1340286 0.0819898 0.0263572 0.0035931 0.1436217 0.1049148 0.1180517 0.0388659 0.0109652 0.1094107 0.1394525 0.2118585 0.0514290 0.1401833 0.0183354 0.1293325 0.0790479 0.0221658 0.0787801 0.0743642 0.1281606 0.1076423 0.1151174 0.1053229 0.0735373 0.1131118 0.0716793 0.1163072 0.1257830 0.1266431 0.0301767 0.1523209 0.1843331 0.1473389 0.1110334 0.1259199 0.1296508 0.1362714 0.2274863 0.0791084 0.1679950 0.0848825 0.1110334 0.0380777 0.1327052 0.1686592 0.0072169 0.0380961 0.1164219 0.0771273 0.1023652 0.0771866 0.1345889 0.0982178 0.1010865 0.1219960 0.1448470 0.0182302 0.1082703 0.1230607 0.1108413 0.0108097 0.0037146 0.0304902 0.1111951 0.0147217 0.1005973 0.1041663 0.0942410 0.0704617 0.0151086 0.0842643 0.0517863 0.1471270 0.1233795 0.0000026 0.1418484 0.0184221 
S0289         0.5778586 0.6378835 0.6498381 0.1294011 0.1580736 0.1718063 0.2897797 0.1199443 0.0933540 0.0524441 0.1015018 0.0963412 0.0000000 0.1162687 0.1296211 0.1265993 0.0487691 0.1355689 0.1696101 0.0229291 0.1208518 0.0483181 0.1344069 0.1261690 0.1020594 0.1010948 0.0647338 0.1138538 0.0347534 0.0919477 0.1366547 0.0535161 0.1442947 0.0762733 0.1303283 0.1167601 0.1489039 0.0438967 0.1142736 0.0869891 0.0579656 0.0374742 0.0802751 0.0980864 0.1032705 0.0934157 0.1416478 0.1916261 0.0812787 0.1424027 0.0910679 0.1372195 0.0970291 0.1180130 0.0966839 0.0919477 0.1301583 0.0974796 0.0985971 0.0635192 0.0432057 0.1136053 0.0886634 0.1177714 0.1284471 0.1342996 0.1088672 0.1295105 0.1603792 0.1361457 0.0906443 0.1678446 0.1375588 0.1444612 0.2081901 0.0971091 0.1587555 0.1007208 0.0906443 0.1012738 0.1459159 0.1593942 0.0972710 0.1019566 0.1350477 0.0350382 0.0781538 0.0836168 0.1367077 0.0394716 0.0517310 0.1299343 0.1471335 0.1117102 0.0921486 0.1412881 0.1238469 0.1014556 0.0910785 0.1212687 0.1133643 0.0975770 0.0487979 0.1226133 0.1054970 0.0265173 0.0748258 0.1027935 0.0587773 0.1247442 0.0836661 0.0970186 0.1198027 0.1024611 
S0292         0.6423462 0.6813236 0.6894300 0.0900390 0.0867523 0.1734428 0.3109538 0.0976714 0.0910087 0.1341492 0.1153786 0.0990088 0.1162687 0.0000000 0.1055182 0.1403032 0.1414284 0.1026394 0.1151241 0.1056538 0.1137098 0.1205092 0.0645969 0.1229451 0.1046659 0.0942559 0.1259209 0.1437111 0.1056369 0.0896683 0.1170941 0.0787947 0.1098193 0.1214250 0.0642733 0.1143140 0.1140842 0.1235567 0.1167454 0.0951963 0.1877112 0.1268120 0.1185078 0.0895187 0.1058863 0.0947253 0.1079619 0.2643264 0.1061611 0.1084620 0.1045468 0.0693006 0.0946162 0.1204027 0.0942871 0.0896683 0.0784301 0.1032863 0.0968949 0.1057109 0.1215057 0.0559979 0.0835470 0.0643562 0.0703411 0.0595157 0.1213497 0.1047072 0.1934537 0.0940220 0.0890530 0.1359949 0.0694773 0.0745521 0.2552808 0.0946922 0.1937139 0.0595313 0.0890530 0.1100647 0.0638788 0.1944994 0.0999478 0.0998288 0.0594569 0.1066482 0.1036046 0.0927750 0.1034657 0.1124744 0.1322163 0.0884968 0.1128574 0.1038023 0.0853676 0.0790100 0.0264868 0.1040561 0.0888015 0.0965042 0.0514602 0.0893784 0.1152071 0.0302804 0.0108316 0.0888134 0.0728322 0.0954530 0.0820009 0.1000453 0.1180956 0.0996930 0.1055803 0.0995854 
S0293         0.5628848 0.6373421 0.8326521 0.1604073 0.7775173 0.0714390 0.2706739 0.0468957 0.0982514 0.1222257 0.1494282 0.0061661 0.1296211 0.1055182 0.0000000 0.0332059 0.1414428 0.1775926 0.2340749 0.1213408 0.0736038 0.1543492 0.1601256 0.0547850 0.0125787 0.0252131 0.1737372 0.1125770 0.1014057 0.1040117 0.0472539 0.0554536 0.1935988 0.1653400 0.1160974 0.0845053 0.1370841 0.1321280 0.0474698 0.0125241 0.2051913 0.1562759 0.1860685 0.0468257 0.0258367 0.1499094 0.1889537 0.1758766 0.0779837 0.1913184 0.0324887 0.1479881 0.1128901 0.0256077 0.1040117 0.1040117 0.1463212 0.1483131 0.1415393 0.1575346 0.0569662 0.1516843 0.0534315 0.1249262 0.1418721 0.1345526 0.0258785 0.1691571 0.1526779 0.2075402 0.1384846 0.1737047 0.1496098 0.1480147 0.2009132 0.1040117 0.1303968 0.0979915 0.1384846 0.0542723 0.1646291 0.1396797 0.0190495 0.0462149 0.1552844 0.1221353 0.1625441 0.1461506 0.1913184 0.1322862 0.1614570 0.1367023 0.2113253 0.0252584 0.1247602 0.1961328 0.1357019 0.0187840 0.0127376 0.0608385 0.1468205 0.0325000 0.1370780 0.1232485 0.1065812 0.1089182 0.0330415 0.1040117 0.1289548 0.1587506 0.1899677 0.0061961 0.1728681 0.0188667 
S0294         0.5054488 0.5108591 0.6099800 0.1477614 0.1427992 0.1241919 0.2957014 0.0700453 0.1241186 0.1106348 0.1746958 0.0433639 0.1265993 0.1403032 0.0332059 0.0000000 0.1284716 0.1746275 0.2058785 0.1051915 0.1559223 0.1381739 0.1666782 0.0798501 0.0478788 0.0514747 0.1485257 0.1041076 0.1145480 0.1286398 0.0762357 0.0960249 0.1850151 0.1320515 0.1493772 0.0878443 0.1627319 0.1053482 0.0708105 0.0435928 0.1747147 0.1563799 0.1455164 0.0668856 0.0524705 0.1736244 0.1814180 0.2549761 0.0799218 0.1825032 0.0607182 0.1568034 0.1342171 0.0566358 0.1337221 0.1286398 0.1677003 0.1705599 0.1654957 0.1371541 0.1325249 0.1439773 0.1211127 0.1421630 0.1527173 0.1533676 0.0566943 0.2025918 0.2102155 0.2040604 0.1611807 0.1425109 0.1571855 0.1646135 0.2639223 0.1343371 0.2053497 0.1241784 0.1611807 0.0746861 0.1655432 0.2061732 0.0477601 0.0747447 0.1534766 0.1229321 0.1309657 0.1436477 0.1761171 0.1465235 0.1317865 0.1384457 0.1874307 0.0518481 0.1501702 0.1612780 0.1483769 0.0516425 0.0452409 0.0577019 0.1419052 0.0521956 0.1566689 0.1461860 0.1293633 0.1028242 0.0539546 0.1407643 0.1161640 0.1968203 0.1575771 0.0436365 0.1909936 0.0610167 
S0299         0.6194060 0.6810310 0.7245680 0.1598252 0.1355896 0.1535577 0.2906171 0.1168426 0.0994275 0.0445586 0.0982752 0.0976735 0.0487691 0.1414284 0.1414428 0.1284716 0.0000000 0.1446245 0.1643706 0.0357847 0.1256233 0.0625087 0.1608321 0.1387085 0.1034902 0.1024981 0.0663743 0.1280786 0.0481700 0.0979066 0.1455916 0.0679320 0.1652489 0.0964786 0.1572809 0.1419804 0.1562500 0.0234584 0.1223378 0.0881841 0.0586922 0.0721676 0.1023795 0.1292324 0.1047354 0.1115583 0.1503922 0.1978277 0.1055738 0.1579358 0.1023221 0.1650071 0.1031207 0.1197050 0.0979066 0.0979066 0.1510282 0.1036045 0.1137260 0.0894312 0.0830351 0.1379511 0.0818729 0.1433218 0.1611830 0.1502226 0.1206771 0.1365099 0.1802660 0.1326539 0.1074791 0.1777741 0.1654103 0.1656244 0.2248730 0.1032078 0.1697497 0.1135044 0.1074791 0.0929447 0.1626106 0.1703662 0.0986290 0.0918009 0.1622630 0.0578707 0.1093585 0.1118950 0.1458651 0.0723653 0.0354409 0.1436749 0.1566807 0.1033295 0.0993557 0.1583619 0.1500190 0.1028688 0.0923899 0.1064031 0.1495721 0.1101559 0.0739094 0.1594392 0.1296577 0.0354039 0.0752231 0.1090722 0.0681179 0.1375226 0.1061210 0.0980205 0.1263607 0.1096664 
S0303         0.7066020 0.8323523 0.8380321 0.1369506 0.1436210 0.2044346 0.3644333 0.1475837 0.0849080 0.1240823 0.0868616 0.1334815 0.1355689 0.1026394 0.1775926 0.1746275 0.1446245 0.0000000 0.0725678 0.1086692 0.0283996 0.1249202 0.1491170 0.1805137 0.1399888 0.1282678 0.1261145 0.1418722 0.1221968 0.0836812 0.1838417 0.0874793 0.0182383 0.1258685 0.0874160 0.1516039 0.0860028 0.1207039 0.1489395 0.1234502 0.1755751 0.1437770 0.1471213 0.1107285 0.1417217 0.0650751 0.0145153 0.2682125 0.1251798 0.0071874 0.1515081 0.0832599 0.0788799 0.1575604 0.0881841 0.0836812 0.0922266 0.0731899 0.0900107 0.1387330 0.1254656 0.1052489 0.0227623 0.0780271 0.0744894 0.0729007 0.1538362 0.0827492 0.2239640 0.1482347 0.0915890 0.0824438 0.0932023 0.0987890 0.2774052 0.0885552 0.2084329 0.1041143 0.0915890 0.1354718 0.1254531 0.2092793 0.1348220 0.1346569 0.0879257 0.1110810 0.1533437 0.1020496 0.0108643 0.1477156 0.1222447 0.0759937 0.0182383 0.1397487 0.0793192 0.1244943 0.1163257 0.1287407 0.1295679 0.1198091 0.1078744 0.1403333 0.1357386 0.1105453 0.0925378 0.1008298 0.0990569 0.0938879 0.0820464 0.0832799 0.1514290 0.1344682 0.0788976 0.1377875 
S0308         0.6417022 0.7791195 0.8202735 0.1655954 0.1185266 0.2041542 0.3395916 0.1682276 0.0898936 0.1568437 0.1069717 0.1668608 0.1696101 0.1151241 0.2340749 0.2058785 0.1643706 0.0725678 0.0000000 0.1399800 0.0540828 0.1566990 0.1577776 0.1762414 0.1742654 0.1611791 0.1220445 0.1429498 0.1543060 0.0994437 0.2223293 0.0820262 0.0632786 0.1579760 0.0987995 0.1812217 0.1014956 0.1200939 0.1984085 0.1559984 0.2060736 0.1450853 0.1757747 0.1398721 0.1482712 0.0989311 0.0725376 0.2711782 0.1526386 0.0823569 0.1809776 0.0831266 0.0943663 0.1937463 0.1041471 0.0994437 0.1149738 0.1017465 0.1164111 0.1671887 0.1450352 0.1224080 0.0282945 0.0989396 0.0844033 0.0932893 0.1680468 0.1121996 0.2323134 0.1589213 0.1043132 0.1089935 0.0953978 0.1050593 0.2620148 0.1045995 0.2398555 0.1231749 0.1043132 0.1637640 0.1285508 0.2408308 0.1686356 0.1551014 0.0944004 0.1419226 0.1714455 0.1116385 0.0686026 0.1831548 0.1406337 0.0964700 0.0673251 0.1739327 0.0959164 0.1658675 0.1298380 0.1730806 0.1569781 0.1395599 0.1137349 0.1537288 0.1336310 0.1237087 0.1044827 0.1306393 0.1226484 0.0999418 0.0913824 0.1129568 0.1646629 0.1675152 0.1029980 0.1657453 
S0320         0.5030026 0.5807480 0.6129796 0.1239538 0.1264839 0.1477725 0.2578254 0.0989995 0.0737628 0.0189432 0.0868355 0.0813382 0.0229291 0.1056538 0.1213408 0.1051915 0.0357847 0.1086692 0.1399800 0.0000000 0.0944423 0.0437125 0.1231489 0.1095437 0.0867363 0.0859374 0.0514799 0.1031088 0.0310269 0.0726688 0.1265182 0.0337437 0.1268175 0.0667765 0.1190860 0.1061182 0.1313425 0.0232364 0.0988252 0.0722818 0.0586501 0.0423540 0.0768457 0.0937712 0.0877452 0.0791089 0.1143451 0.1851294 0.0729711 0.1204297 0.0811398 0.1256910 0.0775022 0.0974386 0.0772313 0.0726688 0.1088574 0.0778621 0.0876950 0.0689098 0.0504453 0.1028765 0.0647739 0.1070088 0.1169937 0.1129711 0.0930691 0.1083223 0.1512427 0.1083631 0.0759849 0.1385359 0.1260056 0.1326287 0.1985870 0.0775634 0.1491235 0.0856167 0.0759849 0.0768173 0.1240226 0.1443746 0.0766866 0.0866587 0.1237299 0.0230024 0.0790143 0.0764367 0.1095861 0.0399239 0.0309016 0.1133482 0.1145277 0.0866112 0.0725701 0.1249396 0.1128716 0.0862386 0.0755959 0.0948164 0.1026572 0.0877035 0.0543475 0.1117503 0.0952169 0.0111131 0.0602081 0.0828801 0.0372439 0.1090860 0.0846956 0.0818966 0.1042521 0.0921010 
S0322         0.6023465 0.8571101 0.7500014 0.1772051 0.1561629 0.1768257 0.3754355 0.1356362 0.0552184 0.1017288 0.0751652 0.1017835 0.1208518 0.1137098 0.0736038 0.1559223 0.1256233 0.0283996 0.0540828 0.0944423 0.0000000 0.1073897 0.1411202 0.1369502 0.1017835 0.1017835 0.0994564 0.1537823 0.1019010 0.0552184 0.1725640 0.1000848 0.0227145 0.0836096 0.0820356 0.1460062 0.0660749 0.0879246 0.1016548 0.0947502 0.1561035 0.1235178 0.1262380 0.0923105 0.1024647 0.0616128 0.0110958 0.2108847 0.1305170 0.0283996 0.1097386 0.0677532 0.0552184 0.1355024 0.0616762 0.0552184 0.0740193 0.0744493 0.0867070 0.1142362 0.1438098 0.0999405 0.0348157 0.0674140 0.0608824 0.0739362 0.1096045 0.0820331 0.2025766 0.1563137 0.0828948 0.0804966 0.0743083 0.0616627 0.2352285 0.0485821 0.1880487 0.1162315 0.0828948 0.1456591 0.0907483 0.1803747 0.1017835 0.1114286 0.0755962 0.0942349 0.1059766 0.1185030 0.0167368 0.1302346 0.1027811 0.0656297 0.0167368 0.1258370 0.0828942 0.1245919 0.1173900 0.1097458 0.1008641 0.1024831 0.1026704 0.1016083 0.1162838 0.1178174 0.0978602 0.0861336 0.0810427 0.0694650 0.0821829 0.0828356 0.1079977 0.1028905 0.0748289 0.0920920 
S0327         0.6280473 0.7167343 0.7495773 0.1338985 0.1241328 0.1850076 0.3141111 0.1133018 0.0960883 0.0661525 0.1079601 0.0963318 0.0483181 0.1205092 0.1543492 0.1381739 0.0625087 0.1249202 0.1566990 0.0437125 0.1073897 0.0000000 0.1335501 0.1318559 0.1020522 0.1010865 0.0597217 0.1292495 0.0429259 0.0946672 0.1439925 0.0393449 0.1329715 0.0557603 0.1462931 0.1210064 0.1373818 0.0572586 0.1201605 0.0869773 0.0857796 0.0555946 0.0944208 0.1195950 0.1032637 0.0854229 0.1306396 0.2556108 0.1069303 0.1312939 0.1012708 0.1535312 0.0996789 0.1072466 0.0993304 0.0946672 0.1221816 0.0793504 0.0961869 0.0724544 0.0639327 0.0961971 0.0774012 0.1465251 0.1422987 0.1502274 0.1202201 0.1300236 0.2186058 0.1429612 0.0826432 0.1551302 0.1539013 0.1611398 0.2855882 0.0997599 0.2154012 0.0947108 0.0826432 0.0952263 0.1502906 0.2162742 0.0972619 0.0958594 0.1214213 0.0345315 0.0942791 0.0826698 0.1259357 0.0566716 0.0556280 0.1196140 0.1358290 0.1117072 0.0839518 0.1456845 0.1281688 0.1014480 0.0910670 0.1145306 0.1231198 0.1085985 0.0823485 0.1269240 0.1096893 0.0472185 0.0685479 0.1053765 0.0363137 0.1309387 0.0984630 0.0970095 0.1260995 0.1131121 
S0335         0.6743096 0.6893624 0.6580506 0.0743991 0.0093719 0.1883500 0.3539557 0.1142720 0.1306090 0.1535172 0.1555448 0.1276049 0.1344069 0.0645969 0.1601256 0.1666782 0.1608321 0.1491170 0.1577776 0.1231489 0.1411202 0.1335501 0.0000000 0.1594939 0.1339768 0.1326524 0.1340219 0.1634079 0.1231346 0.1285744 0.1667523 0.1107484 0.1631920 0.1526628 0.0983905 0.1320445 0.1677710 0.1418415 0.1476510 0.1237461 0.2109270 0.1345040 0.1617261 0.1227039 0.1356220 0.1408457 0.1596104 0.2733832 0.1340127 0.1561280 0.1333211 0.1042526 0.1341606 0.1512703 0.1336651 0.1285744 0.1144142 0.1385264 0.1532074 0.1484619 0.1209560 0.0827675 0.1176120 0.0985291 0.1059274 0.1022035 0.1646662 0.1632368 0.1995543 0.1316850 0.1369767 0.1875076 0.0740572 0.0883047 0.2639240 0.1342808 0.2121668 0.0551449 0.1369767 0.1505202 0.0831246 0.2130390 0.1288772 0.1507218 0.0728602 0.1243592 0.1526996 0.1256069 0.1552549 0.1318144 0.1454277 0.1373689 0.1657652 0.1441901 0.1333991 0.0589413 0.0700958 0.1331405 0.1234715 0.1417126 0.0792213 0.1171243 0.1468257 0.0883177 0.0647407 0.1050619 0.1098088 0.1354333 0.0669144 0.1579737 0.1636159 0.1280706 0.1582719 0.1283836 
S0376         0.4646139 0.5927026 0.6770399 0.1673224 0.1418747 0.1052308 0.2838125 0.0845948 0.1018946 0.1252659 0.1747865 0.0513872 0.1261690 0.1229451 0.0547850 0.0798501 0.1387085 0.1805137 0.1762414 0.1095437 0.1369502 0.1318559 0.1594939 0.0000000 0.0560123 0.0555401 0.1216293 0.0776169 0.1087300 0.1118817 0.0434529 0.0960665 0.1615398 0.1625990 0.1734777 0.0820983 0.1812317 0.0971273 0.0751208 0.0476487 0.1860297 0.1226060 0.1702266 0.0853244 0.0386263 0.1539477 0.1873845 0.2174580 0.0837722 0.1885193 0.0607527 0.1530073 0.1172082 0.0694843 0.1167848 0.1118817 0.1745044 0.1636757 0.1382494 0.1568253 0.1053949 0.1628188 0.1037271 0.1656619 0.1505895 0.1774361 0.0561275 0.2027040 0.2150316 0.1512468 0.1252615 0.1600777 0.1819466 0.1899762 0.2332591 0.1173089 0.2027174 0.1130745 0.1252615 0.0789830 0.1859548 0.2035245 0.0518397 0.0609764 0.1492826 0.1216763 0.1312841 0.1178647 0.1820513 0.1345491 0.1419294 0.1672509 0.1779448 0.0555993 0.1324278 0.1670500 0.1418746 0.0557213 0.0448104 0.0758242 0.1300987 0.0565916 0.1356338 0.1238390 0.1178231 0.1067894 0.0446451 0.1233644 0.0900223 0.1969276 0.1545796 0.0517117 0.1910975 0.0604876 
S0400         0.5281947 0.6176552 0.7003351 0.1358359 0.0861182 0.0753796 0.2794740 0.0385946 0.0760444 0.0917889 0.1346287 0.0035894 0.1020594 0.1046659 0.0125787 0.0478788 0.1034902 0.1399888 0.1742654 0.0867363 0.1017835 0.1020522 0.1339768 0.0560123 0.0000000 0.0145307 0.1010605 0.0879568 0.0715698 0.0794863 0.0609520 0.0464688 0.1488206 0.1070941 0.1290100 0.0549784 0.1405612 0.0874384 0.0304749 0.0072663 0.1505291 0.1112627 0.1242695 0.0432667 0.0147865 0.1155295 0.1460950 0.2202565 0.0560595 0.1468784 0.0222530 0.1358093 0.0842643 0.0261567 0.0839762 0.0794863 0.1345631 0.1136405 0.1219345 0.1114272 0.0735373 0.1192410 0.0716793 0.1224076 0.1322710 0.1329488 0.0343452 0.1593057 0.1920670 0.1542330 0.1170239 0.1321817 0.1361428 0.1429515 0.2363089 0.0843299 0.1752317 0.0902827 0.1170239 0.0423777 0.1391615 0.1759273 0.0109467 0.0423997 0.1225323 0.0824795 0.1091604 0.0771866 0.1411564 0.1040678 0.1068904 0.1282313 0.1515932 0.0221237 0.1143222 0.1293728 0.1168126 0.0145744 0.0075159 0.0347065 0.1171974 0.0186123 0.1066179 0.1099316 0.0998087 0.0755520 0.0191077 0.0896142 0.0517863 0.1540214 0.1299511 0.0036098 0.1486543 0.0223591 
S0405         0.5158890 0.5875975 0.6525067 0.1343780 0.0861182 0.0747116 0.2696496 0.0382830 0.0799281 0.0909364 0.1230307 0.0107777 0.1010948 0.0942559 0.0252131 0.0514747 0.1024981 0.1282678 0.1611791 0.0859374 0.1017835 0.1010865 0.1326524 0.0555401 0.0145307 0.0000000 0.1001152 0.0782258 0.0709322 0.0787801 0.0604291 0.0464688 0.1366328 0.1060750 0.1176155 0.0463522 0.1287982 0.0866274 0.0302327 0.0072115 0.1489656 0.1101161 0.1230480 0.0429099 0.0146742 0.1043463 0.1341716 0.2177923 0.0472504 0.1348656 0.0220815 0.1241159 0.0835105 0.0259527 0.0832277 0.0787801 0.1229948 0.1026652 0.1095298 0.1103239 0.0735373 0.0982097 0.0716793 0.1113048 0.1205338 0.1215446 0.0340714 0.1468594 0.1899934 0.1419148 0.1158996 0.1208511 0.1244239 0.1309403 0.2336011 0.0835748 0.1624456 0.0894570 0.1158996 0.0341110 0.1275266 0.1630904 0.0108648 0.0341264 0.1114123 0.0817195 0.1079516 0.0771866 0.1293342 0.1030656 0.1058753 0.1169223 0.1395208 0.0219536 0.1078996 0.1079267 0.1007319 0.0144646 0.0074578 0.0265525 0.1062387 0.0184685 0.1055666 0.0993573 0.0895313 0.0748805 0.0112760 0.0888003 0.0517863 0.1417007 0.1286165 0.0108380 0.1364568 0.0221861 
S0407sl       0.5541742 0.6072434 0.6304214 0.1411039 0.0745216 0.1541843 0.3007998 0.1187382 0.0849395 0.0699658 0.1194960 0.0954085 0.0647338 0.1259209 0.1737372 0.1485257 0.0663743 0.1261145 0.1220445 0.0514799 0.0994564 0.0597217 0.1340219 0.1216293 0.1010605 0.1001152 0.0000000 0.1212941 0.0471463 0.0943674 0.1544550 0.0396317 0.1101279 0.0884955 0.1404357 0.1164243 0.1503172 0.0306386 0.1241236 0.0861484 0.1105870 0.0456914 0.0994375 0.1190239 0.0804140 0.1014057 0.1319027 0.2151812 0.1122192 0.1325715 0.0958015 0.1220700 0.0893679 0.1168440 0.0990172 0.0943674 0.1451214 0.0998143 0.1036046 0.0869221 0.0641950 0.1110638 0.0700921 0.1275468 0.1303433 0.1443741 0.1110007 0.1425203 0.1882345 0.1292091 0.0887075 0.1638273 0.1489986 0.1673690 0.2294031 0.0994439 0.1988868 0.0997474 0.0887075 0.1106960 0.1508109 0.1995989 0.0963207 0.1114422 0.1160032 0.0386261 0.0878701 0.0753974 0.1271486 0.0659203 0.0510101 0.1316950 0.1245305 0.1106170 0.0945693 0.1456007 0.1337645 0.1004693 0.0845901 0.1200367 0.1101027 0.1075243 0.0528010 0.1314992 0.1149302 0.0509385 0.0839068 0.1050415 0.0116376 0.1435529 0.0990713 0.0960730 0.1385669 0.1119942 
S0412sl       0.5065825 0.6010846 0.6805508 0.1647216 0.1425550 0.1161982 0.3084609 0.0846601 0.1118488 0.1190900 0.1463699 0.0827265 0.1138538 0.1437111 0.1125770 0.1041076 0.1280786 0.1418722 0.1429498 0.1031088 0.1537823 0.1292495 0.1634079 0.0776169 0.0879568 0.0782258 0.1212941 0.0000000 0.1352292 0.1220239 0.1141578 0.0886574 0.1351463 0.1658682 0.1593259 0.0511355 0.1859728 0.0975056 0.0946461 0.0789780 0.1690442 0.1028493 0.1904188 0.0701177 0.0686894 0.1405375 0.1480699 0.2040613 0.0432217 0.1548482 0.0835656 0.1398441 0.1274661 0.1027207 0.1270029 0.1220239 0.1665960 0.1381533 0.1493391 0.1817402 0.1123102 0.1611751 0.1194810 0.1595845 0.1553093 0.1523853 0.0780666 0.1640325 0.2026323 0.1628392 0.1508240 0.1601196 0.1561552 0.1749038 0.2242193 0.1275776 0.1938417 0.1271036 0.1508240 0.0743682 0.1492278 0.1946269 0.0834829 0.0744261 0.1478266 0.1366024 0.1864750 0.1417238 0.1430678 0.1433972 0.1300080 0.1774941 0.1399925 0.0878339 0.1423049 0.1487097 0.1576786 0.0784891 0.0768802 0.0671016 0.1508865 0.0840734 0.1235661 0.1495624 0.1328334 0.0861046 0.0576823 0.1338155 0.0894789 0.1585914 0.1931853 0.0832752 0.1599095 0.0882927 
S0417         0.5618948 0.6344548 0.6533017 0.1304241 0.1120486 0.1511539 0.2775367 0.0874241 0.0818508 0.0434748 0.1050740 0.0665140 0.0347534 0.1056369 0.1014057 0.1145480 0.0481700 0.1221968 0.1543060 0.0310269 0.1019010 0.0429259 0.1231346 0.1087300 0.0715698 0.0709322 0.0471463 0.1352292 0.0000000 0.0806492 0.1199669 0.0275525 0.1302985 0.0649854 0.1199295 0.1061014 0.1126682 0.0351884 0.0923822 0.0578057 0.0701917 0.0324761 0.0556363 0.1043069 0.0723804 0.0872536 0.1279787 0.1846121 0.0812482 0.1286266 0.0710611 0.1371640 0.0855015 0.0860813 0.0852059 0.0806492 0.1071043 0.0858924 0.0916813 0.0439911 0.0364139 0.1028590 0.0717654 0.1077419 0.1158896 0.1239241 0.0924092 0.1273619 0.1569678 0.1227210 0.0795449 0.1527333 0.1375031 0.1444019 0.1980337 0.0855692 0.1417783 0.0806704 0.0795449 0.0715150 0.1343242 0.1423517 0.0671279 0.0811410 0.1237158 0.0147715 0.0553148 0.0543085 0.1232078 0.0306838 0.0517120 0.1168330 0.1332350 0.0805605 0.0808201 0.1297383 0.1128556 0.0711747 0.0603717 0.0883365 0.1079264 0.0772193 0.0486198 0.1170876 0.0951994 0.0345684 0.0500199 0.0909430 0.0305763 0.1282709 0.0535200 0.0669559 0.1233644 0.0815306 
S0419         0.5548452 0.7025718 0.7428431 0.1069560 0.1150271 0.1262908 0.3154604 0.0910553 0.0000010 0.1033974 0.0734624 0.0743642 0.0919477 0.0896683 0.1040117 0.1286398 0.0979066 0.0836812 0.0994437 0.0726688 0.0552184 0.0946672 0.1285744 0.1118817 0.0794863 0.0787801 0.0943674 0.1220239 0.0806492 0.0000000 0.1231127 0.0590923 0.0996417 0.1056190 0.1056878 0.0943581 0.1038535 0.0877503 0.0859479 0.0656617 0.1313607 0.0984549 0.1021857 0.0910996 0.0803788 0.0573234 0.0887287 0.1763098 0.0810019 0.0847995 0.0794016 0.1118413 0.0035656 0.0940671 0.0035551 0.0000010 0.0903343 0.0605673 0.0797262 0.0939551 0.0898956 0.0852791 0.0228530 0.0943803 0.1022832 0.0999611 0.1004682 0.0744929 0.1324467 0.1022924 0.0734132 0.0923405 0.1121198 0.1122284 0.1832547 0.0035677 0.1361181 0.0954701 0.0734132 0.0901746 0.1243252 0.1366516 0.0750450 0.0886000 0.0886764 0.0708838 0.0949215 0.0703756 0.0843574 0.0922683 0.0797060 0.0837449 0.0934312 0.0793777 0.0700809 0.1304535 0.1011592 0.0790479 0.0685611 0.0815630 0.1024718 0.0702061 0.0741112 0.1004034 0.0797874 0.0617261 0.0629606 0.0072106 0.0513715 0.0749694 0.1049810 0.0748559 0.0795810 0.0647486 
S0427         0.5639724 0.6926351 0.7378805 0.1678486 0.1627764 0.1300023 0.3531161 0.0902935 0.1250500 0.1322402 0.1886438 0.0561940 0.1366547 0.1170941 0.0472539 0.0762357 0.1455916 0.1838417 0.2223293 0.1265182 0.1725640 0.1439925 0.1667523 0.0434529 0.0609520 0.0604291 0.1544550 0.1141578 0.1199669 0.1231127 0.0000000 0.1472029 0.1944527 0.1759174 0.1716688 0.0875853 0.1845617 0.1271332 0.0705968 0.0524196 0.2004453 0.1639886 0.1714833 0.0854150 0.0616200 0.1574507 0.1899275 0.2521197 0.0893981 0.1918341 0.0698100 0.1796026 0.1286195 0.0704967 0.1281473 0.1231127 0.1778626 0.1670974 0.1498017 0.1579773 0.1527461 0.1702754 0.1367171 0.1639531 0.1762844 0.1756018 0.0849401 0.2059648 0.2154609 0.1642430 0.1420830 0.1628367 0.1800262 0.1879498 0.2501982 0.1287333 0.2031212 0.1180153 0.1420830 0.0844893 0.1756337 0.2039299 0.0566964 0.0749722 0.1739699 0.1335443 0.1399467 0.1487070 0.1853896 0.1469676 0.1493562 0.1589004 0.1967189 0.0519883 0.1447098 0.1752333 0.1428695 0.0606292 0.0544410 0.0715154 0.1621470 0.0615920 0.1781283 0.1412617 0.1120480 0.1131645 0.0491021 0.1350527 0.1355849 0.2002270 0.1798323 0.0563738 0.1872447 0.0655360 
S0428sl       0.5508541 0.5609406 0.5834704 0.1267516 0.0828584 0.1303090 0.2698443 0.0657246 0.0590923 0.0393449 0.0782959 0.0464688 0.0535161 0.0787947 0.0554536 0.0960249 0.0679320 0.0874793 0.0820262 0.0337437 0.1000848 0.0393449 0.1107484 0.0960665 0.0464688 0.0464688 0.0396317 0.0886574 0.0275525 0.0590923 0.1472029 0.0000000 0.0883476 0.0452060 0.0819440 0.0808436 0.0871999 0.0402296 0.0662669 0.0405502 0.0803053 0.0296801 0.0645697 0.0747714 0.0467317 0.0676372 0.0881445 0.1733134 0.0819373 0.0943616 0.0527923 0.0742834 0.0590923 0.0664114 0.0653336 0.0590923 0.0800143 0.0663693 0.0982898 0.0530146 0.0467769 0.0811852 0.0685135 0.0739110 0.0807212 0.0804879 0.0662129 0.1020800 0.1826658 0.1002319 0.0934521 0.1184082 0.0898918 0.1063288 0.2115888 0.0657225 0.1700910 0.0731868 0.0934521 0.0525481 0.1016762 0.1631147 0.0464688 0.0733079 0.0669714 0.0278745 0.0406270 0.0657649 0.0805257 0.0342060 0.0725889 0.0862395 0.0805257 0.0656903 0.0866463 0.1024031 0.0793830 0.0528005 0.0362600 0.0676945 0.0663158 0.0534088 0.0410968 0.0867429 0.0651330 0.0335514 0.0420473 0.0661696 0.0393983 0.1030960 0.0542024 0.0469003 0.0876794 0.0665162 
S0430         0.6797050 0.7997048 0.8569981 0.1452363 0.1586365 0.2013754 0.3590150 0.1619051 0.0900832 0.1430299 0.1071712 0.1420198 0.1442947 0.1098193 0.1935988 0.1850151 0.1652489 0.0182383 0.0632786 0.1268175 0.0227145 0.1329715 0.1631920 0.1615398 0.1488206 0.1366328 0.1101279 0.1351463 0.1302985 0.0996417 0.1944527 0.0883476 0.0000000 0.1340103 0.0891261 0.1608655 0.0876559 0.1144057 0.1634488 0.1316725 0.1980465 0.1258357 0.1613938 0.1071716 0.1246334 0.0843056 0.0223395 0.2578614 0.1443084 0.0221687 0.1556880 0.0647517 0.0945597 0.1670623 0.1043482 0.0996417 0.1034576 0.0926886 0.0926004 0.1477554 0.1268355 0.1126766 0.0287984 0.0795386 0.0657170 0.0832539 0.1430197 0.1029148 0.2494939 0.1687310 0.0938964 0.0981326 0.0950533 0.1007746 0.2667498 0.1048016 0.2329041 0.1160473 0.0938964 0.1551064 0.1331790 0.2338527 0.1434829 0.1433030 0.0943226 0.1187505 0.1487729 0.1031228 0.0185791 0.1569242 0.1408542 0.0774248 0.0182574 0.1594746 0.0904613 0.1426920 0.1241848 0.1371489 0.1316920 0.1381982 0.1033496 0.1492013 0.1237117 0.1181656 0.0993448 0.1181373 0.1061434 0.1105113 0.0829481 0.1036026 0.1557428 0.1430979 0.0990239 0.1464241 
S0478         0.5795675 0.6600150 0.6989018 0.1372440 0.1235431 0.1582058 0.3051145 0.1296455 0.1072336 0.0852564 0.1087512 0.1012768 0.0762733 0.1214250 0.1653400 0.1320515 0.0964786 0.1258685 0.1579760 0.0667765 0.0836096 0.0557603 0.1526628 0.1625990 0.1070941 0.1060750 0.0884955 0.1658682 0.0649854 0.1056190 0.1759174 0.0452060 0.1340103 0.0000000 0.1357714 0.1339220 0.1264424 0.0810058 0.1143742 0.0918419 0.1054850 0.0760952 0.0795654 0.0988085 0.1083715 0.0960883 0.1316415 0.2576495 0.1193483 0.1323068 0.0864627 0.1427925 0.1108189 0.1123495 0.1104241 0.1056190 0.1231213 0.0896496 0.1149322 0.0626648 0.0642667 0.0969055 0.0556591 0.1359845 0.1259757 0.1397375 0.1144382 0.1310174 0.2263076 0.1581558 0.1035026 0.1384228 0.1431431 0.1447748 0.2827432 0.1109120 0.2134036 0.1170588 0.1035026 0.1211748 0.1450945 0.2142636 0.1022592 0.1219972 0.1223503 0.0608332 0.0771496 0.0609991 0.1268986 0.0715028 0.0841147 0.1147742 0.1368781 0.1168303 0.1052267 0.1600369 0.1291679 0.1064544 0.0961871 0.1199267 0.1181284 0.1030372 0.0829454 0.1334533 0.1105052 0.0656338 0.0889831 0.1167941 0.0428264 0.1319473 0.0828970 0.1019938 0.1211573 0.1075141 
