83
CRNC          0.0000000 0.2562841 0.1587697 0.3761600 0.6291925 0.4073641 0.4810485 0.3740282 0.3921351 0.4011916 0.4715405 0.3689613 0.3422133 0.3697293 0.2861617 0.4887625 0.3020284 0.3385268 0.2879451 0.3903517 0.4111008 0.3835717 0.4054021 0.5071227 0.4651055 0.3370580 0.4504038 0.3543731 0.5634447 0.3955573 0.2988423 0.4315084 0.4681677 0.4143955 0.3385268 0.3219474 0.3142710 0.4373124 0.3410983 0.4742693 0.3000887 0.4315135 0.3456678 0.3297977 0.4211241 0.4178230 0.3114912 0.2599170 0.3030820 0.3737133 0.3526987 0.4754242 0.3385268 0.4883524 0.3783641 0.2846841 0.3144110 0.3868004 0.4854846 0.4388434 0.3526987 0.3430610 0.4373124 0.4612735 0.2966753 0.3846824 0.3092602 0.2993547 0.3734529 0.3176172 0.2706207 0.2875806 0.4348218 0.3380662 0.3786832 0.3844276 0.3297716 0.4458676 0.3328803 0.3967244 0.4461453 0.4173559 0.4217784 
HYZL          0.2562841 0.0000000 0.1001937 0.2398043 0.2681488 0.2627790 0.2535759 0.2639002 0.2809950 0.2620178 0.2832374 0.2699993 0.3274414 0.2600987 0.2658011 0.3017080 0.2218099 0.3229520 0.3082970 0.2245175 0.2964648 0.2539757 0.2902888 0.2638713 0.2814379 0.3305563 0.3385584 0.2604575 0.3137565 0.2570313 0.2163980 0.2894174 0.2638713 0.2627790 0.2809950 0.2532775 0.2884018 0.3552987 0.3156767 0.2964648 0.2503203 0.2633370 0.2447567 0.3042538 0.3416589 0.2701617 0.2436396 0.3739574 0.2222743 0.2636496 0.2450468 0.2800769 0.2809950 0.2927285 0.2266365 0.3126198 0.1848010 0.2722392 0.2927285 0.2638713 0.2337844 0.2435838 0.3552987 0.4054414 0.2639616 0.2209238 0.2002197 0.3024230 0.2371621 0.1877936 0.1916701 0.1954861 0.2697045 0.2346415 0.2447567 0.2185378 0.2327465 0.3651264 0.3414540 0.2303724 0.3625471 0.3001727 0.3411247 
MYZV          0.1587697 0.1001937 0.0000000 0.3051582 0.3519185 0.2456008 0.3374035 0.2963930 0.3246938 0.2978073 0.2816448 0.2574986 0.3270351 0.2440607 0.2795897 0.2944553 0.2229155 0.2777362 0.2936245 0.2792454 0.2898888 0.2579517 0.3218712 0.3054371 0.3375544 0.3209127 0.3177512 0.2381584 0.3734884 0.2384976 0.2113719 0.3145229 0.2810122 0.2516402 0.2777362 0.2776299 0.2652575 0.2903791 0.3081644 0.3372945 0.2781047 0.3048866 0.2378211 0.2693780 0.3404624 0.3544926 0.2261309 0.2265262 0.2234416 0.2608130 0.2783406 0.3444655 0.2777362 0.3607882 0.2718096 0.2539414 0.2127193 0.2984840 0.3581100 0.2610109 0.2861334 0.2427591 0.2903791 0.2881624 0.2985664 0.2953368 0.2177878 0.2381128 0.2656921 0.2355349 0.1737285 0.1910365 0.3376279 0.2784009 0.3085556 0.2382458 0.2736005 0.3609205 0.2805190 0.2307876 0.3708089 0.3314561 0.2802771 
SRR6441723    0.3761600 0.2398043 0.3051582 0.0000000 0.0832014 0.0637231 0.1831927 0.0554854 0.0607574 0.0560516 0.0648930 0.1073879 0.1100377 0.0663493 0.0886593 0.0630536 0.0854212 0.0593242 0.1086352 0.1411158 0.0657047 0.0960156 0.0464413 0.0752432 0.1168792 0.0941846 0.0674546 0.0840278 0.1163952 0.0948121 0.0800791 0.0694962 0.0857704 0.0830239 0.0411638 0.0669435 0.0896568 0.0662802 0.1172966 0.0867286 0.0506221 0.0665332 0.0306077 0.0847943 0.0876496 0.1075813 0.0571300 0.1160031 0.0488986 0.0473642 0.0388945 0.0987336 0.0411638 0.0930333 0.0305940 0.0683631 0.0654750 0.0572486 0.1039030 0.0554948 0.0768021 0.0742849 0.0662802 0.0756043 0.0472142 0.1154319 0.1009856 0.1098614 0.0468198 0.0230751 0.0565298 0.0573730 0.0477913 0.0785332 0.0473718 0.0500965 0.0768477 0.0775901 0.0837752 0.0742164 0.0979830 0.0474047 0.0649617 
ERR4210213    0.6291925 0.2681488 0.3519185 0.0832014 0.0000000 0.0888553 0.2394571 0.1374799 0.0658459 0.1298095 0.0703460 0.1121182 0.2089526 0.0452433 0.1929959 0.1093273 0.1702950 0.1333025 0.1993011 0.0870231 0.0869732 0.0797030 0.0888553 0.0484375 0.0946873 0.1651503 0.1491370 0.1106680 0.1460660 0.1617418 0.1759408 0.1541612 0.1665402 0.1095261 0.1106680 0.1319400 0.1366364 0.1241311 0.2060061 0.0468425 0.1494410 0.0468425 0.0869732 0.1991545 0.1078059 0.1348327 0.1203160 0.1661724 0.1606694 0.1147071 0.0931416 0.1359120 0.1106680 0.0777873 0.1297277 0.0914091 0.1171847 0.1529621 0.0996032 0.0888553 0.1092333 0.1297090 0.1241311 0.1241311 0.1612550 0.0909306 0.1468694 0.2065197 0.1459539 0.1068097 0.0541416 0.0966848 0.1531219 0.1416508 0.1777652 0.1978408 0.1093778 0.1078059 0.2058753 0.1095261 0.1525424 0.0888553 0.1628603 
ERR2789774    0.4073641 0.2627790 0.2456008 0.0637231 0.0888553 0.0000000 0.2089290 0.0637263 0.0849736 0.0726828 0.0376787 0.0959408 0.1237182 0.0665894 0.0927795 0.0395261 0.0570327 0.0829819 0.1125230 0.1485396 0.0828844 0.1061916 0.0544319 0.0465191 0.1192832 0.0844152 0.0790747 0.0884678 0.1205042 0.0544141 0.0956181 0.0876213 0.0555528 0.0217874 0.0643746 0.0844821 0.1173152 0.0679694 0.1067079 0.1050674 0.0875793 0.0838982 0.0463086 0.0658159 0.1035153 0.1268255 0.0558891 0.1224682 0.0849953 0.0636919 0.0549202 0.1117095 0.0643746 0.1124849 0.0636687 0.0860025 0.0558492 0.0936552 0.1237442 0.0294901 0.0665561 0.0726481 0.0679694 0.0937418 0.1094978 0.1441223 0.1162591 0.1234496 0.0728017 0.0482966 0.0391889 0.0393040 0.0937468 0.0680526 0.0821328 0.0866377 0.0665936 0.0927758 0.0926492 0.0459386 0.1145073 0.0555713 0.0554007 
PAFTOL_019361 0.4810485 0.2535759 0.3374035 0.1831927 0.2394571 0.2089290 0.0000000 0.2381554 0.1483997 0.1968510 0.1985730 0.1528835 0.2206939 0.1796399 0.2494709 0.2052003 0.1872621 0.1714525 0.2605256 0.1785086 0.2291534 0.1477732 0.2450495 0.1650576 0.2010823 0.2703466 0.2494970 0.2025984 0.1813193 0.2074772 0.1946678 0.2594135 0.2519668 0.2407114 0.1779617 0.2077525 0.2063956 0.2280593 0.2752606 0.1943341 0.2290182 0.1647729 0.1693093 0.2453877 0.1770201 0.1930641 0.2175112 0.2009220 0.2047712 0.2055473 0.2107853 0.1685146 0.1779617 0.1603135 0.1564944 0.1518897 0.1850209 0.1650443 0.1480189 0.1967075 0.2530671 0.1826619 0.2280593 0.2799022 0.1527301 0.1649586 0.1798313 0.1961946 0.2345721 0.1189860 0.1447951 0.1569934 0.2025306 0.2214855 0.1831560 0.1659654 0.2532763 0.1907293 0.2339114 0.1990569 0.2196306 0.2520175 0.2209754 
S0055         0.3740282 0.2639002 0.2963930 0.0554854 0.1374799 0.0637263 0.2381554 0.0000000 0.0829655 0.0894667 0.0552971 0.0958263 0.1262605 0.0988697 0.0906597 0.0579867 0.0834873 0.0810747 0.1095645 0.1755135 0.0629301 0.0946909 0.0377040 0.0651208 0.1190176 0.0562763 0.0690283 0.1154548 0.1107039 0.0719548 0.1178405 0.0664945 0.0751309 0.0728079 0.0630035 0.1020597 0.0987990 0.0678113 0.0761305 0.0828684 0.0484499 0.0636942 0.0454114 0.0657359 0.1068938 0.0830003 0.0547906 0.1137855 0.0829856 0.0294370 0.0217682 0.0941855 0.0630035 0.0886615 0.0623323 0.0810480 0.0379500 0.0914017 0.0989642 0.0463241 0.0665461 0.0894271 0.0678113 0.0672613 0.0924434 0.1562555 0.1398016 0.1046924 0.0915585 0.0473159 0.0477163 0.0303822 0.0629439 0.0484920 0.0802718 0.0845673 0.0665836 0.0966042 0.0924428 0.0642565 0.1174231 0.0384635 0.0552779 
S0196sl       0.3921351 0.2809950 0.3246938 0.0607574 0.0658459 0.0849736 0.1483997 0.0829655 0.0000000 0.0673008 0.0662757 0.0750456 0.1250661 0.0888266 0.0917200 0.0867645 0.1070553 0.0300362 0.1108979 0.1034578 0.0650145 0.0623600 0.0744208 0.0468051 0.0839658 0.1420125 0.0893758 0.0983296 0.1205073 0.0938395 0.0937424 0.0821720 0.0983146 0.0949833 0.0145779 0.0692809 0.1037092 0.0775927 0.1703698 0.0463012 0.0687782 0.0296908 0.0302851 0.1090189 0.0650791 0.1118202 0.0686713 0.1147307 0.0600973 0.0643947 0.0555316 0.1033673 0.0145779 0.0681042 0.0402935 0.0906289 0.0748488 0.0687985 0.0777646 0.0658009 0.1096044 0.0735181 0.0775927 0.1232183 0.1011434 0.0925826 0.1043919 0.1087010 0.0688289 0.0421032 0.0677743 0.0666521 0.0688570 0.0886469 0.0581197 0.0615044 0.1096784 0.0560615 0.0959244 0.0857243 0.0743370 0.0760914 0.0759422 
S0292         0.4011916 0.2620178 0.2978073 0.0560516 0.1298095 0.0726828 0.1968510 0.0894667 0.0673008 0.0000000 0.0826358 0.1278173 0.1153251 0.0956963 0.0943001 0.0935260 0.0931356 0.0657613 0.1141145 0.1337390 0.0636203 0.1060784 0.0811214 0.0937134 0.1374688 0.1364489 0.0962914 0.0764352 0.1446155 0.0810988 0.0764663 0.0671804 0.1049682 0.0820084 0.0479796 0.0551491 0.0955309 0.0845623 0.1632878 0.0837798 0.0758144 0.0726832 0.0372921 0.1154874 0.0934572 0.1341156 0.0461677 0.1213793 0.0554787 0.0711318 0.0623650 0.1041818 0.0479796 0.1201964 0.0372752 0.0987450 0.0815592 0.0635861 0.1313163 0.0726828 0.0953291 0.0453364 0.0845623 0.1170728 0.0933515 0.1221184 0.0962362 0.1151724 0.0554380 0.0225874 0.0748370 0.0644412 0.0462995 0.0953890 0.0372921 0.0393760 0.0953889 0.0836360 0.1024800 0.0924048 0.1035328 0.0829034 0.0827791 
S0293         0.4715405 0.2832374 0.2816448 0.0648930 0.0703460 0.0376787 0.1985730 0.0552971 0.0662757 0.0826358 0.0000000 0.0576035 0.1133609 0.0578476 0.1036344 0.0222899 0.0963238 0.0740637 0.1099554 0.1144295 0.0386088 0.0739737 0.0299452 0.0146897 0.0987563 0.0850400 0.0697346 0.0932645 0.1104235 0.0635995 0.0962941 0.0590532 0.0305294 0.0297189 0.0558414 0.0943529 0.0848988 0.0590021 0.1075435 0.0480796 0.0590223 0.0476120 0.0382588 0.0570767 0.0935391 0.0957325 0.0475293 0.0997497 0.0758444 0.0382908 0.0301793 0.1016288 0.0558414 0.0915740 0.0552489 0.0654798 0.0474615 0.0844634 0.1023232 0.0071008 0.0578791 0.0825972 0.0590021 0.0811937 0.1116187 0.1107615 0.0952035 0.0912451 0.0641873 0.0486536 0.0308529 0.0395739 0.0845419 0.0590756 0.0733305 0.0774048 0.0579107 0.0829842 0.0835374 0.0221267 0.1043480 0.0305412 0.0470676 
S0294         0.3689613 0.2699993 0.2574986 0.1073879 0.1121182 0.0959408 0.1528835 0.0958263 0.0750456 0.1278173 0.0576035 0.0000000 0.1186697 0.1252185 0.1298903 0.0775966 0.1001989 0.1183994 0.1268933 0.1121729 0.0968692 0.0629707 0.0657608 0.0387235 0.0876824 0.1044975 0.0912006 0.1306001 0.1616778 0.1077334 0.1071950 0.0857442 0.0672062 0.0858815 0.0969862 0.1222209 0.1003208 0.0793195 0.1159557 0.0749548 0.0857031 0.0558729 0.0758250 0.0578665 0.1509916 0.1053465 0.0570773 0.1157233 0.0970311 0.0758931 0.0664126 0.1179347 0.0969862 0.1013450 0.0957220 0.0822048 0.0873021 0.0991913 0.0907563 0.0571932 0.0704017 0.1061293 0.0793195 0.1107504 0.1390135 0.1086259 0.1206669 0.1109832 0.1062300 0.0793762 0.0411267 0.0498738 0.1310797 0.1026584 0.1169485 0.1013397 0.0795018 0.1387125 0.1048146 0.0577459 0.1635839 0.0672278 0.0656352 
S0308         0.3422133 0.3274414 0.3270351 0.1100377 0.2089526 0.1237182 0.2206939 0.1262605 0.1250661 0.1153251 0.1133609 0.1186697 0.0000000 0.1221143 0.1571091 0.1268063 0.1321316 0.1000760 0.1782948 0.0939807 0.1277828 0.1392874 0.1170684 0.1269136 0.1769182 0.1385738 0.1546235 0.0634923 0.1505474 0.1334072 0.0676422 0.1121942 0.1407646 0.1353414 0.1000760 0.1229879 0.0600612 0.1390356 0.1597843 0.1546438 0.1350393 0.1292998 0.0847182 0.1595570 0.1250349 0.1491338 0.0967215 0.0623004 0.0778428 0.1049217 0.0947621 0.1189187 0.1000760 0.1466371 0.0846667 0.0522596 0.1176274 0.1060903 0.1587549 0.1014041 0.1593089 0.1372416 0.1390356 0.1847421 0.0657942 0.0907991 0.0675500 0.0857142 0.1184551 0.0590473 0.0692976 0.0878445 0.1181820 0.1351681 0.1049411 0.1107867 0.1594285 0.1135931 0.1432502 0.1024819 0.1367700 0.1199375 0.1200241 
S0335         0.3697293 0.2600987 0.2440607 0.0663493 0.0452433 0.0665894 0.1796399 0.0988697 0.0888266 0.0956963 0.0578476 0.1252185 0.1221143 0.0000000 0.1336224 0.0678909 0.1034559 0.0670646 0.1519414 0.1210293 0.0865373 0.0870765 0.0767884 0.0680973 0.0939058 0.1228163 0.0755097 0.0694071 0.1187648 0.0876407 0.0894105 0.1059583 0.0785283 0.0760128 0.0670646 0.1021994 0.0812833 0.0648928 0.1497512 0.1100702 0.0916474 0.0876376 0.0481091 0.1123860 0.0696837 0.1028338 0.0904964 0.0845450 0.0687141 0.0784802 0.0687583 0.1094633 0.0670646 0.1102776 0.0662903 0.0617971 0.0597202 0.0865792 0.1221490 0.0484933 0.0954826 0.0956521 0.0648928 0.0884113 0.1048943 0.1395244 0.1107556 0.1062408 0.0846959 0.0492909 0.0510367 0.0712515 0.0980352 0.0886042 0.0857047 0.0906017 0.0955426 0.0795215 0.0856060 0.0671615 0.1001373 0.0785521 0.0784070 
S0376         0.2861617 0.2658011 0.2795897 0.0886593 0.1929959 0.0927795 0.2494709 0.0906597 0.0917200 0.0943001 0.1036344 0.1298903 0.1571091 0.1336224 0.0000000 0.1157264 0.0656193 0.0896272 0.0405987 0.1719784 0.0915727 0.1704553 0.0821834 0.1158655 0.1555542 0.1164824 0.1230652 0.1287771 0.1471097 0.0637841 0.1363279 0.1115469 0.1283265 0.0830989 0.0712997 0.0872072 0.1373765 0.1207285 0.1303195 0.1142089 0.0966651 0.1127668 0.0719548 0.1172724 0.1253883 0.1145259 0.0670964 0.1498352 0.0778242 0.0720160 0.0631129 0.1058345 0.0712997 0.1221032 0.0845910 0.1246065 0.1020940 0.0965338 0.1111447 0.0927795 0.0768421 0.0630095 0.1207285 0.1716734 0.1313708 0.1780970 0.1357966 0.1316571 0.0967355 0.0687741 0.0663525 0.0562088 0.1057124 0.1176905 0.1044835 0.0759607 0.0580099 0.1148286 0.1251537 0.0936922 0.1147820 0.0840179 0.1038995 
S0405         0.4887625 0.3017080 0.2944553 0.0630536 0.1093273 0.0395261 0.2052003 0.0579867 0.0867645 0.0935260 0.0222899 0.0775966 0.1268063 0.0678909 0.1157264 0.0000000 0.0954667 0.0846813 0.1392337 0.1655586 0.0655196 0.0971959 0.0383712 0.0305908 0.1221115 0.0891394 0.0807617 0.1056977 0.1234206 0.0734976 0.1083984 0.0693957 0.0391453 0.0380632 0.0655993 0.1070579 0.0972071 0.0693371 0.1127229 0.0866585 0.0693597 0.0663493 0.0471117 0.0599375 0.1059501 0.1077183 0.0569814 0.1133367 0.0867877 0.0471520 0.0386908 0.1032383 0.0655993 0.1151966 0.0648618 0.0648612 0.0498331 0.0956608 0.1268192 0.0145290 0.0679302 0.0934834 0.0693371 0.0802387 0.1080328 0.1606231 0.1303085 0.1035773 0.0742188 0.0482466 0.0308529 0.0416083 0.0957575 0.0620980 0.0837899 0.0884836 0.0679696 0.0948897 0.0946138 0.0302187 0.1172824 0.0391599 0.0564135 
S0412sl       0.3020284 0.2218099 0.2229155 0.0854212 0.1702950 0.0570327 0.1872621 0.0834873 0.1070553 0.0931356 0.0963238 0.1001989 0.1321316 0.1034559 0.0656193 0.0954667 0.0000000 0.1044505 0.0819369 0.1448363 0.1043304 0.1113716 0.0845295 0.1084794 0.1024806 0.1311622 0.1257381 0.1273873 0.1274961 0.0565514 0.1349501 0.1102560 0.1208596 0.0570828 0.0844944 0.0860436 0.1360063 0.1131446 0.1461650 0.1285477 0.0995311 0.1055847 0.0648265 0.0989814 0.1117513 0.0967139 0.0660817 0.1420588 0.1070968 0.0740400 0.0648825 0.0879998 0.0844944 0.1034294 0.0834767 0.1291623 0.0660098 0.0953353 0.0927070 0.0855018 0.0791197 0.0558683 0.1131446 0.1740411 0.1268272 0.1487300 0.1116781 0.1477545 0.0955274 0.0578268 0.0404162 0.0315398 0.1032055 0.0996232 0.1032758 0.0882459 0.0791684 0.1227225 0.1178333 0.0669553 0.1457250 0.0864663 0.0965487 
S0419         0.3385268 0.3229520 0.2777362 0.0593242 0.1333025 0.0829819 0.1714525 0.0810747 0.0300362 0.0657613 0.0740637 0.1183994 0.1000760 0.0670646 0.0896272 0.0846813 0.1044505 0.0000000 0.1008759 0.1295714 0.0635595 0.0960418 0.0727259 0.0848813 0.1280926 0.1162392 0.0780581 0.0743321 0.1196343 0.0916396 0.0707780 0.0801529 0.0958888 0.0927247 0.0142907 0.0701715 0.0801889 0.0669940 0.1315497 0.0837882 0.0671646 0.0643393 0.0296600 0.1062930 0.0636235 0.0948207 0.0670662 0.0805900 0.0407219 0.0458632 0.0543219 0.1056467 0.0142907 0.0969382 0.0394125 0.0595788 0.0731389 0.0572983 0.1074625 0.0643076 0.1068957 0.0718668 0.0669940 0.0924259 0.0783752 0.1176143 0.0911284 0.0765940 0.0672130 0.0324330 0.0571000 0.0561105 0.0672456 0.0865075 0.0568077 0.0600489 0.1069659 0.0548280 0.0656790 0.0836979 0.0726487 0.0743194 0.0656421 
S0427         0.2879451 0.3082970 0.2936245 0.1086352 0.1993011 0.1125230 0.2605256 0.1095645 0.1108979 0.1141145 0.1099554 0.1268933 0.1782948 0.1519414 0.0405987 0.1392337 0.0819369 0.1008759 0.0000000 0.1764528 0.1182818 0.1837629 0.1002500 0.1392854 0.1850501 0.1571710 0.1197501 0.1470177 0.1761766 0.0794561 0.1254260 0.1142651 0.1253044 0.1015434 0.0874979 0.0718473 0.1563150 0.1173778 0.1587372 0.1448678 0.0988767 0.1350113 0.0884337 0.1138393 0.1492800 0.1296272 0.0618475 0.1709143 0.0862122 0.0885153 0.0784920 0.1279752 0.0874979 0.1470180 0.1031526 0.1420040 0.1228159 0.0914717 0.1345551 0.1125230 0.0851942 0.0783570 0.1173778 0.1469515 0.1489928 0.1830251 0.1370992 0.1495183 0.1174995 0.0736245 0.0753179 0.0600262 0.1273620 0.1413110 0.1256427 0.0936792 0.0736088 0.1373279 0.1145255 0.1137419 0.1372764 0.1027292 0.1000531 
S0430         0.3903517 0.2245175 0.2792454 0.1411158 0.0870231 0.1485396 0.1785086 0.1755135 0.1034578 0.1337390 0.1144295 0.1121729 0.0939807 0.1210293 0.1719784 0.1655586 0.1448363 0.1295714 0.1764528 0.0000000 0.1358240 0.1147643 0.1654092 0.1106770 0.1075161 0.1723563 0.1645375 0.0463563 0.1920380 0.1346760 0.0564113 0.1612768 0.1813882 0.1366454 0.1295714 0.1070889 0.0775125 0.1484660 0.1900153 0.1097270 0.1699565 0.1082845 0.1110137 0.2192643 0.1461343 0.1872698 0.1292017 0.1018968 0.1042300 0.1501444 0.1380935 0.1912724 0.1295714 0.1589905 0.1109365 0.0800707 0.1660713 0.1357229 0.1721581 0.1365825 0.2022247 0.1338362 0.1484660 0.1988189 0.1000622 0.0225121 0.0148813 0.1240962 0.1258879 0.0707763 0.0625096 0.1049800 0.1497328 0.1886775 0.1339931 0.1417629 0.2023874 0.1340839 0.1528392 0.1147248 0.1585124 0.1699071 0.1705745 
S0552sl       0.4111008 0.2964648 0.2898888 0.0657047 0.0869732 0.0828844 0.2291534 0.0629301 0.0650145 0.0636203 0.0386088 0.0968692 0.1277828 0.0865373 0.0915727 0.0655196 0.1043304 0.0635595 0.1182818 0.1358240 0.0000000 0.0838320 0.0548270 0.0657209 0.1279493 0.1161061 0.0870530 0.1021434 0.1347364 0.0915343 0.0976278 0.0479466 0.0758670 0.0734915 0.0462545 0.0833991 0.0865002 0.0756430 0.1415004 0.0145573 0.0488628 0.0467714 0.0296257 0.0856753 0.0946091 0.1037524 0.0552573 0.1005162 0.0650291 0.0458096 0.0376308 0.1160584 0.0462545 0.1107038 0.0457945 0.0790846 0.0551632 0.0733479 0.1217287 0.0467017 0.0864420 0.0717835 0.0756430 0.0895018 0.1046303 0.1238971 0.0973839 0.0854000 0.0542851 0.0477511 0.0570302 0.0473358 0.0734095 0.0671421 0.0629714 0.0664291 0.0864953 0.0846606 0.0935037 0.0648385 0.1048161 0.0559855 0.0740802 
S0624         0.3835717 0.2539757 0.2579517 0.0960156 0.0797030 0.1061916 0.1477732 0.0946909 0.0623600 0.1060784 0.0739737 0.0629707 0.1392874 0.0870765 0.1704553 0.0971959 0.1113716 0.0960418 0.1837629 0.1147643 0.0838320 0.0000000 0.0829464 0.0519873 0.0249660 0.1213879 0.0887495 0.1360211 0.1397052 0.1193483 0.1294494 0.1125393 0.1103851 0.1061916 0.0850234 0.1069714 0.1277180 0.0758732 0.1503968 0.0615766 0.1020419 0.0518995 0.0630679 0.1225023 0.1242948 0.1164689 0.1085940 0.1432049 0.0978326 0.0947384 0.0839141 0.1307939 0.0850234 0.0892758 0.0838758 0.1050415 0.0855859 0.1059271 0.1008382 0.0733854 0.1229537 0.1175070 0.0758732 0.1047449 0.1367691 0.1023476 0.1158770 0.1259432 0.0829893 0.0762843 0.0555804 0.0863555 0.0860118 0.1266569 0.1061289 0.1126319 0.1230470 0.1369160 0.0848389 0.0741723 0.1636005 0.0850161 0.0741161 
S0641         0.4054021 0.2902888 0.3218712 0.0464413 0.0888553 0.0544319 0.2450495 0.0377040 0.0744208 0.0811214 0.0299452 0.0657608 0.1170684 0.0767884 0.0821834 0.0383712 0.0845295 0.0727259 0.1002500 0.1654092 0.0548270 0.0829464 0.0000000 0.0385235 0.1071369 0.0471136 0.0589614 0.1058265 0.0803634 0.0821505 0.1085151 0.0579946 0.0473259 0.0459926 0.0548919 0.0933317 0.0896555 0.0579451 0.0659953 0.0743319 0.0402083 0.0555038 0.0376558 0.0560822 0.0978937 0.0560948 0.0467385 0.1041591 0.0744378 0.0219498 0.0144222 0.0661510 0.0548919 0.0601289 0.0543219 0.0710006 0.0466746 0.0828777 0.0697814 0.0219641 0.0395119 0.0810840 0.0579451 0.0535241 0.0946503 0.1464128 0.1303469 0.0956821 0.0630763 0.0478257 0.0392019 0.0389272 0.0727357 0.0580160 0.0720231 0.0759531 0.0395310 0.0876945 0.0819839 0.0380477 0.1083405 0.0145921 0.0462927 
S0643         0.5071227 0.2638713 0.3054371 0.0752432 0.0484375 0.0465191 0.1650576 0.0651208 0.0468051 0.0937134 0.0146897 0.0387235 0.1269136 0.0680973 0.1158655 0.0305908 0.1084794 0.0848813 0.1392854 0.1106770 0.0657209 0.0519873 0.0385235 0.0000000 0.0761530 0.0965390 0.0809761 0.1058761 0.1070661 0.0736974 0.1085635 0.0696078 0.0393026 0.0382133 0.0658009 0.0966505 0.0974093 0.0695491 0.1203834 0.0467492 0.0695717 0.0299498 0.0472859 0.0673091 0.1061272 0.0929874 0.0571760 0.1135030 0.0869893 0.0473264 0.0388453 0.0985562 0.0658009 0.0688785 0.0650604 0.0772833 0.0570715 0.0958486 0.0786873 0.0145973 0.0681368 0.0936708 0.0695491 0.0967693 0.1248680 0.1072029 0.1190613 0.1037612 0.0744208 0.0585483 0.0315127 0.0489599 0.0959453 0.0696359 0.0839883 0.0886851 0.0681763 0.0950912 0.0948020 0.0303467 0.1174250 0.0393172 0.0566056 
S0645sl       0.4651055 0.2814379 0.3375544 0.1168792 0.0946873 0.1192832 0.2010823 0.1190176 0.0839658 0.1374688 0.0987563 0.0876824 0.1769182 0.0939058 0.1555542 0.1221115 0.1024806 0.1280926 0.1850501 0.1075161 0.1279493 0.0249660 0.1071369 0.0761530 0.0000000 0.1579020 0.0854430 0.1487642 0.1639536 0.1098820 0.1766856 0.1513819 0.1224025 0.1086110 0.1064209 0.1194735 0.1527477 0.0743805 0.1745306 0.1037977 0.1352225 0.0829174 0.0848231 0.1471227 0.1158083 0.1518300 0.1332260 0.1595427 0.1315325 0.1190664 0.1084122 0.1427890 0.1064209 0.1036321 0.1050051 0.1323902 0.0894296 0.1407909 0.1146673 0.0980014 0.1471274 0.1155489 0.0743805 0.1153956 0.1820508 0.1483988 0.1375269 0.1854451 0.0949240 0.0769251 0.0711253 0.1015678 0.1183358 0.1276381 0.1264923 0.1334598 0.1472339 0.1264981 0.0958877 0.0786958 0.1265842 0.1096897 0.0886605 
S0656sl       0.3370580 0.3305563 0.3209127 0.0941846 0.1651503 0.0844152 0.2703466 0.0562763 0.1420125 0.1364489 0.0850400 0.1044975 0.1385738 0.1228163 0.1164824 0.0891394 0.1311622 0.1162392 0.1571710 0.1723563 0.1161061 0.1213879 0.0471136 0.0965390 0.1579020 0.0000000 0.1024822 0.1101706 0.1542507 0.1162971 0.1161169 0.1227746 0.1082428 0.0943366 0.1162392 0.1221896 0.1103418 0.1005538 0.0148645 0.1418570 0.1006957 0.1175051 0.0940575 0.0976328 0.1727550 0.0978078 0.0962063 0.1263389 0.0977374 0.0746856 0.0653913 0.1331165 0.1162392 0.1276464 0.1146507 0.0807933 0.0858375 0.1382719 0.1396551 0.0747389 0.0880819 0.1363998 0.1005538 0.0819063 0.1032573 0.1536027 0.1375991 0.1162329 0.1255246 0.0880799 0.0675704 0.0671337 0.1161567 0.1007907 0.1147267 0.1440461 0.0881374 0.1601035 0.0850659 0.0951486 0.1857401 0.0661814 0.0851065 
S0673         0.4504038 0.3385584 0.3177512 0.0674546 0.1491370 0.0790747 0.2494970 0.0690283 0.0893758 0.0962914 0.0697346 0.0912006 0.1546235 0.0755097 0.1230652 0.0807617 0.1257381 0.0780581 0.1197501 0.1645375 0.0870530 0.0887495 0.0589614 0.0809761 0.0854430 0.1024822 0.0000000 0.1044188 0.1275587 0.0902289 0.1019751 0.0891015 0.0699734 0.0892487 0.0674176 0.1007095 0.1095148 0.0071370 0.0903102 0.1108389 0.0666443 0.0881678 0.0483283 0.0799239 0.0965587 0.1116744 0.0690026 0.0895448 0.0675659 0.0602390 0.0595408 0.1152676 0.0674176 0.1033255 0.0666330 0.0681457 0.0907659 0.0891777 0.1144972 0.0595847 0.0836720 0.0962468 0.0071370 0.0187961 0.1235418 0.1693182 0.1531787 0.1105685 0.0763035 0.0587571 0.0824515 0.0819267 0.0666158 0.1067578 0.0862070 0.0911707 0.0932204 0.0863674 0.0385183 0.0797918 0.1070232 0.0602944 0.0153479 
S0724sl       0.3543731 0.2604575 0.2381584 0.0840278 0.1106680 0.0884678 0.2025984 0.1154548 0.0983296 0.0764352 0.0932645 0.1306001 0.0634923 0.0694071 0.1287771 0.1056977 0.1273873 0.0743321 0.1470177 0.0463563 0.1021434 0.1360211 0.1058265 0.1058761 0.1487642 0.1101706 0.1044188 0.0000000 0.1489610 0.0976125 0.0222222 0.1003835 0.1187149 0.0988504 0.0743321 0.0817181 0.0323274 0.0915771 0.1354333 0.1279461 0.1083311 0.1034639 0.0603140 0.1489060 0.0903444 0.1448266 0.0707506 0.0518016 0.0527506 0.0934815 0.0829910 0.1476801 0.0743321 0.1549087 0.0602793 0.0332870 0.1063940 0.0809108 0.1683029 0.0820131 0.1305077 0.0965649 0.0915771 0.1146332 0.0508914 0.0570973 0.0381946 0.0707213 0.0926304 0.0427870 0.0610221 0.0711272 0.0925451 0.1240708 0.0800847 0.0848553 0.1306053 0.0800022 0.1164867 0.1042432 0.1009663 0.1085409 0.1085422 
S0735         0.5634447 0.3137565 0.3734884 0.1163952 0.1460660 0.1205042 0.1813193 0.1107039 0.1205073 0.1446155 0.1104235 0.1616778 0.1505474 0.1187648 0.1471097 0.1234206 0.1274961 0.1196343 0.1761766 0.1920380 0.1347364 0.1397052 0.0803634 0.1070661 0.1639536 0.1542507 0.1275587 0.1489610 0.0000000 0.1299641 0.1506957 0.1426661 0.1369265 0.1317919 0.1121446 0.1625534 0.1752858 0.1250536 0.1533527 0.1429804 0.1186716 0.1187682 0.0893881 0.1685715 0.1323254 0.0674963 0.1246332 0.1574585 0.1386658 0.0766025 0.0793538 0.0386452 0.1121446 0.0465115 0.0894314 0.1436313 0.1018698 0.1482383 0.0550865 0.0988300 0.1428319 0.1445650 0.1250536 0.1442815 0.1525906 0.1717749 0.1755222 0.1566555 0.1490392 0.1048006 0.1143396 0.1150028 0.1349537 0.1427535 0.1331142 0.1406547 0.1429406 0.1445669 0.1528317 0.1216435 0.1703042 0.1038512 0.1074089 
S0742         0.3955573 0.2570313 0.2384976 0.0948121 0.1617418 0.0544141 0.2074772 0.0719548 0.0938395 0.0810988 0.0635995 0.1077334 0.1334072 0.0876407 0.0637841 0.0734976 0.0565514 0.0916396 0.0794561 0.1346760 0.0915343 0.1193483 0.0821505 0.0736974 0.1098820 0.1162971 0.0902289 0.0976125 0.1299641 0.0000000 0.1046827 0.0966660 0.0839595 0.0459767 0.0727801 0.0740496 0.1144100 0.0784552 0.1301045 0.1141537 0.0966219 0.0926299 0.0543317 0.0960553 0.1129992 0.1144701 0.0553243 0.1193023 0.0938666 0.0719889 0.0630902 0.0995981 0.0727801 0.1220392 0.0719619 0.1083333 0.0825975 0.0829422 0.1110896 0.0544141 0.0768110 0.0458690 0.0784552 0.1240577 0.1312994 0.1538809 0.1044045 0.1255667 0.0830453 0.0566685 0.0392077 0.0389329 0.0829292 0.0967093 0.0906793 0.0760120 0.0768568 0.1021714 0.0838212 0.0549120 0.1240711 0.0839833 0.0649218 
S0748         0.2988423 0.2163980 0.2113719 0.0800791 0.1759408 0.0956181 0.1946678 0.1178405 0.0937424 0.0764663 0.0962941 0.1071950 0.0676422 0.0894105 0.1363279 0.1083984 0.1349501 0.0707780 0.1254260 0.0564113 0.0976278 0.1294494 0.1085151 0.1085635 0.1766856 0.1161169 0.1019751 0.0222222 0.1506957 0.1046827 0.0000000 0.0862857 0.0965649 0.1060207 0.0707780 0.0724123 0.0494388 0.0893161 0.1281629 0.1224163 0.0863396 0.0988658 0.0574762 0.1224824 0.1124102 0.1466243 0.0575243 0.0709180 0.0316899 0.0965024 0.0863615 0.1494587 0.0707780 0.1565642 0.0574447 0.0509751 0.1090685 0.0682888 0.1697370 0.0853914 0.1277926 0.0965313 0.0893161 0.1112810 0.0484525 0.0476857 0.0298164 0.0674130 0.0884095 0.0506142 0.0675453 0.0775658 0.0883511 0.1263506 0.0764500 0.0808813 0.1382757 0.1011528 0.0873557 0.1069433 0.1240047 0.1112075 0.0873002 
S0753         0.4315084 0.2894174 0.3145229 0.0694962 0.1541612 0.0876213 0.2594135 0.0664945 0.0821720 0.0671804 0.0590532 0.0857442 0.1121942 0.1059583 0.1115469 0.0693957 0.1102560 0.0801529 0.1142651 0.1612768 0.0479466 0.1125393 0.0579946 0.0696078 0.1513819 0.1227746 0.0891015 0.1003835 0.1426661 0.0966660 0.0862857 0.0000000 0.0657439 0.0777230 0.0606730 0.0754604 0.0840343 0.0775386 0.1300586 0.0672469 0.0462698 0.0495202 0.0484082 0.0751419 0.1032538 0.1096626 0.0299208 0.1222334 0.0555049 0.0484502 0.0398228 0.1227143 0.0606730 0.1172224 0.0483834 0.0869952 0.0583613 0.0655112 0.1288276 0.0494509 0.0784112 0.0758144 0.0775386 0.0921599 0.1104910 0.1563193 0.1256773 0.1120231 0.0573270 0.0414960 0.0604357 0.0501468 0.0775292 0.0711399 0.0664693 0.0702610 0.0915555 0.0925052 0.1025033 0.0686255 0.1142634 0.0592833 0.0642398 
S0756         0.4681677 0.2638713 0.2810122 0.0857704 0.1665402 0.0555528 0.2519668 0.0751309 0.0983146 0.1049682 0.0305294 0.0672062 0.1407646 0.0785283 0.1283265 0.0391453 0.1208596 0.0958888 0.1253044 0.1813882 0.0758670 0.1103851 0.0473259 0.0393026 0.1224025 0.1082428 0.0699734 0.1187149 0.1369265 0.0839595 0.0965649 0.0657439 0.0000000 0.0469218 0.0759598 0.1097608 0.1101567 0.0592117 0.1203041 0.0981949 0.0657109 0.0768316 0.0565273 0.0572768 0.1189264 0.1202766 0.0477005 0.1275663 0.0760862 0.0565767 0.0477461 0.1277256 0.0759598 0.1285756 0.0750570 0.0893392 0.0569174 0.0980483 0.1407078 0.0223802 0.0696360 0.1049222 0.0592117 0.0815329 0.1383883 0.1760672 0.1439006 0.1165399 0.0848314 0.0686662 0.0492239 0.0585812 0.1075441 0.0694952 0.0948201 0.1001548 0.0786245 0.1073992 0.0837860 0.0388072 0.1175564 0.0483308 0.0472361 
S0763         0.4143955 0.2627790 0.2516402 0.0830239 0.1095261 0.0217874 0.2407114 0.0728079 0.0949833 0.0820084 0.0297189 0.0858815 0.1353414 0.0760128 0.0830989 0.0380632 0.0570828 0.0927247 0.1015434 0.1366454 0.0734915 0.1061916 0.0459926 0.0382133 0.1086110 0.0943366 0.0892487 0.0988504 0.1317919 0.0459767 0.1060207 0.0777230 0.0469218 0.0000000 0.0735788 0.0748803 0.1060491 0.0776608 0.1067079 0.0948710 0.0776844 0.0743985 0.0548737 0.0752574 0.1145360 0.1159780 0.0471797 0.1224682 0.0950117 0.0549202 0.0463863 0.1229355 0.0735788 0.1237442 0.0727392 0.0860873 0.0648390 0.1037655 0.1353140 0.0218071 0.0574409 0.0636409 0.0776608 0.1076338 0.1331621 0.1562144 0.1057300 0.1122225 0.0637775 0.0572625 0.0228323 0.0393040 0.1038726 0.0777550 0.0917364 0.0967367 0.0574719 0.1035153 0.0829829 0.0219951 0.1258129 0.0469383 0.0643331 
S0770         0.3385268 0.2809950 0.2777362 0.0411638 0.1106680 0.0643746 0.1779617 0.0630035 0.0145779 0.0479796 0.0558414 0.0969862 0.1000760 0.0670646 0.0712997 0.0655993 0.0844944 0.0142907 0.0874979 0.1295714 0.0462545 0.0850234 0.0548919 0.0658009 0.1064209 0.1162392 0.0674176 0.0743321 0.1121446 0.0727801 0.0707780 0.0606730 0.0759598 0.0735788 0.0000000 0.0583914 0.0801889 0.0569750 0.1416561 0.0650145 0.0489232 0.0468272 0.0143952 0.0857792 0.0463193 0.1038723 0.0488829 0.0899907 0.0407219 0.0458632 0.0376747 0.0952974 0.0000010 0.0897162 0.0230046 0.0683984 0.0552287 0.0489935 0.1001842 0.0467574 0.0865459 0.0542863 0.0569750 0.0910760 0.0783752 0.1176143 0.0911284 0.0855034 0.0489580 0.0239910 0.0571000 0.0473928 0.0490270 0.0672244 0.0394709 0.0417785 0.0865993 0.0380093 0.0742120 0.0649165 0.0548563 0.0560530 0.0558808 
S0771         0.3219474 0.2532775 0.2776299 0.0669435 0.1319400 0.0844821 0.2077525 0.1020597 0.0692809 0.0551491 0.0943529 0.1222209 0.1229879 0.1021994 0.0872072 0.1070579 0.0860436 0.0701715 0.0718473 0.1070889 0.0833991 0.1069714 0.0933317 0.0966505 0.1194735 0.1221896 0.1007095 0.0817181 0.1625534 0.0740496 0.0724123 0.0754604 0.1097608 0.0748803 0.0583914 0.0000000 0.1019983 0.0882995 0.1250633 0.0953303 0.0755050 0.0747684 0.0466059 0.1208379 0.1069364 0.1427926 0.0479745 0.1298381 0.0506080 0.0825357 0.0732209 0.1412762 0.0583914 0.1243291 0.0465829 0.1056453 0.0938203 0.0457860 0.1359343 0.0844821 0.0881628 0.0551777 0.0882995 0.1201889 0.0995202 0.1186118 0.0808266 0.1228574 0.0563515 0.0308360 0.0598192 0.0560031 0.0747895 0.1090381 0.0466059 0.0676845 0.1090435 0.0964258 0.0597123 0.0853180 0.1177285 0.0954859 0.0863411 
S0888         0.3142710 0.2884018 0.2652575 0.0896568 0.1366364 0.1173152 0.2063956 0.0987990 0.1037092 0.0955309 0.0848988 0.1003208 0.0600612 0.0812833 0.1373765 0.0972071 0.1360063 0.0801889 0.1563150 0.0775125 0.0865002 0.1277180 0.0896555 0.0974093 0.1527477 0.1103418 0.1095148 0.0323274 0.1752858 0.1144100 0.0494388 0.0840343 0.1101567 0.1060491 0.0801889 0.1019983 0.0000000 0.0968875 0.1356412 0.1099593 0.0915954 0.0875975 0.0662572 0.1153833 0.0856132 0.1125304 0.0590412 0.0224476 0.0590780 0.0784605 0.0687552 0.1259373 0.0801889 0.1590179 0.0662196 0.0073685 0.0901586 0.0756618 0.1573351 0.0736994 0.1159133 0.1047383 0.0968875 0.1064736 0.0482304 0.0916905 0.0681433 0.0383443 0.0979726 0.0492550 0.0515446 0.0606468 0.0978567 0.1059128 0.0855762 0.0792077 0.1159960 0.0758183 0.1213516 0.0958871 0.0956702 0.0918244 0.1136484 
S0894         0.4373124 0.3552987 0.2903791 0.0662802 0.1241311 0.0679694 0.2280593 0.0678113 0.0775927 0.0845623 0.0590021 0.0793195 0.1390356 0.0648928 0.1207285 0.0693371 0.1131446 0.0669940 0.1173778 0.1484660 0.0756430 0.0758732 0.0579451 0.0695491 0.0743805 0.1005538 0.0071370 0.0915771 0.1250536 0.0784552 0.0893161 0.0775386 0.0592117 0.0776608 0.0569750 0.0882995 0.0968875 0.0000000 0.0886652 0.0979786 0.0654958 0.0766053 0.0389419 0.0686974 0.0848396 0.1095866 0.0584221 0.0777936 0.0571336 0.0591785 0.0585027 0.1130400 0.0569750 0.1013763 0.0563532 0.0576354 0.0789410 0.0774780 0.1123148 0.0494070 0.0821161 0.0845220 0.0000010 0.0091268 0.1211493 0.1703603 0.1374907 0.0977214 0.0655425 0.0486753 0.0708109 0.0703440 0.0669280 0.0937118 0.0749605 0.0792347 0.0914850 0.0751361 0.0298553 0.0685681 0.0948039 0.0592319 0.0074463 
S0899         0.3410983 0.3156767 0.3081644 0.1172966 0.2060061 0.1067079 0.2752606 0.0761305 0.1703698 0.1632878 0.1075435 0.1159557 0.1597843 0.1497512 0.1303195 0.1127229 0.1461650 0.1315497 0.1587372 0.1900153 0.1415004 0.1503968 0.0659953 0.1203834 0.1745306 0.0148645 0.0903102 0.1354333 0.1533527 0.1301045 0.1281629 0.1300586 0.1203041 0.1067079 0.1416561 0.1250633 0.1356412 0.0886652 0.0000000 0.1701957 0.1078714 0.1431739 0.1171398 0.1092696 0.2044192 0.0771069 0.1076308 0.1257442 0.1093914 0.0870014 0.0860383 0.1401312 0.1416561 0.1217673 0.1395261 0.0805590 0.1086013 0.1535180 0.1333434 0.0961894 0.1004955 0.1511673 0.0886652 0.0675519 0.1269048 0.1828575 0.1524636 0.1157541 0.1396555 0.1105093 0.0787637 0.0876274 0.1415724 0.1257580 0.1396254 0.1724704 0.1113135 0.1905548 0.0650726 0.1076629 0.2186876 0.0870811 0.0743966 
S0956         0.4742693 0.2964648 0.3372945 0.0867286 0.0468425 0.1050674 0.1943341 0.0828684 0.0463012 0.0837798 0.0480796 0.0749548 0.1546438 0.1100702 0.1142089 0.0866585 0.1285477 0.0837882 0.1448678 0.1097270 0.0145573 0.0615766 0.0743319 0.0467492 0.1037977 0.1418570 0.1108389 0.1279461 0.1429804 0.1141537 0.1224163 0.0672469 0.0981949 0.0948710 0.0650145 0.0953303 0.1099593 0.0979786 0.1701957 0.0000000 0.0686923 0.0296563 0.0467714 0.1088886 0.1181910 0.1116959 0.0749454 0.1262209 0.0858367 0.0643182 0.0554654 0.1240851 0.0650145 0.0875075 0.0642946 0.1026278 0.0747591 0.0945571 0.0976871 0.0657209 0.1094753 0.0924419 0.0979786 0.1207916 0.1290603 0.0989110 0.1106773 0.1085711 0.0735103 0.0671788 0.0676902 0.0665705 0.0946505 0.0885386 0.0829226 0.0874971 0.1095491 0.1073791 0.1169113 0.0856209 0.1292799 0.0759987 0.0957482 
S0959         0.3000887 0.2503203 0.2781047 0.0506221 0.1494410 0.0875793 0.2290182 0.0484499 0.0687782 0.0758144 0.0590223 0.0857031 0.1350393 0.0916474 0.0966651 0.0693597 0.0995311 0.0671646 0.0988767 0.1699565 0.0488628 0.1020419 0.0402083 0.0695717 0.1352225 0.1006957 0.0666443 0.1083311 0.1186716 0.0966219 0.0863396 0.0462698 0.0657109 0.0776844 0.0489232 0.0755050 0.0915954 0.0654958 0.1078714 0.0686923 0.0000000 0.0494941 0.0313522 0.0554744 0.0906394 0.0886247 0.0462599 0.1066136 0.0555339 0.0313790 0.0232128 0.1006717 0.0489232 0.0949419 0.0484082 0.0839175 0.0583312 0.0655479 0.1059666 0.0494248 0.0591147 0.0757776 0.0654958 0.0766480 0.0802252 0.1420620 0.1257688 0.0903899 0.0775805 0.0505815 0.0604036 0.0501200 0.0671715 0.0507905 0.0665067 0.0703029 0.0711765 0.0803310 0.0828164 0.0685902 0.1012092 0.0410697 0.0642081 
S0960         0.4315135 0.2633370 0.3048866 0.0665332 0.0468425 0.0838982 0.1647729 0.0636942 0.0296908 0.0726832 0.0476120 0.0558729 0.1292998 0.0876376 0.1127668 0.0663493 0.1055847 0.0643393 0.1350113 0.1082845 0.0467714 0.0518995 0.0555038 0.0299498 0.0829174 0.1175051 0.0881678 0.1034639 0.1187682 0.0926299 0.0988658 0.0495202 0.0768316 0.0743985 0.0468272 0.0747684 0.0875975 0.0766053 0.1431739 0.0296563 0.0494941 0.0000000 0.0299896 0.0867550 0.0957708 0.0907271 0.0559442 0.1018181 0.0658431 0.0463709 0.0380931 0.1020010 0.0468272 0.0672827 0.0463554 0.0801262 0.0558468 0.0742477 0.0767927 0.0472859 0.0875219 0.0548846 0.0766053 0.1062795 0.1058974 0.0976654 0.1092130 0.0864754 0.0743028 0.0483585 0.0487081 0.0479332 0.0743110 0.0679983 0.0637365 0.0672669 0.0875766 0.0857119 0.0946482 0.0656496 0.1060862 0.0566899 0.0750031 
S0964         0.3456678 0.2447567 0.2378211 0.0306077 0.0869732 0.0463086 0.1693093 0.0454114 0.0302851 0.0372921 0.0382588 0.0758250 0.0847182 0.0481091 0.0719548 0.0471117 0.0648265 0.0296600 0.0884337 0.1110137 0.0296257 0.0630679 0.0376558 0.0472859 0.0848231 0.0940575 0.0483283 0.0603140 0.0893881 0.0543317 0.0574762 0.0484082 0.0565273 0.0548737 0.0143952 0.0466059 0.0662572 0.0389419 0.1171398 0.0467714 0.0313522 0.0299896 0.0000000 0.0656411 0.0560145 0.0828786 0.0379391 0.0686822 0.0302955 0.0294008 0.0217421 0.0746239 0.0143952 0.0688257 0.0142759 0.0588037 0.0379012 0.0380301 0.0785819 0.0299185 0.0664502 0.0372736 0.0389419 0.0642548 0.0648849 0.1000803 0.0762381 0.0654096 0.0379812 0.0148471 0.0391352 0.0303435 0.0380515 0.0484251 0.0294317 0.0310970 0.0664876 0.0472625 0.0552873 0.0466842 0.0650057 0.0384132 0.0382599 
S1052sl       0.3297977 0.3042538 0.2693780 0.0847943 0.1991545 0.0658159 0.2453877 0.0657359 0.1090189 0.1154874 0.0570767 0.0578665 0.1595570 0.1123860 0.1172724 0.0599375 0.0989814 0.1062930 0.1138393 0.2192643 0.0856753 0.1225023 0.0560822 0.0673091 0.1471227 0.0976328 0.0799239 0.1489060 0.1685715 0.0960553 0.1224824 0.0751419 0.0572768 0.0752574 0.0857792 0.1208379 0.1153833 0.0686974 0.1092696 0.1088886 0.0554744 0.0867550 0.0656411 0.0000000 0.1267580 0.1091835 0.0476840 0.1327313 0.0858731 0.0656989 0.0566051 0.1224200 0.0857792 0.1406308 0.0847185 0.0850916 0.0475371 0.0877327 0.1286329 0.0477631 0.0600319 0.0946899 0.0686974 0.0814850 0.1328048 0.2129934 0.1759032 0.1269119 0.0838723 0.0686375 0.0496994 0.0318563 0.1183611 0.0500613 0.1050597 0.0896659 0.0688511 0.1151969 0.0935776 0.0663826 0.1386077 0.0572962 0.0559759 
S1083         0.4211241 0.3416589 0.3404624 0.0876496 0.1078059 0.1035153 0.1770201 0.1068938 0.0650791 0.0934572 0.0935391 0.1509916 0.1250349 0.0696837 0.1253883 0.1059501 0.1117513 0.0636235 0.1492800 0.1461343 0.0946091 0.1242948 0.0978937 0.1061272 0.1158083 0.1727550 0.0965587 0.0903444 0.1323254 0.1129992 0.1124102 0.1032538 0.1189264 0.1145360 0.0463193 0.1069364 0.0856132 0.0848396 0.2044192 0.1181910 0.0906394 0.0957708 0.0560145 0.1267580 0.0000000 0.1335524 0.0883310 0.0995564 0.0867374 0.0866014 0.0769004 0.1020127 0.0463193 0.1188573 0.0648602 0.0766608 0.0782888 0.0955836 0.1305828 0.0822972 0.1372084 0.1035901 0.0848396 0.1316672 0.0874466 0.1674247 0.1353577 0.1210276 0.0957794 0.0572107 0.0914143 0.0898125 0.0956798 0.1046572 0.0837494 0.0884281 0.1373078 0.0070545 0.1296113 0.1044954 0.0217938 0.1002305 0.1001796 
S1100         0.4178230 0.2701617 0.3544926 0.1075813 0.1348327 0.1268255 0.1930641 0.0830003 0.1118202 0.1341156 0.0957325 0.1053465 0.1491338 0.1028338 0.1145259 0.1077183 0.0967139 0.0948207 0.1296272 0.1872698 0.1037524 0.1164689 0.0560948 0.0929874 0.1518300 0.0978078 0.1116744 0.1448266 0.0674963 0.1144701 0.1466243 0.1096626 0.1202766 0.1159780 0.1038723 0.1427926 0.1125304 0.1095866 0.0771069 0.1116959 0.0886247 0.0907271 0.0828786 0.1091835 0.1335524 0.0000000 0.0846656 0.1029294 0.1065071 0.0561121 0.0554961 0.0402810 0.1038723 0.0550598 0.1025297 0.0821430 0.0748568 0.1037977 0.0465125 0.0849243 0.0887472 0.1127891 0.1095866 0.1075672 0.1294981 0.1674129 0.1710147 0.0988599 0.1379030 0.0866694 0.0677971 0.0573689 0.1250028 0.1097164 0.1234363 0.1083229 0.0888039 0.1451300 0.1142376 0.1062869 0.1694807 0.0761034 0.0936669 
S1102         0.3114912 0.2436396 0.2261309 0.0571300 0.1203160 0.0558891 0.2175112 0.0547906 0.0686713 0.0461677 0.0475293 0.0570773 0.0967215 0.0904964 0.0670964 0.0569814 0.0660817 0.0670662 0.0618475 0.1292017 0.0552573 0.1085940 0.0467385 0.0571760 0.1332260 0.0962063 0.0690026 0.0707506 0.1246332 0.0553243 0.0575243 0.0299208 0.0477005 0.0471797 0.0488829 0.0479745 0.0590412 0.0584221 0.1076308 0.0749454 0.0462599 0.0559442 0.0379391 0.0476840 0.0883310 0.0846656 0.0000000 0.0917346 0.0384350 0.0379705 0.0299385 0.0961628 0.0488829 0.1011247 0.0379215 0.0717434 0.0470380 0.0476896 0.1011247 0.0386859 0.0410103 0.0546713 0.0584221 0.0800253 0.0953559 0.1251099 0.0983762 0.0844118 0.0648251 0.0311287 0.0395559 0.0228128 0.0648636 0.0584941 0.0547716 0.0488400 0.0493733 0.0782923 0.0826542 0.0564161 0.0986264 0.0477174 0.0466508 
