120
CRNC          0.0000000 0.2660867 0.3577055 0.5578743 0.5965597 0.5924878 0.4467306 0.5919892 0.4818770 0.5982461 0.5869908 0.5539104 0.5514658 0.5586197 0.5486726 0.5555161 0.5416353 0.5114977 0.4814459 0.5433167 0.5058346 0.5479218 0.5639398 0.5653769 0.5420339 0.5732067 0.5722574 0.5706490 0.4967730 0.4944185 0.5296832 0.4981515 0.5065066 0.5141559 0.5650779 0.5391611 0.5223145 0.5215096 0.5323060 0.5369681 0.5282866 0.5166565 0.5129545 0.5439366 0.5375919 0.4884613 0.5289272 0.4974558 0.5692484 0.5126695 0.4957652 0.5321240 0.5272423 0.4970419 0.5513107 0.4902232 0.5075224 0.5249022 0.5136930 0.5387820 0.4781537 0.5290095 0.5276520 0.5041170 0.5848351 0.5257137 0.5214712 0.5256472 0.5425382 0.4856968 0.4972455 0.4909293 0.5033760 0.5378559 0.5084675 0.5193003 0.5149123 0.4551219 0.4858248 0.4654076 0.5500635 0.6122830 0.5249265 0.5370194 0.5422868 0.5632820 0.4616532 0.5341423 0.5501735 0.5361858 0.5345452 0.5410354 0.5356717 0.5241234 0.5512230 0.5683123 0.4627654 0.5209102 0.5056644 0.5563108 0.4895475 0.5759420 0.5436539 0.5518332 0.5399230 0.5056997 0.5600588 0.5507640 0.5049135 0.5692734 0.5529396 0.5272347 0.5623525 0.4976816 0.5448117 0.4881448 0.5338792 0.5340556 0.4685629 0.5354340 
HYZL          0.2660867 0.0000000 0.1412567 0.4663461 0.7158015 0.5264470 0.3798622 0.5223703 0.4142377 0.5032392 0.5055033 0.4732510 0.4722664 0.4847794 0.4820458 0.4754465 0.4665807 0.4856796 0.4836896 0.4874168 0.5130259 0.4944911 0.5011968 0.4767464 0.4680213 0.5115224 0.4921716 0.5221373 0.4367871 0.4289635 0.4590463 0.4464745 0.4764062 0.4628429 0.5106426 0.4939519 0.4856951 0.4575097 0.4752867 0.4639856 0.4784911 0.4973782 0.4368153 0.4700884 0.4640796 0.4274285 0.4974793 0.4292053 0.4756161 0.4814517 0.4593198 0.4523296 0.5227878 0.4350470 0.4778680 0.4291355 0.4438383 0.5151469 0.4459653 0.5074333 0.4645481 0.4523134 0.4709368 0.4517761 0.4912360 0.4638665 0.4575664 0.4880057 0.4980528 0.5876117 0.4800552 0.4323355 0.4663436 0.4775971 0.4612271 0.5300804 0.4933010 0.4014619 0.4216529 0.4108347 0.4837947 0.5319018 0.4548131 0.4884118 0.4615576 0.4845767 0.4327545 0.4681989 0.4772729 0.4807076 0.4849200 0.4556598 0.4619778 0.4936306 0.5094526 0.5017301 0.4328647 0.4893632 0.4756569 0.4760464 0.4663431 0.4928898 0.4822459 0.4669632 0.4622914 0.4871644 0.4696393 0.4730390 0.4661983 0.4981410 0.4771571 0.4805595 0.4894465 0.4363872 0.4840433 0.4682794 0.4532939 0.4538258 0.4451023 0.4780628 
MYZV          0.3577055 0.1412567 0.0000000 0.4885011 0.5759641 0.5079023 0.4447610 0.5436998 0.4450367 0.5062623 0.5342408 0.5000318 0.4575772 0.5059351 0.4651745 0.4908792 0.4947740 0.4933855 0.4842384 0.5052583 0.5157693 0.4622255 0.5153776 0.5172943 0.4973744 0.5552776 0.4974342 0.5594513 0.4813967 0.4630678 0.5031453 0.4540877 0.4929183 0.4714764 0.5080685 0.5028032 0.4885452 0.5028235 0.5273836 0.4931687 0.4789867 0.5078236 0.4675004 0.4845847 0.4976655 0.4734390 0.5069356 0.4815755 0.5209847 0.4959487 0.4354345 0.4851450 0.4850150 0.4732879 0.5096298 0.4512657 0.4752151 0.4696830 0.4919403 0.5263014 0.4793589 0.4679086 0.5043683 0.4416599 0.5407964 0.4666101 0.4478893 0.5138676 0.5004112 0.6149540 0.5488152 0.4743194 0.4868384 0.4541210 0.4956963 0.5018822 0.4881264 0.4404042 0.4512678 0.4503082 0.5069418 0.5644661 0.4738516 0.4605284 0.4888851 0.4822188 0.4661314 0.5025045 0.5273281 0.5182356 0.5021674 0.4804117 0.4801803 0.4891174 0.5228244 0.5149266 0.4469174 0.5105012 0.4921040 0.5105992 0.4593093 0.5346527 0.5023958 0.5006194 0.4995623 0.4953606 0.5031434 0.4960984 0.4863353 0.5254710 0.4975969 0.4916225 0.5211918 0.4671461 0.5057730 0.5352020 0.4992657 0.4825766 0.4944794 0.4846795 
SRR6441723    0.5578743 0.4663461 0.4885011 0.0000000 0.0518919 0.1064603 0.2851432 0.0981561 0.0743939 0.1130285 0.1115611 0.1037837 0.1110485 0.0569221 0.1084591 0.1105769 0.1264578 0.0882390 0.0966274 0.0957256 0.0954229 0.1016019 0.0314993 0.0290276 0.0925106 0.1052527 0.0944128 0.1141754 0.0806220 0.0655456 0.0760032 0.0737606 0.0971868 0.0815393 0.0850976 0.1107798 0.1013701 0.0991732 0.1002141 0.0887666 0.1058613 0.0935294 0.0823893 0.0812895 0.0960713 0.0782056 0.0879280 0.2092175 0.1046111 0.0883479 0.1123811 0.0870992 0.0979167 0.0704069 0.1031309 0.0677660 0.0692783 0.1062202 0.0759946 0.0831980 0.0903113 0.0743483 0.0766369 0.0752690 0.0877596 0.0763004 0.0810670 0.0863901 0.0850353 0.1200998 0.1038969 0.1956427 0.0859887 0.0990823 0.0920866 0.1013375 0.0890944 0.1984384 0.0635729 0.1877865 0.0852858 0.1167590 0.0381341 0.0935131 0.1041244 0.0770130 0.1985261 0.0985028 0.1011340 0.0708079 0.1075252 0.0792872 0.0760705 0.0921747 0.0856040 0.1306359 0.0842881 0.0991532 0.0916672 0.0911309 0.0882565 0.0408714 0.0587310 0.0998549 0.0886287 0.0777316 0.0801415 0.0867223 0.0768839 0.0653996 0.0637692 0.1291019 0.0939152 0.0710480 0.0892007 0.1009820 0.0835564 0.0966248 0.1140508 0.0899158 
ERR4210213    0.5965597 0.7158015 0.5759641 0.0518919 0.0000000 0.1726857 0.2927147 0.1120275 0.0929087 0.1581249 0.1089689 0.1630313 0.1447531 0.0417645 0.1881128 0.1044868 0.1535327 0.1143461 0.0846286 0.0957178 0.1195660 0.1274035 0.0306112 0.0436929 0.1490958 0.1568210 0.1203141 0.1511407 0.0950252 0.0934729 0.1094214 0.1054020 0.1247606 0.1246904 0.1304152 0.1153993 0.1249471 0.1399471 0.1270702 0.1477539 0.1606601 0.1227881 0.0894103 0.1153716 0.1557486 0.1059556 0.1196753 0.3858465 0.1430408 0.1194013 0.1350064 0.1408557 0.1504198 0.1066599 0.1580858 0.0939823 0.1083672 0.0989712 0.0980561 0.1201321 0.1079284 0.0835343 0.1273028 0.0936320 0.1275134 0.0825627 0.1470235 0.1341539 0.1291412 0.3424974 0.1225332 0.3344730 0.1202220 0.1081530 0.1195259 0.1238857 0.1226581 0.3455243 0.0923629 0.3377849 0.0877818 0.1204993 0.0408667 0.1075672 0.1190720 0.0428451 0.3599050 0.1558457 0.1485156 0.0856974 0.1386406 0.0894103 0.0778891 0.1106769 0.1304779 0.1688353 0.1057285 0.1318723 0.1247606 0.1337857 0.1044853 0.0464605 0.0474196 0.1631747 0.1405626 0.0928024 0.0648603 0.1073758 0.1105664 0.0531646 0.0643847 0.1626034 0.1267245 0.1007864 0.1027127 0.0995943 0.0976909 0.1648643 0.1131270 0.1189437 
ERR2789774    0.5924878 0.5264470 0.5079023 0.1064603 0.1726857 0.0000000 0.3064844 0.0669904 0.0947599 0.1405479 0.1208022 0.0464439 0.1205633 0.1054836 0.0452906 0.0847287 0.1410820 0.1198286 0.1288837 0.1236371 0.1251239 0.1269461 0.1114980 0.1112333 0.0365949 0.0500525 0.1257790 0.0845394 0.1185168 0.0902924 0.0853507 0.0940547 0.1305782 0.1132767 0.1335379 0.0950219 0.1205679 0.1289570 0.0602685 0.0351768 0.1374552 0.1145802 0.1170114 0.0664555 0.0416121 0.0969577 0.1238641 0.2272250 0.0811941 0.1197361 0.1458926 0.0290169 0.1374452 0.0935665 0.0416317 0.0929142 0.0944906 0.1503628 0.0982240 0.1152492 0.1116487 0.0984974 0.1096587 0.0978929 0.1254243 0.0982535 0.1225372 0.1279362 0.1281085 0.1577220 0.1362326 0.2309492 0.1121556 0.1103995 0.1277166 0.1436775 0.1293909 0.2362799 0.0904361 0.2274019 0.1011356 0.1715174 0.1233765 0.1067442 0.0789087 0.1198728 0.2365760 0.0415780 0.0616039 0.1108364 0.1223172 0.1019807 0.0988171 0.1331725 0.1163965 0.1505115 0.1000869 0.1346322 0.1261095 0.0367773 0.0978299 0.1168226 0.1020799 0.0429745 0.0366039 0.0591539 0.1237840 0.0535610 0.1041324 0.1110404 0.1112518 0.1452919 0.0585395 0.0940949 0.1180528 0.1409633 0.1064410 0.0400017 0.1375484 0.0552193 
PAFTOL_019361 0.4467306 0.3798622 0.4447610 0.2851432 0.2927147 0.3064844 0.0000000 0.3194388 0.2924805 0.3247582 0.3146298 0.3043897 0.3018662 0.2861208 0.2800514 0.2910200 0.3532977 0.3172793 0.2978743 0.3349259 0.3116127 0.3121926 0.3010714 0.3074467 0.2861147 0.3025114 0.3077353 0.3278443 0.2906361 0.2888606 0.2773690 0.2757977 0.3268386 0.2905307 0.3493664 0.3098886 0.3040807 0.3129034 0.2876100 0.2834407 0.3494752 0.3191218 0.2744977 0.2981604 0.2866080 0.3041118 0.3195809 0.3321227 0.2880338 0.3158623 0.3168706 0.2717091 0.3408849 0.2854917 0.2915486 0.2891225 0.2916828 0.3404129 0.3069266 0.3171287 0.2637566 0.2649449 0.2990440 0.2882585 0.3037825 0.2771531 0.3270753 0.3247993 0.3512247 0.5061747 0.3481657 0.3143423 0.3043107 0.3069028 0.3013785 0.3258190 0.3159699 0.3289407 0.2894315 0.3129886 0.2658745 0.3459291 0.2929403 0.2980148 0.3245277 0.3133950 0.3286667 0.2885825 0.2991242 0.3027004 0.3188084 0.2730474 0.2699407 0.3250399 0.3184778 0.3586408 0.2670039 0.3257712 0.3220832 0.2819808 0.2670682 0.3175019 0.2880275 0.2799635 0.2684780 0.2840263 0.3055451 0.2983826 0.2793136 0.2969081 0.2969731 0.3413044 0.2987556 0.2953124 0.2959291 0.3507289 0.2720030 0.2887625 0.3468473 0.2834077 
S0055         0.5919892 0.5223703 0.5436998 0.0981561 0.1120275 0.0669904 0.3194388 0.0000000 0.0898302 0.1312495 0.1227056 0.0634572 0.1240686 0.0853889 0.0699067 0.0819654 0.1448660 0.0978853 0.1082581 0.1273540 0.1078686 0.1229693 0.0977216 0.0976441 0.0532940 0.0625875 0.1211234 0.0800293 0.1138365 0.0836244 0.0830179 0.0957971 0.1095380 0.1047282 0.1300616 0.0891925 0.1105227 0.1259813 0.0707468 0.0515801 0.1356638 0.1144021 0.0972245 0.0559929 0.0565613 0.0908543 0.0994408 0.2495221 0.0776720 0.1001946 0.1407918 0.0500156 0.1365687 0.0888247 0.0658471 0.0861671 0.0859483 0.1404732 0.0921260 0.1103219 0.1084814 0.0852055 0.1016368 0.0977341 0.1026935 0.0884953 0.1092110 0.1270599 0.1231890 0.1598721 0.1276257 0.2408308 0.1067962 0.1072124 0.1111032 0.1340577 0.1191653 0.2344997 0.0837573 0.2374854 0.0835573 0.1553521 0.1125545 0.1013059 0.0761160 0.1037677 0.2429866 0.0585505 0.0655215 0.1010585 0.1267108 0.0903476 0.0832288 0.1098152 0.1075377 0.1521842 0.0827471 0.1134080 0.1053387 0.0568199 0.0900910 0.1072677 0.0856696 0.0599554 0.0515091 0.0314034 0.1051175 0.0490745 0.0934216 0.0967668 0.0928809 0.1586485 0.0617425 0.0896848 0.1152326 0.1322880 0.1004739 0.0568710 0.1330851 0.0535095 
S0196sl       0.4818770 0.4142377 0.4450367 0.0743939 0.0929087 0.0947599 0.2924805 0.0898302 0.0000000 0.1019919 0.0825085 0.0905093 0.0837469 0.0619027 0.0824068 0.0971657 0.1076833 0.1030563 0.1059873 0.0970392 0.1051404 0.0875912 0.0802107 0.0816353 0.0815242 0.0900375 0.0878100 0.0853580 0.0748390 0.0111248 0.0765826 0.0692991 0.1063990 0.0749362 0.1152487 0.0937866 0.1127990 0.0889227 0.0858545 0.0745025 0.1053788 0.0831418 0.0855700 0.0669441 0.0854322 0.0385135 0.1026882 0.2016848 0.0854997 0.1031966 0.1211208 0.0694480 0.1191484 0.0153610 0.0880342 0.0126334 0.0140376 0.1256482 0.0429353 0.0857791 0.0958103 0.0754993 0.0773203 0.0688204 0.0769093 0.0851233 0.0895531 0.1105724 0.1091136 0.1500740 0.0658300 0.1952289 0.0848967 0.1015224 0.0920003 0.1263205 0.1148768 0.1922630 0.0111403 0.1814632 0.0709951 0.1327688 0.0924245 0.0994316 0.0943546 0.0743740 0.1993997 0.0872774 0.0967798 0.0600008 0.0932165 0.0805166 0.0775229 0.1071391 0.0776555 0.1156395 0.0868766 0.1084461 0.1006678 0.0782815 0.0865657 0.0878064 0.0587537 0.0886408 0.0777896 0.0677899 0.0726057 0.0721506 0.0673845 0.0668536 0.0634803 0.1221923 0.0896698 0.0154845 0.0834762 0.0655156 0.0828762 0.0831464 0.0731233 0.0771070 
S0278         0.5982461 0.5032392 0.5062623 0.1130285 0.1581249 0.1405479 0.3247582 0.1312495 0.1019919 0.0000000 0.1406822 0.1339268 0.0638032 0.0996496 0.1152576 0.1308582 0.0609273 0.1322919 0.1441607 0.0461375 0.1299320 0.0578880 0.1220134 0.1326027 0.1263697 0.1409587 0.0624689 0.1274872 0.0745514 0.1004047 0.1239797 0.0642554 0.1342958 0.0612387 0.1411206 0.1402900 0.1414100 0.0644775 0.1162601 0.1221686 0.0592954 0.0932335 0.0914210 0.1066650 0.1302971 0.1077240 0.1318205 0.2358345 0.1307767 0.1284979 0.1584038 0.1165043 0.1540286 0.1020465 0.1346096 0.1031447 0.1047129 0.1665942 0.1145811 0.0850099 0.1275266 0.0834401 0.0777398 0.1271031 0.0515784 0.1207544 0.1285237 0.1389934 0.1385472 0.1771685 0.1344507 0.2301349 0.1307344 0.1480759 0.1310158 0.1593706 0.1348767 0.2210948 0.1005646 0.2065805 0.0957718 0.1723356 0.1313878 0.1415541 0.1274002 0.1124702 0.2259712 0.1332294 0.1417482 0.1171010 0.0606167 0.0882881 0.0871578 0.1408311 0.0893864 0.0595381 0.1199617 0.1323526 0.1280895 0.1228388 0.1292726 0.1315818 0.0939660 0.1325423 0.1202300 0.1082204 0.1154614 0.1127948 0.0730219 0.1031262 0.1049877 0.0786839 0.1337232 0.1067258 0.0624935 0.1366044 0.0960830 0.1261591 0.1356313 0.1278167 
S0281         0.5869908 0.5055033 0.5342408 0.1115611 0.1089689 0.1208022 0.3146298 0.1227056 0.0825085 0.1406822 0.0000000 0.1220012 0.1200381 0.1044624 0.1204956 0.1324396 0.1648004 0.1353908 0.1328342 0.1313720 0.1417837 0.1352225 0.1246270 0.1276010 0.1099506 0.1238132 0.1187934 0.1325593 0.1244344 0.0747502 0.1085966 0.1016431 0.1409023 0.1254885 0.1345729 0.1270058 0.1384359 0.1342742 0.1191632 0.1059432 0.1515733 0.1337491 0.1318664 0.1016320 0.1126649 0.0556281 0.1369626 0.2496506 0.1200687 0.1356109 0.1608808 0.1003842 0.1551912 0.0798604 0.1174906 0.0753756 0.0765493 0.1438968 0.0583615 0.1279816 0.1238752 0.1226386 0.1176092 0.1269473 0.1214846 0.1061797 0.1237743 0.1249066 0.1298934 0.1650543 0.0753428 0.2547618 0.1433068 0.1278732 0.1109298 0.1375164 0.1301385 0.2495512 0.0748679 0.2454488 0.1205954 0.1511850 0.1354384 0.1256831 0.1161297 0.1210096 0.2545860 0.1121350 0.1303685 0.1072531 0.1371803 0.1303019 0.1271208 0.1305971 0.1231036 0.1548669 0.1155188 0.1431724 0.1345895 0.1027644 0.1138787 0.1300508 0.1069057 0.1134895 0.1037335 0.0966438 0.1101752 0.0954335 0.1122950 0.1119940 0.1100967 0.1755394 0.1247386 0.0806222 0.1230752 0.0721712 0.1247532 0.1116800 0.0901124 0.1089236 
S0282         0.5539104 0.4732510 0.5000318 0.1037837 0.1630313 0.0464439 0.3043897 0.0634572 0.0905093 0.1339268 0.1220012 0.0000000 0.1193495 0.0954495 0.0310682 0.0772288 0.1382330 0.1166558 0.1216067 0.1210934 0.1279281 0.1200115 0.1086474 0.1129946 0.0125713 0.0336175 0.1224332 0.0803988 0.1116421 0.0881040 0.0797629 0.0921949 0.1226117 0.1007031 0.1256353 0.0907561 0.1257741 0.1215467 0.0525267 0.0197558 0.1359610 0.1068521 0.1089436 0.0669978 0.0184164 0.0945575 0.1201794 0.2446301 0.0811426 0.1188201 0.1352943 0.0212288 0.1291695 0.0932005 0.0259052 0.0906357 0.0921742 0.1410792 0.0957998 0.1133618 0.1173603 0.0926868 0.1020269 0.1010164 0.1096657 0.0938177 0.1111385 0.1207320 0.1191511 0.1779464 0.1167640 0.2369458 0.1089346 0.1043733 0.1240665 0.1357147 0.1177510 0.2357954 0.0882405 0.2339753 0.0869347 0.1592741 0.1201201 0.1005152 0.0742392 0.1069709 0.2452720 0.0183994 0.0570375 0.1042443 0.1173272 0.0960738 0.0948460 0.1291466 0.1106093 0.1446766 0.0995758 0.1285665 0.1223432 0.0242650 0.0991019 0.1126037 0.0957688 0.0197785 0.0226553 0.0530429 0.1166290 0.0495202 0.0964873 0.1044267 0.1062829 0.1465613 0.0489605 0.0940834 0.1081842 0.1212517 0.1048391 0.0169493 0.1261292 0.0507247 
S0289         0.5514658 0.4722664 0.4575772 0.1110485 0.1447531 0.1205633 0.3018662 0.1240686 0.0837469 0.0638032 0.1200381 0.1193495 0.0000000 0.0997098 0.1052332 0.1233614 0.0655634 0.1371455 0.1302743 0.0522285 0.1395323 0.0449198 0.1184573 0.1272907 0.1119096 0.1280448 0.0420685 0.1199027 0.0709211 0.0820490 0.1195311 0.0566848 0.1401998 0.0622713 0.1276493 0.1298974 0.1416957 0.0486708 0.1112975 0.1097805 0.0625701 0.0792965 0.0907628 0.1084535 0.1138954 0.0981510 0.1387011 0.2226973 0.1160269 0.1353072 0.1505784 0.1040245 0.1292369 0.0836812 0.1218140 0.0845750 0.0861562 0.1413015 0.1053650 0.0749735 0.1277127 0.0845406 0.0711697 0.1083063 0.0602294 0.1129920 0.1175832 0.1265706 0.1272378 0.2113288 0.1284094 0.2177319 0.1286484 0.1402611 0.1247809 0.1383957 0.1186985 0.2154996 0.0821793 0.2010093 0.0847522 0.1536302 0.1226365 0.1337440 0.1268367 0.1121054 0.2128775 0.1205642 0.1390824 0.1051122 0.0419256 0.0876647 0.0826965 0.1369068 0.0774436 0.0712976 0.1201540 0.1424883 0.1338372 0.1103732 0.1091737 0.1339330 0.0963305 0.1219298 0.1094062 0.1020895 0.1159792 0.1039678 0.0577258 0.1051983 0.1012617 0.0722477 0.1310259 0.0880884 0.0500488 0.1280178 0.0880310 0.1156605 0.1268973 0.1163817 
S0292         0.5586197 0.4847794 0.5059351 0.0569221 0.0417645 0.1054836 0.2861208 0.0853889 0.0619027 0.0996496 0.1044624 0.0954495 0.0997098 0.0000000 0.0952148 0.1054816 0.1152203 0.0952248 0.1038462 0.0947897 0.1050133 0.0906152 0.0591828 0.0636915 0.0843334 0.0930501 0.0835280 0.1039596 0.0683750 0.0565308 0.0747325 0.0702575 0.1044594 0.0777012 0.0935423 0.1009551 0.1011039 0.0973950 0.0945613 0.0787656 0.1107254 0.0881501 0.0827967 0.0694237 0.0862393 0.0740740 0.0948847 0.2127174 0.0975989 0.0953488 0.1112067 0.0789898 0.1093715 0.0613712 0.0947175 0.0586627 0.0601856 0.1074706 0.0718800 0.0812302 0.0936187 0.0729527 0.0783594 0.0747769 0.0776008 0.0773295 0.0864949 0.0936450 0.0915822 0.1461564 0.0989647 0.2064811 0.0928698 0.0947929 0.0933873 0.1117564 0.1013360 0.1969086 0.0566165 0.1885818 0.0648979 0.1245389 0.0623899 0.0928593 0.0990071 0.0323324 0.2016742 0.0902090 0.1035304 0.0547764 0.0982168 0.0779054 0.0729466 0.1067754 0.0765622 0.1212799 0.0799046 0.1064966 0.0987537 0.0829339 0.0802439 0.0629306 0.0083140 0.0915837 0.0805226 0.0659686 0.0334917 0.0765416 0.0785197 0.0139624 0.0153919 0.1265201 0.0962392 0.0619281 0.0804335 0.0960401 0.0857375 0.0864381 0.1123713 0.0835066 
S0293         0.5486726 0.4820458 0.4651745 0.1084591 0.1881128 0.0452906 0.2800514 0.0699067 0.0824068 0.1152576 0.1204956 0.0310682 0.1052332 0.0952148 0.0000000 0.0790366 0.1177379 0.1143926 0.1239980 0.0991474 0.1326689 0.1177221 0.1123448 0.1234582 0.0195809 0.0389879 0.1183475 0.0792020 0.1097611 0.0795003 0.0776496 0.0813706 0.1289397 0.0967361 0.1217461 0.0865355 0.1315967 0.1097535 0.0512623 0.0270867 0.1191143 0.1041929 0.0967743 0.0793966 0.0253856 0.0895971 0.1244373 0.2498863 0.0844755 0.1198574 0.1442288 0.0215083 0.1274933 0.0859075 0.0292092 0.0774184 0.0845510 0.1371222 0.0981797 0.1096121 0.1161986 0.0831472 0.0971914 0.1012441 0.1040581 0.0974148 0.1077642 0.1210647 0.1160267 1.8745537 0.1294754 0.2282767 0.1170065 0.0982251 0.1318897 0.1198017 0.1177079 0.2352286 0.0796564 0.2225242 0.0856197 0.1506218 0.1202000 0.1007161 0.0797839 0.1058940 0.2462683 0.0253568 0.0556593 0.0993409 0.1072090 0.0850191 0.0856113 0.1354734 0.1081187 0.1267522 0.1006369 0.1372929 0.1263532 0.0290771 0.1021210 0.1234161 0.0953662 0.0233767 0.0270337 0.0624948 0.1174640 0.0541232 0.0884049 0.1067198 0.1067406 0.1297553 0.0453854 0.0841104 0.1013044 0.1357527 0.0880938 0.0234830 0.1231297 0.0492838 
S0294         0.5555161 0.4754465 0.4908792 0.1105769 0.1044868 0.0847287 0.2910200 0.0819654 0.0971657 0.1308582 0.1324396 0.0772288 0.1233614 0.1054816 0.0790366 0.0000000 0.1418950 0.1173392 0.1202506 0.1194555 0.1200357 0.1313797 0.1197772 0.1203929 0.0721303 0.0802311 0.1281087 0.0909496 0.1074529 0.0982796 0.0869302 0.0962411 0.1232751 0.1087848 0.1305183 0.0911681 0.1119979 0.1263366 0.0852988 0.0685641 0.1385603 0.1224719 0.1031835 0.0847709 0.0687004 0.1031698 0.1149907 0.2410422 0.0955567 0.1175152 0.1401603 0.0669422 0.1277314 0.1036296 0.0804287 0.0991250 0.1026257 0.1345613 0.1101703 0.1254328 0.1100302 0.0889081 0.1119990 0.1116575 0.1142667 0.1034455 0.1186433 0.1323564 0.1218788 0.1306952 0.1321076 0.2376656 0.1179700 0.1188890 0.1140526 0.1324104 0.1204470 0.2248016 0.0984381 0.2214922 0.0928944 0.1603460 0.1300402 0.1128139 0.0819895 0.1159734 0.2310795 0.0777741 0.0747915 0.1073627 0.1199578 0.0901779 0.0907674 0.1255476 0.1268352 0.1603754 0.0999444 0.1213572 0.1171679 0.0723078 0.0994756 0.1302088 0.0996162 0.0791666 0.0684635 0.0709255 0.1215984 0.0626088 0.0999463 0.1110364 0.1070775 0.1493114 0.0695178 0.1046579 0.1123421 0.1367802 0.0911271 0.0720178 0.1339548 0.0567428 
S0299         0.5416353 0.4665807 0.4947740 0.1264578 0.1535327 0.1410820 0.3532977 0.1448660 0.1076833 0.0609273 0.1648004 0.1382330 0.0655634 0.1152203 0.1177379 0.1418950 0.0000000 0.1546591 0.1563755 0.0527508 0.1479191 0.0747482 0.1318654 0.1386181 0.1306078 0.1455828 0.0696306 0.1321236 0.0865802 0.1079504 0.1444054 0.0709694 0.1454436 0.0808524 0.1395091 0.1513642 0.1617039 0.0539168 0.1282038 0.1264903 0.0685076 0.0941562 0.1100360 0.1205154 0.1345743 0.1216849 0.1541098 0.2267886 0.1415316 0.1482122 0.1638303 0.1246585 0.1595714 0.1112707 0.1389992 0.1108000 0.1123748 0.1691762 0.1248242 0.0896889 0.1581008 0.1038074 0.0788259 0.1309483 0.0686207 0.1424313 0.1289980 0.1416275 0.1369420 0.1884075 0.1522767 0.2206415 0.1358376 0.1687433 0.1479541 0.1618949 0.1395425 0.2219709 0.1081237 0.2075264 0.1169869 0.1822940 0.1401071 0.1618780 0.1306015 0.1267414 0.2247544 0.1375670 0.1433895 0.1155474 0.0663261 0.1090003 0.1037903 0.1592425 0.0960494 0.0720119 0.1352867 0.1520795 0.1433021 0.1311495 0.1401400 0.1367812 0.1093029 0.1348814 0.1262645 0.1214287 0.1297290 0.1249064 0.0813797 0.1207987 0.1131633 0.0724843 0.1329934 0.1144372 0.0707895 0.1544805 0.1113192 0.1303891 0.1428291 0.1321151 
S0303         0.5114977 0.4856796 0.4933855 0.0882390 0.1143461 0.1198286 0.3172793 0.0978853 0.1030563 0.1322919 0.1353908 0.1166558 0.1371455 0.0952248 0.1143926 0.1173392 0.1546591 0.0000000 0.0698537 0.1259116 0.0178183 0.1251125 0.0982500 0.1020654 0.1064688 0.1183834 0.1228468 0.1211797 0.1176958 0.0931017 0.0987017 0.1060779 0.0272410 0.1014569 0.1148369 0.1113939 0.0825080 0.1311479 0.1090194 0.1007392 0.1418468 0.1278732 0.1019896 0.0797926 0.1047102 0.0989464 0.0096933 0.2418496 0.1117528 0.0097539 0.1234257 0.0989916 0.1216208 0.0984088 0.1141971 0.0939205 0.0973766 0.1211618 0.1040035 0.1182620 0.0650412 0.0896337 0.1103135 0.1000010 0.1163628 0.0467427 0.1128712 0.1198518 0.1146645 0.1599375 0.1214799 0.2308818 0.0930569 0.0700612 0.0709023 0.1245312 0.1162540 0.2224731 0.0932515 0.2113188 0.0953476 0.1621683 0.1034666 0.0649468 0.1079673 0.1222523 0.2277147 0.1111110 0.1042335 0.1092470 0.1407210 0.0967029 0.0894200 0.0272812 0.1236014 0.1592642 0.0562631 0.0287750 0.0227863 0.1033104 0.0564816 0.1066137 0.0933529 0.1124784 0.0968916 0.0891567 0.1188017 0.0959054 0.1104087 0.0987110 0.1004727 0.1665910 0.1020914 0.0993788 0.1175713 0.1235054 0.1073573 0.1045381 0.1337025 0.1001768 
S0308         0.4814459 0.4836896 0.4842384 0.0966274 0.0846286 0.1288837 0.2978743 0.1082581 0.1059873 0.1441607 0.1328342 0.1216067 0.1302743 0.1038462 0.1239980 0.1202506 0.1563755 0.0698537 0.0000000 0.1444299 0.0796836 0.1322500 0.0976000 0.1033241 0.1112842 0.1251582 0.1269795 0.1284633 0.1169071 0.0960088 0.1055138 0.1149512 0.0766131 0.1141029 0.1299594 0.1163460 0.0796867 0.1323146 0.1205044 0.1072780 0.1474129 0.1328076 0.1123900 0.0960078 0.1112851 0.0978118 0.0678877 0.2565312 0.1253444 0.0699290 0.1344769 0.1055252 0.1280658 0.1013124 0.1187841 0.0987173 0.1003012 0.1334689 0.1050881 0.1270925 0.0689529 0.1018390 0.1275883 0.1091562 0.1201369 0.0624277 0.1256932 0.1270041 0.1258684 0.1884215 0.1146157 0.2279624 0.1060999 0.0725478 0.0775985 0.1318347 0.1293481 0.2383053 0.0961629 0.2295163 0.1068309 0.1812207 0.1084758 0.0673637 0.1131809 0.1294075 0.2399226 0.1177675 0.1165380 0.1180707 0.1330058 0.1092474 0.1017974 0.0701597 0.1285134 0.1650469 0.0641750 0.0784524 0.0714139 0.1057159 0.0626492 0.1138441 0.1042045 0.1191107 0.1070986 0.0942110 0.1269346 0.1043433 0.1117107 0.1111037 0.1092495 0.1727470 0.1126226 0.1023096 0.1226759 0.1115670 0.1102460 0.1111024 0.1266670 0.1047536 
S0320         0.5433167 0.4874168 0.5052583 0.0957256 0.0957178 0.1236371 0.3349259 0.1273540 0.0970392 0.0461375 0.1313720 0.1210934 0.0522285 0.0947897 0.0991474 0.1194555 0.0527508 0.1259116 0.1444299 0.0000000 0.1301365 0.0545830 0.1083712 0.1169427 0.1152777 0.1280240 0.0529486 0.1070341 0.0704779 0.0933686 0.1190858 0.0530797 0.1346168 0.0617453 0.1216455 0.1305005 0.1358339 0.0512649 0.1063415 0.1092522 0.0490591 0.0789470 0.0841948 0.1013368 0.1173973 0.1044099 0.1256579 0.2117106 0.1229658 0.1242583 0.1486165 0.1074073 0.1302129 0.0932020 0.1235963 0.0941673 0.0977432 0.1440824 0.1098773 0.0709730 0.1276114 0.0759754 0.0556609 0.1136873 0.0539237 0.1169184 0.1107471 0.1219645 0.1231410 0.2178631 0.1035128 0.2087311 0.1205650 0.1465498 0.1266215 0.1259066 0.1098531 0.2012695 0.0913084 0.1926227 0.0831016 0.1477577 0.1165040 0.1400164 0.1184881 0.1066168 0.2020025 0.1202714 0.1371387 0.1039215 0.0492961 0.0791686 0.0777790 0.1394942 0.0713165 0.0656334 0.1149022 0.1369497 0.1281283 0.1091870 0.1231395 0.1215613 0.0908510 0.1216759 0.1090594 0.0959839 0.1131432 0.1017989 0.0683313 0.1003639 0.0965781 0.0542691 0.1288849 0.0978278 0.0528077 0.1085749 0.0869837 0.1132283 0.1294199 0.1176430 
S0322         0.5058346 0.5130259 0.5157693 0.0954229 0.1195660 0.1251239 0.3116127 0.1078686 0.1051404 0.1299320 0.1417837 0.1279281 0.1395323 0.1050133 0.1326689 0.1200357 0.1479191 0.0178183 0.0796836 0.1301365 0.0000000 0.1307728 0.1038497 0.1104808 0.1150114 0.1251741 0.1261723 0.1293452 0.1227990 0.0946058 0.1005774 0.1083930 0.0352246 0.1075844 0.1264526 0.1184454 0.0856364 0.1349953 0.1180147 0.1087318 0.1464598 0.1304761 0.1082690 0.0842726 0.1150126 0.1027909 0.0161954 0.2589288 0.1181410 0.0194077 0.1317002 0.1088494 0.1251789 0.0984540 0.1201975 0.0954842 0.0991310 0.1289164 0.1081443 0.1208816 0.0724066 0.0949022 0.1164568 0.1080286 0.1223568 0.0545095 0.1221114 0.1320189 0.1176347 0.1342379 0.1265604 0.2441890 0.1001663 0.0778883 0.0769585 0.1357290 0.1213439 0.2394595 0.0947660 0.2272706 0.1056132 0.1730310 0.1098883 0.0722783 0.1164029 0.1297847 0.2431221 0.1219789 0.1146310 0.1138234 0.1452242 0.1022475 0.0946613 0.0351712 0.1287047 0.1566280 0.0629280 0.0368916 0.0304119 0.1090885 0.0649483 0.1130901 0.1010355 0.1233972 0.1105219 0.0985892 0.1238789 0.1055893 0.1121398 0.1067683 0.1084744 0.1708337 0.1123027 0.1012514 0.1226724 0.1290948 0.1113491 0.1148113 0.1356148 0.1081717 
S0327         0.5479218 0.4944911 0.4622255 0.1016019 0.1274035 0.1269461 0.3121926 0.1229693 0.0875912 0.0578880 0.1352225 0.1200115 0.0449198 0.0906152 0.1177221 0.1313797 0.0747482 0.1251125 0.1322500 0.0545830 0.1307728 0.0000000 0.1083343 0.1185972 0.1126386 0.1267136 0.0495180 0.1251551 0.0609124 0.0859085 0.1161385 0.0459623 0.1327781 0.0382132 0.1223407 0.1206586 0.1361328 0.0559077 0.1180928 0.1124772 0.0578223 0.0705421 0.0696453 0.0910803 0.1204288 0.0928522 0.1246623 0.2226696 0.1200910 0.1213339 0.1481230 0.1069149 0.1402768 0.0875215 0.1245013 0.0884453 0.0900036 0.1471105 0.1035750 0.0648435 0.1179996 0.0636383 0.0600681 0.1065729 0.0537163 0.1137494 0.1166406 0.1189440 0.1239792 0.1892924 0.1209571 0.1962327 0.1239308 0.1343342 0.1172057 0.1376062 0.1201314 0.2099721 0.0860435 0.1958791 0.0865790 0.1555269 0.1103483 0.1279789 0.1120088 0.0962787 0.2095025 0.1192113 0.1271592 0.1075966 0.0559377 0.0684640 0.0653133 0.1335647 0.0687954 0.0771406 0.1105822 0.1350086 0.1265693 0.1130812 0.1116436 0.1211754 0.0873216 0.1245807 0.1122844 0.0969894 0.1022454 0.0998627 0.0571430 0.0940433 0.0958702 0.0776889 0.1193815 0.0919264 0.0509170 0.1203425 0.0775618 0.1163845 0.1307384 0.1050015 
S0335         0.5639398 0.5011968 0.5153776 0.0314993 0.0306112 0.1114980 0.3010714 0.0977216 0.0802107 0.1220134 0.1246270 0.1086474 0.1184573 0.0591828 0.1123448 0.1197772 0.1318654 0.0982500 0.0976000 0.1083712 0.1038497 0.1083343 0.0000000 0.0355215 0.0971271 0.1120762 0.1047566 0.1197654 0.0887043 0.0711369 0.0857365 0.0832723 0.1074794 0.0950330 0.0988755 0.1156205 0.1116735 0.1049674 0.1052195 0.0913568 0.1204214 0.0993857 0.0850248 0.0837566 0.0989370 0.0860325 0.0979021 0.2250447 0.1114930 0.0983792 0.1171402 0.0916035 0.1176759 0.0760916 0.1080321 0.0734494 0.0749795 0.1214541 0.0837177 0.0949801 0.1004295 0.0749947 0.0900202 0.0745409 0.0989005 0.0876968 0.0949187 0.1020199 0.0987951 0.1507043 0.1150344 0.1990086 0.0960790 0.1023008 0.1005912 0.1199294 0.1055175 0.2134794 0.0690955 0.1977461 0.0907905 0.1339580 0.0448391 0.1002257 0.1050847 0.0851669 0.2088559 0.1032693 0.1078272 0.0767086 0.1087528 0.0799821 0.0749881 0.1022417 0.0901259 0.1362272 0.0864227 0.1095180 0.1017738 0.0957406 0.0928823 0.0397376 0.0610288 0.1046273 0.0931518 0.0745345 0.0882909 0.0912849 0.0866413 0.0678106 0.0694998 0.1308745 0.1004379 0.0767960 0.0938032 0.1119747 0.0879000 0.0993481 0.1229923 0.0946621 
S0345         0.5653769 0.4767464 0.5172943 0.0290276 0.0436929 0.1112333 0.3074467 0.0976441 0.0816353 0.1326027 0.1276010 0.1129946 0.1272907 0.0636915 0.1234582 0.1203929 0.1386181 0.1020654 0.1033241 0.1169427 0.1104808 0.1185972 0.0355215 0.0000000 0.1011260 0.1146642 0.1110143 0.1227128 0.0960346 0.0779880 0.0873144 0.0924001 0.1076135 0.1047276 0.0907577 0.1179649 0.1136933 0.1159156 0.1072836 0.0970175 0.1248068 0.1081090 0.0975854 0.0892781 0.1048589 0.0915436 0.1016984 0.2304652 0.1140946 0.1022048 0.1233982 0.0954426 0.1096062 0.0831108 0.1104538 0.0804419 0.0820098 0.1176044 0.0891242 0.1046722 0.1005455 0.0835205 0.0935575 0.0867915 0.1035808 0.0875860 0.0886427 0.0999725 0.0929021 0.1221655 0.1180859 0.2141109 0.0935995 0.1116137 0.0986444 0.1144096 0.1017605 0.2132515 0.0758384 0.1966871 0.0981754 0.1345915 0.0487419 0.1057124 0.1074658 0.0923726 0.2226894 0.1074709 0.1085694 0.0745180 0.1249838 0.0926799 0.0874879 0.1043330 0.0974107 0.1455806 0.0942616 0.1136307 0.1056758 0.0997184 0.0965005 0.0289992 0.0621786 0.1069625 0.0970243 0.0785065 0.0864236 0.0878062 0.0923231 0.0706048 0.0708918 0.1440421 0.1027206 0.0803583 0.1071030 0.1149242 0.0973343 0.1034265 0.1208378 0.0909821 
S0400         0.5420339 0.4680213 0.4973744 0.0925106 0.1490958 0.0365949 0.2861147 0.0532940 0.0815242 0.1263697 0.1099506 0.0125713 0.1119096 0.0843334 0.0195809 0.0721303 0.1306078 0.1064688 0.1112842 0.1152777 0.1150114 0.1126386 0.0971271 0.1011260 0.0000000 0.0242955 0.1150035 0.0745146 0.1044047 0.0774021 0.0692487 0.0852667 0.1104831 0.0935879 0.1113918 0.0816471 0.1136304 0.1141809 0.0427601 0.0110691 0.1282788 0.0969254 0.0973970 0.0583842 0.0082972 0.0835568 0.1081614 0.2264245 0.0700653 0.1067856 0.1266537 0.0110528 0.1161755 0.0823804 0.0154486 0.0797810 0.0813056 0.1279293 0.0848185 0.1014593 0.1070905 0.0834800 0.0922636 0.0898668 0.0987642 0.0827179 0.0992875 0.1085109 0.1069433 0.1438678 0.1115550 0.2214176 0.1013796 0.0983122 0.1140398 0.1209348 0.1055237 0.2182750 0.0775205 0.2132010 0.0802474 0.1458584 0.1080952 0.0928460 0.0655961 0.0974565 0.2239695 0.0082891 0.0505253 0.0929240 0.1099216 0.0887785 0.0855629 0.1167961 0.0986793 0.1390129 0.0881057 0.1182128 0.1102455 0.0139317 0.0878783 0.1028319 0.0846067 0.0096542 0.0124404 0.0446077 0.1048501 0.0414480 0.0869970 0.0930785 0.0948840 0.1387295 0.0426007 0.0809755 0.1035346 0.1160007 0.0932555 0.0068940 0.1181600 0.0411171 
S0405         0.5732067 0.5115224 0.5552776 0.1052527 0.1568210 0.0500525 0.3025114 0.0625875 0.0900375 0.1409587 0.1238132 0.0336175 0.1280448 0.0930501 0.0389879 0.0802311 0.1455828 0.1183834 0.1251582 0.1280240 0.1251741 0.1267136 0.1120762 0.1146642 0.0242955 0.0000000 0.1251105 0.0798327 0.1157689 0.0857012 0.0844219 0.0939372 0.1205004 0.1045501 0.1272871 0.0920106 0.1214096 0.1280293 0.0565411 0.0184365 0.1350502 0.1122084 0.1083290 0.0678972 0.0274178 0.0936809 0.1175417 0.2446412 0.0764539 0.1205889 0.1398703 0.0213229 0.1325497 0.0892216 0.0351937 0.0880956 0.0897868 0.1456158 0.0935256 0.1128973 0.1087057 0.0939245 0.1010034 0.1027472 0.1076007 0.0951391 0.1105528 0.1222934 0.1206919 0.1680508 0.1347038 0.2339150 0.1088459 0.1134761 0.1220087 0.1330917 0.1233107 0.2306119 0.0858355 0.2280418 0.0883729 0.1562894 0.1219044 0.1094783 0.0752306 0.1058964 0.2415164 0.0273935 0.0595094 0.1019182 0.1186487 0.0994190 0.0961219 0.1310983 0.1101091 0.1544575 0.0952867 0.1285345 0.1202335 0.0243749 0.1005056 0.1181865 0.0933633 0.0287804 0.0198350 0.0537113 0.1143759 0.0468886 0.1016787 0.1020971 0.1002704 0.1561712 0.0530210 0.0894146 0.1093768 0.1393795 0.1040072 0.0258963 0.1381267 0.0513713 
S0407sl       0.5722574 0.4921716 0.4974342 0.0944128 0.1203141 0.1257790 0.3077353 0.1211234 0.0878100 0.0624689 0.1187934 0.1224332 0.0420685 0.0835280 0.1183475 0.1281087 0.0696306 0.1228468 0.1269795 0.0529486 0.1261723 0.0495180 0.1047566 0.1110143 0.1150035 0.1251105 0.0000000 0.1283027 0.0612336 0.0861224 0.1105985 0.0479428 0.1304686 0.0482801 0.1211466 0.1249117 0.1303784 0.0447000 0.1144087 0.1109070 0.0579730 0.0711708 0.0793280 0.0940889 0.1132844 0.0970499 0.1224049 0.2341715 0.1145981 0.1190862 0.1473657 0.1091209 0.1350802 0.0877398 0.1229017 0.0886686 0.0902311 0.1318408 0.1001551 0.0635051 0.1183337 0.0732010 0.0615629 0.1089830 0.0559237 0.1102132 0.1154034 0.1190997 0.1227948 0.2117459 0.1077642 0.2250914 0.1183350 0.1264313 0.1155927 0.1346595 0.1153640 0.2297624 0.0862579 0.2177085 0.0827412 0.1527732 0.1126906 0.1243746 0.1198151 0.0950201 0.2265955 0.1216483 0.1243658 0.1003525 0.0495422 0.0781684 0.0731948 0.1272318 0.0710035 0.0701224 0.1108858 0.1326834 0.1243012 0.1115034 0.0997858 0.1135147 0.0836087 0.1230024 0.1107177 0.0977922 0.0870533 0.0998152 0.0538626 0.0905857 0.0888087 0.0889133 0.1165631 0.0921603 0.0228523 0.1072230 0.0784803 0.1148131 0.1167855 0.1104796 
S0412sl       0.5706490 0.5221373 0.5594513 0.1141754 0.1511407 0.0845394 0.3278443 0.0800293 0.0853580 0.1274872 0.1325593 0.0803988 0.1199027 0.1039596 0.0792020 0.0909496 0.1321236 0.1211797 0.1284633 0.1070341 0.1293452 0.1251551 0.1197654 0.1227128 0.0745146 0.0798327 0.1283027 0.0000000 0.1050622 0.0850648 0.0824954 0.1066623 0.1191904 0.1096577 0.1479527 0.0793983 0.1334052 0.1190659 0.0776018 0.0651508 0.1478662 0.1178604 0.1209830 0.0678706 0.0763347 0.0924238 0.1250761 0.2342782 0.0493066 0.1210860 0.1496890 0.0615848 0.1398014 0.0887536 0.0795098 0.0878317 0.0895381 0.1642784 0.0938623 0.1063613 0.1203843 0.1074495 0.1071264 0.0973070 0.1081285 0.1039951 0.1287992 0.1424062 0.1424159 0.1560068 0.1393949 0.2275803 0.1081408 0.1245620 0.1176226 0.1403959 0.1286653 0.2201475 0.0852109 0.2194123 0.0821411 0.1698180 0.1305813 0.1242751 0.0806690 0.1169787 0.2325492 0.0765291 0.0868160 0.0941194 0.1239081 0.1108912 0.1074288 0.1219089 0.1052371 0.1537922 0.0899389 0.1207971 0.1145542 0.0691387 0.1017246 0.1272102 0.0998972 0.0802285 0.0650490 0.0657218 0.1149161 0.0601065 0.0991394 0.1079569 0.1019224 0.1542448 0.0811218 0.0916419 0.1155707 0.1441706 0.1112599 0.0746497 0.1428431 0.0655404 
S0417         0.4967730 0.4367871 0.4813967 0.0806220 0.0950252 0.1185168 0.2906361 0.1138365 0.0748390 0.0745514 0.1244344 0.1116421 0.0709211 0.0683750 0.1097611 0.1074529 0.0865802 0.1176958 0.1169071 0.0704779 0.1227990 0.0609124 0.0887043 0.0960346 0.1044047 0.1157689 0.0612336 0.1050622 0.0000000 0.0716300 0.0940765 0.0458719 0.1251769 0.0462284 0.1083980 0.1167182 0.1173959 0.0572678 0.0960062 0.1004459 0.0754923 0.0725072 0.0751225 0.0895195 0.1081464 0.0764675 0.1172751 0.2225730 0.1102229 0.1117614 0.1342505 0.0950338 0.1169898 0.0732092 0.1119097 0.0739645 0.0755053 0.1297912 0.0866422 0.0717040 0.1044520 0.0742826 0.0680930 0.0924178 0.0535255 0.0970305 0.1058028 0.1029397 0.1103471 0.1660438 0.1026754 0.2051378 0.1097846 0.1221391 0.1136778 0.1175321 0.1069795 0.2096238 0.0717405 0.1960308 0.0724071 0.1325820 0.0960380 0.1160487 0.1154054 0.0760594 0.2061830 0.1107868 0.1189527 0.0850999 0.0594872 0.0757118 0.0725505 0.1260491 0.0705794 0.0843002 0.0950443 0.1232803 0.1191367 0.1009698 0.0968106 0.1002463 0.0650310 0.1121518 0.1002803 0.0891052 0.0827129 0.0990727 0.0621412 0.0751076 0.0734134 0.0923936 0.1113038 0.0755850 0.0572440 0.1021613 0.0690686 0.1020016 0.1098909 0.1013448 
S0419         0.4944185 0.4289635 0.4630678 0.0655456 0.0934729 0.0902924 0.2888606 0.0836244 0.0111248 0.1004047 0.0747502 0.0881040 0.0820490 0.0565308 0.0795003 0.0982796 0.1079504 0.0931017 0.0960088 0.0933686 0.0946058 0.0859085 0.0711369 0.0779880 0.0774021 0.0857012 0.0861224 0.0850648 0.0716300 0.0000000 0.0709695 0.0676938 0.0984726 0.0733018 0.1048947 0.0893807 0.1027018 0.0872433 0.0852848 0.0705060 0.1036141 0.0794288 0.0779267 0.0648047 0.0812231 0.0335365 0.0927703 0.2004427 0.0812032 0.0932211 0.1192664 0.0655362 0.1131137 0.0040921 0.0837437 0.0041314 0.0055078 0.1237723 0.0378925 0.0822157 0.0860243 0.0680704 0.0738183 0.0671939 0.0750824 0.0757810 0.0892337 0.1004125 0.0989572 0.1579995 0.0680299 0.1939883 0.0831510 0.0917283 0.0841126 0.1204919 0.1091624 0.1910172 0.0027321 0.1801825 0.0640313 0.1256363 0.0828729 0.0897150 0.0899908 0.0721260 0.1947621 0.0830322 0.0958983 0.0562163 0.0915101 0.0729803 0.0700211 0.0970490 0.0741362 0.1138260 0.0773073 0.1004692 0.0928703 0.0742026 0.0772200 0.0806462 0.0534246 0.0843904 0.0737452 0.0655649 0.0669890 0.0681426 0.0673353 0.0613942 0.0580855 0.1184442 0.0888605 0.0069045 0.0794930 0.0677049 0.0752239 0.0790023 0.0729986 0.0730211 
S0427         0.5296832 0.4590463 0.5031453 0.0760032 0.1094214 0.0853507 0.2773690 0.0830179 0.0765826 0.1239797 0.1085966 0.0797629 0.1195311 0.0747325 0.0776496 0.0869302 0.1444054 0.0987017 0.1055138 0.1190858 0.1005774 0.1161385 0.0857365 0.0873144 0.0692487 0.0844219 0.1105985 0.0824954 0.0940765 0.0709695 0.0000000 0.0907249 0.1079787 0.0914415 0.1140556 0.0897272 0.1058139 0.1160867 0.0772795 0.0691535 0.1277378 0.1004460 0.0902185 0.0650202 0.0709022 0.0769217 0.1002143 0.2158687 0.0776663 0.0988318 0.1162283 0.0675544 0.1213781 0.0759118 0.0789095 0.0732750 0.0748017 0.1258505 0.0817237 0.0937892 0.0952141 0.0801506 0.0939539 0.0910988 0.1022855 0.0859196 0.1037767 0.1113422 0.1114785 0.1409455 0.0962997 0.2062758 0.0911395 0.0932611 0.0898169 0.1136606 0.1048504 0.2080726 0.0710780 0.1923234 0.0873545 0.1435819 0.0851743 0.0876995 0.0909891 0.0950287 0.2099254 0.0747489 0.0820356 0.0869935 0.1127928 0.0814356 0.0819443 0.1045031 0.1022508 0.1496117 0.0883499 0.1100283 0.1022430 0.0712803 0.0819239 0.0918960 0.0749662 0.0761230 0.0690534 0.0688567 0.0853784 0.0684512 0.0887844 0.0814357 0.0797320 0.1444991 0.0751775 0.0766134 0.1032286 0.1032145 0.0856963 0.0730077 0.1045114 0.0661157 
S0428sl       0.4981515 0.4464745 0.4540877 0.0737606 0.1054020 0.0940547 0.2757977 0.0957971 0.0692991 0.0642554 0.1016431 0.0921949 0.0566848 0.0702575 0.0813706 0.0962411 0.0709694 0.1060779 0.1149512 0.0530797 0.1083930 0.0459623 0.0832723 0.0924001 0.0852667 0.0939372 0.0479428 0.1066623 0.0458719 0.0676938 0.0907249 0.0000000 0.1114842 0.0367817 0.0994096 0.1044348 0.1004263 0.0458282 0.0887499 0.0797770 0.0518269 0.0536486 0.0630311 0.0742712 0.0888313 0.0740171 0.1056967 0.1929858 0.1052972 0.1062261 0.1259285 0.0798599 0.1086689 0.0692524 0.0957885 0.0699570 0.0714812 0.1236672 0.0735965 0.0483445 0.0948466 0.0604197 0.0370692 0.0875182 0.0499820 0.0933759 0.0919523 0.0990759 0.0988869 0.1622442 0.0950609 0.1868088 0.1004725 0.1068826 0.0985789 0.1135765 0.0933828 0.1888467 0.0677973 0.1752636 0.0598243 0.1226198 0.0927791 0.1010026 0.1030849 0.0851683 0.1801923 0.0912175 0.0973351 0.0862638 0.0461993 0.0652273 0.0620857 0.1140777 0.0536556 0.0703265 0.0878347 0.1135793 0.1056270 0.0819385 0.0894779 0.0950567 0.0670790 0.0926039 0.0796544 0.0714870 0.0864447 0.0837669 0.0437499 0.0752893 0.0718826 0.0713011 0.0937076 0.0732746 0.0442797 0.0945891 0.0657504 0.0851308 0.1054209 0.0898723 
