85
CRNC          0.0000000 0.8097485 0.0000010 0.7119895 0.8375074 0.7262170 0.9510737 0.7287826 0.7165383 0.7841528 0.7816194 0.6190233 0.7209645 0.8021291 0.7075345 0.6571228 0.5936141 0.8425603 0.7869762 0.7532886 0.6492046 0.7323794 0.8229348 0.6420413 0.6126254 0.7263825 0.6973750 0.7527217 0.7333051 0.7408715 0.7394998 0.9521977 0.6556199 0.7666597 0.6562649 0.6287519 0.7335968 0.7503490 0.7297347 0.7503490 0.6964889 0.7401446 0.8414243 0.6352725 0.7395805 0.7772522 0.6886095 0.7637836 0.7734413 0.7404612 0.5634951 0.8013396 0.7952843 0.6602326 0.7747717 0.7633452 0.7464513 0.7747998 0.7654463 0.8255249 0.7559472 0.7596113 0.7265375 0.6712807 0.6931856 0.8328449 0.7150974 0.6173838 0.6157618 0.8210122 0.7368426 0.7275183 0.7118223 0.7288321 0.6658425 0.6587404 0.8872035 0.7986608 0.6771731 0.7643099 0.7494422 0.7493165 0.7210435 0.6978028 0.7030478 
ERR2789774    0.8097485 0.0000000 0.0000010 0.0797277 0.1311968 0.0330879 0.1652710 0.1290677 0.0338686 0.0940930 0.1207016 0.1029422 0.1354607 0.1272211 0.0335676 0.1065214 0.0426346 0.1294994 0.1233036 0.1360424 0.1027992 0.1631813 0.1097956 0.1151499 0.1027992 0.0791710 0.0473164 0.1103323 0.1096726 0.0953388 0.0342959 0.1152101 0.1017272 0.1601185 0.0993142 0.1103226 0.0278041 0.1146406 0.0393787 0.1146406 0.0989589 0.1801778 0.1126784 0.0826429 0.1033223 0.1052019 0.1467656 0.1342335 0.1698723 0.1526730 0.1032320 0.1955721 0.1718327 0.1067242 0.1235744 0.1158504 0.1042336 0.1526069 0.0395564 0.0504864 0.1464490 0.1050673 0.1032200 0.1045860 0.0957287 0.1202523 0.1262296 0.1032118 0.0897956 0.1547800 0.1290677 0.0276974 0.0392847 0.0598899 0.1284638 0.0602300 0.1234604 0.1538581 0.1129497 0.1197205 0.0342591 0.1362687 0.1168408 0.0393787 0.0583769 
PAFTOL_019361 0.0000010 0.0000010 0.0000000 0.0000010 0.0000010 0.0000010 0.0000010 0.0000010 0.0000010 0.0000010 0.0000010 0.0000010 0.0000010 0.0000010 0.0000010 0.0000010 0.0000010 0.0000010 2.8655877 0.0000010 0.0000010 0.7153947 0.0000010 0.0000010 0.0000010 0.0000010 0.0000010 0.0000010 0.0000010 0.0000010 0.0000010 0.0000010 0.0000010 0.0000010 0.0000010 0.0000010 0.0000010 0.0000010 0.0000010 0.0000010 0.0000010 0.0000010 0.0000010 0.0000010 0.0000010 0.0000010 0.7153947 0.0000010 0.7153947 0.7153947 0.0000010 0.0000010 0.0000010 0.0000010 0.0000010 0.0000010 0.0000010 0.0000010 0.0000010 0.0000010 0.0000010 0.0000010 0.0000010 0.0000010 0.0000010 0.0000010 0.0000010 0.0000010 0.0000010 0.0000010 0.0000010 0.0000010 0.0000010 0.0000010 0.0000010 0.0000010 0.0000010 0.0000010 0.0000010 0.0000010 0.0000010 0.0000010 0.0000010 0.0000010 0.0000010 
S0196sl       0.7119895 0.0797277 0.0000010 0.0000000 0.0993476 0.0675533 0.1620500 0.0907291 0.0475014 0.0684469 0.1695925 0.0905420 0.1378732 0.1062868 0.0576449 0.1077452 0.0440963 0.1428045 0.0087186 0.1313455 0.0905003 0.1382143 0.1056955 0.1357851 0.0905003 0.0586426 0.0844126 0.1222380 0.1486486 0.0836814 0.0688239 0.0516614 0.1127646 0.1311314 0.0670053 0.1019935 0.0577017 0.0000010 0.0783180 0.0000010 0.0086161 0.1635492 0.0626855 0.0905003 0.1379539 0.1122398 0.1394129 0.1081587 0.2010697 0.1394129 0.0588830 0.1211096 0.1624024 0.0086718 0.0733268 0.0709028 0.0943066 0.1311314 0.0681347 0.0703419 0.1174717 0.1239147 0.1517045 0.1542002 0.0905003 0.1271175 0.0905003 0.0910682 0.1019935 0.0939184 0.0798549 0.0573093 0.0573093 0.0931253 0.0899786 0.0576827 0.1438848 0.1038670 0.0673672 0.1397867 0.0703419 0.1412332 0.1486486 0.0678358 0.0678358 
S0281         0.8375074 0.1311968 0.0000010 0.0993476 0.0000000 0.1026834 0.1205547 0.1233945 0.0821831 0.1654631 0.1078508 0.1132400 0.1355611 0.1330134 0.0960677 0.1090603 0.0619977 0.1529969 0.1101029 0.1490642 0.1194450 0.1569285 0.1285731 0.1357610 0.1194450 0.1004063 0.1154569 0.1325749 0.1713046 0.1139350 0.0984960 0.0725878 0.1342460 0.2000820 0.1366595 0.1273787 0.0885205 0.1017103 0.1029709 0.1017103 0.0931568 0.1593080 0.0633195 0.1142435 0.1653322 0.1368375 0.1412073 0.1548806 0.1555862 0.1469347 0.1034757 0.1621832 0.2113995 0.1008546 0.1265745 0.1169918 0.1643268 0.1919748 0.1119702 0.0845674 0.1455351 0.1384869 0.1486160 0.1507632 0.1281089 0.1432387 0.1364829 0.1199433 0.1220368 0.1044822 0.1233945 0.0887636 0.0946392 0.0970852 0.1000271 0.1155426 0.1494747 0.1327699 0.0991702 0.1532964 0.0800295 0.1223900 0.1622095 0.0880883 0.1173214 
S0282         0.7262170 0.0330879 0.0000010 0.0675533 0.1026834 0.0000000 0.1257852 0.1094416 0.0157442 0.0909219 0.0867380 0.0644627 0.1000599 0.1151580 0.0156133 0.0825173 0.0279869 0.1095413 0.1113333 0.1147576 0.0644009 0.1157876 0.0835991 0.0952487 0.0644009 0.0564660 0.0274340 0.0914384 0.0927361 0.0705597 0.0105472 0.1122738 0.0637885 0.1482195 0.0811938 0.0709091 0.0210180 0.1032791 0.0209311 0.1032791 0.0815549 0.1490544 0.0932874 0.0463232 0.0790121 0.0863709 0.1014374 0.0995446 0.1156489 0.1071149 0.0845641 0.1536524 0.1575472 0.0886183 0.0957867 0.0892980 0.0867301 0.1410224 0.0157869 0.0354457 0.1131932 0.0970722 0.0789504 0.0799257 0.0581544 0.1144471 0.0919962 0.0646328 0.0525704 0.1315353 0.1094416 0.0103110 0.0208849 0.0579764 0.1010912 0.0510225 0.1052051 0.1179123 0.0872340 0.0860423 0.0159166 0.1149339 0.0916322 0.0209311 0.0379395 
S0289         0.9510737 0.1652710 0.0000010 0.1620500 0.1205547 0.1257852 0.0000000 0.1071041 0.1354971 0.1658563 0.0492278 0.1625184 0.0628665 0.1279245 0.1341359 0.0398954 0.0663700 0.0575623 0.1336152 0.1422668 0.1688384 0.1233649 0.0891315 0.1772625 0.1688384 0.1116011 0.1467344 0.0437208 0.0758141 0.0860220 0.1300459 0.1577748 0.1669233 0.1276193 0.0853741 0.1777865 0.1421887 0.1244994 0.1414649 0.1244994 0.1002399 0.1267633 0.1344342 0.1463710 0.0839973 0.0760528 0.1091815 0.1079029 0.1388929 0.1148992 0.2070471 0.2042320 0.1365333 0.1081220 0.0953388 0.1089673 0.1943592 0.1205373 0.1384884 0.1452553 0.0922176 0.0446021 0.0839301 0.0849554 0.1607757 0.0621033 0.2072009 0.1611327 0.1546890 0.1370395 0.1071041 0.1261645 0.1321360 0.1804218 0.1063998 0.1288192 0.0522712 0.1406459 0.0917229 0.0631734 0.1246146 0.0552006 0.0693195 0.1414649 0.1268815 
S0292         0.7287826 0.1290677 0.0000010 0.0907291 0.1233945 0.1094416 0.1071041 0.0000000 0.1033893 0.1208034 0.1218196 0.1256895 0.1052680 0.1203990 0.1169470 0.0879696 0.0770515 0.1005351 0.0960908 0.1345192 0.1254980 0.1200589 0.0903665 0.1708488 0.1254980 0.1032384 0.1279004 0.0832810 0.1118276 0.0763435 0.1128383 0.1581732 0.1395482 0.0928278 0.0616961 0.1330636 0.1102497 0.0885133 0.1236383 0.0885133 0.0679324 0.1194477 0.1277171 0.1206504 0.1132015 0.1069859 0.1059024 0.0887734 0.1345088 0.1114540 0.1521976 0.1642603 0.0815948 0.0622074 0.0858334 0.0626663 0.1398017 0.0865328 0.1326769 0.1463477 0.0808694 0.0963205 0.0990665 0.1003200 0.1337740 0.1122798 0.1578247 0.1187050 0.1280643 0.1209343 0.0099926 0.1097526 0.1153137 0.1308449 0.0376410 0.1182734 0.0803263 0.0495328 0.0155450 0.1208760 0.1194096 0.0991638 0.0967954 0.1236383 0.0959976 
S0293         0.7165383 0.0338686 0.0000010 0.0475014 0.0821831 0.0157442 0.1354971 0.1033893 0.0000000 0.0848699 0.0950556 0.0585949 0.0938145 0.1087979 0.0104609 0.0980437 0.0283755 0.1186714 0.1051636 0.1084216 0.0585419 0.1250499 0.0915516 0.0750715 0.0585419 0.0389212 0.0220708 0.0997225 0.1155157 0.0781253 0.0106705 0.0910537 0.0711099 0.1580782 0.0888770 0.0649931 0.0158446 0.0972174 0.0157789 0.0972174 0.0757320 0.1594587 0.0803662 0.0532716 0.1009341 0.0946592 0.1102644 0.1081515 0.1401500 0.1160074 0.0851663 0.1640146 0.1677799 0.0827145 0.1045493 0.0973432 0.0805518 0.1506990 0.0214927 0.0297154 0.1384686 0.1135077 0.1008387 0.1021347 0.0653825 0.1089391 0.0858663 0.0587513 0.0597111 0.1101981 0.1033893 0.0051805 0.0157442 0.0521666 0.0820679 0.0579251 0.1144583 0.1117287 0.0814251 0.0942896 0.0106664 0.1240848 0.1140670 0.0157789 0.0442831 
S0294         0.7841528 0.0940930 0.0000010 0.0684469 0.1654631 0.0909219 0.1658563 0.1208034 0.0848699 0.0000000 0.1387123 0.1278025 0.1369564 0.1470298 0.0982108 0.1191467 0.0760124 0.1324138 0.1201516 0.1464774 0.1276034 0.1571115 0.1202239 0.1567654 0.1276034 0.1057468 0.1168715 0.1125675 0.1375951 0.1294844 0.0937328 0.1527793 0.1419015 0.1437730 0.1106967 0.1197980 0.0915934 0.1117381 0.1048357 0.1117381 0.0756142 0.1784865 0.1382639 0.1143421 0.1139216 0.1231386 0.1413353 0.1347552 0.1732221 0.1470794 0.1439498 0.2267586 0.1617101 0.0965055 0.1246582 0.1261394 0.0966058 0.1367495 0.1054482 0.1251956 0.1605485 0.1204862 0.1138037 0.1152836 0.1360453 0.1371507 0.1605781 0.1281171 0.1217310 0.1911275 0.1072018 0.0911861 0.0968011 0.1258661 0.1374402 0.0914754 0.1193105 0.1438117 0.1083859 0.1376316 0.1003054 0.1377446 0.1272242 0.1048357 0.0916563 
S0299         0.7816194 0.1207016 0.0000010 0.1695925 0.1078508 0.0867380 0.0492278 0.1218196 0.0950556 0.1387123 0.0000000 0.1340646 0.0438570 0.0829969 0.0941397 0.0334891 0.0651487 0.0507657 0.1404266 0.1096201 0.1402082 0.1218304 0.0944123 0.1481374 0.1402082 0.0955406 0.1045011 0.0375102 0.0685615 0.0770350 0.0894786 0.1518192 0.1386947 0.1341090 0.0915820 0.1484038 0.1013916 0.1311769 0.1008981 0.1311769 0.1066206 0.1554094 0.1215915 0.1190247 0.0632688 0.0439417 0.1073956 0.1053841 0.1365824 0.1130358 0.1670153 0.1820996 0.1431472 0.1146040 0.0937814 0.1154888 0.1482552 0.1269954 0.0988628 0.1088440 0.1471404 0.0499268 0.0632277 0.0639654 0.1326795 0.0679247 0.1753057 0.1329526 0.1267297 0.1494226 0.1218196 0.0869977 0.0927645 0.1260007 0.1127660 0.0897982 0.0586455 0.1474518 0.0979393 0.0440690 0.0784800 0.0498409 0.0622763 0.1008981 0.0953307 
S0303         0.6190233 0.1029422 0.0000010 0.0905420 0.1132400 0.0644627 0.1625184 0.1256895 0.0585949 0.1278025 0.1340646 0.0000000 0.1323434 0.1324530 0.0641781 0.1368770 0.0430001 0.1603800 0.1591971 0.1152802 0.0213154 0.1659203 0.1280402 0.0521721 0.0213154 0.0849829 0.0802040 0.1383114 0.1468027 0.1134866 0.0663833 0.1634868 0.0323866 0.1900877 0.1242131 0.0157079 0.0644883 0.1497297 0.0775384 0.1497297 0.1247121 0.1866078 0.1557713 0.0405578 0.1225535 0.1335653 0.1385858 0.1316191 0.1822573 0.1556323 0.0764413 0.1930912 0.2006819 0.1328667 0.1442039 0.1339505 0.1086927 0.1823864 0.0853744 0.1024689 0.1472334 0.1379071 0.1162168 0.1177517 0.0384539 0.1490609 0.0445957 0.0213832 0.0467649 0.1592596 0.1256895 0.0646514 0.0632607 0.0677710 0.1167403 0.0911655 0.1570475 0.1348072 0.1021182 0.1179649 0.0727221 0.1579718 0.1448505 0.0775384 0.0715625 
S0320         0.7209645 0.1354607 0.0000010 0.1378732 0.1355611 0.1000599 0.0628665 0.1052680 0.0938145 0.1369564 0.0438570 0.1323434 0.0000000 0.1136106 0.1076968 0.0392423 0.0450378 0.0501205 0.1225653 0.1276983 0.1384344 0.1225466 0.1179833 0.1462797 0.1384344 0.1045431 0.1186789 0.0370443 0.0745823 0.1006940 0.1032617 0.1851650 0.1533155 0.1324604 0.0904185 0.1465306 0.1151382 0.1139332 0.1145750 0.1139332 0.0908334 0.1627781 0.1505440 0.1334974 0.0754486 0.0554110 0.1080333 0.1235786 0.1373782 0.1136964 0.1741404 0.2065591 0.1413799 0.0983372 0.1116525 0.1140153 0.1463879 0.1254232 0.1122550 0.1469689 0.1594646 0.0557071 0.0753938 0.0762849 0.1394248 0.0799379 0.1731046 0.1312559 0.1413938 0.1401374 0.1052680 0.1003570 0.1061302 0.1463817 0.0968316 0.1121407 0.0578817 0.1138328 0.0827942 0.0319441 0.1100547 0.0621846 0.0614998 0.1145750 0.1090746 
S0376         0.8021291 0.1272211 0.0000010 0.1062868 0.1330134 0.1151580 0.1279245 0.1203990 0.1087979 0.1470298 0.0829969 0.1324530 0.1136106 0.0000000 0.1231188 0.1013039 0.0847218 0.1308677 0.1449660 0.0546538 0.1322348 0.1377251 0.0933494 0.1707038 0.1322348 0.0752043 0.1441622 0.1113295 0.1080269 0.0897977 0.1189246 0.1582244 0.1470912 0.1757358 0.1048813 0.1402778 0.1222623 0.1357552 0.1301784 0.1357552 0.1113268 0.1566340 0.1347952 0.1272115 0.1341773 0.1208078 0.1227701 0.1360493 0.1530032 0.1284301 0.1698648 0.1733984 0.1861119 0.1192742 0.1081056 0.1286853 0.1551544 0.1680486 0.1275131 0.1325357 0.1514926 0.1286930 0.1194746 0.1210229 0.1248095 0.1355696 0.1666761 0.1327874 0.1350750 0.1442914 0.1203990 0.1154993 0.1213225 0.1115752 0.1195840 0.0958375 0.1256403 0.1382504 0.0968055 0.1297790 0.1059544 0.1205080 0.1318739 0.1301784 0.1153837 
S0405         0.7075345 0.0335676 0.0000010 0.0576449 0.0960677 0.0156133 0.1341359 0.1169470 0.0104609 0.0982108 0.0941397 0.0641781 0.1076968 0.1231188 0.0000000 0.0970723 0.0282232 0.1174979 0.1190105 0.1226825 0.0641170 0.1238180 0.0906995 0.0809587 0.0577819 0.0506836 0.0107667 0.0987789 0.1144012 0.0774041 0.0105801 0.1127399 0.0635077 0.1415959 0.0880715 0.0641527 0.0157120 0.1107261 0.0156474 0.1107261 0.0884574 0.1578436 0.1007939 0.0527812 0.0861852 0.0937492 0.1021464 0.1071140 0.1387599 0.1148827 0.1008255 0.1623785 0.1508018 0.0957004 0.1035174 0.0964426 0.0941204 0.1344258 0.0213102 0.0294378 0.1370466 0.1124302 0.0998768 0.1011484 0.0578917 0.1078855 0.0916190 0.0643464 0.0527812 0.1247458 0.1169470 0.0051377 0.0051235 0.0645877 0.0949517 0.0574037 0.1132979 0.1256836 0.0941844 0.0933867 0.0105762 0.1228742 0.1129806 0.0156474 0.0438993 
S0407sl       0.6571228 0.1065214 0.0000010 0.1077452 0.1090603 0.0825173 0.0398954 0.0879696 0.0980437 0.1191467 0.0334891 0.1368770 0.0392423 0.1013039 0.0970723 0.0000000 0.0299476 0.0278184 0.0901835 0.1079415 0.1447208 0.1057042 0.0787435 0.1512448 0.1447208 0.1009890 0.1078661 0.0159774 0.0275016 0.0753179 0.0923293 0.1456130 0.1431125 0.0858608 0.0597558 0.1532127 0.0974417 0.0821689 0.1040436 0.0821689 0.0604414 0.1314335 0.1075511 0.1228691 0.0395722 0.0456492 0.0910624 0.0893262 0.0980075 0.0969749 0.1737696 0.1594102 0.0936757 0.0604673 0.0767120 0.0680433 0.1452799 0.0792435 0.0949489 0.1159268 0.1052194 0.0160854 0.0395524 0.0400027 0.1369441 0.0575991 0.1811079 0.1372357 0.1308389 0.1468426 0.0879696 0.0896910 0.0956171 0.1249374 0.0791455 0.0879762 0.0349797 0.1016705 0.0659598 0.0394379 0.0910162 0.0165457 0.0272279 0.0966842 0.0822562 
S0412sl       0.5936141 0.0426346 0.0000010 0.0440963 0.0619977 0.0279869 0.0663700 0.0770515 0.0283755 0.0760124 0.0651487 0.0430001 0.0450378 0.0847218 0.0282232 0.0299476 0.0000000 0.0473821 0.0615139 0.0847218 0.0586336 0.1386013 0.1214455 0.0599221 0.0586336 0.0627900 0.0453855 0.0292913 0.0622914 0.0477656 0.0438506 0.0810075 0.0582667 0.0734441 0.0000010 0.0749363 0.0136558 0.0440963 0.0582049 0.0440963 0.0601540 0.1888697 0.0810075 0.0430001 0.0469118 0.0453282 0.1370995 0.0959368 0.1670681 0.1404081 0.0292918 0.1155590 0.1121586 0.0440963 0.0630469 0.0451358 0.0814877 0.0734441 0.0444301 0.0453855 0.0458104 0.0275842 0.0641679 0.0656391 0.0430001 0.0644959 0.0586336 0.0586336 0.0586336 0.0582667 0.0606757 0.0279869 0.0279869 0.0615219 0.0586958 0.0447348 0.0850149 0.0586958 0.0430001 0.0295153 0.0453855 0.0473821 0.0622914 0.0279869 0.0136558 
S0417         0.8425603 0.1294994 0.0000010 0.1428045 0.1529969 0.1095413 0.0575623 0.1005351 0.1186714 0.1324138 0.0507657 0.1603800 0.0501205 0.1308677 0.1174979 0.0278184 0.0473821 0.0000000 0.0945069 0.1455733 0.1666217 0.1357793 0.0985966 0.1574934 0.1666217 0.1295074 0.1291569 0.0209919 0.0569024 0.0958218 0.1131497 0.1599173 0.1647581 0.0986827 0.0717446 0.1754163 0.1103986 0.0865900 0.1245957 0.0865900 0.0859980 0.1719351 0.1537443 0.1444772 0.0575668 0.0505357 0.1203474 0.1179512 0.1433470 0.1262130 0.1654088 0.1900628 0.1067989 0.0935317 0.0986200 0.0798728 0.1589695 0.0919490 0.1220185 0.1215226 0.1269623 0.0386729 0.0575313 0.0519240 0.1586828 0.0623267 0.1755456 0.1590297 0.1526669 0.1496673 0.1005351 0.1098711 0.1157614 0.1595511 0.1059301 0.1074759 0.0398351 0.1399958 0.0779708 0.0503642 0.1201237 0.0448477 0.0443629 0.1245957 0.0960004 
S0419         0.7869762 0.1233036 2.8655877 0.0087186 0.1101029 0.1113333 0.1336152 0.0960908 0.1051636 0.1201516 0.1404266 0.1591971 0.1225653 0.1449660 0.1190105 0.0901835 0.0615139 0.0945069 0.0000000 0.1770579 0.1589065 0.1320107 0.1045260 0.1829764 0.1589065 0.1118176 0.1391805 0.0989702 0.1294328 0.1060421 0.1148602 0.0668788 0.1739686 0.1349566 0.0949788 0.1672407 0.1121718 0.0050187 0.1258445 0.0050187 0.0319550 0.1530125 0.1009749 0.1542174 0.1310699 0.1246534 0.1170362 0.1304124 0.1473175 0.1227697 0.1338662 0.1234722 0.1440820 0.0377911 0.0959186 0.0636214 0.1634699 0.1277859 0.1266217 0.0978311 0.0969605 0.1066525 0.1309154 0.1249152 0.1680964 0.1388295 0.1430868 0.1595796 0.1622816 0.1221973 0.0960908 0.1116552 0.1173188 0.1397351 0.1013035 0.1042050 0.1052528 0.1182280 0.0746184 0.1393230 0.1215646 0.1086214 0.1132918 0.1258445 0.1122923 
S0427         0.7532886 0.1360424 0.0000010 0.1313455 0.1490642 0.1147576 0.1422668 0.1345192 0.1084216 0.1464774 0.1096201 0.1152802 0.1276983 0.0546538 0.1226825 0.1079415 0.0847218 0.1455733 0.1770579 0.0000000 0.1317532 0.1599016 0.1205385 0.1700089 0.1317532 0.0878016 0.1255559 0.1251248 0.1392031 0.1029451 0.1184959 0.1576053 0.1465418 0.1910526 0.1185550 0.1227008 0.1218313 0.1669801 0.1150781 0.1669801 0.1405846 0.1797512 0.1503715 0.1180672 0.1326891 0.1350549 0.1444573 0.1578441 0.1756561 0.1500476 0.1485647 0.1938464 0.2017813 0.1491904 0.1292920 0.1595047 0.1230959 0.1832708 0.1270662 0.1402532 0.1960728 0.1431923 0.1181823 0.1196950 0.1405248 0.1500986 0.1660146 0.1246116 0.1257221 0.1775878 0.1199815 0.1150966 0.1208988 0.1226067 0.1335787 0.1023964 0.1501145 0.1636056 0.1101320 0.1283227 0.1055980 0.1347265 0.1459941 0.1297114 0.1296495 
S0430         0.6492046 0.1027992 0.0000010 0.0905003 0.1194450 0.0644009 0.1688384 0.1254980 0.0585419 0.1276034 0.1402082 0.0213154 0.1384344 0.1322348 0.0641170 0.1447208 0.0586336 0.1666217 0.1589065 0.1317532 0.0000000 0.1655982 0.1278392 0.0517879 0.0104256 0.0848835 0.0801120 0.1443338 0.1620891 0.1133232 0.0663167 0.1631639 0.0211214 0.1897031 0.1240272 0.0268634 0.0644264 0.1494700 0.0774541 0.1494700 0.1245247 0.1862113 0.1554853 0.0405282 0.1371877 0.1397012 0.1383516 0.1314040 0.1818824 0.1553461 0.0683583 0.2068428 0.2002576 0.1326567 0.1439458 0.1337361 0.0936942 0.1820257 0.0852739 0.0941150 0.1379881 0.1439172 0.1307875 0.1325342 0.0268639 0.1551952 0.0213244 0.0000021 0.0467278 0.1654722 0.1254980 0.0645892 0.0632015 0.0812546 0.1165736 0.0772280 0.1458648 0.1345886 0.1019863 0.1240645 0.0726448 0.1641313 0.1598925 0.0774541 0.0710019 
S0552sl       0.7323794 0.1631813 0.7153947 0.1382143 0.1569285 0.1157876 0.1233649 0.1200589 0.1250499 0.1571115 0.1218304 0.1659203 0.1225466 0.1377251 0.1238180 0.1057042 0.1386013 0.1357793 0.1320107 0.1599016 0.1655982 0.0000000 0.0903899 0.2076946 0.1655982 0.1051789 0.1233122 0.1009327 0.1233443 0.0834455 0.1196051 0.1783804 0.1637515 0.1304630 0.0902685 0.1644610 0.1315932 0.1230266 0.1309369 0.1230266 0.0913269 0.0675755 0.1292526 0.1435320 0.1493709 0.1335968 0.0102244 0.0694942 0.0369356 0.0049856 0.2123876 0.1284225 0.1396385 0.1068685 0.0521691 0.1069423 0.1955633 0.1232087 0.1317844 0.1321381 0.1255610 0.1149804 0.1491714 0.1512531 0.1576884 0.1399779 0.2031420 0.1546637 0.1516854 0.1357937 0.1200589 0.1161330 0.1219985 0.1649568 0.1111534 0.1211672 0.1312735 0.1379930 0.0965446 0.1422280 0.1065019 0.1249217 0.1303415 0.1309369 0.1159428 
S0558         0.8229348 0.1097956 0.0000010 0.1056955 0.1285731 0.0835991 0.0891315 0.0903665 0.0915516 0.1202239 0.0944123 0.1280402 0.1179833 0.0933494 0.0906995 0.0787435 0.1214455 0.0985966 0.1045260 0.1205385 0.1278392 0.0903899 0.0000000 0.1742566 0.1278392 0.0670356 0.1086926 0.0817375 0.0886331 0.0626977 0.0786312 0.1385234 0.1265154 0.1195083 0.0687948 0.1355668 0.0842078 0.0966162 0.0972033 0.0966162 0.0752381 0.1127005 0.1103983 0.1076146 0.0965834 0.0905471 0.0838834 0.0962579 0.1030038 0.0893778 0.1556271 0.1694728 0.1281323 0.0821834 0.0719303 0.0707433 0.1436792 0.1125712 0.0953079 0.1045706 0.0881736 0.0969798 0.0964983 0.0976873 0.1206823 0.0965380 0.1608817 0.1283552 0.1149154 0.1329281 0.0903665 0.0838414 0.0894164 0.1212906 0.0956264 0.0746008 0.0871225 0.1122870 0.0691292 0.1185533 0.0828918 0.0897007 0.0949934 0.0972033 0.0706399 
S0616         0.6420413 0.1151499 0.0000010 0.1357851 0.1357610 0.0952487 0.1772625 0.1708488 0.0750715 0.1567654 0.1481374 0.0521721 0.1462797 0.1707038 0.0809587 0.1512448 0.0599221 0.1574934 0.1829764 0.1700089 0.0517879 0.2076946 0.1742566 0.0000000 0.0517879 0.1107868 0.0990033 0.1521448 0.1608276 0.1578955 0.0909269 0.1716342 0.0640829 0.2178939 0.1687565 0.0712454 0.0813407 0.1725433 0.0955115 0.1725433 0.1618938 0.2431469 0.1813646 0.0758242 0.1361676 0.1476165 0.1768423 0.1794418 0.2120609 0.1958607 0.0862505 0.2454233 0.2293338 0.1712009 0.1951805 0.1629811 0.1289416 0.2098892 0.1042461 0.0988915 0.1627325 0.1517085 0.1298185 0.1239093 0.0584214 0.1476437 0.0648381 0.0519689 0.0828764 0.1940238 0.1708488 0.0815611 0.0797540 0.1004942 0.1449069 0.1095007 0.1841060 0.1818209 0.1435331 0.1406468 0.0906817 0.1852688 0.1586696 0.0955115 0.0953358 
S0620         0.6126254 0.1027992 0.0000010 0.0905003 0.1194450 0.0644009 0.1688384 0.1254980 0.0585419 0.1276034 0.1402082 0.0213154 0.1384344 0.1322348 0.0577819 0.1447208 0.0586336 0.1666217 0.1589065 0.1317532 0.0104256 0.1655982 0.1278392 0.0517879 0.0000000 0.0848835 0.0801120 0.1443338 0.1620891 0.1133232 0.0663167 0.1631639 0.0211214 0.1897031 0.1240272 0.0157728 0.0644264 0.1494700 0.0774541 0.1494700 0.1245247 0.1862113 0.1554853 0.0405282 0.1371877 0.1397012 0.1383516 0.1314040 0.1818824 0.1553461 0.0683583 0.2068428 0.2002576 0.1326567 0.1439458 0.1337361 0.0936942 0.1820257 0.0852739 0.0941150 0.1379881 0.1439172 0.1307875 0.1325342 0.0268639 0.1551952 0.0326946 0.0104580 0.0342783 0.1654722 0.1254980 0.0645892 0.0632015 0.0812546 0.1165736 0.0772280 0.1634756 0.1345886 0.1019863 0.1240645 0.0726448 0.1641313 0.1598925 0.0774541 0.0710019 
S0641         0.7263825 0.0791710 0.0000010 0.0586426 0.1004063 0.0564660 0.1116011 0.1032384 0.0389212 0.1057468 0.0955406 0.0849829 0.1045431 0.0752043 0.0506836 0.1009890 0.0627900 0.1295074 0.1118176 0.0878016 0.0848835 0.1051789 0.0670356 0.1107868 0.0848835 0.0000000 0.0654166 0.1103030 0.1178986 0.0690746 0.0517956 0.1015238 0.0981533 0.1489997 0.0887389 0.0918157 0.0568554 0.1037031 0.0566024 0.1037031 0.0818406 0.1368490 0.0971826 0.0797266 0.1116014 0.1054630 0.0914540 0.1040473 0.1192006 0.0969991 0.1189728 0.1502720 0.1584226 0.0889460 0.0859361 0.0971954 0.0924553 0.1417409 0.0497464 0.0677932 0.1183212 0.1189653 0.1114904 0.1129035 0.0923470 0.1054901 0.1143996 0.0852025 0.0866056 0.0956020 0.1032384 0.0446234 0.0444967 0.0897869 0.0819373 0.0500311 0.1256236 0.1115711 0.0812963 0.1050553 0.0441406 0.1193433 0.1245622 0.0566024 0.0631681 
S0643         0.6973750 0.0473164 0.0000010 0.0844126 0.1154569 0.0274340 0.1467344 0.1279004 0.0220708 0.1168715 0.1045011 0.0802040 0.1186789 0.1441622 0.0107667 0.1078661 0.0453855 0.1291569 0.1391805 0.1255559 0.0801120 0.1233122 0.1086926 0.0990033 0.0801120 0.0654166 0.0000000 0.1091424 0.1256428 0.0866298 0.0223395 0.1337865 0.0793096 0.1539225 0.0975528 0.0871119 0.0276169 0.1300822 0.0216157 0.1300822 0.1058688 0.1571593 0.1201025 0.0682423 0.0960552 0.1040702 0.1017418 0.1066950 0.1381810 0.1144249 0.1230900 0.1616820 0.1637072 0.1137470 0.1031025 0.1146755 0.0962656 0.1464394 0.0337245 0.0437159 0.1601428 0.1234011 0.1103721 0.1118328 0.0734488 0.1188760 0.1099155 0.0721117 0.0751017 0.1462127 0.1279004 0.0162505 0.0162041 0.0807200 0.1047738 0.0727811 0.1250843 0.1462510 0.1038845 0.1036512 0.0223232 0.1346102 0.1240103 0.0274968 0.0579132 
S0645sl       0.7527217 0.1103323 0.0000010 0.1222380 0.1325749 0.0914384 0.0437208 0.0832810 0.0997225 0.1125675 0.0375102 0.1383114 0.0370443 0.1113295 0.0987789 0.0159774 0.0292913 0.0209919 0.0989702 0.1251248 0.1443338 0.1009327 0.0817375 0.1521448 0.1443338 0.1103030 0.1091424 0.0000000 0.0432274 0.0785503 0.0942836 0.1637964 0.1428011 0.0817905 0.0566640 0.1524352 0.0921181 0.0911025 0.1054478 0.0911025 0.0698069 0.1330883 0.1318544 0.1234719 0.0437110 0.0373387 0.0869980 0.0854154 0.1151835 0.0926770 0.1626018 0.1765600 0.0891880 0.0767198 0.0671700 0.0773196 0.1371147 0.0754841 0.1033581 0.1260338 0.1150336 0.0262514 0.0436888 0.0441702 0.1369093 0.0484565 0.1790058 0.1371876 0.1310818 0.1222456 0.0832810 0.0917063 0.0973654 0.1366974 0.0885498 0.0897732 0.0271965 0.1197040 0.0625522 0.0372192 0.1008981 0.0319468 0.0316215 0.1054478 0.0786787 
S0673         0.7333051 0.1096726 0.0000010 0.1486486 0.1713046 0.0927361 0.0758141 0.1118276 0.1155157 0.1375951 0.0685615 0.1468027 0.0745823 0.1080269 0.1144012 0.0275016 0.0622914 0.0569024 0.1294328 0.1392031 0.1620891 0.1233443 0.0886331 0.1608276 0.1620891 0.1178986 0.1256428 0.0432274 0.0000000 0.0856233 0.1100991 0.1822764 0.1603216 0.1237980 0.0756824 0.1706093 0.1074915 0.1206625 0.1213094 0.1206625 0.0972483 0.1574885 0.1403125 0.1405349 0.0370078 0.0566971 0.1086961 0.1066323 0.1232150 0.1144022 0.1784353 0.2035390 0.1323835 0.1048596 0.0959675 0.1056614 0.1546376 0.1169346 0.1048215 0.1349250 0.1143334 0.0440813 0.0369910 0.0373843 0.1543724 0.0818082 0.1985697 0.1547000 0.1484850 0.1689875 0.1118276 0.1069919 0.1127466 0.1236266 0.1170536 0.0979660 0.0389388 0.1513943 0.0890407 0.0749411 0.1085565 0.0568919 0.0203086 0.1213094 0.0857697 
S0689         0.7408715 0.0953388 0.0000010 0.0836814 0.1139350 0.0705597 0.0860220 0.0763435 0.0781253 0.1294844 0.0770350 0.1134866 0.1006940 0.0897977 0.0774041 0.0753179 0.0477656 0.0958218 0.1060421 0.1029451 0.1133232 0.0834455 0.0626977 0.1578955 0.1133232 0.0690746 0.0866298 0.0785503 0.0856233 0.0000000 0.0726690 0.1320057 0.1121664 0.0982796 0.0503758 0.1207901 0.0710660 0.0980121 0.0837622 0.0980121 0.0763228 0.0989230 0.1043515 0.0858091 0.1009247 0.0667903 0.0705108 0.0826224 0.0966558 0.0759712 0.1255678 0.1363906 0.1063206 0.0833697 0.0587868 0.0554477 0.1248715 0.0915989 0.0917438 0.0761329 0.0818009 0.0841904 0.1008293 0.1021260 0.1063452 0.1081211 0.1452185 0.1065462 0.0927356 0.1165847 0.0763435 0.0707647 0.0763086 0.0988572 0.0815959 0.0700724 0.0912061 0.1118415 0.0561739 0.1012011 0.0630824 0.0866934 0.0922031 0.0707388 0.0648211 
S0690         0.7394998 0.0342959 0.0000010 0.0688239 0.0984960 0.0105472 0.1300459 0.1128383 0.0106705 0.0937328 0.0894786 0.0663833 0.1032617 0.1189246 0.0105801 0.0923293 0.0438506 0.1131497 0.1148602 0.1184959 0.0663167 0.1196051 0.0786312 0.0909269 0.0663167 0.0517956 0.0223395 0.0942836 0.1100991 0.0726690 0.0000000 0.1157054 0.0656663 0.1456386 0.0835937 0.0730407 0.0160281 0.1064858 0.0159609 0.1064858 0.0839732 0.1542250 0.1033019 0.0476813 0.0954510 0.0890924 0.1047258 0.1027039 0.1161520 0.1105687 0.0956129 0.1506732 0.1628369 0.0912875 0.0989095 0.0920093 0.0894663 0.1456386 0.0217474 0.0301092 0.1329262 0.1081631 0.0953631 0.0966006 0.0598700 0.1105948 0.0948789 0.0665622 0.0541263 0.1280017 0.1128383 0.0052386 0.0159254 0.0596832 0.0971744 0.0524879 0.1087516 0.1216614 0.0898172 0.0887422 0.0107905 0.1186844 0.1087092 0.0159609 0.0389788 
S0720         0.9521977 0.1152101 0.0000010 0.0516614 0.0725878 0.1122738 0.1577748 0.1581732 0.0910537 0.1527793 0.1518192 0.1634868 0.1851650 0.1582244 0.1127399 0.1456130 0.0810075 0.1599173 0.0668788 0.1576053 0.1631639 0.1783804 0.1385234 0.1716342 0.1631639 0.1015238 0.1337865 0.1637964 0.1822764 0.1320057 0.1157054 0.0000000 0.1792801 0.2066060 0.1561945 0.1721171 0.1055343 0.0597230 0.1199472 0.0597230 0.0956216 0.2180064 0.0332444 0.1582114 0.1577229 0.1694852 0.1616389 0.1612688 0.1871597 0.1674808 0.1319233 0.1605032 0.2184943 0.1035815 0.1384089 0.1193483 0.1681864 0.1981773 0.1133150 0.0632292 0.1338042 0.1433361 0.1574917 0.1511429 0.1730439 0.1596066 0.1462260 0.1639033 0.1668629 0.1315741 0.1581732 0.1050231 0.1110356 0.1369022 0.1477014 0.1178131 0.1756201 0.1856671 0.1310926 0.1861119 0.0955356 0.1519970 0.1727722 0.1199472 0.1260546 
S0724sl       0.6556199 0.1017272 0.0000010 0.1127646 0.1342460 0.0637885 0.1669233 0.1395482 0.0711099 0.1419015 0.1386947 0.0323866 0.1533155 0.1470912 0.0635077 0.1431125 0.0582667 0.1647581 0.1739686 0.1465418 0.0211214 0.1637515 0.1265154 0.0640829 0.0211214 0.0981533 0.0793096 0.1428011 0.1603216 0.1121664 0.0656663 0.1792801 0.0000000 0.1782468 0.1227786 0.0380935 0.0638136 0.1641791 0.0767038 0.1641791 0.1384448 0.1840660 0.1707798 0.0401477 0.1357359 0.1381951 0.1368744 0.1300069 0.1798252 0.1536495 0.0832119 0.2043910 0.1883534 0.1468432 0.1423525 0.1323566 0.1074157 0.1707747 0.0844302 0.0930867 0.1364452 0.1423924 0.1294043 0.1311136 0.0266303 0.1535039 0.0441588 0.0211879 0.0462843 0.1811643 0.1395482 0.0639730 0.0626099 0.0948930 0.1302564 0.0764822 0.1615980 0.1490457 0.1152503 0.1227502 0.0719306 0.1623228 0.1430638 0.0767038 0.0703183 
S0735         0.7666597 0.1601185 0.0000010 0.1311314 0.2000820 0.1482195 0.1276193 0.0928278 0.1580782 0.1437730 0.1341090 0.1900877 0.1324604 0.1757358 0.1415959 0.0858608 0.0734441 0.0986827 0.1349566 0.1910526 0.1897031 0.1304630 0.1195083 0.2178939 0.1897031 0.1489997 0.1539225 0.0817905 0.1237980 0.0982796 0.1456386 0.2066060 0.1782468 0.0000000 0.1008813 0.1985132 0.1493676 0.1261713 0.1637151 0.1261713 0.1027398 0.1509789 0.1708283 0.1680087 0.1111533 0.1050272 0.1086422 0.1172906 0.1455199 0.1213835 0.2234293 0.2110334 0.0201972 0.0953606 0.0949053 0.0967572 0.1800017 0.0048621 0.1648187 0.1845616 0.1346431 0.1021765 0.1251620 0.1267684 0.1818683 0.1326493 0.2273341 0.1822625 0.1761543 0.1542959 0.0928278 0.1486387 0.1395845 0.1883424 0.0933317 0.1494893 0.1081299 0.1132058 0.0809454 0.1330944 0.1599440 0.1111573 0.1085129 0.1486421 0.1337093 
S0742         0.6562649 0.0993142 0.0000010 0.0670053 0.1366595 0.0811938 0.0853741 0.0616961 0.0888770 0.1106967 0.0915820 0.1242131 0.0904185 0.1048813 0.0880715 0.0597558 0.0000010 0.0717446 0.0949788 0.1185550 0.1240272 0.0902685 0.0687948 0.1687565 0.1240272 0.0887389 0.0975528 0.0566640 0.0756824 0.0503758 0.0835937 0.1561945 0.1227786 0.1008813 0.0000000 0.1314968 0.0817688 0.0875008 0.0943869 0.0875008 0.0671728 0.1203589 0.1261948 0.1043977 0.0897000 0.0912074 0.0771214 0.0835566 0.1036954 0.0825953 0.1500811 0.1545288 0.1087008 0.0682200 0.0583616 0.0615601 0.1358480 0.0944059 0.1024759 0.1125606 0.0816185 0.0688441 0.0896255 0.0907200 0.1170900 0.1042054 0.1559349 0.1173109 0.1114677 0.1194866 0.0616961 0.0814235 0.0868558 0.1292532 0.0668329 0.0890218 0.0661996 0.0948138 0.0429704 0.0908641 0.0898847 0.0708144 0.0748433 0.0943869 0.0686141 
S0748         0.6287519 0.1103226 0.0000010 0.1019935 0.1273787 0.0709091 0.1777865 0.1330636 0.0649931 0.1197980 0.1484038 0.0157079 0.1465306 0.1402778 0.0641527 0.1532127 0.0749363 0.1754163 0.1672407 0.1227008 0.0268634 0.1644610 0.1355668 0.0712454 0.0157728 0.0918157 0.0871119 0.1524352 0.1706093 0.1207901 0.0730407 0.1721171 0.0380935 0.1985132 0.1314968 0.0000000 0.0709351 0.1575452 0.0841955 0.1575452 0.1169355 0.1849526 0.1639252 0.0467425 0.1451869 0.1478788 0.1373819 0.1393786 0.1806628 0.1542759 0.0922221 0.1834829 0.2093604 0.1403394 0.1523956 0.1414937 0.1160553 0.1907210 0.0922353 0.1103099 0.1556470 0.1519957 0.1387134 0.1405883 0.0443088 0.1636371 0.0505952 0.0269490 0.0403534 0.1742049 0.1330636 0.0711163 0.0695929 0.0883620 0.1238904 0.0980486 0.1724771 0.1424292 0.1090016 0.1319408 0.0794443 0.1727648 0.1682593 0.0841955 0.0915852 
S0756         0.7335968 0.0278041 0.0000010 0.0577017 0.0885205 0.0210180 0.1421887 0.1102497 0.0158446 0.0915934 0.1013916 0.0644883 0.1151382 0.1222623 0.0157120 0.0974417 0.0136558 0.1103986 0.1121718 0.1218313 0.0644264 0.1315932 0.0842078 0.0813407 0.0644264 0.0568554 0.0276169 0.0921181 0.1074915 0.0710660 0.0160281 0.1055343 0.0638136 0.1493676 0.0817688 0.0709351 0.0000000 0.1040427 0.0210646 0.1040427 0.0821343 0.1662416 0.0939943 0.0463454 0.0932351 0.0870214 0.1167324 0.1144878 0.1467644 0.1224286 0.0767364 0.1706976 0.1587890 0.0892567 0.1039096 0.0899463 0.0732526 0.1421111 0.0268957 0.0357014 0.1132134 0.1056456 0.0931525 0.0943321 0.0581790 0.1010078 0.0920213 0.0646583 0.0525942 0.1325819 0.1102497 0.0103748 0.0210180 0.0456891 0.1018228 0.0390997 0.1060479 0.1331958 0.0878522 0.1005844 0.0160195 0.1158241 0.1061690 0.0210646 0.0381908 
S0760         0.7503490 0.1146406 0.0000010 0.0000010 0.1017103 0.1032791 0.1244994 0.0885133 0.0972174 0.1117381 0.1311769 0.1497297 0.1139332 0.1357552 0.1107261 0.0821689 0.0440963 0.0865900 0.0050187 0.1669801 0.1494700 0.1230266 0.0966162 0.1725433 0.1494700 0.1037031 0.1300822 0.0911025 0.1206625 0.0980121 0.1064858 0.0597230 0.1641791 0.1261713 0.0875008 0.1575452 0.1040427 0.0000000 0.1174084 0.0000010 0.0262046 0.1435913 0.0929304 0.1447524 0.1221699 0.1158376 0.1084639 0.1215928 0.1379065 0.1141413 0.1237608 0.1148119 0.1349566 0.0318670 0.0878584 0.0568500 0.1536591 0.1191747 0.1181105 0.0896025 0.0887997 0.0985501 0.1220354 0.1161017 0.1583576 0.1297043 0.1340708 0.1500885 0.1525959 0.1136383 0.0885133 0.1035755 0.1091675 0.1305607 0.0936974 0.0963154 0.0967780 0.1099820 0.0677215 0.1301502 0.1130716 0.1003287 0.1050461 0.1174084 0.1041385 
S0763         0.7297347 0.0393787 0.0000010 0.0783180 0.1029709 0.0209311 0.1414649 0.1236383 0.0157789 0.1048357 0.1008981 0.0775384 0.1145750 0.1301784 0.0156474 0.1040436 0.0582049 0.1245957 0.1258445 0.1150781 0.0774541 0.1309369 0.0972033 0.0955115 0.0774541 0.0566024 0.0216157 0.1054478 0.1213094 0.0837622 0.0159609 0.1199472 0.0767038 0.1637151 0.0943869 0.0841955 0.0210646 0.1174084 0.0000000 0.1174084 0.0947921 0.1653897 0.1076007 0.0589462 0.1067110 0.1004893 0.1161548 0.1139322 0.1460278 0.1218280 0.1086159 0.1698365 0.1734598 0.1021521 0.1105110 0.1029469 0.0869631 0.1563608 0.0267822 0.0355348 0.1445576 0.1192133 0.1066069 0.1079710 0.0710248 0.1147651 0.1061102 0.0777390 0.0654031 0.1319169 0.1236383 0.0103332 0.0209311 0.0708166 0.1013537 0.0634629 0.1205509 0.1325556 0.1005239 0.1000985 0.0159522 0.1299166 0.1197897 0.0209775 0.0496463 
S0765         0.7503490 0.1146406 0.0000010 0.0000010 0.1017103 0.1032791 0.1244994 0.0885133 0.0972174 0.1117381 0.1311769 0.1497297 0.1139332 0.1357552 0.1107261 0.0821689 0.0440963 0.0865900 0.0050187 0.1669801 0.1494700 0.1230266 0.0966162 0.1725433 0.1494700 0.1037031 0.1300822 0.0911025 0.1206625 0.0980121 0.1064858 0.0597230 0.1641791 0.1261713 0.0875008 0.1575452 0.1040427 0.0000010 0.1174084 0.0000000 0.0262046 0.1435913 0.0929304 0.1447524 0.1221699 0.1158376 0.1084639 0.1215928 0.1379065 0.1141413 0.1237608 0.1148119 0.1349566 0.0318670 0.0878584 0.0568500 0.1536591 0.1191747 0.1181105 0.0896025 0.0887997 0.0985501 0.1220354 0.1161017 0.1583576 0.1297043 0.1340708 0.1500885 0.1525959 0.1136383 0.0885133 0.1035755 0.1091675 0.1305607 0.0936974 0.0963154 0.0967780 0.1099820 0.0677215 0.1301502 0.1130716 0.1003287 0.1050461 0.1174084 0.1041385 
S0770         0.6964889 0.0989589 0.0000010 0.0086161 0.0931568 0.0815549 0.1002399 0.0679324 0.0757320 0.0756142 0.1066206 0.1247121 0.0908334 0.1113268 0.0884574 0.0604414 0.0601540 0.0859980 0.0319550 0.1405846 0.1245247 0.0913269 0.0752381 0.1618938 0.1245247 0.0818406 0.1058688 0.0698069 0.0972483 0.0763228 0.0839732 0.0956216 0.1384448 0.1027398 0.0671728 0.1169355 0.0821343 0.0262046 0.0947921 0.0262046 0.0000000 0.1105668 0.0711863 0.1197075 0.0984350 0.0922877 0.0780269 0.0980401 0.1049100 0.0835534 0.1410371 0.1397927 0.1107339 0.0153157 0.0660476 0.0501661 0.1278309 0.0961407 0.0953152 0.1130663 0.0960144 0.0766920 0.0983454 0.0995815 0.1327153 0.1054526 0.1565133 0.1250132 0.1270497 0.1199822 0.0679324 0.0817862 0.0872334 0.1061731 0.0730689 0.0749892 0.0813407 0.0878246 0.0487837 0.1057873 0.0902832 0.0780032 0.0828615 0.0947921 0.0821747 
S0771         0.7401446 0.1801778 0.0000010 0.1635492 0.1593080 0.1490544 0.1267633 0.1194477 0.1594587 0.1784865 0.1554094 0.1866078 0.1627781 0.1566340 0.1578436 0.1314335 0.1888697 0.1719351 0.1530125 0.1797512 0.1862113 0.0675755 0.1127005 0.2431469 0.1862113 0.1368490 0.1571593 0.1330883 0.1574885 0.0989230 0.1542250 0.2180064 0.1840660 0.1509789 0.1203589 0.1849526 0.1662416 0.1435913 0.1653897 0.1435913 0.1105668 0.0000000 0.1808081 0.1632827 0.1860059 0.1794411 0.0616108 0.0820272 0.0732060 0.0668697 0.2423329 0.1303322 0.1541991 0.1267905 0.0794908 0.1391214 0.1989570 0.1436254 0.1493051 0.1607331 0.1390576 0.1481439 0.1690282 0.1714725 0.1779373 0.1778734 0.2260268 0.1744472 0.1718644 0.1824318 0.1194477 0.1494968 0.1554936 0.1755136 0.1280741 0.1453405 0.1415438 0.1371921 0.1126094 0.1786160 0.1385033 0.1595292 0.1647435 0.1482949 0.1493284 
S0795         0.8414243 0.1126784 0.0000010 0.0626855 0.0633195 0.0932874 0.1344342 0.1277171 0.0803662 0.1382639 0.1215915 0.1557713 0.1505440 0.1347952 0.1007939 0.1075511 0.0810075 0.1537443 0.1009749 0.1503715 0.1554853 0.1292526 0.1103983 0.1813646 0.1554853 0.0971826 0.1201025 0.1318544 0.1403125 0.1043515 0.1033019 0.0332444 0.1707798 0.1708283 0.1261948 0.1639252 0.0939943 0.0929304 0.1076007 0.0929304 0.0711863 0.1808081 0.0000000 0.1506690 0.1345410 0.1269773 0.1302699 0.1373587 0.1453060 0.1202734 0.1462750 0.2025448 0.1811632 0.0782444 0.1090115 0.1070656 0.1600209 0.1631169 0.0940828 0.0980207 0.1373898 0.1227991 0.1343759 0.1362285 0.1647856 0.1260033 0.1916133 0.1561533 0.1588497 0.1327259 0.1277171 0.0935653 0.0993269 0.1233980 0.1185830 0.1126317 0.1502007 0.1522379 0.1036958 0.1688784 0.0848402 0.1216891 0.1321113 0.1076007 0.1134743 
S0888         0.6352725 0.0826429 0.0000010 0.0905003 0.1142435 0.0463232 0.1463710 0.1206504 0.0532716 0.1143421 0.1190247 0.0405578 0.1334974 0.1272115 0.0527812 0.1228691 0.0430001 0.1444772 0.1542174 0.1180672 0.0405282 0.1435320 0.1076146 0.0758242 0.0405282 0.0797266 0.0682423 0.1234719 0.1405349 0.0858091 0.0476813 0.1582114 0.0401477 0.1680087 0.1043977 0.0467425 0.0463454 0.1447524 0.0589462 0.1447524 0.1197075 0.1632827 0.1506690 0.0000000 0.1249753 0.1100785 0.1279849 0.1106102 0.1594061 0.1338047 0.0759000 0.1831438 0.1780916 0.1278659 0.1221944 0.1135424 0.1034055 0.1604497 0.0663010 0.0717258 0.1138994 0.1231073 0.1101044 0.1115586 0.0344983 0.1336958 0.0667331 0.0406699 0.0051509 0.1469700 0.1124528 0.0464603 0.0520132 0.0758982 0.1117258 0.0641116 0.1407615 0.1297367 0.0970810 0.1180716 0.0538986 0.1423333 0.1386723 0.0521421 0.0658111 
S0894         0.7395805 0.1033223 0.0000010 0.1379539 0.1653322 0.0790121 0.0839973 0.1132015 0.1009341 0.1139216 0.0632688 0.1225535 0.0754486 0.1341773 0.0861852 0.0395722 0.0469118 0.0575668 0.1310699 0.1326891 0.1371877 0.1493709 0.0965834 0.1361676 0.1371877 0.1116014 0.0960552 0.0437110 0.0370078 0.1009247 0.0954510 0.1577229 0.1357359 0.1111533 0.0897000 0.1451869 0.0932351 0.1221699 0.1067110 0.1221699 0.0984350 0.1860059 0.1345410 0.1249753 0.0000000 0.0449045 0.1263315 0.1310985 0.1492918 0.1395456 0.1588920 0.2351744 0.1194933 0.1061498 0.1119129 0.1069684 0.1387605 0.1043602 0.0909434 0.1276873 0.1345205 0.0566083 0.0100880 0.0101889 0.1298236 0.0694486 0.1714244 0.1300848 0.1326724 0.1880875 0.1132015 0.0928129 0.0849381 0.1292775 0.1184716 0.0908397 0.0393971 0.1532963 0.0901078 0.0627730 0.1021352 0.0701439 0.0257907 0.1067110 0.0722557 
S0899         0.7772522 0.1052019 0.0000010 0.1122398 0.1368375 0.0863709 0.0760528 0.1069859 0.0946592 0.1231386 0.0439417 0.1335653 0.0554110 0.1208078 0.0937492 0.0456492 0.0453282 0.0505357 0.1246534 0.1350549 0.1397012 0.1335968 0.0905471 0.1476165 0.1397012 0.1054630 0.1040702 0.0373387 0.0566971 0.0667903 0.0890924 0.1694852 0.1381951 0.1050272 0.0912074 0.1478788 0.0870214 0.1158376 0.1004893 0.1158376 0.0922877 0.1794411 0.1269773 0.1100785 0.0449045 0.0000000 0.1272643 0.1247115 0.1587786 0.1242052 0.1420170 0.2085757 0.1132841 0.0999350 0.1053836 0.1007181 0.1323820 0.0982423 0.0984672 0.1223026 0.1360392 0.0561671 0.0448808 0.0453891 0.1321874 0.0491847 0.1747274 0.1324589 0.1175926 0.1297851 0.1069859 0.0866289 0.0923824 0.1317449 0.1123352 0.0847696 0.0400145 0.1469288 0.0840877 0.0556765 0.0957960 0.0627038 0.0442069 0.0866027 0.0810030 
