214
SRR8528389 0.0000000 0.1608488 0.1148015 0.2324332 0.1619813 0.2074788 0.1893539 0.1749104 0.1377653 0.0085429 0.1772683 0.1696594 0.2380346 0.1083770 0.1057556 0.1849444 0.2060485 0.1133806 0.0994565 0.0959144 0.2576112 0.1793666 0.1473628 0.0301785 0.1797160 0.1134878 0.1574599 0.1258837 0.1404115 0.1065040 0.2825824 0.1970455 0.1878171 0.2031585 0.0956536 0.1696631 0.1101756 0.0789095 0.2160968 0.1839098 0.1986694 0.0932195 0.1187601 0.1008391 0.1714438 0.2326615 0.0105792 0.2175495 0.1278242 0.0789277 0.2696971 0.1873734 0.1121791 0.2289119 0.1221333 0.1370222 0.1805359 0.0708908 0.1715728 0.1124077 0.1602102 0.0911142 0.1419485 0.2409676 0.1405660 0.2004271 0.0083071 0.1246936 0.1439456 0.0759598 0.2006643 0.0027589 0.2579713 0.0711190 0.1438107 0.1115410 0.1266778 0.0028125 0.1504700 0.1978772 0.1820513 0.1899517 0.2070662 0.1277827 0.0214826 0.1387181 0.1972437 0.1159083 0.2429065 0.1823958 0.0981910 0.1446895 0.1579171 0.1780939 0.1675204 0.1198329 0.1490032 0.1911235 0.1126509 0.1979786 0.0839963 0.0055611 0.0981002 0.1251097 0.0056151 0.0678843 0.1563867 0.0878985 0.1266733 0.2052574 0.0056063 0.1159669 0.2116506 0.1146204 0.1920050 0.1394756 0.1644078 0.0933853 0.1430818 0.0165724 0.0997200 0.0757318 0.1640204 0.1790334 0.1188648 0.1809299 0.0512228 0.1545738 0.2914189 0.1305483 0.2335652 0.0869403 0.0872171 0.1029264 0.1498123 0.0716381 0.2516152 0.1119187 0.0951084 0.1789136 0.0980153 0.1877880 0.0307354 0.2399436 0.2012488 0.2619901 0.0650785 0.0958274 0.1038136 0.2247638 0.1028499 0.1041733 0.1474746 0.1781462 0.1066011 0.1459781 0.1077117 0.2515742 0.0804671 0.2115806 0.2241546 0.2007753 0.1636061 0.0918020 0.1102828 0.2147320 0.0056837 0.0910421 0.0805393 0.0653707 0.1681397 0.1309872 0.1527739 0.1718801 0.1726983 0.0983995 0.1016731 0.0028155 0.0963017 0.3082708 0.2033112 0.0443925 0.1555357 0.0745101 0.1565912 0.1846657 0.1032290 0.1149208 0.1781859 0.1710376 0.0832663 0.1815113 0.0276039 0.1173629 0.1286717 0.0805023 0.2545855 0.0996651 0.1331439 0.1221403 0.0920680 0.0973602 0.0086522 0.1530375 0.1265799 0.0546995 0.1070578 0.0844514 0.1008617 0.0028089 0.1630408 0.1441261 0.1845611 0.1218409 
S0946      0.1608488 0.0000000 0.0227549 0.2230428 0.0948116 0.1994987 0.1772586 0.0480010 0.0910536 0.1056006 0.1940562 0.1403850 0.2140390 0.1484773 0.1943194 0.0604893 0.1258862 0.1858592 0.1137777 0.1663507 0.1611322 0.1533880 0.0253414 0.1295425 0.0329020 0.1599410 0.0275531 0.1512624 0.2274422 0.1466947 0.2367975 0.1377539 0.0567476 0.0883749 0.1701273 0.1740695 0.1983237 0.0900096 0.0538649 0.1910492 0.1319781 0.1545896 0.1802209 0.1488197 0.2140990 0.2160951 0.1106071 0.1806647 0.1693186 0.1499552 0.2254880 0.0546636 0.1955905 0.2046458 0.1815511 0.1726708 0.0518462 0.1404561 0.0657064 0.2011077 0.0885507 0.1290862 0.0843113 0.2042472 0.1166934 0.1400242 0.1147528 0.1625473 0.0965226 0.1267647 0.2032323 0.1068131 0.1949770 0.1513497 0.0822327 0.0957722 0.0991176 0.1055050 0.0490440 0.0663531 0.0784251 0.0388948 0.1863746 0.1235923 0.1262389 0.1591922 0.1321357 0.1530342 0.2264732 0.1567892 0.1872826 0.0792064 0.0567921 0.1528194 0.0242987 0.1139646 0.1495466 0.1254238 0.1600861 0.0543695 0.1337722 0.1068130 0.1711344 0.0748931 0.1006404 0.1557821 0.0953388 0.1392029 0.0891956 0.0838963 0.1079934 0.1330818 0.1992549 0.0766614 0.0682749 0.0996797 0.1604927 0.0116174 0.1292240 0.1121700 0.1454859 0.1586194 0.0624799 0.1361177 0.2015084 0.1469836 0.1117297 0.0700234 0.1945648 0.1389040 0.2348703 0.0670513 0.1366677 0.1500940 0.2265921 0.1409872 0.2666943 0.1600273 0.1779653 0.0556867 0.1442290 0.0444987 0.1212628 0.2327460 0.1570312 0.1418860 0.1405393 0.0615307 0.1761704 0.1481977 0.1904252 0.0593169 0.1331407 0.1108779 0.1262232 0.1562549 0.1350235 0.2007125 0.1702552 0.2387808 0.2048892 0.0877014 0.0420824 0.1827026 0.1675392 0.2066269 0.1058612 0.0984610 0.0834484 0.1333657 0.1814467 0.1962716 0.0341226 0.0539777 0.0510698 0.0628166 0.0616053 0.1051477 0.1139049 0.2873482 0.0479186 0.1225445 0.0855314 0.1562746 0.1747019 0.0505376 0.1628571 0.1689622 0.0449003 0.0432603 0.1472886 0.0604090 0.1623232 0.1669572 0.0730007 0.0748078 0.1668733 0.0573544 0.1526531 0.1200844 0.1920748 0.1930185 0.0901778 0.1162422 0.2280961 0.1485455 0.1819493 0.1642180 0.1439347 0.1052793 0.0305660 0.1373372 0.1868781 0.1255756 
S0435      0.1148015 0.0227549 0.0000000 0.2024229 0.0817006 0.1646460 0.1389797 0.0259414 0.0444145 0.0710039 0.1428531 0.1008015 0.1856355 0.1224821 0.1681061 0.0412637 0.1006246 0.1583956 0.0793419 0.1360147 0.1329585 0.1220836 0.0174204 0.0969433 0.0286648 0.1350808 0.0258784 0.1108078 0.1929478 0.1136440 0.2077942 0.1178989 0.0377490 0.0546995 0.1570232 0.1630813 0.1625971 0.0547958 0.0440572 0.1528804 0.0807515 0.1157538 0.1320124 0.1097421 0.1699425 0.1877623 0.0817588 0.1532479 0.1384075 0.1082035 0.1966239 0.0383584 0.1613732 0.1710774 0.1366908 0.1383675 0.0321779 0.0975816 0.0453337 0.1647417 0.0584417 0.0857786 0.0545949 0.1550884 0.0751386 0.1197605 0.0806649 0.1238928 0.0551910 0.0957704 0.1766343 0.0728987 0.1804671 0.1136623 0.0586345 0.0741921 0.0667895 0.0743229 0.0323927 0.0377165 0.0552656 0.0375463 0.1602691 0.0782276 0.0934763 0.1346600 0.0952811 0.1193556 0.1968610 0.1430243 0.1438330 0.0555932 0.0299247 0.1003279 0.0138986 0.0687818 0.1090572 0.0861476 0.1312681 0.0409426 0.0939213 0.0691580 0.1443732 0.0368285 0.0732673 0.1221389 0.0824622 0.1065400 0.0592087 0.0780494 0.0737003 0.1176288 0.1605280 0.0526200 0.0483815 0.0583279 0.1386611 0.0057272 0.1021946 0.0864271 0.1131696 0.1199688 0.0389851 0.0939166 0.1623212 0.0941620 0.0802997 0.0350398 0.1690531 0.1218498 0.1950756 0.0365755 0.1082625 0.1251413 0.2063215 0.1032328 0.2376753 0.1169538 0.1424564 0.0295681 0.0967603 0.0373962 0.0814264 0.2028911 0.1381975 0.1129535 0.1037953 0.0340214 0.1383205 0.1201055 0.1554162 0.0452392 0.0897507 0.0940044 0.0979144 0.1303085 0.1064230 0.1778666 0.1360696 0.2217417 0.1860504 0.0546673 0.0288379 0.1443051 0.1406316 0.1682797 0.0709223 0.0638634 0.0532416 0.0923318 0.1421227 0.1647256 0.0203070 0.0316746 0.0257705 0.0401376 0.0358710 0.0747056 0.0865188 0.2657138 0.0409786 0.0766888 0.0514964 0.1182280 0.1433482 0.0375942 0.1224740 0.1337261 0.0228063 0.0264654 0.0990145 0.0348483 0.1235333 0.1320601 0.0620094 0.0486839 0.1255518 0.0318913 0.1105140 0.0943641 0.1474244 0.1545213 0.0597855 0.0741674 0.1863616 0.1070106 0.1518523 0.1305329 0.1078885 0.0707828 0.0141471 0.0904659 0.1651227 0.0861592 
S0430      0.2324332 0.2230428 0.2024229 0.0000000 0.2099413 0.1026446 0.1059112 0.2463088 0.2186282 0.1627835 0.2939776 0.2156682 0.1465995 0.1822046 0.2612068 0.2697329 0.2639363 0.1903254 0.2307050 0.1678080 0.3027562 0.2473595 0.2303968 0.1813488 0.2408149 0.2539819 0.2448806 0.2510200 0.2565554 0.2431304 0.2839645 0.2151959 0.2652360 0.2649097 0.2271051 0.0929657 0.1865110 0.1691853 0.2998948 0.0853722 0.2655932 0.1656848 0.2033319 0.2217165 0.2408873 0.2642744 0.1916916 0.2776711 0.1710782 0.1607254 0.1283826 0.2661229 0.2142312 0.2776848 0.2765004 0.2414498 0.2579464 0.2227617 0.2463587 0.2024910 0.2595034 0.2122852 0.2362675 0.2832852 0.2221095 0.3140650 0.1707784 0.2725107 0.2258976 0.1913614 0.2363739 0.1573962 0.2655137 0.1948383 0.2434503 0.1270002 0.2009343 0.1456524 0.2170551 0.2674720 0.2749049 0.2378055 0.2819279 0.2120284 0.1960838 0.2730770 0.2634474 0.2579523 0.1204791 0.1657140 0.1661134 0.2069016 0.2393309 0.2339786 0.2411902 0.2115702 0.2326247 0.2328179 0.2433109 0.2815804 0.2078813 0.1582692 0.2519889 0.1942256 0.1654400 0.2332259 0.2432645 0.2200862 0.1920023 0.3123975 0.1643350 0.2335321 0.1223921 0.1842888 0.2501233 0.2274220 0.1496177 0.1771848 0.0812021 0.1868558 0.2286026 0.1994837 0.2423653 0.2316074 0.2293991 0.2371608 0.1652857 0.2352658 0.3850432 0.2520229 0.1443722 0.1508798 0.2384186 0.2286270 0.2278187 0.2075914 0.1661030 0.1771157 0.1858611 0.2376488 0.2052950 0.2812765 0.1973755 0.1523766 0.1015387 0.3383649 0.2042509 0.1686908 0.2383868 0.3170184 0.1831411 0.1776246 0.1850543 0.2322727 0.2350656 0.2446305 0.2334677 0.2822766 0.2402371 0.2964121 0.2554636 0.2640609 0.2621487 0.2518649 0.1961143 0.1309219 0.1599272 0.1682837 0.1540764 0.1905405 0.2719456 0.1554308 0.2140542 0.2517823 0.2314332 0.1465780 0.1491925 0.1573404 0.2035991 0.3229248 0.2773753 0.1799498 0.2475677 0.1965213 0.1799215 0.2315443 0.2811576 0.2295731 0.2380243 0.2385564 0.1581361 0.2483494 0.2254757 0.1885378 0.1669430 0.1591628 0.2983413 0.1683649 0.1826595 0.1137939 0.2195724 0.2332366 0.1579709 0.2402995 0.2474257 0.2164893 0.1842018 0.2326852 0.1762778 0.1566444 0.2276830 0.2072693 0.2112472 0.2087000 
SRR8528391 0.1619813 0.0948116 0.0817006 0.2099413 0.0000000 0.2111776 0.1813259 0.0985103 0.0998196 0.1154590 0.2004030 0.1424954 0.2548866 0.1640681 0.2236927 0.1158050 0.1538451 0.1951527 0.1077588 0.1805668 0.1772597 0.1654632 0.0894397 0.1446464 0.1067794 0.2022397 0.1022211 0.1597272 0.2424906 0.1663869 0.2654567 0.0809773 0.1145641 0.1271061 0.1990106 0.1860715 0.2020882 0.1010361 0.1348716 0.1728395 0.1325321 0.1521172 0.1888945 0.1632703 0.2270411 0.2326935 0.1345025 0.2267042 0.1876186 0.1421773 0.2466351 0.1131395 0.2139698 0.2209034 0.1927507 0.1749744 0.1251024 0.1444118 0.1277896 0.1912632 0.1321187 0.1277813 0.1123982 0.2220313 0.0570209 0.1578732 0.1217701 0.1655200 0.1165038 0.1343550 0.2453690 0.1168981 0.2204683 0.1629167 0.1110448 0.1161077 0.1199821 0.1118743 0.1146343 0.1252217 0.1426409 0.1147299 0.2130333 0.1426551 0.1361821 0.1852267 0.1506796 0.1565814 0.2163490 0.1639693 0.1759774 0.1103367 0.1058654 0.1749570 0.1036302 0.1201852 0.1550955 0.1368780 0.1804468 0.1427965 0.1289818 0.1212776 0.1859537 0.0809639 0.1228568 0.1589075 0.1309844 0.1583133 0.1077194 0.1443422 0.1226320 0.1627804 0.2081962 0.0343108 0.1152505 0.0551794 0.1589480 0.0523108 0.1351268 0.1308769 0.1490727 0.1705315 0.1006537 0.1132405 0.2061156 0.1700614 0.1379183 0.1098818 0.2125617 0.1671942 0.2519012 0.0776241 0.1492162 0.1652054 0.2356930 0.1720531 0.2666229 0.1609326 0.1693849 0.1114633 0.1277095 0.1207822 0.1265505 0.2329384 0.1590223 0.2014454 0.1468792 0.0319358 0.1805071 0.1459349 0.1771702 0.0280312 0.1289850 0.1703346 0.1395334 0.1784037 0.1588312 0.2158181 0.1725417 0.2417438 0.2061645 0.1574697 0.1312549 0.1762698 0.1871974 0.2019470 0.1201229 0.1139400 0.1070121 0.1516551 0.2058844 0.1878042 0.0830389 0.1108786 0.1077063 0.0379032 0.0646100 0.1198377 0.1368157 0.2954587 0.1382768 0.1407995 0.1131684 0.1634819 0.1674920 0.1143034 0.1531493 0.2014322 0.1081060 0.1046976 0.1582612 0.1078578 0.1690057 0.1901953 0.0324028 0.1004434 0.2020003 0.0641846 0.1622997 0.1110416 0.1927875 0.1956582 0.1131317 0.0767020 0.2183789 0.1658461 0.1910751 0.1579944 0.1535144 0.1112653 0.1062386 0.1650856 0.2273132 0.1300862 
S0732      0.2074788 0.1994987 0.1646460 0.1026446 0.2111776 0.0000000 0.0489771 0.2088675 0.1758646 0.1308159 0.2585824 0.1845060 0.1546079 0.1748153 0.2417415 0.2271970 0.2282826 0.2175214 0.2062679 0.1757743 0.2615441 0.2112862 0.1875690 0.1733052 0.2209964 0.1967102 0.2051303 0.2219345 0.2783330 0.2125465 0.1838582 0.2011031 0.2281782 0.2125235 0.2028437 0.1056137 0.1853397 0.1477598 0.2388892 0.0709154 0.2180352 0.1840089 0.2090185 0.1889477 0.2238548 0.1646470 0.1591892 0.2545538 0.1784301 0.1618211 0.0632092 0.2283718 0.2064420 0.1956741 0.2435477 0.2350547 0.2131336 0.1748085 0.2120493 0.2120443 0.2094727 0.1910406 0.1716847 0.2499839 0.1966218 0.2863968 0.1470391 0.2287427 0.2005181 0.1647713 0.2332146 0.1356926 0.1682004 0.1911910 0.1725062 0.1285570 0.1829424 0.1349039 0.1935403 0.2311604 0.2487208 0.2034697 0.2325685 0.1784211 0.1711175 0.2235234 0.2413939 0.2521523 0.1037440 0.1469829 0.1924318 0.1694154 0.1921669 0.2427081 0.2012151 0.1734736 0.2306080 0.2289355 0.2262364 0.2563376 0.1929538 0.1450784 0.2341044 0.1713989 0.1425030 0.1986746 0.2130252 0.1783611 0.1904493 0.2752738 0.1410569 0.1794200 0.0474667 0.1690450 0.2144428 0.1935788 0.1350706 0.1427182 0.0721088 0.1775673 0.1863365 0.2001921 0.1993338 0.2249455 0.2536513 0.2042614 0.1543312 0.2146349 0.3339369 0.2030941 0.1249309 0.1237994 0.1960109 0.2211206 0.2070974 0.2040003 0.1758370 0.1797849 0.1943030 0.2040960 0.1889572 0.2374676 0.1779238 0.0782481 0.0922348 0.2927667 0.1671128 0.1496855 0.2125554 0.2906329 0.1895334 0.1648198 0.1883715 0.2056069 0.1917262 0.2292288 0.2074411 0.2072272 0.2171464 0.2712854 0.1710705 0.2359782 0.2106515 0.2115777 0.2176383 0.0671974 0.1441827 0.1414868 0.1441008 0.1771680 0.2352985 0.1791683 0.1896110 0.2164193 0.2067414 0.1126544 0.1168489 0.1400428 0.1863380 0.2227855 0.2382218 0.1785363 0.1888984 0.1923668 0.1557976 0.2127294 0.2360785 0.2195850 0.2096430 0.2112000 0.1676223 0.2220282 0.2000508 0.1862299 0.1535963 0.1353327 0.2509455 0.1300426 0.1588781 0.1123428 0.2186790 0.2216201 0.1325478 0.2021563 0.2547284 0.2012606 0.2019472 0.2027697 0.1801790 0.1340587 0.1994752 0.2071185 0.2096123 0.2006897 
S0739      0.1893539 0.1772586 0.1389797 0.1059112 0.1813259 0.0489771 0.0000000 0.1804664 0.1643735 0.1226453 0.2403542 0.1480716 0.1632180 0.1920147 0.2140835 0.1966714 0.2132632 0.2023751 0.1839776 0.1807750 0.2531312 0.2031634 0.1616731 0.1583555 0.1782235 0.1998750 0.1821841 0.1976162 0.2610200 0.1954944 0.2404584 0.2010425 0.1937841 0.1994344 0.1830477 0.1209777 0.1719789 0.1234938 0.2184645 0.0566921 0.2107401 0.1725016 0.2018466 0.1941444 0.2063926 0.2133289 0.1489468 0.2596179 0.1589522 0.1462664 0.0601356 0.1887136 0.1834452 0.2246312 0.2206521 0.2020457 0.1908078 0.1735587 0.1858774 0.1888994 0.1855616 0.1716606 0.1482029 0.2660467 0.1627871 0.2494166 0.1366074 0.2069812 0.1722239 0.1460648 0.2015219 0.1276295 0.1929682 0.1723476 0.1605889 0.1147950 0.1627363 0.1224665 0.1657993 0.2014225 0.2180581 0.1709647 0.2299384 0.1451472 0.1594625 0.2098206 0.2247315 0.2194489 0.0955095 0.1560647 0.1776590 0.1479522 0.1604886 0.2127385 0.1788133 0.1673025 0.2020415 0.2114007 0.2328975 0.2206395 0.1733736 0.1277252 0.2126792 0.1583274 0.1342080 0.1969935 0.1944549 0.1659448 0.1692275 0.2338096 0.1339467 0.1765787 0.0193548 0.1557048 0.1899423 0.1788834 0.1397913 0.1212618 0.0690376 0.1571995 0.1849856 0.1767870 0.1785321 0.1952347 0.2431821 0.1843068 0.1540230 0.1862854 0.3108969 0.1899246 0.1102386 0.1000960 0.1801000 0.2080844 0.2363909 0.1884938 0.1723641 0.1852818 0.1900975 0.1816532 0.1654821 0.2119263 0.1539281 0.0606216 0.0577596 0.2760993 0.1599889 0.1284558 0.1961043 0.2573521 0.1808955 0.1548456 0.1629829 0.1829316 0.1778223 0.1989438 0.1871493 0.2476099 0.2084741 0.2461024 0.2091010 0.2192600 0.1977871 0.2078225 0.1915206 0.0054110 0.1314231 0.1325368 0.1205668 0.1625352 0.2277926 0.2031972 0.1572232 0.1922579 0.1792671 0.1125282 0.1240467 0.1312952 0.1617759 0.2651398 0.2038379 0.1599985 0.1667695 0.1819477 0.1478243 0.1837232 0.1963334 0.2324160 0.1811151 0.1821008 0.1656791 0.1926597 0.1861197 0.1786378 0.1505418 0.1182303 0.2521185 0.1146559 0.1470409 0.0961308 0.1980253 0.2096555 0.1290941 0.1827240 0.2397586 0.1824556 0.1942793 0.2034702 0.1788661 0.1259300 0.1678248 0.1657413 0.1847219 0.1561676 
S0268      0.1749104 0.0480010 0.0259414 0.2463088 0.0985103 0.2088675 0.1804664 0.0000000 0.0909800 0.1137821 0.1925078 0.1171304 0.2244599 0.1612082 0.2285586 0.0389094 0.1293182 0.2192787 0.1144410 0.1977601 0.1403883 0.1481809 0.0284282 0.1520239 0.0479145 0.1774150 0.0483974 0.1513377 0.2671845 0.1497821 0.2455065 0.1300757 0.0327586 0.0809590 0.1915677 0.1733967 0.2117288 0.0862703 0.0664106 0.1855678 0.1117154 0.1686765 0.1943226 0.1582115 0.2095870 0.2196124 0.1409611 0.1625310 0.1865348 0.1546458 0.2386884 0.0333549 0.2239189 0.2148649 0.1763509 0.1859404 0.0423046 0.1542215 0.0621919 0.2256983 0.0774994 0.1292653 0.0804745 0.1847577 0.1087294 0.1430996 0.1312612 0.1663878 0.0990858 0.1389608 0.2004916 0.1186805 0.2073928 0.1643660 0.0852669 0.0951345 0.1034793 0.1175898 0.0397600 0.0538317 0.0583910 0.0297018 0.1877328 0.1192997 0.1541758 0.1629434 0.1235425 0.1613646 0.2301995 0.1607589 0.2009804 0.0816767 0.0532344 0.1530506 0.0357268 0.1026787 0.1460325 0.1133763 0.1825525 0.0735188 0.1383031 0.1148894 0.1893214 0.0611639 0.1160116 0.1784577 0.0878235 0.1560312 0.0892061 0.0866988 0.1200120 0.1439366 0.2019144 0.0873980 0.0517264 0.0887908 0.1548391 0.0115940 0.1284805 0.1357281 0.1414966 0.1721042 0.0525471 0.1147375 0.2216140 0.1308640 0.1158583 0.0559078 0.1797071 0.1458706 0.2358903 0.0667622 0.1363668 0.1654257 0.2584709 0.1661085 0.2485602 0.1781410 0.2053277 0.0401380 0.1407643 0.0537461 0.1292498 0.2413046 0.1553334 0.1164712 0.1565801 0.0612823 0.1877734 0.1396085 0.2053152 0.0717000 0.1185536 0.1212610 0.1246599 0.1727876 0.1380741 0.2145498 0.1931974 0.2675879 0.2197345 0.0643576 0.0575783 0.2020872 0.2089495 0.2097545 0.1179897 0.0950740 0.0800285 0.1466576 0.1986421 0.2062548 0.0309958 0.0478442 0.0390133 0.0625326 0.0580991 0.1167246 0.1136560 0.2685346 0.0570148 0.1309212 0.0617659 0.1695002 0.1835477 0.0326328 0.1581469 0.1679821 0.0216034 0.0192817 0.1564705 0.0480240 0.1893207 0.1947310 0.0835515 0.0787406 0.1410756 0.0470525 0.1527346 0.1079368 0.2154560 0.2073851 0.1065938 0.1049028 0.2570438 0.1613431 0.2006509 0.1834101 0.1529687 0.1173344 0.0395424 0.1327917 0.1902661 0.1112903 
SRR8528359 0.1377653 0.0910536 0.0444145 0.2186282 0.0998196 0.1758646 0.1643735 0.0909800 0.0000000 0.0846871 0.1657803 0.1235434 0.2239513 0.1513251 0.1999403 0.1049578 0.1138632 0.1781002 0.1030506 0.1598237 0.1556843 0.1347181 0.0826015 0.1064605 0.0962537 0.1611852 0.0913880 0.1423464 0.2266295 0.1412351 0.2166647 0.1362634 0.1072803 0.1065388 0.1711278 0.1666150 0.1907381 0.0774315 0.1234527 0.1602135 0.0925149 0.1400912 0.1687236 0.1341789 0.1975757 0.1927553 0.1084772 0.1746099 0.1569818 0.1254423 0.2223098 0.1057656 0.2102440 0.1774927 0.1569143 0.1585870 0.1059184 0.1190612 0.1031664 0.1929829 0.0984344 0.1015685 0.0772261 0.1833332 0.0887586 0.1392721 0.0862976 0.1473557 0.0363573 0.1053718 0.2249273 0.0862501 0.2062206 0.1375530 0.0817687 0.0838499 0.0947150 0.0846098 0.0825466 0.1103013 0.1263248 0.1037199 0.1659032 0.1008754 0.1125985 0.1622492 0.1160928 0.1513283 0.2070201 0.1537743 0.1669722 0.0684949 0.0695433 0.1321118 0.0833899 0.0907846 0.1230103 0.1092326 0.1670812 0.1201155 0.1025188 0.0866414 0.1632604 0.0474907 0.0837102 0.1495962 0.1189577 0.1326337 0.0845913 0.1590658 0.0871635 0.1480524 0.1772796 0.0658182 0.1180343 0.0747473 0.1338604 0.0234546 0.1151117 0.1026544 0.1323347 0.1442978 0.0921674 0.1017615 0.1932268 0.1248398 0.1117951 0.0957129 0.1919870 0.1533026 0.2252854 0.0414237 0.1241167 0.1399152 0.2375477 0.1235522 0.2462013 0.1493198 0.1745377 0.0927062 0.1083799 0.1106659 0.1009414 0.2225184 0.1541020 0.1773560 0.1191516 0.0411027 0.1596849 0.1316751 0.1745337 0.0465824 0.1161465 0.1217795 0.1240258 0.1512608 0.1340218 0.1870169 0.1466278 0.2532576 0.1857571 0.1442430 0.1125860 0.1587508 0.1877997 0.1884655 0.0885465 0.0826219 0.0795839 0.1163947 0.1679484 0.1981348 0.0864517 0.0964796 0.0933729 0.0553998 0.0471896 0.0883240 0.1166934 0.2440734 0.1193672 0.1014248 0.0880925 0.1422305 0.1503911 0.1067955 0.1340738 0.1731108 0.0939413 0.0967372 0.1424970 0.0969099 0.1421280 0.1872007 0.0582561 0.0630696 0.1526275 0.0433584 0.1343726 0.1038457 0.1716241 0.1784597 0.0706902 0.0904872 0.2136456 0.1304648 0.1705275 0.1393262 0.1380857 0.0844356 0.0883148 0.1205752 0.2077519 0.1055038 
SRR8528388 0.0085429 0.1056006 0.0710039 0.1627835 0.1154590 0.1308159 0.1226453 0.1137821 0.0846871 0.0000000 0.1278974 0.1037140 0.1679813 0.0659977 0.0693867 0.1215325 0.1500912 0.0658568 0.0535993 0.0456606 0.1940442 0.1443506 0.0956135 0.0030150 0.1239054 0.0620696 0.1009733 0.0696931 0.0903074 0.0556566 0.1854957 0.1430574 0.1206841 0.1354520 0.0588138 0.1192553 0.0518840 0.0441896 0.1471137 0.1173352 0.1134049 0.0465017 0.0664776 0.0568130 0.1268305 0.1576398 0.0000022 0.1861349 0.0783326 0.0323627 0.1763492 0.1269284 0.0627438 0.1491732 0.0702323 0.0924480 0.1100597 0.0337900 0.1015444 0.0655052 0.1050946 0.0452085 0.0883271 0.1860469 0.1051932 0.1573680 0.0000024 0.0597178 0.1016563 0.0311610 0.1322230 0.0000025 0.1666535 0.0203476 0.1005029 0.0721474 0.0911337 0.0000030 0.1073594 0.1325857 0.1321312 0.1166498 0.1510118 0.0774440 0.0028144 0.0772718 0.1330156 0.0565123 0.1663716 0.1210412 0.0564115 0.0942245 0.1007806 0.1254440 0.1080225 0.0742507 0.0952207 0.1301376 0.0657369 0.1376902 0.0421556 0.0000029 0.0621746 0.0929891 0.0000021 0.0391550 0.1081345 0.0455966 0.0921666 0.1385604 0.0000026 0.0528753 0.1441088 0.0767795 0.1311237 0.0936904 0.0967146 0.0610893 0.0985430 0.0000024 0.0458311 0.0237897 0.1114287 0.1268523 0.0742048 0.1133103 0.0159862 0.0968244 0.2074880 0.0699742 0.1735247 0.0594270 0.0465899 0.0423820 0.0896972 0.0175721 0.1872908 0.0566982 0.0520712 0.1169335 0.0483421 0.1327902 0.0028142 0.1631480 0.1229388 0.1918657 0.0265738 0.0529235 0.0397040 0.1664109 0.0520077 0.0730247 0.1086066 0.1207684 0.0405735 0.0945695 0.0527541 0.1718383 0.0424953 0.1545834 0.1490384 0.1455477 0.1173954 0.0556838 0.0536258 0.1435000 0.0000023 0.0575905 0.0471417 0.0116596 0.1219911 0.0739525 0.1005696 0.1124524 0.1126312 0.0637919 0.0623356 0.0000022 0.0459654 0.2314828 0.1339827 0.0000020 0.1074376 0.0234010 0.0906480 0.1164979 0.0691039 0.0423822 0.1137373 0.1126448 0.0462773 0.1170934 0.0086764 0.0675531 0.0915371 0.0463144 0.1997415 0.0621136 0.0787191 0.0722910 0.0454108 0.0582260 0.0000025 0.1073304 0.0857246 0.0114922 0.0525850 0.0429184 0.0617153 0.0000029 0.1142820 0.0932896 0.1142500 0.0886423 
SRR8528364 0.1772683 0.1940562 0.1428531 0.2939776 0.2004030 0.2585824 0.2403542 0.1925078 0.1657803 0.1278974 0.0000000 0.1392621 0.3211538 0.1977954 0.2314087 0.2180701 0.2369060 0.2384776 0.1686800 0.2182806 0.2998213 0.2462534 0.1750390 0.1516455 0.1996387 0.2187234 0.1879184 0.2109023 0.2978025 0.1868071 0.3006774 0.2147176 0.2065497 0.2019027 0.2298939 0.2292632 0.2122172 0.1104056 0.2337823 0.2306387 0.2320148 0.1864389 0.1986415 0.2000818 0.2772645 0.2797000 0.1435898 0.2877934 0.1766665 0.1764934 0.3321795 0.2153181 0.2110388 0.2607845 0.2172404 0.2247976 0.2033301 0.1715624 0.1777188 0.2295929 0.1838040 0.1765917 0.1591752 0.2863792 0.1618064 0.2680768 0.1541769 0.2308928 0.1656406 0.1668616 0.2857805 0.1290385 0.2913048 0.1923768 0.1890640 0.1597175 0.1188165 0.1231166 0.1970066 0.2198762 0.2331626 0.2225133 0.1982052 0.1665188 0.1521633 0.2480657 0.2532655 0.2116097 0.2828238 0.2379010 0.2166120 0.1768521 0.1642359 0.1583588 0.1889918 0.1494939 0.0720434 0.2434205 0.2115567 0.2258343 0.1754000 0.1283994 0.2055771 0.1507536 0.1355227 0.1935688 0.1960671 0.1816269 0.1206816 0.2461617 0.1304629 0.2255801 0.2694339 0.1444933 0.2275666 0.1850046 0.2083569 0.1158964 0.1881987 0.1566963 0.2006604 0.2105310 0.1933837 0.1850699 0.2518884 0.1447308 0.1808570 0.1803600 0.3101161 0.2313682 0.3107420 0.1096240 0.1919834 0.2024463 0.2847719 0.1962938 0.4073022 0.1935366 0.2121822 0.2154029 0.1938518 0.1941806 0.1620963 0.2936103 0.2445962 0.3097847 0.1796029 0.1169868 0.2729249 0.2709062 0.2142845 0.1258895 0.1243123 0.2122511 0.1939217 0.2153181 0.1892100 0.2752116 0.1991938 0.3160046 0.2977408 0.2443992 0.2053274 0.2213926 0.2201434 0.2729267 0.1327459 0.1368347 0.1293802 0.1737836 0.2314769 0.2359787 0.1568434 0.2028204 0.1993164 0.1335455 0.1380862 0.1361008 0.1596848 0.3573458 0.2097423 0.1692242 0.1921208 0.2071648 0.2127077 0.2126496 0.2169235 0.2368820 0.2008343 0.1923008 0.1839267 0.2137044 0.1729482 0.1967249 0.1571688 0.0852813 0.2825268 0.1217437 0.1996894 0.1800817 0.2289017 0.2392526 0.1120584 0.2097858 0.2518993 0.1934982 0.2209720 0.1962849 0.1793178 0.1316240 0.1847206 0.1787645 0.2786705 0.1175493 
SRR8528338 0.1696594 0.1403850 0.1008015 0.2156682 0.1424954 0.1845060 0.1480716 0.1171304 0.1235434 0.1037140 0.1392621 0.0000000 0.2476766 0.1686711 0.2182083 0.1530971 0.1889183 0.2057651 0.0884621 0.1850218 0.1981627 0.1895595 0.1243392 0.1365957 0.1458335 0.1895388 0.1499856 0.1636884 0.2332887 0.1500304 0.2302141 0.1511588 0.1434377 0.1428171 0.1854025 0.1764375 0.1800533 0.0617638 0.1759901 0.1612612 0.1596960 0.1492040 0.1859690 0.1544883 0.2208453 0.2115767 0.1237861 0.2557774 0.1509484 0.1434937 0.2301136 0.1423725 0.1677552 0.2148398 0.1491552 0.1864069 0.1375164 0.1283801 0.1309566 0.1939049 0.1315114 0.1326601 0.1118043 0.2481822 0.1297126 0.2122580 0.1339085 0.1591408 0.1245748 0.1135399 0.2125990 0.1166716 0.2138888 0.1626057 0.1249932 0.0965440 0.0707532 0.1155611 0.1311854 0.1462448 0.1658038 0.1311806 0.1602462 0.0968972 0.1454645 0.1668693 0.1903064 0.1614884 0.2198767 0.1803027 0.1798944 0.1234820 0.1210251 0.1221720 0.1347183 0.1127814 0.1034482 0.1761833 0.1955588 0.1735080 0.1339147 0.1090956 0.1922740 0.1152898 0.1096914 0.1694377 0.1390263 0.1511487 0.0748778 0.1844889 0.1184110 0.1442694 0.1722260 0.1126812 0.1407656 0.1327569 0.1545840 0.0808373 0.1277374 0.1349192 0.1454367 0.1701935 0.1312626 0.1345739 0.2123059 0.0926398 0.1411191 0.1328559 0.2470594 0.1530291 0.2401168 0.0628655 0.1495555 0.1730243 0.2413776 0.1586456 0.2744052 0.1658945 0.1930462 0.1409952 0.1318370 0.1547184 0.1357886 0.2203344 0.1587207 0.1985264 0.1432230 0.0824593 0.2026108 0.2164112 0.1832606 0.0979626 0.0858660 0.1620597 0.1338824 0.1766143 0.1426761 0.2364533 0.1876545 0.2686532 0.2167500 0.1769766 0.1601581 0.1747817 0.1888677 0.1719337 0.1158885 0.0849159 0.0751500 0.1437196 0.1748830 0.1965177 0.1046802 0.1386756 0.1268604 0.0960309 0.0901040 0.1156150 0.1215821 0.2837183 0.1729138 0.1331373 0.1246325 0.1593001 0.1407910 0.1353324 0.1563379 0.2107262 0.1251535 0.1284737 0.1467422 0.1393823 0.1753124 0.1770002 0.1176662 0.0495786 0.1949457 0.0819139 0.1111188 0.1174948 0.1973517 0.2131528 0.1051790 0.1547198 0.2294129 0.1624740 0.1796992 0.1777253 0.1563312 0.1153152 0.1304614 0.1054527 0.2020773 0.0861182 
S0308      0.2380346 0.2140390 0.1856355 0.1465995 0.2548866 0.1546079 0.1632180 0.2244599 0.2239513 0.1679813 0.3211538 0.2476766 0.0000000 0.2330261 0.2921266 0.2553246 0.2559535 0.2605340 0.2523330 0.2350018 0.2733104 0.2183386 0.2170196 0.2199516 0.2295806 0.2548134 0.2186595 0.2549460 0.3524396 0.2420672 0.3209835 0.2879610 0.2568684 0.2556581 0.2428007 0.1275271 0.2405432 0.1785340 0.2524063 0.1401927 0.2613173 0.2213688 0.2738791 0.2749239 0.2555223 0.2896999 0.2077133 0.2645399 0.2136489 0.2009148 0.1907226 0.2575468 0.2654292 0.3010443 0.2960807 0.2864572 0.2512380 0.2320407 0.2252795 0.2591318 0.2361330 0.2386857 0.2126022 0.2607709 0.2387364 0.2909454 0.1815551 0.2681244 0.2356687 0.2064758 0.2396321 0.1777016 0.2852067 0.2497411 0.2026997 0.1608748 0.2224127 0.1661058 0.2197857 0.2700004 0.2341787 0.2299600 0.3052142 0.2155643 0.1997079 0.2629396 0.2655418 0.2750339 0.1726637 0.2049204 0.2241451 0.2152781 0.2442140 0.2560396 0.2299235 0.2118141 0.2819533 0.2807163 0.2787695 0.2616556 0.2309126 0.1685573 0.2609118 0.2004072 0.1698130 0.2259411 0.2436246 0.2268071 0.2192289 0.3089279 0.1744101 0.2327435 0.1661025 0.2157177 0.2494643 0.2353378 0.1940292 0.1590523 0.1005271 0.2045264 0.2261974 0.2618004 0.2454568 0.2641607 0.2964021 0.2719721 0.2026187 0.2180148 0.3840992 0.2462287 0.1766798 0.1481813 0.2294421 0.2829432 0.3290916 0.2414106 0.1713858 0.2328742 0.2422539 0.2360374 0.2479146 0.2707833 0.2142984 0.1932838 0.1499919 0.3359867 0.2218632 0.1856279 0.2871794 0.2986141 0.2385256 0.2083184 0.2410304 0.2435256 0.2338898 0.2563048 0.2338090 0.3136476 0.2421863 0.2949736 0.3086009 0.2751243 0.2642933 0.2880172 0.2326285 0.1868565 0.1776522 0.1758635 0.1578331 0.2247674 0.2855298 0.2144356 0.2130560 0.2491772 0.2297556 0.1768762 0.1560384 0.1725926 0.2062344 0.2973905 0.2307859 0.2117952 0.2072597 0.2512722 0.2157374 0.2409060 0.2860520 0.2400033 0.2379438 0.2153615 0.2237957 0.2459802 0.2266463 0.2548626 0.2114147 0.1599983 0.2911760 0.1602935 0.2083178 0.1320908 0.2762104 0.2910893 0.1598696 0.2671759 0.3095175 0.2385953 0.2585980 0.2358450 0.2232319 0.1773892 0.2223547 0.2347450 0.2201113 0.2487790 
S0305      0.1083770 0.1484773 0.1224821 0.1822046 0.1640681 0.1748153 0.1920147 0.1612082 0.1513251 0.0659977 0.1977954 0.1686711 0.2330261 0.0000000 0.1312198 0.1748634 0.2252680 0.0822067 0.1122083 0.0815420 0.2121259 0.2137552 0.1430104 0.0715273 0.1670615 0.1336623 0.1439570 0.1467037 0.1402515 0.1236854 0.2414895 0.1791902 0.1817282 0.1892196 0.1288902 0.1453790 0.0891952 0.0838484 0.2013285 0.1592689 0.1925298 0.0633242 0.0726381 0.0992843 0.1684818 0.1814986 0.0889798 0.2415559 0.1279000 0.0608476 0.2415713 0.1811782 0.0886957 0.1964560 0.1487442 0.1480704 0.1661690 0.0937696 0.1809722 0.1060374 0.1787793 0.1258022 0.1502059 0.2590898 0.1392310 0.2147599 0.0720802 0.1510219 0.1722420 0.1033988 0.2134887 0.0614737 0.2006635 0.0905921 0.1533605 0.0938652 0.1295074 0.0558894 0.1507689 0.1909676 0.1749128 0.1762928 0.2095204 0.1315603 0.0994393 0.1733299 0.1903018 0.1347933 0.2040678 0.1691313 0.0942295 0.1668428 0.1724116 0.1683117 0.1544736 0.1264574 0.1546077 0.1632141 0.1165533 0.1790935 0.1269997 0.0614525 0.1251363 0.1250609 0.0655566 0.1144583 0.1744299 0.1155315 0.1270491 0.2101636 0.0654480 0.1421914 0.2007935 0.1226964 0.1719224 0.1352592 0.1460798 0.1085678 0.1379544 0.0809057 0.1220307 0.0887697 0.1796811 0.1612003 0.1161637 0.1692200 0.0775434 0.1475460 0.2686367 0.1643591 0.2155606 0.0947211 0.1256102 0.0945405 0.1307237 0.0959982 0.2509687 0.0599603 0.0781481 0.1553752 0.1334245 0.1855593 0.0757970 0.2292915 0.1593838 0.2606775 0.0918097 0.1065437 0.1136131 0.2425723 0.0930114 0.1084430 0.1386710 0.1657946 0.1173100 0.1432673 0.1241086 0.2118424 0.1142698 0.1907392 0.1880742 0.1797016 0.1649912 0.1251085 0.0773390 0.2172671 0.0629646 0.1053001 0.0971993 0.0827594 0.2066662 0.0796797 0.1394295 0.1690654 0.1692079 0.1095000 0.1116741 0.0662771 0.1160753 0.2942198 0.1956673 0.0712738 0.1677219 0.0875028 0.1710937 0.1724183 0.1485337 0.0932863 0.1653891 0.1661782 0.0702366 0.1745244 0.1170670 0.0738617 0.1460284 0.0970641 0.2146383 0.1134803 0.1477308 0.1194534 0.1099842 0.1151589 0.0673664 0.1667147 0.1238863 0.0956408 0.0790630 0.1137981 0.0514411 0.0591309 0.1539423 0.1384919 0.1966206 0.1373865 
SRR8528336 0.1057556 0.1943194 0.1681061 0.2612068 0.2236927 0.2417415 0.2140835 0.2285586 0.1999403 0.0693867 0.2314087 0.2182083 0.2921266 0.1312198 0.0000000 0.2481455 0.2594169 0.1446439 0.1449868 0.1230719 0.2686266 0.2329034 0.1946074 0.0891516 0.2097663 0.1116927 0.1903128 0.1442697 0.1689694 0.1432158 0.3064336 0.2695995 0.2452295 0.2712185 0.0791541 0.2268662 0.1404535 0.0905581 0.2594204 0.2201668 0.2647181 0.1153345 0.1359004 0.1270442 0.2041158 0.2503337 0.0839868 0.2571654 0.1471951 0.1058835 0.2914546 0.2456912 0.1161439 0.2610698 0.1858070 0.1704366 0.2258029 0.1147173 0.2372800 0.1431643 0.2329199 0.1279715 0.2045196 0.2860175 0.1909254 0.2706288 0.0747794 0.1569994 0.2072296 0.1110928 0.2560230 0.0713928 0.2654149 0.1161349 0.2009730 0.1498078 0.1766347 0.0659126 0.1929357 0.2274979 0.2409841 0.2308560 0.2733399 0.1755915 0.1016662 0.1752999 0.2578074 0.1475295 0.2675292 0.2260375 0.1239772 0.2120418 0.2063846 0.2434091 0.2196985 0.1621664 0.1912644 0.2319058 0.1212209 0.2411568 0.1315263 0.0642917 0.1003401 0.1695709 0.0722480 0.1273737 0.2114836 0.1208474 0.1590476 0.2494225 0.0721274 0.1492847 0.2426799 0.1804705 0.2537602 0.2039403 0.1959126 0.1551469 0.1820733 0.0907139 0.1459347 0.1217628 0.2499877 0.2635966 0.1561588 0.2373273 0.0986205 0.2116031 0.3318058 0.1629220 0.2695836 0.1343453 0.1133426 0.1486009 0.1813095 0.1172618 0.3179623 0.1306462 0.1160365 0.2185821 0.1433060 0.2301645 0.0888653 0.2532649 0.2387668 0.2986878 0.0800200 0.1507374 0.1454763 0.3020044 0.1363760 0.1919364 0.2080893 0.2206669 0.1350462 0.1734101 0.1360836 0.2694120 0.1000689 0.2365941 0.2512892 0.2790543 0.2164771 0.0961544 0.1450990 0.2451926 0.0697522 0.1123809 0.0922852 0.1178360 0.1782761 0.1665017 0.2151217 0.2292422 0.2246020 0.1521038 0.1241470 0.0730472 0.1315789 0.3674636 0.2448869 0.0959079 0.2171733 0.1129119 0.1894676 0.2292458 0.1467658 0.1657387 0.2272195 0.2199421 0.1196436 0.2395866 0.1141379 0.1333542 0.1894389 0.1208276 0.2875826 0.1338603 0.1612811 0.1839775 0.1432366 0.1379899 0.0590076 0.2235037 0.1589257 0.1120930 0.1244325 0.1096496 0.1329509 0.0693893 0.2154588 0.1856514 0.2372052 0.1861808 
S0301      0.1849444 0.0604893 0.0412637 0.2697329 0.1158050 0.2271970 0.1966714 0.0389094 0.1049578 0.1215325 0.2180701 0.1530971 0.2553246 0.1748634 0.2481455 0.0000000 0.1450867 0.2380338 0.1342192 0.2118075 0.1736021 0.1805924 0.0496982 0.1608808 0.0634951 0.1986407 0.0638711 0.1862393 0.2948518 0.1886050 0.2848265 0.1622673 0.0212209 0.0910519 0.2347789 0.1928243 0.2271269 0.1147124 0.0799769 0.1920292 0.1432496 0.1773338 0.2120603 0.1702437 0.2199520 0.2702034 0.1627349 0.2183207 0.1937579 0.1783793 0.2568229 0.0244565 0.2625366 0.2509370 0.1975037 0.1959758 0.0643186 0.1615307 0.0820018 0.2393605 0.1019056 0.1519552 0.0912962 0.2146082 0.1288342 0.1556456 0.1343684 0.2031110 0.1064259 0.1731653 0.2169956 0.1263341 0.2395474 0.1808709 0.0999322 0.1145311 0.1315775 0.1253907 0.0460784 0.0695444 0.0852654 0.0442891 0.2009117 0.1313945 0.1606128 0.1987430 0.1438452 0.1975902 0.2486647 0.1757114 0.2210305 0.1110741 0.0727628 0.1601758 0.0475958 0.1254932 0.1640933 0.1454759 0.1978686 0.0802547 0.1556673 0.1224909 0.2114092 0.0890776 0.1240498 0.1959643 0.1133091 0.1703529 0.1084324 0.0903102 0.1277606 0.1765330 0.2239448 0.0903880 0.0879003 0.1026074 0.1769311 0.0296870 0.1427346 0.1429723 0.1756846 0.1891527 0.0718075 0.1528652 0.2544899 0.1638168 0.1337178 0.0662243 0.2114879 0.1801086 0.2383607 0.0818522 0.1647031 0.1875454 0.2896376 0.1787635 0.2813468 0.1955060 0.2238277 0.0556585 0.1639819 0.0692740 0.1367849 0.2705928 0.1756868 0.1126007 0.1695319 0.0783861 0.2094204 0.1504078 0.2183791 0.0840475 0.1572071 0.1502088 0.1599439 0.1758661 0.1710500 0.2543692 0.1907773 0.2740635 0.2408001 0.0949444 0.0704331 0.1940791 0.2231480 0.2216594 0.1258177 0.1227508 0.1071470 0.1630932 0.2346144 0.2296012 0.0525991 0.0601954 0.0541381 0.0736854 0.0767664 0.1249536 0.1444019 0.3076700 0.0665818 0.1348845 0.0960060 0.1866755 0.1946182 0.0381393 0.1829599 0.2089794 0.0270534 0.0307696 0.1731599 0.0604321 0.1990703 0.2208034 0.1018309 0.1016841 0.1842192 0.0683363 0.1709263 0.1299148 0.2244450 0.2197260 0.1183359 0.1339986 0.2766823 0.1780767 0.2231207 0.1861819 0.1567149 0.1251178 0.0485101 0.1455307 0.2000613 0.1407643 
S0300      0.2060485 0.1258862 0.1006246 0.2639363 0.1538451 0.2282826 0.2132632 0.1293182 0.1138632 0.1500912 0.2369060 0.1889183 0.2559535 0.2252680 0.2594169 0.1450867 0.0000000 0.2650402 0.1479859 0.2204852 0.1225211 0.1736212 0.1161630 0.1786412 0.1349461 0.2081394 0.1385719 0.1971729 0.3033972 0.1757053 0.2562000 0.2006336 0.1352679 0.1393550 0.2291064 0.2003338 0.2528711 0.1101045 0.1613217 0.2201453 0.1404945 0.1984445 0.2182076 0.2090373 0.2273826 0.2547389 0.1622723 0.2014437 0.2082387 0.1789138 0.2472909 0.1421188 0.2758788 0.2399946 0.1824854 0.2206680 0.1380692 0.1924232 0.1269693 0.2721733 0.1292693 0.1625602 0.1431679 0.2076502 0.1408487 0.0505267 0.1631711 0.2095829 0.1116205 0.1410062 0.2511400 0.1551917 0.2410731 0.2136676 0.1458636 0.1305099 0.1706850 0.1591462 0.1404630 0.1561441 0.1321797 0.1359110 0.2462986 0.1875859 0.1706444 0.2143444 0.0541818 0.2020627 0.2418748 0.1948718 0.2510080 0.1228952 0.0969004 0.1916062 0.1240728 0.1566580 0.1784204 0.1409996 0.1930709 0.1500028 0.1575965 0.1465188 0.2313261 0.1191346 0.1568695 0.2094575 0.1523074 0.1877584 0.1618801 0.1662826 0.1570367 0.1870861 0.2306558 0.1338855 0.1385294 0.1264825 0.1738545 0.0759248 0.1805826 0.1613506 0.1930736 0.2135217 0.1229176 0.1585009 0.2702918 0.1805005 0.1513022 0.1254677 0.1594514 0.1991410 0.2613782 0.1095994 0.1661614 0.2027120 0.2775727 0.1967411 0.2498127 0.2008133 0.2511442 0.1329899 0.1714949 0.1598141 0.1715320 0.2599470 0.1860930 0.2254469 0.1811917 0.1088351 0.2333353 0.0466836 0.2393706 0.1060653 0.1883915 0.1749679 0.1546635 0.1871334 0.1727413 0.2349720 0.1854282 0.2666689 0.2429667 0.1610665 0.1627859 0.2355123 0.2678171 0.2379245 0.1465969 0.1370394 0.1152788 0.1886157 0.2187067 0.2680200 0.1092734 0.1438340 0.1364608 0.1011658 0.0683171 0.1530461 0.1572100 0.2894623 0.1540166 0.1673609 0.1277765 0.2197227 0.1799051 0.1481502 0.2114175 0.2319674 0.1452629 0.1454480 0.2015905 0.1445992 0.1908250 0.2336658 0.1181612 0.1184028 0.1308028 0.0947896 0.1942655 0.1522804 0.2468112 0.2703019 0.1327261 0.1571669 0.2886947 0.2096838 0.2496082 0.1621315 0.1890857 0.1500632 0.1391991 0.2044457 0.2333794 0.1791828 
S0385      0.1133806 0.1858592 0.1583956 0.1903254 0.1951527 0.2175214 0.2023751 0.2192787 0.1781002 0.0658568 0.2384776 0.2057651 0.2605340 0.0822067 0.1446439 0.2380338 0.2650402 0.0000000 0.1563010 0.0866994 0.2927766 0.2623563 0.1801523 0.0712036 0.2143308 0.1520615 0.2003699 0.1713303 0.0996320 0.1595574 0.2775171 0.2299401 0.2357869 0.2316194 0.1395716 0.1762700 0.0904695 0.0974562 0.2600265 0.1701652 0.2551442 0.0716744 0.0799523 0.1355232 0.2007770 0.2253432 0.0797582 0.2964222 0.1571524 0.0637404 0.2653789 0.2360950 0.0743979 0.2190446 0.1764848 0.1683270 0.2207223 0.1146942 0.1983570 0.0791940 0.2198655 0.1323304 0.1749526 0.3146922 0.1766786 0.2652390 0.0751089 0.1668943 0.1871523 0.1148976 0.2329359 0.0573870 0.2547115 0.0927065 0.1820868 0.1194396 0.1521243 0.0483908 0.1983496 0.2392639 0.2280129 0.2216231 0.2389064 0.1557508 0.1053599 0.1867961 0.2529506 0.1690038 0.2201158 0.2043534 0.0618512 0.1972135 0.1857401 0.2217117 0.2106806 0.1490272 0.1921356 0.2196000 0.1510101 0.2436469 0.1293218 0.0677811 0.1674480 0.1706190 0.0618139 0.1317094 0.2029155 0.1415380 0.1669043 0.2522646 0.0650763 0.1635062 0.2198851 0.1585676 0.2371248 0.1854101 0.1835864 0.1408916 0.1505873 0.0880752 0.1544094 0.1014215 0.2163578 0.2067748 0.0870563 0.2080045 0.0961118 0.1870514 0.3289107 0.1862988 0.2453138 0.1288134 0.1541916 0.1158324 0.1182029 0.0942313 0.3006015 0.0583855 0.0632728 0.1923396 0.1319391 0.2402707 0.0855452 0.2464626 0.1801092 0.3215965 0.1165620 0.1376847 0.0930983 0.2789705 0.0802260 0.1413892 0.1780909 0.2275765 0.1443722 0.1648002 0.1522304 0.2572478 0.1356969 0.2351481 0.2218333 0.2423457 0.2095876 0.1469568 0.0722374 0.2320757 0.0660700 0.1148317 0.1031237 0.0915824 0.1844205 0.0948384 0.1881753 0.2106431 0.2163889 0.1391789 0.1371951 0.0622774 0.1441046 0.3123330 0.2370056 0.0769258 0.2061370 0.0962558 0.1914783 0.2157810 0.1770060 0.1108175 0.2180049 0.2119771 0.0684515 0.2261609 0.1199420 0.0771671 0.1710013 0.1121649 0.2952694 0.1431639 0.1668980 0.1426558 0.0991598 0.0989662 0.0667344 0.2099015 0.0915483 0.1008411 0.0668696 0.1363572 0.0746392 0.0585332 0.2064432 0.1752335 0.2106364 0.1781915 
