214
S0941       0.0000000 0.0476157 0.0000027 0.1078078 0.0000028 0.0848867 0.1317264 0.1359418 0.0401565 0.0759291 0.1483557 0.0567602 0.1094445 0.0140910 0.0349878 0.0473568 0.0319557 0.0228584 0.0000023 0.0000027 0.0000029 0.0959972 0.0250342 0.1113377 0.0969469 0.0747924 0.1373133 0.0071692 0.0221205 0.1115100 0.0855258 0.1280113 0.0000027 0.1339276 0.1012860 0.0864988 0.0628377 0.0380782 0.0750054 0.0782971 0.0624419 0.1507537 0.0541266 0.1055488 0.1101090 0.0146898 0.1224378 0.0404547 0.0468581 0.0070830 0.0487279 0.1350849 0.0367640 0.0677987 0.0490076 0.0232941 0.0498248 0.0147823 0.0258425 0.0906489 0.0674896 0.0384030 0.0222379 0.0905670 0.0916576 0.0416752 0.0388219 0.0874528 0.0543256 0.1158003 0.0941324 0.0221502 0.0679107 0.0733186 0.0482457 0.0069331 0.0564331 0.0000021 0.0840518 0.0072869 0.0850714 0.1223199 0.0628201 0.0853382 0.0837131 0.0352969 0.0933900 0.0341136 0.1741248 0.0394956 0.0000021 0.0518392 0.0000027 0.0889834 0.0780376 0.0318748 0.0650392 0.0752808 0.0513220 0.0790214 0.0340926 0.0476564 0.1948904 0.0685726 0.0638548 0.0348922 0.0000025 0.0543849 0.0491011 0.0411950 0.0652430 0.0754364 0.0515279 0.0638569 0.0000021 0.1073485 0.0000029 0.0542530 0.0744326 0.1288409 0.0232782 0.0393627 0.0252455 0.0731739 0.0426078 0.1359418 0.0341804 0.0075940 0.0382582 0.1499100 0.1973995 0.0329582 0.0956022 0.0653602 0.0831173 0.0986881 0.0845664 0.0567947 0.0294480 0.0654517 0.0000023 0.0450214 0.0561897 0.0228950 0.0080490 0.0857589 0.0082855 0.0746109 0.0164473 0.1359418 0.0874298 0.0459458 0.0232408 0.0501655 0.1019290 0.1049113 0.0563279 0.1001830 0.0000025 0.0860709 0.0498197 0.1676036 0.0399596 0.1255111 0.1255111 0.0701728 0.0629039 0.0613031 0.0228516 0.0216520 0.1231097 0.0528011 0.0079888 0.0932460 0.1544621 0.0563279 0.0486921 0.0952202 0.1135133 0.0215141 0.0671445 0.0423495 0.1910050 0.0070408 0.0141448 0.0774365 0.0069074 0.1110445 0.1358825 0.0391851 0.0898384 0.0688382 0.0787069 0.0161928 0.0324189 0.0591317 0.0930000 0.0757101 0.1074398 0.0531921 0.0508964 0.0477972 0.0753919 0.0757077 0.0758845 0.0455166 0.0081619 0.0000020 0.0470413 0.0964273 0.0000025 0.0742969 0.1135133 0.0675454 
SRR8528389  0.0476157 0.0000000 0.0507244 0.1101351 0.0549280 0.1546109 0.2219010 0.1784985 0.0073441 0.0703966 0.2505693 0.0340757 0.1128374 0.1181340 0.0855209 0.0071241 0.0221023 0.0668993 0.0589477 0.0492816 0.0573472 0.1271947 0.0333981 0.1193080 0.1155560 0.1705902 0.1803396 0.0660086 0.1040435 0.1213230 0.0529687 0.1275462 0.0566572 0.2317847 0.0925507 0.1240968 0.0160129 0.0382482 0.0507140 0.0640299 0.0509626 0.1916091 0.0666622 0.0908246 0.1312156 0.1225677 0.1376700 0.1484559 0.0547402 0.1102280 0.0292759 0.1388716 0.1514966 0.0636706 0.0144293 0.1076541 0.1617801 0.0544866 0.0725276 0.0827954 0.1038454 0.0922474 0.0902072 0.1183953 0.1250944 0.0306764 0.0920265 0.0813320 0.0139666 0.1413644 0.0868966 0.0714890 0.1036829 0.0621256 0.0072049 0.1070405 0.1747651 0.0398215 0.0985887 0.1153149 0.0694912 0.1308284 0.0137826 0.0888438 0.1070717 0.1086298 0.1004666 0.0238100 0.2433943 0.0932244 0.0901103 0.0224856 0.0477047 0.0893739 0.0634592 0.0299610 0.0438433 0.0616184 0.0151513 0.0556186 0.0921345 0.0071241 0.2059936 0.1697385 0.0966267 0.0238997 0.0657247 0.0371619 0.0941649 0.0853136 0.1757741 0.0921025 0.0397353 0.0410415 0.0556266 0.1589107 0.0472475 0.0247197 0.0293921 0.0934848 0.1200411 0.1093380 0.0155803 0.1002754 0.0420090 0.1784985 0.0152843 0.0607650 0.1367141 0.1520486 0.2485236 0.0153602 0.0705445 0.0616644 0.0459110 0.0919489 0.1379319 0.0448737 0.1548684 0.0446463 0.0595098 0.0162743 0.0521812 0.0719608 0.0520815 0.1480292 0.0345449 0.0320356 0.0623513 0.1816178 0.1113970 0.1019045 0.0771283 0.0248162 0.1121165 0.0611167 0.0363801 0.1227768 0.0581536 0.0703305 0.0309105 0.1598858 0.0000020 0.1251823 0.1251823 0.0309418 0.0571084 0.0578719 0.1383933 0.1307459 0.1266383 0.0733313 0.0238038 0.0957936 0.1756190 0.0524423 0.1206700 0.0613766 0.1670676 0.1295484 0.0452574 0.0077000 0.2995142 0.0974950 0.1186223 0.0434903 0.1066019 0.1511293 0.1629926 0.0072221 0.0521877 0.1152895 0.0826673 0.0992220 0.0394269 0.0299876 0.1409388 0.1109785 0.1340133 0.0320821 0.0150586 0.0071445 0.0984867 0.0608151 0.1134193 0.0257039 0.0327168 0.0992420 0.1733645 0.1212788 0.0963950 0.0887236 0.1670676 0.0635004 
S0946       0.0000027 0.0507244 0.0000000 0.0705752 0.0000021 0.0909268 0.1288665 0.1119906 0.0336924 0.0718310 0.1331000 0.0703597 0.1186370 0.0074135 0.0189639 0.0417669 0.0252341 0.0241681 0.0000024 0.0000021 0.0000020 0.0826020 0.0175298 0.0738819 0.0623123 0.0800120 0.1131645 0.0075397 0.0236957 0.0850681 0.0612024 0.1028940 0.0000029 0.1297625 0.0862850 0.0937294 0.0670271 0.0499546 0.0799155 0.0538020 0.0468000 0.1140116 0.0475222 0.0921425 0.0832375 0.0157325 0.1081078 0.0333694 0.0393391 0.0075674 0.0522135 0.0952376 0.0229134 0.0527040 0.0433541 0.0250432 0.0429155 0.0157410 0.0276081 0.0755474 0.0626401 0.0323367 0.0156915 0.0877260 0.1003209 0.0258799 0.0329869 0.0847096 0.0492429 0.0809407 0.0909921 0.0237298 0.0533927 0.0504932 0.0421791 0.0073965 0.0499572 0.0000025 0.0703594 0.0078255 0.0594331 0.0850120 0.0581768 0.0710404 0.0903671 0.0390290 0.0909114 0.0268017 0.1585586 0.0425128 0.0000021 0.0452813 0.0000020 0.0749639 0.0739646 0.0251679 0.0602118 0.0811477 0.0449902 0.0636623 0.0366538 0.0420460 0.2123245 0.0621143 0.0685809 0.0276907 0.0076379 0.0497004 0.0434376 0.0437602 0.0589668 0.0689987 0.0551855 0.0781846 0.0000020 0.0818661 0.0000025 0.0581555 0.0794019 0.1280591 0.0250256 0.0244467 0.0175589 0.0695870 0.0557544 0.1119906 0.0354392 0.0080753 0.0239016 0.1382145 0.2178945 0.0260333 0.1036954 0.0607128 0.0689084 0.1174490 0.0775323 0.0712227 0.0400509 0.0608041 0.0000024 0.0586081 0.0603767 0.0332136 0.0171926 0.0820825 0.0088785 0.0891426 0.0174840 0.1119906 0.0867287 0.0493831 0.0247443 0.0444033 0.0632577 0.0706260 0.0605406 0.0741170 0.0000023 0.0679884 0.0530936 0.1555297 0.0425831 0.1007806 0.1007806 0.0660939 0.0566004 0.0770347 0.0156348 0.0231657 0.0883522 0.0454669 0.0085819 0.0902260 0.1051468 0.0607320 0.0432274 0.1029024 0.1126483 0.0151116 0.0512779 0.0352597 0.1533861 0.0075199 0.0151116 0.0949990 0.0073675 0.0992175 0.1335302 0.0331579 0.0938791 0.0718928 0.0643559 0.0173812 0.0169190 0.0537127 0.0797877 0.0722125 0.0939714 0.0677324 0.0351942 0.0421791 0.0806959 0.0896192 0.0598310 0.0478949 0.0085937 0.0000020 0.0506359 0.0818167 0.0000027 0.0603966 0.1126483 0.0635042 
S0436       0.1078078 0.1101351 0.0705752 0.0000000 0.1049394 0.1961573 0.2528053 0.2166268 0.1009565 0.0982468 0.3066276 0.0915315 0.1654888 0.1743227 0.1473992 0.1098901 0.0634086 0.1083290 0.1030993 0.0884841 0.0881459 0.1466163 0.0597047 0.1081918 0.1481799 0.2235998 0.2189195 0.1198586 0.1567496 0.0136697 0.1164860 0.1112554 0.0876527 0.2325225 0.1438034 0.1800795 0.0994692 0.0910371 0.1081322 0.1552872 0.0586056 0.1901989 0.0572183 0.1201409 0.0133495 0.1803886 0.1864768 0.2110740 0.0979723 0.1666404 0.0885240 0.0211209 0.2118397 0.1314932 0.1196997 0.1479500 0.2260419 0.0828633 0.1029377 0.1119930 0.1578877 0.1268357 0.1323173 0.1428927 0.1580799 0.0564462 0.1458027 0.0922807 0.1153403 0.1748246 0.1560714 0.1112986 0.1363922 0.1051221 0.0987125 0.1614818 0.1734129 0.0771370 0.1085220 0.1616917 0.1113882 0.1181474 0.1135499 0.1373709 0.1195049 0.1785452 0.1306264 0.0485057 0.2277966 0.1476564 0.1217820 0.0658414 0.0978345 0.0878602 0.1092775 0.0636383 0.1041503 0.1490822 0.1128773 0.1118473 0.1247476 0.1098901 0.2080017 0.1703243 0.1472581 0.0696445 0.1192988 0.1287177 0.1264956 0.1404892 0.2077489 0.1346731 0.1062342 0.1082447 0.0960458 0.1446384 0.0846020 0.0898463 0.1290563 0.2475577 0.1649800 0.2156948 0.0479539 0.1037616 0.0874979 0.2166268 0.0838062 0.0780447 0.1454302 0.1967101 0.3266224 0.0586925 0.1594704 0.0969661 0.1295383 0.1568467 0.1228520 0.0943704 0.1871293 0.1269080 0.1032314 0.1030950 0.0949326 0.1120663 0.0824713 0.1767881 0.0523351 0.1077502 0.1072251 0.2298701 0.0453780 0.1589909 0.1064679 0.0993914 0.0066903 0.1360176 0.0952154 0.1214597 0.1074925 0.1522122 0.1008198 0.1905163 0.1031951 0.1092823 0.1092823 0.1384654 0.0563163 0.1393865 0.1680531 0.1892262 0.0368075 0.1160098 0.0506286 0.0855605 0.1472421 0.1151095 0.1661750 0.1702440 0.1720991 0.1724726 0.0984332 0.0867724 0.2775501 0.1483081 0.1750322 0.1124100 0.1608329 0.1686496 0.1859977 0.1014666 0.1223919 0.1763804 0.0921115 0.1730782 0.0552648 0.1104865 0.1294632 0.1147500 0.1942636 0.0853479 0.1019383 0.1101962 0.1493034 0.1084324 0.1300026 0.1047193 0.0491534 0.1539075 0.2394008 0.1671258 0.1493087 0.0984196 0.1720991 0.0833558 
S0435       0.0000028 0.0549280 0.0000021 0.1049394 0.0000000 0.0921448 0.1392769 0.1432461 0.0476363 0.0740108 0.1559899 0.0659001 0.1167811 0.0137829 0.0349878 0.0546268 0.0311744 0.0223225 0.0000025 0.0000021 0.0000028 0.0935160 0.0246267 0.1082998 0.0847271 0.0820390 0.1446709 0.0069605 0.0216180 0.1084615 0.0833285 0.1243945 0.0000024 0.1414771 0.1087792 0.0842676 0.0714922 0.0469171 0.0830955 0.0669258 0.0624421 0.1593298 0.0526600 0.1137938 0.1185382 0.0143560 0.1297732 0.0394574 0.0464326 0.0069270 0.0475231 0.1313046 0.0359325 0.0570863 0.0564457 0.0227390 0.0485751 0.0144446 0.0254110 0.0897933 0.0657686 0.0375010 0.0143222 0.1104999 0.1101988 0.0406177 0.0299901 0.0867198 0.0613938 0.1127408 0.1014685 0.0216464 0.0661728 0.0715188 0.0556381 0.0067832 0.0550391 0.0000023 0.0913718 0.0071825 0.0843095 0.1189442 0.0698743 0.0831614 0.0908759 0.0442255 0.1014410 0.0334990 0.1815523 0.0385445 0.0000025 0.0504800 0.0000024 0.0965089 0.0760169 0.0310974 0.0722435 0.0825658 0.0595595 0.0775793 0.0332075 0.0549696 0.2023386 0.0761197 0.0709428 0.0339635 0.0069857 0.0534902 0.0478788 0.0488036 0.0636262 0.0921169 0.0510204 0.0719025 0.0000024 0.1053548 0.0000028 0.0630467 0.0817160 0.1360743 0.0227237 0.0466199 0.0247943 0.0811038 0.0513867 0.1432461 0.0421513 0.0074150 0.0373637 0.1572727 0.2049236 0.0321225 0.0931142 0.0637436 0.0903324 0.1165587 0.0935674 0.0659168 0.0364801 0.0638311 0.0000025 0.0532986 0.0634161 0.0301677 0.0160449 0.1029659 0.0082177 0.0834486 0.0243976 0.1432461 0.0985566 0.0448640 0.0226874 0.0496809 0.0991579 0.1021748 0.0635774 0.0974888 0.0000028 0.0964990 0.0485615 0.1769039 0.0474079 0.1220268 0.1220268 0.0785206 0.0618311 0.0690553 0.0223153 0.0211684 0.1367663 0.0523465 0.0078635 0.0908793 0.1501378 0.0549508 0.0479319 0.1024775 0.1322942 0.0210367 0.0654499 0.0502083 0.1983561 0.0068867 0.0138345 0.0865517 0.0067592 0.1295427 0.1547058 0.0464967 0.0981914 0.0764165 0.0766673 0.0160637 0.0319095 0.0576186 0.1002540 0.0838189 0.1157603 0.0622784 0.0499909 0.0551279 0.0826856 0.0838637 0.0934526 0.0543548 0.0080193 0.0000025 0.0459128 0.1137381 0.0000028 0.0816057 0.1322942 0.0663446 
SRR8528391  0.0848867 0.1546109 0.0909268 0.1961573 0.0921448 0.0000000 0.1666228 0.1832024 0.1244911 0.1345714 0.2115680 0.1136365 0.1857485 0.1523389 0.0949067 0.1188598 0.0898010 0.0789432 0.0897942 0.0996615 0.0860277 0.1262589 0.0793114 0.1432823 0.1419619 0.0351259 0.1850406 0.0843558 0.1037525 0.1848424 0.1481325 0.1713616 0.0952180 0.1908768 0.2107737 0.1501944 0.1129677 0.0967185 0.1429520 0.1328081 0.0686515 0.1624393 0.0979911 0.1547306 0.1957292 0.1575675 0.1354966 0.1682273 0.0621719 0.1448511 0.0979212 0.2447989 0.1868661 0.1107598 0.1194969 0.1100708 0.1813679 0.0871056 0.0792372 0.1035115 0.1220867 0.1175319 0.0944297 0.1374047 0.1873263 0.0919783 0.1152780 0.1462455 0.1465821 0.1467061 0.1346378 0.0940738 0.0967507 0.1440148 0.1327632 0.1406420 0.1396064 0.0877567 0.1458770 0.1514115 0.1108696 0.1544584 0.1342180 0.1561951 0.1304825 0.1189912 0.1775934 0.0763884 0.2092834 0.0973719 0.1025853 0.1185662 0.0951047 0.1529236 0.1289563 0.0890858 0.1242013 0.0848045 0.1157724 0.1020880 0.0963895 0.1310738 0.1989418 0.2486737 0.1590884 0.0772057 0.1053638 0.1397767 0.0983314 0.0368662 0.2410781 0.1264909 0.0383471 0.1084692 0.0934029 0.1476181 0.0952180 0.1016082 0.1371133 0.1598921 0.1211223 0.1655541 0.0575975 0.1281021 0.0974951 0.1832024 0.0963639 0.0847682 0.1474254 0.2144646 0.1996722 0.0856871 0.1579926 0.0950367 0.1872017 0.1918552 0.0883721 0.0941752 0.1579841 0.0841629 0.1002330 0.1544120 0.1352474 0.0514204 0.0683655 0.1411564 0.0624804 0.1093001 0.0401216 0.1952403 0.1607107 0.0954716 0.0895330 0.1545022 0.1740690 0.1332740 0.1357332 0.1688696 0.1045301 0.1712139 0.0903347 0.2140576 0.1244884 0.1681156 0.1681156 0.1372722 0.0869225 0.1767141 0.1632114 0.1658031 0.1658618 0.0076289 0.0493223 0.1245572 0.1485452 0.1060782 0.1424951 0.1360841 0.1507436 0.1642816 0.1245977 0.0984807 0.2428730 0.1437527 0.1529373 0.1130125 0.1193544 0.1477791 0.1600184 0.1100962 0.1621315 0.0285522 0.1508806 0.1325905 0.0926198 0.1104218 0.1123335 0.1179865 0.1201051 0.0965324 0.1147819 0.1314410 0.0349481 0.1199107 0.1325295 0.0940631 0.0313381 0.1332697 0.1585233 0.1269799 0.1294987 0.1347996 0.1507436 0.1270851 
S0732       0.1317264 0.2219010 0.1288665 0.2528053 0.1392769 0.1666228 0.0000000 0.2415491 0.1579715 0.2121302 0.1395107 0.1383575 0.2622791 0.1899099 0.1350923 0.1767769 0.1474401 0.1056721 0.1274773 0.1122056 0.1463818 0.2325324 0.1100105 0.2329254 0.2045399 0.1540091 0.2443241 0.1193255 0.1628705 0.2294676 0.2246323 0.2597730 0.1444149 0.0308016 0.2518438 0.1763011 0.1421761 0.1203653 0.1952488 0.1895910 0.0976053 0.2866005 0.1301378 0.2607986 0.2522244 0.1965584 0.2515088 0.2185810 0.1138858 0.1692175 0.1961784 0.2910969 0.2386263 0.2044971 0.1810963 0.1851687 0.2338188 0.1131630 0.1023947 0.1398823 0.1827036 0.1122065 0.1652669 0.2051151 0.3010277 0.1207253 0.1923184 0.1847713 0.2138663 0.2095104 0.1875117 0.1422924 0.1538618 0.1738550 0.1820057 0.1848191 0.2362976 0.1368813 0.1638203 0.1777742 0.1361946 0.2660945 0.2430966 0.2309325 0.1750973 0.1607214 0.2892072 0.1163286 0.0648763 0.1587603 0.1667233 0.1878464 0.1442262 0.2043911 0.1904802 0.1302703 0.2294255 0.2082075 0.1491323 0.1723055 0.1452778 0.1800069 0.1398576 0.2382099 0.2071059 0.1178682 0.1210130 0.2048704 0.1677080 0.1825060 0.2378770 0.2547877 0.1135185 0.1170053 0.1414065 0.2070547 0.1444149 0.1403838 0.2157844 0.2347217 0.1913087 0.2230381 0.1325979 0.1259390 0.1593988 0.2415491 0.1540968 0.0894906 0.2175736 0.2821988 0.0986789 0.1273662 0.2143673 0.1876550 0.2317182 0.2219405 0.1837208 0.1416254 0.2167858 0.1812597 0.1276483 0.1701742 0.2159166 0.1594064 0.0922871 0.1052088 0.0860186 0.1254982 0.1891402 0.2381486 0.2341249 0.1929630 0.0833303 0.1505881 0.1993754 0.2440400 0.2169405 0.2916604 0.1565835 0.2905442 0.1431640 0.2931671 0.1576266 0.2540206 0.2540206 0.1923088 0.0950303 0.1773402 0.2134265 0.1787710 0.2461999 0.0838549 0.0820675 0.2033869 0.2860885 0.1987553 0.1794503 0.2260336 0.1374113 0.1940460 0.1960296 0.1542977 0.2669121 0.1806258 0.1906992 0.1666627 0.1600935 0.1578580 0.3183333 0.1667476 0.1808881 0.1534954 0.1935159 0.1137368 0.0987660 0.2162266 0.1429148 0.1279109 0.2888487 0.1446142 0.1494582 0.1965894 0.1582302 0.1586312 0.2634565 0.1725153 0.0710168 0.1515685 0.2345281 0.2668815 0.1717876 0.1514490 0.1374113 0.1658861 
S0735       0.1359418 0.1784985 0.1119906 0.2166268 0.1432461 0.1832024 0.2415491 0.0000000 0.1590941 0.1367753 0.1557913 0.1810130 0.3064293 0.2056650 0.2019904 0.1646487 0.1185672 0.1360574 0.1443426 0.1319655 0.1503561 0.1084324 0.0796879 0.1649488 0.1761534 0.2003709 0.0000024 0.1608776 0.1861940 0.1908311 0.2014921 0.1844945 0.1483919 0.2551190 0.2398628 0.2601734 0.1772606 0.1721487 0.1693032 0.2050836 0.0789577 0.1856667 0.1402911 0.1825908 0.2443373 0.2125898 0.1873319 0.1984239 0.0717461 0.1982059 0.1388506 0.2676104 0.2452698 0.2179083 0.1758187 0.1828513 0.2126334 0.1621146 0.1262541 0.1292597 0.1957132 0.1826687 0.1843972 0.1510865 0.1722488 0.1229786 0.1932716 0.1601486 0.1690074 0.1678330 0.1572306 0.1607228 0.1316834 0.1911202 0.1551657 0.1919022 0.1854303 0.1527156 0.1190691 0.1943737 0.1597398 0.1510001 0.1557225 0.2567214 0.1853385 0.1963669 0.1627678 0.1070909 0.2602202 0.1495409 0.1393432 0.1169173 0.1365686 0.1328459 0.1721200 0.1079738 0.1679166 0.1702888 0.1618728 0.1800956 0.1689096 0.1646487 0.2912354 0.2197621 0.1700815 0.1076466 0.1371220 0.1999493 0.1514862 0.1465827 0.2396298 0.1446241 0.1783522 0.1696800 0.1453820 0.1535743 0.1483919 0.1256698 0.1729675 0.2708855 0.2095885 0.1940233 0.0859166 0.1208796 0.1463693 0.0000010 0.1414094 0.1001111 0.2268276 0.0436389 0.2688915 0.0849993 0.2331234 0.1545305 0.2126516 0.2543832 0.1321445 0.1572212 0.1876542 0.1468487 0.1314601 0.1628200 0.2055495 0.1614334 0.1134728 0.1359048 0.0962232 0.1986183 0.1372721 0.0066055 0.2217205 0.1377985 0.1611738 0.1899391 0.2078536 0.2341955 0.2064426 0.1778883 0.1587359 0.2464110 0.1556375 0.1762154 0.1583777 0.1809304 0.1809304 0.2146973 0.0981905 0.2624102 0.1757006 0.1921473 0.2103510 0.0942936 0.0898910 0.1475511 0.1527977 0.1817664 0.1718468 0.1923724 0.1674539 0.1940751 0.1627217 0.1215037 0.2444829 0.1965616 0.2064998 0.1764836 0.1673143 0.1641285 0.1874762 0.1675835 0.2357190 0.1702622 0.1770415 0.1794982 0.1038746 0.1537751 0.1494082 0.1322574 0.1709104 0.1544724 0.1488747 0.1651057 0.1990298 0.2119255 0.1579207 0.1185028 0.0772396 0.1705911 0.1811900 0.1763979 0.1789351 0.1158839 0.1674539 0.1517551 
SRR8528388  0.0401565 0.0073441 0.0336924 0.1009565 0.0476363 0.1244911 0.1579715 0.1590941 0.0000000 0.0726139 0.2064928 0.0254079 0.0849711 0.0953358 0.0782882 0.0000028 0.0148985 0.0495150 0.0506827 0.0411976 0.0497592 0.1101934 0.0338690 0.0930239 0.1191867 0.1366930 0.1607401 0.0579235 0.0839257 0.1132046 0.0374664 0.0981086 0.0491517 0.1707466 0.0782211 0.0740874 0.0160928 0.0388021 0.0245248 0.0558743 0.0429685 0.1597479 0.0580136 0.0938333 0.1109245 0.0990160 0.0971341 0.1347645 0.0452889 0.0874861 0.0220401 0.1375835 0.1272699 0.0554804 0.0000024 0.0843076 0.1337278 0.0380214 0.0529615 0.0823465 0.0749136 0.0774665 0.0727383 0.1110782 0.1295646 0.0314151 0.0742641 0.0963091 0.0069885 0.1023079 0.0614998 0.0547883 0.0751228 0.0381159 0.0000024 0.0854332 0.1218502 0.0319923 0.0718446 0.0914058 0.0514978 0.1131602 0.0069885 0.0629725 0.1036727 0.1009267 0.1038533 0.0156319 0.1819086 0.0744912 0.0889269 0.0153657 0.0399109 0.0731536 0.0472217 0.0227281 0.0369533 0.0457534 0.0000027 0.0393328 0.0619870 0.0000024 0.2047489 0.1350171 0.0794058 0.0160302 0.0578289 0.0220673 0.0657838 0.0778493 0.1488554 0.0951925 0.0239875 0.0242045 0.0482465 0.1241716 0.0398454 0.0079760 0.0222277 0.0304456 0.0840481 0.0857871 0.0078088 0.0957901 0.0239548 0.1590941 0.0000020 0.0508790 0.1252907 0.1459907 0.2452822 0.0157555 0.0373920 0.0376792 0.0144925 0.0870552 0.1156078 0.0352104 0.1420091 0.0294701 0.0511676 0.0165332 0.0452571 0.0647846 0.0432600 0.1191185 0.0260741 0.0158223 0.0639574 0.1711109 0.1043991 0.0937030 0.0577022 0.0246552 0.0924134 0.0457250 0.0294292 0.1043698 0.0488503 0.0616580 0.0305768 0.1622495 0.0000025 0.0963109 0.0963109 0.0074405 0.0491285 0.0404059 0.1126615 0.1068876 0.0940869 0.0842104 0.0247321 0.0889896 0.1455746 0.0371474 0.0879115 0.0374038 0.1532403 0.0957295 0.0381811 0.0000025 0.2819762 0.0760120 0.0957295 0.0165260 0.0953358 0.1625171 0.1440263 0.0000028 0.0432533 0.0984528 0.0755045 0.0856554 0.0314360 0.0147103 0.1025716 0.0967225 0.1268959 0.0076317 0.0000025 0.0000024 0.0915156 0.0242895 0.1040209 0.0167087 0.0238577 0.0870779 0.1198291 0.1143442 0.0854332 0.0626935 0.1532403 0.0590961 
SRR8528338  0.0759291 0.0703966 0.0718310 0.0982468 0.0740108 0.1345714 0.2121302 0.1367753 0.0726139 0.0000000 0.2207405 0.0923503 0.1525649 0.1326107 0.0850580 0.0615151 0.0286352 0.0649762 0.0802702 0.0673649 0.0773697 0.0866519 0.0235174 0.0946372 0.0988725 0.1490380 0.1380619 0.0788935 0.1181755 0.1086584 0.0858591 0.0627470 0.0764194 0.2094277 0.1564929 0.1430039 0.0903172 0.0778890 0.1087255 0.1001687 0.0402739 0.1479501 0.0221113 0.0983521 0.1181038 0.1372897 0.1301561 0.1633117 0.0634652 0.1250474 0.0521790 0.1330510 0.1657400 0.0995865 0.0789256 0.1030525 0.1765126 0.0634198 0.0937539 0.0602703 0.1225830 0.1125531 0.1004310 0.1047353 0.1115863 0.0297577 0.1223046 0.0910342 0.0762327 0.1457145 0.1322404 0.0814202 0.0944222 0.1037214 0.0710812 0.1214982 0.1863335 0.0571784 0.0796347 0.1306421 0.0572352 0.1039275 0.0582812 0.1259188 0.1102537 0.1105993 0.0884852 0.0149018 0.2204796 0.1126680 0.0886365 0.0218771 0.0668325 0.0611442 0.1077675 0.0212270 0.0668414 0.0778396 0.0831617 0.0928948 0.1012052 0.0702467 0.1802881 0.1604689 0.0675375 0.0150879 0.0860531 0.0787569 0.1139198 0.0760765 0.1905801 0.0875925 0.0580327 0.1090436 0.0749909 0.1203367 0.0645392 0.0704001 0.0781801 0.1691842 0.1395394 0.1452423 0.0226118 0.0838768 0.0795577 0.1367753 0.0752193 0.0574662 0.1559306 0.1219624 0.2115391 0.0072857 0.1349862 0.0956910 0.1173329 0.1458164 0.1117645 0.0952161 0.1455035 0.0603200 0.0803680 0.0929101 0.0937165 0.0727458 0.0731455 0.1524242 0.0437129 0.0985985 0.0633087 0.1473561 0.0993727 0.1026272 0.0842305 0.0767052 0.0999436 0.1064427 0.0939901 0.0965656 0.0853945 0.1054288 0.0710602 0.1401671 0.0634514 0.0617206 0.0617206 0.0929781 0.0222740 0.1257103 0.1418474 0.1453055 0.1134140 0.0651384 0.0239083 0.0845013 0.1134562 0.0590039 0.1246076 0.0851216 0.1486606 0.1440007 0.0608730 0.0491051 0.1874231 0.1098318 0.1331342 0.1020767 0.1210225 0.1456361 0.1666902 0.0624332 0.1359638 0.0979950 0.0425969 0.1154301 0.0387183 0.0618394 0.1095142 0.0940785 0.1276152 0.0767763 0.0733209 0.0704396 0.0895188 0.1211997 0.1075552 0.0832505 0.0151273 0.1140462 0.1880479 0.1149878 0.1108621 0.0704954 0.1486606 0.0650078 
S0308       0.1483557 0.2505693 0.1331000 0.3066276 0.1559899 0.2115680 0.1395107 0.1557913 0.2064928 0.2207405 0.0000000 0.1544121 0.3085943 0.2075714 0.1803444 0.1950495 0.2007891 0.1550852 0.1186102 0.1279357 0.1642616 0.2499531 0.1229403 0.2948044 0.2544295 0.1971950 0.1449809 0.1350356 0.1957794 0.2965211 0.2675017 0.3026288 0.1488955 0.1308940 0.3236515 0.2220668 0.1491371 0.1270701 0.2148372 0.2249987 0.1372406 0.3219153 0.1970919 0.2817793 0.3417499 0.1755224 0.2623817 0.2000507 0.1270897 0.1998246 0.2289440 0.3730263 0.2584981 0.2390794 0.2288116 0.2219978 0.2148858 0.1508157 0.1083316 0.2199481 0.1895406 0.1814951 0.1833078 0.2492573 0.3607908 0.1746075 0.2120855 0.2789974 0.2337005 0.2213276 0.2075105 0.1589589 0.1838275 0.2191514 0.2007803 0.2020339 0.2080552 0.1534599 0.2733781 0.1958770 0.2196579 0.3116961 0.2645137 0.2735719 0.2592478 0.1761669 0.3483580 0.1677998 0.1654806 0.1411790 0.2024914 0.1880219 0.1617627 0.2860180 0.2599630 0.1673332 0.2818898 0.2477915 0.2104107 0.2197249 0.1498353 0.2155971 0.2190916 0.2351068 0.2852332 0.1868091 0.1370461 0.2339647 0.1459260 0.2168797 0.2892462 0.2348137 0.1977805 0.1471578 0.1584824 0.2463066 0.1619821 0.1872254 0.2360392 0.2414366 0.2290734 0.2327797 0.1591689 0.2156449 0.1917334 0.1557913 0.1870270 0.0921846 0.2270060 0.2143052 0.1997494 0.1552996 0.2907489 0.2348730 0.2527601 0.2596053 0.1956658 0.1443928 0.2265231 0.2269124 0.1318078 0.1874854 0.2667840 0.2033760 0.1220324 0.2079606 0.1116181 0.1873811 0.2113746 0.1677987 0.3225881 0.1261966 0.1300984 0.1680200 0.2972094 0.2655479 0.2681798 0.2875332 0.1731159 0.3072034 0.2018102 0.3389636 0.2094979 0.2958373 0.2958373 0.2263834 0.1693635 0.1900336 0.2142379 0.1672776 0.3360376 0.1397413 0.1366945 0.2529896 0.2993916 0.2475044 0.1954696 0.2923674 0.2123567 0.2120174 0.2755436 0.1727484 0.2747315 0.1980972 0.1811925 0.1848830 0.1760781 0.2053735 0.3676925 0.1988664 0.2411798 0.2127695 0.2210386 0.1895491 0.1485680 0.2513114 0.2472409 0.2313924 0.3023342 0.1895269 0.1946973 0.2162334 0.2296452 0.1757866 0.1886533 0.1470108 0.0936783 0.1537482 0.2212352 0.2463485 0.1883234 0.2570485 0.2123567 0.2380658 
S0305       0.0567602 0.0340757 0.0703597 0.0915315 0.0659001 0.1136365 0.1383575 0.1810130 0.0254079 0.0923503 0.1544121 0.0000000 0.0623790 0.0752873 0.0864672 0.0334561 0.0340146 0.0537378 0.0591178 0.0480563 0.0678412 0.1228018 0.0359364 0.1155771 0.0972468 0.1284777 0.1810130 0.0673243 0.0815004 0.0923325 0.0326496 0.0727717 0.0671234 0.1400670 0.0160675 0.0751574 0.0169750 0.0000026 0.0000020 0.0427360 0.0371449 0.1856107 0.0250068 0.0939052 0.0912824 0.0752873 0.1132921 0.0975252 0.0824644 0.0772696 0.0331214 0.1186517 0.1215567 0.0247109 0.0246812 0.0723932 0.1101858 0.0335347 0.0356069 0.0552176 0.0529067 0.0623404 0.0612724 0.1001798 0.1608242 0.0257860 0.0834905 0.0629355 0.0507956 0.1065040 0.0713448 0.0517928 0.0516157 0.0536241 0.0337859 0.0982265 0.1381786 0.0471170 0.0820295 0.0795433 0.0653566 0.1272250 0.0504567 0.0409714 0.0837142 0.0989005 0.1296433 0.0263796 0.1364768 0.0843909 0.0779812 0.0448370 0.0676371 0.0722169 0.0434094 0.0342084 0.0503765 0.0503765 0.0258280 0.0342827 0.0480670 0.0336777 0.1497872 0.1288992 0.1011259 0.0373648 0.0676110 0.0455856 0.0522501 0.0648009 0.1567461 0.1050014 0.0352148 0.0000021 0.0663950 0.1080359 0.0558492 0.0085494 0.0417483 0.0830600 0.0750845 0.0858250 0.0167676 0.0728631 0.0000023 0.1810130 0.0170079 0.0363437 0.0942703 0.1799495 0.1409898 0.0466240 0.0415251 0.0419590 0.0519652 0.0413464 0.1254986 0.0000030 0.1376320 0.0414275 0.0591969 0.0086444 0.0325058 0.0521733 0.0479790 0.0858810 0.0386344 0.0081717 0.0489926 0.1810130 0.1062769 0.0937637 0.0440906 0.0344777 0.0816897 0.0506969 0.0242076 0.0828854 0.0579191 0.0659337 0.0341652 0.1323285 0.0161857 0.0713999 0.0713999 0.0467821 0.0540287 0.0160745 0.1322034 0.0867809 0.1074451 0.0586742 0.0271501 0.0690832 0.1488552 0.0326052 0.0729097 0.0509371 0.0816596 0.0863691 0.0502965 0.0352699 0.2193012 0.0651092 0.0752873 0.0000023 0.0977762 0.1032785 0.1630207 0.0248419 0.0000025 0.0972685 0.0613991 0.0690629 0.0351179 0.0434246 0.0917634 0.0622075 0.1123328 0.0000022 0.0256498 0.0337860 0.0697766 0.0000022 0.1050366 0.0083788 0.0173478 0.0767784 0.1553846 0.0938493 0.0866669 0.0714690 0.0816596 0.0562008 
SRR8528336  0.1094445 0.1128374 0.1186370 0.1654888 0.1167811 0.1857485 0.2622791 0.3064293 0.0849711 0.1525649 0.3085943 0.0623790 0.0000000 0.1737246 0.1353237 0.0813399 0.0738047 0.1125880 0.1033518 0.1023136 0.1224916 0.1792854 0.0919149 0.1775358 0.1533704 0.2030773 0.2912569 0.1209242 0.1489567 0.1548252 0.0917143 0.1421774 0.0984772 0.2490508 0.1781583 0.1092550 0.1153972 0.0780030 0.1038030 0.0876133 0.1057162 0.2307625 0.0745598 0.1585137 0.1563068 0.1797094 0.1488233 0.1593472 0.1107505 0.1661183 0.0810397 0.2094139 0.1929203 0.0611251 0.0817407 0.1333256 0.1710860 0.0720137 0.0924502 0.1782429 0.1104531 0.1437087 0.1178712 0.1527842 0.2202689 0.0568156 0.1201040 0.1362136 0.1180545 0.1760818 0.1162182 0.0980871 0.1362863 0.0800513 0.0930498 0.1691231 0.2044535 0.0897623 0.1517769 0.1612094 0.1229799 0.1896697 0.1161919 0.0893468 0.1579791 0.1474073 0.1785981 0.0500339 0.2603634 0.1452156 0.1401517 0.0760967 0.1207490 0.1407275 0.0917548 0.0730248 0.0697382 0.0864821 0.0862748 0.0841617 0.1037571 0.0919024 0.2638508 0.2037830 0.1396813 0.0507172 0.1320061 0.0812879 0.0953834 0.1248373 0.2210490 0.1462570 0.0865063 0.0820602 0.1077086 0.1521639 0.1084852 0.0857476 0.1060675 0.1578405 0.1384585 0.1904925 0.0691732 0.1470402 0.0818398 0.3064293 0.0780748 0.0971836 0.1680606 0.2709511 0.2689813 0.0590441 0.1325655 0.0893317 0.1556643 0.1402924 0.1706370 0.0977003 0.2246126 0.0871791 0.1034835 0.1118194 0.0612492 0.0987362 0.0939198 0.1845030 0.0855468 0.1011768 0.1144372 0.3220726 0.1531907 0.1409771 0.1029413 0.0781353 0.1449330 0.0987445 0.0786920 0.1644214 0.1308937 0.0565465 0.0637399 0.3108186 0.0850152 0.1395378 0.1395378 0.0895790 0.0964095 0.1076217 0.1811223 0.1884420 0.1712329 0.1053007 0.0706108 0.1257102 0.2073122 0.0891439 0.1471803 0.1405869 0.1841609 0.1866255 0.1099323 0.0896963 0.4178971 0.1507764 0.1661530 0.0851954 0.1684543 0.2063005 0.2562821 0.0730537 0.1200632 0.1584927 0.0967966 0.1365547 0.0660031 0.0926385 0.1480171 0.1360568 0.2066567 0.0711725 0.0663713 0.0921620 0.1262764 0.0969302 0.1632808 0.1002554 0.0503788 0.1494727 0.2308342 0.1476899 0.1569185 0.1403076 0.1841609 0.1169276 
S0301       0.0140910 0.1181340 0.0074135 0.1743227 0.0137829 0.1523389 0.1899099 0.2056650 0.0953358 0.1326107 0.2075714 0.0752873 0.1737246 0.0000000 0.0535245 0.0895809 0.0865742 0.0543059 0.0072354 0.0072029 0.0070569 0.1426899 0.0704582 0.1798394 0.1261502 0.1404013 0.2078336 0.0141169 0.0442408 0.1802051 0.1238081 0.1652575 0.0141603 0.1781909 0.1546279 0.1360414 0.1024461 0.0558543 0.1025214 0.1240277 0.0717843 0.2299331 0.1016022 0.1845028 0.1912729 0.0138317 0.1957936 0.0551424 0.0892349 0.0066824 0.1054978 0.1945875 0.0350628 0.1122261 0.1049701 0.0365175 0.0645602 0.0449531 0.0616497 0.1390274 0.1231993 0.0795194 0.0692719 0.1837754 0.1529015 0.0673250 0.0884927 0.1600986 0.1193235 0.1741554 0.1604429 0.0690080 0.1123910 0.1241475 0.1039773 0.0203861 0.0708637 0.0144857 0.1562400 0.0069203 0.1268878 0.1925740 0.1293206 0.1189081 0.1488539 0.0529268 0.1436576 0.0698673 0.2219243 0.0816398 0.0214878 0.1008927 0.0141472 0.1639034 0.1400498 0.0743530 0.1332133 0.1413146 0.1111099 0.1439757 0.0790678 0.1026722 0.2596933 0.0948836 0.1169319 0.0816350 0.0215326 0.0992949 0.0731893 0.1044657 0.0795267 0.1575868 0.0894727 0.0911659 0.0139328 0.1764092 0.0141603 0.0923213 0.1205097 0.1763535 0.0294515 0.0620000 0.0728719 0.1312359 0.0882990 0.2056650 0.0815991 0.0384105 0.0603948 0.2369521 0.2730072 0.0775154 0.1454444 0.1236009 0.1429090 0.1570943 0.1612492 0.0971161 0.0511384 0.1193268 0.0072422 0.0853537 0.1227914 0.0803924 0.0329891 0.1668901 0.0253604 0.1043963 0.0791318 0.1932925 0.1677651 0.0962632 0.0545527 0.0859455 0.1693019 0.1698494 0.1232277 0.1425310 0.0140878 0.1765845 0.0851120 0.2156136 0.0858418 0.1621011 0.1621011 0.1249822 0.0898224 0.1216776 0.0371994 0.0204044 0.2155215 0.0815306 0.0242453 0.1553896 0.2206195 0.1099277 0.0615937 0.1660778 0.1920678 0.0202823 0.1266087 0.0682851 0.2317212 0.0066461 0.0133464 0.1053956 0.0203120 0.1729308 0.2352463 0.0808670 0.1115405 0.1365483 0.1251260 0.0320953 0.0763166 0.1189943 0.1606575 0.1352028 0.1872948 0.0908360 0.0997293 0.1029635 0.1415257 0.1138999 0.1600317 0.0833850 0.0417490 0.0067062 0.0612459 0.1602253 0.0133638 0.1444738 0.1920678 0.1230025 
S0300       0.0349878 0.0855209 0.0189639 0.1473992 0.0349878 0.0949067 0.1350923 0.2019904 0.0782882 0.0850580 0.1803444 0.0864672 0.1353237 0.0535245 0.0000000 0.0857133 0.0548954 0.0439377 0.0276804 0.0275821 0.0271438 0.1159016 0.0716432 0.1459076 0.1333503 0.0689535 0.2044315 0.0266750 0.0514455 0.1352690 0.1057594 0.1414654 0.0267809 0.1494199 0.1259674 0.0963243 0.1069635 0.0953309 0.1056386 0.1094662 0.0912094 0.1714303 0.0689407 0.1471870 0.1331692 0.0440005 0.1670041 0.0647640 0.0744463 0.0450792 0.0541204 0.1821571 0.0629535 0.0865759 0.0748857 0.0345278 0.0760305 0.0339550 0.0603579 0.0729337 0.0861651 0.0620541 0.0517520 0.1280905 0.1139927 0.0676810 0.0725810 0.0968096 0.0931822 0.1703785 0.1281237 0.0423798 0.1101041 0.0931678 0.0876145 0.0438429 0.1134477 0.0268294 0.1061922 0.0466860 0.0565825 0.1608000 0.0927585 0.1064706 0.1056998 0.0164198 0.0914220 0.0585008 0.1971602 0.0639968 0.0259328 0.0788772 0.0267494 0.0971065 0.0984924 0.0545676 0.0722147 0.0838464 0.0772401 0.0878015 0.0681580 0.0863709 0.1821140 0.0794930 0.0707577 0.0590979 0.0253516 0.0987912 0.0758507 0.0536850 0.1007541 0.1234657 0.0464011 0.0925911 0.0352285 0.1399442 0.0265959 0.1007385 0.1202075 0.1437138 0.0441214 0.0725468 0.0586639 0.1067996 0.0842982 0.2019904 0.0686299 0.0467418 0.0419754 0.2027283 0.1933802 0.0687650 0.1179772 0.0944824 0.1308448 0.1230451 0.1366076 0.1043244 0.0645017 0.0727298 0.0279676 0.0875722 0.0724178 0.0523828 0.0177777 0.1079873 0.0084756 0.1052651 0.0477262 0.2019904 0.1067466 0.0728541 0.0438856 0.0796520 0.1242114 0.1164158 0.0828512 0.1340783 0.0268413 0.1111929 0.0653753 0.1915946 0.0766576 0.1384065 0.1384065 0.0873741 0.0569562 0.0863967 0.0682483 0.0641484 0.1487027 0.0610334 0.0267635 0.1039508 0.1843528 0.0624913 0.0636465 0.1177479 0.1455252 0.0635957 0.0855211 0.0814364 0.1625542 0.0444336 0.0537666 0.0995409 0.0436465 0.1287700 0.1703585 0.0760206 0.1259602 0.0619593 0.0968369 0.0082154 0.0555886 0.0527533 0.1039517 0.0956689 0.1470662 0.0823583 0.0673468 0.0866538 0.0626671 0.1091835 0.1364745 0.0993948 0.0377107 0.0354760 0.1003121 0.1337817 0.0344577 0.0946116 0.1455252 0.0744909 
S1096       0.0473568 0.0071241 0.0417669 0.1098901 0.0546268 0.1188598 0.1767769 0.1646487 0.0000028 0.0615151 0.1950495 0.0334561 0.0813399 0.0895809 0.0857133 0.0000000 0.0220647 0.0462440 0.0580529 0.0485582 0.0570174 0.1151850 0.0331110 0.1099674 0.1259888 0.1303612 0.1663106 0.0650211 0.0786088 0.1210525 0.0443641 0.1036570 0.0563352 0.1871573 0.0951052 0.0803077 0.0156140 0.0268282 0.0405880 0.0539565 0.0509232 0.1781801 0.0562045 0.0906222 0.1309289 0.0929186 0.1040806 0.1257276 0.0642154 0.0820830 0.0290138 0.1470604 0.1196331 0.0532641 0.0068045 0.0807001 0.1248164 0.0447457 0.0511283 0.0907973 0.0717525 0.0815973 0.0697573 0.1181188 0.1248130 0.0384864 0.0711715 0.1033028 0.0067878 0.1297744 0.0682081 0.0526246 0.0811095 0.0450905 0.0000021 0.0899354 0.1154075 0.0393016 0.0983706 0.0855694 0.0682930 0.1305419 0.0067886 0.0604642 0.1206213 0.1078838 0.1002423 0.0232076 0.1982868 0.0809298 0.0756574 0.0148837 0.0470768 0.0891776 0.0542618 0.0297306 0.0437592 0.0439985 0.0071251 0.0465357 0.0592376 0.0000024 0.1774401 0.1266667 0.0770302 0.0237164 0.0653387 0.0213155 0.0724121 0.0744357 0.1394769 0.0918953 0.0313462 0.0318949 0.0553170 0.1307461 0.0469927 0.0078091 0.0214338 0.0292902 0.0804600 0.0802561 0.0155538 0.1023122 0.0153166 0.1646487 0.0072456 0.0395059 0.1196006 0.1517289 0.2303951 0.0152493 0.0524480 0.0446098 0.0140629 0.0736444 0.1225706 0.0343940 0.1333308 0.0283880 0.0585979 0.0162768 0.0520779 0.0621292 0.0512717 0.1241590 0.0343493 0.0234826 0.0517226 0.1764601 0.1111481 0.0799832 0.0547799 0.0151500 0.1118638 0.0526198 0.0363133 0.1111408 0.0559940 0.0481383 0.0374852 0.1667080 0.0000028 0.1018207 0.1018207 0.0146983 0.0566341 0.0477528 0.1055757 0.1003929 0.1137026 0.0712777 0.0325022 0.0955866 0.1611824 0.0361072 0.0821197 0.0442886 0.1453297 0.0995609 0.0451686 0.0000020 0.2791346 0.0713780 0.0899354 0.0244983 0.0895809 0.1541014 0.1626464 0.0000021 0.0515620 0.0939705 0.0706796 0.0801347 0.0388630 0.0219704 0.1180035 0.1132074 0.1447694 0.0151138 0.0070844 0.0000024 0.0876392 0.0320045 0.1131630 0.0163419 0.0316614 0.0817223 0.1124484 0.1210101 0.0802567 0.0885277 0.1453297 0.0661773 
S1095       0.0319557 0.0221023 0.0252341 0.0634086 0.0311744 0.0898010 0.1474401 0.1185672 0.0148985 0.0286352 0.2007891 0.0340146 0.0738047 0.0865742 0.0548954 0.0220647 0.0000000 0.0228369 0.0337134 0.0333301 0.0325334 0.0699841 0.0077147 0.0451035 0.0466679 0.1017459 0.1196903 0.0409044 0.0632723 0.0546080 0.0214269 0.0474896 0.0319393 0.1569299 0.0861402 0.0836245 0.0431151 0.0488260 0.0419259 0.0383116 0.0157545 0.0984289 0.0073833 0.0549470 0.0632385 0.0899747 0.0637926 0.0988878 0.0163697 0.0787065 0.0070211 0.0948589 0.1171798 0.0381062 0.0143999 0.0748799 0.1104548 0.0142052 0.0432244 0.0338048 0.0651219 0.0568484 0.0450823 0.0480602 0.0818575 0.0000020 0.0544770 0.0472993 0.0288048 0.0694944 0.0522165 0.0291349 0.0463556 0.0285874 0.0223214 0.0765632 0.1495610 0.0242576 0.0365847 0.0816245 0.0316804 0.0533097 0.0284134 0.0532873 0.0715802 0.0657602 0.0635517 0.0000023 0.1689283 0.0550432 0.0573108 0.0072312 0.0237063 0.0295946 0.0300255 0.0000021 0.0138251 0.0368915 0.0151187 0.0224488 0.0510384 0.0220647 0.1620163 0.1265945 0.0525317 0.0000027 0.0407345 0.0303533 0.0463924 0.0389178 0.1374790 0.0451933 0.0151353 0.0414343 0.0313660 0.0844199 0.0319387 0.0245750 0.0374337 0.1031386 0.0753765 0.0852002 0.0000027 0.0647266 0.0330753 0.1185672 0.0075802 0.0326535 0.0911169 0.1082934 0.1636171 0.0073272 0.0617351 0.0288506 0.0632482 0.1061547 0.0689197 0.0445023 0.1196427 0.0214009 0.0337515 0.0256556 0.0211512 0.0291579 0.0162781 0.1064013 0.0081907 0.0330222 0.0246453 0.1289349 0.0552119 0.0820900 0.0314490 0.0335255 0.0467524 0.0365228 0.0211838 0.0461464 0.0404448 0.0383746 0.0144381 0.1445468 0.0149220 0.0466973 0.0466973 0.0312965 0.0000025 0.0492213 0.1024042 0.0977742 0.0573890 0.0435699 0.0000020 0.0440207 0.0886381 0.0287539 0.0780985 0.0528868 0.1148546 0.0969313 0.0141833 0.0239086 0.2054446 0.0776040 0.0869335 0.0339777 0.0762480 0.1123511 0.0933016 0.0146469 0.0529971 0.0560493 0.0144687 0.0535760 0.0000024 0.0145570 0.0699242 0.0558940 0.0713122 0.0236661 0.0074033 0.0221286 0.0533606 0.0513466 0.0626703 0.0255923 0.0000028 0.0687900 0.1356454 0.0525890 0.0668895 0.0287523 0.1148546 0.0488251 
S1181-2     0.0228584 0.0668993 0.0241681 0.1083290 0.0223225 0.0789432 0.1056721 0.1360574 0.0495150 0.0649762 0.1550852 0.0537378 0.1125880 0.0543059 0.0439377 0.0462440 0.0228369 0.0000000 0.0240559 0.0239423 0.0232511 0.0716400 0.0160939 0.0772541 0.0727915 0.0695753 0.1374161 0.0311680 0.0355438 0.0981405 0.0738935 0.0985432 0.0229821 0.1048369 0.1227160 0.0811395 0.0619917 0.0368904 0.0704865 0.0638670 0.0245251 0.1243837 0.0414754 0.0763400 0.1080621 0.0564584 0.0872841 0.0641708 0.0347438 0.0469122 0.0472611 0.1470320 0.0808052 0.0545441 0.0476858 0.0544085 0.0740183 0.0068891 0.0328806 0.0786588 0.0542981 0.0216817 0.0356774 0.0597403 0.1032619 0.0228529 0.0522901 0.0882714 0.0633898 0.0919360 0.0916631 0.0207878 0.0634269 0.0715743 0.0575613 0.0457806 0.0959446 0.0155090 0.0726879 0.0488244 0.0515201 0.0869435 0.0720922 0.0800994 0.0933153 0.0533668 0.0944134 0.0155037 0.1402525 0.0453658 0.0379698 0.0518412 0.0228223 0.0769968 0.0760803 0.0144657 0.0633052 0.0704353 0.0502855 0.0672765 0.0402954 0.0568521 0.1626040 0.1007116 0.0520239 0.0157051 0.0310463 0.0641943 0.0548438 0.0299692 0.0963070 0.0647864 0.0316087 0.0511582 0.0225853 0.1051240 0.0229821 0.0437964 0.0725957 0.1205164 0.0543935 0.0534736 0.0161230 0.0835366 0.0603870 0.1360574 0.0421151 0.0000027 0.0691867 0.1498792 0.1627644 0.0235578 0.1029814 0.0637925 0.0931331 0.1409018 0.0593310 0.0554584 0.0823013 0.0529051 0.0240814 0.0661902 0.0634639 0.0367092 0.0155185 0.0825714 0.0000020 0.0709442 0.0240089 0.1472746 0.0786887 0.0697922 0.0000029 0.0319280 0.0890351 0.0820597 0.0636256 0.0865041 0.0308388 0.0960723 0.0302950 0.1644582 0.0495688 0.0967481 0.0967481 0.0694207 0.0244125 0.0691127 0.0665487 0.0636375 0.1141313 0.0426642 0.0000027 0.0635773 0.1116305 0.0532503 0.0381579 0.0898647 0.1457545 0.0631557 0.0382230 0.0325171 0.2230940 0.0466077 0.0545213 0.0633096 0.0296507 0.1427583 0.1194194 0.0383902 0.0983229 0.0547622 0.0472604 0.0319464 0.0073065 0.0572886 0.0874008 0.0741817 0.0944022 0.0504722 0.0410396 0.0570200 0.0530535 0.0704153 0.0857440 0.0444025 0.0000027 0.0384715 0.0951124 0.0740411 0.0375032 0.0634836 0.1457545 0.0806938 
