230
S1102         0.0000000 0.2214088 0.1147213 0.1132884 0.1817046 0.1542428 0.1307508 0.1107435 0.1185262 0.1476492 0.5113487 0.1474397 0.1847158 0.2127158 0.0941845 0.1213669 0.1434982 0.1893213 0.1584147 0.0843065 0.1640597 0.2319655 0.1822999 0.1484154 0.0396671 0.1389637 0.1295309 0.1160111 0.0920437 0.1112389 0.1489210 0.0832927 0.1362947 0.1256923 0.2805581 0.0854166 0.1579628 0.0871682 0.3109924 0.1878009 0.3295445 0.2275181 0.1307716 0.1678684 0.2586591 0.0724116 0.1605441 0.1550837 0.0831679 0.1103363 0.1205556 0.1214570 0.1658171 0.2623467 0.1201783 0.1759306 0.1263182 0.1696096 0.1267184 0.1263182 0.1554898 0.1282380 0.0544097 0.2036485 0.2600450 0.1092856 0.0654766 0.1092162 0.1256923 0.1276011 0.0710424 0.0696122 0.2521915 0.1032208 0.1602342 0.1296931 0.0882403 0.1413049 0.1332482 0.1474238 0.1384801 0.1017936 0.1125409 0.1740494 0.1346951 0.0651978 0.1129603 0.1017936 0.0823548 0.1676133 0.2147797 0.1312097 0.1017999 0.1166556 0.1263182 0.1185262 0.1626357 0.1672071 0.0956553 0.1725792 0.1110627 0.1579628 0.0830546 0.1653202 0.1510663 0.1284086 0.0968912 0.0949899 0.0127232 0.1558785 0.2162831 0.1765212 0.1012699 0.1454469 0.1545193 0.0883918 0.1101847 0.1712337 0.0671161 0.1367478 0.0666101 0.1035632 0.1544537 0.1305912 0.1544860 0.1332305 0.1305753 0.0726676 0.0968912 0.0831859 0.0723864 0.1225417 0.2628237 0.1323739 0.1852100 0.1646942 0.1836320 0.1484109 0.0395297 0.1153640 0.2782927 0.1295314 0.0907407 0.0897176 0.3054381 0.1630141 0.1571187 0.1513102 0.1442292 0.1484195 0.0671161 0.1447140 0.0964333 0.0985210 0.1536470 0.1175008 0.1481800 0.1620344 0.0989072 0.0860154 0.1494327 0.1478928 0.1748897 0.1272286 0.1854945 0.1683764 0.1045958 0.1430325 0.1387604 0.0861308 0.1955418 0.0944719 0.1678244 0.1401560 0.1678244 0.1487057 0.3021719 0.1784103 0.1271485 0.1442292 0.1040951 0.1158402 0.1019714 0.1730881 0.0703565 0.1427765 0.1672071 0.2611399 0.1721856 0.1026448 0.1476492 0.2161072 0.1430252 0.0552601 0.1179279 0.5038856 0.1618353 0.1591833 0.1579485 0.0978522 0.1499613 0.0683457 0.0862576 0.1263182 0.2450110 0.1049905 0.1296549 0.0516419 0.0746918 0.1050876 0.0976078 0.1259738 0.2869845 0.1610576 0.1469147 0.1307716 0.2047909 0.1872717 0.0939427 0.1838404 0.0811951 0.1263182 0.3228441 0.1022698 0.0987685 0.1702962 0.1822582 0.3376176 0.1604866 0.1989677 
S0436         0.2214088 0.0000000 0.1178177 0.1528888 0.1936747 0.1873618 0.1292998 0.1507767 0.1381730 0.1436043 0.6139707 0.1463595 0.1651794 0.1870823 0.1488888 0.1190263 0.1883028 0.2124756 0.2527485 0.1196900 0.1694859 0.3082587 0.2132013 0.1743468 0.1102697 0.1928190 0.2159122 0.1982336 0.0948446 0.1804744 0.2148907 0.0878210 0.1830498 0.1156158 0.2244533 0.1228017 0.1702879 0.1241799 0.3025887 0.0957766 0.2479799 0.0505066 0.1801787 0.1906017 0.2369310 0.0957987 0.1586627 0.1534053 0.1579985 0.1665727 0.1168442 0.1370426 0.1461017 0.1345283 0.1492057 0.1374902 0.1675471 0.2798230 0.1374512 0.1675471 0.2111028 0.1946389 0.0910000 0.0246111 0.2406790 0.1888497 0.1704023 0.1854106 0.1156158 0.1706478 0.1467709 0.1203104 0.2516374 0.1118770 0.1977208 0.1738232 0.1047976 0.1366992 0.1498317 0.1940710 0.1693980 0.1182500 0.1326113 0.1976547 0.1860181 0.1541484 0.1722314 0.1182500 0.1033400 0.1446876 0.2422701 0.1454653 0.1437513 0.1372702 0.1675471 0.1381730 0.1451428 0.1919244 0.1346302 0.1581123 0.1323706 0.1702879 0.1885332 0.2233813 0.2404788 0.1209343 0.1411965 0.1491737 0.1307175 0.1555265 0.1730009 0.2765640 0.1394889 0.1536182 0.1541915 0.1049909 0.1662987 0.1534053 0.1225917 0.2102488 0.1392811 0.1031909 0.1541124 0.1454022 0.1259183 0.2173200 0.1468339 0.1594208 0.1411965 0.1194127 0.1354443 0.1196029 0.1586965 0.1295518 0.1455884 0.1996388 0.1099394 0.1829349 0.1090346 0.1795717 0.1895903 0.1913395 0.1077910 0.1106549 0.2935739 0.2164341 0.1718199 0.1995196 0.2073588 0.2075870 0.1225915 0.2109512 0.1123811 0.1574353 0.1783142 0.1372979 0.1622966 0.1237223 0.1167864 0.1021453 0.1274398 0.1757324 0.1742163 0.1309002 0.1901732 0.1563975 0.1031745 0.2055656 0.1184423 0.1059121 0.1566226 0.1514724 0.2214230 0.2063803 0.2214230 0.2172239 0.2706392 0.1634393 0.1314686 0.2073588 0.1324160 0.1766624 0.1194062 0.1676747 0.0890563 0.1874442 0.0953234 0.1736396 0.1700424 0.0880130 0.1436043 0.1345283 0.1878059 0.1098454 0.1346727 0.4283142 0.1882284 0.2055656 0.1008491 0.1379152 0.1459933 0.1215814 0.1289651 0.1675471 0.1423869 0.1219891 0.1266662 0.1206615 0.0806366 0.1469205 0.1631726 0.2059294 0.2931277 0.1200949 0.1810880 0.1798966 0.2640826 0.2118673 0.1473889 0.2164341 0.2145907 0.1675471 0.1108026 0.1198641 0.1404044 0.1647924 0.1156084 0.6141578 0.1668479 0.2488995 
S0435         0.1147213 0.1178177 0.0000000 0.0958497 0.2698516 0.1345897 0.1233472 0.1305505 0.0827749 0.0506343 0.5104355 0.0914431 0.0521232 0.2191544 0.0784730 0.0656719 0.0801668 0.1160578 0.1078010 0.0666879 0.0794212 0.2109496 0.0944708 0.1141301 0.0257886 0.0810747 0.0961193 0.0985056 0.0401992 0.0908684 0.1300657 0.0120305 0.0534251 0.0490675 0.1702613 0.0688046 0.0970795 0.0535686 0.1912417 0.1321104 0.2020929 0.1718184 0.0769538 0.1122878 0.1463483 0.0539843 0.0792122 0.0769538 0.0672991 0.0934393 0.0668876 0.0668762 0.0918525 0.1874649 0.0856730 0.1131341 0.0510633 0.1470615 0.0364134 0.0498779 0.1290635 0.0959919 0.0543641 0.0997694 0.3297899 0.0787044 0.0804339 0.0639651 0.0490675 0.0972144 0.0401519 0.0676644 0.1736440 0.1037708 0.0666467 0.0651915 0.0532982 0.0649351 0.0492018 0.1490631 0.0810504 0.0659682 0.0802163 0.1287953 0.0680146 0.0805848 0.0959946 0.0659682 0.0367916 0.0493589 0.1448719 0.0363159 0.0834338 0.0985758 0.0498779 0.0806982 0.0632114 0.1254785 0.0371448 0.1498511 0.0792098 0.0970795 0.0973823 0.1450876 0.0974155 0.0368543 0.0647303 0.0788295 0.0564913 0.0776326 0.1237297 0.1271438 0.0826540 0.0979230 0.0770690 0.0533703 0.0933197 0.0906194 0.0521549 0.0949296 0.0830490 0.0670197 0.0942722 0.0771640 0.0373439 0.1144518 0.0761439 0.0729300 0.0647303 0.0670601 0.0551230 0.0832001 0.1480235 0.0495648 0.1073424 0.1060520 0.1092315 0.0919678 0.0537157 0.0810546 0.1624406 0.1148071 0.0546663 0.0713484 0.2123607 0.1003869 0.0965103 0.1153241 0.1261140 0.1296708 0.0521548 0.1113784 0.0570658 0.0808371 0.1103816 0.0812140 0.0914431 0.0802017 0.0819624 0.0520647 0.0921245 0.0390930 0.0922657 0.0675546 0.1650736 0.1039916 0.0391391 0.1825061 0.0803054 0.0678614 0.1078762 0.0370328 0.1488247 0.1201536 0.1448517 0.1143527 0.1917027 0.1165603 0.0940315 0.0633982 0.0692201 0.0984291 0.0831924 0.1577796 0.0535149 0.0634701 0.1140423 0.1474607 0.0906194 0.0666212 0.0359604 0.1485511 0.0635788 0.0866800 0.0802017 0.3623199 0.1274049 0.0934393 0.0969648 0.0637455 0.0364136 0.0666879 0.0530494 0.0498779 0.1583695 0.0678455 0.0705478 0.0661216 0.0738126 0.0680373 0.0797984 0.0936012 0.1477591 0.0677752 0.0933937 0.1062309 0.1313878 0.1656557 0.0779897 0.1144518 0.0799472 0.0498779 0.2498340 0.0498000 0.0806982 0.1552262 0.1006843 0.3936585 0.1254785 0.1988159 
S0430         0.1132884 0.1528888 0.0958497 0.0000000 0.1485516 0.1128829 0.1562700 0.0979018 0.0523864 0.1225325 0.4719266 0.0923298 0.1360397 0.1881972 0.0484020 0.0522601 0.0636292 0.1267361 0.1475326 0.0381491 0.1329915 0.3132454 0.1122423 0.0929828 0.0254219 0.1054024 0.1083841 0.0648102 0.0571263 0.0631662 0.1092944 0.0520388 0.0883302 0.0802373 0.2653456 0.0000025 0.0981044 0.0542585 0.2663724 0.1062088 0.2440707 0.1721265 0.0993700 0.1070739 0.2362370 0.0558506 0.0981450 0.0801073 0.0505744 0.0231944 0.0532165 0.0528578 0.1078291 0.1679826 0.0363692 0.1310309 0.0841142 0.1568060 0.0822101 0.0819751 0.1130227 0.0788229 0.0121114 0.0963074 0.1937574 0.1150729 0.0495167 0.0613990 0.0802373 0.0928121 0.0253471 0.0513315 0.2262179 0.0691381 0.1328063 0.0638356 0.0253784 0.1157785 0.0793054 0.1054167 0.1167501 0.0377555 0.0489867 0.0953239 0.0895158 0.0631169 0.0632957 0.0377555 0.0514906 0.0982023 0.1252586 0.1016995 0.0836731 0.0241662 0.0819751 0.0511374 0.1346252 0.0786735 0.0763354 0.0660180 0.0484201 0.0981044 0.0975887 0.1540663 0.0944601 0.0658487 0.0649235 0.0114077 0.0260346 0.1294840 0.1478526 0.1704560 0.0375726 0.0934471 0.0962433 0.0254079 0.0480768 0.1109212 0.0247037 0.1209634 0.0000025 0.0383385 0.0663327 0.0499822 0.1050791 0.1013832 0.0499960 0.0571646 0.0649235 0.0000029 0.0405060 0.0526634 0.1913108 0.0643149 0.1401915 0.0775088 0.0795580 0.0639122 0.0251859 0.0660092 0.2397946 0.0941504 0.0397682 0.0397977 0.1856069 0.1040862 0.0953435 0.0649971 0.0906091 0.0996046 0.0247038 0.0626464 0.0570009 0.0370839 0.0796873 0.0511526 0.0770759 0.0815061 0.0000024 0.0248124 0.1073346 0.1035719 0.1130846 0.0725716 0.0784672 0.0679233 0.0697348 0.1565399 0.0375252 0.0687991 0.1651402 0.0754611 0.1471318 0.0670708 0.1432363 0.0931524 0.2177028 0.1301978 0.0615537 0.0906091 0.0526508 0.0648490 0.0377853 0.1339756 0.0258081 0.0973437 0.1087466 0.2238521 0.0944440 0.0382494 0.1005052 0.1478746 0.0975182 0.0260042 0.0510470 0.5313100 0.1055856 0.1039892 0.1130171 0.0363980 0.1020346 0.0386601 0.0560091 0.1133905 0.1439945 0.0387850 0.0705170 0.0243914 0.0405835 0.0253249 0.0512756 0.1041620 0.2483098 0.0985587 0.0648793 0.0914873 0.1362865 0.1080002 0.0113027 0.1186497 0.1087516 0.1203684 0.2508178 0.0537426 0.0518289 0.1319244 0.0994095 0.4211680 0.0758748 0.2379349 
S0732         0.1817046 0.1936747 0.2698516 0.1485516 0.0000000 0.2277395 0.3537594 0.1653180 0.1453696 0.2675131 0.6033860 0.2569827 0.3456516 0.2301633 0.1837390 0.2038794 0.1178164 0.3140881 0.2943765 0.1796156 0.3593619 0.4363350 0.3333965 0.2585844 0.1406591 0.3080454 0.2092631 0.1942957 0.2295368 0.1672369 0.2849686 0.2021040 0.2755182 0.2696008 0.5092976 0.1365332 0.2791026 0.2145544 0.5530429 0.1973230 0.4672864 0.2145559 0.2839379 0.3027691 0.4657878 0.2333677 0.2734557 0.2448357 0.1944941 0.1441564 0.1480311 0.1830893 0.2309853 0.2271032 0.2050085 0.3015736 0.1898508 0.3004938 0.2514259 0.2500752 0.2447554 0.2142231 0.1332220 0.1899919 0.0359985 0.2690781 0.1894438 0.2029114 0.2696008 0.1533752 0.1623533 0.1822988 0.3884942 0.2103214 0.3352631 0.2136374 0.1623389 0.3085998 0.2410346 0.2565099 0.2339100 0.1770986 0.1647060 0.2684698 0.2912823 0.1581380 0.1787716 0.1770986 0.1992288 0.3164461 0.2035518 0.2631726 0.1992674 0.1737580 0.2500752 0.1983564 0.3409192 0.2378411 0.2056513 0.2465703 0.1837788 0.2791026 0.2244181 0.3112880 0.2639270 0.2556017 0.2182796 0.1262145 0.1686643 0.3239651 0.3536934 0.2524605 0.1761019 0.1954521 0.2715803 0.1627598 0.1820780 0.2920902 0.1570567 0.3284436 0.1164024 0.1806469 0.2244490 0.1925497 0.2624394 0.2886534 0.1924841 0.1389947 0.2182796 0.1299611 0.1957846 0.1754740 0.4754877 0.2391871 0.3561313 0.2101265 0.1986344 0.1697674 0.1179418 0.1621952 0.4908070 0.1965791 0.1897666 0.1660919 0.3326723 0.2207536 0.2684193 0.2195166 0.2499581 0.2545621 0.1570569 0.2082839 0.2291393 0.1728923 0.1942810 0.2259077 0.2322567 0.2871854 0.1123164 0.1576255 0.2305307 0.2193363 0.2991355 0.2531185 0.2600869 0.2686858 0.2059579 0.2498146 0.2066300 0.2369095 0.3790247 0.2253026 0.2222882 0.2274792 0.2848114 0.2589893 0.3424270 0.3253242 0.2036300 0.2499581 0.2389232 0.2167847 0.1775489 0.2786279 0.1665438 0.2734385 0.1758039 0.4713486 0.2652423 0.2117683 0.2857969 0.2271032 0.2739697 0.1682059 0.1968468 0.9234014 0.2728895 0.2678820 0.2967176 0.1694478 0.2915785 0.1829434 0.2247721 0.2979286 0.2301106 0.1836284 0.2445543 0.1543036 0.1980969 0.1627614 0.1991049 0.2683664 0.5207211 0.2523734 0.1589390 0.2540459 0.3428542 0.2817338 0.1246294 0.3153291 0.2047944 0.3237340 0.3165544 0.2094592 0.2020292 0.2732617 0.1688416 0.6191635 0.2269837 0.3811932 
S0735         0.1542428 0.1873618 0.1345897 0.1128829 0.2277395 0.0000000 0.2224731 0.1093299 0.1213789 0.1857630 0.5826941 0.1295422 0.1563577 0.1456184 0.0789556 0.1208496 0.1295532 0.1692783 0.2097308 0.1026986 0.1929862 0.3769468 0.1946203 0.1304245 0.0539283 0.1702603 0.1478494 0.0991222 0.0579034 0.1286655 0.0234106 0.0826356 0.1261506 0.1525724 0.3287381 0.0692600 0.1385066 0.0864359 0.3053323 0.1231668 0.3238440 0.2290810 0.1593017 0.1637309 0.3029725 0.0916908 0.1527844 0.1541580 0.0652507 0.1099690 0.1234922 0.0994896 0.1471163 0.1822348 0.0984944 0.1756893 0.1382612 0.2022441 0.1348839 0.1344239 0.1950692 0.1322195 0.0540419 0.1496058 0.2798675 0.1731548 0.0809386 0.0934525 0.1525724 0.1094162 0.0534159 0.1179869 0.3056035 0.1198510 0.1578009 0.0908582 0.0845588 0.1392167 0.1155949 0.1295760 0.1404402 0.1014840 0.1121466 0.1728563 0.1328063 0.0962842 0.0965836 0.1014840 0.0817155 0.1409983 0.2198736 0.1596095 0.0976202 0.1116674 0.1344239 0.1180502 0.1601259 0.1483648 0.0944634 0.1162856 0.1106865 0.1385066 0.1372269 0.2009264 0.1326954 0.1367891 0.0960886 0.0947548 0.0402943 0.1535812 0.1944848 0.2378230 0.1009662 0.1155108 0.1355894 0.0881889 0.1098193 0.1169588 0.0692361 0.1874754 0.0845475 0.1032328 0.1356172 0.1133288 0.1396853 0.1623001 0.1133229 0.0913618 0.0960886 0.0799233 0.0718166 0.1005600 0.2161196 0.1148504 0.1824881 0.1461335 0.1688899 0.1303720 0.0534014 0.1012060 0.2736679 0.0241653 0.0868408 0.0856637 0.2880317 0.1473026 0.1429623 0.1152447 0.0368649 0.1581170 0.0692357 0.1272421 0.1094595 0.0794521 0.1527517 0.1213272 0.1473778 0.1420244 0.0986302 0.0858363 0.1651131 0.1625385 0.1549584 0.1316596 0.1291739 0.1671905 0.0837588 0.2018920 0.1022287 0.1022417 0.1925068 0.0933109 0.1530805 0.1394138 0.1488756 0.1306793 0.2756830 0.1951982 0.1266101 0.1268308 0.1031454 0.0990420 0.1016594 0.1671056 0.0726796 0.1520279 0.1065335 0.2567925 0.1349007 0.1060446 0.1575649 0.1445947 0.1173371 0.0896895 0.1174617 0.6319249 0.1094563 0.1413899 0.1743708 0.1126935 0.1601913 0.0868521 0.1059982 0.1162424 0.1811730 0.1046421 0.1234577 0.0682497 0.0913018 0.1047379 0.1007006 0.1416328 0.3594884 0.1532663 0.1326126 0.1648267 0.1828771 0.1473806 0.0937181 0.1628544 0.1483223 0.1822954 0.4140251 0.0887382 0.1019328 0.1645197 0.1317289 0.3523947 0.1425231 0.3203785 
S0403sl       0.1307508 0.1292998 0.1233472 0.1562700 0.3537594 0.2224731 0.0000000 0.1871572 0.1341302 0.1917165 0.5706335 0.1024511 0.1859881 0.2498252 0.1195376 0.0777869 0.2125133 0.2003280 0.2688191 0.0789830 0.2330970 0.2276592 0.2539175 0.1967740 0.0838607 0.1512215 0.1579910 0.1799045 0.0694630 0.1651253 0.1754700 0.1111724 0.2044964 0.1724957 0.2556099 0.1290465 0.1625593 0.0807238 0.2264524 0.2176558 0.2303848 0.1628448 0.1425177 0.1971964 0.1916717 0.0861830 0.1101897 0.1208625 0.1438466 0.1522316 0.0792171 0.1427018 0.1175972 0.2702166 0.1867601 0.1086693 0.1939157 0.1991894 0.1585616 0.1884067 0.1552802 0.1420650 0.0998416 0.1113653 0.3391334 0.1884067 0.1064747 0.1692253 0.1724957 0.1598153 0.1331971 0.0937460 0.2991829 0.1551366 0.1794972 0.1934456 0.0657864 0.1292329 0.1531128 0.2362854 0.1544767 0.0781423 0.1066534 0.1493609 0.1836921 0.1071413 0.1390736 0.0781423 0.1099281 0.1853362 0.1684885 0.1670586 0.1723281 0.1609465 0.1884067 0.1305312 0.1292181 0.2342640 0.1556741 0.2219830 0.1212053 0.1625593 0.0981185 0.1631576 0.2177142 0.1606603 0.1452885 0.1364585 0.0699139 0.1245253 0.1758016 0.3002062 0.0951085 0.1788118 0.1235643 0.0658785 0.1520075 0.1401068 0.1123773 0.1488773 0.1284505 0.0648852 0.1963795 0.1502964 0.1726172 0.1747633 0.1345321 0.0909573 0.1452885 0.1257286 0.1058327 0.1347935 0.1940995 0.1521849 0.1653716 0.1475354 0.2056007 0.1330964 0.0993044 0.1677012 0.2081130 0.1598406 0.0674481 0.1191671 0.2277325 0.2230584 0.1224296 0.2183019 0.1700204 0.2301710 0.0956821 0.1918744 0.0543397 0.1602989 0.1796330 0.1085799 0.1162228 0.1124965 0.1249305 0.0642911 0.1170776 0.2028091 0.1407668 0.1194769 0.2340782 0.1998819 0.0813753 0.1749182 0.1422433 0.0656615 0.1253239 0.1384247 0.2682625 0.1479921 0.2604659 0.1590616 0.2404718 0.1483230 0.1043645 0.1700204 0.1565328 0.1424159 0.1128965 0.2104657 0.0669833 0.2072343 0.1965822 0.1931887 0.1552501 0.0653906 0.1650609 0.2255308 0.2075985 0.0853841 0.0773194 0.3818093 0.2096897 0.1873212 0.0925176 0.1258935 0.1676269 0.0651639 0.0990238 0.1884067 0.2542578 0.0803307 0.0821224 0.0796781 0.0726956 0.1171624 0.1481902 0.1536804 0.2759143 0.0938862 0.1699461 0.1015485 0.2601267 0.1925314 0.1349610 0.1946005 0.1785531 0.1884067 0.2207172 0.1253308 0.1325271 0.2070114 0.1930699 0.4452962 0.2248854 0.1716091 
S1328sl       0.1107435 0.1507767 0.1305505 0.0979018 0.1653180 0.1093299 0.1871572 0.0000000 0.1051720 0.1353165 0.5263423 0.1281864 0.1811206 0.1441387 0.0780811 0.1047421 0.1281987 0.1675853 0.1593432 0.0872259 0.1625654 0.3247345 0.1105755 0.1290562 0.0539916 0.1377203 0.1281987 0.0663860 0.0913460 0.1273234 0.1476109 0.0827423 0.1011757 0.1247161 0.3530408 0.0703932 0.1007920 0.0865540 0.2760535 0.0903020 0.3465388 0.1695637 0.1296969 0.1261008 0.3253336 0.1054376 0.1607678 0.1374134 0.0818271 0.0954005 0.1069942 0.1193015 0.1456184 0.1088897 0.1180667 0.1738904 0.0964418 0.1273371 0.0942952 0.0940260 0.1772328 0.0793000 0.0541054 0.0985695 0.2111939 0.1271550 0.0800246 0.0924467 0.1247161 0.1288300 0.0542858 0.1241140 0.2640774 0.1021000 0.1367355 0.1286415 0.0888705 0.1573038 0.1143299 0.1647887 0.1586840 0.0862045 0.0972809 0.1556457 0.1499490 0.0952252 0.0955190 0.0862045 0.0818196 0.1310051 0.1994549 0.1141785 0.0977520 0.1171787 0.0940260 0.1023171 0.1790947 0.1468494 0.1096660 0.1514460 0.0960232 0.1007920 0.1330291 0.1663019 0.1312875 0.0955190 0.0962160 0.0805215 0.0407200 0.1716637 0.1925637 0.1824416 0.0857607 0.1298918 0.1341261 0.0728097 0.0952758 0.1501993 0.0523925 0.1355511 0.0666383 0.0876829 0.1341606 0.1121046 0.0972885 0.1114129 0.1120995 0.0914953 0.0962160 0.0837869 0.0558316 0.0853894 0.2798057 0.1135985 0.2006499 0.1446511 0.1671974 0.1290005 0.0393352 0.1000508 0.2949732 0.1307960 0.0913834 0.0713116 0.2853785 0.1222768 0.1556391 0.1314437 0.1255238 0.1289185 0.0523925 0.1259288 0.0784224 0.0969061 0.1362442 0.1001598 0.1314432 0.1404482 0.0679146 0.0708818 0.1305649 0.1162002 0.1533300 0.0875044 0.1642945 0.1285630 0.0838688 0.1271132 0.1188986 0.1023882 0.2117588 0.1083042 0.1914422 0.1227960 0.1860020 0.1293068 0.2251269 0.1982451 0.0796491 0.1255238 0.0860317 0.0795310 0.0863387 0.1722617 0.0399742 0.1093398 0.0753052 0.2779799 0.1540124 0.0857030 0.1128584 0.0776184 0.1095300 0.0553049 0.1018653 0.5228968 0.1422672 0.1066222 0.1771831 0.1146704 0.1145498 0.0683711 0.1018247 0.1253308 0.1237217 0.0888644 0.1301491 0.0516870 0.0914346 0.0889076 0.0661123 0.0772598 0.3294928 0.1411210 0.1312022 0.1146641 0.1558908 0.1688854 0.0796491 0.1372506 0.1132806 0.1329793 0.4184806 0.0854862 0.0825199 0.1900428 0.0826391 0.4382341 0.1411012 0.2793996 
S0196sl       0.1185262 0.1381730 0.0827749 0.0523864 0.1453696 0.1213789 0.1341302 0.1051720 0.0000000 0.0680353 0.5909625 0.0987977 0.1000971 0.1223470 0.0377132 0.0393962 0.0963134 0.0808270 0.1121576 0.0121408 0.1143649 0.3196852 0.0983751 0.0995310 0.0127579 0.1140156 0.1011582 0.0692286 0.0431015 0.0981260 0.1004641 0.0392421 0.0557446 0.1025991 0.1822092 0.0262129 0.0828035 0.0581271 0.2668145 0.1194999 0.2255677 0.1633020 0.1069541 0.1164249 0.2689373 0.0595507 0.0664504 0.0857924 0.0539058 0.0511300 0.0247715 0.0885268 0.0844305 0.1303681 0.0875961 0.1068666 0.0519051 0.1524218 0.0881834 0.0519051 0.1215265 0.0502615 0.0128505 0.0881425 0.1897881 0.0664627 0.0375201 0.0653398 0.1025991 0.0825872 0.0413513 0.0724617 0.2083832 0.0711991 0.1433440 0.0991980 0.0123417 0.0492803 0.0848601 0.1340034 0.0659278 0.0120220 0.0246902 0.0479426 0.1189907 0.0536360 0.0527881 0.0120220 0.0388267 0.0842577 0.0661622 0.0688017 0.0702467 0.0685747 0.0519051 0.0000010 0.0831167 0.1166107 0.0814536 0.1202822 0.0384789 0.0828035 0.0661369 0.1667461 0.1012328 0.0894388 0.0522541 0.0376864 0.0131315 0.0802128 0.0962153 0.1288893 0.0119636 0.0831499 0.0510427 0.0000025 0.0510736 0.0789768 0.0124533 0.1308868 0.0253883 0.0122009 0.1034739 0.0832020 0.0709930 0.0536596 0.0652974 0.0263444 0.0522541 0.0391270 0.0000025 0.0000029 0.2249885 0.0843133 0.1689521 0.1147954 0.1321386 0.0994164 0.0268096 0.0367425 0.2406918 0.0824361 0.0126366 0.0395029 0.2394425 0.0685912 0.1022762 0.1012915 0.0812584 0.0995122 0.0124536 0.0971250 0.0612903 0.0684872 0.0650370 0.0721875 0.0823067 0.0531231 0.0247499 0.0000025 0.1150041 0.0683102 0.0656125 0.0260012 0.1335773 0.0543325 0.0561512 0.0971852 0.0689967 0.0738164 0.1117925 0.0804553 0.1541744 0.0718146 0.1541744 0.0997264 0.2170748 0.1133350 0.0383166 0.0812584 0.0559124 0.0541663 0.0000010 0.1467708 0.0000022 0.0660472 0.1015196 0.2236676 0.0640642 0.0405337 0.0680353 0.0963159 0.0661641 0.0126345 0.0243932 0.5887735 0.1129784 0.0968037 0.1215155 0.0359792 0.0690138 0.0122950 0.0769010 0.0807939 0.0673875 0.0123349 0.0757983 0.0000023 0.0280475 0.0000029 0.0243534 0.0969759 0.2414974 0.1059650 0.0984388 0.0978324 0.1005088 0.1157719 0.0373026 0.0688181 0.0800637 0.0853758 0.2191578 0.0405601 0.0000029 0.1443348 0.0363418 0.4622884 0.1120377 0.2157927 
S0301         0.1476492 0.1436043 0.0506343 0.1225325 0.2675131 0.1857630 0.1917165 0.1353165 0.0680353 0.0000000 0.5712738 0.1132050 0.0827002 0.2362876 0.0992243 0.0697399 0.0666735 0.1836880 0.0771590 0.0708909 0.0785637 0.2425589 0.0642777 0.1402198 0.0402127 0.1057160 0.1211548 0.1228748 0.0415899 0.1124399 0.1788236 0.0122520 0.0253193 0.0503515 0.2555528 0.0925375 0.1209223 0.0715016 0.2832337 0.1434459 0.2624614 0.1631727 0.0996888 0.1772363 0.1975264 0.0549763 0.0984634 0.1057017 0.1044262 0.1190973 0.0535594 0.1036098 0.1151694 0.1731763 0.1090864 0.1405981 0.0114946 0.2195918 0.0243542 0.0237098 0.1605575 0.1141978 0.0578121 0.1111933 0.3267688 0.0363715 0.1019376 0.1152371 0.0503515 0.1170710 0.0741692 0.1079158 0.2045161 0.0889636 0.1207019 0.0854693 0.0722110 0.0962170 0.0526612 0.1796950 0.0997769 0.0700782 0.1058797 0.1352481 0.1235899 0.1035106 0.1194365 0.0700782 0.0247786 0.0234978 0.1463825 0.0115150 0.0705975 0.1450501 0.0237098 0.0845665 0.0988231 0.1572980 0.0680655 0.1641291 0.1043944 0.1209223 0.1141782 0.1504363 0.1213937 0.0246533 0.0524505 0.1024709 0.0757734 0.1094411 0.1264732 0.0763180 0.0880412 0.0850838 0.0784890 0.0567404 0.1189182 0.0923731 0.0406079 0.1211955 0.0872298 0.0712637 0.1208699 0.0973697 0.0118280 0.1134686 0.0785883 0.0550428 0.0524505 0.1070312 0.0553511 0.0873128 0.2003449 0.0667293 0.1483218 0.1294328 0.0957207 0.1139201 0.0570779 0.0648628 0.2158827 0.1345817 0.0742153 0.0737724 0.2184980 0.0850838 0.1393762 0.1234784 0.1528417 0.1468382 0.0406079 0.1365297 0.0983315 0.1040720 0.1187107 0.0851839 0.1161843 0.0817568 0.1070340 0.0552672 0.1518351 0.0119466 0.0940931 0.0397811 0.1975355 0.0918112 0.0690759 0.1955740 0.0830525 0.0870694 0.1427077 0.0831041 0.1619499 0.1525646 0.1851114 0.1405126 0.2092179 0.1798164 0.1214489 0.1158106 0.0561491 0.1226498 0.0886541 0.1705813 0.0400588 0.0362420 0.1235453 0.1992756 0.0947623 0.0532757 0.0114080 0.1343349 0.0363031 0.0722774 0.0852516 0.5439182 0.1544686 0.1524051 0.1605197 0.0969151 0.0115440 0.0533183 0.0707628 0.0493113 0.1733026 0.0721992 0.1131587 0.0528361 0.0767455 0.0713464 0.0655897 0.1526843 0.2007770 0.1444768 0.0952735 0.1329903 0.1390569 0.2033430 0.1012561 0.1208798 0.0971425 0.0237098 0.2704768 0.0247151 0.0663184 0.1676260 0.1414516 0.5928799 0.1340809 0.2595140 
S1321         0.5113487 0.6139707 0.5104355 0.4719266 0.6033860 0.5826941 0.5706335 0.5263423 0.5909625 0.5712738 0.0000000 0.5502091 0.5535762 0.6716014 0.5021279 0.4538714 0.4308017 0.5268694 0.4194228 0.5052847 0.4051475 0.3090867 0.4247015 0.5935938 0.3684031 0.5495981 0.3440268 0.4892443 0.3442467 0.4279208 0.5569235 0.4222450 0.5040089 0.4700544 0.6498369 0.4351364 0.6319693 0.3736421 0.5285489 0.4788382 0.4331776 0.6417792 0.5288003 0.4712578 0.4332217 0.3149890 0.5204918 0.5646481 0.4265453 0.4841002 0.5645007 0.4453691 0.5221620 0.5139803 0.3831940 0.4607230 0.4718593 0.5001580 0.4847491 0.4550295 0.5129213 0.4152647 0.4019672 0.6096236 0.6613097 0.5224647 0.5207832 0.5290080 0.4700544 0.3762210 0.3580918 0.3959348 0.3456558 0.2139755 0.6049100 0.4666547 0.4556169 0.6276076 0.5788429 0.5520501 0.6018800 0.4968148 0.4973298 0.5982268 0.5569313 0.4582677 0.4931584 0.4968148 0.3876639 0.5117516 0.5559336 0.4808239 0.3339575 0.3835675 0.4550295 0.5681437 0.6437610 0.5303740 0.4221758 0.3681547 0.4886018 0.6319693 0.3705390 0.5281498 0.6097063 0.4603892 0.4097259 0.4262746 0.3953099 0.5611199 0.6014796 0.4087135 0.4598327 0.4759921 0.5548618 0.4889221 0.5146089 0.6217506 0.4123621 0.5697273 0.3799557 0.5084381 0.4983161 0.4713671 0.5022782 0.4255714 0.4420675 0.3447737 0.4097259 0.3592590 0.4054398 0.5944242 0.4454831 0.4965128 0.3157481 0.4588660 0.4487610 0.4272948 0.3618206 0.4994830 0.3655520 0.5325023 0.4323736 0.3989296 0.8068178 0.5093907 0.5680939 0.3854136 0.5321370 0.3130656 0.3799557 0.5123289 0.3993555 0.3799437 0.4255038 0.4467498 0.5320326 0.5941214 0.4512287 0.4704241 0.5664653 0.5252541 0.5947271 0.4486238 0.4208525 0.4535263 0.4477563 0.5806933 0.3629367 0.5089020 0.6331334 0.5044312 0.6269850 0.5736463 0.6030424 0.5963318 0.5057876 0.6081523 0.4728344 0.6043722 0.3193451 0.4443866 0.5357952 0.2901119 0.3818256 0.4266356 0.5360145 0.3465616 0.6019596 0.3849325 0.5065471 0.5894443 0.4841002 0.4801761 0.4885997 0.9557591 0.6038788 0.4302581 0.6490438 0.4503687 0.5174295 0.4526038 0.3546090 0.4550295 0.7555048 0.5189348 0.4645950 0.4350514 0.3922106 0.5301328 0.4455783 0.5186366 0.3273349 0.4732253 0.5160120 0.5627024 0.5237015 0.6099005 0.4503053 0.5244411 0.5577287 0.5604378 0.5172934 0.4970933 0.5125312 0.3300647 0.7165894 0.3783216 0.4769813 0.4878855 
S0385         0.1474397 0.1463595 0.0914431 0.0923298 0.2569827 0.1295422 0.1024511 0.1281864 0.0987977 0.1132050 0.5502091 0.0000000 0.1119873 0.2081547 0.0616481 0.0239705 0.1076294 0.1108505 0.1804656 0.0373305 0.1842502 0.2036166 0.1660594 0.0938709 0.0532375 0.0527884 0.0920053 0.0793212 0.0126495 0.0735410 0.1253520 0.0648629 0.1201226 0.0908942 0.2080202 0.0662515 0.0782403 0.0120725 0.1870414 0.1425232 0.1723631 0.1645215 0.0369586 0.1390858 0.1907886 0.0260124 0.0502867 0.0360326 0.0644578 0.0900912 0.0374332 0.0640743 0.0880971 0.2061959 0.0972779 0.0782758 0.1143164 0.1744019 0.0764737 0.1113417 0.0635544 0.0934829 0.0391774 0.0958065 0.2606780 0.1465966 0.0630980 0.0750597 0.0908942 0.1081334 0.0527376 0.0371322 0.2198534 0.1183452 0.1095336 0.1079874 0.0379526 0.0940879 0.0617622 0.1260083 0.1341445 0.0369546 0.0917782 0.0802403 0.1118810 0.0771984 0.0774220 0.0369546 0.0641820 0.1098338 0.1075554 0.0942632 0.1167207 0.1103351 0.1113417 0.0962601 0.1109017 0.1247232 0.0907592 0.1284354 0.0906516 0.0782403 0.0968700 0.0503237 0.0795745 0.0632892 0.0949296 0.0760376 0.0545908 0.1069972 0.1235285 0.2055174 0.0513175 0.1089279 0.0768740 0.0248667 0.0899807 0.0623190 0.0516803 0.0520701 0.0515315 0.0245120 0.0937119 0.0607043 0.0971765 0.1357968 0.0607166 0.0566942 0.0949296 0.0789577 0.0708658 0.0992987 0.1557542 0.0614110 0.1015250 0.0597039 0.1046119 0.0472937 0.0527233 0.0808473 0.1694835 0.1097117 0.0388788 0.0690340 0.1170634 0.1214927 0.0489898 0.1101700 0.1055139 0.1512572 0.0377011 0.0917329 0.0127058 0.0784975 0.1282147 0.0117967 0.0348430 0.0653629 0.0789481 0.0242962 0.0605504 0.1193979 0.0920628 0.0541593 0.1409261 0.1395224 0.0247946 0.1741065 0.0638912 0.0120594 0.1076717 0.0761541 0.1486215 0.0821236 0.1446517 0.0940437 0.1619806 0.1315128 0.1053366 0.1055139 0.1018275 0.0793211 0.0812322 0.1905807 0.0122794 0.1275121 0.1247232 0.1551625 0.1057126 0.0000025 0.0932333 0.1659652 0.1277375 0.0694773 0.0365862 0.3798263 0.1065763 0.1191764 0.0933894 0.1080936 0.0945513 0.0245394 0.0252349 0.1444256 0.2071693 0.0379389 0.0251977 0.0509931 0.0734423 0.0835079 0.0804716 0.0896961 0.2266170 0.0243548 0.0754686 0.0472461 0.1545499 0.0929271 0.0752564 0.1362416 0.1088267 0.1113417 0.2352891 0.0640093 0.0813891 0.1875058 0.1528650 0.3903948 0.1200778 0.2057243 
S0384         0.1847158 0.1651794 0.0521232 0.1360397 0.3456516 0.1563577 0.1859881 0.1811206 0.1000971 0.0827002 0.5535762 0.1119873 0.0000000 0.2593235 0.0981963 0.0649743 0.1188398 0.1427620 0.1315575 0.0840406 0.1146575 0.2595552 0.1326958 0.0869882 0.0552695 0.1310907 0.1412165 0.1213968 0.0261274 0.1112400 0.1508976 0.0528309 0.0876600 0.0999399 0.1517126 0.1065831 0.1194982 0.0686386 0.2357558 0.1043061 0.2190553 0.2063473 0.1229990 0.1218352 0.2181947 0.0731091 0.1095442 0.1191530 0.0687177 0.1322730 0.0843070 0.1009308 0.1139091 0.1543692 0.0881357 0.0954331 0.0834770 0.1766710 0.0839140 0.0813570 0.1739843 0.0995770 0.0739943 0.1252226 0.4166601 0.1144546 0.0839452 0.0822041 0.0999399 0.1208331 0.0895068 0.1197757 0.1796411 0.0852324 0.1391405 0.0983309 0.0843148 0.0507988 0.0522559 0.1215288 0.0698463 0.0830884 0.1193625 0.1483153 0.1425384 0.1023838 0.1003471 0.0830884 0.0666763 0.0803463 0.1891402 0.0656144 0.1001207 0.1563796 0.0813570 0.0974945 0.0521870 0.1022440 0.0839140 0.1362481 0.1177135 0.1194982 0.1161045 0.1973091 0.1584044 0.0850574 0.0989080 0.1156699 0.0931140 0.0633284 0.0926091 0.1536456 0.1014423 0.0893341 0.0778007 0.0700867 0.1320716 0.0781453 0.0725568 0.1477662 0.1056700 0.0844698 0.0664369 0.0963889 0.0676141 0.1376569 0.0778978 0.0899553 0.0989080 0.1188798 0.0707429 0.1006096 0.1779112 0.0976584 0.1296267 0.1279567 0.1151308 0.1126831 0.0566361 0.0663331 0.1932148 0.1552379 0.0865875 0.0558437 0.2306153 0.1047498 0.1290343 0.0653104 0.1508976 0.1575076 0.0725568 0.0848512 0.0721277 0.1013637 0.1165410 0.1030384 0.1290343 0.0512827 0.1207596 0.0682902 0.1472912 0.0711057 0.0633284 0.0549625 0.1772438 0.1057390 0.0542332 0.2158921 0.0822664 0.0863630 0.0924919 0.0994529 0.1289298 0.1669588 0.1252231 0.1387330 0.1630132 0.1742143 0.1347494 0.1508976 0.0854990 0.1211847 0.1021450 0.1484175 0.0554095 0.0967133 0.0866902 0.1770618 0.0932418 0.0689895 0.0649147 0.1173390 0.0968868 0.0728058 0.0982272 0.4433217 0.1007708 0.1011324 0.1555252 0.0941055 0.0658084 0.0690639 0.0706619 0.0968868 0.1877108 0.0692908 0.1065143 0.0532040 0.0767560 0.0846005 0.0515164 0.1163280 0.1572281 0.0985573 0.0815105 0.1458225 0.0863426 0.2170058 0.1143149 0.1194624 0.1151176 0.0813570 0.2954835 0.0674373 0.0824291 0.1459371 0.1193690 0.4117886 0.0833061 0.2772378 
S0407sl       0.2127158 0.1870823 0.2191544 0.1881972 0.2301633 0.1456184 0.2498252 0.1441387 0.1223470 0.2362876 0.6716014 0.2081547 0.2593235 0.0000000 0.1108597 0.1826933 0.1634333 0.1950116 0.2854236 0.1412312 0.2922157 0.4838145 0.2219713 0.2094313 0.1256558 0.2690814 0.1698510 0.1346543 0.1794660 0.2066638 0.1497096 0.1600748 0.2169180 0.2383128 0.4322693 0.1586556 0.1633383 0.1892697 0.3357823 0.1609392 0.3409699 0.1862134 0.2498849 0.1670110 0.3431998 0.2045265 0.2524305 0.2411222 0.1535644 0.1828777 0.1223151 0.2027973 0.1154365 0.1668529 0.2005627 0.1795556 0.1579224 0.1687543 0.2179679 0.1987816 0.2896977 0.1002187 0.1070159 0.1726361 0.2803244 0.1987816 0.1316729 0.1626877 0.2383128 0.1296904 0.1229210 0.2281482 0.4052487 0.1872974 0.2238037 0.2087200 0.1440487 0.2082518 0.1933624 0.2521781 0.1406347 0.1394478 0.0987295 0.2263324 0.2365994 0.1155039 0.1141671 0.1394478 0.1580221 0.2535976 0.2259249 0.2310526 0.1782281 0.2143109 0.1987816 0.1605701 0.2081739 0.2309251 0.1845325 0.2387520 0.1481012 0.1633383 0.2257785 0.3223264 0.2134030 0.2212714 0.1750160 0.1651954 0.1089704 0.1990851 0.2217649 0.2610383 0.1387185 0.1307685 0.1585060 0.1258892 0.1825681 0.2185438 0.1205934 0.2877784 0.1380275 0.1419847 0.2184488 0.1893312 0.2074602 0.1618669 0.1705146 0.1339248 0.1750160 0.1726304 0.1128727 0.1405952 0.3434921 0.1920193 0.2943990 0.1882520 0.2061121 0.2096295 0.1424958 0.1189985 0.3589416 0.0958470 0.1484257 0.1462436 0.3366437 0.1432510 0.2631404 0.2140003 0.1271519 0.2009286 0.1205930 0.2038831 0.2009486 0.1712904 0.2158415 0.2039172 0.2294952 0.1663713 0.1531466 0.1223151 0.2737524 0.1837322 0.1793877 0.1521620 0.2513940 0.2172247 0.1627427 0.0628474 0.1605091 0.2092819 0.2422831 0.1819625 0.2328526 0.2248963 0.2785918 0.2097992 0.2833005 0.2907544 0.0951067 0.1634949 0.1674995 0.1131619 0.1404718 0.2514449 0.0905423 0.2189993 0.1422010 0.3409326 0.2409712 0.1668930 0.2278373 0.1298121 0.2194043 0.1282061 0.1569058 0.7862393 0.2230470 0.1439486 0.2895579 0.1917590 0.2319793 0.1238649 0.2180193 0.2401916 0.2336286 0.1440754 0.2405819 0.1019192 0.0970657 0.1460952 0.1396305 0.1442011 0.4997114 0.2734400 0.1674976 0.2498894 0.2276119 0.2757456 0.1632074 0.1624234 0.1695087 0.2587437 0.3816888 0.1655921 0.1427159 0.2721890 0.1748019 0.5157442 0.2211443 0.3553918 
S1095         0.0941845 0.1488888 0.0784730 0.0484020 0.1837390 0.0789556 0.1195376 0.0780811 0.0377132 0.0992243 0.5021279 0.0616481 0.0981963 0.1108597 0.0000000 0.0513221 0.0617126 0.0773350 0.1236847 0.0243932 0.1260845 0.2745238 0.1101456 0.0621029 0.0121520 0.0854642 0.0759849 0.0363231 0.0407875 0.0612751 0.0486270 0.0373179 0.0681393 0.0779868 0.2134499 0.0242450 0.0522759 0.0388196 0.1727928 0.0914021 0.2158710 0.1481496 0.0808641 0.0892686 0.2171210 0.0560512 0.0962346 0.0786252 0.0236466 0.0473312 0.0382086 0.0512092 0.0479806 0.1102331 0.0507278 0.0643436 0.0650785 0.1199069 0.0636995 0.0635332 0.1108172 0.0491141 0.0000020 0.0972407 0.2312763 0.0936413 0.0113216 0.0345419 0.0779868 0.0619884 0.0120504 0.0663657 0.2036670 0.0673963 0.0960421 0.0619069 0.0247952 0.0658081 0.0493551 0.0907422 0.0514289 0.0241528 0.0353085 0.0803305 0.0775088 0.0354471 0.0112864 0.0241528 0.0369424 0.0962772 0.1074091 0.0808442 0.0665425 0.0630955 0.0635332 0.0368506 0.0658205 0.0762282 0.0476512 0.0783373 0.0476159 0.0522759 0.0798327 0.1287980 0.0630086 0.0644983 0.0496880 0.0349484 0.0000020 0.0636547 0.0784890 0.1441672 0.0240373 0.0623360 0.0364884 0.0121797 0.0472835 0.0775650 0.0000022 0.1001664 0.0117470 0.0245120 0.0642521 0.0485071 0.0833674 0.0522057 0.0485205 0.0407926 0.0496880 0.0361809 0.0125428 0.0379123 0.1795393 0.0490715 0.1200600 0.0751314 0.0917174 0.0619759 0.0120439 0.0369237 0.1938074 0.0358875 0.0253895 0.0250798 0.1784492 0.0690312 0.0935406 0.0629948 0.0346744 0.0965620 0.0000025 0.0607897 0.0558854 0.0360084 0.0782269 0.0514648 0.0757067 0.0379041 0.0235507 0.0119054 0.1053366 0.0822932 0.0499951 0.0403568 0.0904570 0.0844332 0.0531945 0.0887335 0.0510634 0.0524945 0.0930977 0.0471437 0.1097112 0.0658328 0.1069827 0.0622036 0.1714720 0.1275881 0.0346188 0.0346744 0.0529812 0.0115525 0.0242091 0.1301571 0.0000021 0.0776337 0.0762282 0.1787348 0.0926750 0.0384811 0.0799569 0.0785962 0.0777671 0.0123464 0.0367353 0.4795544 0.0741509 0.0730927 0.1108128 0.0619114 0.0810915 0.0120220 0.0542476 0.0923530 0.1226067 0.0247839 0.0691453 0.0000022 0.0128850 0.0247443 0.0367669 0.0732111 0.2578762 0.0966382 0.0628841 0.0898304 0.0986080 0.1059767 0.0346188 0.0523724 0.0762590 0.0975712 0.2909136 0.0385105 0.0242011 0.1282248 0.0817872 0.3541778 0.0735994 0.2328049 
S0380         0.1213669 0.1190263 0.0656719 0.0522601 0.2038794 0.1208496 0.0777869 0.1047421 0.0393962 0.0697399 0.4538714 0.0239705 0.0649743 0.1826933 0.0513221 0.0000000 0.0984784 0.1015677 0.1167575 0.0121864 0.1363895 0.1627099 0.1191520 0.0688301 0.0266501 0.0405223 0.0528884 0.0690173 0.0000021 0.0638025 0.1167480 0.0390471 0.0739595 0.0663711 0.2126866 0.0261749 0.0680364 0.0000025 0.1617149 0.1175203 0.1483519 0.1369714 0.0255099 0.0984073 0.1669746 0.0131086 0.0119723 0.0120666 0.0537696 0.0510118 0.0122180 0.0534513 0.0644866 0.1539776 0.0872740 0.0654796 0.0703949 0.1500686 0.0533228 0.0685993 0.0384693 0.0670881 0.0266627 0.0692851 0.2067332 0.1012197 0.0525780 0.0651583 0.0663711 0.0681334 0.0412632 0.0122865 0.1809689 0.0880212 0.1003124 0.0988234 0.0123887 0.0661626 0.0514400 0.1009457 0.1026255 0.0120665 0.0382632 0.0380697 0.1025587 0.0526868 0.0672991 0.0120665 0.0386366 0.0677711 0.0580155 0.0531653 0.0868123 0.0683683 0.0685993 0.0384570 0.0818828 0.0998047 0.0811857 0.1179357 0.0378020 0.0680364 0.0530839 0.0696757 0.0846875 0.0531653 0.0681448 0.0376176 0.0277319 0.0790800 0.0947214 0.1380830 0.0251168 0.0685662 0.0504623 0.0000025 0.0509557 0.0500373 0.0262256 0.0405370 0.0394568 0.0122469 0.0827626 0.0505220 0.0548051 0.0872941 0.0498670 0.0135193 0.0681448 0.0390507 0.0270787 0.0396124 0.1313510 0.0511333 0.0926703 0.0496587 0.0956159 0.0368485 0.0267698 0.0529737 0.1457315 0.1004821 0.0126856 0.0714543 0.1422870 0.0896646 0.0246372 0.0813185 0.0964601 0.0862895 0.0127356 0.0672205 0.0000020 0.0682815 0.0525273 0.0000025 0.0116774 0.0524855 0.0390364 0.0000025 0.0365996 0.0735961 0.0647702 0.0261003 0.1161599 0.0720602 0.0124761 0.1497977 0.0525501 0.0255844 0.1099315 0.0661626 0.1227805 0.0406194 0.1193828 0.0842841 0.1369641 0.0684997 0.0513221 0.0964601 0.0720248 0.0690476 0.0395980 0.1258390 0.0000021 0.0838249 0.0998047 0.1309105 0.0365629 0.0000022 0.0525948 0.1169198 0.0839784 0.0417982 0.0119490 0.3849618 0.0821097 0.0801962 0.0825203 0.0505624 0.0533228 0.0123417 0.0127140 0.0997279 0.1287831 0.0123819 0.0127629 0.0255197 0.0583531 0.0258981 0.0385633 0.0801962 0.1541023 0.0251284 0.0655439 0.0237747 0.1047421 0.0669473 0.0372357 0.1043903 0.1125303 0.0685993 0.1894346 0.0385338 0.0389770 0.1238045 0.0855669 0.3515766 0.0959650 0.1448290 
S0383         0.1434982 0.1883028 0.0801668 0.0636292 0.1178164 0.1295532 0.2125133 0.1281987 0.0963134 0.0666735 0.4308017 0.1076294 0.1188398 0.1634333 0.0617126 0.0984784 0.0000000 0.1435841 0.1103081 0.0820898 0.1124629 0.3097014 0.0966320 0.1083659 0.0388715 0.1251880 0.0920601 0.0793850 0.0735777 0.0773583 0.1253684 0.0248722 0.0545329 0.0650688 0.3117642 0.0520945 0.1145386 0.0853843 0.2653856 0.1100828 0.2246725 0.2086260 0.1177919 0.1390800 0.2031455 0.0911615 0.1509135 0.1142585 0.0645251 0.0621447 0.0978521 0.0675363 0.1237057 0.1309936 0.0385418 0.1485992 0.0508326 0.1743287 0.0509650 0.0508326 0.1665702 0.1097601 0.0393096 0.1355756 0.1566744 0.0651549 0.0631640 0.0751220 0.0650688 0.1055211 0.0251970 0.1165505 0.2626918 0.0854560 0.1143435 0.0238609 0.0683688 0.1330263 0.0503559 0.1413351 0.1154034 0.0811815 0.0918329 0.1463501 0.0940145 0.0772617 0.0774858 0.0811815 0.0376875 0.0826531 0.1805894 0.0674143 0.0679998 0.0797738 0.0508326 0.0963134 0.1366404 0.0781570 0.0232211 0.0811478 0.0907065 0.1145386 0.1312280 0.1885948 0.0785537 0.0516094 0.0507007 0.0489313 0.0546622 0.1468121 0.1659272 0.1268930 0.0807837 0.0768879 0.1123054 0.0684693 0.0900357 0.1273459 0.0247033 0.1411422 0.0379844 0.0824996 0.0658726 0.0637939 0.0695334 0.1357962 0.0638062 0.0877306 0.0507007 0.0507465 0.0709377 0.0993502 0.2059336 0.0637211 0.1406073 0.0922633 0.0779283 0.0496055 0.0251854 0.0789254 0.2207021 0.1070233 0.0857816 0.0260427 0.1743968 0.1006143 0.1463478 0.0510898 0.1055550 0.1149035 0.0247034 0.0766755 0.1080381 0.0371827 0.0799066 0.0988231 0.1239179 0.1172981 0.0507326 0.0667558 0.1580164 0.0669430 0.1298666 0.0897192 0.1088877 0.1043428 0.1023549 0.1353950 0.0673321 0.1009915 0.1837304 0.0610990 0.1452161 0.1153993 0.1452161 0.1085678 0.1569676 0.1862109 0.1053780 0.0754443 0.0541345 0.0793848 0.0812966 0.1339563 0.0541567 0.0647530 0.0936467 0.2048682 0.1448940 0.0845562 0.0666735 0.1309936 0.0648662 0.0545861 0.0959314 0.5339311 0.1210533 0.1192005 0.1665304 0.0782024 0.0676201 0.0674934 0.0719054 0.0792954 0.1848271 0.0835465 0.1218917 0.0510584 0.0736601 0.0683470 0.0805360 0.1193983 0.2925632 0.1513896 0.0775835 0.1399762 0.1354625 0.1590591 0.0484461 0.1178940 0.0771549 0.0837337 0.2398185 0.0393198 0.0814536 0.1319097 0.1528318 0.3898524 0.0622136 0.2808189 
