233
S1341       0.0000000 0.0605579 0.0919295 0.0515480 0.0556887 0.0895301 0.0885531 0.0795543 0.0805612 0.1410290 0.1260209 0.0419597 0.0707482 0.0798762 0.0809061 0.0527328 0.0709295 0.1366725 0.0736980 0.0887822 0.0856133 0.0416673 0.0614322 0.0488720 0.0793437 0.0539863 0.0417329 0.0375473 0.0766761 0.0538985 0.0420785 0.0428109 0.0553913 0.0801698 0.0532349 0.0945978 0.0586927 0.1080701 0.1062735 0.0569776 0.0392897 0.0721979 0.0627732 0.0926818 0.0867724 0.0627829 0.0768182 0.0422328 0.0624905 0.0815284 0.0151400 0.0964209 0.0419595 0.0353411 0.0524492 0.0414436 0.0867177 0.0578497 0.0986406 0.0398730 0.0843096 0.0795284 0.0923939 0.0497768 0.0418040 0.0731384 0.0363548 0.0817053 0.0806601 0.0410916 0.0834176 0.0457542 0.0899403 0.0414436 0.0545425 0.0965364 0.1077147 0.1101621 0.0716673 0.0507292 0.0879573 0.1053701 0.0468251 0.0416665 0.0828076 0.0854880 0.0973478 0.0968780 0.0208678 0.0453978 0.0698126 0.1011785 0.1229895 0.0600413 0.0533502 0.0895218 0.0219680 0.0891679 0.0719174 0.0547131 0.0719174 0.0817150 0.0920124 0.1095236 0.0294514 0.0627606 0.0696263 0.0750472 0.0524904 0.0419193 0.1024737 0.0414436 0.0490503 0.0996109 0.0429698 0.1071451 0.0600808 0.0802169 0.0420660 0.0555415 0.0464396 0.0828581 0.1136451 0.0422998 0.0796781 0.1678226 0.0337414 0.0361604 0.0439418 0.1086418 0.0417319 0.0345929 0.1104233 0.0870873 0.0809335 0.0790964 0.0515480 0.0806601 0.0706826 0.0449114 0.0986129 0.0660545 0.0899159 0.0221103 0.0927120 0.0421217 0.0351527 0.0873893 0.1262541 0.1001901 0.0873307 0.0471366 0.0209734 0.1390375 0.0776191 0.0932795 0.0775146 0.1317598 0.0817053 0.0973074 0.1144584 0.0638813 0.0471366 0.0557271 0.0544664 0.1210997 0.0544706 0.1071968 0.0723308 0.0498517 0.1014509 0.0521234 0.0622101 0.0534897 0.0574549 0.1670288 0.0989554 0.0293933 0.0903316 0.1080031 0.0881230 0.0724965 0.0736611 0.0963151 0.0798762 0.0426879 0.0974259 0.0586241 0.0620997 0.0337971 0.1333226 0.1078935 0.0902318 0.1480329 0.0608351 0.0705770 0.0422998 0.0723699 0.0460579 0.0523237 0.1389185 0.1240544 0.1155941 0.1159788 0.0584669 0.0426415 0.1072675 0.1000384 0.0922907 0.0917509 0.1647065 0.1032289 0.0414436 0.0425329 0.0440677 0.0612672 0.0449043 0.0534885 0.0485525 0.0758362 0.1005874 0.1086418 0.0618463 0.0460407 0.0419568 0.0809887 0.0435265 0.1059732 0.0473012 0.0838357 0.0999086 0.1193414 0.0415023 
S0946       0.0605579 0.0000000 0.1068114 0.0059942 0.0519381 0.0315926 0.0995577 0.1149461 0.1208445 0.1196468 0.0184370 0.0395874 0.0745241 0.0514181 0.0589718 0.0270498 0.0649902 0.0312738 0.0251328 0.0914735 0.0704128 0.0391277 0.0434049 0.0000023 0.0422169 0.0063087 0.0395002 0.0062780 0.0720432 0.0064043 0.0472747 0.0414251 0.0898115 0.0520385 0.0274497 0.0125314 0.0255731 0.0182627 0.0313316 0.0316971 0.0288014 0.1133952 0.0129557 0.0499463 0.0810437 0.0526867 0.0740018 0.0562593 0.0504841 0.0684738 0.0377894 0.1430889 0.0393854 0.0470759 0.0885466 0.0392409 0.1056902 0.0796681 0.0059531 0.0213777 0.0187898 0.0492540 0.0059960 0.0477319 0.0470091 0.0603722 0.0490531 0.0059531 0.0588810 0.0660512 0.0061041 0.0350397 0.0183133 0.0389303 0.0500940 0.0904411 0.0245578 0.0529735 0.0380466 0.0479113 0.0244102 0.1162519 0.0285008 0.0394415 0.0912016 0.0655932 0.0120033 0.0999430 0.0337696 0.0349680 0.0064010 0.0184734 0.0259276 0.0123865 0.0420406 0.0249989 0.0703456 0.0825890 0.0514181 0.0511013 0.0514181 0.0530997 0.0927626 0.1244893 0.0357155 0.0675243 0.0272435 0.0060664 0.0570225 0.0537371 0.0121608 0.0389303 0.0522959 0.0647522 0.0402744 0.0450893 0.0129424 0.0518875 0.0397991 0.0313231 0.0740562 0.0386492 0.0521868 0.0393854 0.0513753 0.0833133 0.0681059 0.0342498 0.0128047 0.1173211 0.0391853 0.0394415 0.0600008 0.0982896 0.0381930 0.0665640 0.0059942 0.0588810 0.0653744 0.0426888 0.0663978 0.0740530 0.0119999 0.0347591 0.0934514 0.0404906 0.0392410 0.0486111 0.0184954 0.0315755 0.1229333 0.0516799 0.0415910 0.1253294 0.0721302 0.1265638 0.0580427 0.0891222 0.0059531 0.0829749 0.1152813 0.0440283 0.0516799 0.0442370 0.0063057 0.0629451 0.0351199 0.0059531 0.0519212 0.0061853 0.0392383 0.0194445 0.0426345 0.0065676 0.0540435 0.1057925 0.0489471 0.0434732 0.1080431 0.1088225 0.0514181 0.0983347 0.0061017 0.0451024 0.0583684 0.0400267 0.0925720 0.1001847 0.0511148 0.0597601 0.1227948 0.0312277 0.0120356 0.1587751 0.1033707 0.0586193 0.0266088 0.1095504 0.0929105 0.0000027 0.0461871 0.0728526 0.0947316 0.0120113 0.0458500 0.0470950 0.0181762 0.0121711 0.0551143 0.0183082 0.1647143 0.0896913 0.0392410 0.0408249 0.0274876 0.0065591 0.0139143 0.0337333 0.0289430 0.0553909 0.0922089 0.1173211 0.0345445 0.0366109 0.0393830 0.0382183 0.0334396 0.1336695 0.0521302 0.0060772 0.0183820 0.1007373 0.0526018 
S0436       0.0919295 0.1068114 0.0000000 0.1278467 0.1688450 0.1484772 0.2048444 0.1917028 0.0506679 0.2625968 0.1855734 0.1717343 0.1652718 0.1744032 0.1575159 0.1046881 0.1463878 0.2082442 0.1347161 0.1848877 0.2036669 0.1693740 0.1396755 0.1303386 0.1795446 0.1098119 0.1696816 0.1194456 0.1616020 0.1189965 0.1403948 0.1102631 0.1622134 0.1950792 0.1246911 0.1104169 0.1515335 0.1865127 0.1759004 0.1510716 0.1199822 0.1582824 0.1446499 0.1815281 0.1879762 0.1912875 0.1632001 0.1360603 0.1470358 0.1572801 0.1150791 0.2053660 0.1627912 0.1219528 0.1432568 0.1582108 0.1906473 0.0690362 0.1667619 0.1158858 0.1443017 0.1719249 0.1615604 0.1346100 0.1254359 0.1396133 0.0674349 0.1485978 0.1552308 0.1291861 0.1530782 0.1308643 0.1474414 0.1683694 0.1559722 0.1478385 0.1675701 0.2283998 0.1942848 0.1870962 0.1632150 0.2810860 0.1187165 0.1709410 0.1785780 0.1427524 0.1647863 0.1392628 0.0883255 0.1378405 0.1227232 0.1806964 0.1864900 0.1591526 0.1384746 0.1938100 0.0826746 0.1545914 0.1653098 0.1894395 0.1653098 0.1828052 0.1814767 0.2401418 0.0887650 0.1105039 0.1321929 0.1435945 0.1565245 0.1598703 0.1560762 0.1683694 0.1381157 0.2073748 0.1729892 0.1860596 0.1245562 0.1653532 0.1726692 0.1189822 0.2007369 0.1781672 0.2121424 0.1721834 0.1897195 0.2577868 0.1390157 0.1117219 0.1210305 0.2322729 0.1696818 0.1611991 0.1867826 0.1446348 0.1846013 0.1900323 0.1278467 0.1761612 0.1609715 0.0805366 0.1401919 0.0454912 0.1573138 0.1362843 0.2178959 0.1241164 0.1739369 0.2094199 0.1872492 0.1723245 0.1928123 0.1070376 0.0960105 0.2333781 0.1641082 0.1492771 0.1795381 0.1839724 0.1485978 0.2046469 0.2155476 0.1226617 0.1070376 0.1367341 0.1017953 0.1821135 0.1058465 0.1666718 0.1565998 0.1433344 0.1778540 0.1058022 0.1459679 0.1522327 0.1444180 0.1899312 0.1958322 0.0776160 0.2510417 0.1796131 0.1657381 0.1955515 0.1586880 0.1959643 0.1653098 0.1739145 0.1793662 0.1468115 0.1720473 0.1647442 0.2408696 0.1497284 0.1578401 0.2041714 0.0871175 0.1809486 0.1470001 0.1663626 0.1162247 0.1321682 0.2024018 0.2156686 0.2358619 0.1851376 0.1735124 0.1816568 0.1774733 0.1690982 0.1699473 0.1603068 0.2707512 0.2203814 0.1699180 0.1548447 0.1143658 0.1442651 0.0937994 0.1349388 0.1529541 0.1343194 0.1993488 0.2322729 0.1272442 0.1008219 0.1696094 0.1749361 0.1487555 0.1744442 0.1260211 0.1524295 0.1676374 0.2406187 0.1218102 
S0435       0.0515480 0.0059942 0.1278467 0.0000000 0.0427968 0.0305606 0.1016266 0.1024459 0.1431848 0.1309989 0.0175138 0.0317257 0.0874209 0.0554455 0.0579803 0.0265542 0.0549730 0.0296813 0.0310614 0.0956516 0.0949216 0.0313723 0.0502492 0.0066846 0.0555513 0.0000025 0.0316596 0.0000023 0.0712292 0.0000025 0.0529308 0.0327256 0.0789650 0.0502671 0.0200876 0.0059414 0.0181653 0.0173563 0.0425948 0.0303278 0.0211662 0.1189492 0.0122657 0.0481346 0.0786338 0.0575893 0.0648227 0.0464025 0.0423412 0.0647223 0.0213658 0.1369378 0.0318021 0.0453534 0.0868128 0.0314600 0.0928217 0.0863738 0.0056631 0.0211897 0.0117924 0.0566770 0.0000026 0.0396122 0.0387256 0.0581010 0.0479239 0.0000022 0.0559071 0.0714522 0.0117661 0.0201712 0.0115113 0.0312201 0.0335898 0.0870756 0.0233898 0.0728941 0.0236612 0.0394356 0.0231899 0.1388838 0.0209502 0.0316145 0.0801296 0.0563805 0.0056631 0.1109550 0.0263690 0.0274230 0.0000023 0.0177127 0.0247211 0.0117120 0.0410120 0.0301537 0.0600022 0.0968757 0.0488649 0.0496859 0.0488649 0.0585334 0.0806244 0.1197568 0.0202559 0.0566856 0.0259248 0.0058064 0.0559346 0.0440270 0.0057744 0.0312201 0.0365264 0.0605675 0.0322566 0.0498885 0.0061258 0.0362720 0.0318907 0.0365923 0.0714644 0.0305050 0.0491074 0.0318015 0.0429746 0.0952727 0.0643359 0.0515828 0.0122673 0.1298142 0.0314168 0.0316145 0.0563519 0.1008645 0.0435446 0.0646266 0.0000010 0.0559071 0.0487189 0.0495091 0.0571020 0.0866622 0.0056615 0.0266639 0.1058050 0.0396135 0.0316896 0.0611752 0.0237798 0.0363045 0.1099567 0.0412910 0.0324507 0.1367967 0.0700562 0.1117767 0.0490922 0.1075400 0.0000022 0.0804482 0.1095730 0.0279590 0.0412910 0.0294901 0.0000023 0.0594354 0.0421365 0.0056631 0.0362949 0.0000029 0.0448815 0.0187021 0.0348174 0.0062289 0.0376770 0.1082045 0.0615852 0.0350255 0.1098692 0.0941429 0.0553976 0.0781700 0.0058127 0.0493501 0.0554455 0.0320647 0.1131974 0.0994430 0.0495786 0.0651939 0.1450632 0.0237750 0.0056781 0.1619561 0.0881440 0.0621645 0.0256317 0.1065755 0.0909978 0.0000029 0.0583204 0.0864169 0.0906649 0.0114228 0.0372172 0.0457258 0.0172783 0.0115673 0.0694673 0.0115082 0.1841911 0.0921507 0.0314599 0.0326786 0.0199601 0.0062212 0.0066981 0.0254921 0.0133737 0.0532481 0.0956124 0.1298142 0.0269577 0.0360376 0.0315695 0.0369550 0.0256552 0.1371477 0.0514735 0.0000025 0.0115516 0.1132167 0.0432258 
S1103       0.0556887 0.0519381 0.1688450 0.0427968 0.0000000 0.1049988 0.1166051 0.1174940 0.1629514 0.1739780 0.0878947 0.0698804 0.1101351 0.1004306 0.1123149 0.0744893 0.0712889 0.1179199 0.0991833 0.1443533 0.1421725 0.0690981 0.0922977 0.0558449 0.1064903 0.0320264 0.0697300 0.0318391 0.1222746 0.0320115 0.0845106 0.0505509 0.0945161 0.1126615 0.0604669 0.0779975 0.0545579 0.1020723 0.1263176 0.0604907 0.0559672 0.1517635 0.0585472 0.0743115 0.1253622 0.1107941 0.1032615 0.0772918 0.0763820 0.0953704 0.0345230 0.1596403 0.0700426 0.0556541 0.1113700 0.0620527 0.1098515 0.1020926 0.0873761 0.0737230 0.0837124 0.1099519 0.0821022 0.0715314 0.0627924 0.0891640 0.0588879 0.0873761 0.1012801 0.1100604 0.0975457 0.0692079 0.0879221 0.0687621 0.0749447 0.1271151 0.0877181 0.1382918 0.0665510 0.0789303 0.0721981 0.1211598 0.0550145 0.0696292 0.0958452 0.1072112 0.0727402 0.0950924 0.0449077 0.0690170 0.0726177 0.0966241 0.0927511 0.0501095 0.0831473 0.1121820 0.0629124 0.0962118 0.0933735 0.0869751 0.0933735 0.1390080 0.0964130 0.1336287 0.0324338 0.0749846 0.0654039 0.0902318 0.0826000 0.0679029 0.0835725 0.0687621 0.0526766 0.1101625 0.0710376 0.0942329 0.0593715 0.0529470 0.0631582 0.0664125 0.1148509 0.0681703 0.0856949 0.0700419 0.0949741 0.1935670 0.0799687 0.0850106 0.0584358 0.1546386 0.0691973 0.0626232 0.1193783 0.1084563 0.1048259 0.1033605 0.0427968 0.1012801 0.0455583 0.0761455 0.1114349 0.1250552 0.0943200 0.0525785 0.1357363 0.0713833 0.0706492 0.1203014 0.1096230 0.1112672 0.1247524 0.0454830 0.0504695 0.1721365 0.1154295 0.1362798 0.1013553 0.1394492 0.0873761 0.1282781 0.1243760 0.0623629 0.0454830 0.0522351 0.0322499 0.1142960 0.0851814 0.0873264 0.0594635 0.0482111 0.1341290 0.0723798 0.0685304 0.0655182 0.0752461 0.1660287 0.1297041 0.0393800 0.0878646 0.1100611 0.1077508 0.1179648 0.0413739 0.0932315 0.1004306 0.0706213 0.1603165 0.1330848 0.0867949 0.0743459 0.1616933 0.0971361 0.0945978 0.1870461 0.0986913 0.0992928 0.0645720 0.1119181 0.1009911 0.0306724 0.1658501 0.1355606 0.1447488 0.1014668 0.0832890 0.0849452 0.1015232 0.0883954 0.1189710 0.1023095 0.2525322 0.1294829 0.0692881 0.0644204 0.0595156 0.0654349 0.0400133 0.0882392 0.0471669 0.0781205 0.1187432 0.1546386 0.0684748 0.0478910 0.0695288 0.1123102 0.0724585 0.1432383 0.0702430 0.0892852 0.1027827 0.1744168 0.0722945 
SRR8528391  0.0895301 0.0315926 0.1484772 0.0305606 0.1049988 0.0000000 0.1453158 0.1534834 0.1623746 0.1427619 0.0907014 0.0561925 0.1295453 0.1107139 0.0705396 0.0588988 0.0952671 0.0980722 0.0692283 0.1304782 0.0976055 0.0555742 0.0768425 0.0656025 0.0757660 0.0326582 0.0560739 0.0257552 0.0984865 0.0329541 0.0779974 0.0824893 0.1277789 0.0536199 0.0391411 0.0654382 0.0704971 0.0827777 0.1130623 0.0768783 0.0411856 0.1463567 0.0387758 0.1020364 0.1102511 0.0974437 0.0958348 0.0698494 0.0697488 0.1322298 0.0741932 0.1912971 0.0563216 0.0917715 0.1322028 0.0557251 0.1510626 0.1221394 0.0685342 0.0274850 0.0785930 0.0621512 0.0630491 0.0583051 0.0779119 0.1049137 0.0837979 0.0685342 0.1116820 0.1119715 0.0772177 0.0404994 0.0829939 0.0553087 0.0611783 0.1290579 0.0972962 0.0926152 0.0756446 0.0646146 0.0676681 0.1818237 0.0407749 0.0559947 0.1506496 0.1023743 0.0815412 0.1757614 0.0664229 0.0545440 0.0527427 0.0917063 0.1111571 0.0579186 0.0615432 0.0922289 0.1176426 0.1484214 0.1033322 0.0733155 0.1033322 0.1143530 0.1516486 0.1566427 0.0714705 0.1225067 0.0535738 0.0701582 0.0685609 0.0912822 0.0864837 0.0553087 0.0980627 0.1059711 0.0571097 0.1054500 0.0461921 0.0972210 0.0636820 0.0887378 0.1167424 0.0784004 0.1110710 0.0563215 0.0809465 0.1656733 0.1215921 0.0656307 0.0306990 0.1507323 0.0556520 0.0559947 0.1312821 0.1634126 0.0472050 0.0889035 0.0305606 0.1116820 0.1184688 0.0620090 0.1035281 0.1069962 0.0753206 0.0771713 0.1266648 0.0578847 0.0640623 0.0809090 0.1048755 0.1064889 0.1614247 0.0949904 0.0826695 0.1470721 0.1171250 0.1760814 0.0945264 0.1342447 0.0685342 0.1127697 0.1539598 0.0566111 0.0949904 0.0815899 0.0328905 0.1019400 0.0544547 0.0684934 0.0900973 0.0299091 0.1093146 0.0657660 0.0546075 0.0248556 0.0795814 0.1564355 0.0740379 0.0789420 0.1680926 0.1399674 0.1183884 0.1495717 0.0485229 0.1042842 0.1107139 0.0567794 0.1409400 0.1273948 0.0880413 0.0968193 0.1272997 0.0906189 0.0755446 0.2101385 0.1410468 0.1107100 0.0434833 0.1595669 0.1315612 0.0382627 0.1233257 0.1021188 0.1092067 0.0822927 0.0866932 0.0632592 0.0823408 0.0764322 0.0793172 0.0829742 0.2139998 0.1424744 0.0557253 0.0578473 0.0457667 0.0249919 0.0408553 0.0679262 0.0645729 0.1014415 0.1318056 0.1507323 0.0324441 0.0486194 0.0630478 0.0409155 0.0447213 0.2059237 0.0807243 0.0700290 0.0833502 0.1402335 0.0979770 
S0656sl     0.0885531 0.0995577 0.2048444 0.1016266 0.1166051 0.1453158 0.0000000 0.0740350 0.2479840 0.1489546 0.1797293 0.0759463 0.1275261 0.1023804 0.1126354 0.0596980 0.1309688 0.1887619 0.1321303 0.1618193 0.1149315 0.0750974 0.0688312 0.1055355 0.1349807 0.1093450 0.0757814 0.0745556 0.1236223 0.1011181 0.0700632 0.0733734 0.0405762 0.1538390 0.0761877 0.1280242 0.1138777 0.1505384 0.1813125 0.1202370 0.0567064 0.1785785 0.0984848 0.1259099 0.1023666 0.1907289 0.1140597 0.0860919 0.0931388 0.0965947 0.0673193 0.0806967 0.0761206 0.1089345 0.1350573 0.0753028 0.0718301 0.1653573 0.1517478 0.0661035 0.1499693 0.1093671 0.1467991 0.0945249 0.0237342 0.1215574 0.0904453 0.1353885 0.1032616 0.1420828 0.1402815 0.0858433 0.1527784 0.0747330 0.0683375 0.0817019 0.1694616 0.1498480 0.1511617 0.0851790 0.1405462 0.2086297 0.0557291 0.0756719 0.0477385 0.1324740 0.1500718 0.1450114 0.0745980 0.0607876 0.1318169 0.1639914 0.1807353 0.1111485 0.1002543 0.1829022 0.0879334 0.0817574 0.0951843 0.0937622 0.0951843 0.1864444 0.0356745 0.1458490 0.0783245 0.0849619 0.1331583 0.1320263 0.0608622 0.0899643 0.1495633 0.0747330 0.0810630 0.1969255 0.0697115 0.1431101 0.1164619 0.1023321 0.0847987 0.1029232 0.1336171 0.1569564 0.1489531 0.0761204 0.1515637 0.2695948 0.1194826 0.0670458 0.1044917 0.1209306 0.0752051 0.0686249 0.1758903 0.0668934 0.1450140 0.1029493 0.1016266 0.1032616 0.1004885 0.0614282 0.1301403 0.2040642 0.1432598 0.0902009 0.1011906 0.0572182 0.0778949 0.1391800 0.1786545 0.1469180 0.0663355 0.1201258 0.0879598 0.1299347 0.1575410 0.1640227 0.1252238 0.1008404 0.1353885 0.1046729 0.0404949 0.0710182 0.1201258 0.0943907 0.1101885 0.1907509 0.0694599 0.1516691 0.0952447 0.0982400 0.1818332 0.1036998 0.0927436 0.1045088 0.1061555 0.2127413 0.1394599 0.0862245 0.1801424 0.0738116 0.1098486 0.0672046 0.1209181 0.1418579 0.1023804 0.0767479 0.2009649 0.1597036 0.1094180 0.1021644 0.1697788 0.1482910 0.1437018 0.2004987 0.1104242 0.0871642 0.0783961 0.0621502 0.0947176 0.0889780 0.2166630 0.1716308 0.1207107 0.1682935 0.0836334 0.0920732 0.1683775 0.1536902 0.1360080 0.1527472 0.2140323 0.0222003 0.0753028 0.0711032 0.0678850 0.1028093 0.0632371 0.1300658 0.1046869 0.1185123 0.1129915 0.1209306 0.0766381 0.0714442 0.0768629 0.1366954 0.0806777 0.0974111 0.0967865 0.1385788 0.1535436 0.1327941 0.1085653 
S1251       0.0795543 0.1149461 0.1917028 0.1024459 0.1174940 0.1534834 0.0740350 0.0000000 0.2336613 0.1850071 0.1811828 0.0909715 0.1242465 0.0944930 0.1203042 0.0674585 0.1319673 0.1902956 0.1311537 0.1688015 0.1323940 0.0899270 0.0763543 0.1074514 0.1648358 0.1020333 0.0907674 0.0851132 0.1227205 0.1019881 0.0694129 0.0648626 0.0403673 0.1621770 0.0756136 0.1462991 0.1147758 0.1707830 0.1901933 0.1108166 0.0560791 0.1339483 0.0993735 0.1449023 0.0877072 0.1787570 0.1223912 0.0672460 0.0839377 0.0973378 0.0425725 0.0878929 0.0911828 0.0995908 0.1087606 0.0901777 0.0878582 0.1536838 0.1529467 0.0735749 0.1511975 0.1187394 0.1479782 0.0861805 0.0297935 0.1119888 0.0813347 0.1364502 0.0952943 0.1166741 0.1485220 0.0855748 0.1539928 0.0894795 0.0834073 0.0955684 0.1708169 0.1865669 0.1523549 0.0931973 0.1416344 0.1989998 0.0551219 0.0906322 0.0551112 0.1228508 0.1512481 0.1446755 0.0586644 0.0608240 0.1329386 0.1653173 0.1915815 0.1041887 0.0906906 0.1844027 0.0800800 0.0676085 0.0874674 0.1079392 0.0874674 0.1544703 0.0624734 0.1736296 0.0691241 0.0855158 0.1147569 0.1401163 0.0838103 0.1062255 0.1507831 0.0894795 0.0816745 0.1789824 0.0700314 0.1609771 0.1359125 0.1031104 0.0914238 0.0942158 0.1239609 0.1582357 0.1497295 0.0911829 0.1411498 0.2442302 0.1271281 0.0566371 0.0958028 0.1552122 0.0900601 0.0832481 0.1773445 0.0802744 0.1531520 0.1026809 0.1024459 0.0952943 0.1012402 0.0603701 0.1285846 0.1910090 0.1443859 0.1009115 0.1364816 0.0566762 0.0844785 0.1589243 0.1613009 0.1392201 0.0530545 0.1299227 0.0884527 0.1652814 0.1470464 0.1395423 0.1244929 0.1321893 0.1364502 0.1196969 0.0951710 0.0704641 0.1299227 0.0951014 0.1028216 0.2033514 0.0682527 0.1528672 0.0959678 0.1074742 0.1497313 0.0950907 0.0839709 0.1236558 0.1067318 0.2226577 0.1580644 0.0769256 0.1710869 0.0751773 0.1017712 0.0752779 0.1297517 0.1591329 0.0944930 0.0919537 0.1779162 0.1149420 0.1077154 0.1018995 0.1871272 0.1468519 0.1448342 0.1877748 0.0828539 0.1156643 0.0862891 0.0618358 0.0692511 0.1053420 0.1847920 0.1875951 0.1472053 0.1696306 0.1080862 0.0991814 0.1697154 0.1549186 0.1433750 0.1539611 0.2583543 0.0863131 0.0901777 0.0863323 0.0450893 0.1234806 0.0706540 0.1423036 0.1053287 0.1087183 0.1297230 0.1552122 0.0836947 0.0786762 0.0833573 0.1446798 0.0721205 0.1121682 0.0779781 0.1396878 0.1547704 0.1693234 0.1019247 
S0403sl     0.0805612 0.1208445 0.0506679 0.1431848 0.1629514 0.1623746 0.2479840 0.2336613 0.0000000 0.2983107 0.2089544 0.1653549 0.1635624 0.2068318 0.1402873 0.1155301 0.1584376 0.2323122 0.1666326 0.1788522 0.1906054 0.1631700 0.1503440 0.1907574 0.1719373 0.1254178 0.1649116 0.1356892 0.1753851 0.1148487 0.1364702 0.1097017 0.1837349 0.2091637 0.1195859 0.1575432 0.1473125 0.2099930 0.2138558 0.1383393 0.1154541 0.1712011 0.1609775 0.1835679 0.2016373 0.1637195 0.1436553 0.1511942 0.1384135 0.1625478 0.0927168 0.2025685 0.1567981 0.1428719 0.1250278 0.1525463 0.2219601 0.0817901 0.1897457 0.1203509 0.1863111 0.1417943 0.1848973 0.1042733 0.1549243 0.1717321 0.0834627 0.1897457 0.1867855 0.1332528 0.1912351 0.1242772 0.1882518 0.1622394 0.1593368 0.2386291 0.2301352 0.2430869 0.1890678 0.1798420 0.1590851 0.2692983 0.1136124 0.1646215 0.2208737 0.2074812 0.2066008 0.2069695 0.1190957 0.1298087 0.1532530 0.2245493 0.2319166 0.1826988 0.1289004 0.2180568 0.0889496 0.1800881 0.1974246 0.1825768 0.1974246 0.2068692 0.2243793 0.2295590 0.0960233 0.1319592 0.1469364 0.1831504 0.1588960 0.1252202 0.1891065 0.1622394 0.1673303 0.1851151 0.1594421 0.1787603 0.1381650 0.1768528 0.1662252 0.1475790 0.2026355 0.1494201 0.2041919 0.1657722 0.1936846 0.2885721 0.1602096 0.1401046 0.1442439 0.2548758 0.1634545 0.1553241 0.2506109 0.1837375 0.1985687 0.1753820 0.1431848 0.2089229 0.1902446 0.0933682 0.1952519 0.0303837 0.1989316 0.1408075 0.2333352 0.1207108 0.1673970 0.2003685 0.2258688 0.2158351 0.2349196 0.1211034 0.1087136 0.2649231 0.2036124 0.1897277 0.2115452 0.2491178 0.1897457 0.2069300 0.2594580 0.1161827 0.1211034 0.1397988 0.1267878 0.1826223 0.1114938 0.1896513 0.1682071 0.1223029 0.2121627 0.1562060 0.1305148 0.1288068 0.1493932 0.2729560 0.2025072 0.0863927 0.2285979 0.2125345 0.1979419 0.2345458 0.1546107 0.1886684 0.2068318 0.1673734 0.2030534 0.1487933 0.1745569 0.1767354 0.2260295 0.2101957 0.1995913 0.2971305 0.1412351 0.1798713 0.1416260 0.1696105 0.1484587 0.1480016 0.2593883 0.2372712 0.2160048 0.2084391 0.1997375 0.1748215 0.2007586 0.1923924 0.1504910 0.2026578 0.3361500 0.2636716 0.1636752 0.1491591 0.1163105 0.1494810 0.0826409 0.1887978 0.1302556 0.1669421 0.2548372 0.2548758 0.1311503 0.0972024 0.1543272 0.1888575 0.1527183 0.1817668 0.1134216 0.1947005 0.2022679 0.2396633 0.1165116 
S0739       0.1410290 0.1196468 0.2625968 0.1309989 0.1739780 0.1427619 0.1489546 0.1850071 0.2983107 0.0000000 0.2213121 0.1219471 0.1953213 0.1311657 0.1655733 0.1234890 0.1877624 0.2215591 0.1605471 0.1908315 0.1517376 0.1204865 0.1539404 0.1123783 0.1474166 0.1236587 0.1216573 0.1054745 0.1316664 0.1334193 0.1319489 0.1355241 0.1577491 0.1489241 0.1065980 0.1683991 0.1620674 0.2100504 0.2044175 0.1579329 0.0948795 0.2440931 0.1397882 0.1813043 0.1558286 0.2072224 0.1712186 0.1411970 0.1438413 0.1456546 0.0999715 0.1895892 0.1134104 0.1772765 0.2247706 0.1208318 0.1623181 0.2022457 0.1910154 0.0981114 0.1544416 0.1539926 0.1864817 0.1178635 0.1154483 0.1979206 0.1417069 0.1735508 0.1323181 0.1941134 0.1627944 0.1175373 0.1747334 0.1198620 0.1063628 0.1643634 0.1743261 0.1777626 0.1733854 0.1335105 0.1620962 0.2563959 0.0938665 0.1214664 0.1698093 0.1924566 0.1716729 0.1865848 0.1276696 0.1257224 0.1553683 0.1865514 0.1830065 0.1414496 0.1332851 0.2031576 0.1831773 0.1984498 0.1235753 0.1374817 0.1235753 0.2164678 0.1722164 0.2447506 0.1289482 0.1757352 0.1561693 0.1614627 0.0667494 0.1737810 0.1913572 0.1198620 0.1598093 0.2227841 0.1153585 0.1934250 0.1665655 0.1735125 0.1304420 0.1937004 0.1668339 0.1800390 0.2261359 0.1222353 0.1908189 0.2851405 0.1972581 0.1215568 0.1374311 0.0982225 0.1206743 0.1214664 0.2198359 0.1644274 0.1672083 0.1486930 0.1309989 0.1323181 0.1813310 0.1187684 0.1904490 0.2520493 0.1819078 0.1322027 0.1456607 0.1080376 0.1312820 0.1603029 0.1808884 0.2012831 0.1932655 0.1824740 0.1554693 0.1044895 0.1967376 0.2439919 0.1622452 0.0867669 0.1735508 0.1509392 0.1574585 0.1209540 0.1824740 0.1723332 0.1150604 0.2054285 0.1090686 0.1909266 0.1574955 0.1275013 0.2144119 0.1429290 0.1258202 0.1180531 0.1388574 0.2770467 0.1606040 0.1563677 0.2382900 0.1522880 0.1390900 0.1686165 0.1433976 0.1971370 0.1311657 0.1151587 0.2687749 0.2133088 0.1533528 0.1496266 0.2142631 0.1718782 0.1824699 0.2688834 0.2049791 0.1383341 0.1181417 0.1848742 0.2092719 0.1356779 0.2504331 0.2432355 0.1369035 0.2085900 0.1368604 0.1304435 0.2086823 0.2029248 0.1417072 0.1923010 0.2330622 0.1461103 0.1208317 0.1099876 0.1064326 0.1437772 0.0930710 0.1560943 0.1284106 0.1784055 0.1541190 0.0982225 0.1072577 0.1310140 0.1136035 0.1756604 0.1024921 0.1871178 0.1503421 0.1777322 0.1845761 0.1489086 0.1820146 
S0268       0.1260209 0.0184370 0.1855734 0.0175138 0.0878947 0.0907014 0.1797293 0.1811828 0.2089544 0.2213121 0.0000000 0.0938024 0.1554917 0.1241657 0.0973214 0.0992815 0.1083445 0.0284361 0.0690828 0.1740399 0.1686523 0.0926947 0.1045439 0.0408036 0.1247572 0.0186607 0.0935855 0.0187232 0.1332002 0.0188222 0.1187068 0.1047511 0.1536320 0.1132893 0.0766620 0.0295417 0.0696214 0.0281724 0.0728311 0.0829445 0.0729259 0.1997695 0.0448103 0.1095720 0.1529881 0.1128862 0.1256743 0.0894727 0.1029333 0.1208821 0.0919524 0.2218064 0.0940252 0.1095366 0.1791808 0.0922212 0.1765737 0.1582007 0.0165606 0.0751071 0.0414681 0.1119120 0.0168963 0.0959959 0.1098699 0.1223708 0.1164419 0.0280838 0.1252530 0.1528632 0.0411340 0.0628394 0.0402398 0.0922208 0.0827862 0.1552471 0.0525372 0.1312299 0.0808773 0.1042023 0.0797561 0.1988066 0.0721517 0.0934423 0.1559933 0.1260783 0.0338587 0.1647837 0.0989427 0.0869840 0.0303809 0.0471318 0.0488193 0.0297021 0.1014867 0.0472589 0.1353400 0.1661833 0.1166546 0.1111552 0.1166546 0.0996207 0.1570182 0.1771200 0.0771264 0.1285165 0.0668428 0.0289125 0.1354394 0.1224100 0.0355536 0.0922208 0.1034572 0.1204621 0.0954249 0.1041282 0.0313839 0.0881418 0.0942806 0.0876567 0.1269724 0.0756986 0.0950566 0.0940260 0.0890005 0.1285167 0.1287934 0.0972182 0.0374110 0.2236821 0.0928364 0.0934423 0.0668912 0.1694574 0.1054096 0.1293465 0.0175138 0.1252530 0.1086740 0.1015469 0.1291526 0.1496669 0.0339437 0.1077779 0.1850689 0.1046165 0.0779879 0.1215843 0.0539305 0.0729211 0.1895522 0.0928983 0.0889456 0.2328748 0.1417657 0.1944512 0.1098337 0.1768529 0.0280838 0.1567327 0.1891623 0.0888279 0.0928983 0.0869294 0.0187879 0.1258469 0.0866509 0.0280068 0.0954765 0.0557292 0.0847495 0.0506629 0.0862127 0.0664018 0.1075343 0.1543079 0.1142343 0.1039874 0.1806190 0.1640205 0.1319949 0.1619796 0.0615296 0.1029897 0.1241657 0.0948433 0.1930126 0.1806604 0.1109193 0.1384584 0.2119555 0.0410874 0.0340376 0.2214512 0.1614211 0.1396831 0.0811530 0.1767422 0.1602608 0.0180496 0.0902587 0.1549742 0.1725190 0.0280306 0.0988801 0.1103334 0.0280473 0.0225329 0.1226105 0.0402299 0.2666386 0.1690563 0.0929598 0.0959519 0.0916162 0.0591935 0.0639596 0.0582771 0.0780049 0.1193386 0.1558520 0.2236821 0.0775389 0.0984733 0.0932990 0.0834721 0.0664272 0.2120637 0.1063764 0.0286377 0.0403873 0.1956771 0.1114199 
SRR8528388  0.0419597 0.0395874 0.1717343 0.0317257 0.0698804 0.0561925 0.0759463 0.0909715 0.1653549 0.1219471 0.0938024 0.0000000 0.0838032 0.0833650 0.0411012 0.0256011 0.0755167 0.1014680 0.0788156 0.0430739 0.0654806 0.0000024 0.0196646 0.0659981 0.0790273 0.0337149 0.0000029 0.0333986 0.0605648 0.0343155 0.0241844 0.0391923 0.0689305 0.0847717 0.0000026 0.0752197 0.0374540 0.0712024 0.1170767 0.0503678 0.0000021 0.1296763 0.0555776 0.0642428 0.0547745 0.0924353 0.0291937 0.0071147 0.0194523 0.1028183 0.0442491 0.1077360 0.0000022 0.0652598 0.0902201 0.0000029 0.0610470 0.0988415 0.0707624 0.0000021 0.0800938 0.0476477 0.0651195 0.0060241 0.0243644 0.0855721 0.0618993 0.0707624 0.0840864 0.0824685 0.0798291 0.0064975 0.0857793 0.0000024 0.0062693 0.0924366 0.1006364 0.1106955 0.0630240 0.0058235 0.0557390 0.1430106 0.0000021 0.0000029 0.0861242 0.0676480 0.0842312 0.1255125 0.0393757 0.0000027 0.0543006 0.0948739 0.1152733 0.0602388 0.0127098 0.0804467 0.0820999 0.0855261 0.0762955 0.0056047 0.0762955 0.1184683 0.0879883 0.0911298 0.0415639 0.0727195 0.0695970 0.0725000 0.0397527 0.0793490 0.0895123 0.0000024 0.0632641 0.1104422 0.0000021 0.0706984 0.0551429 0.0555683 0.0000029 0.0622562 0.0260681 0.0730105 0.0764888 0.0000029 0.0424997 0.1721576 0.0928720 0.0239924 0.0318747 0.1195245 0.0000029 0.0000029 0.1205767 0.0991913 0.0773863 0.0295428 0.0317257 0.0840864 0.0759221 0.0196485 0.0705659 0.1235149 0.0777966 0.0624371 0.1033260 0.0121320 0.0000023 0.0847857 0.1085327 0.1102493 0.0980741 0.0571824 0.0540347 0.1363491 0.0750508 0.1453516 0.0355064 0.1218147 0.0707624 0.0559467 0.0917984 0.0065680 0.0571824 0.0421973 0.0342464 0.1149253 0.0197721 0.0707191 0.0490342 0.0306371 0.1132923 0.0603026 0.0195254 0.0396196 0.0514324 0.1721214 0.1016490 0.0488387 0.1184344 0.1015556 0.0906768 0.1097046 0.0509664 0.0699210 0.0833650 0.0000029 0.1254555 0.1098627 0.0171777 0.0554086 0.1060188 0.0937192 0.0780355 0.1760420 0.0853994 0.0546601 0.0000021 0.0944964 0.0796155 0.0397942 0.1181084 0.0844576 0.0987852 0.0850298 0.0441778 0.0000023 0.0850809 0.0789840 0.0450312 0.0857585 0.2112494 0.0827422 0.0000024 0.0000029 0.0062316 0.0466271 0.0065890 0.0770214 0.0352451 0.0814737 0.1183571 0.1195245 0.0062697 0.0065527 0.0000029 0.0702183 0.0061007 0.1266426 0.0203006 0.0723591 0.0861622 0.1275768 0.0765943 
SRR8528338  0.0707482 0.0745241 0.1652718 0.0874209 0.1101351 0.1295453 0.1275261 0.1242465 0.1635624 0.1953213 0.1554917 0.0838032 0.0000000 0.1179975 0.1019377 0.0735073 0.1247089 0.1556523 0.1001437 0.1517322 0.1402353 0.0828501 0.0837884 0.0733568 0.1552636 0.0940041 0.0836179 0.0776310 0.0949366 0.0859909 0.0997972 0.0660247 0.1084134 0.1461616 0.0598962 0.1114715 0.0996849 0.1457801 0.1522717 0.0909675 0.0705508 0.1347123 0.0838240 0.1188564 0.1258042 0.1627114 0.0933991 0.0685919 0.0757083 0.1142639 0.0575960 0.1671148 0.0839973 0.0696686 0.0929578 0.0830802 0.1185741 0.1121246 0.1289317 0.0568672 0.1263971 0.0992930 0.1237707 0.0851844 0.0698382 0.0972536 0.0885009 0.1132549 0.1190332 0.1093697 0.1138792 0.0767526 0.1297955 0.0824420 0.0914195 0.1267127 0.1458105 0.1981325 0.1442241 0.0934634 0.1338152 0.1923372 0.0544988 0.0834949 0.1289263 0.1303723 0.1274890 0.1214130 0.0511849 0.0605611 0.0919874 0.1402562 0.1553557 0.1204631 0.0731514 0.1582182 0.0703682 0.1089640 0.1105246 0.1016236 0.1105246 0.1401173 0.1306796 0.1573599 0.0468015 0.0841763 0.1422144 0.1069063 0.0822220 0.0982952 0.1260949 0.0824420 0.0810927 0.1713277 0.0852036 0.1287085 0.1088971 0.1188554 0.0842194 0.0737028 0.1312474 0.1321902 0.1421367 0.0839973 0.1333572 0.2147366 0.0963905 0.0759977 0.0801614 0.1634035 0.0829718 0.0762520 0.1866722 0.1411453 0.1455894 0.1189029 0.0874209 0.1190332 0.1084741 0.0601278 0.1184891 0.1459349 0.1208255 0.0755075 0.1590361 0.0863815 0.0847302 0.1591016 0.1353281 0.1235880 0.1094262 0.1126587 0.0511990 0.1714416 0.1239948 0.1220189 0.1310487 0.1598985 0.1132549 0.1206489 0.1356721 0.0475077 0.1126587 0.1023120 0.0947256 0.1834010 0.0774088 0.1288612 0.1114561 0.0852700 0.1352163 0.0891308 0.0752965 0.0925084 0.0773329 0.2125871 0.1698021 0.0688418 0.1629863 0.1364538 0.1257772 0.1531878 0.1135116 0.1350717 0.1179975 0.0773422 0.1962151 0.1224489 0.1077423 0.0958112 0.1591009 0.1306476 0.1211969 0.2118537 0.1079647 0.1062760 0.0708115 0.1182169 0.1161956 0.0898544 0.1677628 0.1620345 0.1459973 0.1448293 0.1013815 0.1003247 0.1449059 0.1305548 0.1005224 0.1297674 0.2503259 0.1253870 0.0830795 0.0776815 0.0592679 0.1169961 0.0333305 0.1339958 0.0869821 0.0859545 0.1400175 0.1634035 0.0675004 0.0548587 0.0833722 0.1372466 0.0867262 0.1343472 0.1017358 0.1158810 0.1225241 0.1581919 0.0741547 
S0196sl     0.0798762 0.0514181 0.1744032 0.0554455 0.1004306 0.1107139 0.1023804 0.0944930 0.2068318 0.1311657 0.1241657 0.0833650 0.1179975 0.0000000 0.1019144 0.0739902 0.0986653 0.1319141 0.0980244 0.1432379 0.1241833 0.0824215 0.0766762 0.0547485 0.1060258 0.0520991 0.0831815 0.0452297 0.1126009 0.0525693 0.0917130 0.0717664 0.0878603 0.1183842 0.0671047 0.0920777 0.0818264 0.1156186 0.1251461 0.0659397 0.0553730 0.1416645 0.0731089 0.1067130 0.1241323 0.1264438 0.1214496 0.0850877 0.0912161 0.1273497 0.0416060 0.1198270 0.0835571 0.0998309 0.1102094 0.0826491 0.1027245 0.1290814 0.1005451 0.0568210 0.0972795 0.1087435 0.0882980 0.0859746 0.0562800 0.1042431 0.0981077 0.0864107 0.0108903 0.1163634 0.1036668 0.0680005 0.1011757 0.0820173 0.0741522 0.1190216 0.1009434 0.1446718 0.1000975 0.0929629 0.0781454 0.2109156 0.0623942 0.0830597 0.0890920 0.1157822 0.0994524 0.1114757 0.0586643 0.0679835 0.0722566 0.0884251 0.1306467 0.0629695 0.0901850 0.1262275 0.0719122 0.1055708 0.0053629 0.1002783 0.0053629 0.1195964 0.0830801 0.1822951 0.0535169 0.0915226 0.0802164 0.0963274 0.0601807 0.0822448 0.0977250 0.0820173 0.0800000 0.1107863 0.0847515 0.1092074 0.0810777 0.0856653 0.0837768 0.0812473 0.1221382 0.0892642 0.1294261 0.0764709 0.1230309 0.1734632 0.1178758 0.0652638 0.0797946 0.1209353 0.0825417 0.0758551 0.1273936 0.1091709 0.0957645 0.1248611 0.0554455 0.0108903 0.0991867 0.0837927 0.1102678 0.1569154 0.0932707 0.0450929 0.0460080 0.0784852 0.0699454 0.1188882 0.0865711 0.1024818 0.1177052 0.0999022 0.0794042 0.1213351 0.1462303 0.1524466 0.0991233 0.0868349 0.0864107 0.1269889 0.1251355 0.0695381 0.0999022 0.0783018 0.0524664 0.1158245 0.0834955 0.1004895 0.0789837 0.0611255 0.1146910 0.0565045 0.0914646 0.0647733 0.0895191 0.1617562 0.1281565 0.0854123 0.1509640 0.0959804 0.0163618 0.0885098 0.0668250 0.1226596 0.0108112 0.0842536 0.1398460 0.1226368 0.1000716 0.1027476 0.1604055 0.1034839 0.0935425 0.1975752 0.1181855 0.0713668 0.0788321 0.1147211 0.0940446 0.0572304 0.1471244 0.1695089 0.0636134 0.1149244 0.0761749 0.0989246 0.1149863 0.1017249 0.1180434 0.1011534 0.1377014 0.1150989 0.0826487 0.0858788 0.0665592 0.0719551 0.0400914 0.0796017 0.0539059 0.1007756 0.0479062 0.1209353 0.0748693 0.0633168 0.0829383 0.1029971 0.0710973 0.1605806 0.0944688 0.0882776 0.1016163 0.0763753 0.0794139 
S1421       0.0809061 0.0589718 0.1575159 0.0579803 0.1123149 0.0705396 0.1126354 0.1203042 0.1402873 0.1655733 0.0973214 0.0411012 0.1019377 0.1019144 0.0000000 0.0512126 0.0935629 0.1144995 0.0970524 0.0939114 0.0395949 0.0406060 0.0438424 0.0860655 0.1160888 0.0524464 0.0410071 0.0620611 0.0823339 0.0542789 0.0556478 0.0936439 0.0938648 0.1020443 0.0341441 0.0750847 0.0724051 0.0963447 0.1031872 0.0889074 0.0289275 0.1567483 0.0794368 0.1007480 0.0771198 0.1110756 0.0464943 0.0508936 0.0440541 0.1154969 0.0665344 0.1403738 0.0412058 0.0958800 0.1157386 0.0407278 0.1142335 0.1201004 0.0874744 0.0356425 0.0900686 0.0418619 0.0806441 0.0267032 0.0636968 0.0970410 0.1040516 0.0874744 0.1113128 0.1356578 0.0884854 0.0273060 0.0955974 0.0403935 0.0441392 0.1029771 0.1143365 0.1435994 0.0858901 0.0490555 0.0929978 0.1618081 0.0283907 0.0409438 0.1334436 0.1163294 0.0946736 0.1699257 0.0751192 0.0203443 0.0668215 0.1148354 0.1193716 0.0747703 0.0283102 0.0984527 0.0843154 0.1124700 0.1019144 0.0534103 0.1019144 0.1148790 0.1356330 0.0724440 0.0795816 0.0986786 0.0771900 0.0878335 0.0688278 0.1071974 0.1094509 0.0403935 0.1121855 0.1154553 0.0414888 0.0882142 0.0522256 0.0942360 0.0413287 0.0861700 0.0789896 0.0971343 0.1028834 0.0408835 0.0852575 0.1859944 0.1051149 0.0168561 0.0595341 0.1533948 0.0406682 0.0409438 0.1543027 0.1215306 0.0943409 0.0622054 0.0579803 0.1113128 0.1277109 0.0359035 0.1206442 0.1170145 0.0874744 0.1029388 0.0984120 0.0341352 0.0412674 0.1190857 0.1043816 0.1247095 0.1198837 0.0820736 0.0769076 0.1624766 0.1174666 0.1867821 0.0679811 0.1375099 0.0874744 0.0785884 0.1125897 0.0364173 0.0820736 0.0933335 0.0617775 0.0883650 0.0284663 0.0874165 0.0942971 0.0567615 0.1281981 0.0848513 0.0499679 0.0606225 0.0738971 0.1819576 0.1220093 0.0991147 0.1533573 0.1252400 0.1188828 0.1230414 0.0798730 0.1122320 0.1102248 0.0415743 0.1644468 0.1426266 0.0610544 0.1103564 0.0775185 0.1126866 0.0959005 0.2228537 0.1274619 0.0916845 0.0348601 0.1328646 0.1223220 0.0521705 0.1352555 0.1183137 0.1096878 0.1039253 0.0893316 0.0485357 0.0874744 0.0972208 0.0577607 0.1049339 0.1967366 0.1101860 0.0407278 0.0422035 0.0354145 0.0605004 0.0299078 0.0772121 0.0573443 0.1006603 0.1337165 0.1533948 0.0203643 0.0216853 0.0406655 0.0860539 0.0338607 0.1288961 0.0437900 0.0890407 0.0971225 0.1257320 0.1019225 
S0305       0.0527328 0.0270498 0.1046881 0.0265542 0.0744893 0.0588988 0.0596980 0.0674585 0.1155301 0.1234890 0.0992815 0.0256011 0.0735073 0.0739902 0.0512126 0.0000000 0.0727452 0.1083775 0.0681604 0.0673568 0.0285972 0.0254381 0.0349143 0.0538230 0.0732778 0.0281894 0.0256741 0.0278287 0.0565160 0.0288302 0.0255183 0.0414994 0.0524014 0.0807134 0.0132121 0.0551349 0.0466152 0.0912329 0.0993028 0.0607830 0.0138158 0.0810796 0.0492759 0.0591576 0.0184136 0.0987069 0.0546275 0.0150050 0.0264879 0.0775351 0.0215001 0.1000295 0.0257914 0.0320864 0.0872988 0.0253126 0.0736848 0.0630653 0.0753705 0.0069696 0.0709198 0.0415392 0.0694214 0.0261530 0.0256649 0.0752617 0.0420764 0.0604645 0.0590742 0.0728187 0.0606943 0.0209677 0.0758885 0.0253128 0.0272238 0.0839823 0.0912560 0.0932454 0.0832340 0.0333322 0.0669871 0.1430975 0.0136773 0.0256371 0.0613588 0.0722778 0.0744427 0.1079382 0.0422910 0.0202852 0.0503792 0.0851427 0.1050055 0.0480447 0.0135937 0.1019886 0.0611313 0.0594860 0.0666596 0.0376303 0.0666596 0.1013511 0.0701116 0.1107025 0.0443434 0.0663609 0.0733735 0.0614903 0.0349444 0.0596268 0.0793633 0.0253128 0.0604671 0.0990358 0.0261655 0.0742481 0.0574137 0.0667665 0.0260332 0.0519276 0.0587917 0.0773766 0.0813414 0.0257912 0.0739982 0.1653084 0.0832159 0.0239680 0.0266423 0.1023613 0.0254745 0.0256371 0.1092999 0.0669609 0.0731495 0.0248135 0.0265542 0.0746626 0.0738650 0.0200521 0.0577803 0.0958366 0.0677282 0.0585666 0.0840310 0.0126343 0.0259846 0.0719186 0.0907765 0.0851264 0.0821654 0.0513655 0.0486096 0.1076016 0.0802601 0.0983536 0.0659595 0.1064418 0.0604645 0.0251307 0.0913787 0.0137322 0.0513655 0.0520807 0.0284064 0.0909820 0.0270037 0.0753220 0.0525392 0.0322719 0.0854273 0.0477630 0.0352847 0.0341595 0.0465203 0.1514408 0.0800505 0.0283279 0.1278384 0.0674659 0.0741602 0.0935769 0.0598007 0.0743526 0.0739902 0.0260075 0.0866228 0.0687065 0.0445705 0.0524607 0.1149041 0.0840287 0.0679468 0.1485601 0.0810355 0.0514315 0.0192424 0.0530394 0.0517133 0.0344905 0.1104650 0.0872371 0.0859502 0.0906417 0.0476969 0.0329977 0.0906987 0.0842410 0.0403334 0.0758686 0.1845711 0.0667231 0.0255103 0.0261663 0.0063499 0.0489118 0.0211347 0.0578802 0.0539957 0.0706626 0.1100106 0.1023613 0.0134936 0.0067557 0.0256371 0.0658031 0.0194813 0.0913475 0.0211031 0.0618904 0.0687388 0.1014114 0.0589427 
SRR8528336  0.0709295 0.0649902 0.1463878 0.0549730 0.0712889 0.0952671 0.1309688 0.1319673 0.1584376 0.1877624 0.1083445 0.0755167 0.1247089 0.0986653 0.0935629 0.0727452 0.0000000 0.1157638 0.0973519 0.1575881 0.1214126 0.0746785 0.0682185 0.0476485 0.1132522 0.0381659 0.0753537 0.0518054 0.1289942 0.0522076 0.0834853 0.0782558 0.1082834 0.1023436 0.0742777 0.0770913 0.0410716 0.1002521 0.1174431 0.0468452 0.0703335 0.1406633 0.0582166 0.0812285 0.1381854 0.1406697 0.1106602 0.0845273 0.0907314 0.1022455 0.0643702 0.1666542 0.0756890 0.0903538 0.1271028 0.0748814 0.1173425 0.1104045 0.0858505 0.0721384 0.0759048 0.0917483 0.0806516 0.0706970 0.0756915 0.0889350 0.0809286 0.0858505 0.0994852 0.1226932 0.0957728 0.0605186 0.0802281 0.0743189 0.0588881 0.1420556 0.0861804 0.1432605 0.0992052 0.0846675 0.0907841 0.1371418 0.0774807 0.0752466 0.1098181 0.0913044 0.0849184 0.1182110 0.0729662 0.0750751 0.0789728 0.1094967 0.0996241 0.0625540 0.0815395 0.1101183 0.0794793 0.1429322 0.0917450 0.0854624 0.0917450 0.1363200 0.1104764 0.1521432 0.0757991 0.0829524 0.0793844 0.0956777 0.0973491 0.0875592 0.1046305 0.0743189 0.0783093 0.1175267 0.0767525 0.0790042 0.0729635 0.0777106 0.0758862 0.0661031 0.1288368 0.1027225 0.0844187 0.0756887 0.0932939 0.1901088 0.0868110 0.0931271 0.0718379 0.1887679 0.0747849 0.0682507 0.1195326 0.1457511 0.1095079 0.1160087 0.0549730 0.0994852 0.0704500 0.0682305 0.0870729 0.1184361 0.0926613 0.0729898 0.1516721 0.0635569 0.0692306 0.1177087 0.1225369 0.1092376 0.1241087 0.0391206 0.0570885 0.1971888 0.0852905 0.1591805 0.0993246 0.1714309 0.0858505 0.1413903 0.1551116 0.0768027 0.0391206 0.0637627 0.0384297 0.1325630 0.0916584 0.0858023 0.0712410 0.0537658 0.1315030 0.0570277 0.0834920 0.0641762 0.0743832 0.1858503 0.1268639 0.0684426 0.1019966 0.1172050 0.1058390 0.1325295 0.0797195 0.0781856 0.0986653 0.0763083 0.1644343 0.1223483 0.0989972 0.1020414 0.1756164 0.0953240 0.0929297 0.2114347 0.0987726 0.0975660 0.0566231 0.1369849 0.1012387 0.0637198 0.1625496 0.1094207 0.1406997 0.0996684 0.0959197 0.0763230 0.0859181 0.0868344 0.1012040 0.1004814 0.2470504 0.1439765 0.0748814 0.0777535 0.0731082 0.0642365 0.0397433 0.0510831 0.0683794 0.0850739 0.1517642 0.1887679 0.0747257 0.0552524 0.0751389 0.1020561 0.0639566 0.1673317 0.0775338 0.0876929 0.1009379 0.1624256 0.0854550 
