174
S1341       0.0000000 0.3127633 0.2383068 0.3544938 0.3855738 0.3216731 0.3282337 0.2388998 0.3888850 0.3603244 0.3125459 0.2910561 0.3681668 0.3036780 0.2843058 0.2886924 0.3201662 0.3213391 0.3265180 0.3102629 0.3653139 0.2645058 0.3280040 0.3567724 0.3459271 0.3503929 0.2844501 0.4034310 0.3464480 0.3392905 0.3037402 0.3418452 0.3685645 0.3591530 0.3263106 0.3590588 0.4224158 0.3609621 0.3082295 0.3280040 0.2915754 0.3259184 0.2685326 0.3272386 0.3093983 0.2908926 0.2975493 0.4254981 0.3388288 0.2651654 0.3733062 0.2829677 0.3748877 0.3281734 0.3224493 0.2997900 0.3649437 0.2746540 0.3350383 0.3775601 0.3236315 0.2270540 0.2639715 0.2874014 0.3326916 0.3202615 0.2843089 0.3325517 0.2903910 0.2787240 0.2955916 0.2969026 0.3733673 0.3149837 0.4103028 0.2789527 0.2795248 0.3344513 0.2682188 0.2462062 0.3003846 0.3737637 0.3428688 0.3541146 0.3574804 0.3066480 0.3691622 0.3152012 0.3573411 0.3260960 0.3611550 0.2879465 0.2972324 0.3370444 0.3269829 0.3261064 0.2440511 0.3284850 0.3254726 0.3140618 0.2803397 0.3940550 0.3447479 0.4038636 0.2525785 0.3561092 0.3378444 0.3446780 0.2752434 0.3888228 0.3276083 0.2658172 0.3835827 0.2927275 0.3574818 0.3835535 0.3460734 0.3648256 0.3794376 0.3274270 0.3498826 0.2651692 0.3665960 0.4057129 0.3268789 0.2996791 0.3584028 0.3900211 0.2573465 0.3656880 0.3424814 0.3305531 0.3147167 0.3665885 0.3145848 0.3427658 0.2893784 0.3390578 0.3054158 0.0270162 0.3562844 0.2761491 0.3210935 0.3300433 0.2951274 0.4688620 0.4292395 0.3272386 0.3366440 0.3617811 0.1802678 0.3280040 0.3265549 0.3333057 0.4144235 0.3222546 0.3386670 0.3287006 0.3460174 0.3067759 0.3114801 0.2958367 0.3024035 0.2861636 0.2530132 0.3309770 0.3306427 0.3513862 0.3466735 0.3664396 0.3703782 0.4263319 0.3344186 0.3772796 
SRR8528389  0.3127633 0.0000000 0.0971491 0.2533323 0.1904500 0.2052905 0.1453292 0.1305653 0.2404022 0.0926816 0.1402897 0.0000027 0.1466699 0.1416754 0.1516053 0.1540899 0.1045461 0.1832599 0.1360222 0.2099165 0.2128305 0.1092160 0.1319708 0.0906435 0.0929502 0.1679069 0.2345782 0.2000324 0.1659057 0.1056241 0.1760875 0.0361868 0.1354847 0.1584353 0.1391565 0.1254255 0.2886336 0.1790701 0.1386367 0.1420078 0.1740983 0.1461246 0.1173024 0.1523356 0.1095423 0.0000020 0.1776205 0.1714771 0.1528926 0.0000021 0.1831189 0.1647680 0.1641073 0.1606593 0.1141026 0.1166817 0.0674501 0.0000027 0.1567931 0.0923021 0.1654856 0.0863850 0.0680378 0.0000026 0.1472458 0.2240069 0.1669030 0.1404534 0.1605254 0.1638210 0.1025576 0.0347367 0.0986195 0.1138400 0.1843856 0.1630846 0.2222779 0.1246847 0.1437616 0.0866778 0.0980692 0.1053523 0.0985681 0.0732540 0.1020733 0.0203809 0.1032451 0.1641628 0.1227597 0.1708836 0.1871809 0.1868067 0.1355237 0.2179286 0.1817883 0.1572023 0.1024161 0.2130418 0.1238892 0.1686301 0.1407141 0.1474338 0.1524591 0.1014414 0.1349680 0.1625895 0.1373546 0.2344486 0.1384342 0.0920797 0.1288156 0.1567293 0.0941202 0.2104452 0.0981085 0.1558391 0.1708090 0.0908431 0.1544815 0.2092258 0.2358600 0.1031855 0.1803403 0.1922962 0.1625677 0.1232724 0.1892442 0.1611159 0.0955395 0.1457106 0.1802113 0.1339057 0.1815824 0.1560172 0.1691832 0.1502989 0.1397136 0.1154360 0.1274613 0.2891689 0.0680832 0.1414942 0.1422649 0.1494488 0.1696797 0.3017492 0.1583979 0.1454279 0.1576523 0.0419276 0.2145264 0.1319708 0.1470962 0.1472391 0.1714242 0.0288560 0.0704740 0.1523475 0.1344832 0.1427750 0.1161127 0.1588311 0.1331189 0.0000021 0.1602197 0.2217595 0.1352622 0.1088405 0.0935456 0.2154675 0.1524777 0.1614397 0.2027187 0.1396525 
S0435       0.2383068 0.0971491 0.0000000 0.1689488 0.1597632 0.1385143 0.0249363 0.0816710 0.1872297 0.0735094 0.0099076 0.0767003 0.1676656 0.0149873 0.0147957 0.0050289 0.0779520 0.1607594 0.1629033 0.1591897 0.1329322 0.0104889 0.0048512 0.0718413 0.0733668 0.0532633 0.1610800 0.2217063 0.1631454 0.0992868 0.1373744 0.1173535 0.1228718 0.1217762 0.1244335 0.1521609 0.2262643 0.1815902 0.1119369 0.0201676 0.1947842 0.1545395 0.0724272 0.0097568 0.0600268 0.0717764 0.0536085 0.2242648 0.0309208 0.0716820 0.0533537 0.0720281 0.1365197 0.0471304 0.0793665 0.0251940 0.0772067 0.0761774 0.1507204 0.1260158 0.0313343 0.0352071 0.0401763 0.0761127 0.0048951 0.0496242 0.1443655 0.0251759 0.1362911 0.1562061 0.0537904 0.1050393 0.0980269 0.0846189 0.0615040 0.0668129 0.1509144 0.0476430 0.0316530 0.0000020 0.0720839 0.0981693 0.1137967 0.0712055 0.0959520 0.0975612 0.1267891 0.0410658 0.0802404 0.1001928 0.0715881 0.1919258 0.0210043 0.0660623 0.0646472 0.1734738 0.0000025 0.1592895 0.0668725 0.0205316 0.0270064 0.1767923 0.0303720 0.1432836 0.0506264 0.0368083 0.1277285 0.1372499 0.0984837 0.1335065 0.0976569 0.0594530 0.1218189 0.1374984 0.0916804 0.2047612 0.0200910 0.0896174 0.0252445 0.1320128 0.1714472 0.0102962 0.1140715 0.0589799 0.1969788 0.0155817 0.1142581 0.1537118 0.0745672 0.0534712 0.1392394 0.1149878 0.1688370 0.1454628 0.1607737 0.1518133 0.0099933 0.1233893 0.1199874 0.2329309 0.1207561 0.0971214 0.0846137 0.0304244 0.0261018 0.2598561 0.1642088 0.0147492 0.0768757 0.1248965 0.1826547 0.0048512 0.0098071 0.0048887 0.1287066 0.1049261 0.0946655 0.0376535 0.0730178 0.0923073 0.0544045 0.0829745 0.0713894 0.0790246 0.1149183 0.0827117 0.1360312 0.1453233 0.0926743 0.1447652 0.1541222 0.0116183 0.1248807 0.1006910 
S0735       0.3544938 0.2533323 0.1689488 0.0000000 0.2678858 0.2586188 0.2755517 0.1888618 0.2653857 0.2330515 0.2216017 0.2197012 0.2979515 0.2438173 0.2160333 0.2199605 0.2414359 0.2610532 0.2801442 0.2389615 0.0407067 0.1524127 0.2390898 0.2264898 0.2222199 0.2516889 0.2232409 0.3317686 0.2787101 0.2417383 0.2861677 0.2459826 0.1766415 0.2086028 0.1306589 0.2448221 0.3267424 0.2849951 0.1784385 0.2634017 0.3071269 0.2341115 0.2208830 0.2294972 0.1932956 0.2082963 0.2522967 0.3729229 0.2422373 0.2094019 0.2645894 0.1473802 0.2018586 0.2168700 0.2194489 0.2110196 0.2329675 0.2192973 0.2426970 0.2827827 0.2116731 0.1326643 0.1571475 0.2175076 0.2421602 0.1894654 0.2395139 0.2697472 0.2191219 0.2658208 0.1836692 0.2493864 0.2410990 0.2401424 0.2282062 0.1454686 0.2287687 0.2328818 0.1831940 0.1355097 0.1958436 0.2401100 0.2426022 0.2419944 0.2586009 0.2570165 0.2708811 0.1761655 0.2000432 0.2183617 0.2384349 0.3733827 0.1997886 0.2401046 0.2263989 0.3284580 0.1746766 0.2288717 0.2126462 0.2329109 0.1485314 0.3202879 0.2205551 0.3028564 0.1495136 0.2471681 0.2436847 0.0506107 0.2316851 0.3081391 0.2544532 0.1465912 0.3135844 0.2467640 0.2475554 0.2813287 0.2557669 0.2681784 0.2707080 0.0293517 0.3164251 0.1518369 0.2088328 0.2615411 0.3470316 0.1966542 0.0401086 0.2616966 0.1750530 0.2324966 0.2465639 0.2110393 0.2852811 0.1945222 0.2636536 0.2382619 0.2078677 0.2982825 0.2256249 0.2921224 0.2915976 0.2219875 0.2348128 0.2092546 0.2034904 0.2832740 0.2509404 0.2569474 0.2134286 0.2595011 0.2015549 0.2390898 0.2382729 0.2423759 0.2101216 0.2818683 0.2586012 0.1966987 0.2293913 0.2368358 0.1947335 0.1975169 0.1692998 0.2159257 0.2517592 0.2442068 0.2444093 0.3188542 0.2608261 0.0451688 0.2519834 0.2427139 0.2126685 0.2681669 
S0403sl     0.3855738 0.1904500 0.1597632 0.2678858 0.0000000 0.1860595 0.2262137 0.1506236 0.2543175 0.1943834 0.1931565 0.1431668 0.2302036 0.2137809 0.2170642 0.2088105 0.1780888 0.2821339 0.2547442 0.2331359 0.2572569 0.1234962 0.1935721 0.1891854 0.1733974 0.2538317 0.2808428 0.2610986 0.2112780 0.1831025 0.1835892 0.1695606 0.1445963 0.2577457 0.0775852 0.1979818 0.3393706 0.2459787 0.2090199 0.2143142 0.2040417 0.2168933 0.1707056 0.2099958 0.1409527 0.1293204 0.2580480 0.3145412 0.2290081 0.1391830 0.2409143 0.2247646 0.2236394 0.2144618 0.1665832 0.1810707 0.1630035 0.1417601 0.2387570 0.2431821 0.2361738 0.1263324 0.1231012 0.1570659 0.2125202 0.1914436 0.2022381 0.2044412 0.2098484 0.1849771 0.1329389 0.2031519 0.1599673 0.1332087 0.2168195 0.1985118 0.2669686 0.2220321 0.2058804 0.1243504 0.1709334 0.1427346 0.2197601 0.1883456 0.2035915 0.1781402 0.2246296 0.2227151 0.1427984 0.2286763 0.2608906 0.2629272 0.1880551 0.2189641 0.2576386 0.2493994 0.1577770 0.2257654 0.1573123 0.1971935 0.2202828 0.2202807 0.2181025 0.2361265 0.1682706 0.2091034 0.2161947 0.2804861 0.1943891 0.2556668 0.2005632 0.2154414 0.2284926 0.1836105 0.1767106 0.2742165 0.2345309 0.2053821 0.2212704 0.2365868 0.1963262 0.1554745 0.1985401 0.2493245 0.2669612 0.1821510 0.2295892 0.0288533 0.1671545 0.2333473 0.2294821 0.1299400 0.2421465 0.1327261 0.2314314 0.2201064 0.1731807 0.2055419 0.1893988 0.3999888 0.2034645 0.1925519 0.2048072 0.1897056 0.2099603 0.2998498 0.0508119 0.2095672 0.1955259 0.1698930 0.2368003 0.1935721 0.2123835 0.2126434 0.2146114 0.2150683 0.1995577 0.2175601 0.1566192 0.1990345 0.1420544 0.1802515 0.1344447 0.1381259 0.1741293 0.2615912 0.1981452 0.2373348 0.2036535 0.2665873 0.2236337 0.2206439 0.2240412 0.1377232 
S0739       0.3216731 0.2052905 0.1385143 0.2586188 0.1860595 0.0000000 0.2043966 0.1651403 0.1144575 0.1960045 0.1908055 0.1512802 0.2592608 0.1834758 0.1378334 0.1595879 0.1463010 0.1975686 0.2425337 0.0633838 0.2139299 0.1375991 0.1803489 0.1972982 0.1851577 0.2162135 0.1071103 0.2970966 0.2334382 0.2088877 0.0479869 0.1875389 0.1683191 0.1914044 0.1668691 0.2205033 0.1480617 0.2822843 0.1783817 0.2006003 0.2144585 0.2073951 0.1865782 0.1720101 0.1145873 0.1455679 0.2139254 0.3086368 0.1983991 0.1396954 0.2269735 0.1309434 0.2088503 0.2134492 0.1654509 0.1850466 0.1753342 0.1420720 0.2565862 0.1908682 0.1742750 0.1213262 0.1686447 0.1573717 0.1825106 0.1279410 0.2095856 0.2153672 0.2170387 0.2263960 0.1163330 0.2151126 0.1530154 0.1524323 0.2001416 0.1307425 0.1117490 0.2099875 0.1792858 0.1199587 0.1572683 0.1939459 0.2057819 0.2020826 0.2141441 0.1884424 0.1909987 0.1459062 0.1746969 0.2219340 0.2523458 0.2876945 0.1524836 0.1886359 0.1912663 0.2672800 0.1368170 0.0860470 0.1329476 0.1805481 0.1695306 0.2185327 0.1949864 0.2371269 0.1147661 0.1646394 0.1946312 0.2590437 0.1927118 0.2194868 0.2153718 0.1159216 0.2314679 0.1256508 0.2024011 0.2914268 0.1882557 0.2269000 0.2076094 0.2120762 0.0147000 0.1469651 0.1628363 0.2013129 0.3044415 0.1646269 0.2194826 0.1873796 0.2002368 0.1839272 0.1683045 0.1615032 0.2407817 0.1578244 0.2390979 0.2065955 0.1662183 0.2225066 0.2312482 0.3147854 0.2213400 0.2551294 0.2610178 0.1538763 0.1514822 0.3635153 0.1965549 0.1961902 0.2374202 0.1964330 0.2449124 0.1803489 0.1798562 0.1825646 0.2189917 0.2136784 0.1868779 0.1881281 0.1859915 0.2180152 0.1251337 0.1286940 0.1074753 0.1539166 0.0102906 0.1933149 0.1969938 0.2223499 0.1984800 0.2225821 0.2098928 0.1966380 0.1797013 0.1734756 
S0268       0.3282337 0.1453292 0.0249363 0.2755517 0.2262137 0.2043966 0.0000000 0.1708661 0.2759087 0.1416257 0.0287682 0.1208886 0.2611447 0.0441674 0.0602200 0.0348900 0.1705209 0.2208464 0.2532963 0.2249546 0.2310137 0.0375119 0.0186912 0.1382218 0.1351700 0.0905524 0.2536446 0.3043309 0.2273084 0.1788142 0.1945279 0.1721094 0.1998540 0.2004770 0.2109932 0.2250672 0.3025159 0.2849644 0.1862959 0.0339391 0.2798872 0.2428192 0.1483689 0.0333404 0.1260297 0.1171418 0.0857719 0.2888931 0.0560810 0.1037652 0.0781222 0.1329513 0.2161623 0.1316547 0.1640980 0.0911724 0.1437577 0.1137734 0.2402656 0.1856139 0.0804062 0.0867348 0.1175820 0.1197094 0.0286787 0.0953999 0.2250483 0.0438951 0.2289067 0.2401737 0.1184827 0.1541542 0.1686445 0.1625632 0.0869567 0.1430628 0.2407169 0.0923103 0.0690408 0.0258357 0.1550100 0.1680711 0.1951218 0.1371332 0.1645051 0.1489392 0.2107935 0.0945654 0.1652353 0.1901463 0.1450034 0.2412895 0.0584887 0.0933477 0.0970790 0.2303920 0.0246930 0.2291039 0.1276554 0.0508557 0.0914908 0.2414453 0.0545557 0.2119650 0.1264520 0.0737610 0.2050352 0.2448441 0.1712373 0.1930761 0.1772526 0.1323621 0.1969630 0.2181796 0.1612358 0.3001098 0.0493236 0.1575943 0.0439727 0.2290126 0.2600897 0.0587419 0.2092993 0.0834929 0.3045822 0.0470238 0.2060878 0.2201995 0.1537911 0.1090961 0.2168669 0.1689669 0.2499083 0.2417831 0.2488539 0.2163645 0.0399545 0.1805290 0.2124532 0.3146362 0.1797869 0.1750161 0.1692924 0.0713802 0.0520766 0.3086745 0.2415749 0.0187056 0.1669235 0.1735135 0.2563294 0.0186912 0.0286342 0.0286488 0.2051147 0.1399893 0.1455733 0.0817373 0.1496122 0.1779942 0.1199177 0.1645543 0.1377158 0.1180930 0.1975625 0.1227964 0.2151519 0.2090505 0.1632647 0.2254086 0.2197445 0.0397467 0.2165304 0.1838296 
SRR8528338  0.2388998 0.1305653 0.0816710 0.1888618 0.1506236 0.1651403 0.1708661 0.0000000 0.2184006 0.0973641 0.1336286 0.0849621 0.1689830 0.1518891 0.1027874 0.1237530 0.1171257 0.1756080 0.1670045 0.1721070 0.1400986 0.0710654 0.1411709 0.1007808 0.0829741 0.1429115 0.1894367 0.2040140 0.1747813 0.1243858 0.1632796 0.1085042 0.1049156 0.1280226 0.1317682 0.1571984 0.2242071 0.1577050 0.1105463 0.1522689 0.1707290 0.1492321 0.0740802 0.1481920 0.0806121 0.0727080 0.1479189 0.2180010 0.1422814 0.0740432 0.1738346 0.1402872 0.1334963 0.0897585 0.0953444 0.0893333 0.1018808 0.0848111 0.1456266 0.1467225 0.1221715 0.0535132 0.0502172 0.0908636 0.1427835 0.1709347 0.1330718 0.1652230 0.1181079 0.1502071 0.0741829 0.1456892 0.1095114 0.1092075 0.2041432 0.1167875 0.1784953 0.0989583 0.1232722 0.0639212 0.0753507 0.1149006 0.1301225 0.0955679 0.1199282 0.1096508 0.1409491 0.1374015 0.1005501 0.1280816 0.1229168 0.2462320 0.1144216 0.1814138 0.1592022 0.1871243 0.0807405 0.1616783 0.0939067 0.1446404 0.1047637 0.1774305 0.1401068 0.1612048 0.0881034 0.1522400 0.1498606 0.1590216 0.0739659 0.1516870 0.0980620 0.1254389 0.1558564 0.1346590 0.1030635 0.1998573 0.1676016 0.1149898 0.1814611 0.1518161 0.2158979 0.0669765 0.1373971 0.1962880 0.2246543 0.0877482 0.1217506 0.1441335 0.0469291 0.1495363 0.1450551 0.1508489 0.1693744 0.1451365 0.1651963 0.1482822 0.1101846 0.1281440 0.1156774 0.2450553 0.1388639 0.0904259 0.0912871 0.1388914 0.1482904 0.2794509 0.1605516 0.1557329 0.1023380 0.1079063 0.1751731 0.1411709 0.1408512 0.1427705 0.1189421 0.1610949 0.1069719 0.1133410 0.0747876 0.0928838 0.0868233 0.0952991 0.0922450 0.0722250 0.1471748 0.1674695 0.1275055 0.1677753 0.1190495 0.1577820 0.1503956 0.1655951 0.1519155 0.1268484 
S0308       0.3888850 0.2404022 0.1872297 0.2653857 0.2543175 0.1144575 0.2759087 0.2184006 0.0000000 0.2145221 0.2395189 0.1810869 0.2361705 0.2446176 0.2131226 0.2072868 0.2248425 0.2095840 0.2293943 0.0915017 0.2338296 0.1505998 0.2399420 0.2000558 0.2071442 0.2626487 0.1184584 0.2898213 0.2302612 0.2049097 0.1225881 0.1823089 0.1535730 0.2220575 0.1439415 0.2009829 0.2038042 0.2967566 0.2140526 0.2639291 0.2575163 0.2215858 0.2139220 0.2304859 0.1692689 0.1686028 0.2423847 0.3105816 0.2605937 0.1624986 0.2191522 0.2156850 0.2387191 0.2072312 0.1922752 0.2357327 0.2018018 0.1712588 0.2799807 0.2420638 0.2267278 0.1174003 0.1730749 0.1873454 0.2429770 0.2226053 0.2489959 0.2893931 0.2472534 0.2643589 0.1605551 0.2509958 0.1845553 0.2086358 0.2856508 0.1889558 0.1255764 0.2440933 0.2036521 0.1496404 0.1713386 0.1961342 0.1810496 0.2138397 0.2226032 0.2141653 0.2173840 0.2330579 0.2295891 0.1953808 0.2482915 0.2929371 0.1998404 0.2788839 0.2169701 0.2354992 0.1848039 0.0645896 0.1715668 0.2366539 0.1985906 0.2583345 0.2211912 0.2224636 0.1727954 0.2136592 0.2289254 0.2656778 0.1955595 0.2374716 0.2270195 0.1714931 0.2258974 0.1534270 0.2201259 0.2945226 0.2662171 0.2249653 0.2597850 0.2197111 0.1422005 0.1583815 0.1914166 0.2843945 0.3083647 0.1944096 0.2269379 0.2387966 0.1861745 0.2189926 0.2124182 0.2125351 0.2782971 0.2039748 0.2684123 0.2431219 0.2208791 0.2423088 0.2446779 0.3126724 0.2160540 0.2305861 0.2647977 0.2257150 0.2258871 0.3843028 0.2484336 0.2575499 0.2331454 0.1753145 0.2574245 0.2399420 0.2391333 0.2431919 0.2274043 0.2674549 0.2211675 0.2239783 0.2319906 0.2114691 0.1557932 0.1533399 0.1305466 0.1700796 0.1232187 0.2644076 0.2317232 0.2362964 0.2265943 0.2387455 0.2545079 0.2500184 0.2049756 0.2335681 
SRR8528336  0.3603244 0.0926816 0.0735094 0.2330515 0.1943834 0.1960045 0.1416257 0.0973641 0.2145221 0.0000000 0.1143533 0.0553626 0.1702560 0.1102828 0.1060596 0.1211637 0.0820397 0.1987170 0.1522677 0.2165298 0.1690578 0.0631273 0.1146685 0.0341571 0.0299251 0.1432130 0.2496174 0.1965940 0.1509519 0.0630330 0.1818250 0.0770464 0.1241922 0.1611561 0.1484440 0.1204125 0.2536378 0.2126893 0.1409590 0.1241550 0.1849268 0.1768648 0.0941755 0.1210833 0.0741237 0.0567790 0.1523410 0.2055054 0.1155213 0.0513074 0.1439034 0.1451018 0.1668995 0.1075853 0.0644855 0.0755288 0.0503549 0.0552694 0.1824008 0.0918239 0.1186587 0.0663270 0.0509645 0.0607971 0.1158905 0.1868756 0.1554472 0.1362469 0.1636390 0.2042701 0.0678840 0.1073807 0.0562663 0.0760698 0.1693181 0.1313539 0.2366438 0.0960173 0.1191754 0.0502778 0.0746460 0.0675091 0.1044702 0.0558460 0.0497057 0.0859073 0.0931985 0.1399469 0.0836599 0.1515644 0.1426540 0.2301213 0.0982768 0.1817997 0.1714003 0.1771500 0.0726981 0.2037302 0.0870360 0.1350586 0.0946347 0.1264969 0.1287139 0.1107867 0.1241024 0.1241278 0.1417902 0.2155808 0.1128367 0.0910812 0.1112147 0.1373901 0.1002289 0.1971176 0.0453196 0.1663452 0.1380588 0.0725576 0.1365935 0.1914196 0.2434631 0.0597816 0.1515920 0.1787366 0.1873836 0.0851472 0.1582120 0.1617799 0.0846749 0.1087038 0.1524729 0.1227530 0.2145492 0.1579085 0.2104376 0.1483732 0.1009127 0.0610976 0.1296342 0.3261462 0.0800204 0.1158285 0.1240733 0.1129212 0.1358843 0.2542049 0.1680139 0.1279049 0.1104273 0.0838484 0.2201723 0.1146685 0.1293537 0.1158514 0.1748243 0.1324912 0.0467493 0.1022848 0.0871571 0.1168821 0.0801849 0.1045210 0.0855670 0.0572146 0.1823292 0.1953074 0.1336040 0.1018381 0.0506629 0.1975524 0.1504895 0.1254277 0.1599211 0.0905450 
S0301       0.3125459 0.1402897 0.0099076 0.2216017 0.1931565 0.1908055 0.0287682 0.1336286 0.2395189 0.1143533 0.0000000 0.1147475 0.2252868 0.0343366 0.0344549 0.0247766 0.1507152 0.2051718 0.2187214 0.2116158 0.1972796 0.0156463 0.0093393 0.1116990 0.1081697 0.0740654 0.2224246 0.2480431 0.1787705 0.1494381 0.1813186 0.1567655 0.1610445 0.1612918 0.1686977 0.1806735 0.2690681 0.2402626 0.1353928 0.0242286 0.2234756 0.2017243 0.1207847 0.0238028 0.0998728 0.1108697 0.0807795 0.2669570 0.0567678 0.0975432 0.0790918 0.1278465 0.1759986 0.1054059 0.1354072 0.0742611 0.1170880 0.1076785 0.1985945 0.1705374 0.0635718 0.0597774 0.0897160 0.1136270 0.0191083 0.0841813 0.1842818 0.0341287 0.1742815 0.2058552 0.0929362 0.1491018 0.1339198 0.1341216 0.0760725 0.1296421 0.2103662 0.0693259 0.0584092 0.0102098 0.1270133 0.1396852 0.1647151 0.1107888 0.1367989 0.1426926 0.1794504 0.0726538 0.1228248 0.1596007 0.1123122 0.2075773 0.0535146 0.0945666 0.0985789 0.2134626 0.0098116 0.1946523 0.1011295 0.0301115 0.0734375 0.2245700 0.0446159 0.1961615 0.1071615 0.0632008 0.1661899 0.2107682 0.1422678 0.1691965 0.1481585 0.1139022 0.1661664 0.1883103 0.1331568 0.2460636 0.0394441 0.1301897 0.0341880 0.1956919 0.2367846 0.0363932 0.1694700 0.0730394 0.2404138 0.0363649 0.1746729 0.1871838 0.1182790 0.0862280 0.1779099 0.1535042 0.2085415 0.2149425 0.2078325 0.1920138 0.0246852 0.1587631 0.1809152 0.2839251 0.1647582 0.1589117 0.1531939 0.0503532 0.0527797 0.3080618 0.1961212 0.0189183 0.1341084 0.1580369 0.2384765 0.0093393 0.0190775 0.0190867 0.1591839 0.1348833 0.1312837 0.0583318 0.1217811 0.1465678 0.0940244 0.1346015 0.1151994 0.1117737 0.1837167 0.1244102 0.1752770 0.1928379 0.1277733 0.2089084 0.1949630 0.0283752 0.1776308 0.1533056 
S1096       0.2910561 0.0000027 0.0767003 0.2197012 0.1431668 0.1512802 0.1208886 0.0849621 0.1810869 0.0553626 0.1147475 0.0000000 0.0828749 0.1096181 0.1126080 0.1210464 0.0740963 0.1619343 0.0754470 0.1642838 0.1712527 0.0810582 0.1072742 0.0538397 0.0555208 0.1460668 0.1729509 0.1334993 0.0958729 0.0669571 0.1280178 0.0000021 0.0759701 0.1120771 0.1135490 0.0604512 0.2057130 0.1563029 0.1017579 0.1169223 0.1116047 0.1228066 0.0874448 0.1209677 0.0670162 0.0000025 0.1558922 0.1202999 0.1305473 0.0000027 0.1543230 0.1250089 0.1179772 0.1222522 0.0753380 0.0935614 0.0372607 0.0000025 0.1408318 0.0483659 0.1335310 0.0498410 0.0476668 0.0000023 0.1155113 0.1810766 0.1201974 0.1155478 0.1308605 0.1445271 0.0605294 0.0264337 0.0492904 0.0756622 0.1529299 0.1089777 0.1621534 0.0941501 0.1204185 0.0658668 0.0614709 0.0669095 0.0618323 0.0429635 0.0654162 0.0104284 0.0729952 0.1350822 0.0838164 0.1386419 0.1456545 0.1329744 0.1112585 0.1851701 0.1451856 0.0951741 0.0763100 0.1435742 0.0805004 0.1347354 0.1157953 0.0801829 0.1301565 0.0440025 0.1006577 0.1394678 0.0961274 0.2016302 0.1010778 0.0488189 0.1060692 0.1101548 0.0429427 0.1341600 0.0549490 0.1008765 0.1388318 0.0604215 0.1298803 0.1761347 0.1661036 0.0704813 0.1401081 0.1541745 0.1034617 0.0980082 0.1490800 0.1286152 0.0708598 0.1081206 0.1425887 0.1033657 0.1519566 0.1317989 0.1527231 0.1107677 0.1067032 0.0721254 0.1105600 0.2708538 0.0153525 0.1235803 0.1160254 0.1203993 0.1434422 0.2595065 0.1350869 0.1209677 0.1118466 0.0103236 0.1734103 0.1072742 0.1223903 0.1154699 0.1186030 0.0153722 0.0269512 0.1197417 0.0816317 0.1182081 0.0672124 0.1048411 0.0934758 0.0000029 0.1341761 0.1858510 0.0961365 0.0506096 0.0622633 0.1827297 0.1124184 0.1251528 0.1651764 0.0996068 
S0380       0.3681668 0.1466699 0.1676656 0.2979515 0.2302036 0.2592608 0.2611447 0.1689830 0.2361705 0.1702560 0.2252868 0.0828749 0.0000000 0.2300444 0.2194344 0.2252877 0.1985883 0.2314489 0.0505285 0.2648285 0.2462402 0.1384158 0.2257177 0.1577973 0.1708475 0.2226399 0.2214233 0.1051747 0.0847126 0.1452625 0.2514801 0.0932318 0.1353464 0.2546783 0.2072352 0.0419033 0.3000310 0.2933950 0.2340070 0.2490152 0.0941851 0.2159665 0.1811114 0.2257105 0.1525279 0.0789536 0.2118732 0.1134359 0.2140001 0.0720904 0.2341878 0.2170418 0.2612778 0.2045242 0.1787379 0.1880536 0.1536097 0.0832756 0.2636667 0.1761431 0.2265267 0.1063246 0.1402411 0.0904561 0.2285657 0.2758293 0.2112331 0.2379148 0.2321040 0.2604032 0.1440260 0.1441649 0.1614978 0.1697104 0.2443822 0.1939983 0.2198719 0.1984821 0.1854212 0.1366573 0.1474219 0.1588557 0.1476788 0.1468853 0.1790888 0.1193344 0.2071644 0.2088172 0.1826169 0.2059354 0.2183213 0.1389310 0.1845205 0.3268936 0.2397796 0.0855728 0.1734121 0.2053313 0.1698408 0.2497744 0.2018062 0.1700175 0.2375519 0.1763171 0.1771443 0.2058532 0.2531234 0.2925693 0.1888593 0.1673089 0.2220854 0.1996700 0.1265550 0.2080595 0.1611852 0.0852104 0.2516101 0.1603730 0.2475673 0.2471924 0.3045598 0.1526157 0.2326139 0.2530169 0.1000718 0.1629024 0.2299141 0.2154304 0.1735120 0.2098657 0.2457992 0.2339036 0.2840801 0.2658431 0.2894357 0.2422096 0.1917819 0.1813412 0.2012083 0.3080826 0.1203008 0.2040907 0.1952373 0.2076932 0.2535285 0.2854188 0.2209823 0.2430661 0.2283972 0.1007256 0.2016345 0.2257177 0.2465783 0.2287376 0.3024477 0.1698165 0.1486206 0.1996222 0.1587570 0.1969415 0.1459278 0.1719342 0.1639754 0.0864406 0.2393059 0.2445945 0.2330910 0.1360024 0.1908722 0.2516876 0.2463514 0.2797911 0.2397043 0.2024684 
S0949       0.3036780 0.1416754 0.0149873 0.2438173 0.2137809 0.1834758 0.0441674 0.1518891 0.2446176 0.1102828 0.0343366 0.1096181 0.2300444 0.0000000 0.0557206 0.0198517 0.1296957 0.2104152 0.2150119 0.2125600 0.1940965 0.0213443 0.0238878 0.1076874 0.1034202 0.0806809 0.2234572 0.2621884 0.1979932 0.1521168 0.1839653 0.1530252 0.1639818 0.1654603 0.1803853 0.1843538 0.2923854 0.2650419 0.1528178 0.0190903 0.2433715 0.2069849 0.1305389 0.0288202 0.0956945 0.1055974 0.0877214 0.2744955 0.0572928 0.0922065 0.0790253 0.1282395 0.1805954 0.1013179 0.1315504 0.0749215 0.1131587 0.1025321 0.2207362 0.1599170 0.0703420 0.0678543 0.1058420 0.1085369 0.0241004 0.0850383 0.1891300 0.0499197 0.2159627 0.2377370 0.0887215 0.1569038 0.1362551 0.1378866 0.0648136 0.1378955 0.2112954 0.0758670 0.0589649 0.0051015 0.1166354 0.1362608 0.1694613 0.1198965 0.1265431 0.1376877 0.1761461 0.0848666 0.1324442 0.1642500 0.1275674 0.2166021 0.0591544 0.0893371 0.1109163 0.2354679 0.0148408 0.2072387 0.0969182 0.0301235 0.0741349 0.2218760 0.0558292 0.1930995 0.1144686 0.0637995 0.1704298 0.2169294 0.1529871 0.1672140 0.1590512 0.1209569 0.1626566 0.1890936 0.1226934 0.2687775 0.0341894 0.1400766 0.0291539 0.1995868 0.2290031 0.0482309 0.1824610 0.0737271 0.2638679 0.0477979 0.1712646 0.2076598 0.1353592 0.0804560 0.1822460 0.1563355 0.2224175 0.2195182 0.2298410 0.1970817 0.0352756 0.1556627 0.1943185 0.2887449 0.1612522 0.1703700 0.1645439 0.0617332 0.0532778 0.3267806 0.2288790 0.0288468 0.1377094 0.1621911 0.2520497 0.0238878 0.0341747 0.0240740 0.1730840 0.1575588 0.1204595 0.0836266 0.1316448 0.1661163 0.1023477 0.1305634 0.1185618 0.1064687 0.1770780 0.1244396 0.1798262 0.1896324 0.1308709 0.2059677 0.2001866 0.0282622 0.1905122 0.1578039 
S0895       0.2843058 0.1516053 0.0147957 0.2160333 0.2170642 0.1378334 0.0602200 0.1027874 0.2131226 0.1060596 0.0344549 0.1126080 0.2194344 0.0557206 0.0000000 0.0351884 0.1323560 0.2122315 0.2064808 0.1634679 0.1772579 0.0264857 0.0390780 0.1092019 0.1000487 0.0670285 0.1581803 0.2342498 0.1827792 0.1399755 0.1444388 0.1529121 0.1601991 0.1585712 0.1746615 0.1689077 0.2109408 0.2359710 0.1466927 0.0558417 0.2101018 0.1982914 0.1268907 0.0442005 0.0921210 0.1087552 0.0972039 0.2261863 0.0667448 0.1024152 0.1036241 0.0974742 0.1729999 0.0986503 0.1263757 0.0729470 0.1229986 0.1056783 0.1951602 0.1405512 0.0633127 0.0587001 0.0959398 0.1115266 0.0394337 0.0697931 0.1811196 0.0663786 0.1800989 0.1926475 0.0854561 0.1605988 0.1309324 0.1403969 0.1013548 0.0958798 0.1626285 0.0685118 0.0629893 0.0153239 0.1183219 0.1433264 0.1546967 0.1166375 0.1280381 0.1400112 0.1524785 0.0491939 0.1426921 0.1663239 0.1042213 0.2113487 0.0525363 0.0798558 0.0839320 0.2110133 0.0146530 0.1712070 0.0932558 0.0512971 0.0536336 0.1968162 0.0659702 0.1914113 0.0774681 0.0733610 0.1634207 0.1902989 0.1330421 0.1595223 0.1545715 0.0849927 0.1621730 0.1427543 0.1243381 0.2328210 0.0502905 0.1362459 0.0665075 0.1759229 0.1769338 0.0360150 0.1354446 0.0971792 0.2528046 0.0412969 0.1563604 0.2110415 0.1102053 0.0847013 0.1442349 0.1601754 0.2049908 0.2022944 0.2043182 0.1887086 0.0294398 0.1562357 0.1878619 0.2845830 0.1608252 0.1571331 0.1601366 0.0390970 0.0404742 0.3211248 0.2320564 0.0494878 0.1501286 0.1617082 0.2150013 0.0390780 0.0390417 0.0393954 0.1644857 0.1462597 0.1091422 0.0637899 0.1189692 0.1534820 0.0864330 0.1101491 0.0929875 0.1096264 0.1379449 0.1082351 0.1723084 0.1815398 0.1410193 0.1887061 0.1915582 0.0530119 0.1440143 0.1600207 
S0896       0.2886924 0.1540899 0.0050289 0.2199605 0.2088105 0.1595879 0.0348900 0.1237530 0.2072868 0.1211637 0.0247766 0.1210464 0.2252877 0.0198517 0.0351884 0.0000000 0.1337745 0.2069213 0.2185316 0.1889046 0.1893014 0.0106901 0.0145467 0.1049689 0.1063984 0.0645110 0.1883874 0.2653768 0.1932607 0.1395922 0.1698477 0.1670237 0.1784584 0.1367953 0.1744055 0.1867931 0.2655038 0.2225508 0.1343734 0.0250439 0.2417978 0.1764774 0.1280132 0.0195033 0.1056613 0.1162562 0.0652115 0.2709620 0.0416178 0.1029582 0.0569709 0.0906184 0.1611153 0.0906987 0.1274658 0.0712659 0.1238809 0.1135349 0.1824999 0.1671077 0.0421667 0.0619444 0.0942156 0.1197991 0.0146774 0.0426882 0.1604048 0.0405748 0.2127967 0.1952653 0.0982370 0.1610047 0.1485418 0.1411569 0.0658370 0.0950706 0.1785096 0.0663156 0.0428383 0.0051844 0.1264519 0.1556467 0.1736421 0.1171801 0.1310929 0.1411003 0.1724524 0.0569029 0.1356001 0.1507874 0.0970444 0.2239267 0.0487987 0.0589635 0.0753197 0.2131185 0.0049794 0.1640995 0.1070681 0.0252381 0.0508935 0.2198665 0.0297124 0.2089586 0.0685487 0.0477857 0.1502851 0.1858303 0.1510263 0.1798297 0.1572659 0.0771841 0.1768084 0.1657025 0.1411676 0.2642872 0.0248154 0.1378510 0.0300672 0.1778660 0.1932439 0.0377140 0.1600550 0.0522245 0.2466108 0.0430482 0.1674825 0.2026334 0.1247362 0.0893089 0.1636823 0.1531681 0.1928315 0.1931283 0.1844197 0.1759059 0.0255967 0.1684261 0.1700911 0.2681375 0.1752300 0.1244974 0.1332934 0.0517089 0.0259586 0.3441819 0.2121300 0.0245687 0.1435756 0.1768589 0.2428680 0.0145467 0.0144767 0.0146596 0.1392140 0.1546916 0.1394551 0.0665402 0.1205136 0.1631718 0.1059978 0.1262856 0.1199291 0.1172482 0.1596490 0.0877410 0.1592228 0.1872582 0.1355150 0.2024911 0.1682228 0.0233605 0.1620704 0.1525955 
S0959       0.3201662 0.1045461 0.0779520 0.2414359 0.1780888 0.1463010 0.1705209 0.1171257 0.2248425 0.0820397 0.1507152 0.0740963 0.1985883 0.1296957 0.1323560 0.1337745 0.0000000 0.2293281 0.1986345 0.1800072 0.1868913 0.0765976 0.1419182 0.0686474 0.0822771 0.1724405 0.2169495 0.2522795 0.1969998 0.0815473 0.1650620 0.1047750 0.1179189 0.1620035 0.1476710 0.1727538 0.2382757 0.2124676 0.1416794 0.1526225 0.2178248 0.1766140 0.1016121 0.1486856 0.0884368 0.0755614 0.1650803 0.2705545 0.1429932 0.0700324 0.1733705 0.1498664 0.1677696 0.1327012 0.0355367 0.0986002 0.0565184 0.0735001 0.1886313 0.1126600 0.1388763 0.0735379 0.0753934 0.0865833 0.1434796 0.1493420 0.1592327 0.1650885 0.1764342 0.2054247 0.0817011 0.1070447 0.0749691 0.0639966 0.2023813 0.1466343 0.2053185 0.1281238 0.1394800 0.0687460 0.1077464 0.0760223 0.1564728 0.0860959 0.0916577 0.1139361 0.1343902 0.1445793 0.0712114 0.1653156 0.1634949 0.2532463 0.1037102 0.1754237 0.1671737 0.2094710 0.0841989 0.2108850 0.1023610 0.1407340 0.1144059 0.1658784 0.1408850 0.1414270 0.1221690 0.1364372 0.1537749 0.2234888 0.1425571 0.1346362 0.1319931 0.1421494 0.1148473 0.1654196 0.0755715 0.2225423 0.1560626 0.1044897 0.1655408 0.1837882 0.1878432 0.0785231 0.1288493 0.2114421 0.2305791 0.1121381 0.1652879 0.1726916 0.1040209 0.1357612 0.1555862 0.1224631 0.1919040 0.1399547 0.2102158 0.1606372 0.1358474 0.1048916 0.1445180 0.3182695 0.1076769 0.1544447 0.1478138 0.1397097 0.1325223 0.3336693 0.1677224 0.1491891 0.1176722 0.0921335 0.2461922 0.1419182 0.1416082 0.1434679 0.1758879 0.1456502 0.0911995 0.1398629 0.1216526 0.1549006 0.0949040 0.1133010 0.1010120 0.0761521 0.1241071 0.1903555 0.1450460 0.1389474 0.0950996 0.2051668 0.1630214 0.1493886 0.1775236 0.0850736 
S0892       0.3213391 0.1832599 0.1607594 0.2610532 0.2821339 0.1975686 0.2208464 0.1756080 0.2095840 0.1987170 0.2051718 0.1619343 0.2314489 0.2104152 0.2122315 0.2069213 0.2293281 0.0000000 0.2236389 0.1927241 0.2064074 0.1426608 0.2055694 0.2016419 0.1999824 0.2161309 0.1974895 0.2815220 0.2330083 0.2387410 0.1598222 0.1875630 0.1766507 0.2186748 0.2000703 0.2277323 0.2925755 0.2149946 0.2042634 0.2189412 0.2595139 0.1806547 0.1403832 0.1973367 0.1536691 0.1514216 0.2177111 0.2669708 0.2145675 0.1608676 0.2331654 0.2143795 0.2179131 0.2110062 0.2292389 0.1810545 0.1872469 0.1616666 0.1922256 0.2491273 0.2073884 0.1185469 0.1257557 0.1605348 0.2079235 0.2366481 0.2173781 0.2325626 0.1960684 0.2179586 0.1457479 0.2260797 0.2146050 0.2361379 0.2254305 0.1988433 0.1865480 0.1969226 0.1829450 0.1492156 0.1695159 0.2229721 0.2069131 0.1667035 0.2151253 0.1920532 0.2286456 0.1800627 0.2070073 0.1522031 0.2081186 0.3161792 0.1973735 0.3003098 0.2399219 0.2429334 0.1735177 0.1533306 0.1556255 0.2523011 0.1971549 0.2734669 0.2139158 0.2517973 0.1907452 0.2184956 0.2090704 0.2343861 0.1350004 0.2573437 0.1519089 0.1952206 0.2679169 0.2600390 0.2126933 0.2597684 0.2090094 0.1877623 0.2492937 0.2174688 0.2342514 0.1493662 0.2173385 0.2199364 0.3159671 0.1662426 0.1976505 0.2589519 0.1310409 0.2063383 0.2003447 0.2255845 0.1869188 0.2333915 0.1982602 0.2067250 0.1889262 0.2483258 0.1780668 0.2515694 0.2434273 0.2206529 0.2140886 0.1871346 0.2273201 0.3168119 0.2515292 0.2051933 0.2372934 0.2047175 0.2664690 0.2055694 0.2238983 0.2080290 0.2391114 0.2001496 0.2085066 0.1954637 0.1822326 0.1524645 0.1749035 0.1937599 0.1463257 0.1516117 0.1739950 0.2587133 0.2112245 0.2602519 0.2092269 0.1852528 0.2097238 0.2588912 0.2077817 0.2543983 
S0954       0.3265180 0.1360222 0.1629033 0.2801442 0.2547442 0.2425337 0.2532963 0.1670045 0.2293943 0.1522677 0.2187214 0.0754470 0.0505285 0.2150119 0.2064808 0.2185316 0.1986345 0.2236389 0.0000000 0.2546965 0.2310522 0.1330078 0.2191424 0.1545502 0.1457479 0.2162502 0.2068395 0.0905576 0.0776325 0.1333148 0.2351051 0.0914873 0.1322303 0.2394062 0.2079883 0.0310837 0.3078637 0.3013966 0.2201556 0.2414444 0.0661093 0.2247099 0.1772055 0.2191477 0.1562570 0.0699981 0.2178856 0.1044948 0.2021520 0.0648609 0.2118231 0.1971843 0.2457945 0.2007351 0.1788136 0.1828647 0.1426449 0.0753173 0.2721042 0.1438749 0.2210396 0.1275098 0.1363188 0.0821951 0.2218243 0.2701166 0.2308639 0.2308261 0.2345170 0.2704395 0.1478331 0.1337851 0.1510182 0.1651833 0.2369181 0.1697474 0.2054134 0.1948309 0.1819582 0.1329205 0.1435613 0.1417753 0.1341561 0.1361708 0.1473738 0.1099076 0.1689867 0.2030079 0.1686855 0.1982123 0.2199059 0.1209247 0.1806129 0.3048453 0.2327460 0.0551374 0.1685086 0.2162249 0.1733731 0.2516307 0.1887181 0.1540909 0.2306813 0.1724983 0.1662850 0.1977000 0.2541319 0.2752259 0.1753878 0.1496382 0.2089761 0.1730695 0.1182805 0.2245839 0.1300924 0.0719660 0.2441149 0.1491286 0.2401238 0.2323496 0.2852653 0.1402296 0.2436886 0.2454493 0.0728207 0.1584062 0.2230799 0.2315691 0.1686220 0.1948265 0.2577998 0.2177712 0.3012835 0.2562348 0.2790571 0.2520207 0.1932506 0.1558941 0.2032758 0.2790145 0.1180288 0.1990540 0.1898984 0.2019570 0.2456752 0.3038624 0.2379697 0.2358751 0.2093519 0.0987955 0.2109777 0.2191424 0.2391668 0.2219727 0.2818818 0.1581113 0.1180919 0.1939581 0.1625236 0.1798520 0.1430222 0.1915993 0.1756487 0.0780998 0.2317366 0.2519353 0.2420997 0.1130836 0.1778657 0.2624032 0.2562440 0.2458686 0.2583344 0.1845048 
S0952       0.3102629 0.2099165 0.1591897 0.2389615 0.2331359 0.0633838 0.2249546 0.1721070 0.0915017 0.2165298 0.2116158 0.1642838 0.2648285 0.2125600 0.1634679 0.1889046 0.1800072 0.1927241 0.2546965 0.0000000 0.2207891 0.1590845 0.2087951 0.2172880 0.2091148 0.2192391 0.0925545 0.3055636 0.2223055 0.2293353 0.0570647 0.1925190 0.1461667 0.2227679 0.1628755 0.2195816 0.1315580 0.2886591 0.2070076 0.2303728 0.2552461 0.2286269 0.2227289 0.2000882 0.1566521 0.1519840 0.2049121 0.3092188 0.2277109 0.1437758 0.2395485 0.1369576 0.2394657 0.2344762 0.2008268 0.2052327 0.1950230 0.1549718 0.2794088 0.2451146 0.1972162 0.1260397 0.1817513 0.1704497 0.2113173 0.1824302 0.2448220 0.2445341 0.2292665 0.2575926 0.1481994 0.2196988 0.1869292 0.1743038 0.2210414 0.1358352 0.0852844 0.1974310 0.1795279 0.1405545 0.1735992 0.2141954 0.1980452 0.2226467 0.2412361 0.1972976 0.2268785 0.1872863 0.2222008 0.2335152 0.2754443 0.3021797 0.1881187 0.2448125 0.2038891 0.2697291 0.1572229 0.0706200 0.1478596 0.2184768 0.1702901 0.2690068 0.2070812 0.2416465 0.1259279 0.1923879 0.2318200 0.2505272 0.2040037 0.2571279 0.2358586 0.1344287 0.2454557 0.1025843 0.2229151 0.3227764 0.2332305 0.2479180 0.2137329 0.1959402 0.1004039 0.1517152 0.1636474 0.2216371 0.3167886 0.1855949 0.2029320 0.2349536 0.1787459 0.1963683 0.1838593 0.2122086 0.2706208 0.1965965 0.2608872 0.2287430 0.2022184 0.2444239 0.2373850 0.3010829 0.2351562 0.2473338 0.2796089 0.1960534 0.1875320 0.3331630 0.2446969 0.2251634 0.2435246 0.2013694 0.2632407 0.2087951 0.2081710 0.2114369 0.2283427 0.2349804 0.2170422 0.2165518 0.2171062 0.2311444 0.1578546 0.1530714 0.1198467 0.1532931 0.0855157 0.2003485 0.2346726 0.2476541 0.2193158 0.1972088 0.2397683 0.2214930 0.1767569 0.1960975 
S1148       0.3653139 0.2128305 0.1329322 0.0407067 0.2572569 0.2139299 0.2310137 0.1400986 0.2338296 0.1690578 0.1972796 0.1712527 0.2462402 0.1940965 0.1772579 0.1893014 0.1868913 0.2064074 0.2310522 0.2207891 0.0000000 0.1296835 0.1977022 0.1746213 0.1799571 0.2252138 0.1904666 0.2961325 0.2471771 0.2086053 0.2562148 0.1995619 0.1277232 0.1587431 0.1502301 0.2041678 0.2768049 0.2425189 0.1564500 0.2116340 0.2794263 0.1787205 0.1705232 0.1890515 0.1344669 0.1597796 0.2258524 0.3116135 0.2162195 0.1606350 0.2333399 0.1404572 0.1644046 0.1661519 0.1681454 0.1532687 0.1806339 0.1709431 0.1957698 0.2394816 0.1758849 0.1015270 0.1184470 0.1696245 0.2001076 0.1863287 0.1921895 0.2252997 0.2182794 0.2452386 0.1365424 0.2313765 0.1932754 0.1994704 0.2255286 0.1236208 0.1970871 0.1791235 0.1597315 0.1133709 0.1359934 0.1860188 0.2172558 0.1886461 0.2038045 0.2048657 0.2363701 0.1536406 0.1641939 0.1687090 0.1846844 0.3438352 0.1677932 0.2453321 0.1936836 0.2759045 0.1385460 0.2105463 0.1615838 0.2069350 0.1044812 0.2728462 0.1958937 0.2677844 0.1266724 0.2204654 0.2023660 0.0240019 0.1798046 0.2459067 0.2007712 0.1257148 0.2564463 0.2211598 0.1928308 0.2501555 0.2193931 0.2121998 0.2174506 0.0292379 0.2655035 0.1145437 0.1699004 0.2438532 0.3188208 0.1547479 0.0094877 0.2397163 0.1376151 0.1787789 0.1935867 0.2320754 0.2437657 0.1992243 0.2326092 0.1912550 0.1698430 0.2389864 0.2048750 0.3125299 0.2308079 0.1880695 0.1984189 0.1701095 0.2078865 0.2474329 0.2398834 0.2140252 0.1673268 0.1999478 0.2107289 0.1977022 0.1971250 0.2002010 0.1655598 0.2506758 0.2007211 0.1643666 0.1767781 0.2035308 0.1522793 0.1386700 0.1282667 0.1669116 0.1953761 0.2104645 0.1958395 0.2596968 0.2038738 0.0240408 0.2030480 0.2086537 0.1741727 0.2227988 
S0509       0.2645058 0.1092160 0.0104889 0.1524127 0.1234962 0.1375991 0.0375119 0.0710654 0.1505998 0.0631273 0.0156463 0.0810582 0.1384158 0.0213443 0.0264857 0.0106901 0.0765976 0.1426608 0.1330078 0.1590845 0.1296835 0.0000000 0.0156147 0.0498206 0.0626047 0.0441374 0.1772434 0.1631644 0.1188402 0.0807663 0.1376039 0.1060030 0.0910027 0.1042345 0.0940498 0.1123481 0.2284529 0.1554282 0.0874674 0.0211329 0.1546343 0.1367239 0.0501916 0.0209418 0.0498089 0.0758285 0.0444345 0.1836738 0.0266900 0.0753093 0.0555500 0.0757051 0.1104928 0.0261982 0.0564108 0.0265507 0.0548661 0.0799547 0.1325998 0.1088391 0.0328836 0.0235439 0.0289769 0.0866585 0.0157662 0.0396039 0.1190793 0.0378991 0.1321636 0.1447121 0.0436379 0.1022905 0.0807945 0.0673114 0.0513377 0.0764623 0.1661425 0.0385575 0.0218544 0.0000026 0.0618743 0.0747015 0.0956301 0.0493287 0.0735336 0.1098184 0.1089295 0.0487601 0.0694716 0.0770109 0.0496234 0.1666760 0.0162168 0.0625208 0.0553335 0.1352136 0.0103812 0.1226903 0.0565366 0.0330185 0.0284060 0.1476655 0.0318263 0.1313862 0.0529476 0.0325070 0.1183323 0.1261610 0.0691797 0.1232843 0.0748007 0.0627246 0.0964227 0.1365500 0.0751290 0.1668249 0.0322474 0.0672897 0.0323437 0.1188802 0.1718367 0.0052236 0.0952557 0.0559763 0.1748190 0.0106327 0.1107646 0.1175481 0.0510705 0.0565050 0.1222231 0.0872844 0.1436165 0.1212845 0.1370974 0.1263803 0.0157897 0.1065001 0.1009926 0.2054720 0.1027560 0.0715078 0.0591553 0.0318841 0.0215396 0.2576122 0.1253850 0.0263931 0.0577362 0.1072036 0.1678165 0.0156147 0.0210578 0.0157460 0.0988623 0.1239914 0.0835925 0.0268425 0.0689964 0.0739900 0.0499853 0.0653425 0.0532743 0.0826368 0.1281276 0.0799330 0.1256980 0.1176811 0.0823149 0.1410592 0.1283029 0.0186805 0.1072190 0.0823887 
