133
S0435       0.0000000 0.0068123 0.1519269 0.2049244 0.1450864 0.1543866 0.1541379 0.0533999 0.0681125 0.0137445 0.0445481 0.0144313 0.0000025 0.0299199 0.1321803 0.0205803 0.2254249 0.0510630 0.0066099 0.0775802 0.0676351 0.0949937 0.1130788 0.1049761 0.0586444 0.1158785 0.1241871 0.0882782 0.1657079 0.1722108 0.0000022 0.1202734 0.0959775 0.1497517 0.0802429 0.1846795 0.0066099 0.1122067 0.0210095 0.0066099 0.0342364 0.1045096 0.0658697 0.0206013 0.0618204 0.0943950 0.0068861 0.0717090 0.0000021 0.0272995 0.0134268 0.0134452 0.1813364 0.1476697 0.1009855 0.0851919 0.0000022 0.1023567 0.0447068 0.0634565 0.0286903 0.0000021 0.0652072 0.0894160 0.0862256 0.1340270 0.0703652 0.1110577 0.0000025 0.1051558 0.1455960 0.0000021 0.1484045 0.0000024 0.0528563 0.1037898 0.0000026 0.1568081 0.0717542 0.0415963 0.0000024 0.0277549 0.1315695 0.0279718 0.0944957 0.0933725 0.1210867 0.1121808 0.1382999 0.1406890 0.0686092 0.0420483 0.1172905 0.1254969 0.0139834 0.0855987 0.0936061 0.2061638 0.0000021 0.0733307 0.0576870 0.0863288 0.1328820 0.1590671 0.1442916 0.1254230 0.0000025 0.0889631 0.1466447 0.0705391 0.1799789 0.1096830 0.0346789 0.1435362 0.0671847 0.1526382 0.1582579 0.0658990 0.0203860 0.0984977 0.0000024 0.0716200 0.0861786 0.0477204 0.0982735 0.0273847 0.0608035 0.0813479 0.0725027 0.1228497 0.2091819 0.1429761 0.0658990 
SRR8528391  0.0068123 0.0000000 0.1646370 0.2500742 0.1775193 0.1732368 0.1387361 0.0675184 0.0910224 0.0490207 0.0503210 0.0220336 0.0141363 0.0299918 0.1366884 0.0330935 0.2707184 0.0814909 0.0403923 0.0944923 0.1072448 0.1011228 0.1375122 0.1201055 0.0727787 0.1325112 0.1380020 0.1034715 0.2005503 0.1659390 0.0338570 0.1445147 0.1118600 0.1633480 0.0873576 0.1914152 0.0403923 0.1363223 0.0647098 0.0403923 0.0476595 0.1288303 0.0878433 0.0412518 0.0688634 0.1093126 0.0136403 0.0788624 0.0000029 0.0701042 0.0406546 0.0264958 0.1727189 0.1537463 0.1069014 0.0999673 0.0215469 0.1282101 0.0836936 0.0614031 0.0501294 0.0071037 0.0863072 0.1140426 0.1011619 0.1397588 0.0774017 0.1245671 0.0068366 0.1100689 0.1815225 0.0070932 0.1828834 0.0065878 0.0513076 0.1187558 0.0068550 0.1812005 0.0789108 0.0776635 0.0336386 0.0331790 0.1485006 0.0641268 0.1094387 0.0994302 0.1079903 0.1271221 0.1639550 0.1672421 0.0926942 0.0870972 0.1442025 0.1300023 0.0207558 0.1004336 0.1083313 0.2112366 0.0000021 0.0786314 0.0787516 0.1101006 0.1516495 0.1643203 0.1747808 0.1506706 0.0072870 0.1051720 0.1409043 0.0781445 0.1960826 0.1243293 0.0474529 0.1589348 0.0711399 0.1681378 0.1756387 0.0872164 0.0553681 0.1139382 0.0336386 0.0787653 0.1010956 0.0555045 0.1230977 0.0404820 0.0921544 0.0885487 0.0797241 0.1286806 0.2452985 0.1583251 0.0872164 
S0732       0.1519269 0.1646370 0.0000000 0.2971937 0.0493341 0.2663740 0.2804800 0.1664256 0.1698990 0.1713415 0.1930535 0.1589896 0.1436795 0.1582283 0.1993897 0.1938407 0.3202186 0.2443078 0.1925665 0.1665922 0.2555954 0.1807909 0.2307063 0.1743073 0.1917259 0.2206372 0.0992957 0.1856106 0.2761314 0.2121164 0.1748045 0.2521779 0.1803410 0.2238620 0.1360783 0.3333284 0.1925665 0.2544521 0.2229109 0.1820069 0.1832080 0.2345648 0.2585195 0.2061177 0.1238818 0.1777898 0.1187515 0.1277203 0.1444736 0.2054266 0.1837082 0.1802141 0.2543805 0.2160228 0.1672694 0.1915975 0.1658249 0.2087040 0.1677796 0.1902464 0.2151344 0.1463588 0.1580792 0.1891846 0.1687702 0.1866715 0.1141707 0.1270496 0.1499500 0.1964191 0.2764982 0.1434061 0.2348480 0.1479971 0.2224314 0.1870234 0.1624969 0.1268167 0.1365732 0.2021696 0.1733684 0.1944303 0.2075751 0.2065657 0.2023037 0.1699386 0.2698052 0.1820627 0.1304628 0.2519901 0.1733704 0.2411082 0.2366100 0.1765542 0.1802981 0.1820029 0.1885790 0.2335691 0.1299572 0.2061210 0.1297677 0.1589008 0.2286619 0.2521602 0.2288909 0.2136648 0.1631498 0.1901573 0.2225122 0.1362535 0.3119298 0.1482305 0.2029752 0.1966713 0.2445237 0.2415828 0.2149144 0.1498959 0.1949649 0.1799329 0.1838092 0.1374276 0.1709893 0.1229750 0.2136229 0.1825052 0.1444730 0.1291519 0.1194213 0.2402961 0.3025546 0.2189763 0.1498959 
S0735       0.2049244 0.2500742 0.2971937 0.0000000 0.2711006 0.2596645 0.3079758 0.2081530 0.1950418 0.2743840 0.2699293 0.2211238 0.2071340 0.2164842 0.2279305 0.2709061 0.0190594 0.3338020 0.2937371 0.1826656 0.3801576 0.2541361 0.2415215 0.2220062 0.3433693 0.2837809 0.2898585 0.2462665 0.2640539 0.2366480 0.2745806 0.2482625 0.3091994 0.2110057 0.2125291 0.3344930 0.2937371 0.2663939 0.3068710 0.2937371 0.2940981 0.2315111 0.3615927 0.2889523 0.1861922 0.2186585 0.2193428 0.1905683 0.2142691 0.3227586 0.2967146 0.2430871 0.2081936 0.2100630 0.2291874 0.2023260 0.2492544 0.3251920 0.2411746 0.3014678 0.3340441 0.1766785 0.2035297 0.2045213 0.2092534 0.2587865 0.1866435 0.3265885 0.2413521 0.2520014 0.3072970 0.2111032 0.3005261 0.2189046 0.2777395 0.2708425 0.2183122 0.3591885 0.2018223 0.2810752 0.2721617 0.2834032 0.2579104 0.3466702 0.1934152 0.2208549 0.2560656 0.2577589 0.2951783 0.2989677 0.1990049 0.3449149 0.2662613 0.2800672 0.2608476 0.2075962 0.2616745 0.2753616 0.2324995 0.3529812 0.2460836 0.2204566 0.2359698 0.3059266 0.2485321 0.2765398 0.1975240 0.2310251 0.3017831 0.1996107 0.2741846 0.2514953 0.3307922 0.3154794 0.3120816 0.2925141 0.2090206 0.2373262 0.3236419 0.2463839 0.2843457 0.1775249 0.1880920 0.1310433 0.2797107 0.2821638 0.2357301 0.2004448 0.2041826 0.3188409 0.2997337 0.2804410 0.2373262 
S0739       0.1450864 0.1775193 0.0493341 0.2711006 0.0000000 0.2459752 0.2711939 0.1794075 0.1727860 0.1669914 0.2170824 0.1515176 0.1382584 0.1648302 0.2244953 0.1852826 0.2926389 0.2323326 0.1841140 0.1696754 0.2611658 0.1936633 0.2450138 0.1870369 0.2145674 0.2331587 0.1099408 0.1986856 0.2671303 0.2336489 0.1671227 0.2405347 0.1948210 0.2245115 0.1411011 0.3129564 0.1641171 0.2894276 0.2126055 0.1841140 0.2061838 0.2348486 0.2462573 0.2100744 0.1280992 0.1804228 0.1519678 0.1319413 0.1389924 0.2067765 0.1857758 0.1925927 0.2539487 0.2223274 0.1701984 0.2038807 0.1687695 0.2216602 0.1506818 0.2235320 0.1962373 0.1407822 0.1804234 0.1589961 0.1716749 0.1891400 0.1293185 0.1281668 0.1560463 0.1985810 0.2904831 0.1406726 0.2205723 0.1613598 0.2228321 0.2098845 0.1563568 0.1411643 0.1416386 0.1834402 0.1658082 0.2067984 0.2307795 0.2105242 0.2161316 0.1827782 0.2440351 0.1948676 0.1314327 0.2760320 0.1762036 0.2334633 0.2640189 0.1997695 0.1948542 0.1845616 0.2011652 0.2397338 0.1560858 0.2657430 0.1520011 0.1620854 0.2166947 0.2641725 0.2350231 0.2259784 0.1579441 0.2046208 0.2601436 0.1306918 0.3235475 0.1516930 0.2145275 0.2198688 0.2482596 0.2892447 0.2212008 0.1626564 0.1863126 0.1826540 0.1757322 0.1413767 0.1542502 0.1294774 0.2283968 0.1649456 0.1489330 0.1226380 0.1239107 0.2667481 0.3169720 0.2093562 0.1626564 
S1328sl     0.1543866 0.1732368 0.2663740 0.2596645 0.2459752 0.0000000 0.2454045 0.1550699 0.1467829 0.1710719 0.1865797 0.1695677 0.1498019 0.1698288 0.1857433 0.1943554 0.2567466 0.1843328 0.1905888 0.1422820 0.2307996 0.1886191 0.0828564 0.1056851 0.1925498 0.1680158 0.2589968 0.1583084 0.0560176 0.0927278 0.1826893 0.0912970 0.2064514 0.0721858 0.1530116 0.2558154 0.1791043 0.1206872 0.1938319 0.1905888 0.2002533 0.0748617 0.2779816 0.1933297 0.1292883 0.1689797 0.1642001 0.1435649 0.1486985 0.2285741 0.1924758 0.2169843 0.0820731 0.0833518 0.1665337 0.1788566 0.1722871 0.2076281 0.1739549 0.2233037 0.2007792 0.1484684 0.1887684 0.1544028 0.1480744 0.1940495 0.1391446 0.2711391 0.1557514 0.2129167 0.2542958 0.1158627 0.2392163 0.1529763 0.1925711 0.2118300 0.1557655 0.2342172 0.1436575 0.2285503 0.1810384 0.1946088 0.2107185 0.2081671 0.1903251 0.1576191 0.1649792 0.1706308 0.2473694 0.2214874 0.1611679 0.2101507 0.1779305 0.2142071 0.1755233 0.1706287 0.1868956 0.1371652 0.1630503 0.2385146 0.1638595 0.1481545 0.0728705 0.2620627 0.0727745 0.2015447 0.1419657 0.2036822 0.2704562 0.1419918 0.2030618 0.1552179 0.2074424 0.2088241 0.2250544 0.2615515 0.0920309 0.1655456 0.2174161 0.1678137 0.1810384 0.1408370 0.1720415 0.0738355 0.2040176 0.1433236 0.1634985 0.1569922 0.1454344 0.2090067 0.1118106 0.1961713 0.1655456 
SRR8528338  0.1541379 0.1387361 0.2804800 0.3079758 0.2711939 0.2454045 0.0000000 0.1427535 0.1439120 0.1740390 0.1950457 0.1762190 0.1359688 0.1290318 0.2076990 0.1758202 0.3177277 0.2425085 0.2037223 0.1371117 0.3167763 0.1270607 0.2046543 0.1569557 0.2042342 0.1607507 0.2734902 0.1093917 0.2673619 0.2336925 0.1968140 0.2117087 0.1612967 0.2226939 0.1125201 0.1511728 0.2037223 0.2472083 0.2337216 0.1927396 0.2037102 0.1818221 0.2163714 0.1939806 0.1028166 0.1514211 0.1307427 0.1141833 0.1381046 0.2370152 0.1949316 0.1851476 0.2364611 0.2005979 0.1534741 0.1731969 0.1806475 0.2217334 0.1714738 0.1902406 0.2202429 0.1501060 0.1382855 0.1207038 0.1430012 0.1774191 0.1109951 0.3153476 0.1318074 0.1450477 0.2535238 0.1517112 0.1747851 0.1419897 0.2003162 0.1418730 0.1434621 0.3210919 0.1142500 0.2403149 0.1952344 0.1564275 0.1633295 0.2451899 0.1845661 0.1342234 0.0544091 0.1885555 0.3120135 0.1953838 0.1466819 0.2440468 0.1902746 0.1587751 0.1373288 0.1327721 0.1342608 0.2981348 0.1159605 0.2288043 0.1702081 0.1525438 0.2080226 0.1591535 0.2083638 0.1579719 0.1547247 0.1703269 0.1748488 0.1131131 0.2006104 0.1841950 0.2086429 0.1770728 0.1923061 0.2087755 0.2382153 0.1717426 0.2278777 0.1760482 0.1952344 0.1140387 0.1365694 0.0721078 0.1927509 0.1734267 0.1694452 0.1249485 0.1154581 0.1556165 0.3107083 0.2252058 0.1717426 
S0196sl     0.0533999 0.0675184 0.1664256 0.2081530 0.1794075 0.1550699 0.1427535 0.0000000 0.0503374 0.0831794 0.0957810 0.0845019 0.0629143 0.0839533 0.1198891 0.0914757 0.2171789 0.1535196 0.0986038 0.0608794 0.1731294 0.0843500 0.1405979 0.1228880 0.1298543 0.1042651 0.1381793 0.0777000 0.1842461 0.1474686 0.0832506 0.1477335 0.1068981 0.1477846 0.0626198 0.2298178 0.0986038 0.1584652 0.1199514 0.0986038 0.1078019 0.1317055 0.1581800 0.0922279 0.0611265 0.0665607 0.0528379 0.0626000 0.0553923 0.1160613 0.1080237 0.0910439 0.1788853 0.1368613 0.0828688 0.0750501 0.0720342 0.1317585 0.0520178 0.0894284 0.1150289 0.0470884 0.0347986 0.0616942 0.0589575 0.1135408 0.0616895 0.1273729 0.0536218 0.0769662 0.1616734 0.0475000 0.1256842 0.0526681 0.0982761 0.1100951 0.0620377 0.1814413 0.0543718 0.1360163 0.0909813 0.0750118 0.1301002 0.1188960 0.0839026 0.0930769 0.1113119 0.1104664 0.1641937 0.1387866 0.0512148 0.1377483 0.1475980 0.1238801 0.0608598 0.0672477 0.0831530 0.1939327 0.0465713 0.1273466 0.0270893 0.0670095 0.1225367 0.1270939 0.1449246 0.1237000 0.0665030 0.0975015 0.1428465 0.0620341 0.1793629 0.1182507 0.1359480 0.1306590 0.1308458 0.1393829 0.1232814 0.0202931 0.1172599 0.0969465 0.0909813 0.0625237 0.0858917 0.0314791 0.1154120 0.0822674 0.0521016 0.0634592 0.0632828 0.1306164 0.2396714 0.1407159 0.0202931 
SRR8528336  0.0681125 0.0910224 0.1698990 0.1950418 0.1727860 0.1467829 0.1439120 0.0503374 0.0000000 0.0900261 0.1304894 0.1016053 0.0875187 0.1104612 0.0772136 0.1155906 0.2136366 0.1475889 0.1053420 0.0269224 0.1663414 0.0720953 0.1259955 0.0791145 0.1445817 0.0809122 0.1514772 0.0656914 0.1443377 0.1520436 0.0892148 0.1329089 0.0922450 0.1305651 0.0344543 0.2318588 0.1053420 0.1429086 0.1268600 0.1053420 0.1316278 0.1175882 0.1551136 0.1143295 0.0201422 0.0257780 0.0674035 0.0203003 0.0706334 0.1323954 0.1147963 0.1150414 0.1590142 0.1294863 0.0533170 0.0398031 0.0882205 0.0831800 0.0909347 0.1211387 0.1316704 0.0713587 0.0855809 0.0415925 0.0192704 0.0783005 0.0271394 0.1621395 0.0690919 0.0561619 0.1134730 0.0627893 0.0919061 0.0753375 0.1434784 0.0783204 0.0777064 0.1847172 0.0203128 0.1520772 0.0977800 0.1159181 0.0857580 0.1360929 0.0471140 0.0547940 0.0853218 0.0614320 0.1875268 0.1136024 0.0127637 0.1445818 0.0984417 0.0884460 0.0846396 0.0331158 0.0711306 0.1825142 0.0692568 0.1431299 0.0855143 0.0259266 0.1161528 0.1097248 0.1372037 0.0716538 0.0833109 0.0570674 0.0956146 0.0201416 0.1457634 0.0764624 0.1427116 0.1041782 0.1674875 0.0933713 0.1150452 0.0861984 0.1240372 0.0487391 0.0977800 0.0202792 0.0482209 0.0216963 0.0722864 0.1058417 0.0899704 0.0348579 0.0204945 0.1147202 0.1792994 0.0854352 0.0861984 
S0301       0.0137445 0.0490207 0.1713415 0.2743840 0.1669914 0.1710719 0.1740390 0.0831794 0.0900261 0.0000000 0.0742862 0.0298786 0.0138159 0.0367943 0.1524095 0.0558776 0.2956401 0.0740374 0.0195142 0.0926972 0.0811345 0.1176183 0.1452675 0.1372233 0.0979359 0.1405982 0.1554779 0.1112839 0.1773642 0.1873338 0.0130817 0.1521935 0.1106625 0.1811268 0.1034231 0.2024439 0.0195142 0.1534262 0.0340652 0.0129023 0.0701947 0.1365697 0.0791042 0.0795923 0.0849195 0.1259322 0.0207514 0.0954941 0.0142043 0.0402672 0.0264175 0.0708015 0.2134746 0.1766044 0.1321336 0.1251811 0.0139922 0.1364646 0.0664533 0.0925194 0.0348550 0.0070383 0.0933924 0.1127191 0.1176658 0.1674775 0.0937132 0.1534491 0.0067343 0.1375751 0.1782792 0.0000022 0.1927068 0.0424894 0.0843435 0.1356642 0.0137442 0.1753198 0.0955509 0.0623440 0.0130002 0.0713095 0.1561115 0.0412444 0.1352288 0.1245748 0.1454111 0.1348884 0.1590604 0.1555019 0.1090132 0.0473447 0.1604875 0.1394078 0.0346659 0.1168142 0.1159216 0.2375842 0.0437876 0.0953251 0.0779316 0.1088637 0.1608823 0.1823527 0.1610800 0.1502804 0.0146135 0.1318298 0.1792479 0.0859124 0.2046851 0.1319348 0.0477301 0.1571961 0.0879417 0.1968533 0.1992655 0.0862990 0.0334157 0.1219131 0.0130002 0.0953758 0.1096503 0.0547743 0.1310363 0.0552724 0.0745165 0.1056202 0.0965418 0.1351235 0.2198775 0.1664271 0.0862990 
S1181-2     0.0445481 0.0503210 0.1930535 0.2699293 0.2170824 0.1865797 0.1950457 0.0957810 0.1304894 0.0742862 0.0000000 0.0644554 0.0452055 0.0391681 0.1821828 0.0651411 0.2915436 0.1111775 0.0725700 0.1347888 0.1375823 0.1522658 0.1711082 0.1641222 0.0837773 0.1562667 0.1733758 0.1459624 0.2404502 0.1701582 0.0736978 0.1782111 0.1334858 0.1880516 0.0905088 0.2411720 0.0805410 0.1589451 0.0901285 0.0646931 0.0807727 0.1604913 0.1269909 0.0823805 0.0888049 0.1513691 0.0286661 0.1086605 0.0461639 0.0809911 0.0811089 0.0647731 0.2198196 0.1688875 0.1105231 0.1406993 0.0623325 0.1649824 0.1042965 0.0715601 0.0846234 0.0378827 0.1058636 0.1584518 0.1424736 0.1544626 0.0889987 0.1301599 0.0290764 0.1529245 0.1655432 0.0544962 0.2314751 0.0357954 0.0000021 0.1621199 0.0293551 0.1974966 0.1095677 0.1232278 0.0731816 0.0653274 0.1746136 0.1005107 0.1417774 0.1209830 0.1826824 0.1510591 0.2034370 0.1513762 0.1320160 0.0993583 0.1702034 0.1564567 0.0519009 0.1413766 0.1499129 0.2299310 0.0374080 0.0899321 0.1150197 0.1413727 0.1665214 0.1404980 0.1785429 0.1662079 0.0390053 0.1283933 0.1793473 0.1084398 0.2038403 0.1475852 0.1060231 0.1529172 0.1094581 0.1851233 0.1917233 0.1148345 0.0980336 0.1377601 0.0731816 0.1084870 0.1231163 0.0654047 0.1568532 0.0719929 0.1043054 0.0917888 0.1107667 0.1318450 0.2770239 0.1740660 0.1148345 
S0949       0.0144313 0.0220336 0.1589896 0.2211238 0.1515176 0.1695677 0.1762190 0.0845019 0.1016053 0.0298786 0.0644554 0.0000000 0.0152018 0.0409288 0.1643685 0.0369938 0.2433690 0.0718169 0.0214841 0.1131415 0.0905220 0.1219561 0.1321053 0.1233655 0.0801054 0.1282523 0.1408635 0.1061108 0.1666484 0.2006474 0.0144105 0.1397760 0.1116068 0.1836988 0.1072462 0.1899695 0.0214841 0.1411347 0.0381197 0.0214841 0.0520249 0.1226768 0.0791204 0.0451889 0.0857355 0.1223296 0.0224855 0.0966790 0.0149664 0.0444713 0.0216327 0.0289254 0.1837513 0.1729069 0.1292523 0.1216143 0.0071368 0.1125559 0.0832981 0.0759890 0.0383905 0.0149554 0.0957857 0.1154866 0.1132755 0.1555921 0.0945778 0.1262128 0.0148221 0.1335765 0.1942232 0.0154391 0.1673289 0.0148599 0.0744601 0.1332042 0.0145261 0.1767252 0.0967424 0.0518281 0.0141936 0.0370743 0.1651219 0.0376995 0.1327256 0.1208669 0.1425511 0.1426420 0.1566526 0.1643811 0.1135002 0.0610202 0.1635878 0.1589754 0.0304453 0.1222408 0.1211946 0.2012120 0.0075796 0.0871959 0.0873436 0.1234154 0.1702781 0.1851334 0.1835614 0.1588692 0.0153634 0.1277046 0.1838310 0.0957755 0.1957080 0.1291328 0.0444583 0.1637245 0.0891064 0.2016175 0.1978366 0.0968893 0.0292408 0.1269203 0.0143115 0.0974078 0.1120577 0.0695522 0.1372630 0.0446253 0.0934715 0.1088975 0.0987349 0.1445032 0.2129779 0.1786574 0.0968893 
S0895       0.0000025 0.0141363 0.1436795 0.2071340 0.1382584 0.1498019 0.1359688 0.0629143 0.0875187 0.0138159 0.0452055 0.0152018 0.0000000 0.0148407 0.1467116 0.0284749 0.2278814 0.0695582 0.0136921 0.0806689 0.0781808 0.0980373 0.1263407 0.1084069 0.0609231 0.1090804 0.1173013 0.0904325 0.1695584 0.1661203 0.0068859 0.1337284 0.0898101 0.1432881 0.0822652 0.1655823 0.0136921 0.1253193 0.0288291 0.0067865 0.0355689 0.1173477 0.0678828 0.0285041 0.0637846 0.1066285 0.0000024 0.0735038 0.0000022 0.0353764 0.0208696 0.0209135 0.1733793 0.1412933 0.1133364 0.0968574 0.0000022 0.1059006 0.0455945 0.0653091 0.0297252 0.0000028 0.0745650 0.1018656 0.0980752 0.1386894 0.0726274 0.1054232 0.0000021 0.1182155 0.1706008 0.0000021 0.1408106 0.0071471 0.0540284 0.0967210 0.0000024 0.1397629 0.0741063 0.0585409 0.0068408 0.0360145 0.1262386 0.0362822 0.0975804 0.0955434 0.1244662 0.1055518 0.1313005 0.1368683 0.0794024 0.0432444 0.1198075 0.1087804 0.0142713 0.0973334 0.0869095 0.2172849 0.0073680 0.0755659 0.0587932 0.0890731 0.1391689 0.1529161 0.1281838 0.1297750 0.0000021 0.1013390 0.1502722 0.0728113 0.1754581 0.1031666 0.0431683 0.1271661 0.0692639 0.1579823 0.1784917 0.0671814 0.0281766 0.0915139 0.0068408 0.0739630 0.0890184 0.0321661 0.1103133 0.0281438 0.0614831 0.0840699 0.0741936 0.1172813 0.1916800 0.1364562 0.0671814 
S0896       0.0299199 0.0299918 0.1582283 0.2164842 0.1648302 0.1698288 0.1290318 0.0839533 0.1104612 0.0367943 0.0391681 0.0409288 0.0148407 0.0000000 0.1738445 0.0615889 0.2382237 0.1089389 0.0522029 0.1123819 0.1290735 0.1030197 0.1412677 0.1430205 0.0796042 0.1363258 0.1437099 0.1142816 0.2016241 0.1718940 0.0450384 0.1488726 0.1248475 0.1715324 0.1046286 0.1619826 0.0522029 0.1382415 0.0709574 0.0442982 0.0776087 0.1317762 0.0964436 0.0534351 0.0939930 0.1203489 0.0305438 0.0961745 0.0230794 0.0605519 0.0606949 0.0369232 0.2067385 0.1757736 0.1284869 0.1307389 0.0310238 0.1441419 0.0826561 0.0679774 0.0639814 0.0230610 0.0950951 0.1380657 0.1102642 0.1564824 0.1038406 0.1301309 0.0224498 0.1325755 0.1789180 0.0233979 0.1726634 0.0304352 0.0478516 0.1426553 0.0221867 0.1667922 0.1060952 0.0951832 0.0447168 0.0617705 0.1638953 0.0794020 0.1216492 0.1300499 0.1200418 0.1521923 0.1599504 0.1421162 0.1017588 0.0605682 0.1431147 0.1577742 0.0378869 0.1214167 0.1204752 0.2446529 0.0154917 0.0960798 0.0868096 0.1114972 0.1582864 0.1709056 0.1713043 0.1823039 0.0154033 0.1257348 0.1669271 0.1049495 0.1822938 0.1484660 0.0865187 0.1668972 0.0715732 0.1658112 0.2011489 0.0962862 0.0691941 0.1380171 0.0447168 0.1058813 0.1337847 0.0601972 0.1594790 0.0527624 0.1005678 0.1165647 0.1062266 0.1320928 0.2259014 0.1750994 0.0962862 
S0959       0.1321803 0.1366884 0.1993897 0.2279305 0.2244953 0.1857433 0.2076990 0.1198891 0.0772136 0.1524095 0.1821828 0.1643685 0.1467116 0.1738445 0.0000000 0.1446111 0.2257525 0.2026435 0.1822106 0.0714375 0.2583385 0.1329850 0.1675280 0.1145209 0.1987860 0.1367161 0.2051972 0.1093216 0.1976050 0.1992229 0.1635907 0.1847825 0.1592046 0.1712397 0.0830776 0.2853686 0.1822106 0.1863307 0.2103355 0.1822106 0.1931797 0.1685476 0.2328613 0.1625022 0.0655838 0.0779148 0.1202242 0.0748228 0.1168089 0.2148243 0.1638488 0.1514556 0.1788871 0.1519179 0.1018757 0.0616465 0.1583102 0.1289577 0.1470306 0.1701949 0.2052426 0.1390622 0.1559211 0.0886382 0.0862633 0.1237351 0.0736821 0.2073925 0.1328093 0.0957381 0.1592916 0.1073024 0.1678510 0.1197952 0.1998024 0.1301847 0.1444917 0.2490574 0.0748669 0.2120611 0.1739027 0.1639071 0.1295186 0.2096660 0.0620360 0.0864874 0.1512855 0.1036307 0.2477705 0.1915192 0.0785258 0.2045300 0.1251639 0.1427786 0.1513404 0.0767163 0.1310757 0.2343395 0.1143605 0.2066050 0.1376355 0.0943814 0.1629994 0.1561367 0.1866818 0.1412747 0.1452057 0.0972866 0.1300599 0.0741760 0.2106160 0.1267122 0.1920051 0.1697832 0.2174256 0.1101768 0.1508203 0.1571867 0.2051860 0.0992788 0.1739027 0.0667502 0.0862883 0.0526736 0.0957827 0.1727180 0.1453621 0.0841543 0.0755996 0.1523404 0.2140864 0.1499738 0.1571867 
S0427       0.0205803 0.0330935 0.1938407 0.2709061 0.1852826 0.1943554 0.1758202 0.0914757 0.1155906 0.0558776 0.0651411 0.0369938 0.0284749 0.0615889 0.1446111 0.0000000 0.2918525 0.0886366 0.0330017 0.1110049 0.1145506 0.1356308 0.1550051 0.1464822 0.0961178 0.1503622 0.1649909 0.1204152 0.2198207 0.1872931 0.0405282 0.1619190 0.1380574 0.1811732 0.1130619 0.2179618 0.0470081 0.1536451 0.0717027 0.0470081 0.0691056 0.1461792 0.0948910 0.0628199 0.0933429 0.1348744 0.0346376 0.1042478 0.0212677 0.0769059 0.0473126 0.0470642 0.1907435 0.1746668 0.1318723 0.1163366 0.0361707 0.1565510 0.0910245 0.0830846 0.0654690 0.0214668 0.1095339 0.1217801 0.1265223 0.1571505 0.1022923 0.1502587 0.0136506 0.1358291 0.2109458 0.0291139 0.2175060 0.0267539 0.0835003 0.1448020 0.0207098 0.2105367 0.1043091 0.0844899 0.0402680 0.0538768 0.1760947 0.0710563 0.1261518 0.1243307 0.1451166 0.1533853 0.1930126 0.1954832 0.1177440 0.0940858 0.1725030 0.1569080 0.0421691 0.1256005 0.1336471 0.2346947 0.0276991 0.1015984 0.1017555 0.1358683 0.1722809 0.1529499 0.1960904 0.1786971 0.0220264 0.1316533 0.1685498 0.0944394 0.2265856 0.1499919 0.0540949 0.1870515 0.0858718 0.1965578 0.1970392 0.1106945 0.0621255 0.1406659 0.0402680 0.0953530 0.1085269 0.0806729 0.1308621 0.0616373 0.0995262 0.1146333 0.1053964 0.1650524 0.2656747 0.1863326 0.1106945 
S1148       0.2254249 0.2707184 0.3202186 0.0190594 0.2926389 0.2567466 0.3177277 0.2171789 0.2136366 0.2956401 0.2915436 0.2433690 0.2278814 0.2382237 0.2257525 0.2918525 0.0000000 0.3575749 0.3151256 0.1909175 0.4045184 0.2751532 0.2391737 0.2308642 0.3664556 0.3057973 0.2990875 0.2556661 0.2614588 0.2595631 0.2958453 0.2458746 0.3325497 0.2090587 0.2329403 0.3505580 0.3151256 0.2638365 0.3292900 0.3151256 0.3155090 0.2292659 0.3853219 0.3106455 0.2056096 0.2379801 0.2395630 0.2104575 0.2357785 0.3450050 0.3183384 0.2637000 0.2062959 0.2077668 0.2487466 0.2208649 0.2714937 0.3354842 0.2618236 0.3227738 0.3578357 0.1969742 0.2329352 0.2133969 0.2284604 0.2794359 0.2061083 0.3362914 0.2628474 0.2728160 0.3040344 0.2322799 0.3263147 0.2390531 0.3000353 0.2917760 0.2392894 0.3835031 0.2220009 0.3147810 0.2932227 0.3046459 0.2784940 0.3699670 0.2118589 0.2403973 0.2658338 0.2783361 0.3045744 0.3084707 0.2180016 0.3411962 0.2756843 0.3017794 0.2824718 0.2266414 0.2825876 0.3001161 0.2539936 0.3760600 0.2656652 0.2399570 0.2333389 0.3275684 0.2457428 0.2979545 0.2192395 0.2537059 0.3238160 0.2195582 0.2838672 0.2715588 0.3273631 0.3378412 0.3348829 0.3138139 0.2067489 0.2568664 0.3459339 0.2675022 0.3056815 0.1968948 0.2068080 0.1398155 0.3014148 0.3033240 0.2558777 0.2223637 0.2246080 0.3415013 0.2967256 0.3014744 0.2568664 
S0509       0.0510630 0.0814909 0.2443078 0.3338020 0.2323326 0.1843328 0.2425085 0.1535196 0.1475889 0.0740374 0.1111775 0.0718169 0.0695582 0.1089389 0.2026435 0.0886366 0.3575749 0.0000000 0.0716590 0.1625942 0.1261953 0.1600060 0.1904568 0.1719537 0.1438128 0.1871153 0.2069724 0.1538555 0.2263325 0.2039413 0.0566564 0.2082683 0.1529315 0.2410497 0.1466735 0.2124965 0.0716590 0.2102361 0.0733044 0.0716590 0.1049230 0.1916511 0.1165775 0.1245958 0.1244088 0.1897557 0.0596741 0.1370258 0.0528763 0.0878196 0.0491667 0.1145880 0.2664846 0.1784147 0.1751397 0.1782807 0.0617082 0.1957668 0.1330069 0.1375700 0.0833886 0.0539510 0.1518292 0.1770133 0.1805424 0.2164683 0.1343008 0.1791611 0.0682990 0.1894686 0.2301666 0.0547941 0.2550757 0.0578402 0.1316801 0.1698647 0.0598685 0.2716875 0.1371059 0.1055754 0.0644599 0.1056398 0.2144025 0.0901439 0.1796787 0.1474703 0.1717931 0.1587451 0.2260015 0.2134584 0.1706275 0.0979101 0.2357690 0.1711753 0.0930731 0.1791262 0.1575490 0.2402062 0.0688050 0.1045247 0.1244918 0.1704013 0.1738994 0.2432366 0.1741056 0.1849354 0.0466490 0.1733130 0.2052441 0.1259489 0.2980722 0.1748620 0.0890768 0.2159312 0.1451385 0.2253691 0.1891407 0.1531668 0.0885125 0.1662735 0.0644599 0.1368445 0.1516394 0.1120160 0.1540707 0.1136827 0.1427224 0.1488546 0.1386223 0.1919240 0.2738299 0.2150667 0.1531668 
S1227       0.0066099 0.0403923 0.1925665 0.2937371 0.1841140 0.1905888 0.2037223 0.0986038 0.1053420 0.0195142 0.0725700 0.0214841 0.0136921 0.0522029 0.1822106 0.0330017 0.3151256 0.0716590 0.0000000 0.0997989 0.0707721 0.1336643 0.1618178 0.1443216 0.0947319 0.1575466 0.1625346 0.1275432 0.1946650 0.2225538 0.0063028 0.1686198 0.1268279 0.1980150 0.1205810 0.2265750 0.0125389 0.1604064 0.0333415 0.0125389 0.0680484 0.1530350 0.0766322 0.0694857 0.1006801 0.1420513 0.0273058 0.1117546 0.0068223 0.0390869 0.0190867 0.0612386 0.2310006 0.1967490 0.1480669 0.1321520 0.0136873 0.1439762 0.0814836 0.0973671 0.0340977 0.0068839 0.1162769 0.1292021 0.1337226 0.1846405 0.1096697 0.1481061 0.0000024 0.1541649 0.1868699 0.0069320 0.2135017 0.0340213 0.0906435 0.1426905 0.0066501 0.1965469 0.1118189 0.0604661 0.0062649 0.0616622 0.1829428 0.0330630 0.1422451 0.1405216 0.1629704 0.1511442 0.1662420 0.1822067 0.1249398 0.0538386 0.1800641 0.1660042 0.0341285 0.1327543 0.1317368 0.2597063 0.0352460 0.1002473 0.0923730 0.1247733 0.1803197 0.1891464 0.1805240 0.1673939 0.0070559 0.1391256 0.1988362 0.1018546 0.2341719 0.1478449 0.0393681 0.1841950 0.0947271 0.2039110 0.2197022 0.1009752 0.0257423 0.1385546 0.0062649 0.1116158 0.1256732 0.0801184 0.1382912 0.0536118 0.0897036 0.1222499 0.1129780 0.1625918 0.2378850 0.1834965 0.1009752 
S0745       0.0775802 0.0944923 0.1665922 0.1826656 0.1696754 0.1422820 0.1371117 0.0608794 0.0269224 0.0926972 0.1347888 0.1131415 0.0806689 0.1123819 0.0714375 0.1110049 0.1909175 0.1625942 0.0997989 0.0000000 0.1717802 0.0666278 0.1310173 0.0646394 0.1297665 0.0849057 0.1478188 0.0514027 0.1501484 0.1712638 0.0918370 0.1381658 0.0958093 0.1263482 0.0436945 0.2103088 0.1084708 0.1486527 0.1216861 0.1084708 0.1372105 0.1222491 0.1701819 0.1088284 0.0281377 0.0414638 0.0778976 0.0361764 0.0805255 0.1364565 0.1182617 0.1095176 0.1555030 0.1354320 0.0636705 0.0408479 0.0895697 0.0697451 0.0857175 0.1349435 0.1260983 0.0813731 0.0886426 0.0205679 0.0344374 0.0910185 0.0355578 0.1688261 0.0787507 0.0577176 0.1170024 0.0642696 0.0861722 0.0781919 0.1483266 0.0574105 0.0876752 0.1819242 0.0361991 0.1472388 0.1006855 0.1204152 0.0798226 0.1403840 0.0483664 0.0566762 0.0957388 0.0728030 0.1725954 0.1180307 0.0273615 0.1288267 0.0824828 0.0833092 0.0961032 0.0132332 0.0657116 0.2049511 0.0719399 0.1687199 0.0804704 0.0344693 0.1212972 0.1052159 0.1323838 0.0583370 0.0941714 0.0430033 0.0818967 0.0358739 0.1388877 0.0713093 0.1375837 0.0994339 0.1745101 0.0797489 0.1457869 0.0811316 0.1278259 0.0595040 0.1006855 0.0361358 0.0498878 0.0144778 0.0585099 0.1010653 0.0847831 0.0442373 0.0365442 0.1101433 0.1866369 0.0989648 0.0811316 
S1235sl     0.0676351 0.1072448 0.2555954 0.3801576 0.2611658 0.2307996 0.3167763 0.1731294 0.1663414 0.0811345 0.1375823 0.0905220 0.0781808 0.1290735 0.2583385 0.1145506 0.4045184 0.1261953 0.0707721 0.1717802 0.0000000 0.2055433 0.2223298 0.2032497 0.1526168 0.2226481 0.2349296 0.1997602 0.2324100 0.2669825 0.0640927 0.2292277 0.1989543 0.2461519 0.1878840 0.3404527 0.0707721 0.2201715 0.0474692 0.0707721 0.1393916 0.2124352 0.1300389 0.1426772 0.1632322 0.2101140 0.0934699 0.1775670 0.0611174 0.1033319 0.0791238 0.1316838 0.2830981 0.2386193 0.2158540 0.1981683 0.0781480 0.2299565 0.1518266 0.1559221 0.0485634 0.0708367 0.1997977 0.1977373 0.2007011 0.2619419 0.1620578 0.2158399 0.0679154 0.2424626 0.2501013 0.0622902 0.3130272 0.0913780 0.1507205 0.2163591 0.0681045 0.2649890 0.1776666 0.1297843 0.0636582 0.1326926 0.2594538 0.0976142 0.2105158 0.2076465 0.2404265 0.2207232 0.2407312 0.2649073 0.1904836 0.1224559 0.2587666 0.2404750 0.1012092 0.1991052 0.2022180 0.3092900 0.0950621 0.1215236 0.1608241 0.1902359 0.2198809 0.2845208 0.2078399 0.2426997 0.0635380 0.2103387 0.2804667 0.1553117 0.3321704 0.2155050 0.1041853 0.2613039 0.1754764 0.2845049 0.2633348 0.1716883 0.0874005 0.2087221 0.0636582 0.1773250 0.1917385 0.1326682 0.1956663 0.1218611 0.1618745 0.1779100 0.1692758 0.2416956 0.2919263 0.2602406 0.1716883 
S0317       0.0949937 0.1011228 0.1807909 0.2541361 0.1936633 0.1886191 0.1270607 0.0843500 0.0720953 0.1176183 0.1522658 0.1219561 0.0980373 0.1030197 0.1329850 0.1356308 0.2751532 0.1600060 0.1336643 0.0666278 0.2055433 0.0000000 0.1810249 0.0826004 0.1802369 0.0346062 0.1604108 0.0066270 0.2167575 0.1967438 0.1165070 0.1880860 0.0350757 0.1881640 0.0521107 0.2066465 0.1336643 0.1998730 0.1577163 0.1336643 0.1341316 0.1594359 0.1638567 0.1433942 0.0359278 0.0807438 0.0669773 0.0443698 0.0806422 0.1629329 0.1255803 0.1350931 0.2111150 0.1710477 0.0722916 0.0965005 0.1177136 0.1361121 0.1016180 0.1323749 0.1437545 0.0987893 0.1312964 0.0925933 0.0731590 0.0904775 0.0435950 0.1784571 0.0770434 0.0892087 0.1845802 0.0731666 0.0866680 0.0935797 0.1666685 0.0335315 0.1057707 0.2301259 0.0443976 0.1645275 0.1246481 0.1360225 0.0785279 0.1676628 0.1055848 0.0717260 0.1075438 0.0988782 0.1873121 0.0554404 0.0733541 0.1766420 0.1613260 0.0731704 0.1101255 0.0807076 0.0129484 0.2330817 0.0696228 0.1652974 0.0948674 0.0652857 0.1666528 0.1026893 0.1668594 0.0646335 0.1126453 0.1025428 0.0894285 0.0439905 0.1776937 0.0967770 0.1555116 0.0559699 0.1707605 0.1488254 0.1819052 0.0956442 0.1540487 0.0855863 0.1257685 0.0443188 0.0728676 0.0380178 0.1291999 0.1071670 0.1018874 0.0527737 0.0448295 0.0413050 0.2461615 0.1160844 0.0956442 
S1250sl     0.1130788 0.1375122 0.2307063 0.2415215 0.2450138 0.0828564 0.2046543 0.1405979 0.1259955 0.1452675 0.1711082 0.1321053 0.1263407 0.1412677 0.1675280 0.1550051 0.2391737 0.1904568 0.1618178 0.1310173 0.2223298 0.1810249 0.0000000 0.1436030 0.1633138 0.1860867 0.2417461 0.1418022 0.0869396 0.0950977 0.1548889 0.0259589 0.1849471 0.0705909 0.1435004 0.2171295 0.1618178 0.0468508 0.1641657 0.1618178 0.1878423 0.0129921 0.2204818 0.1620346 0.1217969 0.1557468 0.1119322 0.1340734 0.1070139 0.2032364 0.1630206 0.1635862 0.0867666 0.0481358 0.1618159 0.1424357 0.1248644 0.2075368 0.1580280 0.1602697 0.1589284 0.1080593 0.1678857 0.1412934 0.1361475 0.1861823 0.1314602 0.2673174 0.1045760 0.1687306 0.2360745 0.0987603 0.2422029 0.1206245 0.1754104 0.1866783 0.1139230 0.2479195 0.1341506 0.1908005 0.1536981 0.1648960 0.2001942 0.1736285 0.1421245 0.1443991 0.1581408 0.1751655 0.2571922 0.2206116 0.1378504 0.1873788 0.1540867 0.1925161 0.1301873 0.1459580 0.1781885 0.1194104 0.1270489 0.1618463 0.1491638 0.1569379 0.0568669 0.2164496 0.0556550 0.1796581 0.0906241 0.1862921 0.2276063 0.1327836 0.1776047 0.1615654 0.1651598 0.2397061 0.2241592 0.2315643 0.0755800 0.1692870 0.1836443 0.1730469 0.1536981 0.1231851 0.1581294 0.0626431 0.1830704 0.1530957 0.1373832 0.1455896 0.1356045 0.2251834 0.1035854 0.2105484 0.1692870 
S0312       0.1049761 0.1201055 0.1743073 0.2220062 0.1870369 0.1056851 0.1569557 0.1228880 0.0791145 0.1372233 0.1641222 0.1233655 0.1084069 0.1430205 0.1145209 0.1464822 0.2308642 0.1719537 0.1443216 0.0646394 0.2032497 0.0826004 0.1436030 0.0000000 0.1482960 0.0932646 0.1364649 0.0672791 0.1338432 0.1516839 0.1267085 0.1411050 0.1032333 0.1304799 0.0589933 0.2060730 0.1443216 0.1331015 0.1694541 0.1443216 0.1448289 0.1257655 0.1797537 0.1543716 0.0427294 0.0878635 0.0948593 0.0512833 0.0997345 0.1745565 0.1360649 0.1458913 0.1501739 0.1295652 0.0781854 0.0874337 0.1275469 0.1155013 0.1301119 0.1706948 0.1761285 0.1092570 0.1505527 0.0814802 0.0796099 0.1066701 0.0503969 0.1766695 0.1159141 0.1067403 0.1667006 0.1006667 0.1064515 0.1033837 0.1901364 0.0735478 0.1162513 0.2218672 0.0513146 0.1964582 0.1350361 0.1469100 0.1146583 0.1797153 0.0962101 0.0869763 0.1334712 0.0959249 0.1478986 0.1369801 0.0804919 0.1887956 0.0800930 0.1075006 0.1232420 0.0878253 0.0821524 0.1821217 0.0975997 0.1769926 0.1320809 0.0723695 0.1268203 0.1322038 0.1266337 0.1084606 0.1138333 0.0928012 0.1085466 0.0504980 0.1042986 0.0939446 0.1669178 0.1174255 0.1926694 0.1507142 0.1286120 0.1332294 0.1654352 0.0829731 0.1362708 0.0512248 0.0890795 0.0219655 0.1187215 0.1446689 0.1194624 0.0597363 0.0514439 0.1095386 0.1798756 0.1234685 0.1332294 
S1354       0.0586444 0.0727787 0.1917259 0.3433693 0.2145674 0.1925498 0.2042342 0.1298543 0.1445817 0.0979359 0.0837773 0.0801054 0.0609231 0.0796042 0.1987860 0.0961178 0.3664556 0.1438128 0.0947319 0.1297665 0.1526168 0.1802369 0.1633138 0.1482960 0.0000000 0.2090663 0.1755457 0.1742806 0.2067234 0.1720185 0.0880136 0.1604052 0.1836943 0.1794691 0.1128635 0.2764623 0.0947319 0.1522039 0.1053319 0.0787021 0.1032813 0.1447957 0.1513571 0.1053649 0.1007179 0.1431498 0.0507836 0.1220606 0.0521881 0.1119741 0.1037263 0.0956776 0.2114533 0.1991596 0.1525820 0.1457032 0.0775685 0.1576629 0.1384910 0.1182792 0.0993075 0.0613512 0.1193097 0.1627677 0.1347522 0.1906667 0.1110156 0.1937924 0.0510499 0.1554251 0.2174086 0.0708699 0.2183373 0.0578712 0.0944053 0.1661034 0.0511898 0.2224539 0.1221306 0.1482430 0.0874003 0.0963833 0.1844753 0.1046303 0.1564402 0.1636939 0.1876981 0.1710673 0.2150905 0.2246194 0.1473855 0.1499827 0.1610125 0.1673914 0.0751808 0.1463850 0.1774227 0.2489020 0.0606295 0.1398584 0.1399584 0.1347984 0.1707578 0.1951940 0.1943316 0.2156715 0.0379148 0.1423059 0.1944020 0.1209185 0.2184732 0.1810947 0.1304020 0.2157186 0.1346277 0.2218427 0.2096873 0.1501355 0.1125526 0.1729119 0.0874003 0.1219061 0.1681120 0.0633591 0.1609253 0.0949490 0.1369225 0.1238056 0.1234188 0.1917113 0.2511749 0.2212985 0.1501355 
S0315       0.1158785 0.1325112 0.2206372 0.2837809 0.2331587 0.1680158 0.1607507 0.1042651 0.0809122 0.1405982 0.1562667 0.1282523 0.1090804 0.1363258 0.1367161 0.1503622 0.3057973 0.1871153 0.1575466 0.0849057 0.2226481 0.0346062 0.1860867 0.0932646 0.2090663 0.0000000 0.1856566 0.0135716 0.1959777 0.2163213 0.1391948 0.1932962 0.0355945 0.2020112 0.0445644 0.2422482 0.1575466 0.1946511 0.1843154 0.1575466 0.1581098 0.1637841 0.1904592 0.1581999 0.0362072 0.0898979 0.0775998 0.0367585 0.1119281 0.1893077 0.1489961 0.1495062 0.1793077 0.1603953 0.0653871 0.0981040 0.1221346 0.1388820 0.0950463 0.1465910 0.1808605 0.1120625 0.1546117 0.1127938 0.0740005 0.0821830 0.0439361 0.1941972 0.0884963 0.1109362 0.2107366 0.1120652 0.0763837 0.1151527 0.1839501 0.0482924 0.1277475 0.2578910 0.0367819 0.1912508 0.1492278 0.1604586 0.0790119 0.1950820 0.1073639 0.0566969 0.1506829 0.0735972 0.2171196 0.0565723 0.0734166 0.2046581 0.1641983 0.0815044 0.1327905 0.0993901 0.0198538 0.2557175 0.0988558 0.1819646 0.1150599 0.0740238 0.1839518 0.0720440 0.1723275 0.0496718 0.1378888 0.1236537 0.1087888 0.0361937 0.2092564 0.0808929 0.1815762 0.0339746 0.2208844 0.1622910 0.1847318 0.1160490 0.1797955 0.0601666 0.1492278 0.0364597 0.0575881 0.0643010 0.1408546 0.1184870 0.1043740 0.0451293 0.0368758 0.0570945 0.2393737 0.0898372 0.1160490 
S0888       0.1241871 0.1380020 0.0992957 0.2898585 0.1099408 0.2589968 0.2734902 0.1381793 0.1514772 0.1554779 0.1733758 0.1408635 0.1173013 0.1437099 0.2051972 0.1649909 0.2990875 0.2069724 0.1625346 0.1478188 0.2349296 0.1604108 0.2417461 0.1364649 0.1755457 0.1856566 0.0000000 0.1542471 0.2635318 0.2664205 0.1460364 0.2379137 0.1418216 0.2011766 0.1126659 0.3292224 0.1625346 0.2393808 0.1890041 0.1625346 0.1438517 0.2317284 0.1996421 0.1868383 0.1010071 0.1625552 0.1030790 0.1130334 0.1193981 0.1839510 0.1541498 0.1643182 0.2454241 0.2544300 0.1313375 0.1617537 0.1362641 0.1756541 0.1488039 0.1894617 0.1833521 0.1085466 0.1593668 0.1570324 0.1539315 0.1472054 0.1019454 0.0627996 0.1343852 0.1997481 0.2616295 0.1097604 0.1704204 0.1222597 0.1765849 0.1471235 0.1347743 0.0968326 0.1041972 0.1957469 0.1543842 0.1654722 0.1953483 0.1672792 0.1727377 0.1513598 0.2401808 0.1623916 0.0409809 0.2254774 0.1543867 0.2192635 0.2146868 0.1663230 0.1514612 0.1624972 0.1579397 0.2743768 0.1163847 0.2066854 0.1318564 0.1445651 0.2170533 0.2162327 0.2479035 0.1901543 0.1453392 0.1728222 0.1904414 0.1119843 0.3045815 0.1587903 0.1961061 0.1755227 0.2078776 0.2391696 0.2530432 0.1418738 0.1844669 0.1405170 0.1449190 0.1128924 0.1652340 0.1004787 0.2036034 0.1629242 0.1378484 0.1040780 0.1051187 0.2058584 0.3125476 0.1959403 0.1418738 
S0617       0.0882782 0.1034715 0.1856106 0.2462665 0.1986856 0.1583084 0.1093917 0.0777000 0.0656914 0.1112839 0.1459624 0.1061108 0.0904325 0.1142816 0.1093216 0.1204152 0.2556661 0.1538555 0.1275432 0.0514027 0.1997602 0.0066270 0.1418022 0.0672791 0.1742806 0.0135716 0.1542471 0.0000000 0.1767407 0.1898001 0.1102185 0.1489818 0.0209488 0.1605915 0.0449069 0.1970956 0.1275432 0.1598137 0.1516149 0.1275432 0.1279989 0.1218377 0.1579217 0.1373371 0.0288896 0.0743345 0.0602965 0.0371717 0.0825774 0.1570222 0.1193545 0.1289265 0.1604715 0.1388096 0.0658687 0.0812973 0.1098449 0.1196853 0.0950742 0.1262959 0.1473488 0.0927465 0.1252515 0.0853750 0.0661090 0.0748037 0.0365197 0.1725342 0.0702601 0.0921862 0.1665961 0.0749380 0.0682979 0.0869454 0.1709859 0.0199631 0.0990234 0.2364075 0.0371956 0.1490551 0.1195362 0.1298289 0.0639681 0.1616553 0.0901061 0.0571234 0.1093022 0.0833011 0.1827624 0.0490839 0.0668538 0.1609214 0.1323985 0.0580717 0.1036635 0.0655350 0.0000026 0.2263917 0.0712252 0.1593425 0.0886783 0.0587542 0.1481657 0.0797548 0.1371865 0.0500446 0.1057373 0.0959519 0.0830317 0.0368532 0.1602831 0.0815305 0.1400627 0.0417923 0.1852995 0.1322024 0.1630166 0.0894147 0.1480387 0.0697014 0.1195362 0.0368672 0.0580283 0.0305809 0.1218903 0.1008397 0.0953322 0.0454815 0.0375610 0.0495346 0.2052540 0.1001791 0.0894147 
SRR8528370  0.1657079 0.2005503 0.2761314 0.2640539 0.2671303 0.0560176 0.2673619 0.1842461 0.1443377 0.1773642 0.2404502 0.1666484 0.1695584 0.2016241 0.1976050 0.2198207 0.2614588 0.2263325 0.1946650 0.1501484 0.2324100 0.2167575 0.0869396 0.1338432 0.2067234 0.1959777 0.2635318 0.1767407 0.0000000 0.1137707 0.1877076 0.0955295 0.2240771 0.0939540 0.1533365 0.2480791 0.1946650 0.1215307 0.1975923 0.1946650 0.2377729 0.0810112 0.2833451 0.2052187 0.1406320 0.1853287 0.1742284 0.1536972 0.1598891 0.2275383 0.1957118 0.2291656 0.1029264 0.0846937 0.1911618 0.1706931 0.1691455 0.1952039 0.1892182 0.2242590 0.2056361 0.1619766 0.2113795 0.1588962 0.1664013 0.2174034 0.1506630 0.2900235 0.1667112 0.2259544 0.2772543 0.1291644 0.2613191 0.1821118 0.2469387 0.2220394 0.1670413 0.2703225 0.1438552 0.2531863 0.1862049 0.2311008 0.2312779 0.1970520 0.1699318 0.1726856 0.1788769 0.1844538 0.2797218 0.2771910 0.1667033 0.2230986 0.1921645 0.2131424 0.1952050 0.1749993 0.2132287 0.1394834 0.1928659 0.2364801 0.1899764 0.1664854 0.0740197 0.2661972 0.0739207 0.2150355 0.1437256 0.2079334 0.2736784 0.1405720 0.2022969 0.1607523 0.2199446 0.2389230 0.3006796 0.2649252 0.0751152 0.1923832 0.2070052 0.1727385 0.1862049 0.1309829 0.1882346 0.0904344 0.2147197 0.1956641 0.1998696 0.1658429 0.1435375 0.2491511 0.0622259 0.2104259 0.1923832 
