220
S1341      0.0000000 0.0673478 0.0422919 0.0205035 0.0537796 0.0601287 0.0323161 0.0606328 0.0815658 0.0736023 0.0194085 0.0194546 0.0686318 0.0598491 0.0517630 0.0391171 0.0653573 0.0817761 0.0317884 0.0390835 0.0587275 0.0651336 0.0267052 0.0541857 0.0270929 0.0678034 0.0319247 0.0890350 0.0385868 0.0530194 0.0814430 0.0663453 0.0324518 0.0598374 0.0389673 0.0460638 0.0681695 0.0325499 0.0462240 0.0663825 0.0548742 0.0549748 0.0409093 0.0595254 0.0133332 0.1135335 0.0462522 0.0760034 0.0459247 0.0602215 0.0653435 0.0325464 0.0478502 0.0326564 0.0323167 0.0130380 0.0810703 0.0598959 0.0815134 0.0596563 0.0607219 0.0330871 0.0320443 0.0824638 0.0594340 0.0324577 0.0253895 0.0744545 0.0459445 0.0606036 0.0393459 0.0332788 0.0362973 0.0331265 0.0254976 0.0468293 0.0411999 0.0197636 0.0399533 0.0316091 0.0543431 0.0195530 0.0451343 0.0066472 0.0198682 0.0535992 0.0416839 0.0606621 0.0676178 0.0689222 0.0253479 0.1489768 0.0316823 0.0521525 0.0605509 0.0997219 0.0681517 0.0389653 0.0125068 0.0346217 0.0612977 0.0476342 0.0133412 0.0532332 0.0396508 0.0815461 0.0597981 0.0594493 0.0187735 0.0131328 0.0451159 0.0603688 0.0457923 0.0382023 0.0193392 0.0536760 0.0130401 0.0732111 0.0802801 0.0528153 0.0395970 0.0536270 0.0598247 0.0203364 0.0523505 0.0457506 0.0130604 0.0460575 0.0463980 0.0321648 0.0618034 0.0783955 0.0810834 0.0464156 0.0702595 0.0742601 0.0598088 0.0256119 0.0742757 0.0454616 0.0523506 0.0388518 0.0414980 0.0534437 0.0756531 0.0739541 0.0533145 0.0603064 0.0465663 0.0732579 0.0736370 0.0374221 0.0384733 0.0323148 0.0879455 0.0456203 0.0613737 0.0742939 0.0742335 0.0330264 0.0604641 0.0676870 0.0894677 0.0604047 0.0451394 0.0270247 0.0320615 0.0530306 0.0684617 0.0456455 0.0391209 0.0470229 0.0761262 0.0196585 0.0066629 0.0189393 0.0132681 0.0746630 0.0528643 0.0190883 0.0473336 0.0262380 0.0455950 0.0389637 0.0677765 0.0781008 0.0537408 0.0130925 0.0318947 0.0688309 0.0197217 0.0391267 0.0674599 0.0533902 0.0456263 0.0199394 0.0839152 0.0390923 0.0397653 0.0463826 0.0526564 0.0472834 0.0463335 0.0528659 0.0569378 0.0604882 0.0631637 0.0319445 0.0837285 0.0530785 0.0131646 0.0130785 0.0754113 0.0386442 0.0322541 0.0604000 0.0269324 0.0389637 0.0526725 0.0383082 
S0946      0.0673478 0.0000000 0.1435078 0.0365896 0.1921673 0.1188255 0.0858989 0.1527486 0.2050050 0.1825965 0.0529950 0.0739259 0.1527254 0.1736251 0.1512718 0.0517028 0.1076021 0.1823070 0.1212650 0.1463222 0.1694765 0.0929663 0.0687513 0.0344545 0.0570269 0.0466004 0.1519631 0.1355575 0.1519631 0.1048348 0.1507154 0.1687712 0.0517438 0.0840343 0.1388045 0.1143466 0.0464640 0.1505479 0.0914862 0.1779417 0.1603932 0.1750968 0.1456284 0.1695756 0.1034032 0.1592924 0.0933117 0.1524654 0.1554786 0.1352803 0.1784442 0.0342916 0.1040247 0.0524565 0.1060666 0.0414242 0.1699182 0.1063590 0.1940958 0.1775849 0.0647659 0.1194362 0.0852048 0.0969313 0.1545001 0.0580133 0.1089639 0.1957817 0.1476170 0.1468470 0.0848831 0.0749596 0.0665790 0.0954046 0.1387886 0.0925609 0.1731764 0.1012704 0.0954687 0.1381029 0.1007641 0.0678081 0.1513528 0.0531676 0.0358440 0.0585806 0.0747585 0.0990189 0.1215674 0.0719749 0.1305147 0.1945340 0.1369038 0.1529245 0.0650200 0.1574359 0.1227567 0.1639454 0.0790760 0.1008448 0.1136849 0.0601934 0.1018730 0.0222213 0.1486327 0.1333446 0.1129264 0.1612570 0.1088611 0.1099563 0.1442106 0.0933163 0.0761729 0.1430476 0.1032623 0.0924624 0.1083917 0.1848227 0.1734419 0.1044376 0.0711263 0.1211365 0.1638174 0.0363248 0.1502010 0.1355525 0.0688591 0.0702555 0.1055838 0.0635645 0.1511692 0.2073040 0.1363642 0.0771168 0.1161571 0.1663823 0.1460472 0.1076706 0.1706505 0.1463054 0.1542177 0.1473087 0.1537961 0.1585343 0.2015480 0.1699053 0.1235972 0.0337409 0.1378163 0.1659499 0.1803032 0.0522665 0.1453864 0.0843692 0.1405206 0.1778219 0.1468351 0.1752254 0.1808302 0.0867750 0.1376310 0.1900658 0.2172634 0.0986281 0.1768216 0.0916956 0.1230922 0.1439578 0.1564239 0.1546476 0.1000593 0.1685276 0.0464758 0.1144067 0.1023402 0.1523102 0.1027757 0.1439020 0.1219413 0.1170938 0.1044212 0.0590877 0.0983353 0.0580330 0.1724666 0.1412092 0.1081818 0.1081318 0.1615494 0.1106777 0.1169471 0.0639032 0.1728468 0.0522837 0.0985982 0.1167868 0.1898775 0.0456923 0.0527898 0.0526032 0.1627127 0.1440389 0.1129455 0.1058244 0.1068409 0.1536699 0.1780312 0.1224380 0.2099945 0.1653699 0.1094746 0.1094898 0.1291931 0.1625857 0.0458368 0.0767898 0.0570660 0.0577076 0.1517571 0.1676480 
S0436      0.0422919 0.1435078 0.0000000 0.1023946 0.0964972 0.1253907 0.0785442 0.1410522 0.0718232 0.1314979 0.0958385 0.0452137 0.1334652 0.1011260 0.0706297 0.1259688 0.1475657 0.1183044 0.0643932 0.0718702 0.0931910 0.1385486 0.0832189 0.1378517 0.0777773 0.1372007 0.0709552 0.1109914 0.0640478 0.1254325 0.1529066 0.0569914 0.1338987 0.1351696 0.0649003 0.1001330 0.1354503 0.0891218 0.1267753 0.1007749 0.0892568 0.0845869 0.0466474 0.0947674 0.0337871 0.1333033 0.0869195 0.1517174 0.0796578 0.1420481 0.0407189 0.1120409 0.0887846 0.0963393 0.0862304 0.0989587 0.1154544 0.0935479 0.1235639 0.0310705 0.1439453 0.0528405 0.0783728 0.1511260 0.0862619 0.1110938 0.0510349 0.1166760 0.0947674 0.0965042 0.1103112 0.0743819 0.0914765 0.0884198 0.0446712 0.1368118 0.0684334 0.0403102 0.0879533 0.0712917 0.1204401 0.0587497 0.0706619 0.0356149 0.0852149 0.1529988 0.1162359 0.1360790 0.1171438 0.1632563 0.0714759 0.1601941 0.0709977 0.0924631 0.1532651 0.1796941 0.1015071 0.0869848 0.0643808 0.0853104 0.1527960 0.1070123 0.0471984 0.1271784 0.0880275 0.1400550 0.1004605 0.0857825 0.0440258 0.0267733 0.0572153 0.1093883 0.1179866 0.0634538 0.0891101 0.1283560 0.0332398 0.1006850 0.1484614 0.1326236 0.1126579 0.1286115 0.0943916 0.1017371 0.1392416 0.0865696 0.0769535 0.1184361 0.1245351 0.1096716 0.1272909 0.1337369 0.1392791 0.1354099 0.1505104 0.1554864 0.0943582 0.0940660 0.1333546 0.0718025 0.0718900 0.0937346 0.0926641 0.0884996 0.1036610 0.0933785 0.0645134 0.1434025 0.1253606 0.1406488 0.1093491 0.1287444 0.0713917 0.1093166 0.1897686 0.0934129 0.1179207 0.1487193 0.1109704 0.1128466 0.1251758 0.0513906 0.1196665 0.1263382 0.0859135 0.0761348 0.0577948 0.0865696 0.0726059 0.0715333 0.0726460 0.0965287 0.1559845 0.0458772 0.0334678 0.0862462 0.0336334 0.1307711 0.1079581 0.0512131 0.1138999 0.1047773 0.1087926 0.1171613 0.0655956 0.1586083 0.0801799 0.0331592 0.0788034 0.1132320 0.0404907 0.1182016 0.0877305 0.1356817 0.0926629 0.0404348 0.1193876 0.1258770 0.1291038 0.1288388 0.0860485 0.0825032 0.1430948 0.1004384 0.1448735 0.1179672 0.1047785 0.0721046 0.1380681 0.0881087 0.0335643 0.0335618 0.1095272 0.0794616 0.1102294 0.1429424 0.0778365 0.1338868 0.1021963 0.0850975 
S0435      0.0205035 0.0365896 0.1023946 0.0000000 0.1548175 0.0567514 0.0505283 0.1010004 0.1586927 0.1236284 0.0059937 0.0315720 0.0945060 0.1228271 0.1154584 0.0058753 0.0617717 0.1518429 0.0855446 0.0950906 0.1331278 0.0469297 0.0254803 0.0182686 0.0396694 0.0242235 0.1160014 0.0960081 0.1160014 0.0434994 0.1220445 0.1404695 0.0118327 0.0366772 0.1023581 0.0647644 0.0243300 0.0979061 0.0242633 0.1415718 0.1144467 0.1185201 0.1075933 0.1253645 0.0718656 0.1150038 0.0576621 0.1015307 0.1109970 0.0854409 0.1368604 0.0000026 0.0599524 0.0120004 0.0505306 0.0000023 0.1335142 0.0709213 0.1501667 0.1323485 0.0242546 0.0814774 0.0501116 0.0562515 0.1179836 0.0179169 0.0798322 0.1508270 0.1032472 0.1026999 0.0181937 0.0384627 0.0203304 0.0590066 0.0877016 0.0059130 0.1249766 0.0778469 0.0451481 0.1008258 0.0380877 0.0252704 0.0934341 0.0000020 0.0000026 0.0241057 0.0189583 0.0240936 0.0857804 0.0309033 0.0792827 0.1581864 0.1009232 0.1155711 0.0306642 0.0927350 0.0940135 0.1271156 0.0309626 0.0549767 0.0440008 0.0247748 0.0632097 0.0119052 0.1119374 0.0700074 0.0639491 0.1249642 0.0721068 0.0710236 0.1082682 0.0573014 0.0178123 0.1073781 0.0526330 0.0058769 0.0699858 0.1408875 0.1226770 0.0433444 0.0181296 0.0578692 0.1270207 0.0000022 0.1226181 0.0856288 0.0000022 0.0179057 0.0438116 0.0117773 0.1006668 0.1604927 0.1068145 0.0241922 0.0514072 0.1072380 0.1014703 0.0580940 0.1266473 0.1098613 0.1183765 0.1179678 0.0916378 0.1193022 0.1542616 0.1334903 0.0793101 0.0241259 0.0864619 0.1152621 0.1418540 0.0067484 0.1091723 0.0242759 0.0743095 0.1414490 0.1017269 0.1154386 0.1357428 0.0246289 0.0863267 0.1530329 0.1551853 0.0433868 0.1406411 0.0400608 0.1016858 0.0935247 0.1194534 0.1180919 0.0443091 0.1302694 0.0374758 0.0832475 0.0476976 0.1014510 0.0708613 0.0934602 0.0719949 0.0800654 0.0599894 0.0060230 0.0702364 0.0179220 0.1439197 0.0656391 0.0653384 0.0698098 0.1251981 0.0812130 0.0775031 0.0118384 0.1268417 0.0179103 0.0502259 0.0781023 0.1363803 0.0058753 0.0120778 0.0181698 0.1261400 0.1064269 0.0506097 0.0371771 0.0546461 0.1100895 0.1332985 0.0864082 0.1643378 0.1365543 0.0700667 0.0707095 0.0935717 0.1260214 0.0058946 0.0179432 0.0396968 0.0178188 0.1010628 0.1316700 
S1103      0.0537796 0.1921673 0.0964972 0.1548175 0.0000000 0.1642442 0.1168688 0.1557644 0.1450153 0.1866565 0.1427065 0.0898490 0.1903312 0.1713265 0.0999859 0.1736037 0.1194424 0.1647889 0.0940055 0.1016773 0.1304545 0.1380420 0.1012865 0.1870957 0.1183323 0.1947614 0.0476894 0.1368843 0.0541114 0.1564912 0.1852848 0.1369994 0.1659491 0.1657484 0.0947244 0.1314368 0.1770998 0.1109107 0.1843452 0.1379956 0.1135903 0.1088294 0.0987159 0.1551325 0.0518940 0.1891733 0.1178904 0.1738877 0.1009403 0.1820559 0.1197776 0.1598382 0.1295392 0.1525223 0.1241817 0.1401868 0.1233009 0.1469043 0.1610535 0.1305941 0.2014229 0.0833023 0.1158658 0.1683894 0.1090522 0.1585374 0.0731201 0.1389699 0.1565779 0.1421676 0.1494494 0.1208695 0.1372884 0.1053015 0.0933329 0.1869452 0.0309054 0.0640467 0.1360664 0.1008993 0.1604685 0.1052459 0.1069467 0.0616681 0.1428464 0.2016852 0.1489970 0.1946750 0.1560228 0.2133779 0.0928790 0.2101519 0.0936800 0.1083396 0.2115918 0.1684949 0.1404757 0.0419571 0.1009965 0.1251486 0.1968932 0.1462348 0.0656477 0.1752537 0.1048476 0.2240349 0.1540426 0.1155044 0.0730532 0.0437118 0.0865869 0.1403408 0.1652993 0.0352558 0.0959285 0.1866907 0.0570636 0.1151448 0.1864326 0.1558067 0.1607359 0.1592662 0.0874311 0.1535079 0.1771257 0.1384996 0.1248350 0.1739954 0.1499775 0.1565093 0.1533669 0.1479515 0.1771145 0.1838532 0.1550245 0.1777659 0.1172068 0.1153540 0.1878945 0.1088105 0.0807758 0.1308676 0.1320953 0.0967546 0.1499990 0.1088230 0.1170918 0.1920103 0.1482749 0.1802362 0.1395392 0.1835058 0.1010341 0.1399912 0.1761592 0.0478379 0.1671143 0.1633241 0.1339073 0.1290526 0.1553598 0.1313086 0.1354530 0.1937678 0.0539674 0.1157988 0.1011949 0.1471350 0.1344177 0.1092930 0.1159232 0.1209857 0.2149574 0.0775837 0.0805820 0.1088337 0.0512546 0.1622300 0.1467344 0.0820111 0.1408548 0.1371084 0.1321084 0.1636564 0.1490039 0.2020751 0.1149290 0.0569322 0.0415539 0.1438055 0.0574946 0.1656350 0.1329013 0.1842181 0.1231899 0.0711195 0.1126747 0.1734751 0.1775965 0.1769523 0.1025382 0.1140484 0.1747698 0.1539305 0.1382434 0.1572630 0.1536171 0.1092306 0.1593712 0.1185441 0.0579419 0.0505489 0.1415046 0.1077810 0.1567871 0.1914358 0.1099250 0.1812127 0.1227243 0.0350314 
SRR8528391 0.0601287 0.1188255 0.1253907 0.0567514 0.1642442 0.0000000 0.0717559 0.1287931 0.1930483 0.1573365 0.0663107 0.0666136 0.1141187 0.1517494 0.1341712 0.0779250 0.1071682 0.1870865 0.1054576 0.1221102 0.1667574 0.0854544 0.0753240 0.0999797 0.0701554 0.1134314 0.1495821 0.1176626 0.1347665 0.0398587 0.1491817 0.1582327 0.0844438 0.0922033 0.1151403 0.0926731 0.0856177 0.1187899 0.0724862 0.1594044 0.1430871 0.1396889 0.1354976 0.1594495 0.1024093 0.1495872 0.0783043 0.1160140 0.1450111 0.1123711 0.1332595 0.0723941 0.1026018 0.0724945 0.0848062 0.0546740 0.1517274 0.1118899 0.1757725 0.1590920 0.0854626 0.1175474 0.0776369 0.1054913 0.1369415 0.0781557 0.1215269 0.1527462 0.1380243 0.1373203 0.0788731 0.0808585 0.0452820 0.0674193 0.1136072 0.0864531 0.1457068 0.1069865 0.0666004 0.1281864 0.0738050 0.0671076 0.1272278 0.0325015 0.0489127 0.1059565 0.0552783 0.0929056 0.0993339 0.1072036 0.1214652 0.2000248 0.1422931 0.1425318 0.0926439 0.1288350 0.1281360 0.1458237 0.0718039 0.0925301 0.0802490 0.0676224 0.1009690 0.0915918 0.1242607 0.0923985 0.1048803 0.1435027 0.1214132 0.1006447 0.1273535 0.1058754 0.0841635 0.1408384 0.0813521 0.0997435 0.0992478 0.1510068 0.1412915 0.0462051 0.0725702 0.0596147 0.1379968 0.0497201 0.1637820 0.1269088 0.0490714 0.0713934 0.0528716 0.0711163 0.1681715 0.1460132 0.1414977 0.0852390 0.1098639 0.1494619 0.1516350 0.0996309 0.1536566 0.1439929 0.1298918 0.1603350 0.1289682 0.1403215 0.1981369 0.1517092 0.1006112 0.1051659 0.1217843 0.1415995 0.1689580 0.0668337 0.1283588 0.0341505 0.0974261 0.1592875 0.1306003 0.1579024 0.1558445 0.0291085 0.1216174 0.1525464 0.1419007 0.0925391 0.1739823 0.0629896 0.1200305 0.1350597 0.1460253 0.1444187 0.0854586 0.1581250 0.1218514 0.1051927 0.0792553 0.1123735 0.1010205 0.1069468 0.0998440 0.1152777 0.1045282 0.0598188 0.0842727 0.0913663 0.1873975 0.0621781 0.0930221 0.0990136 0.1589738 0.1089749 0.1074638 0.0715074 0.1526441 0.0986021 0.0651689 0.1073195 0.1894778 0.0778779 0.0729662 0.0926307 0.1601011 0.1505835 0.0468840 0.0915227 0.0928746 0.1370689 0.1607438 0.1278784 0.1498221 0.1606234 0.1002158 0.1002268 0.1349518 0.1599764 0.0781351 0.0915718 0.0702035 0.0908280 0.1206405 0.1421416 
S0656sl    0.0323161 0.0858989 0.0785442 0.0505283 0.1168688 0.0717559 0.0000000 0.0988538 0.1290116 0.1046406 0.0470972 0.0228550 0.0920098 0.1127576 0.0780457 0.0720421 0.0790631 0.1228865 0.0658062 0.0859958 0.0992777 0.0646882 0.0491002 0.0805158 0.0058952 0.0868885 0.0915895 0.0442942 0.0849099 0.0653097 0.1112439 0.0989818 0.0785347 0.0864147 0.0662874 0.0588265 0.0793056 0.0882924 0.0794704 0.0996557 0.1110549 0.0995910 0.0829847 0.1063969 0.0446935 0.0782022 0.0284807 0.0857587 0.0865343 0.1067780 0.1014282 0.0600461 0.0477884 0.0538906 0.0282261 0.0486770 0.1065728 0.0522084 0.1350515 0.0926152 0.0861245 0.0682642 0.0110326 0.0997076 0.0929757 0.0595937 0.0660696 0.1143608 0.0866810 0.0729709 0.0592419 0.0114256 0.0324141 0.0171325 0.0793613 0.0804018 0.1052984 0.0500898 0.0349124 0.0656436 0.0667272 0.0113654 0.0912465 0.0126783 0.0430096 0.0998816 0.0623179 0.0868479 0.0404420 0.1010578 0.0788599 0.0997233 0.0850175 0.0851307 0.0933681 0.1298701 0.0722105 0.0869792 0.0282372 0.0637306 0.1006833 0.0683735 0.0645614 0.0726363 0.0943227 0.1068104 0.0459533 0.0856850 0.0660098 0.0439645 0.0717926 0.0344230 0.0782744 0.0842142 0.0414910 0.0803170 0.0433981 0.1131097 0.1052592 0.0650813 0.0666255 0.0863880 0.0936600 0.0498425 0.1192817 0.0776625 0.0494911 0.0593994 0.0657576 0.0652904 0.0989571 0.1297870 0.0977611 0.0792727 0.0964595 0.1114201 0.0858566 0.0527834 0.1211653 0.0859336 0.0930024 0.1001603 0.0900726 0.0951715 0.1101481 0.1065480 0.0593117 0.0858539 0.0855234 0.1054790 0.1218520 0.0829569 0.0723172 0.0464451 0.1200541 0.0995604 0.0930245 0.1190338 0.1160476 0.0477271 0.0854002 0.1084592 0.1238188 0.0865054 0.1057252 0.0117186 0.0788997 0.0847137 0.1094181 0.0724507 0.0402911 0.1098510 0.1016843 0.0428394 0.0442622 0.0795471 0.0441212 0.0846565 0.0590002 0.0601398 0.0549256 0.0539202 0.0342534 0.0713722 0.1233460 0.0967549 0.0528885 0.0433005 0.0923578 0.0415874 0.0502990 0.0656482 0.1081659 0.0794086 0.0457500 0.0502347 0.1246436 0.0719987 0.0669910 0.0799035 0.1000462 0.0896283 0.0661027 0.0581097 0.0647044 0.0994369 0.1194453 0.0862652 0.1338594 0.1087180 0.0437934 0.0437915 0.0590770 0.0863180 0.0653956 0.0855997 0.0058988 0.0718549 0.0847449 0.0983313 
S0735      0.0606328 0.1527486 0.1410522 0.1010004 0.1557644 0.1287931 0.0988538 0.0000000 0.1841080 0.1432247 0.1013812 0.0670529 0.1449030 0.1435977 0.1123476 0.1293416 0.1513996 0.1861135 0.1131589 0.1064340 0.1284472 0.1597026 0.1060660 0.1480633 0.0917969 0.1625690 0.1270190 0.1186708 0.1270190 0.1286546 0.0227964 0.1647774 0.1080464 0.1294717 0.1073295 0.1067982 0.1541488 0.0965928 0.1314185 0.1584594 0.1197620 0.1465020 0.1122467 0.1366087 0.0943229 0.1586737 0.0859807 0.1310834 0.1223897 0.1685433 0.1653634 0.1164723 0.0965393 0.1097241 0.1056979 0.0978232 0.1434312 0.1196779 0.1282253 0.1656744 0.1537503 0.1034557 0.0980477 0.1536245 0.1213928 0.1155641 0.1136297 0.1596519 0.1158381 0.1366794 0.1148093 0.0882678 0.1124231 0.1018293 0.1143318 0.1231999 0.1372124 0.0990019 0.0815817 0.1201826 0.1242753 0.0741982 0.1046673 0.0609177 0.0995442 0.1539085 0.1212067 0.1300534 0.1352800 0.1549102 0.1207965 0.1931147 0.1340264 0.1215864 0.1625333 0.1884932 0.1011008 0.1376965 0.0650314 0.1007814 0.1642443 0.1125078 0.0936566 0.1374854 0.1161444 0.1543385 0.1125288 0.1210008 0.1135244 0.0927171 0.1057489 0.1136094 0.1219332 0.1257616 0.0811283 0.1230582 0.0914487 0.1499131 0.1598258 0.1281349 0.1240918 0.1243720 0.1300720 0.1002074 0.1428948 0.1122573 0.0922765 0.1296188 0.1296142 0.1213956 0.1412162 0.1891847 0.0284931 0.1236285 0.1601309 0.0286561 0.1358226 0.0857937 0.1302326 0.1217150 0.1363832 0.1368940 0.1296395 0.1167375 0.1721340 0.1286454 0.1153015 0.1526423 0.0056575 0.1524099 0.1376040 0.1375450 0.1136112 0.1061838 0.1795169 0.1291072 0.1233640 0.0347915 0.1624059 0.1028148 0.0113380 0.1774074 0.1794613 0.1467195 0.1501991 0.0842313 0.0996967 0.1200693 0.1385461 0.1435834 0.0997131 0.1417612 0.1724484 0.0904987 0.0792613 0.1293881 0.0930592 0.1287445 0.1072114 0.0938314 0.1122833 0.1026261 0.1130402 0.1207846 0.1687310 0.1596500 0.1220931 0.0912358 0.1357666 0.1025352 0.0994377 0.1081333 0.1457437 0.1383696 0.0915042 0.0984668 0.1564098 0.1292543 0.1398263 0.1316583 0.1428776 0.1199549 0.1381348 0.0854499 0.1600763 0.1290365 0.1270682 0.1360988 0.1922226 0.1393070 0.0923276 0.0851827 0.1504940 0.1295066 0.1143867 0.1450713 0.0918627 0.1362692 0.1202005 0.1343523 
S0403sl    0.0815658 0.2050050 0.0718232 0.1586927 0.1450153 0.1930483 0.1290116 0.1841080 0.0000000 0.1828546 0.1465159 0.1020098 0.2030707 0.1917767 0.1187099 0.1862388 0.1846344 0.1372005 0.0991956 0.1208862 0.1209318 0.1866056 0.1369627 0.2001033 0.1156961 0.1912542 0.1264590 0.1602084 0.1264590 0.1850731 0.1867610 0.0654065 0.1944444 0.1948382 0.1066690 0.1580186 0.2070192 0.1400133 0.1971844 0.0989666 0.1175258 0.1055407 0.1044831 0.1680151 0.0648425 0.2188080 0.1451239 0.2032466 0.1200081 0.1956574 0.0861836 0.1725658 0.1589675 0.1561178 0.1363606 0.1612084 0.1337034 0.1294825 0.1739903 0.0921318 0.2143424 0.0871891 0.1279085 0.2230112 0.1142086 0.1711799 0.0994859 0.1207364 0.1612963 0.1624974 0.1699609 0.1333996 0.1603031 0.1406522 0.1000921 0.1999593 0.1361013 0.0767968 0.1486689 0.1127906 0.1815333 0.1176156 0.1121926 0.0753035 0.1560309 0.2146306 0.1703744 0.1876069 0.1684658 0.2265233 0.1045962 0.2409582 0.1054961 0.1203163 0.2246491 0.2734796 0.1442265 0.1294910 0.1128922 0.1331840 0.2100177 0.1769804 0.0931627 0.1879979 0.1395197 0.2368885 0.1663429 0.1275181 0.0993943 0.0706197 0.1120775 0.1605076 0.1778793 0.1252097 0.1313399 0.1907058 0.0696858 0.1572359 0.1826361 0.1757845 0.1573865 0.1796923 0.0983658 0.1573785 0.1735525 0.1435464 0.1549990 0.1866553 0.1865501 0.1689992 0.1607809 0.1522658 0.1818683 0.1887219 0.2132602 0.1904622 0.1518112 0.1438582 0.2011123 0.0990190 0.1275107 0.1362917 0.1464059 0.1075997 0.1459021 0.1283465 0.1292594 0.2048340 0.1684144 0.1845556 0.1208520 0.1986655 0.1129400 0.1604047 0.2566125 0.1331142 0.1562736 0.1917200 0.1298937 0.1563803 0.1682006 0.0780208 0.1479881 0.1902937 0.1495636 0.1212368 0.1131146 0.1521681 0.1228893 0.1285787 0.1352373 0.1090764 0.2194654 0.0826350 0.0713073 0.1208535 0.0708756 0.1899875 0.1663556 0.1009197 0.1777010 0.1652537 0.1596909 0.1761289 0.0941610 0.2432055 0.1521773 0.0695270 0.1351722 0.1647883 0.0771250 0.1782486 0.1219309 0.1970534 0.1501664 0.0770247 0.1516865 0.1861009 0.1821969 0.1815465 0.1214919 0.1104960 0.2042654 0.1662263 0.1769611 0.1703287 0.1590404 0.1070824 0.1559288 0.1150541 0.0703360 0.0703378 0.1778385 0.1359970 0.1692949 0.1837623 0.1157837 0.1860388 0.1278167 0.1179344 
S0739      0.0736023 0.1825965 0.1314979 0.1236284 0.1866565 0.1573365 0.1046406 0.1432247 0.1828546 0.0000000 0.1216889 0.0925159 0.1440234 0.1357452 0.1468263 0.1503599 0.1325448 0.1579311 0.1336673 0.1350542 0.1539316 0.1083428 0.1036728 0.1776827 0.1125757 0.1541723 0.1624337 0.1010258 0.1474772 0.1571716 0.1715607 0.1638600 0.1579127 0.1453113 0.1347026 0.1274368 0.1760622 0.1098896 0.1524582 0.1575125 0.1561633 0.1436252 0.1492129 0.1134497 0.0929892 0.1648466 0.1054390 0.1610652 0.1661309 0.1275351 0.1401320 0.1373735 0.1026577 0.1305175 0.1184915 0.1187066 0.1427704 0.1122468 0.1726737 0.1495451 0.1600103 0.1317337 0.0973508 0.1677489 0.1645626 0.1363057 0.1342279 0.1589234 0.0935228 0.1448480 0.1126371 0.1005052 0.1288914 0.1148424 0.1350680 0.1543380 0.1757732 0.1048288 0.0867602 0.1314908 0.1137867 0.0937384 0.1327522 0.0601363 0.1059693 0.1685662 0.1352922 0.1616106 0.1486080 0.1607056 0.1274100 0.1736868 0.1473302 0.1637606 0.1688558 0.1685894 0.1566176 0.1745612 0.0912566 0.0937431 0.1399341 0.1339503 0.1077250 0.1666540 0.1596899 0.1762990 0.1188098 0.1564153 0.1270046 0.1058723 0.1399842 0.1411201 0.1573259 0.1394345 0.1161871 0.1542576 0.0972700 0.1954649 0.0226638 0.1565097 0.1452760 0.1605362 0.1663911 0.1149723 0.1064329 0.0993838 0.1209673 0.1506824 0.1583664 0.1346669 0.1327602 0.2036254 0.1484952 0.1595937 0.1413835 0.1420147 0.1204529 0.1203527 0.1217656 0.1490780 0.1656045 0.1505084 0.0978524 0.1690900 0.1701665 0.1649359 0.1199358 0.1824577 0.1360785 0.0169207 0.1741413 0.1669828 0.1408346 0.1342519 0.1677555 0.1723922 0.1089726 0.1503145 0.1734523 0.1382847 0.1285178 0.1686224 0.1441637 0.1609088 0.1748281 0.0904111 0.1121322 0.1070057 0.1856868 0.1348509 0.1196695 0.1480060 0.2038194 0.1173527 0.0921478 0.1430235 0.0989710 0.1354609 0.1127747 0.1213685 0.1169523 0.1305287 0.1259886 0.1344821 0.1768451 0.1840362 0.1281971 0.1042555 0.1616189 0.1311005 0.1125967 0.1429719 0.1750256 0.1598922 0.1179059 0.1206557 0.1806662 0.1502562 0.1615773 0.1312386 0.1406857 0.1558270 0.1591339 0.1184018 0.1169847 0.1373794 0.1578248 0.1404590 0.2063510 0.1678624 0.1054265 0.0910702 0.1721827 0.1499182 0.1280349 0.1666740 0.1126592 0.1427102 0.1142152 0.1626275 
S0268      0.0194085 0.0529950 0.0958385 0.0059937 0.1427065 0.0663107 0.0470972 0.1013812 0.1465159 0.1216889 0.0000000 0.0294288 0.0945988 0.1068650 0.1070787 0.0169455 0.0723640 0.1568983 0.0795092 0.0881841 0.1231778 0.0581255 0.0367468 0.0352855 0.0367874 0.0474313 0.1075462 0.0884740 0.1075462 0.0535044 0.1284473 0.1299624 0.0227444 0.0532929 0.0948900 0.0602621 0.0347743 0.0906006 0.0411680 0.1309021 0.1130897 0.1168784 0.0993777 0.1232807 0.0663660 0.1143961 0.0536935 0.0941775 0.1099125 0.0940577 0.1343389 0.0113711 0.0622494 0.0229992 0.0533146 0.0057853 0.1235152 0.0660140 0.1539475 0.1306468 0.0349336 0.0831284 0.0467351 0.0657495 0.1092424 0.0286189 0.0808772 0.1393025 0.1026832 0.1021758 0.0350803 0.0360045 0.0325643 0.0548586 0.0813685 0.0416243 0.1239068 0.0719729 0.0422455 0.0944349 0.0485367 0.0235534 0.0935438 0.0063860 0.0058749 0.0347219 0.0303881 0.0535975 0.0731232 0.0415098 0.0808421 0.1460924 0.0936573 0.1081698 0.0412037 0.1010778 0.0872577 0.1093768 0.0288989 0.0580054 0.0608628 0.0357665 0.0658852 0.0287666 0.1035860 0.0862399 0.0595560 0.1157045 0.0808020 0.0656464 0.1004331 0.0730552 0.0343550 0.0996692 0.0489196 0.0540240 0.0647596 0.1377161 0.1137404 0.0470828 0.0289441 0.0609955 0.1174656 0.0059507 0.1136927 0.0795840 0.0180839 0.0286003 0.0538717 0.0225867 0.1091819 0.1461954 0.1068520 0.0347606 0.0687803 0.1142733 0.1016807 0.0540674 0.1318553 0.1017961 0.1095823 0.1168595 0.0924748 0.1119793 0.1511124 0.1234914 0.0809742 0.0407852 0.0876861 0.1069044 0.1324915 0.0193534 0.1012093 0.0348750 0.0836843 0.1224216 0.0954131 0.1221168 0.1328898 0.0358408 0.0875581 0.1324218 0.1430317 0.0600423 0.1301047 0.0371958 0.0943152 0.0868364 0.1269684 0.1093335 0.0474869 0.1210407 0.0542402 0.0707753 0.0522940 0.0872345 0.0658890 0.0867774 0.0669404 0.0747541 0.0560112 0.0173111 0.0654182 0.0168071 0.1329006 0.0974444 0.0672476 0.0646087 0.1159055 0.0753324 0.0722872 0.0227002 0.1254635 0.0348167 0.0468346 0.0721907 0.1332784 0.0169455 0.0231984 0.0290770 0.1167134 0.1063334 0.0604707 0.0471222 0.0646445 0.1019963 0.1383313 0.0802561 0.1434607 0.1261059 0.0653768 0.0653777 0.0868737 0.1166087 0.0111992 0.0403560 0.0368107 0.0285379 0.0937767 0.1219353 
S1328sl    0.0194546 0.0739259 0.0452137 0.0315720 0.0898490 0.0666136 0.0228550 0.0670529 0.1020098 0.0925159 0.0294288 0.0000000 0.0869993 0.1009309 0.0597038 0.0540237 0.0649973 0.1029897 0.0475870 0.0480423 0.0736166 0.0589294 0.0306765 0.0684071 0.0182183 0.0747795 0.0599495 0.0583250 0.0599495 0.0601219 0.0926555 0.0799740 0.0540018 0.0678854 0.0479332 0.0348185 0.0745462 0.0689399 0.0611220 0.0805113 0.0697158 0.0720994 0.0497846 0.0803446 0.0187625 0.0862272 0.0289410 0.0813739 0.0543066 0.0948766 0.0806539 0.0420234 0.0361945 0.0359148 0.0347033 0.0304161 0.0870366 0.0407616 0.1004175 0.0803601 0.0743239 0.0365343 0.0226851 0.0810088 0.0608290 0.0417027 0.0353796 0.0872650 0.0741290 0.0612012 0.0351187 0.0174364 0.0261275 0.0295540 0.0417746 0.0618326 0.0714409 0.0245408 0.0235573 0.0538597 0.0419451 0.0057063 0.0535391 0.0000022 0.0245694 0.0811509 0.0436157 0.0682279 0.0535178 0.0747001 0.0477970 0.1078783 0.0536569 0.0665063 0.0814724 0.1025716 0.0537232 0.0679421 0.0112911 0.0313143 0.0823230 0.0494132 0.0252106 0.0607712 0.0551162 0.0941276 0.0406998 0.0669391 0.0353476 0.0184611 0.0535428 0.0410574 0.0602081 0.0531653 0.0298256 0.0617684 0.0182287 0.0796153 0.0999458 0.0599104 0.0422123 0.0614739 0.0679030 0.0313343 0.0935768 0.0473026 0.0307358 0.0541361 0.0605392 0.0474765 0.0779465 0.1155403 0.0657416 0.0609679 0.0698256 0.0793852 0.0738931 0.0351784 0.1014585 0.0542109 0.0670142 0.0806945 0.0707754 0.0689486 0.0972359 0.0738029 0.0354180 0.0738888 0.0542441 0.0932517 0.0880557 0.0622096 0.0539300 0.0411408 0.0921488 0.0804271 0.0613725 0.0865308 0.0892042 0.0422920 0.0541614 0.0889125 0.1112769 0.0679604 0.0800421 0.0180274 0.0473017 0.0538985 0.0685421 0.0608715 0.0289755 0.0765206 0.0893449 0.0306311 0.0186580 0.0675234 0.0185261 0.0596331 0.0410067 0.0295220 0.0430822 0.0359395 0.0469970 0.0535221 0.0891370 0.0988014 0.0354165 0.0181887 0.0670485 0.0486591 0.0246411 0.0477328 0.0744098 0.0610721 0.0285878 0.0248094 0.0966313 0.0539917 0.0616908 0.0614604 0.0605026 0.0631933 0.0739448 0.0406679 0.0655286 0.0676415 0.0841054 0.0477130 0.1198803 0.0752704 0.0183915 0.0183895 0.0535432 0.0674276 0.0475538 0.0672478 0.0182300 0.0667072 0.0603468 0.0729331 
SRR8528338 0.0686318 0.1527254 0.1334652 0.0945060 0.1903312 0.1141187 0.0920098 0.1449030 0.2030707 0.1440234 0.0945988 0.0869993 0.0000000 0.1762601 0.1425764 0.1079892 0.1498470 0.1809336 0.1292128 0.1379946 0.1523563 0.1352131 0.0901218 0.1327243 0.0632028 0.1324551 0.1583682 0.1259930 0.1583682 0.1145388 0.1429882 0.1674605 0.1150842 0.1390351 0.1302301 0.1068273 0.1392101 0.1269450 0.1241268 0.1535564 0.1684693 0.1571893 0.1431706 0.1685666 0.1026250 0.1514067 0.1127574 0.1013985 0.1389523 0.1775407 0.1826609 0.1023341 0.0967065 0.1168866 0.0987673 0.0908064 0.1613463 0.1128753 0.2019431 0.1841899 0.1312886 0.1344116 0.0912660 0.1614506 0.1612029 0.1227255 0.1152180 0.1624555 0.1467267 0.1238954 0.1079311 0.0951255 0.1222659 0.0949345 0.1305892 0.1180189 0.1801568 0.1072101 0.0875603 0.1365382 0.1101597 0.0675149 0.1283160 0.0466949 0.0852200 0.1243980 0.0983445 0.1550375 0.1209623 0.1259403 0.1154798 0.1854307 0.1509268 0.1516422 0.1319143 0.1892379 0.1516360 0.1547331 0.0787045 0.0848160 0.1491722 0.1275530 0.1178731 0.1230529 0.1554779 0.1623329 0.1057973 0.1522322 0.1151097 0.1014557 0.1356352 0.1134181 0.1291267 0.1495293 0.0879823 0.1476956 0.0994485 0.1756517 0.1449624 0.1140866 0.1170155 0.1172824 0.1624809 0.0937605 0.1748420 0.1207871 0.0997713 0.1225809 0.1011981 0.1006943 0.1687111 0.1923919 0.1502247 0.1165777 0.1604900 0.1584130 0.1373450 0.1071582 0.1705839 0.1527671 0.1536559 0.1542702 0.1147230 0.1652873 0.2085017 0.1766893 0.1374203 0.1378690 0.1301728 0.1452870 0.1791744 0.1083283 0.1367239 0.0932058 0.1800942 0.1684106 0.1174049 0.1670960 0.1808988 0.0889687 0.1299954 0.1882658 0.1585677 0.1469553 0.1834004 0.0841764 0.1155405 0.1288767 0.1739381 0.1534443 0.0995416 0.1517591 0.1568904 0.1060392 0.0868116 0.1459622 0.1012296 0.1287811 0.1142651 0.1095878 0.1048098 0.1028068 0.1131921 0.0933600 0.1976189 0.1453098 0.1058656 0.0992131 0.1680742 0.1030156 0.1083351 0.1151818 0.1795548 0.1308062 0.0983839 0.1081874 0.2002318 0.1079185 0.1031928 0.0962135 0.1537071 0.1598665 0.1091229 0.1057173 0.1519526 0.1532641 0.1674572 0.1533314 0.1954158 0.1646868 0.1010193 0.1004322 0.1507481 0.1539239 0.0870974 0.1230435 0.0632455 0.1079818 0.1289354 0.1661166 
S0308      0.0598491 0.1736251 0.1011260 0.1228271 0.1713265 0.1517494 0.1127576 0.1435977 0.1917767 0.1357452 0.1068650 0.1009309 0.1762601 0.0000000 0.1474370 0.1420472 0.1590219 0.1928878 0.1489780 0.1429785 0.1724497 0.1504563 0.1121064 0.1530701 0.1058267 0.1605594 0.1485169 0.1429172 0.1338142 0.1514121 0.1642478 0.1645742 0.1350396 0.1425615 0.1501512 0.1212216 0.1597231 0.0749775 0.1514122 0.1654812 0.1569718 0.1781636 0.1495764 0.1264809 0.1088887 0.1819402 0.1279476 0.1599966 0.1668600 0.1231427 0.1248497 0.1292058 0.1328958 0.1155122 0.1269727 0.1106841 0.1653626 0.1273196 0.2143012 0.1357595 0.1514213 0.1395513 0.1188488 0.1671479 0.1576517 0.1282081 0.1347825 0.1669802 0.1063679 0.1520902 0.1273672 0.1094720 0.1051589 0.1161974 0.1284401 0.1533745 0.1526200 0.1207952 0.1093595 0.1564352 0.1385537 0.0946906 0.1479332 0.0819975 0.1053140 0.1443071 0.1446386 0.1604881 0.1432865 0.1771967 0.1345551 0.2195232 0.1402714 0.1803600 0.1600445 0.1778267 0.1524041 0.1527148 0.0844226 0.0849207 0.1538476 0.1251983 0.1157249 0.1579926 0.1527074 0.1675572 0.1340683 0.1724994 0.1346568 0.1070193 0.1553914 0.1502800 0.1489139 0.1470191 0.1019684 0.1531869 0.1128832 0.1808621 0.1350180 0.1582288 0.1298096 0.1703647 0.1594024 0.1142351 0.1192255 0.0782888 0.0990671 0.1350254 0.1601295 0.1270604 0.1147322 0.1959399 0.1635285 0.1510277 0.1422476 0.1569792 0.1056314 0.1063477 0.1280241 0.1497097 0.1513978 0.1511529 0.0977987 0.1468858 0.2039815 0.1485832 0.1369622 0.1580007 0.1220195 0.1279619 0.1987802 0.1472705 0.1487871 0.1356809 0.1771049 0.1736707 0.1290655 0.1655639 0.1839735 0.1398039 0.1432341 0.1537791 0.1874481 0.1422334 0.1727182 0.1059596 0.1420536 0.0777360 0.1708102 0.1352534 0.1070512 0.1407528 0.1942422 0.1338008 0.0862750 0.1294574 0.1149081 0.1347868 0.1212207 0.1283620 0.1181934 0.1164403 0.1423792 0.1332924 0.1537270 0.1777181 0.1225090 0.1201162 0.1578237 0.1553225 0.1213359 0.1347886 0.1682458 0.1513069 0.1191120 0.1211733 0.2058549 0.1419508 0.1528884 0.1445897 0.1658287 0.1491697 0.1528063 0.1270248 0.1165644 0.1208665 0.2003073 0.1424409 0.1908790 0.1532012 0.1139886 0.1140056 0.1636279 0.1581173 0.1268989 0.1507219 0.1059041 0.1490120 0.0987965 0.1486899 
SRR8528336 0.0517630 0.1512718 0.0706297 0.1154584 0.0999859 0.1341712 0.0780457 0.1123476 0.1187099 0.1468263 0.1070787 0.0597038 0.1425764 0.1474370 0.0000000 0.1349847 0.1492141 0.1271258 0.0458954 0.0707167 0.0839995 0.1414352 0.0961636 0.1461696 0.0768198 0.1531517 0.0829451 0.1089651 0.0829451 0.1270838 0.1248593 0.0965205 0.1423205 0.1425566 0.0462177 0.1107793 0.1526451 0.1139505 0.1441661 0.0971604 0.0876190 0.0832133 0.0677477 0.1330992 0.0371237 0.1495467 0.0851896 0.1599967 0.0779361 0.1651080 0.0988031 0.1221982 0.1094608 0.1154807 0.0845742 0.1109120 0.1172905 0.1115662 0.1246000 0.1038007 0.1594266 0.0539379 0.0774293 0.1671329 0.0906597 0.1212547 0.0583069 0.1114361 0.1267467 0.1067532 0.1204655 0.0871933 0.1059011 0.0738501 0.0710805 0.1460209 0.0961740 0.0424964 0.1008763 0.0519336 0.1300140 0.0733098 0.0699677 0.0388330 0.1055229 0.1595932 0.1271316 0.1530847 0.0990507 0.1695698 0.0706457 0.1830374 0.0766113 0.0647797 0.1682319 0.2110159 0.1055218 0.0846896 0.0705539 0.0919250 0.1547068 0.1251188 0.0433193 0.1361741 0.0930841 0.1724831 0.1180851 0.0522489 0.0582554 0.0365358 0.0397686 0.1055704 0.1136306 0.0821808 0.0865570 0.1458452 0.0360801 0.1035608 0.1477606 0.1265773 0.1228199 0.1227247 0.0913105 0.1145477 0.1531064 0.1109455 0.1048873 0.1352714 0.1140141 0.1198238 0.1464616 0.1190054 0.1246967 0.1437999 0.1660026 0.1389948 0.1184027 0.0978112 0.1631830 0.0774071 0.0841858 0.1042381 0.1117799 0.0922427 0.1006703 0.1038604 0.0846491 0.1511679 0.1125372 0.1480829 0.1048259 0.1472633 0.0342000 0.1055076 0.1928215 0.0774550 0.1362834 0.1329148 0.1132607 0.1017868 0.1120701 0.1058151 0.1290392 0.1376948 0.1033966 0.0826596 0.0581755 0.1186523 0.1134108 0.0712797 0.0984003 0.1007645 0.1707177 0.0235219 0.0370943 0.0905403 0.0366623 0.1392642 0.1180944 0.0591013 0.1255498 0.1155010 0.1050458 0.1263862 0.1201197 0.1670139 0.1065135 0.0360011 0.0903473 0.1160723 0.0426684 0.1138169 0.0986402 0.1440646 0.1038037 0.0426159 0.1222791 0.1348939 0.1305556 0.1373882 0.0909400 0.0873928 0.1433995 0.1179983 0.1414167 0.1348005 0.1085561 0.0777012 0.1231615 0.0856240 0.0363984 0.0301440 0.1204549 0.0844381 0.1200247 0.1507274 0.0768729 0.1418905 0.1187031 0.0894296 
S0301      0.0391171 0.0517028 0.1259688 0.0058753 0.1736037 0.0779250 0.0720421 0.1293416 0.1862388 0.1503599 0.0169455 0.0540237 0.1079892 0.1420472 0.1349847 0.0000000 0.0849961 0.1882956 0.1060853 0.1157328 0.1522698 0.0710697 0.0423400 0.0344267 0.0563841 0.0462672 0.1355871 0.1182941 0.1355871 0.0650347 0.1423012 0.1592135 0.0222091 0.0643313 0.1227036 0.0860675 0.0401225 0.1189681 0.0526431 0.1603998 0.1440106 0.1486842 0.1286062 0.1523723 0.0874072 0.1426887 0.0791071 0.1217667 0.1386449 0.1059601 0.1678417 0.0111037 0.0889562 0.0340899 0.0785359 0.0056752 0.1526714 0.0918027 0.1846096 0.1600837 0.0340913 0.1037126 0.0714737 0.0767280 0.1377888 0.0395925 0.0939913 0.1693954 0.1310730 0.1304075 0.0465227 0.0612203 0.0453156 0.0808477 0.1086164 0.0532266 0.1548182 0.1002744 0.0677343 0.1220991 0.0603293 0.0480478 0.1209182 0.0257362 0.0057613 0.0400629 0.0420083 0.0719175 0.1063521 0.0404907 0.1078931 0.1763451 0.1210665 0.1364130 0.0401991 0.1130248 0.1144911 0.1467380 0.0530340 0.0855883 0.0726180 0.0470973 0.0789770 0.0280813 0.1322165 0.0979908 0.0850355 0.1443887 0.0939039 0.0939100 0.1281254 0.0924700 0.0452600 0.1271208 0.0748941 0.0656621 0.0926092 0.1674326 0.1418906 0.0648083 0.0400364 0.0793806 0.1466295 0.0058341 0.1418170 0.1061747 0.0299744 0.0395653 0.0654794 0.0334845 0.1328526 0.1795999 0.1346935 0.0457917 0.0741294 0.1425624 0.1297310 0.0796764 0.1616163 0.1299284 0.1382139 0.1458699 0.1214651 0.1413065 0.1825441 0.1526534 0.1080800 0.0398011 0.1150549 0.1347845 0.1624465 0.0188382 0.1291428 0.0462520 0.0959690 0.1602821 0.1233703 0.1508991 0.1629223 0.0475238 0.1148947 0.1717348 0.1739671 0.0716448 0.1594095 0.0632974 0.1219297 0.1139253 0.1394401 0.1379133 0.0726509 0.1512061 0.0528868 0.0985788 0.0724477 0.1216639 0.0942622 0.1138642 0.0931381 0.1017273 0.0825994 0.0285083 0.0909732 0.0280146 0.1547892 0.1106780 0.0935779 0.0923908 0.1446450 0.1025380 0.1007217 0.0336524 0.1552011 0.0339800 0.0716275 0.1005860 0.1633824 0.0165492 0.0226416 0.0283773 0.1456659 0.1358343 0.0721551 0.0720865 0.0775944 0.1301701 0.1697257 0.1070935 0.1828085 0.1559648 0.0935117 0.0935205 0.1137874 0.1455473 0.0166000 0.0456088 0.0564217 0.0278632 0.1212283 0.1506781 
S0300      0.0653573 0.1076021 0.1475657 0.0617717 0.1194424 0.1071682 0.0790631 0.1513996 0.1846344 0.1325448 0.0723640 0.0649973 0.1498470 0.1590219 0.1492141 0.0849961 0.0000000 0.1989639 0.1169024 0.1362200 0.1589884 0.0255698 0.0678392 0.1019207 0.0772408 0.1089674 0.1328373 0.1119556 0.1409108 0.0923534 0.1741397 0.1766007 0.0849528 0.1010953 0.1276622 0.1015274 0.1085968 0.1310301 0.0854738 0.1689432 0.1477828 0.1537371 0.1496681 0.1430303 0.0883040 0.1500030 0.0943951 0.1260340 0.1415550 0.1095517 0.1968169 0.0719334 0.0965370 0.0651988 0.0935200 0.0597065 0.1524351 0.1085617 0.1946726 0.1867326 0.1082388 0.1221587 0.0715290 0.1002751 0.1524679 0.0713478 0.1098221 0.1693656 0.1196068 0.1349304 0.0566787 0.0813041 0.0650113 0.0873332 0.1269761 0.0939319 0.1531393 0.0935426 0.0888326 0.1426212 0.0716457 0.0663320 0.1498954 0.0349306 0.0536411 0.1159911 0.0819518 0.1016464 0.1087325 0.1083965 0.1172939 0.1595251 0.1336318 0.1508011 0.1165182 0.0306119 0.1345775 0.1288372 0.0720552 0.0931371 0.0867925 0.0814908 0.1114883 0.0927670 0.1541323 0.1313749 0.1002652 0.1516289 0.1183789 0.0771448 0.1335717 0.0936867 0.0918228 0.1249615 0.0738770 0.0870476 0.0853702 0.1675726 0.1150524 0.0919837 0.0717643 0.1011984 0.1351611 0.0612715 0.1414964 0.1171018 0.0681597 0.0851846 0.0852270 0.0774892 0.1507213 0.1955878 0.1479103 0.0931099 0.0310848 0.1582559 0.1277877 0.0869437 0.1528537 0.1436238 0.1414138 0.1434110 0.1341543 0.1471255 0.1819811 0.1525421 0.1196001 0.1075358 0.1352099 0.1162533 0.1889381 0.0895810 0.1343596 0.0707795 0.0447050 0.1516195 0.1366296 0.1677313 0.1889251 0.0724692 0.1350114 0.1705358 0.1842220 0.1012066 0.1592774 0.0693725 0.1339964 0.1258278 0.1538016 0.1615138 0.0786027 0.1668378 0.1182519 0.1173672 0.0943607 0.1343363 0.0864571 0.1241415 0.1106051 0.1114691 0.1062699 0.0715203 0.0999523 0.0998029 0.1833202 0.1303578 0.0847798 0.0929820 0.1431824 0.0970836 0.0933217 0.0779562 0.1710266 0.0932843 0.0930261 0.1018206 0.1793617 0.0849397 0.0868536 0.0939099 0.1507835 0.1498307 0.1008905 0.1083181 0.0128146 0.1442140 0.1867396 0.1089092 0.2015490 0.1533278 0.0862655 0.0856613 0.1092489 0.1516390 0.0852454 0.0928685 0.0767645 0.0991607 0.1162054 0.1243069 
S0385      0.0817761 0.1823070 0.1183044 0.1518429 0.1647889 0.1870865 0.1228865 0.1861135 0.1372005 0.1579311 0.1568983 0.1029897 0.1809336 0.1928878 0.1271258 0.1882956 0.1989639 0.0000000 0.1072020 0.1152312 0.0643289 0.1718591 0.1302322 0.1942052 0.1248763 0.1853343 0.1276879 0.1370625 0.1133864 0.1956598 0.2167555 0.1432087 0.1966159 0.1970210 0.1149098 0.1443434 0.1923433 0.1468264 0.1994226 0.1052030 0.1025774 0.0690057 0.1203913 0.1537454 0.0726376 0.1879022 0.1388274 0.2008752 0.1305388 0.1796772 0.1246672 0.1744577 0.1370890 0.1670752 0.1217130 0.1629899 0.1134912 0.1307739 0.1672037 0.1135298 0.1805194 0.0954943 0.1291674 0.2256316 0.0997270 0.1730413 0.1004161 0.1217658 0.1542927 0.1464928 0.1717935 0.1181734 0.1518093 0.1343422 0.1149030 0.1922341 0.1302249 0.0776651 0.1177412 0.1121816 0.1835566 0.1187892 0.1129485 0.0762145 0.1495261 0.2171299 0.1735791 0.2100803 0.1702636 0.1922399 0.0992110 0.1998030 0.0914706 0.1437424 0.1814783 0.2475103 0.1456982 0.1457065 0.1139687 0.1178844 0.2111752 0.1789758 0.1015191 0.1821586 0.1330009 0.2110398 0.1357577 0.1362796 0.1003228 0.0640855 0.1203483 0.1547026 0.1798179 0.1264131 0.1334740 0.2019856 0.0704622 0.1586722 0.1668283 0.1947535 0.1590813 0.2007810 0.1075719 0.1511429 0.1824514 0.1371525 0.1567140 0.1887219 0.1972551 0.1708102 0.1608897 0.1282472 0.1763750 0.1908382 0.2168839 0.1847779 0.1449438 0.1374498 0.1860507 0.0851353 0.1295157 0.1056138 0.1471287 0.1092561 0.1073123 0.1220227 0.1230388 0.1990435 0.1702096 0.1593391 0.1203193 0.2103321 0.1055994 0.1702348 0.2494353 0.1519011 0.1564763 0.1860085 0.0650402 0.1756756 0.1699920 0.1473275 0.1477735 0.2090933 0.1411824 0.1153794 0.0867003 0.1457071 0.1465702 0.1150363 0.1541290 0.0748850 0.2223465 0.0828373 0.0720637 0.1441353 0.0644865 0.1758431 0.1436974 0.0867447 0.1439229 0.1670525 0.1532103 0.1780284 0.1712825 0.2265469 0.1411223 0.0776938 0.1270457 0.1353506 0.0780013 0.1801973 0.1071439 0.1992892 0.1516995 0.0704825 0.1831486 0.1881544 0.2015014 0.1675222 0.1067770 0.0957328 0.1885028 0.1579742 0.1821328 0.1710499 0.1520179 0.0928212 0.1323082 0.0934556 0.0711274 0.0711289 0.1797785 0.1053471 0.1711127 0.2065614 0.1249735 0.1710891 0.1383332 0.1203590 
