133
PAFTOL_019361 0.0000000 0.2152500 0.1852443 0.2279346 0.2164219 0.2096095 0.5207241 0.1933160 0.2039697 0.2288064 0.2188134 0.2062051 0.1958275 0.2183848 0.2029568 0.1893993 0.2187553 0.2195581 0.2057706 0.2041846 0.1936806 0.1931792 0.2000455 0.2106257 0.1907177 0.1694679 0.2029887 0.1990016 0.1974259 0.1998088 0.2139937 0.2090257 0.2023110 0.2043833 0.1943989 0.2042932 0.1964331 0.2116792 0.1908246 0.2202203 0.1923402 0.1859818 0.1741087 0.2011308 0.1959125 0.2044668 0.2125296 0.2271409 0.1846763 0.2231435 0.1727768 0.2069881 0.1741108 0.1744868 0.2333674 0.2002640 0.1965056 0.2037802 0.1749221 0.2710850 0.1980980 0.2544009 0.2194701 0.2303500 0.2171915 0.2298438 0.1866567 0.2377412 0.1921093 0.1781928 0.2230374 0.2084357 0.1874164 0.2146177 0.2242259 0.1937971 0.1729976 0.1346881 0.2253420 0.1873715 0.2054093 0.1888055 0.2057695 0.2046148 0.1849856 0.2073749 0.1971870 0.2073163 0.1952381 0.1779671 0.1929844 0.1234030 0.2167170 0.2425302 0.1924415 0.1965882 0.2093956 0.1722752 0.2032401 0.1989026 0.1928469 0.1939694 0.2103262 0.2139390 0.1766010 0.1619519 0.2111145 0.1923800 0.2061455 0.1975034 0.1868759 0.1709145 0.1914758 0.1936287 0.1891615 0.2080639 0.1981825 0.1914097 0.1985293 0.2070799 0.2318980 0.1954469 0.1901695 0.1836554 0.1970093 0.2163574 0.2154313 0.1969283 0.2452780 0.1714463 0.1998347 0.2204288 0.2119049 
S0055         0.2152500 0.0000000 0.0560131 0.1236429 0.0899183 0.0486486 0.2362877 0.1225685 0.0785977 0.0516491 0.0940727 0.1137843 0.0962738 0.1049273 0.1211401 0.0915102 0.1181452 0.0891513 0.0853701 0.0850884 0.0454707 0.0410150 0.1264309 0.1014988 0.1096551 0.0708031 0.0953623 0.1066588 0.0914495 0.0969182 0.0840656 0.0991332 0.0976867 0.0996094 0.1289591 0.0471173 0.0439716 0.1231808 0.1088263 0.1351433 0.0776807 0.0499045 0.0756456 0.0905975 0.1534161 0.0988968 0.1053252 0.1179091 0.0483722 0.0945260 0.0690611 0.0501551 0.0676928 0.0727540 0.1118015 0.0931289 0.1105782 0.1027756 0.1371732 0.1080134 0.0658045 0.0913328 0.0877202 0.0976488 0.0942057 0.0970341 0.0831949 0.0806790 0.0929925 0.1491484 0.1036728 0.1028700 0.0761323 0.0940479 0.1021405 0.1470617 0.0658572 0.1524992 0.1139278 0.0935050 0.0923471 0.0773471 0.1012095 0.1509714 0.0423489 0.0810652 0.0880425 0.1282442 0.1191867 0.0945100 0.0896356 0.1078628 0.1325821 0.1059352 0.0935215 0.0933176 0.0547237 0.0811391 0.0902252 0.0775264 0.0435336 0.0424882 0.0365183 0.0978831 0.0724165 0.1031562 0.0849732 0.0693017 0.1135773 0.0797441 0.0769529 0.1156150 0.0944975 0.1313904 0.0412562 0.0956012 0.0820557 0.0443025 0.1244508 0.0775655 0.1340426 0.0762029 0.0767083 0.0862612 0.0947605 0.1274431 0.0937929 0.0708178 0.1158271 0.0659699 0.0803875 0.0950907 0.0755577 
S0196sl       0.1852443 0.0560131 0.0000000 0.1002948 0.0521360 0.0600503 0.2595684 0.1099533 0.0537393 0.0641965 0.0684254 0.0989933 0.0668722 0.0713159 0.1196765 0.0650971 0.0671142 0.0689859 0.0562209 0.0640544 0.0620034 0.0519214 0.1065249 0.0853045 0.0930907 0.0109039 0.0752228 0.0941486 0.0623352 0.0539597 0.0692217 0.0909532 0.0691575 0.0720374 0.1129841 0.0498268 0.0498957 0.1048156 0.0959349 0.1067754 0.0582275 0.0560304 0.0517085 0.0542103 0.1238841 0.0749666 0.0737217 0.1078852 0.0599439 0.0778796 0.0090434 0.0621035 0.0090799 0.0146791 0.0861723 0.0626774 0.0917834 0.0776160 0.1113546 0.0900946 0.0396450 0.0893409 0.0583228 0.0756172 0.0662951 0.0762753 0.0482730 0.0629396 0.0542951 0.1280969 0.0916714 0.0720224 0.0565278 0.0596619 0.0689729 0.1204530 0.0053987 0.1240158 0.0891525 0.0576345 0.0655449 0.0601921 0.0718690 0.1183313 0.0495852 0.0561799 0.0615587 0.1146243 0.1034455 0.0613086 0.0634894 0.0000010 0.1178083 0.0746082 0.0661144 0.0652866 0.0687340 0.0558610 0.0602480 0.0561889 0.0496632 0.0497162 0.0538763 0.0762543 0.0560292 0.1000779 0.0620199 0.0416792 0.1072940 0.0542570 0.0145425 0.0916062 0.0563427 0.1025011 0.0521859 0.0727491 0.0501132 0.0605808 0.1221574 0.0498611 0.1171833 0.0499435 0.0577421 0.0586713 0.0565206 0.0900118 0.0644034 0.0479707 0.0818977 0.0375773 0.0498898 0.0772779 0.0518647 
S0278         0.2279346 0.1236429 0.1002948 0.0000000 0.1372033 0.1293609 0.4780885 0.0481889 0.1215734 0.1352394 0.1454420 0.0648157 0.1172228 0.1353390 0.0401110 0.1149698 0.1348443 0.1412260 0.1253746 0.1237574 0.1251859 0.1248692 0.0543844 0.1404410 0.0485427 0.1118898 0.1262905 0.0545893 0.1175269 0.0558048 0.1368271 0.1384753 0.1151351 0.1210565 0.0456521 0.1346151 0.1278518 0.0712015 0.0720888 0.0840666 0.1321439 0.1236373 0.1186329 0.1245538 0.1516970 0.1374391 0.1307503 0.1397167 0.1147161 0.1443193 0.1086703 0.1396669 0.1060554 0.1095343 0.1384742 0.1442582 0.0786882 0.1156846 0.0589444 0.1078786 0.1081493 0.0724331 0.1334756 0.1334575 0.1342640 0.1345237 0.1183029 0.1495065 0.1157648 0.1419104 0.1314956 0.1376006 0.0939285 0.1338163 0.1336430 0.1342772 0.1088021 0.1395683 0.1653959 0.1267605 0.1369742 0.1178562 0.1427795 0.1488710 0.1211955 0.1419232 0.1299453 0.0540489 0.0799746 0.0588143 0.1180881 0.0348434 0.0653452 0.1206584 0.1166616 0.1212225 0.1387386 0.1090964 0.1284217 0.1164855 0.1180995 0.1222368 0.1350162 0.1406975 0.1144891 0.0691041 0.1214045 0.1091419 0.0458749 0.1364381 0.1211904 0.0408182 0.1154074 0.0782410 0.1220606 0.1314347 0.1203024 0.1312092 0.0566323 0.1351435 0.0923462 0.1252715 0.1170230 0.1208051 0.1410107 0.0869924 0.1214816 0.1040875 0.1432900 0.1027058 0.1275903 0.1513056 0.1241180 
S0281         0.2164219 0.0899183 0.0521360 0.1372033 0.0000000 0.0853954 0.2127338 0.1259781 0.0695457 0.0776586 0.0882939 0.1322825 0.0785478 0.0927816 0.1286447 0.0738025 0.0968947 0.0867520 0.0640093 0.0861132 0.0850430 0.0751717 0.1275803 0.1141772 0.1002454 0.0551914 0.0966149 0.1155116 0.0702017 0.0981817 0.0856584 0.0982020 0.0803538 0.0829016 0.1289171 0.0819943 0.0719277 0.1271917 0.1084060 0.1215060 0.0787539 0.0715199 0.0505295 0.0650451 0.1533096 0.0968784 0.0872507 0.1138283 0.0799210 0.0980084 0.0568252 0.0887805 0.0555337 0.0585436 0.1097635 0.0666836 0.1016351 0.0933536 0.1293840 0.1081494 0.0649276 0.0967551 0.0764993 0.0960979 0.0938044 0.0937764 0.0828715 0.0783404 0.0518592 0.1547612 0.1031558 0.0944464 0.0674325 0.0904580 0.0946321 0.1508274 0.0536964 0.1555036 0.1030699 0.0927765 0.0739634 0.0865423 0.0903187 0.1509747 0.0732805 0.0868368 0.0871955 0.1316527 0.1128877 0.0849266 0.0676691 0.1196314 0.1322365 0.0881019 0.0683502 0.0739463 0.0903986 0.0766166 0.0862256 0.0668010 0.0625387 0.0752592 0.0850222 0.0904567 0.0779859 0.0972928 0.0757357 0.0585183 0.1240596 0.0806493 0.0613800 0.1093060 0.0532907 0.1221113 0.0756575 0.0899768 0.0729832 0.0823428 0.1344377 0.0799694 0.1355318 0.0753311 0.0811270 0.0736934 0.0851030 0.1219138 0.0904118 0.0731837 0.1037094 0.0428806 0.0715007 0.0983932 0.0713783 
S0282         0.2096095 0.0486486 0.0600503 0.1293609 0.0853954 0.0000000 0.2289900 0.1249377 0.0660676 0.0202062 0.0694348 0.1111297 0.0933769 0.0950837 0.1326514 0.0885931 0.1131349 0.0799037 0.0772789 0.0755914 0.0163389 0.0164036 0.1229054 0.0860596 0.1102024 0.0695841 0.0807390 0.1187355 0.0868381 0.1068823 0.0812634 0.0775911 0.0901987 0.0931900 0.1260587 0.0248827 0.0191920 0.1352988 0.1165533 0.1339288 0.0616157 0.0183367 0.0712350 0.0836798 0.1370890 0.0803117 0.1024042 0.1127443 0.0219724 0.0933451 0.0678406 0.0191976 0.0681901 0.0683396 0.1070464 0.0866008 0.1096047 0.0966578 0.1380938 0.1081168 0.0661206 0.0985614 0.0831592 0.0914812 0.0930397 0.0870111 0.0669214 0.0669729 0.0851491 0.1346822 0.1015338 0.0940031 0.0674340 0.0894004 0.0990947 0.1325647 0.0646301 0.1346712 0.1001335 0.0837313 0.0877520 0.0726391 0.0882244 0.1302252 0.0122077 0.0680165 0.0883943 0.1325526 0.1196783 0.0950653 0.0847723 0.1093081 0.1337185 0.1047973 0.0870036 0.0904124 0.0291924 0.0815923 0.0805691 0.0633316 0.0201158 0.0177944 0.0337325 0.0866288 0.0553297 0.1113066 0.0723155 0.0569335 0.1248750 0.0635253 0.0757523 0.1168510 0.0866522 0.1303956 0.0109145 0.0826166 0.0709664 0.0221594 0.1308192 0.0646530 0.1448525 0.0601544 0.0639525 0.0778472 0.0849106 0.1299969 0.0860071 0.0727858 0.1089339 0.0569140 0.0693376 0.0853529 0.0791509 
S0288         0.5207241 0.2362877 0.2595684 0.4780885 0.2127338 0.2289900 0.0000000 0.2608620 0.2042977 0.2702313 0.2347015 0.3999587 0.1419412 0.1841711 0.2653845 0.1255855 0.4282882 0.3166058 0.1361274 0.2184755 0.2210389 0.2143677 0.2629363 0.2600069 0.2430216 0.2012216 0.2249597 0.2995274 0.1269270 0.5771194 0.2367563 0.2365454 0.1971874 0.1432758 0.2787406 0.2236811 0.2145679 0.2805449 0.2366097 0.2787707 0.2156437 0.2824219 0.1971002 0.1548592 0.2711121 0.2295125 0.1429301 0.4252237 0.2322986 0.2478135 0.2040656 0.2337368 0.1989812 0.2084837 0.2582840 0.2066186 0.2336418 0.2165457 0.3128392 1.8848152 0.2045776 0.3287475 0.1876489 0.2418769 0.2387393 0.2427288 0.0878999 0.2903327 0.2365788 0.2631909 0.3538581 0.2234135 0.2341882 0.2275804 0.2341037 0.2669731 0.1953401 0.1393318 0.2375731 0.2418026 0.2631394 0.2303564 0.2070306 0.2814032 0.2160413 0.2013447 0.2284568 0.2750452 0.2648606 0.2294882 0.1401072 0.1295976 0.2840759 0.1922765 0.1339571 0.1282933 0.2321645 0.1821894 0.2349694 0.2111362 0.2736944 0.2196976 0.2232665 0.2307011 0.2058769 0.1037727 0.2064824 0.1981213 0.2680147 0.2020197 0.2112025 0.1990761 0.2386451 0.2800170 0.2210408 0.2267301 0.2207968 0.2168808 0.2658232 0.1980429 0.3251543 0.2012809 0.2171828 0.2271868 0.2206931 0.2798546 0.2314959 0.2161398 0.2496618 0.1931680 0.2180313 0.2262535 0.2024323 
S0289         0.1933160 0.1225685 0.1099533 0.0481889 0.1259781 0.1249377 0.2608620 0.0000000 0.1242734 0.1247035 0.1411151 0.0427736 0.1213384 0.1334772 0.0547058 0.1144784 0.1353743 0.1406130 0.1069540 0.1294421 0.1243945 0.1117645 0.0472726 0.1438867 0.0567524 0.1158570 0.1263406 0.0514489 0.1084411 0.0432390 0.1294673 0.1446370 0.1197190 0.1193779 0.0580543 0.1135754 0.1131449 0.0590836 0.0687800 0.0907265 0.1232450 0.1128498 0.1175169 0.1053733 0.1599269 0.1370777 0.1274898 0.1366644 0.1128197 0.1334791 0.1120938 0.1231680 0.1126688 0.1182012 0.1472420 0.1260128 0.0823096 0.1307041 0.0991380 0.0949722 0.1153943 0.0484801 0.1269898 0.1288123 0.1392863 0.1298972 0.1231136 0.1323263 0.1136065 0.1531336 0.1770120 0.1451472 0.1055879 0.1257694 0.1249346 0.1448869 0.1101684 0.1720351 0.1630753 0.1375242 0.1257686 0.1274605 0.1439234 0.1555991 0.1149703 0.1287331 0.1324549 0.0579972 0.0884892 0.0617053 0.1154777 0.0529436 0.0708378 0.1220476 0.1155895 0.1145300 0.1267567 0.1179983 0.1351491 0.1275712 0.1094835 0.1137856 0.1184388 0.1470943 0.1219467 0.0852576 0.1238237 0.1139121 0.0487135 0.1293189 0.1226124 0.0398902 0.1151572 0.0914582 0.1144688 0.1418415 0.1246771 0.1217441 0.0485097 0.1301675 0.0886306 0.1188636 0.1211365 0.1255560 0.1407868 0.0952906 0.1261706 0.1230184 0.1431819 0.1025174 0.1283649 0.1378695 0.1283812 
S0292         0.2039697 0.0785977 0.0537393 0.1215734 0.0695457 0.0660676 0.2042977 0.1242734 0.0000000 0.0687295 0.0706491 0.1108283 0.0807467 0.0827800 0.1282924 0.0760963 0.0779065 0.0711472 0.0714241 0.0703889 0.0707169 0.0612689 0.1205072 0.1011331 0.1097157 0.0455873 0.0819019 0.1066848 0.0757174 0.0926030 0.0709667 0.0840406 0.0794878 0.0801124 0.1287201 0.0691453 0.0612612 0.1322834 0.1101070 0.1290800 0.0646488 0.0689447 0.0593892 0.0786911 0.1358574 0.0867366 0.0860926 0.0895134 0.0674926 0.0826643 0.0484930 0.0742320 0.0487341 0.0488040 0.0889102 0.0758257 0.1090269 0.0854675 0.1325885 0.1196434 0.0530168 0.1106440 0.0709171 0.0792225 0.0755589 0.0784490 0.0496778 0.0691646 0.0646415 0.1371316 0.0944159 0.0847001 0.0694902 0.0736553 0.0780677 0.1313698 0.0454618 0.1324858 0.0893230 0.0638005 0.0852234 0.0657238 0.0451426 0.1330422 0.0595047 0.0660854 0.0682264 0.1336085 0.1145065 0.0870728 0.0735306 0.0935737 0.1365765 0.0868757 0.0757090 0.0778358 0.0757874 0.0594969 0.0593227 0.0151398 0.0580123 0.0628163 0.0706995 0.0452486 0.0627700 0.1002890 0.0177021 0.0123396 0.1205128 0.0616260 0.0560127 0.1035647 0.0660989 0.1256029 0.0615495 0.0441591 0.0562876 0.0680365 0.1338939 0.0627537 0.1457490 0.0582878 0.0685411 0.0598984 0.0628846 0.1216052 0.0757095 0.0608952 0.0838641 0.0410960 0.0532748 0.0851504 0.0607000 
S0293         0.2288064 0.0516491 0.0641965 0.1352394 0.0776586 0.0202062 0.2702313 0.1247035 0.0687295 0.0000000 0.0683330 0.1172692 0.0910496 0.0842112 0.1366403 0.0871248 0.1155185 0.0890935 0.0672594 0.0679545 0.0258072 0.0239766 0.1154696 0.0892000 0.1143695 0.0686634 0.0770210 0.1177842 0.0870270 0.1054621 0.0824601 0.0886587 0.0884903 0.0882745 0.1255419 0.0316669 0.0258725 0.1345641 0.1207598 0.1415033 0.0663593 0.0202139 0.0750027 0.0769632 0.1521841 0.0813960 0.0982895 0.1435502 0.0277054 0.0913965 0.0663604 0.0258455 0.0666515 0.0670079 0.1072654 0.0912657 0.1085769 0.1048666 0.1568592 0.1380408 0.0663955 0.1031404 0.0794149 0.0890468 0.0860857 0.0898360 0.0481755 0.0737150 0.0756788 0.1519346 0.1084264 0.0975341 0.0695431 0.0771945 0.0916166 0.1514268 0.0621242 0.1335798 0.1008457 0.0770158 0.0900175 0.0751047 0.0874638 0.1407984 0.0182247 0.0601392 0.0939651 0.1395186 0.1277899 0.0943629 0.0844092 0.0000010 0.1354645 0.1012576 0.0892632 0.0895667 0.0416442 0.0800294 0.0820137 0.0646346 0.0258292 0.0220131 0.0355271 0.0941887 0.0624077 0.1160476 0.0793627 0.0561982 0.1238109 0.0582142 0.0725989 0.1142325 0.0778217 0.1320629 0.0184856 0.0929734 0.0711892 0.0279860 0.1373313 0.0578502 0.1578994 0.0538599 0.0699606 0.0822201 0.0800264 0.1232410 0.0814054 0.0776530 0.1031471 0.0515548 0.0688686 0.0791632 0.0838440 
S0294         0.2188134 0.0940727 0.0684254 0.1454420 0.0882939 0.0694348 0.2347015 0.1411151 0.0706491 0.0683330 0.0000000 0.1274746 0.1031085 0.1105913 0.1416034 0.0982807 0.0987600 0.0909962 0.0924112 0.0882773 0.0738925 0.0628557 0.1328533 0.1085215 0.1211437 0.0739766 0.0969785 0.1350748 0.0966618 0.1089836 0.0967818 0.0943279 0.0980585 0.1031831 0.1330625 0.0693595 0.0612606 0.1444416 0.1233955 0.1391096 0.0675112 0.0644232 0.0806777 0.0982289 0.1510702 0.0952159 0.1123171 0.1120101 0.0658986 0.1076921 0.0738300 0.0758020 0.0742110 0.0743267 0.1164146 0.0928120 0.1177695 0.1024981 0.1483073 0.1375136 0.0752629 0.1201661 0.0888811 0.1022917 0.0998563 0.1068808 0.0846598 0.0562573 0.0847116 0.1533335 0.1034320 0.1037842 0.0800044 0.1036698 0.1048547 0.1491458 0.0705914 0.1482221 0.1204909 0.0850518 0.1031821 0.0789885 0.0947161 0.1469371 0.0641219 0.0635841 0.0928968 0.1431549 0.1322003 0.1024664 0.0936447 0.1153536 0.1463680 0.1073183 0.0918207 0.0933755 0.0790072 0.0875061 0.0822110 0.0746543 0.0597460 0.0659414 0.0823351 0.0948017 0.0708590 0.1030494 0.0817850 0.0646947 0.1354529 0.0591146 0.0817940 0.1248812 0.0862077 0.1337603 0.0631868 0.0858154 0.0759655 0.0677646 0.1454064 0.0603210 0.1434987 0.0514088 0.0729277 0.0810800 0.0828027 0.1284557 0.0947943 0.0836438 0.1008298 0.0675576 0.0727496 0.1020244 0.0884987 
S0299         0.2062051 0.1137843 0.0989933 0.0648157 0.1322825 0.1111297 0.3999587 0.0427736 0.1108283 0.1172692 0.1274746 0.0000000 0.0978840 0.1151099 0.0505539 0.0923984 0.1379710 0.1651779 0.0960696 0.1254733 0.1112803 0.1078359 0.0595509 0.1228579 0.0592520 0.1045737 0.1217202 0.0537578 0.0949232 0.0625091 0.1257009 0.1208368 0.0963259 0.0985189 0.0534459 0.1141733 0.1107292 0.0791629 0.0597048 0.0929667 0.1083195 0.0831966 0.1203966 0.0954537 0.1655507 0.1199575 0.1077365 0.1326592 0.1042119 0.1298228 0.1075294 0.1218409 0.1052488 0.1115440 0.1235204 0.1351279 0.0720097 0.1303722 0.0615337 0.0998770 0.1070199 0.0829441 0.1234017 0.1224396 0.1305064 0.1234031 0.1104250 0.1167680 0.1175534 0.1555400 0.1292969 0.1327687 0.0767880 0.1231060 0.1299702 0.1444476 0.1076584 0.1243350 0.1273201 0.1200492 0.1289920 0.1196152 0.1347717 0.1551279 0.1043711 0.1241158 0.1256892 0.0703534 0.0828071 0.0613980 0.0953650 0.0467141 0.0793699 0.1108416 0.0967732 0.0983466 0.1210516 0.1018755 0.1376048 0.1120041 0.0996015 0.1080739 0.1205939 0.1288269 0.1040193 0.0625683 0.1168783 0.1078349 0.0591483 0.1251111 0.1198980 0.0478448 0.1171938 0.0842629 0.1051039 0.1171876 0.1223929 0.1171236 0.0564841 0.1303302 0.0766116 0.1206504 0.1004994 0.1267367 0.1441519 0.0959114 0.1232186 0.1062636 0.1246625 0.1053824 0.1233164 0.1365307 0.1227935 
S0303         0.1958275 0.0962738 0.0668722 0.1172228 0.0785478 0.0933769 0.1419412 0.1213384 0.0807467 0.0910496 0.1031085 0.0978840 0.0000000 0.0541693 0.1203114 0.0222095 0.0991334 0.1054903 0.0198882 0.0825255 0.0896550 0.0830086 0.1233470 0.1103161 0.0980295 0.0746099 0.0894216 0.1023324 0.0226668 0.0808186 0.0937257 0.1041082 0.0650711 0.0227003 0.1209606 0.0899311 0.0829964 0.1223688 0.1004216 0.1283287 0.0850309 0.0870054 0.0696103 0.0185971 0.1396041 0.0998992 0.0235427 0.1022396 0.0911111 0.1022898 0.0728338 0.0968043 0.0715676 0.0782091 0.1128591 0.0850644 0.1024905 0.0876848 0.1370973 0.0943379 0.0645220 0.1037901 0.0585937 0.1003706 0.0980482 0.0997747 0.0925154 0.0919599 0.0782635 0.1371762 0.1181103 0.0807706 0.0568612 0.0949261 0.1012692 0.1363739 0.0695794 0.1495418 0.1169972 0.0974665 0.0638350 0.0929320 0.0912037 0.1383942 0.0810688 0.0830879 0.0884667 0.1310177 0.1124525 0.0897513 0.0219661 0.1161889 0.1303894 0.0772039 0.0216097 0.0208227 0.0966924 0.0536251 0.0977286 0.0832656 0.0754462 0.0846386 0.0896368 0.1018706 0.0776962 0.1024215 0.0804944 0.0729575 0.1217249 0.0784884 0.0791771 0.1155130 0.0797526 0.1271786 0.0819054 0.0961663 0.0859431 0.0903150 0.1239870 0.0811533 0.1346870 0.0813768 0.0839486 0.0886590 0.1004610 0.1267542 0.0927086 0.0743619 0.1069684 0.0664034 0.0844460 0.0978590 0.0743663 
S0308         0.2183848 0.1049273 0.0713159 0.1353390 0.0927816 0.0950837 0.1841711 0.1334772 0.0827800 0.0842112 0.1105913 0.1151099 0.0541693 0.0000000 0.1318656 0.0561334 0.1190033 0.1004851 0.0524906 0.0775997 0.0948336 0.0864893 0.1215541 0.1190738 0.1186812 0.0831928 0.0894611 0.1211906 0.0521840 0.1189056 0.0923796 0.1116519 0.0770855 0.0589832 0.1327250 0.0882874 0.0864764 0.1403837 0.1182683 0.1352156 0.0905585 0.0802922 0.0849676 0.0524656 0.1496549 0.1073099 0.0622937 0.1191562 0.0929538 0.1009502 0.0813587 0.1004218 0.0801027 0.0869117 0.1205078 0.0909104 0.1166012 0.0984860 0.1433594 0.1194164 0.0728378 0.1041354 0.0754633 0.1007765 0.0917009 0.1001822 0.0874465 0.0855302 0.0902560 0.1491375 0.1209996 0.0968086 0.0656947 0.0918894 0.0999516 0.1468924 0.0780258 0.1485205 0.1095731 0.0980210 0.0774434 0.1017780 0.0969439 0.1498184 0.0845204 0.0933752 0.0954372 0.1341855 0.1264056 0.0993422 0.0576989 0.1244991 0.1329705 0.0928330 0.0567214 0.0546595 0.1020666 0.0685304 0.0977204 0.0800307 0.0731884 0.0881330 0.0930191 0.1040783 0.0881389 0.1083396 0.0840459 0.0733257 0.1259352 0.0887044 0.0845379 0.1224879 0.0919207 0.1335715 0.0887299 0.0949660 0.0896005 0.0937255 0.1320715 0.0934578 0.1534576 0.0883634 0.0891659 0.0885628 0.1026361 0.1271486 0.0841981 0.0779972 0.1166299 0.0716324 0.0914235 0.0961855 0.0862901 
S0320         0.2029568 0.1211401 0.1196765 0.0401110 0.1286447 0.1326514 0.2653845 0.0547058 0.1282924 0.1366403 0.1416034 0.0505539 0.1203114 0.1318656 0.0000000 0.1094784 0.1211106 0.1561990 0.1149811 0.1279938 0.1320685 0.1192194 0.0583313 0.1562004 0.0554847 0.1179665 0.1303835 0.0494868 0.1034358 0.0505310 0.1316654 0.1529100 0.1177406 0.1219880 0.0489954 0.1233470 0.1247225 0.0560578 0.0741613 0.0910199 0.1306880 0.1350154 0.1200683 0.1122813 0.1792685 0.1431657 0.1319367 0.1326499 0.1224041 0.1376089 0.1141743 0.1327396 0.1146867 0.1203361 0.1431641 0.1361008 0.0691362 0.1235942 0.0939389 0.0675749 0.1210649 0.0568710 0.1272081 0.1309974 0.1415495 0.1303303 0.1210986 0.1387826 0.1274524 0.1749207 0.1843393 0.1401841 0.1104819 0.1280393 0.1310853 0.1591348 0.1122334 0.1789554 0.1596616 0.1435037 0.1342992 0.1256958 0.1442672 0.1749300 0.1224594 0.1323393 0.1348821 0.0565544 0.0821244 0.0568572 0.1121799 0.0348150 0.0645240 0.1187771 0.1104782 0.1095290 0.1382006 0.1147462 0.1410736 0.1272691 0.1264521 0.1212890 0.1283968 0.1456483 0.1300047 0.0785234 0.1242191 0.1157942 0.0308190 0.1347339 0.1228942 0.0523344 0.1290340 0.0917837 0.1202015 0.1442164 0.1299058 0.1257774 0.0518684 0.1228874 0.0686117 0.1188194 0.1268207 0.1314096 0.1420423 0.0901506 0.1376687 0.1215725 0.1414818 0.1084411 0.1283294 0.1401292 0.1342419 
S0322         0.1893993 0.0915102 0.0650971 0.1149698 0.0738025 0.0885931 0.1255855 0.1144784 0.0760963 0.0871248 0.0982807 0.0923984 0.0222095 0.0561334 0.1094784 0.0000000 0.0996549 0.1015049 0.0184898 0.0778605 0.0849130 0.0783099 0.1164567 0.1050200 0.0930863 0.0715607 0.0814139 0.0955945 0.0069064 0.0769568 0.0907181 0.0955875 0.0636052 0.0287724 0.1122753 0.0851093 0.0782987 0.1153536 0.0917348 0.1177015 0.0803003 0.0830733 0.0697626 0.0186555 0.1289132 0.0931463 0.0324221 0.1089556 0.0863686 0.0992633 0.0697977 0.0919956 0.0685227 0.0735375 0.1062324 0.0836444 0.0906239 0.0863434 0.1277076 0.0846992 0.0631757 0.1020060 0.0587220 0.0973534 0.0916950 0.0967281 0.0820490 0.0879981 0.0817147 0.1282542 0.1140680 0.0826048 0.0509570 0.0850962 0.0912396 0.1257046 0.0665579 0.1302897 0.1050466 0.0926996 0.0663055 0.0881712 0.0865342 0.1276784 0.0763990 0.0764658 0.0919602 0.1240303 0.1056791 0.0811083 0.0085813 0.0942826 0.1233505 0.0709817 0.0084480 0.0067901 0.0936195 0.0553160 0.0929486 0.0768069 0.0715700 0.0799303 0.0848956 0.0971037 0.0762780 0.0869014 0.0758593 0.0683418 0.1148405 0.0734935 0.0761212 0.1075370 0.0832111 0.1201531 0.0788159 0.0913910 0.0812437 0.0855362 0.1152115 0.0762205 0.1261472 0.0732017 0.0792812 0.0855242 0.0956181 0.1180922 0.0864177 0.0730160 0.1020250 0.0618416 0.0797483 0.0897396 0.0762378 
S0335         0.2187553 0.1181452 0.0671142 0.1348443 0.0968947 0.1131349 0.4282882 0.1353743 0.0779065 0.1155185 0.0987600 0.1379710 0.0991334 0.1190033 0.1211106 0.0996549 0.0000000 0.0666279 0.0997042 0.0985750 0.1063229 0.1028847 0.1385279 0.1244739 0.1234951 0.0778121 0.0983355 0.1260704 0.1031376 0.1045262 0.1147144 0.1085818 0.0996970 0.0966404 0.1213998 0.1154793 0.1057918 0.1373551 0.1158546 0.1596029 0.0966459 0.0991247 0.0809365 0.1027924 0.1412055 0.1184524 0.1059253 0.1091173 0.0992802 0.1208932 0.0748470 0.1232867 0.0753709 0.0783762 0.1066954 0.1135753 0.1279244 0.1007595 0.1200145 0.1325518 0.0803812 0.1215987 0.0983213 0.1217585 0.1195568 0.1266472 0.1233965 0.0996505 0.0806121 0.1380714 0.0825741 0.0994578 0.0784818 0.1146461 0.1287353 0.1323963 0.0749342 0.1756432 0.1365056 0.0713516 0.0833569 0.0993572 0.1007077 0.1392433 0.0933664 0.0840014 0.0714130 0.1434835 0.1398840 0.1235505 0.0965850 0.1187203 0.1467550 0.1089417 0.0919221 0.0996079 0.1160973 0.0685653 0.0568624 0.0700072 0.0831390 0.1027987 0.1156565 0.1080407 0.0901269 0.1415739 0.0807607 0.0664956 0.1320441 0.0787505 0.0864914 0.1309437 0.0803746 0.1495913 0.0968124 0.0872310 0.0378711 0.1086688 0.1397364 0.0807605 0.1432181 0.0783703 0.0955760 0.0464420 0.0325648 0.1594040 0.1128964 0.0740958 0.1184192 0.0602611 0.0434452 0.1169449 0.0917728 
S0345         0.2195581 0.0891513 0.0689859 0.1412260 0.0867520 0.0799037 0.3166058 0.1406130 0.0711472 0.0890935 0.0909962 0.1651779 0.1054903 0.1004851 0.1561990 0.1015049 0.0666279 0.0000000 0.0880755 0.0953534 0.0888288 0.0781317 0.1417780 0.1188181 0.1273070 0.0735528 0.1053209 0.1220629 0.1017320 0.1122389 0.0856589 0.1033519 0.1035328 0.1105359 0.1408539 0.0798214 0.0759652 0.1459130 0.1292381 0.1453310 0.0828006 0.0871789 0.0843598 0.0956879 0.1523766 0.0955568 0.1154971 0.1184838 0.0844832 0.0947529 0.0711942 0.0889818 0.0715109 0.0697271 0.1134084 0.0938105 0.1315117 0.1148414 0.1634829 0.1445233 0.0689911 0.1262861 0.0983749 0.0946576 0.0868904 0.1000949 0.0600837 0.0803296 0.0848457 0.1572368 0.0984458 0.1054763 0.0922851 0.0779125 0.0923678 0.1545944 0.0668769 0.1658344 0.1065267 0.0574945 0.1045460 0.0872189 0.0879949 0.1526414 0.0754706 0.0717356 0.0813279 0.1457392 0.1414397 0.1027298 0.0999007 0.0000010 0.1452840 0.1089729 0.1018130 0.1040655 0.0962225 0.0923351 0.0220738 0.0717256 0.0755904 0.0756778 0.0780428 0.1012717 0.0870195 0.1125959 0.0818718 0.0563085 0.1452962 0.0697619 0.0775404 0.1210770 0.0870361 0.1384103 0.0740859 0.0935455 0.0478864 0.0875921 0.1487569 0.0738051 0.1805357 0.0609809 0.0864449 0.0279770 0.0497776 0.1322839 0.0914359 0.0825463 0.1000906 0.0561528 0.0457526 0.1070067 0.0845190 
S0355         0.2057706 0.0853701 0.0562209 0.1253746 0.0640093 0.0772789 0.1361274 0.1069540 0.0714241 0.0672594 0.0924112 0.0960696 0.0198882 0.0524906 0.1149811 0.0184898 0.0997042 0.0880755 0.0000000 0.0783445 0.0754419 0.0687993 0.1102101 0.1006397 0.0889501 0.0685944 0.0803286 0.0996997 0.0201443 0.0781383 0.0844872 0.0915286 0.0605263 0.0232256 0.1098843 0.0755024 0.0687906 0.1114522 0.0963848 0.1235965 0.0758499 0.0653877 0.0619515 0.0046117 0.1369755 0.0871747 0.0273792 0.1028290 0.0752416 0.0931285 0.0668042 0.0825278 0.0654908 0.0705950 0.1017237 0.0791829 0.0970277 0.0836627 0.1297434 0.1006215 0.0585046 0.0884989 0.0586962 0.0894608 0.0890620 0.0905111 0.0858703 0.0767508 0.0703062 0.1363543 0.1007560 0.0761569 0.0397975 0.0821472 0.0883699 0.1336518 0.0635044 0.1428688 0.1042523 0.0866958 0.0573327 0.0836609 0.0788933 0.1334295 0.0669112 0.0771719 0.0826573 0.1204817 0.1056157 0.0838846 0.0222526 0.1180057 0.1170162 0.0696562 0.0219757 0.0199512 0.0841671 0.0536517 0.0868752 0.0723224 0.0563431 0.0704320 0.0770646 0.0911913 0.0701381 0.0912359 0.0696786 0.0620312 0.1127779 0.0724781 0.0715805 0.1004858 0.0718203 0.1223967 0.0692539 0.0818286 0.0750387 0.0760029 0.1150345 0.0769171 0.1295739 0.0721941 0.0731996 0.0756608 0.0895183 0.1198935 0.0836897 0.0684407 0.0971165 0.0536877 0.0735154 0.0854679 0.0700876 
S0376         0.2041846 0.0850884 0.0640544 0.1237574 0.0861132 0.0755914 0.2184755 0.1294421 0.0703889 0.0679545 0.0882773 0.1254733 0.0825255 0.0775997 0.1279938 0.0778605 0.0985750 0.0953534 0.0783445 0.0000000 0.0736658 0.0657799 0.1238039 0.1064262 0.1115747 0.0722583 0.0336391 0.1147939 0.0742004 0.0956291 0.0894651 0.0960409 0.0926304 0.0850327 0.1268496 0.0723212 0.0657714 0.1324242 0.1157482 0.1308806 0.0742813 0.0640696 0.0803694 0.0808404 0.1545254 0.0918699 0.0912289 0.1141234 0.0735299 0.1017722 0.0705115 0.0772643 0.0708733 0.0710288 0.1158205 0.0894247 0.1090738 0.0900390 0.1349817 0.0949317 0.0671362 0.1049928 0.0774158 0.0998645 0.0975614 0.0992669 0.0820114 0.0887018 0.0823124 0.1540458 0.1125528 0.0881959 0.0754436 0.0978616 0.1078024 0.1537702 0.0673034 0.1562284 0.1104577 0.0866573 0.0872860 0.0784241 0.0905591 0.1526419 0.0671059 0.0771326 0.0841842 0.1318897 0.1169411 0.0943235 0.0773797 0.1003299 0.1271422 0.0985478 0.0760556 0.0747279 0.0804084 0.0675895 0.0837658 0.0676195 0.0574272 0.0673364 0.0626835 0.0860136 0.0719638 0.1061200 0.0749148 0.0581803 0.1239214 0.0741217 0.0767856 0.1182676 0.0837924 0.1273975 0.0677812 0.0821052 0.0707033 0.0726220 0.1280571 0.0689345 0.1386216 0.0674725 0.0699753 0.0813086 0.0861227 0.1233871 0.0833315 0.0753280 0.0974365 0.0626490 0.0756007 0.0379549 0.0800944 
S0400         0.1936806 0.0454707 0.0620034 0.1251859 0.0850430 0.0163389 0.2210389 0.1243945 0.0707169 0.0258072 0.0738925 0.1112803 0.0896550 0.0948336 0.1320685 0.0849130 0.1063229 0.0888288 0.0754419 0.0736658 0.0000000 0.0163436 0.1205369 0.0876826 0.1097316 0.0676900 0.0804123 0.1113646 0.0831161 0.1021769 0.0809324 0.0823534 0.0931640 0.0893053 0.1254045 0.0277123 0.0191215 0.1328086 0.1142424 0.1333350 0.0582671 0.0164430 0.0709492 0.0814176 0.1347121 0.0818269 0.0985658 0.1159796 0.0232867 0.0929581 0.0659643 0.0191271 0.0663020 0.0664460 0.1065892 0.0898608 0.1108532 0.1028503 0.1335360 0.1138523 0.0627359 0.1006776 0.0828189 0.0911034 0.0926552 0.0904298 0.0712555 0.0735316 0.0847986 0.1359795 0.1081048 0.0938953 0.0672801 0.0890271 0.0986721 0.1338631 0.0643738 0.1338987 0.1035251 0.0852560 0.0898112 0.0723480 0.0930353 0.1334964 0.0121635 0.0677447 0.0880356 0.1299741 0.1156077 0.0911402 0.0828281 0.1010627 0.1330189 0.1043595 0.0868170 0.0867077 0.0306162 0.0828884 0.0837563 0.0664257 0.0219523 0.0177292 0.0365147 0.0914273 0.0597177 0.1080455 0.0770102 0.0615257 0.1224868 0.0632719 0.0754481 0.1203685 0.0862955 0.1261581 0.0108756 0.0874290 0.0741039 0.0192598 0.1302453 0.0643964 0.1392548 0.0599161 0.0606215 0.0810389 0.0881605 0.1257722 0.0840091 0.0724936 0.1122746 0.0566899 0.0724643 0.0850068 0.0756191 
S0405         0.1931792 0.0410150 0.0519214 0.1248692 0.0751717 0.0164036 0.2143677 0.1117645 0.0612689 0.0239766 0.0628557 0.1078359 0.0830086 0.0864893 0.1192194 0.0783099 0.1028847 0.0781317 0.0687993 0.0657799 0.0163436 0.0000000 0.1098125 0.0810804 0.0974876 0.0598641 0.0691790 0.1065826 0.0764270 0.0977349 0.0712251 0.0726412 0.0798811 0.0858489 0.1144823 0.0192131 0.0080645 0.1215642 0.1050237 0.1239705 0.0520888 0.0183531 0.0614692 0.0740613 0.1364361 0.0721834 0.0917727 0.1124518 0.0149253 0.0829770 0.0566312 0.0177466 0.0584766 0.0586019 0.0961923 0.0763458 0.1002536 0.0944163 0.1257093 0.1142021 0.0565192 0.0916243 0.0730505 0.0811749 0.0827096 0.0804149 0.0569674 0.0631076 0.0749569 0.1322563 0.0992970 0.0870481 0.0590198 0.0790104 0.0883600 0.1319311 0.0550516 0.1309505 0.0927603 0.0755285 0.0789888 0.0628653 0.0832042 0.1315696 0.0094267 0.0614361 0.0751168 0.1227096 0.1066436 0.0823188 0.0759204 0.1010627 0.1219187 0.0942070 0.0782246 0.0800718 0.0191687 0.0729334 0.0740461 0.0601226 0.0164072 0.0094557 0.0292668 0.0816251 0.0504799 0.1003808 0.0674543 0.0522169 0.1117088 0.0553939 0.0659191 0.1036973 0.0764419 0.1186367 0.0109182 0.0776083 0.0645667 0.0136663 0.1174361 0.0550685 0.1320183 0.0506434 0.0544821 0.0713217 0.0782507 0.1165480 0.0743131 0.0645303 0.1015576 0.0474977 0.0629635 0.0753086 0.0692197 
S0407sl       0.2000455 0.1264309 0.1065249 0.0543844 0.1275803 0.1229054 0.2629363 0.0472726 0.1205072 0.1154696 0.1328533 0.0595509 0.1233470 0.1215541 0.0583313 0.1164567 0.1385279 0.1417780 0.1102101 0.1238039 0.1205369 0.1098125 0.0000000 0.1447234 0.0685041 0.1085522 0.1279024 0.0600053 0.1103735 0.0618138 0.1339697 0.1417260 0.1157763 0.1213667 0.0552297 0.1151286 0.1151888 0.0657476 0.0797036 0.0967840 0.1241683 0.1117705 0.1176743 0.1132595 0.1652912 0.1384371 0.1313045 0.1413625 0.1129564 0.1373277 0.1083411 0.1229845 0.1106378 0.1161913 0.1496854 0.1298519 0.0897361 0.1328458 0.1019176 0.1128716 0.1134199 0.0591115 0.1195034 0.1356612 0.1452442 0.1387296 0.1186514 0.1229902 0.1213850 0.1606819 0.1724241 0.1457180 0.1045885 0.1410303 0.1441052 0.1541197 0.1064374 0.1677182 0.1565626 0.1317677 0.1279410 0.1253288 0.1454954 0.1566466 0.1095100 0.1296314 0.1282217 0.0616016 0.0894335 0.0656446 0.1177254 0.0290413 0.0783301 0.1258883 0.1195121 0.1164763 0.1247138 0.1125247 0.1367157 0.1273742 0.1038265 0.1118190 0.1240863 0.1399928 0.1239415 0.0833237 0.1165373 0.1138623 0.0505403 0.1248289 0.1187712 0.0328632 0.1229521 0.0920614 0.1124883 0.1381344 0.1229774 0.1161503 0.0630420 0.1202890 0.0892300 0.1127677 0.1152523 0.1211425 0.1336371 0.0942265 0.1313716 0.1209967 0.1401525 0.1021981 0.1250120 0.1357643 0.1227308 
S0412sl       0.2106257 0.1014988 0.0853045 0.1404410 0.1141772 0.0860596 0.2600069 0.1438867 0.1011331 0.0892000 0.1085215 0.1228579 0.1103161 0.1190738 0.1562004 0.1050200 0.1244739 0.1188181 0.1006397 0.1064262 0.0876826 0.0810804 0.1447234 0.0000000 0.1318973 0.0918707 0.1046987 0.1260482 0.0996354 0.0997437 0.1171191 0.0847766 0.1232128 0.1122310 0.1524840 0.0843618 0.0826745 0.1573963 0.1436928 0.1511017 0.0767493 0.0804001 0.1055107 0.1032278 0.1736140 0.0644601 0.1142536 0.1375847 0.0842315 0.1304392 0.0899790 0.0947757 0.0904590 0.0957080 0.1402191 0.1172505 0.1332178 0.1330710 0.1509452 0.1134388 0.0962018 0.1284681 0.1044318 0.1211323 0.1198734 0.1207164 0.1204970 0.1044190 0.1102273 0.1673697 0.1378286 0.1220565 0.0982166 0.1193933 0.1245267 0.1708951 0.0865695 0.1855531 0.1439825 0.1175308 0.1158359 0.1052683 0.1237501 0.1764601 0.0824080 0.0948439 0.1185598 0.1551982 0.1474919 0.1164322 0.1001958 0.1369759 0.1531693 0.1202293 0.1002975 0.1052293 0.0909532 0.1069816 0.1120620 0.0988262 0.0820631 0.0827000 0.0946964 0.1178169 0.0899432 0.1498803 0.1061658 0.0950830 0.1517172 0.0935276 0.0983194 0.1452974 0.1117763 0.1435763 0.0796523 0.1197702 0.1055587 0.0850058 0.1539648 0.0949244 0.1603452 0.0935587 0.0791249 0.1002692 0.1133975 0.1452621 0.1117672 0.0999553 0.1357614 0.0883552 0.1037692 0.1155108 0.1067934 
S0417         0.1907177 0.1096551 0.0930907 0.0485427 0.1002454 0.1102024 0.2430216 0.0567524 0.1097157 0.1143695 0.1211437 0.0592520 0.0980295 0.1186812 0.0554847 0.0930863 0.1234951 0.1273070 0.0889501 0.1115747 0.1097316 0.0974876 0.0685041 0.1318973 0.0000000 0.0962120 0.1084896 0.0471757 0.0890088 0.0395278 0.1134584 0.1247638 0.0963649 0.1029775 0.0508716 0.1027686 0.1027241 0.0627172 0.0491529 0.0761407 0.1102393 0.1020483 0.0924376 0.0856739 0.1684971 0.1182810 0.1073717 0.1196223 0.1042794 0.1194564 0.0926300 0.1102705 0.0913442 0.0983784 0.1334491 0.1072257 0.0541715 0.1171560 0.0792351 0.0724736 0.0938663 0.0574094 0.0998549 0.1204641 0.1223081 0.1161517 0.1021688 0.1225035 0.1018137 0.1657166 0.1572309 0.1236340 0.0887356 0.1116948 0.1089754 0.1550581 0.0908040 0.1706656 0.1412640 0.1188612 0.1143573 0.1096723 0.1195559 0.1637292 0.1006353 0.1198813 0.1233293 0.0519169 0.0688016 0.0436705 0.0947892 0.0409875 0.0682347 0.1061893 0.0951664 0.0947882 0.1137825 0.0948220 0.1148363 0.1088402 0.0995785 0.0994216 0.1097058 0.1288307 0.1044306 0.0512308 0.1111113 0.0980328 0.0507600 0.1148698 0.1009876 0.0660491 0.1033573 0.0730305 0.0982741 0.1249135 0.1063023 0.1070569 0.0553220 0.1065807 0.0641717 0.1014549 0.1110094 0.1035460 0.1200000 0.0747409 0.1171864 0.0956559 0.1188192 0.0892414 0.1082333 0.1196913 0.1061988 
S0419         0.1694679 0.0708031 0.0109039 0.1118898 0.0551914 0.0695841 0.2012216 0.1158570 0.0455873 0.0686634 0.0739766 0.1045737 0.0746099 0.0831928 0.1179665 0.0715607 0.0778121 0.0735528 0.0685944 0.0722583 0.0676900 0.0598641 0.1085522 0.0918707 0.0962120 0.0000000 0.0789947 0.1003435 0.0679468 0.0693844 0.0712975 0.0874082 0.0780796 0.0770959 0.1203811 0.0631974 0.0598565 0.1148580 0.1056347 0.1061672 0.0616365 0.0647384 0.0486124 0.0719219 0.1231603 0.0839285 0.0815601 0.0931277 0.0644334 0.0830552 0.0067400 0.0728125 0.0040363 0.0081213 0.0890240 0.0583254 0.0954221 0.0790843 0.1149612 0.1018408 0.0456168 0.0943412 0.0679685 0.0812522 0.0759115 0.0804927 0.0571911 0.0652962 0.0552523 0.1261685 0.0915769 0.0800442 0.0609393 0.0758024 0.0800029 0.1187115 0.0040264 0.1224984 0.0897692 0.0704502 0.0701182 0.0644620 0.0745643 0.1224769 0.0581058 0.0646722 0.0637310 0.1178808 0.1014505 0.0721523 0.0707395 0.0876643 0.1242876 0.0838776 0.0712166 0.0716987 0.0743676 0.0565545 0.0644544 0.0552324 0.0539279 0.0599333 0.0692886 0.0731320 0.0597334 0.0911960 0.0592713 0.0426810 0.1104495 0.0602109 0.0163828 0.0963298 0.0566965 0.1027961 0.0618171 0.0691806 0.0567245 0.0666179 0.1252164 0.0582458 0.1269133 0.0568819 0.0640248 0.0602932 0.0632664 0.0972757 0.0745522 0.0503277 0.0873960 0.0351195 0.0551527 0.0838663 0.0517074 
S0427         0.2029887 0.0953623 0.0752228 0.1262905 0.0966149 0.0807390 0.2249597 0.1263406 0.0819019 0.0770210 0.0969785 0.1217202 0.0894216 0.0894611 0.1303835 0.0814139 0.0983355 0.1053209 0.0803286 0.0336391 0.0804123 0.0691790 0.1279024 0.1046987 0.1084896 0.0789947 0.0000000 0.1174088 0.0794828 0.0880871 0.0910290 0.1015261 0.0929686 0.0904932 0.1310913 0.0774185 0.0707617 0.1345347 0.1199856 0.1342759 0.0791092 0.0730697 0.0855860 0.0809777 0.1603710 0.0971561 0.0983090 0.1200862 0.0786198 0.1033714 0.0740008 0.0840418 0.0776036 0.0777765 0.1151816 0.1015825 0.1094885 0.0982163 0.1410397 0.1008803 0.0753099 0.1133289 0.0842080 0.1014566 0.1028917 0.1008737 0.0866931 0.1030343 0.0925895 0.1561184 0.1255802 0.0950471 0.0761186 0.1032965 0.1095879 0.1540047 0.0739336 0.1559377 0.1107720 0.0985968 0.0875981 0.0885316 0.1046265 0.1548362 0.0720981 0.0822985 0.0893863 0.1362166 0.1245605 0.0998044 0.0811114 0.0852238 0.1369252 0.1024350 0.0814362 0.0799075 0.0856240 0.0793579 0.0923458 0.0824612 0.0661844 0.0723482 0.0723512 0.1011644 0.0819045 0.1038504 0.0881349 0.0709600 0.1298925 0.0792576 0.0835634 0.1144995 0.0940881 0.1258349 0.0728291 0.0956662 0.0789988 0.0777441 0.1285721 0.0771685 0.1361912 0.0708035 0.0798133 0.0882630 0.0948208 0.1270655 0.0867565 0.0836981 0.1026039 0.0691442 0.0840088 0.0395478 0.0885574 
S0428sl       0.1990016 0.1066588 0.0941486 0.0545893 0.1155116 0.1187355 0.2995274 0.0514489 0.1066848 0.1177842 0.1350748 0.0537578 0.1023324 0.1211906 0.0494868 0.0955945 0.1260704 0.1220629 0.0996997 0.1147939 0.1113646 0.1065826 0.0600053 0.1260482 0.0471757 0.1003435 0.1174088 0.0000000 0.0961463 0.0407515 0.1204302 0.1252088 0.1024442 0.1022962 0.0515424 0.1112395 0.1087268 0.0607868 0.0491280 0.0876256 0.1067629 0.1038748 0.1002771 0.1008779 0.1538750 0.1248884 0.1119695 0.1413893 0.1018547 0.1355760 0.0955146 0.1239223 0.0961448 0.1055838 0.1164396 0.1178276 0.0605534 0.1171884 0.0852725 0.0671604 0.0990745 0.0614501 0.1113715 0.1180162 0.1212309 0.1187081 0.1092795 0.1212888 0.1050692 0.1460231 0.1333047 0.1118454 0.0801045 0.1112577 0.1215364 0.1408597 0.0955990 0.1587213 0.1425750 0.1233495 0.1038900 0.1131778 0.1262917 0.1497381 0.1062622 0.1190691 0.1105224 0.0556440 0.0713081 0.0503283 0.1082746 0.0414418 0.0709242 0.1042380 0.1055491 0.1042437 0.1262377 0.0971014 0.1173047 0.1055898 0.0959552 0.1044265 0.1182708 0.1317832 0.1088305 0.0697131 0.1040736 0.0979409 0.0559032 0.1151462 0.1046502 0.0521194 0.1070972 0.0811489 0.1072615 0.1215165 0.1062919 0.1088201 0.0661911 0.1164451 0.0623501 0.1042746 0.1101786 0.1048174 0.1216810 0.0792598 0.1108378 0.1014485 0.1273851 0.0890263 0.1115850 0.1299850 0.1103356 
S0430         0.1974259 0.0914495 0.0623352 0.1175269 0.0702017 0.0868381 0.1269270 0.1084411 0.0757174 0.0870270 0.0966618 0.0949232 0.0226668 0.0521840 0.1034358 0.0069064 0.1031376 0.1017320 0.0201443 0.0742004 0.0831161 0.0764270 0.1103735 0.0996354 0.0890088 0.0679468 0.0794828 0.0961463 0.0000000 0.0725853 0.0907048 0.0939216 0.0633630 0.0260623 0.1077897 0.0833107 0.0764150 0.1091854 0.0875008 0.1136364 0.0784365 0.0828850 0.0677819 0.0204579 0.1310199 0.0894296 0.0330994 0.1125329 0.0845943 0.0993945 0.0661758 0.0902847 0.0648729 0.0699241 0.1064864 0.0801144 0.0884019 0.0846937 0.1209086 0.0839829 0.0611201 0.0915530 0.0581928 0.0974517 0.0898197 0.0968171 0.0766436 0.0879190 0.0763951 0.1303667 0.1176346 0.0787345 0.0520001 0.0884279 0.0927295 0.1277600 0.0629095 0.1314784 0.1071150 0.0910151 0.0682589 0.0827350 0.0847901 0.1302691 0.0744981 0.0764895 0.0884918 0.1181486 0.1016230 0.0770477 0.0086372 0.1011755 0.1172115 0.0725298 0.0085160 0.0082894 0.0919313 0.0565389 0.0912633 0.0749017 0.0711323 0.0780679 0.0830987 0.0954875 0.0709471 0.0836683 0.0739643 0.0663386 0.1087842 0.0734578 0.0725616 0.1007874 0.0779074 0.1142338 0.0769286 0.0896830 0.0794056 0.0837350 0.1091336 0.0762398 0.1196245 0.0731603 0.0739778 0.0851337 0.0921960 0.1138114 0.0845446 0.0694428 0.1020264 0.0597619 0.0778874 0.0862120 0.0725660 
